Clusters/NGC_6531/NGC_6531_members.tsv
# %ECSV 1.0
# ---
# datatype:
# - name: RA_ICRS_1
#   unit: deg
#   datatype: float64
#   format: '{:15.11f}'
#   description: Right ascension (ICRS) at Ep=2016.0 (ra)
#   meta: !!omap
#   - {ucd: POS_EQ_RA_MAIN}
#   - {width: 15}
#   - {precision: '11'}
# - name: DE_ICRS_1
#   unit: deg
#   datatype: float64
#   format: '{:15.11f}'
#   description: Declination (ICRS) at Ep=2016.0 (dec)
#   meta: !!omap
#   - {ucd: POS_EQ_DEC_MAIN}
#   - {width: 15}
#   - {precision: '11'}
# - name: e_RA_ICRS
#   unit: mas
#   datatype: float64
#   format: '{:7.4f}'
#   description: Standard error of right ascension (ra_error)
#   meta: !!omap
#   - {ucd: ERROR}
#   - {width: 7}
#   - {precision: '4'}
# - name: e_DE_ICRS
#   unit: mas
#   datatype: float64
#   format: '{:7.4f}'
#   description: Standard error of declination (dec_error)
#   meta: !!omap
#   - {ucd: ERROR}
#   - {width: 7}
#   - {precision: '4'}
# - name: _r_1
#   unit: ''
#   datatype: float64
#   format: '{:7.4f}'
#   description: Distance from center (271.03120737000-22.51499443000)[ICRS], at Epoch=J2016.0
#   meta: !!omap
#   - {ucd: POS_ANG_DIST_GENERAL}
#   - {width: 7}
#   - {precision: '4'}
# - name: HIP
#   datatype: int32
#   description: '? HIP cross-id number, van Leeuwen, Cat. I/311 (hip_original_ext_source_id)'
#   meta: !!omap
#   - {ucd: ID_NUMBER}
#   - {width: 6}
#   - values: {'null': -2147483648}
# - name: TYC2
#   datatype: string
#   description: Tycho-2 cross-id name, Hog et al., Cat. I/259 (tyc2_original_ext_source_id)
#   meta: !!omap
#   - {ucd: ID_CROSSID}
#   - {_votable_string_dtype: char}
# - name: Source
#   datatype: int64
#   description: Source identifier, identical to the Gaia-EDR3 source_id (id)
#   meta: !!omap
#   - {ucd: ID_MAIN}
#   - {width: 19}
# - name: rgeo
#   unit: pc
#   datatype: float64
#   format: '{:15.8f}'
#   description: '? Median of the geometric distance posterior (r_med_geo)'
#   meta: !!omap
#   - {ucd: PHYS_DISTANCE_TRUE}
#   - {width: 15}
#   - {precision: '8'}
#   - values: {'null': .nan}
# - name: Plx
#   unit: mas
#   datatype: float64
#   format: '{:9.4f}'
#   description: '? Parallax (parallax)'
#   meta: !!omap
#   - {ucd: POS_PARLX_TRIG}
#   - {width: 9}
#   - {precision: '4'}
#   - values: {'null': .nan}
# - name: e_Plx
#   unit: mas
#   datatype: float32
#   format: '{:7.4f}'
#   description: '? Standard error of parallax (parallax_error)'
#   meta: !!omap
#   - {ucd: ERROR}
#   - {width: 7}
#   - {precision: '4'}
#   - values: {'null': .nan}
# - name: pmRA
#   unit: mas / yr
#   datatype: float64
#   format: '{:9.3f}'
#   description: '? Proper motion in right ascension direction, pmRA*cosDE (pmra)'
#   meta: !!omap
#   - {ucd: POS_EQ_PMRA}
#   - {width: 9}
#   - {precision: '3'}
#   - values: {'null': .nan}
# - name: pmDE
#   unit: mas / yr
#   datatype: float64
#   format: '{:9.3f}'
#   description: '? Proper motion in declination direction (pmdec)'
#   meta: !!omap
#   - {ucd: POS_EQ_PMDEC}
#   - {width: 9}
#   - {precision: '3'}
#   - values: {'null': .nan}
# - name: e_pmRA
#   unit: mas / yr
#   datatype: float32
#   format: '{:6.3f}'
#   description: '? Standard error of proper motion in right ascension direction (pmra_error)'
#   meta: !!omap
#   - {ucd: ERROR}
#   - {width: 6}
#   - {precision: '3'}
#   - values: {'null': .nan}
# - name: e_pmDE
[...]
#       distance: !astropy.table.SerializedColumn
#         __class__: astropy.coordinates.distances.Distance
#         unit: !astropy.units.Unit {unit: pc}
#         value: !astropy.table.SerializedColumn {name: SkyCoord.distance}
#       frame: icrs
#       obstime: !astropy.time.Time {format: jyear_str, in_subfmt: '*', jd1: 367701545.0, jd2: 0.0, out_subfmt: '*', precision: 3, scale: tt}
#       pm_dec: !astropy.table.SerializedColumn
#         __class__: astropy.units.quantity.Quantity
#         unit: !astropy.units.Unit {unit: mas / yr}
#         value: !astropy.table.SerializedColumn {name: SkyCoord.pm_dec}
#       pm_ra_cosdec: !astropy.table.SerializedColumn
#         __class__: astropy.units.quantity.Quantity
#         unit: !astropy.units.Unit {unit: mas / yr}
#         value: !astropy.table.SerializedColumn {name: SkyCoord.pm_ra_cosdec}
#       ra: !astropy.table.SerializedColumn
#         __class__: astropy.coordinates.angles.Longitude
#         unit: *id001
#         value: !astropy.table.SerializedColumn {name: SkyCoord.ra}
#         wrap_angle: !astropy.coordinates.Angle
#           unit: *id001
#           value: 360.0
#       representation_type: spherical
# schema: astropy-2.0
RA_ICRS_1 DE_ICRS_1 e_RA_ICRS e_DE_ICRS _r_1 HIP TYC2 Source rgeo Plx e_Plx pmRA pmDE e_pmRA e_pmDE RUWE Teff logg Gmag BP-RP BPmag RPmag RV e_RV b_rgeo B_rgeo FG e_FG FBP e_FBP FRP e_FRP RAVE5 RAVE6 e_Gmag e_BPmag e_RPmag e_BP-RP SkyCoord.ra SkyCoord.dec SkyCoord.distance SkyCoord.pm_ra_cosdec SkyCoord.pm_dec rmRA rmDE e_rmRA e_rmDE rRV e_rRV v_pec v_pec3d e_vpec e_vpec3d Pmemb
[from data line 60]
271.05203816276 -22.52334309642 0.031 0.0245 1.2585 "" "" 4069664139290241920 991.854065 0.9692 0.0332 0.621 -1.327 0.046 0.031 1.344 5297.7 4.1702 14.599152 1.384711 15.21766 13.832949 40.67 16.37 959.896301 1023.33545 27244.95114 44.243 11178.0 58.926 23226.0 84.049 "" "" 0.0032711458653868607 0.0063674427 0.0054516783 0.0118191205 271.05203816276 -22.52334309642 991.854065 0.6210000000000007 -1.3270000000000017 0.07452578163146972 0.15590717601776127 0.17357825 0.15857825 58.57076923076923 19.741747 0.8124175725522806 58.57640336002387 0.13118409128244415 19.739848140579387 0.9
270.9416440124 -22.56485938174 0.0236 0.0194 5.7953 "" "" 4069666647551463040 1152.71216 0.8213 0.025 0.664 -1.483 0.035 0.023 0.99 5097.5 4.0939 14.63131 1.436933 15.275421 13.838489 "" "" 1114.39331 1192.11694 26449.83297 44.011 10599.0 57.18 23108.0 116.68 "" "" 0.0032947840950139024 0.0064879865 0.006658733 0.013146719 270.9416440124 -22.56485938174 1152.71216 0.6639999999999999 -1.4830000000000005 0.11752578163146976 -9.282398223886545e-05 0.16257824 0.15057825 "" "" 0.6421441049131498 "" 0.1043986537973673 "" 0.9
270.82000287932 -22.6041979051 0.0251 0.0211 12.8684 "" "" 4069660939516724608 1338.53516 0.706 0.0253 0.705 -2.484 0.031 0.022 0.983 "" "" 14.681883 1.363366 15.28414 13.920773 "" "" 1300.14209 1390.85449 25246.06988 6.2399 10514.0 24.045 21421.0 17.878 "" "" 0.002768357509851861 0.0037350315 0.0038864955 0.0076215267 270.82000287932 -22.6041979051 1338.53516 0.7050000000000005 -2.4840000000000004 0.1585257816314697 -1.0010928239822388 0.15857825 0.14957824 "" "" 6.430732118219793 "" 0.9633548924237084 "" 1.0
271.08189679865 -22.52053390243 0.0246 0.0195 2.8291 "" "" 4069665548039499264 1252.35034 0.7603 0.0268 0.604 -1.736 0.033 0.022 0.987 5465.0 3.645 14.700556 1.4523 15.352229 13.899929 "" "" 1199.74805 1299.76135 24815.58843 53.584 9874.7 112.67 21837.0 146.96 "" "" 0.003617745166050375 0.012698538 0.008226412 0.02092495 271.08189679865 -22.52053390243 1252.35034 0.6040000000000001 -1.736 0.05752578163146971 -0.25309282398223876 0.16057825 0.14957824 "" "" 1.5407137527985462 "" 0.23131879769928695 "" 0.8
271.11606712329 -22.20326182793 0.0302 0.0261 19.2876 "" "" 4069885209843087104 1115.11511 0.8565 0.0347 0.735 -1.459 0.041 0.029 0.958 5734.9 4.1508 14.924156 1.207855 15.446316 14.238461 "" "" 1069.65002 1149.97644 20196.88315 7.7031 9055.0 21.747 15987.0 25.015 "" "" 0.0027862642383072746 0.0038189588 0.0041436525 0.0079626115 271.11606712329 -22.20326182793 1115.11511 0.735 -1.459 0.1885257816314697 0.023907176017761156 0.16857824 0.15657824 "" "" 1.0044607555209688 "" 0.16914614735229944 "" 1.0
271.00159999876 -22.48947882667 0.0282 0.0241 2.2444 "" "" 4069667403465441920 1164.22498 0.8217 0.0311 0.476 -1.452 0.047 0.029 0.862 5529.6 4.0308 14.962695 1.38563 15.577784 14.192154 "" "" 1120.85559 1208.05933 19492.55578 45.831 8022.4 77.053 16684.0 115.51 "" "" 0.003756130923086824 0.010795022 0.008413608 0.01920863 271.00159999876 -22.48947882667 1164.22498 0.47600000000000003 -1.452 -0.0704742183685303 0.030907176017761273 0.17457825 0.15657824 "" "" 0.42466322393839556 "" 0.07295811655898778 "" 0.9
271.16622771976 -22.29486971743 0.0295 0.0246 15.1833 "" "" 4069694646420912384 1284.94568 0.7357 0.0351 0.559 -1.476 0.039 0.029 1.125 5253.2 4.1468 14.982361 1.435987 15.634559 14.198572 "" "" 1223.98169 1350.62268 19142.66021 47.464 7613.7 60.786 16586.0 108.59 "" "" 0.0038521462344075917 0.009106253 0.008050666 0.01715692 271.16622771976 -22.29486971743 1284.94568 0.559 -1.476 0.012525781631469779 0.006907176017761252 0.16657825 0.15657824 "" "" 0.08712052297902473 "" 0.014313980053245674 "" 1.0
271.21762033472 -22.69061799608 0.0304 0.0246 14.7532 "" "" 4069646512744275840 1220.89709 0.7883 0.0318 0.636 -1.487 0.037 0.026 1.132 5509.6 3.8068 15.028736 1.408629 15.65159 14.242962 "" "" 1169.65173 1276.40015 18342.23858 28.735 7495.2 43.141 15921.0 71.79 "" "" 0.0032380408860834685 0.0068438863 0.006184816 0.013028702 271.21762033472 -22.69061799608 1220.89709 0.6360000000000007 -1.4870000000000003 0.08952578163146974 -0.004092823982238869 0.16457824 0.15357825 "" "" 0.5186314984791968 "" 0.08534395964858128 "" 0.8
271.10269781297 -22.57550324282 0.0287 0.023 5.3736 "" "" 4069662932381675520 1136.8656 0.8366 0.0309 0.656 -1.616 0.036 0.026 1.002 6330.0 3.8081 15.064229 1.49854 15.744609 14.246069 "" "" 1099.93567 1175.18005 17752.31574 34.008 6879.8 69.323 15876.0 85.055 "" "" 0.0034522356413313796 0.011290409 0.006936766 0.018227175 271.10269781297 -22.57550324282 1136.8656 0.656 -1.616 0.10952578163146975 -0.13309282398223887 0.16357824 0.15357825 "" "" 0.9288291677077503 "" 0.14646922277448915 "" 1.0
270.84692365607 -22.7404820361 0.0292 0.0242 16.947 "" "" 4069654518563137920 1123.51831 0.8571 0.0313 0.459 -1.398 0.041 0.029 0.98 5771.0 4.2266 15.110078 1.333594 15.677366 14.343772 "" "" 1080.83264 1157.00427 17018.27068 30.051 7319.3 47.958 14509.0 71.853 "" "" 0.0033567024860227824 0.00764163 0.006572271 0.014213901 270.84692365607 -22.7404820361 1123.51831 0.4590000000000002 -1.398 -0.08747421836853025 0.08490717601776132 0.16857824 0.15657824 "" "" 0.6492052708969926 "" 0.10573434779665683 "" 0.8
270.8964268596 -22.62435259239 0.0303 0.0253 9.9406 "" "" 4069660016121947008 1157.73657 0.8267 0.0321 0.582 -1.46 0.045 0.03 1.098 5379.2 3.9367 15.189586 1.378663 15.800011 14.421348 "" "" 1118.61768 1207.54407 15816.57425 46.449 6537.5 65.006 13509.0 155.89 "" "" 0.004214072479712012 0.011150801 0.013086699 0.024237499 270.8964268596 -22.62435259239 1157.73657 0.5819999999999999 -1.4599999999999997 0.03552578163146969 0.022907176017761266 0.17257825 0.15757824 "" "" 0.23196821497838457 "" 0.0390430041083301 "" 1.0
271.04587434837 -22.5291025405 0.0308 0.0246 1.1736 "" "" 4069664104930503168 1095.48633 0.8745 0.0329 0.554 -1.296 0.045 0.03 1.001 5047.5 3.7854 15.212794 1.562238 15.936064 14.373826 "" "" 1064.95374 1130.61755 15482.07539 19.322 5767.5 28.009 14113.0 68.631 "" "" 0.0030704855012819057 0.0059654485 0.006493151 0.0124586 271.04587434837 -22.5291025405 1095.48633 0.5539999999999995 -1.296 0.0075257816314697745 0.1869071760177612 0.17257825 0.15757824 "" "" 0.9713215986762607 "" 0.1530838562811797 "" 0.9
271.2937522865 -22.37098209383 0.0292 0.0243 16.9306 "" "" 4069690939887872512 1185.67822 0.8038 0.0353 0.603 -1.234 0.035 0.025 0.98 5177.4 3.8063 15.214919 1.487336 15.899139 14.411803 "" "" 1143.48486 1224.55603 15451.79638 17.922 5967.1 25.884 13628.0 60.869 "" "" 0.003029462833458396 0.0054741423 0.006148207 0.011622349 271.2937522865 -22.37098209383 1185.67822 0.603 -1.2339999999999987 0.05652578163146971 0.24890717601776124 0.16257824 0.15257825 "" "" 1.4345054906496064 "" 0.21959971657467292 "" 0.8
271.08563957556 -22.49908277754 0.0321 0.0249 3.1646 "" "" 4069665651118724864 1157.2627 0.8314 0.0344 0.566 -1.396 0.046 0.031 0.949 5692.5 4.1221 15.391384 1.458534 16.043339 14.584805 "" "" 1117.07861 1203.771 13133.88255 12.233 5224.9 23.286 11621.0 33.856 "" "" 0.0029350370204981728 0.005585644 0.0049283965 0.0105140405 271.08563957556 -22.49908277754 1157.2627 0.5659999999999995 -1.396 0.019525781631469674 0.08690717601776132 0.17357825 0.15857825 "" "" 0.4886067908378199 "" 0.07785037483991239 "" 0.8
271.03214656227 -22.53630659326 0.0376 0.0296 1.2798 "" "" 4069663997533699200 1301.76184 0.7345 0.0408 0.664 -1.961 0.051 0.032 1.096 4965.7 4.1714 15.416954 1.535194 16.11205 14.576855 "" "" 1242.54724 1373.78015 12828.18228 36.997 4904.5 74.155 11706.0 94.953 "" "" 0.004170956257331467 0.01665153 0.009583618 0.026235148 271.03214656227 -22.53630659326 1301.76184 0.664 -1.9610000000000003 0.11752578163146976 -0.47809282398223885 0.17857824 0.15957825 "" "" 3.0378253354062568 "" 0.4882433139829339 "" 0.9
270.74390868849 -22.6609854757 0.0318 0.0273 18.1669 "" "" 4069659088408407424 1292.58826 0.7326 0.0332 0.706 -2.54 0.04 0.03 0.965 7339.2 4.1343 15.425303 1.488994 16.104786 14.615792 "" "" 1236.37537 1348.10596 12729.9117 4.6444 4937.4 10.653 11294.0 16.259 "" "" 0.0027836489949798794 0.0036431877 0.004089844 0.0077330316 270.74390868849 -22.6609854757 1292.58826 0.7060000000000006 -2.54 0.1595257816314697 -1.0570928239822388 0.16757825 0.15757824 "" "" 6.550002574916976 "" 1.033641562031947 "" 0.9
270.97990066769 -22.44356506975 0.0394 0.0323 5.1438 "" "" 4069668468617380608 1184.48157 0.8104 0.0404 0.623 -1.528 0.05 0.037 1.203 5597.4 3.9103 15.432325 1.415532 16.052063 14.636531 "" "" 1139.74841 1241.81433 12647.84856 23.094 5183.1 32.729 11080.0 51.45 "" "" 0.003394404173641532 0.0074019628 0.0063009234 0.013702886 270.97990066769 -22.44356506975 1184.48157 0.6229999999999993 -1.528 0.07652578163146972 -0.045092823982238794 0.17757824 0.16457824 "" "" 0.49869267224415326 "" 0.08693237111797766 "" 0.8
270.76261635116 -22.74717372654 0.0315 0.0262 20.3794 "" "" 4069282299515006848 1264.2417 0.7488 0.0354 0.659 -1.553 0.043 0.029 0.962 6888.0 4.3421 15.494457 1.185723 16.005455 14.819732 "" "" 1213.5282 1322.53186 11944.38156 4.7017 5410.5 18.378 9359.8 16.939 "" "" 0.0027882690374183366 0.004624503 0.0042596534 0.008884156 270.76261635116 -22.74717372654 1264.2417 0.6590000000000006 -1.553 0.11252578163146976 -0.0700928239822387 0.17057824 0.15657824 "" "" 0.7944321390698678 "" 0.13249778002306686 "" 0.8
270.66060754149 -22.40019661121 0.038 0.0305 21.6733 "" "" 4069854904552687104 1178.49512 0.8227 0.04 0.466 -1.211 0.043 0.031 1.056 "" "" 15.53137 1.64169 16.308598 14.666907 "" "" 1133.80493 1222.50671 11545.12892 13.244 4092.4 25.084 10774.0 29.746 "" "" 0.0030237504066945673 0.007216166 0.0048238393 0.012040005 270.66060754149 -22.40019661121 1178.49512 0.466 -1.2110000000000005 -0.08047421836853025 0.27190717601776115 0.17057824 0.15857825 "" "" 1.584018005723156 "" 0.25277462812990315 "" 0.9
270.76092882374 -22.72959470035 0.032 0.0269 19.7449 "" "" 4069282540033180928 1228.84668 0.7751 0.0348 0.72 -2.629 0.045 0.03 0.929 7949.1 4.2955 15.618915 1.470435 16.283756 14.813321 "" "" 1181.56519 1285.89331 10650.76648 4.3366 4187.1 17.737 9415.2 18.752 "" "" 0.0027905585189684197 0.005379456 0.0043542897 0.009733746 270.76092882374 -22.72959470035 1228.84668 0.7200000000000002 -2.6290000000000027 0.1735257816314697 -1.1460928239822388 0.17257825 0.15757824 "" "" 6.751767791381808 "" 1.0663067145558225 "" 0.9
271.04205479389 -22.4783302884 0.0398 0.0339 2.2806 "" "" 4069668842256988800 1227.22656 0.7916 0.0434 0.436 -1.418 0.052 0.037 0.977 4881.2 4.2409 15.674347 1.50682 16.37259 14.865769 "" "" 1167.63599 1299.27002 10120.63902 17.951 3858.2 23.5 8971.2 52.357 "" "" 0.003361605201060024 0.0071776463 0.0073779933 0.01455564 271.04205479389 -22.4783302884 1227.22656 0.436 -1.418 -0.11047421836853027 0.0649071760177613 0.17957824 0.16457824 "" "" 0.7453435992050673 "" 0.13106951599700423 "" 0.8
271.04399483859 -22.48327867775 0.036 0.0296 2.0307 "" "" 4069668640416001536 1170.69543 0.817 0.0384 0.46 -1.187 0.051 0.034 0.944 "" "" 15.764038 1.733895 16.580528 14.846633 "" "" 1110.495 1231.05981 9318.18998 9.6408 3185.7 23.539 9130.7 40.336 "" "" 0.0029755084862912954 0.008493814 0.006106466 0.01460028 271.04399483859 -22.48327867775 1170.69543 0.4599999999999998 -1.1869999999999998 -0.08647421836853025 0.2959071760177612 0.17857824 0.16157824 "" "" 1.7106960189767009 "" 0.2788094186278174 "" 0.8
270.64521263395 -22.6778496488 0.0348 0.0302 23.5087 "" "" 4069471484228800640 1291.45691 0.7412 0.041 0.653 -2.557 0.044 0.032 1.0 6871.1 4.3265 15.767079 1.470729 16.427856 14.957128 "" "" 1221.4032 1361.97168 9292.12072 4.627 3666.7 9.4637 8247.2 20.735 "" "" 0.002807860763399719 0.0039544613 0.0046621053 0.008616567 270.64521263395 -22.6778496488 1291.45691 0.6529999999999991 -2.557 0.10652578163146975 -1.0740928239822387 0.17157824 0.15957825 "" "" 6.607322988896903 "" 1.0551860573369276 "" 0.8
271.25747887909 -22.24962536615 0.0405 0.0343 20.2757 "" "" 4069695990769566464 1211.68579 0.804 0.0549 0.667 -1.219 0.059 0.038 1.087 5159.1 3.7825 15.775667 1.628054 16.536976 14.908922 "" "" 1129.75769 1300.302 9218.91996 14.351 3316.1 19.639 8621.6 35.841 "" "" 0.003232400285362132 0.0070093446 0.005886909 0.012896254 271.25747887909 -22.24962536615 1211.68579 0.6669999999999996 -1.2189999999999999 0.12052578163146976 0.26390717601776115 0.18657824 0.16557825 "" "" 1.6663105740392798 "" 0.28225361831832646 "" 0.8
270.97511646054 -22.57770540753 0.0406 0.0333 4.8804 "" "" 4069666368355497728 1303.5498 0.7388 0.0442 0.779 -2.587 0.062 0.039 1.026 "" "" 15.795683 1.777267 16.650806 14.87354 "" "" 1230.51733 1371.6803 9050.51847 4.735 2986.0 12.981 8907.2 20.577 "" "" 0.002813262664327374 0.0054830206 0.004535954 0.010018975 270.97511646054 -22.57770540753 1303.5498 0.7790000000000001 -2.587 0.23252578163146975 -1.104092823982239 0.18957824 0.16657825 "" "" 6.971646958490155 "" 1.1685821867596593 "" 0.8
271.16228951024 -22.38436697188 0.0371 0.0305 10.6895 "" "" 4069693001472272896 1085.98572 0.8705 0.0434 0.349 -1.256 0.052 0.035 0.962 4920.6 4.217 15.839543 1.660841 16.624565 14.963724 "" "" 1038.26001 1140.94348 8692.19581 13.935 3059.1 23.445 8197.3 33.073 "" "" 0.0032590668938139752 0.008776434 0.005785569 0.014562003 271.16228951024 -22.38436697188 1085.98572 0.349 -1.2560000000000002 -0.1974742183685303 0.22690717601776123 0.17957824 0.16257824 "" "" 1.5484093753900294 "" 0.2634050149505008 "" 0.8
271.00743052655 -22.42327727028 0.0371 0.0311 5.6587 "" "" 4069670083525080576 1146.46887 0.8368 0.0395 0.802 -1.379 0.05 0.035 0.988 4441.8 4.1281 15.840014 1.710809 16.657413 14.946605 "" "" 1105.88745 1192.64233 8688.42676 10.35 2967.9 19.513 8327.5 30.896 "" "" 0.0030437807121652134 0.007664293 0.005523603 0.013187896 271.00743052655 -22.42327727028 1146.46887 0.802 -1.379000000000001 0.2555257816314698 0.10390717601776123 0.17757824 0.16257824 "" "" 1.4990107972067366 "" 0.26311820652159 "" 1.0
270.96207513452 -22.49995485633 0.0474 0.0393 3.9368 "" "" 4069668021940750976 1203.68066 0.8004 0.0491 0.499 -1.607 0.057 0.04 0.987 4781.9 4.1874 15.85302 1.565638 16.573294 15.007656 "" "" 1125.72083 1277.52051 8584.97062 19.756 3207.0 32.859 7872.2 50.748 "" "" 0.0037194677314148984 0.011469049 0.007954384 0.019423433 270.96207513452 -22.49995485633 1203.68066 0.499 -1.6070000000000002 -0.047474218368530274 -0.12409282398223875 0.18457824 0.16757825 "" "" 0.7580481606962031 "" 0.1287495389325961 "" 1.0
271.02543027836 -22.50606225594 0.0418 0.0345 0.6243 "" "" 4069667128575947136 1094.1001 0.8682 0.0441 0.593 -1.406 0.059 0.039 0.926 4613.8 4.1586 15.903635 1.633271 16.564707 14.931436 "" "" 1046.68799 1150.33118 8193.93912 19.271 3232.5 54.708 8444.7 167.02 "" "" 0.0037566142250938937 0.018586017 0.021803832 0.04038985 271.02543027836 -22.50606225594 1094.1001 0.593 -1.4059999999999995 0.0465257816314697 0.07690717601776131 0.18657824 0.16657825 "" "" 0.46614811805444206 "" 0.08025425715551725 "" 1.0
270.93257329336 -22.44333530539 0.0443 0.0368 6.9562 "" "" 4069856068469786880 1144.51038 0.8382 0.0445 0.475 -1.504 0.057 0.04 0.941 4718.2 4.1729 15.942263 1.56469 16.674706 15.110016 "" "" 1093.28442 1198.3446 7907.54433 15.072 2921.0 30.215 7163.9 37.006 "" "" 0.003445922897490943 0.011572321 0.006763064 0.018335385 270.93257329336 -22.44333530539 1144.51038 0.47499999999999937 -1.504 -0.0714742183685303 -0.021092823982238773 0.18457824 0.16757825 "" "" 0.40427821187818336 "" 0.07409385749991558 "" 0.8
