Clusters/NGC_6531/NGC_6531_stars_in_region.tsv
# %ECSV 1.0
# ---
# datatype:
# - name: RA_ICRS_1
#   unit: deg
#   datatype: float64
#   format: '{:15.11f}'
#   description: Right ascension (ICRS) at Ep=2016.0 (ra)
#   meta: !!omap
#   - {ucd: POS_EQ_RA_MAIN}
#   - {width: 15}
#   - {precision: '11'}
# - name: DE_ICRS_1
#   unit: deg
#   datatype: float64
#   format: '{:15.11f}'
#   description: Declination (ICRS) at Ep=2016.0 (dec)
#   meta: !!omap
#   - {ucd: POS_EQ_DEC_MAIN}
#   - {width: 15}
#   - {precision: '11'}
# - name: e_RA_ICRS
#   unit: mas
#   datatype: float64
#   format: '{:7.4f}'
#   description: Standard error of right ascension (ra_error)
#   meta: !!omap
#   - {ucd: ERROR}
#   - {width: 7}
#   - {precision: '4'}
# - name: e_DE_ICRS
#   unit: mas
#   datatype: float64
#   format: '{:7.4f}'
#   description: Standard error of declination (dec_error)
#   meta: !!omap
#   - {ucd: ERROR}
#   - {width: 7}
#   - {precision: '4'}
# - name: _r_1
#   unit: ''
#   datatype: float64
#   format: '{:7.4f}'
#   description: Distance from center (271.03120737000-22.51499443000)[ICRS], at Epoch=J2016.0
#   meta: !!omap
#   - {ucd: POS_ANG_DIST_GENERAL}
#   - {width: 7}
#   - {precision: '4'}
# - name: HIP
#   datatype: int32
#   description: '? HIP cross-id number, van Leeuwen, Cat. I/311 (hip_original_ext_source_id)'
#   meta: !!omap
#   - {ucd: ID_NUMBER}
#   - {width: 6}
#   - values: {'null': -2147483648}
# - name: TYC2
#   datatype: string
#   description: Tycho-2 cross-id name, Hog et al., Cat. I/259 (tyc2_original_ext_source_id)
#   meta: !!omap
#   - {ucd: ID_CROSSID}
#   - {_votable_string_dtype: char}
# - name: Source
#   datatype: int64
#   description: Source identifier, identical to the Gaia-EDR3 source_id (id)
#   meta: !!omap
#   - {ucd: ID_MAIN}
#   - {width: 19}
# - name: rgeo
#   unit: pc
#   datatype: float64
#   format: '{:15.8f}'
#   description: '? Median of the geometric distance posterior (r_med_geo)'
#   meta: !!omap
#   - {ucd: PHYS_DISTANCE_TRUE}
#   - {width: 15}
#   - {precision: '8'}
#   - values: {'null': .nan}
# - name: Plx
#   unit: mas
#   datatype: float64
#   format: '{:9.4f}'
#   description: '? Parallax (parallax)'
#   meta: !!omap
#   - {ucd: POS_PARLX_TRIG}
#   - {width: 9}
#   - {precision: '4'}
#   - values: {'null': .nan}
# - name: e_Plx
#   unit: mas
#   datatype: float32
#   format: '{:7.4f}'
#   description: '? Standard error of parallax (parallax_error)'
#   meta: !!omap
#   - {ucd: ERROR}
#   - {width: 7}
#   - {precision: '4'}
#   - values: {'null': .nan}
# - name: pmRA
#   unit: mas / yr
#   datatype: float64
#   format: '{:9.3f}'
#   description: '? Proper motion in right ascension direction, pmRA*cosDE (pmra)'
#   meta: !!omap
#   - {ucd: POS_EQ_PMRA}
#   - {width: 9}
#   - {precision: '3'}
#   - values: {'null': .nan}
# - name: pmDE
#   unit: mas / yr
#   datatype: float64
#   format: '{:9.3f}'
#   description: '? Proper motion in declination direction (pmdec)'
#   meta: !!omap
#   - {ucd: POS_EQ_PMDEC}
#   - {width: 9}
#   - {precision: '3'}
#   - values: {'null': .nan}
# - name: e_pmRA
#   unit: mas / yr
#   datatype: float32
#   format: '{:6.3f}'
#   description: '? Standard error of proper motion in right ascension direction (pmra_error)'
#   meta: !!omap
#   - {ucd: ERROR}
#   - {width: 6}
#   - {precision: '3'}
#   - values: {'null': .nan}
# - name: e_pmDE
[...]
#         value: !astropy.table.SerializedColumn {name: SkyCoord.dec}
#       distance: !astropy.table.SerializedColumn
#         __class__: astropy.coordinates.distances.Distance
#         unit: !astropy.units.Unit {unit: pc}
#         value: !astropy.table.SerializedColumn {name: SkyCoord.distance}
#       frame: icrs
#       obstime: !astropy.time.Time {format: jyear_str, in_subfmt: '*', jd1: 367701545.0, jd2: 0.0, out_subfmt: '*', precision: 3, scale: tt}
#       pm_dec: !astropy.table.SerializedColumn
#         __class__: astropy.units.quantity.Quantity
#         unit: !astropy.units.Unit {unit: mas / yr}
#         value: !astropy.table.SerializedColumn {name: SkyCoord.pm_dec}
#       pm_ra_cosdec: !astropy.table.SerializedColumn
#         __class__: astropy.units.quantity.Quantity
#         unit: !astropy.units.Unit {unit: mas / yr}
#         value: !astropy.table.SerializedColumn {name: SkyCoord.pm_ra_cosdec}
#       ra: !astropy.table.SerializedColumn
#         __class__: astropy.coordinates.angles.Longitude
#         unit: *id001
#         value: !astropy.table.SerializedColumn {name: SkyCoord.ra}
#         wrap_angle: !astropy.coordinates.Angle
#           unit: *id001
#           value: 360.0
#       representation_type: spherical
# schema: astropy-2.0
RA_ICRS_1 DE_ICRS_1 e_RA_ICRS e_DE_ICRS _r_1 HIP TYC2 Source rgeo Plx e_Plx pmRA pmDE e_pmRA e_pmDE RUWE Teff logg Gmag BP-RP BPmag RPmag RV e_RV b_rgeo B_rgeo FG e_FG FBP e_FBP FRP e_FRP RAVE5 RAVE6 e_Gmag e_BPmag e_RPmag e_BP-RP SkyCoord.ra SkyCoord.dec SkyCoord.distance SkyCoord.pm_ra_cosdec SkyCoord.pm_dec rmRA rmDE e_rmRA e_rmDE rRV e_rRV v_pec v_pec3d e_vpec e_vpec3d
[from data line 2911]
270.90420575569 -22.1548056775 0.0543 0.0468 22.7317 "" "" 4069899606573784960 1008.48883 0.978 0.0669 0.76 -5.526 0.064 0.044 1.0 4720.8 4.6288 16.344479 1.46735 17.01914 15.55179 "" "" 951.8927 1066.88953 5459.53111 3.4017 2127.0 14.747 4769.2 9.6034 "" "" 0.002837152739926466 0.008028128 0.004366177 0.012394305 270.90420575569 -22.1548056775 1008.48883 0.7600000000000002 -5.526000000000003 0.21352578163146974 -4.043092823982239 0.19157824 0.17157824 "" "" 19.353876316708273 "" 3.3218432709540706 ""
271.37910157183 -22.70684598015 0.0516 0.0431 22.4457 "" "" 4069600191514144128 1154.59473 0.844 0.0534 10.004 -12.558 0.071 0.051 1.035 5306.4 4.6458 16.344679 1.353789 16.940577 15.586787 "" "" 1092.5592 1240.99316 5458.5272 3.7045 2286.6 11.177 4617.9 15.325 "" "" 0.0028521457952336857 0.005995884 0.0052217133 0.011217598 271.37910157183 -22.70684598015 1154.59473 10.003999999999996 -12.558000000000002 9.45752578163147 -11.075092823982239 0.19857824 0.17857824 "" "" 79.7041217431794 "" 14.926428138447134 ""
271.61998738916 -22.62609099438 0.0501 0.0417 33.2951 "" "" 4069624763028771968 935.946533 1.0471 0.0555 -6.651 -10.449 0.066 0.045 1.003 4731.8 4.5066 16.344755 1.441321 17.010765 15.569444 "" "" 890.160339 991.99646 5458.13971 3.7375 2143.4 13.353 4692.2 15.791 "" "" 0.002853862380367408 0.007316828 0.0052568773 0.012573705 271.61998738916 -22.62609099438 935.946533 -6.650999999999996 -10.448999999999996 -7.19747421836853 -8.966092823982239 0.19357824 0.17257825 "" "" 51.00773064093406 "" 9.23739800641076 ""
271.57511884077 -22.73275692519 0.0449 0.0384 32.8349 "" "" 4069619712147153024 1181.96582 0.8316 0.0527 7.309 -1.308 0.057 0.041 0.969 4813.7 4.381 16.345009 1.313299 16.91017 15.59687 "" "" 1109.75049 1256.48547 5456.86508 3.1833 2351.5 10.678 4575.2 12.354 "" "" 0.002827180419964375 0.0056650196 0.0047831666 0.010448186 271.57511884077 -22.73275692519 1181.96582 7.309000000000001 -1.308 6.76252578163147 0.17490717601776118 0.18457824 0.16857824 "" "" 37.899842629979624 "" 6.995098423177466 ""
270.7867411994 -22.24688984361 0.0601 0.0498 21.041 "" "" 4069875348596675072 972.349854 1.0157 0.0628 5.921 -9.692 0.065 0.049 1.01 4996.8 4.577 16.345072 1.286907 16.918293 15.631386 "" "" 909.509827 1057.2854 5456.55307 4.0014 2334.0 10.299 4432.0 10.772 "" "" 0.0028680500974222816 0.0055441787 0.0046094963 0.010153675 270.7867411994 -22.24688984361 972.349854 5.921000000000003 -9.691999999999998 5.37452578163147 -8.209092823982239 0.19257824 0.17657824 "" "" 45.22275902867204 "" 8.209147377537214 ""
271.33878216646 -22.39983170854 0.0532 0.0426 18.4015 "" "" 4069690699369643392 1058.16577 0.9268 0.0663 -0.416 -3.115 0.058 0.041 1.07 4736.1 4.3798 16.346144 1.390545 16.9681 15.577555 "" "" 984.269531 1117.69446 5451.16077 26.262 2229.3 37.304 4657.3 64.006 "" "" 0.005912057498009855 0.01838117 0.015392632 0.033773802 271.33878216646 -22.39983170854 1058.16577 -0.4160000000000002 -3.115 -0.9624742183685302 -1.632092823982239 0.18557824 0.16857824 "" "" 9.503516469965195 "" 1.64529299933144 ""
271.09040945474 -22.76138618276 0.0491 0.0407 15.1427 "" "" 4069642831932395648 1215.76208 0.7955 0.0529 1.438 -4.585 0.06 0.042 0.955 4792.5 4.3391 16.346148 1.431075 16.998503 15.567428 "" "" 1159.76929 1280.61877 5451.14547 3.2459 2167.8 12.093 4701.0 12.171 "" "" 0.002830151527572795 0.006668522 0.004710141 0.011378663 271.09040945474 -22.76138618276 1215.76208 1.438000000000001 -4.585000000000004 0.8915257816314697 -3.1020928239822387 0.18757825 0.16957824 "" "" 18.60008391374325 "" 3.180954857354688 ""
271.0597897452 -22.4460281121 0.0654 0.0548 4.431 "" "" 4069669018373141376 1183.1355 0.8436 0.0707 0.46 -1.692 0.089 0.063 1.322 4534.2 4.2587 16.346283 1.848743 17.157215 15.308472 "" "" 1085.95764 1262.83545 5450.4646 13.289 1873.0 25.788 5967.2 49.808 "" "" 0.0038209080655505563 0.015206889 0.009819086 0.025025975 271.0597897452 -22.4460281121 1183.1355 0.46 -1.692 -0.08647421836853025 -0.20909282398223872 0.21657825 0.19057825 "" "" 1.268929887345707 "" 0.24692424839921956 ""
270.87268285585 -22.9605416903 0.0751 0.073 28.1353 "" "" 4069264050176267392 999.305908 1.0 0.1015 1.715 -1.941 0.09 0.067 1.503 4547.1 4.4797 16.346617 1.444932 16.98398 15.539048 "" "" 919.053406 1114.49072 5448.78509 7.0659 2197.0 18.66 4825.5 18.86 "" "" 0.003094213469842498 0.009634458 0.005682515 0.015316973 270.87268285585 -22.9605416903 999.305908 1.715 -1.9409999999999998 1.1685257816314698 -0.45809282398223883 0.21757825 0.19457825 "" "" 5.945092896154933 "" 1.2761540015636745 ""
270.9795301864 -22.68406735863 0.0561 0.0464 10.5405 "" "" 4069655819913829376 1274.84387 0.7473 0.0647 0.324 -1.065 0.073 0.047 0.872 5195.9 4.6613 16.347351 1.179869 16.85337 15.673502 "" "" 1181.96533 1386.8678 5445.10494 3.453 2477.8 9.6 4263.4 15.995 "" "" 0.002840043132376102 0.0050478084 0.0055566146 0.010604423 270.9795301864 -22.68406735863 1274.84387 0.3240000000000003 -1.065 -0.22247421836853026 0.4179071760177613 0.20057824 0.17457825 "" "" 2.8608571579892716 "" 0.5167903449535174 ""
270.75590359637 -22.79315079909 0.4694 0.3822 22.6033 "" "" 4069279138418831872 995.556763 1.7861 0.5412 3.366 -3.857 0.609 0.389 4.605 "" "" 16.350084 2.44884 17.412373 14.963532 "" "" 651.651611 1375.78992 5431.41466 33.985 1480.7 13.091 8198.7 14.018 "" "" 0.007331064062197119 0.009996378 0.0042106826 0.01420706 270.75590359637 -22.79315079909 995.556763 3.366 -3.857 2.81952578163147 -2.374092823982239 0.7365783 0.51657826 "" "" 17.393654971484636 "" 11.38152233033798 ""
270.99886516674 -22.2238601293 0.0535 0.0462 17.56 "" "" 4069886446793788416 1217.51208 0.8127 0.0657 3.149 -3.145 0.062 0.045 1.036 4948.1 4.4663 16.35105 1.338406 16.950628 15.612223 "" "" 1126.76843 1326.63147 5426.58673 3.217 2265.5 10.238 4511.0 15.32 "" "" 0.0028295003954836064 0.005644394 0.0052801534 0.010924548 270.99886516674 -22.2238601293 1217.51208 3.149000000000002 -3.145 2.6025257816314697 -1.6620928239822388 0.18957824 0.17257825 "" "" 17.82082276030025 "" 3.2935408667897916 ""
271.03091518455 -22.44699197465 0.0504 0.0407 4.0802 "" "" 4069669701250528768 1100.77979 0.8864 0.0546 -9.315 -20.195 0.067 0.044 0.967 5015.4 4.6138 16.35221 1.32108 16.928942 15.607862 "" "" 1042.22485 1163.81189 5420.79343 3.1301 2311.2 9.6777 4529.1 18.969 "" "" 0.0028257444554499033 0.0053342264 0.005912865 0.011247091 271.03091518455 -22.44699197465 1100.77979 -9.314999999999992 -20.195 -9.86147421836853 -18.71209282398224 0.19457825 0.17157824 "" "" 110.3627351641614 "" 19.515702769845976 ""
271.58059493459 -22.458608414 0.0603 0.0627 30.6443 "" "" 4069679974812286464 1184.01758 0.8433 0.0914 -4.986 -9.301 0.074 0.052 0.995 4329.4 4.5087 16.353106 1.365019 16.968414 15.603395 "" "" 1086.67969 1312.87683 5416.3188 3.4369 2228.7 21.838 4547.8 10.512 "" "" 0.002840147861787632 0.010998428 0.004536731 0.015535159 271.58059493459 -22.458608414 1184.01758 -4.986 -9.301 -5.53247421836853 -7.818092823982239 0.20157824 0.17957824 "" "" 53.751946118542755 "" 10.06272564077334 ""
270.61775442869 -22.15992153079 0.0541 0.0459 31.311 "" "" 4069879231247311616 1039.5979 0.93 0.0562 1.237 0.221 0.076 0.051 1.007 4783.0 4.4636 16.354315 1.398412 16.96307 15.564658 "" "" 976.339355 1111.54187 5410.29551 4.6001 2239.7 5.6242 4713.0 25.477 "" "" 0.0029058542137832587 0.0039010893 0.006980733 0.010881823 270.61775442869 -22.15992153079 1039.5979 1.237 0.22099999999999992 0.6905257816314698 1.7039071760177613 0.20357823 0.17857824 "" "" 9.059623490675179 "" 1.6516847711885223 ""
271.22104559052 -22.10756384418 0.0595 0.0618 26.6203 "" "" 4069891944351809408 1292.02368 0.7884 0.0964 0.851 0.282 0.074 0.051 0.97 4926.7 4.7183 16.354412 1.257521 16.909433 15.651913 "" "" 1121.30518 1403.95288 5409.81349 4.2265 2353.1 10.719 4349.0 14.251 "" "" 0.002882934996156096 0.005678571 0.005190529 0.0108691 271.22104559052 -22.10756384418 1292.02368 0.8510000000000008 0.2819999999999998 0.3045257816314697 1.7649071760177613 0.20157824 0.17857824 "" "" 10.968346739656207 "" 1.9664558827297645 ""
271.2107159655 -23.00003269995 0.0503 0.042 30.7504 "" "" 4069587895027189760 1206.80505 0.8016 0.057 -1.701 -5.611 0.068 0.043 1.004 4971.6 4.4998 16.355143 1.322286 16.936537 15.614251 "" "" 1133.37097 1301.36096 5406.16774 3.8784 2295.1 10.501 4502.5 20.889 "" "" 0.0028633006404118868 0.005697619 0.00629738 0.011994999 271.2107159655 -23.00003269995 1206.80505 -1.7010000000000005 -5.611 -2.2474742183685303 -4.1280928239822385 0.19557825 0.17057824 "" "" 26.88659686105742 "" 4.748348878640685 ""
271.43686988751 -22.27369601669 0.0584 0.057 26.759 "" "" 4069698017994270336 1365.51672 0.701 0.0859 3.111 -4.662 0.069 0.047 0.94 7864.3 3.8272 16.355516 2.696394 17.873312 15.176918 "" "" 1229.6687 1500.0293 5404.30737 4.1482 968.48 8.4645 6735.8 10.854 "" "" 0.002878595922513054 0.0098910155 0.0041646888 0.014055705 271.43686988751 -22.27369601669 1365.51672 3.1110000000000024 -4.661999999999999 2.56452578163147 -3.1790928239822387 0.19657823 0.17457825 "" "" 26.437351982999207 "" 4.852998636018335 ""
270.84596579927 -22.75715725579 0.0536 0.0437 17.7862 "" "" 4069654484203392896 1102.60706 0.8779 0.0558 -2.37 -4.294 0.073 0.05 0.99 4772.0 4.3769 16.357265 1.33694 16.940132 15.603192 "" "" 1042.99133 1180.23914 5395.60682 5.0322 2287.5 11.047 4548.6 16.174 "" "" 0.002935501118959663 0.0059394953 0.0054026465 0.011342142 270.84596579927 -22.75715725579 1102.60706 -2.37 -4.2940000000000005 -2.9164742183685304 -2.8110928239822384 0.20057824 0.17757824 "" "" 21.170337954212258 "" 4.019176493576478 ""
270.97179138899 -22.93530424254 0.0463 0.0404 25.4321 "" "" 4069261649312148736 1119.29456 0.8887 0.0515 2.222 0.509 0.054 0.041 1.007 4861.3 4.6031 16.357529 1.282037 16.926085 15.644048 "" "" 1048.47058 1208.84021 5394.30351 3.0931 2317.3 9.2222 4380.7 9.3527 "" "" 0.0028247784651317816 0.005143484 0.004433617 0.009577101 270.97179138899 -22.93530424254 1119.29456 2.222 0.509 1.6755257816314697 1.9919071760177611 0.18157825 0.16857824 "" "" 13.809564268380862 "" 2.404008667030996 ""
271.17216996431 -22.85494623362 0.0634 0.0526 21.8389 "" "" 4069638403846365440 1200.75281 0.8058 0.0696 -1.031 -3.55 0.078 0.053 1.318 6747.3 4.3317 16.358746 1.79062 17.20527 15.414651 "" "" 1108.29993 1328.32092 5388.25798 6.5937 1791.9 9.7371 5411.3 11.77 "" "" 0.003058930470154039 0.0065263426 0.004456534 0.010982877 271.17216996431 -22.85494623362 1200.75281 -1.031 -3.55 -1.5774742183685302 -2.0670928239822386 0.20557824 0.18057825 "" "" 14.799497885033691 "" 2.8142996687831037 ""
271.10197785498 -22.88331100792 0.0542 0.0458 22.4435 "" "" 4069636647179050624 1071.77905 0.9181 0.0582 1.382 -3.71 0.068 0.049 1.038 5078.9 4.6467 16.360197 1.372361 16.936892 15.56453 "" "" 1010.11401 1146.70569 5381.05793 4.1643 2294.4 16.388 4713.5 66.476 "" "" 0.0028805862722318075 0.008241656 0.015771996 0.024013653 271.10197785498 -22.88331100792 1071.77905 1.381999999999999 -3.71 0.8355257816314696 -2.2270928239822387 0.19557825 0.17657824 "" "" 12.084170209104446 "" 2.163448147615109 ""
270.93554994338 -23.03835381334 0.0554 0.0488 31.8443 "" "" 4069259892647756160 1119.66968 0.8746 0.062 -1.165 -3.87 0.067 0.05 1.026 4608.5 4.3824 16.360968 1.296009 16.898535 15.602526 "" "" 1056.70215 1183.9624 5377.246 7.1917 2376.9 25.649 4551.4 52.416 "" "" 0.0031145430208473408 0.012043776 0.013062526 0.025106302 270.93554994338 -23.03835381334 1119.66968 -1.1649999999999996 -3.87 -1.7114742183685303 -2.387092823982239 0.19457825 0.17757824 "" "" 15.588600347583695 "" 2.8609243160722397 ""
271.09487479398 -23.10628231646 0.052 0.046 35.6516 "" "" 4069211724609721216 1327.69788 0.7256 0.0605 3.185 -4.144 0.072 0.05 1.033 5199.9 4.6311 16.362547 1.221908 16.889254 15.667346 "" "" 1244.69153 1456.25269 5369.43206 3.3522 2397.3 12.965 4287.7 11.566 "" "" 0.0028374731166350376 0.006501045 0.004781353 0.011282397 271.09487479398 -23.10628231646 1327.69788 3.1849999999999996 -4.144 2.63852578163147 -2.661092823982239 0.19957824 0.17757824 "" "" 23.583657505576344 "" 4.452718259855618 ""
270.96152048098 -21.91548991388 0.0536 0.0486 36.1779 "" "" 4069912762040013184 1289.8114 0.7681 0.0806 -1.514 -1.8 0.073 0.046 1.032 4784.0 4.3957 16.362724 1.251191 16.91477 15.663579 "" "" 1171.04749 1445.1925 5368.55379 2.9885 2341.6 12.522 4302.6 10.514 "" "" 0.002820829969286398 0.006441736 0.0046176743 0.011059411 270.96152048098 -21.91548991388 1289.8114 -1.5139999999999998 -1.8000000000000003 -2.0604742183685305 -0.3170928239822388 0.20057824 0.17357825 "" "" 12.74543032979465 "" 2.549019616801793 ""
270.59328763153 -22.76087792125 0.0596 0.0542 28.3858 "" "" 4069469147766561536 1272.33838 0.798 0.0731 0.523 -1.378 0.075 0.05 0.901 4699.5 4.3072 16.364208 1.696896 17.172834 15.475939 "" "" 1152.03772 1423.25366 5361.21789 6.1193 1846.2 15.561 5114.3 23.242 "" "" 0.0030211845080209115 0.009567206 0.006215262 0.015782468 270.59328763153 -22.76087792125 1272.33838 0.5230000000000005 -1.378 -0.023474218368530253 0.10490717601776134 0.20257825 0.17757824 "" "" 0.6483285631127891 "" 0.11595333534863447 ""
271.44695826404 -22.09073709412 0.095 0.0907 34.36 "" "" 4069704718143100032 1113.62756 1.0021 0.1313 -1.504 -2.969 0.125 0.084 2.238 6006.7 4.4359 16.364681 2.115578 17.292158 15.17658 "" "" 906.090637 1336.10632 5358.87918 5.9476 1654.1 17.321 6737.9 31.951 "" "" 0.0030072991343225775 0.011706711 0.0063867997 0.018093511 271.44695826404 -22.09073709412 1113.62756 -1.504 -2.969 -2.0504742183685303 -1.4860928239822386 0.25257826 0.21157825 "" "" 13.36737406381488 "" 3.19818733258938 ""
270.74041637763 -22.64139553907 0.0834 0.0716 17.8061 "" "" 4069659191487632896 1261.89319 0.7912 0.0845 -0.454 -2.153 0.098 0.07 1.66 4922.7 4.679 16.366335 1.515989 16.994923 15.478933 "" "" 1129.77869 1395.67041 5350.72546 11.62 2174.9 23.679 5100.2 45.597 "" "" 0.0036264702418917754 0.012145671 0.010416551 0.02256222 270.74041637763 -22.64139553907 1261.89319 -0.45400000000000007 -2.153 -1.0004742183685302 -0.6700928239822388 0.22557825 0.19757825 "" "" 7.202460813484461 "" 1.565046280587684 ""
271.15113641128 -22.44877712589 0.0571 0.0484 7.7455 "" "" 4069666269594010240 1239.52429 0.8002 0.0687 -6.041 -11.754 0.072 0.049 1.041 4935.1 4.6188 16.366888 1.337877 16.961205 15.623327 "" "" 1151.48523 1349.57458 5348.0042 3.3308 2243.5 10.907 4465.1 11.75 "" "" 0.0028370844837388104 0.005970487 0.004737822 0.010708309 271.15113641128 -22.44877712589 1239.52429 -6.041 -11.754000000000001 -6.587474218368531 -10.271092823982238 0.19957824 0.17657824 "" "" 71.69128884686909 "" 13.161050080215574 ""
271.55087387773 -22.29371364216 0.0557 0.052 31.737 "" "" 4069687297755466368 1208.26355 0.8372 0.0731 0.156 -1.94 0.067 0.046 0.961 4988.7 4.6684 16.367882 1.257222 16.909113 15.651891 "" "" 1102.24219 1367.61279 5343.10989 4.5128 2353.8 18.092 4349.1 12.315 "" "" 0.0029039120713938776 0.008799368 0.004871921 0.013671288 271.55087387773 -22.29371364216 1208.26355 0.156 -1.94 -0.39047421836853025 -0.4570928239822387 0.19457825 0.17357825 "" "" 3.4429956366640466 "" 0.6291466141158422 ""
270.83161815306 -21.96460373828 0.0537 0.0436 34.8341 "" "" 4069907234435928832 1096.50891 0.8711 0.0632 8.386 -8.123 0.071 0.046 1.057 4950.5 4.7107 16.369402 1.272416 16.934797 15.662381 "" "" 1022.51727 1182.72107 5335.63172 2.9678 2298.8 11.446 4307.3 14.371 "" "" 0.0028207265211468223 0.006083584 0.005235084 0.011318668 270.83161815306 -21.96460373828 1096.50891 8.386000000000006 -8.123 7.839525781631469 -6.640092823982238 0.19857824 0.17357825 "" "" 53.397086637946806 "" 10.067412594791927 ""
