Clusters/NGC_6531/NGC_6531_stars_in_region.tsv
# %ECSV 1.0
# ---
# datatype:
# - name: RA_ICRS_1
#   unit: deg
#   datatype: float64
#   format: '{:15.11f}'
#   description: Right ascension (ICRS) at Ep=2016.0 (ra)
#   meta: !!omap
#   - {ucd: POS_EQ_RA_MAIN}
#   - {width: 15}
#   - {precision: '11'}
# - name: DE_ICRS_1
#   unit: deg
#   datatype: float64
#   format: '{:15.11f}'
#   description: Declination (ICRS) at Ep=2016.0 (dec)
#   meta: !!omap
#   - {ucd: POS_EQ_DEC_MAIN}
#   - {width: 15}
#   - {precision: '11'}
# - name: e_RA_ICRS
#   unit: mas
#   datatype: float64
#   format: '{:7.4f}'
#   description: Standard error of right ascension (ra_error)
#   meta: !!omap
#   - {ucd: ERROR}
#   - {width: 7}
#   - {precision: '4'}
# - name: e_DE_ICRS
#   unit: mas
#   datatype: float64
#   format: '{:7.4f}'
#   description: Standard error of declination (dec_error)
#   meta: !!omap
#   - {ucd: ERROR}
#   - {width: 7}
#   - {precision: '4'}
# - name: _r_1
#   unit: ''
#   datatype: float64
#   format: '{:7.4f}'
#   description: Distance from center (271.03120737000-22.51499443000)[ICRS], at Epoch=J2016.0
#   meta: !!omap
#   - {ucd: POS_ANG_DIST_GENERAL}
#   - {width: 7}
#   - {precision: '4'}
# - name: HIP
#   datatype: int32
#   description: '? HIP cross-id number, van Leeuwen, Cat. I/311 (hip_original_ext_source_id)'
#   meta: !!omap
#   - {ucd: ID_NUMBER}
#   - {width: 6}
#   - values: {'null': -2147483648}
# - name: TYC2
#   datatype: string
#   description: Tycho-2 cross-id name, Hog et al., Cat. I/259 (tyc2_original_ext_source_id)
#   meta: !!omap
#   - {ucd: ID_CROSSID}
#   - {_votable_string_dtype: char}
# - name: Source
#   datatype: int64
#   description: Source identifier, identical to the Gaia-EDR3 source_id (id)
#   meta: !!omap
#   - {ucd: ID_MAIN}
#   - {width: 19}
# - name: rgeo
#   unit: pc
#   datatype: float64
#   format: '{:15.8f}'
#   description: '? Median of the geometric distance posterior (r_med_geo)'
#   meta: !!omap
#   - {ucd: PHYS_DISTANCE_TRUE}
#   - {width: 15}
#   - {precision: '8'}
#   - values: {'null': .nan}
# - name: Plx
#   unit: mas
#   datatype: float64
#   format: '{:9.4f}'
#   description: '? Parallax (parallax)'
#   meta: !!omap
#   - {ucd: POS_PARLX_TRIG}
#   - {width: 9}
#   - {precision: '4'}
#   - values: {'null': .nan}
# - name: e_Plx
#   unit: mas
#   datatype: float32
#   format: '{:7.4f}'
#   description: '? Standard error of parallax (parallax_error)'
#   meta: !!omap
#   - {ucd: ERROR}
#   - {width: 7}
#   - {precision: '4'}
#   - values: {'null': .nan}
# - name: pmRA
#   unit: mas / yr
#   datatype: float64
#   format: '{:9.3f}'
#   description: '? Proper motion in right ascension direction, pmRA*cosDE (pmra)'
#   meta: !!omap
#   - {ucd: POS_EQ_PMRA}
#   - {width: 9}
#   - {precision: '3'}
#   - values: {'null': .nan}
# - name: pmDE
#   unit: mas / yr
#   datatype: float64
#   format: '{:9.3f}'
#   description: '? Proper motion in declination direction (pmdec)'
#   meta: !!omap
#   - {ucd: POS_EQ_PMDEC}
#   - {width: 9}
#   - {precision: '3'}
#   - values: {'null': .nan}
# - name: e_pmRA
#   unit: mas / yr
#   datatype: float32
#   format: '{:6.3f}'
#   description: '? Standard error of proper motion in right ascension direction (pmra_error)'
#   meta: !!omap
#   - {ucd: ERROR}
#   - {width: 6}
#   - {precision: '3'}
#   - values: {'null': .nan}
# - name: e_pmDE
[...]
#         value: !astropy.table.SerializedColumn {name: SkyCoord.dec}
#       distance: !astropy.table.SerializedColumn
#         __class__: astropy.coordinates.distances.Distance
#         unit: !astropy.units.Unit {unit: pc}
#         value: !astropy.table.SerializedColumn {name: SkyCoord.distance}
#       frame: icrs
#       obstime: !astropy.time.Time {format: jyear_str, in_subfmt: '*', jd1: 367701545.0, jd2: 0.0, out_subfmt: '*', precision: 3, scale: tt}
#       pm_dec: !astropy.table.SerializedColumn
#         __class__: astropy.units.quantity.Quantity
#         unit: !astropy.units.Unit {unit: mas / yr}
#         value: !astropy.table.SerializedColumn {name: SkyCoord.pm_dec}
#       pm_ra_cosdec: !astropy.table.SerializedColumn
#         __class__: astropy.units.quantity.Quantity
#         unit: !astropy.units.Unit {unit: mas / yr}
#         value: !astropy.table.SerializedColumn {name: SkyCoord.pm_ra_cosdec}
#       ra: !astropy.table.SerializedColumn
#         __class__: astropy.coordinates.angles.Longitude
#         unit: *id001
#         value: !astropy.table.SerializedColumn {name: SkyCoord.ra}
#         wrap_angle: !astropy.coordinates.Angle
#           unit: *id001
#           value: 360.0
#       representation_type: spherical
# schema: astropy-2.0
RA_ICRS_1 DE_ICRS_1 e_RA_ICRS e_DE_ICRS _r_1 HIP TYC2 Source rgeo Plx e_Plx pmRA pmDE e_pmRA e_pmDE RUWE Teff logg Gmag BP-RP BPmag RPmag RV e_RV b_rgeo B_rgeo FG e_FG FBP e_FBP FRP e_FRP RAVE5 RAVE6 e_Gmag e_BPmag e_RPmag e_BP-RP SkyCoord.ra SkyCoord.dec SkyCoord.distance SkyCoord.pm_ra_cosdec SkyCoord.pm_dec rmRA rmDE e_rmRA e_rmDE rRV e_rRV v_pec v_pec3d e_vpec e_vpec3d
[from data line 1671]
271.54609555203 -22.18110895324 0.0324 0.0288 34.8961 "" "" 4069700113937986048 953.242188 1.0055 0.0393 -7.691 -17.403 0.041 0.03 1.129 5364.8 4.4441 15.264905 1.148668 15.753217 14.604548 "" "" 913.862244 992.031616 14756.54894 5.0221 6825.4 14.694 11411.0 15.116 "" "" 0.0027799867248672235 0.0036398582 0.0040438003 0.0076836585 271.54609555203 -22.18110895324 953.242188 -7.691 -17.403000000000013 -8.23747421836853 -15.920092823982237 0.16857824 0.15757824 "" "" 80.99170958696706 "" 12.955784865334447 ""
270.55445110752 -22.66147554745 0.0281 0.0253 27.835 "" "" 4069472137063917056 1147.35889 0.8306 0.0342 -7.368 -6.213 0.033 0.025 0.997 5649.2 4.4469 15.266066 1.11653 15.740629 14.624099 "" "" 1100.28381 1197.62976 14740.78666 4.5556 6905.0 13.623 11208.0 12.569 "" "" 0.0027756763247392202 0.0035175995 0.0039706705 0.0074882703 270.55445110752 -22.66147554745 1147.35889 -7.367999999999999 -6.212999999999999 -7.914474218368531 -4.730092823982239 0.16057825 0.15257825 "" "" 50.14405845749789 "" 7.948432468197527 ""
270.99054409068 -22.58736708977 0.0313 0.0251 4.8922 "" "" 4069663383376415232 1281.9342 0.7437 0.0331 0.695 -2.533 0.048 0.031 1.015 "" "" 15.266746 1.441463 15.914833 14.473371 "" "" 1236.86694 1338.88123 14731.55026 5.8593 5881.4 15.505 12877.0 19.295 "" "" 0.0027889557336818116 0.0039972262 0.0041146628 0.008111889 270.99054409068 -22.58736708977 1281.9342 0.6949999999999998 -2.5329999999999995 0.14852578163146968 -1.0500928239822387 0.17557824 0.15857825 "" "" 6.444259379392426 "" 1.0241806823701083 ""
271.00789938552 -22.99652411681 0.0279 0.0244 28.9205 "" "" 4069260206203116032 1075.85046 0.9035 0.0332 4.364 2.128 0.034 0.026 1.032 5277.0 4.347 15.267178 1.000755 15.682084 14.681329 "" "" 1040.15259 1117.69971 14725.68728 8.1538 7287.6 24.746 10632.0 23.246 "" "" 0.002820144305359558 0.0046235532 0.004463071 0.009086624 271.00789938552 -22.99652411681 1075.85046 4.364 2.128 3.8175257816314696 3.6109071760177613 0.16157824 0.15357825 "" "" 26.796643153610592 "" 4.229880157945729 ""
270.94596951116 -22.67623180488 0.0333 0.027 10.765 "" "" 4069656614507812992 1118.40173 0.8575 0.0364 -0.126 -5.752 0.047 0.03 1.049 5383.2 4.3413 15.26786 1.096859 15.669113 14.572254 "" "" 1076.92615 1157.34326 14716.42941 8.9639 7375.2 26.084 11756.0 98.959 "" "" 0.002833575120520622 0.004746599 0.009890059 0.014636658 270.94596951116 -22.67623180488 1118.40173 -0.126 -5.751999999999999 -0.6724742183685303 -4.2690928239822385 0.17457825 0.15757824 "" "" 22.91047494747438 "" 3.620117612101965 ""
270.58951155194 -22.34925753516 0.0292 0.0245 26.4379 "" "" 4069867789454630272 959.508423 1.0047 0.0311 -1.489 -3.969 0.037 0.027 0.944 5172.7 4.4243 15.270737 1.163167 15.765395 14.602228 "" "" 934.617859 988.597656 14677.49671 6.699 6749.3 17.876 11436.0 14.226 "" "" 0.002799527340036725 0.004006795 0.004013465 0.008020259 270.58951155194 -22.34925753516 959.508423 -1.4889999999999985 -3.9689999999999994 -2.03547421836853 -2.4860928239822386 0.16457824 0.15457824 "" "" 14.613262786237344 "" 2.3186451143111637 ""
271.10834566925 -22.84979875655 0.0319 0.0265 20.5371 "" "" 4069638919242458240 1187.26331 0.8123 0.0339 -1.392 -5.221 0.042 0.03 1.068 7106.7 4.3394 15.27174 1.310023 15.845695 14.535672 "" "" 1147.16089 1239.57751 14663.93693 5.377 6268.1 18.443 12159.0 11.757 "" "" 0.0027839340426201033 0.004241542 0.0039224853 0.008164028 271.10834566925 -22.84979875655 1187.26331 -1.3920000000000001 -5.221 -1.9384742183685302 -3.738092823982239 0.16957824 0.15757824 "" "" 23.696939057597643 "" 3.796165501843031 ""
271.3111341493 -23.06310540753 0.0278 0.0232 36.3497 "" "" 4069585008809801344 1354.33252 0.6996 0.0298 0.392 -2.323 0.038 0.026 0.933 8613.3 4.1924 15.271866 1.366593 15.873645 14.507051 "" "" 1300.3075 1395.58655 14662.24293 4.9692 6108.8 12.564 12484.0 19.47 "" "" 0.0027797823762591967 0.0035737252 0.0041413796 0.007715105 271.3111341493 -23.06310540753 1354.33252 0.39200000000000024 -2.3229999999999986 -0.15447421836853026 -0.8400928239822387 0.16557825 0.15357825 "" "" 5.483419711146715 "" 0.8443671594845088 ""
270.88318223878 -22.51742594282 0.0335 0.0284 8.2058 "" "" 4069661935949450112 1240.44214 0.7687 0.0332 0.656 -0.952 0.046 0.032 0.885 5854.5 4.3586 15.272338 0.996497 15.685784 14.689287 "" "" 1190.18445 1283.39197 14655.86945 6.2328 7262.8 17.3 10555.0 21.597 "" "" 0.002793741515659207 0.0038044194 0.004383958 0.008188377 270.88318223878 -22.51742594282 1240.44214 0.6560000000000001 -0.9520000000000003 0.10952578163146975 0.5309071760177613 0.17357825 0.15957825 "" "" 3.1873066852407015 "" 0.5105227556993484 ""
271.14596632254 -22.04405339954 0.0309 0.0295 28.9659 "" "" 4069895517764783232 1212.61792 0.7898 0.0421 0.161 -4.56 0.036 0.032 0.929 5225.9 4.3249 15.272492 1.162979 15.769848 14.606869 "" "" 1151.56946 1271.43762 14653.7848 5.5786 6721.7 18.058 11387.0 13.826 "" "" 0.0027861502615123363 0.00403647 0.0040027015 0.008039171 271.14596632254 -22.04405339954 1212.61792 0.16100000000000003 -4.559999999999998 -0.38547421836853024 -3.0770928239822384 0.16357824 0.15957825 "" "" 17.824779977211033 "" 2.8455623794182725 ""
271.22970988973 -22.64665384447 0.0309 0.0258 13.5403 "" "" 4069651082590026880 1371.23035 0.6788 0.0333 -0.814 -1.488 0.039 0.028 1.04 "" "" 15.276289 2.450688 16.594213 14.143525 102.45 7.62 1309.71326 1430.81763 14602.63081 8.2159 3145.8 11.588 17448.0 27.785 "" "" 0.0028222244492544903 0.004876551 0.0041560903 0.009032642 271.22970988973 -22.64665384447 1371.23035 -0.8140000000000002 -1.488 -1.3604742183685303 -0.005092823982238759 0.16657825 0.15557824 120.35076923076923 10.991747 8.842643529182793 120.67518385741978 1.4729907500184496 10.962728829381472
270.62773825105 -22.32485790066 0.031 0.0254 25.1184 "" "" 4069868163097972736 1087.87097 0.8878 0.0324 -2.817 3.518 0.039 0.029 1.055 5915.8 4.3658 15.276512 1.1919 15.737483 14.545583 "" "" 1059.18213 1122.45154 14599.63126 5.6869 6925.1 17.952 12048.0 19.271 "" "" 0.002787588665967652 0.0039631827 0.004159291 0.008122474 270.62773825105 -22.32485790066 1087.87097 -2.817000000000001 3.518 -3.3634742183685304 5.000907176017761 0.16657825 0.15657824 "" "" 31.077122102314615 "" 4.964881130059093 ""
270.71419672662 -22.16200624951 0.0308 0.0255 27.5333 "" "" 4069879712283566976 1168.12903 0.8232 0.032 3.593 -4.764 0.042 0.029 0.935 5825.8 4.394 15.276953 1.150692 15.76472 14.614028 "" "" 1120.86707 1220.32715 14593.70587 4.6163 6753.5 13.389 11312.0 15.612 "" "" 0.0027766421191346372 0.0035239626 0.0040655984 0.007589561 270.71419672662 -22.16200624951 1168.12903 3.5930000000000004 -4.764 3.0465257816314697 -3.281092823982239 0.16957824 0.15657824 "" "" 24.79092071970315 "" 4.034131005413959 ""
271.2307820813 -22.60834911847 0.0444 0.037 12.3957 "" "" 4069651494906380672 1070.51147 0.8985 0.0484 -0.487 -1.94 0.054 0.039 1.652 5738.4 4.4617 15.27714 1.182103 15.776544 14.59444 "" "" 1011.53534 1144.896 14591.19764 7.3814 6680.4 13.728 11518.0 14.257 "" "" 0.0028095315943414564 0.0035725462 0.004011217 0.0075837635 271.2307820813 -22.60834911847 1070.51147 -0.48699999999999954 -1.9400000000000004 -1.0334742183685304 -0.4570928239822387 0.18157825 0.16657825 "" "" 5.734104362752153 "" 1.0276087473087085 ""
271.27247937801 -22.07073902202 0.035 0.0324 29.8314 "" "" 4069891738193369344 1069.77075 0.902 0.0466 6.964 -0.171 0.047 0.031 0.942 5617.7 4.4788 15.277727 1.119072 15.753349 14.634277 "" "" 1018.06592 1119.56543 14583.29984 4.8977 6824.6 12.36 11103.0 15.464 "" "" 0.002779343357782851 0.0034134535 0.0040706806 0.0074841343 271.27247937801 -22.07073902202 1069.77075 6.963999999999997 -0.171 6.41752578163147 1.3119071760177612 0.17457825 0.15857825 "" "" 33.21442565185689 "" 5.778139788973051 ""
270.76062516632 -22.88245448958 0.0305 0.0278 26.6537 "" "" 4069277420431849856 1097.94897 0.8737 0.039 7.189 4.566 0.038 0.025 1.018 5605.6 4.5224 15.278113 1.030521 15.70486 14.674338 "" "" 1054.67029 1142.1272 14578.11592 5.1563 7136.3 11.152 10701.0 22.198 "" "" 0.0027819535740195153 0.0032655513 0.0043995786 0.00766513 270.76062516632 -22.88245448958 1097.94897 7.189 4.5660000000000025 6.64252578163147 6.048907176017761 0.16557825 0.15257825 "" "" 46.7552840763379 "" 7.472245136825505 ""
271.16730490858 -22.83730934865 0.0325 0.0283 20.7548 "" "" 4069638610004801408 1146.50879 0.8408 0.038 -1.486 0.365 0.041 0.029 0.951 5909.7 4.508 15.278433 1.122188 15.752674 14.630486 "" "" 1097.08557 1212.4502 14573.83205 5.0164 6828.8 17.007 11142.0 11.299 "" "" 0.0027805491690810384 0.0038854468 0.0039364966 0.007821944 271.16730490858 -22.83730934865 1146.50879 -1.4860000000000002 0.365 -2.03247421836853 1.8479071760177612 0.16857824 0.15657824 "" "" 14.928145314291978 "" 2.4371245188292465 ""
271.0642097502 -22.4970249374 0.0495 0.0401 2.1234 "" "" 4069668567379055744 975.20343 0.9869 0.0517 -5.876 -6.647 0.072 0.05 1.578 5474.2 4.0016 15.278729 1.082492 15.737511 14.655019 "" "" 925.206055 1034.87329 14569.84601 11.287 6924.9 22.653 10893.0 22.053 "" "" 0.002880840035858656 0.0045165955 0.0043721055 0.008888701 271.0642097502 -22.4970249374 975.20343 -5.875999999999998 -6.647 -6.422474218368531 -5.164092823982239 0.19957824 0.17757824 "" "" 38.09427449367334 "" 7.285215709096532 ""
271.03842393948 -22.13594443064 0.0321 0.0267 22.7465 "" "" 4069888851975545728 974.679993 1.0021 0.0402 -1.849 -12.975 0.038 0.027 1.101 5737.0 4.518 15.279049 1.082002 15.734645 14.652643 "" "" 941.249207 1005.96118 14565.56205 5.1161 6943.2 12.447 10917.0 13.08 "" "" 0.002781586863751024 0.0034019805 0.0039969925 0.007398973 271.03842393948 -22.13594443064 974.679993 -1.8490000000000009 -12.975 -2.3954742183685305 -11.492092823982238 0.16557825 0.15457824 "" "" 54.234449390958446 "" 8.409151913067946 ""
271.09231978556 -22.48588483798 0.0376 0.0316 3.8114 "" "" 4069665749889022848 939.334229 1.0253 0.0401 -1.809 -3.885 0.052 0.034 1.112 5495.9 4.3852 15.279427 1.048873 15.659222 14.610349 "" "" 907.674744 976.086914 14560.49151 7.5215 7442.7 108.03 11351.0 35.041 "" "" 0.0028118234000004474 0.016004438 0.0050515044 0.021055942 271.09231978556 -22.48588483798 939.334229 -1.8089999999999984 -3.8850000000000025 -2.3554742183685304 -2.4020928239822386 0.17957824 0.16157824 "" "" 14.979222017984661 "" 2.556043902359003 ""
270.65281029238 -22.11469595133 0.0301 0.0251 31.9062 "" "" 4069880880514764544 1330.21277 0.706 0.0315 0.698 -0.211 0.041 0.03 0.923 "" "" 15.27963 1.68941 16.059628 14.370217 "" "" 1279.47131 1386.88232 14557.77012 6.864 5147.1 23.935 14160.0 42.055 "" "" 0.0028024733806732813 0.0057685566 0.004968089 0.010736646 270.65281029238 -22.11469595133 1330.21277 0.6980000000000004 -0.21099999999999983 0.15152578163146968 1.2719071760177612 0.16857824 0.15757824 "" "" 8.076349277271962 "" 1.2739429100847193 ""
271.37185700573 -22.8468373857 0.0302 0.0245 27.4238 "" "" 4069596588041406464 1375.39905 0.6957 0.0328 3.232 0.12 0.04 0.027 1.004 7331.1 3.9752 15.280278 1.441886 15.931674 14.489788 "" "" 1318.0249 1460.2179 14549.07958 5.8122 5790.9 10.529 12684.0 14.456 "" "" 0.002789250737931911 0.0034179015 0.0039767986 0.0073947003 271.37185700573 -22.8468373857 1375.39905 3.232 0.11999999999999998 2.68552578163147 1.6029071760177613 0.16757825 0.15457824 "" "" 20.38950518657131 "" 3.349244208644214 ""
271.24694853445 -22.22277104576 0.0296 0.0256 21.23 "" "" 4069696815403334784 1147.24023 0.849 0.039 -3.236 -6.881 0.04 0.028 0.912 5889.0 4.3674 15.280991 1.126285 15.753257 14.626972 "" "" 1090.93188 1209.86047 14539.53331 5.3385 6825.2 14.115 11178.0 18.427 "" "" 0.002784010093003403 0.0035814492 0.0041817776 0.0077632265 271.24694853445 -22.22277104576 1147.24023 -3.236 -6.881 -3.7824742183685305 -5.398092823982239 0.16757825 0.15557824 "" "" 35.84348215248544 "" 5.721678634512368 ""
271.42621808223 -22.14683171119 0.0316 0.0267 31.122 "" "" 4069703957910257920 1151.92981 0.8194 0.0377 -7.647 -6.978 0.041 0.027 0.968 4942.5 4.2832 15.281715 1.16197 15.780924 14.618954 "" "" 1108.07971 1200.828 14529.83123 5.0675 6653.5 16.722 11261.0 10.858 "" "" 0.0027812188186643366 0.0039027012 0.003921694 0.007824395 271.42621808223 -22.14683171119 1151.92981 -7.647000000000003 -6.978 -8.19347421836853 -5.4950928239822385 0.16857824 0.15457824 "" "" 53.86735289895432 "" 8.85376861060354 ""
271.40225424456 -22.92865865519 0.0315 0.0261 32.2135 "" "" 4069592121275343488 1305.53308 0.7281 0.0332 0.709 -1.532 0.044 0.03 1.049 5964.7 4.1792 15.283221 1.233728 15.74261 14.508883 "" "" 1246.57056 1367.09888 14509.6938 9.0759 6892.4 58.618 12463.0 200.02 "" "" 0.002837783108003201 0.009646234 0.017830245 0.027476478 271.40225424456 -22.92865865519 1305.53308 0.709 -1.532 0.1625257816314697 -0.0490928239822388 0.17157824 0.15757824 "" "" 1.0506277907161328 "" 0.17908132287856057 ""
270.43019353537 -22.37847838662 0.0277 0.0233 34.3204 "" "" 4069868992044856960 1317.66772 0.7122 0.0297 -2.17 -4.955 0.038 0.027 0.912 6329.6 3.9437 15.283896 1.792451 16.15165 14.359199 "" "" 1273.00903 1363.22961 14500.67468 5.5316 4728.9 10.169 14305.0 15.989 "" "" 0.0027862757720282243 0.003638153 0.0039694374 0.0076075904 270.43019353537 -22.37847838662 1317.66772 -2.17 -4.955 -2.71647421836853 -3.472092823982239 0.16557825 0.15457824 "" "" 27.534216984224898 "" 4.373662009404793 ""
271.35618711338 -22.84433792112 0.0308 0.025 26.7237 "" "" 4069596656760892288 1350.24609 0.7133 0.0331 -5.276 -14.118 0.042 0.028 0.976 4953.4 3.7225 15.285862 1.461167 15.955629 14.494462 "" "" 1287.37048 1409.48474 14474.4445 5.0737 5664.5 11.406 12629.0 14.492 "" "" 0.0027814800641103327 0.0035446656 0.003979447 0.0075241122 271.35618711338 -22.84433792112 1350.24609 -5.276000000000002 -14.118000000000004 -5.82247421836853 -12.635092823982239 0.16957824 0.15557824 "" "" 89.03981347073773 "" 14.078976916057796 ""
270.96288476642 -22.65675247781 0.0315 0.0253 9.3096 "" "" 4069657022504746240 1331.18896 0.7112 0.0344 -0.718 -2.084 0.044 0.028 0.958 "" "" 15.285988 1.537516 15.98647 14.448955 "" "" 1276.59448 1389.95715 14472.76216 8.7442 5505.9 19.182 13170.0 52.364 "" "" 0.0028323318656750403 0.004700327 0.005737534 0.010437861 270.96288476642 -22.65675247781 1331.18896 -0.718 -2.0839999999999996 -1.2644742183685302 -0.6010928239822388 0.17157824 0.15557824 "" "" 8.834237827439601 "" 1.4907171200668623 ""
270.73003633927 -22.91908721738 0.0322 0.0286 29.4225 "" "" 4069275771164399616 1025.43506 0.9399 0.0406 4.211 -24.579 0.039 0.027 1.034 5374.3 4.396 15.289453 1.07747 15.731943 14.654473 "" "" 990.386963 1071.82202 14426.65788 5.6774 6960.5 17.064 10899.0 44.621 "" "" 0.0027882528238784405 0.0038561479 0.0058345716 0.00969072 270.73003633927 -22.91908721738 1025.43506 4.211000000000004 -24.579000000000004 3.66452578163147 -23.09609282398224 0.16657825 0.15457824 "" "" 113.66424958567015 "" 17.60477914429378 ""
270.96249775528 -22.85300817084 0.0274 0.0234 20.6344 "" "" 4069640465430636032 1284.27771 0.7485 0.0307 0.641 -2.604 0.033 0.024 0.963 9573.0 4.2019 15.291553 1.438292 15.932335 14.494042 "" "" 1231.24646 1340.01245 14398.78731 5.6456 5787.4 9.9938 12634.0 10.353 "" "" 0.0027880125411265753 0.0033615755 0.0038826943 0.00724427 270.96249775528 -22.85300817084 1284.27771 0.641 -2.604 0.09452578163146974 -1.1210928239822389 0.16057825 0.15157825 "" "" 6.848841715154131 "" 1.0385833573220378 ""
