Clusters/NGC_6531/NGC_6531_members.tsv
# %ECSV 1.0
# ---
# datatype:
# - name: RA_ICRS_1
#   unit: deg
#   datatype: float64
#   format: '{:15.11f}'
#   description: Right ascension (ICRS) at Ep=2016.0 (ra)
#   meta: !!omap
#   - {ucd: POS_EQ_RA_MAIN}
#   - {width: 15}
#   - {precision: '11'}
# - name: DE_ICRS_1
#   unit: deg
#   datatype: float64
#   format: '{:15.11f}'
#   description: Declination (ICRS) at Ep=2016.0 (dec)
#   meta: !!omap
#   - {ucd: POS_EQ_DEC_MAIN}
#   - {width: 15}
#   - {precision: '11'}
# - name: e_RA_ICRS
#   unit: mas
#   datatype: float64
#   format: '{:7.4f}'
#   description: Standard error of right ascension (ra_error)
#   meta: !!omap
#   - {ucd: ERROR}
#   - {width: 7}
#   - {precision: '4'}
# - name: e_DE_ICRS
#   unit: mas
#   datatype: float64
#   format: '{:7.4f}'
#   description: Standard error of declination (dec_error)
#   meta: !!omap
#   - {ucd: ERROR}
#   - {width: 7}
#   - {precision: '4'}
# - name: _r_1
#   unit: ''
#   datatype: float64
#   format: '{:7.4f}'
#   description: Distance from center (271.03120737000-22.51499443000)[ICRS], at Epoch=J2016.0
#   meta: !!omap
#   - {ucd: POS_ANG_DIST_GENERAL}
#   - {width: 7}
#   - {precision: '4'}
# - name: HIP
#   datatype: int32
#   description: '? HIP cross-id number, van Leeuwen, Cat. I/311 (hip_original_ext_source_id)'
#   meta: !!omap
#   - {ucd: ID_NUMBER}
#   - {width: 6}
#   - values: {'null': -2147483648}
# - name: TYC2
#   datatype: string
#   description: Tycho-2 cross-id name, Hog et al., Cat. I/259 (tyc2_original_ext_source_id)
#   meta: !!omap
#   - {ucd: ID_CROSSID}
#   - {_votable_string_dtype: char}
# - name: Source
#   datatype: int64
#   description: Source identifier, identical to the Gaia-EDR3 source_id (id)
#   meta: !!omap
#   - {ucd: ID_MAIN}
#   - {width: 19}
# - name: rgeo
#   unit: pc
#   datatype: float64
#   format: '{:15.8f}'
#   description: '? Median of the geometric distance posterior (r_med_geo)'
#   meta: !!omap
#   - {ucd: PHYS_DISTANCE_TRUE}
#   - {width: 15}
#   - {precision: '8'}
#   - values: {'null': .nan}
# - name: Plx
#   unit: mas
#   datatype: float64
#   format: '{:9.4f}'
#   description: '? Parallax (parallax)'
#   meta: !!omap
#   - {ucd: POS_PARLX_TRIG}
#   - {width: 9}
#   - {precision: '4'}
#   - values: {'null': .nan}
# - name: e_Plx
#   unit: mas
#   datatype: float32
#   format: '{:7.4f}'
#   description: '? Standard error of parallax (parallax_error)'
#   meta: !!omap
#   - {ucd: ERROR}
#   - {width: 7}
#   - {precision: '4'}
#   - values: {'null': .nan}
# - name: pmRA
#   unit: mas / yr
#   datatype: float64
#   format: '{:9.3f}'
#   description: '? Proper motion in right ascension direction, pmRA*cosDE (pmra)'
#   meta: !!omap
#   - {ucd: POS_EQ_PMRA}
#   - {width: 9}
#   - {precision: '3'}
#   - values: {'null': .nan}
# - name: pmDE
#   unit: mas / yr
#   datatype: float64
#   format: '{:9.3f}'
#   description: '? Proper motion in declination direction (pmdec)'
#   meta: !!omap
#   - {ucd: POS_EQ_PMDEC}
#   - {width: 9}
#   - {precision: '3'}
#   - values: {'null': .nan}
# - name: e_pmRA
#   unit: mas / yr
#   datatype: float32
#   format: '{:6.3f}'
#   description: '? Standard error of proper motion in right ascension direction (pmra_error)'
#   meta: !!omap
#   - {ucd: ERROR}
#   - {width: 6}
#   - {precision: '3'}
#   - values: {'null': .nan}
# - name: e_pmDE
[...]
#       distance: !astropy.table.SerializedColumn
#         __class__: astropy.coordinates.distances.Distance
#         unit: !astropy.units.Unit {unit: pc}
#         value: !astropy.table.SerializedColumn {name: SkyCoord.distance}
#       frame: icrs
#       obstime: !astropy.time.Time {format: jyear_str, in_subfmt: '*', jd1: 367701545.0, jd2: 0.0, out_subfmt: '*', precision: 3, scale: tt}
#       pm_dec: !astropy.table.SerializedColumn
#         __class__: astropy.units.quantity.Quantity
#         unit: !astropy.units.Unit {unit: mas / yr}
#         value: !astropy.table.SerializedColumn {name: SkyCoord.pm_dec}
#       pm_ra_cosdec: !astropy.table.SerializedColumn
#         __class__: astropy.units.quantity.Quantity
#         unit: !astropy.units.Unit {unit: mas / yr}
#         value: !astropy.table.SerializedColumn {name: SkyCoord.pm_ra_cosdec}
#       ra: !astropy.table.SerializedColumn
#         __class__: astropy.coordinates.angles.Longitude
#         unit: *id001
#         value: !astropy.table.SerializedColumn {name: SkyCoord.ra}
#         wrap_angle: !astropy.coordinates.Angle
#           unit: *id001
#           value: 360.0
#       representation_type: spherical
# schema: astropy-2.0
RA_ICRS_1 DE_ICRS_1 e_RA_ICRS e_DE_ICRS _r_1 HIP TYC2 Source rgeo Plx e_Plx pmRA pmDE e_pmRA e_pmDE RUWE Teff logg Gmag BP-RP BPmag RPmag RV e_RV b_rgeo B_rgeo FG e_FG FBP e_FBP FRP e_FRP RAVE5 RAVE6 e_Gmag e_BPmag e_RPmag e_BP-RP SkyCoord.ra SkyCoord.dec SkyCoord.distance SkyCoord.pm_ra_cosdec SkyCoord.pm_dec rmRA rmDE e_rmRA e_rmDE rRV e_rRV v_pec v_pec3d e_vpec e_vpec3d Pmemb
271.01220043479 -22.56596138557 0.0303 0.0247 3.2343 88484 6842-425-1 4069663589522760448 1222.99634 0.7873 0.032 0.303 -1.443 0.04 0.027 0.745 21920.4 3.6925 8.239204 -0.014858 8.209863 8.224721 "" "" 1183.60974 1275.60669 9533776.76139 4844.4 7103500.0 5506.7 4067000.0 1806.4 "" "" 0.002810010169965871 0.0029143544 0.0038100241 0.0067243786 271.01220043479 -22.56596138557 1222.99634 0.303 -1.443 -0.24347421836853028 0.03990717601776117 0.16757825 0.15457824 "" "" 1.4302543431344323 "" 0.23921148016007268 "" 0.9
271.02478249367 -22.45413499192 0.0225 0.0186 3.6689 "" 6263-243-1 4069669701249711616 1207.19116 0.7985 0.0245 0.727 -1.517 0.03 0.021 0.93 "" "" 9.625538 0.091506 9.640121 9.548615 "" "" 1177.22205 1235.59424 2659081.07137 1103.6 1902700.0 1633.6 1201500.0 977.71 "" "" 0.0027919244472515378 0.0029417695 0.0038812773 0.006823047 271.02478249367 -22.45413499192 1207.19116 0.7270000000000001 -1.517 0.1805257816314697 -0.034092823982238674 0.15757824 0.14857824 "" "" 1.0512435946001808 "" 0.16533630476319167 "" 0.8
271.14398911804 -22.37688162773 0.0196 0.0162 10.382 "" 6263-884-1 4069693173270991872 1241.20129 0.7785 0.0224 0.525 -1.441 0.027 0.019 0.829 16013.6 3.8467 9.77807 0.120445 9.804033 9.683588 "" "" 1208.08313 1274.45093 2310568.87798 1092.8 1636100.0 1527.8 1061000.0 585.17 "" "" 0.0028027626576383217 0.0029686654 0.0038265262 0.0067951917 271.14398911804 -22.37688162773 1241.20129 0.525 -1.4409999999999996 -0.02147421836853025 0.04190717601776117 0.15457824 0.14657824 "" "" 0.27703715813227864 "" 0.04107839013722817 "" 0.8
271.10129863365 -22.43856514616 0.0195 0.0159 6.0108 88508 6263-1982-1 4069669224531549440 1272.2887 0.7596 0.0212 0.579 -1.419 0.026 0.017 0.864 "" "" 9.882229 0.135251 9.9142 9.778949 "" "" 1240.01648 1303.04919 2099206.949 830.3 1478200.0 1400.3 971800.0 1105.3 "" "" 0.0027885855649102454 0.002973701 0.0039760126 0.0069497135 271.10129863365 -22.43856514616 1272.2887 0.5789999999999997 -1.419 0.032525781631469686 0.06390717601776119 0.15357825 0.14457825 "" "" 0.4324464258485981 "" 0.06334263318668036 "" 1.0
271.07078435704 -22.50925424277 0.0198 0.0159 2.2205 "" 6842-432-1 4069665616758989056 1149.49475 0.8393 0.0215 0.781 -1.376 0.026 0.018 0.742 "" "" 9.948385 0.070963 9.957362 9.886399 "" "" 1126.31482 1179.11377 1975116.63277 820.46 1420600.0 818.9 880230.0 364.39 "" "" 0.002791988905730223 0.0028595035 0.0038060143 0.0066655176 271.07078435704 -22.50925424277 1149.49475 0.7810000000000005 -1.3759999999999983 0.23452578163146975 0.10690717601776134 0.15357825 0.14557824 "" "" 1.4043401715161044 "" 0.21378529101223323 "" 0.9
271.04312854016 -22.59706386097 0.0311 0.0251 4.9683 "" 6842-389-1 4069663245937005312 1188.00598 0.8139 0.0326 0.195 -1.877 0.039 0.028 1.193 13723.7 3.7792 10.144938 0.121987 10.171303 10.049315 "" "" 1140.06323 1243.99219 1648053.80531 858.15 1166500.0 2256.4 757590.0 822.09 "" "" 0.002812722551724422 0.0034922464 0.003958765 0.0074510113 271.04312854016 -22.59706386097 1188.00598 0.19500000000000006 -1.8770000000000002 -0.35147421836853027 -0.39409282398223877 0.16657825 0.15557824 "" "" 2.973562422145126 "" 0.4773891424904586 "" 0.8
271.14410061285 -22.50518215833 0.0188 0.0149 6.2852 "" "" 4069665822917384064 1208.18628 0.8074 0.0208 0.701 -1.544 0.023 0.016 0.824 8051.0 3.3074 10.643206 0.181028 10.693142 10.512114 "" "" 1178.16907 1241.93054 1041512.32305 439.79 721370.0 813.0 494670.0 545.33 "" "" 0.0027932022211431995 0.0030466972 0.003964387 0.007011084 271.14410061285 -22.50518215833 1208.18628 0.701 -1.544 0.15452578163146968 -0.06109282398223881 0.15057825 0.14357825 "" "" 0.9515897881646426 "" 0.14240649782037473 "" 0.9
271.05533788548 -22.49031095314 0.0197 0.0155 1.9956 "" "" 4069668571696511616 1208.94312 0.8005 0.0213 0.661 -1.272 0.029 0.019 0.967 "" "" 10.765177 0.279117 10.855706 10.57659 -9.15 12.23 1177.79956 1235.19458 930841.84713 240.7 621060.0 518.14 466150.0 343.76 "" "" 0.0027695869163699522 0.0029335206 0.003863263 0.006796784 271.05533788548 -22.49031095314 1208.94312 0.661 -1.272 0.11452578163146976 0.2109071760177612 0.15657824 0.14657824 8.750769230769231 15.601747 1.375269715646392 8.858178645802512 0.20479758601701256 15.412601135602182 0.9
270.83077422158 -22.69511833996 0.0527 0.0423 15.4938 "" "" 4069658126335692544 1268.00769 0.7629 0.0581 0.637 -1.344 0.075 0.052 2.744 9511.3 3.809 11.04868 0.410192 11.192946 10.782754 "" "" 1179.01953 1361.60889 716926.34398 497.15 455240.0 362.09 385530.0 199.19 "" "" 0.0028563346444189157 0.0029207552 0.003820786 0.0067415414 270.83077422158 -22.69511833996 1268.00769 0.637 -1.344 0.09052578163146974 0.13890717601776115 0.20257825 0.17957824 "" "" 0.996525812117777 "" 0.18608251554091274 "" 0.8
270.8764998528 -22.3414522202 0.0188 0.0148 13.4923 "" 6263-954-1 4069862081423870464 1310.04285 0.7048 0.0204 0.64 -1.873 0.023 0.016 0.791 "" "" 11.522402 0.242466 11.600864 11.358398 -15.82 11.77 1275.28198 1342.69214 463431.98473 148.5 312660.0 198.48 226880.0 107.2 "" "" 0.002777198148499696 0.0028740384 0.0038140402 0.006688079 270.8764998528 -22.3414522202 1310.04285 0.6399999999999996 -1.8729999999999996 0.09352578163146974 -0.39009282398223877 0.15057825 0.14357825 2.0807692307692314 15.141747 2.4909680510387924 3.2456929033739432 0.35861842221642176 9.711067762652428 0.8
270.98825653229 -22.39668116247 0.0208 0.0174 7.4877 "" "" 4069857825129947776 1223.45764 0.759 0.0223 0.657 -1.615 0.027 0.019 0.973 "" "" 11.66044 0.251009 11.74177 11.490761 "" "" 1191.63721 1258.60547 408103.60691 133.67 274610.0 217.52 200840.0 123.84 "" "" 0.002778174931400551 0.0029197051 0.003838219 0.0067579243 270.98825653229 -22.39668116247 1223.45764 0.657 -1.615 0.11052578163146975 -0.13209282398223876 0.15457824 0.14657824 "" "" 0.9988160700960144 "" 0.14974688001035077 "" 0.9
271.09078970096 -22.57568013033 0.0191 0.015 4.9152 "" "" 4069663001100740608 1300.29541 0.7041 0.021 0.647 -1.409 0.024 0.016 0.804 "" "" 11.670427 0.213174 11.737762 11.524589 2.72 23.59 1261.34692 1339.21082 404367.2227 112.7 275620.0 228.25 194680.0 85.374 "" "" 0.002771887006419251 0.0029314654 0.0038092558 0.006740721 271.09078970096 -22.57568013033 1300.29541 0.647 -1.4089999999999994 0.10052578163146975 0.0739071760177612 0.15157825 0.14357825 20.62076923076923 26.961746 0.7690111665431937 20.63510363053472 0.1144444368388829 26.943017282361083 0.9
271.07940346298 -22.64233151713 0.0184 0.0144 8.0934 "" "" 4069662107747546880 1249.49927 0.7424 0.0202 0.569 -1.344 0.024 0.016 0.816 "" "" 11.700329 0.270255 11.790501 11.520246 -26.21 18.93 1212.21643 1278.80627 393382.63152 119.41 262550.0 150.16 195460.0 68.917 "" "" 0.0027749606946301905 0.0028584339 0.0037987204 0.0066571543 271.07940346298 -22.64233151713 1249.49927 0.5690000000000004 -1.344 0.022525781631469677 0.13890717601776115 0.15157825 0.14357825 -8.30923076923077 22.301746 0.8334424441784423 8.350924636475263 0.11983968069512951 22.1904031128862 0.8
271.00470045186 -22.48731444811 0.0162 0.0138 2.2175 "" "" 4069667399147244928 1202.98035 0.7704 0.0169 0.364 -1.393 0.025 0.018 0.689 "" "" 11.754867 0.251031 11.836131 11.5851 -8.22 21.48 1179.22229 1229.75122 374110.68607 87.817 251750.0 237.93 184130.0 69.1 "" "" 0.0027670821012217863 0.0029728774 0.003801282 0.006774159 271.00470045186 -22.48731444811 1202.98035 0.3640000000000001 -1.3929999999999996 -0.18247421836853028 0.08990717601776121 0.15257825 0.14557824 9.680769230769231 24.851746 1.1599328723553948 9.750012162442616 0.17542397326702505 24.675261551390594 1.0
271.02219754937 -22.51781190979 0.0146 0.0121 0.5272 "" "" 4069667059868025088 1244.53528 0.7367 0.0152 0.63 -1.41 0.021 0.014 0.605 "" "" 11.773538 0.263103 11.861426 11.598323 "" "" 1219.99915 1263.2262 367732.08622 102.66 245950.0 221.51 181900.0 93.623 "" "" 0.002771941999223745 0.0029565576 0.0038204726 0.0067770304 271.02219754937 -22.51781190979 1244.53528 0.6299999999999999 -1.41 0.08352578163146973 0.07290717601776131 0.14857824 0.14157824 "" "" 0.654029068318916 "" 0.09522174457378238 "" 0.9
271.07343695044 -22.47945362304 0.0168 0.0131 3.1666 "" "" 4069668704817301504 1299.79004 0.7082 0.0181 0.594 -1.379 0.024 0.016 0.826 10089.7 3.9714 11.804088 0.290336 11.902297 11.611961 "" "" 1270.57727 1326.96069 357529.25497 118.3 236860.0 237.62 179630.0 80.414 "" "" 0.002778641825108128 0.0029952375 0.0038105075 0.006805745 271.07343695044 -22.47945362304 1299.79004 0.5940000000000004 -1.3790000000000007 0.0475257816314697 0.10390717601776123 0.15157825 0.14357825 "" "" 0.7039578509280914 "" 0.10206959254949606 "" 0.8
270.98455032421 -22.50330419236 0.0134 0.0109 2.6796 "" "" 4069667300386227968 1169.30042 0.8129 0.0144 0.28 -1.522 0.02 0.013 0.744 "" "" 12.015433 0.509444 12.201003 11.691559 -15.2 17.3 1152.05188 1189.26868 294288.70429 81.796 179890.0 194.89 166930.0 72.166 "" "" 0.0027717967708936566 0.0030279793 0.0038084174 0.0068363966 270.98455032421 -22.50330419236 1169.30042 0.28000000000000014 -1.5220000000000005 -0.26647421836853025 -0.03909282398223879 0.14757824 0.14057824 2.7007692307692324 20.671745 1.492737756307168 3.085841934865554 0.2200805768110624 18.09249514364432 0.8
271.05080227464 -22.61338674047 0.0149 0.0127 6.0025 "" 6842-474-1 4069662382625452288 1300.35876 0.7315 0.0167 0.605 -1.493 0.019 0.014 0.777 "" "" 12.048501 0.655828 12.285248 11.62942 "" "" 1277.74512 1337.30469 285460.67782 312.8 166460.0 908.37 176760.0 550.52 "" "" 0.0030012035751581273 0.0065489593 0.005071339 0.011620298 271.05080227464 -22.61338674047 1300.35876 0.6050000000000006 -1.493 0.05852578163146971 -0.010092823982238874 0.14657824 0.14157824 "" "" 0.3660601041364995 "" 0.05360446141688586 "" 0.8
270.95990734147 -22.49977070937 0.0172 0.0142 4.0563 "" "" 4069668017622537600 1215.50562 0.7783 0.0182 0.516 -1.641 0.023 0.016 0.896 "" "" 12.130776 0.298783 12.232571 11.933787 "" "" 1186.71484 1244.39001 264628.14601 68.659 174740.0 125.38 133550.0 52.269 "" "" 0.002769682993108534 0.0028968868 0.0038031957 0.0067000827 270.95990734147 -22.49977070937 1215.50562 0.5159999999999996 -1.641000000000001 -0.03047421836853026 -0.15809282398223878 0.15057825 0.14357825 "" "" 0.9276191911179064 "" 0.1334240237209832 "" 0.9
270.99740688552 -22.54359444564 0.019 0.0156 2.5404 "" "" 4069666540153791104 1245.26794 0.7688 0.0203 0.223 -1.482 0.029 0.02 1.101 9941.6 4.0637 12.178026 0.41013 12.324419 11.914289 "" "" 1208.21045 1283.71582 253358.87002 75.515 160560.0 159.32 135970.0 73.491 "" "" 0.0027742589250018667 0.002990942 0.00382467 0.0068156123 270.99740688552 -22.54359444564 1245.26794 0.22300000000000028 -1.4819999999999995 -0.3234742183685303 0.0009071760177612465 0.15657824 0.14757824 "" "" 1.9093367371409558 "" 0.29896045990575487 "" 0.8
271.15147611238 -22.41754807759 0.0144 0.0117 8.8687 "" 6263-53-1 4069692760954077568 1275.88257 0.7468 0.0167 0.372 -1.412 0.018 0.012 0.835 8513.0 3.9094 12.331643 0.382561 12.458813 12.076252 "" "" 1249.21521 1298.56445 219932.54639 74.546 141870.0 119.59 117130.0 150.56 "" "" 0.002779787845028777 0.0029364415 0.0040288297 0.006965271 271.15147611238 -22.41754807759 1275.88257 0.37200000000000005 -1.4119999999999995 -0.17447421836853028 0.07090717601776131 0.14557824 0.13957824 "" "" 1.1389745265832394 "" 0.1648584206312954 "" 0.9
271.10033443165 -22.52207583336 0.0146 0.0114 3.8549 "" "" 4069665371922685184 1258.99744 0.7584 0.0162 0.67 -1.532 0.021 0.013 0.848 9809.2 4.1049 12.387413 0.491514 12.566178 12.074664 -70.03 35.49 1238.74988 1281.85364 208920.71412 67.091 128510.0 110.74 117300.0 53.25 "" "" 0.002777292920176639 0.0029428562 0.003811386 0.006754242 271.10033443165 -22.52207583336 1258.99744 0.6700000000000002 -1.5319999999999987 0.12352578163146977 -0.0490928239822388 0.14857824 0.14057824 -52.12923076923077 38.861748 0.7932421504876639 52.135265739238605 0.11701317738472618 38.857249301874745 1.0
271.18596953096 -22.4103148422 0.0173 0.0143 10.6342 "" "" 4069689870416130560 1253.24097 0.7648 0.0202 0.553 -1.456 0.021 0.015 0.961 7721.5 4.0639 12.438589 0.370188 12.569667 12.199479 "" "" 1221.1488 1287.73926 199301.74952 65.534 128100.0 125.49 104560.0 76.797 "" "" 0.002778352968326725 0.0029860213 0.0038625966 0.006848618 271.18596953096 -22.4103148422 1253.24097 0.553 -1.4559999999999995 0.006525781631469774 0.02690717601776127 0.14857824 0.14257824 "" "" 0.16447209314693695 "" 0.0235060504700137 "" 0.9
271.05378095408 -22.49584636332 0.017 0.0135 1.6987 "" "" 4069668567378351232 1219.20142 0.7845 0.018 0.566 -1.193 0.025 0.017 0.93 9708.3 4.0682 12.650233 0.312829 12.762593 12.449764 "" "" 1195.52332 1244.1825 164003.63948 44.855 107250.0 94.523 83033.0 69.15 "" "" 0.0027712755248333453 0.0029496944 0.0038860403 0.0068357345 271.05378095408 -22.49584636332 1219.20142 0.566 -1.1929999999999996 0.019525781631469674 0.28990717601776117 0.15257825 0.14457825 "" "" 1.679173524453423 "" 0.24283429932624123 "" 0.8
271.06659101984 -22.45586041685 0.014 0.0117 4.0542 "" "" 4069669018373129472 1224.1322 0.7868 0.0148 0.302 -1.402 0.019 0.014 0.943 8842.9 4.1107 12.658669 0.500105 12.843578 12.343473 "" "" 1203.16797 1244.60205 162734.23897 42.015 99537.0 77.678 91573.0 49.474 "" "" 0.002769542764653862 0.002915985 0.0038246324 0.0067406176 271.06659101984 -22.45586041685 1224.1322 0.302 -1.402 -0.24447421836853028 0.08090717601776132 0.14657824 0.14157824 "" "" 1.4941975294145464 "" 0.2182907369441697 "" 0.8
271.00379767673 -22.49352396944 0.0161 0.0131 1.992 "" "" 4069667403465439744 1177.43701 0.8147 0.0172 0.438 -1.344 0.024 0.015 0.876 9581.8 4.0389 12.68353 0.380466 12.820067 12.439601 "" "" 1151.97009 1205.45837 159050.4388 49.547 101720.0 89.273 83814.0 54.067 "" "" 0.00277600182582504 0.002948394 0.0038437317 0.0067921258 271.00379767673 -22.49352396944 1177.43701 0.4379999999999998 -1.3439999999999994 -0.10847421836853027 0.13890717601776115 0.15157825 0.14257824 "" "" 0.9836254354501426 "" 0.14366128308997986 "" 0.9
271.05510712578 -22.45481681611 0.0152 0.0126 3.8461 "" "" 4069668984013399936 1252.89319 0.7667 0.0161 0.663 -1.51 0.022 0.014 0.974 "" "" 12.700541 0.381286 12.83673 12.455444 "" "" 1228.30872 1274.51855 156577.87704 51.349 100170.0 91.462 82600.0 55.734 "" "" 0.0027782313981198 0.0029610512 0.0038497304 0.0068107815 271.05510712578 -22.45481681611 1252.89319 0.6629999999999994 -1.5099999999999996 0.11652578163146976 -0.02709282398223878 0.14957824 0.14157824 "" "" 0.7104717034597138 "" 0.10598702628079838 "" 0.9
271.07751645605 -22.46160626996 0.0146 0.0122 4.1051 "" "" 4069668812214688000 1200.77026 0.8004 0.0154 0.593 -1.42 0.02 0.015 0.988 9244.5 4.1479 12.71628 0.527956 12.909611 12.381655 "" "" 1177.66455 1222.56018 154324.48546 58.048 93664.0 150.72 88409.0 83.474 "" "" 0.002785421522178082 0.0032920318 0.003915944 0.0072079757 271.07751645605 -22.46160626996 1200.77026 0.593 -1.4199999999999997 0.0465257816314697 0.0629071760177613 0.14757824 0.14257824 "" "" 0.44533163720628055 "" 0.06429073428430415 "" 1.0
270.72082779237 -22.30598872107 0.0187 0.0148 21.2993 "" "" 4069873287013000192 1154.86304 0.8369 0.0184 0.569 -1.403 0.023 0.016 0.893 9191.5 4.0044 12.823054 0.542557 13.025244 12.482687 "" "" 1131.54517 1179.47925 139870.17941 50.889 84201.0 56.304 80553.0 49.249 "" "" 0.002783492962188885 0.0028830795 0.0038372336 0.006720313 270.72082779237 -22.30598872107 1154.86304 0.569 -1.4030000000000002 0.022525781631469677 0.0799071760177612 0.15057825 0.14357825 "" "" 0.45446384846359195 "" 0.06549058602707758 "" 0.8
271.07019708076 -22.6766106585 0.0169 0.0135 9.9346 "" "" 4069650150555912192 1187.28223 0.8082 0.0184 0.472 -1.386 0.023 0.015 0.877 9328.7 4.0701 12.892284 0.451307 13.05934 12.608032 "" "" 1160.07324 1213.03235 131229.99782 38.27 81598.0 64.348 71770.0 32.751 "" "" 0.002773453236184255 0.0029185857 0.0038117194 0.006730305 271.07019708076 -22.6766106585 1187.28223 0.472 -1.386 -0.0744742183685303 0.09690717601776133 0.15057825 0.14257824 "" "" 0.6878123345453372 "" 0.10014550254554122 "" 0.9
