Clusters/NGC_6531/NGC_6531_stars_in_region.tsv
# %ECSV 1.0
# ---
# datatype:
# - name: RA_ICRS_1
#   unit: deg
#   datatype: float64
#   format: '{:15.11f}'
#   description: Right ascension (ICRS) at Ep=2016.0 (ra)
#   meta: !!omap
#   - {ucd: POS_EQ_RA_MAIN}
#   - {width: 15}
#   - {precision: '11'}
# - name: DE_ICRS_1
#   unit: deg
#   datatype: float64
#   format: '{:15.11f}'
#   description: Declination (ICRS) at Ep=2016.0 (dec)
#   meta: !!omap
#   - {ucd: POS_EQ_DEC_MAIN}
#   - {width: 15}
#   - {precision: '11'}
# - name: e_RA_ICRS
#   unit: mas
#   datatype: float64
#   format: '{:7.4f}'
#   description: Standard error of right ascension (ra_error)
#   meta: !!omap
#   - {ucd: ERROR}
#   - {width: 7}
#   - {precision: '4'}
# - name: e_DE_ICRS
#   unit: mas
#   datatype: float64
#   format: '{:7.4f}'
#   description: Standard error of declination (dec_error)
#   meta: !!omap
#   - {ucd: ERROR}
#   - {width: 7}
#   - {precision: '4'}
# - name: _r_1
#   unit: ''
#   datatype: float64
#   format: '{:7.4f}'
#   description: Distance from center (271.03120737000-22.51499443000)[ICRS], at Epoch=J2016.0
#   meta: !!omap
#   - {ucd: POS_ANG_DIST_GENERAL}
#   - {width: 7}
#   - {precision: '4'}
# - name: HIP
#   datatype: int32
#   description: '? HIP cross-id number, van Leeuwen, Cat. I/311 (hip_original_ext_source_id)'
#   meta: !!omap
#   - {ucd: ID_NUMBER}
#   - {width: 6}
#   - values: {'null': -2147483648}
# - name: TYC2
#   datatype: string
#   description: Tycho-2 cross-id name, Hog et al., Cat. I/259 (tyc2_original_ext_source_id)
#   meta: !!omap
#   - {ucd: ID_CROSSID}
#   - {_votable_string_dtype: char}
# - name: Source
#   datatype: int64
#   description: Source identifier, identical to the Gaia-EDR3 source_id (id)
#   meta: !!omap
#   - {ucd: ID_MAIN}
#   - {width: 19}
# - name: rgeo
#   unit: pc
#   datatype: float64
#   format: '{:15.8f}'
#   description: '? Median of the geometric distance posterior (r_med_geo)'
#   meta: !!omap
#   - {ucd: PHYS_DISTANCE_TRUE}
#   - {width: 15}
#   - {precision: '8'}
#   - values: {'null': .nan}
# - name: Plx
#   unit: mas
#   datatype: float64
#   format: '{:9.4f}'
#   description: '? Parallax (parallax)'
#   meta: !!omap
#   - {ucd: POS_PARLX_TRIG}
#   - {width: 9}
#   - {precision: '4'}
#   - values: {'null': .nan}
# - name: e_Plx
#   unit: mas
#   datatype: float32
#   format: '{:7.4f}'
#   description: '? Standard error of parallax (parallax_error)'
#   meta: !!omap
#   - {ucd: ERROR}
#   - {width: 7}
#   - {precision: '4'}
#   - values: {'null': .nan}
# - name: pmRA
#   unit: mas / yr
#   datatype: float64
#   format: '{:9.3f}'
#   description: '? Proper motion in right ascension direction, pmRA*cosDE (pmra)'
#   meta: !!omap
#   - {ucd: POS_EQ_PMRA}
#   - {width: 9}
#   - {precision: '3'}
#   - values: {'null': .nan}
# - name: pmDE
#   unit: mas / yr
#   datatype: float64
#   format: '{:9.3f}'
#   description: '? Proper motion in declination direction (pmdec)'
#   meta: !!omap
#   - {ucd: POS_EQ_PMDEC}
#   - {width: 9}
#   - {precision: '3'}
#   - values: {'null': .nan}
# - name: e_pmRA
#   unit: mas / yr
#   datatype: float32
#   format: '{:6.3f}'
#   description: '? Standard error of proper motion in right ascension direction (pmra_error)'
#   meta: !!omap
#   - {ucd: ERROR}
#   - {width: 6}
#   - {precision: '3'}
#   - values: {'null': .nan}
# - name: e_pmDE
[...]
#         value: !astropy.table.SerializedColumn {name: SkyCoord.dec}
#       distance: !astropy.table.SerializedColumn
#         __class__: astropy.coordinates.distances.Distance
#         unit: !astropy.units.Unit {unit: pc}
#         value: !astropy.table.SerializedColumn {name: SkyCoord.distance}
#       frame: icrs
#       obstime: !astropy.time.Time {format: jyear_str, in_subfmt: '*', jd1: 367701545.0, jd2: 0.0, out_subfmt: '*', precision: 3, scale: tt}
#       pm_dec: !astropy.table.SerializedColumn
#         __class__: astropy.units.quantity.Quantity
#         unit: !astropy.units.Unit {unit: mas / yr}
#         value: !astropy.table.SerializedColumn {name: SkyCoord.pm_dec}
#       pm_ra_cosdec: !astropy.table.SerializedColumn
#         __class__: astropy.units.quantity.Quantity
#         unit: !astropy.units.Unit {unit: mas / yr}
#         value: !astropy.table.SerializedColumn {name: SkyCoord.pm_ra_cosdec}
#       ra: !astropy.table.SerializedColumn
#         __class__: astropy.coordinates.angles.Longitude
#         unit: *id001
#         value: !astropy.table.SerializedColumn {name: SkyCoord.ra}
#         wrap_angle: !astropy.coordinates.Angle
#           unit: *id001
#           value: 360.0
#       representation_type: spherical
# schema: astropy-2.0
RA_ICRS_1 DE_ICRS_1 e_RA_ICRS e_DE_ICRS _r_1 HIP TYC2 Source rgeo Plx e_Plx pmRA pmDE e_pmRA e_pmDE RUWE Teff logg Gmag BP-RP BPmag RPmag RV e_RV b_rgeo B_rgeo FG e_FG FBP e_FBP FRP e_FRP RAVE5 RAVE6 e_Gmag e_BPmag e_RPmag e_BP-RP SkyCoord.ra SkyCoord.dec SkyCoord.distance SkyCoord.pm_ra_cosdec SkyCoord.pm_dec rmRA rmDE e_rmRA e_rmDE rRV e_rRV v_pec v_pec3d e_vpec e_vpec3d
[from data line 354]
271.03382542572 -22.57021212286 0.0192 0.0148 3.3162 "" "" 4069663314656500608 1182.84229 0.8106 0.0212 0.826 -1.659 0.03 0.021 0.882 7896.6 3.9476 12.908936 0.666897 13.164298 12.497401 "" "" 1157.45569 1218.00952 129232.59139 58.271 74079.0 90.217 79469.0 58.599 "" "" 0.0027984740575773995 0.0030876244 0.0038632487 0.006950873 271.03382542572 -22.57021212286 1182.84229 0.8259999999999993 -1.659 0.2795257816314697 -0.1760928239822388 0.15757824 0.14857824 "" "" 1.852267964256351 "" 0.2872393143721452 ""
271.39616281086 -22.98230408941 0.0159 0.0126 34.5536 "" "" 4069591670283254912 1264.24683 0.7584 0.0166 1.409 -1.051 0.023 0.015 0.834 "" "" 12.913731 0.503468 13.098618 12.59515 "" "" 1237.68213 1287.99902 128663.26275 34.676 78699.0 61.483 72627.0 41.219 "" "" 0.0027708146436803225 0.0029162527 0.0038292862 0.0067455387 271.39616281086 -22.98230408941 1264.24683 1.409 -1.051 0.8625257816314698 0.4319071760177613 0.15057825 0.14257824 "" "" 5.780522924536078 "" 0.8613490508387266 ""
271.46859085704 -22.8472173151 0.021 0.0174 31.3629 "" "" 4069595037535577344 1045.44946 0.9212 0.0229 0.833 -3.813 0.029 0.02 1.198 8096.1 4.0867 12.915114 0.572513 13.131226 12.558713 "" "" 1017.28986 1067.87488 128499.31671 40.205 76371.0 64.782 75106.0 42.064 "" "" 0.0027761825863984184 0.0029382396 0.0038279875 0.006766227 271.46859085704 -22.8472173151 1045.44946 0.8329999999999995 -3.8130000000000006 0.2865257816314697 -2.330092823982239 0.15657824 0.14757824 "" "" 11.633583629146514 "" 1.718470217245195 ""
271.39098325178 -22.13038324762 0.0154 0.0122 30.517 "" "" 4069704237106773888 1340.5426 0.7268 0.0167 -2.07 -8.137 0.021 0.013 0.807 "" "" 12.915316 2.05796 13.966343 11.908383 -18.45 0.66 1309.33789 1370.98889 128475.55336 34.791 35390.0 60.687 136710.0 95.255 "" "" 0.002770962776587541 0.003354318 0.0038543516 0.0072086696 271.39098325178 -22.13038324762 1340.5426 -2.069999999999998 -8.137 -2.61647421836853 -6.654092823982239 0.14857824 0.14057824 -0.5492307692307676 4.031747 45.43250195002705 45.43582163752607 6.436682874331793 6.436397105047459
271.31362413258 -22.7702951191 0.0182 0.0149 21.8911 "" "" 4069598129912758528 1156.97388 0.8293 0.0198 0.833 -1.4 0.024 0.017 0.946 "" "" 12.917848 0.501155 13.103541 12.602386 "" "" 1130.93958 1187.09937 128176.27688 54.316 78343.0 64.627 72145.0 33.488 "" "" 0.002793469852884338 0.0029303986 0.0038128358 0.0067432346 271.31362413258 -22.7702951191 1156.97388 0.8329999999999999 -1.4000000000000008 0.2865257816314697 0.08290717601776132 0.15157825 0.14457825 "" "" 1.6357812008885777 "" 0.24708313460575088 ""
270.76329939884 -22.63042745559 0.0161 0.0136 16.3794 "" "" 4069659569444750720 1384.89514 0.6958 0.0169 0.519 -3.099 0.021 0.015 0.886 "" "" 12.919042 1.087112 13.369875 12.282763 "" "" 1345.73047 1421.92322 128035.39356 29.413 61301.0 52.514 96840.0 48.854 "" "" 0.0027665864166545743 0.0029411125 0.0038188663 0.006759979 270.76329939884 -22.63042745559 1384.89514 0.519 -3.099 -0.027474218368530257 -1.616092823982239 0.14857824 0.14257824 "" "" 10.610217438826794 "" 1.5128049536624761 ""
271.46992823764 -22.62515333531 0.0159 0.0135 25.1898 "" "" 4069624415114556416 963.490173 1.0045 0.0186 -3.02 -3.139 0.022 0.015 0.902 7466.7 4.0625 12.921908 0.714752 13.19909 12.484338 -26.18 11.42 945.228333 987.014893 127697.8066 37.955 71743.0 48.48 80431.0 56.155 "" "" 0.0027741539123025405 0.0028850192 0.0038546522 0.0067396713 271.46992823764 -22.62515333531 963.490173 -3.0199999999999982 -3.1390000000000002 -3.5664742183685303 -1.6560928239822386 0.14957824 0.14257824 -8.279230769230768 14.791747 17.958242319499405 19.774835760026853 2.6642976676590573 6.648808236482528
270.71087251162 -22.23925702461 0.0164 0.0133 24.2813 "" "" 4069874764481178112 1388.12305 0.6999 0.0172 2.342 -2.961 0.021 0.015 0.897 "" "" 12.92436 2.090915 13.996549 11.905634 -32.06 0.54 1361.50769 1415.9696 127409.74255 32.141 34419.0 31.798 137060.0 55.956 "" "" 0.0027688999285400795 0.0029649911 0.003805287 0.0067702783 270.71087251162 -22.23925702461 1388.12305 2.3420000000000014 -2.9610000000000003 1.7955257816314698 -1.4780928239822386 0.14857824 0.14257824 -14.15923076923077 3.9117467 15.30211984858531 20.847990019107357 2.2369292929672606 3.1231270945125513
271.08310083619 -22.86211042149 0.0158 0.013 21.0241 "" "" 4069637471812840192 1315.06482 0.7359 0.0175 1.841 -3.697 0.02 0.014 0.88 "" "" 12.925037 2.334768 14.167579 11.83281 24.92 0.46 1289.73206 1342.57056 127330.34691 27.594 29403.0 30.656 146570.0 61.628 "" "" 0.0027653483858654307 0.00301106 0.0038068537 0.0068179136 271.08310083619 -22.86211042149 1315.06482 1.841 -3.6970000000000005 1.2945257816314697 -2.214092823982239 0.14757824 0.14157824 42.82076923076923 3.8317468 15.987205934887447 45.70786618427175 2.288259427469667 3.677860151976127
271.47061875137 -22.49273463046 0.0309 0.026 24.3937 "" "" 4069674309776878592 1186.16772 0.8133 0.0377 0.635 -1.327 0.038 0.028 0.945 8515.4 4.3919 12.928041 0.407829 13.07241 12.66458 "" "" 1120.45337 1241.58838 126978.51971 87.645 80622.0 63.816 68128.0 66.863 "" "" 0.002855417498353562 0.0029195263 0.0039267265 0.006846253 271.47061875137 -22.49273463046 1186.16772 0.635 -1.327 0.08852578163146974 0.15590717601776127 0.16557825 0.15557824 "" "" 1.0080300227891856 "" 0.1593439547881096 ""
270.86573699475 -22.00024991974 0.0157 0.0126 32.2225 "" "" 4069906134924248704 1091.83911 0.8916 0.0184 -3.651 -5.879 0.021 0.014 0.873 "" "" 12.941103 1.354476 13.550644 12.196168 -17.45 0.75 1069.68018 1112.82654 125460.11346 23.281 51899.0 37.502 104880.0 38.429 "" "" 0.002762676493871102 0.0028983727 0.003800262 0.0066986345 270.86573699475 -22.00024991974 1091.83911 -3.6510000000000016 -5.879 -4.19747421836853 -4.396092823982238 0.14857824 0.14157824 0.45076923076923237 4.121747 31.456574383338488 31.459803954155777 4.559904451214653 4.559818816988994
270.68592782727 -22.28515221566 0.0154 0.0122 23.6017 "" "" 4069873561890664832 975.309753 0.9986 0.0173 -1.703 -1.884 0.019 0.013 0.79 7194.7 3.886 12.943935 0.807113 13.261787 12.454675 11.67 7.01 960.278625 992.022949 125133.21724 43.965 67718.0 70.387 82659.0 56.554 "" "" 0.002781601639239124 0.003009755 0.0038516936 0.0068614483 270.68592782727 -22.28515221566 975.309753 -1.7029999999999992 -1.8840000000000006 -2.2494742183685306 -0.40109282398223867 0.14657824 0.14057824 29.57076923076923 10.381747 10.563264618805073 31.40084317827003 1.546430575987858 9.7905189190624
270.76227204905 -22.90172202037 0.0181 0.0153 27.5677 "" "" 4069275736804654080 1190.36047 0.8022 0.0219 0.46 -1.599 0.022 0.015 0.841 9028.9 4.1742 12.944704 0.413045 13.092543 12.679498 "" "" 1160.38 1215.42578 125044.64542 50.633 79141.0 86.627 67198.0 60.036 "" "" 0.0027901736281587797 0.0030327265 0.003901879 0.0069346055 270.76227204905 -22.90172202037 1190.36047 0.46 -1.5990000000000009 -0.08647421836853025 -0.11609282398223875 0.14957824 0.14257824 "" "" 0.816778192517512 "" 0.11852669129146341 ""
270.59296204195 -22.33741468165 0.018 0.0149 26.5388 "" "" 4069867823796107008 1083.65955 0.8894 0.0191 -1.848 -0.602 0.023 0.017 0.999 "" "" 12.945953 0.537619 13.136356 12.598738 "" "" 1060.88611 1105.59216 124900.86755 40.409 76011.0 103.35 72387.0 112.66 "" "" 0.002777620866942865 0.0031566354 0.004139943 0.0072965785 270.59296204195 -22.33741468165 1083.65955 -1.848000000000001 -0.6019999999999999 -2.39447421836853 0.8809071760177613 0.15057825 0.14457825 "" "" 13.105245509268372 "" 1.9641564971357546 ""
270.75320190505 -22.68977286457 0.017 0.0145 18.6308 "" "" 4069658710451272832 1213.33032 0.8034 0.0186 -4.054 -3.31 0.022 0.015 0.977 "" "" 12.947381 1.436796 13.603863 12.167067 -19.83 1.29 1188.37354 1243.08118 124736.72143 23.328 49416.0 41.742 107730.0 52.205 "" "" 0.002762791985930544 0.0029370345 0.0038158286 0.006752863 270.75320190505 -22.68977286457 1213.33032 -4.054 -3.310000000000001 -4.6004742183685305 -1.8270928239822388 0.14957824 0.14257824 -1.9292307692307666 4.661747 28.468445528177806 28.533740065960046 4.231662270728802 4.233727775793349
271.56766329687 -22.42044580123 0.0188 0.0167 30.2803 "" "" 4069680838124493952 1058.92004 0.9052 0.0267 0.997 -3.569 0.021 0.014 0.747 9350.4 4.2686 12.950395 0.584446 13.171079 12.586633 "" "" 1028.17664 1090.8855 124390.92725 48.24 73618.0 89.121 73199.0 52.248 "" "" 0.0027873069546681117 0.0030842565 0.0038580198 0.0069422764 271.56766329687 -22.42044580123 1058.92004 0.997 -3.569 0.4505257816314697 -2.0860928239822387 0.14857824 0.14157824 "" "" 10.712087293829818 "" 1.5200187760438155 ""
270.74091795865 -22.20618231796 0.0174 0.0138 24.5514 "" "" 4069876443794500224 994.528442 0.9759 0.0184 -1.204 -0.732 0.022 0.016 0.91 7213.8 3.9724 12.954627 0.808326 13.273128 12.464802 -49.04 15.08 977.475586 1013.67712 123907.01409 34.609 67014.0 47.164 81891.0 60.832 "" "" 0.0027719590594175334 0.0028929135 0.0038644813 0.006757395 270.74091795865 -22.20618231796 994.528442 -1.203999999999999 -0.732 -1.7504742183685302 0.7509071760177612 0.14957824 0.14357825 -31.139230769230767 18.451746 8.979051863278137 32.40794756325749 1.3348404618987886 17.733248041877914
270.87041596424 -21.93213928964 0.0513 0.0427 36.0936 "" "" 4069907715472263936 1156.3197 0.8642 0.0624 0.196 1.615 0.064 0.045 3.269 7632.4 4.2255 12.9572 0.831722 13.283208 12.451486 -1.06 8.03 1052.06934 1236.10498 123613.72818 76.831 66395.0 97.809 82902.0 87.537 "" "" 0.0028367559531562118 0.003216093 0.0039494364 0.0071655293 270.87041596424 -21.93213928964 1156.3197 0.196 1.615 -0.35047421836853027 3.0979071760177614 0.19157824 0.17257825 16.840769230769233 11.401747 17.087805600088334 23.99176126320104 2.9533090992503235 8.275140261428767
271.13090641643 -22.39401386193 0.0148 0.0123 9.1244 "" "" 4069693070191769856 1167.38293 0.8224 0.0162 0.417 -1.809 0.02 0.014 0.819 7858.6 3.8999 12.957311 0.746934 13.24855 12.501617 "" "" 1144.84351 1189.57507 123601.19189 38.04 68548.0 52.495 79161.0 43.6 "" "" 0.0027755082376501677 0.0029114247 0.0038263989 0.0067378236 271.13090641643 -22.39401386193 1167.38293 0.417 -1.8090000000000008 -0.1294742183685303 -0.3260928239822387 0.14757824 0.14157824 "" "" 1.9414262102830122 "" 0.2764788585164702 ""
270.63869798806 -22.97197533225 0.0183 0.0155 34.9789 "" "" 4069269375949068160 1121.97229 0.8675 0.0247 0.791 -1.931 0.022 0.017 0.778 "" "" 12.960622 0.758568 13.239237 12.480669 "" "" 1089.11621 1153.42883 123224.73041 257.46 69139.0 463.07 80703.0 444.04 "" "" 0.0035690082861167607 0.0077888104 0.0070690173 0.014857828 270.63869798806 -22.97197533225 1121.97229 0.791 -1.931 0.24452578163146976 -0.4480928239822388 0.14957824 0.14457825 "" "" 2.7147575100968546 "" 0.3956507024455999 ""
271.00543205951 -23.11178529157 0.0217 0.0187 35.8358 "" "" 4069210792581414912 1103.53528 0.8777 0.0249 2.283 -4.517 0.029 0.021 1.169 7461.0 3.9882 12.961235 0.623313 13.19798 12.574667 "" "" 1072.62549 1132.95032 123155.14157 32.268 71817.0 62.577 74010.0 47.026 "" "" 0.0027699666635589903 0.0029461924 0.0038418302 0.006788023 271.00543205951 -23.11178529157 1103.53528 2.2830000000000017 -4.5169999999999995 1.7365257816314696 -3.034092823982239 0.15657824 0.14857824 "" "" 18.286147515947523 "" 2.7537419714407143 ""
271.25626520869 -22.4815411867 0.014 0.0114 12.6362 "" "" 4069688500346379776 1146.36438 0.8465 0.0163 -4.928 -14.996 0.017 0.012 0.811 "" "" 12.970862 1.404478 13.603406 12.198928 52.81 7.2 1124.46631 1170.91821 122067.97117 23.351 49437.0 55.625 104610.0 36.033 "" "" 0.0027631371698958124 0.00304589 0.00379784 0.00684373 271.25626520869 -22.4815411867 1146.36438 -4.928 -14.995999999999995 -5.47447421836853 -13.51309282398224 0.14457825 0.13957824 70.71076923076923 10.571747 79.2237933174555 106.19050010624306 11.114619693951513 10.877251492939745
270.81281348553 -22.25844851382 0.0382 0.0307 19.5892 "" "" 4069863563206388096 1189.48743 0.8161 0.0421 -1.758 -4.095 0.045 0.032 2.239 "" "" 12.971478 0.937907 13.34799 12.410083 27.5 7.27 1134.07446 1252.1687 121998.84739 52.531 62549.0 58.533 86124.0 86.598 "" "" 0.0027947000361488714 0.0029694033 0.003933899 0.0069033024 270.81281348553 -22.25844851382 1189.48743 -1.7580000000000002 -4.0950000000000015 -2.3044742183685303 -2.6120928239822385 0.17257825 0.15957825 45.40076923076923 10.6417465 19.639642522212693 49.466608991782195 3.2482756357044247 9.851839027333709
271.19202479643 -22.90339348525 0.0175 0.0147 24.946 "" "" 4069590914366974080 977.711853 0.9895 0.0186 2.83 -3.629 0.024 0.016 0.962 6907.1 3.9247 12.974884 0.754067 13.269379 12.515311 -4.77 7.06 962.036865 994.126038 121616.65385 37.711 67246.0 64.09 78169.0 58.063 "" "" 0.002775812207880693 0.0029758727 0.0038644695 0.006840342 271.19202479643 -22.90339348525 977.711853 2.83 -3.629000000000001 2.28352578163147 -2.1460928239822388 0.15157825 0.14357825 13.130769230769232 10.4317465 14.522770880064087 19.57876335794867 2.147629032927604 7.175269362586473
270.86117356977 -22.22281829409 0.0141 0.0112 19.908 "" "" 4069864044242718848 1175.37732 0.8139 0.0159 0.435 -1.275 0.017 0.012 0.855 "" "" 12.987108 0.784389 13.296893 12.512504 1.86 7.04 1156.76428 1197.34509 120255.05317 84.814 65563.0 183.51 78371.0 131.75 "" "" 0.0028597493964727656 0.004125571 0.004197049 0.00832262 270.86117356977 -22.22281829409 1175.37732 0.4350000000000002 -1.275 -0.11147421836853028 0.20790717601776132 0.14457825 0.13957824 19.76076923076923 10.411747 1.3143033877307166 19.804428645803352 0.1849357574101197 10.388801241883254
271.58632616606 -22.45716790586 0.0187 0.0178 30.9698 "" "" 4069679974811484160 966.573364 1.0037 0.0255 -2.905 -0.045 0.025 0.016 0.798 6668.1 3.9091 12.989023 0.999783 13.368473 12.36869 7.94 9.74 945.657837 989.273315 120043.19253 40.131 61380.0 149.45 89471.0 687.19 "" "" 0.0027791247201143644 0.003843643 0.009155557 0.012999199 271.58632616606 -22.45716790586 966.573364 -2.905 -0.04500000000000003 -3.45147421836853 1.4379071760177613 0.15257825 0.14357825 25.840769230769233 13.111747 17.13052425730063 31.003229118397254 2.5915220868496784 11.021872966905061
270.91145435177 -22.13874025096 0.0135 0.0112 23.5333 "" "" 4069899636617894912 1030.59863 0.9371 0.0158 1.383 -1.572 0.016 0.012 0.746 "" "" 12.989347 0.775814 13.294189 12.518374 19.29 7.7 1014.4928 1045.17249 120007.34655 33.44 65727.0 47.822 77949.0 48.406 "" "" 0.002771880194919254 0.0028998437 0.0038390525 0.0067388965 270.91145435177 -22.13874025096 1030.59863 1.383 -1.572000000000001 0.8365257816314697 -0.08909282398223883 0.14357825 0.13957824 37.190769230769234 11.071747 4.10957076215377 37.41713361316552 0.5898631349400564 11.004956197876066
270.76996188253 -22.6229602157 0.0139 0.0117 15.8578 "" "" 4069659603804489856 1311.78052 0.7343 0.0149 -1.118 -7.141 0.017 0.012 0.855 4716.6 3.057 12.9936 1.482586 13.678679 12.196093 16.16 1.2 1286.80945 1335.58447 119538.22294 21.094 46126.0 35.397 104890.0 34.298 "" "" 0.0027619733425903238 0.0029119162 0.0037960203 0.0067079365 270.76996188253 -22.6229602157 1311.78052 -1.117999999999999 -7.140999999999995 -1.6644742183685304 -5.658092823982239 0.14457825 0.13957824 34.06076923076923 4.571747 36.67180881486506 50.04955107037156 5.133430510555031 4.8813362393640585
270.87469783965 -22.82341065731 0.0171 0.0128 20.4333 "" "" 4069653174213404288 1343.08972 0.7112 0.0187 -0.927 1.011 0.02 0.013 0.942 5143.3 3.0236 12.995445 1.811457 13.87709 12.065634 -28.16 1.08 1307.08435 1376.69299 119335.24104 29.471 38422.0 49.51 118280.0 88.496 "" "" 0.0027683361019647836 0.003121286 0.003865698 0.006986984 270.87469783965 -22.82341065731 1343.08972 -0.9270000000000007 1.011 -1.4734742183685303 2.4939071760177614 0.14757824 0.14057824 -10.259230769230768 4.451747 18.440914096414392 21.1025858294112 2.626401370350206 3.1546252519497826
