Clusters/NGC_6531/NGC_6531_members.tsv
# %ECSV 1.0
# ---
# datatype:
# - name: RA_ICRS_1
#   unit: deg
#   datatype: float64
#   format: '{:15.11f}'
#   description: Right ascension (ICRS) at Ep=2016.0 (ra)
#   meta: !!omap
#   - {ucd: POS_EQ_RA_MAIN}
#   - {width: 15}
#   - {precision: '11'}
# - name: DE_ICRS_1
#   unit: deg
#   datatype: float64
#   format: '{:15.11f}'
#   description: Declination (ICRS) at Ep=2016.0 (dec)
#   meta: !!omap
#   - {ucd: POS_EQ_DEC_MAIN}
#   - {width: 15}
#   - {precision: '11'}
# - name: e_RA_ICRS
#   unit: mas
#   datatype: float64
#   format: '{:7.4f}'
#   description: Standard error of right ascension (ra_error)
#   meta: !!omap
#   - {ucd: ERROR}
#   - {width: 7}
#   - {precision: '4'}
# - name: e_DE_ICRS
#   unit: mas
#   datatype: float64
#   format: '{:7.4f}'
#   description: Standard error of declination (dec_error)
#   meta: !!omap
#   - {ucd: ERROR}
#   - {width: 7}
#   - {precision: '4'}
# - name: _r_1
#   unit: ''
#   datatype: float64
#   format: '{:7.4f}'
#   description: Distance from center (271.03120737000-22.51499443000)[ICRS], at Epoch=J2016.0
#   meta: !!omap
#   - {ucd: POS_ANG_DIST_GENERAL}
#   - {width: 7}
#   - {precision: '4'}
# - name: HIP
#   datatype: int32
#   description: '? HIP cross-id number, van Leeuwen, Cat. I/311 (hip_original_ext_source_id)'
#   meta: !!omap
#   - {ucd: ID_NUMBER}
#   - {width: 6}
#   - values: {'null': -2147483648}
# - name: TYC2
#   datatype: string
#   description: Tycho-2 cross-id name, Hog et al., Cat. I/259 (tyc2_original_ext_source_id)
#   meta: !!omap
#   - {ucd: ID_CROSSID}
#   - {_votable_string_dtype: char}
# - name: Source
#   datatype: int64
#   description: Source identifier, identical to the Gaia-EDR3 source_id (id)
#   meta: !!omap
#   - {ucd: ID_MAIN}
#   - {width: 19}
# - name: rgeo
#   unit: pc
#   datatype: float64
#   format: '{:15.8f}'
#   description: '? Median of the geometric distance posterior (r_med_geo)'
#   meta: !!omap
#   - {ucd: PHYS_DISTANCE_TRUE}
#   - {width: 15}
#   - {precision: '8'}
#   - values: {'null': .nan}
# - name: Plx
#   unit: mas
#   datatype: float64
#   format: '{:9.4f}'
#   description: '? Parallax (parallax)'
#   meta: !!omap
#   - {ucd: POS_PARLX_TRIG}
#   - {width: 9}
#   - {precision: '4'}
#   - values: {'null': .nan}
# - name: e_Plx
#   unit: mas
#   datatype: float32
#   format: '{:7.4f}'
#   description: '? Standard error of parallax (parallax_error)'
#   meta: !!omap
#   - {ucd: ERROR}
#   - {width: 7}
#   - {precision: '4'}
#   - values: {'null': .nan}
# - name: pmRA
#   unit: mas / yr
#   datatype: float64
#   format: '{:9.3f}'
#   description: '? Proper motion in right ascension direction, pmRA*cosDE (pmra)'
#   meta: !!omap
#   - {ucd: POS_EQ_PMRA}
#   - {width: 9}
#   - {precision: '3'}
#   - values: {'null': .nan}
# - name: pmDE
#   unit: mas / yr
#   datatype: float64
#   format: '{:9.3f}'
#   description: '? Proper motion in declination direction (pmdec)'
#   meta: !!omap
#   - {ucd: POS_EQ_PMDEC}
#   - {width: 9}
#   - {precision: '3'}
#   - values: {'null': .nan}
# - name: e_pmRA
#   unit: mas / yr
#   datatype: float32
#   format: '{:6.3f}'
#   description: '? Standard error of proper motion in right ascension direction (pmra_error)'
#   meta: !!omap
#   - {ucd: ERROR}
#   - {width: 6}
#   - {precision: '3'}
#   - values: {'null': .nan}
# - name: e_pmDE
[...]
#       distance: !astropy.table.SerializedColumn
#         __class__: astropy.coordinates.distances.Distance
#         unit: !astropy.units.Unit {unit: pc}
#         value: !astropy.table.SerializedColumn {name: SkyCoord.distance}
#       frame: icrs
#       obstime: !astropy.time.Time {format: jyear_str, in_subfmt: '*', jd1: 367701545.0, jd2: 0.0, out_subfmt: '*', precision: 3, scale: tt}
#       pm_dec: !astropy.table.SerializedColumn
#         __class__: astropy.units.quantity.Quantity
#         unit: !astropy.units.Unit {unit: mas / yr}
#         value: !astropy.table.SerializedColumn {name: SkyCoord.pm_dec}
#       pm_ra_cosdec: !astropy.table.SerializedColumn
#         __class__: astropy.units.quantity.Quantity
#         unit: !astropy.units.Unit {unit: mas / yr}
#         value: !astropy.table.SerializedColumn {name: SkyCoord.pm_ra_cosdec}
#       ra: !astropy.table.SerializedColumn
#         __class__: astropy.coordinates.angles.Longitude
#         unit: *id001
#         value: !astropy.table.SerializedColumn {name: SkyCoord.ra}
#         wrap_angle: !astropy.coordinates.Angle
#           unit: *id001
#           value: 360.0
#       representation_type: spherical
# schema: astropy-2.0
RA_ICRS_1 DE_ICRS_1 e_RA_ICRS e_DE_ICRS _r_1 HIP TYC2 Source rgeo Plx e_Plx pmRA pmDE e_pmRA e_pmDE RUWE Teff logg Gmag BP-RP BPmag RPmag RV e_RV b_rgeo B_rgeo FG e_FG FBP e_FBP FRP e_FRP RAVE5 RAVE6 e_Gmag e_BPmag e_RPmag e_BP-RP SkyCoord.ra SkyCoord.dec SkyCoord.distance SkyCoord.pm_ra_cosdec SkyCoord.pm_dec rmRA rmDE e_rmRA e_rmDE rRV e_rRV v_pec v_pec3d e_vpec e_vpec3d Pmemb
[from data line 31]
271.09674459958 -22.41348267001 0.0136 0.0113 7.0924 "" "" 4069669533769216640 1210.34937 0.7852 0.0145 0.634 -1.261 0.019 0.013 0.905 9465.3 4.1583 13.118238 0.529035 13.312921 12.783886 "" "" 1191.06482 1229.62427 106573.99937 31.838 64602.0 85.607 61038.0 42.376 "" "" 0.002774345813196521 0.0031392789 0.0038538175 0.0069930963 271.09674459958 -22.41348267001 1210.34937 0.634 -1.261 0.08752578163146973 0.22190717601776133 0.14657824 0.14057824 "" "" 1.3685441051196015 "" 0.1935132776058584 "" 1.0
270.90514782575 -22.62612523471 0.0151 0.0124 9.6561 "" "" 4069659943084233984 1117.78296 0.8535 0.0161 0.375 -1.36 0.022 0.014 1.02 6070.0 3.7057 13.297166 0.944108 13.680556 12.736448 -1.7 6.27 1099.96448 1134.31531 90381.67911 22.941 46046.0 40.927 63765.0 35.167 "" "" 0.002769067844816201 0.0029523442 0.0038265234 0.006778868 270.90514782575 -22.62612523471 1117.78296 0.37499999999999994 -1.3599999999999999 -0.17147421836853027 0.12290717601776113 0.14957824 0.14157824 16.200769230769232 9.6417465 1.1177960787266006 16.23928544432469 0.16421760709778976 9.618884941672253 1.0
270.99894018988 -22.58385098329 0.016 0.0131 4.5017 "" "" 4069663379057862912 1201.73474 0.7857 0.017 0.516 -1.107 0.024 0.015 0.911 7548.8 3.9509 13.297873 0.677487 13.558706 12.881219 "" "" 1179.29944 1224.98352 90322.77422 34.528 51515.0 34.135 55805.0 35.372 "" "" 0.0027864052713325654 0.002881429 0.0038415282 0.006722957 270.99894018988 -22.58385098329 1201.73474 0.5160000000000002 -1.107 -0.03047421836853026 0.37590717601776125 0.15157825 0.14257824 "" "" 2.148275707843499 "" 0.3064275735920967 "" 0.8
270.68358329835 -22.41726817357 0.0164 0.0128 20.1466 "" "" 4069854629675083392 1194.15332 0.7961 0.0168 0.339 -1.419 0.019 0.014 0.948 9258.9 4.3247 13.356573 0.578435 13.575461 12.997026 "" "" 1173.47668 1217.55725 85569.17302 34.973 50726.0 56.013 50159.0 30.369 "" "" 0.0027908251142338635 0.0030368415 0.003836125 0.0068729664 270.68358329835 -22.41726817357 1194.15332 0.339 -1.419 -0.20747421836853025 0.06390717601776119 0.14657824 0.14157824 "" "" 1.2288126410021505 "" 0.1795930824662752 "" 0.8
270.97594444536 -22.13132018936 0.0146 0.0124 23.2239 "" "" 4069888370939291008 1151.57861 0.8279 0.0174 0.584 -1.272 0.018 0.013 0.871 6437.8 3.9034 13.358283 0.954016 13.749342 12.795326 -1.41 6.5 1132.59399 1170.75928 85434.55073 19.39 43220.0 37.898 60399.0 41.876 "" "" 0.0027663170738030005 0.0029481233 0.0038536196 0.006801743 270.97594444536 -22.13132018936 1151.57861 0.5839999999999993 -1.272 0.03752578163146969 0.2109071760177612 0.14557824 0.14057824 16.49076923076923 9.871747 1.169313759796443 16.53217361665835 0.16456256780461426 9.847030370050557 0.8
271.18446997721 -22.18776567241 0.0173 0.0149 21.3966 "" "" 4069884728806700800 1160.02673 0.8208 0.0218 0.49 -1.239 0.021 0.015 0.866 "" "" 13.366124 0.746667 13.65543 12.908763 "" "" 1129.27747 1193.42603 84819.76891 39.168 47124.0 48.459 54407.0 31.056 "" "" 0.0028005645084370713 0.0030052634 0.0038298583 0.0068351217 271.18446997721 -22.18776567241 1160.02673 0.4899999999999998 -1.239 -0.05647421836853028 0.24390717601776113 0.14857824 0.14257824 "" "" 1.3766102469815646 "" 0.1967033215761732 "" 0.8
271.27290383151 -22.45926159486 0.0144 0.0121 13.8101 "" "" 4069688912663247616 1137.14307 0.8317 0.0172 0.619 -1.329 0.018 0.013 0.966 9596.3 4.3872 13.376583 0.56109 13.585943 13.024854 "" "" 1116.69019 1157.8877 84006.60978 27.693 50239.0 37.728 48890.0 29.451 "" "" 0.0027784695654825753 0.002906863 0.0038355568 0.0067424197 271.27290383151 -22.45926159486 1137.14307 0.619 -1.329 0.07252578163146972 0.15390717601776127 0.14557824 0.14057824 "" "" 0.9170611395061551 "" 0.1297640754935107 "" 0.9
271.1670317235 -22.44152587438 0.0168 0.0137 8.7256 "" "" 4069689737297064960 1171.78174 0.8102 0.0187 0.622 -1.278 0.021 0.014 0.881 6106.6 3.6684 13.564716 1.087676 14.01973 12.932054 -5.03 5.45 1150.86755 1203.03491 70641.53356 16.216 33692.0 34.188 53252.0 67.876 "" "" 0.00276656956619841 0.0029998058 0.0040247864 0.0070245923 271.1670317235 -22.44152587438 1171.78174 0.6219999999999998 -1.2780000000000002 0.07552578163146972 0.2049071760177612 0.14857824 0.14157824 12.87076923076923 8.821747 1.212952272186753 12.927797716793025 0.17276515676775864 8.782846350068713 0.9
271.13515200873 -22.60403814952 0.0171 0.0133 7.8559 "" "" 4069650910790878464 1199.84863 0.7942 0.0187 0.432 -1.252 0.021 0.015 0.913 6297.7 3.938 13.594316 1.032026 14.022861 12.990834 10.05 8.69 1169.4375 1223.81799 68741.71357 22.659 33595.0 58.773 50446.0 47.28 "" "" 0.00277846572486949 0.003375345 0.0039139786 0.0072893235 271.13515200873 -22.60403814952 1199.84863 0.43199999999999994 -1.252 -0.11447421836853028 0.23090717601776123 0.14857824 0.14257824 27.950769230769232 12.061747 1.4657581386342735 27.989175541853474 0.21074934038828502 12.045200712626658 0.8
270.94928996207 -22.68085018101 0.0178 0.0147 10.9371 "" "" 4069656614507810944 1229.05042 0.7693 0.0201 0.381 -1.315 0.025 0.016 0.885 7170.3 4.0118 13.611888 0.775405 13.914079 13.138674 "" "" 1197.63074 1258.76685 67638.13825 25.184 37135.0 27.873 44024.0 31.205 "" "" 0.0027848183052533457 0.002906746 0.0038569411 0.0067636874 270.94928996207 -22.68085018101 1229.05042 0.381 -1.315 -0.16547421836853027 0.16790717601776128 0.15257825 0.14357825 "" "" 1.373364972800778 "" 0.2033691857894421 "" 1.0
271.00306009742 -22.6426459229 0.019 0.0156 7.8162 "" "" 4069656408349379200 1211.38928 0.785 0.0198 0.449 -1.41 0.024 0.017 1.009 5976.5 4.0126 13.842551 0.957665 14.234009 13.276344 -4.72 5.98 1183.21912 1241.71948 54692.29406 17.445 27658.0 27.192 38781.0 35.144 "" "" 0.0027769987887699085 0.0029873871 0.0039053566 0.0068927435 271.00306009742 -22.6426459229 1211.38928 0.449 -1.41 -0.09747421836853026 0.07290717601776131 0.15157825 0.14457825 13.180769230769233 9.351747 0.6989361639541719 13.199287453346711 0.10421474787733158 9.33862795683104 0.9
270.65400082769 -22.4624429593 0.0159 0.0133 21.1477 "" "" 4069854384842586112 1145.07532 0.83 0.0182 0.737 -1.357 0.019 0.015 1.05 "" "" 13.874298 0.771894 14.169877 13.397984 5.16 11.8 1121.85718 1166.70288 53116.26802 13.772 29340.0 27.819 34671.0 25.244 "" "" 0.00276966374589466 0.0029740238 0.003861173 0.006835197 270.65400082769 -22.4624429593 1145.07532 0.737 -1.3569999999999993 0.19052578163146972 0.12590717601776125 0.14657824 0.14257824 23.060769230769232 15.171747 1.2395120547909932 23.094056976823392 0.18019285130226537 15.149881756398287 0.9
271.01926338772 -22.38842989886 0.0197 0.0166 7.6227 "" "" 4069670560244147200 1227.71143 0.7719 0.0199 0.493 -1.327 0.026 0.018 0.889 6033.9 3.7762 13.954655 1.167441 14.454757 13.287315 -11.23 8.27 1202.9762 1253.69287 49327.02046 19.928 22569.0 33.666 38391.0 58.267 "" "" 0.002790016113642724 0.003226159 0.004123001 0.0073491596 271.01926338772 -22.38842989886 1227.71143 0.493 -1.327 -0.05347421836853028 0.15590717601776127 0.15357825 0.14557824 6.670769230769231 11.641747 0.9591616406404776 6.7393733524010715 0.140460475980575 11.523256487811825 0.8
271.00558177329 -22.51338793491 0.0186 0.0153 1.4236 "" "" 4069667025508301952 1258.17969 0.7568 0.0197 0.614 -1.289 0.027 0.018 0.969 6049.9 3.8005 13.965928 1.120675 14.443553 13.322878 13.98 5.56 1228.41211 1286.698 48817.50449 62.904 22803.0 83.79 37154.0 149.76 "" "" 0.0030901576232145963 0.0048684287 0.0057824203 0.010650849 271.00558177329 -22.51338793491 1258.17969 0.6140000000000003 -1.289000000000001 0.06752578163146972 0.1939071760177613 0.15457824 0.14557824 31.880769230769232 8.9317465 1.2245313044029915 31.904277513540798 0.17948968373691043 8.925167891720081 0.9
271.08971496943 -22.60215755525 0.0186 0.015 6.1531 "" "" 4069662593101950336 1199.04004 0.7929 0.0202 0.417 -1.276 0.024 0.016 0.95 5682.6 3.8627 13.999354 1.134686 14.484822 13.350137 -13.83 6.68 1175.16504 1224.42175 47337.4488 58.833 21953.0 99.476 36233.0 121.41 "" "" 0.003068007121509426 0.005655937 0.005245902 0.010901839 271.08971496943 -22.60215755525 1199.04004 0.41699999999999965 -1.2759999999999998 -0.1294742183685303 0.2069071760177612 0.15157825 0.14357825 4.070769230769232 10.051746 1.387206019732213 4.300639797909005 0.20235691912515413 9.51470121163812 0.8
271.1192653471 -22.48843866014 0.0189 0.0152 5.1347 "" "" 4069665715520766208 1184.56348 0.805 0.0205 0.475 -1.349 0.024 0.017 0.918 7181.6 4.0623 14.000155 0.805113 14.316388 13.511275 -73.24 25.62 1153.99841 1207.84277 47302.60476 34.123 25637.0 83.747 31235.0 59.212 "" "" 0.0028644773690693617 0.004512675 0.0043034884 0.008816164 271.1192653471 -22.48843866014 1184.56348 0.475 -1.349 -0.0714742183685303 0.13390717601776125 0.15157825 0.14457825 -55.33923076923077 28.991747 0.8522657781118929 55.3457931471464 0.12456655147109243 28.988309400240322 0.8
270.94917953969 -22.52593820998 0.0194 0.016 4.5935 "" "" 4069666853709973504 1217.95142 0.7807 0.0199 0.636 -1.378 0.028 0.019 0.916 5620.8 3.6968 14.074697 1.264547 14.628566 13.364018 -21.91 5.99 1191.77246 1250.24255 44163.91583 55.536 19231.0 100.38 35773.0 112.06 "" "" 0.0030750384164056855 0.006316832 0.005084409 0.011401241 270.94917953969 -22.52593820998 1217.95142 0.636 -1.3780000000000001 0.08952578163146974 0.10490717601776134 0.15557824 0.14657824 -4.0092307692307685 9.361747 0.7961921944265314 4.087524112639884 0.1197762401648531 9.182459453061279 1.0
271.07970734218 -22.72269153071 0.0192 0.0156 12.748 "" "" 4069643965803940992 1189.14697 0.8018 0.0216 0.565 -1.398 0.024 0.017 1.011 5795.4 3.8906 14.159286 1.220391 14.688925 13.468533 -4.58 6.21 1166.83887 1213.7915 40853.7959 66.293 18191.0 109.17 32490.0 141.49 "" "" 0.0032704389450126195 0.0070881126 0.006053104 0.013141217 271.07970734218 -22.72269153071 1189.14697 0.5649999999999998 -1.398 0.018525781631469673 0.08490717601776132 0.15157825 0.14457825 13.320769230769232 9.581747 0.4898434660750991 13.329772673255338 0.07098012235758422 9.575275528873792 1.0
271.3348110878 -22.6312623343 0.0197 0.0157 18.2099 "" "" 4069648436889595520 1331.02625 0.7136 0.0221 0.607 -2.404 0.024 0.017 0.906 "" "" 14.174013 0.977978 14.569164 13.591187 "" "" 1295.25537 1375.66772 40303.36677 10.037 20312.0 20.77 29019.0 48.466 "" "" 0.0027685553807686968 0.0030029372 0.004191888 0.0071948254 271.3348110878 -22.6312623343 1331.02625 0.6069999999999998 -2.403999999999999 0.06052578163146971 -0.9210928239822387 0.15157825 0.14457825 "" "" 5.823766658755382 "" 0.8421694745108463 "" 0.9
271.04439439811 -22.43064840351 0.0191 0.0161 5.1133 "" "" 4069669843006882304 1154.94678 0.8309 0.02 0.532 -1.301 0.026 0.018 0.879 5545.2 4.0631 14.30765 1.270266 14.863448 13.593182 "" "" 1129.43274 1182.03625 35635.84339 78.158 15490.0 145.57 28966.0 164.43 "" "" 0.003641742637526784 0.010578013 0.0072298413 0.017807854 271.04439439811 -22.43064840351 1154.94678 0.532 -1.3009999999999997 -0.014474218368530245 0.1819071760177613 0.15357825 0.14557824 "" "" 0.9989888223801123 "" 0.14548268298384248 "" 0.9
271.05982634133 -22.4933230618 0.0217 0.0176 2.0512 "" "" 4069668571696507904 1189.20117 0.7979 0.0227 0.449 -1.195 0.032 0.022 0.981 5823.5 3.6849 14.312568 1.278302 14.867021 13.588718 "" "" 1162.03699 1224.15613 35474.76433 21.554 15439.0 35.892 29085.0 53.845 "" "" 0.0028331900465556675 0.0037624484 0.004280644 0.008043093 271.05982634133 -22.4933230618 1189.20117 0.4489999999999995 -1.195 -0.09747421836853026 0.28790717601776117 0.15957825 0.14957824 "" "" 1.7133666210001166 "" 0.2580968074371808 "" 1.0
271.13935051837 -22.44503820825 0.0201 0.0163 7.3188 "" "" 4069666303953759232 1190.21985 0.7994 0.0228 0.534 -1.421 0.026 0.018 0.955 5522.3 4.0786 14.335771 1.228296 14.868066 13.63977 14.1 11.39 1156.12292 1225.31128 34724.70061 38.593 15424.0 74.201 27749.0 83.517 "" "" 0.003007969538623569 0.005921732 0.004996205 0.010917937 271.13935051837 -22.44503820825 1190.21985 0.534 -1.4210000000000003 -0.012474218368530243 0.06190717601776119 0.15357825 0.14557824 32.00076923076923 14.761747 0.35627783047570305 32.002752463709044 0.051980436902308615 14.760832575770614 0.9
271.08708839523 -22.46876631317 0.0218 0.0184 4.1581 "" "" 4069668743495199872 1137.41284 0.8361 0.0229 0.576 -1.472 0.031 0.022 0.9 5711.7 3.9483 14.413244 1.18971 14.923484 13.733774 -4.67 9.94 1108.64209 1167.22803 32333.23412 22.133 14656.0 49.908 25448.0 79.983 "" "" 0.002853797536867758 0.004631924 0.0050920187 0.009723943 271.08708839523 -22.46876631317 1137.41284 0.5759999999999995 -1.472 0.029525781631469683 0.010907176017761255 0.15857825 0.14957824 13.230769230769232 13.311747 0.16969769281771394 13.231857456336865 0.02673157926527732 13.310651805827371 1.0
270.89504837352 -22.6188074394 0.0216 0.0178 9.7831 "" "" 4069660016121950336 1130.9729 0.8399 0.0234 0.604 -1.242 0.033 0.021 0.965 5553.6 3.9286 14.454229 1.23924 14.992389 13.753149 -5.77 11.76 1096.18762 1157.99121 31135.4336 64.21 13755.0 112.58 24998.0 128.04 "" "" 0.0035503978643071626 0.009314119 0.0067238477 0.016037967 270.89504837352 -22.6188074394 1130.9729 0.604 -1.242 0.05752578163146971 0.24090717601776124 0.16057825 0.14857824 12.130769230769232 15.131747 1.3277668925104127 12.203217897383636 0.19816946151674983 15.041927795320495 1.0
271.03978921761 -22.50470312835 0.0244 0.0195 0.7795 "" "" 4069667094227761536 1173.38159 0.8062 0.026 0.577 -1.438 0.035 0.022 0.96 5344.6 4.1254 14.531192 1.30757 15.1099 13.802331 84.92 10.71 1141.0553 1210.54053 29004.81432 52.143 12344.0 77.891 23891.0 109.38 "" "" 0.0033766217273215314 0.0073974063 0.006244418 0.013641825 271.03978921761 -22.50470312835 1173.38159 0.5770000000000011 -1.438 0.030525781631469684 0.044907176017761286 0.16257824 0.14957824 102.82076923076923 14.081747 0.3020066756949145 102.82121275903754 0.046450288956680734 14.081686312870652 0.8
270.97990257074 -22.55397408947 0.0241 0.0192 3.6816 "" "" 4069666574514015744 1184.15417 0.805 0.026 0.472 -1.349 0.037 0.023 0.959 "" "" 14.560765 1.170453 15.046203 13.87575 "" "" 1153.7583 1216.83862 28225.43216 596.17 13090.0 921.72 22328.0 1107.9 "" "" 0.023097558292032958 0.07650198 0.054005884 0.13050786 270.97990257074 -22.55397408947 1184.15417 0.472 -1.349 -0.0744742183685303 0.13390717601776125 0.16457824 0.15057825 "" "" 0.8600286005574875 "" 0.13244484556962471 "" 1.0
271.03635238794 -22.79421214635 0.0227 0.0183 16.7555 "" "" 4069642492655533696 1184.63013 0.8099 0.024 0.486 -1.391 0.03 0.021 0.893 5507.4 4.0798 14.566181 1.369393 15.175641 13.806248 76.26 6.82 1155.69006 1212.5968 28084.99321 35.083 11619.0 48.969 23805.0 83.486 "" "" 0.003071036032911973 0.005359472 0.005364958 0.01072443 271.03635238794 -22.79421214635 1184.63013 0.4860000000000004 -1.3909999999999993 -0.060474218368530286 0.09190717601776122 0.15757824 0.14857824 94.16076923076923 10.191747 0.617769768391372 94.16279574023339 0.09350188935821442 10.19152739015472 0.9
271.11894683993 -22.4417141343 0.0213 0.0173 6.557 "" "" 4069669258891274240 1154.80603 0.8265 0.0235 0.514 -1.634 0.028 0.019 0.92 5757.3 4.0434 14.594651 1.184454 15.104875 13.920421 20.22 15.92 1123.21875 1189.83704 27358.12684 31.963 12401.0 69.928 21428.0 77.63 "" "" 0.003033289403962548 0.0067281737 0.0054548746 0.012183048 271.11894683993 -22.4417141343 1154.80603 0.5140000000000002 -1.634 -0.03247421836853026 -0.15109282398223867 0.15557824 0.14657824 38.12076923076923 19.291746 0.8459358444490769 38.13015413289704 0.12434179159818456 19.286998096113138 0.9
