Clusters/Alessi_20/Alessi_20_members.tsv
# %ECSV 1.0
# ---
# datatype:
# - name: RA_ICRS_1
#   unit: deg
#   datatype: float64
#   format: '{:15.11f}'
#   description: Right ascension (ICRS) at Ep=2016.0 (ra)
#   meta: !!omap
#   - {ucd: POS_EQ_RA_MAIN}
#   - {width: 15}
#   - {precision: '11'}
# - name: DE_ICRS_1
#   unit: deg
#   datatype: float64
#   format: '{:15.11f}'
#   description: Declination (ICRS) at Ep=2016.0 (dec)
#   meta: !!omap
#   - {ucd: POS_EQ_DEC_MAIN}
#   - {width: 15}
#   - {precision: '11'}
# - name: e_RA_ICRS
#   unit: mas
#   datatype: float64
#   format: '{:7.4f}'
#   description: Standard error of right ascension (ra_error)
#   meta: !!omap
#   - {ucd: ERROR}
#   - {width: 7}
#   - {precision: '4'}
# - name: e_DE_ICRS
#   unit: mas
#   datatype: float64
#   format: '{:7.4f}'
#   description: Standard error of declination (dec_error)
#   meta: !!omap
#   - {ucd: ERROR}
#   - {width: 7}
#   - {precision: '4'}
# - name: _r_1
#   unit: ''
#   datatype: float64
#   format: '{:7.4f}'
#   description: Distance from center (002.59051565000+58.74140228000)[ICRS], at Epoch=J2016.0
#   meta: !!omap
#   - {ucd: POS_ANG_DIST_GENERAL}
#   - {width: 7}
#   - {precision: '4'}
# - name: HIP
#   datatype: int32
#   description: '? HIP cross-id number, van Leeuwen, Cat. I/311 (hip_original_ext_source_id)'
#   meta: !!omap
#   - {ucd: ID_NUMBER}
#   - {width: 6}
#   - values: {'null': -2147483648}
# - name: TYC2
#   datatype: string
#   description: Tycho-2 cross-id name, Hog et al., Cat. I/259 (tyc2_original_ext_source_id)
#   meta: !!omap
#   - {ucd: ID_CROSSID}
#   - {_votable_string_dtype: char}
# - name: Source
#   datatype: int64
#   description: Source identifier, identical to the Gaia-EDR3 source_id (id)
#   meta: !!omap
#   - {ucd: ID_MAIN}
#   - {width: 19}
# - name: rgeo
#   unit: pc
#   datatype: float64
#   format: '{:15.8f}'
#   description: '? Median of the geometric distance posterior (r_med_geo)'
#   meta: !!omap
#   - {ucd: PHYS_DISTANCE_TRUE}
#   - {width: 15}
#   - {precision: '8'}
#   - values: {'null': .nan}
# - name: Plx
#   unit: mas
#   datatype: float64
#   format: '{:9.4f}'
#   description: '? Parallax (parallax)'
#   meta: !!omap
#   - {ucd: POS_PARLX_TRIG}
#   - {width: 9}
#   - {precision: '4'}
#   - values: {'null': .nan}
# - name: e_Plx
#   unit: mas
#   datatype: float32
#   format: '{:7.4f}'
#   description: '? Standard error of parallax (parallax_error)'
#   meta: !!omap
#   - {ucd: ERROR}
#   - {width: 7}
#   - {precision: '4'}
#   - values: {'null': .nan}
# - name: pmRA
#   unit: mas / yr
#   datatype: float64
#   format: '{:9.3f}'
#   description: '? Proper motion in right ascension direction, pmRA*cosDE (pmra)'
#   meta: !!omap
#   - {ucd: POS_EQ_PMRA}
#   - {width: 9}
#   - {precision: '3'}
#   - values: {'null': .nan}
# - name: pmDE
#   unit: mas / yr
#   datatype: float64
#   format: '{:9.3f}'
#   description: '? Proper motion in declination direction (pmdec)'
#   meta: !!omap
#   - {ucd: POS_EQ_PMDEC}
#   - {width: 9}
#   - {precision: '3'}
#   - values: {'null': .nan}
# - name: e_pmRA
#   unit: mas / yr
#   datatype: float32
#   format: '{:6.3f}'
#   description: '? Standard error of proper motion in right ascension direction (pmra_error)'
#   meta: !!omap
#   - {ucd: ERROR}
#   - {width: 6}
#   - {precision: '3'}
#   - values: {'null': .nan}
# - name: e_pmDE
[...]
#       distance: !astropy.table.SerializedColumn
#         __class__: astropy.coordinates.distances.Distance
#         unit: !astropy.units.Unit {unit: pc}
#         value: !astropy.table.SerializedColumn {name: SkyCoord.distance}
#       frame: icrs
#       obstime: !astropy.time.Time {format: jyear_str, in_subfmt: '*', jd1: 367701545.0, jd2: 0.0, out_subfmt: '*', precision: 3, scale: tt}
#       pm_dec: !astropy.table.SerializedColumn
#         __class__: astropy.units.quantity.Quantity
#         unit: !astropy.units.Unit {unit: mas / yr}
#         value: !astropy.table.SerializedColumn {name: SkyCoord.pm_dec}
#       pm_ra_cosdec: !astropy.table.SerializedColumn
#         __class__: astropy.units.quantity.Quantity
#         unit: !astropy.units.Unit {unit: mas / yr}
#         value: !astropy.table.SerializedColumn {name: SkyCoord.pm_ra_cosdec}
#       ra: !astropy.table.SerializedColumn
#         __class__: astropy.coordinates.angles.Longitude
#         unit: *id001
#         value: !astropy.table.SerializedColumn {name: SkyCoord.ra}
#         wrap_angle: !astropy.coordinates.Angle
#           unit: *id001
#           value: 360.0
#       representation_type: spherical
# schema: astropy-2.0
RA_ICRS_1 DE_ICRS_1 e_RA_ICRS e_DE_ICRS _r_1 HIP TYC2 Source rgeo Plx e_Plx pmRA pmDE e_pmRA e_pmDE RUWE Teff logg Gmag BP-RP BPmag RPmag RV e_RV b_rgeo B_rgeo FG e_FG FBP e_FBP FRP e_FRP RAVE5 RAVE6 e_Gmag e_BPmag e_RPmag e_BP-RP SkyCoord.ra SkyCoord.dec SkyCoord.distance SkyCoord.pm_ra_cosdec SkyCoord.pm_dec rmRA rmDE e_rmRA e_rmDE rRV e_rRV v_pec v_pec3d e_vpec e_vpec3d Pmemb
[from data line 29]
2.41610977018 58.20695858462 0.0138 0.0153 32.5301 "" "" 422867537782448512 426.977814 2.3137 0.0217 7.754 -2.798 0.019 0.023 0.982 4240.2 4.1313 14.687326 1.796204 15.557983 13.76178 -40.78 5.39 423.088623 430.7854 25119.81688 33.002 8170.0 52.36 24800.0 88.504 "" "" 0.0031026552363674358 0.0074968464 0.0054126563 0.012909503 2.41610977018 58.20695858462 426.977814 7.753999999999996 -2.798 -0.41251821136474653 -0.43197526741027836 0.30770776 0.31170776 -28.707500000000003 7.9466667 1.2088716502492527 28.732941494333232 0.3745160698197655 7.939646001470691 1.0
2.39163018486 58.68340454973 0.0142 0.0151 7.1074 "" "" 422912308521935360 419.252441 2.3515 0.0201 7.642 -2.325 0.019 0.018 1.075 4850.3 4.2423 14.726505 1.869192 15.641347 13.772155 -77.21 13.79 415.755859 422.515839 24229.51647 50.301 7566.2 61.99 24564.0 141.0 "" "" 0.003559825565803364 0.0093227755 0.0072886604 0.016611436 2.39163018486 58.68340454973 419.252441 7.642 -2.325 -0.5245182113647457 0.0410247325897215 0.30770776 0.30670777 -65.13749999999999 16.346666 1.0455356691646598 65.14589051571475 0.3217130885956205 16.344561769961555 1.0
1.88032181014 58.27778363075 0.0161 0.0151 35.6258 "" "" 423058440487502592 424.719177 2.3292 0.022 8.179 -2.371 0.021 0.02 1.055 4844.0 4.2481 14.865464 1.886043 15.789058 13.903015 "" "" 420.232697 428.443634 21318.72608 49.485 6603.8 67.347 21775.0 147.69 "" "" 0.003734065443909283 0.011418711 0.008277263 0.019695975 1.88032181014 58.27778363075 424.719177 8.179000000000004 -2.3710000000000004 0.012481788635254176 -0.004975267410278317 0.30970776 0.30870777 "" "" 0.0270506032295163 "" 0.008374078317093959 "" 1.0
3.11500830162 58.39743513076 0.0166 0.0167 26.367 "" "" 422889974692193536 435.110718 2.2682 0.0229 8.722 -2.715 0.022 0.022 1.148 5133.8 4.2126 14.874996 2.01246 15.879707 13.867248 -15.45 7.69 431.108185 440.558594 21132.37628 43.466 6074.8 59.646 22504.0 122.15 "" "" 0.0035466781979505368 0.011019494 0.0070010456 0.01802054 3.11500830162 58.39743513076 435.110718 8.721999999999998 -2.7149999999999976 0.5554817886352534 -0.3489752674102782 0.31070775 0.31070775 -3.3775000000000013 10.246667 1.3529628611889721 3.638408271999812 0.42037604364140907 9.51316841105178 0.8
2.636126696 58.77233071415 0.0152 0.015 2.3363 "" "" 423004255180831104 418.968536 2.3512 0.0208 8.397 -2.589 0.02 0.019 1.025 5718.9 4.2808 14.893545 2.078289 15.949266 13.870977 -37.16 7.05 415.467072 423.228302 20774.40615 33.078 5697.8 36.37 22427.0 122.0 "" "" 0.0032527531782250616 0.0074710078 0.007011968 0.014482976 2.636126696 58.77233071415 418.968536 8.396999999999997 -2.5890000000000013 0.23048178863525415 -0.2229752674102783 0.30870777 0.30770776 -25.0875 9.606667 0.636854783043964 25.095582086588188 0.19629438722858367 9.603574009089026 1.0
2.47470886982 58.15613981415 0.0162 0.0186 35.3035 "" "" 422866850587414528 427.83609 2.3044 0.0243 8.039 -2.818 0.022 0.026 1.05 4549.7 4.2365 14.9993 1.927334 15.95396 14.026627 19.72 6.13 424.179321 430.95401 18846.32502 16.849 5673.3 27.602 19432.0 58.719 "" "" 0.002921299437071052 0.005973987 0.0050047636 0.010978751 2.47470886982 58.15613981415 427.83609 8.039000000000001 -2.8180000000000005 -0.1275182113647464 -0.4519752674102784 0.31070775 0.31470776 31.792499999999997 8.6866665 0.952361742399659 31.806761060164334 0.29943640567211144 8.682776314473685 0.9
2.6327552501 58.7363538246 0.0163 0.0164 1.3496 "" "" 422910281297463168 419.344055 2.3509 0.0229 7.922 -2.095 0.022 0.021 1.037 6195.4 4.2373 15.078219 2.15845 16.177736 14.019286 -39.98 9.92 415.762329 423.535431 17525.03665 37.479 4616.6 39.572 19563.0 110.72 "" "" 0.0036032282523738505 0.009715835 0.0072141206 0.016929954 2.6327552501 58.7363538246 419.344055 7.922000000000003 -2.0950000000000006 -0.24451821136474639 0.2710247325897215 0.31070775 0.30970776 -27.9075 12.476667 0.7255576878685944 27.916930171643607 0.2250367048064653 12.47245423202908 1.0
3.26445437982 58.67634446415 0.0152 0.0162 21.3617 "" "" 422942098412803072 425.301331 2.3174 0.0219 8.395 -2.377 0.02 0.022 1.026 "" "" 15.093646 1.964662 16.072668 14.108007 -64.4 6.76 421.217926 429.350281 17277.79032 22.557 5085.7 39.293 18028.0 60.435 "" "" 0.0030985550587423723 0.008840442 0.005247011 0.014087453 3.26445437982 58.67634446415 425.301331 8.395000000000005 -2.3770000000000007 0.22848178863525348 -0.0109752674102781 0.30870777 0.31070775 -52.32750000000001 9.316668 0.46113400225159445 52.329531823035005 0.14235778120239795 9.31630589864427 1.0
2.33940439903 58.2913212949 0.0199 0.02 28.1278 "" "" 422876711832225024 419.337067 2.3457 0.0293 7.903 -2.81 0.027 0.028 1.094 6163.9 4.292 15.325145 2.22276 16.47491 14.252151 -53.18 11.6 414.063873 424.18457 13960.10922 48.147 3511.2 49.993 15787.0 134.48 "" "" 0.004649061323451315 0.015708657 0.009991138 0.025699794 2.33940439903 58.2913212949 419.337067 7.903 -2.81 -0.2635182113647465 -0.4439752674102784 0.31570777 0.31670776 -41.1075 14.156668 1.026208796912217 41.120307157715395 0.3247412623192247 14.152260853718149 0.8
2.6588386954 58.69599275053 0.018 0.0188 3.4575 "" "" 422910143858516864 419.027527 2.3457 0.0259 8.031 -2.106 0.025 0.025 1.055 "" "" 15.361073 2.403999 16.620924 14.216925 "" "" 413.393005 423.770966 13505.71442 87.936 3069.4 92.117 16308.0 245.29 "" "" 0.007587232860423861 0.03270371 0.016762273 0.049465984 2.6588386954 58.69599275053 419.027527 8.031 -2.106 -0.1355182113647455 0.2600247325897218 0.31370777 0.31370777 "" "" 0.5823910387357498 "" 0.18270059339909497 "" 1.0
2.27135267384 58.61122350278 0.0222 0.0208 12.6538 "" "" 422905642732707968 420.694702 2.3453 0.0281 8.214 -2.206 0.029 0.029 1.072 5750.4 4.4316 15.486971 2.147574 16.588373 14.440799 "" "" 415.247284 425.338593 12027.02489 20.739 3162.8 22.547 13269.0 60.08 "" "" 0.003331208352261505 0.008227561 0.006200907 0.0144284675 2.27135267384 58.61122350278 420.694702 8.214 -2.206 0.04748178863525432 0.16002473258972172 0.31770778 0.31770778 "" "" 0.33285487414105674 "" 0.1057505821347306 "" 1.0
2.67021393429 58.70502967715 0.0207 0.0212 3.3055 "" "" 422898495907208576 424.3526 2.3154 0.0293 8.135 -2.304 0.028 0.028 1.028 3811.9 4.0273 15.528711 2.35416 16.76182 14.40766 47.25 6.32 419.630829 428.748932 11573.43447 38.209 2695.8 40.803 13680.0 110.18 "" "" 0.004521103717496815 0.016668633 0.009526391 0.026195023 2.67021393429 58.70502967715 424.3526 8.135000000000005 -2.304000000000001 -0.03151821136474631 0.062024732589721854 0.31670776 0.31670776 59.3225 8.876667 0.13994221889739203 59.32266506213818 0.04432078668980066 8.876642324470259 1.0
2.53355578139 58.53875959942 0.0209 0.0216 12.288 "" "" 422901657003090944 417.492981 2.3544 0.0287 7.484 -2.609 0.028 0.027 1.004 "" "" 15.600245 2.554442 16.995789 14.441346 "" "" 412.287842 421.994385 10835.4879 7.4709 2173.2 10.797 13262.0 29.317 "" "" 0.002855203778441756 0.006073099 0.004477092 0.010550192 2.53355578139 58.53875959942 417.492981 7.484 -2.609 -0.6825182113647461 -0.2429752674102783 0.31670776 0.31570777 "" "" 1.4336812480745316 "" 0.4538969449019923 "" 0.8
2.86241337414 59.00622286573 0.0336 0.0362 17.9884 "" "" 423002743352272512 399.841858 2.4682 0.0494 8.009 -2.378 0.044 0.048 1.839 3861.9 4.1358 15.666182 2.471725 16.988346 14.516621 "" "" 392.494049 409.046478 10197.0283 12.245 2188.2 14.593 12374.0 38.918 "" "" 0.0030482243896926887 0.007759711 0.0050935796 0.012853291 2.86241337414 59.00622286573 399.841858 8.009000000000006 -2.3780000000000006 -0.15751821136474575 -0.011975267410278434 0.33270776 0.33670777 "" "" 0.299397943905358 "" 0.09961894322469136 "" 1.0
2.39788897917 58.68620675888 0.0215 0.0226 6.855 "" "" 422909353584435328 421.641724 2.3325 0.0302 7.641 -2.532 0.029 0.028 0.994 3766.1 4.0547 15.735553 2.332597 16.960918 14.628322 "" "" 417.224609 425.513 9565.89823 19.512 2244.1 32.625 11164.0 80.54 "" "" 0.0035350185229466413 0.01602927 0.008696909 0.024726178 2.39788897917 58.68620675888 421.641724 7.641 -2.532 -0.5255182113647461 -0.16597526741027835 0.31770778 0.31670776 "" "" 1.1014292393221843 "" 0.34983287453339035 "" 1.0
2.63114132128 58.73008606137 0.0224 0.0228 1.4357 "" "" 422910281297463808 418.961517 2.346 0.0315 8.037 -2.039 0.03 0.03 1.027 "" "" 15.786647 2.523597 17.150455 14.626859 "" "" 414.073975 425.289948 9126.15877 17.811 1884.7 20.863 11179.0 60.269 "" "" 0.003475891079646883 0.012338359 0.006967578 0.019305937 2.63114132128 58.73008606137 418.961517 8.03699999999999 -2.0389999999999997 -0.12951821136474528 0.32702473258972153 0.31870776 0.31870776 "" "" 0.6985100859755814 "" 0.2226205877366023 "" 1.0
2.27765181535 58.6092825576 0.0268 0.0268 12.5731 "" "" 422905642732708992 426.717102 2.2974 0.035 8.153 -2.396 0.037 0.039 1.164 3724.4 4.0231 15.826651 2.513966 17.182108 14.668142 "" "" 419.952087 432.31839 8796.02385 13.781 1830.5 15.824 10762.0 49.919 "" "" 0.0032381138495341396 0.0097917365 0.0062965355 0.016088272 2.27765181535 58.6092825576 426.717102 8.153000000000006 -2.396000000000001 -0.013518211364745625 -0.029975267410278228 0.32570776 0.32770777 "" "" 0.06650942557777804 "" 0.021773231061545655 "" 0.9
2.70034951682 58.62576764091 0.025 0.0268 7.7375 "" "" 422897739992980096 412.459747 2.371 0.0357 8.076 -2.569 0.034 0.035 1.067 "" "" 15.872253 2.601553 17.3017 14.700148 "" "" 406.49939 418.321045 8434.22513 7.4574 1639.6 13.152 10450.0 26.498 "" "" 0.0029177678848543217 0.009145227 0.0046758163 0.013821043 2.70034951682 58.62576764091 412.459747 8.076 -2.569 -0.09051821136474558 -0.20297526741027827 0.32270777 0.32370776 "" "" 0.43450066187222175 "" 0.1405792517753954 "" 1.0
2.48467581755 58.35995220575 0.0233 0.0274 23.1256 "" "" 422876024637438208 417.677551 2.3577 0.0341 7.905 -2.462 0.031 0.034 0.989 3769.5 4.1669 15.892421 2.32649 17.128033 14.801542 "" "" 411.231873 423.416443 8279.00935 7.6079 1924.0 14.756 9517.9 21.59 "" "" 0.002930399960097336 0.008782013 0.004511019 0.013293033 2.48467581755 58.35995220575 417.677551 7.9049999999999985 -2.4620000000000006 -0.26151821136474585 -0.09597526741027851 0.31970775 0.32270777 "" "" 0.5515168757452618 "" 0.17652142297746637 "" 1.0
2.30375014209 58.64237519112 0.0338 0.0326 10.7351 "" "" 422906123769036672 405.986115 2.4117 0.0445 8.37 -1.875 0.048 0.045 1.39 "" "" 15.947626 2.533866 17.254557 14.720691 "" "" 399.113647 412.429199 7868.57695 12.298 1712.4 41.328 10254.0 102.3 "" "" 0.003235945501344158 0.026351882 0.011472352 0.037824236 2.30375014209 58.64237519112 405.986115 8.37 -1.8750000000000004 0.20348178863525312 0.4910247325897217 0.33670777 0.33370775 "" "" 1.022837240797834 "" 0.34178016294281893 "" 1.0
2.25819317167 58.82422608428 0.0253 0.0268 11.467 "" "" 422915229099657984 413.134979 2.3755 0.0351 7.936 -2.243 0.033 0.034 1.058 3683.8 4.0121 15.962492 2.597706 17.381779 14.784073 "" "" 407.598694 419.265198 7761.57662 28.891 1523.0 25.147 9672.3 84.053 "" "" 0.004891327702573031 0.018142952 0.010163925 0.028306875 2.25819317167 58.82422608428 413.134979 7.935999999999999 -2.2429999999999994 -0.23051821136474615 0.1230247325897218 0.32170776 0.32270777 "" "" 0.5116784491837781 "" 0.16472449448837384 "" 1.0
3.34815344447 59.15921326539 0.0278 0.0283 34.3242 "" "" 422983948574614144 416.878296 2.378 0.0397 8.324 -2.269 0.037 0.04 1.087 3679.0 4.2156 15.986611 2.409221 17.272945 14.863725 "" "" 409.965759 425.184906 7591.05438 10.538 1683.6 12.161 8988.1 40.418 "" "" 0.003140627418245517 0.008324056 0.006174247 0.014498303 3.34815344447 59.15921326539 416.878296 8.323999999999996 -2.268999999999999 0.15748178863525375 0.09702473258972155 0.32570776 0.32870775 "" "" 0.3655034961130784 "" 0.11935002616256327 "" 1.0
2.64254151776 58.72281469338 0.0256 0.0264 1.9669 "" "" 422910246937727232 407.19223 2.4006 0.0362 8.368 -1.845 0.034 0.034 1.049 3575.9 3.9679 16.010508 3.037365 17.777569 14.740204 "" "" 401.758545 415.259094 7425.80951 5.07 1057.8 8.0548 10071.0 23.506 "" "" 0.0028532965336624185 0.0087256525 0.004550339 0.013275992 2.64254151776 58.72281469338 407.19223 8.368 -1.8449999999999998 0.20148178863525423 0.5210247325897217 0.32270777 0.32270777 "" "" 1.0781968214834652 "" 0.3479424943132905 "" 1.0
2.62549907223 58.80526189887 0.0269 0.0274 3.9831 "" "" 423004770576896128 438.582336 2.2307 0.0387 8.209 -2.295 0.034 0.035 0.997 "" "" 16.18914 2.737941 17.72356 14.98562 "" "" 431.918457 447.337524 6299.27972 5.0427 1111.7 8.9336 8033.6 15.998 "" "" 0.0028891551211586044 0.009160235 0.0043541347 0.01351437 2.62549907223 58.80526189887 438.582336 8.209000000000001 -2.295 0.04248178863525354 0.07102473258972175 0.32270777 0.32370776 "" "" 0.17204809877243518 "" 0.05564802373363376 "" 0.9
1.87011997362 58.43350343337 0.0282 0.0301 29.1339 "" "" 423061257986120704 429.184509 2.2913 0.0396 7.935 -2.82 0.038 0.041 1.021 3617.2 4.0036 16.189182 2.659928 17.613356 14.953427 "" "" 422.054749 435.24939 6299.03415 14.038 1230.5 19.714 8275.4 111.28 "" "" 0.0036669574338324754 0.017617075 0.015081223 0.032698296 1.87011997362 58.43350343337 429.184509 7.934999999999995 -2.82 -0.23151821136474648 -0.45397526741027816 0.32670775 0.32970777 "" "" 1.0367010212074614 "" 0.341168778190972 "" 0.9
2.54634648464 59.21651539458 0.0299 0.0302 28.5395 "" "" 423040951382070144 413.39682 2.3843 0.0434 8.348 -2.405 0.039 0.042 1.055 "" "" 16.192982 2.477858 17.48904 15.011182 "" "" 406.50351 422.834198 6277.02388 4.7832 1379.8 8.7076 7846.7 20.792 "" "" 0.002876855355826194 0.0073981504 0.0047498015 0.012147952 2.54634648464 59.21651539458 413.39682 8.348 -2.4050000000000002 0.18148178863525466 -0.038975267410278125 0.32770777 0.33070776 "" "" 0.3637221750090931 "" 0.11924290059369239 "" 0.9
2.41152208806 58.89611164839 0.0302 0.0312 10.8205 "" "" 423006248045599616 418.829407 2.3408 0.0409 8.764 -2.147 0.037 0.04 1.011 3652.8 4.2354 16.272045 2.544399 17.657145 15.112745 "" "" 411.572815 425.82251 5836.17648 6.6768 1181.8 9.2475 7146.0 23.31 "" "" 0.003022359391107823 0.008942246 0.0051794685 0.014121715 2.41152208806 58.89611164839 418.829407 8.764 -2.1470000000000016 0.5974817886352533 0.21902473258972188 0.32570776 0.32870775 "" "" 1.2633381174246363 "" 0.41192982382238763 "" 1.0
2.47282085097 58.74692999681 0.0313 0.0343 3.679 "" "" 422910899772946560 409.316772 2.3838 0.0456 8.06 -2.136 0.04 0.042 1.02 3524.6 3.9573 16.300394 3.226815 18.21728 14.990464 "" "" 401.164734 415.916016 5685.77058 5.0071 705.51 7.7831 7997.8 23.394 "" "" 0.0029165033886040005 0.012298397 0.0049365647 0.017234962 2.47282085097 58.74692999681 409.316772 8.06 -2.136 -0.1065182113647456 0.23002473258972156 0.32870775 0.33070776 "" "" 0.4918127892933418 "" 0.16247305624567565 "" 1.0
1.44165838678 58.68534334155 0.0291 0.0296 35.9547 "" "" 423085103644297216 436.109589 2.2624 0.0406 8.025 -2.26 0.038 0.039 0.973 3594.8 4.0246 16.380463 2.633536 17.832182 15.198646 "" "" 427.836975 442.969635 5281.55265 16.094 1005.9 14.577 6602.4 62.297 "" "" 0.004305547129887602 0.015979426 0.010919384 0.026898809 1.44165838678 58.68534334155 436.109589 8.025000000000006 -2.26 -0.14151821136474574 0.10602473258972189 0.32670775 0.32770777 "" "" 0.36553463200146663 "" 0.11955453990119531 "" 1.0
2.12510043127 58.87644431235 0.0315 0.0348 16.5772 "" "" 423103241286402816 416.464325 2.3721 0.0479 8.193 -2.235 0.042 0.046 1.017 3648.1 4.079 16.404255 2.558794 17.799036 15.240242 "" "" 407.310822 425.988098 5167.07698 6.0714 1037.1 9.7832 6354.2 24.983 "" "" 0.0030363378003822705 0.01061525 0.0057014525 0.016316703 2.12510043127 58.87644431235 416.464325 8.193 -2.235 0.026481788635253523 0.1310247325897218 0.33070776 0.33470777 "" "" 0.26387814567521245 "" 0.08828087758935912 "" 1.0
