Clusters/Alessi_20/Alessi_20_stars_in_region.tsv
# %ECSV 1.0
# ---
# datatype:
# - name: RA_ICRS_1
#   unit: deg
#   datatype: float64
#   format: '{:15.11f}'
#   description: Right ascension (ICRS) at Ep=2016.0 (ra)
#   meta: !!omap
#   - {ucd: POS_EQ_RA_MAIN}
#   - {width: 15}
#   - {precision: '11'}
# - name: DE_ICRS_1
#   unit: deg
#   datatype: float64
#   format: '{:15.11f}'
#   description: Declination (ICRS) at Ep=2016.0 (dec)
#   meta: !!omap
#   - {ucd: POS_EQ_DEC_MAIN}
#   - {width: 15}
#   - {precision: '11'}
# - name: e_RA_ICRS
#   unit: mas
#   datatype: float64
#   format: '{:7.4f}'
#   description: Standard error of right ascension (ra_error)
#   meta: !!omap
#   - {ucd: ERROR}
#   - {width: 7}
#   - {precision: '4'}
# - name: e_DE_ICRS
#   unit: mas
#   datatype: float64
#   format: '{:7.4f}'
#   description: Standard error of declination (dec_error)
#   meta: !!omap
#   - {ucd: ERROR}
#   - {width: 7}
#   - {precision: '4'}
# - name: _r_1
#   unit: ''
#   datatype: float64
#   format: '{:7.4f}'
#   description: Distance from center (002.59051565000+58.74140228000)[ICRS], at Epoch=J2016.0
#   meta: !!omap
#   - {ucd: POS_ANG_DIST_GENERAL}
#   - {width: 7}
#   - {precision: '4'}
# - name: HIP
#   datatype: int32
#   description: '? HIP cross-id number, van Leeuwen, Cat. I/311 (hip_original_ext_source_id)'
#   meta: !!omap
#   - {ucd: ID_NUMBER}
#   - {width: 6}
#   - values: {'null': -2147483648}
# - name: TYC2
#   datatype: string
#   description: Tycho-2 cross-id name, Hog et al., Cat. I/259 (tyc2_original_ext_source_id)
#   meta: !!omap
#   - {ucd: ID_CROSSID}
#   - {_votable_string_dtype: char}
# - name: Source
#   datatype: int64
#   description: Source identifier, identical to the Gaia-EDR3 source_id (id)
#   meta: !!omap
#   - {ucd: ID_MAIN}
#   - {width: 19}
# - name: rgeo
#   unit: pc
#   datatype: float64
#   format: '{:15.8f}'
#   description: '? Median of the geometric distance posterior (r_med_geo)'
#   meta: !!omap
#   - {ucd: PHYS_DISTANCE_TRUE}
#   - {width: 15}
#   - {precision: '8'}
#   - values: {'null': .nan}
# - name: Plx
#   unit: mas
#   datatype: float64
#   format: '{:9.4f}'
#   description: '? Parallax (parallax)'
#   meta: !!omap
#   - {ucd: POS_PARLX_TRIG}
#   - {width: 9}
#   - {precision: '4'}
#   - values: {'null': .nan}
# - name: e_Plx
#   unit: mas
#   datatype: float32
#   format: '{:7.4f}'
#   description: '? Standard error of parallax (parallax_error)'
#   meta: !!omap
#   - {ucd: ERROR}
#   - {width: 7}
#   - {precision: '4'}
#   - values: {'null': .nan}
# - name: pmRA
#   unit: mas / yr
#   datatype: float64
#   format: '{:9.3f}'
#   description: '? Proper motion in right ascension direction, pmRA*cosDE (pmra)'
#   meta: !!omap
#   - {ucd: POS_EQ_PMRA}
#   - {width: 9}
#   - {precision: '3'}
#   - values: {'null': .nan}
# - name: pmDE
#   unit: mas / yr
#   datatype: float64
#   format: '{:9.3f}'
#   description: '? Proper motion in declination direction (pmdec)'
#   meta: !!omap
#   - {ucd: POS_EQ_PMDEC}
#   - {width: 9}
#   - {precision: '3'}
#   - values: {'null': .nan}
# - name: e_pmRA
#   unit: mas / yr
#   datatype: float32
#   format: '{:6.3f}'
#   description: '? Standard error of proper motion in right ascension direction (pmra_error)'
#   meta: !!omap
#   - {ucd: ERROR}
#   - {width: 6}
#   - {precision: '3'}
#   - values: {'null': .nan}
# - name: e_pmDE
[...]
#         value: !astropy.table.SerializedColumn {name: SkyCoord.dec}
#       distance: !astropy.table.SerializedColumn
#         __class__: astropy.coordinates.distances.Distance
#         unit: !astropy.units.Unit {unit: pc}
#         value: !astropy.table.SerializedColumn {name: SkyCoord.distance}
#       frame: icrs
#       obstime: !astropy.time.Time {format: jyear_str, in_subfmt: '*', jd1: 367701545.0, jd2: 0.0, out_subfmt: '*', precision: 3, scale: tt}
#       pm_dec: !astropy.table.SerializedColumn
#         __class__: astropy.units.quantity.Quantity
#         unit: !astropy.units.Unit {unit: mas / yr}
#         value: !astropy.table.SerializedColumn {name: SkyCoord.pm_dec}
#       pm_ra_cosdec: !astropy.table.SerializedColumn
#         __class__: astropy.units.quantity.Quantity
#         unit: !astropy.units.Unit {unit: mas / yr}
#         value: !astropy.table.SerializedColumn {name: SkyCoord.pm_ra_cosdec}
#       ra: !astropy.table.SerializedColumn
#         __class__: astropy.coordinates.angles.Longitude
#         unit: *id001
#         value: !astropy.table.SerializedColumn {name: SkyCoord.ra}
#         wrap_angle: !astropy.coordinates.Angle
#           unit: *id001
#           value: 360.0
#       representation_type: spherical
# schema: astropy-2.0
RA_ICRS_1 DE_ICRS_1 e_RA_ICRS e_DE_ICRS _r_1 HIP TYC2 Source rgeo Plx e_Plx pmRA pmDE e_pmRA e_pmDE RUWE Teff logg Gmag BP-RP BPmag RPmag RV e_RV b_rgeo B_rgeo FG e_FG FBP e_FBP FRP e_FRP RAVE5 RAVE6 e_Gmag e_BPmag e_RPmag e_BP-RP SkyCoord.ra SkyCoord.dec SkyCoord.distance SkyCoord.pm_ra_cosdec SkyCoord.pm_dec rmRA rmDE e_rmRA e_rmDE rRV e_rRV v_pec v_pec3d e_vpec e_vpec3d
[from data line 401]
0.34592345324 58.70189684819 0.0089 0.009 69.9599 "" "" 422769990486872064 459.105835 2.1481 0.0126 8.486 9.781 0.011 0.011 0.988 5484.9 4.2779 13.422961 1.191581 13.935834 12.744253 -30.82 1.93 456.528931 461.912659 80493.80173 12.27 36398.0 28.866 63308.0 25.77 "" "" 0.002760286347500603 0.0029200125 0.0038051351 0.0067251474 0.34592345324 58.70189684819 459.105835 8.486 9.780999999999985 0.31948178863525456 12.147024732589722 0.29970777 0.29970777 -18.747500000000002 7.3338637 26.44303078921924 32.41454355022753 7.925181799069708 7.7324158638288
1.93805385169 58.8297813 0.0126 0.0145 20.9694 "" "" 423102180437295360 358.468536 2.7619 0.0186 22.195 30.241 0.017 0.019 1.417 5049.2 4.3361 13.423864 1.173607 13.926665 12.753058 42.0 2.49 355.970612 360.368896 80426.85345 12.0 36707.0 25.703 62796.0 34.063 "" "" 0.0027600782829537004 0.0028918914 0.0038249947 0.006716886 1.93805385169 58.8297813 358.468536 22.195 30.241 14.028481788635254 32.60702473258972 0.30570775 0.30770776 54.0725 7.8938637 60.31390900026452 81.00372136601003 18.540268810653984 14.776253851835248
0.8465031471 58.15389097941 0.0089 0.0089 65.1187 "" "" 422717454445541504 413.886017 2.3855 0.0124 25.199 0.951 0.012 0.013 1.019 5095.9 4.3117 13.42515 1.162403 13.923699 12.761296 14.73 1.8 412.004486 415.845428 80331.65271 9.6217 36808.0 24.961 62322.0 19.18 "" "" 0.002758387350571279 0.0028856818 0.0037941241 0.006679806 0.8465031471 58.15389097941 413.886017 25.199 0.951 17.032481788635256 3.3170247325897217 0.30070776 0.30170777 26.8025 7.203864 34.042410716030005 43.32735548829255 10.23806292720301 9.195981755291834
2.92800431148 57.20211953177 0.0092 0.0089 92.9789 "" "" 422426290022592128 506.38501 1.9441 0.0126 4.959 -4.285 0.012 0.011 0.939 5607.7 4.38 13.431701 0.948291 13.820863 12.872572 -10.21 2.73 502.816559 509.681061 79848.4634 26.946 40464.0 46.766 56251.0 49.792 "" "" 0.002779574829421188 0.0030593548 0.0038996637 0.0069590183 2.92800431148 57.20211953177 506.38501 4.959000000000004 -4.285000000000003 -3.2075182113647465 -1.9189752674102785 0.30070776 0.29970777 1.8624999999999972 8.133863 8.97154666869917 9.162835580683916 2.6954518334478528 3.114292486740973
3.94392941578 59.25413996635 0.0084 0.0088 51.9202 "" "" 428981406547547008 409.447052 2.4109 0.012 3.449 2.6 0.011 0.011 1.035 5601.3 4.4091 13.43854 1.080251 13.895721 12.815471 -2.57 2.5 407.415314 411.117859 79347.03517 12.273 37768.0 28.019 59288.0 23.291 "" "" 0.0027604332939166853 0.0029041076 0.0038033738 0.006707481 3.94392941578 59.25413996635 409.447052 3.4490000000000003 2.6 -4.717518211364746 4.966024732589721 0.29970777 0.29970777 9.502499999999998 7.903864 13.293469287602141 16.340557883696057 3.9841560403714724 5.624202084352739
3.60938337886 58.02121687235 0.0093 0.0083 53.798 "" "" 422828432096699776 356.641327 2.7711 0.0133 -15.861 17.873 0.013 0.011 0.955 5630.0 4.4764 13.443288 1.145153 13.933513 12.78836 -7.88 1.89 355.440979 358.040924 79000.80639 9.737 36476.0 23.09 60788.0 24.449 "" "" 0.0027585679156258624 0.0028735723 0.0038045263 0.006678099 3.60938337886 58.02121687235 356.641327 -15.861000000000002 17.873 -24.027518211364747 20.239024732589723 0.30170777 0.29970777 4.192499999999998 7.293864 53.10743546219624 53.27266426246522 15.978928499772769 15.939707872830343
3.15256159527 58.28827551987 0.0091 0.0097 32.3937 "" "" 422836373498700672 395.018585 2.4995 0.0128 11.493 10.551 0.012 0.013 0.885 5750.2 4.5247 13.444565 1.102689 13.91105 12.808361 -19.23 2.03 392.865356 397.113739 78907.98828 10.534 37239.0 26.883 59678.0 19.605 "" "" 0.0027591299029811247 0.0028981697 0.0037961751 0.006694345 3.15256159527 58.28827551987 395.018585 11.493 10.551000000000014 3.3264817886352542 12.917024732589722 0.30070776 0.30170777 -7.157500000000002 7.4338636 24.974808344490523 25.98020127123794 7.533542913867592 7.526023627225838
2.74693286998 58.65593648704 0.009 0.0089 7.076 "" "" 422898079288496896 455.543488 2.1675 0.0133 7.399 -0.81 0.012 0.012 0.996 "" "" 13.453566 1.227226 13.983978 12.756752 -10.6 2.68 452.537445 458.830231 78256.52238 12.394 34820.0 22.506 62583.0 20.624 "" "" 0.0027606807103892623 0.0028770692 0.0037962808 0.00667335 2.74693286998 58.65593648704 455.543488 7.399 -0.81 -0.7675182113647461 1.5560247325897216 0.30070776 0.30070776 1.4724999999999984 8.083864 3.746389001899858 4.025380330298767 1.126568235382787 3.1374867460867946
3.08217528455 60.26917015309 0.0084 0.0087 92.8797 "" "" 429182754617776512 455.350586 2.1665 0.0119 -6.095 -0.373 0.011 0.012 0.93 5792.3 4.3257 13.454854 1.099767 13.920093 12.820326 -4.61 2.51 452.516266 457.701355 78163.68965 13.303 36930.0 26.06 59024.0 29.613 "" "" 0.002761509593602208 0.0028934493 0.003818436 0.0067118853 3.08217528455 60.26917015309 455.350586 -6.094999999999997 -0.37300000000000016 -14.261518211364745 1.9930247325897217 0.29970777 0.30070776 7.462499999999998 7.913864 31.080638119559865 31.963963649225946 9.315705084126224 9.24477485037423
2.73785484556 58.7183114303 0.4817 0.4885 4.7934 "" "" 422992126193207168 418.872864 3.1008 0.6877 -3.147 0.408 0.633 0.642 53.309 "" "" 13.4589 1.139492 13.807196 12.667704 -23.07 7.63 326.991852 553.929138 77872.90945 370.8 40977.0 47.121 67932.0 52.435 "" "" 0.005858250262044948 0.0030567748 0.0038711831 0.0069279578 2.73785484556 58.7183114303 418.872864 -3.147 0.40799999999999975 -11.313518211364746 2.7740247325897216 0.92170775 0.9307078 -10.997500000000002 13.033864 23.127886185112768 25.609453833331354 21.32901086134616 20.0589430160009
1.00162448478 59.76729792668 0.0181 0.0171 78.5077 "" "" 423304009537833344 398.391266 2.4801 0.0239 1.338 -14.901 0.023 0.023 1.645 "" "" 13.463743 1.029546 13.674212 12.644667 -6.91 2.88 394.977325 402.507996 77526.37654 58.599 46316.0 1541.7 69389.0 1140.7 "" "" 0.0028749395869439196 0.036247957 0.018244386 0.054492343 1.00162448478 59.76729792668 398.391266 1.3379999999999976 -14.901 -6.828518211364746 -12.534975267410278 0.31170776 0.31170776 5.162499999999998 8.283864 26.955134642199 27.445048548491883 8.402124770927161 8.397968795249612
0.96531265257 59.14671938438 0.0162 0.0172 55.8721 "" "" 423165711592707712 485.040863 2.0312 0.0227 -4.278 15.776 0.022 0.022 2.007 5174.0 4.1516 13.471448 1.408092 14.107125 12.699033 -34.56 1.67 477.840271 491.964294 76978.18851 9.4442 31086.0 21.573 66000.0 24.222 "" "" 0.0027585382141063013 0.002890117 0.003800329 0.0066904463 0.96531265257 59.14671938438 485.040863 -4.278 15.776 -12.444518211364745 18.14202473258972 0.31070775 0.31070775 -22.487500000000004 7.073864 50.580013900784444 55.353640010875054 15.715602209696893 14.645033920770969
4.49425842653 59.48731157192 0.0085 0.0095 73.7583 "" "" 428261054634194176 460.197998 2.1398 0.0126 -5.782 -8.024 0.011 0.012 0.982 5391.4 4.3539 13.472439 1.062087 13.918525 12.856438 7.95 1.73 457.977722 463.373077 76907.968 11.104 36983.0 21.74 57093.0 23.574 "" "" 0.0027597758568531916 0.002862236 0.0038058776 0.0066681136 4.49425842653 59.48731157192 460.197998 -5.781999999999996 -8.02400000000001 -13.948518211364746 -5.6579752674102775 0.29970777 0.30070776 20.022499999999997 7.133864 32.834314486202054 38.457674319033096 9.845344938300466 9.189743825521626
5.06600886375 59.51258822453 0.0083 0.0093 89.1539 "" "" 428339978952911488 404.326324 2.441 0.0119 -6.271 -5.216 0.011 0.013 0.928 5125.9 4.3757 13.486002 1.178845 13.9967 12.817856 -62.68 1.32 402.295532 406.137451 75953.16127 8.5086 34414.0 20.521 59158.0 23.317 "" "" 0.0027580034409835914 0.0028642982 0.0038035326 0.006667831 5.06600886375 59.51258822453 404.326324 -6.270999999999999 -5.216 -14.437518211364747 -2.8499752674102785 0.29970777 0.30170777 -50.6075 6.723864 28.20355041767186 57.935820632939674 8.45494558658281 7.171973168621944
3.96473674488 59.03030272797 0.0089 0.0095 45.9973 "" "" 422967524619799936 391.80957 2.5227 0.0135 -9.345 -9.606 0.012 0.012 0.977 5586.7 4.4622 13.488063 1.073932 13.941649 12.867718 -26.95 2.32 389.844421 393.504944 75809.15939 9.8264 36204.0 22.038 56503.0 24.053 "" "" 0.0027589119744396372 0.0028673762 0.0038075384 0.0066749146 3.96473674488 59.03030272797 391.80957 -9.345 -9.606 -17.511518211364745 -7.239975267410278 0.30070776 0.30070776 -14.877500000000001 7.7238636 35.19194349095114 38.20749786259627 10.582490408280172 10.200713601913723
2.63955336495 58.71413124809 0.0093 0.009 2.2383 "" "" 422910139556344320 422.344604 2.3387 0.0127 8.435 -2.044 0.013 0.012 0.958 5052.3 4.2194 13.490992 1.382167 14.114731 12.732564 -8.8 4.11 419.862213 424.281891 75604.95595 170.68 30869.0 253.57 63993.0 390.22 "" "" 0.0036877581153225997 0.0093449205 0.007623443 0.016968364 2.63955336495 58.71413124809 422.344604 8.435000000000002 -2.044 0.2684817886352544 0.32202473258972164 0.30170777 0.30070776 3.2724999999999973 9.5138645 0.8393304622137617 3.378421506384298 0.2527377053526046 9.215796262949016
5.4157784332 59.16828794155 0.0097 0.01 91.0884 "" "" 428191441802848128 444.452637 2.2184 0.0131 18.852 -9.854 0.012 0.014 0.97 5314.6 4.3769 13.495607 1.12791 13.979215 12.851305 -43.46 1.69 441.556152 447.174225 75284.16777 9.1439 34973.0 25.141 57364.0 23.81 "" "" 0.0027584741419121204 0.00289728 0.0038061552 0.0067034354 5.4157784332 59.16828794155 444.452637 18.852000000000015 -9.853999999999996 10.685481788635254 -7.4879752674102775 0.30070776 0.30270776 -31.387500000000003 7.093864 27.48821187277074 41.722619143725076 8.284064772518835 7.633310616015476
4.13214991694 57.96312959804 0.009 0.0093 67.3469 "" "" 422813489913285888 418.375366 2.3635 0.0141 19.499 6.948 0.012 0.012 0.965 5611.4 4.5046 13.501906 1.029217 13.93396 12.904743 -11.14 1.59 415.774567 420.604919 74848.6721 10.23 36461.0 19.59 54609.0 22.142 "" "" 0.0027593133440546895 0.0028504992 0.0038049344 0.0066554337 4.13214991694 57.96312959804 418.375366 19.499000000000002 6.948000000000002 11.332481788635253 9.314024732589722 0.30070776 0.30070776 0.9324999999999974 6.993864 29.08985550264553 29.104797704412867 8.747545213413913 8.745925318735912
0.27126691712 58.18332239205 0.0089 0.0098 80.1134 "" "" 422726422337044608 410.646027 2.4034 0.0128 -11.274 -7.775 0.012 0.013 1.03 5837.7 4.4053 13.502125 1.124286 13.979145 12.854859 -14.61 2.05 408.739624 412.890686 74833.62224 9.5242 34975.0 20.723 57176.0 27.218 "" "" 0.002758783078284656 0.002863371 0.0038145594 0.0066779302 0.27126691712 58.18332239205 410.646027 -11.274 -7.775 -19.440518211364747 -5.408975267410279 0.30070776 0.30170777 -2.5375000000000014 7.453864 39.27759839048258 39.35947969135314 11.813905063026683 11.799117935487123
3.23148585526 57.24519315949 0.0087 0.0092 92.0565 "" "" 422386467083983360 488.734253 2.0155 0.0131 -15.573 -3.961 0.012 0.012 0.996 5450.8 4.3741 13.513021 0.952453 13.903814 12.951362 -13.01 2.89 485.441162 492.035461 74086.33549 9.5935 37488.0 22.411 52313.0 22.409 "" "" 0.0027589048111934917 0.0028646716 0.0038078912 0.006672563 3.23148585526 57.24519315949 488.734253 -15.573 -3.961000000000001 -23.739518211364746 -1.5949752674102782 0.30070776 0.30070776 -0.9375000000000018 8.293864 55.11896104672384 55.12693328238258 16.574699170601527 16.572902420818643
1.86141504762 58.0397292251 0.0097 0.0098 47.9384 "" "" 422674126814679424 373.629272 2.6466 0.0142 6.131 23.362 0.012 0.013 1.112 5190.6 4.4513 13.51613 1.098702 13.98213 12.883428 -28.56 1.54 371.88147 375.257782 73874.48537 8.5772 34879.0 20.061 55691.0 19.631 "" "" 0.002758202383268956 0.002859198 0.0037987106 0.0066579087 1.86141504762 58.0397292251 373.629272 6.131 23.362 -2.035518211364746 25.72802473258972 0.30070776 0.30170777 -16.4875 6.943864 45.70678442604816 48.58958529169845 13.789808347416276 13.183921064975394
1.97202818259 58.37413371638 0.0093 0.0092 29.3308 "" "" 423060776949803008 379.740021 2.6026 0.013 -6.895 2.068 0.012 0.012 1.031 4959.5 4.3264 13.518996 1.165413 14.020814 12.855401 -68.89 1.79 377.866486 381.576233 73679.75226 8.0286 33658.0 23.452 57148.0 19.204 "" "" 0.0027578590075291883 0.0028909096 0.0037969518 0.0066878614 1.97202818259 58.37413371638 379.740021 -6.895 2.0679999999999974 -15.061518211364746 4.434024732589721 0.30070776 0.30070776 -56.8175 7.193864 28.26063395674388 63.45779493401158 8.49819186189754 7.470680343541387
2.70128072995 58.8882181961 0.0095 0.0102 9.4573 "" "" 422995252929342592 426.014862 2.317 0.0139 8.371 -2.388 0.012 0.013 1.149 5093.0 4.2511 13.522077 1.322105 14.108164 12.786059 -10.01 1.91 423.35672 428.414429 73471.05017 27.53 31056.0 47.651 60916.0 56.795 "" "" 0.0027851931811854217 0.0032496608 0.003912601 0.0071622618 2.70128072995 58.8882181961 426.014862 8.370999999999999 -2.388 0.20448178863525435 -0.02197526741027822 0.30070776 0.30170777 2.0624999999999982 7.3138638 0.41528980873482785 2.1038944543961806 0.12488561654209068 7.170004711326669
3.00406735701 59.39028342677 0.0084 0.0096 40.9689 "" "" 429039680665278848 475.907379 2.0711 0.0123 9.923 0.557 0.011 0.012 1.024 4932.5 4.2177 13.524949 1.185888 14.038494 12.852606 -14.07 1.33 472.663025 479.105469 73276.8992 10.188 33115.0 24.408 57295.0 29.15 "" "" 0.002759452241546837 0.0029026654 0.0038195369 0.0067222025 3.00406735701 59.39028342677 475.907379 9.922999999999988 0.5569999999999997 1.756481788635254 2.9230247325897216 0.29970777 0.30070776 -1.9975000000000023 6.733864 7.692678850179952 7.947786744874699 2.311209876731687 2.805088647073725
4.62734078868 57.70562955764 0.0085 0.0091 89.4573 "" "" 422056373079693312 381.684845 2.5838 0.0125 35.622 1.534 0.011 0.013 0.977 5199.7 4.4384 13.532871 1.115768 14.008508 12.89274 -10.6 1.92 379.796478 383.961914 72744.19156 7.8226 34042.0 19.546 55216.0 21.471 "" "" 0.0027577928194946495 0.0028589643 0.0038028902 0.0066618547 4.62734078868 57.70562955764 381.684845 35.62200000000001 1.5339999999999998 27.455481788635254 3.9000247325897215 0.29970777 0.30170777 1.4724999999999984 7.323864 50.17071483382957 50.19231896602753 15.038544210080904 15.033606698898382
3.45221299045 57.75142262914 0.0346 0.0376 65.3328 "" "" 422796378762898816 485.011383 2.0245 0.0506 8.497 -3.789 0.044 0.049 4.135 "" "" 13.535133 1.104253 14.005087 12.900834 -18.97 2.04 475.362396 499.706512 72592.74581 8.4907 34149.0 18.165 54806.0 20.071 "" "" 0.0027582451373342615 0.0028493158 0.0038002403 0.006649556 3.45221299045 57.75142262914 485.011383 8.496999999999996 -3.788999999999996 0.3304817886352538 -1.4229752674102785 0.33270776 0.33770776 -6.897500000000001 7.443864 3.35842224472952 7.671669063762727 1.1333118981861539 6.7110471138383625
2.17900339856 59.78094771821 0.0092 0.0102 63.6363 "" "" 429251542813506816 340.154846 2.909 0.0126 17.576 -13.306 0.012 0.014 0.938 5129.9 4.4779 13.53949 1.223498 14.07359 12.850092 5.22 1.21 338.645569 341.466919 72302.06433 8.9884 32061.0 16.076 57428.0 21.667 "" "" 0.0027586242730354197 0.0028427853 0.0038015167 0.006644302 2.17900339856 59.78094771821 340.154846 17.576000000000015 -13.305999999999994 9.409481788635254 -10.939975267410277 0.30070776 0.30270776 17.292499999999997 6.613864 23.26578400741825 28.98839874380506 7.022985227530208 6.880188160979382
0.52715323475 58.34508668422 0.0175 0.0161 68.8401 "" "" 422722608406021632 450.596771 2.1937 0.022 -4.47 0.882 0.025 0.023 1.315 "" "" 13.544821 "" "" "" -16.44 4.71 446.561768 455.297516 71947.92313 477.15 "" "" "" "" "" "" 0.007709642627110675 "" "" "" 0.52715323475 58.34508668422 450.596771 -4.47 0.8819999999999988 -12.636518211364745 3.248024732589722 0.31370777 0.31170776 -4.367500000000003 10.113864 27.86673387377733 28.206912504595905 8.738567290441496 8.774062285071828
