Clusters/Alessi_20/Alessi_20_stars_in_region.tsv
# %ECSV 1.0
# ---
# datatype:
# - name: RA_ICRS_1
#   unit: deg
#   datatype: float64
#   format: '{:15.11f}'
#   description: Right ascension (ICRS) at Ep=2016.0 (ra)
#   meta: !!omap
#   - {ucd: POS_EQ_RA_MAIN}
#   - {width: 15}
#   - {precision: '11'}
# - name: DE_ICRS_1
#   unit: deg
#   datatype: float64
#   format: '{:15.11f}'
#   description: Declination (ICRS) at Ep=2016.0 (dec)
#   meta: !!omap
#   - {ucd: POS_EQ_DEC_MAIN}
#   - {width: 15}
#   - {precision: '11'}
# - name: e_RA_ICRS
#   unit: mas
#   datatype: float64
#   format: '{:7.4f}'
#   description: Standard error of right ascension (ra_error)
#   meta: !!omap
#   - {ucd: ERROR}
#   - {width: 7}
#   - {precision: '4'}
# - name: e_DE_ICRS
#   unit: mas
#   datatype: float64
#   format: '{:7.4f}'
#   description: Standard error of declination (dec_error)
#   meta: !!omap
#   - {ucd: ERROR}
#   - {width: 7}
#   - {precision: '4'}
# - name: _r_1
#   unit: ''
#   datatype: float64
#   format: '{:7.4f}'
#   description: Distance from center (002.59051565000+58.74140228000)[ICRS], at Epoch=J2016.0
#   meta: !!omap
#   - {ucd: POS_ANG_DIST_GENERAL}
#   - {width: 7}
#   - {precision: '4'}
# - name: HIP
#   datatype: int32
#   description: '? HIP cross-id number, van Leeuwen, Cat. I/311 (hip_original_ext_source_id)'
#   meta: !!omap
#   - {ucd: ID_NUMBER}
#   - {width: 6}
#   - values: {'null': -2147483648}
# - name: TYC2
#   datatype: string
#   description: Tycho-2 cross-id name, Hog et al., Cat. I/259 (tyc2_original_ext_source_id)
#   meta: !!omap
#   - {ucd: ID_CROSSID}
#   - {_votable_string_dtype: char}
# - name: Source
#   datatype: int64
#   description: Source identifier, identical to the Gaia-EDR3 source_id (id)
#   meta: !!omap
#   - {ucd: ID_MAIN}
#   - {width: 19}
# - name: rgeo
#   unit: pc
#   datatype: float64
#   format: '{:15.8f}'
#   description: '? Median of the geometric distance posterior (r_med_geo)'
#   meta: !!omap
#   - {ucd: PHYS_DISTANCE_TRUE}
#   - {width: 15}
#   - {precision: '8'}
#   - values: {'null': .nan}
# - name: Plx
#   unit: mas
#   datatype: float64
#   format: '{:9.4f}'
#   description: '? Parallax (parallax)'
#   meta: !!omap
#   - {ucd: POS_PARLX_TRIG}
#   - {width: 9}
#   - {precision: '4'}
#   - values: {'null': .nan}
# - name: e_Plx
#   unit: mas
#   datatype: float32
#   format: '{:7.4f}'
#   description: '? Standard error of parallax (parallax_error)'
#   meta: !!omap
#   - {ucd: ERROR}
#   - {width: 7}
#   - {precision: '4'}
#   - values: {'null': .nan}
# - name: pmRA
#   unit: mas / yr
#   datatype: float64
#   format: '{:9.3f}'
#   description: '? Proper motion in right ascension direction, pmRA*cosDE (pmra)'
#   meta: !!omap
#   - {ucd: POS_EQ_PMRA}
#   - {width: 9}
#   - {precision: '3'}
#   - values: {'null': .nan}
# - name: pmDE
#   unit: mas / yr
#   datatype: float64
#   format: '{:9.3f}'
#   description: '? Proper motion in declination direction (pmdec)'
#   meta: !!omap
#   - {ucd: POS_EQ_PMDEC}
#   - {width: 9}
#   - {precision: '3'}
#   - values: {'null': .nan}
# - name: e_pmRA
#   unit: mas / yr
#   datatype: float32
#   format: '{:6.3f}'
#   description: '? Standard error of proper motion in right ascension direction (pmra_error)'
#   meta: !!omap
#   - {ucd: ERROR}
#   - {width: 6}
#   - {precision: '3'}
#   - values: {'null': .nan}
# - name: e_pmDE
[...]
#         value: !astropy.table.SerializedColumn {name: SkyCoord.dec}
#       distance: !astropy.table.SerializedColumn
#         __class__: astropy.coordinates.distances.Distance
#         unit: !astropy.units.Unit {unit: pc}
#         value: !astropy.table.SerializedColumn {name: SkyCoord.distance}
#       frame: icrs
#       obstime: !astropy.time.Time {format: jyear_str, in_subfmt: '*', jd1: 367701545.0, jd2: 0.0, out_subfmt: '*', precision: 3, scale: tt}
#       pm_dec: !astropy.table.SerializedColumn
#         __class__: astropy.units.quantity.Quantity
#         unit: !astropy.units.Unit {unit: mas / yr}
#         value: !astropy.table.SerializedColumn {name: SkyCoord.pm_dec}
#       pm_ra_cosdec: !astropy.table.SerializedColumn
#         __class__: astropy.units.quantity.Quantity
#         unit: !astropy.units.Unit {unit: mas / yr}
#         value: !astropy.table.SerializedColumn {name: SkyCoord.pm_ra_cosdec}
#       ra: !astropy.table.SerializedColumn
#         __class__: astropy.coordinates.angles.Longitude
#         unit: *id001
#         value: !astropy.table.SerializedColumn {name: SkyCoord.ra}
#         wrap_angle: !astropy.coordinates.Angle
#           unit: *id001
#           value: 360.0
#       representation_type: spherical
# schema: astropy-2.0
RA_ICRS_1 DE_ICRS_1 e_RA_ICRS e_DE_ICRS _r_1 HIP TYC2 Source rgeo Plx e_Plx pmRA pmDE e_pmRA e_pmDE RUWE Teff logg Gmag BP-RP BPmag RPmag RV e_RV b_rgeo B_rgeo FG e_FG FBP e_FBP FRP e_FRP RAVE5 RAVE6 e_Gmag e_BPmag e_RPmag e_BP-RP SkyCoord.ra SkyCoord.dec SkyCoord.distance SkyCoord.pm_ra_cosdec SkyCoord.pm_dec rmRA rmDE e_rmRA e_rmDE rRV e_rRV v_pec v_pec3d e_vpec e_vpec3d
[from data line 344]
4.26907423897 58.89074122638 0.0079 0.0078 52.9109 "" "" 422962916114089728 422.829224 2.3364 0.0113 2.048 -5.745 0.01 0.01 0.934 5286.3 4.2977 13.185565 0.984843 13.59033 12.605487 -70.17 2.19 420.723389 424.626434 100166.07465 13.029 50036.0 29.346 71939.0 34.194 "" "" 0.0027589371497484367 0.002861912 0.0038144537 0.0066763656 4.26907423897 58.89074122638 422.829224 2.048 -5.744999999999999 -6.118518211364746 -3.3789752674102784 0.29870775 0.29870775 -58.097500000000004 7.593864 14.00851958164339 59.76251439756603 4.184453412971039 7.447170212405252
2.7383236169 57.40151047992 0.0084 0.0089 80.5302 "" "" 422437628736138368 484.823608 2.0328 0.0119 -0.898 -0.829 0.011 0.011 0.938 5819.0 4.3178 13.186577 0.908862 13.555306 12.646444 -0.27 1.67 481.480499 488.129211 100072.79142 28.798 51677.0 49.811 69276.0 47.759 "" "" 0.0027729785348992973 0.0029799792 0.0038527902 0.006832769 2.7383236169 57.40151047992 484.823608 -0.898 -0.829 -9.064518211364746 1.5370247325897217 0.29970777 0.29970777 11.802499999999998 7.073864 21.12818698260942 24.201224998377793 6.332281812044955 6.516308602936237
1.20362438756 60.07494251328 0.0082 0.0092 90.5239 "" "" 429273052009393920 462.980896 2.1291 0.0115 8.467 -8.277 0.011 0.012 0.951 5373.6 4.2906 13.190493 1.016658 13.614496 12.597838 -7.71 1.6 460.611664 465.453613 99712.55984 13.648 48935.0 19.181 72447.0 24.389 "" "" 0.0027593248937246937 0.002822439 0.0037970152 0.0066194544 1.20362438756 60.07494251328 462.980896 8.466999999999999 -8.277000000000001 0.30048178863525443 -5.910975267410278 0.29970777 0.30070776 4.362499999999998 7.003864 12.988559033432354 13.70160837328805 3.9057270378041102 4.3221631130061136
0.5268455658 58.34483379553 0.0168 0.0167 68.8546 "" "" 422722608397337088 446.916077 2.2085 0.0247 -5.184 1.218 0.023 0.021 1.759 "" "" 13.191616 1.109986 13.184668 12.074681 "" "" 442.509827 453.017212 99609.42483 565.84 72703.0 1212.9 117300.0 1984.7 "" "" 0.006755095239482397 0.018326914 0.018755246 0.037082158 0.5268455658 58.34483379553 446.916077 -5.184 1.218000000000002 -13.350518211364747 3.5840247325897217 0.31170776 0.30970776 "" "" 29.282875418194703 "" 9.123774410373377 ""
2.05449522928 58.3163255551 0.0254 0.0288 30.535 "" "" 423059333840810496 448.399048 2.2017 0.037 -30.969 5.231 0.032 0.036 2.984 5817.0 4.4206 13.194577 0.962048 13.582554 12.620506 0.08 2.45 439.389099 456.425629 99338.1337 22.552 50396.0 33.657 70951.0 36.115 "" "" 0.002766323383277297 0.0028828513 0.003819575 0.0067024264 2.05449522928 58.3163255551 448.399048 -30.968999999999998 5.231 -39.13551821136475 7.5970247325897216 0.32070777 0.32470775 12.152499999999998 7.8538637 84.7318040256784 85.59884268899884 27.186529608121155 26.93424416389722
5.04049941863 59.47549905463 0.0076 0.0086 87.3762 "" "" 428340180808881408 421.67453 2.3406 0.0111 -9.758 -21.971 0.01 0.012 0.944 5830.1 4.3459 13.196127 1.03956 13.607749 12.568189 -8.38 2.92 419.880463 423.368286 99196.37249 14.955 49240.0 54.978 74453.0 281.85 "" "" 0.0027601780613896905 0.0030421405 0.0055836593 0.0086258 5.04049941863 59.47549905463 421.67453 -9.758 -21.971 -17.924518211364745 -19.60497526741028 0.29870775 0.30070776 3.6924999999999972 8.323864 53.09435578592324 53.22260020491484 15.91762334704307 15.889766183298917
0.8058251709 58.47512855664 0.0088 0.0092 58.0182 "" "" 422750611593639424 429.577393 2.2956 0.0123 7.937 -2.115 0.011 0.012 0.993 5645.8 4.0753 13.200338 1.370181 13.808672 12.438491 -34.25 5.83 427.365265 432.40036 98812.42894 201.36 40921.0 278.24 83900.0 446.17 "" "" 0.0035336957594937495 0.007892078 0.006900771 0.014792848 0.8058251709 58.47512855664 429.577393 7.937 -2.115 -0.22951821136474582 0.25102473258972147 0.29970777 0.30070776 -22.177500000000002 11.233864 0.6925824342096446 22.188311713110934 0.20794984383358706 11.22839177455048
1.30423528687 59.56940332671 0.0076 0.0091 63.5102 "" "" 423231235613138816 401.128143 2.4588 0.0112 30.071 12.851 0.011 0.012 0.954 5422.6 4.3401 13.209612 1.192615 13.723647 12.531033 -63.02 1.99 399.486847 403.269104 97972.0152 11.887 44255.0 22.048 77045.0 41.017 "" "" 0.002758467506419933 0.002842119 0.0038233278 0.006665447 1.30423528687 59.56940332671 401.128143 30.071 12.851 21.904481788635255 15.217024732589723 0.29970777 0.30070776 -50.947500000000005 7.3938637 50.7116178800071 71.88404513004159 15.215191526435627 11.94467786628779
4.47156682793 59.55461029654 0.0074 0.0086 75.6961 "" "" 428263146277279488 506.834015 1.9415 0.0109 12.299 -11.537 0.009 0.011 0.942 5902.2 4.2993 13.221676 1.005549 13.636641 12.631091 -24.19 2.16 504.655243 509.381287 96889.44859 12.803 47947.0 21.996 70262.0 19.111 "" "" 0.0027590528993403896 0.0028342796 0.003790902 0.0066251815 4.47156682793 59.55461029654 506.834015 12.299000000000019 -11.537000000000003 4.132481788635253 -9.17097526741028 0.29770777 0.29970777 -12.117500000000003 7.5638638 24.16575854565572 27.033640012712542 7.234531072426223 7.301892128453322
0.47697513246 59.16106270962 0.0082 0.0095 70.0813 "" "" 423180245761994496 438.208008 2.2524 0.0119 -3.898 4.197 0.011 0.013 0.979 "" "" 13.221972 1.158878 13.722764 12.563886 -41.61 1.32 435.961182 439.875061 96862.93721 11.027 44291.0 25.948 74749.0 22.564 "" "" 0.0027580911438182644 0.0028617561 0.003793566 0.0066553224 0.47697513246 59.16106270962 438.208008 -3.897999999999999 4.196999999999999 -12.064518211364746 6.563024732589722 0.29970777 0.30170777 -29.5375 6.723864 28.52721046592673 41.06416495214872 8.562888712262758 7.666662250095049
0.20797448164 58.04949314012 0.0086 0.0088 85.6416 "" "" 422633135647715584 412.526733 2.3942 0.0124 17.626 -4.174 0.011 0.011 0.944 5871.7 4.2185 13.224361 1.244012 13.764216 12.520205 -16.17 1.71 410.369904 414.346527 96650.09401 33.43 42631.0 62.352 77817.0 82.374 "" "" 0.0027807950547437403 0.003210417 0.003950273 0.00716069 0.20797448164 58.04949314012 412.526733 17.626 -4.173999999999995 9.459481788635255 -1.8079752674102787 0.29970777 0.29970777 -4.097500000000004 7.113864 18.831665587304393 19.272289304648385 5.643996505102538 5.718598390828448
0.05795111324 59.52763935494 0.0077 0.0086 91.1094 "" "" 423195192247972992 449.76355 2.1931 0.011 1.546 -1.95 0.01 0.011 0.968 5769.2 4.0785 13.227645 1.326245 13.815272 12.489027 -21.36 1.46 447.590515 451.812714 96358.22829 13.932 40673.0 25.449 80084.0 29.133 "" "" 0.0027597885157201523 0.0028716815 0.0037999642 0.0066716457 0.05795111324 59.52763935494 449.76355 1.546 -1.9500000000000006 -6.620518211364746 0.4160247325897217 0.29870775 0.29970777 -9.287500000000001 6.863864 14.141984067010839 16.919023896241427 4.224376006078656 5.16377339960884
4.79556955276 58.2295498315 0.0075 0.0085 75.6646 "" "" 422158657715718016 503.241211 1.9566 0.0115 24.562 36.578 0.009 0.011 0.959 5955.2 4.2181 13.237014 1.015655 13.655925 12.64027 -115.82 2.59 501.031738 506.034851 95530.31897 14.016 47103.0 32.444 69671.0 20.988 "" "" 0.0027599211742745057 0.002888653 0.003793508 0.0066821612 4.79556955276 58.2295498315 503.241211 24.562000000000022 36.577999999999996 16.395481788635255 38.944024732589725 0.29770777 0.29970777 -103.7475 7.993864 100.7925078644373 144.64671927787597 30.178033809554396 21.796248406042935
2.42031529997 57.47721648816 0.0101 0.0109 76.0427 "" "" 422451200832613376 393.239075 2.5097 0.0145 10.657 15.32 0.012 0.013 1.203 5089.8 4.3338 13.247252 1.091287 13.709348 12.618061 12.25 1.45 391.170441 395.482056 94633.66542 12.271 44841.0 19.941 71111.0 26.771 "" "" 0.0027589146458663143 0.002831638 0.0038014208 0.006633059 2.42031529997 57.47721648816 393.239075 10.657 15.32 2.490481788635254 17.686024732589722 0.30070776 0.30170777 24.322499999999998 6.8538637 33.291163024527236 41.22966822296354 10.043556441110477 9.061783101473445
2.80469384699 59.48755721061 0.0955 0.0981 45.2526 "" "" 429043941274336640 431.169464 2.3349 0.1405 4.264 -1.989 0.124 0.125 10.324 6049.4 4.4863 13.252405 1.049871 13.655368 12.605496 -10.3 2.54 408.743713 455.663757 94185.65489 90.992 47127.0 44.313 71938.0 51.82 "" "" 0.0029482239595663485 0.0029710766 0.0038594573 0.006830534 2.80469384699 59.48755721061 431.169464 4.264 -1.989 -3.902518211364746 0.3770247325897216 0.41270775 0.41370776 1.7724999999999973 7.943864 8.012880100975138 8.206582952886258 3.3070518733951713 3.656531865581635
4.59011229319 58.27165513714 0.0406 0.0415 68.7177 "" "" 422170172532471808 474.187836 2.0944 0.058 27.256 -17.587 0.053 0.052 6.24 5141.9 4.1913 13.253063 1.176543 13.732344 12.5558 29.48 2.74 460.658539 486.075287 94128.53005 59.871 43902.0 19.015 75307.0 34.309 "" "" 0.0028405461158972183 0.0028295214 0.0038116144 0.0066411356 4.59011229319 58.27165513714 474.187836 27.256000000000004 -17.58700000000002 19.089481788635254 -15.220975267410278 0.34170777 0.34070778 41.552499999999995 8.143864 54.87611512988244 68.83311897624654 18.730285644993646 15.72088992119526
1.51691361314 58.93205780522 0.0086 0.0092 35.2417 "" "" 423112831954156800 458.0625 2.1551 0.0125 19.536 0.839 0.012 0.012 0.954 5755.2 4.3213 13.254827 1.029086 13.681094 12.652008 -22.23 1.94 455.422028 460.767975 93975.75837 13.701 46023.0 23.701 68922.0 21.964 "" "" 0.0027598633962725365 0.0028456422 0.003795187 0.006640829 1.51691361314 58.93205780522 458.0625 19.536 0.8390000000000001 11.369481788635255 3.2050247325897216 0.30070776 0.30070776 -10.157500000000002 7.343864 25.6476889406035 27.585843366552258 7.712459025693735 7.663523225288828
3.28859005268 58.0059621403 0.0088 0.0094 49.2896 "" "" 422808679548677632 406.487 2.4301 0.0135 -0.797 -7.013 0.012 0.012 1.098 5097.8 4.3116 13.255867 1.184516 13.769239 12.584723 -1.96 2.4 404.083466 408.946014 93885.76778 11.156 42435.0 25.525 73328.0 23.505 "" "" 0.0027583389432138993 0.002865582 0.0037953723 0.006660954 3.28859005268 58.0059621403 406.487 -0.7970000000000002 -7.013 -8.963518211364747 -4.646975267410278 0.30070776 0.30070776 10.112499999999997 7.803864 19.453388837410905 21.924803157827967 5.8497849325479665 6.316320700459323
0.99980630442 59.7814367224 0.0135 0.0152 79.2026 "" "" 423304043897560192 496.68689 1.9849 0.0202 27.566 -2.395 0.018 0.022 1.411 6001.6 4.1294 13.255971 1.253463 13.682626 12.429163 "" "" 492.277405 501.612549 93876.80016 33.778 45959.0 145.77 84624.0 409.03 "" "" 0.002782877171096421 0.0044321474 0.0064671654 0.010899313 0.99980630442 59.7814367224 496.68689 27.566000000000006 -2.3950000000000005 19.399481788635253 -0.028975267410278338 0.30670777 0.31070775 "" "" 45.672170578267526 "" 14.0080099825377 ""
2.19491613787 57.53562575309 0.0077 0.0078 73.4232 "" "" 422448830010618240 436.957428 2.2562 0.0113 0.324 -2.9 0.01 0.01 0.963 5684.6 4.3782 13.25668 0.982519 13.6649 12.682381 -22.14 1.45 434.816315 438.86792 93815.58676 12.205 46715.0 22.93 67020.0 30.439 "" "" 0.0027589383538343102 0.00284061 0.003811416 0.006652026 2.19491613787 57.53562575309 436.957428 0.32400000000000007 -2.9 -7.842518211364746 -0.5339752674102782 0.29870775 0.29870775 -10.067500000000003 6.8538637 16.28086008670781 19.142125310763053 4.86321914024382 5.486586418717981
2.96529526489 57.75157305877 0.0078 0.0087 60.557 "" "" 422470888963718272 495.453644 1.9841 0.0118 13.163 -0.458 0.01 0.012 0.936 5407.9 4.294 13.257248 0.964582 13.653795 12.689213 -15.13 2.16 492.155243 498.353333 93766.48379 29.892 47195.0 51.126 66600.0 59.996 "" "" 0.002776975188542405 0.0030279406 0.0039038903 0.006931831 2.96529526489 57.75157305877 495.453644 13.163 -0.45799999999999996 4.996481788635254 1.9080247325897217 0.29870775 0.30070776 -3.0575000000000028 7.5638638 12.560452773557905 12.927230180002926 3.755111063637437 4.063557004543207
1.527292765 58.94323666442 0.0085 0.0095 35.1574 "" "" 423112862013140352 345.556213 2.8649 0.0122 -3.17 -1.805 0.012 0.013 0.931 5595.1 4.4914 13.258333 1.050092 13.698317 12.648225 -7.96 2.19 344.022644 346.959686 93672.8052 33.285 45299.0 55.307 69162.0 61.075 "" "" 0.002782198604450546 0.0030890598 0.0038991014 0.0069881612 1.527292765 58.94323666442 345.556213 -3.1700000000000004 -1.8050000000000002 -11.336518211364746 0.5610247325897217 0.30070776 0.30170777 4.112499999999998 7.593864 18.591220439016237 19.040644255436714 5.59056970333336 5.699701273744257
5.49490080863 59.22419997549 0.008 0.0087 94.3447 "" "" 428193331588444160 457.696014 2.1533 0.0115 -18.282 -7.312 0.01 0.012 0.976 5732.4 4.1872 13.259224 1.19438 13.772774 12.578394 1.58 5.99 455.502777 459.91568 93595.98371 177.69 42297.0 261.58 73757.0 394.22 "" "" 0.00344100700036802 0.0072712246 0.0069252905 0.014196515 5.49490080863 59.22419997549 457.696014 -18.282000000000004 -7.312000000000001 -26.448518211364746 -4.945975267410279 0.29870775 0.30070776 13.652499999999998 11.393864 58.37417987510019 59.94944230216451 17.44077768460953 17.179579061207132
2.51537498633 57.32479821213 0.0085 0.0091 85.0297 "" "" 422443435531795072 432.189453 2.2827 0.0127 -3.419 -4.379 0.011 0.011 0.968 5464.0 4.3215 13.262463 0.950329 13.649452 12.699123 -17.06 1.55 429.76001 434.517426 93317.19794 14.346 47384.0 30.2 65995.0 21.378 "" "" 0.0027603713107705744 0.0028746997 0.0037957113 0.0066704107 2.51537498633 57.32479821213 432.189453 -3.4189999999999987 -4.378999999999996 -11.585518211364747 -2.012975267410278 0.29970777 0.29970777 -4.987500000000001 6.953864 24.089422220133066 24.600313395358214 7.219787022557898 7.209049830228132
1.92716488374 59.79603582292 0.0082 0.0091 66.4655 "" "" 429253776196485760 414.410583 2.382 0.0114 -10.17 -22.777 0.011 0.012 0.951 5485.2 4.3603 13.263729 1.057985 13.707426 12.649441 -52.87 1.85 412.510681 416.323883 93208.42579 12.522 44921.0 20.091 69085.0 20.346 "" "" 0.0027591783549054953 0.002832111 0.0037928843 0.0066249953 1.92716488374 59.79603582292 414.410583 -10.17 -22.77699999999999 -18.336518211364748 -20.41097526741028 0.29970777 0.30070776 -40.7975 7.253864 53.89634498429876 67.59624256507566 16.183000601315292 13.625660395957413
4.23019674431 59.14642585791 0.1241 0.0371 56.2684 "" "" 428976939776647808 396.49353 2.5034 0.0699 -2.849 -11.199 0.184 0.071 2.105 "" "" 13.266916 0.422684 11.464837 11.042153 -16.27 9.57 386.177399 409.75415 92935.17142 111.14 354390.0 38418.0 303600.0 32495.0 "" "" 0.003045928295773881 0.117733374 0.11627025 0.23400363 4.23019674431 59.14642585791 396.49353 -2.848999999999999 -11.198999999999993 -11.015518211364746 -8.832975267410278 0.47270775 0.35970777 -4.197500000000002 14.973864 26.53608371212005 26.86601468447903 11.464102703307317 11.562470101874139
1.34548153409 60.18415362566 0.0089 0.0098 94.5166 "" "" 429280233194684032 480.904877 2.047 0.0126 13.609 11.268 0.012 0.014 1.111 5935.8 4.2343 13.26742 1.053956 13.706928 12.652972 -42.96 1.55 478.229858 483.915802 92892.13283 13.877 44941.0 23.47 68860.0 29.8 "" "" 0.0027600900426670467 0.0028472012 0.0038084774 0.0066556786 1.34548153409 60.18415362566 480.904877 13.609 11.268 5.442481788635254 13.634024732589722 0.30070776 0.30270776 -30.887500000000003 6.953864 33.46327588723886 45.53930708031757 10.120420767122912 8.806261582465234
