Clusters/Alessi_20/Alessi_20_members.tsv
# %ECSV 1.0
# ---
# datatype:
# - name: RA_ICRS_1
#   unit: deg
#   datatype: float64
#   format: '{:15.11f}'
#   description: Right ascension (ICRS) at Ep=2016.0 (ra)
#   meta: !!omap
#   - {ucd: POS_EQ_RA_MAIN}
#   - {width: 15}
#   - {precision: '11'}
# - name: DE_ICRS_1
#   unit: deg
#   datatype: float64
#   format: '{:15.11f}'
#   description: Declination (ICRS) at Ep=2016.0 (dec)
#   meta: !!omap
#   - {ucd: POS_EQ_DEC_MAIN}
#   - {width: 15}
#   - {precision: '11'}
# - name: e_RA_ICRS
#   unit: mas
#   datatype: float64
#   format: '{:7.4f}'
#   description: Standard error of right ascension (ra_error)
#   meta: !!omap
#   - {ucd: ERROR}
#   - {width: 7}
#   - {precision: '4'}
# - name: e_DE_ICRS
#   unit: mas
#   datatype: float64
#   format: '{:7.4f}'
#   description: Standard error of declination (dec_error)
#   meta: !!omap
#   - {ucd: ERROR}
#   - {width: 7}
#   - {precision: '4'}
# - name: _r_1
#   unit: ''
#   datatype: float64
#   format: '{:7.4f}'
#   description: Distance from center (002.59051565000+58.74140228000)[ICRS], at Epoch=J2016.0
#   meta: !!omap
#   - {ucd: POS_ANG_DIST_GENERAL}
#   - {width: 7}
#   - {precision: '4'}
# - name: HIP
#   datatype: int32
#   description: '? HIP cross-id number, van Leeuwen, Cat. I/311 (hip_original_ext_source_id)'
#   meta: !!omap
#   - {ucd: ID_NUMBER}
#   - {width: 6}
#   - values: {'null': -2147483648}
# - name: TYC2
#   datatype: string
#   description: Tycho-2 cross-id name, Hog et al., Cat. I/259 (tyc2_original_ext_source_id)
#   meta: !!omap
#   - {ucd: ID_CROSSID}
#   - {_votable_string_dtype: char}
# - name: Source
#   datatype: int64
#   description: Source identifier, identical to the Gaia-EDR3 source_id (id)
#   meta: !!omap
#   - {ucd: ID_MAIN}
#   - {width: 19}
# - name: rgeo
#   unit: pc
#   datatype: float64
#   format: '{:15.8f}'
#   description: '? Median of the geometric distance posterior (r_med_geo)'
#   meta: !!omap
#   - {ucd: PHYS_DISTANCE_TRUE}
#   - {width: 15}
#   - {precision: '8'}
#   - values: {'null': .nan}
# - name: Plx
#   unit: mas
#   datatype: float64
#   format: '{:9.4f}'
#   description: '? Parallax (parallax)'
#   meta: !!omap
#   - {ucd: POS_PARLX_TRIG}
#   - {width: 9}
#   - {precision: '4'}
#   - values: {'null': .nan}
# - name: e_Plx
#   unit: mas
#   datatype: float32
#   format: '{:7.4f}'
#   description: '? Standard error of parallax (parallax_error)'
#   meta: !!omap
#   - {ucd: ERROR}
#   - {width: 7}
#   - {precision: '4'}
#   - values: {'null': .nan}
# - name: pmRA
#   unit: mas / yr
#   datatype: float64
#   format: '{:9.3f}'
#   description: '? Proper motion in right ascension direction, pmRA*cosDE (pmra)'
#   meta: !!omap
#   - {ucd: POS_EQ_PMRA}
#   - {width: 9}
#   - {precision: '3'}
#   - values: {'null': .nan}
# - name: pmDE
#   unit: mas / yr
#   datatype: float64
#   format: '{:9.3f}'
#   description: '? Proper motion in declination direction (pmdec)'
#   meta: !!omap
#   - {ucd: POS_EQ_PMDEC}
#   - {width: 9}
#   - {precision: '3'}
#   - values: {'null': .nan}
# - name: e_pmRA
#   unit: mas / yr
#   datatype: float32
#   format: '{:6.3f}'
#   description: '? Standard error of proper motion in right ascension direction (pmra_error)'
#   meta: !!omap
#   - {ucd: ERROR}
#   - {width: 6}
#   - {precision: '3'}
#   - values: {'null': .nan}
# - name: e_pmDE
[...]
#       distance: !astropy.table.SerializedColumn
#         __class__: astropy.coordinates.distances.Distance
#         unit: !astropy.units.Unit {unit: pc}
#         value: !astropy.table.SerializedColumn {name: SkyCoord.distance}
#       frame: icrs
#       obstime: !astropy.time.Time {format: jyear_str, in_subfmt: '*', jd1: 367701545.0, jd2: 0.0, out_subfmt: '*', precision: 3, scale: tt}
#       pm_dec: !astropy.table.SerializedColumn
#         __class__: astropy.units.quantity.Quantity
#         unit: !astropy.units.Unit {unit: mas / yr}
#         value: !astropy.table.SerializedColumn {name: SkyCoord.pm_dec}
#       pm_ra_cosdec: !astropy.table.SerializedColumn
#         __class__: astropy.units.quantity.Quantity
#         unit: !astropy.units.Unit {unit: mas / yr}
#         value: !astropy.table.SerializedColumn {name: SkyCoord.pm_ra_cosdec}
#       ra: !astropy.table.SerializedColumn
#         __class__: astropy.coordinates.angles.Longitude
#         unit: *id001
#         value: !astropy.table.SerializedColumn {name: SkyCoord.ra}
#         wrap_angle: !astropy.coordinates.Angle
#           unit: *id001
#           value: 360.0
#       representation_type: spherical
# schema: astropy-2.0
RA_ICRS_1 DE_ICRS_1 e_RA_ICRS e_DE_ICRS _r_1 HIP TYC2 Source rgeo Plx e_Plx pmRA pmDE e_pmRA e_pmDE RUWE Teff logg Gmag BP-RP BPmag RPmag RV e_RV b_rgeo B_rgeo FG e_FG FBP e_FBP FRP e_FRP RAVE5 RAVE6 e_Gmag e_BPmag e_RPmag e_BP-RP SkyCoord.ra SkyCoord.dec SkyCoord.distance SkyCoord.pm_ra_cosdec SkyCoord.pm_dec rmRA rmDE e_rmRA e_rmDE rRV e_rRV v_pec v_pec3d e_vpec e_vpec3d Pmemb
2.6553007795 58.74824044085 0.0148 0.0151 2.0581 "" 3664-1059-1 423004152101624064 430.720764 2.2992 0.0205 8.476 -2.553 0.02 0.02 0.952 "" "" 8.092131 0.207125 8.145736 7.938611 "" "" 426.335999 435.01947 10916775.78857 3107.0 7535700.0 3579.0 5293100.0 2152.6 "" "" 0.002772593729106699 0.00283742 0.0038050876 0.0066425074 2.6553007795 58.74824044085 430.720764 8.476 -2.553 0.3094817886352548 -0.18697526741027826 0.30870777 0.30870777 "" "" 0.7382038027140285 "" 0.22788925246198483 "" 1.0
2.67587767482 58.74626525234 0.0111 0.0122 2.6735 "" 3664-1459-1 422992396768208768 427.961853 2.315 0.0165 8.124 -2.429 0.015 0.016 0.904 "" "" 8.623722 0.195517 8.673365 8.477848 "" "" 424.87851 431.07251 6690488.78412 1753.0 4635200.0 2478.5 3221200.0 1747.5 "" "" 0.0027699669715342402 0.0028499288 0.003825005 0.0066749337 2.67587767482 58.74626525234 427.961853 8.123999999999999 -2.4289999999999994 -0.04251821136474554 -0.06297526741027815 0.30370775 0.30470777 "" "" 0.15413804764760858 "" 0.04691885154948947 "" 1.0
2.52037080035 58.77881031121 0.0113 0.0113 3.1308 "" 3664-1900-1 422911380809084032 417.373138 2.3841 0.0155 8.572 -2.244 0.015 0.015 0.954 "" "" 9.557476 0.223687 9.620561 9.396873 -14.29 3.67 414.346252 420.752136 2831107.31418 694.56 1937300.0 1075.0 1381700.0 542.39 "" "" 0.0027681654400474056 0.0028544737 0.0038033382 0.006657812 2.52037080035 58.77881031121 417.373138 8.572 -2.2439999999999993 0.4054817886352531 0.12202473258972146 0.30370775 0.30370775 -2.217500000000001 6.226667 0.8377214998302546 2.370460622174065 0.25442251071040833 5.825567683406716 1.0
2.63519485249 58.83948913591 0.0087 0.0088 6.0469 "" 3664-1865-1 423006385484588544 423.739227 2.3412 0.0124 8.316 -2.106 0.011 0.012 0.89 "" "" 10.810901 0.449162 10.970312 10.52115 -12.49 5.57 421.596283 426.015076 892455.46868 151.7 558850.0 261.03 490570.0 139.8 "" "" 0.002761494081623878 0.0028358824 0.0037920258 0.006627908 2.63519485249 58.83948913591 423.739227 8.316 -2.106 0.14948178863525463 0.2600247325897218 0.29970777 0.30070776 -0.4175000000000022 8.126667 0.6024154516882483 0.7329465372268008 0.18100155317512948 4.631490774947874 1.0
2.5545516107 58.91600610895 0.0082 0.0087 10.5356 "" 3664-635-1 423006832161154048 421.025665 2.3566 0.0114 8.232 -2.251 0.011 0.012 0.898 9221.1 4.1525 10.835189 0.577341 11.047771 10.47043 -11.37 3.38 418.815277 422.72287 872712.87146 181.81 520370.0 283.17 514030.0 179.4 "" "" 0.002764588700091631 0.0028520385 0.0037983304 0.0066503687 2.5545516107 58.91600610895 421.025665 8.232 -2.2509999999999986 0.06548178863525322 0.11502473258972179 0.29970777 0.30070776 0.7024999999999988 5.936667 0.26414113348481283 0.7505176802705184 0.07936471845326223 5.55691270186895 1.0
1.83840253475 58.7661559075 0.0101 0.0113 23.455 "" 3664-1351-1 423098813180909440 432.254181 2.2851 0.0145 7.728 -1.695 0.014 0.016 0.91 "" "" 10.924211 0.518149 11.111669 10.593519 -14.58 3.77 429.599701 435.223389 804012.29558 139.72 490620.0 160.17 458930.0 99.154 "" "" 0.0027617727302209926 0.0028125942 0.0037866547 0.006599249 1.83840253475 58.7661559075 432.254181 7.727999999999995 -1.6950000000000003 -0.43851821136474634 0.6710247325897216 0.30270776 0.30470777 -2.507500000000002 6.326667 1.6423986626865703 2.9975038977780573 0.4994708711302697 5.299513535455894 1.0
2.04788782993 58.52737490011 0.0106 0.0111 21.2621 "" "" 423068714049330048 421.866364 2.3368 0.0149 7.918 -2.633 0.014 0.014 1.029 "" "" 11.099665 1.220524 11.631389 10.410865 -16.17 4.59 419.550476 424.402588 684039.05362 745.88 303990.0 1054.9 543020.0 1411.0 "" "" 0.0029988983967391396 0.0046883486 0.0047162436 0.009404592 2.04788782993 58.52737490011 421.866364 7.918000000000003 -2.633 -0.24851821136474594 -0.2669752674102783 0.30270776 0.30270776 -4.097500000000004 7.146667 0.7293560969118879 4.161906602280086 0.22078175145161652 7.036176826359576 1.0
2.72610961948 58.94794809549 0.0093 0.0102 13.088 "" "" 423001265883537536 426.000061 2.307 0.0135 8.291 -2.124 0.012 0.013 0.987 "" "" 11.2846 0.994171 11.691367 10.697196 -7.38 0.92 424.036194 428.343658 576908.27653 207.87 287650.0 286.58 417140.0 300.45 "" "" 0.002782954228874572 0.0029925103 0.0038594394 0.0068519497 2.72610961948 58.94794809549 426.000061 8.291 -2.1240000000000014 0.12448178863525428 0.24202473258972157 0.30070776 0.30170777 4.692499999999998 3.476667 0.549558741848785 4.72457099224283 0.1656913266518497 3.453120652946813 1.0
2.50112860628 58.6250701174 0.0246 0.0275 7.516 "" 3664-967-1 422908597660495488 404.185669 2.422 0.0346 7.407 -2.745 0.032 0.033 2.333 "" "" 11.377275 0.836435 11.707931 10.871495 -4.28 1.38 398.830109 410.588684 529707.80493 171.4 283300.0 105.62 355270.0 83.323 "" "" 0.002777627186981616 0.002819379 0.0037879506 0.0066073295 2.50112860628 58.6250701174 404.185669 7.407000000000001 -2.7450000000000006 -0.7595182113647461 -0.3789752674102784 0.32070777 0.32170776 7.792499999999998 3.936667 1.6261974717436731 7.960375271751042 0.5218587276544913 3.855121480353402 1.0
3.43597711349 58.62762857025 0.008 0.0077 27.2349 "" 3665-1659-1 422941033260805504 425.785248 2.3025 0.0111 8.214 -2.539 0.01 0.01 0.9 6303.3 4.0527 11.795723 0.967802 12.190047 11.222245 -5.13 1.36 423.78714 427.928375 360294.42764 87.186 181720.0 148.56 257190.0 172.57 "" "" 0.0027678182151508906 0.0029279522 0.0038489548 0.006776907 3.43597711349 58.62762857025 425.785248 8.214 -2.5390000000000015 0.04748178863525432 -0.17297526741027847 0.29870775 0.29870775 6.942499999999998 3.916667 0.36201618127669877 6.951932246901299 0.10813704021080531 3.911356980282882 1.0
2.53407093051 59.21641573355 0.0093 0.0092 28.5542 "" "" 423041020101545600 425.89624 2.3104 0.0138 8.616 -2.683 0.012 0.012 1.088 7488.8 4.2427 11.91126 0.93378 12.26905 11.33527 5.11 3.85 423.328339 428.212799 323923.70948 2069.4 168970.0 3754.3 231770.0 3400.4 "" "" 0.007463486389580661 0.024284506 0.016371522 0.04065603 2.53407093051 59.21641573355 425.89624 8.615999999999994 -2.6830000000000007 0.44948178863525357 -0.31697526741027815 0.30070776 0.30070776 17.182499999999997 6.4066668 1.110324708407972 17.218336946642122 0.3338832531322149 6.3933686565234265 0.9
2.53863251484 58.51147837453 0.0204 0.0223 13.8903 "" 3664-1901-1 422901244686236672 428.255432 2.3229 0.0289 8.349 -2.751 0.027 0.028 2.482 5913.2 3.8474 12.111482 1.233613 12.635049 11.401436 -5.88 2.22 422.920074 434.365234 269373.09945 76.197 120610.0 120.01 218060.0 144.88 "" "" 0.0027723838169907995 0.0029920181 0.0038476095 0.0068396274 2.53863251484 58.51147837453 428.255432 8.348999999999995 -2.751000000000001 0.1824817886352541 -0.3849752674102782 0.31570777 0.31670776 6.192499999999998 4.7766666 0.8648209230457016 6.252597178688037 0.2737370412370709 4.730906955843876 0.8
2.4308451279 58.99365107735 0.0071 0.008 15.9248 "" "" 423008447068819968 422.082977 2.3554 0.0105 8.763 -2.303 0.009 0.01 1.0 6403.5 4.0995 12.255153 1.013351 12.669957 11.656607 -12.36 1.64 420.4039 423.746124 235985.78708 36.723 116800.0 69.395 172390.0 133.46 "" "" 0.0027604955939066673 0.0028637683 0.0038717245 0.0067354925 2.4308451279 58.99365107735 422.082977 8.762999999999995 -2.3029999999999995 0.5964817886352538 0.06302473258972174 0.29770777 0.29870775 -0.2875000000000014 4.1966667 1.2000081899759645 1.2339675465786737 0.35726502882293093 1.0376666648932549 1.0
2.57074605994 58.67945454063 0.0099 0.0103 3.7676 "" "" 422909868980610048 419.851013 2.3601 0.0144 7.892 -2.295 0.013 0.013 1.015 5450.8 3.9612 12.93219 1.322235 13.513905 12.191669 -4.55 10.59 418.09433 421.873993 126494.2523 124.17 53685.0 232.59 105320.0 308.52 "" "" 0.002954266424698852 0.005469201 0.004939572 0.010408773 2.57074605994 58.67945454063 419.851013 7.892000000000003 -2.2949999999999995 -0.27451821136474575 0.07102473258972175 0.30170777 0.30170777 7.522499999999998 13.1466675 0.5643056904993324 7.543636202941516 0.17025541396221006 13.109838561892182 1.0
3.26185173844 58.85712736773 0.0076 0.0078 21.9915 "" "" 422951066304346368 430.296509 2.2942 0.0108 8.438 -2.396 0.011 0.01 0.971 5597.7 4.0181 13.11183 1.378975 13.727147 12.348172 -9.17 1.91 428.273712 432.999084 107204.952 126.31 44112.0 174.66 91178.0 287.17 "" "" 0.0030377965293944117 0.005125027 0.005096792 0.010221818 3.26185173844 58.85712736773 430.296509 8.437999999999995 -2.395999999999999 0.2714817886352545 -0.029975267410278228 0.29970777 0.29870775 2.902499999999998 4.4666667 0.5570807279039175 2.9554771505464137 0.1669547241526734 4.386714240841474 1.0
1.55947374628 58.7471856014 0.0087 0.009 32.0994 "" "" 423109739577494912 432.810577 2.2829 0.0119 7.844 -2.21 0.012 0.012 0.975 5168.6 4.1807 13.160229 1.3115 13.73947 12.427969 -7.77 3.41 430.559265 435.275269 102530.99731 149.57 43614.0 218.1 84717.0 324.86 "" "" 0.003178107233614112 0.0061044027 0.005622968 0.01172737 1.55947374628 58.7471856014 432.810577 7.844000000000001 -2.2100000000000013 -0.3225182113647458 0.15602473258972172 0.30070776 0.30070776 4.302499999999998 5.966667 0.7350112064617513 4.364830778349184 0.22102357161263153 5.881579571591879 1.0
2.63955336495 58.71413124809 0.0093 0.009 2.2383 "" "" 422910139556344320 422.344604 2.3387 0.0127 8.435 -2.044 0.013 0.012 0.958 5052.3 4.2194 13.490992 1.382167 14.114731 12.732564 -8.8 4.11 419.862213 424.281891 75604.95595 170.68 30869.0 253.57 63993.0 390.22 "" "" 0.0036877581153225997 0.0093449205 0.007623443 0.016968364 2.63955336495 58.71413124809 422.344604 8.435000000000002 -2.044 0.2684817886352544 0.32202473258972164 0.30170777 0.30070776 3.2724999999999973 6.666667 0.8393304622137617 3.378421506384298 0.2527377053526046 6.4579564591264225 1.0
2.70128072995 58.8882181961 0.0095 0.0102 9.4573 "" "" 422995252929342592 426.014862 2.317 0.0139 8.371 -2.388 0.012 0.013 1.149 5093.0 4.2511 13.522077 1.322105 14.108164 12.786059 -10.01 1.91 423.35672 428.414429 73471.05017 27.53 31056.0 47.651 60916.0 56.795 "" "" 0.0027851931811854217 0.0032496608 0.003912601 0.0071622618 2.70128072995 58.8882181961 426.014862 8.370999999999999 -2.388 0.20448178863525435 -0.02197526741027822 0.30070776 0.30170777 2.0624999999999982 4.4666667 0.41528980873482785 2.1038944543961806 0.12488561654209068 4.378853717721871 1.0
2.22315007316 58.84621967935 0.0149 0.016 13.0375 "" "" 422915675776251520 428.466797 2.3073 0.0211 8.33 -2.559 0.02 0.021 1.168 "" "" 13.56877 1.711502 14.157248 12.445746 -14.56 3.87 425.751923 431.308197 70378.29859 160.32 29684.0 552.12 83341.0 1345.7 "" "" 0.0037025535607181684 0.020386444 0.017934041 0.038320486 2.22315007316 58.84621967935 428.466797 8.33 -2.5590000000000006 0.16348178863525398 -0.19297526741027848 0.30870777 0.30970776 -2.4875000000000025 6.4266667 0.5136523265796521 2.5399793232624357 0.15886770141721843 6.293965321499064 1.0
3.15372905334 58.51900456853 0.0094 0.01 22.0795 "" "" 422892551672534528 430.985046 2.287 0.0131 8.51 -2.426 0.012 0.013 0.966 5135.4 4.1657 13.710892 1.567182 14.438066 12.870885 -5.61 4.68 428.770752 433.22348 61743.31202 44.283 22919.0 59.496 56338.0 115.58 "" "" 0.002863244063282379 0.0039659715 0.004386936 0.008352907 3.15372905334 58.51900456853 430.985046 8.51 -2.426 0.3434817886352537 -0.05997526741027848 0.30070776 0.30170777 6.462499999999998 7.2366667 0.7123047608384888 6.501637049414027 0.21421667624238805 7.193143355243201 1.0
2.27028593402 58.27999910984 0.0101 0.0113 29.4471 "" "" 422870973755916800 434.842285 2.2668 0.0163 7.789 -2.823 0.014 0.014 1.013 "" "" 13.819581 1.602448 14.565946 12.963498 -22.25 6.73 432.178467 437.554657 55861.70511 96.695 20372.0 133.19 51732.0 237.16 "" "" 0.003335243783776457 0.0076271063 0.006249695 0.013876801 2.27028593402 58.27999910984 434.842285 7.788999999999998 -2.8229999999999995 -0.3775182113647464 -0.4569752674102783 0.30270776 0.30270776 -10.177500000000002 9.286667 1.2217373802242342 10.25056820260405 0.3698293875404492 9.220574918955538 1.0
2.69319064836 58.68634315478 0.011 0.0116 4.5987 "" "" 422898324108521216 424.505615 2.3189 0.0158 8.423 -2.316 0.015 0.015 0.983 "" "" 14.172673 1.937159 15.128526 13.191366 -35.68 5.73 421.641296 427.189301 40353.14927 59.55 12134.0 75.673 41938.0 174.89 "" "" 0.0031873146751676103 0.0073234746 0.00589781 0.013221284 2.69319064836 58.68634315478 424.505615 8.423 -2.3160000000000003 0.25648178863525395 0.05002473258972184 0.30370775 0.30370775 -23.6075 8.286667 0.5258061381725384 23.61335487271853 0.15969139845152358 8.284612974765997 1.0
3.33954189955 58.88110210977 0.0117 0.0123 24.7366 "" "" 422974430927128704 429.966492 2.2889 0.0169 7.961 -2.495 0.016 0.017 0.999 4786.9 4.2029 14.40172 1.701876 15.206156 13.50428 -1.05 5.6 426.846313 433.52066 32678.23157 46.362 11297.0 61.822 31437.0 163.66 "" "" 0.0031566691890663203 0.0065641287 0.0067994343 0.0133635625 3.33954189955 58.88110210977 429.966492 7.960999999999995 -2.4949999999999997 -0.2055182113647458 -0.12897526741027843 0.30470777 0.30570775 11.022499999999997 8.156667 0.4945026883046621 11.033586867321999 0.15081869547783455 8.148473504469548 1.0
2.71703153371 58.85238863138 0.0119 0.0127 7.7337 "" "" 422994668813805312 423.198059 2.3304 0.0171 7.768 -2.566 0.015 0.016 1.011 4495.5 4.1486 14.466137 1.754875 15.309143 13.554268 -13.8 5.11 420.296936 426.743378 30795.83154 32.254 10274.0 48.77 30023.0 97.161 "" "" 0.002980753085443415 0.0058607096 0.0051603946 0.011021104 2.71703153371 58.85238863138 423.198059 7.768 -2.566 -0.3985182113647463 -0.19997526741027816 0.30370775 0.30470777 -1.7275000000000027 7.666667 0.8944121811829494 1.9453095897179067 0.2718200609065195 6.809403773298865 1.0
2.65173337353 58.83471715537 0.0119 0.0133 5.9136 "" "" 423006316765114496 425.305389 2.3185 0.0173 8.121 -1.982 0.016 0.017 1.005 5620.3 4.1874 14.484078 1.990899 15.462926 13.472027 "" "" 422.456207 427.929779 30291.13052 42.033 8917.6 63.4 32385.0 113.89 "" "" 0.0031403257948505008 0.008207877 0.0053724176 0.013580294 2.65173337353 58.83471715537 425.305389 8.120999999999995 -1.9820000000000004 -0.04551821136474565 0.3840247325897217 0.30470777 0.30570775 "" "" 0.7795930141952645 "" 0.23831684503039555 "" 1.0
2.8307947364 58.91806653744 0.0123 0.0128 12.9629 "" "" 423000613048525824 425.886108 2.3078 0.0179 8.278 -2.299 0.016 0.017 1.002 "" "" 14.531264 2.260531 15.694466 13.433935 35.59 5.2 422.474152 429.112061 29002.87248 33.273 7204.9 37.939 33542.0 109.55 "" "" 0.003023786488010748 0.0063617015 0.0051825056 0.011544207 2.8307947364 58.91806653744 425.886108 8.278000000000002 -2.299 0.11148178863525438 0.06702473258972175 0.30470777 0.30570775 47.6625 7.7566667 0.2625901691057595 47.6632233472193 0.080083063208358 7.756548956033092 1.0
2.73863469638 58.73303339683 0.0123 0.0128 4.6394 "" "" 422992229272418688 413.25177 2.3842 0.0177 8.153 -2.399 0.017 0.017 0.949 5378.8 4.2562 14.581567 1.982445 15.565467 13.583022 -7.57 4.42 409.954132 416.35083 27689.81508 81.599 8113.9 88.451 29238.0 210.32 "" "" 0.0042224303922224135 0.012160225 0.008676495 0.02083672 2.73863469638 58.73303339683 413.25177 8.152999999999995 -2.399000000000001 -0.013518211364745625 -0.03297526741027834 0.30570775 0.30570775 4.502499999999998 6.976667 0.06980938032107029 4.503041150109644 0.021341268775656543 6.975828518667275 1.0
2.25833936312 59.04143011373 0.0126 0.0145 20.7387 "" "" 423012398438701312 419.607025 2.3505 0.0187 8.465 -2.118 0.016 0.018 0.958 4454.2 4.1636 14.581818 1.769157 15.436622 13.667464 -10.41 6.72 416.037476 422.771027 27683.42323 28.078 9136.3 37.755 27050.0 69.177 "" "" 0.002967230308852811 0.0052835266 0.0046897153 0.009973242 2.25833936312 59.04143011373 419.607025 8.465 -2.1180000000000003 0.29848178863525376 0.2480247325897218 0.30470777 0.30670777 1.6624999999999979 9.276667 0.7718707836368416 1.8329459229972238 0.23582679105689658 8.41461402478048 1.0
