Clusters/Alessi_20/Alessi_20_members.tsv
# %ECSV 1.0
# ---
# datatype:
# - name: RA_ICRS_1
#   unit: deg
#   datatype: float64
#   format: '{:15.11f}'
#   description: Right ascension (ICRS) at Ep=2016.0 (ra)
#   meta: !!omap
#   - {ucd: POS_EQ_RA_MAIN}
#   - {width: 15}
#   - {precision: '11'}
# - name: DE_ICRS_1
#   unit: deg
#   datatype: float64
#   format: '{:15.11f}'
#   description: Declination (ICRS) at Ep=2016.0 (dec)
#   meta: !!omap
#   - {ucd: POS_EQ_DEC_MAIN}
#   - {width: 15}
#   - {precision: '11'}
# - name: e_RA_ICRS
#   unit: mas
#   datatype: float64
#   format: '{:7.4f}'
#   description: Standard error of right ascension (ra_error)
#   meta: !!omap
#   - {ucd: ERROR}
#   - {width: 7}
#   - {precision: '4'}
# - name: e_DE_ICRS
#   unit: mas
#   datatype: float64
#   format: '{:7.4f}'
#   description: Standard error of declination (dec_error)
#   meta: !!omap
#   - {ucd: ERROR}
#   - {width: 7}
#   - {precision: '4'}
# - name: _r_1
#   unit: ''
#   datatype: float64
#   format: '{:7.4f}'
#   description: Distance from center (002.59051565000+58.74140228000)[ICRS], at Epoch=J2016.0
#   meta: !!omap
#   - {ucd: POS_ANG_DIST_GENERAL}
#   - {width: 7}
#   - {precision: '4'}
# - name: HIP
#   datatype: int32
#   description: '? HIP cross-id number, van Leeuwen, Cat. I/311 (hip_original_ext_source_id)'
#   meta: !!omap
#   - {ucd: ID_NUMBER}
#   - {width: 6}
#   - values: {'null': -2147483648}
# - name: TYC2
#   datatype: string
#   description: Tycho-2 cross-id name, Hog et al., Cat. I/259 (tyc2_original_ext_source_id)
#   meta: !!omap
#   - {ucd: ID_CROSSID}
#   - {_votable_string_dtype: char}
# - name: Source
#   datatype: int64
#   description: Source identifier, identical to the Gaia-EDR3 source_id (id)
#   meta: !!omap
#   - {ucd: ID_MAIN}
#   - {width: 19}
# - name: rgeo
#   unit: pc
#   datatype: float64
#   format: '{:15.8f}'
#   description: '? Median of the geometric distance posterior (r_med_geo)'
#   meta: !!omap
#   - {ucd: PHYS_DISTANCE_TRUE}
#   - {width: 15}
#   - {precision: '8'}
#   - values: {'null': .nan}
# - name: Plx
#   unit: mas
#   datatype: float64
#   format: '{:9.4f}'
#   description: '? Parallax (parallax)'
#   meta: !!omap
#   - {ucd: POS_PARLX_TRIG}
#   - {width: 9}
#   - {precision: '4'}
#   - values: {'null': .nan}
# - name: e_Plx
#   unit: mas
#   datatype: float32
#   format: '{:7.4f}'
#   description: '? Standard error of parallax (parallax_error)'
#   meta: !!omap
#   - {ucd: ERROR}
#   - {width: 7}
#   - {precision: '4'}
#   - values: {'null': .nan}
# - name: pmRA
#   unit: mas / yr
#   datatype: float64
#   format: '{:9.3f}'
#   description: '? Proper motion in right ascension direction, pmRA*cosDE (pmra)'
#   meta: !!omap
#   - {ucd: POS_EQ_PMRA}
#   - {width: 9}
#   - {precision: '3'}
#   - values: {'null': .nan}
# - name: pmDE
#   unit: mas / yr
#   datatype: float64
#   format: '{:9.3f}'
#   description: '? Proper motion in declination direction (pmdec)'
#   meta: !!omap
#   - {ucd: POS_EQ_PMDEC}
#   - {width: 9}
#   - {precision: '3'}
#   - values: {'null': .nan}
# - name: e_pmRA
#   unit: mas / yr
#   datatype: float32
#   format: '{:6.3f}'
#   description: '? Standard error of proper motion in right ascension direction (pmra_error)'
#   meta: !!omap
#   - {ucd: ERROR}
#   - {width: 6}
#   - {precision: '3'}
#   - values: {'null': .nan}
# - name: e_pmDE
[...]
#       distance: !astropy.table.SerializedColumn
#         __class__: astropy.coordinates.distances.Distance
#         unit: !astropy.units.Unit {unit: pc}
#         value: !astropy.table.SerializedColumn {name: SkyCoord.distance}
#       frame: icrs
#       obstime: !astropy.time.Time {format: jyear_str, in_subfmt: '*', jd1: 367701545.0, jd2: 0.0, out_subfmt: '*', precision: 3, scale: tt}
#       pm_dec: !astropy.table.SerializedColumn
#         __class__: astropy.units.quantity.Quantity
#         unit: !astropy.units.Unit {unit: mas / yr}
#         value: !astropy.table.SerializedColumn {name: SkyCoord.pm_dec}
#       pm_ra_cosdec: !astropy.table.SerializedColumn
#         __class__: astropy.units.quantity.Quantity
#         unit: !astropy.units.Unit {unit: mas / yr}
#         value: !astropy.table.SerializedColumn {name: SkyCoord.pm_ra_cosdec}
#       ra: !astropy.table.SerializedColumn
#         __class__: astropy.coordinates.angles.Longitude
#         unit: *id001
#         value: !astropy.table.SerializedColumn {name: SkyCoord.ra}
#         wrap_angle: !astropy.coordinates.Angle
#           unit: *id001
#           value: 360.0
#       representation_type: spherical
# schema: astropy-2.0
RA_ICRS_1 DE_ICRS_1 e_RA_ICRS e_DE_ICRS _r_1 HIP TYC2 Source rgeo Plx e_Plx pmRA pmDE e_pmRA e_pmDE RUWE Teff logg Gmag BP-RP BPmag RPmag RV e_RV b_rgeo B_rgeo FG e_FG FBP e_FBP FRP e_FRP RAVE5 RAVE6 e_Gmag e_BPmag e_RPmag e_BP-RP SkyCoord.ra SkyCoord.dec SkyCoord.distance SkyCoord.pm_ra_cosdec SkyCoord.pm_dec rmRA rmDE e_rmRA e_rmDE rRV e_rRV v_pec v_pec3d e_vpec e_vpec3d Pmemb
[from data line 60]
3.42918292431 58.62013046873 0.0392 0.0336 27.1497 "" "" 422941033260807040 415.370941 2.3636 0.0512 8.362 -2.671 0.051 0.047 1.092 "" "" 16.414232 3.347325 18.427956 15.08063 "" "" 407.30249 426.498322 5119.80889 3.7561 581.08 7.6667 7360.5 11.69 "" "" 0.0028681467344517588 0.014594272 0.004154178 0.01874845 3.42918292431 58.62013046873 415.370941 8.362 -2.671 0.195481788635254 -0.30497526741027814 0.33970776 0.33570775 "" "" 0.7132134178549416 "" 0.2402655444641255 "" 0.9
2.46354521615 58.73696183626 0.0318 0.035 3.9623 "" "" 422911071571442048 406.092773 2.4243 0.0468 8.393 -1.9 0.041 0.044 1.047 3510.9 4.0052 16.433891 2.845523 18.047007 15.201484 "" "" 399.339661 414.383667 5027.93813 7.5044 825.3 10.952 6585.1 23.867 "" "" 0.0031965333784663035 0.014675749 0.0054560998 0.020131849 2.46354521615 58.73696183626 406.092773 8.393 -1.9 0.2264817886352546 0.46602473258972177 0.32970777 0.33270776 "" "" 0.9973646063240013 "" 0.3312613726408907 "" 1.0
2.39451561426 59.10054719028 0.0306 0.0316 22.3875 "" "" 423017999076044928 408.091766 2.4083 0.0441 7.99 -1.532 0.04 0.041 1.042 3575.0 4.1338 16.468933 2.965406 18.16827 15.202864 "" "" 400.440826 415.176849 4868.25817 5.5863 738.09 13.508 6576.8 19.85 "" "" 0.0030239042957480766 0.020065311 0.005002214 0.025067525 2.39451561426 59.10054719028 408.091766 7.990000000000001 -1.532 -0.17651821136474588 0.8340247325897217 0.32870775 0.32970777 "" "" 1.6490372535825353 "" 0.5436297992596879 "" 1.0
2.46505432172 58.71044126028 0.0361 0.0347 4.3269 "" "" 422910727973967360 411.903076 2.3887 0.0501 8.15 -2.415 0.046 0.042 1.074 3518.7 4.0048 16.521343 2.763598 18.06897 15.305371 "" "" 402.511719 421.454773 4638.83807 5.7859 808.78 8.2828 5984.2 20.909 "" "" 0.003070126082833299 0.011463866 0.0053549157 0.01681878 2.46505432172 58.71044126028 411.903076 8.15 -2.415 -0.01651821136474574 -0.048975267410278356 0.33470777 0.33070776 "" "" 0.10091253678385187 "" 0.03341401009459616 "" 0.9
2.74892232889 59.00284455549 0.0317 0.033 16.438 "" "" 423003293108079872 422.356323 2.3352 0.0464 8.185 -2.215 0.04 0.044 0.985 3614.3 4.3681 16.550922 2.79985 18.131878 15.332027 "" "" 414.43869 431.010925 4514.17007 6.5173 763.25 9.6004 5839.1 22.019 "" "" 0.003170003128873658 0.013938845 0.0055719595 0.019510806 2.74892232889 59.00284455549 422.356323 8.185 -2.215 0.018481788635254404 0.15102473258972182 0.32870775 0.33270776 "" "" 0.3046023675065951 "" 0.1013257011637206 "" 0.9
2.75243964492 58.75116845494 0.035 0.035 5.0746 "" "" 422992641589274624 405.562225 2.4313 0.0507 8.406 -2.281 0.044 0.045 1.048 "" "" 16.576488 3.108728 18.402374 15.293646 "" "" 394.605408 413.847504 4409.11136 3.408 594.93 8.5098 6049.2 13.013 "" "" 0.0028802898956129417 0.015778877 0.004442847 0.020221723 2.75243964492 58.75116845494 405.562225 8.406 -2.281 0.2394817886352545 0.08502473258972154 0.33270776 0.33370775 "" "" 0.488525593636418 "" 0.16259101538452933 "" 1.0
2.62957637826 58.77877763207 0.0371 0.0364 2.5507 "" "" 423004323900305792 420.809509 2.3368 0.0514 8.031 -2.831 0.046 0.047 1.048 3516.7 3.9737 16.589 2.930011 18.251513 15.321502 "" "" 411.031555 430.373352 4358.59708 8.1909 683.62 10.003 5896.0 33.38 "" "" 0.0034285425663568452 0.016130077 0.0072157877 0.023345865 2.62957637826 58.77877763207 420.809509 8.030999999999995 -2.830999999999999 -0.1355182113647455 -0.4649752674102783 0.33470777 0.33570775 "" "" 0.9660453503677932 "" 0.32423338407822777 "" 0.9
3.37536646424 59.09643586924 0.035 0.0365 32.3228 "" "" 422982642904565632 411.644318 2.3907 0.0492 8.238 -2.357 0.047 0.052 1.039 3549.8 4.1144 16.647732 2.615796 18.025433 15.409636 "" "" 403.873688 420.399811 4129.0842 5.5055 841.87 25.471 5436.3 46.192 "" "" 0.0031124775012334824 0.03296752 0.009969588 0.042937107 3.37536646424 59.09643586924 411.644318 8.237999999999994 -2.357 0.07148178863525345 0.009024732589721474 0.33570775 0.34070778 "" "" 0.14058203502212055 "" 0.047205588422613715 "" 0.9
2.925215603 58.49277973328 0.0355 0.0363 18.2179 "" "" 422891761398547712 415.928833 2.3843 0.05 8.289 -2.296 0.045 0.047 0.977 3616.4 4.4322 16.65806 2.793126 18.23715 15.444024 "" "" 406.574158 425.197266 4089.99799 6.3007 692.72 7.6723 5266.8 23.347 "" "" 0.0032232520069352916 0.01234465 0.00611947 0.01846412 2.925215603 58.49277973328 415.928833 8.289000000000001 -2.2960000000000003 0.12248178863525361 0.07002473258972186 0.33370775 0.33570775 "" "" 0.27815137185623784 "" 0.09295861745132054 "" 1.0
2.57670234789 58.87517625727 0.0352 0.036 8.0379 "" "" 423006626002738944 429.744415 2.2972 0.0511 8.288 -2.352 0.044 0.046 0.94 3584.2 4.0859 16.66903 2.756793 18.222916 15.466123 "" "" 419.907043 438.884705 4048.88291 9.1359 701.86 10.464 5160.7 25.2 "" "" 0.0036869471108779525 0.016425902 0.0065109055 0.022936808 2.57670234789 58.87517625727 429.744415 8.288 -2.3519999999999985 0.12148178863525416 0.014024732589721811 0.33270776 0.33470777 "" "" 0.24910061181990992 "" 0.08288427941725152 "" 1.0
2.53398301427 58.61344127267 0.0383 0.0359 7.8775 "" "" 422907841755977984 425.05481 2.3191 0.051 8.26 -2.591 0.049 0.045 1.021 3527.6 4.0066 16.707466 2.915985 18.377605 15.46162 "" "" 416.782898 435.191681 3908.04829 3.3424 608.66 9.4785 5182.2 13.467 "" "" 0.0029075873311751777 0.017136553 0.0047164205 0.021852974 2.53398301427 58.61344127267 425.05481 8.260000000000005 -2.591 0.0934817886352537 -0.2249752674102785 0.33770776 0.33370775 "" "" 0.4908440992955451 "" 0.16408903462341232 "" 0.8
2.68914786869 58.6672516087 0.0372 0.0378 5.4078 "" "" 422897980511140224 405.847748 2.4291 0.0524 8.447 -2.268 0.05 0.05 0.939 "" "" 16.713829 2.749408 18.255222 15.505815 "" "" 397.774933 413.826996 3885.2136 7.5477 681.28 13.284 4975.5 28.938 "" "" 0.003469962901297599 0.0213534 0.007359333 0.028712733 2.68914786869 58.6672516087 405.847748 8.447000000000001 -2.268 0.2804817886352531 0.09802473258972189 0.33870777 0.33870777 "" "" 0.5715706163882825 "" 0.19359541166226388 "" 1.0
1.87097067342 58.43304562941 0.0452 0.0459 29.1309 "" "" 423061257986120960 449.532593 2.1943 0.0626 8.127 -2.927 0.059 0.063 1.122 "" "" 16.783031 3.251879 18.665575 15.413696 "" "" 438.182617 463.718567 3645.30655 3.1435 466.86 9.9795 5416.0 24.824 "" "" 0.002910051805828236 0.023375584 0.006248882 0.029624466 1.87097067342 58.43304562941 449.532593 8.127000000000006 -2.9269999999999996 -0.039518211364745426 -0.5609752674102784 0.34770775 0.35170776 "" "" 1.1982796554220043 "" 0.4214207144247042 "" 0.8
3.05106855471 58.90725388745 0.0374 0.0416 17.4255 "" "" 422998757622672384 422.981354 2.3156 0.0564 8.736 -2.385 0.052 0.053 1.034 3550.6 4.0534 16.801174 2.812972 18.402588 15.589616 "" "" 414.488678 431.031036 3584.90163 4.9404 594.81 9.6383 4605.9 21.45 "" "" 0.003135379620294951 0.017813142 0.0063127177 0.02412586 3.05106855471 58.90725388745 422.981354 8.736 -2.385 0.5694817886352546 -0.018975267410278107 0.34070778 0.34170777 "" "" 1.1424056874776547 "" 0.38922777319483914 "" 0.9
3.11128642923 59.0635083999 0.0398 0.0398 25.1785 "" "" 423024252549325568 395.405029 2.4904 0.0554 8.192 -2.12 0.049 0.052 1.011 3466.1 4.0176 16.811258 2.886803 18.461475 15.574673 "" "" 387.012146 404.510803 3551.76087 2.8359 563.41 7.0746 4669.7 9.0563 "" "" 0.002888479482660038 0.0139159085 0.0043263715 0.01824228 3.11128642923 59.0635083999 395.405029 8.192 -2.1199999999999997 0.025481788635254077 0.24602473258972157 0.33770776 0.34070778 "" "" 0.463571106918796 "" 0.15792758575404556 "" 0.9
2.91396760901 58.60646185764 0.0393 0.0395 12.9367 "" "" 422896949719011456 442.059967 2.2248 0.056 8.398 -2.652 0.051 0.053 1.047 3740.1 4.2855 16.82157 2.739549 18.355242 15.615693 "" "" 429.013367 452.371704 3518.18799 2.9141 621.33 6.5419 4496.6 12.301 "" "" 0.0028983700536071634 0.011767151 0.0048068287 0.01657398 2.91396760901 58.60646185764 442.059967 8.398000000000005 -2.652 0.2314817886352536 -0.28597526741027846 0.33970776 0.34170777 "" "" 0.7709279662511086 "" 0.262822817617455 "" 0.9
2.87964878683 58.85451649951 0.0383 0.0361 11.262 "" "" 422999788414831616 413.810913 2.3664 0.0535 8.134 -2.349 0.052 0.049 1.023 4886.4 4.1619 16.875076 2.957726 18.508883 15.551157 "" "" 406.049469 423.932373 3349.00612 80.005 539.34 59.624 4771.9 283.49 "" "" 0.026083280594753167 0.12006047 0.064612255 0.18467273 2.87964878683 58.85451649951 413.810913 8.134 -2.349 -0.03251821136474575 0.01702473258972148 0.34070778 0.33770776 "" "" 0.07199602216740694 "" 0.024483299494010544 "" 1.0
2.00352505178 58.75209933864 0.0545 0.0587 18.2838 "" "" 423095308487544320 412.460327 2.3656 0.0826 7.446 -2.514 0.067 0.072 1.18 3459.7 3.9553 16.890205 3.171637 18.747139 15.575502 "" "" 398.688477 425.114197 3302.66507 4.4426 433.07 8.5614 4666.1 11.016 "" "" 0.003118461854466435 0.021644607 0.004566626 0.026211234 2.00352505178 58.75209933864 412.460327 7.4460000000000015 -2.514000000000001 -0.7205182113647464 -0.1479752674102781 0.35570776 0.36070776 "" "" 1.4380582700235496 "" 0.5118214535718527 "" 1.0
2.63682971397 58.75795232262 0.0406 0.0427 1.7505 "" "" 423004152101620480 412.980927 2.3768 0.0585 8.312 -2.324 0.051 0.056 1.007 3469.3 4.0119 16.931807 2.842372 18.525799 15.683427 "" "" 404.85022 423.606598 3178.51118 4.9597 531.0 11.768 4224.6 22.664 "" "" 0.0032344996720436166 0.024223268 0.0069434233 0.031166691 2.63682971397 58.75795232262 412.980927 8.312 -2.3239999999999976 0.1454817886352533 0.042024732589721836 0.33970776 0.34470776 "" "" 0.296428603477374 "" 0.10081402200212407 "" 1.0
2.51374693015 58.52542524546 0.0439 0.0469 13.1785 "" "" 422901244686232064 394.138214 2.4827 0.0611 7.705 -2.562 0.058 0.058 1.034 3522.3 4.3283 16.969454 2.966518 18.676266 15.709747 "" "" 386.172882 403.767181 3070.19143 3.0881 462.29 8.3136 4123.4 12.66 "" "" 0.002963849661199357 0.019723702 0.0050394502 0.024763152 2.51374693015 58.52542524546 394.138214 7.705000000000004 -2.5620000000000003 -0.461518211364746 -0.19597526741027815 0.34670776 0.34670776 "" "" 0.9367294115924937 "" 0.3247713572255679 "" 1.0
2.70059826368 59.05242364162 0.0408 0.0436 18.9706 "" "" 423003533626229248 392.362793 2.5036 0.0602 8.148 -2.089 0.052 0.059 0.98 "" "" 16.97186 3.571831 19.17681 15.604979 "" "" 383.184296 401.643555 3063.38832 3.9032 291.54 7.198 4541.2 15.23 "" "" 0.0030831061343155075 0.026951184 0.0052481056 0.03219929 2.70059826368 59.05242364162 392.362793 8.148000000000005 -2.0889999999999986 -0.018518211364746406 0.2770247325897217 0.34070778 0.34770775 "" "" 0.5163603215454095 "" 0.17952656638144787 "" 1.0
