Clusters/Alessi_20/Alessi_20_stars_in_region.tsv
# %ECSV 1.0
# ---
# datatype:
# - name: RA_ICRS_1
#   unit: deg
#   datatype: float64
#   format: '{:15.11f}'
#   description: Right ascension (ICRS) at Ep=2016.0 (ra)
#   meta: !!omap
#   - {ucd: POS_EQ_RA_MAIN}
#   - {width: 15}
#   - {precision: '11'}
# - name: DE_ICRS_1
#   unit: deg
#   datatype: float64
#   format: '{:15.11f}'
#   description: Declination (ICRS) at Ep=2016.0 (dec)
#   meta: !!omap
#   - {ucd: POS_EQ_DEC_MAIN}
#   - {width: 15}
#   - {precision: '11'}
# - name: e_RA_ICRS
#   unit: mas
#   datatype: float64
#   format: '{:7.4f}'
#   description: Standard error of right ascension (ra_error)
#   meta: !!omap
#   - {ucd: ERROR}
#   - {width: 7}
#   - {precision: '4'}
# - name: e_DE_ICRS
#   unit: mas
#   datatype: float64
#   format: '{:7.4f}'
#   description: Standard error of declination (dec_error)
#   meta: !!omap
#   - {ucd: ERROR}
#   - {width: 7}
#   - {precision: '4'}
# - name: _r_1
#   unit: ''
#   datatype: float64
#   format: '{:7.4f}'
#   description: Distance from center (002.59051565000+58.74140228000)[ICRS], at Epoch=J2016.0
#   meta: !!omap
#   - {ucd: POS_ANG_DIST_GENERAL}
#   - {width: 7}
#   - {precision: '4'}
# - name: HIP
#   datatype: int32
#   description: '? HIP cross-id number, van Leeuwen, Cat. I/311 (hip_original_ext_source_id)'
#   meta: !!omap
#   - {ucd: ID_NUMBER}
#   - {width: 6}
#   - values: {'null': -2147483648}
# - name: TYC2
#   datatype: string
#   description: Tycho-2 cross-id name, Hog et al., Cat. I/259 (tyc2_original_ext_source_id)
#   meta: !!omap
#   - {ucd: ID_CROSSID}
#   - {_votable_string_dtype: char}
# - name: Source
#   datatype: int64
#   description: Source identifier, identical to the Gaia-EDR3 source_id (id)
#   meta: !!omap
#   - {ucd: ID_MAIN}
#   - {width: 19}
# - name: rgeo
#   unit: pc
#   datatype: float64
#   format: '{:15.8f}'
#   description: '? Median of the geometric distance posterior (r_med_geo)'
#   meta: !!omap
#   - {ucd: PHYS_DISTANCE_TRUE}
#   - {width: 15}
#   - {precision: '8'}
#   - values: {'null': .nan}
# - name: Plx
#   unit: mas
#   datatype: float64
#   format: '{:9.4f}'
#   description: '? Parallax (parallax)'
#   meta: !!omap
#   - {ucd: POS_PARLX_TRIG}
#   - {width: 9}
#   - {precision: '4'}
#   - values: {'null': .nan}
# - name: e_Plx
#   unit: mas
#   datatype: float32
#   format: '{:7.4f}'
#   description: '? Standard error of parallax (parallax_error)'
#   meta: !!omap
#   - {ucd: ERROR}
#   - {width: 7}
#   - {precision: '4'}
#   - values: {'null': .nan}
# - name: pmRA
#   unit: mas / yr
#   datatype: float64
#   format: '{:9.3f}'
#   description: '? Proper motion in right ascension direction, pmRA*cosDE (pmra)'
#   meta: !!omap
#   - {ucd: POS_EQ_PMRA}
#   - {width: 9}
#   - {precision: '3'}
#   - values: {'null': .nan}
# - name: pmDE
#   unit: mas / yr
#   datatype: float64
#   format: '{:9.3f}'
#   description: '? Proper motion in declination direction (pmdec)'
#   meta: !!omap
#   - {ucd: POS_EQ_PMDEC}
#   - {width: 9}
#   - {precision: '3'}
#   - values: {'null': .nan}
# - name: e_pmRA
#   unit: mas / yr
#   datatype: float32
#   format: '{:6.3f}'
#   description: '? Standard error of proper motion in right ascension direction (pmra_error)'
#   meta: !!omap
#   - {ucd: ERROR}
#   - {width: 6}
#   - {precision: '3'}
#   - values: {'null': .nan}
# - name: e_pmDE
[...]
#         value: !astropy.table.SerializedColumn {name: SkyCoord.dec}
#       distance: !astropy.table.SerializedColumn
#         __class__: astropy.coordinates.distances.Distance
#         unit: !astropy.units.Unit {unit: pc}
#         value: !astropy.table.SerializedColumn {name: SkyCoord.distance}
#       frame: icrs
#       obstime: !astropy.time.Time {format: jyear_str, in_subfmt: '*', jd1: 367701545.0, jd2: 0.0, out_subfmt: '*', precision: 3, scale: tt}
#       pm_dec: !astropy.table.SerializedColumn
#         __class__: astropy.units.quantity.Quantity
#         unit: !astropy.units.Unit {unit: mas / yr}
#         value: !astropy.table.SerializedColumn {name: SkyCoord.pm_dec}
#       pm_ra_cosdec: !astropy.table.SerializedColumn
#         __class__: astropy.units.quantity.Quantity
#         unit: !astropy.units.Unit {unit: mas / yr}
#         value: !astropy.table.SerializedColumn {name: SkyCoord.pm_ra_cosdec}
#       ra: !astropy.table.SerializedColumn
#         __class__: astropy.coordinates.angles.Longitude
#         unit: *id001
#         value: !astropy.table.SerializedColumn {name: SkyCoord.ra}
#         wrap_angle: !astropy.coordinates.Angle
#           unit: *id001
#           value: 360.0
#       representation_type: spherical
# schema: astropy-2.0
RA_ICRS_1 DE_ICRS_1 e_RA_ICRS e_DE_ICRS _r_1 HIP TYC2 Source rgeo Plx e_Plx pmRA pmDE e_pmRA e_pmDE RUWE Teff logg Gmag BP-RP BPmag RPmag RV e_RV b_rgeo B_rgeo FG e_FG FBP e_FBP FRP e_FRP RAVE5 RAVE6 e_Gmag e_BPmag e_RPmag e_BP-RP SkyCoord.ra SkyCoord.dec SkyCoord.distance SkyCoord.pm_ra_cosdec SkyCoord.pm_dec rmRA rmDE e_rmRA e_rmDE rRV e_rRV v_pec v_pec3d e_vpec e_vpec3d
[from data line 1153]
4.82867841055 59.68653558893 0.0259 0.0282 89.0994 "" "" 428355269036362112 405.682007 2.4375 0.0378 -7.413 -2.23 0.034 0.037 1.007 "" "" 16.141554 2.203725 17.289946 15.086221 "" "" 399.806793 412.284882 6581.50603 6.3239 1657.4 8.8373 7322.7 23.053 "" "" 0.0029462073971701433 0.006426475 0.005095773 0.011522248 4.82867841055 59.68653558893 405.682007 -7.412999999999999 -2.2299999999999995 -15.579518211364746 0.1360247325897217 0.32270777 0.32570776 "" "" 29.959507070267527 "" 9.668172667269587 ""
0.28404443651 57.78652258015 0.0272 0.0281 92.6267 "" "" 422620766141998464 370.045349 2.6688 0.0382 22.661 0.325 0.036 0.036 0.944 3684.7 4.2499 16.142014 2.044555 17.183064 15.138509 "" "" 364.199402 375.283752 6578.71568 2.9226 1828.9 9.379 6978.4 13.439 "" "" 0.0027972201398352423 0.006227879 0.0043192166 0.010547096 0.28404443651 57.78652258015 370.045349 22.661000000000005 0.32499999999999996 14.494481788635255 2.691024732589722 0.32470775 0.32470775 "" "" 25.857989025183844 "" 8.396289345537534 ""
3.68613995842 59.70270344985 0.026 0.0296 66.7686 "" "" 429024528019864704 350.07547 2.8287 0.0383 26.626 -0.067 0.034 0.036 1.067 3904.9 4.5684 16.145523 2.049746 17.184532 15.134787 "" "" 345.317627 354.02356 6557.49346 2.7168 1826.4 7.8036 7002.3 10.388 "" "" 0.0027917973453652624 0.0054134345 0.0041082953 0.00952173 3.68613995842 59.70270344985 350.07547 26.62600000000003 -0.0670000000000022 18.459481788635255 2.2990247325897215 0.32270777 0.32470775 "" "" 30.86753206454994 "" 9.962138337143083 ""
2.64722999675 57.34415390528 0.0255 0.0273 83.8542 "" "" 422432028098804736 491.312622 1.9993 0.0365 -10.251 -2.494 0.036 0.038 1.006 4352.0 4.5771 16.15322 1.757977 17.006798 15.24882 "" "" 482.797272 498.701416 6511.17066 2.7881 2151.3 8.5564 6304.2 8.2883 "" "" 0.002794268310028774 0.005141294 0.0040399665 0.009181261 2.64722999675 57.34415390528 491.312622 -10.251000000000003 -2.4939999999999993 -18.417518211364744 -0.12797526741027854 0.32470775 0.32670775 "" "" 42.8921538663865 "" 13.927418779176714 ""
2.95618660387 58.30020738225 0.0267 0.0287 28.8445 "" "" 422882724787422208 388.887299 2.5443 0.0373 -28.105 -8.621 0.036 0.038 1.014 "" "" 16.155725 1.884516 17.053185 15.168669 "" "" 384.323059 393.408752 6496.15364 2.9105 2061.3 31.653 6787.2 10.806 "" "" 0.002797931412798185 0.016904252 0.0041559404 0.021060191 2.95618660387 58.30020738225 388.887299 -28.10500000000003 -8.621000000000008 -36.27151821136475 -6.254975267410279 0.32470775 0.32670775 "" "" 67.84710481513643 "" 22.034411046317786 ""
4.76833379188 57.9878097641 0.0354 0.0361 82.1025 "" "" 422148216659780608 412.497253 2.3887 0.0526 2.866 4.041 0.049 0.049 1.291 "" "" 16.158287 2.173744 17.281002 15.107258 "" "" 404.403412 419.923584 6480.84702 2.6298 1671.2 8.0933 7182.2 7.2569 "" "" 0.0027903210615116956 0.005952456 0.0039353776 0.009887833 4.76833379188 57.9878097641 412.497253 2.866 4.041000000000004 -5.300518211364746 6.407024732589722 0.33770776 0.33770776 "" "" 16.25852844241779 "" 5.490631187852438 ""
2.66224984073 57.90961491251 0.1395 0.1701 49.9584 "" "" 422475871125609856 461.603882 2.1806 0.2128 2.406 -2.819 0.189 0.223 5.824 "" "" 16.162457 1.336442 16.551634 15.215192 "" "" 421.833435 514.721191 6456.00654 12.646 3271.6 11.776 6502.5 12.064 "" "" 0.003480631218689943 0.004801878 0.004282679 0.009084556 2.66224984073 57.90961491251 461.603882 2.406 -2.819 -5.7605182113647455 -0.45297526741027827 0.47770774 0.5117078 "" "" 12.642935363587966 "" 6.042363168768559 ""
0.8240563836 58.05698599382 0.0262 0.0255 69.0667 "" "" 422715221054078848 434.20813 2.275 0.0379 10.769 -8.745 0.035 0.034 0.992 4362.6 4.6617 16.163132 1.895973 17.087551 15.191578 "" "" 426.523285 439.87149 6451.99137 2.7587 1997.1 8.3734 6645.5 17.284 "" "" 0.0027941547304067473 0.005339293 0.0047178203 0.010057113 0.8240563836 58.05698599382 434.20813 10.769000000000005 -8.745000000000012 2.602481788635254 -6.3789752674102775 0.32370776 0.32270777 "" "" 14.179455176065536 "" 4.577846389953079 ""
359.99723334265 59.49398828567 0.0264 0.0275 91.7367 "" "" 1999310888364652544 442.865997 2.2263 0.0365 4.761 -9.206 0.035 0.036 1.005 4566.7 4.5945 16.164701 1.997401 17.176607 15.179206 "" "" 434.787048 449.104065 6442.67892 2.7731 1839.8 9.9113 6721.6 14.297 "" "" 0.00279467106875784 0.006480453 0.004429107 0.01090956 359.99723334265 59.49398828567 442.865997 4.761000000000005 -9.206 -3.405518211364746 -6.839975267410278 0.32370776 0.32470775 "" "" 16.039587588895625 "" 5.204996104558132 ""
2.69088352559 60.30559363767 0.0876 0.1088 93.9011 "" "" 429196945189652352 464.129486 2.1592 0.122 20.787 2.417 0.126 0.164 4.215 4267.0 4.7499 16.166786 1.733833 16.893913 15.16008 "" "" 441.870728 488.181091 6430.3137 6.957 2387.0 9.2608 6841.1 14.848 "" "" 0.0029952675928451903 0.005052584 0.0044538514 0.009506436 2.69088352559 60.30559363767 464.129486 20.787 2.4169999999999967 12.620481788635253 4.7830247325897215 0.41470778 0.45270777 "" "" 29.6918133724719 "" 12.460742650735337 ""
1.33279845474 58.07099746725 0.0289 0.0303 56.3984 "" "" 422688935861835392 457.972443 2.15 0.043 0.475 -4.578 0.037 0.039 1.134 4309.7 4.569 16.168457 1.834095 17.046099 15.212004 "" "" 449.928772 466.344574 6420.42214 2.5668 2074.8 10.18 6521.6 15.016 "" "" 0.0027893010024221967 0.0060136258 0.004531366 0.010544991 1.33279845474 58.07099746725 457.972443 0.4749999999999998 -4.578 -7.6915182113647464 -2.2119752674102786 0.32570776 0.32770777 "" "" 17.37340759145282 "" 5.6613155026870405 ""
3.61460352422 57.92701916259 0.0263 0.0252 58.5483 "" "" 422804178423021184 482.126801 2.0426 0.0369 2.389 -3.129 0.034 0.035 1.01 4485.5 4.6715 16.171066 1.800895 17.045664 15.244769 "" "" 473.700043 490.296539 6405.02066 2.5107 2075.6 8.3601 6327.8 15.083 "" "" 0.002787996099320913 0.005187416 0.004580537 0.009767953 3.61460352422 57.92701916259 482.126801 2.388999999999997 -3.128999999999999 -5.777518211364747 -0.7629752674102783 0.32270777 0.32370776 "" "" 13.317885368494709 "" 4.298013741508164 ""
0.72645649766 57.95334921407 0.0303 0.0297 75.364 "" "" 422710067103416832 484.99231 2.0281 0.0417 -3.071 -13.744 0.041 0.041 1.045 4496.1 4.646 16.18599 1.716552 17.01368 15.297128 "" "" 475.476074 494.6185 6317.58488 2.631 2137.7 8.4057 6029.9 10.613 "" "" 0.0027921747604397256 0.00510015 0.0042350334 0.009335184 0.72645649766 57.95334921407 484.99231 -3.071 -13.744000000000002 -11.237518211364746 -11.377975267410278 0.32970777 0.32970777 "" "" 36.76314360719726 "" 12.12109415352254 ""
3.24325499517 57.48688209405 0.0464 0.0485 78.0614 "" "" 422413405122693760 432.009552 2.2938 0.0673 3.622 -10.883 0.063 0.067 1.789 "" "" 16.186085 1.443692 16.338335 14.894643 "" "" 418.82666 446.424194 6317.02895 8.603 3981.8 199.06 8735.8 205.93 "" "" 0.0031270040590961655 0.054350294 0.025871718 0.08022201 3.24325499517 57.48688209405 432.009552 3.622 -10.883000000000017 -4.544518211364746 -8.516975267410277 0.35170776 0.35570776 "" "" 19.7678698751276 "" 7.014138219550981 ""
3.5290699098 58.19418709896 0.0293 0.0284 44.1051 "" "" 422832181610707072 351.365234 2.8175 0.0415 20.578 -3.238 0.044 0.04 1.097 3978.5 4.5986 16.187344 2.162288 17.30188 15.139592 "" "" 346.949249 355.948303 6309.70774 2.5646 1639.3 7.463 6971.4 8.6961 "" "" 0.002790436484986455 0.005676004 0.0040147197 0.009690724 3.5290699098 58.19418709896 351.365234 20.578000000000003 -3.2380000000000004 12.411481788635253 -0.8719752674102783 0.33270776 0.32870775 "" "" 20.72191707568141 "" 6.893937993221005 ""
2.62549907223 58.80526189887 0.0269 0.0274 3.9831 "" "" 423004770576896128 438.582336 2.2307 0.0387 8.209 -2.295 0.034 0.035 0.997 "" "" 16.18914 2.737941 17.72356 14.98562 "" "" 431.918457 447.337524 6299.27972 5.0427 1111.7 8.9336 8033.6 15.998 "" "" 0.0028891551211586044 0.009160235 0.0043541347 0.01351437 2.62549907223 58.80526189887 438.582336 8.209000000000001 -2.295 0.04248178863525354 0.07102473258972175 0.32270777 0.32370776 "" "" 0.17204809877243518 "" 0.05564802373363376 ""
1.87011997362 58.43350343337 0.0282 0.0301 29.1339 "" "" 423061257986120704 429.184509 2.2913 0.0396 7.935 -2.82 0.038 0.041 1.021 3617.2 4.0036 16.189182 2.659928 17.613356 14.953427 "" "" 422.054749 435.24939 6299.03415 14.038 1230.5 19.714 8275.4 111.28 "" "" 0.0036669574338324754 0.017617075 0.015081223 0.032698296 1.87011997362 58.43350343337 429.184509 7.934999999999995 -2.82 -0.23151821136474648 -0.45397526741027816 0.32670775 0.32970777 "" "" 1.0367010212074614 "" 0.341168778190972 ""
3.60559210932 59.17510696876 0.0288 0.0296 40.7854 "" "" 428986629227788800 399.662201 2.47 0.0421 9.414 -4.45 0.041 0.041 0.969 4247.9 4.6576 16.191288 1.916402 17.148287 15.231885 "" "" 392.427917 407.355957 6286.83098 2.6291 1888.4 8.1236 6403.3 7.7465 "" "" 0.002792480435119052 0.0054406044 0.004001122 0.009441726 3.60559210932 59.17510696876 399.662201 9.41400000000001 -4.449999999999995 1.2474817886352536 -2.0839752674102785 0.32970777 0.32970777 "" "" 4.601152655927253 "" 1.5170357886996917 ""
0.80548427591 59.08014833352 0.2201 0.2195 58.9187 "" "" 423167429579636736 430.354065 2.4245 0.3046 -6.163 3.407 0.295 0.264 7.452 4285.4 4.3835 16.19172 1.932608 17.077597 15.144989 "" "" 376.647644 487.096619 6284.32891 18.483 2015.5 6.9802 6936.9 9.1551 "" "" 0.004217684989259302 0.0046823123 0.004041904 0.008724216 0.80548427591 59.08014833352 430.354065 -6.163 3.407 -14.329518211364746 5.773024732589722 0.58370775 0.5527078 "" "" 31.51350536530169 "" 18.26139648232707 ""
1.60627872661 58.13753269732 0.0251 0.026 47.6239 "" "" 422678559220836864 443.874237 2.2212 0.037 18.313 16.898 0.032 0.033 1.019 4410.6 4.6296 16.19213 1.822514 17.084078 15.261564 "" "" 436.445129 451.755096 6281.96368 2.2782 2003.5 6.626 6230.6 11.478 "" "" 0.0027833125191357192 0.0045473734 0.0042760135 0.008823387 1.60627872661 58.13753269732 443.874237 18.313 16.898 10.146481788635253 19.26402473258972 0.32070777 0.32170776 "" "" 45.80913274269139 "" 14.727217057434892 ""
2.54634648464 59.21651539458 0.0299 0.0302 28.5395 "" "" 423040951382070144 413.39682 2.3843 0.0434 8.348 -2.405 0.039 0.042 1.055 "" "" 16.192982 2.477858 17.48904 15.011182 "" "" 406.50351 422.834198 6277.02388 4.7832 1379.8 8.7076 7846.7 20.792 "" "" 0.002876855355826194 0.0073981504 0.0047498015 0.012147952 2.54634648464 59.21651539458 413.39682 8.348 -2.4050000000000002 0.18148178863525466 -0.038975267410278125 0.32770777 0.33070776 "" "" 0.3637221750090931 "" 0.11924290059369239 ""
0.68103177018 59.52950351531 0.0269 0.0296 75.4303 "" "" 423274219647513472 368.058533 2.6881 0.0388 20.041 -1.204 0.035 0.039 1.018 4197.6 4.6603 16.193014 2.082104 17.258362 15.176258 "" "" 362.854462 373.22226 6276.84018 2.5467 1706.4 7.8866 6739.9 11.971 "" "" 0.0027903123740767224 0.0057415743 0.0042429385 0.009984513 0.68103177018 59.52950351531 368.058533 20.041 -1.2039999999999988 11.874481788635254 1.1620247325897217 0.32370776 0.32770777 "" "" 20.815147324732486 "" 6.738819307924601 ""
2.3545157091 59.26611568644 0.0265 0.0286 32.3162 "" "" 423044112477948672 478.151184 2.0759 0.0398 10.39 0.256 0.036 0.039 0.977 4424.9 4.5959 16.193413 1.840994 17.089409 15.248415 "" "" 470.102203 485.190796 6274.53838 2.7479 1993.7 10.837 6306.6 14.829 "" "" 0.002796047615950018 0.0065279817 0.0045608375 0.011088819 2.3545157091 59.26611568644 478.151184 10.39000000000001 0.2559999999999997 2.2234817886352545 2.622024732589722 0.32470775 0.32770777 "" "" 7.791692952575501 "" 2.5436465104702948 ""
4.76508161613 59.06200814763 0.0295 0.0292 70.0789 "" "" 428222709165499776 417.292633 2.3614 0.0434 36.505 -4.704 0.042 0.039 1.047 "" "" 16.197268 2.187074 17.324995 15.137921 "" "" 409.875854 425.039642 6252.30119 4.1549 1604.8 10.487 6982.2 15.754 "" "" 0.002848222669546039 0.007623949 0.004503891 0.01212784 4.76508161613 59.06200814763 417.292633 36.50499999999998 -4.703999999999998 28.338481788635256 -2.337975267410278 0.33070776 0.32770777 "" "" 56.243022773483446 "" 18.598868446876345 ""
4.12639585505 57.59928555775 0.0718 0.0794 84.0072 "" "" 422033626931829376 505.717743 1.9688 0.1074 -13.216 -0.565 0.094 0.101 3.038 4398.0 4.6732 16.203629 1.662282 16.954313 15.292031 "" "" 476.117249 537.593018 6215.7805 7.1166 2257.8 9.3833 6058.2 8.0641 "" "" 0.003022755742575322 0.0053052395 0.004046284 0.009351524 4.12639585505 57.59928555775 505.717743 -13.21599999999998 -0.5650000000000002 -21.382518211364747 1.8010247325897217 0.38270777 0.38970777 "" "" 51.43757607716225 "" 19.688119774973977 ""
3.97509949149 60.1252040809 0.0264 0.0264 93.1535 "" "" 429125167694623360 411.481964 2.4007 0.0365 -8.723 -0.285 0.033 0.036 0.962 4307.1 4.6815 16.207457 1.849292 17.117558 15.268266 "" "" 405.738556 418.016998 6193.8966 2.3756 1942.6 8.3895 6192.3 7.8758 "" "" 0.002786610252215246 0.005456321 0.004023761 0.0094800815 3.97509949149 60.1252040809 411.481964 -8.723 -0.28499999999999953 -16.889518211364745 2.0810247325897215 0.32170776 0.32470775 "" "" 33.19084381906391 "" 10.679247768348239 ""
4.40903007057 58.4153397589 0.0248 0.0257 60.1509 "" "" 422175532651581952 454.441559 2.1719 0.0362 20.869 -0.441 0.033 0.035 0.969 4401.5 4.6714 16.214247 1.982152 17.214844 15.232692 "" "" 447.587463 461.790039 6155.28164 2.8803 1776.1 8.7209 6398.5 11.593 "" "" 0.0028017696724121017 0.00601713 0.004260691 0.010277821 4.40903007057 58.4153397589 454.441559 20.868999999999993 -0.44100000000000006 12.702481788635254 1.9250247325897216 0.32170776 0.32370776 "" "" 27.674238334333463 "" 8.90426349672898 ""
2.57630390555 58.52486887513 0.0287 0.0322 12.9996 "" "" 422901588283618816 376.927094 2.6257 0.0402 23.669 -6.283 0.037 0.042 0.997 "" "" 16.217651 1.954157 17.196838 15.242681 "" "" 370.428406 382.661377 6136.01736 2.745 1805.8 11.565 6339.9 9.9531 "" "" 0.0027978039407979267 0.007492363 0.004145973 0.011638336 2.57630390555 58.52486887513 376.927094 23.669000000000004 -6.283 15.502481788635254 -3.9169752674102787 0.32570776 0.33070776 "" "" 28.56769991152026 "" 9.3133551401728 ""
0.57039071307 58.58800033008 0.0278 0.028 63.6993 "" "" 422755387597222272 378.510193 2.6132 0.0381 -9.674 -15.799 0.038 0.038 1.007 "" "" 16.221018 2.047958 17.263948 15.21599 "" "" 372.790833 383.170868 6117.01915 2.7789 1697.6 7.1399 6497.7 10.154 "" "" 0.0027991202298609298 0.005351424 0.0041427617 0.009494185 0.57039071307 58.58800033008 378.510193 -9.674 -15.799000000000014 -17.840518211364746 -13.432975267410278 0.32670775 0.32670775 "" "" 40.06712628156781 "" 13.090240698808527 ""
3.4284015738 57.68677028783 0.0293 0.0307 68.5942 "" "" 422794317181014272 502.376282 1.9678 0.0437 3.523 -7.54 0.038 0.039 1.143 4288.9 4.5569 16.224691 1.793107 17.069193 15.276086 "" "" 490.99411 516.049255 6096.35923 6.7718 2031.1 15.253 6147.9 23.282 "" "" 0.003007706118777842 0.008617767 0.005584758 0.014202525 3.4284015738 57.68677028783 502.376282 3.5229999999999997 -7.539999999999999 -4.643518211364746 -5.173975267410278 0.32670775 0.32770777 "" "" 16.554883048375437 "" 5.417784334974941 ""
1.20126947004 57.51806261557 0.3044 0.3568 85.5797 "" "" 422554310104499200 463.36438 2.3979 0.4489 35.564 5.913 0.41 0.455 12.652 "" "" 16.228626 1.492261 16.70465 15.21239 "" "" 386.025391 551.745667 6074.30335 12.844 2841.6 11.872 6519.3 8.9332 "" "" 0.003586410893391161 0.005325551 0.0040616663 0.009387217 1.20126947004 57.51806261557 463.36438 35.56399999999994 5.913 27.397481788635254 8.279024732589722 0.69870776 0.7437078 "" "" 62.861752547437646 "" 44.16563421227062 ""
