Clusters/NGC_6249/NGC_6249_members.tsv
# %ECSV 1.0
# ---
# datatype:
# - name: RA_ICRS_1
#   unit: deg
#   datatype: float64
#   format: '{:15.11f}'
#   description: Right ascension (ICRS) at Ep=2016.0 (ra)
#   meta: !!omap
#   - {ucd: POS_EQ_RA_MAIN}
#   - {width: 15}
#   - {precision: '11'}
# - name: DE_ICRS_1
#   unit: deg
#   datatype: float64
#   format: '{:15.11f}'
#   description: Declination (ICRS) at Ep=2016.0 (dec)
#   meta: !!omap
#   - {ucd: POS_EQ_DEC_MAIN}
#   - {width: 15}
#   - {precision: '11'}
# - name: e_RA_ICRS
#   unit: mas
#   datatype: float64
#   format: '{:7.4f}'
#   description: Standard error of right ascension (ra_error)
#   meta: !!omap
#   - {ucd: ERROR}
#   - {width: 7}
#   - {precision: '4'}
# - name: e_DE_ICRS
#   unit: mas
#   datatype: float64
#   format: '{:7.4f}'
#   description: Standard error of declination (dec_error)
#   meta: !!omap
#   - {ucd: ERROR}
#   - {width: 7}
#   - {precision: '4'}
# - name: _r_1
#   unit: ''
#   datatype: float64
#   format: '{:7.4f}'
#   description: Distance from center (254.44481025000-44.80789535000)[ICRS], at Epoch=J2016.0
#   meta: !!omap
#   - {ucd: POS_ANG_DIST_GENERAL}
#   - {width: 7}
#   - {precision: '4'}
# - name: HIP
#   datatype: int32
#   description: '? HIP cross-id number, van Leeuwen, Cat. I/311 (hip_original_ext_source_id)'
#   meta: !!omap
#   - {ucd: ID_NUMBER}
#   - {width: 6}
#   - values: {'null': -2147483648}
# - name: TYC2
#   datatype: string
#   description: Tycho-2 cross-id name, Hog et al., Cat. I/259 (tyc2_original_ext_source_id)
#   meta: !!omap
#   - {ucd: ID_CROSSID}
#   - {_votable_string_dtype: char}
# - name: Source
#   datatype: int64
#   description: Source identifier, identical to the Gaia-EDR3 source_id (id)
#   meta: !!omap
#   - {ucd: ID_MAIN}
#   - {width: 19}
# - name: rgeo
#   unit: pc
#   datatype: float64
#   format: '{:15.8f}'
#   description: '? Median of the geometric distance posterior (r_med_geo)'
#   meta: !!omap
#   - {ucd: PHYS_DISTANCE_TRUE}
#   - {width: 15}
#   - {precision: '8'}
#   - values: {'null': .nan}
# - name: Plx
#   unit: mas
#   datatype: float64
#   format: '{:9.4f}'
#   description: '? Parallax (parallax)'
#   meta: !!omap
#   - {ucd: POS_PARLX_TRIG}
#   - {width: 9}
#   - {precision: '4'}
#   - values: {'null': .nan}
# - name: e_Plx
#   unit: mas
#   datatype: float32
#   format: '{:7.4f}'
#   description: '? Standard error of parallax (parallax_error)'
#   meta: !!omap
#   - {ucd: ERROR}
#   - {width: 7}
#   - {precision: '4'}
#   - values: {'null': .nan}
# - name: pmRA
#   unit: mas / yr
#   datatype: float64
#   format: '{:9.3f}'
#   description: '? Proper motion in right ascension direction, pmRA*cosDE (pmra)'
#   meta: !!omap
#   - {ucd: POS_EQ_PMRA}
#   - {width: 9}
#   - {precision: '3'}
#   - values: {'null': .nan}
# - name: pmDE
#   unit: mas / yr
#   datatype: float64
#   format: '{:9.3f}'
#   description: '? Proper motion in declination direction (pmdec)'
#   meta: !!omap
#   - {ucd: POS_EQ_PMDEC}
#   - {width: 9}
#   - {precision: '3'}
#   - values: {'null': .nan}
# - name: e_pmRA
#   unit: mas / yr
#   datatype: float32
#   format: '{:6.3f}'
#   description: '? Standard error of proper motion in right ascension direction (pmra_error)'
#   meta: !!omap
#   - {ucd: ERROR}
#   - {width: 6}
#   - {precision: '3'}
#   - values: {'null': .nan}
# - name: e_pmDE
[...]
#       distance: !astropy.table.SerializedColumn
#         __class__: astropy.coordinates.distances.Distance
#         unit: !astropy.units.Unit {unit: pc}
#         value: !astropy.table.SerializedColumn {name: SkyCoord.distance}
#       frame: icrs
#       obstime: !astropy.time.Time {format: jyear_str, in_subfmt: '*', jd1: 367701545.0, jd2: 0.0, out_subfmt: '*', precision: 3, scale: tt}
#       pm_dec: !astropy.table.SerializedColumn
#         __class__: astropy.units.quantity.Quantity
#         unit: !astropy.units.Unit {unit: mas / yr}
#         value: !astropy.table.SerializedColumn {name: SkyCoord.pm_dec}
#       pm_ra_cosdec: !astropy.table.SerializedColumn
#         __class__: astropy.units.quantity.Quantity
#         unit: !astropy.units.Unit {unit: mas / yr}
#         value: !astropy.table.SerializedColumn {name: SkyCoord.pm_ra_cosdec}
#       ra: !astropy.table.SerializedColumn
#         __class__: astropy.coordinates.angles.Longitude
#         unit: *id001
#         value: !astropy.table.SerializedColumn {name: SkyCoord.ra}
#         wrap_angle: !astropy.coordinates.Angle
#           unit: *id001
#           value: 360.0
#       representation_type: spherical
# schema: astropy-2.0
RA_ICRS_1 DE_ICRS_1 e_RA_ICRS e_DE_ICRS _r_1 HIP TYC2 Source rgeo Plx e_Plx pmRA pmDE e_pmRA e_pmDE RUWE Teff logg Gmag BP-RP BPmag RPmag RV e_RV b_rgeo B_rgeo FG e_FG FBP e_FBP FRP e_FRP RAVE5 RAVE6 e_Gmag e_BPmag e_RPmag e_BP-RP SkyCoord.ra SkyCoord.dec SkyCoord.distance SkyCoord.pm_ra_cosdec SkyCoord.pm_dec rmRA rmDE e_rmRA e_rmDE rRV e_rRV v_pec v_pec3d e_vpec e_vpec3d Pmemb
254.44932358462 -44.81992876317 0.0146 0.01 0.7471 "" 7880-3777-1 5964099137533440640 1131.2522 0.8525 0.017 1.491 -3.445 0.022 0.017 0.763 "" "" 10.994128 0.539648 11.186261 10.646613 "" "" 1107.70312 1153.05029 753868.46533 245.13 458050.0 376.29 437030.0 296.56 "" "" 0.0027778458178636866 0.002929266 0.0038505248 0.006779791 254.44932358462 -44.81992876317 1131.2522 1.4909999999999997 -3.445000000000001 -0.1882222261428832 -0.0424667072296141 0.14434811 0.13934812 "" "" 1.034642443637495 "" 0.14910223948201298 "" 0.8
254.39526471712 -44.79736741178 0.0139 0.0095 2.2018 "" "" 5964099786047448064 1199.51208 0.801 0.0166 1.761 -3.473 0.022 0.016 0.911 "" "" 12.286854 0.579629 12.501614 11.921985 "" "" 1177.99854 1219.5271 229195.14072 53.229 136390.0 111.9 135010.0 74.182 "" "" 0.0027668341896959488 0.002928915 0.003826175 0.00675509 254.39526471712 -44.79736741178 1199.51208 1.7609999999999997 -3.473 0.0817777738571166 -0.07046670722961412 0.14434811 0.13834812 "" "" 0.6137688500215606 "" 0.08704622142740089 "" 1.0
254.44552914141 -44.82029654967 0.013 0.0092 0.7447 "" "" 5964098961414050304 1204.34399 0.8033 0.0148 1.584 -3.443 0.019 0.015 0.847 11203.6 4.2451 12.341307 0.628058 12.559597 11.93154 "" "" 1181.0271 1225.3053 217983.64522 39.943 129290.0 271.48 133830.0 248.37 "" "" 0.002762493436558059 0.0036031303 0.004282973 0.007886103 254.44552914141 -44.82029654967 1204.34399 1.584 -3.4430000000000005 -0.09522222614288323 -0.04046670722961432 0.14134811 0.13734812 "" "" 0.5906343660566453 "" 0.08312799576590073 "" 1.0
254.47176998762 -44.88010943298 0.0189 0.0132 4.4821 "" "" 5964098549096876160 1376.18982 0.6935 0.0225 1.779 -3.269 0.029 0.022 1.362 11606.3 4.0699 12.51774 0.640282 12.704842 12.06456 "" "" 1335.66992 1419.87244 185289.37156 44.96 113100.0 315.5 118400.0 542.7 "" "" 0.0027678865422589905 0.0041180425 0.006249019 0.010367062 254.47176998762 -44.88010943298 1376.18982 1.7790000000000001 -3.2689999999999984 0.09977777385711661 0.13353329277038561 0.15134811 0.14434811 "" "" 1.0873654158961634 "" 0.159727965587753 "" 1.0
254.44847652608 -44.85933799389 0.013 0.0088 3.0905 "" "" 5964098622137355520 1093.64856 0.8823 0.0158 1.544 -3.428 0.026 0.016 0.848 7838.0 3.8958 12.586675 0.615864 12.81557 12.199706 "" "" 1073.22131 1115.78137 173890.85579 33.051 102140.0 49.961 104540.0 56.355 "" "" 0.002763037305059993 0.0028402628 0.0038244342 0.006664697 254.44847652608 -44.85933799389 1093.64856 1.5440000000000005 -3.428 -0.13522222614288326 -0.025466707229614194 0.14834812 0.13834812 "" "" 0.7133008926916391 "" 0.10558048486073929 "" 1.0
254.34092480894 -44.70117226231 0.0127 0.0092 7.7843 "" "" 5964147619126559616 1168.02612 0.8215 0.015 1.499 -3.402 0.019 0.015 0.898 "" "" 12.683029 0.578279 12.898209 12.319929 "" "" 1149.06372 1187.93445 159123.80168 30.502 94653.0 55.154 93581.0 39.88 "" "" 0.002763169208284148 0.0028609964 0.0038075992 0.0066685956 254.34092480894 -44.70117226231 1168.02612 1.499 -3.402 -0.1802222261428832 0.0005332927703856072 0.14134811 0.13734812 "" "" 0.9977945965428959 "" 0.14103634458914957 "" 0.9
254.4288103673 -44.77997955956 0.0152 0.011 1.8082 "" "" 5964099446770967424 1199.4834 0.8079 0.0188 1.415 -3.441 0.023 0.018 0.924 "" "" 12.875821 0.611565 13.107049 12.495484 "" "" 1172.52026 1233.88428 133234.94277 27.342 78090.0 52.541 79609.0 40.692 "" "" 0.0027643143997961653 0.0028842147 0.003819911 0.0067041256 254.4288103673 -44.77997955956 1199.4834 1.415 -3.441 -0.26422222614288327 -0.038466707229614094 0.14534812 0.1403481 "" "" 1.5180855595016824 "" 0.22049599285584603 "" 0.8
254.46092551946 -44.82823982429 0.015 0.0104 1.4002 "" "" 5964099137533437312 1092.80103 0.8845 0.0173 1.724 -3.431 0.022 0.017 0.888 "" "" 12.995884 0.706019 13.266928 12.560908 "" "" 1071.53833 1110.68652 119287.02769 27.116 67398.0 35.244 74954.0 49.935 "" "" 0.002766351908470703 0.0028473488 0.0038479771 0.006695326 254.46092551946 -44.82823982429 1092.80103 1.7239999999999998 -3.4310000000000005 0.044777773857116676 -0.028466707229614308 0.14434811 0.13934812 "" "" 0.27484616379224036 "" 0.03928291053742743 "" 1.0
254.52099009611 -44.70775042285 0.0135 0.0095 6.8293 "" "" 5964101400955142528 1075.02759 0.8911 0.0159 1.639 -3.257 0.022 0.016 0.823 "" "" 13.005971 0.610343 13.235054 12.624711 "" "" 1055.56042 1095.19897 118183.91129 32.667 69406.0 40.251 70676.0 45.859 "" "" 0.002771615635195677 0.002860335 0.0038444814 0.0067048166 254.52099009611 -44.70775042285 1075.02759 1.6390000000000002 -3.2569999999999997 -0.04022222614288329 0.14553329277038562 0.14434811 0.13834812 "" "" 0.7693856913825242 "" 0.10677723445968774 "" 1.0
254.57239330262 -44.6894185007 0.0147 0.0102 8.9492 "" "" 5964473864834117888 1142.8811 0.8303 0.0162 1.686 -3.346 0.023 0.017 0.889 "" "" 13.13197 0.633023 13.369862 12.736838 "" "" 1122.85938 1163.88281 105234.56949 26.415 61302.0 39.097 63742.0 22.0 "" "" 0.002768765565090286 0.0028748123 0.0037979141 0.0066727265 254.57239330262 -44.6894185007 1142.8811 1.6859999999999997 -3.346 0.006777773857116642 0.05653329277038566 0.14534812 0.13934812 "" "" 0.3084484861942083 "" 0.04300849688982941 "" 0.9
254.42830540373 -44.78578664285 0.0143 0.0097 1.5012 "" "" 5964099446770964480 1146.58423 0.8277 0.0166 1.602 -3.508 0.02 0.015 0.84 "" "" 13.145149 0.666338 13.394718 12.72838 "" "" 1121.43396 1168.92981 103965.01902 23.37 59914.0 47.941 64240.0 87.648 "" "" 0.002766108180533661 0.0029222942 0.0040593296 0.006981624 254.42830540373 -44.78578664285 1146.58423 1.6020000000000008 -3.5079999999999982 -0.07722222614288321 -0.10546670722961426 0.14234811 0.13734812 "" "" 0.7104129063991994 "" 0.09882806485937819 "" 0.9
254.4968768797 -44.85981862948 0.0149 0.011 3.8228 "" "" 5964095735919329280 1135.49255 0.8398 0.0166 1.592 -3.341 0.023 0.019 0.911 7777.4 4.0536 13.177106 0.633093 13.415136 12.782043 "" "" 1116.80139 1154.62427 100949.51095 32.185 58798.0 48.638 61142.0 27.901 "" "" 0.002776979356691491 0.0029311567 0.0038117191 0.006742876 254.4968768797 -44.85981862948 1135.49255 1.5919999999999996 -3.3410000000000015 -0.08722222614288322 0.06153329277038555 0.14534812 0.14134811 "" "" 0.574515746184165 "" 0.0827481945523363 "" 1.0
254.42476728924 -44.85020868334 0.0147 0.0102 2.6782 "" "" 5964098823974780160 1176.40552 0.8098 0.0173 1.557 -3.331 0.022 0.017 0.912 "" "" 13.34743 0.685376 13.609322 12.923945 "" "" 1154.4093 1200.75171 86292.83208 23.114 49169.0 41.331 53651.0 20.414 "" "" 0.002770625531544354 0.0029356424 0.0038018934 0.006737536 254.42476728924 -44.85020868334 1176.40552 1.5570000000000006 -3.3310000000000004 -0.12222222614288336 0.07153329277038578 0.14434811 0.13934812 "" "" 0.7896775824429191 "" 0.11299416957537518 "" 1.0
254.45211197069 -44.80523386955 0.0152 0.0108 0.3495 "" "" 5964099373730589056 1147.87512 0.8307 0.0179 1.806 -3.39 0.021 0.017 0.946 9470.1 4.0861 13.369265 0.667781 13.623438 12.955657 "" "" 1123.30493 1171.52319 84574.75438 19.782 48534.0 23.387 52107.0 27.541 "" "" 0.0027669986725056797 0.002838797 0.0038227013 0.006661498 254.45211197069 -44.80523386955 1147.87512 1.8059999999999994 -3.389999999999999 0.12677777385711675 0.012533292770385618 0.14334811 0.13934812 "" "" 0.693151330984281 "" 0.09933547063068135 "" 1.0
254.48912501463 -44.83178788991 0.0153 0.0104 2.369 "" "" 5964099103173534848 1150.75769 0.8241 0.0181 1.733 -3.302 0.021 0.017 0.923 "" "" 13.462051 0.711038 13.732792 13.021754 "" "" 1127.49646 1175.20996 77647.29662 19.375 43883.0 23.741 49029.0 31.451 "" "" 0.0027686073363568904 0.0028513288 0.0038430204 0.0066943495 254.48912501463 -44.83178788991 1150.75769 1.733 -3.3020000000000005 0.053777773857116795 0.1005332927703857 0.14334811 0.13934812 "" "" 0.6218949987974163 "" 0.08721947746390261 "" 0.9
254.47120668895 -44.84798287938 0.0153 0.0109 2.6546 "" "" 5964098686535826432 1177.75696 0.8081 0.0184 1.763 -3.359 0.025 0.018 0.93 9385.0 4.2023 13.477996 0.756766 13.772578 13.015812 "" "" 1154.99011 1200.01599 76515.32909 16.365 42304.0 24.349 49298.0 21.662 "" "" 0.0027650883539571134 0.0028592958 0.0038093745 0.00666867 254.47120668895 -44.84798287938 1177.75696 1.7630000000000006 -3.3589999999999987 0.0837777738571166 0.043533292770385756 0.14734812 0.1403481 "" "" 0.5270684226883903 "" 0.07689295108092588 "" 1.0
254.36414537685 -44.8050667977 0.0186 0.0127 3.4381 "" "" 5964099717327972352 1213.34912 0.7817 0.0211 1.875 -3.529 0.03 0.022 1.395 9422.2 3.9787 13.543218 0.862649 13.883719 13.02107 "" "" 1182.98682 1242.06311 72054.29106 17.285 38188.0 32.048 49060.0 30.843 "" "" 0.0027676030352802483 0.0029351788 0.0038405263 0.006775705 254.36414537685 -44.8050667977 1213.34912 1.875 -3.528999999999999 0.1957777738571167 -0.12646670722961417 0.15234812 0.14434811 "" "" 1.3404636881360374 "" 0.20111921879575126 "" 0.9
254.39061591807 -44.81768011006 0.019 0.0116 2.3803 "" "" 5964099648608497152 1205.35693 0.7902 0.021 1.762 -3.594 0.025 0.019 0.99 9544.9 4.1067 13.558744 0.82552 13.88047 13.054951 "" "" 1176.96179 1233.3446 71031.25893 15.65 38303.0 22.726 47553.0 21.938 "" "" 0.002765684979143889 0.0028635694 0.0038124295 0.0066759987 254.39061591807 -44.81768011006 1205.35693 1.7620000000000005 -3.594000000000001 0.08277777385711671 -0.19146670722961412 0.14734812 0.14134811 "" "" 1.1917820390757659 "" 0.1696022227806803 "" 1.0
254.47780501582 -44.80820532315 0.0173 0.0117 1.4047 "" "" 5964099206252770176 1106.38367 0.8636 0.02 1.679 -3.659 0.025 0.019 1.026 9384.4 4.207 13.784921 0.861088 14.128392 13.267304 "" "" 1080.47766 1128.20959 57673.79763 13.11 30483.0 26.626 39105.0 23.909 "" "" 0.0027663514888510857 0.002946936 0.0038372374 0.0067841737 254.47780501582 -44.80820532315 1106.38367 1.6789999999999987 -3.6589999999999985 -0.00022222614288325282 -0.25646670722961407 0.14734812 0.14134811 "" "" 1.34497823883467 "" 0.19011013642120303 "" 0.8
254.39683517608 -44.82760735784 0.0193 0.0135 2.3597 "" "" 5964099652929519232 1083.0979 0.8756 0.0229 1.861 -3.446 0.03 0.023 1.158 7932.0 4.0393 13.897742 0.867366 14.243354 13.375988 "" "" 1056.8772 1111.40271 51981.60661 14.271 27420.0 32.014 35380.0 24.95 "" "" 0.0027713966729369845 0.0030646315 0.0038561595 0.006920791 254.39683517608 -44.82760735784 1083.0979 1.861000000000001 -3.4459999999999997 0.1817777738571167 -0.04346670722961443 0.15234812 0.14534812 "" "" 0.9595353398907047 "" 0.14582803432770475 "" 1.0
254.41730723425 -44.81372146339 0.0182 0.0126 1.2218 "" "" 5964099034454231808 1157.5929 0.8282 0.021 1.717 -3.337 0.027 0.021 0.866 8899.4 4.0687 13.980549 0.948081 14.365288 13.417207 "" "" 1133.31226 1189.23291 48164.50269 12.042 24508.0 32.514 34062.0 21.233 "" "" 0.0027686597003329255 0.0031400376 0.0038395047 0.0069795423 254.41730723425 -44.81372146339 1157.5929 1.7170000000000014 -3.3370000000000006 0.03777777385711678 0.06553329277038555 0.14934811 0.14334811 "" "" 0.41504911786526644 "" 0.0601273076553683 "" 1.0
254.42348145485 -44.80758233445 0.0188 0.0127 0.9081 "" "" 5964099034454234752 1122.5376 0.8513 0.0224 1.845 -3.363 0.029 0.021 0.874 7930.2 4.3697 13.994314 0.871705 14.344584 13.472879 "" "" 1095.85632 1156.698 47557.71082 10.679 24979.0 23.135 32360.0 17.157 "" "" 0.0027660853034353946 0.002965847 0.0038229697 0.006788817 254.42348145485 -44.80758233445 1122.5376 1.8449999999999995 -3.3629999999999995 0.16577777385711667 0.03953329277038575 0.15134811 0.14334811 "" "" 0.9068095012849795 "" 0.13686334303488978 "" 1.0
254.42695780307 -44.83393201328 0.0183 0.0124 1.7372 "" "" 5964098931375007872 1178.75635 0.8109 0.0218 1.619 -3.355 0.028 0.021 0.923 7764.6 3.9433 14.000965 1.087875 14.45745 13.369575 "" "" 1149.9502 1206.91602 47267.30792 10.682 22513.0 20.911 35590.0 25.362 "" "" 0.002766223839213591 0.0029668286 0.003857766 0.006824595 254.42695780307 -44.83393201328 1178.75635 1.6189999999999998 -3.3549999999999995 -0.060222226142883306 0.04753329277038576 0.15034811 0.14334811 "" "" 0.4286643118643576 "" 0.0633138782566034 "" 1.0
254.55424220532 -44.79805590001 0.0183 0.0123 4.696 "" "" 5964097625704779904 1070.11951 0.8966 0.0219 1.635 -3.395 0.025 0.02 0.844 7794.9 4.1545 14.033179 0.913318 14.396954 13.483636 "" "" 1045.34546 1095.29419 45885.44978 10.8 23803.0 25.823 32041.0 32.128 "" "" 0.0027671455248111146 0.0030286033 0.00393306 0.0069616633 254.55424220532 -44.79805590001 1070.11951 1.6350000000000002 -3.3950000000000005 -0.04422222614288329 0.007533292770385724 0.14734812 0.14234811 "" "" 0.22754275233343238 "" 0.03349644172021289 "" 1.0
254.52145331655 -44.79934437527 0.0209 0.0141 3.3029 "" "" 5964097763143749504 1210.62598 0.7871 0.0246 1.676 -3.398 0.03 0.023 0.983 "" "" 14.427753 1.056356 14.854575 13.798219 "" "" 1173.59009 1246.9939 31904.05701 9.2091 15617.0 24.97 23981.0 30.323 "" "" 0.0027730862612433227 0.0032861347 0.004021007 0.007307142 254.52145331655 -44.79934437527 1210.62598 1.676 -3.3980000000000006 -0.0032222261428833665 0.004533292770385611 0.15234812 0.14534812 "" "" 0.03191558096080496 "" 0.004715036617591109 "" 1.0
254.35445043138 -44.78338265476 0.0202 0.0144 4.1188 "" "" 5964100030886661632 1108.69714 0.8615 0.025 1.691 -3.494 0.041 0.027 0.932 5583.5 3.632 14.526479 1.295907 15.093654 13.797747 "" "" 1080.27661 1140.52368 29130.99274 10.434 12530.0 20.785 23992.0 27.952 "" "" 0.002782628257392254 0.0033209624 0.003985449 0.007306412 254.35445043138 -44.78338265476 1108.69714 1.6910000000000005 -3.494 0.011777773857116758 -0.09146670722961447 0.16334811 0.14934811 "" "" 0.4846466591409594 "" 0.0724968222657949 "" 1.0
254.57816721502 -44.72076738356 0.0216 0.0147 7.7203 "" "" 5964473521236693760 1169.86951 0.8122 0.0255 1.572 -3.323 0.033 0.025 0.923 7315.5 4.0591 14.541539 1.147638 15.026864 13.879226 "" "" 1138.20398 1205.30347 28729.69854 7.0845 13325.0 15.907 22257.0 13.953 "" "" 0.00276829740667494 0.0030765203 0.003840184 0.0069167046 254.57816721502 -44.72076738356 1169.86951 1.5720000000000003 -3.323 -0.10722222614288324 0.07953329277038579 0.15534812 0.14734812 "" "" 0.7402796594782671 "" 0.11293465600152333 "" 0.9
254.40988836001 -44.81754748515 0.026 0.0176 1.5953 "" "" 5964099000094492672 1295.83801 0.7332 0.0304 1.717 -3.305 0.039 0.03 1.169 6690.5 3.93 14.570188 1.33687 15.160139 13.823269 "" "" 1247.50769 1343.8479 27981.54762 15.291 11786.0 25.012 23434.0 41.764 "" "" 0.002818477811003103 0.0036185696 0.0042459317 0.007864501 254.40988836001 -44.81754748515 1295.83801 1.716999999999999 -3.3050000000000006 0.03777777385711678 0.09753329277038558 0.16134812 0.15234812 "" "" 0.6424447728019539 "" 0.09864876303483247 "" 1.0
254.52465545184 -44.77880208817 0.0234 0.0161 3.8217 "" "" 5964097900582713216 1251.82666 0.7596 0.0281 1.949 -3.512 0.033 0.026 1.084 7471.1 4.1264 14.617135 1.082673 15.068325 13.985652 3.83 10.51 1209.27698 1310.65259 26797.41301 6.8365 12826.0 14.503 20179.0 17.444 "" "" 0.0027692080602012385 0.0030483252 0.0038941824 0.006942508 254.52465545184 -44.77880208817 1251.82666 1.9490000000000003 -3.512 0.26977777385711676 -0.10946670722961427 0.15534812 0.14834812 3.190000000000001 21.560001 1.7275304706097088 3.627735040887772 0.26669234696467664 18.958922501311548 1.0
254.47085642113 -44.80461176147 0.0214 0.015 1.1261 "" "" 5964099274972250240 1129.95984 0.8439 0.0253 1.953 -3.42 0.032 0.024 1.02 6607.1 3.9503 14.636236 1.304399 15.209816 13.905417 16.5 9.48 1097.4176 1173.63245 26330.07704 12.94 11259.0 19.439 21727.0 40.382 "" "" 0.0028065113653303816 0.0033613998 0.0042843767 0.0076457765 254.47085642113 -44.80461176147 1129.95984 1.9530000000000005 -3.419999999999999 0.27377777385711677 -0.017466707229614187 0.15434812 0.14634812 15.860000000000001 20.529999 1.469337616219816 15.927917410334553 0.22674307786126188 20.442468572524344 1.0
