Clusters/NGC_6249/NGC_6249_stars_in_region.tsv
# %ECSV 1.0
# ---
# datatype:
# - name: RA_ICRS_1
#   unit: deg
#   datatype: float64
#   format: '{:15.11f}'
#   description: Right ascension (ICRS) at Ep=2016.0 (ra)
#   meta: !!omap
#   - {ucd: POS_EQ_RA_MAIN}
#   - {width: 15}
#   - {precision: '11'}
# - name: DE_ICRS_1
#   unit: deg
#   datatype: float64
#   format: '{:15.11f}'
#   description: Declination (ICRS) at Ep=2016.0 (dec)
#   meta: !!omap
#   - {ucd: POS_EQ_DEC_MAIN}
#   - {width: 15}
#   - {precision: '11'}
# - name: e_RA_ICRS
#   unit: mas
#   datatype: float64
#   format: '{:7.4f}'
#   description: Standard error of right ascension (ra_error)
#   meta: !!omap
#   - {ucd: ERROR}
#   - {width: 7}
#   - {precision: '4'}
# - name: e_DE_ICRS
#   unit: mas
#   datatype: float64
#   format: '{:7.4f}'
#   description: Standard error of declination (dec_error)
#   meta: !!omap
#   - {ucd: ERROR}
#   - {width: 7}
#   - {precision: '4'}
# - name: _r_1
#   unit: ''
#   datatype: float64
#   format: '{:7.4f}'
#   description: Distance from center (254.44481025000-44.80789535000)[ICRS], at Epoch=J2016.0
#   meta: !!omap
#   - {ucd: POS_ANG_DIST_GENERAL}
#   - {width: 7}
#   - {precision: '4'}
# - name: HIP
#   datatype: int32
#   description: '? HIP cross-id number, van Leeuwen, Cat. I/311 (hip_original_ext_source_id)'
#   meta: !!omap
#   - {ucd: ID_NUMBER}
#   - {width: 6}
#   - values: {'null': -2147483648}
# - name: TYC2
#   datatype: string
#   description: Tycho-2 cross-id name, Hog et al., Cat. I/259 (tyc2_original_ext_source_id)
#   meta: !!omap
#   - {ucd: ID_CROSSID}
#   - {_votable_string_dtype: char}
# - name: Source
#   datatype: int64
#   description: Source identifier, identical to the Gaia-EDR3 source_id (id)
#   meta: !!omap
#   - {ucd: ID_MAIN}
#   - {width: 19}
# - name: rgeo
#   unit: pc
#   datatype: float64
#   format: '{:15.8f}'
#   description: '? Median of the geometric distance posterior (r_med_geo)'
#   meta: !!omap
#   - {ucd: PHYS_DISTANCE_TRUE}
#   - {width: 15}
#   - {precision: '8'}
#   - values: {'null': .nan}
# - name: Plx
#   unit: mas
#   datatype: float64
#   format: '{:9.4f}'
#   description: '? Parallax (parallax)'
#   meta: !!omap
#   - {ucd: POS_PARLX_TRIG}
#   - {width: 9}
#   - {precision: '4'}
#   - values: {'null': .nan}
# - name: e_Plx
#   unit: mas
#   datatype: float32
#   format: '{:7.4f}'
#   description: '? Standard error of parallax (parallax_error)'
#   meta: !!omap
#   - {ucd: ERROR}
#   - {width: 7}
#   - {precision: '4'}
#   - values: {'null': .nan}
# - name: pmRA
#   unit: mas / yr
#   datatype: float64
#   format: '{:9.3f}'
#   description: '? Proper motion in right ascension direction, pmRA*cosDE (pmra)'
#   meta: !!omap
#   - {ucd: POS_EQ_PMRA}
#   - {width: 9}
#   - {precision: '3'}
#   - values: {'null': .nan}
# - name: pmDE
#   unit: mas / yr
#   datatype: float64
#   format: '{:9.3f}'
#   description: '? Proper motion in declination direction (pmdec)'
#   meta: !!omap
#   - {ucd: POS_EQ_PMDEC}
#   - {width: 9}
#   - {precision: '3'}
#   - values: {'null': .nan}
# - name: e_pmRA
#   unit: mas / yr
#   datatype: float32
#   format: '{:6.3f}'
#   description: '? Standard error of proper motion in right ascension direction (pmra_error)'
#   meta: !!omap
#   - {ucd: ERROR}
#   - {width: 6}
#   - {precision: '3'}
#   - values: {'null': .nan}
# - name: e_pmDE
[...]
#         unit: &id001 !astropy.units.Unit {unit: deg}
#         value: !astropy.table.SerializedColumn {name: SkyCoord.dec}
#       distance: !astropy.table.SerializedColumn
#         __class__: astropy.coordinates.distances.Distance
#         unit: !astropy.units.Unit {unit: pc}
#         value: !astropy.table.SerializedColumn {name: SkyCoord.distance}
#       frame: icrs
#       obstime: !astropy.time.Time {format: jyear_str, in_subfmt: '*', jd1: 367701545.0, jd2: 0.0, out_subfmt: '*', precision: 3, scale: tt}
#       pm_dec: !astropy.table.SerializedColumn
#         __class__: astropy.units.quantity.Quantity
#         unit: !astropy.units.Unit {unit: mas / yr}
#         value: !astropy.table.SerializedColumn {name: SkyCoord.pm_dec}
#       pm_ra_cosdec: !astropy.table.SerializedColumn
#         __class__: astropy.units.quantity.Quantity
#         unit: !astropy.units.Unit {unit: mas / yr}
#         value: !astropy.table.SerializedColumn {name: SkyCoord.pm_ra_cosdec}
#       ra: !astropy.table.SerializedColumn
#         __class__: astropy.coordinates.angles.Longitude
#         unit: *id001
#         value: !astropy.table.SerializedColumn {name: SkyCoord.ra}
#         wrap_angle: !astropy.coordinates.Angle
#           unit: *id001
#           value: 360.0
#       representation_type: spherical
# schema: astropy-2.0
RA_ICRS_1 DE_ICRS_1 e_RA_ICRS e_DE_ICRS _r_1 HIP TYC2 Source rgeo Plx e_Plx pmRA pmDE e_pmRA e_pmDE RUWE Teff logg Gmag BP-RP BPmag RPmag RV e_RV b_rgeo B_rgeo FG e_FG FBP e_FBP FRP e_FRP RAVE5 RAVE6 e_Gmag e_BPmag e_RPmag e_BP-RP SkyCoord.ra SkyCoord.dec SkyCoord.distance SkyCoord.pm_ra_cosdec SkyCoord.pm_dec
[from data line 1609]
254.53870653255 -44.38962210574 0.0418 0.0287 25.415 "" "" 5964487196413451008 1432.75061 0.6823 0.0475 -5.563 -5.812 0.058 0.048 1.038 5348.6 4.2306 16.218115 1.769468 17.07572 15.306252 "" "" 1350.3783 1526.47778 6133.38878 2.9146 2019.0 6.0389 5979.4 8.295 "" "" 0.0028032102719763854 0.0042814882 0.0040684603 0.008349949 254.53870653255 -44.38962210574 1432.75061 -5.563000000000001 -5.812000000000001
254.7263410858 -44.61441788527 0.049 0.0333 16.6993 "" "" 5964475136144416512 1231.70093 0.7924 0.0549 4.203 -7.415 0.07 0.052 1.121 4648.5 4.3224 16.218575 1.651981 16.955887 15.303906 "" "" 1169.22339 1311.37683 6130.79955 3.2659 2254.6 8.1287 5992.3 17.282 "" "" 0.0028153699357989248 0.0048071123 0.0049080313 0.009715144 254.7263410858 -44.61441788527 1231.70093 4.203 -7.414999999999999
254.9332372855 -44.73418217585 0.0479 0.0313 21.2697 "" "" 5964459021424971008 1152.79883 0.8482 0.0512 -3.113 -5.888 0.073 0.052 1.087 4921.1 4.3231 16.218866 1.545186 16.903456 15.35827 "" "" 1081.14673 1227.56311 6129.14627 2.8278 2366.1 8.6437 5699.7 9.2797 "" "" 0.002800484889933948 0.0048494297 0.004172344 0.009021774 254.9332372855 -44.73418217585 1152.79883 -3.1130000000000004 -5.887999999999999
254.11278482559 -44.92079589898 0.0438 0.0303 15.6608 "" "" 5964116008166204544 1162.37549 0.8244 0.0474 0.904 -1.75 0.063 0.051 1.031 5108.9 4.2921 16.220385 1.694178 17.027767 15.33359 "" "" 1108.6095 1236.33545 6120.57954 2.5972 2110.1 9.1505 5830.7 10.619 "" "" 0.002793573407621732 0.005472964 0.004265408 0.009738373 254.11278482559 -44.92079589898 1162.37549 0.9040000000000002 -1.75
254.67498402829 -44.3580492406 0.0449 0.0287 28.7272 "" "" 5964485272268080512 1402.05054 0.6999 0.0473 2.108 -7.17 0.058 0.044 0.971 7425.9 4.3527 16.222162 1.69066 17.024 15.33334 "" "" 1299.77295 1501.10413 6110.56881 2.8093 2117.5 7.7776 5832.1 9.0729 "" "" 0.0028001698608168288 0.004867089 0.0041396446 0.009006733 254.67498402829 -44.3580492406 1402.05054 2.1079999999999997 -7.17
254.7634785152 -44.54537997895 0.0408 0.028 20.8073 "" "" 5964481698855140224 1333.19739 0.7239 0.0456 4.922 -9.871 0.058 0.045 1.039 5710.0 4.5033 16.222183 1.456089 16.89271 15.436621 "" "" 1250.05798 1417.01501 6110.45087 2.4094 2389.6 6.6697 5302.9 10.75 "" "" 0.0027883815106662345 0.0041192966 0.0043735695 0.0084928665 254.7634785152 -44.54537997895 1333.19739 4.921999999999999 -9.870999999999999
255.10158855509 -44.70821672089 0.0428 0.0286 28.6141 "" "" 5963713655649410688 1350.78076 0.7272 0.0467 -0.186 -4.43 0.057 0.046 0.978 5147.7 4.3692 16.223444 1.43166 16.873503 15.441843 "" "" 1275.48853 1439.33484 6103.35838 3.5167 2432.3 6.7911 5277.4 10.165 "" "" 0.0028254475738319264 0.004120025 0.0043193945 0.00843942 255.10158855509 -44.70821672089 1350.78076 -0.18599999999999994 -4.43
254.57633657354 -44.95574656191 0.0456 0.032 10.4863 "" "" 5964094391568594944 1390.12109 0.7099 0.0526 -8.717 -3.945 0.072 0.057 1.012 5576.6 4.4446 16.225342 1.574956 16.914574 15.339618 "" "" 1293.54468 1495.35767 6092.70242 3.078 2342.0 9.3507 5798.4 44.23 "" "" 0.002809386131783814 0.005155252 0.009103547 0.014258798 254.57633657354 -44.95574656191 1390.12109 -8.717000000000002 -3.945
253.91251989701 -44.81257022162 0.0411 0.0288 22.6595 "" "" 5964132157243475072 1328.23975 0.7218 0.0457 -1.079 -5.489 0.063 0.048 0.997 6832.7 4.3502 16.226063 1.499618 16.910282 15.410664 "" "" 1259.09631 1403.60376 6088.65787 2.8035 2351.3 9.986 5431.2 8.8299 "" "" 0.0028003058014498847 0.0053895833 0.004171273 0.009560857 253.91251989701 -44.81257022162 1328.23975 -1.079 -5.489
254.44031879999 -44.98275208626 0.0824 0.0574 10.4931 "" "" 5964091921987540480 1072.03601 0.9468 0.1007 -3.536 -4.204 0.131 0.101 2.046 5780.7 4.6108 16.226187 1.434574 16.822823 15.388248 "" "" 954.502686 1198.60229 6087.96514 7.7913 2548.5 10.417 5544.5 11.197 "" "" 0.0030858598474697483 0.005242179 0.004369361 0.00961154 254.44031879999 -44.98275208626 1072.03601 -3.536000000000001 -4.203999999999999
253.84593249059 -45.06936712308 0.0407 0.0302 29.8844 "" "" 5964122742674445696 1100.74036 0.8872 0.047 -3.1 -2.273 0.058 0.047 1.034 5536.1 4.3359 16.22765 1.611948 16.96365 15.351702 "" "" 1045.75085 1148.46863 6079.76583 2.9887 2238.5 12.471 5734.3 31.231 "" "" 0.002806537846808696 0.006661299 0.0070178933 0.013679192 253.84593249059 -45.06936712308 1100.74036 -3.1000000000000005 -2.2730000000000006
254.95262105445 -44.45419134799 0.042 0.03 30.3401 "" "" 5964494549398122112 1073.81604 0.9075 0.0464 -7.831 -11.678 0.062 0.048 1.024 4677.1 4.3637 16.2279 1.48539 16.913073 15.427683 "" "" 1028.80444 1138.03638 6078.36898 2.6637 2345.2 8.8098 5346.7 11.782 "" "" 0.0027960996226523197 0.004941657 0.004473022 0.009414679 254.95262105445 -44.45419134799 1073.81604 -7.831 -11.678
254.66806392128 -45.07323233907 0.0584 0.0388 18.5298 "" "" 5964076043470132480 1286.7738 0.7729 0.0671 -0.436 -6.389 0.092 0.069 1.391 6153.0 4.4383 16.22866 1.702429 16.94901 15.246582 "" "" 1196.41931 1406.16113 6074.10721 5.0692 2268.9 16.635 6317.2 42.473 "" "" 0.002900487212028219 0.008435172 0.008220171 0.016655343 254.66806392128 -45.07323233907 1286.7738 -0.43599999999999994 -6.388999999999999
254.10010166526 -44.63299993757 0.0505 0.038 18.0579 "" "" 5964151669253075840 1306.02466 0.7486 0.0606 -3.334 -7.048 0.079 0.072 1.081 5802.0 4.3362 16.229332 1.731662 16.953642 15.22198 "" "" 1205.48792 1411.37378 6070.35747 3.6565 2259.2 36.934 6462.0 102.99 "" "" 0.002831872385432208 0.017967861 0.01771215 0.03568001 254.10010166526 -44.63299993757 1306.02466 -3.334 -7.048
253.89168562331 -44.566881166 0.0461 0.0318 27.6735 "" "" 5964159640708255104 1435.43042 0.6896 0.0493 -1.975 -3.629 0.066 0.051 0.959 5659.8 4.5521 16.230047 1.380961 16.845188 15.464227 "" "" 1330.48645 1539.17468 6066.35637 2.5246 2496.6 10.906 5169.7 8.4184 "" "" 0.0027921233536581467 0.0055027106 0.0041724863 0.009675197 253.89168562331 -44.566881166 1435.43042 -1.975 -3.6290000000000004
254.2408291876 -44.72888548188 0.0427 0.0309 9.8982 "" "" 5964148027126553216 1344.21167 0.7358 0.0512 -1.005 -8.311 0.069 0.058 1.033 5567.8 4.56 16.230417 1.453293 16.893267 15.439974 "" "" 1264.8512 1422.76917 6064.29264 2.464 2388.4 9.4061 5286.5 9.3122 "" "" 0.002790412414382475 0.005105714 0.0042357408 0.009341454 254.2408291876 -44.72888548188 1344.21167 -1.0050000000000003 -8.311000000000003
254.88625786326 -44.40218966112 0.0395 0.0278 30.7921 "" "" 5964495580190393216 1374.77502 0.6994 0.0444 -1.089 -3.586 0.056 0.044 0.906 6538.8 4.3826 16.231417 1.42744 16.880371 15.452931 "" "" 1301.46997 1478.78455 6058.70548 2.598 2417.0 6.473 5223.8 10.838 "" "" 0.0027943771150525324 0.004029877 0.0043997727 0.00842965 254.88625786326 -44.40218966112 1374.77502 -1.089 -3.586
254.9295424527 -44.52410603405 0.0433 0.0287 26.7917 "" "" 5964470772456657792 966.769958 1.0076 0.0463 -5.973 -8.801 0.059 0.045 1.001 4713.3 4.527 16.232632 1.295303 16.818329 15.523025 "" "" 928.776428 1018.68622 6051.93546 3.4005 2559.1 8.6428 4897.2 7.7926 "" "" 0.0028220494410443366 0.004607682 0.0041555436 0.008763226 254.9295424527 -44.52410603405 966.769958 -5.973 -8.801000000000002
254.71250201828 -44.72797562847 0.0753 0.0526 12.3703 "" "" 5964461186067084032 1257.70117 0.7941 0.0897 -1.049 -2.208 0.115 0.088 1.68 5679.3 4.6457 16.233137 1.414651 16.79932 15.384669 "" "" 1137.38 1396.9447 6049.11846 9.3216 2604.3 15.679 5562.8 16.202 "" "" 0.0032235171754185113 0.007107189 0.00492785 0.012035038 254.71250201828 -44.72797562847 1257.70117 -1.049 -2.208
254.53683475994 -45.07704656564 0.0462 0.0331 16.6152 "" "" 5964086282664986112 1026.34253 0.9547 0.0527 -10.281 -4.127 0.073 0.054 1.059 4585.6 4.3562 16.234322 1.530897 16.937305 15.406408 "" "" 983.229431 1094.479 6042.52534 3.5799 2293.5 8.3624 5452.5 11.385 "" "" 0.002829408794495683 0.004843205 0.0044071823 0.009250388 254.53683475994 -45.07704656564 1026.34253 -10.281 -4.126999999999999
253.78843383335 -44.99360053513 0.043 0.0293 30.0387 "" "" 5964123601670986368 1406.11633 0.6869 0.0443 1.03 -6.172 0.06 0.045 1.006 5635.4 4.4489 16.234623 1.56285 16.956753 15.393903 "" "" 1308.12903 1488.55579 6040.84661 2.6482 2252.8 10.259 5515.7 13.23 "" "" 0.0027961284742412575 0.005677267 0.004589757 0.010267024 253.78843383335 -44.99360053513 1406.11633 1.0300000000000005 -6.172000000000001
254.63520438813 -45.0086049685 0.0831 0.0578 14.508 "" "" 5964076490144860032 1394.36926 0.7158 0.0995 -2.072 -7.825 0.133 0.099 1.926 6006.4 4.4119 16.236135 1.741367 17.030725 15.289358 "" "" 1255.38599 1632.21021 6032.43392 4.6512 2104.4 8.966 6073.2 13.034 "" "" 0.0028796854658659416 0.005402208 0.0044399705 0.009842178 254.63520438813 -45.0086049685 1394.36926 -2.072 -7.825000000000001
254.28045376776 -44.47703160354 0.0551 0.0318 21.0553 "" "" 5964526469597888000 1312.1853 0.7388 0.0588 -1.139 -6.418 0.084 0.055 1.028 4929.6 4.2914 16.237148 1.654788 17.015755 15.360967 "" "" 1211.22815 1403.98828 6026.80641 3.0188 2133.6 8.5988 5685.5 10.567 "" "" 0.0028084785376059377 0.005189599 0.004284366 0.009473965 254.28045376776 -44.47703160354 1312.1853 -1.1389999999999998 -6.418
254.53514423072 -44.43401144508 0.0496 0.0329 22.7623 "" "" 5964485920782249984 1086.10669 0.8967 0.0565 -4.615 -9.586 0.063 0.052 1.17 4914.6 4.2817 16.237514 1.740764 17.075651 15.334888 "" "" 1022.78979 1167.04724 6024.7738 2.9101 2019.1 6.5415 5823.8 8.971 "" "" 0.0028047854125288372 0.0044898116 0.004132903 0.008622715 254.53514423072 -44.43401144508 1086.10669 -4.615 -9.586000000000002
253.79139758576 -44.87643325521 0.0427 0.03 28.1007 "" "" 5964131019045458816 1151.81909 0.8378 0.0471 -2.382 4.814 0.06 0.046 1.046 5557.9 4.5504 16.241941 1.445517 16.89726 15.451744 "" "" 1103.20178 1220.10205 6000.26273 2.7196 2379.6 7.1941 5229.5 10.439 "" "" 0.002798920895353943 0.004308069 0.004356719 0.008664789 253.79139758576 -44.87643325521 1151.81909 -2.3819999999999997 4.814
254.82278361932 -44.44076323434 0.0409 0.0277 27.3085 "" "" 5964472181206112640 1151.90295 0.8431 0.0456 -0.877 -3.648 0.057 0.045 0.938 6585.8 4.0073 16.243662 2.162076 17.352533 15.190457 "" "" 1105.12451 1215.66711 5990.76491 2.9092 1564.6 7.6864 6652.4 9.6504 "" "" 0.002805312937037792 0.0060195867 0.004094444 0.010114031 254.82278361932 -44.44076323434 1151.90295 -0.8769999999999999 -3.6479999999999997
254.80138479802 -44.87753640733 0.0423 0.0289 15.7346 "" "" 5964084122326157952 1383.42224 0.7032 0.0482 -0.85 -6.599 0.063 0.05 0.968 5311.6 4.3043 16.246141 1.600127 16.98127 15.381143 "" "" 1290.35632 1471.50952 5977.09088 2.6958 2202.5 8.4404 5580.9 18.603 "" "" 0.0027984972168766933 0.0050096777 0.0052327584 0.010242436 254.80138479802 -44.87753640733 1383.42224 -0.85 -6.599
254.2967008732 -45.26215706275 0.0429 0.0303 27.9698 "" "" 5964063609558739968 1259.18262 0.7734 0.0508 -1.597 -4.584 0.061 0.051 0.975 5072.7 4.3834 16.246166 1.562531 16.975729 15.413198 "" "" 1167.61536 1350.12573 5976.96135 2.7443 2213.7 6.3544 5418.5 9.5438 "" "" 0.0028000541781058852 0.004183085 0.004235658 0.008418743 254.2967008732 -45.26215706275 1259.18262 -1.5970000000000002 -4.584
254.44458128386 -44.77010294341 0.0474 0.0329 2.2676 "" "" 5964099515490444672 1282.86572 0.7595 0.0569 -1.25 -4.852 0.068 0.054 1.136 4983.0 4.3895 16.246326 1.487077 16.925825 15.438748 "" "" 1208.59473 1397.03613 5976.0783 3.9388 2317.9 9.4653 5292.5 9.1609 "" "" 0.002846730870049909 0.0052385624 0.004220851 0.009459414 254.44458128386 -44.77010294341 1282.86572 -1.25 -4.852000000000001
254.84368261075 -44.96110133833 0.0456 0.0303 19.2881 "" "" 5964080342754834688 1028.92334 0.9376 0.0527 -3.368 -4.43 0.07 0.053 1.039 6708.1 4.2867 16.246384 2.03287 17.275017 15.242147 "" "" 970.795593 1075.47412 5975.7619 2.9358 1680.4 7.768 6343.1 9.8261 "" "" 0.0028064765876178194 0.005742459 0.0041367332 0.009879192 254.84368261075 -44.96110133833 1028.92334 -3.3679999999999994 -4.430000000000001
254.01645701116 -44.94900622329 0.0421 0.0304 20.0838 "" "" 5964118619506328192 1247.01245 0.7822 0.0474 -3.616 -1.867 0.062 0.052 1.046 5203.6 4.3165 16.24659 1.669366 17.03125 15.361884 "" "" 1166.34595 1329.33105 5974.62641 3.1111 2103.4 9.1773 5680.7 9.0087 "" "" 0.002812725527926305 0.005497787 0.0041531133 0.009650901 254.01645701116 -44.94900622329 1247.01245 -3.6159999999999997 -1.867
253.99146307026 -44.98050814754 0.0425 0.0288 21.8762 "" "" 5964117038957879424 1029.46643 0.9548 0.047 -6.051 -6.045 0.06 0.047 1.017 4934.6 4.3455 16.247074 1.604753 17.00284 15.398087 "" "" 989.434021 1080.34998 5971.96205 2.6804 2159.1 9.8807 5494.4 9.0195 "" "" 0.0027980818619790767 0.0056984765 0.0041785645 0.009877041 253.99146307026 -44.98050814754 1029.46643 -6.051 -6.045
254.76174032429 -44.48186979533 0.0408 0.0276 23.7843 "" "" 5964483416842100352 1260.78027 0.7655 0.0448 -0.275 -8.771 0.057 0.045 0.991 4850.3 4.3488 16.24823 1.520347 16.945992 15.425645 "" "" 1196.31689 1340.08228 5965.61131 2.3735 2275.2 7.1532 5356.7 7.3929 "" "" 0.002788976837113403 0.0044087763 0.0040655965 0.008474372 254.76174032429 -44.48186979533 1260.78027 -0.2749999999999999 -8.771
254.12921709095 -44.48785958319 0.0489 0.0307 23.4564 "" "" 5964155139586874368 1135.95435 0.8706 0.056 -5.926 -3.143 0.064 0.052 0.944 4651.1 4.2952 16.249994 1.731838 17.078588 15.34675 "" "" 1068.88574 1203.60303 5955.9226 2.8347 2013.6 11.955 5760.5 11.522 "" "" 0.002803359107888597 0.0070240977 0.00435888 0.011382978 254.12921709095 -44.48785958319 1135.95435 -5.926000000000001 -3.1430000000000007
254.22448185013 -44.89411078137 0.1236 0.0815 10.7048 "" "" 5964138956144942080 1294.22119 0.8484 0.1394 -1.149 -0.907 0.175 0.14 3.053 4980.6 4.398 16.251408 1.507417 16.894289 15.386872 "" "" 1133.94556 1596.922 5948.17129 16.912 2386.2 10.106 5551.5 10.376 "" "" 0.004137792074027002 0.005378602 0.0042897253 0.009668328 254.22448185013 -44.89411078137 1294.22119 -1.149 -0.907
254.68859728891 -44.98170298703 0.0484 0.0353 14.7011 "" "" 5964082266906450048 1153.01758 0.8797 0.0619 1.626 1.403 0.074 0.063 1.082 6015.5 4.3918 16.251802 1.753625 17.059692 15.306067 "" "" 1071.28674 1243.0271 5946.01372 3.1732 2049.0 15.69 5980.4 15.052 "" "" 0.002815585298351549 0.008769615 0.0046638236 0.013433438 254.68859728891 -44.98170298703 1153.01758 1.626 1.403
254.4117381386 -45.20203945126 0.1864 0.1323 23.6902 "" "" 5964062510047639296 1195.3009 0.9736 0.2193 -2.311 -3.463 0.274 0.23 4.474 7941.5 3.8875 16.253164 1.71731 16.944866 15.227556 "" "" 955.097839 1530.8573 5938.55424 11.031 2277.6 12.259 6428.9 27.559 "" "" 0.0034145556187400268 0.006475807 0.0059954906 0.012471298 254.4117381386 -45.20203945126 1195.3009 -2.3109999999999995 -3.463000000000001
254.53879685712 -44.64442851996 0.0434 0.0301 10.5948 "" "" 5964476922850889088 1317.25305 0.7415 0.0494 -0.605 -1.42 0.064 0.048 1.016 6044.9 4.4559 16.25329 1.421506 16.890972 15.469466 "" "" 1256.33752 1399.47034 5937.86625 2.7421 2393.5 9.0823 5144.8 11.292 "" "" 0.002800568352113103 0.004975804 0.00446794 0.009443744 254.53879685712 -44.64442851996 1317.25305 -0.605 -1.4200000000000002
254.75115723124 -45.15820954102 0.0476 0.0367 24.7147 "" "" 5964074467221423744 1318.89014 0.7466 0.0551 2.434 -19.735 0.066 0.059 1.116 6032.5 4.2766 16.253386 1.820177 16.78881 14.968634 "" "" 1231.33459 1432.20325 5937.35304 7.7066 2629.6 55.171 8160.3 161.47 "" "" 0.0030948072217163993 0.02294981 0.021813646 0.044763453 254.75115723124 -45.15820954102 1318.89014 2.4339999999999993 -19.735000000000003
