Clusters/NGC_6249/NGC_6249_stars_in_region.tsv
# %ECSV 1.0
# ---
# datatype:
# - name: RA_ICRS_1
#   unit: deg
#   datatype: float64
#   format: '{:15.11f}'
#   description: Right ascension (ICRS) at Ep=2016.0 (ra)
#   meta: !!omap
#   - {ucd: POS_EQ_RA_MAIN}
#   - {width: 15}
#   - {precision: '11'}
# - name: DE_ICRS_1
#   unit: deg
#   datatype: float64
#   format: '{:15.11f}'
#   description: Declination (ICRS) at Ep=2016.0 (dec)
#   meta: !!omap
#   - {ucd: POS_EQ_DEC_MAIN}
#   - {width: 15}
#   - {precision: '11'}
# - name: e_RA_ICRS
#   unit: mas
#   datatype: float64
#   format: '{:7.4f}'
#   description: Standard error of right ascension (ra_error)
#   meta: !!omap
#   - {ucd: ERROR}
#   - {width: 7}
#   - {precision: '4'}
# - name: e_DE_ICRS
#   unit: mas
#   datatype: float64
#   format: '{:7.4f}'
#   description: Standard error of declination (dec_error)
#   meta: !!omap
#   - {ucd: ERROR}
#   - {width: 7}
#   - {precision: '4'}
# - name: _r_1
#   unit: ''
#   datatype: float64
#   format: '{:7.4f}'
#   description: Distance from center (254.44481025000-44.80789535000)[ICRS], at Epoch=J2016.0
#   meta: !!omap
#   - {ucd: POS_ANG_DIST_GENERAL}
#   - {width: 7}
#   - {precision: '4'}
# - name: HIP
#   datatype: int32
#   description: '? HIP cross-id number, van Leeuwen, Cat. I/311 (hip_original_ext_source_id)'
#   meta: !!omap
#   - {ucd: ID_NUMBER}
#   - {width: 6}
#   - values: {'null': -2147483648}
# - name: TYC2
#   datatype: string
#   description: Tycho-2 cross-id name, Hog et al., Cat. I/259 (tyc2_original_ext_source_id)
#   meta: !!omap
#   - {ucd: ID_CROSSID}
#   - {_votable_string_dtype: char}
# - name: Source
#   datatype: int64
#   description: Source identifier, identical to the Gaia-EDR3 source_id (id)
#   meta: !!omap
#   - {ucd: ID_MAIN}
#   - {width: 19}
# - name: rgeo
#   unit: pc
#   datatype: float64
#   format: '{:15.8f}'
#   description: '? Median of the geometric distance posterior (r_med_geo)'
#   meta: !!omap
#   - {ucd: PHYS_DISTANCE_TRUE}
#   - {width: 15}
#   - {precision: '8'}
#   - values: {'null': .nan}
# - name: Plx
#   unit: mas
#   datatype: float64
#   format: '{:9.4f}'
#   description: '? Parallax (parallax)'
#   meta: !!omap
#   - {ucd: POS_PARLX_TRIG}
#   - {width: 9}
#   - {precision: '4'}
#   - values: {'null': .nan}
# - name: e_Plx
#   unit: mas
#   datatype: float32
#   format: '{:7.4f}'
#   description: '? Standard error of parallax (parallax_error)'
#   meta: !!omap
#   - {ucd: ERROR}
#   - {width: 7}
#   - {precision: '4'}
#   - values: {'null': .nan}
# - name: pmRA
#   unit: mas / yr
#   datatype: float64
#   format: '{:9.3f}'
#   description: '? Proper motion in right ascension direction, pmRA*cosDE (pmra)'
#   meta: !!omap
#   - {ucd: POS_EQ_PMRA}
#   - {width: 9}
#   - {precision: '3'}
#   - values: {'null': .nan}
# - name: pmDE
#   unit: mas / yr
#   datatype: float64
#   format: '{:9.3f}'
#   description: '? Proper motion in declination direction (pmdec)'
#   meta: !!omap
#   - {ucd: POS_EQ_PMDEC}
#   - {width: 9}
#   - {precision: '3'}
#   - values: {'null': .nan}
# - name: e_pmRA
#   unit: mas / yr
#   datatype: float32
#   format: '{:6.3f}'
#   description: '? Standard error of proper motion in right ascension direction (pmra_error)'
#   meta: !!omap
#   - {ucd: ERROR}
#   - {width: 6}
#   - {precision: '3'}
#   - values: {'null': .nan}
# - name: e_pmDE
[...]
#         unit: &id001 !astropy.units.Unit {unit: deg}
#         value: !astropy.table.SerializedColumn {name: SkyCoord.dec}
#       distance: !astropy.table.SerializedColumn
#         __class__: astropy.coordinates.distances.Distance
#         unit: !astropy.units.Unit {unit: pc}
#         value: !astropy.table.SerializedColumn {name: SkyCoord.distance}
#       frame: icrs
#       obstime: !astropy.time.Time {format: jyear_str, in_subfmt: '*', jd1: 367701545.0, jd2: 0.0, out_subfmt: '*', precision: 3, scale: tt}
#       pm_dec: !astropy.table.SerializedColumn
#         __class__: astropy.units.quantity.Quantity
#         unit: !astropy.units.Unit {unit: mas / yr}
#         value: !astropy.table.SerializedColumn {name: SkyCoord.pm_dec}
#       pm_ra_cosdec: !astropy.table.SerializedColumn
#         __class__: astropy.units.quantity.Quantity
#         unit: !astropy.units.Unit {unit: mas / yr}
#         value: !astropy.table.SerializedColumn {name: SkyCoord.pm_ra_cosdec}
#       ra: !astropy.table.SerializedColumn
#         __class__: astropy.coordinates.angles.Longitude
#         unit: *id001
#         value: !astropy.table.SerializedColumn {name: SkyCoord.ra}
#         wrap_angle: !astropy.coordinates.Angle
#           unit: *id001
#           value: 360.0
#       representation_type: spherical
# schema: astropy-2.0
RA_ICRS_1 DE_ICRS_1 e_RA_ICRS e_DE_ICRS _r_1 HIP TYC2 Source rgeo Plx e_Plx pmRA pmDE e_pmRA e_pmDE RUWE Teff logg Gmag BP-RP BPmag RPmag RV e_RV b_rgeo B_rgeo FG e_FG FBP e_FBP FRP e_FRP RAVE5 RAVE6 e_Gmag e_BPmag e_RPmag e_BP-RP SkyCoord.ra SkyCoord.dec SkyCoord.distance SkyCoord.pm_ra_cosdec SkyCoord.pm_dec
[from data line 1284]
254.39767802356 -44.9339264953 0.0374 0.0257 7.8229 "" "" 5964092329979809408 1357.13306 0.7021 0.0427 -0.637 -5.575 0.053 0.043 0.967 5944.4 4.3529 15.854401 1.419286 16.428446 15.00916 "" "" 1270.11633 1449.12354 8574.06091 3.3958 3664.7 32.862 7861.3 71.859 "" "" 0.0027886733620575755 0.010127905 0.010619818 0.020747723 254.39767802356 -44.9339264953 1357.13306 -0.6369999999999998 -5.575
253.93246656218 -44.52819073508 0.0376 0.0265 27.561 "" "" 5964165619307022208 1260.71008 0.7631 0.0417 -1.555 3.034 0.058 0.046 0.97 5763.8 4.3278 15.855792 1.525556 16.545301 15.019746 "" "" 1209.81616 1323.21729 8563.07779 3.0413 3290.8 15.207 7785.0 16.949 "" "" 0.002782173281216117 0.0057408987 0.004457718 0.010198617 253.93246656218 -44.52819073508 1260.71008 -1.5549999999999997 3.034
253.79915911884 -44.69597160944 0.0745 0.0511 28.3187 "" "" 5964157136762270976 1039.96716 0.9496 0.081 -0.279 1.081 0.109 0.079 2.163 4723.7 4.4025 15.858948 1.462991 16.51067 15.047679 "" "" 971.033142 1153.25085 8538.22618 6.0864 3397.4 8.9936 7587.3 14.885 "" "" 0.0028619573115576543 0.0040057274 0.00433829 0.008344017 253.79915911884 -44.69597160944 1039.96716 -0.27899999999999997 1.081
253.8818802606 -44.71823674764 0.036 0.0256 24.5776 "" "" 5964156170374390016 1201.04321 0.8013 0.0401 -5.993 -7.089 0.053 0.042 1.003 6325.7 4.095 15.859455 1.450658 16.51791 15.067252 "" "" 1150.18176 1244.71863 8534.2405 2.9605 3374.8 8.5124 7451.7 11.876 "" "" 0.0027809433318831574 0.003909599 0.0041566705 0.00806627 253.8818802606 -44.71823674764 1201.04321 -5.993000000000001 -7.089000000000001
254.74214874258 -45.2622846708 0.0362 0.025 30.0372 "" "" 5964069308957475584 1265.81812 0.746 0.0409 2.054 3.893 0.054 0.043 0.977 6083.3 4.0906 15.860265 1.590731 16.587494 14.996763 "" "" 1204.53564 1331.0625 8527.87197 3.3542 3165.3 10.914 7951.6 18.247 "" "" 0.002788217340008893 0.00466903 0.004526733 0.009195764 254.74214874258 -45.2622846708 1265.81812 2.054 3.8930000000000007
254.25992343865 -45.02989525158 0.0343 0.0262 15.4637 "" "" 5964067664008525952 1359.78528 0.6953 0.0415 -4.868 -0.323 0.052 0.045 0.975 5700.1 4.4808 15.861513 1.313837 16.439135 15.125298 "" "" 1293.66748 1469.94556 8518.07647 3.1778 3628.8 10.029 7063.8 12.241 "" "" 0.00278493364777781 0.00409745 0.004221818 0.008319268 254.25992343865 -45.02989525158 1359.78528 -4.868 -0.32299999999999995
254.89666927847 -44.83388944666 0.0346 0.0241 19.2937 "" "" 5964456822401637376 1210.1239 0.7952 0.0399 -5.511 -10.44 0.047 0.038 1.002 5846.4 4.3132 15.863645 1.537295 16.53629 14.998994 "" "" 1164.19629 1253.45178 8501.36799 3.4618 3318.2 16.809 7935.2 33.283 "" "" 0.0027905657251256493 0.006167267 0.00591796 0.012085227 254.89666927847 -44.83388944666 1210.1239 -5.510999999999999 -10.44
255.1152122656 -44.66055090725 0.1786 0.1235 29.9106 "" "" 5963715304916881152 1140.62476 1.0054 0.2045 -1.443 -3.575 0.265 0.201 4.716 "" "" 15.865232 1.345438 16.395058 15.04962 "" "" 937.514587 1493.32874 8488.94788 11.741 3779.1 15.407 7573.7 19.04 "" "" 0.00313796315367901 0.005232434 0.004661963 0.009894397 255.1152122656 -44.66055090725 1140.62476 -1.443 -3.575
254.18214705386 -44.69824716759 0.2211 0.1685 12.9822 "" "" 5964148340681639424 1072.14331 1.2478 0.2706 -0.71 -1.225 0.363 0.303 6.338 5030.0 4.3227 15.865384 1.858392 16.689001 14.830609 "" "" 832.389587 1454.36072 8487.75691 27.673 2882.8 11.203 9266.5 12.536 "" "" 0.004485809373924601 0.005058443 0.0040547685 0.009113211 254.18214705386 -44.69824716759 1072.14331 -0.71 -1.225
253.86202159443 -44.74019633327 0.0362 0.0246 25.153 "" "" 5964156793176539136 1260.39368 0.757 0.0404 -1.765 -7.345 0.051 0.038 1.028 5883.4 4.321 15.865442 1.44008 16.51397 15.07389 "" "" 1193.57678 1334.49329 8487.30637 2.8531 3387.1 9.5342 7406.3 9.0213 "" "" 0.0027793886478351265 0.004138279 0.004004086 0.008142365 253.86202159443 -44.74019633327 1260.39368 -1.765 -7.344999999999999
253.91240759397 -45.03411024615 0.0337 0.0244 26.3788 "" "" 5964111369601043072 1331.76245 0.7179 0.0414 -6.133 -6.299 0.052 0.042 1.028 5161.7 4.2394 15.865884 1.573292 16.593853 15.020561 "" "" 1248.43811 1404.49219 8483.85542 2.9845 3146.8 7.9156 7779.2 15.468 "" "" 0.0027816672330303843 0.0039043569 0.0043525146 0.008256871 253.91240759397 -45.03411024615 1331.76245 -6.132999999999999 -6.299000000000001
254.15915351491 -45.21234767935 0.0339 0.0241 27.1241 "" "" 5964105700244609920 1282.30237 0.7529 0.0387 -1.571 -2.027 0.049 0.039 1.003 6690.1 4.3007 15.865936 1.545314 16.571072 15.025758 "" "" 1220.69141 1338.82764 8483.44301 3.0089 3213.6 10.099 7742.0 13.401 "" "" 0.00278210030611881 0.0044075944 0.0042208643 0.008628459 254.15915351491 -45.21234767935 1282.30237 -1.5709999999999997 -2.027
254.06813807519 -44.3882153533 0.0361 0.0242 29.8837 "" "" 5964542721754308736 1407.11023 0.6639 0.0422 0.342 -7.127 0.057 0.043 1.009 5430.8 3.8546 15.866637 1.627494 16.629951 15.002458 "" "" 1341.12048 1487.2594 8477.97251 3.2355 3043.9 10.034 7910.0 9.3866 "" "" 0.002786302273625401 0.004538134 0.0039929617 0.008531095 254.06813807519 -44.3882153533 1407.11023 0.3420000000000001 -7.126999999999999
255.00829123552 -44.65998044466 0.0367 0.0242 25.6044 "" "" 5964465343617763840 1190.10693 0.7947 0.0412 1.594 -2.769 0.049 0.038 0.995 5164.0 4.2546 15.866742 1.585919 16.601341 15.015422 "" "" 1134.10144 1258.31165 8477.14869 11.199 3125.2 15.867 7816.1 40.544 "" "" 0.003106305889175288 0.0061783236 0.006782542 0.012960866 255.00829123552 -44.65998044466 1190.10693 1.594 -2.7689999999999997
254.10014253402 -44.68763536125 0.0378 0.0268 16.364 "" "" 5964145557542853376 1344.47961 0.7239 0.0455 1.476 -12.889 0.055 0.051 1.031 5134.7 4.24 15.868466 1.598918 16.619322 15.020404 "" "" 1265.26892 1438.22473 8463.7014 3.4069 3073.9 7.8596 7780.3 11.655 "" "" 0.0027897661658278206 0.003935959 0.004114494 0.008050453 254.10014253402 -44.68763536125 1344.47961 1.475999999999999 -12.889000000000001
255.04788181575 -44.78421193427 0.0326 0.0228 25.7163 "" "" 5964463552597654784 1378.96692 0.6932 0.0376 0.665 -2.308 0.047 0.036 1.034 7211.1 4.3492 15.869428 1.368712 16.478857 15.110145 "" "" 1303.60889 1445.21985 8456.20836 3.0778 3498.4 8.5875 7163.1 8.9972 "" "" 0.002783514393444254 0.0038585062 0.0040178983 0.007876405 255.04788181575 -44.78421193427 1378.96692 0.6649999999999999 -2.308
254.83903751285 -44.55300435009 0.0346 0.0237 22.7322 "" "" 5964469737351200768 1255.08887 0.7646 0.038 -0.947 -4.138 0.05 0.038 0.956 5801.2 4.3128 15.869502 1.383783 16.48673 15.102947 "" "" 1204.62708 1314.25037 8455.63205 2.9648 3473.2 9.989 7210.7 16.197 "" "" 0.0027814952273552745 0.0041875634 0.004497957 0.00868552 254.83903751285 -44.55300435009 1255.08887 -0.9470000000000001 -4.138
255.00001287356 -44.48291164284 0.0361 0.0255 30.6907 "" "" 5964491457003788032 1345.44641 0.7159 0.0405 -15.85 -7.385 0.051 0.04 0.954 6776.4 4.2486 15.872141 1.572426 16.58872 15.016295 "" "" 1281.53723 1406.62427 8435.10651 3.2395 3161.8 9.2686 7809.8 10.379 "" "" 0.002786693188865688 0.0042326134 0.004045457 0.00827807 255.00001287356 -44.48291164284 1345.44641 -15.85 -7.385000000000002
254.47988253999 -44.48294234552 0.04 0.0271 19.5546 "" "" 5964480290105356288 1014.45013 0.9444 0.0455 -4.249 -14.675 0.051 0.042 1.13 4906.1 4.2827 15.872372 1.666396 16.638817 14.972421 "" "" 959.741516 1066.75586 8433.31028 6.114 3019.2 19.18 8131.9 28.285 "" "" 0.0028655501794057517 0.00744031 0.0053428095 0.012783119 254.47988253999 -44.48294234552 1014.45013 -4.248999999999999 -14.675
254.65727478561 -44.63279443418 0.0405 0.0277 13.8717 "" "" 5964474925665483136 1129.11047 0.8519 0.048 -1.033 -2.504 0.065 0.046 1.109 6680.4 4.3541 15.872817 1.557856 16.583326 15.025471 "" "" 1064.72437 1182.78271 8429.85161 3.4588 3177.5 9.2992 7744.1 12.71 "" "" 0.002791100737113356 0.004228652 0.0041784113 0.008407064 254.65727478561 -44.63279443418 1129.11047 -1.033 -2.5040000000000004
254.34206786025 -44.67734742522 0.0361 0.0257 8.9736 "" "" 5964149130943631488 1283.78284 0.7484 0.0438 -0.834 -9.879 0.054 0.042 1.065 6521.0 4.3176 15.87285 1.407248 16.507212 15.099963 "" "" 1231.34546 1346.60779 8429.59204 3.1541 3408.3 8.3459 7230.6 11.617 "" "" 0.0027851083141020583 0.0038540133 0.0041625267 0.00801654 254.34206786025 -44.67734742522 1283.78284 -0.8340000000000001 -9.879
254.33937415404 -44.73407794866 0.0391 0.0274 6.3077 "" "" 5964100541962210176 1036.12659 0.9276 0.0458 -3.803 -8.778 0.062 0.048 1.043 "" "" 15.873522 1.456245 16.52542 15.069174 "" "" 995.59375 1074.47498 8424.38325 3.2846 3351.6 7.0026 7438.6 12.895 "" "" 0.002787649393764185 0.0035959652 0.004222111 0.007818076 254.33937415404 -44.73407794866 1036.12659 -3.803 -8.778000000000002
254.8341385698 -44.97386159342 0.0392 0.0266 19.3142 "" "" 5964080304077968128 1060.02808 0.9097 0.0471 3.914 -7.357 0.061 0.046 1.102 4794.4 4.2517 15.873825 1.307167 16.440168 15.133001 "" "" 1010.32648 1116.99658 8422.03039 4.5228 3625.3 7.9957 7013.9 12.486 "" "" 0.0028163364313003804 0.0036768545 0.004244934 0.007921789 254.8341385698 -44.97386159342 1060.02808 3.9139999999999997 -7.357000000000001
254.43953000448 -44.76531080496 0.1305 0.0762 2.5649 "" "" 5964099579889454720 962.725403 1.0857 0.1455 -2.285 3.571 0.185 0.129 3.358 "" "" 15.87427 1.526911 16.192532 14.665621 "" "" 868.930237 1152.38782 8418.57519 7.7831 4554.1 19.534 10787.0 21.914 "" "" 0.0029324670167025853 0.0054289373 0.004375936 0.009804873 254.43953000448 -44.76531080496 962.725403 -2.2849999999999997 3.5709999999999997
254.01784384626 -44.99467511285 0.0371 0.0241 21.3275 "" "" 5964116867159164928 1116.0011 0.8649 0.0409 -4.666 -5.728 0.049 0.038 1.013 5382.3 4.2139 15.875047 1.681846 16.669556 14.98771 "" "" 1068.81421 1167.62573 8412.55972 3.4691 2934.9 9.8471 8018.2 19.358 "" "" 0.002791459937460188 0.004588604 0.00459942 0.009188024 254.01784384626 -44.99467511285 1116.0011 -4.6659999999999995 -5.728
254.8070830979 -44.78272627884 0.0359 0.0238 15.4985 "" "" 5964460082264099200 1270.34094 0.7412 0.0422 -1.231 1.189 0.05 0.039 0.975 5963.1 4.3254 15.875977 1.427829 16.518553 15.090724 "" "" 1204.92358 1340.29749 8405.35545 37.882 3372.8 47.215 7292.4 97.874 "" "" 0.00561570059072897 0.015452936 0.015054198 0.030507134 254.8070830979 -44.78272627884 1270.34094 -1.2309999999999999 1.1890000000000003
253.90973278393 -44.97370860888 0.0337 0.0233 24.8253 "" "" 5964117623073477120 1116.11682 0.8613 0.0389 -0.083 0.546 0.049 0.039 1.029 5386.2 4.2196 15.878269 1.693519 16.67804 14.984521 "" "" 1075.99915 1154.87329 8387.62779 3.3064 2912.1 9.2608 8041.7 15.236 "" "" 0.002788363442714069 0.0044392124 0.004302933 0.008742145 253.90973278393 -44.97370860888 1116.11682 -0.08299999999999996 0.546
253.93538111021 -44.90404192826 0.032 0.0228 22.4223 "" "" 5964119684657828608 1028.78735 0.9406 0.0387 -4.125 -4.67 0.048 0.038 1.032 6027.1 4.2336 15.878289 1.449412 16.53684 15.087428 "" "" 984.596313 1066.93274 8387.4721 2.7938 3316.5 9.933 7314.5 9.2058 "" "" 0.002778953069952368 0.004284775 0.004018828 0.008303603 253.93538111021 -44.90404192826 1028.78735 -4.125 -4.669999999999999
254.26007861225 -44.41662003536 0.0381 0.0245 24.767 "" "" 5964527259871916544 1098.31531 0.8779 0.0435 -10.898 -6.053 0.054 0.043 0.947 4919.8 4.1941 15.880124 1.714581 16.695036 14.980455 "" "" 1047.31519 1147.21692 8373.30748 3.1121 2866.8 11.392 8071.9 13.778 "" "" 0.0027847135553737213 0.005138059 0.004209308 0.009347367 254.26007861225 -44.41662003536 1098.31531 -10.898 -6.053000000000001
253.73383852721 -44.86601340908 0.0913 0.0626 30.4499 "" "" 5964130885918760064 1026.47656 0.9354 0.0984 -0.831 -8.01 0.115 0.093 2.789 6009.8 4.4474 15.880409 1.548273 16.541315 14.993042 "" "" 925.765381 1155.77344 8371.10753 8.0143 3302.9 11.698 7978.9 15.823 "" "" 0.002944870568849365 0.0047510085 0.0043496774 0.009100686 253.73383852721 -44.86601340908 1026.47656 -0.8310000000000002 -8.01
253.99567139651 -45.14575284729 0.0327 0.0235 27.8267 "" "" 5964109681646598016 1287.04285 0.7404 0.0382 -0.118 -0.105 0.047 0.038 0.95 5522.7 4.2031 15.880756 1.618655 16.625479 15.006824 "" "" 1231.52173 1351.09973 8368.43038 3.2383 3056.5 9.6648 7878.2 20.087 "" "" 0.0027871687693263227 0.0044239764 0.004684782 0.0091087585 253.99567139651 -45.14575284729 1287.04285 -0.11799999999999998 -0.10499999999999997
254.33196229131 -44.77147230968 0.0363 0.0248 5.2789 "" "" 5964100095285521408 1356.96619 0.7 0.0426 -5.75 -4.586 0.062 0.047 1.047 5146.6 4.3036 15.882085 1.390008 16.500332 15.110324 "" "" 1263.8031 1431.78418 8358.19845 2.8133 3429.9 16.231 7161.9 11.869 "" "" 0.0027794501080988772 0.0058466545 0.004185846 0.010032501 254.33196229131 -44.77147230968 1356.96619 -5.75 -4.585999999999999
254.557402526 -45.30621913536 0.0321 0.0252 30.2779 "" "" 5964049315907987328 1277.724 0.7489 0.0386 1.883 -2.689 0.048 0.041 1.035 6492.2 3.7385 15.882856 1.892751 16.793938 14.901187 "" "" 1220.86023 1334.9823 8352.26273 3.4083 2617.2 6.7507 8683.3 11.791 "" "" 0.0027907145023579657 0.0039532105 0.0040567634 0.008009974 254.557402526 -45.30621913536 1277.724 1.8830000000000002 -2.689
254.69288549581 -45.19658188636 0.049 0.0367 25.586 "" "" 5964072989769917312 1301.09009 0.7375 0.0566 -4.43 -2.956 0.069 0.059 1.67 "" "" 15.883318 1.700363 16.674866 14.974503 "" "" 1206.05249 1368.50037 8348.7164 5.3748 2920.6 7.7251 8116.3 16.56 "" "" 0.0028425986847931996 0.0040040435 0.00438077 0.008384814 254.69288549581 -45.19658188636 1301.09009 -4.43 -2.956
254.03013682854 -45.11082873983 0.0355 0.0244 25.3045 "" "" 5964107246432316032 1392.66418 0.6808 0.0376 -1.092 2.75 0.051 0.039 0.982 6656.0 4.2628 15.883637 1.568119 16.610434 15.042315 "" "" 1315.54956 1474.59351 8346.25802 2.872 3099.2 10.126 7624.9 13.334 "" "" 0.002780534629320972 0.0045132292 0.0042295028 0.008742732 254.03013682854 -45.11082873983 1392.66418 -1.0920000000000003 2.749999999999999
254.76993367211 -44.81304891248 0.0361 0.0243 13.8428 "" "" 5964460395791992960 1432.67102 0.6703 0.0416 1.182 -3.772 0.05 0.039 1.007 6845.1 4.279 15.883728 1.443984 16.522211 15.078227 "" "" 1341.80908 1519.38586 8345.56367 3.1905 3361.5 9.9492 7376.8 29.836 "" "" 0.0027864093913228328 0.004255782 0.0057937535 0.010049535 254.76993367211 -44.81304891248 1432.67102 1.1820000000000002 -3.772
254.4452025352 -44.67048899474 0.0406 0.0254 8.2444 "" "" 5964102401708506624 1134.62317 0.8527 0.0502 1.593 -3.338 0.06 0.046 1.086 5154.1 4.3324 15.884239 1.516867 16.584526 15.067659 "" "" 1060.70667 1213.87708 8341.63217 6.1385 3174.0 11.028 7448.9 14.988 "" "" 0.0028688250827592653 0.0046921014 0.004365351 0.009057453 254.4452025352 -44.67048899474 1134.62317 1.5930000000000002 -3.338
254.77409962429 -44.73675228601 0.0478 0.031 14.6611 "" "" 5964461048649649536 1061.27966 0.915 0.0589 -2.996 -9.523 0.063 0.052 1.254 "" "" 15.885411 1.456492 16.458794 15.002301 "" "" 1000.26276 1135.22595 8332.63047 4.4692 3563.7 18.616 7911.1 55.017 "" "" 0.002816185723943244 0.0063208127 0.008443697 0.01476451 254.77409962429 -44.73675228601 1061.27966 -2.996 -9.523
253.79767097796 -44.72371572134 0.0361 0.0254 28.0266 "" "" 5964133634712078976 1295.10425 0.7446 0.039 -3.056 -4.442 0.052 0.039 0.908 6020.0 4.3691 15.886553 1.365558 16.494444 15.128886 "" "" 1230.00842 1352.6582 8323.87342 3.8587 3448.6 8.003 7040.5 13.091 "" "" 0.002800913314696058 0.0037594563 0.0042847735 0.00804423 253.79767097796 -44.72371572134 1295.10425 -3.0559999999999996 -4.442
