Clusters/NGC_6249/NGC_6249_stars_in_region.tsv
# %ECSV 1.0
# ---
# datatype:
# - name: RA_ICRS_1
#   unit: deg
#   datatype: float64
#   format: '{:15.11f}'
#   description: Right ascension (ICRS) at Ep=2016.0 (ra)
#   meta: !!omap
#   - {ucd: POS_EQ_RA_MAIN}
#   - {width: 15}
#   - {precision: '11'}
# - name: DE_ICRS_1
#   unit: deg
#   datatype: float64
#   format: '{:15.11f}'
#   description: Declination (ICRS) at Ep=2016.0 (dec)
#   meta: !!omap
#   - {ucd: POS_EQ_DEC_MAIN}
#   - {width: 15}
#   - {precision: '11'}
# - name: e_RA_ICRS
#   unit: mas
#   datatype: float64
#   format: '{:7.4f}'
#   description: Standard error of right ascension (ra_error)
#   meta: !!omap
#   - {ucd: ERROR}
#   - {width: 7}
#   - {precision: '4'}
# - name: e_DE_ICRS
#   unit: mas
#   datatype: float64
#   format: '{:7.4f}'
#   description: Standard error of declination (dec_error)
#   meta: !!omap
#   - {ucd: ERROR}
#   - {width: 7}
#   - {precision: '4'}
# - name: _r_1
#   unit: ''
#   datatype: float64
#   format: '{:7.4f}'
#   description: Distance from center (254.44481025000-44.80789535000)[ICRS], at Epoch=J2016.0
#   meta: !!omap
#   - {ucd: POS_ANG_DIST_GENERAL}
#   - {width: 7}
#   - {precision: '4'}
# - name: HIP
#   datatype: int32
#   description: '? HIP cross-id number, van Leeuwen, Cat. I/311 (hip_original_ext_source_id)'
#   meta: !!omap
#   - {ucd: ID_NUMBER}
#   - {width: 6}
#   - values: {'null': -2147483648}
# - name: TYC2
#   datatype: string
#   description: Tycho-2 cross-id name, Hog et al., Cat. I/259 (tyc2_original_ext_source_id)
#   meta: !!omap
#   - {ucd: ID_CROSSID}
#   - {_votable_string_dtype: char}
# - name: Source
#   datatype: int64
#   description: Source identifier, identical to the Gaia-EDR3 source_id (id)
#   meta: !!omap
#   - {ucd: ID_MAIN}
#   - {width: 19}
# - name: rgeo
#   unit: pc
#   datatype: float64
#   format: '{:15.8f}'
#   description: '? Median of the geometric distance posterior (r_med_geo)'
#   meta: !!omap
#   - {ucd: PHYS_DISTANCE_TRUE}
#   - {width: 15}
#   - {precision: '8'}
#   - values: {'null': .nan}
# - name: Plx
#   unit: mas
#   datatype: float64
#   format: '{:9.4f}'
#   description: '? Parallax (parallax)'
#   meta: !!omap
#   - {ucd: POS_PARLX_TRIG}
#   - {width: 9}
#   - {precision: '4'}
#   - values: {'null': .nan}
# - name: e_Plx
#   unit: mas
#   datatype: float32
#   format: '{:7.4f}'
#   description: '? Standard error of parallax (parallax_error)'
#   meta: !!omap
#   - {ucd: ERROR}
#   - {width: 7}
#   - {precision: '4'}
#   - values: {'null': .nan}
# - name: pmRA
#   unit: mas / yr
#   datatype: float64
#   format: '{:9.3f}'
#   description: '? Proper motion in right ascension direction, pmRA*cosDE (pmra)'
#   meta: !!omap
#   - {ucd: POS_EQ_PMRA}
#   - {width: 9}
#   - {precision: '3'}
#   - values: {'null': .nan}
# - name: pmDE
#   unit: mas / yr
#   datatype: float64
#   format: '{:9.3f}'
#   description: '? Proper motion in declination direction (pmdec)'
#   meta: !!omap
#   - {ucd: POS_EQ_PMDEC}
#   - {width: 9}
#   - {precision: '3'}
#   - values: {'null': .nan}
# - name: e_pmRA
#   unit: mas / yr
#   datatype: float32
#   format: '{:6.3f}'
#   description: '? Standard error of proper motion in right ascension direction (pmra_error)'
#   meta: !!omap
#   - {ucd: ERROR}
#   - {width: 6}
#   - {precision: '3'}
#   - values: {'null': .nan}
# - name: e_pmDE
[...]
#         unit: &id001 !astropy.units.Unit {unit: deg}
#         value: !astropy.table.SerializedColumn {name: SkyCoord.dec}
#       distance: !astropy.table.SerializedColumn
#         __class__: astropy.coordinates.distances.Distance
#         unit: !astropy.units.Unit {unit: pc}
#         value: !astropy.table.SerializedColumn {name: SkyCoord.distance}
#       frame: icrs
#       obstime: !astropy.time.Time {format: jyear_str, in_subfmt: '*', jd1: 367701545.0, jd2: 0.0, out_subfmt: '*', precision: 3, scale: tt}
#       pm_dec: !astropy.table.SerializedColumn
#         __class__: astropy.units.quantity.Quantity
#         unit: !astropy.units.Unit {unit: mas / yr}
#         value: !astropy.table.SerializedColumn {name: SkyCoord.pm_dec}
#       pm_ra_cosdec: !astropy.table.SerializedColumn
#         __class__: astropy.units.quantity.Quantity
#         unit: !astropy.units.Unit {unit: mas / yr}
#         value: !astropy.table.SerializedColumn {name: SkyCoord.pm_ra_cosdec}
#       ra: !astropy.table.SerializedColumn
#         __class__: astropy.coordinates.angles.Longitude
#         unit: *id001
#         value: !astropy.table.SerializedColumn {name: SkyCoord.ra}
#         wrap_angle: !astropy.coordinates.Angle
#           unit: *id001
#           value: 360.0
#       representation_type: spherical
# schema: astropy-2.0
RA_ICRS_1 DE_ICRS_1 e_RA_ICRS e_DE_ICRS _r_1 HIP TYC2 Source rgeo Plx e_Plx pmRA pmDE e_pmRA e_pmDE RUWE Teff logg Gmag BP-RP BPmag RPmag RV e_RV b_rgeo B_rgeo FG e_FG FBP e_FBP FRP e_FRP RAVE5 RAVE6 e_Gmag e_BPmag e_RPmag e_BP-RP SkyCoord.ra SkyCoord.dec SkyCoord.distance SkyCoord.pm_ra_cosdec SkyCoord.pm_dec
[from data line 559]
254.38043206788 -45.20915069822 0.0223 0.0175 24.2297 "" "" 5964061101298373760 1006.58264 0.9624 0.0266 -0.718 1.345 0.033 0.03 0.996 "" "" 14.819963 1.337401 15.412488 14.075087 -7.31 9.97 969.659851 1036.38867 22231.12677 5.3225 9341.6 11.284 18583.0 13.868 "" "" 0.002767554857600636 0.0030830284 0.0038652609 0.0069482895 254.38043206788 -45.20915069822 1006.58264 -0.718 1.345
255.00815578191 -44.56328927754 0.0266 0.017 28.1585 "" "" 5964467508281392000 1018.45709 0.9419 0.0255 -3.173 -5.204 0.037 0.027 1.027 6345.8 4.2328 14.82787 1.292969 15.389343 14.096374 "" "" 993.573669 1043.2998 22069.81143 6.1631 9542.9 10.936 18223.0 19.59 "" "" 0.0027719519861541028 0.0030550235 0.003955508 0.0070105316 255.00815578191 -44.56328927754 1018.45709 -3.1729999999999996 -5.204000000000001
254.05656380114 -44.64359760455 0.0584 0.0413 19.2639 "" "" 5964146588334999168 1271.7323 0.768 0.067 -2.81 -0.428 0.085 0.074 2.639 7001.5 3.8937 14.830287 1.579258 15.548396 13.969138 -41.33 6.74 1161.2467 1410.57776 22020.74498 9.458 8242.5 13.528 20488.0 24.379 "" "" 0.002794503767488365 0.0033106562 0.0039940984 0.0073047546 254.05656380114 -44.64359760455 1271.7323 -2.81 -0.4280000000000001
254.38161857758 -44.3279613762 0.025 0.0162 28.9224 "" "" 5964534406697509120 1192.34778 0.797 0.0289 -4.355 -7.798 0.032 0.025 0.955 6541.4 4.0805 14.832501 1.390331 15.455568 14.065237 -48.59 7.28 1148.02808 1230.33936 21975.88185 6.1688 8978.2 13.736 18753.0 12.691 "" "" 0.002772124982482687 0.003247198 0.0038501439 0.007097342 254.38161857758 -44.3279613762 1192.34778 -4.3549999999999995 -7.798
253.86232396448 -44.99164220941 0.0213 0.015 27.0998 "" "" 5964123429869270144 1038.39746 0.9254 0.0254 -5.618 -10.085 0.033 0.025 0.913 5542.3 4.1611 14.833785 1.290752 15.398 14.107247 -40.06 6.21 1012.10876 1059.68567 21949.90207 5.3321 9467.1 11.818 18041.0 14.484 "" "" 0.002767914860495781 0.0031019382 0.0038785997 0.006980538 253.86232396448 -44.99164220941 1038.39746 -5.618 -10.085
253.84834252706 -44.8017793798 0.0226 0.0156 25.3946 "" "" 5964132019804040704 1096.66516 0.87 0.0245 -0.524 -5.129 0.029 0.024 1.008 5514.8 4.13 14.83731 1.405765 15.46815 14.062386 5.97 6.84 1067.21558 1124.53479 21878.76132 5.4667 8874.8 12.831 18802.0 13.944 "" "" 0.0027686432244095286 0.003201424 0.0038642057 0.0070656296 253.84834252706 -44.8017793798 1096.66516 -0.5239999999999999 -5.1290000000000004
254.25642727603 -44.38348976268 0.0242 0.0156 26.706 "" "" 5964531726637935360 1332.31348 0.7032 0.0276 -11.375 -13.739 0.033 0.026 1.006 4746.8 3.3721 14.83871 2.015083 15.861477 13.846394 -2.53 3.2 1294.0426 1376.23291 21850.57078 6.9591 6177.7 10.347 22940.0 18.739 "" "" 0.0027769337958070297 0.0033304607 0.0038820521 0.007212513 254.25642727603 -44.38348976268 1332.31348 -11.375000000000004 -13.739
254.81373984883 -44.40210263681 0.0245 0.0174 29.003 "" "" 5964484069677167616 989.94519 0.9656 0.0283 -4.815 -6.535 0.036 0.029 1.059 6040.2 4.0645 14.842034 1.777405 15.367182 13.589777 "" "" 967.195068 1013.08136 21783.76489 16.829 9739.7 124.58 29057.0 610.29 "" "" 0.0028801643245189917 0.01416511 0.023114996 0.037280105 254.81373984883 -44.40210263681 989.94519 -4.815 -6.535000000000001
254.87340842509 -44.55273642455 0.0228 0.0156 23.8479 "" "" 5964470493266758144 1282.24268 0.7384 0.0247 -0.242 -3.046 0.032 0.025 0.953 5958.4 4.0051 14.843064 1.228317 15.347349 14.119032 "" "" 1243.90771 1328.42017 21763.11055 6.5649 9919.2 33.51 17846.0 74.709 "" "" 0.002774717209836091 0.00460856 0.005911251 0.010519811 254.87340842509 -44.55273642455 1282.24268 -0.242 -3.0460000000000003
254.60323203077 -44.54712589343 0.0512 0.0335 17.0437 "" "" 5964476579253541888 1239.59668 0.7764 0.0589 -0.247 -3.076 0.07 0.052 2.608 6596.3 4.0241 14.8482 1.345919 15.433477 14.087559 -6.56 6.77 1137.11182 1330.41382 21660.4173 9.0371 9162.8 11.887 18371.0 12.478 "" "" 0.0027923086141569274 0.0031255442 0.0038506584 0.0069762026 254.60323203077 -44.54712589343 1239.59668 -0.2469999999999999 -3.076
254.37661960118 -44.6429351179 0.0603 0.04 10.3157 "" "" 5964102710946170368 1335.03088 0.7202 0.073 -1.567 -2.446 0.091 0.068 2.619 8422.0 3.6343 14.848976 1.286531 15.389661 14.10313 "" "" 1235.76245 1499.61841 21644.93925 14.197 9540.1 11.195 18109.0 15.939 "" "" 0.0028458620386007994 0.0030672983 0.003898328 0.006965626 254.37661960118 -44.6429351179 1335.03088 -1.5669999999999997 -2.446
254.11680551307 -44.65245776671 0.0242 0.0177 16.8065 "" "" 5964151604856787072 1229.70667 0.7721 0.028 -1.006 -13.452 0.036 0.032 0.953 5434.3 3.6963 14.84901 1.718384 15.669148 13.950765 "" "" 1196.95618 1266.40991 21644.25804 6.1047 7374.9 12.268 20838.0 17.458 "" "" 0.0027722852381262056 0.0033237098 0.0038873057 0.0072110156 254.11680551307 -44.65245776671 1229.70667 -1.006 -13.452
254.69822771725 -44.88877896491 0.0251 0.016 11.822 "" "" 5964084637722272512 1046.22876 0.9172 0.0289 0.663 -2.799 0.038 0.028 0.982 7619.7 4.2599 14.849278 1.389529 15.472322 14.082793 "" "" 1013.28735 1075.10132 21638.90619 6.1991 8840.7 10.253 18452.0 16.135 "" "" 0.002772820929628975 0.0030611416 0.003896805 0.0069579463 254.69822771725 -44.88877896491 1046.22876 0.6630000000000001 -2.7989999999999995
254.83764976666 -44.70854793178 0.0223 0.015 17.7667 "" "" 5964462182521003776 1400.39746 0.6691 0.0261 -0.028 -1.168 0.032 0.025 0.903 "" "" 14.850224 1.069492 15.296223 14.22673 "" "" 1355.34546 1455.79578 21620.06171 5.189 10397.0 10.752 16161.0 11.492 "" "" 0.002767615301304693 0.0030076148 0.003857435 0.0068650497 254.83764976666 -44.70854793178 1400.39746 -0.02799999999999997 -1.1679999999999997
254.89752546509 -44.43256348507 0.0217 0.0149 29.6807 "" "" 5964495472795562496 1415.9696 0.6678 0.0243 -6.554 -5.135 0.032 0.024 1.033 5072.6 3.5266 14.852046 1.841842 15.753094 13.911252 -38.7 6.15 1368.64929 1461.08875 21583.82845 5.9802 6826.2 10.259 21610.0 16.822 "" "" 0.002771693358828701 0.0032322772 0.0038727315 0.0071050087 254.89752546509 -44.43256348507 1415.9696 -6.554 -5.135000000000001
253.96005043284 -44.53890712286 0.0236 0.0169 26.2351 "" "" 5964164794673283328 1265.72119 0.7545 0.0267 -3.837 -7.134 0.037 0.029 0.966 6275.5 4.09 14.852224 1.366122 15.46163 14.095508 -16.61 7.46 1218.16223 1313.11694 21580.27427 4.6614 8928.2 14.674 18237.0 16.927 "" "" 0.002765282987684599 0.0033120047 0.003911429 0.007223434 253.96005043284 -44.53890712286 1265.72119 -3.8370000000000006 -7.134
254.07559380885 -44.80406156006 0.0217 0.0156 15.7192 "" "" 5964143358518782336 1394.10718 0.6858 0.027 -0.42 0.056 0.034 0.028 0.967 7869.6 3.8095 14.855083 1.482099 15.528565 14.046466 -29.13 9.35 1329.25989 1449.15881 21523.53163 5.2418 8394.4 11.061 19080.0 15.739 "" "" 0.0027679787472122794 0.0031355647 0.003884052 0.0070196167 254.07559380885 -44.80406156006 1394.10718 -0.42 0.05600000000000001
254.37796531081 -45.29828924442 0.0262 0.0175 29.5597 "" "" 5964060345383497472 1137.89136 0.8356 0.0276 -0.458 -0.016 0.034 0.029 1.141 9252.7 4.169 14.856015 1.442069 15.505398 14.063329 "" "" 1101.06677 1180.16333 21505.05951 5.3639 8575.5 14.299 18786.0 13.19 "" "" 0.002768596638016658 0.003326039 0.0038554964 0.0071815355 254.37796531081 -45.29828924442 1137.89136 -0.45799999999999996 -0.015999999999999983
254.84136335959 -44.50622969858 0.0219 0.0152 24.78 "" "" 5964471459651537152 1039.17969 0.9256 0.0251 -4.207 -3.254 0.032 0.025 0.915 7219.3 4.179 14.858945 1.426947 15.495589 14.068643 -60.96 10.78 1010.4104 1064.33618 21447.10187 4.9469 8653.3 11.755 18694.0 18.951 "" "" 0.0027666776637849575 0.0031560108 0.0039363923 0.0070924032 254.84136335959 -44.50622969858 1039.17969 -4.207 -3.2539999999999996
254.68731827143 -45.01207849723 0.0805 0.053 16.0087 "" "" 5964082129461269248 1061.16174 0.9139 0.0901 1.955 -2.346 0.117 0.087 4.056 "" "" 14.859653 1.1915 15.279053 14.087553 "" "" 968.085449 1174.19775 21433.11039 20.595 10563.0 57.327 18371.0 105.77 "" "" 0.0029462217359453946 0.0065196683 0.007304761 0.013824429 254.68731827143 -45.01207849723 1061.16174 1.9549999999999998 -2.346
254.11401972494 -44.41977495612 0.0238 0.0164 27.238 "" "" 5964530695845825664 1431.39722 0.6613 0.0277 -0.596 -4.879 0.038 0.028 0.944 7197.0 3.7954 14.861937 1.502809 15.548242 14.045433 -40.58 8.9 1378.68555 1490.99268 21388.09694 5.2619 8243.7 11.941 19098.0 13.859 "" "" 0.002768237466077662 0.0032028735 0.0038606355 0.007063509 254.11401972494 -44.41977495612 1431.39722 -0.5959999999999999 -4.879
254.59080589125 -44.58251252878 0.0227 0.0151 14.8878 "" "" 5964476128256422912 1021.51398 0.9397 0.0258 -10.059 -13.019 0.032 0.024 0.963 5309.2 4.1457 14.864634 1.429227 15.510156 14.080929 -51.27 5.1 996.218872 1048.28577 21335.03401 5.2157 8538.0 15.987 18484.0 11.413 "" "" 0.0027680752162730334 0.0034522593 0.0038383787 0.007290638 254.59080589125 -44.58251252878 1021.51398 -10.059 -13.019000000000002
254.59736114473 -44.59773814555 0.0253 0.0157 14.1888 "" "" 5964475960778223744 992.290405 0.9692 0.0283 2.645 -0.557 0.035 0.026 1.024 6084.2 4.2807 14.866461 1.114651 15.33665 14.221999 "" "" 968.469116 1019.19733 21299.15882 5.3886 10017.0 12.787 16232.0 13.552 "" "" 0.002768978556195786 0.0031154412 0.0038865698 0.007002011 254.59736114473 -44.59773814555 992.290405 2.644999999999999 -0.5569999999999999
254.19478904813 -44.67721856953 0.0227 0.0172 13.2289 "" "" 5964148409401029504 1142.84143 0.8358 0.0273 -4.088 -7.766 0.037 0.03 0.937 6656.8 3.8424 14.866825 1.602487 15.615595 14.013108 -40.84 13.53 1112.42041 1176.03076 21292.01282 5.1448 7747.8 14.358 19675.0 17.03 "" "" 0.0027677816657508034 0.0034399729 0.003894471 0.0073344437 254.19478904813 -44.67721856953 1142.84143 -4.088 -7.766000000000001
254.59254268648 -44.58785806128 0.0233 0.0151 14.6287 "" "" 5964476025177197440 1120.90039 0.8516 0.0269 -2.898 -1.189 0.033 0.025 1.0 6775.0 4.1421 14.866849 1.303587 15.435304 14.131717 -66.02 9.77 1090.5437 1153.10034 21291.54684 5.2314 9147.4 10.881 17639.0 14.713 "" "" 0.0027682042901611458 0.0030745778 0.003886373 0.006960951 254.59254268648 -44.58785806128 1120.90039 -2.8980000000000006 -1.1889999999999996
253.81490535283 -45.04779904106 0.0216 0.0155 30.384 "" "" 5964122811393954304 964.485779 0.9991 0.0244 -0.542 -2.081 0.031 0.024 0.981 "" "" 14.869459 1.480578 15.544081 14.063503 14.95 5.43 936.560364 988.069641 21240.42424 31.757 8275.3 56.699 18783.0 98.897 "" "" 0.0031979547116683187 0.007945069 0.0068530245 0.014798094 253.81490535283 -45.04779904106 964.485779 -0.542 -2.081
253.83362622558 -44.65051015663 0.0228 0.0167 27.7111 "" "" 5964157652170040704 1338.55322 0.7041 0.0266 -3.899 -8.099 0.033 0.026 0.973 5720.6 3.7191 14.870344 1.332504 15.458349 14.125845 21.52 27.09 1295.03943 1387.92908 21223.10534 5.173 8955.2 12.844 17735.0 14.346 "" "" 0.002768000087922863 0.0031953051 0.0038800864 0.0070753917 253.83362622558 -44.65051015663 1338.55322 -3.899 -8.099000000000002
254.37178292146 -44.6749286801 0.0255 0.0166 8.5636 "" "" 5964102298629304960 1070.9563 0.8932 0.0301 4.813 -2.192 0.039 0.027 0.913 5624.6 3.8636 14.87757 1.395036 15.504132 14.109097 -12.81 8.14 1036.72729 1108.56848 21082.33628 5.2665 8585.5 11.459 18010.0 17.292 "" "" 0.0027686371568634376 0.003144043 0.003920514 0.007064557 254.37178292146 -44.6749286801 1070.9563 4.813 -2.192
254.0152268207 -44.42245333254 0.022 0.0158 29.5206 "" "" 5964167135458053888 1287.69861 0.7386 0.0263 -1.556 -4.219 0.033 0.027 0.907 7193.4 4.0707 14.878105 1.384757 15.484417 14.09966 -42.29 9.81 1244.50977 1342.39099 21071.94098 5.4245 8742.8 17.639 18167.0 19.107 "" "" 0.0027694600227628763 0.003547314 0.0039481255 0.0074954396 254.0152268207 -44.42245333254 1287.69861 -1.556 -4.219000000000001
254.11850646988 -44.92775889256 0.0254 0.0191 15.6288 "" "" 5964115973806463616 986.640625 0.9788 0.0295 1.724 -3.371 0.037 0.031 1.301 5762.1 4.0396 14.878574 1.391121 15.500281 14.10916 32.67 13.42 958.13092 1020.83777 21062.84655 5.7797 8616.0 9.7284 18009.0 13.326 "" "" 0.0027713807001469256 0.0030476078 0.0038638306 0.0069114384 254.11850646988 -44.92775889256 986.640625 1.724 -3.371
253.98636189556 -44.54142300438 0.0266 0.0178 25.2633 "" "" 5964164695916756736 989.177979 0.9688 0.0301 1.572 0.488 0.042 0.031 1.061 5870.7 4.3335 14.880229 1.131593 15.310356 14.178763 "" "" 960.525085 1014.49707 21030.75992 6.8428 10263.0 45.957 16891.0 113.04 "" "" 0.0027778745543538506 0.0056055905 0.0081902305 0.013795821 253.98636189556 -44.54142300438 989.177979 1.5720000000000003 0.488
254.50036689233 -45.1483733335 0.0239 0.0179 20.5643 "" "" 5964085668514962176 968.229248 1.001 0.0287 1.771 -4.761 0.035 0.028 1.061 5881.5 4.248 14.881984 1.16041 15.373175 14.212765 13.58 11.26 940.300842 994.692322 20996.80834 5.8383 9686.1 9.237 16370.0 17.663 "" "" 0.0027718099933408983 0.0029760867 0.003956782 0.0069328686 254.50036689233 -45.1483733335 968.229248 1.771 -4.761
254.62681858081 -44.82438590378 0.0265 0.0171 7.8096 "" "" 5964096762390767360 998.839661 0.9685 0.0326 -1.002 -19.374 0.04 0.03 1.034 6002.8 4.3864 14.883474 1.043195 15.31159 14.268395 "" "" 966.982727 1031.04858 20967.99752 5.5199 10251.0 10.341 15552.0 11.699 "" "" 0.002770105541517143 0.0029974426 0.0038666264 0.006864069 254.62681858081 -44.82438590378 998.839661 -1.0019999999999998 -19.374
254.1553662638 -45.17750396712 0.0214 0.0154 25.3502 "" "" 5964105902075303168 1293.87903 0.7279 0.0234 0.505 -3.359 0.029 0.024 1.008 7997.2 4.0405 14.884132 1.237912 15.393591 14.155679 "" "" 1257.78088 1334.8761 20955.3022 5.7823 9505.6 17.346 17254.0 62.625 "" "" 0.002771560047682539 0.003422059 0.0054601715 0.00888223 254.1553662638 -45.17750396712 1293.87903 0.505 -3.3590000000000004
254.40292298631 -44.81673423369 0.0411 0.0274 1.8601 "" "" 5964098995773787904 1126.2666 0.8465 0.048 0.905 -3.903 0.065 0.047 1.632 5405.1 4.2612 14.887922 1.077125 15.328343 14.251219 "" "" 1061.70581 1186.71716 20882.27271 11.216 10094.0 17.472 15800.0 21.266 "" "" 0.002816355794558533 0.003364066 0.0040520686 0.0074161347 254.40292298631 -44.81673423369 1126.2666 0.905 -3.9029999999999996
253.97036259788 -45.11553307401 0.0229 0.0161 27.3208 "" "" 5964109960851673216 1056.94946 0.9133 0.0248 -3.011 -8.837 0.033 0.026 1.011 6469.1 4.085 14.888104 1.526932 15.589165 14.062233 -25.38 6.6 1028.3064 1083.27881 20878.76766 5.0536 7938.7 14.418 18805.0 14.671 "" "" 0.00276782434958063 0.003416628 0.0038731417 0.00728977 253.97036259788 -45.11553307401 1056.94946 -3.011 -8.837
254.60766919469 -44.66225704383 0.0229 0.0153 11.1598 "" "" 5964474105352291456 1204.302 0.7936 0.0263 -0.298 -1.32 0.035 0.026 0.958 6679.1 4.138 14.893625 1.357303 15.497114 14.139812 32.82 16.85 1161.23425 1244.0907 20772.87695 4.7197 8641.1 12.039 17508.0 13.797 "" "" 0.0027663410295253985 0.0031738358 0.0038750204 0.0070488565 254.60766919469 -44.66225704383 1204.302 -0.29799999999999993 -1.3199999999999998
254.51801393438 -44.34005070313 0.1554 0.1031 28.2445 "" "" 5964487436931653376 966.156616 1.1069 0.1731 7.472 -0.949 0.209 0.166 6.984 5285.6 4.647 14.89689 1.198786 15.37317 14.174384 "" "" 826.802612 1112.52893 20710.50743 24.591 9686.1 13.217 16959.0 16.656 "" "" 0.003041996914080952 0.003159107 0.003926933 0.0070860395 254.51801393438 -44.34005070313 966.156616 7.471999999999999 -0.949
254.5154835364 -44.83989016167 0.027 0.0178 3.568 "" "" 5964096079516532480 1147.9093 0.8281 0.0314 1.626 -3.426 0.038 0.029 0.962 6045.6 4.0689 14.899693 1.282348 15.457978 14.175631 "" "" 1104.82959 1191.82727 20657.11823 7.8218 8958.3 13.527 16940.0 21.329 "" "" 0.0027858218488648772 0.0032361813 0.0040190206 0.007255202 254.5154835364 -44.83989016167 1147.9093 1.6259999999999994 -3.4260000000000006
