Clusters/NGC_6249/NGC_6249_members.tsv
# %ECSV 1.0
# ---
# datatype:
# - name: RA_ICRS_1
#   unit: deg
#   datatype: float64
#   format: '{:15.11f}'
#   description: Right ascension (ICRS) at Ep=2016.0 (ra)
#   meta: !!omap
#   - {ucd: POS_EQ_RA_MAIN}
#   - {width: 15}
#   - {precision: '11'}
# - name: DE_ICRS_1
#   unit: deg
#   datatype: float64
#   format: '{:15.11f}'
#   description: Declination (ICRS) at Ep=2016.0 (dec)
#   meta: !!omap
#   - {ucd: POS_EQ_DEC_MAIN}
#   - {width: 15}
#   - {precision: '11'}
# - name: e_RA_ICRS
#   unit: mas
#   datatype: float64
#   format: '{:7.4f}'
#   description: Standard error of right ascension (ra_error)
#   meta: !!omap
#   - {ucd: ERROR}
#   - {width: 7}
#   - {precision: '4'}
# - name: e_DE_ICRS
#   unit: mas
#   datatype: float64
#   format: '{:7.4f}'
#   description: Standard error of declination (dec_error)
#   meta: !!omap
#   - {ucd: ERROR}
#   - {width: 7}
#   - {precision: '4'}
# - name: _r_1
#   unit: ''
#   datatype: float64
#   format: '{:7.4f}'
#   description: Distance from center (254.44481025000-44.80789535000)[ICRS], at Epoch=J2016.0
#   meta: !!omap
#   - {ucd: POS_ANG_DIST_GENERAL}
#   - {width: 7}
#   - {precision: '4'}
# - name: HIP
#   datatype: int32
#   description: '? HIP cross-id number, van Leeuwen, Cat. I/311 (hip_original_ext_source_id)'
#   meta: !!omap
#   - {ucd: ID_NUMBER}
#   - {width: 6}
#   - values: {'null': -2147483648}
# - name: TYC2
#   datatype: string
#   description: Tycho-2 cross-id name, Hog et al., Cat. I/259 (tyc2_original_ext_source_id)
#   meta: !!omap
#   - {ucd: ID_CROSSID}
#   - {_votable_string_dtype: char}
# - name: Source
#   datatype: int64
#   description: Source identifier, identical to the Gaia-EDR3 source_id (id)
#   meta: !!omap
#   - {ucd: ID_MAIN}
#   - {width: 19}
# - name: rgeo
#   unit: pc
#   datatype: float64
#   format: '{:15.8f}'
#   description: '? Median of the geometric distance posterior (r_med_geo)'
#   meta: !!omap
#   - {ucd: PHYS_DISTANCE_TRUE}
#   - {width: 15}
#   - {precision: '8'}
#   - values: {'null': .nan}
# - name: Plx
#   unit: mas
#   datatype: float64
#   format: '{:9.4f}'
#   description: '? Parallax (parallax)'
#   meta: !!omap
#   - {ucd: POS_PARLX_TRIG}
#   - {width: 9}
#   - {precision: '4'}
#   - values: {'null': .nan}
# - name: e_Plx
#   unit: mas
#   datatype: float32
#   format: '{:7.4f}'
#   description: '? Standard error of parallax (parallax_error)'
#   meta: !!omap
#   - {ucd: ERROR}
#   - {width: 7}
#   - {precision: '4'}
#   - values: {'null': .nan}
# - name: pmRA
#   unit: mas / yr
#   datatype: float64
#   format: '{:9.3f}'
#   description: '? Proper motion in right ascension direction, pmRA*cosDE (pmra)'
#   meta: !!omap
#   - {ucd: POS_EQ_PMRA}
#   - {width: 9}
#   - {precision: '3'}
#   - values: {'null': .nan}
# - name: pmDE
#   unit: mas / yr
#   datatype: float64
#   format: '{:9.3f}'
#   description: '? Proper motion in declination direction (pmdec)'
#   meta: !!omap
#   - {ucd: POS_EQ_PMDEC}
#   - {width: 9}
#   - {precision: '3'}
#   - values: {'null': .nan}
# - name: e_pmRA
#   unit: mas / yr
#   datatype: float32
#   format: '{:6.3f}'
#   description: '? Standard error of proper motion in right ascension direction (pmra_error)'
#   meta: !!omap
#   - {ucd: ERROR}
#   - {width: 6}
#   - {precision: '3'}
#   - values: {'null': .nan}
# - name: e_pmDE
[...]
#       distance: !astropy.table.SerializedColumn
#         __class__: astropy.coordinates.distances.Distance
#         unit: !astropy.units.Unit {unit: pc}
#         value: !astropy.table.SerializedColumn {name: SkyCoord.distance}
#       frame: icrs
#       obstime: !astropy.time.Time {format: jyear_str, in_subfmt: '*', jd1: 367701545.0, jd2: 0.0, out_subfmt: '*', precision: 3, scale: tt}
#       pm_dec: !astropy.table.SerializedColumn
#         __class__: astropy.units.quantity.Quantity
#         unit: !astropy.units.Unit {unit: mas / yr}
#         value: !astropy.table.SerializedColumn {name: SkyCoord.pm_dec}
#       pm_ra_cosdec: !astropy.table.SerializedColumn
#         __class__: astropy.units.quantity.Quantity
#         unit: !astropy.units.Unit {unit: mas / yr}
#         value: !astropy.table.SerializedColumn {name: SkyCoord.pm_ra_cosdec}
#       ra: !astropy.table.SerializedColumn
#         __class__: astropy.coordinates.angles.Longitude
#         unit: *id001
#         value: !astropy.table.SerializedColumn {name: SkyCoord.ra}
#         wrap_angle: !astropy.coordinates.Angle
#           unit: *id001
#           value: 360.0
#       representation_type: spherical
# schema: astropy-2.0
RA_ICRS_1 DE_ICRS_1 e_RA_ICRS e_DE_ICRS _r_1 HIP TYC2 Source rgeo Plx e_Plx pmRA pmDE e_pmRA e_pmDE RUWE Teff logg Gmag BP-RP BPmag RPmag RV e_RV b_rgeo B_rgeo FG e_FG FBP e_FBP FRP e_FRP RAVE5 RAVE6 e_Gmag e_BPmag e_RPmag e_BP-RP SkyCoord.ra SkyCoord.dec SkyCoord.distance SkyCoord.pm_ra_cosdec SkyCoord.pm_dec rmRA rmDE e_rmRA e_rmDE rRV e_rRV v_pec v_pec3d e_vpec e_vpec3d Pmemb
[from data line 31]
254.38516237182 -44.73157008118 0.0228 0.0155 5.2371 "" "" 5964100408843671808 1107.68787 0.8652 0.0267 1.479 -3.392 0.033 0.025 0.996 7110.6 4.2719 14.750436 1.191565 15.252276 14.060712 "" "" 1071.1405 1143.75305 23701.30701 5.8992 10827.0 13.61 18831.0 16.41 "" "" 0.0027685406878133756 0.0031060863 0.0038960138 0.0070021003 254.38516237182 -44.73157008118 1107.68787 1.479 -3.392 -0.2002222261428832 0.010533292770385838 0.15534812 0.14734812 "" "" 1.05270860867468 "" 0.1635136589092069 "" 1.0
254.5154835364 -44.83989016167 0.027 0.0178 3.568 "" "" 5964096079516532480 1147.9093 0.8281 0.0314 1.626 -3.426 0.038 0.029 0.962 6045.6 4.0689 14.899693 1.282348 15.457978 14.175631 "" "" 1104.82959 1191.82727 20657.11823 7.8218 8958.3 13.527 16940.0 21.329 "" "" 0.0027858218488648772 0.0032361813 0.0040190206 0.007255202 254.5154835364 -44.83989016167 1147.9093 1.6259999999999994 -3.4260000000000006 -0.05322222614288341 -0.023466707229614414 0.16034812 0.15134811 "" "" 0.316486826799187 "" 0.05029543827598502 "" 1.0
254.45095236595 -44.79116076401 0.0259 0.0181 1.0376 "" "" 5964099476810181888 1182.43018 0.8067 0.031 1.707 -3.349 0.04 0.029 0.958 6569.0 4.152 15.046757 1.229896 15.576119 14.346224 "" "" 1140.17419 1232.67212 18040.31693 6.086 8034.7 17.213 14477.0 32.22 "" "" 0.002779559270956902 0.003632542 0.0044858423 0.0081183845 254.45095236595 -44.79116076401 1182.43018 1.707 -3.3490000000000006 0.027777773857116772 0.05353329277038554 0.16234812 0.15134811 "" "" 0.3380262774623576 "" 0.05197063551869272 "" 1.0
254.47439485513 -44.7671464393 0.0266 0.0185 2.7504 "" "" 5964100786800756096 1138.04785 0.8431 0.0313 1.638 -3.38 0.04 0.03 1.062 6056.9 4.2212 15.151855 1.282009 15.709541 14.427532 "" "" 1093.02515 1187.1781 16375.89575 5.0449 7105.6 17.641 13432.0 29.851 "" "" 0.002775548075945623 0.003879564 0.00448396 0.008363524 254.47439485513 -44.7671464393 1138.04785 1.6379999999999992 -3.38 -0.0412222261428834 0.02253329277038585 0.16234812 0.15234812 "" "" 0.2534207184878042 "" 0.040573376560703374 "" 1.0
254.42173716825 -44.78613026669 0.0419 0.0239 1.6341 "" "" 5964099446770966400 1298.87268 0.7596 0.0469 1.776 -3.28 0.065 0.041 1.378 5523.8 4.2115 15.161809 1.217376 15.661285 14.44391 "" "" 1224.20496 1379.87415 16226.43988 7.267 7428.5 61.394 13231.0 85.137 "" "" 0.002797896490048428 0.0093970215 0.007943093 0.017340114 254.42173716825 -44.78613026669 1298.87268 1.7759999999999998 -3.2799999999999994 0.09677777385711672 0.12253329277038594 0.18734811 0.16334811 "" "" 0.9613130774009009 "" 0.16627093591181097 "" 0.9
254.42344104689 -44.81448572426 0.0284 0.0195 0.9918 "" "" 5964099034454230272 1030.91931 0.9298 0.0337 1.669 -3.439 0.045 0.034 0.982 6669.1 4.3593 15.201459 1.288133 15.763753 14.47562 "" "" 1000.88928 1066.62561 15644.55016 7.1928 6759.5 11.764 12850.0 20.253 "" "" 0.002800173638605865 0.0033697998 0.004148742 0.007518542 254.42344104689 -44.81448572426 1030.91931 1.669 -3.439 -0.010222226142883262 -0.036466707229614315 0.16734812 0.15634811 "" "" 0.1850654008533641 "" 0.029087745588089638 "" 1.0
254.44219747335 -44.82231754385 0.035 0.0274 0.8724 "" "" 5964098965734748672 1140.74609 0.8382 0.0422 1.794 -3.281 0.059 0.05 1.062 6583.0 4.4187 15.385679 1.297826 15.94879 14.650964 "" "" 1089.04248 1208.50635 13203.07407 4.9932 5700.3 16.16 10934.0 15.192 "" "" 0.0027857474649179586 0.0041544074 0.004069331 0.0082237385 254.44219747335 -44.82231754385 1140.74609 1.7939999999999998 -3.2810000000000006 0.11477777385711674 0.1215332927703856 0.18134812 0.17234811 "" "" 0.9038862542768584 "" 0.15966985856214433 "" 0.9
254.39300788992 -44.81698269262 0.0363 0.0242 2.2714 "" "" 5964099652929524224 1218.93616 0.7829 0.0437 1.693 -3.532 0.061 0.043 1.014 5331.4 4.2574 15.556046 1.482489 16.230541 14.748053 "" "" 1154.22351 1288.94324 11285.69815 13.207 4397.4 21.829 9998.6 34.936 "" "" 0.0030341635251859137 0.0060690683 0.005354958 0.011424026 254.39300788992 -44.81698269262 1218.93616 1.6930000000000003 -3.532 0.01377777385711676 -0.1294667072296143 0.18334812 0.16534811 "" "" 0.7522510405709583 "" 0.1245430709695933 "" 1.0
254.46726697451 -44.81691691636 0.0325 0.022 1.0985 "" "" 5964099171893030400 1118.21838 0.8576 0.0386 1.563 -3.407 0.047 0.036 0.987 5779.8 4.3837 15.561772 1.35206 16.165527 14.813467 "" "" 1074.8916 1161.22046 11226.33496 9.9897 4668.8 17.594 9413.9 23.364 "" "" 0.0029197962862666503 0.004952323 0.004641643 0.0095939655 254.46726697451 -44.81691691636 1118.21838 1.5630000000000002 -3.407 -0.11622222614288336 -0.004466707229614286 0.16934812 0.15834811 "" "" 0.6164738506122505 "" 0.1043890109731286 "" 1.0
254.43589920051 -44.80399775346 0.0395 0.0272 0.4456 "" "" 5964099343691880192 1221.31531 0.7844 0.0463 1.79 -3.356 0.062 0.046 1.191 5996.4 4.2032 15.603299 1.410185 16.23494 14.824755 "" "" 1166.3916 1303.60291 10805.05718 5.0697 4379.7 13.014 9316.6 15.283 "" "" 0.0028020175417915448 0.004265371 0.0041780206 0.008443391 254.43589920051 -44.80399775346 1221.31531 1.7900000000000003 -3.356 0.11077777385711673 0.04653329277038587 0.1843481 0.16834812 "" "" 0.6955775579650686 "" 0.12662155413662876 "" 1.0
254.47717829491 -44.78848304845 0.036 0.0252 1.8044 "" "" 5964099309311003264 1127.47546 0.8472 0.0434 1.754 -3.39 0.054 0.041 1.018 "" "" 15.679133 2.149754 16.193644 14.043889 "" "" 1086.34167 1194.26038 10076.12195 14.278 4549.5 309.69 19125.0 1302.1 "" "" 0.003155753478226311 0.07396003 0.07401744 0.14797747 254.47717829491 -44.78848304845 1127.47546 1.7539999999999996 -3.3900000000000006 0.0747777738571167 0.012533292770385618 0.17634812 0.16334811 "" "" 0.4052042555225663 "" 0.07131824276113981 "" 0.9
254.45952372758 -44.85191746851 0.0359 0.0266 2.7145 "" "" 5964098720895806208 1112.46973 0.8882 0.0441 1.649 -3.487 0.063 0.046 0.985 6565.5 4.3679 15.736025 1.394301 16.366241 14.97194 "" "" 1056.77148 1185.14661 9561.73608 5.5532 3880.8 13.732 8135.5 24.168 "" "" 0.0028265532760872176 0.004748117 0.004968581 0.009716698 254.45952372758 -44.85191746851 1112.46973 1.6489999999999987 -3.487 -0.03022222614288328 -0.08446670722961436 0.18534812 0.16834812 "" "" 0.47305401505325095 "" 0.08059082499049817 "" 1.0
254.48149884565 -44.84290936448 0.0419 0.0307 2.6175 "" "" 5964098690838860928 1181.7207 0.8278 0.0519 1.668 -3.304 0.073 0.055 1.037 6008.9 4.3824 16.003212 1.596098 16.668812 15.072714 "" "" 1114.55688 1251.24768 7475.8755 6.6893 2936.9 14.913 7414.3 21.996 "" "" 0.00292157528765497 0.0061789905 0.004965774 0.011144765 254.48149884565 -44.84290936448 1181.7207 1.668000000000001 -3.3039999999999994 -0.011222226142883374 0.09853329277038592 0.19534811 0.1773481 "" "" 0.5554881593338417 "" 0.0986492185116447 "" 1.0
254.451490683 -44.80714202312 0.0539 0.0363 0.2879 "" "" 5964099378051471104 1228.70667 0.8011 0.0629 1.459 -3.457 0.077 0.059 1.001 "" "" 16.495863 1.899984 17.413904 15.51392 "" "" 1127.97266 1320.10559 4748.99284 5.9633 1478.6 10.551 4938.4 24.658 "" "" 0.003074171536275081 0.008234705 0.0066085705 0.014843276 254.451490683 -44.80714202312 1228.70667 1.459 -3.457 -0.22022222614288323 -0.05446670722961411 0.19934812 0.18134812 "" "" 1.3212354873965013 "" 0.26207353001828027 "" 1.0
