Clusters/Ruprecht_120/Ruprecht_120_stars_in_region.tsv
# %ECSV 1.0
# ---
# datatype:
# - name: RA_ICRS_1
#   unit: deg
#   datatype: float64
#   format: '{:15.11f}'
#   description: Right ascension (ICRS) at Ep=2016.0 (ra)
#   meta: !!omap
#   - {ucd: POS_EQ_RA_MAIN}
#   - {width: 15}
#   - {precision: '11'}
# - name: DE_ICRS_1
#   unit: deg
#   datatype: float64
#   format: '{:15.11f}'
#   description: Declination (ICRS) at Ep=2016.0 (dec)
#   meta: !!omap
#   - {ucd: POS_EQ_DEC_MAIN}
#   - {width: 15}
#   - {precision: '11'}
# - name: e_RA_ICRS
#   unit: mas
#   datatype: float64
#   format: '{:7.4f}'
#   description: Standard error of right ascension (ra_error)
#   meta: !!omap
#   - {ucd: ERROR}
#   - {width: 7}
#   - {precision: '4'}
# - name: e_DE_ICRS
#   unit: mas
#   datatype: float64
#   format: '{:7.4f}'
#   description: Standard error of declination (dec_error)
#   meta: !!omap
#   - {ucd: ERROR}
#   - {width: 7}
#   - {precision: '4'}
# - name: _r_1
#   unit: ''
#   datatype: float64
#   format: '{:7.4f}'
#   description: Distance from center (248.78941125000-48.28229576000)[ICRS], at Epoch=J2016.0
#   meta: !!omap
#   - {ucd: POS_ANG_DIST_GENERAL}
#   - {width: 7}
#   - {precision: '4'}
# - name: HIP
#   datatype: int32
#   description: '? HIP cross-id number, van Leeuwen, Cat. I/311 (hip_original_ext_source_id)'
#   meta: !!omap
#   - {ucd: ID_NUMBER}
#   - {width: 6}
#   - values: {'null': -2147483648}
# - name: TYC2
#   datatype: string
#   description: Tycho-2 cross-id name, Hog et al., Cat. I/259 (tyc2_original_ext_source_id)
#   meta: !!omap
#   - {ucd: ID_CROSSID}
#   - {_votable_string_dtype: char}
# - name: Source
#   datatype: int64
#   description: Source identifier, identical to the Gaia-EDR3 source_id (id)
#   meta: !!omap
#   - {ucd: ID_MAIN}
#   - {width: 19}
# - name: rgeo
#   unit: pc
#   datatype: float64
#   format: '{:15.8f}'
#   description: '? Median of the geometric distance posterior (r_med_geo)'
#   meta: !!omap
#   - {ucd: PHYS_DISTANCE_TRUE}
#   - {width: 15}
#   - {precision: '8'}
#   - values: {'null': .nan}
# - name: Plx
#   unit: mas
#   datatype: float64
#   format: '{:9.4f}'
#   description: '? Parallax (parallax)'
#   meta: !!omap
#   - {ucd: POS_PARLX_TRIG}
#   - {width: 9}
#   - {precision: '4'}
#   - values: {'null': .nan}
# - name: e_Plx
#   unit: mas
#   datatype: float32
#   format: '{:7.4f}'
#   description: '? Standard error of parallax (parallax_error)'
#   meta: !!omap
#   - {ucd: ERROR}
#   - {width: 7}
#   - {precision: '4'}
#   - values: {'null': .nan}
# - name: pmRA
#   unit: mas / yr
#   datatype: float64
#   format: '{:9.3f}'
#   description: '? Proper motion in right ascension direction, pmRA*cosDE (pmra)'
#   meta: !!omap
#   - {ucd: POS_EQ_PMRA}
#   - {width: 9}
#   - {precision: '3'}
#   - values: {'null': .nan}
# - name: pmDE
#   unit: mas / yr
#   datatype: float64
#   format: '{:9.3f}'
#   description: '? Proper motion in declination direction (pmdec)'
#   meta: !!omap
#   - {ucd: POS_EQ_PMDEC}
#   - {width: 9}
#   - {precision: '3'}
#   - values: {'null': .nan}
# - name: e_pmRA
#   unit: mas / yr
#   datatype: float32
#   format: '{:6.3f}'
#   description: '? Standard error of proper motion in right ascension direction (pmra_error)'
#   meta: !!omap
#   - {ucd: ERROR}
#   - {width: 6}
#   - {precision: '3'}
#   - values: {'null': .nan}
# - name: e_pmDE
[...]
#         value: !astropy.table.SerializedColumn {name: SkyCoord.dec}
#       distance: !astropy.table.SerializedColumn
#         __class__: astropy.coordinates.distances.Distance
#         unit: !astropy.units.Unit {unit: pc}
#         value: !astropy.table.SerializedColumn {name: SkyCoord.distance}
#       frame: icrs
#       obstime: !astropy.time.Time {format: jyear_str, in_subfmt: '*', jd1: 367701545.0, jd2: 0.0, out_subfmt: '*', precision: 3, scale: tt}
#       pm_dec: !astropy.table.SerializedColumn
#         __class__: astropy.units.quantity.Quantity
#         unit: !astropy.units.Unit {unit: mas / yr}
#         value: !astropy.table.SerializedColumn {name: SkyCoord.pm_dec}
#       pm_ra_cosdec: !astropy.table.SerializedColumn
#         __class__: astropy.units.quantity.Quantity
#         unit: !astropy.units.Unit {unit: mas / yr}
#         value: !astropy.table.SerializedColumn {name: SkyCoord.pm_ra_cosdec}
#       ra: !astropy.table.SerializedColumn
#         __class__: astropy.coordinates.angles.Longitude
#         unit: *id001
#         value: !astropy.table.SerializedColumn {name: SkyCoord.ra}
#         wrap_angle: !astropy.coordinates.Angle
#           unit: *id001
#           value: 360.0
#       representation_type: spherical
# schema: astropy-2.0
RA_ICRS_1 DE_ICRS_1 e_RA_ICRS e_DE_ICRS _r_1 HIP TYC2 Source rgeo Plx e_Plx pmRA pmDE e_pmRA e_pmDE RUWE Teff logg Gmag BP-RP BPmag RPmag RV e_RV b_rgeo B_rgeo FG e_FG FBP e_FBP FRP e_FRP RAVE5 RAVE6 e_Gmag e_BPmag e_RPmag e_BP-RP SkyCoord.ra SkyCoord.dec SkyCoord.distance SkyCoord.pm_ra_cosdec SkyCoord.pm_dec rmRA rmDE e_rmRA e_rmDE rRV e_rRV v_pec v_pec3d e_vpec e_vpec3d
[from data line 1043]
248.70564565424 -48.00521960052 0.0409 0.0238 16.9595 "" "" 5941156384309805696 2436.68286 0.3889 0.0495 -2.069 -5.001 0.056 0.037 0.955 9467.1 4.132 16.191011 1.785089 17.047516 15.262427 "" "" 2194.40967 2688.27905 6288.43234 2.6198 2072.1 7.3841 6225.7 9.6348 "" "" 0.00279220106724728 0.004770227 0.0041360646 0.008906292 248.70564565424 -48.00521960052 2436.68286 -2.069 -5.001 -1.1743749918937683 -2.815874887466431 0.1595971 0.1405971 "" "" 35.23811939500599 "" 5.059171477873386 ""
248.82745387345 -48.08960656715 0.0356 0.0238 11.6611 "" "" 5941144014803294336 2058.27856 0.4748 0.0479 -2.617 -4.573 0.049 0.036 1.015 7284.3 3.6332 16.191517 1.705477 16.99958 15.294104 "" "" 1830.12488 2253.36572 6285.50433 2.5162 2165.6 7.9795 6046.7 6.9147 "" "" 0.0027893907965846456 0.004877458 0.0039781 0.008855558 248.82745387345 -48.08960656715 2058.27856 -2.616999999999999 -4.572999999999997 -1.7223749918937683 -2.387874887466431 0.1525971 0.1395971 "" "" 28.72466828168285 "" 4.141465335812113 ""
249.04668404148 -48.18735041972 0.1192 0.0684 11.7545 "" "" 5941138723403208960 2507.22046 0.4112 0.1316 -2.699 -8.779 0.148 0.101 2.69 5147.6 3.6518 16.19218 2.102799 17.223166 15.120367 "" "" 1956.86548 3451.21338 6281.65811 7.3668 1762.6 8.5245 7096.0 15.17 "" "" 0.0030353036862421335 0.005946236 0.004435233 0.0103814695 249.04668404148 -48.18735041972 2507.22046 -2.699 -8.779 -1.8043749918937682 -6.593874887466431 0.2515971 0.20459712 "" "" 81.24409025158536 "" 16.916273270672864 ""
248.54365330993 -48.35979788366 0.0427 0.0244 10.8519 "" "" 5941121371734443392 1757.78357 0.541 0.0504 -0.29 -1.611 0.053 0.039 1.008 "" "" 16.194138 1.838652 17.091639 15.252987 "" "" 1633.73608 1930.28442 6270.35395 2.6645 1989.6 8.7101 6280.1 8.9367 "" "" 0.0027936804294040884 0.0055115786 0.0040829917 0.009594571 248.54365330993 -48.35979788366 1757.78357 -0.28999999999999965 -1.6109999999999998 0.6046250081062317 0.5741251125335693 0.15659711 0.14259711 "" "" 6.946976458282741 "" 1.0428937587669533 ""
248.6607219214 -48.28291075483 0.0368 0.024 5.1384 "" "" 5941133947399243520 1901.04236 0.4954 0.0463 -4.167 -5.279 0.052 0.037 0.916 "" "" 16.195753 1.69905 16.999165 15.300115 "" "" 1728.96545 2078.09375 6261.025 2.468 2166.5 7.3015 6013.3 9.6223 "" "" 0.0027883609379144073 0.0046015508 0.004159586 0.008761137 248.6607219214 -48.28291075483 1901.04236 -4.166999999999998 -5.279000000000004 -3.272374991893768 -3.0938748874664306 0.1555971 0.1405971 "" "" 40.57975903285576 "" 6.034454048933759 ""
249.09246233852 -48.50458784903 0.0373 0.0237 17.9907 "" "" 5940940673892582656 2477.87231 0.3733 0.0484 -1.719 -5.231 0.051 0.034 1.029 "" "" 16.196552 2.863908 17.82327 14.959363 "" "" 2230.64697 2808.05371 6256.42375 2.775 1014.2 7.4695 8230.3 12.112 "" "" 0.0027970879353940124 0.008469167 0.004103257 0.0125724245 249.09246233852 -48.50458784903 2477.87231 -1.7190000000000007 -5.231 -0.8243749918937684 -3.0458748874664305 0.1545971 0.13759711 "" "" 37.06127727995189 "" 5.1449810187275755 ""
248.6203554103 -48.14505119327 0.0368 0.0235 10.6534 "" "" 5941148206691586432 1803.60364 0.5526 0.0462 -2.467 -4.553 0.054 0.036 1.016 9471.4 3.728 16.197815 1.902149 17.13047 15.228321 "" "" 1648.99878 1960.75403 6249.14662 2.6156 1919.7 8.0494 6424.4 9.6357 "" "" 0.0027925442844306202 0.0053395443 0.0041152867 0.0094548315 248.6203554103 -48.14505119327 1803.60364 -2.4670000000000014 -4.553000000000003 -1.5723749918937684 -2.3678748874664306 0.15759711 0.1395971 "" "" 24.299843645751903 "" 3.5317950914207588 ""
249.03077167312 -48.13957147174 0.0391 0.0247 12.9021 "" "" 5941139440635932160 1988.151 0.4893 0.0482 -2.035 -4.196 0.054 0.037 1.017 9853.2 3.9577 16.200003 1.681566 16.890533 15.208967 "" "" 1803.77576 2201.90625 6236.57256 3.4645 2394.4 16.959 6539.9 15.421 "" "" 0.002820561735521781 0.00818056 0.0045648776 0.012745437 249.03077167312 -48.13957147174 1988.151 -2.035 -4.196 -1.1403749918937685 -2.0108748874664304 0.15759711 0.1405971 "" "" 21.785317612747964 "" 3.157077920954307 ""
248.59345367591 -48.07031107256 0.0394 0.024 14.9414 "" "" 5941149203124183040 1900.67163 0.4924 0.0509 -3.075 -3.177 0.057 0.037 0.946 "" "" 16.202978 1.754124 17.042696 15.288572 "" "" 1748.77991 2054.60498 6219.50235 2.6895 2081.3 6.216 6077.6 7.4955 "" "" 0.0027950356649668645 0.004277833 0.004009582 0.008287415 248.59345367591 -48.07031107256 1900.67163 -3.075 -3.177 -2.1803749918937685 -0.9918748874664307 0.1605971 0.1405971 "" "" 21.580428478080886 "" 3.395649375554327 ""
248.67175693056 -48.2453339507 0.0363 0.0241 5.1964 "" "" 5941135562306955392 2386.66113 0.4006 0.0467 -1.118 -2.334 0.051 0.036 0.959 8600.2 3.4998 16.20303 1.764162 17.04804 15.283878 "" "" 2143.27954 2718.96704 6219.20672 2.5312 2071.1 6.4919 6103.9 9.9101 "" "" 0.0027905299835870043 0.0044008205 0.004170261 0.008571081 248.67175693056 -48.2453339507 2386.66113 -1.1180000000000003 -2.3340000000000014 -0.22337499189376842 -0.14887488746643074 0.1545971 0.1395971 "" "" 3.036802789169107 "" 0.45595520633545483 ""
248.64465580663 -48.34921343771 0.0402 0.0252 7.0344 "" "" 5941133290243308544 2186.47729 0.4252 0.0476 -3.872 -5.643 0.054 0.038 0.966 "" "" 16.204939 1.952976 17.172594 15.219618 "" "" 1945.74316 2411.74683 6208.27526 2.4143 1846.6 7.9135 6476.1 9.2691 "" "" 0.0027874834301029995 0.005425326 0.004086394 0.00951172 248.64465580663 -48.34921343771 2186.47729 -3.8720000000000008 -5.643000000000001 -2.977374991893768 -3.4578748874664305 0.15759711 0.1415971 "" "" 47.29127182703647 "" 7.02841829201772 ""
248.74512602448 -48.18698067543 0.0352 0.0232 5.9865 "" "" 5941135974623957888 2221.88354 0.4386 0.046 -0.886 -2.19 0.048 0.035 0.991 "" "" 16.205437 1.55828 16.917 15.35872 "" "" 1999.26306 2566.94434 6205.43085 2.4883 2336.8 7.902 5697.3 9.0151 "" "" 0.0027895041624157934 0.004611369 0.0041515403 0.008762909 248.74512602448 -48.18698067543 2221.88354 -0.8860000000000007 -2.1900000000000013 0.00862500810623168 -0.004874887466430611 0.15159711 0.1385971 "" "" 0.10434136032717012 "" 0.015500333830555196 ""
248.43430921643 -48.377062494 0.0412 0.0279 15.2638 "" "" 5941120787618914432 2065.46826 0.4493 0.0499 -2.943 -3.863 0.055 0.04 0.968 "" "" 16.208292 2.332228 17.441713 15.109486 "" "" 1858.30908 2301.89014 6189.1317 2.7329 1441.2 5.3729 7167.4 11.169 "" "" 0.0027967186499650706 0.004916194 0.004140807 0.009057 248.43430921643 -48.377062494 2065.46826 -2.9429999999999996 -3.8629999999999995 -2.0483749918937684 -1.6778748874664307 0.15859711 0.1435971 "" "" 25.923287686025876 "" 3.959809105238065 ""
248.96580163912 -48.00118553369 0.0374 0.0248 18.2854 "" "" 5941237645091880704 1714.71411 0.5589 0.0502 -1.01 -2.158 0.05 0.036 1.042 "" "" 16.20888 1.561923 16.79811 15.236186 "" "" 1580.65149 1871.94946 6185.78901 3.6652 2607.2 33.076 6378.0 250.98 "" "" 0.0028294256837045843 0.014053847 0.04289152 0.05694537 248.96580163912 -48.00118553369 1714.71411 -1.01 -2.1580000000000004 -0.11537499189376832 0.027125112533569418 0.1535971 0.1395971 "" "" 0.9633061552655667 "" 0.1472852895267518 ""
248.91131053877 -47.9881984738 0.0417 0.026 18.3085 "" "" 5941237782530873856 2119.02734 0.4466 0.0545 -3.884 -4.097 0.066 0.041 0.996 8265.9 3.8886 16.209871 2.373334 17.473166 15.099832 "" "" 1922.43274 2351.0 6180.13925 2.8432 1400.1 8.9953 7231.5 10.504 "" "" 0.002800229868295407 0.0075129154 0.0040952256 0.011608141 248.91131053877 -47.9881984738 2119.02734 -3.8839999999999995 -4.097 -2.989374991893768 -1.911874887466431 0.1695971 0.14459711 "" "" 35.64148999451328 "" 5.80014922633131 ""
248.74047582708 -48.17797898072 0.0351 0.0233 6.5575 "" "" 5941136008983697280 1926.58252 0.4948 0.0463 -0.887 -3.915 0.048 0.036 0.981 9555.9 3.6519 16.210331 1.787087 17.05248 15.265393 "" "" 1783.62866 2126.47339 6177.52816 2.5813 2062.6 7.6381 6208.7 15.369 "" "" 0.0027924207174460126 0.0048939297 0.004637572 0.009531502 248.74047582708 -48.17797898072 1926.58252 -0.8870000000000002 -3.9150000000000027 0.007625008106231679 -1.7298748874664307 0.15159711 0.1395971 "" "" 15.797372914323873 "" 2.205271335207149 ""
249.18035253213 -48.45507159235 0.0418 0.0274 18.7161 "" "" 5940938371789999488 1737.99438 0.5265 0.0524 1.675 -3.988 0.057 0.039 1.085 7668.9 2.9653 16.21133 3.265301 18.100655 14.835354 "" "" 1580.47229 1889.99768 6171.8373 5.6249 785.52 9.0709 9226.1 40.91 "" "" 0.0029276166905408928 0.012844401 0.006120578 0.01896498 249.18035253213 -48.45507159235 1737.99438 1.6750000000000003 -3.9879999999999987 2.5696250081062315 -1.8028748874664307 0.1605971 0.14259711 "" "" 25.859387582157236 "" 4.005379858737442 ""
249.03572903143 -48.12474655999 0.0379 0.024 13.6522 "" "" 5941139548036977024 2402.75146 0.3969 0.0469 -0.901 -1.926 0.054 0.037 0.95 9250.3 3.7593 16.211355 1.355116 16.807493 15.452377 "" "" 2132.90454 2833.53882 6171.6993 2.319 2584.8 6.6871 5226.5 8.2874 "" "" 0.0027853586586806347 0.0039591575 0.0041530263 0.008112184 249.03572903143 -48.12474655999 2402.75146 -0.901 -1.9259999999999997 -0.006374991893768334 0.2591251125335694 0.15759711 0.1405971 "" "" 2.952079748314239 "" 0.41508605713358854 ""
248.49948052194 -48.33942035784 0.0391 0.0258 12.0668 "" "" 5941122196368190720 2065.77563 0.4667 0.0511 -1.037 0.993 0.052 0.038 0.984 9351.5 3.8446 16.211515 1.953416 17.185682 15.232266 "" "" 1872.95911 2297.91479 6170.78499 2.5321 1824.5 6.9433 6401.1 9.8524 "" "" 0.0027911064499176034 0.004985717 0.0041323625 0.00911808 248.49948052194 -48.33942035784 2065.77563 -1.0370000000000008 0.9930000000000004 -0.14237499189376823 3.178125112533569 0.1555971 0.1415971 "" "" 31.150701927805315 "" 4.411765836724774 ""
248.97638565488 -48.19688646497 0.0466 0.0284 9.0602 "" "" 5941138139287895936 1848.48901 0.5208 0.0528 -1.488 -4.266 0.061 0.042 1.065 9279.8 3.6464 16.211647 1.536665 16.909702 15.373037 "" "" 1677.58813 2046.646 6170.03707 3.7968 2352.5 7.0924 5622.7 11.035 "" "" 0.0028351672397613583 0.0043011215 0.004338689 0.008639811 248.97638565488 -48.19688646497 1848.48901 -1.4879999999999982 -4.266000000000002 -0.5933749918937683 -2.0808748874664307 0.16459711 0.1455971 "" "" 18.959074895707065 "" 2.7890930863617096 ""
248.56413138625 -48.35082661043 0.0449 0.027 9.8847 "" "" 5941121573572524544 1864.70776 0.5008 0.0535 -3.513 -4.506 0.058 0.042 1.078 "" "" 16.212135 1.921241 17.154213 15.232972 "" "" 1724.33728 2133.62256 6167.26108 2.5444 1878.2 6.1635 6396.9 12.764 "" "" 0.0027914937464898577 0.004525447 0.004356269 0.008881716 248.56413138625 -48.35082661043 1864.70776 -3.512999999999999 -4.506 -2.618374991893768 -2.320874887466431 0.1615971 0.1455971 "" "" 30.925838050888615 "" 4.786121453215501 ""
249.11275768088 -48.40572543798 0.0401 0.027 14.8702 "" "" 5940941597265305344 2460.64673 0.3855 0.0532 -2.005 -3.234 0.059 0.039 1.139 9297.6 3.5933 16.216822 1.732664 16.978453 15.245789 "" "" 2164.32715 2946.94531 6140.70003 3.3947 2208.2 7.9622 6321.8 36.023 "" "" 0.00281993777856612 0.0048074285 0.0072498107 0.012057239 249.11275768088 -48.40572543798 2460.64673 -2.005 -3.2340000000000004 -1.1103749918937682 -1.0488748874664306 0.1625971 0.14259711 "" "" 17.81523686584479 "" 2.734484371735159 ""
248.61469818326 -48.08873393874 0.0415 0.0256 13.5545 "" "" 5941149134404710144 2361.97827 0.4239 0.0538 -2.214 -6.047 0.055 0.039 1.077 9254.9 3.5506 16.217506 1.865003 17.114517 15.249515 "" "" 2038.81775 2827.13574 6136.83049 2.7483 1948.1 7.2112 6300.2 10.699 "" "" 0.0027978941733024145 0.0048926068 0.0042051533 0.009097761 248.61469818326 -48.08873393874 2361.97827 -2.2139999999999995 -6.047000000000005 -1.3193749918937683 -3.8618748874664304 0.15859711 0.14259711 "" "" 45.690332198865775 "" 6.595510658731997 ""
248.49071321539 -48.07596693768 0.0412 0.0256 17.2066 "" "" 5941151951903138432 1854.40466 0.5249 0.0512 -1.293 -3.199 0.058 0.038 1.047 9001.7 3.4617 16.217604 1.682851 17.008629 15.325778 "" "" 1713.39526 2071.60254 6136.27699 2.6336 2147.7 8.3518 5872.8 10.762 "" "" 0.0027944460370203793 0.0050607673 0.0042711063 0.009331874 248.49071321539 -48.07596693768 1854.40466 -1.293 -3.199 -0.39837499189376824 -1.0138748874664305 0.1615971 0.1415971 "" "" 9.575098364001848 "" 1.3829547701790925 ""
248.38244280714 -48.36279832783 0.0376 0.0247 16.9397 "" "" 5941123708196698496 2378.99316 0.3904 0.0471 -3.105 -3.872 0.051 0.036 1.056 "" "" 16.218466 1.589601 16.936956 15.347356 "" "" 2147.4231 2682.771 6131.41322 2.4751 2294.2 6.55 5757.3 13.657 "" "" 0.002789961117635838 0.004170592 0.0045735002 0.008744093 248.38244280714 -48.36279832783 2378.99316 -3.105 -3.8720000000000008 -2.2103749918937683 -1.6868748874664306 0.1545971 0.1395971 "" "" 31.35435881237224 "" 4.67969122619488 ""
248.80850741592 -48.0205164739 0.0432 0.0246 15.7253 "" "" 5941144461479666816 1985.66174 0.4815 0.0529 1.061 -2.55 0.054 0.039 1.005 9291.1 3.7992 16.22001 1.549089 16.91801 15.368922 "" "" 1816.56421 2237.17261 6122.69435 3.1439 2334.6 8.5222 5644.0 8.6326 "" "" 0.0028111569853980782 0.0048469855 0.004128135 0.00897512 248.80850741592 -48.0205164739 1985.66174 1.0610000000000002 -2.549999999999999 1.9556250081062316 -0.3648748874664305 0.15759711 0.14259711 "" "" 18.724046667740907 "" 2.9418433597107243 ""
248.71109955638 -48.1158626543 0.0369 0.0239 10.4656 "" "" 5941153944768349824 2435.02856 0.3811 0.0476 -1.761 -4.028 0.052 0.036 0.998 9120.3 3.4425 16.220123 1.416297 16.85181 15.435514 "" "" 2197.35596 2717.92188 6122.05989 2.4115 2481.4 7.9892 5308.3 8.5479 "" "" 0.0027883140821353524 0.00447267 0.004164187 0.008636856 248.71109955638 -48.1158626543 2435.02856 -1.7609999999999997 -4.028 -0.8663749918937682 -1.8428748874664302 0.1555971 0.1395971 "" "" 23.503828220914308 "" 3.3522651503551084 ""
248.58909051835 -48.52956804268 0.043 0.0262 16.8458 "" "" 5941106871923960064 1706.26575 0.5743 0.0504 -0.888 2.786 0.059 0.041 0.978 8203.1 4.3828 16.22093 1.523524 16.919924 15.396399 "" "" 1606.66968 1839.39648 6117.50697 2.5527 2330.5 8.0117 5503.0 12.254 "" "" 0.002792319286808984 0.004660108 0.004486536 0.009146644 248.58909051835 -48.52956804268 1706.26575 -0.8880000000000006 2.7860000000000005 0.006625008106231678 4.971125112533569 0.1625971 0.14459711 "" "" 40.205002561277894 "" 5.813528669177152 ""
248.36186838479 -48.33881473405 0.0368 0.0247 17.3951 "" "" 5941123879995531648 2029.89856 0.4687 0.0473 -1.086 0.847 0.05 0.035 0.974 9425.3 3.6115 16.223034 1.949259 17.191492 15.242233 "" "" 1860.82935 2209.72705 6105.66731 2.4023 1814.8 6.5686 6342.6 8.0643 "" "" 0.0027882393049263416 0.004819567 0.0040236046 0.008843171 248.36186838479 -48.33881473405 2029.89856 -1.0859999999999992 0.8469999999999995 -0.1913749918937684 3.0321251125335693 0.1535971 0.1385971 "" "" 29.232307917208377 "" 4.053346683476603 ""
248.8423214125 -48.38148578824 0.0372 0.0238 6.3145 "" "" 5941129377553922560 2102.41504 0.4592 0.0472 -3.567 -4.125 0.053 0.036 0.999 9206.3 3.5119 16.224396 1.545814 16.931301 15.385488 "" "" 1911.59924 2342.35596 6098.0136 2.5651 2306.2 9.9396 5558.6 10.02 "" "" 0.0027929148085200158 0.00544816 0.004256079 0.00970424 248.8423214125 -48.38148578824 2102.41504 -3.567 -4.125 -2.6723749918937685 -1.9398748874664307 0.15659711 0.1395971 "" "" 32.90816837768404 "" 4.967391435312403 ""
248.90725354416 -48.09205652576 0.0403 0.0302 12.3494 "" "" 5941143082777123584 2440.90649 0.3768 0.0544 -2.477 -2.032 0.054 0.04 1.052 10609.4 3.9863 16.226694 2.804249 17.805979 15.00173 "" "" 2163.80713 2831.50488 6085.12058 3.6762 1030.4 10.065 7915.3 12.119 "" "" 0.002832318323848376 0.010966413 0.0041288193 0.015095232 248.90725354416 -48.09205652576 2440.90649 -2.4769999999999994 -2.032 -1.5823749918937682 0.1531251125335693 0.15759711 0.1435971 "" "" 18.393435702751855 "" 2.896468509965306 ""
