Clusters/Ruprecht_120/Ruprecht_120_stars_in_region.tsv
# %ECSV 1.0
# ---
# datatype:
# - name: RA_ICRS_1
#   unit: deg
#   datatype: float64
#   format: '{:15.11f}'
#   description: Right ascension (ICRS) at Ep=2016.0 (ra)
#   meta: !!omap
#   - {ucd: POS_EQ_RA_MAIN}
#   - {width: 15}
#   - {precision: '11'}
# - name: DE_ICRS_1
#   unit: deg
#   datatype: float64
#   format: '{:15.11f}'
#   description: Declination (ICRS) at Ep=2016.0 (dec)
#   meta: !!omap
#   - {ucd: POS_EQ_DEC_MAIN}
#   - {width: 15}
#   - {precision: '11'}
# - name: e_RA_ICRS
#   unit: mas
#   datatype: float64
#   format: '{:7.4f}'
#   description: Standard error of right ascension (ra_error)
#   meta: !!omap
#   - {ucd: ERROR}
#   - {width: 7}
#   - {precision: '4'}
# - name: e_DE_ICRS
#   unit: mas
#   datatype: float64
#   format: '{:7.4f}'
#   description: Standard error of declination (dec_error)
#   meta: !!omap
#   - {ucd: ERROR}
#   - {width: 7}
#   - {precision: '4'}
# - name: _r_1
#   unit: ''
#   datatype: float64
#   format: '{:7.4f}'
#   description: Distance from center (248.78941125000-48.28229576000)[ICRS], at Epoch=J2016.0
#   meta: !!omap
#   - {ucd: POS_ANG_DIST_GENERAL}
#   - {width: 7}
#   - {precision: '4'}
# - name: HIP
#   datatype: int32
#   description: '? HIP cross-id number, van Leeuwen, Cat. I/311 (hip_original_ext_source_id)'
#   meta: !!omap
#   - {ucd: ID_NUMBER}
#   - {width: 6}
#   - values: {'null': -2147483648}
# - name: TYC2
#   datatype: string
#   description: Tycho-2 cross-id name, Hog et al., Cat. I/259 (tyc2_original_ext_source_id)
#   meta: !!omap
#   - {ucd: ID_CROSSID}
#   - {_votable_string_dtype: char}
# - name: Source
#   datatype: int64
#   description: Source identifier, identical to the Gaia-EDR3 source_id (id)
#   meta: !!omap
#   - {ucd: ID_MAIN}
#   - {width: 19}
# - name: rgeo
#   unit: pc
#   datatype: float64
#   format: '{:15.8f}'
#   description: '? Median of the geometric distance posterior (r_med_geo)'
#   meta: !!omap
#   - {ucd: PHYS_DISTANCE_TRUE}
#   - {width: 15}
#   - {precision: '8'}
#   - values: {'null': .nan}
# - name: Plx
#   unit: mas
#   datatype: float64
#   format: '{:9.4f}'
#   description: '? Parallax (parallax)'
#   meta: !!omap
#   - {ucd: POS_PARLX_TRIG}
#   - {width: 9}
#   - {precision: '4'}
#   - values: {'null': .nan}
# - name: e_Plx
#   unit: mas
#   datatype: float32
#   format: '{:7.4f}'
#   description: '? Standard error of parallax (parallax_error)'
#   meta: !!omap
#   - {ucd: ERROR}
#   - {width: 7}
#   - {precision: '4'}
#   - values: {'null': .nan}
# - name: pmRA
#   unit: mas / yr
#   datatype: float64
#   format: '{:9.3f}'
#   description: '? Proper motion in right ascension direction, pmRA*cosDE (pmra)'
#   meta: !!omap
#   - {ucd: POS_EQ_PMRA}
#   - {width: 9}
#   - {precision: '3'}
#   - values: {'null': .nan}
# - name: pmDE
#   unit: mas / yr
#   datatype: float64
#   format: '{:9.3f}'
#   description: '? Proper motion in declination direction (pmdec)'
#   meta: !!omap
#   - {ucd: POS_EQ_PMDEC}
#   - {width: 9}
#   - {precision: '3'}
#   - values: {'null': .nan}
# - name: e_pmRA
#   unit: mas / yr
#   datatype: float32
#   format: '{:6.3f}'
#   description: '? Standard error of proper motion in right ascension direction (pmra_error)'
#   meta: !!omap
#   - {ucd: ERROR}
#   - {width: 6}
#   - {precision: '3'}
#   - values: {'null': .nan}
# - name: e_pmDE
[...]
#         value: !astropy.table.SerializedColumn {name: SkyCoord.dec}
#       distance: !astropy.table.SerializedColumn
#         __class__: astropy.coordinates.distances.Distance
#         unit: !astropy.units.Unit {unit: pc}
#         value: !astropy.table.SerializedColumn {name: SkyCoord.distance}
#       frame: icrs
#       obstime: !astropy.time.Time {format: jyear_str, in_subfmt: '*', jd1: 367701545.0, jd2: 0.0, out_subfmt: '*', precision: 3, scale: tt}
#       pm_dec: !astropy.table.SerializedColumn
#         __class__: astropy.units.quantity.Quantity
#         unit: !astropy.units.Unit {unit: mas / yr}
#         value: !astropy.table.SerializedColumn {name: SkyCoord.pm_dec}
#       pm_ra_cosdec: !astropy.table.SerializedColumn
#         __class__: astropy.units.quantity.Quantity
#         unit: !astropy.units.Unit {unit: mas / yr}
#         value: !astropy.table.SerializedColumn {name: SkyCoord.pm_ra_cosdec}
#       ra: !astropy.table.SerializedColumn
#         __class__: astropy.coordinates.angles.Longitude
#         unit: *id001
#         value: !astropy.table.SerializedColumn {name: SkyCoord.ra}
#         wrap_angle: !astropy.coordinates.Angle
#           unit: *id001
#           value: 360.0
#       representation_type: spherical
# schema: astropy-2.0
RA_ICRS_1 DE_ICRS_1 e_RA_ICRS e_DE_ICRS _r_1 HIP TYC2 Source rgeo Plx e_Plx pmRA pmDE e_pmRA e_pmDE RUWE Teff logg Gmag BP-RP BPmag RPmag RV e_RV b_rgeo B_rgeo FG e_FG FBP e_FBP FRP e_FRP RAVE5 RAVE6 e_Gmag e_BPmag e_RPmag e_BP-RP SkyCoord.ra SkyCoord.dec SkyCoord.distance SkyCoord.pm_ra_cosdec SkyCoord.pm_dec rmRA rmDE e_rmRA e_rmDE rRV e_rRV v_pec v_pec3d e_vpec e_vpec3d
248.35385460248 -48.39099385823 0.4984 0.3029 18.5561 "" 8329-3255-1 5941123330239569664 2340.41602 1.5876 0.6513 3.776 -0.993 0.687 0.428 32.344 9105.6 3.4403 10.686169 0.442267 10.832771 10.390504 -37.26 3.37 1109.80383 3891.09473 1001104.00038 405.89 634320.0 284.23 553290.0 181.03 "" "" 0.0027902631592838416 0.0028322665 0.0037960403 0.0066283066 248.35385460248 -48.39099385823 2340.41602 3.776 -0.9930000000000001 4.6706250081062315 1.1921251125335695 0.7905971 0.53159714 "" "" 53.47504461119457 "" 41.56283319547489 ""
248.87907715036 -48.47722840988 0.0259 0.0179 12.2296 "" "" 5941127831365625984 2089.32324 0.4566 0.0361 0.658 0.738 0.04 0.027 1.118 3853.2 0.5629 11.379567 3.043707 13.158016 10.114309 13.87 0.18 1945.65552 2264.20215 528591.34213 344.22 74509.0 124.73 713570.0 679.72 "" "" 0.0028445889994555087 0.0033299455 0.0039183367 0.0072482824 248.87907715036 -48.47722840988 2089.32324 0.6579999999999997 0.7380000000000004 1.5526250081062316 2.9231251125335693 0.1435971 0.1305971 "" "" 32.77903847505222 "" 4.378174451256928 ""
249.00395605751 -48.17416835947 0.0267 0.0166 10.7529 "" "" 5941138890880107264 2469.91577 0.4042 0.0326 -3.24 -5.912 0.032 0.024 1.248 18467.3 2.5108 11.801846 2.984653 13.532542 10.54789 -7.07 0.21 2280.7041 2683.80151 358268.034 147.3 52772.0 90.967 478630.0 373.08 "" "" 0.002791246603843218 0.003359732 0.0038729778 0.00723271 249.00395605751 -48.17416835947 2469.91577 -3.2399999999999993 -5.911999999999999 -2.3453749918937685 -3.7268748874664306 0.13559711 0.12759711 "" "" 51.552964967526435 "" 6.697589070692067 ""
249.06090578237 -48.16470505515 0.0297 0.0185 12.9444 "" "" 5941139135720078720 2167.47339 0.4364 0.0363 -0.841 -1.598 0.038 0.026 2.31 7898.3 2.4755 11.84923 1.201039 12.34148 11.140441 -49.47 5.07 2006.84106 2391.50537 342969.0588 145.11 158060.0 95.977 277320.0 93.321 "" "" 0.002793351780549276 0.0028670016 0.003797001 0.0066640023 249.06090578237 -48.16470505515 2167.47339 -0.8409999999999996 -1.5980000000000003 0.05362500810623172 0.5871251125335692 0.1415971 0.1295971 "" "" 6.057127484980692 "" 0.7856150615296504 ""
248.92056934618 -47.98493100539 0.0205 0.0134 18.5988 "" "" 5941237885610086912 2140.04102 0.4594 0.029 -5.805 -3.217 0.031 0.021 1.132 "" "" 11.864363 2.787161 13.441217 10.654057 -91.89 0.25 2008.8772 2269.70459 338221.98373 160.59 57402.0 96.771 434050.0 382.4 "" "" 0.0028031312311426605 0.0033369684 0.00389855 0.0072355187 248.92056934618 -47.98493100539 2140.04102 -5.805 -3.217000000000006 -4.910374991893768 -1.0318748874664307 0.13459711 0.1245971 "" "" 50.897744121686564 "" 6.8299316677930415 ""
248.90775140757 -48.55098217558 0.0251 0.0162 16.7959 "" "" 5941104020065729152 1747.53638 0.569 0.0312 -3.565 -6.364 0.037 0.024 1.242 "" "" 11.967866 3.095007 13.784757 10.68975 -70.22 0.19 1658.49548 1820.83154 307468.4411 84.028 41833.0 64.666 420010.0 186.76 "" "" 0.0027712510811172286 0.0032560544 0.003810092 0.0070661465 248.90775140757 -48.55098217558 1747.53638 -3.5650000000000004 -6.364000000000001 -2.6703749918937683 -4.1788748874664305 0.1405971 0.12759711 "" "" 41.07884747506821 "" 5.401817801010302 ""
248.85741291018 -48.33537229356 0.0207 0.0131 4.184 "" "" 5941131125579199104 2106.06592 0.4741 0.025 -4.165 -6.955 0.026 0.019 1.172 "" "" 12.033207 2.744186 13.578741 10.834555 -30.27 0.22 1995.48669 2234.06909 289510.16256 105.21 50573.0 68.686 367570.0 314.24 "" "" 0.0027834277771111382 0.0031558657 0.0038916962 0.007047562 248.85741291018 -48.33537229356 2106.06592 -4.164999999999999 -6.955 -3.2703749918937683 -4.769874887466431 0.1295971 0.122597106 "" "" 57.73368395906372 "" 7.2096769438015125 ""
248.93619439912 -48.41874716845 0.0112 0.007 10.064 "" "" 5941128312401980544 2145.04907 0.44 0.0142 -1.583 -3.225 0.016 0.011 0.839 "" "" 12.037855 1.101594 12.490011 11.388417 "" "" 2092.22339 2209.30005 288273.51047 133.57 137850.0 175.22 220690.0 234.43 "" "" 0.002800869320465481 0.003112819 0.0039514434 0.0070642624 248.93619439912 -48.41874716845 2145.04907 -1.5829999999999997 -3.2250000000000005 -0.6883749918937683 -1.0398748874664308 0.11959711 0.114597104 "" "" 12.679691423742513 "" 1.4726622041695818 ""
248.91548055016 -48.49031501266 0.0136 0.0092 13.4541 "" "" 5941127659566923136 2106.32642 0.4719 0.0181 -2.821 -3.925 0.02 0.013 1.044 "" "" 12.0653 2.307331 13.285631 10.9783 -14.87 0.24 2032.8761 2195.32471 281078.01746 48.647 66247.0 38.647 321990.0 80.932 "" "" 0.0027617205064178183 0.0028611599 0.0037892216 0.0066503817 248.91548055016 -48.49031501266 2106.32642 -2.8209999999999997 -3.925 -1.9263749918937685 -1.7398748874664305 0.1235971 0.1165971 "" "" 25.916256345648076 "" 3.122975847825258 ""
248.68372846125 -47.98732493232 0.0116 0.0072 18.1972 "" "" 5941156448706910976 1827.55164 0.5257 0.0148 -1.643 -2.494 0.016 0.01 0.892 "" "" 12.109378 1.065585 12.54399 11.478405 "" "" 1781.84082 1870.23987 269895.57185 78.125 131170.0 87.542 203140.0 82.146 "" "" 0.002773186281124571 0.0028827265 0.0038047987 0.006687525 248.68372846125 -47.98732493232 1827.55164 -1.6429999999999998 -2.493999999999999 -0.7483749918937683 -0.3088748874664309 0.11959711 0.1135971 "" "" 7.013325882457856 "" 0.8327809598468272 ""
249.1171821755 -48.25634845574 0.0123 0.0077 13.1827 "" "" 5940950603857261952 2507.63452 0.385 0.0162 -1.875 -2.8 0.017 0.01 1.081 "" "" 12.15111 1.380899 12.755771 11.374872 "" "" 2416.14087 2599.55103 259718.38382 151.64 107920.0 183.83 223460.0 329.16 "" "" 0.00282730361369088 0.0033474548 0.0041038403 0.007451295 249.1171821755 -48.25634845574 2507.63452 -1.875 -2.7999999999999994 -0.9803749918937683 -0.6148748874664305 0.12059711 0.1135971 "" "" 13.755181187454104 "" 1.6322280160068865 ""
248.88112029072 -48.33117840201 0.0244 0.0159 4.6902 "" "" 5941131056859666688 2111.28052 0.4812 0.0321 -3.712 -3.48 0.032 0.023 1.475 "" "" 12.245491 2.697079 13.753138 11.056059 -48.26 0.23 1984.20508 2242.57446 238095.11623 58.501 43069.0 48.514 299730.0 174.34 "" "" 0.002768204413607464 0.003046437 0.003831782 0.0068782186 248.88112029072 -48.33117840201 2111.28052 -3.7119999999999984 -3.4799999999999978 -2.8173749918937685 -1.2948748874664306 0.13559711 0.1265971 "" "" 31.030100398475323 "" 4.160237881541497 ""
248.59446858711 -48.28044112766 0.0228 0.0153 7.7845 "" "" 5941145316151764608 2393.54932 0.4213 0.03 -2.197 1.245 0.031 0.023 1.229 "" "" 12.3187 3.037889 14.095507 11.057618 -65.59 0.44 2219.63086 2601.12085 222570.00177 52.665 31421.0 39.459 299300.0 137.06 "" "" 0.0027672715391593348 0.0031055016 0.003811946 0.006917448 248.59446858711 -48.28044112766 2393.54932 -2.197 1.245 -1.3023749918937684 3.4301251125335694 0.13459711 0.1265971 "" "" 41.62694412252529 "" 5.312959497615559 ""
248.92257760421 -48.28604733027 0.0116 0.0069 5.3216 "" "" 5941131537896003200 1947.86096 0.5027 0.0138 -1.451 -1.788 0.014 0.01 0.945 "" "" 12.401594 1.257494 12.937909 11.680415 "" "" 1903.36694 1991.87903 206209.61269 255.3 91254.0 330.68 168650.0 666.41 "" "" 0.003065727059036709 0.0048233476 0.0057174913 0.010540839 248.92257760421 -48.28604733027 1947.86096 -1.4510000000000005 -1.7880000000000007 -0.5563749918937684 0.3971251125335693 0.1175971 0.1135971 "" "" 6.311263144212277 "" 0.7337627557449566 ""
248.43620732775 -48.10308472559 0.0217 0.0136 17.7539 "" "" 5941150577513603456 2232.90918 0.4501 0.0277 -8.463 -14.34 0.032 0.021 1.113 6692.5 1.7078 12.526428 2.984212 14.258425 11.274213 -9.17 0.26 2100.46143 2379.23071 183812.66506 69.204 27043.0 45.227 245170.0 188.43 "" "" 0.002785477185862685 0.0033289888 0.0038704076 0.0071993964 248.43620732775 -48.10308472559 2232.90918 -8.462999999999997 -14.339999999999993 -7.5683749918937675 -12.15487488746643 0.13559711 0.1245971 "" "" 151.54753437112743 "" 19.362581742276856 ""
248.68459435229 -48.29139386226 0.0114 0.0076 4.2202 "" "" 5941133672521326208 1730.80396 0.5586 0.0147 -1.693 -1.4 0.015 0.011 0.937 "" "" 12.595561 1.133188 13.065898 11.93271 -33.25 11.18 1683.63403 1774.67957 172473.48121 27.661 81107.0 47.486 133680.0 59.705 "" "" 0.002760816932695545 0.0028616646 0.0038103638 0.0066720285 248.68459435229 -48.29139386226 1730.80396 -1.693 -1.4 -0.7983749918937684 0.7851251125335694 0.118597105 0.114597104 "" "" 9.186382474328061 "" 1.0715705196065817 ""
248.431808416 -48.35399117431 0.0331 0.0216 14.9026 "" "" 5941120817655685120 2249.39429 0.4517 0.0413 -3.506 -6.967 0.043 0.03 1.472 "" "" 12.666035 3.258904 14.618567 11.359662 -59.67 1.2 2054.18384 2496.99976 161634.11313 56.952 19408.0 33.895 226620.0 158.58 "" "" 0.002781751612264186 0.0033735058 0.0038549912 0.007228497 248.431808416 -48.35399117431 2249.39429 -3.506000000000001 -6.966999999999999 -2.611374991893768 -4.78187488746643 0.1465971 0.1335971 "" "" 58.092075792138 "" 7.940771385274439 ""
248.73769392703 -48.57555561235 0.02 0.0134 17.7157 "" "" 5941103195431888896 2380.1665 0.415 0.0262 -3.166 -2.966 0.03 0.02 1.238 6312.9 1.7481 12.744416 2.852431 14.373777 11.521346 -26.5 0.41 2234.13916 2517.8728 150376.58475 38.569 24317.0 32.723 195260.0 98.022 "" "" 0.0027693566754149034 0.0031495616 0.003818482 0.0069680437 248.73769392703 -48.57555561235 2380.1665 -3.1659999999999995 -2.966000000000001 -2.2713749918937682 -0.7808748874664309 0.1335971 0.1235971 "" "" 27.09770807170821 "" 3.592499625418889 ""
248.69801006714 -48.56801711255 0.0118 0.008 17.5253 "" "" 5941106111687028864 1828.34265 0.5371 0.0157 -2.567 -5.134 0.017 0.012 0.99 "" "" 12.747389 2.061889 13.795003 11.733114 -59.93 0.43 1777.89526 1886.17761 149965.40759 20.533 41440.0 18.973 160660.0 45.216 "" "" 0.0027593275148734757 0.0028341054 0.0037917146 0.00662582 248.69801006714 -48.56801711255 1828.34265 -2.567000000000002 -5.134 -1.6723749918937685 -2.948874887466431 0.12059711 0.11559711 "" "" 29.37967518245523 "" 3.4325331663004444 ""
248.89246291286 -48.11379646453 0.0159 0.0106 10.9177 "" "" 5941143018370848896 2402.87842 0.4056 0.021 -5.078 -3.026 0.023 0.016 1.139 "" "" 12.754263 2.577231 14.176393 11.599163 -10.69 0.22 2283.22852 2518.62305 149018.95704 28.187 29165.0 26.523 181760.0 59.725 "" "" 0.0027629631195292994 0.0029597247 0.0037961833 0.006755908 248.89246291286 -48.11379646453 2402.87842 -5.078 -3.026 -4.183374991893769 -0.8408748874664305 0.1265971 0.11959711 "" "" 48.600154101169025 "" 6.139779457622855 ""
249.20481040864 -48.27844414955 0.0232 0.0141 16.5881 "" "" 5940949641784557952 1701.77258 0.5735 0.0296 -1.78 -2.623 0.03 0.02 1.217 7119.7 2.5056 12.78501 3.035655 14.560421 11.524766 -43.32 0.27 1624.65955 1799.26257 144858.0229 36.522 20476.0 27.715 194650.0 75.437 "" "" 0.0027688846694777095 0.0031535253 0.0038027335 0.006956259 249.20481040864 -48.27844414955 1701.77258 -1.7799999999999998 -2.623 -0.8853749918937683 -0.4378748874664309 0.1335971 0.1235971 "" "" 7.967479299229491 "" 1.0492518464843772 ""
248.9014518489 -48.14305093741 0.0143 0.0099 9.4799 "" "" 5941141437822852096 2470.71802 0.3935 0.0186 -2.187 -4.37 0.021 0.015 1.085 4883.4 2.3965 12.794023 2.181968 13.924993 11.743025 -29.77 0.35 2370.3645 2577.93433 143660.57156 23.069 36764.0 25.471 159200.0 43.337 "" "" 0.0027608307487489952 0.0028897908 0.0037909208 0.0066807116 248.9014518489 -48.14305093741 2470.71802 -2.1869999999999994 -4.37 -1.2923749918937681 -2.1848748874664308 0.1245971 0.118597105 "" "" 29.728726422234807 "" 3.5728292506704276 ""
248.72080367845 -48.50721105295 0.0149 0.0096 13.7689 "" "" 5941107765277135232 2281.76685 0.4202 0.0201 -2.535 -2.938 0.022 0.014 1.053 6998.4 2.6692 12.906945 1.271276 13.449512 12.178236 -58.85 17.5 2193.78052 2393.79614 129469.8369 22.523 56966.0 32.799 106630.0 33.772 "" "" 0.0027617864507025617 0.0028593414 0.0037949937 0.006654335 248.72080367845 -48.50721105295 2281.76685 -2.535000000000001 -2.937999999999999 -1.6403749918937685 -0.7528748874664308 0.1255971 0.1175971 "" "" 19.520991232578364 "" 2.4253299805088697 ""
248.7477172934 -47.97153236935 0.0141 0.0085 18.7204 "" "" 5941156727907038464 2326.05396 0.3964 0.0167 -2.501 -2.184 0.019 0.012 0.928 "" "" 13.000196 2.741406 14.545356 11.803949 -23.46 0.38 2238.33765 2427.45239 118814.30164 33.39 20762.0 22.185 150510.0 59.845 "" "" 0.0027721630890246763 0.003021754 0.003803958 0.006825712 248.7477172934 -47.97153236935 2326.05396 -2.5009999999999994 -2.1840000000000015 -1.6063749918937682 0.0011251125335691725 0.122597106 0.11559711 "" "" 17.711085023033664 "" 2.1713277053383058 ""
248.94386356355 -48.48432777155 0.0119 0.0079 13.5949 "" "" 5940940021057229568 2146.55469 0.4256 0.0159 -6.379 -2.782 0.018 0.012 0.997 "" "" 13.025009 2.825815 14.633323 11.807507 -81.06 0.28 2078.13867 2228.75708 116129.67435 40.992 19146.0 24.806 150020.0 88.004 "" "" 0.002781846264372682 0.0031247186 0.0038326727 0.0069573913 248.94386356355 -48.48432777155 2146.55469 -6.379 -2.782 -5.484374991893768 -0.5968748874664307 0.121597104 0.11559711 "" "" 56.13119696078794 "" 6.821544823125743 ""
248.77100395005 -48.55267028669 0.011 0.0074 16.239 "" "" 5941104496779204096 2410.04004 0.3792 0.0148 -2.055 -4.479 0.016 0.011 0.917 5129.7 2.3383 13.0341 2.329282 14.270516 11.941235 -29.14 0.44 2333.1311 2495.34106 115161.35222 23.401 26743.0 20.648 132640.0 37.583 "" "" 0.002764138956563321 0.0029133782 0.003791882 0.00670526 248.77100395005 -48.55267028669 2410.04004 -2.0549999999999993 -4.478999999999997 -1.1603749918937685 -2.2938748874664308 0.11959711 0.114597104 "" "" 29.366252617687152 "" 3.3957199683120654 ""
249.03583310522 -48.54571156527 0.0118 0.0075 18.6039 "" "" 5940938921545557632 2415.71216 0.3743 0.0147 -0.98 -2.832 0.016 0.011 1.051 "" "" 13.074114 1.106586 13.530185 12.423598 "" "" 2328.28613 2497.1106 110994.47756 27.268 52886.0 34.854 85059.0 41.012 "" "" 0.0027682008101002423 0.0028804601 0.0038154656 0.0066959257 249.03583310522 -48.54571156527 2415.71216 -0.9800000000000006 -2.8320000000000003 -0.08537499189376829 -0.6468748874664305 0.11959711 0.114597104 "" "" 7.471257753537493 "" 0.8568377740583346 ""
248.53249419299 -48.09671054366 0.0122 0.0077 15.1526 "" "" 5941148928246140032 2078.37842 0.4329 0.0151 -2.526 -3.552 0.017 0.011 1.02 4654.7 1.4413 13.095695 2.644578 14.564585 11.920007 -39.15 0.58 2015.05383 2153.10986 108809.95449 30.155 20398.0 17.27 135260.0 70.859 "" "" 0.002771701143544811 0.0029376948 0.0038219427 0.0067596375 248.53249419299 -48.09671054366 2078.37842 -2.526000000000001 -3.5520000000000023 -1.6313749918937681 -1.3668748874664307 0.12059711 0.114597104 "" "" 20.967139638899344 "" 2.477461524824747 ""
249.02279164254 -48.18484704966 0.0123 0.0075 11.0083 "" "" 5941138826482432768 1863.80627 0.4913 0.0151 -0.293 -2.695 0.016 0.011 1.012 5025.3 2.0253 13.097344 2.406829 14.391221 11.984392 26.29 0.32 1827.0282 1914.4884 108644.82732 35.239 23929.0 21.738 127470.0 64.128 "" "" 0.002777733854576366 0.0029593718 0.0038186489 0.0067780204 249.02279164254 -48.18484704966 1863.80627 -0.2930000000000006 -2.6950000000000003 0.6016250081062318 -0.5098748874664305 0.11959711 0.114597104 "" "" 6.967037295655164 "" 0.8188562383550888 ""
248.79314550761 -48.28307654991 0.0122 0.0079 0.1563 "" "" 5941134325356325888 2120.19897 0.4313 0.0149 -2.366 -3.357 0.016 0.012 0.999 "" "" 13.137273 0.986822 13.533155 12.546333 "" "" 2053.75684 2174.47266 104721.88561 21.042 52742.0 36.828 75967.0 30.226 "" "" 0.0027639433626527954 0.0028913345 0.003803991 0.0066953255 248.79314550761 -48.28307654991 2120.19897 -2.366 -3.357 -1.4713749918937684 -1.1718748874664309 0.11959711 0.11559711 "" "" 18.903764802838054 "" 2.231791429912849 ""
