Clusters/Ruprecht_120/Ruprecht_120_members.tsv
# %ECSV 1.0
# ---
# datatype:
# - name: RA_ICRS_1
#   unit: deg
#   datatype: float64
#   format: '{:15.11f}'
#   description: Right ascension (ICRS) at Ep=2016.0 (ra)
#   meta: !!omap
#   - {ucd: POS_EQ_RA_MAIN}
#   - {width: 15}
#   - {precision: '11'}
# - name: DE_ICRS_1
#   unit: deg
#   datatype: float64
#   format: '{:15.11f}'
#   description: Declination (ICRS) at Ep=2016.0 (dec)
#   meta: !!omap
#   - {ucd: POS_EQ_DEC_MAIN}
#   - {width: 15}
#   - {precision: '11'}
# - name: e_RA_ICRS
#   unit: mas
#   datatype: float64
#   format: '{:7.4f}'
#   description: Standard error of right ascension (ra_error)
#   meta: !!omap
#   - {ucd: ERROR}
#   - {width: 7}
#   - {precision: '4'}
# - name: e_DE_ICRS
#   unit: mas
#   datatype: float64
#   format: '{:7.4f}'
#   description: Standard error of declination (dec_error)
#   meta: !!omap
#   - {ucd: ERROR}
#   - {width: 7}
#   - {precision: '4'}
# - name: _r_1
#   unit: ''
#   datatype: float64
#   format: '{:7.4f}'
#   description: Distance from center (248.78941125000-48.28229576000)[ICRS], at Epoch=J2016.0
#   meta: !!omap
#   - {ucd: POS_ANG_DIST_GENERAL}
#   - {width: 7}
#   - {precision: '4'}
# - name: HIP
#   datatype: int32
#   description: '? HIP cross-id number, van Leeuwen, Cat. I/311 (hip_original_ext_source_id)'
#   meta: !!omap
#   - {ucd: ID_NUMBER}
#   - {width: 6}
#   - values: {'null': -2147483648}
# - name: TYC2
#   datatype: string
#   description: Tycho-2 cross-id name, Hog et al., Cat. I/259 (tyc2_original_ext_source_id)
#   meta: !!omap
#   - {ucd: ID_CROSSID}
#   - {_votable_string_dtype: char}
# - name: Source
#   datatype: int64
#   description: Source identifier, identical to the Gaia-EDR3 source_id (id)
#   meta: !!omap
#   - {ucd: ID_MAIN}
#   - {width: 19}
# - name: rgeo
#   unit: pc
#   datatype: float64
#   format: '{:15.8f}'
#   description: '? Median of the geometric distance posterior (r_med_geo)'
#   meta: !!omap
#   - {ucd: PHYS_DISTANCE_TRUE}
#   - {width: 15}
#   - {precision: '8'}
#   - values: {'null': .nan}
# - name: Plx
#   unit: mas
#   datatype: float64
#   format: '{:9.4f}'
#   description: '? Parallax (parallax)'
#   meta: !!omap
#   - {ucd: POS_PARLX_TRIG}
#   - {width: 9}
#   - {precision: '4'}
#   - values: {'null': .nan}
# - name: e_Plx
#   unit: mas
#   datatype: float32
#   format: '{:7.4f}'
#   description: '? Standard error of parallax (parallax_error)'
#   meta: !!omap
#   - {ucd: ERROR}
#   - {width: 7}
#   - {precision: '4'}
#   - values: {'null': .nan}
# - name: pmRA
#   unit: mas / yr
#   datatype: float64
#   format: '{:9.3f}'
#   description: '? Proper motion in right ascension direction, pmRA*cosDE (pmra)'
#   meta: !!omap
#   - {ucd: POS_EQ_PMRA}
#   - {width: 9}
#   - {precision: '3'}
#   - values: {'null': .nan}
# - name: pmDE
#   unit: mas / yr
#   datatype: float64
#   format: '{:9.3f}'
#   description: '? Proper motion in declination direction (pmdec)'
#   meta: !!omap
#   - {ucd: POS_EQ_PMDEC}
#   - {width: 9}
#   - {precision: '3'}
#   - values: {'null': .nan}
# - name: e_pmRA
#   unit: mas / yr
#   datatype: float32
#   format: '{:6.3f}'
#   description: '? Standard error of proper motion in right ascension direction (pmra_error)'
#   meta: !!omap
#   - {ucd: ERROR}
#   - {width: 6}
#   - {precision: '3'}
#   - values: {'null': .nan}
# - name: e_pmDE
#   unit: mas / yr
#   datatype: float32
#   format: '{:6.3f}'
#   description: '? Standard error of proper motion in declination direction (pmdec_error)'
#   meta: !!omap
#   - {ucd: ERROR}
#   - {width: 6}
#   - {precision: '3'}
#   - values: {'null': .nan}
# - name: RUWE
#   datatype: float64
#   format: '{:7.3f}'
#   description: '? Renormalised unit weight error (ruwe)'
#   meta: !!omap
#   - {ucd: ERROR}
#   - {width: 7}
#   - {precision: '3'}
#   - values: {'null': .nan}
# - name: Teff
#   unit: K
#   datatype: float64
#   format: '{:7.1f}'
#   description: '? Effective temperature from GSP-Phot Aeneas best library using BP/RP spectra (teff_gspphot)'
#   meta: !!omap
#   - {ucd: PHYS_TEMP_EFFEC}
#   - {width: 7}
#   - {precision: '1'}
#   - values: {'null': .nan}
# - name: logg
#   unit: log(cm.s**-2)
#   datatype: float64
#   format: '{:7.4f}'
#   description: '? Surface gravity from GSP-Phot Aeneas best library using BP/RP spectra (logg_gspphot)'
#   meta: !!omap
#   - {ucd: PHYS_GRAVITY_SURFACE}
#   - {width: 7}
#   - {precision: '4'}
#   - values: {'null': .nan}
# - name: Gmag
#   unit: mag
#   datatype: float64
#   format: '{:9.6f}'
#   description: '? G-band mean magnitude (phot_g_mean_mag)'
#   meta: !!omap
#   - {ucd: PHOT_MAG_OPTICAL}
#   - {width: 9}
#   - {precision: '6'}
#   - values: {'null': .nan}
# - name: BP-RP
#   unit: mag
#   datatype: float64
#   format: '{:9.6f}'
#   description: '? BP-RP colour (bp_rp)'
#   meta: !!omap
#   - {ucd: PHOT_CI_B-R}
#   - {width: 9}
#   - {precision: '6'}
#   - values: {'null': .nan}
# - name: BPmag
#   unit: mag
#   datatype: float64
#   format: '{:9.6f}'
#   description: '? Integrated BP mean magnitude (phot_bp_mean_mag)'
#   meta: !!omap
#   - {ucd: PHOT_MAG_B}
#   - {width: 9}
#   - {precision: '6'}
#   - values: {'null': .nan}
# - name: RPmag
#   unit: mag
#   datatype: float64
#   format: '{:9.6f}'
#   description: '? Integrated RP mean magnitude (phot_rp_mean_mag)'
#   meta: !!omap
#   - {ucd: PHOT_MAG_R}
#   - {width: 9}
#   - {precision: '6'}
#   - values: {'null': .nan}
# - name: RV
#   unit: km / s
#   datatype: float64
#   format: '{:7.2f}'
#   description: '? Radial velocity (radial_velocity)'
#   meta: !!omap
#   - {ucd: VELOC_BARYCENTER}
#   - {width: 7}
#   - {precision: '2'}
#   - values: {'null': .nan}
# - name: e_RV
#   unit: km / s
#   datatype: float32
#   format: '{:5.2f}'
#   description: '? Radial velocity error (radial_velocity_error)'
#   meta: !!omap
#   - {ucd: ERROR}
#   - {width: 5}
#   - {precision: '2'}
#   - values: {'null': .nan}
# - name: b_rgeo
#   unit: pc
#   datatype: float64
#   format: '{:14.8f}'
#   description: '? 16th percentile of the geometric distance posterior (r_lo_geo)'
#   meta: !!omap
#   - {ucd: ERROR}
#   - {width: 14}
#   - {precision: '8'}
#   - values: {'null': .nan}
# - name: B_rgeo
#   unit: pc
#   datatype: float64
#   format: '{:14.8f}'
#   description: '? 84th percentile of the geometric distance posterior (r_hi_geo)'
#   meta: !!omap
#   - {ucd: ERROR}
#   - {width: 14}
#   - {precision: '8'}
#   - values: {'null': .nan}
# - name: FG
#   unit: ''
#   datatype: float64
#   format: '{:16.5f}'
#   description: '? G-band mean flux (phot_g_mean_flux)'
#   meta: !!omap
#   - {ucd: PHOT_FLUX_OPTICAL}
#   - {width: 16}
#   - {precision: '5'}
#   - values: {'null': .nan}
# - name: e_FG
#   unit: ''
#   datatype: float32
#   format: '{:11.4g}'
#   description: '? Error on G-band mean flux (phot_g_mean_flux_error)'
#   meta: !!omap
#   - {ucd: ERROR}
#   - {width: 11}
#   - {precision: E4}
#   - values: {'null': .nan}
# - name: FBP
#   unit: ''
#   datatype: float32
#   format: '{:11.4g}'
#   description: '? Integrated BP mean flux (phot_bp_mean_flux)'
#   meta: !!omap
#   - {ucd: PHOT_FLUX_B}
#   - {width: 11}
#   - {precision: E4}
#   - values: {'null': .nan}
# - name: e_FBP
#   unit: ''
#   datatype: float32
#   format: '{:11.4g}'
#   description: '? Error on the integrated BP mean flux (phot_bp_mean_flux_error)'
#   meta: !!omap
#   - {ucd: ERROR}
#   - {width: 11}
#   - {precision: E4}
#   - values: {'null': .nan}
# - name: FRP
#   unit: ''
#   datatype: float32
#   format: '{:11.4g}'
#   description: '? Integrated RP mean flux (phot_rp_mean_flux)'
#   meta: !!omap
#   - {ucd: PHOT_FLUX_R}
#   - {width: 11}
#   - {precision: E4}
#   - values: {'null': .nan}
# - name: e_FRP
#   unit: ''
#   datatype: float32
#   format: '{:11.4g}'
#   description: '? Error on the integrated RP mean flux (phot_rp_mean_flux_error)'
#   meta: !!omap
#   - {ucd: ERROR}
#   - {width: 11}
#   - {precision: E4}
#   - values: {'null': .nan}
# - name: RAVE5
#   datatype: string
#   description: RAVE DR5 cross-id name, Kunder et al., Cat. III/279 (rave5_original_ext_source_id)
#   meta: !!omap
#   - {ucd: ID_CROSSID}
#   - {_votable_string_dtype: char}
# - name: RAVE6
#   datatype: string
#   description: RAVE DR6 cross-id name, Steinmetz et al., Cat. III/283 (rave6_original_ext_source_id)
#   meta: !!omap
#   - {ucd: ID_CROSSID}
#   - {_votable_string_dtype: char}
# - name: e_Gmag
#   unit: ''
#   datatype: float64
#   format: '{:11.4g}'
#   description: '? Error on G-band mean flux (phot_g_mean_flux_error)'
#   meta: !!omap
#   - {ucd: ERROR}
#   - {width: 11}
#   - {precision: E4}
#   - values: {'null': .nan}
# - name: e_BPmag
#   unit: ''
#   datatype: float32
#   format: '{:11.4g}'
#   description: '? Error on the integrated BP mean flux (phot_bp_mean_flux_error)'
#   meta: !!omap
#   - {ucd: ERROR}
#   - {width: 11}
#   - {precision: E4}
#   - values: {'null': .nan}
# - name: e_RPmag
#   unit: ''
#   datatype: float32
#   format: '{:11.4g}'
#   description: '? Error on the integrated RP mean flux (phot_rp_mean_flux_error)'
#   meta: !!omap
#   - {ucd: ERROR}
#   - {width: 11}
#   - {precision: E4}
#   - values: {'null': .nan}
# - name: e_BP-RP
#   unit: ''
#   datatype: float32
#   format: '{:11.4g}'
#   description: '? Error on the integrated BP mean flux (phot_bp_mean_flux_error)'
#   meta: !!omap
#   - {ucd: ERROR}
#   - {width: 11}
#   - {precision: E4}
#   - values: {'null': .nan}
# - name: SkyCoord.ra
#   unit: deg
#   datatype: float64
#   format: '{:15.11f}'
#   description: Right ascension (ICRS) at Ep=2016.0 (ra)
#   meta: !!omap
#   - {ucd: POS_EQ_RA_MAIN}
#   - {width: 15}
#   - {precision: '11'}
# - name: SkyCoord.dec
#   unit: deg
#   datatype: float64
#   format: '{:15.11f}'
#   description: Declination (ICRS) at Ep=2016.0 (dec)
#   meta: !!omap
#   - {ucd: POS_EQ_DEC_MAIN}
#   - {width: 15}
#   - {precision: '11'}
# - name: SkyCoord.distance
#   unit: pc
#   datatype: float64
#   format: '{:15.8f}'
#   description: '? Median of the geometric distance posterior (r_med_geo)'
#   meta: !!omap
#   - {ucd: PHYS_DISTANCE_TRUE}
#   - {width: 15}
#   - {precision: '8'}
#   - values: {'null': .nan}
# - {name: SkyCoord.pm_ra_cosdec, unit: mas / yr, datatype: float64}
# - {name: SkyCoord.pm_dec, unit: mas / yr, datatype: float64}
# - {name: Pmemb, datatype: float64}
# meta: !!omap
# - {ID: I_352_gedr3dis}
# - {name: I/352/gedr3dis}
# - {description: Estimating distances from parallaxes (1467744818 sources)}
# - __serialized_columns__:
#     SkyCoord:
#       __class__: astropy.coordinates.sky_coordinate.SkyCoord
#       dec: !astropy.table.SerializedColumn
#         __class__: astropy.coordinates.angles.Latitude
#         unit: &id001 !astropy.units.Unit {unit: deg}
#         value: !astropy.table.SerializedColumn {name: SkyCoord.dec}
#       distance: !astropy.table.SerializedColumn
#         __class__: astropy.coordinates.distances.Distance
#         unit: !astropy.units.Unit {unit: pc}
#         value: !astropy.table.SerializedColumn {name: SkyCoord.distance}
#       frame: icrs
#       obstime: !astropy.time.Time {format: jyear_str, in_subfmt: '*', jd1: 367701545.0, jd2: 0.0, out_subfmt: '*', precision: 3, scale: tt}
#       pm_dec: !astropy.table.SerializedColumn
#         __class__: astropy.units.quantity.Quantity
#         unit: !astropy.units.Unit {unit: mas / yr}
#         value: !astropy.table.SerializedColumn {name: SkyCoord.pm_dec}
#       pm_ra_cosdec: !astropy.table.SerializedColumn
#         __class__: astropy.units.quantity.Quantity
#         unit: !astropy.units.Unit {unit: mas / yr}
#         value: !astropy.table.SerializedColumn {name: SkyCoord.pm_ra_cosdec}
#       ra: !astropy.table.SerializedColumn
#         __class__: astropy.coordinates.angles.Longitude
#         unit: *id001
#         value: !astropy.table.SerializedColumn {name: SkyCoord.ra}
#         wrap_angle: !astropy.coordinates.Angle
#           unit: *id001
#           value: 360.0
#       representation_type: spherical
# schema: astropy-2.0
RA_ICRS_1 DE_ICRS_1 e_RA_ICRS e_DE_ICRS _r_1 HIP TYC2 Source rgeo Plx e_Plx pmRA pmDE e_pmRA e_pmDE RUWE Teff logg Gmag BP-RP BPmag RPmag RV e_RV b_rgeo B_rgeo FG e_FG FBP e_FBP FRP e_FRP RAVE5 RAVE6 e_Gmag e_BPmag e_RPmag e_BP-RP SkyCoord.ra SkyCoord.dec SkyCoord.distance SkyCoord.pm_ra_cosdec SkyCoord.pm_dec Pmemb
248.80082637226 -48.28710656124 0.0129 0.0082 0.5395 "" "" 5941134325356321024 1987.71692 0.4645 0.0159 -0.844 -2.159 0.017 0.012 0.917 "" "" 13.387111 1.02759 13.803062 12.775472 "" "" 1923.90137 2044.50391 83196.00187 54.556 41133.0 93.741 61513.0 120.41 "" "" 0.0028458209559514857 0.0037292792 0.0043359683 0.008065248 248.80082637226 -48.28710656124 1987.71692 -0.8439999999999999 -2.159 0.99
248.77731287745 -48.32001497397 0.0148 0.0094 2.3141 "" "" 5941132710448605056 2009.85522 0.4561 0.0185 -0.892 -1.984 0.019 0.014 0.974 "" "" 13.824446 1.060707 14.257816 13.197109 "" "" 1937.06201 2088.35254 55612.00567 9.9212 27058.0 13.063 41717.0 21.29 "" "" 0.0027621200959630984 0.002838979 0.0038197844 0.0066587636 248.77731287745 -48.32001497397 2009.85522 -0.8919999999999999 -1.984 1.0
248.79055514198 -48.28479715832 0.0198 0.0124 0.1569 "" "" 5941134325356325376 2010.35535 0.4579 0.0235 -0.801 -2.224 0.025 0.019 0.931 "" "" 14.619007 1.080858 15.061667 13.980809 "" "" 1935.18201 2108.8728 26751.23869 5.4488 12905.0 12.158 20269.0 13.557 "" "" 0.002764180792321976 0.0029717588 0.0038485182 0.0068202773 248.79055514198 -48.28479715832 2010.35535 -0.8010000000000002 -2.224 0.99
248.80544824508 -48.32906037787 0.0217 0.0135 2.8779 "" "" 5941134119197863808 1911.38403 0.4816 0.0257 -0.817 -2.186 0.03 0.021 0.979 7496.4 3.7979 14.841047 1.036687 15.261712 14.225025 "" "" 1828.37476 2007.41064 21803.58966 4.7258 10733.0 13.86 16186.0 11.926 "" "" 0.0027653513647407407 0.00312263 0.00386312 0.00698575 248.80544824508 -48.32906037787 1911.38403 -0.8169999999999998 -2.186 0.99
248.81148709964 -48.23441934888 0.0206 0.0134 3.0049 "" "" 5941134875112315008 2024.78882 0.4588 0.0255 -0.827 -2.192 0.028 0.02 1.022 "" "" 14.872231 1.24386 15.401909 14.158049 "" "" 1928.63 2146.84033 21186.25983 4.8414 9433.1 13.206 17216.0 11.223 "" "" 0.0027664683340516538 0.0031773294 0.0038450859 0.0070224153 248.81148709964 -48.23441934888 2024.78882 -0.827 -2.1920000000000006 0.99
248.79365571718 -48.26913264742 0.0253 0.0142 0.8078 "" "" 5941134565874657664 1850.56421 0.5004 0.0311 -0.91 -2.298 0.033 0.022 1.039 "" "" 14.941387 1.273443 15.485903 14.21246 "" "" 1755.53967 1959.83313 19878.88286 4.9821 8730.8 10.117 16375.0 13.327 "" "" 0.0027687241363022136 0.0030607048 0.0038813073 0.0069420123 248.79365571718 -48.26913264742 1850.56421 -0.9099999999999999 -2.298 0.99
248.83468764354 -48.25519740481 0.0233 0.0146 2.4317 "" "" 5941134806392828800 1916.20972 0.4842 0.0289 -0.919 -2.178 0.031 0.022 0.978 "" "" 15.062869 1.345431 15.652411 14.306979 "" "" 1830.66541 2018.9408 17774.57471 4.2575 7489.5 8.8483 15010.0 11.859 "" "" 0.002767566176046664 0.003070898 0.0038755087 0.0069464063 248.83468764354 -48.25519740481 1916.20972 -0.9190000000000002 -2.1780000000000004 1.0
248.692058713 -48.30214527902 0.024 0.0151 4.0647 "" "" 5941133672521319680 1924.83533 0.4761 0.0293 -0.98 -2.204 0.032 0.024 0.998 7483.1 3.7586 15.139413 1.272676 15.68281 14.410134 "" "" 1824.98682 2030.40686 16564.6263 4.2341 7282.7 15.447 13649.0 12.122 "" "" 0.002769261656107986 0.003617792 0.003900454 0.007518246 248.692058713 -48.30214527902 1924.83533 -0.9799999999999998 -2.2040000000000006 0.96
248.81992389653 -48.27230424479 0.0249 0.0158 1.3579 "" "" 5941134668953869056 2002.65137 0.4735 0.0306 -0.884 -2.102 0.032 0.023 1.0 "" "" 15.203502 1.228134 15.720152 14.492018 "" "" 1877.52515 2133.51807 15615.15058 4.0405 7036.5 12.357 12658.0 12.754 "" "" 0.0027696058509750544 0.0033794267 0.0039345264 0.007313953 248.81992389653 -48.27230424479 2002.65137 -0.8839999999999999 -2.102 0.99
248.80402171514 -48.25193396842 0.0348 0.0208 1.9129 "" "" 5941134772033094016 2004.0387 0.4702 0.0403 -0.777 -2.168 0.045 0.032 1.15 "" "" 15.52137 1.580863 16.24335 14.662486 "" "" 1857.28992 2170.40479 11651.95688 3.5873 4345.9 10.07 10818.0 11.147 "" "" 0.0027755222297081 0.003756892 0.00394149 0.007698382 248.80402171514 -48.25193396842 2004.0387 -0.777 -2.168 0.93
248.83791649541 -48.30869245251 0.0284 0.0178 2.5015 "" "" 5941131301699484672 1929.03235 0.4839 0.0352 -0.88 -1.988 0.038 0.026 1.051 "" "" 15.564871 1.368138 16.17099 14.802852 "" "" 1796.34595 2049.50537 11194.33395 3.1063 4645.4 8.9834 9506.4 9.0285 "" "" 0.0027717428963220246 0.0034919162 0.0039175255 0.0074094418 248.83791649541 -48.30869245251 1929.03235 -0.8799999999999999 -1.9880000000000002 0.99
248.75693858527 -48.26773465642 0.0315 0.0202 1.5636 "" "" 5941134600234257152 2134.04858 0.4313 0.0389 -1.209 -2.607 0.041 0.031 1.116 7988.7 4.1 15.605284 1.409582 16.229134 14.819551 "" "" 1947.74451 2335.78027 10785.32698 3.0089 4403.2 6.2444 9361.3 14.033 "" "" 0.002771919476608654 0.0031868226 0.004114936 0.007301759 248.75693858527 -48.26773465642 2134.04858 -1.209 -2.607 0.95
248.82430866323 -48.25115489994 0.0336 0.0224 2.331 "" "" 5941134767712097664 1914.65515 0.4847 0.0439 -0.787 -2.256 0.045 0.033 1.071 "" "" 15.778621 1.397004 16.385134 14.98813 "" "" 1796.25464 2057.03296 9193.87443 3.3515 3813.8 9.7632 8015.1 11.998 "" "" 0.002783601844584777 0.003938322 0.0041140267 0.008052349 248.82430866323 -48.25115489994 1914.65515 -0.787 -2.2559999999999993 0.98
248.71510987447 -48.29072577364 0.0343 0.0211 3.0092 "" "" 5941133741240796288 1874.69031 0.4913 0.04 -0.978 -2.159 0.046 0.033 1.011 9157.9 3.6148 15.801709 1.596278 16.543293 14.947015 "" "" 1753.69666 2051.57275 9000.42597 3.2017 3296.9 7.9449 8324.4 11.176 "" "" 0.002782258109205835 0.003825008 0.0040507424 0.00787575 248.71510987447 -48.29072577364 1874.69031 -0.9780000000000002 -2.159 0.99
248.83342270008 -48.26715902499 0.0349 0.0227 1.9783 "" "" 5941134703313608576 1765.58569 0.5293 0.044 -0.975 -2.059 0.046 0.034 1.003 9232.1 3.6872 15.896491 1.38744 16.482101 15.094662 "" "" 1629.81555 1975.04834 8248.03267 3.4651 3488.0 8.6573 7266.0 25.919 "" "" 0.002792820259768429 0.003879062 0.005411454 0.009290516 248.83342270008 -48.26715902499 1765.58569 -0.975 -2.059 0.99
248.78680288261 -48.28844904264 0.0384 0.0228 0.3836 "" "" 5941134325356323584 1877.14844 0.5048 0.0471 -0.834 -2.198 0.064 0.038 0.952 9218.0 3.6654 16.043201 1.453854 16.69901 15.245157 "" "" 1728.68896 2082.13647 7205.53841 2.7367 2856.4 7.519 6325.5 8.9525 "" "" 0.002786007332810535 0.003994162 0.0040798294 0.008073991 248.78680288261 -48.28844904264 1877.14844 -0.8339999999999999 -2.198 0.98
