Clusters/Ruprecht_120/Ruprecht_120_stars_in_region.tsv
# %ECSV 1.0
# ---
# datatype:
# - name: RA_ICRS_1
#   unit: deg
#   datatype: float64
#   format: '{:15.11f}'
#   description: Right ascension (ICRS) at Ep=2016.0 (ra)
#   meta: !!omap
#   - {ucd: POS_EQ_RA_MAIN}
#   - {width: 15}
#   - {precision: '11'}
# - name: DE_ICRS_1
#   unit: deg
#   datatype: float64
#   format: '{:15.11f}'
#   description: Declination (ICRS) at Ep=2016.0 (dec)
#   meta: !!omap
#   - {ucd: POS_EQ_DEC_MAIN}
#   - {width: 15}
#   - {precision: '11'}
# - name: e_RA_ICRS
#   unit: mas
#   datatype: float64
#   format: '{:7.4f}'
#   description: Standard error of right ascension (ra_error)
#   meta: !!omap
#   - {ucd: ERROR}
#   - {width: 7}
#   - {precision: '4'}
# - name: e_DE_ICRS
#   unit: mas
#   datatype: float64
#   format: '{:7.4f}'
#   description: Standard error of declination (dec_error)
#   meta: !!omap
#   - {ucd: ERROR}
#   - {width: 7}
#   - {precision: '4'}
# - name: _r_1
#   unit: ''
#   datatype: float64
#   format: '{:7.4f}'
#   description: Distance from center (248.78941125000-48.28229576000)[ICRS], at Epoch=J2016.0
#   meta: !!omap
#   - {ucd: POS_ANG_DIST_GENERAL}
#   - {width: 7}
#   - {precision: '4'}
# - name: HIP
#   datatype: int32
#   description: '? HIP cross-id number, van Leeuwen, Cat. I/311 (hip_original_ext_source_id)'
#   meta: !!omap
#   - {ucd: ID_NUMBER}
#   - {width: 6}
#   - values: {'null': -2147483648}
# - name: TYC2
#   datatype: string
#   description: Tycho-2 cross-id name, Hog et al., Cat. I/259 (tyc2_original_ext_source_id)
#   meta: !!omap
#   - {ucd: ID_CROSSID}
#   - {_votable_string_dtype: char}
# - name: Source
#   datatype: int64
#   description: Source identifier, identical to the Gaia-EDR3 source_id (id)
#   meta: !!omap
#   - {ucd: ID_MAIN}
#   - {width: 19}
# - name: rgeo
#   unit: pc
#   datatype: float64
#   format: '{:15.8f}'
#   description: '? Median of the geometric distance posterior (r_med_geo)'
#   meta: !!omap
#   - {ucd: PHYS_DISTANCE_TRUE}
#   - {width: 15}
#   - {precision: '8'}
#   - values: {'null': .nan}
# - name: Plx
#   unit: mas
#   datatype: float64
#   format: '{:9.4f}'
#   description: '? Parallax (parallax)'
#   meta: !!omap
#   - {ucd: POS_PARLX_TRIG}
#   - {width: 9}
#   - {precision: '4'}
#   - values: {'null': .nan}
# - name: e_Plx
#   unit: mas
#   datatype: float32
#   format: '{:7.4f}'
#   description: '? Standard error of parallax (parallax_error)'
#   meta: !!omap
#   - {ucd: ERROR}
#   - {width: 7}
#   - {precision: '4'}
#   - values: {'null': .nan}
# - name: pmRA
#   unit: mas / yr
#   datatype: float64
#   format: '{:9.3f}'
#   description: '? Proper motion in right ascension direction, pmRA*cosDE (pmra)'
#   meta: !!omap
#   - {ucd: POS_EQ_PMRA}
#   - {width: 9}
#   - {precision: '3'}
#   - values: {'null': .nan}
# - name: pmDE
#   unit: mas / yr
#   datatype: float64
#   format: '{:9.3f}'
#   description: '? Proper motion in declination direction (pmdec)'
#   meta: !!omap
#   - {ucd: POS_EQ_PMDEC}
#   - {width: 9}
#   - {precision: '3'}
#   - values: {'null': .nan}
# - name: e_pmRA
#   unit: mas / yr
#   datatype: float32
#   format: '{:6.3f}'
#   description: '? Standard error of proper motion in right ascension direction (pmra_error)'
#   meta: !!omap
#   - {ucd: ERROR}
#   - {width: 6}
#   - {precision: '3'}
#   - values: {'null': .nan}
# - name: e_pmDE
[...]
#         value: !astropy.table.SerializedColumn {name: SkyCoord.dec}
#       distance: !astropy.table.SerializedColumn
#         __class__: astropy.coordinates.distances.Distance
#         unit: !astropy.units.Unit {unit: pc}
#         value: !astropy.table.SerializedColumn {name: SkyCoord.distance}
#       frame: icrs
#       obstime: !astropy.time.Time {format: jyear_str, in_subfmt: '*', jd1: 367701545.0, jd2: 0.0, out_subfmt: '*', precision: 3, scale: tt}
#       pm_dec: !astropy.table.SerializedColumn
#         __class__: astropy.units.quantity.Quantity
#         unit: !astropy.units.Unit {unit: mas / yr}
#         value: !astropy.table.SerializedColumn {name: SkyCoord.pm_dec}
#       pm_ra_cosdec: !astropy.table.SerializedColumn
#         __class__: astropy.units.quantity.Quantity
#         unit: !astropy.units.Unit {unit: mas / yr}
#         value: !astropy.table.SerializedColumn {name: SkyCoord.pm_ra_cosdec}
#       ra: !astropy.table.SerializedColumn
#         __class__: astropy.coordinates.angles.Longitude
#         unit: *id001
#         value: !astropy.table.SerializedColumn {name: SkyCoord.ra}
#         wrap_angle: !astropy.coordinates.Angle
#           unit: *id001
#           value: 360.0
#       representation_type: spherical
# schema: astropy-2.0
RA_ICRS_1 DE_ICRS_1 e_RA_ICRS e_DE_ICRS _r_1 HIP TYC2 Source rgeo Plx e_Plx pmRA pmDE e_pmRA e_pmDE RUWE Teff logg Gmag BP-RP BPmag RPmag RV e_RV b_rgeo B_rgeo FG e_FG FBP e_FBP FRP e_FRP RAVE5 RAVE6 e_Gmag e_BPmag e_RPmag e_BP-RP SkyCoord.ra SkyCoord.dec SkyCoord.distance SkyCoord.pm_ra_cosdec SkyCoord.pm_dec rmRA rmDE e_rmRA e_rmDE rRV e_rRV v_pec v_pec3d e_vpec e_vpec3d
[from data line 410]
248.89004050908 -48.40827560027 0.024 0.0151 8.558 "" "" 5941128552920166784 2316.71021 0.3961 0.0312 -2.345 -1.632 0.032 0.022 1.06 9238.7 3.6409 15.097996 1.607049 15.844686 14.237637 "" "" 2194.35327 2468.70337 17208.71177 31.34 6274.0 51.112 15999.0 86.728 "" "" 0.0033913930776893024 0.009274741 0.0069945706 0.016269311 248.89004050908 -48.40827560027 2316.71021 -2.3450000000000006 -1.632000000000001 -1.4503749918937685 0.5531251125335694 0.13559711 0.1255971 "" "" 17.045771976088208 "" 2.290416997352948 ""
248.78686783253 -48.03951964697 0.0237 0.0149 14.5669 "" "" 5941144324040974976 2212.07666 0.4042 0.0321 -0.217 -0.921 0.035 0.023 0.957 "" "" 15.098031 2.327682 16.331638 14.003957 -27.57 2.91 2061.88696 2373.00854 17208.15963 5.4876 4006.5 7.7162 19842.0 14.47 "" "" 0.0027769891644873796 0.003486761 0.0038614313 0.007348192 248.78686783253 -48.03951964697 2212.07666 -0.217 -0.921 0.6776250081062317 1.2641251125335693 0.1385971 0.1265971 "" "" 15.03888025054948 "" 1.9456115444772462 ""
248.66537580312 -48.5072686745 0.0243 0.0152 14.3744 "" "" 5941106528326567936 2385.37207 0.3728 0.031 -2.5 -3.237 0.036 0.024 1.021 "" "" 15.107423 1.582885 15.83115 14.248265 "" "" 2244.01855 2535.72266 17059.93942 6.6411 6352.7 11.359 15844.0 25.37 "" "" 0.0027875486217736637 0.0033991067 0.00416007 0.0075591765 248.66537580312 -48.5072686745 2385.37207 -2.499999999999999 -3.237000000000002 -1.6053749918937683 -1.0518748874664308 0.1395971 0.12759711 "" "" 21.700753264586037 "" 2.9535583153300595 ""
248.79908152726 -48.0938127911 0.023 0.0146 11.3156 "" "" 5941142571694283392 2224.07202 0.4166 0.0307 -1.633 -3.29 0.032 0.022 1.01 9235.4 3.6483 15.107546 1.162137 15.595161 14.433023 "" "" 2058.84033 2369.63818 17058.01228 3.9992 7895.0 10.762 13364.0 12.22 "" "" 0.002767053286730918 0.003158399 0.0039076037 0.0070660026 248.79908152726 -48.0938127911 2224.07202 -1.6329999999999987 -3.289999999999997 -0.7383749918937683 -1.1048748874664307 0.13559711 0.1255971 "" "" 14.009283233268391 "" 1.8039373645167485 ""
248.92338483135 -48.18580482833 0.0234 0.0151 7.8858 "" "" 5941138276726871808 2301.86279 0.3899 0.0292 -3.361 -5.941 0.031 0.022 1.006 4712.9 1.8396 15.111471 2.268892 16.302921 14.034029 -5.85 3.86 2157.82935 2535.30469 16996.44939 4.6631 4113.9 8.4779 19300.0 12.906 "" "" 0.0027713754109928135 0.0035765008 0.0038484875 0.0074249883 248.92338483135 -48.18580482833 2301.86279 -3.3609999999999998 -5.941000000000004 -2.4663749918937685 -3.7558748874664305 0.13459711 0.1255971 "" "" 49.025456987894145 "" 6.29365198487509 ""
249.15874318223 -48.24529428275 0.0245 0.0142 14.918 "" "" 5940949916662489728 1759.9823 0.5237 0.0311 -2.665 -4.776 0.032 0.021 1.049 "" "" 15.115148 2.458956 16.444416 13.98546 -3.91 6.75 1679.74231 1844.53271 16939.00319 4.3926 3611.2 6.9146 20182.0 13.047 "" "" 0.0027696679849310165 0.003479511 0.0038440058 0.0073235165 249.15874318223 -48.24529428275 1759.9823 -2.665000000000001 -4.776000000000002 -1.7703749918937683 -2.5908748874664305 0.13559711 0.1245971 "" "" 26.17794373796972 "" 3.356033663386304 ""
248.66217437051 -48.17979606843 0.022 0.0146 7.9802 "" "" 5941147480815323648 2130.00806 0.4286 0.0289 -2.451 -3.322 0.03 0.022 1.062 "" "" 15.116524 1.967777 16.092428 14.124651 11.1 12.42 2000.24463 2237.4541 16917.54754 4.6008 4994.0 7.6885 17754.0 14.244 "" "" 0.002771096200427821 0.0032525533 0.0038784682 0.0071310215 248.66217437051 -48.17979606843 2130.00806 -2.4509999999999996 -3.321999999999997 -1.5563749918937684 -1.1368748874664307 0.1335971 0.1255971 "" "" 19.45927177260482 "" 2.546618464645054 ""
248.47618238296 -48.38203436166 0.0251 0.0159 13.8535 "" "" 5941120547100728960 2368.19678 0.3734 0.0303 -1.103 -1.861 0.033 0.023 1.023 6869.2 2.4879 15.121271 2.305492 16.339209 14.033716 -8.05 4.54 2225.00293 2522.39917 16843.73524 4.9701 3978.6 6.9543 19305.0 14.067 "" "" 0.00277388283039149 0.0033744099 0.0038613 0.0072357096 248.47618238296 -48.38203436166 2368.19678 -1.1030000000000002 -1.8610000000000013 -0.2083749918937683 0.32412511253356935 0.1365971 0.1265971 "" "" 4.3253977520745455 "" 0.5605772580649958 ""
248.72200628121 -48.21900327573 0.0218 0.0147 4.6555 "" "" 5941135459227740416 2129.82983 0.4201 0.029 -3.508 -5.191 0.031 0.023 1.015 "" "" 15.123064 2.638742 16.59078 13.952039 -38.97 2.58 2036.89282 2255.83789 16815.94266 5.2382 3155.8 8.0725 20813.0 15.561 "" "" 0.0027759997744915177 0.0039368067 0.0038655763 0.007802383 248.72200628121 -48.21900327573 2129.82983 -3.508 -5.191 -2.6133749918937683 -3.0058748874664305 0.13459711 0.1265971 "" "" 40.21086901503971 "" 5.231488058571667 ""
248.92286216981 -48.28996513102 0.0246 0.0151 5.3478 "" "" 5941131542217753088 1746.42969 0.5339 0.0323 0.166 -0.987 0.034 0.023 1.012 7607.6 3.5037 15.126539 2.425337 16.433481 14.008144 -24.71 7.16 1643.22961 1839.44775 16762.19984 5.7172 3647.7 7.6418 19765.0 14.401 "" "" 0.002780094601592146 0.003599827 0.0038612867 0.007461114 248.92286216981 -48.28996513102 1746.42969 0.16600000000000031 -0.9869999999999991 1.0606250081062316 1.1981251125335692 0.13759711 0.1265971 "" "" 13.246033001630373 "" 1.7424269150627034 ""
248.77749233304 -48.2581524926 0.0243 0.0158 1.5248 "" "" 5941134565856380288 2505.33521 0.3562 0.0309 -4.072 -4.875 0.033 0.024 1.095 "" "" 15.129104 2.408999 16.418259 14.009259 -34.55 3.33 2329.97705 2727.65942 16722.66152 5.1368 3699.2 7.0972 19745.0 28.909 "" "" 0.0027754314449992645 0.0034819855 0.0041000852 0.007582071 248.77749233304 -48.2581524926 2505.33521 -4.072000000000001 -4.875 -3.1773749918937684 -2.6898748874664307 0.1365971 0.12759711 "" "" 49.43764029253716 "" 6.570949207500788 ""
248.63234223778 -48.5278041651 0.0454 0.0306 16.004 "" "" 5941106425220923264 2061.29712 0.4562 0.0587 -1.632 -3.482 0.065 0.047 2.301 "" "" 15.130557 1.469741 15.734883 14.265142 "" "" 1855.86743 2291.72827 16700.28544 7.2118 6941.7 14.187 15599.0 58.477 "" "" 0.002794927550205294 0.0035649433 0.0055542793 0.009119223 248.63234223778 -48.5278041651 2061.29712 -1.6319999999999997 -3.481999999999999 -0.7373749918937682 -1.2968748874664309 0.1685971 0.1505971 "" "" 14.576159578188244 "" 2.262036178375215 ""
248.83637920285 -48.24312943617 0.0246 0.0156 3.007 "" "" 5941134806392833664 1869.10962 0.4884 0.0314 -6.68 -0.576 0.032 0.023 1.044 "" "" 15.133871 2.495742 16.493484 13.997743 -34.61 5.79 1764.03186 1982.13977 16649.38535 5.5174 3451.6 7.5869 19955.0 14.911 "" "" 0.0027787128455462593 0.0036715947 0.003865479 0.0075370735 248.83637920285 -48.24312943617 1869.10962 -6.680000000000001 -0.5760000000000003 -5.785374991893768 1.6091251125335693 0.13559711 0.1265971 "" "" 53.20164449619066 "" 7.18067190030728 ""
248.88923576691 -48.3290295357 0.0235 0.0148 4.8718 "" "" 5941131061181300096 2107.92676 0.4278 0.0305 -4.305 -7.896 0.032 0.022 0.967 4826.4 2.817 15.136072 2.42345 16.438627 14.015177 -96.53 4.11 1980.36646 2244.19165 16615.66581 4.9709 3630.5 8.3212 19638.0 14.185 "" "" 0.002774400272661289 0.0037386972 0.003859894 0.007598591 248.88923576691 -48.3290295357 2107.92676 -4.305 -7.896 -3.410374991893768 -5.710874887466431 0.13559711 0.1255971 "" "" 66.46067219898093 "" 8.526994018340496 ""
248.692058713 -48.30214527902 0.024 0.0151 4.0647 "" "" 5941133672521319680 1924.83533 0.4761 0.0293 -0.98 -2.204 0.032 0.024 0.998 7483.1 3.7586 15.139413 1.272676 15.68281 14.410134 "" "" 1824.98682 2030.40686 16564.6263 4.2341 7282.7 15.447 13649.0 12.122 "" "" 0.002769261656107986 0.003617792 0.003900454 0.007518246 248.692058713 -48.30214527902 1924.83533 -0.9799999999999994 -2.2040000000000006 -0.08537499189376829 -0.018874887466430845 0.13559711 0.12759711 "" "" 0.7977465709518646 "" 0.10788311850346277 ""
248.79900594043 -47.98157170402 0.0241 0.0152 18.0475 "" "" 5941144942516016896 2415.06299 0.3772 0.0303 -0.85 -2.219 0.032 0.023 1.0 "" "" 15.140501 1.952333 16.110556 14.158222 -27.3 5.28 2250.63281 2542.6001 16548.02797 4.5111 4911.3 9.3048 17214.0 15.554 "" "" 0.002771171740354912 0.0034664548 0.0039046328 0.0073710876 248.79900594043 -47.98157170402 2415.06299 -0.8500000000000002 -2.2190000000000016 0.04462500810623171 -0.033874887466430526 0.13559711 0.1265971 "" "" 0.6413505909561517 "" 0.08490064182380636 ""
248.58381957226 -48.33712551918 0.0237 0.0146 8.8394 "" "" 5941121680972257920 2086.18433 0.4427 0.0297 -2.023 -3.399 0.032 0.023 1.015 "" "" 15.141883 1.766936 15.984396 14.21746 "" "" 1963.29749 2217.26538 16526.99027 5.2072 5516.4 11.068 16300.0 15.115 "" "" 0.0027764747374594005 0.0035398412 0.0039111865 0.0074510276 248.58381957226 -48.33712551918 2086.18433 -2.023 -3.399 -1.1283749918937684 -1.2138748874664307 0.13559711 0.1265971 "" "" 16.38846969874048 "" 2.1443658326579333 ""
249.10187279499 -48.13343102701 0.0236 0.0147 15.3583 "" "" 5941233075246899584 2214.64673 0.4087 0.0286 -2.687 -4.603 0.032 0.021 0.981 "" "" 15.145127 1.245563 15.677127 14.431564 "" "" 2072.68286 2354.5105 16477.67392 3.7462 7320.9 10.304 13382.0 11.432 "" "" 0.002766355085560688 0.00318124 0.003891533 0.007072773 249.10187279499 -48.13343102701 2214.64673 -2.686999999999998 -4.603 -1.7923749918937681 -2.4178748874664304 0.13559711 0.1245971 "" "" 31.59485662937683 "" 4.063284456652983 ""
249.04168962558 -48.26637558322 0.025 0.0155 10.1196 "" "" 5941136902337258624 1797.99902 0.5047 0.0305 -6.252 -0.475 0.032 0.023 0.999 7999.3 2.8849 15.146866 2.743808 16.684153 13.940345 40.08 2.69 1699.98926 1905.69836 16451.31315 6.4398 2895.7 7.3063 21039.0 12.699 "" "" 0.002787906088614044 0.003910218 0.0038357791 0.007745997 249.04168962558 -48.26637558322 1797.99902 -6.251999999999999 -0.4750000000000003 -5.357374991893768 1.7101251125335692 0.13559711 0.1265971 "" "" 47.92806430748967 "" 6.46022747287533 ""
248.4978099942 -48.45389423057 0.027 0.0169 15.5277 "" "" 5941119550668269824 2081.99365 0.4396 0.0313 -3.322 -3.657 0.035 0.026 0.997 "" "" 15.147877 2.325516 16.380377 14.054861 -67.46 3.86 1955.71509 2258.55103 16436.00068 5.516 3830.6 10.391 18933.0 12.294 "" "" 0.002779309423462356 0.0040570004 0.003844577 0.007901577 248.4978099942 -48.45389423057 2081.99365 -3.322 -3.656999999999999 -2.4273749918937684 -1.4718748874664307 0.1385971 0.1295971 "" "" 28.0147402354503 "" 3.816617298673003 ""
248.37834217376 -48.19913857844 0.0318 0.0214 17.1674 "" "" 5941126388230831616 1849.84717 0.4943 0.0416 -2.595 -1.139 0.044 0.03 1.36 7760.9 3.1483 15.151897 2.110126 16.228619 14.118492 "" "" 1733.80591 1997.68835 16375.2436 4.884 4405.2 7.9189 17855.0 13.736 "" "" 0.0027742842154386163 0.00340505 0.0038705808 0.0072756307 248.37834217376 -48.19913857844 1849.84717 -2.5949999999999984 -1.1389999999999996 -1.7003749918937685 1.0461251125335693 0.1475971 0.1335971 "" "" 17.50507300961103 "" 2.518782552465672 ""
248.99698706415 -48.17073581173 0.0237 0.0152 10.6605 "" "" 5941138895201927424 1825.26196 0.51 0.0283 -2.302 -3.407 0.031 0.022 0.953 "" "" 15.15309 1.207518 15.664538 14.457021 "" "" 1735.63342 1925.65173 16357.27156 3.9439 7406.3 9.7051 13072.0 15.344 "" "" 0.0027677281440833443 0.0031319666 0.0039884755 0.007120442 248.99698706415 -48.17073581173 1825.26196 -2.302 -3.407 -1.4073749918937684 -1.2218748874664307 0.13459711 0.1255971 "" "" 16.124958725048764 "" 2.1092225681056282 ""
248.78669258711 -48.22285390234 0.0502 0.0322 3.5682 "" "" 5941135149990227456 2300.33105 0.4046 0.0656 -2.204 -3.488 0.069 0.048 2.085 "" "" 15.153506 1.481718 15.797899 14.316181 -10.75 9.48 2013.88562 2703.90454 16350.99887 12.285 6550.2 9.7712 14883.0 11.117 "" "" 0.0028735399031897904 0.0032261855 0.003865417 0.0070916023 248.78669258711 -48.22285390234 2300.33105 -2.2039999999999997 -3.4879999999999987 -1.3093749918937685 -1.3028748874664307 0.17259711 0.15159711 "" "" 20.14047680194361 "" 3.2726052477942034 ""
248.52753663581 -48.14207124028 0.0237 0.0155 13.4319 "" "" 5941148756447547392 2301.34399 0.3937 0.0323 -1.961 -3.938 0.035 0.023 1.079 7967.9 2.7696 15.156667 2.571554 16.55228 13.980726 -29.76 3.77 2131.43555 2435.25928 16303.47366 6.1722 3269.7 15.235 20271.0 37.738 "" "" 0.002785811072621349 0.0057773557 0.0042859456 0.010063302 248.52753663581 -48.14207124028 2301.34399 -1.9609999999999999 -3.9380000000000006 -1.0663749918937684 -1.7528748874664308 0.1385971 0.1265971 "" "" 22.381376616784678 "" 2.9084128767973088 ""
249.17117853775 -48.36727505055 0.0233 0.0153 16.0612 "" "" 5940947820718560256 2439.8606 0.3635 0.031 -3.536 -4.989 0.034 0.022 1.065 7777.8 2.8663 15.156739 2.506383 16.515753 14.00937 -40.1 3.38 2273.31128 2621.36938 16302.38865 5.2927 3381.5 8.8011 19743.0 19.037 "" "" 0.0027777762013977696 0.003971219 0.0039217025 0.007892922 249.17117853775 -48.36727505055 2439.8606 -3.5360000000000005 -4.9890000000000025 -2.6413749918937683 -2.8038748874664305 0.13759711 0.1255971 "" "" 44.54915508502541 "" 5.8526859171421535 ""
248.88144179913 -48.22115667235 0.0258 0.016 5.1938 "" "" 5941137898769716992 2310.65601 0.3813 0.0333 0.007 -1.971 0.034 0.024 1.057 "" "" 15.158356 2.266787 16.34638 14.079594 -41.82 3.31 2146.40991 2489.4978 16278.12153 5.4542 3952.4 7.3967 18506.0 15.438 "" "" 0.0027792324044829545 0.0034516156 0.003886398 0.0073380135 248.88144179913 -48.22115667235 2310.65601 0.007000000000000395 -1.9709999999999992 0.9016250081062317 0.21412511253356925 0.13759711 0.12759711 "" "" 10.149716124153251 "" 1.3913398853655332 ""
248.4195375474 -48.14617660255 0.0262 0.0157 16.8933 "" "" 5941150405714892544 1824.33704 0.5093 0.0321 0.746 -0.85 0.037 0.024 1.09 "" "" 15.158901 1.582002 15.88299 14.300988 "" "" 1725.23035 1963.54517 16269.94675 3.9526 6056.5 9.2091 15093.0 13.323 "" "" 0.0027679166557259597 0.0032419912 0.0038990094 0.0071410006 248.4195375474 -48.14617660255 1824.33704 0.746 -0.8500000000000003 1.6406250081062317 1.3351251125335692 0.1405971 0.12759711 "" "" 18.291173720962334 "" 2.4796847323180895 ""
248.79302377974 -48.50091283986 0.0282 0.0193 13.1178 "" "" 5941105050857922176 2479.3501 0.3689 0.0393 -4.328 -6.717 0.044 0.028 1.361 "" "" 15.16025 1.756576 15.996199 14.239622 -45.16 6.77 2274.44995 2796.75732 16249.75563 5.2225 5456.8 10.497 15970.0 10.854 "" "" 0.002777328108299025 0.0034852866 0.003850747 0.0073360335 248.79302377974 -48.50091283986 2479.3501 -4.328000000000001 -6.7170000000000005 -3.4333749918937686 -4.53187488746643 0.1475971 0.1315971 "" "" 66.81775381880969 "" 9.19728458312209 ""
248.59499661024 -48.05327547649 0.0263 0.0155 15.7907 "" "" 5941155319158117888 2204.91821 0.4203 0.0313 -2.742 -4.486 0.037 0.023 1.023 "" "" 15.160616 1.458716 15.811505 14.352789 "" "" 2055.48096 2364.27905 16244.27245 4.3794 6468.7 11.531 14389.0 12.201 "" "" 0.002770824601855324 0.0033957153 0.0038898974 0.0072856126 248.59499661024 -48.05327547649 2204.91821 -2.742 -4.486 -1.8473749918937683 -2.3008748874664304 0.1405971 0.1265971 "" "" 30.83902217385392 "" 4.078811230840356 ""
249.16821977838 -48.22936719957 0.0238 0.0149 15.4624 "" "" 5940950294619617280 2408.93555 0.3793 0.0308 0.503 -7.571 0.031 0.021 1.053 "" "" 15.163535 2.478842 16.50856 14.029718 -66.85 3.22 2223.32544 2621.63184 16200.66132 4.5527 3404.0 11.799 19376.0 14.757 "" "" 0.0027721622047009327 0.0046848906 0.0038687862 0.008553676 249.16821977838 -48.22936719957 2408.93555 0.5030000000000012 -7.571000000000003 1.3976250081062318 -5.38587488746643 0.13459711 0.1245971 "" "" 63.534708248988416 "" 7.957824500306952 ""
