Clusters/Dolidze_3/Dolidze_3_stars_in_region.tsv
# %ECSV 1.0
# ---
# datatype:
# - name: RA_ICRS_1
#   unit: deg
#   datatype: float64
#   format: '{:15.11f}'
#   description: Right ascension (ICRS) at Ep=2016.0 (ra)
#   meta: !!omap
#   - {ucd: POS_EQ_RA_MAIN}
#   - {width: 15}
#   - {precision: '11'}
# - name: DE_ICRS_1
#   unit: deg
#   datatype: float64
#   format: '{:15.11f}'
#   description: Declination (ICRS) at Ep=2016.0 (dec)
#   meta: !!omap
#   - {ucd: POS_EQ_DEC_MAIN}
#   - {width: 15}
#   - {precision: '11'}
# - name: e_RA_ICRS
#   unit: mas
#   datatype: float64
#   format: '{:7.4f}'
#   description: Standard error of right ascension (ra_error)
#   meta: !!omap
#   - {ucd: ERROR}
#   - {width: 7}
#   - {precision: '4'}
# - name: e_DE_ICRS
#   unit: mas
#   datatype: float64
#   format: '{:7.4f}'
#   description: Standard error of declination (dec_error)
#   meta: !!omap
#   - {ucd: ERROR}
#   - {width: 7}
#   - {precision: '4'}
# - name: _r_1
#   unit: ''
#   datatype: float64
#   format: '{:7.4f}'
#   description: Distance from center (303.80100709000+36.83360600000)[ICRS], at Epoch=J2016.0
#   meta: !!omap
#   - {ucd: POS_ANG_DIST_GENERAL}
#   - {width: 7}
#   - {precision: '4'}
# - name: HIP
#   datatype: int32
#   description: '? HIP cross-id number, van Leeuwen, Cat. I/311 (hip_original_ext_source_id)'
#   meta: !!omap
#   - {ucd: ID_NUMBER}
#   - {width: 6}
#   - values: {'null': -2147483648}
# - name: TYC2
#   datatype: string
#   description: Tycho-2 cross-id name, Hog et al., Cat. I/259 (tyc2_original_ext_source_id)
#   meta: !!omap
#   - {ucd: ID_CROSSID}
#   - {_votable_string_dtype: char}
# - name: Source
#   datatype: int64
#   description: Source identifier, identical to the Gaia-EDR3 source_id (id)
#   meta: !!omap
#   - {ucd: ID_MAIN}
#   - {width: 19}
# - name: rgeo
#   unit: pc
#   datatype: float64
#   format: '{:15.8f}'
#   description: '? Median of the geometric distance posterior (r_med_geo)'
#   meta: !!omap
#   - {ucd: PHYS_DISTANCE_TRUE}
#   - {width: 15}
#   - {precision: '8'}
#   - values: {'null': .nan}
# - name: Plx
#   unit: mas
#   datatype: float64
#   format: '{:9.4f}'
#   description: '? Parallax (parallax)'
#   meta: !!omap
#   - {ucd: POS_PARLX_TRIG}
#   - {width: 9}
#   - {precision: '4'}
#   - values: {'null': .nan}
# - name: e_Plx
#   unit: mas
#   datatype: float32
#   format: '{:7.4f}'
#   description: '? Standard error of parallax (parallax_error)'
#   meta: !!omap
#   - {ucd: ERROR}
#   - {width: 7}
#   - {precision: '4'}
#   - values: {'null': .nan}
# - name: pmRA
#   unit: mas / yr
#   datatype: float64
#   format: '{:9.3f}'
#   description: '? Proper motion in right ascension direction, pmRA*cosDE (pmra)'
#   meta: !!omap
#   - {ucd: POS_EQ_PMRA}
#   - {width: 9}
#   - {precision: '3'}
#   - values: {'null': .nan}
# - name: pmDE
#   unit: mas / yr
#   datatype: float64
#   format: '{:9.3f}'
#   description: '? Proper motion in declination direction (pmdec)'
#   meta: !!omap
#   - {ucd: POS_EQ_PMDEC}
#   - {width: 9}
#   - {precision: '3'}
#   - values: {'null': .nan}
# - name: e_pmRA
#   unit: mas / yr
#   datatype: float32
#   format: '{:6.3f}'
#   description: '? Standard error of proper motion in right ascension direction (pmra_error)'
#   meta: !!omap
#   - {ucd: ERROR}
#   - {width: 6}
#   - {precision: '3'}
#   - values: {'null': .nan}
# - name: e_pmDE
[...]
#         value: !astropy.table.SerializedColumn {name: SkyCoord.dec}
#       distance: !astropy.table.SerializedColumn
#         __class__: astropy.coordinates.distances.Distance
#         unit: !astropy.units.Unit {unit: pc}
#         value: !astropy.table.SerializedColumn {name: SkyCoord.distance}
#       frame: icrs
#       obstime: !astropy.time.Time {format: jyear_str, in_subfmt: '*', jd1: 367701545.0, jd2: 0.0, out_subfmt: '*', precision: 3, scale: tt}
#       pm_dec: !astropy.table.SerializedColumn
#         __class__: astropy.units.quantity.Quantity
#         unit: !astropy.units.Unit {unit: mas / yr}
#         value: !astropy.table.SerializedColumn {name: SkyCoord.pm_dec}
#       pm_ra_cosdec: !astropy.table.SerializedColumn
#         __class__: astropy.units.quantity.Quantity
#         unit: !astropy.units.Unit {unit: mas / yr}
#         value: !astropy.table.SerializedColumn {name: SkyCoord.pm_ra_cosdec}
#       ra: !astropy.table.SerializedColumn
#         __class__: astropy.coordinates.angles.Longitude
#         unit: *id001
#         value: !astropy.table.SerializedColumn {name: SkyCoord.ra}
#         wrap_angle: !astropy.coordinates.Angle
#           unit: *id001
#           value: 360.0
#       representation_type: spherical
# schema: astropy-2.0
RA_ICRS_1 DE_ICRS_1 e_RA_ICRS e_DE_ICRS _r_1 HIP TYC2 Source rgeo Plx e_Plx pmRA pmDE e_pmRA e_pmDE RUWE Teff logg Gmag BP-RP BPmag RPmag RV e_RV b_rgeo B_rgeo FG e_FG FBP e_FBP FRP e_FRP RAVE5 RAVE6 e_Gmag e_BPmag e_RPmag e_BP-RP SkyCoord.ra SkyCoord.dec SkyCoord.distance SkyCoord.pm_ra_cosdec SkyCoord.pm_dec rmRA rmDE e_rmRA e_rmDE rRV e_rRV v_pec v_pec3d e_vpec e_vpec3d
[from data line 1046]
303.5678825579 36.52517792839 0.0259 0.0301 21.6402 "" "" 2060484245015691904 2000.70081 0.4807 0.0344 -2.028 -3.809 0.039 0.043 0.96 6513.1 4.3294 16.177208 1.250694 16.710625 15.45993 "" "" 1876.07776 2157.11743 6368.88701 2.4499 2826.0 12.589 5190.2 13.719 "" "" 0.002786793537187484 0.0055837347 0.004745513 0.010329248 303.5678825579 36.52517792839 2000.70081 -2.028 -3.8089999999999997 0.78366672706604 1.862999931335449 0.0847918 0.0887918 "" "" 19.166875667553576 "" 1.6905571536131534 ""
304.06369124559 36.86898959926 0.0771 0.0912 12.7893 "" "" 2060609073941201280 2088.18579 0.4854 0.1029 -4.07 -7.151 0.106 0.112 3.441 7032.7 3.9183 16.177536 1.557289 16.841675 15.284386 "" "" 1770.72144 2563.82837 6366.96764 10.064 2504.6 7.6937 6101.0 11.068 "" "" 0.0032460831149021593 0.0043483987 0.0042618434 0.008610242 304.06369124559 36.86898959926 2088.18579 -4.0699999999999985 -7.151 -1.2583332729339602 -1.4790000686645506 0.1517918 0.15779181 "" "" 19.220591600010124 "" 2.9849693714854917 ""
304.20626278254 36.73963937056 0.0251 0.03 20.2732 "" "" 2060559698995365376 1739.15466 0.554 0.034 2.047 -0.634 0.035 0.04 1.077 7193.1 4.244 16.180902 1.840247 17.08274 15.242494 "" "" 1656.02319 1822.26282 6347.248 2.651 2006.0 7.167 6341.0 8.8497 "" "" 0.0027923868737172704 0.004778331 0.0040718326 0.008850164 304.20626278254 36.73963937056 1739.15466 2.0470000000000006 -0.6340000000000001 4.858666727066041 5.037999931335449 0.0807918 0.0857918 "" "" 57.69813570193246 "" 4.813166486000129 ""
303.95780550432 36.82221975395 0.0273 0.0332 7.5614 "" "" 2060514958308155520 1704.63696 0.5625 0.0378 -2.067 -8.588 0.038 0.041 1.071 5151.8 4.1699 16.181273 1.688735 16.98511 15.296374 "" "" 1616.66504 1822.95166 6345.09202 2.7829 2194.7 8.0487 6034.0 13.547 "" "" 0.0027961670585204285 0.0048620417 0.0044972897 0.009359332 303.95780550432 36.82221975395 1704.63696 -2.067 -8.588 0.7446667270660399 -2.91600006866455 0.0837918 0.0867918 "" "" 24.317361435433455 "" 2.1061538384946044 ""
303.81990458249 36.63862363829 0.0254 0.0263 11.7342 "" "" 2060506510126866304 2002.1781 0.4754 0.0333 -1.806 -4.983 0.035 0.033 0.93 6820.7 4.2329 16.182613 1.400462 16.814823 15.414361 "" "" 1885.59033 2105.59839 6337.25799 2.4602 2567.4 6.7119 5412.7 11.331 "" "" 0.0027873729926172187 0.0039801584 0.004410188 0.008390347 303.81990458249 36.63862363829 2002.1781 -1.8060000000000007 -4.983000000000005 1.00566672706604 0.6889999313354496 0.0807918 0.0787918 "" "" 11.569193600301599 "" 0.9273673200006716 ""
303.56310232171 36.79955139692 0.0258 0.0297 11.6086 "" "" 2060525098745904000 1839.7627 0.5247 0.0332 -3.06 -5.644 0.034 0.037 0.998 5254.1 4.1706 16.183659 1.531782 16.888586 15.356804 "" "" 1740.42578 1957.28564 6331.15889 7.1539 2398.7 15.559 5707.4 21.434 "" "" 0.00301610648750005 0.0075751296 0.0055596195 0.01313475 303.56310232171 36.79955139692 1839.7627 -3.0600000000000005 -5.6439999999999975 -0.24833327293396001 0.02799993133544909 0.0797918 0.082791805 "" "" 2.1793060846171857 "" 0.17397434884809215 ""
303.85959743199 36.5553676281 0.0253 0.028 16.9306 "" "" 2060504723420337024 1910.29333 0.5047 0.0333 0.12 -5.74 0.035 0.035 1.066 7184.0 4.2664 16.185905 1.576528 16.921629 15.345101 "" "" 1788.10583 2023.55872 6318.07702 2.4619 2326.8 7.5939 5769.2 7.0881 "" "" 0.0027876110962814764 0.004510134 0.0040078848 0.008518019 303.85959743199 36.5553676281 1910.29333 0.11999999999999988 -5.74 2.93166672706604 -0.068000068664551 0.0807918 0.0807918 "" "" 26.552767622448687 "" 2.145245923440202 ""
304.00398233976 37.13227120532 0.034 0.052 20.3903 "" "" 2060628040504824064 2107.24683 0.4679 0.0488 -3.095 -6.167 0.046 0.064 1.095 "" "" 16.186037 "" "" "" "" "" 1902.75098 2307.99121 6317.31091 4.384 "" "" "" "" "" "" 0.002856483433368557 "" "" "" 304.00398233976 37.13227120532 2107.24683 -3.0949999999999993 -6.167 -0.28333327293396016 -0.4950000686645506 0.0917918 0.1097918 "" "" 5.696887710066066 "" 0.6017920605898928 ""
303.85435730884 37.13415037256 0.0268 0.0303 18.213 "" "" 2060630170820908928 1559.3551 0.6144 0.0351 -2.065 -1.297 0.035 0.036 1.023 5762.8 4.2514 16.186043 1.510879 16.876537 15.365658 "" "" 1488.87061 1654.68469 6317.27663 2.6442 2425.5 8.0236 5661.0 8.9951 "" "" 0.0027925466344463946 0.004548065 0.004154517 0.008702582 303.85435730884 37.13415037256 1559.3551 -2.0650000000000004 -1.2969999999999995 0.7466667270660401 4.3749999313354495 0.0807918 0.0817918 "" "" 32.804689243369054 "" 2.682231740565393 ""
303.92345302292 37.11178185359 0.027 0.0289 17.6925 "" "" 2060627284602827392 1902.92151 0.5024 0.0349 -4.627 -9.181 0.034 0.036 1.016 6672.0 4.2338 16.187315 1.566219 16.917387 15.351168 "" "" 1786.86816 2015.97485 6309.87043 2.6126 2335.9 7.6261 5737.1 8.9426 "" "" 0.002791752761281337 0.004511047 0.0041409964 0.0086520435 303.92345302292 37.11178185359 1902.92151 -4.627000000000005 -9.181000000000004 -1.8153332729339597 -3.50900006866455 0.0797918 0.0817918 "" "" 35.635267981825876 "" 2.899771287956136 ""
304.0535585838 36.89583857268 0.0244 0.0303 12.6853 "" "" 2060609451898331008 1584.69678 0.6143 0.0332 -3.84 -5.859 0.032 0.038 0.975 4917.4 4.1738 16.187532 1.669642 16.98033 15.310688 "" "" 1496.76331 1672.09241 6308.60756 2.4348 2204.4 8.4691 5955.0 7.0419 "" "" 0.002787002474847723 0.0050184433 0.003991508 0.009009952 304.0535585838 36.89583857268 1584.69678 -3.84 -5.859 -1.0283332729339598 -0.18700006866455077 0.0777918 0.0837918 "" "" 7.8509639855429745 "" 0.6123046462911349 ""
303.99124893326 36.65830557293 0.0258 0.0292 13.9386 "" "" 2060464831761716352 2267.93457 0.4208 0.0349 -3.244 -2.507 0.037 0.037 1.05 6757.0 3.9506 16.189054 1.6957 16.99359 15.29789 "" "" 2054.19873 2450.73071 6299.77146 2.9598 2177.6 7.1276 6025.6 8.7542 "" "" 0.0028021419030364665 0.004518223 0.0040953513 0.008613574 303.99124893326 36.65830557293 2267.93457 -3.2440000000000007 -2.507000000000003 -0.4323332729339602 3.164999931335449 0.082791805 0.082791805 "" "" 34.339739402177415 "" 2.843049017516069 ""
303.45096910232 36.86918202525 0.0255 0.0302 16.9409 "" "" 2060714077310788480 1869.39612 0.5035 0.034 -4.966 -12.152 0.034 0.037 0.958 4860.4 4.0818 16.189087 1.815033 17.081184 15.266151 "" "" 1753.17896 2022.20813 6299.58157 2.9408 2008.8 6.5645 6204.4 10.239 "" "" 0.002801550411089012 0.004513721 0.0041826023 0.008696323 303.45096910232 36.86918202525 1869.39612 -4.966 -12.152000000000001 -2.15433327293396 -6.48000006866455 0.0797918 0.082791805 "" "" 60.508950041259396 "" 4.991873955889085 ""
303.73566968103 36.78900210308 0.0264 0.0269 4.1247 "" "" 2060522899722360832 2160.50122 0.4368 0.0334 -2.085 -4.664 0.034 0.035 0.931 7197.1 4.2894 16.201618 1.422196 16.84218 15.419984 "" "" 2018.63855 2333.02002 6227.29132 2.5811 2503.5 9.194 5384.7 8.9001 "" "" 0.002791828375028691 0.004866598 0.004183798 0.009050396 303.73566968103 36.78900210308 2160.50122 -2.0850000000000004 -4.663999999999996 0.7266667270660401 1.0079999313354495 0.0797918 0.0807918 "" "" 12.72540899483803 "" 1.0237747464297098 ""
303.342752214 36.72887085108 0.0301 0.0372 22.9008 "" "" 2060501768481724416 1974.73254 0.4996 0.0411 1.268 -6.442 0.042 0.044 1.087 5886.8 4.3572 16.20208 1.335098 16.775778 15.44068 "" "" 1825.34033 2236.56885 6224.65228 2.9214 2661.4 13.151 5283.1 21.888 "" "" 0.002802043304841774 0.0060472055 0.005875184 0.011922389 303.342752214 36.72887085108 1974.73254 1.2680000000000007 -6.442 4.07966672706604 -0.770000068664551 0.0877918 0.089791805 "" "" 38.860839912986535 "" 3.4143659451779023 ""
303.55301901978 36.53320656705 0.0272 0.0316 21.6159 "" "" 2060483935778051456 2133.13916 0.4504 0.0371 -2.157 -5.952 0.04 0.044 1.028 6507.4 4.3773 16.20457 1.287557 16.77016 15.482604 "" "" 2016.0614 2304.60791 6210.38531 2.5761 2675.2 9.7512 5083.0 8.2259 "" "" 0.0027918849645484334 0.004842234 0.0041678534 0.009010088 303.55301901978 36.53320656705 2133.13916 -2.157 -5.952 0.65466672706604 -0.28000006866455074 0.0857918 0.089791805 "" "" 7.199405092669923 "" 0.6221902580461394 ""
303.5057734694 36.5223187531 0.0257 0.034 23.4663 "" "" 2060484068910402688 2102.75537 0.4557 0.0361 -0.614 -4.055 0.038 0.047 1.012 7095.3 4.3395 16.204987 1.243826 16.737804 15.493979 "" "" 1983.95325 2255.0166 6208.00743 2.5778 2756.1 9.0649 5030.0 14.864 "" "" 0.002791960788170769 0.0045318026 0.0049575926 0.009489395 303.5057734694 36.5223187531 2102.75537 -0.6140000000000022 -4.055 2.19766672706604 1.6169999313354495 0.0837918 0.092791796 "" "" 27.19460494183414 "" 2.3675328208448074 ""
303.75554071903 37.06723487977 0.0243 0.0273 14.1862 "" "" 2060535887703772032 1874.92053 0.5106 0.0324 -4.427 -7.588 0.031 0.034 0.925 6340.6 4.0219 16.20547 1.642996 16.975756 15.33276 "" "" 1744.65918 2016.39893 6205.24303 2.5909 2213.7 7.9751 5835.2 6.3321 "" "" 0.0027923644282467175 0.0048046606 0.0039587705 0.008763431 303.75554071903 37.06723487977 1874.92053 -4.426999999999999 -7.587999999999997 -1.6153332729339596 -1.9160000686645509 0.0767918 0.0797918 "" "" 22.271701700022177 "" 1.7496493276634146 ""
303.49749178124 37.11876793425 0.0352 0.0362 22.4588 "" "" 2060726893493441408 1764.0564 0.5431 0.0391 -3.272 -5.331 0.045 0.046 1.0 "" "" 16.20704 "" "" "" "" "" 1655.50073 1908.88367 6196.26751 7.3189 "" "" "" "" "" "" 0.003039155105307174 "" "" "" 303.49749178124 37.11876793425 1764.0564 -3.2719999999999994 -5.3309999999999995 -0.46033327293395976 0.3409999313354488 0.09079181 0.0917918 "" "" 4.790181197103547 "" 0.43661242750037993 ""
303.82362493541 37.12850299856 0.0284 0.031 17.727 "" "" 2060630239540403584 1937.86365 0.4902 0.0363 -3.344 -7.948 0.036 0.038 1.16 4941.4 3.1153 16.20721 1.877017 17.128477 15.25146 "" "" 1826.11584 2093.80542 6195.30806 2.9103 1923.2 6.3256 6288.9 12.506 "" "" 0.0028021284973764283 0.0045318627 0.0043526245 0.008884488 303.82362493541 37.12850299856 1937.86365 -3.344 -7.948 -0.5323332729339598 -2.276000068664551 0.0817918 0.0837918 "" "" 21.470354677616285 "" 1.796837688370687 ""
303.71227831632 36.46071376306 0.0359 0.041 22.7776 "" "" 2060479258534855936 1997.92175 0.4727 0.0498 -3.392 -4.91 0.051 0.055 1.366 5521.5 4.2363 16.209675 1.757853 16.859459 15.101606 "" "" 1817.59753 2194.43701 6181.25432 4.3164 2464.0 19.496 7219.6 95.269 "" "" 0.0028577296026800368 0.009032462 0.014817346 0.023849808 303.71227831632 36.46071376306 1997.92175 -3.391999999999997 -4.91 -0.5803332729339599 0.7619999313354491 0.096791804 0.1007918 "" "" 9.070754813275466 "" 0.9011080158240666 ""
303.723200039 36.72924587906 0.0264 0.0279 7.293 "" "" 2060510530216494208 2243.26147 0.4207 0.0352 -3.342 -2.926 0.035 0.035 1.051 6814.4 3.9882 16.21026 1.469936 16.879154 15.409218 "" "" 2054.78345 2465.4375 6177.92719 2.4632 2419.7 8.012 5438.4 8.561 "" "" 0.0027891192690362144 0.004550754 0.0041478775 0.008698631 303.723200039 36.72924587906 2243.26147 -3.342 -2.926 -0.53033327293396 2.745999931335449 0.0807918 0.0807918 "" "" 29.73792978407133 "" 2.402580911637068 ""
304.07332207536 36.9615362011 0.025 0.0299 15.1541 "" "" 2060612917919327232 1861.15149 0.5128 0.0326 -1.668 -4.52 0.032 0.038 0.983 6668.2 3.9651 16.210957 1.825558 17.102411 15.276854 "" "" 1755.14795 1983.45459 6173.96857 2.6968 1969.9 5.873 6143.5 17.097 "" "" 0.002795836870826712 0.0042735343 0.004838743 0.009112277 304.07332207536 36.9615362011 1861.15149 -1.668 -4.52 1.1436667270660401 1.1519999313354496 0.0777918 0.0837918 "" "" 14.320452996167393 "" 1.1580841832079383 ""
303.45644540542 36.69997962572 0.0269 0.034 18.3999 "" "" 2060500943847844992 1853.65039 0.5159 0.0361 -2.923 -5.745 0.037 0.041 1.021 5034.2 4.1826 16.211157 1.495036 16.895493 15.400456 "" "" 1735.00476 1991.90076 6172.82454 7.6639 2383.5 11.182 5482.5 24.507 "" "" 0.003067392376029936 0.0058077765 0.0061512683 0.011959044 303.45644540542 36.69997962572 1853.65039 -2.923000000000002 -5.745000000000001 -0.11133327293396 -0.07300006866455089 0.082791805 0.0867918 "" "" 1.1697373535591504 "" 0.09827488178132923 ""
303.48052789222 36.55464567514 0.0266 0.0348 22.7568 "" "" 2060495892966198912 1977.95276 0.4864 0.0378 0.18 -3.206 0.038 0.045 1.042 5888.3 4.4268 16.212704 1.319373 16.787727 15.468354 "" "" 1848.9425 2117.67798 6164.03785 2.647 2632.2 9.7407 5150.1 8.9477 "" "" 0.0027944896770206343 0.0048916563 0.00422398 0.009115636 303.48052789222 36.55464567514 1977.95276 0.18000000000000027 -3.206 2.99166672706604 2.4659999313354493 0.0837918 0.09079181 "" "" 36.34891495142114 "" 3.151155972841508 ""
303.79632479309 37.10447063108 0.0251 0.0285 16.2534 "" "" 2060536437460794368 2011.90112 0.4726 0.0341 -1.248 -3.647 0.033 0.034 0.982 6822.3 4.1822 16.213556 1.437109 16.859076 15.421967 "" "" 1876.08838 2153.53003 6159.20161 2.6497 2464.8 9.8956 5374.9 11.438 "" "" 0.0027946302876751643 0.0051754946 0.0044296826 0.009605177 303.79632479309 37.10447063108 2011.90112 -1.2480000000000018 -3.647000000000003 1.56366672706604 2.0249999313354494 0.0787918 0.0797918 "" "" 24.398453789419055 "" 1.9377187244218146 ""
303.85921317614 36.89908952882 0.0281 0.0309 4.8212 "" "" 2060519257590033536 2010.69116 0.4795 0.0363 1.853 -0.756 0.036 0.037 1.091 6540.0 4.1808 16.214062 1.54925 16.9326 15.38335 "" "" 1899.71094 2120.55957 6156.32898 2.5523 2303.4 9.3394 5569.5 8.408 "" "" 0.0027918457893882746 0.0052119847 0.0041195047 0.009331489 303.85921317614 36.89908952882 2010.69116 1.853 -0.756 4.66466672706604 4.915999931335449 0.0817918 0.082791805 "" "" 64.58829638069982 "" 5.316878457215636 ""
304.21905545287 37.03188305878 0.0259 0.0331 23.3136 "" "" 2060611960159329664 1601.46814 0.6011 0.0354 -1.14 -2.282 0.033 0.045 0.985 6735.1 4.216 16.216496 1.684701 17.01826 15.333558 "" "" 1513.31506 1689.98376 6142.54331 2.4657 2128.7 8.9033 5830.9 9.8438 "" "" 0.0027895763939573387 0.005329786 0.00420041 0.009530196 304.21905545287 37.03188305878 1601.46814 -1.1399999999999997 -2.282 1.6716667270660401 3.389999931335449 0.0787918 0.09079181 "" "" 28.691986582556645 "" 2.5413234204490633 ""
304.18693400545 37.0289679941 0.0839 0.1101 21.909 "" "" 2060612097598296960 1584.43323 0.6172 0.1123 -1.464 -4.907 0.103 0.129 3.622 4845.0 3.7484 16.217255 2.157799 17.266197 15.108398 "" "" 1412.05359 1846.73279 6138.2539 6.9173 1694.1 7.2322 7174.6 14.162 "" "" 0.003014767844219919 0.00541007 0.0043447427 0.009754812 304.18693400545 37.0289679941 1584.43323 -1.463999999999999 -4.907 1.34766672706604 0.7649999313354492 0.1487918 0.1747918 "" "" 11.638239634021494 "" 1.8100840795764166 ""
303.55188018393 37.02542663926 0.0243 0.0281 16.5902 "" "" 2060722564166195072 2144.44385 0.4411 0.0317 -2.895 -6.408 0.033 0.036 0.994 6334.4 4.088 16.217802 1.481853 16.878273 15.39642 "" "" 2002.53772 2287.28125 6135.1649 2.4219 2421.6 12.22 5502.9 15.299 "" "" 0.002788456410953419 0.0061484436 0.004836865 0.010985308 303.55188018393 37.02542663926 2144.44385 -2.8950000000000005 -6.4079999999999995 -0.08333327293395998 -0.7360000686645511 0.0787918 0.0817918 "" "" 7.528994270875868 "" 0.615529301143868 ""
303.90853118152 36.86471851042 0.0801 0.0879 5.4897 "" "" 2060518261157510656 1708.05725 0.607 0.1044 -0.384 -2.523 0.104 0.107 3.133 5443.1 4.651 16.21787 1.556457 16.884459 15.328002 "" "" 1486.95947 2142.09692 6134.76956 8.3759 2407.9 7.8124 5860.8 9.346 "" "" 0.003128772875731295 0.0044937916 0.004157092 0.008650884 303.90853118152 36.86471851042 1708.05725 -0.384 -2.523 2.42766672706604 3.148999931335449 0.1497918 0.1527918 "" "" 32.19166873315103 "" 4.882845127779915 ""
303.44044612383 36.91094103461 0.0257 0.0309 17.9176 "" "" 2060714523987456768 2276.05054 0.4213 0.0345 -0.723 -2.67 0.035 0.039 1.043 6694.8 4.2916 16.218462 1.437466 16.86794 15.430475 "" "" 2128.84082 2451.90552 6131.43609 2.7179 2444.8 7.0976 5333.0 7.0322 "" "" 0.00279703726098725 0.004209565 0.004041462 0.008251027 303.44044612383 36.91094103461 2276.05054 -0.723 -2.67 2.08866672706604 3.0019999313354493 0.0807918 0.0847918 "" "" 39.454772612368764 "" 3.2947943838472 ""
