Clusters/Dolidze_3/Dolidze_3_stars_in_region.tsv
# %ECSV 1.0
# ---
# datatype:
# - name: RA_ICRS_1
#   unit: deg
#   datatype: float64
#   format: '{:15.11f}'
#   description: Right ascension (ICRS) at Ep=2016.0 (ra)
#   meta: !!omap
#   - {ucd: POS_EQ_RA_MAIN}
#   - {width: 15}
#   - {precision: '11'}
# - name: DE_ICRS_1
#   unit: deg
#   datatype: float64
#   format: '{:15.11f}'
#   description: Declination (ICRS) at Ep=2016.0 (dec)
#   meta: !!omap
#   - {ucd: POS_EQ_DEC_MAIN}
#   - {width: 15}
#   - {precision: '11'}
# - name: e_RA_ICRS
#   unit: mas
#   datatype: float64
#   format: '{:7.4f}'
#   description: Standard error of right ascension (ra_error)
#   meta: !!omap
#   - {ucd: ERROR}
#   - {width: 7}
#   - {precision: '4'}
# - name: e_DE_ICRS
#   unit: mas
#   datatype: float64
#   format: '{:7.4f}'
#   description: Standard error of declination (dec_error)
#   meta: !!omap
#   - {ucd: ERROR}
#   - {width: 7}
#   - {precision: '4'}
# - name: _r_1
#   unit: ''
#   datatype: float64
#   format: '{:7.4f}'
#   description: Distance from center (303.80100709000+36.83360600000)[ICRS], at Epoch=J2016.0
#   meta: !!omap
#   - {ucd: POS_ANG_DIST_GENERAL}
#   - {width: 7}
#   - {precision: '4'}
# - name: HIP
#   datatype: int32
#   description: '? HIP cross-id number, van Leeuwen, Cat. I/311 (hip_original_ext_source_id)'
#   meta: !!omap
#   - {ucd: ID_NUMBER}
#   - {width: 6}
#   - values: {'null': -2147483648}
# - name: TYC2
#   datatype: string
#   description: Tycho-2 cross-id name, Hog et al., Cat. I/259 (tyc2_original_ext_source_id)
#   meta: !!omap
#   - {ucd: ID_CROSSID}
#   - {_votable_string_dtype: char}
# - name: Source
#   datatype: int64
#   description: Source identifier, identical to the Gaia-EDR3 source_id (id)
#   meta: !!omap
#   - {ucd: ID_MAIN}
#   - {width: 19}
# - name: rgeo
#   unit: pc
#   datatype: float64
#   format: '{:15.8f}'
#   description: '? Median of the geometric distance posterior (r_med_geo)'
#   meta: !!omap
#   - {ucd: PHYS_DISTANCE_TRUE}
#   - {width: 15}
#   - {precision: '8'}
#   - values: {'null': .nan}
# - name: Plx
#   unit: mas
#   datatype: float64
#   format: '{:9.4f}'
#   description: '? Parallax (parallax)'
#   meta: !!omap
#   - {ucd: POS_PARLX_TRIG}
#   - {width: 9}
#   - {precision: '4'}
#   - values: {'null': .nan}
# - name: e_Plx
#   unit: mas
#   datatype: float32
#   format: '{:7.4f}'
#   description: '? Standard error of parallax (parallax_error)'
#   meta: !!omap
#   - {ucd: ERROR}
#   - {width: 7}
#   - {precision: '4'}
#   - values: {'null': .nan}
# - name: pmRA
#   unit: mas / yr
#   datatype: float64
#   format: '{:9.3f}'
#   description: '? Proper motion in right ascension direction, pmRA*cosDE (pmra)'
#   meta: !!omap
#   - {ucd: POS_EQ_PMRA}
#   - {width: 9}
#   - {precision: '3'}
#   - values: {'null': .nan}
# - name: pmDE
#   unit: mas / yr
#   datatype: float64
#   format: '{:9.3f}'
#   description: '? Proper motion in declination direction (pmdec)'
#   meta: !!omap
#   - {ucd: POS_EQ_PMDEC}
#   - {width: 9}
#   - {precision: '3'}
#   - values: {'null': .nan}
# - name: e_pmRA
#   unit: mas / yr
#   datatype: float32
#   format: '{:6.3f}'
#   description: '? Standard error of proper motion in right ascension direction (pmra_error)'
#   meta: !!omap
#   - {ucd: ERROR}
#   - {width: 6}
#   - {precision: '3'}
#   - values: {'null': .nan}
# - name: e_pmDE
[...]
#         value: !astropy.table.SerializedColumn {name: SkyCoord.dec}
#       distance: !astropy.table.SerializedColumn
#         __class__: astropy.coordinates.distances.Distance
#         unit: !astropy.units.Unit {unit: pc}
#         value: !astropy.table.SerializedColumn {name: SkyCoord.distance}
#       frame: icrs
#       obstime: !astropy.time.Time {format: jyear_str, in_subfmt: '*', jd1: 367701545.0, jd2: 0.0, out_subfmt: '*', precision: 3, scale: tt}
#       pm_dec: !astropy.table.SerializedColumn
#         __class__: astropy.units.quantity.Quantity
#         unit: !astropy.units.Unit {unit: mas / yr}
#         value: !astropy.table.SerializedColumn {name: SkyCoord.pm_dec}
#       pm_ra_cosdec: !astropy.table.SerializedColumn
#         __class__: astropy.units.quantity.Quantity
#         unit: !astropy.units.Unit {unit: mas / yr}
#         value: !astropy.table.SerializedColumn {name: SkyCoord.pm_ra_cosdec}
#       ra: !astropy.table.SerializedColumn
#         __class__: astropy.coordinates.angles.Longitude
#         unit: *id001
#         value: !astropy.table.SerializedColumn {name: SkyCoord.ra}
#         wrap_angle: !astropy.coordinates.Angle
#           unit: *id001
#           value: 360.0
#       representation_type: spherical
# schema: astropy-2.0
RA_ICRS_1 DE_ICRS_1 e_RA_ICRS e_DE_ICRS _r_1 HIP TYC2 Source rgeo Plx e_Plx pmRA pmDE e_pmRA e_pmDE RUWE Teff logg Gmag BP-RP BPmag RPmag RV e_RV b_rgeo B_rgeo FG e_FG FBP e_FBP FRP e_FRP RAVE5 RAVE6 e_Gmag e_BPmag e_RPmag e_BP-RP SkyCoord.ra SkyCoord.dec SkyCoord.distance SkyCoord.pm_ra_cosdec SkyCoord.pm_dec rmRA rmDE e_rmRA e_rmDE rRV e_rRV v_pec v_pec3d e_vpec e_vpec3d
[from data line 1430]
303.49626622906 37.06144113617 0.03 0.0358 20.01 "" "" 2060717788162701440 1863.69604 0.5092 0.0397 -4.933 -11.175 0.041 0.046 1.014 5582.4 4.4606 16.60727 1.391269 17.235134 15.843865 "" "" 1700.6073 1998.49878 4285.86846 2.014 1743.3 6.2707 3644.3 7.0513 "" "" 0.002802159661462191 0.0047997274 0.0043240003 0.009123728 303.49626622906 37.06144113617 1863.69604 -4.933 -11.174999999999986 -2.12133327293396 -5.5030000686645515 0.0867918 0.0917918 "" "" 52.09995471719533 "" 4.7494512857935725 ""
303.52184608347 36.9387571591 0.0325 0.0379 14.8081 "" "" 2060715864017155968 2033.73877 0.4744 0.0434 -0.87 -2.322 0.043 0.051 1.033 6669.4 4.3496 16.609032 1.473265 17.269423 15.796158 "" "" 1848.11804 2319.64648 4278.92151 2.4285 1689.1 5.5545 3808.0 9.5184 "" "" 0.0028233850251427285 0.0045312946 0.0046528373 0.009184131 303.52184608347 36.9387571591 2033.73877 -0.87 -2.322 1.94166672706604 3.349999931335449 0.0887918 0.096791804 "" "" 37.32600765705156 "" 3.5401341506784343 ""
303.53083026052 37.11028328955 0.0306 0.0357 21.055 "" "" 2060723899879641088 1779.60291 0.5494 0.0399 -5.894 -6.676 0.04 0.045 0.952 5565.9 4.4867 16.609465 1.340278 17.207466 15.867188 "" "" 1667.54504 1894.37085 4277.21436 2.1455 1788.3 8.4109 3566.8 7.4319 "" "" 0.002808629181775734 0.0058190855 0.0044047264 0.0102238115 303.53083026052 37.11028328955 1779.60291 -5.894 -6.676 -3.08233327293396 -1.004000068664551 0.0857918 0.09079181 "" "" 27.344998226098628 "" 2.3594349403204777 ""
303.68456975365 37.19514273288 0.0322 0.0376 22.398 "" "" 2060726275018924416 1821.73499 0.5266 0.0422 0.769 1.05 0.042 0.047 1.005 5499.3 4.4489 16.611866 1.461988 17.242615 15.780626 "" "" 1694.17029 1968.88965 4267.76082 2.5311 1731.3 8.1995 3862.8 10.914 "" "" 0.002829562764826092 0.005850307 0.00486767 0.010717977 303.68456975365 37.19514273288 1821.73499 0.769 1.05 3.58066672706604 6.721999931335449 0.0877918 0.092791796 "" "" 65.76604306970319 "" 6.031411474226547 ""
303.66914313947 36.85557961814 0.0349 0.0402 6.4674 "" "" 2060524239752353152 1797.96411 0.5461 0.0448 -0.738 -4.515 0.044 0.05 0.989 6650.2 4.3508 16.611967 1.613114 17.366375 15.753261 "" "" 1643.7074 1997.03491 4267.36292 2.3194 1544.8 7.8975 3961.4 11.205 "" "" 0.0028178060755910668 0.0062124436 0.004869815 0.011082258 303.66914313947 36.85557961814 1797.96411 -0.7380000000000002 -4.515000000000002 2.07366672706604 1.1569999313354495 0.089791805 0.0957918 "" "" 20.237203209344443 "" 1.8466839446863559 ""
304.19724512315 36.60926423299 0.0329 0.0374 23.3308 "" "" 2060461498866821248 1614.46729 0.6063 0.045 -9.944 -13.1 0.044 0.048 0.999 "" "" 16.614101 1.690551 17.415573 15.725022 "" "" 1492.68567 1749.87415 4258.98286 2.3604 1476.3 7.2302 4065.8 6.9037 "" "" 0.002820261033589632 0.0060049878 0.004205055 0.010210043 304.19724512315 36.60926423299 1614.46729 -9.944 -13.099999999999998 -7.132333272933961 -7.42800006866455 0.089791805 0.0937918 "" "" 78.80493832296187 "" 7.241758016256967 ""
303.97172835411 37.14084534421 0.0333 0.0373 20.1686 "" "" 2060628830791037184 2029.29126 0.4643 0.0425 -2.988 -5.024 0.042 0.045 1.059 6775.2 3.7254 16.614767 1.487132 17.289707 15.802575 "" "" 1874.5874 2274.71704 4256.37697 2.0782 1657.8 8.8929 3785.5 9.6654 "" "" 0.0028058533883353093 0.0064580375 0.004687077 0.011145115 303.97172835411 37.14084534421 2029.29126 -2.988 -5.024 -0.17633327293395995 0.6479999313354492 0.0877918 0.09079181 "" "" 6.459660805730998 "" 0.5851688113225585 ""
303.42178217738 36.83874463945 0.0324 0.039 18.2134 "" "" 2060713630634198144 2083.40308 0.459 0.0434 -3.393 -11.585 0.043 0.048 1.024 5116.6 4.431 16.61535 1.395801 17.247066 15.851265 "" "" 1932.67493 2322.42773 4254.08639 2.3123 1724.2 9.876 3619.5 10.158 "" "" 0.00281781227658597 0.006816195 0.0048547327 0.0116709275 303.42178217738 36.83874463945 2083.40308 -3.393 -11.585 -0.5813332729339598 -5.913000068664552 0.0887918 0.0937918 "" "" 58.6743564826157 "" 5.500439054350455 ""
303.57082253529 37.03800136438 0.0301 0.0346 16.5005 "" "" 2060722701605132672 2034.32385 0.4814 0.0393 -1.396 -5.086 0.041 0.046 1.02 5733.3 4.3889 16.618057 1.433527 17.268793 15.835266 "" "" 1872.13135 2240.73877 4243.49332 2.0846 1690.1 5.8308 3673.3 7.6103 "" "" 0.0028064686493706283 0.004670736 0.0043981355 0.009068871 303.57082253529 37.03800136438 2034.32385 -1.3960000000000001 -5.086000000000002 1.4156667270660401 0.5859999313354489 0.0867918 0.0917918 "" "" 14.774132564428289 "" 1.293342898822312 ""
304.14078950683 36.63534270742 0.032 0.0415 20.2102 "" "" 2060462186061675392 2282.3252 0.4135 0.0482 -2.651 -4.618 0.046 0.05 0.982 7752.4 4.1877 16.618288 1.687218 17.423382 15.736164 "" "" 2055.96509 2498.57764 4242.59193 2.4387 1465.8 8.3512 4024.3 8.7696 "" "" 0.0028251168539461364 0.0067859874 0.004458885 0.011244873 304.14078950683 36.63534270742 2282.3252 -2.650999999999999 -4.617999999999997 0.16066672706604024 1.053999931335449 0.0917918 0.0957918 "" "" 11.534119899693101 "" 1.1038478199533737 ""
303.43600110101 36.87978126061 0.0329 0.0388 17.741 "" "" 2060714141707165952 1539.7583 0.6308 0.0442 -0.994 -9.482 0.044 0.048 0.966 4916.2 4.298 16.618765 1.512281 17.32373 15.811449 "" "" 1438.98364 1673.37866 4240.73395 2.1741 1606.7 7.5495 3754.7 8.5484 "" "" 0.0028109821935316712 0.005814768 0.0045159827 0.010330751 303.43600110101 36.87978126061 1539.7583 -0.9939999999999984 -9.482 1.81766672706604 -3.81000006866455 0.089791805 0.0937918 "" "" 30.80951785300294 "" 2.8672312272329403 ""
303.58366469759 36.88709592023 0.0323 0.0358 10.9162 "" "" 2060527469567924224 2011.78967 0.4779 0.0414 -1.42 -3.612 0.044 0.046 1.041 5239.4 3.8499 16.619778 1.696062 17.43583 15.739767 "" "" 1853.79395 2211.32422 4236.78035 2.0803 1449.1 6.2726 4011.0 10.108 "" "" 0.0028064198557321055 0.005465581 0.004665848 0.010131429 303.58366469759 36.88709592023 2011.78967 -1.42 -3.612 1.39166672706604 2.059999931335449 0.089791805 0.0917918 "" "" 23.70647372680134 "" 2.161314020302212 ""
303.82655984798 37.11152076504 0.0317 0.0354 16.7198 "" "" 2060630235226187776 1989.16589 0.4794 0.0421 -2.063 -6.938 0.041 0.045 1.013 6343.0 4.3364 16.62011 1.482462 17.303225 15.820763 "" "" 1831.62427 2215.62378 4235.48565 1.8795 1637.3 5.6443 3722.7 7.2455 "" "" 0.0027971265654914957 0.004668427 0.0043300367 0.008998464 303.82655984798 37.11152076504 1989.16589 -2.0630000000000006 -6.937999999999999 0.7486667270660399 -1.2660000686645505 0.0867918 0.09079181 "" "" 13.867670320537389 "" 1.2449355731073162 ""
304.24378043935 36.68648584913 0.0318 0.0394 23.0415 "" "" 2060556293069758208 1918.33984 0.4949 0.0444 -2.907 -5.848 0.043 0.049 0.967 6314.5 4.0039 16.622921 1.856267 17.53422 15.677953 "" "" 1754.35352 2117.48364 4224.53079 8.6289 1323.5 15.587 4246.0 29.299 "" "" 0.003536940444626976 0.013087706 0.0083912825 0.021478988 304.24378043935 36.68648584913 1918.33984 -2.9069999999999987 -5.847999999999993 -0.09533327293395999 -0.17600006866455065 0.0887918 0.0947918 "" "" 1.8200508383462233 "" 0.1701101631939559 ""
303.71014729391 36.87311595822 0.0323 0.0346 4.9647 "" "" 2060529977828620288 1822.9364 0.5208 0.0418 -6.487 -8.158 0.042 0.042 0.943 6826.6 4.2789 16.623463 1.639131 17.394922 15.755792 "" "" 1688.42151 1961.97095 4222.42138 2.2394 1504.7 5.979 3952.2 7.5576 "" "" 0.002814848084585585 0.0051378594 0.004312115 0.009449974 303.71014729391 36.87311595822 1822.9364 -6.486999999999998 -8.158 -3.67533327293396 -2.4860000686645503 0.0877918 0.0877918 "" "" 38.3401359043495 "" 3.3659495624177573 ""
303.69731032485 37.14966127051 0.0548 0.0599 19.6037 "" "" 2060725106786764288 2243.19678 0.4351 0.0684 -4.527 -7.263 0.069 0.075 1.944 "" "" 16.625513 1.928941 17.320341 15.3914 "" "" 1890.23743 2784.54175 4214.45538 3.4599 1611.7 12.447 5528.4 72.575 "" "" 0.002895908714874785 0.008837071 0.014745744 0.023582816 303.69731032485 37.14966127051 2243.19678 -4.527 -7.262999999999998 -1.71533327293396 -1.5910000686645507 0.114791796 0.12079181 "" "" 24.876209460111387 "" 2.92555533986033 ""
304.18645045859 36.60789743274 0.0334 0.0383 22.9572 "" "" 2060461872511860736 2263.85693 0.4385 0.0469 2.606 -0.929 0.044 0.048 0.993 4745.6 4.1708 16.625704 1.743685 17.478144 15.734459 "" "" 2049.41919 2518.96338 4213.71781 2.2287 1393.7 8.407 4030.6 8.6684 "" "" 0.0028145278101342017 0.0071188915 0.0044425353 0.011561427 304.18645045859 36.60789743274 2263.85693 2.6059999999999994 -0.9290000000000012 5.41766672706604 4.742999931335449 0.089791805 0.0937918 "" "" 77.26624548652893 "" 7.0736347484299085 ""
303.47718090792 36.88820109469 0.0321 0.0373 15.8869 "" "" 2060714214749723008 1589.34009 0.6122 0.0435 -0.23 -5.148 0.043 0.046 1.001 5515.1 4.5169 16.627369 1.53131 17.343563 15.812253 "" "" 1495.10266 1702.67407 4207.26019 2.1246 1577.6 6.2646 3752.0 7.5928 "" "" 0.0028093415525116596 0.0051355064 0.004371645 0.009507151 303.47718090792 36.88820109469 1589.34009 -0.22999999999999998 -5.148 2.58166672706604 0.5239999313354495 0.0887918 0.0917918 "" "" 19.845486169108007 "" 1.7645103155460282 ""
304.2366693958 36.77788351008 0.0313 0.0388 21.1947 "" "" 2060560214391440512 1756.72375 0.561 0.0428 -7.447 -11.105 0.043 0.05 1.017 6563.9 3.6047 16.627542 1.914659 17.583271 15.668613 "" "" 1628.57056 1920.09595 4206.58674 2.1939 1265.1 6.6874 4282.7 9.9112 "" "" 0.002812904728960274 0.0063815583 0.00453841 0.010919968 304.2366693958 36.77788351008 1756.72375 -7.446999999999999 -11.104999999999999 -4.63533327293396 -5.433000068664551 0.0887918 0.0957918 "" "" 59.4679680997408 "" 5.525004410667274 ""
303.91112840805 37.09980084732 0.2898 0.3588 16.8215 "" "" 2060627250230967296 1859.87549 0.6913 0.1652 -2.755 -4.535 0.431 0.598 1.394 "" "" 16.629566 "" "" "" "" "" 1347.40857 3411.15063 4198.75564 7.7359 "" "" "" "" "" "" 0.0034049004346597294 "" "" "" 303.91112840805 37.09980084732 1859.87549 -2.755000000000001 -4.535 0.056666727066040146 1.136999931335449 0.4767918 0.6437918 "" "" 10.036016257835318 "" 6.457489770623231 ""
303.43454057053 36.98896159979 0.0335 0.042 19.8991 "" "" 2060717100967945600 1866.20239 0.5269 0.0459 -1.821 -4.425 0.045 0.051 1.138 5473.0 4.5386 16.631327 1.45062 17.295446 15.844827 "" "" 1741.34631 2003.29199 4191.95232 2.1591 1649.1 6.1382 3641.1 7.1484 "" "" 0.0028114966820991295 0.0049109007 0.004339048 0.009249949 303.43454057053 36.98896159979 1866.20239 -1.821 -4.425000000000001 0.9906667270660401 1.2469999313354494 0.09079181 0.096791804 "" "" 14.087971733938886 "" 1.331530456568051 ""
303.70188968482 36.53608319404 0.0316 0.0349 18.4774 "" "" 2060503967506283520 1734.42053 0.5684 0.0427 -3.278 -8.393 0.044 0.046 0.972 6563.2 4.3598 16.63261 1.534646 17.347319 15.812673 "" "" 1597.84424 1864.52454 4186.99598 1.9939 1572.1 6.3352 3750.5 7.2053 "" "" 0.002803412379818039 0.0051892195 0.004316779 0.009505998 303.70188968482 36.53608319404 1734.42053 -3.278 -8.393 -0.46633327293396 -2.7210000686645515 0.089791805 0.0917918 "" "" 22.695905081801072 "" 2.0820165128304913 ""
303.98651343781 36.5060546036 0.0315 0.038 21.5857 "" "" 2060456894662026496 1605.65015 0.5953 0.0439 -1.903 -4.546 0.043 0.047 0.987 6328.4 4.0937 16.632612 1.504312 17.32063 15.816318 "" "" 1493.15332 1726.87207 4186.98696 2.0146 1611.3 6.6802 3737.9 8.228 "" "" 0.0028044075416867784 0.005295913 0.004471649 0.009767562 303.98651343781 36.5060546036 1605.65015 -1.903 -4.546 0.90866672706604 1.125999931335449 0.0887918 0.092791796 "" "" 11.012122788211197 "" 1.0046930581081044 ""
304.18934003794 36.94514915092 0.0325 0.0394 19.8005 "" "" 2060610551410037504 2284.66089 0.408 0.0424 1.348 -7.88 0.043 0.048 0.989 5001.0 3.7126 16.635687 2.072995 17.6945 15.621505 "" "" 2106.67896 2461.46313 4175.14693 2.4273 1141.9 7.2238 4472.6 6.3105 "" "" 0.002826697611262716 0.007413592 0.004078041 0.011491633 304.18934003794 36.94514915092 2284.66089 1.3479999999999994 -7.879999999999997 4.15966672706604 -2.2080000686645507 0.0887918 0.0937918 "" "" 50.999060451549845 "" 4.585568482265052 ""
303.65656402214 36.46302998815 0.0322 0.0363 23.2964 "" "" 2060479950047476224 2227.49438 0.429 0.0439 -5.301 -7.234 0.044 0.048 0.954 5012.3 4.286 16.636353 1.568778 17.370321 15.801543 "" "" 2041.96216 2448.26367 4172.58967 2.1854 1539.2 6.8451 3789.1 9.8067 "" "" 0.0028133892237381017 0.0055766585 0.0047095646 0.010286223 303.65656402214 36.46302998815 2227.49438 -5.301000000000003 -7.234 -2.48933327293396 -1.5620000686645508 0.089791805 0.0937918 "" "" 31.02894245965567 "" 2.82176068205852 ""
304.20950339581 36.68655325985 0.0527 0.0603 21.5272 "" "" 2060556537899421568 2169.25854 0.4583 0.0709 -1.807 -2.806 0.069 0.078 1.651 "" "" 16.637232 1.785068 17.47237 15.687303 "" "" 1893.35022 2627.78735 4169.21249 3.5789 1401.1 7.8992 4209.6 9.8282 "" "" 0.0029086816840265058 0.0067271413 0.004550752 0.011277894 304.20950339581 36.68655325985 2169.25854 -1.807 -2.806 1.00466672706604 2.865999931335449 0.114791796 0.1237918 "" "" 31.227202544170126 "" 3.8359188929984738 ""
303.68544808914 36.86206126225 0.0325 0.0361 5.8052 "" "" 2060524067953645056 1808.45874 0.5327 0.0418 -2.97 -5.626 0.042 0.047 1.008 5040.5 4.3655 16.637936 1.633448 17.390064 15.756617 "" "" 1708.7666 1943.17712 4166.50696 2.1478 1511.4 6.2616 3949.2 15.03 "" "" 0.002811590310302507 0.0052932086 0.005599843 0.0108930515 303.68544808914 36.86206126225 1808.45874 -2.9699999999999998 -5.625999999999998 -0.15833327293396016 0.045999931335448885 0.0877918 0.092791796 "" "" 1.4133670488214392 "" 0.12464646862684058 ""
303.49128681046 36.92372380617 0.0318 0.0362 15.8177 "" "" 2060715795297708800 1958.26782 0.4916 0.0421 -0.391 -4.128 0.042 0.046 0.999 6504.5 4.3612 16.638588 1.465677 17.31185 15.846172 "" "" 1827.75037 2155.72876 4164.00964 2.2033 1624.3 5.6074 3636.5 9.6952 "" "" 0.002814575246020516 0.00467267 0.0047605443 0.009433214 303.49128681046 36.92372380617 1958.26782 -0.3909999999999999 -4.128 2.42066672706604 1.543999931335449 0.0877918 0.0917918 "" "" 26.65065667961313 "" 2.371029952704721 ""
303.83890471479 36.62001829178 0.0351 0.0389 12.9442 "" "" 2060506235248916352 1645.86584 0.5828 0.0474 -4.021 -2.405 0.05 0.049 1.092 5348.9 4.4399 16.640036 1.781954 17.499287 15.717333 "" "" 1533.46973 1769.29382 4158.45884 2.161 1366.8 7.301 4094.7 11.065 "" "" 0.0028124955009162975 0.006435913 0.0047845403 0.011220453 303.83890471479 36.62001829178 1645.86584 -4.020999999999997 -2.4049999999999976 -1.2093332729339599 3.2669999313354494 0.0957918 0.0947918 "" "" 27.177314517793207 "" 2.579476886004596 ""
303.8763152257 36.95246513481 0.0328 0.0359 7.9949 "" "" 2060531524016668288 1587.07349 0.619 0.0424 -6.928 -4.057 0.041 0.043 0.991 4832.6 4.2884 16.64066 1.633923 17.407454 15.773531 "" "" 1488.07446 1695.37085 4156.07012 2.1305 1487.4 6.3763 3888.2 6.3446 "" "" 0.0028109720932695138 0.0054266606 0.004174027 0.009600688 303.8763152257 36.95246513481 1587.07349 -6.927999999999988 -4.057 -4.11633327293396 1.6149999313354488 0.0867918 0.0887918 "" "" 33.26409303440578 "" 2.8960134427937927 ""
303.5743105665 37.17888915752 0.0339 0.0367 23.3918 "" "" 2060728886358215680 1786.97961 0.5341 0.043 -4.623 -4.599 0.045 0.049 1.058 4830.7 4.3021 16.641006 1.565845 17.369759 15.803914 "" "" 1668.58105 1931.42456 4154.74315 2.1807 1540.0 7.7199 3780.9 8.0078 "" "" 0.002813634942148252 0.0061162203 0.0044239853 0.010540206 303.5743105665 37.17888915752 1786.97961 -4.623 -4.599 -1.8113332729339602 1.072999931335449 0.09079181 0.0947918 "" "" 17.832425154653926 "" 1.6378654470571243 ""
