Clusters/Dolidze_3/Dolidze_3_stars_in_region.tsv
# %ECSV 1.0
# ---
# datatype:
# - name: RA_ICRS_1
#   unit: deg
#   datatype: float64
#   format: '{:15.11f}'
#   description: Right ascension (ICRS) at Ep=2016.0 (ra)
#   meta: !!omap
#   - {ucd: POS_EQ_RA_MAIN}
#   - {width: 15}
#   - {precision: '11'}
# - name: DE_ICRS_1
#   unit: deg
#   datatype: float64
#   format: '{:15.11f}'
#   description: Declination (ICRS) at Ep=2016.0 (dec)
#   meta: !!omap
#   - {ucd: POS_EQ_DEC_MAIN}
#   - {width: 15}
#   - {precision: '11'}
# - name: e_RA_ICRS
#   unit: mas
#   datatype: float64
#   format: '{:7.4f}'
#   description: Standard error of right ascension (ra_error)
#   meta: !!omap
#   - {ucd: ERROR}
#   - {width: 7}
#   - {precision: '4'}
# - name: e_DE_ICRS
#   unit: mas
#   datatype: float64
#   format: '{:7.4f}'
#   description: Standard error of declination (dec_error)
#   meta: !!omap
#   - {ucd: ERROR}
#   - {width: 7}
#   - {precision: '4'}
# - name: _r_1
#   unit: ''
#   datatype: float64
#   format: '{:7.4f}'
#   description: Distance from center (303.80100709000+36.83360600000)[ICRS], at Epoch=J2016.0
#   meta: !!omap
#   - {ucd: POS_ANG_DIST_GENERAL}
#   - {width: 7}
#   - {precision: '4'}
# - name: HIP
#   datatype: int32
#   description: '? HIP cross-id number, van Leeuwen, Cat. I/311 (hip_original_ext_source_id)'
#   meta: !!omap
#   - {ucd: ID_NUMBER}
#   - {width: 6}
#   - values: {'null': -2147483648}
# - name: TYC2
#   datatype: string
#   description: Tycho-2 cross-id name, Hog et al., Cat. I/259 (tyc2_original_ext_source_id)
#   meta: !!omap
#   - {ucd: ID_CROSSID}
#   - {_votable_string_dtype: char}
# - name: Source
#   datatype: int64
#   description: Source identifier, identical to the Gaia-EDR3 source_id (id)
#   meta: !!omap
#   - {ucd: ID_MAIN}
#   - {width: 19}
# - name: rgeo
#   unit: pc
#   datatype: float64
#   format: '{:15.8f}'
#   description: '? Median of the geometric distance posterior (r_med_geo)'
#   meta: !!omap
#   - {ucd: PHYS_DISTANCE_TRUE}
#   - {width: 15}
#   - {precision: '8'}
#   - values: {'null': .nan}
# - name: Plx
#   unit: mas
#   datatype: float64
#   format: '{:9.4f}'
#   description: '? Parallax (parallax)'
#   meta: !!omap
#   - {ucd: POS_PARLX_TRIG}
#   - {width: 9}
#   - {precision: '4'}
#   - values: {'null': .nan}
# - name: e_Plx
#   unit: mas
#   datatype: float32
#   format: '{:7.4f}'
#   description: '? Standard error of parallax (parallax_error)'
#   meta: !!omap
#   - {ucd: ERROR}
#   - {width: 7}
#   - {precision: '4'}
#   - values: {'null': .nan}
# - name: pmRA
#   unit: mas / yr
#   datatype: float64
#   format: '{:9.3f}'
#   description: '? Proper motion in right ascension direction, pmRA*cosDE (pmra)'
#   meta: !!omap
#   - {ucd: POS_EQ_PMRA}
#   - {width: 9}
#   - {precision: '3'}
#   - values: {'null': .nan}
# - name: pmDE
#   unit: mas / yr
#   datatype: float64
#   format: '{:9.3f}'
#   description: '? Proper motion in declination direction (pmdec)'
#   meta: !!omap
#   - {ucd: POS_EQ_PMDEC}
#   - {width: 9}
#   - {precision: '3'}
#   - values: {'null': .nan}
# - name: e_pmRA
#   unit: mas / yr
#   datatype: float32
#   format: '{:6.3f}'
#   description: '? Standard error of proper motion in right ascension direction (pmra_error)'
#   meta: !!omap
#   - {ucd: ERROR}
#   - {width: 6}
#   - {precision: '3'}
#   - values: {'null': .nan}
# - name: e_pmDE
[...]
#         value: !astropy.table.SerializedColumn {name: SkyCoord.dec}
#       distance: !astropy.table.SerializedColumn
#         __class__: astropy.coordinates.distances.Distance
#         unit: !astropy.units.Unit {unit: pc}
#         value: !astropy.table.SerializedColumn {name: SkyCoord.distance}
#       frame: icrs
#       obstime: !astropy.time.Time {format: jyear_str, in_subfmt: '*', jd1: 367701545.0, jd2: 0.0, out_subfmt: '*', precision: 3, scale: tt}
#       pm_dec: !astropy.table.SerializedColumn
#         __class__: astropy.units.quantity.Quantity
#         unit: !astropy.units.Unit {unit: mas / yr}
#         value: !astropy.table.SerializedColumn {name: SkyCoord.pm_dec}
#       pm_ra_cosdec: !astropy.table.SerializedColumn
#         __class__: astropy.units.quantity.Quantity
#         unit: !astropy.units.Unit {unit: mas / yr}
#         value: !astropy.table.SerializedColumn {name: SkyCoord.pm_ra_cosdec}
#       ra: !astropy.table.SerializedColumn
#         __class__: astropy.coordinates.angles.Longitude
#         unit: *id001
#         value: !astropy.table.SerializedColumn {name: SkyCoord.ra}
#         wrap_angle: !astropy.coordinates.Angle
#           unit: *id001
#           value: 360.0
#       representation_type: spherical
# schema: astropy-2.0
RA_ICRS_1 DE_ICRS_1 e_RA_ICRS e_DE_ICRS _r_1 HIP TYC2 Source rgeo Plx e_Plx pmRA pmDE e_pmRA e_pmDE RUWE Teff logg Gmag BP-RP BPmag RPmag RV e_RV b_rgeo B_rgeo FG e_FG FBP e_FBP FRP e_FRP RAVE5 RAVE6 e_Gmag e_BPmag e_RPmag e_BP-RP SkyCoord.ra SkyCoord.dec SkyCoord.distance SkyCoord.pm_ra_cosdec SkyCoord.pm_dec rmRA rmDE e_rmRA e_rmDE rRV e_rRV v_pec v_pec3d e_vpec e_vpec3d
[from data line 601]
303.67951583123 37.15702004743 0.0178 0.0201 20.2594 "" "" 2060725312945222912 1617.55139 0.5921 0.0232 -3.043 -5.092 0.023 0.025 0.965 6521.5 4.0678 15.466961 1.323443 16.051987 14.728543 "" "" 1570.12134 1668.03821 12250.7443 3.2569 5183.5 11.008 10180.0 9.6633 "" "" 0.002770398201711954 0.003619595 0.003917387 0.007536982 303.67951583123 37.15702004743 1617.55139 -3.043 -5.092 -0.2313332729339601 0.5799999313354496 0.0687918 0.0707918 "" "" 4.787639067802297 "" 0.33762749028710176 ""
303.88650869494 37.18403081366 0.0184 0.0213 21.4209 "" "" 2060630892375420544 2201.65381 0.4262 0.0248 -3.223 -6.522 0.024 0.026 0.94 6936.3 3.8422 15.470478 1.392341 16.08191 14.689569 "" "" 2087.83423 2331.95459 12211.12146 9.4521 5042.6 16.295 10552.0 45.611 "" "" 0.0028806418295795493 0.004482719 0.0060256817 0.010508401 303.88650869494 37.18403081366 2201.65381 -3.2229999999999976 -6.5219999999999985 -0.4113332729339598 -0.850000068664551 0.0697918 0.0717918 "" "" 9.85452242062389 "" 0.7037766172483794 ""
303.35853084362 36.96813590168 0.0178 0.0222 22.7129 "" "" 2060718544077062016 2200.52783 0.4249 0.0245 -2.767 -5.079 0.024 0.026 0.994 "" "" 15.471804 1.081501 15.924997 14.843496 "" "" 2098.89648 2349.04321 12196.22458 3.7356 5826.6 12.103 9157.1 11.121 "" "" 0.0027753162105008914 0.0035876697 0.0040028 0.00759047 303.35853084362 36.96813590168 2200.52783 -2.767000000000002 -5.079000000000001 0.044666727066040135 0.5929999313354495 0.0697918 0.0717918 "" "" 6.202808533899171 "" 0.44524175869549987 ""
303.73552348909 37.21268630691 0.0182 0.0209 22.9601 "" "" 2060819355541640704 1728.177 0.5455 0.0243 -0.655 -6.03 0.025 0.026 1.019 6680.1 4.2219 15.472412 1.241463 16.013863 14.7724 "" "" 1659.0033 1804.01685 12189.39305 3.4634 5368.7 11.543 9776.8 8.8322 "" "" 0.00277253622860278 0.0036379164 0.0039045827 0.0075424993 303.73552348909 37.21268630691 1728.177 -0.6549999999999983 -6.029999999999997 2.15666672706604 -0.35800006866455103 0.0707918 0.0717918 "" "" 17.90820822559316 "" 1.2682378788522541 ""
303.79202252042 37.22538504897 0.0186 0.0203 23.5107 "" "" 2060819596059778688 2189.42871 0.426 0.0244 -0.01 -2.91 0.024 0.024 0.991 6373.0 3.913 15.478719 1.406755 16.1106 14.703844 "" "" 2086.31372 2305.03857 12118.7852 3.3406 4911.1 9.9633 10414.0 9.7177 "" "" 0.002771527172098496 0.003554826 0.003912823 0.007467649 303.79202252042 37.22538504897 2189.42871 -0.009999999999999676 -2.9100000000000037 2.8016667270660403 2.761999931335449 0.0697918 0.0697918 "" "" 40.82876955643998 "" 2.849513371137765 ""
303.64090255422 37.07570884464 0.0178 0.0206 16.4298 "" "" 2060723010842723584 1845.80212 0.5172 0.0234 -2.587 -5.695 0.023 0.027 1.012 6797.5 4.173 15.481779 1.276001 16.029903 14.753902 "" "" 1780.6012 1909.45178 12084.67419 4.2083 5290.0 9.1793 9944.8 14.166 "" "" 0.0027811404192597225 0.003366669 0.0040835855 0.0074502546 303.64090255422 37.07570884464 1845.80212 -2.5870000000000015 -5.694999999999999 0.22466672706603985 -0.023000068664551065 0.0687918 0.0727918 "" "" 1.9759056483643358 "" 0.13601043635804994 ""
303.79574942536 37.13607655062 0.0197 0.0212 18.15 "" "" 2060631029814411776 2031.32361 0.4716 0.0257 -4.538 -2.436 0.026 0.027 1.078 4886.2 3.4703 15.482178 1.859707 16.396223 14.536516 "" "" 1914.67896 2151.32178 12080.24582 3.8563 3775.1 7.0815 12149.0 10.732 "" "" 0.0027770336462149556 0.0034544293 0.0038991796 0.007353609 303.79574942536 37.13607655062 2031.32361 -4.538000000000002 -2.4360000000000035 -1.7263332729339602 3.2359999313354493 0.0717918 0.0727918 "" "" 35.314220974821225 "" 2.562803910275748 ""
303.90407041397 37.00156883777 0.0181 0.0205 11.2252 "" "" 2060531764534852992 2153.41406 0.4405 0.0241 -0.045 -4.006 0.023 0.025 0.979 7323.8 3.6225 15.483204 1.47165 16.153372 14.681722 "" "" 2055.10254 2269.52515 12068.82827 3.4606 4721.4 8.8752 10628.0 9.7811 "" "" 0.0027728525273876064 0.0034569511 0.003909241 0.007366192 303.90407041397 37.00156883777 2153.41406 -0.04499999999999971 -4.006 2.76666672706604 1.665999931335449 0.0687918 0.0707918 "" "" 32.964618320107974 "" 2.285425775788262 ""
303.82189905095 36.47298991752 0.0187 0.019 21.6603 "" "" 2060455966949242880 1608.35168 0.6065 0.024 -1.637 -5.766 0.028 0.025 1.041 7846.7 4.1861 15.48364 1.322512 16.06872 14.746208 "" "" 1539.91345 1689.91394 12063.98257 3.4557 5104.2 8.7474 10016.0 11.429 "" "" 0.0027728170729183882 0.0033536907 0.003977262 0.0073309527 303.82189905095 36.47298991752 1608.35168 -1.6369999999999987 -5.766 1.17466672706604 -0.0940000686645508 0.0737918 0.0707918 "" "" 8.983801051801382 "" 0.6627628435369773 ""
303.40068747828 36.69072541714 0.0182 0.0229 21.0657 "" "" 2060500703329728128 2007.78967 0.4698 0.0248 -0.442 -1.001 0.025 0.029 1.045 5541.9 4.1082 15.484545 1.273556 16.041578 14.768023 "" "" 1888.00598 2106.11353 12053.93894 3.4181 5233.4 12.286 9816.3 12.027 "" "" 0.002772468015506094 0.0037791377 0.0040066564 0.0077857943 303.40068747828 36.69072541714 2007.78967 -0.4419999999999996 -1.001 2.36966672706604 4.67099993133545 0.0707918 0.074791804 "" "" 49.84684180947588 "" 3.6882004848005447 ""
303.49527112076 36.71853057714 0.0186 0.0216 16.2347 "" "" 2060524411551144064 1909.03455 0.4945 0.0242 -1.785 2.884 0.026 0.029 1.019 4866.8 3.4599 15.488725 1.629885 16.256985 14.6271 "" "" 1823.578 1997.66406 12007.62066 3.2848 4291.6 7.8688 11177.0 9.189 "" "" 0.002771282458570364 0.0034275467 0.003883362 0.0073109088 303.49527112076 36.71853057714 1909.03455 -1.7850000000000006 2.8840000000000003 1.0266667270660401 8.55599993133545 0.0717918 0.074791804 "" "" 77.97712214907304 "" 5.828794859452657 ""
303.80155931363 36.88553988635 0.019 0.0211 3.1161 "" "" 2060529531151884288 1742.00769 0.5427 0.0243 -2.816 -5.657 0.025 0.026 0.936 6364.4 3.967 15.491099 1.503572 16.180737 14.677165 "" "" 1666.27747 1830.14099 11981.38617 4.0865 4603.9 9.1735 10673.0 10.103 "" "" 0.002780093703046743 0.00353062 0.003916631 0.007447251 303.80155931363 36.88553988635 1742.00769 -2.8160000000000007 -5.657 -0.0043332729339597975 0.01499993133544919 0.0707918 0.0717918 "" "" 0.12892085148220286 "" 0.00924559328972717 ""
303.43700909277 36.82900369964 0.0206 0.0241 17.4829 "" "" 2060525992099311360 1914.78015 0.4958 0.027 0.397 -6.682 0.028 0.03 1.085 6668.3 4.1894 15.491687 1.279045 16.049978 14.770933 "" "" 1810.74609 2032.64624 11974.90701 3.5697 5193.1 9.4781 9790.0 12.981 "" "" 0.0027742643558330976 0.0034222563 0.004044286 0.0074665425 303.43700909277 36.82900369964 1914.78015 0.39699999999999913 -6.681999999999999 3.2086667270660403 -1.0100000686645512 0.0737918 0.0757918 "" "" 30.53070715687969 "" 2.2584882509649336 ""
304.15272076755 36.89362622681 0.0179 0.0209 17.2634 "" "" 2060608695984063616 1911.03857 0.4888 0.0231 0.696 -2.531 0.025 0.027 0.962 8244.5 3.769 15.49259 1.620008 16.249645 14.629638 "" "" 1850.96545 2004.25488 11964.95171 4.356 4320.7 10.91 11151.0 11.521 "" "" 0.0027835288864288383 0.0039116624 0.003942344 0.007854006 304.15272076755 36.89362622681 1911.03857 0.6959999999999995 -2.5310000000000006 3.5076667270660398 3.140999931335449 0.0707918 0.0727918 "" "" 42.650761124998226 "" 3.0575788540930673 ""
303.93560967926 36.60536141522 0.0178 0.0206 15.1477 "" "" 2060464247646180608 2159.71899 0.4328 0.0246 0.143 -2.637 0.026 0.025 0.972 7613.2 3.6983 15.497037 1.559441 16.217873 14.658432 "" "" 2054.77271 2260.01147 11916.03976 3.3556 4449.1 7.6299 10859.0 9.6592 "" "" 0.002772232095291815 0.0033543932 0.0039008264 0.00725522 303.93560967926 36.60536141522 2159.71899 0.14299999999999957 -2.637 2.95466672706604 3.034999931335449 0.0717918 0.0707918 "" "" 43.36130071228664 "" 3.090799736801738 ""
303.92179360254 36.65889751919 0.0181 0.0213 11.9836 "" "" 2060511487974199168 1838.70532 0.509 0.0251 0.239 0.149 0.026 0.026 0.971 7161.8 4.0488 15.502491 1.506917 16.192707 14.68579 "" "" 1746.86279 1926.86035 11856.33083 3.5502 4553.4 8.5319 10589.0 13.695 "" "" 0.002774434032255648 0.0034530845 0.004031814 0.007484899 303.92179360254 36.65889751919 1838.70532 0.23900000000000005 0.1490000000000002 3.05066672706604 5.820999931335449 0.0717918 0.0717918 "" "" 57.27764211606921 "" 4.112064905631213 ""
303.74851678074 37.1653523693 0.0717 0.0633 20.0631 "" "" 2060537532657716992 1824.29968 0.5271 0.0804 -2.868 -4.058 0.091 0.078 3.336 "" "" 15.511589 1.2159 15.788601 14.5727 "" "" 1615.01624 2112.28442 11757.39562 8.6731 6606.6 21.9 11751.0 28.155 "" "" 0.0028693653485974344 0.0045539388 0.004588131 0.009142069 303.74851678074 37.1653523693 1824.29968 -2.8680000000000008 -4.058 -0.056333272933959844 1.6139999313354494 0.1367918 0.1237918 "" "" 13.965047137649949 "" 1.7289907823616373 ""
303.40957515264 36.98003871085 0.0176 0.0213 20.7332 "" "" 2060717135327713792 2097.24463 0.4477 0.0235 -1.491 -3.358 0.024 0.026 0.981 7039.8 4.0154 15.517179 1.095293 15.979076 14.883783 "" "" 2016.52332 2181.64673 11697.01358 3.1432 5543.5 8.9674 8823.6 11.849 "" "" 0.0027707240146842933 0.0032969308 0.0040508662 0.007347797 303.40957515264 36.98003871085 2097.24463 -1.4909999999999994 -3.3580000000000005 1.32066672706604 2.313999931335449 0.0697918 0.0717918 "" "" 26.486133630681266 "" 1.8886096020628098 ""
303.89204175798 36.92814983236 0.0192 0.0211 7.1601 "" "" 2060519772986094080 1640.08142 0.5868 0.0249 -3.888 -3.57 0.025 0.026 1.03 6219.5 3.6313 15.519186 1.478454 16.193245 14.714791 "" "" 1569.96179 1708.66174 11675.41684 3.6805 4551.1 8.5991 10310.0 14.445 "" "" 0.002776496481353952 0.0034631626 0.004074033 0.0075371955 303.89204175798 36.92814983236 1640.08142 -3.8880000000000017 -3.570000000000003 -1.0763332729339599 2.1019999313354494 0.0707918 0.0717918 "" "" 18.358621289802443 "" 1.31420590214033 ""
303.79987866602 37.2272100588 0.0188 0.0207 23.6163 "" "" 2060819596059773952 1821.19629 0.5239 0.0243 -0.151 -0.995 0.024 0.025 1.033 6456.7 3.76 15.520981 1.342588 16.116638 14.77405 "" "" 1756.24841 1887.45752 11656.13563 3.3853 4883.8 7.2151 9762.0 9.3255 "" "" 0.002773305452966717 0.0032183717 0.003919118 0.0071374895 303.79987866602 37.2272100588 1821.19629 -0.151 -0.9949999999999999 2.6606667270660402 4.676999931335449 0.0697918 0.0707918 "" "" 46.44997153222321 "" 3.276980982388512 ""
303.68525829079 37.2087654776 0.019 0.0214 23.1825 "" "" 2060726275018928000 1823.30688 0.521 0.0244 -5.036 -6.415 0.024 0.027 0.952 5266.6 3.8361 15.521955 1.477863 16.19949 14.721626 "" "" 1754.23401 1903.66504 11645.67925 3.415 4525.0 9.992 10245.0 9.6539 "" "" 0.0027736541392147135 0.0036787284 0.0039154114 0.00759414 303.68525829079 37.2087654776 1823.30688 -5.035999999999999 -6.415000000000003 -2.2243332729339595 -0.7430000686645508 0.0697918 0.0727918 "" "" 20.267860802534127 "" 1.420751343319696 ""
303.36541796209 36.99827126676 0.0176 0.0217 23.1136 "" "" 2060718887674474368 2171.47656 0.4386 0.0242 -4.294 -9.519 0.024 0.027 1.034 6984.7 4.2566 15.523343 1.20653 16.034225 14.827696 "" "" 2053.75146 2292.40601 11630.795 3.4201 5269.0 14.798 9291.4 12.346 "" "" 0.0027737556971485044 0.0041331872 0.0040453738 0.008178561 303.36541796209 36.99827126676 2171.47656 -4.293999999999999 -9.518999999999998 -1.4823332729339596 -3.847000068664551 0.0697918 0.0727918 "" "" 42.43420460284335 "" 3.0727014967781163 ""
303.76754499398 36.73772096508 0.0186 0.0193 5.9736 "" "" 2060510770734611584 2088.39355 0.4573 0.0245 -5.444 -8.101 0.026 0.025 1.032 6357.1 3.9018 15.52366 1.608055 16.278412 14.670357 "" "" 1985.62854 2201.83423 11627.40877 3.3488 4207.8 7.6572 10740.0 9.2518 "" "" 0.0027730077352864737 0.0034188838 0.0038933912 0.007312275 303.76754499398 36.73772096508 2088.39355 -5.443999999999999 -8.100999999999996 -2.63233327293396 -2.4290000686645516 0.0717918 0.0707918 "" "" 35.45608727411357 "" 2.529212138905118 ""
303.58062382031 36.87277892497 0.0186 0.0208 10.8386 "" "" 2060527091610789504 1997.86768 0.4767 0.0238 -2.844 -5.755 0.025 0.027 0.935 7192.1 4.084 15.528409 1.348652 16.12974 14.781088 "" "" 1909.19678 2087.34644 11576.65844 2.9808 4825.3 9.2879 9698.9 8.7917 "" "" 0.0027694661564506714 0.0034860536 0.0039054241 0.007391478 303.58062382031 36.87277892497 1997.86768 -2.8440000000000034 -5.755000000000004 -0.03233327293395982 -0.08300006866455067 0.0707918 0.0727918 "" "" 0.8435358210689483 "" 0.061182864077303015 ""
303.46315435823 36.94767197029 0.0287 0.0331 17.5979 "" "" 2060716070175693824 2245.88477 0.4263 0.0376 -0.811 -3.958 0.038 0.042 1.527 "" "" 15.530907 1.312229 16.090902 14.778673 "" "" 2092.75342 2442.01489 11550.05759 8.1111 5001.0 13.4 9720.5 15.771 "" "" 0.002858870807026183 0.0040309355 0.0041697463 0.008200682 303.46315435823 36.94767197029 2245.88477 -0.8109999999999999 -3.958 2.00066672706604 1.713999931335449 0.0837918 0.0877918 "" "" 28.04529658190125 "" 2.398091143064204 ""
303.78112284205 36.66481410114 0.0184 0.0196 10.1725 "" "" 2060509155826802176 1804.79492 0.5237 0.0241 -2.74 -5.909 0.026 0.025 1.026 6593.5 3.9576 15.53091 1.347398 16.123127 14.775729 "" "" 1733.37317 1883.87158 11550.02271 3.148 4854.7 11.146 9746.9 12.509 "" "" 0.0027711656042822383 0.003741512 0.004028068 0.00776958 303.78112284205 36.66481410114 1804.79492 -2.739999999999999 -5.908999999999997 0.07166672706603983 -0.2370000686645506 0.0717918 0.0707918 "" "" 2.118140135230387 "" 0.1501255627297512 ""
303.3867315157 36.89357726517 0.0184 0.0224 20.2098 "" "" 2060714764505692544 1705.48901 0.5542 0.025 -1.308 -9.615 0.025 0.028 1.03 5922.8 4.0865 15.531985 1.368755 16.144197 14.775442 "" "" 1648.94482 1772.7782 11538.58726 3.6908 4761.4 8.6688 9749.5 10.683 "" "" 0.0027771207559787827 0.0034194347 0.0039622085 0.007381643 303.3867315157 36.89357726517 1705.48901 -1.307999999999997 -9.615000000000006 1.50366672706604 -3.943000068664551 0.0707918 0.0737918 "" "" 34.11442450786476 "" 2.5046027041179046 ""
303.5194246626 36.61478825506 0.0226 0.0289 18.8613 "" "" 2060496648880447744 1882.87195 0.5074 0.0316 -3.222 -5.21 0.03 0.042 1.239 7102.8 4.2513 15.532914 1.337459 16.122482 14.785024 "" "" 1784.51367 1985.1991 11528.72372 4.8171 4857.6 17.675 9663.8 14.824 "" "" 0.0027924174361284616 0.004836549 0.004130082 0.008966631 303.5194246626 36.61478825506 1882.87195 -3.221999999999999 -5.21 -0.41033327293395994 0.46199993133544925 0.0757918 0.0877918 "" "" 5.514764182645445 "" 0.45615324732403895 ""
303.93287122389 36.98768027262 0.0182 0.0216 11.2018 "" "" 2060613781225400064 2106.81836 0.4413 0.0244 -3.861 -6.823 0.024 0.027 0.917 4778.0 3.3075 15.534835 2.198686 16.679716 14.48103 "" "" 2006.16833 2218.06909 11508.34099 4.2039 2907.6 8.1523 12786.0 12.577 "" "" 0.002783718576807919 0.004129414 0.0039273817 0.008056795 303.93287122389 36.98768027262 2106.81836 -3.861 -6.823 -1.0493332729339602 -1.1510000686645512 0.0697918 0.0727918 "" "" 15.553997163042615 "" 1.111266755963605 ""
303.5182929301 36.86640364689 0.0193 0.021 13.7157 "" "" 2060527744445906176 1839.74609 0.5206 0.0248 -3.405 -2.359 0.026 0.027 0.999 6510.4 3.9621 15.536231 1.466519 16.202755 14.736236 "" "" 1765.0321 1917.19312 11493.55043 3.2307 4511.4 9.7494 10108.0 10.558 "" "" 0.002772170414781385 0.0036455942 0.0039458647 0.007591459 303.5182929301 36.86640364689 1839.74609 -3.404999999999999 -2.359 -0.5933332729339598 3.3129999313354492 0.0717918 0.0727918 "" "" 29.350337398181136 "" 2.1355578282956733 ""
