Clusters/BDSB91/BDSB91_stars_in_region.tsv
# %ECSV 1.0
# ---
# datatype:
# - name: RA_ICRS_1
#   unit: deg
#   datatype: float64
#   format: '{:15.11f}'
#   description: Right ascension (ICRS) at Ep=2016.0 (ra)
#   meta: !!omap
#   - {ucd: POS_EQ_RA_MAIN}
#   - {width: 15}
#   - {precision: '11'}
# - name: DE_ICRS_1
#   unit: deg
#   datatype: float64
#   format: '{:15.11f}'
#   description: Declination (ICRS) at Ep=2016.0 (dec)
#   meta: !!omap
#   - {ucd: POS_EQ_DEC_MAIN}
#   - {width: 15}
#   - {precision: '11'}
# - name: e_RA_ICRS
#   unit: mas
#   datatype: float64
#   format: '{:7.4f}'
#   description: Standard error of right ascension (ra_error)
#   meta: !!omap
#   - {ucd: ERROR}
#   - {width: 7}
#   - {precision: '4'}
# - name: e_DE_ICRS
#   unit: mas
#   datatype: float64
#   format: '{:7.4f}'
#   description: Standard error of declination (dec_error)
#   meta: !!omap
#   - {ucd: ERROR}
#   - {width: 7}
#   - {precision: '4'}
# - name: _r_1
#   unit: ''
#   datatype: float64
#   format: '{:7.4f}'
#   description: Distance from center (096.32850601000-10.54580577000)[ICRS], at Epoch=J2016.0
#   meta: !!omap
#   - {ucd: POS_ANG_DIST_GENERAL}
#   - {width: 7}
#   - {precision: '4'}
# - name: HIP
#   datatype: int32
#   description: '? HIP cross-id number, van Leeuwen, Cat. I/311 (hip_original_ext_source_id)'
#   meta: !!omap
#   - {ucd: ID_NUMBER}
#   - {width: 6}
#   - values: {'null': -2147483648}
# - name: TYC2
#   datatype: string
#   description: Tycho-2 cross-id name, Hog et al., Cat. I/259 (tyc2_original_ext_source_id)
#   meta: !!omap
#   - {ucd: ID_CROSSID}
#   - {_votable_string_dtype: char}
# - name: Source
#   datatype: int64
#   description: Source identifier, identical to the Gaia-EDR3 source_id (id)
#   meta: !!omap
#   - {ucd: ID_MAIN}
#   - {width: 19}
# - name: rgeo
#   unit: pc
#   datatype: float64
#   format: '{:15.8f}'
#   description: '? Median of the geometric distance posterior (r_med_geo)'
#   meta: !!omap
#   - {ucd: PHYS_DISTANCE_TRUE}
#   - {width: 15}
#   - {precision: '8'}
#   - values: {'null': .nan}
# - name: Plx
#   unit: mas
#   datatype: float64
#   format: '{:9.4f}'
#   description: '? Parallax (parallax)'
#   meta: !!omap
#   - {ucd: POS_PARLX_TRIG}
#   - {width: 9}
#   - {precision: '4'}
#   - values: {'null': .nan}
# - name: e_Plx
#   unit: mas
#   datatype: float32
#   format: '{:7.4f}'
#   description: '? Standard error of parallax (parallax_error)'
#   meta: !!omap
#   - {ucd: ERROR}
#   - {width: 7}
#   - {precision: '4'}
#   - values: {'null': .nan}
# - name: pmRA
#   unit: mas / yr
#   datatype: float64
#   format: '{:9.3f}'
#   description: '? Proper motion in right ascension direction, pmRA*cosDE (pmra)'
#   meta: !!omap
#   - {ucd: POS_EQ_PMRA}
#   - {width: 9}
#   - {precision: '3'}
#   - values: {'null': .nan}
# - name: pmDE
#   unit: mas / yr
#   datatype: float64
#   format: '{:9.3f}'
#   description: '? Proper motion in declination direction (pmdec)'
#   meta: !!omap
#   - {ucd: POS_EQ_PMDEC}
#   - {width: 9}
#   - {precision: '3'}
#   - values: {'null': .nan}
# - name: e_pmRA
#   unit: mas / yr
#   datatype: float32
#   format: '{:6.3f}'
#   description: '? Standard error of proper motion in right ascension direction (pmra_error)'
#   meta: !!omap
#   - {ucd: ERROR}
#   - {width: 6}
#   - {precision: '3'}
#   - values: {'null': .nan}
# - name: e_pmDE
[...]
#         value: !astropy.table.SerializedColumn {name: SkyCoord.dec}
#       distance: !astropy.table.SerializedColumn
#         __class__: astropy.coordinates.distances.Distance
#         unit: !astropy.units.Unit {unit: pc}
#         value: !astropy.table.SerializedColumn {name: SkyCoord.distance}
#       frame: icrs
#       obstime: !astropy.time.Time {format: jyear_str, in_subfmt: '*', jd1: 367701545.0, jd2: 0.0, out_subfmt: '*', precision: 3, scale: tt}
#       pm_dec: !astropy.table.SerializedColumn
#         __class__: astropy.units.quantity.Quantity
#         unit: !astropy.units.Unit {unit: mas / yr}
#         value: !astropy.table.SerializedColumn {name: SkyCoord.pm_dec}
#       pm_ra_cosdec: !astropy.table.SerializedColumn
#         __class__: astropy.units.quantity.Quantity
#         unit: !astropy.units.Unit {unit: mas / yr}
#         value: !astropy.table.SerializedColumn {name: SkyCoord.pm_ra_cosdec}
#       ra: !astropy.table.SerializedColumn
#         __class__: astropy.coordinates.angles.Longitude
#         unit: *id001
#         value: !astropy.table.SerializedColumn {name: SkyCoord.ra}
#         wrap_angle: !astropy.coordinates.Angle
#           unit: *id001
#           value: 360.0
#       representation_type: spherical
# schema: astropy-2.0
RA_ICRS_1 DE_ICRS_1 e_RA_ICRS e_DE_ICRS _r_1 HIP TYC2 Source rgeo Plx e_Plx pmRA pmDE e_pmRA e_pmDE RUWE Teff logg Gmag BP-RP BPmag RPmag RV e_RV b_rgeo B_rgeo FG e_FG FBP e_FBP FRP e_FRP RAVE5 RAVE6 e_Gmag e_BPmag e_RPmag e_BP-RP SkyCoord.ra SkyCoord.dec SkyCoord.distance SkyCoord.pm_ra_cosdec SkyCoord.pm_dec rmRA rmDE e_rmRA e_rmDE rRV e_rRV v_pec v_pec3d e_vpec e_vpec3d
95.75247273127 -10.48746056176 0.0166 0.0181 34.1613 "" 5368-1313-1 3001522643383848832 910.072388 1.0736 0.0205 -7.013 6.439 0.021 0.02 0.995 "" "" 8.284289 1.737612 9.124319 7.386707 26.27 0.12 890.36969 931.517761 9145992.76179 2897.8 3059800.0 3227.9 8799900.0 5447.7 "" "" 0.0027767115932680973 0.0030161159 0.0038386846 0.0068548005 95.75247273127 -10.48746056176 910.072388 -7.013000000000001 6.439000000000003 -3.793545473098755 5.295409072875977 0.21939714 0.21839714 6.473749999999999 12.0112505 28.09977185006158 28.83585644797139 6.146454312159692 6.568580654706255
96.61547981351 -10.79435734447 0.0445 0.0482 22.5546 "" 5368-512-1 3001282842474946560 879.652344 1.1175 0.0632 -2.059 -2.859 0.054 0.06 4.005 5080.7 2.6455 9.937112 1.268163 10.366989 9.098826 9.8 0.3 823.520386 935.845703 1995731.66423 1190.4 974140.0 6653.1 1818100.0 5891.4 "" "" 0.002830404752984352 0.007922832 0.005163498 0.01308633 96.61547981351 -10.79435734447 879.652344 -2.059000000000002 -2.8590000000000013 1.160454526901245 -4.002590927124023 0.25239715 0.25839713 -9.99625 12.191251 17.37627454768256 20.046444353524162 4.481982205805665 7.21457265849807
96.85221878873 -10.88283308426 0.0097 0.01 36.9076 "" "" 3001272190952805504 845.217529 1.1539 0.012 -2.239 0.887 0.012 0.012 1.047 4752.4 2.3672 10.692269 1.459145 11.361127 9.901981 53.9 0.18 836.140198 854.092529 995494.58035 125.2 389910.0 208.85 867690.0 310.83 "" "" 0.0027587017118789 0.0028501335 0.0037993423 0.0066494755 96.85221878873 -10.88283308426 845.217529 -2.238999999999999 0.8869999999999999 0.9804545269012452 -0.2565909271240234 0.21039714 0.21039714 34.10375 12.071251 4.0603132513906255 34.34460522064445 0.8542782923144432 11.987021929799745
95.67132690064 -10.58961685316 0.0875 0.0866 38.851 "" 5367-601-1 3001515668357436672 756.62207 1.3244 0.1045 -1.563 -2.392 0.111 0.106 3.318 11048.1 4.0918 10.860967 0.336761 10.889615 10.552855 15.76 6.44 701.795166 811.516174 852236.52774 999.26 601960.0 437.18 476450.0 117.06 "" "" 0.0030351976668332673 0.0028994523 0.0037887841 0.0066882363 95.67132690064 -10.58961685316 756.62207 -1.563 -2.392 1.6564545269012452 -3.5355909271240233 0.30939716 0.30439714 -4.036250000000001 18.331251 14.002652268454344 14.57276859809932 4.27505375342667 6.5308862759626365
96.30196862199 -10.71357881065 0.0115 0.0123 10.1873 "" 5368-1383-1 3001334038482870912 832.645142 1.1755 0.014 -3.016 -4.514 0.015 0.016 0.959 4909.0 2.53 11.024612 1.630439 11.796922 10.166483 52.43 0.2 822.200684 841.361877 732996.18934 155.12 261000.0 198.74 680090.0 221.45 "" "" 0.002764883892423653 0.0029100769 0.0037958813 0.0067059584 96.30196862199 -10.71357881065 832.645142 -3.0160000000000013 -4.5139999999999985 0.2034545269012451 -5.657590927124024 0.21339715 0.21439715 32.63375 12.09125 22.343462430720145 39.54986665534414 4.790345815416864 10.337376384070993
95.85856922803 -10.560572696 0.013 0.0131 27.7334 "" 5368-166-1 3001518210977596800 891.253113 1.1003 0.0157 1.549 3.94 0.016 0.016 1.066 "" "" 11.121101 1.399733 11.753311 10.353579 25.92 0.43 877.872742 903.151855 670665.82661 141.05 271700.0 166.54 572440.0 181.93 "" "" 0.0027647659523047426 0.0028684402 0.0037951015 0.006663542 95.85856922803 -10.560572696 891.253113 1.549 3.94 4.768454526901245 2.7964090728759765 0.21439715 0.21439715 6.123750000000001 12.321251 23.352979994706445 24.14253484403946 5.0068122917690365 5.763915594534428
96.77482764886 -10.87583818661 0.0134 0.0145 32.9314 "" 5368-1064-1 3001275317688996608 788.030518 1.2241 0.0168 -2.078 2.527 0.017 0.018 1.014 8959.3 4.0477 11.672133 0.531284 11.86721 11.335926 91.77 15.87 778.204529 796.317017 403732.5276 599.16 244640.0 1138.5 231630.0 1187.6 "" "" 0.003191871035544011 0.005771964 0.0067284578 0.012500422 96.77482764886 -10.87583818661 788.030518 -2.077999999999998 2.5269999999999997 1.1414545269012453 1.3834090728759767 0.21539715 0.21639714 71.97375 27.76125 6.69929801163905 72.28486205915628 1.4469991726005262 27.64209120089588
96.4466617096 -9.9207111327 0.013 0.0125 38.149 "" "" 3003070339142061312 943.375122 1.0488 0.0156 -1.316 -1.792 0.017 0.016 0.993 "" "" 11.683748 2.085904 12.755607 10.669703 51.84 0.21 931.676025 955.903259 399436.06023 80.153 107940.0 86.478 427840.0 188.93 "" "" 0.0027639205134652504 0.0029226183 0.0038096718 0.00673229 96.4466617096 -9.9207111327 943.375122 -1.316 -1.792 1.903454526901245 -2.9355909271240233 0.21539715 0.21439715 32.04375 12.101251 15.644736446272917 35.65893566184835 3.3588251195017564 10.973791522742124
96.00672567404 -10.64906278394 0.0412 0.0449 19.9632 "" "" 3001327303974149248 1051.63147 0.9428 0.056 -3.418 -0.194 0.052 0.052 3.757 "" "" 11.756235 1.658507 12.542846 10.884338 27.55 2.38 999.407349 1107.36133 373639.34885 105.44 131300.0 124.75 351090.0 258.87 "" "" 0.00277230325345898 0.002974759 0.0038632376 0.0068379967 96.00672567404 -10.64906278394 1051.63147 -3.418 -0.194 -0.19854547309875503 -1.3375909271240234 0.25039715 0.25039715 7.75375 14.271251 6.74058649854438 10.274052044196525 1.6878236199039514 10.827181326055351
96.11814001671 -10.95904107473 0.0116 0.0119 27.7221 "" "" 3001300262860058880 819.993103 1.2034 0.0144 -3.311 -17.523 0.015 0.015 1.143 "" "" 11.82825 1.530454 12.537862 11.007408 36.72 0.41 809.28241 828.755371 349660.5829 69.809 131910.0 94.462 313470.0 98.072 "" "" 0.002763833648905683 0.0028964744 0.003794616 0.0066910908 96.11814001671 -10.95904107473 819.993103 -3.3110000000000013 -17.522999999999985 -0.09154547309875483 -18.666590927124023 0.21339715 0.21339715 16.92375 12.30125 72.55356786992533 74.50123169933744 15.482724262689672 15.33471377407492
95.73500606182 -10.57224064533 0.0138 0.0134 35.0429 "" 5367-1632-1 3001518687715860864 929.752625 1.03 0.0159 -0.183 -0.93 0.019 0.017 1.028 "" "" 11.890475 0.462013 12.054817 11.592804 20.76 22.76 916.241699 942.909241 330184.52101 87.4 205820.0 135.44 182830.0 77.746 "" "" 0.0027702680776505884 0.0028801935 0.0038074781 0.006687672 95.73500606182 -10.57224064533 929.752625 -0.183 -0.93 3.0364545269012453 -2.0735909271240236 0.21739714 0.21539715 0.963750000000001 34.651253 16.204344120153056 16.232978236504813 3.51250343227794 4.065271497787323
95.92601561783 -10.39153100519 0.0153 0.0158 25.4877 "" 5368-1032-1 3001548172669421312 976.844299 0.9943 0.0181 -0.206 -1.25 0.02 0.019 1.313 8860.5 3.9814 11.942973 0.853994 12.281493 11.427499 16.77 3.44 960.042786 995.543213 314599.04896 75.986 167040.0 70.412 212890.0 77.194 "" "" 0.002767771614627191 0.0028274562 0.0037998313 0.0066272877 95.92601561783 -10.39153100519 976.844299 -0.2060000000000001 -1.2500000000000009 3.013454526901245 -2.3935909271240234 0.21839714 0.21739714 -3.026250000000001 15.331251 17.819025121535272 18.07417620098922 3.884740574397169 4.610592582730209
96.76744621225 -10.51744336164 0.0125 0.012 25.9486 "" "" 3002797557177916416 950.595154 1.0491 0.0145 3.994 3.229 0.016 0.015 1.121 "" "" 12.061319 1.988171 13.064156 11.075985 35.01 0.45 939.451416 961.633911 282110.33944 53.508 81237.0 67.758 294280.0 132.74 "" "" 0.0027630051442237014 0.002933452 0.0038109804 0.0067444323 96.76744621225 -10.51744336164 950.595154 3.9940000000000007 3.2289999999999983 7.213454526901245 2.0854090728759767 0.21439715 0.21339715 15.213749999999997 12.34125 33.83354290891879 37.09672242708443 7.251211042097018 8.327850564951936
96.29475512613 -9.90719360175 0.0119 0.0123 38.3685 "" "" 3003076906149584896 1055.49719 0.9434 0.016 -2.35 -1.051 0.015 0.016 1.204 "" "" 12.079253 1.977087 13.074162 11.097075 70.38 0.88 1037.54028 1073.71509 277488.73271 49.244 80492.0 87.828 288620.0 130.24 "" "" 0.002762048920840428 0.00303126 0.003811006 0.006842266 96.29475512613 -9.90719360175 1055.49719 -2.350000000000002 -1.051 0.869454526901245 -2.1945909271240236 0.21339715 0.21439715 50.583749999999995 12.771251 11.809948713577773 51.94411085657196 2.5304203428816767 12.450084886893325
96.30978897147 -10.11813574073 0.0097 0.0099 25.684 "" "" 3003057866555866112 766.176392 1.2795 0.0125 0.1 0.737 0.013 0.013 0.984 6745.9 3.7848 12.1527 0.740875 12.44134 11.700465 49.17 3.48 759.956848 772.892456 259338.14062 70.852 144170.0 73.48 165570.0 59.847 "" "" 0.0027712410049123386 0.002844516 0.0037997032 0.006644219 96.30978897147 -10.11813574073 766.176392 0.09999999999999992 0.737 3.319454526901245 -0.40659092712402345 0.21139714 0.21139714 29.37375 15.37125 12.145279744890603 31.785610095515707 2.567477417365006 14.238731416216417
96.43506546703 -10.1455621433 0.0129 0.0122 24.8246 "" "" 3002869300312800512 980.577515 1.0039 0.0148 -2.316 -4.531 0.017 0.015 1.153 8995.6 3.6622 12.196025 1.173685 12.694371 11.520686 -1.95 6.15 966.905884 993.68042 249193.5678 70.64 114200.0 69.743 195380.0 113.5 "" "" 0.002772456845948624 0.0028678754 0.00383165 0.0066995253 96.43506546703 -10.1455621433 980.577515 -2.316 -4.530999999999996 0.9034545269012453 -5.674590927124023 0.21539715 0.21339715 -21.74625 18.04125 26.707330027398772 34.44097655779952 5.700594504443479 12.219010833239578
96.59881218472 -10.81013015028 0.0422 0.048 22.4839 "" "" 3001282808111958656 928.78717 1.0703 0.0581 -2.267 -3.919 0.052 0.055 3.994 "" "" 12.201344 1.127982 12.669199 11.541217 5.51 2.8 881.722168 986.099182 247975.64725 109.18 116880.0 166.66 191720.0 142.58 "" "" 0.0027964809053079758 0.0031909002 0.0038646737 0.007055574 96.59881218472 -10.81013015028 928.78717 -2.266999999999998 -3.919 0.9524545269012452 -5.062590927124024 0.25039715 0.25339714 -14.28625 14.691251 22.678818898982684 26.80346555420314 5.744435254836297 9.216277694185866
96.06712025872 -10.6047249832 0.0106 0.0121 15.8169 "" "" 3001327956809176576 1029.58484 0.9665 0.0139 0.156 -2.008 0.013 0.014 1.087 "" "" 12.206545 1.87819 13.136124 11.257934 43.29 0.49 1016.25165 1047.92004 246790.72812 50.041 76027.0 53.586 248880.0 101.8 "" "" 0.0027641013076288817 0.0028932106 0.0038053847 0.0066985954 96.06712025872 -10.6047249832 1029.58484 0.15599999999999997 -2.008 3.3754545269012453 -3.1515909271240234 0.21139714 0.21239714 23.49375 12.38125 22.53706771232116 32.555732369772436 4.774781410868549 9.526697286851284
96.91417404258 -10.63056820613 0.0172 0.0182 34.9141 "" "" 3002780995784026112 805.768005 1.217 0.0227 -2.868 1.4 0.022 0.022 1.844 "" "" 12.249872 0.748554 12.538114 11.789559 19.83 10.48 790.435486 820.238403 237136.25086 106.24 131880.0 164.85 152520.0 198.43 "" "" 0.0027979272830954464 0.0031027342 0.0040347283 0.0071374625 96.91417404258 -10.63056820613 805.768005 -2.8680000000000003 1.4000000000000001 0.35145452690124523 0.2564090728759765 0.22039714 0.22039714 0.033749999999997726 22.37125 1.661592580117694 1.6619353070448246 0.3662102600734521 0.5834809011688632
96.31847360447 -10.63791995132 0.0115 0.0129 5.5584 "" "" 3001339162380284288 866.94989 1.1318 0.0147 -3.269 1.294 0.015 0.016 1.038 "" "" 12.348905 0.903803 12.706147 11.802344 29.37 21.28 856.907654 878.778198 216463.65585 65.453 112970.0 102.68 150740.0 89.9 "" "" 0.0027748097768765115 0.0029595443 0.0038344509 0.0067939954 96.31847360447 -10.63791995132 866.94989 -3.269 1.2940000000000011 -0.04954547309875501 0.1504090728759766 0.21339715 0.21439715 9.57375 33.17125 0.6507522767468653 9.59584116105468 0.13945586604425844 33.09488521962879
96.89674636154 -10.86907180586 0.01 0.0104 38.7105 "" "" 3001271886012720896 827.389832 1.2019 0.0121 -0.936 3.523 0.013 0.013 1.067 4869.9 3.0699 12.352181 1.44581 13.014298 11.568488 78.16 0.52 819.865295 834.665161 215811.2408 42.73 85055.0 42.193 186970.0 75.617 "" "" 0.00276369365639023 0.0028416784 0.0038048052 0.0066464837 96.89674636154 -10.86907180586 827.389832 -0.9360000000000004 3.522999999999999 2.283454526901245 2.3794090728759767 0.21139714 0.21139714 58.363749999999996 12.411251 12.933562653639818 59.7796316229711 2.7341181707457456 12.131720504438983
96.3113773747 -10.53708657583 0.0183 0.0233 1.1378 "" "" 3001341047869491456 864.528931 1.1327 0.0274 -2.951 1.607 0.024 0.025 1.714 7637.5 3.928 12.408863 0.761763 12.697333 11.935571 23.72 20.74 843.391663 887.618286 204833.73691 73.194 113890.0 93.108 133330.0 133.7 "" "" 0.002782500717291795 0.0029279536 0.003933078 0.006861032 96.3113773747 -10.53708657583 864.528931 -2.951 1.6070000000000013 0.26845452690124505 0.46340907287597655 0.22239715 0.22339715 3.9237499999999983 32.63125 2.1946203921967298 4.495795005151559 0.4897214269557928 28.480251381129904
96.239834914 -10.01671593499 0.0861 0.0868 32.1741 "" "" 3003062676919236352 824.621216 1.2148 0.1076 -3.671 -0.153 0.113 0.124 10.265 "" "" 12.419983 1.384259 13.030949 11.646689 36.61 6.54 757.339905 891.476379 202746.67996 70.573 83760.0 75.177 173970.0 68.502 "" "" 0.002781118302923047 0.0029554456 0.0038034848 0.00675893 96.239834914 -10.01671593499 824.621216 -3.671 -0.15299999999999997 -0.4515454730987547 -1.2965909271240235 0.31139714 0.32239714 16.81375 18.431252 5.366526597281265 17.649413496822696 1.7238652342981577 17.56639158492551
96.26672339285 -11.01400124968 0.0121 0.0122 28.3268 "" "" 3001254912301879552 1005.62378 0.9934 0.015 1.172 -5.296 0.016 0.017 1.114 "" "" 12.429467 2.172877 13.55803 11.385153 0.96 0.38 992.360535 1018.58679 200983.29941 50.006 51547.0 42.986 221360.0 155.87 "" "" 0.002768531055320241 0.0029333984 0.0038559325 0.006789331 96.26672339285 -11.01400124968 1005.62378 1.171999999999999 -5.295999999999999 4.391454526901245 -6.439590927124024 0.21439715 0.21539715 -18.83625 12.271251 37.15339203603514 41.655478077268775 7.990959831336022 9.03268284719266
96.30959313417 -10.55404618415 0.0116 0.0145 1.2202 "" 5368-1747-1 3001341013510811264 884.696655 1.1071 0.0163 -3.162 1.374 0.015 0.016 1.04 7891.2 3.9116 12.464983 0.611308 12.69108 12.079772 "" "" 872.634827 895.514526 194515.15925 52.779 114550.0 69.118 116750.0 75.649 "" "" 0.0027710247693837112 0.0028660477 0.0038443014 0.006710349 96.30959313417 -10.55404618415 884.696655 -3.162 1.3739999999999997 0.057454526901245195 0.23040907287597667 0.21339715 0.21439715 "" "" 0.9957981686414965 "" 0.21343812071213772 ""
96.65903538407 -9.96726891263 0.0115 0.0116 39.8216 "" "" 3002879749969438720 760.249329 1.2938 0.0144 0.692 -2.316 0.014 0.014 1.092 6338.6 3.8908 12.509097 0.854237 12.850227 11.995991 42.17 1.87 751.209412 768.610535 186770.26283 55.941 98930.0 69.595 126110.0 68.499 "" "" 0.0027744445617728327 0.002892823 0.0038251167 0.00671794 96.65903538407 -9.96726891263 760.249329 0.692 -2.315999999999999 3.9114545269012453 -3.4595909271240233 0.21239714 0.21239714 22.37375 13.7612505 18.817546073045577 29.23499152169696 3.9967930287912194 10.841241674371412
96.1907358311 -10.38100824406 0.0121 0.0155 12.8002 "" "" 3001364378131837440 825.545349 1.1885 0.0182 2.853 -5.618 0.014 0.016 1.051 7044.0 3.9359 12.524891 0.721109 12.804035 12.082926 37.48 5.06 812.695496 839.850342 184073.17288 108.94 103230.0 166.64 116410.0 131.12 "" "" 0.0028292555559062136 0.0032949757 0.003972316 0.0072672917 96.1907358311 -10.38100824406 825.545349 2.853 -5.618 6.072454526901245 -6.761590927124024 0.21239714 0.21439715 17.683749999999996 16.95125 35.5625621064954 39.71663175095343 7.59283971970919 10.158100736150647
96.6419535499 -10.18073159874 0.0095 0.0098 28.6715 "" "" 3002866207936349568 739.783813 1.3255 0.0125 -2.447 1.273 0.012 0.012 0.892 "" "" 12.56977 0.61585 12.803897 12.188046 "" "" 733.233948 746.358582 176619.61754 53.813 103240.0 50.439 105670.0 49.467 "" "" 0.002775107494107513 0.002840145 0.003813405 0.00665355 96.6419535499 -10.18073159874 739.783813 -2.4469999999999983 1.273 0.772454526901245 0.12940907287597647 0.21039714 0.21039714 "" "" 2.7464179514005442 "" 0.5778384799992047 ""
