Clusters/BDSB91/BDSB91_members.tsv
# %ECSV 1.0
# ---
# datatype:
# - name: RA_ICRS_1
#   unit: deg
#   datatype: float64
#   format: '{:15.11f}'
#   description: Right ascension (ICRS) at Ep=2016.0 (ra)
#   meta: !!omap
#   - {ucd: POS_EQ_RA_MAIN}
#   - {width: 15}
#   - {precision: '11'}
# - name: DE_ICRS_1
#   unit: deg
#   datatype: float64
#   format: '{:15.11f}'
#   description: Declination (ICRS) at Ep=2016.0 (dec)
#   meta: !!omap
#   - {ucd: POS_EQ_DEC_MAIN}
#   - {width: 15}
#   - {precision: '11'}
# - name: e_RA_ICRS
#   unit: mas
#   datatype: float64
#   format: '{:7.4f}'
#   description: Standard error of right ascension (ra_error)
#   meta: !!omap
#   - {ucd: ERROR}
#   - {width: 7}
#   - {precision: '4'}
# - name: e_DE_ICRS
#   unit: mas
#   datatype: float64
#   format: '{:7.4f}'
#   description: Standard error of declination (dec_error)
#   meta: !!omap
#   - {ucd: ERROR}
#   - {width: 7}
#   - {precision: '4'}
# - name: _r_1
#   unit: ''
#   datatype: float64
#   format: '{:7.4f}'
#   description: Distance from center (096.32850601000-10.54580577000)[ICRS], at Epoch=J2016.0
#   meta: !!omap
#   - {ucd: POS_ANG_DIST_GENERAL}
#   - {width: 7}
#   - {precision: '4'}
# - name: HIP
#   datatype: int32
#   description: '? HIP cross-id number, van Leeuwen, Cat. I/311 (hip_original_ext_source_id)'
#   meta: !!omap
#   - {ucd: ID_NUMBER}
#   - {width: 6}
#   - values: {'null': -2147483648}
# - name: TYC2
#   datatype: string
#   description: Tycho-2 cross-id name, Hog et al., Cat. I/259 (tyc2_original_ext_source_id)
#   meta: !!omap
#   - {ucd: ID_CROSSID}
#   - {_votable_string_dtype: char}
# - name: Source
#   datatype: int64
#   description: Source identifier, identical to the Gaia-EDR3 source_id (id)
#   meta: !!omap
#   - {ucd: ID_MAIN}
#   - {width: 19}
# - name: rgeo
#   unit: pc
#   datatype: float64
#   format: '{:15.8f}'
#   description: '? Median of the geometric distance posterior (r_med_geo)'
#   meta: !!omap
#   - {ucd: PHYS_DISTANCE_TRUE}
#   - {width: 15}
#   - {precision: '8'}
#   - values: {'null': .nan}
# - name: Plx
#   unit: mas
#   datatype: float64
#   format: '{:9.4f}'
#   description: '? Parallax (parallax)'
#   meta: !!omap
#   - {ucd: POS_PARLX_TRIG}
#   - {width: 9}
#   - {precision: '4'}
#   - values: {'null': .nan}
# - name: e_Plx
#   unit: mas
#   datatype: float32
#   format: '{:7.4f}'
#   description: '? Standard error of parallax (parallax_error)'
#   meta: !!omap
#   - {ucd: ERROR}
#   - {width: 7}
#   - {precision: '4'}
#   - values: {'null': .nan}
# - name: pmRA
#   unit: mas / yr
#   datatype: float64
#   format: '{:9.3f}'
#   description: '? Proper motion in right ascension direction, pmRA*cosDE (pmra)'
#   meta: !!omap
#   - {ucd: POS_EQ_PMRA}
#   - {width: 9}
#   - {precision: '3'}
#   - values: {'null': .nan}
# - name: pmDE
#   unit: mas / yr
#   datatype: float64
#   format: '{:9.3f}'
#   description: '? Proper motion in declination direction (pmdec)'
#   meta: !!omap
#   - {ucd: POS_EQ_PMDEC}
#   - {width: 9}
#   - {precision: '3'}
#   - values: {'null': .nan}
# - name: e_pmRA
#   unit: mas / yr
#   datatype: float32
#   format: '{:6.3f}'
#   description: '? Standard error of proper motion in right ascension direction (pmra_error)'
#   meta: !!omap
#   - {ucd: ERROR}
#   - {width: 6}
#   - {precision: '3'}
#   - values: {'null': .nan}
# - name: e_pmDE
[...]
#       distance: !astropy.table.SerializedColumn
#         __class__: astropy.coordinates.distances.Distance
#         unit: !astropy.units.Unit {unit: pc}
#         value: !astropy.table.SerializedColumn {name: SkyCoord.distance}
#       frame: icrs
#       obstime: !astropy.time.Time {format: jyear_str, in_subfmt: '*', jd1: 367701545.0, jd2: 0.0, out_subfmt: '*', precision: 3, scale: tt}
#       pm_dec: !astropy.table.SerializedColumn
#         __class__: astropy.units.quantity.Quantity
#         unit: !astropy.units.Unit {unit: mas / yr}
#         value: !astropy.table.SerializedColumn {name: SkyCoord.pm_dec}
#       pm_ra_cosdec: !astropy.table.SerializedColumn
#         __class__: astropy.units.quantity.Quantity
#         unit: !astropy.units.Unit {unit: mas / yr}
#         value: !astropy.table.SerializedColumn {name: SkyCoord.pm_ra_cosdec}
#       ra: !astropy.table.SerializedColumn
#         __class__: astropy.coordinates.angles.Longitude
#         unit: *id001
#         value: !astropy.table.SerializedColumn {name: SkyCoord.ra}
#         wrap_angle: !astropy.coordinates.Angle
#           unit: *id001
#           value: 360.0
#       representation_type: spherical
# schema: astropy-2.0
RA_ICRS_1 DE_ICRS_1 e_RA_ICRS e_DE_ICRS _r_1 HIP TYC2 Source rgeo Plx e_Plx pmRA pmDE e_pmRA e_pmDE RUWE Teff logg Gmag BP-RP BPmag RPmag RV e_RV b_rgeo B_rgeo FG e_FG FBP e_FBP FRP e_FRP RAVE5 RAVE6 e_Gmag e_BPmag e_RPmag e_BP-RP SkyCoord.ra SkyCoord.dec SkyCoord.distance SkyCoord.pm_ra_cosdec SkyCoord.pm_dec rmRA rmDE e_rmRA e_rmDE rRV e_rRV v_pec v_pec3d e_vpec e_vpec3d Pmemb
96.31847360447 -10.63791995132 0.0115 0.0129 5.5584 "" "" 3001339162380284288 866.94989 1.1318 0.0147 -3.269 1.294 0.015 0.016 1.038 "" "" 12.348905 0.903803 12.706147 11.802344 29.37 21.28 856.907654 878.778198 216463.65585 65.453 112970.0 102.68 150740.0 89.9 "" "" 0.0027748097768765115 0.0029595443 0.0038344509 0.0067939954 96.31847360447 -10.63791995132 866.94989 -3.269 1.294000000000001 -0.04954547309875501 0.1504090728759766 0.21339715 0.21439715 9.57375 33.17125 0.6507522767468653 9.59584116105468 0.13945586604425844 33.09488521962879 1.0
96.3113773747 -10.53708657583 0.0183 0.0233 1.1378 "" "" 3001341047869491456 864.528931 1.1327 0.0274 -2.951 1.607 0.024 0.025 1.714 7637.5 3.928 12.408863 0.761763 12.697333 11.935571 23.72 20.74 843.391663 887.618286 204833.73691 73.194 113890.0 93.108 133330.0 133.7 "" "" 0.002782500717291795 0.0029279536 0.003933078 0.006861032 96.3113773747 -10.53708657583 864.528931 -2.951 1.607000000000001 0.26845452690124505 0.46340907287597655 0.22239715 0.22339715 3.9237499999999983 32.63125 2.1946203921967298 4.495795005151559 0.4897214269557928 28.480251381129904 1.0
96.30959313417 -10.55404618415 0.0116 0.0145 1.2202 "" 5368-1747-1 3001341013510811264 884.696655 1.1071 0.0163 -3.162 1.374 0.015 0.016 1.04 7891.2 3.9116 12.464983 0.611308 12.69108 12.079772 "" "" 872.634827 895.514526 194515.15925 52.779 114550.0 69.118 116750.0 75.649 "" "" 0.0027710247693837112 0.0028660477 0.0038443014 0.006710349 96.30959313417 -10.55404618415 884.696655 -3.162 1.3739999999999997 0.057454526901245195 0.23040907287597667 0.21339715 0.21439715 "" "" 0.9957981686414965 "" 0.21343812071213772 "" 1.0
96.30741397665 -10.56831746109 0.0176 0.0207 1.8363 "" "" 3001340433690592512 901.311401 1.094 0.0239 -3.506 1.799 0.022 0.023 1.482 7995.5 3.8281 12.763707 1.12543 13.222958 12.097527 "" "" 885.252258 923.864319 147728.32763 51.444 70183.0 87.565 114850.0 101.71 "" "" 0.0027811403216508874 0.0031016269 0.0038997745 0.0070014014 96.30741397665 -10.56831746109 901.311401 -3.5059999999999985 1.7990000000000006 -0.28654547309875467 0.6554090728759765 0.22039714 0.22139715 "" "" 3.0559617374363883 "" 0.6760917436804762 "" 1.0
96.3100656965 -10.58991450769 0.0158 0.0194 2.8613 "" "" 3001340326315440000 881.269653 1.093 0.0221 -3.377 1.304 0.021 0.022 0.969 5693.2 3.7982 14.27327 1.523861 14.974784 13.450923 43.76 6.2 864.017578 899.492432 36782.30367 44.783 13980.0 68.94 33021.0 120.01 "" "" 0.00305601191126271 0.0060375235 0.005463904 0.011501428 96.3100656965 -10.58991450769 881.269653 -3.3770000000000007 1.304 -0.15754547309875466 0.1604090728759766 0.21939714 0.22039714 23.963749999999997 18.091251 0.9391929214084139 23.98214747277907 0.20653483234294187 18.077374804908477 1.0
96.25143050056 -10.59390518461 0.0183 0.0236 5.3847 "" "" 3001338986285636992 875.684082 1.0962 0.0264 -3.143 0.302 0.023 0.026 1.051 7500.4 4.2621 14.432316 1.449363 15.086114 13.636751 -32.82 7.93 859.05603 902.208618 31770.23742 8.6674 12617.0 24.838 27826.0 20.302 "" "" 0.0027711959394808045 0.0035147555 0.0038615079 0.0073762634 96.25143050056 -10.59390518461 875.684082 -3.143 0.30199999999999977 0.07645452690124532 -0.8415909271240234 0.22139715 0.22439715 -52.61625 19.82125 3.5076122041662448 52.73303620537429 0.7870126295700872 19.777422693554186 1.0
96.3477470216 -10.5499510692 0.0184 0.0211 1.1619 "" "" 3001340880367180800 923.032593 1.0419 0.0246 -3.0 1.295 0.025 0.027 1.038 "" "" 14.433494 1.70717 15.235388 13.528217 37.77 16.68 902.992126 942.946533 31735.79939 9.0523 10997.0 26.855 30752.0 29.625 "" "" 0.0027726702358312947 0.003849022 0.003921445 0.007770467 96.3477470216 -10.5499510692 923.032593 -3.0000000000000004 1.295 0.21945452690124512 0.1514090728759765 0.22339715 0.22539714 17.973750000000003 28.57125 1.1664989497762577 18.011563198743445 0.261347197818992 28.51127389487213 1.0
96.31048682332 -10.55329827121 0.0236 0.0276 1.154 "" "" 3001341017806141568 884.953918 1.0955 0.0307 -3.174 1.005 0.031 0.032 1.077 5514.6 4.1626 14.964354 1.544771 15.625293 14.080522 26.18 7.62 863.401245 908.827698 19462.79758 27.878 7678.9 64.722 18491.0 88.84 "" "" 0.0031639175129277433 0.009567089 0.0064416416 0.016008731 96.31048682332 -10.55329827121 884.953918 -3.1740000000000004 1.005 0.045454526901245185 -0.13859092712402354 0.22939715 0.23039715 6.383749999999999 19.51125 0.6118135273017044 6.413000846303495 0.1409007892534401 19.42225988765784 1.0
96.41444368806 -10.45638637558 0.0225 0.0292 7.3817 "" "" 3001347752314822784 808.722961 1.1977 0.0352 -3.461 0.872 0.027 0.03 1.016 "" "" 14.988359 1.720539 15.810254 14.089715 19.16 7.7 787.387146 830.242493 19037.20621 14.236 6476.1 19.739 18335.0 38.304 "" "" 0.0028724538005490455 0.0043285685 0.004407789 0.008736357 96.41444368806 -10.45638637558 808.722961 -3.460999999999999 0.8719999999999996 -0.24154547309875474 -0.27159092712402344 0.22539714 0.22839715 -0.6362500000000004 19.591251 1.3932823505352405 1.5316820070801267 0.31638249833405324 8.143156087515978 1.0
96.35898850899 -10.53113181088 0.0235 0.0276 2.0021 "" "" 3001340983446390400 872.706665 1.1095 0.0318 -3.014 1.167 0.03 0.035 0.965 4870.0 4.1503 15.24569 1.55305 15.963428 14.410377 "" "" 849.693054 898.718506 15020.02829 22.908 5624.0 27.936 13646.0 66.699 "" "" 0.0032146349948793057 0.006072167 0.006515103 0.01258727 96.35898850899 -10.53113181088 872.706665 -3.0139999999999985 1.167 0.20545452690124533 0.0234090728759766 0.22839715 0.23339714 "" "" 0.8553880600107624 "" 0.19542359466004497 "" 1.0
96.31398161994 -10.56324337366 0.0294 0.0343 1.3523 "" "" 3001340811647712512 882.868042 1.078 0.0384 -3.855 0.519 0.038 0.04 1.099 10552.5 4.011 15.355643 2.126494 16.412855 14.286362 11.23 6.98 856.244263 919.176636 13573.42792 13.903 3717.7 23.496 15297.0 43.395 "" "" 0.0029712880428185767 0.00740747 0.0048754932 0.012282964 96.31398161994 -10.56324337366 882.868042 -3.855 0.5190000000000003 -0.6355454730987549 -0.6245909271240234 0.23639715 0.23839715 -8.56625 18.87125 3.729006209034516 9.3427044462253 0.8851984667312092 17.306503196758168 1.0
96.28359147611 -10.49591243548 0.0466 0.0569 3.9977 "" "" 3001353249872993152 790.609497 1.2144 0.0677 -3.17 1.311 0.06 0.066 1.838 4912.2 4.3231 15.488374 1.666029 16.256811 14.590782 "" "" 747.841553 836.199158 12011.49807 23.07 4292.3 28.961 11557.0 60.624 "" "" 0.003455486844360031 0.007839044 0.006835294 0.014674338 96.28359147611 -10.49591243548 790.609497 -3.17 1.3110000000000002 0.04945452690124519 0.1674090728759765 0.25839713 0.26439714 "" "" 0.654165485806326 "" 0.1726477460411718 "" 1.0
96.32148579126 -10.53538498275 0.0321 0.0425 0.7499 "" "" 3001341155245089792 877.189331 1.0968 0.051 -3.136 0.909 0.041 0.047 0.958 4967.0 4.2321 15.774063 1.815561 16.655882 14.840321 "" "" 840.369507 914.013428 9232.54863 18.019 2972.1 22.914 9184.0 54.011 "" "" 0.0034759171730147295 0.008823472 0.0074198744 0.016243346 96.32148579126 -10.53538498275 877.189331 -3.136 0.909 0.083454526901245 -0.2345909271240234 0.23939714 0.24539715 "" "" 1.0352827679219048 "" 0.25336522583864524 "" 1.0
96.30866941309 -10.55098077426 0.0333 0.0386 1.2106 "" "" 3001341017806141056 895.472595 1.0829 0.0433 -3.29 1.147 0.043 0.046 0.993 5612.1 4.29 15.801384 1.864092 16.704788 14.840696 "" "" 864.084961 930.234741 9003.12633 7.3134 2841.2 15.333 9180.8 20.462 "" "" 0.0028930343569742514 0.006489766 0.0044877045 0.01097747 96.30866941309 -10.55098077426 895.472595 -3.29 1.1470000000000007 -0.07054547309875492 0.003409072875976582 0.24139714 0.24439715 "" "" 0.2997825118605653 "" 0.07236875001375617 "" 1.0
96.33378210817 -10.53457955771 0.0395 0.0521 0.742 "" "" 3001341155245086592 944.292114 1.0279 0.0588 -3.193 1.318 0.048 0.057 1.038 6060.5 3.7596 16.190428 2.279477 17.357164 15.077687 "" "" 893.802856 1006.38818 6291.81294 136.84 1557.9 119.93 7380.5 409.68 "" "" 0.023773771259523332 0.08362852 0.060385898 0.14401442 96.33378210817 -10.53457955771 944.292114 -3.193000000000002 1.318 0.026454526901245057 0.17440907287597662 0.24639714 0.25539714 "" "" 0.7895744774540635 "" 0.20149800332895162 "" 1.0
96.3092063241 -10.60098208126 0.0481 0.0651 3.5008 "" "" 3001339471617925120 870.059448 1.1264 0.0727 -3.219 0.981 0.062 0.071 0.978 4695.2 4.2441 16.652802 2.258742 17.83467 15.575927 "" "" 814.765198 927.95282 4109.85181 11.289 1003.6 13.414 4664.3 33.846 "" "" 0.004060295008497912 0.014777618 0.008738132 0.02351575 96.3092063241 -10.60098208126 870.059448 -3.218999999999999 0.9809999999999999 0.00045452690124525574 -0.16259092712402345 0.26039714 0.26939714 "" "" 0.6705409008264673 "" 0.18064175425933482 "" 1.0
96.30436179637 -10.50125963369 0.0504 0.062 3.0286 "" "" 3001353078074298624 836.052979 1.1708 0.0747 -3.104 1.353 0.061 0.069 0.976 "" "" 16.683441 2.038419 17.70684 15.668422 "" "" 787.863403 895.05426 3995.48866 8.36 1129.0 18.0 4283.4 22.364 "" "" 0.0035710838731426143 0.017533658 0.0068130856 0.024346743 96.30436179637 -10.50125963369 836.052979 -3.104 1.3530000000000002 0.11545452690124502 0.20940907287597654 0.25939715 0.26739714 "" "" 0.9476358016779041 "" 0.2516482801543569 "" 0.9
96.32415186048 -10.54535558709 0.0535 0.0675 0.2583 "" "" 3001340846007446272 910.175964 1.0587 0.0803 -3.233 1.223 0.072 0.086 1.075 4913.2 4.2304 16.74624 2.479625 18.094017 15.614392 "" "" 852.735474 982.701294 3770.95059 7.939 790.33 14.427 4502.0 25.955 "" "" 0.0035800413372159418 0.020014899 0.0073119835 0.027326882 96.32415186048 -10.54535558709 910.175964 -3.2329999999999983 1.2230000000000008 -0.013545473098754979 0.07940907287597665 0.27039713 0.28439716 "" "" 0.3475377492564063 "" 0.09870447235523229 "" 1.0
96.32339192347 -10.55308194871 0.0502 0.0638 0.5307 "" "" 3001340841712119040 850.945251 1.1306 0.0749 -3.294 1.211 0.064 0.076 0.999 4199.2 4.1453 16.74818 2.225986 17.90159 15.675604 "" "" 791.254517 899.242554 3764.21752 5.8578 943.58 17.978 4255.2 20.078 "" "" 0.0032321108725189827 0.020873817 0.0063662315 0.02724005 96.32339192347 -10.55308194871 850.945251 -3.294 1.2109999999999999 -0.07454547309875492 0.06740907287597664 0.26239714 0.27439713 "" "" 0.4053800532574445 "" 0.10858587960561678 "" 1.0
96.39940819536 -10.54262899741 0.0577 0.061 4.1866 "" "" 3001345999968188416 881.179626 1.1129 0.0736 -2.949 1.022 0.073 0.079 1.122 3729.3 4.0138 16.753483 2.476967 18.075117 15.59815 "" "" 840.603699 938.890381 3745.88067 10.147 804.21 17.126 4569.8 49.931 "" "" 0.004030110219425782 0.023288963 0.012450556 0.03573952 96.39940819536 -10.54262899741 881.179626 -2.949 1.022 0.2704545269012453 -0.12159092712402342 0.27139714 0.27739716 "" "" 1.2385437068317426 "" 0.33739814918727046 "" 0.8
96.30585236589 -10.56318819384 0.0578 0.0647 1.6951 "" "" 3001340433690591872 1055.20703 0.9148 0.0778 -3.224 0.931 0.073 0.078 1.084 5698.8 4.2744 16.85324 2.326664 17.92918 15.602516 "" "" 965.787476 1147.63147 3417.05013 58.938 919.91 59.47 4551.5 208.55 "" "" 0.018928616255568426 0.070245706 0.049891848 0.12013756 96.30585236589 -10.56318819384 1055.20703 -3.223999999999999 0.931 -0.004545473098755082 -0.2125909271240234 0.27139714 0.27639714 "" "" 1.063555093850319 "" 0.29396117693771334 "" 1.0
96.40851339376 -10.51269880427 0.061 0.0635 5.1206 "" "" 3001346201830819840 905.365906 1.0922 0.0749 -3.104 1.215 0.077 0.073 0.989 4134.0 4.2727 16.888428 2.111012 17.98041 15.869398 "" "" 842.048767 982.723877 3308.075 5.3651 877.51 11.129 3559.6 20.401 "" "" 0.0032699304040119176 0.014049665 0.00728045 0.021330114 96.40851339376 -10.51269880427 905.365906 -3.104 1.215 0.11545452690124502 0.07140907287597664 0.27539715 0.27139714 "" "" 0.5825770922082243 "" 0.15979868107637266 "" 1.0
