Clusters/BDSB91/BDSB91_stars_in_region.tsv
# %ECSV 1.0
# ---
# datatype:
# - name: RA_ICRS_1
#   unit: deg
#   datatype: float64
#   format: '{:15.11f}'
#   description: Right ascension (ICRS) at Ep=2016.0 (ra)
#   meta: !!omap
#   - {ucd: POS_EQ_RA_MAIN}
#   - {width: 15}
#   - {precision: '11'}
# - name: DE_ICRS_1
#   unit: deg
#   datatype: float64
#   format: '{:15.11f}'
#   description: Declination (ICRS) at Ep=2016.0 (dec)
#   meta: !!omap
#   - {ucd: POS_EQ_DEC_MAIN}
#   - {width: 15}
#   - {precision: '11'}
# - name: e_RA_ICRS
#   unit: mas
#   datatype: float64
#   format: '{:7.4f}'
#   description: Standard error of right ascension (ra_error)
#   meta: !!omap
#   - {ucd: ERROR}
#   - {width: 7}
#   - {precision: '4'}
# - name: e_DE_ICRS
#   unit: mas
#   datatype: float64
#   format: '{:7.4f}'
#   description: Standard error of declination (dec_error)
#   meta: !!omap
#   - {ucd: ERROR}
#   - {width: 7}
#   - {precision: '4'}
# - name: _r_1
#   unit: ''
#   datatype: float64
#   format: '{:7.4f}'
#   description: Distance from center (096.32850601000-10.54580577000)[ICRS], at Epoch=J2016.0
#   meta: !!omap
#   - {ucd: POS_ANG_DIST_GENERAL}
#   - {width: 7}
#   - {precision: '4'}
# - name: HIP
#   datatype: int32
#   description: '? HIP cross-id number, van Leeuwen, Cat. I/311 (hip_original_ext_source_id)'
#   meta: !!omap
#   - {ucd: ID_NUMBER}
#   - {width: 6}
#   - values: {'null': -2147483648}
# - name: TYC2
#   datatype: string
#   description: Tycho-2 cross-id name, Hog et al., Cat. I/259 (tyc2_original_ext_source_id)
#   meta: !!omap
#   - {ucd: ID_CROSSID}
#   - {_votable_string_dtype: char}
# - name: Source
#   datatype: int64
#   description: Source identifier, identical to the Gaia-EDR3 source_id (id)
#   meta: !!omap
#   - {ucd: ID_MAIN}
#   - {width: 19}
# - name: rgeo
#   unit: pc
#   datatype: float64
#   format: '{:15.8f}'
#   description: '? Median of the geometric distance posterior (r_med_geo)'
#   meta: !!omap
#   - {ucd: PHYS_DISTANCE_TRUE}
#   - {width: 15}
#   - {precision: '8'}
#   - values: {'null': .nan}
# - name: Plx
#   unit: mas
#   datatype: float64
#   format: '{:9.4f}'
#   description: '? Parallax (parallax)'
#   meta: !!omap
#   - {ucd: POS_PARLX_TRIG}
#   - {width: 9}
#   - {precision: '4'}
#   - values: {'null': .nan}
# - name: e_Plx
#   unit: mas
#   datatype: float32
#   format: '{:7.4f}'
#   description: '? Standard error of parallax (parallax_error)'
#   meta: !!omap
#   - {ucd: ERROR}
#   - {width: 7}
#   - {precision: '4'}
#   - values: {'null': .nan}
# - name: pmRA
#   unit: mas / yr
#   datatype: float64
#   format: '{:9.3f}'
#   description: '? Proper motion in right ascension direction, pmRA*cosDE (pmra)'
#   meta: !!omap
#   - {ucd: POS_EQ_PMRA}
#   - {width: 9}
#   - {precision: '3'}
#   - values: {'null': .nan}
# - name: pmDE
#   unit: mas / yr
#   datatype: float64
#   format: '{:9.3f}'
#   description: '? Proper motion in declination direction (pmdec)'
#   meta: !!omap
#   - {ucd: POS_EQ_PMDEC}
#   - {width: 9}
#   - {precision: '3'}
#   - values: {'null': .nan}
# - name: e_pmRA
#   unit: mas / yr
#   datatype: float32
#   format: '{:6.3f}'
#   description: '? Standard error of proper motion in right ascension direction (pmra_error)'
#   meta: !!omap
#   - {ucd: ERROR}
#   - {width: 6}
#   - {precision: '3'}
#   - values: {'null': .nan}
# - name: e_pmDE
[...]
#         value: !astropy.table.SerializedColumn {name: SkyCoord.dec}
#       distance: !astropy.table.SerializedColumn
#         __class__: astropy.coordinates.distances.Distance
#         unit: !astropy.units.Unit {unit: pc}
#         value: !astropy.table.SerializedColumn {name: SkyCoord.distance}
#       frame: icrs
#       obstime: !astropy.time.Time {format: jyear_str, in_subfmt: '*', jd1: 367701545.0, jd2: 0.0, out_subfmt: '*', precision: 3, scale: tt}
#       pm_dec: !astropy.table.SerializedColumn
#         __class__: astropy.units.quantity.Quantity
#         unit: !astropy.units.Unit {unit: mas / yr}
#         value: !astropy.table.SerializedColumn {name: SkyCoord.pm_dec}
#       pm_ra_cosdec: !astropy.table.SerializedColumn
#         __class__: astropy.units.quantity.Quantity
#         unit: !astropy.units.Unit {unit: mas / yr}
#         value: !astropy.table.SerializedColumn {name: SkyCoord.pm_ra_cosdec}
#       ra: !astropy.table.SerializedColumn
#         __class__: astropy.coordinates.angles.Longitude
#         unit: *id001
#         value: !astropy.table.SerializedColumn {name: SkyCoord.ra}
#         wrap_angle: !astropy.coordinates.Angle
#           unit: *id001
#           value: 360.0
#       representation_type: spherical
# schema: astropy-2.0
RA_ICRS_1 DE_ICRS_1 e_RA_ICRS e_DE_ICRS _r_1 HIP TYC2 Source rgeo Plx e_Plx pmRA pmDE e_pmRA e_pmDE RUWE Teff logg Gmag BP-RP BPmag RPmag RV e_RV b_rgeo B_rgeo FG e_FG FBP e_FBP FRP e_FRP RAVE5 RAVE6 e_Gmag e_BPmag e_RPmag e_BP-RP SkyCoord.ra SkyCoord.dec SkyCoord.distance SkyCoord.pm_ra_cosdec SkyCoord.pm_dec rmRA rmDE e_rmRA e_rmDE rRV e_rRV v_pec v_pec3d e_vpec e_vpec3d
[from data line 455]
96.84518153022 -10.63464207513 0.0371 0.037 30.9351 "" "" 3002792716752451200 953.738098 1.024 0.0438 0.624 -4.173 0.044 0.043 0.999 5687.8 4.532 16.15739 1.581634 16.895247 15.313613 "" "" 917.552612 993.729126 6486.20372 3.1216 2384.1 10.578 5939.0 12.932 "" "" 0.002804429826293643 0.0055669914 0.0044579115 0.010024903 96.84518153022 -10.63464207513 953.738098 0.6239999999999996 -4.173 3.8434545269012452 -5.3165909271240235 0.24239714 0.24139714 "" "" 29.657527059624805 "" 7.169435562757623 ""
96.77444752176 -10.33742068105 0.035 0.0339 29.1328 "" "" 3002849307241294464 854.416016 1.1454 0.0397 6.937 -11.725 0.049 0.043 0.901 4772.9 4.3642 16.17363 1.514021 16.87584 15.361818 "" "" 827.208252 886.091736 6389.91379 2.9342 2427.1 10.577 5681.1 12.593 "" "" 0.002800063090787901 0.0054929196 0.004480615 0.009973534 96.77444752176 -10.33742068105 854.416016 6.937 -11.724999999999998 10.156454526901246 -12.868590927124023 0.24739714 0.24139714 "" "" 66.39346782805632 "" 16.181252417835328 ""
96.55305679859 -10.81722051616 0.036 0.0459 20.9877 "" "" 3001283121647003520 904.576111 1.0791 0.0525 -4.867 0.764 0.045 0.053 0.978 5057.7 4.367 16.177114 1.456169 16.837103 15.380934 "" "" 865.862427 941.95105 6369.43113 3.4893 2515.2 18.114 5581.9 15.06 "" "" 0.002818787287066693 0.008302169 0.0047817007 0.01308387 96.55305679859 -10.81722051616 904.576111 -4.867 0.7639999999999996 -1.6475454730987549 -0.3795909271240234 0.24339715 0.25139713 "" "" 7.249235383341346 "" 1.7674120653945082 ""
96.59530615593 -10.2454864505 0.0507 0.0512 23.9291 "" "" 3002865318879386624 940.09668 1.0458 0.0623 -6.808 -1.614 0.066 0.073 1.253 "" "" 16.185375 1.689517 16.825668 15.136151 "" "" 889.794373 1002.52216 6321.15402 4.898 2541.8 12.424 6993.5 31.379 "" "" 0.0028808959387532215 0.005995722 0.0061657038 0.012161426 96.59530615593 -10.2454864505 940.09668 -6.808000000000004 -1.614000000000001 -3.5885454730987547 -2.7575909271240233 0.26439714 0.27139714 "" "" 20.166785758728395 "" 5.3848835474436525 ""
96.15376709023 -10.06308400053 0.0393 0.0429 30.7453 "" "" 3001561160650446208 988.110107 0.9875 0.0489 -0.679 -5.12 0.049 0.053 0.988 4747.3 4.2991 16.187115 1.675902 16.978237 15.302335 "" "" 947.326233 1022.5816 6311.04261 4.0057 2208.6 10.857 6001.0 14.769 "" "" 0.0028401919983251163 0.00602256 0.0046285866 0.010651147 96.15376709023 -10.06308400053 988.110107 -0.6789999999999999 -5.12 2.540454526901245 -6.2635909271240235 0.24739714 0.25139713 "" "" 31.657567007149304 "" 7.940855643713122 ""
96.33378210817 -10.53457955771 0.0395 0.0521 0.742 "" "" 3001341155245086592 944.292114 1.0279 0.0588 -3.193 1.318 0.048 0.057 1.038 6060.5 3.7596 16.190428 2.279477 17.357164 15.077687 "" "" 893.802856 1006.38818 6291.81294 136.84 1557.9 119.93 7380.5 409.68 "" "" 0.023773771259523332 0.08362852 0.060385898 0.14401442 96.33378210817 -10.53457955771 944.292114 -3.1930000000000023 1.318 0.026454526901245057 0.17440907287597662 0.24639714 0.25539714 "" "" 0.7895744774540635 "" 0.20149800332895162 ""
96.6774353135 -11.01626590276 0.0383 0.048 34.9251 "" "" 3001263845833976576 941.983459 1.0322 0.0549 2.168 -3.223 0.05 0.049 1.015 4910.1 4.3386 16.195272 1.571879 16.926048 15.354169 "" "" 902.317017 983.793091 6263.80238 3.4532 2317.4 10.837 5721.2 16.479 "" "" 0.0028195857837264413 0.0057934425 0.0049054725 0.0106989145 96.6774353135 -11.01626590276 941.983459 2.1679999999999984 -3.2230000000000016 5.387454526901245 -4.366590927124023 0.24839714 0.24739714 "" "" 30.963999804958686 "" 7.67910755519428 ""
96.00462813802 -10.3385473717 0.0415 0.0441 22.8006 "" "" 3001547279316207232 912.925537 1.0737 0.0449 -3.961 -6.449 0.054 0.054 0.962 4513.3 4.1961 16.19682 1.390546 16.830326 15.43978 "" "" 871.492004 961.603088 6254.88002 4.1216 2531.0 12.043 5287.4 15.305 "" "" 0.0028466891276322796 0.0058714678 0.00491537 0.010786838 96.00462813802 -10.3385473717 912.925537 -3.9609999999999976 -6.4490000000000025 -0.7415454730987547 -7.592590927124023 0.25239715 0.25239715 "" "" 33.011496696269084 "" 8.33200767681184 ""
96.30979381267 -10.02748486549 0.0375 0.0379 31.1189 "" "" 3003063192315382528 785.094666 1.2342 0.045 5.533 -13.83 0.051 0.05 0.988 4614.8 4.5957 16.1992 1.475802 16.881905 15.406102 "" "" 758.550659 816.732483 6241.1825 3.6289 2413.5 11.486 5454.0 15.581 "" "" 0.002826715923507302 0.005872294 0.0048892205 0.010761514 96.30979381267 -10.02748486549 785.094666 5.533 -13.83 8.752454526901246 -14.973590927124024 0.24939714 0.24839714 "" "" 64.54302381477443 "" 16.048763868359462 ""
96.33917713178 -10.31412717675 0.0405 0.0449 13.915 "" "" 3001365688098228992 853.659241 1.1347 0.0564 -7.272 -4.62 0.047 0.049 0.976 4593.2 4.3444 16.201206 1.565118 16.92565 15.360532 "" "" 807.591614 909.347473 6229.65664 9.4573 2318.2 17.365 5687.8 23.134 "" "" 0.003210696378306531 0.008598252 0.005812481 0.014410733 96.33917713178 -10.31412717675 853.659241 -7.272000000000002 -4.62 -4.052545473098755 -5.7635909271240235 0.24539715 0.24739714 "" "" 28.509393798242662 "" 7.034330183965297 ""
96.74529317711 -10.28071209755 0.0511 0.0515 29.2903 "" "" 3002852708855647104 769.227905 1.2813 0.0631 -8.276 11.238 0.072 0.066 1.378 4473.3 4.2981 16.20777 1.398802 16.819677 15.420876 "" "" 733.444153 809.366943 6192.11072 6.1687 2555.9 9.9676 5380.3 15.118 "" "" 0.002960019542153101 0.0050708456 0.004857061 0.009927906 96.74529317711 -10.28071209755 769.227905 -8.276 11.237999999999998 -5.056545473098755 10.094409072875976 0.27039713 0.26439714 "" "" 41.16518953973387 "" 10.933950290669507 ""
96.10257461198 -10.86745598882 0.0356 0.037 23.4493 "" "" 3001307684563719296 1006.91614 0.9672 0.0428 1.012 -9.74 0.049 0.05 0.969 4945.2 4.3127 16.21422 1.769663 16.988379 15.218716 "" "" 966.199463 1045.6239 6155.43379 3.2142 2188.1 49.801 6481.4 71.568 "" "" 0.0028130432830684657 0.024868296 0.012570368 0.037438665 96.10257461198 -10.86745598882 1006.91614 1.012 -9.739999999999993 4.231454526901246 -10.883590927124024 0.24739714 0.24839714 "" "" 55.73289097120093 "" 13.83658528979839 ""
96.40435975716 -9.92901818107 0.0385 0.036 37.2773 "" "" 3003070029904476288 1077.60437 0.8907 0.0449 -2.32 3.845 0.054 0.045 1.012 5224.9 4.3168 16.216984 1.645342 16.991165 15.345823 "" "" 1030.95996 1133.38574 6139.78698 3.4438 2182.5 10.967 5765.4 13.334 "" "" 0.0028218178747969488 0.006127865 0.004537521 0.010665386 96.40435975716 -9.92901818107 1077.60437 -2.3200000000000016 3.845000000000001 0.8994545269012453 2.7014090728759768 0.25239715 0.24339715 "" "" 14.5431286502144 "" 3.5530348754417593 ""
95.9937116584 -10.50920356019 0.0373 0.0411 19.8713 "" "" 3001355856917304832 768.647949 1.2704 0.0472 4.958 8.571 0.046 0.049 1.052 "" "" 16.21937 1.359615 16.826614 15.466999 "" "" 746.677307 795.761719 6126.31189 3.4357 2539.6 11.309 5156.5 15.396 "" "" 0.0028217971494438215 0.005582189 0.0049792123 0.010561401 95.9937116584 -10.50920356019 768.647949 4.958 8.571000000000007 8.177454526901245 7.427409072875976 0.24439715 0.24739714 "" "" 40.248701606093576 "" 9.891433079514952 ""
96.1623468938 -10.35283569787 0.0542 0.055 15.1716 "" "" 3001364726025471488 1052.2616 0.9387 0.0678 3.55 4.737 0.061 0.067 1.467 4450.0 4.1779 16.224174 1.654143 16.994576 15.340432 "" "" 982.733398 1120.67212 6099.26154 7.8415 2175.6 13.496 5794.1 14.26 "" "" 0.003088730030319145 0.0072902623 0.004628608 0.011918871 96.1623468938 -10.35283569787 1052.2616 3.549999999999998 4.737 6.769454526901245 3.5934090728759767 0.25939715 0.26539713 "" "" 38.226278828379996 "" 9.96666066634498 ""
96.96626254236 -10.34201172917 0.0376 0.0378 39.5682 "" "" 3002806769885164544 856.343018 1.1301 0.047 -0.877 -24.081 0.048 0.048 1.039 5300.6 4.6765 16.231922 1.343328 16.82068 15.477352 "" "" 826.89917 887.110535 6055.89272 3.2082 2553.6 12.571 5107.6 13.228 "" "" 0.002814716184992982 0.0060293633 0.004710687 0.01074005 96.96626254236 -10.34201172917 856.343018 -0.877 -24.081 2.3424545269012453 -25.224590927124023 0.24639714 0.24639714 "" "" 102.82881261745096 "" 25.3367250960559 ""
96.77605788721 -10.63938989391 0.043 0.0411 26.9861 "" "" 3001292398776280960 1061.01721 0.9073 0.0493 0.829 -5.44 0.049 0.046 1.087 5259.3 4.3394 16.232904 1.707977 17.042625 15.334648 "" "" 1015.47192 1117.04688 6050.41548 3.5253 2081.5 18.492 5825.0 23.551 "" "" 0.0028270095874838065 0.010041103 0.005792534 0.015833637 96.77605788721 -10.63938989391 1061.01721 0.8289999999999995 -5.440000000000006 4.048454526901245 -6.583590927124024 0.24739714 0.24439715 "" "" 38.869621300047406 "" 9.531762182886911 ""
96.4375758372 -9.932975989 0.0388 0.0367 37.3295 "" "" 3003069965482422656 829.554504 1.1809 0.0445 -2.863 -1.774 0.053 0.045 1.029 4894.9 4.6066 16.235611 1.451678 16.89793 15.446252 "" "" 799.234436 858.17865 6035.34947 6.1204 2378.2 12.113 5256.0 14.174 "" "" 0.002967165422856184 0.0061940537 0.00478085 0.010974904 96.4375758372 -9.932975989 829.554504 -2.863 -1.774 0.35645452690124513 -2.9175909271240235 0.25139713 0.24339715 "" "" 11.55752852789276 "" 2.814451284315355 ""
96.31930887331 -11.13822407947 0.0436 0.0451 35.5492 "" "" 3001235597831643008 967.972839 0.9935 0.0574 2.091 1.132 0.064 0.069 1.085 5347.4 4.5898 16.237602 1.595162 16.983465 15.388303 "" "" 920.912476 1018.47583 6024.29327 3.3197 2198.0 10.436 5544.2 13.439 "" "" 0.002819529936042648 0.0058616824 0.0046054404 0.010467123 96.31930887331 -11.13822407947 967.972839 2.091 1.1319999999999986 5.310454526901245 -0.011590927124023542 0.26239714 0.26739714 "" "" 24.365439068710966 "" 6.393422118831599 ""
96.80792535018 -10.74547632586 0.0404 0.0415 30.7038 "" "" 3001278723600648576 776.9505 1.2607 0.0495 -9.05 9.335 0.05 0.046 1.025 "" "" 16.241196 1.41806 16.884079 15.466019 "" "" 746.331848 807.608765 6004.38296 3.3332 2408.7 16.843 5161.2 18.543 "" "" 0.002820472230295435 0.00808856 0.0054313866 0.0135199465 96.80792535018 -10.74547632586 776.9505 -9.05 9.335 -5.830545473098756 8.191409072875977 0.24839714 0.24439715 "" "" 37.028433060587574 "" 9.099718954399485 ""
96.06356910501 -10.38170836849 0.0495 0.0535 18.4742 "" "" 3001546209867961216 815.019775 1.1887 0.0523 -5.084 -4.311 0.06 0.063 1.182 4553.1 4.3281 16.25136 1.420475 16.893444 15.472969 "" "" 787.212585 851.246338 5948.43781 3.4043 2388.0 11.192 5128.3 11.858 "" "" 0.0028245155589400085 0.005803346 0.0045372234 0.01034057 96.06356910501 -10.38170836849 815.019775 -5.084 -4.310999999999996 -1.8645454730987545 -5.454590927124023 0.25839713 0.26139715 "" "" 22.26925688258539 "" 5.8141666247664 ""
96.6368216338 -10.33099769213 0.037 0.0371 22.2955 "" "" 3002850887789282432 1040.87805 0.9373 0.0463 -1.0 -6.072 0.051 0.045 1.025 8057.6 4.2292 16.25821 2.268972 17.44432 15.175348 "" "" 983.292114 1095.48596 5911.02764 5.0304 1437.8 12.314 6745.6 22.654 "" "" 0.0029061199863133105 0.009708344 0.005251571 0.014959915 96.6368216338 -10.33099769213 1040.87805 -1.0 -6.072 2.219454526901245 -7.2155909271240235 0.24939714 0.24339715 "" "" 37.246057125847926 "" 9.085117167556227 ""
96.01557742074 -10.83817191829 0.0404 0.0405 25.4581 "" "" 3001311605870192512 985.506958 0.9986 0.0471 -2.599 12.877 0.057 0.051 1.045 7482.3 4.3924 16.260597 1.7685 17.11301 15.34451 "" "" 926.529968 1048.62939 5898.04225 3.1235 1950.8 11.55 5772.4 12.166 "" "" 0.002814675710246311 0.007007681 0.004418157 0.011425838 96.01557742074 -10.83817191829 985.506958 -2.5989999999999998 12.877000000000008 0.6204545269012449 11.733409072875977 0.25539714 0.24939714 "" "" 54.88688615186296 "" 13.689561935600999 ""
96.55194165948 -10.19804943772 0.0377 0.0415 24.6832 "" "" 3002866521470471936 970.875122 1.0161 0.0487 0.314 -9.56 0.05 0.048 1.013 6744.4 4.3368 16.266266 1.985505 17.260677 15.275172 "" "" 925.621155 1008.88708 5867.32524 3.3278 1702.7 8.713 6153.0 13.44 "" "" 0.0028232962990838327 0.0062171537 0.004461848 0.010679002 96.55194165948 -10.19804943772 970.875122 0.3140000000000002 -9.56 3.533454526901245 -10.703590927124024 0.24839714 0.24639714 "" "" 51.87196978518682 "" 12.79133700274786 ""
96.24454642384 -11.00897136874 0.0386 0.0399 28.2271 "" "" 3001257832879788800 953.612671 1.0326 0.0469 1.01 0.274 0.053 0.054 0.994 5151.8 4.4309 16.267378 1.578461 17.00442 15.425959 "" "" 918.001953 991.136108 5861.32319 3.0563 2156.0 17.43 5355.2 17.354 "" "" 0.0028128819778760125 0.009210336 0.0051636263 0.014373962 96.24454642384 -11.00897136874 953.612671 1.0099999999999991 0.274 4.229454526901245 -0.8695909271240234 0.25139713 0.25239715 "" "" 19.51755546457201 "" 4.907450607336817 ""
96.62647408109 -11.12685169721 0.1386 0.155 39.0351 "" "" 3001238557066550016 963.560303 1.1328 0.18 -3.597 -4.371 0.176 0.175 3.471 4559.9 4.399 16.268265 1.566618 16.94885 15.382233 "" "" 802.036133 1150.79541 5856.53688 15.033 2269.2 11.073 5575.3 19.388 "" "" 0.003919040096470359 0.005987861 0.0053421985 0.01133006 96.62647408109 -11.12685169721 963.560303 -3.597 -4.371 -0.37754547309875486 -5.514590927124024 0.37439716 0.37339714 "" "" 25.245616122014333 "" 9.426758838041382 ""
96.94891767077 -10.54347432859 0.0463 0.048 36.5963 "" "" 3002795048917195648 1029.84558 0.9383 0.0579 -0.998 6.18 0.058 0.058 1.204 5305.8 4.5932 16.269888 1.480402 16.93319 15.452787 "" "" 976.179138 1083.89551 5847.7887 5.6088 2302.2 18.428 5224.5 20.125 "" "" 0.002945543831830257 0.009127703 0.005636966 0.014764668 96.94891767077 -10.54347432859 1029.84558 -0.9980000000000004 6.18 2.221454526901245 5.036409072875976 0.25639713 0.25639713 "" "" 26.870376229871013 "" 6.889487296444181 ""
96.97821770502 -10.7271262554 0.0375 0.0368 39.8276 "" "" 3002776464596201856 742.015747 1.3173 0.0427 -2.405 -0.111 0.048 0.045 0.941 4577.6 4.4752 16.271936 1.436597 16.92939 15.492793 "" "" 722.534119 766.779175 5836.76195 3.1411 2310.3 12.543 5035.5 15.775 "" "" 0.00281659245630006 0.006521644 0.005084574 0.011606218 96.97821770502 -10.7271262554 742.015747 -2.405 -0.11100000000000002 0.8144545269012453 -1.2545909271240234 0.24639714 0.24339715 "" "" 5.2608622482569745 "" 1.2851783593155954 ""
95.7595048341 -10.31310160608 0.0386 0.0405 36.3633 "" "" 3001561534310011776 1008.53687 0.9697 0.0467 -0.33 3.303 0.048 0.048 1.1 5383.7 4.6111 16.272978 1.423095 16.896328 15.473233 "" "" 963.594177 1057.09363 5831.16679 3.3068 2381.7 11.902 5127.0 25.674 "" "" 0.0028232763178635254 0.006101103 0.0066214832 0.012722586 95.7595048341 -10.31310160608 1008.53687 -0.33 3.303 2.889454526901245 2.1594090728759765 0.24639714 0.24639714 "" "" 17.24416085723821 "" 4.248911876260103 ""
96.8105345867 -10.17372106839 0.0385 0.0373 36.1638 "" "" 3002859679586303616 844.162354 1.1541 0.0467 1.885 2.379 0.052 0.046 0.977 4385.9 4.1968 16.273808 1.698332 17.09007 15.391739 "" "" 816.573242 874.223022 5826.71896 3.2388 1992.5 9.2151 5526.7 11.661 "" "" 0.0028206406289339315 0.005744532 0.0044194637 0.010163996 96.8105345867 -10.17372106839 844.162354 1.885 2.379 5.104454526901245 1.2354090728759766 0.25039715 0.24439715 "" "" 21.01429242040895 "" 5.255020947216982 ""
96.25709043585 -10.65164685399 0.0383 0.0441 7.6202 "" "" 3001337783694720768 927.316589 1.0356 0.05 -1.767 0.758 0.05 0.055 0.994 4678.9 4.1953 16.27576 1.501344 16.970064 15.46872 "" "" 883.361572 973.86322 5816.2407 3.3952 2225.3 16.174 5148.4 16.28 "" "" 0.0028272747855408904 0.008370124 0.0051059755 0.0134761 96.25709043585 -10.65164685399 927.316589 -1.767 0.758 1.4524545269012452 -0.38559092712402343 0.24839714 0.25339714 "" "" 6.60537718738044 "" 1.6429516238236996 ""
