Clusters/BDSB91/BDSB91_stars_in_region.tsv
# %ECSV 1.0
# ---
# datatype:
# - name: RA_ICRS_1
#   unit: deg
#   datatype: float64
#   format: '{:15.11f}'
#   description: Right ascension (ICRS) at Ep=2016.0 (ra)
#   meta: !!omap
#   - {ucd: POS_EQ_RA_MAIN}
#   - {width: 15}
#   - {precision: '11'}
# - name: DE_ICRS_1
#   unit: deg
#   datatype: float64
#   format: '{:15.11f}'
#   description: Declination (ICRS) at Ep=2016.0 (dec)
#   meta: !!omap
#   - {ucd: POS_EQ_DEC_MAIN}
#   - {width: 15}
#   - {precision: '11'}
# - name: e_RA_ICRS
#   unit: mas
#   datatype: float64
#   format: '{:7.4f}'
#   description: Standard error of right ascension (ra_error)
#   meta: !!omap
#   - {ucd: ERROR}
#   - {width: 7}
#   - {precision: '4'}
# - name: e_DE_ICRS
#   unit: mas
#   datatype: float64
#   format: '{:7.4f}'
#   description: Standard error of declination (dec_error)
#   meta: !!omap
#   - {ucd: ERROR}
#   - {width: 7}
#   - {precision: '4'}
# - name: _r_1
#   unit: ''
#   datatype: float64
#   format: '{:7.4f}'
#   description: Distance from center (096.32850601000-10.54580577000)[ICRS], at Epoch=J2016.0
#   meta: !!omap
#   - {ucd: POS_ANG_DIST_GENERAL}
#   - {width: 7}
#   - {precision: '4'}
# - name: HIP
#   datatype: int32
#   description: '? HIP cross-id number, van Leeuwen, Cat. I/311 (hip_original_ext_source_id)'
#   meta: !!omap
#   - {ucd: ID_NUMBER}
#   - {width: 6}
#   - values: {'null': -2147483648}
# - name: TYC2
#   datatype: string
#   description: Tycho-2 cross-id name, Hog et al., Cat. I/259 (tyc2_original_ext_source_id)
#   meta: !!omap
#   - {ucd: ID_CROSSID}
#   - {_votable_string_dtype: char}
# - name: Source
#   datatype: int64
#   description: Source identifier, identical to the Gaia-EDR3 source_id (id)
#   meta: !!omap
#   - {ucd: ID_MAIN}
#   - {width: 19}
# - name: rgeo
#   unit: pc
#   datatype: float64
#   format: '{:15.8f}'
#   description: '? Median of the geometric distance posterior (r_med_geo)'
#   meta: !!omap
#   - {ucd: PHYS_DISTANCE_TRUE}
#   - {width: 15}
#   - {precision: '8'}
#   - values: {'null': .nan}
# - name: Plx
#   unit: mas
#   datatype: float64
#   format: '{:9.4f}'
#   description: '? Parallax (parallax)'
#   meta: !!omap
#   - {ucd: POS_PARLX_TRIG}
#   - {width: 9}
#   - {precision: '4'}
#   - values: {'null': .nan}
# - name: e_Plx
#   unit: mas
#   datatype: float32
#   format: '{:7.4f}'
#   description: '? Standard error of parallax (parallax_error)'
#   meta: !!omap
#   - {ucd: ERROR}
#   - {width: 7}
#   - {precision: '4'}
#   - values: {'null': .nan}
# - name: pmRA
#   unit: mas / yr
#   datatype: float64
#   format: '{:9.3f}'
#   description: '? Proper motion in right ascension direction, pmRA*cosDE (pmra)'
#   meta: !!omap
#   - {ucd: POS_EQ_PMRA}
#   - {width: 9}
#   - {precision: '3'}
#   - values: {'null': .nan}
# - name: pmDE
#   unit: mas / yr
#   datatype: float64
#   format: '{:9.3f}'
#   description: '? Proper motion in declination direction (pmdec)'
#   meta: !!omap
#   - {ucd: POS_EQ_PMDEC}
#   - {width: 9}
#   - {precision: '3'}
#   - values: {'null': .nan}
# - name: e_pmRA
#   unit: mas / yr
#   datatype: float32
#   format: '{:6.3f}'
#   description: '? Standard error of proper motion in right ascension direction (pmra_error)'
#   meta: !!omap
#   - {ucd: ERROR}
#   - {width: 6}
#   - {precision: '3'}
#   - values: {'null': .nan}
# - name: e_pmDE
[...]
#         value: !astropy.table.SerializedColumn {name: SkyCoord.dec}
#       distance: !astropy.table.SerializedColumn
#         __class__: astropy.coordinates.distances.Distance
#         unit: !astropy.units.Unit {unit: pc}
#         value: !astropy.table.SerializedColumn {name: SkyCoord.distance}
#       frame: icrs
#       obstime: !astropy.time.Time {format: jyear_str, in_subfmt: '*', jd1: 367701545.0, jd2: 0.0, out_subfmt: '*', precision: 3, scale: tt}
#       pm_dec: !astropy.table.SerializedColumn
#         __class__: astropy.units.quantity.Quantity
#         unit: !astropy.units.Unit {unit: mas / yr}
#         value: !astropy.table.SerializedColumn {name: SkyCoord.pm_dec}
#       pm_ra_cosdec: !astropy.table.SerializedColumn
#         __class__: astropy.units.quantity.Quantity
#         unit: !astropy.units.Unit {unit: mas / yr}
#         value: !astropy.table.SerializedColumn {name: SkyCoord.pm_ra_cosdec}
#       ra: !astropy.table.SerializedColumn
#         __class__: astropy.coordinates.angles.Longitude
#         unit: *id001
#         value: !astropy.table.SerializedColumn {name: SkyCoord.ra}
#         wrap_angle: !astropy.coordinates.Angle
#           unit: *id001
#           value: 360.0
#       representation_type: spherical
# schema: astropy-2.0
RA_ICRS_1 DE_ICRS_1 e_RA_ICRS e_DE_ICRS _r_1 HIP TYC2 Source rgeo Plx e_Plx pmRA pmDE e_pmRA e_pmDE RUWE Teff logg Gmag BP-RP BPmag RPmag RV e_RV b_rgeo B_rgeo FG e_FG FBP e_FBP FRP e_FRP RAVE5 RAVE6 e_Gmag e_BPmag e_RPmag e_BP-RP SkyCoord.ra SkyCoord.dec SkyCoord.distance SkyCoord.pm_ra_cosdec SkyCoord.pm_dec rmRA rmDE e_rmRA e_rmDE rRV e_rRV v_pec v_pec3d e_vpec e_vpec3d
[from data line 146]
96.87363389095 -10.70689442501 0.0185 0.0178 33.5683 "" "" 3001279307716189952 790.861572 1.2299 0.0215 -0.008 2.146 0.024 0.021 0.939 5414.6 4.2827 14.404016 1.002827 14.81745 13.814623 65.31 6.94 776.500793 808.654968 32609.20786 8.2828 16160.0 39.437 23622.0 21.343 "" "" 0.002769087118332835 0.0038478095 0.0039046207 0.00775243 96.87363389095 -10.70689442501 790.861572 -0.008 2.146 3.211454526901245 1.0024090728759765 0.22239715 0.21939714 45.51375 18.831251 12.61155759654712 47.22872880010138 2.8014361868924356 18.16285899593646
96.56005272574 -11.07746890667 0.0414 0.0469 34.696 "" "" 3001239931456085248 905.671448 1.0686 0.0519 0.704 5.382 0.056 0.06 2.621 5039.0 4.239 14.404109 1.146097 14.88623 13.740132 -29.45 8.62 867.025452 936.111755 32606.42287 12.046 15168.0 18.477 25299.0 27.611 "" "" 0.0027843633036220535 0.0030877679 0.0039607896 0.0070485575 96.56005272574 -11.07746890667 905.671448 0.7039999999999998 5.381999999999999 3.923454526901245 4.238409072875976 0.25439715 0.25839713 -49.24625 20.51125 24.793992263379046 55.13560729164956 6.361122260639869 18.542300742448905
96.84675993526 -10.91306340716 0.0155 0.0166 37.6691 "" "" 3001271336256916992 931.897217 1.0323 0.0186 -8.445 1.261 0.02 0.02 0.979 5414.5 4.17 14.417064 1.19492 14.931712 13.736793 0.34 11.67 913.86554 947.450989 32219.68053 7.6856 14546.0 17.747 25377.0 18.146 "" "" 0.002767465368028881 0.0030886538 0.0038582983 0.006946952 96.84675993526 -10.91306340716 931.897217 -8.445 1.261 -5.225545473098755 0.11740907287597646 0.21839714 0.21839714 -19.45625 23.56125 23.088067385215023 30.192789199521293 5.042367896669915 15.664846864170785
96.43728815183 -10.4626696004 0.0169 0.0187 8.1281 "" "" 3001347580516126592 1032.13879 0.9349 0.0226 2.458 -4.704 0.021 0.022 1.014 5538.1 4.0759 14.420107 1.407396 15.052959 13.645563 31.2 3.86 1005.36438 1061.83716 32129.4929 7.1121 13009.0 23.254 27602.0 18.916 "" "" 0.0027657821053132495 0.00339878 0.0038519301 0.0072507104 96.43728815183 -10.4626696004 1032.13879 2.458 -4.703999999999999 5.677454526901245 -5.847590927124023 0.21939714 0.22039714 11.403749999999999 15.75125 39.874147192983706 41.47279986244274 8.76882222192837 9.47824292753225
96.75911080933 -10.63764635783 0.0238 0.0229 25.987 "" "" 3001292428839433600 996.440369 0.9578 0.0289 3.271 -5.163 0.027 0.025 1.464 7505.5 4.0041 14.422761 1.717021 15.233219 13.516198 20.2 3.83 968.707214 1027.76538 32051.05349 18.953 11019.0 21.871 31094.0 24.317 "" "" 0.0028291342687341136 0.0035254995 0.0038735894 0.0073990887 96.75911080933 -10.63764635783 996.440369 3.271 -5.162999999999997 6.490454526901245 -6.306590927124024 0.22539714 0.22339715 0.4037499999999987 15.721251 42.7434124349506 42.74531928348166 9.592822860748665 9.593544244390579
95.81267243256 -10.64951418183 0.0181 0.0171 31.0519 "" "" 3001329541653420160 1051.68506 0.9159 0.0209 4.403 -11.776 0.026 0.021 1.053 5582.4 4.1038 14.423616 1.232145 14.960165 13.72802 -39.17 9.13 1030.60132 1076.52795 32025.82301 7.7234 14169.0 19.424 25583.0 26.818 "" "" 0.0027677334575440453 0.0031623447 0.003947038 0.007109383 95.81267243256 -10.64951418183 1051.68506 4.402999999999996 -11.776 7.622454526901245 -12.919590927124023 0.22439715 0.21939714 -58.96625 21.021252 74.77773933611101 95.2298741954533 16.50337558181423 18.367392245338408
96.25143050056 -10.59390518461 0.0183 0.0236 5.3847 "" "" 3001338986285636992 875.684082 1.0962 0.0264 -3.143 0.302 0.023 0.026 1.051 7500.4 4.2621 14.432316 1.449363 15.086114 13.636751 -32.82 7.93 859.05603 902.208618 31770.23742 8.6674 12617.0 24.838 27826.0 20.302 "" "" 0.0027711959394808045 0.0035147555 0.0038615079 0.0073762634 96.25143050056 -10.59390518461 875.684082 -3.143 0.3019999999999997 0.07645452690124532 -0.8415909271240234 0.22139715 0.22439715 -52.61625 19.82125 3.5076122041662448 52.73303620537429 0.7870126295700872 19.777422693554186
96.3477470216 -10.5499510692 0.0184 0.0211 1.1619 "" "" 3001340880367180800 923.032593 1.0419 0.0246 -3.0 1.295 0.025 0.027 1.038 "" "" 14.433494 1.70717 15.235388 13.528217 37.77 16.68 902.992126 942.946533 31735.79939 9.0523 10997.0 26.855 30752.0 29.625 "" "" 0.0027726702358312947 0.003849022 0.003921445 0.007770467 96.3477470216 -10.5499510692 923.032593 -3.0000000000000004 1.295 0.21945452690124512 0.1514090728759765 0.22339715 0.22539714 17.973750000000003 28.57125 1.1664989497762577 18.011563198743445 0.261347197818992 28.51127389487213
96.36389998455 -9.9346224809 0.1186 0.1181 36.7305 "" "" 3003064948960627840 756.541931 1.341 0.1565 -2.332 -0.605 0.161 0.183 8.261 5146.3 4.4411 14.44384 1.178431 14.925844 13.747414 31.89 5.35 662.670166 879.720215 31434.80867 45.128 14624.0 60.566 25130.0 73.417 "" "" 0.0031656439832312556 0.0052919486 0.004934075 0.010226023 96.36389998455 -9.9346224809 756.541931 -2.332 -0.6050000000000001 0.8874545269012453 -1.7485909271240234 0.35939714 0.38139713 12.09375 17.241251 7.031820069410286 13.98947041710519 2.650965099288932 14.964325366157954
95.77112724538 -10.3333815927 0.0174 0.0173 35.2724 "" "" 3001538002186875776 847.071106 1.1392 0.02 -2.252 9.651 0.021 0.022 1.023 5311.3 4.2567 14.452494 1.036321 14.881708 13.845387 102.2 7.76 835.354492 861.671448 31185.25096 8.1448 15231.0 19.842 22962.0 20.625 "" "" 0.0027698735676548246 0.0031282038 0.0039031792 0.007031383 95.77112724538 -10.3333815927 847.071106 -2.2519999999999984 9.650999999999993 0.9674545269012453 8.507409072875976 0.21939714 0.22039714 82.40375 19.65125 34.378401273542195 89.28747105942237 7.576463550915815 18.369326858006282
96.31421249052 -9.96733205189 0.1253 0.1283 34.7187 "" "" 3003064399204825856 1001.25336 1.0198 0.1559 0.979 5.689 0.158 0.163 7.975 4942.2 3.4279 14.464225 1.971439 15.425729 13.454289 93.86 3.22 840.716309 1243.31445 30850.12997 42.498 9228.4 24.018 32919.0 28.91 "" "" 0.003135094645690972 0.0039711394 0.0038978085 0.007868947 96.31421249052 -9.96733205189 1001.25336 0.9789999999999991 5.689 4.198454526901245 4.545409072875977 0.35639715 0.36139715 74.06375 15.111251 29.366509585059575 79.67327625541638 10.545627652641555 14.575176235495643
96.73865324121 -10.0287492918 0.0178 0.0175 39.3539 "" "" 3002875558081357056 956.06073 1.0053 0.0215 -3.466 1.157 0.022 0.021 0.962 7344.0 4.0204 14.467974 1.681533 15.263453 13.58192 39.99 6.26 931.303467 977.496155 30743.78248 13.196 10716.0 20.8 29268.0 45.7 "" "" 0.002794453220760281 0.003496619 0.0041421955 0.0076388144 96.73865324121 -10.0287492918 956.06073 -3.4660000000000037 1.1569999999999998 -0.24654547309875507 0.013409072875976591 0.22039714 0.21939714 20.19375 18.15125 1.1189282417415483 20.22472594307935 0.24660529683279547 18.123455740667595
96.83556072902 -10.81426333141 0.0176 0.018 33.9593 "" "" 3001276009181324416 892.96283 1.0786 0.0215 5.723 -4.498 0.022 0.021 1.049 5629.6 4.0364 14.475695 1.238948 15.015573 13.776625 38.0 8.32 875.283691 908.145142 30525.93875 7.2182 13464.0 16.591 24463.0 16.219 "" "" 0.0027672553182441066 0.0030943525 0.003847324 0.0069416766 96.83556072902 -10.81426333141 892.96283 5.722999999999996 -4.498 8.942454526901244 -5.641590927124024 0.22039714 0.21939714 18.20375 20.21125 44.753086551444795 48.313717202711786 9.850732159042309 11.88498931237452
96.15328929128 -10.96662325257 0.0172 0.0172 27.2798 "" "" 3001253297394351488 904.167908 1.0697 0.02 0.362 -0.987 0.023 0.023 1.037 8457.5 4.1981 14.480467 1.648313 15.256615 13.608301 50.82 7.58 885.770386 924.555481 30392.04587 8.2126 10784.0 21.108 28565.0 27.92 "" "" 0.0027708964227082873 0.0035073282 0.0039255465 0.0074328748 96.15328929128 -10.96662325257 904.167908 0.3620000000000001 -0.9870000000000003 3.581454526901245 -2.1305909271240235 0.22139715 0.22139715 31.02375 19.47125 17.859950759544226 35.79735891369424 3.9541421362688927 16.98966869559756
95.89221034938 -10.48993444873 0.0162 0.0162 25.9553 "" "" 3001521062835870464 800.100708 1.2108 0.0191 -11.542 2.859 0.021 0.02 0.945 5885.8 4.33 14.485637 1.045172 14.92245 13.877278 22.55 7.54 787.311829 812.582703 30247.68704 6.3127 14670.0 14.797 22297.0 14.563 "" "" 0.002764621849810878 0.0029973937 0.0038453348 0.0068427287 95.89221034938 -10.48993444873 800.100708 -11.542 2.8590000000000027 -8.322545473098755 1.7154090728759765 0.21939714 0.21839714 2.75375 19.431252 32.22655071157688 32.343990320124945 7.069102697635734 7.2351161663812205
95.97472774615 -10.26497824263 0.0181 0.021 26.8288 "" "" 3001551844864956800 766.006165 1.2595 0.0218 -1.874 2.109 0.024 0.024 1.08 5311.5 4.3257 14.495489 0.985054 14.893336 13.908282 67.64 7.28 752.60022 777.461304 29974.45423 7.819 15069.0 19.181 21669.0 41.511 "" "" 0.0027698380955092196 0.0031136794 0.004313912 0.007427591 95.97472774615 -10.26497824263 766.006165 -1.8739999999999999 2.109 1.345454526901245 0.9654090728759765 0.22239715 0.22239715 47.84375 19.171251 6.012638922818273 48.22008130311156 1.3371937520512436 19.022360952913086
96.61264247769 -10.45377059581 0.017 0.0162 17.6489 "" "" 3001345381492832768 819.776428 1.1779 0.0194 -3.58 -2.494 0.022 0.02 1.024 5902.8 4.3306 14.49968 0.998918 14.91196 13.913042 14.19 9.7 808.16449 832.657776 29858.9658 7.148 14813.0 21.56 21575.0 21.33 "" "" 0.0027675523591215237 0.0032066004 0.0039288583 0.0071354588 96.61264247769 -10.45377059581 819.776428 -3.579999999999999 -2.4939999999999998 -0.36054547309875495 -3.6375909271240237 0.22039714 0.21839714 -5.606250000000001 21.591251 14.203994310938105 15.270346867300104 3.102389362413016 8.435797798477124
96.14782284731 -10.17537937712 0.0207 0.0231 24.6516 "" "" 3001559099064395520 902.955811 1.0685 0.0274 -5.849 3.073 0.026 0.027 1.083 6014.3 3.9923 14.508679 1.327798 14.920909 13.593111 49.35 6.76 882.313477 923.401611 29612.49631 14.224 14691.0 336.25 28968.0 729.07 "" "" 0.0028042418909637696 0.025006654 0.027586054 0.05259271 96.14782284731 -10.17537937712 902.955811 -5.848999999999996 3.0730000000000017 -2.629545473098755 1.9294090728759765 0.22439715 0.22539714 29.55375 18.65125 13.959088067098833 32.6845571903234 3.1372718054366295 16.917816523350737
96.58864797919 -10.55794780893 0.0167 0.017 15.3619 "" "" 3001343560426729472 915.970886 1.0504 0.0203 -0.826 -1.764 0.02 0.019 1.015 6860.6 3.93 14.510768 1.735405 15.343829 13.608424 36.0 3.57 903.786011 930.940674 29555.58826 8.5738 9951.4 17.314 28562.0 22.432 "" "" 0.002773263494733419 0.0033694897 0.0038743836 0.0072438736 96.58864797919 -10.55794780893 915.970886 -0.8260000000000001 -1.7640000000000005 2.393454526901245 -2.9075909271240237 0.21839714 0.21739714 16.20375 15.46125 16.350822967844355 23.01979421689704 3.561235536304282 11.173346875127411
96.89126205831 -10.72897840964 0.0178 0.0176 34.9577 "" "" 3001278380003254656 790.897522 1.2212 0.0211 1.117 -13.124 0.022 0.021 0.927 6024.2 4.368 14.512498 0.982278 14.91275 13.930472 -14.68 5.23 776.453918 804.299011 29508.53109 6.8295 14802.0 19.78 21231.0 18.304 "" "" 0.002766755009658551 0.0031448512 0.0038935742 0.0070384257 96.89126205831 -10.72897840964 790.897522 1.117 -13.124 4.336454526901245 -14.267590927124024 0.22039714 0.21939714 -34.47625 17.12125 55.90307110092706 65.67925983579448 12.269711421289122 13.778074937700545
96.3113221571 -9.98833159583 0.0187 0.0183 33.4638 "" "" 3003063608930847232 861.214783 1.1276 0.0211 2.046 -2.543 0.025 0.024 1.065 5922.8 4.2574 14.560309 1.093914 15.020267 13.926353 45.05 12.09 847.29303 874.140564 28237.29694 7.7801 13406.0 32.451 21312.0 28.765 "" "" 0.002771512048828694 0.0038330557 0.0040535424 0.007886598 96.3113221571 -9.98833159583 861.214783 2.046 -2.543 5.2654545269012445 -3.6865909271240236 0.22339715 0.22239715 25.253749999999997 23.98125 26.23908963079926 36.41760170186413 5.853119433464039 17.156171844752087
96.84803737182 -10.86784971091 0.016 0.0161 36.2148 "" "" 3001272641926969728 831.602173 1.1654 0.0189 -1.616 5.073 0.021 0.02 0.883 5825.4 4.3236 14.563691 1.045713 15.001099 13.955385 42.01 7.89 816.981812 844.847534 28149.46442 11.393 13645.0 25.394 20749.0 24.626 "" "" 0.002790141645761801 0.003444982 0.0039930237 0.007438006 96.84803737182 -10.86784971091 831.602173 -1.616000000000001 5.072999999999999 1.603454526901245 3.929409072875977 0.21939714 0.21839714 22.213749999999997 19.78125 16.728875666225633 27.808379494651174 3.6559312985591874 15.953879849493248
96.47669964967 -10.80825901834 0.0181 0.0208 18.0089 "" "" 3001284873993668608 938.003723 1.0281 0.0249 -0.173 -0.896 0.021 0.024 1.072 7337.1 4.2819 14.565685 1.293295 15.132559 13.839264 "" "" 916.098633 964.786804 28097.81876 8.0107 12089.0 16.65 23092.0 18.853 "" "" 0.002772653385765426 0.0031656239 0.003881943 0.0070475666 96.47669964967 -10.80825901834 938.003723 -0.17300000000000001 -0.896 3.046454526901245 -2.0395909271240233 0.21939714 0.22239715 "" "" 16.300304865097527 "" 3.5914463163844 ""
95.85925723113 -10.29634689327 0.018 0.0205 31.4768 "" "" 3001561779125808640 957.756592 1.0001 0.0222 -0.464 -0.081 0.023 0.024 1.047 5849.3 4.0777 14.575154 1.199472 15.090162 13.890691 37.32 4.42 936.104431 978.131104 27853.83335 7.2306 12570.0 18.538 22023.0 23.456 "" "" 0.002769698039251699 0.0032169805 0.0039523346 0.007169315 95.85925723113 -10.29634689327 957.756592 -0.4640000000000004 -0.08100000000000003 2.755454526901245 -1.2245909271240234 0.22139715 0.22239715 17.52375 16.31125 13.688846365907427 22.236598860705225 3.032933567835371 12.989114785333863
95.88816852338 -10.44923252778 0.0185 0.0183 26.6164 "" "" 3001521475152723712 920.328003 1.0499 0.0215 -0.968 -8.954 0.023 0.022 1.067 6025.0 4.1778 14.577717 1.085878 15.032201 13.946322 16.33 11.27 902.192688 941.423157 27788.18074 6.8097 13260.0 24.014 20923.0 23.81 "" "" 0.0027681368154497017 0.0034134006 0.0039762175 0.007389618 95.88816852338 -10.44923252778 920.328003 -0.9680000000000009 -8.954 2.251454526901245 -10.097590927124024 0.22139715 0.22039714 -3.4662500000000023 23.161251 45.13095590360858 45.2638715736509 9.948875874273291 10.076981146010837
96.82641896912 -10.62113757796 0.0183 0.0178 29.7124 "" "" 3002792991630158464 951.611572 1.016 0.0213 -5.6 6.019 0.022 0.021 0.986 7548.8 4.2317 14.581741 1.399747 15.207359 13.807612 "" "" 934.439636 972.872437 27685.35402 6.4777 11284.0 19.559 23775.0 19.849 "" "" 0.0027670062586984253 0.0033655283 0.0038865632 0.0072520915 96.82641896912 -10.62113757796 951.611572 -5.6 6.019000000000005 -2.3805454730987545 4.875409072875977 0.22039714 0.21939714 "" "" 24.472703925170876 "" 5.3739613521551295 ""
96.13912334919 -9.9987865812 0.0262 0.0287 34.6733 "" "" 3003074604047149440 1003.69019 0.9557 0.0347 -3.367 9.745 0.031 0.034 1.555 6959.0 3.9316 14.589272 1.372147 15.197191 13.825045 23.44 8.49 975.369568 1035.20532 27494.00178 7.4205 11390.0 15.099 23396.0 20.308 "" "" 0.002770858875793262 0.0031395236 0.0038951128 0.007034636 96.13912334919 -9.9987865812 1003.69019 -3.367 9.745 -0.14754547309875488 8.601409072875976 0.22939715 0.23239714 3.6437500000000007 20.38125 40.92715058187142 41.08903222045608 9.511316821278914 9.644708891278967
96.24227550637 -11.08026359276 0.0186 0.0187 32.4677 "" "" 3001248487030818816 974.723572 0.9897 0.0224 1.538 -7.534 0.025 0.023 1.124 7734.1 4.1138 14.590268 1.554139 15.306642 13.752502 21.09 4.59 951.086731 998.39856 27468.78577 8.2247 10298.0 17.2 25013.0 19.677 "" "" 0.00277443211263475 0.0033276964 0.0038746926 0.0072023887 96.24227550637 -11.08026359276 974.723572 1.538 -7.534000000000003 4.757454526901245 -8.677590927124022 0.22339715 0.22139715 1.2937499999999993 16.48125 45.722131005248826 45.74043126954135 10.143956174487707 10.150607640579475
