Clusters/UBC_354/UBC_354_members.tsv
# %ECSV 1.0
# ---
# datatype:
# - name: RA_ICRS_1
#   unit: deg
#   datatype: float64
#   format: '{:15.11f}'
#   description: Right ascension (ICRS) at Ep=2016.0 (ra)
#   meta: !!omap
#   - {ucd: POS_EQ_RA_MAIN}
#   - {width: 15}
#   - {precision: '11'}
# - name: DE_ICRS_1
#   unit: deg
#   datatype: float64
#   format: '{:15.11f}'
#   description: Declination (ICRS) at Ep=2016.0 (dec)
#   meta: !!omap
#   - {ucd: POS_EQ_DEC_MAIN}
#   - {width: 15}
#   - {precision: '11'}
# - name: e_RA_ICRS
#   unit: mas
#   datatype: float64
#   format: '{:7.4f}'
#   description: Standard error of right ascension (ra_error)
#   meta: !!omap
#   - {ucd: ERROR}
#   - {width: 7}
#   - {precision: '4'}
# - name: e_DE_ICRS
#   unit: mas
#   datatype: float64
#   format: '{:7.4f}'
#   description: Standard error of declination (dec_error)
#   meta: !!omap
#   - {ucd: ERROR}
#   - {width: 7}
#   - {precision: '4'}
# - name: _r_1
#   unit: ''
#   datatype: float64
#   format: '{:7.4f}'
#   description: Distance from center (282.35360646000-04.41279406000)[ICRS], at Epoch=J2016.0
#   meta: !!omap
#   - {ucd: POS_ANG_DIST_GENERAL}
#   - {width: 7}
#   - {precision: '4'}
# - name: HIP
#   datatype: int32
#   description: '? HIP cross-id number, van Leeuwen, Cat. I/311 (hip_original_ext_source_id)'
#   meta: !!omap
#   - {ucd: ID_NUMBER}
#   - {width: 6}
#   - values: {'null': -2147483648}
# - name: TYC2
#   datatype: string
#   description: Tycho-2 cross-id name, Hog et al., Cat. I/259 (tyc2_original_ext_source_id)
#   meta: !!omap
#   - {ucd: ID_CROSSID}
#   - {_votable_string_dtype: char}
# - name: Source
#   datatype: int64
#   description: Source identifier, identical to the Gaia-EDR3 source_id (id)
#   meta: !!omap
#   - {ucd: ID_MAIN}
#   - {width: 19}
# - name: rgeo
#   unit: pc
#   datatype: float64
#   format: '{:15.8f}'
#   description: '? Median of the geometric distance posterior (r_med_geo)'
#   meta: !!omap
#   - {ucd: PHYS_DISTANCE_TRUE}
#   - {width: 15}
#   - {precision: '8'}
#   - values: {'null': .nan}
# - name: Plx
#   unit: mas
#   datatype: float64
#   format: '{:9.4f}'
#   description: '? Parallax (parallax)'
#   meta: !!omap
#   - {ucd: POS_PARLX_TRIG}
#   - {width: 9}
#   - {precision: '4'}
#   - values: {'null': .nan}
# - name: e_Plx
#   unit: mas
#   datatype: float32
#   format: '{:7.4f}'
#   description: '? Standard error of parallax (parallax_error)'
#   meta: !!omap
#   - {ucd: ERROR}
#   - {width: 7}
#   - {precision: '4'}
#   - values: {'null': .nan}
# - name: pmRA
#   unit: mas / yr
#   datatype: float64
#   format: '{:9.3f}'
#   description: '? Proper motion in right ascension direction, pmRA*cosDE (pmra)'
#   meta: !!omap
#   - {ucd: POS_EQ_PMRA}
#   - {width: 9}
#   - {precision: '3'}
#   - values: {'null': .nan}
# - name: pmDE
#   unit: mas / yr
#   datatype: float64
#   format: '{:9.3f}'
#   description: '? Proper motion in declination direction (pmdec)'
#   meta: !!omap
#   - {ucd: POS_EQ_PMDEC}
#   - {width: 9}
#   - {precision: '3'}
#   - values: {'null': .nan}
# - name: e_pmRA
#   unit: mas / yr
#   datatype: float32
#   format: '{:6.3f}'
#   description: '? Standard error of proper motion in right ascension direction (pmra_error)'
#   meta: !!omap
#   - {ucd: ERROR}
#   - {width: 6}
#   - {precision: '3'}
#   - values: {'null': .nan}
# - name: e_pmDE
[...]
#       distance: !astropy.table.SerializedColumn
#         __class__: astropy.coordinates.distances.Distance
#         unit: !astropy.units.Unit {unit: pc}
#         value: !astropy.table.SerializedColumn {name: SkyCoord.distance}
#       frame: icrs
#       obstime: !astropy.time.Time {format: jyear_str, in_subfmt: '*', jd1: 367701545.0, jd2: 0.0, out_subfmt: '*', precision: 3, scale: tt}
#       pm_dec: !astropy.table.SerializedColumn
#         __class__: astropy.units.quantity.Quantity
#         unit: !astropy.units.Unit {unit: mas / yr}
#         value: !astropy.table.SerializedColumn {name: SkyCoord.pm_dec}
#       pm_ra_cosdec: !astropy.table.SerializedColumn
#         __class__: astropy.units.quantity.Quantity
#         unit: !astropy.units.Unit {unit: mas / yr}
#         value: !astropy.table.SerializedColumn {name: SkyCoord.pm_ra_cosdec}
#       ra: !astropy.table.SerializedColumn
#         __class__: astropy.coordinates.angles.Longitude
#         unit: *id001
#         value: !astropy.table.SerializedColumn {name: SkyCoord.ra}
#         wrap_angle: !astropy.coordinates.Angle
#           unit: *id001
#           value: 360.0
#       representation_type: spherical
# schema: astropy-2.0
RA_ICRS_1 DE_ICRS_1 e_RA_ICRS e_DE_ICRS _r_1 HIP TYC2 Source rgeo Plx e_Plx pmRA pmDE e_pmRA e_pmDE RUWE Teff logg Gmag BP-RP BPmag RPmag RV e_RV b_rgeo B_rgeo FG e_FG FBP e_FBP FRP e_FRP RAVE5 RAVE6 e_Gmag e_BPmag e_RPmag e_BP-RP SkyCoord.ra SkyCoord.dec SkyCoord.distance SkyCoord.pm_ra_cosdec SkyCoord.pm_dec rmRA rmDE e_rmRA e_rmDE rRV e_rRV v_pec v_pec3d e_vpec e_vpec3d Pmemb
[from data line 31]
282.31336237877 -4.36926613961 0.0254 0.0271 3.5521 "" "" 4255270188936179072 1523.41943 0.6192 0.0358 1.043 0.155 0.031 0.025 0.925 7891.7 3.6477 14.883473 1.325608 15.462469 14.136861 "" "" 1456.93726 1610.20227 20968.01281 6.9129 8921.3 32.901 17556.0 22.729 "" "" 0.0027784744961433837 0.0048803575 0.004032319 0.008912677 282.31336237877 -4.36926613961 1523.41943 1.043 0.15499999999999997 -0.11984620761871345 0.08418461561203003 0.1324603 0.1264603 "" "" 1.0575797590293607 "" 0.1380230816966118 "" 0.92
282.33333502762 -4.34164725189 0.0252 0.0247 4.4377 "" "" 4255271906923118592 1549.61169 0.6049 0.0321 1.065 0.122 0.03 0.024 0.977 9012.7 4.151 14.893903 1.369369 15.498413 14.129045 "" "" 1490.36377 1619.70557 20767.56195 6.717 8630.8 19.549 17682.0 17.726 "" "" 0.0027776083073070947 0.0037192504 0.0039329915 0.0076522417 282.33333502762 -4.34164725189 1549.61169 1.0649999999999993 0.12200000000000001 -0.09784620761871343 0.05118461561203003 0.1314603 0.1254603 "" "" 0.8110913762750263 "" 0.10559963626645265 "" 0.96
282.38187385347 -4.54629257969 0.026 0.0245 8.1864 "" "" 4255219950655981568 1603.23596 0.59 0.0301 1.1 0.087 0.033 0.026 0.972 9310.9 3.9817 14.953259 1.670283 15.737595 14.067311 "" "" 1527.72888 1680.75916 19662.70703 7.0096 6924.4 13.179 18717.0 22.943 "" "" 0.002782373455129596 0.0034720683 0.0040068645 0.007478933 282.38187385347 -4.54629257969 1603.23596 1.1 0.087 -0.06284620761871329 0.016184615612030023 0.1344603 0.1274603 "" "" 0.493172334442068 "" 0.06610264662804667 "" 0.82
282.35016321206 -4.42921987303 0.0271 0.0278 1.0068 "" "" 4255268878923733248 1557.20398 0.6051 0.0367 1.166 0.039 0.032 0.026 0.994 7193.9 3.605 14.953691 1.320012 15.525638 14.205626 "" "" 1477.87085 1663.93323 19654.86962 6.5798 8417.1 17.095 16478.0 44.96 "" "" 0.002779190313094952 0.0035563428 0.004802045 0.008358387 282.35016321206 -4.42921987303 1557.20398 1.166 0.03900000000000002 0.0031537923812865465 -0.03181538438796997 0.1334603 0.1274603 "" "" 0.23598498387570419 "" 0.030092815860765613 "" 0.92
282.22819043623 -4.48669486854 0.031 0.035 8.7146 "" "" 4255174668889770368 1471.53931 0.6508 0.0437 1.15 0.003 0.036 0.031 1.168 8056.4 3.4608 14.960685 1.466321 15.626622 14.160301 "" "" 1389.64087 1574.5509 19528.68195 6.7903 7669.5 11.042 17181.0 14.262 "" "" 0.002781062925216465 0.003198208 0.0038853597 0.007083568 282.22819043623 -4.48669486854 1471.53931 1.1500000000000004 0.0029999999999999957 -0.012846207618713468 -0.06781538438796997 0.13746029 0.1324603 "" "" 0.48143080019746987 "" 0.06385536825018095 "" 0.8
282.27487099012 -4.3840722787 0.0274 0.029 5.0156 "" "" 4255269879698571776 1504.40979 0.6329 0.0383 1.195 0.082 0.033 0.029 1.049 7971.8 3.8239 14.963594 1.406302 15.585836 14.179535 "" "" 1417.73352 1591.09192 19476.42122 6.7592 7963.1 18.842 16879.0 21.913 "" "" 0.0027809651833093606 0.003792751 0.004033677 0.007826428 282.27487099012 -4.3840722787 1504.40979 1.195 0.082 0.03215379238128668 0.011184615612030033 0.1344603 0.13046029 "" "" 0.2427610958058838 "" 0.0325383125524417 "" 0.98
282.38402337215 -4.55994994162 0.0252 0.0248 9.0149 "" "" 4255126118574384384 1693.73132 0.5535 0.0308 1.161 0.015 0.032 0.026 0.982 9000.0 3.5795 15.048162 1.503721 15.712971 14.20925 "" "" 1592.3728 1816.20068 18016.97963 6.6568 7083.2 12.48 16423.0 16.647 "" "" 0.002784369133470968 0.0033829755 0.0039363597 0.007319335 282.38402337215 -4.55994994162 1693.73132 1.1610000000000003 0.015000000000000001 -0.001846207618713347 -0.05581538438796997 0.1334603 0.1274603 "" "" 0.44834695955818604 "" 0.05714944747598541 "" 0.93
282.41955346297 -4.39719132483 0.0281 0.0267 4.0547 "" "" 4255223631486693504 1511.74438 0.6315 0.0366 1.055 -0.048 0.037 0.029 1.055 "" "" 15.091361 1.405604 15.707102 14.301497 "" "" 1431.03955 1595.13867 17314.19713 7.1775 7121.6 13.188 15085.0 47.341 "" "" 0.0027918392614857237 0.003439122 0.0050885896 0.008527712 282.41955346297 -4.39719132483 1511.74438 1.055 -0.04799999999999997 -0.10784620761871344 -0.11881538438796997 0.1384603 0.13046029 "" "" 1.149814051886517 "" 0.15422816961729663 "" 0.9
282.32411318045 -4.51019712566 0.027 0.0275 6.1047 "" "" 4255127286805763840 1578.87952 0.6138 0.0354 1.153 -0.017 0.035 0.028 0.909 9252.4 3.9646 15.12821 1.531164 15.801082 14.269918 "" "" 1479.61414 1682.13672 16736.42217 5.903 6531.1 28.366 15531.0 91.106 "" "" 0.002781804264543629 0.005479219 0.007405944 0.012885163 282.32411318045 -4.51019712566 1578.87952 1.1530000000000007 -0.01699999999999999 -0.009846207618713354 -0.08781538438796997 0.13646029 0.12946029 "" "" 0.6613187703358314 "" 0.08567352846872388 "" 0.8
282.25882171413 -4.52399355859 0.0345 0.0342 8.7557 "" "" 4255127011927977216 1744.48462 0.5351 0.0399 1.024 0.036 0.038 0.032 1.029 "" "" 15.136412 1.506985 15.805558 14.298573 "" "" 1631.16101 1857.55347 16610.47309 7.9103 6504.2 22.997 15126.0 35.014 "" "" 0.002803414597749003 0.0047457186 0.004538759 0.009284478 282.25882171413 -4.52399355859 1744.48462 1.024 0.036000000000000004 -0.13884620761871336 -0.03481538438796997 0.1394603 0.1334603 "" "" 1.183642353093464 "" 0.1646595254745896 "" 0.94
282.42914356895 -4.43612737536 0.0271 0.0251 4.7306 "" "" 4255223253530156544 1562.56213 0.6125 0.0321 1.277 0.025 0.033 0.027 0.873 8757.8 3.9495 15.143724 1.504262 15.827686 14.323424 "" "" 1502.87439 1632.07751 16498.99014 5.9471 6373.0 24.079 14784.0 20.623 "" "" 0.00278297485788008 0.004961174 0.0040715593 0.009032734 282.42914356895 -4.43612737536 1562.56213 1.2769999999999992 0.024999999999999998 0.11415379238128653 -0.04581538438796997 0.1344603 0.12846029 "" "" 0.9110392280075553 "" 0.12175492173354345 "" 0.99
282.32620375922 -4.40982376857 0.0309 0.0313 1.649 "" "" 4255269158143936384 1550.41101 0.6147 0.0419 1.166 0.181 0.037 0.03 1.038 "" "" 15.205153 1.391613 15.80487 14.413257 "" "" 1463.91553 1657.51245 15591.42602 6.0179 6508.3 27.043 13610.0 71.317 "" "" 0.0027870067326619626 0.005304508 0.0068302215 0.012134729 282.32620375922 -4.40982376857 1550.41101 1.1660000000000008 0.181 0.0031537923812865465 0.11018461561203002 0.1384603 0.1314603 "" "" 0.8100726594206213 "" 0.10649715539446811 "" 0.98
282.25668623158 -4.46628035324 0.0301 0.0372 6.6267 "" "" 4255174737609232512 1522.56396 0.6423 0.0481 1.234 0.03 0.035 0.029 1.001 8824.6 4.1023 15.205784 1.512585 15.893809 14.381225 "" "" 1413.30835 1627.19678 15582.35888 6.4917 5996.4 12.659 14017.0 19.438 "" "" 0.002792200982740964 0.0036109223 0.004068252 0.0076791747 282.25668623158 -4.46628035324 1522.56396 1.2340000000000007 0.030000000000000002 0.0711537923812866 -0.04081538438796997 0.13646029 0.13046029 "" "" 0.5919994926126448 "" 0.07991972979867379 "" 0.84
282.41820986607 -4.49905777349 0.0311 0.0308 6.4594 "" "" 4255220573469827200 1684.05139 0.5649 0.0393 1.099 0.06 0.04 0.03 0.971 9070.5 3.983 15.294433 1.580289 16.024515 14.444226 "" "" 1558.52808 1797.24182 14360.63789 5.8335 5316.3 15.106 13227.0 21.514 "" "" 0.002790395540150651 0.0041596484 0.004171617 0.008331265 282.41820986607 -4.49905777349 1684.05139 1.099 0.060000000000000005 -0.0638462076187134 -0.010815384387969973 0.1414603 0.1314603 "" "" 0.5169067536029263 "" 0.07298255677731835 "" 0.9
282.31120753894 -4.42759879376 0.0333 0.0355 2.6874 "" "" 4255268775844515968 1512.12366 0.6297 0.047 1.132 0.299 0.042 0.032 0.946 8165.5 4.1495 15.34935 1.480241 16.024471 14.54423 "" "" 1409.00574 1608.72253 13652.32505 6.4386 5316.5 14.606 12063.0 32.548 "" "" 0.002802495443346952 0.0040844064 0.0047818082 0.008866215 282.31120753894 -4.42759879376 1512.12366 1.1320000000000006 0.299 -0.030846207618713484 0.22818461561203002 0.14346029 0.1334603 "" "" 1.6503813736274044 "" 0.22056744841641793 "" 0.95
282.43810018599 -4.33358369916 0.0328 0.0313 6.9382 "" "" 4255271181026659968 1473.57104 0.6503 0.0395 1.292 -0.018 0.038 0.031 1.052 9134.0 4.4296 15.378671 1.4909 16.045418 14.554518 "" "" 1407.55737 1550.61536 13288.57534 7.2977 5214.9 11.217 11950.0 23.66 "" "" 0.002819097225477246 0.0036385416 0.004347964 0.0079865055 282.43810018599 -4.33358369916 1473.57104 1.292 -0.017999999999999978 0.12915379238128666 -0.08881538438796997 0.1394603 0.1324603 "" "" 1.0948183078809914 "" 0.15026574651057414 "" 0.87
282.30672765342 -4.52015727638 0.035 0.0368 7.0257 "" "" 4255127149366824448 1675.44897 0.5587 0.0446 1.025 0.08 0.038 0.031 1.025 8850.3 4.224 15.390618 1.481285 16.057514 14.576229 "" "" 1560.40491 1808.05371 13143.15145 5.3358 5157.2 17.762 11713.0 14.219 "" "" 0.002790354567227584 0.004665638 0.0040026153 0.008668253 282.30672765342 -4.52015727638 1675.44897 1.0249999999999992 0.08000000000000003 -0.13784620761871347 0.009184615612030031 0.1394603 0.1324603 "" "" 1.0971506297184999 "" 0.15297585452037896 "" 0.83
282.29197004765 -4.29990673444 0.0327 0.0308 7.712 "" "" 4255275239818859904 1704.73926 0.5691 0.0402 1.182 -0.029 0.043 0.04 0.929 5786.6 4.0852 15.433462 1.56478 16.153717 14.588937 "" "" 1584.34692 1837.85779 12634.61421 6.2361 4719.9 15.164 11577.0 18.828 "" "" 0.0028069497986306048 0.0044668564 0.004171528 0.008638384 282.29197004765 -4.29990673444 1704.73926 1.182 -0.029 0.01915379238128656 -0.09981538438796997 0.14446029 0.1414603 "" "" 0.8212701122146971 "" 0.11626551187067395 "" 0.95
282.32420608264 -4.41320863939 0.0348 0.0364 1.759 "" "" 4255269158143933056 1722.76855 0.5548 0.0487 1.14 -0.078 0.043 0.035 1.019 9718.5 4.3277 15.53839 1.51022 16.188902 14.678681 "" "" 1609.00562 1905.04382 11470.72108 7.2372 4569.4 17.924 10658.0 27.795 "" "" 0.002839197724550733 0.0050915126 0.004722401 0.009813914 282.32420608264 -4.41320863939 1722.76855 1.1400000000000006 -0.07799999999999999 -0.022846207618713477 -0.14881538438796998 0.14446029 0.13646029 "" "" 1.2294519791733565 "" 0.1680043230636533 "" 0.86
282.47880636423 -4.45399394113 0.0329 0.0312 7.8869 "" "" 4255222257096999296 1663.94934 0.5655 0.0406 0.955 -0.026 0.041 0.033 0.965 7596.9 3.5959 15.63113 1.75304 16.474167 14.721127 "" "" 1585.42041 1764.49634 10531.60566 4.8494 3513.6 12.204 10250.0 12.846 "" "" 0.0028003087755076993 0.004691124 0.004016875 0.008707998 282.47880636423 -4.45399394113 1663.94934 0.9550000000000002 -0.026 -0.20784620761871342 -0.09681538438796997 0.14246029 0.1344603 "" "" 1.808426717863284 "" 0.2551097226069909 "" 0.92
282.27811096511 -4.48580476525 0.0382 0.0399 6.2917 "" "" 4255174462731202176 1484.67224 0.6551 0.0507 0.999 0.094 0.044 0.035 0.975 "" "" 15.662698 1.623915 16.386307 14.762392 "" "" 1385.41174 1594.57361 10229.81362 5.1368 3809.7 24.283 9867.4 53.307 "" "" 0.0028087405351312046 0.007461771 0.006977674 0.014439445 282.27811096511 -4.48580476525 1484.67224 0.9990000000000004 0.094 -0.16384620761871338 0.02318461561203003 0.1454603 0.13646029 "" "" 1.1645289378202546 "" 0.1691932315051028 "" 0.87
282.46295982277 -4.34599446819 0.035 0.0332 7.6722 "" "" 4255271219724354816 1601.25903 0.6072 0.0416 1.201 0.167 0.044 0.035 0.963 8947.7 4.3025 15.73311 1.840312 16.629025 14.788713 "" "" 1487.10767 1756.85413 9587.43948 4.86 3046.5 13.551 9631.0 14.749 "" "" 0.0028097510603625566 0.005577481 0.004128961 0.009706441 282.46295982277 -4.34599446819 1601.25903 1.201 0.167 0.03815379238128669 0.09618461561203004 0.1454603 0.13646029 "" "" 0.7853761920471636 "" 0.10816079050195782 "" 0.98
282.48395793408 -4.45181812858 0.0368 0.036 8.1416 "" "" 4255222252758665728 1544.10132 0.6105 0.0475 1.075 0.127 0.048 0.038 1.026 9233.8 3.7891 15.774211 1.993216 16.758446 14.765229 "" "" 1452.96606 1636.3761 9231.28893 6.2669 2704.2 12.465 9841.6 33.276 "" "" 0.002852205568829026 0.0057299254 0.0052688043 0.01099873 282.48395793408 -4.45181812858 1544.10132 1.075 0.127 -0.08784620761871342 0.05618461561203003 0.14946029 0.1394603 "" "" 0.7632066657958931 "" 0.11190707226430716 "" 0.96
282.43980144537 -4.52346605975 0.0403 0.0453 8.407 "" "" 4255217171855691392 1621.57544 0.5943 0.0587 1.192 0.265 0.053 0.041 0.958 8340.7 4.2678 15.847889 1.658015 16.62618 14.968165 "" "" 1480.91907 1777.35681 8625.63665 4.4862 3054.5 12.707 8163.8 23.53 "" "" 0.0028125907389976485 0.0053090663 0.0049067857 0.010215852 282.43980144537 -4.52346605975 1621.57544 1.192 0.265 0.02915379238128657 0.19418461561203004 0.1544603 0.14246029 "" "" 1.5092825284291629 "" 0.21542847282114813 "" 0.85
282.36430694872 -4.30021158794 0.0396 0.0368 6.7852 "" "" 4255272456678962048 1587.37207 0.608 0.0479 1.135 0.08 0.047 0.038 1.032 7547.9 4.1253 15.877025 1.607186 16.626286 15.019099 "" "" 1474.97327 1725.4917 8397.24757 6.3102 3054.2 13.804 7789.7 23.832 "" "" 0.0028735800726813884 0.005644948 0.00503166 0.010676608 282.36430694872 -4.30021158794 1587.37207 1.135 0.08 -0.02784620761871337 0.009184615612030031 0.1484603 0.1394603 "" "" 0.22062149669710301 "" 0.03256407168533635 "" 0.91
282.23555523434 -4.30375280977 0.041 0.0395 9.6273 "" "" 4255274513921442304 1634.7074 0.5937 0.0517 1.314 0.14 0.051 0.046 1.035 6815.2 4.1836 15.878805 1.740905 16.719381 14.978477 "" "" 1501.66919 1758.40503 8383.48348 5.5521 2803.3 9.5612 8086.6 12.414 "" "" 0.002847598548931581 0.004636605 0.0041305902 0.008767195 282.23555523434 -4.30375280977 1634.7074 1.3139999999999994 0.14 0.15115379238128668 0.06918461561203004 0.15246029 0.1474603 "" "" 1.2880718516174758 "" 0.19527947985989602 "" 0.92
282.28772282393 -4.49726724412 0.0404 0.0437 6.4203 "" "" 4255127522965049984 1581.62451 0.6069 0.0548 1.233 0.084 0.046 0.039 1.003 7195.4 4.2555 15.901303 1.556956 16.616295 15.059339 "" "" 1466.6051 1724.60168 8211.55626 4.144 3082.5 13.704 7506.2 24.527 "" "" 0.0028092717337454207 0.0055753067 0.0051836283 0.010758935 282.28772282393 -4.49726724412 1581.62451 1.2330000000000008 0.08399999999999998 0.07015379238128672 0.013184615612030035 0.1474603 0.1404603 "" "" 0.5351436628389601 "" 0.07878757928920943 "" 0.83
282.490102795 -4.43441845135 0.039 0.0363 8.2678 "" "" 4255222566334653952 1579.38855 0.6046 0.0465 1.534 0.057 0.047 0.038 0.971 8392.2 4.1999 15.911675 1.794785 16.757298 14.962513 "" "" 1484.48572 1697.18945 8133.49089 4.8529 2707.1 14.864 8206.4 31.789 "" "" 0.002830450346503264 0.006582139 0.00565442 0.012236559 282.490102795 -4.43441845135 1579.38855 1.534 0.05700000000000001 0.37115379238128665 -0.013815384387969969 0.1484603 0.1394603 "" "" 2.7804935159188453 "" 0.4127593219269579 "" 0.96
282.47752933035 -4.50665362877 0.046 0.0475 9.3094 "" "" 4255217614194710912 1586.46179 0.6249 0.0614 1.223 0.073 0.054 0.042 1.093 7887.4 4.1304 15.952623 1.683918 16.751612 15.067694 "" "" 1439.92688 1788.52844 7832.44494 4.2375 2721.3 13.13 7448.7 14.852 "" "" 0.0028172384562053323 0.005935288 0.0043554935 0.010290781 282.47752933035 -4.50665362877 1586.46179 1.223 0.07299999999999995 0.06015379238128671 0.0021846156120300247 0.1554603 0.14346029 "" "" 0.4526444352488239 "" 0.0703613599362381 "" 0.97
282.294520453 -4.40734194845 0.0441 0.0478 3.5498 "" "" 4255269604820590592 1517.88721 0.6454 0.0622 1.12 -0.022 0.055 0.047 0.945 7488.3 4.3812 15.994229 1.681918 16.794182 15.112264 "" "" 1403.22388 1653.63928 7537.97959 4.768 2616.6 10.483 7149.1 25.282 "" "" 0.0028396179401119935 0.0051677935 0.0053875917 0.010555385 282.294520453 -4.40734194845 1517.88721 1.12 -0.021999999999999992 -0.04284620761871327 -0.09281538438796996 0.15646029 0.1484603 "" "" 0.7355060244727257 "" 0.11024980967210891 "" 0.9
282.45141301774 -4.35361782667 0.0411 0.0392 6.8442 "" "" 4255271112307057280 1472.0177 0.6444 0.0491 1.168 -0.037 0.049 0.041 0.993 7845.2 4.1488 16.02537 1.840934 16.884235 15.043302 "" "" 1371.79077 1614.97729 7324.85275 4.37 2408.4 12.537 7617.9 46.959 "" "" 0.002830436070648952 0.0063030366 0.0076861763 0.013989213 282.45141301774 -4.35361782667 1472.0177 1.168 -0.03699999999999999 0.005153792381286548 -0.10781538438796998 0.15046029 0.14246029 "" "" 0.7531261576928866 "" 0.10730468898960742 "" 0.89
