Clusters/UBC_354/UBC_354_stars_in_region.tsv
# %ECSV 1.0
# ---
# datatype:
# - name: RA_ICRS_1
#   unit: deg
#   datatype: float64
#   format: '{:15.11f}'
#   description: Right ascension (ICRS) at Ep=2016.0 (ra)
#   meta: !!omap
#   - {ucd: POS_EQ_RA_MAIN}
#   - {width: 15}
#   - {precision: '11'}
# - name: DE_ICRS_1
#   unit: deg
#   datatype: float64
#   format: '{:15.11f}'
#   description: Declination (ICRS) at Ep=2016.0 (dec)
#   meta: !!omap
#   - {ucd: POS_EQ_DEC_MAIN}
#   - {width: 15}
#   - {precision: '11'}
# - name: e_RA_ICRS
#   unit: mas
#   datatype: float64
#   format: '{:7.4f}'
#   description: Standard error of right ascension (ra_error)
#   meta: !!omap
#   - {ucd: ERROR}
#   - {width: 7}
#   - {precision: '4'}
# - name: e_DE_ICRS
#   unit: mas
#   datatype: float64
#   format: '{:7.4f}'
#   description: Standard error of declination (dec_error)
#   meta: !!omap
#   - {ucd: ERROR}
#   - {width: 7}
#   - {precision: '4'}
# - name: _r_1
#   unit: ''
#   datatype: float64
#   format: '{:7.4f}'
#   description: Distance from center (282.35360646000-04.41279406000)[ICRS], at Epoch=J2016.0
#   meta: !!omap
#   - {ucd: POS_ANG_DIST_GENERAL}
#   - {width: 7}
#   - {precision: '4'}
# - name: HIP
#   datatype: int32
#   description: '? HIP cross-id number, van Leeuwen, Cat. I/311 (hip_original_ext_source_id)'
#   meta: !!omap
#   - {ucd: ID_NUMBER}
#   - {width: 6}
#   - values: {'null': -2147483648}
# - name: TYC2
#   datatype: string
#   description: Tycho-2 cross-id name, Hog et al., Cat. I/259 (tyc2_original_ext_source_id)
#   meta: !!omap
#   - {ucd: ID_CROSSID}
#   - {_votable_string_dtype: char}
# - name: Source
#   datatype: int64
#   description: Source identifier, identical to the Gaia-EDR3 source_id (id)
#   meta: !!omap
#   - {ucd: ID_MAIN}
#   - {width: 19}
# - name: rgeo
#   unit: pc
#   datatype: float64
#   format: '{:15.8f}'
#   description: '? Median of the geometric distance posterior (r_med_geo)'
#   meta: !!omap
#   - {ucd: PHYS_DISTANCE_TRUE}
#   - {width: 15}
#   - {precision: '8'}
#   - values: {'null': .nan}
# - name: Plx
#   unit: mas
#   datatype: float64
#   format: '{:9.4f}'
#   description: '? Parallax (parallax)'
#   meta: !!omap
#   - {ucd: POS_PARLX_TRIG}
#   - {width: 9}
#   - {precision: '4'}
#   - values: {'null': .nan}
# - name: e_Plx
#   unit: mas
#   datatype: float32
#   format: '{:7.4f}'
#   description: '? Standard error of parallax (parallax_error)'
#   meta: !!omap
#   - {ucd: ERROR}
#   - {width: 7}
#   - {precision: '4'}
#   - values: {'null': .nan}
# - name: pmRA
#   unit: mas / yr
#   datatype: float64
#   format: '{:9.3f}'
#   description: '? Proper motion in right ascension direction, pmRA*cosDE (pmra)'
#   meta: !!omap
#   - {ucd: POS_EQ_PMRA}
#   - {width: 9}
#   - {precision: '3'}
#   - values: {'null': .nan}
# - name: pmDE
#   unit: mas / yr
#   datatype: float64
#   format: '{:9.3f}'
#   description: '? Proper motion in declination direction (pmdec)'
#   meta: !!omap
#   - {ucd: POS_EQ_PMDEC}
#   - {width: 9}
#   - {precision: '3'}
#   - values: {'null': .nan}
# - name: e_pmRA
#   unit: mas / yr
#   datatype: float32
#   format: '{:6.3f}'
#   description: '? Standard error of proper motion in right ascension direction (pmra_error)'
#   meta: !!omap
#   - {ucd: ERROR}
#   - {width: 6}
#   - {precision: '3'}
#   - values: {'null': .nan}
# - name: e_pmDE
[...]
#         unit: &id001 !astropy.units.Unit {unit: deg}
#         value: !astropy.table.SerializedColumn {name: SkyCoord.dec}
#       distance: !astropy.table.SerializedColumn
#         __class__: astropy.coordinates.distances.Distance
#         unit: !astropy.units.Unit {unit: pc}
#         value: !astropy.table.SerializedColumn {name: SkyCoord.distance}
#       frame: icrs
#       obstime: !astropy.time.Time {format: jyear_str, in_subfmt: '*', jd1: 367701545.0, jd2: 0.0, out_subfmt: '*', precision: 3, scale: tt}
#       pm_dec: !astropy.table.SerializedColumn
#         __class__: astropy.units.quantity.Quantity
#         unit: !astropy.units.Unit {unit: mas / yr}
#         value: !astropy.table.SerializedColumn {name: SkyCoord.pm_dec}
#       pm_ra_cosdec: !astropy.table.SerializedColumn
#         __class__: astropy.units.quantity.Quantity
#         unit: !astropy.units.Unit {unit: mas / yr}
#         value: !astropy.table.SerializedColumn {name: SkyCoord.pm_ra_cosdec}
#       ra: !astropy.table.SerializedColumn
#         __class__: astropy.coordinates.angles.Longitude
#         unit: *id001
#         value: !astropy.table.SerializedColumn {name: SkyCoord.ra}
#         wrap_angle: !astropy.coordinates.Angle
#           unit: *id001
#           value: 360.0
#       representation_type: spherical
# schema: astropy-2.0
RA_ICRS_1 DE_ICRS_1 e_RA_ICRS e_DE_ICRS _r_1 HIP TYC2 Source rgeo Plx e_Plx pmRA pmDE e_pmRA e_pmDE RUWE Teff logg Gmag BP-RP BPmag RPmag RV e_RV b_rgeo B_rgeo FG e_FG FBP e_FBP FRP e_FRP RAVE5 RAVE6 e_Gmag e_BPmag e_RPmag e_BP-RP SkyCoord.ra SkyCoord.dec SkyCoord.distance SkyCoord.pm_ra_cosdec SkyCoord.pm_dec
[from data line 1632]
282.68151771715 -4.55375785565 0.0601 0.0572 21.3603 "" "" 4255205416495788672 2133.45605 0.481 0.0701 -0.81 -0.877 0.074 0.064 0.896 6362.3 4.1453 16.645472 1.975346 17.635159 15.659813 "" "" 1815.23206 2495.72339 4137.68871 3.2544 1206.0 9.104 4317.5 18.321 "" "" 0.002884620729757624 0.008658044 0.0059590614 0.014617106 282.68151771715 -4.55375785565 2133.45605 -0.8099999999999999 -0.877
282.10276575967 -4.56679706884 0.0567 0.0566 17.6213 "" "" 4255172813464000896 1927.11414 0.5014 0.0637 -0.723 -0.979 0.066 0.059 0.891 5731.2 4.1169 16.648235 1.997189 17.621042 15.623854 "" "" 1734.64319 2306.79761 4127.16955 3.2369 1221.8 8.466 4462.9 43.353 "" "" 0.0028839031243060556 0.008023935 0.011203641 0.019227576 282.10276575967 -4.56679706884 1927.11414 -0.7229999999999999 -0.9789999999999999
282.3493040497 -4.14170594393 0.0612 0.0564 16.2673 "" "" 4255295271546437248 1648.29309 0.5932 0.0626 0.612 -4.158 0.079 0.07 1.024 6096.3 4.2647 16.648735 1.866351 17.565016 15.698665 "" "" 1489.45276 1821.04944 4125.27087 3.2892 1286.5 9.6106 4165.7 13.24 "" "" 0.0028881148917995845 0.008577326 0.0051178113 0.013695138 282.3493040497 -4.14170594393 1648.29309 0.612 -4.158
282.30030029672 -4.82605552781 0.0494 0.0477 24.9998 "" "" 4255100761087051136 1928.96021 0.4909 0.0564 -2.002 -4.991 0.061 0.055 0.961 5246.9 3.5863 16.649033 2.431991 17.964483 15.532493 "" "" 1733.39746 2213.82324 4124.14244 3.1541 890.48 5.8727 4854.7 10.393 "" "" 0.002877722374039825 0.0076848255 0.0044369316 0.0121217575 282.30030029672 -4.82605552781 1928.96021 -2.002 -4.991
282.12465158609 -4.53781777686 0.0569 0.0561 15.6152 "" "" 4255173294500368128 2113.10596 0.4546 0.064 -2.309 -3.111 0.063 0.059 0.991 4868.7 4.141 16.64988 2.220592 17.81276 15.592167 "" "" 1900.63916 2424.9082 4120.9248 3.3794 1024.0 7.5964 4595.1 34.526 "" "" 0.002895607598729566 0.008523972 0.008990784 0.017514756 282.12465158609 -4.53781777686 2113.10596 -2.309 -3.1109999999999998
282.4052838966 -4.49018075257 0.0603 0.0612 5.5781 "" "" 4255220775289813888 1595.50305 0.6233 0.0782 0.985 -0.067 0.078 0.06 0.969 6092.0 4.4086 16.650084 1.817231 17.550896 15.733664 "" "" 1430.68677 1795.2417 4120.1522 2.9966 1303.3 8.405 4033.6 15.619 "" "" 0.002866243425092263 0.0075373757 0.0056532407 0.013190616 282.4052838966 -4.49018075257 1595.50305 0.9849999999999999 -0.067
282.1898248856 -4.7966609785 0.0477 0.0477 25.0284 "" "" 4255113336751557120 1529.57043 0.6392 0.0574 1.039 0.018 0.057 0.051 1.053 8140.4 4.0962 16.650265 2.138062 17.666315 15.528254 "" "" 1376.24048 1652.52295 4119.46857 2.8373 1171.9 17.602 4873.7 59.97 "" "" 0.0028549959271825646 0.016544783 0.013884079 0.030428862 282.1898248856 -4.7966609785 1529.57043 1.039 0.018000000000000006
282.56149884852 -4.44321158243 0.0601 0.0548 12.5695 "" "" 4255219710138055040 2139.30835 0.4751 0.066 -0.892 -3.576 0.074 0.07 1.069 7773.6 4.1137 16.650818 1.995466 17.612947 15.617481 "" "" 1806.56201 2699.27148 4117.36586 4.1345 1230.9 16.127 4489.2 14.772 "" "" 0.002963181387001809 0.014496149 0.0052007497 0.019696899 282.56149884852 -4.44321158243 2139.30835 -0.8920000000000001 -3.5760000000000005
282.32479593781 -4.12265684986 0.0573 0.052 17.4934 "" "" 4255295546424382592 1553.17712 0.6372 0.0604 1.087 0.128 0.073 0.065 0.904 6197.6 4.1403 16.65232 2.035803 17.684452 15.648649 "" "" 1427.41382 1721.91443 4111.6739 3.5362 1152.5 9.4573 4362.1 18.021 "" "" 0.002909248364985845 0.009336125 0.0058654184 0.015201543 282.32479593781 -4.12265684986 1553.17712 1.0869999999999997 0.128
282.26951298575 -4.00735034357 0.0542 0.0496 24.8416 "" "" 4255300111931063680 2065.72461 0.4745 0.0574 -0.658 -2.232 0.075 0.066 0.932 6011.2 4.0565 16.652504 2.277146 17.763203 15.486056 "" "" 1832.58765 2339.87695 4110.97635 3.1448 1071.9 10.715 5066.8 35.07 "" "" 0.0028777810113701646 0.011206221 0.008411793 0.019618014 282.26951298575 -4.00735034357 2065.72461 -0.658 -2.232
282.46770822015 -4.54438747279 0.0616 0.0618 10.4367 "" "" 4255217274934860160 1614.69189 0.6217 0.082 0.662 -4.051 0.079 0.06 0.957 5218.2 4.2858 16.652882 2.0368 17.681528 15.644728 "" "" 1421.57959 1896.02307 4109.54702 16.36 1155.6 14.084 4377.9 58.478 "" "" 0.0051258129935824815 0.013523491 0.014987131 0.028510623 282.46770822015 -4.54438747279 1614.69189 0.662 -4.050999999999999
282.01055374647 -4.37816816096 0.0558 0.0538 20.6275 "" "" 4255191638237509760 1678.23926 0.5678 0.0642 3.985 0.948 0.065 0.056 1.073 5026.8 4.2919 16.652975 1.776653 17.387108 15.610455 "" "" 1543.66687 1887.92224 4109.19196 3.0979 1515.6 14.49 4518.3 32.768 "" "" 0.0028743317152691867 0.0107487105 0.008734111 0.019482821 282.01055374647 -4.37816816096 1678.23926 3.985 0.9480000000000001
282.00999875232 -4.5014726966 0.0517 0.0508 21.2316 "" "" 4255177104067494400 1900.95398 0.5111 0.0583 -1.289 -1.429 0.062 0.054 1.004 5238.4 4.2879 16.653814 1.732811 17.491697 15.758886 "" "" 1713.47522 2085.53271 4106.01869 3.0047 1376.4 11.138 3941.0 15.697 "" "" 0.0028675861736255203 0.009218313 0.005743249 0.014961561 282.00999875232 -4.5014726966 1900.95398 -1.289 -1.429
282.65674781903 -4.25724705533 0.058 0.0536 20.3969 "" "" 4255231461186063616 1691.927 0.5691 0.062 1.251 0.114 0.077 0.068 1.091 6046.9 4.001 16.653986 2.13918 17.7257 15.58652 "" "" 1535.13159 1873.90942 4105.36823 3.7012 1109.5 8.3446 4619.0 12.525 "" "" 0.0029240264126865474 0.0086293975 0.0047907736 0.013420171 282.65674781903 -4.25724705533 1691.927 1.2509999999999997 0.11399999999999998
282.34609094724 -4.55119236495 0.0602 0.0601 8.3161 "" "" 4255126359092671104 1571.76819 0.6527 0.0755 1.423 -5.627 0.07 0.057 1.023 4925.9 4.23 16.654575 2.12505 17.750404 15.625354 "" "" 1393.89734 1798.15979 4103.14568 3.1658 1084.6 9.2436 4456.7 13.012 "" "" 0.00287985038907969 0.009664796 0.004932791 0.014597587 282.34609094724 -4.55119236495 1571.76819 1.423 -5.626999999999998
282.17471854452 -4.52579677067 0.0578 0.0592 12.6678 "" "" 4255172641665232640 1965.80151 0.5115 0.0702 -1.428 -0.11 0.064 0.06 0.916 4943.6 4.2918 16.657028 1.772051 17.514734 15.742683 "" "" 1724.07703 2173.927 4093.87984 3.1424 1347.5 8.2055 4000.2 13.389 "" "" 0.002878599650484529 0.007176148 0.005243094 0.012419242 282.17471854452 -4.52579677067 1965.80151 -1.428 -0.11000000000000001
282.04709020016 -4.43848330094 0.2096 0.2067 18.4008 "" "" 4255177829986429824 1724.74377 0.8385 0.2458 -0.025 0.09 0.244 0.21 3.91 5606.9 4.6734 16.65713 1.661277 17.369757 15.70848 "" "" 1226.04077 3556.07056 4093.50468 17.703 1540.0 8.7232 4128.3 16.41 "" "" 0.005444162341929867 0.006753391 0.0057367138 0.012490105 282.04709020016 -4.43848330094 1724.74377 -0.024999999999999998 0.09
282.17270898922 -4.13176183207 0.062 0.0549 20.0369 "" "" 4255293068183974528 2079.19043 0.4779 0.0702 -0.933 -0.967 0.075 0.061 1.058 5029.4 4.2899 16.657167 1.722484 17.448294 15.72581 "" "" 1821.65491 2440.21289 4093.35732 3.2608 1432.5 9.0821 4062.9 18.225 "" "" 0.0028878800833814565 0.0074275886 0.0061647017 0.01359229 282.17270898922 -4.13176183207 2079.19043 -0.9330000000000002 -0.967
282.69971522203 -4.4521974265 0.0521 0.0477 20.839 "" "" 4255212773809745920 1799.77795 0.5264 0.0571 -0.117 -0.477 0.068 0.06 0.918 6012.1 4.0706 16.659754 2.314131 17.896637 15.582506 "" "" 1663.52161 2022.87903 4083.61583 3.0501 947.9 8.7799 4636.1 12.374 "" "" 0.002872181683887383 0.01043649 0.004762508 0.015198998 282.69971522203 -4.4521974265 1799.77795 -0.117 -0.477
282.14502363479 -4.49632994439 0.0589 0.0603 13.4462 "" "" 4255173672457570560 2089.87378 0.4812 0.071 -2.036 -4.245 0.065 0.06 0.976 5871.8 4.2821 16.660744 1.862253 17.587866 15.725613 "" "" 1840.52307 2419.85449 4079.89732 3.204 1259.7 8.1378 4063.6 20.123 "" "" 0.002884231384088027 0.007548569 0.0065720114 0.014120581 282.14502363479 -4.49632994439 2089.87378 -2.036 -4.245000000000001
281.93818380945 -4.34480862154 0.0551 0.0535 25.1851 "" "" 4255191298987095296 2177.25537 0.4497 0.0657 -1.835 -3.889 0.068 0.057 0.899 5514.7 4.3693 16.661346 1.586552 17.396822 15.81027 "" "" 1928.98572 2497.95166 4077.63262 3.1402 1502.1 8.478 3758.8 18.446 "" "" 0.0028793926114880995 0.006733309 0.006532459 0.013265768 281.93818380945 -4.34480862154 2177.25537 -1.835 -3.8890000000000007
282.16978987184 -4.31351058065 0.0641 0.0588 12.5068 "" "" 4255274312080631808 1795.0459 0.5397 0.0715 -1.067 -3.531 0.082 0.066 0.973 5543.7 4.3946 16.662476 1.831755 17.500101 15.668346 "" "" 1615.18933 2084.70239 4073.39467 3.5562 1365.8 13.289 4283.7 40.241 "" "" 0.002913806532815547 0.010926285 0.010877094 0.021803379 282.16978987184 -4.31351058065 1795.0459 -1.067 -3.5309999999999997
282.34215008196 -4.47109733733 0.0762 0.0748 3.5647 "" "" 4255221466823165696 1662.29749 0.5962 0.096 1.052 -0.025 0.098 0.07 1.043 "" "" 16.66325 "" "" "" "" "" 1463.31897 1959.86145 4070.49279 5.3824 "" "" "" "" "" "" 0.003106915678145298 "" "" "" 282.34215008196 -4.47109733733 1662.29749 1.0519999999999998 -0.025
282.13436303856 -4.10366847134 0.0594 0.0528 22.7178 "" "" 4255293416120141824 1784.72351 0.5383 0.066 -4.397 -6.238 0.075 0.062 0.996 5357.4 4.1843 16.663994 1.930043 17.631685 15.701642 "" "" 1608.47717 2034.1731 4067.70198 3.2377 1209.9 12.647 4154.3 15.907 "" "" 0.0028876673063278823 0.011687072 0.005618464 0.017305536 282.13436303856 -4.10366847134 1784.72351 -4.397000000000001 -6.238
282.40337591942 -4.08407497741 0.0551 0.0516 19.9467 "" "" 4255296955173628288 1748.94836 0.57 0.0569 1.057 0.235 0.073 0.061 1.038 5588.9 4.1965 16.664116 1.929769 17.591911 15.662143 "" "" 1569.26025 1996.46362 4067.24223 2.9681 1255.0 16.848 4308.3 16.524 "" "" 0.0028669786677147234 0.0148403365 0.005623562 0.020463899 282.40337591942 -4.08407497741 1748.94836 1.057 0.23500000000000001
282.17404802754 -4.41007139524 0.0656 0.0629 10.7428 "" "" 4255178826418545280 2078.84644 0.5041 0.0782 -0.627 0.624 0.077 0.065 1.084 4762.0 4.2743 16.665277 1.73512 17.484715 15.749595 "" "" 1795.17322 2411.17578 4062.89578 3.5552 1385.3 4.7849 3974.8 17.514 "" "" 0.002914517139439929 0.004674289 0.0060967794 0.010771068 282.17404802754 -4.41007139524 2078.84644 -0.6269999999999999 0.6239999999999999
282.68228733702 -4.22397157797 0.0502 0.0486 22.6949 "" "" 4255232736818081536 1961.88623 0.514 0.0583 -0.322 -2.298 0.066 0.06 0.887 5889.8 4.1402 16.66584 2.092928 17.57517 15.482243 "" "" 1716.00037 2262.00928 4060.79142 3.3739 1274.5 18.456 5084.7 42.887 "" "" 0.0028992310291342557 0.015968172 0.009906892 0.025875064 282.68228733702 -4.22397157797 1961.88623 -0.322 -2.2980000000000005
282.37963465103 -4.69855277419 0.0597 0.0584 17.2161 "" "" 4255119517144208768 1714.00574 0.5818 0.0757 -3.44 -5.975 0.072 0.06 1.079 5018.0 3.4571 16.667208 2.92164 18.337795 15.416155 "" "" 1464.23181 1976.69946 4055.68029 3.7753 631.39 9.9937 5403.8 15.402 "" "" 0.0029348349166766602 0.017410165 0.0048846877 0.022294853 282.37963465103 -4.69855277419 1714.00574 -3.44 -5.975
282.6071415901 -4.7336609636 0.0672 0.0837 24.5067 "" "" 4255199064273281152 1486.65881 0.7012 0.1155 1.182 0.117 0.09 0.069 0.965 8860.2 4.1157 16.668646 2.169224 17.779976 15.610752 "" "" 1280.99255 1670.32031 4050.3142 3.7238 1055.4 12.128 4517.1 12.871 "" "" 0.0029305652353591835 0.012784784 0.004884122 0.017668907 282.6071415901 -4.7336609636 1486.65881 1.1819999999999997 0.117
282.21722517626 -4.1161930148 0.0588 0.0585 19.5778 "" "" 4255290289383769856 2179.42896 0.4561 0.0748 1.583 -1.589 0.071 0.059 1.039 "" "" 16.668718 2.297918 17.79814 15.500221 "" "" 1875.37158 2645.39844 4050.03862 4.0199 1037.9 17.289 5001.1 188.25 "" "" 0.0029585694202504957 0.018299796 0.041043352 0.059343148 282.21722517626 -4.1161930148 2179.42896 1.5829999999999995 -1.5890000000000002
282.18768752048 -4.34914723121 0.0746 0.0709 10.6353 "" "" 4255273865428440320 1910.77527 0.5544 0.0809 -1.946 -3.073 0.097 0.08 1.184 5265.6 4.3575 16.670963 1.732663 17.428728 15.696065 "" "" 1646.09692 2309.29883 4041.67325 6.0037 1458.6 12.468 4175.7 20.475 "" "" 0.0031926371456492153 0.009691135 0.006528875 0.01622001 282.18768752048 -4.34914723121 1910.77527 -1.9460000000000002 -3.0730000000000004
282.52324982342 -4.58953394937 0.0641 0.0594 14.6772 "" "" 4255216106703672704 1825.35645 0.5586 0.0767 -11.501 -14.12 0.083 0.064 0.987 5202.4 4.1624 16.672752 2.414875 17.968466 15.553591 "" "" 1567.27649 2296.49561 4035.01774 5.2711 887.22 8.9368 4761.3 18.531 "" "" 0.0030989474877186913 0.011286728 0.005669231 0.016955959 282.52324982342 -4.58953394937 1825.35645 -11.501 -14.12
282.00606687236 -4.4596953255 0.0611 0.0576 20.9795 "" "" 4255177516384631424 2110.99438 0.4944 0.0703 4.667 0.797 0.074 0.063 1.129 5451.1 4.4416 16.673067 1.580813 17.402916 15.822103 "" "" 1842.82837 2498.95679 4033.85095 2.9702 1493.7 13.175 3718.1 14.278 "" "" 0.0028689556092417897 0.009974789 0.005627378 0.015602167 282.00606687236 -4.4596953255 2110.99438 4.667 0.797
282.12747682177 -4.56260917671 0.0655 0.0602 16.2406 "" "" 4255172091909434368 1806.39856 0.5443 0.0733 0.819 -6.016 0.074 0.061 0.953 5012.9 4.2859 16.675516 1.932212 17.621964 15.689752 "" "" 1612.29089 2145.42383 4024.76276 3.8953 1220.8 11.038 4200.1 14.961 "" "" 0.0029488972138002226 0.010205622 0.005407489 0.015613111 282.12747682177 -4.56260917671 1806.39856 0.8189999999999998 -6.016
282.38764132167 -4.20179119699 0.0625 0.0591 12.8229 "" "" 4255282008687333376 1513.88831 0.6547 0.0711 1.154 0.368 0.078 0.068 1.186 "" "" 16.676449 1.866942 17.54943 15.682489 "" "" 1364.57434 1685.302 4021.30558 3.1599 1305.1 15.292 4228.3 29.335 "" "" 0.002884384096704628 0.013024071 0.008427557 0.021451628 282.38764132167 -4.20179119699 1513.88831 1.1540000000000001 0.368
282.6842383032 -4.16262805621 0.0508 0.0508 24.8323 "" "" 4255256719917744128 2188.27734 0.4555 0.0594 -0.94 -3.151 0.065 0.06 1.004 7980.8 3.8909 16.677204 2.414354 17.958437 15.544083 "" "" 1940.32007 2568.30957 4018.50716 3.9216 895.45 8.8728 4803.1 17.421 "" "" 0.0029520235173257927 0.011114228 0.0054581654 0.016572393 282.6842383032 -4.16262805621 2188.27734 -0.9399999999999998 -3.151
282.15868465697 -4.13773671998 0.0636 0.0555 20.2085 "" "" 4255292690226831744 1727.60559 0.5781 0.0681 0.297 -1.636 0.079 0.061 0.983 4988.4 4.294 16.677275 1.789437 17.44117 15.651732 "" "" 1566.71765 1977.12024 4018.2496 3.4565 1441.9 11.354 4349.8 69.638 "" "" 0.002909304623555834 0.008993226 0.017788194 0.026781421 282.15868465697 -4.13773671998 1727.60559 0.29700000000000004 -1.636
281.97872618789 -4.46251877709 0.0528 0.054 22.623 "" "" 4255177555108646656 1757.37122 0.5632 0.0654 1.826 -1.82 0.064 0.055 1.016 6010.7 4.4288 16.677748 1.654015 17.459743 15.805729 "" "" 1590.50879 1995.97119 4016.50145 2.8215 1417.5 9.727 3774.6 15.004 "" "" 0.00285893474462762 0.007955731 0.005736704 0.013692435 281.97872618789 -4.46251877709 1757.37122 1.8259999999999998 -1.8199999999999998
282.05837101605 -4.23258886985 0.0658 0.0593 20.7102 "" "" 4255290461182509824 1753.04639 0.5779 0.0744 0.837 -4.133 0.082 0.063 1.125 4793.1 4.2773 16.68105 1.772987 17.525286 15.752298 "" "" 1572.20129 1990.80176 4004.3037 3.4799 1334.5 9.6126 3965.0 25.999 "" "" 0.002912399764591028 0.008303534 0.00806029 0.016363824 282.05837101605 -4.23258886985 1753.04639 0.837 -4.133000000000001
281.9949334584 -4.34987287411 0.0567 0.0532 21.7871 "" "" 4255192535954888576 1858.06177 0.5312 0.0631 -0.337 -6.499 0.067 0.057 0.97 4806.2 4.3555 16.681282 1.684819 17.449568 15.764749 "" "" 1646.90198 2095.10303 4003.44685 3.3429 1430.8 13.888 3919.8 20.806 "" "" 0.002900638739372501 0.010901754 0.0068917307 0.017793484 281.9949334584 -4.34987287411 1858.06177 -0.33699999999999997 -6.499
