Clusters/UBC_354/UBC_354_stars_in_region.tsv
# %ECSV 1.0
# ---
# datatype:
# - name: RA_ICRS_1
#   unit: deg
#   datatype: float64
#   format: '{:15.11f}'
#   description: Right ascension (ICRS) at Ep=2016.0 (ra)
#   meta: !!omap
#   - {ucd: POS_EQ_RA_MAIN}
#   - {width: 15}
#   - {precision: '11'}
# - name: DE_ICRS_1
#   unit: deg
#   datatype: float64
#   format: '{:15.11f}'
#   description: Declination (ICRS) at Ep=2016.0 (dec)
#   meta: !!omap
#   - {ucd: POS_EQ_DEC_MAIN}
#   - {width: 15}
#   - {precision: '11'}
# - name: e_RA_ICRS
#   unit: mas
#   datatype: float64
#   format: '{:7.4f}'
#   description: Standard error of right ascension (ra_error)
#   meta: !!omap
#   - {ucd: ERROR}
#   - {width: 7}
#   - {precision: '4'}
# - name: e_DE_ICRS
#   unit: mas
#   datatype: float64
#   format: '{:7.4f}'
#   description: Standard error of declination (dec_error)
#   meta: !!omap
#   - {ucd: ERROR}
#   - {width: 7}
#   - {precision: '4'}
# - name: _r_1
#   unit: ''
#   datatype: float64
#   format: '{:7.4f}'
#   description: Distance from center (282.35360646000-04.41279406000)[ICRS], at Epoch=J2016.0
#   meta: !!omap
#   - {ucd: POS_ANG_DIST_GENERAL}
#   - {width: 7}
#   - {precision: '4'}
# - name: HIP
#   datatype: int32
#   description: '? HIP cross-id number, van Leeuwen, Cat. I/311 (hip_original_ext_source_id)'
#   meta: !!omap
#   - {ucd: ID_NUMBER}
#   - {width: 6}
#   - values: {'null': -2147483648}
# - name: TYC2
#   datatype: string
#   description: Tycho-2 cross-id name, Hog et al., Cat. I/259 (tyc2_original_ext_source_id)
#   meta: !!omap
#   - {ucd: ID_CROSSID}
#   - {_votable_string_dtype: char}
# - name: Source
#   datatype: int64
#   description: Source identifier, identical to the Gaia-EDR3 source_id (id)
#   meta: !!omap
#   - {ucd: ID_MAIN}
#   - {width: 19}
# - name: rgeo
#   unit: pc
#   datatype: float64
#   format: '{:15.8f}'
#   description: '? Median of the geometric distance posterior (r_med_geo)'
#   meta: !!omap
#   - {ucd: PHYS_DISTANCE_TRUE}
#   - {width: 15}
#   - {precision: '8'}
#   - values: {'null': .nan}
# - name: Plx
#   unit: mas
#   datatype: float64
#   format: '{:9.4f}'
#   description: '? Parallax (parallax)'
#   meta: !!omap
#   - {ucd: POS_PARLX_TRIG}
#   - {width: 9}
#   - {precision: '4'}
#   - values: {'null': .nan}
# - name: e_Plx
#   unit: mas
#   datatype: float32
#   format: '{:7.4f}'
#   description: '? Standard error of parallax (parallax_error)'
#   meta: !!omap
#   - {ucd: ERROR}
#   - {width: 7}
#   - {precision: '4'}
#   - values: {'null': .nan}
# - name: pmRA
#   unit: mas / yr
#   datatype: float64
#   format: '{:9.3f}'
#   description: '? Proper motion in right ascension direction, pmRA*cosDE (pmra)'
#   meta: !!omap
#   - {ucd: POS_EQ_PMRA}
#   - {width: 9}
#   - {precision: '3'}
#   - values: {'null': .nan}
# - name: pmDE
#   unit: mas / yr
#   datatype: float64
#   format: '{:9.3f}'
#   description: '? Proper motion in declination direction (pmdec)'
#   meta: !!omap
#   - {ucd: POS_EQ_PMDEC}
#   - {width: 9}
#   - {precision: '3'}
#   - values: {'null': .nan}
# - name: e_pmRA
#   unit: mas / yr
#   datatype: float32
#   format: '{:6.3f}'
#   description: '? Standard error of proper motion in right ascension direction (pmra_error)'
#   meta: !!omap
#   - {ucd: ERROR}
#   - {width: 6}
#   - {precision: '3'}
#   - values: {'null': .nan}
# - name: e_pmDE
[...]
#         unit: &id001 !astropy.units.Unit {unit: deg}
#         value: !astropy.table.SerializedColumn {name: SkyCoord.dec}
#       distance: !astropy.table.SerializedColumn
#         __class__: astropy.coordinates.distances.Distance
#         unit: !astropy.units.Unit {unit: pc}
#         value: !astropy.table.SerializedColumn {name: SkyCoord.distance}
#       frame: icrs
#       obstime: !astropy.time.Time {format: jyear_str, in_subfmt: '*', jd1: 367701545.0, jd2: 0.0, out_subfmt: '*', precision: 3, scale: tt}
#       pm_dec: !astropy.table.SerializedColumn
#         __class__: astropy.units.quantity.Quantity
#         unit: !astropy.units.Unit {unit: mas / yr}
#         value: !astropy.table.SerializedColumn {name: SkyCoord.pm_dec}
#       pm_ra_cosdec: !astropy.table.SerializedColumn
#         __class__: astropy.units.quantity.Quantity
#         unit: !astropy.units.Unit {unit: mas / yr}
#         value: !astropy.table.SerializedColumn {name: SkyCoord.pm_ra_cosdec}
#       ra: !astropy.table.SerializedColumn
#         __class__: astropy.coordinates.angles.Longitude
#         unit: *id001
#         value: !astropy.table.SerializedColumn {name: SkyCoord.ra}
#         wrap_angle: !astropy.coordinates.Angle
#           unit: *id001
#           value: 360.0
#       representation_type: spherical
# schema: astropy-2.0
RA_ICRS_1 DE_ICRS_1 e_RA_ICRS e_DE_ICRS _r_1 HIP TYC2 Source rgeo Plx e_Plx pmRA pmDE e_pmRA e_pmDE RUWE Teff logg Gmag BP-RP BPmag RPmag RV e_RV b_rgeo B_rgeo FG e_FG FBP e_FBP FRP e_FRP RAVE5 RAVE6 e_Gmag e_BPmag e_RPmag e_BP-RP SkyCoord.ra SkyCoord.dec SkyCoord.distance SkyCoord.pm_ra_cosdec SkyCoord.pm_dec
[from data line 121]
282.10909207607 -4.40741918665 0.037 0.0331 14.631 "" "" 4255179444894051456 1761.05652 0.5438 0.0395 0.003 -6.557 0.04 0.03 2.029 "" "" 13.50977 2.295917 14.712013 12.416097 15.37 1.26 1622.69971 1900.17883 74308.52574 44.378 17808.0 34.845 85648.0 61.743 "" "" 0.002830588632412279 0.0035069077 0.0038595782 0.007366486 282.10909207607 -4.40741918665 1761.05652 0.0030000000000000165 -6.5569999999999995
282.37109835118 -4.70546799246 0.04 0.0395 17.5916 "" "" 4255119521504321536 1792.35266 0.5078 0.0509 0.182 -2.537 0.049 0.041 0.956 4016.2 1.3117 13.515008 4.591125 16.62607 12.034945 -16.5 0.48 1667.52478 1943.87781 73950.89661 64.221 3054.8 22.569 121670.0 255.34 "" "" 0.002912184461432928 0.008492879 0.00441311 0.012905989 282.37109835118 -4.70546799246 1792.35266 0.182 -2.5370000000000004
282.05562483201 -4.20862740353 0.0151 0.0137 21.6313 "" "" 4255290559922570624 2055.83276 0.4511 0.0169 -0.471 -2.952 0.019 0.016 0.998 4765.9 2.5161 13.519197 2.131191 14.619047 12.487856 14.94 1.66 1976.51062 2133.62158 73666.08818 20.845 19400.0 43.361 80171.0 83.489 "" "" 0.0027723956224694644 0.0036978477 0.0039448882 0.0076427357 282.05562483201 -4.20862740353 2055.83276 -0.471 -2.9519999999999995
282.24316020653 -4.24529791037 0.0311 0.0278 12.0275 "" "" 4255276408049183232 1776.71021 0.532 0.0359 -0.22 -1.046 0.037 0.033 1.98 "" "" 13.526646 1.96087 14.507332 12.546462 -13.64 6.31 1641.47363 1907.62256 73162.50706 29.614 21502.0 39.274 75958.0 55.012 "" "" 0.0027901481093807407 0.0034231332 0.0038603176 0.007283451 282.24316020653 -4.24529791037 1776.71021 -0.22000000000000003 -1.046
282.39992425427 -4.50082183432 0.0167 0.016 5.9643 "" "" 4255220401671154304 1523.34143 0.6134 0.0206 1.151 0.058 0.022 0.017 0.909 "" "" 13.536009 1.268315 14.083141 12.814826 "" "" 1476.11646 1576.62756 72534.23297 13.264 31780.0 32.809 59324.0 55.59 "" "" 0.0027624642885959775 0.0030068995 0.003913927 0.0069208266 282.39992425427 -4.50082183432 1523.34143 1.151 0.058
282.33830699435 -4.5655313793 0.0167 0.0163 9.2098 "" "" 4255126049855006592 1482.2865 0.627 0.0207 0.892 0.17 0.02 0.016 1.112 "" "" 13.536115 1.503041 14.2177 12.714659 -4.25 4.89 1442.92969 1527.11401 72527.20761 14.491 28076.0 30.557 65057.0 36.94 "" "" 0.002763846682509114 0.003030085 0.0038293325 0.0068594175 282.33830699435 -4.5655313793 1482.2865 0.892 0.17
282.00044280231 -4.36395798355 0.0154 0.0154 21.3299 "" "" 4255192462871288192 1523.34839 0.6213 0.0187 1.236 0.173 0.017 0.015 0.983 "" "" 13.539552 1.053386 13.972656 12.91927 "" "" 1486.67932 1562.81567 72297.98604 14.852 35185.0 40.095 53883.0 32.579 "" "" 0.0027643328866393973 0.0030521848 0.0038359708 0.006888156 282.00044280231 -4.36395798355 1523.34839 1.2360000000000002 0.173
282.35940858569 -4.55764417726 0.0163 0.0157 8.6979 "" "" 4255126148575071744 1572.38464 0.5906 0.0198 1.081 0.123 0.019 0.015 0.959 "" "" 13.545609 1.547072 14.254829 12.707757 43.99 14.8 1520.43567 1620.61377 71895.74835 13.819 27132.0 31.405 65472.0 31.725 "" "" 0.0027632119232296527 0.003060133 0.0038158237 0.0068759564 282.35940858569 -4.55764417726 1572.38464 1.0810000000000002 0.12299999999999998
282.05582497759 -4.24379600816 0.0172 0.0148 20.4994 "" "" 4255287398826403328 1893.51819 0.4848 0.018 1.408 -2.996 0.022 0.017 0.945 5784.1 2.7119 13.549388 2.040673 14.58811 12.547437 22.37 2.64 1827.94617 1963.73584 71645.9186 15.944 19961.0 20.424 75890.0 28.652 "" "" 0.002765893868952214 0.0030031968 0.0038015468 0.006804744 282.05582497759 -4.24379600816 1893.51819 1.4079999999999995 -2.996
281.99987746166 -4.38574528052 0.0147 0.0144 21.2234 "" "" 4255190165132819200 1635.33398 0.5699 0.0172 0.586 -1.781 0.017 0.015 0.913 4913.4 2.7457 13.577332 2.135514 14.67907 12.543556 -15.49 2.41 1588.63953 1688.20312 69825.48188 21.365 18356.0 21.465 76162.0 69.888 "" "" 0.002775275331674568 0.003065454 0.003908495 0.0069739493 281.99987746166 -4.38574528052 1635.33398 0.586 -1.7809999999999995
282.23085798195 -4.34909772594 0.0186 0.0177 8.2784 "" "" 4255273178233600896 1698.61975 0.5538 0.0215 -0.27 -2.769 0.023 0.021 0.903 9734.0 4.0523 13.582733 1.058124 14.021395 12.96327 "" "" 1636.83118 1768.026 69478.96032 17.295 33640.0 33.468 51743.0 28.216 "" "" 0.002768543509900032 0.0029919636 0.003825476 0.0068174396 282.23085798195 -4.34909772594 1698.61975 -0.2700000000000001 -2.769
282.02185266015 -4.58394193441 0.0144 0.0146 22.3435 "" "" 4255167006668398464 1921.09424 0.479 0.0171 1.266 -1.279 0.017 0.016 0.941 8604.9 3.4749 13.588645 1.407729 14.216786 12.809057 "" "" 1867.31824 1977.18445 69101.68497 17.782 28100.0 32.022 59640.0 40.014 "" "" 0.002769449426049959 0.0030521958 0.0038489432 0.006901139 282.02185266015 -4.58394193441 1921.09424 1.2659999999999998 -1.279
282.28440924808 -4.66423958533 0.0162 0.0155 15.6441 "" "" 4255120827174631552 1668.28137 0.5575 0.0192 0.572 1.703 0.019 0.016 1.184 5000.1 2.7475 13.610579 2.32706 14.835545 12.508485 -7.64 1.37 1627.59229 1715.24963 67719.77135 25.669 15893.0 28.341 78662.0 225.48 "" "" 0.002785885684211229 0.0033961202 0.0048958664 0.008291987 282.28440924808 -4.66423958533 1668.28137 0.572 1.7029999999999998
282.18449805694 -4.29285875364 0.017 0.0166 12.4154 "" "" 4255274724422011008 1942.64941 0.4681 0.0215 -2.922 -0.006 0.021 0.019 0.911 5160.4 2.7579 13.616944 2.200586 14.767161 12.566575 92.59 2.35 1856.57678 2007.90454 67323.85616 29.99 16926.0 44.57 74564.0 75.281 "" "" 0.002797446575508718 0.0039948556 0.0039351406 0.007929996 282.18449805694 -4.29285875364 1942.64941 -2.9220000000000006 -0.0059999999999999975
282.26264206957 -4.62224761245 0.015 0.014 13.6945 "" "" 4255124160069420928 1543.89917 0.6076 0.0177 1.068 -0.091 0.018 0.015 0.97 "" "" 13.618526 1.503746 14.302699 12.798953 "" "" 1505.8075 1585.75439 67225.88501 17.06 25962.0 31.027 60197.0 37.362 "" "" 0.002769062195388469 0.003077125 0.0038389887 0.0069161137 282.26264206957 -4.62224761245 1543.89917 1.0679999999999998 -0.09100000000000001
282.36374565197 -4.46957657023 0.017 0.0182 3.4605 "" "" 4255221295024447360 1616.40881 0.5754 0.0237 0.948 0.205 0.021 0.017 0.967 "" "" 13.620059 1.333179 14.200468 12.86729 "" "" 1551.76196 1682.19775 67130.98117 76.664 28525.0 105.15 56525.0 251.84 "" "" 0.003021454083377857 0.0048788656 0.0061387117 0.011017578 282.36374565197 -4.46957657023 1616.40881 0.948 0.205
282.46325268777 -4.37926107528 0.016 0.0145 6.8611 "" "" 4255224078163259776 1517.02722 0.6197 0.0176 1.118 0.11 0.019 0.016 0.978 "" "" 13.628122 1.857734 14.530699 12.672965 37.39 4.33 1474.83081 1560.03174 66634.32234 26.273 21044.0 37.769 67604.0 49.854 "" "" 0.002788377883872645 0.0034032697 0.0038632622 0.0072665317 282.46325268777 -4.37926107528 1517.02722 1.1179999999999999 0.10999999999999999
282.31852205081 -4.22170913419 0.0173 0.0162 11.6557 "" "" 4255276786006223616 1944.177 0.4769 0.0191 1.623 -1.491 0.022 0.02 1.2 8588.7 3.4737 13.633806 1.585313 14.367321 12.782008 0.86 4.47 1867.21631 2025.45935 66286.35438 19.313 24462.0 25.231 61144.0 45.474 "" "" 0.0027734199941334306 0.0030065184 0.0038646806 0.0068711992 282.31852205081 -4.22170913419 1944.177 1.6229999999999998 -1.491
282.07813102989 -4.26407106591 0.0171 0.0159 18.7418 "" "" 4255287128287790592 1512.74292 0.6227 0.0194 1.126 0.08 0.022 0.017 0.934 8772.4 3.6445 13.639753 1.087086 14.093084 13.005999 "" "" 1469.17969 1553.96143 65924.3074 15.689 31491.0 37.6 49746.0 32.271 "" "" 0.0027674093068784373 0.003076621 0.0038444523 0.0069210734 282.07813102989 -4.26407106591 1512.74292 1.126 0.08
282.2247679214 -4.09649312109 0.0155 0.0153 20.484 "" "" 4255299115498149248 1975.75256 0.4651 0.0184 -1.83 -2.445 0.018 0.018 1.018 4883.8 2.6719 13.640652 2.277111 14.842643 12.565532 14.01 1.84 1897.39795 2082.41553 65869.74797 20.985 15789.0 20.241 74636.0 37.149 "" "" 0.0027769469583690423 0.0031180726 0.0038178226 0.0069358954 282.2247679214 -4.09649312109 1975.75256 -1.8299999999999998 -2.4449999999999994
282.24171440295 -4.58500153906 0.0154 0.0166 12.3107 "" "" 4255125083422947712 1837.32251 0.5001 0.021 -4.37 -5.865 0.018 0.017 0.95 5212.7 2.2742 13.644111 2.254201 14.83154 12.577339 9.95 1.4 1775.34534 1904.6886 65660.22433 18.969 15951.0 14.28 73828.0 59.625 "" "" 0.0027731165284312995 0.0029546276 0.00387977 0.0068343976 282.24171440295 -4.58500153906 1837.32251 -4.37 -5.864999999999999
282.29639487417 -4.63671469012 0.0151 0.0148 13.8642 "" "" 4255123919551127936 1593.83301 0.588 0.0189 1.067 -0.017 0.017 0.015 1.017 "" "" 13.650961 1.533009 14.350907 12.817898 71.85 6.97 1540.58752 1652.45276 65247.27262 12.437 24834.0 36.631 59156.0 25.592 "" "" 0.002763081631508161 0.0032171174 0.0038084583 0.0070255757 282.29639487417 -4.63671469012 1593.83301 1.067 -0.017000000000000005
282.28530250376 -4.52865034535 0.0167 0.0184 8.0632 "" "" 4255127321165541504 1535.1394 0.6138 0.0232 1.05 0.35 0.019 0.016 0.777 "" "" 13.654564 1.311451 14.227598 12.916147 "" "" 1479.16504 1586.21985 65031.11166 13.065 27821.0 27.142 54038.0 24.745 "" "" 0.0027639409312989367 0.0029844653 0.0038119436 0.006796409 282.28530250376 -4.52865034535 1535.1394 1.05 0.35
282.62859733319 -4.26919302403 0.0175 0.0157 18.5717 "" "" 4255232187062301952 1527.90149 0.5987 0.0187 0.61 -2.761 0.023 0.019 0.996 "" "" 13.659452 3.27301 15.635117 12.362106 -64.19 0.4 1489.31787 1572.396 64738.95482 34.284 7609.7 16.391 90015.0 53.997 "" "" 0.0028146735818692743 0.0036406396 0.00383509 0.0074757296 282.62859733319 -4.26919302403 1527.90149 0.61 -2.7609999999999997
282.34420030465 -4.42215643222 0.0177 0.0175 0.7951 "" "" 4255268951985452032 2017.5979 0.461 0.0238 -0.579 -2.833 0.022 0.017 0.99 "" "" 13.66153 1.133001 14.133749 13.000748 "" "" 1916.5791 2104.28809 64615.21029 15.699 30333.0 51.195 49987.0 62.241 "" "" 0.0027679189999751863 0.0033381116 0.004013895 0.0073520066 282.34420030465 -4.42215643222 2017.5979 -0.5789999999999998 -2.8329999999999997
282.29766841261 -4.53018718273 0.0173 0.0187 7.798 "" "" 4255127145007791360 1533.16516 0.6125 0.0231 0.982 -0.035 0.02 0.017 0.934 "" "" 13.668376 1.292314 14.229609 12.937295 "" "" 1468.75757 1594.00427 64209.07789 14.764 27770.0 31.367 52996.0 28.44 "" "" 0.0027666070589065735 0.003047791 0.003824031 0.0068718223 282.29766841261 -4.53018718273 1533.16516 0.9819999999999999 -0.034999999999999996
282.46704324881 -4.51478492069 0.0162 0.0159 9.1374 "" "" 4255217515453061504 2099.68652 0.4371 0.0207 0.875 -2.515 0.02 0.016 1.049 "" "" 13.672811 2.182733 14.806492 12.623758 34.23 2.75 2006.91113 2206.70947 63947.31417 21.9 16324.0 37.844 70738.0 40.475 "" "" 0.0027802963920986004 0.0037577485 0.0038300997 0.007587848 282.46704324881 -4.51478492069 2099.68652 0.875 -2.5149999999999992
282.21432867436 -4.41829560106 0.0184 0.0194 8.3384 "" "" 4255175935844843904 1499.48438 0.6277 0.0215 1.187 0.079 0.021 0.019 1.08 "" "" 13.679262 1.150708 14.141805 12.991096 "" "" 1453.22827 1547.64392 63568.46577 14.592 30109.0 68.228 50434.0 128.79 "" "" 0.002766569023848674 0.0037199724 0.0046873116 0.008407284 282.21432867436 -4.41829560106 1499.48438 1.187 0.07900000000000001
282.17357846799 -4.19837744909 0.0169 0.0167 16.7788 "" "" 4255289322972048768 1776.00598 0.5246 0.0215 -1.074 -2.645 0.021 0.018 0.869 "" "" 13.683723 1.109717 14.150332 13.040614 "" "" 1706.65039 1858.34119 63307.83776 14.469 29873.0 30.346 48185.0 26.908 "" "" 0.002766471632179225 0.0030002496 0.0038277067 0.006827956 282.17357846799 -4.19837744909 1776.00598 -1.074 -2.6450000000000005
282.10928585881 -4.43104675142 0.0174 0.0166 14.6566 "" "" 4255178551540770816 1616.72742 0.5742 0.02 -0.634 1.179 0.02 0.017 0.902 7009.4 3.4479 13.691996 1.49854 14.374811 12.876271 -18.05 4.67 1562.9519 1685.87366 62827.30996 68.575 24294.0 140.79 56060.0 144.03 "" "" 0.0029993607585594266 0.0068830103 0.0046973354 0.011580346 282.10928585881 -4.43104675142 1616.72742 -0.6339999999999999 1.179
282.10226846706 -4.18748457211 0.0175 0.0162 20.221 "" "" 4255291010938339456 1912.95239 0.4768 0.0206 0.204 0.271 0.021 0.018 1.042 5163.2 2.8177 13.694402 2.261334 14.887253 12.625919 11.13 2.25 1843.53833 2001.0813 62688.23926 18.3 15154.0 30.245 70598.0 24.243 "" "" 0.0027734898654859018 0.0035328118 0.0037977274 0.007330539 282.10226846706 -4.18748457211 1912.95239 0.204 0.27099999999999996
282.3784856014 -4.10103263539 0.0235 0.0203 18.7648 "" "" 4255295443345145728 1952.82458 0.4682 0.0248 -0.216 -0.659 0.029 0.024 1.568 5948.4 2.5483 13.709535 2.510825 15.04814 12.537314 14.88 1.01 1847.8457 2046.46228 61820.5471 36.95 13067.0 35.858 76601.0 103.28 "" "" 0.002830709300531513 0.004081924 0.004052984 0.008134908 282.3784856014 -4.10103263539 1952.82458 -0.21599999999999997 -0.6590000000000001
282.39149442352 -4.49237577238 0.0173 0.017 5.2855 "" "" 4255220466052166656 1716.02209 0.5403 0.0217 -1.139 -1.113 0.023 0.017 1.07 5937.7 2.8973 13.715561 2.345621 14.967921 12.6223 -2.49 2.15 1641.08496 1775.71973 61478.3499 19.701 14069.0 16.142 70833.0 51.245 "" "" 0.0027772007238184467 0.0030556263 0.003860145 0.0069157714 282.39149442352 -4.49237577238 1716.02209 -1.139 -1.113
282.15541120526 -4.35648176204 0.0185 0.0168 12.3289 "" "" 4255180063369378560 1791.3396 0.5192 0.0203 1.915 -0.309 0.022 0.019 0.955 4862.1 2.8465 13.716873 2.22177 14.878778 12.657008 -26.99 2.04 1718.974 1861.13672 61404.1251 14.966 15272.0 30.531 68605.0 60.563 "" "" 0.002767998611060734 0.0035350143 0.003899023 0.0074340375 282.15541120526 -4.35648176204 1791.3396 1.915 -0.30899999999999994
282.33940267204 -4.26397562304 0.0156 0.0143 8.9695 "" "" 4255275789573697152 2058.27539 0.4494 0.0177 -0.938 -2.063 0.019 0.018 0.97 9250.9 3.6639 13.722292 1.213556 14.241199 13.027642 "" "" 1998.49622 2148.35547 61098.4179 12.788 27475.0 61.8 48764.0 43.374 "" "" 0.002764675445199988 0.0037079942 0.0039008148 0.007608809 282.33940267204 -4.26397562304 2058.27539 -0.9379999999999997 -2.063
282.38680218496 -4.51726466327 0.0182 0.0173 6.5752 "" "" 4255220264232193280 1724.28149 0.5364 0.0224 2.027 -0.166 0.024 0.018 0.995 4779.4 2.6554 13.725508 2.286399 14.928225 12.641826 -31.93 2.07 1672.34399 1782.41064 60917.73485 19.114 14592.0 68.45 69571.0 80.076 "" "" 0.0027763005108116727 0.005807305 0.003980631 0.009787936 282.38680218496 -4.51726466327 1724.28149 2.027 -0.16599999999999998
282.08773967812 -4.1991166709 0.0177 0.0164 20.4304 "" "" 4255290907859803264 2004.10913 0.4591 0.0202 2.315 -0.034 0.022 0.018 0.982 4883.0 2.7295 13.730486 2.189374 14.872823 12.683449 19.73 2.41 1920.97424 2096.90356 60639.06623 20.604 15356.0 20.489 66954.0 40.084 "" "" 0.0027799075202320743 0.0031438302 0.0038348713 0.006978702 282.08773967812 -4.1991166709 2004.10913 2.315 -0.034
282.23355283566 -4.51014912395 0.0211 0.0202 9.2571 "" "" 4255174016054648832 1475.8573 0.6372 0.0244 1.078 0.092 0.025 0.02 0.864 "" "" 13.731692 1.305079 14.301868 12.996789 "" "" 1415.21973 1541.9259 60571.73034 17.427 25982.0 42.194 50170.0 28.155 "" "" 0.0027729709422815276 0.003300596 0.0038281824 0.0071287784 282.23355283566 -4.51014912395 1475.8573 1.078 0.09199999999999998
282.22088057232 -4.41461048069 0.0185 0.0172 7.9407 "" "" 4255175940200357504 2048.73242 0.4396 0.0202 2.436 3.648 0.021 0.019 1.01 4994.7 2.6634 13.732655 2.420548 15.04306 12.622512 -96.73 1.81 1956.8175 2144.20386 60518.03937 20.307 13128.0 22.025 70820.0 37.59 "" "" 0.002779302033546057 0.0033321315 0.0038230664 0.0071551977 282.22088057232 -4.41461048069 2048.73242 2.436 3.6480000000000006
282.38682286005 -4.27553663344 0.0164 0.0156 8.4718 "" "" 4255272658498441344 1621.59912 0.5661 0.0195 -0.32 -3.982 0.019 0.016 0.948 "" "" 13.734348 2.441938 15.057385 12.615447 2.87 1.49 1574.20361 1675.91492 60423.72542 21.959 12956.0 16.91 71282.0 73.805 "" "" 0.002783429304364147 0.003129407 0.003943029 0.0070724357 282.38682286005 -4.27553663344 1621.59912 -0.32 -3.9820000000000007
