Clusters/UBC_354/UBC_354_stars_in_region.tsv
# %ECSV 1.0
# ---
# datatype:
# - name: RA_ICRS_1
#   unit: deg
#   datatype: float64
#   format: '{:15.11f}'
#   description: Right ascension (ICRS) at Ep=2016.0 (ra)
#   meta: !!omap
#   - {ucd: POS_EQ_RA_MAIN}
#   - {width: 15}
#   - {precision: '11'}
# - name: DE_ICRS_1
#   unit: deg
#   datatype: float64
#   format: '{:15.11f}'
#   description: Declination (ICRS) at Ep=2016.0 (dec)
#   meta: !!omap
#   - {ucd: POS_EQ_DEC_MAIN}
#   - {width: 15}
#   - {precision: '11'}
# - name: e_RA_ICRS
#   unit: mas
#   datatype: float64
#   format: '{:7.4f}'
#   description: Standard error of right ascension (ra_error)
#   meta: !!omap
#   - {ucd: ERROR}
#   - {width: 7}
#   - {precision: '4'}
# - name: e_DE_ICRS
#   unit: mas
#   datatype: float64
#   format: '{:7.4f}'
#   description: Standard error of declination (dec_error)
#   meta: !!omap
#   - {ucd: ERROR}
#   - {width: 7}
#   - {precision: '4'}
# - name: _r_1
#   unit: ''
#   datatype: float64
#   format: '{:7.4f}'
#   description: Distance from center (282.35360646000-04.41279406000)[ICRS], at Epoch=J2016.0
#   meta: !!omap
#   - {ucd: POS_ANG_DIST_GENERAL}
#   - {width: 7}
#   - {precision: '4'}
# - name: HIP
#   datatype: int32
#   description: '? HIP cross-id number, van Leeuwen, Cat. I/311 (hip_original_ext_source_id)'
#   meta: !!omap
#   - {ucd: ID_NUMBER}
#   - {width: 6}
#   - values: {'null': -2147483648}
# - name: TYC2
#   datatype: string
#   description: Tycho-2 cross-id name, Hog et al., Cat. I/259 (tyc2_original_ext_source_id)
#   meta: !!omap
#   - {ucd: ID_CROSSID}
#   - {_votable_string_dtype: char}
# - name: Source
#   datatype: int64
#   description: Source identifier, identical to the Gaia-EDR3 source_id (id)
#   meta: !!omap
#   - {ucd: ID_MAIN}
#   - {width: 19}
# - name: rgeo
#   unit: pc
#   datatype: float64
#   format: '{:15.8f}'
#   description: '? Median of the geometric distance posterior (r_med_geo)'
#   meta: !!omap
#   - {ucd: PHYS_DISTANCE_TRUE}
#   - {width: 15}
#   - {precision: '8'}
#   - values: {'null': .nan}
# - name: Plx
#   unit: mas
#   datatype: float64
#   format: '{:9.4f}'
#   description: '? Parallax (parallax)'
#   meta: !!omap
#   - {ucd: POS_PARLX_TRIG}
#   - {width: 9}
#   - {precision: '4'}
#   - values: {'null': .nan}
# - name: e_Plx
#   unit: mas
#   datatype: float32
#   format: '{:7.4f}'
#   description: '? Standard error of parallax (parallax_error)'
#   meta: !!omap
#   - {ucd: ERROR}
#   - {width: 7}
#   - {precision: '4'}
#   - values: {'null': .nan}
# - name: pmRA
#   unit: mas / yr
#   datatype: float64
#   format: '{:9.3f}'
#   description: '? Proper motion in right ascension direction, pmRA*cosDE (pmra)'
#   meta: !!omap
#   - {ucd: POS_EQ_PMRA}
#   - {width: 9}
#   - {precision: '3'}
#   - values: {'null': .nan}
# - name: pmDE
#   unit: mas / yr
#   datatype: float64
#   format: '{:9.3f}'
#   description: '? Proper motion in declination direction (pmdec)'
#   meta: !!omap
#   - {ucd: POS_EQ_PMDEC}
#   - {width: 9}
#   - {precision: '3'}
#   - values: {'null': .nan}
# - name: e_pmRA
#   unit: mas / yr
#   datatype: float32
#   format: '{:6.3f}'
#   description: '? Standard error of proper motion in right ascension direction (pmra_error)'
#   meta: !!omap
#   - {ucd: ERROR}
#   - {width: 6}
#   - {precision: '3'}
#   - values: {'null': .nan}
# - name: e_pmDE
[...]
#         unit: &id001 !astropy.units.Unit {unit: deg}
#         value: !astropy.table.SerializedColumn {name: SkyCoord.dec}
#       distance: !astropy.table.SerializedColumn
#         __class__: astropy.coordinates.distances.Distance
#         unit: !astropy.units.Unit {unit: pc}
#         value: !astropy.table.SerializedColumn {name: SkyCoord.distance}
#       frame: icrs
#       obstime: !astropy.time.Time {format: jyear_str, in_subfmt: '*', jd1: 367701545.0, jd2: 0.0, out_subfmt: '*', precision: 3, scale: tt}
#       pm_dec: !astropy.table.SerializedColumn
#         __class__: astropy.units.quantity.Quantity
#         unit: !astropy.units.Unit {unit: mas / yr}
#         value: !astropy.table.SerializedColumn {name: SkyCoord.pm_dec}
#       pm_ra_cosdec: !astropy.table.SerializedColumn
#         __class__: astropy.units.quantity.Quantity
#         unit: !astropy.units.Unit {unit: mas / yr}
#         value: !astropy.table.SerializedColumn {name: SkyCoord.pm_ra_cosdec}
#       ra: !astropy.table.SerializedColumn
#         __class__: astropy.coordinates.angles.Longitude
#         unit: *id001
#         value: !astropy.table.SerializedColumn {name: SkyCoord.ra}
#         wrap_angle: !astropy.coordinates.Angle
#           unit: *id001
#           value: 360.0
#       representation_type: spherical
# schema: astropy-2.0
RA_ICRS_1 DE_ICRS_1 e_RA_ICRS e_DE_ICRS _r_1 HIP TYC2 Source rgeo Plx e_Plx pmRA pmDE e_pmRA e_pmDE RUWE Teff logg Gmag BP-RP BPmag RPmag RV e_RV b_rgeo B_rgeo FG e_FG FBP e_FBP FRP e_FRP RAVE5 RAVE6 e_Gmag e_BPmag e_RPmag e_BP-RP SkyCoord.ra SkyCoord.dec SkyCoord.distance SkyCoord.pm_ra_cosdec SkyCoord.pm_dec
[from data line 1426]
282.47251692799 -4.51540246697 0.0529 0.0561 9.4073 "" "" 4255217511123593728 2149.18726 0.4729 0.0744 -0.388 -2.069 0.064 0.052 0.978 6177.7 4.2125 16.443703 1.765662 17.290804 15.525142 "" "" 1815.0968 2764.50781 4982.71033 3.5076 1656.1 9.3905 4887.7 14.173 "" "" 0.002859363037063486 0.00675916 0.0049189194 0.011678079 282.47251692799 -4.51540246697 2149.18726 -0.38799999999999996 -2.069
282.34398224725 -4.51971999682 0.082 0.0672 6.4413 "" "" 4255127218040455168 1522.89856 0.6565 0.0735 -0.503 -0.754 0.099 0.069 0.981 "" "" 16.448214 "" "" "" "" "" 1384.93823 1700.83923 4962.05224 7.9441 "" "" "" "" "" "" 0.0032577966199236388 "" "" "" 282.34398224725 -4.51971999682 1522.89856 -0.503 -0.754
282.52597650686 -4.17670221389 0.049 0.0463 17.5221 "" "" 4255280840456142592 1810.26843 0.5295 0.0538 -0.662 -4.401 0.061 0.051 1.002 7484.1 4.0674 16.448828 1.856033 17.332327 15.476294 "" "" 1658.90869 1990.20178 4959.24191 3.5134 1594.0 8.9109 5112.6 14.472 "" "" 0.00286067313638845 0.00668017 0.004871259 0.011551429 282.52597650686 -4.17670221389 1810.26843 -0.662 -4.401
282.21249575001 -4.26673440826 0.0553 0.0589 12.1686 "" "" 4255274891881492096 1537.13489 0.6467 0.0781 -1.421 -10.376 0.066 0.063 0.894 4906.6 4.3767 16.45013 1.867353 17.383224 15.515871 "" "" 1356.7876 1827.43872 4953.29776 4.046 1521.0 7.5037 4929.6 11.214 "" "" 0.002894531487649214 0.0060395156 0.00451486 0.010554375 282.21249575001 -4.26673440826 1537.13489 -1.4210000000000003 -10.375999999999998
282.01336881509 -4.42953413346 0.053 0.0539 20.3783 "" "" 4255189748451664768 1859.6051 0.5338 0.0666 -3.17 -3.4 0.061 0.053 1.14 5840.8 4.4055 16.451458 1.650404 17.218098 15.567694 "" "" 1659.15259 2105.59082 4947.25057 3.8868 1770.8 9.5595 4699.8 18.95 "" "" 0.002884338805830982 0.006491475 0.0057834857 0.01227496 282.01336881509 -4.42953413346 1859.6051 -3.17 -3.3999999999999995
282.09300358785 -4.19728727161 0.0593 0.0599 20.256 "" "" 4255290907836249856 1577.82129 0.6153 0.0776 5.011 -11.498 0.077 0.067 1.04 4755.8 4.1531 16.453896 2.128253 17.520496 15.392243 "" "" 1423.36865 1783.22949 4936.15301 4.1831 1340.4 20.086 5524.1 47.409 "" "" 0.002904887136226182 0.016507357 0.010055306 0.026562665 282.09300358785 -4.19728727161 1577.82129 5.011 -11.498000000000001
282.29169130924 -4.25163424225 0.0595 0.0567 10.3548 "" "" 4255276201890659200 1535.58325 0.64 0.0713 2.132 -1.079 0.074 0.067 1.08 5044.7 4.2797 16.455093 1.771004 17.310053 15.539049 "" "" 1384.51953 1695.62512 4930.70573 3.5602 1627.0 11.529 4825.5 13.456 "" "" 0.0028646763344915655 0.008183898 0.0048425267 0.013026426 282.29169130924 -4.25163424225 1535.58325 2.1319999999999997 -1.0789999999999997
282.22784592276 -4.32893791264 0.056 0.0541 9.051 "" "" 4255273624910243712 1706.68799 0.5697 0.0691 1.241 -0.063 0.068 0.061 0.94 5241.7 4.3179 16.455362 1.653278 17.22217 15.568892 "" "" 1555.79321 1899.80359 4929.48968 3.5152 1764.2 9.288 4694.6 40.627 "" "" 0.0028620321498159284 0.0063607134 0.010127561 0.016488275 282.22784592276 -4.32893791264 1706.68799 1.2409999999999999 -0.063
282.02019386504 -4.59392696817 0.0474 0.0464 22.712 "" "" 4255166937948889088 2086.44067 0.4557 0.053 -0.071 2.089 0.059 0.056 1.032 5632.5 4.1761 16.455973 1.949801 17.426027 15.476226 "" "" 1862.98389 2341.8479 4926.71445 3.9303 1462.2 9.8434 5112.9 12.494 "" "" 0.002888252663245519 0.007823534 0.0046176645 0.012441199 282.02019386504 -4.59392696817 2086.44067 -0.07099999999999998 2.0890000000000004
282.42816590951 -4.41738549634 0.054 0.0486 4.4688 "" "" 4255223356608744192 1507.17004 0.6453 0.0639 2.51 -1.771 0.068 0.052 0.993 5466.2 4.2437 16.456099 1.886361 17.386595 15.500234 "" "" 1353.94312 1707.67444 4926.14803 3.5497 1516.3 11.421 5001.1 15.19 "" "" 0.0028642419317118665 0.008640807 0.005015857 0.013656665 282.42816590951 -4.41738549634 1507.17004 2.51 -1.7710000000000001
282.36542100914 -4.34019609903 0.0584 0.0569 4.4128 "" "" 4255271765142169600 1889.13953 0.5436 0.0707 -1.408 -0.971 0.069 0.057 1.081 7421.4 4.3107 16.45928 1.676414 17.2403 15.563885 "" "" 1616.552 2370.03613 4911.73032 3.9416 1735.0 12.615 4716.3 12.409 "" "" 0.0028897983162928897 0.008372848 0.004737539 0.013110387 282.36542100914 -4.34019609903 1889.13953 -1.408 -0.9710000000000001
282.1206253195 -4.39172772646 0.0606 0.0559 13.9948 "" "" 4255179891570670208 1596.99719 0.6247 0.0692 1.278 -0.16 0.069 0.053 1.012 5845.8 4.4554 16.463291 1.705128 17.281506 15.576378 "" "" 1451.99268 1814.27466 4893.62443 3.651 1670.4 10.047 4662.4 13.444 "" "" 0.002871924661397245 0.0071014967 0.0049076565 0.012009153 282.1206253195 -4.39172772646 1596.99719 1.278 -0.16000000000000003
282.3914745105 -4.53212993398 0.0561 0.0552 7.5099 "" "" 4255220058073742080 1684.86023 0.5998 0.0729 1.129 0.001 0.073 0.055 0.939 6313.7 4.2571 16.463741 1.818808 17.33707 15.518263 "" "" 1461.39746 1922.35278 4891.58951 3.5516 1587.0 7.5514 4918.7 17.506 "" "" 0.002865872608816925 0.0058715516 0.0054051694 0.011276721 282.3914745105 -4.53212993398 1684.86023 1.129 0.0009999999999999987
282.31433230742 -4.16816067837 0.0506 0.0488 14.8649 "" "" 4255294751810903424 1809.10254 0.5435 0.0566 0.884 -2.055 0.062 0.058 1.039 5466.8 4.2488 16.464916 1.817699 17.34153 15.523831 "" "" 1617.50867 1985.58337 4886.30448 3.7297 1580.5 10.049 4893.6 17.796 "" "" 0.0028772552040934175 0.0074457843 0.005465654 0.012911439 282.31433230742 -4.16816067837 1809.10254 0.8839999999999999 -2.055
282.57873812182 -4.23214506943 0.0521 0.0481 17.289 "" "" 4255279362987313024 2128.48853 0.4396 0.057 3.592 -3.391 0.067 0.055 1.07 4999.8 2.8303 16.465117 3.248257 18.404148 15.155891 "" "" 1880.73608 2414.19482 4885.39845 3.575 593.96 7.3067 6867.5 15.895 "" "" 0.002867584082655864 0.013644691 0.0045385803 0.01818327 282.57873812182 -4.23214506943 2128.48853 3.5919999999999996 -3.3909999999999996
282.19460312249 -4.61265899715 0.0536 0.0532 15.3055 "" "" 4255124538026719872 1526.13318 0.6436 0.0643 -3.363 -1.777 0.061 0.054 1.074 4959.4 4.2367 16.465483 1.964941 17.354187 15.389246 "" "" 1369.12805 1668.7417 4883.74997 4.8209 1562.2 21.396 5539.4 68.213 "" "" 0.00295642800376917 0.015129819 0.013893826 0.029023644 282.19460312249 -4.61265899715 1526.13318 -3.3630000000000004 -1.7770000000000001
282.19322234398 -4.55316665057 0.0543 0.0545 12.7661 "" "" 4255172362431745536 1635.3269 0.6019 0.0618 1.148 0.28 0.063 0.059 1.035 6203.4 4.2871 16.465763 1.729775 17.289263 15.559487 "" "" 1500.10046 1797.04773 4882.49553 3.8731 1658.5 12.119 4735.5 18.813 "" "" 0.0028867943747806282 0.00841003 0.005734882 0.014144912 282.19322234398 -4.55316665057 1635.3269 1.1480000000000001 0.2800000000000001
282.03365623519 -4.41205551397 0.0489 0.0498 19.1402 "" "" 4255189890254731904 1779.44177 0.5465 0.0588 0.476 -4.278 0.059 0.055 0.971 6042.2 4.3357 16.465847 1.656278 17.250383 15.594106 "" "" 1632.00415 1998.28674 4882.11132 3.5302 1719.0 12.85 4586.9 16.913 "" "" 0.0028649861645036793 0.008582389 0.005505515 0.014087904 282.03365623519 -4.41205551397 1779.44177 0.476 -4.278
282.49637598951 -4.48971644216 0.1557 0.1568 9.7077 "" "" 4255219130318890112 1592.16296 0.6723 0.1051 0.997 0.002 0.148 0.133 1.085 "" "" 16.466024 "" "" "" "" "" 1373.41089 1968.3728 4881.3158 8.9263 "" "" "" "" "" "" 0.0033961448046487975 "" "" "" 282.49637598951 -4.48971644216 1592.16296 0.9970000000000001 0.002
282.3611050706 -4.15034552826 0.0565 0.05 15.7533 "" "" 4255283520515896576 1874.10706 0.5282 0.0597 0.432 -2.718 0.071 0.059 1.091 6020.7 4.0876 16.467554 1.880418 17.367273 15.486856 "" "" 1701.06897 2085.87573 4874.44142 3.717 1543.5 18.795 5063.1 33.108 "" "" 0.002877021442617366 0.013512083 0.008042987 0.02155507 282.3611050706 -4.15034552826 1874.10706 0.432 -2.718
282.76985337471 -4.34980310906 0.0483 0.0438 25.187 "" "" 4255227170540551296 1993.01245 0.4646 0.05 -4.352 -5.092 0.066 0.055 0.899 5038.5 2.9777 16.469065 3.082248 18.292849 15.210601 "" "" 1820.3241 2231.41187 4867.66407 3.2143 658.08 5.8027 6530.1 10.881 "" "" 0.0028470703631074306 0.009971913 0.004190075 0.014161988 282.76985337471 -4.34980310906 1993.01245 -4.352 -5.0920000000000005
282.13105195733 -4.38945094422 0.0573 0.0539 13.3874 "" "" 4255179822851167360 1852.24365 0.5522 0.0678 0.273 -1.266 0.065 0.051 0.98 5765.8 4.205 16.47037 1.767423 17.230145 15.462722 "" "" 1641.63464 2136.05518 4861.82031 4.1275 1751.3 14.525 5176.9 12.562 "" "" 0.00290541045752076 0.009427281 0.004607038 0.01403432 282.13105195733 -4.38945094422 1852.24365 0.273 -1.2659999999999998
282.66121879794 -4.56275504347 0.0518 0.0509 20.4823 "" "" 4255205072896104960 2013.46094 0.5083 0.063 0.134 -1.112 0.065 0.056 0.975 8070.6 4.218 16.470644 1.764974 17.29204 15.527066 "" "" 1754.59741 2351.09985 4860.59089 3.768 1654.2 12.381 4879.0 13.906 "" "" 0.0028810087868070254 0.008591946 0.0048846584 0.013476605 282.66121879794 -4.56275504347 2013.46094 0.134 -1.1119999999999999
282.11377528949 -4.50174907156 0.0508 0.0492 15.307 "" "" 4255173706817388288 1807.64172 0.5387 0.058 -0.642 -5.366 0.062 0.056 1.065 5431.9 4.3011 16.471016 1.70894 17.291513 15.582574 "" "" 1640.42871 2009.25989 4858.92583 3.72 1655.1 8.0397 4635.8 13.256 "" "" 0.0028779769036859906 0.005966582 0.004891069 0.010857651 282.11377528949 -4.50174907156 1807.64172 -0.6419999999999999 -5.3660000000000005
282.4574116804 -4.59126120696 0.0593 0.0575 12.378 "" "" 4255215934905024896 1979.63855 0.485 0.0745 -0.448 -1.623 0.075 0.058 1.06 8371.5 3.9837 16.471813 2.310181 17.621525 15.311344 "" "" 1692.30566 2339.56445 4855.36119 4.5461 1221.3 15.02 5951.4 39.962 "" "" 0.002936873384053747 0.013641186 0.008211816 0.021853002 282.4574116804 -4.59126120696 1979.63855 -0.448 -1.6230000000000002
282.28416305196 -4.64364129288 0.0537 0.0618 14.4602 "" "" 4255123885144594432 2065.82788 0.4858 0.0812 -0.792 -1.888 0.063 0.052 1.021 5482.6 4.2652 16.473207 1.919083 17.29038 15.371298 "" "" 1833.49829 2420.61182 4849.13029 4.5118 1656.8 14.403 5631.7 64.858 "" "" 0.002934673268797535 0.009842359 0.013062668 0.022905027 282.28416305196 -4.64364129288 2065.82788 -0.792 -1.888
282.48865988367 -4.07732275193 0.0545 0.0537 21.6898 "" "" 4255285474682121216 2125.92139 0.4387 0.0592 -1.982 -2.614 0.071 0.063 1.111 5127.3 3.4766 16.474586 2.527206 17.806284 15.279078 "" "" 1879.92175 2441.72681 4842.97065 4.652 1030.2 8.3613 6130.9 28.896 "" "" 0.002946095286926502 0.009243222 0.0063616126 0.015604835 282.48865988367 -4.07732275193 2125.92139 -1.9819999999999998 -2.614
281.97091001491 -4.46442930537 0.0487 0.047 23.1016 "" "" 4255189203059970944 1712.68542 0.5644 0.0548 -1.244 -2.508 0.057 0.049 1.053 5047.8 4.2633 16.475063 1.689662 17.26972 15.580058 "" "" 1593.44141 1888.81763 4840.84363 3.1733 1688.6 9.4159 4646.6 15.514 "" "" 0.0028457594653151556 0.0066662454 0.0052368543 0.0119031 281.97091001491 -4.46442930537 1712.68542 -1.2439999999999998 -2.508
282.66165529155 -4.20614373166 0.0459 0.0458 22.2132 "" "" 4255233011695996544 2013.41736 0.4598 0.055 -1.629 -6.351 0.062 0.051 0.898 5100.3 3.349 16.475224 2.80015 18.064478 15.264328 "" "" 1830.31616 2187.51294 4840.12994 4.1401 812.13 16.804 6214.8 10.514 "" "" 0.002907625085681615 0.022637865 0.0042020963 0.02683996 282.66165529155 -4.20614373166 2013.41736 -1.6290000000000002 -6.351000000000001
282.17099155253 -4.67714225325 0.0465 0.048 19.2579 "" "" 4255117661718554240 1945.98889 0.5 0.056 -1.37 -2.202 0.054 0.05 0.991 9071.8 4.2456 16.475624 1.855078 17.368109 15.513031 "" "" 1733.19922 2187.46533 4838.35237 4.4264 1542.3 11.136 4942.5 27.343 "" "" 0.0029288941214232027 0.008321163 0.0070966296 0.015417793 282.17099155253 -4.67714225325 1945.98889 -1.37 -2.202
282.45085108077 -4.34036083426 0.0593 0.0585 7.2617 "" "" 4255271219728167296 2112.72388 0.4753 0.0706 -0.39 -5.65 0.07 0.065 1.115 5314.1 3.7036 16.476234 2.287161 17.648945 15.361784 "" "" 1808.33191 2457.03687 4835.6282 4.9703 1190.8 8.5568 5681.3 19.365 "" "" 0.0029727406739066277 0.0082857525 0.00528957 0.013575323 282.45085108077 -4.34036083426 2112.72388 -0.39 -5.650000000000001
282.30717831401 -4.36886812823 0.0544 0.0575 3.8289 "" "" 4255270188936192000 1557.79285 0.652 0.0755 -3.22 -3.964 0.066 0.059 0.994 5018.3 4.2914 16.47857 1.7766 17.341028 15.564428 "" "" 1405.64282 1810.69507 4825.23596 3.4853 1581.3 11.019 4714.0 15.984 "" "" 0.00286475358045899 0.008063851 0.0052760667 0.013339918 282.30717831401 -4.36886812823 1557.79285 -3.2199999999999998 -3.9639999999999995
282.46428687063 -4.0315268772 0.0471 0.0458 23.8154 "" "" 4255297638029765248 1705.8313 0.5592 0.0505 0.908 -2.264 0.06 0.055 1.0 5511.4 3.607 16.479166 2.469418 17.812685 15.343267 "" "" 1575.59888 1921.70679 4822.58586 3.4252 1024.1 9.867 5779.0 13.264 "" "" 0.002861195237978853 0.010826563 0.0045270007 0.015353564 282.46428687063 -4.0315268772 1705.8313 0.9080000000000001 -2.264
281.9790758378 -4.2690983984 0.0595 0.0567 24.0088 "" "" 4255196590404278528 2116.47437 0.4711 0.0726 -1.504 -7.358 0.068 0.054 0.925 4776.4 4.1568 16.480087 2.006989 17.499416 15.492427 "" "" 1864.5675 2484.86841 4818.4987 3.7683 1366.6 9.4665 5037.2 12.249 "" "" 0.0028831853105095997 0.008021823 0.0046102437 0.012632066 281.9790758378 -4.2690983984 2116.47437 -1.5040000000000002 -7.358
282.25739533913 -4.2687339451 0.054 0.0505 10.3848 "" "" 4255276133146437120 1803.48035 0.5458 0.0634 -0.285 -2.137 0.067 0.06 0.973 5182.9 4.2886 16.480877 1.595872 17.197939 15.602067 "" "" 1604.41772 2085.67578 4814.99535 3.6158 1804.0 15.102 4553.4 18.474 "" "" 0.00287342139895734 0.009507749 0.0058041424 0.015311891 282.25739533913 -4.2687339451 1803.48035 -0.285 -2.1369999999999996
282.74839790949 -4.26070910412 0.0457 0.0438 25.3211 "" "" 4255228716728675584 1611.16248 0.5948 0.0497 -2.71 -7.984 0.061 0.057 1.015 5327.4 3.5386 16.481256 2.563608 17.896292 15.332684 "" "" 1494.74854 1741.11108 4813.3128 3.4458 948.2 5.2428 5835.6 15.474 "" "" 0.0028628540966487807 0.00661999 0.0047510373 0.011371028 282.74839790949 -4.26070910412 1611.16248 -2.7099999999999995 -7.983999999999999
282.22020956439 -4.70206411659 0.0496 0.0481 19.1022 "" "" 4255123197996626048 2188.59277 0.4314 0.0572 -0.891 -2.299 0.059 0.05 1.015 "" "" 16.482693 1.789248 17.347324 15.558077 "" "" 1915.53992 2553.97485 4806.9487 3.0761 1572.1 6.4917 4741.6 13.445 "" "" 0.0028415711051011754 0.00528067 0.0048746085 0.010155278 282.22020956439 -4.70206411659 2188.59277 -0.8909999999999999 -2.2989999999999995
282.3542918194 -4.63948517481 0.0529 0.0498 13.6015 "" "" 4255122201564086272 1728.16077 0.5667 0.0644 0.932 -1.821 0.063 0.05 0.947 "" "" 16.483187 2.273829 17.465767 15.191938 "" "" 1533.02185 1968.14294 4804.76761 4.495 1409.6 12.194 6643.3 129.59 "" "" 0.002936581794358284 0.009798032 0.021513883 0.031311914 282.3542918194 -4.63948517481 1728.16077 0.932 -1.8210000000000002
282.41929221837 -4.35131254851 0.0567 0.0538 5.3898 "" "" 4255271151008718208 1890.88953 0.535 0.0665 0.652 1.575 0.065 0.053 1.085 6059.3 4.3178 16.483896 1.712767 17.249187 15.536421 "" "" 1674.46716 2187.99805 4801.62659 4.6997 1720.8 26.12 4837.2 29.345 "" "" 0.0029531502697552336 0.016714895 0.0075939214 0.024308816 282.41929221837 -4.35131254851 1890.88953 0.6519999999999999 1.5750000000000002
282.17240796413 -4.36998165297 0.0587 0.0554 11.1402 "" "" 4255179234371991168 1516.11462 0.6491 0.0637 -4.472 1.765 0.073 0.063 1.001 4910.6 4.1849 16.484318 1.766725 17.312515 15.54579 "" "" 1378.89563 1645.88904 4799.75763 3.7571 1623.3 10.585 4795.6 18.711 "" "" 0.0028834156635414504 0.007609701 0.0056770835 0.013286784 282.17240796413 -4.36998165297 1516.11462 -4.472000000000001 1.765
