Clusters/UBC_354/UBC_354_members.tsv
# %ECSV 1.0
# ---
# datatype:
# - name: RA_ICRS_1
#   unit: deg
#   datatype: float64
#   format: '{:15.11f}'
#   description: Right ascension (ICRS) at Ep=2016.0 (ra)
#   meta: !!omap
#   - {ucd: POS_EQ_RA_MAIN}
#   - {width: 15}
#   - {precision: '11'}
# - name: DE_ICRS_1
#   unit: deg
#   datatype: float64
#   format: '{:15.11f}'
#   description: Declination (ICRS) at Ep=2016.0 (dec)
#   meta: !!omap
#   - {ucd: POS_EQ_DEC_MAIN}
#   - {width: 15}
#   - {precision: '11'}
# - name: e_RA_ICRS
#   unit: mas
#   datatype: float64
#   format: '{:7.4f}'
#   description: Standard error of right ascension (ra_error)
#   meta: !!omap
#   - {ucd: ERROR}
#   - {width: 7}
#   - {precision: '4'}
# - name: e_DE_ICRS
#   unit: mas
#   datatype: float64
#   format: '{:7.4f}'
#   description: Standard error of declination (dec_error)
#   meta: !!omap
#   - {ucd: ERROR}
#   - {width: 7}
#   - {precision: '4'}
# - name: _r_1
#   unit: ''
#   datatype: float64
#   format: '{:7.4f}'
#   description: Distance from center (282.35360646000-04.41279406000)[ICRS], at Epoch=J2016.0
#   meta: !!omap
#   - {ucd: POS_ANG_DIST_GENERAL}
#   - {width: 7}
#   - {precision: '4'}
# - name: HIP
#   datatype: int32
#   description: '? HIP cross-id number, van Leeuwen, Cat. I/311 (hip_original_ext_source_id)'
#   meta: !!omap
#   - {ucd: ID_NUMBER}
#   - {width: 6}
#   - values: {'null': -2147483648}
# - name: TYC2
#   datatype: string
#   description: Tycho-2 cross-id name, Hog et al., Cat. I/259 (tyc2_original_ext_source_id)
#   meta: !!omap
#   - {ucd: ID_CROSSID}
#   - {_votable_string_dtype: char}
# - name: Source
#   datatype: int64
#   description: Source identifier, identical to the Gaia-EDR3 source_id (id)
#   meta: !!omap
#   - {ucd: ID_MAIN}
#   - {width: 19}
# - name: rgeo
#   unit: pc
#   datatype: float64
#   format: '{:15.8f}'
#   description: '? Median of the geometric distance posterior (r_med_geo)'
#   meta: !!omap
#   - {ucd: PHYS_DISTANCE_TRUE}
#   - {width: 15}
#   - {precision: '8'}
#   - values: {'null': .nan}
# - name: Plx
#   unit: mas
#   datatype: float64
#   format: '{:9.4f}'
#   description: '? Parallax (parallax)'
#   meta: !!omap
#   - {ucd: POS_PARLX_TRIG}
#   - {width: 9}
#   - {precision: '4'}
#   - values: {'null': .nan}
# - name: e_Plx
#   unit: mas
#   datatype: float32
#   format: '{:7.4f}'
#   description: '? Standard error of parallax (parallax_error)'
#   meta: !!omap
#   - {ucd: ERROR}
#   - {width: 7}
#   - {precision: '4'}
#   - values: {'null': .nan}
# - name: pmRA
#   unit: mas / yr
#   datatype: float64
#   format: '{:9.3f}'
#   description: '? Proper motion in right ascension direction, pmRA*cosDE (pmra)'
#   meta: !!omap
#   - {ucd: POS_EQ_PMRA}
#   - {width: 9}
#   - {precision: '3'}
#   - values: {'null': .nan}
# - name: pmDE
#   unit: mas / yr
#   datatype: float64
#   format: '{:9.3f}'
#   description: '? Proper motion in declination direction (pmdec)'
#   meta: !!omap
#   - {ucd: POS_EQ_PMDEC}
#   - {width: 9}
#   - {precision: '3'}
#   - values: {'null': .nan}
# - name: e_pmRA
#   unit: mas / yr
#   datatype: float32
#   format: '{:6.3f}'
#   description: '? Standard error of proper motion in right ascension direction (pmra_error)'
#   meta: !!omap
#   - {ucd: ERROR}
#   - {width: 6}
#   - {precision: '3'}
#   - values: {'null': .nan}
# - name: e_pmDE
[...]
#       distance: !astropy.table.SerializedColumn
#         __class__: astropy.coordinates.distances.Distance
#         unit: !astropy.units.Unit {unit: pc}
#         value: !astropy.table.SerializedColumn {name: SkyCoord.distance}
#       frame: icrs
#       obstime: !astropy.time.Time {format: jyear_str, in_subfmt: '*', jd1: 367701545.0, jd2: 0.0, out_subfmt: '*', precision: 3, scale: tt}
#       pm_dec: !astropy.table.SerializedColumn
#         __class__: astropy.units.quantity.Quantity
#         unit: !astropy.units.Unit {unit: mas / yr}
#         value: !astropy.table.SerializedColumn {name: SkyCoord.pm_dec}
#       pm_ra_cosdec: !astropy.table.SerializedColumn
#         __class__: astropy.units.quantity.Quantity
#         unit: !astropy.units.Unit {unit: mas / yr}
#         value: !astropy.table.SerializedColumn {name: SkyCoord.pm_ra_cosdec}
#       ra: !astropy.table.SerializedColumn
#         __class__: astropy.coordinates.angles.Longitude
#         unit: *id001
#         value: !astropy.table.SerializedColumn {name: SkyCoord.ra}
#         wrap_angle: !astropy.coordinates.Angle
#           unit: *id001
#           value: 360.0
#       representation_type: spherical
# schema: astropy-2.0
RA_ICRS_1 DE_ICRS_1 e_RA_ICRS e_DE_ICRS _r_1 HIP TYC2 Source rgeo Plx e_Plx pmRA pmDE e_pmRA e_pmDE RUWE Teff logg Gmag BP-RP BPmag RPmag RV e_RV b_rgeo B_rgeo FG e_FG FBP e_FBP FRP e_FRP RAVE5 RAVE6 e_Gmag e_BPmag e_RPmag e_BP-RP SkyCoord.ra SkyCoord.dec SkyCoord.distance SkyCoord.pm_ra_cosdec SkyCoord.pm_dec rmRA rmDE e_rmRA e_rmDE rRV e_rRV v_pec v_pec3d e_vpec e_vpec3d Pmemb
282.25361419287 -4.26238954162 0.0148 0.0147 10.8271 "" "" 4255276339329655296 1688.88745 0.5798 0.0183 1.257 -0.073 0.019 0.017 0.997 5367.4 2.4773 11.990057 2.078404 13.054114 10.97571 -10.52 0.69 1643.48218 1738.24683 301247.88688 85.881 81992.0 110.87 322760.0 188.7 "" "" 0.002772651411552967 0.0031528524 0.003832318 0.0069851703 282.25361419287 -4.26238954162 1688.88745 1.2570000000000006 -0.07299999999999998 0.09415379238128652 -0.14381538438796998 0.120460294 0.1184603 0.3838461538461537 1.1180342 1.3760735141363618 1.4286063790037062 0.16384063058672477 0.33933157572169736 0.97
282.43519667907 -4.41155347427 0.0145 0.0133 4.8815 "" "" 4255223352269999744 1536.72278 0.6388 0.0171 1.098 0.069 0.018 0.014 1.023 "" "" 12.09402 2.148073 13.206415 11.058342 -10.65 0.65 1498.88525 1573.53613 273740.28064 64.379 71261.0 78.961 299100.0 156.73 "" "" 0.002767126886764943 0.0030384841 0.0038219641 0.006860448 282.43519667907 -4.41155347427 1536.72278 1.098 0.069 -0.06484620761871329 -0.001815384387969965 0.11946029 0.11546029 0.25384615384615294 1.0780342 0.47252911418003035 0.5363968992921649 0.05644701061031309 0.5125899152335051 0.96
282.34386824183 -4.51073583763 0.0151 0.014 5.9053 "" "" 4255221054506244480 1591.21545 0.6218 0.0168 1.141 0.139 0.019 0.016 0.914 "" "" 12.278513 2.193435 13.421951 11.228517 -8.83 1.01 1549.16968 1624.09583 230962.50488 48.662 58430.0 47.207 255710.0 112.86 "" "" 0.002764799952308484 0.0029248102 0.0038096404 0.0067344503 282.34386824183 -4.51073583763 1591.21545 1.1410000000000002 0.139 -0.021846207618713365 0.06818461561203004 0.120460294 0.117460296 2.0738461538461532 1.4380342 0.5400245629150636 2.143003592711428 0.06358401270699257 1.3917192314622688 0.9
282.42242162439 -4.26448040551 0.0165 0.0156 9.8051 "" "" 4255278503993935872 1652.76807 0.5942 0.0198 1.17 0.131 0.02 0.017 1.025 "" "" 12.801668 2.308059 14.028374 11.720315 -10.05 0.81 1602.24805 1705.40369 142652.56416 35.152 33425.0 32.376 162570.0 52.618 "" "" 0.002768279077067789 0.002981785 0.003795684 0.006777469 282.42242162439 -4.26448040551 1652.76807 1.17 0.131 0.00715379238128655 0.060184615612030035 0.12146029 0.1184603 0.8538461538461526 1.2380342 0.47481264893199293 0.9769853151525276 0.05626654037589371 1.0823379954643972 0.89
282.28225194633 -4.38697208238 0.0156 0.0166 4.5411 "" "" 4255269875355749376 1502.68921 0.6402 0.0215 1.189 0.121 0.019 0.016 0.867 "" "" 12.960862 1.225229 13.482636 12.257406 "" "" 1456.47913 1551.65442 123197.46479 28.351 55254.0 67.32 99128.0 58.712 "" "" 0.002766625697513079 0.0030878687 0.0038337004 0.006921569 282.28225194633 -4.38697208238 1502.68921 1.189 0.121 0.026153792381286678 0.050184615612030026 0.120460294 0.117460296 "" "" 0.40308180778120567 "" 0.04760696882482931 "" 0.98
282.35398684886 -4.39665532478 0.0161 0.0171 0.9686 "" "" 4255269291240197504 1494.22021 0.6356 0.0227 1.245 0.023 0.02 0.016 0.988 "" "" 13.020925 1.177071 13.519567 12.342496 "" "" 1452.46765 1547.78052 116567.37557 30.51 53406.0 49.696 91656.0 60.056 "" "" 0.0027699361319040144 0.0029674533 0.003845755 0.0068132086 282.35398684886 -4.39665532478 1494.22021 1.2449999999999994 0.022999999999999996 0.08215379238128673 -0.04781538438796997 0.12146029 0.117460296 "" "" 0.6732407619858018 "" 0.08109905610193556 "" 0.9
282.21351730547 -4.41879837132 0.0154 0.0164 8.3881 "" "" 4255175935848751744 1619.78296 0.5856 0.0195 1.121 0.14 0.018 0.016 1.129 9363.2 3.5625 13.074244 1.244576 13.600825 12.35625 "" "" 1565.9386 1676.4259 110981.17114 25.164 49555.0 57.27 90502.0 91.541 "" "" 0.0027662961751292194 0.0030593292 0.003935705 0.0069950344 282.21351730547 -4.41879837132 1619.78296 1.1209999999999993 0.14 -0.04184620761871338 0.06918461561203004 0.11946029 0.117460296 "" "" 0.6207902334647071 "" 0.07325282538412937 "" 0.94
282.29845244447 -4.52343184815 0.0146 0.0157 7.4129 "" "" 4255127351166221440 1493.13525 0.6333 0.0198 1.278 -0.048 0.017 0.014 0.893 "" "" 13.117381 1.283464 13.671494 12.388029 "" "" 1450.11621 1529.09595 106658.22062 20.884 46432.0 49.991 87891.0 61.396 "" "" 0.002763509378784381 0.0030251464 0.0038547316 0.006879878 282.29845244447 -4.52343184815 1493.13525 1.278 -0.048 0.11515379238128665 -0.11881538438796997 0.1184603 0.11546029 "" "" 1.1710469741046245 "" 0.13692228905776455 "" 0.85
282.4055083064 -4.39567286101 0.0163 0.0161 3.2704 "" "" 4255223631486716672 1579.10938 0.5968 0.022 1.131 0.081 0.02 0.015 1.107 "" "" 13.313468 1.253921 13.853653 12.599732 "" "" 1528.23511 1637.3656 89034.75712 19.413 39260.0 38.175 72321.0 53.973 "" "" 0.002765471307416567 0.0029832222 0.0038652665 0.006848489 282.4055083064 -4.39567286101 1579.10938 1.1309999999999998 0.081 -0.031846207618713374 0.010184615612030032 0.12146029 0.11646029 "" "" 0.2502611626116977 "" 0.030282865497444644 "" 0.9
282.408999868 -4.34201295935 0.0192 0.0191 5.3868 "" "" 4255271352825287680 1593.19067 0.5937 0.0243 1.059 0.089 0.021 0.018 1.181 "" "" 13.808394 1.437838 14.449766 13.011929 "" "" 1540.34021 1647.59082 56440.25403 17.319 22673.0 39.406 49475.0 47.182 "" "" 0.002775389650155931 0.003368369 0.0039186496 0.007287019 282.408999868 -4.34201295935 1593.19067 1.059 0.089 -0.10384620761871344 0.018184615612030025 0.12246029 0.11946029 "" "" 0.7961506669936617 "" 0.09742662714601995 "" 0.93
282.41244765576 -4.49312424926 0.0196 0.0211 5.9682 "" "" 4255220779628272512 1510.90466 0.6226 0.0268 1.24 0.185 0.024 0.019 0.961 "" "" 13.991619 1.323507 14.54304 13.219533 "" "" 1454.90857 1577.56921 47675.91585 11.762 20807.0 38.537 40864.0 410.6 "" "" 0.002768309576323878 0.0034393035 0.011545544 0.014984847 282.41244765576 -4.49312424926 1510.90466 1.24 0.18499999999999997 0.07715379238128661 0.11418461561203003 0.1254603 0.120460294 "" "" 0.9869324360695872 "" 0.12045470443131731 "" 0.96
282.42222205326 -4.35984906803 0.018 0.0164 5.1905 "" "" 4255270773051576448 1561.44495 0.6027 0.0215 1.189 0.091 0.021 0.017 0.914 7197.7 3.769 13.998734 1.22946 14.527123 13.297664 "" "" 1513.2373 1617.9646 47364.48516 10.769 21114.0 24.589 38027.0 21.351 "" "" 0.0027663564816941127 0.003063304 0.0038282305 0.0068915347 282.42222205326 -4.35984906803 1561.44495 1.1889999999999998 0.09100000000000001 0.026153792381286678 0.020184615612030027 0.12246029 0.1184603 "" "" 0.24451463900343676 "" 0.029582021971012836 "" 0.98
282.26201833246 -4.50525710762 0.0194 0.0211 7.797 "" "" 4255174325292232064 1530.11804 0.6209 0.0271 1.223 0.138 0.023 0.018 0.895 8749.3 3.7065 14.035142 1.319285 14.613203 13.293918 "" "" 1463.86951 1598.30981 45802.57501 12.11 19505.0 17.303 38158.0 28.331 "" "" 0.0027702337582929054 0.0029517335 0.0038643964 0.00681613 282.26201833246 -4.50525710762 1530.11804 1.223 0.1380000000000001 0.06015379238128671 0.06718461561203004 0.124460295 0.11946029 "" "" 0.6540465705325017 "" 0.07960429008058485 "" 0.92
282.36568801278 -4.35626300752 0.0184 0.0181 3.468 "" "" 4255270906148643584 1550.80652 0.6047 0.0236 1.041 0.264 0.022 0.018 0.958 "" "" 14.063732 1.313702 14.635141 13.32144 "" "" 1477.69336 1611.41602 44612.21114 12.553 19114.0 22.433 37203.0 49.927 "" "" 0.0027722053704045354 0.003067377 0.00405053 0.007117907 282.36568801278 -4.35626300752 1550.80652 1.0409999999999993 0.264 -0.12184620761871345 0.19318461561203004 0.12346029 0.11946029 "" "" 1.6789317173042642 "" 0.2024996220669658 "" 0.8
282.34410054378 -4.51935503824 0.0192 0.0179 6.4189 "" "" 4255127218086220032 1545.14087 0.6132 0.0217 1.137 0.157 0.024 0.019 1.05 9429.1 3.7385 14.132456 1.392222 14.692776 13.300554 "" "" 1498.79956 1590.3197 41875.9197 12.281 18126.0 136.64 37926.0 269.04 "" "" 0.0027736578008619424 0.008647171 0.008579318 0.01722649 282.34410054378 -4.51935503824 1545.14087 1.137000000000001 0.157 -0.025846207618713368 0.08618461561203003 0.1254603 0.120460294 "" "" 0.6589867671424435 "" 0.0796587807060663 "" 0.9
282.37661849658 -4.40628477782 0.0254 0.0269 1.431 "" "" 4255269055064648576 1492.89062 0.6508 0.0358 0.987 0.063 0.031 0.027 1.374 "" "" 14.171168 1.405885 14.798884 13.393 "" "" 1417.75586 1575.35413 40409.10928 12.727 16439.0 24.914 34830.0 32.923 "" "" 0.002776458852378134 0.0032392358 0.003916248 0.007155484 282.37661849658 -4.40628477782 1492.89062 0.9869999999999998 0.063 -0.1758462076187134 -0.00781538438796997 0.1324603 0.12846029 "" "" 1.2455691609953832 "" 0.16497878581997846 "" 0.9
282.40778418728 -4.44644474107 0.0215 0.0194 3.8184 "" "" 4255221810420500224 1567.44678 0.6021 0.0253 0.995 0.16 0.028 0.021 0.997 "" "" 14.20173 1.366443 14.80226 13.435818 "" "" 1507.17102 1622.06067 39287.54716 9.4198 16388.0 29.776 33484.0 57.799 "" "" 0.002767590468816011 0.0034171126 0.004218556 0.007635669 282.40778418728 -4.44644474107 1567.44678 0.9950000000000002 0.1600000000000001 -0.16784620761871338 0.08918461561203003 0.12946029 0.12246029 "" "" 1.4121556162211448 "" 0.180688112915182 "" 0.92
282.30914008514 -4.50439407175 0.0244 0.0266 6.1058 "" "" 4255127454245527552 1528.14722 0.6228 0.0334 1.374 -0.043 0.029 0.023 1.279 9029.4 3.879 14.202575 1.398859 14.823163 13.424304 "" "" 1463.81641 1618.86719 39256.97267 10.823 16075.0 19.995 33840.0 32.177 "" "" 0.0027715320447650148 0.0030998224 0.003917848 0.0070176707 282.30914008514 -4.50439407175 1528.14722 1.3739999999999999 -0.04300000000000001 0.21115379238128673 -0.11381538438796997 0.13046029 0.124460295 "" "" 1.737512587539075 "" 0.22437165853956376 "" 0.9
282.29541083907 -4.33424023676 0.0198 0.0194 5.8597 "" "" 4255273453111424000 1569.47083 0.6013 0.0251 1.11 0.116 0.023 0.021 0.996 9222.2 3.8098 14.22056 1.209005 14.731475 13.522469 "" "" 1502.7135 1618.77478 38612.02602 11.403 17491.0 16.086 30915.0 37.59 "" "" 0.0027739143644496473 0.00296346 0.004003318 0.006966778 282.29541083907 -4.33424023676 1569.47083 1.11 0.116 -0.05284620761871328 0.045184615612030035 0.124460295 0.12246029 "" "" 0.5172512926729812 "" 0.06394239848587387 "" 0.94
282.43400535212 -4.31131646833 0.0208 0.0206 7.7593 "" "" 4255271563325629952 1581.43091 0.604 0.0258 1.122 0.041 0.023 0.019 0.938 9174.6 3.7703 14.290973 1.326792 14.865068 13.538276 "" "" 1507.73816 1654.56335 36187.42508 10.259 15466.0 32.031 30468.0 53.205 "" "" 0.0027724594791357286 0.0035834839 0.004228292 0.007811776 282.43400535212 -4.31131646833 1581.43091 1.122 0.041 -0.04084620761871327 -0.02981538438796997 0.124460295 0.120460294 "" "" 0.3790751651548255 "" 0.04665831922234228 "" 0.97
282.38877733142 -4.50577771415 0.0207 0.021 5.9625 "" "" 4255220367311422976 1625.22839 0.584 0.0271 1.217 0.011 0.027 0.021 0.989 "" "" 14.36261 1.340642 14.950078 13.609436 "" "" 1561.09888 1681.54224 33876.84534 8.0118 14302.0 29.654 28535.0 29.669 "" "" 0.0027672590066963637 0.0035850904 0.0039443765 0.007529467 282.38877733142 -4.50577771415 1625.22839 1.217 0.010999999999999994 0.0541537923812867 -0.059815384387969975 0.12846029 0.12246029 "" "" 0.621584765341472 "" 0.07782151694815656 "" 0.98
282.32706337537 -4.26618467029 0.0224 0.0193 8.9388 "" "" 4255275750874949504 1463.6814 0.6413 0.0245 1.16 -0.025 0.028 0.022 1.003 9065.8 3.9708 14.411923 1.21734 14.935652 13.718311 "" "" 1414.89185 1521.57886 32372.57928 8.9406 14493.0 15.771 25813.0 27.87 "" "" 0.0027715886089516436 0.0030300058 0.003957008 0.006987014 282.32706337537 -4.26618467029 1463.6814 1.1599999999999993 -0.025 -0.002846207618713459 -0.09581538438796997 0.12946029 0.12346029 "" "" 0.6650459711882938 "" 0.08211037363293085 "" 0.88
282.28290003279 -4.44405948663 0.0227 0.0228 4.6271 "" "" 4255268608388130560 1565.89868 0.6037 0.0269 1.185 0.061 0.028 0.024 1.046 "" "" 14.441747 1.283846 15.002738 13.718892 "" "" 1505.06885 1656.026 31495.47825 10.563 13625.0 21.236 25799.0 23.571 "" "" 0.00277927765374813 0.0032632353 0.003907395 0.0071706306 282.28290003279 -4.44405948663 1565.89868 1.1849999999999998 0.061 0.022153792381286674 -0.009815384387969972 0.12946029 0.1254603 "" "" 0.179849809258555 "" 0.023166895518965846 "" 0.95
282.22159421973 -4.39090723331 0.0228 0.0217 8.0058 "" "" 4255272765916670720 1558.20312 0.604 0.026 1.088 -0.012 0.029 0.024 0.808 "" "" 14.472139 1.343788 15.0442 13.700412 "" "" 1497.30701 1613.474 30626.04417 10.07 13114.0 54.82 26242.0 140.28 "" "" 0.002778351176814275 0.005327713 0.006926 0.012253713 282.22159421973 -4.39090723331 1558.20312 1.0879999999999996 -0.012000000000000007 -0.0748462076187133 -0.08281538438796997 0.13046029 0.1254603 "" "" 0.8244558511576552 "" 0.10530974685801799 "" 0.84
282.28798906962 -4.35383063729 0.0221 0.0221 5.2845 "" "" 4255270463814160256 1571.77942 0.6127 0.0284 1.213 0.05 0.027 0.024 0.985 "" "" 14.576885 1.286447 15.140182 13.853735 "" "" 1501.25122 1639.87695 27809.46367 7.1174 12004.0 18.719 22786.0 22.049 "" "" 0.0027692968780338167 0.0032636812 0.003922694 0.007186375 282.28798906962 -4.35383063729 1571.77942 1.2129999999999994 0.05 0.0501537923812867 -0.020815384387969968 0.12846029 0.1254603 "" "" 0.40456097880622516 "" 0.05179346402829841 "" 0.89
282.45217228273 -4.45307955652 0.0229 0.021 6.3725 "" "" 4255222428895721344 1565.13806 0.6109 0.0266 1.064 0.092 0.027 0.022 0.986 "" "" 14.661869 1.477467 15.329002 13.851536 "" "" 1490.48767 1632.271 25715.74786 6.9846 10088.0 28.262 22832.0 39.964 "" "" 0.002771056147427798 0.004127618 0.004230286 0.008357904 282.45217228273 -4.45307955652 1565.13806 1.0640000000000007 0.092 -0.09884620761871332 0.021184615612030028 0.12846029 0.12346029 "" "" 0.7499682160373652 "" 0.09617952647007313 "" 0.85
282.36636387384 -4.36553636086 0.0264 0.0232 2.9364 "" "" 4255270876131974912 1646.78625 0.5725 0.0311 1.133 0.214 0.031 0.025 0.994 9246.6 3.9003 14.702008 1.386576 15.315149 13.928574 "" "" 1574.84998 1721.6062 24782.40862 7.5828 10218.0 17.354 21268.0 33.478 "" "" 0.002775275067740349 0.003344449 0.004147844 0.0074922927 282.36636387384 -4.36553636086 1646.78625 1.133 0.21400000000000002 -0.029846207618713372 0.14318461561203003 0.1324603 0.1264603 "" "" 1.1416886047184305 "" 0.14466999582833528 "" 0.98
282.250245818 -4.42703772172 0.0263 0.0265 6.242 "" "" 4255269501741407744 1544.6521 0.6148 0.0308 1.302 0.04 0.031 0.028 1.002 8919.8 4.1037 14.724179 1.220657 15.25027 14.029613 "" "" 1470.90674 1616.67822 24281.47144 7.4858 10847.0 19.383 19378.0 29.39 "" "" 0.0027755773992801415 0.0033984166 0.004122542 0.007520959 282.250245818 -4.42703772172 1544.6521 1.3020000000000007 0.040000000000000036 0.13915379238128667 -0.03081538438796997 0.1324603 0.12946029 "" "" 1.0435180511192643 "" 0.13807994735686224 "" 0.91
282.45168147206 -4.2541739463 0.0225 0.0211 11.1806 "" "" 4255278435274447232 1660.9137 0.5643 0.0258 1.193 -0.002 0.026 0.022 0.945 8970.5 3.4604 14.736151 2.292267 15.943327 13.65106 13.03 7.79 1597.41455 1730.8761 24015.22109 10.566 5729.1 17.227 27462.0 30.942 "" "" 0.0027964226131407008 0.0042945924 0.0039724354 0.008267028 282.45168147206 -4.2541739463 1660.9137 1.193 -0.002000000000000023 0.03015379238128668 -0.07281538438796997 0.1274603 0.12346029 23.933846153846154 8.218034 0.6204656734098037 23.94188733930256 0.07697118415088862 8.215273902246341 0.92
282.37095407951 -4.41859057694 0.0246 0.0256 1.0945 "" "" 4255269016362713472 1561.65479 0.6078 0.0335 1.316 0.115 0.031 0.026 0.945 9263.0 4.047 14.746132 1.323338 15.318257 13.994919 "" "" 1479.87646 1645.44946 23795.45982 7.1797 10189.0 30.224 20007.0 29.668 "" "" 0.002774726565111654 0.004261184 0.0041080266 0.008369211 282.37095407951 -4.41859057694 1561.65479 1.316 0.115 0.15315379238128668 0.044184615612030034 0.1324603 0.1274603 "" "" 1.1799177481560053 "" 0.15584687406815848 "" 0.96
