Clusters/LP_1487/LP_1487_members.tsv
# %ECSV 1.0
# ---
# datatype:
# - name: RA_ICRS_1
#   unit: deg
#   datatype: float64
#   format: '{:15.11f}'
#   description: Right ascension (ICRS) at Ep=2016.0 (ra)
#   meta: !!omap
#   - {ucd: POS_EQ_RA_MAIN}
#   - {width: 15}
#   - {precision: '11'}
# - name: DE_ICRS_1
#   unit: deg
#   datatype: float64
#   format: '{:15.11f}'
#   description: Declination (ICRS) at Ep=2016.0 (dec)
#   meta: !!omap
#   - {ucd: POS_EQ_DEC_MAIN}
#   - {width: 15}
#   - {precision: '11'}
# - name: e_RA_ICRS
#   unit: mas
#   datatype: float64
#   format: '{:7.4f}'
#   description: Standard error of right ascension (ra_error)
#   meta: !!omap
#   - {ucd: ERROR}
#   - {width: 7}
#   - {precision: '4'}
# - name: e_DE_ICRS
#   unit: mas
#   datatype: float64
#   format: '{:7.4f}'
#   description: Standard error of declination (dec_error)
#   meta: !!omap
#   - {ucd: ERROR}
#   - {width: 7}
#   - {precision: '4'}
# - name: _r_1
#   unit: ''
#   datatype: float64
#   format: '{:7.4f}'
#   description: Distance from center (160.49241345000-58.37290423000)[ICRS], at Epoch=J2016.0
#   meta: !!omap
#   - {ucd: POS_ANG_DIST_GENERAL}
#   - {width: 7}
#   - {precision: '4'}
# - name: HIP
#   datatype: int32
#   description: '? HIP cross-id number, van Leeuwen, Cat. I/311 (hip_original_ext_source_id)'
#   meta: !!omap
#   - {ucd: ID_NUMBER}
#   - {width: 6}
#   - values: {'null': -2147483648}
# - name: TYC2
#   datatype: string
#   description: Tycho-2 cross-id name, Hog et al., Cat. I/259 (tyc2_original_ext_source_id)
#   meta: !!omap
#   - {ucd: ID_CROSSID}
#   - {_votable_string_dtype: char}
# - name: Source
#   datatype: int64
#   description: Source identifier, identical to the Gaia-EDR3 source_id (id)
#   meta: !!omap
#   - {ucd: ID_MAIN}
#   - {width: 19}
# - name: rgeo
#   unit: pc
#   datatype: float64
#   format: '{:15.8f}'
#   description: '? Median of the geometric distance posterior (r_med_geo)'
#   meta: !!omap
#   - {ucd: PHYS_DISTANCE_TRUE}
#   - {width: 15}
#   - {precision: '8'}
#   - values: {'null': .nan}
# - name: Plx
#   unit: mas
#   datatype: float64
#   format: '{:9.4f}'
#   description: '? Parallax (parallax)'
#   meta: !!omap
#   - {ucd: POS_PARLX_TRIG}
#   - {width: 9}
#   - {precision: '4'}
#   - values: {'null': .nan}
# - name: e_Plx
#   unit: mas
#   datatype: float32
#   format: '{:7.4f}'
#   description: '? Standard error of parallax (parallax_error)'
#   meta: !!omap
#   - {ucd: ERROR}
#   - {width: 7}
#   - {precision: '4'}
#   - values: {'null': .nan}
# - name: pmRA
#   unit: mas / yr
#   datatype: float64
#   format: '{:9.3f}'
#   description: '? Proper motion in right ascension direction, pmRA*cosDE (pmra)'
#   meta: !!omap
#   - {ucd: POS_EQ_PMRA}
#   - {width: 9}
#   - {precision: '3'}
#   - values: {'null': .nan}
# - name: pmDE
#   unit: mas / yr
#   datatype: float64
#   format: '{:9.3f}'
#   description: '? Proper motion in declination direction (pmdec)'
#   meta: !!omap
#   - {ucd: POS_EQ_PMDEC}
#   - {width: 9}
#   - {precision: '3'}
#   - values: {'null': .nan}
# - name: e_pmRA
#   unit: mas / yr
#   datatype: float32
#   format: '{:6.3f}'
#   description: '? Standard error of proper motion in right ascension direction (pmra_error)'
#   meta: !!omap
#   - {ucd: ERROR}
#   - {width: 6}
#   - {precision: '3'}
#   - values: {'null': .nan}
# - name: e_pmDE
[...]
#         unit: &id001 !astropy.units.Unit {unit: deg}
#         value: !astropy.table.SerializedColumn {name: SkyCoord.dec}
#       distance: !astropy.table.SerializedColumn
#         __class__: astropy.coordinates.distances.Distance
#         unit: !astropy.units.Unit {unit: pc}
#         value: !astropy.table.SerializedColumn {name: SkyCoord.distance}
#       frame: icrs
#       obstime: !astropy.time.Time {format: jyear_str, in_subfmt: '*', jd1: 367701545.0, jd2: 0.0, out_subfmt: '*', precision: 3, scale: tt}
#       pm_dec: !astropy.table.SerializedColumn
#         __class__: astropy.units.quantity.Quantity
#         unit: !astropy.units.Unit {unit: mas / yr}
#         value: !astropy.table.SerializedColumn {name: SkyCoord.pm_dec}
#       pm_ra_cosdec: !astropy.table.SerializedColumn
#         __class__: astropy.units.quantity.Quantity
#         unit: !astropy.units.Unit {unit: mas / yr}
#         value: !astropy.table.SerializedColumn {name: SkyCoord.pm_ra_cosdec}
#       ra: !astropy.table.SerializedColumn
#         __class__: astropy.coordinates.angles.Longitude
#         unit: *id001
#         value: !astropy.table.SerializedColumn {name: SkyCoord.ra}
#         wrap_angle: !astropy.coordinates.Angle
#           unit: *id001
#           value: 360.0
#       representation_type: spherical
# schema: astropy-2.0
RA_ICRS_1 DE_ICRS_1 e_RA_ICRS e_DE_ICRS _r_1 HIP TYC2 Source rgeo Plx e_Plx pmRA pmDE e_pmRA e_pmDE RUWE Teff logg Gmag BP-RP BPmag RPmag RV e_RV b_rgeo B_rgeo FG e_FG FBP e_FBP FRP e_FRP RAVE5 RAVE6 e_Gmag e_BPmag e_RPmag e_BP-RP SkyCoord.ra SkyCoord.dec SkyCoord.distance SkyCoord.pm_ra_cosdec SkyCoord.pm_dec Pmemb
160.31693957179 -58.34679852171 0.0093 0.01 5.7408 "" "" 5350728570153526784 2491.71851 0.3841 0.0118 -6.499 3.451 0.012 0.011 0.967 "" "" 10.595427 1.92648 11.557926 9.631446 -16.35 0.4 2415.27954 2567.58618 1088369.16515 223.27 325270.0 192.16 1113200.0 328.68 "" "" 0.0027643078699114204 0.0028629475 0.003792953 0.0066559007 160.31693957179 -58.34679852171 2491.71851 -6.499 3.4509999999999987 0.86
160.41978268299 -58.3092068533 0.0097 0.0102 4.454 "" "" 5350728226556343040 2890.52783 0.3262 0.012 -6.513 3.619 0.013 0.013 0.907 "" "" 12.869095 0.693339 13.124759 12.431419 "" "" 2791.125 2998.15308 134062.9601 22.666 76827.0 42.718 84448.0 41.962 "" "" 0.002761428180238455 0.0028547333 0.003817694 0.006672427 160.41978268299 -58.3092068533 2890.52783 -6.513 3.619 0.89
160.43441415352 -58.34461671774 0.0094 0.0093 2.4927 "" "" 5350728016079110912 2498.83594 0.365 0.0117 -6.866 2.968 0.012 0.011 0.922 6444.8 3.3196 13.251554 0.626721 13.48174 12.855019 "" "" 2437.19922 2572.13696 94259.46641 19.901 55299.0 30.303 57168.0 26.789 "" "" 0.002764839320115425 0.0028528993 0.0038134737 0.006666373 160.43441415352 -58.34461671774 2498.83594 -6.866 2.9680000000000017 0.84
160.61980945552 -58.38585808213 0.0099 0.0102 4.0822 "" "" 5350739256033026944 2912.32129 0.3057 0.0129 -6.423 3.448 0.013 0.013 0.971 "" "" 13.643557 0.475811 13.815691 13.33988 "" "" 2814.76367 3009.58203 65693.75271 17.101 40657.0 19.31 36577.0 14.44 "" "" 0.002769778040223547 0.0028374218 0.0038036103 0.006641032 160.61980945552 -58.38585808213 2912.32129 -6.423 3.448 0.88
160.48146532536 -58.36792699613 0.0105 0.0108 0.4559 "" "" 5350727814239408384 2718.32935 0.3288 0.0135 -6.502 3.447 0.014 0.013 0.996 9707.1 3.5654 13.695127 0.620597 13.926906 13.306309 "" "" 2615.99707 2838.05493 62646.34675 14.81 36699.0 21.36 37725.0 18.874 "" "" 0.002767249802179378 0.002860837 0.0038182186 0.0066790553 160.48146532536 -58.36792699613 2718.32935 -6.502000000000002 3.447000000000001 0.9
160.39462352505 -58.31208223837 0.01 0.0108 4.775 "" "" 5350728948110812672 2796.39648 0.3222 0.0128 -6.493 3.468 0.014 0.014 1.031 9992.1 3.7114 13.745584 0.628058 13.979857 13.351798 "" "" 2720.26929 2880.84375 59801.64331 12.071 34952.0 21.808 36178.0 20.92 "" "" 0.0027640222485192613 0.002871231 0.0038311742 0.0067024054 160.39462352505 -58.31208223837 2796.39648 -6.492999999999999 3.4679999999999995 0.91
160.4321759415 -58.42579027326 0.0112 0.0118 3.6954 "" "" 5350727225804930560 2856.28687 0.3144 0.0143 -6.478 3.461 0.014 0.015 1.056 "" "" 13.862828 0.805132 14.175593 13.370461 "" "" 2766.74146 2950.27759 53680.34919 12.336 29186.0 21.582 35561.0 16.313 "" "" 0.0027665941734121213 0.0029033837 0.003812059 0.006715443 160.4321759415 -58.42579027326 2856.28687 -6.478000000000001 3.4610000000000007 0.9
160.51497102085 -58.4254723066 0.0127 0.013 3.2328 "" "" 5350715479093234560 2488.55835 0.3672 0.0161 -6.982 3.03 0.016 0.016 1.031 7712.4 3.8662 14.327628 0.604605 14.549724 13.945119 "" "" 2369.65674 2606.08789 34986.10299 9.9553 20679.0 17.313 20946.0 18.544 "" "" 0.0027725867453203767 0.0029345087 0.0038997035 0.006834212 160.51497102085 -58.4254723066 2488.55835 -6.9819999999999975 3.03 0.88
160.42217093159 -58.32318282541 0.0141 0.0149 3.7137 "" "" 5350728192196573568 2830.22388 0.3197 0.0176 -6.734 3.48 0.018 0.019 1.003 "" "" 14.731571 0.714914 15.002197 14.287283 "" "" 2688.44995 2977.23315 24116.71443 5.6643 13631.0 12.591 15284.0 11.264 "" "" 0.0027670956008838793 0.0029649374 0.0038631584 0.0068280958 160.42217093159 -58.32318282541 2830.22388 -6.734000000000001 3.48 0.88
160.40650993488 -58.44832887437 0.0166 0.0172 5.2697 "" "" 5350725615215876480 2758.22119 0.3242 0.0207 -6.644 2.72 0.022 0.022 1.078 7973.4 3.7938 14.747087 1.003363 15.154909 14.151547 "" "" 2612.42578 2980.59521 23774.52801 10.37 11843.0 20.328 17320.0 19.114 "" "" 0.0027957226509521794 0.0033553129 0.00396477 0.0073200827 160.40650993488 -58.44832887437 2758.22119 -6.644 2.72 0.82
160.39504006476 -58.34715128074 0.0151 0.0156 3.4323 "" "" 5350728810671780992 2940.6106 0.3026 0.0187 -6.494 3.44 0.02 0.019 1.09 9225.3 3.7299 14.76516 0.852769 15.101856 14.249087 "" "" 2766.95996 3086.40796 23382.06676 5.0803 12436.0 15.627 15832.0 14.265 "" "" 0.0027654003211901325 0.0031058723 0.0039039399 0.007009812 160.39504006476 -58.34715128074 2940.6106 -6.494 3.44 0.82
160.29538962675 -58.39421992617 0.0158 0.0162 6.3277 "" "" 5350727023965160320 2612.72437 0.3509 0.0202 -6.517 3.456 0.021 0.021 1.057 9543.9 3.6886 14.808207 0.952973 15.190394 14.237421 "" "" 2493.79956 2758.81079 22473.14834 4.7753 11462.0 12.784 16003.0 13.967 "" "" 0.002764962059108238 0.0030416243 0.003896367 0.0069379914 160.29538962675 -58.39421992617 2612.72437 -6.517 3.456 0.86
160.37320590376 -58.34944886433 0.015 0.0153 4.0072 "" "" 5350728432714631680 2718.68066 0.3294 0.019 -6.32 3.395 0.021 0.019 0.985 9317.6 3.717 14.810962 0.931093 15.182574 14.251481 "" "" 2586.45972 2890.96533 22416.19939 4.7228 11545.0 13.303 15797.0 11.767 "" "" 0.002764799477573649 0.0030578116 0.003864946 0.0069227577 160.37320590376 -58.34944886433 2718.68066 -6.32 3.395 0.87
160.70963880412 -58.3210332627 0.016 0.0161 7.5144 "" "" 5350739152954086016 2875.12524 0.313 0.0196 -6.506 3.391 0.02 0.02 1.023 9923.0 3.6264 14.908149 0.799275 15.216975 14.4177 "" "" 2717.53711 3036.41113 20496.84822 5.1616 11185.0 16.297 13554.0 12.642 "" "" 0.002768852633530835 0.0032074368 0.0039127036 0.0071201404 160.70963880412 -58.3210332627 2875.12524 -6.5059999999999985 3.390999999999999 0.92
160.64997628964 -58.41022704947 0.017 0.0161 5.4374 "" "" 5350715032416813696 2910.60669 0.3113 0.0203 -6.491 3.457 0.021 0.019 1.067 9287.2 4.0677 14.950293 0.648105 15.195168 14.547064 "" "" 2742.06958 3114.25708 19716.48953 5.6989 11412.0 14.176 12032.0 15.775 "" "" 0.0027731344586874075 0.00309904 0.0040385723 0.0071376124 160.64997628964 -58.41022704947 2910.60669 -6.490999999999998 3.457 0.87
160.28434832743 -58.34841443502 0.017 0.0183 6.7115 "" "" 5350728604513227776 2634.20874 0.3391 0.0218 -6.405 3.383 0.024 0.023 0.956 "" "" 14.984084 1.195425 15.481101 14.285676 "" "" 2487.62402 2773.80273 19112.30489 4.9158 8769.5 13.727 15307.0 23.637 "" "" 0.0027694357486792013 0.003267017 0.0041345707 0.0074015874 160.28434832743 -58.34841443502 2634.20874 -6.405000000000002 3.3830000000000005 0.88
160.46320183536 -58.32319920442 0.0169 0.0179 3.1209 "" "" 5350728157836877056 2758.96167 0.3263 0.0211 -6.295 3.501 0.022 0.023 1.042 10615.3 4.0394 15.136258 1.027844 15.517611 14.489767 "" "" 2578.4917 2906.29175 16612.82787 4.9622 8479.5 15.961 12684.0 55.512 "" "" 0.0027743402451209146 0.003458569 0.0060714902 0.009530059 160.46320183536 -58.32319920442 2758.96167 -6.295 3.501 0.86
160.49249998202 -58.35260770654 0.0201 0.0214 1.2178 "" "" 5350727848599194624 2956.21069 0.3104 0.0252 -6.514 3.455 0.027 0.026 1.101 9263.5 4.1559 15.390959 0.744803 15.675235 14.930432 "" "" 2753.59741 3234.47607 13139.02944 3.9584 7333.7 12.049 8452.5 10.866 "" "" 0.0027746682493913987 0.0033116578 0.0040288777 0.0073405355 160.49249998202 -58.35260770654 2956.21069 -6.513999999999999 3.455000000000001 0.87
160.51043622365 -58.4183904953 0.02 0.02 2.7874 "" "" 5350715582172463488 2593.35181 0.3573 0.025 -6.532 3.459 0.025 0.024 0.985 9847.6 4.193 15.462064 0.789548 15.756509 14.966961 "" "" 2446.33765 2778.59058 12306.11949 3.7998 6804.8 12.072 8172.9 10.7 "" "" 0.002775640367051336 0.003390438 0.004037852 0.00742829 160.51043622365 -58.4183904953 2593.35181 -6.532 3.4589999999999996 0.88
160.45407345731 -58.37601166525 0.0215 0.0223 1.2206 "" "" 5350727779879623296 2893.15186 0.3129 0.0268 -6.538 3.479 0.028 0.027 1.06 9173.9 4.1634 15.596205 0.823396 15.922433 15.099037 "" "" 2703.48511 3182.35986 10875.89053 3.8052 5840.4 12.505 7236.7 9.741 "" "" 0.002781383099508489 0.0036316996 0.00405211 0.00768381 160.45407345731 -58.37601166525 2893.15186 -6.538000000000002 3.479000000000001 0.87
160.50331997039 -58.45779969182 0.0234 0.0227 5.1052 "" "" 5350715341654189568 2401.59424 0.382 0.0284 -7.156 2.937 0.03 0.028 1.004 7120.0 4.164 15.66923 1.243143 16.207 14.963858 "" "" 2267.36377 2557.90576 10168.44685 3.5482 4493.8 9.628 8196.2 9.0506 "" "" 0.002781244980552913 0.0036326637 0.003964988 0.007597652 160.50331997039 -58.45779969182 2401.59424 -7.156 2.9369999999999994 0.8
160.51156147386 -58.46788210705 0.0238 0.0243 5.7303 "" "" 5350713864185424000 2830.54785 0.3286 0.0296 -6.441 3.47 0.031 0.03 0.972 5653.4 4.1519 15.841559 1.210836 16.336802 15.125965 "" "" 2601.64819 3083.30103 8676.07158 3.0521 3987.5 14.674 7059.5 30.079 "" "" 0.0027816669073920815 0.004873309 0.0059736427 0.010846952 160.51156147386 -58.46788210705 2830.54785 -6.441 3.4699999999999998 0.85
160.58801570229 -58.38178751692 0.0244 0.0234 3.0544 "" "" 5350715857050536960 2853.0603 0.3185 0.031 -6.446 3.464 0.032 0.03 1.018 8595.8 4.2454 15.862293 0.875013 16.214504 15.339491 "" "" 2638.77759 3114.7063 8511.96029 2.9685 4462.9 11.141 5799.1 9.3532 "" "" 0.0027812157641829882 0.0038898904 0.0041653644 0.008055255 160.58801570229 -58.38178751692 2853.0603 -6.446000000000001 3.4640000000000004 0.84
160.53330374875 -58.34333091666 0.0245 0.0245 2.192 "" "" 5350739599630422016 2774.94653 0.319 0.0305 -6.524 3.431 0.03 0.03 0.997 9365.8 4.1936 15.86397 0.954722 16.249598 15.294875 "" "" 2583.74072 3067.42188 8498.82371 2.958 4320.9 10.544 6042.4 9.6574 "" "" 0.0027811129242461385 0.003847678 0.004158726 0.008006404 160.53330374875 -58.34333091666 2774.94653 -6.524000000000002 3.4309999999999996 0.89
160.62802571044 -58.37940310201 0.0243 0.0235 4.2842 "" "" 5350739290392790912 2532.86963 0.3686 0.0295 -6.44 3.449 0.032 0.028 0.987 8396.7 4.2209 15.935657 0.891099 16.299995 15.408896 "" "" 2345.16064 2720.25464 7955.79796 2.8387 4125.0 9.4572 5440.0 8.6086 "" "" 0.0027824213305724715 0.0037391516 0.004151593 0.007890744 160.62802571044 -58.37940310201 2532.86963 -6.440000000000001 3.449 0.82
160.66127329486 -58.45256715088 0.0261 0.0257 7.1421 "" "" 5350714826258293120 2604.34595 0.3599 0.0323 -6.946 2.897 0.034 0.031 1.033 6005.1 4.2168 16.00163 1.258636 16.530838 15.272203 "" "" 2371.64258 2837.7627 7486.76377 2.6607 3334.9 8.599 6169.9 9.9481 "" "" 0.0027822068270701742 0.00395254 0.004165131 0.008117671 160.66127329486 -58.45256715088 2604.34595 -6.946000000000002 2.8970000000000002 0.82
160.34528040939 -58.4219703016 0.0263 0.0271 5.4834 "" "" 5350726646008024960 2525.04028 0.3782 0.0329 -6.492 3.417 0.035 0.034 0.982 9237.3 4.1606 16.036787 0.971804 16.43287 15.461067 "" "" 2318.33472 2810.17603 7248.22605 2.7268 3649.8 8.7686 5184.8 8.3591 "" "" 0.002785431053195022 0.003819575 0.004165073 0.0079846475 160.34528040939 -58.4219703016 2525.04028 -6.492 3.417 0.81
160.40897995647 -58.3157096325 0.0277 0.0285 4.3219 "" "" 5350728948110821504 2663.2583 0.3565 0.0344 -6.433 3.463 0.037 0.034 0.993 7831.4 3.8457 16.223122 1.185897 16.723907 15.538011 "" "" 2404.38892 2926.20728 6105.16936 2.6575 2791.6 9.1844 4830.1 13.072 "" "" 0.002795558347370405 0.004532642 0.0047872635 0.009319905 160.40897995647 -58.3157096325 2663.2583 -6.433 3.463 0.83
160.46244791595 -58.35324732296 0.0315 0.0334 1.5101 "" "" 5350727809920656640 2269.60449 0.4062 0.0395 -6.683 2.734 0.04 0.039 1.034 6521.7 4.3503 16.464294 1.341681 17.067972 15.726292 "" "" 2078.51831 2483.05005 4889.10029 2.2909 2033.4 8.059 4061.1 12.27 "" "" 0.002801894445388213 0.00512853 0.005004465 0.0101329945 160.46244791595 -58.35324732296 2269.60449 -6.682999999999998 2.733999999999998 0.82
