Clusters/LP_1487/LP_1487_stars_in_region.tsv
# %ECSV 1.0
# ---
# datatype:
# - name: RA_ICRS_1
#   unit: deg
#   datatype: float64
#   format: '{:15.11f}'
#   description: Right ascension (ICRS) at Ep=2016.0 (ra)
#   meta: !!omap
#   - {ucd: POS_EQ_RA_MAIN}
#   - {width: 15}
#   - {precision: '11'}
# - name: DE_ICRS_1
#   unit: deg
#   datatype: float64
#   format: '{:15.11f}'
#   description: Declination (ICRS) at Ep=2016.0 (dec)
#   meta: !!omap
#   - {ucd: POS_EQ_DEC_MAIN}
#   - {width: 15}
#   - {precision: '11'}
# - name: e_RA_ICRS
#   unit: mas
#   datatype: float64
#   format: '{:7.4f}'
#   description: Standard error of right ascension (ra_error)
#   meta: !!omap
#   - {ucd: ERROR}
#   - {width: 7}
#   - {precision: '4'}
# - name: e_DE_ICRS
#   unit: mas
#   datatype: float64
#   format: '{:7.4f}'
#   description: Standard error of declination (dec_error)
#   meta: !!omap
#   - {ucd: ERROR}
#   - {width: 7}
#   - {precision: '4'}
# - name: _r_1
#   unit: ''
#   datatype: float64
#   format: '{:7.4f}'
#   description: Distance from center (160.49241345000-58.37290423000)[ICRS], at Epoch=J2016.0
#   meta: !!omap
#   - {ucd: POS_ANG_DIST_GENERAL}
#   - {width: 7}
#   - {precision: '4'}
# - name: HIP
#   datatype: int32
#   description: '? HIP cross-id number, van Leeuwen, Cat. I/311 (hip_original_ext_source_id)'
#   meta: !!omap
#   - {ucd: ID_NUMBER}
#   - {width: 6}
#   - values: {'null': -2147483648}
# - name: TYC2
#   datatype: string
#   description: Tycho-2 cross-id name, Hog et al., Cat. I/259 (tyc2_original_ext_source_id)
#   meta: !!omap
#   - {ucd: ID_CROSSID}
#   - {_votable_string_dtype: char}
# - name: Source
#   datatype: int64
#   description: Source identifier, identical to the Gaia-EDR3 source_id (id)
#   meta: !!omap
#   - {ucd: ID_MAIN}
#   - {width: 19}
# - name: rgeo
#   unit: pc
#   datatype: float64
#   format: '{:15.8f}'
#   description: '? Median of the geometric distance posterior (r_med_geo)'
#   meta: !!omap
#   - {ucd: PHYS_DISTANCE_TRUE}
#   - {width: 15}
#   - {precision: '8'}
#   - values: {'null': .nan}
# - name: Plx
#   unit: mas
#   datatype: float64
#   format: '{:9.4f}'
#   description: '? Parallax (parallax)'
#   meta: !!omap
#   - {ucd: POS_PARLX_TRIG}
#   - {width: 9}
#   - {precision: '4'}
#   - values: {'null': .nan}
# - name: e_Plx
#   unit: mas
#   datatype: float32
#   format: '{:7.4f}'
#   description: '? Standard error of parallax (parallax_error)'
#   meta: !!omap
#   - {ucd: ERROR}
#   - {width: 7}
#   - {precision: '4'}
#   - values: {'null': .nan}
# - name: pmRA
#   unit: mas / yr
#   datatype: float64
#   format: '{:9.3f}'
#   description: '? Proper motion in right ascension direction, pmRA*cosDE (pmra)'
#   meta: !!omap
#   - {ucd: POS_EQ_PMRA}
#   - {width: 9}
#   - {precision: '3'}
#   - values: {'null': .nan}
# - name: pmDE
#   unit: mas / yr
#   datatype: float64
#   format: '{:9.3f}'
#   description: '? Proper motion in declination direction (pmdec)'
#   meta: !!omap
#   - {ucd: POS_EQ_PMDEC}
#   - {width: 9}
#   - {precision: '3'}
#   - values: {'null': .nan}
# - name: e_pmRA
#   unit: mas / yr
#   datatype: float32
#   format: '{:6.3f}'
#   description: '? Standard error of proper motion in right ascension direction (pmra_error)'
#   meta: !!omap
#   - {ucd: ERROR}
#   - {width: 6}
#   - {precision: '3'}
#   - values: {'null': .nan}
# - name: e_pmDE
[...]
#         value: !astropy.table.SerializedColumn {name: SkyCoord.dec}
#       distance: !astropy.table.SerializedColumn
#         __class__: astropy.coordinates.distances.Distance
#         unit: !astropy.units.Unit {unit: pc}
#         value: !astropy.table.SerializedColumn {name: SkyCoord.distance}
#       frame: icrs
#       obstime: !astropy.time.Time {format: jyear_str, in_subfmt: '*', jd1: 367701545.0, jd2: 0.0, out_subfmt: '*', precision: 3, scale: tt}
#       pm_dec: !astropy.table.SerializedColumn
#         __class__: astropy.units.quantity.Quantity
#         unit: !astropy.units.Unit {unit: mas / yr}
#         value: !astropy.table.SerializedColumn {name: SkyCoord.pm_dec}
#       pm_ra_cosdec: !astropy.table.SerializedColumn
#         __class__: astropy.units.quantity.Quantity
#         unit: !astropy.units.Unit {unit: mas / yr}
#         value: !astropy.table.SerializedColumn {name: SkyCoord.pm_ra_cosdec}
#       ra: !astropy.table.SerializedColumn
#         __class__: astropy.coordinates.angles.Longitude
#         unit: *id001
#         value: !astropy.table.SerializedColumn {name: SkyCoord.ra}
#         wrap_angle: !astropy.coordinates.Angle
#           unit: *id001
#           value: 360.0
#       representation_type: spherical
# schema: astropy-2.0
RA_ICRS_1 DE_ICRS_1 e_RA_ICRS e_DE_ICRS _r_1 HIP TYC2 Source rgeo Plx e_Plx pmRA pmDE e_pmRA e_pmDE RUWE Teff logg Gmag BP-RP BPmag RPmag RV e_RV b_rgeo B_rgeo FG e_FG FBP e_FBP FRP e_FRP RAVE5 RAVE6 e_Gmag e_BPmag e_RPmag e_BP-RP SkyCoord.ra SkyCoord.dec SkyCoord.distance SkyCoord.pm_ra_cosdec SkyCoord.pm_dec rmRA rmDE e_rmRA e_rmDE rRV e_rRV v_pec v_pec3d e_v_pec e_v_pec3d
[from data line 1174]
160.83598644066 -58.44903503604 0.0474 0.0487 11.7247 "" "" 5350734995426651648 2599.78979 0.3953 0.0584 -1.923 -1.27 0.062 0.056 1.022 5254.2 4.6234 16.953945 1.290394 17.52112 16.230726 "" "" 2228.9834 3030.12036 3114.35763 1.895 1339.6 9.5973 2551.9 8.2735 "" "" 0.002833414014642624 0.008263823 0.0051647406 0.013428563 160.83598644066 -58.44903503604 2599.78979 -1.923 -1.27 4.639310218811035 -4.606896657943725 0.25677982 0.25077984 "" "" 80.56897757661848 "" 20.449904343198998 ""
160.73479845281 -58.20457078831 0.0463 0.0447 12.6668 "" "" 5350742176611794944 3110.21289 0.3075 0.0555 -6.396 4.62 0.06 0.053 1.049 6263.0 4.4247 16.954395 1.520531 17.655146 16.134615 "" "" 2648.31592 3813.03784 3113.06914 1.9478 1184.0 8.2693 2788.1 7.5656 "" "" 0.002837829582792922 0.008080038 0.004792046 0.012872084 160.73479845281 -58.20457078831 3110.21289 -6.395999999999999 4.62 0.16631021881103525 1.2831033420562745 0.25477982 0.24777983 "" "" 19.07426919191097 "" 4.728455928744537 ""
160.84451227996 -58.42378217443 0.0426 0.0455 11.4834 "" "" 5350735472142150400 2751.92969 0.3615 0.0567 -7.488 2.851 0.056 0.052 1.01 5490.1 4.6091 16.955038 1.428965 17.598131 16.169167 "" "" 2384.06274 3192.97388 3111.22782 1.8738 1247.9 6.4734 2700.8 9.2077 "" "" 0.0028318515603434026 0.006285425 0.0052901004 0.011575526 160.84451227996 -58.42378217443 2751.92969 -7.488 2.8510000000000004 -0.9256897811889653 -0.4858966579437256 0.25077984 0.24677983 "" "" 13.637199279517406 "" 3.4082255714692815 ""
160.9223290485 -58.43117446462 0.0434 0.0476 13.9603 "" "" 5350734716231970944 3070.7937 0.3063 0.0565 -4.63 0.975 0.056 0.054 1.062 4687.3 4.1499 16.956177 2.017012 17.9709 15.953888 "" "" 2612.10718 3571.84497 3107.96693 1.9601 885.23 7.6456 3293.1 8.5664 "" "" 0.002839130010335239 0.00978364 0.0047181193 0.014501759 160.9223290485 -58.43117446462 3070.7937 -4.629999999999999 0.9749999999999999 1.9323102188110353 -2.3618966579437255 0.25077984 0.24877983 "" "" 44.41803017482101 "" 11.086014761267261 ""
160.63441250225 -58.3336339649 0.0413 0.0427 5.0532 "" "" 5350739874508476928 3022.01685 0.3047 0.051 -5.672 2.815 0.054 0.053 1.073 7637.0 4.4504 16.958384 1.308207 17.540197 16.23199 "" "" 2632.05908 3457.22461 3101.65531 1.7765 1316.2 7.9551 2549.0 8.1309 "" "" 0.0028246247938290073 0.0071307253 0.00512624 0.012256965 160.63441250225 -58.3336339649 3022.01685 -5.672000000000001 2.8150000000000004 0.8903102188110354 -0.5218966579437256 0.24877983 0.24777983 "" "" 14.782769971810898 "" 3.6738800773241196 ""
160.77534778535 -58.44877254204 0.045 0.043 9.9899 "" "" 5350735167224176384 2485.2063 0.3781 0.0549 -5.826 2.462 0.054 0.048 1.016 5719.7 4.6247 16.95927 1.228699 17.496492 16.267794 "" "" 2254.94189 2828.07886 3099.12269 1.9208 1370.3 7.4265 2466.3 8.6696 "" "" 0.0028363038485253894 0.006512274 0.0053712395 0.011883514 160.77534778535 -58.44877254204 2485.2063 -5.826 2.4620000000000006 0.7363102188110355 -0.8748966579437254 0.24877983 0.24277982 "" "" 13.470314288486765 "" 3.30407067062191 ""
160.56670997806 -58.31466441412 0.0403 0.0411 4.2053 "" "" 5350739771429232000 3251.65698 0.3033 0.0501 -5.343 6.663 0.053 0.051 1.054 "" "" 16.961 1.571981 17.681747 16.109766 "" "" 2781.03247 3830.81445 3094.18958 1.9042 1155.4 5.8624 2852.7 7.6823 "" "" 0.002835180168937712 0.006175223 0.004778368 0.01095359 160.56670997806 -58.31466441412 3251.65698 -5.343 6.663 1.2193102188110352 3.3261033420562747 0.24777983 0.24577983 "" "" 54.6008505070249 "" 13.432770735135064 ""
160.2481859353 -58.39222443903 0.315 0.3218 7.7691 "" "" 5350726955252472704 3330.42725 0.3095 0.3817 -6.524 1.307 0.427 0.407 7.799 "" "" 16.962933 2.364245 17.8629 15.498654 "" "" 2000.76514 5496.88867 3088.68485 20.9 977.82 6.0373 5008.4 11.315 "" "" 0.00784646105474894 0.007261082 0.0045056017 0.011766683 160.2481859353 -58.39222443903 3330.42725 -6.524000000000001 1.307 0.038310218811035135 -2.0298966579437256 0.6217798 0.6017798 "" "" 32.050112140181795 "" 19.287342695948986 ""
160.65477493694 -58.35795682968 0.0392 0.0391 5.1876 "" "" 5350738671917592320 2629.57422 0.3601 0.0481 -5.622 1.353 0.051 0.047 1.004 5568.5 4.6135 16.968624 1.226807 17.491829 16.265022 "" "" 2323.63623 2993.58008 3072.53759 1.9984 1376.2 7.1341 2472.6 7.8739 "" "" 0.0028443744622876255 0.006281998 0.0051222974 0.011404295 160.65477493694 -58.35795682968 2629.57422 -5.622 1.3529999999999998 0.9403102188110353 -1.9838966579437256 0.24577983 0.24177983 "" "" 27.36456899476846 "" 6.636415089777046 ""
160.72379879543 -58.40930747032 0.043 0.042 7.5971 "" "" 5350738293960410752 2541.67188 0.378 0.0534 -7.444 2.962 0.057 0.051 1.006 5662.7 4.6276 16.96955 1.368051 17.584198 16.216146 "" "" 2274.97559 3163.36768 3069.91796 1.8886 1264.0 6.1732 2586.4 8.2056 "" "" 0.0028351249372482847 0.0059918654 0.00511361 0.011105476 160.72379879543 -58.40930747032 2541.67188 -7.444000000000001 2.9620000000000006 -0.8816897811889648 -0.3748966579437254 0.25177982 0.24577983 "" "" 11.542537039734771 "" 2.8956813705266535 ""
160.37434325794 -58.3259455265 0.0425 0.0432 4.6645 "" "" 5350728879391284224 2903.44727 0.3394 0.0529 -7.572 3.845 0.058 0.052 1.014 "" "" 16.96956 1.943798 17.928417 15.984619 "" "" 2457.9292 3400.84351 3069.88628 1.9606 920.55 7.6838 3201.2 8.5043 "" "" 0.0028412336833016035 0.009482397 0.004754291 0.014236688 160.37434325794 -58.3259455265 2903.44727 -7.572 3.8450000000000006 -1.009689781188965 0.5081033420562746 0.25277984 0.24677983 "" "" 15.555964846443901 "" 3.91355369340646 ""
160.61743780593 -58.40450942228 0.0457 0.0413 4.3653 "" "" 5350715788331035392 2495.21313 0.3797 0.0532 -4.402 1.697 0.059 0.049 1.032 5420.0 4.6758 16.97092 1.267702 17.524343 16.256641 "" "" 2227.97925 2792.29956 3066.04656 1.8091 1335.6 9.579 2491.7 8.6604 "" "" 0.002828815620246229 0.008271749 0.005340832 0.013612581 160.61743780593 -58.40450942228 2495.21313 -4.402 1.6970000000000003 2.160310218811035 -1.6398966579437255 0.25377983 0.24377982 "" "" 32.07840682927096 "" 8.02506823042666 ""
160.73600878456 -58.38403476767 0.0426 0.0407 7.6921 "" "" 5350738774996835072 2631.13013 0.3586 0.052 -5.463 3.746 0.053 0.048 0.972 "" "" 16.971987 1.326426 17.551895 16.22547 "" "" 2312.2041 3080.28955 3063.03287 2.1087 1302.1 10.504 2564.3 8.4327 "" "" 0.002854905350322704 0.009192286 0.0051992107 0.014391497 160.73600878456 -58.38403476767 2631.13013 -5.462999999999999 3.7460000000000004 1.099310218811035 0.4091033420562744 0.24777983 0.24277982 "" "" 14.628708202412179 "" 3.615880308180078 ""
160.19311927736 -58.34890129661 0.0458 0.0467 9.5294 "" "" 5350730219420827648 2398.7207 0.3962 0.0563 -7.111 2.937 0.063 0.059 1.05 8112.8 4.3574 16.973373 1.591288 17.708714 16.117426 "" "" 2134.39429 2801.85229 3059.12764 2.0457 1127.0 6.9252 2832.6 9.2172 "" "" 0.0028493759310239913 0.007231587 0.005173538 0.012405125 160.19311927736 -58.34890129661 2398.7207 -7.111 2.9369999999999994 -0.5486897811889646 -0.39989665794372575 0.25777984 0.25377983 "" "" 7.71965756919429 "" 1.9793145435638806 ""
160.92196375652 -58.2766148696 0.0442 0.0469 14.7151 "" "" 5350743722799592320 2977.11108 0.3168 0.0572 -7.446 2.838 0.058 0.054 1.032 8263.7 4.0988 16.97365 1.697401 17.78541 16.088009 "" "" 2584.41235 3621.72021 3058.34907 2.0521 1050.2 7.4371 2910.4 7.6193 "" "" 0.002850002942146808 0.008179362 0.0047289557 0.012908317 160.92196375652 -58.2766148696 2977.11108 -7.446 2.838 -0.8836897811889646 -0.4988966579437255 0.25277984 0.24877983 "" "" 14.320262706347156 "" 3.606112599687191 ""
160.26591478169 -58.47372674646 0.044 0.0434 9.34 "" "" 5350720255096465280 2560.65381 0.3708 0.0518 -4.143 5.724 0.059 0.052 1.053 6111.8 4.4744 16.974464 1.409944 17.607876 16.197931 "" "" 2269.1604 2927.46631 3056.05462 2.0197 1236.7 7.2646 2630.2 7.5892 "" "" 0.002847220116993846 0.006961431 0.004908983 0.011870414 160.26591478169 -58.47372674646 2560.65381 -4.143000000000001 5.724 2.4193102188110354 2.3871033420562746 0.25377983 0.24677983 "" "" 41.252008410943326 "" 10.327489598172946 ""
160.81913969039 -58.55561024747 0.321 0.3292 15.0101 "" "" 5350710080299327616 3231.98584 0.3973 0.3908 -7.48 0.708 0.418 0.41 7.355 5535.8 4.7053 16.9753 1.393646 17.504372 16.110725 "" "" 1995.9425 4708.43213 3053.70465 10.831 1360.4 6.6987 2850.2 7.265 "" "" 0.00473513093184492 0.00603053 0.004684301 0.010714831 160.81913969039 -58.55561024747 3231.98584 -7.480000000000001 0.7080000000000004 -0.9176897811889653 -2.6288966579437254 0.61277986 0.60477984 "" "" 42.65694468872487 "" 25.83534547088056 ""
160.29647483421 -58.40653890791 0.0464 0.0459 6.484 "" "" 5350726714727488128 2765.57056 0.3384 0.0564 -7.631 3.613 0.063 0.058 1.061 7203.0 4.3307 16.976435 1.546381 17.70112 16.15474 "" "" 2408.11304 3086.26807 3050.51391 1.8028 1134.9 5.5622 2736.9 7.5307 "" "" 0.0028290467209041246 0.006008386 0.004817529 0.010825915 160.29647483421 -58.40653890791 2765.57056 -7.631 3.6130000000000004 -1.068689781188965 0.2761033420562744 0.25777984 0.25277984 "" "" 14.469239835676895 "" 3.7253926645664563 ""
160.50817415323 -58.65274781147 0.0547 0.0555 16.7979 "" "" 5350705682247223168 2620.89062 0.3832 0.0652 -5.548 2.131 0.064 0.063 1.086 4704.2 4.3334 16.9768 1.739899 17.840424 16.100525 "" "" 2281.23608 3201.28882 3049.48618 2.21 998.27 10.987 2877.1 10.941 "" "" 0.0028654696908952913 0.012271077 0.005597402 0.01786848 160.50817415323 -58.65274781147 2620.89062 -5.548000000000001 2.1310000000000002 1.0143102188110351 -1.2058966579437258 0.25877982 0.25777984 "" "" 19.575670429968977 "" 5.05433331422884 ""
160.2420592155 -58.62320096435 0.0448 0.0467 16.9452 "" "" 5350717094000184064 2703.85815 0.3655 0.0528 -12.411 6.677 0.056 0.056 0.992 4841.0 4.4035 16.977116 1.385571 17.60659 16.22102 "" "" 2359.4873 3148.18652 3048.6008 2.1887 1238.2 8.3557 2574.8 7.5726 "" "" 0.0028634581243835587 0.007840124 0.004947751 0.012787875 160.2420592155 -58.62320096435 2703.85815 -12.410999999999998 6.677 -5.848689781188964 3.340103342056274 0.25077984 0.25077984 "" "" 86.3207775133372 "" 21.647510546439655 ""
160.63262203041 -58.48212252695 0.0438 0.0429 7.8958 "" "" 5350714379581592832 2910.50073 0.3376 0.0532 -6.552 1.907 0.055 0.051 1.0 6079.3 4.4757 16.977463 1.461256 17.62995 16.168694 "" "" 2558.14307 3486.4895 3047.62334 2.0477 1211.8 7.2947 2702.0 11.831 "" "" 0.002850257798809925 0.007106485 0.0060732504 0.013179735 160.63262203041 -58.48212252695 2910.50073 -6.5520000000000005 1.907 0.010310218811035554 -1.4298966579437256 0.24977982 0.24577983 "" "" 19.727043156826593 "" 4.848513394642561 ""
160.24284675081 -58.52113660913 0.0453 0.0465 11.8533 "" "" 5350720083297643008 2632.49316 0.3511 0.054 -6.53 3.598 0.056 0.055 1.083 5534.3 4.6765 16.978783 1.11043 17.438063 16.327633 "" "" 2286.20752 3019.05127 3043.92108 1.894 1446.1 6.5233 2334.0 8.6247 "" "" 0.002836932386613104 0.005636723 0.0055118375 0.011148561 160.24284675081 -58.52113660913 2632.49316 -6.53 3.5979999999999994 0.03231021881103491 0.2611033420562743 0.25077984 0.24977982 "" "" 3.2829022905737046 "" 0.8200523554130149 ""
160.4441289965 -58.44063453432 0.0436 0.0451 4.338 "" "" 5350725683935416064 2387.3396 0.4134 0.0557 -7.694 2.728 0.056 0.054 1.006 5542.8 4.6985 16.981482 1.294964 17.556452 16.261488 "" "" 2090.36182 2737.17871 3036.36653 1.9636 1296.7 6.1232 2480.6 8.7717 "" "" 0.002843376281406733 0.0058370517 0.0053873835 0.011224436 160.4441289965 -58.44063453432 2387.3396 -7.693999999999999 2.728 -1.1316897811889648 -0.6088966579437254 0.25077984 0.24877983 "" "" 14.54215587443147 "" 3.640370296547833 ""
160.5881705642 -58.51620867472 0.0428 0.0427 9.1088 "" "" 5350712799033498496 2984.84692 0.3086 0.0524 -7.899 5.167 0.054 0.05 1.016 "" "" 16.985992 1.204737 17.487406 16.28267 "" "" 2614.66919 3472.7002 3023.77514 1.8675 1381.8 14.584 2432.7 14.137 "" "" 0.0028357424925304292 0.011794032 0.0073548057 0.019148838 160.5881705642 -58.51620867472 2984.84692 -7.899000000000001 5.167 -1.3366897811889649 1.8301033420562742 0.24877983 0.24477983 "" "" 32.063702129599946 "" 7.893401703323664 ""
160.26039246498 -58.47058264417 0.0424 0.0433 9.3537 "" "" 5350726130611728128 2733.67822 0.3593 0.0517 -5.87 2.531 0.055 0.052 1.008 "" "" 16.986177 1.516512 17.671432 16.15492 "" "" 2323.74805 3287.48657 3023.26131 1.8863 1166.4 9.0782 2736.5 7.4657 "" "" 0.0028373738164455204 0.008899106 0.0048018484 0.013700955 160.26039246498 -58.47058264417 2733.67822 -5.870000000000001 2.5309999999999997 0.692310218811035 -0.8058966579437254 0.24977982 0.24677983 "" "" 13.766612571365018 "" 3.4149199336190117 ""
160.88818469453 -58.31189726739 0.0469 0.0466 12.9894 "" "" 5350737709845283712 2447.5376 0.3988 0.0585 -5.799 1.994 0.06 0.054 1.124 4715.9 4.3567 16.987186 1.452108 17.634876 16.182768 "" "" 2162.08716 2905.14966 3020.45423 3.1007 1206.3 5.7143 2667.2 8.2141 "" "" 0.002972218211915563 0.005851272 0.0050461995 0.010897472 160.88818469453 -58.31189726739 2447.5376 -5.7989999999999995 1.994 0.7633102188110348 -1.3428966579437256 0.25477982 0.24877983 "" "" 17.920255644515844 "" 4.484691788604949 ""
160.546798611 -58.43878892131 0.0424 0.0431 4.3069 "" "" 5350715268615951488 2265.71533 0.4139 0.054 -5.892 -0.465 0.055 0.051 0.952 5382.6 4.6702 16.987835 1.202742 17.507473 16.304731 "" "" 2000.38574 2689.59399 3018.65005 1.8011 1356.5 7.9045 2383.8 8.6701 "" "" 0.0028304505871860376 0.006914657 0.0054660514 0.012380708 160.546798611 -58.43878892131 2265.71533 -5.8919999999999995 -0.4650000000000001 0.6703102188110348 -3.8018966579437254 0.24977982 0.24577983 "" "" 41.46018446083585 "" 10.195116148635 ""
160.21642848908 -58.52980965106 0.0449 0.044 12.7944 "" "" 5350719872824651392 2671.56055 0.3551 0.0517 -8.099 4.578 0.056 0.053 0.957 6293.4 4.4282 16.99157 1.876255 18.002617 16.126362 "" "" 2379.18188 3106.99878 3008.28635 2.512 859.75 10.905 2809.4 21.905 "" "" 0.002900646007816889 0.0140512 0.009270861 0.02332206 160.21642848908 -58.52980965106 2671.56055 -8.099 4.578 -1.536689781188965 1.2411033420562747 0.25077984 0.24777983 "" "" 25.013430017402616 "" 6.243347129161433 ""
160.60150637283 -58.49622466933 0.0432 0.0429 8.1541 "" "" 5350714310862050304 3091.73315 0.313 0.0526 -6.627 3.337 0.057 0.051 0.909 6041.8 4.4881 16.993929 1.279369 17.537918 16.258549 "" "" 2600.77124 3745.46484 3001.75244 1.9063 1319.0 9.8073 2487.4 9.4177 "" "" 0.0028402840866195286 0.008541462 0.0055841007 0.014125563 160.60150637283 -58.49622466933 3091.73315 -6.627000000000001 3.3369999999999997 -0.06468978118896462 0.00010334205627460236 0.25177982 0.24577983 "" "" 0.948017993863788 "" 0.23869178977030667 ""
160.09379854284 -58.25213563796 0.0442 0.0456 14.5031 "" "" 5350732968200024832 2563.54199 0.3688 0.0544 -7.891 3.261 0.06 0.054 1.006 5467.2 4.6404 16.994036 1.229565 17.532291 16.302727 "" "" 2291.75513 2964.86914 3001.46051 2.0528 1325.9 5.8688 2388.2 11.565 "" "" 0.0028536295962445887 0.0055570193 0.0064751506 0.01203217 160.09379854284 -58.25213563796 2563.54199 -7.891 3.2610000000000006 -1.3286897811889649 -0.07589665794372547 0.25477982 0.24877983 "" "" 16.171478926056864 "" 4.119854562996854 ""
160.48258710955 -58.08901717387 0.0494 0.0419 17.0361 "" "" 5350755645628791552 2469.25659 0.3877 0.0533 -6.837 4.588 0.064 0.054 1.048 5436.3 4.7072 16.996572 1.230213 17.537685 16.307472 "" "" 2155.99243 2892.87109 2994.45467 1.6571 1319.3 6.8518 2377.8 9.6292 "" "" 0.002820069533783251 0.0062913373 0.0057979133 0.012089251 160.48258710955 -58.08901717387 2469.25659 -6.837 4.587999999999999 -0.2746897811889646 1.2511033420562745 0.25877982 0.24877983 "" "" 14.992049639503485 "" 3.7367462185002274 ""
