Clusters/LP_1487/LP_1487_stars_in_region.tsv
# %ECSV 1.0
# ---
# datatype:
# - name: RA_ICRS_1
#   unit: deg
#   datatype: float64
#   format: '{:15.11f}'
#   description: Right ascension (ICRS) at Ep=2016.0 (ra)
#   meta: !!omap
#   - {ucd: POS_EQ_RA_MAIN}
#   - {width: 15}
#   - {precision: '11'}
# - name: DE_ICRS_1
#   unit: deg
#   datatype: float64
#   format: '{:15.11f}'
#   description: Declination (ICRS) at Ep=2016.0 (dec)
#   meta: !!omap
#   - {ucd: POS_EQ_DEC_MAIN}
#   - {width: 15}
#   - {precision: '11'}
# - name: e_RA_ICRS
#   unit: mas
#   datatype: float64
#   format: '{:7.4f}'
#   description: Standard error of right ascension (ra_error)
#   meta: !!omap
#   - {ucd: ERROR}
#   - {width: 7}
#   - {precision: '4'}
# - name: e_DE_ICRS
#   unit: mas
#   datatype: float64
#   format: '{:7.4f}'
#   description: Standard error of declination (dec_error)
#   meta: !!omap
#   - {ucd: ERROR}
#   - {width: 7}
#   - {precision: '4'}
# - name: _r_1
#   unit: ''
#   datatype: float64
#   format: '{:7.4f}'
#   description: Distance from center (160.49241345000-58.37290423000)[ICRS], at Epoch=J2016.0
#   meta: !!omap
#   - {ucd: POS_ANG_DIST_GENERAL}
#   - {width: 7}
#   - {precision: '4'}
# - name: HIP
#   datatype: int32
#   description: '? HIP cross-id number, van Leeuwen, Cat. I/311 (hip_original_ext_source_id)'
#   meta: !!omap
#   - {ucd: ID_NUMBER}
#   - {width: 6}
#   - values: {'null': -2147483648}
# - name: TYC2
#   datatype: string
#   description: Tycho-2 cross-id name, Hog et al., Cat. I/259 (tyc2_original_ext_source_id)
#   meta: !!omap
#   - {ucd: ID_CROSSID}
#   - {_votable_string_dtype: char}
# - name: Source
#   datatype: int64
#   description: Source identifier, identical to the Gaia-EDR3 source_id (id)
#   meta: !!omap
#   - {ucd: ID_MAIN}
#   - {width: 19}
# - name: rgeo
#   unit: pc
#   datatype: float64
#   format: '{:15.8f}'
#   description: '? Median of the geometric distance posterior (r_med_geo)'
#   meta: !!omap
#   - {ucd: PHYS_DISTANCE_TRUE}
#   - {width: 15}
#   - {precision: '8'}
#   - values: {'null': .nan}
# - name: Plx
#   unit: mas
#   datatype: float64
#   format: '{:9.4f}'
#   description: '? Parallax (parallax)'
#   meta: !!omap
#   - {ucd: POS_PARLX_TRIG}
#   - {width: 9}
#   - {precision: '4'}
#   - values: {'null': .nan}
# - name: e_Plx
#   unit: mas
#   datatype: float32
#   format: '{:7.4f}'
#   description: '? Standard error of parallax (parallax_error)'
#   meta: !!omap
#   - {ucd: ERROR}
#   - {width: 7}
#   - {precision: '4'}
#   - values: {'null': .nan}
# - name: pmRA
#   unit: mas / yr
#   datatype: float64
#   format: '{:9.3f}'
#   description: '? Proper motion in right ascension direction, pmRA*cosDE (pmra)'
#   meta: !!omap
#   - {ucd: POS_EQ_PMRA}
#   - {width: 9}
#   - {precision: '3'}
#   - values: {'null': .nan}
# - name: pmDE
#   unit: mas / yr
#   datatype: float64
#   format: '{:9.3f}'
#   description: '? Proper motion in declination direction (pmdec)'
#   meta: !!omap
#   - {ucd: POS_EQ_PMDEC}
#   - {width: 9}
#   - {precision: '3'}
#   - values: {'null': .nan}
# - name: e_pmRA
#   unit: mas / yr
#   datatype: float32
#   format: '{:6.3f}'
#   description: '? Standard error of proper motion in right ascension direction (pmra_error)'
#   meta: !!omap
#   - {ucd: ERROR}
#   - {width: 6}
#   - {precision: '3'}
#   - values: {'null': .nan}
# - name: e_pmDE
[...]
#         value: !astropy.table.SerializedColumn {name: SkyCoord.dec}
#       distance: !astropy.table.SerializedColumn
#         __class__: astropy.coordinates.distances.Distance
#         unit: !astropy.units.Unit {unit: pc}
#         value: !astropy.table.SerializedColumn {name: SkyCoord.distance}
#       frame: icrs
#       obstime: !astropy.time.Time {format: jyear_str, in_subfmt: '*', jd1: 367701545.0, jd2: 0.0, out_subfmt: '*', precision: 3, scale: tt}
#       pm_dec: !astropy.table.SerializedColumn
#         __class__: astropy.units.quantity.Quantity
#         unit: !astropy.units.Unit {unit: mas / yr}
#         value: !astropy.table.SerializedColumn {name: SkyCoord.pm_dec}
#       pm_ra_cosdec: !astropy.table.SerializedColumn
#         __class__: astropy.units.quantity.Quantity
#         unit: !astropy.units.Unit {unit: mas / yr}
#         value: !astropy.table.SerializedColumn {name: SkyCoord.pm_ra_cosdec}
#       ra: !astropy.table.SerializedColumn
#         __class__: astropy.coordinates.angles.Longitude
#         unit: *id001
#         value: !astropy.table.SerializedColumn {name: SkyCoord.ra}
#         wrap_angle: !astropy.coordinates.Angle
#           unit: *id001
#           value: 360.0
#       representation_type: spherical
# schema: astropy-2.0
RA_ICRS_1 DE_ICRS_1 e_RA_ICRS e_DE_ICRS _r_1 HIP TYC2 Source rgeo Plx e_Plx pmRA pmDE e_pmRA e_pmDE RUWE Teff logg Gmag BP-RP BPmag RPmag RV e_RV b_rgeo B_rgeo FG e_FG FBP e_FBP FRP e_FRP RAVE5 RAVE6 e_Gmag e_BPmag e_RPmag e_BP-RP SkyCoord.ra SkyCoord.dec SkyCoord.distance SkyCoord.pm_ra_cosdec SkyCoord.pm_dec rmRA rmDE e_rmRA e_rmDE rRV e_rRV v_pec v_pec3d e_v_pec e_v_pec3d
[from data line 63]
160.66081911035 -58.5723460876 0.0117 0.0111 13.081 "" "" 5350709397419339904 2360.02441 0.3889 0.0141 -7.182 2.948 0.014 0.013 0.927 7129.1 3.604 13.555895 0.468581 13.722089 13.253508 "" "" 2276.70361 2427.6106 71217.85711 21.518 44318.0 23.548 39605.0 25.031 "" "" 0.0027747801420200473 0.0028491854 0.003841172 0.0066903573 160.66081911035 -58.5723460876 2360.02441 -7.1819999999999995 2.947999999999999 -0.6196897811889652 -0.38889665794372563 0.20877983 0.20777982 "" "" 8.184188491684251 "" 1.706384925583769 ""
160.27016430193 -58.26908999345 0.0096 0.0102 9.3723 "" "" 5350732212285929216 2419.64087 0.3818 0.012 -7.411 3.024 0.013 0.013 0.974 "" "" 13.573622 1.268989 14.115268 12.846279 -13.03 17.3 2349.00317 2493.84302 70064.47698 18.424 30854.0 27.264 57630.0 41.93 "" "" 0.002770072425427843 0.0029505098 0.0038610557 0.0068115657 160.27016430193 -58.26908999345 2419.64087 -7.411 3.024 -0.8486897811889644 -0.31289665794372556 0.20777982 0.20777982 "" "" 10.374169225770428 "" 2.1555430634886776 ""
160.28450941773 -58.3995097879 0.0101 0.0107 6.7309 "" "" 5350726920885922944 2514.77173 0.3608 0.0129 -7.654 3.206 0.013 0.014 0.932 7331.3 3.7521 13.619866 0.489879 13.796421 13.306542 "" "" 2444.95459 2611.64209 67142.90296 16.427 41386.0 21.709 37717.0 19.276 "" "" 0.002768095091073164 0.0028477015 0.0038198987 0.0066676 160.28450941773 -58.3995097879 2514.77173 -7.654000000000001 3.206 -1.0916897811889648 -0.13089665794372563 0.20777982 0.20877983 "" "" 13.106169631710346 "" 2.7233838227225777 ""
160.67269845974 -58.58954671236 0.0113 0.0115 14.1753 "" "" 5350709363059566592 2535.83545 0.3578 0.014 -6.954 2.942 0.014 0.013 1.007 6959.1 3.4897 13.622116 0.502522 13.800265 13.297743 "" "" 2460.18213 2643.90771 67003.95217 18.714 41239.0 25.954 38024.0 24.811 "" "" 0.002771957001583036 0.0028726235 0.003845209 0.0067178328 160.67269845974 -58.58954671236 2535.83545 -6.954000000000001 2.942000000000001 -0.3916897811889646 -0.3948966579437254 0.20877983 0.20777982 "" "" 6.68550898465544 "" 1.3924334023972789 ""
160.61980945552 -58.38585808213 0.0099 0.0102 4.0822 "" "" 5350739256033026944 2912.32129 0.3057 0.0129 -6.423 3.448 0.013 0.013 0.971 "" "" 13.643557 0.475811 13.815691 13.33988 "" "" 2814.76367 3009.58203 65693.75271 17.101 40657.0 19.31 36577.0 14.44 "" "" 0.002769778040223547 0.0028374218 0.0038036103 0.006641032 160.61980945552 -58.38585808213 2912.32129 -6.423 3.448 0.1393102188110351 0.11110334205627437 0.20777982 0.20777982 "" "" 2.4597915873512246 "" 0.511095064901351 ""
160.17513765939 -58.57172539177 0.0109 0.0112 15.5369 "" "" 5350718227871595264 2333.85547 0.3947 0.0134 -6.657 2.536 0.013 0.013 1.005 "" "" 13.67942 0.371779 13.81328 13.441501 "" "" 2267.53589 2395.74048 63559.22353 55.531 40748.0 88.359 33309.0 69.347 "" "" 0.0029140390113322626 0.0036507472 0.0044037774 0.008054525 160.17513765939 -58.57172539177 2333.85547 -6.657 2.5360000000000005 -0.09468978118896487 -0.8008966579437256 0.20777982 0.20777982 "" "" 8.921607312047874 "" 1.853730003640508 ""
160.21187931813 -58.48349073057 0.0107 0.0107 11.0313 "" "" 5350720392535339008 2433.00537 0.3753 0.0126 -9.193 7.022 0.013 0.013 1.082 "" "" 13.681657 1.817432 14.572324 12.754891 19.41 1.25 2362.36206 2515.46118 63428.44542 13.916 20253.0 24.404 62691.0 31.247 "" "" 0.002765597949816075 0.0030816565 0.0038179292 0.006899586 160.21187931813 -58.48349073057 2433.00537 -9.193000000000001 7.022000000000001 -2.6306897811889645 3.6851033420562747 0.20777982 0.20777982 "" "" 52.2160239229312 "" 10.84943629899911 ""
159.96915613236 -58.3510836546 0.0109 0.0111 16.5204 "" "" 5350771863426977920 2382.47437 0.3829 0.0132 -5.776 2.418 0.015 0.013 0.956 9381.4 3.8263 13.690079 0.355878 13.818683 13.462805 "" "" 2313.51611 2446.76025 62938.33631 24.672 40546.0 23.615 32662.0 18.118 "" "" 0.0027879983136653258 0.002860931 0.003827069 0.0066879997 159.96915613236 -58.3510836546 2382.47437 -5.775999999999999 2.418 0.7863102188110354 -0.9188966579437254 0.20977983 0.20777982 "" "" 13.657697943320686 "" 2.8493726420220806 ""
160.48146532536 -58.36792699613 0.0105 0.0108 0.4559 "" "" 5350727814239408384 2718.32935 0.3288 0.0135 -6.502 3.447 0.014 0.013 0.996 9707.1 3.5654 13.695127 0.620597 13.926906 13.306309 "" "" 2615.99707 2838.05493 62646.34675 14.81 36699.0 21.36 37725.0 18.874 "" "" 0.002767249802179378 0.002860837 0.0038182186 0.0066790553 160.48146532536 -58.36792699613 2718.32935 -6.502000000000001 3.4470000000000005 0.060310218811035377 0.11010334205627448 0.20877983 0.20777982 "" "" 1.617556522781474 "" 0.3364696234641543 ""
160.405683999 -58.30294425338 0.0102 0.0108 5.0081 "" "" 5350728978151885312 2800.40039 0.3232 0.0129 -4.212 -0.561 0.014 0.014 1.015 4697.2 2.383 13.709311 2.159468 14.829403 12.669935 27.08 1.2 2693.77075 2908.23413 61833.33605 20.39 15983.0 25.774 67793.0 52.923 "" "" 0.0027784842148433366 0.0032940109 0.0038732584 0.0071672695 160.405683999 -58.30294425338 2800.40039 -4.212 -0.5610000000000004 2.3503102188110354 -3.8978966579437255 0.20877983 0.20877983 "" "" 60.418193657423025 "" 12.614100004966556 ""
160.61295562774 -58.6090991235 0.0119 0.0112 14.6671 "" "" 5350711802600872192 2897.16821 0.3086 0.0144 -6.719 3.462 0.015 0.013 0.966 6872.6 3.5428 13.731335 0.465333 13.89495 13.429617 "" "" 2788.10327 2994.40039 60591.67046 35.265 37795.0 51.447 33675.0 47.979 "" "" 0.0028268533276537265 0.0031574175 0.0040837103 0.007241128 160.61295562774 -58.6090991235 2897.16821 -6.719000000000001 3.4619999999999997 -0.15668978118896515 0.1251033420562746 0.20977983 0.20777982 "" "" 2.753459958603259 "" 0.5754827747310782 ""
160.39259022487 -58.54792098813 0.0116 0.012 10.9584 "" "" 5350719048186986624 2668.05029 0.344 0.0145 -6.475 2.967 0.014 0.015 1.218 "" "" 13.73374 0.484495 13.907025 13.42253 "" "" 2558.87109 2769.6355 60457.56567 24.143 37377.0 24.589 33896.0 19.849 "" "" 0.002789225202048569 0.0028801432 0.0038324872 0.0067126304 160.39259022487 -58.54792098813 2668.05029 -6.474999999999999 2.9669999999999996 0.08731021881103551 -0.3698966579437255 0.20877983 0.20977983 "" "" 4.8064677509416365 "" 1.0080468960163225 ""
160.39462352505 -58.31208223837 0.01 0.0108 4.775 "" "" 5350728948110812672 2796.39648 0.3222 0.0128 -6.493 3.468 0.014 0.014 1.031 9992.1 3.7114 13.745584 0.628058 13.979857 13.351798 "" "" 2720.26929 2880.84375 59801.64331 12.071 34952.0 21.808 36178.0 20.92 "" "" 0.0027640222485192613 0.002871231 0.0038311742 0.0067024054 160.39462352505 -58.31208223837 2796.39648 -6.492999999999999 3.4679999999999995 0.06931021881103483 0.13110334205627439 0.20877983 0.20877983 "" "" 1.9656644354444341 "" 0.4103910803009562 ""
160.60583350022 -58.491729802 0.011 0.011 7.9701 "" "" 5350714345221804416 2408.90625 0.3785 0.0136 -7.179 2.956 0.014 0.013 0.919 7339.1 3.715 13.759231 0.586767 13.975642 13.388875 "" "" 2322.50928 2492.67993 59054.69361 21.672 35088.0 55.529 34963.0 23.712 "" "" 0.00278398063858935 0.0032768003 0.0038504463 0.007127247 160.60583350022 -58.491729802 2408.90625 -7.179000000000001 2.9560000000000004 -0.6166897811889651 -0.3808966579437256 0.20877983 0.20777982 "" "" 8.276344164082857 "" 1.7256522105109946 ""
160.51710160258 -58.39836898108 0.0106 0.0107 1.7139 "" "" 5350715960129638144 2900.45898 0.3111 0.0133 -7.62 4.842 0.013 0.013 1.026 "" "" 13.763891 1.762781 14.618269 12.855488 -1.24 1.71 2800.0188 3026.58032 58801.72933 11.672 19414.0 16.192 57143.0 26.176 "" "" 0.0027637359754852228 0.002933438 0.0038119662 0.006745404 160.51710160258 -58.39836898108 2900.45898 -7.619999999999998 4.842 -1.057689781188965 1.505103342056274 0.20777982 0.20777982 "" "" 25.290828326141945 "" 5.254923876976731 ""
160.82469466575 -58.57588666488 0.0114 0.011 16.0311 "" "" 5350709981535060352 2429.78931 0.3788 0.0138 -5.997 2.401 0.014 0.013 0.969 7690.9 3.4973 13.77089 0.988541 14.171958 13.183417 "" "" 2340.75488 2525.63086 58423.89938 21.474 29284.0 38.179 42247.0 47.41 "" "" 0.002784069781942736 0.0031287007 0.00397093 0.0070996303 160.82469466575 -58.57588666488 2429.78931 -5.997 2.401 0.5653102188110353 -0.9358966579437258 0.20877983 0.20777982 "" "" 12.592669022802493 "" 2.6198747734547405 ""
160.69199212131 -58.16187750384 0.0139 0.0122 14.1415 "" "" 5350748361364301056 2622.05981 0.3449 0.0151 -5.247 3.663 0.016 0.013 1.035 4680.4 2.4473 13.776294 2.295504 14.992866 12.697363 34.78 1.13 2544.98096 2714.13184 58133.87459 17.002 13749.0 13.73 66102.0 26.947 "" "" 0.002773557188917558 0.0029934286 0.0038052108 0.0067986394 160.69199212131 -58.16187750384 2622.05981 -5.247000000000001 3.6629999999999994 1.3153102188110353 0.3261033420562742 0.21077983 0.20777982 "" "" 16.842351559238754 "" 3.547121662207092 ""
160.97255059261 -58.24689312602 0.012 0.0117 16.9171 "" "" 5350744203836027264 2637.70776 0.3458 0.0145 -8.535 3.537 0.014 0.013 1.019 5089.4 2.8386 13.788605 1.921385 14.745391 12.824006 1.89 1.73 2557.88672 2756.84302 57478.43266 11.84 17269.0 12.337 58824.0 24.854 "" "" 0.002764382250774364 0.002895977 0.0038071207 0.006703098 160.97255059261 -58.24689312602 2637.70776 -8.535000000000002 3.537000000000001 -1.972689781188965 0.20010334205627434 0.20877983 0.20777982 "" "" 24.79058168023823 "" 5.175521463591572 ""
160.93813980948 -58.27554052698 0.0112 0.0115 15.2099 "" "" 5350743688439871872 2586.0769 0.3521 0.0142 -4.157 1.744 0.014 0.014 1.036 5325.1 2.6338 13.797461 1.846086 14.703356 12.857269 -2.32 1.74 2472.43579 2686.14722 57011.52581 10.024 17950.0 14.993 57049.0 22.267 "" "" 0.0027619253557025834 0.0029338498 0.0038030664 0.0067369165 160.93813980948 -58.27554052698 2586.0769 -4.157 1.7439999999999998 2.405310218811035 -1.5928966579437256 0.20877983 0.20877983 "" "" 35.36351873309952 "" 7.383189314730862 ""
160.43756098606 -58.39531882342 0.0139 0.0146 2.1875 "" "" 5350727367562696576 2819.23364 0.3188 0.0175 -8.078 2.487 0.018 0.018 1.366 "" "" 13.798375 0.659433 14.043551 13.384117 "" "" 2694.43945 2954.89307 56963.50361 11.649 32961.0 19.379 35117.0 22.441 "" "" 0.002764251755423755 0.00286226 0.0038425406 0.0067048008 160.43756098606 -58.39531882342 2819.23364 -8.077999999999998 2.4869999999999997 -1.5156897811889642 -0.8498966579437255 0.21277982 0.21277982 "" "" 23.22132431885084 "" 4.941029207922377 ""
160.53144282242 -58.12940583083 0.0117 0.0106 14.6618 "" "" 5350754580476868864 2764.02856 0.3308 0.0132 -6.685 3.465 0.015 0.013 1.016 "" "" 13.807568 1.249291 14.340911 13.09162 "" "" 2661.97803 2875.15039 56483.24885 12.543 25064.0 19.403 45974.0 20.203 "" "" 0.0027658490534401034 0.0029140187 0.0038093794 0.0067233983 160.53144282242 -58.12940583083 2764.02856 -6.684999999999999 3.465 -0.12268978118896445 0.12810334205627427 0.20977983 0.20777982 "" "" 2.323927895722893 "" 0.4850945387570028 ""
160.35788208206 -58.20591175081 0.0114 0.0108 10.8808 "" "" 5350753339206555520 2276.02222 0.4036 0.0134 -6.394 2.364 0.015 0.014 1.033 6900.5 3.4629 13.825707 0.888716 14.181364 13.292648 "" "" 2217.41333 2332.67334 55547.43526 9.5065 29032.0 17.176 38203.0 28.422 "" "" 0.002761578651749175 0.0028631552 0.0038647382 0.0067278934 160.35788208206 -58.20591175081 2276.02222 -6.394 2.3639999999999994 0.16831021881103503 -0.9728966579437257 0.20977983 0.20877983 "" "" 10.651852072064115 "" 2.224202082535428 ""
160.91757703576 -58.41389894065 0.0106 0.0121 13.5936 "" "" 5350734754907572864 2734.60645 0.3306 0.014 -6.333 1.488 0.014 0.014 1.069 4832.6 2.5704 13.834743 1.778592 14.699685 12.921093 42.69 1.5 2643.95312 2874.77417 55087.0621 9.744 18011.0 19.617 53792.0 23.262 "" "" 0.0027620051069016977 0.003030424 0.0038084348 0.006838859 160.91757703576 -58.41389894065 2734.60645 -6.333 1.488 0.22931021881103497 -1.8488966579437256 0.20877983 0.20877983 "" "" 24.149081056029626 "" 5.041840959298115 ""
160.33395274742 -58.59362171508 0.0235 0.0193 14.145 "" "" 5350718571444919040 2299.21191 0.4005 0.0248 -8.053 3.86 0.027 0.023 1.94 "" "" 13.849629 0.797796 13.758919 12.961123 -54.06 18.94 2180.89526 2423.99683 54336.92333 34.705 42840.0 856.12 51845.0 1041.3 "" "" 0.0028412455068827134 0.021876154 0.022131952 0.044008106 160.33395274742 -58.59362171508 2299.21191 -8.053 3.8599999999999994 -1.4906897811889657 0.5231033420562743 0.22177982 0.21777983 "" "" 17.217164725788738 "" 3.8109297951833048 ""
160.75709114507 -58.33280354153 0.0104 0.0109 8.6728 "" "" 5350740424264428672 2304.24146 0.3997 0.013 -5.139 2.606 0.013 0.013 1.093 4873.3 2.8189 13.852056 1.710753 14.672509 12.961756 26.36 1.55 2221.1333 2369.53662 54215.58599 10.134 18468.0 20.269 51815.0 23.522 "" "" 0.0027627842085024895 0.0030339742 0.0038113855 0.0068453597 160.75709114507 -58.33280354153 2304.24146 -5.139000000000001 2.606 1.423310218811035 -0.7308966579437257 0.20777982 0.20777982 "" "" 17.47544199280157 "" 3.631044274408848 ""
160.96319888523 -58.25215014569 0.0124 0.0122 16.5122 "" "" 5350743825878890880 2896.65308 0.3141 0.015 -8.146 2.205 0.015 0.014 1.099 4997.1 2.6976 13.852118 2.042855 14.891911 12.849055 -28.03 1.79 2770.89233 3066.9043 54212.48395 10.459 15089.0 14.432 57483.0 25.981 "" "" 0.0027632708393822334 0.0029771547 0.0038111077 0.006788262 160.96319888523 -58.25215014569 2896.65308 -8.146 2.205000000000001 -1.5836897811889656 -1.1318966579437255 0.20977983 0.20877983 "" "" 26.727123598159277 "" 5.597788949964422 ""
160.4321759415 -58.42579027326 0.0112 0.0118 3.6954 "" "" 5350727225804930560 2856.28687 0.3144 0.0143 -6.478 3.461 0.014 0.015 1.056 "" "" 13.862828 0.805132 14.175593 13.370461 "" "" 2766.74146 2950.27759 53680.34919 12.336 29186.0 21.582 35561.0 16.313 "" "" 0.0027665941734121213 0.0029033837 0.003812059 0.006715443 160.4321759415 -58.42579027326 2856.28687 -6.478000000000001 3.4610000000000003 0.0843102188110354 0.12410334205627427 0.20877983 0.20977983 "" "" 2.0312645529024054 "" 0.42547793907218423 ""
160.91739907715 -58.29755854132 0.0106 0.0115 14.1285 "" "" 5350737847284288896 2799.56738 0.3235 0.0137 -6.807 3.269 0.014 0.014 1.036 7499.1 3.7387 13.865297 0.845362 14.190995 13.345633 "" "" 2698.08838 2904.39478 53558.43819 9.7633 28775.0 25.49 36384.0 45.982 "" "" 0.002762419651859905 0.0029512846 0.0040207617 0.0069720466 160.91739907715 -58.29755854132 2799.56738 -6.807 3.269 -0.24468978118896523 -0.06789665794372546 0.20877983 0.20877983 "" "" 3.369706188739312 "" 0.7035266743180775 ""
160.82488566488 -58.38350041263 0.0157 0.0173 10.4784 "" "" 5350735820059437568 2569.60034 0.3539 0.0202 -6.736 2.832 0.02 0.021 1.713 9933.1 3.6629 13.879899 0.625751 14.111951 13.4862 "" "" 2439.7251 2695.87817 52842.97806 12.52 30948.0 16.205 31965.0 15.317 "" "" 0.002767302421749661 0.0028475 0.003815023 0.006662523 160.82488566488 -58.38350041263 2569.60034 -6.736000000000001 2.832 -0.1736897811889646 -0.5048966579437257 0.21477982 0.21577983 "" "" 6.503302893543677 "" 1.4025948117294629 ""
160.73860612127 -58.32842449346 0.0104 0.011 8.1975 "" "" 5350738946795670144 2378.69141 0.3877 0.013 -15.802 6.95 0.013 0.013 1.022 5380.8 2.6654 13.881522 1.655964 14.662385 13.006421 326.84 2.63 2299.22461 2466.00024 52764.00132 9.7253 18641.0 20.256 49727.0 22.228 "" "" 0.002762578007967053 0.003029353 0.0038104155 0.0068397685 160.73860612127 -58.32842449346 2378.69141 -15.802000000000001 6.950000000000001 -9.239689781188964 3.6131033420562746 0.20777982 0.20777982 "" "" 111.85932874589263 "" 23.242111721654712 ""
160.6002441153 -58.62118502767 0.0133 0.014 15.2757 "" "" 5350711763922382464 2950.7334 0.3062 0.0167 -4.115 1.671 0.016 0.016 1.245 5507.9 2.9037 13.883343 1.623232 14.637467 13.014235 21.51 5.73 2810.32495 3120.21948 52675.62616 30.529 19073.0 33.458 49370.0 78.218 "" "" 0.002826261161768361 0.0033782502 0.004152429 0.007530679 160.6002441153 -58.62118502767 2950.7334 -4.115 1.6709999999999996 2.447310218811035 -1.6658966579437255 0.21077983 0.21077983 "" "" 41.4069128947189 "" 8.727742094454367 ""
