Clusters/LP_1487/LP_1487_stars_in_region.tsv
# %ECSV 1.0
# ---
# datatype:
# - name: RA_ICRS_1
#   unit: deg
#   datatype: float64
#   format: '{:15.11f}'
#   description: Right ascension (ICRS) at Ep=2016.0 (ra)
#   meta: !!omap
#   - {ucd: POS_EQ_RA_MAIN}
#   - {width: 15}
#   - {precision: '11'}
# - name: DE_ICRS_1
#   unit: deg
#   datatype: float64
#   format: '{:15.11f}'
#   description: Declination (ICRS) at Ep=2016.0 (dec)
#   meta: !!omap
#   - {ucd: POS_EQ_DEC_MAIN}
#   - {width: 15}
#   - {precision: '11'}
# - name: e_RA_ICRS
#   unit: mas
#   datatype: float64
#   format: '{:7.4f}'
#   description: Standard error of right ascension (ra_error)
#   meta: !!omap
#   - {ucd: ERROR}
#   - {width: 7}
#   - {precision: '4'}
# - name: e_DE_ICRS
#   unit: mas
#   datatype: float64
#   format: '{:7.4f}'
#   description: Standard error of declination (dec_error)
#   meta: !!omap
#   - {ucd: ERROR}
#   - {width: 7}
#   - {precision: '4'}
# - name: _r_1
#   unit: ''
#   datatype: float64
#   format: '{:7.4f}'
#   description: Distance from center (160.49241345000-58.37290423000)[ICRS], at Epoch=J2016.0
#   meta: !!omap
#   - {ucd: POS_ANG_DIST_GENERAL}
#   - {width: 7}
#   - {precision: '4'}
# - name: HIP
#   datatype: int32
#   description: '? HIP cross-id number, van Leeuwen, Cat. I/311 (hip_original_ext_source_id)'
#   meta: !!omap
#   - {ucd: ID_NUMBER}
#   - {width: 6}
#   - values: {'null': -2147483648}
# - name: TYC2
#   datatype: string
#   description: Tycho-2 cross-id name, Hog et al., Cat. I/259 (tyc2_original_ext_source_id)
#   meta: !!omap
#   - {ucd: ID_CROSSID}
#   - {_votable_string_dtype: char}
# - name: Source
#   datatype: int64
#   description: Source identifier, identical to the Gaia-EDR3 source_id (id)
#   meta: !!omap
#   - {ucd: ID_MAIN}
#   - {width: 19}
# - name: rgeo
#   unit: pc
#   datatype: float64
#   format: '{:15.8f}'
#   description: '? Median of the geometric distance posterior (r_med_geo)'
#   meta: !!omap
#   - {ucd: PHYS_DISTANCE_TRUE}
#   - {width: 15}
#   - {precision: '8'}
#   - values: {'null': .nan}
# - name: Plx
#   unit: mas
#   datatype: float64
#   format: '{:9.4f}'
#   description: '? Parallax (parallax)'
#   meta: !!omap
#   - {ucd: POS_PARLX_TRIG}
#   - {width: 9}
#   - {precision: '4'}
#   - values: {'null': .nan}
# - name: e_Plx
#   unit: mas
#   datatype: float32
#   format: '{:7.4f}'
#   description: '? Standard error of parallax (parallax_error)'
#   meta: !!omap
#   - {ucd: ERROR}
#   - {width: 7}
#   - {precision: '4'}
#   - values: {'null': .nan}
# - name: pmRA
#   unit: mas / yr
#   datatype: float64
#   format: '{:9.3f}'
#   description: '? Proper motion in right ascension direction, pmRA*cosDE (pmra)'
#   meta: !!omap
#   - {ucd: POS_EQ_PMRA}
#   - {width: 9}
#   - {precision: '3'}
#   - values: {'null': .nan}
# - name: pmDE
#   unit: mas / yr
#   datatype: float64
#   format: '{:9.3f}'
#   description: '? Proper motion in declination direction (pmdec)'
#   meta: !!omap
#   - {ucd: POS_EQ_PMDEC}
#   - {width: 9}
#   - {precision: '3'}
#   - values: {'null': .nan}
# - name: e_pmRA
#   unit: mas / yr
#   datatype: float32
#   format: '{:6.3f}'
#   description: '? Standard error of proper motion in right ascension direction (pmra_error)'
#   meta: !!omap
#   - {ucd: ERROR}
#   - {width: 6}
#   - {precision: '3'}
#   - values: {'null': .nan}
# - name: e_pmDE
[...]
#         value: !astropy.table.SerializedColumn {name: SkyCoord.dec}
#       distance: !astropy.table.SerializedColumn
#         __class__: astropy.coordinates.distances.Distance
#         unit: !astropy.units.Unit {unit: pc}
#         value: !astropy.table.SerializedColumn {name: SkyCoord.distance}
#       frame: icrs
#       obstime: !astropy.time.Time {format: jyear_str, in_subfmt: '*', jd1: 367701545.0, jd2: 0.0, out_subfmt: '*', precision: 3, scale: tt}
#       pm_dec: !astropy.table.SerializedColumn
#         __class__: astropy.units.quantity.Quantity
#         unit: !astropy.units.Unit {unit: mas / yr}
#         value: !astropy.table.SerializedColumn {name: SkyCoord.pm_dec}
#       pm_ra_cosdec: !astropy.table.SerializedColumn
#         __class__: astropy.units.quantity.Quantity
#         unit: !astropy.units.Unit {unit: mas / yr}
#         value: !astropy.table.SerializedColumn {name: SkyCoord.pm_ra_cosdec}
#       ra: !astropy.table.SerializedColumn
#         __class__: astropy.coordinates.angles.Longitude
#         unit: *id001
#         value: !astropy.table.SerializedColumn {name: SkyCoord.ra}
#         wrap_angle: !astropy.coordinates.Angle
#           unit: *id001
#           value: 360.0
#       representation_type: spherical
# schema: astropy-2.0
RA_ICRS_1 DE_ICRS_1 e_RA_ICRS e_DE_ICRS _r_1 HIP TYC2 Source rgeo Plx e_Plx pmRA pmDE e_pmRA e_pmDE RUWE Teff logg Gmag BP-RP BPmag RPmag RV e_RV b_rgeo B_rgeo FG e_FG FBP e_FBP FRP e_FRP RAVE5 RAVE6 e_Gmag e_BPmag e_RPmag e_BP-RP SkyCoord.ra SkyCoord.dec SkyCoord.distance SkyCoord.pm_ra_cosdec SkyCoord.pm_dec rmRA rmDE e_rmRA e_rmDE rRV e_rRV v_pec v_pec3d e_v_pec e_v_pec3d
[from data line 505]
160.46772707288 -58.5191244191 0.026 0.0271 8.8074 "" "" 5350713314429425664 2531.15234 0.3667 0.0329 -6.509 3.472 0.033 0.035 1.029 8126.1 3.7163 15.879437 0.985733 16.251978 15.266245 "" "" 2355.18335 2724.02686 8378.60586 3.8047 4311.5 14.657 6203.8 21.972 "" "" 0.0027990833417747933 0.0046269144 0.005391703 0.010018617 160.46772707288 -58.5191244191 2531.15234 -6.509 3.472 0.053310218811034815 0.1351033420562744 0.22777984 0.22977982 "" "" 1.7425501427366084 "" 0.39993511367253765 ""
160.41773189799 -58.37243592424 0.0256 0.0251 2.3499 "" "" 5350727608080903296 2609.87598 0.3452 0.0313 -7.162 4.606 0.032 0.03 1.086 7552.7 4.1821 15.881615 1.235353 16.415468 15.180116 "" "" 2451.65161 2791.75464 8361.81906 2.819 3708.8 8.9333 6716.0 11.113 "" "" 0.002779526677387253 0.0038241667 0.004184663 0.008008829 160.41773189799 -58.37243592424 2609.87598 -7.162000000000002 4.606 -0.5996897811889648 1.2691033420562743 0.22677983 0.22477983 "" "" 17.364368923494727 "" 3.909521912323325 ""
160.47350506864 -58.638462883 0.0272 0.0257 15.9445 "" "" 5350706442481472512 2417.93042 0.3873 0.032 -7.305 2.971 0.032 0.03 1.008 7269.3 3.9824 15.883989 1.345352 16.470217 15.124865 "" "" 2220.98218 2601.74194 8343.55582 3.0481 3526.4 8.6066 7066.6 10.156 "" "" 0.0027837235683336637 0.0038479674 0.0040888363 0.007936804 160.47350506864 -58.638462883 2417.93042 -7.304999999999999 2.971 -0.7426897811889646 -0.3658966579437255 0.22677983 0.22477983 "" "" 9.488900311343958 "" 2.148197803266364 ""
160.71196404504 -58.37021089682 0.0246 0.0256 6.9099 "" "" 5350738774996842624 2382.97485 0.3824 0.0308 -6.979 2.888 0.032 0.031 1.057 5527.6 4.1899 15.884271 1.199495 16.392942 15.193447 "" "" 2219.5564 2548.26001 8341.3929 2.7763 3786.5 7.5022 6634.1 11.621 "" "" 0.0027789166387518854 0.00352315 0.0042309477 0.0077540977 160.71196404504 -58.37021089682 2382.97485 -6.979000000000001 2.8879999999999995 -0.41668978118896494 -0.4488966579437257 0.22677983 0.22577983 "" "" 6.918208832456279 "" 1.5651978780709155 ""
160.60225431994 -58.12217690482 0.0262 0.0235 15.4382 "" "" 5350760249833774592 2846.46826 0.3167 0.0292 -5.028 1.116 0.032 0.029 1.03 9605.0 3.8403 15.88462 1.306586 16.43149 15.124904 "" "" 2648.36621 3044.11938 8338.70924 3.1537 3654.4 7.5416 7066.4 11.91 "" "" 0.002785749930340084 0.0035784782 0.004199098 0.0077775763 160.60225431994 -58.12217690482 2846.46826 -5.028 1.1159999999999999 1.5343102188110356 -2.2208966579437255 0.22677983 0.22377983 "" "" 36.42032929906197 "" 8.185594423727322 ""
160.2511194202 -58.44990330236 0.0253 0.0261 8.88 "" "" 5350726371129936384 2331.6626 0.3931 0.0316 -12.582 6.609 0.034 0.032 1.03 4941.6 3.5132 15.885752 1.844688 16.794777 14.950088 "" "" 2164.60815 2503.73608 8330.02051 3.1172 2615.2 8.586 8300.9 10.206 "" "" 0.002785115096339882 0.004526742 0.0040082084 0.00853495 160.2511194202 -58.44990330236 2331.6626 -12.581999999999997 6.608999999999998 -6.019689781188966 3.2721033420562744 0.22877982 0.22677983 "" "" 75.72355134172787 "" 17.28959611045406 ""
160.62309486033 -58.5517488662 0.0273 0.0268 11.4877 "" "" 5350712421076326528 2391.62598 0.3844 0.033 -6.086 2.181 0.034 0.031 1.06 7142.6 4.266 15.886907 1.086447 16.340471 15.254024 "" "" 2195.18604 2649.53101 8321.16296 3.0021 3974.0 9.8456 6274.1 8.7963 "" "" 0.0027830247355008974 0.003875654 0.004074412 0.007950066 160.62309486033 -58.5517488662 2391.62598 -6.0859999999999985 2.1809999999999996 0.47631021881103486 -1.1558966579437255 0.22877982 0.22577983 "" "" 14.172508234271783 "" 3.206073080813502 ""
161.02257957357 -58.39512166401 0.024 0.0274 16.7287 "" "" 5350736507254385408 2929.0083 0.3109 0.0312 -7.647 3.485 0.031 0.033 1.002 8690.4 4.4057 15.887644 1.165641 16.38268 15.21704 "" "" 2700.83569 3229.0791 8315.51807 2.8407 3822.5 10.339 6491.5 7.5212 "" "" 0.0027801723773807708 0.0040508127 0.0039832382 0.00803405 161.02257957357 -58.39512166401 2929.0083 -7.647 3.4850000000000003 -1.084689781188965 0.1481033420562743 0.22577983 0.22777984 "" "" 15.199017712086508 "" 3.4321904186611825 ""
160.77818443874 -58.17014115028 0.0277 0.0263 15.1431 "" "" 5350747468011158016 2815.03003 0.3232 0.0331 -6.674 3.109 0.036 0.03 0.932 7967.1 3.9069 15.888845 1.404224 16.51574 15.111515 "" "" 2540.52368 3155.16357 8306.31659 3.0885 3381.6 7.967 7154.1 7.1779 "" "" 0.002784738155944799 0.0037852742 0.003933244 0.0077185184 160.77818443874 -58.17014115028 2815.03003 -6.674 3.109 -0.11168978118896522 -0.2278966579437256 0.23077983 0.22477983 "" "" 3.3864374622894706 "" 0.7651800808603056 ""
160.53506625412 -58.36898006768 0.0246 0.0251 1.3626 "" "" 5350716131928416768 2316.55103 0.3965 0.0299 -6.169 4.212 0.032 0.031 1.034 6817.7 4.0944 15.893321 1.245683 16.43456 15.188878 "" "" 2186.39355 2513.22388 8272.15038 2.802 3644.1 13.305 6662.0 9.4029 "" "" 0.0027797558805290816 0.004847623 0.004078245 0.008925868 160.53506625412 -58.36898006768 2316.55103 -6.168999999999999 4.212 0.39331021881103556 0.8751033420562742 0.22677983 0.22577983 "" "" 10.534934106319087 "" 2.3803493406580962 ""
160.91560310555 -58.27521943321 0.0257 0.0263 14.5647 "" "" 5350743722799590016 2937.0481 0.3175 0.0315 -8.315 4.494 0.032 0.029 0.978 8587.4 4.4056 15.894825 1.129827 16.353573 15.223746 "" "" 2653.71631 3284.75537 8260.69582 3.4843 3926.3 15.452 6451.5 19.571 "" "" 0.002793118786295885 0.00510323 0.005013164 0.010116395 160.91560310555 -58.27521943321 2937.0481 -8.315 4.494000000000001 -1.7526897811889643 1.1571033420562742 0.22677983 0.22377983 "" "" 29.238060263943385 "" 6.604100149686932 ""
160.83653410189 -58.42537334131 0.0252 0.0279 11.2678 "" "" 5350735476443791616 2432.57422 0.3784 0.0336 -6.119 1.981 0.032 0.031 0.965 7648.5 3.7295 15.894899 0.973859 16.290642 15.316783 "" "" 2263.5647 2628.26782 8260.13105 3.0467 4160.6 8.7569 5921.7 10.476 "" "" 0.0027842707231936228 0.0036065294 0.0042394632 0.007845992 160.83653410189 -58.42537334131 2432.57422 -6.118999999999999 1.9809999999999999 0.4433102188110354 -1.3558966579437255 0.22677983 0.22577983 "" "" 16.448431171335304 "" 3.7153156698929712 ""
160.38813492569 -58.46609470956 0.0259 0.0264 6.4808 "" "" 5350725787014500352 2457.09814 0.3717 0.0322 -9.592 2.737 0.034 0.033 0.941 6611.0 4.0338 15.895464 1.317629 16.459427 15.141798 "" "" 2272.85596 2638.37866 8255.83788 3.1449 3561.6 15.327 6957.3 17.026 "" "" 0.0027861884474082426 0.0054420577 0.0046199057 0.010061963 160.38813492569 -58.46609470956 2457.09814 -9.592 2.737 -3.0296897811889654 -0.5998966579437255 0.22877982 0.22777984 "" "" 35.97078417044672 "" 8.228035415182088 ""
160.74978016606 -58.26214385088 0.0282 0.0277 10.4853 "" "" 5350741180178833536 2865.78784 0.3205 0.034 -6.04 3.733 0.036 0.034 1.136 7484.1 3.8889 15.899154 1.467189 16.560633 15.093444 "" "" 2605.46973 3300.84009 8227.82978 3.6072 3244.6 7.6731 7274.1 9.1136 "" "" 0.002796134433648995 0.0037918095 0.0040167333 0.007808543 160.74978016606 -58.26214385088 2865.78784 -6.039999999999999 3.7329999999999997 0.5223102188110351 0.3961033420562745 0.23077983 0.22877982 "" "" 8.904468385288084 "" 2.048487051295648 ""
160.7602355316 -58.5461042337 0.027 0.0256 13.3661 "" "" 5350710870573300096 2275.32935 0.4036 0.0318 -11.133 4.171 0.033 0.03 0.983 5259.9 3.4117 15.902558 1.778265 16.76251 14.984245 "" "" 2130.72168 2441.16333 8202.06988 3.1003 2694.1 10.742 8043.8 16.087 "" "" 0.0027857163188612566 0.0051503386 0.004358746 0.009509085 160.7602355316 -58.5461042337 2275.32935 -11.133 4.171 -4.570689781188964 0.8341033420562747 0.22777984 0.22477983 "" "" 50.109271282376305 "" 11.409067511588233 ""
160.49864958136 -58.52574953272 0.0304 0.0296 9.1728 "" "" 5350713108271011840 2991.17676 0.3037 0.0365 -7.316 2.996 0.037 0.036 1.207 6052.7 4.0807 15.903079 1.20335 16.40796 15.204611 "" "" 2731.07935 3398.03882 8198.13964 3.007 3734.5 6.9244 6566.2 11.815 "" "" 0.002783950916804037 0.0034406076 0.0042544594 0.0076950667 160.49864958136 -58.52574953272 2991.17676 -7.316000000000001 2.9959999999999996 -0.7536897811889647 -0.3408966579437256 0.23177983 0.23077983 "" "" 11.728179949845154 "" 2.7163672592872197 ""
160.81023784727 -58.20662537789 0.0259 0.0244 14.1422 "" "" 5350747158773474560 2508.63135 0.3628 0.0308 -5.764 4.058 0.033 0.029 0.977 5526.4 4.1956 15.905569 1.132358 16.379633 15.247275 "" "" 2335.32642 2707.82056 8179.35339 2.782 3833.2 8.8092 6313.2 12.742 "" "" 0.00277995707101909 0.0037431135 0.0043687243 0.008111838 160.81023784727 -58.20662537789 2508.63135 -5.764000000000002 4.058 0.7983102188110349 0.7211033420562742 0.22777984 0.22377983 "" "" 12.791932047593727 "" 2.8908656336641796 ""
160.55468588988 -58.46291278895 0.0248 0.0254 5.7441 "" "" 5350715169855540352 2263.85181 0.4051 0.0312 -8.027 2.649 0.031 0.029 1.036 7087.1 4.3918 15.906173 0.981741 16.307312 15.325571 "" "" 2121.70166 2465.7312 8174.80811 2.7054 4097.2 7.122 5873.9 9.5403 "" "" 0.002778650459036163 0.003368519 0.0041705435 0.0075390628 160.55468588988 -58.46291278895 2263.85181 -8.027 2.648999999999999 -1.464689781188964 -0.6878966579437256 0.22577983 0.22377983 "" "" 17.364173461738616 "" 3.914227069214462 ""
160.31905673551 -58.55293812611 0.0267 0.027 12.0947 "" "" 5350719189944449920 2737.28833 0.3337 0.0322 -5.043 1.871 0.034 0.032 1.099 "" "" 15.909998 1.228598 16.435593 15.206995 "" "" 2498.56567 3032.66211 8146.06011 3.0242 3640.7 13.617 6551.8 10.477 "" "" 0.0027846471694780222 0.0049270527 0.0041591018 0.009086154 160.31905673551 -58.55293812611 2737.28833 -5.043000000000001 1.8710000000000004 1.519310218811035 -1.4658966579437256 0.22877982 0.22677983 "" "" 27.392257890612317 "" 6.240443759280667 ""
160.05986528431 -58.35307975663 0.0253 0.0266 13.6651 "" "" 5350730769176475520 2298.80469 0.404 0.0324 -4.048 2.765 0.034 0.031 1.011 5698.6 4.1022 15.910165 1.252206 16.455517 15.203311 "" "" 2095.89136 2465.46387 8144.80934 3.018 3574.5 7.2477 6574.1 11.956 "" "" 0.0027845365955269574 0.0035540736 0.0042641154 0.0078181885 160.05986528431 -58.35307975663 2298.80469 -4.047999999999999 2.7649999999999992 2.514310218811035 -0.5718966579437255 0.22877982 0.22577983 "" "" 28.096534640336273 "" 6.423799751711252 ""
160.28051597468 -58.42844833127 0.0248 0.0265 7.4489 "" "" 5350726508568978176 2750.46289 0.3337 0.0314 -8.095 4.211 0.034 0.035 0.99 8292.4 4.1535 15.914043 1.050619 16.344864 15.294245 "" "" 2508.89966 2979.94458 8115.76537 2.9227 3958.0 8.4562 6045.9 14.654 "" "" 0.002782925082204044 0.0036284784 0.004605327 0.008233805 160.28051597468 -58.42844833127 2750.46289 -8.095 4.211 -1.5326897811889655 0.8741033420562747 0.22877982 0.22977982 "" "" 23.003147640876616 "" 5.2683109018728 ""
160.86306810819 -58.18936511063 0.03 0.0274 16.0618 "" "" 5350747502370926080 2320.93286 0.4072 0.0346 -6.371 3.669 0.036 0.032 1.081 9495.4 4.183 15.916205 1.147069 16.397974 15.250905 "" "" 2162.3457 2495.02588 8099.61613 2.9421 3769.0 16.004 6292.1 10.409 "" "" 0.0027834020029367727 0.005388847 0.0041844724 0.00957332 160.86306810819 -58.18936511063 2320.93286 -6.3709999999999996 3.6689999999999996 0.19131021881103472 0.33210334205627445 0.23077983 0.22677983 "" "" 4.21638568771217 "" 0.9604211514063078 ""
160.80275572763 -58.56439945472 0.0281 0.0259 15.0612 "" "" 5350710050254541696 2773.73486 0.3313 0.0334 -3.423 2.009 0.035 0.031 0.923 9448.5 4.3087 15.920925 0.984813 16.325317 15.340505 "" "" 2542.45752 3179.31689 8064.48458 3.0077 4029.9 9.454 5793.7 11.04 "" "" 0.0027849164066272272 0.0037779303 0.0043085995 0.00808653 160.80275572763 -58.56439945472 2773.73486 -3.4230000000000005 2.0090000000000003 3.139310218811035 -1.3278966579437257 0.22977982 0.22577983 "" "" 44.81462624965796 "" 10.270492979215026 ""
160.85857045148 -58.33957340005 0.026 0.0264 11.6981 "" "" 5350737469327021568 2744.45508 0.3311 0.0321 -7.811 2.695 0.035 0.031 1.086 6574.7 4.3068 15.921102 0.967874 16.306059 15.338184 "" "" 2537.12427 2936.4895 8063.17614 2.8502 4102.0 12.929 5806.1 11.431 "" "" 0.002781920928551547 0.004415412 0.004342005 0.008757417 160.85857045148 -58.33957340005 2744.45508 -7.811000000000002 2.6950000000000003 -1.2486897811889648 -0.6418966579437257 0.22977982 0.22577983 "" "" 18.264430986265886 "" 4.181632798032672 ""
160.71624406225 -58.22831587265 0.0535 0.0423 11.183 "" "" 5350742039172331904 3163.4939 0.3026 0.0595 -6.302 3.311 0.065 0.049 1.532 "" "" 15.924757 "" "" "" "" "" 2686.38306 3721.03345 8036.07603 12.233 "" "" "" "" "" "" 0.003213012313245193 "" "" "" 160.71624406225 -58.22831587265 3163.4939 -6.3020000000000005 3.3110000000000004 0.26031021881103555 -0.025896657943725643 0.2597798 0.24377982 "" "" 3.922609794044141 "" 1.0184185299164539 ""
160.70527349704 -58.34075028344 0.0252 0.0257 6.9725 "" "" 5350739114274619264 2466.71509 0.3822 0.0309 -8.045 3.283 0.031 0.031 1.043 7476.1 4.2085 15.931654 1.170864 16.431097 15.260233 "" "" 2299.06348 2692.84082 7985.18758 3.3046 3655.8 6.8141 6238.3 12.199 "" "" 0.0027917163245697305 0.0034468086 0.0043349196 0.007781728 160.70527349704 -58.34075028344 2466.71509 -8.045 3.2830000000000004 -1.4826897811889648 -0.05389665794372567 0.22577983 0.22577983 "" "" 17.347399023092585 "" 3.9166928268263774 ""
160.12938879505 -58.42667446443 0.0264 0.0285 11.8605 "" "" 5350723725430681088 2351.92407 0.3958 0.0333 -11.007 1.237 0.035 0.036 1.081 5509.2 4.2175 15.934738 1.060415 16.378138 15.317722 "" "" 2170.5481 2559.90576 7962.53827 3.1262 3838.5 8.9125 5916.6 11.618 "" "" 0.0027880996184471048 0.0037603432 0.004339248 0.008099591 160.12938879505 -58.42667446443 2351.92407 -11.006999999999996 1.2369999999999999 -4.4446897811889645 -2.0998966579437255 0.22977982 0.23077983 "" "" 54.80163799579033 "" 12.602328691464868 ""
160.62802571044 -58.37940310201 0.0243 0.0235 4.2842 "" "" 5350739290392790912 2532.86963 0.3686 0.0295 -6.44 3.449 0.032 0.028 0.987 8396.7 4.2209 15.935657 0.891099 16.299995 15.408896 "" "" 2345.16064 2720.25464 7955.79796 2.8387 4125.0 9.4572 5440.0 8.6086 "" "" 0.0027824213305724715 0.0037391516 0.004151593 0.007890744 160.62802571044 -58.37940310201 2532.86963 -6.440000000000001 3.449 0.12231021881103477 0.11210334205627426 0.22677983 0.22277983 "" "" 1.9919123161122338 "" 0.4481055590173711 ""
160.63342375952 -58.62862304998 0.0273 0.0269 15.9672 "" "" 5350708813303607296 2389.25806 0.3926 0.033 -6.097 3.066 0.033 0.032 0.986 8371.4 4.4072 15.937541 0.989418 16.335812 15.346394 "" "" 2216.39844 2582.80786 7942.01117 2.9125 3991.1 11.525 5762.4 11.504 "" "" 0.002783940070940853 0.004197006 0.004356835 0.008553841 160.63342375952 -58.62862304998 2389.25806 -6.097 3.0659999999999994 0.46531021881103474 -0.27089665794372575 0.22777984 0.22677983 "" "" 6.097677618758648 "" 1.3873869674349457 ""
160.63502301876 -58.50046320927 0.0258 0.0243 8.8677 "" "" 5350714070343906304 2576.73145 0.348 0.0311 -6.32 2.805 0.032 0.029 1.027 9208.8 4.1418 15.943498 1.048364 16.378572 15.330209 "" "" 2431.9021 2799.88184 7898.55826 2.5332 3837.0 7.3368 5848.9 8.1995 "" "" 0.0027772364415258586 0.003477795 0.0040743654 0.0075521604 160.63502301876 -58.50046320927 2576.73145 -6.32 2.8050000000000006 0.24231021881103487 -0.5318966579437254 0.22677983 0.22377983 "" "" 7.138786896844693 "" 1.6012176328560668 ""
160.47191553658 -58.39140603584 0.0248 0.0257 1.2838 "" "" 5350727333203007872 2435.11646 0.3772 0.0312 -7.191 2.894 0.032 0.03 1.0 8268.2 4.0968 15.944565 1.215694 16.467031 15.251337 "" "" 2256.23999 2623.14185 7890.7986 2.8211 3536.7 8.5302 6289.6 9.7155 "" "" 0.0027825285698698373 0.003826568 0.00413479 0.007961358 160.47191553658 -58.39140603584 2435.11646 -7.190999999999999 2.894 -0.6286897811889647 -0.44289665794372546 0.22677983 0.22477983 "" "" 8.876500505146604 "" 2.0071404080515616 ""
