Clusters/UBC_423/UBC_423_stars_in_region.tsv
# %ECSV 1.0
# ---
# datatype:
# - name: RA_ICRS_1
#   unit: deg
#   datatype: float64
#   format: '{:15.11f}'
#   description: Right ascension (ICRS) at Ep=2016.0 (ra)
#   meta: !!omap
#   - {ucd: POS_EQ_RA_MAIN}
#   - {width: 15}
#   - {precision: '11'}
# - name: DE_ICRS_1
#   unit: deg
#   datatype: float64
#   format: '{:15.11f}'
#   description: Declination (ICRS) at Ep=2016.0 (dec)
#   meta: !!omap
#   - {ucd: POS_EQ_DEC_MAIN}
#   - {width: 15}
#   - {precision: '11'}
# - name: e_RA_ICRS
#   unit: mas
#   datatype: float64
#   format: '{:7.4f}'
#   description: Standard error of right ascension (ra_error)
#   meta: !!omap
#   - {ucd: ERROR}
#   - {width: 7}
#   - {precision: '4'}
# - name: e_DE_ICRS
#   unit: mas
#   datatype: float64
#   format: '{:7.4f}'
#   description: Standard error of declination (dec_error)
#   meta: !!omap
#   - {ucd: ERROR}
#   - {width: 7}
#   - {precision: '4'}
# - name: _r_1
#   unit: ''
#   datatype: float64
#   format: '{:7.4f}'
#   description: Distance from center (048.29511560000+58.93669755000)[ICRS], at Epoch=J2016.0
#   meta: !!omap
#   - {ucd: POS_ANG_DIST_GENERAL}
#   - {width: 7}
#   - {precision: '4'}
# - name: HIP
#   datatype: int32
#   description: '? HIP cross-id number, van Leeuwen, Cat. I/311 (hip_original_ext_source_id)'
#   meta: !!omap
#   - {ucd: ID_NUMBER}
#   - {width: 6}
#   - values: {'null': -2147483648}
# - name: TYC2
#   datatype: string
#   description: Tycho-2 cross-id name, Hog et al., Cat. I/259 (tyc2_original_ext_source_id)
#   meta: !!omap
#   - {ucd: ID_CROSSID}
#   - {_votable_string_dtype: char}
# - name: Source
#   datatype: int64
#   description: Source identifier, identical to the Gaia-EDR3 source_id (id)
#   meta: !!omap
#   - {ucd: ID_MAIN}
#   - {width: 19}
# - name: rgeo
#   unit: pc
#   datatype: float64
#   format: '{:15.8f}'
#   description: '? Median of the geometric distance posterior (r_med_geo)'
#   meta: !!omap
#   - {ucd: PHYS_DISTANCE_TRUE}
#   - {width: 15}
#   - {precision: '8'}
#   - values: {'null': .nan}
# - name: Plx
#   unit: mas
#   datatype: float64
#   format: '{:9.4f}'
#   description: '? Parallax (parallax)'
#   meta: !!omap
#   - {ucd: POS_PARLX_TRIG}
#   - {width: 9}
#   - {precision: '4'}
#   - values: {'null': .nan}
# - name: e_Plx
#   unit: mas
#   datatype: float32
#   format: '{:7.4f}'
#   description: '? Standard error of parallax (parallax_error)'
#   meta: !!omap
#   - {ucd: ERROR}
#   - {width: 7}
#   - {precision: '4'}
#   - values: {'null': .nan}
# - name: pmRA
#   unit: mas / yr
#   datatype: float64
#   format: '{:9.3f}'
#   description: '? Proper motion in right ascension direction, pmRA*cosDE (pmra)'
#   meta: !!omap
#   - {ucd: POS_EQ_PMRA}
#   - {width: 9}
#   - {precision: '3'}
#   - values: {'null': .nan}
# - name: pmDE
#   unit: mas / yr
#   datatype: float64
#   format: '{:9.3f}'
#   description: '? Proper motion in declination direction (pmdec)'
#   meta: !!omap
#   - {ucd: POS_EQ_PMDEC}
#   - {width: 9}
#   - {precision: '3'}
#   - values: {'null': .nan}
# - name: e_pmRA
#   unit: mas / yr
#   datatype: float32
#   format: '{:6.3f}'
#   description: '? Standard error of proper motion in right ascension direction (pmra_error)'
#   meta: !!omap
#   - {ucd: ERROR}
#   - {width: 6}
#   - {precision: '3'}
#   - values: {'null': .nan}
# - name: e_pmDE
[...]
#         value: !astropy.table.SerializedColumn {name: SkyCoord.dec}
#       distance: !astropy.table.SerializedColumn
#         __class__: astropy.coordinates.distances.Distance
#         unit: !astropy.units.Unit {unit: pc}
#         value: !astropy.table.SerializedColumn {name: SkyCoord.distance}
#       frame: icrs
#       obstime: !astropy.time.Time {format: jyear_str, in_subfmt: '*', jd1: 367701545.0, jd2: 0.0, out_subfmt: '*', precision: 3, scale: tt}
#       pm_dec: !astropy.table.SerializedColumn
#         __class__: astropy.units.quantity.Quantity
#         unit: !astropy.units.Unit {unit: mas / yr}
#         value: !astropy.table.SerializedColumn {name: SkyCoord.pm_dec}
#       pm_ra_cosdec: !astropy.table.SerializedColumn
#         __class__: astropy.units.quantity.Quantity
#         unit: !astropy.units.Unit {unit: mas / yr}
#         value: !astropy.table.SerializedColumn {name: SkyCoord.pm_ra_cosdec}
#       ra: !astropy.table.SerializedColumn
#         __class__: astropy.coordinates.angles.Longitude
#         unit: *id001
#         value: !astropy.table.SerializedColumn {name: SkyCoord.ra}
#         wrap_angle: !astropy.coordinates.Angle
#           unit: *id001
#           value: 360.0
#       representation_type: spherical
# schema: astropy-2.0
RA_ICRS_1 DE_ICRS_1 e_RA_ICRS e_DE_ICRS _r_1 HIP TYC2 Source rgeo Plx e_Plx pmRA pmDE e_pmRA e_pmDE RUWE Teff logg Gmag BP-RP BPmag RPmag RV e_RV b_rgeo B_rgeo FG e_FG FBP e_FBP FRP e_FRP RAVE5 RAVE6 e_Gmag e_BPmag e_RPmag e_BP-RP SkyCoord.ra SkyCoord.dec SkyCoord.distance SkyCoord.pm_ra_cosdec SkyCoord.pm_dec rmRA rmDE e_rmRA e_rmDE rRV e_rRV v_pec v_pec3d e_vpec e_vpec3d
48.239337049 58.91831919179 0.007 0.0101 2.0493 "" "" 461959054497242368 2501.70654 0.3856 0.0122 0.577 -0.975 0.012 0.015 0.912 6401.8 2.8002 12.200637 0.933516 12.574997 11.64148 "" "" 2419.25928 2594.4873 248137.27506 62.681 127470.0 93.028 174810.0 101.26 "" "" 0.0027689366091584607 0.0029005008 0.0038313533 0.006731854 48.239337049 58.91831919179 2501.70654 0.5769999999999998 -0.9749999999999999 0.03599999141693111 -0.06899998188018797 0.06292936 0.06592936 "" "" 0.9228760607395312 "" 0.0602629303266078 ""
48.27548548104 58.89654650559 0.0086 0.0127 2.4846 "" "" 461958779619336832 2283.32275 0.4315 0.0149 0.743 -0.676 0.015 0.019 1.125 "" "" 12.267761 2.122325 13.353558 11.231233 -42.54 0.47 2211.57568 2353.98926 233261.13061 40.576 62229.0 35.337 255070.0 48.176 "" "" 0.0027617855341097604 0.002857476 0.003784941 0.006642417 48.27548548104 58.89654650559 2283.32275 0.7430000000000001 -0.676 0.20199999141693115 0.23000001811981197 0.06592936 0.06992936 "" "" 3.3130250672923283 "" 0.22600255044489856 ""
48.67933978259 58.90309094172 0.0065 0.0092 12.0706 "" "" 461956065200005120 2258.90405 0.4273 0.011 0.444 -0.78 0.011 0.014 0.936 "" "" 12.576488 1.09456 13.031003 11.936443 "" "" 2203.75366 2312.50488 175529.94326 32.189 83756.0 53.436 133220.0 42.605 "" "" 0.0027625046451253995 0.0028748696 0.003795299 0.0066701686 48.67933978259 58.90309094172 2258.90405 0.4439999999999999 -0.7799999999999994 -0.09700000858306884 0.12600001811981199 0.061929364 0.064929366 "" "" 1.7025805126167948 "" 0.10867483904008327 ""
48.33331731122 58.90779594623 0.008 0.0114 2.0993 "" "" 461958126784307072 2305.36328 0.4132 0.0136 0.489 -1.003 0.014 0.016 0.963 "" "" 12.658392 1.004832 13.067379 12.062547 "" "" 2250.33862 2366.61523 162775.878 98.294 80996.0 153.77 118610.0 300.09 "" "" 0.002832250864031378 0.0034689817 0.004672215 0.008141196 48.33331731122 58.90779594623 2305.36328 0.4890000000000002 -1.0029999999999988 -0.05200000858306886 -0.09699998188018788 0.064929366 0.06692936 "" "" 1.2026618219520446 "" 0.07996271978556639 ""
48.25530751079 58.92691849777 0.0077 0.0118 1.3651 "" "" 461959093156468480 2569.09424 0.3585 0.0133 0.536 -0.911 0.013 0.018 0.982 5863.1 2.7368 13.073171 1.000835 13.477012 12.476177 "" "" 2478.76001 2665.75879 111090.91853 23.899 55541.0 33.782 81038.0 33.921 "" "" 0.0027652027895452205 0.0028672554 0.0038066085 0.006673864 48.25530751079 58.92691849777 2569.09424 0.5360000000000007 -0.9109999999999996 -0.005000008583068816 -0.00499998188018802 0.063929364 0.06892936 "" "" 0.0861078935195178 "" 0.005724140540457937 ""
48.29238786848 58.98126076093 0.0075 0.0111 2.6751 "" "" 462006543956459392 2485.43726 0.3673 0.0136 0.588 -0.914 0.012 0.016 1.024 6080.7 2.7797 13.188887 0.968789 13.576067 12.607278 "" "" 2392.27563 2581.16821 99860.15866 26.506 50698.0 37.65 71820.0 67.491 "" "" 0.0027703504942749612 0.002904337 0.0039146803 0.006819017 48.29238786848 58.98126076093 2485.43726 0.5880000000000001 -0.9139999999999993 0.04699999141693112 -0.007999981880188023 0.06292936 0.06692936 "" "" 0.5616693941784773 "" 0.03541070557955299 ""
48.62975989564 58.75920227717 0.0085 0.0115 14.8763 "" "" 461941810208263936 2176.75293 0.4191 0.0152 0.395 -0.606 0.015 0.016 0.995 4822.9 2.3228 13.49293 2.355163 14.750504 12.395342 -39.34 0.51 2100.73633 2245.46606 75470.01629 17.947 17188.0 19.238 87301.0 35.408 "" "" 0.0027673908645541186 0.0030433263 0.0038049498 0.006848276 48.62975989564 58.75920227717 2176.75293 0.39500000000000013 -0.6059999999999998 -0.14600000858306883 0.30000001811981203 0.06592936 0.06692936 "" "" 3.4424393823695776 "" 0.22974506988670496 ""
48.77870465927 58.84611894195 0.0085 0.0103 15.9458 "" "" 461943253317238400 2388.25952 0.3812 0.0133 -1.699 0.171 0.014 0.015 1.036 "" "" 13.535939 2.257923 14.721137 12.463214 -49.83 0.7 2303.75122 2496.78003 72538.92207 13.351 17659.0 16.159 82011.0 23.973 "" "" 0.002762557256440182 0.002961775 0.0037926843 0.0067544593 48.77870465927 58.84611894195 2388.25952 -1.6989999999999998 0.17100000000000018 -2.2400000085830687 1.077000018119812 0.064929366 0.06592936 "" "" 28.13631765193325 "" 1.8321892291563817 ""
48.25877862487 58.93982684665 0.0086 0.0136 1.1405 "" "" 461959191938273408 2482.98071 0.3726 0.0157 0.428 -0.878 0.015 0.022 1.015 11208.5 3.7038 13.698735 1.063403 14.113049 13.049645 "" "" 2391.09009 2585.16553 62438.54383 23.247 30917.0 103.35 47786.0 101.86 "" "" 0.0027848157487609403 0.0045779636 0.004431693 0.0090096565 48.25877862487 58.93982684665 2482.98071 0.4279999999999998 -0.8779999999999994 -0.11300000858306886 0.02800001811981201 0.06592936 0.07292937 "" "" 1.3701542234944633 "" 0.09091578426410997 ""
48.25179344805 59.05982068741 0.0084 0.0124 7.5077 "" "" 462007849626501504 2266.09546 0.4085 0.0154 0.526 -0.76 0.015 0.018 0.968 12136.4 3.7926 13.720306 1.094315 14.173164 13.078849 "" "" 2182.88989 2351.18457 61210.25402 10.646 29252.0 22.308 46518.0 19.13 "" "" 0.0027617836146463016 0.0029104345 0.003805665 0.0067160996 48.25179344805 59.05982068741 2266.09546 0.5260000000000005 -0.76 -0.015000008583068825 0.146000018119812 0.06592936 0.06892936 "" "" 1.5764838595120307 "" 0.1086176865969614 ""
48.32404893081 58.76550890303 0.0104 0.0146 10.3105 "" "" 461930780731649920 2168.89526 0.4209 0.0187 -2.089 -2.449 0.018 0.02 1.025 "" "" 14.065282 2.325338 15.298955 12.973617 -21.91 1.58 2098.83081 2242.83545 44548.59072 10.847 10371.0 12.137 51252.0 18.017 "" "" 0.0027679734425194893 0.0030658634 0.0037986056 0.006864469 48.32404893081 58.76550890303 2168.89526 -2.088999999999998 -2.4490000000000043 -2.630000008583069 -1.5429999818801878 0.06892936 0.07092936 "" "" 31.347710690869487 "" 2.177003874577296 ""
47.90255983784 59.08287281095 0.0104 0.0146 14.9665 "" "" 461999981245786880 2464.44897 0.3579 0.019 1.877 -0.851 0.019 0.022 1.161 "" "" 14.090692 2.867973 15.734511 12.866538 -17.99 0.89 2334.4624 2582.6311 43518.10607 12.65 6944.0 11.733 56564.0 24.211 "" "" 0.0027733366828555216 0.003339241 0.003807847 0.0071470877 47.90255983784 59.08287281095 2464.44897 1.8770000000000002 -0.8509999999999995 1.3359999914169312 0.05500001811981203 0.06992936 0.07292937 "" "" 15.61968717401416 "" 1.0923557275605291 ""
48.35358572124 58.97835476337 0.0101 0.0148 3.0854 "" "" 461959677272007680 2294.23999 0.4029 0.0177 0.577 -0.88 0.017 0.021 1.027 11211.3 3.6444 14.098826 1.096788 14.553326 13.456537 "" "" 2198.87744 2405.96582 43193.2829 9.2704 20610.0 19.402 32851.0 18.84 "" "" 0.0027651566078671897 0.002971487 0.0038303318 0.0068018185 48.35358572124 58.97835476337 2294.23999 0.5769999999999998 -0.88 0.03599999141693111 0.026000018119812007 0.067929365 0.071929365 "" "" 0.48291498087594126 "" 0.033478837101851615 ""
48.28567015891 58.91128452683 0.011 0.0161 1.5526 "" "" 461958813979904512 2505.2417 0.3635 0.0189 0.691 -0.325 0.018 0.024 1.033 "" "" 14.166657 1.106688 14.624859 13.518171 "" "" 2401.11816 2633.79004 40577.39926 7.2747 19296.0 19.669 31038.0 16.44 "" "" 0.0027621872066009496 0.003001647 0.003822885 0.006824532 48.28567015891 58.91128452683 2505.2417 0.6910000000000001 -0.32499999999999996 0.1499999914169311 0.5810000181198121 0.06892936 0.074929364 "" "" 7.125511190079117 "" 0.5313391821737468 ""
48.57821850625 59.09056012983 0.0102 0.014 12.7162 "" "" 461967545652074496 2828.89087 0.3221 0.0177 -1.918 -0.334 0.017 0.02 1.06 "" "" 14.210408 1.183842 14.709702 13.52586 "" "" 2701.25391 3023.50659 38974.771 6.1512 17846.0 12.158 30819.0 14.003 "" "" 0.0027606434847469263 0.0028865514 0.0038114418 0.0066979933 48.57821850625 59.09056012983 2828.89087 -1.917999999999998 -0.33400000000000046 -2.459000008583069 0.5720000181198119 0.067929365 0.07092936 "" "" 33.85290700650185 "" 2.304928648167432 ""
48.18339797327 58.71897747336 0.0115 0.0155 13.5161 "" "" 461928994025267584 2289.38379 0.3982 0.021 0.622 -1.481 0.019 0.023 1.013 "" "" 14.244104 2.278823 15.445395 13.166573 -49.4 1.72 2207.32056 2395.17676 37783.73014 9.4983 9062.7 13.057 42907.0 21.265 "" "" 0.0027688057003162478 0.0031987452 0.0038174961 0.0070162416 48.18339797327 58.71897747336 2289.38379 0.6220000000000001 -1.481 0.08099999141693115 -0.5749999818801881 0.06992936 0.07392936 "" "" 6.301322365853138 "" 0.4653753184785371 ""
48.3926546547 58.81075879343 0.0108 0.0148 8.1394 "" "" 461954420232061824 2496.78589 0.3633 0.0198 0.558 -1.008 0.019 0.021 0.965 7648.1 3.4737 14.293103 1.155114 14.77624 13.621126 "" "" 2356.02344 2695.68677 36116.4948 16.168 16785.0 27.782 28230.0 40.541 "" "" 0.0027978612440070724 0.0033188146 0.004088386 0.0074072005 48.3926546547 58.81075879343 2496.78589 0.5580000000000002 -1.008 0.016999991416931204 -0.101999981880188 0.06992936 0.071929365 "" "" 1.2237968906857084 "" 0.08796167793023509 ""
48.44566305367 59.12458575377 0.0103 0.0151 12.1939 "" "" 462009155296518016 2296.3457 0.3989 0.0195 0.757 0.116 0.018 0.021 0.98 "" "" 14.3705 1.600302 15.116984 13.516683 -41.43 3.44 2197.07007 2416.62866 33631.55022 5.3687 12264.0 10.616 31080.0 13.615 "" "" 0.0027607660049830916 0.0029442052 0.0038091918 0.006753397 48.44566305367 59.12458575377 2296.3457 0.757 0.11599999999999991 0.21599999141693116 1.0220000181198121 0.06892936 0.071929365 "" "" 11.369879332781354 "" 0.8163988761486528 ""
48.63363473341 58.94543963789 0.0109 0.0159 10.492 "" "" 461957100291774976 2344.21826 0.3874 0.0209 -0.111 1.667 0.019 0.022 1.055 "" "" 14.393543 2.225764 15.555735 13.32997 -55.37 1.81 2228.77515 2441.89746 32925.26493 7.2101 8187.0 9.2673 36912.0 14.84 "" "" 0.0027655593613829838 0.0030488514 0.003804506 0.0068533574 48.63363473341 58.94543963789 2344.21826 -0.11100000000000121 1.6669999999999996 -0.6520000085830688 2.573000018119812 0.06992936 0.07292937 "" "" 29.493766253606996 "" 2.1457263978658037 ""
48.28375952894 59.09268074091 0.011 0.0162 9.3656 "" "" 462009361454976896 2346.65771 0.3948 0.0204 -0.828 1.624 0.019 0.024 1.018 "" "" 14.427008 2.305767 15.64843 13.342663 -34.15 1.24 2221.27832 2436.28174 31925.9341 7.5246 7517.0 12.8 36483.0 15.962 "" "" 0.0027671776866250893 0.0033471042 0.0038091182 0.007156222 48.28375952894 59.09268074091 2346.65771 -0.828 1.624 -1.3690000085830687 2.530000018119812 0.06992936 0.074929364 "" "" 31.99732654428875 "" 2.3622543507638625 ""
48.11137788599 59.12863534484 0.0104 0.0147 12.8375 "" "" 462012075874307840 2458.02637 0.3758 0.0189 -1.836 -0.525 0.018 0.021 1.026 "" "" 14.440759 1.379849 15.049306 13.669457 "" "" 2360.11353 2555.0271 31524.15165 5.4635 13053.0 11.566 27001.0 12.524 "" "" 0.0027617381468377925 0.0029513703 0.0038127867 0.0067641567 48.11137788599 59.12863534484 2458.02637 -1.8359999999999999 -0.5250000000000001 -2.377000008583069 0.381000018119812 0.06892936 0.071929365 "" "" 28.04803676816264 "" 1.9354855265824196 ""
48.35460650095 58.80936965671 0.0128 0.0194 7.8593 "" "" 461931124329024640 2837.7395 0.3167 0.0244 0.61 -1.107 0.022 0.026 1.05 11968.2 3.736 14.506885 1.384097 15.084894 13.700797 "" "" 2669.40527 3019.76318 29661.47736 19.526 12632.0 27.52 26232.0 56.496 "" "" 0.002846512758900884 0.0036578767 0.004444281 0.008102158 48.35460650095 58.80936965671 2837.7395 0.61 -1.107 0.06899999141693114 -0.20099998188018797 0.07292937 0.07692936 "" "" 2.858494820139286 "" 0.21872499155862904 ""
48.13716373928 58.98151967494 0.0114 0.0174 5.578 "" "" 462007162431754880 2420.91699 0.3667 0.0209 1.364 -0.546 0.019 0.025 1.075 "" "" 14.507368 2.489426 15.860289 13.370863 -20.89 2.16 2297.85913 2570.37842 29648.27877 7.1326 6184.5 7.9033 35548.0 18.085 "" "" 0.002767673154178282 0.0031161134 0.0038195334 0.0069356468 48.13716373928 58.98151967494 2420.91699 1.3640000000000003 -0.5460000000000003 0.8229999914169313 0.36000001811981197 0.06992936 0.075929366 "" "" 10.308035405487097 "" 0.7311204727789724 ""
48.61115775791 58.85521744228 0.0111 0.0149 10.9481 "" "" 461955519743844736 2192.76172 0.4184 0.0189 -2.93 -3.796 0.019 0.022 1.018 "" "" 14.519632 2.121685 15.608145 13.48646 2.78 2.07 2117.50537 2259.74438 29315.2576 5.9953 7801.2 9.6632 31958.0 14.627 "" "" 0.00276425279158209 0.0030973784 0.003811912 0.0069092903 48.61115775791 58.85521744228 2192.76172 -2.93 -3.796000000000001 -3.471000008583069 -2.889999981880188 0.06992936 0.07292937 "" "" 46.94444811576182 "" 3.341172833949834 ""
48.29213127621 58.95094895422 0.0121 0.0187 0.8601 "" "" 461959230595416704 2651.38403 0.3396 0.0224 -0.571 0.074 0.02 0.027 1.033 "" "" 14.59631 1.459384 15.251102 13.791718 "" "" 2539.41016 2809.25049 27316.36286 4.8607 10839.0 11.682 24125.0 15.994 "" "" 0.002762085165547082 0.0030256184 0.0038473166 0.006872935 48.29213127621 58.95094895422 2651.38403 -0.571 0.07400000000000005 -1.1120000085830688 0.980000018119812 0.07092936 0.07792936 "" "" 18.627753255751482 "" 1.3797737290805496 ""
48.40185839718 58.92105528723 0.0209 0.0302 3.4361 "" "" 461958474681173120 2134.26831 0.4351 0.0368 3.774 -2.161 0.035 0.041 1.738 5388.6 2.8137 14.686577 2.004691 15.694325 13.689633 -6.13 2.01 1982.90259 2279.27954 25137.14145 6.3335 7205.9 9.423 26504.0 15.963 "" "" 0.0027688669760827624 0.003130633 0.003835537 0.00696617 48.40185839718 58.92105528723 2134.26831 3.774 -2.1610000000000036 3.232999991416931 -1.254999981880188 0.085929364 0.09192936 "" "" 35.08420827234058 "" 3.04315888445413 ""
48.20795711915 58.83669747354 0.0135 0.0192 6.5804 "" "" 461935075698937600 2459.35156 0.3626 0.0244 -1.684 1.042 0.022 0.028 1.006 "" "" 14.722958 2.369576 15.982964 13.613387 -42.28 2.06 2340.56152 2625.30469 24308.79982 6.385 5523.7 8.97 28432.0 18.679 "" "" 0.0027700393537981975 0.003300562 0.0038461045 0.0071466668 48.20795711915 58.83669747354 2459.35156 -1.6839999999999993 1.0420000000000003 -2.225000008583069 1.948000018119812 0.07292937 0.078929365 "" "" 34.47363152753573 "" 2.6059084150500618 ""
48.15616696488 58.86115372855 0.0144 0.0197 6.2522 "" "" 461935041339196416 2971.22656 0.3036 0.0241 -1.078 -0.663 0.024 0.028 1.055 "" "" 14.751881 2.229649 15.916146 13.686498 -68.72 4.23 2787.16357 3223.69629 23669.78954 6.2999 5874.3 10.987 26580.0 17.887 "" "" 0.0027704326774256535 0.003450916 0.0038493597 0.0073002754 48.15616696488 58.86115372855 2971.22656 -1.078 -0.6630000000000004 -1.619000008583069 0.24300001811981198 0.074929364 0.078929365 "" "" 23.05677305375092 "" 1.729714218680201 ""
48.68229264937 58.95928775778 0.0122 0.0166 12.0591 "" "" 461956481816474880 2691.61182 0.3367 0.021 -1.379 -2.191 0.021 0.025 1.046 "" "" 14.822484 2.261179 16.010635 13.749456 -97.27 2.71 2555.26074 2858.94946 22179.56627 5.0 5384.7 7.982 25083.0 13.697 "" "" 0.0027661701119955297 0.0032210776 0.003825603 0.007046681 48.68229264937 58.95928775778 2691.61182 -1.379 -2.191 -1.9200000085830689 -1.2849999818801878 0.071929365 0.075929366 "" "" 29.475745447305567 "" 2.157334104055357 ""
48.16263001538 59.04683818439 0.0128 0.0191 7.7744 "" "" 462007609108340992 2389.71802 0.3783 0.0235 4.577 0.829 0.022 0.027 1.037 5031.5 2.6162 14.85126 2.381146 16.126177 13.745031 -20.79 1.89 2278.14551 2505.8584 21599.44434 5.1827 4841.1 7.9109 25185.0 15.906 "" "" 0.002767608906569851 0.0033064915 0.0038410847 0.007147576 48.16263001538 59.04683818439 2389.71802 4.577 0.829 4.035999991416931 1.735000018119812 0.07292937 0.07792936 "" "" 49.76205021913889 "" 3.66903353742649 ""
48.59777521336 58.80717297519 0.0131 0.0175 12.187 "" "" 461942188165375232 2397.97485 0.3861 0.023 0.669 -1.019 0.022 0.026 0.979 7827.2 3.8486 14.858692 1.129748 15.326102 14.196354 "" "" 2297.8418 2514.04126 21452.11077 4.422 10115.0 14.816 16619.0 17.011 "" "" 0.002764394838146171 0.0032115765 0.003939393 0.0071509695 48.59777521336 58.80717297519 2397.97485 0.6690000000000003 -1.0189999999999997 0.1279999914169312 -0.1129999818801879 0.07292937 0.07692936 "" "" 1.940727433795042 "" 0.1449873338683436 ""
