Clusters/UBC_423/UBC_423_stars_in_region.tsv
# %ECSV 1.0
# ---
# datatype:
# - name: RA_ICRS_1
#   unit: deg
#   datatype: float64
#   format: '{:15.11f}'
#   description: Right ascension (ICRS) at Ep=2016.0 (ra)
#   meta: !!omap
#   - {ucd: POS_EQ_RA_MAIN}
#   - {width: 15}
#   - {precision: '11'}
# - name: DE_ICRS_1
#   unit: deg
#   datatype: float64
#   format: '{:15.11f}'
#   description: Declination (ICRS) at Ep=2016.0 (dec)
#   meta: !!omap
#   - {ucd: POS_EQ_DEC_MAIN}
#   - {width: 15}
#   - {precision: '11'}
# - name: e_RA_ICRS
#   unit: mas
#   datatype: float64
#   format: '{:7.4f}'
#   description: Standard error of right ascension (ra_error)
#   meta: !!omap
#   - {ucd: ERROR}
#   - {width: 7}
#   - {precision: '4'}
# - name: e_DE_ICRS
#   unit: mas
#   datatype: float64
#   format: '{:7.4f}'
#   description: Standard error of declination (dec_error)
#   meta: !!omap
#   - {ucd: ERROR}
#   - {width: 7}
#   - {precision: '4'}
# - name: _r_1
#   unit: ''
#   datatype: float64
#   format: '{:7.4f}'
#   description: Distance from center (048.29511560000+58.93669755000)[ICRS], at Epoch=J2016.0
#   meta: !!omap
#   - {ucd: POS_ANG_DIST_GENERAL}
#   - {width: 7}
#   - {precision: '4'}
# - name: HIP
#   datatype: int32
#   description: '? HIP cross-id number, van Leeuwen, Cat. I/311 (hip_original_ext_source_id)'
#   meta: !!omap
#   - {ucd: ID_NUMBER}
#   - {width: 6}
#   - values: {'null': -2147483648}
# - name: TYC2
#   datatype: string
#   description: Tycho-2 cross-id name, Hog et al., Cat. I/259 (tyc2_original_ext_source_id)
#   meta: !!omap
#   - {ucd: ID_CROSSID}
#   - {_votable_string_dtype: char}
# - name: Source
#   datatype: int64
#   description: Source identifier, identical to the Gaia-EDR3 source_id (id)
#   meta: !!omap
#   - {ucd: ID_MAIN}
#   - {width: 19}
# - name: rgeo
#   unit: pc
#   datatype: float64
#   format: '{:15.8f}'
#   description: '? Median of the geometric distance posterior (r_med_geo)'
#   meta: !!omap
#   - {ucd: PHYS_DISTANCE_TRUE}
#   - {width: 15}
#   - {precision: '8'}
#   - values: {'null': .nan}
# - name: Plx
#   unit: mas
#   datatype: float64
#   format: '{:9.4f}'
#   description: '? Parallax (parallax)'
#   meta: !!omap
#   - {ucd: POS_PARLX_TRIG}
#   - {width: 9}
#   - {precision: '4'}
#   - values: {'null': .nan}
# - name: e_Plx
#   unit: mas
#   datatype: float32
#   format: '{:7.4f}'
#   description: '? Standard error of parallax (parallax_error)'
#   meta: !!omap
#   - {ucd: ERROR}
#   - {width: 7}
#   - {precision: '4'}
#   - values: {'null': .nan}
# - name: pmRA
#   unit: mas / yr
#   datatype: float64
#   format: '{:9.3f}'
#   description: '? Proper motion in right ascension direction, pmRA*cosDE (pmra)'
#   meta: !!omap
#   - {ucd: POS_EQ_PMRA}
#   - {width: 9}
#   - {precision: '3'}
#   - values: {'null': .nan}
# - name: pmDE
#   unit: mas / yr
#   datatype: float64
#   format: '{:9.3f}'
#   description: '? Proper motion in declination direction (pmdec)'
#   meta: !!omap
#   - {ucd: POS_EQ_PMDEC}
#   - {width: 9}
#   - {precision: '3'}
#   - values: {'null': .nan}
# - name: e_pmRA
#   unit: mas / yr
#   datatype: float32
#   format: '{:6.3f}'
#   description: '? Standard error of proper motion in right ascension direction (pmra_error)'
#   meta: !!omap
#   - {ucd: ERROR}
#   - {width: 6}
#   - {precision: '3'}
#   - values: {'null': .nan}
# - name: e_pmDE
[...]
#         value: !astropy.table.SerializedColumn {name: SkyCoord.dec}
#       distance: !astropy.table.SerializedColumn
#         __class__: astropy.coordinates.distances.Distance
#         unit: !astropy.units.Unit {unit: pc}
#         value: !astropy.table.SerializedColumn {name: SkyCoord.distance}
#       frame: icrs
#       obstime: !astropy.time.Time {format: jyear_str, in_subfmt: '*', jd1: 367701545.0, jd2: 0.0, out_subfmt: '*', precision: 3, scale: tt}
#       pm_dec: !astropy.table.SerializedColumn
#         __class__: astropy.units.quantity.Quantity
#         unit: !astropy.units.Unit {unit: mas / yr}
#         value: !astropy.table.SerializedColumn {name: SkyCoord.pm_dec}
#       pm_ra_cosdec: !astropy.table.SerializedColumn
#         __class__: astropy.units.quantity.Quantity
#         unit: !astropy.units.Unit {unit: mas / yr}
#         value: !astropy.table.SerializedColumn {name: SkyCoord.pm_ra_cosdec}
#       ra: !astropy.table.SerializedColumn
#         __class__: astropy.coordinates.angles.Longitude
#         unit: *id001
#         value: !astropy.table.SerializedColumn {name: SkyCoord.ra}
#         wrap_angle: !astropy.coordinates.Angle
#           unit: *id001
#           value: 360.0
#       representation_type: spherical
# schema: astropy-2.0
RA_ICRS_1 DE_ICRS_1 e_RA_ICRS e_DE_ICRS _r_1 HIP TYC2 Source rgeo Plx e_Plx pmRA pmDE e_pmRA e_pmDE RUWE Teff logg Gmag BP-RP BPmag RPmag RV e_RV b_rgeo B_rgeo FG e_FG FBP e_FBP FRP e_FRP RAVE5 RAVE6 e_Gmag e_BPmag e_RPmag e_BP-RP SkyCoord.ra SkyCoord.dec SkyCoord.distance SkyCoord.pm_ra_cosdec SkyCoord.pm_dec rmRA rmDE e_rmRA e_rmDE rRV e_rRV v_pec v_pec3d e_vpec e_vpec3d
[from data line 64]
48.57057209665 59.04030959776 0.0179 0.0243 10.543 "" "" 461960811143360640 2622.21753 0.3402 0.0318 -1.652 1.911 0.03 0.035 1.046 "" "" 15.506448 2.130477 16.598824 14.468347 "" "" 2432.68311 2957.6416 11813.20188 3.1557 3132.5 7.8469 12937.0 11.31 "" "" 0.002770543353192653 0.0038964301 0.0038967538 0.007793184 48.57057209665 59.04030959776 2622.21753 -1.6519999999999988 1.9109999999999996 -2.193000008583069 2.817000018119812 0.08092936 0.085929364 "" "" 44.37235883192606 "" 3.730718918043329 ""
48.53499877542 58.88398871846 0.018 0.0243 8.0771 "" "" 461956516176252800 2113.21558 0.4388 0.0307 0.74 -1.038 0.031 0.037 0.99 "" "" 15.549186 1.214853 16.064054 14.849201 "" "" 1982.99561 2255.56348 11357.23154 2.9464 5126.2 7.8011 9109.1 10.882 "" "" 0.002769680209732187 0.0032426978 0.0039957566 0.007238454 48.53499877542 58.88398871846 2113.21558 0.74 -1.038 0.19899999141693114 -0.13199998188018802 0.08192936 0.08792937 "" "" 2.3919646735374385 "" 0.20046637650835777 ""
47.86712258593 58.98002402065 0.0253 0.0344 13.4947 "" "" 461987371222944000 2423.60889 0.3559 0.0447 -0.792 2.037 0.041 0.05 1.052 6951.4 2.4979 15.551405 2.472853 16.887968 14.415115 3.11 5.62 2176.56689 2712.15332 11334.03587 3.6902 2400.1 7.6984 13587.0 16.5 "" "" 0.0027779042064020403 0.004462409 0.0040027746 0.008465184 47.86712258593 58.98002402065 2423.60889 -0.7920000000000018 2.037 -1.3330000085830689 2.943000018119812 0.09192936 0.100929365 "" "" 37.11525069597362 "" 3.6912908457359 ""
48.15477216595 59.19416300884 0.0164 0.0236 16.0429 "" "" 462013965659884672 2679.02051 0.3401 0.0306 0.578 -0.488 0.029 0.034 0.981 9258.9 3.5453 15.555389 1.257051 16.091803 14.834752 "" "" 2471.53931 2911.91992 11292.52095 2.4792 4996.8 7.6361 9231.2 10.506 "" "" 0.0027656116719020057 0.0032462375 0.003976256 0.0072224936 48.15477216595 59.19416300884 2679.02051 0.5780000000000001 -0.4880000000000005 0.03699999141693111 0.418000018119812 0.07992937 0.08492936 "" "" 5.328751209557024 "" 0.4523663565229873 ""
48.02820855249 59.09556210353 0.0174 0.0241 12.6025 "" "" 462011594837986944 2210.52954 0.4357 0.0319 0.552 -0.688 0.03 0.035 0.969 9009.0 3.5853 15.556185 1.257862 16.096376 14.838514 "" "" 2058.2981 2372.76953 11284.25067 3.2507 4975.8 14.039 9199.2 14.538 "" "" 0.0027730156864022625 0.0041435733 0.0041506463 0.008294219 48.02820855249 59.09556210353 2210.52954 0.552 -0.688 0.010999991416931199 0.21800001811981207 0.08092936 0.085929364 "" "" 2.28709058114652 "" 0.19650004025147877 ""
48.59297540679 58.91829704069 0.0184 0.026 9.2898 "" "" 461956687974927360 2777.15234 0.3257 0.0329 0.263 0.755 0.031 0.04 1.029 8399.4 3.0044 15.560386 1.693669 16.354746 14.661077 "" "" 2533.43848 3045.39404 11240.68008 2.9723 3922.1 8.1701 10832.0 10.129 "" "" 0.0027702368975716595 0.0035916972 0.003913375 0.0075050723 48.59297540679 58.91829704069 2777.15234 0.263 0.7549999999999998 -0.27800000858306884 1.661000018119812 0.08192936 0.09092936 "" "" 22.169038587644952 "" 2.0106421194627826 ""
47.84022335704 59.0064782959 0.0168 0.023 14.6786 "" "" 461987646099730304 2451.64648 0.3741 0.0305 -0.097 -0.122 0.029 0.035 1.026 "" "" 15.564361 2.395027 16.847858 14.452831 -63.91 4.77 2294.25073 2651.87744 11199.59829 3.4145 2490.4 6.8912 13123.0 14.655 "" "" 0.0027751326071348155 0.00410014 0.003969112 0.008069253 47.84022335704 59.0064782959 2451.64648 -0.09699999999999985 -0.12199999999999998 -0.6380000085830688 0.784000018119812 0.07992937 0.085929364 "" "" 11.746213575642862 "" 0.9818730339087292 ""
48.80332997295 58.93000835367 0.0166 0.0209 15.7405 "" "" 461950228344093568 2401.69971 0.3894 0.0282 0.639 -0.902 0.027 0.031 0.99 "" "" 15.571555 1.244595 16.103626 14.859032 "" "" 2247.37524 2587.61255 11125.63528 2.6531 4942.7 9.2176 9027.0 8.7427 "" "" 0.0027674582404982988 0.0034474311 0.003922941 0.0073703723 48.80332997295 58.93000835367 2401.69971 0.6390000000000002 -0.902 0.09799999141693116 0.004000018119811988 0.07792936 0.08192936 "" "" 1.1165663840882964 "" 0.08702092535378875 ""
47.9700086324 58.81297858995 0.0191 0.0249 12.5208 "" "" 461980430554796544 2877.54688 0.3155 0.0322 -1.6 0.449 0.034 0.04 1.014 "" "" 15.57571 1.524619 16.267632 14.743012 "" "" 2633.52856 3116.30322 11083.13812 3.5233 4249.8 9.3974 10045.0 13.245 "" "" 0.002776854287414814 0.0036809086 0.0040414417 0.0077223503 47.9700086324 58.81297858995 2877.54688 -1.6000000000000003 0.4489999999999999 -2.141000008583069 1.355000018119812 0.08492936 0.09092936 "" "" 34.55931190979421 "" 2.9958675469838285 ""
48.78448455204 58.9942431525 0.017 0.0224 15.5265 "" "" 461962460410925824 2134.77856 0.4353 0.0297 -2.318 0.402 0.03 0.034 1.0 "" "" 15.577661 1.295223 16.137522 14.842299 "" "" 2013.0874 2295.39136 11063.23423 2.9669 4790.8 9.5477 9167.2 12.138 "" "" 0.002770662157060812 0.0035308688 0.0040435614 0.00757443 48.78448455204 58.9942431525 2134.77856 -2.3180000000000005 0.40199999999999914 -2.859000008583069 1.3080000181198121 0.08092936 0.08492936 "" "" 31.81368021545536 "" 2.5971324755008287 ""
48.36156512772 58.96851843891 0.0184 0.0267 2.806 "" "" 461959471113579136 2530.47827 0.3715 0.0331 0.082 -2.55 0.03 0.037 0.959 8997.0 3.792 15.635747 1.362633 16.235455 14.872822 "" "" 2290.69995 2752.07812 10486.92458 2.7132 4377.6 8.2595 8913.1 9.1707 "" "" 0.0027696022239043034 0.0034614326 0.0039410247 0.0074024573 48.36156512772 58.96851843891 2530.47827 0.08199999999999985 -2.55 -0.45900000858306883 -1.6439999818801878 0.08092936 0.08792937 "" "" 20.473037177459 "" 1.7902026486644596 ""
48.43086482008 59.12829063629 0.0185 0.0255 12.2357 "" "" 462009155296517760 2221.12817 0.4169 0.0331 1.219 -1.166 0.031 0.037 1.012 "" "" 15.649479 1.650489 16.422722 14.772233 "" "" 2049.8667 2408.5979 10355.12105 2.6836 3684.1 9.0806 9778.3 13.356 "" "" 0.0027696501226221132 0.0038660998 0.0040599233 0.007926023 48.43086482008 59.12829063629 2221.12817 1.2190000000000005 -1.166 0.6779999914169312 -0.2599999818801879 0.08192936 0.08792937 "" "" 7.644942966673926 "" 0.6324119472155476 ""
48.58687530563 59.07542454244 0.0195 0.0266 12.2696 "" "" 461966789737831424 2444.26147 0.3727 0.0345 -0.314 -0.362 0.033 0.038 1.065 7475.3 3.8345 15.653943 1.336604 16.236113 14.899508 "" "" 2224.40894 2652.98706 10312.6331 2.5425 4374.9 10.287 8696.7 9.1179 "" "" 0.002768292237779622 0.0037818884 0.0039470876 0.007728976 48.58687530563 59.07542454244 2444.26147 -0.314 -0.362 -0.8550000085830689 0.544000018119812 0.08392936 0.08892936 "" "" 11.740943180891419 "" 1.0026791781551558 ""
48.31704651314 58.87806248414 0.0208 0.0302 3.5831 "" "" 461957993644848000 2543.54272 0.3513 0.0357 -1.282 -2.117 0.034 0.042 1.045 7021.9 2.6238 15.654468 2.468677 16.991455 14.522778 "" "" 2314.13477 2781.4502 10307.65401 3.1418 2181.9 7.3996 12304.0 13.301 "" "" 0.00277512297425383 0.004619853 0.00395744 0.008577293 48.31704651314 58.87806248414 2543.54272 -1.2819999999999991 -2.117 -1.8230000085830689 -1.210999981880188 0.08492936 0.09292936 "" "" 26.386290159746984 "" 2.3076527338502912 ""
48.00633011024 59.02509043763 0.0182 0.0259 10.3854 "" "" 461987061984165504 2987.21851 0.305 0.0325 1.07 -0.313 0.031 0.037 1.018 "" "" 15.679385 1.494343 16.35414 14.859797 "" "" 2724.85962 3302.29443 10073.78058 3.0895 3924.3 9.5136 9020.7 10.352 "" "" 0.002775367729340706 0.0038357717 0.0039794687 0.00781524 48.00633011024 59.02509043763 2987.21851 1.0699999999999998 -0.3129999999999998 0.5289999914169312 0.5930000181198121 0.08192936 0.08792937 "" "" 11.251970281415689 "" 0.9600471023831195 ""
47.95247009872 58.80633979151 0.0213 0.027 13.1958 "" "" 461980052597600000 2371.6875 0.3979 0.0342 -0.365 0.038 0.036 0.04 0.956 9234.9 3.5594 15.692228 1.862585 16.599092 14.736507 "" "" 2179.69824 2578.25244 9955.32225 3.0404 3131.7 9.2545 10105.0 17.226 "" "" 0.0027752009754890465 0.0042519746 0.0042082528 0.008460227 47.95247009872 58.80633979151 2371.6875 -0.365 0.0379999999999998 -0.9060000085830688 0.944000018119812 0.086929366 0.09092936 "" "" 14.709033642758406 "" 1.3096028982378038 ""
48.48692912582 59.02535471862 0.0194 0.0262 7.9668 "" "" 461961463978393472 2524.45581 0.3673 0.0343 0.596 0.227 0.032 0.037 1.025 9190.9 3.8218 15.693455 1.207965 16.20736 14.999394 "" "" 2305.37061 2788.39819 9944.08869 2.4976 4492.3 9.1136 7932.3 10.811 "" "" 0.0027687819877253847 0.003554816 0.004058745 0.007613561 48.48692912582 59.02535471862 2524.45581 0.5960000000000001 0.2270000000000001 0.05499999141693113 1.133000018119812 0.082929365 0.08792937 "" "" 13.573352706250914 "" 1.1933413002621902 ""
48.71282328932 58.79864989632 0.019 0.0245 15.3788 "" "" 461942703561446144 2155.38232 0.4442 0.0327 -0.121 -0.212 0.031 0.037 1.018 15002.6 4.3329 15.697049 1.502242 16.380709 14.878467 "" "" 1984.98535 2376.49121 9911.21631 2.7738 3829.4 10.054 8866.9 11.972 "" "" 0.0027720245040574734 0.003988838 0.004053731 0.008042568 48.71282328932 58.79864989632 2155.38232 -0.1210000000000001 -0.21200000000000024 -0.6620000085830688 0.694000018119812 0.08192936 0.08792937 "" "" 9.798695336964702 "" 0.8341006438201917 ""
48.23872922942 58.89367207069 0.0216 0.0319 3.117 "" "" 461935522375528832 2416.69312 0.3864 0.0365 0.512 -0.934 0.035 0.044 0.977 8418.3 3.5828 15.732219 1.732013 16.555126 14.823113 "" "" 2202.20605 2661.17627 9595.31539 2.9218 3261.1 8.5287 9330.7 10.287 "" "" 0.002775084166719157 0.003980936 0.0039644125 0.0079453485 48.23872922942 58.89367207069 2416.69312 0.512 -0.9339999999999997 -0.029000008583068837 -0.02799998188018804 0.085929364 0.09492937 "" "" 0.461770793676303 "" 0.04173644642828469 ""
48.11112562481 59.18681725216 0.0287 0.048 16.0445 "" "" 462012556904349824 3046.51465 0.3097 0.0538 0.191 -0.921 0.052 0.091 1.329 "" "" 15.736686 1.509481 16.147018 14.637537 "" "" 2613.41675 3671.40649 9555.92006 5.2654 4749.1 22.751 11070.0 31.31 "" "" 0.00281952002990186 0.0059024366 0.0048696916 0.010772128 48.11112562481 59.18681725216 3046.51465 0.19099999999999995 -0.921 -0.35000000858306884 -0.01499998188018803 0.10292937 0.14192936 "" "" 5.058807370269892 "" 0.5211299075423147 ""
48.67856611542 59.01594511889 0.0193 0.0255 12.7754 "" "" 461963422483600768 2164.26978 0.438 0.0342 0.781 -0.625 0.033 0.04 0.958 8598.1 4.4083 15.737058 1.260431 16.286657 15.026226 "" "" 2030.58813 2343.57324 9552.64602 2.481 4175.9 9.1595 7738.7 10.843 "" "" 0.002769712158375492 0.0036683062 0.004074062 0.0077423686 48.67856611542 59.01594511889 2164.26978 0.781 -0.625 0.23999999141693118 0.281000018119812 0.08392936 0.09092936 "" "" 3.7909939457890185 "" 0.3337770159411049 ""
48.41844165042 58.93722282951 0.0196 0.0294 3.8182 "" "" 461958577760385408 2234.09497 0.4197 0.036 -4.285 -0.465 0.033 0.041 0.989 8389.0 3.6869 15.796392 1.657398 16.572353 14.914955 "" "" 2096.04175 2414.53516 9044.61983 2.5147 3209.8 8.37 8573.9 9.6286 "" "" 0.0027718071698185306 0.0039750203 0.0039711976 0.007946217 48.41844165042 58.93722282951 2234.09497 -4.285000000000003 -0.46500000000000136 -4.826000008583069 0.441000018119812 0.08392936 0.09192936 "" "" 51.318388330735715 "" 4.310679851226586 ""
48.05607322503 58.72563580108 0.0233 0.0287 14.679 "" "" 461931742804340096 2236.66187 0.4026 0.0389 0.815 -1.973 0.039 0.043 1.006 7975.7 3.5014 15.821178 2.498508 17.17727 14.678762 "" "" 2047.41748 2424.2876 8840.46724 3.3798 1838.7 8.142 10657.0 17.539 "" "" 0.00278641120190829 0.005558758 0.004180508 0.009739267 48.05607322503 58.72563580108 2236.66187 0.8150000000000002 -1.9730000000000008 0.2739999914169311 -1.066999981880188 0.089929365 0.093929365 "" "" 11.679121844191284 "" 1.0941803132041514 ""
48.29937042304 58.92653349927 0.0224 0.0335 0.6239 "" "" 461958917059148672 2621.04199 0.3558 0.0373 0.602 -0.976 0.036 0.048 1.02 9129.3 3.4338 15.830633 1.264027 16.37228 15.108254 "" "" 2391.28198 2886.44604 8763.8198 2.5338 3859.3 9.7795 7175.6 10.037 "" "" 0.002773144062264341 0.003918483 0.0040731016 0.007991584 48.29937042304 58.92653349927 2621.04199 0.6020000000000006 -0.976 0.06099999141693113 -0.06999998188018797 0.086929366 0.09892936 "" "" 1.1535357338549252 "" 0.10836099747119098 ""
48.54513834742 58.90453620042 0.0225 0.0315 7.9809 "" "" 461956619255459584 2862.28442 0.3141 0.0384 -0.001 -0.52 0.037 0.049 1.026 7834.3 2.5991 15.836639 2.870702 17.467136 14.596435 "" "" 2570.16675 3220.41016 8715.47029 3.5059 1407.9 9.2477 11497.0 20.678 "" "" 0.00278972042215127 0.0076579754 0.0042540557 0.011912031 48.54513834742 58.90453620042 2862.28442 -0.0010000000000001952 -0.5199999999999992 -0.5420000085830688 0.386000018119812 0.08792937 0.09992936 "" "" 9.027662802164782 "" 0.8318286596301292 ""
48.32335131802 59.00883249618 0.0219 0.031 4.4153 "" "" 462006681395405952 2645.88208 0.3417 0.0375 0.388 -0.65 0.036 0.044 1.019 7908.0 3.5107 15.895114 1.346518 16.48354 15.137021 "" "" 2400.40698 2962.24414 8258.502 2.5591 3483.4 8.9542 6988.0 10.507 "" "" 0.0027757850508571503 0.003946428 0.0041168854 0.008063314 48.32335131802 59.00883249618 2645.88208 0.3880000000000001 -0.6499999999999998 -0.15300000858306884 0.256000018119812 0.086929366 0.09492937 "" "" 3.7403274573652685 "" 0.34744168574462164 ""
48.35804933034 59.01363723995 0.0229 0.0349 5.0099 "" "" 461959780353013632 2154.87793 0.4334 0.0402 0.038 -1.042 0.04 0.051 1.0 7919.8 3.3786 15.906076 1.662666 16.685587 15.022921 "" "" 2034.01367 2302.7749 8175.53525 2.3988 2891.9 6.6884 7762.3 13.233 "" "" 0.0027736753536648307 0.0037537515 0.0042082896 0.007962041 48.35804933034 59.01363723995 2154.87793 0.03800000000000009 -1.0419999999999994 -0.5030000085830688 -0.13599998188018803 0.09092936 0.10192937 "" "" 5.322184597465147 "" 0.48815400204070397 ""
47.84661433714 58.82574765435 0.0217 0.0265 15.4186 "" "" 461981014670275328 2764.78052 0.3123 0.0365 0.499 0.431 0.038 0.04 1.003 6738.9 2.8266 15.90776 2.602978 17.343962 14.740984 "" "" 2485.23926 3041.28564 8162.86767 2.6463 1577.0 7.564 10064.0 8.9471 "" "" 0.002777711439243973 0.0059080417 0.0039006947 0.009808736 47.84661433714 58.82574765435 2764.78052 0.49900000000000005 0.43100000000000005 -0.04200000858306885 1.337000018119812 0.08892936 0.09092936 "" "" 17.53010810356229 "" 1.5939673124761684 ""
48.66014382759 58.99528863094 0.021 0.0286 11.8259 "" "" 461963388123873408 2347.71265 0.3952 0.0362 -2.86 -1.678 0.036 0.044 1.033 7866.2 4.1364 15.910855 1.531011 16.612524 15.081513 "" "" 2163.50342 2552.11475 8139.62925 2.3288 3093.2 8.7478 7354.5 8.0871 "" "" 0.0027727755354713607 0.0041488893 0.0039634705 0.00811236 48.66014382759 58.99528863094 2347.71265 -2.860000000000003 -1.6780000000000022 -3.4010000085830687 -0.7719999818801879 0.086929366 0.09492937 "" "" 38.80965634918767 "" 3.389575087572902 ""
48.15959271634 58.97666362148 0.0204 0.0322 4.8305 "" "" 462007093712278272 2371.1062 0.4003 0.0393 0.642 -0.298 0.035 0.047 1.003 8394.3 3.0679 15.939113 1.6041 16.678854 15.074754 "" "" 2159.37866 2608.44385 7930.52105 2.5054 2909.9 10.139 7400.4 8.7369 "" "" 0.002776588086909551 0.004700688 0.003990838 0.008691526 48.15959271634 58.97666362148 2371.1062 0.6420000000000002 -0.2980000000000001 0.10099999141693117 0.608000018119812 0.085929364 0.09792936 "" "" 6.926981050688667 "" 0.6762561021892985 ""
