Clusters/UBC_423/UBC_423_stars_in_region.tsv
# %ECSV 1.0
# ---
# datatype:
# - name: RA_ICRS_1
#   unit: deg
#   datatype: float64
#   format: '{:15.11f}'
#   description: Right ascension (ICRS) at Ep=2016.0 (ra)
#   meta: !!omap
#   - {ucd: POS_EQ_RA_MAIN}
#   - {width: 15}
#   - {precision: '11'}
# - name: DE_ICRS_1
#   unit: deg
#   datatype: float64
#   format: '{:15.11f}'
#   description: Declination (ICRS) at Ep=2016.0 (dec)
#   meta: !!omap
#   - {ucd: POS_EQ_DEC_MAIN}
#   - {width: 15}
#   - {precision: '11'}
# - name: e_RA_ICRS
#   unit: mas
#   datatype: float64
#   format: '{:7.4f}'
#   description: Standard error of right ascension (ra_error)
#   meta: !!omap
#   - {ucd: ERROR}
#   - {width: 7}
#   - {precision: '4'}
# - name: e_DE_ICRS
#   unit: mas
#   datatype: float64
#   format: '{:7.4f}'
#   description: Standard error of declination (dec_error)
#   meta: !!omap
#   - {ucd: ERROR}
#   - {width: 7}
#   - {precision: '4'}
# - name: _r_1
#   unit: ''
#   datatype: float64
#   format: '{:7.4f}'
#   description: Distance from center (048.29511560000+58.93669755000)[ICRS], at Epoch=J2016.0
#   meta: !!omap
#   - {ucd: POS_ANG_DIST_GENERAL}
#   - {width: 7}
#   - {precision: '4'}
# - name: HIP
#   datatype: int32
#   description: '? HIP cross-id number, van Leeuwen, Cat. I/311 (hip_original_ext_source_id)'
#   meta: !!omap
#   - {ucd: ID_NUMBER}
#   - {width: 6}
#   - values: {'null': -2147483648}
# - name: TYC2
#   datatype: string
#   description: Tycho-2 cross-id name, Hog et al., Cat. I/259 (tyc2_original_ext_source_id)
#   meta: !!omap
#   - {ucd: ID_CROSSID}
#   - {_votable_string_dtype: char}
# - name: Source
#   datatype: int64
#   description: Source identifier, identical to the Gaia-EDR3 source_id (id)
#   meta: !!omap
#   - {ucd: ID_MAIN}
#   - {width: 19}
# - name: rgeo
#   unit: pc
#   datatype: float64
#   format: '{:15.8f}'
#   description: '? Median of the geometric distance posterior (r_med_geo)'
#   meta: !!omap
#   - {ucd: PHYS_DISTANCE_TRUE}
#   - {width: 15}
#   - {precision: '8'}
#   - values: {'null': .nan}
# - name: Plx
#   unit: mas
#   datatype: float64
#   format: '{:9.4f}'
#   description: '? Parallax (parallax)'
#   meta: !!omap
#   - {ucd: POS_PARLX_TRIG}
#   - {width: 9}
#   - {precision: '4'}
#   - values: {'null': .nan}
# - name: e_Plx
#   unit: mas
#   datatype: float32
#   format: '{:7.4f}'
#   description: '? Standard error of parallax (parallax_error)'
#   meta: !!omap
#   - {ucd: ERROR}
#   - {width: 7}
#   - {precision: '4'}
#   - values: {'null': .nan}
# - name: pmRA
#   unit: mas / yr
#   datatype: float64
#   format: '{:9.3f}'
#   description: '? Proper motion in right ascension direction, pmRA*cosDE (pmra)'
#   meta: !!omap
#   - {ucd: POS_EQ_PMRA}
#   - {width: 9}
#   - {precision: '3'}
#   - values: {'null': .nan}
# - name: pmDE
#   unit: mas / yr
#   datatype: float64
#   format: '{:9.3f}'
#   description: '? Proper motion in declination direction (pmdec)'
#   meta: !!omap
#   - {ucd: POS_EQ_PMDEC}
#   - {width: 9}
#   - {precision: '3'}
#   - values: {'null': .nan}
# - name: e_pmRA
#   unit: mas / yr
#   datatype: float32
#   format: '{:6.3f}'
#   description: '? Standard error of proper motion in right ascension direction (pmra_error)'
#   meta: !!omap
#   - {ucd: ERROR}
#   - {width: 6}
#   - {precision: '3'}
#   - values: {'null': .nan}
# - name: e_pmDE
[...]
#         value: !astropy.table.SerializedColumn {name: SkyCoord.dec}
#       distance: !astropy.table.SerializedColumn
#         __class__: astropy.coordinates.distances.Distance
#         unit: !astropy.units.Unit {unit: pc}
#         value: !astropy.table.SerializedColumn {name: SkyCoord.distance}
#       frame: icrs
#       obstime: !astropy.time.Time {format: jyear_str, in_subfmt: '*', jd1: 367701545.0, jd2: 0.0, out_subfmt: '*', precision: 3, scale: tt}
#       pm_dec: !astropy.table.SerializedColumn
#         __class__: astropy.units.quantity.Quantity
#         unit: !astropy.units.Unit {unit: mas / yr}
#         value: !astropy.table.SerializedColumn {name: SkyCoord.pm_dec}
#       pm_ra_cosdec: !astropy.table.SerializedColumn
#         __class__: astropy.units.quantity.Quantity
#         unit: !astropy.units.Unit {unit: mas / yr}
#         value: !astropy.table.SerializedColumn {name: SkyCoord.pm_ra_cosdec}
#       ra: !astropy.table.SerializedColumn
#         __class__: astropy.coordinates.angles.Longitude
#         unit: *id001
#         value: !astropy.table.SerializedColumn {name: SkyCoord.ra}
#         wrap_angle: !astropy.coordinates.Angle
#           unit: *id001
#           value: 360.0
#       representation_type: spherical
# schema: astropy-2.0
RA_ICRS_1 DE_ICRS_1 e_RA_ICRS e_DE_ICRS _r_1 HIP TYC2 Source rgeo Plx e_Plx pmRA pmDE e_pmRA e_pmDE RUWE Teff logg Gmag BP-RP BPmag RPmag RV e_RV b_rgeo B_rgeo FG e_FG FBP e_FBP FRP e_FRP RAVE5 RAVE6 e_Gmag e_BPmag e_RPmag e_BP-RP SkyCoord.ra SkyCoord.dec SkyCoord.distance SkyCoord.pm_ra_cosdec SkyCoord.pm_dec rmRA rmDE e_rmRA e_rmDE rRV e_rRV v_pec v_pec3d e_vpec e_vpec3d
[from data line 127]
48.39783664892 59.01668093819 0.0255 0.0381 5.755 "" "" 461961223460227712 2389.95166 0.3989 0.0462 0.546 -1.026 0.042 0.051 0.951 "" "" 16.292278 1.407722 16.909304 15.501582 "" "" 2181.22095 2672.74536 5728.4258 4.9065 2353.4 10.084 4994.9 18.945 "" "" 0.002908023580971137 0.0054247864 0.0055894637 0.01101425 48.39783664892 59.01668093819 2389.95166 0.546 -1.026 0.004999991416931193 -0.11999998188018801 0.09292936 0.10192937 "" "" 1.3605838219768656 "" 0.138663160385024 ""
48.77869407763 58.84802866646 0.0322 0.0419 15.9064 "" "" 461943253317237888 2947.12524 0.3146 0.0536 -1.803 -1.363 0.055 0.063 1.437 9532.1 3.7941 16.3 1.671968 17.045424 15.373456 "" "" 2507.29639 3494.05688 5687.83133 3.5975 2076.1 7.1588 5620.5 10.477 "" "" 0.0028396075396465367 0.004669188 0.004287172 0.00895636 48.77869407763 58.84802866646 2947.12524 -1.8029999999999986 -1.3629999999999987 -2.344000008583069 -0.456999981880188 0.10592936 0.11392936 "" "" 33.36073913092797 "" 3.5440095613039904 ""
48.7098097086 58.80290031719 0.026 0.0329 15.1629 "" "" 461942703561444736 2573.02686 0.3813 0.0445 1.198 0.342 0.042 0.049 1.014 "" "" 16.301447 1.426521 16.935095 15.508574 "" "" 2320.14941 2869.18311 5680.25242 2.1473 2298.2 6.6414 4962.8 10.25 "" "" 0.002785722561174644 0.0041987514 0.0043945736 0.008593325 48.7098097086 58.80290031719 2573.02686 1.1979999999999995 0.34200000000000097 0.6569999914169311 1.248000018119812 0.09292936 0.09992936 "" "" 17.201121353355454 "" 1.693495887890187 ""
48.30541632293 58.79859859562 0.029 0.0387 8.2921 "" "" 461931055611769856 2107.09839 0.4576 0.05 1.128 1.83 0.051 0.055 0.994 7952.3 3.4929 16.30883 1.404729 16.93636 15.531631 "" "" 1918.73438 2356.62866 5641.76248 2.3441 2295.5 8.8426 4858.5 10.689 "" "" 0.0027920051281189614 0.0050276862 0.004470967 0.009498654 48.30541632293 58.79859859562 2107.09839 1.128 1.83 0.586999991416931 2.736000018119812 0.10192937 0.10592936 "" "" 27.9480421448098 "" 2.955687771432129 ""
48.25533138776 59.07305873028 0.0265 0.0385 8.2735 "" "" 462007883986236288 2565.4165 0.3857 0.0492 0.615 -1.044 0.046 0.055 1.061 "" "" 16.319456 1.47929 16.991095 15.511805 "" "" 2300.64355 2837.03369 5586.81524 2.0947 2182.6 8.821 4948.1 9.4747 "" "" 0.0027852298109958032 0.0051999725 0.0043134564 0.009513428 48.25533138776 59.07305873028 2565.4165 0.6150000000000007 -1.0439999999999998 0.07399999141693114 -0.13799998188018803 0.096929364 0.10592936 "" "" 1.904129154807302 "" 0.19800465248414065 ""
48.43976980548 58.68840693153 0.0279 0.037 15.5606 "" "" 461917792750653568 2631.42749 0.3466 0.0478 -1.462 -0.943 0.047 0.058 0.995 "" "" 16.32362 1.707449 17.13219 15.424742 "" "" 2348.43677 3010.32373 5565.42974 2.3424 1916.6 9.0465 5361.2 9.9382 "" "" 0.0027929572129701185 0.0058350833 0.0042818827 0.010116966 48.43976980548 58.68840693153 2631.42749 -1.4620000000000006 -0.9430000000000005 -2.0030000085830686 -0.03699998188018794 0.09792936 0.108929366 "" "" 24.987613722415595 "" 2.4471200041080245 ""
48.75861911711 58.84625783727 0.0266 0.0321 15.3589 "" "" 461943906152268672 2629.74365 0.372 0.0427 0.076 -0.833 0.045 0.049 1.001 "" "" 16.332478 1.323745 16.909397 15.585652 "" "" 2360.23291 2869.10474 5520.21206 2.1789 2353.2 7.5519 4622.7 8.1191 "" "" 0.002788449062508571 0.0044638254 0.0042332183 0.008697044 48.75861911711 58.84625783727 2629.74365 0.07600000000000007 -0.833 -0.46500000858306884 0.07300001811981205 0.09592937 0.09992936 "" "" 5.867209081673043 "" 0.5634136322568352 ""
48.57293816092 59.10376206955 0.0259 0.0353 13.1947 "" "" 461967614371549440 2886.63208 0.3216 0.0444 -2.25 0.201 0.043 0.05 0.98 8230.2 3.9662 16.343397 1.739667 17.155186 15.415519 "" "" 2574.30811 3294.80127 5464.97206 2.0992 1876.5 12.401 5406.9 16.851 "" "" 0.002786704462250581 0.0076985825 0.0050728363 0.012771418 48.57293816092 59.10376206955 2886.63208 -2.2499999999999982 0.20099999999999899 -2.791000008583069 1.107000018119812 0.093929365 0.100929365 "" "" 41.08239693674846 "" 3.8991802797938457 ""
48.50102200155 58.73023577564 0.0274 0.0362 13.9404 "" "" 461941432251154176 2727.9939 0.3501 0.0472 0.398 0.041 0.048 0.054 1.013 8594.8 3.2506 16.346972 1.737607 17.167416 15.429809 "" "" 2409.22192 3156.60083 5447.01423 2.0357 1855.5 10.44 5336.2 12.136 "" "" 0.002785038318643609 0.00671594 0.0045145317 0.011230472 48.50102200155 58.73023577564 2727.9939 0.3980000000000001 0.040999999999999905 -0.14300000858306883 0.947000018119812 0.09892936 0.104929365 "" "" 12.384186947578678 "" 1.2978547074605684 ""
48.13973799768 59.12021789988 0.0257 0.0371 12.011 "" "" 462011319960064640 2123.87891 0.4595 0.0462 0.527 -0.656 0.044 0.054 1.025 8610.5 4.4239 16.355036 1.648671 17.125051 15.47638 "" "" 1944.98389 2352.3501 5406.70214 6.4594 1929.3 10.997 5112.2 20.606 "" "" 0.0030453800656640505 0.0067885886 0.005782387 0.012570975 48.13973799768 59.12021789988 2123.87891 0.5269999999999999 -0.6559999999999999 -0.014000008583068824 0.250000018119812 0.09492937 0.104929365 "" "" 2.52073994315014 "" 0.2644245831831566 ""
48.28824141586 58.78357129265 0.0294 0.041 9.1901 "" "" 461931021249816192 2706.34912 0.3403 0.0513 2.585 -3.316 0.051 0.056 1.008 7552.2 3.7885 16.365082 2.16603 17.472273 15.306243 "" "" 2400.7168 3133.28149 5356.90306 13.344 1401.2 19.015 5979.4 52.18 "" "" 0.003860884780548341 0.014995855 0.010200777 0.025196632 48.28824141586 58.78357129265 2706.34912 2.585 -3.316 2.043999991416931 -2.409999981880188 0.10192937 0.10692936 "" "" 40.53766437702197 "" 4.251042345822583 ""
48.64849764901 59.10589711747 0.0274 0.0379 14.9053 "" "" 461967305133901696 2319.75098 0.4115 0.0474 2.391 -1.977 0.045 0.055 1.088 15007.2 4.5338 16.383871 1.577662 17.107882 15.53022 "" "" 2104.33057 2568.18994 5265.00338 2.5011 1960.0 6.6905 4864.9 6.8992 "" "" 0.0028031783497139895 0.0046390556 0.0040809982 0.008720053 48.64849764901 59.10589711747 2319.75098 2.391 -1.9769999999999985 1.8499999914169312 -1.070999981880188 0.09592937 0.10592936 "" "" 23.504769377876617 "" 2.3160425312007593 ""
48.32036013121 58.79089857318 0.0292 0.0407 8.7829 "" "" 461931089969291392 2755.1792 0.3303 0.0516 0.361 0.323 0.05 0.056 1.013 7329.0 3.0691 16.388336 2.636888 17.844658 15.207769 "" "" 2459.15698 3439.3252 5243.39031 2.7292 994.38 11.013 6547.1 9.4515 "" "" 0.002812678438659923 0.012344255 0.004091507 0.016435761 48.32036013121 58.79089857318 2755.1792 0.36100000000000015 0.3230000000000001 -0.18000000858306886 1.229000018119812 0.100929365 0.10692936 "" "" 16.22141686825886 "" 1.732558039490863 ""
47.84535071789 58.98331746677 0.0256 0.0342 14.1932 "" "" 461985893753080576 2929.92969 0.3219 0.0452 1.729 -0.409 0.042 0.052 0.992 8053.0 4.102 16.390863 1.690764 17.181973 15.491209 "" "" 2589.73218 3300.92603 5231.19826 1.9878 1830.7 7.9462 5042.8 9.4128 "" "" 0.002786036962422298 0.0054767015 0.004288461 0.009765163 47.84535071789 58.98331746677 2929.92969 1.7289999999999996 -0.4090000000000001 1.1879999914169312 0.49700001811981204 0.09292936 0.10292937 "" "" 17.88438582204811 "" 1.6898232225755792 ""
48.25021361265 58.80760149777 0.032 0.0442 7.87 "" "" 461934044906790528 2543.03418 0.3782 0.0568 0.938 -3.352 0.054 0.058 1.105 9277.6 4.0238 16.39587 1.645505 17.168724 15.523219 "" "" 2234.37305 2966.88672 5207.12921 2.248 1853.2 8.758 4896.3 9.8353 "" "" 0.0027949054923726738 0.0058406177 0.004363511 0.010204129 48.25021361265 58.80760149777 2543.03418 0.9380000000000006 -3.3520000000000003 0.3969999914169311 -2.445999981880188 0.104929365 0.108929366 "" "" 29.86986691656342 "" 3.2506938912017738 ""
48.26328543854 58.99340793223 0.0632 0.0939 3.5422 "" "" 462006612675934592 2626.23706 0.3928 0.1144 0.407 0.282 0.104 0.134 2.171 "" "" 16.400568 1.591324 16.93213 15.340807 "" "" 1926.08167 3505.62964 5184.6531 4.2148 2304.4 8.9482 5792.1 17.18 "" "" 0.0028932395956812467 0.005055673 0.004965358 0.010021031 48.26328543854 58.99340793223 2626.23706 0.407 0.28200000000000003 -0.13400000858306887 1.188000018119812 0.15492937 0.18492937 "" "" 14.882434196887163 "" 2.7470403626354454 ""
48.31201155991 58.88952872492 0.0345 0.0465 2.8781 "" "" 461957993646639104 2263.78296 0.4051 0.0592 0.432 -0.727 0.061 0.069 1.054 8022.0 3.9971 16.408516 2.106504 17.479836 15.373331 "" "" 1968.53052 2587.77148 5146.83286 2.847 1391.5 7.4829 5621.2 10.264 "" "" 0.0028200154422538377 0.0064710635 0.0042677876 0.0107388515 48.31201155991 58.88952872492 2263.78296 0.4319999999999999 -0.727 -0.10900000858306885 0.17900001811981203 0.111929365 0.11992936 "" "" 2.2488175576316163 "" 0.26495332302526775 ""
48.66899300454 58.80618464934 0.0273 0.0351 13.9931 "" "" 461943425115952384 2909.56274 0.3262 0.0487 -0.978 0.247 0.045 0.052 0.986 8599.4 2.9916 16.417917 1.497431 17.095257 15.597826 "" "" 2562.47559 3278.51929 5102.46054 1.901 1983.0 9.0636 4571.2 9.2682 "" "" 0.002784854727777369 0.0056931237 0.004373749 0.010066872 48.66899300454 58.80618464934 2909.56274 -0.978 0.2470000000000001 -1.5190000085830688 1.153000018119812 0.09592937 0.10292937 "" "" 26.300499102823462 "" 2.591805611474531 ""
48.56451600943 58.74694445627 0.0306 0.0407 14.1268 "" "" 461941363533398656 2444.83984 0.3939 0.0525 0.636 -0.84 0.052 0.061 1.027 9271.2 4.1134 16.464285 1.609874 17.209955 15.600081 "" "" 2135.69751 2856.27563 4889.14151 2.1676 1784.2 7.6965 4561.7 10.186 "" "" 0.0027970516176219038 0.0054516583 0.0044901404 0.009941799 48.56451600943 58.74694445627 2444.83984 0.636 -0.84 0.09499999141693116 0.06600001811981204 0.10292937 0.111929365 "" "" 1.340519245414246 "" 0.14201884787435137 ""
48.02451202625 58.82987414742 0.0358 0.0485 10.5585 "" "" 461980361829964672 2618.94116 0.3686 0.0695 -0.605 -0.012 0.057 0.078 1.045 9485.2 3.9873 16.479366 1.442929 17.090805 15.647876 "" "" 2282.23853 3176.90991 4821.70216 2.6463 1991.1 27.123 4365.2 33.972 "" "" 0.002819019201972044 0.015050911 0.00925641 0.024307322 48.02451202625 58.82987414742 2618.94116 -0.605 -0.012 -1.1460000085830688 0.894000018119812 0.107929364 0.12892936 "" "" 18.042960241449784 "" 2.0987739931395755 ""
47.89950168117 58.8218776075 0.0312 0.0396 14.0702 "" "" 461980911591058304 2184.62061 0.448 0.0509 1.98 -5.239 0.054 0.061 1.037 "" "" 16.496418 2.295365 17.699522 15.404157 "" "" 1955.58862 2412.98389 4746.56464 1.9924 1136.6 6.7094 5463.8 12.041 "" "" 0.002792757147220401 0.006990153 0.004473124 0.011463277 47.89950168117 58.8218776075 2184.62061 1.98 -5.239 1.4389999914169311 -4.332999981880188 0.104929365 0.111929365 "" "" 47.27828022661567 "" 5.259884376265257 ""
48.25493898592 58.95395724733 0.0285 0.0432 1.6183 "" "" 462006131639604480 2181.57764 0.4318 0.05 -0.207 0.534 0.046 0.063 1.019 7532.0 3.5758 16.500504 1.693666 17.301064 15.607398 "" "" 1972.67249 2448.23364 4728.73475 1.9367 1640.6 5.9448 4531.1 9.4561 "" "" 0.002790971936742879 0.0048231888 0.004406568 0.009229757 48.25493898592 58.95395724733 2181.57764 -0.20700000000000002 0.534 -0.7480000085830688 1.440000018119812 0.096929364 0.11392936 "" "" 16.77965499594797 "" 1.8547564505975844 ""
48.23057850958 58.74793276374 0.0318 0.044 11.5017 "" "" 461930505853749888 2397.95435 0.4068 0.0566 -1.875 -1.336 0.055 0.061 1.011 7402.4 3.5649 16.528349 1.876425 17.447433 15.571009 "" "" 2100.62402 2841.31738 4609.00478 2.0367 1433.7 7.2832 4685.5 7.196 "" "" 0.002796780367113886 0.0061811213 0.004130884 0.010312006 48.23057850958 58.74793276374 2397.95435 -1.875 -1.3360000000000003 -2.416000008583069 -0.42999998188018806 0.10592936 0.111929365 "" "" 27.892538598879046 "" 2.9599180978258564 ""
48.21678746986 58.99608701474 0.0297 0.0455 4.3091 "" "" 462006509596721280 2352.10059 0.4125 0.0553 -0.811 0.256 0.05 0.067 1.015 7977.6 4.2282 16.53254 1.933005 17.48206 15.549054 "" "" 2063.44727 2674.44946 4591.25346 1.9938 1388.7 6.2087 4781.2 11.234 "" "" 0.0027953701765068124 0.005598945 0.004559788 0.0101587325 48.21678746986 58.99608701474 2352.10059 -0.8109999999999999 0.256 -1.3520000085830688 1.162000018119812 0.100929365 0.11792937 "" "" 19.875647955872505 "" 2.1560674255445016 ""
48.19333466209 58.82063790776 0.0321 0.0443 7.6455 "" "" 461934693443392512 2185.61865 0.4333 0.0569 0.57 -1.044 0.054 0.06 0.961 "" "" 16.533598 1.94484 17.499016 15.554175 "" "" 1953.78381 2429.50391 4586.77877 2.2816 1367.1 8.5195 4758.7 9.9825 "" "" 0.0028077523033326213 0.007318818 0.004412611 0.011731429 48.19333466209 58.82063790776 2185.61865 0.5700000000000001 -1.044 0.028999991416931103 -0.13799998188018803 0.104929365 0.11092936 "" "" 1.4608831071354575 "" 0.16169374294326228 ""
48.27109131351 58.93608880284 0.032 0.0493 0.7447 "" "" 461959191937099520 2319.65015 0.4067 0.0572 0.489 -1.005 0.052 0.076 1.033 7497.4 4.01 16.54124 1.863341 17.454561 15.59122 "" "" 2070.45947 2768.44263 4554.60235 2.3743 1424.3 9.7253 4599.1 15.997 "" "" 0.002812851772908139 0.007921216 0.0053428183 0.013264034 48.27109131351 58.93608880284 2319.65015 0.48900000000000027 -1.0049999999999994 -0.05200000858306886 -0.09899998188018788 0.10292937 0.12692936 "" "" 1.2295399161683596 "" 0.1501760371990343 ""
48.74983097547 58.90732379064 0.0281 0.0351 14.1934 "" "" 461944387188582784 2123.09155 0.443 0.0465 -0.557 -2.512 0.048 0.053 1.002 7517.3 3.6562 16.5415 2.170344 17.660042 15.489697 "" "" 1977.80579 2333.87158 4553.51109 1.8068 1178.7 8.3981 5049.9 9.9684 "" "" 0.0027887969708367878 0.00822355 0.0043447814 0.012568332 48.74983097547 58.90732379064 2123.09155 -0.5570000000000015 -2.512000000000002 -1.0980000085830688 -1.605999981880188 0.09892936 0.10392936 "" "" 19.578112678257177 "" 2.004078227567696 ""
48.20085755573 58.840433427 0.0336 0.0481 6.473 "" "" 461935075698937344 2540.16821 0.3937 0.0626 -0.206 -2.598 0.055 0.075 0.995 7954.8 4.1802 16.57676 1.670835 17.372684 15.70185 "" "" 2186.88989 2941.93042 4408.01117 2.0085 1535.8 7.4901 4153.5 9.2114 "" "" 0.0027993803854190675 0.0059852763 0.0044812537 0.01046653 48.20085755573 58.840433427 2540.16821 -0.20600000000000018 -2.598 -0.7470000085830688 -1.6919999818801879 0.10592936 0.12592937 "" "" 22.269439725605192 "" 2.7366772280136864 ""
47.88778956025 58.92720144536 0.0411 0.0438 12.625 "" "" 461984966040158080 2722.90259 0.3433 0.0615 -0.512 -0.435 0.069 0.063 1.223 "" "" 16.577377 "" "" "" "" "" 2386.07812 3157.39062 4405.50923 3.6029 "" "" "" "" "" "" 0.002894860117111254 "" "" "" 47.88778956025 58.92720144536 2722.90259 -0.512 -0.43500000000000005 -1.0530000085830689 0.471000018119812 0.11992936 0.11392936 "" "" 14.888206079730452 "" 1.7709533821483325 ""
48.60248205675 59.10422645366 0.0295 0.0399 13.8256 "" "" 461967644432977280 2794.37915 0.3356 0.0503 1.926 -1.744 0.049 0.058 1.04 "" "" 16.579153 1.834017 17.470573 15.636557 "" "" 2493.51001 3089.07495 4398.30426 2.7149 1403.4 6.5743 4411.0 10.757 "" "" 0.0028356539955475585 0.0058012367 0.0046145804 0.010415817 48.60248205675 59.10422645366 2794.37915 1.9260000000000002 -1.7440000000000002 1.384999991416931 -0.837999981880188 0.09992936 0.108929366 "" "" 21.441402157487666 "" 2.1960031424696154 ""
48.3403770124 59.05654239551 0.0295 0.0438 7.3255 "" "" 462008502461526656 2115.81616 0.4606 0.0563 0.273 -0.56 0.051 0.068 0.999 7473.8 3.9575 16.588623 1.717539 17.385239 15.6677 "" "" 1837.04773 2565.20068 4360.11239 1.983 1518.2 11.095 4286.3 12.13 "" "" 0.0027992188011283724 0.00841084 0.004870775 0.013281615 48.3403770124 59.05654239551 2115.81616 0.273 -0.56 -0.2680000085830688 0.34600001811981196 0.10192937 0.11892937 "" "" 4.389206689951747 "" 0.49534466233657487 ""
