Clusters/UBC_258/UBC_258_stars_in_region.tsv
# %ECSV 1.0
# ---
# datatype:
# - name: RA_ICRS_1
#   unit: deg
#   datatype: float64
#   format: '{:15.11f}'
#   description: Right ascension (ICRS) at Ep=2016.0 (ra)
#   meta: !!omap
#   - {ucd: POS_EQ_RA_MAIN}
#   - {width: 15}
#   - {precision: '11'}
# - name: DE_ICRS_1
#   unit: deg
#   datatype: float64
#   format: '{:15.11f}'
#   description: Declination (ICRS) at Ep=2016.0 (dec)
#   meta: !!omap
#   - {ucd: POS_EQ_DEC_MAIN}
#   - {width: 15}
#   - {precision: '11'}
# - name: e_RA_ICRS
#   unit: mas
#   datatype: float64
#   format: '{:7.4f}'
#   description: Standard error of right ascension (ra_error)
#   meta: !!omap
#   - {ucd: ERROR}
#   - {width: 7}
#   - {precision: '4'}
# - name: e_DE_ICRS
#   unit: mas
#   datatype: float64
#   format: '{:7.4f}'
#   description: Standard error of declination (dec_error)
#   meta: !!omap
#   - {ucd: ERROR}
#   - {width: 7}
#   - {precision: '4'}
# - name: _r_1
#   unit: ''
#   datatype: float64
#   format: '{:7.4f}'
#   description: Distance from center (158.88041305000-57.60440435000)[ICRS], at Epoch=J2016.0
#   meta: !!omap
#   - {ucd: POS_ANG_DIST_GENERAL}
#   - {width: 7}
#   - {precision: '4'}
# - name: HIP
#   datatype: int32
#   description: '? HIP cross-id number, van Leeuwen, Cat. I/311 (hip_original_ext_source_id)'
#   meta: !!omap
#   - {ucd: ID_NUMBER}
#   - {width: 6}
#   - values: {'null': -2147483648}
# - name: TYC2
#   datatype: string
#   description: Tycho-2 cross-id name, Hog et al., Cat. I/259 (tyc2_original_ext_source_id)
#   meta: !!omap
#   - {ucd: ID_CROSSID}
#   - {_votable_string_dtype: char}
# - name: Source
#   datatype: int64
#   description: Source identifier, identical to the Gaia-EDR3 source_id (id)
#   meta: !!omap
#   - {ucd: ID_MAIN}
#   - {width: 19}
# - name: rgeo
#   unit: pc
#   datatype: float64
#   format: '{:15.8f}'
#   description: '? Median of the geometric distance posterior (r_med_geo)'
#   meta: !!omap
#   - {ucd: PHYS_DISTANCE_TRUE}
#   - {width: 15}
#   - {precision: '8'}
#   - values: {'null': .nan}
# - name: Plx
#   unit: mas
#   datatype: float64
#   format: '{:9.4f}'
#   description: '? Parallax (parallax)'
#   meta: !!omap
#   - {ucd: POS_PARLX_TRIG}
#   - {width: 9}
#   - {precision: '4'}
#   - values: {'null': .nan}
# - name: e_Plx
#   unit: mas
#   datatype: float32
#   format: '{:7.4f}'
#   description: '? Standard error of parallax (parallax_error)'
#   meta: !!omap
#   - {ucd: ERROR}
#   - {width: 7}
#   - {precision: '4'}
#   - values: {'null': .nan}
# - name: pmRA
#   unit: mas / yr
#   datatype: float64
#   format: '{:9.3f}'
#   description: '? Proper motion in right ascension direction, pmRA*cosDE (pmra)'
#   meta: !!omap
#   - {ucd: POS_EQ_PMRA}
#   - {width: 9}
#   - {precision: '3'}
#   - values: {'null': .nan}
# - name: pmDE
#   unit: mas / yr
#   datatype: float64
#   format: '{:9.3f}'
#   description: '? Proper motion in declination direction (pmdec)'
#   meta: !!omap
#   - {ucd: POS_EQ_PMDEC}
#   - {width: 9}
#   - {precision: '3'}
#   - values: {'null': .nan}
# - name: e_pmRA
#   unit: mas / yr
#   datatype: float32
#   format: '{:6.3f}'
#   description: '? Standard error of proper motion in right ascension direction (pmra_error)'
#   meta: !!omap
#   - {ucd: ERROR}
#   - {width: 6}
#   - {precision: '3'}
#   - values: {'null': .nan}
# - name: e_pmDE
[...]
#         value: !astropy.table.SerializedColumn {name: SkyCoord.dec}
#       distance: !astropy.table.SerializedColumn
#         __class__: astropy.coordinates.distances.Distance
#         unit: !astropy.units.Unit {unit: pc}
#         value: !astropy.table.SerializedColumn {name: SkyCoord.distance}
#       frame: icrs
#       obstime: !astropy.time.Time {format: jyear_str, in_subfmt: '*', jd1: 367701545.0, jd2: 0.0, out_subfmt: '*', precision: 3, scale: tt}
#       pm_dec: !astropy.table.SerializedColumn
#         __class__: astropy.units.quantity.Quantity
#         unit: !astropy.units.Unit {unit: mas / yr}
#         value: !astropy.table.SerializedColumn {name: SkyCoord.pm_dec}
#       pm_ra_cosdec: !astropy.table.SerializedColumn
#         __class__: astropy.units.quantity.Quantity
#         unit: !astropy.units.Unit {unit: mas / yr}
#         value: !astropy.table.SerializedColumn {name: SkyCoord.pm_ra_cosdec}
#       ra: !astropy.table.SerializedColumn
#         __class__: astropy.coordinates.angles.Longitude
#         unit: *id001
#         value: !astropy.table.SerializedColumn {name: SkyCoord.ra}
#         wrap_angle: !astropy.coordinates.Angle
#           unit: *id001
#           value: 360.0
#       representation_type: spherical
# schema: astropy-2.0
RA_ICRS_1 DE_ICRS_1 e_RA_ICRS e_DE_ICRS _r_1 HIP TYC2 Source rgeo Plx e_Plx pmRA pmDE e_pmRA e_pmDE RUWE Teff logg Gmag BP-RP BPmag RPmag RV e_RV b_rgeo B_rgeo FG e_FG FBP e_FBP FRP e_FRP RAVE5 RAVE6 e_Gmag e_BPmag e_RPmag e_BP-RP SkyCoord.ra SkyCoord.dec SkyCoord.distance SkyCoord.pm_ra_cosdec SkyCoord.pm_dec rmRA rmDE e_rmRA e_rmDE rRV e_rRV v_pec v_pec3d e_vpec e_vpec3d
[from data line 943]
158.934668366 -57.89337053585 0.019 0.0182 17.4248 "" "" 5351550248930755072 2271.27734 0.3975 0.0217 -6.681 2.641 0.024 0.023 1.035 "" "" 15.124498 2.440534 16.44143 14.000896 17.41 5.17 2168.16626 2385.05103 16793.74588 6.9007 3621.1 9.6607 19898.0 19.463 "" "" 0.002791205676027752 0.004021876 0.0039257575 0.007947633 158.934668366 -57.89337053585 2271.27734 -6.681 2.641 0.5632831993103027 -0.9670999374389648 0.120608166 0.119608164 19.65 7.756667 12.048959823962136 23.049944313152984 1.4442155897577678 6.655487996218171
159.23352940449 -57.3023322314 0.021 0.0211 21.4105 "" "" 5351594469915708416 2565.61841 0.3601 0.0242 -4.538 2.79 0.032 0.025 0.986 8070.4 3.6294 15.124647 1.160818 15.615386 14.454568 "" "" 2427.70654 2695.01782 16791.43795 5.0565 7749.3 10.265 13102.0 10.868 "" "" 0.002774651007813576 0.0031390255 0.0038852058 0.0070242314 159.23352940449 -57.3023322314 2565.61841 -4.538000000000003 2.7900000000000027 2.7062831993103025 -0.8180999374389648 0.12860817 0.12160816 "" "" 34.38209003510641 "" 4.402170289576098 ""
158.64102762252 -57.99881213917 0.0185 0.0183 24.8713 "" "" 5351466617336987392 2110.77295 0.4376 0.0212 -5.995 2.278 0.024 0.023 0.932 6854.2 4.236 15.125305 0.703608 15.398382 14.694775 "" "" 2016.79553 2201.67407 16781.27095 4.5862 9463.8 11.642 10501.0 12.667 "" "" 0.00277125142377152 0.0030933733 0.003999876 0.007093249 158.64102762252 -57.99881213917 2110.77295 -5.995000000000002 2.2780000000000014 1.2492831993103026 -1.3300999374389648 0.120608166 0.119608164 "" "" 18.257183686779236 "" 2.1922842883915816 ""
158.56570902621 -57.68700898728 0.0218 0.0191 11.2549 "" "" 5351567875476586752 2860.27905 0.3106 0.0224 -8.345 4.357 0.032 0.024 0.998 8139.9 3.5321 15.127566 0.942298 15.506728 14.56443 "" "" 2680.81689 3071.05518 16746.34912 4.5387 8565.0 15.028 11841.0 11.267 "" "" 0.0027709890128686126 0.0033784797 0.003918039 0.007296519 158.56570902621 -57.68700898728 2860.27905 -8.345 4.357 -1.100716800689698 0.7489000625610354 0.12860817 0.120608166 "" "" 18.04974801826372 "" 2.276643738388533 ""
159.39804217919 -57.44417505434 0.019 0.0211 19.2488 "" "" 5351589522113326976 2142.00049 0.4354 0.0236 -1.717 0.767 0.026 0.026 0.962 7090.8 4.3201 15.128029 0.874207 15.476203 14.601996 "" "" 2031.52783 2280.85303 16739.22402 4.0373 8809.2 11.837 11438.0 11.814 "" "" 0.002767736167995385 0.0031485672 0.003942249 0.0070908163 159.39804217919 -57.44417505434 2142.00049 -1.717 0.767 5.527283199310302 -2.841099937438965 0.12260816 0.12260816 "" "" 63.09853415386582 "" 7.73639532669612 ""
159.51727803657 -57.43772360206 0.0188 0.0182 22.8267 "" "" 5351589728271814016 2463.07495 0.371 0.0216 -7.474 3.572 0.025 0.023 0.992 9402.8 3.9983 15.128222 0.76526 15.421662 14.656403 "" "" 2331.29028 2589.73633 16736.23872 4.3422 9263.0 16.419 10879.0 13.353 "" "" 0.002769682367529431 0.0033895092 0.0040074512 0.0073969606 159.51727803657 -57.43772360206 2463.07495 -7.474 3.571999999999998 -0.22971680068969746 -0.03609993743896478 0.12160816 0.119608164 "" "" 2.714852617764153 "" 0.3300184229839978 ""
158.69311135119 -57.79092154113 0.0201 0.0196 12.7006 "" "" 5351563614868962304 2596.74316 0.3503 0.0223 -6.774 3.458 0.028 0.025 0.978 "" "" 15.12922 1.500384 15.810348 14.309963 "" "" 2447.94995 2747.78247 16720.87095 38.749 6475.6 54.503 14968.0 87.296 "" "" 0.003731285351607415 0.009554752 0.007374315 0.016929068 158.69311135119 -57.79092154113 2596.74316 -6.774 3.458 0.4702831993103027 -0.15009993743896466 0.12460816 0.12160816 "" "" 6.076196172582728 "" 0.7554768186707544 ""
158.75504715232 -57.31600548351 0.0191 0.0189 17.7706 "" "" 5351603197289406592 2276.41309 0.4069 0.0227 -5.454 -2.636 0.028 0.025 1.04 6662.0 4.2525 15.129735 0.907146 15.494291 14.587146 "" "" 2180.28003 2402.11914 16712.93553 4.0829 8663.6 10.049 11596.0 10.363 "" "" 0.002768057457306011 0.0030612135 0.0039019468 0.0069631604 158.75504715232 -57.31600548351 2276.41309 -5.453999999999999 -2.636000000000002 1.790283199310303 -6.244099937438965 0.12460816 0.12160816 "" "" 70.08970628867189 "" 8.53963431460889 ""
158.71765794103 -57.60686435378 0.0216 0.0191 5.2338 "" "" 5351572754559695104 2306.66797 0.3973 0.0226 -3.215 4.851 0.031 0.024 0.997 6107.7 3.8169 15.130093 0.829984 15.455016 14.625032 "" "" 2191.82812 2434.54614 16707.43121 4.2375 8982.8 14.06 11198.0 11.309 "" "" 0.002769046900973145 0.0032669618 0.00393523 0.0072021917 158.71765794103 -57.60686435378 2306.66797 -3.2150000000000003 4.851 4.029283199310303 1.2429000625610351 0.12760817 0.120608166 "" "" 46.102913616709465 "" 5.855774360961346 ""
159.39642387886 -57.64753284402 0.0185 0.018 16.7784 "" "" 5350829931385563648 2605.84595 0.3502 0.0228 -9.077 2.785 0.024 0.021 0.983 "" "" 15.130962 2.22195 16.29048 14.06853 7.58 4.57 2459.65088 2815.03979 16694.04804 5.1063 4161.3 7.531 18696.0 17.632 "" "" 0.002775262125026763 0.0034126258 0.0039156345 0.00732826 159.39642387886 -57.64753284402 2605.84595 -9.076999999999993 2.785 -1.8327168006896972 -0.8230999374389647 0.120608166 0.11760816 9.82 7.1566668 24.815394631422706 26.68775394658087 2.980573404595171 3.8230340303608057
158.99070142837 -57.89102348361 0.0187 0.0178 17.556 "" "" 5351547328353040896 2085.32495 0.4439 0.0213 -7.196 3.601 0.025 0.022 1.011 6282.3 3.9726 15.131329 0.784714 15.440262 14.655548 "" "" 1997.66626 2217.28271 16688.42763 4.9212 9105.7 12.192 10888.0 12.232 "" "" 0.002773859742218329 0.0031461723 0.003971339 0.0071175117 158.99070142837 -57.89102348361 2085.32495 -7.196 3.601 0.048283199310303004 -0.007099937438964865 0.12160816 0.11860816 "" "" 0.4823846304385194 "" 0.05863164796918845 ""
159.40599534382 -57.67228217754 0.0191 0.0184 17.3638 "" "" 5350829793946589056 2609.79541 0.3432 0.0233 -6.85 2.981 0.025 0.021 1.091 7790.9 4.1898 15.131648 0.64476 15.362377 14.717617 "" "" 2475.48291 2777.94092 16683.50809 6.8316 9782.9 18.024 10283.0 28.187 "" "" 0.002790958506671691 0.0034331447 0.0048105232 0.008243668 159.40599534382 -57.67228217754 2609.79541 -6.849999999999998 2.9810000000000008 0.3942831993103031 -0.627099937438965 0.12160816 0.11760816 "" "" 9.163421338529126 "" 1.0882030404144334 ""
158.41121108876 -57.83182598133 0.0211 0.0194 20.3042 "" "" 5351565264136125696 1939.85449 0.4823 0.0221 -8.711 7.077 0.029 0.026 0.909 5043.1 3.5431 15.133572 1.294946 15.703591 14.408646 "" "" 1880.16467 2022.22778 16653.98217 3.8351 7144.6 13.935 13668.0 26.754 "" "" 0.002766640877577268 0.0035027808 0.00433594 0.00783872 158.41121108876 -57.83182598133 1939.85449 -8.710999999999999 7.077000000000005 -1.4667168006896976 3.468900062561035 0.12560816 0.12260816 "" "" 34.63019261353513 "" 4.261863482557659 ""
158.80977965139 -57.99373735673 0.018 0.0177 23.4689 "" "" 5351547878108564224 2076.22949 0.4449 0.021 -2.688 -1.285 0.024 0.022 1.054 5836.9 4.0366 15.134117 0.91151 15.501167 14.589657 "" "" 1998.96973 2147.61963 16645.62155 4.2295 8608.9 12.842 11569.0 9.2754 "" "" 0.0027690967381205018 0.0032261696 0.0038783336 0.007104503 158.80977965139 -57.99373735673 2076.22949 -2.6879999999999997 -1.2849999999999995 4.556283199310302 -4.893099937438965 0.120608166 0.11860816 "" "" 65.79878459562762 "" 7.865660870801604 ""
158.74542809452 -57.74021550234 0.0209 0.0187 9.2282 "" "" 5351569696542776704 2794.80518 0.3226 0.0221 -8.554 3.75 0.03 0.023 0.984 9007.9 3.7592 15.138823 0.839553 15.468633 14.62908 "" "" 2634.20459 2984.03589 16573.62686 4.0914 8870.8 11.895 11156.0 10.148 "" "" 0.0027683258351903998 0.0031471637 0.003906296 0.00705346 158.74542809452 -57.74021550234 2794.80518 -8.554 3.75 -1.3097168006896975 0.14190006256103516 0.12660816 0.119608164 "" "" 17.451847332708123 "" 2.208167721423469 ""
158.82839358273 -57.65011695279 0.0209 0.0188 3.2118 "" "" 5351571689407819904 2486.53076 0.3686 0.0228 -5.525 2.936 0.032 0.024 0.961 7777.2 4.1588 15.139493 0.621982 15.374102 14.75212 "" "" 2337.76733 2641.18921 16563.4052 6.209 9677.8 18.859 9961.2 10.905 "" "" 0.0027852181021471713 0.0035016406 0.0039618826 0.007463523 158.82839358273 -57.65011695279 2486.53076 -5.5249999999999995 2.936000000000002 1.7192831993103024 -0.6720999374389649 0.12860817 0.120608166 "" "" 21.75704263698776 "" 2.775688068419594 ""
158.44075390519 -57.42532269739 0.0212 0.0194 17.7815 "" "" 5351624809566011136 2341.88574 0.3943 0.0234 -7.232 3.351 0.028 0.026 0.999 7199.5 3.6318 15.139864 0.718863 15.414932 14.696069 "" "" 2229.05835 2488.87549 16557.74714 4.6392 9320.6 16.416 10489.0 13.293 "" "" 0.0027720624100189563 0.0033825731 0.004022071 0.007404644 158.44075390519 -57.42532269739 2341.88574 -7.231999999999999 3.351 0.012283199310302528 -0.25709993743896487 0.12460816 0.12260816 "" "" 2.8572030034829203 "" 0.3503295295880101 ""
158.76255609136 -57.96430846168 0.0177 0.0189 21.9208 "" "" 5351548737102034560 1929.14429 0.4789 0.0213 -12.139 5.006 0.022 0.025 1.023 5523.0 4.1275 15.142668 0.943092 15.526872 14.583779 "" "" 1875.47766 2003.47412 16515.03326 4.2217 8407.5 18.063 11632.0 12.506 "" "" 0.002769263478697017 0.0036367907 0.0039555468 0.007592337 158.76255609136 -57.96430846168 1929.14429 -12.139 5.005999999999999 -4.894716800689697 1.3979000625610354 0.11860816 0.12160816 "" "" 46.54753439578251 "" 5.5315712252378075 ""
158.91332160055 -57.61260948709 0.0215 0.0209 1.1667 "" "" 5351560522492951808 2301.59399 0.3952 0.0247 -7.452 3.507 0.031 0.024 1.065 7692.1 3.9924 15.144657 0.777659 15.427731 14.650071 "" "" 2149.22461 2503.33081 16484.80521 6.97 9211.4 20.516 10943.0 51.75 "" "" 0.0027933007652480267 0.003692251 0.006375487 0.010067738 158.91332160055 -57.61260948709 2301.59399 -7.452000000000001 3.5070000000000006 -0.20771680068969722 -0.10109993743896473 0.12760817 0.120608166 "" "" 2.520260020421638 "" 0.3183026210251202 ""
159.12205748261 -57.24800238383 0.0616 0.057 22.7642 "" "" 5351607320458152704 2212.11499 0.4424 0.071 -3.322 -0.433 0.091 0.075 2.837 6642.8 4.2488 15.145998 1.018374 15.549484 14.531111 "" "" 1880.54053 2756.9895 16464.46074 13.235 8234.2 10.647 12210.0 13.757 "" "" 0.0028902456779612024 0.0031234482 0.0039724284 0.0070958766 159.12205748261 -57.24800238383 2212.11499 -3.3219999999999996 -0.43299999999999994 3.9222831993103027 -4.041099937438965 0.18760815 0.17160816 "" "" 59.0496039536934 "" 10.602217097093945 ""
159.13410603662 -57.90826061326 0.0208 0.0205 19.9583 "" "" 5351552207435978240 2354.72485 0.3861 0.0247 -7.257 3.537 0.025 0.023 1.157 9465.3 3.6697 15.147147 0.929884 15.516968 14.587084 "" "" 2222.1394 2507.30054 16447.0492 4.2223 8484.6 12.135 11596.0 11.441 "" "" 0.0027693826788372762 0.0031931845 0.0039282627 0.0071214475 159.13410603662 -57.90826061326 2354.72485 -7.257000000000001 3.5369999999999973 -0.012716800689696939 -0.07109993743896492 0.12160816 0.119608164 "" "" 0.8061679328409468 "" 0.09647465091571156 ""
158.82534823356 -57.74120337773 0.0202 0.0184 8.3959 "" "" 5351557808073365504 2236.26685 0.4109 0.0235 -7.575 3.577 0.027 0.022 0.908 8897.4 4.1811 15.147593 0.739328 15.434646 14.695317 "" "" 2119.62842 2346.03857 16440.29948 4.6501 9152.9 9.4192 10496.0 11.769 "" "" 0.002772381384411569 0.0030055721 0.0039706216 0.0069761937 158.82534823356 -57.74120337773 2236.26685 -7.574999999999999 3.5770000000000017 -0.33071680068969744 -0.031099937438964886 0.123608164 0.11860816 "" "" 3.521032617898263 "" 0.43507715356000176 ""
159.09303697454 -57.42767595172 0.0185 0.0192 12.6247 "" "" 5351592545770169344 2217.82593 0.4122 0.0215 -6.751 1.981 0.026 0.024 1.019 5293.4 4.0759 15.148911 1.087239 15.609488 14.522248 "" "" 2122.37939 2309.65283 16420.34673 3.8527 7791.5 9.3542 12310.0 11.337 "" "" 0.0027670715336663397 0.003079635 0.0039094198 0.006989055 159.09303697454 -57.42767595172 2217.82593 -6.750999999999994 1.980999999999998 0.4932831993103024 -1.6270999374389647 0.12260816 0.120608166 "" "" 17.873660665315725 "" 2.1587412312757652 ""
158.55317960531 -57.3818245059 0.0189 0.0176 17.02 "" "" 5351601754179643776 2465.06934 0.3699 0.0204 -7.141 3.47 0.028 0.024 0.965 "" "" 15.151068 0.787727 15.456375 14.668648 "" "" 2365.11328 2567.45874 16387.761 3.7629 8971.5 15.292 10757.0 10.971 "" "" 0.00276657574600103 0.0033481251 0.0039382633 0.0072863884 158.55317960531 -57.3818245059 2465.06934 -7.141000000000001 3.4700000000000006 0.10328319931030272 -0.13809993743896465 0.12460816 0.120608166 "" "" 2.0149800455924134 "" 0.24594452742726994 ""
158.89762634043 -57.78948370986 0.0203 0.0201 11.1185 "" "" 5351557430116221312 2003.37134 0.463 0.0247 -9.739 5.219 0.028 0.023 1.048 5872.4 3.7821 15.151338 0.812674 15.471267 14.658592 "" "" 1903.5708 2101.48633 16383.68886 4.2904 8849.3 13.073 10857.0 11.462 "" "" 0.0027699509690512127 0.0032183384 0.003949378 0.0071677165 158.89762634043 -57.78948370986 2003.37134 -9.739000000000003 5.219000000000005 -2.494716800689698 1.6109000625610355 0.12460816 0.119608164 "" "" 28.1994013869102 "" 3.47297963474309 ""
158.14510798477 -57.5864431575 0.0233 0.0226 23.6672 "" "" 5351617009905258496 2116.11255 0.4423 0.0248 -5.082 1.895 0.033 0.032 0.984 7041.7 4.2354 15.151423 0.743447 15.442666 14.699219 "" "" 2003.6416 2242.03809 16382.39414 5.4342 9085.5 15.732 10459.0 14.601 "" "" 0.0027787581588389764 0.0033644426 0.004071991 0.007436434 158.14510798477 -57.5864431575 2116.11255 -5.082 1.8950000000000005 2.162283199310303 -1.7130999374389648 0.12960815 0.12860817 "" "" 27.670344736071964 "" 3.575657305774119 ""
159.00876319959 -57.97641944763 0.0189 0.0181 22.6952 "" "" 5351546503719206272 2178.65967 0.429 0.0212 -3.259 3.004 0.023 0.022 1.033 6458.2 4.0058 15.151778 0.862546 15.495654 14.633108 "" "" 2095.56909 2274.80005 16377.04041 4.4281 8652.8 18.517 11115.0 13.569 "" "" 0.0027709151229506584 0.0036309215 0.0040050643 0.0076359855 159.00876319959 -57.97641944763 2178.65967 -3.2590000000000003 3.004 3.985283199310303 -0.6040999374389648 0.119608164 0.11860816 "" "" 41.62554424496328 "" 4.977823774984503 ""
159.1222707258 -57.62843475468 0.0192 0.0195 7.9047 "" "" 5351582753244548480 1941.57239 0.4853 0.0238 -8.487 2.204 0.026 0.022 0.968 6363.0 3.7426 15.153141 0.899549 15.51336 14.613812 "" "" 1858.03015 2009.5636 16356.50356 4.3627 8512.8 11.802 11314.0 14.079 "" "" 0.002770497056436123 0.003170302 0.004013619 0.0071839206 159.1222707258 -57.62843475468 1941.57239 -8.486999999999995 2.203999999999998 -1.2427168006896974 -1.4040999374389647 0.12260816 0.11860816 "" "" 17.256256375146073 "" 2.0773348035067087 ""
158.9491617827 -57.77270551143 0.0184 0.0187 10.336 "" "" 5351557120878648320 2450.625 0.3691 0.0224 -7.123 3.316 0.025 0.022 0.975 "" "" 15.154159 0.764341 15.449283 14.684941 "" "" 2322.31982 2600.89111 16341.17268 4.3756 9030.3 12.57 10597.0 9.8658 "" "" 0.0027706152744342047 0.0031731918 0.0039122226 0.0070854146 158.9491617827 -57.77270551143 2450.625 -7.122999999999999 3.3160000000000007 0.12128319931030251 -0.292099937438965 0.12160816 0.11860816 "" "" 3.6738773284381367 "" 0.43738997459892814 ""
158.65002449596 -58.00160585086 0.0211 0.0222 24.9443 "" "" 5351466613018073728 1983.79285 0.4735 0.0256 -6.19 2.984 0.027 0.028 1.206 6472.8 3.8602 15.154396 0.827505 15.471819 14.644314 "" "" 1891.86279 2073.51343 16337.60304 4.772 8844.8 11.815 11001.0 15.732 "" "" 0.0027735104839073836 0.0031446042 0.0040858877 0.007230492 158.65002449596 -58.00160585086 1983.79285 -6.189999999999995 2.984 1.0542831993103023 -0.6240999374389649 0.123608164 0.12460816 "" "" 11.520385299321799 "" 1.4270120457125453 ""
