Clusters/UBC_258/UBC_258_stars_in_region.tsv
# %ECSV 1.0
# ---
# datatype:
# - name: RA_ICRS_1
#   unit: deg
#   datatype: float64
#   format: '{:15.11f}'
#   description: Right ascension (ICRS) at Ep=2016.0 (ra)
#   meta: !!omap
#   - {ucd: POS_EQ_RA_MAIN}
#   - {width: 15}
#   - {precision: '11'}
# - name: DE_ICRS_1
#   unit: deg
#   datatype: float64
#   format: '{:15.11f}'
#   description: Declination (ICRS) at Ep=2016.0 (dec)
#   meta: !!omap
#   - {ucd: POS_EQ_DEC_MAIN}
#   - {width: 15}
#   - {precision: '11'}
# - name: e_RA_ICRS
#   unit: mas
#   datatype: float64
#   format: '{:7.4f}'
#   description: Standard error of right ascension (ra_error)
#   meta: !!omap
#   - {ucd: ERROR}
#   - {width: 7}
#   - {precision: '4'}
# - name: e_DE_ICRS
#   unit: mas
#   datatype: float64
#   format: '{:7.4f}'
#   description: Standard error of declination (dec_error)
#   meta: !!omap
#   - {ucd: ERROR}
#   - {width: 7}
#   - {precision: '4'}
# - name: _r_1
#   unit: ''
#   datatype: float64
#   format: '{:7.4f}'
#   description: Distance from center (158.88041305000-57.60440435000)[ICRS], at Epoch=J2016.0
#   meta: !!omap
#   - {ucd: POS_ANG_DIST_GENERAL}
#   - {width: 7}
#   - {precision: '4'}
# - name: HIP
#   datatype: int32
#   description: '? HIP cross-id number, van Leeuwen, Cat. I/311 (hip_original_ext_source_id)'
#   meta: !!omap
#   - {ucd: ID_NUMBER}
#   - {width: 6}
#   - values: {'null': -2147483648}
# - name: TYC2
#   datatype: string
#   description: Tycho-2 cross-id name, Hog et al., Cat. I/259 (tyc2_original_ext_source_id)
#   meta: !!omap
#   - {ucd: ID_CROSSID}
#   - {_votable_string_dtype: char}
# - name: Source
#   datatype: int64
#   description: Source identifier, identical to the Gaia-EDR3 source_id (id)
#   meta: !!omap
#   - {ucd: ID_MAIN}
#   - {width: 19}
# - name: rgeo
#   unit: pc
#   datatype: float64
#   format: '{:15.8f}'
#   description: '? Median of the geometric distance posterior (r_med_geo)'
#   meta: !!omap
#   - {ucd: PHYS_DISTANCE_TRUE}
#   - {width: 15}
#   - {precision: '8'}
#   - values: {'null': .nan}
# - name: Plx
#   unit: mas
#   datatype: float64
#   format: '{:9.4f}'
#   description: '? Parallax (parallax)'
#   meta: !!omap
#   - {ucd: POS_PARLX_TRIG}
#   - {width: 9}
#   - {precision: '4'}
#   - values: {'null': .nan}
# - name: e_Plx
#   unit: mas
#   datatype: float32
#   format: '{:7.4f}'
#   description: '? Standard error of parallax (parallax_error)'
#   meta: !!omap
#   - {ucd: ERROR}
#   - {width: 7}
#   - {precision: '4'}
#   - values: {'null': .nan}
# - name: pmRA
#   unit: mas / yr
#   datatype: float64
#   format: '{:9.3f}'
#   description: '? Proper motion in right ascension direction, pmRA*cosDE (pmra)'
#   meta: !!omap
#   - {ucd: POS_EQ_PMRA}
#   - {width: 9}
#   - {precision: '3'}
#   - values: {'null': .nan}
# - name: pmDE
#   unit: mas / yr
#   datatype: float64
#   format: '{:9.3f}'
#   description: '? Proper motion in declination direction (pmdec)'
#   meta: !!omap
#   - {ucd: POS_EQ_PMDEC}
#   - {width: 9}
#   - {precision: '3'}
#   - values: {'null': .nan}
# - name: e_pmRA
#   unit: mas / yr
#   datatype: float32
#   format: '{:6.3f}'
#   description: '? Standard error of proper motion in right ascension direction (pmra_error)'
#   meta: !!omap
#   - {ucd: ERROR}
#   - {width: 6}
#   - {precision: '3'}
#   - values: {'null': .nan}
# - name: e_pmDE
[...]
#         value: !astropy.table.SerializedColumn {name: SkyCoord.dec}
#       distance: !astropy.table.SerializedColumn
#         __class__: astropy.coordinates.distances.Distance
#         unit: !astropy.units.Unit {unit: pc}
#         value: !astropy.table.SerializedColumn {name: SkyCoord.distance}
#       frame: icrs
#       obstime: !astropy.time.Time {format: jyear_str, in_subfmt: '*', jd1: 367701545.0, jd2: 0.0, out_subfmt: '*', precision: 3, scale: tt}
#       pm_dec: !astropy.table.SerializedColumn
#         __class__: astropy.units.quantity.Quantity
#         unit: !astropy.units.Unit {unit: mas / yr}
#         value: !astropy.table.SerializedColumn {name: SkyCoord.pm_dec}
#       pm_ra_cosdec: !astropy.table.SerializedColumn
#         __class__: astropy.units.quantity.Quantity
#         unit: !astropy.units.Unit {unit: mas / yr}
#         value: !astropy.table.SerializedColumn {name: SkyCoord.pm_ra_cosdec}
#       ra: !astropy.table.SerializedColumn
#         __class__: astropy.coordinates.angles.Longitude
#         unit: *id001
#         value: !astropy.table.SerializedColumn {name: SkyCoord.ra}
#         wrap_angle: !astropy.coordinates.Angle
#           unit: *id001
#           value: 360.0
#       representation_type: spherical
# schema: astropy-2.0
RA_ICRS_1 DE_ICRS_1 e_RA_ICRS e_DE_ICRS _r_1 HIP TYC2 Source rgeo Plx e_Plx pmRA pmDE e_pmRA e_pmDE RUWE Teff logg Gmag BP-RP BPmag RPmag RV e_RV b_rgeo B_rgeo FG e_FG FBP e_FBP FRP e_FRP RAVE5 RAVE6 e_Gmag e_BPmag e_RPmag e_BP-RP SkyCoord.ra SkyCoord.dec SkyCoord.distance SkyCoord.pm_ra_cosdec SkyCoord.pm_dec rmRA rmDE e_rmRA e_rmDE rRV e_rRV v_pec v_pec3d e_vpec e_vpec3d
159.09852319524 -57.94222213307 0.0141 0.0136 21.4368 "" 8609-888-1 5351546224528759424 2495.4939 0.3904 0.0162 -7.284 3.447 0.018 0.015 0.972 "" "" 8.505862 0.62104 8.720821 8.099781 "" "" 2388.52173 2592.49268 7457649.62163 3326.6 4437000.0 4795.6 4563000.0 5375.9 "" "" 0.0027975605500629988 0.003026899 0.0039899847 0.0070168837 159.09852319524 -57.94222213307 2495.4939 -7.284 3.447 -0.039716800689697074 -0.16109993743896478 0.11460816 0.11160816 "" "" 1.9626497519282395 "" 0.21938936243063759 ""
158.62116139441 -57.34778262914 0.0126 0.0134 17.522 "" 8609-2090-1 5351602029057558400 2577.72778 0.3742 0.0144 -6.942 3.391 0.017 0.017 0.868 6703.3 2.2636 8.67967 0.421709 8.812712 8.391003 1.15 2.22 2491.89941 2680.60547 6354457.65072 2431.5 4076900.0 3804.2 3489400.0 2979.7 "" "" 0.0027864653534456045 0.0029684077 0.0038914417 0.006859849 158.62116139441 -57.34778262914 2577.72778 -6.942 3.391 0.30228319931030256 -0.21709993743896483 0.11360817 0.11360817 3.39 4.806667 4.547283834388523 5.671850691836941 0.5166085793229797 2.902591823888129
159.22394410152 -57.84334579034 0.0095 0.0096 18.0743 "" 8609-747-1 5351554097203846400 2285.15918 0.4273 0.0123 -7.652 2.885 0.013 0.011 0.78 "" "" 8.925463 0.596109 9.131928 8.535819 "" "" 2230.40259 2348.56177 5067126.20853 1553.9 3038400.0 2362.7 3053700.0 3051.5 "" "" 0.0027753645706165004 0.0029151093 0.003932029 0.0068471385 159.22394410152 -57.84334579034 2285.15918 -7.651999999999999 2.885 -0.4077168006896974 -0.7230999374389651 0.10960816 0.10760816 "" "" 8.991620636014835 "" 0.9719403060268074 ""
159.0708454333 -57.78301112779 0.0097 0.0094 12.3341 "" 8609-605-1 5351555437233583104 2476.04053 0.395 0.0118 -7.148 3.158 0.014 0.011 0.883 "" "" 9.352265 0.655159 9.586011 8.930852 "" "" 2402.80444 2556.09106 3420115.54244 870.1 1999900.0 1224.4 2122400.0 1201.3 "" "" 0.0027691309160625325 0.0028682577 0.0038290187 0.0066972766 159.0708454333 -57.78301112779 2476.04053 -7.148 3.1579999999999995 0.09628319931030305 -0.4500999374389649 0.11060816 0.10760816 "" "" 5.402079774730044 "" 0.5820264578354389 ""
158.9364513282 -57.23462450318 0.0155 0.0137 22.2605 "" 8609-2-1 5351606663308484480 2433.56104 0.4034 0.0166 -7.77 3.312 0.022 0.018 0.955 18395.7 3.7425 9.770611 0.179646 9.772479 9.592833 "" "" 2345.6521 2531.91357 2326495.86022 1352.0 1684300.0 8319.5 1153500.0 5849.6 "" "" 0.00282664009144076 0.0060453336 0.0066782706 0.012723604 158.9364513282 -57.23462450318 2433.56104 -7.769999999999999 3.312 -0.5257168006896968 -0.296099937438965 0.11860816 0.11460816 "" "" 6.959901416085627 "" 0.8188830101414885 ""
158.82732407168 -57.93397543627 0.0116 0.0111 19.8471 "" 8609-269-1 5351548462224231936 2388.74878 0.4068 0.013 -7.31 3.279 0.014 0.014 0.969 "" "" 9.845638 0.641132 10.075314 9.434182 "" "" 2317.40088 2465.15161 2171158.76257 665.37 1274400.0 875.4 1335000.0 411.03 "" "" 0.0027753379401031578 0.002888126 0.0037941367 0.0066822628 158.82732407168 -57.93397543627 2388.74878 -7.31 3.2789999999999995 -0.06571680068969687 -0.32909993743896493 0.11060816 0.11060816 "" "" 3.799855850783099 "" 0.4202950658041623 ""
159.18909743146 -57.80567205525 0.0167 0.0166 15.6125 "" 8609-561-1 5351554470865961344 2713.27612 0.3563 0.0211 -7.52 2.9 0.023 0.019 1.188 "" "" 9.849138 0.296631 9.937454 9.640823 "" "" 2553.18066 2874.77026 2164170.70834 791.73 1446900.0 1231.0 1103600.0 791.9 "" "" 0.0027838027419835234 0.002939102 0.0038588464 0.0067979484 159.18909743146 -57.80567205525 2713.27612 -7.52 2.9000000000000004 -0.27571680068969684 -0.7080999374389649 0.119608164 0.11560816 "" "" 9.772827415579743 "" 1.1350420731800959 ""
158.71994591326 -57.99088398692 0.0116 0.0121 23.7496 "" 8609-321-1 5351548771461692160 2433.48364 0.3991 0.0137 -7.129 3.362 0.015 0.015 0.993 "" "" 9.94967 0.671115 10.191031 9.519917 -15.18 7.35 2337.71948 2529.26636 1972781.16875 764.53 1145500.0 640.3 1233600.0 442.12 "" "" 0.002787262608901552 0.0028554103 0.0037993612 0.0066547715 158.71994591326 -57.99088398692 2433.48364 -7.129000000000003 3.362000000000003 0.11528319931030317 -0.24609993743896474 0.11160816 0.11160816 -12.94 9.9366665 3.134713728531825 13.31427918288654 0.34985963927491504 9.657687031446622
158.37132646075 -57.88657575013 0.0208 0.0219 23.5024 "" 8609-35-1 5351471255901634176 2657.19141 0.3715 0.0248 -7.527 3.44 0.027 0.028 0.897 18199.9 3.6206 9.963376 -0.034499 9.937152 9.971651 "" "" 2508.44507 2837.62476 1948033.67865 730.77 1447300.0 750.26 813760.0 214.78 "" "" 0.0027852608924192122 0.0028463707 0.0037902303 0.006636601 158.37132646075 -57.88657575013 2657.19141 -7.527000000000002 3.4400000000000004 -0.2827168006896974 -0.1680999374389649 0.123608164 0.12460816 "" "" 4.142738045802194 "" 0.5131615234350696 ""
158.91800581778 -57.63260364955 0.0179 0.0167 2.0789 "" 8609-526-1 5351560419413715328 2432.5415 0.3989 0.0198 -7.249 3.639 0.025 0.02 0.909 14701.2 3.5567 10.183014 0.102621 10.206737 10.104116 "" "" 2312.84375 2525.89746 1591260.69553 837.17 1129100.0 1389.0 720300.0 868.23 "" "" 0.002813906804059737 0.0030933835 0.0039995583 0.0070929416 158.91800581778 -57.63260364955 2432.5415 -7.2490000000000006 3.638999999999997 -0.004716800689696932 0.030900062561034947 0.12160816 0.11660816 "" "" 0.3604123614757013 "" 0.04206891426483779 ""
158.20027476672 -57.69823805239 0.0125 0.0127 22.5493 "" 8609-965-1 5351614604723796352 2123.52393 0.4468 0.0143 -3.623 -1.635 0.02 0.019 0.812 "" "" 10.244519 2.346131 11.492432 9.1463 7.91 0.15 2060.51001 2198.15405 1503622.7253 702.37 345500.0 622.53 1740400.0 1707.4 "" "" 0.0028016081498426545 0.0034076646 0.0039266106 0.007334275 158.20027476672 -57.69823805239 2123.52393 -3.623 -1.6350000000000002 3.6212831993103025 -5.243099937438965 0.11660816 0.11560816 10.15 2.736667 64.13849750734292 64.93665653927243 7.435708889754584 7.356760499730761
159.53698450228 -57.54654213668 0.0148 0.0155 21.4061 "" 8609-784-1 5350836768973737856 2816.83252 0.3444 0.0184 -6.611 4.273 0.019 0.018 1.11 19209.7 3.6666 10.413343 0.185665 10.46429 10.278625 "" "" 2675.2832 2990.87817 1287090.97394 416.65 890640.0 503.95 613350.0 304.38 "" "" 0.0027776463991683047 0.0028570024 0.003817596 0.0066745984 159.53698450228 -57.54654213668 2816.83252 -6.611 4.273 0.633283199310303 0.6649000625610348 0.11560816 0.11460816 "" "" 12.259962394917485 "" 1.4109366129593102 ""
158.98790367522 -57.57392666355 0.0105 0.0099 3.9107 "" 8609-22-1 5351584127634073344 2504.44604 0.3863 0.0116 -7.22 3.362 0.014 0.011 0.78 "" "" 10.461671 0.709956 10.725582 10.015626 "" "" 2426.03247 2575.08105 1231057.49917 453.95 700140.0 520.8 781460.0 391.29 "" "" 0.0027842557310124587 0.0029047043 0.0038182822 0.0067229867 158.98790367522 -57.57392666355 2504.44604 -7.22 3.362000000000002 0.024283199310302983 -0.24609993743896474 0.11060816 0.10760816 "" "" 2.9356581645042095 "" 0.3159868704505751 ""
159.0848103947 -57.4008776867 0.0219 0.0221 13.8757 "" 8609-92-1 5351592781974198144 1954.87451 0.4853 0.0246 -11.301 0.933 0.03 0.027 1.657 "" "" 10.466724 2.24706 11.642532 9.395473 8.52 0.16 1876.1748 2062.21509 1225341.17532 539.9 300890.0 478.64 1383500.0 898.71 "" "" 0.0027965415847010238 0.0032814683 0.0038446267 0.007126095 159.0848103947 -57.4008776867 1954.87451 -11.301000000000007 0.9330000000000003 -4.056716800689697 -2.675099937438965 0.12660816 0.123608164 10.76 2.746667 45.02708463610402 46.29488039542682 5.660199398624126 5.542084126186815
158.31125816055 -57.47641258232 0.0209 0.0196 19.8718 "" 8609-804-1 5351623881853017984 2279.4126 0.4291 0.0228 -7.813 2.979 0.027 0.026 0.966 16830.9 3.5313 10.473258 0.002727 10.463331 10.460605 "" "" 2155.20044 2389.95093 1217989.52362 488.75 891420.0 593.27 518700.0 233.23 "" "" 0.0027895530802220484 0.0028822196 0.003810782 0.006693002 158.31125816055 -57.47641258232 2279.4126 -7.813000000000003 2.978999999999998 -0.568716800689697 -0.6290999374389648 0.123608164 0.12260816 "" "" 9.162791315128688 "" 1.1275628888529887 ""
159.05040978092 -57.64418211081 0.0142 0.0135 5.9604 "" 8609-378-1 5351582856308489600 2643.28345 0.37 0.0167 -7.248 3.675 0.018 0.015 0.895 15523.5 3.3116 10.564259 0.165179 10.603018 10.437839 "" "" 2531.5564 2741.5752 1120065.19191 453.18 783810.0 679.2 529690.0 396.97 "" "" 0.0027901192581761525 0.0029445218 0.0038659826 0.0068105045 159.05040978092 -57.64418211081 2643.28345 -7.248 3.675 -0.003716800689697486 0.06690006256103498 0.11460816 0.11160816 "" "" 0.8394944410498051 "" 0.09370228555796745 ""
159.14505845149 -57.43953740757 0.0103 0.011 13.0596 "" 8609-412-1 5351591721136463744 1981.10022 0.4794 0.0118 -9.119 3.894 0.013 0.013 0.917 "" "" 10.762412 1.955998 11.746988 9.79099 -15.18 0.18 1937.78674 2031.28772 933215.66422 176.81 273290.0 237.19 961090.0 285.08 "" "" 0.002762988378709536 0.0029449973 0.0037930785 0.006738076 159.14505845149 -57.43953740757 1981.10022 -9.118999999999998 3.894 -1.874716800689697 0.2859000625610353 0.10960816 0.10960816 -12.94 2.766667 17.80790625771966 22.012840009497435 1.9518918111007977 2.266801176064577
159.43167354673 -57.88246769384 0.018 0.0175 24.2892 "" 8609-509-1 5350802787191213056 2573.48364 0.38 0.0227 -7.619 3.301 0.023 0.02 0.942 16399.8 3.3824 10.831918 0.097755 10.851861 10.754106 -64.71 21.03 2440.76099 2736.9082 875345.57733 221.09 623260.0 430.16 395840.0 148.21 "" "" 0.002768933209158635 0.002889044 0.0038011821 0.006690226 159.43167354673 -57.88246769384 2573.48364 -7.619 3.3009999999999997 -0.37471680068969704 -0.3070999374389647 0.119608164 0.11660816 -62.46999999999999 23.616667 5.909865885490515 62.74892361454883 0.6997985266354395 23.51178133933151
159.15907291958 -57.95855489228 0.016 0.0166 23.043 "" "" 5351545988323266688 2847.89062 0.3424 0.0203 -7.972 3.304 0.019 0.018 0.908 13917.2 3.7952 10.848612 0.090659 10.86683 10.776171 "" "" 2679.52002 3009.36621 861989.92512 751.68 614730.0 679.68 387870.0 372.26 "" "" 0.0029134527077737784 0.0030374546 0.0039204047 0.0069578593 159.15907291958 -57.95855489228 2847.89062 -7.972 3.304 -0.7277168006896977 -0.304099937438965 0.11560816 0.11460816 "" "" 10.646669564865872 "" 1.2292649585311264 ""
159.10376540964 -57.94134912526 0.0118 0.0119 21.4426 "" "" 5351546263201159808 2551.06543 0.3751 0.014 -7.267 3.441 0.015 0.014 0.965 14069.3 3.3731 10.928104 0.599439 11.139243 10.539804 "" "" 2473.17261 2626.23657 801133.42179 1355.3 478320.0 2676.8 482210.0 2389.8 "" "" 0.003311421979725303 0.006686067 0.006575493 0.01326156 159.10376540964 -57.94134912526 2551.06543 -7.267 3.441 -0.022716800689697614 -0.167099937438965 0.11160816 0.11060816 "" "" 2.039167215352698 "" 0.2255857022971974 ""
158.47176800724 -57.52914133099 0.0159 0.0158 13.9035 "" 8609-568-1 5351575846936368896 2354.87524 0.4029 0.0184 -7.243 3.561 0.024 0.022 0.795 "" "" 10.979323 0.032981 10.977686 10.944705 "" "" 2255.45923 2482.62549 764218.5502 222.55 555060.0 360.45 332110.0 130.27 "" "" 0.0027734020925098135 0.0028778752 0.0038033011 0.0066811764 158.47176800724 -57.52914133099 2354.87524 -7.242999999999997 3.560999999999998 0.0012831993103024075 -0.0470999374389649 0.120608166 0.11860816 "" "" 0.5259296944039873 "" 0.0623803410260982 ""
159.52451852685 -57.61664638031 0.0232 0.0253 20.7147 "" "" 5350836047419114240 1997.78857 0.4887 0.0298 -6.725 2.503 0.029 0.029 1.898 4822.7 2.0331 11.128415 1.327311 11.721146 10.393835 -16.71 0.26 1898.14819 2103.02148 666163.20588 159.45 279870.0 121.67 551600.0 137.54 "" "" 0.002767548654928699 0.002829813 0.0037890659 0.006618879 159.52451852685 -57.61664638031 1997.78857 -6.725 2.503 0.5192831993103031 -1.1050999374389647 0.12560816 0.12560816 -14.47 2.8466668 11.562513586280103 18.52221964109356 1.4523460691716494 2.40159017950229
158.26195889737 -57.76924293236 0.0174 0.0171 22.1644 "" 8609-671-1 5351613363457520128 2751.1936 0.3346 0.0189 -7.554 3.474 0.026 0.023 0.84 13300.0 3.5029 11.130819 0.107496 11.158867 11.051371 "" "" 2590.93848 2875.91992 664689.77324 271.64 469750.0 365.92 301030.0 174.86 "" "" 0.0027908184843296285 0.0029155354 0.0038316415 0.006747177 158.26195889737 -57.76924293236 2751.1936 -7.553999999999999 3.4740000000000038 -0.30971680068969754 -0.13409993743896464 0.12260816 0.119608164 "" "" 4.401242050940292 "" 0.5375652589779752 ""
159.23911425732 -57.71174184375 0.0102 0.0097 13.1925 "" 8609-861-1 5351578664435651072 2568.72168 0.3708 0.0126 -7.094 3.315 0.013 0.011 0.757 "" "" 11.13743 0.842307 11.466655 10.624348 -39.65 8.74 2478.05688 2645.14575 660654.82389 667.61 353800.0 803.41 446090.0 1180.5 "" "" 0.002965731560578461 0.0037233992 0.004747534 0.008470934 159.23911425732 -57.71174184375 2568.72168 -7.094 3.3150000000000004 0.15028319931030243 -0.2930999374389649 0.10960816 0.10760816 -37.41 11.326667 4.010471902994013 37.624353614177934 0.4332414755896518 11.262231181959734
158.82844831188 -57.22881165069 0.014 0.0137 22.598 "" 8609-2179-1 5351609583886245248 2202.85376 0.4204 0.0161 -7.26 3.922 0.021 0.018 0.782 15666.2 3.6352 11.142139 0.208848 11.204884 10.996036 "" "" 2128.48633 2288.20117 657795.45039 182.64 450260.0 307.18 316770.0 145.56 "" "" 0.002771762503800989 0.002886817 0.00381217 0.006698987 158.82844831188 -57.22881165069 2202.85376 -7.2599999999999945 3.921999999999996 -0.015716800689697052 0.3139000625610353 0.11760816 0.11460816 "" "" 3.281701733927216 "" 0.37613474201178226 ""
159.02799030436 -57.62811938845 0.0677 0.0678 4.9513 "" 8609-230-1 5351582959402927232 2472.64648 0.3845 0.0796 -7.308 3.753 0.091 0.077 4.445 "" "" 11.233672 0.24481 11.180469 10.935658 19.39 20.9 2053.65356 3196.88354 604613.31441 540.74 460500.0 575.42 334880.0 306.3 "" "" 0.0029214207534303455 0.0031025228 0.003907675 0.0070101977 159.02799030436 -57.62811938845 2472.64648 -7.308 3.7530000000000032 -0.0637168006896971 0.14490006256103527 0.18760815 0.17360815 21.630000000000003 23.486666 1.8552182892278508 21.709415812054583 0.3264297959493236 23.400765133765667
159.10170042053 -57.83158111645 0.0172 0.0164 15.3648 "" 8609-701-1 5351553650550243328 2238.64331 0.4265 0.0204 -6.987 3.311 0.023 0.02 0.961 "" "" 11.302895 0.386168 11.429311 11.043142 "" "" 2131.29736 2353.70825 567268.67765 223.97 366180.0 222.86 303320.0 104.54 "" "" 0.0027884671938006983 0.0028673487 0.0037978617 0.0066652102 159.10170042053 -57.83158111645 2238.64331 -6.987000000000002 3.310999999999999 0.25728319931030263 -0.2970999374389649 0.119608164 0.11660816 "" "" 4.170378765353112 "" 0.49170078596811767 ""
158.77842940969 -57.42121764239 0.0121 0.0119 11.4721 "" "" 5351597905889702016 2334.30103 0.4199 0.0139 -2.216 2.077 0.018 0.015 0.986 "" "" 11.361261 1.798286 12.24279 10.444504 6.97 0.19 2272.38843 2419.89917 537579.11261 148.3 173100.0 130.73 526450.0 201.54 "" "" 0.0027715520023665176 0.0029081632 0.0038021696 0.006710333 158.77842940969 -57.42121764239 2334.30103 -2.2160000000000006 2.077 5.0282831993103025 -1.5310999374389649 0.11460816 0.11160816 9.21 2.7766669 58.15795576437148 58.8826962586683 6.650749726164725 6.583232445581542
159.47005438208 -57.58278252798 0.0142 0.0148 19.0043 "" 8609-88-1 5350836322297031552 2531.146 0.3568 0.0174 -7.491 3.265 0.018 0.017 0.889 14861.3 3.8107 11.372974 0.106923 11.40078 11.293857 "" "" 2425.10596 2672.65747 531810.49006 187.41 375930.0 211.4 240780.0 91.752 "" "" 0.0027817588697982374 0.0028561899 0.0038019603 0.00665815 159.47005438208 -57.58278252798 2531.146 -7.490999999999999 3.2650000000000006 -0.24671680068969692 -0.3430999374389647 0.11460816 0.11360817 "" "" 5.070142332511413 "" 0.5777426615239871 ""
159.08638605052 -57.66877974225 0.019 0.0192 7.6604 "" "" 5351582650165267200 2768.62231 0.324 0.0236 -7.15 3.72 0.025 0.021 1.08 13118.0 3.6366 11.405757 0.221864 11.472718 11.250855 "" "" 2621.72583 2914.60034 515993.28827 141.32 351830.0 178.04 250500.0 79.066 "" "" 0.002771319709568356 0.0028437504 0.0037948869 0.0066386373 159.08638605052 -57.66877974225 2768.62231 -7.149999999999997 3.7199999999999998 0.09428319931030238 0.11190006256103535 0.12160816 0.11760816 "" "" 1.9202597576742308 "" 0.22905847555236378 ""
