Clusters/UBC_258/UBC_258_members.tsv
# %ECSV 1.0
# ---
# datatype:
# - name: RA_ICRS_1
#   unit: deg
#   datatype: float64
#   format: '{:15.11f}'
#   description: Right ascension (ICRS) at Ep=2016.0 (ra)
#   meta: !!omap
#   - {ucd: POS_EQ_RA_MAIN}
#   - {width: 15}
#   - {precision: '11'}
# - name: DE_ICRS_1
#   unit: deg
#   datatype: float64
#   format: '{:15.11f}'
#   description: Declination (ICRS) at Ep=2016.0 (dec)
#   meta: !!omap
#   - {ucd: POS_EQ_DEC_MAIN}
#   - {width: 15}
#   - {precision: '11'}
# - name: e_RA_ICRS
#   unit: mas
#   datatype: float64
#   format: '{:7.4f}'
#   description: Standard error of right ascension (ra_error)
#   meta: !!omap
#   - {ucd: ERROR}
#   - {width: 7}
#   - {precision: '4'}
# - name: e_DE_ICRS
#   unit: mas
#   datatype: float64
#   format: '{:7.4f}'
#   description: Standard error of declination (dec_error)
#   meta: !!omap
#   - {ucd: ERROR}
#   - {width: 7}
#   - {precision: '4'}
# - name: _r_1
#   unit: ''
#   datatype: float64
#   format: '{:7.4f}'
#   description: Distance from center (158.88041305000-57.60440435000)[ICRS], at Epoch=J2016.0
#   meta: !!omap
#   - {ucd: POS_ANG_DIST_GENERAL}
#   - {width: 7}
#   - {precision: '4'}
# - name: HIP
#   datatype: int32
#   description: '? HIP cross-id number, van Leeuwen, Cat. I/311 (hip_original_ext_source_id)'
#   meta: !!omap
#   - {ucd: ID_NUMBER}
#   - {width: 6}
#   - values: {'null': -2147483648}
# - name: TYC2
#   datatype: string
#   description: Tycho-2 cross-id name, Hog et al., Cat. I/259 (tyc2_original_ext_source_id)
#   meta: !!omap
#   - {ucd: ID_CROSSID}
#   - {_votable_string_dtype: char}
# - name: Source
#   datatype: int64
#   description: Source identifier, identical to the Gaia-EDR3 source_id (id)
#   meta: !!omap
#   - {ucd: ID_MAIN}
#   - {width: 19}
# - name: rgeo
#   unit: pc
#   datatype: float64
#   format: '{:15.8f}'
#   description: '? Median of the geometric distance posterior (r_med_geo)'
#   meta: !!omap
#   - {ucd: PHYS_DISTANCE_TRUE}
#   - {width: 15}
#   - {precision: '8'}
#   - values: {'null': .nan}
# - name: Plx
#   unit: mas
#   datatype: float64
#   format: '{:9.4f}'
#   description: '? Parallax (parallax)'
#   meta: !!omap
#   - {ucd: POS_PARLX_TRIG}
#   - {width: 9}
#   - {precision: '4'}
#   - values: {'null': .nan}
# - name: e_Plx
#   unit: mas
#   datatype: float32
#   format: '{:7.4f}'
#   description: '? Standard error of parallax (parallax_error)'
#   meta: !!omap
#   - {ucd: ERROR}
#   - {width: 7}
#   - {precision: '4'}
#   - values: {'null': .nan}
# - name: pmRA
#   unit: mas / yr
#   datatype: float64
#   format: '{:9.3f}'
#   description: '? Proper motion in right ascension direction, pmRA*cosDE (pmra)'
#   meta: !!omap
#   - {ucd: POS_EQ_PMRA}
#   - {width: 9}
#   - {precision: '3'}
#   - values: {'null': .nan}
# - name: pmDE
#   unit: mas / yr
#   datatype: float64
#   format: '{:9.3f}'
#   description: '? Proper motion in declination direction (pmdec)'
#   meta: !!omap
#   - {ucd: POS_EQ_PMDEC}
#   - {width: 9}
#   - {precision: '3'}
#   - values: {'null': .nan}
# - name: e_pmRA
#   unit: mas / yr
#   datatype: float32
#   format: '{:6.3f}'
#   description: '? Standard error of proper motion in right ascension direction (pmra_error)'
#   meta: !!omap
#   - {ucd: ERROR}
#   - {width: 6}
#   - {precision: '3'}
#   - values: {'null': .nan}
# - name: e_pmDE
[...]
#       distance: !astropy.table.SerializedColumn
#         __class__: astropy.coordinates.distances.Distance
#         unit: !astropy.units.Unit {unit: pc}
#         value: !astropy.table.SerializedColumn {name: SkyCoord.distance}
#       frame: icrs
#       obstime: !astropy.time.Time {format: jyear_str, in_subfmt: '*', jd1: 367701545.0, jd2: 0.0, out_subfmt: '*', precision: 3, scale: tt}
#       pm_dec: !astropy.table.SerializedColumn
#         __class__: astropy.units.quantity.Quantity
#         unit: !astropy.units.Unit {unit: mas / yr}
#         value: !astropy.table.SerializedColumn {name: SkyCoord.pm_dec}
#       pm_ra_cosdec: !astropy.table.SerializedColumn
#         __class__: astropy.units.quantity.Quantity
#         unit: !astropy.units.Unit {unit: mas / yr}
#         value: !astropy.table.SerializedColumn {name: SkyCoord.pm_ra_cosdec}
#       ra: !astropy.table.SerializedColumn
#         __class__: astropy.coordinates.angles.Longitude
#         unit: *id001
#         value: !astropy.table.SerializedColumn {name: SkyCoord.ra}
#         wrap_angle: !astropy.coordinates.Angle
#           unit: *id001
#           value: 360.0
#       representation_type: spherical
# schema: astropy-2.0
RA_ICRS_1 DE_ICRS_1 e_RA_ICRS e_DE_ICRS _r_1 HIP TYC2 Source rgeo Plx e_Plx pmRA pmDE e_pmRA e_pmDE RUWE Teff logg Gmag BP-RP BPmag RPmag RV e_RV b_rgeo B_rgeo FG e_FG FBP e_FBP FRP e_FRP RAVE5 RAVE6 e_Gmag e_BPmag e_RPmag e_BP-RP SkyCoord.ra SkyCoord.dec SkyCoord.distance SkyCoord.pm_ra_cosdec SkyCoord.pm_dec rmRA rmDE e_rmRA e_rmDE rRV e_rRV v_pec v_pec3d e_vpec e_vpec3d Pmemb
158.47176800724 -57.52914133099 0.0159 0.0158 13.9035 "" 8609-568-1 5351575846936368896 2354.87524 0.4029 0.0184 -7.243 3.561 0.024 0.022 0.795 "" "" 10.979323 0.032981 10.977686 10.944705 "" "" 2255.45923 2482.62549 764218.5502 222.55 555060.0 360.45 332110.0 130.27 "" "" 0.0027734020925098135 0.0028778752 0.0038033011 0.0066811764 158.47176800724 -57.52914133099 2354.87524 -7.242999999999997 3.560999999999998 0.0012831993103024075 -0.0470999374389649 0.120608166 0.11860816 "" "" 0.5259296944039873 "" 0.0623803410260982 "" 0.94
159.28126786357 -57.77339947114 0.0097 0.0097 16.3733 "" "" 5351554784416660352 2090.06055 0.4643 0.0123 -7.08 3.677 0.013 0.011 0.851 4958.7 2.5339 11.590359 1.340926 12.191637 10.850711 -7.2 0.62 2035.9762 2142.56836 435314.72703 75.905 181450.0 91.96 362140.0 99.799 "" "" 0.00276181654244299 0.0028439113 0.0037912074 0.0066351187 159.28126786357 -57.77339947114 2090.06055 -7.08 3.677 0.16428319931030266 0.0689000625610352 0.10960816 0.10760816 -4.96 0.7493333 1.7648776002752362 5.264636069468931 0.19292109820165462 0.7089295894746228 0.93
159.05980112957 -57.61998458113 0.0116 0.0114 5.8406 "" "" 5351582993762692736 2516.13062 0.3553 0.0137 -7.24 3.814 0.016 0.013 0.867 7189.6 2.9416 11.968013 0.36632 12.086109 11.719789 "" "" 2439.83594 2612.0437 307426.85085 49.463 199970.0 125.38 162650.0 74.646 "" "" 0.002760852275691703 0.0028720147 0.003812088 0.0066841026 159.05980112957 -57.61998458113 2516.13062 -7.239999999999999 3.8140000000000045 0.004283199310302521 0.2059000625610352 0.112608165 0.10960816 "" "" 2.456189952014613 "" 0.2692216883667666 "" 0.85
159.05879697433 -57.61917372947 0.0113 0.0114 5.8012 "" "" 5351582993762693632 2515.04907 0.3618 0.0136 -7.253 3.778 0.015 0.012 0.965 13744.1 3.6601 12.427415 0.413464 12.559174 12.14571 "" "" 2412.34155 2659.98926 201363.49821 36.56 129340.0 135.02 109870.0 91.676 "" "" 0.0027623629577744713 0.003011591 0.0038864457 0.0068980367 159.05879697433 -57.61917372947 2515.04907 -7.252999999999999 3.777999999999998 -0.00871680068969738 0.16990006256103518 0.11160816 0.108608164 "" "" 2.028099127211524 "" 0.22028431575357527 "" 0.97
158.86034527437 -57.64581362406 0.0179 0.0172 2.5668 "" "" 5351571723767586432 2391.18945 0.3888 0.0207 -7.066 3.869 0.027 0.021 1.49 6974.1 3.1577 12.468595 0.488421 12.639484 12.151063 "" "" 2277.72925 2543.83569 193869.33098 34.168 120120.0 59.422 109330.0 45.181 "" "" 0.002761956785059911 0.002841395 0.0038059223 0.0066473177 158.86034527437 -57.64581362406 2391.18945 -7.065999999999999 3.869000000000006 0.1782831993103029 0.2609000625610354 0.123608164 0.11760816 "" "" 3.581578707190919 "" 0.4281803274741245 "" 0.8
159.13757822182 -57.71371726918 0.0125 0.0123 10.5428 "" "" 5351556055726970624 2651.11523 0.3467 0.0157 -7.221 3.694 0.017 0.013 0.921 12203.7 3.6337 12.755148 0.244618 12.836215 12.591597 "" "" 2547.26538 2739.00684 148897.4946 29.681 100210.0 56.516 72865.0 29.347 "" "" 0.002763807322016396 0.0028565705 0.003804596 0.0066611664 159.13757822182 -57.71371726918 2651.11523 -7.221000000000002 3.6940000000000026 0.02328319931030265 0.0859000625610351 0.11360817 0.10960816 "" "" 1.1183943962625587 "" 0.12289651319441239 "" 0.87
159.09785091242 -57.78033720026 0.0105 0.0105 12.651 "" "" 5351555402891831680 2475.32056 0.3684 0.0132 -7.147 3.737 0.014 0.012 0.969 "" "" 13.309382 0.274993 13.404122 13.129129 "" "" 2399.64697 2552.01172 89370.51175 30.274 59397.0 33.738 44413.0 19.343 "" "" 0.002779758775027537 0.0028575123 0.0038088488 0.0066663614 159.09785091242 -57.78033720026 2475.32056 -7.147 3.737 0.09728319931030249 0.12890006256103526 0.11060816 0.108608164 "" "" 1.8947735542223498 "" 0.2071710943461236 "" 0.97
158.55235318891 -57.79642877607 0.0121 0.011 15.6003 "" "" 5351562751563308544 2186.47339 0.4233 0.0124 -7.161 3.463 0.017 0.014 0.942 6449.3 3.3929 13.355313 0.740553 13.644447 12.903894 -6.45 5.84 2134.40015 2238.36328 85668.55385 16.958 47603.0 28.826 54651.0 22.434 "" "" 0.002763689591397527 0.0028665855 0.0038055705 0.006672156 158.55235318891 -57.79642877607 2186.47339 -7.160999999999999 3.4630000000000005 0.08328319931030315 -0.14509993743896477 0.11360817 0.11060816 -4.21 5.9693336 1.7339023374788125 4.553077784962002 0.19308582203796085 5.520029699938891 0.91
158.97836755029 -57.60820012839 0.0124 0.0111 3.1569 "" "" 5351583749676905984 2305.47607 0.3986 0.0134 -7.196 3.696 0.016 0.013 0.952 "" "" 13.356772 0.294824 13.456227 13.161404 "" "" 2241.16772 2378.16846 85553.52509 25.888 56614.0 33.626 43112.0 30.578 "" "" 0.0027748380619765627 0.0028637233 0.003857039 0.0067207622 158.97836755029 -57.60820012839 2305.47607 -7.195999999999997 3.6959999999999997 0.048283199310303004 0.08790006256103533 0.112608165 0.10960816 "" "" 1.0959432023283666 "" 0.12089436346927404 "" 0.98
159.26421655932 -57.55176627758 0.0097 0.0103 12.7441 "" "" 5351582134769400064 2231.22778 0.4087 0.012 -7.093 3.584 0.012 0.012 0.891 "" "" 13.413059 0.447448 13.569624 13.122176 "" "" 2185.18799 2287.96729 81231.22946 47.174 51000.0 71.52 44698.0 63.223 "" "" 0.0028265445739113987 0.0031785711 0.0040794797 0.007258051 159.26421655932 -57.55176627758 2231.22778 -7.092999999999997 3.583999999999999 0.15128319931030276 -0.02409993743896477 0.108608164 0.108608164 "" "" 1.6201486450015916 "" 0.17596136956771571 "" 0.89
159.06273032325 -57.67325352919 0.0109 0.011 7.1657 "" "" 5351559182463168000 2299.28467 0.3977 0.0135 -7.244 3.638 0.015 0.012 0.879 "" "" 13.487281 0.392723 13.624998 13.232275 "" "" 2240.09912 2386.82153 75863.74069 22.186 48464.0 28.969 40388.0 20.347 "" "" 0.002773555013481157 0.002864653 0.0038187583 0.006683411 159.06273032325 -57.67325352919 2299.28467 -7.244 3.638 0.00028319931030296175 0.029900062561035057 0.11160816 0.108608164 "" "" 0.32588371747693784 "" 0.03539372110599244 "" 0.98
158.88465299774 -57.58862129508 0.0135 0.0116 0.9567 "" "" 5351572307883223424 2226.84253 0.4134 0.0144 -7.175 3.697 0.019 0.014 0.972 "" "" 13.638066 0.297058 13.744573 13.447515 "" "" 2151.61621 2305.38062 66026.81873 35.569 43410.0 49.474 33125.0 21.918 "" "" 0.002816715800682261 0.003052248 0.0038470551 0.006899303 158.88465299774 -57.58862129508 2226.84253 -7.175 3.697000000000004 0.06928319931030291 0.08890006256103522 0.11560816 0.11060816 "" "" 1.1896728267278447 "" 0.13386627358912 "" 0.95
158.73202903995 -57.63166659248 0.0133 0.0109 5.0409 "" "" 5351571208371786368 2364.17163 0.3838 0.0137 -7.161 3.69 0.02 0.014 0.974 "" "" 13.772489 0.29879 13.879723 13.580933 "" "" 2279.40552 2448.43018 58337.9477 25.688 38329.0 26.138 29294.0 18.588 "" "" 0.002796489390753489 0.0028867363 0.003841661 0.006728397 158.73202903995 -57.63166659248 2364.17163 -7.161 3.6899999999999995 0.08328319931030315 0.0819000625610351 0.11660816 0.11060816 "" "" 1.3089516578873113 "" 0.14882514627324459 "" 0.91
158.84868534087 -57.52523013427 0.0129 0.0119 4.8589 "" "" 5351596256621694976 2292.02759 0.399 0.014 -7.236 3.635 0.017 0.014 0.97 10213.5 4.1055 13.776224 0.237292 13.863228 13.625936 "" "" 2221.04004 2379.43335 58137.59154 24.101 38916.0 22.008 28105.0 14.662 "" "" 0.0027918404609483254 0.0028569316 0.0038215902 0.0066785216 158.84868534087 -57.52523013427 2292.02759 -7.235999999999998 3.635 0.008283199310302969 0.026900062561034943 0.11360817 0.11060816 "" "" 0.3057893724376782 "" 0.03390323151429885 "" 0.96
158.98669206651 -57.48490542788 0.0121 0.0122 7.9447 "" "" 5351586257938487168 2689.95093 0.3375 0.0139 -7.417 3.548 0.017 0.016 1.043 "" "" 13.830012 2.220063 14.987689 12.767626 6.93 1.3 2591.03271 2785.85718 55327.58979 13.386 13815.0 13.272 61959.0 22.246 "" "" 0.0027678136144580674 0.0029787624 0.0037994331 0.0067781955 158.98669206651 -57.48490542788 2689.95093 -7.416999999999999 3.5480000000000045 -0.17271680068969708 -0.0600999374389648 0.11360817 0.112608165 9.17 1.4293333 2.331717516751711 9.461807785932177 0.26465130530761494 1.3867862874458148 0.83
159.03507476425 -57.62547282267 0.0155 0.0155 5.1285 "" "" 5351582959402932480 2161.55176 0.4314 0.018 -6.988 3.661 0.022 0.018 1.222 9161.5 3.6921 13.888394 0.692121 14.13831 13.446189 "" "" 2075.69727 2235.75781 52431.10173 11.957 30206.0 26.424 33165.0 42.773 "" "" 0.0027664231625356877 0.0029473985 0.004030447 0.0069778454 159.03507476425 -57.62547282267 2161.55176 -6.988 3.6610000000000005 0.2562831993103023 0.05290006256103519 0.11860816 0.11460816 "" "" 2.681169406652349 "" 0.3175774082980273 "" 0.93
159.11867938844 -57.32200665446 0.0136 0.0141 18.6068 "" "" 5351593473483227776 2338.52441 0.3926 0.0162 -7.332 3.718 0.018 0.017 1.121 10201.0 4.0003 13.898832 0.363861 14.028927 13.665066 "" "" 2258.79077 2433.00439 51929.45567 21.303 33408.0 16.032 27110.0 19.714 "" "" 0.0027910878777346786 0.0028384007 0.0038609698 0.00669937 159.11867938844 -57.32200665446 2338.52441 -7.332000000000001 3.717999999999999 -0.08771680068969712 0.10990006256103513 0.11460816 0.11360817 "" "" 1.5586493226342113 "" 0.17768345112548198 "" 0.94
158.92245292846 -57.56267098407 0.0131 0.0123 2.8458 "" "" 5351595913024308736 2169.61377 0.424 0.0148 -7.135 3.725 0.018 0.015 0.938 "" "" 13.954128 0.331223 14.072125 13.740903 "" "" 2092.36816 2248.53174 49350.93799 21.482 32105.0 25.698 25281.0 23.036 "" "" 0.00279555903651697 0.0029223822 0.0039067226 0.006829105 158.92245292846 -57.56267098407 2169.61377 -7.135 3.725 0.10928319931030295 0.11690006256103525 0.11460816 0.11160816 "" "" 1.6457063737106863 "" 0.18599305899428997 "" 0.96
158.35951274772 -57.47951391026 0.0142 0.0128 18.3711 "" "" 5351623091579046528 2531.84497 0.3627 0.0153 -7.28 3.498 0.019 0.018 0.956 6507.1 3.3118 14.044932 0.773382 14.340056 13.566674 "" "" 2449.40796 2632.02417 45391.42734 22.479 25084.0 39.937 29682.0 42.367 "" "" 0.0028072929917764646 0.0032822588 0.004084779 0.0073670377 158.35951274772 -57.47951391026 2531.84497 -7.28 3.498 -0.035716800689697514 -0.11009993743896462 0.11560816 0.11460816 "" "" 1.389089888060046 "" 0.15933382488765127 "" 0.86
159.0354891087 -57.62030973895 0.0149 0.014 5.0745 "" "" 5351582959402939776 2406.41064 0.3772 0.017 -7.232 3.73 0.02 0.016 0.935 10098.1 3.8387 14.165648 0.437928 14.320683 13.882755 "" "" 2301.56104 2495.76538 40615.08014 13.264 25535.0 22.616 22185.0 16.09 "" "" 0.002778041538909576 0.0029512309 0.003860544 0.006811775 159.0354891087 -57.62030973895 2406.41064 -7.232000000000002 3.7299999999999955 0.012283199310302528 0.12190006256103514 0.11660816 0.112608165 "" "" 1.3974802941596727 "" 0.1574248650399153 "" 0.96
159.10329973943 -57.66190833073 0.0135 0.0135 7.9472 "" "" 5351582615805545344 2359.79272 0.3871 0.0166 -7.254 3.559 0.018 0.015 1.0 "" "" 14.189732 0.438311 14.347491 13.909181 "" "" 2270.59204 2465.05127 39724.09137 13.936 24913.0 16.225 21651.0 20.198 "" "" 0.0027815234215325313 0.0028783751 0.003912753 0.006791128 159.10329973943 -57.66190833073 2359.79272 -7.254 3.559 -0.009716800689696825 -0.04909993743896468 0.11460816 0.11160816 "" "" 0.5598544570284365 "" 0.06254844407120289 "" 0.96
158.889878565 -57.53654773842 0.0141 0.0138 4.0828 "" "" 5351595981743798400 2380.02026 0.3811 0.0163 -7.182 3.721 0.019 0.018 0.962 10690.4 3.94 14.191733 0.449259 14.353528 13.904269 "" "" 2298.06006 2473.01782 39650.93134 13.788 24775.0 23.127 21750.0 20.407 "" "" 0.0027810666837601436 0.002968545 0.0039142645 0.0068828096 158.889878565 -57.53654773842 2380.02026 -7.1819999999999995 3.7210000000000005 0.06228319931030235 0.11290006256103524 0.11560816 0.11460816 "" "" 1.4546145731652413 "" 0.1670512350434332 "" 0.85
159.30878333759 -57.48499065935 0.0137 0.0147 15.5427 "" "" 5351588319522401920 2230.78027 0.4108 0.016 -7.267 3.716 0.018 0.016 0.933 8527.0 4.3505 14.218446 0.364412 14.350255 13.985843 "" "" 2152.97949 2307.81299 38687.31094 16.664 24849.0 22.787 20175.0 13.041 "" "" 0.0027947271937593015 0.0029624903 0.0038439913 0.0068064816 159.30878333759 -57.48499065935 2230.78027 -7.267 3.7159999999999993 -0.022716800689697614 0.10790006256103535 0.11460816 0.112608165 "" "" 1.1659360131443084 "" 0.13139372894890347 "" 0.97
158.70812824248 -57.61069932423 0.0212 0.0174 5.5506 "" "" 5351572754559682432 2389.63013 0.3764 0.021 -7.145 3.739 0.029 0.022 1.374 "" "" 14.219974 0.891098 14.571906 13.680808 "" "" 2264.1438 2541.35132 38632.88045 8.3412 20261.0 17.287 26720.0 17.042 "" "" 0.002765274382666756 0.0029399325 0.0038422986 0.006782231 158.70812824248 -57.61069932423 2389.63013 -7.144999999999999 3.7390000000000043 0.09928319931030316 0.13090006256103504 0.12560816 0.11860816 "" "" 1.8609144116624863 "" 0.22556394129600452 "" 0.93
158.71299397871 -57.45987453113 0.0139 0.0128 10.2117 "" "" 5351600311071360640 2210.77368 0.4144 0.0153 -7.372 3.603 0.019 0.017 0.863 7992.4 3.8196 14.363845 0.511672 14.553095 14.041423 "" "" 2152.19971 2295.20435 33838.32349 9.2798 20615.0 16.606 19169.0 12.649 "" "" 0.0027713616535018494 0.0029240318 0.003846689 0.0067707207 158.71299397871 -57.45987453113 2210.77368 -7.371999999999998 3.603000000000004 -0.12771680068969715 -0.005099937438964641 0.11560816 0.11360817 "" "" 1.3394195417712587 "" 0.15484360508916745 "" 0.95
159.01168683498 -57.65497678816 0.0154 0.014 5.1952 "" "" 5351559422981329152 2323.50195 0.3948 0.0178 -7.232 3.71 0.02 0.016 1.018 9715.0 3.9751 14.391032 0.411964 14.539505 14.127541 "" "" 2239.71143 2444.81836 33001.52109 13.483 20874.0 14.943 17707.0 14.506 "" "" 0.0027907986422469892 0.0028964037 0.0038826368 0.00677904 159.01168683498 -57.65497678816 2323.50195 -7.232000000000004 3.7100000000000026 0.012283199310302528 0.10190006256103512 0.11660816 0.112608165 "" "" 1.130390089484788 "" 0.1273570447854654 "" 0.97
158.80473311958 -57.6865439637 0.0165 0.0151 5.4949 "" "" 5351570143219520000 2212.97827 0.4137 0.0183 -7.384 3.495 0.026 0.019 1.025 9205.7 4.257 14.418695 0.409605 14.56684 14.157235 "" "" 2126.30713 2315.50391 32171.33873 11.661 20355.0 17.796 17229.0 23.205 "" "" 0.002783283065747822 0.0029472194 0.004052424 0.0069996435 158.80473311958 -57.6865439637 2212.97827 -7.383999999999998 3.495 -0.1397168006896976 -0.11309993743896474 0.12260816 0.11560816 "" "" 1.8855583067934985 "" 0.22605192403902166 "" 0.95
159.16592928839 -57.45603531662 0.0147 0.0148 12.7996 "" "" 5351591652416979200 2361.43188 0.3891 0.017 -7.147 3.633 0.02 0.018 0.988 8567.3 4.3743 14.427412 0.425451 14.583078 14.157627 "" "" 2281.38379 2445.90454 31914.048 13.363 20053.0 20.559 17223.0 12.721 "" "" 0.002792573486461947 0.0030040161 0.0038635242 0.00686754 159.16592928839 -57.45603531662 2361.43188 -7.147 3.6330000000000005 0.09728319931030249 0.024900062561035163 0.11660816 0.11460816 "" "" 1.1240119125470929 "" 0.13093185334787547 "" 0.96
158.69787593362 -57.31204048817 0.0145 0.0139 18.5047 "" "" 5351603643965274752 2424.92358 0.3724 0.0165 -7.261 3.427 0.021 0.019 0.949 "" "" 14.467643 0.735224 14.748974 14.01375 "" "" 2339.17944 2546.1499 30753.16361 6.8676 17212.0 11.854 19663.0 13.679 "" "" 0.0027659674776463012 0.0028886297 0.0038541185 0.0067427484 158.69787593362 -57.31204048817 2424.92358 -7.260999999999998 3.426999999999999 -0.016716800689697386 -0.1810999374389648 0.11760816 0.11560816 "" "" 2.09043699904698 "" 0.2417072070981628 "" 0.9
159.16208428814 -57.73187270901 0.0159 0.0149 11.8402 "" "" 5351555849568533376 2292.40063 0.3982 0.0198 -7.203 3.674 0.021 0.017 0.995 9537.6 4.0927 14.58413 0.493463 14.764821 14.271358 "" "" 2169.30615 2406.98975 27624.50652 10.975 16962.0 14.061 15510.0 16.609 "" "" 0.0027888807952681696 0.0029317446 0.003954178 0.0068859225 159.16208428814 -57.73187270901 2292.40063 -7.203000000000004 3.674000000000001 0.04128319931030244 0.06590006256103509 0.11760816 0.11360817 "" "" 0.8449736825215199 "" 0.0969604129104261 "" 0.95
