Clusters/UBC_258/UBC_258_members.tsv
# %ECSV 1.0
# ---
# datatype:
# - name: RA_ICRS_1
#   unit: deg
#   datatype: float64
#   format: '{:15.11f}'
#   description: Right ascension (ICRS) at Ep=2016.0 (ra)
#   meta: !!omap
#   - {ucd: POS_EQ_RA_MAIN}
#   - {width: 15}
#   - {precision: '11'}
# - name: DE_ICRS_1
#   unit: deg
#   datatype: float64
#   format: '{:15.11f}'
#   description: Declination (ICRS) at Ep=2016.0 (dec)
#   meta: !!omap
#   - {ucd: POS_EQ_DEC_MAIN}
#   - {width: 15}
#   - {precision: '11'}
# - name: e_RA_ICRS
#   unit: mas
#   datatype: float64
#   format: '{:7.4f}'
#   description: Standard error of right ascension (ra_error)
#   meta: !!omap
#   - {ucd: ERROR}
#   - {width: 7}
#   - {precision: '4'}
# - name: e_DE_ICRS
#   unit: mas
#   datatype: float64
#   format: '{:7.4f}'
#   description: Standard error of declination (dec_error)
#   meta: !!omap
#   - {ucd: ERROR}
#   - {width: 7}
#   - {precision: '4'}
# - name: _r_1
#   unit: ''
#   datatype: float64
#   format: '{:7.4f}'
#   description: Distance from center (158.88041305000-57.60440435000)[ICRS], at Epoch=J2016.0
#   meta: !!omap
#   - {ucd: POS_ANG_DIST_GENERAL}
#   - {width: 7}
#   - {precision: '4'}
# - name: HIP
#   datatype: int32
#   description: '? HIP cross-id number, van Leeuwen, Cat. I/311 (hip_original_ext_source_id)'
#   meta: !!omap
#   - {ucd: ID_NUMBER}
#   - {width: 6}
#   - values: {'null': -2147483648}
# - name: TYC2
#   datatype: string
#   description: Tycho-2 cross-id name, Hog et al., Cat. I/259 (tyc2_original_ext_source_id)
#   meta: !!omap
#   - {ucd: ID_CROSSID}
#   - {_votable_string_dtype: char}
# - name: Source
#   datatype: int64
#   description: Source identifier, identical to the Gaia-EDR3 source_id (id)
#   meta: !!omap
#   - {ucd: ID_MAIN}
#   - {width: 19}
# - name: rgeo
#   unit: pc
#   datatype: float64
#   format: '{:15.8f}'
#   description: '? Median of the geometric distance posterior (r_med_geo)'
#   meta: !!omap
#   - {ucd: PHYS_DISTANCE_TRUE}
#   - {width: 15}
#   - {precision: '8'}
#   - values: {'null': .nan}
# - name: Plx
#   unit: mas
#   datatype: float64
#   format: '{:9.4f}'
#   description: '? Parallax (parallax)'
#   meta: !!omap
#   - {ucd: POS_PARLX_TRIG}
#   - {width: 9}
#   - {precision: '4'}
#   - values: {'null': .nan}
# - name: e_Plx
#   unit: mas
#   datatype: float32
#   format: '{:7.4f}'
#   description: '? Standard error of parallax (parallax_error)'
#   meta: !!omap
#   - {ucd: ERROR}
#   - {width: 7}
#   - {precision: '4'}
#   - values: {'null': .nan}
# - name: pmRA
#   unit: mas / yr
#   datatype: float64
#   format: '{:9.3f}'
#   description: '? Proper motion in right ascension direction, pmRA*cosDE (pmra)'
#   meta: !!omap
#   - {ucd: POS_EQ_PMRA}
#   - {width: 9}
#   - {precision: '3'}
#   - values: {'null': .nan}
# - name: pmDE
#   unit: mas / yr
#   datatype: float64
#   format: '{:9.3f}'
#   description: '? Proper motion in declination direction (pmdec)'
#   meta: !!omap
#   - {ucd: POS_EQ_PMDEC}
#   - {width: 9}
#   - {precision: '3'}
#   - values: {'null': .nan}
# - name: e_pmRA
#   unit: mas / yr
#   datatype: float32
#   format: '{:6.3f}'
#   description: '? Standard error of proper motion in right ascension direction (pmra_error)'
#   meta: !!omap
#   - {ucd: ERROR}
#   - {width: 6}
#   - {precision: '3'}
#   - values: {'null': .nan}
# - name: e_pmDE
[...]
#       distance: !astropy.table.SerializedColumn
#         __class__: astropy.coordinates.distances.Distance
#         unit: !astropy.units.Unit {unit: pc}
#         value: !astropy.table.SerializedColumn {name: SkyCoord.distance}
#       frame: icrs
#       obstime: !astropy.time.Time {format: jyear_str, in_subfmt: '*', jd1: 367701545.0, jd2: 0.0, out_subfmt: '*', precision: 3, scale: tt}
#       pm_dec: !astropy.table.SerializedColumn
#         __class__: astropy.units.quantity.Quantity
#         unit: !astropy.units.Unit {unit: mas / yr}
#         value: !astropy.table.SerializedColumn {name: SkyCoord.pm_dec}
#       pm_ra_cosdec: !astropy.table.SerializedColumn
#         __class__: astropy.units.quantity.Quantity
#         unit: !astropy.units.Unit {unit: mas / yr}
#         value: !astropy.table.SerializedColumn {name: SkyCoord.pm_ra_cosdec}
#       ra: !astropy.table.SerializedColumn
#         __class__: astropy.coordinates.angles.Longitude
#         unit: *id001
#         value: !astropy.table.SerializedColumn {name: SkyCoord.ra}
#         wrap_angle: !astropy.coordinates.Angle
#           unit: *id001
#           value: 360.0
#       representation_type: spherical
# schema: astropy-2.0
RA_ICRS_1 DE_ICRS_1 e_RA_ICRS e_DE_ICRS _r_1 HIP TYC2 Source rgeo Plx e_Plx pmRA pmDE e_pmRA e_pmDE RUWE Teff logg Gmag BP-RP BPmag RPmag RV e_RV b_rgeo B_rgeo FG e_FG FBP e_FBP FRP e_FRP RAVE5 RAVE6 e_Gmag e_BPmag e_RPmag e_BP-RP SkyCoord.ra SkyCoord.dec SkyCoord.distance SkyCoord.pm_ra_cosdec SkyCoord.pm_dec rmRA rmDE e_rmRA e_rmDE rRV e_rRV v_pec v_pec3d e_vpec e_vpec3d Pmemb
[from data line 31]
159.02837626904 -57.63157648312 0.0171 0.0161 5.0264 "" "" 5351582925043186688 2184.84692 0.4166 0.0193 -7.219 3.645 0.024 0.019 0.951 "" "" 14.713129 0.518242 14.901951 14.383709 "" "" 2095.12085 2290.30078 24529.85673 8.677 14950.0 17.715 13985.0 15.531 "" "" 0.0027819581885224465 0.0030724974 0.0039670626 0.00703956 159.02837626904 -57.63157648312 2184.84692 -7.219 3.6449999999999996 0.02528319931030243 0.036900062561035174 0.120608166 0.11560816 "" "" 0.4632411600464759 "" 0.05430518987208744 "" 0.93
158.54389434166 -57.45726678178 0.0175 0.0158 13.9797 "" "" 5351577908520715776 2179.05469 0.4215 0.0197 -7.471 3.411 0.024 0.022 0.923 8563.0 4.1874 14.797771 0.540812 15.000039 14.459228 "" "" 2096.72168 2264.58423 22690.19045 7.5522 13658.0 15.782 13046.0 13.443 "" "" 0.0027789174543045633 0.0030592524 0.0039414954 0.007000748 158.54389434166 -57.45726678178 2179.05469 -7.470999999999999 3.411 -0.22671680068969735 -0.1970999374389648 0.120608166 0.11860816 "" "" 3.102897388487654 "" 0.37157612681505897 "" 0.84
158.60691121067 -57.36196353421 0.0163 0.0164 17.0121 "" "" 5351602132136770432 2433.89575 0.3715 0.0188 -7.288 3.437 0.024 0.022 0.944 "" "" 14.851489 0.717113 15.121343 14.40423 "" "" 2335.16943 2563.50708 21594.88937 5.4425 12215.0 10.396 13724.0 9.7118 "" "" 0.002768874420717488 0.0029392045 0.0038566885 0.006795893 158.60691121067 -57.36196353421 2433.89575 -7.287999999999994 3.4370000000000007 -0.04371680068969752 -0.171099937438965 0.120608166 0.11860816 "" "" 2.037335577366917 "" 0.24189630614420135 "" 0.87
158.60633947465 -57.62905341518 0.0213 0.0186 8.9306 "" "" 5351573957150408576 2807.04517 0.3268 0.0222 -7.287 3.418 0.031 0.023 1.022 9359.0 4.0833 15.062883 0.697044 15.327191 14.630147 "" "" 2623.23853 3019.28247 17774.33314 5.0849 10105.0 11.736 11145.0 11.043 "" "" 0.0027727724521630966 0.0030618815 0.003929513 0.006991395 158.60633947465 -57.62905341518 2807.04517 -7.287000000000002 3.418 -0.04271680068969719 -0.1900999374389647 0.12760817 0.119608164 "" "" 2.5924259129106013 "" 0.3111038009489151 "" 0.9
158.99070142837 -57.89102348361 0.0187 0.0178 17.556 "" "" 5351547328353040896 2085.32495 0.4439 0.0213 -7.196 3.601 0.025 0.022 1.011 6282.3 3.9726 15.131329 0.784714 15.440262 14.655548 "" "" 1997.66626 2217.28271 16688.42763 4.9212 9105.7 12.192 10888.0 12.232 "" "" 0.002773859742218329 0.0031461723 0.003971339 0.0071175117 158.99070142837 -57.89102348361 2085.32495 -7.196 3.601 0.048283199310303004 -0.007099937438964865 0.12160816 0.11860816 "" "" 0.4823846304385194 "" 0.05863164796918845 "" 0.87
158.91332160055 -57.61260948709 0.0215 0.0209 1.1667 "" "" 5351560522492951808 2301.59399 0.3952 0.0247 -7.452 3.507 0.031 0.024 1.065 7692.1 3.9924 15.144657 0.777659 15.427731 14.650071 "" "" 2149.22461 2503.33081 16484.80521 6.97 9211.4 20.516 10943.0 51.75 "" "" 0.0027933007652480267 0.003692251 0.006375487 0.010067738 158.91332160055 -57.61260948709 2301.59399 -7.452000000000001 3.5070000000000006 -0.20771680068969722 -0.10109993743896473 0.12760817 0.120608166 "" "" 2.520260020421638 "" 0.3183026210251202 "" 0.82
158.67119153132 -57.62752351431 0.0232 0.0196 6.865 "" "" 5351571448889567104 2285.89526 0.398 0.0237 -7.308 3.595 0.034 0.025 1.06 7653.4 4.2064 15.181962 0.649148 15.426176 14.777028 "" "" 2179.46851 2424.7666 15928.02623 5.2827 9224.6 11.399 9735.2 12.194 "" "" 0.0027787512548564154 0.0030959826 0.0040166173 0.0071126 158.67119153132 -57.62752351431 2285.89526 -7.307999999999998 3.595000000000004 -0.0637168006896971 -0.013099937438964648 0.13060817 0.12160816 "" "" 0.7048208025303845 "" 0.09180662381827384 "" 0.97
158.74769999115 -57.36590237618 0.0193 0.0196 14.9365 "" "" 5351602475734896256 2612.60547 0.3471 0.0223 -7.235 3.479 0.03 0.025 0.96 9610.8 4.0621 15.222787 0.729592 15.495366 14.765774 "" "" 2467.95923 2771.68091 15340.23698 3.9975 8655.1 9.577 9836.7 14.659 "" "" 0.0027698085505858737 0.0030378234 0.004111163 0.007148986 158.74769999115 -57.36590237618 2612.60547 -7.235000000000007 3.479 0.009283199310302415 -0.12909993743896475 0.12660816 0.12160816 "" "" 1.6028692601342283 "" 0.19496405118391208 "" 0.85
158.42902067393 -57.63300279742 0.0217 0.0197 14.6057 "" "" 5351569249866580096 1981.90344 0.4638 0.0237 -7.286 3.745 0.036 0.029 1.011 6872.7 4.3106 15.257697 0.751929 15.547355 14.795425 "" "" 1901.34131 2069.18628 14854.83405 4.2637 8250.4 9.2628 9571.7 11.105 "" "" 0.0027728873761197616 0.0030448195 0.003983776 0.0070285955 158.42902067393 -57.63300279742 1981.90344 -7.285999999999999 3.745000000000002 -0.041716800689696854 0.13690006256103526 0.13260816 0.12560816 "" "" 1.3444546295205557 "" 0.16969440656783646 "" 0.92
159.03082506339 -57.58815571841 0.0215 0.0206 4.9335 "" "" 5351583852756173184 2519.68188 0.366 0.0243 -7.246 3.684 0.03 0.024 1.022 9040.1 3.9865 15.263499 0.798346 15.575416 14.77707 "" "" 2370.2478 2669.5 14775.66469 4.2218 8039.9 11.676 9734.9 14.174 "" "" 0.0027727293632886607 0.0032048782 0.0040966757 0.007301554 159.03082506339 -57.58815571841 2519.68188 -7.2459999999999996 3.6840000000000037 -0.0017168006896977062 0.07590006256103532 0.12660816 0.120608166 "" "" 0.9067284839306426 "" 0.10936171057191818 "" 0.94
158.29370800305 -57.58391885517 0.0229 0.0205 18.9053 "" "" 5351616494509441280 2482.05127 0.3677 0.0248 -7.288 3.452 0.038 0.03 1.0 "" "" 15.357826 1.296757 15.913138 14.616382 "" "" 2327.75513 2712.9314 13546.16411 4.3067 5890.6 10.176 11288.0 13.638 "" "" 0.002776858380398816 0.0033619858 0.0040005585 0.0073625445 158.29370800305 -57.58391885517 2482.05127 -7.287999999999998 3.4520000000000004 -0.04371680068969752 -0.1560999374389649 0.13460816 0.12660816 "" "" 1.9071643895106822 "" 0.24260456326858218 "" 0.92
158.56592025137 -57.7305419856 0.027 0.0236 12.6146 "" "" 5351567738038154880 2569.99658 0.3541 0.0269 -7.375 3.506 0.041 0.032 1.047 9250.6 3.7868 15.483863 0.949511 15.864127 14.914617 "" "" 2391.20605 2752.1543 12061.50705 3.6626 6162.6 13.265 8576.5 10.832 "" "" 0.0027749753386793756 0.0036396207 0.004020461 0.0076600816 158.56592025137 -57.7305419856 2569.99658 -7.375000000000002 3.5059999999999976 -0.13071680068969727 -0.10209993743896506 0.13760817 0.12860817 "" "" 2.0205345420348757 "" 0.27129505482973243 "" 0.91
159.03024133119 -57.59967232678 0.0242 0.0232 4.825 "" "" 5351583818396421248 2177.13916 0.4315 0.0278 -7.349 3.747 0.034 0.028 1.015 7183.7 3.6914 15.539664 0.958538 15.92194 14.963402 "" "" 2047.57605 2320.59351 11457.26697 3.4767 5843.1 10.976 8199.7 11.545 "" "" 0.00277494814392589 0.003456101 0.004076841 0.007532942 159.03024133119 -57.59967232678 2177.13916 -7.349000000000005 3.7469999999999963 -0.10471680068969746 0.13890006256103504 0.13060817 0.12460816 "" "" 1.795108229715337 "" 0.22764723611243318 "" 0.83
158.91697615148 -57.65770530821 0.0251 0.024 3.4069 "" "" 5351559938377346304 2552.34961 0.3528 0.0285 -7.25 3.424 0.037 0.029 0.998 9227.7 3.949 15.570297 0.866254 15.911596 15.045342 "" "" 2358.4458 2787.65283 11138.52789 3.5615 5899.0 9.429 7603.6 9.7033 "" "" 0.0027771044903739254 0.0032858525 0.0040253564 0.007311209 158.91697615148 -57.65770530821 2552.34961 -7.250000000000003 3.4240000000000017 -0.005716800689697266 -0.1840999374389649 0.13360816 0.12560816 "" "" 2.228339877399384 "" 0.27991539382925984 "" 0.9
158.84126371563 -57.7937221214 0.0248 0.0241 11.4282 "" "" 5351557567555118592 2123.70581 0.431 0.029 -7.159 3.67 0.033 0.028 1.052 6017.4 4.1492 15.575175 0.828855 15.908155 15.0793 "" "" 2016.94458 2252.68311 11088.59638 3.5104 5917.7 11.859 7369.5 12.974 "" "" 0.002776676536340287 0.003538243 0.0042352476 0.0077734906 158.84126371563 -57.7937221214 2123.70581 -7.159 3.6700000000000004 0.08528319931030293 0.061900062561035085 0.12960815 0.12460816 "" "" 1.060788701543533 "" 0.13568022329353827 "" 0.93
158.44356634029 -57.53924919703 0.0262 0.0239 14.5888 "" "" 5351575778216878848 2429.35229 0.3756 0.0286 -7.262 3.565 0.04 0.035 0.926 6671.7 4.3671 15.728514 0.793174 16.04097 15.247796 "" "" 2277.31665 2650.06177 9628.11881 3.2876 5236.3 10.663 6310.1 12.237 "" "" 0.0027801497670265378 0.0035599654 0.004326317 0.007886282 158.44356634029 -57.53924919703 2429.35229 -7.2620000000000005 3.564999999999995 -0.017716800689696832 -0.0430999374389649 0.13660815 0.13160816 "" "" 0.5365963572211456 "" 0.07101454566632648 "" 0.83
158.96326850263 -57.89919811353 0.0244 0.0236 17.8854 "" "" 5351550180211290496 2520.89087 0.3563 0.0276 -7.425 3.51 0.031 0.028 0.995 "" "" 15.751112 1.225442 16.262344 15.036902 "" "" 2382.5874 2663.90283 9429.7891 3.1032 4270.5 13.154 7663.0 17.63 "" "" 0.0027783902088744355 0.0043553757 0.004530266 0.008885642 158.96326850263 -57.89919811353 2520.89087 -7.425 3.5099999999999993 -0.1807168006896971 -0.09809993743896506 0.12760817 0.12460816 "" "" 2.4570328816922165 "" 0.311875075143942 "" 0.81
158.44016882604 -57.54037789692 0.0275 0.0254 14.6761 "" "" 5351575778216877568 2380.02393 0.3965 0.0302 -7.163 3.618 0.042 0.036 0.982 6412.4 4.1356 15.804081 0.81818 16.128155 15.309975 "" "" 2212.51343 2507.46924 8980.78758 3.2433 4832.3 11.158 5958.9 10.087 "" "" 0.002783079574996481 0.0037510223 0.004202568 0.00795359 158.44016882604 -57.54037789692 2380.02393 -7.163000000000002 3.618000000000002 0.08128319931030248 0.009900062561035039 0.13860816 0.13260816 "" "" 0.9237577098290357 "" 0.12796106402526722 "" 0.8
159.19146321823 -57.48604034579 0.0269 0.0276 12.2776 "" "" 5351585570743270528 2027.84802 0.4633 0.0316 -7.225 3.619 0.036 0.032 0.977 6429.5 4.3773 15.842638 0.909714 16.207363 15.297649 "" "" 1912.77698 2160.73022 8667.45332 3.1471 4492.3 10.461 6027.0 9.6266 "" "" 0.0027833796282171457 0.0037652827 0.0041582608 0.007923543 159.19146321823 -57.48604034579 2027.84802 -7.225 3.6189999999999993 0.01928319931030309 0.010900062561035373 0.13260816 0.12860817 "" "" 0.21291243936911763 "" 0.028030075165821084 "" 0.89
159.03126567546 -57.7023837677 0.0269 0.0259 7.6166 "" "" 5351559216822853120 2353.2395 0.3906 0.0317 -7.277 3.656 0.036 0.029 0.991 7941.4 4.1211 15.84712 0.950849 16.230568 15.279719 "" "" 2190.01611 2527.40112 8631.74515 3.9122 4397.3 16.36 6127.3 11.063 "" "" 0.002798918434126252 0.0049093943 0.0042575346 0.009166929 159.03126567546 -57.7023837677 2353.2395 -7.277000000000002 3.6559999999999997 -0.0327168006896974 0.047900062561035295 0.13260816 0.12560816 "" "" 0.6470300100037952 "" 0.08273994583464432 "" 0.95
159.38552889195 -57.50520796261 0.0274 0.0303 17.3145 "" "" 5351587804126344064 2305.99829 0.3941 0.0349 -7.3 3.564 0.035 0.036 1.047 6059.4 4.2593 15.856955 0.980652 16.255594 15.274942 "" "" 2160.64819 2500.20605 8553.91448 4.6481 4297.1 9.6719 6154.3 10.757 "" "" 0.002817776048877 0.0037090522 0.004229083 0.007938135 159.38552889195 -57.50520796261 2305.99829 -7.3 3.5640000000000036 -0.05571680068969709 -0.04409993743896479 0.13160816 0.13260816 "" "" 0.7766890147529368 "" 0.10251846812875236 "" 0.8
158.77231858315 -57.38584869714 0.0263 0.026 13.5686 "" "" 5351602372655688832 2400.55615 0.3875 0.0302 -7.33 3.372 0.041 0.033 0.983 10278.9 4.4653 15.897375 1.073742 16.336418 15.262676 "" "" 2217.71533 2622.90942 8241.31559 2.8706 3988.9 8.3305 6224.3 8.6359 "" "" 0.0027811527747982397 0.003595342 0.0040685353 0.007663877 158.77231858315 -57.38584869714 2400.55615 -7.330000000000002 3.3719999999999963 -0.08571680068969734 -0.23609993743896496 0.13760817 0.12960815 "" "" 2.8580667562672213 "" 0.37316359300591023 "" 0.85
158.81624220471 -57.33587566743 0.0272 0.0261 16.2442 "" "" 5351602952457944192 2122.03467 0.4467 0.0309 -7.143 3.52 0.038 0.034 0.928 6041.5 4.3906 15.968849 0.913115 16.336426 15.42331 "" "" 1964.09668 2281.20166 7716.26398 2.7719 3988.8 10.859 5368.3 10.47 "" "" 0.002782788266666322 0.004064686 0.004332177 0.008396863 158.81624220471 -57.33587566743 2122.03467 -7.143000000000001 3.5199999999999996 0.10128319931030294 -0.08809993743896483 0.13460816 0.13060817 "" "" 1.350227129001743 "" 0.17944522829365736 "" 0.82
158.38065271773 -57.61176073017 0.0304 0.0271 16.0696 "" "" 5351616150912086400 2363.70557 0.4057 0.0324 -7.116 3.677 0.048 0.04 1.004 6404.5 4.3057 16.014425 0.869857 16.36098 15.491122 "" "" 2190.64893 2587.32056 7399.0603 3.2203 3899.6 11.416 5043.2 9.0316 "" "" 0.002795548084079093 0.004229388 0.00425022 0.008479608 158.38065271773 -57.61176073017 2363.70557 -7.115999999999998 3.6770000000000036 0.12828319931030308 0.0689000625610352 0.14460817 0.13660815 "" "" 1.6314679547763173 "" 0.23306500561521787 "" 0.88
159.03135328558 -57.53866698132 0.0295 0.0296 6.2564 "" "" 5351584436871776256 2399.30298 0.3877 0.0341 -7.215 3.677 0.04 0.035 1.016 7173.8 4.3952 16.033737 0.960666 16.421974 15.461308 "" "" 2220.62354 2581.09888 7268.62199 2.6926 3686.6 12.771 5183.6 8.8685 "" "" 0.002784520734260968 0.004683104 0.0042112065 0.00889431 159.03135328558 -57.53866698132 2399.30298 -7.214999999999997 3.6769999999999925 0.029283199310302876 0.0689000625610352 0.13660815 0.13160816 "" "" 0.8514135653828362 "" 0.11271470744281017 "" 0.94
159.0477527108 -57.58949149629 0.0312 0.0321 5.4542 "" "" 5351583474799057408 2315.48657 0.4087 0.0368 -7.182 3.614 0.045 0.039 0.99 8356.5 3.6886 16.07749 1.110404 16.540981 15.430577 "" "" 2136.70068 2506.90039 6981.52943 2.8289 3303.9 13.053 5332.5 10.537 "" "" 0.0027902212661276133 0.005117123 0.0043458617 0.009462984 159.0477527108 -57.58949149629 2315.48657 -7.182000000000004 3.6140000000000008 0.06228319931030235 0.0059000625610350355 0.14160816 0.13560817 "" "" 0.6866437058027999 "" 0.09719848237845835 "" 0.92
158.95070972591 -57.72376436197 0.0306 0.0298 7.5085 "" "" 5351559491700678912 2246.05933 0.4144 0.0366 -7.242 3.59 0.041 0.035 1.001 6888.3 4.4094 16.098364 0.93671 16.484257 15.547546 "" "" 2096.87793 2449.80127 6848.59418 2.8088 3481.1 10.576 4787.8 9.0085 "" "" 0.002791070270400782 0.0043203924 0.0042961664 0.008616559 158.95070972591 -57.72376436197 2246.05933 -7.242 3.59 0.0022831993103027415 -0.018099937438964986 0.13760817 0.13160816 "" "" 0.19422483133726015 "" 0.025580234618324205 "" 0.82
158.76643318498 -57.64703174955 0.0335 0.0297 4.4666 "" "" 5351570452457199872 2070.62573 0.4646 0.0362 -7.424 3.464 0.05 0.038 1.018 6062.1 4.5735 16.100603 0.869091 16.443216 15.574125 "" "" 1937.1416 2217.77246 6834.48148 2.9344 3615.2 9.997 4672.1 9.9035 "" "" 0.0027944762689274664 0.004098679 0.0044249725 0.008523651 158.76643318498 -57.64703174955 2070.62573 -7.423999999999998 3.4639999999999977 -0.17971680068969764 -0.14409993743896488 0.14660816 0.13460816 "" "" 2.260869641547804 "" 0.321118253570373 "" 0.91
158.7436202917 -57.69354813919 0.032 0.0297 6.9207 "" "" 5351570280658406912 2418.74805 0.396 0.0355 -7.339 3.447 0.048 0.038 0.953 6313.3 4.3839 16.131853 0.900939 16.495338 15.594399 "" "" 2214.13843 2631.4895 6640.56975 2.7531 3445.7 13.752 4585.6 9.1002 "" "" 0.002791846912580302 0.005153835 0.004350436 0.009504271 158.7436202917 -57.69354813919 2418.74805 -7.339 3.446999999999999 -0.09471680068969768 -0.16109993743896478 0.14460817 0.13460816 "" "" 2.142564166970196 "" 0.29405941419680665 "" 0.95
