Clusters/UBC_258/UBC_258_stars_in_region.tsv
# %ECSV 1.0
# ---
# datatype:
# - name: RA_ICRS_1
#   unit: deg
#   datatype: float64
#   format: '{:15.11f}'
#   description: Right ascension (ICRS) at Ep=2016.0 (ra)
#   meta: !!omap
#   - {ucd: POS_EQ_RA_MAIN}
#   - {width: 15}
#   - {precision: '11'}
# - name: DE_ICRS_1
#   unit: deg
#   datatype: float64
#   format: '{:15.11f}'
#   description: Declination (ICRS) at Ep=2016.0 (dec)
#   meta: !!omap
#   - {ucd: POS_EQ_DEC_MAIN}
#   - {width: 15}
#   - {precision: '11'}
# - name: e_RA_ICRS
#   unit: mas
#   datatype: float64
#   format: '{:7.4f}'
#   description: Standard error of right ascension (ra_error)
#   meta: !!omap
#   - {ucd: ERROR}
#   - {width: 7}
#   - {precision: '4'}
# - name: e_DE_ICRS
#   unit: mas
#   datatype: float64
#   format: '{:7.4f}'
#   description: Standard error of declination (dec_error)
#   meta: !!omap
#   - {ucd: ERROR}
#   - {width: 7}
#   - {precision: '4'}
# - name: _r_1
#   unit: ''
#   datatype: float64
#   format: '{:7.4f}'
#   description: Distance from center (158.88041305000-57.60440435000)[ICRS], at Epoch=J2016.0
#   meta: !!omap
#   - {ucd: POS_ANG_DIST_GENERAL}
#   - {width: 7}
#   - {precision: '4'}
# - name: HIP
#   datatype: int32
#   description: '? HIP cross-id number, van Leeuwen, Cat. I/311 (hip_original_ext_source_id)'
#   meta: !!omap
#   - {ucd: ID_NUMBER}
#   - {width: 6}
#   - values: {'null': -2147483648}
# - name: TYC2
#   datatype: string
#   description: Tycho-2 cross-id name, Hog et al., Cat. I/259 (tyc2_original_ext_source_id)
#   meta: !!omap
#   - {ucd: ID_CROSSID}
#   - {_votable_string_dtype: char}
# - name: Source
#   datatype: int64
#   description: Source identifier, identical to the Gaia-EDR3 source_id (id)
#   meta: !!omap
#   - {ucd: ID_MAIN}
#   - {width: 19}
# - name: rgeo
#   unit: pc
#   datatype: float64
#   format: '{:15.8f}'
#   description: '? Median of the geometric distance posterior (r_med_geo)'
#   meta: !!omap
#   - {ucd: PHYS_DISTANCE_TRUE}
#   - {width: 15}
#   - {precision: '8'}
#   - values: {'null': .nan}
# - name: Plx
#   unit: mas
#   datatype: float64
#   format: '{:9.4f}'
#   description: '? Parallax (parallax)'
#   meta: !!omap
#   - {ucd: POS_PARLX_TRIG}
#   - {width: 9}
#   - {precision: '4'}
#   - values: {'null': .nan}
# - name: e_Plx
#   unit: mas
#   datatype: float32
#   format: '{:7.4f}'
#   description: '? Standard error of parallax (parallax_error)'
#   meta: !!omap
#   - {ucd: ERROR}
#   - {width: 7}
#   - {precision: '4'}
#   - values: {'null': .nan}
# - name: pmRA
#   unit: mas / yr
#   datatype: float64
#   format: '{:9.3f}'
#   description: '? Proper motion in right ascension direction, pmRA*cosDE (pmra)'
#   meta: !!omap
#   - {ucd: POS_EQ_PMRA}
#   - {width: 9}
#   - {precision: '3'}
#   - values: {'null': .nan}
# - name: pmDE
#   unit: mas / yr
#   datatype: float64
#   format: '{:9.3f}'
#   description: '? Proper motion in declination direction (pmdec)'
#   meta: !!omap
#   - {ucd: POS_EQ_PMDEC}
#   - {width: 9}
#   - {precision: '3'}
#   - values: {'null': .nan}
# - name: e_pmRA
#   unit: mas / yr
#   datatype: float32
#   format: '{:6.3f}'
#   description: '? Standard error of proper motion in right ascension direction (pmra_error)'
#   meta: !!omap
#   - {ucd: ERROR}
#   - {width: 6}
#   - {precision: '3'}
#   - values: {'null': .nan}
# - name: e_pmDE
[...]
#         value: !astropy.table.SerializedColumn {name: SkyCoord.dec}
#       distance: !astropy.table.SerializedColumn
#         __class__: astropy.coordinates.distances.Distance
#         unit: !astropy.units.Unit {unit: pc}
#         value: !astropy.table.SerializedColumn {name: SkyCoord.distance}
#       frame: icrs
#       obstime: !astropy.time.Time {format: jyear_str, in_subfmt: '*', jd1: 367701545.0, jd2: 0.0, out_subfmt: '*', precision: 3, scale: tt}
#       pm_dec: !astropy.table.SerializedColumn
#         __class__: astropy.units.quantity.Quantity
#         unit: !astropy.units.Unit {unit: mas / yr}
#         value: !astropy.table.SerializedColumn {name: SkyCoord.pm_dec}
#       pm_ra_cosdec: !astropy.table.SerializedColumn
#         __class__: astropy.units.quantity.Quantity
#         unit: !astropy.units.Unit {unit: mas / yr}
#         value: !astropy.table.SerializedColumn {name: SkyCoord.pm_ra_cosdec}
#       ra: !astropy.table.SerializedColumn
#         __class__: astropy.coordinates.angles.Longitude
#         unit: *id001
#         value: !astropy.table.SerializedColumn {name: SkyCoord.ra}
#         wrap_angle: !astropy.coordinates.Angle
#           unit: *id001
#           value: 360.0
#       representation_type: spherical
# schema: astropy-2.0
RA_ICRS_1 DE_ICRS_1 e_RA_ICRS e_DE_ICRS _r_1 HIP TYC2 Source rgeo Plx e_Plx pmRA pmDE e_pmRA e_pmDE RUWE Teff logg Gmag BP-RP BPmag RPmag RV e_RV b_rgeo B_rgeo FG e_FG FBP e_FBP FRP e_FRP RAVE5 RAVE6 e_Gmag e_BPmag e_RPmag e_BP-RP SkyCoord.ra SkyCoord.dec SkyCoord.distance SkyCoord.pm_ra_cosdec SkyCoord.pm_dec rmRA rmDE e_rmRA e_rmDE rRV e_rRV v_pec v_pec3d e_vpec e_vpec3d
[from data line 3159]
159.23231824133 -57.6346070701 0.0502 0.0494 11.4518 "" "" 5351580073185386880 2253.04419 0.4163 0.063 -6.005 -0.046 0.073 0.057 1.068 4702.4 4.3607 16.87768 1.24901 17.422913 16.173903 "" "" 1988.2677 2548.86279 3340.98683 2.1666 1466.4 10.094 2689.0 13.345 "" "" 0.002843858709603386 0.007977538 0.0065816063 0.014559144 159.23231824133 -57.6346070701 2253.04419 -6.004999999999996 -0.045999999999998285 1.2392831993103028 -3.6540999374389647 0.16960816 0.15360816 "" "" 41.20692032357764 "" 6.400873566178523 ""
158.8761571032 -57.90841898669 0.0513 0.0477 18.2414 "" "" 5351550008412525312 2177.72339 0.4248 0.056 -7.147 2.736 0.065 0.059 1.046 "" "" 16.878233 3.205496 18.781374 15.575878 "" "" 1989.7688 2477.76147 3339.28778 2.758 419.63 9.3287 4664.5 14.041 "" "" 0.0028975722851766975 0.024297489 0.004996527 0.029294016 158.8761571032 -57.90841898669 2177.72339 -7.146999999999998 2.735999999999998 0.09728319931030249 -0.8720999374389646 0.16160816 0.15560816 "" "" 9.058008311142212 "" 1.4101807095272272 ""
158.78044431401 -57.98124363409 0.0515 0.0521 22.8352 "" "" 5351548634022805760 2037.89111 0.4889 0.059 -6.484 -3.752 0.067 0.064 1.293 "" "" 16.878485 1.278451 17.057766 15.779315 "" "" 1818.60669 2294.50684 3338.50907 3.8238 2052.6 48.461 3867.5 120.5 "" "" 0.0030229508991333467 0.025785167 0.034038834 0.059824 158.78044431401 -57.98124363409 2037.89111 -6.484000000000004 -3.7520000000000024 0.7602831993103027 -7.360099937438965 0.16360816 0.16060817 "" "" 71.47395511802803 "" 11.481586040787013 ""
158.22026852358 -57.4119804131 0.0518 0.0464 24.2074 "" "" 5351627214747650176 2518.29077 0.3734 0.0549 -5.665 1.581 0.07 0.065 0.965 5415.2 4.685 16.878738 0.94516 17.273264 16.328104 "" "" 2237.34741 2851.10913 3337.73316 1.9706 1683.1 7.7295 2333.0 7.3437 "" "" 0.0028289035419354854 0.005713737 0.0050954777 0.010809215 158.22026852358 -57.4119804131 2518.29077 -5.664999999999998 1.5809999999999997 1.5792831993103027 -2.027099937438965 0.16660815 0.16160816 "" "" 30.673527919713525 "" 5.015572344312947 ""
158.64352586906 -57.854490642 0.0457 0.0423 16.815 "" "" 5351561622004014336 2000.70947 0.4727 0.049 -7.26 0.117 0.057 0.054 0.945 4868.1 4.4515 16.878958 1.10499 17.358753 16.253763 "" "" 1849.13513 2221.32617 3337.05808 1.8918 1555.7 10.601 2498.3 9.0609 "" "" 0.0028232327335506614 0.007907165 0.005458004 0.013365169 158.64352586906 -57.854490642 2000.70947 -7.26 0.11700000000000073 -0.015716800689697052 -3.491099937438965 0.15360816 0.15060817 "" "" 33.10770308713627 "" 4.986292510313431 ""
159.3123975161 -57.61189685611 0.0447 0.0413 13.8923 "" "" 5351580863459043328 2110.35913 0.4403 0.051 -7.681 3.456 0.057 0.049 0.946 5388.0 4.6553 16.879103 1.051275 17.331223 16.279947 "" "" 1920.23108 2393.2627 3336.61176 2.8102 1595.6 9.0648 2438.8 9.1014 "" "" 0.0029031004798301917 0.006769915 0.0055408883 0.012310803 159.3123975161 -57.61189685611 2110.35913 -7.681000000000001 3.456 -0.4367168006896973 -0.15209993743896488 0.15360816 0.14560816 "" "" 4.625890872072093 "" 0.7066647312460255 ""
158.67123642062 -57.93907961664 0.0435 0.0416 21.1666 "" "" 5351560728650692480 2199.79834 0.4306 0.049 -7.658 2.353 0.053 0.054 0.956 5192.4 4.6479 16.879135 0.993162 17.297544 16.304382 "" "" 2001.13745 2435.20386 3336.51198 2.0887 1645.9 8.6009 2384.5 7.3145 "" "" 0.0028379149261295237 0.006322632 0.0050374665 0.011360099 158.67123642062 -57.93907961664 2199.79834 -7.658 2.3530000000000006 -0.41371680068969763 -1.2550999374389646 0.14960817 0.15060817 "" "" 13.779635469207673 "" 2.073979195749319 ""
159.08366297897 -57.54632878799 0.051 0.0511 7.4093 "" "" 5351585124066561536 2109.43115 0.4644 0.0605 -7.629 3.7 0.068 0.063 1.07 5259.1 4.6638 16.881685 1.083969 17.348555 16.264585 "" "" 1893.36914 2377.29541 3328.68591 2.1471 1570.3 7.8779 2473.6 11.233 "" "" 0.00284293050334794 0.006119979 0.0062123677 0.012332346 159.08366297897 -57.54632878799 2109.43115 -7.629000000000007 3.700000000000002 -0.3847168006896968 0.09190006256103533 0.16460817 0.15960816 "" "" 3.954896679012403 "" 0.6499561819622551 ""
158.85983309968 -57.62375324128 0.0512 0.0439 1.3361 "" "" 5351572204803951104 2019.03162 0.5062 0.0533 -7.4 3.498 0.071 0.057 0.924 5083.1 4.6486 16.882044 0.992262 17.298191 16.30593 "" "" 1791.88037 2327.74585 3327.58592 2.3157 1644.9 8.1574 2381.1 8.8672 "" "" 0.0028570408362782766 0.00606438 0.005534599 0.011598979 158.85983309968 -57.62375324128 2019.03162 -7.4 3.498 -0.15571680068969762 -0.11009993743896462 0.16760817 0.15360816 "" "" 1.8251200261400524 "" 0.29763249096410976 ""
158.78264520295 -57.7729712434 0.0446 0.0415 10.5889 "" "" 5351569387305104768 2471.1145 0.3836 0.049 -4.886 3.467 0.061 0.051 1.046 5090.7 4.5764 16.883677 0.990866 17.29312 16.302254 "" "" 2271.53003 2830.86768 3322.58326 1.8474 1652.6 6.0591 2389.2 9.2429 "" "" 0.002820677793239843 0.0048612137 0.00565033 0.010511544 158.78264520295 -57.7729712434 2471.1145 -4.8859999999999975 3.466999999999997 2.3582831993103026 -0.14109993743896476 0.15760817 0.14760816 "" "" 27.67216437135475 "" 4.360403212986006 ""
158.98940816407 -57.37156767592 0.0476 0.0485 14.4056 "" "" 5351604636085078144 2031.39233 0.4928 0.0548 -2.701 1.359 0.07 0.058 1.006 4561.1 4.3816 16.883831 1.309275 17.461817 16.152542 "" "" 1764.55359 2377.46143 3322.11295 2.3348 1414.8 6.601 2742.5 8.8755 "" "" 0.002859029968883615 0.005783278 0.00516044 0.010943718 158.98940816407 -57.37156767592 2031.39233 -2.701 1.359 4.543283199310302 -2.249099937438965 0.16660815 0.15460816 "" "" 48.81324016496515 "" 8.020772301384511 ""
158.40103553613 -57.59940107388 0.0527 0.0475 15.4139 "" "" 5351569352945785216 2882.20923 0.306 0.0562 -6.932 4.192 0.084 0.075 1.016 9361.3 3.7459 16.88387 2.712129 18.407139 15.69501 "" "" 2454.17236 3463.99561 3321.99765 2.4317 592.33 7.0145 4179.8 7.2731 "" "" 0.0028676523307519246 0.013156782 0.0042252783 0.01738206 158.40103553613 -57.59940107388 2882.20923 -6.9319999999999995 4.192 0.31228319931030235 0.5839000625610353 0.18060815 0.17160816 "" "" 9.046256037901589 "" 1.5708846436318804 ""
158.9978160998 -57.65375316811 0.0483 0.0462 4.7949 "" "" 5351560178895567232 2226.84741 0.4389 0.0556 -4.732 5.622 0.06 0.05 0.983 5106.2 4.7052 16.883934 1.053915 17.322718 16.268803 "" "" 1982.82471 2532.47168 3321.7953 1.8685 1608.2 11.563 2464.0 6.8665 "" "" 0.002822192838888589 0.008290118 0.004841312 0.013131429 158.9978160998 -57.65375316811 2226.84741 -4.7319999999999975 5.622000000000002 2.5122831993103025 2.013900062561035 0.15660816 0.14660816 "" "" 33.9862225809318 "" 5.192212853518775 ""
159.02472684488 -57.70405234426 0.0454 0.0436 7.5637 "" "" 5351559216822846848 1997.31323 0.4834 0.0538 -8.562 11.274 0.061 0.049 1.014 5319.2 4.7268 16.884089 0.998472 17.303596 16.305124 "" "" 1838.25342 2259.42285 3321.32197 2.014 1636.7 8.7061 2382.9 5.7505 "" "" 0.0028328864951307035 0.0064140325 0.004598788 0.0110128205 159.02472684488 -57.70405234426 1997.31323 -8.561999999999998 11.273999999999997 -1.3177168006896967 7.665900062561034 0.15760817 0.14560816 "" "" 73.63949922231197 "" 10.748885215812683 ""
159.0573407975 -57.48099191438 0.0519 0.0496 9.3428 "" "" 5351586116185926016 2190.36182 0.4585 0.0596 -9.524 4.764 0.074 0.06 0.971 4908.8 4.5917 16.885263 1.076082 17.340548 16.264465 "" "" 1894.91431 2620.87158 3317.7326 2.2075 1582.0 13.111 2473.8 12.189 "" "" 0.0028484496400975534 0.009420823 0.006550023 0.015970847 159.0573407975 -57.48099191438 2190.36182 -9.523999999999997 4.764 -2.2797168006896964 1.1559000625610354 0.17060816 0.15660816 "" "" 26.53735490462417 "" 4.454030863279245 ""
159.02889669285 -57.45317549893 0.0482 0.0518 10.2572 "" "" 5351586773334067584 2480.48486 0.3818 0.0583 -6.08 3.703 0.068 0.062 1.03 "" "" 16.885881 1.919283 17.828556 15.909273 "" "" 2184.23584 2864.05469 3315.84698 2.5465 1009.2 8.79 3431.2 8.0617 "" "" 0.0028787234950477976 0.00985965 0.0045597325 0.014419382 159.02889669285 -57.45317549893 2480.48486 -6.080000000000001 3.7029999999999985 1.1642831993103027 0.094900062561035 0.16460817 0.15860817 "" "" 13.734455978609677 "" 2.2602695744487407 ""
158.7851027416 -57.97947466996 0.0409 0.0422 22.7097 "" "" 5351548634022813056 2273.94678 0.4318 0.0473 -9.169 2.532 0.052 0.052 1.034 5127.3 4.6167 16.886477 1.005436 17.317926 16.31249 "" "" 2014.06567 2670.68677 3314.0274 1.8761 1615.3 8.1688 2366.8 9.6052 "" "" 0.0028230440321180272 0.0061589824 0.0058050635 0.011964045 158.7851027416 -57.97947466996 2273.94678 -9.168999999999992 2.5319999999999965 -1.9247168006896977 -1.0760999374389648 0.14860816 0.14860816 "" "" 23.767833630717597 "" 3.532094094330434 ""
158.48508825818 -57.55235999342 0.0508 0.0443 13.0948 "" "" 5351575743857160960 2228.45532 0.4192 0.0524 -7.225 3.594 0.077 0.066 0.917 5259.7 4.6758 16.886852 1.0919 17.347448 16.255548 "" "" 2022.51233 2477.01245 3312.88349 3.8457 1571.9 10.566 2494.2 13.348 "" "" 0.003029899153792459 0.00781328 0.0069314484 0.014744729 158.48508825818 -57.55235999342 2228.45532 -7.224999999999999 3.5939999999999994 0.01928319931030309 -0.014099937438964982 0.17360815 0.16260816 "" "" 0.25232901236125527 "" 0.04285978706346984 ""
159.31571166029 -57.33737110767 0.0461 0.0458 21.306 "" "" 5351594126318329216 2423.44482 0.4031 0.0538 -7.607 1.853 0.065 0.056 0.981 5345.4 4.6946 16.889118 1.173323 17.361858 16.188536 "" "" 2135.36719 2696.83057 3305.97468 1.896 1551.2 11.281 2653.0 7.4413 "" "" 0.0028248038153865164 0.008374426 0.0048536407 0.013228066 159.31571166029 -57.33737110767 2423.44482 -7.607000000000006 1.8530000000000015 -0.36271680068969747 -1.7550999374389649 0.16160816 0.15260816 "" "" 20.587098373477552 "" 3.1495625951281934 ""
159.38237374392 -57.76095175359 0.0488 0.0435 18.6405 "" "" 5350827663642711424 2661.20874 0.3716 0.0565 -7.09 2.609 0.057 0.047 1.011 7642.3 4.2264 16.889172 1.365612 17.4931 16.127487 "" "" 2284.96118 3145.85791 3305.81324 1.9413 1374.6 10.973 2806.5 9.1109 "" "" 0.0028281274897765103 0.009105136 0.0051678955 0.014273031 159.38237374392 -57.76095175359 2661.20874 -7.090000000000001 2.6089999999999987 0.15428319931030288 -0.9990999374389649 0.15360816 0.14360815 "" "" 12.7521548739484 "" 1.8343843233801342 ""
158.97328459727 -57.52958331103 0.0471 0.0464 5.393 "" "" 5351584608670450304 2003.14478 0.4691 0.0524 -9.341 1.998 0.063 0.059 1.057 5343.0 4.698 16.889301 1.156603 17.35309 16.196487 "" "" 1832.9541 2190.56323 3305.41954 2.5739 1563.8 9.6654 2633.7 10.246 "" "" 0.0028821137768176718 0.0072675664 0.005667888 0.012935454 158.97328459727 -57.52958331103 2003.14478 -9.340999999999998 1.9979999999999998 -2.0967168006896966 -1.6100999374389648 0.15960816 0.15560816 "" "" 25.100774032444534 "" 3.969340319622521 ""
159.0991004339 -57.24541149995 0.0544 0.0466 22.6685 "" "" 5351606938187696896 2498.90649 0.3986 0.0595 -10.496 4.865 0.077 0.057 1.051 "" "" 16.889482 1.480778 17.564226 16.083448 "" "" 2124.64453 2967.13281 3304.86656 2.0608 1287.4 8.1044 2922.7 8.211 "" "" 0.00283727959263986 0.0073824655 0.004856725 0.012239191 159.0991004339 -57.24541149995 2498.90649 -10.496000000000002 4.865 -3.2517168006896977 1.2569000625610354 0.17360815 0.15360816 "" "" 41.29317846642675 "" 7.066940039914411 ""
159.25103849448 -57.77881642971 0.0435 0.0403 15.8358 "" "" 5351554750056899328 2493.27612 0.3806 0.0512 -6.047 2.374 0.059 0.048 1.04 5283.4 4.6299 16.889751 1.091236 17.352228 16.260992 "" "" 2193.14453 2889.9519 3304.0455 2.7877 1565.0 8.5794 2481.8 8.6426 "" "" 0.002903611004730592 0.006573584 0.005345968 0.011919552 159.25103849448 -57.77881642971 2493.27612 -6.047000000000003 2.3740000000000014 1.197283199310303 -1.2340999374389647 0.15560816 0.14460817 "" "" 20.320617702146322 "" 3.0489539474456677 ""
159.04452221604 -57.68963647559 0.0497 0.0465 7.3428 "" "" 5351559045006479488 2478.98975 0.4088 0.057 -9.062 3.159 0.066 0.052 1.046 5047.2 4.6542 16.88998 1.23728 17.41473 16.17745 "" "" 2211.36816 2899.15625 3303.35196 2.3185 1477.5 7.0192 2680.3 9.784 "" "" 0.002858756926305735 0.005864332 0.00547645 0.011340782 159.04452221604 -57.68963647559 2478.98975 -9.062000000000001 3.1590000000000007 -1.8177168006896967 -0.44909993743896504 0.16260816 0.14860816 "" "" 22.001167099066052 "" 3.560571351281505 ""
158.69938555691 -57.84949768196 0.0486 0.0447 15.8079 "" "" 5351562854642462208 2196.02979 0.4367 0.051 -1.862 1.243 0.062 0.057 1.081 5116.2 4.6244 16.89096 1.12035 17.381598 16.261248 "" "" 1981.08801 2429.78052 3300.37071 2.0978 1523.3 7.8701 2481.2 10.959 "" "" 0.0028404325889424746 0.006265046 0.006105776 0.012370822 158.69938555691 -57.84949768196 2196.02979 -1.862 1.243 5.382283199310303 -2.3650999374389645 0.15860817 0.15360816 "" "" 61.195602109358404 "" 9.657259668089951 ""
158.80384917463 -57.200165654 0.05 0.0446 24.3803 "" "" 5351609897437707136 2747.12256 0.3297 0.0546 -7.047 3.15 0.074 0.058 0.991 6068.6 4.4771 16.892076 1.322849 17.46619 16.143341 "" "" 2452.92798 3298.33521 3296.9806 1.8782 1409.1 8.9765 2765.8 7.6891 "" "" 0.0028238890448532565 0.0074581304 0.004836792 0.012294922 158.80384917463 -57.200165654 2747.12256 -7.0470000000000015 3.1500000000000004 0.19728319931030303 -0.45809993743896493 0.17060816 0.15460816 "" "" 6.494725550960855 "" 1.0210930787970391 ""
159.35415786676 -57.41423866433 0.0444 0.0464 19.0609 "" "" 5351590381092488192 1937.52368 0.5033 0.0524 -8.192 4.866 0.062 0.056 1.004 4678.4 4.3822 16.893448 1.212496 17.426075 16.21358 "" "" 1773.81616 2150.55103 3292.81478 1.8952 1462.1 7.0662 2592.5 7.9662 "" "" 0.0028252950634134444 0.005942967 0.0050412496 0.010984216 159.35415786676 -57.41423866433 1937.52368 -8.192000000000005 4.866000000000001 -0.9477168006896974 1.2579000625610348 0.15860817 0.15260816 "" "" 14.464159407926754 "" 2.2391615850578797 ""
158.32541570089 -57.84172775125 0.0478 0.0461 22.781 "" "" 5351472183614611840 2001.52014 0.4797 0.0509 -5.608 4.507 0.063 0.062 1.002 5755.4 4.5738 16.894583 1.429833 17.534174 16.104342 "" "" 1819.51404 2181.72119 3289.37897 2.0765 1323.6 9.8647 2867.0 9.7931 "" "" 0.002839288419688883 0.00855945 0.00529508 0.01385453 158.32541570089 -57.84172775125 2001.52014 -5.607999999999998 4.506999999999997 1.636283199310303 0.8989000625610348 0.15960816 0.15860817 "" "" 17.71199018120478 "" 2.8228819068394952 ""
159.20416281443 -57.49690631178 0.0469 0.0469 12.2568 "" "" 5351585502023787392 2400.35205 0.4008 0.0542 -6.824 2.445 0.063 0.055 0.971 "" "" 16.894941 1.599785 17.639366 16.039581 "" "" 2124.75537 2670.03003 3288.28801 2.1291 1201.4 9.7471 3043.2 10.356 "" "" 0.0028435870839955417 0.00924004 0.005285353 0.014525393 159.20416281443 -57.49690631178 2400.35205 -6.824000000000001 2.444999999999997 0.4202831993103029 -1.163099937438965 0.15960816 0.15160817 "" "" 14.070820595969169 "" 2.1465533892721718 ""
159.29989451944 -57.80498797368 0.0447 0.0427 18.0463 "" "" 5350804054178742016 2392.11743 0.396 0.0535 -8.765 3.408 0.059 0.049 0.986 "" "" 16.895107 1.4153 17.542158 16.126858 "" "" 2142.18335 2744.17896 3287.78922 1.935 1313.9 7.0724 2808.1 10.087 "" "" 0.0028284467891121832 0.006476134 0.0054308716 0.011907006 159.29989451944 -57.80498797368 2392.11743 -8.764999999999997 3.407999999999998 -1.5207168006896978 -0.20009993743896493 0.15560816 0.14560816 "" "" 17.391485945508958 "" 2.703390843218735 ""
159.37637197918 -57.53410835874 0.043 0.0431 16.5063 "" "" 5351587288730231936 2345.04932 0.4075 0.0517 -4.844 2.26 0.055 0.05 0.953 "" "" 16.895493 1.462975 17.552288 16.089314 "" "" 2099.71558 2670.69214 3286.62017 1.9874 1301.7 8.9887 2906.9 6.9037 "" "" 0.0028324604097401344 0.007999747 0.0045752227 0.01257497 159.37637197918 -57.53410835874 2345.04932 -4.844 2.2599999999999985 2.4002831993103024 -1.348099937438965 0.15160817 0.14660816 "" "" 30.600507046740066 "" 4.603060474415264 ""
