Clusters/LP_1211/LP_1211_stars_in_region.tsv
# %ECSV 1.0
# ---
# datatype:
# - name: RA_ICRS_1
#   unit: deg
#   datatype: float64
#   format: '{:15.11f}'
#   description: Right ascension (ICRS) at Ep=2016.0 (ra)
#   meta: !!omap
#   - {ucd: POS_EQ_RA_MAIN}
#   - {width: 15}
#   - {precision: '11'}
# - name: DE_ICRS_1
#   unit: deg
#   datatype: float64
#   format: '{:15.11f}'
#   description: Declination (ICRS) at Ep=2016.0 (dec)
#   meta: !!omap
#   - {ucd: POS_EQ_DEC_MAIN}
#   - {width: 15}
#   - {precision: '11'}
# - name: e_RA_ICRS
#   unit: mas
#   datatype: float64
#   format: '{:7.4f}'
#   description: Standard error of right ascension (ra_error)
#   meta: !!omap
#   - {ucd: ERROR}
#   - {width: 7}
#   - {precision: '4'}
# - name: e_DE_ICRS
#   unit: mas
#   datatype: float64
#   format: '{:7.4f}'
#   description: Standard error of declination (dec_error)
#   meta: !!omap
#   - {ucd: ERROR}
#   - {width: 7}
#   - {precision: '4'}
# - name: _r_1
#   unit: ''
#   datatype: float64
#   format: '{:7.4f}'
#   description: Distance from center (271.23580742000-23.70879442000)[ICRS], at Epoch=J2016.0
#   meta: !!omap
#   - {ucd: POS_ANG_DIST_GENERAL}
#   - {width: 7}
#   - {precision: '4'}
# - name: HIP
#   datatype: int32
#   description: '? HIP cross-id number, van Leeuwen, Cat. I/311 (hip_original_ext_source_id)'
#   meta: !!omap
#   - {ucd: ID_NUMBER}
#   - {width: 6}
#   - values: {'null': -2147483648}
# - name: TYC2
#   datatype: string
#   description: Tycho-2 cross-id name, Hog et al., Cat. I/259 (tyc2_original_ext_source_id)
#   meta: !!omap
#   - {ucd: ID_CROSSID}
#   - {_votable_string_dtype: char}
# - name: Source
#   datatype: int64
#   description: Source identifier, identical to the Gaia-EDR3 source_id (id)
#   meta: !!omap
#   - {ucd: ID_MAIN}
#   - {width: 19}
# - name: rgeo
#   unit: pc
#   datatype: float64
#   format: '{:15.8f}'
#   description: '? Median of the geometric distance posterior (r_med_geo)'
#   meta: !!omap
#   - {ucd: PHYS_DISTANCE_TRUE}
#   - {width: 15}
#   - {precision: '8'}
#   - values: {'null': .nan}
# - name: Plx
#   unit: mas
#   datatype: float64
#   format: '{:9.4f}'
#   description: '? Parallax (parallax)'
#   meta: !!omap
#   - {ucd: POS_PARLX_TRIG}
#   - {width: 9}
#   - {precision: '4'}
#   - values: {'null': .nan}
# - name: e_Plx
#   unit: mas
#   datatype: float32
#   format: '{:7.4f}'
#   description: '? Standard error of parallax (parallax_error)'
#   meta: !!omap
#   - {ucd: ERROR}
#   - {width: 7}
#   - {precision: '4'}
#   - values: {'null': .nan}
# - name: pmRA
#   unit: mas / yr
#   datatype: float64
#   format: '{:9.3f}'
#   description: '? Proper motion in right ascension direction, pmRA*cosDE (pmra)'
#   meta: !!omap
#   - {ucd: POS_EQ_PMRA}
#   - {width: 9}
#   - {precision: '3'}
#   - values: {'null': .nan}
# - name: pmDE
#   unit: mas / yr
#   datatype: float64
#   format: '{:9.3f}'
#   description: '? Proper motion in declination direction (pmdec)'
#   meta: !!omap
#   - {ucd: POS_EQ_PMDEC}
#   - {width: 9}
#   - {precision: '3'}
#   - values: {'null': .nan}
# - name: e_pmRA
#   unit: mas / yr
#   datatype: float32
#   format: '{:6.3f}'
#   description: '? Standard error of proper motion in right ascension direction (pmra_error)'
#   meta: !!omap
#   - {ucd: ERROR}
#   - {width: 6}
#   - {precision: '3'}
#   - values: {'null': .nan}
# - name: e_pmDE
[...]
#         value: !astropy.table.SerializedColumn {name: SkyCoord.dec}
#       distance: !astropy.table.SerializedColumn
#         __class__: astropy.coordinates.distances.Distance
#         unit: !astropy.units.Unit {unit: pc}
#         value: !astropy.table.SerializedColumn {name: SkyCoord.distance}
#       frame: icrs
#       obstime: !astropy.time.Time {format: jyear_str, in_subfmt: '*', jd1: 367701545.0, jd2: 0.0, out_subfmt: '*', precision: 3, scale: tt}
#       pm_dec: !astropy.table.SerializedColumn
#         __class__: astropy.units.quantity.Quantity
#         unit: !astropy.units.Unit {unit: mas / yr}
#         value: !astropy.table.SerializedColumn {name: SkyCoord.pm_dec}
#       pm_ra_cosdec: !astropy.table.SerializedColumn
#         __class__: astropy.units.quantity.Quantity
#         unit: !astropy.units.Unit {unit: mas / yr}
#         value: !astropy.table.SerializedColumn {name: SkyCoord.pm_ra_cosdec}
#       ra: !astropy.table.SerializedColumn
#         __class__: astropy.coordinates.angles.Longitude
#         unit: *id001
#         value: !astropy.table.SerializedColumn {name: SkyCoord.ra}
#         wrap_angle: !astropy.coordinates.Angle
#           unit: *id001
#           value: 360.0
#       representation_type: spherical
# schema: astropy-2.0
RA_ICRS_1 DE_ICRS_1 e_RA_ICRS e_DE_ICRS _r_1 HIP TYC2 Source rgeo Plx e_Plx pmRA pmDE e_pmRA e_pmDE RUWE Teff logg Gmag BP-RP BPmag RPmag RV e_RV b_rgeo B_rgeo FG e_FG FBP e_FBP FRP e_FRP RAVE5 RAVE6 e_Gmag e_BPmag e_RPmag e_BP-RP SkyCoord.ra SkyCoord.dec SkyCoord.distance SkyCoord.pm_ra_cosdec SkyCoord.pm_dec rmRA rmDE e_rmRA e_rmDE rRV e_rRV v_pec v_pec3d e_vpec e_vpec3d
[from data line 3412]
271.47590462675 -23.85290014395 0.0725 0.0741 15.7652 "" "" 4066154807421283968 2223.15381 0.4708 0.1172 -0.343 -4.203 0.082 0.067 1.012 8271.5 3.8336 16.773046 2.690618 18.276325 15.585708 "" "" 1694.86707 2966.70288 3678.98876 3.0725 668.17 7.4239 4622.5 15.572 "" "" 0.0029006870948213447 0.012381862 0.0052594193 0.017641282 271.47590462675 -23.85290014395 2223.15381 -0.34299999999999997 -4.203 -0.36800000037252906 -2.8909999637603763 0.082 0.067 "" "" 30.7104518962801 "" 2.065751471245249 ""
271.44851102792 -23.76274665463 0.0637 0.0574 12.1229 "" "" 4066159476018092032 2412.36865 0.4337 0.0816 1.011 -1.085 0.077 0.058 0.964 "" "" 16.774122 1.605809 17.532358 15.926549 "" "" 2014.30835 3051.75269 3675.34242 2.7267 1325.8 10.069 3377.1 18.355 "" "" 0.002870647076588672 0.008705068 0.007007638 0.015712706 271.44851102792 -23.76274665463 2412.36865 1.011 -1.085 0.9859999996274709 0.22700003623962406 0.077 0.058 "" "" 11.56947562781083 "" 0.8810967423793155 ""
270.97456375329 -23.83640935077 0.0715 0.0595 16.2603 "" "" 4066148347789443328 1938.12256 0.5038 0.0698 1.329 0.613 0.08 0.059 1.045 4987.4 4.4073 16.774462 1.560868 17.510723 15.949855 "" "" 1682.64087 2222.95166 3674.19621 2.6493 1352.5 9.7107 3305.3 10.679 "" "" 0.0028643820710895487 0.008279678 0.005156443 0.013436122 270.97456375329 -23.83640935077 1938.12256 1.3289999999999986 0.6129999999999995 1.303999999627471 1.925000036239624 0.08 0.059 "" "" 21.359901794381773 "" 1.4167174623832965 ""
271.00311683355 -23.47033181473 0.0754 0.0685 19.1942 "" "" 4069183549623913088 2560.72681 0.403 0.1056 -0.395 -0.25 0.079 0.064 0.995 4970.0 4.51 16.775503 1.613621 17.534012 15.920391 "" "" 2031.53809 3533.31689 3670.67424 3.1805 1323.8 8.8132 3396.3 11.598 "" "" 0.0029114942005074684 0.00774811 0.0052943896 0.0130425 271.00311683355 -23.47033181473 2560.72681 -0.395 -0.2500000000000001 -0.42000000037252905 1.062000036239624 0.079 0.064 "" "" 13.861844628297815 "" 0.9180386152739642 ""
271.20845569184 -23.42191381828 0.0612 0.0547 17.2784 "" "" 4069187359243989248 2311.58984 0.4166 0.0808 0.235 0.468 0.072 0.053 1.024 5101.2 4.678 16.77702 1.404036 17.394587 15.99055 "" "" 1926.17468 2866.36597 3665.55134 2.74 1505.2 12.855 3183.7 26.472 "" "" 0.002872362155106221 0.009683305 0.009786918 0.019470222 271.20845569184 -23.42191381828 2311.58984 0.23499999999999996 0.4680000000000001 0.20999999962747096 1.780000036239624 0.072 0.053 "" "" 19.638607733899395 "" 1.046869145233444 ""
271.2169536997 -23.88684148795 0.0668 0.0566 10.7328 "" "" 4066133809292958848 1985.37158 0.4947 0.0789 -0.967 -0.0 0.08 0.057 1.041 4670.2 4.2855 16.77716 1.811647 17.655205 15.843557 "" "" 1720.59705 2283.44849 3665.07284 3.0148 1184.0 12.452 3645.3 11.041 "" "" 0.002896449116790783 0.011754521 0.005009794 0.016764315 271.2169536997 -23.88684148795 1985.37158 -0.9669999999999993 1.2552616912558568e-20 -0.992000000372529 1.312000036239624 0.08 0.057 "" "" 15.478773137728924 "" 1.0261788404102652 ""
271.49427726858 -23.53777837587 0.0596 0.0512 17.5263 "" "" 4066181023902124672 2165.22119 0.4583 0.0669 -2.714 -7.647 0.073 0.054 1.016 5449.1 4.6101 16.777706 1.505176 17.478529 15.973352 "" "" 1832.74573 2479.51318 3663.22924 2.3532 1393.2 7.9797 3234.6 14.702 "" "" 0.0028422243500918105 0.006815929 0.0062158797 0.013031809 271.49427726858 -23.53777837587 2165.22119 -2.7139999999999973 -7.647 -2.739000000372529 -6.334999963760376 0.073 0.054 "" "" 70.83382786236547 "" 4.066647104410543 ""
270.92822221634 -23.54753086351 0.0705 0.0588 19.4807 "" "" 4069159360366730752 2847.66748 0.3403 0.0801 -1.159 -2.465 0.077 0.056 1.044 "" "" 16.778221 2.076585 17.823885 15.7473 "" "" 2344.26709 3677.39209 3661.49555 2.8004 1013.6 6.6635 3983.3 12.05 "" "" 0.0028777332930495286 0.007663696 0.005007157 0.012670853 270.92822221634 -23.54753086351 2847.66748 -1.1590000000000003 -2.465 -1.184000000372529 -1.1529999637603758 0.077 0.056 "" "" 22.3074295711364 "" 1.5079463302531124 ""
270.97580601408 -23.67761599646 0.0642 0.0579 14.4071 "" "" 4069154202095583872 2844.82544 0.3605 0.084 -0.552 -2.674 0.078 0.057 1.065 9214.4 4.2595 16.7784 1.667376 17.560907 15.893532 "" "" 2264.88208 3597.00146 3660.89016 3.0897 1291.4 8.7899 3481.3 10.162 "" "" 0.0029036972710994673 0.007899235 0.004932355 0.01283159 270.97580601408 -23.67761599646 2844.82544 -0.552 -2.6740000000000004 -0.5770000003725291 -1.361999963760376 0.078 0.057 "" "" 19.9459595579254 "" 1.210044740787097 ""
271.16490532528 -23.52413772329 0.0651 0.0588 11.7451 "" "" 4069180525966621184 2807.23047 0.3759 0.0876 0.14 -1.36 0.078 0.057 1.029 5221.6 4.6807 16.77917 1.429105 17.41407 15.984965 "" "" 2294.18677 3687.32935 3658.29559 3.1887 1478.4 10.241 3200.2 15.518 "" "" 0.0029133139536304466 0.008021861 0.0064808936 0.014502754 271.16490532528 -23.52413772329 2807.23047 0.13999999999999985 -1.36 0.11499999962747098 -0.047999963760376074 0.078 0.057 "" "" 1.6581663819845527 "" 0.12478601248097643 ""
271.5611952766 -23.6726175593 0.0631 0.0544 18.0093 "" "" 4066163156824556160 2255.20776 0.4528 0.0731 -0.263 -0.749 0.073 0.053 1.005 "" "" 16.779682 1.441205 17.405941 15.964736 "" "" 1956.09412 2566.63037 3656.57082 2.6504 1489.5 16.304 3260.3 29.685 "" "" 0.0028655054153352414 0.012207558 0.010583437 0.022790994 271.5611952766 -23.6726175593 2255.20776 -0.2629999999999998 -0.749 -0.28800000037252904 0.563000036239624 0.073 0.053 "" "" 6.760015351448467 "" 0.3901917367001222 ""
270.98763593934 -23.66309152636 0.0653 0.0569 13.9089 "" "" 4069154446924026240 2330.40698 0.4235 0.0817 0.43 -1.194 0.078 0.056 0.944 "" "" 16.780169 1.912088 17.68527 15.773182 "" "" 2042.40588 2788.50049 3654.93228 8.2575 1151.6 15.737 3889.4 19.601 "" "" 0.003689022437163978 0.015097024 0.0066500306 0.021747055 270.98763593934 -23.66309152636 2330.40698 0.43000000000000005 -1.1940000000000002 0.40499999962747096 0.11800003623962407 0.078 0.056 "" "" 4.659699389863088 "" 0.35649981925698687 ""
271.17171008653 -23.41342490057 0.0647 0.0597 18.0694 "" "" 4069188153828715648 2856.47705 0.3403 0.0797 0.608 -2.17 0.074 0.057 0.933 5382.7 4.6464 16.781248 1.439924 17.435226 15.995302 "" "" 2347.53809 3679.06689 3651.30202 2.9857 1449.9 8.9761 3169.8 10.499 "" "" 0.0028948239412905125 0.0072777206 0.0052169124 0.012494633 271.17171008653 -23.41342490057 2856.47705 0.608 -2.17 0.582999999627471 -0.8579999637603759 0.074 0.057 "" "" 14.045134403026339 "" 0.8829950011920167 ""
271.220991518 -23.40897167335 0.0624 0.0577 18.0078 "" "" 4069187496682993792 2405.99316 0.4048 0.0803 -0.473 -1.598 0.074 0.056 1.074 9510.7 4.2034 16.78163 1.755968 17.612288 15.856319 "" "" 2046.62537 3133.17285 3650.01749 3.3834 1231.7 9.6697 3602.7 14.434 "" "" 0.0029333746075789584 0.008968829 0.0057624364 0.014731266 271.220991518 -23.40897167335 2405.99316 -0.47300000000000014 -1.5979999999999994 -0.498000000372529 -0.28599996376037606 0.074 0.056 "" "" 6.549347622510982 "" 0.4582503476958215 ""
271.03500175531 -23.43830397241 0.0924 0.0901 19.6301 "" "" 4069185095797135616 2243.54907 0.4821 0.126 -0.191 -0.997 0.105 0.074 0.962 "" "" 16.781998 "" "" "" "" "" 1740.92847 3288.00171 3648.78117 7.193 "" "" "" "" "" "" 0.0034889717928885317 "" "" "" 271.03500175531 -23.43830397241 2243.54907 -0.19100000000000017 -0.997 -0.21600000037252903 0.315000036239624 0.105 0.074 "" "" 4.061751171792761 "" 0.3458621945429462 ""
271.4774426488 -23.51495253656 0.0586 0.0509 17.6562 "" "" 4066181298768071552 2226.09009 0.4511 0.0661 0.235 3.788 0.074 0.055 0.963 5511.4 4.6237 16.783422 1.417883 17.40695 15.989067 "" "" 1970.97314 2582.198 3643.99468 2.5141 1488.1 8.4911 3188.1 15.713 "" "" 0.002855330562884517 0.006794534 0.0065512676 0.013345802 271.4774426488 -23.51495253656 2226.09009 0.23499999999999965 3.7879999999999985 0.20999999962747096 5.100000036239624 0.074 0.055 "" "" 53.85910333928667 "" 2.9642812632865323 ""
271.5488985336 -23.5547333331 0.0742 0.0648 19.5354 "" "" 4066169032340779904 2512.49219 0.4153 0.0838 -1.474 -1.833 0.088 0.066 1.188 5484.3 4.6935 16.78381 1.381311 17.31349 15.932178 "" "" 2008.01392 3221.54736 3642.69358 3.6246 1621.9 15.943 3359.6 20.911 "" "" 0.0029595490931481703 0.011031293 0.007742925 0.018774219 271.5488985336 -23.5547333331 2512.49219 -1.474 -1.8330000000000002 -1.499000000372529 -0.5209999637603759 0.088 0.066 "" "" 18.89944433810192 "" 1.6234652231949702 ""
271.47660914312 -23.6189813854 0.0613 0.0529 14.2884 "" "" 4066167245646948608 2726.83765 0.3699 0.0729 -2.031 -1.926 0.073 0.056 0.948 5356.8 4.6429 16.784912 1.437607 17.464024 16.026417 "" "" 2343.02954 3387.29395 3638.9992 2.9185 1411.9 12.823 3080.3 10.442 "" "" 0.0028896409523109005 0.0102479 0.0052754446 0.015523344 271.47660914312 -23.6189813854 2726.83765 -2.031000000000001 -1.9259999999999997 -2.056000000372529 -0.6139999637603759 0.073 0.056 "" "" 27.733935715384202 "" 1.9901746362365231 ""
271.06279239568 -23.57113208638 0.0771 0.0653 12.596 "" "" 4069178704884766080 2506.32715 0.4147 0.0957 -0.611 -4.477 0.088 0.058 1.07 5468.8 4.6675 16.78496 1.540618 17.449043 15.908425 "" "" 2001.96143 3326.97363 3638.83953 4.2791 1431.5 14.47 3433.9 26.45 "" "" 0.0030367646985407517 0.011324044 0.00917734 0.020501385 271.06279239568 -23.57113208638 2506.32715 -0.6109999999999997 -4.476999999999998 -0.636000000372529 -3.1649999637603763 0.088 0.058 "" "" 38.35180573192119 "" 2.2799172131542127 ""
271.31341979902 -23.45296605633 0.1007 0.0887 15.932 "" "" 4066184872193233408 2030.13623 0.5132 0.0962 -0.678 -3.971 0.103 0.078 1.104 4769.6 4.3648 16.785694 1.502178 17.485357 15.983179 "" "" 1679.6571 2526.76831 3636.37975 3.0258 1384.4 7.1293 3205.4 12.722 "" "" 0.00289965136952753 0.0062487777 0.0057317535 0.011980532 271.31341979902 -23.45296605633 2030.13623 -0.678 -3.9710000000000005 -0.7030000003725291 -2.658999963760376 0.103 0.078 "" "" 26.466306913352796 "" 2.1139325378937053 ""
271.18705555936 -23.49326542012 0.0652 0.0626 13.2066 "" "" 4069181041362713856 2341.65112 0.4274 0.089 -0.583 0.581 0.075 0.057 0.948 5390.4 4.6911 16.786842 1.363041 17.378576 16.015535 "" "" 1976.04346 2806.51489 3632.53232 2.9571 1527.5 9.5351 3111.3 10.78 "" "" 0.0028936116274174096 0.0073293457 0.0053324685 0.012661815 271.18705555936 -23.49326542012 2341.65112 -0.5829999999999999 0.581 -0.608000000372529 1.893000036239624 0.075 0.057 "" "" 22.068364786762068 "" 1.3001965965562383 ""
271.24403070232 -23.42171976498 0.066 0.0588 17.2304 "" "" 4069187432274868224 2057.70679 0.4951 0.0787 1.612 3.367 0.076 0.057 1.025 4981.6 4.3721 16.787199 1.362558 17.403442 16.040884 "" "" 1666.74304 2493.22681 3631.3413 3.0862 1492.9 11.343 3039.5 8.9647 "" "" 0.0029057264362170906 0.008708467 0.0049536107 0.0136620775 271.24403070232 -23.42171976498 2057.70679 1.612 3.367 1.586999999627471 4.679000036239624 0.076 0.057 "" "" 48.19034626401558 "" 2.8549325099791885 ""
271.19263567336 -23.42786782502 0.1234 0.1169 17.022 "" "" 4069188085109183744 1973.90466 0.5964 0.1579 -1.247 -1.634 0.128 0.105 1.869 5143.3 4.7168 16.787537 1.836345 17.643345 15.807 "" "" 1414.98438 2736.2124 3630.21553 11.539 1197.0 10.816 3770.1 14.425 "" "" 0.0044161088766437795 0.01019968 0.0056161457 0.015815826 271.19263567336 -23.42786782502 1973.90466 -1.247 -1.634 -1.2720000003725291 -0.3219999637603759 0.128 0.105 "" "" 12.27663135363934 "" 1.5558549597575242 ""
270.88234812979 -23.72398594134 0.0727 0.0591 19.4379 "" "" 4069152694577395456 2319.49585 0.4006 0.0761 1.541 -0.689 0.075 0.058 1.055 9023.3 3.8854 16.788303 2.81409 18.388317 15.574227 "" "" 1937.24377 2811.63721 3627.65037 3.268 602.68 6.7458 4671.6 9.0331 "" "" 0.0029237747244716178 0.012468839 0.0043233335 0.016792173 270.88234812979 -23.72398594134 2319.49585 1.541 -0.689 1.515999999627471 0.6230000362396241 0.075 0.058 "" "" 18.020053331578165 "" 1.3116731044716134 ""
271.41325450249 -23.96159823332 0.0681 0.0568 18.0255 "" "" 4066152329199874176 2089.49829 0.4645 0.0777 -9.887 -7.433 0.081 0.058 0.884 "" "" 16.788643 2.425131 18.081982 15.656851 "" "" 1800.51575 2485.23389 3626.51857 3.8984 799.14 14.094 4329.3 24.437 "" "" 0.0029923221393040977 0.019350754 0.0072001596 0.026550913 271.41325450249 -23.96159823332 2089.49829 -9.887 -7.433 -9.91200000037253 -6.120999963760376 0.081 0.058 "" "" 115.38073536037093 "" 8.69453740509504 ""
271.44882169004 -23.64141653447 0.0615 0.054 12.3836 "" "" 4066167039488522112 2449.9397 0.4217 0.0785 -0.95 -4.883 0.072 0.055 0.981 5199.2 4.6308 16.788725 1.464521 17.469812 16.005291 "" "" 2086.78906 3176.38037 3626.24406 2.5913 1404.4 10.606 3140.8 11.328 "" "" 0.0028624731680586355 0.008661186 0.005442279 0.014103465 271.44882169004 -23.64141653447 2449.9397 -0.9500000000000001 -4.883 -0.975000000372529 -3.570999963760376 0.072 0.055 "" "" 42.98691403110208 "" 2.422106041348557 ""
271.2275744733 -23.38798820973 0.0647 0.0589 19.2537 "" "" 4069188630554451712 2119.69653 0.4749 0.0812 -4.305 -8.185 0.075 0.057 1.105 5188.4 4.6176 16.78986 1.597839 17.542744 15.944904 "" "" 1812.31055 2572.59937 3622.45131 2.7879 1313.2 10.775 3320.4 12.717 "" "" 0.002879239207891192 0.009335345 0.0056192 0.014954545 271.2275744733 -23.38798820973 2119.69653 -4.305 -8.185 -4.330000000372529 -6.8729999637603765 0.075 0.057 "" "" 81.61712950728995 "" 5.112707813266582 ""
271.31923413125 -23.40483695075 0.079 0.0702 18.8058 "" "" 4066185284510173952 2293.92603 0.441 0.0853 -3.569 -3.833 0.092 0.068 1.165 4732.0 4.3432 16.789911 1.604321 17.482391 15.87807 "" "" 1905.45667 2855.99463 3622.28413 7.6355 1388.2 9.418 3531.3 15.187 "" "" 0.003581857797758158 0.007876726 0.0060072527 0.013883978 271.31923413125 -23.40483695075 2293.92603 -3.5690000000000004 -3.833 -3.594000000372529 -2.520999963760376 0.092 0.068 "" "" 47.73360816234679 "" 4.049678071578517 ""
271.2058269734 -23.66665605516 0.0838 0.0747 3.0176 "" "" 4066171948603625728 2311.48193 0.4707 0.1058 -0.086 5.375 0.103 0.071 0.911 4978.4 4.7438 16.790237 1.404448 17.359245 15.954798 "" "" 1790.29041 2998.53735 3621.19508 3.6852 1555.0 13.616 3290.3 22.9 "" "" 0.002968611169624283 0.00990798 0.008448986 0.018356968 271.2058269734 -23.66665605516 2311.48193 -0.086 5.375 -0.11100000037252902 6.687000036239624 0.103 0.071 "" "" 73.2757030900971 "" 5.203366499613106 ""
271.05621395742 -23.85486666803 0.0673 0.0573 13.1926 "" "" 4066145285445702784 2318.28955 0.4282 0.0679 -1.043 -2.245 0.091 0.062 0.966 9197.9 4.3582 16.79059 2.095597 17.860638 15.76504 "" "" 1931.79883 2713.47144 3620.01507 2.9003 979.85 10.46 3918.7 13.005 "" "" 0.002889372234792226 0.011921458 0.0052217846 0.017143242 271.05621395742 -23.85486666803 2318.28955 -1.0429999999999988 -2.245000000000002 -1.068000000372529 -0.9329999637603761 0.091 0.062 "" "" 15.583472850635772 "" 1.2428238537080862 ""
271.15788762974 -23.57835998048 0.1304 0.1201 8.9213 "" "" 4066176419697618560 2345.82788 0.5826 0.1882 -0.107 0.403 0.155 0.11 1.993 4979.1 4.7781 16.791492 1.472954 17.387268 15.914314 "" "" 1609.7052 4685.27051 3617.01325 5.9359 1515.3 14.548 3415.3 19.991 "" "" 0.0032812539360049294 0.010790834 0.00739408 0.018184915 271.15788762974 -23.57835998048 2345.82788 -0.10700000000000004 0.40299999999999997 -0.132000000372529 1.715000036239624 0.155 0.11 "" "" 19.125870776033228 "" 2.109942301664183 ""
