Clusters/LP_1211/LP_1211_stars_in_region.tsv
# %ECSV 1.0
# ---
# datatype:
# - name: RA_ICRS_1
#   unit: deg
#   datatype: float64
#   format: '{:15.11f}'
#   description: Right ascension (ICRS) at Ep=2016.0 (ra)
#   meta: !!omap
#   - {ucd: POS_EQ_RA_MAIN}
#   - {width: 15}
#   - {precision: '11'}
# - name: DE_ICRS_1
#   unit: deg
#   datatype: float64
#   format: '{:15.11f}'
#   description: Declination (ICRS) at Ep=2016.0 (dec)
#   meta: !!omap
#   - {ucd: POS_EQ_DEC_MAIN}
#   - {width: 15}
#   - {precision: '11'}
# - name: e_RA_ICRS
#   unit: mas
#   datatype: float64
#   format: '{:7.4f}'
#   description: Standard error of right ascension (ra_error)
#   meta: !!omap
#   - {ucd: ERROR}
#   - {width: 7}
#   - {precision: '4'}
# - name: e_DE_ICRS
#   unit: mas
#   datatype: float64
#   format: '{:7.4f}'
#   description: Standard error of declination (dec_error)
#   meta: !!omap
#   - {ucd: ERROR}
#   - {width: 7}
#   - {precision: '4'}
# - name: _r_1
#   unit: ''
#   datatype: float64
#   format: '{:7.4f}'
#   description: Distance from center (271.23580742000-23.70879442000)[ICRS], at Epoch=J2016.0
#   meta: !!omap
#   - {ucd: POS_ANG_DIST_GENERAL}
#   - {width: 7}
#   - {precision: '4'}
# - name: HIP
#   datatype: int32
#   description: '? HIP cross-id number, van Leeuwen, Cat. I/311 (hip_original_ext_source_id)'
#   meta: !!omap
#   - {ucd: ID_NUMBER}
#   - {width: 6}
#   - values: {'null': -2147483648}
# - name: TYC2
#   datatype: string
#   description: Tycho-2 cross-id name, Hog et al., Cat. I/259 (tyc2_original_ext_source_id)
#   meta: !!omap
#   - {ucd: ID_CROSSID}
#   - {_votable_string_dtype: char}
# - name: Source
#   datatype: int64
#   description: Source identifier, identical to the Gaia-EDR3 source_id (id)
#   meta: !!omap
#   - {ucd: ID_MAIN}
#   - {width: 19}
# - name: rgeo
#   unit: pc
#   datatype: float64
#   format: '{:15.8f}'
#   description: '? Median of the geometric distance posterior (r_med_geo)'
#   meta: !!omap
#   - {ucd: PHYS_DISTANCE_TRUE}
#   - {width: 15}
#   - {precision: '8'}
#   - values: {'null': .nan}
# - name: Plx
#   unit: mas
#   datatype: float64
#   format: '{:9.4f}'
#   description: '? Parallax (parallax)'
#   meta: !!omap
#   - {ucd: POS_PARLX_TRIG}
#   - {width: 9}
#   - {precision: '4'}
#   - values: {'null': .nan}
# - name: e_Plx
#   unit: mas
#   datatype: float32
#   format: '{:7.4f}'
#   description: '? Standard error of parallax (parallax_error)'
#   meta: !!omap
#   - {ucd: ERROR}
#   - {width: 7}
#   - {precision: '4'}
#   - values: {'null': .nan}
# - name: pmRA
#   unit: mas / yr
#   datatype: float64
#   format: '{:9.3f}'
#   description: '? Proper motion in right ascension direction, pmRA*cosDE (pmra)'
#   meta: !!omap
#   - {ucd: POS_EQ_PMRA}
#   - {width: 9}
#   - {precision: '3'}
#   - values: {'null': .nan}
# - name: pmDE
#   unit: mas / yr
#   datatype: float64
#   format: '{:9.3f}'
#   description: '? Proper motion in declination direction (pmdec)'
#   meta: !!omap
#   - {ucd: POS_EQ_PMDEC}
#   - {width: 9}
#   - {precision: '3'}
#   - values: {'null': .nan}
# - name: e_pmRA
#   unit: mas / yr
#   datatype: float32
#   format: '{:6.3f}'
#   description: '? Standard error of proper motion in right ascension direction (pmra_error)'
#   meta: !!omap
#   - {ucd: ERROR}
#   - {width: 6}
#   - {precision: '3'}
#   - values: {'null': .nan}
# - name: e_pmDE
[...]
#         value: !astropy.table.SerializedColumn {name: SkyCoord.dec}
#       distance: !astropy.table.SerializedColumn
#         __class__: astropy.coordinates.distances.Distance
#         unit: !astropy.units.Unit {unit: pc}
#         value: !astropy.table.SerializedColumn {name: SkyCoord.distance}
#       frame: icrs
#       obstime: !astropy.time.Time {format: jyear_str, in_subfmt: '*', jd1: 367701545.0, jd2: 0.0, out_subfmt: '*', precision: 3, scale: tt}
#       pm_dec: !astropy.table.SerializedColumn
#         __class__: astropy.units.quantity.Quantity
#         unit: !astropy.units.Unit {unit: mas / yr}
#         value: !astropy.table.SerializedColumn {name: SkyCoord.pm_dec}
#       pm_ra_cosdec: !astropy.table.SerializedColumn
#         __class__: astropy.units.quantity.Quantity
#         unit: !astropy.units.Unit {unit: mas / yr}
#         value: !astropy.table.SerializedColumn {name: SkyCoord.pm_ra_cosdec}
#       ra: !astropy.table.SerializedColumn
#         __class__: astropy.coordinates.angles.Longitude
#         unit: *id001
#         value: !astropy.table.SerializedColumn {name: SkyCoord.ra}
#         wrap_angle: !astropy.coordinates.Angle
#           unit: *id001
#           value: 360.0
#       representation_type: spherical
# schema: astropy-2.0
RA_ICRS_1 DE_ICRS_1 e_RA_ICRS e_DE_ICRS _r_1 HIP TYC2 Source rgeo Plx e_Plx pmRA pmDE e_pmRA e_pmDE RUWE Teff logg Gmag BP-RP BPmag RPmag RV e_RV b_rgeo B_rgeo FG e_FG FBP e_FBP FRP e_FRP RAVE5 RAVE6 e_Gmag e_BPmag e_RPmag e_BP-RP SkyCoord.ra SkyCoord.dec SkyCoord.distance SkyCoord.pm_ra_cosdec SkyCoord.pm_dec rmRA rmDE e_rmRA e_rmDE rRV e_rRV v_pec v_pec3d e_vpec e_vpec3d
[from data line 1040]
270.99505175303 -23.61468971646 0.029 0.0246 14.3853 "" "" 4069155786953853568 2572.99072 0.3461 0.0341 -1.16 -2.259 0.034 0.025 1.061 7223.9 3.4969 15.144949 2.356593 16.399897 14.043304 "" "" 2350.58301 2883.62524 16480.37419 8.4861 3762.3 10.129 19135.0 21.637 "" "" 0.0028114671485095707 0.004040955 0.0039737863 0.008014741 270.99505175303 -23.61468971646 2572.99072 -1.16 -2.259 -1.185000000372529 -0.9469999637603759 0.034 0.025 "" "" 18.500270269814536 "" 0.569930613765066 ""
271.04198873698 -23.70509186878 0.0297 0.0275 10.6501 "" "" 4066151852482812928 2314.3457 0.3875 0.0414 -0.588 -5.213 0.037 0.025 0.935 "" "" 15.146071 1.201262 15.662941 14.461678 "" "" 2156.18164 2558.26367 16463.36884 5.3408 7417.2 15.719 13016.0 11.588 "" "" 0.0027777413698912594 0.003616555 0.0039010358 0.0075175907 271.04198873698 -23.70509186878 2314.3457 -0.588 -5.2130000000000045 -0.613000000372529 -3.900999963760376 0.037 0.025 "" "" 43.31909210993168 "" 1.098400577202958 ""
271.32057192797 -23.82833230292 0.032 0.0248 8.5502 "" "" 4066157178243487232 2736.01465 0.3185 0.0377 -2.469 3.213 0.041 0.027 0.996 4760.2 2.5357 15.147274 2.50993 16.5178 14.00787 27.07 6.36 2503.07886 3070.59424 16445.12528 8.3847 3375.2 11.236 19770.0 18.633 "" "" 0.0028103793523811954 0.0045660655 0.003915464 0.00848153 271.32057192797 -23.82833230292 2736.01465 -2.469 3.213000000000001 -2.494000000372529 4.525000036239624 0.041 0.027 18.579 7.0644445 67.00652599654181 69.53455088749213 2.066164626709675 2.743561709910605
271.41770578494 -23.78833173747 0.0353 0.0311 11.0711 "" "" 4066158964949799424 2645.40698 0.3458 0.0483 0.342 -2.813 0.044 0.032 1.213 4716.3 2.8417 15.147841 2.400549 16.421862 14.021313 63.01 4.73 2296.48999 3049.59912 16436.53073 8.8956 3687.0 13.518 19527.0 18.482 "" "" 0.0028172815375562413 0.0048612063 0.0039166003 0.008777807 271.41770578494 -23.78833173747 2645.40698 0.342 -2.813 0.316999999627471 -1.5009999637603761 0.044 0.032 54.519 5.4344444 19.236542014770162 57.813198403876754 0.6271645359642509 5.129036511382871
271.18586792095 -23.63839526157 0.0362 0.0343 5.0371 "" "" 4066175285826105856 2002.46777 0.4647 0.0528 1.473 -2.903 0.048 0.032 1.122 5728.6 3.9035 15.150468 1.334294 15.703204 14.36891 "" "" 1782.07068 2212.81299 16396.81188 8.0181 7147.2 42.24 14177.0 116.44 "" "" 0.00280600692445191 0.0069970842 0.009685309 0.016682394 271.18586792095 -23.63839526157 2002.46777 1.473 -2.903 1.447999999627471 -1.590999963760376 0.048 0.032 "" "" 20.419252630193405 "" 0.817765654830961 ""
271.48472072936 -23.71757765051 0.0282 0.0269 13.684 "" "" 4066159652144587392 2234.32446 0.4198 0.0413 0.265 -1.751 0.034 0.027 0.962 "" "" 15.151679 1.258446 15.693718 14.435272 "" "" 2047.1665 2470.09814 16378.54077 4.8411 7209.9 14.132 13337.0 27.362 "" "" 0.002773946165729484 0.0035091303 0.0043869577 0.007896088 271.48472072936 -23.71757765051 2234.32446 0.2649999999999998 -1.751 0.23999999962747098 -0.43899996376037587 0.034 0.027 "" "" 5.298747155007428 "" 0.15240275610101026 ""
271.18416140107 -23.37794215273 0.0277 0.0253 20.0534 "" "" 4069188566145614208 1941.79187 0.4827 0.036 0.493 0.381 0.033 0.024 0.998 7164.2 3.3023 15.152016 1.201248 15.66847 14.467222 "" "" 1813.32446 2058.93921 16373.46012 5.1113 7379.5 18.166 12950.0 21.538 "" "" 0.002776088201618388 0.0038637528 0.004188615 0.008052368 271.18416140107 -23.37794215273 1941.79187 0.49299999999999966 0.381 0.46799999962747096 1.693000036239624 0.033 0.024 "" "" 16.166940054484567 "" 0.40008455448691915 ""
271.28494343595 -23.57925714651 0.0334 0.0316 8.2281 "" "" 4066177106892185984 2715.45435 0.3508 0.0496 0.267 -2.066 0.042 0.03 1.004 "" "" 15.152054 0.834038 15.47263 14.638593 "" "" 2366.68481 3086.61328 16372.88995 6.6953 8838.2 15.837 11059.0 27.513 "" "" 0.0027908623641716263 0.0034014785 0.004645413 0.008046892 271.28494343595 -23.57925714651 2715.45435 0.267 -2.066 0.24199999962747099 -0.7539999637603758 0.042 0.03 "" "" 10.192537165364252 "" 0.31918924098549606 ""
271.34408871089 -23.54851410474 0.034 0.0297 11.3098 "" "" 4066180199268602112 2812.77881 0.322 0.0416 -0.143 -1.108 0.044 0.031 1.002 9265.8 3.7583 15.153473 0.904717 15.513203 14.608485 "" "" 2553.76758 3236.38843 16351.50153 6.9669 8514.0 17.471 11370.0 12.272 "" "" 0.0027938841713481687 0.003570557 0.0039568935 0.0075274506 271.34408871089 -23.54851410474 2812.77881 -0.143 -1.1080000000000003 -0.16800000037252902 0.20400003623962393 0.044 0.031 "" "" 3.5234335474484464 "" 0.12969971426627672 ""
270.87370468277 -23.66969312556 0.0279 0.0237 20.0333 "" "" 4069153862808544256 2368.98389 0.3936 0.033 -1.293 -1.334 0.032 0.024 0.913 9123.8 3.8694 15.154566 1.274645 15.705225 14.43058 "" "" 2163.29834 2584.3894 16335.05054 5.3852 7133.9 17.571 13394.0 17.232 "" "" 0.002778472195208329 0.0038647626 0.0040292577 0.0078940205 270.87370468277 -23.66969312556 2368.98389 -1.293 -1.334 -1.318000000372529 -0.02199996376037605 0.032 0.024 "" "" 14.801862060368078 "" 0.4736307468687105 ""
271.14290633955 -23.52395235027 0.0442 0.0396 12.21 "" "" 4069180487295950720 2590.21191 0.3579 0.0606 -0.646 0.579 0.054 0.039 1.542 6313.6 3.9184 15.155097 1.481195 15.822644 14.341449 "" "" 2261.86328 3061.54834 16327.05254 8.0941 6402.6 17.913 14540.0 21.598 "" "" 0.0028074016227209887 0.004124597 0.0041091074 0.008233705 271.14290633955 -23.52395235027 2590.21191 -0.6460000000000008 0.579 -0.671000000372529 1.891000036239624 0.054 0.039 "" "" 24.63525774715371 "" 1.0088439862898297 ""
271.29161927047 -23.89053544744 0.0288 0.0249 11.3267 "" "" 4066133298223834752 2594.2605 0.3276 0.0357 0.073 -1.503 0.035 0.027 0.97 "" "" 15.155206 3.024663 16.909763 13.8851 25.97 6.17 2381.39233 2863.93628 16325.42555 10.913 2352.4 13.113 22137.0 21.088 "" "" 0.0028493057839282473 0.00666442 0.003918351 0.010582771 271.29161927047 -23.89053544744 2594.2605 0.07299999999999993 -1.5029999999999994 0.047999999627470966 -0.19099996376037587 0.035 0.027 17.479 6.8744445 2.421718977204495 17.645967352473267 0.06669471366014733 6.809404171624619
271.21653616693 -23.65816698153 0.033 0.0294 3.2169 "" "" 4066172056010615168 1958.5835 0.4838 0.0458 -0.304 -0.36 0.043 0.029 1.004 8932.4 4.132 15.155492 0.95804 15.528419 14.570378 "" "" 1774.01953 2118.51855 16321.11923 8.79 8395.6 21.559 11776.0 35.706 "" "" 0.0028166843938711023 0.0039444 0.005012124 0.008956524 271.21653616693 -23.65816698153 1958.5835 -0.3040000000000003 -0.36 -0.329000000372529 0.952000036239624 0.043 0.029 "" "" 9.350957979761079 "" 0.2879947324350727 ""
271.25814320047 -23.42594184375 0.0336 0.0297 17.0156 "" "" 4069187221805010176 1948.03723 0.4694 0.041 -0.175 -3.261 0.039 0.03 1.252 8238.0 4.0229 15.15791 1.055965 15.554451 14.498486 "" "" 1801.66528 2132.26343 16284.81324 9.874 8196.7 17.675 12582.0 52.154 "" "" 0.0028328730590990495 0.00364231 0.005876935 0.0095192455 271.25814320047 -23.42594184375 1948.03723 -0.17499999999999996 -3.261 -0.20000000037252902 -1.948999963760376 0.039 0.03 "" "" 18.09097912091867 "" 0.5446770117860589 ""
271.31601762845 -23.74393771138 0.0306 0.0267 4.8844 "" "" 4066158861870812800 2200.16333 0.4128 0.0409 1.553 0.133 0.038 0.028 0.963 4710.8 3.2279 15.158871 2.219828 16.309067 14.089239 28.13 7.36 2029.3147 2391.33447 16270.40459 8.1372 4090.6 23.64 18343.0 20.55 "" "" 0.0028083162051466236 0.00686698 0.0039703003 0.01083728 271.31601762845 -23.74393771138 2200.16333 1.553 0.13300000000000003 1.527999999627471 1.445000036239624 0.038 0.028 19.639 8.064445 21.93220826048802 29.439974187852457 0.7380477943720414 5.407704337454548
271.4457220331 -23.63192233672 0.0285 0.0258 12.4232 "" "" 4066167039488538240 2477.28711 0.3727 0.0383 -1.22 0.118 0.034 0.026 0.97 7592.3 4.108 15.15976 1.010499 15.566052 14.555552 "" "" 2272.62671 2781.65674 16257.08247 5.6954 8109.5 14.25 11938.0 50.09 "" "" 0.002781451155852633 0.003380082 0.00591921 0.009299292 271.4457220331 -23.63192233672 2477.28711 -1.22 0.118 -1.245000000372529 1.430000036239624 0.034 0.026 "" "" 22.26381620068111 "" 0.6615620298384575 ""
271.47096781177 -23.80722423637 0.0337 0.0318 14.2003 "" "" 4066155833885590528 2278.57837 0.4067 0.0497 0.562 -0.764 0.041 0.034 1.144 8365.8 3.051 15.161743 1.271867 15.670396 14.398529 "" "" 2042.5564 2597.4353 16227.41696 7.8047 7366.5 44.279 13796.0 76.445 "" "" 0.0028043671295109023 0.0070976363 0.0071047903 0.014202427 271.47096781177 -23.80722423637 2278.57837 0.5619999999999996 -0.764 0.536999999627471 0.548000036239624 0.041 0.034 "" "" 8.28665742182333 "" 0.31151418545955206 ""
271.31528234668 -23.40929565154 0.041 0.0368 18.4939 "" "" 4066185280183047296 1953.85938 0.4731 0.0501 1.245 -0.801 0.048 0.037 1.328 7486.4 4.0148 15.164316 1.247621 15.690979 14.443357 "" "" 1749.1842 2202.07275 16189.01224 7.1001 7228.1 19.058 13238.0 14.766 "" "" 0.0027961641458709627 0.003997519 0.0039686756 0.007966194 271.31528234668 -23.40929565154 1953.85938 1.2450000000000012 -0.8010000000000006 1.219999999627471 0.511000036239624 0.048 0.037 "" "" 12.24986295957896 "" 0.5699081520257232 ""
271.35370081082 -23.87917080867 0.0292 0.0235 12.0993 "" "" 4066153845348727808 1987.2063 0.456 0.0348 -2.723 -4.196 0.036 0.026 0.931 7706.9 3.5443 15.164395 2.766872 16.728342 13.96147 52.62 8.49 1852.60608 2135.76343 16187.82898 10.241 2780.2 13.623 20633.0 15.583 "" "" 0.0028396456565575393 0.006007385 0.003867315 0.0098747 271.35370081082 -23.87917080867 1987.2063 -2.723000000000001 -4.196 -2.748000000372529 -2.8839999637603757 0.036 0.026 44.129 9.194445 37.52282491431705 57.92521929652482 1.1692663148604314 7.045409382402001
271.48425744624 -23.80522505974 0.0303 0.0281 14.8199 "" "" 4066155799525865600 2120.28467 0.4361 0.0407 1.272 0.46 0.037 0.028 1.024 "" "" 15.165302 1.953722 16.12609 14.172367 "" "" 1933.98083 2379.13989 16174.31044 8.0385 4841.5 18.213 16991.0 22.086 "" "" 0.002807660892683166 0.004946431 0.0040342933 0.008980725 271.48425744624 -23.80522505974 2120.28467 1.272 0.46 1.246999999627471 1.772000036239624 0.037 0.028 "" "" 21.776596065262133 "" 0.6809341518364701 ""
271.15882507659 -23.45737521627 0.0301 0.0302 15.6678 "" "" 4069182072154971136 2738.44629 0.3274 0.0431 -0.565 -2.052 0.035 0.027 1.053 8974.4 3.8514 15.165338 0.847343 15.486754 14.639411 "" "" 2472.68262 3154.7959 16173.79321 6.2251 8724.0 27.382 11051.0 22.25 "" "" 0.002786829535948644 0.004404331 0.0043660486 0.00877038 271.15882507659 -23.45737521627 2738.44629 -0.565000000000001 -2.052 -0.590000000372529 -0.739999963760376 0.035 0.027 "" "" 12.284679862122715 "" 0.37296959631077287 ""
271.15626812254 -23.71290479888 0.0329 0.027 4.3765 "" "" 4066171403175585536 2599.01001 0.3566 0.0388 -0.682 -2.376 0.043 0.028 1.03 9387.3 3.943 15.165566 1.182811 15.631344 14.448533 "" "" 2343.16968 2870.94067 16170.38024 8.2191 7636.2 27.178 13175.0 139.51 "" "" 0.0028100423531292732 0.00476628 0.012102122 0.016868401 271.15626812254 -23.71290479888 2599.01001 -0.6819999999999999 -2.376 -0.7070000003725291 -1.0639999637603759 0.043 0.028 "" "" 15.737619566116587 "" 0.5243720303076583 ""
271.50904033716 -23.69369872636 0.0283 0.0249 15.0385 "" "" 4066165665099651072 2162.39819 0.4292 0.0364 0.006 -2.0 0.034 0.025 1.001 "" "" 15.165877 0.926816 15.539915 14.613099 "" "" 1987.50269 2358.9436 16165.75239 5.9167 8307.1 13.845 11322.0 10.664 "" "" 0.0027838285975522407 0.0033255795 0.003915292 0.007240872 271.50904033716 -23.69369872636 2162.39819 0.006 -2.0 -0.01900000037252903 -0.687999963760376 0.034 0.025 "" "" 7.05452817581204 "" 0.17642029196817668 ""
271.22276648311 -23.37735283751 0.0266 0.0238 19.8994 "" "" 4069188699273974272 2473.46558 0.371 0.0341 0.652 -0.618 0.031 0.024 0.915 8814.5 3.8502 15.165957 1.103828 15.626009 14.522181 "" "" 2257.9917 2657.40942 16164.55213 5.0794 7673.9 12.485 12311.0 12.441 "" "" 0.00277636228848233 0.0033023215 0.003935426 0.0072377473 271.22276648311 -23.37735283751 2473.46558 0.6520000000000001 -0.618 0.626999999627471 0.694000036239624 0.031 0.024 "" "" 10.965537499305297 "" 0.300107992839066 ""
271.14173802237 -23.61021548607 0.032 0.0283 7.8556 "" "" 4066176071781783040 2683.36621 0.3399 0.0417 -2.03 -1.021 0.04 0.028 0.97 4841.1 3.4654 15.166004 1.904762 16.108498 14.203735 9.86 7.68 2408.51172 3074.96069 16163.86073 6.2645 4920.6 13.942 16507.0 27.342 "" "" 0.00278726636697766 0.0041531655 0.0041854475 0.008338613 271.14173802237 -23.61021548607 2683.36621 -2.0300000000000002 -1.021 -2.055000000372529 0.2910000362396241 0.04 0.028 1.3689999999999998 8.384444 26.39862562436626 26.43409911185639 1.050638428972274 1.135530902218223
271.28127325656 -23.53700789064 0.0332 0.0325 10.6059 "" "" 4066177519209126144 2193.74438 0.4205 0.0496 0.015 -2.238 0.04 0.029 0.938 "" "" 15.166256 0.992071 15.567542 14.575471 "" "" 2010.02612 2449.76782 16160.10825 6.2655 8098.4 16.353 11721.0 17.499 "" "" 0.0027872912661521714 0.0035484824 0.0041123284 0.007660811 271.28127325656 -23.53700789064 2193.74438 0.015 -2.238 -0.01000000037252903 -0.925999963760376 0.04 0.029 "" "" 9.629431655228228 "" 0.27926820364218485 ""
270.97572788281 -23.4587705275 0.0294 0.0258 20.7261 "" "" 4069184266867405184 2644.15503 0.3407 0.0391 -0.098 -0.938 0.036 0.026 0.937 9028.7 3.3436 15.166267 1.101618 15.61972 14.518102 "" "" 2354.34473 2895.46069 16159.93724 6.06 7718.4 13.721 12357.0 14.347 "" "" 0.002785240148180482 0.003392696 0.0039840685 0.0073767644 270.97572788281 -23.4587705275 2644.15503 -0.098 -0.9379999999999995 -0.12300000037252903 0.3740000362396241 0.036 0.026 "" "" 4.934443132525517 "" 0.13391482769535054 ""
271.18244333198 -23.71382722296 0.0297 0.0239 2.9471 "" "" 4066171437535284864 2509.3186 0.3611 0.0344 -1.322 -2.456 0.04 0.026 1.011 7298.2 4.018 15.16661 1.288073 15.721198 14.433125 "" "" 2295.4519 2777.19775 16154.84182 9.2001 7029.7 33.044 13363.0 32.988 "" "" 0.0028238467567540393 0.005816545 0.0046333033 0.010449848 271.18244333198 -23.71382722296 2509.3186 -1.322 -2.456 -1.347000000372529 -1.143999963760376 0.04 0.026 "" "" 21.019879194156434 "" 0.7320240708585247 ""
271.1437641472 -23.65919274991 0.0335 0.028 5.8681 "" "" 4066174839149535104 2237.85254 0.4182 0.0401 0.741 2.186 0.042 0.028 1.068 "" "" 15.170905 1.265114 15.727076 14.461962 "" "" 2031.21777 2486.05859 16091.06214 6.5306 6991.8 14.241 13013.0 16.984 "" "" 0.0027903334634572685 0.0035602709 0.004036307 0.0075965775 271.1437641472 -23.65919274991 2237.85254 0.7410000000000002 2.1859999999999995 0.715999999627471 3.498000036239624 0.042 0.028 "" "" 37.87407905607457 "" 1.0868002014165 ""
271.02138723765 -23.60345949305 0.0318 0.0254 13.372 "" "" 4069178533101876224 1944.4397 0.4814 0.0384 -0.349 -3.753 0.038 0.027 1.098 4942.1 2.6067 15.173201 2.019592 16.139006 14.119413 5.94 7.83 1816.46204 2123.88159 16057.07362 8.9389 4784.3 46.883 17840.0 109.38 "" "" 0.0028208364453914648 0.010999275 0.0076548737 0.018654149 271.02138723765 -23.60345949305 1944.4397 -0.3489999999999993 -3.753 -0.374000000372529 -2.440999963760376 0.038 0.027 -2.5509999999999993 8.534445 22.76036577605237 22.90287866753208 0.6214037357299331 1.1335710977514832
270.89927069648 -23.75035968945 0.0289 0.0237 18.6525 "" "" 4069152037431851392 2509.67139 0.3492 0.0308 -1.048 1.676 0.033 0.025 0.915 4637.9 2.7516 15.175285 2.46202 16.511719 14.049699 -49.91 3.27 2330.83203 2683.57886 16026.27922 6.0891 3394.1 11.808 19023.0 17.089 "" "" 0.0027860297758804313 0.0046960283 0.003903209 0.008599238 270.89927069648 -23.75035968945 2509.67139 -1.0479999999999996 1.6759999999999995 -1.073000000372529 2.988000036239624 0.033 0.025 -58.400999999999996 3.9744444 37.76714181749692 69.54878720770711 0.9833975370441889 3.3798452480576704
