Clusters/LP_1211/LP_1211_stars_in_region.tsv
# %ECSV 1.0
# ---
# datatype:
# - name: RA_ICRS_1
#   unit: deg
#   datatype: float64
#   format: '{:15.11f}'
#   description: Right ascension (ICRS) at Ep=2016.0 (ra)
#   meta: !!omap
#   - {ucd: POS_EQ_RA_MAIN}
#   - {width: 15}
#   - {precision: '11'}
# - name: DE_ICRS_1
#   unit: deg
#   datatype: float64
#   format: '{:15.11f}'
#   description: Declination (ICRS) at Ep=2016.0 (dec)
#   meta: !!omap
#   - {ucd: POS_EQ_DEC_MAIN}
#   - {width: 15}
#   - {precision: '11'}
# - name: e_RA_ICRS
#   unit: mas
#   datatype: float64
#   format: '{:7.4f}'
#   description: Standard error of right ascension (ra_error)
#   meta: !!omap
#   - {ucd: ERROR}
#   - {width: 7}
#   - {precision: '4'}
# - name: e_DE_ICRS
#   unit: mas
#   datatype: float64
#   format: '{:7.4f}'
#   description: Standard error of declination (dec_error)
#   meta: !!omap
#   - {ucd: ERROR}
#   - {width: 7}
#   - {precision: '4'}
# - name: _r_1
#   unit: ''
#   datatype: float64
#   format: '{:7.4f}'
#   description: Distance from center (271.23580742000-23.70879442000)[ICRS], at Epoch=J2016.0
#   meta: !!omap
#   - {ucd: POS_ANG_DIST_GENERAL}
#   - {width: 7}
#   - {precision: '4'}
# - name: HIP
#   datatype: int32
#   description: '? HIP cross-id number, van Leeuwen, Cat. I/311 (hip_original_ext_source_id)'
#   meta: !!omap
#   - {ucd: ID_NUMBER}
#   - {width: 6}
#   - values: {'null': -2147483648}
# - name: TYC2
#   datatype: string
#   description: Tycho-2 cross-id name, Hog et al., Cat. I/259 (tyc2_original_ext_source_id)
#   meta: !!omap
#   - {ucd: ID_CROSSID}
#   - {_votable_string_dtype: char}
# - name: Source
#   datatype: int64
#   description: Source identifier, identical to the Gaia-EDR3 source_id (id)
#   meta: !!omap
#   - {ucd: ID_MAIN}
#   - {width: 19}
# - name: rgeo
#   unit: pc
#   datatype: float64
#   format: '{:15.8f}'
#   description: '? Median of the geometric distance posterior (r_med_geo)'
#   meta: !!omap
#   - {ucd: PHYS_DISTANCE_TRUE}
#   - {width: 15}
#   - {precision: '8'}
#   - values: {'null': .nan}
# - name: Plx
#   unit: mas
#   datatype: float64
#   format: '{:9.4f}'
#   description: '? Parallax (parallax)'
#   meta: !!omap
#   - {ucd: POS_PARLX_TRIG}
#   - {width: 9}
#   - {precision: '4'}
#   - values: {'null': .nan}
# - name: e_Plx
#   unit: mas
#   datatype: float32
#   format: '{:7.4f}'
#   description: '? Standard error of parallax (parallax_error)'
#   meta: !!omap
#   - {ucd: ERROR}
#   - {width: 7}
#   - {precision: '4'}
#   - values: {'null': .nan}
# - name: pmRA
#   unit: mas / yr
#   datatype: float64
#   format: '{:9.3f}'
#   description: '? Proper motion in right ascension direction, pmRA*cosDE (pmra)'
#   meta: !!omap
#   - {ucd: POS_EQ_PMRA}
#   - {width: 9}
#   - {precision: '3'}
#   - values: {'null': .nan}
# - name: pmDE
#   unit: mas / yr
#   datatype: float64
#   format: '{:9.3f}'
#   description: '? Proper motion in declination direction (pmdec)'
#   meta: !!omap
#   - {ucd: POS_EQ_PMDEC}
#   - {width: 9}
#   - {precision: '3'}
#   - values: {'null': .nan}
# - name: e_pmRA
#   unit: mas / yr
#   datatype: float32
#   format: '{:6.3f}'
#   description: '? Standard error of proper motion in right ascension direction (pmra_error)'
#   meta: !!omap
#   - {ucd: ERROR}
#   - {width: 6}
#   - {precision: '3'}
#   - values: {'null': .nan}
# - name: e_pmDE
[...]
#         value: !astropy.table.SerializedColumn {name: SkyCoord.dec}
#       distance: !astropy.table.SerializedColumn
#         __class__: astropy.coordinates.distances.Distance
#         unit: !astropy.units.Unit {unit: pc}
#         value: !astropy.table.SerializedColumn {name: SkyCoord.distance}
#       frame: icrs
#       obstime: !astropy.time.Time {format: jyear_str, in_subfmt: '*', jd1: 367701545.0, jd2: 0.0, out_subfmt: '*', precision: 3, scale: tt}
#       pm_dec: !astropy.table.SerializedColumn
#         __class__: astropy.units.quantity.Quantity
#         unit: !astropy.units.Unit {unit: mas / yr}
#         value: !astropy.table.SerializedColumn {name: SkyCoord.pm_dec}
#       pm_ra_cosdec: !astropy.table.SerializedColumn
#         __class__: astropy.units.quantity.Quantity
#         unit: !astropy.units.Unit {unit: mas / yr}
#         value: !astropy.table.SerializedColumn {name: SkyCoord.pm_ra_cosdec}
#       ra: !astropy.table.SerializedColumn
#         __class__: astropy.coordinates.angles.Longitude
#         unit: *id001
#         value: !astropy.table.SerializedColumn {name: SkyCoord.ra}
#         wrap_angle: !astropy.coordinates.Angle
#           unit: *id001
#           value: 360.0
#       representation_type: spherical
# schema: astropy-2.0
RA_ICRS_1 DE_ICRS_1 e_RA_ICRS e_DE_ICRS _r_1 HIP TYC2 Source rgeo Plx e_Plx pmRA pmDE e_pmRA e_pmDE RUWE Teff logg Gmag BP-RP BPmag RPmag RV e_RV b_rgeo B_rgeo FG e_FG FBP e_FBP FRP e_FRP RAVE5 RAVE6 e_Gmag e_BPmag e_RPmag e_BP-RP SkyCoord.ra SkyCoord.dec SkyCoord.distance SkyCoord.pm_ra_cosdec SkyCoord.pm_dec rmRA rmDE e_rmRA e_rmDE rRV e_rRV v_pec v_pec3d e_vpec e_vpec3d
[from data line 1455]
271.32988670282 -23.58651119293 0.0398 0.0372 8.976 "" "" 4066174220674621184 1998.91846 0.4712 0.0576 0.952 -0.327 0.049 0.036 0.986 7079.4 4.2866 15.578011 1.159934 16.000443 14.840508 "" "" 1819.05554 2228.77246 11059.67519 5.4359 5435.5 10.397 9182.4 16.235 "" "" 0.0028065223375136725 0.0034782337 0.0042389566 0.0077171903 271.32988670282 -23.58651119293 1998.91846 0.952 -0.327 0.9269999996274709 0.9850000362396241 0.049 0.036 "" "" 12.815809551112137 "" 0.5459912114933883 ""
271.30270144949 -23.79960878871 0.0347 0.0284 6.5716 "" "" 4066158067268622464 2856.34912 0.3262 0.0422 -0.042 -1.471 0.042 0.03 0.923 9224.9 3.3935 15.580053 1.197028 16.08998 14.892951 "" "" 2509.66211 3299.72607 11038.89258 4.4694 5005.2 12.428 8749.4 16.427 "" "" 0.002790166475156465 0.0038798114 0.0042940755 0.008173887 271.30270144949 -23.79960878871 2856.34912 -0.041999999999999996 -1.4710000000000019 -0.06700000037252904 -0.15899996376037606 0.042 0.03 "" "" 2.336032947062203 "" 0.07498200137179994 ""
271.0543462434 -23.73444078702 0.037 0.0324 10.0859 "" "" 4066150645565497344 2465.76929 0.3785 0.0443 -1.479 -4.512 0.047 0.034 0.97 6920.1 4.0619 15.580625 1.40706 16.211113 14.804053 "" "" 2207.63599 2785.5647 11033.08774 4.8777 4476.8 14.32 9495.9 22.62 "" "" 0.0027968179301339096 0.00445494 0.0045795995 0.00903454 271.0543462434 -23.73444078702 2465.76929 -1.479 -4.512 -1.5040000003725291 -3.1999999637603755 0.047 0.034 "" "" 41.325755527903794 "" 1.5164477852432003 ""
271.21889911604 -23.88939918453 0.0348 0.03 10.876 "" "" 4066133809292958592 2379.03589 0.3907 0.0436 -1.019 -10.103 0.044 0.031 0.952 4803.0 3.4322 15.581632 2.233103 16.742325 14.509222 "" "" 2127.36133 2653.29956 11022.85433 5.4941 2744.6 12.912 12459.0 40.441 "" "" 0.0028079610142895456 0.005820245 0.005167577 0.010987822 271.21889911604 -23.88939918453 2379.03589 -1.019 -10.103 -1.044000000372529 -8.790999963760376 0.044 0.031 "" "" 99.8294635699132 "" 3.1164698661715957 ""
271.42393479321 -23.9021108625 0.0525 0.0422 15.5303 "" "" 4066153158153838592 2284.54761 0.4107 0.0645 -1.224 -4.447 0.054 0.041 0.982 5785.1 3.5497 15.582822 1.810878 16.100998 14.29012 "" "" 2049.02075 2751.32153 11010.77809 18.709 4954.7 105.54 15244.0 234.09 "" "" 0.003315900363218584 0.023294952 0.017095776 0.04039073 271.42393479321 -23.9021108625 2284.54761 -1.224 -4.446999999999999 -1.249000000372529 -3.134999963760376 0.054 0.041 "" "" 36.5432012052646 "" 1.5718568281406395 ""
271.55411703381 -23.57167563963 0.0336 0.0298 19.3337 "" "" 4066168963634578304 2789.46655 0.3307 0.0402 -2.469 -4.412 0.042 0.031 1.071 6905.9 3.9053 15.58388 1.240656 16.092417 14.851761 "" "" 2518.52734 3159.46191 11000.0446 4.8194 4994.0 17.517 9087.7 32.346 "" "" 0.00279608103248963 0.004721069 0.0054053604 0.010126429 271.55411703381 -23.57167563963 2789.46655 -2.4689999999999994 -4.412 -2.494000000372529 -3.099999963760376 0.042 0.031 "" "" 52.606625902091146 "" 1.8795514153370443 ""
271.19110740634 -23.72853178712 0.0381 0.0317 2.7261 "" "" 4066171231376817408 2750.43091 0.3166 0.046 0.359 3.353 0.049 0.033 0.955 4959.4 2.9652 15.584432 2.515721 16.959269 14.443547 -59.72 5.39 2430.68579 3114.33862 10994.46373 6.5058 2247.6 8.4204 13235.0 15.255 "" "" 0.0028292319563187045 0.004932585 0.0039811865 0.008913772 271.19110740634 -23.72853178712 2750.43091 0.35899999999999993 3.3529999999999998 0.33399999962747096 4.665000036239624 0.049 0.033 -68.211 6.0944443 60.973484531857345 91.49047129049367 2.018297098695306 4.738644754729274
271.08294360335 -23.4510174476 0.0383 0.035 17.6033 "" "" 4069184924013371392 1911.52991 0.4941 0.052 0.138 -2.427 0.047 0.033 1.056 "" "" 15.585821 1.244788 16.113619 14.868831 "" "" 1711.02283 2177.03784 10980.40117 5.7956 4897.4 13.435 8945.9 18.678 "" "" 0.0028142838905454676 0.004081233 0.004407099 0.008488332 271.08294360335 -23.4510174476 1911.52991 0.138 -2.4270000000000014 0.11299999962747098 -1.114999963760376 0.047 0.033 "" "" 10.154375236714982 "" 0.33684167419450867 ""
271.31920175924 -23.41596419677 0.0381 0.0344 18.1586 "" "" 4066185284510154752 2223.61792 0.419 0.0418 -3.678 -5.511 0.045 0.034 1.037 "" "" 15.586427 1.38902 16.084862 14.695842 "" "" 2010.16711 2517.82568 10974.28064 9.6423 5028.9 155.8 10491.0 51.527 "" "" 0.0029157886749829037 0.03375264 0.0065361136 0.040288754 271.31920175924 -23.41596419677 2223.61792 -3.678000000000002 -5.511 -3.703000000372529 -4.198999963760376 0.045 0.034 "" "" 59.00847594504161 "" 2.3127769890622605 ""
270.94341188786 -23.82498253619 0.0352 0.0291 17.504 "" "" 4066149172423193600 2547.88794 0.36 0.0377 -0.785 -2.055 0.039 0.029 0.975 "" "" 15.586601 1.363842 16.17907 14.815228 "" "" 2339.97583 2821.04395 10972.51836 4.677 4610.9 23.403 9398.7 25.684 "" "" 0.0027939157771862287 0.0061768387 0.004804881 0.01098172 270.94341188786 -23.82498253619 2547.88794 -0.7849999999999998 -2.055 -0.8100000003725291 -0.7429999637603761 0.039 0.029 "" "" 13.274522398401778 "" 0.46180884274745954 ""
271.17266697697 -23.57816728492 0.0409 0.0365 8.5716 "" "" 4066177691007915264 2824.85645 0.3251 0.0539 -0.691 -1.981 0.052 0.036 1.095 7077.5 4.1522 15.587461 1.179944 15.976125 14.796181 "" "" 2440.99365 3381.07568 10963.8405 6.4284 5558.6 18.001 9565.0 22.361 "" "" 0.0028279046977560986 0.004488617 0.0045526177 0.009041235 271.17266697697 -23.57816728492 2824.85645 -0.691 -1.9810000000000003 -0.716000000372529 -0.6689999637603761 0.052 0.036 "" "" 13.120772622412314 "" 0.5937386058131986 ""
271.57854217925 -23.63655933811 0.0322 0.0287 19.326 "" "" 4066167726683097984 2303.50317 0.3837 0.0388 -1.032 -3.137 0.039 0.029 0.911 6872.9 4.0951 15.588655 1.266177 16.140484 14.874307 "" "" 2148.33862 2574.0 10951.78464 4.0163 4777.8 12.032 8900.9 13.698 "" "" 0.002783940839346684 0.003906537 0.004132263 0.0080388 271.57854217925 -23.63655933811 2303.50317 -1.032 -3.137 -1.057000000372529 -1.824999963760376 0.039 0.029 "" "" 23.027319539022894 "" 0.7324741240131661 ""
271.38613557592 -23.53318350858 0.0346 0.0301 13.3908 "" "" 4066180641618022272 2616.92578 0.3388 0.0428 -0.989 -2.071 0.048 0.034 0.955 "" "" 15.59135 1.141998 16.072407 14.930409 "" "" 2366.34644 3012.33594 10924.63817 5.0094 5086.9 16.816 8452.7 15.303 "" "" 0.0027999373364700894 0.004546117 0.0042599873 0.008806104 271.38613557592 -23.53318350858 2616.92578 -0.989 -2.071 -1.014000000372529 -0.7589999637603762 0.048 0.034 "" "" 15.711202220092973 "" 0.6833495136226794 ""
271.40779435824 -23.79958456169 0.036 0.0323 10.9033 "" "" 4066158930590056576 2451.59229 0.3802 0.0512 3.71 1.115 0.044 0.033 1.028 6445.8 3.7372 15.591677 1.911116 16.536348 14.625233 "" "" 2168.22266 2729.75073 10921.34163 5.0268 3318.0 14.802 11196.0 18.791 "" "" 0.0028002722437228096 0.0055897688 0.0041957567 0.0097855255 271.40779435824 -23.79958456169 2451.59229 3.71 1.1150000000000002 3.684999999627471 2.4270000362396242 0.044 0.033 "" "" 51.27487283701335 "" 2.1014868580631334 ""
271.59363499373 -23.60210769763 0.0338 0.0301 20.6812 "" "" 4066167928524165760 2787.81396 0.326 0.04 0.878 -2.8 0.041 0.031 0.95 6932.3 3.9792 15.591928 1.276156 16.140797 14.86464 "" "" 2565.21411 3084.49902 10918.81352 5.3955 4776.4 14.709 8980.5 15.937 "" "" 0.002807068934244708 0.0043548043 0.00424219 0.008596994 271.59363499373 -23.60210769763 2787.81396 0.8779999999999999 -2.8 0.852999999627471 -1.4879999637603758 0.041 0.031 "" "" 22.664452098166255 "" 0.7649324037793317 ""
271.47822703434 -23.4693347654 0.0979 0.0854 19.5987 "" "" 4066182260852837504 2290.61938 0.4444 0.1147 -0.484 -1.636 0.124 0.092 3.502 7476.1 4.1421 15.593018 1.177797 16.011606 14.833809 "" "" 1845.29504 3066.04712 10907.86181 13.417 5379.9 12.308 9239.2 28.797 "" "" 0.003061914171270795 0.0037356266 0.005073021 0.008808648 271.47822703434 -23.4693347654 2290.61938 -0.48400000000000015 -1.636 -0.509000000372529 -0.3239999637603759 0.124 0.092 "" "" 6.551125988325644 "" 0.7578642473519376 ""
271.14635968994 -23.57331467014 0.0403 0.036 9.4999 "" "" 4066176488417424896 2553.93384 0.3566 0.0537 0.872 1.251 0.049 0.035 1.104 4871.1 3.5007 15.593764 1.791593 16.46685 14.675258 "" "" 2243.78345 2968.68384 10900.3664 5.386 3537.3 21.569 10692.0 16.957 "" "" 0.0028070616168006136 0.0071843145 0.004153162 0.011337476 271.14635968994 -23.57331467014 2553.93384 0.872 1.2509999999999997 0.846999999627471 2.563000036239624 0.049 0.035 "" "" 32.67712494040284 "" 1.1965307028060357 ""
271.50012409049 -23.72611789939 0.0362 0.0334 14.5567 "" "" 4066162568394753152 2838.12402 0.3282 0.0512 0.335 -1.01 0.043 0.033 0.983 8408.6 2.9836 15.594007 1.579642 16.310944 14.731301 "" "" 2480.4375 3477.41211 10897.93362 5.2261 4083.6 18.856 10154.0 24.367 "" "" 0.0028040828784301943 0.005737511 0.0045904573 0.010327969 271.50012409049 -23.72611789939 2838.12402 0.3350000000000004 -1.01 0.309999999627471 0.302000036239624 0.043 0.033 "" "" 5.8221482820929635 "" 0.22390175900078288 ""
270.97100226743 -23.9238396117 0.0366 0.03 19.4359 "" "" 4066138997613316096 2731.89087 0.3226 0.0378 -0.111 0.199 0.046 0.032 0.899 7419.3 3.5653 15.59472 2.662816 17.080368 14.417552 35.26 7.97 2469.50366 3005.97827 10890.77361 6.0819 2010.3 10.157 13556.0 14.458 "" "" 0.0028212441124911497 0.0061544706 0.003952802 0.010107273 270.97100226743 -23.9238396117 2731.89087 -0.111 0.199 -0.13600000037252902 1.511000036239624 0.046 0.032 26.769 8.674444 19.645280179425818 33.204162304267534 0.6313369265393554 7.003254375407553
271.59363689631 -23.60323282444 0.0358 0.0319 20.6605 "" "" 4066167932841564416 2353.18872 0.3957 0.0422 -0.492 -0.773 0.044 0.032 1.107 6785.8 3.6103 15.596539 1.361034 16.159187 14.798153 "" "" 2138.13037 2583.24756 10872.55249 10.299 4696.2 11.551 9547.7 19.953 "" "" 0.0029410068784967254 0.0038622236 0.004408182 0.008270405 271.59363689631 -23.60323282444 2353.18872 -0.4920000000000003 -0.7729999999999998 -0.517000000372529 0.539000036239624 0.044 0.032 "" "" 8.33063799602867 "" 0.3184231229948125 ""
271.31074586403 -23.4597723818 0.044 0.0407 15.4991 "" "" 4066184837833485696 2447.08423 0.3829 0.0504 0.441 -1.404 0.046 0.036 0.938 7082.1 4.3079 15.596969 1.242087 16.138218 14.896131 "" "" 2147.96582 2784.09253 10868.24168 4.4887 4787.7 11.835 8723.8 12.123 "" "" 0.002791571324986477 0.0038714781 0.0040694196 0.007940898 271.31074586403 -23.4597723818 2447.08423 0.44100000000000006 -1.404 0.415999999627471 -0.09199996376037589 0.046 0.036 "" "" 4.9418492479395075 "" 0.22526186389296823 ""
271.13408115488 -23.5655905121 0.0382 0.0332 10.2514 "" "" 4069178911059735680 2012.79321 0.4791 0.0499 1.284 -0.136 0.045 0.032 0.999 6527.5 4.1866 15.598078 1.318791 16.17998 14.861188 "" "" 1821.57788 2227.47241 10857.14445 4.5825 4607.1 36.692 9009.1 22.268 "" "" 0.0027931686098603267 0.009086063 0.0046352614 0.0137213245 271.13408115488 -23.5655905121 2012.79321 1.284 -0.136 1.258999999627471 1.176000036239624 0.045 0.032 "" "" 16.43666202222774 "" 0.6489007745949703 ""
270.95035762565 -23.85568016375 0.0405 0.0331 17.9806 "" "" 4066148210350491648 2687.31836 0.328 0.0414 -0.119 -2.601 0.05 0.035 1.012 4740.8 2.547 15.598627 2.484988 16.95442 14.469432 5.74 7.09 2366.3645 3084.84375 10851.65405 5.9556 2257.6 9.2137 12924.0 17.925 "" "" 0.0028190165451940667 0.0052363803 0.0040683364 0.009304717 270.95035762565 -23.85568016375 2687.31836 -0.119 -2.601 -0.14400000037252902 -1.288999963760376 0.05 0.035 -2.7509999999999994 7.7944446 16.521277312286497 16.748749357175075 0.5819421572049699 1.4030501454770414
271.05326608876 -23.56227118081 0.0626 0.053 13.3403 "" "" 4069179456507541376 2247.83374 0.4317 0.083 -1.145 -1.508 0.066 0.048 1.518 4948.3 2.6254 15.598763 2.043663 16.621483 14.57782 "" "" 1889.52893 2609.9231 10850.29024 7.6249 3067.8 10.416 11696.0 12.137 "" "" 0.0028590100406442956 0.004623238 0.0039437446 0.008566983 271.05326608876 -23.56227118081 2247.83374 -1.145 -1.508 -1.170000000372529 -0.19599996376037598 0.066 0.048 "" "" 12.639745743833588 "" 0.828842189127727 ""
271.14959838996 -23.40350664038 0.0355 0.0345 18.921 "" "" 4069188424395955200 2331.99829 0.3907 0.0509 0.681 -1.659 0.04 0.031 0.982 7682.7 3.4733 15.600561 1.161533 16.097065 14.935532 "" "" 2056.59985 2624.24219 10832.34007 4.7321 4972.7 11.828 8412.9 18.517 "" "" 0.002795845633365947 0.0038019004 0.004471526 0.008273426 271.14959838996 -23.40350664038 2331.99829 0.6809999999999997 -1.659 0.655999999627471 -0.346999963760376 0.04 0.031 "" "" 8.203172434502891 "" 0.31347453241590545 ""
271.31062570937 -23.79195405959 0.0365 0.0301 6.4637 "" "" 4066158449553886080 1958.56958 0.4763 0.0433 -0.353 -2.831 0.044 0.031 1.019 7985.4 3.6164 15.601076 1.422801 16.233969 14.811168 "" "" 1792.03088 2125.50781 10827.20431 4.2683 4383.6 10.6 9433.9 16.167 "" "" 0.002788366826593231 0.0038311738 0.0042125657 0.00804374 271.31062570937 -23.79195405959 1958.56958 -0.3530000000000003 -2.8310000000000026 -0.378000000372529 -1.518999963760376 0.044 0.031 "" "" 14.531889693812362 "" 0.46362337508427043 ""
271.27360191808 -23.56602984479 0.0395 0.0387 8.8142 "" "" 4066177171284312576 2297.42236 0.4074 0.0584 0.09 -1.461 0.049 0.035 1.021 8730.1 4.1257 15.602203 1.000643 16.01793 15.017286 "" "" 2010.72192 2649.83838 10815.96664 4.9043 5348.7 17.5 7802.7 17.543 "" "" 0.0027989561615759176 0.0045170947 0.004499181 0.009016275 271.27360191808 -23.56602984479 2297.42236 0.09000000000000001 -1.4609999999999996 0.06499999962747097 -0.14899996376037605 0.049 0.035 "" "" 1.7702508494299112 "" 0.06654399641691411 ""
271.16985384589 -23.43206694458 0.0353 0.0351 16.9952 "" "" 4069182278313429248 2343.63525 0.3869 0.0518 1.049 -0.295 0.041 0.031 1.067 "" "" 15.60265 1.056013 16.040714 14.984701 "" "" 2119.26782 2580.51196 10811.51958 5.0895 5237.6 10.634 8040.4 23.388 "" "" 0.002802324176201914 0.0035558948 0.004925237 0.008481132 271.16985384589 -23.43206694458 2343.63525 1.049 -0.2949999999999998 1.023999999627471 1.017000036239624 0.041 0.031 "" "" 16.032414476782694 "" 0.5832515191925539 ""
271.22886976058 -23.65910326491 0.0473 0.0392 3.0057 "" "" 4066172086042615680 2243.30566 0.4391 0.0616 1.178 -2.076 0.06 0.038 1.031 5209.0 4.2824 15.603535 1.274357 16.162502 14.888145 "" "" 1988.06689 2499.60498 10802.71049 5.3768 4681.8 17.129 8788.2 16.764 "" "" 0.0028078144008259584 0.004854309 0.0043096635 0.009163972 271.22886976058 -23.65910326491 2243.30566 1.1780000000000015 -2.0759999999999996 1.152999999627471 -0.763999963760376 0.06 0.038 "" "" 14.707409705607152 "" 0.7977594665559343 ""
271.16156807817 -23.5434318255 0.0384 0.0339 10.7283 "" "" 4069180422887379968 2294.75806 0.4051 0.0502 0.466 -1.063 0.046 0.034 0.945 8717.3 4.2128 15.603982 1.062658 16.047817 14.985159 "" "" 2083.896 2621.97339 10798.26584 5.1927 5203.4 13.905 8037.0 22.729 "" "" 0.0028043520035725402 0.0040253187 0.0048694727 0.008894792 271.16156807817 -23.5434318255 2294.75806 0.466 -1.063 0.440999999627471 0.24900003623962408 0.046 0.034 "" "" 5.508631312035939 "" 0.23909828065654354 ""
270.95097774216 -23.48478809052 0.0342 0.0282 20.6375 "" "" 4069183858846703616 2289.0127 0.4023 0.0401 0.219 0.212 0.042 0.03 0.967 "" "" 15.606362 1.472765 16.264698 14.791933 "" "" 2116.24512 2458.63794 10774.61192 4.5255 4261.3 13.301 9602.5 19.892 "" "" 0.0027928030280481362 0.004389772 0.004398 0.008787772 270.95097774216 -23.48478809052 2289.0127 0.21899999999999983 0.21200000000000016 0.19399999962747097 1.524000036239624 0.042 0.03 "" "" 16.668712697269545 "" 0.503874348438259 ""
