Clusters/UBC_198/UBC_198_members.tsv
# %ECSV 1.0
# ---
# datatype:
# - name: RA_ICRS_1
#   unit: deg
#   datatype: float64
#   format: '{:15.11f}'
#   description: Right ascension (ICRS) at Ep=2016.0 (ra)
#   meta: !!omap
#   - {ucd: POS_EQ_RA_MAIN}
#   - {width: 15}
#   - {precision: '11'}
# - name: DE_ICRS_1
#   unit: deg
#   datatype: float64
#   format: '{:15.11f}'
#   description: Declination (ICRS) at Ep=2016.0 (dec)
#   meta: !!omap
#   - {ucd: POS_EQ_DEC_MAIN}
#   - {width: 15}
#   - {precision: '11'}
# - name: e_RA_ICRS
#   unit: mas
#   datatype: float64
#   format: '{:7.4f}'
#   description: Standard error of right ascension (ra_error)
#   meta: !!omap
#   - {ucd: ERROR}
#   - {width: 7}
#   - {precision: '4'}
# - name: e_DE_ICRS
#   unit: mas
#   datatype: float64
#   format: '{:7.4f}'
#   description: Standard error of declination (dec_error)
#   meta: !!omap
#   - {ucd: ERROR}
#   - {width: 7}
#   - {precision: '4'}
# - name: _r_1
#   unit: ''
#   datatype: float64
#   format: '{:7.4f}'
#   description: Distance from center (082.12320870000+35.70129487000)[ICRS], at Epoch=J2016.0
#   meta: !!omap
#   - {ucd: POS_ANG_DIST_GENERAL}
#   - {width: 7}
#   - {precision: '4'}
# - name: HIP
#   datatype: int32
#   description: '? HIP cross-id number, van Leeuwen, Cat. I/311 (hip_original_ext_source_id)'
#   meta: !!omap
#   - {ucd: ID_NUMBER}
#   - {width: 6}
#   - values: {'null': -2147483648}
# - name: TYC2
#   datatype: string
#   description: Tycho-2 cross-id name, Hog et al., Cat. I/259 (tyc2_original_ext_source_id)
#   meta: !!omap
#   - {ucd: ID_CROSSID}
#   - {_votable_string_dtype: char}
# - name: Source
#   datatype: int64
#   description: Source identifier, identical to the Gaia-EDR3 source_id (id)
#   meta: !!omap
#   - {ucd: ID_MAIN}
#   - {width: 19}
# - name: rgeo
#   unit: pc
#   datatype: float64
#   format: '{:15.8f}'
#   description: '? Median of the geometric distance posterior (r_med_geo)'
#   meta: !!omap
#   - {ucd: PHYS_DISTANCE_TRUE}
#   - {width: 15}
#   - {precision: '8'}
#   - values: {'null': .nan}
# - name: Plx
#   unit: mas
#   datatype: float64
#   format: '{:9.4f}'
#   description: '? Parallax (parallax)'
#   meta: !!omap
#   - {ucd: POS_PARLX_TRIG}
#   - {width: 9}
#   - {precision: '4'}
#   - values: {'null': .nan}
# - name: e_Plx
#   unit: mas
#   datatype: float32
#   format: '{:7.4f}'
#   description: '? Standard error of parallax (parallax_error)'
#   meta: !!omap
#   - {ucd: ERROR}
#   - {width: 7}
#   - {precision: '4'}
#   - values: {'null': .nan}
# - name: pmRA
#   unit: mas / yr
#   datatype: float64
#   format: '{:9.3f}'
#   description: '? Proper motion in right ascension direction, pmRA*cosDE (pmra)'
#   meta: !!omap
#   - {ucd: POS_EQ_PMRA}
#   - {width: 9}
#   - {precision: '3'}
#   - values: {'null': .nan}
# - name: pmDE
#   unit: mas / yr
#   datatype: float64
#   format: '{:9.3f}'
#   description: '? Proper motion in declination direction (pmdec)'
#   meta: !!omap
#   - {ucd: POS_EQ_PMDEC}
#   - {width: 9}
#   - {precision: '3'}
#   - values: {'null': .nan}
# - name: e_pmRA
#   unit: mas / yr
#   datatype: float32
#   format: '{:6.3f}'
#   description: '? Standard error of proper motion in right ascension direction (pmra_error)'
#   meta: !!omap
#   - {ucd: ERROR}
#   - {width: 6}
#   - {precision: '3'}
#   - values: {'null': .nan}
# - name: e_pmDE
[...]
#         unit: &id001 !astropy.units.Unit {unit: deg}
#         value: !astropy.table.SerializedColumn {name: SkyCoord.dec}
#       distance: !astropy.table.SerializedColumn
#         __class__: astropy.coordinates.distances.Distance
#         unit: !astropy.units.Unit {unit: pc}
#         value: !astropy.table.SerializedColumn {name: SkyCoord.distance}
#       frame: icrs
#       obstime: !astropy.time.Time {format: jyear_str, in_subfmt: '*', jd1: 367701545.0, jd2: 0.0, out_subfmt: '*', precision: 3, scale: tt}
#       pm_dec: !astropy.table.SerializedColumn
#         __class__: astropy.units.quantity.Quantity
#         unit: !astropy.units.Unit {unit: mas / yr}
#         value: !astropy.table.SerializedColumn {name: SkyCoord.pm_dec}
#       pm_ra_cosdec: !astropy.table.SerializedColumn
#         __class__: astropy.units.quantity.Quantity
#         unit: !astropy.units.Unit {unit: mas / yr}
#         value: !astropy.table.SerializedColumn {name: SkyCoord.pm_ra_cosdec}
#       ra: !astropy.table.SerializedColumn
#         __class__: astropy.coordinates.angles.Longitude
#         unit: *id001
#         value: !astropy.table.SerializedColumn {name: SkyCoord.ra}
#         wrap_angle: !astropy.coordinates.Angle
#           unit: *id001
#           value: 360.0
#       representation_type: spherical
# schema: astropy-2.0
RA_ICRS_1 DE_ICRS_1 e_RA_ICRS e_DE_ICRS _r_1 HIP TYC2 Source rgeo Plx e_Plx pmRA pmDE e_pmRA e_pmDE RUWE Teff logg Gmag BP-RP BPmag RPmag RV e_RV b_rgeo B_rgeo FG e_FG FBP e_FBP FRP e_FRP RAVE5 RAVE6 e_Gmag e_BPmag e_RPmag e_BP-RP SkyCoord.ra SkyCoord.dec SkyCoord.distance SkyCoord.pm_ra_cosdec SkyCoord.pm_dec Pmemb
[from data line 40]
82.40259913398 35.94649800016 0.0288 0.0222 20.0298 "" "" 183355765938565760 1818.73987 0.515 0.0319 0.013 -1.995 0.035 0.025 1.097 8342.4 4.2495 14.694115 0.671911 14.947819 14.275908 "" "" 1709.14209 1940.8197 24963.23681 10.03 14331.0 24.043 15445.0 18.568 "" "" 0.002789640430980058 0.0033321197 0.0039984332 0.0073305527 82.40259913398 35.94649800016 1818.73987 0.013000000000000012 -1.9950000000000006 0.97
82.28968030854 35.82465187117 0.0252 0.0197 10.9759 "" "" 183347588320924416 1829.58167 0.5105 0.0308 -0.073 -2.036 0.029 0.022 0.983 7995.0 4.1767 14.788781 0.734784 15.073398 14.338613 "" "" 1748.0094 1931.54895 22878.85744 9.6956 12766.0 16.199 14579.0 14.144 "" "" 0.0027934733778285986 0.0031117732 0.0039234236 0.0070351968 82.28968030854 35.82465187117 1829.58167 -0.07299999999999995 -2.0360000000000005 0.86
81.92360564815 35.72884686853 0.0221 0.0164 9.8633 "" "" 183337177320364928 1888.9729 0.4882 0.0243 -0.039 -1.944 0.029 0.021 0.994 9330.4 4.0782 14.815118 0.745709 15.099677 14.353968 "" "" 1804.05334 1964.32166 22330.55787 7.0034 12461.0 31.457 14374.0 13.115 "" "" 0.002776281413890431 0.0039111925 0.0039070565 0.007818249 81.92360564815 35.72884686853 1888.9729 -0.03899999999999995 -1.944 0.94
81.94321615479 35.72100655008 0.0214 0.0164 8.8483 "" "" 183337108600884864 1719.68408 0.5384 0.0245 -0.034 -1.971 0.028 0.021 0.985 9347.2 4.1768 14.819502 0.73898 15.105569 14.366589 "" "" 1650.95056 1803.34094 22240.57195 7.9328 12393.0 14.373 14208.0 23.053 "" "" 0.002782402060903091 0.0030611495 0.0041697873 0.0072309365 81.94321615479 35.72100655008 1719.68408 -0.034 -1.9710000000000005 0.98
82.2108291659 35.81937380106 0.026 0.0202 8.27 "" "" 183350337100021888 1836.63318 0.5077 0.0306 0.005 -1.994 0.031 0.024 1.018 "" "" 15.011643 0.790049 15.322765 14.532717 "" "" 1747.3606 1932.46594 18633.2835 7.1015 10146.0 15.604 12192.0 22.912 "" "" 0.0027862188566526607 0.00325166 0.004294986 0.0075466456 82.2108291659 35.81937380106 1836.63318 0.0050000000000000044 -1.9939999999999998 0.98
82.06408281872 35.71615700487 0.0271 0.0206 3.0155 "" "" 183326246624984576 1924.52515 0.4874 0.0319 -0.136 -2.001 0.033 0.026 0.93 7302.0 4.1775 15.08627 1.143749 15.568109 14.424359 "" "" 1816.80029 2063.70728 17395.57436 5.9371 8094.2 21.386 13471.0 17.055 "" "" 0.002780126790633405 0.004001786 0.004021598 0.008023384 82.06408281872 35.71615700487 1924.52515 -0.13599999999999998 -2.001 0.98
82.05093868354 35.7257934977 0.0389 0.0296 3.8153 "" "" 183324842174251776 1952.42981 0.484 0.0424 0.207 -1.941 0.048 0.037 1.433 8564.2 4.1693 15.093973 0.896429 15.426533 14.530104 "" "" 1776.03528 2105.14673 17272.59786 10.231 9221.5 14.783 12221.0 14.328 "" "" 0.002829377821239289 0.0032885477 0.0039879903 0.007276538 82.05093868354 35.7257934977 1952.42981 0.207 -1.9410000000000003 0.94
82.00752271966 35.7821985686 0.028 0.0217 7.4366 "" "" 183327419154618240 1894.50964 0.4982 0.032 0.004 -1.984 0.036 0.027 1.086 8595.9 4.2054 15.292892 0.947757 15.67832 14.730563 "" "" 1794.27576 2023.60278 14381.02186 5.0366 7312.9 11.498 10161.0 7.8386 "" "" 0.002781435123281892 0.003270965 0.003871081 0.007142046 82.00752271966 35.7821985686 1894.50964 0.003999999999999948 -1.9839999999999995 0.95
81.9422328156 35.56617774589 0.0323 0.0255 11.9838 "" "" 183317794128965120 1988.0188 0.4581 0.0398 0.086 -2.031 0.044 0.033 1.112 9212.4 4.2302 15.323233 0.91647 15.690859 14.774389 "" "" 1826.30359 2192.25537 13984.71967 6.0519 7228.9 14.302 9758.9 14.537 "" "" 0.002795094186621752 0.0035212585 0.0041108974 0.007632156 81.9422328156 35.56617774589 1988.0188 0.086 -2.031 0.95
82.10245168311 35.62375280159 0.0289 0.0222 4.7613 "" "" 183321062603058176 1775.78113 0.5233 0.0356 0.026 -1.926 0.036 0.029 1.089 8131.7 4.4255 15.324413 0.968961 15.719414 14.750453 "" "" 1676.81067 1878.55554 13969.52139 5.3216 7041.3 21.603 9976.5 13.996 "" "" 0.002786190568569042 0.0043452466 0.004074775 0.008420022 82.10245168311 35.62375280159 1775.78113 0.025999999999999995 -1.9260000000000002 0.98
82.06740181288 35.82369083697 0.028 0.0221 7.8303 "" "" 183327968910394624 1872.35767 0.4945 0.0326 0.008 -2.059 0.035 0.027 0.921 9093.2 4.4627 15.438024 1.041453 15.869953 14.8285 "" "" 1760.34656 1990.26807 12581.63669 4.1678 6129.6 21.724 9284.5 19.985 "" "" 0.002778694990572809 0.004753098 0.0044436 0.009196698 82.06740181288 35.82369083697 1872.35767 0.008000000000000007 -2.059 0.97
81.86239054325 35.56055079817 0.0326 0.0237 15.2674 "" "" 183318279464342016 1814.91614 0.5129 0.0366 0.048 -1.99 0.047 0.031 1.028 9265.4 4.2487 15.569403 1.209011 16.083067 14.874056 "" "" 1708.0708 1938.57202 11147.71375 4.2639 5037.2 17.311 8903.0 14.178 "" "" 0.002786440461047353 0.0046591265 0.004156113 0.00881524 81.86239054325 35.56055079817 1814.91614 0.048000000000000015 -1.9900000000000002 0.93
82.3539687875 35.73691333039 0.036 0.0289 11.4424 "" "" 183299450327933312 1711.45862 0.5476 0.0405 -0.037 -2.004 0.043 0.034 1.039 6064.3 4.3064 15.622204 1.104611 16.083618 14.979007 "" "" 1596.79578 1810.6687 10618.55 5.0654 5034.7 21.642 8082.7 16.222 "" "" 0.0028035768384218887 0.0054375515 0.004362579 0.0098001305 82.3539687875 35.73691333039 1711.45862 -0.03700000000000003 -2.0040000000000004 0.87
82.21715090611 35.44368046736 0.032 0.0255 16.1225 "" "" 183268217325913856 1623.30371 0.5712 0.038 -0.051 -1.922 0.042 0.033 0.951 9062.0 4.4853 15.627232 1.049106 16.061396 15.01229 "" "" 1540.94202 1725.60596 10569.48907 4.2463 5138.8 12.384 7838.7 17.839 "" "" 0.0027896336236508247 0.0038250764 0.0045154127 0.008340489 82.21715090611 35.44368046736 1623.30371 -0.05100000000000002 -1.9219999999999997 0.97
82.43979626723 35.89801191055 0.0369 0.0303 19.408 "" "" 183354662128973824 1698.7655 0.5441 0.0418 -0.049 -1.962 0.047 0.036 1.034 7276.9 4.3806 15.630874 1.010446 16.048065 15.03762 "" "" 1583.19922 1841.30554 10534.09944 4.8921 5202.2 16.173 7657.9 17.737 "" "" 0.002801076525827809 0.0043793274 0.00453957 0.008918897 82.43979626723 35.89801191055 1698.7655 -0.04899999999999996 -1.9619999999999997 0.97
82.32161634797 35.57846644835 0.0373 0.0313 12.1619 "" "" 183273779304175616 1744.84412 0.5279 0.0439 0.043 -1.905 0.047 0.037 1.078 7025.9 4.2564 15.79808 1.05119 16.236818 15.185628 "" "" 1616.30371 1889.7594 9030.56812 4.1604 4372.1 13.839 6682.0 19.789 "" "" 0.002800355360934916 0.004426715 0.0049621407 0.009388856 82.32161634797 35.57846644835 1744.84412 0.043 -1.905 0.96
82.15915319429 35.81540572645 0.0402 0.033 7.0668 "" "" 183350440179259264 1893.24585 0.4951 0.045 0.047 -1.966 0.048 0.037 0.959 6328.2 4.3658 15.847938 1.079167 16.301804 15.222636 "" "" 1725.34521 2069.93628 8625.24754 3.8319 4118.1 14.888 6458.1 16.024 "" "" 0.0027972228851640265 0.004815847 0.0046412414 0.009457089 82.15915319429 35.81540572645 1893.24585 0.047 -1.9659999999999997 0.95
82.17260837932 35.83038812861 0.0393 0.0318 8.1104 "" "" 183350573319999232 1880.70007 0.5063 0.0454 -0.027 -1.975 0.05 0.037 1.061 7182.6 4.3546 15.867036 1.056254 16.309366 15.253112 "" "" 1724.90259 2035.42859 8474.85918 3.816 4089.5 18.142 6279.3 11.137 "" "" 0.002798355003390141 0.005566376 0.0042416886 0.009808064 82.17260837932 35.83038812861 1880.70007 -0.027000000000000024 -1.9749999999999999 0.96
81.79333257853 35.4806152407 0.0438 0.0307 20.8416 "" "" 183316114800874240 1797.87146 0.5498 0.0493 0.038 -1.986 0.058 0.039 1.041 7448.3 4.2179 15.956513 1.470163 16.626127 15.155964 "" "" 1637.91614 1992.59924 7804.43066 4.0046 3054.7 14.384 6867.1 10.793 "" "" 0.002811078576376235 0.0058243414 0.0041467687 0.00997111 81.79333257853 35.4806152407 1797.87146 0.03799999999999998 -1.9860000000000002 0.94
82.06292631664 35.78453828387 0.0392 0.0312 5.7935 "" "" 183327311777022336 1913.25842 0.4964 0.0439 0.065 -1.987 0.051 0.039 0.982 6439.2 4.3492 16.005304 1.170974 16.503866 15.332892 "" "" 1733.09216 2119.73438 7461.47555 3.6768 3418.8 11.435 5834.5 12.834 "" "" 0.002806783788407818 0.0045796162 0.004470743 0.009050359 82.06292631664 35.78453828387 1913.25842 0.06499999999999999 -1.987 0.84
81.78144680236 35.78186111398 0.0426 0.0315 17.3314 "" "" 183335734211373184 1735.51697 0.5482 0.0476 -0.218 -1.978 0.053 0.039 1.039 9291.1 4.3014 16.013792 1.274322 16.570322 15.296 "" "" 1615.73535 1875.66406 7403.37605 3.795 3215.8 12.858 6036.1 11.911 "" "" 0.002810967861179061 0.0051605203 0.004344414 0.009504935 81.78144680236 35.78186111398 1735.51697 -0.218 -1.9780000000000002 0.94
82.16800156672 35.66531644249 0.0385 0.03 3.0701 "" "" 183322054736798208 1671.98242 0.5658 0.047 0.027 -1.899 0.048 0.036 1.057 7136.3 4.3905 16.046011 1.207874 16.556816 15.348942 "" "" 1555.77966 1818.37952 7186.91033 3.3911 3256.0 10.925 5748.9 13.47 "" "" 0.002802541459710433 0.0045887507 0.004555806 0.009144557 82.16800156672 35.66531644249 1671.98242 0.02699999999999997 -1.8989999999999998 0.94
81.94141260227 35.68279877159 0.0407 0.0293 8.9281 "" "" 183325185771685760 1749.8197 0.5495 0.0463 -0.156 -1.937 0.057 0.039 0.9 7893.1 4.2003 16.092075 1.169291 16.59194 15.422648 "" "" 1622.25757 1926.67639 6888.37518 3.1508 3152.4 10.633 5371.5 15.028 "" "" 0.0027997188318973298 0.0046039717 0.0048487843 0.0094527565 81.94141260227 35.68279877159 1749.8197 -0.15599999999999992 -1.9369999999999998 0.95
81.90457653 35.50752078977 0.0457 0.0335 15.7775 "" "" 183315702483974272 1619.14417 0.5949 0.0523 -0.032 -1.846 0.062 0.046 1.015 7316.3 4.1681 16.097713 1.245679 16.637072 15.391393 "" "" 1507.51855 1791.85352 6852.69735 3.6591 3024.0 18.331 5528.4 15.093 "" "" 0.002815651558019837 0.0071485625 0.004803116 0.011951678 81.90457653 35.50752078977 1619.14417 -0.032 -1.846 0.97
82.05436410384 35.74403269785 0.0524 0.0419 4.2215 "" "" 183327075557236224 1698.96338 0.5804 0.058 0.028 -1.977 0.066 0.051 0.911 5565.8 4.686 16.697418 1.318652 17.276737 15.958085 "" "" 1527.13257 1893.18762 3944.3873 3.2012 1677.7 8.8479 3280.4 15.409 "" "" 0.0028927914429384264 0.006369612 0.006347751 0.0127173625 82.05436410384 35.74403269785 1698.96338 0.028000000000000025 -1.977 0.93
