Clusters/UBC_198/UBC_198_stars_in_region.tsv
# %ECSV 1.0
# ---
# datatype:
# - name: RA_ICRS_1
#   unit: deg
#   datatype: float64
#   format: '{:15.11f}'
#   description: Right ascension (ICRS) at Ep=2016.0 (ra)
#   meta: !!omap
#   - {ucd: POS_EQ_RA_MAIN}
#   - {width: 15}
#   - {precision: '11'}
# - name: DE_ICRS_1
#   unit: deg
#   datatype: float64
#   format: '{:15.11f}'
#   description: Declination (ICRS) at Ep=2016.0 (dec)
#   meta: !!omap
#   - {ucd: POS_EQ_DEC_MAIN}
#   - {width: 15}
#   - {precision: '11'}
# - name: e_RA_ICRS
#   unit: mas
#   datatype: float64
#   format: '{:7.4f}'
#   description: Standard error of right ascension (ra_error)
#   meta: !!omap
#   - {ucd: ERROR}
#   - {width: 7}
#   - {precision: '4'}
# - name: e_DE_ICRS
#   unit: mas
#   datatype: float64
#   format: '{:7.4f}'
#   description: Standard error of declination (dec_error)
#   meta: !!omap
#   - {ucd: ERROR}
#   - {width: 7}
#   - {precision: '4'}
# - name: _r_1
#   unit: ''
#   datatype: float64
#   format: '{:7.4f}'
#   description: Distance from center (082.12320870000+35.70129487000)[ICRS], at Epoch=J2016.0
#   meta: !!omap
#   - {ucd: POS_ANG_DIST_GENERAL}
#   - {width: 7}
#   - {precision: '4'}
# - name: HIP
#   datatype: int32
#   description: '? HIP cross-id number, van Leeuwen, Cat. I/311 (hip_original_ext_source_id)'
#   meta: !!omap
#   - {ucd: ID_NUMBER}
#   - {width: 6}
#   - values: {'null': -2147483648}
# - name: TYC2
#   datatype: string
#   description: Tycho-2 cross-id name, Hog et al., Cat. I/259 (tyc2_original_ext_source_id)
#   meta: !!omap
#   - {ucd: ID_CROSSID}
#   - {_votable_string_dtype: char}
# - name: Source
#   datatype: int64
#   description: Source identifier, identical to the Gaia-EDR3 source_id (id)
#   meta: !!omap
#   - {ucd: ID_MAIN}
#   - {width: 19}
# - name: rgeo
#   unit: pc
#   datatype: float64
#   format: '{:15.8f}'
#   description: '? Median of the geometric distance posterior (r_med_geo)'
#   meta: !!omap
#   - {ucd: PHYS_DISTANCE_TRUE}
#   - {width: 15}
#   - {precision: '8'}
#   - values: {'null': .nan}
# - name: Plx
#   unit: mas
#   datatype: float64
#   format: '{:9.4f}'
#   description: '? Parallax (parallax)'
#   meta: !!omap
#   - {ucd: POS_PARLX_TRIG}
#   - {width: 9}
#   - {precision: '4'}
#   - values: {'null': .nan}
# - name: e_Plx
#   unit: mas
#   datatype: float32
#   format: '{:7.4f}'
#   description: '? Standard error of parallax (parallax_error)'
#   meta: !!omap
#   - {ucd: ERROR}
#   - {width: 7}
#   - {precision: '4'}
#   - values: {'null': .nan}
# - name: pmRA
#   unit: mas / yr
#   datatype: float64
#   format: '{:9.3f}'
#   description: '? Proper motion in right ascension direction, pmRA*cosDE (pmra)'
#   meta: !!omap
#   - {ucd: POS_EQ_PMRA}
#   - {width: 9}
#   - {precision: '3'}
#   - values: {'null': .nan}
# - name: pmDE
#   unit: mas / yr
#   datatype: float64
#   format: '{:9.3f}'
#   description: '? Proper motion in declination direction (pmdec)'
#   meta: !!omap
#   - {ucd: POS_EQ_PMDEC}
#   - {width: 9}
#   - {precision: '3'}
#   - values: {'null': .nan}
# - name: e_pmRA
#   unit: mas / yr
#   datatype: float32
#   format: '{:6.3f}'
#   description: '? Standard error of proper motion in right ascension direction (pmra_error)'
#   meta: !!omap
#   - {ucd: ERROR}
#   - {width: 6}
#   - {precision: '3'}
#   - values: {'null': .nan}
# - name: e_pmDE
[...]
#         value: !astropy.table.SerializedColumn {name: SkyCoord.dec}
#       distance: !astropy.table.SerializedColumn
#         __class__: astropy.coordinates.distances.Distance
#         unit: !astropy.units.Unit {unit: pc}
#         value: !astropy.table.SerializedColumn {name: SkyCoord.distance}
#       frame: icrs
#       obstime: !astropy.time.Time {format: jyear_str, in_subfmt: '*', jd1: 367701545.0, jd2: 0.0, out_subfmt: '*', precision: 3, scale: tt}
#       pm_dec: !astropy.table.SerializedColumn
#         __class__: astropy.units.quantity.Quantity
#         unit: !astropy.units.Unit {unit: mas / yr}
#         value: !astropy.table.SerializedColumn {name: SkyCoord.pm_dec}
#       pm_ra_cosdec: !astropy.table.SerializedColumn
#         __class__: astropy.units.quantity.Quantity
#         unit: !astropy.units.Unit {unit: mas / yr}
#         value: !astropy.table.SerializedColumn {name: SkyCoord.pm_ra_cosdec}
#       ra: !astropy.table.SerializedColumn
#         __class__: astropy.coordinates.angles.Longitude
#         unit: *id001
#         value: !astropy.table.SerializedColumn {name: SkyCoord.ra}
#         wrap_angle: !astropy.coordinates.Angle
#           unit: *id001
#           value: 360.0
#       representation_type: spherical
# schema: astropy-2.0
RA_ICRS_1 DE_ICRS_1 e_RA_ICRS e_DE_ICRS _r_1 HIP TYC2 Source rgeo Plx e_Plx pmRA pmDE e_pmRA e_pmDE RUWE Teff logg Gmag BP-RP BPmag RPmag RV e_RV b_rgeo B_rgeo FG e_FG FBP e_FBP FRP e_FRP RAVE5 RAVE6 e_Gmag e_BPmag e_RPmag e_BP-RP SkyCoord.ra SkyCoord.dec SkyCoord.distance SkyCoord.pm_ra_cosdec SkyCoord.pm_dec rmRA rmDE e_rmRA e_rmDE rRV e_rRV v_pec v_pec3d e_vpec e_vpec3d
[from data line 838]
81.97839151502 35.94178264764 0.0395 0.0304 16.0575 "" "" 183344255426358784 1961.07007 0.4805 0.0438 -0.287 -3.641 0.048 0.037 1.008 8222.5 4.4114 15.989222 1.506399 16.677935 15.171535 "" "" 1798.72095 2147.77393 7572.82758 3.5945 2912.3 12.036 6769.3 11.237 "" "" 0.00280310150120846 0.0052838945 0.0041871318 0.009471026 81.97839151502 35.94178264764 1961.07007 -0.2870000000000003 -3.6410000000000045 -0.2613692316114902 -1.6592154178619385 0.12622878 0.11522877 "" "" 15.61337650410034 "" 1.803462043686521 ""
82.34104956934 35.83479240706 0.0559 0.0449 13.2902 "" "" 183348344235144192 1647.48291 0.5719 0.0691 0.443 -3.701 0.062 0.047 1.166 5751.7 4.5872 15.993514 1.069708 16.432482 15.362774 "" "" 1476.37732 1861.67737 7542.94723 4.1519 3651.1 22.628 5676.1 22.241 "" "" 0.0028193877455203508 0.007284484 0.0056905914 0.012975075 82.34104956934 35.83479240706 1647.48291 0.443 -3.7009999999999996 0.46863076838850976 -1.7192154178619385 0.14022878 0.12522876 "" "" 13.915306176874386 "" 1.7578309896462825 ""
81.95599028616 35.78012277575 0.0375 0.0279 9.4174 "" "" 183337933230273920 1906.54358 0.4916 0.0419 2.586 -3.833 0.05 0.036 1.044 4919.5 4.1297 15.998912 1.753388 16.845392 15.092004 "" "" 1771.93469 2077.06494 7505.5381 3.561 2496.1 9.5477 7283.8 9.758 "" "" 0.002803060006121359 0.005003238 0.0040496206 0.009052859 81.95599028616 35.78012277575 1906.54358 2.586000000000002 -3.833000000000001 2.6116307683885096 -1.8512154178619387 0.12822877 0.11422877 "" "" 28.92920195813984 "" 3.5792172661026767 ""
82.09329197579 35.9076565354 0.038 0.0304 12.467 "" "" 183363458221995776 1654.97839 0.5728 0.0429 3.68 -7.626 0.048 0.037 1.02 6128.0 4.1496 16.002333 1.45324 16.66301 15.209769 "" "" 1544.03394 1773.08411 7481.93303 4.5535 2952.7 11.798 6535.1 12.537 "" "" 0.0028334462196931446 0.0051580383 0.004315338 0.009473376 82.09329197579 35.9076565354 1654.97839 3.6800000000000006 -7.6259999999999994 3.70563076838851 -5.644215417861939 0.12622878 0.11522877 "" "" 52.96635278623288 "" 6.284427516370168 ""
82.59385814821 35.73939556117 0.0523 0.0382 23.0402 "" "" 183302160450654464 1713.07239 0.5578 0.0481 5.316 -7.053 0.064 0.048 1.0 5715.5 4.6033 16.002434 1.208081 16.509642 15.30156 "" "" 1588.6687 1888.28064 7481.23422 3.9085 3400.6 14.441 6005.3 18.306 "" "" 0.0028131018858248784 0.0053892042 0.0050236997 0.0104129035 82.59385814821 35.73939556117 1713.07239 5.316 -7.052999999999997 5.34163076838851 -5.071215417861938 0.14222878 0.12622878 "" "" 59.80739816025418 "" 8.06687129882892 ""
82.50299962408 35.97772432737 0.0434 0.0344 24.8261 "" "" 183355353621667584 1599.94983 0.5972 0.0503 2.762 -3.938 0.054 0.043 0.937 5756.3 4.6092 16.003544 1.095061 16.464735 15.369674 "" "" 1458.57703 1742.17847 7473.58667 3.9168 3544.2 8.7893 5640.1 14.582 "" "" 0.002813462595302106 0.0038774684 0.004707804 0.008585272 82.50299962408 35.97772432737 1599.94983 2.761999999999999 -3.9379999999999997 2.7876307683885098 -1.9562154178619386 0.13222878 0.12122877 "" "" 25.82676249081055 "" 3.3239862242523133 ""
82.06292631664 35.78453828387 0.0392 0.0312 5.7935 "" "" 183327311777022336 1913.25842 0.4964 0.0439 0.065 -1.987 0.051 0.039 0.982 6439.2 4.3492 16.005304 1.170974 16.503866 15.332892 "" "" 1733.09216 2119.73438 7461.47555 3.6768 3418.8 11.435 5834.5 12.834 "" "" 0.002806783788407818 0.0045796162 0.004470743 0.009050359 82.06292631664 35.78453828387 1913.25842 0.06499999999999996 -1.987 0.09063076838850975 -0.005215417861938576 0.12922877 0.117228776 "" "" 0.8232761526131636 "" 0.10635986706044515 ""
82.08171672784 35.60483221236 0.0412 0.0319 6.1311 "" "" 183321023947716992 1547.32385 0.6198 0.0521 4.212 -2.381 0.051 0.037 1.031 5455.6 4.5742 16.007092 1.308488 16.584045 15.275557 "" "" 1395.56738 1694.16895 7449.20617 4.1703 3175.4 12.162 6150.8 11.236 "" "" 0.0028215679681616143 0.005007764 0.004268196 0.00927596 82.08171672784 35.60483221236 1547.32385 4.212 -2.381 4.2376307683885095 -0.39921541786193826 0.12922877 0.11522877 "" "" 31.217732497313623 "" 4.030591130554186 ""
81.83517056113 36.05952224345 0.0431 0.0332 25.6526 "" "" 184096527536353152 1563.23389 0.6096 0.0509 2.92 -2.639 0.053 0.041 1.023 4998.4 4.3284 16.011333 1.414124 16.65214 15.238016 "" "" 1439.79565 1705.08667 7420.16706 3.4747 2982.4 16.367 6367.2 12.379 "" "" 0.002801836291308814 0.006579303 0.004328914 0.010908217 81.83517056113 36.05952224345 1563.23389 2.92 -2.639 2.9456307683885097 -0.6572154178619383 0.13122877 0.11922877 "" "" 22.362989123351767 "" 2.9224988573387423 ""
81.57283288808 35.9278557933 0.0397 0.0299 30.0312 "" "" 184091682813353984 1823.24304 0.522 0.0468 2.286 -4.763 0.051 0.037 1.028 7230.4 4.3299 16.01199 1.6006 16.756428 15.155827 "" "" 1676.75098 1983.35413 7415.67397 3.8723 2709.2 12.778 6868.0 12.772 "" "" 0.0028130443671263096 0.005831693 0.004284904 0.010116597 81.57283288808 35.9278557933 1823.24304 2.286 -4.762999999999996 2.31163076838851 -2.7812154178619384 0.12922877 0.11522877 "" "" 31.2540850123078 "" 3.7862580295843737 ""
81.78144680236 35.78186111398 0.0426 0.0315 17.3314 "" "" 183335734211373184 1735.51697 0.5482 0.0476 -0.218 -1.978 0.053 0.039 1.039 9291.1 4.3014 16.013792 1.274322 16.570322 15.296 "" "" 1615.73535 1875.66406 7403.37605 3.795 3215.8 12.858 6036.1 11.911 "" "" 0.002810967861179061 0.0051605203 0.004344414 0.009504935 81.78144680236 35.78186111398 1735.51697 -0.21800000000000003 -1.9780000000000002 -0.19236923161149025 0.003784582138061543 0.13122877 0.117228776 "" "" 1.5828029340273304 "" 0.20770117355442475 ""
81.58104219437 35.77979804995 0.0427 0.0303 26.8204 "" "" 184085528124347008 1683.82361 0.5614 0.05 -0.275 -3.445 0.059 0.041 1.005 6161.0 4.317 16.013842 1.332841 16.597843 15.265002 "" "" 1535.33875 1862.5459 7403.04556 3.5873 3135.3 19.889 6210.9 14.653 "" "" 0.0028051002754682737 0.007431147 0.00456564 0.011996787 81.58104219437 35.77979804995 1683.82361 -0.27499999999999997 -3.445 -0.24936923161149027 -1.4632154178619383 0.13722877 0.11922877 "" "" 11.846780932107357 "" 1.4189354849987963 ""
81.81418722582 35.86415825621 0.0403 0.0297 17.9369 "" "" 183342640518743424 2035.19299 0.467 0.0435 1.252 -2.78 0.051 0.037 0.934 8185.6 4.2171 16.013857 1.395765 16.636253 15.240488 "" "" 1871.79993 2226.35815 7402.9386 3.6427 3026.3 13.362 6352.8 18.216 "" "" 0.002806636990124426 0.005546709 0.004896526 0.010443235 81.81418722582 35.86415825621 2035.19299 1.2520000000000002 -2.7800000000000002 1.2776307683885098 -0.7982154178619383 0.12922877 0.11522877 "" "" 14.532753508069293 "" 1.8232236444954497 ""
82.11269967138 35.48427001431 0.0429 0.0323 13.0316 "" "" 183272370554652544 1450.84497 0.6651 0.0509 -0.081 -3.208 0.053 0.04 1.088 5854.9 4.5127 16.019485 1.175881 16.523825 15.347943 "" "" 1360.3916 1561.11963 7364.65674 4.0467 3356.5 10.674 5754.1 13.714 "" "" 0.00281916722772758 0.0044392017 0.0045803743 0.009019576 82.11269967138 35.48427001431 1450.84497 -0.0809999999999999 -3.208 -0.05536923161149025 -1.2262154178619387 0.13122877 0.11822877 "" "" 8.44128223003962 "" 0.9982379610569442 ""
82.17636246659 35.70329301866 0.0394 0.0304 2.5926 "" "" 183323222967985280 1885.77539 0.5175 0.0488 -0.074 -4.617 0.048 0.037 1.006 5824.7 4.476 16.022884 1.178752 16.530643 15.351892 "" "" 1709.36926 2091.948 7341.64059 3.2832 3335.5 15.067 5733.3 10.984 "" "" 0.0027977745260770897 0.0056425757 0.0043139844 0.00995656 82.17636246659 35.70329301866 1885.77539 -0.07399999999999962 -4.617000000000001 -0.048369231611490246 -2.6352154178619385 0.12622878 0.11522877 "" "" 23.559039136792684 "" 2.7147705966026976 ""
82.35215559425 35.82344885766 0.0482 0.0386 13.3404 "" "" 183348271217519872 2039.47156 0.4801 0.0581 0.749 -2.003 0.053 0.042 0.984 7252.0 4.4182 16.023224 1.087788 16.482857 15.395069 "" "" 1833.51086 2264.96411 7339.33795 4.508 3485.6 12.539 5509.7 18.615 "" "" 0.002834876668798836 0.0048000305 0.0052668597 0.01006689 82.35215559425 35.82344885766 2039.47156 0.7489999999999999 -2.003 0.7746307683885097 -0.02121541786193859 0.13122877 0.12022877 "" "" 7.491237352117201 "" 0.983006722306669 ""
81.60907936845 35.80647379527 0.0408 0.031 25.8172 "" "" 184085704218911872 1775.578 0.5487 0.0479 -0.145 -3.54 0.053 0.039 0.902 6310.3 4.2092 16.025183 1.343327 16.61599 15.272663 "" "" 1635.04419 1988.94055 7326.11785 4.0028 3083.3 14.719 6167.3 20.914 "" "" 0.002818456477554615 0.0058863596 0.0052763396 0.011162699 81.60907936845 35.80647379527 1775.578 -0.14500000000000018 -3.54 -0.11936923161149024 -1.5582154178619385 0.13122877 0.117228776 "" "" 13.1527391164537 "" 1.543017558318436 ""
81.86432089805 35.45003189676 0.0454 0.0321 19.6696 "" "" 183315152728191360 1591.15234 0.6098 0.0534 0.716 -2.544 0.061 0.043 1.012 7412.1 4.3069 16.027628 1.231101 16.561914 15.330813 "" "" 1472.87939 1728.83301 7309.63511 3.6858 3240.8 12.76 5845.7 13.517 "" "" 0.0028091836633056854 0.005104855 0.004537242 0.009642097 81.86432089805 35.45003189676 1591.15234 0.716 -2.544 0.7416307683885097 -0.5622154178619385 0.13922878 0.12122877 "" "" 7.018991519426606 "" 0.9331212252100728 ""
82.17806462628 35.85894974221 0.0401 0.031 9.8289 "" "" 183350680698201728 1714.7428 0.5536 0.0441 0.248 -5.345 0.051 0.038 1.005 6011.3 4.4376 16.02804 1.112859 16.49617 15.383311 "" "" 1618.13171 1819.177 7306.86173 3.7401 3443.1 12.281 5569.7 12.364 "" "" 0.0028108083248945394 0.0047730994 0.0044824933 0.009255593 82.17806462628 35.85894974221 1714.7428 0.2480000000000004 -5.345 0.27363076838850975 -3.3632154178619382 0.12922877 0.116228774 "" "" 27.42613876839694 "" 3.1901812166836514 ""
82.13506222748 35.32255451258 0.0446 0.0339 22.7318 "" "" 183261512876947072 1405.54272 0.6879 0.0512 -3.795 -2.434 0.065 0.045 1.105 7442.1 4.3447 16.031548 1.294693 16.598972 15.304279 "" "" 1318.95764 1506.32751 7283.28632 3.6953 3132.0 11.802 5990.3 13.667 "" "" 0.002809847620470249 0.0049521253 0.0045188386 0.009470964 82.13506222748 35.32255451258 1405.54272 -3.794999999999999 -2.434 -3.76936923161149 -0.45221541786193864 0.14322877 0.12322877 "" "" 25.292642717587427 "" 3.6159515772815483 ""
82.22890792909 35.62217642921 0.0385 0.0314 7.0061 "" "" 183274745675695232 1661.48657 0.5654 0.0455 2.446 -4.893 0.048 0.037 1.005 6197.7 4.3448 16.032711 1.213972 16.531342 15.317369 "" "" 1555.77234 1799.68237 7275.48741 3.6673 3333.3 29.835 5918.5 19.932 "" "" 0.0028091464038095633 0.010110595 0.005258668 0.0153692635 82.22890792909 35.62217642921 1661.48657 2.446 -4.893000000000006 2.47163076838851 -2.9112154178619383 0.12622878 0.11522877 "" "" 30.075682940746656 "" 3.6078564014705483 ""
81.59859887127 35.93554175788 0.0388 0.0289 29.1374 "" "" 184091854612036352 1683.1626 0.5655 0.0456 2.53 -0.521 0.05 0.037 1.055 5085.1 4.1687 16.035202 1.741671 16.867594 15.125923 "" "" 1580.72656 1824.40295 7258.82071 3.8424 2445.6 20.193 7059.7 10.635 "" "" 0.002814622410116691 0.009388949 0.004118118 0.013507066 81.59859887127 35.93554175788 1683.1626 2.5299999999999994 -0.521 2.5556307683885096 1.4607845821380616 0.12822877 0.11522877 "" "" 23.485089070219075 "" 2.939223595854993 ""
82.00473660283 36.02094740729 0.0461 0.0359 20.0257 "" "" 183368165507359488 1518.07654 0.6297 0.0519 -0.37 -1.919 0.056 0.044 1.014 "" "" 16.035772 1.456609 16.697153 15.240544 "" "" 1406.29504 1659.52832 7255.00184 4.5311 2861.2 17.729 6352.4 15.204 "" "" 0.002837534486785365 0.0072832466 0.0045865676 0.011869814 82.00473660283 36.02094740729 1518.07654 -0.37 -1.919 -0.34436923161149025 0.06278458213806148 0.13422877 0.12222877 "" "" 2.518818638102866 "" 0.3371677269847734 ""
82.58850903151 36.02502940705 0.0453 0.0366 29.8193 "" "" 183357342190776832 1600.4314 0.5979 0.0554 3.919 -0.419 0.065 0.048 1.101 5733.1 4.66 16.037952 1.100301 16.504145 15.403844 "" "" 1470.57703 1740.8313 7240.45852 3.9551 3417.9 14.453 5465.4 11.344 "" "" 0.0028184281485663237 0.005372509 0.004400255 0.0097727645 82.58850903151 36.02502940705 1600.4314 3.919 -0.4190000000000004 3.94463076838851 1.5627845821380615 0.14322877 0.12622878 "" "" 32.187014810118896 "" 4.539741929016116 ""
81.88531962056 35.34703984471 0.0483 0.0377 24.2226 "" "" 182935546337180928 1422.8429 0.6748 0.0584 -0.206 -3.57 0.062 0.045 1.08 6122.7 4.4432 16.040913 1.283326 16.603346 15.32002 "" "" 1297.49023 1554.20508 7220.74055 4.1449 3119.5 25.297 5904.1 44.72 "" "" 0.002824928277812448 0.009236101 0.009050666 0.018286768 81.88531962056 35.34703984471 1422.8429 -0.2060000000000003 -3.5699999999999994 -0.18036923161149024 -1.5882154178619383 0.14022878 0.12322877 "" "" 10.78021577276829 "" 1.3309249418638291 ""
82.18881417349 35.49822871177 0.0433 0.0349 12.5973 "" "" 183271893817908480 1676.08081 0.5533 0.0537 0.629 -2.489 0.053 0.041 1.008 7445.1 4.3596 16.041603 1.220573 16.563402 15.342829 "" "" 1534.0105 1880.69153 7216.15267 3.9887 3236.4 14.536 5781.3 12.878 "" "" 0.002819920753499492 0.0056182886 0.0044869697 0.010105258 82.18881417349 35.49822871177 1676.08081 0.6289999999999993 -2.489 0.6546307683885098 -0.5072154178619384 0.13122877 0.11922877 "" "" 6.579226851387972 "" 0.834642843721802 ""
82.45908608175 35.43080107813 0.0401 0.0306 23.068 "" "" 183257290930125952 1617.61011 0.5966 0.0477 2.095 -7.516 0.052 0.037 1.056 5191.4 4.5705 16.042496 1.162787 16.545744 15.382957 "" "" 1523.22998 1743.90588 7210.21474 3.4296 3289.4 16.299 5571.5 15.17 "" "" 0.002803301500517791 0.0060603316 0.0047982293 0.010858561 82.45908608175 35.43080107813 1617.61011 2.095 -7.516 2.12063076838851 -5.5342154178619385 0.13022877 0.11522877 "" "" 45.44205693463934 "" 5.328372572790704 ""
81.94676524313 35.32509094013 0.0452 0.032 24.1612 "" "" 183263613121125504 1916.30566 0.4901 0.0511 1.616 -4.77 0.063 0.043 0.975 7123.9 4.3562 16.042593 1.368613 16.650396 15.281783 "" "" 1741.2417 2154.08887 7209.56779 4.4652 2987.2 10.95 6115.7 13.611 "" "" 0.0028361893561843605 0.004860535 0.004485833 0.009346368 81.94676524313 35.32509094013 1916.30566 1.6160000000000003 -4.7700000000000005 1.6416307683885099 -2.788215417861938 0.14122877 0.12122877 "" "" 29.389874505199213 "" 3.7230891833411675 ""
82.16800156672 35.66531644249 0.0385 0.03 3.0701 "" "" 183322054736798208 1671.98242 0.5658 0.047 0.027 -1.899 0.048 0.036 1.057 7136.3 4.3905 16.046011 1.207874 16.556816 15.348942 "" "" 1555.77966 1818.37952 7186.91033 3.3911 3256.0 10.925 5748.9 13.47 "" "" 0.002802541459710433 0.0045887507 0.004555806 0.009144557 82.16800156672 35.66531644249 1671.98242 0.026999999999999885 -1.8989999999999985 0.05263076838850975 0.0827845821380615 0.12622878 0.11422877 "" "" 0.7774486581874035 "" 0.09158985883318645 ""
82.10586135038 35.35497264108 0.0479 0.0374 20.7966 "" "" 183264540833983872 1894.65112 0.5141 0.0588 0.013 -1.958 0.068 0.048 1.075 6071.5 4.4553 16.052246 1.063961 16.494577 15.430616 "" "" 1692.51599 2116.4082 7145.75398 4.0792 3448.1 15.512 5332.3 10.774 "" "" 0.00282417081552666 0.005625169 0.004369926 0.009995095 82.10586135038 35.35497264108 1894.65112 0.01299999999999979 -1.9579999999999984 0.03863076838850975 0.02378458213806156 0.14622878 0.12622878 "" "" 0.40741289818160936 "" 0.05745101844489452 ""
81.67509116604 35.8584224145 0.0429 0.0337 23.7628 "" "" 184087662723962240 1927.25452 0.4933 0.0489 3.123 -2.476 0.057 0.045 0.966 "" "" 16.05282 1.562724 16.782932 15.220208 "" "" 1766.76697 2089.03052 7141.98663 3.8959 2643.9 18.767 6472.5 15.941 "" "" 0.002818255201168564 0.008196331 0.0046297098 0.01282604 81.67509116604 35.8584224145 1927.25452 3.123000000000003 -2.476 3.14863076838851 -0.49421541786193846 0.13522877 0.12322877 "" "" 29.11549528182945 "" 3.9292162249380764 ""
