Clusters/UBC_198/UBC_198_members.tsv
# %ECSV 1.0
# ---
# datatype:
# - name: RA_ICRS_1
#   unit: deg
#   datatype: float64
#   format: '{:15.11f}'
#   description: Right ascension (ICRS) at Ep=2016.0 (ra)
#   meta: !!omap
#   - {ucd: POS_EQ_RA_MAIN}
#   - {width: 15}
#   - {precision: '11'}
# - name: DE_ICRS_1
#   unit: deg
#   datatype: float64
#   format: '{:15.11f}'
#   description: Declination (ICRS) at Ep=2016.0 (dec)
#   meta: !!omap
#   - {ucd: POS_EQ_DEC_MAIN}
#   - {width: 15}
#   - {precision: '11'}
# - name: e_RA_ICRS
#   unit: mas
#   datatype: float64
#   format: '{:7.4f}'
#   description: Standard error of right ascension (ra_error)
#   meta: !!omap
#   - {ucd: ERROR}
#   - {width: 7}
#   - {precision: '4'}
# - name: e_DE_ICRS
#   unit: mas
#   datatype: float64
#   format: '{:7.4f}'
#   description: Standard error of declination (dec_error)
#   meta: !!omap
#   - {ucd: ERROR}
#   - {width: 7}
#   - {precision: '4'}
# - name: _r_1
#   unit: ''
#   datatype: float64
#   format: '{:7.4f}'
#   description: Distance from center (082.12320870000+35.70129487000)[ICRS], at Epoch=J2016.0
#   meta: !!omap
#   - {ucd: POS_ANG_DIST_GENERAL}
#   - {width: 7}
#   - {precision: '4'}
# - name: HIP
#   datatype: int32
#   description: '? HIP cross-id number, van Leeuwen, Cat. I/311 (hip_original_ext_source_id)'
#   meta: !!omap
#   - {ucd: ID_NUMBER}
#   - {width: 6}
#   - values: {'null': -2147483648}
# - name: TYC2
#   datatype: string
#   description: Tycho-2 cross-id name, Hog et al., Cat. I/259 (tyc2_original_ext_source_id)
#   meta: !!omap
#   - {ucd: ID_CROSSID}
#   - {_votable_string_dtype: char}
# - name: Source
#   datatype: int64
#   description: Source identifier, identical to the Gaia-EDR3 source_id (id)
#   meta: !!omap
#   - {ucd: ID_MAIN}
#   - {width: 19}
# - name: rgeo
#   unit: pc
#   datatype: float64
#   format: '{:15.8f}'
#   description: '? Median of the geometric distance posterior (r_med_geo)'
#   meta: !!omap
#   - {ucd: PHYS_DISTANCE_TRUE}
#   - {width: 15}
#   - {precision: '8'}
#   - values: {'null': .nan}
# - name: Plx
#   unit: mas
#   datatype: float64
#   format: '{:9.4f}'
#   description: '? Parallax (parallax)'
#   meta: !!omap
#   - {ucd: POS_PARLX_TRIG}
#   - {width: 9}
#   - {precision: '4'}
#   - values: {'null': .nan}
# - name: e_Plx
#   unit: mas
#   datatype: float32
#   format: '{:7.4f}'
#   description: '? Standard error of parallax (parallax_error)'
#   meta: !!omap
#   - {ucd: ERROR}
#   - {width: 7}
#   - {precision: '4'}
#   - values: {'null': .nan}
# - name: pmRA
#   unit: mas / yr
#   datatype: float64
#   format: '{:9.3f}'
#   description: '? Proper motion in right ascension direction, pmRA*cosDE (pmra)'
#   meta: !!omap
#   - {ucd: POS_EQ_PMRA}
#   - {width: 9}
#   - {precision: '3'}
#   - values: {'null': .nan}
# - name: pmDE
#   unit: mas / yr
#   datatype: float64
#   format: '{:9.3f}'
#   description: '? Proper motion in declination direction (pmdec)'
#   meta: !!omap
#   - {ucd: POS_EQ_PMDEC}
#   - {width: 9}
#   - {precision: '3'}
#   - values: {'null': .nan}
# - name: e_pmRA
#   unit: mas / yr
#   datatype: float32
#   format: '{:6.3f}'
#   description: '? Standard error of proper motion in right ascension direction (pmra_error)'
#   meta: !!omap
#   - {ucd: ERROR}
#   - {width: 6}
#   - {precision: '3'}
#   - values: {'null': .nan}
# - name: e_pmDE
[...]
#         unit: &id001 !astropy.units.Unit {unit: deg}
#         value: !astropy.table.SerializedColumn {name: SkyCoord.dec}
#       distance: !astropy.table.SerializedColumn
#         __class__: astropy.coordinates.distances.Distance
#         unit: !astropy.units.Unit {unit: pc}
#         value: !astropy.table.SerializedColumn {name: SkyCoord.distance}
#       frame: icrs
#       obstime: !astropy.time.Time {format: jyear_str, in_subfmt: '*', jd1: 367701545.0, jd2: 0.0, out_subfmt: '*', precision: 3, scale: tt}
#       pm_dec: !astropy.table.SerializedColumn
#         __class__: astropy.units.quantity.Quantity
#         unit: !astropy.units.Unit {unit: mas / yr}
#         value: !astropy.table.SerializedColumn {name: SkyCoord.pm_dec}
#       pm_ra_cosdec: !astropy.table.SerializedColumn
#         __class__: astropy.units.quantity.Quantity
#         unit: !astropy.units.Unit {unit: mas / yr}
#         value: !astropy.table.SerializedColumn {name: SkyCoord.pm_ra_cosdec}
#       ra: !astropy.table.SerializedColumn
#         __class__: astropy.coordinates.angles.Longitude
#         unit: *id001
#         value: !astropy.table.SerializedColumn {name: SkyCoord.ra}
#         wrap_angle: !astropy.coordinates.Angle
#           unit: *id001
#           value: 360.0
#       representation_type: spherical
# schema: astropy-2.0
RA_ICRS_1 DE_ICRS_1 e_RA_ICRS e_DE_ICRS _r_1 HIP TYC2 Source rgeo Plx e_Plx pmRA pmDE e_pmRA e_pmDE RUWE Teff logg Gmag BP-RP BPmag RPmag RV e_RV b_rgeo B_rgeo FG e_FG FBP e_FBP FRP e_FRP RAVE5 RAVE6 e_Gmag e_BPmag e_RPmag e_BP-RP SkyCoord.ra SkyCoord.dec SkyCoord.distance SkyCoord.pm_ra_cosdec SkyCoord.pm_dec Pmemb
82.05120826696 35.43111209996 0.0182 0.0135 16.5875 25599 2411-983-1 183265949583240064 1518.46509 0.6358 0.0222 -0.053 -2.05 0.025 0.018 1.09 14683.6 3.9092 10.458316 0.281834 10.550224 10.268391 "" "" 1477.6665 1566.39453 1234867.63586 3173.8 822860.0 7974.5 619160.0 4593.3 "" "" 0.0039215724730846235 0.01088574 0.008897245 0.019782985 82.05120826696 35.43111209996 1518.46509 -0.052999999999999964 -2.0500000000000003 0.98
82.32768487689 35.52991591567 0.0184 0.014 14.3251 "" 2411-41-1 183270721286313728 1646.15857 0.5477 0.0222 -0.093 -2.002 0.024 0.018 0.988 15039.4 3.848 11.575411 0.273438 11.665146 11.391707 "" "" 1586.20007 1723.20618 441349.13358 185.4 294690.0 248.25 220030.0 140.57 "" "" 0.0027928137458017735 0.0029362573 0.0038425077 0.006778765 82.32768487689 35.52991591567 1646.15857 -0.09299999999999997 -2.002 0.97
82.11166798444 35.75862288757 0.0187 0.0145 3.4853 "" "" 183326800679302400 2045.27332 0.4592 0.0223 -0.104 -2.016 0.023 0.02 1.309 11669.5 3.6223 12.0857 0.591881 12.302142 11.710261 -17.78 30.5 1961.72766 2140.94092 275846.03144 58.258 163890.0 68.187 164080.0 76.392 "" "" 0.0027648454006461544 0.0028265002 0.003813037 0.0066395374 82.11166798444 35.75862288757 2045.27332 -0.10399999999999995 -2.016 0.91
82.10977552872 35.81101190547 0.0155 0.0122 6.6154 "" "" 183327758452043520 1745.70154 0.5375 0.0182 -0.055 -1.962 0.019 0.016 1.101 12888.4 3.7288 12.09134 0.435085 12.243032 11.807947 "" "" 1694.10828 1811.33044 274416.84537 61.37 173060.0 135.81 149960.0 77.533 "" "" 0.002765998362704702 0.002917365 0.0038208433 0.0067382082 82.10977552872 35.81101190547 1745.70154 -0.05500000000000002 -1.9620000000000002 0.98
82.17120094872 35.70127815557 0.0157 0.0122 2.3384 "" "" 183323222966591232 1830.43359 0.5127 0.0199 -0.047 -2.036 0.019 0.015 1.065 12192.0 3.8275 12.093059 0.397695 12.229904 11.83221 -30.34 36.15 1763.89929 1892.08057 273982.88106 61.421 175170.0 82.095 146650.0 75.796 "" "" 0.002766049927607576 0.0028361888 0.0038208154 0.0066570044 82.17120094872 35.70127815557 1830.43359 -0.047000000000000014 -2.036 0.98
82.09521643161 35.81911472174 0.0134 0.0103 7.1994 "" "" 183327831471433728 1796.52087 0.5168 0.0152 -0.011 -2.03 0.016 0.014 0.925 13782.0 3.962 12.098665 0.410518 12.239152 11.828634 "" "" 1745.66626 1852.28198 272571.71251 149.41 173680.0 288.65 147130.0 214.35 "" "" 0.0028188628310441494 0.003322816 0.004097043 0.007419859 82.09521643161 35.81911472174 1796.52087 -0.010999999999999954 -2.0300000000000002 0.94
82.27312130622 35.94838138284 0.015 0.0128 16.5219 "" "" 183352875420777984 2008.78503 0.4583 0.0184 -0.194 -1.973 0.019 0.015 1.073 "" "" 12.349786 0.420542 12.496669 12.076127 "" "" 1949.81299 2084.36914 216287.99572 53.379 137010.0 85.255 117140.0 47.527 "" "" 0.0027683188838929 0.0028707993 0.0038049677 0.006675767 82.27312130622 35.94838138284 2008.78503 -0.19400000000000003 -1.9730000000000003 0.95
82.11281932181 35.76132657182 0.0137 0.0106 3.6373 "" "" 183326796379375744 1836.02368 0.5135 0.0162 -0.21 -1.933 0.017 0.014 0.987 11684.9 3.7629 12.402943 0.586544 12.617643 12.031099 "" "" 1793.73145 1893.37305 205953.67506 66.061 122560.0 102.93 122100.0 139.27 "" "" 0.0027772418627233716 0.002935387 0.003977109 0.006912496 82.11281932181 35.76132657182 1836.02368 -0.20999999999999996 -1.9329999999999998 0.98
82.15301176145 35.57881730492 0.0149 0.011 7.491 "" "" 183320066170647936 1917.36902 0.4912 0.0187 -0.153 -2.022 0.018 0.014 1.144 "" "" 12.447131 0.603396 12.669727 12.066331 "" "" 1849.41638 1998.22412 197739.9123 45.501 116820.0 86.559 118200.0 47.999 "" "" 0.0027666236188438 0.0029038333 0.0038050124 0.0067088455 82.15301176145 35.57881730492 1917.36902 -0.15300000000000002 -2.022 0.95
82.09864856816 35.45649733324 0.0189 0.015 14.7367 "" "" 183266254520329472 1895.15906 0.4947 0.0234 -0.103 -2.047 0.024 0.019 1.218 13270.0 3.8762 12.57054 0.401167 12.711622 12.310455 "" "" 1816.99097 1989.24365 176494.19577 144.02 112400.0 355.21 94401.0 234.79 "" "" 0.0028942570378967464 0.004422446 0.004644982 0.009067427 82.09864856816 35.45649733324 1895.15906 -0.10299999999999998 -2.0470000000000006 0.88
81.79519489818 35.6932863367 0.0127 0.0098 15.9902 "" "" 183331679762275584 2018.72278 0.4687 0.014 -0.141 -1.895 0.017 0.013 1.016 "" "" 12.669937 0.830399 12.994386 12.163987 "" "" 1959.69983 2073.12012 161054.19358 41.302 86629.0 84.33 108030.0 45.819 "" "" 0.002769352861066118 0.0029836444 0.0038073328 0.006790977 81.79519489818 35.6932863367 2018.72278 -0.14100000000000001 -1.895 0.92
82.05898749238 35.69417497119 0.0161 0.013 3.1583 "" "" 183324562996388608 1834.55762 0.5171 0.0205 -0.09 -1.94 0.021 0.016 1.009 12576.1 3.8113 12.843129 0.550144 13.044067 12.493923 "" "" 1769.43347 1900.12476 137307.7643 62.197 82754.0 179.72 79724.0 78.746 "" "" 0.002798869044173544 0.0036530676 0.0039285882 0.007581656 82.05898749238 35.69417497119 1834.55762 -0.09000000000000002 -1.9399999999999997 0.97
82.07832189354 35.68562181008 0.0147 0.011 2.3809 "" "" 183324498576875904 2033.71741 0.4571 0.0183 -0.109 -1.928 0.019 0.014 0.918 11703.2 3.7243 12.983219 0.58768 13.20072 12.61304 "" "" 1959.32361 2102.87378 120686.58197 42.666 71636.0 52.904 71440.0 44.822 "" "" 0.002781927485073208 0.0029030978 0.0038402812 0.006743379 82.07832189354 35.68562181008 2033.71741 -0.10900000000000001 -1.9280000000000002 0.99
82.11446409891 35.94853948602 0.0142 0.0108 14.8408 "" "" 183364179777638784 1865.34583 0.4998 0.0158 -0.039 -1.951 0.017 0.013 0.998 13325.4 4.0639 13.040347 0.744227 13.32378 12.579553 "" "" 1820.56299 1912.54895 114500.67627 51.575 63959.0 68.249 73678.0 73.707 "" "" 0.0027983855609223264 0.0030211443 0.003932363 0.006953507 82.11446409891 35.94853948602 1865.34583 -0.03899999999999995 -1.9510000000000005 0.95
82.09512925859 35.82337077305 0.0146 0.011 7.451 "" "" 183327827173169920 1882.95642 0.4912 0.017 -0.025 -2.022 0.017 0.014 1.082 9979.7 3.8694 13.388018 0.62562 13.619256 12.993636 "" "" 1832.521 1950.70178 83126.55663 21.126 48721.0 38.495 50316.0 34.172 "" "" 0.0027691023402234617 0.002919068 0.0038506428 0.006769711 82.09512925859 35.82337077305 1882.95642 -0.02500000000000005 -2.022 0.99
82.20540056043 35.71309161892 0.0152 0.0116 4.0665 "" "" 183322608791211776 1772.31372 0.5192 0.0187 -0.036 -1.953 0.019 0.013 1.104 "" "" 13.509158 0.501368 13.689833 13.188465 "" "" 1720.37231 1831.97876 74350.40315 27.974 45655.0 45.787 42051.0 26.332 "" "" 0.002785437909995526 0.0029951122 0.0038400474 0.00683516 82.20540056043 35.71309161892 1772.31372 -0.035999999999999976 -1.9529999999999998 0.99
82.0379418112 35.80133842783 0.0146 0.0115 7.2986 "" "" 183327552293614336 1732.63904 0.5337 0.0161 0.024 -1.871 0.018 0.014 1.093 "" "" 13.606825 0.611652 13.834097 13.222445 "" "" 1692.05249 1776.56482 67954.28132 20.769 39974.0 59.068 40755.0 21.958 "" "" 0.002775230497071998 0.0032185377 0.003824385 0.007042923 82.0379418112 35.80133842783 1732.63904 0.023999999999999994 -1.871 0.99
81.98766492645 35.59177679852 0.0163 0.0126 9.3196 "" "" 183317901507172608 1789.03259 0.5209 0.0193 -0.015 -1.985 0.02 0.016 1.171 9467.6 4.0451 13.629139 0.580622 13.846637 13.266015 "" "" 1726.64282 1838.39392 66571.96149 34.961 39515.0 45.66 39152.0 26.209 "" "" 0.002813698955264467 0.0030592512 0.0038486335 0.006907885 81.98766492645 35.59177679852 1789.03259 -0.01499999999999993 -1.9850000000000003 0.93
81.99603033864 35.49832530512 0.0158 0.0115 13.6676 "" "" 183314048916397312 1837.05212 0.5093 0.0192 0.021 -2.032 0.021 0.016 1.044 "" "" 13.649032 0.554828 13.852519 13.297691 "" "" 1777.4668 1919.29175 65363.32898 25.464 39302.0 31.818 38026.0 27.395 "" "" 0.0027875973464934014 0.002925349 0.0038594762 0.006784825 81.99603033864 35.49832530512 1837.05212 0.020999999999999935 -2.0319999999999996 0.94
82.17965594303 35.86255711182 0.017 0.0133 10.0583 "" "" 183350676397529600 1838.17249 0.5006 0.0195 -0.025 -2.056 0.021 0.016 1.173 10390.9 4.0157 13.667651 0.41025 13.81524 13.40499 "" "" 1785.71191 1907.34314 64251.93031 24.764 40674.0 42.374 34448.0 26.952 "" "" 0.002786916250711584 0.0030107258 0.0038736723 0.006884398 82.17965594303 35.86255711182 1838.17249 -0.025000000000000022 -2.0560000000000005 0.92
82.43971457948 35.80061169009 0.0164 0.0133 16.5238 "" "" 183301301453501312 1721.41187 0.5428 0.0203 -0.0 -1.938 0.019 0.015 1.009 9599.4 4.1269 13.699102 0.431407 13.857035 13.425628 "" "" 1660.94861 1766.79346 62417.43907 28.244 39138.0 35.07 33799.0 41.384 "" "" 0.002798778774462806 0.00295492 0.004006371 0.0069612907 82.43971457948 35.80061169009 1721.41187 0.0 -1.9379999999999997 0.98
82.15880190754 35.74522913707 0.0161 0.0124 3.1551 "" "" 183323605223625344 1788.76526 0.5162 0.0194 -0.056 -1.938 0.02 0.016 1.073 "" "" 13.789331 0.592424 14.007839 13.415415 "" "" 1729.22522 1863.38147 57439.97265 23.294 34063.0 33.742 34119.0 44.062 "" "" 0.0027902792682752103 0.0029902773 0.0040310957 0.007021373 82.15880190754 35.74522913707 1788.76526 -0.055999999999999966 -1.9379999999999997 0.98
82.24475402396 35.95741035285 0.0168 0.0137 16.4652 "" "" 183353601275091456 1835.17041 0.503 0.0192 0.121 -2.121 0.02 0.016 0.907 9522.3 3.8639 13.985364 0.640353 14.227056 13.586702 "" "" 1768.14221 1910.6084 47951.39634 14.288 27835.0 34.428 29139.0 32.392 "" "" 0.00277424789713447 0.0030965204 0.0039674225 0.007063943 82.24475402396 35.95741035285 1835.17041 0.12100000000000002 -2.1210000000000004 0.93
82.10936347782 35.61227705156 0.0202 0.0152 5.3835 "" "" 183320306688816384 1738.46521 0.5385 0.0251 -0.042 -1.962 0.024 0.019 1.157 "" "" 13.997991 0.578687 14.212977 13.634291 "" "" 1678.1355 1807.8092 47396.95792 20.728 28198.0 23.184 27890.0 31.973 "" "" 0.002795933793211729 0.0029294915 0.003979066 0.0069085574 82.10936347782 35.61227705156 1738.46521 -0.041999999999999954 -1.9620000000000002 0.99
82.0487296816 35.82783660746 0.0166 0.0135 8.4139 "" "" 183339719940920064 1780.21216 0.5222 0.0201 -0.035 -2.095 0.021 0.015 0.997 "" "" 14.114222 0.827303 14.441293 13.61399 "" "" 1723.94812 1846.69653 42585.15087 11.191 22851.0 29.353 28416.0 19.643 "" "" 0.002770053782293514 0.0031193194 0.0038531837 0.006972503 82.0487296816 35.82783660746 1780.21216 -0.034999999999999976 -2.095 0.98
82.43128838092 35.57011352304 0.0184 0.014 16.9602 "" "" 183293471733497728 1903.34436 0.4819 0.02 -0.127 -1.944 0.023 0.017 1.041 "" "" 14.132189 0.595894 14.355335 13.759441 "" "" 1830.96289 1981.74268 41886.21273 14.406 24733.0 25.165 24853.0 17.299 "" "" 0.002780509177852417 0.0030009018 0.0038541995 0.0068551013 82.43128838092 35.57011352304 1903.34436 -0.12699999999999997 -1.944 0.98
82.08059676461 35.78222122142 0.0189 0.0153 5.2804 "" "" 183327247355901056 1911.08667 0.4826 0.0222 0.113 -1.946 0.023 0.019 1.124 8765.1 3.8047 14.174912 0.684681 14.431554 13.746873 "" "" 1852.97485 1994.2312 40269.99936 14.164 23057.0 22.123 25143.0 20.763 "" "" 0.0027816582931947573 0.002978305 0.0038842778 0.0068625826 82.08059676461 35.78222122142 1911.08667 0.11300000000000002 -1.9459999999999997 0.98
82.19317292822 35.77995607848 0.0196 0.0153 5.8211 "" "" 183347210363857792 1785.5907 0.5149 0.0235 -0.032 -1.978 0.025 0.018 1.039 7498.6 3.8116 14.195271 0.62375 14.432363 13.808614 "" "" 1682.07544 1868.2821 39521.97573 18.4 23039.0 26.74 23753.0 23.332 "" "" 0.002801303059937451 0.0030615397 0.003926975 0.006988515 82.19317292822 35.77995607848 1785.5907 -0.03200000000000003 -1.9779999999999998 0.98
82.08906664203 35.4053124574 0.0196 0.0152 17.837 "" "" 183264918791087744 1722.85583 0.5323 0.0241 -0.009 -1.999 0.027 0.021 0.992 9450.3 4.1044 14.365033 0.611495 14.594508 13.983013 "" "" 1661.45837 1800.26001 33801.31232 15.817 19843.0 18.812 20228.0 21.929 "" "" 0.0028017698380039513 0.0029739798 0.003958427 0.0069324067 82.08906664203 35.4053124574 1722.85583 -0.008999999999999952 -1.999 0.98
82.0315790614 35.95624100211 0.019 0.0145 15.933 "" "" 183364763892935296 1916.54492 0.4789 0.0211 -0.025 -1.965 0.023 0.018 1.037 9932.4 3.8722 14.373179 1.075869 14.818138 13.74227 "" "" 1851.45923 1981.66846 33548.63262 10.253 16150.0 24.184 25249.0 32.662 "" "" 0.0027752284321650176 0.003229308 0.0040319175 0.0072612255 82.0315790614 35.95624100211 1916.54492 -0.024999999999999967 -1.9650000000000003 0.98
82.33339156817 35.46579573146 0.0198 0.0155 17.4597 "" "" 183269179398542592 1820.60559 0.5139 0.023 -0.034 -1.946 0.026 0.019 1.096 "" "" 14.44024 0.702709 14.710348 14.007639 "" "" 1741.76477 1891.85669 31539.20221 11.276 17835.0 23.555 19774.0 16.682 "" "" 0.002782529423798181 0.0031370788 0.0038887935 0.0070258724 82.33339156817 35.46579573146 1820.60559 -0.034 -1.946 0.98
82.25406774671 35.56234856931 0.021 0.0164 10.4989 "" "" 183273680524254080 1967.87439 0.4716 0.0247 0.117 -1.915 0.027 0.02 1.078 9236.6 4.007 14.525454 0.683639 14.787037 14.103397 "" "" 1891.84021 2038.34253 29158.50449 11.656 16619.0 30.369 18105.0 25.15 "" "" 0.002789294137127011 0.0034236608 0.004069207 0.0074928673 82.25406774671 35.56234856931 1967.87439 0.11700000000000003 -1.915 0.93
82.08534739712 35.84038523814 0.0203 0.016 8.5465 "" "" 183328037629858688 1911.59912 0.4874 0.0226 -0.031 -2.04 0.026 0.021 1.031 9442.5 3.9615 14.555663 0.702208 14.823792 14.121585 "" "" 1825.0387 2018.3219 28358.38243 8.524 16066.0 32.008 17804.0 22.306 "" "" 0.002774580155419847 0.0035304416 0.0040167263 0.007547168 82.08534739712 35.84038523814 1911.59912 -0.031 -2.04 0.99
82.3037064873 35.83164652799 0.0236 0.018 11.7639 "" "" 183349061491507072 1907.61023 0.4844 0.0278 -0.017 -2.066 0.027 0.02 0.981 9024.7 4.2002 14.556971 0.615633 14.789232 14.173599 "" "" 1827.26819 1996.2135 28324.24483 11.964 16585.0 30.629 16971.0 52.97 "" "" 0.002793225985721126 0.0034359246 0.0050761933 0.008512118 82.3037064873 35.83164652799 1907.61023 -0.016999999999999987 -2.066 0.97
81.947775006 35.923280545 0.0213 0.0162 15.8197 "" "" 183343740030301440 1736.51868 0.5396 0.0238 0.081 -1.863 0.025 0.02 1.042 7976.9 4.1044 14.59424 0.83063 14.921945 14.091314 "" "" 1678.36414 1809.57617 27368.48493 9.9132 14677.0 22.148 18308.0 21.528 "" "" 0.002783244199259666 0.0032356486 0.003989195 0.007224844 81.947775006 35.923280545 1736.51868 0.08100000000000003 -1.863 0.92
82.15886585105 35.65050279808 0.0226 0.0168 3.5082 "" "" 183321951657541888 1804.86792 0.5141 0.0276 0.052 -1.987 0.027 0.02 1.087 9228.0 4.162 14.601413 0.772054 14.902139 14.130085 "" "" 1737.63538 1892.53674 27188.26889 11.963 14947.0 25.221 17665.0 26.965 "" "" 0.002796429099992488 0.0033378708 0.004126802 0.007464673 82.15886585105 35.65050279808 1804.86792 0.05199999999999999 -1.9870000000000005 0.98
81.82805474554 35.81387552291 0.0211 0.016 15.8793 "" "" 183341467990439680 1859.98096 0.4876 0.023 -0.01 -2.068 0.027 0.02 0.922 9354.0 3.7473 14.610016 0.984777 15.007152 14.022374 "" "" 1779.83252 1961.08569 26973.68323 6.9661 13569.0 27.184 19508.0 16.309 "" "" 0.0027695508711337784 0.0035378437 0.0038868538 0.0074246973 81.82805474554 35.81387552291 1859.98096 -0.009999999999999953 -2.0680000000000005 0.8
81.95408665629 35.72916229687 0.0217 0.0167 8.4069 "" "" 183337142960616960 1868.5448 0.4995 0.0244 -0.059 -1.988 0.028 0.02 1.122 "" "" 14.621944 0.754161 14.913197 14.159036 "" "" 1801.89294 1944.23279 26678.96802 8.3918 14796.0 25.152 17201.0 15.769 "" "" 0.0027764045498326396 0.003345373 0.0039082533 0.0072536264 81.95408665629 35.72916229687 1868.5448 -0.058999999999999886 -1.988 0.88
81.9866460714 35.37013681917 0.0244 0.0168 20.9584 "" "" 183264162877010944 1679.73499 0.5543 0.0296 0.009 -2.105 0.034 0.024 1.06 9707.2 3.9515 14.628534 0.770817 14.926998 14.156181 "" "" 1605.82898 1762.94238 26517.52291 8.2715 14609.0 20.73 17246.0 25.254 "" "" 0.0027760558671752304 0.0031872622 0.004100179 0.007287441 81.9866460714 35.37013681917 1679.73499 0.009000000000000008 -2.105 0.92
