Clusters/UBC_198/UBC_198_stars_in_region.tsv
# %ECSV 1.0
# ---
# datatype:
# - name: RA_ICRS_1
#   unit: deg
#   datatype: float64
#   format: '{:15.11f}'
#   description: Right ascension (ICRS) at Ep=2016.0 (ra)
#   meta: !!omap
#   - {ucd: POS_EQ_RA_MAIN}
#   - {width: 15}
#   - {precision: '11'}
# - name: DE_ICRS_1
#   unit: deg
#   datatype: float64
#   format: '{:15.11f}'
#   description: Declination (ICRS) at Ep=2016.0 (dec)
#   meta: !!omap
#   - {ucd: POS_EQ_DEC_MAIN}
#   - {width: 15}
#   - {precision: '11'}
# - name: e_RA_ICRS
#   unit: mas
#   datatype: float64
#   format: '{:7.4f}'
#   description: Standard error of right ascension (ra_error)
#   meta: !!omap
#   - {ucd: ERROR}
#   - {width: 7}
#   - {precision: '4'}
# - name: e_DE_ICRS
#   unit: mas
#   datatype: float64
#   format: '{:7.4f}'
#   description: Standard error of declination (dec_error)
#   meta: !!omap
#   - {ucd: ERROR}
#   - {width: 7}
#   - {precision: '4'}
# - name: _r_1
#   unit: ''
#   datatype: float64
#   format: '{:7.4f}'
#   description: Distance from center (082.12320870000+35.70129487000)[ICRS], at Epoch=J2016.0
#   meta: !!omap
#   - {ucd: POS_ANG_DIST_GENERAL}
#   - {width: 7}
#   - {precision: '4'}
# - name: HIP
#   datatype: int32
#   description: '? HIP cross-id number, van Leeuwen, Cat. I/311 (hip_original_ext_source_id)'
#   meta: !!omap
#   - {ucd: ID_NUMBER}
#   - {width: 6}
#   - values: {'null': -2147483648}
# - name: TYC2
#   datatype: string
#   description: Tycho-2 cross-id name, Hog et al., Cat. I/259 (tyc2_original_ext_source_id)
#   meta: !!omap
#   - {ucd: ID_CROSSID}
#   - {_votable_string_dtype: char}
# - name: Source
#   datatype: int64
#   description: Source identifier, identical to the Gaia-EDR3 source_id (id)
#   meta: !!omap
#   - {ucd: ID_MAIN}
#   - {width: 19}
# - name: rgeo
#   unit: pc
#   datatype: float64
#   format: '{:15.8f}'
#   description: '? Median of the geometric distance posterior (r_med_geo)'
#   meta: !!omap
#   - {ucd: PHYS_DISTANCE_TRUE}
#   - {width: 15}
#   - {precision: '8'}
#   - values: {'null': .nan}
# - name: Plx
#   unit: mas
#   datatype: float64
#   format: '{:9.4f}'
#   description: '? Parallax (parallax)'
#   meta: !!omap
#   - {ucd: POS_PARLX_TRIG}
#   - {width: 9}
#   - {precision: '4'}
#   - values: {'null': .nan}
# - name: e_Plx
#   unit: mas
#   datatype: float32
#   format: '{:7.4f}'
#   description: '? Standard error of parallax (parallax_error)'
#   meta: !!omap
#   - {ucd: ERROR}
#   - {width: 7}
#   - {precision: '4'}
#   - values: {'null': .nan}
# - name: pmRA
#   unit: mas / yr
#   datatype: float64
#   format: '{:9.3f}'
#   description: '? Proper motion in right ascension direction, pmRA*cosDE (pmra)'
#   meta: !!omap
#   - {ucd: POS_EQ_PMRA}
#   - {width: 9}
#   - {precision: '3'}
#   - values: {'null': .nan}
# - name: pmDE
#   unit: mas / yr
#   datatype: float64
#   format: '{:9.3f}'
#   description: '? Proper motion in declination direction (pmdec)'
#   meta: !!omap
#   - {ucd: POS_EQ_PMDEC}
#   - {width: 9}
#   - {precision: '3'}
#   - values: {'null': .nan}
# - name: e_pmRA
#   unit: mas / yr
#   datatype: float32
#   format: '{:6.3f}'
#   description: '? Standard error of proper motion in right ascension direction (pmra_error)'
#   meta: !!omap
#   - {ucd: ERROR}
#   - {width: 6}
#   - {precision: '3'}
#   - values: {'null': .nan}
# - name: e_pmDE
[...]
#         value: !astropy.table.SerializedColumn {name: SkyCoord.dec}
#       distance: !astropy.table.SerializedColumn
#         __class__: astropy.coordinates.distances.Distance
#         unit: !astropy.units.Unit {unit: pc}
#         value: !astropy.table.SerializedColumn {name: SkyCoord.distance}
#       frame: icrs
#       obstime: !astropy.time.Time {format: jyear_str, in_subfmt: '*', jd1: 367701545.0, jd2: 0.0, out_subfmt: '*', precision: 3, scale: tt}
#       pm_dec: !astropy.table.SerializedColumn
#         __class__: astropy.units.quantity.Quantity
#         unit: !astropy.units.Unit {unit: mas / yr}
#         value: !astropy.table.SerializedColumn {name: SkyCoord.pm_dec}
#       pm_ra_cosdec: !astropy.table.SerializedColumn
#         __class__: astropy.units.quantity.Quantity
#         unit: !astropy.units.Unit {unit: mas / yr}
#         value: !astropy.table.SerializedColumn {name: SkyCoord.pm_ra_cosdec}
#       ra: !astropy.table.SerializedColumn
#         __class__: astropy.coordinates.angles.Longitude
#         unit: *id001
#         value: !astropy.table.SerializedColumn {name: SkyCoord.ra}
#         wrap_angle: !astropy.coordinates.Angle
#           unit: *id001
#           value: 360.0
#       representation_type: spherical
# schema: astropy-2.0
RA_ICRS_1 DE_ICRS_1 e_RA_ICRS e_DE_ICRS _r_1 HIP TYC2 Source rgeo Plx e_Plx pmRA pmDE e_pmRA e_pmDE RUWE Teff logg Gmag BP-RP BPmag RPmag RV e_RV b_rgeo B_rgeo FG e_FG FBP e_FBP FRP e_FRP RAVE5 RAVE6 e_Gmag e_BPmag e_RPmag e_BP-RP SkyCoord.ra SkyCoord.dec SkyCoord.distance SkyCoord.pm_ra_cosdec SkyCoord.pm_dec rmRA rmDE e_rmRA e_rmDE rRV e_rRV v_pec v_pec3d e_vpec e_vpec3d
[from data line 966]
82.36587971193 35.87089627866 0.0678 0.0523 15.5904 "" "" 183348859631194496 1595.00366 0.6034 0.0881 -0.001 0.237 0.072 0.051 1.142 4800.3 4.6003 16.233006 1.152758 16.72716 15.574402 "" "" 1434.80151 1795.52124 6049.85326 3.3304 2783.3 13.642 4670.9 16.857 "" "" 0.002819401088424828 0.0060087014 0.0054440107 0.011452712 82.36587971193 35.87089627866 1595.00366 -0.0009999999999999835 0.23699999999999977 0.02463076838850975 2.2187845821380616 0.15022877 0.12922877 "" "" 16.77574913283933 "" 2.16795637338686 ""
82.30925466999 35.74577713464 0.0492 0.0422 9.4473 "" "" 183346312712273536 1821.58728 0.5454 0.0593 2.032 -1.257 0.059 0.047 1.062 5595.5 4.6031 16.233747 1.109208 16.703953 15.594745 "" "" 1615.73596 2023.62549 6045.71292 3.3564 2843.4 14.867 4584.2 12.54 "" "" 0.0028204820807634975 0.006325505 0.004806735 0.01113224 82.30925466999 35.74577713464 1821.58728 2.032000000000001 -1.2570000000000006 2.05763076838851 0.7247845821380616 0.13722877 0.12522876 "" "" 18.836202287673657 "" 2.5608990786426724 ""
82.72303600697 35.78908726417 0.0481 0.0363 29.6811 "" "" 183292264846072192 1492.91333 0.6408 0.0507 6.507 -10.072 0.063 0.045 0.981 5576.3 4.5727 16.234898 1.180745 16.747086 15.56634 "" "" 1381.0033 1613.72583 6039.31278 3.1658 2732.6 9.2244 4705.7 17.842 "" "" 0.0028134874226864327 0.004606304 0.0055884263 0.01019473 82.72303600697 35.78908726417 1492.91333 6.507 -10.072 6.532630768388509 -8.090215417861938 0.14122877 0.12322877 "" "" 73.5833767139206 "" 9.612166107527102 ""
82.14332385758 35.72188670241 0.0469 0.0378 1.577 "" "" 183323570863900928 1504.71106 0.6399 0.0568 1.376 -2.945 0.057 0.045 1.08 5506.9 4.588 16.23673 1.212382 16.767952 15.55557 "" "" 1390.01636 1654.1051 6029.13261 3.59 2680.6 11.979 4752.6 18.344 "" "" 0.002830148895819758 0.0055969716 0.0056432025 0.011240174 82.14332385758 35.72188670241 1504.71106 1.376 -2.9449999999999963 1.4016307683885096 -0.9632154178619383 0.13522877 0.12322877 "" "" 12.129896189567766 "" 1.5950675496423055 ""
81.82972626315 36.1244078492 0.0482 0.0366 29.1184 "" "" 184097725832041728 1879.31653 0.506 0.0558 1.732 -0.86 0.058 0.046 1.027 8408.1 4.234 16.237036 1.855006 17.148329 15.293323 "" "" 1715.66101 2071.20312 6027.4323 3.552 1888.4 11.833 6051.0 15.401 "" "" 0.0028286343806859585 0.0073533067 0.0046819 0.012035207 81.82972626315 36.1244078492 1879.31653 1.732 -0.8600000000000001 1.7576307683885097 1.1217845821380616 0.13622877 0.124228776 "" "" 18.574040585860722 "" 2.4678762024926963 ""
82.14101210315 35.26666633565 0.0808 0.0623 26.0922 "" "" 183260344645721472 1430.01233 0.6969 0.0929 1.199 -2.482 0.11 0.075 1.573 "" "" 16.241964 1.223931 16.147127 14.923196 "" "" 1286.52612 1662.00671 6000.13089 6.3608 4748.6 26.997 8509.0 27.387 "" "" 0.0029860660214245747 0.006774002 0.0051473826 0.011921385 82.14101210315 35.26666633565 1430.01233 1.1990000000000003 -2.482 1.2246307683885098 -0.5002154178619387 0.18822877 0.15322877 "" "" 8.966629073855003 "" 1.646573149005614 ""
81.86044189303 35.80647754554 0.0446 0.0353 14.2664 "" "" 183338551709887616 1710.2356 0.5661 0.0504 6.086 -1.685 0.057 0.043 1.025 5051.7 4.333 16.242804 1.363343 16.848839 15.485496 "" "" 1584.54993 1855.62109 5995.49909 3.3193 2488.2 16.166 5069.4 17.959 "" "" 0.002820125618626209 0.0075858673 0.0053924215 0.012978289 81.86044189303 35.80647754554 1710.2356 6.086 -1.6850000000000005 6.11163076838851 0.29678458213806147 0.13522877 0.12122877 "" "" 49.602418495379226 "" 6.706124616116601 ""
82.40978330497 35.657780505 0.0888 0.07 14.2089 "" "" 183297968560198528 1720.22266 0.5616 0.1072 -0.087 0.139 0.105 0.08 1.742 7141.9 4.5751 16.243813 1.204854 16.711365 15.506511 "" "" 1441.0022 2203.27197 5989.92803 14.586 2824.0 16.716 4972.3 14.593 "" "" 0.0038186122967644428 0.0070063015 0.0049434197 0.011949722 82.40978330497 35.657780505 1720.22266 -0.08700000000000004 0.139 -0.061369231611490244 2.1207845821380618 0.18322876 0.15822877 "" "" 17.2998093077739 "" 2.7377179519907218 ""
81.90245563226 35.52009020281 0.0481 0.0355 15.3023 "" "" 183317248672195968 1809.22998 0.5392 0.0561 3.3 -1.326 0.067 0.048 0.959 5800.6 4.5134 16.248938 1.366778 16.847136 15.480357 "" "" 1636.62476 1982.61792 5961.71952 3.3628 2492.1 17.294 5093.5 16.522 "" "" 0.002822561834982981 0.008034532 0.0051659597 0.013200492 81.90245563226 35.52009020281 1809.22998 3.3 -1.326 3.3256307683885096 0.6557845821380615 0.14522877 0.12622878 "" "" 29.0689764158151 "" 4.202287264214581 ""
81.93912998564 35.36156485527 0.0498 0.0345 22.2775 "" "" 183310750382103424 1577.78906 0.6282 0.0601 -0.012 -1.73 0.065 0.047 1.012 6807.7 4.3356 16.249477 1.464162 16.915817 15.451655 "" "" 1436.40491 1809.95837 5958.75469 5.1649 2339.3 13.624 5229.9 18.179 "" "" 0.002911604008554888 0.006911514 0.005341043 0.012252557 81.93912998564 35.36156485527 1577.78906 -0.012000000000000177 -1.73 0.01363076838850975 0.25178458213806154 0.14322877 0.12522876 "" "" 1.8857837706356366 "" 0.23626066488038086 ""
82.47547615674 35.30212030202 0.0475 0.0337 29.4906 "" "" 183252377486505472 1783.58313 0.5489 0.0564 -1.663 -2.873 0.066 0.045 1.037 5658.1 4.6 16.251276 1.115243 16.718899 15.603656 "" "" 1629.10828 1940.84436 5948.89488 3.1454 2804.5 12.741 4546.7 12.222 "" "" 0.0028144882878642567 0.005667027 0.0047751213 0.010442149 82.47547615674 35.30212030202 1783.58313 -1.6629999999999983 -2.873 -1.6373692316114903 -0.8912154178619387 0.14422877 0.12322877 "" "" 15.760292786466977 "" 2.201835627131375 ""
81.70465928403 35.7470477441 0.0446 0.0339 20.5716 "" "" 183335901712774144 1915.25 0.5032 0.0496 3.984 1.079 0.058 0.042 1.071 6089.0 4.394 16.251957 1.346611 16.843916 15.497305 "" "" 1754.04346 2131.97729 5945.1662 3.0514 2499.5 10.33 5014.6 14.997 "" "" 0.0028111083835557593 0.0052839043 0.0049826927 0.010266596 81.70465928403 35.7470477441 1915.25 3.9839999999999995 1.079 4.00963076838851 3.0607845821380613 0.13622877 0.12022877 "" "" 45.79411373943858 "" 5.979164549465718 ""
82.63554838079 35.85740139703 0.0548 0.0381 26.6397 "" "" 183305360202816768 1702.04236 0.5684 0.0578 1.413 -3.309 0.062 0.048 0.972 5442.2 4.6775 16.256063 1.15451 16.74608 15.59157 "" "" 1556.52319 1902.97693 5922.72127 5.8861 2735.2 16.441 4597.6 14.303 "" "" 0.002959067358851207 0.0070976713 0.005068781 0.012166452 82.63554838079 35.85740139703 1702.04236 1.4130000000000003 -3.309 1.4386307683885098 -1.3272154178619386 0.14022878 0.12622878 "" "" 15.791151810056204 "" 2.115597975865318 ""
82.1136083579 35.29475453711 0.0517 0.0391 24.3969 "" "" 183261169279500160 1783.03076 0.5414 0.0572 -0.133 -3.454 0.07 0.049 1.02 5738.2 4.6271 16.256184 1.145936 16.738115 15.592179 "" "" 1622.35046 1904.59509 5922.06457 4.3152 2755.3 16.99 4595.0 13.895 "" "" 0.0028666510410086045 0.0072531165 0.005006309 0.012259426 82.1136083579 35.29475453711 1783.03076 -0.13299999999999973 -3.453999999999996 -0.10736923161149026 -1.4722154178619387 0.14822876 0.12722877 "" "" 12.475571500234105 "" 1.5887513538507274 ""
81.79630642661 36.0059975622 0.0466 0.0359 24.2274 "" "" 184095973485139968 1502.16882 0.6518 0.0546 -1.037 -2.965 0.057 0.045 1.012 5624.1 4.445 16.258547 1.274776 16.808289 15.533513 "" "" 1389.45276 1637.59351 5909.19168 3.3466 2582.9 10.736 4850.1 17.264 "" "" 0.0028230982360191166 0.0053058127 0.005405514 0.010711327 81.79630642661 36.0059975622 1502.16882 -1.037 -2.965 -1.0113692316114902 -0.9832154178619383 0.13522877 0.12322877 "" "" 10.043331989191097 "" 1.3009834824654956 ""
82.05858501367 35.33298156843 0.06 0.0402 22.323 "" "" 183263200804217728 2071.06274 0.4642 0.0683 -0.197 -3.305 0.086 0.052 1.091 5485.3 3.7007 16.258707 1.403951 16.88462 15.48067 "" "" 1824.93225 2379.03711 5908.31469 3.6233 2407.5 16.357 5092.0 20.784 "" "" 0.002834629127628753 0.007886738 0.005824364 0.013711101 82.05858501367 35.33298156843 2071.06274 -0.19699999999999995 -3.305 -0.17136923161149026 -1.3232154178619386 0.16422877 0.13022877 "" "" 13.098274917350869 "" 1.7140575236529352 ""
82.14396493979 35.74359064211 0.0475 0.0367 2.7317 "" "" 183326555862697216 1497.28589 0.6486 0.0593 1.192 -4.098 0.057 0.045 0.983 5473.5 4.6102 16.261616 1.231731 16.796082 15.56435 "" "" 1363.86414 1642.23181 5892.50973 3.5632 2612.1 15.219 4714.3 15.883 "" "" 0.002832461848296457 0.0069138804 0.0052596997 0.01217358 82.14396493979 35.74359064211 1497.28589 1.1919999999999995 -4.097999999999997 1.2176307683885097 -2.1162154178619383 0.13522877 0.12322877 "" "" 17.327757325579526 "" 2.188841896774487 ""
81.83880381542 36.01537836888 0.0467 0.0367 23.3753 "" "" 184095836046212608 1923.11011 0.5058 0.0566 0.945 -2.2 0.057 0.044 1.065 8980.0 4.331 16.264563 1.452476 16.914986 15.462509 "" "" 1743.03235 2128.8479 5876.54462 3.2963 2341.1 14.101 5177.9 7.5241 "" "" 0.002821823944534529 0.007109994 0.00409547 0.011205465 81.83880381542 36.01537836888 1923.11011 0.9450000000000001 -2.2 0.9706307683885097 -0.21821541786193865 0.13522877 0.12222877 "" "" 9.068668050059046 "" 1.220933511138935 ""
81.80109709682 35.37900980192 0.057 0.0438 24.9246 "" "" 182936577129689472 1466.35535 0.6708 0.059 -0.073 -3.293 0.077 0.056 0.979 5291.6 4.349 16.26479 1.374359 16.881577 15.507217 "" "" 1361.34985 1594.06262 5875.31578 3.8331 2414.3 10.968 4969.0 13.151 "" "" 0.0028449144840372686 0.00566691 0.0047477195 0.01041463 81.80109709682 35.37900980192 1466.35535 -0.07300000000000062 -3.2930000000000015 -0.047369231611490245 -1.3112154178619386 0.15522876 0.13422877 "" "" 9.119579875835788 "" 1.2243790652800697 ""
82.49804844494 35.94597784784 0.0586 0.0452 23.4109 "" "" 183355147463252352 1658.94836 0.5837 0.0699 5.566 -10.45 0.073 0.055 1.187 5449.8 4.6651 16.265877 1.224511 16.772638 15.548127 "" "" 1498.88245 1977.76392 5869.42702 4.0248 2669.1 21.591 4785.3 32.945 "" "" 0.0028541356869600087 0.009215332 0.008376017 0.01759135 82.49804844494 35.94597784784 1658.94836 5.565999999999999 -10.45 5.59163076838851 -8.468215417861938 0.15122877 0.13322878 "" "" 79.79604042259527 "" 11.086922700742061 ""
82.24727130651 35.49075284985 0.0463 0.0378 14.0078 "" "" 183271687659463168 1453.64465 0.6614 0.0562 6.528 -3.875 0.06 0.044 1.062 5689.2 4.6857 16.266277 1.173325 16.740915 15.567591 "" "" 1343.11316 1616.53223 5867.26608 3.6401 2748.2 15.055 4700.3 12.404 "" "" 0.0028364636194408857 0.0065697366 0.004742711 0.0113124475 82.24727130651 35.49075284985 1453.64465 6.528 -3.875 6.553630768388509 -1.8932154178619385 0.13822877 0.12222877 "" "" 47.00276204139451 "" 6.442329959684565 ""
82.29298652869 36.09015581925 0.0489 0.0381 24.748 "" "" 183372292972702336 2075.38721 0.4676 0.0515 2.545 -3.296 0.061 0.046 1.017 6015.4 4.178 16.27177 1.577395 17.004192 15.426798 "" "" 1854.55396 2338.23535 5837.65993 3.1693 2156.5 12.034 5351.0 15.745 "" "" 0.002817666361480948 0.006670368 0.0049487296 0.011619098 82.29298652869 36.09015581925 2075.38721 2.545 -3.296 2.5706307683885097 -1.3142154178619383 0.13922878 0.124228776 "" "" 28.40129992245119 "" 3.8698566095677984 ""
82.07104400505 35.37630985316 0.0543 0.0411 19.6647 "" "" 183264777055977088 1681.76978 0.5785 0.0647 -0.202 -3.259 0.073 0.054 1.081 5877.8 4.5968 16.27435 1.156168 16.75414 15.597973 "" "" 1538.12 1857.59521 5823.80555 3.8988 2714.9 14.326 4570.6 13.748 "" "" 0.0028495805033189377 0.0063725193 0.00499492 0.011367439 82.07104400505 35.37630985316 1681.76978 -0.2020000000000003 -3.2590000000000012 -0.17636923161149026 -1.2772154178619384 0.15122877 0.13222878 "" "" 10.278050205689715 "" 1.3629649881163275 ""
81.76153061653 35.9402735257 0.0471 0.035 22.6984 "" "" 184094255498100736 1733.08179 0.552 0.055 -0.677 -0.957 0.059 0.044 1.052 5219.6 4.4834 16.275877 1.330461 16.865604 15.535143 "" "" 1599.13379 1964.94629 5815.62059 3.1306 2450.1 11.949 4842.9 16.873 "" "" 0.0028166264417619565 0.0059852204 0.0053472565 0.0113324765 81.76153061653 35.9402735257 1733.08179 -0.677 -0.956999999999999 -0.6513692316114903 1.0247845821380617 0.13722877 0.12222877 "" "" 9.97504081059615 "" 1.264108395363667 ""
81.80626061217 35.45721390712 0.0518 0.0343 21.3 "" "" 183315290167157376 1969.09265 0.488 0.0558 -0.541 -2.91 0.07 0.044 0.945 8080.1 4.2161 16.28163 1.406033 16.90939 15.503357 "" "" 1797.21082 2148.47852 5784.88721 3.4394 2353.2 11.328 4986.7 10.603 "" "" 0.0028299275671007417 0.0059247217 0.0044286726 0.010353394 81.80626061217 35.45721390712 1969.09265 -0.540999999999999 -2.910000000000003 -0.5153692316114903 -0.9282154178619386 0.14822876 0.12222877 "" "" 9.90929877140738 "" 1.2766020857669034 ""
81.91910741384 35.63316277882 0.0427 0.0326 10.756 "" "" 183318932299963392 1631.49451 0.5771 0.048 14.231 -9.072 0.056 0.041 0.965 5850.4 4.4596 16.281706 1.463431 16.898523 15.435092 "" "" 1518.5636 1793.37976 5784.47798 3.9583 2376.9 33.3 5310.3 46.21 "" "" 0.0028537322247136226 0.01546478 0.010175902 0.025640681 81.91910741384 35.63316277882 1631.49451 14.231 -9.072 14.25663076838851 -7.090215417861938 0.13422877 0.11922877 "" "" 123.13240529273565 "" 16.17843995882285 ""
82.57629511478 35.91754708983 0.0524 0.0438 25.5811 "" "" 183308727456704000 1433.7489 0.6762 0.0671 3.362 -4.119 0.066 0.052 1.065 5362.9 4.6305 16.282845 1.152732 16.780964 15.628232 "" "" 1294.99243 1576.37622 5778.41472 3.2504 2648.7 12.181 4444.9 11.693 "" "" 0.002822195235506685 0.005719841 0.0047372556 0.010457097 82.57629511478 35.91754708983 1433.7489 3.362 -4.119 3.38763076838851 -2.1372154178619382 0.14422877 0.13022877 "" "" 27.22100393283842 "" 3.821425299102445 ""
81.98696562398 35.44763010702 0.1229 0.0865 16.6088 "" "" 183313052484784768 1472.54346 0.7269 0.1452 0.027 -3.23 0.171 0.115 2.579 4439.0 4.2719 16.283772 1.341316 16.839252 15.497936 "" "" 1197.50818 2027.88306 5773.48644 12.225 2510.2 14.461 5011.7 17.085 "" "" 0.003588466850166342 0.0068489225 0.005289928 0.012138851 81.98696562398 35.44763010702 1472.54346 0.02699999999999997 -3.2299999999999995 0.05263076838850975 -1.2482154178619385 0.24922878 0.19322878 "" "" 8.72010516606875 "" 1.6859672224066162 ""
81.83651191764 35.85117572299 0.0453 0.0338 16.6024 "" "" 183341815885708928 1998.0564 0.4899 0.0496 1.571 -5.042 0.059 0.043 0.995 6075.4 4.3896 16.293226 1.349298 16.890343 15.541044 "" "" 1836.44922 2212.89819 5723.42403 3.3874 2394.9 15.048 4816.6 12.401 "" "" 0.002829260151747152 0.0073705893 0.0047008363 0.012071425 81.83651191764 35.85117572299 1998.0564 1.5709999999999993 -5.042 1.5966307683885097 -3.0602154178619383 0.13722877 0.12122877 "" "" 32.69020048069318 "" 4.080548325753447 ""
82.63737280026 35.55761224685 0.2552 0.2021 26.5154 "" "" 183282236099421568 1600.08691 0.891 0.2871 -0.685 0.878 0.335 0.258 5.153 5610.4 4.5074 16.295357 1.214419 16.720964 15.506545 "" "" 1002.49475 2462.96191 5712.20946 16.56 2799.2 13.78 4972.1 14.539 "" "" 0.004183206713368493 0.006029345 0.0049359095 0.010965254 82.63737280026 35.55761224685 1600.08691 -0.6849999999999998 0.8779999999999999 -0.6593692316114903 2.8597845821380616 0.41322878 0.33622876 "" "" 22.258841516360683 "" 7.579870400024308 ""
82.08965446647 35.32821842363 0.0534 0.0394 22.4445 "" "" 183264403395049856 1605.90747 0.6242 0.0618 -0.29 -3.333 0.071 0.052 0.972 4984.4 4.3428 16.295998 1.173927 16.7992 15.625273 "" "" 1470.06287 1749.65869 5708.83648 4.7239 2604.6 19.151 4457.1 17.505 "" "" 0.0028980925231398063 0.008456704 0.005697967 0.014154671 82.08965446647 35.32821842363 1605.90747 -0.2899999999999992 -3.3329999999999993 -0.26436923161149023 -1.3512154178619387 0.14922878 0.13022877 "" "" 10.480468794161796 "" 1.372713181844722 ""
