Clusters/UBC_198/UBC_198_stars_in_region.tsv
# %ECSV 1.0
# ---
# datatype:
# - name: RA_ICRS_1
#   unit: deg
#   datatype: float64
#   format: '{:15.11f}'
#   description: Right ascension (ICRS) at Ep=2016.0 (ra)
#   meta: !!omap
#   - {ucd: POS_EQ_RA_MAIN}
#   - {width: 15}
#   - {precision: '11'}
# - name: DE_ICRS_1
#   unit: deg
#   datatype: float64
#   format: '{:15.11f}'
#   description: Declination (ICRS) at Ep=2016.0 (dec)
#   meta: !!omap
#   - {ucd: POS_EQ_DEC_MAIN}
#   - {width: 15}
#   - {precision: '11'}
# - name: e_RA_ICRS
#   unit: mas
#   datatype: float64
#   format: '{:7.4f}'
#   description: Standard error of right ascension (ra_error)
#   meta: !!omap
#   - {ucd: ERROR}
#   - {width: 7}
#   - {precision: '4'}
# - name: e_DE_ICRS
#   unit: mas
#   datatype: float64
#   format: '{:7.4f}'
#   description: Standard error of declination (dec_error)
#   meta: !!omap
#   - {ucd: ERROR}
#   - {width: 7}
#   - {precision: '4'}
# - name: _r_1
#   unit: ''
#   datatype: float64
#   format: '{:7.4f}'
#   description: Distance from center (082.12320870000+35.70129487000)[ICRS], at Epoch=J2016.0
#   meta: !!omap
#   - {ucd: POS_ANG_DIST_GENERAL}
#   - {width: 7}
#   - {precision: '4'}
# - name: HIP
#   datatype: int32
#   description: '? HIP cross-id number, van Leeuwen, Cat. I/311 (hip_original_ext_source_id)'
#   meta: !!omap
#   - {ucd: ID_NUMBER}
#   - {width: 6}
#   - values: {'null': -2147483648}
# - name: TYC2
#   datatype: string
#   description: Tycho-2 cross-id name, Hog et al., Cat. I/259 (tyc2_original_ext_source_id)
#   meta: !!omap
#   - {ucd: ID_CROSSID}
#   - {_votable_string_dtype: char}
# - name: Source
#   datatype: int64
#   description: Source identifier, identical to the Gaia-EDR3 source_id (id)
#   meta: !!omap
#   - {ucd: ID_MAIN}
#   - {width: 19}
# - name: rgeo
#   unit: pc
#   datatype: float64
#   format: '{:15.8f}'
#   description: '? Median of the geometric distance posterior (r_med_geo)'
#   meta: !!omap
#   - {ucd: PHYS_DISTANCE_TRUE}
#   - {width: 15}
#   - {precision: '8'}
#   - values: {'null': .nan}
# - name: Plx
#   unit: mas
#   datatype: float64
#   format: '{:9.4f}'
#   description: '? Parallax (parallax)'
#   meta: !!omap
#   - {ucd: POS_PARLX_TRIG}
#   - {width: 9}
#   - {precision: '4'}
#   - values: {'null': .nan}
# - name: e_Plx
#   unit: mas
#   datatype: float32
#   format: '{:7.4f}'
#   description: '? Standard error of parallax (parallax_error)'
#   meta: !!omap
#   - {ucd: ERROR}
#   - {width: 7}
#   - {precision: '4'}
#   - values: {'null': .nan}
# - name: pmRA
#   unit: mas / yr
#   datatype: float64
#   format: '{:9.3f}'
#   description: '? Proper motion in right ascension direction, pmRA*cosDE (pmra)'
#   meta: !!omap
#   - {ucd: POS_EQ_PMRA}
#   - {width: 9}
#   - {precision: '3'}
#   - values: {'null': .nan}
# - name: pmDE
#   unit: mas / yr
#   datatype: float64
#   format: '{:9.3f}'
#   description: '? Proper motion in declination direction (pmdec)'
#   meta: !!omap
#   - {ucd: POS_EQ_PMDEC}
#   - {width: 9}
#   - {precision: '3'}
#   - values: {'null': .nan}
# - name: e_pmRA
#   unit: mas / yr
#   datatype: float32
#   format: '{:6.3f}'
#   description: '? Standard error of proper motion in right ascension direction (pmra_error)'
#   meta: !!omap
#   - {ucd: ERROR}
#   - {width: 6}
#   - {precision: '3'}
#   - values: {'null': .nan}
# - name: e_pmDE
[...]
#         value: !astropy.table.SerializedColumn {name: SkyCoord.dec}
#       distance: !astropy.table.SerializedColumn
#         __class__: astropy.coordinates.distances.Distance
#         unit: !astropy.units.Unit {unit: pc}
#         value: !astropy.table.SerializedColumn {name: SkyCoord.distance}
#       frame: icrs
#       obstime: !astropy.time.Time {format: jyear_str, in_subfmt: '*', jd1: 367701545.0, jd2: 0.0, out_subfmt: '*', precision: 3, scale: tt}
#       pm_dec: !astropy.table.SerializedColumn
#         __class__: astropy.units.quantity.Quantity
#         unit: !astropy.units.Unit {unit: mas / yr}
#         value: !astropy.table.SerializedColumn {name: SkyCoord.pm_dec}
#       pm_ra_cosdec: !astropy.table.SerializedColumn
#         __class__: astropy.units.quantity.Quantity
#         unit: !astropy.units.Unit {unit: mas / yr}
#         value: !astropy.table.SerializedColumn {name: SkyCoord.pm_ra_cosdec}
#       ra: !astropy.table.SerializedColumn
#         __class__: astropy.coordinates.angles.Longitude
#         unit: *id001
#         value: !astropy.table.SerializedColumn {name: SkyCoord.ra}
#         wrap_angle: !astropy.coordinates.Angle
#           unit: *id001
#           value: 360.0
#       representation_type: spherical
# schema: astropy-2.0
RA_ICRS_1 DE_ICRS_1 e_RA_ICRS e_DE_ICRS _r_1 HIP TYC2 Source rgeo Plx e_Plx pmRA pmDE e_pmRA e_pmDE RUWE Teff logg Gmag BP-RP BPmag RPmag RV e_RV b_rgeo B_rgeo FG e_FG FBP e_FBP FRP e_FRP RAVE5 RAVE6 e_Gmag e_BPmag e_RPmag e_BP-RP SkyCoord.ra SkyCoord.dec SkyCoord.distance SkyCoord.pm_ra_cosdec SkyCoord.pm_dec rmRA rmDE e_rmRA e_rmDE rRV e_rRV v_pec v_pec3d e_vpec e_vpec3d
[from data line 679]
82.69289015158 35.81956214831 0.0373 0.0281 28.63 "" "" 183304295050925824 1838.29797 0.5166 0.0401 0.521 -4.322 0.045 0.035 1.04 7924.6 4.214 15.609109 1.301578 16.180637 14.87906 "" "" 1704.23328 1953.85608 10747.39121 3.9524 4604.3 14.965 8862.1 11.015 "" "" 0.002784100803269157 0.0044986745 0.0040130876 0.008511762 82.69289015158 35.81956214831 1838.29797 0.5209999999999995 -4.322 0.5466307683885098 -2.3402154178619385 0.12322877 0.11322877 "" "" 20.940439253127302 "" 2.3823457531708034 ""
81.94392075444 35.91819605608 0.0337 0.0264 15.6675 "" "" 183343740030305024 1740.34668 0.5308 0.0379 -0.247 -0.808 0.042 0.032 1.009 8019.9 4.1703 15.610973 1.375174 16.223394 14.848221 "" "" 1637.30347 1866.53223 10728.95159 4.6634 4426.5 14.709 9117.4 21.098 "" "" 0.0027954425876755766 0.0045608706 0.004538287 0.0090991575 81.94392075444 35.91819605608 1740.34668 -0.2470000000000001 -0.808 -0.22136923161149025 1.1737845821380615 0.12022877 0.11022878 "" "" 9.85352885369543 "" 1.0896745169732107 ""
81.95232848498 35.30957237395 0.0363 0.027 24.9413 "" "" 183263402662514560 1542.89832 0.6135 0.0403 -0.098 -3.496 0.047 0.033 1.03 "" "" 15.612419 1.227743 16.137651 14.909908 "" "" 1454.45642 1637.06287 10714.67989 4.7546 4790.2 15.7 8613.8 14.412 "" "" 0.0027971257372121196 0.0045219646 0.0041932897 0.008715254 81.95232848498 35.30957237395 1542.89832 -0.09799999999999992 -3.496000000000001 -0.07236923161149025 -1.5142154178619385 0.12522876 0.11122877 "" "" 11.086609532866468 "" 1.2335258894519576 ""
81.79852079676 35.39721127139 0.0396 0.0292 24.1684 "" "" 182939630849126528 1730.81152 0.5443 0.0437 -1.585 -2.423 0.058 0.038 1.035 6012.4 4.1702 15.617481 1.378365 16.222937 14.844571 "" "" 1626.82471 1871.48926 10664.83555 4.5913 4428.4 20.576 9148.1 27.354 "" "" 0.002794685917808344 0.005764929 0.0049823117 0.010747241 81.79852079676 35.39721127139 1730.81152 -1.585 -2.423 -1.5593692316114902 -0.4412154178619385 0.13622877 0.116228774 "" "" 13.295374365436153 "" 1.7928562965968855 ""
81.71833013352 35.34279113485 0.037 0.0273 29.2165 "" "" 182939012373756032 1917.2489 0.4805 0.0422 -0.738 -2.176 0.052 0.035 0.945 7567.8 3.6653 15.617613 2.219865 16.76918 14.549315 "" "" 1780.35645 2107.58105 10663.54119 5.6292 2677.6 29.795 12007.0 18.508 "" "" 0.002814301367622154 0.012399535 0.0041333563 0.01653289 81.71833013352 35.34279113485 1917.2489 -0.738 -2.176 -0.7123692316114902 -0.19421541786193863 0.13022877 0.11322877 "" "" 6.7101248471689905 "" 0.8664428168658299 ""
82.58346340479 35.5903235642 0.0315 0.0258 23.408 "" "" 183283296954120704 1813.70972 0.517 0.0364 0.051 -2.426 0.04 0.031 1.043 6432.5 4.3699 15.620387 1.009024 16.039074 15.03005 "" "" 1711.97888 1938.79724 10636.33416 4.0874 5245.5 14.71 7711.5 12.91 "" "" 0.0027867316779854197 0.004129829 0.004193757 0.008323586 82.58346340479 35.5903235642 1813.70972 0.05100000000000013 -2.426 0.07663076838850974 -0.44421541786193863 0.11822877 0.109228775 "" "" 3.87531990877214 "" 0.4243446101005429 ""
82.54963375182 35.52266359707 0.0318 0.0259 23.3994 "" "" 183280724270548096 1573.20483 0.6015 0.0373 -0.285 -3.569 0.039 0.03 1.011 6502.4 4.4394 15.622041 1.021474 16.04427 15.022796 "" "" 1492.32056 1669.98181 10620.14128 4.9361 5220.5 18.756 7763.2 13.234 "" "" 0.0028011509344647864 0.004795957 0.004208257 0.009004214 82.54963375182 35.52266359707 1573.20483 -0.2850000000000001 -3.5689999999999964 -0.2593692316114902 -1.5872154178619384 0.117228776 0.10822877 "" "" 11.99283802587479 "" 1.3008908535423047 ""
82.3539687875 35.73691333039 0.036 0.0289 11.4424 "" "" 183299450327933312 1711.45862 0.5476 0.0405 -0.037 -2.004 0.043 0.034 1.039 6064.3 4.3064 15.622204 1.104611 16.083618 14.979007 "" "" 1596.79578 1810.6687 10618.55 5.0654 5034.7 21.642 8082.7 16.222 "" "" 0.0028035768384218887 0.0054375515 0.004362579 0.0098001305 82.3539687875 35.73691333039 1711.45862 -0.037000000000000144 -2.0040000000000022 -0.011369231611490248 -0.02221541786193848 0.12122877 0.11222877 "" "" 0.20244802492698305 "" 0.023110474060665347 ""
82.21715090611 35.44368046736 0.032 0.0255 16.1225 "" "" 183268217325913856 1623.30371 0.5712 0.038 -0.051 -1.922 0.042 0.033 0.951 9062.0 4.4853 15.627232 1.049106 16.061396 15.01229 "" "" 1540.94202 1725.60596 10569.48907 4.2463 5138.8 12.384 7838.7 17.839 "" "" 0.0027896336236508247 0.0038250764 0.0045154127 0.008340489 82.21715090611 35.44368046736 1623.30371 -0.051000000000000045 -1.9219999999999997 -0.025369231611490246 0.05978458213806159 0.12022877 0.11122877 "" "" 0.4997131915287188 "" 0.056291986231996986 ""
82.10337125355 35.44038247702 0.0364 0.0269 15.6847 "" "" 183266087022173056 1421.65869 0.6705 0.0428 -0.2 -3.46 0.051 0.036 1.032 5917.8 4.3866 15.629127 1.069263 16.073303 15.00404 "" "" 1344.49512 1510.41162 10551.04799 4.548 5082.7 20.11 7898.5 12.136 "" "" 0.0027947838396294314 0.0051223785 0.0041311877 0.009253566 82.10337125355 35.44038247702 1421.65869 -0.2 -3.46 -0.17436923161149026 -1.4782154178619384 0.12922877 0.11422877 "" "" 10.030256919222495 "" 1.1479421141345036 ""
82.43979626723 35.89801191055 0.0369 0.0303 19.408 "" "" 183354662128973824 1698.7655 0.5441 0.0418 -0.049 -1.962 0.047 0.036 1.034 7276.9 4.3806 15.630874 1.010446 16.048065 15.03762 "" "" 1583.19922 1841.30554 10534.09944 4.8921 5202.2 16.173 7657.9 17.737 "" "" 0.002801076525827809 0.0043793274 0.00453957 0.008918897 82.43979626723 35.89801191055 1698.7655 -0.04899999999999971 -1.9619999999999997 -0.02336923161149025 0.019784582138061557 0.12522876 0.11422877 "" "" 0.24655235197181347 "" 0.0297732036720052 ""
81.7432424021 35.99063640722 0.0344 0.0281 25.3553 "" "" 184095187506600960 1550.78967 0.6114 0.0416 -1.685 -0.182 0.042 0.033 1.072 6913.4 4.1971 15.632406 1.396785 16.257893 14.861108 "" "" 1447.21228 1679.91455 10519.23483 4.4094 4288.1 12.29 9009.8 12.951 "" "" 0.002792654228643906 0.004179513 0.0040889406 0.008268453 81.7432424021 35.99063640722 1550.78967 -1.6849999999999998 -0.18199999999999994 -1.6593692316114903 1.7997845821380616 0.12022877 0.11122877 "" "" 17.994659171869777 "" 2.077504906847636 ""
82.43835043732 35.4192688045 0.0329 0.0256 22.8681 "" "" 183257252269640448 1670.91919 0.5683 0.0413 -3.047 -3.501 0.042 0.03 0.944 6290.9 4.4294 15.636324 0.991286 16.04387 15.052585 "" "" 1585.62512 1784.46252 10481.34586 4.1148 5222.4 13.134 7553.1 15.037 "" "" 0.002788094585391664 0.0039039706 0.0043538394 0.00825781 82.43835043732 35.4192688045 1670.91919 -3.047 -3.5010000000000003 -3.0213692316114904 -1.5192154178619384 0.12022877 0.10822877 "" "" 26.784522972099822 "" 3.1580420067668626 ""
82.13928826053 35.55565116737 0.0327 0.0256 8.7737 "" "" 183319924432731648 2004.65417 0.4579 0.0433 0.795 -3.129 0.042 0.033 0.986 7930.3 4.1287 15.637037 1.100228 16.094038 14.99381 "" "" 1850.34644 2201.28638 10474.46144 4.3269 4986.6 12.636 7973.2 13.864 "" "" 0.002791585237779831 0.003918469 0.004224679 0.008143147 82.13928826053 35.55565116737 2004.65417 0.795 -3.129 0.8206307683885098 -1.1472154178619385 0.12022877 0.11122877 "" "" 13.402750426917352 "" 1.5326647130980575 ""
81.97935800689 35.28381071135 0.046 0.0363 26.0161 "" "" 183262582328981248 1470.73889 0.641 0.0517 1.418 0.012 0.058 0.043 1.13 6054.2 4.4149 15.640479 1.111963 16.106922 14.994959 "" "" 1369.70776 1596.63989 10441.31183 4.7831 4927.7 18.359 7964.8 16.455 "" "" 0.0027998509477210067 0.0049140477 0.0043949056 0.009308953 81.97935800689 35.28381071135 1470.73889 1.4179999999999993 0.011999999999999891 1.4436307683885097 1.9937845821380615 0.13622877 0.12122877 "" "" 17.160235259999435 "" 2.17229175476197 ""
82.5909595532 35.5628936097 0.0338 0.0268 24.275 "" "" 183282373537961856 1579.58154 0.5948 0.0399 2.304 -5.474 0.042 0.033 1.022 5529.2 4.309 15.646108 1.117233 16.089703 14.972469 "" "" 1504.75122 1667.12878 10387.32472 4.2981 5006.5 26.534 8131.5 52.387 "" "" 0.002791706172924593 0.0063950815 0.007950558 0.01434564 82.5909595532 35.5628936097 1579.58154 2.304 -5.474 2.3296307683885096 -3.4922154178619387 0.12022877 0.11122877 "" "" 31.430928257409132 "" 3.5855189443150044 ""
81.83114198087 35.67860472241 0.0321 0.0257 14.2977 "" "" 183330885189563776 1771.15015 0.5201 0.0356 1.667 -3.77 0.042 0.033 0.98 7331.7 4.177 15.646373 1.424595 16.28138 14.856785 "" "" 1667.19873 1887.65283 10384.78902 4.3886 4196.3 11.777 9045.7 19.144 "" "" 0.002793262457123529 0.0041315993 0.004423084 0.008554684 81.83114198087 35.67860472241 1771.15015 1.6669999999999996 -3.7699999999999996 1.6926307683885098 -1.7882154178619385 0.12022877 0.11122877 "" "" 20.671273710229293 "" 2.3889624240533784 ""
82.11582084963 36.09477145801 0.0397 0.0305 23.6113 "" "" 183370089652793472 1658.70947 0.565 0.0432 -4.154 0.298 0.052 0.037 1.158 7183.1 4.1365 15.647128 1.667557 16.40722 14.739664 "" "" 1534.03015 1747.99219 10377.56488 5.5119 3737.0 13.102 10076.0 24.24 "" "" 0.00281502077844764 0.0047196774 0.004594141 0.009313818 82.11582084963 36.09477145801 1658.70947 -4.154000000000005 0.2979999999999999 -4.12836923161149 2.2797845821380616 0.13022877 0.11522877 "" "" 37.078688023420035 "" 4.704630425580864 ""
82.39383430539 36.07000968294 0.0356 0.0287 25.7388 "" "" 183359919169092608 1982.67871 0.48 0.0414 1.424 -2.697 0.046 0.034 0.995 7455.1 4.2712 15.650303 1.211856 16.166773 14.954917 "" "" 1794.95496 2125.53735 10347.2638 3.8583 4663.5 18.707 8264.0 26.06 "" "" 0.002784904561042361 0.005172383 0.0050996207 0.010272004 82.39383430539 36.07000968294 1982.67871 1.4239999999999997 -2.697 1.4496307683885097 -0.7152154178619385 0.124228776 0.11222877 "" "" 15.191381486350142 "" 1.8529313645626588 ""
82.3366990752 35.49007525133 0.0337 0.0258 16.4043 "" "" 183270038391991808 1533.26318 0.6181 0.0393 1.173 0.561 0.043 0.033 0.961 5925.0 4.3447 15.655045 1.036645 16.08232 15.045674 "" "" 1452.3053 1621.10327 10302.16251 4.4417 5040.7 19.603 7601.3 16.721 "" "" 0.002794801162531471 0.0050609712 0.00447079 0.009531761 82.3366990752 35.49007525133 1533.26318 1.173 0.5610000000000002 1.1986307683885098 2.5427845821380615 0.12122877 0.11122877 "" "" 20.430380392272347 "" 2.3109335199605505 ""
82.28976832483 35.42297201582 0.0321 0.0252 18.5731 "" "" 183267530131134592 1484.99756 0.6397 0.0378 -2.402 -4.88 0.042 0.03 1.011 5931.9 4.388 15.657709 1.050671 16.09637 15.0457 "" "" 1408.97339 1584.70239 10276.91908 3.5291 4975.9 13.297 7601.1 13.771 "" "" 0.0027804317797199374 0.0040253103 0.004260631 0.008285942 82.28976832483 35.42297201582 1484.99756 -2.402 -4.88 -2.3763692316114904 -2.8982154178619384 0.12022877 0.10822877 "" "" 26.381077123517944 "" 2.9864974652078287 ""
82.51337593892 35.58616151258 0.0327 0.0256 20.2397 "" "" 183293677893041792 1667.03735 0.5679 0.0362 1.9 1.405 0.04 0.031 1.023 6142.7 4.3593 15.661277 1.059547 16.080444 15.020897 "" "" 1549.65527 1784.34985 10243.21029 4.963 5049.4 26.4 7776.8 17.209 "" "" 0.0028050891153284974 0.006325256 0.004478409 0.010803665 82.51337593892 35.58616151258 1667.03735 1.8999999999999981 1.4050000000000002 1.9256307683885097 3.3867845821380618 0.11822877 0.109228775 "" "" 30.78478671092794 "" 3.432335736202669 ""
81.93104036317 35.64701544099 0.0354 0.0265 9.9165 "" "" 183319069738273152 1844.34265 0.5034 0.0407 7.321 -6.81 0.046 0.035 1.062 4882.3 3.5897 15.66254 1.664196 16.453943 14.789747 "" "" 1723.19031 2019.60254 10231.29258 3.9131 3579.6 22.623 9621.9 17.906 "" "" 0.002786436080182549 0.007407413 0.0042855814 0.011692994 81.93104036317 35.64701544099 1844.34265 7.321000000000002 -6.810000000000004 7.3466307683885095 -4.828215417861938 0.124228776 0.11322877 "" "" 76.85401609221647 "" 9.300577795813956 ""
82.72346567001 35.62889854005 0.0456 0.037 29.5809 "" "" 183288730089498880 1722.25525 0.5413 0.0549 2.331 -2.065 0.058 0.044 1.29 6828.6 4.2542 15.672446 1.087751 16.122578 15.034826 "" "" 1592.06555 1872.50769 10138.37282 5.9486 4857.2 18.423 7677.6 8.5972 "" "" 0.0028280058409725713 0.004974327 0.00397012 0.008944447 82.72346567001 35.62889854005 1722.25525 2.3309999999999973 -2.0650000000000013 2.3566307683885097 -0.08321541786193842 0.13622877 0.12222877 "" "" 19.250321645225142 "" 2.6221292453052776 ""
82.02903364917 35.67148554125 0.0338 0.0257 4.9257 "" "" 183324601656113280 1649.54797 0.5773 0.0397 1.214 -0.665 0.044 0.033 0.909 5973.6 4.2502 15.67286 1.227812 16.20009 14.972279 "" "" 1558.177 1744.8324 10134.50852 3.8489 4522.5 15.806 8132.9 10.458 "" "" 0.002786003560156862 0.0047100056 0.00402901 0.008739015 82.02903364917 35.67148554125 1649.54797 1.214 -0.665 1.2396307683885097 1.3167845821380615 0.12222877 0.11122877 "" "" 14.140260522560359 "" 1.6477148846112684 ""
82.56221811014 35.71770176219 0.0354 0.0279 21.4108 "" "" 183296216215890176 1477.59534 0.6381 0.0398 -2.802 -2.566 0.042 0.034 0.98 5999.7 4.1484 15.675164 1.012076 16.08427 15.072194 "" "" 1402.7146 1605.31616 10113.02097 3.9173 5031.6 12.83 7417.9 13.576 "" "" 0.002787231953529491 0.0039306046 0.0042699194 0.008200524 82.56221811014 35.71770176219 1477.59534 -2.8019999999999965 -2.565999999999999 -2.7763692316114903 -0.5842154178619383 0.12022877 0.11222877 "" "" 19.87097686184524 "" 2.3825380191798327 ""
82.11381858097 35.31253340883 0.0354 0.0261 23.3302 "" "" 183261379738072064 1689.87305 0.5545 0.0406 1.963 -0.135 0.05 0.035 0.983 5537.8 4.2654 15.676057 1.145981 16.163815 15.017834 "" "" 1573.51282 1821.6626 10104.70914 4.1614 4676.2 11.307 7798.7 14.457 "" "" 0.0027913653069953606 0.0038310883 0.004281905 0.008112993 82.11381858097 35.31253340883 1689.87305 1.963 -0.1350000000000003 1.9886307683885098 1.8467845821380615 0.12822877 0.11322877 "" "" 21.738352592110328 "" 2.6414961710171183 ""
82.38116082247 36.06126517563 0.0362 0.0289 24.9747 "" "" 183359884809350144 1556.01038 0.6123 0.0415 -1.326 -6.419 0.046 0.034 1.077 5778.9 4.4185 15.678929 1.08919 16.138994 15.049805 "" "" 1458.02905 1660.87891 10078.01959 3.9758 4784.3 11.776 7572.4 15.123 "" "" 0.0027884138676248075 0.0038635274 0.00435723 0.008220757 82.38116082247 36.06126517563 1556.01038 -1.3259999999999998 -6.419 -1.3003692316114903 -4.437215417861938 0.124228776 0.11222877 "" "" 34.10303769006185 "" 3.8612890240603983 ""
81.77955308695 36.04211230432 0.0367 0.0282 26.4071 "" "" 184096832478674176 1783.10156 0.5333 0.0461 1.602 -1.947 0.041 0.034 1.026 7351.5 4.2913 15.678931 1.347221 16.269999 14.922777 "" "" 1639.47046 1942.00256 10078.0015 4.5801 4240.5 16.905 8512.3 11.333 "" "" 0.002799153761570058 0.005149725 0.0040463856 0.00919611 81.77955308695 36.04211230432 1783.10156 1.602 -1.947 1.6276307683885098 0.03478458213806146 0.11922877 0.11222877 "" "" 13.759715938827458 "" 1.6405113644999192 ""
81.71926922858 35.66510945273 0.0354 0.0261 19.8054 "" "" 183330301075373184 1490.58972 0.6373 0.0386 -2.857 -3.52 0.051 0.035 1.018 7393.9 4.1343 15.684103 1.524959 16.383472 14.858514 "" "" 1421.50708 1578.04993 10030.10908 4.491 3819.7 23.63 9031.4 17.753 "" "" 0.0027978781084472947 0.0072732177 0.0043403525 0.01161357 81.71926922858 35.66510945273 1490.58972 -2.857 -3.5200000000000014 -2.8313692316114905 -1.5382154178619385 0.12922877 0.11322877 "" "" 22.766320085260013 "" 2.8631328365738717 ""
81.50775270357 35.64422265547 0.0385 0.0277 30.1931 "" "" 183708773592514816 1428.78369 0.6713 0.0437 1.727 -7.666 0.058 0.036 1.025 5722.0 4.405 15.686493 1.277973 16.245356 14.967382 "" "" 1354.48291 1512.1084 10008.04985 4.5546 4337.9 15.178 8169.7 14.629 "" "" 0.0027992741359851823 0.0047134687 0.0042501176 0.008963587 81.50775270357 35.64422265547 1428.78369 1.7269999999999999 -7.666 1.7526307683885098 -5.684215417861939 0.13622877 0.11422877 "" "" 40.284329036642454 "" 4.685220240571338 ""
