Clusters/IC_1848/IC_1848_stars_in_region.tsv
# %ECSV 1.0
# ---
# datatype:
# - name: RA_ICRS_1
#   unit: deg
#   datatype: float64
#   format: '{:15.11f}'
#   description: Right ascension (ICRS) at Ep=2016.0 (ra)
#   meta: !!omap
#   - {ucd: POS_EQ_RA_MAIN}
#   - {width: 15}
#   - {precision: '11'}
# - name: DE_ICRS_1
#   unit: deg
#   datatype: float64
#   format: '{:15.11f}'
#   description: Declination (ICRS) at Ep=2016.0 (dec)
#   meta: !!omap
#   - {ucd: POS_EQ_DEC_MAIN}
#   - {width: 15}
#   - {precision: '11'}
# - name: e_RA_ICRS
#   unit: mas
#   datatype: float64
#   format: '{:7.4f}'
#   description: Standard error of right ascension (ra_error)
#   meta: !!omap
#   - {ucd: ERROR}
#   - {width: 7}
#   - {precision: '4'}
# - name: e_DE_ICRS
#   unit: mas
#   datatype: float64
#   format: '{:7.4f}'
#   description: Standard error of declination (dec_error)
#   meta: !!omap
#   - {ucd: ERROR}
#   - {width: 7}
#   - {precision: '4'}
# - name: _r_1
#   unit: ''
#   datatype: float64
#   format: '{:7.4f}'
#   description: Distance from center (042.90941652000+60.41689809000)[ICRS], at Epoch=J2016.0
#   meta: !!omap
#   - {ucd: POS_ANG_DIST_GENERAL}
#   - {width: 7}
#   - {precision: '4'}
# - name: HIP
#   datatype: int32
#   description: '? HIP cross-id number, van Leeuwen, Cat. I/311 (hip_original_ext_source_id)'
#   meta: !!omap
#   - {ucd: ID_NUMBER}
#   - {width: 6}
#   - values: {'null': -2147483648}
# - name: TYC2
#   datatype: string
#   description: Tycho-2 cross-id name, Hog et al., Cat. I/259 (tyc2_original_ext_source_id)
#   meta: !!omap
#   - {ucd: ID_CROSSID}
#   - {_votable_string_dtype: char}
# - name: Source
#   datatype: int64
#   description: Source identifier, identical to the Gaia-EDR3 source_id (id)
#   meta: !!omap
#   - {ucd: ID_MAIN}
#   - {width: 19}
# - name: rgeo
#   unit: pc
#   datatype: float64
#   format: '{:15.8f}'
#   description: '? Median of the geometric distance posterior (r_med_geo)'
#   meta: !!omap
#   - {ucd: PHYS_DISTANCE_TRUE}
#   - {width: 15}
#   - {precision: '8'}
#   - values: {'null': .nan}
# - name: Plx
#   unit: mas
#   datatype: float64
#   format: '{:9.4f}'
#   description: '? Parallax (parallax)'
#   meta: !!omap
#   - {ucd: POS_PARLX_TRIG}
#   - {width: 9}
#   - {precision: '4'}
#   - values: {'null': .nan}
# - name: e_Plx
#   unit: mas
#   datatype: float32
#   format: '{:7.4f}'
#   description: '? Standard error of parallax (parallax_error)'
#   meta: !!omap
#   - {ucd: ERROR}
#   - {width: 7}
#   - {precision: '4'}
#   - values: {'null': .nan}
# - name: pmRA
#   unit: mas / yr
#   datatype: float64
#   format: '{:9.3f}'
#   description: '? Proper motion in right ascension direction, pmRA*cosDE (pmra)'
#   meta: !!omap
#   - {ucd: POS_EQ_PMRA}
#   - {width: 9}
#   - {precision: '3'}
#   - values: {'null': .nan}
# - name: pmDE
#   unit: mas / yr
#   datatype: float64
#   format: '{:9.3f}'
#   description: '? Proper motion in declination direction (pmdec)'
#   meta: !!omap
#   - {ucd: POS_EQ_PMDEC}
#   - {width: 9}
#   - {precision: '3'}
#   - values: {'null': .nan}
# - name: e_pmRA
#   unit: mas / yr
#   datatype: float32
#   format: '{:6.3f}'
#   description: '? Standard error of proper motion in right ascension direction (pmra_error)'
#   meta: !!omap
#   - {ucd: ERROR}
#   - {width: 6}
#   - {precision: '3'}
#   - values: {'null': .nan}
# - name: e_pmDE
[...]
#         value: !astropy.table.SerializedColumn {name: SkyCoord.dec}
#       distance: !astropy.table.SerializedColumn
#         __class__: astropy.coordinates.distances.Distance
#         unit: !astropy.units.Unit {unit: pc}
#         value: !astropy.table.SerializedColumn {name: SkyCoord.distance}
#       frame: icrs
#       obstime: !astropy.time.Time {format: jyear_str, in_subfmt: '*', jd1: 367701545.0, jd2: 0.0, out_subfmt: '*', precision: 3, scale: tt}
#       pm_dec: !astropy.table.SerializedColumn
#         __class__: astropy.units.quantity.Quantity
#         unit: !astropy.units.Unit {unit: mas / yr}
#         value: !astropy.table.SerializedColumn {name: SkyCoord.pm_dec}
#       pm_ra_cosdec: !astropy.table.SerializedColumn
#         __class__: astropy.units.quantity.Quantity
#         unit: !astropy.units.Unit {unit: mas / yr}
#         value: !astropy.table.SerializedColumn {name: SkyCoord.pm_ra_cosdec}
#       ra: !astropy.table.SerializedColumn
#         __class__: astropy.coordinates.angles.Longitude
#         unit: *id001
#         value: !astropy.table.SerializedColumn {name: SkyCoord.ra}
#         wrap_angle: !astropy.coordinates.Angle
#           unit: *id001
#           value: 360.0
#       representation_type: spherical
# schema: astropy-2.0
RA_ICRS_1 DE_ICRS_1 e_RA_ICRS e_DE_ICRS _r_1 HIP TYC2 Source rgeo Plx e_Plx pmRA pmDE e_pmRA e_pmDE RUWE Teff logg Gmag BP-RP BPmag RPmag RV e_RV b_rgeo B_rgeo FG e_FG FBP e_FBP FRP e_FRP RAVE5 RAVE6 e_Gmag e_BPmag e_RPmag e_BP-RP SkyCoord.ra SkyCoord.dec SkyCoord.distance SkyCoord.pm_ra_cosdec SkyCoord.pm_dec rmRA rmDE e_rmRA e_rmDE rRV e_rRV v_pec v_pec3d e_vpec e_vpec3d
[from data line 872]
42.77397386453 60.23919725242 0.0219 0.0271 11.3957 "" "" 464569299405078272 1980.76062 0.489 0.0423 0.356 0.196 0.037 0.034 1.034 "" "" 16.260183 1.398935 16.827742 15.428806 "" "" 1832.74133 2102.75952 5900.29056 2.0147 2537.0 15.859 5341.2 16.112 "" "" 0.0027801497037585493 0.0073381737 0.0050010514 0.012339225 42.77397386453 60.23919725242 1980.76062 0.35599999999999976 0.19599999999999984 0.7439923522472381 0.5937938890457153 0.1734363 0.1704363 "" "" 8.937214616386004 "" 1.539659851059646 ""
43.71311057007 60.64374779 0.0254 0.0298 27.3503 "" "" 464686122517400064 2060.95288 0.4674 0.0467 -0.112 1.422 0.042 0.041 1.012 7115.9 4.1635 16.260239 1.466696 16.924557 15.457861 "" "" 1887.01501 2231.70142 5899.98682 1.9264 2320.6 6.447 5200.1 9.4817 "" "" 0.002778031976412987 0.004108943 0.004266489 0.008375432 43.71311057007 60.64374779 2060.95288 -0.11199999999999988 1.4219999999999997 0.27599235224723817 1.8197938890457153 0.1784363 0.17743629 "" "" 17.98070306281885 "" 3.1908346745095852 ""
43.13197015002 60.07395962447 0.0226 0.0315 21.6171 "" "" 464551775938821248 1921.97302 0.4962 0.0457 4.829 -2.329 0.037 0.041 0.965 6670.9 4.2775 16.264576 1.380763 16.880787 15.500024 "" "" 1733.75208 2149.69922 5876.46848 1.9957 2416.0 6.4601 5002.1 8.8382 "" "" 0.002779882709085915 0.004026564 0.0042383876 0.008264951 43.13197015002 60.07395962447 1921.97302 4.828999999999999 -2.329 5.216992352247238 -1.9312061109542848 0.1734363 0.17743629 "" "" 50.67944643227042 "" 8.814333404662449 ""
42.52574713646 60.61749130793 0.0249 0.0283 16.5292 "" "" 464861528976682880 2119.23804 0.4664 0.0402 3.348 -0.26 0.04 0.037 1.007 4876.4 4.1365 16.265018 1.63188 17.038307 15.406427 "" "" 1953.24146 2375.75342 5874.07822 2.0094 2089.7 7.3959 5452.4 7.5451 "" "" 0.0027802397569865515 0.0047487943 0.004067075 0.00881587 42.52574713646 60.61749130793 2119.23804 3.347999999999999 -0.26 3.735992352247238 0.13779388904571532 0.1764363 0.1734363 "" "" 37.554263982880286 "" 6.625783823341144 ""
43.37142624866 60.47157953595 0.0246 0.0291 14.0618 "" "" 464659631157974144 1861.91943 0.5115 0.043 1.011 0.148 0.042 0.039 1.057 7277.2 4.3216 16.26533 1.388762 16.889252 15.500489 "" "" 1731.61267 2014.75513 5872.39661 2.0746 2397.3 8.1702 4999.9 7.8213 "" "" 0.002781890441288845 0.0046343417 0.0041434667 0.008777808 43.37142624866 60.47157953595 1861.91943 1.0109999999999997 0.14799999999999988 1.398992352247238 0.5457938890457154 0.1784363 0.1754363 "" "" 13.253155524167532 "" 2.359630219955367 ""
42.92550359697 60.35169187828 0.0232 0.0282 3.9413 "" "" 464663891765350528 2005.34009 0.4828 0.0411 -0.275 -0.45 0.037 0.035 0.96 6355.7 3.9331 16.27001 1.932176 17.229307 15.297132 "" "" 1864.3053 2197.92407 5847.12756 4.1216 1752.6 8.7031 6029.8 12.345 "" "" 0.0028596356980916953 0.006070758 0.0043846145 0.010455373 42.92550359697 60.35169187828 2005.34009 -0.275 -0.45 0.11299235224723814 -0.05220611095428468 0.1734363 0.1714363 "" "" 1.1831249961526005 "" 0.20478253191786888 ""
42.27329559333 60.48344914276 0.0229 0.0277 19.2421 "" "" 464765562227695872 1993.82361 0.4728 0.0397 -3.658 -1.608 0.038 0.035 0.937 7322.3 4.1685 16.27034 1.40525 16.897202 15.491952 "" "" 1841.43787 2178.89209 5845.35446 1.9102 2379.8 6.7381 5039.4 7.7674 "" "" 0.002778070818455048 0.0041515394 0.0041333125 0.008284852 42.27329559333 60.48344914276 1993.82361 -3.6579999999999995 -1.608 -3.2700076477527618 -1.2102061109542848 0.1744363 0.1714363 "" "" 32.95247867746752 "" 5.736289539255519 ""
43.80671732565 60.52447663298 0.0275 0.0311 27.3086 "" "" 464681204771765888 1635.03589 0.5939 0.0475 -1.813 -1.638 0.044 0.042 1.077 7125.3 4.253 16.272491 1.335885 16.861736 15.525851 "" "" 1538.20923 1791.20923 5833.77966 2.065 2458.8 7.2202 4884.5 7.8858 "" "" 0.002781994281920569 0.0042367307 0.004166087 0.008402818 43.80671732565 60.52447663298 1635.03589 -1.813 -1.638 -1.4250076477527618 -1.2402061109542846 0.1804363 0.1784363 "" "" 14.640778861903579 "" 2.62914774581333 ""
42.60818831376 60.29798378187 0.0219 0.0265 11.4373 "" "" 464572013824385024 2295.37988 0.4175 0.0422 0.824 -0.745 0.038 0.034 0.964 7179.7 4.2555 16.27315 1.327819 16.85936 15.531541 "" "" 2076.92285 2552.08325 5830.25075 1.6387 2464.2 5.7897 4858.9 6.3747 "" "" 0.0027721680793260186 0.003780538 0.0040389076 0.007819446 42.60818831376 60.29798378187 2295.37988 0.8240000000000002 -0.7449999999999999 1.211992352247238 -0.34720611095428466 0.1744363 0.1704363 "" "" 13.71703070272712 "" 2.388630849263715 ""
43.18069885087 60.31869295361 0.0252 0.0289 9.9743 "" "" 464651384820930048 2002.87012 0.4745 0.0414 0.738 -2.107 0.039 0.036 1.051 7641.5 4.2088 16.274323 1.327119 16.854683 15.527564 "" "" 1839.28845 2175.43579 5823.9477 1.8761 2474.8 6.7294 4876.8 7.3426 "" "" 0.00277742998845967 0.0040621576 0.0041177645 0.008179922 43.18069885087 60.31869295361 2002.87012 0.738 -2.107 1.1259923522472381 -1.7092061109542849 0.1754363 0.1724363 "" "" 19.43117098112135 "" 3.3683879735531597 ""
42.94201423844 60.3390257064 0.0225 0.0285 4.7713 "" "" 464663823045877888 2191.93945 0.438 0.0414 -0.309 -0.478 0.036 0.036 0.98 5351.5 3.5504 16.274782 1.897551 17.200823 15.303272 "" "" 2006.03235 2448.19678 5821.4823 6.5264 1799.2 10.663 5995.8 17.616 "" "" 0.0030122055142557057 0.0070135333 0.004945658 0.011959191 42.94201423844 60.3390257064 2191.93945 -0.30900000000000005 -0.47800000000000026 0.07899235224723816 -0.08020611095428465 0.1724363 0.1724363 "" "" 1.1696162403941117 "" 0.20168429333426988 ""
43.00966036776 60.60477458445 0.0243 0.0262 11.6549 "" "" 464671141669987968 2092.94019 0.4531 0.0408 -0.237 -0.429 0.038 0.034 1.007 9261.1 3.5964 16.277037 1.511537 16.958138 15.446601 "" "" 1928.71643 2364.12573 5809.40862 19.589 2249.9 26.24 5254.3 43.019 "" "" 0.004582031671357876 0.012966418 0.009659409 0.022625826 43.00966036776 60.60477458445 2092.94019 -0.23700000000000002 -0.4289999999999999 0.15099235224723817 -0.03120611095428466 0.1744363 0.1704363 "" "" 1.5295817567386947 "" 0.2665667094748875 ""
43.06453695219 60.49688828926 0.0256 0.0284 6.6404 "" "" 464669247581495680 1625.75513 0.5889 0.0442 -3.278 -4.462 0.041 0.037 1.061 5490.0 3.6285 16.279095 1.561135 16.97204 15.410905 "" "" 1520.78296 1784.59497 5798.40684 2.1138 2221.3 7.6773 5430.0 9.6632 "" "" 0.0027836037323792228 0.004676176 0.0042446447 0.00892082 43.06453695219 60.49688828926 1625.75513 -3.2780000000000027 -4.462000000000009 -2.890007647752762 -4.064206110954284 0.17743629 0.1734363 "" "" 38.43002170370935 "" 6.717177294430507 ""
42.66593178192 60.33634983462 0.0372 0.0435 8.6892 "" "" 464573663091793408 1945.85071 0.5104 0.07 0.112 -0.857 0.062 0.056 1.687 8481.9 4.4116 16.282154 1.283948 16.817116 15.533168 "" "" 1707.94861 2254.52295 5782.08999 4.1397 2561.9 8.204 4851.7 7.8765 "" "" 0.0028628725661954744 0.004457986 0.004170207 0.008628193 42.66593178192 60.33634983462 1945.85071 0.1119999999999996 -0.857 0.49999235224723815 -0.45920611095428465 0.19843629 0.19243631 "" "" 6.261430924365617 "" 1.2254483954270097 ""
43.55633724503 60.65256325582 0.0257 0.0302 23.7587 "" "" 464697873547934464 2332.65234 0.41 0.0488 -0.04 0.096 0.042 0.041 1.041 7618.8 4.0451 16.282646 1.851339 17.171331 15.319992 "" "" 2100.18579 2649.7124 5779.47039 9.2687 1848.8 16.764 5904.2 25.504 "" "" 0.0032593950650227676 0.010232665 0.0060232626 0.016255926 43.55633724503 60.65256325582 2332.65234 -0.04000000000000001 0.09600000000000009 0.3479923522472382 0.4937938890457153 0.1784363 0.17743629 "" "" 6.679343601616185 "" 1.1873786051429842 ""
43.78437628267 60.63410692396 0.0444 0.0553 28.9319 "" "" 464685366603154688 1739.93518 0.5846 0.0867 0.905 -0.024 0.079 0.083 1.831 11889.3 4.2753 16.282713 1.249317 16.65149 15.402172 "" "" 1542.9248 1985.46948 5779.1214 8.1207 2984.2 13.126 5473.8 21.114 "" "" 0.0031495092241210203 0.005530958 0.0056411885 0.011172147 43.78437628267 60.63410692396 1739.93518 0.9049999999999996 -0.02399999999999964 1.2929923522472382 0.3737938890457153 0.21543631 0.21943629 "" "" 11.10035082469547 "" 2.3948725009603367 ""
42.82078927371 60.39804951174 0.0246 0.0304 2.8592 "" "" 464667911855241600 2201.18701 0.4424 0.041 -0.454 -0.508 0.037 0.038 1.015 8205.5 4.4112 16.28292 1.242563 16.822142 15.579578 "" "" 2007.71057 2516.91748 5778.00859 2.729 2550.1 9.6517 4648.6 9.7793 "" "" 0.0028026336264933677 0.0049670544 0.0044159614 0.009383015 42.82078927371 60.39804951174 2201.18701 -0.45400000000000007 -0.508 -0.06600764775276186 -0.11020611095428468 0.1734363 0.1744363 "" "" 1.340320904228243 "" 0.23344749229400918 ""
42.79715594153 60.47065241805 0.0239 0.0289 4.6305 "" "" 464856065778323712 2037.41199 0.4648 0.0434 -0.612 -0.469 0.039 0.038 1.021 8132.7 4.1673 16.28316 1.40502 16.891085 15.486065 "" "" 1872.59448 2258.47217 5776.74764 1.9205 2393.2 8.9672 5066.8 12.826 "" "" 0.0027788629380135566 0.0049330816 0.0046730605 0.009606142 42.79715594153 60.47065241805 2037.41199 -0.612 -0.469 -0.22400764775276183 -0.07120611095428464 0.1754363 0.1744363 "" "" 2.269981432176168 "" 0.39802937155574775 ""
42.63776276867 60.19028549263 0.0216 0.0272 15.8137 "" "" 464570158398588672 1810.65955 0.5332 0.0406 2.257 -0.478 0.036 0.035 1.007 6371.5 4.0461 16.28426 1.509087 16.974867 15.46578 "" "" 1694.89026 1951.42126 5770.89141 1.7162 2215.5 6.837 5162.3 7.5489 "" "" 0.0027741746179537788 0.0043601994 0.004099326 0.008459525 42.63776276867 60.19028549263 1810.65955 2.2569999999999997 -0.47799999999999965 2.6449923522472383 -0.08020611095428465 0.1724363 0.1714363 "" "" 22.711150940006824 "" 3.916205963330855 ""
42.77248750677 60.40400144256 0.0238 0.0289 4.1299 "" "" 464574350286520320 1619.52612 0.598 0.0441 -0.244 -0.748 0.04 0.038 1.035 6575.4 3.7071 16.285946 1.799861 17.162119 15.362258 "" "" 1512.70532 1737.18555 5761.93166 5.2874 1864.5 12.197 5678.8 16.224 "" "" 0.002929921618429113 0.007630951 0.0048893164 0.012520267 42.77248750677 60.40400144256 1619.52612 -0.24399999999999997 -0.748 0.14399235224723816 -0.35020611095428467 0.1764363 0.1744363 "" "" 2.9067503650045783 "" 0.5078875847639701 ""
43.61174264958 60.75165637855 0.0299 0.0306 28.8402 "" "" 464699385376344064 1757.83521 0.5589 0.052 -2.481 -3.633 0.051 0.041 0.992 7182.5 4.3488 16.28829 1.401001 16.916006 15.515005 "" "" 1603.56555 1944.17627 5749.51336 2.1065 2338.9 8.404 4933.5 7.1242 "" "" 0.00278388700877656 0.004796295 0.004091685 0.00888798 43.61174264958 60.75165637855 1757.83521 -2.4809999999999985 -3.6330000000000036 -2.0930076477527617 -3.2352061109542847 0.1874363 0.17743629 "" "" 32.105494200813716 "" 5.793257898530428 ""
42.67179736962 60.29331126116 0.0223 0.0266 10.233 "" "" 464571876385427968 2167.07104 0.4428 0.0417 -1.073 0.631 0.037 0.034 0.938 7895.2 4.1752 16.293188 1.458313 16.950699 15.492386 "" "" 1994.04651 2409.73242 5723.62689 1.7305 2265.4 6.1159 5037.4 7.0608 "" "" 0.0027748058167803955 0.0040468206 0.0040742797 0.0081211 42.67179736962 60.29331126116 2167.07104 -1.073 0.6310000000000001 -0.6850076477527618 1.0287938890457153 0.1734363 0.1704363 "" "" 12.695907670856524 "" 2.1756134835974716 ""
42.98079367421 60.63625341139 0.0261 0.0282 13.3289 "" "" 464858917636519808 2318.11011 0.4248 0.0441 -0.406 -0.354 0.043 0.038 0.985 "" "" 16.29369 1.216048 16.812809 15.596761 "" "" 2096.12939 2570.56104 5720.98859 1.8726 2572.1 6.6323 4575.7 7.0295 "" "" 0.0027781445966112454 0.0039525907 0.004131088 0.008083679 42.98079367421 60.63625341139 2318.11011 -0.4060000000000001 -0.35400000000000004 -0.01800764775276187 0.04379388904571535 0.1794363 0.1744363 "" "" 0.5202926001125089 "" 0.09113874608827652 ""
42.46393982927 60.26631410032 0.0239 0.0275 16.0175 "" "" 464759240035920640 2063.64331 0.4684 0.0433 -2.898 0.974 0.041 0.035 0.969 7159.2 4.1226 16.293913 1.505714 16.983742 15.478027 "" "" 1894.08386 2300.01538 5719.80597 1.7663 2197.5 7.3473 5104.4 8.2524 "" "" 0.0027756444266699588 0.0045785317 0.0041671246 0.008745656 42.46393982927 60.26631410032 2063.64331 -2.898 0.974 -2.510007647752762 1.3717938890457153 0.17743629 0.1714363 "" "" 27.979604311278678 "" 4.926492643585691 ""
42.10755532976 60.60184697828 0.0254 0.0293 26.155 "" "" 464781745664285568 1738.0188 0.5581 0.0438 3.2 -1.668 0.041 0.037 1.005 5106.3 4.308 16.294622 1.445834 16.953712 15.507878 "" "" 1622.24866 1891.43201 5716.07552 1.8313 2259.1 6.2725 4966.0 7.0534 "" "" 0.002777190233791322 0.004107658 0.004081892 0.00818955 42.10755532976 60.60184697828 1738.0188 3.200000000000001 -1.6679999999999993 3.5879923522472383 -1.2702061109542846 0.17743629 0.1734363 "" "" 31.35622200459006 "" 5.549903539620699 ""
43.01687583552 60.60904529043 0.026 0.0281 11.9577 "" "" 464671176029723520 1902.55029 0.5163 0.0424 3.182 -5.429 0.042 0.038 1.019 7106.6 4.2962 16.295677 1.348866 16.891138 15.542273 "" "" 1736.61304 2055.0144 5710.52653 1.8658 2393.1 8.3517 4811.2 7.9433 "" "" 0.0027780625739729464 0.0047055795 0.004182938 0.0088885175 43.01687583552 60.60904529043 1902.55029 3.1820000000000013 -5.429 3.569992352247238 -5.031206110954285 0.1784363 0.1744363 "" "" 55.633551496038834 "" 9.779597146962056 ""
42.50332220625 60.16253512973 0.0213 0.0269 19.4615 "" "" 464565107517079680 1777.61877 0.5457 0.0422 -0.349 -0.448 0.035 0.034 1.024 "" "" 16.298433 1.259782 16.845629 15.585847 "" "" 1649.69031 1888.56812 5696.0407 1.7461 2495.5 7.5797 4621.9 6.8679 "" "" 0.0027753493677236743 0.004319751 0.004109333 0.008429084 42.50332220625 60.16253512973 1777.61877 -0.3489999999999999 -0.44799999999999995 0.03899235224723818 -0.05020611095428468 0.1714363 0.1704363 "" "" 0.5356294694383602 "" 0.09149259422662658 ""
42.96128923055 60.39372264497 0.0267 0.0292 2.0727 "" "" 464667362100724992 2157.21313 0.4335 0.0469 -0.335 -0.569 0.043 0.037 1.062 5284.0 3.5726 16.299166 1.711483 17.111792 15.400309 "" "" 1910.67419 2483.18018 5692.20164 7.9002 1953.0 15.227 5483.2 23.493 "" "" 0.0031404637748728855 0.0089131575 0.005993641 0.0149067985 42.96128923055 60.39372264497 2157.21313 -0.33499999999999996 -0.569 0.05299235224723814 -0.17120611095428462 0.1794363 0.1734363 "" "" 1.832556124405652 "" 0.3188081890061164 ""
43.14201619911 60.51103486703 0.026 0.0297 8.9014 "" "" 464666743623507840 2159.65381 0.4415 0.0456 -0.18 -1.149 0.041 0.038 1.079 6446.1 3.6491 16.30144 1.757891 17.106012 15.348122 "" "" 1960.30994 2353.14331 5680.29808 3.1781 1963.4 8.2631 5753.2 12.296 "" "" 0.0028214893695155145 0.0053539146 0.004434904 0.009788819 43.14201619911 60.51103486703 2159.65381 -0.18000000000000005 -1.149 0.20799235224723817 -0.7512061109542847 0.17743629 0.1744363 "" "" 7.979233180692726 "" 1.3935859444804195 ""
43.09017706857 60.59933538202 0.0246 0.0278 12.179 "" "" 464676772365219200 2359.70459 0.3944 0.0453 0.056 -0.248 0.04 0.037 0.988 9484.1 4.1144 16.304089 1.192769 16.812796 15.620027 "" "" 2116.92871 2689.49341 5666.45624 1.8112 2572.2 6.8798 4478.7 6.8415 "" "" 0.0027770894784064555 0.0040271846 0.0041272813 0.008154466 43.09017706857 60.59933538202 2359.70459 0.056000000000000216 -0.24799999999999997 0.44399235224723815 0.14979388904571533 0.1764363 0.1734363 "" "" 5.241069592632526 "" 0.9231204371904782 ""
42.42595260748 60.7503527186 0.025 0.0295 24.5615 "" "" 464875238512119936 2329.30444 0.407 0.0452 -4.072 1.578 0.043 0.039 0.974 8396.2 4.4044 16.30529 1.819588 17.183334 15.363747 "" "" 2052.43433 2661.55664 5660.18499 2.6852 1828.5 8.147 5671.0 10.374 "" "" 0.0028030503829299613 0.0055845417 0.0042694844 0.009854026 42.42595260748 60.7503527186 2329.30444 -4.071999999999999 1.5780000000000016 -3.684007647752762 1.9757938890457154 0.1794363 0.1754363 "" "" 46.15529823116083 "" 8.24105344228668 ""
