Clusters/IC_1848/IC_1848_stars_in_region.tsv
# %ECSV 1.0
# ---
# datatype:
# - name: RA_ICRS_1
#   unit: deg
#   datatype: float64
#   format: '{:15.11f}'
#   description: Right ascension (ICRS) at Ep=2016.0 (ra)
#   meta: !!omap
#   - {ucd: POS_EQ_RA_MAIN}
#   - {width: 15}
#   - {precision: '11'}
# - name: DE_ICRS_1
#   unit: deg
#   datatype: float64
#   format: '{:15.11f}'
#   description: Declination (ICRS) at Ep=2016.0 (dec)
#   meta: !!omap
#   - {ucd: POS_EQ_DEC_MAIN}
#   - {width: 15}
#   - {precision: '11'}
# - name: e_RA_ICRS
#   unit: mas
#   datatype: float64
#   format: '{:7.4f}'
#   description: Standard error of right ascension (ra_error)
#   meta: !!omap
#   - {ucd: ERROR}
#   - {width: 7}
#   - {precision: '4'}
# - name: e_DE_ICRS
#   unit: mas
#   datatype: float64
#   format: '{:7.4f}'
#   description: Standard error of declination (dec_error)
#   meta: !!omap
#   - {ucd: ERROR}
#   - {width: 7}
#   - {precision: '4'}
# - name: _r_1
#   unit: ''
#   datatype: float64
#   format: '{:7.4f}'
#   description: Distance from center (042.90941652000+60.41689809000)[ICRS], at Epoch=J2016.0
#   meta: !!omap
#   - {ucd: POS_ANG_DIST_GENERAL}
#   - {width: 7}
#   - {precision: '4'}
# - name: HIP
#   datatype: int32
#   description: '? HIP cross-id number, van Leeuwen, Cat. I/311 (hip_original_ext_source_id)'
#   meta: !!omap
#   - {ucd: ID_NUMBER}
#   - {width: 6}
#   - values: {'null': -2147483648}
# - name: TYC2
#   datatype: string
#   description: Tycho-2 cross-id name, Hog et al., Cat. I/259 (tyc2_original_ext_source_id)
#   meta: !!omap
#   - {ucd: ID_CROSSID}
#   - {_votable_string_dtype: char}
# - name: Source
#   datatype: int64
#   description: Source identifier, identical to the Gaia-EDR3 source_id (id)
#   meta: !!omap
#   - {ucd: ID_MAIN}
#   - {width: 19}
# - name: rgeo
#   unit: pc
#   datatype: float64
#   format: '{:15.8f}'
#   description: '? Median of the geometric distance posterior (r_med_geo)'
#   meta: !!omap
#   - {ucd: PHYS_DISTANCE_TRUE}
#   - {width: 15}
#   - {precision: '8'}
#   - values: {'null': .nan}
# - name: Plx
#   unit: mas
#   datatype: float64
#   format: '{:9.4f}'
#   description: '? Parallax (parallax)'
#   meta: !!omap
#   - {ucd: POS_PARLX_TRIG}
#   - {width: 9}
#   - {precision: '4'}
#   - values: {'null': .nan}
# - name: e_Plx
#   unit: mas
#   datatype: float32
#   format: '{:7.4f}'
#   description: '? Standard error of parallax (parallax_error)'
#   meta: !!omap
#   - {ucd: ERROR}
#   - {width: 7}
#   - {precision: '4'}
#   - values: {'null': .nan}
# - name: pmRA
#   unit: mas / yr
#   datatype: float64
#   format: '{:9.3f}'
#   description: '? Proper motion in right ascension direction, pmRA*cosDE (pmra)'
#   meta: !!omap
#   - {ucd: POS_EQ_PMRA}
#   - {width: 9}
#   - {precision: '3'}
#   - values: {'null': .nan}
# - name: pmDE
#   unit: mas / yr
#   datatype: float64
#   format: '{:9.3f}'
#   description: '? Proper motion in declination direction (pmdec)'
#   meta: !!omap
#   - {ucd: POS_EQ_PMDEC}
#   - {width: 9}
#   - {precision: '3'}
#   - values: {'null': .nan}
# - name: e_pmRA
#   unit: mas / yr
#   datatype: float32
#   format: '{:6.3f}'
#   description: '? Standard error of proper motion in right ascension direction (pmra_error)'
#   meta: !!omap
#   - {ucd: ERROR}
#   - {width: 6}
#   - {precision: '3'}
#   - values: {'null': .nan}
# - name: e_pmDE
[...]
#         value: !astropy.table.SerializedColumn {name: SkyCoord.dec}
#       distance: !astropy.table.SerializedColumn
#         __class__: astropy.coordinates.distances.Distance
#         unit: !astropy.units.Unit {unit: pc}
#         value: !astropy.table.SerializedColumn {name: SkyCoord.distance}
#       frame: icrs
#       obstime: !astropy.time.Time {format: jyear_str, in_subfmt: '*', jd1: 367701545.0, jd2: 0.0, out_subfmt: '*', precision: 3, scale: tt}
#       pm_dec: !astropy.table.SerializedColumn
#         __class__: astropy.units.quantity.Quantity
#         unit: !astropy.units.Unit {unit: mas / yr}
#         value: !astropy.table.SerializedColumn {name: SkyCoord.pm_dec}
#       pm_ra_cosdec: !astropy.table.SerializedColumn
#         __class__: astropy.units.quantity.Quantity
#         unit: !astropy.units.Unit {unit: mas / yr}
#         value: !astropy.table.SerializedColumn {name: SkyCoord.pm_ra_cosdec}
#       ra: !astropy.table.SerializedColumn
#         __class__: astropy.coordinates.angles.Longitude
#         unit: *id001
#         value: !astropy.table.SerializedColumn {name: SkyCoord.ra}
#         wrap_angle: !astropy.coordinates.Angle
#           unit: *id001
#           value: 360.0
#       representation_type: spherical
# schema: astropy-2.0
RA_ICRS_1 DE_ICRS_1 e_RA_ICRS e_DE_ICRS _r_1 HIP TYC2 Source rgeo Plx e_Plx pmRA pmDE e_pmRA e_pmDE RUWE Teff logg Gmag BP-RP BPmag RPmag RV e_RV b_rgeo B_rgeo FG e_FG FBP e_FBP FRP e_FRP RAVE5 RAVE6 e_Gmag e_BPmag e_RPmag e_BP-RP SkyCoord.ra SkyCoord.dec SkyCoord.distance SkyCoord.pm_ra_cosdec SkyCoord.pm_dec rmRA rmDE e_rmRA e_rmDE rRV e_rRV v_pec v_pec3d e_vpec e_vpec3d
[from data line 1000]
42.37246287838 60.80463917984 0.0312 0.0322 28.1281 "" "" 464878571406736896 1783.9491 0.5347 0.0491 -0.614 -0.72 0.052 0.041 1.04 6843.5 4.3458 16.473871 1.388467 17.092413 15.703946 "" "" 1639.61621 1933.70105 4846.16839 1.8971 1988.2 8.6483 4145.5 9.0978 "" "" 0.0027879090634692805 0.005485383 0.004467814 0.009953197 42.37246287838 60.80463917984 1783.9491 -0.6139999999999994 -0.7200000000000002 -0.22600764775276183 -0.32220611095428464 0.1884363 0.17743629 "" "" 3.327984010549507 "" 0.6028228790796442 ""
42.50932743111 60.20075200801 0.0234 0.0292 17.5946 "" "" 464565313675484544 2277.7356 0.4213 0.0446 0.285 -0.972 0.038 0.036 1.02 7604.2 4.0667 16.474924 1.481605 17.147625 15.66602 "" "" 2038.73975 2514.11157 4841.46849 1.5489 1889.6 5.9406 4292.9 5.8798 "" "" 0.0027771285977221637 0.0044086524 0.0040614223 0.008470075 42.50932743111 60.20075200801 2277.7356 0.28500000000000025 -0.9719999999999998 0.6729923522472381 -0.5742061109542846 0.1744363 0.1724363 "" "" 9.551251381550987 "" 1.658064131110649 ""
43.51623399486 60.39515920328 0.0282 0.033 18.0278 "" "" 464658566006132480 2109.15601 0.4701 0.0471 -1.21 -2.739 0.045 0.045 0.983 6658.5 4.3577 16.475353 1.386848 17.083164 15.696316 "" "" 1902.43384 2327.75464 4839.55583 1.8125 2005.2 5.9319 4174.8 6.3864 "" "" 0.0027851634393481566 0.004254559 0.004128236 0.008382795 43.51623399486 60.39515920328 2109.15601 -1.2100000000000004 -2.739000000000001 -0.8220076477527618 -2.3412061109542845 0.1814363 0.1814363 "" "" 24.80673457336012 "" 4.500842142961616 ""
42.30908616639 60.79451270243 0.0308 0.033 28.738 "" "" 464878365248307968 1641.922 0.58 0.0505 0.46 0.014 0.05 0.041 0.991 5115.5 4.2912 16.475779 1.643028 17.243526 15.600498 "" "" 1523.91248 1805.86865 4837.66207 5.7036 1729.8 15.824 4559.9 18.577 "" "" 0.003038157261399766 0.01031665 0.005818002 0.016134653 42.30908616639 60.79451270243 1641.922 0.4600000000000001 0.014000000000000044 0.8479923522472381 0.41179388904571534 0.1864363 0.17743629 "" "" 7.336686457948937 "" 1.3554731817929841 ""
42.35833648636 60.02689706596 0.0254 0.031 28.5869 "" "" 464561671543342336 2275.0061 0.4216 0.0524 -0.405 -0.622 0.044 0.04 1.059 9227.1 3.6035 16.476292 1.52829 17.17438 15.64609 "" "" 2019.49365 2526.44482 4835.37384 1.7543 1843.6 6.4451 4372.4 6.9079 "" "" 0.0027833352802208292 0.004710847 0.0041504363 0.008861283 42.35833648636 60.02689706596 2275.0061 -0.40500000000000014 -0.6219999999999999 -0.017007647752761867 -0.22420611095428467 0.1804363 0.1764363 "" "" 2.4246793003951117 "" 0.4278575720810569 ""
43.65464779761 60.36376434082 0.0284 0.0324 22.3213 "" "" 464654648995965568 1874.86548 0.5284 0.0481 4.511 -2.343 0.047 0.046 1.008 6056.9 4.3415 16.481367 1.426559 17.117056 15.690496 "" "" 1715.60315 2059.23657 4812.8212 1.8181 1943.5 8.9822 4197.2 9.3685 "" "" 0.002785679831972215 0.0057414654 0.0044896384 0.010231104 43.65464779761 60.36376434082 1874.86548 4.511000000000001 -2.343 4.898992352247238 -1.9452061109542846 0.1834363 0.1824363 "" "" 46.843083091653305 "" 8.58635762273545 ""
42.60645293471 60.45705227088 0.0262 0.0306 9.2865 "" "" 464763019607043584 2065.21753 0.4605 0.0457 -1.141 1.024 0.043 0.04 1.021 5387.1 4.2638 16.483217 1.593199 17.124249 15.53105 "" "" 1866.84717 2246.17529 4804.62803 2.3853 1930.7 15.453 4861.1 32.361 "" "" 0.002807549730916581 0.009126996 0.008156357 0.017283354 42.60645293471 60.45705227088 2065.21753 -1.1409999999999998 1.024 -0.7530076477527619 1.4217938890457154 0.1794363 0.1764363 "" "" 15.7496088030138 "" 2.7892211704347005 ""
42.28733172785 60.45111159508 0.0268 0.0336 18.5311 "" "" 464764909392684928 1676.89771 0.5707 0.0482 -0.058 -1.317 0.043 0.041 1.073 5660.9 3.8257 16.483242 1.478724 17.15138 15.672656 "" "" 1554.80676 1803.97009 4804.52204 2.1214 1883.1 7.2851 4266.7 8.3129 "" "" 0.002796714565430887 0.005042625 0.004331107 0.009373732 42.28733172785 60.45111159508 1676.89771 -0.05800000000000005 -1.317 0.32999235224723816 -0.9192061109542846 0.1794363 0.17743629 "" "" 7.7628554814228075 "" 1.379193633850629 ""
43.5542706548 60.65337206997 0.0323 0.0382 23.7385 "" "" 464697873547933696 1999.73828 0.4677 0.0601 -0.109 -0.234 0.055 0.051 1.086 7590.4 3.8832 16.485193 1.852545 17.22303 15.370485 "" "" 1827.40356 2309.85278 4795.89539 9.6752 1762.8 38.705 5635.9 46.52 "" "" 0.0035198644601633555 0.024001744 0.009726233 0.033727977 43.5542706548 60.65337206997 1999.73828 -0.10899999999999986 -0.23400000000000012 0.2789923522472382 0.16379388904571532 0.19143629 0.1874363 "" "" 3.0665679677816926 "" 0.5839327933408092 ""
42.68378994703 60.86408243294 0.0291 0.0327 27.6398 "" "" 464882694575411328 1992.39954 0.4739 0.0497 -2.43 3.253 0.046 0.043 1.03 7199.9 4.3318 16.486122 1.721276 17.311357 15.590081 "" "" 1808.70056 2189.92798 4791.79286 1.9344 1625.1 8.6488 4603.9 9.8993 "" "" 0.0027899636589493976 0.006416681 0.004442279 0.01085896 42.68378994703 60.86408243294 1992.39954 -2.43 3.253 -2.042007647752762 3.6507938890457154 0.1824363 0.1794363 "" "" 39.50482233676961 "" 7.1170201725360505 ""
42.58263068654 60.20259460066 0.0236 0.0292 16.1136 "" "" 464570398916754816 1628.03235 0.5965 0.0446 -0.125 -0.763 0.038 0.036 1.012 9111.5 4.4623 16.486689 1.418694 17.035511 15.616817 "" "" 1529.21838 1732.65686 4789.28846 2.0037 2095.1 21.56 4491.9 24.741 "" "" 0.002792512131249366 0.011516079 0.007074307 0.018590387 42.58263068654 60.20259460066 1628.03235 -0.125 -0.7630000000000008 0.26299235224723816 -0.3652061109542847 0.1744363 0.1724363 "" "" 3.472940080040792 "" 0.6012418830578089 ""
43.42462858684 60.52144937541 0.029 0.0325 16.4774 "" "" 464671931944254208 1945.97266 0.4951 0.0487 0.587 -1.494 0.047 0.045 0.994 6705.0 4.2238 16.488705 1.422518 17.129726 15.707209 "" "" 1770.99939 2124.7522 4780.40885 1.8211 1921.0 5.74 4133.1 7.4527 "" "" 0.002786191707728414 0.0042790114 0.0042563593 0.00853537 43.42462858684 60.52144937541 1945.97266 0.5869999999999993 -1.4940000000000013 0.9749923522472381 -1.0962061109542847 0.1834363 0.1814363 "" "" 13.5320704974309 "" 2.467199024997737 ""
42.19786604652 60.31456939526 0.0257 0.0338 21.9847 "" "" 464757384610044800 1694.02283 0.5755 0.0486 -0.612 -1.651 0.044 0.043 0.996 7396.2 4.3684 16.490208 1.420265 17.128105 15.70784 "" "" 1566.30103 1836.71338 4773.79552 1.6792 1923.9 4.9519 4130.7 6.5422 "" "" 0.0027816624379118937 0.003949003 0.0041521937 0.008101197 42.19786604652 60.31456939526 1694.02283 -0.6119999999999999 -1.651 -0.22400764775276183 -1.2532061109542847 0.1804363 0.1794363 "" "" 10.222322642573062 "" 1.8345730671578973 ""
42.80186872138 60.38003505188 0.0257 0.0306 3.8797 "" "" 464574075408621312 2062.49438 0.4498 0.0459 -0.633 -0.559 0.043 0.041 1.022 6873.6 4.1746 16.493046 1.867559 17.404715 15.537155 "" "" 1910.30872 2244.35132 4761.33065 3.8236 1491.2 7.8127 4833.9 17.619 "" "" 0.0028899835675549987 0.006335839 0.0054721655 0.011808004 42.80186872138 60.38003505188 2062.49438 -0.6330000000000002 -0.5589999999999998 -0.24500764775276185 -0.16120611095428472 0.1794363 0.17743629 "" "" 2.8672207758515267 "" 0.5127577305108156 ""
43.16063880512 60.51399535741 0.029 0.032 9.442 "" "" 464666777983243136 2399.93115 0.398 0.049 -1.142 0.425 0.046 0.041 0.996 8425.9 3.5965 16.493246 1.209878 17.01382 15.803943 "" "" 2146.86011 2675.54346 4760.45335 1.7604 2137.4 6.1362 3780.8 7.4901 "" "" 0.0027844196878375857 0.004183395 0.0043485938 0.008531989 43.16063880512 60.51399535741 2399.93115 -1.142 0.425 -0.7540076477527617 0.8227938890457154 0.1824363 0.17743629 "" "" 12.695564299183687 "" 2.281848005612025 ""
42.80776118659 60.89994192675 0.0294 0.0319 29.1363 "" "" 464883072532515968 2314.68872 0.4218 0.0512 -0.786 -1.196 0.047 0.044 0.987 7409.4 4.2722 16.493904 1.424977 17.135094 15.710116 "" "" 2092.10693 2590.97632 4757.56804 1.8779 1911.5 6.5371 4122.0 6.4972 "" "" 0.002788449960974459 0.0046445737 0.004148795 0.008793369 42.80776118659 60.89994192675 2314.68872 -0.786 -1.1959999999999993 -0.3980076477527619 -0.7982061109542846 0.1834363 0.1804363 "" "" 9.785945415231861 "" 1.7716243586434413 ""
43.60044624455 60.3582716773 0.0276 0.0337 20.7872 "" "" 464655267471269248 1849.65601 0.5243 0.0477 -1.269 0.222 0.047 0.049 0.997 5980.3 4.3473 16.494123 1.421475 17.132267 15.710792 "" "" 1671.54492 2007.61572 4756.60706 1.9074 1916.5 7.3581 4119.5 7.4664 "" "" 0.0027895063053361064 0.0050161285 0.004261003 0.009277131 43.60044624455 60.3582716773 1849.65601 -1.269 0.22200000000000014 -0.8810076477527617 0.6197938890457153 0.1834363 0.1854363 "" "" 9.444043968285865 "" 1.7386564520700574 ""
43.56185025241 60.65902260248 0.0294 0.0357 24.1195 "" "" 464697873547927808 1783.23254 0.534 0.0563 0.426 4.5 0.052 0.047 1.024 7640.5 4.2157 16.497087 1.584081 17.230072 15.645991 "" "" 1608.78259 1955.92639 4743.64398 2.0114 1751.4 7.0374 4372.8 7.7597 "" "" 0.0027935163276604207 0.0051785936 0.0042421487 0.009420742 43.56185025241 60.65902260248 1783.23254 0.4259999999999997 4.5 0.8139923522472381 4.897793889045715 0.1884363 0.1834363 "" "" 41.9665546082641 "" 7.7039044336153895 ""
42.14083234828 60.30069067604 0.0254 0.0336 23.8488 "" "" 464758071804656384 2384.85498 0.4047 0.0491 3.148 -1.611 0.043 0.04 0.974 5377.7 4.2564 16.497295 1.592824 17.238583 15.645759 "" "" 2152.61572 2665.77783 4742.73241 1.6535 1737.7 6.1393 4373.8 7.8583 "" "" 0.002781200115341582 0.0047433376 0.0042531188 0.008996457 42.14083234828 60.30069067604 2384.85498 3.1479999999999997 -1.6109999999999993 3.5359923522472383 -1.2132061109542847 0.1794363 0.1764363 "" "" 42.25887679679958 "" 7.569524202602062 ""
42.92437487859 60.64807802986 0.0304 0.0332 13.8778 "" "" 464859158154686208 1731.85303 0.5605 0.0513 -1.68 0.653 0.048 0.044 1.041 6532.8 4.3733 16.498844 1.385941 17.113369 15.727427 "" "" 1605.69458 1939.73364 4735.97263 2.1886 1950.2 7.4156 4056.8 7.5381 "" "" 0.0028006312974228646 0.00498292 0.0042841365 0.009267056 42.92437487859 60.64807802986 1731.85303 -1.6799999999999997 0.6529999999999997 -1.2920076477527618 1.0507938890457154 0.18443629 0.1804363 "" "" 13.670980628341475 "" 2.4997975407228665 ""
43.62242733891 60.26293019262 0.0291 0.0343 23.0978 "" "" 464653652563649920 2014.56128 0.4737 0.0502 -7.054 -1.471 0.046 0.047 1.117 5259.3 4.3208 16.498991 1.449358 17.139408 15.69005 "" "" 1839.88184 2255.28418 4735.32796 2.4967 1903.9 6.4227 4198.9 6.2985 "" "" 0.0028141593774383988 0.0046043675 0.004115362 0.008719729 43.62242733891 60.26293019262 2014.56128 -7.054 -1.4709999999999996 -6.666007647752762 -1.0732061109542848 0.1824363 0.1834363 "" "" 64.47351911657852 "" 11.763943708943943 ""
42.6923512759 60.65128776062 0.035 0.0401 15.4539 "" "" 464862800286971008 1748.49658 0.5523 0.0602 -0.467 -0.238 0.056 0.051 1.166 8598.6 3.5777 16.505919 1.711885 17.297623 15.585737 "" "" 1558.85645 1934.78052 4705.21313 2.5941 1645.8 8.2683 4622.4 9.0947 "" "" 0.0028195927168485953 0.0061268085 0.00434133 0.010468138 42.6923512759 60.65128776062 1748.49658 -0.4669999999999999 -0.23800000000000004 -0.07900764775276187 0.15979388904571534 0.19243631 0.1874363 "" "" 1.4773886586557814 "" 0.27838284240038763 ""
41.93945011012 60.48698259166 0.027 0.0323 29.0067 "" "" 464774804997178624 1836.7821 0.5322 0.0473 -4.115 -0.577 0.042 0.039 1.018 6316.3 4.2748 16.506191 1.496519 17.187162 15.690643 "" "" 1704.94702 2026.31335 4704.02768 1.7549 1822.0 8.9802 4196.6 9.417 "" "" 0.0027849333048686788 0.006035048 0.0044966117 0.01053166 41.93945011012 60.48698259166 1836.7821 -4.114999999999997 -0.5770000000000016 -3.727007647752762 -0.17920611095428463 0.1784363 0.1754363 "" "" 32.48611113962083 "" 5.796478368303198 ""
43.25992259926 60.86171226965 0.0312 0.0319 28.6114 "" "" 464891421949750784 2135.78589 0.4654 0.0567 2.637 -4.979 0.051 0.043 0.968 4926.9 4.2847 16.506561 1.584188 17.243946 15.659759 "" "" 1901.85168 2572.36279 4702.43049 1.7839 1729.2 8.0978 4317.7 6.9888 "" "" 0.002785935368353162 0.005799736 0.0041680015 0.009967737 43.25992259926 60.86171226965 2135.78589 2.637000000000004 -4.979000000000005 3.024992352247238 -4.581206110954285 0.1874363 0.1794363 "" "" 55.576791621545446 "" 10.109555928725792 ""
43.17764243176 60.85319717916 0.0308 0.0327 27.3416 "" "" 464868710161874304 1970.93738 0.4807 0.055 -5.459 -0.936 0.053 0.047 0.982 7143.2 4.3544 16.509367 1.383474 17.131248 15.747774 "" "" 1773.66724 2159.552 4690.29438 1.9543 1918.3 8.4708 3981.5 7.5916 "" "" 0.002792212104660651 0.0055471705 0.004309226 0.009856396 43.17764243176 60.85319717916 1970.93738 -5.459 -0.936 -5.0710076477527615 -0.5382061109542847 0.1894363 0.1834363 "" "" 47.64066296726986 "" 9.021736878402885 ""
42.81182770233 60.44142577648 0.0268 0.0315 3.2428 "" "" 464668324173381632 1991.91211 0.4819 0.0474 -0.221 -0.435 0.043 0.041 1.03 6449.7 3.9957 16.511532 1.526441 17.210516 15.684075 "" "" 1837.09216 2220.38452 4680.95286 2.0475 1783.2 6.1603 4222.1 7.0899 "" "" 0.002795949143603721 0.004674793 0.004196166 0.008870959 42.81182770233 60.44142577648 1991.91211 -0.22099999999999997 -0.435 0.16699235224723816 -0.037206110954284666 0.1794363 0.17743629 "" "" 1.6153452822743783 "" 0.2896995975781003 ""
43.16693610474 60.15626292505 0.0248 0.0319 17.4127 "" "" 464555383712048128 2014.49414 0.4763 0.0475 0.185 2.16 0.042 0.043 0.964 7551.6 3.9716 16.515398 1.439092 17.160563 15.721471 "" "" 1837.12952 2245.64233 4664.31313 1.6702 1867.2 6.931 4079.2 6.4474 "" "" 0.0027826138992280624 0.004901813 0.004150736 0.009052549 43.16693610474 60.15626292505 2014.49414 0.1850000000000004 2.16 0.5729923522472382 2.5577938890457155 0.1784363 0.1794363 "" "" 25.028949664296427 "" 4.489909163530323 ""
43.04516958207 60.88233030496 0.0397 0.0541 28.2099 "" "" 464871939973406464 1750.95044 0.5771 0.0726 2.186 -2.447 0.068 0.085 1.059 "" "" 16.519585 1.500146 16.78035 15.280204 "" "" 1497.13879 1996.58997 4646.36044 3.6362 2650.2 469.11 6124.6 948.39 "" "" 0.0028833588055468666 0.19220562 0.16816795 0.36037356 43.04516958207 60.88233030496 1750.95044 2.185999999999999 -2.447 2.573992352247238 -2.0492061109542847 0.2044363 0.22143629 "" "" 27.30610620852106 "" 5.766876808966247 ""
42.36215636194 60.36965801646 0.025 0.0313 16.4679 "" "" 464763702501711104 1854.06226 0.5205 0.046 2.797 -2.966 0.041 0.039 0.98 4954.6 4.3069 16.519691 1.483758 17.199614 15.715856 "" "" 1690.18506 2010.57483 4645.90151 1.5394 1801.2 7.9926 4100.3 8.896 "" "" 0.002778706970553757 0.0055674436 0.004453384 0.010020828 42.36215636194 60.36965801646 1854.06226 2.7969999999999993 -2.9659999999999993 3.1849923522472383 -2.568206110954285 0.17743629 0.1754363 "" "" 35.956594481375554 "" 6.35176759502531 ""
42.73288095198 60.45083819853 0.0267 0.0316 5.6092 "" "" 464855997058850688 2105.9917 0.4587 0.0467 -0.362 -0.509 0.043 0.041 1.006 7827.4 4.3328 16.521643 1.439262 17.170355 15.731092 "" "" 1923.18738 2346.36938 4637.55994 1.6682 1850.4 5.1268 4043.2 6.273 "" "" 0.0027828623914838094 0.004102956 0.0041377908 0.008240746 42.73288095198 60.45083819853 2105.9917 -0.36200000000000015 -0.5090000000000002 0.02599235224723817 -0.11120611095428468 0.1794363 0.17743629 "" "" 1.1400234361267445 "" 0.20240026999364583 ""
43.26635132484 60.70855000301 0.0282 0.0326 20.4206 "" "" 464679044409776640 2038.6311 0.4686 0.0517 3.182 -0.137 0.046 0.044 1.005 6431.9 4.0391 16.523008 1.415093 17.160507 15.745414 "" "" 1835.52124 2288.63135 4631.73081 1.7377 1867.3 6.7079 3990.2 6.4287 "" "" 0.002785267367455486 0.0047955504 0.0041645668 0.008960117 43.26635132484 60.70855000301 2038.6311 3.181999999999998 -0.13699999999999973 3.569992352247238 0.2607938890457153 0.1824363 0.1804363 "" "" 34.58915940492943 "" 6.309953129553835 ""
