Clusters/IC_1848/IC_1848_members.tsv
# %ECSV 1.0
# ---
# datatype:
# - name: RA_ICRS_1
#   unit: deg
#   datatype: float64
#   format: '{:15.11f}'
#   description: Right ascension (ICRS) at Ep=2016.0 (ra)
#   meta: !!omap
#   - {ucd: POS_EQ_RA_MAIN}
#   - {width: 15}
#   - {precision: '11'}
# - name: DE_ICRS_1
#   unit: deg
#   datatype: float64
#   format: '{:15.11f}'
#   description: Declination (ICRS) at Ep=2016.0 (dec)
#   meta: !!omap
#   - {ucd: POS_EQ_DEC_MAIN}
#   - {width: 15}
#   - {precision: '11'}
# - name: e_RA_ICRS
#   unit: mas
#   datatype: float64
#   format: '{:7.4f}'
#   description: Standard error of right ascension (ra_error)
#   meta: !!omap
#   - {ucd: ERROR}
#   - {width: 7}
#   - {precision: '4'}
# - name: e_DE_ICRS
#   unit: mas
#   datatype: float64
#   format: '{:7.4f}'
#   description: Standard error of declination (dec_error)
#   meta: !!omap
#   - {ucd: ERROR}
#   - {width: 7}
#   - {precision: '4'}
# - name: _r_1
#   unit: ''
#   datatype: float64
#   format: '{:7.4f}'
#   description: Distance from center (042.90941652000+60.41689809000)[ICRS], at Epoch=J2016.0
#   meta: !!omap
#   - {ucd: POS_ANG_DIST_GENERAL}
#   - {width: 7}
#   - {precision: '4'}
# - name: HIP
#   datatype: int32
#   description: '? HIP cross-id number, van Leeuwen, Cat. I/311 (hip_original_ext_source_id)'
#   meta: !!omap
#   - {ucd: ID_NUMBER}
#   - {width: 6}
#   - values: {'null': -2147483648}
# - name: TYC2
#   datatype: string
#   description: Tycho-2 cross-id name, Hog et al., Cat. I/259 (tyc2_original_ext_source_id)
#   meta: !!omap
#   - {ucd: ID_CROSSID}
#   - {_votable_string_dtype: char}
# - name: Source
#   datatype: int64
#   description: Source identifier, identical to the Gaia-EDR3 source_id (id)
#   meta: !!omap
#   - {ucd: ID_MAIN}
#   - {width: 19}
# - name: rgeo
#   unit: pc
#   datatype: float64
#   format: '{:15.8f}'
#   description: '? Median of the geometric distance posterior (r_med_geo)'
#   meta: !!omap
#   - {ucd: PHYS_DISTANCE_TRUE}
#   - {width: 15}
#   - {precision: '8'}
#   - values: {'null': .nan}
# - name: Plx
#   unit: mas
#   datatype: float64
#   format: '{:9.4f}'
#   description: '? Parallax (parallax)'
#   meta: !!omap
#   - {ucd: POS_PARLX_TRIG}
#   - {width: 9}
#   - {precision: '4'}
#   - values: {'null': .nan}
# - name: e_Plx
#   unit: mas
#   datatype: float32
#   format: '{:7.4f}'
#   description: '? Standard error of parallax (parallax_error)'
#   meta: !!omap
#   - {ucd: ERROR}
#   - {width: 7}
#   - {precision: '4'}
#   - values: {'null': .nan}
# - name: pmRA
#   unit: mas / yr
#   datatype: float64
#   format: '{:9.3f}'
#   description: '? Proper motion in right ascension direction, pmRA*cosDE (pmra)'
#   meta: !!omap
#   - {ucd: POS_EQ_PMRA}
#   - {width: 9}
#   - {precision: '3'}
#   - values: {'null': .nan}
# - name: pmDE
#   unit: mas / yr
#   datatype: float64
#   format: '{:9.3f}'
#   description: '? Proper motion in declination direction (pmdec)'
#   meta: !!omap
#   - {ucd: POS_EQ_PMDEC}
#   - {width: 9}
#   - {precision: '3'}
#   - values: {'null': .nan}
# - name: e_pmRA
#   unit: mas / yr
#   datatype: float32
#   format: '{:6.3f}'
#   description: '? Standard error of proper motion in right ascension direction (pmra_error)'
#   meta: !!omap
#   - {ucd: ERROR}
#   - {width: 6}
#   - {precision: '3'}
#   - values: {'null': .nan}
# - name: e_pmDE
[...]
#         unit: &id001 !astropy.units.Unit {unit: deg}
#         value: !astropy.table.SerializedColumn {name: SkyCoord.dec}
#       distance: !astropy.table.SerializedColumn
#         __class__: astropy.coordinates.distances.Distance
#         unit: !astropy.units.Unit {unit: pc}
#         value: !astropy.table.SerializedColumn {name: SkyCoord.distance}
#       frame: icrs
#       obstime: !astropy.time.Time {format: jyear_str, in_subfmt: '*', jd1: 367701545.0, jd2: 0.0, out_subfmt: '*', precision: 3, scale: tt}
#       pm_dec: !astropy.table.SerializedColumn
#         __class__: astropy.units.quantity.Quantity
#         unit: !astropy.units.Unit {unit: mas / yr}
#         value: !astropy.table.SerializedColumn {name: SkyCoord.pm_dec}
#       pm_ra_cosdec: !astropy.table.SerializedColumn
#         __class__: astropy.units.quantity.Quantity
#         unit: !astropy.units.Unit {unit: mas / yr}
#         value: !astropy.table.SerializedColumn {name: SkyCoord.pm_ra_cosdec}
#       ra: !astropy.table.SerializedColumn
#         __class__: astropy.coordinates.angles.Longitude
#         unit: *id001
#         value: !astropy.table.SerializedColumn {name: SkyCoord.ra}
#         wrap_angle: !astropy.coordinates.Angle
#           unit: *id001
#           value: 360.0
#       representation_type: spherical
# schema: astropy-2.0
RA_ICRS_1 DE_ICRS_1 e_RA_ICRS e_DE_ICRS _r_1 HIP TYC2 Source rgeo Plx e_Plx pmRA pmDE e_pmRA e_pmDE RUWE Teff logg Gmag BP-RP BPmag RPmag RV e_RV b_rgeo B_rgeo FG e_FG FBP e_FBP FRP e_FRP RAVE5 RAVE6 e_Gmag e_BPmag e_RPmag e_BP-RP SkyCoord.ra SkyCoord.dec SkyCoord.distance SkyCoord.pm_ra_cosdec SkyCoord.pm_dec Pmemb
[from data line 81]
42.73451790396 60.67356669074 0.0144 0.0159 16.2416 "" "" 464862937725909376 1963.62927 0.477 0.0245 -0.26 -0.539 0.023 0.021 1.001 "" "" 15.041199 1.642065 15.80276 14.160695 "" "" 1887.71826 2059.10938 18132.90041 4.0637 6521.0 7.7846 17174.0 9.9346 "" "" 0.0027660430691992845 0.0030765214 0.0038312126 0.006907734 42.73451790396 60.67356669074 1963.62927 -0.26 -0.5390000000000004 0.8
42.64364965187 60.32313662314 0.0177 0.0191 9.685 "" "" 464573628732066176 1891.02136 0.4958 0.0296 -0.621 -0.774 0.028 0.024 1.378 5858.2 3.2073 15.047221 1.816649 15.924167 14.107518 -24.84 11.57 1790.92505 2033.1189 18032.5916 205.38 5831.1 243.27 18036.0 555.36 "" "" 0.012669106976214041 0.045382116 0.03364466 0.07902677 42.64364965187 60.32313662314 1891.02136 -0.621 -0.774 1.0
42.79874690413 60.26850585061 0.0127 0.0161 9.4904 "" "" 464569436844007296 2177.90405 0.4312 0.0251 -0.43 -0.469 0.021 0.02 0.961 "" "" 15.056606 0.942879 15.434494 14.491615 "" "" 2084.55566 2308.96753 17877.4004 3.226 9154.2 7.9072 12662.0 8.3123 "" "" 0.002762277145677829 0.0029435663 0.0038460048 0.006789571 42.79874690413 60.26850585061 2177.90405 -0.43000000000000005 -0.46900000000000014 0.9
42.87104014739 60.41301904158 0.0132 0.0158 1.1604 "" "" 464667293379409920 2185.94092 0.4346 0.0237 -0.278 -0.337 0.02 0.02 0.983 8210.9 4.2816 15.058711 1.017881 15.473968 14.456087 "" "" 2073.31543 2292.42456 17842.77465 3.231 8827.3 11.149 13083.0 8.46 "" "" 0.0027623257767595516 0.0031089406 0.0038440402 0.0069529805 42.87104014739 60.41301904158 2185.94092 -0.27799999999999997 -0.3369999999999999 1.0
42.78033299533 60.62133125647 0.0147 0.0157 12.8446 "" "" 464859536111832960 2116.17578 0.4443 0.0245 -0.358 -0.596 0.023 0.021 1.03 "" "" 15.059159 1.152788 15.541866 14.389078 "" "" 2015.56799 2229.92578 17835.41151 3.1871 8292.2 10.488 13916.0 9.508 "" "" 0.0027621425542655176 0.0031097978 0.0038514964 0.0069612944 42.78033299533 60.62133125647 2116.17578 -0.358 -0.596 0.8
43.33541365588 60.23063951034 0.0127 0.0161 16.8828 "" "" 464646986774472448 2219.76758 0.4264 0.0227 -0.41 -0.382 0.021 0.021 0.95 "" "" 15.061124 0.818152 15.378789 14.560637 "" "" 2131.28613 2310.40796 17803.1577 3.4016 9636.1 10.607 11882.0 7.9405 "" "" 0.0027631185861635666 0.003035356 0.0038484007 0.0068837567 43.33541365588 60.23063951034 2219.76758 -0.4099999999999999 -0.382 0.9
42.90703028732 60.56516706703 0.0145 0.0158 8.8964 "" "" 464858260503461632 1986.54712 0.4777 0.0249 -0.281 -0.394 0.023 0.021 1.017 7966.4 3.9734 15.106259 1.018112 15.517447 14.499335 "" "" 1901.10413 2093.80054 17078.23046 3.2158 8480.8 9.9401 12573.0 8.4502 "" "" 0.0027628944972470397 0.0030666688 0.003849183 0.0069158515 42.90703028732 60.56516706703 1986.54712 -0.281 -0.394 0.9
43.33853200223 60.61141122635 0.0145 0.017 17.2281 "" "" 464674779500966784 1991.69641 0.4721 0.0265 -0.264 -0.277 0.025 0.024 0.981 6760.7 3.7789 15.106706 1.876932 16.025946 14.149014 -33.62 5.24 1907.61365 2109.25635 17071.21448 5.7744 5309.3 13.805 17360.0 19.485 "" "" 0.002779687939660126 0.0039692367 0.003970996 0.007940233 43.33853200223 60.61141122635 1991.69641 -0.26399999999999996 -0.277 1.0
43.59767225384 60.59985700017 0.0144 0.0166 23.1039 "" "" 464662311217433472 2051.23022 0.4561 0.0255 -0.356 -0.366 0.023 0.022 1.002 5834.6 3.2338 15.144408 1.673165 15.928206 14.25504 "" "" 1929.34534 2155.73901 16488.5939 18.452 5809.4 22.59 15745.0 52.995 "" "" 0.0030113232249830042 0.005060592 0.005257223 0.0103178155 43.59767225384 60.59985700017 2051.23022 -0.356 -0.366 0.9
43.04738744217 60.22785316936 0.0131 0.017 12.0605 "" "" 464556826820299776 2270.88794 0.4103 0.0249 -0.347 -0.292 0.022 0.022 0.947 7953.2 3.98 15.159583 0.840735 15.490828 14.650093 "" "" 2157.66772 2421.33569 16259.74138 3.4174 8691.3 8.5582 10943.0 8.0868 "" "" 0.0027647535957083177 0.002987983 0.0038636117 0.006851595 43.04738744217 60.22785316936 2270.88794 -0.347 -0.2919999999999999 0.9
42.7978608601 60.46071880308 0.0143 0.017 4.2211 "" "" 464668392891009024 1833.50012 0.5072 0.0258 -0.246 -0.301 0.024 0.022 1.034 "" "" 15.159927 0.989702 15.560322 14.57062 "" "" 1762.00806 1927.78442 16254.57529 3.1848 8152.5 7.926 11774.0 10.279 "" "" 0.002763520199119167 0.002983166 0.0038964336 0.0068795998 42.7978608601 60.46071880308 1833.50012 -0.24600000000000008 -0.30100000000000005 0.9
42.75799237669 60.61482771543 0.0148 0.0167 12.6898 "" "" 464859570471578624 1966.22546 0.4822 0.0255 -0.202 -0.46 0.024 0.021 0.98 "" "" 15.163942 1.277321 15.714652 14.437331 "" "" 1862.14832 2055.97095 16194.58877 2.988 7072.2 8.022 13311.0 10.805 "" "" 0.002762592889450506 0.0030498798 0.003880782 0.006930662 42.75799237669 60.61482771543 1966.22546 -0.20199999999999996 -0.46 0.9
43.3478927163 60.3194809731 0.0139 0.0168 14.2605 "" "" 464651865857244800 2174.68921 0.4212 0.0237 -0.197 -0.528 0.022 0.022 0.999 7998.7 4.1573 15.204508 0.957674 15.585318 14.627644 "" "" 2069.25562 2266.64844 15600.6792 3.3628 7966.9 7.1284 11171.0 9.8033 "" "" 0.0027652417692468306 0.0029544528 0.003897636 0.0068520885 43.3478927163 60.3194809731 2174.68921 -0.197 -0.528 0.8
43.09959673929 60.55267931375 0.0154 0.0176 9.8982 "" "" 464670007798636288 2117.06421 0.4429 0.0275 -0.246 -0.427 0.024 0.023 1.092 9745.3 3.8531 15.218941 0.948928 15.597526 14.648598 "" "" 2006.12048 2215.85181 15394.67821 2.9353 7877.8 10.354 10958.0 10.419 "" "" 0.002763086223435898 0.003133913 0.0039178357 0.0070517487 43.09959673929 60.55267931375 2117.06421 -0.24600000000000008 -0.42700000000000005 0.8
42.76458654971 60.42902668695 0.0142 0.0175 4.3505 "" "" 464668255452084736 1976.26196 0.4685 0.026 -0.411 -0.605 0.023 0.022 0.994 7873.9 3.9371 15.230526 1.282316 15.786729 14.504413 "" "" 1892.84863 2062.88354 15231.27659 2.9575 6618.0 9.4942 12514.0 11.932 "" "" 0.0027633737833405313 0.0031954914 0.003918603 0.0071140947 42.76458654971 60.42902668695 1976.26196 -0.41100000000000014 -0.605 0.9
42.9444274292 60.59284939049 0.0151 0.017 10.6076 "" "" 464858677118375424 2166.60181 0.4267 0.0264 -0.315 -0.401 0.024 0.022 1.003 "" "" 15.264001 1.093191 15.715616 14.622425 "" "" 2063.28418 2267.57178 14768.84524 3.0049 7065.9 9.918 11225.0 10.115 "" "" 0.0027641615237035187 0.0031792421 0.0039039645 0.0070832064 42.9444274292 60.59284939049 2166.60181 -0.315 -0.401 0.9
43.11093960734 60.50221982901 0.0144 0.0167 7.8579 "" "" 464669595481799168 1972.04187 0.4739 0.0254 -0.254 -0.255 0.023 0.022 0.962 "" "" 15.283793 1.347194 15.877738 14.530544 "" "" 1866.89575 2102.81104 14502.04664 2.8919 6085.9 9.0383 12216.0 10.81 "" "" 0.002763813678905424 0.003222583 0.0038995913 0.0071221744 43.11093960734 60.50221982901 1972.04187 -0.25400000000000006 -0.2550000000000001 1.0
42.79208582455 60.35960446234 0.015 0.0179 4.8905 "" "" 464573182055432576 2104.66187 0.4446 0.0266 -0.462 -0.294 0.025 0.023 0.98 6078.1 3.1326 15.330065 1.620459 16.086962 14.466503 "" "" 1999.21973 2242.05835 13896.99436 7.3381 5019.2 11.801 12959.0 20.957 "" "" 0.0028143329593808037 0.0037817443 0.0041673323 0.007949077 42.79208582455 60.35960446234 2104.66187 -0.462 -0.294 0.9
42.92358456849 60.41278314135 0.0156 0.019 0.4869 "" "" 464667259019664768 1986.74658 0.4666 0.0279 -0.389 -0.389 0.025 0.024 0.964 "" "" 15.415297 1.006554 15.828072 14.821518 "" "" 1880.51453 2124.79126 12847.77261 2.8274 6370.7 7.1764 9344.4 8.5061 "" "" 0.002765660929024199 0.0030464565 0.0039064726 0.0069529293 42.92358456849 60.41278314135 1986.74658 -0.389 -0.3889999999999999 0.8
42.76968803246 60.50614814805 0.017 0.0208 6.7646 "" "" 464856375015961088 1877.97546 0.5001 0.03 -0.503 -0.31 0.027 0.027 0.969 "" "" 15.479485 1.661729 16.257843 14.596114 "" "" 1744.56604 1993.50293 12110.23304 3.8462 4288.2 11.464 11500.0 14.271 "" "" 0.0027768140673217877 0.0040261727 0.0040123663 0.008038539 42.76968803246 60.50614814805 1877.97546 -0.5030000000000001 -0.31000000000000016 0.9
42.90424133001 60.5248107971 0.0161 0.0181 6.4766 "" "" 464670454475265792 2057.46021 0.455 0.0272 -0.332 -0.446 0.025 0.023 1.021 6867.1 3.5712 15.501473 1.626104 16.26111 14.635006 "" "" 1958.77014 2148.44189 11867.44722 3.4973 4275.4 8.2883 11096.0 14.743 "" "" 0.0027738359311751566 0.0034950357 0.004045343 0.0075403787 42.90424133001 60.5248107971 2057.46021 -0.332 -0.446 0.9
43.22899479683 60.58609478912 0.019 0.0218 13.8637 "" "" 464676158191783424 1845.2196 0.5123 0.0338 -0.256 -0.357 0.033 0.03 1.116 9429.1 3.5445 15.571328 1.562363 16.285034 14.722672 "" "" 1742.8877 1956.90637 11127.96116 2.794 4182.2 7.8735 10235.0 9.1203 "" "" 0.002768772891260557 0.0034587726 0.0039012511 0.0073600234 43.22899479683 60.58609478912 1845.2196 -0.25600000000000006 -0.3570000000000001 0.9
42.82919216361 60.50313303698 0.0174 0.0198 5.6924 "" "" 464856512454911232 2171.07544 0.4294 0.0296 -0.263 -0.315 0.027 0.026 0.986 8965.0 3.6929 15.604338 1.153751 16.089235 14.935484 "" "" 2046.33105 2359.60107 10794.7293 2.4375 5008.7 6.8617 8413.3 8.5107 "" "" 0.002766205872062833 0.003161873 0.0039357343 0.0070976075 42.82919216361 60.50313303698 2171.07544 -0.26299999999999996 -0.31499999999999995 0.9
42.8617200523 60.31521997095 0.0167 0.0212 6.2626 "" "" 464572838458066688 2175.34985 0.4345 0.0323 -0.349 -0.506 0.027 0.028 0.953 9634.6 4.3498 15.642068 1.027317 16.063747 15.03643 "" "" 2020.70691 2394.4978 10426.04695 2.5813 5127.6 7.2344 7666.3 7.3438 "" "" 0.002768401606908582 0.0031830135 0.0039198794 0.0071028927 42.8617200523 60.31521997095 2175.34985 -0.3489999999999999 -0.506 0.8
42.71202527472 60.33772018084 0.0166 0.02 7.5392 "" "" 464573560012572800 2007.38477 0.4731 0.0307 -0.424 -0.419 0.027 0.025 0.991 5478.3 3.5542 15.662274 1.672308 16.450647 14.778339 "" "" 1881.01514 2139.4646 10233.80588 8.1265 3590.5 11.749 9723.5 22.909 "" "" 0.002887060578983291 0.0045174556 0.004563695 0.00908115 42.71202527472 60.33772018084 2007.38477 -0.42399999999999993 -0.4189999999999999 1.0
42.56279888785 60.25342260716 0.0164 0.0199 14.218 "" "" 464571567147824000 2268.18042 0.4142 0.031 -0.419 -0.595 0.027 0.025 0.955 7197.2 3.4713 15.666319 1.078577 16.113543 15.034966 "" "" 2140.89819 2427.34033 10195.75256 2.1309 4897.8 6.5542 7676.7 8.0088 "" "" 0.002764648435701428 0.0031457967 0.003945472 0.007091269 42.56279888785 60.25342260716 2268.18042 -0.4189999999999999 -0.5949999999999999 0.8
42.82284048824 60.41878094305 0.0172 0.0205 2.5669 "" "" 464668014933917184 1908.52002 0.498 0.031 -0.351 -0.539 0.027 0.027 0.982 6733.6 3.5475 15.68064 1.526193 16.375074 14.848882 "" "" 1807.89404 1995.41138 10062.14761 6.5976 3849.3 11.094 9111.8 16.971 "" "" 0.0028458025971644573 0.004192472 0.0042863837 0.008478856 42.82284048824 60.41878094305 1908.52002 -0.35100000000000003 -0.5390000000000003 1.0
42.92913720712 60.53659567242 0.0191 0.0224 7.2055 "" "" 464670488834992384 2242.31128 0.4262 0.0325 -0.344 -0.432 0.029 0.028 1.025 8987.0 3.5507 15.707254 1.08479 16.159794 15.075004 "" "" 2050.43359 2397.71289 9818.49425 2.4676 4693.5 8.9687 7398.7 9.1519 "" "" 0.0027687988185374924 0.0034769904 0.004010911 0.0074879015 42.92913720712 60.53659567242 2242.31128 -0.34400000000000003 -0.43200000000000016 0.9
42.91608277361 60.53416622495 0.0188 0.0212 7.0388 "" "" 464670488834995712 2096.46631 0.4512 0.0323 -0.428 -0.303 0.03 0.028 1.05 9237.1 4.1251 15.785079 1.218771 16.294493 15.075722 "" "" 1955.03845 2252.26245 9139.34598 2.2942 4145.9 8.6571 7393.8 9.1072 "" "" 0.0027687670430882774 0.0035951303 0.0040090154 0.0076041454 42.91608277361 60.53416622495 2096.46631 -0.42800000000000005 -0.3030000000000001 0.9
43.2987462903 60.60830960094 0.0198 0.023 16.2515 "" "" 464673375053209728 2020.69409 0.4755 0.0364 -0.4 -0.356 0.033 0.031 0.982 6887.9 3.9868 15.795437 1.603619 16.545673 14.942055 "" "" 1862.50623 2208.23779 9052.57376 2.695 3289.6 10.262 8362.5 8.3975 "" "" 0.002774214610581227 0.004388247 0.003933502 0.008321749 43.2987462903 60.60830960094 2020.69409 -0.4000000000000001 -0.356 1.0
42.78411315303 60.39294800955 0.0187 0.0232 3.9814 "" "" 464574144128095360 2125.62769 0.4408 0.0338 -0.599 -0.373 0.031 0.031 1.03 7341.1 3.6548 15.851952 1.761364 16.692272 14.930908 "" "" 1977.43494 2285.42334 8593.42187 6.2372 2874.1 9.6866 8448.8 21.389 "" "" 0.002865797471989206 0.004601659 0.004673202 0.009274861 42.78411315303 60.39294800955 2125.62769 -0.599 -0.3730000000000002 0.8
43.23676354712 60.5563752399 0.0199 0.0232 12.7926 "" "" 464672825297447680 1981.54993 0.4853 0.0361 -0.48 -0.433 0.034 0.032 0.988 "" "" 15.869163 1.861758 16.776468 14.91471 "" "" 1833.36523 2140.32715 8458.27312 11.147 2659.7 14.877 8575.8 30.61 "" "" 0.0031047032703749593 0.006683338 0.0054131513 0.012096489 43.23676354712 60.5563752399 1981.54993 -0.48 -0.433 0.9
42.95853760796 60.6259338086 0.0215 0.0232 12.6257 "" "" 464858878975938048 1932.2749 0.4903 0.0359 -0.498 -0.383 0.034 0.03 1.017 "" "" 15.873466 1.763806 16.647778 14.883971 "" "" 1787.10388 2049.41138 8424.81695 5.6451 2994.4 46.634 8822.1 56.117 "" "" 0.002849745901548295 0.017137628 0.007872801 0.02501043 42.95853760796 60.6259338086 1932.2749 -0.49800000000000005 -0.3830000000000001 1.0
42.78650089515 60.47801282001 0.0198 0.0239 5.165 "" "" 464856065778321920 1964.32922 0.4846 0.0351 -0.268 -0.409 0.032 0.032 1.008 15004.5 4.4151 15.956652 1.410681 16.586401 15.17572 "" "" 1815.47485 2105.70312 7803.44157 2.1153 3168.5 8.0674 6743.3 6.4578 "" "" 0.0027709943689342865 0.003927731 0.0039198017 0.007847533 42.78650089515 60.47801282001 1964.32922 -0.2680000000000001 -0.40900000000000014 0.8
43.23392301331 60.44032207884 0.0228 0.0268 9.711 "" "" 464665575392759296 2316.4729 0.407 0.0386 -0.214 -0.313 0.036 0.035 1.098 6085.4 3.7627 15.965859 1.64407 16.717232 15.073162 "" "" 2157.70776 2517.71997 7737.54215 5.3304 2808.8 14.605 7411.3 32.121 "" "" 0.002855037740003849 0.0062973886 0.0060354616 0.01233285 43.23392301331 60.44032207884 2316.4729 -0.21400000000000005 -0.31300000000000006 0.8
42.43623896348 60.59190452546 0.0217 0.0244 17.4828 "" "" 464767894388404608 2111.52808 0.4546 0.0364 -0.187 -0.517 0.034 0.032 1.003 7334.0 3.6032 15.974677 1.286952 16.528015 15.241063 "" "" 1924.20349 2308.86206 7674.95396 2.1718 3343.6 10.58 6349.4 14.35 "" "" 0.002772396387116084 0.0044258353 0.004506105 0.00893194 42.43623896348 60.59190452546 2111.52808 -0.18699999999999994 -0.5170000000000002 0.8
42.82478648092 60.56431446206 0.0219 0.0253 9.1918 "" "" 464856993491297280 2272.90479 0.4203 0.0366 -0.296 -0.437 0.033 0.032 0.989 8067.2 4.2601 16.025103 1.344836 16.623281 15.278445 "" "" 2128.88135 2446.12842 7326.66032 1.9214 3062.7 5.7168 6134.5 6.506 "" "" 0.002769993073224591 0.0034485138 0.003950905 0.007399419 42.82478648092 60.56431446206 2272.90479 -0.296 -0.437 0.9
42.378800613 60.57315141153 0.0221 0.026 18.2687 "" "" 464779134324313216 1920.85266 0.5023 0.0378 -0.444 -0.152 0.035 0.033 1.05 "" "" 16.03324 1.743168 16.856087 15.112919 "" "" 1806.65564 2054.28833 7271.95584 2.5247 2471.6 8.0504 7144.8 11.581 "" "" 0.002780985456883801 0.004504586 0.0041690366 0.008673623 42.378800613 60.57315141153 1920.85266 -0.4440000000000001 -0.15199999999999994 0.8
43.29856581127 60.58618149706 0.0227 0.0258 15.341 "" "" 464673271974010368 2030.38501 0.464 0.0406 -0.193 -0.351 0.038 0.036 0.977 6703.3 3.9154 16.08274 1.825273 16.966785 15.141512 "" "" 1872.08032 2238.48779 6947.84568 5.312 2232.0 7.5847 6959.1 15.039 "" "" 0.0028776485288091666 0.0046257456 0.004448485 0.009074231 43.29856581127 60.58618149706 2030.38501 -0.193 -0.351 0.8
