Clusters/IC_1848/IC_1848_members.tsv
# %ECSV 1.0
# ---
# datatype:
# - name: RA_ICRS_1
#   unit: deg
#   datatype: float64
#   format: '{:15.11f}'
#   description: Right ascension (ICRS) at Ep=2016.0 (ra)
#   meta: !!omap
#   - {ucd: POS_EQ_RA_MAIN}
#   - {width: 15}
#   - {precision: '11'}
# - name: DE_ICRS_1
#   unit: deg
#   datatype: float64
#   format: '{:15.11f}'
#   description: Declination (ICRS) at Ep=2016.0 (dec)
#   meta: !!omap
#   - {ucd: POS_EQ_DEC_MAIN}
#   - {width: 15}
#   - {precision: '11'}
# - name: e_RA_ICRS
#   unit: mas
#   datatype: float64
#   format: '{:7.4f}'
#   description: Standard error of right ascension (ra_error)
#   meta: !!omap
#   - {ucd: ERROR}
#   - {width: 7}
#   - {precision: '4'}
# - name: e_DE_ICRS
#   unit: mas
#   datatype: float64
#   format: '{:7.4f}'
#   description: Standard error of declination (dec_error)
#   meta: !!omap
#   - {ucd: ERROR}
#   - {width: 7}
#   - {precision: '4'}
# - name: _r_1
#   unit: ''
#   datatype: float64
#   format: '{:7.4f}'
#   description: Distance from center (042.90941652000+60.41689809000)[ICRS], at Epoch=J2016.0
#   meta: !!omap
#   - {ucd: POS_ANG_DIST_GENERAL}
#   - {width: 7}
#   - {precision: '4'}
# - name: HIP
#   datatype: int32
#   description: '? HIP cross-id number, van Leeuwen, Cat. I/311 (hip_original_ext_source_id)'
#   meta: !!omap
#   - {ucd: ID_NUMBER}
#   - {width: 6}
#   - values: {'null': -2147483648}
# - name: TYC2
#   datatype: string
#   description: Tycho-2 cross-id name, Hog et al., Cat. I/259 (tyc2_original_ext_source_id)
#   meta: !!omap
#   - {ucd: ID_CROSSID}
#   - {_votable_string_dtype: char}
# - name: Source
#   datatype: int64
#   description: Source identifier, identical to the Gaia-EDR3 source_id (id)
#   meta: !!omap
#   - {ucd: ID_MAIN}
#   - {width: 19}
# - name: rgeo
#   unit: pc
#   datatype: float64
#   format: '{:15.8f}'
#   description: '? Median of the geometric distance posterior (r_med_geo)'
#   meta: !!omap
#   - {ucd: PHYS_DISTANCE_TRUE}
#   - {width: 15}
#   - {precision: '8'}
#   - values: {'null': .nan}
# - name: Plx
#   unit: mas
#   datatype: float64
#   format: '{:9.4f}'
#   description: '? Parallax (parallax)'
#   meta: !!omap
#   - {ucd: POS_PARLX_TRIG}
#   - {width: 9}
#   - {precision: '4'}
#   - values: {'null': .nan}
# - name: e_Plx
#   unit: mas
#   datatype: float32
#   format: '{:7.4f}'
#   description: '? Standard error of parallax (parallax_error)'
#   meta: !!omap
#   - {ucd: ERROR}
#   - {width: 7}
#   - {precision: '4'}
#   - values: {'null': .nan}
# - name: pmRA
#   unit: mas / yr
#   datatype: float64
#   format: '{:9.3f}'
#   description: '? Proper motion in right ascension direction, pmRA*cosDE (pmra)'
#   meta: !!omap
#   - {ucd: POS_EQ_PMRA}
#   - {width: 9}
#   - {precision: '3'}
#   - values: {'null': .nan}
# - name: pmDE
#   unit: mas / yr
#   datatype: float64
#   format: '{:9.3f}'
#   description: '? Proper motion in declination direction (pmdec)'
#   meta: !!omap
#   - {ucd: POS_EQ_PMDEC}
#   - {width: 9}
#   - {precision: '3'}
#   - values: {'null': .nan}
# - name: e_pmRA
#   unit: mas / yr
#   datatype: float32
#   format: '{:6.3f}'
#   description: '? Standard error of proper motion in right ascension direction (pmra_error)'
#   meta: !!omap
#   - {ucd: ERROR}
#   - {width: 6}
#   - {precision: '3'}
#   - values: {'null': .nan}
# - name: e_pmDE
[...]
#         unit: &id001 !astropy.units.Unit {unit: deg}
#         value: !astropy.table.SerializedColumn {name: SkyCoord.dec}
#       distance: !astropy.table.SerializedColumn
#         __class__: astropy.coordinates.distances.Distance
#         unit: !astropy.units.Unit {unit: pc}
#         value: !astropy.table.SerializedColumn {name: SkyCoord.distance}
#       frame: icrs
#       obstime: !astropy.time.Time {format: jyear_str, in_subfmt: '*', jd1: 367701545.0, jd2: 0.0, out_subfmt: '*', precision: 3, scale: tt}
#       pm_dec: !astropy.table.SerializedColumn
#         __class__: astropy.units.quantity.Quantity
#         unit: !astropy.units.Unit {unit: mas / yr}
#         value: !astropy.table.SerializedColumn {name: SkyCoord.pm_dec}
#       pm_ra_cosdec: !astropy.table.SerializedColumn
#         __class__: astropy.units.quantity.Quantity
#         unit: !astropy.units.Unit {unit: mas / yr}
#         value: !astropy.table.SerializedColumn {name: SkyCoord.pm_ra_cosdec}
#       ra: !astropy.table.SerializedColumn
#         __class__: astropy.coordinates.angles.Longitude
#         unit: *id001
#         value: !astropy.table.SerializedColumn {name: SkyCoord.ra}
#         wrap_angle: !astropy.coordinates.Angle
#           unit: *id001
#           value: 360.0
#       representation_type: spherical
# schema: astropy-2.0
RA_ICRS_1 DE_ICRS_1 e_RA_ICRS e_DE_ICRS _r_1 HIP TYC2 Source rgeo Plx e_Plx pmRA pmDE e_pmRA e_pmDE RUWE Teff logg Gmag BP-RP BPmag RPmag RV e_RV b_rgeo B_rgeo FG e_FG FBP e_FBP FRP e_FRP RAVE5 RAVE6 e_Gmag e_BPmag e_RPmag e_BP-RP SkyCoord.ra SkyCoord.dec SkyCoord.distance SkyCoord.pm_ra_cosdec SkyCoord.pm_dec Pmemb
[from data line 121]
43.05253414406 60.12321682108 0.0199 0.0261 18.1281 "" "" 464555074473681408 1979.34863 0.4763 0.037 -0.664 -0.31 0.032 0.034 1.062 6482.5 4.0409 16.103012 1.3641 16.708202 15.344102 "" "" 1855.27722 2145.40527 6819.32946 2.2287 2832.3 7.3271 5774.5 7.3438 "" "" 0.002778075193798304 0.0039590746 0.0040237214 0.007982796 43.05253414406 60.12321682108 1979.34863 -0.6639999999999999 -0.31000000000000005 0.9
43.44928741227 60.67139891133 0.023 0.0269 22.0658 "" "" 464675264838779008 1900.72864 0.5012 0.0421 -0.269 0.034 0.037 0.035 1.009 6430.6 4.0105 16.111685 1.688777 16.911703 15.222926 "" "" 1788.13513 2061.32422 6765.08413 7.0967 2348.2 10.37 6456.4 17.003 "" "" 0.00298144491820293 0.005547512 0.0047391257 0.010286638 43.44928741227 60.67139891133 1900.72864 -0.269 0.03400000000000006 0.9
42.81681293807 60.52144490368 0.0226 0.0265 6.8446 "" "" 464856581174383360 2162.52759 0.4477 0.0395 -0.412 -0.609 0.036 0.034 0.992 9999.8 4.3764 16.122175 1.393 16.740894 15.347895 "" "" 1993.3042 2373.75366 6700.02367 2.022 2748.3 7.4756 5754.4 8.4586 "" "" 0.0027747348149024017 0.0040628775 0.004102539 0.008165416 42.81681293807 60.52144490368 2162.52759 -0.4119999999999999 -0.6089999999999998 0.9
42.85689266447 60.6097766506 0.0243 0.0277 11.6762 "" "" 464859364313140736 2014.36633 0.4721 0.0423 -0.255 -0.418 0.04 0.036 1.011 7047.4 3.8044 16.24223 1.505898 16.90858 15.402683 "" "" 1885.51465 2160.30542 5998.67134 2.5976 2355.0 11.868 5471.2 13.46 "" "" 0.0027951450017350333 0.0061419043 0.004628001 0.0107699055 42.85689266447 60.6097766506 2014.36633 -0.2549999999999999 -0.41800000000000004 0.8
42.92550359697 60.35169187828 0.0232 0.0282 3.9413 "" "" 464663891765350528 2005.34009 0.4828 0.0411 -0.275 -0.45 0.037 0.035 0.96 6355.7 3.9331 16.27001 1.932176 17.229307 15.297132 "" "" 1864.3053 2197.92407 5847.12756 4.1216 1752.6 8.7031 6029.8 12.345 "" "" 0.0028596356980916953 0.006070758 0.0043846145 0.010455373 42.92550359697 60.35169187828 2005.34009 -0.275 -0.45 0.8
42.94201423844 60.3390257064 0.0225 0.0285 4.7713 "" "" 464663823045877888 2191.93945 0.438 0.0414 -0.309 -0.478 0.036 0.036 0.98 5351.5 3.5504 16.274782 1.897551 17.200823 15.303272 "" "" 2006.03235 2448.19678 5821.4823 6.5264 1799.2 10.663 5995.8 17.616 "" "" 0.0030122055142557057 0.0070135333 0.004945658 0.011959191 42.94201423844 60.3390257064 2191.93945 -0.3090000000000001 -0.4780000000000002 0.9
43.00966036776 60.60477458445 0.0243 0.0262 11.6549 "" "" 464671141669987968 2092.94019 0.4531 0.0408 -0.237 -0.429 0.038 0.034 1.007 9261.1 3.5964 16.277037 1.511537 16.958138 15.446601 "" "" 1928.71643 2364.12573 5809.40862 19.589 2249.9 26.24 5254.3 43.019 "" "" 0.004582031671357876 0.012966418 0.009659409 0.022625826 43.00966036776 60.60477458445 2092.94019 -0.23700000000000002 -0.4289999999999999 0.9
42.79715594153 60.47065241805 0.0239 0.0289 4.6305 "" "" 464856065778323712 2037.41199 0.4648 0.0434 -0.612 -0.469 0.039 0.038 1.021 8132.7 4.1673 16.28316 1.40502 16.891085 15.486065 "" "" 1872.59448 2258.47217 5776.74764 1.9205 2393.2 8.9672 5066.8 12.826 "" "" 0.0027788629380135566 0.0049330816 0.0046730605 0.009606142 42.79715594153 60.47065241805 2037.41199 -0.612 -0.469 0.8
42.71074819436 60.52482786651 0.0261 0.0302 8.7437 "" "" 464857165289939328 1962.48486 0.4926 0.0436 -0.375 -0.368 0.04 0.039 1.027 7853.9 3.5874 16.352276 1.444751 17.000433 15.555682 "" "" 1792.03979 2150.79395 5420.4664 1.7873 2163.9 6.6113 4752.1 7.5021 "" "" 0.0027784806336533315 0.004334626 0.0041499 0.008484526 42.71074819436 60.52482786651 1962.48486 -0.375 -0.3680000000000001 0.9
42.74496738657 60.51061091345 0.0294 0.0338 7.4347 "" "" 464856443735437696 1895.84766 0.502 0.0489 -0.644 -0.373 0.046 0.043 0.995 7691.8 4.0802 16.555172 1.657153 17.340633 15.68348 "" "" 1754.44849 2129.24585 4496.53312 2.4061 1581.8 5.7131 4224.4 7.4875 "" "" 0.0028159058244368426 0.0048127607 0.004241115 0.009053876 42.74496738657 60.51061091345 1895.84766 -0.6440000000000001 -0.3729999999999998 1.0
