Clusters/IC_1848/IC_1848_members.tsv
# %ECSV 1.0
# ---
# datatype:
# - name: RA_ICRS_1
#   unit: deg
#   datatype: float64
#   format: '{:15.11f}'
#   description: Right ascension (ICRS) at Ep=2016.0 (ra)
#   meta: !!omap
#   - {ucd: POS_EQ_RA_MAIN}
#   - {width: 15}
#   - {precision: '11'}
# - name: DE_ICRS_1
#   unit: deg
#   datatype: float64
#   format: '{:15.11f}'
#   description: Declination (ICRS) at Ep=2016.0 (dec)
#   meta: !!omap
#   - {ucd: POS_EQ_DEC_MAIN}
#   - {width: 15}
#   - {precision: '11'}
# - name: e_RA_ICRS
#   unit: mas
#   datatype: float64
#   format: '{:7.4f}'
#   description: Standard error of right ascension (ra_error)
#   meta: !!omap
#   - {ucd: ERROR}
#   - {width: 7}
#   - {precision: '4'}
# - name: e_DE_ICRS
#   unit: mas
#   datatype: float64
#   format: '{:7.4f}'
#   description: Standard error of declination (dec_error)
#   meta: !!omap
#   - {ucd: ERROR}
#   - {width: 7}
#   - {precision: '4'}
# - name: _r_1
#   unit: ''
#   datatype: float64
#   format: '{:7.4f}'
#   description: Distance from center (042.90941652000+60.41689809000)[ICRS], at Epoch=J2016.0
#   meta: !!omap
#   - {ucd: POS_ANG_DIST_GENERAL}
#   - {width: 7}
#   - {precision: '4'}
# - name: HIP
#   datatype: int32
#   description: '? HIP cross-id number, van Leeuwen, Cat. I/311 (hip_original_ext_source_id)'
#   meta: !!omap
#   - {ucd: ID_NUMBER}
#   - {width: 6}
#   - values: {'null': -2147483648}
# - name: TYC2
#   datatype: string
#   description: Tycho-2 cross-id name, Hog et al., Cat. I/259 (tyc2_original_ext_source_id)
#   meta: !!omap
#   - {ucd: ID_CROSSID}
#   - {_votable_string_dtype: char}
# - name: Source
#   datatype: int64
#   description: Source identifier, identical to the Gaia-EDR3 source_id (id)
#   meta: !!omap
#   - {ucd: ID_MAIN}
#   - {width: 19}
# - name: rgeo
#   unit: pc
#   datatype: float64
#   format: '{:15.8f}'
#   description: '? Median of the geometric distance posterior (r_med_geo)'
#   meta: !!omap
#   - {ucd: PHYS_DISTANCE_TRUE}
#   - {width: 15}
#   - {precision: '8'}
#   - values: {'null': .nan}
# - name: Plx
#   unit: mas
#   datatype: float64
#   format: '{:9.4f}'
#   description: '? Parallax (parallax)'
#   meta: !!omap
#   - {ucd: POS_PARLX_TRIG}
#   - {width: 9}
#   - {precision: '4'}
#   - values: {'null': .nan}
# - name: e_Plx
#   unit: mas
#   datatype: float32
#   format: '{:7.4f}'
#   description: '? Standard error of parallax (parallax_error)'
#   meta: !!omap
#   - {ucd: ERROR}
#   - {width: 7}
#   - {precision: '4'}
#   - values: {'null': .nan}
# - name: pmRA
#   unit: mas / yr
#   datatype: float64
#   format: '{:9.3f}'
#   description: '? Proper motion in right ascension direction, pmRA*cosDE (pmra)'
#   meta: !!omap
#   - {ucd: POS_EQ_PMRA}
#   - {width: 9}
#   - {precision: '3'}
#   - values: {'null': .nan}
# - name: pmDE
#   unit: mas / yr
#   datatype: float64
#   format: '{:9.3f}'
#   description: '? Proper motion in declination direction (pmdec)'
#   meta: !!omap
#   - {ucd: POS_EQ_PMDEC}
#   - {width: 9}
#   - {precision: '3'}
#   - values: {'null': .nan}
# - name: e_pmRA
#   unit: mas / yr
#   datatype: float32
#   format: '{:6.3f}'
#   description: '? Standard error of proper motion in right ascension direction (pmra_error)'
#   meta: !!omap
#   - {ucd: ERROR}
#   - {width: 6}
#   - {precision: '3'}
#   - values: {'null': .nan}
# - name: e_pmDE
[...]
#         unit: &id001 !astropy.units.Unit {unit: deg}
#         value: !astropy.table.SerializedColumn {name: SkyCoord.dec}
#       distance: !astropy.table.SerializedColumn
#         __class__: astropy.coordinates.distances.Distance
#         unit: !astropy.units.Unit {unit: pc}
#         value: !astropy.table.SerializedColumn {name: SkyCoord.distance}
#       frame: icrs
#       obstime: !astropy.time.Time {format: jyear_str, in_subfmt: '*', jd1: 367701545.0, jd2: 0.0, out_subfmt: '*', precision: 3, scale: tt}
#       pm_dec: !astropy.table.SerializedColumn
#         __class__: astropy.units.quantity.Quantity
#         unit: !astropy.units.Unit {unit: mas / yr}
#         value: !astropy.table.SerializedColumn {name: SkyCoord.pm_dec}
#       pm_ra_cosdec: !astropy.table.SerializedColumn
#         __class__: astropy.units.quantity.Quantity
#         unit: !astropy.units.Unit {unit: mas / yr}
#         value: !astropy.table.SerializedColumn {name: SkyCoord.pm_ra_cosdec}
#       ra: !astropy.table.SerializedColumn
#         __class__: astropy.coordinates.angles.Longitude
#         unit: *id001
#         value: !astropy.table.SerializedColumn {name: SkyCoord.ra}
#         wrap_angle: !astropy.coordinates.Angle
#           unit: *id001
#           value: 360.0
#       representation_type: spherical
# schema: astropy-2.0
RA_ICRS_1 DE_ICRS_1 e_RA_ICRS e_DE_ICRS _r_1 HIP TYC2 Source rgeo Plx e_Plx pmRA pmDE e_pmRA e_pmDE RUWE Teff logg Gmag BP-RP BPmag RPmag RV e_RV b_rgeo B_rgeo FG e_FG FBP e_FBP FRP e_FRP RAVE5 RAVE6 e_Gmag e_BPmag e_RPmag e_BP-RP SkyCoord.ra SkyCoord.dec SkyCoord.distance SkyCoord.pm_ra_cosdec SkyCoord.pm_dec Pmemb
[from data line 40]
42.91264014369 60.31467368241 0.0089 0.0117 6.1342 "" "" 464569952240039296 2102.55371 0.4451 0.017 -0.431 -0.575 0.014 0.015 1.004 7125.9 3.6154 14.204903 1.307819 14.780824 13.473004 "" "" 2025.00525 2184.32886 39172.90212 5.5217 16714.0 12.105 32356.0 14.632 "" "" 0.0027595672368737672 0.0028988572 0.0038111415 0.0067099985 42.91264014369 60.31467368241 2102.55371 -0.4310000000000001 -0.5750000000000002 0.9
42.68628840022 60.39353611989 0.009 0.0112 6.7586 "" "" 464761920095444864 2026.61792 0.4596 0.0173 -0.6 -0.451 0.016 0.015 0.993 "" "" 14.206061 1.700395 15.012953 13.312558 -27.92 5.38 1964.78186 2088.03198 39131.1279 19.028 13497.0 30.719 37509.0 57.054 "" "" 0.0028054453368098033 0.003727129 0.0041244556 0.007851585 42.68628840022 60.39353611989 2026.61792 -0.6000000000000001 -0.45099999999999985 0.9
43.06093721841 60.33238573246 0.009 0.0112 6.7756 "" "" 464663307649797504 2028.25537 0.4619 0.0161 -0.289 -0.466 0.014 0.014 0.999 "" "" 14.243138 1.164767 14.728168 13.5634 "" "" 1957.34485 2104.83691 37817.37071 4.7121 17545.0 14.363 29771.0 32.29 "" "" 0.0027586393843666993 0.0029283199 0.003958595 0.006886915 43.06093721841 60.33238573246 2028.25537 -0.2890000000000001 -0.46600000000000025 0.9
42.98925222375 60.30593011346 0.0093 0.0118 7.0669 "" "" 464663548167979648 2036.97949 0.4618 0.0172 -0.467 -0.522 0.015 0.015 1.038 "" "" 14.262045 0.665059 14.51138 13.846321 "" "" 1972.26086 2101.53394 37164.55636 13.467 21422.0 23.378 22942.0 28.997 "" "" 0.0027832670849038676 0.0030313316 0.0040208097 0.0070521412 42.98925222375 60.30593011346 2036.97949 -0.46700000000000014 -0.522 0.9
42.90289067694 60.33060449479 0.0097 0.0125 5.1812 "" "" 464570020959508224 2101.67993 0.4406 0.0179 -0.137 -0.362 0.016 0.016 0.962 6869.5 3.6049 14.325688 1.234722 14.858065 13.623342 "" "" 2019.6261 2166.33618 35048.65273 5.3104 15567.0 9.9907 28172.0 11.769 "" "" 0.002760226700169513 0.0028758643 0.0038065016 0.006682366 42.90289067694 60.33060449479 2101.67993 -0.13699999999999998 -0.36200000000000004 1.0
42.69601051945 60.38296909601 0.0098 0.0123 6.6442 "" "" 464574247207318912 2121.44751 0.4384 0.0182 -0.523 -0.589 0.016 0.016 1.0 "" "" 14.330874 0.79222 14.635882 13.843662 "" "" 2040.33044 2205.52856 34881.63252 6.1324 19101.0 14.438 22998.0 11.396 "" "" 0.00276192399720356 0.0029083618 0.003817483 0.006725845 42.69601051945 60.38296909601 2121.44751 -0.523 -0.589 0.8
42.94286165766 60.37399135715 0.0097 0.0127 2.7587 "" "" 464666949782051584 1994.46057 0.4712 0.0181 -0.165 -0.536 0.016 0.016 1.045 10938.6 4.0077 14.342153 0.73701 14.62332 13.88631 "" "" 1921.72388 2067.70312 34521.19113 5.9368 19324.0 12.31 22112.0 12.484 "" "" 0.0027616396904955394 0.0028746175 0.0038287698 0.006703387 42.94286165766 60.37399135715 1994.46057 -0.16499999999999995 -0.5360000000000001 0.8
43.40925127116 60.63166264842 0.0109 0.0126 19.5909 "" "" 464674745141353728 2196.22827 0.4303 0.0189 -0.291 -0.139 0.018 0.017 1.016 "" "" 14.39278 0.882938 14.739996 13.857058 "" "" 2103.53979 2270.43115 32948.43577 5.6632 17355.0 11.578 22716.0 14.846 "" "" 0.0027616327304477535 0.0028826538 0.0038454172 0.006728071 43.40925127116 60.63166264842 2196.22827 -0.291 -0.139 0.9
42.49731858 60.46829743245 0.0099 0.0123 12.581 "" "" 464765905825069696 2097.13135 0.4474 0.0187 -0.35 -0.463 0.017 0.016 1.035 "" "" 14.400404 1.055464 14.824123 13.76866 "" "" 2028.1366 2174.42847 32717.8785 6.7968 16061.0 12.458 24643.0 19.439 "" "" 0.0027645365624426456 0.002914498 0.0038752088 0.0067897066 42.49731858 60.46829743245 2097.13135 -0.35000000000000003 -0.4630000000000002 0.9
42.64959706771 60.55635134564 0.0107 0.0124 11.3572 "" "" 464857508887314944 2053.62109 0.4558 0.018 -0.517 -0.329 0.017 0.016 1.044 "" "" 14.404845 1.19125 14.904739 13.71349 "" "" 1987.3429 2121.43335 32584.31054 6.3265 14911.0 12.362 25928.0 12.336 "" "" 0.002763372544447201 0.0029317718 0.0038145212 0.006746293 42.64959706771 60.55635134564 2053.62109 -0.517 -0.329 1.0
43.03126010082 60.41037787938 0.0105 0.0121 3.6306 "" "" 464664544600321920 2037.17151 0.459 0.0181 -0.203 -0.402 0.016 0.015 0.987 9963.4 3.952 14.423788 0.731022 14.702982 13.97196 "" "" 1970.8717 2104.51758 32020.75282 5.9409 17957.0 13.28 20435.0 12.507 "" "" 0.002762673947925211 0.002903408 0.0038373563 0.0067407642 43.03126010082 60.41037787938 2037.17151 -0.203 -0.40199999999999986 1.0
42.95897878962 60.62533986701 0.0111 0.0124 12.5918 "" "" 464858883276788864 1946.14111 0.482 0.0187 -0.593 -0.539 0.018 0.016 1.075 "" "" 14.434711 0.995525 14.818431 13.822906 "" "" 1878.49036 2038.02161 31700.20946 13.467 16145.0 40.918 23442.0 65.828 "" "" 0.0027936602660610216 0.003918786 0.004855862 0.0087746475 42.95897878962 60.62533986701 1946.14111 -0.5929999999999999 -0.5389999999999998 0.9
42.7593255066 60.18689625875 0.0103 0.0136 14.5034 "" "" 464567409619508480 2148.44092 0.4364 0.0206 -0.44 -0.626 0.017 0.017 1.14 "" "" 14.455405 1.020964 14.869602 13.848639 "" "" 2067.3103 2241.23828 31101.74288 4.7914 15402.0 12.217 22893.0 10.91 "" "" 0.0027603924698928538 0.0029200583 0.0038146367 0.0067346953 42.7593255066 60.18689625875 2148.44092 -0.44 -0.6259999999999998 0.9
42.68707575522 60.5487795425 0.0104 0.0128 10.2865 "" "" 464857474527577472 1992.2085 0.4709 0.0183 -0.469 -0.197 0.016 0.017 0.993 "" "" 14.470954 1.184357 14.967248 13.782891 "" "" 1939.67651 2061.41455 30659.50959 5.4756 14077.0 12.224 24322.0 13.254 "" "" 0.0027621348374137922 0.0029451575 0.0038254135 0.0067705708 42.68707575522 60.5487795425 1992.2085 -0.4690000000000001 -0.19699999999999995 0.8
42.59810437144 60.4067882308 0.0104 0.0126 9.2428 "" "" 464761851375968512 1981.72583 0.4781 0.0193 -0.461 -0.394 0.018 0.017 1.004 "" "" 14.52617 1.054802 14.959974 13.905172 "" "" 1898.6615 2061.3291 29139.28502 9.835 14172.0 18.275 21731.0 18.826 "" "" 0.0027795823655061454 0.0031217386 0.003894669 0.0070164073 42.59810437144 60.4067882308 1981.72583 -0.461 -0.3940000000000001 0.9
43.2542541205 60.59544224364 0.0108 0.0126 14.7825 "" "" 464676192551516800 1976.38477 0.4715 0.0199 -0.412 -0.323 0.018 0.017 1.059 "" "" 14.528025 1.269263 15.071645 13.802381 "" "" 1904.61829 2068.73828 29089.53534 12.264 12787.0 19.698 23889.0 36.198 "" "" 0.002793083612276512 0.0032530685 0.004121931 0.007374999 43.2542541205 60.59544224364 1976.38477 -0.412 -0.323 1.0
42.85107845231 60.42252064681 0.0105 0.0127 1.7605 "" "" 464668049293648128 2070.98657 0.4536 0.0185 -0.442 -0.441 0.016 0.016 0.972 "" "" 14.530082 0.775441 14.828144 14.052703 "" "" 1999.84558 2157.552 29034.47711 5.4381 16001.0 12.296 18970.0 13.738 "" "" 0.0027628143548387666 0.0029122438 0.0038603074 0.006772551 42.85107845231 60.42252064681 2070.98657 -0.44200000000000017 -0.44100000000000017 1.0
42.69938387245 60.34500830973 0.0109 0.0135 7.5761 "" "" 464573560012569600 2061.16675 0.454 0.0202 -0.456 -0.331 0.018 0.017 1.083 7197.8 3.6321 14.550235 0.814668 14.867147 14.052479 "" "" 1970.08081 2147.24927 28500.52514 4.6136 15437.0 10.128 18974.0 9.0942 "" "" 0.0027609200901659806 0.0028796652 0.0038150405 0.0066947057 42.69938387245 60.34500830973 2061.16675 -0.45600000000000007 -0.3310000000000002 1.0
42.73648971063 60.33169409854 0.0101 0.0123 7.2417 "" "" 464573525652835968 1935.28198 0.4823 0.019 -0.481 -0.766 0.017 0.016 1.028 "" "" 14.567417 1.643522 15.337163 13.693641 18.25 7.15 1872.05103 2026.6427 28053.03319 28.021 10013.0 41.229 26406.0 82.93 "" "" 0.002961067671441665 0.005269824 0.0050902553 0.010360079 42.73648971063 60.33169409854 1935.28198 -0.481 -0.766 0.9
43.52206622511 60.7038315989 0.0119 0.014 24.9561 "" "" 464698796958349568 2262.73975 0.4064 0.0224 -0.519 -0.376 0.02 0.019 1.023 "" "" 14.610573 1.886372 15.54328 13.656908 -26.16 2.18 2169.18921 2394.2356 26959.86948 6.2915 8281.4 10.309 27315.0 11.937 "" "" 0.002766945499823111 0.0031002867 0.0038090495 0.006909336 43.52206622511 60.7038315989 2262.73975 -0.519 -0.376 0.9
42.90860409276 60.53180942577 0.0112 0.0124 6.8947 "" "" 464670454475260544 2051.21558 0.4522 0.0188 -0.316 -0.166 0.017 0.016 1.052 7499.7 3.8988 14.630449 0.897157 14.986944 14.089787 "" "" 1982.56311 2138.54199 26470.80902 4.3233 13824.0 10.028 18333.0 11.868 "" "" 0.00276102044899504 0.0028992 0.0038441825 0.0067433827 42.90860409276 60.53180942577 2051.21558 -0.316 -0.166 0.9
42.57555036523 60.36948467585 0.0109 0.0131 10.2974 "" "" 464761645217558400 1897.20422 0.4941 0.0196 -0.573 -0.363 0.018 0.017 0.976 "" "" 14.637377 0.865625 14.968348 14.102722 "" "" 1836.17505 1973.5072 26302.42969 4.5398 14063.0 11.487 18116.0 17.994 "" "" 0.002761685617499262 0.0029277229 0.0039302325 0.0068579554 42.57555036523 60.36948467585 1897.20422 -0.573 -0.36300000000000004 1.0
42.53600813978 60.37949673764 0.0105 0.0136 11.2923 "" "" 464760236468283520 2082.06909 0.4441 0.0198 -0.404 -0.395 0.017 0.017 0.979 "" "" 14.658174 0.988517 15.056878 14.068361 "" "" 1999.83765 2168.18433 25803.41617 4.2193 12962.0 10.157 18699.0 10.088 "" "" 0.002761033970199292 0.0029169978 0.0038245036 0.0067415014 42.53600813978 60.37949673764 2082.06909 -0.40399999999999997 -0.39500000000000013 1.0
42.77487780584 60.41706160257 0.011 0.0134 3.9852 "" "" 464574350286515328 2103.65088 0.4473 0.0199 -0.675 -0.503 0.018 0.017 1.046 8542.7 3.6739 14.686295 1.129304 15.150471 14.021167 "" "" 2004.54102 2174.88745 25143.69158 15.566 11891.0 29.356 19530.0 37.976 "" "" 0.0028361219528459506 0.0038690695 0.0043290798 0.0081981495 42.77487780584 60.41706160257 2103.65088 -0.675 -0.503 1.0
42.77766695117 60.42038282606 0.013 0.0196 3.908 "" "" 464668186732614912 2050.33594 0.4558 0.0228 -0.204 -0.468 0.023 0.029 1.082 15005.1 4.3461 14.692575 1.457924 15.336656 13.878732 2.91 11.48 1939.01868 2148.43994 24998.66021 8.1256 10017.0 27.928 22267.0 30.3 "" "" 0.0027778290680169205 0.0041168397 0.0040578945 0.008174734 42.77766695117 60.42038282606 2050.33594 -0.20399999999999996 -0.4680000000000002 1.0
42.75583516582 60.36822021687 0.0108 0.0132 5.409 "" "" 464574006689152000 2010.51196 0.4683 0.0197 -0.458 -0.453 0.018 0.017 1.005 6627.1 3.6391 14.714576 1.395279 15.33781 13.942531 -41.66 6.14 1918.67139 2102.94336 24497.18952 3.9405 10007.0 8.6341 20996.0 13.39 "" "" 0.0027608496391908774 0.0029432303 0.003842287 0.0067855176 42.75583516582 60.36822021687 2010.51196 -0.458 -0.45299999999999996 0.9
42.82497373661 60.40866478595 0.0119 0.0144 2.5499 "" "" 464667911854712832 2128.61768 0.4375 0.0214 -0.409 -0.358 0.019 0.019 1.093 6139.8 3.2158 14.746698 1.492667 15.425312 13.932645 8.98 8.01 2044.93176 2233.85962 23783.04271 11.945 9231.9 21.623 21189.0 30.729 "" "" 0.002808763394980997 0.0037751792 0.0040942645 0.007869444 42.82497373661 60.40866478595 2128.61768 -0.4089999999999999 -0.358 0.9
43.01945089126 60.57800305685 0.0123 0.0141 10.1984 "" "" 464671072950519552 2133.39893 0.436 0.0212 -0.333 -0.355 0.02 0.019 1.069 "" "" 14.781011 0.952928 15.16315 14.210222 "" "" 2014.38684 2282.7312 23043.17714 3.7365 11753.0 9.5174 16409.0 9.917 "" "" 0.002760939073029384 0.0029254167 0.003835922 0.0067613386 43.01945089126 60.57800305685 2133.39893 -0.333 -0.3549999999999999 0.9
42.7587135353 60.37895829445 0.0119 0.0136 5.0132 "" "" 464574006689147904 2066.43018 0.4572 0.0207 -0.327 -0.529 0.019 0.018 0.992 7998.3 4.3342 14.79251 0.827573 15.11496 14.287387 "" "" 1989.60767 2152.34155 22800.42308 3.6616 12287.0 11.285 15283.0 10.446 "" "" 0.0027608316819297397 0.0029630128 0.0038515513 0.006814564 42.7587135353 60.37895829445 2066.43018 -0.327 -0.5290000000000002 0.9
42.94101935465 60.45350958749 0.0117 0.014 2.3876 "" "" 464667843135185152 1937.46118 0.4832 0.0209 -0.236 -0.314 0.019 0.018 1.0 "" "" 14.820991 0.890795 15.173254 14.282459 "" "" 1876.22607 2010.06909 22210.07925 3.5845 11644.0 10.925 15352.0 8.3908 "" "" 0.0027608864800645998 0.0029703171 0.0038256862 0.0067960033 42.94101935465 60.45350958749 1937.46118 -0.23599999999999993 -0.31399999999999995 1.0
42.31796450632 60.58545221691 0.0126 0.015 20.1895 "" "" 464779374842333312 2033.47729 0.4577 0.0216 -0.5 -0.37 0.02 0.019 1.055 "" "" 14.844016 1.766179 15.678682 13.912503 "" "" 1953.13562 2121.79321 21744.03513 5.5084 7310.4 14.048 21585.0 15.617 "" "" 0.002769014482209465 0.0034839797 0.003860156 0.007344136 42.31796450632 60.58545221691 2033.47729 -0.4999999999999999 -0.3699999999999999 0.9
42.87156131079 60.42062596936 0.0123 0.0147 1.1433 "" "" 464667293379403264 2030.83362 0.4553 0.0217 -0.287 -0.452 0.02 0.02 1.001 9734.0 4.1993 14.88023 0.993671 15.284167 14.290496 "" "" 1934.96875 2132.54004 21030.75022 4.677 10514.0 10.811 15239.0 10.567 "" "" 0.002765879627417639 0.0030052306 0.0038536398 0.0068588704 42.87156131079 60.42062596936 2030.83362 -0.28700000000000003 -0.452 0.9
42.86274308842 60.54574282779 0.0123 0.0141 7.8529 "" "" 464858196082071296 1994.43738 0.4671 0.021 -0.435 -0.21 0.019 0.018 0.977 7970.6 4.0473 14.882487 1.048914 15.310791 14.261877 "" "" 1897.23035 2079.13208 20987.07316 3.3352 10259.0 10.134 15646.0 9.3543 "" "" 0.002760717312133283 0.0029892004 0.0038347226 0.006823923 42.86274308842 60.54574282779 1994.43738 -0.43499999999999994 -0.2099999999999999 1.0
42.8686520633 60.61038775689 0.0128 0.0142 11.6716 "" "" 464858642758634112 1996.15918 0.4647 0.0218 -0.105 -0.352 0.02 0.019 1.005 "" "" 14.889396 1.032579 15.312262 14.279682 "" "" 1932.63354 2080.11353 20853.9594 3.4158 10245.0 11.296 15392.0 11.515 "" "" 0.0027610534751757367 0.003036139 0.003865681 0.00690182 42.8686520633 60.61038775689 1996.15918 -0.10499999999999994 -0.352 0.8
42.6930986688 60.26694217175 0.0122 0.0149 11.0543 "" "" 464571017391985280 2305.41992 0.3961 0.0228 -0.579 -0.343 0.02 0.019 1.0 6889.2 3.187 14.907597 1.459087 15.567216 14.108129 42.93 13.16 2204.03467 2427.23853 20507.28364 3.5551 8100.8 9.1843 18026.0 9.8405 "" "" 0.002761741575846079 0.0030496395 0.003825576 0.0068752156 42.6930986688 60.26694217175 2305.41992 -0.579 -0.343 0.9
42.92001185244 60.66053813179 0.014 0.0149 14.6217 "" "" 464859914068925184 2150.75342 0.4296 0.0237 -0.339 -0.427 0.022 0.02 0.963 "" "" 14.937158 1.117598 15.397438 14.279839 "" "" 2029.65881 2293.85596 19956.46057 3.3553 9472.0 12.49 15389.0 13.351 "" "" 0.0027613606101701813 0.0031360402 0.0038949964 0.0070310365 42.92001185244 60.66053813179 2150.75342 -0.33899999999999997 -0.42699999999999994 0.9
43.31694236747 59.98469206438 0.0122 0.0154 28.6381 "" "" 464503603583835136 2124.90356 0.4393 0.0237 -0.517 -0.569 0.021 0.02 1.022 "" "" 14.950038 0.915022 15.313946 14.398924 "" "" 2012.42566 2247.8479 19721.12649 3.7719 10229.0 9.5875 13791.0 10.221 "" "" 0.002763134463290244 0.0029699581 0.0038640953 0.0068340534 43.31694236747 59.98469206438 2124.90356 -0.517 -0.569 0.9
42.87937520912 60.58604170893 0.0139 0.0172 10.1874 "" "" 464858539679433088 2132.98242 0.434 0.0253 -0.338 -0.1 0.022 0.021 1.178 7532.2 3.3669 14.958108 1.594132 15.644527 14.050395 -36.87 7.38 2035.20471 2237.02856 19575.07919 5.4272 7544.1 45.743 19011.0 47.538 "" "" 0.0027717148049047607 0.007150137 0.004653453 0.01180359 42.87937520912 60.58604170893 2132.98242 -0.338 -0.10000000000000003 1.0
43.03481828704 60.60878989548 0.0138 0.015 12.0945 "" "" 464671107310246144 2021.01978 0.4621 0.0232 -0.33 -0.332 0.023 0.02 1.019 "" "" 15.004948 1.197082 15.51063 14.313548 "" "" 1934.28516 2123.40918 18748.55165 3.2893 8534.2 8.1294 14919.0 8.1556 "" "" 0.002761896779326604 0.002975684 0.0038257027 0.0068013864 43.03481828704 60.60878989548 2021.01978 -0.3299999999999999 -0.33199999999999985 0.8
43.0606215208 60.48140566368 0.0127 0.0149 5.9161 "" "" 464669217524694528 1967.64307 0.481 0.0227 -0.348 -0.505 0.02 0.019 0.977 9240.7 3.8717 15.005135 0.850141 15.340366 14.490225 "" "" 1876.34546 2061.19873 18745.31495 3.3982 9983.2 10.183 12679.0 9.2353 "" "" 0.0027623413130142003 0.0030019206 0.0038612382 0.006863159 43.0606215208 60.48140566368 1967.64307 -0.3480000000000001 -0.5049999999999999 0.8
