Clusters/BH_221/BH_221_members.tsv
# %ECSV 1.0
# ---
# datatype:
# - name: RA_ICRS_1
#   unit: deg
#   datatype: float64
#   format: '{:15.11f}'
#   description: Right ascension (ICRS) at Ep=2016.0 (ra)
#   meta: !!omap
#   - {ucd: POS_EQ_RA_MAIN}
#   - {width: 15}
#   - {precision: '11'}
# - name: DE_ICRS_1
#   unit: deg
#   datatype: float64
#   format: '{:15.11f}'
#   description: Declination (ICRS) at Ep=2016.0 (dec)
#   meta: !!omap
#   - {ucd: POS_EQ_DEC_MAIN}
#   - {width: 15}
#   - {precision: '11'}
# - name: e_RA_ICRS
#   unit: mas
#   datatype: float64
#   format: '{:7.4f}'
#   description: Standard error of right ascension (ra_error)
#   meta: !!omap
#   - {ucd: ERROR}
#   - {width: 7}
#   - {precision: '4'}
# - name: e_DE_ICRS
#   unit: mas
#   datatype: float64
#   format: '{:7.4f}'
#   description: Standard error of declination (dec_error)
#   meta: !!omap
#   - {ucd: ERROR}
#   - {width: 7}
#   - {precision: '4'}
# - name: _r_1
#   unit: ''
#   datatype: float64
#   format: '{:7.4f}'
#   description: Distance from center (259.64860856000-32.31159502000)[ICRS], at Epoch=J2016.0
#   meta: !!omap
#   - {ucd: POS_ANG_DIST_GENERAL}
#   - {width: 7}
#   - {precision: '4'}
# - name: HIP
#   datatype: int32
#   description: '? HIP cross-id number, van Leeuwen, Cat. I/311 (hip_original_ext_source_id)'
#   meta: !!omap
#   - {ucd: ID_NUMBER}
#   - {width: 6}
#   - values: {'null': -2147483648}
# - name: TYC2
#   datatype: string
#   description: Tycho-2 cross-id name, Hog et al., Cat. I/259 (tyc2_original_ext_source_id)
#   meta: !!omap
#   - {ucd: ID_CROSSID}
#   - {_votable_string_dtype: char}
# - name: Source
#   datatype: int64
#   description: Source identifier, identical to the Gaia-EDR3 source_id (id)
#   meta: !!omap
#   - {ucd: ID_MAIN}
#   - {width: 19}
# - name: rgeo
#   unit: pc
#   datatype: float64
#   format: '{:15.8f}'
#   description: '? Median of the geometric distance posterior (r_med_geo)'
#   meta: !!omap
#   - {ucd: PHYS_DISTANCE_TRUE}
#   - {width: 15}
#   - {precision: '8'}
#   - values: {'null': .nan}
# - name: Plx
#   unit: mas
#   datatype: float64
#   format: '{:9.4f}'
#   description: '? Parallax (parallax)'
#   meta: !!omap
#   - {ucd: POS_PARLX_TRIG}
#   - {width: 9}
#   - {precision: '4'}
#   - values: {'null': .nan}
# - name: e_Plx
#   unit: mas
#   datatype: float32
#   format: '{:7.4f}'
#   description: '? Standard error of parallax (parallax_error)'
#   meta: !!omap
#   - {ucd: ERROR}
#   - {width: 7}
#   - {precision: '4'}
#   - values: {'null': .nan}
# - name: pmRA
#   unit: mas / yr
#   datatype: float64
#   format: '{:9.3f}'
#   description: '? Proper motion in right ascension direction, pmRA*cosDE (pmra)'
#   meta: !!omap
#   - {ucd: POS_EQ_PMRA}
#   - {width: 9}
#   - {precision: '3'}
#   - values: {'null': .nan}
# - name: pmDE
#   unit: mas / yr
#   datatype: float64
#   format: '{:9.3f}'
#   description: '? Proper motion in declination direction (pmdec)'
#   meta: !!omap
#   - {ucd: POS_EQ_PMDEC}
#   - {width: 9}
#   - {precision: '3'}
#   - values: {'null': .nan}
# - name: e_pmRA
#   unit: mas / yr
#   datatype: float32
#   format: '{:6.3f}'
#   description: '? Standard error of proper motion in right ascension direction (pmra_error)'
#   meta: !!omap
#   - {ucd: ERROR}
#   - {width: 6}
#   - {precision: '3'}
#   - values: {'null': .nan}
# - name: e_pmDE
[...]
#       distance: !astropy.table.SerializedColumn
#         __class__: astropy.coordinates.distances.Distance
#         unit: !astropy.units.Unit {unit: pc}
#         value: !astropy.table.SerializedColumn {name: SkyCoord.distance}
#       frame: icrs
#       obstime: !astropy.time.Time {format: jyear_str, in_subfmt: '*', jd1: 367701545.0, jd2: 0.0, out_subfmt: '*', precision: 3, scale: tt}
#       pm_dec: !astropy.table.SerializedColumn
#         __class__: astropy.units.quantity.Quantity
#         unit: !astropy.units.Unit {unit: mas / yr}
#         value: !astropy.table.SerializedColumn {name: SkyCoord.pm_dec}
#       pm_ra_cosdec: !astropy.table.SerializedColumn
#         __class__: astropy.units.quantity.Quantity
#         unit: !astropy.units.Unit {unit: mas / yr}
#         value: !astropy.table.SerializedColumn {name: SkyCoord.pm_ra_cosdec}
#       ra: !astropy.table.SerializedColumn
#         __class__: astropy.coordinates.angles.Longitude
#         unit: *id001
#         value: !astropy.table.SerializedColumn {name: SkyCoord.ra}
#         wrap_angle: !astropy.coordinates.Angle
#           unit: *id001
#           value: 360.0
#       representation_type: spherical
# schema: astropy-2.0
RA_ICRS_1 DE_ICRS_1 e_RA_ICRS e_DE_ICRS _r_1 HIP TYC2 Source rgeo Plx e_Plx pmRA pmDE e_pmRA e_pmDE RUWE Teff logg Gmag BP-RP BPmag RPmag RV e_RV b_rgeo B_rgeo FG e_FG FBP e_FBP FRP e_FRP RAVE5 RAVE6 e_Gmag e_BPmag e_RPmag e_BP-RP SkyCoord.ra SkyCoord.dec SkyCoord.distance SkyCoord.pm_ra_cosdec SkyCoord.pm_dec rmRA rmDE e_rmRA e_rmDE rRV e_rRV v_pec v_pec3d e_vpec e_vpec3d Pmemb
[from data line 61]
259.66106848957 -32.44935791279 0.0452 0.0317 8.2899 "" "" 5979490887252612992 1102.30811 0.8694 0.0491 2.026 -1.571 0.061 0.039 0.99 "" "" 15.989707 1.97567 16.97811 15.002439 "" "" 1051.40576 1157.43811 7569.44581 13.441 2208.9 16.916 7910.1 41.709 "" "" 0.0033628429666715735 0.008770352 0.0068599447 0.015630297 259.66106848957 -32.44935791279 1102.30811 2.0259999999999985 -1.5709999999999995 0.03643379306793193 0.0017951526641846183 0.27817413 0.25617415 "" "" 0.1905953320447437 "" 0.05300893684041825 "" 0.9
259.69775101108 -32.25799402517 0.046 0.0334 4.069 "" "" 5979589778931849728 1156.56787 0.8424 0.0549 2.553 -1.839 0.062 0.042 1.036 5526.3 4.6037 16.073326 1.256309 16.610363 15.354054 "" "" 1091.33154 1207.77234 7008.35897 5.3804 3099.4 13.102 5721.9 14.997 "" "" 0.002878639574429273 0.005371256 0.0047309315 0.010102187 259.69775101108 -32.25799402517 1156.56787 2.553 -1.839 0.5634337930679321 -0.2662048473358154 0.27917415 0.25917414 "" "" 3.4162200071386066 "" 0.9416216657034671 "" 0.9
259.72966442669 -32.58446667159 0.0452 0.032 16.8788 "" "" 5979440760733637632 1185.12122 0.8299 0.0507 2.337 -1.919 0.062 0.042 0.958 5127.8 4.3553 16.19075 1.430705 16.82406 15.393355 "" "" 1119.16479 1255.84216 6289.9451 3.6681 2545.6 11.871 5518.4 15.926 "" "" 0.0028271346848538037 0.0057810564 0.0049093803 0.010690437 259.72966442669 -32.58446667159 1185.12122 2.3369999999999997 -1.9190000000000007 0.3474337930679323 -0.34620484733581547 0.27917415 0.25917414 "" "" 2.7552440815456687 "" 0.7422496435914884 "" 0.8
259.70954556635 -32.2970755268 0.0616 0.0399 3.2108 "" "" 5979588846862043904 1051.40979 0.9265 0.0665 2.253 -1.272 0.087 0.052 1.21 "" "" 16.2187 2.434313 17.488012 15.0537 "" "" 974.570374 1134.53711 6130.0837 15.173 1381.1 41.548 7545.3 47.724 "" "" 0.0038488712710487228 0.032781444 0.007838573 0.040620018 259.70954556635 -32.2970755268 1051.40979 2.2530000000000023 -1.2719999999999998 0.26343379306793224 0.30079515266418455 0.30417413 0.26917416 "" "" 1.992694652726294 "" 0.567709343470707 "" 1.0
259.71638420807 -32.31916951809 0.056 0.0356 3.4666 "" "" 5979588541981173760 1063.50269 0.9191 0.0621 1.555 -1.248 0.075 0.047 0.978 8209.8 4.2045 16.22684 1.951907 17.181065 15.229157 "" "" 1007.25983 1138.13635 6084.30733 7.042 1832.3 23.393 6419.4 30.424 "" "" 0.003028352862441433 0.014139634 0.0063845254 0.02052416 259.71638420807 -32.31916951809 1063.50269 1.555 -1.2480000000000002 -0.43456620693206793 0.32479515266418457 0.29217416 0.26417413 "" "" 2.73489930364723 "" 0.7724947558856526 "" 0.9
259.61465213322 -32.42624078513 0.0532 0.0356 7.0907 "" "" 5979493949616934912 1142.27979 0.8488 0.0584 2.021 -1.622 0.073 0.044 1.046 4529.6 4.2432 16.24247 1.812 17.129744 15.317743 "" "" 1066.35376 1234.67871 5997.34706 17.433 1921.0 24.559 5916.4 56.689 "" "" 0.004189527145616944 0.014158233 0.0110684065 0.02522664 259.61465213322 -32.42624078513 1142.27979 2.0210000000000017 -1.6219999999999994 0.03143379306793204 -0.04920484733581554 0.29017413 0.26117414 "" "" 0.31613828774083746 "" 0.08532573356941767 "" 0.8
259.71400349436 -32.41856209828 0.052 0.039 7.2232 "" "" 5979491200837829248 1012.86951 0.9598 0.0568 1.987 -1.578 0.07 0.052 0.983 4363.2 4.2031 16.37156 1.758783 17.213034 15.45425 "" "" 952.378174 1068.14856 5325.04063 9.0836 1779.1 13.715 5217.4 29.878 "" "" 0.003319937387348021 0.008822705 0.007276131 0.016098835 259.71400349436 -32.41856209828 1012.86951 1.987 -1.5779999999999998 -0.0025662069320677716 -0.005204847335815499 0.28717414 0.26917416 "" "" 0.02786064377072147 "" 0.0076000367157583945 "" 0.9
259.71388331502 -32.14772618561 0.0539 0.0391 10.3753 "" "" 5979603930789075840 1113.95312 0.8786 0.06 2.391 -1.395 0.07 0.051 1.05 7375.8 4.1688 16.374868 2.214243 17.4961 15.281857 "" "" 1038.83093 1202.83936 5308.84108 10.23 1370.8 13.902 6115.3 35.232 "" "" 0.003459628545605996 0.01135903 0.0073083327 0.018667363 259.71388331502 -32.14772618561 1113.95312 2.391000000000001 -1.3949999999999994 0.40143379306793214 0.17779515266418455 0.28717414 0.26817414 "" "" 2.3182162584646973 "" 0.6587104710429074 "" 0.9
259.56538458351 -32.47021692806 0.0547 0.0379 10.4095 "" "" 5979491922392644864 1084.7561 0.9046 0.0593 1.761 -1.715 0.076 0.048 0.977 4587.2 4.2385 16.406015 2.000811 17.402851 15.402041 "" "" 1028.51184 1146.60291 5158.70527 16.685 1493.7 18.1 5474.5 58.561 "" "" 0.004463562828023407 0.013449084 0.01221363 0.025662713 259.56538458351 -32.47021692806 1084.7561 1.761 -1.7150000000000012 -0.22856620693206797 -0.1422048473358155 0.29317415 0.26517415 "" "" 1.3841201162417633 "" 0.3953553967553533 "" 0.9
259.68715238015 -32.32733641616 0.0577 0.0375 2.1706 "" "" 5979494877329910656 960.450378 1.003 0.0591 1.978 -1.655 0.087 0.05 0.973 4661.9 4.2588 16.409464 1.972349 17.39251 15.42016 "" "" 910.194214 1013.94952 5142.34156 39.696 1508.0 47.601 5383.9 150.41 "" "" 0.008822560041470128 0.03438536 0.030566756 0.06495212 259.68715238015 -32.32733641616 960.450378 1.9780000000000002 -1.6550000000000002 -0.01156620693206789 -0.08220484733581546 0.30417413 0.26717415 "" "" 0.37792658751573815 "" 0.10126204162113843 "" 0.8
259.7366735154 -32.17812080478 0.056 0.0392 9.171 "" "" 5979592081034412288 1051.02124 0.9178 0.061 2.24 -1.316 0.066 0.05 1.0 4524.6 4.2624 16.432268 1.850674 17.285515 15.434841 "" "" 975.219543 1138.59619 5035.46566 18.992 1664.2 21.405 5311.6 68.528 "" "" 0.0049356791611568605 0.014240788 0.014508602 0.028749391 259.7366735154 -32.17812080478 1051.02124 2.24 -1.3159999999999998 0.25043379306793234 0.2567951526641845 0.28317416 0.26717415 "" "" 1.7869525371491295 "" 0.4915724198100055 "" 0.9
259.46061575379 -32.42796847382 0.0531 0.039 11.8116 "" "" 5979504910376962304 1160.01868 0.8445 0.0565 2.109 -1.711 0.069 0.051 0.998 4905.8 4.2294 16.433218 2.029306 17.452389 15.423082 "" "" 1090.97205 1216.79944 5031.06317 18.304 1427.1 26.881 5369.4 54.746 "" "" 0.004816145465521924 0.020640492 0.011697456 0.03233795 259.46061575379 -32.42796847382 1160.01868 2.109 -1.711 0.11943379306793211 -0.1382048473358155 0.28617415 0.26817414 "" "" 1.0043589617392266 "" 0.2772164422588758 "" 0.9
259.52974599184 -32.273911461 0.054 0.038 6.4387 "" "" 5979508346350431104 1034.8894 0.9579 0.0592 1.932 -1.461 0.072 0.048 1.068 6337.4 4.113 16.479324 2.224488 17.614288 15.3898 "" "" 967.445618 1109.16101 4821.88531 10.34 1229.4 15.549 5536.5 28.799 "" "" 0.0036072837991584458 0.014012589 0.0067955484 0.020808138 259.52974599184 -32.273911461 1034.8894 1.9319999999999997 -1.4609999999999999 -0.05756620693206793 0.1117951526641845 0.28917414 0.26517415 "" "" 0.6168307522128698 "" 0.16677903937710004 "" 0.9
259.72298030774 -32.22783748628 0.0632 0.0453 6.2842 "" "" 5979590289971638016 1249.54639 0.7778 0.0708 1.833 -1.637 0.079 0.057 1.081 4539.5 4.2412 16.492239 2.011939 17.430773 15.418834 "" "" 1131.10889 1380.11511 4764.87326 13.315 1455.8 22.982 5390.4 55.532 "" "" 0.004098400034959082 0.0173656 0.011806527 0.029172128 259.72298030774 -32.22783748628 1249.54639 1.8330000000000009 -1.6369999999999996 -0.1565662069320679 -0.06420484733581544 0.29617414 0.27417415 "" "" 1.002261703623701 "" 0.29377176081275636 "" 0.8
259.61725807398 -32.06612047964 0.0619 0.0423 14.8143 "" "" 5979608294481277824 1074.12085 0.9262 0.0672 2.085 -1.259 0.075 0.057 0.982 4429.8 4.177 16.630516 1.822626 17.486311 15.663685 "" "" 990.091431 1151.61646 4195.08149 7.204 1383.2 15.104 4302.1 20.652 "" "" 0.003326871373171092 0.012179709 0.006438079 0.018617788 259.61725807398 -32.06612047964 1074.12085 2.085000000000001 -1.2590000000000001 0.0954337930679321 0.3137951526641847 0.29217416 0.27417415 "" "" 1.6698873678105195 "" 0.4604607850539532 "" 0.9
259.70431843242 -32.27290364882 0.0651 0.0427 3.657 "" "" 5979589710212340864 948.3797 1.0443 0.0724 2.012 -1.519 0.083 0.054 0.901 4794.4 4.2957 16.64259 2.141323 17.730507 15.589184 "" "" 887.045166 1038.23584 4148.68795 17.184 1104.6 18.098 4607.7 62.926 "" "" 0.005274105179702807 0.018006418 0.01530166 0.033308078 259.70431843242 -32.27290364882 948.3797 2.012 -1.519 0.02243379306793214 0.053795152664184664 0.30017415 0.27117413 "" "" 0.262011729979744 "" 0.0722269113500318 "" 0.9
259.54029602723 -32.36900211411 0.0577 0.0408 6.4817 "" "" 5979493846538131584 1173.52441 0.8236 0.0628 1.897 -1.704 0.076 0.052 1.026 4181.0 4.2982 16.66816 2.062269 17.693672 15.631403 "" "" 1097.74792 1262.7915 4052.12949 4.7098 1142.7 9.9044 4432.0 10.478 "" "" 0.0030305637313129737 0.009815581 0.0045686453 0.014384227 259.54029602723 -32.36900211411 1173.52441 1.8969999999999996 -1.704 -0.09256620693206785 -0.1312048473358154 0.29317415 0.26917416 "" "" 0.8931800234321767 "" 0.24775074018934948 "" 0.9
259.5561238122 -32.31687056509 0.0615 0.0426 4.7004 "" "" 5979507281198454656 1003.69623 0.9598 0.0685 1.757 -1.463 0.08 0.054 0.979 "" "" 16.739967 2.272234 17.924822 15.652588 "" "" 940.804077 1094.80603 3792.79615 10.884 923.61 16.633 4346.3 31.715 "" "" 0.004159239411847991 0.019750755 0.0087779155 0.028528672 259.5561238122 -32.31687056509 1003.69623 1.757 -1.463 -0.23256620693206798 0.10979515266418449 0.29717416 0.27117413 "" "" 1.2235433165346532 "" 0.35801811098402153 "" 0.8
259.62396855225 -32.0888718158 0.0673 0.0457 13.4218 "" "" 5979606748287906176 985.612366 0.9843 0.0731 1.737 -1.966 0.082 0.059 1.0 4427.3 4.3858 16.77547 1.440558 17.440498 15.99994 "" "" 907.406921 1076.94202 3670.77911 3.1644 1442.8 7.3455 3156.3 12.774 "" "" 0.0029099503581990053 0.0061919154 0.00579587 0.011987785 259.62396855225 -32.0888718158 985.612366 1.7369999999999988 -1.9659999999999997 -0.25256620693206777 -0.3932048473358154 0.29917413 0.27617413 "" "" 2.1832855718579594 "" 0.6180557774880389 "" 0.8
259.59116124516 -32.49015627848 0.0648 0.0429 11.1019 "" "" 5979489276692759424 1221.84753 0.7853 0.0665 1.838 -1.663 0.083 0.054 1.015 4061.8 4.0811 16.776508 2.116884 17.79893 15.682045 "" "" 1141.87598 1339.4115 3667.27399 85.3 1037.2 75.554 4230.0 257.02 "" "" 0.025403852916514938 0.079138786 0.066078834 0.14521763 259.59116124516 -32.49015627848 1221.84753 1.8380000000000005 -1.663 -0.1515662069320678 -0.09020484733581546 0.30017415 0.27117413 "" "" 1.0215037958321183 "" 0.2991641089182884 "" 0.9
259.49862374815 -32.5119593857 0.0689 0.0479 14.2212 "" "" 5979486046876397696 1129.04761 0.8682 0.0765 2.065 -1.809 0.096 0.06 1.014 4637.8 4.3076 16.799059 2.055811 17.849207 15.793396 "" "" 1041.35889 1208.80005 3591.89369 11.991 990.23 16.892 3817.7 43.097 "" "" 0.004552941994266421 0.018730195 0.012826054 0.03155625 259.49862374815 -32.5119593857 1129.04761 2.065 -1.8090000000000002 0.07543379306793208 -0.23620484733581537 0.31317413 0.27717414 "" "" 1.326991303855227 "" 0.3724863182024374 "" 0.9
259.77037966165 -32.49776417214 0.0736 0.0545 12.7602 "" "" 5979442714899295488 1091.47156 0.8846 0.0811 2.145 -1.555 0.092 0.071 0.993 3676.4 4.2145 16.999315 1.873049 17.825417 15.952368 "" "" 1010.05347 1191.88843 2986.90005 48.724 1012.2 86.608 3297.7 199.16 "" "" 0.017924182527649907 0.09294195 0.06568035 0.1586223 259.77037966165 -32.49776417214 1091.47156 2.145 -1.5549999999999993 0.15543379306793215 0.017795152664184632 0.30917415 0.28817415 "" "" 0.8094013581281271 "" 0.2500334475981079 "" 0.8
