Clusters/BH_221/BH_221_stars_in_region.tsv
# %ECSV 1.0
# ---
# datatype:
# - name: RA_ICRS_1
#   unit: deg
#   datatype: float64
#   format: '{:15.11f}'
#   description: Right ascension (ICRS) at Ep=2016.0 (ra)
#   meta: !!omap
#   - {ucd: POS_EQ_RA_MAIN}
#   - {width: 15}
#   - {precision: '11'}
# - name: DE_ICRS_1
#   unit: deg
#   datatype: float64
#   format: '{:15.11f}'
#   description: Declination (ICRS) at Ep=2016.0 (dec)
#   meta: !!omap
#   - {ucd: POS_EQ_DEC_MAIN}
#   - {width: 15}
#   - {precision: '11'}
# - name: e_RA_ICRS
#   unit: mas
#   datatype: float64
#   format: '{:7.4f}'
#   description: Standard error of right ascension (ra_error)
#   meta: !!omap
#   - {ucd: ERROR}
#   - {width: 7}
#   - {precision: '4'}
# - name: e_DE_ICRS
#   unit: mas
#   datatype: float64
#   format: '{:7.4f}'
#   description: Standard error of declination (dec_error)
#   meta: !!omap
#   - {ucd: ERROR}
#   - {width: 7}
#   - {precision: '4'}
# - name: _r_1
#   unit: ''
#   datatype: float64
#   format: '{:7.4f}'
#   description: Distance from center (259.64860856000-32.31159502000)[ICRS], at Epoch=J2016.0
#   meta: !!omap
#   - {ucd: POS_ANG_DIST_GENERAL}
#   - {width: 7}
#   - {precision: '4'}
# - name: HIP
#   datatype: int32
#   description: '? HIP cross-id number, van Leeuwen, Cat. I/311 (hip_original_ext_source_id)'
#   meta: !!omap
#   - {ucd: ID_NUMBER}
#   - {width: 6}
#   - values: {'null': -2147483648}
# - name: TYC2
#   datatype: string
#   description: Tycho-2 cross-id name, Hog et al., Cat. I/259 (tyc2_original_ext_source_id)
#   meta: !!omap
#   - {ucd: ID_CROSSID}
#   - {_votable_string_dtype: char}
# - name: Source
#   datatype: int64
#   description: Source identifier, identical to the Gaia-EDR3 source_id (id)
#   meta: !!omap
#   - {ucd: ID_MAIN}
#   - {width: 19}
# - name: rgeo
#   unit: pc
#   datatype: float64
#   format: '{:15.8f}'
#   description: '? Median of the geometric distance posterior (r_med_geo)'
#   meta: !!omap
#   - {ucd: PHYS_DISTANCE_TRUE}
#   - {width: 15}
#   - {precision: '8'}
#   - values: {'null': .nan}
# - name: Plx
#   unit: mas
#   datatype: float64
#   format: '{:9.4f}'
#   description: '? Parallax (parallax)'
#   meta: !!omap
#   - {ucd: POS_PARLX_TRIG}
#   - {width: 9}
#   - {precision: '4'}
#   - values: {'null': .nan}
# - name: e_Plx
#   unit: mas
#   datatype: float32
#   format: '{:7.4f}'
#   description: '? Standard error of parallax (parallax_error)'
#   meta: !!omap
#   - {ucd: ERROR}
#   - {width: 7}
#   - {precision: '4'}
#   - values: {'null': .nan}
# - name: pmRA
#   unit: mas / yr
#   datatype: float64
#   format: '{:9.3f}'
#   description: '? Proper motion in right ascension direction, pmRA*cosDE (pmra)'
#   meta: !!omap
#   - {ucd: POS_EQ_PMRA}
#   - {width: 9}
#   - {precision: '3'}
#   - values: {'null': .nan}
# - name: pmDE
#   unit: mas / yr
#   datatype: float64
#   format: '{:9.3f}'
#   description: '? Proper motion in declination direction (pmdec)'
#   meta: !!omap
#   - {ucd: POS_EQ_PMDEC}
#   - {width: 9}
#   - {precision: '3'}
#   - values: {'null': .nan}
# - name: e_pmRA
#   unit: mas / yr
#   datatype: float32
#   format: '{:6.3f}'
#   description: '? Standard error of proper motion in right ascension direction (pmra_error)'
#   meta: !!omap
#   - {ucd: ERROR}
#   - {width: 6}
#   - {precision: '3'}
#   - values: {'null': .nan}
# - name: e_pmDE
[...]
#         value: !astropy.table.SerializedColumn {name: SkyCoord.dec}
#       distance: !astropy.table.SerializedColumn
#         __class__: astropy.coordinates.distances.Distance
#         unit: !astropy.units.Unit {unit: pc}
#         value: !astropy.table.SerializedColumn {name: SkyCoord.distance}
#       frame: icrs
#       obstime: !astropy.time.Time {format: jyear_str, in_subfmt: '*', jd1: 367701545.0, jd2: 0.0, out_subfmt: '*', precision: 3, scale: tt}
#       pm_dec: !astropy.table.SerializedColumn
#         __class__: astropy.units.quantity.Quantity
#         unit: !astropy.units.Unit {unit: mas / yr}
#         value: !astropy.table.SerializedColumn {name: SkyCoord.pm_dec}
#       pm_ra_cosdec: !astropy.table.SerializedColumn
#         __class__: astropy.units.quantity.Quantity
#         unit: !astropy.units.Unit {unit: mas / yr}
#         value: !astropy.table.SerializedColumn {name: SkyCoord.pm_ra_cosdec}
#       ra: !astropy.table.SerializedColumn
#         __class__: astropy.coordinates.angles.Longitude
#         unit: *id001
#         value: !astropy.table.SerializedColumn {name: SkyCoord.ra}
#         wrap_angle: !astropy.coordinates.Angle
#           unit: *id001
#           value: 360.0
#       representation_type: spherical
# schema: astropy-2.0
RA_ICRS_1 DE_ICRS_1 e_RA_ICRS e_DE_ICRS _r_1 HIP TYC2 Source rgeo Plx e_Plx pmRA pmDE e_pmRA e_pmDE RUWE Teff logg Gmag BP-RP BPmag RPmag RV e_RV b_rgeo B_rgeo FG e_FG FBP e_FBP FRP e_FRP RAVE5 RAVE6 e_Gmag e_BPmag e_RPmag e_BP-RP SkyCoord.ra SkyCoord.dec SkyCoord.distance SkyCoord.pm_ra_cosdec SkyCoord.pm_dec rmRA rmDE e_rmRA e_rmDE rRV e_rRV v_pec v_pec3d e_vpec e_vpec3d
[from data line 2179]
259.35776746399 -31.9641011647 0.0513 0.0335 25.5549 "" "" 5980362804348168832 1108.63623 0.8779 0.0563 1.434 -1.228 0.067 0.044 1.082 4837.2 4.3527 16.112455 1.314577 16.648325 15.333748 "" "" 1034.62537 1183.56396 6760.27842 5.7932 2992.9 16.819 5829.9 47.341 "" "" 0.002908172565643158 0.006709143 0.009592496 0.01630164 259.35776746399 -31.9641011647 1108.63623 1.434 -1.228 -0.5555662069320679 0.3447951526641846 0.28417414 0.26117414 "" "" 3.436010793205767 "" 0.9551069112210231 ""
260.20672750766 -32.44627823296 0.1316 0.0984 29.4126 "" "" 5979528167563194112 949.648254 1.0514 0.1511 -1.308 -2.368 0.164 0.121 2.999 4693.8 3.3034 16.11253 3.268793 17.946522 14.677729 "" "" 840.248169 1074.05566 6759.81878 9.8529 905.33 13.511 10668.0 114.51 "" "" 0.00317745276142068 0.016441826 0.012251755 0.028693581 260.20672750766 -32.44627823296 949.648254 -1.3079999999999998 -2.3679999999999994 -3.2975662069320677 -0.7952048473358153 0.38117415 0.33817413 "" "" 15.268938372790009 "" 5.785976842580253 ""
258.92860928102 -32.55840684693 0.0483 0.0295 39.3532 "" "" 5980226563609829120 1065.83801 0.9039 0.0522 -8.392 -9.331 0.061 0.041 1.069 5337.6 4.6335 16.11255 1.351049 16.713049 15.361999 "" "" 1009.05975 1143.86572 6759.69038 2.9336 2819.7 7.2216 5680.1 12.324 "" "" 0.002795319623904256 0.0039392086 0.0044534313 0.008392639 258.92860928102 -32.55840684693 1065.83801 -8.392 -9.331 -10.381566206932067 -7.758204847335815 0.27817413 0.25817415 "" "" 65.47584140332216 "" 17.755536069018422 ""
260.28886200691 -32.72122856111 0.0477 0.0351 40.6618 "" "" 5979327953367556864 1162.10352 0.8432 0.0559 2.037 2.02 0.063 0.044 0.91 5514.6 4.5718 16.112585 1.510729 16.806467 15.295738 "" "" 1085.08228 1238.48315 6759.47021 3.6198 2587.2 10.791 6037.6 15.913 "" "" 0.002815998646671505 0.005319071 0.0047405274 0.010059599 260.28886200691 -32.72122856111 1162.10352 2.0370000000000026 2.0200000000000005 0.04743379306793205 3.5927951526641846 0.28017414 0.26117414 "" "" 19.79217221102898 "" 5.169271522370386 ""
259.88241125808 -31.78945115951 0.1197 0.092 33.509 "" "" 5979641520344962944 1087.09814 0.9338 0.1575 -5.533 -6.642 0.132 0.093 1.475 "" "" 16.113039 4.325723 18.83566 14.509938 145.94 3.47 909.583191 1330.25635 6756.64344 30.801 399.16 24.226 12450.0 84.658 "" "" 0.005664713558690893 0.06595503 0.00829397 0.074249 259.88241125808 -31.78945115951 1087.09814 -5.533000000000002 -6.642 -7.522566206932068 -5.069204847335816 0.34917414 0.31017414 141.41384615384615 5.229167 46.742253684098294 148.93862549215456 15.774540295250437 7.011387495771366
260.10539086674 -32.51942454888 0.0451 0.0329 26.2829 "" "" 5979521781003738368 1126.44946 0.8679 0.0511 -0.21 1.272 0.059 0.043 0.969 4936.1 4.4661 16.113966 1.314253 16.694439 15.380186 "" "" 1070.28235 1196.46716 6750.88034 3.6742 2868.4 10.354 5585.8 16.434 "" "" 0.002817973141729125 0.0048109093 0.004948493 0.009759402 260.10539086674 -32.51942454888 1126.44946 -0.21000000000000008 1.272 -2.199566206932068 2.844795152664185 0.27617413 0.26017416 "" "" 19.200179335361533 "" 5.112491321973711 ""
260.26162530565 -32.12071574188 0.0476 0.036 33.1589 "" "" 5979571087232499840 1136.16016 0.8465 0.0567 3.858 0.643 0.058 0.042 0.992 "" "" 16.114162 1.571304 16.837717 15.266413 "" "" 1071.27356 1204.33557 6749.65853 3.9104 2513.8 9.4692 6202.9 17.678 "" "" 0.002826208443026311 0.004950947 0.0048845094 0.0098354565 260.26162530565 -32.12071574188 1136.16016 3.857999999999995 0.6429999999999998 1.8684337930679322 2.2157951526641844 0.27517414 0.25917414 "" "" 15.609106359234163 "" 4.1510864138668095 ""
260.2160560241 -32.71247208868 0.0519 0.0352 37.4545 "" "" 5979514423667119360 1002.62671 0.9756 0.0566 -2.794 -8.372 0.064 0.047 1.121 4546.6 4.3429 16.114649 1.481509 16.780361 15.298852 "" "" 940.433899 1056.20142 6746.6334 5.5895 2650.2 11.145 6020.3 10.474 "" "" 0.0028984345983500827 0.005350928 0.0042251428 0.009576071 260.2160560241 -32.71247208868 1002.62671 -2.794 -8.372 -4.783566206932068 -6.799204847335815 0.28117415 0.26417413 "" "" 39.50875779751416 "" 10.664256706329658 ""
259.6386965858 -31.68381355951 0.0479 0.0371 37.6703 "" "" 5980373898165688192 1221.88831 0.7831 0.056 0.175 -2.962 0.062 0.043 0.962 5096.5 4.3259 16.117 1.452186 16.774385 15.3222 "" "" 1156.54224 1300.26843 6732.04154 3.6451 2664.8 14.46 5892.2 12.415 "" "" 0.0028173373219292077 0.006518831 0.0044178236 0.010936655 259.6386965858 -31.68381355951 1221.88831 0.17499999999999988 -2.962 -1.8145662069320678 -1.3892048473358156 0.27917415 0.26017416 "" "" 13.235817340690621 "" 3.6042128361871524 ""
259.35218388052 -31.88473453915 0.0474 0.0309 29.7147 "" "" 5980364213097646592 1086.53845 0.8857 0.0528 3.49 3.557 0.062 0.042 1.028 5341.5 4.6289 16.117704 1.220239 16.65368 15.433442 "" "" 1019.43542 1160.29956 6727.6757 3.264 2978.1 10.898 5318.4 12.758 "" "" 0.0028052203426559516 0.0048549706 0.0045899013 0.009444872 259.35218388052 -31.88473453915 1086.53845 3.49 3.557000000000001 1.5004337930679323 5.129795152664185 0.27917415 0.25917414 "" "" 27.52636829965043 "" 7.179042648483733 ""
260.288074104 -32.33532440227 0.0442 0.033 32.4537 "" "" 5979530577096864000 897.009644 1.1023 0.0518 3.18 -1.553 0.056 0.041 0.977 4938.2 4.6532 16.118032 1.389269 16.725117 15.335848 "" "" 856.105408 939.391907 6725.64686 3.7916 2788.5 13.349 5818.6 21.878 "" "" 0.0028224881261085352 0.0058991555 0.005563232 0.011462388 260.288074104 -32.33532440227 897.009644 3.18 -1.553 1.1904337930679323 0.019795152664184634 0.27317414 0.25817415 "" "" 5.062216736293626 "" 1.3828462734555014 ""
259.34155403352 -32.76152505604 0.0513 0.0369 31.1449 "" "" 5979456222618640512 1151.00208 0.8332 0.0565 -1.919 -5.044 0.062 0.043 1.027 5869.9 4.3255 16.11879 1.39353 16.753994 15.360464 "" "" 1082.55823 1232.29761 6720.95808 3.8544 2715.3 9.4649 5688.2 11.244 "" "" 0.0028247996248782618 0.0047019585 0.0043462515 0.00904821 259.34155403352 -32.76152505604 1151.00208 -1.919 -5.0440000000000005 -3.908566206932068 -3.471204847335815 0.27917415 0.26017416 "" "" 28.519617532873273 "" 7.727690029367022 ""
259.69713572633 -32.2338338227 0.0478 0.034 5.2753 "" "" 5979590358691051264 1217.1626 0.8012 0.0524 -9.152 -13.617 0.062 0.042 0.987 5186.5 4.582 16.11897 1.317517 16.686733 15.369216 "" "" 1126.67346 1309.93457 6719.83131 3.6785 2888.8 16.478 5642.5 15.25 "" "" 0.0028186933538137133 0.006792651 0.0047848257 0.011577477 259.69713572633 -32.2338338227 1217.1626 -9.152000000000005 -13.617 -11.141566206932067 -12.044204847335816 0.27917415 0.25917414 "" "" 94.65909446279403 "" 25.423710834786608 ""
260.05148949152 -32.85094729839 0.0459 0.0324 38.2377 "" "" 5979419388976427520 1077.00964 0.8915 0.0513 -0.474 -3.478 0.063 0.043 1.017 5024.3 4.2935 16.119398 1.58221 16.855669 15.273459 "" "" 1008.03687 1151.51501 6717.19274 3.773 2472.6 11.101 6162.8 20.323 "" "" 0.002822004062437795 0.0056165885 0.0052060676 0.010822656 260.05148949152 -32.85094729839 1077.00964 -0.474 -3.4780000000000006 -2.463566206932068 -1.9052048473358156 0.28017414 0.26017416 "" "" 15.898663049143796 "" 4.338123744447782 ""
260.02352056283 -32.83389532635 0.0481 0.0342 36.6253 "" "" 5979420213610162432 1141.29175 0.8529 0.0525 0.48 -4.88 0.061 0.044 1.048 5256.8 4.35 16.119595 1.445836 16.779324 15.333488 "" "" 1070.70142 1217.44238 6715.97584 4.1301 2652.7 12.631 5831.3 19.556 "" "" 0.0028350663242468948 0.005874683 0.005248021 0.011122704 260.02352056283 -32.83389532635 1141.29175 0.48000000000000065 -4.880000000000001 -1.5095662069320679 -3.3072048473358153 0.27817413 0.26117414 "" "" 19.666700711674906 "" 5.195615178145409 ""
259.86497917448 -32.43914889519 0.0525 0.0355 13.3711 "" "" 5979536963671880064 1002.92664 0.9742 0.0577 -0.389 -0.212 0.065 0.048 1.04 4530.0 4.3842 16.122179 1.5595 16.810555 15.251055 "" "" 955.678223 1063.04187 6700.00533 5.2364 2577.5 13.867 6291.2 13.007 "" "" 0.0028830264600662103 0.0064734546 0.0043957513 0.010869206 259.86497917448 -32.43914889519 1002.92664 -0.389 -0.212 -2.378566206932068 1.3607951526641846 0.28217414 0.26517415 "" "" 13.027119945720383 "" 3.622563159843471 ""
259.68554853851 -32.76184818134 0.0725 0.0504 27.0797 "" "" 5979429903055755008 1044.62939 0.9267 0.0801 6.944 -1.161 0.093 0.063 1.582 5270.0 4.6547 16.12278 1.444616 16.75218 15.307564 "" "" 968.413574 1150.07397 6696.29492 5.3898 2719.9 15.141 5972.2 14.489 "" "" 0.0028905869333528096 0.0066569685 0.0046067433 0.011263711 259.68554853851 -32.76184818134 1044.62939 6.944 -1.161 4.954433793067932 0.41179515266418454 0.31017414 0.28017414 "" "" 24.61668580669714 "" 7.630635974047052 ""
260.00438253933 -32.45414510143 0.0558 0.0374 19.9529 "" "" 5979534837704642304 1192.88464 0.8118 0.062 -4.893 -8.485 0.07 0.047 1.196 "" "" 16.123407 1.528377 16.81063 15.282253 "" "" 1112.83032 1271.30164 6692.43121 5.6878 2577.3 13.287 6113.0 15.658 "" "" 0.0029057287269874826 0.006254272 0.0046923207 0.010946592 260.00438253933 -32.45414510143 1192.88464 -4.893 -8.485 -6.882566206932068 -6.912204847335815 0.28717414 0.26417413 "" "" 55.15403492846437 "" 15.21504132164511 ""
260.25066305288 -32.35420101304 0.0429 0.0332 30.6294 "" "" 5979530508377407360 886.583191 1.1057 0.0552 -3.912 -15.01 0.055 0.041 0.943 4982.0 4.6835 16.12499 1.303701 16.708113 15.404411 "" "" 849.556946 922.501648 6682.68349 3.3902 2832.5 9.1633 5462.5 11.492 "" "" 0.002809835713533046 0.00448577 0.0044160117 0.008901782 260.25066305288 -32.35420101304 886.583191 -3.9119999999999986 -15.010000000000005 -5.901566206932068 -13.437204847335815 0.27217415 0.25817415 "" "" 61.67476961822475 "" 16.065597855872596 ""
260.40230973758 -32.07958804273 0.0512 0.0346 40.7215 "" "" 5979569987675727360 865.611023 1.1261 0.0575 2.58 -0.803 0.057 0.04 0.979 4813.2 4.4919 16.125496 1.331279 16.703545 15.372266 "" "" 824.590637 919.981323 6679.56745 6.6213 2844.5 18.309 5626.7 29.502 "" "" 0.0029580628496049454 0.00752489 0.0068330895 0.014357979 260.40230973758 -32.07958804273 865.611023 2.58 -0.8029999999999989 0.5904337930679322 0.7697951526641845 0.27417415 0.25717413 "" "" 3.980533692089591 "" 1.0492634280588076 ""
259.29000096812 -32.19692608636 0.0663 0.0431 19.4535 "" "" 5980261782343539328 1002.98059 0.983 0.0694 -3.253 -2.369 0.086 0.056 1.399 5335.8 4.6512 16.126162 1.365725 16.639389 15.273664 "" "" 931.13678 1070.38623 6675.47759 7.5807 3017.6 19.361 6161.6 33.968 "" "" 0.0030186082650731686 0.0075041153 0.007078841 0.014582956 259.29000096812 -32.19692608636 1002.98059 -3.2530000000000023 -2.368999999999999 -5.242566206932068 -0.7962048473358156 0.30317414 0.27317414 "" "" 25.20963173251532 "" 7.626683913326341 ""
259.27693225119 -32.29206917555 0.0852 0.0513 18.8858 "" "" 5979504734225378560 1170.60083 0.8281 0.0868 -3.281 0.315 0.105 0.07 1.652 4971.3 4.6111 16.12727 1.41726 16.704044 15.286784 "" "" 1048.88855 1294.47205 6668.66303 7.9026 2843.1 13.475 6087.6 18.943 "" "" 0.003040924228857295 0.0058536557 0.005069334 0.01092299 259.27693225119 -32.29206917555 1170.60083 -3.281000000000001 0.31500000000000017 -5.2705662069320685 1.8877951526641845 0.32217413 0.28717414 "" "" 31.063826182567038 "" 9.890362903750672 ""
260.14183729245 -31.96234924561 0.0487 0.0347 32.666 "" "" 5979621183737807872 849.047485 1.1484 0.0529 -1.431 -11.896 0.061 0.04 0.879 4683.9 4.4979 16.130733 1.484454 16.820015 15.335561 "" "" 819.043701 892.299377 6647.42666 3.9604 2555.1 8.1276 5820.1 11.998 "" "" 0.0028302325588365207 0.004439906 0.00439242 0.008832326 260.14183729245 -31.96234924561 849.047485 -1.4309999999999987 -11.896 -3.420566206932068 -10.323204847335816 0.27817413 0.25717413 "" "" 43.76686853915681 "" 11.349950839047631 ""
259.43688234545 -31.94069880975 0.0479 0.0325 24.7179 "" "" 5980360227367710336 865.780396 1.1414 0.0534 -2.279 0.713 0.064 0.041 1.004 5023.3 4.613 16.133703 1.367467 16.739092 15.371625 "" "" 829.171631 905.846863 6629.27162 3.9796 2752.8 11.97 5630.0 19.423 "" "" 0.0028313601772858303 0.005483967 0.005321085 0.010805052 259.43688234545 -31.94069880975 865.780396 -2.2790000000000004 0.7130000000000003 -4.268566206932068 2.2857951526641846 0.28117415 0.25817415 "" "" 19.87082945085482 "" 5.488610633356461 ""
259.61866061854 -32.72200414429 0.0472 0.0329 24.6711 "" "" 5979432789273836160 1165.11719 0.8283 0.0518 0.449 -4.725 0.064 0.04 1.007 5288.5 4.5798 16.134329 1.383722 16.749737 15.366015 "" "" 1104.64502 1246.27881 6625.44552 3.1658 2726.0 11.797 5659.2 16.664 "" "" 0.0028037356946461014 0.005464618 0.0049502333 0.010414852 259.61866061854 -32.72200414429 1165.11719 0.4489999999999999 -4.725 -1.5405662069320678 -3.152204847335815 0.28117415 0.25717413 "" "" 19.376368493801735 "" 5.0760764152989015 ""
259.68661815512 -31.89852729072 0.0531 0.0381 24.8592 "" "" 5979616373350538240 1169.23804 0.8218 0.0601 -2.959 -7.789 0.068 0.046 1.06 4828.0 4.4384 16.134624 1.396526 16.716814 15.320288 "" "" 1090.03076 1246.67969 6623.6489 3.8487 2809.9 17.908 5902.6 26.524 "" "" 0.00282662139925572 0.0074609527 0.006171481 0.0136324335 259.68661815512 -31.89852729072 1169.23804 -2.958999999999998 -7.789000000000001 -4.9485662069320675 -6.216204847335815 0.28517413 0.26317415 "" "" 44.03494800292061 "" 11.973959342922045 ""
259.59391677884 -32.41963127233 0.1698 0.11 7.0499 "" "" 5979492678306934144 1050.54126 0.9518 0.1749 -2.019 0.235 0.214 0.13 3.246 4985.6 4.704 16.135426 1.373525 16.723875 15.35035 "" "" 905.938416 1229.9928 6618.75821 11.428 2791.7 10.371 5741.4 15.561 "" "" 0.0033325766138764265 0.0049044606 0.004789899 0.00969436 259.59391677884 -32.41963127233 1050.54126 -2.0190000000000046 0.23500000000000015 -4.008566206932068 1.8077951526641844 0.43117416 0.34717414 "" "" 21.896914936675238 "" 9.156497795816174 ""
259.31930962917 -31.88274130672 0.0577 0.035 30.6961 "" "" 5980364105639677056 855.808228 1.143 0.0615 -0.357 -0.566 0.075 0.047 1.159 "" "" 16.135584 1.604942 16.865456 15.260513 "" "" 809.241638 919.381958 6617.7915 4.6929 2450.4 6.3173 6236.7 12.31 "" "" 0.002860871402438365 0.0039522178 0.004344685 0.008296903 259.31930962917 -31.88274130672 855.808228 -0.3570000000000001 -0.5659999999999993 -2.346566206932068 1.0067951526641847 0.29217416 0.26417413 "" "" 10.358071669077205 "" 2.983123468194733 ""
260.175564976 -32.82617094574 0.0612 0.0448 40.7824 "" "" 5979231887842612480 1242.49634 0.7558 0.0659 0.798 1.679 0.084 0.062 1.314 "" "" 16.136505 2.925272 17.791992 14.86672 "" "" 1164.7782 1341.47681 6612.17546 7.8582 1043.8 11.911 8963.3 27.146 "" "" 0.0030424920537656538 0.012699833 0.0050096093 0.017709441 260.175564976 -32.82617094574 1242.49634 0.7980000000000007 1.6790000000000003 -1.1915662069320678 3.251795152664185 0.30117413 0.27917415 "" "" 20.39649360447253 "" 5.749120657662302 ""
259.71074073927 -31.62005665266 0.0444 0.0331 41.6127 "" "" 5980397782567575424 937.737488 1.0477 0.0505 0.438 -0.201 0.058 0.04 1.01 4919.6 4.494 16.137154 1.3263 16.733126 15.406826 "" "" 900.732544 975.75769 6608.23054 4.4027 2768.0 11.949 5450.4 20.182 "" "" 0.0028486923361056788 0.0054545845 0.0055178497 0.010972435 259.71074073927 -31.62005665266 937.737488 0.438 -0.20100000000000004 -1.551566206932068 1.3717951526641845 0.27517414 0.25717413 "" "" 9.205486332057363 "" 2.461787154868849 ""
259.29917112315 -31.80685453116 0.0462 0.0297 35.1123 "" "" 5980376616883087488 1168.27405 0.8346 0.0508 -0.945 -3.772 0.059 0.042 0.998 5396.1 4.5982 16.13815 1.356729 16.748169 15.391439 "" "" 1091.10791 1249.2666 6602.17074 4.9045 2729.9 9.8855 5528.2 15.138 "" "" 0.002870943280168181 0.004821101 0.004808641 0.009629742 259.29917112315 -31.80685453116 1168.27405 -0.9449999999999996 -3.772 -2.9345662069320677 -2.1992048473358152 0.27617413 0.25917414 "" "" 20.3074242141366 "" 5.486729952474734 ""
