Clusters/BH_221/BH_221_stars_in_region.tsv
# %ECSV 1.0
# ---
# datatype:
# - name: RA_ICRS_1
#   unit: deg
#   datatype: float64
#   format: '{:15.11f}'
#   description: Right ascension (ICRS) at Ep=2016.0 (ra)
#   meta: !!omap
#   - {ucd: POS_EQ_RA_MAIN}
#   - {width: 15}
#   - {precision: '11'}
# - name: DE_ICRS_1
#   unit: deg
#   datatype: float64
#   format: '{:15.11f}'
#   description: Declination (ICRS) at Ep=2016.0 (dec)
#   meta: !!omap
#   - {ucd: POS_EQ_DEC_MAIN}
#   - {width: 15}
#   - {precision: '11'}
# - name: e_RA_ICRS
#   unit: mas
#   datatype: float64
#   format: '{:7.4f}'
#   description: Standard error of right ascension (ra_error)
#   meta: !!omap
#   - {ucd: ERROR}
#   - {width: 7}
#   - {precision: '4'}
# - name: e_DE_ICRS
#   unit: mas
#   datatype: float64
#   format: '{:7.4f}'
#   description: Standard error of declination (dec_error)
#   meta: !!omap
#   - {ucd: ERROR}
#   - {width: 7}
#   - {precision: '4'}
# - name: _r_1
#   unit: ''
#   datatype: float64
#   format: '{:7.4f}'
#   description: Distance from center (259.64860856000-32.31159502000)[ICRS], at Epoch=J2016.0
#   meta: !!omap
#   - {ucd: POS_ANG_DIST_GENERAL}
#   - {width: 7}
#   - {precision: '4'}
# - name: HIP
#   datatype: int32
#   description: '? HIP cross-id number, van Leeuwen, Cat. I/311 (hip_original_ext_source_id)'
#   meta: !!omap
#   - {ucd: ID_NUMBER}
#   - {width: 6}
#   - values: {'null': -2147483648}
# - name: TYC2
#   datatype: string
#   description: Tycho-2 cross-id name, Hog et al., Cat. I/259 (tyc2_original_ext_source_id)
#   meta: !!omap
#   - {ucd: ID_CROSSID}
#   - {_votable_string_dtype: char}
# - name: Source
#   datatype: int64
#   description: Source identifier, identical to the Gaia-EDR3 source_id (id)
#   meta: !!omap
#   - {ucd: ID_MAIN}
#   - {width: 19}
# - name: rgeo
#   unit: pc
#   datatype: float64
#   format: '{:15.8f}'
#   description: '? Median of the geometric distance posterior (r_med_geo)'
#   meta: !!omap
#   - {ucd: PHYS_DISTANCE_TRUE}
#   - {width: 15}
#   - {precision: '8'}
#   - values: {'null': .nan}
# - name: Plx
#   unit: mas
#   datatype: float64
#   format: '{:9.4f}'
#   description: '? Parallax (parallax)'
#   meta: !!omap
#   - {ucd: POS_PARLX_TRIG}
#   - {width: 9}
#   - {precision: '4'}
#   - values: {'null': .nan}
# - name: e_Plx
#   unit: mas
#   datatype: float32
#   format: '{:7.4f}'
#   description: '? Standard error of parallax (parallax_error)'
#   meta: !!omap
#   - {ucd: ERROR}
#   - {width: 7}
#   - {precision: '4'}
#   - values: {'null': .nan}
# - name: pmRA
#   unit: mas / yr
#   datatype: float64
#   format: '{:9.3f}'
#   description: '? Proper motion in right ascension direction, pmRA*cosDE (pmra)'
#   meta: !!omap
#   - {ucd: POS_EQ_PMRA}
#   - {width: 9}
#   - {precision: '3'}
#   - values: {'null': .nan}
# - name: pmDE
#   unit: mas / yr
#   datatype: float64
#   format: '{:9.3f}'
#   description: '? Proper motion in declination direction (pmdec)'
#   meta: !!omap
#   - {ucd: POS_EQ_PMDEC}
#   - {width: 9}
#   - {precision: '3'}
#   - values: {'null': .nan}
# - name: e_pmRA
#   unit: mas / yr
#   datatype: float32
#   format: '{:6.3f}'
#   description: '? Standard error of proper motion in right ascension direction (pmra_error)'
#   meta: !!omap
#   - {ucd: ERROR}
#   - {width: 6}
#   - {precision: '3'}
#   - values: {'null': .nan}
# - name: e_pmDE
[...]
#         value: !astropy.table.SerializedColumn {name: SkyCoord.dec}
#       distance: !astropy.table.SerializedColumn
#         __class__: astropy.coordinates.distances.Distance
#         unit: !astropy.units.Unit {unit: pc}
#         value: !astropy.table.SerializedColumn {name: SkyCoord.distance}
#       frame: icrs
#       obstime: !astropy.time.Time {format: jyear_str, in_subfmt: '*', jd1: 367701545.0, jd2: 0.0, out_subfmt: '*', precision: 3, scale: tt}
#       pm_dec: !astropy.table.SerializedColumn
#         __class__: astropy.units.quantity.Quantity
#         unit: !astropy.units.Unit {unit: mas / yr}
#         value: !astropy.table.SerializedColumn {name: SkyCoord.pm_dec}
#       pm_ra_cosdec: !astropy.table.SerializedColumn
#         __class__: astropy.units.quantity.Quantity
#         unit: !astropy.units.Unit {unit: mas / yr}
#         value: !astropy.table.SerializedColumn {name: SkyCoord.pm_ra_cosdec}
#       ra: !astropy.table.SerializedColumn
#         __class__: astropy.coordinates.angles.Longitude
#         unit: *id001
#         value: !astropy.table.SerializedColumn {name: SkyCoord.ra}
#         wrap_angle: !astropy.coordinates.Angle
#           unit: *id001
#           value: 360.0
#       representation_type: spherical
# schema: astropy-2.0
RA_ICRS_1 DE_ICRS_1 e_RA_ICRS e_DE_ICRS _r_1 HIP TYC2 Source rgeo Plx e_Plx pmRA pmDE e_pmRA e_pmDE RUWE Teff logg Gmag BP-RP BPmag RPmag RV e_RV b_rgeo B_rgeo FG e_FG FBP e_FBP FRP e_FRP RAVE5 RAVE6 e_Gmag e_BPmag e_RPmag e_BP-RP SkyCoord.ra SkyCoord.dec SkyCoord.distance SkyCoord.pm_ra_cosdec SkyCoord.pm_dec rmRA rmDE e_rmRA e_rmDE rRV e_rRV v_pec v_pec3d e_vpec e_vpec3d
[from data line 2084]
259.31931937893 -31.91209314631 0.0603 0.0389 29.2338 "" "" 5980363899496890624 1203.01917 0.824 0.0732 -2.41 -2.009 0.082 0.054 1.349 5131.1 4.5683 16.015522 1.323351 16.597519 15.274168 "" "" 1120.401 1318.00818 7391.59187 5.1225 3136.2 16.032 6158.7 10.452 "" "" 0.002856211818190926 0.006212062 0.0042046355 0.010416698 259.31931937893 -31.91209314631 1203.01917 -2.41 -2.009 -4.399566206932068 -0.4362048473358153 0.29917413 0.27117413 "" "" 25.210700846623844 "" 7.535836635735341 ""
259.20449154901 -32.16372377477 0.0477 0.0293 24.2225 "" "" 5980262817522633728 1027.74243 0.9514 0.0513 -11.39 3.748 0.062 0.042 1.111 5298.8 4.6019 16.015795 1.294309 16.542612 15.248303 "" "" 978.008972 1077.27356 7389.73472 3.8622 3298.9 15.899 6307.2 56.433 "" "" 0.002813146422743872 0.0059301 0.01042379 0.01635389 259.20449154901 -32.16372377477 1027.74243 -11.39 3.748000000000001 -13.379566206932068 5.320795152664185 0.27917415 0.25917414 "" "" 70.143438954183 "" 19.396650044169437 ""
259.91129716883 -32.8524884878 0.0639 0.0457 35.0659 "" "" 5979421446217482496 982.191528 0.9872 0.0694 -1.936 -5.271 0.079 0.055 1.468 4959.0 4.5036 16.017872 1.352992 16.59612 15.243129 "" "" 923.413818 1054.28345 7375.60714 8.2424 3140.3 11.681 6337.3 15.161 "" "" 0.003010642423695817 0.004908718 0.0045859017 0.009494619 259.91129716883 -32.8524884878 982.191528 -1.936 -5.271 -3.925566206932068 -3.6982048473358153 0.29617414 0.27217415 "" "" 25.108595294963493 "" 7.159489301292198 ""
260.258318065 -32.68964523999 0.047 0.0337 38.294 "" "" 5979515905487978368 923.682678 1.0677 0.0577 -1.541 -7.984 0.058 0.043 1.112 5065.7 4.452 16.01807 1.391688 16.613895 15.222207 "" "" 864.590027 976.725952 7374.26459 4.971 3089.3 7.6903 6460.6 13.989 "" "" 0.002850870249658104 0.0038845798 0.0044509056 0.008335485 260.258318065 -32.68964523999 923.682678 -1.541 -7.984 -3.530566206932068 -6.411204847335815 0.27517414 0.26017416 "" "" 32.04465957179732 "" 8.451480569078239 ""
259.37342717254 -31.8552230833 0.0456 0.0307 30.7488 "" "" 5980364590973091584 1188.42725 0.8168 0.0516 -5.825 -1.654 0.06 0.041 1.034 6005.6 4.4627 16.02342 1.359428 16.581165 15.221738 "" "" 1113.46558 1259.35254 7338.01074 4.5611 3183.8 10.721 6463.4 24.203 "" "" 0.0028367638877659597 0.0045991144 0.005550984 0.010150098 259.37342717254 -31.8552230833 1188.42725 -5.825000000000002 -1.653999999999999 -7.814566206932068 -0.08120484733581534 0.27717414 0.25817415 "" "" 44.02296251172066 "" 12.201939778000632 ""
259.67628780755 -31.96703606159 0.0467 0.0339 20.7213 "" "" 5979609295264995840 897.051758 1.0772 0.0544 0.633 0.406 0.057 0.042 0.92 5042.5 4.6013 16.023846 1.385294 16.637543 15.252249 "" "" 854.868286 937.926819 7335.13893 3.6591 3022.7 11.528 6284.3 17.211 "" "" 0.002808048362991322 0.0049931146 0.0048089144 0.009802029 259.67628780755 -31.96703606159 897.051758 0.6330000000000005 0.40599999999999986 -1.3565662069320679 1.9787951526641847 0.27417415 0.25917414 "" "" 10.201230101669797 "" 2.69376343009696 ""
259.1714016823 -32.52910783311 0.0483 0.0322 27.4681 "" "" 5979477010263330560 874.564453 1.101 0.0545 2.02 0.704 0.061 0.043 1.164 5160.4 4.6294 16.023855 1.38655 16.64204 15.25549 "" "" 836.847412 922.570129 7335.07425 4.4317 3010.2 11.496 6265.6 13.443 "" "" 0.0028323308883064675 0.0049978034 0.0044396142 0.009437418 259.1714016823 -32.52910783311 874.564453 2.02 0.704 0.030433793067932147 2.2767951526641843 0.27817413 0.26017416 "" "" 9.439150626545242 "" 2.4558544424452204 ""
259.84778949181 -32.70946855386 0.0423 0.0299 25.9125 "" "" 5979435160096163072 1199.75647 0.8036 0.0462 -1.266 -8.049 0.053 0.038 0.908 4972.2 4.3314 16.025265 1.478063 16.697193 15.219131 "" "" 1137.10718 1282.64771 7325.55913 3.4007 2861.1 11.318 6479.0 10.777 "" "" 0.0028010409414209506 0.005121707 0.004188712 0.009310419 259.84778949181 -32.70946855386 1199.75647 -1.2659999999999998 -8.049 -3.255566206932068 -6.476204847335815 0.27017415 0.25517413 "" "" 41.22078241117299 "" 10.646099250194055 ""
259.52832186229 -32.01202496587 0.0593 0.0373 18.9842 "" "" 5980358779879944320 1211.69019 0.8106 0.0656 3.824 -5.237 0.073 0.044 0.939 5611.2 4.6515 16.026577 1.279517 16.577759 15.298242 "" "" 1133.66174 1307.04724 7316.70705 4.2727 3193.8 9.2546 6023.7 15.175 "" "" 0.0028273283665242797 0.0042051245 0.0046653044 0.008870428 259.52832186229 -32.01202496587 1211.69019 3.824 -5.237 1.834433793067932 -3.6642048473358155 0.29017413 0.26117414 "" "" 23.53505707745165 "" 6.289466596781253 ""
259.06590362753 -32.63187910269 0.0457 0.0285 35.2039 "" "" 5979474738174095360 1207.07764 0.7996 0.0547 3.52 1.251 0.061 0.04 0.986 6105.5 4.4507 16.02699 1.343337 16.614758 15.27142 "" "" 1139.63599 1296.81885 7313.92187 3.0281 3086.8 11.34 6174.3 11.598 "" "" 0.0027917473271584234 0.0048677092 0.004294556 0.009162266 259.06590362753 -32.63187910269 1207.07764 3.5199999999999996 1.2509999999999997 1.5304337930679321 2.8237951526641845 0.27817413 0.25717413 "" "" 18.376812983963323 "" 4.81637543388638 ""
260.10627023762 -32.54832960164 0.0431 0.0308 27.1835 "" "" 5979521433071678976 896.3703 1.0946 0.0504 1.211 -8.813 0.056 0.04 0.978 4631.3 4.4319 16.027023 1.389933 16.639221 15.249289 "" "" 863.654968 928.746704 7313.71092 3.3602 3018.1 11.298 6301.5 32.391 "" "" 0.002800110660600386 0.004929916 0.0067401957 0.011670112 260.10627023762 -32.54832960164 896.3703 1.2109999999999985 -8.813000000000013 -0.7785662069320678 -7.240204847335816 0.27317414 0.25717413 "" "" 30.93949562797593 "" 7.962670764289375 ""
259.67920927875 -32.35528567394 0.0518 0.036 3.0461 "" "" 5979494632464384512 1116.08118 0.8761 0.0569 -6.546 -8.739 0.069 0.045 1.063 5254.2 4.6302 16.02903 1.372742 16.609234 15.236492 "" "" 1030.23389 1191.79309 7300.20291 5.9327 3102.6 15.862 6376.2 29.688 "" "" 0.002893152966920312 0.0062126126 0.0063118427 0.012524456 259.67920927875 -32.35528567394 1116.08118 -6.546 -8.739 -8.535566206932067 -7.166204847335816 0.28617415 0.26217413 "" "" 58.959402804639716 "" 16.30251683164031 ""
258.99047872803 -32.52637770175 0.0462 0.0292 35.7379 "" "" 5980226945857255552 1157.30322 0.8426 0.0538 -6.774 -5.895 0.056 0.042 1.017 "" "" 16.031933 "" "" "" "" "" 1095.78699 1238.67468 7280.70708 6.14 "" "" "" "" "" "" 0.0029034745082701656 "" "" "" 258.99047872803 -32.52637770175 1157.30322 -6.774000000000001 -5.8950000000000005 -8.763566206932069 -4.322204847335815 0.27317414 0.25917414 "" "" 53.602522464804935 "" 14.499052885919493 ""
259.80812097205 -31.87421969981 0.1283 0.0891 27.4666 "" "" 5979617124930491904 981.734314 1.0183 0.153 7.699 -2.923 0.148 0.101 2.376 "" "" 16.032455 1.743532 16.65861 14.915077 "" "" 858.394653 1155.81909 7277.20429 19.681 2964.6 32.374 8572.9 80.651 "" "" 0.004026649283907637 0.012180327 0.01089103 0.023071356 259.80812097205 -31.87421969981 981.734314 7.6990000000000105 -2.922999999999999 5.709433793067932 -1.3502048473358155 0.36517414 0.31817415 "" "" 27.301221717689497 "" 9.905908699018367 ""
259.03424563829 -32.53060527344 0.079 0.0488 33.777 "" "" 5979477727471398144 844.909912 1.1567 0.0947 2.567 0.744 0.097 0.069 1.689 7658.2 4.1358 16.032467 1.69183 16.81435 15.12252 "" "" 780.562195 909.779358 7277.13372 6.7751 2568.5 11.243 7081.9 27.085 "" "" 0.0029348890930022175 0.005511062 0.005614845 0.011125907 259.03424563829 -32.53060527344 844.909912 2.566999999999999 0.744 0.5774337930679323 2.3167951526641843 0.31417415 0.28617415 "" "" 9.562316363113991 "" 2.752864278237336 ""
259.35734855956 -32.14469571008 0.0496 0.0331 17.8555 "" "" 5980263637771755008 1116.17712 0.8554 0.0537 -4.991 -8.218 0.063 0.042 0.935 5179.4 4.6004 16.033772 1.276309 16.535378 15.259068 "" "" 1058.86182 1165.95483 7268.39426 4.71 3321.0 36.234 6245.0 50.5 "" "" 0.0028437297352107327 0.012170157 0.009558667 0.021728825 259.35734855956 -32.14469571008 1116.17712 -4.990999999999998 -8.218000000000002 -6.9805662069320675 -6.645204847335815 0.28017414 0.25917414 "" "" 50.99047380508401 "" 13.787525029181225 ""
259.02250470452 -32.50213954749 0.0467 0.0285 33.7134 "" "" 5980228389054424192 1171.66663 0.8231 0.0549 -3.712 -1.627 0.058 0.04 0.965 4914.0 4.4303 16.033806 1.336427 16.610733 15.274306 "" "" 1098.04224 1259.25403 7268.16102 3.0632 3098.3 7.4176 6157.9 14.68 "" "" 0.002793058652785148 0.003813352 0.0045807334 0.008394085 259.02250470452 -32.50213954749 1171.66663 -3.7120000000000015 -1.627 -5.701566206932068 -0.05420484733581543 0.27517414 0.25717413 "" "" 31.666218203213575 "" 8.713674562170057 ""
258.93475434957 -32.47976929417 0.047 0.0288 37.5465 "" "" 5980228011010608512 1055.65576 0.9237 0.0542 -9.566 -4.11 0.059 0.042 1.033 5144.9 4.4197 16.035078 1.540527 16.72495 15.184423 "" "" 998.909668 1114.05981 7259.65049 3.147 2788.9 18.337 6689.4 22.705 "" "" 0.002795229551208079 0.0076646074 0.0052786623 0.01294327 258.93475434957 -32.47976929417 1055.65576 -9.566000000000011 -4.109999999999999 -11.555566206932069 -2.5372048473358157 0.27617413 0.25917414 "" "" 59.19920121463554 "" 16.304365094702916 ""
259.91066672137 -32.59947189269 0.1335 0.0947 21.7801 "" "" 5979438389911341568 895.489075 1.0911 0.1471 -8.972 -5.14 0.174 0.118 2.447 5400.1 3.1518 16.035912 3.482551 18.026165 14.543614 0.07 5.79 799.949097 1019.7005 7254.07293 23.385 841.3 8.5614 12070.0 44.158 "" "" 0.004454486550435798 0.011395735 0.005482861 0.016878596 259.91066672137 -32.59947189269 895.489075 -8.972 -5.14 -10.961566206932067 -3.567204847335815 0.39117414 0.33517414 -4.456153846153845 7.5491667 48.92939975044025 49.13189867121943 18.894734739125738 18.829312296563057
259.16932614013 -32.42381402296 0.0491 0.0307 25.2049 "" "" 5979501817998573184 1230.81628 0.773 0.052 -2.932 -4.071 0.058 0.04 1.0 4964.0 4.3622 16.040562 1.300056 16.608973 15.308916 "" "" 1166.9021 1303.03833 7223.06815 3.6279 3103.3 11.339 5964.7 12.583 "" "" 0.002808767012387561 0.00485006 0.004419261 0.009269321 259.16932614013 -32.42381402296 1230.81628 -2.932 -4.071 -4.921566206932068 -2.498204847335815 0.27517414 0.25717413 "" "" 32.200067219830345 "" 8.745010342118068 ""
259.78141923686 -32.25771474628 0.0536 0.0328 7.4723 "" "" 5979589224819484032 1139.68591 0.8542 0.0569 -3.595 0.002 0.076 0.044 0.981 "" "" 16.040766 1.523691 16.738668 15.214977 "" "" 1067.44666 1213.01221 7221.72005 5.0627 2753.9 10.749 6503.8 16.749 "" "" 0.0028585183038132944 0.0050738845 0.0047012405 0.0097751245 259.78141923686 -32.25771474628 1139.68591 -3.595000000000001 0.0020000000000002594 -5.5845662069320685 1.5747951526641846 0.29317415 0.26117414 "" "" 31.34498374305733 "" 9.11941849978282 ""
259.61876792082 -32.99210831338 0.0442 0.0314 40.8586 "" "" 5979390458073690368 1133.07617 0.849 0.0468 6.855 -4.059 0.054 0.038 0.964 5639.1 4.5542 16.0419 1.383304 16.62865 15.245347 "" "" 1083.61548 1202.46899 7214.17135 4.0023 3047.6 15.583 6324.4 73.337 "" "" 0.0028203922670425262 0.006213309 0.013145097 0.019358406 259.61876792082 -32.99210831338 1133.07617 6.854999999999995 -4.058999999999999 4.8654337930679326 -2.4862048473358156 0.27117413 0.25517413 "" "" 29.345143843024925 "" 7.862731046355747 ""
259.1496150791 -32.40105205452 0.0952 0.0575 25.8543 "" "" 5979502466503672064 859.192444 1.1605 0.1035 -3.058 -5.179 0.113 0.081 1.99 4733.5 4.3753 16.043316 1.496641 16.61387 15.117229 "" "" 789.450195 928.067322 7204.77076 6.3913 3089.4 18.249 7116.5 49.034 "" "" 0.002918808808296579 0.006994064 0.008381404 0.015375468 259.1496150791 -32.40105205452 859.192444 -3.058 -5.179 -5.047566206932068 -3.6062048473358157 0.33017415 0.29817414 "" "" 25.263947404370125 "" 8.077355166030351 ""
259.05326049068 -32.48648812663 0.0476 0.03 31.9338 "" "" 5980228526493364608 1147.79041 0.8413 0.0506 -4.168 -8.159 0.06 0.042 0.991 5443.4 4.6707 16.04474 1.310231 16.608822 15.298591 "" "" 1102.1001 1207.46326 7195.32182 3.623 3103.8 8.8382 6021.7 10.2 "" "" 0.0028090320561679123 0.004164556 0.004203096 0.008367652 259.05326049068 -32.48648812663 1147.79041 -4.168 -8.159 -6.157566206932068 -6.586204847335816 0.27717414 0.25917414 "" "" 49.053434616984696 "" 13.132586977538393 ""
259.99210388292 -32.59942829606 0.0445 0.0344 24.5089 "" "" 5979531298651276928 1124.7749 0.857 0.0507 1.586 -3.155 0.06 0.044 1.034 5088.8 4.3888 16.046856 1.28514 16.616674 15.331534 "" "" 1053.80273 1215.60107 7181.32376 3.4116 3081.4 10.44 5841.8 11.823 "" "" 0.0028031829832523875 0.00461701 0.004371751 0.00898876 259.99210388292 -32.59942829606 1124.7749 1.5860000000000003 -3.1549999999999985 -0.4035662069320678 -1.5822048473358152 0.27717414 0.26117414 "" "" 8.705493661123878 "" 2.2824019401426368 ""
260.05017886785 -31.87492606083 0.0454 0.0324 33.213 "" "" 5979625543071665152 895.102295 1.0901 0.052 -16.557 0.849 0.058 0.039 0.978 4837.3 4.4442 16.04749 1.36604 16.638456 15.272416 "" "" 859.812744 938.339844 7177.13552 4.4319 3020.2 15.741 6168.7 15.225 "" "" 0.0028357160946995245 0.006309244 0.004632988 0.010942232 260.05017886785 -31.87492606083 895.102295 -16.557 0.849 -18.546566206932066 2.4217951526641848 0.27517414 0.25617415 "" "" 79.35711571536197 "" 21.812607081423455 ""
259.72670715391 -32.48886339957 0.0689 0.0494 11.3481 "" "" 5979489684661667712 1098.47339 0.8788 0.0775 0.028 -2.626 0.093 0.068 1.171 "" "" 16.048115 1.561164 16.603794 15.04263 "" "" 1011.13074 1218.20422 7172.99894 7.0907 3118.2 11.231 7622.7 92.455 "" "" 0.0029569777292308723 0.004803906 0.013700392 0.0185043 259.72670715391 -32.48886339957 1098.47339 0.027999999999999997 -2.626 -1.9615662069320678 -1.0532048473358153 0.31017414 0.28517413 "" "" 11.5924857965608 "" 3.5329023975815588 ""
259.78417407334 -31.69539401943 0.0472 0.0332 37.61 "" "" 5980393590679409280 1059.96423 0.9245 0.0537 3.115 -2.612 0.064 0.042 1.035 5411.4 4.6587 16.048655 1.376044 16.64659 15.270545 "" "" 1007.33673 1115.85791 7169.43833 4.4846 2997.7 10.713 6179.3 9.1104 "" "" 0.002837785781995252 0.0047791763 0.004104402 0.008883579 259.78417407334 -31.69539401943 1059.96423 3.115 -2.612 1.1254337930679323 -1.0392048473358155 0.28117415 0.25917414 "" "" 7.696340380650669 "" 2.0877927019577847 ""
259.65731147393 -32.62142578282 0.0515 0.0376 18.5951 "" "" 5979440314057032960 1207.54285 0.8005 0.059 -2.475 -1.949 0.065 0.043 1.209 4950.7 4.329 16.05115 1.322065 16.622385 15.30032 "" "" 1132.29333 1287.52283 7152.98399 4.008 3065.2 8.3533 6012.2 20.593 "" "" 0.002821683583652754 0.0040669236 0.0053022346 0.009369158 259.65731147393 -32.62142578282 1207.54285 -2.475 -1.9490000000000003 -4.4645662069320675 -0.3762048473358155 0.28217414 0.26017416 "" "" 25.644637856991114 "" 7.232429952573003 ""
259.44642727322 -32.21690455465 0.0496 0.0338 11.7261 "" "" 5979511782324460544 1116.56116 0.8597 0.0516 6.946 -1.471 0.061 0.04 0.907 4985.7 4.4438 16.051495 1.337277 16.625074 15.287797 "" "" 1043.21765 1191.948 7150.71045 3.565 3057.6 12.999 6081.9 38.507 "" "" 0.0028079869155637712 0.0053936355 0.007844674 0.01323831 259.44642727322 -32.21690455465 1116.56116 6.9460000000000015 -1.4710000000000003 4.956433793067932 0.10179515266418449 0.27817413 0.25717413 "" "" 26.237457190684058 "" 7.29835833530013 ""
259.13834280346 -32.65028424794 0.0433 0.0294 32.8629 "" "" 5979472990173803776 899.824829 1.0687 0.0509 1.593 -1.47 0.055 0.038 0.948 4531.3 4.2882 16.052017 1.657494 16.825897 15.168404 "" "" 862.128723 944.598938 7147.26831 10.241 2541.3 17.427 6788.9 43.453 "" "" 0.0031641744818083476 0.007951086 0.007910581 0.015861668 259.13834280346 -32.65028424794 899.824829 1.5929999999999993 -1.47 -0.3965662069320679 0.1027951526641846 0.27217415 0.25517413 "" "" 1.7473229515479407 "" 0.47376085522181133 ""
