Clusters/BH_221/BH_221_members.tsv
# %ECSV 1.0
# ---
# datatype:
# - name: RA_ICRS_1
#   unit: deg
#   datatype: float64
#   format: '{:15.11f}'
#   description: Right ascension (ICRS) at Ep=2016.0 (ra)
#   meta: !!omap
#   - {ucd: POS_EQ_RA_MAIN}
#   - {width: 15}
#   - {precision: '11'}
# - name: DE_ICRS_1
#   unit: deg
#   datatype: float64
#   format: '{:15.11f}'
#   description: Declination (ICRS) at Ep=2016.0 (dec)
#   meta: !!omap
#   - {ucd: POS_EQ_DEC_MAIN}
#   - {width: 15}
#   - {precision: '11'}
# - name: e_RA_ICRS
#   unit: mas
#   datatype: float64
#   format: '{:7.4f}'
#   description: Standard error of right ascension (ra_error)
#   meta: !!omap
#   - {ucd: ERROR}
#   - {width: 7}
#   - {precision: '4'}
# - name: e_DE_ICRS
#   unit: mas
#   datatype: float64
#   format: '{:7.4f}'
#   description: Standard error of declination (dec_error)
#   meta: !!omap
#   - {ucd: ERROR}
#   - {width: 7}
#   - {precision: '4'}
# - name: _r_1
#   unit: ''
#   datatype: float64
#   format: '{:7.4f}'
#   description: Distance from center (259.64860856000-32.31159502000)[ICRS], at Epoch=J2016.0
#   meta: !!omap
#   - {ucd: POS_ANG_DIST_GENERAL}
#   - {width: 7}
#   - {precision: '4'}
# - name: HIP
#   datatype: int32
#   description: '? HIP cross-id number, van Leeuwen, Cat. I/311 (hip_original_ext_source_id)'
#   meta: !!omap
#   - {ucd: ID_NUMBER}
#   - {width: 6}
#   - values: {'null': -2147483648}
# - name: TYC2
#   datatype: string
#   description: Tycho-2 cross-id name, Hog et al., Cat. I/259 (tyc2_original_ext_source_id)
#   meta: !!omap
#   - {ucd: ID_CROSSID}
#   - {_votable_string_dtype: char}
# - name: Source
#   datatype: int64
#   description: Source identifier, identical to the Gaia-EDR3 source_id (id)
#   meta: !!omap
#   - {ucd: ID_MAIN}
#   - {width: 19}
# - name: rgeo
#   unit: pc
#   datatype: float64
#   format: '{:15.8f}'
#   description: '? Median of the geometric distance posterior (r_med_geo)'
#   meta: !!omap
#   - {ucd: PHYS_DISTANCE_TRUE}
#   - {width: 15}
#   - {precision: '8'}
#   - values: {'null': .nan}
# - name: Plx
#   unit: mas
#   datatype: float64
#   format: '{:9.4f}'
#   description: '? Parallax (parallax)'
#   meta: !!omap
#   - {ucd: POS_PARLX_TRIG}
#   - {width: 9}
#   - {precision: '4'}
#   - values: {'null': .nan}
# - name: e_Plx
#   unit: mas
#   datatype: float32
#   format: '{:7.4f}'
#   description: '? Standard error of parallax (parallax_error)'
#   meta: !!omap
#   - {ucd: ERROR}
#   - {width: 7}
#   - {precision: '4'}
#   - values: {'null': .nan}
# - name: pmRA
#   unit: mas / yr
#   datatype: float64
#   format: '{:9.3f}'
#   description: '? Proper motion in right ascension direction, pmRA*cosDE (pmra)'
#   meta: !!omap
#   - {ucd: POS_EQ_PMRA}
#   - {width: 9}
#   - {precision: '3'}
#   - values: {'null': .nan}
# - name: pmDE
#   unit: mas / yr
#   datatype: float64
#   format: '{:9.3f}'
#   description: '? Proper motion in declination direction (pmdec)'
#   meta: !!omap
#   - {ucd: POS_EQ_PMDEC}
#   - {width: 9}
#   - {precision: '3'}
#   - values: {'null': .nan}
# - name: e_pmRA
#   unit: mas / yr
#   datatype: float32
#   format: '{:6.3f}'
#   description: '? Standard error of proper motion in right ascension direction (pmra_error)'
#   meta: !!omap
#   - {ucd: ERROR}
#   - {width: 6}
#   - {precision: '3'}
#   - values: {'null': .nan}
# - name: e_pmDE
[...]
#       distance: !astropy.table.SerializedColumn
#         __class__: astropy.coordinates.distances.Distance
#         unit: !astropy.units.Unit {unit: pc}
#         value: !astropy.table.SerializedColumn {name: SkyCoord.distance}
#       frame: icrs
#       obstime: !astropy.time.Time {format: jyear_str, in_subfmt: '*', jd1: 367701545.0, jd2: 0.0, out_subfmt: '*', precision: 3, scale: tt}
#       pm_dec: !astropy.table.SerializedColumn
#         __class__: astropy.units.quantity.Quantity
#         unit: !astropy.units.Unit {unit: mas / yr}
#         value: !astropy.table.SerializedColumn {name: SkyCoord.pm_dec}
#       pm_ra_cosdec: !astropy.table.SerializedColumn
#         __class__: astropy.units.quantity.Quantity
#         unit: !astropy.units.Unit {unit: mas / yr}
#         value: !astropy.table.SerializedColumn {name: SkyCoord.pm_ra_cosdec}
#       ra: !astropy.table.SerializedColumn
#         __class__: astropy.coordinates.angles.Longitude
#         unit: *id001
#         value: !astropy.table.SerializedColumn {name: SkyCoord.ra}
#         wrap_angle: !astropy.coordinates.Angle
#           unit: *id001
#           value: 360.0
#       representation_type: spherical
# schema: astropy-2.0
RA_ICRS_1 DE_ICRS_1 e_RA_ICRS e_DE_ICRS _r_1 HIP TYC2 Source rgeo Plx e_Plx pmRA pmDE e_pmRA e_pmDE RUWE Teff logg Gmag BP-RP BPmag RPmag RV e_RV b_rgeo B_rgeo FG e_FG FBP e_FBP FRP e_FRP RAVE5 RAVE6 e_Gmag e_BPmag e_RPmag e_BP-RP SkyCoord.ra SkyCoord.dec SkyCoord.distance SkyCoord.pm_ra_cosdec SkyCoord.pm_dec rmRA rmDE e_rmRA e_rmDE rRV e_rRV v_pec v_pec3d e_vpec e_vpec3d Pmemb
[from data line 31]
259.43842668534 -32.32548654158 0.0191 0.0135 10.6899 "" "" 5979506594004280448 1061.08899 0.8995 0.0215 1.742 -1.604 0.027 0.017 0.829 5887.1 3.6656 14.05692 1.355949 14.650983 13.295033 -7.69 8.09 1041.54407 1084.71289 44892.99475 50.624 18838.0 81.701 38119.0 104.34 "" "" 0.0030150951477912013 0.0054734377 0.004807899 0.0102813365 259.43842668534 -32.32548654158 1061.08899 1.7420000000000007 -1.6040000000000003 -0.24756620693206788 -0.031204847335815522 0.24417414 0.23417415 -12.216153846153846 9.849167 1.2550018515782504 12.280449683963704 0.30624668111117886 9.797650305492796 0.9
259.64168712103 -32.11144367661 0.0211 0.0143 12.0142 "" "" 5979603728987146368 1056.31201 0.8964 0.0238 1.928 -1.377 0.027 0.019 0.889 "" "" 14.067021 1.027725 14.483802 13.456077 "" "" 1033.77954 1081.95703 44477.26129 17.906 21973.0 30.506 32865.0 45.586 "" "" 0.002789775866658805 0.0031713115 0.004068382 0.007239694 259.64168712103 -32.11144367661 1056.31201 1.928 -1.377 -0.061566206932067935 0.19579515266418457 0.24417414 0.23617414 "" "" 1.0276527549381724 "" 0.24345609196267692 "" 0.9
259.82623713683 -32.06014730042 0.0197 0.0144 17.5776 "" "" 5979610566576497280 1084.89819 0.8848 0.0229 1.904 -1.343 0.025 0.018 1.026 6003.7 3.9718 14.07145 1.278425 14.620035 13.34161 "" "" 1059.78821 1112.24426 44296.21696 34.077 19382.0 51.741 36519.0 96.372 "" "" 0.002879138775180205 0.004023165 0.0047426946 0.0087658595 259.82623713683 -32.06014730042 1084.89819 1.904 -1.343 -0.08556620693206796 0.2297951526641846 0.24217415 0.23517415 "" "" 1.2609663441168495 "" 0.2976354993955728 "" 0.8
259.63768939943 -32.27999503771 0.0203 0.0152 1.9752 "" "" 5979495972494443392 1052.7229 0.9111 0.0238 1.999 -1.44 0.027 0.019 0.958 5532.6 4.0227 14.20174 1.565042 14.897756 13.332713 "" "" 1028.78845 1082.11426 39287.16662 94.494 15008.0 118.11 36819.0 256.03 "" "" 0.003796226958195081 0.00898855 0.0084430585 0.01743161 259.63768939943 -32.27999503771 1052.7229 1.9990000000000012 -1.4400000000000004 0.009433793067932239 0.13279515266418462 0.24417414 0.23617414 "" "" 0.6643053612138489 "" 0.15691888038671284 "" 1.0
259.64002312594 -32.26454386023 0.0202 0.0146 2.8565 "" "" 5979589882011131392 1021.69238 0.9351 0.0222 1.933 -1.571 0.026 0.019 0.938 5574.1 3.8311 14.257404 1.422072 14.893391 13.471318 29.26 9.32 1003.1781 1044.63184 37323.73333 52.129 15068.0 85.326 32406.0 120.05 "" "" 0.0031450452866386793 0.0067517236 0.0055192052 0.012270929 259.64002312594 -32.26454386023 1021.69238 1.9329999999999998 -1.571 -0.05656620693206782 0.0017951526641846183 0.24317414 0.23617414 24.733846153846155 11.079166 0.27407797757353164 24.73536464861436 0.06664677276753996 11.078486291091194 1.0
259.7213037601 -32.24331255922 0.0245 0.0175 5.5122 "" "" 5979590122529228544 1093.23572 0.8678 0.0262 2.152 -1.517 0.031 0.022 1.135 5152.9 3.5363 14.259855 1.550535 14.957828 13.407293 125.1 8.84 1069.32935 1118.50293 37239.57602 62.489 14200.0 100.2 34375.0 201.74 "" "" 0.0033031935538253413 0.008153581 0.0074084895 0.0155620705 259.7213037601 -32.24331255922 1093.23572 2.152 -1.5169999999999997 0.16243379306793226 0.055795152664184666 0.24817415 0.23917414 120.57384615384615 10.599167 0.8899943194414449 120.57713077619653 0.22004200023083118 10.598878264347977 1.0
259.8017186773 -32.29139393583 0.023 0.0164 7.859 "" "" 5979586102439716096 1044.73669 0.9179 0.0254 1.738 -1.617 0.031 0.023 0.989 5491.9 3.6584 14.302126 1.449504 14.956562 13.507058 3.42 6.22 1012.54315 1073.12158 35817.57923 63.106 14216.0 92.471 31357.0 170.08 "" "" 0.0033542636206107656 0.0075935875 0.0069974484 0.014591036 259.8017186773 -32.29139393583 1044.73669 1.7379999999999993 -1.617 -0.2515662069320679 -0.04420484733581542 0.24817415 0.24017414 -1.1061538461538456 7.9791665 1.2648555088987132 1.6803082424818276 0.31360609729552347 5.258020220191338 1.0
259.40082282074 -32.37924428721 0.0232 0.0164 13.1999 "" "" 5979506044248404736 1036.55579 0.9122 0.0258 1.935 -1.805 0.032 0.021 0.897 5635.8 3.8688 14.429642 1.237839 14.958424 13.720585 3.99 9.56 1011.20361 1062.41577 31848.57627 27.541 14192.0 47.968 25759.0 61.264 "" "" 0.002910893486843168 0.004609973 0.0045773154 0.009187289 259.40082282074 -32.37924428721 1036.55579 1.935 -1.805 -0.05456620693206782 -0.23220484733581537 0.24917415 0.23817414 -0.5361538461538453 11.319167 1.171963365270941 1.2887820127091898 0.2798207292790491 4.715823847539843 1.0
259.44151276629 -32.1863257329 0.025 0.017 12.9201 "" "" 5979512740047071872 1037.49268 0.9226 0.027 1.876 -1.324 0.031 0.021 0.932 5490.1 3.7961 14.463211 1.286647 15.024852 13.738205 86.86 13.66 1009.21973 1072.51196 30878.94305 87.011 13350.0 134.74 25344.0 193.97 "" "" 0.0041172452906214465 0.011307847 0.009128763 0.020436611 259.44151276629 -32.1863257329 1037.49268 1.876 -1.3239999999999998 -0.11356620693206798 0.2487951526641845 0.24817415 0.23817414 82.33384615384615 15.419167 1.344941743855405 82.34483038284536 0.32268945431290696 15.417110656000151 0.8
259.49861284879 -32.48592720828 0.0305 0.0197 12.9287 "" "" 5979492021121729408 1085.45837 0.8885 0.0344 1.82 -1.728 0.036 0.022 0.924 "" "" 14.699797 1.485414 15.359764 13.874351 "" "" 1048.82605 1122.255 24832.94271 43.841 9806.4 71.909 22357.0 114.96 "" "" 0.003356472488058834 0.008436316 0.006741822 0.015178138 259.49861284879 -32.48592720828 1085.45837 1.8200000000000014 -1.7279999999999998 -0.1695662069320678 -0.1552048473358154 0.25317413 0.23917414 "" "" 1.1827093407297558 "" 0.29199968303675317 "" 0.9
259.5952221531 -32.40581093411 0.0444 0.0279 6.2671 "" "" 5979494224495181952 1059.06604 0.8995 0.058 2.057 -1.7 0.059 0.036 1.105 5044.0 4.1709 14.973298 1.576008 15.64632 14.070312 "" "" 997.751282 1128.3031 19303.12689 39.934 7531.6 195.46 18665.0 214.51 "" "" 0.0035548550662392593 0.028314821 0.013037767 0.04135259 259.5952221531 -32.40581093411 1059.06604 2.057 -1.6999999999999995 0.06743379306793207 -0.12720484733581539 0.27617413 0.25317413 "" "" 0.7227434518812924 "" 0.18675339268714916 "" 1.0
259.88570544717 -32.12168673873 0.0293 0.0208 16.5738 "" "" 5979597647312730240 1023.02161 0.9368 0.035 1.613 -1.14 0.042 0.028 1.064 6665.6 3.9067 15.000953 1.871581 15.918739 14.047158 7.29 11.92 983.504639 1058.72937 18817.65827 20.976 5860.3 25.269 19068.0 59.004 "" "" 0.003009408062713752 0.005449977 0.005056809 0.010506786 259.88570544717 -32.12168673873 1023.02161 1.6130000000000007 -1.14 -0.3765662069320679 0.43279515266418467 0.25917414 0.24517414 2.7638461538461545 13.679167 2.781865730165331 3.9214311804236055 0.6990879547627525 9.65389839899161 0.8
259.77214612787 -32.38292350309 0.028 0.0209 7.5848 "" "" 5979585174726709888 940.719971 1.0176 0.0307 1.98 -1.638 0.038 0.027 1.031 5106.8 4.1757 15.024926 1.434466 15.661273 14.226807 -175.63 9.62 913.844666 967.056458 18406.72069 25.451 7428.6 42.159 16160.0 49.792 "" "" 0.0031377600460340423 0.006764084 0.0050472906 0.011811375 259.77214612787 -32.38292350309 940.719971 1.9800000000000002 -1.638 -0.009566206932067889 -0.06520484733581533 0.25517413 0.24417414 -180.15615384615384 11.379167 0.2938616018154948 180.15639351208182 0.07182301293290945 11.379151465741199 0.8
259.62361290015 -32.44528914993 0.0379 0.027 8.121 "" "" 5979492399081117568 1130.38269 0.8441 0.0446 2.055 -1.74 0.052 0.034 1.317 5394.3 3.8731 15.033413 1.600001 15.774043 14.174042 45.46 12.37 1081.79553 1183.97583 18263.39299 17.551 6695.8 30.178 16965.0 49.249 "" "" 0.0029462590297963088 0.005632991 0.004921178 0.010554168 259.62361290015 -32.44528914993 1130.38269 2.0550000000000015 -1.7400000000000002 0.06543379306793229 -0.16720484733581542 0.26917416 0.25117415 40.933846153846154 14.129167 0.9620439343523607 40.9451497674434 0.24401114463571325 14.125267166897965 1.0
259.77515487004 -32.25085010117 0.0333 0.0221 7.3817 "" "" 5979589435334394240 1080.64233 0.8743 0.0378 2.206 -1.398 0.044 0.029 0.933 7154.8 3.6318 15.215485 2.166273 16.332186 14.165913 -59.52 11.08 1029.74097 1148.67456 15443.75163 21.799 4004.4 22.113 17092.0 74.67 "" "" 0.0031528443904033513 0.0066130613 0.006064842 0.012677903 259.77515487004 -32.25085010117 1080.64233 2.206 -1.398 0.2164337930679321 0.17479515266418466 0.26117414 0.24617414 -64.04615384615384 12.839167 1.4250240381895125 64.06200524487681 0.36389128611603944 12.835992290929639 0.9
259.91956413505 -32.32053134686 0.0322 0.0225 13.7497 "" "" 5979586377317514368 1056.80798 0.9084 0.0393 2.053 -1.607 0.041 0.03 0.984 "" "" 15.234252 1.638768 15.993952 14.355184 "" "" 1007.99762 1101.00549 15179.09994 5.8713 5468.1 12.935 14358.0 31.33 "" "" 0.0027871418288232916 0.0037922913 0.004460555 0.008252846 259.91956413505 -32.32053134686 1056.80798 2.053 -1.6070000000000007 0.06343379306793206 -0.034204847335815414 0.25817415 0.24717414 "" "" 0.36100878968497735 "" 0.09232350454825765 "" 0.9
259.72267166149 -32.24208629748 0.0332 0.024 5.6133 "" "" 5979590122529228928 989.960876 0.9702 0.0355 2.045 -1.359 0.043 0.029 0.937 5066.1 3.7881 15.298649 1.556101 16.01418 14.458078 "" "" 956.837158 1029.7179 14304.97509 23.68 5367.2 36.685 13060.0 64.381 "" "" 0.0032896886751271606 0.007928237 0.0065521463 0.014480384 259.72267166149 -32.24208629748 989.960876 2.045 -1.358999999999999 0.05543379306793206 0.21379515266418458 0.26017416 0.24617414 "" "" 1.036389337968676 "" 0.2560705230199189 "" 1.0
259.84077611697 -32.05821817501 0.0302 0.0229 18.065 "" "" 5979598849903662080 1100.90967 0.8771 0.0349 2.216 -1.203 0.041 0.031 1.02 5311.7 4.1648 15.327702 1.660742 16.080574 14.419832 "" "" 1061.25952 1141.56873 13927.27714 20.042 5048.8 30.629 13528.0 92.126 "" "" 0.0031674849560744864 0.0071533127 0.008303814 0.015457126 259.84077611697 -32.05821817501 1100.90967 2.216 -1.2029999999999994 0.22643379306793232 0.3697951526641845 0.25817415 0.24817415 "" "" 2.262730761246787 "" 0.567811050434198 "" 0.8
259.84631302213 -32.256143712 0.0347 0.0247 10.566 "" "" 5979587747350728192 1043.06226 0.9142 0.0413 1.983 -1.726 0.047 0.034 0.945 4759.3 4.1509 15.395002 1.695201 16.196367 14.501166 "" "" 990.113586 1092.99536 13090.18865 39.347 4538.1 40.136 12551.0 104.18 "" "" 0.00427112806537803 0.009999652 0.009772578 0.019772232 259.84631302213 -32.256143712 1043.06226 1.983 -1.726 -0.006566206932067775 -0.1532048473358154 0.26417413 0.25117415 "" "" 0.758157770927515 "" 0.19044817317288354 "" 0.9
259.57245683635 -32.37454664343 0.0494 0.0359 5.4007 "" "" 5979495049128645248 990.924377 0.952 0.0581 1.742 -1.633 0.065 0.044 1.485 4658.7 4.1765 15.526732 1.678197 16.286171 14.607974 "" "" 934.306335 1056.0459 11594.55245 16.041 4177.8 33.069 11375.0 60.418 "" "" 0.0031381720944346284 0.009035635 0.006894953 0.015930587 259.57245683635 -32.37454664343 990.924377 1.742 -1.633 -0.24756620693206788 -0.06020484733581544 0.28217414 0.26117414 "" "" 1.1967043516580467 "" 0.33632528075477497 "" 0.8
259.68128296456 -32.49669630583 0.0422 0.0276 11.2287 "" "" 5979488348979785728 1053.25061 0.9044 0.0445 1.959 -1.797 0.056 0.035 0.938 4641.5 4.1158 15.549255 1.762111 16.399185 14.637074 "" "" 1000.05603 1094.427 11356.50564 110.06 3764.8 124.61 11075.0 271.62 "" "" 0.010877029300905219 0.036044613 0.0268951 0.06293971 259.68128296456 -32.49669630583 1053.25061 1.9589999999999999 -1.7970000000000006 -0.030566206932067796 -0.22420484733581536 0.27317414 0.25217414 "" "" 1.129676190833372 "" 0.2853256697319838 "" 1.0
259.51201730821 -32.51303609634 0.041 0.0283 13.9266 "" "" 5979486076886877568 966.029785 1.0061 0.0453 2.099 -1.546 0.055 0.036 1.094 4923.5 4.1791 15.602188 1.627665 16.340685 14.713019 "" "" 929.520691 1008.02319 10816.11553 23.268 3973.2 33.883 10326.0 74.64 "" "" 0.0036120849569237904 0.009670304 0.008710694 0.018380998 259.51201730821 -32.51303609634 966.029785 2.099 -1.546 0.10943379306793233 0.02679515266418453 0.27217415 0.25317413 "" "" 0.5158976826145547 "" 0.13987791900512853 "" 1.0
259.69789384898 -32.17557893735 0.0455 0.033 8.5356 "" "" 5979602354597308544 1048.56274 0.9145 0.0508 2.119 -1.231 0.057 0.042 1.294 4863.4 4.2853 15.651112 1.492893 16.332779 14.839886 "" "" 1000.07251 1115.29333 10339.55896 7.6987 4002.3 16.336 9187.6 23.738 "" "" 0.002871470048463773 0.0052368036 0.004706694 0.009943497 259.69789384898 -32.17557893735 1048.56274 2.1190000000000007 -1.2310000000000003 0.12943379306793235 0.3417951526641845 0.27417415 0.25917414 "" "" 1.8165136245956048 "" 0.47429659711344846 "" 0.8
259.54991159536 -32.46104965062 0.0398 0.0282 10.2674 "" "" 5979492128551096064 984.141296 0.9828 0.0484 1.894 -1.615 0.05 0.035 1.026 "" "" 15.665408 1.673797 16.267788 14.593991 "" "" 936.17395 1052.69763 10204.31051 385.37 4249.1 450.51 11523.0 1065.6 "" "" 0.041095743756359424 0.115148775 0.10047556 0.21562433 259.54991159536 -32.46104965062 984.141296 1.8939999999999997 -1.6150000000000007 -0.09556620693206797 -0.04220484733581542 0.26717415 0.25217414 "" "" 0.4873385172974344 "" 0.1290394911193549 "" 0.9
259.80459644796 -32.41097925661 0.0376 0.0266 9.9024 "" "" 5979584143934516736 1057.80688 0.9238 0.0414 2.289 -1.825 0.048 0.035 0.941 4842.8 4.1756 15.669213 1.686239 16.475721 14.789482 "" "" 1002.82233 1101.16785 10168.60443 31.166 3508.6 40.503 9624.2 74.724 "" "" 0.004320343730542185 0.012840462 0.009238294 0.022078756 259.80459644796 -32.41097925661 1057.80688 2.2890000000000015 -1.8249999999999997 0.2994337930679323 -0.2522048473358154 0.26517415 0.25217414 "" "" 1.962954830722532 "" 0.5100895335498701 "" 0.8
259.59803127937 -32.39557169643 0.0428 0.0311 5.6533 "" "" 5979494224494878976 1032.00098 0.9222 0.047 2.072 -1.679 0.059 0.039 1.098 4609.4 4.1718 15.699033 1.753811 16.456186 14.702375 "" "" 996.390381 1082.08972 9893.12719 23.724 3572.3 52.503 10428.0 133.51 "" "" 0.003790865176816391 0.016199436 0.014405331 0.030604767 259.59803127937 -32.39557169643 1032.00098 2.072 -1.6790000000000003 0.08243379306793219 -0.10620484733581548 0.27617413 0.25617415 "" "" 0.6576505681698388 "" 0.1735350080661944 "" 1.0
259.77039318148 -32.18297912779 0.0373 0.0265 9.8865 "" "" 5979591943595405440 1047.5835 0.9074 0.0424 1.918 -1.46 0.048 0.035 0.997 7433.7 3.872 15.718045 1.733012 16.53382 14.800807 "" "" 1004.1142 1103.43579 9721.39787 7.3182 3325.7 15.732 9524.4 22.316 "" "" 0.0028739911574512684 0.0058449605 0.0045557925 0.0104007535 259.77039318148 -32.18297912779 1047.5835 1.9179999999999986 -1.46 -0.07156620693206794 0.1127951526641846 0.26517415 0.25217414 "" "" 0.6633134427902742 "" 0.1697903103017185 "" 0.9
259.76380887205 -32.1898470306 0.0385 0.0282 9.3559 "" "" 5979591840516186368 997.007935 0.9633 0.0441 2.179 -1.547 0.049 0.036 0.967 "" "" 15.769528 1.996044 16.747522 14.751478 "" "" 950.906372 1044.34192 9271.1899 12.204 2731.5 20.803 9967.1 32.098 "" "" 0.0031039303207825923 0.00872698 0.0051487125 0.013875692 259.76380887205 -32.1898470306 997.007935 2.1789999999999985 -1.547 0.18943379306793195 0.02579515266418464 0.26617414 0.25317413 "" "" 0.9034911975818162 "" 0.24027730053162621 "" 1.0
259.64096426134 -32.37600653465 0.0401 0.0272 3.8841 "" "" 5979494323227338880 1111.26074 0.8533 0.0456 2.071 -1.487 0.055 0.034 1.006 5537.2 3.7442 15.792668 1.754581 16.612633 14.858052 "" "" 1066.66211 1172.55298 9075.68241 15.252 3092.9 23.939 9035.2 37.799 "" "" 0.0033046963930972225 0.008854673 0.0059089223 0.014763596 259.64096426134 -32.37600653465 1111.26074 2.071 -1.487 0.0814337930679323 0.08579515266418447 0.27217415 0.25117415 "" "" 0.6230722580931325 "" 0.16283201256008933 "" 1.0
