Clusters/BH_221/BH_221_stars_in_region.tsv
# %ECSV 1.0
# ---
# datatype:
# - name: RA_ICRS_1
#   unit: deg
#   datatype: float64
#   format: '{:15.11f}'
#   description: Right ascension (ICRS) at Ep=2016.0 (ra)
#   meta: !!omap
#   - {ucd: POS_EQ_RA_MAIN}
#   - {width: 15}
#   - {precision: '11'}
# - name: DE_ICRS_1
#   unit: deg
#   datatype: float64
#   format: '{:15.11f}'
#   description: Declination (ICRS) at Ep=2016.0 (dec)
#   meta: !!omap
#   - {ucd: POS_EQ_DEC_MAIN}
#   - {width: 15}
#   - {precision: '11'}
# - name: e_RA_ICRS
#   unit: mas
#   datatype: float64
#   format: '{:7.4f}'
#   description: Standard error of right ascension (ra_error)
#   meta: !!omap
#   - {ucd: ERROR}
#   - {width: 7}
#   - {precision: '4'}
# - name: e_DE_ICRS
#   unit: mas
#   datatype: float64
#   format: '{:7.4f}'
#   description: Standard error of declination (dec_error)
#   meta: !!omap
#   - {ucd: ERROR}
#   - {width: 7}
#   - {precision: '4'}
# - name: _r_1
#   unit: ''
#   datatype: float64
#   format: '{:7.4f}'
#   description: Distance from center (259.64860856000-32.31159502000)[ICRS], at Epoch=J2016.0
#   meta: !!omap
#   - {ucd: POS_ANG_DIST_GENERAL}
#   - {width: 7}
#   - {precision: '4'}
# - name: HIP
#   datatype: int32
#   description: '? HIP cross-id number, van Leeuwen, Cat. I/311 (hip_original_ext_source_id)'
#   meta: !!omap
#   - {ucd: ID_NUMBER}
#   - {width: 6}
#   - values: {'null': -2147483648}
# - name: TYC2
#   datatype: string
#   description: Tycho-2 cross-id name, Hog et al., Cat. I/259 (tyc2_original_ext_source_id)
#   meta: !!omap
#   - {ucd: ID_CROSSID}
#   - {_votable_string_dtype: char}
# - name: Source
#   datatype: int64
#   description: Source identifier, identical to the Gaia-EDR3 source_id (id)
#   meta: !!omap
#   - {ucd: ID_MAIN}
#   - {width: 19}
# - name: rgeo
#   unit: pc
#   datatype: float64
#   format: '{:15.8f}'
#   description: '? Median of the geometric distance posterior (r_med_geo)'
#   meta: !!omap
#   - {ucd: PHYS_DISTANCE_TRUE}
#   - {width: 15}
#   - {precision: '8'}
#   - values: {'null': .nan}
# - name: Plx
#   unit: mas
#   datatype: float64
#   format: '{:9.4f}'
#   description: '? Parallax (parallax)'
#   meta: !!omap
#   - {ucd: POS_PARLX_TRIG}
#   - {width: 9}
#   - {precision: '4'}
#   - values: {'null': .nan}
# - name: e_Plx
#   unit: mas
#   datatype: float32
#   format: '{:7.4f}'
#   description: '? Standard error of parallax (parallax_error)'
#   meta: !!omap
#   - {ucd: ERROR}
#   - {width: 7}
#   - {precision: '4'}
#   - values: {'null': .nan}
# - name: pmRA
#   unit: mas / yr
#   datatype: float64
#   format: '{:9.3f}'
#   description: '? Proper motion in right ascension direction, pmRA*cosDE (pmra)'
#   meta: !!omap
#   - {ucd: POS_EQ_PMRA}
#   - {width: 9}
#   - {precision: '3'}
#   - values: {'null': .nan}
# - name: pmDE
#   unit: mas / yr
#   datatype: float64
#   format: '{:9.3f}'
#   description: '? Proper motion in declination direction (pmdec)'
#   meta: !!omap
#   - {ucd: POS_EQ_PMDEC}
#   - {width: 9}
#   - {precision: '3'}
#   - values: {'null': .nan}
# - name: e_pmRA
#   unit: mas / yr
#   datatype: float32
#   format: '{:6.3f}'
#   description: '? Standard error of proper motion in right ascension direction (pmra_error)'
#   meta: !!omap
#   - {ucd: ERROR}
#   - {width: 6}
#   - {precision: '3'}
#   - values: {'null': .nan}
# - name: e_pmDE
[...]
#         value: !astropy.table.SerializedColumn {name: SkyCoord.dec}
#       distance: !astropy.table.SerializedColumn
#         __class__: astropy.coordinates.distances.Distance
#         unit: !astropy.units.Unit {unit: pc}
#         value: !astropy.table.SerializedColumn {name: SkyCoord.distance}
#       frame: icrs
#       obstime: !astropy.time.Time {format: jyear_str, in_subfmt: '*', jd1: 367701545.0, jd2: 0.0, out_subfmt: '*', precision: 3, scale: tt}
#       pm_dec: !astropy.table.SerializedColumn
#         __class__: astropy.units.quantity.Quantity
#         unit: !astropy.units.Unit {unit: mas / yr}
#         value: !astropy.table.SerializedColumn {name: SkyCoord.pm_dec}
#       pm_ra_cosdec: !astropy.table.SerializedColumn
#         __class__: astropy.units.quantity.Quantity
#         unit: !astropy.units.Unit {unit: mas / yr}
#         value: !astropy.table.SerializedColumn {name: SkyCoord.pm_ra_cosdec}
#       ra: !astropy.table.SerializedColumn
#         __class__: astropy.coordinates.angles.Longitude
#         unit: *id001
#         value: !astropy.table.SerializedColumn {name: SkyCoord.ra}
#         wrap_angle: !astropy.coordinates.Angle
#           unit: *id001
#           value: 360.0
#       representation_type: spherical
# schema: astropy-2.0
RA_ICRS_1 DE_ICRS_1 e_RA_ICRS e_DE_ICRS _r_1 HIP TYC2 Source rgeo Plx e_Plx pmRA pmDE e_pmRA e_pmDE RUWE Teff logg Gmag BP-RP BPmag RPmag RV e_RV b_rgeo B_rgeo FG e_FG FBP e_FBP FRP e_FRP RAVE5 RAVE6 e_Gmag e_BPmag e_RPmag e_BP-RP SkyCoord.ra SkyCoord.dec SkyCoord.distance SkyCoord.pm_ra_cosdec SkyCoord.pm_dec rmRA rmDE e_rmRA e_rmDE rRV e_rRV v_pec v_pec3d e_vpec e_vpec3d
[from data line 233]
259.63939491521 -32.66338227561 0.0167 0.011 21.1124 "" "" 5979434163663835648 955.391968 1.0135 0.0191 -1.549 -4.587 0.02 0.013 0.784 "" "" 12.993663 0.759508 13.290175 12.530667 "" "" 934.613892 972.379578 119531.32071 39.611 65970.0 48.187 77071.0 53.939 "" "" 0.002778712614841591 0.0029006891 0.0038550126 0.0067557017 259.63939491521 -32.66338227561 955.391968 -1.549 -4.587 -3.538566206932068 -3.014204847335815 0.23717414 0.23017414 "" "" 21.05018777285296 "" 4.931137221025345 ""
259.3494758061 -32.28041790511 0.0161 0.012 15.2863 "" "" 5979510506662662016 1134.42529 0.8466 0.0194 -4.514 2.53 0.021 0.014 0.779 "" "" 12.996374 1.346052 13.594115 12.248063 "" "" 1105.70374 1165.17053 119233.16799 31.985 49862.0 43.89 99985.0 103.29 "" "" 0.002770671210412705 0.0029493058 0.003942305 0.006891611 259.3494758061 -32.28041790511 1134.42529 -4.513999999999999 2.5300000000000002 -6.503566206932068 4.102795152664184 0.23817414 0.23117414 "" "" 41.34810549726924 "" 9.766526052435164 ""
259.50376964709 -31.67918988224 0.017 0.0125 38.6534 "" "" 5980385065080671616 1077.9729 0.8922 0.0204 1.933 -1.414 0.021 0.015 0.839 8201.2 4.2679 12.996823 0.605291 13.221163 12.615871 "" "" 1058.46423 1096.96973 119183.88421 43.218 70299.0 92.483 71254.0 111.42 "" "" 0.002783306195619308 0.0031345263 0.004143204 0.0072777304 259.50376964709 -31.67918988224 1077.9729 1.9330000000000027 -1.4140000000000001 -0.05656620693206782 0.15879515266418465 0.23817414 0.23217414 "" "" 0.8613206850662715 "" 0.200564977792266 ""
259.51074191155 -32.79947514804 0.0157 0.0107 30.0917 "" "" 5979431410541932032 1151.39819 0.8351 0.0175 -2.336 -6.903 0.02 0.013 0.891 5020.8 3.0242 13.008857 1.761293 13.861551 12.100258 -42.54 1.56 1131.95435 1173.13818 117870.1892 21.111 38976.0 38.115 114570.0 62.188 "" "" 0.002762173762997127 0.0029853585 0.0038250543 0.0068104127 259.51074191155 -32.79947514804 1151.39819 -2.3360000000000003 -6.9030000000000005 -4.325566206932068 -5.330204847335815 0.23717414 0.23017414 -47.066153846153846 3.3191667 37.46398140872084 60.15623609288403 8.72831335996815 6.024274910255578
259.46196216568 -32.551359154 0.0164 0.011 17.2132 "" "" 5979485531480125440 1167.6875 0.8266 0.018 3.382 -5.878 0.022 0.014 0.914 6246.3 3.5892 13.025954 1.311102 13.603085 12.291983 3.84 2.79 1142.10864 1193.00708 116028.61463 26.379 49452.0 40.191 96021.0 98.805 "" "" 0.002766354993270472 0.0029263785 0.003941053 0.0068674316 259.46196216568 -32.551359154 1167.6875 3.3819999999999997 -5.878 1.3924337930679322 -4.3052048473358155 0.23917414 0.23117414 -0.6861538461538457 4.5491667 25.043943946443832 25.053341802905503 5.808781915742808 5.807939474228504
259.94801076512 -32.21084859023 0.0168 0.0118 16.3494 "" "" 5979593210547148032 875.662781 1.1087 0.0184 -1.254 -5.098 0.023 0.015 0.835 6569.3 3.9155 13.02849 0.863646 13.372416 12.50877 "" "" 862.730652 891.119568 115757.95316 32.25 61158.0 50.748 78641.0 57.615 "" "" 0.0027718741501603886 0.002932016 0.0038621835 0.0067941993 259.94801076512 -32.21084859023 875.662781 -1.254 -5.097999999999999 -3.243566206932068 -3.5252048473358153 0.24017414 0.23217414 "" "" 19.88317226025624 "" 4.689953901556226 ""
260.2565637584 -32.12783920074 0.0155 0.0123 32.7705 "" "" 5979571048515896192 1098.26294 0.871 0.0199 -0.072 1.669 0.019 0.014 0.752 "" "" 13.034415 0.814695 13.354224 12.539529 "" "" 1079.37683 1120.68457 115127.87056 32.555 62191.0 50.238 76445.0 29.166 "" "" 0.0027723723524861552 0.0029247703 0.0038020154 0.0067267856 260.2565637584 -32.12783920074 1098.26294 -0.07200000000000004 1.669 -2.061566206932068 3.2417951526641846 0.23617414 0.23117414 "" "" 19.99942082837735 "" 4.652364218908135 ""
260.33595995034 -32.6873869806 0.0297 0.0206 41.4512 "" "" 5979328434403938816 1132.00952 0.8521 0.0335 3.606 2.304 0.041 0.026 1.751 "" "" 13.035636 1.896305 13.970246 12.073941 -23.7 2.36 1097.74097 1167.93408 114998.57883 25.731 35263.0 33.451 117380.0 51.152 "" "" 0.002766009108965162 0.002974195 0.0038088833 0.0067830784 260.33595995034 -32.6873869806 1132.00952 3.605999999999999 2.304 1.616433793067932 3.8767951526641844 0.25817415 0.24317414 -28.226153846153846 4.1191664 22.537577810159124 36.120052249349285 5.531927081647573 4.719737510251534
259.50454428595 -32.47908216104 0.0189 0.0124 12.42 "" "" 5979492777031896320 1080.16174 0.8837 0.0218 1.284 0.824 0.022 0.014 0.93 "" "" 13.037643 0.639375 13.280389 12.641014 "" "" 1055.91589 1105.46936 114786.07418 42.346 66567.0 75.562 69623.0 50.978 "" "" 0.002784281395830758 0.003050242 0.003862087 0.0069123292 259.50454428595 -32.47908216104 1080.16174 1.2839999999999998 0.8239999999999998 -0.7055662069320678 2.3967951526641844 0.23917414 0.23117414 "" "" 12.792183825985532 "" 2.9655129227612735 ""
259.4121762305 -31.73682687268 0.0159 0.0113 36.5232 "" "" 5980378639809424640 1230.51843 0.7769 0.0181 0.066 -3.272 0.021 0.015 0.847 "" "" 13.037925 0.652612 13.284524 12.631912 "" "" 1205.13062 1260.45837 114756.40543 32.97 66314.0 50.245 70209.0 49.471 "" "" 0.0027729215358693964 0.0029089157 0.0038560352 0.006764951 259.4121762305 -31.73682687268 1230.51843 0.066 -3.2720000000000002 -1.9235662069320678 -1.6992048473358152 0.23817414 0.23217414 "" "" 14.970062589709034 "" 3.526394652896914 ""
259.65511420937 -32.50918754525 0.0185 0.0127 11.8601 "" "" 5979488314620046208 1060.33374 0.9084 0.0207 1.8 -1.377 0.025 0.016 1.084 "" "" 13.039045 0.750408 13.292012 12.541604 "" "" 1034.13831 1092.27881 114637.98353 48.274 65859.0 87.692 76299.0 1087.9 "" "" 0.002792995517406336 0.0031424528 0.015935495 0.01907795 259.65511420937 -32.50918754525 1060.33374 1.8 -1.377 -0.18956620693206783 0.19579515266418457 0.24217415 0.23317415 "" "" 1.3697169099453315 "" 0.3254054101841314 ""
260.30021891141 -32.41083828519 0.0151 0.0117 33.557 "" "" 5979529340146095488 1096.27808 0.8729 0.0191 -3.256 -4.525 0.019 0.014 0.82 "" "" 13.041863 0.916411 13.41038 12.493969 "" "" 1075.57971 1119.98926 114340.84572 33.2 59056.0 60.544 79721.0 67.64 "" "" 0.0027732967134445788 0.0030040012 0.003890031 0.0068940325 260.30021891141 -32.41083828519 1096.27808 -3.256 -4.525 -5.245566206932068 -2.952204847335816 0.23617414 0.23117414 "" "" 31.278224989447413 "" 7.349791761987591 ""
259.13646758603 -32.67648392094 0.0155 0.0108 33.9271 "" "" 5979470756790776960 872.875671 1.107 0.0187 2.699 -4.508 0.019 0.014 0.767 7527.8 4.0181 13.04241 0.875701 13.392983 12.517282 "" "" 858.263367 887.012878 114283.33845 25.224 60010.0 51.65 78027.0 36.531 "" "" 0.0027657215494445333 0.0029424997 0.0038134132 0.0067559127 259.13646758603 -32.67648392094 872.875671 2.6989999999999985 -4.507999999999999 0.709433793067932 -2.9352048473358154 0.23617414 0.23117414 "" "" 12.49389239871654 "" 2.891747950725037 ""
259.28355640635 -32.3616026124 0.0175 0.0114 18.748 "" "" 5979503188032619392 1031.45557 0.925 0.0186 -0.263 -5.542 0.024 0.017 1.069 6449.6 3.8774 13.058409 0.957214 13.448368 12.491154 4.45 4.27 1011.42767 1051.56384 112611.58971 28.924 57026.0 38.984 79928.0 35.011 "" "" 0.002769396518450082 0.0028872048 0.0038091876 0.0066963923 259.28355640635 -32.3616026124 1031.45557 -0.2629999999999997 -5.542 -2.2525662069320678 -3.9692048473358152 0.24117415 0.23417415 -0.07615384615384535 6.0291667 22.313070676527545 22.31320063155435 5.26362105233932 5.263630618048971
260.07453710588 -32.23866769797 0.016 0.0119 22.0458 "" "" 5979546142058944384 853.121155 1.1319 0.0215 -1.308 -11.044 0.021 0.014 0.84 5698.9 3.9786 13.065431 1.079674 13.520127 12.440454 -48.1 2.66 840.158752 866.415466 111885.64971 21.697 53378.0 41.44 83748.0 30.084 "" "" 0.0027633529559463596 0.0029147123 0.003799453 0.006714165 260.07453710588 -32.23866769797 853.121155 -1.308 -11.044000000000011 -3.2975662069320677 -9.471204847335816 0.23817414 0.23117414 -52.62615384615385 4.4191666 40.55457230673545 66.43933626716395 9.406273369558026 6.724477357400907
259.50456800035 -32.75685584178 0.0156 0.0103 27.6914 "" "" 5979432097733949824 1154.9928 0.8288 0.0174 -0.003 -8.029 0.02 0.013 0.883 "" "" 13.066767 0.988598 13.467599 12.479001 "" "" 1127.99463 1183.64429 111748.06639 258.63 56024.0 160.49 80827.0 1009.1 "" "" 0.0037290892688816666 0.0041783764 0.014072096 0.018250473 259.50456800035 -32.75685584178 1154.9928 -0.003000000000000669 -8.029 -1.9925662069320678 -6.456204847335815 0.23717414 0.23017414 "" "" 36.99063690831367 "" 8.537118704570654 ""
260.05298703922 -32.76519855459 0.0163 0.0115 34.0454 "" "" 5979421038243387904 1085.43835 0.8827 0.0189 -0.053 -5.724 0.021 0.014 0.949 6424.7 3.7277 13.070085 1.057619 13.51224 12.454621 -14.24 6.47 1062.28821 1113.86511 111407.12865 28.004 53768.0 26.735 82663.0 31.65 "" "" 0.0027688035982588893 0.0028419178 0.0038021756 0.0066440934 260.05298703922 -32.76519855459 1085.43835 -0.05300000000000005 -5.724 -2.042566206932068 -4.151204847335816 0.23817414 0.23117414 -18.766153846153845 8.229166 23.803282033255407 30.311132702890113 5.535574152201589 6.697333872215925
259.35646864127 -32.09381399457 0.0216 0.0139 19.7669 "" "" 5980264810439357824 978.271118 0.9818 0.0233 -1.618 -3.378 0.029 0.019 1.217 6115.7 3.7995 13.073056 0.996953 13.456847 12.459894 "" "" 957.057983 1008.19843 111102.62276 43.245 56582.0 41.987 82262.0 53.792 "" "" 0.002787541106962525 0.0029041632 0.0038454896 0.006749653 259.35646864127 -32.09381399457 978.271118 -1.6179999999999999 -3.378000000000003 -3.607566206932068 -1.8052048473358155 0.24617414 0.23617414 "" "" 18.705760458472078 "" 4.568029213216382 ""
259.1203606091 -32.39442486672 0.0183 0.011 27.2321 "" "" 5980252780088647168 855.76886 1.1216 0.0214 -6.126 -4.409 0.022 0.015 1.055 7197.2 4.0715 13.07389 0.855264 13.411276 12.556012 "" "" 841.565674 874.522461 111017.31005 31.515 59007.0 71.392 75293.0 55.487 "" "" 0.0027725051211313283 0.003083934 0.003863151 0.0069470853 259.1203606091 -32.39442486672 855.76886 -6.125999999999999 -4.409 -8.115566206932069 -2.8362048473358152 0.23917414 0.23217414 "" "" 34.87193599062709 "" 8.31424448153666 ""
259.92993272309 -32.85002334829 0.0154 0.0112 35.2981 "" "" 5979418525637299200 1257.66809 0.7552 0.0172 -0.323 -4.477 0.019 0.013 0.807 6923.1 3.5856 13.081529 1.242431 13.619697 12.377266 -58.15 3.36 1230.19629 1288.02588 110239.05185 22.297 48701.0 33.479 88767.0 38.465 "" "" 0.002764057564391537 0.0028882744 0.0038085529 0.0066968272 259.92993272309 -32.85002334829 1257.66809 -0.3229999999999997 -4.477 -2.312566206932068 -2.9042048473358157 0.23617414 0.23017414 -62.676153846153845 5.1191664 22.13126857295537 66.46873934109949 5.145977995024726 5.122145646966302
259.76790415133 -32.10855837733 0.017 0.0128 13.6045 "" "" 5979604411825387904 1081.30981 0.887 0.0199 2.207 -1.316 0.022 0.016 1.185 7250.9 4.0616 13.085142 0.909598 13.451255 12.541657 "" "" 1061.70984 1104.34705 109872.76232 26.836 56874.0 34.588 76295.0 50.814 "" "" 0.002768052291887235 0.0028672344 0.0038479387 0.006715173 259.76790415133 -32.10855837733 1081.30981 2.2070000000000025 -1.316 0.21743379306793198 0.2567951526641845 0.23917414 0.23317415 "" "" 1.7246158403691443 "" 0.40648871283866983 ""
259.51810044533 -32.46840959676 0.0183 0.0119 11.4999 "" "" 5979492059831627392 1093.90991 0.8674 0.0208 1.937 -1.652 0.023 0.014 0.898 8150.0 4.0582 13.094408 0.70179 13.363811 12.662021 "" "" 1071.01306 1123.14124 108939.00876 36.845 61644.0 47.056 68289.0 38.166 "" "" 0.0027796826536036095 0.0029106622 0.0038277854 0.0067384476 259.51810044533 -32.46840959676 1093.90991 1.9370000000000003 -1.6520000000000004 -0.052566206932067816 -0.07920484733581534 0.24017414 0.23117414 "" "" 0.4929044773567801 "" 0.11532136179206197 ""
259.58932425087 -32.53386766178 0.0163 0.0116 13.6702 "" "" 5979488589497957888 1090.74622 0.8705 0.0183 1.579 -1.581 0.022 0.014 1.04 "" "" 13.098907 0.590214 13.318672 12.728458 "" "" 1072.55444 1112.03137 108488.54541 37.987 64261.0 51.789 64235.0 25.823 "" "" 0.0027814235577608903 0.0029241573 0.0038045023 0.0067286594 259.58932425087 -32.53386766178 1090.74622 1.579 -1.581 -0.4105662069320679 -0.00820484733581539 0.23917414 0.23117414 "" "" 2.1231073963518226 "" 0.507785723746932 ""
259.2049568308 -32.58022025769 0.0378 0.0251 27.6477 "" "" 5979473746088077696 957.761475 1.0078 0.044 0.123 1.735 0.046 0.033 2.298 "" "" 13.105124 0.886129 13.4523 12.566171 "" "" 921.840271 1002.75104 107869.07237 54.007 56819.0 35.235 74592.0 34.863 "" "" 0.0028084315169282776 0.0028702565 0.0038132975 0.006683554 259.2049568308 -32.58022025769 957.761475 0.12299999999999997 1.7350000000000003 -1.8665662069320679 3.307795152664185 0.26317415 0.25017413 "" "" 17.242582793578997 "" 4.368839440597008 ""
259.15251732764 -32.44455861241 0.0179 0.0114 26.3735 "" "" 5979501783638814208 1062.66199 0.899 0.0207 -4.053 -5.63 0.021 0.015 0.844 6862.9 3.8428 13.107101 1.016306 13.525541 12.509235 -24.12 4.32 1039.39795 1085.52832 107672.8316 39.652 53113.0 72.396 78607.0 69.368 "" "" 0.002784180172357621 0.0031583556 0.0038989398 0.007057295 259.15251732764 -32.44455861241 1062.66199 -4.052999999999997 -5.629999999999999 -6.042566206932068 -4.057204847335815 0.23817414 0.23217414 -28.646153846153847 6.079167 36.66088074735289 46.52550168831223 8.663920187388069 7.785702673724735
259.29631093624 -32.58123351501 0.016 0.0116 24.0818 "" "" 5979496213005736960 1039.90503 0.9232 0.0183 1.722 -1.742 0.02 0.014 0.814 "" "" 13.112287 0.76063 13.408543 12.647913 "" "" 1018.77728 1056.30859 107159.90202 31.308 59156.0 37.888 69182.0 41.87 "" "" 0.0027735197506662448 0.0028755197 0.0038360804 0.0067116003 259.29631093624 -32.58123351501 1039.90503 1.722 -1.7420000000000018 -0.2675662069320679 -0.16920484733581542 0.23717414 0.23117414 "" "" 1.5604629317626153 "" 0.3674511416701586 ""
260.23252093185 -32.80095124515 0.019 0.0132 41.6421 "" "" 5979325823063179392 985.110352 0.9703 0.0212 3.97 2.624 0.025 0.018 1.175 6160.2 3.6785 13.114868 1.17916 13.608048 12.428888 2.97 4.39 968.026672 1006.9162 106905.32052 39.73 49226.0 55.281 84645.0 60.79 "" "" 0.0027847085382711537 0.0030449477 0.0038589812 0.0069039287 260.23252093185 -32.80095124515 985.110352 3.970000000000003 2.6240000000000014 1.9804337930679323 4.196795152664185 0.24217415 0.23517415 -1.5561538461538453 6.1491666 21.66894441439839 21.724750098152718 5.123935323908132 5.12971870878378
258.87144747251 -32.12442952115 0.0168 0.0098 41.017 "" "" 5980274701598089728 1088.27039 0.8736 0.0182 -0.741 -0.515 0.022 0.014 0.88 "" "" 13.11651 0.628016 13.356863 12.728847 "" "" 1066.31067 1108.45691 106743.79867 26.585 62040.0 33.136 64213.0 25.665 "" "" 0.0027685572903910103 0.002849795 0.0038042138 0.0066540088 258.87144747251 -32.12442952115 1088.27039 -0.741 -0.5150000000000003 -2.730566206932068 1.0577951526641844 0.23917414 0.23117414 "" "" 15.10533125786683 "" 3.5972663493137578 ""
259.31370261524 -32.63007228436 0.0167 0.0119 25.5448 "" "" 5979484088371155840 1013.54199 0.9433 0.0196 1.126 -4.772 0.021 0.014 1.009 4946.9 3.1169 13.121198 1.532435 13.833307 12.300872 -18.72 1.93 996.655884 1029.38513 106283.92534 18.196 40003.0 28.372 95238.0 36.687 "" "" 0.0027615830191252554 0.002894483 0.0038024534 0.0066969367 259.31370261524 -32.63007228436 1013.54199 1.1259999999999986 -4.771999999999999 -0.863566206932068 -3.1992048473358157 0.23817414 0.23117414 -23.246153846153845 3.6891665 15.91967784738234 28.174808098787278 3.6878926802353926 3.68875989735657
