Clusters/BH_221/BH_221_members.tsv
# %ECSV 1.0
# ---
# datatype:
# - name: RA_ICRS_1
#   unit: deg
#   datatype: float64
#   format: '{:15.11f}'
#   description: Right ascension (ICRS) at Ep=2016.0 (ra)
#   meta: !!omap
#   - {ucd: POS_EQ_RA_MAIN}
#   - {width: 15}
#   - {precision: '11'}
# - name: DE_ICRS_1
#   unit: deg
#   datatype: float64
#   format: '{:15.11f}'
#   description: Declination (ICRS) at Ep=2016.0 (dec)
#   meta: !!omap
#   - {ucd: POS_EQ_DEC_MAIN}
#   - {width: 15}
#   - {precision: '11'}
# - name: e_RA_ICRS
#   unit: mas
#   datatype: float64
#   format: '{:7.4f}'
#   description: Standard error of right ascension (ra_error)
#   meta: !!omap
#   - {ucd: ERROR}
#   - {width: 7}
#   - {precision: '4'}
# - name: e_DE_ICRS
#   unit: mas
#   datatype: float64
#   format: '{:7.4f}'
#   description: Standard error of declination (dec_error)
#   meta: !!omap
#   - {ucd: ERROR}
#   - {width: 7}
#   - {precision: '4'}
# - name: _r_1
#   unit: ''
#   datatype: float64
#   format: '{:7.4f}'
#   description: Distance from center (259.64860856000-32.31159502000)[ICRS], at Epoch=J2016.0
#   meta: !!omap
#   - {ucd: POS_ANG_DIST_GENERAL}
#   - {width: 7}
#   - {precision: '4'}
# - name: HIP
#   datatype: int32
#   description: '? HIP cross-id number, van Leeuwen, Cat. I/311 (hip_original_ext_source_id)'
#   meta: !!omap
#   - {ucd: ID_NUMBER}
#   - {width: 6}
#   - values: {'null': -2147483648}
# - name: TYC2
#   datatype: string
#   description: Tycho-2 cross-id name, Hog et al., Cat. I/259 (tyc2_original_ext_source_id)
#   meta: !!omap
#   - {ucd: ID_CROSSID}
#   - {_votable_string_dtype: char}
# - name: Source
#   datatype: int64
#   description: Source identifier, identical to the Gaia-EDR3 source_id (id)
#   meta: !!omap
#   - {ucd: ID_MAIN}
#   - {width: 19}
# - name: rgeo
#   unit: pc
#   datatype: float64
#   format: '{:15.8f}'
#   description: '? Median of the geometric distance posterior (r_med_geo)'
#   meta: !!omap
#   - {ucd: PHYS_DISTANCE_TRUE}
#   - {width: 15}
#   - {precision: '8'}
#   - values: {'null': .nan}
# - name: Plx
#   unit: mas
#   datatype: float64
#   format: '{:9.4f}'
#   description: '? Parallax (parallax)'
#   meta: !!omap
#   - {ucd: POS_PARLX_TRIG}
#   - {width: 9}
#   - {precision: '4'}
#   - values: {'null': .nan}
# - name: e_Plx
#   unit: mas
#   datatype: float32
#   format: '{:7.4f}'
#   description: '? Standard error of parallax (parallax_error)'
#   meta: !!omap
#   - {ucd: ERROR}
#   - {width: 7}
#   - {precision: '4'}
#   - values: {'null': .nan}
# - name: pmRA
#   unit: mas / yr
#   datatype: float64
#   format: '{:9.3f}'
#   description: '? Proper motion in right ascension direction, pmRA*cosDE (pmra)'
#   meta: !!omap
#   - {ucd: POS_EQ_PMRA}
#   - {width: 9}
#   - {precision: '3'}
#   - values: {'null': .nan}
# - name: pmDE
#   unit: mas / yr
#   datatype: float64
#   format: '{:9.3f}'
#   description: '? Proper motion in declination direction (pmdec)'
#   meta: !!omap
#   - {ucd: POS_EQ_PMDEC}
#   - {width: 9}
#   - {precision: '3'}
#   - values: {'null': .nan}
# - name: e_pmRA
#   unit: mas / yr
#   datatype: float32
#   format: '{:6.3f}'
#   description: '? Standard error of proper motion in right ascension direction (pmra_error)'
#   meta: !!omap
#   - {ucd: ERROR}
#   - {width: 6}
#   - {precision: '3'}
#   - values: {'null': .nan}
# - name: e_pmDE
[...]
#       distance: !astropy.table.SerializedColumn
#         __class__: astropy.coordinates.distances.Distance
#         unit: !astropy.units.Unit {unit: pc}
#         value: !astropy.table.SerializedColumn {name: SkyCoord.distance}
#       frame: icrs
#       obstime: !astropy.time.Time {format: jyear_str, in_subfmt: '*', jd1: 367701545.0, jd2: 0.0, out_subfmt: '*', precision: 3, scale: tt}
#       pm_dec: !astropy.table.SerializedColumn
#         __class__: astropy.units.quantity.Quantity
#         unit: !astropy.units.Unit {unit: mas / yr}
#         value: !astropy.table.SerializedColumn {name: SkyCoord.pm_dec}
#       pm_ra_cosdec: !astropy.table.SerializedColumn
#         __class__: astropy.units.quantity.Quantity
#         unit: !astropy.units.Unit {unit: mas / yr}
#         value: !astropy.table.SerializedColumn {name: SkyCoord.pm_ra_cosdec}
#       ra: !astropy.table.SerializedColumn
#         __class__: astropy.coordinates.angles.Longitude
#         unit: *id001
#         value: !astropy.table.SerializedColumn {name: SkyCoord.ra}
#         wrap_angle: !astropy.coordinates.Angle
#           unit: *id001
#           value: 360.0
#       representation_type: spherical
# schema: astropy-2.0
RA_ICRS_1 DE_ICRS_1 e_RA_ICRS e_DE_ICRS _r_1 HIP TYC2 Source rgeo Plx e_Plx pmRA pmDE e_pmRA e_pmDE RUWE Teff logg Gmag BP-RP BPmag RPmag RV e_RV b_rgeo B_rgeo FG e_FG FBP e_FBP FRP e_FRP RAVE5 RAVE6 e_Gmag e_BPmag e_RPmag e_BP-RP SkyCoord.ra SkyCoord.dec SkyCoord.distance SkyCoord.pm_ra_cosdec SkyCoord.pm_dec rmRA rmDE e_rmRA e_rmDE rRV e_rRV v_pec v_pec3d e_vpec e_vpec3d Pmemb
259.72400598656 -32.26674268008 0.0338 0.0222 4.6763 "" 7366-16-1 5979589327896715520 1188.71814 0.8278 0.0385 2.14 -1.494 0.041 0.028 1.175 "" "" 10.796426 0.234746 10.839548 10.604802 "" "" 1132.54712 1244.25647 904432.78238 270.45 630370.0 1745.2 454190.0 2511.3 "" "" 0.0027743821914845345 0.0041012755 0.0070938393 0.011195115 259.72400598656 -32.26674268008 1188.71814 2.14 -1.494 0.15043379306793225 0.07879515266418458 0.25817415 0.24517414 "" "" 0.9568576794921572 "" 0.24441140562761235 "" 0.8
259.74921517913 -32.29101561521 0.0253 0.0169 5.2495 "" 7366-117-1 5979589057377252352 985.4198 0.9852 0.0287 2.133 -1.819 0.031 0.021 0.8 13330.3 3.9478 10.850265 0.171342 10.897133 10.725791 "" "" 954.065613 1017.75012 860678.43952 333.68 597810.0 520.84 406300.0 291.01 "" "" 0.0027872880096830133 0.0029461598 0.0038585581 0.0068047177 259.74921517913 -32.29101561521 985.4198 2.1329999999999987 -1.8189999999999995 0.14343379306793214 -0.24620484733581538 0.24817415 0.23817414 "" "" 1.3309174223290474 "" 0.3204149063555193 "" 0.8
259.95309125488 -32.21030256454 0.0194 0.0145 16.6012 "" 7366-61-1 5979593214906392320 1109.09692 0.868 0.0219 2.004 -1.665 0.025 0.018 0.881 10734.7 3.5245 10.960985 0.761505 11.244576 10.483071 "" "" 1083.96399 1138.47229 777235.49035 328.66 434100.0 371.56 508080.0 269.29 "" "" 0.002793308632822664 0.0029408634 0.0038229409 0.0067638042 259.95309125488 -32.21030256454 1109.09692 2.0039999999999996 -1.665 0.014433793067932132 -0.09220484733581547 0.24217415 0.23517415 "" "" 0.49063510641393876 "" 0.11546803404279418 "" 1.0
259.47603960198 -32.42969225313 0.0174 0.0127 11.2555 "" "" 5979493159343328512 1125.05212 0.8331 0.0198 1.919 -1.628 0.023 0.016 0.796 "" "" 11.717343 0.347077 11.835712 11.488634 "" "" 1101.08716 1149.44641 387265.99383 100.59 251840.0 156.65 201240.0 65.813 "" "" 0.0027697149593304267 0.00287074 0.0037960252 0.006666765 259.47603960198 -32.42969225313 1125.05212 1.919 -1.628 -0.07056620693206783 -0.05520484733581532 0.24017414 0.23317415 "" "" 0.4777845167841902 "" 0.11349333221516272 "" 0.8
259.606295143 -32.35175454309 0.0175 0.0122 3.2261 "" "" 5979495220927335040 1118.85327 0.8497 0.019 1.739 -1.68 0.022 0.015 0.838 7978.7 3.6991 12.104506 0.380161 12.235215 11.855054 "" "" 1094.14563 1146.00122 271109.30921 68.845 174310.0 151.37 143590.0 76.898 "" "" 0.002769080230379498 0.0029451675 0.0038238482 0.0067690155 259.606295143 -32.35175454309 1118.85327 1.739 -1.6800000000000002 -0.25056620693206777 -0.10720484733581537 0.23917414 0.23217414 "" "" 1.4453619510358844 "" 0.3441471566672771 "" 0.9
259.71849715989 -32.42337761889 0.0158 0.0117 7.5847 "" "" 5979491132118346112 1137.1156 0.8443 0.0181 2.082 -1.493 0.022 0.016 0.827 "" "" 12.208332 0.326596 12.320861 11.994265 "" "" 1115.09412 1162.76025 246384.87462 64.446 161090.0 118.68 126310.0 74.817 "" "" 0.002769917129230152 0.0029025646 0.0038337086 0.006736273 259.71849715989 -32.42337761889 1137.1156 2.082 -1.4930000000000003 0.09243379306793198 0.07979515266418447 0.23917414 0.23317415 "" "" 0.6581733791626526 "" 0.155744023819441 "" 0.9
259.70955211343 -32.25058713968 0.0153 0.0107 4.7912 "" "" 5979590152530435200 1163.58118 0.8255 0.0167 2.48 -1.756 0.02 0.013 0.845 "" "" 12.362079 0.393104 12.500452 12.107348 "" "" 1139.58325 1187.94092 213853.01456 59.112 136530.0 87.859 113820.0 46.981 "" "" 0.002771616338786525 0.002876319 0.00380586 0.006682179 259.70955211343 -32.25058713968 1163.58118 2.4799999999999995 -1.756 0.4904337930679321 -0.18320484733581544 0.23717414 0.23017414 "" "" 2.887493982309935 "" 0.6823959197077273 "" 1.0
259.61005133732 -32.33530173675 0.0147 0.01 2.4177 "" "" 5979495594536212224 1054.90442 0.9307 0.0164 2.261 -1.586 0.018 0.012 0.9 6069.9 3.3685 12.369209 1.281414 12.927299 11.645884 7.95 3.35 1037.20251 1070.7428 212453.05111 1406.2 92150.0 2292.4 174100.0 2507.2 "" "" 0.007696455194937798 0.027153406 0.016085884 0.043239288 259.61005133732 -32.33530173675 1054.90442 2.2610000000000006 -1.5859999999999992 0.27143379306793225 -0.013204847335815506 0.23517415 0.22917414 3.4238461538461546 5.1091666 1.3588411164073901 3.6836356585371455 0.31954529844408025 4.750303851300914 0.9
259.73403577823 -32.41453006845 0.0145 0.0104 7.5425 "" 7366-791-1 5979491265209180800 1015.76581 0.9662 0.0157 1.68 -2.069 0.02 0.013 0.929 "" "" 12.394653 1.096356 12.801559 11.705203 13.91 5.19 1001.89423 1029.578 207532.23129 3696.7 103460.0 6436.9 164850.0 7902.3 "" "" 0.019535130791404513 0.0676081 0.052183222 0.11979133 259.73403577823 -32.41453006845 1015.76581 1.6800000000000006 -2.069000000000001 -0.30956620693206793 -0.4962048473358154 0.23717414 0.23017414 9.383846153846154 6.949167 2.8158987751138547 9.7972370876049 0.6537294616392799 6.658600684243883 0.8
259.5138655126 -32.15504672907 0.0281 0.0195 11.6187 "" "" 5979512465169250944 1042.28418 0.9133 0.0316 1.844 -1.176 0.035 0.025 1.396 "" "" 12.622196 0.440888 12.7812 12.340312 "" "" 1011.33893 1081.83557 168293.92547 49.592 105420.0 56.595 91840.0 49.741 "" "" 0.0027738331790869973 0.002850403 0.0038248552 0.0066752583 259.5138655126 -32.15504672907 1042.28418 1.8439999999999994 -1.1760000000000002 -0.1455662069320678 0.39679515266418464 0.25217414 0.24217415 "" "" 2.088088375380522 "" 0.5082027310629419 "" 0.8
259.73087438389 -32.19874952159 0.0162 0.0116 7.9541 "" "" 5979590530487553920 1087.35156 0.8881 0.0175 1.692 -1.254 0.021 0.015 0.891 "" "" 12.749318 0.473115 12.92205 12.448935 "" "" 1069.38184 1112.68164 149699.26233 41.229 92597.0 58.19 83097.0 45.867 "" "" 0.0027714987524513676 0.0028723828 0.0038266014 0.006698984 259.73087438389 -32.19874952159 1087.35156 1.692 -1.254 -0.2975662069320679 0.31879515266418457 0.23817414 0.23217414 "" "" 2.247637008017966 "" 0.528165011609915 "" 0.8
259.39753203644 -32.27259476859 0.0177 0.012 12.9478 "" "" 5979510128705539840 1070.30676 0.895 0.0196 1.241 -1.645 0.024 0.015 0.911 "" "" 12.770406 0.51091 12.958163 12.447253 "" "" 1047.38879 1090.42883 146819.72939 35.82 89568.0 63.576 83226.0 41.69 "" "" 0.0027680238579773048 0.002894645 0.0038183143 0.006712959 259.39753203644 -32.27259476859 1070.30676 1.241 -1.6449999999999991 -0.7485662069320678 -0.07220484733581545 0.24117415 0.23217414 "" "" 3.81529248137338 "" 0.9198392273566519 "" 0.8
259.72507001573 -32.33583799312 0.0176 0.0124 4.1407 "" "" 5979588473261675264 1106.63367 0.8774 0.0198 1.829 -1.561 0.024 0.016 0.897 "" "" 12.801679 0.497416 12.974599 12.477182 "" "" 1080.44983 1134.47314 142651.15439 46.886 88222.0 59.296 80963.0 57.886 "" "" 0.0027783331585777404 0.0028840215 0.0038582792 0.0067423005 259.72507001573 -32.33583799312 1106.63367 1.829 -1.561 -0.1605662069320679 0.011795152664184627 0.24117415 0.23317415 "" "" 0.844510431194875 "" 0.20363841838440624 "" 1.0
259.66730179573 -32.32646403211 0.0191 0.0135 1.3017 "" "" 5979494946049405824 1071.17773 0.9021 0.0212 1.759 -1.636 0.025 0.017 0.936 8389.3 4.3056 12.845757 0.461754 13.01439 12.552636 "" "" 1045.79114 1098.85681 136975.74599 48.508 85047.0 75.195 75527.0 59.541 "" "" 0.0027820187011780985 0.002950691 0.0038750926 0.0068257833 259.66730179573 -32.32646403211 1071.17773 1.7589999999999992 -1.6360000000000001 -0.23056620693206797 -0.06320484733581533 0.24217415 0.23417415 "" "" 1.2138621762790898 "" 0.29329775360594057 "" 0.9
259.65511420937 -32.50918754525 0.0185 0.0127 11.8601 "" "" 5979488314620046208 1060.33374 0.9084 0.0207 1.8 -1.377 0.025 0.016 1.084 "" "" 13.039045 0.750408 13.292012 12.541604 "" "" 1034.13831 1092.27881 114637.98353 48.274 65859.0 87.692 76299.0 1087.9 "" "" 0.002792995517406336 0.0031424528 0.015935495 0.01907795 259.65511420937 -32.50918754525 1060.33374 1.8 -1.377 -0.18956620693206783 0.19579515266418457 0.24217415 0.23317415 "" "" 1.3697169099453315 "" 0.3254054101841314 "" 0.8
259.76790415133 -32.10855837733 0.017 0.0128 13.6045 "" "" 5979604411825387904 1081.30981 0.887 0.0199 2.207 -1.316 0.022 0.016 1.185 7250.9 4.0616 13.085142 0.909598 13.451255 12.541657 "" "" 1061.70984 1104.34705 109872.76232 26.836 56874.0 34.588 76295.0 50.814 "" "" 0.002768052291887235 0.0028672344 0.0038479387 0.006715173 259.76790415133 -32.10855837733 1081.30981 2.207000000000001 -1.316 0.21743379306793198 0.2567951526641845 0.23917414 0.23317415 "" "" 1.7246158403691443 "" 0.40648871283866983 "" 0.9
259.51810044533 -32.46840959676 0.0183 0.0119 11.4999 "" "" 5979492059831627392 1093.90991 0.8674 0.0208 1.937 -1.652 0.023 0.014 0.898 8150.0 4.0582 13.094408 0.70179 13.363811 12.662021 "" "" 1071.01306 1123.14124 108939.00876 36.845 61644.0 47.056 68289.0 38.166 "" "" 0.0027796826536036095 0.0029106622 0.0038277854 0.0067384476 259.51810044533 -32.46840959676 1093.90991 1.9370000000000003 -1.6520000000000004 -0.052566206932067816 -0.07920484733581534 0.24017414 0.23117414 "" "" 0.4929044773567801 "" 0.11532136179206197 "" 1.0
259.58932425087 -32.53386766178 0.0163 0.0116 13.6702 "" "" 5979488589497957888 1090.74622 0.8705 0.0183 1.579 -1.581 0.022 0.014 1.04 "" "" 13.098907 0.590214 13.318672 12.728458 "" "" 1072.55444 1112.03137 108488.54541 37.987 64261.0 51.789 64235.0 25.823 "" "" 0.0027814235577608903 0.0029241573 0.0038045023 0.0067286594 259.58932425087 -32.53386766178 1090.74622 1.579 -1.581 -0.4105662069320679 -0.00820484733581539 0.23917414 0.23117414 "" "" 2.1231073963518226 "" 0.507785723746932 "" 1.0
259.79015051928 -32.22361560266 0.0184 0.0125 8.9124 "" "" 5979590942806694016 1092.14148 0.8703 0.0201 1.831 -1.826 0.024 0.017 0.957 "" "" 13.453324 1.139517 13.92374 12.784224 "" "" 1074.9436 1116.70068 78273.91034 18.258 36806.0 35.567 61020.0 62.975 "" "" 0.0027669348052762736 0.0029809128 0.0039419914 0.0069229044 259.79015051928 -32.22361560266 1092.14148 1.8310000000000013 -1.8260000000000003 -0.1585662069320679 -0.2532048473358155 0.24117415 0.23417415 "" "" 1.5465921439313932 "" 0.3652540686446405 "" 1.0
259.5582245692 -32.34713152327 0.0165 0.0115 5.0542 "" "" 5979495358366331776 1075.94775 0.887 0.0185 2.08 -1.796 0.021 0.014 0.926 7453.0 3.9566 13.480329 0.862757 13.804348 12.941591 "" "" 1056.39966 1095.84827 76351.02892 16.842 41084.0 47.943 52786.0 159.75 "" "" 0.002765709492806396 0.0030643658 0.0050080405 0.008072406 259.5582245692 -32.34713152327 1075.94775 2.08 -1.7960000000000005 0.0904337930679322 -0.22320484733581547 0.23817414 0.23117414 "" "" 1.2282267694181557 "" 0.2851622952676676 "" 1.0
259.35758736316 -32.38985666292 0.0187 0.0125 15.4804 "" "" 5979500336174335232 1023.84845 0.9292 0.0204 2.009 -1.712 0.023 0.015 0.85 "" "" 13.549764 0.896396 13.908862 13.012466 "" "" 1004.38513 1043.21277 71621.17709 14.724 37314.0 24.267 49451.0 27.926 "" "" 0.00276434638930717 0.0028781297 0.0038287942 0.006706924 259.35758736316 -32.38985666292 1023.84845 2.008999999999999 -1.7120000000000006 0.019433793067932026 -0.1392048473358154 0.24017414 0.23217414 "" "" 0.682118472116048 "" 0.1584763549941462 "" 1.0
259.57956149601 -32.38579676542 0.0181 0.0125 5.6631 "" "" 5979494976061659520 1034.71252 0.9235 0.0194 1.812 -1.533 0.024 0.015 0.917 5823.0 3.6029 13.593088 1.333599 14.176455 12.842855 -31.5 11.66 1015.64655 1053.16492 68819.51071 71.042 29163.0 134.8 57812.0 182.88 "" "" 0.002974555544335043 0.0057420665 0.005106859 0.010848925 259.57956149601 -32.38579676542 1034.71252 1.812000000000001 -1.533 -0.17756620693206782 0.03979515266418465 0.24117415 0.23217414 -36.026153846153846 13.419167 0.8924831228671477 36.037206982108756 0.21486654400558033 13.415051766610786 0.9
259.51836554152 -32.38960992296 0.0169 0.0122 8.0928 "" "" 5979493709099170176 1077.1228 0.8869 0.0195 2.04 -1.661 0.022 0.015 0.871 "" "" 13.594228 0.816367 13.915225 13.098858 "" "" 1053.72339 1098.47168 68747.29115 27.749 37096.0 56.329 45668.0 53.06 "" "" 0.0027899547097998026 0.0032408494 0.003984351 0.0072252005 259.51836554152 -32.38960992296 1077.1228 2.04 -1.6609999999999998 0.050433793067932164 -0.08820484733581546 0.23917414 0.23217414 "" "" 0.5187528088958263 "" 0.12134575816167868 "" 1.0
259.75052136176 -32.09845489684 0.02 0.0142 13.7954 "" "" 5979604691059622784 1032.84644 0.9324 0.0215 1.945 -1.412 0.028 0.018 0.899 5905.6 3.9726 13.630734 1.12342 14.091687 12.968267 24.19 7.03 1006.47681 1054.86047 66474.15347 18.155 31531.0 41.874 51505.0 131.71 "" "" 0.002771230608239763 0.003140714 0.0046896203 0.007830335 259.75052136176 -32.09845489684 1032.84644 1.9450000000000007 -1.4120000000000008 -0.04456620693206781 0.16079515266418465 0.24517414 0.23517415 19.663846153846155 8.789167 0.8168800531397833 19.680806349927533 0.1927032903198923 8.781596865063097 1.0
259.98046655251 -32.17308170792 0.0235 0.0173 18.7801 "" "" 5979594486216724992 1254.37537 0.7625 0.0289 2.334 -1.739 0.032 0.023 1.454 7943.0 3.928 13.732529 1.108972 14.191137 13.082165 "" "" 1207.80469 1298.58154 60525.04221 19.971 28771.0 27.206 46376.0 45.963 "" "" 0.0027785129354924443 0.0029730648 0.003929586 0.006902651 259.98046655251 -32.17308170792 1254.37537 2.3340000000000014 -1.7390000000000008 0.3444337930679322 -0.16620484733581553 0.24917415 0.24017414 "" "" 2.2738755812003832 "" 0.5627827893680866 "" 0.9
259.64594100117 -32.41139510694 0.0184 0.0128 5.9895 "" "" 5979494013988913792 1086.30176 0.8833 0.0211 1.93 -1.482 0.025 0.016 0.808 5803.0 3.6932 13.740191 1.254033 14.284118 13.030085 -4.68 7.82 1059.64844 1114.82458 60099.46978 81.105 26410.0 123.56 48655.0 200.59 "" "" 0.0031206800189525347 0.005795506 0.0058583086 0.011653814 259.64594100117 -32.41139510694 1086.30176 1.9299999999999997 -1.4820000000000002 -0.05956620693206793 0.09079515266418459 0.24217415 0.23317415 -9.206153846153846 9.579166 0.5591400297307835 9.223118030899345 0.13191137911208478 9.561550688012225 1.0
259.46266915962 -32.28266215327 0.0179 0.0122 9.5888 "" "" 5979506971961460864 1101.13831 0.8677 0.0196 2.208 -1.593 0.025 0.016 0.951 6571.4 3.7461 13.750811 1.399156 14.362678 12.963522 -2.31 10.29 1072.7832 1128.16052 59514.4602 907.5 24567.0 1310.6 51731.0 2313.9 "" "" 0.016783447228238716 0.057989005 0.048711233 0.10670024 259.46266915962 -32.28266215327 1101.13831 2.208 -1.593 0.2184337930679323 -0.0202048473358154 0.24217415 0.23317415 -6.836153846153845 12.049167 1.1449593111248804 6.931372968785879 0.27719373874583053 11.883730530559125 1.0
259.58187847849 -32.38142358656 0.0189 0.0147 5.3847 "" "" 5979494980409153664 1033.86902 0.9209 0.0218 2.369 -1.862 0.028 0.02 1.005 "" "" 13.991131 1.631878 14.696138 13.06426 "" "" 1010.50317 1059.48132 47697.34744 863.91 18070.0 1147.9 47147.0 2963.1 "" "" 0.019857296035232903 0.069028 0.068341054 0.13736905 259.58187847849 -32.38142358656 1033.86902 2.369 -1.862 0.37943379306793235 -0.28920484733581553 0.24517414 0.23717414 "" "" 2.337970383391199 "" 0.5664086050793167 "" 1.0
259.94972083949 -32.20547047379 0.0194 0.0142 16.5519 "" "" 5979593970820641664 1085.42017 0.8797 0.0226 2.13 -1.474 0.026 0.019 0.983 7979.9 4.0954 14.026766 1.065567 14.465142 13.399575 "" "" 1056.14148 1108.95361 46157.289 10.4 22354.0 27.893 34620.0 29.349 "" "" 0.0027661589505121867 0.0031016832 0.003889848 0.0069915312 259.94972083949 -32.20547047379 1085.42017 2.13 -1.473999999999999 0.14043379306793202 0.0987951526641846 0.24317414 0.23617414 "" "" 0.8833965028002967 "" 0.21279185316664823 "" 0.9
259.47696358958 -32.41617382281 0.0189 0.0133 10.7259 "" "" 5979505013456178688 1068.20544 0.8903 0.0209 1.948 -1.573 0.024 0.016 0.92 "" "" 14.035873 1.469284 14.702841 13.233557 "" "" 1046.93811 1092.10962 45771.7367 42.549 17959.0 76.702 40340.0 118.8 "" "" 0.0029343580348281727 0.0054118372 0.0049505015 0.010362338 259.47696358958 -32.41617382281 1068.20544 1.9479999999999997 -1.5729999999999995 -0.04156620693206792 -0.0002048473358153835 0.24117415 0.23317415 "" "" 0.21046447301404805 "" 0.05075854944090091 "" 1.0
