Clusters/NGC_6649/NGC_6649_stars_in_region.tsv
# %ECSV 1.0
# ---
# datatype:
# - name: RA_ICRS_1
#   unit: deg
#   datatype: float64
#   format: '{:15.11f}'
#   description: Right ascension (ICRS) at Ep=2016.0 (ra)
#   meta: !!omap
#   - {ucd: POS_EQ_RA_MAIN}
#   - {width: 15}
#   - {precision: '11'}
# - name: DE_ICRS_1
#   unit: deg
#   datatype: float64
#   format: '{:15.11f}'
#   description: Declination (ICRS) at Ep=2016.0 (dec)
#   meta: !!omap
#   - {ucd: POS_EQ_DEC_MAIN}
#   - {width: 15}
#   - {precision: '11'}
# - name: e_RA_ICRS
#   unit: mas
#   datatype: float64
#   format: '{:7.4f}'
#   description: Standard error of right ascension (ra_error)
#   meta: !!omap
#   - {ucd: ERROR}
#   - {width: 7}
#   - {precision: '4'}
# - name: e_DE_ICRS
#   unit: mas
#   datatype: float64
#   format: '{:7.4f}'
#   description: Standard error of declination (dec_error)
#   meta: !!omap
#   - {ucd: ERROR}
#   - {width: 7}
#   - {precision: '4'}
# - name: _r_1
#   unit: ''
#   datatype: float64
#   format: '{:7.4f}'
#   description: Distance from center (278.35870667000-10.39829416000)[ICRS], at Epoch=J2016.0
#   meta: !!omap
#   - {ucd: POS_ANG_DIST_GENERAL}
#   - {width: 7}
#   - {precision: '4'}
# - name: HIP
#   datatype: int32
#   description: '? HIP cross-id number, van Leeuwen, Cat. I/311 (hip_original_ext_source_id)'
#   meta: !!omap
#   - {ucd: ID_NUMBER}
#   - {width: 6}
#   - values: {'null': -2147483648}
# - name: TYC2
#   datatype: string
#   description: Tycho-2 cross-id name, Hog et al., Cat. I/259 (tyc2_original_ext_source_id)
#   meta: !!omap
#   - {ucd: ID_CROSSID}
#   - {_votable_string_dtype: char}
# - name: Source
#   datatype: int64
#   description: Source identifier, identical to the Gaia-EDR3 source_id (id)
#   meta: !!omap
#   - {ucd: ID_MAIN}
#   - {width: 19}
# - name: rgeo
#   unit: pc
#   datatype: float64
#   format: '{:15.8f}'
#   description: '? Median of the geometric distance posterior (r_med_geo)'
#   meta: !!omap
#   - {ucd: PHYS_DISTANCE_TRUE}
#   - {width: 15}
#   - {precision: '8'}
#   - values: {'null': .nan}
# - name: Plx
#   unit: mas
#   datatype: float64
#   format: '{:9.4f}'
#   description: '? Parallax (parallax)'
#   meta: !!omap
#   - {ucd: POS_PARLX_TRIG}
#   - {width: 9}
#   - {precision: '4'}
#   - values: {'null': .nan}
# - name: e_Plx
#   unit: mas
#   datatype: float32
#   format: '{:7.4f}'
#   description: '? Standard error of parallax (parallax_error)'
#   meta: !!omap
#   - {ucd: ERROR}
#   - {width: 7}
#   - {precision: '4'}
#   - values: {'null': .nan}
# - name: pmRA
#   unit: mas / yr
#   datatype: float64
#   format: '{:9.3f}'
#   description: '? Proper motion in right ascension direction, pmRA*cosDE (pmra)'
#   meta: !!omap
#   - {ucd: POS_EQ_PMRA}
#   - {width: 9}
#   - {precision: '3'}
#   - values: {'null': .nan}
# - name: pmDE
#   unit: mas / yr
#   datatype: float64
#   format: '{:9.3f}'
#   description: '? Proper motion in declination direction (pmdec)'
#   meta: !!omap
#   - {ucd: POS_EQ_PMDEC}
#   - {width: 9}
#   - {precision: '3'}
#   - values: {'null': .nan}
# - name: e_pmRA
#   unit: mas / yr
#   datatype: float32
#   format: '{:6.3f}'
#   description: '? Standard error of proper motion in right ascension direction (pmra_error)'
#   meta: !!omap
#   - {ucd: ERROR}
#   - {width: 6}
#   - {precision: '3'}
#   - values: {'null': .nan}
# - name: e_pmDE
[...]
#         value: !astropy.table.SerializedColumn {name: SkyCoord.dec}
#       distance: !astropy.table.SerializedColumn
#         __class__: astropy.coordinates.distances.Distance
#         unit: !astropy.units.Unit {unit: pc}
#         value: !astropy.table.SerializedColumn {name: SkyCoord.distance}
#       frame: icrs
#       obstime: !astropy.time.Time {format: jyear_str, in_subfmt: '*', jd1: 367701545.0, jd2: 0.0, out_subfmt: '*', precision: 3, scale: tt}
#       pm_dec: !astropy.table.SerializedColumn
#         __class__: astropy.units.quantity.Quantity
#         unit: !astropy.units.Unit {unit: mas / yr}
#         value: !astropy.table.SerializedColumn {name: SkyCoord.pm_dec}
#       pm_ra_cosdec: !astropy.table.SerializedColumn
#         __class__: astropy.units.quantity.Quantity
#         unit: !astropy.units.Unit {unit: mas / yr}
#         value: !astropy.table.SerializedColumn {name: SkyCoord.pm_ra_cosdec}
#       ra: !astropy.table.SerializedColumn
#         __class__: astropy.coordinates.angles.Longitude
#         unit: *id001
#         value: !astropy.table.SerializedColumn {name: SkyCoord.ra}
#         wrap_angle: !astropy.coordinates.Angle
#           unit: *id001
#           value: 360.0
#       representation_type: spherical
# schema: astropy-2.0
RA_ICRS_1 DE_ICRS_1 e_RA_ICRS e_DE_ICRS _r_1 HIP TYC2 Source rgeo Plx e_Plx pmRA pmDE e_pmRA e_pmDE RUWE Teff logg Gmag BP-RP BPmag RPmag RV e_RV b_rgeo B_rgeo FG e_FG FBP e_FBP FRP e_FRP RAVE5 RAVE6 e_Gmag e_BPmag e_RPmag e_BP-RP SkyCoord.ra SkyCoord.dec SkyCoord.distance SkyCoord.pm_ra_cosdec SkyCoord.pm_dec rmRA rmDE e_rmRA e_rmDE rRV e_rRV v_pec v_pec3d e_vpec e_vpec3d
[from data line 892]
278.32960608235 -10.46184702364 0.0475 0.0425 4.182 "" "" 4155014691455876864 1898.77148 0.515 0.0561 -0.066 -0.314 0.056 0.044 1.043 "" "" 16.22787 1.805091 17.103662 15.298572 "" "" 1739.53796 2071.44067 6078.52406 3.874 1967.7 14.347 6021.8 13.929 "" "" 0.0028408816623338895 0.008393694 0.0045377216 0.012931416 278.32960608235 -10.46184702364 1898.77148 -0.066 -0.3140000000000001 -0.09137423372268677 -0.21195705676078797 0.16678289 0.15478289 "" "" 2.0773656787312786 "" 0.3255735848514428 ""
278.40372375933 -10.57041022941 0.0454 0.0408 10.663 "" "" 4155000775761686272 1640.19739 0.5836 0.0509 -0.553 -2.705 0.051 0.044 0.993 "" "" 16.229084 2.066361 17.254692 15.188332 "" "" 1497.79883 1789.32214 6071.73462 3.658 1712.1 12.999 6665.4 50.209 "" "" 0.002831900077134273 0.0087027745 0.00900963 0.017712405 278.40372375933 -10.57041022941 1640.19739 -0.553 -2.705 -0.5783742337226868 -2.602957056760788 0.16178289 0.15478289 "" "" 20.730332664859922 "" 3.2156750817403137 ""
278.42453242581 -10.25579431671 0.0504 0.051 9.3915 "" "" 4155027576357887488 2239.17725 0.4445 0.0619 0.407 -0.688 0.063 0.052 1.084 8734.2 3.4027 16.22917 2.450007 17.234598 14.784592 "" "" 1957.00659 2498.31885 6071.26364 4.9488 1744.1 15.314 9667.7 96.431 "" "" 0.00289396286786622 0.009933185 0.011470261 0.021403447 278.42453242581 -10.25579431671 2239.17725 0.4070000000000001 -0.6879999999999998 0.3816257662773132 -0.5859570567607879 0.17378289 0.16278288 "" "" 7.421882829598565 "" 1.2330365679334303 ""
278.2051231318 -10.14949111862 0.0463 0.046 17.4661 "" "" 4155079803161997312 2012.20007 0.4594 0.054 -0.24 -1.398 0.054 0.048 0.896 9189.0 3.8182 16.231909 1.87959 17.13544 15.255851 "" "" 1811.55945 2336.01074 6055.96393 3.8116 1910.9 14.595 6263.5 26.801 "" "" 0.002838796873651197 0.0087494105 0.005988903 0.014738314 278.2051231318 -10.14949111862 2012.20007 -0.24000000000000016 -1.3979999999999986 -0.26537423372268676 -1.2959570567607879 0.16478288 0.15878288 "" "" 12.61710198467767 "" 2.0064815538556826 ""
278.35154181751 -10.38615080807 0.0466 0.0427 0.8424 "" "" 4155024071664510720 2116.04004 0.4482 0.056 0.199 -0.292 0.054 0.044 1.009 9230.3 3.9502 16.232065 2.105302 17.309015 15.203713 "" "" 1871.61157 2417.05859 6055.09235 4.3391 1628.6 7.6389 6571.6 14.405 "" "" 0.002863064645605339 0.0058068717 0.0044663018 0.010273173 278.35154181751 -10.38615080807 2116.04004 0.19900000000000015 -0.292 0.17362576627731324 -0.18995705676078795 0.16478288 0.15478289 "" "" 2.581239227786672 "" 0.41148158226026554 ""
278.08905449794 -10.51649606568 0.0893 0.0873 17.4195 "" "" 4154922469911077632 1688.76514 0.6149 0.1058 0.778 0.214 0.107 0.099 2.379 "" "" 16.232595 2.109495 17.15605 15.046555 "" "" 1392.87 2128.64917 6052.13115 7.658 1875.0 12.416 7595.1 21.135 "" "" 0.003078828324063995 0.00771203 0.0048385896 0.012550619 278.08905449794 -10.51649606568 1688.76514 0.778 0.2139999999999998 0.7526257662773133 0.316042943239212 0.21778288 0.20978288 "" "" 6.534191411023524 "" 1.415322233496993 ""
278.10849529903 -10.63737529398 0.0472 0.05 20.5827 "" "" 4154917380372785152 1795.12866 0.5373 0.0624 0.532 -0.065 0.058 0.046 0.958 9241.0 3.8161 16.23275 2.134507 17.325987 15.19148 "" "" 1612.44202 2026.26196 6051.27488 3.9537 1603.3 17.868 6646.1 13.922 "" "" 0.0028451738898527344 0.012417532 0.004410945 0.016828477 278.10849529903 -10.63737529398 1795.12866 0.5319999999999994 -0.06500000000000007 0.5066257662773133 0.037042943239212034 0.16878289 0.15678288 "" "" 4.322340667082671 "" 0.7292710878504588 ""
278.3547141021 -10.4483077667 0.0434 0.04 3.0101 "" "" 4155014760175340288 1837.72375 0.5179 0.0512 0.079 0.07 0.051 0.043 1.028 9358.8 3.8382 16.23393 1.930138 17.183247 15.253109 "" "" 1683.02271 2048.78345 6044.69665 3.7026 1828.6 12.403 6279.3 9.1448 "" "" 0.0028344462550612655 0.007875162 0.004096819 0.011971981 278.3547141021 -10.4483077667 1837.72375 0.07899999999999999 0.07 0.05362576627731323 0.17204294323921204 0.16178289 0.15378289 "" "" 1.569747452865452 "" 0.2425385904658362 ""
278.20651438626 -10.45150019948 0.046 0.0459 9.5313 "" "" 4155018230509053184 2022.09741 0.476 0.0561 -0.73 -2.531 0.054 0.045 1.032 8786.6 4.0975 16.237556 2.168691 17.360607 15.191916 "" "" 1803.52441 2280.21997 6024.54766 3.8439 1553.0 8.42 6643.4 14.188 "" "" 0.0028410705286935826 0.006514382 0.0044340002 0.010948382 278.20651438626 -10.45150019948 2022.09741 -0.7300000000000003 -2.5309999999999993 -0.7553742337226867 -2.428957056760788 0.16478288 0.15578288 "" "" 24.380731875643356 "" 3.8179576381994322 ""
278.31040685504 -10.42431895315 0.0518 0.0463 3.25 "" "" 4155017818192125312 2029.28638 0.4511 0.0617 -1.522 -10.217 0.062 0.048 0.995 7348.7 3.1119 16.238344 3.243081 18.174475 14.931394 "" "" 1797.5271 2336.89697 6020.17653 4.4926 733.88 7.073 8445.0 14.505 "" "" 0.0028719811333008352 0.010829725 0.0042144237 0.015044149 278.31040685504 -10.42431895315 2029.28638 -1.5219999999999987 -10.217 -1.5473742337226868 -10.114957056760788 0.17278288 0.15878288 "" "" 98.42580299772266 "" 15.661197837200248 ""
278.31513482376 -10.04900074916 0.0476 0.0501 21.1149 "" "" 4155104125551361024 1753.46423 0.5362 0.0629 -1.412 -1.607 0.056 0.046 1.031 6012.6 4.085 16.238382 2.149759 17.351564 15.201805 "" "" 1584.06567 1927.64575 6019.95946 4.2566 1566.0 7.8201 6583.2 9.6978 "" "" 0.002860272395067431 0.006097635 0.004103882 0.010201517 278.31513482376 -10.04900074916 1753.46423 -1.4119999999999993 -1.607000000000001 -1.4373742337226867 -1.504957056760788 0.16678289 0.15678288 "" "" 17.29682365437783 "" 2.795694343141203 ""
278.64237135784 -10.49664552932 0.0503 0.0469 17.7475 "" "" 4155005345606756096 1955.49866 0.499 0.0568 -0.79 -3.667 0.064 0.054 1.06 4840.4 3.16 16.241278 2.787433 17.833553 15.046121 "" "" 1757.28955 2145.39673 6003.9346 4.5304 1004.6 9.0096 7598.2 11.547 "" "" 0.0028745410134015333 0.010129128 0.004123859 0.014252987 278.64237135784 -10.49664552932 1955.49866 -0.7899999999999995 -3.667 -0.8153742337226868 -3.564957056760788 0.17478289 0.16478288 "" "" 33.89709877511428 "" 5.602996936605396 ""
278.10493032312 -10.51156032657 0.0456 0.0438 16.4438 "" "" 4155016237644255872 1681.30237 0.5781 0.0529 0.59 -0.214 0.055 0.045 0.957 9082.5 3.6335 16.242882 2.264586 17.430601 15.166015 "" "" 1537.99182 1872.52527 5995.06863 4.4548 1456.1 9.446 6803.8 15.032 "" "" 0.002871009074572489 0.0075758984 0.0044763656 0.012052264 278.10493032312 -10.51156032657 1681.30237 0.59 -0.21400000000000002 0.5646257662773132 -0.11195705676078796 0.16578288 0.15578288 "" "" 4.587318534980455 "" 0.7588139956198221 ""
278.19793871381 -10.51067933127 0.0644 0.0632 11.6384 "" "" 4155015687888365952 1954.80835 0.4853 0.0801 -1.091 -6.175 0.081 0.066 0.967 4739.1 3.1979 16.243816 3.067168 18.048206 14.981038 "" "" 1696.00635 2275.00171 5989.91295 24.475 824.39 18.417 8067.6 92.13 "" "" 0.005222360937228655 0.024415465 0.012962056 0.03737752 278.19793871381 -10.51067933127 1954.80835 -1.0909999999999997 -6.174999999999994 -1.1163742337226867 -6.072957056760788 0.19178289 0.17678288 "" "" 57.2136173815875 "" 10.143588678765793 ""
278.60568253346 -10.39188018226 0.0554 0.0522 14.5804 "" "" 4155010224690120192 2193.86719 0.4143 0.064 1.543 -4.254 0.066 0.058 1.193 7181.9 3.5387 16.245234 3.29433 18.218708 14.924378 "" "" 1908.52112 2536.14355 5982.09411 4.6215 704.58 18.779 8499.8 19.287 "" "" 0.0028801667666895816 0.029072061 0.004511467 0.03358353 278.60568253346 -10.39188018226 2193.86719 1.543 -4.253999999999996 1.5176257662773132 -4.1519570567607875 0.17678288 0.16878289 "" "" 45.96978379061623 "" 7.803157456312389 ""
278.35889878458 -10.59224053255 0.0456 0.0435 11.6368 "" "" 4154999367012426880 1849.57397 0.5261 0.0562 0.408 -1.451 0.054 0.046 1.018 9265.9 3.86 16.246513 2.119112 17.332987 15.213875 "" "" 1674.18262 2055.31763 5975.04585 3.4433 1593.0 10.808 6510.4 10.8 "" "" 0.0028254689989647666 0.007877089 0.004186613 0.012063703 278.35889878458 -10.59224053255 1849.57397 0.4079999999999999 -1.451 0.3826257662773132 -1.348957056760788 0.16478288 0.15678288 "" "" 12.292818812213019 "" 1.934798765706796 ""
278.30564944644 -10.37873496667 0.0505 0.0462 3.3439 "" "" 4155024758859327232 1728.69519 0.5698 0.0571 1.467 -0.302 0.058 0.051 1.093 8492.2 4.0554 16.247633 2.262672 17.433636 15.170964 "" "" 1536.99353 1895.14587 5968.88504 3.6766 1452.0 11.631 6772.9 14.31 "" "" 0.0028353208129983606 0.009133712 0.004421093 0.013554806 278.30564944644 -10.37873496667 1728.69519 1.4670000000000019 -0.302 1.4416257662773133 -0.19995705676078795 0.16878289 0.16178289 "" "" 11.925790742397348 "" 2.01132579288804 ""
278.52090248208 -10.27681688816 0.0437 0.0427 12.0325 "" "" 4155026579925614208 2071.56104 0.4502 0.0553 -2.513 -5.021 0.055 0.052 0.873 6613.3 3.1852 16.248383 3.650824 18.526272 14.875448 "" "" 1827.68713 2329.96631 5964.76785 4.7739 530.77 6.5485 8891.6 13.766 "" "" 0.002889099489704879 0.013683024 0.004136337 0.01781936 278.52090248208 -10.27681688816 2071.56104 -2.5129999999999986 -5.021 -2.5383742337226867 -4.918957056760788 0.16578288 0.16278288 "" "" 54.352157449131624 "" 8.882139261586737 ""
278.37449390052 -10.37139519388 0.0452 0.0436 1.8636 "" "" 4155024273518365312 1926.15186 0.5025 0.0562 -0.279 -0.287 0.057 0.051 0.987 9265.7 3.8745 16.249096 2.221662 17.401094 15.179433 "" "" 1758.45264 2217.07227 5960.84908 4.4764 1496.2 6.9755 6720.2 12.994 "" "" 0.0028734279310115244 0.0057799187 0.004323309 0.010103228 278.37449390052 -10.37139519388 1926.15186 -0.2789999999999999 -0.2870000000000001 -0.3043742337226868 -0.18495705676078794 0.16778289 0.16178289 "" "" 3.2517629068432217 "" 0.5403980165502649 ""
278.02102502225 -10.52183698175 0.0502 0.0476 21.2584 "" "" 4154969302252065536 2059.39917 0.4732 0.0598 -1.826 -4.745 0.061 0.049 1.095 6734.9 3.9179 16.254622 2.386813 17.540749 15.153935 "" "" 1804.96582 2375.19702 5930.58816 4.2813 1315.6 9.5349 6879.9 11.778 "" "" 0.002864633163970538 0.008348974 0.0042117173 0.012560692 278.02102502225 -10.52183698175 2059.39917 -1.826 -4.745 -1.8513742337226868 -4.642957056760788 0.17178288 0.15978289 "" "" 48.792761141211955 "" 7.879148946750454 ""
278.30404994642 -10.41088345063 0.0496 0.0462 3.3127 "" "" 4155018024350578048 2209.0249 0.4389 0.0577 0.138 -0.17 0.057 0.048 1.126 9223.5 3.838 16.254648 1.873245 17.152918 15.279673 "" "" 1969.38184 2513.42383 5930.44371 4.3189 1880.4 13.473 6127.6 12.771 "" "" 0.002866529556087653 0.0082645 0.00440503 0.01266953 278.30404994642 -10.41088345063 2209.0249 0.138 -0.17000000000000004 0.11262576627731324 -0.06795705676078798 0.16778289 0.15878288 "" "" 1.377324278591269 "" 0.2278489141101798 ""
278.10306334537 -10.19956954724 0.0489 0.0461 19.2333 "" "" 4155077879016694144 2125.79858 0.4474 0.0585 0.028 -1.105 0.058 0.046 0.958 9182.2 4.1623 16.256498 1.8066 17.132793 15.326194 "" "" 1880.45776 2332.25903 5920.35527 3.4654 1915.6 10.168 5870.6 13.095 "" "" 0.002827662698647236 0.006402984 0.004488773 0.010891757 278.10306334537 -10.19956954724 2125.79858 0.027999999999999952 -1.104999999999999 0.002625766277313233 -1.002957056760788 0.16878289 0.15678288 "" "" 10.10611605042821 "" 1.5844668473189882 ""
278.37339923166 -10.2984463571 0.0488 0.0501 6.0533 "" "" 4155025549133327232 1914.06714 0.5039 0.0604 -0.011 -0.041 0.061 0.05 0.987 9246.3 3.849 16.257 1.957862 17.221182 15.26332 "" "" 1731.85071 2134.18384 5917.61319 4.1425 1765.8 18.057 6220.6 14.514 "" "" 0.0028582267774268652 0.011447919 0.004549848 0.015997767 278.37339923166 -10.2984463571 1914.06714 -0.011 -0.041 -0.036374233722686763 0.061042943239212034 0.17178288 0.16078289 "" "" 0.6446918885662344 "" 0.10555972477554479 ""
278.35323424528 -10.52034407517 0.0433 0.0399 7.3301 "" "" 4155013110907833728 1849.0083 0.5202 0.0505 -0.147 -0.287 0.051 0.043 0.981 "" "" 16.257431 2.061424 17.298334 15.23691 "" "" 1713.8761 2012.172 5915.2704 3.4775 1644.7 10.34 6373.7 10.497 "" "" 0.002828285921471555 0.0073741158 0.004181043 0.0115551585 278.35323424528 -10.52034407517 1849.0083 -0.14699999999999988 -0.28700000000000003 -0.17237423372268676 -0.18495705676078794 0.16178289 0.15378289 "" "" 2.2158601304061474 "" 0.3491133412698858 ""
278.35176998352 -10.45920848768 0.0499 0.0453 3.6777 "" "" 4155014725815594880 2196.11963 0.4485 0.058 0.052 -0.225 0.059 0.048 1.063 9289.0 3.8808 16.257965 1.833751 17.146105 15.312354 "" "" 1946.49255 2611.22412 5912.35482 3.956 1892.2 14.768 5945.9 23.521 "" "" 0.002849483096331467 0.008921355 0.0057210745 0.01464243 278.35176998352 -10.45920848768 2196.11963 0.052 -0.22499999999999995 0.02662576627731323 -0.12295705676078797 0.16978288 0.15878288 "" "" 1.3096001092868104 "" 0.20860861291250007 ""
278.25490385498 -10.5624770996 0.045 0.0423 11.5995 "" "" 4155012183194939264 1825.58411 0.5117 0.0536 -0.039 0.092 0.055 0.046 0.97 9200.4 3.8752 16.258352 2.353726 17.502556 15.148829 "" "" 1650.86353 2008.30762 5910.2456 4.3031 1362.7 13.453 6912.4 14.451 "" "" 0.0028664742991927183 0.011075926 0.0044086115 0.015484538 278.25490385498 -10.5624770996 1825.58411 -0.039 0.09200000000000004 -0.06437423372268677 0.19404294323921203 0.16578288 0.15678288 "" "" 1.7690952471249346 "" 0.2789830459835198 ""
278.44667544366 -10.42213135696 0.0414 0.0395 5.3847 "" "" 4155020154654209664 1894.38928 0.4967 0.0494 -0.009 0.029 0.05 0.044 0.866 9231.0 3.8555 16.25883 1.944972 17.21543 15.270457 "" "" 1738.4314 2073.96484 5907.6548 3.8738 1775.2 18.335 6179.8 11.277 "" "" 0.002845813594233876 0.011555834 0.0042672185 0.015823051 278.44667544366 -10.42213135696 1894.38928 -0.008999999999999989 0.028999999999999963 -0.03437423372268677 0.13104294323921203 0.16078289 0.15478289 "" "" 1.216497023611239 "" 0.18877132171088823 ""
278.19124513532 -10.37084473103 0.047 0.045 10.0194 "" "" 4155065887467729024 1587.36548 0.6235 0.054 -0.076 -1.833 0.054 0.046 1.063 7164.5 4.1886 16.259104 2.028488 17.286919 15.25843 "" "" 1457.27014 1747.24805 5906.16124 3.6761 1662.1 7.1056 6248.6 11.95 "" "" 0.0028369825627962415 0.0054156734 0.0043122075 0.00972788 278.19124513532 -10.37084473103 1587.36548 -0.07600000000000001 -1.833 -0.10137423372268677 -1.730957056760788 0.16478288 0.15678288 "" "" 13.04623171388646 "" 2.0457916114952273 ""
278.36682791821 -10.38389625722 0.0459 0.0415 0.9879 "" "" 4155023899866027392 2005.25928 0.5019 0.0532 -0.015 0.002 0.053 0.044 0.97 9068.5 3.6826 16.260408 2.009338 17.270609 15.261271 "" "" 1828.38818 2226.08252 5899.07087 4.0833 1687.2 10.468 6232.3 16.461 "" "" 0.0028559764603329485 0.0072912825 0.0047441935 0.012035476 278.36682791821 -10.38389625722 2005.25928 -0.014999999999999989 0.0019999999999999987 -0.04037423372268677 0.10404294323921204 0.16378288 0.15478289 "" "" 1.060769356625189 "" 0.16546975253164373 ""
278.46193884037 -10.35514589466 0.0441 0.0417 6.6199 "" "" 4155022830406551552 1909.73474 0.5055 0.0496 -0.029 -0.163 0.053 0.047 0.954 9347.4 3.8419 16.261932 2.069932 17.30864 15.238708 "" "" 1755.20911 2123.19849 5890.79286 3.413 1629.1 7.4519 6363.2 10.44 "" "" 0.002826215912881081 0.0056965244 0.0041781496 0.009874674 278.46193884037 -10.35514589466 1909.73474 -0.029 -0.16300000000000003 -0.054374233722686766 -0.06095705676078797 0.16378288 0.15778288 "" "" 0.7394176710821248 "" 0.11865376976222251 ""
