Clusters/NGC_6649/NGC_6649_members.tsv
# %ECSV 1.0
# ---
# datatype:
# - name: RA_ICRS_1
#   unit: deg
#   datatype: float64
#   format: '{:15.11f}'
#   description: Right ascension (ICRS) at Ep=2016.0 (ra)
#   meta: !!omap
#   - {ucd: POS_EQ_RA_MAIN}
#   - {width: 15}
#   - {precision: '11'}
# - name: DE_ICRS_1
#   unit: deg
#   datatype: float64
#   format: '{:15.11f}'
#   description: Declination (ICRS) at Ep=2016.0 (dec)
#   meta: !!omap
#   - {ucd: POS_EQ_DEC_MAIN}
#   - {width: 15}
#   - {precision: '11'}
# - name: e_RA_ICRS
#   unit: mas
#   datatype: float64
#   format: '{:7.4f}'
#   description: Standard error of right ascension (ra_error)
#   meta: !!omap
#   - {ucd: ERROR}
#   - {width: 7}
#   - {precision: '4'}
# - name: e_DE_ICRS
#   unit: mas
#   datatype: float64
#   format: '{:7.4f}'
#   description: Standard error of declination (dec_error)
#   meta: !!omap
#   - {ucd: ERROR}
#   - {width: 7}
#   - {precision: '4'}
# - name: _r_1
#   unit: ''
#   datatype: float64
#   format: '{:7.4f}'
#   description: Distance from center (278.35870667000-10.39829416000)[ICRS], at Epoch=J2016.0
#   meta: !!omap
#   - {ucd: POS_ANG_DIST_GENERAL}
#   - {width: 7}
#   - {precision: '4'}
# - name: HIP
#   datatype: int32
#   description: '? HIP cross-id number, van Leeuwen, Cat. I/311 (hip_original_ext_source_id)'
#   meta: !!omap
#   - {ucd: ID_NUMBER}
#   - {width: 6}
#   - values: {'null': -2147483648}
# - name: TYC2
#   datatype: string
#   description: Tycho-2 cross-id name, Hog et al., Cat. I/259 (tyc2_original_ext_source_id)
#   meta: !!omap
#   - {ucd: ID_CROSSID}
#   - {_votable_string_dtype: char}
# - name: Source
#   datatype: int64
#   description: Source identifier, identical to the Gaia-EDR3 source_id (id)
#   meta: !!omap
#   - {ucd: ID_MAIN}
#   - {width: 19}
# - name: rgeo
#   unit: pc
#   datatype: float64
#   format: '{:15.8f}'
#   description: '? Median of the geometric distance posterior (r_med_geo)'
#   meta: !!omap
#   - {ucd: PHYS_DISTANCE_TRUE}
#   - {width: 15}
#   - {precision: '8'}
#   - values: {'null': .nan}
# - name: Plx
#   unit: mas
#   datatype: float64
#   format: '{:9.4f}'
#   description: '? Parallax (parallax)'
#   meta: !!omap
#   - {ucd: POS_PARLX_TRIG}
#   - {width: 9}
#   - {precision: '4'}
#   - values: {'null': .nan}
# - name: e_Plx
#   unit: mas
#   datatype: float32
#   format: '{:7.4f}'
#   description: '? Standard error of parallax (parallax_error)'
#   meta: !!omap
#   - {ucd: ERROR}
#   - {width: 7}
#   - {precision: '4'}
#   - values: {'null': .nan}
# - name: pmRA
#   unit: mas / yr
#   datatype: float64
#   format: '{:9.3f}'
#   description: '? Proper motion in right ascension direction, pmRA*cosDE (pmra)'
#   meta: !!omap
#   - {ucd: POS_EQ_PMRA}
#   - {width: 9}
#   - {precision: '3'}
#   - values: {'null': .nan}
# - name: pmDE
#   unit: mas / yr
#   datatype: float64
#   format: '{:9.3f}'
#   description: '? Proper motion in declination direction (pmdec)'
#   meta: !!omap
#   - {ucd: POS_EQ_PMDEC}
#   - {width: 9}
#   - {precision: '3'}
#   - values: {'null': .nan}
# - name: e_pmRA
#   unit: mas / yr
#   datatype: float32
#   format: '{:6.3f}'
#   description: '? Standard error of proper motion in right ascension direction (pmra_error)'
#   meta: !!omap
#   - {ucd: ERROR}
#   - {width: 6}
#   - {precision: '3'}
#   - values: {'null': .nan}
# - name: e_pmDE
[...]
#         unit: &id001 !astropy.units.Unit {unit: deg}
#         value: !astropy.table.SerializedColumn {name: SkyCoord.dec}
#       distance: !astropy.table.SerializedColumn
#         __class__: astropy.coordinates.distances.Distance
#         unit: !astropy.units.Unit {unit: pc}
#         value: !astropy.table.SerializedColumn {name: SkyCoord.distance}
#       frame: icrs
#       obstime: !astropy.time.Time {format: jyear_str, in_subfmt: '*', jd1: 367701545.0, jd2: 0.0, out_subfmt: '*', precision: 3, scale: tt}
#       pm_dec: !astropy.table.SerializedColumn
#         __class__: astropy.units.quantity.Quantity
#         unit: !astropy.units.Unit {unit: mas / yr}
#         value: !astropy.table.SerializedColumn {name: SkyCoord.pm_dec}
#       pm_ra_cosdec: !astropy.table.SerializedColumn
#         __class__: astropy.units.quantity.Quantity
#         unit: !astropy.units.Unit {unit: mas / yr}
#         value: !astropy.table.SerializedColumn {name: SkyCoord.pm_ra_cosdec}
#       ra: !astropy.table.SerializedColumn
#         __class__: astropy.coordinates.angles.Longitude
#         unit: *id001
#         value: !astropy.table.SerializedColumn {name: SkyCoord.ra}
#         wrap_angle: !astropy.coordinates.Angle
#           unit: *id001
#           value: 360.0
#       representation_type: spherical
# schema: astropy-2.0
RA_ICRS_1 DE_ICRS_1 e_RA_ICRS e_DE_ICRS _r_1 HIP TYC2 Source rgeo Plx e_Plx pmRA pmDE e_pmRA e_pmDE RUWE Teff logg Gmag BP-RP BPmag RPmag RV e_RV b_rgeo B_rgeo FG e_FG FBP e_FBP FRP e_FRP RAVE5 RAVE6 e_Gmag e_BPmag e_RPmag e_BP-RP SkyCoord.ra SkyCoord.dec SkyCoord.distance SkyCoord.pm_ra_cosdec SkyCoord.pm_dec Pmemb
[from data line 40]
278.36506613443 -10.34186805461 0.0179 0.0172 3.4063 "" "" 4155024582756073984 1869.16382 0.4924 0.0224 0.105 -0.113 0.021 0.018 0.959 11284.2 3.9359 14.045244 1.849015 14.946437 13.097422 "" "" 1799.78796 1942.93933 45378.37818 34.736 14350.0 49.739 45729.0 119.01 "" "" 0.0028779371928788705 0.0046848175 0.004718892 0.009403709 278.36506613443 -10.34186805461 1869.16382 0.105 -0.113 0.9
278.31348222461 -10.42589847681 0.0184 0.016 3.141 "" "" 4155017818192121600 1874.13208 0.4982 0.0209 -0.192 -0.187 0.023 0.018 1.028 11213.0 3.6418 14.081243 1.691872 14.878565 13.186693 "" "" 1798.44568 1955.24426 43898.49694 14.272 15275.0 22.594 42119.0 31.08 "" "" 0.0027778390292333807 0.0032193435 0.0038633675 0.007082711 278.31348222461 -10.42589847681 1874.13208 -0.19200000000000003 -0.187 1.0
278.34493115308 -10.41153741038 0.0185 0.0161 1.1368 "" "" 4155023728067104512 1945.15894 0.4781 0.0214 -0.281 -0.032 0.022 0.018 0.997 10506.1 3.7869 14.112606 1.802371 14.979899 13.177528 "" "" 1874.55139 2042.58459 42648.5495 17.921 13914.0 24.971 42476.0 41.531 "" "" 0.002792836142020969 0.0034032098 0.003925644 0.007328854 278.34493115308 -10.41153741038 1945.15894 -0.281 -0.032 1.0
278.3787995897 -10.3818073538 0.0201 0.0193 1.5442 "" "" 4155023899865794688 2028.5592 0.4463 0.0271 -0.031 -0.229 0.025 0.019 0.993 "" "" 14.182303 1.877367 15.101224 13.223857 "" "" 1932.73669 2150.65186 39996.81563 14.42 12443.0 17.965 40702.0 39.735 "" "" 0.002782986514533451 0.0032003622 0.003925201 0.007125563 278.3787995897 -10.3818073538 2028.5592 -0.030999999999999993 -0.22900000000000004 0.9
278.43324323762 -10.33346877942 0.0167 0.0159 5.8721 "" "" 4155025927090357120 1909.51929 0.4794 0.0202 0.056 -0.148 0.021 0.018 0.845 "" "" 14.192684 1.749709 15.02808 13.278371 "" "" 1842.21716 1995.63098 39616.23613 10.326 13310.0 25.073 38709.0 26.932 "" "" 0.0027698153750356823 0.0034595106 0.0038541362 0.007313647 278.43324323762 -10.33346877942 1909.51929 0.05600000000000001 -0.14800000000000002 1.0
278.35006821043 -10.41146395437 0.0187 0.0166 0.9404 "" "" 4155023659347621376 2043.21375 0.4505 0.0219 0.031 -0.004 0.023 0.021 0.914 "" "" 14.232843 1.892773 15.159709 13.266936 "" "" 1970.29688 2147.49902 38177.67855 22.292 11791.0 25.784 39119.0 83.471 "" "" 0.002827312911555554 0.0036636111 0.004432932 0.008096543 278.35006821043 -10.41146395437 2043.21375 0.031 -0.004000000000000001 1.0
278.36421241477 -10.39247954419 0.0184 0.0166 0.4767 "" "" 4155023865506059008 1933.91492 0.4732 0.022 0.003 -0.121 0.022 0.018 1.063 9871.3 3.636 14.235448 1.884291 15.158658 13.274367 110.52 8.65 1865.98523 2008.87207 38086.20655 10.512 11802.0 21.795 38852.0 25.275 "" "" 0.0027715683219463796 0.003435881 0.0038448167 0.007280698 278.36421241477 -10.39247954419 1933.91492 0.003 -0.121 1.0
278.31110179245 -10.44112521017 0.0182 0.0165 3.8073 "" "" 4155017715112890624 1936.01697 0.4756 0.0218 0.114 -0.239 0.022 0.018 1.07 "" "" 14.259216 1.598235 14.984877 13.386641 48.4 11.11 1855.37183 2037.69495 37261.50314 11.326 13851.0 22.154 35035.0 47.818 "" "" 0.0027750140030977787 0.0032864518 0.00405952 0.0073459717 278.31110179245 -10.44112521017 1936.01697 0.11400000000000002 -0.239 0.9
278.30333953261 -10.53836516943 0.0187 0.0172 9.0168 "" "" 4155013763742886272 1824.24158 0.5057 0.0213 -0.028 0.15 0.023 0.02 1.023 "" "" 14.275646 1.988507 15.268514 13.280006 "" "" 1752.50293 1900.31555 36701.87356 13.529 10666.0 14.759 38651.0 27.006 "" "" 0.0027842355601940816 0.003168942 0.0038547672 0.007023709 278.30333953261 -10.53836516943 1824.24158 -0.028 0.14999999999999997 0.9
278.35919925655 -10.39350758462 0.0192 0.0176 0.2887 "" "" 4155023865506064512 1992.17712 0.4621 0.0238 0.19 0.017 0.023 0.019 0.997 "" "" 14.276221 1.867683 15.185745 13.318062 "" "" 1890.78992 2092.12427 36682.42739 13.578 11511.0 20.663 37319.0 29.191 "" "" 0.002784475019995642 0.0034034576 0.003873626 0.0072770836 278.35919925655 -10.39350758462 1992.17712 0.19000000000000003 0.017 0.9
278.35180149381 -10.40163183579 0.0254 0.0227 0.4541 "" "" 4155023762426847488 2154.00903 0.4272 0.03 0.184 -0.091 0.03 0.027 1.322 9923.8 3.6726 14.314939 1.90682 15.256461 13.349641 "" "" 2026.68652 2303.5188 35397.35943 10.971 10785.0 16.763 36250.0 26.227 "" "" 0.0027757934439866234 0.0032608071 0.0038601542 0.0071209613 278.35180149381 -10.40163183579 2154.00903 0.184 -0.09099999999999998 1.0
278.36732132692 -10.40916308578 0.0191 0.017 0.8269 "" "" 4155023693707348224 1977.74915 0.4636 0.0227 0.031 0.032 0.023 0.019 0.996 8938.5 3.5842 14.343468 1.811076 15.2198 13.408724 "" "" 1894.5979 2069.02759 34479.39288 23.01 11156.0 26.526 34330.0 56.391 "" "" 0.002848998675926299 0.003801271 0.004179044 0.007980315 278.36732132692 -10.40916308578 1977.74915 0.031 0.032 1.0
278.34194124765 -10.42739851359 0.0197 0.0176 2.0071 "" "" 4155017783832353664 1941.5592 0.473 0.0233 -0.18 0.056 0.024 0.02 1.103 10039.2 3.6 14.361028 1.745722 15.193625 13.447904 "" "" 1872.52136 2038.27271 33926.23501 10.266 11428.0 18.458 33113.0 29.688 "" "" 0.00277483850717306 0.0032954935 0.00390273 0.007198224 278.34194124765 -10.42739851359 1941.5592 -0.18000000000000002 0.056 0.9
278.37212098401 -10.41876670223 0.0245 0.0209 1.4613 "" "" 4155020738769834496 1805.56372 0.513 0.0273 0.256 0.033 0.028 0.023 1.193 "" "" 14.36255 1.868215 15.274597 13.406383 "" "" 1725.51392 1897.25757 33878.71232 21.653 10607.0 23.795 34404.0 68.324 "" "" 0.0028413602119617422 0.0037037155 0.0043511973 0.008054913 278.37212098401 -10.41876670223 1805.56372 0.25600000000000006 0.033 1.0
278.41010448758 -10.4504024005 0.019 0.0171 4.3559 "" "" 4155020395172382976 2145.41968 0.4251 0.0216 0.161 0.015 0.023 0.02 0.96 9826.4 3.5018 14.372899 1.842797 15.265834 13.423037 "" "" 2057.99731 2242.32349 33557.32122 12.415 10693.0 25.76 33880.0 22.071 "" "" 0.002784445876856773 0.0038244461 0.0038449964 0.0076694423 278.41010448758 -10.4504024005 2145.41968 0.161 0.015 1.0
278.40780726939 -10.365083249 0.0185 0.0175 3.5168 "" "" 4155024243463408384 2086.30811 0.4393 0.022 0.013 0.021 0.023 0.02 1.097 "" "" 14.401504 1.775005 15.252756 13.477751 "" "" 1981.95129 2163.03198 32684.74713 12.892 10822.0 21.168 32215.0 17.765 "" "" 0.002788402632436535 0.0035064542 0.0038265134 0.0073329676 278.40780726939 -10.365083249 2086.30811 0.013 0.020999999999999998 0.8
278.34263456522 -10.25839195948 0.0198 0.0217 8.4476 "" "" 4155074305603601024 2018.43787 0.4511 0.0288 0.054 -0.038 0.026 0.02 0.992 10358.9 3.6339 14.403631 1.749328 15.23792 13.488592 "" "" 1912.82019 2136.38525 32620.78727 9.7633 10971.0 18.665 31895.0 22.128 "" "" 0.002774416468884638 0.003346203 0.0038537157 0.007199919 278.34263456522 -10.25839195948 2018.43787 0.054000000000000006 -0.038000000000000006 1.0
278.34076987066 -10.37544485065 0.0201 0.0186 1.7321 "" "" 4155024140384010368 2056.02368 0.4447 0.0237 0.175 -0.116 0.023 0.02 1.063 "" "" 14.450701 1.825316 15.333774 13.508457 "" "" 1974.45508 2145.01685 31236.7885 10.258 10044.0 25.282 31317.0 27.131 "" "" 0.0027782939757088417 0.0039056335 0.0038946727 0.007800306 278.34076987066 -10.37544485065 2056.02368 0.17500000000000004 -0.116 1.0
278.42649313092 -10.30119771113 0.0187 0.0183 7.0674 "" "" 4155026339407261568 1878.94226 0.4872 0.0234 -0.041 -0.061 0.022 0.019 0.951 "" "" 14.464555 1.785266 15.322489 13.537223 "" "" 1799.89587 1964.09192 30840.73386 45.692 10149.0 57.077 30498.0 130.06 "" "" 0.00319049913453628 0.0067133605 0.0059768036 0.012690164 278.42649313092 -10.30119771113 1878.94226 -0.040999999999999995 -0.061000000000000006 1.0
278.37760205442 -10.4288468908 0.0201 0.0181 2.1457 "" "" 4155020665749922176 1886.69592 0.4878 0.0227 0.348 -0.09 0.024 0.021 1.006 8816.9 3.4885 14.496533 1.816823 15.372372 13.555549 "" "" 1790.65869 1968.50854 29945.61272 9.437 9693.2 17.241 29987.0 28.031 "" "" 0.0027764835006616286 0.0033932948 0.0039132824 0.007306577 278.37760205442 -10.4288468908 1886.69592 0.348 -0.09 1.0
278.47524509584 -10.44049845282 0.0195 0.0184 7.3284 "" "" 4155019914136004992 1942.70325 0.4744 0.0237 0.029 -0.012 0.024 0.023 1.017 "" "" 14.532669 1.86207 15.435083 13.573013 "" "" 1861.20032 2032.44897 28965.37038 13.517 9149.2 25.421 29509.0 26.086 "" "" 0.0028015182125175563 0.004109209 0.0038993498 0.008008558 278.47524509584 -10.44049845282 1942.70325 0.029000000000000005 -0.012 1.0
278.37968121329 -10.41589011762 0.0235 0.02 1.6269 "" "" 4155020738769830272 1969.59583 0.4642 0.0267 0.17 -0.224 0.025 0.022 1.063 10706.1 3.7688 14.54213 1.771924 15.395458 13.623534 "" "" 1874.42676 2091.25903 28714.0514 9.7742 9489.3 20.713 28167.0 43.495 "" "" 0.002779996477745153 0.0036608132 0.0041345656 0.0077953786 278.37968121329 -10.41589011762 1969.59583 0.17 -0.22399999999999998 1.0
278.32873032548 -10.36063071078 0.0226 0.0214 2.87 "" "" 4155024891993680512 1950.12366 0.4742 0.0247 0.011 -0.204 0.028 0.024 0.992 9779.3 3.9515 14.574554 1.828178 15.458644 13.630465 "" "" 1870.29895 2071.38086 27869.26457 22.987 8952.8 27.359 27988.0 99.823 "" "" 0.002897199836552783 0.0043351618 0.0054110447 0.009746207 278.32873032548 -10.36063071078 1950.12366 0.011 -0.204 0.8
278.37223268792 -10.39578067255 0.0214 0.0192 0.8124 "" "" 4155023796786571136 1891.55188 0.4816 0.0255 -0.003 0.088 0.025 0.021 1.111 "" "" 14.576034 1.831987 15.463434 13.631447 "" "" 1808.86499 1973.40369 27831.29008 8.568 8913.4 15.984 27963.0 23.271 "" "" 0.0027755201238341552 0.003402332 0.0038858901 0.007288222 278.37223268792 -10.39578067255 1891.55188 -0.0029999999999999996 0.088 1.0
278.42685314043 -10.46339300442 0.0223 0.0197 5.6059 "" "" 4155019570538638592 2008.39539 0.4591 0.0261 0.143 -0.11 0.026 0.023 1.125 10049.9 3.657 14.578654 1.683123 15.370657 13.687534 "" "" 1912.37097 2110.46851 27764.18225 22.068 9708.5 36.449 26555.0 71.907 "" "" 0.002887304900944186 0.0049396995 0.0047882567 0.009727957 278.42685314043 -10.46339300442 2008.39539 0.143 -0.10999999999999999 0.8
278.37229610692 -10.47500525719 0.023 0.0208 4.672 "" "" 4155014450937960704 2018.77966 0.4556 0.0264 0.037 0.109 0.027 0.023 1.008 "" "" 14.600811 1.982048 15.584086 13.602038 "" "" 1928.57312 2138.27344 27203.35571 11.165 7975.9 25.699 28730.0 35.105 "" "" 0.0027911221408670876 0.004474747 0.0040054633 0.00848021 278.37229610692 -10.47500525719 2018.77966 0.037 0.10899999999999999 1.0
278.34446613938 -10.35387169263 0.0291 0.0264 2.7947 "" "" 4155024926353433856 1818.70215 0.5059 0.0372 -0.014 -0.228 0.029 0.025 1.173 8592.8 3.6235 14.606119 2.081288 15.665263 13.583975 -249.35 9.6 1720.16858 1965.14062 27070.68184 10.946 7401.4 16.629 29212.0 18.796 "" "" 0.00279007609843635 0.0037061495 0.0038434057 0.007549555 278.34446613938 -10.35387169263 1818.70215 -0.013999999999999999 -0.22799999999999998 0.9
278.3554169949 -10.43954931272 0.0226 0.0201 2.4829 "" "" 4155014828894829184 1785.62439 0.5141 0.0257 -0.042 -0.117 0.028 0.025 1.144 10522.1 3.7392 14.623491 1.862044 15.526775 13.664731 "" "" 1715.94067 1877.28906 26640.97279 20.959 8408.3 27.274 27119.0 48.947 "" "" 0.0028846832243530156 0.004493121 0.0042572203 0.008750342 278.3554169949 -10.43954931272 1785.62439 -0.042 -0.117 0.8
278.35125611495 -10.46608225876 0.0213 0.0191 4.091 "" "" 4155014519657157504 1926.70483 0.4773 0.0242 -0.032 -0.064 0.026 0.022 0.994 "" "" 14.62974 1.646683 15.401157 13.754475 170.28 18.28 1833.58484 2019.56763 26488.10878 8.8982 9439.6 14.125 24967.0 23.952 "" "" 0.0027793560126864523 0.0032287037 0.003920287 0.0071489904 278.35125611495 -10.46608225876 1926.70483 -0.032 -0.06400000000000002 1.0
278.34486262904 -10.39270349532 0.0213 0.0192 0.8832 "" "" 4155023964280682880 1885.90051 0.4933 0.0255 -0.036 -0.242 0.025 0.021 1.103 "" "" 14.633385 1.80202 15.502769 13.700748 "" "" 1819.95984 1982.1958 26399.3164 8.1605 8596.3 18.239 26234.0 18.713 "" "" 0.002775685584477036 0.0036182571 0.0038579174 0.0074761743 278.34486262904 -10.39270349532 1885.90051 -0.036000000000000004 -0.242 0.9
278.26683199688 -10.35750265597 0.0219 0.02 5.9491 "" "" 4155019226941622272 1965.31091 0.4635 0.0253 0.257 -0.216 0.025 0.022 0.977 9284.6 3.5485 14.645299 1.763383 15.489517 13.726134 "" "" 1885.93872 2059.97217 26111.21149 7.1248 8701.8 14.908 25627.0 18.797 "" "" 0.002771201574070696 0.0033533555 0.003862374 0.0072157294 278.26683199688 -10.35750265597 1965.31091 0.257 -0.21600000000000003 1.0
278.37331211423 -10.39449615895 0.022 0.02 0.8916 "" "" 4155023792486983040 1912.54565 0.4819 0.0259 -0.02 -0.09 0.027 0.023 0.993 9459.6 3.695 14.695781 1.84595 15.583172 13.737222 "" "" 1824.99512 2020.73157 24924.96428 24.742 7982.7 31.021 25367.0 95.357 "" "" 0.0029586093819985904 0.005058331 0.005562504 0.010620834 278.37331211423 -10.39449615895 1912.54565 -0.020000000000000004 -0.08999999999999998 1.0
278.30831030043 -10.40592686956 0.0229 0.0204 3.0091 "" "" 4155018127429984768 1998.80286 0.4651 0.0265 0.079 -0.026 0.026 0.022 1.001 "" "" 14.697741 1.833922 15.5876 13.753677 "" "" 1907.927 2136.38672 24879.99651 11.085 7950.2 21.546 24985.0 31.097 "" "" 0.002797461579479988 0.004055023 0.0040137065 0.008068729 278.30831030043 -10.40592686956 1998.80286 0.07899999999999999 -0.025999999999999995 1.0
278.41247050743 -10.43515196229 0.0247 0.0223 3.8673 "" "" 4155020498251611264 1866.04834 0.4958 0.0284 0.078 -0.239 0.029 0.025 1.14 9567.7 3.4158 14.771907 1.780764 15.627267 13.846503 "" "" 1755.90137 1954.84167 23237.20516 8.8195 7665.0 12.872 22938.0 22.92 "" "" 0.002785965103009563 0.0033330873 0.00393201 0.0072650975 278.41247050743 -10.43515196229 1866.04834 0.07799999999999999 -0.23900000000000005 0.9
278.30478916832 -10.41002910571 0.0226 0.021 3.2588 "" "" 4155018024350578304 2033.61963 0.4525 0.0264 0.181 0.231 0.027 0.023 1.016 "" "" 14.774033 1.844669 15.668317 13.823647 "" "" 1922.21497 2157.7644 23191.75479 9.5207 7380.6 19.451 23426.0 38.674 "" "" 0.0027911383692969345 0.0039965617 0.004182891 0.008179452 278.30478916832 -10.41002910571 2033.61963 0.181 0.23100000000000004 0.9
278.34428694865 -10.41240769989 0.0251 0.023 1.2005 "" "" 4155023728067104128 1952.2959 0.4689 0.0274 -0.028 -0.095 0.03 0.025 0.951 9472.0 3.4923 14.800245 1.825686 15.673432 13.847747 "" "" 1855.94653 2033.10461 22638.54996 8.5685 7345.9 23.788 22912.0 53.055 "" "" 0.002785796600814966 0.0044885008 0.004539226 0.009027727 278.34428694865 -10.41240769989 1952.2959 -0.027999999999999997 -0.09500000000000001 0.9
278.28381378467 -10.39717399773 0.0226 0.0207 4.4203 "" "" 4155018848984329728 1983.63953 0.4682 0.0266 -0.173 0.029 0.027 0.023 1.008 "" "" 14.813133 1.700345 15.617057 13.916712 "" "" 1897.04102 2092.77612 22371.41371 6.8122 7737.4 12.399 21502.0 21.413 "" "" 0.002775084416241869 0.0032881885 0.0039310064 0.007219195 278.28381378467 -10.39717399773 1983.63953 -0.173 0.029 1.0
278.41816162686 -10.37089023438 0.0238 0.0227 3.875 "" "" 4155021391604869888 1896.03918 0.4861 0.0284 -0.023 -0.012 0.029 0.025 1.05 10374.4 3.9465 14.813552 1.818513 15.690643 13.87213 "" "" 1796.23938 2028.43372 22362.78994 16.745 7230.4 19.463 22403.0 57.184 "" "" 0.002872757718883011 0.004040635 0.0046865926 0.008727228 278.41816162686 -10.37089023438 1896.03918 -0.023 -0.012 1.0
278.40661708861 -10.38871715764 0.0231 0.0217 2.8853 "" "" 4155021254165908608 1928.67261 0.4784 0.0276 -0.014 -0.114 0.029 0.027 1.101 9661.5 3.5786 14.818254 1.73715 15.645763 13.908613 42.26 8.65 1838.07141 2023.52014 22266.14447 9.7698 7535.5 16.136 21663.0 20.225 "" "" 0.002796200865651547 0.0036318458 0.0039129583 0.0075448044 278.40661708861 -10.38871715764 1928.67261 -0.013999999999999999 -0.11399999999999999 0.9
