Clusters/NGC_6649/NGC_6649_stars_in_region.tsv
# %ECSV 1.0
# ---
# datatype:
# - name: RA_ICRS_1
#   unit: deg
#   datatype: float64
#   format: '{:15.11f}'
#   description: Right ascension (ICRS) at Ep=2016.0 (ra)
#   meta: !!omap
#   - {ucd: POS_EQ_RA_MAIN}
#   - {width: 15}
#   - {precision: '11'}
# - name: DE_ICRS_1
#   unit: deg
#   datatype: float64
#   format: '{:15.11f}'
#   description: Declination (ICRS) at Ep=2016.0 (dec)
#   meta: !!omap
#   - {ucd: POS_EQ_DEC_MAIN}
#   - {width: 15}
#   - {precision: '11'}
# - name: e_RA_ICRS
#   unit: mas
#   datatype: float64
#   format: '{:7.4f}'
#   description: Standard error of right ascension (ra_error)
#   meta: !!omap
#   - {ucd: ERROR}
#   - {width: 7}
#   - {precision: '4'}
# - name: e_DE_ICRS
#   unit: mas
#   datatype: float64
#   format: '{:7.4f}'
#   description: Standard error of declination (dec_error)
#   meta: !!omap
#   - {ucd: ERROR}
#   - {width: 7}
#   - {precision: '4'}
# - name: _r_1
#   unit: ''
#   datatype: float64
#   format: '{:7.4f}'
#   description: Distance from center (278.35870667000-10.39829416000)[ICRS], at Epoch=J2016.0
#   meta: !!omap
#   - {ucd: POS_ANG_DIST_GENERAL}
#   - {width: 7}
#   - {precision: '4'}
# - name: HIP
#   datatype: int32
#   description: '? HIP cross-id number, van Leeuwen, Cat. I/311 (hip_original_ext_source_id)'
#   meta: !!omap
#   - {ucd: ID_NUMBER}
#   - {width: 6}
#   - values: {'null': -2147483648}
# - name: TYC2
#   datatype: string
#   description: Tycho-2 cross-id name, Hog et al., Cat. I/259 (tyc2_original_ext_source_id)
#   meta: !!omap
#   - {ucd: ID_CROSSID}
#   - {_votable_string_dtype: char}
# - name: Source
#   datatype: int64
#   description: Source identifier, identical to the Gaia-EDR3 source_id (id)
#   meta: !!omap
#   - {ucd: ID_MAIN}
#   - {width: 19}
# - name: rgeo
#   unit: pc
#   datatype: float64
#   format: '{:15.8f}'
#   description: '? Median of the geometric distance posterior (r_med_geo)'
#   meta: !!omap
#   - {ucd: PHYS_DISTANCE_TRUE}
#   - {width: 15}
#   - {precision: '8'}
#   - values: {'null': .nan}
# - name: Plx
#   unit: mas
#   datatype: float64
#   format: '{:9.4f}'
#   description: '? Parallax (parallax)'
#   meta: !!omap
#   - {ucd: POS_PARLX_TRIG}
#   - {width: 9}
#   - {precision: '4'}
#   - values: {'null': .nan}
# - name: e_Plx
#   unit: mas
#   datatype: float32
#   format: '{:7.4f}'
#   description: '? Standard error of parallax (parallax_error)'
#   meta: !!omap
#   - {ucd: ERROR}
#   - {width: 7}
#   - {precision: '4'}
#   - values: {'null': .nan}
# - name: pmRA
#   unit: mas / yr
#   datatype: float64
#   format: '{:9.3f}'
#   description: '? Proper motion in right ascension direction, pmRA*cosDE (pmra)'
#   meta: !!omap
#   - {ucd: POS_EQ_PMRA}
#   - {width: 9}
#   - {precision: '3'}
#   - values: {'null': .nan}
# - name: pmDE
#   unit: mas / yr
#   datatype: float64
#   format: '{:9.3f}'
#   description: '? Proper motion in declination direction (pmdec)'
#   meta: !!omap
#   - {ucd: POS_EQ_PMDEC}
#   - {width: 9}
#   - {precision: '3'}
#   - values: {'null': .nan}
# - name: e_pmRA
#   unit: mas / yr
#   datatype: float32
#   format: '{:6.3f}'
#   description: '? Standard error of proper motion in right ascension direction (pmra_error)'
#   meta: !!omap
#   - {ucd: ERROR}
#   - {width: 6}
#   - {precision: '3'}
#   - values: {'null': .nan}
# - name: e_pmDE
[...]
#         value: !astropy.table.SerializedColumn {name: SkyCoord.dec}
#       distance: !astropy.table.SerializedColumn
#         __class__: astropy.coordinates.distances.Distance
#         unit: !astropy.units.Unit {unit: pc}
#         value: !astropy.table.SerializedColumn {name: SkyCoord.distance}
#       frame: icrs
#       obstime: !astropy.time.Time {format: jyear_str, in_subfmt: '*', jd1: 367701545.0, jd2: 0.0, out_subfmt: '*', precision: 3, scale: tt}
#       pm_dec: !astropy.table.SerializedColumn
#         __class__: astropy.units.quantity.Quantity
#         unit: !astropy.units.Unit {unit: mas / yr}
#         value: !astropy.table.SerializedColumn {name: SkyCoord.pm_dec}
#       pm_ra_cosdec: !astropy.table.SerializedColumn
#         __class__: astropy.units.quantity.Quantity
#         unit: !astropy.units.Unit {unit: mas / yr}
#         value: !astropy.table.SerializedColumn {name: SkyCoord.pm_ra_cosdec}
#       ra: !astropy.table.SerializedColumn
#         __class__: astropy.coordinates.angles.Longitude
#         unit: *id001
#         value: !astropy.table.SerializedColumn {name: SkyCoord.ra}
#         wrap_angle: !astropy.coordinates.Angle
#           unit: *id001
#           value: 360.0
#       representation_type: spherical
# schema: astropy-2.0
RA_ICRS_1 DE_ICRS_1 e_RA_ICRS e_DE_ICRS _r_1 HIP TYC2 Source rgeo Plx e_Plx pmRA pmDE e_pmRA e_pmDE RUWE Teff logg Gmag BP-RP BPmag RPmag RV e_RV b_rgeo B_rgeo FG e_FG FBP e_FBP FRP e_FRP RAVE5 RAVE6 e_Gmag e_BPmag e_RPmag e_BP-RP SkyCoord.ra SkyCoord.dec SkyCoord.distance SkyCoord.pm_ra_cosdec SkyCoord.pm_dec rmRA rmDE e_rmRA e_rmDE rRV e_rRV v_pec v_pec3d e_vpec e_vpec3d
[from data line 242]
278.37331211423 -10.39449615895 0.022 0.02 0.8916 "" "" 4155023792486983040 1912.54565 0.4819 0.0259 -0.02 -0.09 0.027 0.023 0.993 9459.6 3.695 14.695781 1.84595 15.583172 13.737222 "" "" 1824.99512 2020.73157 24924.96428 24.742 7982.7 31.021 25367.0 95.357 "" "" 0.0029586093819985904 0.005058331 0.005562504 0.010620834 278.37331211423 -10.39449615895 1912.54565 -0.020000000000000014 -0.08999999999999989 -0.04537423372268677 0.01204294323921204 0.13778289 0.13378288 "" "" 0.4255803027418554 "" 0.05852717705059255 ""
278.30831030043 -10.40592686956 0.0229 0.0204 3.0091 "" "" 4155018127429984768 1998.80286 0.4651 0.0265 0.079 -0.026 0.026 0.022 1.001 "" "" 14.697741 1.833922 15.5876 13.753677 "" "" 1907.927 2136.38672 24879.99651 11.085 7950.2 21.546 24985.0 31.097 "" "" 0.002797461579479988 0.004055023 0.0040137065 0.008068729 278.30831030043 -10.40592686956 1998.80286 0.07899999999999992 -0.025999999999999978 0.05362576627731323 0.07604294323921204 0.13678288 0.13278288 "" "" 0.8815834233597614 "" 0.118242074516363 ""
278.32585472371 -10.56258390408 0.0255 0.0233 10.0461 "" "" 4155011255481947264 1810.59058 0.5076 0.0297 0.266 -1.808 0.031 0.026 1.213 "" "" 14.701559 1.988029 15.696497 13.708467 "" "" 1729.31946 1930.87463 24792.66402 9.3426 7191.5 18.71 26048.0 18.729 "" "" 0.0027855309310365443 0.0039704167 0.0038591663 0.007829583 278.32585472371 -10.56258390408 1810.59058 0.266 -1.8079999999999985 0.24062576627731325 -1.705957056760788 0.14178288 0.13678288 "" "" 14.78578764324317 "" 2.023910647469147 ""
278.27104736227 -10.41587730644 0.0213 0.0199 5.2795 "" "" 4155018741600416768 1902.98877 0.4866 0.025 -0.342 -0.152 0.026 0.022 1.062 9923.8 3.6908 14.702612 1.607412 15.440994 13.833582 191.56 6.64 1803.65906 2000.91907 24768.62371 7.7774 9099.5 27.615 23213.0 38.633 "" "" 0.002776331787552517 0.004317626 0.004189138 0.008506764 278.27104736227 -10.41587730644 1902.98877 -0.342 -0.15200000000000016 -0.3673742337226868 -0.04995705676078796 0.13678288 0.13278288 154.5375 7.8765383 3.34427515555118 154.5736817267611 0.45720021690203727 7.874700794189114
278.41891414981 -10.56146518754 0.0221 0.0203 10.4148 "" "" 4155001183771198976 2228.54688 0.4036 0.0256 0.107 -0.748 0.026 0.025 0.924 9405.6 3.4577 14.706496 2.181259 15.828544 13.647284 "" "" 2125.6582 2337.27661 24680.16874 10.314 6367.9 22.638 27558.0 35.332 "" "" 0.002792430096055152 0.0047626877 0.004027585 0.008790273 278.41891414981 -10.56146518754 2228.54688 0.10700000000000004 -0.7480000000000004 0.08162576627731323 -0.645957056760788 0.13678288 0.13578288 "" "" 6.87770829281261 "" 0.9339835457980026 ""
278.46727053595 -10.19796351785 0.0241 0.0254 13.6217 "" "" 4155051456376691968 2031.36292 0.4573 0.0319 -0.724 -2.348 0.029 0.024 1.126 "" "" 14.713449 1.883442 15.634034 13.750592 "" "" 1894.40747 2185.29419 24522.64441 8.6191 7617.3 20.574 25057.0 19.946 "" "" 0.002781620937609783 0.0040478096 0.003876944 0.007924754 278.46727053595 -10.19796351785 2031.36292 -0.7239999999999994 -2.348 -0.7493742337226867 -2.245957056760788 0.13978288 0.13478288 "" "" 22.797538008258574 "" 3.0843262573200065 ""
278.1834370906 -10.62973820815 0.0233 0.0226 17.3132 "" "" 4154917590843616768 1878.02539 0.4985 0.0288 0.661 -0.346 0.03 0.024 1.149 "" "" 14.727193 1.94646 15.695161 13.748701 "" "" 1780.35718 1985.77625 24214.17253 17.105 7200.3 20.844 25100.0 51.324 "" "" 0.0028600752822262607 0.004202853 0.004383211 0.008586064 278.1834370906 -10.62973820815 1878.02539 0.6610000000000003 -0.34599999999999953 0.6356257662773133 -0.24395705676078794 0.14078288 0.13478288 "" "" 6.0606770411453725 "" 0.8486578272624706 ""
278.17864317431 -10.41442141064 0.036 0.0343 10.6701 "" "" 4155065436484860800 2159.35547 0.4165 0.0432 2.803 0.607 0.041 0.035 1.426 "" "" 14.735602 3.257448 16.681 13.423552 59.29 2.81 1988.41992 2381.79248 24027.35196 14.781 2904.1 16.429 33864.0 32.803 "" "" 0.002835119378548979 0.006746233 0.0039229887 0.010669222 278.17864317431 -10.41442141064 2159.35547 2.8030000000000026 0.607 2.777625766277313 0.709042943239212 0.15178289 0.14578289 22.2675 4.0465384 29.341623856351127 36.83439217331533 4.442986621997265 4.3023398411039455
278.33495304288 -10.72681678397 0.0229 0.021 19.7611 "" "" 4154903434631585280 1929.82166 0.4681 0.0263 -0.027 -1.698 0.028 0.023 1.026 4846.3 2.4445 14.735752 2.712511 16.265364 13.552853 -0.24 3.58 1840.84888 2039.92358 24024.03022 12.868 4258.6 14.996 30062.0 31.337 "" "" 0.0028160244258899616 0.004733107 0.0039452077 0.008678315 278.33495304288 -10.72681678397 1929.82166 -0.026999999999999996 -1.698 -0.052374233722686764 -1.595957056760788 0.13878289 0.13378288 -37.2625 4.8165383 14.606644152581072 40.023092829641875 1.9541989349954108 4.540677497140408
278.47442309658 -10.12906090527 0.024 0.0245 17.5393 "" "" 4155099285134702080 1977.05774 0.4631 0.0295 0.017 -0.127 0.03 0.025 1.041 "" "" 14.735822 1.847531 15.637272 13.789741 "" "" 1862.62805 2096.71899 24022.4997 16.518 7594.7 21.688 24169.0 46.779 "" "" 0.002854669546820497 0.0041711163 0.004324323 0.008495439 278.47442309658 -10.12906090527 1977.05774 0.017 -0.127 -0.008374233722686766 -0.024957056760787966 0.14078288 0.13578288 "" "" 0.24669413236131385 "" 0.03362372180539462 ""
278.17790627238 -10.3499323434 0.0217 0.02 11.0582 "" "" 4155066334144368512 1896.74658 0.4834 0.0259 0.501 -1.87 0.026 0.021 1.005 7486.9 3.053 14.74227 2.14928 15.850321 13.701041 -42.74 6.16 1815.98499 1990.49072 23880.23845 8.3947 6241.5 9.4893 26227.0 25.842 "" "" 0.002781629607813252 0.0032418938 0.003927874 0.0071697677 278.17790627238 -10.3499323434 1896.74658 0.5009999999999998 -1.87 0.47562576627731323 -1.767957056760788 0.13678288 0.13178289 -79.7625 7.3965383 16.460107277872936 81.44317981175027 2.1748129777449257 7.257224503171935
278.35318187955 -10.08735095517 0.0278 0.0271 18.6594 "" "" 4155103026039594624 1722.38428 0.5431 0.0347 -0.48 -2.167 0.035 0.03 1.291 "" "" 14.746565 2.144871 15.638203 13.493332 "" "" 1626.85364 1828.75244 23785.96665 17.7 7588.2 25.3 31756.0 82.662 "" "" 0.0028713323513518845 0.004570481 0.004719236 0.009289717 278.35318187955 -10.08735095517 1722.38428 -0.48 -2.167 -0.5053742337226867 -2.064957056760788 0.14578289 0.14078288 "" "" 17.35606326019503 "" 2.448422670287428 ""
278.41035270692 -10.13825036076 0.0227 0.0236 15.8978 "" "" 4155099663091835392 1601.63928 0.5803 0.0301 -0.008 -3.381 0.028 0.023 1.083 "" "" 14.750663 2.081296 15.804653 13.723357 81.2 7.65 1522.08667 1676.00403 23696.35173 9.6121 6509.6 15.488 25693.0 22.402 "" "" 0.002790296374088347 0.0038023933 0.0038961393 0.0076985327 278.41035270692 -10.13825036076 1601.63928 -0.008000000000000118 -3.381 -0.03337423372268677 -3.2789570567607877 0.13878289 0.13378288 44.1775 8.8865385 24.894377831656843 50.708791682264405 3.33045465987838 7.912717584134233
278.08287969571 -10.22436470801 0.0259 0.0236 19.3396 "" "" 4155071900422210560 1879.8324 0.4937 0.0296 -0.531 -1.846 0.03 0.026 1.224 8462.6 3.414 14.761206 1.734095 15.587094 13.853 "" "" 1770.83789 1984.92993 23467.36982 7.6584 7953.9 17.198 22801.0 19.051 "" "" 0.002778008885117294 0.003646399 0.0038867316 0.0075331302 278.08287969571 -10.22436470801 1879.8324 -0.5310000000000001 -1.846 -0.5563742337226868 -1.743957056760788 0.14078288 0.13678288 "" "" 16.311004262038033 "" 2.2371730697851224 ""
278.1954334778 -10.29944050297 0.0253 0.0235 11.316 "" "" 4155067330576815360 2242.63916 0.3893 0.0289 -0.856 -4.017 0.031 0.026 0.991 "" "" 14.768645 3.283238 16.74929 13.466052 37.08 3.42 2104.15112 2435.70923 23307.11756 11.101 2727.1 11.46 32564.0 32.62 "" "" 0.002803428350139458 0.0053480775 0.003932761 0.009280838 278.1954334778 -10.29944050297 2242.63916 -0.8559999999999995 -4.0169999999999995 -0.8813742337226868 -3.9149570567607883 0.14178288 0.13678288 0.05749999999999744 4.6565385 42.658021035297914 42.658059788250085 5.845354637444759 5.845352697117456
278.62493159493 -10.21570614785 0.0224 0.0221 19.1573 "" "" 4155047745524920960 1780.20886 0.5031 0.0281 0.686 -3.646 0.029 0.025 0.981 4893.8 2.5228 14.769352 2.948554 16.483334 13.53478 38.14 3.69 1702.49524 1857.62732 23291.95632 10.487 3484.0 14.019 30567.0 35.009 "" "" 0.002798349003332482 0.005183778 0.0039787004 0.009162478 278.62493159493 -10.21570614785 1780.20886 0.6860000000000002 -3.646 0.6606257662773133 -3.543957056760788 0.13978288 0.13578288 1.1174999999999997 4.9265385 30.419713585585992 30.44023293076262 4.134620649721611 4.135789976564339
278.41247050743 -10.43515196229 0.0247 0.0223 3.8673 "" "" 4155020498251611264 1866.04834 0.4958 0.0284 0.078 -0.239 0.029 0.025 1.14 9567.7 3.4158 14.771907 1.780764 15.627267 13.846503 "" "" 1755.90137 1954.84167 23237.20516 8.8195 7665.0 12.872 22938.0 22.92 "" "" 0.002785965103009563 0.0033330873 0.00393201 0.0072650975 278.41247050743 -10.43515196229 1866.04834 0.07799999999999993 -0.23900000000000027 0.05262576627731323 -0.13695705676078795 0.13978288 0.13578288 "" "" 1.2977469837923528 "" 0.17688819903013128 ""
278.30478916832 -10.41002910571 0.0226 0.021 3.2588 "" "" 4155018024350578304 2033.61963 0.4525 0.0264 0.181 0.231 0.027 0.023 1.016 "" "" 14.774033 1.844669 15.668317 13.823647 "" "" 1922.21497 2157.7644 23191.75479 9.5207 7380.6 19.451 23426.0 38.674 "" "" 0.0027911383692969345 0.0039965617 0.004182891 0.008179452 278.30478916832 -10.41002910571 2033.61963 0.181 0.23100000000000007 0.15562576627731323 0.333042943239212 0.13778289 0.13378288 "" "" 3.5435223271609337 "" 0.47663391920925924 ""
278.35835309145 -10.67158203825 0.0236 0.0217 16.3973 "" "" 4154997717744919424 1772.53284 0.5213 0.0261 -0.017 -0.202 0.029 0.024 1.007 "" "" 14.775997 1.901944 15.709597 13.807652 "" "" 1692.50061 1870.17126 23149.8394 7.8155 7105.2 12.955 23774.0 19.996 "" "" 0.002779594974227429 0.0034211122 0.0038881432 0.007309255 278.35835309145 -10.67158203825 1772.53284 -0.017 -0.202 -0.04237423372268677 -0.09995705676078798 0.13978288 0.13478288 "" "" 0.912166395706093 "" 0.12365005178695111 ""
278.4116151272 -10.59070441018 0.0248 0.0224 11.9592 "" "" 4155000707042186112 1571.52307 0.5886 0.0281 -2.274 -4.643 0.03 0.027 1.057 5018.1 2.7473 14.777278 2.804446 16.374899 13.570453 34.33 3.46 1501.37 1647.18726 23122.54795 15.638 3850.0 12.325 29579.0 40.683 "" "" 0.002851486735821504 0.0044571287 0.00406371 0.008520839 278.4116151272 -10.59070441018 1571.52307 -2.274 -4.643 -2.299374233722687 -4.540957056760788 0.14078288 0.13778289 -2.6925000000000026 4.6965384 37.91500569441475 38.010488198094784 5.247451912733342 5.244832049776453
278.71535877621 -10.37075564903 0.1384 0.1316 21.1134 "" "" 4155032902117906176 1797.44067 0.6892 0.1647 -0.617 -3.464 0.176 0.144 6.007 8455.9 3.5273 14.789067 1.897991 15.687711 13.78972 -65.98 13.64 1397.91797 2415.28979 22872.81717 22.293 7249.9 17.109 24170.0 25.664 "" "" 0.0029515427167194426 0.0037881439 0.003951302 0.0077394457 278.71535877621 -10.37075564903 1797.44067 -0.6169999999999998 -3.464000000000004 -0.6423742337226868 -3.361957056760788 0.2867829 0.2547829 -103.0025 14.876539 29.16160779718616 107.05098960573372 7.464729492584505 14.457649640506071
278.46159957961 -10.20798563865 0.0233 0.0234 12.9335 "" "" 4155051422016952320 2066.80029 0.4449 0.0293 -0.445 -3.331 0.029 0.025 0.968 "" "" 14.797133 1.827046 15.682024 13.854978 "" "" 1947.71387 2196.3208 22703.52169 10.637 7288.0 18.009 22760.0 27.449 "" "" 0.002801883545537812 0.0038707927 0.003999788 0.007870581 278.46159957961 -10.20798563865 2066.80029 -0.44499999999999995 -3.331 -0.4703742337226868 -3.228957056760788 0.13978288 0.13578288 "" "" 31.96678487884756 "" 4.343237555427147 ""
278.34428694865 -10.41240769989 0.0251 0.023 1.2005 "" "" 4155023728067104128 1952.2959 0.4689 0.0274 -0.028 -0.095 0.03 0.025 0.951 9472.0 3.4923 14.800245 1.825686 15.673432 13.847747 "" "" 1855.94653 2033.10461 22638.54996 8.5685 7345.9 23.788 22912.0 53.055 "" "" 0.002785796600814966 0.0044885008 0.004539226 0.009027727 278.34428694865 -10.41240769989 1952.2959 -0.027999999999999997 -0.09500000000000008 -0.053374233722686765 0.007042943239212035 0.14078288 0.13578288 "" "" 0.49820035662100354 "" 0.07009619380321279 ""
278.53877186756 -10.37089696476 0.0223 0.0211 10.7533 "" "" 4155021907000840064 1925.09473 0.4776 0.0258 0.237 -0.155 0.027 0.024 1.018 7299.4 3.1963 14.801243 1.885154 15.7241 13.838946 "" "" 1836.27808 2026.6167 22617.75523 24.158 7011.0 31.544 23098.0 64.654 "" "" 0.002989420088775929 0.005625646 0.0048497287 0.010475375 278.53877186756 -10.37089696476 1925.09473 0.237 -0.155 0.21162576627731322 -0.05295705676078796 0.13778289 0.13478288 "" "" 1.9906179251615457 "" 0.2739247749054521 ""
278.16406351334 -10.22159241712 0.0235 0.0216 15.6341 "" "" 4155076916943937920 1980.65381 0.4476 0.0269 1.271 -0.222 0.027 0.023 1.01 4625.9 2.5847 14.80177 3.002137 16.560955 13.558818 -1.94 3.72 1896.39514 2076.67017 22606.78668 13.015 3243.7 10.099 29897.0 25.182 "" "" 0.002825332493554055 0.0043831305 0.0038884508 0.0082715815 278.16406351334 -10.22159241712 1980.65381 1.270999999999998 -0.222 1.2456257662773131 -0.11995705676078797 0.13778289 0.13378288 -38.9625 4.956538 11.748409729377903 40.695227452606055 1.6183041935633173 4.768439975695212
278.11055447136 -10.53897172065 0.0243 0.0231 16.9001 "" "" 4154922126329204480 2103.28442 0.4262 0.0286 -0.369 -1.72 0.03 0.025 1.029 "" "" 14.80319 2.522369 16.181477 13.659107 "" "" 1980.68396 2244.72974 22577.22873 12.79 4600.7 11.955 27259.0 35.712 "" "" 0.0028231365389148506 0.0039679725 0.004038194 0.008006167 278.11055447136 -10.53897172065 2103.28442 -0.369 -1.72 -0.39437423372268676 -1.617957056760788 0.14078288 0.13578288 "" "" 16.602597176489198 "" 2.259084710502085 ""
278.25634729669 -10.71200909468 0.0237 0.0213 19.7675 "" "" 4154904431063717632 1898.28613 0.487 0.0269 1.516 -2.467 0.029 0.023 0.963 "" "" 14.806079 1.93059 15.757306 13.826716 "" "" 1814.89722 2007.34363 22517.25003 7.8727 6799.8 20.667 23360.0 52.289 "" "" 0.002781346768610402 0.0043214154 0.0044933436 0.00881476 278.25634729669 -10.71200909468 1898.28613 1.5159999999999976 -2.4669999999999987 1.4906257662773132 -2.364957056760788 0.13978288 0.13378288 "" "" 25.153831521077315 "" 3.408742465235275 ""
278.28381378467 -10.39717399773 0.0226 0.0207 4.4203 "" "" 4155018848984329728 1983.63953 0.4682 0.0266 -0.173 0.029 0.027 0.023 1.008 "" "" 14.813133 1.700345 15.617057 13.916712 "" "" 1897.04102 2092.77612 22371.41371 6.8122 7737.4 12.399 21502.0 21.413 "" "" 0.002775084416241869 0.0032881885 0.0039310064 0.007219195 278.28381378467 -10.39717399773 1983.63953 -0.173 0.029 -0.19837423372268675 0.13104294323921203 0.13778289 0.13378288 "" "" 2.2354234622437272 "" 0.3053142876355794 ""
278.41816162686 -10.37089023438 0.0238 0.0227 3.875 "" "" 4155021391604869888 1896.03918 0.4861 0.0284 -0.023 -0.012 0.029 0.025 1.05 10374.4 3.9465 14.813552 1.818513 15.690643 13.87213 "" "" 1796.23938 2028.43372 22362.78994 16.745 7230.4 19.463 22403.0 57.184 "" "" 0.002872757718883011 0.004040635 0.0046865926 0.008727228 278.41816162686 -10.37089023438 1896.03918 -0.023 -0.012 -0.04837423372268677 0.09004294323921204 0.13978288 0.13578288 "" "" 0.9186245235106764 "" 0.12556583263946267 ""
