Clusters/NGC_6649/NGC_6649_members.tsv
# %ECSV 1.0
# ---
# datatype:
# - name: RA_ICRS_1
#   unit: deg
#   datatype: float64
#   format: '{:15.11f}'
#   description: Right ascension (ICRS) at Ep=2016.0 (ra)
#   meta: !!omap
#   - {ucd: POS_EQ_RA_MAIN}
#   - {width: 15}
#   - {precision: '11'}
# - name: DE_ICRS_1
#   unit: deg
#   datatype: float64
#   format: '{:15.11f}'
#   description: Declination (ICRS) at Ep=2016.0 (dec)
#   meta: !!omap
#   - {ucd: POS_EQ_DEC_MAIN}
#   - {width: 15}
#   - {precision: '11'}
# - name: e_RA_ICRS
#   unit: mas
#   datatype: float64
#   format: '{:7.4f}'
#   description: Standard error of right ascension (ra_error)
#   meta: !!omap
#   - {ucd: ERROR}
#   - {width: 7}
#   - {precision: '4'}
# - name: e_DE_ICRS
#   unit: mas
#   datatype: float64
#   format: '{:7.4f}'
#   description: Standard error of declination (dec_error)
#   meta: !!omap
#   - {ucd: ERROR}
#   - {width: 7}
#   - {precision: '4'}
# - name: _r_1
#   unit: ''
#   datatype: float64
#   format: '{:7.4f}'
#   description: Distance from center (278.35870667000-10.39829416000)[ICRS], at Epoch=J2016.0
#   meta: !!omap
#   - {ucd: POS_ANG_DIST_GENERAL}
#   - {width: 7}
#   - {precision: '4'}
# - name: HIP
#   datatype: int32
#   description: '? HIP cross-id number, van Leeuwen, Cat. I/311 (hip_original_ext_source_id)'
#   meta: !!omap
#   - {ucd: ID_NUMBER}
#   - {width: 6}
#   - values: {'null': -2147483648}
# - name: TYC2
#   datatype: string
#   description: Tycho-2 cross-id name, Hog et al., Cat. I/259 (tyc2_original_ext_source_id)
#   meta: !!omap
#   - {ucd: ID_CROSSID}
#   - {_votable_string_dtype: char}
# - name: Source
#   datatype: int64
#   description: Source identifier, identical to the Gaia-EDR3 source_id (id)
#   meta: !!omap
#   - {ucd: ID_MAIN}
#   - {width: 19}
# - name: rgeo
#   unit: pc
#   datatype: float64
#   format: '{:15.8f}'
#   description: '? Median of the geometric distance posterior (r_med_geo)'
#   meta: !!omap
#   - {ucd: PHYS_DISTANCE_TRUE}
#   - {width: 15}
#   - {precision: '8'}
#   - values: {'null': .nan}
# - name: Plx
#   unit: mas
#   datatype: float64
#   format: '{:9.4f}'
#   description: '? Parallax (parallax)'
#   meta: !!omap
#   - {ucd: POS_PARLX_TRIG}
#   - {width: 9}
#   - {precision: '4'}
#   - values: {'null': .nan}
# - name: e_Plx
#   unit: mas
#   datatype: float32
#   format: '{:7.4f}'
#   description: '? Standard error of parallax (parallax_error)'
#   meta: !!omap
#   - {ucd: ERROR}
#   - {width: 7}
#   - {precision: '4'}
#   - values: {'null': .nan}
# - name: pmRA
#   unit: mas / yr
#   datatype: float64
#   format: '{:9.3f}'
#   description: '? Proper motion in right ascension direction, pmRA*cosDE (pmra)'
#   meta: !!omap
#   - {ucd: POS_EQ_PMRA}
#   - {width: 9}
#   - {precision: '3'}
#   - values: {'null': .nan}
# - name: pmDE
#   unit: mas / yr
#   datatype: float64
#   format: '{:9.3f}'
#   description: '? Proper motion in declination direction (pmdec)'
#   meta: !!omap
#   - {ucd: POS_EQ_PMDEC}
#   - {width: 9}
#   - {precision: '3'}
#   - values: {'null': .nan}
# - name: e_pmRA
#   unit: mas / yr
#   datatype: float32
#   format: '{:6.3f}'
#   description: '? Standard error of proper motion in right ascension direction (pmra_error)'
#   meta: !!omap
#   - {ucd: ERROR}
#   - {width: 6}
#   - {precision: '3'}
#   - values: {'null': .nan}
# - name: e_pmDE
[...]
#         unit: &id001 !astropy.units.Unit {unit: deg}
#         value: !astropy.table.SerializedColumn {name: SkyCoord.dec}
#       distance: !astropy.table.SerializedColumn
#         __class__: astropy.coordinates.distances.Distance
#         unit: !astropy.units.Unit {unit: pc}
#         value: !astropy.table.SerializedColumn {name: SkyCoord.distance}
#       frame: icrs
#       obstime: !astropy.time.Time {format: jyear_str, in_subfmt: '*', jd1: 367701545.0, jd2: 0.0, out_subfmt: '*', precision: 3, scale: tt}
#       pm_dec: !astropy.table.SerializedColumn
#         __class__: astropy.units.quantity.Quantity
#         unit: !astropy.units.Unit {unit: mas / yr}
#         value: !astropy.table.SerializedColumn {name: SkyCoord.pm_dec}
#       pm_ra_cosdec: !astropy.table.SerializedColumn
#         __class__: astropy.units.quantity.Quantity
#         unit: !astropy.units.Unit {unit: mas / yr}
#         value: !astropy.table.SerializedColumn {name: SkyCoord.pm_ra_cosdec}
#       ra: !astropy.table.SerializedColumn
#         __class__: astropy.coordinates.angles.Longitude
#         unit: *id001
#         value: !astropy.table.SerializedColumn {name: SkyCoord.ra}
#         wrap_angle: !astropy.coordinates.Angle
#           unit: *id001
#           value: 360.0
#       representation_type: spherical
# schema: astropy-2.0
RA_ICRS_1 DE_ICRS_1 e_RA_ICRS e_DE_ICRS _r_1 HIP TYC2 Source rgeo Plx e_Plx pmRA pmDE e_pmRA e_pmDE RUWE Teff logg Gmag BP-RP BPmag RPmag RV e_RV b_rgeo B_rgeo FG e_FG FBP e_FBP FRP e_FRP RAVE5 RAVE6 e_Gmag e_BPmag e_RPmag e_BP-RP SkyCoord.ra SkyCoord.dec SkyCoord.distance SkyCoord.pm_ra_cosdec SkyCoord.pm_dec Pmemb
[from data line 121]
278.35824057628 -10.37877262356 0.0307 0.0278 1.1716 "" "" 4155024071664511744 1877.63269 0.5031 0.0366 0.197 -0.13 0.037 0.034 1.045 9193.3 3.568 15.477051 1.927336 16.428514 14.501179 "" "" 1746.57581 2019.09009 12137.42371 5.2582 3664.5 13.107 12551.0 17.59 "" "" 0.002795180236513385 0.00478183 0.004074201 0.008856031 278.35824057628 -10.37877262356 1877.63269 0.197 -0.13 1.0
278.26884450771 -10.52647038031 0.0308 0.0285 9.3411 "" "" 4155012561152084096 2018.4386 0.4599 0.0366 -0.026 -0.241 0.037 0.03 1.005 9247.1 3.5667 15.478614 1.936257 16.433804 14.497546 "" "" 1881.79712 2159.82495 12119.95641 6.7075 3646.7 14.335 12593.0 25.727 "" "" 0.002820077978624389 0.005099085 0.0043822103 0.009481296 278.26884450771 -10.52647038031 2018.4386 -0.026 -0.241 0.8
278.27389162391 -10.45640908561 0.0317 0.0287 6.0998 "" "" 4155017302796052480 1759.01331 0.5258 0.0373 -0.033 -0.345 0.036 0.03 1.011 9213.7 3.8514 15.48472 1.853598 16.38023 14.526632 "" "" 1648.75745 1908.3396 12051.99019 5.0014 3831.1 11.181 12260.0 13.717 "" "" 0.002791916527409476 0.004222052 0.0039698095 0.008191861 278.27389162391 -10.45640908561 1759.01331 -0.033 -0.3449999999999999 0.8
278.35604744119 -10.4286192643 0.0305 0.0274 1.8263 "" "" 4155020704410101120 2271.48218 0.4081 0.0365 -0.039 -0.12 0.036 0.031 0.987 9421.2 3.7661 15.487744 1.918018 16.434067 14.516048 "" "" 2057.14819 2469.18799 12018.46069 5.0531 3645.8 14.663 12381.0 15.291 "" "" 0.0027928792524375317 0.0051820073 0.004010213 0.009192221 278.35604744119 -10.4286192643 2271.48218 -0.03900000000000001 -0.12000000000000001 1.0
278.35702166795 -10.45196058534 0.0307 0.0266 3.2215 "" "" 4155014760175335680 1864.80688 0.4951 0.0352 0.01 -0.146 0.036 0.031 1.012 9252.3 3.6897 15.496781 1.860022 16.404196 14.544174 "" "" 1757.41345 1984.1123 11918.84276 4.9579 3747.5 18.01 12064.0 16.067 "" "" 0.002792089528782416 0.0059170607 0.004046559 0.0099636195 278.35702166795 -10.45196058534 1864.80688 0.01 -0.146 0.8
278.31469192642 -10.48473207495 0.0314 0.0286 5.8002 "" "" 4155014210419525888 1871.47192 0.4845 0.0375 0.111 -0.033 0.039 0.031 1.009 "" "" 15.501104 1.792513 16.361902 14.569389 "" "" 1767.67371 1994.04846 11871.48165 4.6661 3896.3 18.894 11787.0 13.626 "" "" 0.0027881723181821696 0.0059586028 0.0039823465 0.009940949 278.31469192642 -10.48473207495 1871.47192 0.111 -0.033 0.9
278.37005667739 -10.41693625527 0.0311 0.0275 1.3037 "" "" 4155020738769838464 1971.95312 0.4713 0.0354 0.205 0.092 0.037 0.032 1.044 9273.4 3.7864 15.522152 1.934749 16.465673 14.530925 "" "" 1853.04663 2099.75391 11643.56925 4.904 3541.2 16.172 12212.0 46.489 "" "" 0.0027930092341715215 0.0056894934 0.00560064 0.011290133 278.37005667739 -10.41693625527 1971.95312 0.20500000000000002 0.092 1.0
278.33235110095 -10.34294480661 0.0353 0.0318 3.6672 "" "" 4155024999377661824 1752.245 0.5382 0.0414 -0.124 -0.051 0.041 0.034 1.072 9565.7 3.7341 15.535655 1.953758 16.501207 14.547449 "" "" 1612.16187 1889.31189 11499.65252 5.8777 3427.2 18.637 12028.0 18.001 "" "" 0.0028106492451220972 0.0065302826 0.0041138837 0.010644166 278.33235110095 -10.34294480661 1752.245 -0.124 -0.051 0.8
278.33463653488 -10.35444379727 0.0347 0.0334 2.99 "" "" 4155024926353431040 1954.76929 0.4669 0.0375 0.159 0.056 0.042 0.037 0.922 9500.0 3.5219 15.551598 2.040545 16.579695 14.539149 "" "" 1852.08557 2123.79663 11332.03023 6.4556 3188.2 11.072 12120.0 19.11 "" "" 0.002823890114433811 0.0046906397 0.004149022 0.008839661 278.33463653488 -10.35444379727 1954.76929 0.15899999999999997 0.056 1.0
278.38632205507 -10.39520945867 0.0321 0.0285 1.6402 "" "" 4155023831146298240 1880.16443 0.5013 0.0391 0.232 -0.15 0.041 0.039 0.99 9808.8 3.9427 15.553283 1.775613 16.402426 14.626813 "" "" 1773.2041 2020.71497 11314.4561 6.8581 3753.6 23.069 11180.0 22.518 "" "" 0.002832823689253962 0.007232613 0.004366451 0.011599064 278.38632205507 -10.39520945867 1880.16443 0.23199999999999998 -0.15 1.0
278.34026503398 -10.37932137371 0.0337 0.0296 1.5749 "" "" 4155024071664529792 2271.14673 0.4055 0.0386 -0.161 -0.123 0.038 0.032 1.081 9439.0 3.7713 15.556337 1.979827 16.534035 14.554208 "" "" 2085.43945 2525.0603 11282.66447 9.357 3325.1 9.6062 11953.0 30.372 "" "" 0.0028987171493526217 0.0041980776 0.0046791798 0.008877257 278.34026503398 -10.37932137371 2271.14673 -0.161 -0.12300000000000001 0.9
278.34552051222 -10.27461929082 0.0327 0.0325 7.4612 "" "" 4155072755109432448 2058.52393 0.4513 0.0399 0.028 -0.055 0.04 0.033 1.053 9509.0 3.696 15.617389 1.858097 16.520792 14.662695 "" "" 1900.59363 2245.03833 10665.7436 4.5371 3365.9 13.803 10816.0 11.675 "" "" 0.0027937618311934683 0.00525444 0.0039569214 0.009211361 278.34552051222 -10.27461929082 2058.52393 0.027999999999999997 -0.05499999999999999 0.8
278.31237773962 -10.50981330473 0.0328 0.0312 7.228 "" "" 4155013866822119936 1908.89807 0.4973 0.0395 -0.006 -0.042 0.041 0.034 0.955 9251.2 3.6362 15.627968 1.800227 16.497034 14.696807 "" "" 1757.79077 2053.25 10562.32405 4.88 3440.4 13.085 10482.0 16.213 "" "" 0.002800611255844737 0.0049836896 0.0041356953 0.009119385 278.31237773962 -10.50981330473 1908.89807 -0.006 -0.041999999999999996 0.9
278.49787114137 -10.43444265573 0.0318 0.0305 8.4938 "" "" 4155019944188458240 1864.45996 0.4999 0.0374 -0.114 -0.099 0.039 0.037 1.02 9185.4 3.7952 15.631504 1.968965 16.587376 14.61841 "" "" 1741.71655 1995.64807 10527.98558 5.5377 3165.7 17.948 11267.0 42.084 "" "" 0.002813883267526959 0.006758439 0.005543459 0.012301898 278.49787114137 -10.43444265573 1864.45996 -0.11399999999999999 -0.09899999999999998 1.0
278.29145282544 -10.39519616125 0.0319 0.0295 3.9733 "" "" 4155018879039399424 1657.08472 0.5594 0.0372 -0.095 -0.185 0.038 0.032 0.96 "" "" 15.631504 1.777305 16.487051 14.709746 "" "" 1561.02637 1753.42126 10527.97754 5.4844 3472.1 12.121 10358.0 15.901 "" "" 0.0028127729004885868 0.0047065085 0.004130595 0.008837104 278.29145282544 -10.39519616125 1657.08472 -0.09499999999999999 -0.185 0.9
278.40143559032 -10.39133462951 0.033 0.032 2.556 "" "" 4155021254165910528 2074.89111 0.4463 0.0428 0.055 0.015 0.042 0.036 0.965 9217.2 3.5576 15.65405 1.86758 16.566446 14.698866 "" "" 1915.29016 2298.50098 10311.61416 5.5409 3227.3 10.908 10462.0 15.105 "" "" 0.002816409610613287 0.0046099583 0.004091582 0.0087015405 278.40143559032 -10.39133462951 2074.89111 0.05499999999999999 0.015 1.0
278.32322716899 -10.40114906463 0.0332 0.0303 2.1008 "" "" 4155023934225568256 1774.797 0.5256 0.0389 -0.096 -0.224 0.039 0.033 0.932 9241.5 3.6859 15.677091 1.782786 16.529531 14.746745 "" "" 1662.14819 1917.89038 10095.09446 4.1948 3338.9 12.017 10011.0 14.87 "" "" 0.002792011756575975 0.0048015486 0.004109085 0.008910634 278.32322716899 -10.40114906463 1774.797 -0.096 -0.22399999999999998 0.9
278.34618960254 -10.3917078504 0.0352 0.032 0.8378 "" "" 4155023968585294336 2166.17578 0.4164 0.0414 -0.035 -0.233 0.041 0.035 1.05 8991.3 3.6441 15.695346 2.000419 16.68967 14.689252 "" "" 1974.65576 2333.58252 9926.77775 4.897 2881.0 12.639 10555.0 11.669 "" "" 0.0028068958038081526 0.005520199 0.0039654146 0.009485614 278.34618960254 -10.3917078504 2166.17578 -0.035 -0.233 0.8
278.3452363515 -10.42514329935 0.0341 0.0326 1.7964 "" "" 4155017783832353280 2126.63403 0.4553 0.0445 0.145 -0.106 0.042 0.038 1.0 9357.7 3.6341 15.697171 1.905192 16.632195 14.727002 "" "" 1897.12524 2475.55688 9910.10751 4.5916 3037.7 10.255 10194.0 18.774 "" "" 0.0028008654643235497 0.004606497 0.004275746 0.008882243 278.3452363515 -10.42514329935 2126.63403 0.145 -0.10599999999999998 1.0
278.34218051305 -10.38727294993 0.0338 0.0309 1.1783 "" "" 4155023968585303040 2008.30103 0.4589 0.0397 -0.003 -0.117 0.04 0.034 0.916 9502.6 3.746 15.708292 1.860204 16.588078 14.727874 "" "" 1862.21899 2197.92065 9809.11678 4.1134 3163.6 10.666 10186.0 15.44 "" "" 0.002792684247780781 0.0046026674 0.0041221683 0.008724836 278.34218051305 -10.38727294993 2008.30103 -0.002999999999999999 -0.11699999999999999 1.0
278.2975607555 -10.44353355553 0.036 0.0325 4.5152 "" "" 4155017680753165184 2023.03162 0.4496 0.0416 -0.057 -0.067 0.043 0.036 0.915 "" "" 15.718666 1.727069 16.534689 14.80762 "" "" 1887.89246 2190.89917 9715.84035 5.0104 3323.1 19.513 9464.8 18.125 "" "" 0.0028116340218822832 0.0069591887 0.0043135476 0.011272736 278.2975607555 -10.44353355553 2023.03162 -0.05699999999999999 -0.06699999999999999 0.9
278.36608763785 -10.44206101161 0.033 0.0295 2.6619 "" "" 4155014760175336960 1891.60144 0.494 0.0382 -0.148 0.078 0.039 0.034 1.032 9229.5 3.7419 15.740203 2.026796 16.756327 14.72953 "" "" 1767.24194 2052.34766 9525.01025 4.1402 2709.5 9.4499 10171.0 21.114 "" "" 0.00279544450553594 0.004703641 0.004400422 0.009104063 278.36608763785 -10.44206101161 1891.60144 -0.14800000000000002 0.078 0.9
278.36384616622 -10.43645398003 0.0337 0.0301 2.3096 "" "" 4155020635690606976 1762.04358 0.5314 0.0389 -0.091 -0.319 0.04 0.035 1.041 9488.3 3.6743 15.740918 1.835805 16.62756 14.791755 "" "" 1629.74841 1873.41321 9518.74434 4.1142 3050.7 22.59 9604.1 17.887 "" "" 0.002794997510012099 0.008510122 0.0042863344 0.012796456 278.36384616622 -10.43645398003 1762.04358 -0.09099999999999998 -0.31900000000000006 0.9
278.34730658883 -10.27491745226 0.0352 0.0343 7.4331 "" "" 4155072759415356544 2138.88013 0.4255 0.042 0.101 -0.223 0.043 0.036 1.08 9229.8 3.7318 15.779688 1.834541 16.66937 14.834829 "" "" 1917.74976 2358.40723 9184.83662 4.3497 2935.4 17.179 9230.5 12.615 "" "" 0.0028028854464908254 0.0069397264 0.004060234 0.010999961 278.34730658883 -10.27491745226 2138.88013 0.10099999999999999 -0.22299999999999998 0.8
278.42831872497 -10.44276928703 0.0358 0.031 4.8985 "" "" 4155019742337345664 1949.10107 0.4692 0.0407 -0.152 -0.124 0.043 0.037 1.04 9426.6 3.6313 15.788866 1.814279 16.664171 14.849893 "" "" 1790.24402 2110.70361 9107.52485 4.6 2949.5 15.982 9103.4 12.842 "" "" 0.002809361179329429 0.0065112244 0.004077942 0.010589167 278.42831872497 -10.44276928703 1949.10107 -0.152 -0.124 1.0
278.38291962836 -10.40607820444 0.0432 0.0358 1.5033 "" "" 4155020841849052032 1552.62598 0.6157 0.0482 -0.066 -0.306 0.049 0.041 1.109 "" "" 15.79597 1.989362 16.749304 14.759942 "" "" 1446.82312 1664.0304 9048.13182 6.3774 2727.1 21.522 9889.7 105.86 "" "" 0.0028596175185744304 0.009011359 0.0122208735 0.021232232 278.38291962836 -10.40607820444 1552.62598 -0.066 -0.30600000000000005 0.8
278.31449957969 -10.38328867156 0.0371 0.0335 2.7599 "" "" 4155024002945069952 1626.82117 0.5657 0.0421 -0.153 -0.077 0.044 0.037 0.999 9230.0 3.6124 15.805054 2.001856 16.809597 14.807741 "" "" 1521.27979 1741.15894 8972.74193 4.4786 2579.8 10.998 9463.7 10.403 "" "" 0.0028081088118468308 0.0054045552 0.003963353 0.009367908 278.31449957969 -10.38328867156 1626.82117 -0.153 -0.077 0.9
278.31997613547 -10.28332903649 0.0413 0.04 7.2669 "" "" 4155072725055630720 1810.27051 0.5169 0.0489 0.005 0.092 0.05 0.042 1.103 8609.7 3.9026 15.849124 2.017971 16.859724 14.841753 "" "" 1664.95605 1973.48499 8615.82872 4.6823 2463.4 13.646 9171.9 19.003 "" "" 0.0028177907468017625 0.006630118 0.0043981816 0.011028299 278.31997613547 -10.28332903649 1810.27051 0.005000000000000001 0.09200000000000001 0.9
278.32254181045 -10.37271392778 0.0368 0.0343 2.6289 "" "" 4155024793219056000 1971.1582 0.4545 0.043 0.018 -0.121 0.044 0.037 0.905 9269.8 3.6061 15.860182 2.014567 16.848814 14.834247 "" "" 1843.88293 2158.82739 8528.52631 4.502 2488.2 8.9446 9235.5 18.038 "" "" 0.0028142976687509204 0.0047977655 0.0043336516 0.009131417 278.32254181045 -10.37271392778 1971.1582 0.018 -0.121 1.0
278.28755661513 -10.35554009424 0.0375 0.0342 4.9207 "" "" 4155025033737268992 1901.43811 0.4773 0.0424 0.134 -0.06 0.045 0.037 0.923 9287.2 3.7518 15.869707 1.834404 16.761318 14.926914 "" "" 1772.25964 2039.00342 8454.02984 4.7881 2697.1 16.076 8479.9 13.921 "" "" 0.002823105542642695 0.007047369 0.0041785953 0.011225965 278.28755661513 -10.35554009424 1901.43811 0.134 -0.05999999999999999 0.8
278.21960476741 -10.43918140613 0.0377 0.0366 8.5673 "" "" 4155018264868792064 1844.07922 0.4987 0.0469 0.093 -0.294 0.045 0.038 0.965 9268.2 3.7885 15.88612 1.856971 16.79331 14.936339 "" "" 1701.29443 1989.41235 8327.19491 4.2095 2618.7 12.883 8406.6 12.778 "" "" 0.002809453510384334 0.006026248 0.0041239867 0.010150235 278.21960476741 -10.43918140613 1844.07922 0.093 -0.2940000000000001 0.8
278.28929060952 -10.31686216883 0.0386 0.0353 6.3764 "" "" 4155072209659550592 1627.42798 0.5747 0.0445 -0.091 -0.056 0.045 0.038 1.01 9477.0 3.544 15.938052 2.151998 17.042961 14.890963 "" "" 1523.21216 1766.71167 7938.26738 4.2052 2080.8 10.798 8765.4 14.673 "" "" 0.0028147101436702435 0.0062872884 0.0041936846 0.010480973 278.28929060952 -10.31686216883 1627.42798 -0.09100000000000003 -0.055999999999999994 0.8
278.38976291838 -10.41341169585 0.0373 0.0346 2.0449 "" "" 4155020773129559680 1975.8114 0.4817 0.0423 0.203 0.079 0.045 0.039 0.962 "" "" 15.940094 1.846339 16.841135 14.994796 "" "" 1826.48853 2122.04517 7923.35306 4.0518 2505.9 8.9733 7966.0 17.004 "" "" 0.002810703838938711 0.0047854627 0.004433386 0.009218849 278.38976291838 -10.41341169585 1975.8114 0.203 0.079 0.9
278.34214354271 -10.4013073122 0.0399 0.0369 0.994 "" "" 4155023762426858112 1843.92334 0.5031 0.0471 -0.236 -0.358 0.048 0.039 0.932 7200.0 3.2308 15.974336 1.940234 16.93459 14.994355 "" "" 1714.19165 1967.20349 7677.36787 4.5427 2299.2 10.412 7969.2 13.481 "" "" 0.002829223570624137 0.005653307 0.0042020343 0.009855341 278.34214354271 -10.4013073122 1843.92334 -0.23599999999999993 -0.358 0.9
278.31334532584 -10.50158824943 0.0408 0.0363 6.7509 "" "" 4155013969901627904 1737.2832 0.5498 0.0481 0.068 -0.152 0.048 0.04 1.05 8865.4 3.3049 16.038443 1.796002 16.900331 15.104329 "" "" 1574.39966 1935.45508 7237.18076 3.8872 2372.9 11.437 7201.6 16.357 "" "" 0.002816357815559405 0.005930441 0.004512765 0.010443206 278.31334532584 -10.50158824943 1737.2832 0.06800000000000002 -0.152 1.0
278.31488635058 -10.39435086342 0.042 0.0388 2.5969 "" "" 4155024002945246080 1783.56335 0.5405 0.0515 0.072 -0.181 0.048 0.04 0.959 9314.1 3.7381 16.065434 1.909841 17.003338 15.093496 "" "" 1642.38696 1968.63196 7059.48546 3.7152 2158.2 10.174 7273.8 13.09 "" "" 0.002813943339438079 0.005829397 0.0042545805 0.010083977 278.31488635058 -10.39435086342 1783.56335 0.07199999999999998 -0.181 0.9
278.36799806016 -10.41196588688 0.047 0.0421 0.9867 "" "" 4155020738769844736 1665.90125 0.5749 0.0554 0.254 0.031 0.058 0.046 1.022 "" "" 16.162186 1.9204 17.115707 15.195308 "" "" 1518.45618 1845.43042 6457.62191 3.9055 1946.0 11.987 6622.7 22.014 "" "" 0.0028324843300965483 0.0072466205 0.005225771 0.012472391 278.36799806016 -10.41196588688 1665.90125 0.254 0.031 0.9
278.46247870701 -10.43377063268 0.0413 0.0403 6.4831 "" "" 4155020081627412352 1788.27173 0.5409 0.05 -0.058 -0.131 0.05 0.046 1.02 9244.0 3.697 16.167727 1.990948 17.161701 15.170754 "" "" 1640.56348 1920.23169 6424.74896 4.6693 1865.2 12.036 6774.2 13.818 "" "" 0.0028660832893354273 0.0075413235 0.004380473 0.011921797 278.46247870701 -10.43377063268 1788.27173 -0.05800000000000001 -0.13100000000000003 0.8
278.3547141021 -10.4483077667 0.0434 0.04 3.0101 "" "" 4155014760175340288 1837.72375 0.5179 0.0512 0.079 0.07 0.051 0.043 1.028 9358.8 3.8382 16.23393 1.930138 17.183247 15.253109 "" "" 1683.02271 2048.78345 6044.69665 3.7026 1828.6 12.403 6279.3 9.1448 "" "" 0.0028344462550612655 0.007875162 0.004096819 0.011971981 278.3547141021 -10.4483077667 1837.72375 0.07899999999999999 0.07 0.8
