Clusters/NGC_6649/NGC_6649_members.tsv
# %ECSV 1.0
# ---
# datatype:
# - name: RA_ICRS_1
#   unit: deg
#   datatype: float64
#   format: '{:15.11f}'
#   description: Right ascension (ICRS) at Ep=2016.0 (ra)
#   meta: !!omap
#   - {ucd: POS_EQ_RA_MAIN}
#   - {width: 15}
#   - {precision: '11'}
# - name: DE_ICRS_1
#   unit: deg
#   datatype: float64
#   format: '{:15.11f}'
#   description: Declination (ICRS) at Ep=2016.0 (dec)
#   meta: !!omap
#   - {ucd: POS_EQ_DEC_MAIN}
#   - {width: 15}
#   - {precision: '11'}
# - name: e_RA_ICRS
#   unit: mas
#   datatype: float64
#   format: '{:7.4f}'
#   description: Standard error of right ascension (ra_error)
#   meta: !!omap
#   - {ucd: ERROR}
#   - {width: 7}
#   - {precision: '4'}
# - name: e_DE_ICRS
#   unit: mas
#   datatype: float64
#   format: '{:7.4f}'
#   description: Standard error of declination (dec_error)
#   meta: !!omap
#   - {ucd: ERROR}
#   - {width: 7}
#   - {precision: '4'}
# - name: _r_1
#   unit: ''
#   datatype: float64
#   format: '{:7.4f}'
#   description: Distance from center (278.35870667000-10.39829416000)[ICRS], at Epoch=J2016.0
#   meta: !!omap
#   - {ucd: POS_ANG_DIST_GENERAL}
#   - {width: 7}
#   - {precision: '4'}
# - name: HIP
#   datatype: int32
#   description: '? HIP cross-id number, van Leeuwen, Cat. I/311 (hip_original_ext_source_id)'
#   meta: !!omap
#   - {ucd: ID_NUMBER}
#   - {width: 6}
#   - values: {'null': -2147483648}
# - name: TYC2
#   datatype: string
#   description: Tycho-2 cross-id name, Hog et al., Cat. I/259 (tyc2_original_ext_source_id)
#   meta: !!omap
#   - {ucd: ID_CROSSID}
#   - {_votable_string_dtype: char}
# - name: Source
#   datatype: int64
#   description: Source identifier, identical to the Gaia-EDR3 source_id (id)
#   meta: !!omap
#   - {ucd: ID_MAIN}
#   - {width: 19}
# - name: rgeo
#   unit: pc
#   datatype: float64
#   format: '{:15.8f}'
#   description: '? Median of the geometric distance posterior (r_med_geo)'
#   meta: !!omap
#   - {ucd: PHYS_DISTANCE_TRUE}
#   - {width: 15}
#   - {precision: '8'}
#   - values: {'null': .nan}
# - name: Plx
#   unit: mas
#   datatype: float64
#   format: '{:9.4f}'
#   description: '? Parallax (parallax)'
#   meta: !!omap
#   - {ucd: POS_PARLX_TRIG}
#   - {width: 9}
#   - {precision: '4'}
#   - values: {'null': .nan}
# - name: e_Plx
#   unit: mas
#   datatype: float32
#   format: '{:7.4f}'
#   description: '? Standard error of parallax (parallax_error)'
#   meta: !!omap
#   - {ucd: ERROR}
#   - {width: 7}
#   - {precision: '4'}
#   - values: {'null': .nan}
# - name: pmRA
#   unit: mas / yr
#   datatype: float64
#   format: '{:9.3f}'
#   description: '? Proper motion in right ascension direction, pmRA*cosDE (pmra)'
#   meta: !!omap
#   - {ucd: POS_EQ_PMRA}
#   - {width: 9}
#   - {precision: '3'}
#   - values: {'null': .nan}
# - name: pmDE
#   unit: mas / yr
#   datatype: float64
#   format: '{:9.3f}'
#   description: '? Proper motion in declination direction (pmdec)'
#   meta: !!omap
#   - {ucd: POS_EQ_PMDEC}
#   - {width: 9}
#   - {precision: '3'}
#   - values: {'null': .nan}
# - name: e_pmRA
#   unit: mas / yr
#   datatype: float32
#   format: '{:6.3f}'
#   description: '? Standard error of proper motion in right ascension direction (pmra_error)'
#   meta: !!omap
#   - {ucd: ERROR}
#   - {width: 6}
#   - {precision: '3'}
#   - values: {'null': .nan}
# - name: e_pmDE
[...]
#         unit: &id001 !astropy.units.Unit {unit: deg}
#         value: !astropy.table.SerializedColumn {name: SkyCoord.dec}
#       distance: !astropy.table.SerializedColumn
#         __class__: astropy.coordinates.distances.Distance
#         unit: !astropy.units.Unit {unit: pc}
#         value: !astropy.table.SerializedColumn {name: SkyCoord.distance}
#       frame: icrs
#       obstime: !astropy.time.Time {format: jyear_str, in_subfmt: '*', jd1: 367701545.0, jd2: 0.0, out_subfmt: '*', precision: 3, scale: tt}
#       pm_dec: !astropy.table.SerializedColumn
#         __class__: astropy.units.quantity.Quantity
#         unit: !astropy.units.Unit {unit: mas / yr}
#         value: !astropy.table.SerializedColumn {name: SkyCoord.pm_dec}
#       pm_ra_cosdec: !astropy.table.SerializedColumn
#         __class__: astropy.units.quantity.Quantity
#         unit: !astropy.units.Unit {unit: mas / yr}
#         value: !astropy.table.SerializedColumn {name: SkyCoord.pm_ra_cosdec}
#       ra: !astropy.table.SerializedColumn
#         __class__: astropy.coordinates.angles.Longitude
#         unit: *id001
#         value: !astropy.table.SerializedColumn {name: SkyCoord.ra}
#         wrap_angle: !astropy.coordinates.Angle
#           unit: *id001
#           value: 360.0
#       representation_type: spherical
# schema: astropy-2.0
RA_ICRS_1 DE_ICRS_1 e_RA_ICRS e_DE_ICRS _r_1 HIP TYC2 Source rgeo Plx e_Plx pmRA pmDE e_pmRA e_pmDE RUWE Teff logg Gmag BP-RP BPmag RPmag RV e_RV b_rgeo B_rgeo FG e_FG FBP e_FBP FRP e_FRP RAVE5 RAVE6 e_Gmag e_BPmag e_RPmag e_BP-RP SkyCoord.ra SkyCoord.dec SkyCoord.distance SkyCoord.pm_ra_cosdec SkyCoord.pm_dec Pmemb
[from data line 80]
278.5001489812 -10.48400630359 0.0255 0.0229 9.8032 "" "" 4155007613349620736 1968.03735 0.4711 0.0299 0.066 -0.197 0.03 0.025 1.037 9422.3 3.6517 14.881058 1.764177 15.726789 13.962612 "" "" 1879.55847 2077.85986 21014.71736 7.9969 6993.6 17.435 20612.0 26.167 "" "" 0.002786125240874201 0.0038873453 0.00402288 0.007910226 278.5001489812 -10.48400630359 1968.03735 0.066 -0.197 1.0
278.39539940837 -10.27704939397 0.0241 0.0237 7.5902 "" "" 4155027164041031680 1742.30054 0.5322 0.0278 0.062 -0.003 0.03 0.026 0.957 "" "" 14.895604 1.786164 15.752573 13.966409 -18.24 6.58 1662.76807 1829.39111 20735.0555 7.0071 6829.5 13.379 20540.0 24.072 "" "" 0.0027796422495496745 0.0035084186 0.003987834 0.0074962527 278.39539940837 -10.27704939397 1742.30054 0.062 -0.003 0.9
278.25761589473 -10.49658756789 0.0241 0.0223 8.3882 "" "" 4155017062278089856 1947.15857 0.4776 0.0287 0.148 -0.273 0.03 0.025 1.083 10856.4 3.8088 14.910883 1.944485 15.872864 13.928379 "" "" 1843.04529 2051.6001 20445.30465 12.476 6113.2 14.381 21272.0 40.282 "" "" 0.0028338554038537995 0.0037826817 0.004302434 0.008085116 278.25761589473 -10.49658756789 1947.15857 0.148 -0.27299999999999996 0.8
278.33523761083 -10.41571164833 0.0258 0.0231 1.735 "" "" 4155017852551849216 2082.90454 0.4463 0.0309 0.007 -0.075 0.03 0.026 1.123 "" "" 14.966977 1.758775 15.806576 14.047801 "" "" 1929.48706 2236.02979 19415.83284 6.4417 6498.1 18.774 19056.0 20.064 "" "" 0.002778767428318444 0.0041982047 0.0039484883 0.008146693 278.33523761083 -10.41571164833 2082.90454 0.007000000000000001 -0.075 1.0
278.25929679165 -10.40681147475 0.0242 0.0223 5.8888 "" "" 4155018780264863872 2202.32275 0.4193 0.0283 0.071 -0.186 0.029 0.024 1.045 9331.0 3.4745 14.969983 1.696564 15.766433 14.069869 "" "" 2097.6189 2368.48608 19362.14183 7.3423 6742.9 15.903 18673.0 22.787 "" "" 0.002785911625201133 0.003787106 0.0040048975 0.0077920035 278.25929679165 -10.40681147475 2202.32275 0.07099999999999998 -0.186 0.9
278.33590894985 -10.39900844619 0.0254 0.0223 1.3461 "" "" 4155023934225558400 2107.36694 0.4376 0.0293 -0.034 0.017 0.031 0.025 1.065 8320.8 3.6188 15.004624 1.791417 15.867585 14.076168 "" "" 1993.03711 2219.2998 18754.12848 6.3643 6143.0 12.605 18565.0 18.727 "" "" 0.0027798461248192724 0.003570487 0.0039348714 0.007505358 278.33590894985 -10.39900844619 2107.36694 -0.033999999999999996 0.017 1.0
278.3620460515 -10.37683032009 0.026 0.0244 1.3028 "" "" 4155024106024248832 1927.54395 0.4776 0.033 -0.029 -0.15 0.032 0.027 1.08 9863.3 3.6843 15.00508 1.908267 15.942119 14.033852 "" "" 1836.72437 2061.7085 18746.2591 8.3321 5735.5 11.577 19303.0 13.813 "" "" 0.0027972606811246642 0.003547941 0.0038584147 0.007406356 278.3620460515 -10.37683032009 1927.54395 -0.028999999999999998 -0.15000000000000002 0.9
278.23100876683 -10.44387332606 0.025 0.0235 8.0164 "" "" 4155018196149301504 1797.44385 0.5194 0.0291 0.124 -0.128 0.03 0.025 0.979 "" "" 15.017992 1.864446 15.928547 14.064101 "" "" 1689.84583 1905.88623 18524.64239 6.5939 5807.6 10.454 18772.0 16.146 "" "" 0.0027822920752237816 0.0034065626 0.0038930464 0.007299609 278.23100876683 -10.44387332606 1797.44385 0.12399999999999999 -0.128 1.0
278.29633836053 -10.46134712461 0.0253 0.0231 5.278 "" "" 4155017234076545536 2135.59326 0.4253 0.0307 -0.034 -0.294 0.03 0.025 0.944 "" "" 15.034477 1.625264 15.788566 14.163301 "" "" 2020.31433 2300.23364 18245.49883 6.9534 6606.8 20.068 17133.0 22.11 "" "" 0.002786216139234416 0.0043198587 0.0040307445 0.008350603 278.29633836053 -10.46134712461 2135.59326 -0.033999999999999996 -0.294 0.8
278.35108272481 -10.35666233935 0.0284 0.0254 2.5381 "" "" 4155024174743756160 1750.92773 0.5388 0.034 -0.037 -0.268 0.033 0.027 1.023 9415.3 3.6977 15.038517 1.962545 16.015259 14.052713 "" "" 1659.5387 1846.72327 18177.73859 6.842 5361.8 13.416 18970.0 19.651 "" "" 0.0027854616406935415 0.0038942702 0.003943185 0.007837455 278.35108272481 -10.35666233935 1750.92773 -0.037000000000000005 -0.268 0.8
278.23896400265 -10.36146571726 0.025 0.0225 7.4044 "" "" 4155066123679721728 1916.98413 0.4833 0.0294 0.069 0.051 0.03 0.024 1.024 9566.9 3.4093 15.041514 1.714274 15.851576 14.137301 "" "" 1816.41907 2035.38232 18127.62515 6.544 6234.3 18.131 17548.0 23.443 "" "" 0.0027830579221244066 0.0042137327 0.0040481603 0.008261893 278.23896400265 -10.36146571726 1916.98413 0.069 0.051 0.8
278.38900383566 -10.38392703719 0.026 0.0236 1.985 "" "" 4155024209103429376 2021.84534 0.4513 0.0328 0.071 -0.052 0.032 0.026 0.91 9253.9 3.4076 15.042626 1.791794 15.902891 14.111097 "" "" 1890.53003 2162.10278 18109.06755 6.9956 5946.5 10.343 17977.0 21.043 "" "" 0.0027870604272736458 0.0033691775 0.0039873472 0.0073565245 278.38900383566 -10.38392703719 2021.84534 0.071 -0.052 1.0
278.40008427863 -10.41248742284 0.0257 0.0231 2.5861 "" "" 4155020807489288960 2028.46521 0.4421 0.0315 0.043 -0.141 0.031 0.029 0.979 9540.3 3.4442 15.071004 1.728001 15.889257 14.161257 "" "" 1910.39771 2179.68994 17641.89498 6.7744 6021.6 16.508 17165.0 22.152 "" "" 0.0027866843095816127 0.0040797843 0.0040307604 0.008110545 278.40008427863 -10.41248742284 2028.46521 0.043 -0.141 1.0
278.48297688705 -10.41692621429 0.0249 0.0235 7.4183 "" "" 4155020223373664128 2298.61719 0.3988 0.0297 0.134 -0.058 0.031 0.028 0.969 "" "" 15.108085 2.009456 16.11597 14.106515 "" "" 2163.1626 2442.97485 17049.55267 7.3607 4886.8 13.903 18053.0 23.665 "" "" 0.0027949069753003524 0.004162517 0.004038486 0.008201003 278.48297688705 -10.41692621429 2298.61719 0.134 -0.05800000000000001 0.9
278.2748687644 -10.44732288941 0.0268 0.0242 5.7558 "" "" 4155017504649799808 2001.22461 0.4643 0.0314 0.023 -0.193 0.031 0.026 0.901 "" "" 15.128299 1.8381 16.004356 14.166256 "" "" 1892.1781 2105.62354 16735.06595 6.8215 5415.9 12.04 17087.0 20.089 "" "" 0.0027906366485962127 0.003689297 0.003989129 0.007678426 278.2748687644 -10.44732288941 2001.22461 0.023 -0.193 0.8
278.42472028939 -10.40595918065 0.0254 0.0234 3.9228 "" "" 4155020979287963904 1999.00476 0.4608 0.0308 0.093 -0.027 0.031 0.027 0.946 "" "" 15.129835 1.933641 16.082838 14.149197 "" "" 1881.97412 2107.74048 16711.39694 7.1038 5038.3 21.894 17357.0 15.368 "" "" 0.0027937075070319016 0.005481363 0.0038997256 0.009381088 278.42472028939 -10.40595918065 1999.00476 0.09299999999999997 -0.027 1.0
278.37880153673 -10.42204843522 0.0266 0.0237 1.8541 "" "" 4155020670050347264 1971.85669 0.4727 0.0307 0.075 -0.157 0.032 0.027 1.06 9073.6 3.761 15.171906 1.790215 16.03029 14.240075 "" "" 1859.88623 2085.31689 16076.22838 5.3094 5288.1 12.711 15963.0 18.837 "" "" 0.002778555151341318 0.003820473 0.0039906437 0.007811117 278.37880153673 -10.42204843522 1971.85669 0.075 -0.15700000000000003 1.0
278.48197860127 -10.45108940736 0.026 0.0246 7.934 "" "" 4155019811056775424 1954.93701 0.4685 0.0303 -0.072 -0.167 0.031 0.028 0.955 "" "" 15.178824 1.906502 16.115335 14.208834 "" "" 1853.06543 2077.76636 15974.11517 6.4022 4889.7 17.132 16430.0 18.501 "" "" 0.002789470016498123 0.004717638 0.003972211 0.008689849 278.48197860127 -10.45108940736 1954.93701 -0.07200000000000001 -0.16700000000000004 0.9
278.48344183984 -10.5105916604 0.0291 0.0256 9.9783 "" "" 4155007265444929152 2031.82227 0.4516 0.0317 -0.028 -0.082 0.034 0.028 0.99 9538.0 3.7535 15.229323 1.90099 16.164257 14.263267 "" "" 1900.53259 2216.90991 15248.15495 6.2327 4674.3 12.057 15626.0 19.413 "" "" 0.0027908321580749403 0.0039532594 0.0040128753 0.007966135 278.48344183984 -10.5105916604 2031.82227 -0.027999999999999997 -0.08199999999999999 0.8
278.30810080592 -10.41537911684 0.0269 0.0248 3.1574 "" "" 4155018024350568576 1960.1311 0.4694 0.0317 0.076 0.053 0.032 0.027 1.025 "" "" 15.249347 1.973352 16.231375 14.258022 "" "" 1834.90259 2103.03271 14969.52132 6.505 4394.1 10.907 15702.0 28.284 "" "" 0.002795423140789916 0.0038791883 0.0042554233 0.008134612 278.30810080592 -10.41537911684 1960.1311 0.076 0.053 1.0
278.39187901196 -10.3121810711 0.0268 0.0265 5.5253 "" "" 4155025476109338240 2193.20532 0.4171 0.0331 -0.045 -0.127 0.033 0.028 0.944 9319.1 3.5977 15.264504 1.999171 16.263313 14.264142 "" "" 2044.69409 2389.8501 14762.00238 6.1327 4266.7 14.989 15614.0 21.47 "" "" 0.0027919959132120383 0.004725808 0.004063569 0.008789377 278.39187901196 -10.3121810711 2193.20532 -0.045000000000000005 -0.12700000000000003 0.9
278.45077323101 -10.4289788962 0.0289 0.026 5.7365 "" "" 4155020154654201216 1931.98376 0.4825 0.0356 -0.041 -0.214 0.036 0.034 1.055 7497.8 3.7752 15.268014 1.890503 16.189352 14.298849 "" "" 1801.89795 2062.11768 14714.34891 10.191 4567.5 22.92 15122.0 40.92 "" "" 0.0028560894763201452 0.0061211875 0.0047870167 0.010908204 278.45077323101 -10.4289788962 1931.98376 -0.041 -0.214 0.9
278.28210400714 -10.40096079926 0.0281 0.0259 4.5235 "" "" 4155018848984326528 1777.70972 0.5248 0.0325 0.029 0.002 0.034 0.028 0.979 9567.0 3.9233 15.270888 1.779239 16.124123 14.344884 "" "" 1682.06592 1860.60828 14675.45551 5.6064 4850.3 12.705 14495.0 16.664 "" "" 0.002786365205882262 0.0039841454 0.003980168 0.007964313 278.28210400714 -10.40096079926 1777.70972 0.029000000000000005 0.002 0.8
278.36658033581 -10.38211747667 0.0303 0.0274 1.0761 "" "" 4155023899865808256 1894.83972 0.5013 0.0361 0.051 -0.145 0.036 0.03 1.073 "" "" 15.325527 1.962005 16.29697 14.334966 "" "" 1763.67175 2037.95459 13955.1968 6.7637 4136.5 12.972 14628.0 17.107 "" "" 0.0028051209734428918 0.004402052 0.0039869733 0.008389026 278.36658033581 -10.38211747667 1894.83972 0.051 -0.145 1.0
278.36778801565 -10.45057246313 0.0284 0.0257 3.1821 "" "" 4155014554016896128 1865.67004 0.4933 0.0336 0.006 -0.214 0.034 0.029 1.026 9240.3 3.5206 15.326053 1.850271 16.225172 14.374901 "" "" 1746.59204 1985.22876 13948.44634 4.9665 4419.2 12.239 14099.0 23.191 "" "" 0.002782308400115311 0.00410205 0.0041800886 0.008282138 278.36778801565 -10.45057246313 1865.67004 0.006000000000000001 -0.21400000000000002 0.8
278.32122827175 -10.38824598102 0.0297 0.0264 2.2925 "" "" 4155024002945060608 2071.67896 0.4466 0.0339 -0.069 0.065 0.034 0.029 0.959 "" "" 15.338601 1.980651 16.32262 14.341969 "" "" 1942.81409 2239.62695 13788.15886 6.5063 4039.9 17.519 14534.0 12.977 "" "" 0.0028025478104860306 0.0054729353 0.0039017315 0.009374667 278.32122827175 -10.38824598102 2071.67896 -0.069 0.065 1.0
278.38243685745 -10.35157096397 0.0294 0.0276 3.1338 "" "" 4155024518341116288 2170.15698 0.4313 0.0355 0.014 -0.053 0.037 0.03 0.904 8844.5 3.6917 15.343925 2.046602 16.375895 14.329292 "" "" 1982.40845 2402.4502 13720.70747 7.0065 3846.4 14.99 14704.0 19.596 "" "" 0.002810548901204077 0.005068408 0.0040469025 0.00911531 278.38243685745 -10.35157096397 2170.15698 0.014 -0.053000000000000005 0.8
278.38121385569 -10.44578219946 0.0288 0.0257 3.1436 "" "" 4155020429532149376 1875.85046 0.5047 0.0333 -0.051 -0.061 0.034 0.029 1.058 "" "" 15.353982 1.876036 16.270542 14.394506 "" "" 1750.66675 2003.36475 13594.20789 4.8058 4238.4 10.429 13847.0 14.11 "" "" 0.002781926121346761 0.0038629372 0.0039379885 0.0078009255 278.38121385569 -10.44578219946 1875.85046 -0.051000000000000004 -0.061 1.0
278.30188856493 -10.43253290705 0.029 0.0268 3.9322 "" "" 4155017715112910720 1835.50061 0.5103 0.0342 0.014 -0.133 0.034 0.028 1.032 "" "" 15.36379 1.812386 16.237448 14.425061 "" "" 1736.60706 1950.01453 13471.96136 6.307 4369.6 14.565 13463.0 21.011 "" "" 0.002801812590104095 0.0045697354 0.0041418467 0.008711582 278.30188856493 -10.43253290705 1835.50061 0.013999999999999999 -0.13300000000000003 1.0
278.35354493128 -10.36811146577 0.0292 0.0274 1.8364 "" "" 4155024101734728704 2054.51758 0.4516 0.0363 -0.076 -0.005 0.035 0.029 0.94 9613.4 3.9905 15.369243 1.997021 16.313843 14.316822 "" "" 1923.20911 2217.09668 13404.46827 7.302 4072.7 43.768 14874.0 109.99 "" "" 0.00281808447026183 0.011997025 0.008873843 0.020870868 278.35354493128 -10.36811146577 2054.51758 -0.076 -0.005 1.0
278.37973464154 -10.38038925703 0.0314 0.0295 1.6414 "" "" 4155023899865795456 1807.7052 0.5112 0.0411 -0.097 -0.285 0.039 0.032 1.019 8393.7 2.9569 15.393603 1.8981 16.313162 14.415062 "" "" 1696.91455 1982.29614 13107.069 6.3828 4075.2 12.489 13587.0 21.926 "" "" 0.002805590791375982 0.0043424116 0.004165765 0.008508177 278.37973464154 -10.38038925703 1807.7052 -0.09700000000000002 -0.28500000000000003 1.0
278.38341752714 -10.4583132017 0.0295 0.0268 3.8852 "" "" 4155014485297400320 1756.04028 0.5337 0.0339 0.058 -0.158 0.035 0.031 0.983 "" "" 15.396949 1.943631 16.344723 14.401092 "" "" 1671.67407 1878.81995 13066.7369 5.0031 3958.5 14.645 13763.0 54.778 "" "" 0.002786504776121372 0.0048908014 0.005740872 0.010631673 278.38341752714 -10.4583132017 1756.04028 0.05800000000000002 -0.158 1.0
278.3218715798 -10.35015575206 0.0295 0.0268 3.615 "" "" 4155024965017769984 2034.81018 0.4563 0.0343 -0.129 -0.271 0.034 0.029 0.987 9396.2 4.079 15.400223 1.85182 16.303003 14.451183 "" "" 1892.72302 2178.28418 13027.39996 5.0519 4113.5 11.607 13143.0 15.835 "" "" 0.0027873037842699646 0.0041437573 0.003999363 0.00814312 278.3218715798 -10.35015575206 2034.81018 -0.12900000000000003 -0.27099999999999996 1.0
278.2946989758 -10.30263489002 0.0305 0.0287 6.8714 "" "" 4155072656336158592 2096.79492 0.4498 0.0373 -0.132 -0.151 0.037 0.031 1.013 "" "" 15.401537 2.18394 16.53013 14.34619 "" "" 1941.66724 2261.23462 13011.63803 7.0909 3337.1 14.103 14477.0 15.742 "" "" 0.002818135123171219 0.005370193 0.00395949 0.009329683 278.2946989758 -10.30263489002 2096.79492 -0.13199999999999998 -0.15099999999999994 1.0
278.29390878845 -10.27881897945 0.0301 0.0284 8.125 "" "" 4155072892548379008 1881.96533 0.4938 0.0381 0.115 -0.137 0.036 0.029 1.014 "" "" 15.423836 2.019975 16.434513 14.414538 "" "" 1742.98401 2027.55139 12747.13069 6.6083 3644.3 12.687 13594.0 21.374 "" "" 0.002812223781187727 0.00469808 0.0041470435 0.008845123 278.29390878845 -10.27881897945 1881.96533 0.115 -0.137 0.9
278.23909876943 -10.42724921678 0.0291 0.0277 7.2689 "" "" 4155018367948001152 1811.97534 0.5131 0.0341 -0.149 0.163 0.034 0.029 1.017 8699.3 3.5911 15.42538 1.86216 16.332191 14.470032 "" "" 1718.3623 1924.41919 12729.01987 5.1066 4004.4 10.578 12917.0 17.272 "" "" 0.0027895364201433173 0.0040013622 0.004048634 0.008049997 278.23909876943 -10.42724921678 1811.97534 -0.14900000000000002 0.163 0.8
278.37808990492 -10.4094001233 0.0322 0.0298 1.3238 "" "" 4155020841849053824 1630.66931 0.571 0.0363 0.073 -0.116 0.039 0.034 1.054 "" "" 15.446122 1.808721 16.325157 14.516437 "" "" 1536.51978 1724.75781 12488.14021 5.7255 4030.5 19.906 12376.0 25.55 "" "" 0.002799924500488304 0.006044756 0.0043940824 0.010438839 278.37808990492 -10.4094001233 1630.66931 0.073 -0.11600000000000002 1.0
278.37793431736 -10.38410524882 0.0333 0.0317 1.4186 "" "" 4155023895558425344 1855.31543 0.5132 0.0449 0.132 -0.081 0.039 0.031 0.982 9028.0 3.35 15.446401 1.885843 16.373184 14.487341 "" "" 1722.41003 2014.5459 12484.94038 5.9902 3856.1 14.11 12712.0 23.523 "" "" 0.0028041321620435695 0.004854755 0.0042802147 0.00913497 278.37793431736 -10.38410524882 1855.31543 0.132 -0.08099999999999999 0.8
278.42468592411 -10.42437841538 0.034 0.0296 4.1963 "" "" 4155020528304022016 1716.07886 0.5454 0.0405 -0.1 0.098 0.039 0.033 1.115 9249.0 3.675 15.447675 1.794719 16.308538 14.51382 "" "" 1586.02856 1875.88171 12470.30074 5.2391 4092.6 27.991 12406.0 15.899 "" "" 0.002792822720191164 0.007932692 0.004027383 0.011960074 278.42468592411 -10.42437841538 1716.07886 -0.1 0.09800000000000002 0.9
278.32325977017 -10.37394744885 0.0323 0.03 2.5515 "" "" 4155024793219053184 2109.71143 0.4327 0.0376 0.267 0.129 0.039 0.033 1.112 7957.5 3.5126 15.454585 1.935709 16.404888 14.469179 "" "" 1955.18604 2259.51196 12391.17706 6.1665 3745.1 9.9482 12927.0 16.892 "" "" 0.0028077988478208077 0.004012841 0.0040369043 0.008049745 278.32325977017 -10.37394744885 2109.71143 0.267 0.129 1.0
