Clusters/NGC_6649/NGC_6649_stars_in_region.tsv
# %ECSV 1.0
# ---
# datatype:
# - name: RA_ICRS_1
#   unit: deg
#   datatype: float64
#   format: '{:15.11f}'
#   description: Right ascension (ICRS) at Ep=2016.0 (ra)
#   meta: !!omap
#   - {ucd: POS_EQ_RA_MAIN}
#   - {width: 15}
#   - {precision: '11'}
# - name: DE_ICRS_1
#   unit: deg
#   datatype: float64
#   format: '{:15.11f}'
#   description: Declination (ICRS) at Ep=2016.0 (dec)
#   meta: !!omap
#   - {ucd: POS_EQ_DEC_MAIN}
#   - {width: 15}
#   - {precision: '11'}
# - name: e_RA_ICRS
#   unit: mas
#   datatype: float64
#   format: '{:7.4f}'
#   description: Standard error of right ascension (ra_error)
#   meta: !!omap
#   - {ucd: ERROR}
#   - {width: 7}
#   - {precision: '4'}
# - name: e_DE_ICRS
#   unit: mas
#   datatype: float64
#   format: '{:7.4f}'
#   description: Standard error of declination (dec_error)
#   meta: !!omap
#   - {ucd: ERROR}
#   - {width: 7}
#   - {precision: '4'}
# - name: _r_1
#   unit: ''
#   datatype: float64
#   format: '{:7.4f}'
#   description: Distance from center (278.35870667000-10.39829416000)[ICRS], at Epoch=J2016.0
#   meta: !!omap
#   - {ucd: POS_ANG_DIST_GENERAL}
#   - {width: 7}
#   - {precision: '4'}
# - name: HIP
#   datatype: int32
#   description: '? HIP cross-id number, van Leeuwen, Cat. I/311 (hip_original_ext_source_id)'
#   meta: !!omap
#   - {ucd: ID_NUMBER}
#   - {width: 6}
#   - values: {'null': -2147483648}
# - name: TYC2
#   datatype: string
#   description: Tycho-2 cross-id name, Hog et al., Cat. I/259 (tyc2_original_ext_source_id)
#   meta: !!omap
#   - {ucd: ID_CROSSID}
#   - {_votable_string_dtype: char}
# - name: Source
#   datatype: int64
#   description: Source identifier, identical to the Gaia-EDR3 source_id (id)
#   meta: !!omap
#   - {ucd: ID_MAIN}
#   - {width: 19}
# - name: rgeo
#   unit: pc
#   datatype: float64
#   format: '{:15.8f}'
#   description: '? Median of the geometric distance posterior (r_med_geo)'
#   meta: !!omap
#   - {ucd: PHYS_DISTANCE_TRUE}
#   - {width: 15}
#   - {precision: '8'}
#   - values: {'null': .nan}
# - name: Plx
#   unit: mas
#   datatype: float64
#   format: '{:9.4f}'
#   description: '? Parallax (parallax)'
#   meta: !!omap
#   - {ucd: POS_PARLX_TRIG}
#   - {width: 9}
#   - {precision: '4'}
#   - values: {'null': .nan}
# - name: e_Plx
#   unit: mas
#   datatype: float32
#   format: '{:7.4f}'
#   description: '? Standard error of parallax (parallax_error)'
#   meta: !!omap
#   - {ucd: ERROR}
#   - {width: 7}
#   - {precision: '4'}
#   - values: {'null': .nan}
# - name: pmRA
#   unit: mas / yr
#   datatype: float64
#   format: '{:9.3f}'
#   description: '? Proper motion in right ascension direction, pmRA*cosDE (pmra)'
#   meta: !!omap
#   - {ucd: POS_EQ_PMRA}
#   - {width: 9}
#   - {precision: '3'}
#   - values: {'null': .nan}
# - name: pmDE
#   unit: mas / yr
#   datatype: float64
#   format: '{:9.3f}'
#   description: '? Proper motion in declination direction (pmdec)'
#   meta: !!omap
#   - {ucd: POS_EQ_PMDEC}
#   - {width: 9}
#   - {precision: '3'}
#   - values: {'null': .nan}
# - name: e_pmRA
#   unit: mas / yr
#   datatype: float32
#   format: '{:6.3f}'
#   description: '? Standard error of proper motion in right ascension direction (pmra_error)'
#   meta: !!omap
#   - {ucd: ERROR}
#   - {width: 6}
#   - {precision: '3'}
#   - values: {'null': .nan}
# - name: e_pmDE
[...]
#         value: !astropy.table.SerializedColumn {name: SkyCoord.dec}
#       distance: !astropy.table.SerializedColumn
#         __class__: astropy.coordinates.distances.Distance
#         unit: !astropy.units.Unit {unit: pc}
#         value: !astropy.table.SerializedColumn {name: SkyCoord.distance}
#       frame: icrs
#       obstime: !astropy.time.Time {format: jyear_str, in_subfmt: '*', jd1: 367701545.0, jd2: 0.0, out_subfmt: '*', precision: 3, scale: tt}
#       pm_dec: !astropy.table.SerializedColumn
#         __class__: astropy.units.quantity.Quantity
#         unit: !astropy.units.Unit {unit: mas / yr}
#         value: !astropy.table.SerializedColumn {name: SkyCoord.pm_dec}
#       pm_ra_cosdec: !astropy.table.SerializedColumn
#         __class__: astropy.units.quantity.Quantity
#         unit: !astropy.units.Unit {unit: mas / yr}
#         value: !astropy.table.SerializedColumn {name: SkyCoord.pm_ra_cosdec}
#       ra: !astropy.table.SerializedColumn
#         __class__: astropy.coordinates.angles.Longitude
#         unit: *id001
#         value: !astropy.table.SerializedColumn {name: SkyCoord.ra}
#         wrap_angle: !astropy.coordinates.Angle
#           unit: *id001
#           value: 360.0
#       representation_type: spherical
# schema: astropy-2.0
RA_ICRS_1 DE_ICRS_1 e_RA_ICRS e_DE_ICRS _r_1 HIP TYC2 Source rgeo Plx e_Plx pmRA pmDE e_pmRA e_pmDE RUWE Teff logg Gmag BP-RP BPmag RPmag RV e_RV b_rgeo B_rgeo FG e_FG FBP e_FBP FRP e_FRP RAVE5 RAVE6 e_Gmag e_BPmag e_RPmag e_BP-RP SkyCoord.ra SkyCoord.dec SkyCoord.distance SkyCoord.pm_ra_cosdec SkyCoord.pm_dec rmRA rmDE e_rmRA e_rmDE rRV e_rRV v_pec v_pec3d e_vpec e_vpec3d
[from data line 1051]
278.26486701526 -10.34619220069 0.0508 0.0485 6.3597 "" "" 4155072033554753792 1727.82312 0.5535 0.0582 -1.121 -1.306 0.059 0.054 0.979 7317.3 4.0451 16.455889 2.31353 17.674713 15.361183 "" "" 1582.7605 1893.00354 4927.10027 3.5633 1162.9 15.726 5684.4 11.286 "" "" 0.0028650205210867677 0.014945269 0.0043509295 0.0192962 278.26486701526 -10.34619220069 1727.82312 -1.121 -1.306 -1.1463742337226868 -1.203957056760788 0.16978288 0.16478288 "" "" 13.615136805967076 "" 2.276166348709668 ""
278.37268754115 -10.40218237516 0.0511 0.0467 0.8574 "" "" 4155023796786565760 1840.01416 0.5375 0.0596 0.103 0.121 0.059 0.05 1.044 9432.0 4.2846 16.456642 1.917082 17.412016 15.494934 "" "" 1674.20667 2086.86523 4923.68089 3.2001 1481.2 8.818 5025.6 13.78 "" "" 0.0028442487647353984 0.0070401966 0.0048110844 0.011851281 278.37268754115 -10.40218237516 1840.01416 0.103 0.12099999999999994 0.07762576627731323 0.22304294323921203 0.16978288 0.16078289 "" "" 2.059752642315094 "" 0.33322547411207276 ""
278.69332496084 -10.31741991688 0.0738 0.0755 20.3373 "" "" 4155034413946409088 1847.88269 0.567 0.0931 -0.326 -2.91 0.09 0.074 1.435 "" "" 16.4586 2.173689 17.489462 15.315773 "" "" 1565.45544 2208.85645 4914.81343 5.1516 1379.2 10.006 5927.2 30.974 "" "" 0.0029810963791713336 0.008356509 0.006817289 0.015173798 278.69332496084 -10.31741991688 1847.88269 -0.3260000000000002 -2.91 -0.3513742337226868 -2.807957056760788 0.2007829 0.18478289 "" "" 24.786609326498876 "" 4.586515964446341 ""
278.5075927331 -10.48558498008 0.0602 0.0573 10.228 "" "" 4155007785148305152 1801.98157 0.5617 0.0694 -0.83 0.343 0.071 0.061 1.212 6020.3 4.0769 16.459137 2.288992 17.64815 15.359158 "" "" 1597.76367 2056.10156 4912.38331 4.04 1191.7 6.9456 5695.0 7.957 "" "" 0.0028963940841416013 0.006915834 0.004072463 0.010988297 278.5075927331 -10.48558498008 1801.98157 -0.83 0.34300000000000025 -0.8553742337226867 0.44504294323921206 0.18178289 0.17178288 "" "" 8.23581745671005 "" 1.4799698442800078 ""
278.60066120524 -10.50327686791 0.0501 0.0476 15.6043 "" "" 4155006788715797504 2008.78076 0.4982 0.0555 -0.004 -0.123 0.061 0.052 1.005 9207.5 4.1555 16.4598 1.906863 17.404474 15.497611 "" "" 1812.58667 2203.83228 4909.3754 3.696 1491.5 9.9273 5013.2 13.315 "" "" 0.0028740073003403256 0.0077465065 0.0047538895 0.012500396 278.60066120524 -10.50327686791 2008.78076 -0.004 -0.123 -0.029374233722686768 -0.020957056760787962 0.17178288 0.16278288 "" "" 0.34357668454971146 "" 0.057995981462705425 ""
278.01438323607 -10.45094908192 0.0493 0.0448 20.5625 "" "" 4154970779720873600 2009.95496 0.4674 0.0554 -2.19 -3.547 0.058 0.048 0.963 "" "" 16.46041 2.497412 17.818226 15.320814 "" "" 1817.63379 2294.06812 4906.62658 3.3806 1018.9 12.887 5899.7 15.598 "" "" 0.0028550621191983363 0.014012931 0.0047459155 0.018758846 278.01438323607 -10.45094908192 2009.95496 -2.19 -3.5469999999999975 -2.2153742337226867 -3.444957056760788 0.16878289 0.15878288 "" "" 39.021490609115276 "" 6.31260306759343 ""
278.39142139072 -10.46866590761 0.0482 0.0441 4.6427 "" "" 4155013729383138048 2039.46948 0.4811 0.0555 -0.158 -0.309 0.056 0.049 1.035 9257.6 3.9635 16.461031 2.012365 17.471905 15.459539 "" "" 1793.13538 2412.20825 4903.81741 3.2571 1401.7 7.7566 5192.1 12.939 "" "" 0.0028481285077779734 0.0066244164 0.004648077 0.011272494 278.39142139072 -10.46866590761 2039.46948 -0.1579999999999999 -0.309 -0.18337423372268677 -0.20695705676078796 0.16678289 0.15978289 "" "" 2.6730379493671013 "" 0.43543403665817204 ""
278.14190914161 -10.37804836281 0.0518 0.0487 12.8522 "" "" 4155066574662541952 2150.38721 0.4403 0.0591 -0.566 -1.565 0.061 0.052 1.058 7010.3 4.045 16.461994 2.338065 17.714504 15.376439 "" "" 1899.57153 2449.20312 4899.46592 3.8336 1121.0 10.803 5605.1 11.731 "" "" 0.0028833145380982037 0.010828799 0.004409911 0.01523871 278.14190914161 -10.37804836281 2150.38721 -0.5660000000000004 -1.5649999999999986 -0.5913742337226867 -1.462957056760788 0.17178288 0.16278288 "" "" 16.083915811297675 "" 2.6389967621276225 ""
278.16115177868 -10.66708826727 0.0515 0.0513 19.8974 "" "" 4154916388252763264 2189.89868 0.4535 0.0642 0.606 -0.146 0.066 0.051 1.012 9228.8 3.6205 16.463078 2.086366 17.522135 15.435769 "" "" 1943.61487 2552.10498 4894.58146 3.1341 1338.3 6.4269 5307.0 11.165 "" "" 0.0028416753388552257 0.005913629 0.0044160266 0.010329656 278.16115177868 -10.66708826727 2189.89868 0.606 -0.146 0.5806257662773132 -0.043957056760787955 0.17678288 0.16178289 "" "" 6.0442119307015485 "" 1.0680183050292609 ""
278.4419868206 -10.70411856946 0.0528 0.0489 18.9956 "" "" 4154994625368362880 2281.7998 0.4181 0.0575 1.231 0.824 0.064 0.053 0.999 5357.4 3.3215 16.464148 2.802878 18.063581 15.260703 "" "" 2014.76392 2652.15747 4889.76567 4.254 812.8 11.693 6235.6 16.033 "" "" 0.0029127307368222886 0.015866732 0.00469862 0.020565353 278.4419868206 -10.70411856946 2281.7998 1.2309999999999988 0.824 1.2056257662773133 0.926042943239212 0.17478289 0.16378288 "" "" 16.442362419655414 "" 2.808090840399358 ""
278.169402944 -10.47720700584 0.0555 0.0522 12.1323 "" "" 4155016615601357056 1751.82715 0.5439 0.0621 0.57 -0.148 0.066 0.055 1.055 9215.8 4.0549 16.464386 2.19725 17.597475 15.400225 "" "" 1580.31506 1950.66321 4888.68834 3.4014 1248.6 9.6324 5483.6 16.289 "" "" 0.0028570005036356607 0.008828479 0.004968447 0.013796926 278.169402944 -10.47720700584 1751.82715 0.5699999999999996 -0.14800000000000016 0.5446257662773132 -0.04595705676078796 0.17678288 0.16578288 "" "" 4.538459746883002 "" 0.801979914460407 ""
278.20189940805 -10.31953580891 0.0474 0.0443 10.3917 "" "" 4155067227497574784 1907.84363 0.4837 0.055 1.494 -0.93 0.056 0.047 0.958 9204.5 4.0383 16.465008 2.312408 17.60238 15.289972 "" "" 1728.25696 2119.04614 4885.89085 4.0315 1243.0 31.854 6069.7 64.138 "" "" 0.00289730575234769 0.027963394 0.012079351 0.040042743 278.20189940805 -10.31953580891 1907.84363 1.494000000000001 -0.93 1.4686257662773132 -0.827957056760788 0.16678289 0.15778288 "" "" 15.24620550552917 "" 2.510399341462367 ""
278.4664685213 -10.33431189254 0.0468 0.0446 7.4289 "" "" 4155023040872304000 2225.7522 0.4485 0.0548 -0.05 -0.201 0.057 0.049 0.916 8022.8 4.208 16.465971 2.045937 17.507477 15.461539 "" "" 1977.67957 2499.88135 4881.55708 4.4208 1356.5 7.2038 5182.5 15.992 "" "" 0.002925505559874298 0.006405506 0.005050589 0.011456095 278.4664685213 -10.33431189254 2225.7522 -0.05000000000000001 -0.20100000000000007 -0.07537423372268677 -0.09895705676078798 0.16778289 0.15978289 "" "" 1.3123608932369326 "" 0.21360749036892213 ""
278.40491008733 -10.49868890673 0.0491 0.0447 6.6119 "" "" 4155013415838106752 1893.44189 0.51 0.0556 0.295 -1.504 0.055 0.048 0.959 8197.9 3.6512 16.466581 2.30143 17.678143 15.376713 "" "" 1738.078 2087.13599 4878.8094 3.2454 1159.2 7.5448 5603.7 12.239 "" "" 0.0028484053662258075 0.0075975396 0.0044617285 0.012059268 278.40491008733 -10.49868890673 1893.44189 0.295 -1.504 0.2696257662773132 -1.401957056760788 0.16578288 0.15878288 "" "" 12.813027718104314 "" 2.0377565074951054 ""
278.19209039823 -10.22910365381 0.064 0.0611 14.1346 "" "" 4155076676425735808 2012.88293 0.4813 0.0702 -1.014 -3.277 0.076 0.07 0.855 4643.6 2.9768 16.46701 3.230316 18.403711 15.173395 "" "" 1704.67749 2385.83521 4876.88847 4.767 594.2 7.8058 6757.7 19.062 "" "" 0.0029526407430245697 0.014533291 0.004864504 0.019397795 278.19209039823 -10.22910365381 2012.88293 -1.014 -3.277 -1.0393742337226868 -3.174957056760788 0.18678288 0.18078288 "" "" 31.87437109447457 "" 5.781129037586276 ""
278.41255098807 -10.26127155066 0.0512 0.0507 8.8143 "" "" 4155027198400770304 2191.72363 0.4096 0.0614 0.954 -1.696 0.061 0.052 1.05 4668.3 2.6354 16.470058 3.41508 18.556332 15.141252 "" "" 1923.36499 2547.99878 4863.21738 4.4719 516.28 7.5488 6960.8 10.546 "" "" 0.002930620647439772 0.016118445 0.0041218433 0.020240288 278.41255098807 -10.26127155066 2191.72363 0.954 -1.696 0.9286257662773132 -1.593957056760788 0.17178288 0.16278288 "" "" 19.164521139577023 "" 3.164252733873378 ""
278.27926933871 -10.72655446357 0.051 0.047 20.2453 "" "" 4154903640789707392 2099.77222 0.4683 0.058 0.522 -1.429 0.06 0.049 1.003 9237.4 3.9879 16.47245 2.043597 17.506174 15.462577 "" "" 1870.83838 2412.68872 4852.51429 3.6373 1358.1 11.777 5177.6 12.682 "" "" 0.0028729980078919075 0.009819883 0.0046212696 0.014441153 278.27926933871 -10.72655446357 2099.77222 0.522 -1.429 0.49662576627731325 -1.326957056760788 0.17078288 0.15978289 "" "" 14.10175392342583 "" 2.2728475268452577 ""
278.35011158405 -10.41554519201 0.0514 0.0468 1.1527 "" "" 4155023655040224128 2052.0061 0.4908 0.0592 0.034 -0.015 0.061 0.055 0.965 9234.7 3.9754 16.473286 2.040194 17.507215 15.467022 "" "" 1803.00806 2364.50439 4848.78392 3.3699 1356.8 13.093 5156.4 12.436 "" "" 0.0028567794388211186 0.0108424155 0.004597875 0.015440291 278.35011158405 -10.41554519201 2052.0061 0.034 -0.015 0.008625766277313235 0.08704294323921204 0.17178288 0.16578288 "" "" 0.8507708910749971 "" 0.1410937828382657 ""
278.07767704121 -10.51633673038 0.0573 0.0557 18.031 "" "" 4154922435566889984 2162.21655 0.4466 0.0689 -0.377 -1.821 0.066 0.054 1.037 9052.0 3.631 16.473326 2.295512 17.68009 15.384578 "" "" 1902.04602 2484.89404 4848.59821 4.0537 1157.1 8.9747 5563.2 14.45 "" "" 0.0029009954396449784 0.008871383 0.004715591 0.013586974 278.07767704121 -10.51633673038 2162.21655 -0.377 -1.821 -0.40237423372268677 -1.718957056760788 0.17678288 0.16478288 "" "" 18.09365521869596 "" 2.9931914944781255 ""
278.20241738179 -10.71744338449 0.0538 0.0501 21.2524 "" "" 4154904293624796160 2100.25806 0.4714 0.0637 0.392 1.002 0.067 0.052 1.007 9023.2 3.5299 16.475311 2.759283 18.0255 15.266216 "" "" 1803.7804 2468.0061 4839.7387 4.3762 841.82 10.635 6204.0 18.523 "" "" 0.002924998533313414 0.013997385 0.0049791476 0.018976532 278.20241738179 -10.71744338449 2100.25806 0.392 1.002 0.36662576627731325 1.104042943239212 0.1777829 0.16278288 "" "" 11.581160964421393 "" 1.9031779905447515 ""
278.3948874352 -10.43423457191 0.048 0.0443 3.0346 "" "" 4155020459584535552 1729.47168 0.5578 0.055 -0.091 -0.03 0.057 0.05 1.006 "" "" 16.475813 1.961538 17.446375 15.484837 "" "" 1605.1012 1938.18872 4837.5077 3.5531 1435.1 8.4289 5072.5 11.397 "" "" 0.0028684029099905893 0.006960642 0.004498296 0.011458938 278.3948874352 -10.43423457191 1729.47168 -0.091 -0.030000000000000006 -0.11637423372268677 0.07204294323921204 0.16778289 0.16078289 "" "" 1.1220111636287264 "" 0.18611142820937268 ""
278.37131834215 -10.13463681073 0.0494 0.0495 15.837 "" "" 4155099800530795776 1606.03479 0.5881 0.0624 -0.503 -3.309 0.061 0.052 0.993 7945.2 4.1218 16.476946 2.339051 17.698425 15.359374 "" "" 1492.65723 1787.13684 4832.4593 3.6259 1137.8 11.573 5693.9 20.792 "" "" 0.002873229302738948 0.01139046 0.005477463 0.016867923 278.37131834215 -10.13463681073 1606.03479 -0.503 -3.309 -0.5283742337226868 -3.206957056760788 0.17178288 0.16278288 "" "" 24.74243324918846 "" 4.033687688255853 ""
278.38848558006 -10.2954591388 0.0486 0.0486 6.4156 "" "" 4155027022297605632 1818.95312 0.5177 0.0585 -0.151 -0.118 0.058 0.05 0.953 9341.4 3.978 16.479055 1.934355 17.439507 15.505152 "" "" 1638.10986 2017.98584 4823.08265 2.9314 1444.2 9.6094 4978.5 11.442 "" "" 0.002833240288885438 0.0077443495 0.00452884 0.01227319 278.38848558006 -10.2954591388 1818.95312 -0.151 -0.11799999999999997 -0.17637423372268676 -0.015957056760787958 0.16878289 0.16078289 "" "" 1.52688092987078 "" 0.25761453563776754 ""
278.13060003886 -10.19373231575 0.0934 0.0887 18.2202 "" "" 4155077947736148736 2276.16406 0.4208 0.1149 -0.055 -1.384 0.11 0.104 1.009 4613.2 2.6322 16.483837 4.22318 19.25268 15.0295 "" "" 1790.77063 2902.13843 4801.88244 5.7545 271.86 8.7387 7715.4 19.465 "" "" 0.0030470848529678967 0.03501139 0.0046676355 0.039679024 278.13060003886 -10.19373231575 2276.16406 -0.055000000000000014 -1.3840000000000006 -0.08037423372268676 -1.2819570567607879 0.22078288 0.2147829 "" "" 13.858214565499798 "" 2.976837521234298 ""
278.36624254107 -10.25185469572 0.0551 0.0544 8.7976 "" "" 4155074374323898496 1898.76123 0.5235 0.0646 0.741 -1.897 0.065 0.055 1.107 8545.2 4.2043 16.48436 1.984615 17.477606 15.49299 "" "" 1669.32068 2173.32983 4799.57608 3.4528 1394.4 9.721 5034.6 11.673 "" "" 0.0028638903385010714 0.008067048 0.004541005 0.012608053 278.36624254107 -10.25185469572 1898.76123 0.741 -1.897 0.7156257662773132 -1.794957056760788 0.17578289 0.16578288 "" "" 17.391431670796923 "" 2.907669780367212 ""
278.30604339611 -10.11798321749 0.0491 0.0456 17.1037 "" "" 4155079592704258304 2247.00122 0.4238 0.0546 -2.086 -2.907 0.059 0.05 1.057 5301.4 3.6028 16.484455 2.318302 17.698734 15.380432 "" "" 1980.55945 2619.43481 4799.15298 3.7275 1137.4 10.837 5584.5 17.023 "" "" 0.00288148030496521 0.010714428 0.005023665 0.015738092 278.30604339611 -10.11798321749 2247.00122 -2.0860000000000025 -2.907 -2.1113742337226866 -2.804957056760788 0.16978288 0.16078289 "" "" 37.39273110454903 "" 6.135958542009584 ""
278.68020236464 -10.53489217895 0.0504 0.0477 20.6637 "" "" 4155004246095060736 2239.76196 0.4479 0.0607 -0.557 -3.946 0.065 0.053 1.032 8563.5 4.1467 16.485193 2.128118 17.57206 15.443942 "" "" 1936.18921 2512.42627 4795.89307 3.3378 1278.2 8.4048 5267.2 13.062 "" "" 0.002857058229719334 0.007665117 0.004640391 0.012305507 278.68020236464 -10.53489217895 2239.76196 -0.5570000000000002 -3.946 -0.5823742337226868 -3.843957056760788 0.17578289 0.16378288 "" "" 41.27495998095045 "" 6.771642869074497 ""
278.0832900947 -10.33163300676 0.0521 0.0494 16.7402 "" "" 4155069907557272320 1692.47583 0.5649 0.0581 -0.319 -3.123 0.059 0.053 0.999 8879.5 4.1468 16.486565 2.261245 17.67313 15.411885 "" "" 1552.08923 1860.01855 4789.83708 4.4343 1164.6 11.384 5425.1 14.68 "" "" 0.0029329346175813345 0.010973743 0.004786983 0.015760727 278.0832900947 -10.33163300676 1692.47583 -0.31899999999999995 -3.123 -0.3443742337226868 -3.020957056760788 0.16978288 0.16378288 "" "" 24.392088855502546 "" 3.9969179218619346 ""
278.65483591352 -10.25535023624 0.059 0.0536 19.4707 "" "" 4155046680373023488 1641.97437 0.6063 0.0688 -3.571 -6.173 0.07 0.059 1.031 7470.9 4.1569 16.486658 2.280881 17.680275 15.399394 "" "" 1459.44165 1895.42603 4789.43047 4.7883 1156.9 11.479 5487.8 17.943 "" "" 0.002961428044333407 0.0111283595 0.0051851524 0.016313512 278.65483591352 -10.25535023624 1641.97437 -3.570999999999998 -6.173000000000006 -3.596374233722687 -6.070957056760788 0.18078288 0.16978288 "" "" 54.91837039233863 "" 9.484824761923237 ""
278.06399260325 -10.27101746909 0.0552 0.0521 18.9983 "" "" 4155071178867673856 1644.34253 0.5756 0.0626 -1.721 -2.904 0.06 0.052 1.081 6025.5 3.9662 16.48743 2.186209 17.615026 15.428818 "" "" 1471.98108 1841.15955 4786.02366 4.2641 1228.6 10.127 5341.1 12.903 "" "" 0.002920192843049148 0.009374277 0.004600371 0.013974648 278.06399260325 -10.27101746909 1644.34253 -1.7210000000000003 -2.9040000000000017 -1.7463742337226869 -2.801957056760788 0.17078288 0.16278288 "" "" 25.733540655762116 "" 4.247583072840974 ""
278.05180248338 -10.28815539698 0.0572 0.0519 19.2827 "" "" 4155070972709237248 2068.61743 0.4648 0.0612 -0.616 -0.604 0.064 0.052 1.045 9398.6 3.9563 16.487898 1.911294 17.38786 15.476565 "" "" 1847.26868 2370.74927 4783.96302 4.1356 1514.5 13.273 5111.3 39.606 "" "" 0.0029107966117720846 0.0099159805 0.009222976 0.019138956 278.05180248338 -10.28815539698 2068.61743 -0.616 -0.6039999999999993 -0.6413742337226868 -0.501957056760788 0.17478289 0.16278288 "" "" 7.985840923160383 "" 1.3601829658176845 ""
