Clusters/NGC_2645/NGC_2645_stars_in_region.tsv
# %ECSV 1.0
# ---
# datatype:
# - name: RA_ICRS_1
#   unit: deg
#   datatype: float64
#   format: '{:15.11f}'
#   description: Right ascension (ICRS) at Ep=2016.0 (ra)
#   meta: !!omap
#   - {ucd: POS_EQ_RA_MAIN}
#   - {width: 15}
#   - {precision: '11'}
# - name: DE_ICRS_1
#   unit: deg
#   datatype: float64
#   format: '{:15.11f}'
#   description: Declination (ICRS) at Ep=2016.0 (dec)
#   meta: !!omap
#   - {ucd: POS_EQ_DEC_MAIN}
#   - {width: 15}
#   - {precision: '11'}
# - name: e_RA_ICRS
#   unit: mas
#   datatype: float64
#   format: '{:7.4f}'
#   description: Standard error of right ascension (ra_error)
#   meta: !!omap
#   - {ucd: ERROR}
#   - {width: 7}
#   - {precision: '4'}
# - name: e_DE_ICRS
#   unit: mas
#   datatype: float64
#   format: '{:7.4f}'
#   description: Standard error of declination (dec_error)
#   meta: !!omap
#   - {ucd: ERROR}
#   - {width: 7}
#   - {precision: '4'}
# - name: _r_1
#   unit: ''
#   datatype: float64
#   format: '{:7.4f}'
#   description: Distance from center (129.78130803000-46.23180587000)[ICRS], at Epoch=J2016.0
#   meta: !!omap
#   - {ucd: POS_ANG_DIST_GENERAL}
#   - {width: 7}
#   - {precision: '4'}
# - name: HIP
#   datatype: int32
#   description: '? HIP cross-id number, van Leeuwen, Cat. I/311 (hip_original_ext_source_id)'
#   meta: !!omap
#   - {ucd: ID_NUMBER}
#   - {width: 6}
#   - values: {'null': -2147483648}
# - name: TYC2
#   datatype: string
#   description: Tycho-2 cross-id name, Hog et al., Cat. I/259 (tyc2_original_ext_source_id)
#   meta: !!omap
#   - {ucd: ID_CROSSID}
#   - {_votable_string_dtype: char}
# - name: Source
#   datatype: int64
#   description: Source identifier, identical to the Gaia-EDR3 source_id (id)
#   meta: !!omap
#   - {ucd: ID_MAIN}
#   - {width: 19}
# - name: rgeo
#   unit: pc
#   datatype: float64
#   format: '{:15.8f}'
#   description: '? Median of the geometric distance posterior (r_med_geo)'
#   meta: !!omap
#   - {ucd: PHYS_DISTANCE_TRUE}
#   - {width: 15}
#   - {precision: '8'}
#   - values: {'null': .nan}
# - name: Plx
#   unit: mas
#   datatype: float64
#   format: '{:9.4f}'
#   description: '? Parallax (parallax)'
#   meta: !!omap
#   - {ucd: POS_PARLX_TRIG}
#   - {width: 9}
#   - {precision: '4'}
#   - values: {'null': .nan}
# - name: e_Plx
#   unit: mas
#   datatype: float32
#   format: '{:7.4f}'
#   description: '? Standard error of parallax (parallax_error)'
#   meta: !!omap
#   - {ucd: ERROR}
#   - {width: 7}
#   - {precision: '4'}
#   - values: {'null': .nan}
# - name: pmRA
#   unit: mas / yr
#   datatype: float64
#   format: '{:9.3f}'
#   description: '? Proper motion in right ascension direction, pmRA*cosDE (pmra)'
#   meta: !!omap
#   - {ucd: POS_EQ_PMRA}
#   - {width: 9}
#   - {precision: '3'}
#   - values: {'null': .nan}
# - name: pmDE
#   unit: mas / yr
#   datatype: float64
#   format: '{:9.3f}'
#   description: '? Proper motion in declination direction (pmdec)'
#   meta: !!omap
#   - {ucd: POS_EQ_PMDEC}
#   - {width: 9}
#   - {precision: '3'}
#   - values: {'null': .nan}
# - name: e_pmRA
#   unit: mas / yr
#   datatype: float32
#   format: '{:6.3f}'
#   description: '? Standard error of proper motion in right ascension direction (pmra_error)'
#   meta: !!omap
#   - {ucd: ERROR}
#   - {width: 6}
#   - {precision: '3'}
#   - values: {'null': .nan}
# - name: e_pmDE
[...]
#         unit: &id001 !astropy.units.Unit {unit: deg}
#         value: !astropy.table.SerializedColumn {name: SkyCoord.dec}
#       distance: !astropy.table.SerializedColumn
#         __class__: astropy.coordinates.distances.Distance
#         unit: !astropy.units.Unit {unit: pc}
#         value: !astropy.table.SerializedColumn {name: SkyCoord.distance}
#       frame: icrs
#       obstime: !astropy.time.Time {format: jyear_str, in_subfmt: '*', jd1: 367701545.0, jd2: 0.0, out_subfmt: '*', precision: 3, scale: tt}
#       pm_dec: !astropy.table.SerializedColumn
#         __class__: astropy.units.quantity.Quantity
#         unit: !astropy.units.Unit {unit: mas / yr}
#         value: !astropy.table.SerializedColumn {name: SkyCoord.pm_dec}
#       pm_ra_cosdec: !astropy.table.SerializedColumn
#         __class__: astropy.units.quantity.Quantity
#         unit: !astropy.units.Unit {unit: mas / yr}
#         value: !astropy.table.SerializedColumn {name: SkyCoord.pm_ra_cosdec}
#       ra: !astropy.table.SerializedColumn
#         __class__: astropy.coordinates.angles.Longitude
#         unit: *id001
#         value: !astropy.table.SerializedColumn {name: SkyCoord.ra}
#         wrap_angle: !astropy.coordinates.Angle
#           unit: *id001
#           value: 360.0
#       representation_type: spherical
# schema: astropy-2.0
RA_ICRS_1 DE_ICRS_1 e_RA_ICRS e_DE_ICRS _r_1 HIP TYC2 Source rgeo Plx e_Plx pmRA pmDE e_pmRA e_pmDE RUWE Teff logg Gmag BP-RP BPmag RPmag RV e_RV b_rgeo B_rgeo FG e_FG FBP e_FBP FRP e_FRP RAVE5 RAVE6 e_Gmag e_BPmag e_RPmag e_BP-RP SkyCoord.ra SkyCoord.dec SkyCoord.distance SkyCoord.pm_ra_cosdec SkyCoord.pm_dec
[from data line 80]
129.54347595115 -46.08172734937 0.0101 0.0107 13.3712 "" "" 5521687265148993792 1905.22205 0.519 0.0121 -4.203 3.825 0.013 0.014 1.115 5253.8 2.7949 12.867155 1.646929 13.648792 12.001864 122.86 0.89 1867.55493 1952.14209 134302.74421 28.107 47413.0 37.317 125430.0 88.992 "" "" 0.0027646735941945395 0.0029180972 0.0038570878 0.006775185 129.54347595115 -46.08172734937 1905.22205 -4.203000000000001 3.8250000000000006
129.91108330414 -46.22849197094 0.0115 0.0132 5.3901 "" "" 5521670639351888128 1581.9071 0.6088 0.0141 -5.427 5.124 0.015 0.018 1.076 "" "" 12.887944 0.52057 13.074804 12.554234 "" "" 1552.23999 1616.20569 131755.53895 41.053 80444.0 65.217 75416.0 42.506 "" "" 0.0027760107012037086 0.0029257198 0.003828603 0.006754323 129.91108330414 -46.22849197094 1581.9071 -5.427 5.123999999999999
129.60675458817 -45.91675834108 0.0105 0.011 20.2511 "" "" 5521693522937375744 1846.40381 0.5227 0.0124 -2.403 3.902 0.014 0.014 1.033 9593.4 3.8698 12.894937 0.658866 13.144567 12.485701 "" "" 1808.34241 1890.15063 130909.80666 31.091 75438.0 74.251 80330.0 41.129 "" "" 0.002767360122774901 0.0029878197 0.0038200456 0.0068078656 129.60675458817 -45.91675834108 1846.40381 -2.4030000000000005 3.902
129.98326506982 -46.1902252016 0.0113 0.0136 8.7486 "" "" 5521671120388237184 1976.5647 0.4819 0.0137 -4.612 4.216 0.015 0.017 0.997 6957.2 3.4816 12.940533 0.569517 13.148489 12.578972 "" "" 1930.62451 2027.91968 125526.00438 26.379 75166.0 37.029 73717.0 21.461 "" "" 0.0027647511007363084 0.0028409734 0.0037925767 0.00663355 129.98326506982 -46.1902252016 1976.5647 -4.612 4.216000000000001
130.0023063529 -46.48627641583 0.012 0.0127 17.8006 "" "" 5521616071774353920 1878.0166 0.507 0.0142 -4.957 4.387 0.015 0.018 0.952 10700.3 3.7454 12.964398 0.614444 13.191524 12.577081 "" "" 1827.30908 1921.26685 122796.84773 29.194 72245.0 49.85 73846.0 52.273 "" "" 0.0027673847057825157 0.0028889976 0.0038567348 0.0067457324 130.0023063529 -46.48627641583 1878.0166 -4.957000000000001 4.386999999999999
129.87651992131 -46.33196297058 0.0132 0.0142 7.1903 "" "" 5521621814160924800 1576.05994 0.6046 0.0161 -5.777 5.171 0.017 0.019 1.075 6737.8 3.5775 12.96525 0.537009 13.159623 12.622614 "" "" 1542.18103 1615.0896 122700.60285 34.608 74399.0 52.964 70813.0 44.266 "" "" 0.002772285874604858 0.0028952484 0.0038398397 0.0067350883 129.87651992131 -46.33196297058 1576.05994 -5.777000000000001 5.171
129.65349023688 -46.01888831135 0.0162 0.016 13.8367 "" "" 5521687711825586304 1698.89819 0.5671 0.0187 -6.685 4.205 0.021 0.021 1.481 "" "" 12.971578 0.389052 13.092278 12.703225 "" "" 1650.42627 1751.21326 121987.61122 47.662 79160.0 45.699 65746.0 59.925 "" "" 0.0027877846882763866 0.0028597063 0.0039067953 0.006766502 129.65349023688 -46.01888831135 1698.89819 -6.684999999999999 4.205
130.18489399389 -46.42649643189 0.0115 0.0111 20.3971 "" "" 5521606317919063168 1992.03882 0.4888 0.0134 -8.211 7.756 0.015 0.014 1.048 "" "" 12.972619 1.796935 13.850507 12.053572 50.08 0.64 1950.18054 2036.42493 121870.64808 20.289 39374.0 28.91 119600.0 43.769 "" "" 0.002761242672078309 0.0029018207 0.003800211 0.006702032 130.18489399389 -46.42649643189 1992.03882 -8.210999999999999 7.7559999999999985
129.95585687145 -46.06562924382 0.0143 0.017 12.3311 "" "" 5522047977994203392 1820.13391 0.5242 0.0177 -3.773 3.867 0.019 0.023 1.35 8988.9 3.6519 12.975735 0.66232 13.226611 12.564291 "" "" 1765.1228 1872.66077 121521.44972 36.125 69948.0 36.716 74721.0 25.962 "" "" 0.002774159905297039 0.0028477786 0.0037981626 0.006645941 129.95585687145 -46.06562924382 1820.13391 -3.7730000000000006 3.867
129.89781853817 -46.31128755699 0.0113 0.0128 6.7892 "" "" 5521621917240144896 1740.71704 0.546 0.0139 -5.874 5.095 0.014 0.017 1.011 "" "" 12.976775 0.549506 13.176709 12.627203 "" "" 1704.4967 1779.22412 121405.05542 32.825 73237.0 51.791 70514.0 36.453 "" "" 0.0027709141179551124 0.002893884 0.003820833 0.006714717 129.89781853817 -46.31128755699 1740.71704 -5.873999999999999 5.095000000000001
129.79553479535 -46.51573758503 0.0107 0.0121 17.0461 "" "" 5521613499104487424 1682.82532 0.5778 0.0143 -5.91 8.792 0.014 0.015 1.056 5330.0 2.7599 12.99275 1.766322 13.849853 12.08353 5.96 5.97 1647.69458 1722.73462 119631.76402 105.65 39398.0 143.78 116340.0 298.04 "" "" 0.0029173906832130644 0.0048461286 0.0046925624 0.0095386915 129.79553479535 -46.51573758503 1682.82532 -5.910000000000001 8.791999999999998
129.9983272135 -46.16206768944 0.0094 0.0111 9.9369 "" "" 5522046466165867904 1862.41833 0.5167 0.0114 -2.903 4.658 0.012 0.015 1.03 "" "" 12.993889 1.590386 13.736892 12.146505 26.61 1.13 1819.69299 1899.90039 119506.3965 20.167 43718.0 31.531 109790.0 51.053 "" "" 0.002761405296599199 0.0028979734 0.0038129548 0.006710928 129.9983272135 -46.16206768944 1862.41833 -2.9029999999999996 4.658000000000001
129.35621445772 -46.27534642668 0.01 0.0114 17.8287 "" "" 5521678434696175232 2018.21277 0.4705 0.0125 -6.176 4.884 0.013 0.014 1.08 "" "" 12.994739 0.530345 13.192162 12.661817 "" "" 1966.97559 2066.53052 119412.91268 35.516 72203.0 42.974 68302.0 33.529 "" "" 0.0027741787508454045 0.0028640248 0.0038167783 0.0066808034 129.35621445772 -46.27534642668 2018.21277 -6.175999999999999 4.8839999999999995
129.97758888616 -46.13083829701 0.0105 0.0123 10.1582 "" "" 5522046809763194368 1734.74377 0.5466 0.0127 -5.791 5.182 0.014 0.016 1.045 10862.1 4.1941 12.99736 0.587446 13.2159 12.628454 "" "" 1701.30066 1777.59387 119124.97028 37.947 70641.0 32.488 70433.0 25.1 "" "" 0.0027769421608675585 0.0028344984 0.003799136 0.0066336347 129.97758888616 -46.13083829701 1734.74377 -5.791 5.182
129.90271941414 -46.11396177416 0.0101 0.0133 8.6857 "" "" 5521672494777729280 1721.22791 0.5509 0.0123 -5.786 5.127 0.013 0.019 1.022 11000.2 3.9665 13.009892 0.451217 13.172623 12.721406 "" "" 1683.17346 1762.45703 117757.84756 39.625 73514.0 42.145 64654.0 26.587 "" "" 0.002779436403587052 0.0028587559 0.0038056627 0.0066644186 129.90271941414 -46.11396177416 1721.22791 -5.786 5.126999999999999
130.07483789541 -46.46534031843 0.0422 0.0453 18.5507 "" "" 5521605905602907008 1909.77222 0.5233 0.0501 -5.75 4.138 0.054 0.057 3.769 13136.3 3.7918 13.021281 0.658863 13.17652 12.517657 "" "" 1727.71375 2144.16162 116529.08737 54.695 73250.0 143.18 78000.0 232.06 "" "" 0.0028020512701841865 0.0035055734 0.0049717147 0.008477288 130.07483789541 -46.46534031843 1909.77222 -5.75 4.138000000000001
129.41542184501 -46.05773444759 0.0086 0.0089 18.4506 "" "" 5521684967362449152 1856.73193 0.5169 0.0103 -2.401 3.214 0.011 0.011 0.96 5089.8 2.747 13.025515 1.43318 13.676855 12.243675 -29.39 1.33 1824.38684 1889.33508 116075.56898 19.053 46203.0 24.924 100390.0 37.335 "" "" 0.0027610777551725055 0.00285098 0.0038008906 0.006651871 129.41542184501 -46.05773444759 1856.73193 -2.401 3.2139999999999995
130.09465296738 -46.11171958098 0.0082 0.0084 14.8802 "" "" 5522000217955480832 1687.26086 0.5635 0.0096 -4.148 1.696 0.011 0.011 0.83 "" "" 13.025972 0.689011 13.289981 12.60097 "" "" 1662.85156 1714.39404 116026.64533 40.028 65982.0 63.989 72239.0 47.361 "" "" 0.002780663670630234 0.0029822362 0.0038458318 0.006828068 130.09465296738 -46.11171958098 1687.26086 -4.148 1.6959999999999997
129.98041818682 -45.93753840001 0.0098 0.0109 19.5037 "" "" 5522051929364026368 1927.60706 0.4929 0.0116 -8.164 9.462 0.013 0.014 1.11 5033.8 2.8032 13.031113 1.683321 13.833464 12.150143 114.07 1.1 1880.08899 1981.31177 115478.67412 23.749 39997.0 26.356 109420.0 43.442 "" "" 0.002764352998760846 0.0028804357 0.0038038848 0.0066843205 129.98041818682 -45.93753840001 1927.60706 -8.164 9.461999999999998
129.62171033149 -46.07045956561 0.0087 0.0084 11.7356 "" "" 5521687475623497856 1822.40637 0.5233 0.0099 -6.831 4.757 0.012 0.011 0.879 5528.7 2.831 13.04406 1.534688 13.755422 12.220734 14.55 0.86 1789.62305 1857.7312 114109.76434 18.645 42978.0 27.228 102530.0 33.563 "" "" 0.002761025471465588 0.002873706 0.0037960566 0.0066697625 129.62171033149 -46.07045956561 1822.40637 -6.831000000000001 4.757
129.79571226657 -46.24467488087 0.0085 0.0097 0.9765 "" "" 5521669986517104896 1749.84265 0.5365 0.0103 -6.005 5.423 0.011 0.013 0.937 "" "" 13.051294 0.473506 13.22238 12.748874 "" "" 1717.98755 1780.26526 113351.99091 39.456 70221.0 42.686 63039.0 31.883 "" "" 0.002781118194262613 0.002867167 0.0038190666 0.0066862334 129.79571226657 -46.24467488087 1749.84265 -6.004999999999999 5.423
130.1342920739 -46.12154849842 0.008 0.0089 16.0882 "" "" 5521999908717874176 1679.30896 0.5631 0.0098 -6.406 6.601 0.01 0.011 0.94 "" "" 13.070323 0.635539 13.311142 12.675603 "" "" 1654.55334 1703.52649 111382.64933 25.633 64708.0 27.084 67440.0 24.198 "" "" 0.0027666264917073895 0.0028269358 0.0037994068 0.0066263424 130.1342920739 -46.12154849842 1679.30896 -6.405999999999999 6.600999999999999
129.53942806495 -46.33279040983 0.0095 0.0105 11.718 "" "" 5521665657190311936 1777.08435 0.5247 0.0115 -5.611 4.99 0.013 0.013 0.977 "" "" 13.076941 0.316073 13.185531 12.869457 "" "" 1743.672 1808.32202 110705.84604 45.255 72645.0 44.829 56412.0 24.984 "" "" 0.0027908381897457776 0.0028694866 0.003809849 0.0066793356 129.53942806495 -46.33279040983 1777.08435 -5.611 4.99
130.02439316947 -46.09070616403 0.0081 0.009 13.1805 "" "" 5522047290799561728 1700.40344 0.5543 0.0098 -5.13 6.387 0.011 0.012 0.928 "" "" 13.081264 0.515126 13.270118 12.754992 "" "" 1664.19299 1728.29114 110265.94519 38.471 67200.0 42.122 62685.0 21.583 "" "" 0.0027812376876262517 0.0028719688 0.003797825 0.0066697937 130.02439316947 -46.09070616403 1700.40344 -5.130000000000001 6.386999999999999
130.04571591472 -46.29741705896 0.009 0.0097 11.6527 "" "" 5521622634484358784 1818.79041 0.5161 0.0106 -2.524 3.68 0.012 0.013 0.95 7184.8 3.4647 13.100929 1.122692 13.573074 12.450382 18.94 3.54 1782.45264 1859.93274 108286.64994 64.333 50838.0 111.66 82986.0 97.558 "" "" 0.0028298161364587672 0.0036704 0.0039890963 0.0076594963 130.04571591472 -46.29741705896 1818.79041 -2.5240000000000005 3.6800000000000006
129.37035437596 -46.17564886919 0.0093 0.01 17.3946 "" "" 5521682287303256960 1697.32031 0.5527 0.0111 -5.715 5.042 0.012 0.012 0.963 "" "" 13.102125 0.391085 13.241447 12.850363 "" "" 1667.81152 1725.4104 108167.51642 45.713 68998.0 42.571 57413.0 27.137 "" "" 0.0027932649867872736 0.0028694593 0.0038140647 0.0066835238 129.37035437596 -46.17564886919 1697.32031 -5.715 5.042
130.11503926442 -46.37250450537 0.0111 0.0108 16.206 "" "" 5521618511315763328 1946.39258 0.4822 0.0128 -5.525 5.132 0.015 0.013 1.288 11840.0 3.9785 13.118493 0.596615 13.324755 12.72814 "" "" 1888.82507 1996.64453 106549.03788 26.216 63902.0 39.761 64254.0 38.837 "" "" 0.002768240223105089 0.0028707902 0.0038359342 0.0067067244 130.11503926442 -46.37250450537 1946.39258 -5.525 5.132
129.8814055795 -46.40681348917 0.0113 0.0118 11.29 "" "" 5521620267973457792 1856.77649 0.5062 0.0138 -5.534 4.715 0.015 0.016 1.25 9148.7 3.6396 13.120373 0.645023 13.358244 12.713221 "" "" 1813.11694 1893.41919 106364.76708 28.903 61961.0 65.678 65143.0 70.644 "" "" 0.0027710708043043575 0.0030182027 0.003958541 0.0069767437 129.8814055795 -46.40681348917 1856.77649 -5.534 4.715
130.07484190268 -46.12232493211 0.0087 0.0092 13.8517 "" "" 5522000114876258560 1828.05627 0.5111 0.0105 -4.301 3.546 0.011 0.012 0.928 "" "" 13.124243 0.575095 13.339107 12.764011 "" "" 1790.1842 1858.23816 105986.24836 30.9 63063.0 56.714 62166.0 34.537 "" "" 0.002773443551002652 0.0029560884 0.0038272142 0.006783303 130.07484190268 -46.12232493211 1828.05627 -4.300999999999999 3.5459999999999994
129.86141572249 -46.33850171448 0.0189 0.0206 7.2122 "" "" 5521621779801181568 1862.03992 0.5008 0.0225 -4.379 4.247 0.025 0.028 1.908 9897.9 3.5127 13.128302 0.663406 13.37768 12.714273 "" "" 1796.87097 1945.3125 105590.79369 28.101 60862.0 28.08 65080.0 27.948 "" "" 0.002770429655111492 0.00283478 0.0038080341 0.006642814 129.86141572249 -46.33850171448 1862.03992 -4.379 4.247000000000002
129.62344981674 -45.98579455612 0.0083 0.0084 16.1554 "" "" 5521690945957041024 2032.57117 0.4595 0.0099 -5.548 8.811 0.011 0.011 1.079 5022.6 2.9131 13.138734 1.470362 13.815021 12.344659 49.06 0.83 1998.52197 2080.47974 104581.11381 14.814 40683.0 25.396 91473.0 32.747 "" "" 0.0027596091085251508 0.0028713078 0.0037993167 0.0066706245 129.62344981674 -45.98579455612 2032.57117 -5.548 8.811
129.2827309215 -46.28558291564 0.0104 0.0105 20.9332 "" "" 5521657921941116672 1555.9823 0.6092 0.0123 -6.221 4.275 0.015 0.012 1.066 7964.2 3.9196 13.148115 0.385367 13.282265 12.896897 "" "" 1524.36609 1589.21399 103681.35062 44.846 66452.0 70.597 55005.0 35.957 "" "" 0.00279505512677192 0.0030191916 0.0038454484 0.00686464 129.2827309215 -46.28558291564 1555.9823 -6.221 4.275
129.87684541938 -46.30803843866 0.0106 0.011 6.0516 "" "" 5521621985960508288 1735.57825 0.5404 0.0126 -5.618 4.945 0.013 0.015 0.915 "" "" 13.153334 0.569055 13.359724 12.790669 "" "" 1699.16455 1773.75159 103184.2562 35.45 61877.0 32.081 60658.0 29.781 "" "" 0.00278045502212491 0.0028463874 0.0038167892 0.0066631767 129.87684541938 -46.30803843866 1735.57825 -5.618000000000001 4.945
129.33118046479 -46.05047113252 0.0089 0.0101 21.6462 "" "" 5521872812044952192 1752.56787 0.5337 0.0114 -5.872 5.177 0.011 0.012 1.043 7895.3 3.8867 13.173569 0.370056 13.303816 12.93376 "" "" 1723.16284 1785.16467 101278.99904 35.151 65146.0 37.556 53168.0 21.771 "" "" 0.0027809689609472545 0.0028595137 0.0038054409 0.0066649546 129.33118046479 -46.05047113252 1752.56787 -5.871999999999998 5.177
129.75989988528 -46.26293567306 0.0089 0.0097 2.0683 "" "" 5521669745998924672 1750.0896 0.5359 0.0108 -5.941 5.207 0.011 0.012 0.951 "" "" 13.180938 0.589512 13.398457 12.808945 "" "" 1725.26099 1779.09241 100593.87464 22.032 59708.0 43.975 59646.0 30.671 "" "" 0.0027655626728683167 0.0029024957 0.0038203967 0.0067228926 129.75989988528 -46.26293567306 1750.0896 -5.941 5.206999999999999
129.48789574521 -46.45223972121 0.0085 0.0094 17.962 "" "" 5521663836124019584 1449.20776 0.6549 0.0112 -5.067 5.102 0.012 0.011 0.942 "" "" 13.193381 0.613516 13.423191 12.809675 "" "" 1425.78357 1471.08728 99447.57042 24.306 58363.0 28.591 59606.0 20.668 "" "" 0.0027680693587577142 0.0028404132 0.0037980862 0.0066384994 129.48789574521 -46.45223972121 1449.20776 -5.067 5.102
129.42818334973 -45.97720339035 0.009 0.0096 21.1934 "" "" 5521873464880141824 1710.46106 0.548 0.0109 -5.987 5.149 0.012 0.012 0.961 11974.3 4.0836 13.21047 0.454287 13.37658 12.922294 "" "" 1686.29944 1736.38647 97894.56963 68.498 60923.0 110.55 53733.0 90.3 "" "" 0.0028581353063121 0.003415638 0.004196778 0.007612416 129.42818334973 -45.97720339035 1710.46106 -5.986999999999999 5.148999999999999
130.21920866082 -46.03304968695 0.0088 0.0092 21.7654 "" "" 5522002142100890496 1597.19495 0.5867 0.01 -4.775 2.059 0.011 0.012 0.995 "" "" 13.21824 0.533565 13.41536 12.881796 "" "" 1575.58069 1620.97437 97196.57075 22.506 58786.0 28.419 55775.0 28.674 "" "" 0.0027667658437499224 0.00283911 0.0038203783 0.006659488 130.21920866082 -46.03304968695 1597.19495 -4.775 2.059
129.93885807568 -46.24224749203 0.0095 0.0106 6.5684 "" "" 5521623669586753280 1421.96204 0.6705 0.0111 -0.665 -5.27 0.013 0.013 0.933 4826.3 2.6596 13.238219 1.804949 14.119766 12.314817 35.93 2.24 1403.64966 1442.78625 95424.29937 15.985 30726.0 26.724 94022.0 35.65 "" "" 0.002761316474406953 0.0029456392 0.003801737 0.006747376 129.93885807568 -46.24224749203 1421.96204 -0.6650000000000003 -5.27
