Clusters/NGC_2645/NGC_2645_members.tsv
# %ECSV 1.0
# ---
# datatype:
# - name: RA_ICRS_1
#   unit: deg
#   datatype: float64
#   format: '{:15.11f}'
#   description: Right ascension (ICRS) at Ep=2016.0 (ra)
#   meta: !!omap
#   - {ucd: POS_EQ_RA_MAIN}
#   - {width: 15}
#   - {precision: '11'}
# - name: DE_ICRS_1
#   unit: deg
#   datatype: float64
#   format: '{:15.11f}'
#   description: Declination (ICRS) at Ep=2016.0 (dec)
#   meta: !!omap
#   - {ucd: POS_EQ_DEC_MAIN}
#   - {width: 15}
#   - {precision: '11'}
# - name: e_RA_ICRS
#   unit: mas
#   datatype: float64
#   format: '{:7.4f}'
#   description: Standard error of right ascension (ra_error)
#   meta: !!omap
#   - {ucd: ERROR}
#   - {width: 7}
#   - {precision: '4'}
# - name: e_DE_ICRS
#   unit: mas
#   datatype: float64
#   format: '{:7.4f}'
#   description: Standard error of declination (dec_error)
#   meta: !!omap
#   - {ucd: ERROR}
#   - {width: 7}
#   - {precision: '4'}
# - name: _r_1
#   unit: ''
#   datatype: float64
#   format: '{:7.4f}'
#   description: Distance from center (129.78130803000-46.23180587000)[ICRS], at Epoch=J2016.0
#   meta: !!omap
#   - {ucd: POS_ANG_DIST_GENERAL}
#   - {width: 7}
#   - {precision: '4'}
# - name: HIP
#   datatype: int32
#   description: '? HIP cross-id number, van Leeuwen, Cat. I/311 (hip_original_ext_source_id)'
#   meta: !!omap
#   - {ucd: ID_NUMBER}
#   - {width: 6}
#   - values: {'null': -2147483648}
# - name: TYC2
#   datatype: string
#   description: Tycho-2 cross-id name, Hog et al., Cat. I/259 (tyc2_original_ext_source_id)
#   meta: !!omap
#   - {ucd: ID_CROSSID}
#   - {_votable_string_dtype: char}
# - name: Source
#   datatype: int64
#   description: Source identifier, identical to the Gaia-EDR3 source_id (id)
#   meta: !!omap
#   - {ucd: ID_MAIN}
#   - {width: 19}
# - name: rgeo
#   unit: pc
#   datatype: float64
#   format: '{:15.8f}'
#   description: '? Median of the geometric distance posterior (r_med_geo)'
#   meta: !!omap
#   - {ucd: PHYS_DISTANCE_TRUE}
#   - {width: 15}
#   - {precision: '8'}
#   - values: {'null': .nan}
# - name: Plx
#   unit: mas
#   datatype: float64
#   format: '{:9.4f}'
#   description: '? Parallax (parallax)'
#   meta: !!omap
#   - {ucd: POS_PARLX_TRIG}
#   - {width: 9}
#   - {precision: '4'}
#   - values: {'null': .nan}
# - name: e_Plx
#   unit: mas
#   datatype: float32
#   format: '{:7.4f}'
#   description: '? Standard error of parallax (parallax_error)'
#   meta: !!omap
#   - {ucd: ERROR}
#   - {width: 7}
#   - {precision: '4'}
#   - values: {'null': .nan}
# - name: pmRA
#   unit: mas / yr
#   datatype: float64
#   format: '{:9.3f}'
#   description: '? Proper motion in right ascension direction, pmRA*cosDE (pmra)'
#   meta: !!omap
#   - {ucd: POS_EQ_PMRA}
#   - {width: 9}
#   - {precision: '3'}
#   - values: {'null': .nan}
# - name: pmDE
#   unit: mas / yr
#   datatype: float64
#   format: '{:9.3f}'
#   description: '? Proper motion in declination direction (pmdec)'
#   meta: !!omap
#   - {ucd: POS_EQ_PMDEC}
#   - {width: 9}
#   - {precision: '3'}
#   - values: {'null': .nan}
# - name: e_pmRA
#   unit: mas / yr
#   datatype: float32
#   format: '{:6.3f}'
#   description: '? Standard error of proper motion in right ascension direction (pmra_error)'
#   meta: !!omap
#   - {ucd: ERROR}
#   - {width: 6}
#   - {precision: '3'}
#   - values: {'null': .nan}
# - name: e_pmDE
[...]
#       distance: !astropy.table.SerializedColumn
#         __class__: astropy.coordinates.distances.Distance
#         unit: !astropy.units.Unit {unit: pc}
#         value: !astropy.table.SerializedColumn {name: SkyCoord.distance}
#       frame: icrs
#       obstime: !astropy.time.Time {format: jyear_str, in_subfmt: '*', jd1: 367701545.0, jd2: 0.0, out_subfmt: '*', precision: 3, scale: tt}
#       pm_dec: !astropy.table.SerializedColumn
#         __class__: astropy.units.quantity.Quantity
#         unit: !astropy.units.Unit {unit: mas / yr}
#         value: !astropy.table.SerializedColumn {name: SkyCoord.pm_dec}
#       pm_ra_cosdec: !astropy.table.SerializedColumn
#         __class__: astropy.units.quantity.Quantity
#         unit: !astropy.units.Unit {unit: mas / yr}
#         value: !astropy.table.SerializedColumn {name: SkyCoord.pm_ra_cosdec}
#       ra: !astropy.table.SerializedColumn
#         __class__: astropy.coordinates.angles.Longitude
#         unit: *id001
#         value: !astropy.table.SerializedColumn {name: SkyCoord.ra}
#         wrap_angle: !astropy.coordinates.Angle
#           unit: *id001
#           value: 360.0
#       representation_type: spherical
# schema: astropy-2.0
RA_ICRS_1 DE_ICRS_1 e_RA_ICRS e_DE_ICRS _r_1 HIP TYC2 Source rgeo Plx e_Plx pmRA pmDE e_pmRA e_pmDE RUWE Teff logg Gmag BP-RP BPmag RPmag RV e_RV b_rgeo B_rgeo FG e_FG FBP e_FBP FRP e_FRP RAVE5 RAVE6 e_Gmag e_BPmag e_RPmag e_BP-RP SkyCoord.ra SkyCoord.dec SkyCoord.distance SkyCoord.pm_ra_cosdec SkyCoord.pm_dec rmRA rmDE e_rmRA e_rmDE rRV e_rRV v_pec v_pec3d e_vpec e_vpec3d Pmemb
129.76910829443 -46.22945375949 0.0109 0.0112 0.5257 "" 8151-6200-1 5521670227035254400 1711.50317 0.575 0.0128 -5.911 5.292 0.014 0.015 0.819 18103.2 3.4243 8.842405 0.321626 8.938816 8.61719 "" "" 1674.9613 1744.42859 5469967.41849 2692.4 3629900.0 4816.2 2833200.0 3543.0 "" "" 0.0028066687411238984 0.0031401096 0.0040158685 0.007155978 129.76910829443 -46.22945375949 1711.50317 -5.911 5.292 -0.06781266784667928 0.1785623474121092 0.08793597 0.08893597 "" "" 1.5495362363162466 "" 0.1376151574040878 "" 0.8
129.76805354803 -46.24778024676 0.0093 0.0105 1.1051 "" "" 5521669780358662016 1716.0719 0.5739 0.0116 -5.95 5.345 0.012 0.013 0.842 "" "" 10.551254 0.30448 10.647713 10.343233 "" "" 1680.37317 1742.85291 1133561.07026 277.57 752200.0 396.0 577920.0 241.34 "" "" 0.0027681167954276783 0.0028481162 0.0038064816 0.006654598 129.76805354803 -46.24778024676 1716.0719 -5.950000000000002 5.345000000000001 -0.10681266784667987 0.23156234741210913 0.08593597 0.08693597 "" "" 2.074296915471648 "" 0.17996882295457664 "" 0.8
129.7699199763 -46.15820312618 0.0092 0.0108 4.4414 "" "" 5521673628649045760 1722.95105 0.5443 0.0112 -5.835 5.058 0.012 0.015 0.964 "" "" 13.327497 0.436509 13.48316 13.046651 "" "" 1692.8999 1756.20312 87891.70685 22.553 55227.0 37.616 47918.0 21.86 "" "" 0.0027693694623790077 0.0028865077 0.0038117 0.006698208 129.7699199763 -46.15820312618 1722.95105 -5.834999999999994 5.057999999999989 0.008187332153320348 -0.055437652587890796 0.08593597 0.08893597 "" "" 0.45765835536775856 "" 0.04067346771516312 "" 1.0
129.79495501921 -46.21814955612 0.0095 0.0109 0.9961 "" "" 5521670295754742144 1728.64734 0.5434 0.0114 -5.951 5.074 0.012 0.014 0.889 9198.9 4.0162 13.441396 0.605117 13.670631 13.065515 "" "" 1697.578 1758.40369 79138.59447 22.302 46469.0 27.565 47093.0 17.939 "" "" 0.002772256743675468 0.0028635378 0.0038019442 0.006665482 129.79495501921 -46.21814955612 1728.64734 -5.9510000000000005 5.074 -0.10781266784667931 -0.03943765258789078 0.08593597 0.08793597 "" "" 0.9406419036306789 "" 0.08105927155113837 "" 0.8
129.77452281351 -46.21469893678 0.0116 0.0122 1.0644 "" "" 5521670261394989312 1685.06714 0.558 0.0136 -5.879 5.132 0.016 0.016 0.946 "" "" 13.989036 0.629734 14.226124 13.59639 "" "" 1650.37366 1725.00024 47789.50463 12.318 27859.0 18.434 28880.0 18.332 "" "" 0.0027694959518682737 0.002881176 0.003841706 0.0067228824 129.77452281351 -46.21469893678 1685.06714 -5.878999999999999 5.132 -0.03581266784667925 0.018562347412109048 0.08993597 0.08993597 "" "" 0.32218382320743527 "" 0.02897591571736781 "" 0.9
129.79418935402 -46.29102446952 0.0126 0.0138 3.5931 "" "" 5521668749566536576 1786.61414 0.5242 0.0155 -5.811 5.122 0.016 0.019 1.051 9551.7 3.9877 14.128765 0.642664 14.370094 13.72743 "" "" 1729.39417 1840.48022 42018.50315 12.535 24399.0 22.718 25597.0 19.438 "" "" 0.0027742925603943076 0.0029676647 0.0038682704 0.006835935 129.79418935402 -46.29102446952 1786.61414 -5.811 5.122 0.03218733215332037 0.008562347412109261 0.08993597 0.09293597 "" "" 0.28205972731357626 "" 0.025424107381721045 "" 0.8
129.87377130711 -46.2729995037 0.0127 0.0143 4.5635 "" "" 5521668955725136384 1786.625 0.5267 0.015 -5.852 5.134 0.016 0.02 0.962 8419.1 4.297 14.173141 0.559585 14.382373 13.822788 "" "" 1738.88049 1839.53918 40335.76994 13.075 24125.0 26.705 23445.0 19.821 "" "" 0.0027777068182731277 0.003038007 0.0038892524 0.0069272593 129.87377130711 -46.2729995037 1786.625 -5.852000000000003 5.134000000000002 -0.00881266784668 0.020562347412109716 0.08993597 0.09393597 "" "" 0.18945330300477714 "" 0.01768101152862043 "" 0.9
129.76665976564 -46.25554503967 0.0121 0.013 1.5486 "" "" 5521669780358664832 1701.26904 0.5533 0.0144 -5.749 5.133 0.017 0.016 0.987 9534.2 4.1513 14.198476 0.668654 14.449109 13.780455 "" "" 1660.53467 1749.21191 39405.46961 11.047 22687.0 15.515 24377.0 22.603 "" "" 0.002772081329306103 0.0028872758 0.003911166 0.0067984415 129.76665976564 -46.25554503967 1701.26904 -5.748999999999999 5.132999999999997 0.09418733215332065 0.019562347412109382 0.090935975 0.08993597 "" "" 0.7757372673623191 "" 0.07051051442361866 "" 0.8
129.76735110018 -46.20304622856 0.0131 0.0143 1.8203 "" "" 5521673216332481536 1714.44812 0.545 0.0157 -5.85 5.089 0.017 0.019 1.051 9261.2 4.1362 14.342337 0.676907 14.597448 13.920542 "" "" 1674.19641 1759.50964 34515.33009 8.632 19790.0 16.755 21426.0 17.701 "" "" 0.0027686675381002487 0.0029376908 0.0038843653 0.006822056 129.76735110018 -46.20304622856 1714.44812 -5.849999999999999 5.089 -0.006812667846679332 -0.024437652587890213 0.090935975 0.09293597 "" "" 0.2061648023658619 "" 0.019130689528363335 "" 0.9
129.75978406255 -46.23402063747 0.0147 0.0156 0.9032 "" "" 5521670227035250048 1779.84302 0.5295 0.0175 -5.862 5.087 0.02 0.021 0.975 6328.1 3.7492 14.655582 1.237787 15.19453 13.956742 -29.79 9.18 1729.15112 1831.98755 25865.06901 6.1067 11418.0 15.143 20723.0 19.434 "" "" 0.0027672187946007963 0.0031398234 0.003914136 0.007053959 129.75978406255 -46.23402063747 1779.84302 -5.862 5.0870000000000015 -0.018812667846679787 -0.02643765258789088 0.09393597 0.09493597 "" "" 0.2737452429673055 "" 0.025896574135205522 "" 0.8
129.65338391031 -46.2408330757 0.0148 0.0171 5.3366 "" "" 5521667100299016704 1773.96899 0.5239 0.0173 -5.917 4.983 0.019 0.022 0.962 9324.8 4.2049 14.767036 0.957225 15.156416 14.199191 "" "" 1730.03833 1835.24841 23341.70644 5.0334 11826.0 13.894 16576.0 22.328 "" "" 0.0027652495856782537 0.0030679305 0.004052483 0.0071204137 129.65338391031 -46.2408330757 1773.96899 -5.916999999999999 4.982999999999999 -0.0738126678466795 -0.13043765258789097 0.09293597 0.09593597 "" "" 1.260234578179311 "" 0.11999574723103743 "" 0.9
129.78137007658 -46.24952347713 0.0157 0.017 1.0631 "" "" 5521669952157361280 1834.94751 0.5106 0.0185 -5.913 4.973 0.021 0.022 0.994 "" "" 14.905791 0.891419 15.239767 14.348348 "" "" 1780.63831 1923.74304 20541.40556 5.6202 10952.0 25.244 14448.0 39.201 "" "" 0.0027712875638194363 0.0037480644 0.004791856 0.008539921 129.78137007658 -46.24952347713 1834.94751 -5.913000000000002 4.972999999999999 -0.06981266784667994 -0.14043765258789076 0.09493597 0.09593597 "" "" 1.364077426069582 "" 0.13059493098990582 "" 0.8
129.82559085395 -46.23459787972 0.0171 0.0198 1.8455 "" "" 5521670020876852992 1691.20728 0.5544 0.0209 -5.794 5.107 0.023 0.029 0.928 7190.8 4.2947 15.160358 1.013608 15.578951 14.565343 "" "" 1632.20984 1749.55554 16248.12564 4.5407 8013.8 10.092 11831.0 14.609 "" "" 0.0027719763615427343 0.0031071773 0.0040101293 0.007117307 129.82559085395 -46.23459787972 1691.20728 -5.7940000000000005 5.107000000000001 0.04918733215332072 -0.006437652587890419 0.09693597 0.10293597 "" "" 0.3976643019910585 "" 0.038589379991628765 "" 0.9
129.78559932429 -46.23521392677 0.0201 0.0225 0.2712 "" "" 5521670192675527552 1699.73071 0.5581 0.0242 -5.705 5.083 0.027 0.029 1.048 5972.0 4.2298 15.521793 1.226458 16.049572 14.823113 "" "" 1634.53845 1774.60266 11647.40794 4.3272 5195.0 14.098 9330.7 14.292 "" "" 0.002784689487906833 0.0040578935 0.004129096 0.008186989 129.78559932429 -46.23521392677 1699.73071 -5.704999999999999 5.083 0.13818733215332024 -0.03043765258789044 0.10093597 0.10293597 "" "" 1.1400246610675133 "" 0.1151759950408962 "" 1.0
129.77707429077 -46.27226590202 0.0226 0.0237 2.4339 "" "" 5521669574200243712 1611.15173 0.593 0.027 -5.733 5.075 0.03 0.03 1.037 7212.6 4.4045 15.601865 1.150189 16.09019 14.940001 "" "" 1542.34155 1694.77344 10819.34385 3.6515 5004.3 12.587 8378.3 10.773 "" "" 0.0027795795740252938 0.0039041995 0.004028985 0.0079331845 129.77707429077 -46.27226590202 1611.15173 -5.732999999999998 5.0749999999999975 0.11018733215332066 -0.03843765258789045 0.10393597 0.10393597 "" "" 0.8912152944845171 "" 0.09262932776528399 "" 0.9
129.75788840958 -46.24481625633 0.0277 0.0288 1.2466 "" "" 5521669849078131200 1773.14539 0.5394 0.0329 -5.779 5.128 0.036 0.038 1.005 6012.8 4.3731 15.980166 1.170445 16.47852 15.308075 "" "" 1668.00195 1845.95935 7636.25431 3.7631 3499.5 15.476 5969.4 10.883 "" "" 0.0028067884988749437 0.0055533284 0.0042663696 0.009819698 129.75788840958 -46.24481625633 1773.14539 -5.779 5.128 0.0641873321533204 0.014562347412109489 0.10993597 0.11193597 "" "" 0.5531853892484473 "" 0.06086959868452017 "" 0.8
