Clusters/NGC_2645/NGC_2645_stars_in_region.tsv
# %ECSV 1.0
# ---
# datatype:
# - name: RA_ICRS_1
#   unit: deg
#   datatype: float64
#   format: '{:15.11f}'
#   description: Right ascension (ICRS) at Ep=2016.0 (ra)
#   meta: !!omap
#   - {ucd: POS_EQ_RA_MAIN}
#   - {width: 15}
#   - {precision: '11'}
# - name: DE_ICRS_1
#   unit: deg
#   datatype: float64
#   format: '{:15.11f}'
#   description: Declination (ICRS) at Ep=2016.0 (dec)
#   meta: !!omap
#   - {ucd: POS_EQ_DEC_MAIN}
#   - {width: 15}
#   - {precision: '11'}
# - name: e_RA_ICRS
#   unit: mas
#   datatype: float64
#   format: '{:7.4f}'
#   description: Standard error of right ascension (ra_error)
#   meta: !!omap
#   - {ucd: ERROR}
#   - {width: 7}
#   - {precision: '4'}
# - name: e_DE_ICRS
#   unit: mas
#   datatype: float64
#   format: '{:7.4f}'
#   description: Standard error of declination (dec_error)
#   meta: !!omap
#   - {ucd: ERROR}
#   - {width: 7}
#   - {precision: '4'}
# - name: _r_1
#   unit: ''
#   datatype: float64
#   format: '{:7.4f}'
#   description: Distance from center (129.78130803000-46.23180587000)[ICRS], at Epoch=J2016.0
#   meta: !!omap
#   - {ucd: POS_ANG_DIST_GENERAL}
#   - {width: 7}
#   - {precision: '4'}
# - name: HIP
#   datatype: int32
#   description: '? HIP cross-id number, van Leeuwen, Cat. I/311 (hip_original_ext_source_id)'
#   meta: !!omap
#   - {ucd: ID_NUMBER}
#   - {width: 6}
#   - values: {'null': -2147483648}
# - name: TYC2
#   datatype: string
#   description: Tycho-2 cross-id name, Hog et al., Cat. I/259 (tyc2_original_ext_source_id)
#   meta: !!omap
#   - {ucd: ID_CROSSID}
#   - {_votable_string_dtype: char}
# - name: Source
#   datatype: int64
#   description: Source identifier, identical to the Gaia-EDR3 source_id (id)
#   meta: !!omap
#   - {ucd: ID_MAIN}
#   - {width: 19}
# - name: rgeo
#   unit: pc
#   datatype: float64
#   format: '{:15.8f}'
#   description: '? Median of the geometric distance posterior (r_med_geo)'
#   meta: !!omap
#   - {ucd: PHYS_DISTANCE_TRUE}
#   - {width: 15}
#   - {precision: '8'}
#   - values: {'null': .nan}
# - name: Plx
#   unit: mas
#   datatype: float64
#   format: '{:9.4f}'
#   description: '? Parallax (parallax)'
#   meta: !!omap
#   - {ucd: POS_PARLX_TRIG}
#   - {width: 9}
#   - {precision: '4'}
#   - values: {'null': .nan}
# - name: e_Plx
#   unit: mas
#   datatype: float32
#   format: '{:7.4f}'
#   description: '? Standard error of parallax (parallax_error)'
#   meta: !!omap
#   - {ucd: ERROR}
#   - {width: 7}
#   - {precision: '4'}
#   - values: {'null': .nan}
# - name: pmRA
#   unit: mas / yr
#   datatype: float64
#   format: '{:9.3f}'
#   description: '? Proper motion in right ascension direction, pmRA*cosDE (pmra)'
#   meta: !!omap
#   - {ucd: POS_EQ_PMRA}
#   - {width: 9}
#   - {precision: '3'}
#   - values: {'null': .nan}
# - name: pmDE
#   unit: mas / yr
#   datatype: float64
#   format: '{:9.3f}'
#   description: '? Proper motion in declination direction (pmdec)'
#   meta: !!omap
#   - {ucd: POS_EQ_PMDEC}
#   - {width: 9}
#   - {precision: '3'}
#   - values: {'null': .nan}
# - name: e_pmRA
#   unit: mas / yr
#   datatype: float32
#   format: '{:6.3f}'
#   description: '? Standard error of proper motion in right ascension direction (pmra_error)'
#   meta: !!omap
#   - {ucd: ERROR}
#   - {width: 6}
#   - {precision: '3'}
#   - values: {'null': .nan}
# - name: e_pmDE
[...]
#         unit: &id001 !astropy.units.Unit {unit: deg}
#         value: !astropy.table.SerializedColumn {name: SkyCoord.dec}
#       distance: !astropy.table.SerializedColumn
#         __class__: astropy.coordinates.distances.Distance
#         unit: !astropy.units.Unit {unit: pc}
#         value: !astropy.table.SerializedColumn {name: SkyCoord.distance}
#       frame: icrs
#       obstime: !astropy.time.Time {format: jyear_str, in_subfmt: '*', jd1: 367701545.0, jd2: 0.0, out_subfmt: '*', precision: 3, scale: tt}
#       pm_dec: !astropy.table.SerializedColumn
#         __class__: astropy.units.quantity.Quantity
#         unit: !astropy.units.Unit {unit: mas / yr}
#         value: !astropy.table.SerializedColumn {name: SkyCoord.pm_dec}
#       pm_ra_cosdec: !astropy.table.SerializedColumn
#         __class__: astropy.units.quantity.Quantity
#         unit: !astropy.units.Unit {unit: mas / yr}
#         value: !astropy.table.SerializedColumn {name: SkyCoord.pm_ra_cosdec}
#       ra: !astropy.table.SerializedColumn
#         __class__: astropy.coordinates.angles.Longitude
#         unit: *id001
#         value: !astropy.table.SerializedColumn {name: SkyCoord.ra}
#         wrap_angle: !astropy.coordinates.Angle
#           unit: *id001
#           value: 360.0
#       representation_type: spherical
# schema: astropy-2.0
RA_ICRS_1 DE_ICRS_1 e_RA_ICRS e_DE_ICRS _r_1 HIP TYC2 Source rgeo Plx e_Plx pmRA pmDE e_pmRA e_pmDE RUWE Teff logg Gmag BP-RP BPmag RPmag RV e_RV b_rgeo B_rgeo FG e_FG FBP e_FBP FRP e_FRP RAVE5 RAVE6 e_Gmag e_BPmag e_RPmag e_BP-RP SkyCoord.ra SkyCoord.dec SkyCoord.distance SkyCoord.pm_ra_cosdec SkyCoord.pm_dec
[from data line 604]
129.59584847215 -45.92180671047 0.0197 0.0194 20.1381 "" "" 5521693518624537344 1550.82825 0.6094 0.0224 -1.546 7.455 0.026 0.025 1.033 5789.7 4.1801 15.479259 1.105254 15.947783 14.842528 "" "" 1500.28577 1600.86658 12112.76566 3.3076 5705.6 8.8712 9165.3 11.236 "" "" 0.002771225220195218 0.0032611077 0.0040069167 0.0072680246 129.59584847215 -45.92180671047 1550.82825 -1.5460000000000005 7.455
129.46951716625 -45.98856236283 0.0202 0.0209 19.5245 "" "" 5521691598792343296 1701.13025 0.5529 0.0239 -1.535 0.18 0.026 0.027 1.002 5102.7 4.1048 15.480432 1.509816 16.177256 14.667439 "" "" 1631.13135 1771.3606 12099.67543 3.7202 4618.6 8.9256 10769.0 10.558 "" "" 0.0027754688802284076 0.0034910718 0.0039264243 0.0074174963 129.46951716625 -45.98856236283 1701.13025 -1.535 0.17999999999999997
129.63742396582 -46.14126473468 0.0197 0.0195 8.0767 "" "" 5521685963795044224 1404.88782 0.678 0.0224 -3.484 5.645 0.025 0.026 1.005 6291.3 4.1997 15.485223 1.174153 15.982951 14.808798 "" "" 1361.30249 1451.81824 12046.41075 3.4601 5523.8 11.086 9454.5 11.842 "" "" 0.002772912565014264 0.0035402228 0.0040166015 0.007556824 129.63742396582 -46.14126473468 1404.88782 -3.484 5.645
130.00638856444 -46.53434108392 0.0206 0.0223 20.4031 "" "" 5521603878377922176 1625.38208 0.5813 0.0243 -3.227 6.488 0.026 0.03 0.932 6654.4 4.2482 15.487264 1.293235 16.056002 14.762767 "" "" 1565.11743 1690.13037 12023.78927 3.4078 5164.4 11.564 9864.0 14.493 "" "" 0.0027724504645417836 0.003700751 0.0041022627 0.0078030135 130.00638856444 -46.53434108392 1625.38208 -3.2270000000000003 6.4879999999999995
129.73170644903 -46.11648841536 0.0193 0.0209 7.2194 "" "" 5521674522002210304 1544.4624 0.6115 0.0231 -3.924 7.047 0.025 0.027 0.939 6347.3 4.325 15.491049 1.068658 15.93678 14.868122 "" "" 1486.61682 1614.41687 11981.94694 3.4394 5763.7 10.441 8951.8 9.8529 "" "" 0.0027728903145280313 0.0034137128 0.0039638137 0.0073775267 129.73170644903 -46.11648841536 1544.4624 -3.923999999999999 7.046999999999999
129.67641549964 -46.17543705994 0.2108 0.0305 5.5146 "" "" 5521673937880592640 1734.45508 0.5601 0.0501 -5.99 5.121 0.193 0.048 1.062 "" "" 15.492463 "" "" "" "" "" 1592.40222 1901.23804 11966.34178 10.389 "" "" "" "" "" "" 0.0029120992091741507 "" "" "" 129.67641549964 -46.17543705994 1734.45508 -5.99 5.121
129.86587916299 -46.08648769326 0.0208 0.0242 9.4008 "" "" 5521675484074941184 1479.53821 0.6438 0.0245 -8.073 5.447 0.027 0.032 1.099 5146.3 4.1067 15.494441 1.534193 16.207006 14.672813 "" "" 1435.49475 1526.59961 11944.57003 3.5054 4493.8 10.643 10716.0 11.35 "" "" 0.002773682871834207 0.0037943772 0.0039504636 0.007744841 129.86587916299 -46.08648769326 1479.53821 -8.073 5.447000000000002
129.58722531142 -46.41536835974 0.0206 0.0212 13.6372 "" "" 5521661499661836160 1780.21069 0.5289 0.0247 -5.984 10.308 0.027 0.028 0.954 6396.2 4.2457 15.501993 1.028282 15.926558 14.898275 "" "" 1708.73877 1847.30469 11861.77244 3.459 5818.3 8.8186 8706.6 12.209 "" "" 0.002773451208730784 0.003239304 0.0040745204 0.0073138243 129.58722531142 -46.41536835974 1780.21069 -5.983999999999998 10.307999999999998
129.7716453571 -46.10354501938 0.0208 0.0245 7.7061 "" "" 5521675965111237504 1580.85559 0.6045 0.0252 -6.411 0.264 0.027 0.033 1.112 5921.8 4.1456 15.503944 1.19731 16.019196 14.821886 "" "" 1517.75415 1631.80957 11840.4731 3.4251 5342.4 10.855 9341.2 9.653 "" "" 0.0027731625095168987 0.003556931 0.0039424053 0.0074993363 129.7716453571 -46.10354501938 1580.85559 -6.411000000000001 0.26400000000000035
130.28511012077 -46.29209549086 0.0221 0.0219 21.2093 "" "" 5521982660129462272 1834.74585 0.5143 0.0249 -5.741 4.96 0.029 0.027 1.028 8471.1 4.4447 15.507936 1.215214 16.029926 14.814713 "" "" 1751.20276 1932.57031 11797.02346 3.6422 5289.9 10.778 9403.1 9.6865 "" "" 0.002775635867255892 0.0035607114 0.0039414056 0.007502117 130.28511012077 -46.29209549086 1834.74585 -5.741 4.959999999999999
129.83291377142 -46.53827536023 0.0212 0.0245 18.5118 "" "" 5521610784685196800 1859.87476 0.5051 0.0268 -3.866 7.317 0.026 0.031 1.027 6106.2 3.9301 15.513322 1.298032 16.085222 14.78719 "" "" 1756.50806 1995.12158 11738.64552 3.9743 5027.2 12.833 9644.6 12.623 "" "" 0.0027797326920440315 0.003932768 0.0040377034 0.007970471 129.83291377142 -46.53827536023 1859.87476 -3.866 7.316999999999998
129.73441756987 -46.21077323749 0.0245 0.0225 2.3198 "" "" 5521672872735085824 1685.05579 0.5568 0.0257 -6.01 5.065 0.032 0.03 0.993 6909.2 4.3051 15.518109 1.169472 16.019585 14.850113 "" "" 1612.43103 1764.80627 11686.99465 3.9121 5340.5 12.384 9101.5 14.58 "" "" 0.0027791864351674775 0.00375817 0.004160386 0.007918556 129.73441756987 -46.21077323749 1685.05579 -6.009999999999999 5.065
129.71517761285 -46.3670512896 0.023 0.0234 8.5653 "" "" 5521662564813812608 1679.93762 0.5585 0.0281 -5.814 5.354 0.033 0.031 1.045 6589.2 4.2671 15.521364 1.095225 15.982792 14.887567 "" "" 1611.35632 1757.99744 11652.01355 3.6664 5524.6 14.8 8792.9 12.523 "" "" 0.0027764193315815565 0.0040305145 0.0040834844 0.008113999 129.71517761285 -46.3670512896 1679.93762 -5.814 5.353999999999999
129.78559932429 -46.23521392677 0.0201 0.0225 0.2712 "" "" 5521670192675527552 1699.73071 0.5581 0.0242 -5.705 5.083 0.027 0.029 1.048 5972.0 4.2298 15.521793 1.226458 16.049572 14.823113 "" "" 1634.53845 1774.60266 11647.40794 4.3272 5195.0 14.098 9330.7 14.292 "" "" 0.002784689487906833 0.0040578935 0.004129096 0.008186989 129.78559932429 -46.23521392677 1699.73071 -5.704999999999999 5.083
130.09069493163 -46.27541812298 0.0217 0.0211 13.0999 "" "" 5521995132714288640 1575.65161 0.6019 0.0239 -5.958 4.215 0.029 0.028 0.929 7306.4 4.3864 15.523426 1.188755 16.033287 14.844532 "" "" 1516.75232 1651.21716 11629.91273 3.3114 5273.5 10.982 9148.4 9.023 "" "" 0.002772608668172397 0.0035912832 0.0039281617 0.007519445 130.09069493163 -46.27541812298 1575.65161 -5.958 4.215
129.74195865487 -46.2479481067 0.0206 0.0214 1.8986 "" "" 5521669814718384000 1722.87244 0.5497 0.024 -5.941 5.181 0.027 0.027 1.001 5573.8 4.181 15.524836 1.216253 16.04921 14.832956 "" "" 1648.28491 1791.85767 11614.82515 5.5398 5196.8 22.434 9246.5 18.105 "" "" 0.0028035620536882386 0.0054546334 0.0043362696 0.009790903 129.74195865487 -46.2479481067 1722.87244 -5.941 5.180999999999999
129.63579860771 -46.58442512921 0.0219 0.0231 21.9969 "" "" 5521612296513573888 1748.74219 0.5343 0.0259 -5.298 7.23 0.028 0.031 1.067 6916.5 4.2929 15.526744 1.100566 15.989501 14.888935 "" "" 1676.73767 1828.21045 11594.42003 3.6428 5490.6 9.5434 8781.8 9.6873 "" "" 0.0027763562631557917 0.0033684422 0.0039646165 0.007333059 129.63579860771 -46.58442512921 1748.74219 -5.298 7.2299999999999995
129.51921204528 -46.02967223717 0.0195 0.0204 16.3052 "" "" 5521690533640125056 1925.92322 0.4899 0.0232 -5.778 8.168 0.026 0.026 1.014 6103.2 4.0175 15.530012 1.162031 16.024595 14.862564 "" "" 1844.40723 2015.12854 11559.57977 3.4575 5315.9 10.514 8997.7 9.3111 "" "" 0.002774391766444302 0.0035208564 0.0039428542 0.0074637104 129.51921204528 -46.02967223717 1925.92322 -5.778000000000001 8.168000000000001
129.76756452576 -46.2403715308 0.0213 0.0227 0.7678 "" "" 5521670158316088192 1753.69788 0.542 0.0252 -6.034 4.885 0.029 0.03 1.018 5666.8 3.8633 15.533179 1.488466 16.203068 14.714602 "" "" 1682.12817 1829.3125 11525.90832 18.526 4510.1 33.322 10311.0 68.178 "" "" 0.0032614889598139856 0.008493146 0.008113118 0.016606264 129.76756452576 -46.2403715308 1753.69788 -6.033999999999999 4.885
129.55188028682 -46.19537763168 0.0221 0.0222 9.773 "" "" 5521679847761905152 1698.84229 0.5503 0.025 0.378 4.732 0.028 0.028 0.951 6070.6 4.1234 15.533596 1.176307 16.033617 14.85731 "" "" 1633.06775 1764.31152 11521.48409 3.9263 5271.9 10.318 9041.4 14.748 "" "" 0.0027800517848676396 0.003507213 0.004173753 0.0076809656 129.55188028682 -46.19537763168 1698.84229 0.37800000000000034 4.732000000000001
129.75569020654 -46.025770091 0.0197 0.0215 12.408 "" "" 5521688265897537920 1688.08069 0.5595 0.0231 -0.897 -1.114 0.026 0.028 0.97 6333.3 4.2711 15.53393 0.963722 15.926784 14.963061 "" "" 1631.45776 1751.77258 11517.93611 3.2864 5817.1 11.299 8202.3 10.432 "" "" 0.002772681090626246 0.0034975053 0.0040237494 0.007521255 129.75569020654 -46.025770091 1688.08069 -0.897 -1.1139999999999999
129.85987484391 -46.10450564422 0.0197 0.0228 8.3065 "" "" 5521675449715205632 1959.36023 0.4746 0.0234 -2.645 9.058 0.026 0.03 0.957 5825.0 3.9238 15.534231 1.223846 16.062094 14.838247 "" "" 1882.0802 2073.52295 11514.74168 3.6454 5135.5 10.565 9201.5 8.656 "" "" 0.002776677611319706 0.003574094 0.0039149616 0.0074890554 129.85987484391 -46.10450564422 1959.36023 -2.6450000000000005 9.058000000000003
129.52478388036 -46.25661184953 0.0227 0.0217 10.7481 "" "" 5521679263646356736 1659.13354 0.5697 0.0257 -0.721 -0.567 0.031 0.028 1.039 6046.3 4.1281 15.534836 1.167835 16.027088 14.859253 "" "" 1592.22473 1734.32532 11508.33679 3.5138 5303.7 15.026 9025.2 16.401 "" "" 0.0027751908593002233 0.004152942 0.004263408 0.00841635 129.52478388036 -46.25661184953 1659.13354 -0.7210000000000001 -0.567
129.67671148069 -46.53326875329 0.0217 0.0244 18.5987 "" "" 5521612811909654144 1914.14697 0.4896 0.0284 -6.538 6.325 0.029 0.03 0.975 5150.8 4.0829 15.537006 1.615526 16.299166 14.68364 "" "" 1796.10059 2032.32397 11485.35322 3.856 4128.1 9.5644 10610.0 11.407 "" "" 0.0027793275369534212 0.003756728 0.0039555407 0.0077122687 129.67671148069 -46.53326875329 1914.14697 -6.538 6.324999999999999
130.04752864239 -46.03031160338 0.0209 0.0211 16.3919 "" "" 5522048287231952768 1589.11548 0.5977 0.024 -3.999 2.357 0.029 0.029 1.026 6666.7 4.311 15.537591 1.102794 16.000189 14.897395 "" "" 1531.974 1652.44043 11479.1624 3.5592 5436.8 9.3877 8713.6 9.4272 "" "" 0.002775809126084812 0.0033615003 0.0039577186 0.007319219 130.04752864239 -46.03031160338 1589.11548 -3.999 2.357
129.77092873317 -46.02901945921 0.0203 0.0227 12.1748 "" "" 5521688197178070144 2066.20898 0.4499 0.024 -2.293 2.898 0.026 0.029 1.072 6813.2 4.1363 15.5383 0.902971 15.898848 14.995876 "" "" 1981.04834 2177.63867 11471.67385 3.2959 5968.7 9.6924 7958.1 12.022 "" "" 0.0027729219572944705 0.0033005385 0.0041199415 0.0074204803 129.77092873317 -46.02901945921 2066.20898 -2.293 2.8979999999999997
129.65201145702 -46.28692540423 0.0209 0.0228 6.3013 "" "" 5521666687982166784 1509.14246 0.6382 0.0249 -9.505 4.765 0.028 0.031 1.054 6037.3 4.1685 15.550818 1.41448 16.187002 14.772522 "" "" 1454.5752 1554.67493 11340.17655 3.6429 4577.4 9.2243 9775.7 10.546 "" "" 0.002777307506987701 0.0035457306 0.0039567216 0.0075024525 129.65201145702 -46.28692540423 1509.14246 -9.505 4.765000000000001
129.72429970428 -46.11281393611 0.0197 0.0222 7.5222 "" "" 5521674693800897152 1595.3606 0.5988 0.0239 -5.813 5.32 0.026 0.03 1.035 5741.9 3.8762 15.55098 1.344225 16.141212 14.796988 "" "" 1536.05042 1651.55823 11338.47963 13.859 4774.5 29.754 9557.9 37.196 "" "" 0.003058261815776424 0.00731887 0.0056689437 0.012987814 129.72429970428 -46.11281393611 1595.3606 -5.813000000000001 5.32
129.29230378662 -46.20369527762 0.022 0.0225 20.371 "" "" 5521682562181516544 1729.2572 0.5472 0.0263 -3.517 5.783 0.027 0.027 1.047 6364.3 4.3505 15.552639 1.005434 15.965621 14.960187 "" "" 1657.96118 1809.98486 11321.16649 3.5698 5612.7 13.167 8224.0 9.4573 "" "" 0.0027765079741523062 0.003777905 0.003980279 0.007758184 129.29230378662 -46.20369527762 1729.2572 -3.5170000000000003 5.783000000000001
130.2545290489 -46.24993172723 0.0201 0.0211 19.6676 "" "" 5521994686037841408 1421.7002 0.6674 0.0235 -9.858 7.204 0.028 0.027 1.0 5774.7 4.0311 15.553066 1.471621 16.226063 14.754442 "" "" 1374.61743 1471.23096 11316.70807 3.3463 4415.6 7.8415 9939.9 17.039 "" "" 0.0027739612078866156 0.0033915613 0.0042128 0.0076043615 130.2545290489 -46.24993172723 1421.7002 -9.858000000000002 7.204000000000001
129.91741371406 -46.33181035037 0.0228 0.0236 8.2375 "" "" 5521621676721991936 1709.18396 0.5579 0.0264 -5.802 5.074 0.029 0.031 1.001 7322.5 4.3123 15.556077 1.195766 16.06831 14.872544 "" "" 1636.72876 1776.81909 11285.37796 3.3255 5106.1 14.059 8915.4 19.066 "" "" 0.0027738329801332887 0.0040892274 0.0044356436 0.0085248705 129.91741371406 -46.33181035037 1709.18396 -5.802 5.074
129.78180128613 -45.92131315744 0.0214 0.0232 18.6296 "" "" 5522065157863048832 1835.85425 0.5083 0.0247 -9.729 9.225 0.028 0.03 0.926 5838.6 4.1965 15.561517 1.063223 16.00491 14.941687 "" "" 1777.29309 1907.63647 11228.9701 3.2805 5413.2 10.935 8365.3 10.559 "" "" 0.002773517834338384 0.0035490016 0.0040201843 0.007569186 129.78180128613 -45.92131315744 1835.85425 -9.729000000000003 9.224999999999998
130.14021676587 -46.24475460983 0.0206 0.0206 14.9148 "" "" 5521995304513012736 1682.84119 0.5621 0.0237 0.176 1.045 0.027 0.026 1.004 6710.2 4.1729 15.564754 1.525725 16.264694 14.738969 "" "" 1607.88452 1750.26465 11195.55096 3.5093 4261.3 13.547 10083.0 10.169 "" "" 0.0027762588919192856 0.0044383397 0.003934812 0.0083731515 130.14021676587 -46.24475460983 1682.84119 0.17600000000000005 1.045
129.40211623914 -46.00759913917 0.0204 0.0219 20.7284 "" "" 5521873327441058304 1391.5946 0.6824 0.0248 -7.01 0.294 0.026 0.027 1.036 5927.6 4.3694 15.570854 1.122158 16.033415 14.911257 "" "" 1353.26001 1437.7323 11132.81847 3.291 5272.9 10.935 8603.1 13.524 "" "" 0.0027739507725745797 0.0035853598 0.0041469005 0.00773226 129.40211623914 -46.00759913917 1391.5946 -7.009999999999999 0.2940000000000005
129.90816756388 -46.34681726558 0.0232 0.0239 8.6766 "" "" 5521621642362253696 1707.80969 0.5428 0.0271 -4.4 3.445 0.031 0.032 0.935 6014.2 4.1863 15.572552 1.334878 16.161139 14.826261 "" "" 1637.86475 1804.89062 11115.42538 3.719 4687.7 14.101 9303.7 14.959 "" "" 0.0027791637900979405 0.004295546 0.0041630776 0.008458624 129.90816756388 -46.34681726558 1707.80969 -4.4 3.445000000000001
129.80466642018 -46.16034714434 0.0217 0.0238 4.3959 "" "" 5521674831239906816 1715.69446 0.5565 0.0256 -5.882 5.075 0.028 0.032 1.016 7100.7 4.3857 15.576034 1.100281 16.040297 14.940016 "" "" 1649.53943 1798.97205 11079.8401 3.4521 5239.6 8.6756 8378.2 8.379 "" "" 0.0027760082187341948 0.0033191715 0.0039322735 0.007251445 129.80466642018 -46.16034714434 1715.69446 -5.881999999999999 5.075000000000001
129.87850216554 -46.3186398498 0.0229 0.0255 6.5873 "" "" 5521621814160922624 1673.72009 0.5622 0.0274 -5.796 5.018 0.029 0.035 0.971 6065.9 4.259 15.578339 1.164751 16.070581 14.90583 "" "" 1609.79968 1763.13916 11056.34029 6.6967 5095.5 15.312 8646.2 20.149 "" "" 0.002832710881517304 0.0042930036 0.004548139 0.008841142 129.87850216554 -46.3186398498 1673.72009 -5.796 5.018000000000001
129.82303124982 -46.52807945438 0.0214 0.0258 17.8601 "" "" 5521610853404660480 1725.9856 0.5491 0.0278 -5.951 5.089 0.027 0.033 0.971 5827.1 3.9767 15.578798 1.405069 16.20388 14.798811 "" "" 1655.23706 1796.99438 11051.65791 16.077 4506.8 29.424 9541.9 49.512 "" "" 0.003175910187188035 0.0076179174 0.0067840405 0.014401957 129.82303124982 -46.52807945438 1725.9856 -5.951 5.089
129.76585327614 -46.26151779434 0.021 0.0228 1.8945 "" "" 5521669574200236160 1789.87915 0.5277 0.0253 -5.78 4.964 0.027 0.029 0.925 7798.0 4.3239 15.578887 1.248171 16.123009 14.874838 "" "" 1705.19763 1864.45691 11050.75226 3.6693 4855.3 9.7484 8896.6 11.705 "" "" 0.0027788047588454246 0.0035407797 0.004040329 0.0075811082 129.76585327614 -46.26151779434 1789.87915 -5.780000000000001 4.964000000000001
