Clusters/NGC_2645/NGC_2645_stars_in_region.tsv
# %ECSV 1.0
# ---
# datatype:
# - name: RA_ICRS_1
#   unit: deg
#   datatype: float64
#   format: '{:15.11f}'
#   description: Right ascension (ICRS) at Ep=2016.0 (ra)
#   meta: !!omap
#   - {ucd: POS_EQ_RA_MAIN}
#   - {width: 15}
#   - {precision: '11'}
# - name: DE_ICRS_1
#   unit: deg
#   datatype: float64
#   format: '{:15.11f}'
#   description: Declination (ICRS) at Ep=2016.0 (dec)
#   meta: !!omap
#   - {ucd: POS_EQ_DEC_MAIN}
#   - {width: 15}
#   - {precision: '11'}
# - name: e_RA_ICRS
#   unit: mas
#   datatype: float64
#   format: '{:7.4f}'
#   description: Standard error of right ascension (ra_error)
#   meta: !!omap
#   - {ucd: ERROR}
#   - {width: 7}
#   - {precision: '4'}
# - name: e_DE_ICRS
#   unit: mas
#   datatype: float64
#   format: '{:7.4f}'
#   description: Standard error of declination (dec_error)
#   meta: !!omap
#   - {ucd: ERROR}
#   - {width: 7}
#   - {precision: '4'}
# - name: _r_1
#   unit: ''
#   datatype: float64
#   format: '{:7.4f}'
#   description: Distance from center (129.78130803000-46.23180587000)[ICRS], at Epoch=J2016.0
#   meta: !!omap
#   - {ucd: POS_ANG_DIST_GENERAL}
#   - {width: 7}
#   - {precision: '4'}
# - name: HIP
#   datatype: int32
#   description: '? HIP cross-id number, van Leeuwen, Cat. I/311 (hip_original_ext_source_id)'
#   meta: !!omap
#   - {ucd: ID_NUMBER}
#   - {width: 6}
#   - values: {'null': -2147483648}
# - name: TYC2
#   datatype: string
#   description: Tycho-2 cross-id name, Hog et al., Cat. I/259 (tyc2_original_ext_source_id)
#   meta: !!omap
#   - {ucd: ID_CROSSID}
#   - {_votable_string_dtype: char}
# - name: Source
#   datatype: int64
#   description: Source identifier, identical to the Gaia-EDR3 source_id (id)
#   meta: !!omap
#   - {ucd: ID_MAIN}
#   - {width: 19}
# - name: rgeo
#   unit: pc
#   datatype: float64
#   format: '{:15.8f}'
#   description: '? Median of the geometric distance posterior (r_med_geo)'
#   meta: !!omap
#   - {ucd: PHYS_DISTANCE_TRUE}
#   - {width: 15}
#   - {precision: '8'}
#   - values: {'null': .nan}
# - name: Plx
#   unit: mas
#   datatype: float64
#   format: '{:9.4f}'
#   description: '? Parallax (parallax)'
#   meta: !!omap
#   - {ucd: POS_PARLX_TRIG}
#   - {width: 9}
#   - {precision: '4'}
#   - values: {'null': .nan}
# - name: e_Plx
#   unit: mas
#   datatype: float32
#   format: '{:7.4f}'
#   description: '? Standard error of parallax (parallax_error)'
#   meta: !!omap
#   - {ucd: ERROR}
#   - {width: 7}
#   - {precision: '4'}
#   - values: {'null': .nan}
# - name: pmRA
#   unit: mas / yr
#   datatype: float64
#   format: '{:9.3f}'
#   description: '? Proper motion in right ascension direction, pmRA*cosDE (pmra)'
#   meta: !!omap
#   - {ucd: POS_EQ_PMRA}
#   - {width: 9}
#   - {precision: '3'}
#   - values: {'null': .nan}
# - name: pmDE
#   unit: mas / yr
#   datatype: float64
#   format: '{:9.3f}'
#   description: '? Proper motion in declination direction (pmdec)'
#   meta: !!omap
#   - {ucd: POS_EQ_PMDEC}
#   - {width: 9}
#   - {precision: '3'}
#   - values: {'null': .nan}
# - name: e_pmRA
#   unit: mas / yr
#   datatype: float32
#   format: '{:6.3f}'
#   description: '? Standard error of proper motion in right ascension direction (pmra_error)'
#   meta: !!omap
#   - {ucd: ERROR}
#   - {width: 6}
#   - {precision: '3'}
#   - values: {'null': .nan}
# - name: e_pmDE
[...]
#         unit: &id001 !astropy.units.Unit {unit: deg}
#         value: !astropy.table.SerializedColumn {name: SkyCoord.dec}
#       distance: !astropy.table.SerializedColumn
#         __class__: astropy.coordinates.distances.Distance
#         unit: !astropy.units.Unit {unit: pc}
#         value: !astropy.table.SerializedColumn {name: SkyCoord.distance}
#       frame: icrs
#       obstime: !astropy.time.Time {format: jyear_str, in_subfmt: '*', jd1: 367701545.0, jd2: 0.0, out_subfmt: '*', precision: 3, scale: tt}
#       pm_dec: !astropy.table.SerializedColumn
#         __class__: astropy.units.quantity.Quantity
#         unit: !astropy.units.Unit {unit: mas / yr}
#         value: !astropy.table.SerializedColumn {name: SkyCoord.pm_dec}
#       pm_ra_cosdec: !astropy.table.SerializedColumn
#         __class__: astropy.units.quantity.Quantity
#         unit: !astropy.units.Unit {unit: mas / yr}
#         value: !astropy.table.SerializedColumn {name: SkyCoord.pm_ra_cosdec}
#       ra: !astropy.table.SerializedColumn
#         __class__: astropy.coordinates.angles.Longitude
#         unit: *id001
#         value: !astropy.table.SerializedColumn {name: SkyCoord.ra}
#         wrap_angle: !astropy.coordinates.Angle
#           unit: *id001
#           value: 360.0
#       representation_type: spherical
# schema: astropy-2.0
RA_ICRS_1 DE_ICRS_1 e_RA_ICRS e_DE_ICRS _r_1 HIP TYC2 Source rgeo Plx e_Plx pmRA pmDE e_pmRA e_pmDE RUWE Teff logg Gmag BP-RP BPmag RPmag RV e_RV b_rgeo B_rgeo FG e_FG FBP e_FBP FRP e_FRP RAVE5 RAVE6 e_Gmag e_BPmag e_RPmag e_BP-RP SkyCoord.ra SkyCoord.dec SkyCoord.distance SkyCoord.pm_ra_cosdec SkyCoord.pm_dec
[from data line 685]
129.46462871879 -46.3486761014 0.025 0.025 14.8848 "" "" 5521665382306368256 1554.63025 0.6103 0.0285 -5.756 5.038 0.036 0.032 1.12 6110.9 4.3756 15.651898 1.053884 16.059837 15.005953 "" "" 1486.68347 1625.11096 10332.06718 3.9235 5146.1 16.725 7884.6 36.629 "" "" 0.002785996887751084 0.004498514 0.00630278 0.010801294 129.46462871879 -46.3486761014 1554.63025 -5.756 5.037999999999999
130.03952165943 -46.54332486494 0.0222 0.0239 21.5305 "" "" 5521603981457173120 1929.49268 0.4835 0.0265 -5.796 6.248 0.029 0.032 1.005 7154.5 4.3577 15.65253 1.207248 16.169409 14.962161 "" "" 1844.3783 2036.72095 10326.0642 3.0703 4652.1 10.641 8209.1 9.6185 "" "" 0.002774167785199286 0.0037353227 0.0039877407 0.007723063 130.03952165943 -46.54332486494 1929.49268 -5.796000000000001 6.248
130.17287566251 -46.03399308118 0.0216 0.0231 20.148 "" "" 5522002279539805440 1617.09583 0.5827 0.0252 -6.586 5.428 0.03 0.031 1.007 5605.5 4.3234 15.652937 1.119997 16.126211 15.006214 "" "" 1547.61951 1706.14294 10322.19168 3.0388 4841.0 14.906 7882.7 11.237 "" "" 0.002773798121008953 0.004354471 0.004084023 0.008438494 130.17287566251 -46.03399308118 1617.09583 -6.586 5.427999999999999
129.47669204092 -46.3547995815 0.0232 0.0238 14.6268 "" "" 5521665176153799680 1921.13391 0.486 0.0277 -5.471 4.977 0.03 0.03 0.978 6434.9 4.3787 15.65468 0.987441 16.060312 15.072871 "" "" 1828.17297 2039.22766 10305.62986 4.0606 5143.9 13.237 7413.3 12.992 "" "" 0.002788333112501078 0.0039485823 0.0042313477 0.00817993 129.47669204092 -46.3547995815 1921.13391 -5.471 4.977
129.45910601606 -46.01874159282 0.029 0.0306 18.519 "" "" 5521685517118273792 1753.36328 0.541 0.0353 -2.159 1.603 0.039 0.039 1.365 5992.2 4.3673 15.657436 1.046196 16.090935 15.044739 "" "" 1618.64148 1876.83728 10279.50513 3.6061 5000.8 10.235 7607.9 8.5637 "" "" 0.002781521186496119 0.0035669291 0.0039720717 0.007539001 129.45910601606 -46.01874159282 1753.36328 -2.159 1.6029999999999998
129.63712154922 -46.50632078791 0.0219 0.0241 17.5192 "" "" 5521660022193247616 1483.4021 0.6378 0.0274 -5.146 8.725 0.029 0.031 0.997 5974.3 4.3435 15.658972 1.132442 16.1415 15.009059 "" "" 1429.06958 1554.09253 10264.97426 3.0862 4773.3 7.7437 7862.0 8.9126 "" "" 0.0027745893676646843 0.0032996247 0.003974752 0.0072743767 129.63712154922 -46.50632078791 1483.4021 -5.146 8.725
129.91996048547 -46.41462482906 0.0252 0.0258 12.3826 "" "" 5521620405412400384 1543.29871 0.6203 0.0296 -2.64 5.864 0.034 0.035 0.944 6098.3 4.2985 15.661683 1.320192 16.244032 14.92384 "" "" 1485.10522 1611.73633 10239.37773 3.3985 4343.1 14.736 8504.0 10.803 "" "" 0.002778785630400381 0.0046212478 0.0040231925 0.00864444 129.91996048547 -46.41462482906 1543.29871 -2.6399999999999997 5.863999999999999
129.87272772392 -46.58483400161 0.023 0.0257 21.5167 "" "" 5521609685173625728 1684.40625 0.5617 0.0292 -4.991 9.046 0.03 0.034 0.951 7448.2 4.3107 15.662519 1.373506 16.276775 14.90327 "" "" 1608.15588 1794.00562 10231.48801 3.3533 4214.1 11.01 8666.6 20.482 "" "" 0.002778203258065941 0.003978903 0.0045681307 0.008547034 129.87272772392 -46.58483400161 1684.40625 -4.9910000000000005 9.046000000000003
130.27310962928 -46.19761443349 0.0203 0.023 20.5211 "" "" 5521996369665007104 1833.83325 0.5183 0.0248 -5.182 3.929 0.028 0.028 0.953 7152.2 4.3339 15.663583 1.266202 16.215551 14.949349 "" "" 1748.22864 1941.19666 10221.47731 2.8108 4458.6 11.794 8306.5 10.184 "" "" 0.002771449289627998 0.0040041883 0.0040069525 0.008011141 130.27310962928 -46.19761443349 1833.83325 -5.182 3.9290000000000007
130.17605750888 -46.3956037537 0.0241 0.0224 19.0845 "" "" 5521606558437226496 1443.92944 0.6659 0.0266 -4.419 7.776 0.03 0.027 0.972 5347.3 4.1878 15.665112 1.457238 16.329165 14.871926 "" "" 1388.90796 1497.96704 10207.08505 3.0626 4015.6 11.786 8920.5 10.751 "" "" 0.0027745119128425176 0.0042355713 0.0039994973 0.008235069 130.17605750888 -46.3956037537 1443.92944 -4.419 7.776
129.97912299429 -46.45972993512 0.0247 0.0242 15.9419 "" "" 5521617106877513088 1506.60315 0.6413 0.0288 -9.4 -6.878 0.031 0.033 0.972 5713.5 4.1181 15.66711 1.491056 16.353619 14.862563 "" "" 1442.92139 1574.24731 10188.3279 3.4308 3926.2 12.257 8997.7 10.436 "" "" 0.0027794710454490798 0.0043901913 0.0039836597 0.008373851 129.97912299429 -46.45972993512 1506.60315 -9.4 -6.878000000000001
130.05480036793 -45.91453896551 0.022 0.0218 22.1802 "" "" 5522053303753654016 1927.37061 0.4901 0.025 -5.193 7.199 0.029 0.028 0.966 6342.4 4.2682 15.667847 1.074094 16.116537 15.042443 "" "" 1829.09607 2029.81775 10181.41727 3.1687 4884.3 10.98 7624.0 9.7755 "" "" 0.0027759629949568837 0.0037070657 0.0040276246 0.0077346903 130.05480036793 -45.91453896551 1927.37061 -5.193 7.199
129.66391790934 -46.51313598239 0.023 0.0258 17.5654 "" "" 5521613121147287808 1614.28589 0.5934 0.0291 -0.576 1.098 0.03 0.034 0.99 5662.4 3.9874 15.669053 1.293772 16.237656 14.943884 "" "" 1523.09973 1700.7301 10170.10709 3.4299 4368.7 10.038 8348.4 10.894 "" "" 0.002779544622238576 0.0037428068 0.004036217 0.0077790236 129.66391790934 -46.51313598239 1614.28589 -0.576 1.0979999999999999
129.60595067031 -46.4647224306 0.0247 0.025 15.7495 "" "" 5521660365790489216 1922.2384 0.4825 0.0296 -4.593 4.126 0.031 0.033 1.088 6813.3 4.3581 15.669856 1.058405 16.102015 15.04361 "" "" 1830.18274 2053.0896 10162.58886 3.4188 4950.1 9.3727 7615.8 13.092 "" "" 0.0027794242327734897 0.0034657249 0.004215132 0.0076808566 129.60595067031 -46.4647224306 1922.2384 -4.593 4.126
129.39314535078 -46.1679070385 0.0247 0.0242 16.5695 "" "" 5521682218583786112 2027.87024 0.4689 0.028 -2.725 1.457 0.031 0.029 1.091 6702.1 4.3199 15.672234 1.056841 16.115644 15.058804 "" "" 1915.09082 2127.53882 10140.35835 3.1785 4888.3 11.015 7509.9 11.239 "" "" 0.0027762583037249503 0.0037108718 0.0041138693 0.007824741 129.39314535078 -46.1679070385 2027.87024 -2.7250000000000005 1.4569999999999999
129.70869231101 -46.3203247331 0.0235 0.0248 6.1055 "" "" 5521663488213281280 1507.41919 0.6275 0.0278 -5.151 8.528 0.032 0.031 0.961 6011.8 4.2833 15.673142 1.204564 16.167274 14.96271 "" "" 1437.84692 1564.40674 10131.87553 3.3923 4661.3 21.998 8204.9 29.191 "" "" 0.0027791970836073326 0.0058343275 0.005404146 0.0112384735 129.70869231101 -46.3203247331 1507.41919 -5.151000000000001 8.528
130.03808329501 -46.22903811309 0.0213 0.0232 10.6589 "" "" 5521623875745203840 1627.52124 0.5797 0.0249 -5.879 4.884 0.028 0.032 1.029 5745.0 4.0089 15.673277 1.319821 16.256567 14.936746 "" "" 1561.3042 1700.16187 10130.61568 7.3098 4293.3 14.611 8403.5 17.1 "" "" 0.0028645303905866005 0.004630117 0.0043777684 0.009007886 130.03808329501 -46.22903811309 1627.52124 -5.879 4.884000000000001
130.10917641392 -46.34163735202 0.0709 0.0674 15.1074 "" "" 5521619443325132032 1683.10364 0.5996 0.0834 -6.521 5.957 0.098 0.083 1.848 "" "" 15.674118 1.224327 15.945175 14.720848 "" "" 1463.06128 1961.62402 10122.77262 7.701 5719.4 35.102 10252.0 71.978 "" "" 0.0028764631110138033 0.007224123 0.008508294 0.015732417 130.10917641392 -46.34163735202 1683.10364 -6.521 5.956999999999999
129.50328347732 -46.34862372065 0.0222 0.0253 13.4907 "" "" 5521665519751377024 1635.15955 0.5771 0.027 -4.277 6.188 0.03 0.033 0.993 5515.0 4.3487 15.676081 1.154792 16.169056 15.014264 "" "" 1561.5105 1717.0354 10104.48772 4.6238 4653.7 9.4256 7824.4 12.574 "" "" 0.0027997554919834897 0.0035525856 0.0041627 0.0077152858 129.50328347732 -46.34862372065 1635.15955 -4.277 6.188
129.92289315919 -46.16081287662 0.0213 0.0249 7.2609 "" "" 5521671360906382080 1768.93591 0.5286 0.0256 -5.934 5.112 0.029 0.034 1.024 6122.0 4.2071 15.676445 1.169396 16.172611 15.003215 "" "" 1697.10291 1838.98877 10101.09935 3.4137 4638.4 11.342 7904.5 9.3242 "" "" 0.002779644882933886 0.0038514237 0.003990492 0.007841916 129.92289315919 -46.16081287662 1768.93591 -5.934 5.112
129.92013154271 -46.20979141479 0.022 0.0249 5.9124 "" "" 5521670673711625344 1986.45496 0.4677 0.0258 -3.658 2.897 0.028 0.033 0.991 7664.7 4.3792 15.677834 1.095804 16.134504 15.0387 "" "" 1871.28418 2116.19751 10088.18821 7.5473 4804.1 17.082 7650.3 15.367 "" "" 0.002872556168116995 0.004763299 0.004363489 0.009126788 129.92013154271 -46.20979141479 1986.45496 -3.6580000000000004 2.8969999999999994
130.02093481418 -46.15126591673 0.0233 0.0262 11.064 "" "" 5522046500525626880 1713.37793 0.5558 0.0275 -5.136 6.462 0.03 0.035 1.127 7198.5 4.3815 15.67994 1.258272 16.22658 14.968307 "" "" 1630.11182 1778.63147 10068.63238 3.0695 4413.5 10.332 8162.7 9.2461 "" "" 0.002775130105708313 0.003774298 0.003974448 0.007748746 130.02093481418 -46.15126591673 1713.37793 -5.136000000000001 6.462
129.31705149754 -46.243733097 0.0232 0.0236 19.2799 "" "" 5521681531389370880 1458.11426 0.6549 0.0272 -4.148 5.859 0.03 0.028 0.988 5577.0 4.3728 15.683438 1.213521 16.208193 14.994672 "" "" 1409.66455 1506.38733 10036.24968 3.2409 4488.9 12.224 7966.9 13.946 "" "" 0.002777537305298354 0.004065309 0.0042303554 0.008295665 129.31705149754 -46.243733097 1458.11426 -4.148 5.859
129.5420768654 -45.92616993692 0.0239 0.025 20.8668 "" "" 5521692182907529856 2056.66528 0.4558 0.0279 -6.952 8.695 0.033 0.032 1.169 6002.7 4.2738 15.684767 1.155733 16.113773 14.95804 "" "" 1934.66162 2220.48535 10023.97758 4.3524 4896.7 10.499 8240.3 13.355 "" "" 0.0027953588906804577 0.0036337688 0.004168942 0.007802711 129.5420768654 -45.92616993692 2056.66528 -6.952 8.695
129.83425722022 -46.58698967589 0.0225 0.0249 21.4233 "" "" 5521610097490455040 2050.97729 0.4589 0.028 -6.59 8.752 0.029 0.033 1.007 7213.8 4.3631 15.692737 1.296373 16.261816 14.965443 "" "" 1959.04944 2167.21826 9950.66745 3.4789 4272.6 10.077 8184.3 11.759 "" "" 0.0027813445475300077 0.0037871324 0.004088667 0.0078758 129.83425722022 -46.58698967589 2050.97729 -6.59 8.752
129.87768761759 -46.36976398544 0.0269 0.029 9.1912 "" "" 5521621504923293568 1644.44812 0.5647 0.0317 -5.701 5.05 0.034 0.039 1.077 6858.1 4.2479 15.697764 1.431591 16.336884 14.905292 "" "" 1562.97766 1736.61426 9904.69101 3.6741 3987.2 14.045 8650.5 19.735 "" "" 0.002784599801429221 0.0047341394 0.004518749 0.009252889 129.87768761759 -46.36976398544 1644.44812 -5.701 5.050000000000001
129.93242687534 -46.26814444132 0.0229 0.0248 6.6383 "" "" 5521623463428375040 1592.66638 0.5969 0.0269 -6.096 5.164 0.03 0.032 1.075 6594.1 4.3323 15.698626 1.167372 16.186281 15.018909 "" "" 1527.45398 1656.39917 9896.83904 3.6489 4580.4 9.9702 7791.0 10.259 "" "" 0.0027842472171586206 0.003656554 0.004040753 0.007697307 129.93242687534 -46.26814444132 1592.66638 -6.096000000000001 5.164
129.52560386348 -46.27878563368 0.0222 0.0229 10.9764 "" "" 5521667478256431616 1424.30652 0.667 0.0258 -3.026 0.678 0.031 0.029 0.984 5929.9 4.4046 15.699173 1.081872 16.153728 15.071857 "" "" 1376.98926 1467.69434 9891.84968 3.3301 4719.8 12.619 7420.2 11.267 "" "" 0.002779458568047831 0.004026367 0.004123303 0.00814967 129.52560386348 -46.27878563368 1424.30652 -3.026 0.6780000000000002
129.82097645767 -46.17991045954 0.0221 0.0249 3.5226 "" "" 5521671876302420224 1670.31873 0.5667 0.0264 -5.975 5.17 0.029 0.035 0.961 6600.2 4.3616 15.701285 1.134304 16.180977 15.046673 "" "" 1593.96973 1747.07214 9872.62507 3.27 4602.8 11.676 7594.3 11.252 "" "" 0.0027786891338621488 0.0039205477 0.0041074976 0.008028045 129.82097645767 -46.17991045954 1670.31873 -5.975 5.169999999999999
130.0300338978 -46.0729847962 0.0213 0.0234 14.06 "" "" 5522047393878770048 2041.05029 0.4523 0.0253 -4.77 5.625 0.028 0.03 0.993 7613.5 4.4142 15.703848 1.031529 16.128439 15.09691 "" "" 1963.55042 2145.81055 9849.35057 2.8145 4831.0 12.94 7250.9 13.427 "" "" 0.0027727328046603327 0.0040302067 0.0042808848 0.008311091 130.0300338978 -46.0729847962 2041.05029 -4.77 5.625000000000001
129.93519224444 -46.27391348358 0.0221 0.0245 6.8662 "" "" 5521623463428378368 1479.60815 0.6431 0.026 0.145 1.727 0.029 0.032 0.999 5147.7 3.6747 15.704493 1.509902 16.400534 14.890632 "" "" 1416.11243 1534.15991 9843.50029 3.4071 3760.1 11.192 8768.1 12.048 "" "" 0.0027808302521806047 0.0042695445 0.00406318 0.008332725 129.93519224444 -46.27391348358 1479.60815 0.14500000000000013 1.7269999999999999
129.32475124508 -46.27667757633 0.0228 0.0234 19.1318 "" "" 5521678473372662528 1484.43433 0.632 0.0265 -7.571 8.397 0.028 0.027 0.91 6294.0 4.4516 15.70519 1.14248 16.190912 15.048432 "" "" 1434.79199 1551.44702 9837.18316 2.9927 4560.9 10.384 7582.0 8.7034 "" "" 0.002775048033993692 0.0037276736 0.0039795777 0.0077072512 129.32475124508 -46.27667757633 1484.43433 -7.570999999999999 8.397000000000002
130.1236232764 -46.28550228823 0.0231 0.0229 14.5616 "" "" 5521995098354590976 1776.75879 0.5317 0.0261 -5.851 5.087 0.031 0.029 1.003 7659.0 4.4039 15.708221 1.339361 16.297998 14.958637 "" "" 1690.54663 1848.17456 9809.75893 3.308 4132.5 11.444 8235.7 15.043 "" "" 0.002779539207302466 0.004101861 0.0042680977 0.008369958 130.1236232764 -46.28550228823 1776.75879 -5.850999999999999 5.087
130.00332265559 -46.02826630443 0.1242 0.141 15.309 "" "" 5522048424670837120 1438.36755 0.7509 0.148 1.07 0.039 0.169 0.181 5.689 5897.5 4.4565 15.709017 1.180431 16.153692 14.973261 "" "" 1155.83435 1846.85315 9802.5735 15.371 4720.0 14.638 8125.6 11.426 "" "" 0.0032388709287459534 0.0043729655 0.004076106 0.008449072 130.00332265559 -46.02826630443 1438.36755 1.07 0.03899999999999991
129.4847989157 -45.94918362358 0.022 0.0233 20.9709 "" "" 5521691804950383488 2006.16675 0.4666 0.0263 -0.871 4.797 0.029 0.03 0.991 5939.7 4.153 15.709597 1.139895 16.191517 15.051622 "" "" 1910.39062 2123.88306 9797.3375 3.1854 4558.4 12.226 7559.8 10.523 "" "" 0.002777841169420473 0.004032987 0.004070354 0.008103341 129.4847989157 -45.94918362358 2006.16675 -0.871 4.797
129.95428566184 -46.29264023126 0.0233 0.0248 8.0504 "" "" 5521623188550484096 1693.17517 0.5564 0.0271 -5.598 5.107 0.03 0.034 0.961 6343.4 4.1684 15.712273 1.25154 16.242083 14.990542 "" "" 1619.09363 1756.89539 9773.21912 3.6131 4350.9 14.3 7997.3 12.217 "" "" 0.0027844035995700936 0.004529788 0.0041273152 0.008657103 129.95428566184 -46.29264023126 1693.17517 -5.598000000000001 5.106999999999999
130.04620712094 -46.37547739639 0.1066 0.1036 13.9597 "" "" 5521618962302730240 1691.36877 0.6402 0.121 -3.418 4.07 0.139 0.15 5.549 "" "" 15.714568 0.968589 15.893397 14.924808 "" "" 1356.83215 2218.25806 9752.58238 5.8129 5998.7 26.207 8496.4 22.807 "" "" 0.0028302964915633898 0.0055031213 0.0047726072 0.010275729 130.04620712094 -46.37547739639 1691.36877 -3.418 4.07
130.07185690233 -46.10986907679 0.023 0.0222 14.1164 "" "" 5522047050281468032 1583.95728 0.601 0.0263 -4.475 2.982 0.03 0.03 0.969 6064.0 4.2622 15.714631 1.134033 16.196423 15.062389 "" "" 1519.64258 1655.91309 9752.01685 3.3066 4537.8 10.255 7485.2 11.125 "" "" 0.0027798049469177797 0.0037155757 0.004109469 0.007825045 130.07185690233 -46.10986907679 1583.95728 -4.475 2.9819999999999993
129.50598289138 -46.32040592495 0.0236 0.0238 12.5949 "" "" 5521665897708487168 1906.62292 0.4894 0.0272 -6.632 5.705 0.033 0.03 1.031 6024.5 4.3478 15.72111 1.009402 16.138237 15.128835 "" "" 1814.56067 2015.84167 9693.99502 3.0633 4787.6 10.802 7040.8 9.3888 "" "" 0.0027765989543373395 0.0037129524 0.0040472075 0.0077601597 129.50598289138 -46.32040592495 1906.62292 -6.631999999999999 5.705
129.96682268814 -46.16447244878 0.0213 0.0245 8.6994 "" "" 5521671223467444352 1804.84558 0.5211 0.0253 -5.854 5.056 0.028 0.034 0.985 7081.2 4.3844 15.723612 1.154 16.216227 15.062226 "" "" 1717.46851 1875.41016 9671.68232 2.809 4455.8 10.862 7486.3 10.536 "" "" 0.0027733060426871747 0.0038458013 0.004076593 0.007922394 129.96682268814 -46.16447244878 1804.84558 -5.854000000000001 5.056000000000001
