Clusters/BH_121/BH_121_stars_in_region.tsv
# %ECSV 1.0
# ---
# datatype:
# - name: RA_ICRS_1
#   unit: deg
#   datatype: float64
#   format: '{:15.11f}'
#   description: Right ascension (ICRS) at Ep=2016.0 (ra)
#   meta: !!omap
#   - {ucd: POS_EQ_RA_MAIN}
#   - {width: 15}
#   - {precision: '11'}
# - name: DE_ICRS_1
#   unit: deg
#   datatype: float64
#   format: '{:15.11f}'
#   description: Declination (ICRS) at Ep=2016.0 (dec)
#   meta: !!omap
#   - {ucd: POS_EQ_DEC_MAIN}
#   - {width: 15}
#   - {precision: '11'}
# - name: e_RA_ICRS
#   unit: mas
#   datatype: float64
#   format: '{:7.4f}'
#   description: Standard error of right ascension (ra_error)
#   meta: !!omap
#   - {ucd: ERROR}
#   - {width: 7}
#   - {precision: '4'}
# - name: e_DE_ICRS
#   unit: mas
#   datatype: float64
#   format: '{:7.4f}'
#   description: Standard error of declination (dec_error)
#   meta: !!omap
#   - {ucd: ERROR}
#   - {width: 7}
#   - {precision: '4'}
# - name: _r_1
#   unit: ''
#   datatype: float64
#   format: '{:7.4f}'
#   description: Distance from center (174.66281687000-63.37710303000)[ICRS], at Epoch=J2016.0
#   meta: !!omap
#   - {ucd: POS_ANG_DIST_GENERAL}
#   - {width: 7}
#   - {precision: '4'}
# - name: HIP
#   datatype: int32
#   description: '? HIP cross-id number, van Leeuwen, Cat. I/311 (hip_original_ext_source_id)'
#   meta: !!omap
#   - {ucd: ID_NUMBER}
#   - {width: 6}
#   - values: {'null': -2147483648}
# - name: TYC2
#   datatype: string
#   description: Tycho-2 cross-id name, Hog et al., Cat. I/259 (tyc2_original_ext_source_id)
#   meta: !!omap
#   - {ucd: ID_CROSSID}
#   - {_votable_string_dtype: char}
# - name: Source
#   datatype: int64
#   description: Source identifier, identical to the Gaia-EDR3 source_id (id)
#   meta: !!omap
#   - {ucd: ID_MAIN}
#   - {width: 19}
# - name: rgeo
#   unit: pc
#   datatype: float64
#   format: '{:15.8f}'
#   description: '? Median of the geometric distance posterior (r_med_geo)'
#   meta: !!omap
#   - {ucd: PHYS_DISTANCE_TRUE}
#   - {width: 15}
#   - {precision: '8'}
#   - values: {'null': .nan}
# - name: Plx
#   unit: mas
#   datatype: float64
#   format: '{:9.4f}'
#   description: '? Parallax (parallax)'
#   meta: !!omap
#   - {ucd: POS_PARLX_TRIG}
#   - {width: 9}
#   - {precision: '4'}
#   - values: {'null': .nan}
# - name: e_Plx
#   unit: mas
#   datatype: float32
#   format: '{:7.4f}'
#   description: '? Standard error of parallax (parallax_error)'
#   meta: !!omap
#   - {ucd: ERROR}
#   - {width: 7}
#   - {precision: '4'}
#   - values: {'null': .nan}
# - name: pmRA
#   unit: mas / yr
#   datatype: float64
#   format: '{:9.3f}'
#   description: '? Proper motion in right ascension direction, pmRA*cosDE (pmra)'
#   meta: !!omap
#   - {ucd: POS_EQ_PMRA}
#   - {width: 9}
#   - {precision: '3'}
#   - values: {'null': .nan}
# - name: pmDE
#   unit: mas / yr
#   datatype: float64
#   format: '{:9.3f}'
#   description: '? Proper motion in declination direction (pmdec)'
#   meta: !!omap
#   - {ucd: POS_EQ_PMDEC}
#   - {width: 9}
#   - {precision: '3'}
#   - values: {'null': .nan}
# - name: e_pmRA
#   unit: mas / yr
#   datatype: float32
#   format: '{:6.3f}'
#   description: '? Standard error of proper motion in right ascension direction (pmra_error)'
#   meta: !!omap
#   - {ucd: ERROR}
#   - {width: 6}
#   - {precision: '3'}
#   - values: {'null': .nan}
# - name: e_pmDE
[...]
#         value: !astropy.table.SerializedColumn {name: SkyCoord.dec}
#       distance: !astropy.table.SerializedColumn
#         __class__: astropy.coordinates.distances.Distance
#         unit: !astropy.units.Unit {unit: pc}
#         value: !astropy.table.SerializedColumn {name: SkyCoord.distance}
#       frame: icrs
#       obstime: !astropy.time.Time {format: jyear_str, in_subfmt: '*', jd1: 367701545.0, jd2: 0.0, out_subfmt: '*', precision: 3, scale: tt}
#       pm_dec: !astropy.table.SerializedColumn
#         __class__: astropy.units.quantity.Quantity
#         unit: !astropy.units.Unit {unit: mas / yr}
#         value: !astropy.table.SerializedColumn {name: SkyCoord.pm_dec}
#       pm_ra_cosdec: !astropy.table.SerializedColumn
#         __class__: astropy.units.quantity.Quantity
#         unit: !astropy.units.Unit {unit: mas / yr}
#         value: !astropy.table.SerializedColumn {name: SkyCoord.pm_ra_cosdec}
#       ra: !astropy.table.SerializedColumn
#         __class__: astropy.coordinates.angles.Longitude
#         unit: *id001
#         value: !astropy.table.SerializedColumn {name: SkyCoord.ra}
#         wrap_angle: !astropy.coordinates.Angle
#           unit: *id001
#           value: 360.0
#       representation_type: spherical
# schema: astropy-2.0
RA_ICRS_1 DE_ICRS_1 e_RA_ICRS e_DE_ICRS _r_1 HIP TYC2 Source rgeo Plx e_Plx pmRA pmDE e_pmRA e_pmDE RUWE Teff logg Gmag BP-RP BPmag RPmag RV e_RV b_rgeo B_rgeo FG e_FG FBP e_FBP FRP e_FRP RAVE5 RAVE6 e_Gmag e_BPmag e_RPmag e_BP-RP SkyCoord.ra SkyCoord.dec SkyCoord.distance SkyCoord.pm_ra_cosdec SkyCoord.pm_dec rmRA rmDE e_rmRA e_rmDE rRV e_rRV v_pec v_pec3d e_vpec e_vpec3d
[from data line 2140]
174.31444288437 -63.29663990485 0.0355 0.032 10.5493 "" "" 5333592784512439424 2699.04248 0.3413 0.0422 -7.543 0.174 0.042 0.038 1.056 5390.3 4.3544 16.278774 1.030666 16.699814 15.669147 "" "" 2363.97559 2989.71851 5800.12145 2.5928 2854.2 11.605 4280.5 10.669 "" "" 0.0027977411086151705 0.0052223727 0.004648336 0.009870709 174.31444288437 -63.29663990485 2699.04248 -7.543000000000001 0.17399999999999965 -1.552920120239258 -0.504030014038086 0.14831263 0.14431262 "" "" 20.887484197216896 "" 3.0900123120132066 ""
174.60355422464 -63.50199230512 0.031 0.0299 7.6602 "" "" 5333577082112241024 2358.30225 0.403 0.0378 -8.064 0.476 0.039 0.037 0.987 4870.1 4.178 16.279171 1.58396 17.007109 15.423149 "" "" 2111.03638 2544.72412 5797.99896 2.5165 2150.7 10.887 5369.1 13.328 "" "" 0.00279532780003635 0.006163757 0.0046419525 0.010805709 174.60355422464 -63.50199230512 2358.30225 -8.063999999999998 0.47599999999999987 -2.073920120239258 -0.20203001403808596 0.14531262 0.14331263 "" "" 23.292749478698024 "" 3.3842955709275047 ""
175.06068153249 -63.60140442486 0.0315 0.0299 17.1656 "" "" 5332822267389458176 2357.98315 0.3886 0.0374 -5.182 1.359 0.039 0.038 1.044 7026.2 4.3724 16.280104 1.247349 16.815634 15.568285 "" "" 2188.28809 2573.94189 5793.02288 2.3402 2565.4 6.6248 4697.3 7.684 "" "" 0.0027900111770952462 0.003955523 0.004175907 0.00813143 175.06068153249 -63.60140442486 2357.98315 -5.181999999999998 1.3589999999999995 0.8080798797607418 0.680969985961914 0.14531262 0.14431262 "" "" 11.811086946468647 "" 1.711405295336433 ""
174.76775094254 -63.24569955449 0.0385 0.0349 8.376 "" "" 5333954523834549504 2104.96313 0.4541 0.0445 -5.668 -0.403 0.049 0.043 1.155 5871.4 4.5185 16.280226 1.189688 16.754595 15.564907 "" "" 1869.73682 2307.66479 5792.36948 3.0117 2713.8 17.916 4711.9 16.052 "" "" 0.002812556282261365 0.0076917354 0.0052881595 0.012979895 174.76775094254 -63.24569955449 2104.96313 -5.668000000000004 -0.4029999999999996 0.32207987976074204 -1.081030014038086 0.15531263 0.14931263 "" "" 11.254548249344008 "" 1.6860529534598923 ""
174.39075534068 -63.10187140581 0.034 0.0307 18.0756 "" "" 5333971218352177024 2046.17114 0.4668 0.0387 -3.678 -4.297 0.043 0.04 1.05 5675.5 4.5472 16.282358 1.046806 16.722315 15.675508 "" "" 1903.97351 2207.46167 5781.00645 2.321 2795.7 6.5883 4255.5 6.7036 "" "" 0.0027895888976450247 0.0037857133 0.0041483706 0.007934084 174.39075534068 -63.10187140581 2046.17114 -3.678 -4.2970000000000015 2.3120798797607423 -4.975030014038086 0.14931263 0.14631262 "" "" 53.2082875392738 "" 7.8136347036508225 ""
175.06647264033 -63.35130125251 0.032 0.0304 10.9677 "" "" 5333202354819204608 1960.19678 0.4838 0.0389 -6.143 2.072 0.041 0.04 1.078 5502.0 4.3672 16.283424 1.117468 16.760618 15.64315 "" "" 1822.66907 2124.27637 5775.33579 2.4318 2698.8 12.023 4384.3 9.5305 "" "" 0.0027929896347075726 0.005583957 0.004455787 0.010039744 175.06647264033 -63.35130125251 1960.19678 -6.143 2.072 -0.1529201202392576 1.3939699859619141 0.14731263 0.14631262 "" "" 13.029539337838925 "" 1.9065415536837091 ""
174.93961313758 -63.47669754829 0.0536 0.0512 9.5343 "" "" 5333575398485476608 1943.29492 0.4953 0.0667 -5.527 0.546 0.084 0.077 1.276 "" "" 16.283747 0.599583 15.420412 14.820829 "" "" 1745.79236 2252.27271 5773.61935 24.416 9273.7 867.22 9350.3 394.37 "" "" 0.005354743881007631 0.101569764 0.045949064 0.14751883 174.93961313758 -63.47669754829 1943.29492 -5.527 0.5459999999999996 0.46307987976074205 -0.1320300140380859 0.19031262 0.18331262 "" "" 4.435513715903637 "" 0.8418398876557163 ""
174.45330911264 -63.68779448714 0.0292 0.0303 19.4652 "" "" 5333545780389584640 2192.4751 0.4265 0.0358 -5.423 -0.273 0.038 0.04 1.009 7734.2 4.1197 16.284845 1.633521 17.049276 15.415755 "" "" 2035.00049 2392.61353 5767.78264 2.484 2068.7 8.6297 5405.8 9.383 "" "" 0.0027947149421072323 0.005319661 0.0042231777 0.009542839 174.45330911264 -63.68779448714 2192.4751 -5.423 -0.273 0.5670798797607421 -0.951030014038086 0.14431262 0.14631262 "" "" 11.507074367320977 "" 1.6776243587389243 ""
175.46223600982 -63.21792205514 0.0352 0.0307 23.5746 "" "" 5333207199542172672 2470.13916 0.3946 0.0403 -5.298 1.365 0.042 0.039 1.021 8199.7 4.1896 16.286207 1.72705 17.105776 15.378726 "" "" 2250.49512 2761.25 5760.54857 2.8805 1963.8 7.4008 5593.3 11.338 "" "" 0.00280829866038885 0.004952495 0.004373502 0.009325997 175.46223600982 -63.21792205514 2470.13916 -5.298 1.365 0.6920798797607421 0.686969985961914 0.14831263 0.14531262 "" "" 11.417413139104973 "" 1.676434788434779 ""
174.57431357092 -63.3403274125 0.0397 0.0326 3.2463 "" "" 5333580105769335040 1999.74255 0.4761 0.043 -8.702 0.526 0.043 0.037 0.916 5249.9 4.3732 16.28741 1.035816 16.717361 15.681545 "" "" 1830.15808 2160.37817 5754.16503 3.161 2808.5 17.577 4231.9 15.953 "" "" 0.002819136328886083 0.007345623 0.0055709574 0.01291658 174.57431357092 -63.3403274125 1999.74255 -8.702000000000014 0.5260000000000007 -2.7119201202392578 -0.15203001403808591 0.14931263 0.14331263 "" "" 25.746054485953714 "" 3.8437368556180793 ""
174.10292453102 -63.08752024056 0.0332 0.0291 23.0388 "" "" 5333973387330277632 2349.27051 0.4072 0.038 -5.249 1.585 0.039 0.037 0.943 8174.7 4.2139 16.288681 1.046423 16.716864 15.670441 "" "" 2167.59497 2614.30249 5747.4385 2.2943 2809.8 8.5541 4275.5 13.243 "" "" 0.002789199654110107 0.004325584 0.0050589857 0.00938457 174.10292453102 -63.08752024056 2349.27051 -5.249 1.585 0.7410798797607425 0.906969985961914 0.14531262 0.14331263 "" "" 13.042348760847867 "" 1.8796197779463804 ""
175.27455623706 -63.33084553944 0.0309 0.0279 16.6933 "" "" 5333207611858727296 2312.75073 0.4105 0.0373 -5.821 0.566 0.041 0.037 0.971 5876.1 4.2696 16.289234 1.436283 16.947254 15.510971 "" "" 2097.31226 2528.95728 5744.51318 6.5453 2272.6 15.369 4951.9 23.964 "" "" 0.003020294071428146 0.007854813 0.006472326 0.014327139 175.27455623706 -63.33084553944 2312.75073 -5.821000000000001 0.566 0.16907987976074246 -0.11203001403808599 0.14731263 0.14331263 "" "" 2.2234768261876283 "" 0.3248586483459014 ""
174.40593692446 -63.6083456789 0.0297 0.0315 15.4862 "" "" 5333569729128142720 1959.81348 0.492 0.0377 -4.667 -0.007 0.038 0.037 0.967 5778.7 4.5471 16.290155 1.221698 16.820131 15.598434 "" "" 1820.07715 2104.7998 5739.63889 2.3278 2554.8 9.1673 4568.6 9.6264 "" "" 0.002790284264153343 0.004791989 0.0044178553 0.009209844 174.40593692446 -63.6083456789 1959.81348 -4.667 -0.007000000000000052 1.3230798797607424 -0.6850300140380859 0.14431262 0.14331263 "" "" 13.840463693525049 "" 1.9944357553348104 ""
174.30377961866 -63.32352865252 0.0335 0.0311 10.1831 "" "" 5333592647073445888 1935.4032 0.4941 0.0408 -7.798 2.304 0.043 0.04 1.067 5888.3 4.0528 16.291168 1.031322 16.718403 15.68708 "" "" 1776.77844 2063.60913 5734.2868 2.7814 2805.8 11.775 4210.4 12.682 "" "" 0.0028051973287049566 0.005342889 0.004997864 0.010340753 174.30377961866 -63.32352865252 1935.4032 -7.798000000000004 2.3040000000000016 -1.8079201202392579 1.6259699859619139 0.14931263 0.14631262 "" "" 22.306426149562682 "" 3.3008750527685193 ""
174.0997962454 -63.14757544263 0.0362 0.0323 20.5096 "" "" 5333972803214626816 2353.86768 0.3989 0.0414 -6.603 -0.788 0.043 0.044 1.027 5638.5 4.5599 16.293169 1.04858 16.733458 15.684877 "" "" 2163.16431 2556.06812 5723.7292 2.5389 2767.2 9.7729 4219.0 13.248 "" "" 0.0027970935932310798 0.0047421865 0.0050898967 0.009832083 174.0997962454 -63.14757544263 2353.86768 -6.603 -0.7879999999999996 -0.6129201202392576 -1.466030014038086 0.14931263 0.15031263 "" "" 17.72898102576359 "" 2.662259459810779 ""
175.20217396213 -63.45718664849 0.0331 0.0289 15.2578 "" "" 5333199571679637632 1951.99402 0.5036 0.0382 -7.741 1.331 0.043 0.038 1.039 5782.5 4.5144 16.293217 1.126231 16.768827 15.642596 "" "" 1807.10327 2097.92578 5723.47546 2.1444 2678.5 9.9688 4386.5 14.227 "" "" 0.002785187157909907 0.004910573 0.005165677 0.01007625 175.20217396213 -63.45718664849 1951.99402 -7.741000000000003 1.3310000000000004 -1.7509201202392575 0.652969985961914 0.14931263 0.14431262 "" "" 17.29018360523125 "" 2.5712432594897843 ""
174.83178405555 -63.42114495234 0.0329 0.0318 5.2526 "" "" 5333576463637264512 2565.38672 0.3646 0.0385 -6.013 0.606 0.042 0.041 1.029 5664.8 3.8192 16.293917 1.654658 17.06845 15.413793 "" "" 2345.80835 2855.41943 5719.79019 9.8993 2032.5 16.258 5415.5 40.057 "" "" 0.003335084187760421 0.009122015 0.008875757 0.017997772 174.83178405555 -63.42114495234 2565.38672 -6.013000000000007 0.6060000000000008 -0.022920120239257713 -0.07203001403808595 0.14831263 0.14731263 "" "" 0.9191537942820932 "" 0.13548772980589496 ""
175.50640312714 -63.41591925486 0.031 0.0301 22.7853 "" "" 5333197613174785408 2108.74097 0.4618 0.04 -7.989 0.093 0.041 0.039 0.92 5576.0 4.5684 16.294996 1.010347 16.71515 15.704803 "" "" 1957.43457 2368.84595 5714.10545 2.4766 2814.2 8.8141 4142.3 8.3121 "" "" 0.0027952161545555763 0.0043987148 0.004362382 0.008761097 175.50640312714 -63.41591925486 2108.74097 -7.989000000000006 0.0930000000000008 -1.9989201202392577 -0.585030014038086 0.14731263 0.14531262 "" "" 20.818212453376823 "" 3.0635210257231447 ""
174.26081771427 -63.65978407376 0.0298 0.031 20.0834 "" "" 5333557806297719424 1983.70178 0.4791 0.0366 -7.287 4.269 0.038 0.038 1.013 5525.6 4.4514 16.295614 1.282123 16.851177 15.569055 "" "" 1874.77673 2115.27881 5710.85616 2.3812 2482.8 7.5881 4693.9 10.774 "" "" 0.002792263364102167 0.0043354537 0.004527068 0.0088625215 174.26081771427 -63.65978407376 1983.70178 -7.287000000000003 4.269 -1.2969201202392577 3.590969985961914 0.14431262 0.14431262 "" "" 35.899616002543766 "" 5.180767648171358 ""
174.35563027421 -63.31831260059 0.0346 0.0302 8.9888 "" "" 5333592475274776832 2473.29907 0.3924 0.0401 -5.765 1.708 0.042 0.039 0.965 5267.1 4.3388 16.295635 1.070246 16.678883 15.608637 "" "" 2218.45044 2726.7522 5710.74192 2.8421 2909.8 15.853 4525.9 52.587 "" "" 0.0028078037821288003 0.0065402715 0.013169269 0.01970954 174.35563027421 -63.31831260059 2473.29907 -5.765 1.7079999999999995 0.2250798797607425 1.029969985961914 0.14831263 0.14531262 "" "" 12.359745785307018 "" 1.797733740102599 ""
174.75240861699 -63.23081289448 0.0335 0.031 9.1036 "" "" 5333954626913777024 2534.46924 0.3712 0.0388 -4.706 1.37 0.043 0.038 0.966 7865.8 4.1015 16.296818 1.438788 16.948172 15.509383 "" "" 2324.34668 2775.1853 5704.52429 2.5592 2270.6 8.7004 4959.1 10.528 "" "" 0.0027980432338675382 0.0050092917 0.004426812 0.0094361035 174.75240861699 -63.23081289448 2534.46924 -4.706 1.37 1.2840798797607418 0.6919699859619142 0.14931263 0.14431262 "" "" 17.523420771039724 "" 2.5970080781398988 ""
174.8167975631 -63.34574307843 0.0314 0.0312 4.5497 "" "" 5333952153013001088 2017.00598 0.479 0.0383 -13.047 3.217 0.043 0.041 0.995 5177.3 4.3463 16.297369 1.195708 16.804815 15.609107 "" "" 1868.72925 2205.35083 5701.63488 2.4124 2591.1 9.9587 4523.9 11.194 "" "" 0.0027933530828484236 0.0050198133 0.004636953 0.009656766 174.8167975631 -63.34574307843 2017.00598 -13.046999999999993 3.217 -7.056920120239258 2.538969985961914 0.14931263 0.14731263 "" "" 71.70232548204908 "" 10.689724890545492 ""
174.54616410515 -63.5064649796 0.0301 0.0315 8.3688 "" "" 5333571447115139840 1950.44238 0.4908 0.0384 -2.896 -0.823 0.039 0.037 1.04 5163.6 4.3735 16.297745 1.06675 16.728142 15.661391 "" "" 1789.14819 2077.6001 5699.66027 2.393 2780.7 7.4153 4311.2 11.421 "" "" 0.002792773682405021 0.004020947 0.004749387 0.008770334 174.54616410515 -63.5064649796 1950.44238 -2.896 -0.8230000000000008 3.0940798797607423 -1.501030014038086 0.14531262 0.14331263 "" "" 31.79348547034727 "" 4.607948301447153 ""
174.79143267201 -63.50614438807 0.0298 0.0298 8.4765 "" "" 5333574436412679424 2037.03296 0.4691 0.0367 -12.239 -0.965 0.04 0.039 1.042 "" "" 16.298048 1.34134 16.895721 15.554381 "" "" 1901.91638 2184.71875 5698.06952 2.4461 2383.0 9.4729 4757.8 15.542 "" "" 0.0027944642182089526 0.0051393635 0.0051829377 0.010322301 174.79143267201 -63.50614438807 2037.03296 -12.238999999999994 -0.9649999999999999 -6.248920120239259 -1.6430300140380858 0.14631262 0.14531262 "" "" 62.38743026998093 "" 9.12404743263442 ""
173.83269913108 -63.43343712143 0.0309 0.0297 22.552 "" "" 5333587115155293312 2183.63501 0.4293 0.0378 -10.15 2.1 0.038 0.039 0.978 "" "" 16.298874 1.191423 16.813597 15.622173 "" "" 2055.22046 2337.34082 5693.73143 2.4334 2570.3 5.7322 4469.8 8.7846 "" "" 0.0027941202616701233 0.0036943334 0.0043401523 0.008034485 173.83269913108 -63.43343712143 2183.63501 -10.15 2.1 -4.159920120239258 1.4219699859619142 0.14431262 0.14531262 "" "" 45.50298346371324 "" 6.571430093148573 ""
175.38508878663 -63.19292005104 0.0338 0.0302 22.3978 "" "" 5333207474420083072 2118.79688 0.4473 0.0389 -4.492 1.221 0.043 0.039 0.963 5423.8 4.5402 16.298988 1.109485 16.770977 15.661492 "" "" 1954.87122 2293.81958 5693.13757 2.4552 2673.2 9.3167 4310.8 10.725 "" "" 0.0027948218143831476 0.0047014845 0.0046454757 0.00934696 175.38508878663 -63.19292005104 2118.79688 -4.491999999999993 1.221 1.4980798797607422 0.5429699859619141 0.14931263 0.14531262 "" "" 16.003100231597365 "" 2.382120609130386 ""
174.25781827743 -63.71545126517 0.0307 0.0313 23.0066 "" "" 5333555779073130496 1898.60376 0.5037 0.038 -8.201 1.271 0.038 0.037 0.985 5111.3 4.3075 16.299135 1.347376 16.901644 15.554268 "" "" 1760.33862 2112.1355 5692.36027 2.5632 2370.1 10.062 4758.3 11.147 "" "" 0.0027983578111116843 0.0053880773 0.004555555 0.009943632 174.25781827743 -63.71545126517 1898.60376 -8.201 1.271 -2.2109201202392583 0.592969985961914 0.14431262 0.14331263 "" "" 20.60009644867495 "" 2.971476020778646 ""
173.93866066513 -63.14293719167 0.0352 0.03 24.0745 "" "" 5333598453869366784 2592.75049 0.3569 0.0387 -7.833 1.863 0.04 0.039 0.988 6359.5 4.2097 16.2993 1.291987 16.855404 15.563417 "" "" 2409.97852 2867.85522 5691.5071 2.7528 2473.2 11.384 4718.4 10.229 "" "" 0.002804916593683716 0.005723712 0.004452407 0.010176118 173.93866066513 -63.14293719167 2592.75049 -7.832999999999996 1.8629999999999989 -1.842920120239258 1.184969985961914 0.14631262 0.14531262 "" "" 26.92667232336436 "" 3.931855073220299 ""
174.73434665779 -63.76062337747 0.0313 0.0308 23.0904 "" "" 5333564948805298816 2203.58569 0.4293 0.0374 -7.978 2.138 0.041 0.044 0.998 7195.9 3.73 16.299557 2.344454 17.54564 15.201187 "" "" 2022.72278 2379.44409 5690.15569 3.8404 1309.7 9.524 6586.9 12.23 "" "" 0.0028510986198349974 0.008373872 0.004283409 0.012657281 174.73434665779 -63.76062337747 2203.58569 -7.9779999999999935 2.138 -1.9879201202392576 1.459969985961914 0.14731263 0.15031263 "" "" 25.761982803233778 "" 3.822323108950759 ""
175.38102826426 -63.47001580981 0.0317 0.0291 20.069 "" "" 5333196444943504768 2187.09644 0.4392 0.0387 -5.808 2.266 0.041 0.038 0.997 6008.5 4.466 16.299736 1.037688 16.713465 15.675776 "" "" 1977.39954 2397.37012 5689.21811 2.6198 2818.6 11.269 4254.5 14.506 "" "" 0.0028003133219133983 0.005160247 0.0052903416 0.010450589 175.38102826426 -63.47001580981 2187.09644 -5.808 2.266 0.18207987976074236 1.587969985961914 0.14731263 0.14431262 "" "" 16.570090431353904 "" 2.391924862941008 ""
175.05342239586 -63.29830586659 0.0327 0.0294 11.5304 "" "" 5333202973294503296 2082.37036 0.4657 0.038 -5.696 -0.489 0.041 0.038 0.985 6061.2 4.4276 16.299803 1.179281 16.80981 15.630529 "" "" 1960.10535 2227.18945 5688.86384 2.4579 2579.2 7.0775 4435.5 8.4334 "" "" 0.0027949672108261636 0.004081847 0.0043064244 0.008388272 175.05342239586 -63.29830586659 2082.37036 -5.695999999999997 -0.48899999999999966 0.29407987976074246 -1.1670300140380858 0.14731263 0.14431262 "" "" 11.879191248114262 "" 1.7164658227571203 ""
