Clusters/BH_121/BH_121_members.tsv
# %ECSV 1.0
# ---
# datatype:
# - name: RA_ICRS_1
#   unit: deg
#   datatype: float64
#   format: '{:15.11f}'
#   description: Right ascension (ICRS) at Ep=2016.0 (ra)
#   meta: !!omap
#   - {ucd: POS_EQ_RA_MAIN}
#   - {width: 15}
#   - {precision: '11'}
# - name: DE_ICRS_1
#   unit: deg
#   datatype: float64
#   format: '{:15.11f}'
#   description: Declination (ICRS) at Ep=2016.0 (dec)
#   meta: !!omap
#   - {ucd: POS_EQ_DEC_MAIN}
#   - {width: 15}
#   - {precision: '11'}
# - name: e_RA_ICRS
#   unit: mas
#   datatype: float64
#   format: '{:7.4f}'
#   description: Standard error of right ascension (ra_error)
#   meta: !!omap
#   - {ucd: ERROR}
#   - {width: 7}
#   - {precision: '4'}
# - name: e_DE_ICRS
#   unit: mas
#   datatype: float64
#   format: '{:7.4f}'
#   description: Standard error of declination (dec_error)
#   meta: !!omap
#   - {ucd: ERROR}
#   - {width: 7}
#   - {precision: '4'}
# - name: _r_1
#   unit: ''
#   datatype: float64
#   format: '{:7.4f}'
#   description: Distance from center (174.66281687000-63.37710303000)[ICRS], at Epoch=J2016.0
#   meta: !!omap
#   - {ucd: POS_ANG_DIST_GENERAL}
#   - {width: 7}
#   - {precision: '4'}
# - name: HIP
#   datatype: int32
#   description: '? HIP cross-id number, van Leeuwen, Cat. I/311 (hip_original_ext_source_id)'
#   meta: !!omap
#   - {ucd: ID_NUMBER}
#   - {width: 6}
#   - values: {'null': -2147483648}
# - name: TYC2
#   datatype: string
#   description: Tycho-2 cross-id name, Hog et al., Cat. I/259 (tyc2_original_ext_source_id)
#   meta: !!omap
#   - {ucd: ID_CROSSID}
#   - {_votable_string_dtype: char}
# - name: Source
#   datatype: int64
#   description: Source identifier, identical to the Gaia-EDR3 source_id (id)
#   meta: !!omap
#   - {ucd: ID_MAIN}
#   - {width: 19}
# - name: rgeo
#   unit: pc
#   datatype: float64
#   format: '{:15.8f}'
#   description: '? Median of the geometric distance posterior (r_med_geo)'
#   meta: !!omap
#   - {ucd: PHYS_DISTANCE_TRUE}
#   - {width: 15}
#   - {precision: '8'}
#   - values: {'null': .nan}
# - name: Plx
#   unit: mas
#   datatype: float64
#   format: '{:9.4f}'
#   description: '? Parallax (parallax)'
#   meta: !!omap
#   - {ucd: POS_PARLX_TRIG}
#   - {width: 9}
#   - {precision: '4'}
#   - values: {'null': .nan}
# - name: e_Plx
#   unit: mas
#   datatype: float32
#   format: '{:7.4f}'
#   description: '? Standard error of parallax (parallax_error)'
#   meta: !!omap
#   - {ucd: ERROR}
#   - {width: 7}
#   - {precision: '4'}
#   - values: {'null': .nan}
# - name: pmRA
#   unit: mas / yr
#   datatype: float64
#   format: '{:9.3f}'
#   description: '? Proper motion in right ascension direction, pmRA*cosDE (pmra)'
#   meta: !!omap
#   - {ucd: POS_EQ_PMRA}
#   - {width: 9}
#   - {precision: '3'}
#   - values: {'null': .nan}
# - name: pmDE
#   unit: mas / yr
#   datatype: float64
#   format: '{:9.3f}'
#   description: '? Proper motion in declination direction (pmdec)'
#   meta: !!omap
#   - {ucd: POS_EQ_PMDEC}
#   - {width: 9}
#   - {precision: '3'}
#   - values: {'null': .nan}
# - name: e_pmRA
#   unit: mas / yr
#   datatype: float32
#   format: '{:6.3f}'
#   description: '? Standard error of proper motion in right ascension direction (pmra_error)'
#   meta: !!omap
#   - {ucd: ERROR}
#   - {width: 6}
#   - {precision: '3'}
#   - values: {'null': .nan}
# - name: e_pmDE
[...]
#       distance: !astropy.table.SerializedColumn
#         __class__: astropy.coordinates.distances.Distance
#         unit: !astropy.units.Unit {unit: pc}
#         value: !astropy.table.SerializedColumn {name: SkyCoord.distance}
#       frame: icrs
#       obstime: !astropy.time.Time {format: jyear_str, in_subfmt: '*', jd1: 367701545.0, jd2: 0.0, out_subfmt: '*', precision: 3, scale: tt}
#       pm_dec: !astropy.table.SerializedColumn
#         __class__: astropy.units.quantity.Quantity
#         unit: !astropy.units.Unit {unit: mas / yr}
#         value: !astropy.table.SerializedColumn {name: SkyCoord.pm_dec}
#       pm_ra_cosdec: !astropy.table.SerializedColumn
#         __class__: astropy.units.quantity.Quantity
#         unit: !astropy.units.Unit {unit: mas / yr}
#         value: !astropy.table.SerializedColumn {name: SkyCoord.pm_ra_cosdec}
#       ra: !astropy.table.SerializedColumn
#         __class__: astropy.coordinates.angles.Longitude
#         unit: *id001
#         value: !astropy.table.SerializedColumn {name: SkyCoord.ra}
#         wrap_angle: !astropy.coordinates.Angle
#           unit: *id001
#           value: 360.0
#       representation_type: spherical
# schema: astropy-2.0
RA_ICRS_1 DE_ICRS_1 e_RA_ICRS e_DE_ICRS _r_1 HIP TYC2 Source rgeo Plx e_Plx pmRA pmDE e_pmRA e_pmDE RUWE Teff logg Gmag BP-RP BPmag RPmag RV e_RV b_rgeo B_rgeo FG e_FG FBP e_FBP FRP e_FRP RAVE5 RAVE6 e_Gmag e_BPmag e_RPmag e_BP-RP SkyCoord.ra SkyCoord.dec SkyCoord.distance SkyCoord.pm_ra_cosdec SkyCoord.pm_dec rmRA rmDE e_rmRA e_rmDE rRV e_rRV v_pec v_pec3d e_vpec e_vpec3d Pmemb
[from data line 31]
174.59896629418 -63.31956608089 0.0102 0.0107 3.8563 "" "" 5333955485907606144 2242.92676 0.4095 0.0127 -6.041 0.649 0.014 0.013 0.902 "" "" 13.525761 0.47843 13.699011 13.220581 "" "" 2187.60596 2299.98755 73222.1672 187.82 45270.0 410.13 40825.0 275.34 "" "" 0.003917646798518661 0.010224453 0.0082404325 0.018464886 174.59896629418 -63.31956608089 2242.92676 -6.040999999999996 0.6489999999999997 -0.05092012023925818 -0.029030014038085916 0.12031262 0.11931263 "" "" 0.6231530915262735 "" 0.0748208071749568 "" 1.0
174.91979819412 -63.51910631777 0.0106 0.0099 10.9589 "" "" 5333574848729744640 2294.65942 0.4006 0.0122 -5.949 0.672 0.014 0.013 0.927 "" "" 13.55372 0.459316 13.716363 13.257047 "" "" 2232.93604 2357.56396 71360.63516 26.321 44552.0 30.289 39477.0 22.915 "" "" 0.002784270842058311 0.002886158 0.0038315686 0.0067177266 174.91979819412 -63.51910631777 2294.65942 -5.949 0.672 0.041079879760742344 -0.006030014038085896 0.12031262 0.11931263 "" "" 0.45160093003545193 "" 0.05432380633803007 "" 0.9
174.47447314786 -63.31642832199 0.0105 0.011 6.2411 "" "" 5333581132242696576 2103.33276 0.4431 0.0129 -6.098 0.605 0.014 0.013 0.974 "" "" 13.561481 0.401573 13.68158 13.280006 "" "" 2038.02515 2158.65405 70852.34046 26.703 46003.0 89.799 38651.0 215.02 "" "" 0.002785539410018393 0.0035038318 0.007125044 0.010628875 174.47447314786 -63.31642832199 2103.33276 -6.097999999999997 0.6049999999999998 -0.10792012023925768 -0.07303001403808596 0.12031262 0.11931263 "" "" 1.2991428308729351 "" 0.15589639609195566 "" 1.0
174.5448534317 -63.38841381297 0.01 0.0108 3.2429 "" "" 5333579551696579968 2372.8772 0.3853 0.013 -6.02 0.617 0.013 0.013 0.996 "" "" 13.581417 0.390861 13.714071 13.323211 "" "" 2306.48413 2454.13428 69563.2485 27.601 44647.0 57.834 37143.0 28.223 "" "" 0.0027887941022477335 0.0031245907 0.003868377 0.006992968 174.5448534317 -63.38841381297 2372.8772 -6.02 0.617 -0.029920120239257386 -0.061030014038085945 0.11931263 0.11931263 "" "" 0.7644846582706215 "" 0.09121267448768135 "" 0.8
174.87857732305 -63.44235761918 0.0101 0.0106 6.9933 "" "" 5333575707723024512 2210.46216 0.4137 0.0123 -5.964 0.718 0.014 0.015 0.921 "" "" 13.672906 0.439379 13.827416 13.388038 "" "" 2144.15942 2271.83936 63941.75428 28.891 40221.0 54.865 34990.0 47.465 "" "" 0.0027986514296533317 0.0031588809 0.0040562255 0.0072151064 174.87857732305 -63.44235761918 2210.46216 -5.964 0.7180000000000004 0.026079879760741775 0.039969985961914034 0.12031262 0.121312626 "" "" 0.5000522647107097 "" 0.060513765425011176 "" 1.0
175.02175601088 -63.49396252767 0.0114 0.0104 11.913 "" "" 5332824706931182720 2303.52319 0.399 0.013 -5.903 0.697 0.015 0.014 0.983 9732.1 3.7743 13.685931 0.834564 14.010551 13.175987 "" "" 2235.82397 2366.44019 63179.20367 14.254 33978.0 22.467 42537.0 27.919 "" "" 0.0027661873615386404 0.0028810496 0.0038459788 0.0067270286 175.02175601088 -63.49396252767 2303.52319 -5.902999999999997 0.6969999999999997 0.0870798797607426 0.018969985961914015 0.121312626 0.12031262 "" "" 0.9730985147979828 "" 0.1180052214908069 "" 0.9
174.69734994806 -63.35593270953 0.0104 0.0109 1.5736 "" "" 5333579899610914816 2286.76855 0.4018 0.0129 -5.964 0.54 0.015 0.014 0.983 6871.6 3.3126 13.700793 0.949867 14.084385 13.134518 30.61 9.09 2212.2771 2363.84473 62320.27878 31.674 31744.0 56.433 44193.0 52.094 "" "" 0.002810034742212922 0.0033927287 0.0039902055 0.007382934 174.69734994806 -63.35593270953 2286.76855 -5.964000000000002 0.5399999999999998 0.026079879760741775 -0.1380300140380859 0.121312626 0.12031262 33.7675 9.777207 1.5226181479997212 33.80181093188082 0.183242878205665 9.767286391265113 1.0
173.95487864661 -63.27601210077 0.0113 0.0104 20.0092 "" "" 5333595052255084672 2295.64526 0.4014 0.0131 -5.97 0.636 0.015 0.014 0.918 "" "" 13.710077 0.360455 13.837442 13.476987 "" "" 2224.8125 2355.67432 61789.68294 24.046 39851.0 23.881 32238.0 21.39 "" "" 0.0027875286103141066 0.002865026 0.003847426 0.006712452 173.95487864661 -63.27601210077 2295.64526 -5.969999999999997 0.636 0.020079879760742436 -0.04203001403808593 0.121312626 0.12031262 "" "" 0.5068568634540505 "" 0.06107578710530181 "" 1.0
174.6155254742 -63.41431465077 0.01 0.0115 2.569 "" "" 5333579452934238848 2320.60083 0.394 0.0133 -6.129 0.731 0.014 0.014 0.949 "" "" 13.718326 0.3838 13.854375 13.470575 "" "" 2238.27344 2411.40186 61322.04468 21.619 39234.0 23.934 32429.0 20.684 "" "" 0.0027817810644427694 0.0028677054 0.0038423033 0.0067100087 174.6155254742 -63.41431465077 2320.60083 -6.128999999999996 0.7309999999999997 -0.13892012023925737 0.052969985961914046 0.12031262 0.12031262 "" "" 1.6353861067654618 "" 0.19675759323418113 "" 0.8
174.54901112709 -63.41074740732 0.0102 0.0117 3.6643 "" "" 5333578044184961024 2301.0481 0.4003 0.0137 -6.036 0.786 0.015 0.015 0.949 7204.8 3.2814 13.725928 1.033423 14.151992 13.118568 -11.85 4.45 2232.50562 2367.79883 60894.12612 13.728 29828.0 39.66 44847.0 68.885 "" "" 0.0027661708544686986 0.0031415103 0.0041309707 0.007272481 174.54901112709 -63.41074740732 2301.0481 -6.036 0.7859999999999998 -0.0459201202392574 0.1079699859619141 0.121312626 0.121312626 -8.692499999999999 5.137207 1.27970741593701 8.78619413172758 0.15524466676300958 5.082475230679834 0.9
174.72667166919 -63.34313873976 0.0111 0.0109 2.6653 "" "" 5333952290451454208 2247.74463 0.4066 0.0132 -5.984 0.633 0.015 0.014 0.963 7660.2 3.8753 13.746053 0.402075 13.890435 13.48836 "" "" 2184.75562 2316.75098 59775.82097 26.766 37953.0 22.216 31902.0 22.705 "" "" 0.002797882094739775 0.002861636 0.003857569 0.006719205 174.72667166919 -63.34313873976 2247.74463 -5.983999999999996 0.633 0.006079879760742202 -0.04503001403808593 0.121312626 0.12031262 "" "" 0.4841169955898027 "" 0.058254088723892636 "" 0.9
174.54983340134 -63.32074100389 0.0145 0.0147 4.5478 "" "" 5333580964744640128 2403.21948 0.3834 0.0177 -6.093 0.754 0.019 0.017 1.406 "" "" 13.749313 0.878948 14.041148 13.1622 "" "" 2320.14673 2510.73096 59596.59454 250.25 33034.0 1603.3 43080.0 1034.2 "" "" 0.005327004246463315 0.052769855 0.026337305 0.07910716 174.54983340134 -63.32074100389 2403.21948 -6.093 0.754 -0.10292012023925778 0.07596998596191407 0.12531263 0.12331262 "" "" 1.4571906600038769 "" 0.18158184890971227 "" 0.8
174.6060006911 -63.37422999758 0.0104 0.0113 1.5374 "" "" 5333579624732967552 2259.57959 0.405 0.0134 -5.824 0.693 0.015 0.013 0.966 "" "" 13.773702 0.364556 13.904836 13.540279 "" "" 2195.75317 2317.03491 58272.84173 22.826 37453.0 36.893 30412.0 25.76 "" "" 0.0027879496564110185 0.0029881238 0.003889665 0.006877789 174.6060006911 -63.37422999758 2259.57959 -5.823999999999998 0.6929999999999996 0.16607987976074234 0.014969985961914012 0.121312626 0.11931263 "" "" 1.7859945944097442 "" 0.21663514166839568 "" 0.9
174.85774094569 -63.4660264877 0.0106 0.0106 7.4732 "" "" 5333575261046418560 2245.36987 0.4089 0.0129 -5.904 0.659 0.014 0.014 1.066 7899.7 3.7044 13.785645 0.530432 13.98031 13.449878 "" "" 2188.69995 2311.3623 57635.31393 18.22 34938.0 21.285 33053.0 20.85 "" "" 0.002776615847099436 0.0028675024 0.0038409373 0.0067084394 174.85774094569 -63.4660264877 2245.36987 -5.904 0.6590000000000001 0.08607987976074227 -0.019030014038085907 0.12031262 0.12031262 "" "" 0.9382735524580341 "" 0.11288615282544044 "" 1.0
174.73941491443 -63.43774010878 0.0103 0.0119 4.1796 "" "" 5333576291838553472 2327.07959 0.3963 0.0136 -5.886 0.602 0.014 0.015 0.857 "" "" 13.791645 0.54474 13.991896 13.447156 "" "" 2252.98682 2390.14233 57317.6797 14.967 34567.0 28.276 33136.0 18.856 "" "" 0.002769867884708134 0.0029281117 0.0038295495 0.0067576612 174.73941491443 -63.43774010878 2327.07959 -5.886 0.6020000000000003 0.10407987976074207 -0.07603001403808596 0.12031262 0.121312626 "" "" 1.4217263796603112 "" 0.171547658713136 "" 1.0
174.66904733561 -63.47210360239 0.0106 0.011 5.7025 "" "" 5333577563148604928 2240.28662 0.4106 0.0135 -5.946 0.659 0.015 0.014 0.976 "" "" 13.808039 0.393101 13.948406 13.555305 "" "" 2175.90869 2317.80005 56458.73219 24.79 35979.0 24.734 29994.0 21.254 "" "" 0.0027962578556627376 0.002888279 0.0038568957 0.0067451745 174.66904733561 -63.47210360239 2240.28662 -5.946 0.6589999999999997 0.04407987976074246 -0.019030014038085907 0.121312626 0.12031262 "" "" 0.5098402138944572 "" 0.061770238020308045 "" 0.8
174.78535260325 -63.58445444535 0.0103 0.0106 12.8669 "" "" 5333567804983379712 2316.39673 0.3925 0.0127 -5.958 0.541 0.014 0.014 1.005 "" "" 13.811624 0.653952 14.053256 13.399304 "" "" 2238.27588 2402.49878 56272.63868 13.593 32667.0 21.793 34629.0 23.542 "" "" 0.0027677740109783825 0.0028826534 0.0038507855 0.006733439 174.78535260325 -63.58445444535 2316.39673 -5.958 0.541 0.032079879760742 -0.1370300140380859 0.12031262 0.12031262 "" "" 1.545231089724811 "" 0.18591080659613796 "" 0.9
174.6391290653 -63.46583477258 0.011 0.0114 5.3617 "" "" 5333577631868081408 2176.43091 0.4211 0.014 -5.943 0.452 0.015 0.014 0.908 "" "" 13.860909 0.448706 14.022196 13.57349 "" "" 2114.56226 2237.00854 53775.32943 21.727 33615.0 26.422 29496.0 17.256 "" "" 0.0027900221253799816 0.0029177652 0.0038323868 0.006750152 174.6391290653 -63.46583477258 2176.43091 -5.942999999999997 0.452 0.04707987976074257 -0.22603001403808592 0.121312626 0.12031262 "" "" 2.3818346543171005 "" 0.2866642098105112 "" 0.8
174.95249409765 -63.47071434104 0.0117 0.0108 9.5922 "" "" 5333575398485387392 2262.37817 0.4056 0.0132 -5.912 0.548 0.016 0.014 0.993 9124.3 4.0205 13.87236 0.489997 14.04789 13.557893 "" "" 2199.34839 2327.41333 53211.14293 18.29 32829.0 26.636 29923.0 23.122 "" "" 0.0027804790384771596 0.0029259298 0.003871381 0.006797311 174.95249409765 -63.47071434104 2262.37817 -5.912 0.5480000000000004 0.07807987976074227 -0.1300300140380859 0.12231263 0.12031262 "" "" 1.6264764966027359 "" 0.19655297965855956 "" 0.9
174.9865470813 -63.49071191752 0.0112 0.0108 11.0421 "" "" 5333575329766038144 2226.48218 0.4114 0.0133 -5.909 0.737 0.015 0.015 0.924 "" "" 13.889827 0.636743 14.116141 13.479399 "" "" 2173.31396 2288.24194 52361.97279 28.683 30829.0 46.537 32166.0 63.653 "" "" 0.0028187788830887936 0.0032359194 0.0043474142 0.0075833336 174.9865470813 -63.49071191752 2226.48218 -5.909 0.7370000000000003 0.08107987976074238 0.05896998596191405 0.121312626 0.121312626 "" "" 1.058061656560124 "" 0.12835623771635582 "" 0.9
174.68120619313 -63.41900363285 0.0103 0.0115 2.5621 "" "" 5333579315495296000 2256.20972 0.4048 0.0133 -6.022 0.621 0.014 0.014 0.971 "" "" 13.893141 0.410788 14.038032 13.627244 "" "" 2202.58911 2330.0459 52202.37801 17.785 33129.0 21.261 28071.0 23.417 "" "" 0.0027800391477052684 0.002875858 0.0038863954 0.006762253 174.68120619313 -63.41900363285 2256.20972 -6.022 0.6209999999999997 -0.031920120239258054 -0.05703001403808594 0.12031262 0.12031262 "" "" 0.6989380567268603 "" 0.08409107139435615 "" 1.0
174.75745123348 -63.20059606514 0.0135 0.013 10.8936 "" "" 5333955039230668928 2151.6123 0.429 0.016 -6.112 0.765 0.018 0.016 1.092 "" "" 13.967927 0.637187 14.196287 13.5591 "" "" 2078.60083 2222.06128 48727.71386 15.531 28635.0 19.793 29889.0 25.804 "" "" 0.0027769668474860575 0.0028893368 0.0038938855 0.0067832223 174.75745123348 -63.20059606514 2151.6123 -6.112000000000003 0.7650000000000001 -0.12192012023925791 0.08696998596191408 0.124312624 0.12231263 "" "" 1.5273567265749282 "" 0.18884506705576612 "" 1.0
174.95536478102 -63.49226665662 0.0121 0.011 10.4579 "" "" 5333574951808785792 2313.05493 0.399 0.0141 -5.898 0.701 0.016 0.014 0.921 "" "" 13.991237 0.53714 14.174146 13.637006 "" "" 2235.76538 2406.99854 47692.71325 14.98 29225.0 67.053 27820.0 84.73 "" "" 0.0027763440560849163 0.0037403926 0.0050218003 0.008762193 174.95536478102 -63.49226665662 2313.05493 -5.898 0.701 0.0920798797607425 0.02296998596191402 0.12231263 0.12031262 "" "" 1.0404904146983422 "" 0.12714414499442256 "" 0.9
174.84896219734 -63.42413957954 0.0109 0.012 5.7422 "" "" 5333575810802238080 2326.1543 0.3918 0.0138 -5.86 0.678 0.015 0.015 0.949 9990.1 4.1922 14.017989 0.518166 14.203986 13.685821 "" "" 2269.31177 2391.64526 46531.92861 13.652 28433.0 21.417 26597.0 20.163 "" "" 0.002773672608510251 0.0029075567 0.0038679712 0.006775528 174.84896219734 -63.42413957954 2326.1543 -5.860000000000001 0.6780000000000002 0.13007987976074187 -3.0014038085890427e-05 0.121312626 0.121312626 "" "" 1.4342570697950328 "" 0.17399349107450998 "" 1.0
174.46401858986 -63.38179433476 0.0117 0.0127 5.3521 "" "" 5333579074977116416 2495.33936 0.3673 0.0154 -6.07 0.567 0.017 0.015 0.99 "" "" 14.047417 1.016359 14.441393 13.425034 -13.33 6.91 2390.23315 2599.2356 45287.66571 153.78 22849.0 200.15 33818.0 235.86 "" "" 0.0046026023713051055 0.009911536 0.008463109 0.018374644 174.46401858986 -63.38179433476 2495.33936 -6.069999999999999 0.5669999999999997 -0.0799201202392581 -0.11103001403808599 0.12331262 0.121312626 -10.1725 7.597207 1.618085975848165 10.300386326504288 0.1974046966912627 7.50294664257749 0.9
174.6612789851 -63.36616201374 0.0132 0.0143 0.6578 "" "" 5333579826572514432 2339.74341 0.388 0.0166 -6.068 0.539 0.018 0.017 1.064 10011.3 3.8793 14.091606 0.551914 14.251945 13.70003 "" "" 2246.91113 2438.81201 43481.47002 16.428 27204.0 50.844 26251.0 354.52 "" "" 0.002785688516308573 0.0034500468 0.015142115 0.018592162 174.6612789851 -63.36616201374 2339.74341 -6.068 0.539 -0.07792012023925743 -0.1390300140380859 0.124312624 0.12331262 "" "" 1.7675472851067167 "" 0.21838468750860224 "" 0.8
174.85620709197 -63.5027818221 0.0118 0.0119 9.1532 "" "" 5333573646138707456 2262.69458 0.4075 0.0145 -5.898 0.458 0.016 0.015 0.89 6963.1 3.5788 14.121266 0.904148 14.483324 13.579176 "" "" 2196.02515 2318.46802 42309.74265 7.5539 21983.0 21.292 29342.0 19.783 "" "" 0.002762130586827428 0.002981766 0.003849622 0.006831388 174.85620709197 -63.5027818221 2262.69458 -5.898 0.4579999999999999 0.0920798797607425 -0.22003001403808592 0.12231263 0.121312626 "" "" 2.5581708181260825 "" 0.31072100406933545 "" 0.8
174.67650124146 -63.2898174259 0.0121 0.0122 5.2501 "" "" 5333955829504544768 2346.37939 0.3936 0.0147 -5.786 0.625 0.016 0.015 0.93 10315.4 3.9662 14.123918 0.486026 14.300069 13.814043 "" "" 2269.52734 2440.07007 42206.54653 12.871 26025.0 18.548 23634.0 17.993 "" "" 0.0027751424108936416 0.0028954828 0.0038687182 0.006764201 174.67650124146 -63.2898174259 2346.37939 -5.7860000000000005 0.6250000000000002 0.2040798797607426 -0.05303001403808594 0.12231263 0.121312626 "" "" 2.3451202363307044 "" 0.28669005559359695 "" 0.8
174.98592575637 -63.40358665811 0.0116 0.0112 8.8276 "" "" 5333950984781928064 2293.4397 0.4031 0.0137 -5.854 0.639 0.015 0.015 0.893 "" "" 14.149705 0.625839 14.379339 13.7535 "" "" 2223.55981 2383.51074 41215.89754 11.671 24193.0 24.388 24990.0 23.162 "" "" 0.0027724198634526886 0.0029971572 0.003911061 0.0069082184 174.98592575637 -63.40358665811 2293.4397 -5.854 0.639 0.1360798797607421 -0.039030014038085925 0.121312626 0.121312626 "" "" 1.5389559234777976 "" 0.18669478392319505 "" 1.0
174.31195377426 -63.33906387418 0.0115 0.0121 9.7119 "" "" 5333591169604673792 2366.42017 0.3849 0.0142 -6.296 0.858 0.016 0.015 1.006 "" "" 14.182646 0.813724 14.488621 13.674897 "" "" 2299.31079 2432.12524 39984.18613 421.53 21876.0 798.34 26866.0 641.56 "" "" 0.011773241114365025 0.039720837 0.026201384 0.06592222 174.31195377426 -63.33906387418 2366.42017 -6.296000000000002 0.8580000000000002 -0.3059201202392581 0.17996998596191405 0.12231263 0.121312626 "" "" 3.981206015747222 "" 0.48593129259819073 "" 0.8
