Clusters/BH_121/BH_121_stars_in_region.tsv
# %ECSV 1.0
# ---
# datatype:
# - name: RA_ICRS_1
#   unit: deg
#   datatype: float64
#   format: '{:15.11f}'
#   description: Right ascension (ICRS) at Ep=2016.0 (ra)
#   meta: !!omap
#   - {ucd: POS_EQ_RA_MAIN}
#   - {width: 15}
#   - {precision: '11'}
# - name: DE_ICRS_1
#   unit: deg
#   datatype: float64
#   format: '{:15.11f}'
#   description: Declination (ICRS) at Ep=2016.0 (dec)
#   meta: !!omap
#   - {ucd: POS_EQ_DEC_MAIN}
#   - {width: 15}
#   - {precision: '11'}
# - name: e_RA_ICRS
#   unit: mas
#   datatype: float64
#   format: '{:7.4f}'
#   description: Standard error of right ascension (ra_error)
#   meta: !!omap
#   - {ucd: ERROR}
#   - {width: 7}
#   - {precision: '4'}
# - name: e_DE_ICRS
#   unit: mas
#   datatype: float64
#   format: '{:7.4f}'
#   description: Standard error of declination (dec_error)
#   meta: !!omap
#   - {ucd: ERROR}
#   - {width: 7}
#   - {precision: '4'}
# - name: _r_1
#   unit: ''
#   datatype: float64
#   format: '{:7.4f}'
#   description: Distance from center (174.66281687000-63.37710303000)[ICRS], at Epoch=J2016.0
#   meta: !!omap
#   - {ucd: POS_ANG_DIST_GENERAL}
#   - {width: 7}
#   - {precision: '4'}
# - name: HIP
#   datatype: int32
#   description: '? HIP cross-id number, van Leeuwen, Cat. I/311 (hip_original_ext_source_id)'
#   meta: !!omap
#   - {ucd: ID_NUMBER}
#   - {width: 6}
#   - values: {'null': -2147483648}
# - name: TYC2
#   datatype: string
#   description: Tycho-2 cross-id name, Hog et al., Cat. I/259 (tyc2_original_ext_source_id)
#   meta: !!omap
#   - {ucd: ID_CROSSID}
#   - {_votable_string_dtype: char}
# - name: Source
#   datatype: int64
#   description: Source identifier, identical to the Gaia-EDR3 source_id (id)
#   meta: !!omap
#   - {ucd: ID_MAIN}
#   - {width: 19}
# - name: rgeo
#   unit: pc
#   datatype: float64
#   format: '{:15.8f}'
#   description: '? Median of the geometric distance posterior (r_med_geo)'
#   meta: !!omap
#   - {ucd: PHYS_DISTANCE_TRUE}
#   - {width: 15}
#   - {precision: '8'}
#   - values: {'null': .nan}
# - name: Plx
#   unit: mas
#   datatype: float64
#   format: '{:9.4f}'
#   description: '? Parallax (parallax)'
#   meta: !!omap
#   - {ucd: POS_PARLX_TRIG}
#   - {width: 9}
#   - {precision: '4'}
#   - values: {'null': .nan}
# - name: e_Plx
#   unit: mas
#   datatype: float32
#   format: '{:7.4f}'
#   description: '? Standard error of parallax (parallax_error)'
#   meta: !!omap
#   - {ucd: ERROR}
#   - {width: 7}
#   - {precision: '4'}
#   - values: {'null': .nan}
# - name: pmRA
#   unit: mas / yr
#   datatype: float64
#   format: '{:9.3f}'
#   description: '? Proper motion in right ascension direction, pmRA*cosDE (pmra)'
#   meta: !!omap
#   - {ucd: POS_EQ_PMRA}
#   - {width: 9}
#   - {precision: '3'}
#   - values: {'null': .nan}
# - name: pmDE
#   unit: mas / yr
#   datatype: float64
#   format: '{:9.3f}'
#   description: '? Proper motion in declination direction (pmdec)'
#   meta: !!omap
#   - {ucd: POS_EQ_PMDEC}
#   - {width: 9}
#   - {precision: '3'}
#   - values: {'null': .nan}
# - name: e_pmRA
#   unit: mas / yr
#   datatype: float32
#   format: '{:6.3f}'
#   description: '? Standard error of proper motion in right ascension direction (pmra_error)'
#   meta: !!omap
#   - {ucd: ERROR}
#   - {width: 6}
#   - {precision: '3'}
#   - values: {'null': .nan}
# - name: e_pmDE
[...]
#         value: !astropy.table.SerializedColumn {name: SkyCoord.dec}
#       distance: !astropy.table.SerializedColumn
#         __class__: astropy.coordinates.distances.Distance
#         unit: !astropy.units.Unit {unit: pc}
#         value: !astropy.table.SerializedColumn {name: SkyCoord.distance}
#       frame: icrs
#       obstime: !astropy.time.Time {format: jyear_str, in_subfmt: '*', jd1: 367701545.0, jd2: 0.0, out_subfmt: '*', precision: 3, scale: tt}
#       pm_dec: !astropy.table.SerializedColumn
#         __class__: astropy.units.quantity.Quantity
#         unit: !astropy.units.Unit {unit: mas / yr}
#         value: !astropy.table.SerializedColumn {name: SkyCoord.pm_dec}
#       pm_ra_cosdec: !astropy.table.SerializedColumn
#         __class__: astropy.units.quantity.Quantity
#         unit: !astropy.units.Unit {unit: mas / yr}
#         value: !astropy.table.SerializedColumn {name: SkyCoord.pm_ra_cosdec}
#       ra: !astropy.table.SerializedColumn
#         __class__: astropy.coordinates.angles.Longitude
#         unit: *id001
#         value: !astropy.table.SerializedColumn {name: SkyCoord.ra}
#         wrap_angle: !astropy.coordinates.Angle
#           unit: *id001
#           value: 360.0
#       representation_type: spherical
# schema: astropy-2.0
RA_ICRS_1 DE_ICRS_1 e_RA_ICRS e_DE_ICRS _r_1 HIP TYC2 Source rgeo Plx e_Plx pmRA pmDE e_pmRA e_pmDE RUWE Teff logg Gmag BP-RP BPmag RPmag RV e_RV b_rgeo B_rgeo FG e_FG FBP e_FBP FRP e_FRP RAVE5 RAVE6 e_Gmag e_BPmag e_RPmag e_BP-RP SkyCoord.ra SkyCoord.dec SkyCoord.distance SkyCoord.pm_ra_cosdec SkyCoord.pm_dec rmRA rmDE e_rmRA e_rmDE rRV e_rRV v_pec v_pec3d e_vpec e_vpec3d
[from data line 2872]
174.8261039906 -63.20775599506 0.0461 0.0398 11.0739 "" "" 5333954867431986176 2299.12061 0.4172 0.0507 -8.434 -2.067 0.057 0.049 0.993 5440.6 4.6161 16.718033 1.206177 17.24104 16.034863 "" "" 2033.74927 2688.99658 3870.20435 2.2072 1733.8 7.7022 3056.4 11.053 "" "" 0.002824039675925461 0.0055721467 0.0054498008 0.0110219475 174.8261039906 -63.20775599506 2299.12061 -8.434000000000001 -2.0670000000000006 -2.443920120239257 -2.745030014038086 0.16331263 0.15531263 "" "" 40.05295684460316 "" 6.364400186928836 ""
174.83675486765 -62.97865538508 0.0478 0.0416 24.3662 "" "" 5333987406106170880 2460.94116 0.3858 0.0536 -6.898 0.416 0.056 0.049 0.989 6029.8 4.4817 16.718575 1.16345 17.220692 16.057241 "" "" 2201.56006 2825.82129 3868.26911 2.3266 1766.6 6.2332 2994.1 7.7136 "" "" 0.0028316479671901067 0.0047392608 0.0047018877 0.0094411485 174.83675486765 -62.97865538508 2460.94116 -6.898000000000001 0.4159999999999998 -0.9079201202392575 -0.26203001403808596 0.16231263 0.15531263 "" "" 11.023007809352388 "" 1.7833590447248873 ""
174.31241036288 -63.72351653169 0.04 0.0377 22.7969 "" "" 5333557183504448128 2133.12793 0.4495 0.0474 -8.588 0.723 0.052 0.046 1.018 9516.2 4.3355 16.718811 1.541169 17.426788 15.885619 "" "" 1921.83459 2385.33716 3867.42984 2.0045 1461.2 7.7411 3506.8 6.8624 "" "" 0.0028121994705928547 0.0063929893 0.0043356554 0.010728644 174.31241036288 -63.72351653169 2133.12793 -8.588 0.7230000000000003 -2.597920120239257 0.04496998596191404 0.15831262 0.15231262 "" "" 26.271573959880325 "" 4.1590753490353976 ""
174.82270854741 -63.35350475654 0.0419 0.0373 4.5278 "" "" 5333952153013000960 2509.83643 0.3858 0.0484 -8.118 0.157 0.055 0.049 1.016 5608.9 4.6307 16.719196 1.198788 17.228079 16.029291 "" "" 2226.96509 2773.71216 3866.05728 2.2199 1754.6 9.0612 3072.1 8.2128 "" "" 0.002824970344293637 0.006262882 0.004765348 0.01102823 174.82270854741 -63.35350475654 2509.83643 -8.118000000000007 0.15700000000000017 -2.127920120239258 -0.5210300140380859 0.16131262 0.15531263 "" "" 26.062885526144836 "" 4.195582914213061 ""
175.10514212281 -63.17901405848 0.0477 0.039 16.8426 "" "" 5333211112224144768 1823.27625 0.539 0.051 -7.118 -0.291 0.056 0.05 0.982 5143.7 4.6266 16.71931 1.157246 17.210613 16.053368 "" "" 1637.29858 2019.53979 3865.64799 2.1257 1783.1 7.5667 3004.8 7.8243 "" "" 0.00281926356339365 0.0053863814 0.00471982 0.010106201 175.10514212281 -63.17901405848 1823.27625 -7.118 -0.2909999999999993 -1.1279201202392581 -0.9690300140380859 0.16231263 0.15631263 "" "" 12.85130067640045 "" 2.053537469423442 ""
174.44089710837 -63.46928958427 0.0394 0.0391 8.1291 "" "" 5333578353422559488 2135.91797 0.4432 0.0487 -9.019 2.333 0.051 0.049 1.03 5334.5 4.6216 16.719734 1.116919 17.198385 16.081467 "" "" 1963.34436 2415.55933 3864.13959 2.4153 1803.3 10.516 2928.0 12.627 "" "" 0.002837665978891768 0.006919031 0.0060172314 0.012936262 174.44089710837 -63.46928958427 2135.91797 -9.019000000000007 2.333000000000001 -3.028920120239258 1.6549699859619142 0.15731263 0.15531263 "" "" 34.94448432405476 "" 5.481219806733962 ""
174.46697892173 -63.21835633107 0.0464 0.039 10.8904 "" "" 5333957135173946624 2397.45654 0.4027 0.0507 -6.395 1.295 0.057 0.048 0.986 4947.1 4.2679 16.721178 1.708749 17.540041 15.831292 "" "" 2129.10205 2703.81299 3859.00351 9.3886 1316.4 11.881 3686.7 25.518 "" "" 0.0038169740267390085 0.0101886615 0.008411898 0.01860056 174.46697892173 -63.21835633107 2397.45654 -6.394999999999996 1.2950000000000004 -0.4049201202392574 0.616969985961914 0.16331263 0.15431263 "" "" 8.386346353762553 "" 1.317297257732115 ""
174.27356355256 -63.56911819872 0.0386 0.0385 15.5413 "" "" 5333581617597625856 2344.41992 0.4037 0.046 -6.689 0.471 0.047 0.047 1.02 5410.7 4.6979 16.721603 1.069239 17.171501 16.102262 "" "" 2145.42969 2550.97461 3857.49526 2.6059 1848.5 12.168 2872.5 8.6097 "" "" 0.00285127226674983 0.0076723346 0.0049873777 0.012659712 174.27356355256 -63.56911819872 2344.41992 -6.689 0.4710000000000001 -0.6989201202392579 -0.20703001403808596 0.15331262 0.15331262 "" "" 8.10036144748916 "" 1.2418876648194952 ""
174.69992890428 -63.57760657926 0.0387 0.037 12.0712 "" "" 5333568006823997952 1912.0957 0.5002 0.0457 -2.903 -3.462 0.047 0.048 0.982 5023.9 4.3761 16.721825 1.295478 17.290863 15.995385 "" "" 1727.74377 2065.48901 3856.71109 2.0314 1656.0 8.3965 3169.6 8.8868 "" "" 0.0028140420655122923 0.0061717713 0.00485289 0.011024661 174.69992890428 -63.57760657926 1912.0957 -2.903 -3.4619999999999993 3.087079879760742 -4.140030014038086 0.15331262 0.15431263 "" "" 46.80570027877687 "" 7.206020112898137 ""
174.53833588842 -63.36519517419 0.0397 0.0402 3.423 "" "" 5333580415006944512 2110.42847 0.4556 0.0487 -13.171 -0.014 0.05 0.046 1.005 5433.5 4.6685 16.722029 1.090431 17.192207 16.101776 "" "" 1932.75916 2317.2854 3855.9858 2.1778 1813.6 15.684 2873.7 6.6553 "" "" 0.0028227312595324907 0.009795234 0.004539428 0.014334662 174.53833588842 -63.36519517419 2110.42847 -13.171000000000006 -0.013999999999999816 -7.180920120239257 -0.692030014038086 0.15631263 0.15231262 "" "" 72.16663900013964 "" 11.277934521982308 ""
174.81822196941 -63.28157786297 0.0418 0.0368 7.097 "" "" 5333954175921716480 2172.79688 0.4442 0.048 -13.408 -0.926 0.056 0.047 0.92 5292.1 4.5169 16.722122 1.352868 17.32011 15.967242 "" "" 2012.79419 2417.13452 3855.65234 2.2153 1612.0 7.061 3252.8 9.3721 "" "" 0.002825055802970358 0.0055138804 0.0049060965 0.010419977 174.81822196941 -63.28157786297 2172.79688 -13.408 -0.926 -7.417920120239257 -1.604030014038086 0.16231263 0.15331262 "" "" 78.16329760956367 "" 12.656300610787524 ""
175.12061360614 -63.2237176196 0.0413 0.0386 15.3952 "" "" 5333209291157946368 2014.34998 0.4889 0.0496 -6.539 -0.681 0.054 0.05 0.895 5382.6 4.6551 16.722755 1.11714 17.20976 16.09262 "" "" 1840.79871 2226.54346 3853.40148 2.1046 1784.5 8.5651 2898.1 8.9296 "" "" 0.0028184091589291667 0.0059111724 0.005047293 0.010958465 175.12061360614 -63.2237176196 2014.34998 -6.539 -0.681 -0.5489201202392575 -1.359030014038086 0.16031262 0.15631263 "" "" 13.994529314214358 "" 2.1954591099066048 ""
174.23902909086 -63.63807658929 0.0388 0.039 19.3349 "" "" 5333558046815897984 2234.30298 0.443 0.0472 -4.285 -0.658 0.051 0.048 1.041 "" "" 16.723492 1.80679 17.594028 15.787238 "" "" 1987.39465 2486.58032 3850.79355 2.1747 1252.6 8.1013 3839.4 12.204 "" "" 0.002822721015426612 0.007556114 0.00511802 0.012674134 174.23902909086 -63.63807658929 2234.30298 -4.285 -0.658000000000001 1.705079879760742 -1.3360300140380859 0.15731263 0.15431263 "" "" 22.940985469848698 "" 3.5828817732877023 ""
175.0385617169 -63.48654275571 0.0409 0.035 12.0329 "" "" 5332824672571441408 2226.41089 0.4146 0.0461 -5.992 0.674 0.055 0.046 0.976 5414.0 3.851 16.723568 1.648904 17.493998 15.845094 "" "" 2036.10339 2497.25684 3850.52324 4.9238 1373.5 17.875 3640.2 16.822 "" "" 0.003085345742027703 0.014402829 0.006281544 0.020684373 175.0385617169 -63.48654275571 2226.41089 -5.992000000000001 0.674 -0.0019201202392578054 -0.004030014038085894 0.16131262 0.15231262 "" "" 0.047110113779974726 "" 0.007255775770818003 ""
174.9361849945 -63.40329285802 0.0388 0.0368 7.5129 "" "" 5333950916062435456 2072.37842 0.4625 0.0456 -5.837 0.151 0.051 0.049 1.041 7172.7 4.2904 16.725021 1.633595 17.507387 15.873792 "" "" 1883.95862 2279.73706 3845.36947 7.1711 1356.6 10.669 3545.2 19.267 "" "" 0.003419270861981865 0.008983091 0.007007214 0.015990306 174.9361849945 -63.40329285802 2072.37842 -5.837 0.15099999999999975 0.15307987976074244 -0.5270300140380859 0.15731263 0.15531263 "" "" 5.391016021454264 "" 0.8381367028711975 ""
174.99621994762 -63.48110485109 0.0408 0.0369 10.9089 "" "" 5332824741290834560 2351.854 0.4173 0.0473 -5.862 0.843 0.054 0.048 1.014 5864.2 4.4751 16.725405 1.523009 17.406668 15.883658 "" "" 2085.02783 2645.47314 3844.01452 7.0985 1488.5 12.884 3513.1 16.425 "" "" 0.003407588117115631 0.009803249 0.006328632 0.016131882 174.99621994762 -63.48110485109 2351.854 -5.862000000000002 0.8430000000000002 0.1280798797607421 0.16496998596191403 0.16031262 0.15431263 "" "" 2.3282483252018 "" 0.36459456107222754 ""
174.66732489898 -63.70923894726 0.0468 0.0465 19.9285 "" "" 5333565365441810432 2270.36743 0.4187 0.0577 -4.759 1.652 0.059 0.061 1.156 "" "" 16.725578 1.894082 17.434883 15.540801 "" "" 1996.87744 2535.27368 3843.40186 4.6672 1450.3 38.629 4817.7 69.74 "" "" 0.003054522871997462 0.029053068 0.016164906 0.045217976 174.66732489898 -63.70923894726 2270.36743 -4.759000000000001 1.6520000000000006 1.2310798797607418 0.973969985961914 0.16531262 0.16731262 "" "" 16.89313610592549 "" 2.8057032298147537 ""
175.36479160943 -63.35459465136 0.038 0.035 18.9295 "" "" 5333204588201739776 1952.75452 0.4986 0.0467 -4.31 2.425 0.048 0.046 0.967 5095.3 4.4775 16.72572 1.143734 17.208708 16.064974 "" "" 1787.55017 2136.05005 3842.90011 1.9411 1786.2 10.681 2972.8 9.1485 "" "" 0.0028093689104940717 0.0070665744 0.005044567 0.012111141 175.36479160943 -63.35459465136 1952.75452 -4.3100000000000005 2.425 1.6800798797607426 1.7469699859619139 0.15431263 0.15231262 "" "" 22.43438293594114 "" 3.4386717474814117 ""
175.02100024227 -63.64034692605 0.038 0.0348 18.4761 "" "" 5332821923791985408 2473.95239 0.3911 0.0445 -8.251 2.448 0.047 0.045 0.996 9127.7 4.2604 16.725872 1.665094 17.511766 15.846672 "" "" 2286.67529 2777.57373 3842.35652 1.9887 1351.2 6.9404 3634.9 8.892 "" "" 0.0028120410127290044 0.0062358906 0.0046193255 0.0108552165 175.02100024227 -63.64034692605 2473.95239 -8.25099999999999 2.4479999999999977 -2.2609201202392573 1.769969985961914 0.15331262 0.15131262 "" "" 33.6707856966477 "" 5.136671756117274 ""
175.42894010289 -63.28451220256 0.044 0.0397 21.3666 "" "" 5333206512347285376 2116.03076 0.4522 0.0529 -8.188 1.903 0.055 0.054 1.011 9274.6 3.7936 16.726032 2.337043 17.956163 15.619121 "" "" 1886.79456 2341.59424 3841.79281 3.923 897.33 7.5467 4482.4 13.903 "" "" 0.002970012587361333 0.009548003 0.0050620693 0.014610073 175.42894010289 -63.28451220256 2116.03076 -8.188 1.903 -2.1979201202392584 1.224969985961914 0.16131262 0.16031262 "" "" 25.237733055797342 "" 4.0651977408498245 ""
174.79518676167 -63.20206478205 0.0448 0.045 11.0924 "" "" 5333955073590697344 2621.91016 0.3824 0.0557 -6.3 -0.859 0.055 0.051 1.012 5510.8 4.6547 16.727352 1.27713 17.290422 16.013292 "" "" 2285.52124 3464.44482 3837.12646 2.2411 1656.7 10.782 3117.7 9.8655 "" "" 0.0028273507625822805 0.0075970264 0.0051075853 0.012704612 174.79518676167 -63.20206478205 2621.91016 -6.300000000000001 -0.8590000000000007 -0.30992012023925763 -1.537030014038086 0.16131262 0.15731263 "" "" 19.486430452736034 "" 3.068544041808617 ""
174.79316912935 -63.34985562716 0.0394 0.0384 3.8688 "" "" 5333952118652767232 1812.95044 0.5422 0.0463 -14.285 0.699 0.052 0.049 0.918 5168.8 4.5885 16.727835 1.32414 17.313013 15.988873 "" "" 1662.40466 1990.31592 3835.41788 2.1949 1622.6 8.2944 3188.7 8.448 "" "" 0.002824508375925024 0.006211943 0.004749525 0.010961467 174.79316912935 -63.34985562716 1812.95044 -14.285000000000004 0.6990000000000003 -8.294920120239258 0.020969985961914017 0.15831262 0.15531263 "" "" 71.28167062859148 "" 11.284786591105222 ""
175.01679904816 -63.54794904489 0.0381 0.035 13.9686 "" "" 5332824152847302656 2218.9895 0.4245 0.0435 -5.148 0.049 0.047 0.043 1.002 8470.6 4.3327 16.727964 1.461391 17.394224 15.932834 "" "" 2029.91333 2433.75732 3834.9621 2.0621 1505.7 7.1693 3357.6 8.7084 "" "" 0.0028164917355559937 0.005874565 0.004713133 0.010587698 175.01679904816 -63.54794904489 2218.9895 -5.148000000000003 0.04900000000000001 0.8420798797607425 -0.6290300140380859 0.15331262 0.14931263 "" "" 11.055310800604317 "" 1.6792146371267656 ""
174.65558958863 -63.39878098459 0.0399 0.0398 1.3151 "" "" 5333579418574524544 2404.1311 0.4028 0.0497 -3.297 -0.614 0.05 0.047 0.992 5390.2 4.5959 16.728033 1.245073 17.27755 16.032476 "" "" 2190.66943 2697.49023 3834.71672 2.1048 1676.5 10.857 3063.1 18.753 "" "" 0.002819030458307939 0.007564594 0.0076464377 0.015211032 174.65558958863 -63.39878098459 2404.1311 -3.297000000000002 -0.6140000000000001 2.693079879760742 -1.2920300140380858 0.15631263 0.15331262 "" "" 34.03831897883715 "" 5.30166261471738 ""
174.58945529879 -63.19985909869 0.0608 0.0622 10.8171 "" "" 5333957788009701376 2326.91357 0.4182 0.0629 -5.939 0.907 0.076 0.066 1.072 4988.2 4.2847 16.72887 1.650242 17.44558 15.795338 "" "" 1993.89648 2684.0647 3831.76042 5.808 1436.1 39.241 3810.9 18.917 "" "" 0.003209383389836365 0.02979833 0.006582591 0.03638092 174.58945529879 -63.19985909869 2326.91357 -5.939000000000004 0.9070000000000004 0.05107987976074213 0.2289699859619141 0.18231262 0.17231262 "" "" 2.587519533849122 "" 0.44712276252941907 ""
174.2051679109 -63.20130462582 0.0466 0.0367 16.2355 "" "" 5333594261981288704 2617.3186 0.3642 0.0508 -6.103 2.693 0.054 0.046 0.962 6068.7 4.4906 16.729181 1.186712 17.225044 16.038332 "" "" 2261.19849 3049.49097 3830.66302 2.2072 1759.5 10.384 3046.7 7.9116 "" "" 0.0028254479856157 0.0069887913 0.00471517 0.011703961 174.2051679109 -63.20130462582 2617.3186 -6.103 2.6929999999999983 -0.11292012023925757 2.014969985961914 0.16031262 0.15231262 "" "" 25.03712210974163 "" 3.8141131895858686 ""
173.9877303121 -63.56829416987 0.041 0.0405 21.421 "" "" 5333562204344064256 2387.25708 0.4074 0.0505 -12.501 3.152 0.053 0.051 1.076 5019.5 3.8077 16.7297 1.838707 17.614918 15.776211 "" "" 2112.59106 2765.23291 3828.8346 2.0832 1228.7 13.717 3878.6 12.923 "" "" 0.002817933771796431 0.01243797 0.0052316613 0.017669631 173.9877303121 -63.56829416987 2387.25708 -12.501000000000003 3.152 -6.510920120239257 2.473969985961914 0.15931262 0.15731263 "" "" 78.81426764008829 "" 12.536329900597654 ""
175.52004624095 -63.51743307057 0.0395 0.0378 24.485 "" "" 5333195345431833984 1897.36731 0.5131 0.0483 2.504 -2.016 0.05 0.049 0.97 5045.5 4.6632 16.73008 1.14015 17.226608 16.086458 "" "" 1723.65918 2120.79517 3827.49868 2.0503 1757.0 9.0805 2914.6 6.9618 "" "" 0.0028160347036977587 0.006266703 0.0045835976 0.010850301 175.52004624095 -63.51743307057 1897.36731 2.504000000000002 -2.016 8.494079879760742 -2.694030014038086 0.15631263 0.15531263 "" "" 80.14190680796386 "" 12.519888528753734 ""
173.98484663013 -63.52521543916 0.0407 0.0401 20.237 "" "" 5333562376142797696 2286.22119 0.4037 0.0516 -8.146 2.993 0.051 0.051 1.061 4685.5 4.1568 16.730185 1.888165 17.641846 15.753681 "" "" 2059.6167 2669.79614 3827.12839 2.2022 1198.6 7.5476 3959.9 14.042 "" "" 0.0028252619571344337 0.00738432 0.0053950716 0.012779391 173.98484663013 -63.52521543916 2286.22119 -8.145999999999994 2.993 -2.1559201202392586 2.314969985961914 0.15731263 0.15731263 "" "" 34.28074260067728 "" 5.392793831956644 ""
174.54935940812 -63.44812184843 0.0484 0.0492 5.2383 "" "" 5333577872386248320 2553.73022 0.3887 0.0609 -6.166 0.865 0.06 0.058 1.239 5421.8 4.2637 16.730274 1.809307 17.561304 15.751997 "" "" 2178.44824 3046.93677 3826.81447 38.904 1290.9 54.246 3966.1 103.87 "" "" 0.011376469004995317 0.045709874 0.028684907 0.07439478 174.54935940812 -63.44812184843 2553.73022 -6.165999999999999 0.865 -0.17592012023925818 0.18696998596191405 0.16631262 0.16431263 "" "" 3.107525696860222 "" 0.5135335294367475 ""
174.89715581831 -63.51738996447 0.0403 0.0371 10.5049 "" "" 5333573577419347072 2058.05908 0.4604 0.0471 -6.942 3.498 0.051 0.05 1.026 9325.4 3.7729 16.730455 1.858353 17.640888 15.782536 "" "" 1856.26611 2300.93018 3826.17223 3.7762 1199.7 10.194 3856.1 11.004 "" "" 0.0029563526863210167 0.00963833 0.004887057 0.014525387 174.89715581831 -63.51738996447 2058.05908 -6.9419999999999975 3.4980000000000024 -0.951920120239258 2.8199699859619143 0.15731263 0.15631263 "" "" 29.034436204942253 "" 4.541427624612914 ""
