Clusters/BH_121/BH_121_stars_in_region.tsv
# %ECSV 1.0
# ---
# datatype:
# - name: RA_ICRS_1
#   unit: deg
#   datatype: float64
#   format: '{:15.11f}'
#   description: Right ascension (ICRS) at Ep=2016.0 (ra)
#   meta: !!omap
#   - {ucd: POS_EQ_RA_MAIN}
#   - {width: 15}
#   - {precision: '11'}
# - name: DE_ICRS_1
#   unit: deg
#   datatype: float64
#   format: '{:15.11f}'
#   description: Declination (ICRS) at Ep=2016.0 (dec)
#   meta: !!omap
#   - {ucd: POS_EQ_DEC_MAIN}
#   - {width: 15}
#   - {precision: '11'}
# - name: e_RA_ICRS
#   unit: mas
#   datatype: float64
#   format: '{:7.4f}'
#   description: Standard error of right ascension (ra_error)
#   meta: !!omap
#   - {ucd: ERROR}
#   - {width: 7}
#   - {precision: '4'}
# - name: e_DE_ICRS
#   unit: mas
#   datatype: float64
#   format: '{:7.4f}'
#   description: Standard error of declination (dec_error)
#   meta: !!omap
#   - {ucd: ERROR}
#   - {width: 7}
#   - {precision: '4'}
# - name: _r_1
#   unit: ''
#   datatype: float64
#   format: '{:7.4f}'
#   description: Distance from center (174.66281687000-63.37710303000)[ICRS], at Epoch=J2016.0
#   meta: !!omap
#   - {ucd: POS_ANG_DIST_GENERAL}
#   - {width: 7}
#   - {precision: '4'}
# - name: HIP
#   datatype: int32
#   description: '? HIP cross-id number, van Leeuwen, Cat. I/311 (hip_original_ext_source_id)'
#   meta: !!omap
#   - {ucd: ID_NUMBER}
#   - {width: 6}
#   - values: {'null': -2147483648}
# - name: TYC2
#   datatype: string
#   description: Tycho-2 cross-id name, Hog et al., Cat. I/259 (tyc2_original_ext_source_id)
#   meta: !!omap
#   - {ucd: ID_CROSSID}
#   - {_votable_string_dtype: char}
# - name: Source
#   datatype: int64
#   description: Source identifier, identical to the Gaia-EDR3 source_id (id)
#   meta: !!omap
#   - {ucd: ID_MAIN}
#   - {width: 19}
# - name: rgeo
#   unit: pc
#   datatype: float64
#   format: '{:15.8f}'
#   description: '? Median of the geometric distance posterior (r_med_geo)'
#   meta: !!omap
#   - {ucd: PHYS_DISTANCE_TRUE}
#   - {width: 15}
#   - {precision: '8'}
#   - values: {'null': .nan}
# - name: Plx
#   unit: mas
#   datatype: float64
#   format: '{:9.4f}'
#   description: '? Parallax (parallax)'
#   meta: !!omap
#   - {ucd: POS_PARLX_TRIG}
#   - {width: 9}
#   - {precision: '4'}
#   - values: {'null': .nan}
# - name: e_Plx
#   unit: mas
#   datatype: float32
#   format: '{:7.4f}'
#   description: '? Standard error of parallax (parallax_error)'
#   meta: !!omap
#   - {ucd: ERROR}
#   - {width: 7}
#   - {precision: '4'}
#   - values: {'null': .nan}
# - name: pmRA
#   unit: mas / yr
#   datatype: float64
#   format: '{:9.3f}'
#   description: '? Proper motion in right ascension direction, pmRA*cosDE (pmra)'
#   meta: !!omap
#   - {ucd: POS_EQ_PMRA}
#   - {width: 9}
#   - {precision: '3'}
#   - values: {'null': .nan}
# - name: pmDE
#   unit: mas / yr
#   datatype: float64
#   format: '{:9.3f}'
#   description: '? Proper motion in declination direction (pmdec)'
#   meta: !!omap
#   - {ucd: POS_EQ_PMDEC}
#   - {width: 9}
#   - {precision: '3'}
#   - values: {'null': .nan}
# - name: e_pmRA
#   unit: mas / yr
#   datatype: float32
#   format: '{:6.3f}'
#   description: '? Standard error of proper motion in right ascension direction (pmra_error)'
#   meta: !!omap
#   - {ucd: ERROR}
#   - {width: 6}
#   - {precision: '3'}
#   - values: {'null': .nan}
# - name: e_pmDE
[...]
#         value: !astropy.table.SerializedColumn {name: SkyCoord.dec}
#       distance: !astropy.table.SerializedColumn
#         __class__: astropy.coordinates.distances.Distance
#         unit: !astropy.units.Unit {unit: pc}
#         value: !astropy.table.SerializedColumn {name: SkyCoord.distance}
#       frame: icrs
#       obstime: !astropy.time.Time {format: jyear_str, in_subfmt: '*', jd1: 367701545.0, jd2: 0.0, out_subfmt: '*', precision: 3, scale: tt}
#       pm_dec: !astropy.table.SerializedColumn
#         __class__: astropy.units.quantity.Quantity
#         unit: !astropy.units.Unit {unit: mas / yr}
#         value: !astropy.table.SerializedColumn {name: SkyCoord.pm_dec}
#       pm_ra_cosdec: !astropy.table.SerializedColumn
#         __class__: astropy.units.quantity.Quantity
#         unit: !astropy.units.Unit {unit: mas / yr}
#         value: !astropy.table.SerializedColumn {name: SkyCoord.pm_ra_cosdec}
#       ra: !astropy.table.SerializedColumn
#         __class__: astropy.coordinates.angles.Longitude
#         unit: *id001
#         value: !astropy.table.SerializedColumn {name: SkyCoord.ra}
#         wrap_angle: !astropy.coordinates.Angle
#           unit: *id001
#           value: 360.0
#       representation_type: spherical
# schema: astropy-2.0
RA_ICRS_1 DE_ICRS_1 e_RA_ICRS e_DE_ICRS _r_1 HIP TYC2 Source rgeo Plx e_Plx pmRA pmDE e_pmRA e_pmDE RUWE Teff logg Gmag BP-RP BPmag RPmag RV e_RV b_rgeo B_rgeo FG e_FG FBP e_FBP FRP e_FRP RAVE5 RAVE6 e_Gmag e_BPmag e_RPmag e_BP-RP SkyCoord.ra SkyCoord.dec SkyCoord.distance SkyCoord.pm_ra_cosdec SkyCoord.pm_dec rmRA rmDE e_rmRA e_rmDE rRV e_rRV v_pec v_pec3d e_vpec e_vpec3d
[from data line 3254]
174.95970694834 -63.47748216002 0.1411 0.1637 9.9885 "" "" 5333575329770278016 2526.41455 0.5041 0.1679 -4.822 0.59 0.222 0.206 2.179 "" "" 16.896452 0.489022 15.022809 14.533787 "" "" 1864.90979 3817.6311 3283.71982 24.617 13375.0 5667.3 12180.0 2971.2 "" "" 0.008593131682945253 0.4600602 0.26488242 0.7249426 174.95970694834 -63.47748216002 2526.41455 -4.822 0.59 1.1680798797607421 -0.08803001403808597 0.32831264 0.31231263 "" "" 14.027662727609066 "" 4.60422209753074 ""
174.28237319157 -63.37009302063 0.0485 0.0433 10.2389 "" "" 5333590619848802176 2313.16895 0.4166 0.056 -8.323 1.963 0.061 0.054 1.058 5124.8 4.6688 16.89846 1.138184 17.390057 16.251873 "" "" 2071.07544 2701.17993 3277.65274 1.9708 1511.5 7.956 2502.7 11.149 "" "" 0.0028316044749808426 0.006359676 0.0061382116 0.012497887 174.28237319157 -63.37009302063 2313.16895 -8.323000000000006 1.9630000000000016 -2.332920120239258 1.2849699859619141 0.16731262 0.16031262 "" "" 29.202565538311127 "" 4.83914783901507 ""
173.79795587245 -63.27824098915 0.048 0.0403 24.0367 "" "" 5333590104452698880 2138.13379 0.4598 0.0522 -5.959 5.49 0.06 0.054 1.011 4667.8 4.3856 16.898666 1.267099 17.471619 16.20452 "" "" 1891.27039 2439.68384 3277.02885 2.0212 1402.1 14.313 2614.3 12.83 "" "" 0.0028355302505031917 0.011429281 0.0065326416 0.017961923 173.79795587245 -63.27824098915 2138.13379 -5.959 5.49 0.031079879760742557 4.811969985961914 0.16631262 0.16031262 "" "" 48.76915007411153 "" 7.818322794313837 ""
175.15838670876 -63.14110475012 0.0495 0.0433 19.4807 "" "" 5333211460149829632 2435.34033 0.4094 0.0537 -7.848 2.551 0.06 0.056 1.0 5019.0 4.7218 16.89907 1.126749 17.378857 16.252108 "" "" 2187.1106 2760.34033 3275.81017 1.9977 1527.1 7.4838 2502.2 8.8439 "" "" 0.002833759085494801 0.0060080136 0.0053860913 0.011394105 175.15838670876 -63.14110475012 2435.34033 -7.847999999999999 2.5510000000000024 -1.8579201202392577 1.8729699859619142 0.16631262 0.16231263 "" "" 30.453624966487777 "" 5.003794314821646 ""
175.01660744956 -63.19033758256 0.0537 0.0453 14.7189 "" "" 5333960193191739648 2575.58789 0.3874 0.0606 -5.472 0.327 0.066 0.058 0.969 9342.4 4.3817 16.899801 1.626965 17.66453 16.037565 "" "" 2259.5752 3024.34033 3273.60426 3.2282 1173.8 6.5302 3048.8 11.415 "" "" 0.002956034345294209 0.0066535673 0.0055505643 0.012204131 175.01660744956 -63.19033758256 2575.58789 -5.472 0.32699999999999996 0.5180798797607418 -0.3510300140380859 0.17231262 0.16431263 "" "" 7.63997689411305 "" 1.2975441651143351 ""
174.63436333762 -63.13099664489 0.0469 0.0434 14.7864 "" "" 5333964281999750784 1876.84705 0.5228 0.0529 -3.304 -1.475 0.057 0.051 1.009 5169.9 4.6374 16.900295 1.226824 17.43893 16.212107 "" "" 1680.66992 2120.81616 3272.11324 1.8256 1444.9 9.761 2596.1 8.549 "" "" 0.0028211232312508614 0.007847451 0.0052025793 0.01305003 174.63436333762 -63.13099664489 1876.84705 -3.3040000000000003 -1.4749999999999996 2.6860798797607424 -2.153030014038086 0.16331263 0.15731263 "" "" 30.62504405340797 "" 4.930395148108627 ""
174.17968798454 -63.57091844634 0.0428 0.0403 17.402 "" "" 5333582510950809728 2208.229 0.4449 0.0503 -4.123 -1.014 0.053 0.05 1.01 5053.0 4.7328 16.900532 1.116497 17.398552 16.282055 "" "" 1966.77063 2462.28906 3271.40053 2.0725 1499.7 10.577 2434.1 13.134 "" "" 0.0028398782037328263 0.008149915 0.006971742 0.015121657 174.17968798454 -63.57091844634 2208.229 -4.123 -1.0140000000000005 1.867079879760742 -1.692030014038086 0.15931262 0.15631263 "" "" 26.37384815724869 "" 4.1661943164808655 ""
175.23252552724 -63.24401795165 0.0465 0.0417 17.3055 "" "" 5333208505212429952 2167.84595 0.4551 0.0527 -5.143 2.644 0.06 0.054 0.967 5220.4 4.7012 16.901041 1.098967 17.368567 16.2696 "" "" 1960.42603 2468.82446 3269.8676 2.0004 1541.7 9.6669 2462.2 9.6908 "" "" 0.0028342504624918954 0.007357461 0.005704786 0.013062247 175.23252552724 -63.24401795165 2167.84595 -5.143 2.644 0.8470798797607424 1.9659699859619142 0.16631262 0.16031262 "" "" 21.996921054651125 "" 3.547374126678307 ""
175.23716037522 -63.59432846043 0.0449 0.0389 20.1627 "" "" 5332822915896696192 2522.45117 0.3847 0.0509 -5.514 2.408 0.058 0.05 0.99 "" "" 16.901125 1.490326 17.485262 15.994936 "" "" 2296.76904 2816.46729 3269.61522 2.6844 1384.6 37.038 3170.9 78.105 "" "" 0.002895926743825421 0.029177118 0.027009377 0.056186497 175.23716037522 -63.59432846043 2522.45117 -5.513999999999999 2.408 0.47607987976074195 1.729969985961914 0.16431263 0.15631263 "" "" 21.453187609785473 "" 3.365773139022713 ""
174.36044291368 -63.25955439411 0.0474 0.0403 10.7754 "" "" 5333593128109893504 2023.9375 0.4809 0.0536 -9.408 2.585 0.059 0.052 0.999 5218.1 4.6719 16.901983 1.211809 17.42883 16.21702 "" "" 1800.02271 2289.82397 3267.02999 2.0702 1458.4 8.634 2584.3 6.2834 "" "" 0.002839915944731429 0.007007221 0.004610036 0.011617257 174.36044291368 -63.25955439411 2023.9375 -9.408 2.585 -3.4179201202392573 1.906969985961914 0.16531262 0.15831262 "" "" 37.54797942731355 "" 6.145777319864786 ""
174.89844042329 -63.4641635534 0.0485 0.0418 8.2036 "" "" 5333575600330395136 2024.97119 0.4741 0.0538 -5.836 0.662 0.061 0.052 1.017 4741.5 4.2714 16.902096 1.745227 17.615963 15.870736 "" "" 1836.96265 2294.39893 3266.69581 7.4893 1227.5 24.617 3555.2 72.209 "" "" 0.0037131956301610283 0.021952027 0.022373702 0.04432573 174.89844042329 -63.4641635534 2024.97119 -5.836000000000004 0.6620000000000004 0.1540798797607419 -0.016030014038085905 0.16731262 0.15831262 "" "" 1.4868968119826573 "" 0.2486371265414449 ""
175.12794939123 -63.04033896562 0.0563 0.0449 23.8014 "" "" 5333235855566059520 2159.8811 0.455 0.0563 -3.911 3.422 0.066 0.055 0.905 5341.8 4.7205 16.903183 1.250711 17.42723 16.17652 "" "" 1967.59631 2403.2063 3263.42462 2.112 1460.6 12.622 2682.6 12.683 "" "" 0.0028435047294457865 0.009788637 0.0063744592 0.016163096 175.12794939123 -63.04033896562 2159.8811 -3.9110000000000005 3.4219999999999993 2.079079879760742 2.743969985961914 0.17231262 0.16131262 "" "" 35.24544426242886 "" 5.829922367323467 ""
174.76888634857 -63.02623145396 0.0529 0.0533 21.2469 "" "" 5333966377926853120 1827.87231 0.5568 0.0624 -4.924 0.129 0.072 0.071 1.021 5132.3 4.6729 16.90342 1.229567 17.39557 16.166004 "" "" 1614.06116 2071.27808 3262.71317 2.23 1503.8 18.243 2708.7 33.937 "" "" 0.0028535015323550147 0.0134636415 0.014118328 0.02758197 174.76888634857 -63.02623145396 1827.87231 -4.924 0.12899999999999978 1.0660798797607418 -0.5490300140380859 0.17831263 0.17731263 "" "" 10.389571553835474 "" 1.8504187258361162 ""
174.45018921401 -63.58060434677 0.0445 0.0439 13.4736 "" "" 5333570072725551616 1807.00903 0.5346 0.0545 -11.789 5.586 0.06 0.054 1.035 5015.1 4.6757 16.90424 1.365543 17.521301 16.155758 "" "" 1664.11279 1992.45508 3260.25268 2.0221 1339.4 7.536 2734.4 9.3624 "" "" 0.002836417153545027 0.006715825 0.0053012674 0.012017092 174.45018921401 -63.58060434677 1807.00903 -11.788999999999998 5.5859999999999985 -5.7989201202392575 4.907969985961914 0.16631262 0.16031262 "" "" 65.07069379219949 "" 10.660869021753768 ""
175.10973374618 -63.50522629565 0.0453 0.039 14.2422 "" "" 5332824500772590976 1993.604 0.5032 0.0515 -8.066 5.124 0.058 0.051 0.928 5520.7 4.6782 16.904858 1.196436 17.435179 16.238743 "" "" 1803.44226 2276.71509 3258.39624 2.033 1449.9 12.744 2533.2 13.936 "" "" 0.0028373732177563236 0.00994268 0.0070682764 0.017010957 175.10973374618 -63.50522629565 1993.604 -8.066000000000008 5.124 -2.0759201202392585 4.445969985961914 0.16431263 0.15731263 "" "" 46.36713354825953 "" 7.353284166804413 ""
174.29818005148 -63.12776780795 0.0454 0.0403 17.9097 "" "" 5333969470320111360 2644.15234 0.3665 0.0504 -5.573 0.747 0.056 0.051 0.97 5101.3 4.6432 16.904884 1.137053 17.39566 16.258608 "" "" 2341.13574 3000.51221 3258.31421 1.9862 1503.7 8.3688 2487.2 8.6154 "" "" 0.0028336944460022563 0.00665571 0.005331784 0.011987494 174.29818005148 -63.12776780795 2644.15234 -5.573 0.7469999999999999 0.4170798797607418 0.06896998596191406 0.16231263 0.15731263 "" "" 5.298369738251827 "" 0.8592977475129642 ""
175.28560533767 -63.24003773711 0.0463 0.0409 18.6912 "" "" 5333209806553998208 2113.26514 0.4497 0.053 -1.099 1.474 0.06 0.054 1.027 4740.8 4.3783 16.905619 1.127344 17.387152 16.259808 "" "" 1928.49182 2472.52197 3256.1136 1.9543 1515.5 7.5917 2484.5 9.0877 "" "" 0.002831331891571941 0.0061127883 0.0054822834 0.011595072 175.28560533767 -63.24003773711 2113.26514 -1.099 1.474 4.891079879760742 0.795969985961914 0.16631262 0.16031262 "" "" 49.63787514675798 "" 8.247856075224123 ""
174.74345368173 -63.72757025894 0.0431 0.0421 21.1381 "" "" 5333565124923654016 2359.86353 0.3891 0.0522 -6.304 0.368 0.055 0.057 1.042 8326.1 3.833 16.905893 1.444607 17.556978 16.112371 "" "" 2161.19336 2636.26025 3255.2864 1.9829 1296.1 6.4485 2845.8 6.5145 "" "" 0.0028335811929417324 0.0060799094 0.004523392 0.010603301 174.74345368173 -63.72757025894 2359.86353 -6.304 0.368 -0.3139201202392581 -0.31003001403808594 0.16131262 0.16331263 "" "" 4.935243162424557 "" 0.801005946706783 ""
175.40682387389 -63.39672570146 0.044 0.0436 20.0318 "" "" 5333198403448762112 2485.93335 0.3764 0.0556 -4.699 -0.134 0.061 0.061 1.017 4966.3 4.5336 16.907293 1.173456 17.44643 16.272974 "" "" 2159.27417 2839.06982 3251.09344 1.9732 1435.0 13.872 2454.5 16.147 "" "" 0.0028330251431817935 0.01086024 0.008080823 0.018941063 175.40682387389 -63.39672570146 2485.93335 -4.699000000000001 -0.13399999999999937 1.2910798797607423 -0.812030014038086 0.16731262 0.16731262 "" "" 17.97209955800038 "" 3.0069591011577477 ""
174.26177574083 -63.02155148915 0.0463 0.0452 23.9334 "" "" 5333972493977264256 2130.68799 0.4512 0.055 -9.881 3.085 0.058 0.057 1.008 5132.2 4.6524 16.907347 1.208126 17.42151 16.213385 "" "" 1887.26868 2406.78345 3250.93331 1.9563 1468.3 10.681 2593.0 10.781 "" "" 0.0028317250933415734 0.008376436 0.0058874213 0.014263857 174.26177574083 -63.02155148915 2130.68799 -9.881 3.0849999999999977 -3.890920120239258 2.406969985961914 0.16431263 0.16331263 "" "" 46.207395187367204 "" 7.579698140726691 ""
174.1912626118 -63.21119808497 0.0543 0.0479 16.1482 "" "" 5333594433780258048 2226.76025 0.4456 0.0632 -6.409 0.083 0.068 0.065 1.115 5527.3 4.67 16.907494 1.290941 17.465336 16.174395 "" "" 1953.74097 2646.23486 3250.49412 2.2701 1410.2 8.7209 2687.8 9.3094 "" "" 0.002857753024853306 0.0072710207 0.005331539 0.01260256 174.1912626118 -63.21119808497 2226.76025 -6.409 0.08299999999999952 -0.4189201202392576 -0.595030014038086 0.17431262 0.17131263 "" "" 7.680814029976843 "" 1.3235011246193238 ""
173.81640821531 -63.26511583074 0.0485 0.0418 23.7709 "" "" 5333596014327724928 1944.54163 0.5062 0.0534 -7.244 -1.851 0.059 0.056 1.043 5192.9 4.7487 16.907612 1.090593 17.376486 16.285892 "" "" 1752.49292 2135.9397 3250.14082 1.9765 1530.5 9.4744 2425.5 12.482 "" "" 0.0028333267710841164 0.0072772736 0.0067455466 0.01402282 173.81640821531 -63.26511583074 1944.54163 -7.244 -1.851 -1.2539201202392576 -2.529030014038086 0.16531262 0.16231263 "" "" 26.01828438352983 "" 4.238611743140711 ""
174.83824034224 -63.67633791997 0.0401 0.04 18.557 "" "" 5333566288835158400 1994.67676 0.4788 0.0474 -11.808 2.168 0.05 0.052 0.939 5108.9 4.3832 16.907799 1.36232 17.51575 16.15343 "" "" 1840.78809 2169.66455 3249.58211 1.7704 1346.2 6.4534 2740.2 8.6837 "" "" 0.002818099238740302 0.005905498 0.005110983 0.011016481 174.83824034224 -63.67633791997 1994.67676 -11.808 2.168 -5.817920120239258 1.4899699859619142 0.15631263 0.15831262 "" "" 56.78232022872855 "" 8.88282562555666 ""
175.28538925706 -63.09239182255 0.049 0.0468 23.9747 "" "" 5333234751724740096 1965.729 0.4967 0.0574 -5.656 0.362 0.059 0.059 1.046 5109.1 4.7766 16.908411 1.112501 17.36135 16.248848 "" "" 1768.01782 2212.22461 3247.74948 2.6174 1551.9 7.6769 2509.7 11.792 "" "" 0.002890921621623706 0.0060523986 0.006348864 0.012401262 175.28538925706 -63.09239182255 1965.729 -5.656000000000004 0.36200000000000027 0.3340798797607425 -0.31603001403808595 0.16531262 0.16531262 "" "" 4.284903930517115 "" 0.7083486867059605 ""
173.94626420223 -63.34775634702 0.042 0.0409 19.3559 "" "" 5333588897543992704 2645.18628 0.3535 0.0498 -4.144 1.185 0.054 0.055 0.955 5409.4 4.7095 16.908886 1.149815 17.38065 16.230835 "" "" 2347.49121 2980.35864 3246.32685 1.8464 1524.6 8.5186 2551.7 15.23 "" "" 0.0028236735557049435 0.0066773654 0.0075018606 0.014179226 173.94626420223 -63.34775634702 2645.18628 -4.144 1.1850000000000003 1.846079879760742 0.5069699859619141 0.16031262 0.16131262 "" "" 24.003431912628624 "" 3.849741304436186 ""
174.26978726988 -63.67201798274 0.0461 0.0465 20.5823 "" "" 5333557428340593152 2364.53467 0.4064 0.0558 -5.683 0.643 0.058 0.054 1.083 5158.6 4.6022 16.908943 1.312939 17.494898 16.18196 "" "" 2108.48657 2751.29028 3246.15635 2.1785 1372.3 7.5973 2669.2 9.1459 "" "" 0.0028500358223298803 0.006626849 0.0053031906 0.011930039 174.26978726988 -63.67201798274 2364.53467 -5.682999999999999 0.6429999999999995 0.30707987976074236 -0.03503001403808592 0.16431263 0.16031262 "" "" 3.4640400311031403 "" 0.569009675871724 ""
174.21481704473 -63.39458318063 0.0431 0.0454 12.0873 "" "" 5333591272683770752 2034.8186 0.488 0.0515 -2.555 -1.867 0.055 0.052 0.932 5308.8 4.6187 16.909664 1.081943 17.36549 16.283546 "" "" 1806.09399 2272.13916 3244.00048 1.8364 1546.0 12.74 2430.7 12.788 "" "" 0.0028230398700361103 0.009372105 0.0068492177 0.016221322 174.21481704473 -63.39458318063 2034.8186 -2.5549999999999984 -1.8670000000000002 3.435079879760742 -2.545030014038086 0.16131262 0.15831262 "" "" 41.234043124704954 "" 6.607997702598989 ""
174.91568158489 -63.09888602746 0.0531 0.0445 18.0368 "" "" 5333962186056394624 2055.80957 0.4741 0.0544 -8.519 1.75 0.062 0.056 1.088 4904.1 4.395 16.90994 1.147314 17.415415 16.2681 "" "" 1862.61401 2441.79297 3243.17558 1.9824 1476.6 7.5372 2465.6 8.6341 "" "" 0.002834119428314783 0.006204798 0.005360911 0.0115657095 174.91568158489 -63.09888602746 2055.80957 -8.519 1.75 -2.528920120239258 1.071969985961914 0.16831262 0.16231263 "" "" 26.765667977048007 "" 4.480911151835031 ""
174.57765709811 -63.73651744432 0.0429 0.0421 21.6846 "" "" 5333544749597451264 1846.38403 0.519 0.0518 -13.013 2.124 0.057 0.055 1.088 5410.1 4.6418 16.910036 1.463562 17.551416 16.087854 "" "" 1699.22839 2037.177 3242.89059 1.8029 1302.7 6.8537 2910.8 10.045 "" "" 0.0028206641975838443 0.0063572414 0.005321872 0.011679113 174.57765709811 -63.73651744432 1846.38403 -13.012999999999987 2.1239999999999983 -7.022920120239258 1.4459699859619142 0.16331263 0.16131262 "" "" 62.752874462929014 "" 10.243262825405257 ""
174.44200053396 -63.03571035305 0.0488 0.042 21.3364 "" "" 5333977334385724672 1965.75293 0.5052 0.0539 -4.279 0.729 0.059 0.053 1.051 5161.0 4.6777 16.910892 1.132042 17.402231 16.27019 "" "" 1757.19641 2217.52441 3240.33538 1.9729 1494.6 10.356 2460.8 11.169 "" "" 0.0028335113837088424 0.008023756 0.0062103113 0.014234067 174.44200053396 -63.03571035305 1965.75293 -4.279 0.729 1.7110798797607423 0.050969985961914044 0.16531262 0.15931262 "" "" 15.950347719506796 "" 2.6367104335406717 ""
174.67721230391 -63.51687659368 0.0437 0.0416 8.3953 "" "" 5333574161534748800 1931.13196 0.5051 0.0517 -5.982 0.72 0.057 0.053 1.02 5418.6 4.6881 16.911118 1.253687 17.432903 16.179216 "" "" 1760.5968 2114.90918 3239.66015 2.0907 1453.0 9.3751 2675.9 14.312 "" "" 0.0028430150703291513 0.007540627 0.0069285952 0.014469222 174.67721230391 -63.51687659368 1931.13196 -5.981999999999996 0.72 0.008079879760741981 0.041969985961914036 0.16331263 0.15931262 "" "" 0.39122944769131474 "" 0.06238439179728919 ""
