Clusters/BH_121/BH_121_members.tsv
# %ECSV 1.0
# ---
# datatype:
# - name: RA_ICRS_1
#   unit: deg
#   datatype: float64
#   format: '{:15.11f}'
#   description: Right ascension (ICRS) at Ep=2016.0 (ra)
#   meta: !!omap
#   - {ucd: POS_EQ_RA_MAIN}
#   - {width: 15}
#   - {precision: '11'}
# - name: DE_ICRS_1
#   unit: deg
#   datatype: float64
#   format: '{:15.11f}'
#   description: Declination (ICRS) at Ep=2016.0 (dec)
#   meta: !!omap
#   - {ucd: POS_EQ_DEC_MAIN}
#   - {width: 15}
#   - {precision: '11'}
# - name: e_RA_ICRS
#   unit: mas
#   datatype: float64
#   format: '{:7.4f}'
#   description: Standard error of right ascension (ra_error)
#   meta: !!omap
#   - {ucd: ERROR}
#   - {width: 7}
#   - {precision: '4'}
# - name: e_DE_ICRS
#   unit: mas
#   datatype: float64
#   format: '{:7.4f}'
#   description: Standard error of declination (dec_error)
#   meta: !!omap
#   - {ucd: ERROR}
#   - {width: 7}
#   - {precision: '4'}
# - name: _r_1
#   unit: ''
#   datatype: float64
#   format: '{:7.4f}'
#   description: Distance from center (174.66281687000-63.37710303000)[ICRS], at Epoch=J2016.0
#   meta: !!omap
#   - {ucd: POS_ANG_DIST_GENERAL}
#   - {width: 7}
#   - {precision: '4'}
# - name: HIP
#   datatype: int32
#   description: '? HIP cross-id number, van Leeuwen, Cat. I/311 (hip_original_ext_source_id)'
#   meta: !!omap
#   - {ucd: ID_NUMBER}
#   - {width: 6}
#   - values: {'null': -2147483648}
# - name: TYC2
#   datatype: string
#   description: Tycho-2 cross-id name, Hog et al., Cat. I/259 (tyc2_original_ext_source_id)
#   meta: !!omap
#   - {ucd: ID_CROSSID}
#   - {_votable_string_dtype: char}
# - name: Source
#   datatype: int64
#   description: Source identifier, identical to the Gaia-EDR3 source_id (id)
#   meta: !!omap
#   - {ucd: ID_MAIN}
#   - {width: 19}
# - name: rgeo
#   unit: pc
#   datatype: float64
#   format: '{:15.8f}'
#   description: '? Median of the geometric distance posterior (r_med_geo)'
#   meta: !!omap
#   - {ucd: PHYS_DISTANCE_TRUE}
#   - {width: 15}
#   - {precision: '8'}
#   - values: {'null': .nan}
# - name: Plx
#   unit: mas
#   datatype: float64
#   format: '{:9.4f}'
#   description: '? Parallax (parallax)'
#   meta: !!omap
#   - {ucd: POS_PARLX_TRIG}
#   - {width: 9}
#   - {precision: '4'}
#   - values: {'null': .nan}
# - name: e_Plx
#   unit: mas
#   datatype: float32
#   format: '{:7.4f}'
#   description: '? Standard error of parallax (parallax_error)'
#   meta: !!omap
#   - {ucd: ERROR}
#   - {width: 7}
#   - {precision: '4'}
#   - values: {'null': .nan}
# - name: pmRA
#   unit: mas / yr
#   datatype: float64
#   format: '{:9.3f}'
#   description: '? Proper motion in right ascension direction, pmRA*cosDE (pmra)'
#   meta: !!omap
#   - {ucd: POS_EQ_PMRA}
#   - {width: 9}
#   - {precision: '3'}
#   - values: {'null': .nan}
# - name: pmDE
#   unit: mas / yr
#   datatype: float64
#   format: '{:9.3f}'
#   description: '? Proper motion in declination direction (pmdec)'
#   meta: !!omap
#   - {ucd: POS_EQ_PMDEC}
#   - {width: 9}
#   - {precision: '3'}
#   - values: {'null': .nan}
# - name: e_pmRA
#   unit: mas / yr
#   datatype: float32
#   format: '{:6.3f}'
#   description: '? Standard error of proper motion in right ascension direction (pmra_error)'
#   meta: !!omap
#   - {ucd: ERROR}
#   - {width: 6}
#   - {precision: '3'}
#   - values: {'null': .nan}
# - name: e_pmDE
[...]
#       distance: !astropy.table.SerializedColumn
#         __class__: astropy.coordinates.distances.Distance
#         unit: !astropy.units.Unit {unit: pc}
#         value: !astropy.table.SerializedColumn {name: SkyCoord.distance}
#       frame: icrs
#       obstime: !astropy.time.Time {format: jyear_str, in_subfmt: '*', jd1: 367701545.0, jd2: 0.0, out_subfmt: '*', precision: 3, scale: tt}
#       pm_dec: !astropy.table.SerializedColumn
#         __class__: astropy.units.quantity.Quantity
#         unit: !astropy.units.Unit {unit: mas / yr}
#         value: !astropy.table.SerializedColumn {name: SkyCoord.pm_dec}
#       pm_ra_cosdec: !astropy.table.SerializedColumn
#         __class__: astropy.units.quantity.Quantity
#         unit: !astropy.units.Unit {unit: mas / yr}
#         value: !astropy.table.SerializedColumn {name: SkyCoord.pm_ra_cosdec}
#       ra: !astropy.table.SerializedColumn
#         __class__: astropy.coordinates.angles.Longitude
#         unit: *id001
#         value: !astropy.table.SerializedColumn {name: SkyCoord.ra}
#         wrap_angle: !astropy.coordinates.Angle
#           unit: *id001
#           value: 360.0
#       representation_type: spherical
# schema: astropy-2.0
RA_ICRS_1 DE_ICRS_1 e_RA_ICRS e_DE_ICRS _r_1 HIP TYC2 Source rgeo Plx e_Plx pmRA pmDE e_pmRA e_pmDE RUWE Teff logg Gmag BP-RP BPmag RPmag RV e_RV b_rgeo B_rgeo FG e_FG FBP e_FBP FRP e_FRP RAVE5 RAVE6 e_Gmag e_BPmag e_RPmag e_BP-RP SkyCoord.ra SkyCoord.dec SkyCoord.distance SkyCoord.pm_ra_cosdec SkyCoord.pm_dec rmRA rmDE e_rmRA e_rmDE rRV e_rRV v_pec v_pec3d e_vpec e_vpec3d Pmemb
174.76359057717 -63.42973342374 0.0164 0.0178 4.1593 56833 8976-5335-1 5333576326198296064 2290.95093 0.4274 0.021 -6.036 0.776 0.022 0.023 0.829 "" "" 8.006602 0.183434 8.044785 7.861351 "" "" 2180.48584 2402.23193 11811516.95349 4204.1 8270000.0 5434.6 5683500.0 3723.6 "" "" 0.0027822889636001835 0.00287995 0.0038457403 0.0067256903 174.76359057717 -63.42973342374 2290.95093 -6.036 0.776 -0.0459201202392574 0.09796998596191409 0.12831262 0.12931262 "" "" 1.1749321170174731 "" 0.15172258918827228 "" 1.0
174.7923806462 -63.42085538671 0.0104 0.0117 4.3598 "" "" 5333576497997161728 2319.25098 0.4196 0.0133 -5.995 0.684 0.014 0.015 0.875 19317.3 3.9825 10.634773 0.28316 10.721422 10.438262 "" "" 2250.7854 2397.8291 1049633.02564 13521.0 702830.0 28027.0 529480.0 20425.0 "" "" 0.014254889398778465 0.043386094 0.04205308 0.085439175 174.7923806462 -63.42085538671 2319.25098 -5.995 0.6840000000000002 -0.004920120239257919 0.005969985961914115 0.12031262 0.121312626 "" "" 0.08504564049481185 "" 0.010282795144020675 "" 0.9
174.30358055116 -63.32727723127 0.0124 0.0123 10.1188 "" "" 5333591169604688256 2307.28662 0.408 0.0154 -6.132 0.648 0.016 0.015 0.795 15681.0 3.6202 11.020947 0.13836 11.054971 10.916611 "" "" 2244.41357 2372.24414 735474.61924 244.81 516930.0 327.46 340810.0 158.15 "" "" 0.0027789202821385185 0.0028736896 0.0038128162 0.006686506 174.30358055116 -63.32727723127 2307.28662 -6.131999999999999 0.6479999999999999 -0.14192012023925749 -0.030030014038085917 0.12231263 0.121312626 "" "" 1.5864813774972306 "" 0.19397898354162255 "" 0.9
175.00804295201 -63.40403238838 0.0128 0.0125 9.4174 "" 8976-5139-1 5333950984781935104 2336.54053 0.3887 0.0152 -5.882 0.935 0.017 0.016 0.867 16680.5 3.568 11.192706 0.279686 11.27917 10.999484 "" "" 2274.38306 2407.71191 627862.39071 202.93 420480.0 192.63 315770.0 120.12 "" "" 0.002777576837537415 0.002834158 0.0038018825 0.0066360403 175.00804295201 -63.40403238838 2336.54053 -5.882000000000001 0.935 0.10807987976074251 0.2569699859619141 0.12331262 0.12231263 "" "" 3.0874762288010285 "" 0.3781030143460905 "" 0.8
174.59095107122 -63.39311525837 0.0137 0.0148 2.1574 "" "" 5333579487293992576 2198.45044 0.4121 0.0171 -6.108 0.63 0.018 0.018 0.896 13683.6 3.6585 11.481861 0.262662 11.564138 11.301476 "" "" 2131.18628 2289.53809 481063.254 365.19 323420.0 612.58 239090.0 504.19 "" "" 0.0028759557216861097 0.0034661328 0.004418816 0.0078849485 174.59095107122 -63.39311525837 2198.45044 -6.107999999999997 0.6299999999999999 -0.11792012023925746 -0.04803001403808593 0.124312624 0.124312624 "" "" 1.3268255153468498 "" 0.16494116184778917 "" 0.9
174.92375591077 -63.45760725039 0.012 0.0114 8.5097 "" "" 5333575432845123072 2259.36011 0.4026 0.0141 -6.004 0.816 0.016 0.015 0.789 "" "" 11.517975 0.287502 11.607304 11.319801 "" "" 2177.67603 2346.02026 465325.62624 118.11 310810.0 187.43 235090.0 92.829 "" "" 0.0027690677033708247 0.002865961 0.0038036203 0.0066695814 174.92375591077 -63.45760725039 2259.36011 -6.004000000000002 0.8160000000000004 -0.013920120239257372 0.137969985961914 0.12231263 0.121312626 "" "" 1.485072462630784 "" 0.18017306551563173 "" 0.8
174.58140418374 -63.3706273762 0.0107 0.0118 2.2234 "" "" 5333579689139606528 2218.91138 0.4067 0.0137 -6.027 0.702 0.015 0.014 0.958 "" "" 11.880639 0.463765 12.02757 11.563805 "" "" 2172.5874 2287.51953 333189.28931 84.875 211050.0 757.96 187770.0 349.85 "" "" 0.0027691665138212447 0.0047947355 0.0042867186 0.009081454 174.58140418374 -63.3706273762 2218.91138 -6.026999999999999 0.7020000000000004 -0.03692012023925795 0.02396998596191402 0.121312626 0.12031262 "" "" 0.4629739788899586 "" 0.056027705127244476 "" 1.0
174.62612421268 -63.47055874208 0.0112 0.0121 5.6932 "" "" 5333577597508338048 2514.57104 0.3554 0.0145 -6.245 0.632 0.016 0.016 0.918 13511.7 3.7128 12.044255 0.26571 12.129284 11.863574 "" "" 2425.34912 2602.86816 286579.25144 51.29 192180.0 105.78 142470.0 49.922 "" "" 0.0027621637815357925 0.002853452 0.003798482 0.0066519342 174.62612421268 -63.47055874208 2514.57104 -6.245000000000004 0.6320000000000002 -0.2549201202392579 -0.04603001403808593 0.12231263 0.12231263 "" "" 3.087545144425572 "" 0.37764575985819643 "" 0.8
174.78369159362 -63.49127389803 0.0107 0.0106 7.5793 "" "" 5333574466453298688 2458.11938 0.3701 0.0135 -6.155 0.811 0.013 0.013 0.865 "" "" 12.103081 0.372505 12.228457 11.855952 "" "" 2380.01392 2536.3772 271465.46866 50.419 175400.0 80.905 143480.0 112.68 "" "" 0.0027626894855731607 0.0028347585 0.0038743734 0.006709132 174.78369159362 -63.49127389803 2458.11938 -6.155000000000003 0.8110000000000002 -0.16492012023925806 0.13296998596191412 0.11931263 0.11931263 "" "" 2.4683464000574316 "" 0.2945048985294081 "" 0.8
173.94564890845 -63.22227660474 0.0126 0.0117 21.4502 "" "" 5333596353606619136 2389.78125 0.373 0.0143 -5.905 0.891 0.016 0.015 0.945 14480.4 3.9203 12.150075 0.220475 12.217618 11.997143 "" "" 2308.20728 2471.88086 259966.1519 57.992 177160.0 120.97 125980.0 44.769 "" "" 0.002765944799904026 0.0028869847 0.0037990254 0.0066860104 173.94564890845 -63.22227660474 2389.78125 -5.905 0.891 0.08507987976074194 0.21296998596191408 0.12231263 0.121312626 "" "" 2.597813076672065 "" 0.31550633072166656 "" 0.9
175.10698953453 -63.46398586658 0.011 0.0102 13.014 "" "" 5333199949636701952 2297.0498 0.395 0.0126 -6.031 0.494 0.015 0.013 0.93 "" "" 12.170143 0.348276 12.280539 11.932262 "" "" 2235.78247 2353.98657 255205.25364 38.924 167190.0 96.529 133740.0 42.653 "" "" 0.002760291964507416 0.002859721 0.0037952112 0.006654932 175.10698953453 -63.46398586658 2297.0498 -6.031000000000002 0.4939999999999999 -0.04092012023925751 -0.18403001403808594 0.121312626 0.11931263 "" "" 2.052658221326738 "" 0.2451030047186797 "" 0.9
174.61320910498 -63.37744672903 0.0104 0.012 1.334 "" "" 5333579624732964992 2419.91748 0.3707 0.0135 -6.071 0.782 0.014 0.014 0.902 "" "" 12.17807 0.296536 12.276015 11.97948 "" "" 2334.05469 2497.34204 253348.82176 45.37 167880.0 137.65 128050.0 59.637 "" "" 0.0027621720311809222 0.0029287464 0.0038130593 0.006741806 174.61320910498 -63.37744672903 2419.91748 -6.070999999999995 0.7819999999999997 -0.08092012023925754 0.10396998596191409 0.12031262 0.12031262 "" "" 1.5112159775570373 "" 0.18181835920647596 "" 0.9
174.94888845631 -63.40738744039 0.0088 0.0092 7.8994 "" "" 5333950911746527872 2344.64648 0.3919 0.0107 -5.844 0.748 0.012 0.012 0.897 "" "" 12.284561 0.465402 12.447354 11.981953 "" "" 2297.24683 2411.0835 229679.49097 35.097 143380.0 66.024 127750.0 39.757 "" "" 0.0027603107565585716 0.0028346095 0.0037944561 0.0066290656 174.94888845631 -63.40738744039 2344.64648 -5.844000000000001 0.748 0.14607987976074188 0.06996998596191406 0.11831263 0.11831263 "" "" 1.8001028678155782 "" 0.2129748993002875 "" 1.0
174.65435871331 -63.44237479753 0.0098 0.0112 3.9229 "" "" 5333577700587572864 2577.94604 0.3486 0.0129 -6.149 0.842 0.013 0.014 0.864 "" "" 12.384825 0.237429 12.459999 12.22257 "" "" 2495.92212 2685.56128 209419.31376 44.375 141720.0 84.93 102360.0 42.803 "" "" 0.002764908350031535 0.0028650318 0.0038065542 0.006671586 174.65435871331 -63.44237479753 2577.94604 -6.149 0.8420000000000002 -0.15892012023925783 0.16396998596191403 0.11931263 0.12031262 "" "" 2.7902621721235787 "" 0.33435517458280384 "" 0.9
174.54344397291 -63.20187365481 0.0115 0.0112 10.9956 "" "" 5333958505248845312 2332.48975 0.3888 0.0132 -6.04 0.879 0.015 0.015 0.909 13456.5 3.812 12.390348 0.275814 12.480514 12.2047 "" "" 2284.65649 2394.58228 208356.84297 41.322 139060.0 82.113 104060.0 47.815 "" "" 0.002763721220620566 0.0028628786 0.003812167 0.006675046 174.54344397291 -63.20187365481 2332.48975 -6.04 0.8790000000000003 -0.04992012023925785 0.20096998596191407 0.121312626 0.121312626 "" "" 2.289445466568882 "" 0.2777386409606177 "" 1.0
174.37334944436 -63.19943182719 0.0134 0.0122 13.2132 "" "" 5333968645686296832 2355.03857 0.3894 0.0154 -6.193 0.949 0.018 0.016 1.069 7616.9 3.3056 12.413671 0.276023 12.502833 12.22681 "" "" 2276.51685 2473.9751 203928.61006 39.742 136230.0 88.407 101960.0 36.453 "" "" 0.0027634326265463635 0.0028777595 0.0037992639 0.006677023 174.37334944436 -63.19943182719 2355.03857 -6.1930000000000005 0.9490000000000004 -0.20292012023925743 0.270969985961914 0.124312624 0.12231263 "" "" 3.7789500727657894 "" 0.46494302517634223 "" 0.8
174.62665988443 -63.38220662397 0.0102 0.011 1.0192 "" "" 5333579414261709056 2482.53613 0.3654 0.0135 -6.089 0.757 0.015 0.013 0.888 13309.6 3.842 12.424412 0.312779 12.519798 12.207019 "" "" 2408.48999 2565.13696 201921.2739 39.843 134120.0 100.51 103840.0 113.84 "" "" 0.0027636365254929017 0.0029063865 0.003962389 0.006868776 174.62665988443 -63.38220662397 2482.53613 -6.089000000000003 0.7570000000000005 -0.09892012023925822 0.07896998596191407 0.121312626 0.11931263 "" "" 1.4894461752395247 "" 0.17953498652136773 "" 0.9
174.50350178351 -63.36407713882 0.0095 0.0104 4.3552 "" "" 5333580479407558400 2522.87036 0.3736 0.0124 -6.048 0.788 0.013 0.012 0.989 "" "" 12.558395 0.664516 12.806291 12.141774 2.91 24.13 2444.73999 2611.65137 178479.57174 27.802 103020.0 56.884 110270.0 46.625 "" "" 0.0027605059679004945 0.002853849 0.0038071615 0.0066610104 174.50350178351 -63.36407713882 2522.87036 -6.047999999999999 0.7879999999999996 -0.057920120239257855 0.1099699859619141 0.11931263 0.11831263 6.0675 24.817207 1.486316668668997 6.246894707737861 0.1761738669821078 24.10455758135866 0.8
174.83599499655 -63.43018986365 0.0099 0.0105 5.6379 "" "" 5333576463637263872 2490.74707 0.3699 0.0122 -6.018 0.733 0.013 0.013 0.857 "" "" 12.561254 0.323461 12.667927 12.344466 "" "" 2406.83521 2586.31909 178010.40661 85.622 117020.0 200.03 91490.0 129.85 "" "" 0.0028043745638624716 0.003351043 0.004081458 0.007432501 174.83599499655 -63.43018986365 2490.74707 -6.017999999999999 0.733 -0.027920120239257606 0.05496998596191405 0.11931263 0.11931263 "" "" 0.7278974282983834 "" 0.0868473558880734 "" 0.8
174.78886153866 -63.58380614956 0.009 0.0092 12.8537 "" "" 5333567804983380096 2494.62231 0.3715 0.0111 -6.0 0.768 0.012 0.012 0.899 6953.5 3.2958 12.661125 0.448043 12.816417 12.368374 "" "" 2432.80957 2559.19507 162366.63381 28.11 102060.0 58.197 89497.0 29.26 "" "" 0.002761724479023209 0.0028580322 0.0037960152 0.0066540474 174.78886153866 -63.58380614956 2494.62231 -6.0 0.7679999999999999 -0.009920120239257812 0.08996998596191408 0.11831263 0.11831263 "" "" 1.0702982390424607 "" 0.12662979641711034 "" 1.0
174.95025738347 -63.39645665554 0.0099 0.0107 7.8126 "" "" 5333951019141657088 2295.87524 0.4096 0.0124 -5.693 0.777 0.014 0.014 1.037 6805.1 3.4728 12.761714 0.540257 12.954864 12.414607 "" "" 2231.6355 2360.44458 147999.86 26.185 89840.0 58.043 85766.0 27.367 "" "" 0.0027620082926023666 0.0028769944 0.0037952275 0.006672222 174.95025738347 -63.39645665554 2295.87524 -5.693 0.7770000000000002 0.29707987976074257 0.09896998596191409 0.12031262 0.12031262 "" "" 3.407640537568408 "" 0.40998217363194683 "" 0.9
174.56128080077 -63.42991657086 0.0122 0.0132 4.181 "" "" 5333578009825213056 2439.88574 0.381 0.0156 -6.123 0.779 0.016 0.016 0.993 "" "" 12.938229 0.30009 13.039932 12.739842 "" "" 2340.71533 2542.5752 125792.69566 51.944 83070.0 70.23 63565.0 61.594 "" "" 0.0027915578422299434 0.0029372806 0.0039230827 0.0068603633 174.56128080077 -63.42991657086 2439.88574 -6.123 0.7789999999999997 -0.13292012023925803 0.10096998596191409 0.12231263 0.12231263 "" "" 1.9304537538012654 "" 0.2361188713439912 "" 0.8
174.06821597648 -63.33672071396 0.0087 0.0089 16.1806 "" "" 5333594605578429824 2370.96558 0.3862 0.0107 -5.93 0.654 0.012 0.011 0.911 "" "" 13.064351 0.361468 13.191198 12.82973 "" "" 2316.29858 2425.50635 111996.9478 35.182 72267.0 46.559 58515.0 28.417 "" "" 0.002776349316076136 0.002876517 0.0038159853 0.006692502 174.06821597648 -63.33672071396 2370.96558 -5.930000000000002 0.6540000000000001 0.06007987976074247 -0.024030014038085912 0.11831263 0.117312625 "" "" 0.7272049227273574 "" 0.08593760025640233 "" 0.9
174.46169702143 -63.32863246074 0.0091 0.0096 6.144 "" "" 5333580719925839104 2314.40576 0.3942 0.0114 -5.954 0.695 0.012 0.011 0.916 9138.1 3.6197 13.125917 0.354482 13.249064 12.894583 "" "" 2267.02783 2380.15625 105822.98698 39.125 68516.0 44.719 55122.0 33.576 "" "" 0.002784407862918457 0.0028787525 0.0038368092 0.0067155617 174.46169702143 -63.32863246074 2314.40576 -5.953999999999997 0.6949999999999996 0.03607987976074245 0.016969985961914014 0.11831263 0.117312625 "" "" 0.4374018755983072 "" 0.05167120427381997 "" 1.0
175.11474019338 -63.22824704206 0.0097 0.0099 15.1055 "" "" 5333209467285088512 2327.70874 0.3926 0.0119 -5.777 0.61 0.014 0.013 0.919 7424.7 3.7615 13.174303 0.331243 13.286815 12.955572 "" "" 2269.28906 2396.56812 101210.47369 29.796 66175.0 47.433 52111.0 30.714 "" "" 0.0027737983161611967 0.0028966703 0.0038331756 0.006729846 175.11474019338 -63.22824704206 2327.70874 -5.777 0.61 0.21307987976074205 -0.06803001403808595 0.12031262 0.11931263 "" "" 2.4678972991333246 "" 0.2966917713150667 "" 0.8
174.54539546203 -63.19587594186 0.0122 0.0123 11.3255 "" "" 5333958505253170560 2255.73779 0.4077 0.0149 -6.084 0.858 0.016 0.016 1.188 "" "" 13.393929 0.39929 13.507551 13.108261 "" "" 2179.69165 2337.05884 82675.22423 34.649 54000.0 109.51 45274.0 195.27 "" "" 0.00279264056129707 0.0035543095 0.0060177143 0.0095720235 174.54539546203 -63.19587594186 2255.73779 -6.084000000000002 0.8580000000000003 -0.09392012023925744 0.17996998596191405 0.12231263 0.12231263 "" "" 2.170547219189713 "" 0.26548533399711516 "" 0.8
174.47844191562 -63.33051614319 0.0107 0.0111 5.6945 "" "" 5333580896043303808 2362.36499 0.3876 0.0126 -6.037 0.72 0.014 0.014 0.909 9083.5 3.6575 13.409186 0.854355 13.743437 12.889082 7.22 10.44 2305.42676 2423.12598 81521.53914 56.773 43455.0 99.568 55402.0 97.635 "" "" 0.002857186534002234 0.0037381654 0.0042361305 0.007974296 174.47844191562 -63.33051614319 2362.36499 -6.036999999999996 0.72 -0.046920120239257734 0.041969985961914036 0.12031262 0.12031262 10.3775 11.127207 0.7049140025696642 10.401413846252767 0.08481005311767133 11.101625776494892 1.0
174.45553441654 -63.32505250221 0.0099 0.0103 6.393 "" "" 5333580719931733888 2271.2854 0.4017 0.0125 -6.03 0.645 0.013 0.012 0.978 9896.9 4.0496 13.42732 0.387645 13.549524 13.16188 "" "" 2202.5293 2349.8689 80171.31103 31.014 51953.0 88.642 43093.0 78.648 "" "" 0.0027871491892039455 0.003349138 0.0042673494 0.0076164873 174.45553441654 -63.32505250221 2271.2854 -6.03 0.645 -0.03992012023925806 -0.03303001403808592 0.11931263 0.11831263 "" "" 0.5578143315236499 "" 0.06632817213465307 "" 0.8
174.865947306 -63.4929653358 0.0096 0.0099 8.8337 "" "" 5333575119290099200 2234.09937 0.41 0.012 -5.909 0.48 0.013 0.013 0.996 "" "" 13.479081 1.055874 13.890621 12.834747 "" "" 2178.71118 2290.0498 76438.9067 128.82 37946.0 171.31 58245.0 355.93 "" "" 0.0033075361936897034 0.005640131 0.0076357573 0.013275888 174.865947306 -63.4929653358 2234.09937 -5.909 0.47999999999999954 0.08107987976074238 -0.19803001403808596 0.11931263 0.11931263 "" "" 2.266028456065104 "" 0.2703658127168363 "" 1.0
174.78793799418 -63.25135731747 0.01 0.0101 8.2638 "" "" 5333954523834547968 2312.85132 0.3945 0.0117 -5.975 0.772 0.014 0.013 0.905 7682.6 3.6708 13.490952 0.419397 13.639053 13.219656 "" "" 2263.73462 2378.50488 75607.73656 19.739 47840.0 30.814 40860.0 18.07 "" "" 0.0027698620563287773 0.002876475 0.003809761 0.006686236 174.78793799418 -63.25135731747 2312.85132 -5.975000000000002 0.7720000000000004 0.015079879760742543 0.09396998596191408 0.12031262 0.11931263 "" "" 1.0433655341666899 "" 0.12451298642541007 "" 1.0
