Clusters/BH_121/BH_121_members.tsv
# %ECSV 1.0
# ---
# datatype:
# - name: RA_ICRS_1
#   unit: deg
#   datatype: float64
#   format: '{:15.11f}'
#   description: Right ascension (ICRS) at Ep=2016.0 (ra)
#   meta: !!omap
#   - {ucd: POS_EQ_RA_MAIN}
#   - {width: 15}
#   - {precision: '11'}
# - name: DE_ICRS_1
#   unit: deg
#   datatype: float64
#   format: '{:15.11f}'
#   description: Declination (ICRS) at Ep=2016.0 (dec)
#   meta: !!omap
#   - {ucd: POS_EQ_DEC_MAIN}
#   - {width: 15}
#   - {precision: '11'}
# - name: e_RA_ICRS
#   unit: mas
#   datatype: float64
#   format: '{:7.4f}'
#   description: Standard error of right ascension (ra_error)
#   meta: !!omap
#   - {ucd: ERROR}
#   - {width: 7}
#   - {precision: '4'}
# - name: e_DE_ICRS
#   unit: mas
#   datatype: float64
#   format: '{:7.4f}'
#   description: Standard error of declination (dec_error)
#   meta: !!omap
#   - {ucd: ERROR}
#   - {width: 7}
#   - {precision: '4'}
# - name: _r_1
#   unit: ''
#   datatype: float64
#   format: '{:7.4f}'
#   description: Distance from center (174.66281687000-63.37710303000)[ICRS], at Epoch=J2016.0
#   meta: !!omap
#   - {ucd: POS_ANG_DIST_GENERAL}
#   - {width: 7}
#   - {precision: '4'}
# - name: HIP
#   datatype: int32
#   description: '? HIP cross-id number, van Leeuwen, Cat. I/311 (hip_original_ext_source_id)'
#   meta: !!omap
#   - {ucd: ID_NUMBER}
#   - {width: 6}
#   - values: {'null': -2147483648}
# - name: TYC2
#   datatype: string
#   description: Tycho-2 cross-id name, Hog et al., Cat. I/259 (tyc2_original_ext_source_id)
#   meta: !!omap
#   - {ucd: ID_CROSSID}
#   - {_votable_string_dtype: char}
# - name: Source
#   datatype: int64
#   description: Source identifier, identical to the Gaia-EDR3 source_id (id)
#   meta: !!omap
#   - {ucd: ID_MAIN}
#   - {width: 19}
# - name: rgeo
#   unit: pc
#   datatype: float64
#   format: '{:15.8f}'
#   description: '? Median of the geometric distance posterior (r_med_geo)'
#   meta: !!omap
#   - {ucd: PHYS_DISTANCE_TRUE}
#   - {width: 15}
#   - {precision: '8'}
#   - values: {'null': .nan}
# - name: Plx
#   unit: mas
#   datatype: float64
#   format: '{:9.4f}'
#   description: '? Parallax (parallax)'
#   meta: !!omap
#   - {ucd: POS_PARLX_TRIG}
#   - {width: 9}
#   - {precision: '4'}
#   - values: {'null': .nan}
# - name: e_Plx
#   unit: mas
#   datatype: float32
#   format: '{:7.4f}'
#   description: '? Standard error of parallax (parallax_error)'
#   meta: !!omap
#   - {ucd: ERROR}
#   - {width: 7}
#   - {precision: '4'}
#   - values: {'null': .nan}
# - name: pmRA
#   unit: mas / yr
#   datatype: float64
#   format: '{:9.3f}'
#   description: '? Proper motion in right ascension direction, pmRA*cosDE (pmra)'
#   meta: !!omap
#   - {ucd: POS_EQ_PMRA}
#   - {width: 9}
#   - {precision: '3'}
#   - values: {'null': .nan}
# - name: pmDE
#   unit: mas / yr
#   datatype: float64
#   format: '{:9.3f}'
#   description: '? Proper motion in declination direction (pmdec)'
#   meta: !!omap
#   - {ucd: POS_EQ_PMDEC}
#   - {width: 9}
#   - {precision: '3'}
#   - values: {'null': .nan}
# - name: e_pmRA
#   unit: mas / yr
#   datatype: float32
#   format: '{:6.3f}'
#   description: '? Standard error of proper motion in right ascension direction (pmra_error)'
#   meta: !!omap
#   - {ucd: ERROR}
#   - {width: 6}
#   - {precision: '3'}
#   - values: {'null': .nan}
# - name: e_pmDE
[...]
#       distance: !astropy.table.SerializedColumn
#         __class__: astropy.coordinates.distances.Distance
#         unit: !astropy.units.Unit {unit: pc}
#         value: !astropy.table.SerializedColumn {name: SkyCoord.distance}
#       frame: icrs
#       obstime: !astropy.time.Time {format: jyear_str, in_subfmt: '*', jd1: 367701545.0, jd2: 0.0, out_subfmt: '*', precision: 3, scale: tt}
#       pm_dec: !astropy.table.SerializedColumn
#         __class__: astropy.units.quantity.Quantity
#         unit: !astropy.units.Unit {unit: mas / yr}
#         value: !astropy.table.SerializedColumn {name: SkyCoord.pm_dec}
#       pm_ra_cosdec: !astropy.table.SerializedColumn
#         __class__: astropy.units.quantity.Quantity
#         unit: !astropy.units.Unit {unit: mas / yr}
#         value: !astropy.table.SerializedColumn {name: SkyCoord.pm_ra_cosdec}
#       ra: !astropy.table.SerializedColumn
#         __class__: astropy.coordinates.angles.Longitude
#         unit: *id001
#         value: !astropy.table.SerializedColumn {name: SkyCoord.ra}
#         wrap_angle: !astropy.coordinates.Angle
#           unit: *id001
#           value: 360.0
#       representation_type: spherical
# schema: astropy-2.0
RA_ICRS_1 DE_ICRS_1 e_RA_ICRS e_DE_ICRS _r_1 HIP TYC2 Source rgeo Plx e_Plx pmRA pmDE e_pmRA e_pmDE RUWE Teff logg Gmag BP-RP BPmag RPmag RV e_RV b_rgeo B_rgeo FG e_FG FBP e_FBP FRP e_FRP RAVE5 RAVE6 e_Gmag e_BPmag e_RPmag e_BP-RP SkyCoord.ra SkyCoord.dec SkyCoord.distance SkyCoord.pm_ra_cosdec SkyCoord.pm_dec rmRA rmDE e_rmRA e_rmDE rRV e_rRV v_pec v_pec3d e_vpec e_vpec3d Pmemb
[from data line 93]
175.13857761431 -63.43985189978 0.0277 0.0263 13.3209 "" "" 5333200396313365888 2080.89429 0.4499 0.0327 -6.037 0.755 0.039 0.034 1.052 "" "" 16.068232 1.674763 16.85417 15.179407 "" "" 1960.64197 2225.34229 7041.315 13.725 2476.0 21.803 6720.4 43.413 "" "" 0.0034742815229573264 0.009959524 0.007967191 0.017926715 175.13857761431 -63.43985189978 2080.89429 -6.037 0.7549999999999998 -0.046920120239257734 0.07696998596191407 0.14531262 0.14031263 "" "" 0.8891263207499424 "" 0.12597557360565229 "" 0.8
174.42084160932 -63.31173828719 0.0298 0.0287 7.603 "" "" 5333581170920884864 1987.53467 0.4856 0.0365 -6.026 0.715 0.038 0.034 1.001 5635.1 3.7832 16.140465 1.555087 16.80957 15.254483 "" "" 1841.18481 2145.00757 6588.11153 13.794 2579.8 24.304 6271.4 41.471 "" "" 0.003572059178976027 0.0106023215 0.0081136525 0.018715974 174.42084160932 -63.31173828719 1987.53467 -6.025999999999997 0.7149999999999999 -0.035920120239257614 0.03696998596191403 0.14431262 0.14031263 "" "" 0.48561454285986616 "" 0.06908792882902111 "" 1.0
174.93874368009 -63.48287898039 0.0291 0.0287 9.7527 "" "" 5333575020528260992 2554.33667 0.3709 0.0343 -5.838 0.68 0.04 0.04 1.005 5519.3 3.5796 16.154396 1.558398 16.863117 15.304719 "" "" 2357.07153 2832.94409 6504.11791 6.8371 2455.7 19.844 5987.8 29.957 "" "" 0.0029823486089462976 0.0092065865 0.0066173826 0.01582397 174.93874368009 -63.48287898039 2554.33667 -5.838 0.6799999999999999 0.1520798797607421 0.0019699859619141113 0.14631262 0.14631262 "" "" 1.8414701092872405 "" 0.26943032410528733 "" 0.9
174.96116785483 -63.47233368293 0.0317 0.0281 9.8378 "" "" 5333575364125649920 2415.229 0.3998 0.0363 -5.955 0.628 0.041 0.037 1.015 5165.7 4.1682 16.225868 1.572375 16.942911 15.370536 "" "" 2194.29639 2756.63208 6089.75495 6.4261 2281.7 19.511 5635.7 27.637 "" "" 0.002984028175312128 0.009694418 0.006529358 0.016223777 174.96116785483 -63.47233368293 2415.229 -5.955000000000003 0.6280000000000001 0.035079879760742116 -0.050030014038085935 0.14731263 0.14331263 "" "" 0.6995206925835565 "" 0.10118095062708209 "" 0.9
174.87369100695 -63.50358574078 0.0318 0.0296 9.4656 "" "" 5333575054887984256 2340.71094 0.3923 0.0377 -5.898 0.62 0.04 0.038 0.989 5107.9 4.1846 16.328232 1.619821 17.084677 15.464856 "" "" 2145.09009 2573.57568 5541.83616 10.701 2002.4 23.3 5166.7 25.729 "" "" 0.0034622397323907945 0.012938105 0.0065966933 0.019534798 174.87369100695 -63.50358574078 2340.71094 -5.898 0.6199999999999996 0.0920798797607425 -0.05803001403808594 0.14631262 0.14431262 "" "" 1.2075786182987662 "" 0.17600081672820572 "" 0.9
174.5486998492 -63.37925033932 0.0335 0.0337 3.0709 "" "" 5333579556013473536 1984.87195 0.4981 0.0419 -6.016 0.605 0.043 0.039 0.993 4984.8 4.1754 16.400408 1.679784 17.181198 15.501414 "" "" 1779.28381 2150.62451 5185.41459 15.641 1832.1 38.983 4995.7 53.121 "" "" 0.00427985027772473 0.023269925 0.0121478755 0.035417803 174.5486998492 -63.37925033932 1984.87195 -6.016 0.605 -0.025920120239257827 -0.07303001403808596 0.14931263 0.14531262 "" "" 0.7290811345126573 "" 0.10627494004010365 "" 1.0
174.87628419019 -63.38320760166 0.0385 0.0372 5.7506 "" "" 5333951294002972800 2108.54639 0.4598 0.0452 -5.987 0.586 0.052 0.05 1.0 5160.2 3.7889 16.666296 1.743234 17.495794 15.752561 "" "" 1907.49573 2347.69678 4059.08431 4.7162 1371.2 11.766 3964.0 19.15 "" "" 0.0030303762595582976 0.00972533 0.006464945 0.016190276 174.87628419019 -63.38320760166 2108.54639 -5.986999999999999 0.5859999999999999 0.003079879760742088 -0.09203001403808597 0.15831262 0.15631263 "" "" 0.9203098151125485 "" 0.14385811951879907 "" 0.8
