Clusters/NGC_6664/NGC_6664_members.tsv
# %ECSV 1.0
# ---
# datatype:
# - name: RA_ICRS_1
#   unit: deg
#   datatype: float64
#   format: '{:15.11f}'
#   description: Right ascension (ICRS) at Ep=2016.0 (ra)
#   meta: !!omap
#   - {ucd: POS_EQ_RA_MAIN}
#   - {width: 15}
#   - {precision: '11'}
# - name: DE_ICRS_1
#   unit: deg
#   datatype: float64
#   format: '{:15.11f}'
#   description: Declination (ICRS) at Ep=2016.0 (dec)
#   meta: !!omap
#   - {ucd: POS_EQ_DEC_MAIN}
#   - {width: 15}
#   - {precision: '11'}
# - name: e_RA_ICRS
#   unit: mas
#   datatype: float64
#   format: '{:7.4f}'
#   description: Standard error of right ascension (ra_error)
#   meta: !!omap
#   - {ucd: ERROR}
#   - {width: 7}
#   - {precision: '4'}
# - name: e_DE_ICRS
#   unit: mas
#   datatype: float64
#   format: '{:7.4f}'
#   description: Standard error of declination (dec_error)
#   meta: !!omap
#   - {ucd: ERROR}
#   - {width: 7}
#   - {precision: '4'}
# - name: _r_1
#   unit: ''
#   datatype: float64
#   format: '{:7.4f}'
#   description: Distance from center (279.12460659000-08.18789414000)[ICRS], at Epoch=J2016.0
#   meta: !!omap
#   - {ucd: POS_ANG_DIST_GENERAL}
#   - {width: 7}
#   - {precision: '4'}
# - name: HIP
#   datatype: int32
#   description: '? HIP cross-id number, van Leeuwen, Cat. I/311 (hip_original_ext_source_id)'
#   meta: !!omap
#   - {ucd: ID_NUMBER}
#   - {width: 6}
#   - values: {'null': -2147483648}
# - name: TYC2
#   datatype: string
#   description: Tycho-2 cross-id name, Hog et al., Cat. I/259 (tyc2_original_ext_source_id)
#   meta: !!omap
#   - {ucd: ID_CROSSID}
#   - {_votable_string_dtype: char}
# - name: Source
#   datatype: int64
#   description: Source identifier, identical to the Gaia-EDR3 source_id (id)
#   meta: !!omap
#   - {ucd: ID_MAIN}
#   - {width: 19}
# - name: rgeo
#   unit: pc
#   datatype: float64
#   format: '{:15.8f}'
#   description: '? Median of the geometric distance posterior (r_med_geo)'
#   meta: !!omap
#   - {ucd: PHYS_DISTANCE_TRUE}
#   - {width: 15}
#   - {precision: '8'}
#   - values: {'null': .nan}
# - name: Plx
#   unit: mas
#   datatype: float64
#   format: '{:9.4f}'
#   description: '? Parallax (parallax)'
#   meta: !!omap
#   - {ucd: POS_PARLX_TRIG}
#   - {width: 9}
#   - {precision: '4'}
#   - values: {'null': .nan}
# - name: e_Plx
#   unit: mas
#   datatype: float32
#   format: '{:7.4f}'
#   description: '? Standard error of parallax (parallax_error)'
#   meta: !!omap
#   - {ucd: ERROR}
#   - {width: 7}
#   - {precision: '4'}
#   - values: {'null': .nan}
# - name: pmRA
#   unit: mas / yr
#   datatype: float64
#   format: '{:9.3f}'
#   description: '? Proper motion in right ascension direction, pmRA*cosDE (pmra)'
#   meta: !!omap
#   - {ucd: POS_EQ_PMRA}
#   - {width: 9}
#   - {precision: '3'}
#   - values: {'null': .nan}
# - name: pmDE
#   unit: mas / yr
#   datatype: float64
#   format: '{:9.3f}'
#   description: '? Proper motion in declination direction (pmdec)'
#   meta: !!omap
#   - {ucd: POS_EQ_PMDEC}
#   - {width: 9}
#   - {precision: '3'}
#   - values: {'null': .nan}
# - name: e_pmRA
#   unit: mas / yr
#   datatype: float32
#   format: '{:6.3f}'
#   description: '? Standard error of proper motion in right ascension direction (pmra_error)'
#   meta: !!omap
#   - {ucd: ERROR}
#   - {width: 6}
#   - {precision: '3'}
#   - values: {'null': .nan}
# - name: e_pmDE
[...]
#       distance: !astropy.table.SerializedColumn
#         __class__: astropy.coordinates.distances.Distance
#         unit: !astropy.units.Unit {unit: pc}
#         value: !astropy.table.SerializedColumn {name: SkyCoord.distance}
#       frame: icrs
#       obstime: !astropy.time.Time {format: jyear_str, in_subfmt: '*', jd1: 367701545.0, jd2: 0.0, out_subfmt: '*', precision: 3, scale: tt}
#       pm_dec: !astropy.table.SerializedColumn
#         __class__: astropy.units.quantity.Quantity
#         unit: !astropy.units.Unit {unit: mas / yr}
#         value: !astropy.table.SerializedColumn {name: SkyCoord.pm_dec}
#       pm_ra_cosdec: !astropy.table.SerializedColumn
#         __class__: astropy.units.quantity.Quantity
#         unit: !astropy.units.Unit {unit: mas / yr}
#         value: !astropy.table.SerializedColumn {name: SkyCoord.pm_ra_cosdec}
#       ra: !astropy.table.SerializedColumn
#         __class__: astropy.coordinates.angles.Longitude
#         unit: *id001
#         value: !astropy.table.SerializedColumn {name: SkyCoord.ra}
#         wrap_angle: !astropy.coordinates.Angle
#           unit: *id001
#           value: 360.0
#       representation_type: spherical
# schema: astropy-2.0
RA_ICRS_1 DE_ICRS_1 e_RA_ICRS e_DE_ICRS _r_1 HIP TYC2 Source rgeo Plx e_Plx pmRA pmDE e_pmRA e_pmDE RUWE Teff logg Gmag BP-RP BPmag RPmag RV e_RV b_rgeo B_rgeo FG e_FG FBP e_FBP FRP e_FRP RAVE5 RAVE6 e_Gmag e_BPmag e_RPmag e_BP-RP SkyCoord.ra SkyCoord.dec SkyCoord.distance SkyCoord.pm_ra_cosdec SkyCoord.pm_dec rmRA rmDE e_rmRA e_rmDE rRV e_rRV v_pec v_pec3d e_vpec e_vpec3d Pmemb
278.91176604297 -8.28693499879 0.0168 0.0155 13.966 "" 5691-1098-1 4156487590364967552 1932.38867 0.4831 0.0193 -0.011 -2.681 0.021 0.02 1.264 8128.9 1.8184 9.541973 1.611895 10.283852 8.671957 21.91 0.5 1850.80994 2010.20776 2871822.60008 1663.5 1051700.0 953.17 2693900.0 1199.4 "" "" 0.0028261845298302264 0.0029586041 0.003810171 0.006768775 278.91176604297 -8.28693499879 1932.38867 -0.010999999999999968 -2.6810000000000014 0.04878640913963318 -0.0843591747283936 0.111649185 0.11064918 15.045 0.7704854 0.8925992815389402 15.071455088258858 0.09898984861494266 0.7691553030360155 1.0
279.13957216489 -8.40771640546 0.0158 0.014 13.2192 "" "" 4156435290531048448 1897.82446 0.4802 0.018 -0.002 -2.616 0.019 0.016 0.951 "" "" 10.603788 2.440405 11.930317 9.489912 "" "" 1840.40173 1954.02905 1080018.99289 302.22 230830.0 266.77 1268200.0 577.33 "" "" 0.00277202018359749 0.003059335 0.0038115648 0.0068709 279.13957216489 -8.40771640546 1897.82446 -0.001999999999999995 -2.6160000000000014 0.05778640913963318 -0.019359174728393658 0.10964919 0.10664919 "" "" 0.5482240240486137 "" 0.059948405620128216 "" 0.8
279.13056721134 -8.21458702361 0.0127 0.0119 1.6402 "" "" 4156512466816188544 1865.13538 0.4902 0.0153 -0.127 -2.611 0.016 0.013 0.758 16524.4 3.8084 11.668845 0.881679 12.013097 11.131418 "" "" 1809.40125 1920.30737 404956.622 221.0 213880.0 540.0 279630.0 542.32 "" "" 0.0028183111138919154 0.003911454 0.0043263948 0.008237849 279.13056721134 -8.21458702361 1865.13538 -0.127 -2.611 -0.06721359086036682 -0.014359174728393764 0.10664919 0.103649184 "" "" 0.6076267365485241 "" 0.0647244059995131 "" 0.9
278.89061956243 -8.04188371382 0.0119 0.0115 16.4293 "" "" 4156529646685617280 1906.50879 0.5057 0.0149 -0.048 -2.654 0.013 0.012 0.88 "" "" 12.622622 1.140192 13.09913 11.958938 "" "" 1848.72522 1952.92151 168227.95951 39.748 78662.0 80.432 130490.0 93.784 "" "" 0.002767236533376848 0.0030029183 0.0038590976 0.006862016 278.89061956243 -8.04188371382 1906.50879 -0.048 -2.654 0.011786409139633178 -0.05735917472839347 0.103649184 0.10264919 "" "" 0.5291764876435293 "" 0.054341076233232505 "" 0.8
279.14963278466 -8.05983080759 0.0138 0.0161 7.8263 "" "" 4156532219356112128 1816.50342 0.5269 0.0198 -0.088 -2.641 0.018 0.016 0.824 11402.3 3.6693 12.636482 0.884478 12.983528 12.099051 -8.18 27.36 1750.36548 1877.72021 166094.0262 39.48 87500.0 100.71 114690.0 95.432 "" "" 0.002767380091665493 0.0030572335 0.0038858599 0.0069430936 279.14963278466 -8.05983080759 1816.50342 -0.08799999999999994 -2.6409999999999982 -0.028213590860366816 -0.04435917472839357 0.10864919 0.10664919 -15.045 27.630486 0.4526509086980211 15.051807793256767 0.04853732659537545 27.617988560543655 1.0
279.08330778458 -8.11412973117 0.0164 0.0149 5.0601 "" "" 4156525828444777728 1931.1803 0.4887 0.0166 -0.059 -2.612 0.018 0.017 0.944 11902.7 3.8187 12.648228 0.969277 13.038493 12.069216 "" "" 1853.98511 2014.48987 164306.86278 38.018 83180.0 104.53 117890.0 51.186 "" "" 0.0027667493490804557 0.0031059096 0.0038086683 0.006914578 279.08330778458 -8.11412973117 1931.1803 -0.058999999999999865 -2.612 0.0007864091396331818 -0.015359174728393654 0.10864919 0.10764919 "" "" 0.14077889981853717 "" 0.015155104646071364 "" 0.9
279.20937231524 -8.25654759188 0.0141 0.0132 6.5043 "" "" 4156508378007240064 2005.84265 0.4781 0.0167 -0.125 -2.573 0.018 0.016 1.034 "" "" 12.702254 0.94105 13.0762 12.13515 "" "" 1937.29712 2099.18628 156330.95008 39.643 80341.0 89.546 110940.0 56.675 "" "" 0.002769041952247717 0.0030412944 0.003819866 0.0068611605 279.20937231524 -8.25654759188 2005.84265 -0.12500000000000003 -2.5730000000000004 -0.06521359086036682 0.02364082527160649 0.10864919 0.10664919 "" "" 0.6595147632037768 "" 0.07150378404609856 "" 0.9
279.19100943269 -8.25926130308 0.0142 0.0133 5.8211 "" "" 4156509095249057408 1974.46814 0.4814 0.0164 0.03 -2.638 0.019 0.015 1.023 "" "" 12.776809 0.903991 13.13488 12.230889 "" "" 1909.17688 2040.14001 145956.39853 36.802 76114.0 75.751 101580.0 91.456 "" "" 0.002768886929650876 0.0029920985 0.0039037527 0.0068958513 279.19100943269 -8.25926130308 1974.46814 0.030000000000000006 -2.6379999999999972 0.08978640913963318 -0.041359174728393455 0.10964919 0.10564919 "" "" 0.9251756935067709 "" 0.10080678051656213 "" 0.8
279.18337431399 -8.24991931892 0.0165 0.0152 5.1018 "" "" 4156509202640980864 2115.82129 0.443 0.0192 0.199 -2.758 0.02 0.017 1.119 "" "" 12.807005 0.878008 13.153547 12.275539 "" "" 2038.72205 2202.11548 141953.09878 31.014 74817.0 82.592 97486.0 39.575 "" "" 0.0027655124433462667 0.0030367102 0.0038049964 0.0068417066 279.18337431399 -8.24991931892 2115.82129 0.199 -2.758 0.2587864091396332 -0.16135917472839356 0.11064918 0.10764919 "" "" 3.0585499918957844 "" 0.3358826647458778 "" 0.8
279.09923917879 -8.29317459871 0.0149 0.0135 6.4939 "" "" 4156507347215134464 1875.03027 0.5024 0.0171 -0.104 -2.625 0.019 0.016 0.889 6650.4 3.2589 12.988871 1.047743 13.41661 12.368867 "" "" 1822.39124 1937.41919 120060.08102 38.466 58718.0 53.008 89456.0 92.201 "" "" 0.0027771919245081944 0.0029573215 0.003941574 0.006898896 279.09923917879 -8.29317459871 1875.03027 -0.10399999999999976 -2.6250000000000036 -0.044213590860366817 -0.028359174728393555 0.10964919 0.10664919 "" "" 0.4668411373095746 "" 0.05078450346908848 "" 0.8
279.17296560004 -8.13304454295 0.0147 0.0153 4.368 "" "" 4156513428888898944 1933.58997 0.4759 0.0198 -0.166 -2.641 0.019 0.016 0.918 "" "" 13.015483 0.870744 13.354676 12.483932 "" "" 1869.77283 2000.06458 117152.99689 35.032 62165.0 70.698 80461.0 42.756 "" "" 0.0027743822647967667 0.0030511802 0.0038231655 0.0068743457 279.17296560004 -8.13304454295 1933.58997 -0.16599999999999968 -2.641 -0.10621359086036683 -0.04435917472839357 0.10964919 0.10664919 "" "" 1.0549583483473366 "" 0.11521078095919303 "" 1.0
279.05123108978 -8.35932994987 0.0133 0.0121 11.1708 "" "" 4156483359806330624 1965.03796 0.4673 0.015 -0.006 -2.614 0.017 0.015 0.976 10822.3 3.7711 13.09734 1.15437 13.581553 12.427182 "" "" 1906.38635 2027.92395 108645.27142 31.834 50442.0 59.184 84778.0 51.129 "" "" 0.0027736250870569706 0.0030672261 0.0038356862 0.0069029126 279.05123108978 -8.35932994987 1965.03796 -0.006000000000000061 -2.614 0.05378640913963318 -0.017359174728393434 0.10764919 0.10564919 "" "" 0.5264273102795651 "" 0.05657098893392684 "" 1.0
279.10858826622 -8.16051106319 0.0246 0.0243 1.8985 "" "" 4156513699456068352 2312.4729 0.3934 0.028 -0.168 -2.62 0.033 0.033 1.686 10858.3 3.7975 13.154715 1.05422 13.586591 12.532371 "" "" 2190.75464 2473.56689 103053.02919 31.275 50209.0 76.994 76950.0 29.683 "" "" 0.0027749526791696604 0.0032491672 0.0038025167 0.007051684 279.10858826622 -8.16051106319 2312.4729 -0.16800000000000007 -2.619999999999999 -0.10821359086036683 -0.02335917472839366 0.12364919 0.12364919 "" "" 1.2134626077649777 "" 0.15004366537347952 "" 1.0
279.16820889006 -8.001343648 0.0147 0.0149 11.4888 "" "" 4156533112709499776 1826.6958 0.5047 0.0177 -0.075 -2.581 0.019 0.018 0.993 11209.7 3.7834 13.448906 0.870792 13.793276 12.922483 "" "" 1763.28418 1896.71814 78593.10151 18.182 41506.0 30.669 53724.0 26.418 "" "" 0.002766745338480058 0.002903216 0.003816906 0.006720122 279.16820889006 -8.001343648 1826.6958 -0.07500000000000018 -2.581000000000001 -0.015213590860366819 0.015640825271606484 0.10964919 0.10864919 "" "" 0.1889246111425393 "" 0.02061856858213017 "" 0.9
279.13986217126 -8.04620753424 0.0172 0.0172 8.5494 "" "" 4156532498544072960 1914.74194 0.4814 0.0189 -0.068 -2.592 0.022 0.02 0.984 11092.5 3.7401 13.549406 0.863829 13.890768 13.026939 "" "" 1847.41882 1989.45605 71644.74266 19.922 37941.0 38.28 48796.0 40.158 "" "" 0.0027718111659923864 0.002997504 0.0038835723 0.0068810764 279.13986217126 -8.04620753424 1914.74194 -0.068 -2.5920000000000023 -0.008213590860366826 0.004640825271606364 0.11264919 0.11064918 "" "" 0.0856218111183625 "" 0.009604068033593737 "" 1.0
279.1684086713 -8.17885230783 0.0157 0.0158 2.6573 "" "" 4156513016572003840 2046.13647 0.4496 0.0195 -0.028 -2.591 0.021 0.017 0.985 12373.5 3.9166 13.607748 0.875715 13.954324 13.078608 "" "" 1973.74805 2122.25854 67896.51282 84.526 35784.0 139.07 46528.0 152.61 "" "" 0.0030690017122982412 0.005058644 0.005192848 0.010251492 279.1684086713 -8.17885230783 2046.13647 -0.028000000000000004 -2.5909999999999975 0.03178640913963318 0.0056408252716062535 0.111649185 0.10764919 "" "" 0.3131031027243717 "" 0.03492013419368911 "" 0.9
279.30325901818 -8.19494354942 0.0157 0.0146 10.6182 "" "" 4156514902046827904 1938.61243 0.4709 0.0189 -0.099 -2.529 0.022 0.017 0.971 10614.3 3.6669 13.612966 0.877032 13.960915 13.083882 "" "" 1869.15674 2020.7135 67570.99797 17.4 35567.0 40.885 46303.0 24.441 "" "" 0.00276946871168683 0.0030565897 0.0038225877 0.0068791774 279.30325901818 -8.19494354942 1938.61243 -0.099 -2.529000000000001 -0.039213590860366826 0.06764082527160653 0.11264919 0.10764919 "" "" 0.7184492058811036 "" 0.07825961933035044 "" 0.9
279.16922692688 -8.09856170162 0.0212 0.0225 5.9794 "" "" 4156520163397646720 2119.67944 0.4335 0.0226 -0.064 -2.676 0.032 0.028 1.187 11027.6 4.1969 13.647944 0.90069 14.005299 13.104609 "" "" 2033.4137 2250.57153 65428.8525 19.233 34143.0 39.821 45427.0 66.839 "" "" 0.002773742867892362 0.003064074 0.0041031362 0.0071672103 279.16922692688 -8.09856170162 2119.67944 -0.06399999999999993 -2.6760000000000024 -0.004213590860366823 -0.07935917472839371 0.12264919 0.118649185 "" "" 0.7984669973626178 "" 0.09474658769565861 "" 0.9
279.05855457114 -8.17126935672 0.0173 0.017 4.0476 "" "" 4156512359428327424 1970.07288 0.4693 0.0197 0.079 -2.307 0.021 0.019 0.955 11139.6 3.7005 13.699307 1.111906 14.162318 13.050412 "" "" 1885.62842 2050.62671 62405.62972 15.771 29545.0 34.989 47752.0 33.44 "" "" 0.002768948594101045 0.0030721845 0.0038551032 0.0069272877 279.05855457114 -8.17126935672 1970.07288 0.07899999999999995 -2.3070000000000026 0.1387864091396332 0.2896408252716065 0.111649185 0.10964919 "" "" 2.999180237639201 "" 0.3299860208107064 "" 0.8
279.13832473888 -8.2517652702 0.0162 0.0152 3.9179 "" "" 4156507931330691584 1971.83008 0.4598 0.0204 -0.061 -2.589 0.021 0.017 1.05 11407.2 3.807 13.702518 1.068468 14.142104 13.073636 "" "" 1900.23022 2055.77319 62221.4078 17.389 30101.0 52.66 46742.0 36.94 "" "" 0.0027719775255784646 0.0033753368 0.003875562 0.0072508985 279.13832473888 -8.2517652702 1971.83008 -0.06099999999999994 -2.5889999999999995 -0.00121359086036682 0.007640825271606477 0.111649185 0.10764919 "" "" 0.07230995579563397 "" 0.007791354257704631 "" 1.0
279.0912195004 -8.25379100179 0.0166 0.0158 4.4231 "" "" 4156510813237746176 1883.13403 0.4902 0.02 -0.03 -2.763 0.021 0.019 1.027 11036.4 3.8075 13.714871 1.079258 14.162165 13.082907 "" "" 1810.6012 1942.86487 61517.43032 13.773 29550.0 45.872 46344.0 36.192 "" "" 0.0027660221925386854 0.0032597196 0.0038733264 0.007133046 279.0912195004 -8.25379100179 1883.13403 -0.030000000000000006 -2.763 0.02978640913963318 -0.16635917472839346 0.111649185 0.10964919 "" "" 1.5085457359399284 "" 0.1655053626234642 "" 0.8
279.05171342748 -8.17876064161 0.0183 0.0172 4.3636 "" "" 4156512329377319808 1883.82739 0.4901 0.0201 -0.005 -2.578 0.022 0.019 0.913 "" "" 13.759089 1.167294 14.252748 13.085453 "" "" 1826.36072 1937.45447 59062.42468 27.594 27184.0 44.261 46236.0 57.072 "" "" 0.002801624283632996 0.0033030517 0.004009968 0.0073130196 279.05171342748 -8.17876064161 1883.82739 -0.005000000000000011 -2.578 0.05478640913963318 0.018640825271606598 0.11264919 0.10964919 "" "" 0.5167482708628319 "" 0.05805235132541053 "" 1.0
279.11152287024 -8.1376786362 0.0205 0.02 3.1115 "" "" 4156513944285012352 2007.14111 0.4606 0.0253 0.001 -2.584 0.028 0.023 1.012 "" "" 13.842884 1.006514 14.254872 13.248358 "" "" 1916.31055 2107.22192 54675.52707 16.616 27131.0 46.536 39794.0 54.53 "" "" 0.002775006529073181 0.0033545755 0.0040616808 0.0074162562 279.11152287024 -8.1376786362 2007.14111 0.0009999999999999593 -2.5840000000000027 0.06078640913963318 0.01264082527160637 0.118649185 0.11364919 "" "" 0.5906849881430675 "" 0.06996434226503301 "" 0.8
279.10071100154 -8.13587284079 0.0196 0.019 3.4288 "" "" 4156514013004498560 2023.81104 0.4521 0.022 -0.006 -2.643 0.026 0.023 0.98 10653.9 3.6154 13.920955 1.03278 14.342042 13.309262 "" "" 1939.12158 2125.96289 50882.06622 24.661 25038.0 60.694 37623.0 57.612 "" "" 0.0028051204215944685 0.0038356197 0.004128912 0.007964532 279.10071100154 -8.13587284079 2023.81104 -0.005999999999999908 -2.643 0.05378640913963318 -0.04635917472839335 0.11664919 0.11364919 "" "" 0.6811711117540209 "" 0.07859352512263622 "" 1.0
279.03808026009 -8.19249969611 0.0188 0.0187 5.1461 "" "" 4156512157578626176 2061.17432 0.4487 0.0199 -0.003 -2.635 0.022 0.02 0.965 "" "" 13.926538 1.121615 14.393482 13.271867 "" "" 1979.09534 2142.85889 50621.10836 13.878 23879.0 42.957 38941.0 31.312 "" "" 0.0027713517449431593 0.003405871 0.003878905 0.0072847763 279.03808026009 -8.19249969611 2061.17432 -0.0029999999999999194 -2.635 0.056786409139633176 -0.03835917472839334 0.11264919 0.11064918 "" "" 0.6695187984882475 "" 0.07500376167945856 "" 1.0
279.12804885269 -8.22013713056 0.0177 0.017 1.9453 "" "" 4156512466816184960 1831.87366 0.5085 0.0212 -0.04 -2.616 0.022 0.019 1.06 "" "" 13.935362 1.070014 14.374154 13.30414 "" "" 1749.85535 1908.54993 50211.37278 12.854 24308.0 42.105 37801.0 48.237 "" "" 0.002769303777450545 0.0033648037 0.004025331 0.007390135 279.12804885269 -8.22013713056 1831.87366 -0.039999999999999904 -2.616000000000003 0.019786409139633178 -0.019359174728393658 0.11264919 0.10964919 "" "" 0.24036293643257495 "" 0.026726445107927797 "" 1.0
279.06852190245 -8.24802209343 0.0189 0.018 4.91 "" "" 4156511023707196160 1852.39148 0.4973 0.0222 -0.059 -2.485 0.024 0.021 1.078 "" "" 13.960452 1.135514 14.435129 13.299615 "" "" 1782.3114 1925.02234 49064.33478 13.394 22981.0 35.854 37959.0 26.674 "" "" 0.0027712160706483222 0.00326411 0.0038556224 0.0071197324 279.06852190245 -8.24802209343 1852.39148 -0.05899999999999996 -2.485 0.0007864091396331818 0.11164082527160657 0.11464919 0.111649185 "" "" 0.9802682334714691 "" 0.10944629763339939 "" 0.9
279.09961613781 -8.2579806608 0.019 0.0183 4.4594 "" "" 4156510748829257728 1876.51794 0.4917 0.0232 -0.125 -2.562 0.023 0.021 0.958 9772.7 3.8159 13.972686 1.108615 14.43529 13.326675 "" "" 1789.57837 1981.3385 48514.59673 10.992 22977.0 38.906 37024.0 29.466 "" "" 0.002766279736700656 0.0033413891 0.0038769047 0.007218294 279.09961613781 -8.2579806608 1876.51794 -0.125 -2.562000000000001 -0.06521359086036682 0.03464082527160661 0.11364919 0.111649185 "" "" 0.6568116014753024 "" 0.07435901067532266 "" 0.8
279.20836059175 -7.94244600407 0.017 0.0166 15.5447 "" "" 4156535625280280064 1939.77698 0.4744 0.0192 -0.065 -2.577 0.021 0.018 0.919 "" "" 13.993564 0.991309 14.39594 13.404631 "" "" 1876.70117 2011.86938 47590.62808 11.127 23825.0 22.647 34459.0 23.758 "" "" 0.0027669894015129553 0.0029749256 0.0038528019 0.0068277274 279.20836059175 -7.94244600407 1939.77698 -0.06500000000000006 -2.5769999999999973 -0.0052135908603668235 0.019640825271606488 0.111649185 0.10864919 "" "" 0.1868424204458327 "" 0.020337648063280887 "" 0.9
279.28242544391 -8.16684299634 0.0166 0.0165 9.4576 "" "" 4156515902790328064 1786.36804 0.5234 0.0208 -0.096 -2.619 0.023 0.018 0.94 10558.9 3.9811 13.998742 0.881779 14.347562 13.465783 "" "" 1722.18237 1845.43005 47364.18418 10.626 24911.0 28.721 32572.0 27.961 "" "" 0.00276606603147765 0.00305811 0.0038926105 0.00695072 279.28242544391 -8.16684299634 1786.36804 -0.09600000000000009 -2.619 -0.03621359086036682 -0.02235917472839377 0.11364919 0.10864919 "" "" 0.36037220877468706 "" 0.04046671417904696 "" 1.0
