Clusters/NGC_6664/NGC_6664_stars_in_region.tsv
# %ECSV 1.0
# ---
# datatype:
# - name: RA_ICRS_1
#   unit: deg
#   datatype: float64
#   format: '{:15.11f}'
#   description: Right ascension (ICRS) at Ep=2016.0 (ra)
#   meta: !!omap
#   - {ucd: POS_EQ_RA_MAIN}
#   - {width: 15}
#   - {precision: '11'}
# - name: DE_ICRS_1
#   unit: deg
#   datatype: float64
#   format: '{:15.11f}'
#   description: Declination (ICRS) at Ep=2016.0 (dec)
#   meta: !!omap
#   - {ucd: POS_EQ_DEC_MAIN}
#   - {width: 15}
#   - {precision: '11'}
# - name: e_RA_ICRS
#   unit: mas
#   datatype: float64
#   format: '{:7.4f}'
#   description: Standard error of right ascension (ra_error)
#   meta: !!omap
#   - {ucd: ERROR}
#   - {width: 7}
#   - {precision: '4'}
# - name: e_DE_ICRS
#   unit: mas
#   datatype: float64
#   format: '{:7.4f}'
#   description: Standard error of declination (dec_error)
#   meta: !!omap
#   - {ucd: ERROR}
#   - {width: 7}
#   - {precision: '4'}
# - name: _r_1
#   unit: ''
#   datatype: float64
#   format: '{:7.4f}'
#   description: Distance from center (279.12460659000-08.18789414000)[ICRS], at Epoch=J2016.0
#   meta: !!omap
#   - {ucd: POS_ANG_DIST_GENERAL}
#   - {width: 7}
#   - {precision: '4'}
# - name: HIP
#   datatype: int32
#   description: '? HIP cross-id number, van Leeuwen, Cat. I/311 (hip_original_ext_source_id)'
#   meta: !!omap
#   - {ucd: ID_NUMBER}
#   - {width: 6}
#   - values: {'null': -2147483648}
# - name: TYC2
#   datatype: string
#   description: Tycho-2 cross-id name, Hog et al., Cat. I/259 (tyc2_original_ext_source_id)
#   meta: !!omap
#   - {ucd: ID_CROSSID}
#   - {_votable_string_dtype: char}
# - name: Source
#   datatype: int64
#   description: Source identifier, identical to the Gaia-EDR3 source_id (id)
#   meta: !!omap
#   - {ucd: ID_MAIN}
#   - {width: 19}
# - name: rgeo
#   unit: pc
#   datatype: float64
#   format: '{:15.8f}'
#   description: '? Median of the geometric distance posterior (r_med_geo)'
#   meta: !!omap
#   - {ucd: PHYS_DISTANCE_TRUE}
#   - {width: 15}
#   - {precision: '8'}
#   - values: {'null': .nan}
# - name: Plx
#   unit: mas
#   datatype: float64
#   format: '{:9.4f}'
#   description: '? Parallax (parallax)'
#   meta: !!omap
#   - {ucd: POS_PARLX_TRIG}
#   - {width: 9}
#   - {precision: '4'}
#   - values: {'null': .nan}
# - name: e_Plx
#   unit: mas
#   datatype: float32
#   format: '{:7.4f}'
#   description: '? Standard error of parallax (parallax_error)'
#   meta: !!omap
#   - {ucd: ERROR}
#   - {width: 7}
#   - {precision: '4'}
#   - values: {'null': .nan}
# - name: pmRA
#   unit: mas / yr
#   datatype: float64
#   format: '{:9.3f}'
#   description: '? Proper motion in right ascension direction, pmRA*cosDE (pmra)'
#   meta: !!omap
#   - {ucd: POS_EQ_PMRA}
#   - {width: 9}
#   - {precision: '3'}
#   - values: {'null': .nan}
# - name: pmDE
#   unit: mas / yr
#   datatype: float64
#   format: '{:9.3f}'
#   description: '? Proper motion in declination direction (pmdec)'
#   meta: !!omap
#   - {ucd: POS_EQ_PMDEC}
#   - {width: 9}
#   - {precision: '3'}
#   - values: {'null': .nan}
# - name: e_pmRA
#   unit: mas / yr
#   datatype: float32
#   format: '{:6.3f}'
#   description: '? Standard error of proper motion in right ascension direction (pmra_error)'
#   meta: !!omap
#   - {ucd: ERROR}
#   - {width: 6}
#   - {precision: '3'}
#   - values: {'null': .nan}
# - name: e_pmDE
[...]
#         unit: &id001 !astropy.units.Unit {unit: deg}
#         value: !astropy.table.SerializedColumn {name: SkyCoord.dec}
#       distance: !astropy.table.SerializedColumn
#         __class__: astropy.coordinates.distances.Distance
#         unit: !astropy.units.Unit {unit: pc}
#         value: !astropy.table.SerializedColumn {name: SkyCoord.distance}
#       frame: icrs
#       obstime: !astropy.time.Time {format: jyear_str, in_subfmt: '*', jd1: 367701545.0, jd2: 0.0, out_subfmt: '*', precision: 3, scale: tt}
#       pm_dec: !astropy.table.SerializedColumn
#         __class__: astropy.units.quantity.Quantity
#         unit: !astropy.units.Unit {unit: mas / yr}
#         value: !astropy.table.SerializedColumn {name: SkyCoord.pm_dec}
#       pm_ra_cosdec: !astropy.table.SerializedColumn
#         __class__: astropy.units.quantity.Quantity
#         unit: !astropy.units.Unit {unit: mas / yr}
#         value: !astropy.table.SerializedColumn {name: SkyCoord.pm_ra_cosdec}
#       ra: !astropy.table.SerializedColumn
#         __class__: astropy.coordinates.angles.Longitude
#         unit: *id001
#         value: !astropy.table.SerializedColumn {name: SkyCoord.ra}
#         wrap_angle: !astropy.coordinates.Angle
#           unit: *id001
#           value: 360.0
#       representation_type: spherical
# schema: astropy-2.0
RA_ICRS_1 DE_ICRS_1 e_RA_ICRS e_DE_ICRS _r_1 HIP TYC2 Source rgeo Plx e_Plx pmRA pmDE e_pmRA e_pmDE RUWE Teff logg Gmag BP-RP BPmag RPmag RV e_RV b_rgeo B_rgeo FG e_FG FBP e_FBP FRP e_FRP RAVE5 RAVE6 e_Gmag e_BPmag e_RPmag e_BP-RP SkyCoord.ra SkyCoord.dec SkyCoord.distance SkyCoord.pm_ra_cosdec SkyCoord.pm_dec
[from data line 2561]
278.97187990701 -7.86720697953 0.0563 0.0579 21.2734 "" "" 4156726214436092160 1574.74878 0.5976 0.0706 -1.88 -4.986 0.077 0.063 0.956 5614.6 4.483 16.712112 1.776844 17.577122 15.800278 "" "" 1439.29919 1742.37805 3891.36636 3.1013 1272.2 9.676 3793.6 10.68 "" "" 0.002887997730694352 0.008716446 0.004860737 0.013577184 278.97187990701 -7.86720697953 1574.74878 -1.8800000000000003 -4.986
279.24524299289 -8.05136417492 0.0586 0.0598 10.8836 "" "" 4156520777560191104 1858.44666 0.5211 0.0699 -0.52 -0.551 0.081 0.066 0.961 5373.5 4.481 16.714018 1.54453 17.412973 15.868443 "" "" 1671.31335 2215.55078 3884.53673 3.0276 1479.9 12.718 3562.7 14.917 "" "" 0.0028823390989369574 0.009738872 0.005911816 0.015650688 279.24524299289 -8.05136417492 1858.44666 -0.52 -0.551
279.0568497492 -8.46066651936 0.0579 0.0545 16.8534 "" "" 4156434672056566912 2201.41333 0.4359 0.0659 -1.225 -2.786 0.067 0.057 0.949 "" "" 16.715475 2.087363 17.779383 15.692019 "" "" 1902.23743 2556.94873 3879.3315 3.54 1056.0 10.742 4191.3 12.969 "" "" 0.002928037684608637 0.011391476 0.0050567137 0.016448189 279.0568497492 -8.46066651936 2201.41333 -1.225 -2.7860000000000005
279.28018041685 -8.0124561907 0.0595 0.0588 14.0073 "" "" 4156522495547152512 1928.00024 0.5294 0.0649 -3.832 -2.989 0.08 0.065 0.986 5813.9 4.4126 16.716242 1.773726 17.567236 15.79351 "" "" 1625.06677 2190.88257 3876.58932 3.0484 1283.9 11.978 3817.3 14.583 "" "" 0.002884567773976915 0.010506513 0.0056113936 0.016117906 279.28018041685 -8.0124561907 1928.00024 -3.832 -2.989
279.12798032671 -8.18166789977 0.0596 0.0583 0.4239 "" "" 4156512874822293376 2149.00781 0.45 0.0682 -0.087 -2.647 0.074 0.062 0.942 5034.8 4.342 16.716928 1.629949 17.495264 15.865315 "" "" 1903.91577 2473.95508 3874.13851 3.1934 1371.9 9.6716 3573.0 13.133 "" "" 0.002897022359248514 0.008146897 0.00549635 0.013643247 279.12798032671 -8.18166789977 2149.00781 -0.08700000000000002 -2.647
278.85127759452 -8.3408735337 0.0599 0.0596 18.6452 "" "" 4156485838018310912 2228.96313 0.4249 0.068 -4.416 0.419 0.065 0.06 1.009 5029.0 3.6035 16.718372 2.556755 18.133223 15.576467 "" "" 1948.72522 2545.97974 3868.98992 2.9375 762.3 9.6086 4662.0 10.431 "" "" 0.0028759902971527834 0.013966965 0.0044927876 0.018459752 278.85127759452 -8.3408735337 2228.96313 -4.416 0.41900000000000004
279.39370874229 -8.28605301349 0.0754 0.07 17.0304 "" "" 4156466283016692864 1837.8656 0.5438 0.0865 -0.738 -3.203 0.097 0.076 1.502 6173.8 4.4469 16.71957 1.802565 17.513372 15.710808 "" "" 1596.67542 2304.56152 3864.72625 6.0868 1349.2 10.689 4119.4 42.164 "" "" 0.0032428180592636814 0.009042928 0.011738099 0.020781027 279.39370874229 -8.28605301349 1837.8656 -0.7379999999999999 -3.2029999999999994
279.32360291573 -8.12016682118 0.0572 0.0565 12.4981 "" "" 4156516448235228672 1802.77515 0.5529 0.0684 -2.323 -4.099 0.08 0.062 1.031 4985.6 4.3717 16.720057 1.662698 17.501722 15.839025 "" "" 1615.27234 2078.86377 3862.99764 2.8185 1363.7 9.7513 3660.6 17.409 "" "" 0.0028669358652403673 0.008249841 0.00639888 0.014648721 279.32360291573 -8.12016682118 1802.77515 -2.323 -4.099
278.96304758573 -8.14695108241 0.063 0.0602 9.9047 "" "" 4156525042480582272 1859.46838 0.5268 0.0691 3.199 -1.802 0.076 0.064 1.033 5152.6 4.2921 16.72084 1.941768 17.690115 15.748347 "" "" 1628.00427 2146.84399 3860.2083 3.2209 1146.5 8.732 3979.4 11.713 "" "" 0.002900428260275171 0.008727248 0.0049494086 0.013676656 278.96304758573 -8.14695108241 1859.46838 3.199 -1.8020000000000005
279.17968867165 -8.16952316046 0.0652 0.0637 3.452 "" "" 4156513046621012864 1955.65674 0.5088 0.0772 -0.664 -6.29 0.079 0.064 0.969 5455.7 4.6274 16.721064 1.521824 17.414175 15.892351 "" "" 1668.79028 2317.61035 3859.41397 3.3115 1478.2 13.822 3485.1 16.161 "" "" 0.0029085496157934252 0.010528679 0.0062954235 0.016824102 279.17968867165 -8.16952316046 1955.65674 -0.664 -6.290000000000001
278.82709325874 -8.32577329924 0.0585 0.056 19.5069 "" "" 4156497619100245248 2149.11328 0.4384 0.0632 -1.53 -3.545 0.068 0.06 0.983 6360.7 4.2014 16.72134 1.875833 17.64714 15.771308 "" "" 1915.8844 2441.29004 3858.42711 2.5966 1192.8 10.22 3896.1 9.1861 "" "" 0.002850554782307916 0.009712091 0.004564744 0.014276834 278.82709325874 -8.32577329924 2149.11328 -1.5299999999999998 -3.545
278.91116532786 -8.4898030035 0.0552 0.0521 22.1064 "" "" 4156480512258654208 2178.07593 0.4388 0.0636 -1.702 -2.121 0.068 0.059 1.005 7192.0 4.3356 16.722612 1.791841 17.589672 15.797832 "" "" 1939.76428 2500.40479 3853.91499 2.9089 1257.6 9.4211 3802.1 8.3645 "" "" 0.0028746088252539917 0.008598876 0.0044709137 0.01306979 278.91116532786 -8.4898030035 2178.07593 -1.7020000000000002 -2.121
278.78035764602 -8.21922248277 0.0609 0.0616 20.5298 "" "" 4156503666420234240 1827.2749 0.5432 0.0835 -5.312 0.853 0.073 0.059 0.935 6011.8 4.3798 16.723879 1.927085 17.680784 15.753699 "" "" 1630.87219 2201.53516 3849.42236 3.3963 1156.4 16.274 3959.8 16.706 "" "" 0.002917091622934818 0.015532213 0.0059384955 0.021470709 278.78035764602 -8.21922248277 1827.2749 -5.311999999999999 0.8530000000000001
279.15463428069 -8.10566549821 0.0659 0.0691 5.2462 "" "" 4156514494040821248 1930.53284 0.5552 0.0792 -0.006 -2.47 0.088 0.071 0.989 5730.8 4.629 16.723934 1.593251 17.47775 15.8845 "" "" 1653.75293 2283.14648 3849.22409 3.3518 1394.2 14.881 3510.4 14.59 "" "" 0.0029130098766060116 0.011919769 0.0058861636 0.017805934 279.15463428069 -8.10566549821 1930.53284 -0.006000000000000012 -2.47
279.09955407054 -8.21146275324 0.061 0.0599 2.0526 "" "" 4156511264225373568 1898.11145 0.5429 0.0719 -0.128 -2.539 0.076 0.069 1.001 6069.5 4.4791 16.724459 1.616469 17.479286 15.862817 "" "" 1684.8158 2236.92871 3847.3615 3.0877 1392.2 9.4019 3581.2 13.566 "" "" 0.0028898189183488004 0.007845202 0.0055856626 0.0134308655 279.09955407054 -8.21146275324 1898.11145 -0.128 -2.5390000000000006
278.91926214108 -7.89112472344 0.0623 0.0573 21.5845 "" "" 4156726802857964544 2306.90088 0.4151 0.0738 -0.357 -1.272 0.088 0.066 1.049 6030.7 4.1859 16.724466 2.034824 17.752895 15.718071 "" "" 1959.53784 2697.57153 3847.33415 2.8715 1082.1 7.584 4091.9 11.939 "" "" 0.002872012923561601 0.008104893 0.0049314424 0.013036336 278.91926214108 -7.89112472344 2306.90088 -0.35699999999999993 -1.2720000000000002
279.24646883586 -7.95895348627 0.0641 0.064 15.5273 "" "" 4156534628847848448 1570.68335 0.6224 0.0656 4.853 3.341 0.082 0.069 1.01 5681.5 4.5388 16.724869 1.64695 17.490217 15.843267 "" "" 1430.97876 1764.44861 3845.91292 2.9549 1378.3 21.361 3646.3 23.631 "" "" 0.002878831510229188 0.01705658 0.007987205 0.025043786 279.24646883586 -7.95895348627 1570.68335 4.853000000000001 3.3409999999999997
279.15916834791 -8.25248424141 0.0584 0.0536 4.3853 "" "" 4156507896970938112 2043.43066 0.466 0.0674 0.085 -1.061 0.077 0.063 0.936 5311.6 4.3612 16.725468 1.662085 17.506746 15.844662 "" "" 1818.42456 2266.74316 3843.79143 3.176 1357.4 7.6322 3641.6 12.64 "" "" 0.002897687557834647 0.0067121326 0.005337229 0.012049362 279.15916834791 -8.25248424141 2043.43066 0.08500000000000002 -1.061
278.87375293374 -8.12316586015 0.0609 0.0542 15.3969 "" "" 4156528096188346368 1867.14795 0.5145 0.0655 -2.421 3.769 0.07 0.059 1.012 5049.9 4.2577 16.725512 1.990953 17.716509 15.725555 "" "" 1685.90332 2080.49902 3843.63666 3.7101 1119.0 17.811 4063.8 18.962 "" "" 0.0029479018424588533 0.017505337 0.0063205515 0.023825888 278.87375293374 -8.12316586015 1867.14795 -2.421 3.769
279.05588380903 -7.85656483462 0.0591 0.0573 20.2947 "" "" 4156540229485312512 1714.77039 0.5896 0.0684 -1.141 -3.395 0.079 0.064 1.042 6361.3 4.4137 16.726204 1.966823 17.69807 15.731248 "" "" 1512.19995 1945.45898 3841.18418 3.1547 1138.1 9.5724 4042.6 11.578 "" "" 0.002896016692879012 0.009548718 0.0048941807 0.014442898 279.05588380903 -7.85656483462 1714.77039 -1.1410000000000002 -3.395
278.9998384501 -7.89457960317 0.0538 0.0582 19.0962 "" "" 4156725875146941056 2219.48389 0.4884 0.073 -0.623 -1.23 0.073 0.059 0.978 6143.4 4.458 16.727545 1.580676 17.465483 15.884807 "" "" 1857.87939 2862.65723 3836.44355 2.84 1410.0 9.2227 3509.4 10.586 "" "" 0.0028701536792578703 0.0076301647 0.0050009945 0.012631159 278.9998384501 -7.89457960317 2219.48389 -0.623 -1.23
279.05382933409 -8.37321947 0.0586 0.0571 11.8871 "" "" 4156483261037709312 2270.06494 0.4197 0.0691 -0.547 -3.24 0.076 0.069 0.993 "" "" 16.727856 1.801438 17.599926 15.798488 "" "" 1982.02539 2616.50464 3835.34258 3.1195 1245.8 10.182 3799.8 24.389 "" "" 0.002893378282044875 0.009302106 0.007927661 0.017229766 279.05382933409 -8.37321947 2270.06494 -0.547 -3.2399999999999998
279.27030914392 -7.92426736786 0.0681 0.0671 18.0311 "" "" 4156535346092641280 2202.67212 0.4514 0.0655 -0.882 -2.285 0.083 0.071 0.959 5336.3 4.4675 16.729404 1.562481 17.453644 15.891163 "" "" 1932.11389 2575.56299 3829.87561 4.324 1425.5 9.449 3488.9 12.093 "" "" 0.0030156946928831738 0.0077187964 0.0053334995 0.013052296 279.27030914392 -7.92426736786 2202.67212 -0.8820000000000001 -2.285
279.15812958381 -8.45086957024 0.0584 0.0525 15.9035 "" "" 4156434160969908480 2083.19214 0.4682 0.0638 -1.287 0.49 0.067 0.057 0.969 5389.5 4.2156 16.729893 1.950827 17.699314 15.748487 "" "" 1851.10876 2323.67529 3828.15864 2.8498 1136.8 9.0788 3978.9 14.778 "" "" 0.0028714224107008195 0.009108848 0.005526751 0.014635598 279.15812958381 -8.45086957024 2083.19214 -1.287 0.49
278.80056045333 -8.15189095224 0.0585 0.0543 19.3663 "" "" 4156504495356443776 1780.54468 0.5432 0.0672 -0.561 -4.739 0.066 0.056 0.939 4781.1 4.1735 16.73004 2.074906 17.799643 15.724736 "" "" 1591.76294 2064.52832 3827.63586 3.1131 1036.5 9.8017 4066.9 12.733 "" "" 0.0028933669002464742 0.010639668 0.0050832154 0.015722884 278.80056045333 -8.15189095224 1780.54468 -0.5610000000000002 -4.738999999999999
279.03837689672 -7.96377298759 0.0599 0.0588 14.3899 "" "" 4156536965309858688 2045.97217 0.4691 0.0686 -1.161 -3.31 0.075 0.063 0.958 6991.0 4.4404 16.73038 1.779697 17.583872 15.804174 "" "" 1774.70581 2507.25537 3826.44068 2.9366 1264.4 12.768 3780.0 11.091 "" "" 0.0028785571236854247 0.011313302 0.0049429075 0.01625621 279.03837689672 -7.96377298759 2045.97217 -1.1609999999999998 -3.31
278.93399559858 -8.22175922391 0.0634 0.0588 11.5005 "" "" 4156500200388985728 2039.26855 0.5002 0.0675 -0.168 -8.279 0.072 0.062 1.04 5085.3 4.2818 16.73048 1.873556 17.651909 15.778353 "" "" 1768.16357 2375.64575 3826.08828 2.8349 1187.6 10.555 3870.9 11.466 "" "" 0.0028703576462083013 0.010044956 0.004962537 0.015007492 278.93399559858 -8.22175922391 2039.26855 -0.16800000000000007 -8.279000000000002
279.24151699126 -8.54192502609 0.0649 0.0618 22.3468 "" "" 4156429728551010688 1815.56189 0.5522 0.0683 0.329 -1.192 0.071 0.062 0.986 "" "" 16.730602 1.780747 17.5383 15.757552 "" "" 1632.83154 2053.63525 3825.65232 3.5471 1318.6 9.4966 3945.8 21.783 "" "" 0.002933461746889225 0.008302394 0.0070859115 0.015388306 279.24151699126 -8.54192502609 1815.56189 0.329 -1.1919999999999997
279.08560660227 -8.40772264282 0.0607 0.0553 13.3914 "" "" 4156482225934715648 2196.82373 0.469 0.0659 -2.344 -6.349 0.071 0.059 1.002 6029.7 4.2967 16.732016 1.81751 17.594194 15.776685 "" "" 1935.71448 2574.42041 3820.67657 2.9042 1252.4 16.142 3876.9 11.417 "" "" 0.002876265896401974 0.014269342 0.004950439 0.01921978 279.08560660227 -8.40772264282 2196.82373 -2.344 -6.349000000000001
279.27328818556 -8.33784317449 0.0562 0.0523 12.6049 "" "" 4156460721048296576 2004.00867 0.4853 0.0616 -4.007 -9.006 0.068 0.057 1.006 6027.2 4.3734 16.732487 1.727888 17.566006 15.838118 "" "" 1794.23645 2278.51196 3819.01934 2.7348 1285.3 10.434 3663.6 12.988 "" "" 0.002862916186825864 0.009245041 0.005394372 0.014639413 279.27328818556 -8.33784317449 2004.00867 -4.006999999999999 -9.006
279.40474143283 -8.45094345915 0.0582 0.0571 22.9281 "" "" 4156455223490051072 1904.83325 0.5163 0.0673 -1.94 -3.042 0.073 0.068 1.03 4967.1 4.2652 16.732496 1.85081 17.642422 15.791612 "" "" 1687.59827 2156.67505 3818.9888 3.2895 1198.0 11.325 3824.0 11.043 "" "" 0.002909706814415239 0.010636232 0.00491065 0.0155468825 279.40474143283 -8.45094345915 1904.83325 -1.9400000000000002 -3.042
279.20601249881 -7.98402614327 0.0715 0.0705 13.1533 "" "" 4156534658897756416 1694.34558 0.5922 0.0769 3.557 -5.343 0.09 0.073 1.014 4562.9 4.3132 16.732706 1.790711 17.608625 15.817914 "" "" 1487.63635 1998.92883 3818.25118 3.2122 1235.9 8.5357 3732.4 16.087 "" "" 0.002902773531491551 0.008000877 0.0060152 0.014016077 279.20601249881 -7.98402614327 1694.34558 3.5570000000000004 -5.343000000000001
279.1581876475 -8.46597614039 0.0639 0.0592 16.8036 "" "" 4156434057879035904 1725.96387 0.5516 0.0689 0.904 -0.346 0.073 0.063 1.048 5378.9 3.7996 16.7333 2.034831 17.52552 15.490689 "" "" 1554.58301 1903.32153 3816.16246 4.8418 1334.2 29.804 5045.2 58.908 "" "" 0.0030804880470541567 0.02441366 0.013228484 0.037642144 279.1581876475 -8.46597614039 1725.96387 0.9039999999999999 -0.34600000000000003
279.14966567335 -8.30686444666 0.0618 0.0578 7.2917 "" "" 4156506694380062208 1878.229 0.5453 0.0702 -1.114 -0.404 0.081 0.063 0.981 4906.1 4.3182 16.733486 1.760822 17.586533 15.82571 "" "" 1645.17786 2254.98022 3815.5084 3.1812 1261.3 11.704 3705.7 9.1817 "" "" 0.002900214752191238 0.010454111 0.004639036 0.015093147 279.14966567335 -8.30686444666 1878.229 -1.1140000000000003 -0.40400000000000014
278.90560492725 -8.21511604443 0.066 0.0633 13.1079 "" "" 4156500234748750720 1581.07019 0.6427 0.0708 -0.017 -8.836 0.076 0.066 1.217 6029.1 4.3525 16.733572 1.9611 17.678228 15.717129 "" "" 1395.94641 1817.99658 3815.20362 3.3219 1159.1 11.299 4095.5 21.05 "" "" 0.002912984391745709 0.010945446 0.006739821 0.017685266 278.90560492725 -8.21511604443 1581.07019 -0.017000000000000043 -8.836
279.19494961699 -8.48314963893 0.0593 0.0541 18.2009 "" "" 4156433817372451328 2309.00317 0.3967 0.0654 -0.186 -4.366 0.068 0.057 0.986 4902.8 3.5774 16.734486 2.43856 18.062674 15.624113 "" "" 2016.3103 2698.91748 3811.99743 3.0928 813.48 9.9057 4461.8 17.612 "" "" 0.002892708630884053 0.013512161 0.005714109 0.01922627 279.19494961699 -8.48314963893 2309.00317 -0.186 -4.366
278.98681640911 -8.47462303309 0.0617 0.0592 19.0495 "" "" 4156480237380685184 2019.14136 0.5017 0.0658 -1.103 -2.616 0.082 0.074 1.028 5072.7 4.2741 16.734955 1.923608 17.69336 15.769752 "" "" 1725.02258 2299.18774 3810.34852 3.096 1143.1 12.133 3901.7 7.8577 "" "" 0.00289310263768009 0.011857095 0.004366334 0.016223429 278.98681640911 -8.47462303309 2019.14136 -1.1030000000000004 -2.6160000000000005
278.76792423126 -8.10450543089 0.0555 0.0533 21.7678 "" "" 4156505629227883648 2285.95239 0.416 0.0686 -1.475 -3.439 0.067 0.057 0.978 5401.9 4.2135 16.735327 2.038687 17.755968 15.717281 "" "" 1980.02649 2608.32568 3809.04239 3.3581 1079.0 10.713 4094.9 21.536 "" "" 0.002916850826353759 0.011135119 0.0068475776 0.017982697 278.76792423126 -8.10450543089 2285.95239 -1.4750000000000005 -3.439
279.4079120618 -7.97552815188 0.0616 0.0577 21.109 "" "" 4252598822349327872 2299.30933 0.4466 0.0648 0.084 -2.639 0.086 0.068 1.025 5250.9 4.3085 16.735863 1.621326 17.488922 15.867596 "" "" 1955.92798 2852.81494 3807.16194 3.0325 1379.9 6.3477 3565.5 14.972 "" "" 0.002887853237912766 0.0057210317 0.0059219557 0.011642987 279.4079120618 -7.97552815188 2299.30933 0.08400000000000002 -2.6390000000000002
279.35607802187 -8.16655939148 0.0775 0.0711 13.8066 "" "" 4156515249955275008 2234.69946 0.4361 0.0867 0.063 -1.806 0.103 0.081 1.428 5784.2 4.4915 16.735909 1.808948 17.561401 15.752454 "" "" 1868.20044 2718.73438 3807.00409 6.7834 1290.8 21.826 3964.4 15.21 "" "" 0.0033666627810056394 0.018569412 0.0056245737 0.024193985 279.35607802187 -8.16655939148 2234.69946 0.06300000000000001 -1.8060000000000003
