Clusters/NGC_6664/NGC_6664_members.tsv
# %ECSV 1.0
# ---
# datatype:
# - name: RA_ICRS_1
#   unit: deg
#   datatype: float64
#   format: '{:15.11f}'
#   description: Right ascension (ICRS) at Ep=2016.0 (ra)
#   meta: !!omap
#   - {ucd: POS_EQ_RA_MAIN}
#   - {width: 15}
#   - {precision: '11'}
# - name: DE_ICRS_1
#   unit: deg
#   datatype: float64
#   format: '{:15.11f}'
#   description: Declination (ICRS) at Ep=2016.0 (dec)
#   meta: !!omap
#   - {ucd: POS_EQ_DEC_MAIN}
#   - {width: 15}
#   - {precision: '11'}
# - name: e_RA_ICRS
#   unit: mas
#   datatype: float64
#   format: '{:7.4f}'
#   description: Standard error of right ascension (ra_error)
#   meta: !!omap
#   - {ucd: ERROR}
#   - {width: 7}
#   - {precision: '4'}
# - name: e_DE_ICRS
#   unit: mas
#   datatype: float64
#   format: '{:7.4f}'
#   description: Standard error of declination (dec_error)
#   meta: !!omap
#   - {ucd: ERROR}
#   - {width: 7}
#   - {precision: '4'}
# - name: _r_1
#   unit: ''
#   datatype: float64
#   format: '{:7.4f}'
#   description: Distance from center (279.12460659000-08.18789414000)[ICRS], at Epoch=J2016.0
#   meta: !!omap
#   - {ucd: POS_ANG_DIST_GENERAL}
#   - {width: 7}
#   - {precision: '4'}
# - name: HIP
#   datatype: int32
#   description: '? HIP cross-id number, van Leeuwen, Cat. I/311 (hip_original_ext_source_id)'
#   meta: !!omap
#   - {ucd: ID_NUMBER}
#   - {width: 6}
#   - values: {'null': -2147483648}
# - name: TYC2
#   datatype: string
#   description: Tycho-2 cross-id name, Hog et al., Cat. I/259 (tyc2_original_ext_source_id)
#   meta: !!omap
#   - {ucd: ID_CROSSID}
#   - {_votable_string_dtype: char}
# - name: Source
#   datatype: int64
#   description: Source identifier, identical to the Gaia-EDR3 source_id (id)
#   meta: !!omap
#   - {ucd: ID_MAIN}
#   - {width: 19}
# - name: rgeo
#   unit: pc
#   datatype: float64
#   format: '{:15.8f}'
#   description: '? Median of the geometric distance posterior (r_med_geo)'
#   meta: !!omap
#   - {ucd: PHYS_DISTANCE_TRUE}
#   - {width: 15}
#   - {precision: '8'}
#   - values: {'null': .nan}
# - name: Plx
#   unit: mas
#   datatype: float64
#   format: '{:9.4f}'
#   description: '? Parallax (parallax)'
#   meta: !!omap
#   - {ucd: POS_PARLX_TRIG}
#   - {width: 9}
#   - {precision: '4'}
#   - values: {'null': .nan}
# - name: e_Plx
#   unit: mas
#   datatype: float32
#   format: '{:7.4f}'
#   description: '? Standard error of parallax (parallax_error)'
#   meta: !!omap
#   - {ucd: ERROR}
#   - {width: 7}
#   - {precision: '4'}
#   - values: {'null': .nan}
# - name: pmRA
#   unit: mas / yr
#   datatype: float64
#   format: '{:9.3f}'
#   description: '? Proper motion in right ascension direction, pmRA*cosDE (pmra)'
#   meta: !!omap
#   - {ucd: POS_EQ_PMRA}
#   - {width: 9}
#   - {precision: '3'}
#   - values: {'null': .nan}
# - name: pmDE
#   unit: mas / yr
#   datatype: float64
#   format: '{:9.3f}'
#   description: '? Proper motion in declination direction (pmdec)'
#   meta: !!omap
#   - {ucd: POS_EQ_PMDEC}
#   - {width: 9}
#   - {precision: '3'}
#   - values: {'null': .nan}
# - name: e_pmRA
#   unit: mas / yr
#   datatype: float32
#   format: '{:6.3f}'
#   description: '? Standard error of proper motion in right ascension direction (pmra_error)'
#   meta: !!omap
#   - {ucd: ERROR}
#   - {width: 6}
#   - {precision: '3'}
#   - values: {'null': .nan}
# - name: e_pmDE
[...]
#       distance: !astropy.table.SerializedColumn
#         __class__: astropy.coordinates.distances.Distance
#         unit: !astropy.units.Unit {unit: pc}
#         value: !astropy.table.SerializedColumn {name: SkyCoord.distance}
#       frame: icrs
#       obstime: !astropy.time.Time {format: jyear_str, in_subfmt: '*', jd1: 367701545.0, jd2: 0.0, out_subfmt: '*', precision: 3, scale: tt}
#       pm_dec: !astropy.table.SerializedColumn
#         __class__: astropy.units.quantity.Quantity
#         unit: !astropy.units.Unit {unit: mas / yr}
#         value: !astropy.table.SerializedColumn {name: SkyCoord.pm_dec}
#       pm_ra_cosdec: !astropy.table.SerializedColumn
#         __class__: astropy.units.quantity.Quantity
#         unit: !astropy.units.Unit {unit: mas / yr}
#         value: !astropy.table.SerializedColumn {name: SkyCoord.pm_ra_cosdec}
#       ra: !astropy.table.SerializedColumn
#         __class__: astropy.coordinates.angles.Longitude
#         unit: *id001
#         value: !astropy.table.SerializedColumn {name: SkyCoord.ra}
#         wrap_angle: !astropy.coordinates.Angle
#           unit: *id001
#           value: 360.0
#       representation_type: spherical
# schema: astropy-2.0
RA_ICRS_1 DE_ICRS_1 e_RA_ICRS e_DE_ICRS _r_1 HIP TYC2 Source rgeo Plx e_Plx pmRA pmDE e_pmRA e_pmDE RUWE Teff logg Gmag BP-RP BPmag RPmag RV e_RV b_rgeo B_rgeo FG e_FG FBP e_FBP FRP e_FRP RAVE5 RAVE6 e_Gmag e_BPmag e_RPmag e_BP-RP SkyCoord.ra SkyCoord.dec SkyCoord.distance SkyCoord.pm_ra_cosdec SkyCoord.pm_dec rmRA rmDE e_rmRA e_rmDE rRV e_rRV v_pec v_pec3d e_vpec e_vpec3d Pmemb
[from data line 93]
279.4520141242 -8.2990904158 0.0359 0.0358 20.5544 "" "" 4156463332388681984 1964.88086 0.4693 0.0412 -0.004 -2.554 0.046 0.042 1.065 7349.7 3.6016 15.767531 1.654367 16.541336 14.88697 "" "" 1842.34692 2112.521 9288.2566 4.606 3302.8 14.721 8797.7 20.961 "" "" 0.0028074322700679874 0.005586012 0.00457989 0.010165902 279.4520141242 -8.2990904158 1964.88086 -0.004000000000000087 -2.553999999999997 0.055786409139633175 0.04264082527160662 0.13664919 0.13264918 "" "" 0.6539642842838251 "" 0.08840801106270157 "" 0.9
278.88483693032 -8.24284447212 0.0381 0.0366 14.6153 "" "" 4156499719352667648 1848.63989 0.5056 0.0415 0.282 -2.263 0.044 0.039 0.995 7605.7 4.0645 15.768879 1.872555 16.686552 14.813997 "" "" 1724.62988 1979.59998 9276.73251 4.9571 2889.3 13.189 9409.3 13.256 "" "" 0.002815739549165932 0.0056875627 0.004077183 0.009764746 278.88483693032 -8.24284447212 1848.63989 0.2819999999999998 -2.2629999999999972 0.34178640913963315 0.33364082527160654 0.13464919 0.12964919 "" "" 4.185292468137586 "" 0.5534342025164913 "" 0.8
279.1349972885 -8.32490270943 0.0369 0.0336 8.2436 "" "" 4156506277751981184 1985.47742 0.4763 0.0432 -0.054 -2.585 0.046 0.037 1.054 8832.6 4.2082 15.776577 1.380664 16.391989 15.011325 "" "" 1789.57593 2166.12085 9211.19326 4.6803 3789.8 13.859 7845.6 17.704 "" "" 0.0028100058790727655 0.004852786 0.0045040343 0.009356821 279.1349972885 -8.32490270943 1985.47742 -0.05400000000000002 -2.585 0.005786409139633179 0.01164082527160648 0.13664919 0.12764919 "" "" 0.12234198529113116 "" 0.015841094332184984 "" 1.0
279.08279660713 -8.20074674102 0.0411 0.0394 2.6 "" "" 4156512020139637248 1974.28735 0.4806 0.0463 -0.005 -2.593 0.054 0.05 1.05 9012.7 4.2877 15.779462 1.319355 16.356562 15.037207 "" "" 1794.91077 2179.50317 9186.75391 4.8762 3915.5 9.0532 7660.8 14.064 "" "" 0.0028149429158994058 0.0037532717 0.0042727888 0.008026061 279.08279660713 -8.20074674102 1974.28735 -0.004999999999999984 -2.593000000000001 0.05478640913963318 0.0036408252716064737 0.1446492 0.14064918 "" "" 0.5138287576181574 "" 0.07431600248443723 "" 0.9
279.12650918697 -8.16623917848 0.0401 0.0388 1.3042 "" "" 4156513630736573312 2010.71301 0.4733 0.0441 -0.013 -2.536 0.052 0.046 0.896 8112.8 4.3706 15.795735 1.290134 16.360632 15.070498 "" "" 1855.6908 2193.53931 9050.08572 4.6981 3900.9 11.744 7429.5 11.69 "" "" 0.0028123776186279354 0.0042976122 0.0041475557 0.008445168 279.12650918697 -8.16623917848 2010.71301 -0.012999999999999998 -2.536 0.04678640913963318 0.06064082527160641 0.14264919 0.13664919 "" "" 0.7299779488857144 "" 0.10140734489661557 "" 0.8
279.36120833895 -7.98755139019 0.0346 0.0331 18.4942 "" "" 4156522255029001472 1755.32324 0.5289 0.0388 -0.18 -2.461 0.047 0.039 0.998 7758.6 4.3526 15.813097 1.309191 16.392405 15.083214 "" "" 1660.21106 1880.38586 8906.51524 4.3413 3788.4 9.3896 7343.0 12.344 "" "" 0.0028056840948047054 0.0038764146 0.0041970257 0.00807344 279.36120833895 -7.98755139019 1755.32324 -0.18 -2.461 -0.12021359086036681 0.1356408252716066 0.13764918 0.12964919 "" "" 1.5080002681395634 "" 0.2009074852846105 "" 0.9
279.21606013347 -8.08945687895 0.0369 0.0387 8.0243 "" "" 4156520266477168000 1905.82422 0.4949 0.0476 -0.05 -2.579 0.05 0.042 1.029 8343.3 4.2862 15.846333 1.209741 16.367054 15.157313 "" "" 1713.71411 2069.94409 8638.0067 3.8235 3877.9 8.7654 6858.6 10.846 "" "" 0.0027969184941772866 0.003715892 0.0041511026 0.0078669945 279.21606013347 -8.08945687895 1905.82422 -0.04999999999999998 -2.579 0.009786409139633176 0.017640825271606264 0.14064918 0.13264918 "" "" 0.18224000818951902 "" 0.024524883344497077 "" 0.8
279.18097327466 -8.22794686045 0.0356 0.0334 4.1207 "" "" 4156509511878644992 2049.8479 0.4577 0.0417 0.143 -2.78 0.047 0.038 0.896 7094.3 4.0763 15.854606 1.352793 16.399166 15.046373 "" "" 1892.09497 2186.92749 8572.43915 4.5629 3764.9 64.747 7596.4 44.207 "" "" 0.00281527446718936 0.018879306 0.0073624714 0.026241777 279.18097327466 -8.22794686045 2049.8479 0.1430000000000002 -2.779999999999997 0.20278640913963317 -0.18335917472839336 0.13764918 0.12864919 "" "" 2.6563481457467897 "" 0.3550895620312019 "" 0.9
279.23795681 -8.42923572432 0.0392 0.034 15.9679 "" "" 4156457624361946880 1949.9325 0.4905 0.044 -0.02 -2.726 0.046 0.037 0.991 9344.0 4.1719 15.868984 1.336615 16.45823 15.121614 "" "" 1759.56775 2154.97754 8459.66072 4.6342 3565.5 13.227 7087.8 13.883 "" "" 0.0028187827131638974 0.004899798 0.0043366314 0.009236429 279.23795681 -8.42923572432 1949.9325 -0.020000000000000004 -2.7260000000000018 0.039786409139633175 -0.12935917472839353 0.13664919 0.12764919 "" "" 1.2508988149147313 "" 0.16068029947471643 "" 0.8
279.3754944129 -8.00812011508 0.047 0.0446 18.3971 "" "" 4156521945791341312 1848.46082 0.5115 0.0509 -0.025 -2.584 0.065 0.052 1.083 7441.5 3.9822 16.007664 1.318955 16.586502 15.267547 "" "" 1684.72913 2030.07593 7445.28587 4.0337 3168.2 12.436 6196.4 19.77 "" "" 0.002817410668055972 0.005093911 0.0051267706 0.010220682 279.3754944129 -8.00812011508 1848.46082 -0.02500000000000009 -2.583999999999999 0.03478640913963318 0.01264082527160637 0.15564919 0.14264919 "" "" 0.3242877943059072 "" 0.05000170045002457 "" 0.8
