Clusters/NGC_6664/NGC_6664_stars_in_region.tsv
# %ECSV 1.0
# ---
# datatype:
# - name: RA_ICRS_1
#   unit: deg
#   datatype: float64
#   format: '{:15.11f}'
#   description: Right ascension (ICRS) at Ep=2016.0 (ra)
#   meta: !!omap
#   - {ucd: POS_EQ_RA_MAIN}
#   - {width: 15}
#   - {precision: '11'}
# - name: DE_ICRS_1
#   unit: deg
#   datatype: float64
#   format: '{:15.11f}'
#   description: Declination (ICRS) at Ep=2016.0 (dec)
#   meta: !!omap
#   - {ucd: POS_EQ_DEC_MAIN}
#   - {width: 15}
#   - {precision: '11'}
# - name: e_RA_ICRS
#   unit: mas
#   datatype: float64
#   format: '{:7.4f}'
#   description: Standard error of right ascension (ra_error)
#   meta: !!omap
#   - {ucd: ERROR}
#   - {width: 7}
#   - {precision: '4'}
# - name: e_DE_ICRS
#   unit: mas
#   datatype: float64
#   format: '{:7.4f}'
#   description: Standard error of declination (dec_error)
#   meta: !!omap
#   - {ucd: ERROR}
#   - {width: 7}
#   - {precision: '4'}
# - name: _r_1
#   unit: ''
#   datatype: float64
#   format: '{:7.4f}'
#   description: Distance from center (279.12460659000-08.18789414000)[ICRS], at Epoch=J2016.0
#   meta: !!omap
#   - {ucd: POS_ANG_DIST_GENERAL}
#   - {width: 7}
#   - {precision: '4'}
# - name: HIP
#   datatype: int32
#   description: '? HIP cross-id number, van Leeuwen, Cat. I/311 (hip_original_ext_source_id)'
#   meta: !!omap
#   - {ucd: ID_NUMBER}
#   - {width: 6}
#   - values: {'null': -2147483648}
# - name: TYC2
#   datatype: string
#   description: Tycho-2 cross-id name, Hog et al., Cat. I/259 (tyc2_original_ext_source_id)
#   meta: !!omap
#   - {ucd: ID_CROSSID}
#   - {_votable_string_dtype: char}
# - name: Source
#   datatype: int64
#   description: Source identifier, identical to the Gaia-EDR3 source_id (id)
#   meta: !!omap
#   - {ucd: ID_MAIN}
#   - {width: 19}
# - name: rgeo
#   unit: pc
#   datatype: float64
#   format: '{:15.8f}'
#   description: '? Median of the geometric distance posterior (r_med_geo)'
#   meta: !!omap
#   - {ucd: PHYS_DISTANCE_TRUE}
#   - {width: 15}
#   - {precision: '8'}
#   - values: {'null': .nan}
# - name: Plx
#   unit: mas
#   datatype: float64
#   format: '{:9.4f}'
#   description: '? Parallax (parallax)'
#   meta: !!omap
#   - {ucd: POS_PARLX_TRIG}
#   - {width: 9}
#   - {precision: '4'}
#   - values: {'null': .nan}
# - name: e_Plx
#   unit: mas
#   datatype: float32
#   format: '{:7.4f}'
#   description: '? Standard error of parallax (parallax_error)'
#   meta: !!omap
#   - {ucd: ERROR}
#   - {width: 7}
#   - {precision: '4'}
#   - values: {'null': .nan}
# - name: pmRA
#   unit: mas / yr
#   datatype: float64
#   format: '{:9.3f}'
#   description: '? Proper motion in right ascension direction, pmRA*cosDE (pmra)'
#   meta: !!omap
#   - {ucd: POS_EQ_PMRA}
#   - {width: 9}
#   - {precision: '3'}
#   - values: {'null': .nan}
# - name: pmDE
#   unit: mas / yr
#   datatype: float64
#   format: '{:9.3f}'
#   description: '? Proper motion in declination direction (pmdec)'
#   meta: !!omap
#   - {ucd: POS_EQ_PMDEC}
#   - {width: 9}
#   - {precision: '3'}
#   - values: {'null': .nan}
# - name: e_pmRA
#   unit: mas / yr
#   datatype: float32
#   format: '{:6.3f}'
#   description: '? Standard error of proper motion in right ascension direction (pmra_error)'
#   meta: !!omap
#   - {ucd: ERROR}
#   - {width: 6}
#   - {precision: '3'}
#   - values: {'null': .nan}
# - name: e_pmDE
[...]
#         unit: &id001 !astropy.units.Unit {unit: deg}
#         value: !astropy.table.SerializedColumn {name: SkyCoord.dec}
#       distance: !astropy.table.SerializedColumn
#         __class__: astropy.coordinates.distances.Distance
#         unit: !astropy.units.Unit {unit: pc}
#         value: !astropy.table.SerializedColumn {name: SkyCoord.distance}
#       frame: icrs
#       obstime: !astropy.time.Time {format: jyear_str, in_subfmt: '*', jd1: 367701545.0, jd2: 0.0, out_subfmt: '*', precision: 3, scale: tt}
#       pm_dec: !astropy.table.SerializedColumn
#         __class__: astropy.units.quantity.Quantity
#         unit: !astropy.units.Unit {unit: mas / yr}
#         value: !astropy.table.SerializedColumn {name: SkyCoord.pm_dec}
#       pm_ra_cosdec: !astropy.table.SerializedColumn
#         __class__: astropy.units.quantity.Quantity
#         unit: !astropy.units.Unit {unit: mas / yr}
#         value: !astropy.table.SerializedColumn {name: SkyCoord.pm_ra_cosdec}
#       ra: !astropy.table.SerializedColumn
#         __class__: astropy.coordinates.angles.Longitude
#         unit: *id001
#         value: !astropy.table.SerializedColumn {name: SkyCoord.ra}
#         wrap_angle: !astropy.coordinates.Angle
#           unit: *id001
#           value: 360.0
#       representation_type: spherical
# schema: astropy-2.0
RA_ICRS_1 DE_ICRS_1 e_RA_ICRS e_DE_ICRS _r_1 HIP TYC2 Source rgeo Plx e_Plx pmRA pmDE e_pmRA e_pmDE RUWE Teff logg Gmag BP-RP BPmag RPmag RV e_RV b_rgeo B_rgeo FG e_FG FBP e_FBP FRP e_FRP RAVE5 RAVE6 e_Gmag e_BPmag e_RPmag e_BP-RP SkyCoord.ra SkyCoord.dec SkyCoord.distance SkyCoord.pm_ra_cosdec SkyCoord.pm_dec
[from data line 604]
279.00778880979 -8.56094204694 0.0249 0.0228 23.4324 "" "" 4156432133745376896 1644.25635 0.5632 0.0276 -1.435 -14.344 0.033 0.031 1.08 6371.7 3.5315 14.751764 1.949034 15.726689 13.777656 76.96 6.11 1570.89929 1721.40271 23672.32926 52.974 6994.3 32.115 24440.0 183.48 "" "" 0.003673561249030294 0.0057129576 0.008984587 0.014697544 279.00778880979 -8.56094204694 1644.25635 -1.4349999999999998 -14.343999999999998
279.26495736795 -7.94087039671 0.0253 0.0254 17.0057 "" "" 4156535036854962944 1881.00037 0.4842 0.0266 -2.254 -0.315 0.032 0.028 1.015 5116.1 3.0802 14.752971 2.022722 15.779131 13.756409 32.83 7.04 1800.60608 1973.24963 23646.04223 7.6363 6664.5 19.134 24923.0 25.343 "" "" 0.002777540397672481 0.0041835257 0.003937336 0.008120862 279.26495736795 -7.94087039671 1881.00037 -2.254 -0.31500000000000006
279.40619607006 -8.2199334353 0.0237 0.0248 16.8326 "" "" 4156467867874195328 1725.71289 0.5386 0.0305 1.199 -0.865 0.029 0.024 0.956 6099.5 3.4704 14.755605 1.695054 15.562693 13.867639 "" "" 1650.95789 1821.6178 23588.7401 8.391 8134.7 31.46 22496.0 18.268 "" "" 0.0027822570441182687 0.0050414572 0.0038808612 0.008922318 279.40619607006 -8.2199334353 1725.71289 1.199 -0.8650000000000001
279.20585589222 -7.84292752251 0.0322 0.0301 21.2535 "" "" 4156539572353649792 2007.84448 0.4493 0.0306 0.914 -1.078 0.043 0.037 1.183 9490.4 3.9887 14.761687 1.148616 15.233969 14.085353 "" "" 1905.23181 2149.05786 23456.96531 8.8529 11011.0 14.448 18408.0 29.652 "" "" 0.002785623661271128 0.0031328339 0.0041644294 0.0072972635 279.20585589222 -7.84292752251 2007.84448 0.914 -1.078
279.07051286593 -8.25569487048 0.0241 0.023 5.1834 "" "" 4156510645750066816 1882.19934 0.4963 0.029 -0.285 -2.426 0.03 0.028 0.964 10832.7 4.1752 14.764856 1.303325 15.310733 14.007408 "" "" 1782.12195 2021.29895 23388.59878 8.1517 10259.0 15.96 19779.0 92.758 "" "" 0.002781184510255917 0.0032616046 0.006341148 0.0096027525 279.07051286593 -8.25569487048 1882.19934 -0.2849999999999999 -2.4259999999999997
279.17779341946 -8.22179526749 0.0223 0.0207 3.7568 "" "" 4156509511878652416 2111.41528 0.4385 0.0261 2.829 -2.511 0.029 0.024 0.981 5559.5 3.393 14.770199 1.951531 15.743918 13.792387 "" "" 1996.5127 2231.89185 23273.79841 8.249 6884.1 19.837 24110.0 28.825 "" "" 0.0027820633154433424 0.004192055 0.003996086 0.0081881415 279.17779341946 -8.22179526749 2111.41528 2.8289999999999997 -2.5110000000000006
279.48398552613 -8.07658371946 0.0222 0.0204 22.3663 "" "" 4252594321223511424 2260.25024 0.4045 0.024 -2.839 -2.98 0.03 0.027 0.998 "" "" 14.771893 2.410308 16.066336 13.656028 -20.66 2.76 2100.97974 2374.34448 23237.51061 10.381 5115.4 15.905 27337.0 31.886 "" "" 0.002797686404498328 0.00437963 0.003985915 0.008365545 279.48398552613 -8.07658371946 2260.25024 -2.839 -2.98
279.36210289182 -8.13692414133 0.023 0.0213 14.4331 "" "" 4156515662272143488 2054.46313 0.4477 0.0257 0.174 -1.034 0.031 0.025 0.976 9660.0 3.8649 14.772761 1.126323 15.242874 14.116551 "" "" 1953.10608 2164.00439 23218.93494 6.7039 10921.0 16.876 17887.0 14.582 "" "" 0.0027730955579896312 0.0032557559 0.0038816454 0.007137401 279.36210289182 -8.13692414133 2054.46313 0.174 -1.034
279.17581920515 -7.85284973966 0.0267 0.0278 20.3316 "" "" 4156539641060032640 2236.82495 0.4108 0.0304 -0.236 -2.953 0.032 0.03 0.987 "" "" 14.780115 "" "" "" "" "" 2086.50171 2382.68115 23062.20355 8.9305 "" "" "" "" "" "" 0.0027872128261116 "" "" "" 279.17581920515 -7.85284973966 2236.82495 -0.23599999999999993 -2.9529999999999994
279.43962527292 -8.32265404489 0.0248 0.0237 20.378 "" "" 4156462988791293056 1784.30151 0.5162 0.0283 -0.726 -0.987 0.033 0.029 0.934 7179.6 3.6335 14.780621 1.675875 15.573675 13.8978 -17.2 37.06 1696.17676 1907.31396 23051.46923 12.569 8052.8 18.825 21880.0 34.43 "" "" 0.0028182017336852304 0.0037718841 0.004147612 0.007919496 279.43962527292 -8.32265404489 1784.30151 -0.726 -0.987
278.88030556586 -8.06400065019 0.0242 0.0227 16.3041 "" "" 4156529474886916224 1745.25598 0.5323 0.0297 -0.3 -0.514 0.028 0.023 1.049 4930.4 3.0296 14.783328 2.292572 15.999432 13.70686 7.98 5.54 1660.10046 1852.38867 22994.05816 14.912 5440.6 16.992 26086.0 21.209 "" "" 0.002843865238104336 0.004391312 0.0038811045 0.008272417 278.88030556586 -8.06400065019 1745.25598 -0.3 -0.5140000000000001
279.20339513761 -8.31786874472 0.0235 0.0213 9.0941 "" "" 4156506488221594368 1929.62512 0.4903 0.0277 -0.663 -2.576 0.029 0.023 1.01 "" "" 14.785186 1.026065 15.206331 14.180266 "" "" 1827.78101 2035.33545 22954.742 6.5409 11295.0 28.954 16868.0 20.947 "" "" 0.0027726348730668818 0.0039409804 0.0040126806 0.007953661 279.20339513761 -8.31786874472 1929.62512 -0.663 -2.576
279.16520396473 -8.32301375635 0.0329 0.0278 8.458 "" "" 4156506625660949376 1763.59265 0.5465 0.0373 -2.536 -6.162 0.043 0.03 1.163 "" "" 14.788557 1.349403 15.389853 14.040449 "" "" 1660.50439 1861.82288 22883.57281 11.104 9538.4 33.212 19186.0 81.77 "" "" 0.0028052364052686177 0.004698603 0.005974633 0.010673236 279.16520396473 -8.32301375635 1763.59265 -2.536 -6.162000000000002
279.18798295502 -8.2314285366 0.0247 0.0228 4.5812 "" "" 4156509301409344896 1621.34583 0.5844 0.0287 2.085 1.994 0.03 0.025 0.974 "" "" 14.789218 1.364671 15.385441 14.02077 "" "" 1549.29773 1704.57495 22869.65542 8.1908 9577.2 34.364 19537.0 22.189 "" "" 0.002782624644128296 0.004791847 0.0039754626 0.00876731 279.18798295502 -8.2314285366 1621.34583 2.085 1.9939999999999998
279.28676694518 -8.29929543918 0.0232 0.0213 11.7216 "" "" 4156460961566481408 2179.18164 0.4174 0.026 -3.569 -4.431 0.029 0.024 1.051 "" "" 14.790174 2.423665 16.098871 13.675206 11.53 5.06 2041.19666 2297.92822 22849.52545 10.162 4964.4 13.615 26858.0 25.28 "" "" 0.0027973109648630214 0.004080626 0.0039151115 0.007995738 279.28676694518 -8.29929543918 2179.18164 -3.569 -4.431
279.33349681626 -8.159716526 0.0224 0.0208 12.5208 "" "" 4156515490473452800 1951.74658 0.4787 0.0261 -0.753 -1.199 0.029 0.024 0.979 7811.5 3.5815 14.791631 1.328425 15.375502 14.047076 "" "" 1840.06189 2053.52124 22818.89552 7.4055 9665.3 20.545 19069.0 17.451 "" "" 0.0027777590806714646 0.0036209673 0.0039078114 0.0075287786 279.33349681626 -8.159716526 1951.74658 -0.753 -1.1990000000000003
278.79583398907 -8.01260792501 0.0234 0.0214 22.1814 "" "" 4156717800606497920 2051.14136 0.4348 0.0267 -2.143 -5.842 0.03 0.027 1.095 4787.5 2.388 14.791799 2.588563 16.225132 13.636569 -47.05 5.23 1948.51489 2144.94727 22815.35361 22.496 4419.4 18.508 27831.0 76.676 "" "" 0.0029559842149228825 0.005334776 0.004819896 0.010154672 278.79583398907 -8.01260792501 2051.14136 -2.1429999999999993 -5.8420000000000005
278.82279738072 -8.14193948718 0.0226 0.0212 18.1358 "" "" 4156504632795388032 2234.802 0.4048 0.0264 -0.509 -1.339 0.025 0.022 0.976 4656.2 2.1149 14.793003 2.443129 16.097933 13.654804 8.99 2.54 2096.8811 2341.06958 22790.06091 11.842 4968.7 24.922 27368.0 84.799 "" "" 0.002812484350079288 0.006119 0.005059749 0.011178749 278.82279738072 -8.14193948718 2234.802 -0.509 -1.3390000000000002
279.32172275909 -8.51864285017 0.0246 0.0213 23.0379 "" "" 4156453058826538496 1600.61023 0.5813 0.0283 -0.473 -4.201 0.027 0.023 1.011 9243.9 3.8774 14.794308 1.279939 15.340836 14.060897 "" "" 1541.58936 1679.73254 22762.70208 6.8034 9978.9 21.362 18828.0 15.981 "" "" 0.002774363957782342 0.0036314188 0.0038901158 0.0075215343 279.32172275909 -8.51864285017 1600.61023 -0.47300000000000003 -4.201
278.87918976909 -8.17555512534 0.025 0.0238 14.5939 "" "" 4156501368620167424 2090.0957 0.4282 0.0262 -1.946 -4.803 0.028 0.025 1.032 4888.9 2.8867 14.797323 2.524906 16.184198 13.659292 37.61 3.14 1978.60034 2205.52563 22699.55986 12.726 4589.2 12.619 27255.0 29.755 "" "" 0.0028217543122521786 0.004086326 0.0039609 0.008047226 278.87918976909 -8.17555512534 2090.0957 -1.9460000000000002 -4.803
278.86379626567 -8.1284083117 0.0235 0.0217 15.8961 "" "" 4156528100497355136 1948.44727 0.4734 0.0258 -1.736 -3.09 0.026 0.023 0.985 6828.4 3.5011 14.801499 1.645662 15.573234 13.927571 5.76 12.18 1843.82214 2037.10535 22612.41882 6.9055 8056.1 21.515 21288.0 16.001 "" "" 0.0027751984865869604 0.004024032 0.0038664874 0.00789052 278.86379626567 -8.1284083117 1948.44727 -1.736 -3.0900000000000003
279.33733808719 -8.07401669477 0.0223 0.0213 14.3646 "" "" 4156518273612292608 2027.4165 0.4551 0.026 -0.061 -1.274 0.03 0.024 0.924 10262.6 3.9546 14.802361 1.118812 15.268259 14.149447 "" "" 1927.23889 2122.96509 22594.47653 7.6941 10669.0 21.658 17353.0 25.062 "" "" 0.002780015580509179 0.0035556757 0.0040917685 0.0076474445 279.33733808719 -8.07401669477 2027.4165 -0.060999999999999985 -1.2739999999999998
279.46571287898 -8.00550408398 0.0764 0.066 23.0287 "" "" 4252595626893650560 2311.90747 0.4251 0.0819 0.047 -1.987 0.106 0.081 3.292 7921.6 3.3362 14.802641 1.46762 15.434089 13.966469 20.55 11.24 1923.28101 2980.21606 22588.65489 19.497 9157.6 19.174 20539.0 23.548 "" "" 0.002910328104612906 0.0035990148 0.003979102 0.007578117 279.46571287898 -8.00550408398 2311.90747 0.04700000000000001 -1.987
278.90274541297 -8.33933863549 0.0254 0.0245 16.0034 "" "" 4156485700579313920 2068.73608 0.4393 0.0263 -0.058 -0.093 0.031 0.028 1.085 9047.0 3.6093 14.803854 1.669036 15.580916 13.911881 "" "" 1943.44653 2204.51318 22563.4291 8.8419 7999.3 15.592 21598.0 15.586 "" "" 0.0027879760902672994 0.003501958 0.0038597432 0.007361701 278.90274541297 -8.33933863549 2068.73608 -0.05800000000000001 -0.093
279.28532180672 -8.26717781433 0.0238 0.0206 10.6635 "" "" 4156461610092351872 1961.69714 0.4714 0.0265 -0.074 -2.605 0.031 0.024 0.891 9725.3 3.9779 14.804481 1.000541 15.215013 14.214473 "" "" 1871.24341 2063.09351 22550.39891 6.4002 11205.0 21.695 16344.0 22.492 "" "" 0.002772498233319486 0.0034934587 0.0040640137 0.007557472 279.28532180672 -8.26717781433 1961.69714 -0.07400000000000001 -2.605
279.12071326053 -8.15108717669 0.0279 0.0276 2.2205 "" "" 4156513738126565760 2274.85913 0.4023 0.031 -0.042 -2.609 0.04 0.036 1.036 "" "" 14.805694 1.061626 15.245931 14.184305 "" "" 2136.21509 2441.60864 22525.23616 8.7609 10890.0 24.138 16805.0 29.175 "" "" 0.0027874921334507478 0.0036846448 0.004223353 0.007907998 279.12071326053 -8.15108717669 2274.85913 -0.042 -2.6090000000000004
279.11444809821 -8.25551886972 0.0248 0.0222 4.1021 "" "" 4156510783188988928 1990.22729 0.4646 0.0288 0.105 -2.013 0.032 0.025 0.95 9723.0 4.1177 14.80578 1.101249 15.264533 14.163284 "" "" 1892.68433 2106.45142 22523.43635 6.9154 10705.0 16.059 17133.0 24.6 "" "" 0.0027754125732519877 0.0032307734 0.0040882737 0.007319047 279.11444809821 -8.25551886972 1990.22729 0.10499999999999998 -2.0129999999999995
279.31725486433 -8.49082334213 0.0251 0.0228 21.4745 "" "" 4156453432473583872 2254.9375 0.4061 0.0275 -0.906 -4.099 0.029 0.025 0.972 8998.9 3.5124 14.814119 1.427592 15.454885 14.027292 "" "" 2154.56323 2385.12744 22351.11007 7.8257 8983.9 18.899 19420.0 21.765 "" "" 0.0027814203244573323 0.0036057946 0.003970444 0.007576239 279.31725486433 -8.49082334213 2254.9375 -0.9059999999999999 -4.098999999999999
278.84396887517 -8.09975185621 0.0271 0.024 17.4873 "" "" 4156528925131100928 1961.31897 0.4725 0.0308 0.187 -0.487 0.03 0.025 1.159 9700.0 4.039 14.823533 1.252973 15.36074 14.107767 "" "" 1819.80713 2097.38916 22158.14339 7.4121 9797.6 19.219 18032.0 13.911 "" "" 0.002779153710377812 0.0035101317 0.003871086 0.0073812176 278.84396887517 -8.09975185621 1961.31897 0.187 -0.48700000000000004
279.08278274171 -8.05866211254 0.0236 0.0227 8.1422 "" "" 4156526623028825600 1585.86951 0.5902 0.0266 -0.025 -2.876 0.03 0.025 0.997 7923.7 3.932 14.824069 1.368589 15.43135 14.06276 "" "" 1522.90137 1661.78613 22147.20848 7.2118 9180.7 18.247 18796.0 31.853 "" "" 0.002777910354022785 0.0035272888 0.0042034737 0.0077307625 279.08278274171 -8.05866211254 1585.86951 -0.02500000000000001 -2.8759999999999994
279.1573115275 -8.07898366901 0.0271 0.0287 6.8172 "" "" 4156520472635626752 2092.21069 0.4411 0.0326 -0.037 -0.48 0.036 0.03 1.001 "" "" 14.824687 1.016695 15.238299 14.221604 "" "" 1991.36279 2241.49097 22134.60601 7.9708 10967.0 21.929 16237.0 25.436 "" "" 0.0027829219644581933 0.003535278 0.00414447 0.0076797483 279.1573115275 -8.07898366901 2092.21069 -0.037 -0.48
278.9886994679 -8.21600103562 0.0259 0.0233 8.2453 "" "" 4156511779621517312 2192.28345 0.4066 0.0274 -0.648 -4.27 0.028 0.024 0.844 4891.5 2.4661 14.82764 2.504804 16.194464 13.68966 -9.75 3.61 2043.3385 2322.6311 22074.50547 9.4538 4546.0 11.23 26503.0 28.947 "" "" 0.002794280094887228 0.003870232 0.003961059 0.00783129 278.9886994679 -8.21600103562 2192.28345 -0.6480000000000001 -4.27
279.19722225387 -8.44899127585 0.0228 0.0202 16.2482 "" "" 4156434229689349120 1790.70923 0.5208 0.0251 2.244 -0.894 0.026 0.023 0.967 7464.5 3.7739 14.829609 1.734986 15.660556 13.92557 "" "" 1709.82544 1874.45654 22034.50324 7.1569 7433.5 12.194 21327.0 19.841 "" "" 0.0027777963610833302 0.0033101665 0.0039120326 0.007222199 279.19722225387 -8.44899127585 1790.70923 2.2440000000000007 -0.894
279.02743304962 -8.07828086163 0.0282 0.027 8.7503 "" "" 4156526932266197888 1861.97217 0.4927 0.0297 -0.859 -0.833 0.034 0.028 1.095 9024.5 3.6265 14.831267 1.490233 15.508017 14.017783 "" "" 1761.41223 1985.3656 22000.86574 7.1693 8554.8 18.025 19590.0 18.827 "" "" 0.0027779427358068046 0.0036081013 0.0039207796 0.0075288806 279.02743304962 -8.07828086163 1861.97217 -0.859 -0.8329999999999999
278.9510733321 -7.96070707092 0.0255 0.0247 17.0904 "" "" 4156532017507579136 1832.60242 0.5027 0.0297 -0.497 -3.444 0.031 0.025 1.091 6087.9 3.403 14.831403 1.980695 15.825373 13.844678 27.92 11.09 1745.95044 1935.36072 21998.11525 9.0256 6386.6 15.289 22977.0 29.605 "" "" 0.002791098293434564 0.003813227 0.004029979 0.007843206 278.9510733321 -7.96070707092 1832.60242 -0.49700000000000005 -3.444
279.13741920382 -8.21608214789 0.0249 0.0238 1.8546 "" "" 4156512466816182272 1738.69141 0.5316 0.029 -1.008 -3.435 0.03 0.026 0.999 6649.7 3.8479 14.834866 1.615534 15.594122 13.978588 94.5 7.68 1651.0636 1849.505 21928.0815 6.9071 7902.6 16.671 20311.0 23.788 "" "" 0.0027764635433548844 0.0036098605 0.0039875675 0.007597428 279.13741920382 -8.21608214789 1738.69141 -1.0080000000000002 -3.435
279.24151765422 -8.28200869218 0.0241 0.0224 8.9489 "" "" 4156508137489037440 2088.41113 0.4452 0.0278 -0.128 -2.645 0.03 0.025 1.118 7843.3 3.4873 14.837651 1.073049 15.282222 14.209172 "" "" 1961.49634 2199.87671 21871.89564 7.4316 10532.0 18.856 16424.0 23.208 "" "" 0.0027799071673221725 0.0034005302 0.00407891 0.0074794404 279.24151765422 -8.28200869218 2088.41113 -0.12800000000000003 -2.645
279.13992493694 -7.96693253194 0.0274 0.0293 13.2889 "" "" 4156534246580931072 1718.32581 0.5443 0.0304 0.462 0.298 0.035 0.033 0.999 9249.9 3.9664 14.839695 1.192736 15.347797 14.155062 "" "" 1632.26868 1823.52185 21830.75203 7.3947 9915.1 19.378 17264.0 24.96 "" "" 0.0027797561213245177 0.0035053876 0.0040924083 0.0075977957 279.13992493694 -7.96693253194 1718.32581 0.462 0.29800000000000004
279.3833913124 -8.07221820143 0.0237 0.024 16.8653 "" "" 4156518136173567616 2260.01074 0.3959 0.0291 -2.814 -4.171 0.033 0.026 0.958 4741.7 3.0218 14.841953 2.272924 16.04256 13.769637 60.38 4.35 2134.2229 2391.53662 21785.38568 8.6378 5228.7 15.452 24621.0 31.829 "" "" 0.0027887470867622916 0.004252075 0.0040316004 0.008283676 279.3833913124 -8.07221820143 2260.01074 -2.814 -4.171
