Clusters/NGC_6664/NGC_6664_stars_in_region.tsv
# %ECSV 1.0
# ---
# datatype:
# - name: RA_ICRS_1
#   unit: deg
#   datatype: float64
#   format: '{:15.11f}'
#   description: Right ascension (ICRS) at Ep=2016.0 (ra)
#   meta: !!omap
#   - {ucd: POS_EQ_RA_MAIN}
#   - {width: 15}
#   - {precision: '11'}
# - name: DE_ICRS_1
#   unit: deg
#   datatype: float64
#   format: '{:15.11f}'
#   description: Declination (ICRS) at Ep=2016.0 (dec)
#   meta: !!omap
#   - {ucd: POS_EQ_DEC_MAIN}
#   - {width: 15}
#   - {precision: '11'}
# - name: e_RA_ICRS
#   unit: mas
#   datatype: float64
#   format: '{:7.4f}'
#   description: Standard error of right ascension (ra_error)
#   meta: !!omap
#   - {ucd: ERROR}
#   - {width: 7}
#   - {precision: '4'}
# - name: e_DE_ICRS
#   unit: mas
#   datatype: float64
#   format: '{:7.4f}'
#   description: Standard error of declination (dec_error)
#   meta: !!omap
#   - {ucd: ERROR}
#   - {width: 7}
#   - {precision: '4'}
# - name: _r_1
#   unit: ''
#   datatype: float64
#   format: '{:7.4f}'
#   description: Distance from center (279.12460659000-08.18789414000)[ICRS], at Epoch=J2016.0
#   meta: !!omap
#   - {ucd: POS_ANG_DIST_GENERAL}
#   - {width: 7}
#   - {precision: '4'}
# - name: HIP
#   datatype: int32
#   description: '? HIP cross-id number, van Leeuwen, Cat. I/311 (hip_original_ext_source_id)'
#   meta: !!omap
#   - {ucd: ID_NUMBER}
#   - {width: 6}
#   - values: {'null': -2147483648}
# - name: TYC2
#   datatype: string
#   description: Tycho-2 cross-id name, Hog et al., Cat. I/259 (tyc2_original_ext_source_id)
#   meta: !!omap
#   - {ucd: ID_CROSSID}
#   - {_votable_string_dtype: char}
# - name: Source
#   datatype: int64
#   description: Source identifier, identical to the Gaia-EDR3 source_id (id)
#   meta: !!omap
#   - {ucd: ID_MAIN}
#   - {width: 19}
# - name: rgeo
#   unit: pc
#   datatype: float64
#   format: '{:15.8f}'
#   description: '? Median of the geometric distance posterior (r_med_geo)'
#   meta: !!omap
#   - {ucd: PHYS_DISTANCE_TRUE}
#   - {width: 15}
#   - {precision: '8'}
#   - values: {'null': .nan}
# - name: Plx
#   unit: mas
#   datatype: float64
#   format: '{:9.4f}'
#   description: '? Parallax (parallax)'
#   meta: !!omap
#   - {ucd: POS_PARLX_TRIG}
#   - {width: 9}
#   - {precision: '4'}
#   - values: {'null': .nan}
# - name: e_Plx
#   unit: mas
#   datatype: float32
#   format: '{:7.4f}'
#   description: '? Standard error of parallax (parallax_error)'
#   meta: !!omap
#   - {ucd: ERROR}
#   - {width: 7}
#   - {precision: '4'}
#   - values: {'null': .nan}
# - name: pmRA
#   unit: mas / yr
#   datatype: float64
#   format: '{:9.3f}'
#   description: '? Proper motion in right ascension direction, pmRA*cosDE (pmra)'
#   meta: !!omap
#   - {ucd: POS_EQ_PMRA}
#   - {width: 9}
#   - {precision: '3'}
#   - values: {'null': .nan}
# - name: pmDE
#   unit: mas / yr
#   datatype: float64
#   format: '{:9.3f}'
#   description: '? Proper motion in declination direction (pmdec)'
#   meta: !!omap
#   - {ucd: POS_EQ_PMDEC}
#   - {width: 9}
#   - {precision: '3'}
#   - values: {'null': .nan}
# - name: e_pmRA
#   unit: mas / yr
#   datatype: float32
#   format: '{:6.3f}'
#   description: '? Standard error of proper motion in right ascension direction (pmra_error)'
#   meta: !!omap
#   - {ucd: ERROR}
#   - {width: 6}
#   - {precision: '3'}
#   - values: {'null': .nan}
# - name: e_pmDE
[...]
#         unit: &id001 !astropy.units.Unit {unit: deg}
#         value: !astropy.table.SerializedColumn {name: SkyCoord.dec}
#       distance: !astropy.table.SerializedColumn
#         __class__: astropy.coordinates.distances.Distance
#         unit: !astropy.units.Unit {unit: pc}
#         value: !astropy.table.SerializedColumn {name: SkyCoord.distance}
#       frame: icrs
#       obstime: !astropy.time.Time {format: jyear_str, in_subfmt: '*', jd1: 367701545.0, jd2: 0.0, out_subfmt: '*', precision: 3, scale: tt}
#       pm_dec: !astropy.table.SerializedColumn
#         __class__: astropy.units.quantity.Quantity
#         unit: !astropy.units.Unit {unit: mas / yr}
#         value: !astropy.table.SerializedColumn {name: SkyCoord.pm_dec}
#       pm_ra_cosdec: !astropy.table.SerializedColumn
#         __class__: astropy.units.quantity.Quantity
#         unit: !astropy.units.Unit {unit: mas / yr}
#         value: !astropy.table.SerializedColumn {name: SkyCoord.pm_ra_cosdec}
#       ra: !astropy.table.SerializedColumn
#         __class__: astropy.coordinates.angles.Longitude
#         unit: *id001
#         value: !astropy.table.SerializedColumn {name: SkyCoord.ra}
#         wrap_angle: !astropy.coordinates.Angle
#           unit: *id001
#           value: 360.0
#       representation_type: spherical
# schema: astropy-2.0
RA_ICRS_1 DE_ICRS_1 e_RA_ICRS e_DE_ICRS _r_1 HIP TYC2 Source rgeo Plx e_Plx pmRA pmDE e_pmRA e_pmDE RUWE Teff logg Gmag BP-RP BPmag RPmag RV e_RV b_rgeo B_rgeo FG e_FG FBP e_FBP FRP e_FRP RAVE5 RAVE6 e_Gmag e_BPmag e_RPmag e_BP-RP SkyCoord.ra SkyCoord.dec SkyCoord.distance SkyCoord.pm_ra_cosdec SkyCoord.pm_dec
[from data line 1946]
279.4485062351 -8.21160498867 0.0458 0.0431 19.2878 "" "" 4156467279449388672 2274.46143 0.4218 0.0503 0.744 -0.048 0.059 0.052 1.063 7850.4 4.337 16.328514 1.562831 17.048742 15.485911 "" "" 2048.64966 2511.10376 5540.39747 5.8085 2069.8 16.019 5067.5 18.312 "" "" 0.002981184370594572 0.008854065 0.0054476657 0.01430173 279.4485062351 -8.21160498867 2274.46143 0.7439999999999999 -0.048
278.95903876355 -8.30208100639 0.0956 0.0915 11.9831 "" "" 4156487659084390272 1647.43481 0.6267 0.0993 3.324 -0.868 0.123 0.122 1.349 "" "" 16.328554 2.025946 17.188698 15.162752 "" "" 1358.42957 2195.66968 5540.19636 6.0289 1819.4 11.532 6824.3 16.472 "" "" 0.0029979583461070703 0.0074258964 0.0045990916 0.0120249875 278.95903876355 -8.30208100639 1647.43481 3.324 -0.8679999999999999
278.9824841032 -8.42540729922 0.0467 0.0438 16.5615 "" "" 4156481268172898816 1657.45349 0.5688 0.0524 -2.217 2.482 0.058 0.049 0.899 5495.8 3.757 16.328987 2.082758 17.394152 15.311394 "" "" 1544.51355 1798.18811 5537.98355 3.5226 1505.8 7.6991 5951.1 11.102 "" "" 0.002840552475783603 0.0062130746 0.004287925 0.010500999 278.9824841032 -8.42540729922 1657.45349 -2.217 2.482
279.06573510475 -8.17647913791 0.0544 0.0539 3.5628 "" "" 4156512295017571328 1887.86609 0.5137 0.0624 0.223 0.38 0.07 0.064 1.064 8084.9 4.2119 16.329477 1.576063 17.052458 15.476395 "" "" 1707.24243 2205.10327 5535.48318 4.5852 2062.7 8.8942 5112.1 25.798 "" "" 0.002898381182423281 0.005450001 0.006656163 0.012106163 279.06573510475 -8.17647913791 1887.86609 0.22300000000000003 0.37999999999999995
278.85034485496 -8.41068983069 0.0498 0.0482 21.0676 "" "" 4156484188750804096 2106.77881 0.4471 0.0522 0.617 -1.952 0.061 0.056 1.002 5529.7 4.1068 16.33073 2.038034 17.360907 15.322873 "" "" 1913.625 2317.55933 5529.10236 3.4515 1552.6 10.327 5888.6 17.797 "" "" 0.002837455090926045 0.0077419546 0.005005128 0.012747083 278.85034485496 -8.41068983069 2106.77881 0.6170000000000001 -1.952
278.92027791717 -8.07694278729 0.0497 0.0469 13.8423 "" "" 4156528753332384640 2155.32471 0.4607 0.0575 -0.983 -3.537 0.056 0.048 0.977 7411.9 4.2928 16.330788 1.849095 17.232878 15.383782 "" "" 1922.13062 2434.81128 5528.80605 3.3389 1746.9 13.125 5567.3 19.726 "" "" 0.0028322631291801226 0.00862145 0.0053928564 0.014014306 278.92027791717 -8.07694278729 2155.32471 -0.9829999999999998 -3.5369999999999995
279.17429200144 -8.33298422647 0.0537 0.0497 9.1917 "" "" 4156506419502126208 1800.41516 0.5383 0.0617 2.151 -0.67 0.062 0.05 1.034 5408.5 3.8319 16.332039 1.649921 17.10216 15.452238 "" "" 1592.37805 2060.83447 5522.44254 3.6728 1970.4 10.991 5227.1 59.859 "" "" 0.002848368148501773 0.0066681164 0.012995204 0.01966332 279.17429200144 -8.33298422647 1800.41516 2.150999999999999 -0.67
278.84173996567 -8.09574767787 0.0498 0.0439 17.6872 "" "" 4156528925131105152 2276.99634 0.406 0.0566 -0.948 -3.207 0.055 0.046 0.988 5316.7 4.1717 16.332565 1.856214 17.247654 15.39144 "" "" 2054.14746 2610.00635 5519.76832 3.5046 1723.3 8.44 5528.2 14.175 "" "" 0.0028402460226673943 0.0060050506 0.004694058 0.010699108 278.84173996567 -8.09574767787 2276.99634 -0.9479999999999997 -3.207
279.37167700179 -8.19655782706 0.0465 0.0461 14.6822 "" "" 4156468207162370560 2323.12744 0.4209 0.0548 0.021 -1.367 0.058 0.049 0.988 8747.0 4.323 16.332779 1.381569 16.953377 15.571808 "" "" 2065.61328 2632.46411 5518.68044 3.3697 2259.8 11.682 4682.0 13.859 "" "" 0.0028339532674733145 0.0062679662 0.004961101 0.011229067 279.37167700179 -8.19655782706 2323.12744 0.020999999999999998 -1.367
278.7392283831 -8.1875930202 0.0498 0.0474 22.887 "" "" 4156504701514892416 1621.34338 0.5924 0.0563 0.211 -0.462 0.054 0.047 1.036 8904.7 4.3141 16.332952 1.664841 17.10669 15.441849 "" "" 1499.9668 1753.65588 5517.79915 3.8454 1962.2 12.636 5277.4 42.464 "" "" 0.0028573276933511107 0.0075279935 0.00951871 0.017046703 278.7392283831 -8.1875930202 1621.34338 0.21100000000000002 -0.46199999999999997
279.18429552395 -7.8247206718 0.0528 0.0502 22.0771 "" "" 4156539847218480128 1987.25 0.4974 0.0543 0.24 -4.111 0.069 0.059 0.994 5381.3 4.208 16.334064 1.712823 17.14884 15.436017 "" "" 1810.82129 2209.93872 5512.148 3.551 1887.5 8.0302 5305.8 16.669 "" "" 0.0028427124267721856 0.0053964574 0.0050910427 0.010487501 279.18429552395 -7.8247206718 1987.25 0.24 -4.111
278.89436655688 -8.01469008147 0.0467 0.0442 17.1769 "" "" 4156531364672547968 2026.98669 0.49 0.0576 -0.543 -2.147 0.055 0.046 0.977 7228.9 4.2611 16.335402 1.718666 17.158562 15.439896 "" "" 1827.07031 2309.4895 5505.36752 5.6448 1870.6 12.72 5286.9 18.795 "" "" 0.0029717132932549246 0.0078926 0.005402021 0.013294621 278.89436655688 -8.01469008147 2026.98669 -0.543 -2.1470000000000002
279.03181262382 -7.92402764359 0.0484 0.048 16.7643 "" "" 4156537923073017600 1772.4231 0.5789 0.0586 3.942 0.489 0.062 0.051 1.023 5070.5 4.2558 16.335821 1.78056 17.20294 15.42238 "" "" 1580.24341 1962.38171 5503.23771 3.6034 1795.7 11.611 5372.9 16.324 "" "" 0.002845556438169761 0.007554514 0.0050164843 0.012570998 279.03181262382 -7.92402764359 1772.4231 3.942 0.48900000000000005
279.05920528133 -8.36529574732 0.0488 0.0467 11.3303 "" "" 4156483295397451520 1869.33643 0.5262 0.0577 -0.225 -2.661 0.063 0.055 1.012 7205.2 4.3401 16.337543 1.693594 17.127241 15.433647 "" "" 1686.46448 2073.4502 5494.51024 3.8174 1925.4 13.834 5317.4 22.532 "" "" 0.0028567126771490794 0.0082849795 0.005954011 0.014238991 279.05920528133 -8.36529574732 1869.33643 -0.22500000000000003 -2.661
279.3289439982 -8.01049890086 0.0479 0.0459 16.1437 "" "" 4156522087543492864 1629.73572 0.5939 0.0513 -0.572 -9.596 0.063 0.052 0.991 5167.4 3.7206 16.337595 2.029232 17.366793 15.337561 "" "" 1505.38171 1817.67822 5494.25806 3.4745 1544.2 6.8823 5809.4 15.112 "" "" 0.002839580444044605 0.0055857706 0.004718109 0.010303879 279.3289439982 -8.01049890086 1629.73572 -0.5719999999999998 -9.595999999999998
279.2004980576 -8.50333502517 0.0461 0.042 19.4553 "" "" 4156430828075186560 1653.34131 0.5728 0.0504 0.904 -2.521 0.053 0.046 0.987 6886.0 4.2161 16.33772 1.966802 17.320381 15.35358 "" "" 1539.12512 1795.53088 5493.62179 3.5081 1611.6 13.866 5724.4 12.499 "" "" 0.002841212839566584 0.009749324 0.0044613634 0.014210688 279.2004980576 -8.50333502517 1653.34131 0.9040000000000001 -2.5209999999999995
278.80479741738 -8.38805726531 0.0492 0.0471 22.4674 "" "" 4156485253902752640 1978.21582 0.4761 0.0549 1.259 -2.266 0.056 0.049 1.055 7176.7 4.0813 16.339815 1.966362 17.325138 15.358776 "" "" 1776.96313 2214.89478 5483.0285 3.2892 1604.6 12.331 5697.0 11.367 "" "" 0.00283125528993451 0.00879781 0.004356225 0.013154035 278.80479741738 -8.38805726531 1978.21582 1.259 -2.266
279.40212261207 -7.97698438013 0.0501 0.0466 20.7825 "" "" 4252598818015074560 2309.60376 0.4008 0.0521 -1.677 -2.943 0.071 0.055 1.054 5499.4 4.2715 16.339838 1.685726 17.135704 15.449978 "" "" 2081.03467 2575.32397 5482.91995 3.8717 1910.4 9.7757 5238.0 18.843 "" "" 0.0028599978214853394 0.0062170844 0.005434972 0.011652056 279.40212261207 -7.97698438013 2309.60376 -1.677 -2.9430000000000005
279.38203196799 -8.4316474577 0.0467 0.0475 21.1537 "" "" 4156455498367978880 2130.50293 0.4595 0.0563 0.892 -1.433 0.056 0.051 0.914 7447.6 4.3687 16.33986 1.73011 17.169893 15.439783 "" "" 1895.60229 2418.02393 5482.79601 3.4209 1851.2 11.668 5287.4 13.086 "" "" 0.0028373750161331548 0.007390277 0.0046372847 0.012027562 279.38203196799 -8.4316474577 2130.50293 0.892 -1.433
279.15446257861 -8.31327548071 0.052 0.0477 7.7289 "" "" 4156506694380055808 2059.39282 0.4721 0.0589 -0.899 -0.167 0.067 0.051 1.058 6055.0 4.2981 16.340605 1.550572 17.057228 15.506656 "" "" 1821.00525 2331.81274 5479.04757 3.5052 2053.6 13.365 4971.6 10.223 "" "" 0.002841522906348138 0.0075969906 0.0043895473 0.011986538 279.15446257861 -8.31327548071 2059.39282 -0.8989999999999999 -0.167
279.0332550674 -8.44880787911 0.047 0.0444 16.5677 "" "" 4156480198709962496 1647.75598 0.5718 0.0539 -2.669 -3.831 0.058 0.052 0.998 4837.3 3.524 16.342295 2.446021 17.665314 15.219293 "" "" 1515.60852 1807.30347 5470.52185 3.9518 1173.0 5.6675 6478.0 15.26 "" "" 0.0028647756261514904 0.0059417365 0.004563464 0.0105052 279.0332550674 -8.44880787911 1647.75598 -2.669 -3.831
279.01256375286 -8.18416554191 0.0524 0.0512 6.6578 "" "" 4156523942968906368 2289.55737 0.4348 0.0661 -2.033 -4.66 0.061 0.053 1.017 6017.9 4.1287 16.34275 1.922995 17.30216 15.379166 "" "" 2002.65845 2577.24048 5468.2262 4.0492 1638.9 11.802 5591.0 14.04 "" "" 0.002870222747564077 0.008301513 0.004660194 0.012961707 279.01256375286 -8.18416554191 2289.55737 -2.0329999999999995 -4.66
278.99736402644 -8.55655287447 0.0478 0.0459 23.3736 "" "" 4156432202464871040 2049.55981 0.4807 0.0547 -0.218 -0.229 0.057 0.052 1.03 8502.3 4.4439 16.34653 1.637122 17.122143 15.485021 "" "" 1822.53027 2257.91626 5449.21574 3.1808 1934.5 10.167 5071.7 12.699 "" "" 0.0028272680344455215 0.006351848 0.004655571 0.011007419 278.99736402644 -8.55655287447 2049.55981 -0.218 -0.229
279.15146271303 -8.49527272294 0.0491 0.0438 18.5115 "" "" 4156433435105830784 2280.3689 0.4126 0.052 0.907 -1.414 0.055 0.046 0.889 8113.0 4.1433 16.34682 1.916748 17.287539 15.370791 "" "" 2053.62866 2798.29272 5447.76951 3.6423 1661.1 8.728 5634.3 15.624 "" "" 0.0028493387126009126 0.0063506076 0.0048320205 0.011182629 279.15146271303 -8.49527272294 2280.3689 0.907 -1.414
279.02480858949 -8.13465848347 0.0487 0.0462 6.7331 "" "" 4156525862805549312 2154.85449 0.4372 0.0552 -1.258 -0.708 0.057 0.049 0.893 5057.8 4.1564 16.346956 1.962627 17.331348 15.368721 "" "" 1899.5813 2426.61768 5447.08992 3.4643 1595.4 9.4744 5645.1 16.527 "" "" 0.0028405290011612352 0.0070255385 0.0049383934 0.011963932 279.02480858949 -8.13465848347 2154.85449 -1.2580000000000002 -0.708
278.85822682878 -8.47010074481 0.0523 0.0518 23.1688 "" "" 4156477900918609792 2036.78857 0.467 0.0602 -1.802 -1.182 0.065 0.055 0.989 7889.3 4.2399 16.348988 1.762938 17.197336 15.434398 "" "" 1782.34741 2298.21167 5436.90783 4.5301 1805.0 12.28 5313.7 14.483 "" "" 0.002900030901702842 0.00789602 0.0048001097 0.01269613 278.85822682878 -8.47010074481 2036.78857 -1.8019999999999998 -1.1819999999999997
279.21516579971 -8.43511109217 0.0475 0.0436 15.7774 "" "" 4156457491232866304 1817.65417 0.526 0.0529 -0.869 -2.635 0.053 0.046 0.933 7440.8 4.2833 16.351345 1.664535 17.13326 15.468726 "" "" 1658.38428 1980.59253 5425.10968 3.7383 1914.8 8.6509 5148.3 12.884 "" "" 0.0028550868668115272 0.005643282 0.004654734 0.010298016 279.21516579971 -8.43511109217 1817.65417 -0.8690000000000001 -2.635
279.29972167735 -8.15127356225 0.0457 0.0455 10.6298 "" "" 4156515932839085440 1800.31836 0.5453 0.0573 -0.999 -0.243 0.062 0.049 0.928 5391.4 4.255 16.35146 1.668339 17.143309 15.47497 "" "" 1634.17212 1998.07922 5424.53773 3.5493 1897.1 9.9289 5118.8 11.118 "" "" 0.0028454280248549593 0.0063304994 0.0044547603 0.010785259 279.29972167735 -8.15127356225 1800.31836 -0.9989999999999999 -0.24300000000000005
279.30870538958 -8.08072344301 0.0477 0.0446 12.6853 "" "" 4156519712408253952 1990.91785 0.4711 0.0524 -2.813 -4.084 0.068 0.052 0.903 6445.3 4.0751 16.351553 1.622695 17.111998 15.489303 "" "" 1798.03589 2301.3374 5424.07645 3.0968 1952.6 11.233 5051.7 11.396 "" "" 0.002824189754221484 0.006840938 0.004503634 0.011344572 279.30870538958 -8.08072344301 1990.91785 -2.813 -4.084
279.02901644997 -7.82525398874 0.0476 0.0509 22.4874 "" "" 4156728172941259648 2227.01782 0.4368 0.0618 -1.473 -3.251 0.066 0.052 1.056 "" "" 16.351736 2.235901 17.5117 15.275799 "" "" 1936.88647 2687.26953 5423.16189 3.5759 1351.3 9.3422 6149.5 18.241 "" "" 0.0028468075802312084 0.0080080265 0.0049654623 0.012973489 279.02901644997 -7.82525398874 2227.01782 -1.4730000000000003 -3.251
279.15571494041 -8.45730749094 0.0459 0.0422 16.27 "" "" 4156434126610166528 2143.1958 0.4373 0.0502 3.602 -2.559 0.053 0.045 1.018 6665.3 4.1623 16.353928 1.959102 17.330587 15.371486 "" "" 1923.91431 2413.50122 5412.21886 3.3695 1596.5 17.538 5630.7 9.9874 "" "" 0.0028370226378336464 0.012249129 0.004241755 0.016490884 279.15571494041 -8.45730749094 2143.1958 3.6020000000000008 -2.559
279.05389897283 -8.57792242084 0.0484 0.0445 23.7751 "" "" 4156431137301131520 1733.36548 0.5525 0.053 -1.053 -3.659 0.056 0.049 0.976 6777.7 4.202 16.354048 1.972083 17.333336 15.361253 "" "" 1614.88794 1899.59106 5411.62539 3.4445 1592.5 11.271 5684.0 10.935 "" "" 0.0028406634290354927 0.008175227 0.0043181772 0.012493404 279.05389897283 -8.57792242084 1733.36548 -1.053 -3.659
279.33306601114 -8.41488544294 0.0508 0.049 18.4029 "" "" 4156454914252454528 2000.27185 0.4697 0.053 -0.38 -2.528 0.059 0.051 0.979 7207.5 4.1562 16.354513 1.75974 17.202057 15.442317 "" "" 1804.54321 2241.77905 5409.30903 4.0277 1797.2 15.84 5275.1 15.537 "" "" 0.0028714699992318884 0.0099678375 0.0049507674 0.014918605 279.33306601114 -8.41488544294 2000.27185 -0.38000000000000006 -2.5280000000000005
279.00545628815 -8.34561898936 0.0543 0.051 11.8156 "" "" 4156486177304945152 2265.02588 0.394 0.0601 0.082 -1.421 0.063 0.055 1.043 4676.3 3.0589 16.35508 3.065021 18.159382 15.09436 "" "" 1998.48218 2571.02368 5406.48161 4.2531 744.16 8.3976 7268.0 11.662 "" "" 0.0028846659873193363 0.01256586 0.0041615823 0.016727442 279.00545628815 -8.34561898936 2265.02588 0.08200000000000002 -1.421
279.28979961724 -8.49501975294 0.0564 0.0534 20.8745 "" "" 4156453368064209920 1748.8053 0.5535 0.0583 -1.0 -6.748 0.059 0.052 1.04 5111.1 4.139 16.355444 2.217301 17.516535 15.299233 "" "" 1613.05164 1968.81592 5404.66735 3.8753 1345.3 8.4709 6018.2 15.893 "" "" 0.0028631900695506394 0.007383967 0.0047439197 0.0121278865 279.28979961724 -8.49501975294 1748.8053 -1.0 -6.748000000000001
279.10569440703 -8.33291862051 0.0524 0.0498 8.7736 "" "" 4156506930586974464 2139.16162 0.4396 0.0597 -0.94 -2.094 0.065 0.055 1.057 "" "" 16.355679 2.222121 17.508438 15.286317 "" "" 1920.88 2417.73804 5403.50363 4.0298 1355.3 11.071 6090.2 12.292 "" "" 0.002871833602228807 0.009297558 0.0043687318 0.01366629 279.10569440703 -8.33291862051 2139.16162 -0.94 -2.094
278.93463835431 -8.51681455381 0.0543 0.0502 22.73 "" "" 4156473812109616000 1887.99731 0.5089 0.0597 0.094 -2.082 0.065 0.055 1.061 8941.8 4.2433 16.356049 1.718385 17.174625 15.456241 "" "" 1704.69958 2098.63184 5401.65835 3.7142 1843.2 9.3581 5207.9 15.8 "" "" 0.002854669075556333 0.0061783036 0.005013374 0.011191677 278.93463835431 -8.51681455381 1887.99731 0.094 -2.0820000000000003
278.9195588941 -8.14688899755 0.0509 0.0468 12.4241 "" "" 4156524905041649920 2148.12915 0.464 0.0532 -0.769 -3.04 0.058 0.053 0.888 "" "" 16.356718 1.606853 17.10484 15.497987 "" "" 1893.56213 2425.20972 5398.33222 3.4289 1965.5 9.2119 5011.5 9.533 "" "" 0.0028403144698739037 0.005803374 0.004306884 0.010110258 278.9195588941 -8.14688899755 2148.12915 -0.7689999999999999 -3.04
279.30616574884 -8.4723605154 0.0536 0.0506 20.1865 "" "" 4156453505503166976 1751.56494 0.5566 0.0575 -1.406 3.795 0.06 0.051 0.999 6021.3 4.1195 16.357084 1.967496 17.341795 15.374299 "" "" 1589.92151 1908.44177 5396.50636 3.7942 1580.2 13.471 5616.1 8.8936 "" "" 0.002859110774263833 0.009667168 0.004152099 0.013819268 279.30616574884 -8.4723605154 1751.56494 -1.4060000000000001 3.795
279.4000641261 -8.3054084497 0.0582 0.0525 17.8116 "" "" 4156466214297132032 1637.4126 0.5973 0.0599 -2.153 5.977 0.074 0.071 0.974 6024.5 4.1453 16.357138 1.799173 17.235662 15.436489 "" "" 1478.62964 1796.72754 5396.24738 4.4234 1742.4 8.628 5303.5 12.38 "" "" 0.002895493821314496 0.006057232 0.004550508 0.01060774 279.4000641261 -8.3054084497 1637.4126 -2.1529999999999996 5.977000000000001
