Clusters/NGC_6664/NGC_6664_members.tsv
# %ECSV 1.0
# ---
# datatype:
# - name: RA_ICRS_1
#   unit: deg
#   datatype: float64
#   format: '{:15.11f}'
#   description: Right ascension (ICRS) at Ep=2016.0 (ra)
#   meta: !!omap
#   - {ucd: POS_EQ_RA_MAIN}
#   - {width: 15}
#   - {precision: '11'}
# - name: DE_ICRS_1
#   unit: deg
#   datatype: float64
#   format: '{:15.11f}'
#   description: Declination (ICRS) at Ep=2016.0 (dec)
#   meta: !!omap
#   - {ucd: POS_EQ_DEC_MAIN}
#   - {width: 15}
#   - {precision: '11'}
# - name: e_RA_ICRS
#   unit: mas
#   datatype: float64
#   format: '{:7.4f}'
#   description: Standard error of right ascension (ra_error)
#   meta: !!omap
#   - {ucd: ERROR}
#   - {width: 7}
#   - {precision: '4'}
# - name: e_DE_ICRS
#   unit: mas
#   datatype: float64
#   format: '{:7.4f}'
#   description: Standard error of declination (dec_error)
#   meta: !!omap
#   - {ucd: ERROR}
#   - {width: 7}
#   - {precision: '4'}
# - name: _r_1
#   unit: ''
#   datatype: float64
#   format: '{:7.4f}'
#   description: Distance from center (279.12460659000-08.18789414000)[ICRS], at Epoch=J2016.0
#   meta: !!omap
#   - {ucd: POS_ANG_DIST_GENERAL}
#   - {width: 7}
#   - {precision: '4'}
# - name: HIP
#   datatype: int32
#   description: '? HIP cross-id number, van Leeuwen, Cat. I/311 (hip_original_ext_source_id)'
#   meta: !!omap
#   - {ucd: ID_NUMBER}
#   - {width: 6}
#   - values: {'null': -2147483648}
# - name: TYC2
#   datatype: string
#   description: Tycho-2 cross-id name, Hog et al., Cat. I/259 (tyc2_original_ext_source_id)
#   meta: !!omap
#   - {ucd: ID_CROSSID}
#   - {_votable_string_dtype: char}
# - name: Source
#   datatype: int64
#   description: Source identifier, identical to the Gaia-EDR3 source_id (id)
#   meta: !!omap
#   - {ucd: ID_MAIN}
#   - {width: 19}
# - name: rgeo
#   unit: pc
#   datatype: float64
#   format: '{:15.8f}'
#   description: '? Median of the geometric distance posterior (r_med_geo)'
#   meta: !!omap
#   - {ucd: PHYS_DISTANCE_TRUE}
#   - {width: 15}
#   - {precision: '8'}
#   - values: {'null': .nan}
# - name: Plx
#   unit: mas
#   datatype: float64
#   format: '{:9.4f}'
#   description: '? Parallax (parallax)'
#   meta: !!omap
#   - {ucd: POS_PARLX_TRIG}
#   - {width: 9}
#   - {precision: '4'}
#   - values: {'null': .nan}
# - name: e_Plx
#   unit: mas
#   datatype: float32
#   format: '{:7.4f}'
#   description: '? Standard error of parallax (parallax_error)'
#   meta: !!omap
#   - {ucd: ERROR}
#   - {width: 7}
#   - {precision: '4'}
#   - values: {'null': .nan}
# - name: pmRA
#   unit: mas / yr
#   datatype: float64
#   format: '{:9.3f}'
#   description: '? Proper motion in right ascension direction, pmRA*cosDE (pmra)'
#   meta: !!omap
#   - {ucd: POS_EQ_PMRA}
#   - {width: 9}
#   - {precision: '3'}
#   - values: {'null': .nan}
# - name: pmDE
#   unit: mas / yr
#   datatype: float64
#   format: '{:9.3f}'
#   description: '? Proper motion in declination direction (pmdec)'
#   meta: !!omap
#   - {ucd: POS_EQ_PMDEC}
#   - {width: 9}
#   - {precision: '3'}
#   - values: {'null': .nan}
# - name: e_pmRA
#   unit: mas / yr
#   datatype: float32
#   format: '{:6.3f}'
#   description: '? Standard error of proper motion in right ascension direction (pmra_error)'
#   meta: !!omap
#   - {ucd: ERROR}
#   - {width: 6}
#   - {precision: '3'}
#   - values: {'null': .nan}
# - name: e_pmDE
[...]
#       distance: !astropy.table.SerializedColumn
#         __class__: astropy.coordinates.distances.Distance
#         unit: !astropy.units.Unit {unit: pc}
#         value: !astropy.table.SerializedColumn {name: SkyCoord.distance}
#       frame: icrs
#       obstime: !astropy.time.Time {format: jyear_str, in_subfmt: '*', jd1: 367701545.0, jd2: 0.0, out_subfmt: '*', precision: 3, scale: tt}
#       pm_dec: !astropy.table.SerializedColumn
#         __class__: astropy.units.quantity.Quantity
#         unit: !astropy.units.Unit {unit: mas / yr}
#         value: !astropy.table.SerializedColumn {name: SkyCoord.pm_dec}
#       pm_ra_cosdec: !astropy.table.SerializedColumn
#         __class__: astropy.units.quantity.Quantity
#         unit: !astropy.units.Unit {unit: mas / yr}
#         value: !astropy.table.SerializedColumn {name: SkyCoord.pm_ra_cosdec}
#       ra: !astropy.table.SerializedColumn
#         __class__: astropy.coordinates.angles.Longitude
#         unit: *id001
#         value: !astropy.table.SerializedColumn {name: SkyCoord.ra}
#         wrap_angle: !astropy.coordinates.Angle
#           unit: *id001
#           value: 360.0
#       representation_type: spherical
# schema: astropy-2.0
RA_ICRS_1 DE_ICRS_1 e_RA_ICRS e_DE_ICRS _r_1 HIP TYC2 Source rgeo Plx e_Plx pmRA pmDE e_pmRA e_pmDE RUWE Teff logg Gmag BP-RP BPmag RPmag RV e_RV b_rgeo B_rgeo FG e_FG FBP e_FBP FRP e_FRP RAVE5 RAVE6 e_Gmag e_BPmag e_RPmag e_BP-RP SkyCoord.ra SkyCoord.dec SkyCoord.distance SkyCoord.pm_ra_cosdec SkyCoord.pm_dec rmRA rmDE e_rmRA e_rmDE rRV e_rRV v_pec v_pec3d e_vpec e_vpec3d Pmemb
[from data line 62]
279.09662303298 -8.23260027454 0.0255 0.0246 3.1554 "" "" 4156511161146142464 1818.81665 0.5167 0.0305 -0.094 -2.628 0.032 0.029 0.967 9146.9 3.6753 14.873244 1.182809 15.374018 14.191209 "" "" 1710.89709 1987.67822 21166.50125 7.3732 9678.5 23.005 16698.0 24.604 "" "" 0.00278115642376483 0.0038006697 0.0041040326 0.007904703 279.09662303298 -8.23260027454 1818.81665 -0.094 -2.628 -0.03421359086036682 -0.03135917472839367 0.12264919 0.11964919 "" "" 0.40011685823631027 "" 0.048529669715661854 "" 0.9
279.00361587917 -8.15490160458 0.0252 0.0239 7.4534 "" "" 4156524355285788544 2075.34229 0.4516 0.0287 -0.068 -2.578 0.029 0.025 0.976 9967.3 4.1417 14.910009 1.23655 15.440228 14.203677 "" "" 1976.4436 2195.06616 20461.75648 6.049 9106.0 12.715 16508.0 11.19 "" "" 0.0027739523056045942 0.003175445 0.003850374 0.007025819 279.00361587917 -8.15490160458 2075.34229 -0.06799999999999995 -2.5780000000000025 -0.008213590860366826 0.018640825271606598 0.11964919 0.115649186 "" "" 0.20038376394224272 "" 0.02330641244396036 "" 0.8
278.9347104802 -8.32311998677 0.0275 0.0263 13.8914 "" "" 4156487139380247808 1800.43286 0.5087 0.0284 -0.292 -2.501 0.034 0.03 1.033 9842.7 3.8282 14.964252 1.540387 15.669414 14.129026 "" "" 1730.30945 1888.45422 19464.60662 7.3095 7373.1 18.496 17683.0 18.103 "" "" 0.0027853237378337786 0.003899146 0.0039394433 0.007838589 278.9347104802 -8.32311998677 1800.43286 -0.292 -2.501 -0.2322135908603668 0.09564082527160656 0.12464919 0.12064919 "" "" 2.1432251010885177 "" 0.2659250682052 "" 0.8
279.19230415541 -8.01677061151 0.0296 0.0309 11.0268 "" "" 4156532842141449088 1853.8656 0.5064 0.0342 -0.181 -2.516 0.039 0.032 1.097 9530.5 4.1035 14.973855 1.032332 15.395908 14.363576 "" "" 1753.52722 1956.94482 19293.22934 6.4412 9485.4 16.349 14247.0 16.084 "" "" 0.002779061428236369 0.0033596244 0.0039731776 0.007332802 279.19230415541 -8.01677061151 1853.8656 -0.181 -2.516 -0.12121359086036682 0.08064082527160643 0.12964919 0.12264919 "" "" 1.2793230860514002 "" 0.1631679577492548 "" 0.8
279.24083551283 -8.19909315404 0.0251 0.0262 6.9352 "" "" 4156509851165271680 1956.37317 0.4687 0.0339 0.01 -2.603 0.034 0.027 0.957 9207.7 3.6608 14.986669 1.015602 15.394502 14.3789 "" "" 1805.52148 2085.87061 19066.86824 6.4695 9497.6 16.143 14047.0 23.679 "" "" 0.002779839110153578 0.0033452376 0.0041992194 0.007544457 279.24083551283 -8.19909315404 1956.37317 0.009999999999999919 -2.603 0.06978640913963317 -0.006359174728393757 0.12464919 0.11764919 "" "" 0.6498251621539224 "" 0.08096376376277394 "" 1.0
279.05425857836 -8.09073557972 0.0261 0.0249 7.1723 "" "" 4156526107632456704 2225.83691 0.4272 0.0301 -0.062 -2.54 0.031 0.026 1.006 9953.7 4.2141 14.994466 1.236561 15.526087 14.289526 "" "" 2062.72461 2385.67969 18930.43246 5.988 8413.6 13.326 15253.0 17.232 "" "" 0.002776641415100438 0.003277541 0.0039734477 0.007250989 279.05425857836 -8.09073557972 2225.83691 -0.062 -2.5399999999999996 -0.002213590860366821 0.05664082527160641 0.12164919 0.11664919 "" "" 0.5980433403301216 "" 0.06976592778826894 "" 0.9
279.04733114298 -8.33362995444 0.0249 0.0231 9.8749 "" "" 4156483673354621696 2069.37695 0.4424 0.0287 -0.11 -2.591 0.032 0.029 0.983 9621.9 3.7039 15.018259 1.304664 15.583025 14.278361 "" "" 1953.41406 2210.32324 18520.08829 6.4239 7983.7 15.046 15410.0 21.718 "" "" 0.0027809381091894016 0.003460036 0.004077397 0.007537433 279.04733114298 -8.33362995444 2069.37695 -0.10999999999999996 -2.591 -0.05021359086036682 0.0056408252716062535 0.12264919 0.11964919 "" "" 0.4956354660097065 "" 0.06077098346692903 "" 0.9
279.01597098829 -8.18293996706 0.0263 0.0249 6.4586 "" "" 4156523973019884288 1929.68188 0.4826 0.0297 -0.002 -2.579 0.03 0.027 0.967 9019.8 3.5497 15.027757 1.266872 15.574522 14.30765 "" "" 1843.02234 2061.14209 18358.7871 6.0146 8046.5 20.167 15000.0 25.44 "" "" 0.0027781853354863326 0.0038974239 0.0042041065 0.00810153 279.01597098829 -8.18293996706 1929.68188 -0.0020000000000000434 -2.579 0.05778640913963318 0.017640825271606264 0.12064919 0.11764919 "" "" 0.5526349168947201 "" 0.06653523052417416 "" 0.9
279.1624952963 -8.39859418834 0.0286 0.0254 12.8406 "" "" 4156458796902972288 2235.45703 0.4153 0.0326 0.017 -2.698 0.036 0.032 1.024 8997.2 3.9429 15.062927 1.53214 15.765633 14.233493 "" "" 2056.37036 2451.729 17773.62039 6.9916 6747.8 28.067 16061.0 28.8 "" "" 0.002788225234081834 0.005308455 0.004251371 0.009559826 279.1624952963 -8.39859418834 2235.45703 0.017 -2.697999999999997 0.07678640913963318 -0.10135917472839351 0.12664919 0.12264919 "" "" 1.347402848536936 "" 0.1672432517685149 "" 1.0
279.03358050387 -8.17899057418 0.0296 0.0285 5.4323 "" "" 4156512325068581888 2026.526 0.4616 0.0311 -0.054 -2.535 0.035 0.031 0.999 7495.2 3.9338 15.106378 1.254209 15.647012 14.392803 "" "" 1905.14148 2141.96216 17076.37314 5.8437 7526.8 24.309 13869.0 20.76 "" "" 0.0027802586850593745 0.0044811824 0.004114 0.008595183 279.03358050387 -8.17899057418 2026.526 -0.053999999999999986 -2.5349999999999975 0.005786409139633179 0.0616408252716063 0.12564918 0.12164919 "" "" 0.5947084595311417 "" 0.07236692087021354 "" 1.0
279.1878559202 -8.12026379805 0.0273 0.0288 5.5297 "" "" 4156519338764228224 2040.88635 0.4625 0.0354 -0.084 -2.635 0.037 0.03 0.997 9290.1 4.0863 15.123137 0.994569 15.531156 14.536587 "" "" 1882.95447 2205.23999 16814.80028 5.2201 8374.4 11.437 12149.0 18.487 "" "" 0.0027758604137929324 0.0031597065 0.0041247224 0.007284429 279.1878559202 -8.12026379805 2040.88635 -0.08399999999999999 -2.635 -0.024213590860366827 -0.03835917472839334 0.12764919 0.12064919 "" "" 0.43882438460465684 "" 0.05383688908118123 "" 1.0
279.06864072372 -8.17973040253 0.0335 0.0321 3.3597 "" "" 4156512295017568128 1823.43433 0.5205 0.0419 0.032 -2.581 0.047 0.044 0.965 9470.3 3.9814 15.125711 1.185153 15.630461 14.445308 "" "" 1664.44275 1991.97986 16774.99992 6.4086 7642.5 21.514 13214.0 14.429 "" "" 0.002786366358616543 0.0041384324 0.0039609717 0.008099404 279.06864072372 -8.17973040253 1823.43433 0.032 -2.581 0.09178640913963318 0.015640825271606484 0.13764918 0.13464919 "" "" 0.8047528000929666 "" 0.11070615757713649 "" 0.9
279.13002216415 -8.20231316695 0.0273 0.0267 0.923 "" "" 4156512703023540352 2210.85986 0.4101 0.0326 0.003 -2.616 0.035 0.03 0.947 9317.0 3.9924 15.140748 1.192421 15.650267 14.457846 "" "" 2051.47095 2389.2605 16544.26853 5.9928 7504.3 13.118 13062.0 18.222 "" "" 0.002783246645516641 0.0033744944 0.0040715938 0.007446088 279.13002216415 -8.20231316695 2210.85986 0.002999999999999954 -2.616 0.06278640913963318 -0.019359174728393658 0.12564918 0.12064919 "" "" 0.6885351164071418 "" 0.0862204450002367 "" 0.9
279.14487935379 -8.40659424264 0.0264 0.0238 13.1771 "" "" 4156435329201084544 2040.69019 0.4467 0.0303 -0.02 -2.918 0.031 0.026 1.002 8868.5 3.6277 15.143027 1.539526 15.851344 14.311818 "" "" 1926.98779 2157.42114 16509.56791 6.3296 6235.6 18.635 14943.0 20.389 "" "" 0.0027865860697197497 0.004279389 0.004059356 0.008338746 279.14487935379 -8.40659424264 2040.69019 -0.020000000000000073 -2.9179999999999975 0.039786409139633175 -0.3213591747283937 0.12164919 0.11664919 "" "" 3.1321988293342744 "" 0.3656098670284311 "" 0.9
279.1433973884 -8.18192906897 0.0281 0.0268 1.172 "" "" 4156512806102824064 2125.72144 0.4363 0.0328 0.004 -2.675 0.036 0.03 0.979 9600.9 4.2464 15.159287 1.184094 15.659518 14.475424 "" "" 1960.35425 2287.86304 16264.15858 5.9712 7440.6 19.544 12853.0 15.663 "" "" 0.0027840049955632057 0.0039897636 0.00400429 0.007994054 279.1433973884 -8.18192906897 2125.72144 0.004000000000000045 -2.675 0.06378640913963318 -0.07835917472839338 0.12664919 0.12064919 "" "" 1.018060181589809 "" 0.12529829444981275 "" 0.9
279.11612296672 -8.5310767358 0.0261 0.0237 20.5971 "" "" 4156431824507653120 2040.96216 0.4513 0.0289 -0.109 -2.683 0.031 0.027 1.05 9923.8 3.9947 15.196688 1.347073 15.788346 14.441274 "" "" 1932.01575 2168.3186 15713.45006 5.7729 6608.1 22.488 13263.0 29.853 "" "" 0.0027840434606245094 0.0046300185 0.0045006685 0.0091306865 279.11612296672 -8.5310767358 2040.96216 -0.10900000000000001 -2.683 -0.04921359086036682 -0.08635917472839338 0.12164919 0.11764919 "" "" 0.9615884321700129 "" 0.11408500342597659 "" 0.9
279.17751278922 -8.24377472558 0.0293 0.0273 4.5948 "" "" 4156509202640989824 2108.19824 0.4489 0.0348 -0.128 -2.578 0.038 0.032 1.043 8293.1 4.378 15.20971 1.071014 15.653511 14.582497 "" "" 1914.46411 2275.64185 15526.10732 5.4118 7481.9 16.123 11646.0 21.852 "" "" 0.0027811886786062883 0.0036413178 0.004293484 0.007934802 279.17751278922 -8.24377472558 2108.19824 -0.12800000000000006 -2.5780000000000016 -0.06821359086036682 0.018640825271606598 0.12864919 0.12264919 "" "" 0.7066424648848658 "" 0.09062077493972041 "" 0.8
279.05187076858 -7.96912148505 0.0293 0.0295 13.8192 "" "" 4156536999669585664 1909.4552 0.489 0.0341 -0.094 -2.527 0.036 0.031 0.877 9423.7 4.1635 15.264277 1.159858 15.752768 14.59291 "" "" 1801.68982 2030.00342 14765.08225 5.0919 6828.3 14.633 11534.0 17.722 "" "" 0.0027806448392466757 0.0036330014 0.0041311905 0.007764192 279.05187076858 -7.96912148505 1909.4552 -0.09400000000000014 -2.5270000000000015 -0.03421359086036682 0.06964082527160631 0.12664919 0.12164919 "" "" 0.7022649703165055 "" 0.08612389576278338 "" 0.8
279.06077167644 -8.38859427232 0.0334 0.0333 12.6244 "" "" 4156482505123440640 1939.42151 0.4998 0.0372 -0.102 -2.521 0.04 0.042 1.065 "" "" 15.275711 1.355663 15.874771 14.519108 "" "" 1797.92224 2083.4812 14610.41012 5.8913 6102.5 20.099 12346.0 19.878 "" "" 0.002789884558497703 0.0045356853 0.00416409 0.008699775 279.06077167644 -8.38859427232 1939.42151 -0.10199999999999992 -2.520999999999999 -0.042213590860366815 0.07564082527160654 0.13064918 0.13264918 "" "" 0.796311744763348 "" 0.10525405675185996 "" 0.9
279.03406024819 -8.35699674666 0.0275 0.0258 11.4825 "" "" 4156483535915655168 2125.53833 0.427 0.0312 0.02 -2.585 0.036 0.033 0.913 8970.3 3.5092 15.282836 1.356605 15.881208 14.524604 "" "" 1977.35449 2258.71411 14514.84926 5.164 6066.4 12.896 12283.0 23.13 "" "" 0.002782265037666746 0.00362108 0.0042969603 0.00791804 279.03406024819 -8.35699674666 2125.53833 0.02000000000000008 -2.585 0.07978640913963318 0.01164082527160648 0.12664919 0.12364919 "" "" 0.81236285029484 "" 0.10283488668746384 "" 0.8
279.16277246277 -8.21484611152 0.0284 0.0272 2.7843 "" "" 4156512535535643520 2005.86121 0.4565 0.0356 0.009 -2.452 0.039 0.031 0.873 9122.7 4.1538 15.297751 1.196153 15.800214 14.604061 "" "" 1875.27686 2129.26245 14316.81023 5.8916 6536.3 18.291 11417.0 24.958 "" "" 0.0027913111481111526 0.004125079 0.004462851 0.00858793 279.16277246277 -8.21484611152 2005.86121 0.009000000000000022 -2.4519999999999973 0.06878640913963317 0.1446408252716065 0.12964919 0.12164919 "" "" 1.522805353538302 "" 0.1875545976025897 "" 0.8
279.17770893835 -8.15939122193 0.0307 0.0295 3.5876 "" "" 4156513252779471616 2204.05957 0.4167 0.0352 -0.077 -2.606 0.039 0.032 0.972 8826.7 4.1259 15.299558 1.030831 15.723797 14.692965 "" "" 2058.58447 2387.92725 14293.01302 5.5163 7012.9 13.605 10519.0 22.901 "" "" 0.0027870016489355918 0.0034959477 0.0044577024 0.00795365 279.17770893835 -8.15939122193 2204.05957 -0.07700000000000001 -2.606 -0.01721359086036682 -0.009359174728393427 0.12964919 0.12264919 "" "" 0.2046971420149093 "" 0.026218777871296537 "" 0.9
279.06593370928 -8.1506083122 0.0341 0.0326 4.141 "" "" 4156513875565554944 1867.46069 0.4945 0.036 -0.318 -2.608 0.041 0.035 0.93 "" "" 15.453479 1.285543 16.012897 14.727355 "" "" 1733.52991 2007.90295 12403.81359 4.7984 5373.5 12.415 10191.0 17.229 "" "" 0.002787149545949815 0.0037520141 0.0042015463 0.00795356 279.06593370928 -8.1506083122 1867.46069 -0.31800000000000017 -2.608 -0.2582135908603668 -0.01135917472839365 0.1316492 0.12564918 "" "" 2.2878562530446622 "" 0.30116852561958063 "" 0.8
279.14498272313 -8.32357301835 0.0308 0.0287 8.2302 "" "" 4156506316422931968 2012.82812 0.4634 0.0365 -0.132 -2.55 0.038 0.031 0.903 9577.8 4.2881 15.468579 1.262498 16.015022 14.752524 "" "" 1871.25415 2189.89673 12232.49308 4.487 5363.0 10.327 9957.5 23.086 "" "" 0.002783953927238836 0.0034865532 0.0045409435 0.008027497 279.14498272313 -8.32357301835 2012.82812 -0.13200000000000017 -2.5499999999999976 -0.07221359086036683 0.04664082527160662 0.12864919 0.12164919 "" "" 0.8201857625917559 "" 0.1038591946421885 "" 0.8
279.238660291 -8.08282639102 0.0318 0.0332 9.2538 "" "" 4156519884206942976 1988.97192 0.4716 0.041 -0.075 -2.533 0.043 0.035 0.885 7992.4 4.0268 15.524574 1.08196 15.97896 14.897 "" "" 1828.06592 2125.96924 11617.61483 4.9193 5544.1 10.721 8716.8 14.76 "" "" 0.00279341165522231 0.0034918769 0.004202815 0.0076946914 279.238660291 -8.08282639102 1988.97192 -0.07499999999999986 -2.5330000000000004 -0.015213590860366819 0.06364082527160653 0.13364919 0.12564918 "" "" 0.6168938555247229 "" 0.07778699774017746 "" 0.9
279.09309249145 -8.27441496018 0.0343 0.0333 5.5183 "" "" 4156510370872129024 2151.67871 0.4416 0.0416 -0.017 -2.675 0.045 0.045 1.022 9198.6 4.1483 15.532167 1.238944 16.066952 14.828008 "" "" 1972.90466 2413.67188 11536.64677 4.956 5112.5 13.172 9288.7 17.697 "" "" 0.0027945188899549584 0.0039509577 0.0043084435 0.008259401 279.09309249145 -8.27441496018 2151.67871 -0.016999999999999987 -2.674999999999997 0.04278640913963318 -0.07835917472839338 0.13564919 0.13564919 "" "" 0.9105582432480912 "" 0.12351648755528552 "" 0.9
278.9728952786 -8.2461579481 0.0351 0.0332 9.6637 "" "" 4156488174480505216 1859.77344 0.5001 0.0356 0.019 -2.574 0.041 0.036 1.011 9277.4 4.037 15.565689 1.420507 16.20385 14.783342 "" "" 1732.92188 1964.82336 11185.90384 4.3131 4506.9 11.738 9678.8 11.181 "" "" 0.0027869428555717464 0.003972556 0.003982068 0.007954624 278.9728952786 -8.2461579481 1859.77344 0.018999999999999927 -2.573999999999998 0.07878640913963318 0.0226408252716066 0.1316492 0.12664919 "" "" 0.7226366053302072 "" 0.09486375594280365 "" 1.0
279.02996062972 -8.05085062153 0.0343 0.0327 9.9607 "" "" 4156527516381764224 1898.64807 0.4973 0.037 -0.045 -2.655 0.043 0.036 0.99 9236.9 3.9231 15.579238 1.386942 16.19851 14.811567 "" "" 1761.52441 2038.14392 11047.18371 4.2854 4529.1 10.14 9430.4 16.794 "" "" 0.0027873247016840996 0.0037005227 0.004245259 0.007945782 279.02996062972 -8.05085062153 1898.64807 -0.045000000000000054 -2.654999999999997 0.01478640913963318 -0.05835917472839336 0.13364919 0.12664919 "" "" 0.5418046676624839 "" 0.06885382564202822 "" 1.0
279.02081868959 -8.31788876842 0.0329 0.0311 9.9406 "" "" 4156486765731117056 1959.77881 0.4827 0.0381 -0.025 -2.676 0.04 0.035 0.972 9544.8 4.2776 15.614411 1.452751 16.261602 14.808851 "" "" 1791.85376 2145.95215 10695.03817 4.4031 4273.4 17.112 9454.0 20.646 "" "" 0.0027913423203765066 0.0051659313 0.0044615814 0.009627513 279.02081868959 -8.31788876842 1959.77881 -0.02500000000000003 -2.676 0.03478640913963318 -0.07935917472839371 0.13064918 0.12564918 "" "" 0.8049089318994761 "" 0.1017955604427901 "" 0.8
279.02060188021 -8.30309772352 0.0354 0.0323 9.2692 "" "" 4156486765731135872 2029.29944 0.4513 0.0402 -0.01 -2.571 0.043 0.037 1.015 9242.7 4.1181 15.667697 1.504067 16.351946 14.847878 "" "" 1836.73169 2205.36621 10182.81364 4.2423 3932.2 10.773 9120.3 13.493 "" "" 0.002792202389379025 0.0040783775 0.0041065672 0.008184945 279.02060188021 -8.30309772352 2029.29944 -0.009999999999999912 -2.5709999999999997 0.04978640913963318 0.02564082527160627 0.13364919 0.12764919 "" "" 0.5386691341864658 "" 0.07132727373646683 "" 0.8
