Clusters/NGC_2183/NGC_2183_stars_in_region.tsv
# %ECSV 1.0
# ---
# datatype:
# - name: RA_ICRS_1
#   unit: deg
#   datatype: float64
#   format: '{:15.11f}'
#   description: Right ascension (ICRS) at Ep=2016.0 (ra)
#   meta: !!omap
#   - {ucd: POS_EQ_RA_MAIN}
#   - {width: 15}
#   - {precision: '11'}
# - name: DE_ICRS_1
#   unit: deg
#   datatype: float64
#   format: '{:15.11f}'
#   description: Declination (ICRS) at Ep=2016.0 (dec)
#   meta: !!omap
#   - {ucd: POS_EQ_DEC_MAIN}
#   - {width: 15}
#   - {precision: '11'}
# - name: e_RA_ICRS
#   unit: mas
#   datatype: float64
#   format: '{:7.4f}'
#   description: Standard error of right ascension (ra_error)
#   meta: !!omap
#   - {ucd: ERROR}
#   - {width: 7}
#   - {precision: '4'}
# - name: e_DE_ICRS
#   unit: mas
#   datatype: float64
#   format: '{:7.4f}'
#   description: Standard error of declination (dec_error)
#   meta: !!omap
#   - {ucd: ERROR}
#   - {width: 7}
#   - {precision: '4'}
# - name: _r_1
#   unit: ''
#   datatype: float64
#   format: '{:7.4f}'
#   description: Distance from center (092.71430611000-06.23180564000)[ICRS], at Epoch=J2016.0
#   meta: !!omap
#   - {ucd: POS_ANG_DIST_GENERAL}
#   - {width: 7}
#   - {precision: '4'}
# - name: HIP
#   datatype: int32
#   description: '? HIP cross-id number, van Leeuwen, Cat. I/311 (hip_original_ext_source_id)'
#   meta: !!omap
#   - {ucd: ID_NUMBER}
#   - {width: 6}
#   - values: {'null': -2147483648}
# - name: TYC2
#   datatype: string
#   description: Tycho-2 cross-id name, Hog et al., Cat. I/259 (tyc2_original_ext_source_id)
#   meta: !!omap
#   - {ucd: ID_CROSSID}
#   - {_votable_string_dtype: char}
# - name: Source
#   datatype: int64
#   description: Source identifier, identical to the Gaia-EDR3 source_id (id)
#   meta: !!omap
#   - {ucd: ID_MAIN}
#   - {width: 19}
# - name: rgeo
#   unit: pc
#   datatype: float64
#   format: '{:15.8f}'
#   description: '? Median of the geometric distance posterior (r_med_geo)'
#   meta: !!omap
#   - {ucd: PHYS_DISTANCE_TRUE}
#   - {width: 15}
#   - {precision: '8'}
#   - values: {'null': .nan}
# - name: Plx
#   unit: mas
#   datatype: float64
#   format: '{:9.4f}'
#   description: '? Parallax (parallax)'
#   meta: !!omap
#   - {ucd: POS_PARLX_TRIG}
#   - {width: 9}
#   - {precision: '4'}
#   - values: {'null': .nan}
# - name: e_Plx
#   unit: mas
#   datatype: float32
#   format: '{:7.4f}'
#   description: '? Standard error of parallax (parallax_error)'
#   meta: !!omap
#   - {ucd: ERROR}
#   - {width: 7}
#   - {precision: '4'}
#   - values: {'null': .nan}
# - name: pmRA
#   unit: mas / yr
#   datatype: float64
#   format: '{:9.3f}'
#   description: '? Proper motion in right ascension direction, pmRA*cosDE (pmra)'
#   meta: !!omap
#   - {ucd: POS_EQ_PMRA}
#   - {width: 9}
#   - {precision: '3'}
#   - values: {'null': .nan}
# - name: pmDE
#   unit: mas / yr
#   datatype: float64
#   format: '{:9.3f}'
#   description: '? Proper motion in declination direction (pmdec)'
#   meta: !!omap
#   - {ucd: POS_EQ_PMDEC}
#   - {width: 9}
#   - {precision: '3'}
#   - values: {'null': .nan}
# - name: e_pmRA
#   unit: mas / yr
#   datatype: float32
#   format: '{:6.3f}'
#   description: '? Standard error of proper motion in right ascension direction (pmra_error)'
#   meta: !!omap
#   - {ucd: ERROR}
#   - {width: 6}
#   - {precision: '3'}
#   - values: {'null': .nan}
# - name: e_pmDE
[...]
#         value: !astropy.table.SerializedColumn {name: SkyCoord.dec}
#       distance: !astropy.table.SerializedColumn
#         __class__: astropy.coordinates.distances.Distance
#         unit: !astropy.units.Unit {unit: pc}
#         value: !astropy.table.SerializedColumn {name: SkyCoord.distance}
#       frame: icrs
#       obstime: !astropy.time.Time {format: jyear_str, in_subfmt: '*', jd1: 367701545.0, jd2: 0.0, out_subfmt: '*', precision: 3, scale: tt}
#       pm_dec: !astropy.table.SerializedColumn
#         __class__: astropy.units.quantity.Quantity
#         unit: !astropy.units.Unit {unit: mas / yr}
#         value: !astropy.table.SerializedColumn {name: SkyCoord.pm_dec}
#       pm_ra_cosdec: !astropy.table.SerializedColumn
#         __class__: astropy.units.quantity.Quantity
#         unit: !astropy.units.Unit {unit: mas / yr}
#         value: !astropy.table.SerializedColumn {name: SkyCoord.pm_ra_cosdec}
#       ra: !astropy.table.SerializedColumn
#         __class__: astropy.coordinates.angles.Longitude
#         unit: *id001
#         value: !astropy.table.SerializedColumn {name: SkyCoord.ra}
#         wrap_angle: !astropy.coordinates.Angle
#           unit: *id001
#           value: 360.0
#       representation_type: spherical
# schema: astropy-2.0
RA_ICRS_1 DE_ICRS_1 e_RA_ICRS e_DE_ICRS _r_1 HIP TYC2 Source rgeo Plx e_Plx pmRA pmDE e_pmRA e_pmDE RUWE Teff logg Gmag BP-RP BPmag RPmag RV e_RV b_rgeo B_rgeo FG e_FG FBP e_FBP FRP e_FRP RAVE5 RAVE6 e_Gmag e_BPmag e_RPmag e_BP-RP SkyCoord.ra SkyCoord.dec SkyCoord.distance SkyCoord.pm_ra_cosdec SkyCoord.pm_dec rmRA rmDE e_rmRA e_rmDE rRV e_rRV v_pec v_pec3d e_vpec e_vpec3d
[from data line 380]
92.21389488824 -6.36705187569 0.0189 0.0179 30.927 "" "" 3019955199907817600 715.866394 1.3552 0.023 -1.141 -3.49 0.025 0.024 0.983 5646.4 4.4868 14.797119 1.040246 15.231381 14.191135 19.28 8.74 704.138062 729.831299 22703.81844 10.094 11037.0 23.59 16700.0 24.327 "" "" 0.0027972845583152557 0.0036290844 0.0040969723 0.0077260565 92.21389488824 -6.36705187569 715.866394 -1.1409999999999996 -3.4900000000000007 2.347882303237915 -4.044588258266449 0.46427265 0.46327263 -26.302500000000002 14.1375 15.868909173892156 30.718785532947727 7.355634290390871 12.687403589056828
92.94469826789 -6.14794741798 0.0306 0.0332 14.635 "" "" 3019798278983350272 695.984863 1.3877 0.0403 1.23 -8.112 0.038 0.038 1.546 5000.1 4.3274 14.802671 1.167117 15.303172 14.136055 -28.38 9.02 679.463928 719.116394 22588.01213 6.779 10331.0 16.135 17569.0 23.433 "" "" 0.002774520640197963 0.0032650377 0.0040473184 0.007312356 92.94469826789 -6.14794741798 695.984863 1.23 -8.112 4.7188823032379155 -8.666588258266449 0.47727263 0.47727263 -73.9625 14.4175005 32.554248489137 80.80984160943814 15.537251785549978 14.605059716829198
92.38085720985 -5.9741890973 0.0189 0.0187 25.1927 "" "" 3020000898359716736 710.941284 1.367 0.0229 0.107 -10.875 0.023 0.022 0.907 5352.5 4.4381 14.808035 1.105921 15.27776 14.17184 -30.71 6.23 701.431824 721.134216 22476.7052 5.2364 10576.0 17.424 16999.0 18.998 "" "" 0.002766906232634433 0.003314316 0.003969395 0.007283711 92.38085720985 -5.9741890973 710.941284 0.10699999999999998 -10.875 3.5958823032379152 -11.429588258266449 0.46227264 0.46127266 -76.2925 11.627501 40.3773358491045 86.3184499775186 18.628601141519976 13.47399395488952
93.2075655537 -6.6230531347 0.0186 0.0204 37.6296 "" "" 3019706401043325440 876.069702 1.1059 0.0261 -0.403 2.181 0.022 0.024 0.919 5479.6 4.2216 14.816937 1.305618 15.394497 14.088879 43.88 8.41 856.824585 894.032288 22293.19084 6.1403 9497.7 16.491 18349.0 18.219 "" "" 0.00277150129354521 0.003367336 0.0039301277 0.0072974637 93.2075655537 -6.6230531347 876.069702 -0.40299999999999997 2.181000000000002 3.085882303237915 1.626411741733551 0.46127266 0.46327263 -1.7025000000000006 13.8075 14.485201678336605 14.584909115660803 6.687936026116132 6.834966520631569
92.30778571214 -6.38694632467 0.0221 0.021 25.9691 "" "" 3019954061741373568 905.534302 1.0688 0.0255 -0.005 -1.432 0.032 0.029 1.011 7172.8 4.3478 14.818424 1.341612 15.414597 14.072985 "" "" 887.160828 926.940918 22262.65093 6.6132 9323.5 18.872 18619.0 35.651 "" "" 0.0027741322472184604 0.0035517346 0.0043134294 0.007865164 92.30778571214 -6.38694632467 905.534302 -0.004999999999999992 -1.432 3.483882303237915 -1.986588258266449 0.47127265 0.46827263 "" "" 17.21392312034559 "" 8.099810143925318 ""
92.62763806703 -5.92897668538 0.0196 0.0192 18.8912 "" "" 3019996087996265472 820.393433 1.179 0.0235 -3.608 0.567 0.024 0.024 1.061 5349.5 3.6866 14.819637 1.913222 15.769232 13.85601 9.71 7.74 803.554626 837.411926 22237.79994 35.177 6725.5 37.038 22738.0 89.258 "" "" 0.003246770897038337 0.0065982244 0.0056963894 0.012294614 92.62763806703 -5.92897668538 820.393433 -3.608 0.5669999999999997 -0.11911769676208506 0.012411741733550974 0.46327263 0.46327263 -35.8725 13.1375 0.46571656136028955 35.87552296713631 0.21575373676006487 13.136393107111111
93.55121882482 -6.09109573554 0.0232 0.022 50.6335 "" "" 3019837449085694720 657.066162 1.4849 0.0275 -4.283 3.172 0.032 0.029 1.051 5131.4 4.5029 14.822123 1.080518 15.283197 14.20268 "" "" 646.195129 668.756775 22186.94744 6.3973 10523.0 15.654 16523.0 19.281 "" "" 0.002773047800992149 0.00322393 0.0039860923 0.0072100223 93.55121882482 -6.09109573554 657.066162 -4.282999999999997 3.1719999999999997 -0.7941176967620853 2.617411741733551 0.47127265 0.46827263 "" "" 8.51884723564386 "" 3.9913034947117287 ""
92.41064969799 -6.44327656075 0.0414 0.0432 22.1109 "" "" 3019765327994428416 712.246216 1.3715 0.0536 2.057 -9.541 0.057 0.057 2.165 5585.9 4.5564 14.822342 1.239577 15.330026 14.090448 "" "" 688.875793 743.914856 22182.46567 28.733 10079.0 25.607 18322.0 36.165 "" "" 0.0030934815789765485 0.003923533 0.0043447153 0.008268248 92.41064969799 -6.44327656075 712.246216 2.0570000000000026 -9.541 5.545882303237915 -10.09558825826645 0.49627265 0.49627265 "" "" 38.88727223119013 "" 19.298689771377923 ""
92.39336294349 -6.63372747391 0.0195 0.019 30.7849 "" "" 3019753847545599232 803.858093 1.2084 0.0235 3.755 -6.497 0.024 0.025 1.077 5335.4 4.4569 14.829543 1.000031 15.241987 14.241956 "" "" 789.815796 821.6698 22035.83659 5.5339 10930.0 21.362 15936.0 23.068 "" "" 0.002768778514500499 0.0035054167 0.004093141 0.0075985575 92.39336294349 -6.63372747391 803.858093 3.754999999999999 -6.496999999999999 7.243882303237915 -7.051588258266449 0.46327263 0.46427265 "" "" 38.51948525549201 "" 17.863775673546307 ""
92.48560577719 -5.75629676831 0.0341 0.0333 31.6264 "" "" 3020014058139413888 880.770874 1.0928 0.0417 3.533 4.192 0.043 0.039 1.853 5963.4 4.3948 14.831761 1.125963 15.293549 14.167585 -3.2 7.8 851.260315 914.243958 21990.86086 14.269 10423.0 17.05 17066.0 15.479 "" "" 0.0028439580454075485 0.0033074783 0.0039055732 0.0072130514 92.48560577719 -5.75629676831 880.770874 3.533 4.192000000000004 7.0218823032379145 3.637411741733551 0.48227265 0.47827265 -48.782500000000006 13.1975 33.015043589710295 58.904375130209736 15.894404869436212 14.10039519263693
92.67496310236 -6.17841000105 0.0199 0.0201 3.9713 "" "" 3019794361973226368 808.16272 1.1983 0.0237 -4.047 0.864 0.025 0.024 0.918 5365.2 3.5709 14.833791 2.098051 15.896297 13.798246 "" "" 796.153198 824.750732 21949.78927 38.042 5982.7 59.989 23981.0 132.8 "" "" 0.003336569589001478 0.011238621 0.0071016815 0.018340303 92.67496310236 -6.17841000105 808.16272 -4.047000000000001 0.8639999999999994 -0.5581176967620847 0.309411741733551 0.46427265 0.46327263 "" "" 2.444542342826991 "" 1.1343599252112748 ""
93.46021921578 -6.24138779286 0.0214 0.0205 44.4936 "" "" 3019825904213672960 848.667175 1.1332 0.0257 1.682 -7.629 0.027 0.025 0.97 6347.5 4.3693 14.839066 1.32683 15.425325 14.098496 51.83 5.38 831.420837 864.769958 21843.41915 5.98 9231.8 14.077 18187.0 21.9 "" "" 0.0027713065592009836 0.0032443744 0.0039991266 0.007243501 93.46021921578 -6.24138779286 848.667175 1.682 -7.629 5.170882303237915 -8.183588258266449 0.46627265 0.46427265 6.247499999999995 10.7775 38.94096627685037 39.43894155304878 18.101481790465833 17.954278847874328
92.51457595769 -6.63090880464 0.021 0.0238 26.7438 "" "" 3019741516695759872 801.991333 1.2164 0.0289 -2.053 -7.436 0.026 0.026 1.134 5606.8 4.4517 14.841307 1.107595 15.310801 14.203206 "" "" 779.725586 826.521851 21798.36797 6.2074 10259.0 17.812 16515.0 13.692 "" "" 0.002772612680738957 0.0033672852 0.0038850983 0.0072523835 92.51457595769 -6.63090880464 801.991333 -2.052999999999999 -7.436 1.435882303237915 -7.990588258266449 0.46527264 0.46527264 "" "" 30.862266656030183 "" 14.359368135959215 ""
92.18939327493 -6.82372389078 0.0196 0.0209 47.333 "" "" 3018236319636576512 756.0401 1.2722 0.027 -2.367 7.31 0.025 0.024 0.983 5792.2 4.5014 14.844349 1.197817 15.358367 14.16055 26.28 13.79 740.671082 774.794983 21737.3743 6.1862 9819.1 28.118 17177.0 34.334 "" "" 0.0027725913519413984 0.0041775177 0.0043581566 0.008535674 92.18939327493 -6.82372389078 756.0401 -2.3670000000000018 7.309999999999994 1.121882303237915 6.755411741733551 0.46427265 0.46327263 -19.302500000000002 19.1875 24.540464224744483 31.22212181476403 11.369584789678596 14.851757092488302
92.38011427188 -6.90195651791 0.0217 0.0218 44.8728 "" "" 3018232436986126720 742.667725 1.3146 0.0275 1.135 -2.603 0.03 0.027 1.034 5565.7 4.4408 14.852254 1.184217 15.364204 14.179987 92.06 10.34 729.289978 756.434326 21579.68174 6.8174 9766.4 18.382 16872.0 17.407 "" "" 0.002776587927923822 0.0034584813 0.00394189 0.007400371 92.38011427188 -6.90195651791 742.667725 1.1349999999999998 -2.6029999999999998 4.623882303237915 -3.157588258266449 0.46927264 0.46627265 46.4775 15.7375 19.710433462919383 50.484246984046145 9.230802975179213 14.929982429114077
92.3445061382 -6.94905277617 0.0193 0.0209 48.3509 "" "" 3018230581560267136 881.69165 1.0927 0.0257 -4.851 9.499 0.024 0.025 0.962 5960.6 4.2832 14.854116 1.198632 15.368776 14.170144 49.98 9.21 859.665588 904.818726 21542.71538 5.9904 9725.4 21.461 17026.0 27.072 "" "" 0.002771811674387209 0.0036776806 0.0041550035 0.007832684 92.3445061382 -6.94905277617 881.69165 -4.851000000000005 9.499 -1.362117696762085 8.944411741733552 0.46327263 0.46427265 4.397499999999994 14.6075 37.81161949738955 38.06647574001788 17.554044574215865 17.51798543517214
92.65295813538 -5.43609719327 0.0794 0.0727 47.8827 "" "" 3020166615378862848 914.124817 1.1106 0.0967 4.174 -2.399 0.113 0.089 3.431 7386.3 4.071 14.855617 1.540351 15.540494 14.000143 55.19 7.34 839.355713 995.59552 21512.96174 16.678 8302.7 29.647 19911.0 28.909 "" "" 0.0028810212129560067 0.004776555 0.0040949653 0.00887152 92.65295813538 -5.43609719327 914.124817 4.173999999999999 -2.399 7.662882303237915 -2.953588258266449 0.5522726 0.5282726 9.607499999999995 12.7375 35.58391484865436 36.85809344236736 19.543658215530805 19.157933591842227
93.12724619931 -6.76193189986 0.021 0.0201 40.221 "" "" 3019700731686598272 714.167725 1.3581 0.0251 0.499 4.998 0.026 0.025 1.024 5357.6 4.4644 14.857711 1.189773 15.372729 14.182957 38.12 6.46 701.48761 729.748962 21471.49792 5.7299 9690.0 13.647 16826.0 17.78 "" "" 0.002770512385572578 0.0031817 0.003949685 0.0071313847 93.12724619931 -6.76193189986 714.167725 0.49900000000000005 4.997999999999997 3.987882303237915 4.443411741733551 0.46527264 0.46427265 -7.462500000000006 11.8575 20.211136891604298 21.544812849063423 9.392500073817413 9.721285373257144
92.22363822529 -5.88554045303 0.0212 0.0203 35.8984 "" "" 3020005983601006592 742.873718 1.3031 0.0244 -0.305 2.026 0.026 0.027 1.069 5476.9 4.4477 14.86883 1.14425 15.360071 14.215821 "" "" 729.76178 756.711731 21252.73594 6.3704 9803.7 17.3 16324.0 18.266 "" "" 0.002774473489577675 0.003384649 0.0039698505 0.0073545 92.22363822529 -5.88554045303 742.873718 -0.3050000000000002 2.0260000000000016 3.183882303237915 1.4714117417335508 0.46527264 0.46627265 "" "" 12.350484756018872 "" 5.748518106880265 ""
92.46836654906 -5.4181714932 0.0226 0.0216 50.9775 "" "" 3020164588154378624 906.804382 1.0619 0.0256 -1.762 0.107 0.029 0.027 1.01 5730.2 4.2332 14.886184 1.264909 15.440192 14.175283 74.2 8.87 888.713684 924.12677 20915.73236 6.0965 9106.3 18.441 16945.0 12.799 "" "" 0.0027734351108828163 0.003552372 0.003867333 0.0074197054 92.46836654906 -5.4181714932 906.804382 -1.762 0.107 1.726882303237915 -0.447588258266449 0.46827263 0.46627265 28.6175 14.2675 7.667844099643779 29.626966422272158 3.589678060735421 13.812649863402356
93.19199438291 -6.87630892493 0.0214 0.0203 48.0223 "" "" 3007689082548952448 761.717163 1.2724 0.0247 3.866 -1.028 0.026 0.025 1.069 6045.3 4.1561 14.888865 1.494985 15.56994 14.074955 79.29 8.77 749.53894 775.445923 20864.14709 9.8867 8080.6 21.416 18586.0 43.031 "" "" 0.0028029425631844107 0.0040081413 0.0045390087 0.00854715 93.19199438291 -6.87630892493 761.717163 3.866 -1.0280000000000002 7.354882303237915 -1.582588258266449 0.46527264 0.46427265 33.7075 14.1675005 27.162891495907996 43.28993220909997 12.636949357819914 13.585500505527124
92.94585654623 -6.23073387969 0.024 0.0257 13.8111 "" "" 3019785600239910912 787.944214 1.231 0.0308 4.168 -4.06 0.028 0.028 1.139 5604.6 4.5037 14.889439 1.110502 15.346511 14.236009 "" "" 769.723755 808.37323 20853.13458 9.306 9926.9 10.841 16023.0 19.639 "" "" 0.00279759784208422 0.0030316606 0.0040068254 0.007038486 92.94585654623 -6.23073387969 787.944214 4.167999999999997 -4.06 7.656882303237915 -4.614588258266449 0.46727264 0.46727264 "" "" 33.389331309409805 "" 15.601920964561858 ""
92.65935214407 -6.03861585565 0.0229 0.0223 12.0461 "" "" 3019989937603384960 851.867249 1.1335 0.027 -3.599 0.701 0.029 0.026 1.116 8154.7 4.1596 14.890713 1.831135 15.781274 13.950139 51.47 11.34 831.194458 874.745911 20828.67299 9.4394 6651.3 17.292 20850.0 38.143 "" "" 0.002798910535360546 0.003968957 0.0042695315 0.008238489 92.65935214407 -6.03861585565 851.867249 -3.599 0.701 -0.11011769676208516 0.14641174173355098 0.46827263 0.46527264 5.887499999999996 16.7375 0.7397349784403238 5.9337900273204855 0.34498187613990317 16.606984194673988
92.97263189013 -6.34917622545 0.0197 0.0211 16.9394 "" "" 3019779174969162240 809.173157 1.1978 0.0268 -7.887 -3.556 0.025 0.024 0.993 5688.8 4.4032 14.893421 1.178573 15.400225 14.221652 29.7 13.81 792.176331 828.440613 20776.78299 6.1275 9447.7 18.53 16237.0 15.715 "" "" 0.0027738639503648403 0.003509948 0.0039227507 0.0074326987 92.97263189013 -6.34917622545 809.173157 -7.8870000000000005 -3.556 -4.3981176967620845 -4.110588258266449 0.46427265 0.46327263 -15.882500000000004 19.2075 23.089586269317465 28.024681984605174 10.7091039421671 14.012287577037402
92.2554994832 -5.68388083272 0.022 0.0202 42.7836 "" "" 3020064528299421184 801.60907 1.2017 0.0247 -0.517 2.488 0.028 0.026 0.935 5664.8 4.5367 14.897652 1.145078 15.385591 14.240513 "" "" 788.598755 820.212097 20695.98147 5.2511 9575.9 16.33 15957.0 18.399 "" "" 0.002769057259896709 0.0033486136 0.003981327 0.007329941 92.2554994832 -5.68388083272 801.60907 -0.5169999999999996 2.488 2.971882303237915 1.933411741733551 0.46727264 0.46527264 "" "" 13.471360556914371 "" 6.286798097044597 ""
92.97627519056 -6.01569610311 0.0196 0.0197 20.3071 "" "" 3019894211373228928 812.185181 1.1889 0.0243 -1.616 -3.388 0.025 0.025 0.992 5339.5 4.3277 14.898134 1.139542 15.380016 14.240475 "" "" 798.734253 829.992676 20686.78479 5.0897 9625.2 13.287 15958.0 19.569 "" "" 0.0027682391729181507 0.0031672427 0.004007044 0.0071742865 92.97627519056 -6.01569610311 812.185181 -1.616000000000001 -3.388 1.872882303237915 -3.942588258266449 0.46427265 0.46427265 "" "" 16.803515825595852 "" 7.801412789673851 ""
92.22071542397 -6.21020358374 0.0273 0.0257 29.4696 "" "" 3019961796977545728 673.808899 1.4334 0.034 -1.725 -1.39 0.037 0.036 1.249 5048.3 4.3912 14.90104 1.187249 15.403767 14.216517 34.11 9.32 658.80426 692.792664 20631.48688 13.199 9416.9 30.577 16314.0 43.546 "" "" 0.002841524003125711 0.0044959597 0.004762632 0.009258592 92.22071542397 -6.21020358374 673.808899 -1.7249999999999999 -1.389999999999999 1.763882303237915 -1.9445882582664489 0.47627264 0.47527266 -11.472500000000004 14.7175 8.385132063258839 14.210161715064734 3.9890110600349975 12.112999799139466
92.57185652598 -5.41644979038 0.0262 0.0264 49.6548 "" "" 3020169501596916736 659.666626 1.4762 0.0336 5.606 -7.102 0.036 0.034 1.266 4974.8 4.3599 14.908281 1.300896 15.478628 14.177732 19.26 9.05 641.761414 676.56665 20494.35964 6.9793 8789.5 19.292 16907.0 11.252 "" "" 0.002780018066842696 0.0036693441 0.0038478374 0.0075171813 92.57185652598 -5.41644979038 659.666626 5.606000000000003 -7.102 9.094882303237915 -7.656588258266449 0.47527266 0.47327265 -26.3225 14.4475 37.17369642161111 45.54950836064098 17.636842499995517 16.639872799115512
