Clusters/NGC_2183/NGC_2183_stars_in_region.tsv
# %ECSV 1.0
# ---
# datatype:
# - name: RA_ICRS_1
#   unit: deg
#   datatype: float64
#   format: '{:15.11f}'
#   description: Right ascension (ICRS) at Ep=2016.0 (ra)
#   meta: !!omap
#   - {ucd: POS_EQ_RA_MAIN}
#   - {width: 15}
#   - {precision: '11'}
# - name: DE_ICRS_1
#   unit: deg
#   datatype: float64
#   format: '{:15.11f}'
#   description: Declination (ICRS) at Ep=2016.0 (dec)
#   meta: !!omap
#   - {ucd: POS_EQ_DEC_MAIN}
#   - {width: 15}
#   - {precision: '11'}
# - name: e_RA_ICRS
#   unit: mas
#   datatype: float64
#   format: '{:7.4f}'
#   description: Standard error of right ascension (ra_error)
#   meta: !!omap
#   - {ucd: ERROR}
#   - {width: 7}
#   - {precision: '4'}
# - name: e_DE_ICRS
#   unit: mas
#   datatype: float64
#   format: '{:7.4f}'
#   description: Standard error of declination (dec_error)
#   meta: !!omap
#   - {ucd: ERROR}
#   - {width: 7}
#   - {precision: '4'}
# - name: _r_1
#   unit: ''
#   datatype: float64
#   format: '{:7.4f}'
#   description: Distance from center (092.71430611000-06.23180564000)[ICRS], at Epoch=J2016.0
#   meta: !!omap
#   - {ucd: POS_ANG_DIST_GENERAL}
#   - {width: 7}
#   - {precision: '4'}
# - name: HIP
#   datatype: int32
#   description: '? HIP cross-id number, van Leeuwen, Cat. I/311 (hip_original_ext_source_id)'
#   meta: !!omap
#   - {ucd: ID_NUMBER}
#   - {width: 6}
#   - values: {'null': -2147483648}
# - name: TYC2
#   datatype: string
#   description: Tycho-2 cross-id name, Hog et al., Cat. I/259 (tyc2_original_ext_source_id)
#   meta: !!omap
#   - {ucd: ID_CROSSID}
#   - {_votable_string_dtype: char}
# - name: Source
#   datatype: int64
#   description: Source identifier, identical to the Gaia-EDR3 source_id (id)
#   meta: !!omap
#   - {ucd: ID_MAIN}
#   - {width: 19}
# - name: rgeo
#   unit: pc
#   datatype: float64
#   format: '{:15.8f}'
#   description: '? Median of the geometric distance posterior (r_med_geo)'
#   meta: !!omap
#   - {ucd: PHYS_DISTANCE_TRUE}
#   - {width: 15}
#   - {precision: '8'}
#   - values: {'null': .nan}
# - name: Plx
#   unit: mas
#   datatype: float64
#   format: '{:9.4f}'
#   description: '? Parallax (parallax)'
#   meta: !!omap
#   - {ucd: POS_PARLX_TRIG}
#   - {width: 9}
#   - {precision: '4'}
#   - values: {'null': .nan}
# - name: e_Plx
#   unit: mas
#   datatype: float32
#   format: '{:7.4f}'
#   description: '? Standard error of parallax (parallax_error)'
#   meta: !!omap
#   - {ucd: ERROR}
#   - {width: 7}
#   - {precision: '4'}
#   - values: {'null': .nan}
# - name: pmRA
#   unit: mas / yr
#   datatype: float64
#   format: '{:9.3f}'
#   description: '? Proper motion in right ascension direction, pmRA*cosDE (pmra)'
#   meta: !!omap
#   - {ucd: POS_EQ_PMRA}
#   - {width: 9}
#   - {precision: '3'}
#   - values: {'null': .nan}
# - name: pmDE
#   unit: mas / yr
#   datatype: float64
#   format: '{:9.3f}'
#   description: '? Proper motion in declination direction (pmdec)'
#   meta: !!omap
#   - {ucd: POS_EQ_PMDEC}
#   - {width: 9}
#   - {precision: '3'}
#   - values: {'null': .nan}
# - name: e_pmRA
#   unit: mas / yr
#   datatype: float32
#   format: '{:6.3f}'
#   description: '? Standard error of proper motion in right ascension direction (pmra_error)'
#   meta: !!omap
#   - {ucd: ERROR}
#   - {width: 6}
#   - {precision: '3'}
#   - values: {'null': .nan}
# - name: e_pmDE
[...]
#         value: !astropy.table.SerializedColumn {name: SkyCoord.dec}
#       distance: !astropy.table.SerializedColumn
#         __class__: astropy.coordinates.distances.Distance
#         unit: !astropy.units.Unit {unit: pc}
#         value: !astropy.table.SerializedColumn {name: SkyCoord.distance}
#       frame: icrs
#       obstime: !astropy.time.Time {format: jyear_str, in_subfmt: '*', jd1: 367701545.0, jd2: 0.0, out_subfmt: '*', precision: 3, scale: tt}
#       pm_dec: !astropy.table.SerializedColumn
#         __class__: astropy.units.quantity.Quantity
#         unit: !astropy.units.Unit {unit: mas / yr}
#         value: !astropy.table.SerializedColumn {name: SkyCoord.pm_dec}
#       pm_ra_cosdec: !astropy.table.SerializedColumn
#         __class__: astropy.units.quantity.Quantity
#         unit: !astropy.units.Unit {unit: mas / yr}
#         value: !astropy.table.SerializedColumn {name: SkyCoord.pm_ra_cosdec}
#       ra: !astropy.table.SerializedColumn
#         __class__: astropy.coordinates.angles.Longitude
#         unit: *id001
#         value: !astropy.table.SerializedColumn {name: SkyCoord.ra}
#         wrap_angle: !astropy.coordinates.Angle
#           unit: *id001
#           value: 360.0
#       representation_type: spherical
# schema: astropy-2.0
RA_ICRS_1 DE_ICRS_1 e_RA_ICRS e_DE_ICRS _r_1 HIP TYC2 Source rgeo Plx e_Plx pmRA pmDE e_pmRA e_pmDE RUWE Teff logg Gmag BP-RP BPmag RPmag RV e_RV b_rgeo B_rgeo FG e_FG FBP e_FBP FRP e_FRP RAVE5 RAVE6 e_Gmag e_BPmag e_RPmag e_BP-RP SkyCoord.ra SkyCoord.dec SkyCoord.distance SkyCoord.pm_ra_cosdec SkyCoord.pm_dec rmRA rmDE e_rmRA e_rmDE rRV e_rRV v_pec v_pec3d e_vpec e_vpec3d
[from data line 632]
92.45787533979 -6.57102325775 0.0324 0.0313 25.4564 "" "" 3019760311472644992 876.542358 1.0921 0.0382 6.997 -1.171 0.043 0.041 0.949 5205.7 4.308 15.850541 1.589473 16.5836 14.994126 "" "" 845.961487 916.175537 8604.59069 4.0325 3176.7 25.364 7970.9 14.945 "" "" 0.0028019086901096705 0.009106894 0.0042927596 0.013399653 92.45787533979 -6.57102325775 876.542358 6.997000000000001 -1.171 10.485882303237915 -1.725588258266449 0.48227265 0.48027265 "" "" 44.15283271552887 "" 21.29138019573722 ""
92.06746785332 -6.69892281851 0.0303 0.0339 47.6723 "" "" 3018252846670728576 692.127747 1.4121 0.0408 19.524 -12.105 0.036 0.037 0.959 4561.9 4.456 15.852748 1.364159 16.47015 15.105991 "" "" 672.501221 708.16217 8587.12299 3.4871 3526.6 12.7 7190.5 19.648 "" "" 0.002790373275676506 0.0048034154 0.004804731 0.009608146 92.06746785332 -6.69892281851 692.127747 19.523999999999987 -12.105 23.012882303237916 -12.65958825826645 0.47527266 0.47627264 "" "" 86.16768620499589 "" 40.973179090700455 ""
91.96009691339 -6.01195302701 0.0407 0.0372 46.8882 "" "" 3020026084048175104 748.801208 1.301 0.049 0.726 3.854 0.05 0.045 1.189 4551.2 4.1962 15.857103 1.452254 16.517368 15.065114 "" "" 715.534546 779.378967 8552.74343 4.2036 3376.5 14.659 7466.4 17.758 "" "" 0.002806519267286157 0.005477592 0.004577337 0.010054929 91.96009691339 -6.01195302701 748.801208 0.7259999999999998 3.854 4.214882303237915 3.299411741733551 0.48927265 0.48427266 "" "" 18.99841753545859 "" 9.259428631204923 ""
92.34393616567 -5.48318943869 0.031 0.0326 50.0621 "" "" 3020162556633125504 875.200745 1.102 0.0416 -6.636 5.137 0.039 0.037 0.945 5101.7 4.4172 15.858048 1.332812 16.44671 15.113898 "" "" 849.775391 910.242188 8545.30148 3.4071 3603.6 23.097 7138.4 12.883 "" "" 0.0027891193606707767 0.007497462 0.004257145 0.011754607 92.34393616567 -5.48318943869 875.200745 -6.636 5.137 -3.147117696762085 4.582411741733551 0.47827265 0.47627264 "" "" 23.06137869011952 "" 10.998307187473577 ""
92.93853112948 -6.59881743626 0.0335 0.0304 25.7614 "" "" 3019721347529619712 821.152954 1.1768 0.0391 0.773 -0.171 0.041 0.037 0.98 4605.6 4.3596 15.865704 1.601712 16.617922 15.01621 "" "" 799.994202 844.654175 8485.2606 4.0089 3077.9 17.283 7810.4 16.595 "" "" 0.0028026627317154105 0.006704759 0.0044278097 0.011132568 92.93853112948 -6.59881743626 821.152954 0.7729999999999995 -0.171 4.261882303237915 -0.725588258266449 0.48027265 0.47627264 "" "" 16.827067447431826 "" 8.079691964339165 ""
92.4612041347 -5.56338293487 0.0328 0.0349 42.8558 "" "" 3020158192946269568 667.041504 1.462 0.0427 3.28 -2.102 0.043 0.038 1.061 4898.9 4.6634 15.866206 1.332042 16.460623 15.128581 "" "" 650.314453 686.830444 8481.33523 4.8421 3557.7 14.276 7042.5 14.399 "" "" 0.0028241841687290923 0.0051736077 0.004383104 0.009556712 92.4612041347 -5.56338293487 667.041504 3.2799999999999994 -2.101999999999998 6.768882303237914 -2.656588258266449 0.48227265 0.47727263 "" "" 22.990971788860353 "" 11.072642471350445 ""
92.74390897525 -6.83077997081 0.0317 0.0332 35.9818 "" "" 3019685235444788096 642.771545 1.5049 0.0389 10.725 -3.828 0.043 0.046 1.013 5022.3 4.6529 15.867492 1.272084 16.425552 15.153468 "" "" 625.097351 662.008972 8471.30313 3.7701 3674.5 24.122 6882.9 15.511 "" "" 0.0027973687108577686 0.0076542012 0.0045022657 0.012156467 92.74390897525 -6.83077997081 642.771545 10.725 -3.8279999999999994 14.213882303237915 -4.382588258266448 0.48227265 0.48527265 "" "" 45.31774703797549 "" 21.867346420590028 ""
92.30826746705 -5.77300730801 0.0331 0.0347 36.6717 "" "" 3020059997109671808 757.772095 1.2826 0.0419 4.193 -7.788 0.041 0.043 1.085 5037.3 4.591 15.867769 1.380162 16.479403 15.09924 "" "" 730.787292 786.97406 8469.13313 3.7796 3496.7 12.661 7235.4 17.176 "" "" 0.0027976007695907725 0.004820789 0.0045745797 0.009395368 92.30826746705 -5.77300730801 757.772095 4.193 -7.787999999999995 7.681882303237915 -8.34258825826645 0.48027265 0.48227265 "" "" 40.73375798681438 "" 19.607439086017788 ""
92.75231773497 -6.18223314501 0.0317 0.0326 3.74 "" "" 3019797076392547584 791.291992 1.221 0.039 11.663 -12.793 0.039 0.037 1.019 4714.4 4.4227 15.868926 1.363234 16.483387 15.120152 "" "" 769.074585 818.712402 8460.11283 3.3338 3483.9 11.651 7097.4 16.12 "" "" 0.0027883403283410933 0.004579186 0.0045127375 0.009091923 92.75231773497 -6.18223314501 791.291992 11.662999999999997 -12.793 15.151882303237915 -13.347588258266448 0.47827265 0.47627264 "" "" 75.73655033060871 "" 36.156613191359085 ""
92.0452562688 -6.33042956517 0.0332 0.0343 40.3384 "" "" 3019964958073539840 774.758301 1.2429 0.0443 -2.829 1.057 0.044 0.041 1.036 5254.0 3.7909 15.874443 2.11777 16.93195 14.814179 "" "" 748.783691 804.643127 8417.23788 55.489 2304.8 65.111 9407.8 211.61 "" "" 0.007669527175088427 0.030798879 0.024712216 0.055511095 92.0452562688 -6.33042956517 774.758301 -2.829000000000001 1.057 0.6598823032379149 0.502411741733551 0.48327264 0.48027265 "" "" 3.0457573846929917 "" 1.4685848222847429 ""
92.48696512005 -5.98445895801 0.0296 0.0289 20.1048 "" "" 3019994778030741760 628.666748 1.5546 0.0358 -5.942 10.842 0.037 0.034 1.03 4487.1 4.4312 15.877423 1.482984 16.557838 15.074854 "" "" 615.841431 644.831177 8394.16383 3.4818 3253.0 10.07 7399.7 13.079 "" "" 0.0027918819822398103 0.00436823 0.004238685 0.008606914 92.48696512005 -5.98445895801 628.666748 -5.942 10.842 -2.453117696762085 10.287411741733552 0.47627264 0.47327265 "" "" 31.514771293750094 "" 14.920181367243762 ""
92.29703842614 -6.81916928938 0.0311 0.0347 43.1357 "" "" 3018236830736070528 785.44397 1.2419 0.0426 4.267 -2.628 0.039 0.041 1.063 4618.0 4.414 15.877524 1.385616 16.50248 15.116863 "" "" 759.376282 812.180908 8393.38027 4.0499 3423.1 21.059 7118.9 24.925 "" "" 0.0028046817127158515 0.007238816 0.0053604636 0.01259928 92.29703842614 -6.81916928938 785.44397 4.267 -2.6280000000000006 7.755882303237915 -3.182588258266449 0.47827265 0.48027265 "" "" 31.211697863197042 "" 14.936713682965529 ""
92.60685559929 -6.95607773703 0.0372 0.039 43.9257 "" "" 3019682452304364672 633.6604 1.5312 0.046 3.866 3.478 0.044 0.043 1.106 "" "" 15.878976 "" "" "" "" "" 617.638123 650.953125 8382.17225 5.3347 "" "" "" "" "" "" 0.0028406459957149794 "" "" "" 92.60685559929 -6.95607773703 633.6604 3.866 3.4780000000000006 7.354882303237915 2.9234117417335512 0.48327264 0.48227265 "" "" 23.771849220930214 "" 11.485044018245492 ""
93.18287896522 -6.43661620935 0.0308 0.0319 30.5255 "" "" 3019728700513460480 837.729187 1.1466 0.0395 -3.707 -1.392 0.039 0.04 1.012 5831.6 4.4063 15.882898 1.684484 16.684599 15.000114 "" "" 816.419617 870.450989 8351.94264 3.3751 2894.5 13.491 7927.1 12.124 "" "" 0.0027900352252797087 0.0057787444 0.004128099 0.009906843 93.18287896522 -6.43661620935 837.729187 -3.7069999999999994 -1.392 -0.2181176967620848 -1.9465882582664489 0.47827265 0.47927263 "" "" 7.777956391355873 "" 3.7276653006819074 ""
93.52911146508 -6.3788491108 0.0309 0.0316 49.387 "" "" 3019811335684622720 804.473328 1.2035 0.0393 -3.995 3.112 0.04 0.039 1.033 5013.1 4.6253 15.886964 1.300025 16.463966 15.163941 "" "" 778.52417 829.91449 8320.72437 4.2673 3546.7 15.56 6816.8 14.591 "" "" 0.0028110211837620944 0.005520347 0.0044367244 0.009957071 93.52911146508 -6.3788491108 804.473328 -3.994999999999998 3.112 -0.5061176967620851 2.557411741733551 0.47927263 0.47827265 "" "" 9.941066286821798 "" 4.754915126724858 ""
91.91456616126 -6.59067462585 0.0352 0.0363 52.3203 "" "" 3018445978464278912 733.078308 1.3327 0.0417 -5.804 -14.671 0.046 0.045 1.002 5040.7 4.6481 15.890842 1.33214 16.479284 15.147144 "" "" 711.350647 756.48053 8291.06242 3.7313 3497.1 13.532 6923.1 15.003 "" "" 0.0027983106122461696 0.005043364 0.004451946 0.0094953105 91.91456616126 -6.59067462585 733.078308 -5.803999999999999 -14.670999999999998 -2.3151176967620852 -15.225588258266448 0.48527265 0.48427266 "" "" 53.513849573876065 "" 25.91650473106331 ""
93.30455977639 -6.35704862881 0.0317 0.0342 35.9949 "" "" 3019823185496459648 718.681458 1.3631 0.0428 3.856 2.705 0.04 0.038 0.994 4521.2 4.2777 15.895905 1.353455 16.493353 15.139898 "" "" 698.452637 738.157227 8252.48975 3.2008 3452.0 27.256 6969.5 17.908 "" "" 0.0027873149990719354 0.009015296 0.004697509 0.013712805 93.30455977639 -6.35704862881 718.681458 3.8559999999999977 2.705 7.344882303237915 2.150411741733551 0.47927263 0.47727263 "" "" 26.0710307784029 "" 12.49102283611312 ""
93.21978437827 -5.70819084001 0.0331 0.034 43.5533 "" "" 3019932178884015872 785.194885 1.2457 0.0389 -4.334 -7.879 0.042 0.043 0.927 4918.0 4.6054 15.897014 1.299273 16.475094 15.175821 "" "" 758.643433 806.117004 8244.06568 5.4266 3510.6 13.571 6742.6 17.634 "" "" 0.002846498661181544 0.005039954 0.0047272304 0.009767184 93.21978437827 -5.70819084001 785.194885 -4.334 -7.878999999999995 -0.8451176967620846 -8.433588258266449 0.48127264 0.48227265 "" "" 31.545532404237363 "" 15.213234352240946 ""
92.76128283321 -6.60057134417 0.0344 0.0323 22.3025 "" "" 3019745536785512064 666.40979 1.4614 0.04 20.6 -8.131 0.045 0.04 1.019 4559.0 4.4536 15.899766 1.425765 16.553482 15.127717 "" "" 648.394592 684.139221 8223.19195 3.6536 3266.1 13.547 7048.1 11.761 "" "" 0.0027972301567788667 0.0052976804 0.0041911975 0.009488878 92.76128283321 -6.60057134417 666.40979 20.6 -8.131000000000007 24.088882303237916 -8.68558825826645 0.48427266 0.47927263 "" "" 80.88664775537947 "" 39.12487477558099 ""
93.31527478613 -5.87396668989 0.0322 0.0329 41.7936 "" "" 3019891973693225984 795.606567 1.2097 0.0409 -14.075 -1.641 0.042 0.04 0.981 4824.1 4.5013 15.90614 1.263289 16.457582 15.194294 "" "" 768.08313 823.030212 8175.05495 3.3749 3567.7 10.627 6628.9 15.705 "" "" 0.002791539653818909 0.004271314 0.0045716986 0.008843012 93.31527478613 -5.87396668989 795.606567 -14.075 -1.6410000000000011 -10.586117696762084 -2.195588258266449 0.48127264 0.47927263 "" "" 40.77170470246717 "" 19.618949569633006 ""
92.65367077544 -6.59206409705 0.0368 0.0399 21.9158 "" "" 3019746292699355904 765.138611 1.2614 0.0473 -8.611 -8.985 0.051 0.055 1.004 4655.2 4.4612 15.909022 1.38253 16.52824 15.14571 "" "" 744.946167 786.289612 8153.38589 3.5282 3342.9 11.641 6932.2 12.698 "" "" 0.0027950900441417086 0.0046989354 0.0042707147 0.00896965 92.65367077544 -6.59206409705 765.138611 -8.611000000000002 -8.985 -5.122117696762086 -9.539588258266448 0.49027264 0.49427265 "" "" 39.26956197202665 "" 19.374829781915267 ""
93.17592275494 -6.35016244244 0.0397 0.0421 28.4314 "" "" 3019732613226491648 759.226501 1.2796 0.0514 3.371 9.4 0.051 0.048 1.142 4665.4 4.3143 15.910003 1.429418 16.55434 15.124923 "" "" 734.520142 789.796509 8146.02694 4.8113 3263.5 24.722 7066.2 17.463 "" "" 0.002828960325278158 0.008685162 0.0046350216 0.013320183 93.17592275494 -6.35016244244 759.226501 3.371000000000001 9.400000000000002 6.8598823032379155 8.845411741733551 0.49027264 0.48727265 "" "" 40.283204648201306 "" 19.674377631011364 ""
92.63164117615 -6.9692381394 0.0304 0.0323 44.5194 "" "" 3019681662032093952 790.958618 1.221 0.039 -2.852 5.016 0.039 0.038 1.037 5638.0 4.4 15.910916 1.755426 16.749561 14.994136 "" "" 768.649353 816.762939 8139.16992 3.3897 2726.4 10.585 7970.8 14.832 "" "" 0.002792176676674948 0.0050550536 0.0042854934 0.009340547 92.63164117615 -6.9692381394 790.958618 -2.8519999999999976 5.016 0.6368823032379152 4.461411741733551 0.47827265 0.47727263 "" "" 16.896045675156984 "" 8.064357944437159 ""
92.81812273646 -6.72250810963 0.0481 0.0477 30.0857 "" "" 3019696539798633600 722.194214 1.3457 0.0577 -2.624 3.204 0.062 0.059 1.283 5704.7 4.6151 15.911226 1.662314 16.683783 15.021468 "" "" 694.219971 750.898254 8136.84959 6.1646 2896.7 18.414 7772.7 21.676 "" "" 0.002875484472228637 0.0074445503 0.0048426734 0.012287224 92.81812273646 -6.72250810963 722.194214 -2.624 3.204000000000001 0.8648823032379149 2.649411741733551 0.5012726 0.49827266 "" "" 9.540481480588179 "" 4.756524838921161 ""
93.12281769165 -6.57345149399 0.0293 0.0302 31.8355 "" "" 3019719492103655808 732.846802 1.3275 0.0393 2.879 -3.639 0.037 0.04 0.926 4859.3 4.6027 15.913791 1.361874 16.527985 15.166111 "" "" 712.962097 754.477783 8117.65205 3.3238 3343.7 10.966 6803.2 13.608 "" "" 0.002790953514356716 0.0045237383 0.0043589137 0.008882652 93.12281769165 -6.57345149399 732.846802 2.879 -3.6389999999999993 6.367882303237915 -4.193588258266448 0.47627264 0.47927263 "" "" 26.485886512445383 "" 12.638591746198717 ""
93.1129446764 -5.59593972011 0.0332 0.032 44.962 "" "" 3020122463115327872 794.995789 1.2256 0.04 4.058 0.563 0.042 0.04 0.998 4979.0 4.6278 15.91387 1.247315 16.463043 15.215729 "" "" 772.335938 822.331543 8117.06314 3.1276 3549.8 9.5976 6499.3 14.158 "" "" 0.002786898554185109 0.004049969 0.00445844 0.008508408 93.1129446764 -5.59593972011 794.995789 4.058 0.563 7.546882303237915 0.00841174173355097 0.48127264 0.47927263 "" "" 28.43878361161381 "" 13.686808335324633 ""
93.41849498633 -6.10250060102 0.0354 0.0343 42.7172 "" "" 3019836830610448384 918.581665 1.0468 0.0401 1.47 -3.596 0.049 0.045 0.966 5456.4 4.4539 15.915083 1.539317 16.62648 15.087163 "" "" 883.329285 948.651306 8107.99426 3.1443 3053.7 21.607 7316.3 15.512 "" "" 0.002787305769901038 0.008173316 0.0044252477 0.012598563 93.41849498633 -6.10250060102 918.581665 1.47 -3.596 4.958882303237915 -4.150588258266449 0.48827264 0.48427266 "" "" 28.156405193331782 "" 13.701717127182588 ""
93.14041608317 -6.35558485292 0.0351 0.036 26.4755 "" "" 3019733029840478464 801.82843 1.2076 0.0435 -3.658 0.657 0.046 0.042 1.023 4930.3 4.209 15.916815 1.961309 16.886698 14.925388 "" "" 774.449585 826.980164 8095.07436 19.943 2402.9 23.214 8491.9 65.716 "" "" 0.003840108363268481 0.010853868 0.0092130285 0.020066896 93.14041608317 -6.35558485292 801.82843 -3.6579999999999986 0.657 -0.16911769676208488 0.10241174173355105 0.48527265 0.48127264 "" "" 0.7514270960200977 "" 0.36384297341318145 ""
92.2376179723 -5.89974202323 0.0326 0.0316 34.7254 "" "" 3020005914881530624 764.68927 1.2707 0.0382 0.749 13.567 0.04 0.041 0.942 4965.0 4.5473 15.917006 1.324954 16.51311 15.188155 "" "" 737.039795 787.068298 8093.64176 3.4567 3389.8 13.073 6666.5 17.737 "" "" 0.0027940672792716374 0.005031683 0.0047569396 0.009788623 92.2376179723 -5.89974202323 764.68927 0.7489999999999998 13.567 4.237882303237915 13.012411741733551 0.47927263 0.48027265 "" "" 49.6034568784765 "" 23.818431343667502 ""
92.10189769771 -6.52312062676 0.0321 0.0321 40.4847 "" "" 3019945510461651456 838.06488 1.1429 0.0402 -3.525 1.435 0.04 0.038 0.998 "" "" 15.920876 2.324163 17.142204 14.818041 "" "" 810.703003 864.562073 8064.85558 15.541 1899.0 21.524 9374.4 92.883 "" "" 0.0034596474670610436 0.012618496 0.011402218 0.024020713 92.10189769771 -6.52312062676 838.06488 -3.525 1.435 -0.03611769676208487 0.8804117417335511 0.47927263 0.47727263 "" "" 3.500313536697674 "" 1.670615633028637 ""
92.6342191673 -6.73995676448 0.0442 0.0418 30.8606 "" "" 3019689908369209344 808.952148 1.2002 0.052 6.277 -9.102 0.059 0.052 1.383 4738.5 4.3735 15.921065 1.442391 16.569447 15.127055 "" "" 781.552002 837.959045 8063.44215 4.2775 3218.4 20.757 7052.4 18.03 "" "" 0.002814875072255635 0.007537844 0.0046892017 0.012227045 92.6342191673 -6.73995676448 808.952148 6.277000000000003 -9.102 9.765882303237916 -9.65658825826645 0.49827266 0.49127263 "" "" 52.66202127098581 "" 26.058453549850476 ""
