Clusters/NGC_2183/NGC_2183_members.tsv
# %ECSV 1.0
# ---
# datatype:
# - name: RA_ICRS_1
#   unit: deg
#   datatype: float64
#   format: '{:15.11f}'
#   description: Right ascension (ICRS) at Ep=2016.0 (ra)
#   meta: !!omap
#   - {ucd: POS_EQ_RA_MAIN}
#   - {width: 15}
#   - {precision: '11'}
# - name: DE_ICRS_1
#   unit: deg
#   datatype: float64
#   format: '{:15.11f}'
#   description: Declination (ICRS) at Ep=2016.0 (dec)
#   meta: !!omap
#   - {ucd: POS_EQ_DEC_MAIN}
#   - {width: 15}
#   - {precision: '11'}
# - name: e_RA_ICRS
#   unit: mas
#   datatype: float64
#   format: '{:7.4f}'
#   description: Standard error of right ascension (ra_error)
#   meta: !!omap
#   - {ucd: ERROR}
#   - {width: 7}
#   - {precision: '4'}
# - name: e_DE_ICRS
#   unit: mas
#   datatype: float64
#   format: '{:7.4f}'
#   description: Standard error of declination (dec_error)
#   meta: !!omap
#   - {ucd: ERROR}
#   - {width: 7}
#   - {precision: '4'}
# - name: _r_1
#   unit: ''
#   datatype: float64
#   format: '{:7.4f}'
#   description: Distance from center (092.71430611000-06.23180564000)[ICRS], at Epoch=J2016.0
#   meta: !!omap
#   - {ucd: POS_ANG_DIST_GENERAL}
#   - {width: 7}
#   - {precision: '4'}
# - name: HIP
#   datatype: int32
#   description: '? HIP cross-id number, van Leeuwen, Cat. I/311 (hip_original_ext_source_id)'
#   meta: !!omap
#   - {ucd: ID_NUMBER}
#   - {width: 6}
#   - values: {'null': -2147483648}
# - name: TYC2
#   datatype: string
#   description: Tycho-2 cross-id name, Hog et al., Cat. I/259 (tyc2_original_ext_source_id)
#   meta: !!omap
#   - {ucd: ID_CROSSID}
#   - {_votable_string_dtype: char}
# - name: Source
#   datatype: int64
#   description: Source identifier, identical to the Gaia-EDR3 source_id (id)
#   meta: !!omap
#   - {ucd: ID_MAIN}
#   - {width: 19}
# - name: rgeo
#   unit: pc
#   datatype: float64
#   format: '{:15.8f}'
#   description: '? Median of the geometric distance posterior (r_med_geo)'
#   meta: !!omap
#   - {ucd: PHYS_DISTANCE_TRUE}
#   - {width: 15}
#   - {precision: '8'}
#   - values: {'null': .nan}
# - name: Plx
#   unit: mas
#   datatype: float64
#   format: '{:9.4f}'
#   description: '? Parallax (parallax)'
#   meta: !!omap
#   - {ucd: POS_PARLX_TRIG}
#   - {width: 9}
#   - {precision: '4'}
#   - values: {'null': .nan}
# - name: e_Plx
#   unit: mas
#   datatype: float32
#   format: '{:7.4f}'
#   description: '? Standard error of parallax (parallax_error)'
#   meta: !!omap
#   - {ucd: ERROR}
#   - {width: 7}
#   - {precision: '4'}
#   - values: {'null': .nan}
# - name: pmRA
#   unit: mas / yr
#   datatype: float64
#   format: '{:9.3f}'
#   description: '? Proper motion in right ascension direction, pmRA*cosDE (pmra)'
#   meta: !!omap
#   - {ucd: POS_EQ_PMRA}
#   - {width: 9}
#   - {precision: '3'}
#   - values: {'null': .nan}
# - name: pmDE
#   unit: mas / yr
#   datatype: float64
#   format: '{:9.3f}'
#   description: '? Proper motion in declination direction (pmdec)'
#   meta: !!omap
#   - {ucd: POS_EQ_PMDEC}
#   - {width: 9}
#   - {precision: '3'}
#   - values: {'null': .nan}
# - name: e_pmRA
#   unit: mas / yr
#   datatype: float32
#   format: '{:6.3f}'
#   description: '? Standard error of proper motion in right ascension direction (pmra_error)'
#   meta: !!omap
#   - {ucd: ERROR}
#   - {width: 6}
#   - {precision: '3'}
#   - values: {'null': .nan}
# - name: e_pmDE
#   unit: mas / yr
#   datatype: float32
#   format: '{:6.3f}'
#   description: '? Standard error of proper motion in declination direction (pmdec_error)'
#   meta: !!omap
#   - {ucd: ERROR}
#   - {width: 6}
#   - {precision: '3'}
#   - values: {'null': .nan}
# - name: RUWE
#   datatype: float64
#   format: '{:7.3f}'
#   description: '? Renormalised unit weight error (ruwe)'
#   meta: !!omap
#   - {ucd: ERROR}
#   - {width: 7}
#   - {precision: '3'}
#   - values: {'null': .nan}
# - name: Teff
#   unit: K
#   datatype: float64
#   format: '{:7.1f}'
#   description: '? Effective temperature from GSP-Phot Aeneas best library using BP/RP spectra (teff_gspphot)'
#   meta: !!omap
#   - {ucd: PHYS_TEMP_EFFEC}
#   - {width: 7}
#   - {precision: '1'}
#   - values: {'null': .nan}
# - name: logg
#   unit: log(cm.s**-2)
#   datatype: float64
#   format: '{:7.4f}'
#   description: '? Surface gravity from GSP-Phot Aeneas best library using BP/RP spectra (logg_gspphot)'
#   meta: !!omap
#   - {ucd: PHYS_GRAVITY_SURFACE}
#   - {width: 7}
#   - {precision: '4'}
#   - values: {'null': .nan}
# - name: Gmag
#   unit: mag
#   datatype: float64
#   format: '{:9.6f}'
#   description: '? G-band mean magnitude (phot_g_mean_mag)'
#   meta: !!omap
#   - {ucd: PHOT_MAG_OPTICAL}
#   - {width: 9}
#   - {precision: '6'}
#   - values: {'null': .nan}
# - name: BP-RP
#   unit: mag
#   datatype: float64
#   format: '{:9.6f}'
#   description: '? BP-RP colour (bp_rp)'
#   meta: !!omap
#   - {ucd: PHOT_CI_B-R}
#   - {width: 9}
#   - {precision: '6'}
#   - values: {'null': .nan}
# - name: BPmag
#   unit: mag
#   datatype: float64
#   format: '{:9.6f}'
#   description: '? Integrated BP mean magnitude (phot_bp_mean_mag)'
#   meta: !!omap
#   - {ucd: PHOT_MAG_B}
#   - {width: 9}
#   - {precision: '6'}
#   - values: {'null': .nan}
# - name: RPmag
#   unit: mag
#   datatype: float64
#   format: '{:9.6f}'
#   description: '? Integrated RP mean magnitude (phot_rp_mean_mag)'
#   meta: !!omap
#   - {ucd: PHOT_MAG_R}
#   - {width: 9}
#   - {precision: '6'}
#   - values: {'null': .nan}
# - name: RV
#   unit: km / s
#   datatype: float64
#   format: '{:7.2f}'
#   description: '? Radial velocity (radial_velocity)'
#   meta: !!omap
#   - {ucd: VELOC_BARYCENTER}
#   - {width: 7}
#   - {precision: '2'}
#   - values: {'null': .nan}
# - name: e_RV
#   unit: km / s
#   datatype: float32
#   format: '{:5.2f}'
#   description: '? Radial velocity error (radial_velocity_error)'
#   meta: !!omap
#   - {ucd: ERROR}
#   - {width: 5}
#   - {precision: '2'}
#   - values: {'null': .nan}
# - name: b_rgeo
#   unit: pc
#   datatype: float64
#   format: '{:14.8f}'
#   description: '? 16th percentile of the geometric distance posterior (r_lo_geo)'
#   meta: !!omap
#   - {ucd: ERROR}
#   - {width: 14}
#   - {precision: '8'}
#   - values: {'null': .nan}
# - name: B_rgeo
#   unit: pc
#   datatype: float64
#   format: '{:14.8f}'
#   description: '? 84th percentile of the geometric distance posterior (r_hi_geo)'
#   meta: !!omap
#   - {ucd: ERROR}
#   - {width: 14}
#   - {precision: '8'}
#   - values: {'null': .nan}
# - name: FG
#   unit: ''
#   datatype: float64
#   format: '{:16.5f}'
#   description: '? G-band mean flux (phot_g_mean_flux)'
#   meta: !!omap
#   - {ucd: PHOT_FLUX_OPTICAL}
#   - {width: 16}
#   - {precision: '5'}
#   - values: {'null': .nan}
# - name: e_FG
#   unit: ''
#   datatype: float32
#   format: '{:11.4g}'
#   description: '? Error on G-band mean flux (phot_g_mean_flux_error)'
#   meta: !!omap
#   - {ucd: ERROR}
#   - {width: 11}
#   - {precision: E4}
#   - values: {'null': .nan}
# - name: FBP
#   unit: ''
#   datatype: float32
#   format: '{:11.4g}'
#   description: '? Integrated BP mean flux (phot_bp_mean_flux)'
#   meta: !!omap
#   - {ucd: PHOT_FLUX_B}
#   - {width: 11}
#   - {precision: E4}
#   - values: {'null': .nan}
# - name: e_FBP
#   unit: ''
#   datatype: float32
#   format: '{:11.4g}'
#   description: '? Error on the integrated BP mean flux (phot_bp_mean_flux_error)'
#   meta: !!omap
#   - {ucd: ERROR}
#   - {width: 11}
#   - {precision: E4}
#   - values: {'null': .nan}
# - name: FRP
#   unit: ''
#   datatype: float32
#   format: '{:11.4g}'
#   description: '? Integrated RP mean flux (phot_rp_mean_flux)'
#   meta: !!omap
#   - {ucd: PHOT_FLUX_R}
#   - {width: 11}
#   - {precision: E4}
#   - values: {'null': .nan}
# - name: e_FRP
#   unit: ''
#   datatype: float32
#   format: '{:11.4g}'
#   description: '? Error on the integrated RP mean flux (phot_rp_mean_flux_error)'
#   meta: !!omap
#   - {ucd: ERROR}
#   - {width: 11}
#   - {precision: E4}
#   - values: {'null': .nan}
# - name: RAVE5
#   datatype: string
#   description: RAVE DR5 cross-id name, Kunder et al., Cat. III/279 (rave5_original_ext_source_id)
#   meta: !!omap
#   - {ucd: ID_CROSSID}
#   - {_votable_string_dtype: char}
# - name: RAVE6
#   datatype: string
#   description: RAVE DR6 cross-id name, Steinmetz et al., Cat. III/283 (rave6_original_ext_source_id)
#   meta: !!omap
#   - {ucd: ID_CROSSID}
#   - {_votable_string_dtype: char}
# - name: e_Gmag
#   unit: ''
#   datatype: float64
#   format: '{:11.4g}'
#   description: '? Error on G-band mean flux (phot_g_mean_flux_error)'
#   meta: !!omap
#   - {ucd: ERROR}
#   - {width: 11}
#   - {precision: E4}
#   - values: {'null': .nan}
# - name: e_BPmag
#   unit: ''
#   datatype: float32
#   format: '{:11.4g}'
#   description: '? Error on the integrated BP mean flux (phot_bp_mean_flux_error)'
#   meta: !!omap
#   - {ucd: ERROR}
#   - {width: 11}
#   - {precision: E4}
#   - values: {'null': .nan}
# - name: e_RPmag
#   unit: ''
#   datatype: float32
#   format: '{:11.4g}'
#   description: '? Error on the integrated RP mean flux (phot_rp_mean_flux_error)'
#   meta: !!omap
#   - {ucd: ERROR}
#   - {width: 11}
#   - {precision: E4}
#   - values: {'null': .nan}
# - name: e_BP-RP
#   unit: ''
#   datatype: float32
#   format: '{:11.4g}'
#   description: '? Error on the integrated BP mean flux (phot_bp_mean_flux_error)'
#   meta: !!omap
#   - {ucd: ERROR}
#   - {width: 11}
#   - {precision: E4}
#   - values: {'null': .nan}
# - name: SkyCoord.ra
#   unit: deg
#   datatype: float64
#   format: '{:15.11f}'
#   description: Right ascension (ICRS) at Ep=2016.0 (ra)
#   meta: !!omap
#   - {ucd: POS_EQ_RA_MAIN}
#   - {width: 15}
#   - {precision: '11'}
# - name: SkyCoord.dec
#   unit: deg
#   datatype: float64
#   format: '{:15.11f}'
#   description: Declination (ICRS) at Ep=2016.0 (dec)
#   meta: !!omap
#   - {ucd: POS_EQ_DEC_MAIN}
#   - {width: 15}
#   - {precision: '11'}
# - name: SkyCoord.distance
#   unit: pc
#   datatype: float64
#   format: '{:15.8f}'
#   description: '? Median of the geometric distance posterior (r_med_geo)'
#   meta: !!omap
#   - {ucd: PHYS_DISTANCE_TRUE}
#   - {width: 15}
#   - {precision: '8'}
#   - values: {'null': .nan}
# - {name: SkyCoord.pm_ra_cosdec, unit: mas / yr, datatype: float64}
# - {name: SkyCoord.pm_dec, unit: mas / yr, datatype: float64}
# - {name: Pmemb, datatype: float64}
# meta: !!omap
# - {ID: I_352_gedr3dis}
# - {name: I/352/gedr3dis}
# - {description: Estimating distances from parallaxes (1467744818 sources)}
# - __serialized_columns__:
#     SkyCoord:
#       __class__: astropy.coordinates.sky_coordinate.SkyCoord
#       dec: !astropy.table.SerializedColumn
#         __class__: astropy.coordinates.angles.Latitude
#         unit: &id001 !astropy.units.Unit {unit: deg}
#         value: !astropy.table.SerializedColumn {name: SkyCoord.dec}
#       distance: !astropy.table.SerializedColumn
#         __class__: astropy.coordinates.distances.Distance
#         unit: !astropy.units.Unit {unit: pc}
#         value: !astropy.table.SerializedColumn {name: SkyCoord.distance}
#       frame: icrs
#       obstime: !astropy.time.Time {format: jyear_str, in_subfmt: '*', jd1: 367701545.0, jd2: 0.0, out_subfmt: '*', precision: 3, scale: tt}
#       pm_dec: !astropy.table.SerializedColumn
#         __class__: astropy.units.quantity.Quantity
#         unit: !astropy.units.Unit {unit: mas / yr}
#         value: !astropy.table.SerializedColumn {name: SkyCoord.pm_dec}
#       pm_ra_cosdec: !astropy.table.SerializedColumn
#         __class__: astropy.units.quantity.Quantity
#         unit: !astropy.units.Unit {unit: mas / yr}
#         value: !astropy.table.SerializedColumn {name: SkyCoord.pm_ra_cosdec}
#       ra: !astropy.table.SerializedColumn
#         __class__: astropy.coordinates.angles.Longitude
#         unit: *id001
#         value: !astropy.table.SerializedColumn {name: SkyCoord.ra}
#         wrap_angle: !astropy.coordinates.Angle
#           unit: *id001
#           value: 360.0
#       representation_type: spherical
# schema: astropy-2.0
RA_ICRS_1 DE_ICRS_1 e_RA_ICRS e_DE_ICRS _r_1 HIP TYC2 Source rgeo Plx e_Plx pmRA pmDE e_pmRA e_pmDE RUWE Teff logg Gmag BP-RP BPmag RPmag RV e_RV b_rgeo B_rgeo FG e_FG FBP e_FBP FRP e_FRP RAVE5 RAVE6 e_Gmag e_BPmag e_RPmag e_BP-RP SkyCoord.ra SkyCoord.dec SkyCoord.distance SkyCoord.pm_ra_cosdec SkyCoord.pm_dec Pmemb
92.77561214072 -6.21076770144 0.0104 0.0106 3.8684 "" "" 3019796694140198656 815.728455 1.2079 0.0138 -2.796 0.549 0.013 0.013 1.073 "" "" 12.016993 1.239909 12.511668 11.271759 "" "" 806.670349 824.960693 293866.20707 93.934 135130.0 239.76 245730.0 287.48 "" "" 0.0027770913049926477 0.0033905918 0.003987123 0.007377715 92.77561214072 -6.21076770144 815.728455 -2.796 0.549 1.0
92.48315907812 -6.19190928772 0.0138 0.0134 13.9937 "" "" 3019981141510374912 835.414124 1.1691 0.0165 -3.196 0.499 0.018 0.017 1.093 5954.7 3.7327 13.003889 1.146405 13.493077 12.346672 25.06 4.35 825.125244 844.489685 118410.69583 103.58 54725.0 158.7 91304.0 214.7 "" "" 0.0029144149377846955 0.0042069745 0.004560922 0.008767896 92.48315907812 -6.19190928772 835.414124 -3.196 0.499 1.0
92.73740727841 -6.27286239266 0.0148 0.0153 2.8225 "" "" 3019789787832788608 835.585815 1.1575 0.0198 -3.569 0.522 0.018 0.018 1.476 "" "" 13.110578 1.233227 13.63093 12.397703 "" "" 818.790955 848.918579 107328.70626 24.709 48200.0 53.644 87112.0 53.538 "" "" 0.002766634671254601 0.0030405913 0.0038378367 0.006878428 92.73740727841 -6.27286239266 835.585815 -3.5689999999999995 0.5219999999999999 0.8
92.74100357527 -6.24434802309 0.0118 0.0119 1.7612 "" "" 3019790754200698880 824.545898 1.1731 0.0151 -3.829 0.398 0.014 0.014 1.185 7942.2 3.8727 13.273681 1.337126 13.850282 12.513156 "" "" 814.07489 834.999634 92358.0062 72.83 39383.0 107.84 78324.0 203.37 "" "" 0.0028852758413423028 0.004077229 0.0047150045 0.008792234 92.74100357527 -6.24434802309 824.545898 -3.8289999999999997 0.39800000000000013 0.8
92.72816844617 -6.1126254787 0.0122 0.0124 7.1985 "" "" 3019801573223045888 819.168335 1.18 0.015 -3.223 1.229 0.016 0.015 1.012 6588.7 3.5005 13.776473 2.254759 14.957974 12.703216 35.63 3.56 809.829468 828.566101 58124.287 84.614 14198.0 64.091 65746.0 271.34 "" "" 0.00317646581151804 0.0056396723 0.0058619548 0.011501627 92.72816844617 -6.1126254787 819.168335 -3.223 1.2290000000000003 0.8
92.45091322365 -6.09888224023 0.0132 0.0129 17.6204 "" "" 3019987120104646528 709.791809 1.3678 0.016 -3.164 0.603 0.016 0.015 0.999 5550.3 4.2937 13.968068 0.931399 14.347327 13.415928 50.36 5.71 700.626831 722.226746 48721.36932 10.078 24916.0 32.037 34103.0 18.483 "" "" 0.002764457896357341 0.003119932 0.0038249171 0.006944849 92.45091322365 -6.09888224023 709.791809 -3.164 0.6029999999999999 1.0
92.69635822738 -6.21405576876 0.018 0.0187 1.51 "" "" 3019793984016107264 846.466125 1.146 0.0216 -3.217 0.481 0.022 0.022 1.284 "" "" 14.162656 2.025423 15.154213 13.12879 "" "" 833.29425 863.351135 40727.18776 34.468 11850.0 34.461 44427.0 137.47 "" "" 0.002904499748180653 0.0042135986 0.00505673 0.009270329 92.69635822738 -6.21405576876 846.466125 -3.2169999999999996 0.4809999999999999 1.0
92.7464323176 -6.17472216461 0.0297 0.0299 3.9246 "" "" 3019800031330046336 891.284546 1.0798 0.0369 -3.451 0.488 0.038 0.036 1.676 "" "" 14.790407 2.133348 15.85197 13.718622 "" "" 865.277771 920.938782 22844.61132 257.38 6232.0 268.77 25805.0 762.15 "" "" 0.012538976032634982 0.046908043 0.032289136 0.07919718 92.7464323176 -6.17472216461 891.284546 -3.4510000000000005 0.488 0.9
92.71979714392 -6.35594516524 0.02 0.0203 7.4556 "" "" 3019787421306105984 674.930237 1.4379 0.0248 -4.179 0.899 0.024 0.024 0.988 5678.3 4.4512 14.951227 1.288385 15.516658 14.228272 71.28 7.97 664.490356 685.35437 19699.53708 8.5133 8487.0 22.302 16138.0 20.404 "" "" 0.0027949859326739145 0.0039906283 0.0040209647 0.008011593 92.71979714392 -6.35594516524 674.930237 -4.179 0.899 0.8
92.63389259845 -6.27073385346 0.0281 0.0273 5.3346 "" "" 3019793296821364224 833.502014 1.1548 0.0344 -4.321 0.199 0.036 0.037 1.002 4698.9 4.2738 15.705427 1.629771 16.471243 14.841472 "" "" 812.538635 856.339966 9835.03583 16.026 3523.1 29.825 9174.2 41.213 "" "" 0.003274417252657881 0.009605526 0.00617033 0.015775856 92.63389259845 -6.27073385346 833.502014 -4.320999999999999 0.199 0.8
93.02092734976 -6.35820836082 0.0422 0.0494 19.7967 "" "" 3019778762652287360 820.854797 1.1952 0.0619 -4.09 0.515 0.052 0.058 1.101 "" "" 16.310625 1.992866 17.291348 15.298482 "" "" 779.096741 858.790344 5632.44332 19.394 1655.3 28.153 6022.3 59.301 "" "" 0.0046441370117595296 0.01867558 0.011339496 0.030015077 93.02092734976 -6.35820836082 820.854797 -4.09 0.515 0.8
92.75685564937 -6.21243215396 0.0435 0.0446 2.7915 "" "" 3019796904591579776 773.622009 1.2525 0.0542 -2.878 0.174 0.055 0.052 0.953 5181.9 4.1697 16.48475 2.60965 17.860012 15.250362 "" "" 748.868469 802.437927 4797.84711 12.961 980.42 12.94 6295.3 45.378 "" "" 0.004024232937618564 0.014599115 0.008691017 0.023290131 92.75685564937 -6.21243215396 773.622009 -2.878 0.174 0.8
92.78920941997 -6.17705106086 0.0407 0.044 5.5457 "" "" 3019797419989924608 797.958252 1.2112 0.0541 -3.355 0.268 0.05 0.051 0.989 4771.0 4.23 16.545004 2.146336 17.64369 15.497355 "" "" 769.254578 833.245422 4538.8471 11.039 1196.6 16.64 5014.4 35.022 "" "" 0.003816378616530836 0.0153539665 0.008472721 0.023826689 92.78920941997 -6.17705106086 797.958252 -3.354999999999999 0.268 0.9
92.57061720698 -6.26911474401 0.0525 0.0524 8.8576 "" "" 3019792025508797184 774.631775 1.2491 0.0659 -3.112 0.515 0.066 0.061 0.999 4473.2 4.3104 16.632965 2.196337 17.575308 15.378971 "" "" 746.224365 812.947266 4185.62559 5.1893 1274.4 49.365 5592.0 173.98 "" "" 0.0030665511588251464 0.04214939 0.033990517 0.07613991 92.57061720698 -6.26911474401 774.631775 -3.1119999999999997 0.515 1.0
92.65013523048 -6.18604021654 0.0493 0.0525 4.7107 "" "" 3019794980448522624 785.916382 1.2465 0.0607 -3.46 0.676 0.063 0.064 1.007 3667.5 4.0353 16.743073 2.296763 17.913427 15.616664 "" "" 750.875854 816.546692 3781.9699 59.428 933.35 75.056 4492.5 166.05 "" "" 0.017281781785805084 0.08735481 0.040308125 0.12766293 92.65013523048 -6.18604021654 785.916382 -3.46 0.6760000000000002 0.9
92.66413984862 -6.28812401877 0.0478 0.0484 4.5134 "" "" 3019790273164384896 876.35321 1.1098 0.0583 -3.457 0.719 0.056 0.06 1.011 4673.0 4.2974 16.757534 2.216925 17.912144 15.695219 "" "" 829.548279 912.055176 3731.93014 7.7208 934.46 13.053 4179.0 23.255 "" "" 0.003554899740632635 0.015420624 0.0071265274 0.022547152 92.66413984862 -6.28812401877 876.35321 -3.457 0.7189999999999999 1.0
92.76566462945 -6.22906911149 0.0496 0.0512 3.0677 "" "" 3019796595356215168 827.423523 1.1885 0.0658 -4.014 0.694 0.061 0.059 0.97 4040.6 4.216 16.859953 2.235383 18.000296 15.764913 "" "" 788.332642 873.710815 3395.98085 19.074 861.59 13.713 3919.2 52.126 "" "" 0.006691763064629513 0.017504299 0.014926849 0.032431148 92.76566462945 -6.22906911149 827.423523 -4.014 0.6940000000000001 0.8
