Clusters/NGC_2183/NGC_2183_stars_in_region.tsv
# %ECSV 1.0
# ---
# datatype:
# - name: RA_ICRS_1
#   unit: deg
#   datatype: float64
#   format: '{:15.11f}'
#   description: Right ascension (ICRS) at Ep=2016.0 (ra)
#   meta: !!omap
#   - {ucd: POS_EQ_RA_MAIN}
#   - {width: 15}
#   - {precision: '11'}
# - name: DE_ICRS_1
#   unit: deg
#   datatype: float64
#   format: '{:15.11f}'
#   description: Declination (ICRS) at Ep=2016.0 (dec)
#   meta: !!omap
#   - {ucd: POS_EQ_DEC_MAIN}
#   - {width: 15}
#   - {precision: '11'}
# - name: e_RA_ICRS
#   unit: mas
#   datatype: float64
#   format: '{:7.4f}'
#   description: Standard error of right ascension (ra_error)
#   meta: !!omap
#   - {ucd: ERROR}
#   - {width: 7}
#   - {precision: '4'}
# - name: e_DE_ICRS
#   unit: mas
#   datatype: float64
#   format: '{:7.4f}'
#   description: Standard error of declination (dec_error)
#   meta: !!omap
#   - {ucd: ERROR}
#   - {width: 7}
#   - {precision: '4'}
# - name: _r_1
#   unit: ''
#   datatype: float64
#   format: '{:7.4f}'
#   description: Distance from center (092.71430611000-06.23180564000)[ICRS], at Epoch=J2016.0
#   meta: !!omap
#   - {ucd: POS_ANG_DIST_GENERAL}
#   - {width: 7}
#   - {precision: '4'}
# - name: HIP
#   datatype: int32
#   description: '? HIP cross-id number, van Leeuwen, Cat. I/311 (hip_original_ext_source_id)'
#   meta: !!omap
#   - {ucd: ID_NUMBER}
#   - {width: 6}
#   - values: {'null': -2147483648}
# - name: TYC2
#   datatype: string
#   description: Tycho-2 cross-id name, Hog et al., Cat. I/259 (tyc2_original_ext_source_id)
#   meta: !!omap
#   - {ucd: ID_CROSSID}
#   - {_votable_string_dtype: char}
# - name: Source
#   datatype: int64
#   description: Source identifier, identical to the Gaia-EDR3 source_id (id)
#   meta: !!omap
#   - {ucd: ID_MAIN}
#   - {width: 19}
# - name: rgeo
#   unit: pc
#   datatype: float64
#   format: '{:15.8f}'
#   description: '? Median of the geometric distance posterior (r_med_geo)'
#   meta: !!omap
#   - {ucd: PHYS_DISTANCE_TRUE}
#   - {width: 15}
#   - {precision: '8'}
#   - values: {'null': .nan}
# - name: Plx
#   unit: mas
#   datatype: float64
#   format: '{:9.4f}'
#   description: '? Parallax (parallax)'
#   meta: !!omap
#   - {ucd: POS_PARLX_TRIG}
#   - {width: 9}
#   - {precision: '4'}
#   - values: {'null': .nan}
# - name: e_Plx
#   unit: mas
#   datatype: float32
#   format: '{:7.4f}'
#   description: '? Standard error of parallax (parallax_error)'
#   meta: !!omap
#   - {ucd: ERROR}
#   - {width: 7}
#   - {precision: '4'}
#   - values: {'null': .nan}
# - name: pmRA
#   unit: mas / yr
#   datatype: float64
#   format: '{:9.3f}'
#   description: '? Proper motion in right ascension direction, pmRA*cosDE (pmra)'
#   meta: !!omap
#   - {ucd: POS_EQ_PMRA}
#   - {width: 9}
#   - {precision: '3'}
#   - values: {'null': .nan}
# - name: pmDE
#   unit: mas / yr
#   datatype: float64
#   format: '{:9.3f}'
#   description: '? Proper motion in declination direction (pmdec)'
#   meta: !!omap
#   - {ucd: POS_EQ_PMDEC}
#   - {width: 9}
#   - {precision: '3'}
#   - values: {'null': .nan}
# - name: e_pmRA
#   unit: mas / yr
#   datatype: float32
#   format: '{:6.3f}'
#   description: '? Standard error of proper motion in right ascension direction (pmra_error)'
#   meta: !!omap
#   - {ucd: ERROR}
#   - {width: 6}
#   - {precision: '3'}
#   - values: {'null': .nan}
# - name: e_pmDE
[...]
#         value: !astropy.table.SerializedColumn {name: SkyCoord.dec}
#       distance: !astropy.table.SerializedColumn
#         __class__: astropy.coordinates.distances.Distance
#         unit: !astropy.units.Unit {unit: pc}
#         value: !astropy.table.SerializedColumn {name: SkyCoord.distance}
#       frame: icrs
#       obstime: !astropy.time.Time {format: jyear_str, in_subfmt: '*', jd1: 367701545.0, jd2: 0.0, out_subfmt: '*', precision: 3, scale: tt}
#       pm_dec: !astropy.table.SerializedColumn
#         __class__: astropy.units.quantity.Quantity
#         unit: !astropy.units.Unit {unit: mas / yr}
#         value: !astropy.table.SerializedColumn {name: SkyCoord.pm_dec}
#       pm_ra_cosdec: !astropy.table.SerializedColumn
#         __class__: astropy.units.quantity.Quantity
#         unit: !astropy.units.Unit {unit: mas / yr}
#         value: !astropy.table.SerializedColumn {name: SkyCoord.pm_ra_cosdec}
#       ra: !astropy.table.SerializedColumn
#         __class__: astropy.coordinates.angles.Longitude
#         unit: *id001
#         value: !astropy.table.SerializedColumn {name: SkyCoord.ra}
#         wrap_angle: !astropy.coordinates.Angle
#           unit: *id001
#           value: 360.0
#       representation_type: spherical
# schema: astropy-2.0
RA_ICRS_1 DE_ICRS_1 e_RA_ICRS e_DE_ICRS _r_1 HIP TYC2 Source rgeo Plx e_Plx pmRA pmDE e_pmRA e_pmDE RUWE Teff logg Gmag BP-RP BPmag RPmag RV e_RV b_rgeo B_rgeo FG e_FG FBP e_FBP FRP e_FRP RAVE5 RAVE6 e_Gmag e_BPmag e_RPmag e_BP-RP SkyCoord.ra SkyCoord.dec SkyCoord.distance SkyCoord.pm_ra_cosdec SkyCoord.pm_dec rmRA rmDE e_rmRA e_rmDE rRV e_rRV v_pec v_pec3d e_vpec e_vpec3d
[from data line 890]
93.00950680562 -5.53442682454 0.0478 0.0449 45.4008 "" "" 3020126723722473344 872.713318 1.1352 0.059 -3.891 1.994 0.062 0.062 0.981 4516.1 4.3919 16.748096 1.693175 17.556744 15.863568 "" "" 834.578247 910.042175 3764.51004 2.8532 1296.3 10.304 3578.7 10.467 "" "" 0.0028755794069180744 0.009070098 0.0049363906 0.014006489 93.00950680562 -5.53442682454 872.713318 -3.891 1.993999999999999 -0.402117696762085 1.439411741733551 0.5012726 0.5012726 "" "" 6.182343234190358 "" 3.0990393831412977 ""
92.25776103195 -6.77153976894 0.0893 0.0879 42.302 "" "" 3018238381221447296 743.557068 1.3513 0.1121 17.259 -13.981 0.115 0.112 1.701 6050.8 4.4911 16.750242 2.204543 17.849165 15.644622 "" "" 685.095886 809.151001 3757.07494 9.6761 990.26 16.333 4378.3 20.511 "" "" 0.003925654072127373 0.018123813 0.0063367663 0.02446058 92.25776103195 -6.77153976894 743.557068 17.259 -13.981000000000007 20.747882303237915 -14.535588258266449 0.55427265 0.55127263 "" "" 89.28495318796531 "" 49.40018275668332 ""
93.47340457472 -6.24195556262 0.1575 0.1491 45.2804 "" "" 3019831023814687872 845.986633 1.1813 0.1802 0.276 1.941 0.217 0.188 3.19 4855.3 4.7554 16.754042 1.793501 17.534847 15.741346 "" "" 723.877014 990.359436 3743.95045 16.907 1322.8 10.746 4005.2 21.326 "" "" 0.005624150753596765 0.00925097 0.0069068586 0.016157828 93.47340457472 -6.24195556262 845.986633 0.27600000000000025 1.941 3.764882303237915 1.386411741733551 0.65627265 0.6272726 "" "" 16.088192334145848 "" 10.503616888239014 ""
92.66413984862 -6.28812401877 0.0478 0.0484 4.5134 "" "" 3019790273164384896 876.35321 1.1098 0.0583 -3.457 0.719 0.056 0.06 1.011 4673.0 4.2974 16.757534 2.216925 17.912144 15.695219 "" "" 829.548279 912.055176 3731.93014 7.7208 934.46 13.053 4179.0 23.255 "" "" 0.003554899740632635 0.015420624 0.0071265274 0.022547152 92.66413984862 -6.28812401877 876.35321 -3.457 0.7189999999999998 0.03188230323791519 0.164411741733551 0.49527264 0.49927264 "" "" 0.6956746309812132 "" 0.3472308537626931 ""
93.01694846601 -6.26503474394 0.0558 0.0567 18.1604 "" "" 3019781683230014848 928.000916 1.0306 0.0713 -3.784 0.546 0.067 0.069 1.062 4226.5 4.1023 16.761528 2.323454 17.991999 15.668545 "" "" 875.481506 995.792297 3718.22157 11.227 868.19 13.258 4282.9 33.401 "" "" 0.004282434075162559 0.016813248 0.009272496 0.026085746 93.01694846601 -6.26503474394 928.000916 -3.7840000000000003 0.5460000000000002 -0.29511769676208477 -0.008588258266448934 0.5062727 0.50827265 "" "" 1.2986909623472174 "" 0.6574939478040983 ""
92.72309289701 -6.15626998116 0.048 0.0498 4.5623 "" "" 3019800306207953792 776.362366 1.2613 0.0609 1.874 2.386 0.06 0.057 0.996 4407.6 4.5023 16.762669 1.691666 17.576694 15.885029 "" "" 742.388672 805.906921 3714.32231 2.3393 1272.7 8.0963 3508.7 11.639 "" "" 0.002838903852581711 0.007449207 0.005220646 0.012669853 92.72309289701 -6.15626998116 776.362366 1.8740000000000006 2.3860000000000032 5.362882303237916 1.8314117417335511 0.49927264 0.49627265 "" "" 20.854218036391007 "" 10.405424111311529 ""
93.27320398993 -5.63992276415 0.056 0.0537 48.7202 "" "" 3019933720776912896 738.904419 1.3242 0.0674 1.214 -0.495 0.074 0.066 1.069 4551.6 4.6469 16.769272 1.557513 17.489502 15.931989 "" "" 708.449463 783.112732 3691.80167 2.7731 1379.2 12.751 3360.2 13.431 "" "" 0.0028734846093372273 0.010418435 0.005754772 0.016173206 93.27320398993 -5.63992276415 738.904419 1.214 -0.4950000000000003 4.7028823032379155 -1.049588258266449 0.51327264 0.5052726 "" "" 16.876636876563317 "" 8.655957764031493 ""
91.93644852638 -6.30418839026 0.0483 0.051 46.5953 "" "" 3019964683195646976 787.702698 1.2385 0.0655 -2.377 0.987 0.062 0.062 1.005 5596.6 4.4167 16.771593 2.408544 18.067883 15.659339 "" "" 748.90564 831.815735 3683.91325 5.2775 809.59 11.403 4319.4 19.994 "" "" 0.0031640275805288856 0.015544947 0.0062882314 0.021833178 91.93644852638 -6.30418839026 787.702698 -2.377 0.9870000000000002 1.1118823032379153 0.432411741733551 0.5012726 0.5012726 "" "" 4.454337580619262 "" 2.2328374639253132 ""
92.72778718699 -6.79901750786 0.0572 0.0598 34.0422 "" "" 3019694340775449600 648.847107 1.5339 0.0732 9.192 -19.804 0.079 0.085 1.194 4240.3 4.6839 16.781052 1.798901 17.659582 15.860682 "" "" 619.608643 681.004578 3651.95954 2.8114 1179.2 26.52 3588.3 15.096 "" "" 0.002879307360655353 0.024576912 0.0059285406 0.030505452 92.72778718699 -6.79901750786 648.847107 9.191999999999991 -19.804 12.680882303237915 -20.358588258266447 0.51827264 0.5242726 "" "" 73.76650016257285 "" 38.55055053271004 ""
92.00639188564 -6.2497763783 0.05 0.053 42.2369 "" "" 3019966744779924352 826.223267 1.1763 0.0656 -2.525 1.113 0.065 0.066 1.017 6162.8 4.3996 16.78308 2.292557 17.97021 15.677652 "" "" 780.594543 869.507385 3645.14496 14.41 885.79 23.081 4247.1 53.057 "" "" 0.0051004138640976535 0.028428245 0.014080291 0.042508535 92.00639188564 -6.2497763783 826.223267 -2.5250000000000004 1.113 0.9638823032379151 0.558411741733551 0.50427264 0.5052726 "" "" 4.362574828515165 "" 2.2010241946608007 ""
92.94111914517 -5.46163050793 0.0516 0.0479 48.1527 "" "" 3020139746063307008 810.130188 1.2009 0.0605 3.392 1.886 0.067 0.066 0.957 4444.9 4.6332 16.787472 1.569971 17.516174 15.946203 "" "" 777.481628 856.163574 3630.42999 2.6624 1345.7 18.655 3316.5 25.853 "" "" 0.002868061106156902 0.015307641 0.009269104 0.024576746 92.94111914517 -5.46163050793 810.130188 3.392 1.8860000000000008 6.8808823032379145 1.331411741733551 0.5062727 0.5052726 "" "" 26.912794369008417 "" 13.624241985990563 ""
92.4979816275 -6.41061063118 0.0551 0.0535 16.7786 "" "" 3019764091043820160 663.437317 1.4913 0.0609 -8.03 -8.672 0.071 0.067 0.947 4409.4 4.5786 16.791656 1.732906 17.640093 15.907186 "" "" 634.540771 694.2229 3616.46386 2.3962 1200.5 10.743 3437.8 11.942 "" "" 0.002847684777695646 0.010108698 0.005339323 0.015448021 92.4979816275 -6.41061063118 663.437317 -8.030000000000006 -8.672 -4.541117696762084 -9.22658825826645 0.5102726 0.5062727 "" "" 32.338649338179145 "" 16.397478583883892 ""
92.583671796 -7.08146945433 0.0496 0.0538 51.5708 "" "" 3018167600159986048 691.563477 1.4237 0.0652 -3.428 -6.296 0.066 0.063 1.0 4406.7 4.4266 16.79187 1.784209 17.657892 15.873683 "" "" 658.866089 720.873718 3615.75205 2.485 1181.0 17.189 3545.6 13.78 "" "" 0.002854574512051676 0.016046904 0.0056647835 0.021711688 92.583671796 -7.08146945433 691.563477 -3.4279999999999995 -6.295999999999995 0.0608823032379151 -6.850588258266449 0.5052726 0.50227267 "" "" 22.45718965256381 "" 11.279637842966396 ""
92.45700757116 -6.7080184426 0.0522 0.0533 32.43 "" "" 3019740588982848256 647.026123 1.518 0.0639 -1.013 2.69 0.07 0.063 0.935 4380.9 4.6402 16.79438 1.750048 17.6395 15.889452 "" "" 625.204407 673.087036 3607.40486 2.7867 1201.2 11.898 3494.4 12.753 "" "" 0.0028801474212026925 0.011110375 0.005475834 0.016586209 92.45700757116 -6.7080184426 647.026123 -1.013 2.6900000000000004 2.475882303237915 2.135411741733551 0.50927263 0.50227267 "" "" 10.027404438810143 "" 5.076860035479057 ""
93.36778199251 -6.70236192906 0.0488 0.0518 48.1136 "" "" 3019707672353622400 778.454285 1.2444 0.0647 -3.713 0.486 0.064 0.059 0.993 3731.5 4.1157 16.795311 2.477216 18.129993 15.652778 "" "" 741.320679 818.05127 3604.31206 10.423 764.57 10.307 4345.6 32.405 "" "" 0.004177295951028452 0.014900141 0.008934976 0.023835117 93.36778199251 -6.70236192906 778.454285 -3.713 0.4859999999999996 -0.22411769676208504 -0.06858825826644899 0.50327265 0.49827266 "" "" 0.8648254754962376 "" 0.43487438610001666 ""
93.48169949874 -5.955281518 0.0569 0.0555 48.697 "" "" 3019886647933639296 793.308289 1.2227 0.0724 3.288 -0.026 0.073 0.07 1.084 4294.2 4.5262 16.803568 1.679919 17.591396 15.911477 "" "" 750.625305 840.631836 3577.00812 3.7592 1255.6 12.208 3424.3 12.731 "" "" 0.0029822400060792987 0.010918951 0.005529721 0.016448671 93.48169949874 -5.955281518 793.308289 3.288 -0.026 6.776882303237915 -0.580588258266449 0.51227266 0.50927263 "" "" 25.576331118908154 "" 13.101497631098773 ""
92.87219748625 -5.79231362678 0.062 0.0625 28.002 "" "" 3020089958802897280 660.467834 1.4807 0.0705 0.672 -5.023 0.085 0.08 1.145 3692.9 4.3851 16.80628 2.002513 17.815178 15.812665 "" "" 630.071777 688.580444 3568.08365 2.4438 1021.8 9.5211 3750.5 12.833 "" "" 0.002853904334978643 0.01049456 0.005299551 0.015794111 92.87219748625 -5.79231362678 660.467834 0.672 -5.023 4.160882303237915 -5.577588258266449 0.5242726 0.5192726 "" "" 21.78478677995036 "" 11.351308063295663 ""
92.88491383128 -6.87280653351 0.0858 0.1013 39.7818 "" "" 3019678088619381632 843.953857 1.1715 0.1131 0.209 -7.623 0.133 0.103 1.235 "" "" 16.809614 1.033069 16.381668 15.348599 "" "" 771.720093 923.04895 3557.14394 10.019 3826.0 322.99 5750.7 190.03 "" "" 0.004116257266631637 0.09170005 0.036076304 0.12777635 92.88491383128 -6.87280653351 843.953857 0.20899999999999988 -7.623 3.697882303237915 -8.17758825826645 0.57227266 0.5422726 "" "" 35.90231825671417 "" 19.655856095102727 ""
92.19610141218 -6.8576005568 0.0509 0.0595 48.6209 "" "" 3018235937382762624 762.952332 1.2746 0.0739 1.836 6.475 0.065 0.067 1.102 5131.9 4.6485 16.810005 1.957237 17.773668 15.816431 "" "" 724.98645 814.97052 3555.85999 3.7463 1061.6 10.374 3737.5 12.615 "" "" 0.0029833305808435167 0.010970605 0.0052643376 0.016234942 92.19610141218 -6.8576005568 762.952332 1.8359999999999999 6.474999999999995 5.324882303237915 5.920411741733551 0.50427264 0.5062727 "" "" 28.796500604282805 "" 14.553154074072266 ""
93.26068269924 -6.25151040853 0.0521 0.0531 32.6097 "" "" 3019828034517629696 889.155823 1.0904 0.0647 -4.018 0.646 0.072 0.064 0.939 "" "" 16.822859 2.884524 18.459866 15.575341 "" "" 845.514648 944.75647 3514.01478 23.142 564.25 16.195 4666.8 102.51 "" "" 0.007662764144167783 0.03128726 0.02414667 0.05543393 93.26068269924 -6.25151040853 889.155823 -4.018000000000004 0.646 -0.5291176967620848 0.09141174173355104 0.51127267 0.50327265 "" "" 2.2630536046064815 "" 1.1565167424005462 ""
92.59901080618 -6.90005906439 0.0512 0.0532 40.6799 "" "" 3019686128798065792 674.619141 1.4689 0.0623 0.428 1.925 0.065 0.063 1.042 4490.2 4.6277 16.823454 1.706783 17.648886 15.942102 "" "" 650.786072 707.352234 3512.08934 2.374 1190.9 9.714 3329.0 10.776 "" "" 0.0028513865143387205 0.009285322 0.005160978 0.0144463 92.59901080618 -6.90005906439 674.619141 0.42800000000000066 1.925 3.916882303237915 1.370411741733551 0.50427264 0.50227267 "" "" 13.269468123154455 "" 6.688540511093397 ""
92.24338347106 -6.72805018104 0.0502 0.0553 40.9234 "" "" 3018250338409806592 802.856323 1.2296 0.0667 9.689 -2.538 0.061 0.067 1.001 4504.2 4.6394 16.830217 1.723145 17.673632 15.950486 "" "" 762.163391 836.639893 3490.27817 2.5049 1164.0 9.2909 3303.4 15.823 "" "" 0.002863382268587685 0.009104297 0.0064288247 0.015533121 92.24338347106 -6.72805018104 802.856323 9.689000000000014 -2.537999999999998 13.177882303237915 -3.092588258266449 0.50027263 0.5062727 "" "" 51.51140835760162 "" 25.78597291594122 ""
92.30398330379 -5.58300422369 0.0525 0.0538 45.99 "" "" 3020067659331262080 741.855042 1.3267 0.0677 6.447 -9.02 0.069 0.061 0.991 4495.5 4.5472 16.830587 1.768631 17.690687 15.922056 "" "" 706.946594 781.029236 3489.08959 2.8582 1145.9 13.56 3391.1 12.255 "" "" 0.0028953151422368645 0.013147527 0.005447865 0.018595392 92.30398330379 -5.58300422369 741.855042 6.447 -9.02 9.935882303237914 -9.574588258266449 0.50827265 0.50027263 "" "" 48.52042438518865 "" 24.47547648930785 ""
92.60848215867 -7.00084573547 0.0488 0.0504 46.5715 "" "" 3019681421513946368 715.367981 1.388 0.0621 0.522 -4.835 0.063 0.059 0.906 4480.4 4.6379 16.83121 1.773472 17.703306 15.929834 "" "" 686.930725 745.712708 3487.08837 2.4311 1132.6 10.939 3366.9 8.927 "" "" 0.002857403484970382 0.010851227 0.0047508697 0.015602097 92.60848215867 -7.00084573547 715.367981 0.5220000000000004 -4.835 4.010882303237915 -5.389588258266449 0.50227267 0.49827266 "" "" 22.780527987854608 "" 11.38347612500345 ""
92.27957717473 -6.15684697501 0.0539 0.0515 26.3186 "" "" 3019962479875934976 801.704407 1.2019 0.0616 -3.373 0.148 0.069 0.066 0.956 3717.7 4.05 16.832655 2.439339 18.148418 15.70908 "" "" 770.253235 834.272217 3482.45036 9.8451 751.71 9.9757 4126.0 39.733 "" "" 0.004124714171669102 0.014676122 0.011117646 0.025793768 92.27957717473 -6.15684697501 801.704407 -3.373 0.14800000000000002 0.11588230323791482 -0.40658825826644895 0.50827265 0.5052726 "" "" 1.6065964160226727 "" 0.8121322922739939 ""
92.51388252637 -6.35602189264 0.0557 0.0554 14.0861 "" "" 3019767664456594944 722.721863 1.3617 0.0643 1.981 3.037 0.073 0.068 0.974 4264.0 4.6499 16.835825 1.761378 17.693457 15.932078 "" "" 693.18927 753.235229 3472.29708 2.4749 1143.0 10.774 3359.9 13.413 "" "" 0.0028619322380289205 0.010607755 0.0057506794 0.016358435 92.51388252637 -6.35602189264 722.721863 1.9810000000000008 3.037 5.469882303237915 2.482411741733551 0.51227266 0.50727266 "" "" 20.577599860007833 "" 10.523840945933685 ""
93.35833358988 -5.71391187225 0.0571 0.055 49.4224 "" "" 3019929292665981312 908.254822 1.0882 0.0689 1.592 -4.024 0.074 0.067 1.074 4745.2 4.7001 16.839075 1.588345 17.580894 15.992549 "" "" 854.265869 970.091309 3461.91891 2.6058 1267.8 13.184 3177.9 11.292 "" "" 0.0028739636636851834 0.011630342 0.0054006847 0.017031027 93.35833358988 -5.71391187225 908.254822 1.592 -4.024 5.080882303237916 -4.578588258266449 0.51327264 0.5062727 "" "" 29.444945630320362 "" 15.021266976234266 ""
92.80591860283 -6.640592465 0.0622 0.0574 25.128 "" "" 3019698257785518336 822.722107 1.1795 0.0731 6.808 -2.012 0.082 0.072 1.085 4392.0 4.4316 16.84546 1.980228 17.846312 15.866084 "" "" 770.852844 878.582397 3441.61517 2.6969 992.87 10.601 3570.5 14.866 "" "" 0.002883686508318811 0.011923594 0.0058922763 0.017815871 92.80591860283 -6.640592465 822.722107 6.808000000000004 -2.012 10.296882303237915 -2.566588258266449 0.52127266 0.51127267 "" "" 41.38339176374135 "" 21.548042089535365 ""
92.74284141538 -6.16597162934 0.0537 0.0547 4.3012 "" "" 3019800100049521920 697.418213 1.3954 0.0672 -4.006 0.612 0.069 0.065 1.088 "" "" 16.847073 3.020365 18.449724 15.429359 "" "" 671.427917 728.506042 3436.50955 6.7981 569.54 24.212 5338.4 19.594 "" "" 0.003493543152297822 0.046240535 0.0054922253 0.05173276 92.74284141538 -6.16597162934 697.418213 -4.005999999999997 0.6119999999999999 -0.5171176967620852 0.057411741733551014 0.50827265 0.50427264 "" "" 1.7199713996133448 "" 0.8741309739669578 ""
92.30900576268 -5.7456564821 0.0514 0.0519 37.8913 "" "" 3020060302051541888 907.264771 1.0739 0.0642 4.46 -7.74 0.067 0.073 0.97 4862.3 4.2458 16.847364 2.374011 18.118427 15.744416 "" "" 859.996887 959.183716 3435.58862 2.8998 772.76 10.581 3993.9 14.933 "" "" 0.0029037220937220987 0.015125986 0.0055464753 0.020672461 92.30900576268 -5.7456564821 907.264771 4.4600000000000035 -7.740000000000005 7.948882303237915 -8.29458825826645 0.5062727 0.51227266 "" "" 49.40541515229127 "" 25.167569104321075 ""
92.74579870086 -6.9730479385 0.0526 0.0617 44.5141 "" "" 3019671525909238912 900.891296 1.0887 0.0788 -8.1 4.179 0.069 0.074 0.97 4920.3 4.6337 16.847502 1.823015 17.741743 15.918728 "" "" 846.740112 966.985168 3435.15568 2.6822 1093.3 9.5048 3401.5 16.294 "" "" 0.002882789183428963 0.0098427925 0.006429111 0.016271904 92.74579870086 -6.9730479385 900.891296 -8.1 4.179 -4.611117696762085 3.6244117417335513 0.50827265 0.51327264 "" "" 25.04506538734124 "" 12.777688128264485 ""
