Clusters/NGC_2547/NGC_2547_stars_in_region.tsv
# %ECSV 1.0
# ---
# datatype:
# - name: RA_ICRS_1
#   unit: deg
#   datatype: float64
#   format: '{:15.11f}'
#   description: Right ascension (ICRS) at Ep=2016.0 (ra)
#   meta: !!omap
#   - {ucd: POS_EQ_RA_MAIN}
#   - {width: 15}
#   - {precision: '11'}
# - name: DE_ICRS_1
#   unit: deg
#   datatype: float64
#   format: '{:15.11f}'
#   description: Declination (ICRS) at Ep=2016.0 (dec)
#   meta: !!omap
#   - {ucd: POS_EQ_DEC_MAIN}
#   - {width: 15}
#   - {precision: '11'}
# - name: e_RA_ICRS
#   unit: mas
#   datatype: float64
#   format: '{:7.4f}'
#   description: Standard error of right ascension (ra_error)
#   meta: !!omap
#   - {ucd: ERROR}
#   - {width: 7}
#   - {precision: '4'}
# - name: e_DE_ICRS
#   unit: mas
#   datatype: float64
#   format: '{:7.4f}'
#   description: Standard error of declination (dec_error)
#   meta: !!omap
#   - {ucd: ERROR}
#   - {width: 7}
#   - {precision: '4'}
# - name: _r_1
#   unit: ''
#   datatype: float64
#   format: '{:8.4f}'
#   description: Distance from center (122.48410733000-49.17830602000)[ICRS], at Epoch=J2016.0
#   meta: !!omap
#   - {ucd: POS_ANG_DIST_GENERAL}
#   - {width: 8}
#   - {precision: '4'}
# - name: HIP
#   datatype: int32
#   description: '? HIP cross-id number, van Leeuwen, Cat. I/311 (hip_original_ext_source_id)'
#   meta: !!omap
#   - {ucd: ID_NUMBER}
#   - {width: 6}
#   - values: {'null': -2147483648}
# - name: TYC2
#   datatype: string
#   description: Tycho-2 cross-id name, Hog et al., Cat. I/259 (tyc2_original_ext_source_id)
#   meta: !!omap
#   - {ucd: ID_CROSSID}
#   - {_votable_string_dtype: char}
# - name: Source
#   datatype: int64
#   description: Source identifier, identical to the Gaia-EDR3 source_id (id)
#   meta: !!omap
#   - {ucd: ID_MAIN}
#   - {width: 19}
# - name: rgeo
#   unit: pc
#   datatype: float64
#   format: '{:15.8f}'
#   description: '? Median of the geometric distance posterior (r_med_geo)'
#   meta: !!omap
#   - {ucd: PHYS_DISTANCE_TRUE}
#   - {width: 15}
#   - {precision: '8'}
#   - values: {'null': .nan}
# - name: Plx
#   unit: mas
#   datatype: float64
#   format: '{:9.4f}'
#   description: '? Parallax (parallax)'
#   meta: !!omap
#   - {ucd: POS_PARLX_TRIG}
#   - {width: 9}
#   - {precision: '4'}
#   - values: {'null': .nan}
# - name: e_Plx
#   unit: mas
#   datatype: float32
#   format: '{:7.4f}'
#   description: '? Standard error of parallax (parallax_error)'
#   meta: !!omap
#   - {ucd: ERROR}
#   - {width: 7}
#   - {precision: '4'}
#   - values: {'null': .nan}
# - name: pmRA
#   unit: mas / yr
#   datatype: float64
#   format: '{:9.3f}'
#   description: '? Proper motion in right ascension direction, pmRA*cosDE (pmra)'
#   meta: !!omap
#   - {ucd: POS_EQ_PMRA}
#   - {width: 9}
#   - {precision: '3'}
#   - values: {'null': .nan}
# - name: pmDE
#   unit: mas / yr
#   datatype: float64
#   format: '{:9.3f}'
#   description: '? Proper motion in declination direction (pmdec)'
#   meta: !!omap
#   - {ucd: POS_EQ_PMDEC}
#   - {width: 9}
#   - {precision: '3'}
#   - values: {'null': .nan}
# - name: e_pmRA
#   unit: mas / yr
#   datatype: float32
#   format: '{:6.3f}'
#   description: '? Standard error of proper motion in right ascension direction (pmra_error)'
#   meta: !!omap
#   - {ucd: ERROR}
#   - {width: 6}
#   - {precision: '3'}
#   - values: {'null': .nan}
# - name: e_pmDE
[...]
#         unit: &id001 !astropy.units.Unit {unit: deg}
#         value: !astropy.table.SerializedColumn {name: SkyCoord.dec}
#       distance: !astropy.table.SerializedColumn
#         __class__: astropy.coordinates.distances.Distance
#         unit: !astropy.units.Unit {unit: pc}
#         value: !astropy.table.SerializedColumn {name: SkyCoord.distance}
#       frame: icrs
#       obstime: !astropy.time.Time {format: jyear_str, in_subfmt: '*', jd1: 367701545.0, jd2: 0.0, out_subfmt: '*', precision: 3, scale: tt}
#       pm_dec: !astropy.table.SerializedColumn
#         __class__: astropy.units.quantity.Quantity
#         unit: !astropy.units.Unit {unit: mas / yr}
#         value: !astropy.table.SerializedColumn {name: SkyCoord.pm_dec}
#       pm_ra_cosdec: !astropy.table.SerializedColumn
#         __class__: astropy.units.quantity.Quantity
#         unit: !astropy.units.Unit {unit: mas / yr}
#         value: !astropy.table.SerializedColumn {name: SkyCoord.pm_ra_cosdec}
#       ra: !astropy.table.SerializedColumn
#         __class__: astropy.coordinates.angles.Longitude
#         unit: *id001
#         value: !astropy.table.SerializedColumn {name: SkyCoord.ra}
#         wrap_angle: !astropy.coordinates.Angle
#           unit: *id001
#           value: 360.0
#       representation_type: spherical
# schema: astropy-2.0
RA_ICRS_1 DE_ICRS_1 e_RA_ICRS e_DE_ICRS _r_1 HIP TYC2 Source rgeo Plx e_Plx pmRA pmDE e_pmRA e_pmDE RUWE Teff logg Gmag BP-RP BPmag RPmag RV e_RV b_rgeo B_rgeo FG e_FG FBP e_FBP FRP e_FRP RAVE5 RAVE6 e_Gmag e_BPmag e_RPmag e_BP-RP SkyCoord.ra SkyCoord.dec SkyCoord.distance SkyCoord.pm_ra_cosdec SkyCoord.pm_dec
[from data line 1228]
122.46818506834 -48.54866666154 0.0514 0.0535 37.7836 "" "" 5516088277066480000 448.546082 2.2034 0.0563 -4.927 11.398 0.07 0.07 2.581 4312.9 4.4784 15.403284 1.616829 16.166195 14.549366 "" "" 436.408447 459.931458 12990.71247 4.3391 4665.9 7.8332 12006.0 9.2967 "" "" 0.0027790837392169757 0.0033327886 0.003871763 0.0072045512 122.46818506834 -48.54866666154 448.546082 -4.926999999999999 11.398
121.83360567801 -48.95784646834 0.0295 0.0345 28.7896 "" "" 5514598992868230528 438.232605 2.2395 0.0353 3.445 25.21 0.039 0.04 1.592 4314.5 4.5401 15.404511 1.662763 16.197598 14.534835 "" "" 431.950043 444.343628 12976.05112 4.4964 4532.9 11.544 12168.0 15.264 "" "" 0.0027808872746403904 0.0039281803 0.004017305 0.007945485 121.83360567801 -48.95784646834 438.232605 3.4449999999999994 25.210000000000008
122.54817667429 -50.38849905825 0.1896 0.2143 72.654 "" "" 5513486527616396800 395.927582 2.549 0.2212 -9.615 16.246 0.243 0.247 9.768 4463.3 4.38 15.405947 1.584463 16.104893 14.52043 "" "" 364.716309 433.568542 12958.90307 21.122 4937.0 12.795 12331.0 12.464 "" "" 0.003274676164860142 0.0039626784 0.0039354945 0.007898172 122.54817667429 -50.38849905825 395.927582 -9.614999999999998 16.246
123.25679372555 -49.04918921507 0.02 0.0221 31.3192 "" "" 5515863912276346368 314.550171 3.1428 0.024 -3.717 8.258 0.027 0.026 1.042 "" "" 15.406521 1.707482 16.227522 14.52004 "" "" 312.290924 316.908112 12952.04257 4.7451 4409.7 9.6491 12335.0 18.532 "" "" 0.0027838839630077617 0.003664597 0.004116375 0.007780972 123.25679372555 -49.04918921507 314.550171 -3.717 8.258
121.72225517476 -48.74457161642 0.0205 0.024 39.7236 "" "" 5514616550694370176 376.956238 2.6241 0.0244 -8.486 4.384 0.028 0.03 1.055 "" "" 15.410563 1.863057 16.325342 14.462285 "" "" 372.791504 381.369904 12903.9078 20.836 4029.8 27.38 13009.0 49.955 "" "" 0.003265777170698 0.007886938 0.0056272983 0.013514236 121.72225517476 -48.74457161642 376.956238 -8.486000000000002 4.384000000000002
121.32602182763 -49.2758760297 0.0226 0.0256 45.7537 "" "" 5514493882126828672 331.794983 2.9751 0.0259 -37.576 22.708 0.029 0.031 0.941 4322.5 4.6664 15.411045 1.698364 16.22291 14.524546 "" "" 329.311279 334.476227 12898.1906 3.9097 4428.5 15.524 12284.0 23.829 "" "" 0.0027749057155488626 0.0047192005 0.0043266173 0.009045818 121.32602182763 -49.2758760297 331.794983 -37.57599999999999 22.708
123.77245006269 -50.3906166459 0.0251 0.024 88.2122 "" "" 5513442203553548032 316.639984 3.1233 0.0262 -9.581 6.625 0.036 0.031 1.087 3519.4 4.0059 15.413498 2.558234 16.806665 14.248431 "" "" 313.906067 321.169006 12869.07957 17.577 2586.7 18.807 15841.0 64.375 "" "" 0.003129038199830038 0.008372602 0.0058096107 0.014182213 123.77245006269 -50.3906166459 316.639984 -9.581 6.625000000000002
123.56175852184 -48.91921832117 0.0196 0.0217 45.1393 "" "" 5515842265640143360 382.545105 2.5807 0.0234 0.733 -15.71 0.027 0.027 0.963 4401.7 4.5941 15.415291 1.632853 16.189774 14.556921 "" "" 379.430603 386.357513 12847.8431 4.4437 4565.7 13.467 11923.0 11.071 "" "" 0.002780792762657813 0.0042474684 0.003911534 0.008159002 123.56175852184 -48.91921832117 382.545105 0.7329999999999997 -15.71
121.4871662792 -48.64597056435 0.383 0.482 50.6513 "" "" 5514620325962758528 428.745331 2.6268 0.4717 -7.651 10.59 0.548 0.624 20.721 "" "" 15.42207 0.920453 15.530326 14.609873 "" "" 358.187378 516.798645 12767.8804 7.0992 8380.8 24.188 11356.0 20.074 "" "" 0.00282067945154216 0.0041957456 0.0042387815 0.008434527 121.4871662792 -48.64597056435 428.745331 -7.651 10.590000000000002
121.63619389755 -50.77173739277 0.0202 0.0238 101.0476 "" "" 5514110912780201728 437.72641 2.2473 0.0227 -7.711 12.164 0.027 0.031 1.022 5200.6 4.5356 15.426677 1.831143 16.322424 14.491281 "" "" 433.411713 443.312653 12713.82133 4.1334 4040.6 14.597 12666.0 12.046 "" "" 0.0027778386327022594 0.0048134783 0.0039179036 0.008731382 121.63619389755 -50.77173739277 437.72641 -7.711 12.164000000000001
122.19465690673 -48.67917899659 0.0212 0.0231 32.0476 "" "" 5514631565901060864 386.313354 2.5553 0.0244 -1.206 -6.108 0.028 0.026 1.039 4423.6 4.6705 15.432146 1.675846 16.233248 14.557402 "" "" 382.846741 389.307709 12649.93264 6.0714 4386.5 12.147 11918.0 17.772 "" "" 0.002804164660326004 0.004101789 0.004111571 0.00821336 122.19465690673 -48.67917899659 386.313354 -1.2059999999999997 -6.1080000000000005
122.61284094172 -50.00473705473 0.0208 0.0243 49.838 "" "" 5514251444112598656 413.987823 2.3837 0.024 -6.882 5.857 0.028 0.03 0.974 3648.4 4.2049 15.43386 1.940853 16.387096 14.446243 "" "" 410.381836 417.742767 12629.98494 40.035 3807.0 47.689 13203.0 123.91 "" "" 0.004408678779382031 0.013883901 0.01086794 0.024751842 122.61284094172 -50.00473705473 413.987823 -6.882 5.857000000000001
119.85071491137 -49.3954974688 0.0199 0.0215 103.8764 "" "" 5517491601799754880 380.356628 2.5947 0.0218 15.486 -33.233 0.026 0.026 1.043 4261.4 4.515 15.436002 1.848329 16.34463 14.4963 "" "" 377.036957 383.365387 12605.09038 4.2719 3958.8 11.911 12608.0 13.283 "" "" 0.0027797811475083613 0.0042960867 0.00394869 0.008244777 119.85071491137 -49.3954974688 380.356628 15.486000000000004 -33.233000000000004
120.22917637472 -49.16265666894 0.0241 0.0245 88.4596 "" "" 5517500707130533504 404.063416 2.44 0.0261 -5.391 8.571 0.031 0.028 1.237 4583.0 4.2229 15.440401 1.942856 16.31651 14.373653 94.93 6.15 399.668793 408.522583 12554.12516 34.266 4062.7 59.819 14116.0 113.17 "" "" 0.0040464765859026496 0.016227992 0.009489577 0.02571757 120.22917637472 -49.16265666894 404.063416 -5.391 8.570999999999998
121.15940381847 -48.68230208489 0.0216 0.0256 60.1019 "" "" 5517620141581724800 388.595062 2.5405 0.0242 -8.228 4.626 0.03 0.033 1.093 3688.6 4.0941 15.443766 2.250091 16.616678 14.366588 "" "" 384.659576 392.613434 12515.27532 14.442 3081.4 16.132 14208.0 37.658 "" "" 0.0030267987032772227 0.0063320175 0.0047502634 0.01108228 121.15940381847 -48.68230208489 388.595062 -8.227999999999998 4.626
123.05018146807 -50.14721034616 0.0536 0.0578 62.1519 "" "" 5513515321078017408 420.779816 2.3556 0.0605 -7.806 8.536 0.074 0.076 2.579 4341.3 4.4302 15.446927 1.70396 16.24206 14.538099 "" "" 410.373383 430.842743 12478.88468 7.3946 4351.0 21.147 12132.0 29.317 "" "" 0.0028294379201852754 0.0059692026 0.004600809 0.010570012 123.05018146807 -50.14721034616 420.779816 -7.806000000000001 8.536000000000001
122.27734153322 -48.219919562 0.0248 0.0265 58.0832 "" "" 5516154630024666624 315.87384 3.1254 0.0285 -11.523 4.815 0.033 0.033 0.984 "" "" 15.449602 2.019855 16.468904 14.449049 49.86 10.98 313.376404 318.58374 12448.18379 7.2327 3530.7 10.933 13169.0 24.038 "" "" 0.0028266141659314516 0.004369023 0.0042674863 0.008636509 122.27734153322 -48.219919562 315.87384 -11.523 4.815000000000001
121.72818466937 -48.7398792138 0.0982 0.1135 39.7343 "" "" 5514616653773586176 338.094025 2.9397 0.116 -2.973 -1.576 0.134 0.145 4.796 3700.2 4.1986 15.450494 1.997796 16.430382 14.432586 "" "" 325.744354 352.501556 12437.95985 12.809 3658.2 11.453 13370.0 15.527 "" "" 0.002973548884842386 0.0043976787 0.003984168 0.008381847 121.72818466937 -48.7398792138 338.094025 -2.9730000000000003 -1.576
120.23248580005 -48.61770379765 0.0948 0.1095 94.9646 "" "" 5517596605160689280 337.132294 2.9572 0.1139 -13.237 -7.567 0.127 0.147 4.626 4147.9 4.3454 15.455081 1.822684 16.287794 14.46511 "" "" 322.437958 351.266083 12385.52731 15.862 4171.6 9.868 12975.0 16.043 "" "" 0.003086300485631166 0.003792277 0.0040107276 0.0078030047 120.23248580005 -48.61770379765 337.132294 -13.237 -7.566999999999998
123.50911651161 -48.44364345328 0.0602 0.0726 59.8599 "" "" 5515914249293421696 349.573914 2.8199 0.0727 -5.86 7.522 0.086 0.087 3.358 "" "" 15.463931 2.516909 16.743187 14.226278 "" "" 341.495087 358.168457 12284.9708 32.188 2742.5 43.391 16168.0 130.5 "" "" 0.003960352687494831 0.017403306 0.00954374 0.026947048 123.50911651161 -48.44364345328 349.573914 -5.860000000000001 7.522000000000001
122.55838869153 -50.29976687882 0.0556 0.0606 67.3493 "" "" 5513493640082225536 349.795441 2.8184 0.0665 -5.654 7.878 0.072 0.067 2.72 "" "" 15.464217 2.614711 16.877537 14.262826 "" "" 342.148224 357.856018 12281.73957 24.344 2423.3 37.938 15632.0 64.255 "" "" 0.003496168407242075 0.017225234 0.005848176 0.023073409 122.55838869153 -50.29976687882 349.795441 -5.654000000000001 7.877999999999999
121.61645566389 -48.38639759996 0.0217 0.0267 58.6021 "" "" 5517650034554577536 338.808228 2.9134 0.0264 -6.146 9.563 0.027 0.035 1.046 3631.1 4.1582 15.472331 2.334966 16.7059 14.370935 "" "" 334.883606 341.610535 12190.30124 49.484 2838.3 46.428 14151.0 143.23 "" "" 0.005197717520617085 0.017977959 0.011621061 0.029599018 121.61645566389 -48.38639759996 338.808228 -6.145999999999999 9.563000000000002
123.81435445527 -49.57398611517 0.022 0.021 57.1317 "" "" 5515037766725090432 325.783051 3.0391 0.0234 -35.722 -14.344 0.03 0.029 1.03 "" "" 15.472844 1.883505 16.400639 14.517134 "" "" 322.757751 328.748169 12184.53577 4.257 3759.8 11.258 12368.0 10.693 "" "" 0.0027813093722882723 0.0042841844 0.0038942103 0.008178394 123.81435445527 -49.57398611517 325.783051 -35.722 -14.344
122.53111544507 -49.17907461888 0.0223 0.0237 1.8443 "" "" 5514372149875126144 375.919281 2.6262 0.0254 -8.637 4.543 0.027 0.03 1.035 3650.7 4.1615 15.474855 1.891651 16.405224 14.513573 "" "" 371.784698 379.766602 12161.98412 16.186 3743.9 25.959 12409.0 49.89 "" "" 0.003111227011594936 0.008028576 0.0057739434 0.013802519 122.53111544507 -49.17907461888 375.919281 -8.637000000000002 4.543000000000001
124.5318439908 -50.0956257138 0.0215 0.0243 96.7454 "" "" 5514786695816916992 414.061127 2.3827 0.0251 -15.285 20.558 0.03 0.035 1.018 5302.0 4.6585 15.478275 1.734888 16.30795 14.573061 "" "" 410.186768 417.710632 12123.74148 3.9897 4094.8 10.887 11747.0 10.928 "" "" 0.0027783897654683094 0.004014725 0.0039120205 0.007926745 124.5318439908 -50.0956257138 414.061127 -15.285 20.558
122.25649895049 -47.95207161406 0.0214 0.0246 74.1269 "" "" 5519164852340721536 338.62381 2.9164 0.0249 -6.299 9.974 0.028 0.029 1.062 3597.0 4.0361 15.478721 2.343045 16.712841 14.369796 "" "" 335.737518 341.404755 12118.76957 18.205 2820.2 26.448 14166.0 48.42 "" "" 0.003201871498464356 0.010557468 0.005296786 0.015854254 122.25649895049 -47.95207161406 338.62381 -6.299000000000001 9.974
122.81827848903 -49.90889840586 0.0216 0.0293 45.7253 "" "" 5514275805167770240 399.102661 2.4731 0.027 -7.33 5.918 0.029 0.039 1.076 3847.6 4.358 15.479644 1.9421 16.442753 14.500653 "" "" 394.449493 404.752106 12108.47165 20.961 3616.7 30.561 12557.0 52.557 "" "" 0.003335323850334503 0.009589334 0.005910548 0.015499882 122.81827848903 -49.90889840586 399.102661 -7.329999999999999 5.917999999999999
125.14900755977 -49.39543934975 0.0204 0.0214 105.0993 "" "" 5515087347827949440 386.04895 2.551 0.0234 -5.973 6.981 0.027 0.026 1.013 3629.8 3.9958 15.481719 2.420688 16.77738 14.356692 25.81 7.79 382.991455 390.025391 12085.34689 13.4 2657.4 13.282 14338.0 36.24 "" "" 0.0030068302565479715 0.0061019217 0.004670615 0.0107725365 125.14900755977 -49.39543934975 386.04895 -5.972999999999998 6.980999999999998
121.57089404855 -50.70565690884 0.0195 0.0224 98.1893 "" "" 5514112287169716608 346.564331 2.8515 0.0223 -6.621 2.435 0.026 0.029 1.025 4770.9 4.6333 15.483288 1.831818 16.38001 14.548193 "" "" 344.403076 348.390991 12067.90303 24.417 3831.9 33.971 12019.0 59.646 "" "" 0.0035238604385815653 0.01002164 0.0065814564 0.016603097 121.57089404855 -50.70565690884 346.564331 -6.621 2.435
122.09509930272 -47.53425390424 0.0814 0.0951 99.8546 "" "" 5519234705690645376 438.117889 2.2587 0.0973 0.172 -0.847 0.111 0.111 4.014 4442.2 4.3433 15.484549 1.954055 16.374989 14.420934 10.76 6.76 422.160675 454.75235 12053.89219 16.918 3849.6 8.0635 13514.0 14.186 "" "" 0.0031486423141746144 0.0035996002 0.003947493 0.0075470936 122.09509930272 -47.53425390424 438.117889 0.172 -0.8470000000000001
122.46957905263 -48.26374601119 0.0209 0.0246 54.8766 "" "" 5516143222590324736 418.762177 2.3561 0.0238 -2.111 4.552 0.027 0.032 1.028 4436.4 4.6079 15.487587 1.632251 16.261765 14.629514 "" "" 414.732513 422.670532 12020.21113 3.694 4272.8 11.987 11152.0 15.471 "" "" 0.0027754496813887455 0.0041307188 0.004068469 0.008199188 122.46957905263 -48.26374601119 418.762177 -2.1109999999999998 4.551999999999999
119.95310633872 -48.71720539862 0.0231 0.0252 103.4941 "" "" 5517572927000767232 453.624084 2.1744 0.0264 7.875 -10.166 0.031 0.033 1.074 4478.7 4.6047 15.491835 1.564218 16.210052 14.645835 "" "" 448.222626 460.139526 11973.2718 4.302 4481.2 18.97 10986.0 15.772 "" "" 0.0027827992307400966 0.0053767967 0.004088199 0.009464996 119.95310633872 -48.71720539862 453.624084 7.875 -10.166
124.77422806582 -49.78054438232 0.4566 0.4977 96.3067 "" "" 5514984852729299712 369.673706 2.9421 0.5114 -9.004 -2.918 0.582 0.586 20.605 "" "" 15.492505 1.432035 15.733461 14.301427 -14.85 9.58 312.108826 438.029205 11965.88315 26.553 6950.8 13.813 15086.0 21.767 "" "" 0.0036601333400242096 0.003527099 0.0040911925 0.0076182913 124.77422806582 -49.78054438232 369.673706 -9.004 -2.918000000000001
122.86085519404 -48.53280261184 0.0212 0.0229 41.4877 "" "" 5516079760151887360 367.227722 2.6864 0.0235 -10.088 4.225 0.028 0.028 1.065 3696.2 4.2534 15.495591 1.914387 16.43945 14.525063 "" "" 363.37381 371.581909 11931.92238 9.7114 3627.7 19.732 12278.0 24.897 "" "" 0.002893558744717705 0.0065315515 0.004373887 0.010905439 122.86085519404 -48.53280261184 367.227722 -10.087999999999997 4.225
121.83608873431 -48.73328145204 0.0202 0.0239 36.9429 "" "" 5514628198646452352 309.602081 3.1909 0.0247 10.833 -10.346 0.027 0.029 0.95 "" "" 15.495862 1.863664 16.413462 14.549798 "" "" 307.384888 311.969513 11928.94261 4.2904 3715.6 8.1119 12002.0 13.56 "" "" 0.002782854471356983 0.003661113 0.00397347 0.007634583 121.83608873431 -48.73328145204 309.602081 10.832999999999998 -10.345999999999997
120.45977606666 -49.28325958899 0.0216 0.0207 79.5622 "" "" 5517485245248471040 415.760254 2.3699 0.0229 14.691 -17.624 0.027 0.026 0.974 "" "" 15.501116 1.521971 16.204708 14.682737 "" "" 411.562012 420.442993 11871.35465 3.3815 4503.3 11.923 10618.0 13.164 "" "" 0.0027726224778635085 0.0040060496 0.004011938 0.008017987 120.45977606666 -49.28325958899 415.760254 14.690999999999999 -17.624000000000002
121.33211089404 -49.09889767792 0.0224 0.0273 45.4702 "" "" 5514593495310242688 436.272552 2.2586 0.0254 -10.122 10.46 0.031 0.036 0.989 4428.9 4.6603 15.501976 1.533502 16.216951 14.68345 "" "" 432.040955 441.389618 11861.9607 4.1337 4452.8 14.577 10612.0 12.618 "" "" 0.0027811772146227915 0.0045186724 0.003993788 0.00851246 121.33211089404 -49.09889767792 436.272552 -10.122 10.460000000000003
121.93259704046 -48.6158867474 0.0233 0.0287 40.1492 "" "" 5514630638187878272 376.650787 2.6223 0.029 -7.214 7.897 0.032 0.033 1.116 3616.5 3.9998 15.50364 2.413343 16.790937 14.377595 8.18 9.82 372.445679 380.943237 11843.78592 13.835 2624.5 19.244 14064.0 37.926 "" "" 0.0030332008077899775 0.0084358845 0.0047808136 0.013216699 121.93259704046 -48.6158867474 376.650787 -7.214000000000002 7.897
122.29499931764 -47.74233964108 0.0228 0.0275 86.4858 "" "" 5519175950535916800 367.771637 2.6769 0.0279 -6.04 8.599 0.029 0.031 1.093 "" "" 15.506455 2.68873 16.994034 14.305304 3.45 5.76 364.150879 372.365631 11813.12326 12.036 2176.7 13.855 15033.0 53.06 "" "" 0.0029690930420516997 0.0074528563 0.0053823167 0.012835173 122.29499931764 -47.74233964108 367.771637 -6.040000000000001 8.599000000000002
