Clusters/NGC_2547/NGC_2547_members.tsv
# %ECSV 1.0
# ---
# datatype:
# - name: RA_ICRS_1
#   unit: deg
#   datatype: float64
#   format: '{:15.11f}'
#   description: Right ascension (ICRS) at Ep=2016.0 (ra)
#   meta: !!omap
#   - {ucd: POS_EQ_RA_MAIN}
#   - {width: 15}
#   - {precision: '11'}
# - name: DE_ICRS_1
#   unit: deg
#   datatype: float64
#   format: '{:15.11f}'
#   description: Declination (ICRS) at Ep=2016.0 (dec)
#   meta: !!omap
#   - {ucd: POS_EQ_DEC_MAIN}
#   - {width: 15}
#   - {precision: '11'}
# - name: e_RA_ICRS
#   unit: mas
#   datatype: float64
#   format: '{:7.4f}'
#   description: Standard error of right ascension (ra_error)
#   meta: !!omap
#   - {ucd: ERROR}
#   - {width: 7}
#   - {precision: '4'}
# - name: e_DE_ICRS
#   unit: mas
#   datatype: float64
#   format: '{:7.4f}'
#   description: Standard error of declination (dec_error)
#   meta: !!omap
#   - {ucd: ERROR}
#   - {width: 7}
#   - {precision: '4'}
# - name: _r_1
#   unit: ''
#   datatype: float64
#   format: '{:8.4f}'
#   description: Distance from center (122.48410733000-49.17830602000)[ICRS], at Epoch=J2016.0
#   meta: !!omap
#   - {ucd: POS_ANG_DIST_GENERAL}
#   - {width: 8}
#   - {precision: '4'}
# - name: HIP
#   datatype: int32
#   description: '? HIP cross-id number, van Leeuwen, Cat. I/311 (hip_original_ext_source_id)'
#   meta: !!omap
#   - {ucd: ID_NUMBER}
#   - {width: 6}
#   - values: {'null': -2147483648}
# - name: TYC2
#   datatype: string
#   description: Tycho-2 cross-id name, Hog et al., Cat. I/259 (tyc2_original_ext_source_id)
#   meta: !!omap
#   - {ucd: ID_CROSSID}
#   - {_votable_string_dtype: char}
# - name: Source
#   datatype: int64
#   description: Source identifier, identical to the Gaia-EDR3 source_id (id)
#   meta: !!omap
#   - {ucd: ID_MAIN}
#   - {width: 19}
# - name: rgeo
#   unit: pc
#   datatype: float64
#   format: '{:15.8f}'
#   description: '? Median of the geometric distance posterior (r_med_geo)'
#   meta: !!omap
#   - {ucd: PHYS_DISTANCE_TRUE}
#   - {width: 15}
#   - {precision: '8'}
#   - values: {'null': .nan}
# - name: Plx
#   unit: mas
#   datatype: float64
#   format: '{:9.4f}'
#   description: '? Parallax (parallax)'
#   meta: !!omap
#   - {ucd: POS_PARLX_TRIG}
#   - {width: 9}
#   - {precision: '4'}
#   - values: {'null': .nan}
# - name: e_Plx
#   unit: mas
#   datatype: float32
#   format: '{:7.4f}'
#   description: '? Standard error of parallax (parallax_error)'
#   meta: !!omap
#   - {ucd: ERROR}
#   - {width: 7}
#   - {precision: '4'}
#   - values: {'null': .nan}
# - name: pmRA
#   unit: mas / yr
#   datatype: float64
#   format: '{:9.3f}'
#   description: '? Proper motion in right ascension direction, pmRA*cosDE (pmra)'
#   meta: !!omap
#   - {ucd: POS_EQ_PMRA}
#   - {width: 9}
#   - {precision: '3'}
#   - values: {'null': .nan}
# - name: pmDE
#   unit: mas / yr
#   datatype: float64
#   format: '{:9.3f}'
#   description: '? Proper motion in declination direction (pmdec)'
#   meta: !!omap
#   - {ucd: POS_EQ_PMDEC}
#   - {width: 9}
#   - {precision: '3'}
#   - values: {'null': .nan}
# - name: e_pmRA
#   unit: mas / yr
#   datatype: float32
#   format: '{:6.3f}'
#   description: '? Standard error of proper motion in right ascension direction (pmra_error)'
#   meta: !!omap
#   - {ucd: ERROR}
#   - {width: 6}
#   - {precision: '3'}
#   - values: {'null': .nan}
# - name: e_pmDE
[...]
#         unit: &id001 !astropy.units.Unit {unit: deg}
#         value: !astropy.table.SerializedColumn {name: SkyCoord.dec}
#       distance: !astropy.table.SerializedColumn
#         __class__: astropy.coordinates.distances.Distance
#         unit: !astropy.units.Unit {unit: pc}
#         value: !astropy.table.SerializedColumn {name: SkyCoord.distance}
#       frame: icrs
#       obstime: !astropy.time.Time {format: jyear_str, in_subfmt: '*', jd1: 367701545.0, jd2: 0.0, out_subfmt: '*', precision: 3, scale: tt}
#       pm_dec: !astropy.table.SerializedColumn
#         __class__: astropy.units.quantity.Quantity
#         unit: !astropy.units.Unit {unit: mas / yr}
#         value: !astropy.table.SerializedColumn {name: SkyCoord.pm_dec}
#       pm_ra_cosdec: !astropy.table.SerializedColumn
#         __class__: astropy.units.quantity.Quantity
#         unit: !astropy.units.Unit {unit: mas / yr}
#         value: !astropy.table.SerializedColumn {name: SkyCoord.pm_ra_cosdec}
#       ra: !astropy.table.SerializedColumn
#         __class__: astropy.coordinates.angles.Longitude
#         unit: *id001
#         value: !astropy.table.SerializedColumn {name: SkyCoord.ra}
#         wrap_angle: !astropy.coordinates.Angle
#           unit: *id001
#           value: 360.0
#       representation_type: spherical
# schema: astropy-2.0
RA_ICRS_1 DE_ICRS_1 e_RA_ICRS e_DE_ICRS _r_1 HIP TYC2 Source rgeo Plx e_Plx pmRA pmDE e_pmRA e_pmDE RUWE Teff logg Gmag BP-RP BPmag RPmag RV e_RV b_rgeo B_rgeo FG e_FG FBP e_FBP FRP e_FRP RAVE5 RAVE6 e_Gmag e_BPmag e_RPmag e_BP-RP SkyCoord.ra SkyCoord.dec SkyCoord.distance SkyCoord.pm_ra_cosdec SkyCoord.pm_dec Pmemb
122.56694738519 -49.03489941809 0.0258 0.027 9.1991 40011 8144-1134-1 5514561678191755904 387.373993 2.5723 0.0285 -8.879 4.617 0.033 0.034 0.853 15316.4 4.0026 7.289064 -0.182087 7.211525 7.393612 "" "" 382.753204 392.53125 22872895.3946 7893.3 17816000.0 17593.0 8744100.0 4097.8 "" "" 0.0027806789300209786 0.002989071 0.0038134789 0.0068025496 122.56694738519 -49.03489941809 387.373993 -8.879000000000001 4.616999999999999 0.9
121.63490847794 -49.20202988434 0.0233 0.0253 33.3299 39679 8144-222-1 5514542127499951360 383.126862 2.6033 0.0264 -8.783 4.702 0.032 0.033 0.857 "" "" 8.193956 -0.05544 8.158258 8.213698 "" "" 380.138733 387.124878 9939494.274 3616.4 7449300.0 6652.3 4108500.0 2102.2 "" "" 0.0027834946894908217 0.0029538316 0.0038199937 0.0067738253 121.63490847794 -49.20202988434 383.126862 -8.783000000000001 4.702 1.0
122.4896603989 -49.13893244887 0.0188 0.0203 2.3724 "" 8144-1293-1 5514373043228302080 380.76532 2.613 0.0217 -8.81 4.108 0.025 0.025 0.941 "" "" 8.896297 -0.027143 8.874733 8.901876 3.25 4.19 378.224457 383.641571 5205088.21325 1552.6 3850600.0 2108.2 2179800.0 857.3 "" "" 0.0027742880118126687 0.0028527894 0.0038034283 0.0066562174 122.4896603989 -49.13893244887 380.76532 -8.81 4.107999999999999 1.0
122.4638821306 -49.18755572292 0.0133 0.0144 0.9681 "" 8144-467-1 5514366957250806784 385.981995 2.5805 0.0152 -8.327 4.232 0.017 0.018 1.082 9748.2 4.1376 9.329694 0.155252 9.377043 9.22179 7.13 3.82 383.385345 388.369507 3491959.91006 819.88 2424400.0 1467.7 1623500.0 777.47 "" "" 0.0027670876453769447 0.0028665448 0.0038149795 0.006681524 122.4638821306 -49.18755572292 385.981995 -8.327 4.232000000000001 1.0
122.42281997582 -49.61297225914 0.014 0.0151 26.1896 "" 8144-2253-1 5514319064078846592 371.369141 2.6838 0.016 -9.055 4.51 0.019 0.019 0.97 10497.1 4.2461 9.341152 0.014822 9.338654 9.323832 9.25 3.14 369.188293 373.718048 3455302.34126 806.75 2511600.0 1052.5 1477800.0 450.9 "" "" 0.0027669570718346606 0.002827023 0.0037938727 0.0066208956 122.42281997582 -49.61297225914 371.369141 -9.055000000000001 4.510000000000001 1.0
122.20750125335 -49.22877896354 0.0156 0.0164 11.2586 "" 8144-2054-1 5514553431854693248 377.724152 2.634 0.018 -8.576 4.167 0.02 0.021 1.03 10068.4 4.1829 9.37209 0.058109 9.384727 9.326617 13.74 0.77 374.885712 381.001556 3358232.30206 731.1 2407300.0 1185.7 1474000.0 514.76 "" "" 0.002765440229277385 0.0028409557 0.0037983544 0.00663931 122.20750125335 -49.22877896354 377.724152 -8.576 4.167 0.9
122.63097762704 -49.10836797959 0.0153 0.0156 7.1302 "" 8144-453-1 5514372832766057216 389.463379 2.5568 0.0173 -9.273 3.882 0.023 0.02 1.028 10601.9 4.0602 9.411319 0.149081 9.453307 9.304226 "" "" 387.337128 391.808319 3239062.60457 924.12 2259900.0 1086.1 1504800.0 572.01 "" "" 0.0027726781615363383 0.0028385427 0.0038018494 0.0066403924 122.63097762704 -49.10836797959 389.463379 -9.273 3.8819999999999997 1.0
122.46750422104 -49.18395718956 0.0157 0.0176 0.7342 "" 8144-3526-1 5514367064633829248 386.358948 2.5761 0.018 -8.331 4.453 0.02 0.024 1.106 "" "" 9.631254 0.089357 9.655296 9.565939 9.45 4.46 383.895355 389.121338 2645117.24071 722.33 1876300.0 1365.6 1182400.0 403.43 "" "" 0.002771226758284119 0.002899912 0.0037974939 0.006697406 122.46750422104 -49.18395718956 386.358948 -8.331 4.453000000000002 1.0
122.22119904926 -49.23032703353 0.0138 0.0137 10.7687 "" 8144-907-1 5514552710300186112 386.056671 2.5807 0.0153 -9.052 4.634 0.017 0.018 0.956 "" "" 9.686826 0.053544 9.697605 9.644061 4.86 2.92 384.036621 387.835052 2513138.35348 585.04 1804600.0 638.95 1100400.0 455.35 "" "" 0.002766888619764289 0.002816528 0.003805993 0.006622521 122.22119904926 -49.23032703353 386.056671 -9.052 4.634 1.0
122.67632668004 -48.95700908629 0.0132 0.0134 15.2773 "" 8144-1364-1 5514563739776067072 384.635773 2.5869 0.0149 -8.232 4.367 0.017 0.019 0.883 10006.9 4.2809 9.729744 0.126634 9.768017 9.641383 9.29 3.15 382.371857 386.989594 2415733.78311 732.18 1691300.0 605.43 1103100.0 320.18 "" "" 0.0027749015943571436 0.002817109 0.0037924978 0.0066096066 122.67632668004 -48.95700908629 384.635773 -8.232 4.367 0.8
122.64081611796 -49.54391335027 0.0132 0.0165 22.7751 "" 8144-2176-1 5514343700012001024 386.020935 2.5813 0.0158 -8.996 4.33 0.018 0.021 1.043 "" "" 9.738338 0.092545 9.763219 9.670674 -1.66 6.22 383.684753 388.541656 2396689.91146 736.98 1698800.0 872.88 1073700.0 230.86 "" "" 0.002775473623953013 0.002845395 0.0037865848 0.0066319797 122.64081611796 -49.54391335027 386.020935 -8.995999999999999 4.33 1.0
122.53501269092 -49.01204617619 0.0129 0.0143 10.1741 "" "" 5514561849990429184 386.408508 2.5823 0.0148 -8.455 4.292 0.017 0.018 0.958 9542.4 4.1748 9.813387 0.144022 9.858497 9.714475 6.08 2.48 384.179779 388.428345 2236618.62281 584.0 1556000.0 753.97 1031300.0 322.45 "" "" 0.0027698661954430014 0.0028393362 0.0037945972 0.0066339336 122.53501269092 -49.01204617619 386.408508 -8.455 4.291999999999999 0.9
122.52525112299 -49.23833687069 0.0137 0.0155 3.9464 "" "" 5514363005880904832 382.683502 2.6025 0.016 -8.354 4.44 0.018 0.021 0.962 "" "" 9.856232 0.109892 9.889191 9.779299 11.37 1.98 379.802704 385.453918 2150076.54478 507.94 1512700.0 828.73 971490.0 310.49 "" "" 0.0027672333240840656 0.0028528683 0.0037952785 0.0066481465 122.52525112299 -49.23833687069 382.683502 -8.354 4.44 0.9
122.64965272951 -49.30589459933 0.0115 0.0137 10.0327 "" "" 5514355755976118528 385.386932 2.5869 0.0142 -8.5 4.049 0.016 0.017 0.98 7707.2 4.0194 10.022105 0.379463 10.154812 9.775349 10.59 0.74 383.65509 386.979706 1845460.55788 385.68 1184400.0 493.31 975030.0 286.07 "" "" 0.002764647516858415 0.0028265787 0.0037927828 0.006619361 122.64965272951 -49.30589459933 385.386932 -8.5 4.049 1.0
121.96132003827 -48.6601083062 0.0157 0.0186 37.3035 "" 8140-3996-1 5514629534372854272 382.887085 2.6041 0.0193 -8.71 4.098 0.021 0.022 1.122 9671.9 4.3114 10.024468 0.152641 10.070602 9.917961 5.12 2.55 379.828796 385.74176 1841447.49621 635.54 1279900.0 732.2 855020.0 266.55 "" "" 0.0027806842881579192 0.0028584686 0.0037945083 0.006652977 121.96132003827 -48.6601083062 382.887085 -8.710000000000003 4.098000000000001 1.0
122.55637899865 -49.3202737604 0.0104 0.0113 8.9761 "" "" 5514361532716171776 383.519531 2.5939 0.0121 -8.483 4.175 0.015 0.016 0.953 "" "" 10.157312 0.623474 10.39088 9.767406 "" "" 381.912659 385.31897 1629377.10596 360.79 952940.0 368.98 982190.0 225.93 "" "" 0.00276578878647117 0.0028216632 0.0037876246 0.006609288 122.55637899865 -49.3202737604 383.519531 -8.482999999999999 4.174999999999999 1.0
122.46076193068 -49.22204146176 0.0102 0.0116 2.7792 "" "" 5514366102561164160 384.708466 2.5898 0.0122 -8.774 3.967 0.013 0.014 0.915 7891.5 4.162 10.518224 0.361147 10.645981 10.284834 6.79 3.76 382.653687 386.939667 1168576.90653 289.53 753400.0 343.12 609850.0 161.63 "" "" 0.0027684206983838314 0.0028336467 0.0037903206 0.0066239676 122.46076193068 -49.22204146176 384.708466 -8.774 3.9669999999999996 1.0
122.19040054358 -49.3964835255 0.0109 0.0109 17.4209 "" 8144-1353-1 5514340568971771008 378.0224 2.636 0.0118 -8.31 4.344 0.015 0.014 1.023 7376.6 4.1654 10.66365 0.417105 10.798942 10.381837 "" "" 376.619904 379.855927 1022084.81661 198.57 654400.0 507.26 557730.0 545.55 "" "" 0.00276338261256346 0.0029143367 0.003925764 0.0068401005 122.19040054358 -49.3964835255 378.0224 -8.31 4.343999999999999 1.0
122.40911267698 -49.31118653276 0.0128 0.0134 8.4968 "" 8144-2168-1 5514365277921864704 374.716949 2.6598 0.0143 -8.553 4.101 0.019 0.02 1.025 7402.9 4.1702 10.679886 0.384156 10.671605 10.287449 13.52 0.88 372.621033 376.756897 1006914.34782 368.61 735830.0 11232.0 608390.0 10056.0 "" "" 0.002783840480083471 0.016806334 0.01833964 0.035145976 122.40911267698 -49.31118653276 374.716949 -8.553 4.101 1.0
122.69417245631 -49.29201396983 0.0125 0.0149 10.69 "" "" 5514355828999465600 369.465332 2.6947 0.0153 -8.871 4.291 0.017 0.019 1.281 6493.7 4.0137 10.70934 0.615584 10.940593 10.325008 14.27 0.88 367.377502 371.293396 979965.41726 120.31 574350.0 235.85 587700.0 139.75 "" "" 0.002758542563620836 0.0028255663 0.00378819 0.0066137565 122.69417245631 -49.29201396983 369.465332 -8.871000000000002 4.2909999999999995 1.0
122.36113260786 -49.2436395746 0.0094 0.0102 6.2129 "" "" 5514366446158703872 380.968689 2.6099 0.0111 -8.518 4.163 0.013 0.013 0.882 7597.0 4.2242 10.86406 0.430717 11.017932 10.587214 14.12 0.82 379.161499 382.829559 849811.48492 144.44 534860.0 185.27 461610.0 113.3 "" "" 0.002761493111931341 0.0028154023 0.0037887653 0.0066041676 122.36113260786 -49.2436395746 380.968689 -8.518 4.163 1.0
122.56965789836 -49.25478721486 0.0111 0.0114 5.6833 "" "" 5514362700947101440 384.627777 2.5849 0.0126 -8.647 4.278 0.015 0.016 0.916 7291.5 4.1962 10.924572 0.476425 11.095835 10.61941 17.78 3.81 382.445129 386.492096 803744.6891 398.78 497830.0 929.26 448120.0 474.03 "" "" 0.0028074859134947327 0.0034485345 0.003950039 0.0073985737 122.56965789836 -49.25478721486 384.627777 -8.647000000000002 4.277999999999999 1.0
122.37714556738 -49.34563664463 0.0106 0.0115 10.8784 "" 8144-977-1 5514360708082523648 381.953033 2.6014 0.0121 -8.266 4.543 0.014 0.015 0.906 7179.8 4.2302 10.987936 0.521684 11.178291 10.656608 14.84 2.65 380.006287 383.644104 758179.89706 171.34 461420.0 210.05 433030.0 144.93 "" "" 0.002766223577760813 0.0028336083 0.003796811 0.0066304193 122.37714556738 -49.34563664463 381.953033 -8.266000000000002 4.542999999999999 0.9
122.79720305579 -49.07895092895 0.0115 0.0148 13.6619 "" "" 5514371527095995648 386.10614 2.5709 0.0139 -8.558 4.328 0.016 0.02 0.93 7170.4 4.2471 10.9938 0.49906 11.176575 10.677515 13.69 1.22 384.203796 387.907104 754096.2103 274.46 462150.0 350.53 424770.0 283.9 "" "" 0.0027835127880536225 0.0029091595 0.0038484174 0.006757577 122.79720305579 -49.07895092895 386.10614 -8.558 4.327999999999999 0.8
121.42268133911 -49.57864584148 0.011 0.014 47.9177 "" 8144-1115-1 5514428431124018944 376.759949 2.6329 0.0135 -8.568 4.448 0.015 0.017 0.954 7114.9 4.2118 11.010925 0.509048 11.195294 10.686246 12.44 0.93 374.666504 378.424133 742295.12731 397.92 454250.0 887.36 421370.0 499.58 "" "" 0.0028161223953621414 0.0035047755 0.0039925883 0.0074973637 121.42268133911 -49.57864584148 376.759949 -8.568 4.447999999999999 0.9
122.45837989408 -48.78960270524 0.0099 0.011 23.3442 "" "" 5514580885285366016 380.867065 2.5971 0.0114 -8.623 4.454 0.013 0.013 0.761 6658.3 4.2058 11.328097 0.590824 11.54729 10.956466 12.23 0.73 379.348907 382.215851 554252.92982 124.8 328470.0 178.98 328530.0 116.38 "" "" 0.0027661446913543374 0.0028522003 0.003798902 0.0066511026 122.45837989408 -48.78960270524 380.867065 -8.623000000000001 4.454 1.0
122.63096735749 -49.27871641469 0.0156 0.017 8.3312 "" "" 5514367580029970688 390.102295 2.5308 0.0184 -8.662 4.464 0.021 0.023 1.143 6443.8 4.1224 11.359965 0.662483 11.455593 10.79311 11.52 4.89 386.987976 392.473267 538220.82376 263.91 357420.0 9389.6 381870.0 11042.0 "" "" 0.002806281371635818 0.028658971 0.03162138 0.060280353 122.63096735749 -49.27871641469 390.102295 -8.662 4.464000000000001 1.0
122.20636088468 -49.56055565145 0.01 0.0103 25.3727 "" 8144-1835-1 5514334766479162368 380.614227 2.5982 0.0111 -8.627 4.409 0.014 0.014 0.891 6621.6 4.2137 11.436767 0.619357 11.668452 11.049095 7.34 2.72 379.056854 381.983215 501464.54292 92.476 293790.0 112.11 301660.0 86.525 "" "" 0.002762585472544972 0.0028207635 0.0037921907 0.006612954 122.20636088468 -49.56055565145 380.614227 -8.626999999999999 4.408999999999999 0.8
122.63172862665 -49.27889615964 0.0161 0.018 8.3596 "" 8144-2966-1 5514367580029970944 381.341614 2.5994 0.0191 -8.72 4.284 0.022 0.027 1.158 6386.2 4.1402 11.444679 0.543592 11.501047 10.957456 12.13 2.94 378.082184 384.153809 497823.20357 234.54 342770.0 17083.0 328230.0 12024.0 "" "" 0.002802400090011859 0.054182902 0.03995277 0.09413567 122.63172862665 -49.27889615964 381.341614 -8.72 4.283999999999999 1.0
122.00641644196 -49.41619917959 0.0079 0.0083 23.5179 "" "" 5514526661316250624 378.482788 2.6103 0.0086 -8.383 4.683 0.011 0.011 0.779 6352.9 4.269 11.685823 0.646672 11.930497 11.283825 13.92 1.28 377.382965 379.568848 398673.80086 55.933 230790.0 87.588 243010.0 58.294 "" "" 0.002759527619933267 0.0028204317 0.0037883455 0.006608777 122.00641644196 -49.41619917959 378.482788 -8.383 4.683 1.0
122.26193656909 -49.10059528837 0.0096 0.0106 9.8891 "" "" 5514558787671612544 385.389679 2.5633 0.0116 -8.52 4.1 0.014 0.013 0.944 6224.9 4.2104 11.719861 0.6671 11.974069 11.306969 10.08 2.26 383.552246 386.940674 386368.97018 68.225 221710.0 140.16 237890.0 101.34 "" "" 0.0027619821966785754 0.002873354 0.003807578 0.006680932 122.26193656909 -49.10059528837 385.389679 -8.52 4.100000000000001 1.0
122.64414655062 -48.88117385994 0.0096 0.0103 18.907 "" "" 5514564942366884352 387.563385 2.5497 0.0109 -9.008 4.085 0.013 0.013 0.974 6177.9 4.2575 11.915448 0.721391 12.185806 11.464416 14.53 1.81 386.115997 389.19516 322676.60177 91.375 182430.0 162.34 205770.0 151.5 "" "" 0.0027724211700238255 0.002952716 0.0038629961 0.006815712 122.64414655062 -48.88117385994 387.563385 -9.008 4.085000000000001 1.0
122.68934474335 -49.01854343204 0.0108 0.012 12.5258 "" "" 5514375345330684416 377.277893 2.623 0.0123 -9.09 4.064 0.014 0.016 1.131 6130.4 4.3073 12.004985 0.723307 12.279714 11.556407 12.69 1.58 375.331909 379.137878 297134.28775 70.071 167310.0 131.9 189060.0 98.082 "" "" 0.0027671910853589443 0.0029185088 0.003821125 0.006739634 122.68934474335 -49.01854343204 377.277893 -9.09 4.064000000000001 1.0
122.34553318169 -49.13262647369 0.0089 0.0094 6.0894 "" "" 5514554874963671040 382.860168 2.5837 0.0104 -8.089 4.22 0.012 0.011 0.99 6289.8 4.4138 12.095979 0.723583 12.37478 11.651196 12.77 0.97 381.248077 384.522614 273247.00849 94.394 153290.0 201.39 173250.0 144.84 "" "" 0.002780731471491901 0.003133645 0.0038868543 0.0070204996 122.34553318169 -49.13262647369 382.860168 -8.089 4.2200000000000015 0.9
122.64455502112 -49.14443595288 0.0087 0.0094 6.6152 "" "" 5514369602950654720 383.03717 2.59 0.0099 -8.543 4.022 0.012 0.013 0.954 5896.3 4.2448 12.271931 0.786276 12.582146 11.79587 9.12 6.9 381.692169 384.374908 232367.04756 394.37 126640.0 789.6 151640.0 733.79 "" "" 0.003314712189650446 0.007322022 0.0064720367 0.013794059 122.64455502112 -49.14443595288 383.03717 -8.543 4.021999999999998 1.0
122.43778344843 -48.94186903109 0.0085 0.0087 14.3027 "" "" 5514566209375082368 378.862396 2.6181 0.0093 -8.607 4.415 0.011 0.011 0.943 5915.1 4.2709 12.273928 0.761855 12.571225 11.80937 16.34 4.91 377.850586 380.263855 231940.05284 97.898 127920.0 170.52 149760.0 145.91 "" "" 0.002793170552045596 0.0031432072 0.00392463 0.0070678373 122.43778344843 -48.94186903109 378.862396 -8.607 4.415 0.8
122.55088082879 -49.21821740765 0.0087 0.0093 3.548 "" "" 5514368915760088448 379.030945 2.6183 0.0103 -9.121 4.644 0.011 0.012 0.985 5769.1 4.3425 12.385426 0.789372 12.695446 11.906074 11.81 3.29 377.438019 380.579987 209303.59454 114.88 114090.0 220.69 137000.0 215.26 "" "" 0.002819027620479921 0.0034922573 0.004146565 0.0076388223 122.55088082879 -49.21821740765 379.030945 -9.121 4.644 1.0
122.60355942593 -49.03040727093 0.0085 0.0101 10.0381 "" "" 5514374039660723712 380.944366 2.6059 0.01 -8.513 4.11 0.012 0.014 1.008 5676.5 4.3627 12.5023 0.814615 12.823773 12.009158 10.3 5.08 379.468201 382.988129 187943.25051 140.1 101370.0 263.43 124590.0 247.28 "" "" 0.002871730300976798 0.0039681117 0.0043505616 0.008318674 122.60355942593 -49.03040727093 380.944366 -8.513000000000002 4.110000000000001 1.0
122.71071789942 -49.59922315398 0.0077 0.0098 26.7609 "" "" 5514296249211928960 381.245789 2.6033 0.0097 -8.404 4.333 0.01 0.011 0.96 5633.3 4.3513 12.54357 0.837156 12.876838 12.039681 12.6 2.59 379.670563 382.612976 180933.45832 136.34 96534.0 251.71 121140.0 237.12 "" "" 0.0028742208998284685 0.0039748936 0.004335932 0.008310826 122.71071789942 -49.59922315398 381.245789 -8.404 4.333 1.0
