Clusters/NGC_2547/NGC_2547_stars_in_region.tsv
# %ECSV 1.0
# ---
# datatype:
# - name: RA_ICRS_1
#   unit: deg
#   datatype: float64
#   format: '{:15.11f}'
#   description: Right ascension (ICRS) at Ep=2016.0 (ra)
#   meta: !!omap
#   - {ucd: POS_EQ_RA_MAIN}
#   - {width: 15}
#   - {precision: '11'}
# - name: DE_ICRS_1
#   unit: deg
#   datatype: float64
#   format: '{:15.11f}'
#   description: Declination (ICRS) at Ep=2016.0 (dec)
#   meta: !!omap
#   - {ucd: POS_EQ_DEC_MAIN}
#   - {width: 15}
#   - {precision: '11'}
# - name: e_RA_ICRS
#   unit: mas
#   datatype: float64
#   format: '{:7.4f}'
#   description: Standard error of right ascension (ra_error)
#   meta: !!omap
#   - {ucd: ERROR}
#   - {width: 7}
#   - {precision: '4'}
# - name: e_DE_ICRS
#   unit: mas
#   datatype: float64
#   format: '{:7.4f}'
#   description: Standard error of declination (dec_error)
#   meta: !!omap
#   - {ucd: ERROR}
#   - {width: 7}
#   - {precision: '4'}
# - name: _r_1
#   unit: ''
#   datatype: float64
#   format: '{:8.4f}'
#   description: Distance from center (122.48410733000-49.17830602000)[ICRS], at Epoch=J2016.0
#   meta: !!omap
#   - {ucd: POS_ANG_DIST_GENERAL}
#   - {width: 8}
#   - {precision: '4'}
# - name: HIP
#   datatype: int32
#   description: '? HIP cross-id number, van Leeuwen, Cat. I/311 (hip_original_ext_source_id)'
#   meta: !!omap
#   - {ucd: ID_NUMBER}
#   - {width: 6}
#   - values: {'null': -2147483648}
# - name: TYC2
#   datatype: string
#   description: Tycho-2 cross-id name, Hog et al., Cat. I/259 (tyc2_original_ext_source_id)
#   meta: !!omap
#   - {ucd: ID_CROSSID}
#   - {_votable_string_dtype: char}
# - name: Source
#   datatype: int64
#   description: Source identifier, identical to the Gaia-EDR3 source_id (id)
#   meta: !!omap
#   - {ucd: ID_MAIN}
#   - {width: 19}
# - name: rgeo
#   unit: pc
#   datatype: float64
#   format: '{:15.8f}'
#   description: '? Median of the geometric distance posterior (r_med_geo)'
#   meta: !!omap
#   - {ucd: PHYS_DISTANCE_TRUE}
#   - {width: 15}
#   - {precision: '8'}
#   - values: {'null': .nan}
# - name: Plx
#   unit: mas
#   datatype: float64
#   format: '{:9.4f}'
#   description: '? Parallax (parallax)'
#   meta: !!omap
#   - {ucd: POS_PARLX_TRIG}
#   - {width: 9}
#   - {precision: '4'}
#   - values: {'null': .nan}
# - name: e_Plx
#   unit: mas
#   datatype: float32
#   format: '{:7.4f}'
#   description: '? Standard error of parallax (parallax_error)'
#   meta: !!omap
#   - {ucd: ERROR}
#   - {width: 7}
#   - {precision: '4'}
#   - values: {'null': .nan}
# - name: pmRA
#   unit: mas / yr
#   datatype: float64
#   format: '{:9.3f}'
#   description: '? Proper motion in right ascension direction, pmRA*cosDE (pmra)'
#   meta: !!omap
#   - {ucd: POS_EQ_PMRA}
#   - {width: 9}
#   - {precision: '3'}
#   - values: {'null': .nan}
# - name: pmDE
#   unit: mas / yr
#   datatype: float64
#   format: '{:9.3f}'
#   description: '? Proper motion in declination direction (pmdec)'
#   meta: !!omap
#   - {ucd: POS_EQ_PMDEC}
#   - {width: 9}
#   - {precision: '3'}
#   - values: {'null': .nan}
# - name: e_pmRA
#   unit: mas / yr
#   datatype: float32
#   format: '{:6.3f}'
#   description: '? Standard error of proper motion in right ascension direction (pmra_error)'
#   meta: !!omap
#   - {ucd: ERROR}
#   - {width: 6}
#   - {precision: '3'}
#   - values: {'null': .nan}
# - name: e_pmDE
[...]
#         unit: &id001 !astropy.units.Unit {unit: deg}
#         value: !astropy.table.SerializedColumn {name: SkyCoord.dec}
#       distance: !astropy.table.SerializedColumn
#         __class__: astropy.coordinates.distances.Distance
#         unit: !astropy.units.Unit {unit: pc}
#         value: !astropy.table.SerializedColumn {name: SkyCoord.distance}
#       frame: icrs
#       obstime: !astropy.time.Time {format: jyear_str, in_subfmt: '*', jd1: 367701545.0, jd2: 0.0, out_subfmt: '*', precision: 3, scale: tt}
#       pm_dec: !astropy.table.SerializedColumn
#         __class__: astropy.units.quantity.Quantity
#         unit: !astropy.units.Unit {unit: mas / yr}
#         value: !astropy.table.SerializedColumn {name: SkyCoord.pm_dec}
#       pm_ra_cosdec: !astropy.table.SerializedColumn
#         __class__: astropy.units.quantity.Quantity
#         unit: !astropy.units.Unit {unit: mas / yr}
#         value: !astropy.table.SerializedColumn {name: SkyCoord.pm_ra_cosdec}
#       ra: !astropy.table.SerializedColumn
#         __class__: astropy.coordinates.angles.Longitude
#         unit: *id001
#         value: !astropy.table.SerializedColumn {name: SkyCoord.ra}
#         wrap_angle: !astropy.coordinates.Angle
#           unit: *id001
#           value: 360.0
#       representation_type: spherical
# schema: astropy-2.0
RA_ICRS_1 DE_ICRS_1 e_RA_ICRS e_DE_ICRS _r_1 HIP TYC2 Source rgeo Plx e_Plx pmRA pmDE e_pmRA e_pmDE RUWE Teff logg Gmag BP-RP BPmag RPmag RV e_RV b_rgeo B_rgeo FG e_FG FBP e_FBP FRP e_FRP RAVE5 RAVE6 e_Gmag e_BPmag e_RPmag e_BP-RP SkyCoord.ra SkyCoord.dec SkyCoord.distance SkyCoord.pm_ra_cosdec SkyCoord.pm_dec
[from data line 708]
122.35211468962 -50.25337108976 0.0099 0.0114 64.7068 "" "" 5514242270062420352 432.003418 2.2847 0.012 0.54 -6.32 0.013 0.013 0.959 5589.5 4.514 13.686338 1.016501 14.110889 13.094389 6.78 3.26 429.989685 433.976166 63155.55394 23.901 30979.0 51.239 45857.0 55.515 "" "" 0.0027857893858997326 0.003318123 0.0040014233 0.0073195463 122.35211468962 -50.25337108976 432.003418 0.54 -6.32
123.75219237205 -48.28038542249 0.0167 0.0168 73.6272 "" "" 5515922358191589632 462.610565 2.1351 0.0187 -5.924 7.694 0.021 0.02 1.454 4944.2 4.2372 13.694634 1.249537 14.243113 12.993576 15.93 4.42 458.54834 466.172638 62674.87462 94.395 27427.0 140.08 50318.0 205.85 "" "" 0.0032040253254906038 0.0062076556 0.0058320374 0.012039693 123.75219237205 -48.28038542249 462.610565 -5.9239999999999995 7.694000000000001
122.48802731221 -48.06295187173 0.0096 0.0118 66.9214 "" "" 5516163254317516288 369.394745 2.6737 0.0115 7.165 0.168 0.013 0.014 0.944 5316.7 4.5794 13.699621 0.997318 14.112436 13.115118 -7.77 3.07 367.847443 370.873047 62387.61681 11.649 30934.0 27.526 44989.0 27.097 "" "" 0.002762768213184086 0.0029527 0.00383554 0.00678824 122.48802731221 -48.06295187173 369.394745 7.164999999999999 0.16800000000000012
121.12550587713 -47.89390032693 0.0096 0.0123 94.0831 "" "" 5517714046747885952 409.766724 2.408 0.0114 -0.859 -20.152 0.013 0.016 1.046 5097.2 4.4805 13.699858 1.113058 14.178011 13.064953 29.36 2.65 407.469055 411.446014 62373.999 7.3485 29121.0 24.086 47117.0 22.669 "" "" 0.0027582877831892802 0.002931122 0.003815311 0.0067464327 121.12550587713 -47.89390032693 409.766724 -0.859 -20.152
122.4975417051 -50.1453464407 0.0103 0.0113 58.0248 "" "" 5514248867132220416 458.088562 2.1478 0.0118 -1.372 -8.661 0.014 0.013 0.953 5116.5 4.3701 13.701858 1.050154 14.14414 13.093986 7.36 2.65 455.741821 461.081512 62259.22629 8.6106 30044.0 21.619 45874.0 30.258 "" "" 0.002759408887321107 0.0028974875 0.0038466328 0.0067441203 122.4975417051 -50.1453464407 458.088562 -1.3719999999999999 -8.660999999999998
122.30443805353 -49.42782375409 0.0101 0.0102 16.5391 "" "" 5514359849089113600 383.265442 2.576 0.0111 -8.516 4.495 0.015 0.014 1.013 "" "" 13.70271 1.148493 14.198532 13.050039 21.17 5.37 381.59726 385.038879 62210.36588 97.803 28576.0 150.17 47769.0 192.55 "" "" 0.0032411992905183365 0.0063513485 0.005782475 0.012133824 122.30443805353 -49.42782375409 383.265442 -8.516000000000002 4.494999999999999
121.01140516822 -49.69615568045 0.0095 0.0118 65.3212 "" "" 5514434237919645568 346.862793 2.8479 0.0116 51.401 -25.748 0.013 0.015 1.07 5264.0 4.5565 13.704584 1.092712 14.167642 13.074929 88.28 2.77 345.498932 348.189728 62103.07431 8.0703 29401.0 26.36 46686.0 24.901 "" "" 0.002758930267131551 0.002955102 0.0038234913 0.006778593 121.01140516822 -49.69615568045 346.862793 51.400999999999996 -25.747999999999994
120.50573261883 -49.11342311234 0.0102 0.0114 77.7428 "" "" 5517513347211299840 315.894623 3.1327 0.0118 -28.74 15.289 0.014 0.015 0.89 5057.2 4.6238 13.709436 1.140066 14.201021 13.060955 48.77 2.18 314.841309 316.908051 61826.14399 8.6502 28511.0 25.872 47291.0 20.325 "" "" 0.0027595045200190685 0.002959011 0.0038080802 0.0067670913 120.50573261883 -49.11342311234 315.894623 -28.74 15.289
121.75952505686 -47.84421841797 0.0111 0.0118 85.0679 "" "" 5517682813744753024 351.309052 2.8151 0.0125 -6.33 9.469 0.017 0.015 1.023 4584.3 4.1602 13.711242 1.526895 14.411722 12.884827 0.53 6.06 349.920746 352.696259 61723.41263 100.34 23482.0 142.69 55620.0 261.92 "" "" 0.0032721656774335525 0.0071632904 0.0063580535 0.0135213435 121.75952505686 -47.84421841797 351.309052 -6.330000000000001 9.469
123.90119610784 -47.75534382094 0.0165 0.0194 102.3072 "" "" 5516220257122874624 374.840881 2.6317 0.0198 -15.398 18.916 0.024 0.024 1.84 5024.4 4.481 13.71861 1.165295 14.223171 13.057877 55.49 3.09 371.712646 377.548218 61305.98163 33.729 27935.0 62.953 47425.0 70.935 "" "" 0.0028193279267776385 0.0037110243 0.0041135144 0.007824538 123.90119610784 -47.75534382094 374.840881 -15.398000000000001 18.916
120.56625687225 -48.25475053046 0.0131 0.0152 93.9888 "" "" 5517611723444569984 366.134277 2.698 0.0155 -5.779 8.531 0.018 0.019 1.358 4727.7 4.1583 13.721304 1.581267 14.44607 12.864802 9.03 5.56 364.375458 368.233948 61154.04305 362.67 22750.0 475.95 56655.0 854.66 "" "" 0.007003645456026516 0.022885282 0.016809093 0.039694376 120.56625687225 -48.25475053046 366.134277 -5.779000000000001 8.531
124.14688975857 -49.64898639289 0.0104 0.0115 70.7832 "" "" 5515045119709891200 443.211304 2.2261 0.0121 -1.558 35.19 0.013 0.014 1.067 4663.9 4.1571 13.724603 1.35811 14.33353 12.975421 "" "" 441.209564 445.293945 60968.54234 531.26 25235.0 775.99 51167.0 1511.7 "" "" 0.00985381185548723 0.033503365 0.032299332 0.06580269 124.14688975857 -49.64898639289 443.211304 -1.5580000000000034 35.19
123.98812869522 -47.89958018797 0.0113 0.0131 97.2404 "" "" 5516214927059031040 315.67627 3.1311 0.0132 -2.821 5.283 0.016 0.015 1.015 4823.2 4.5567 13.730883 1.182139 14.245761 13.063621 7.28 2.18 314.427094 317.063416 60616.89773 14.947 27360.0 45.336 47175.0 29.27 "" "" 0.0027682963465880295 0.003319902 0.0038389494 0.0071588513 123.98812869522 -47.89958018797 315.67627 -2.8210000000000006 5.283000000000001
122.49749810601 -48.98643453192 0.0123 0.0129 11.5243 "" "" 5514562743343598976 375.396576 2.6329 0.0139 -2.701 4.189 0.017 0.016 1.311 5239.1 4.5749 13.737143 1.10934 14.2026 13.09326 27.96 4.87 373.485291 377.281952 60268.42954 45.574 28469.0 67.809 45904.0 92.44 "" "" 0.0028750402788634026 0.0038043107 0.0043662526 0.008170564 122.49749810601 -48.98643453192 375.396576 -2.701 4.189
121.02191218933 -48.88479905402 0.0197 0.0214 60.155 "" "" 5517520463980641024 409.370361 2.4198 0.0223 -5.374 8.053 0.027 0.028 2.236 "" "" 13.738005 1.52966 14.443375 12.913714 20.11 4.3 405.409271 412.951752 60220.58027 20.039 22807.0 29.22 54159.0 42.447 "" "" 0.0027789061783423316 0.0031176934 0.0038739943 0.0069916877 121.02191218933 -48.88479905402 409.370361 -5.3740000000000006 8.053
120.9744505802 -48.92624175228 0.0099 0.0108 61.2581 "" "" 5517519948584590208 451.160828 2.1844 0.0112 0.699 -5.838 0.014 0.013 0.926 5398.2 4.4798 13.740566 1.024967 14.168463 13.143496 22.35 2.34 448.675751 453.557861 60078.64009 12.919 29379.0 29.031 43829.0 23.119 "" "" 0.002765194052383478 0.0029893327 0.0038225278 0.0068118605 120.9744505802 -48.92624175228 451.160828 0.6989999999999998 -5.838000000000001
119.99182663204 -48.96520600665 0.2762 0.3184 98.7898 "" "" 5517556232469665664 391.570129 2.6366 0.3187 -7.011 7.522 0.368 0.43 23.403 "" "" 13.746897 1.551421 14.334128 12.782707 31.99 7.87 351.617157 459.071503 59729.36517 272.18 25221.0 166.19 61105.0 273.3 "" "" 0.005663065534636647 0.007679127 0.0061534857 0.013832613 119.99182663204 -48.96520600665 391.570129 -7.011 7.522000000000002
122.42388755493 -50.43984955844 0.0109 0.0117 75.7285 "" "" 5513485290666049024 421.086121 2.3428 0.0126 21.784 9.317 0.014 0.014 0.907 5132.9 4.3385 13.749148 1.143594 14.236135 13.092542 0.53 2.64 418.932098 422.96286 59605.62285 9.9405 27603.0 26.794 45935.0 26.142 "" "" 0.002761263401331343 0.0029825803 0.00382956 0.0068121403 122.42388755493 -50.43984955844 421.086121 21.783999999999995 9.317
124.73249747527 -49.97182953343 0.1377 0.1539 99.5897 "" "" 5514789174014761344 448.235931 2.2734 0.1548 12.924 -10.718 0.19 0.199 15.458 15097.0 4.4888 13.750744 1.57873 14.450002 12.871272 17.72 2.7 415.294647 479.589111 59518.12501 63.972 22668.0 24.197 56318.0 31.617 "" "" 0.0029922636081603994 0.0030213015 0.0038282187 0.00684952 124.73249747527 -49.97182953343 448.235931 12.924000000000001 -10.718000000000002
120.95750978468 -49.45084492382 0.0157 0.0172 61.9092 "" "" 5514488595025586304 338.395233 2.9231 0.018 -30.992 42.805 0.02 0.024 1.664 4795.7 4.5034 13.752662 1.157821 14.22879 13.07097 50.39 1.97 336.28241 340.446716 59413.07739 16.744 27791.0 46.593 46857.0 58.619 "" "" 0.0027722584278339715 0.0033314424 0.0040160483 0.0073474906 120.95750978468 -49.45084492382 338.395233 -30.992000000000004 42.805
122.21892566556 -47.77890623069 0.0134 0.0162 84.6237 "" "" 5519169971941402368 370.660309 2.6628 0.0164 -10.851 34.375 0.018 0.018 1.301 4633.4 4.3954 13.754018 1.269091 14.294402 13.025311 73.41 3.58 368.523346 372.663269 59338.89114 10.163 26161.0 71.346 48869.0 111.28 "" "" 0.0027615880396476694 0.0040684906 0.0045162137 0.008584704 122.21892566556 -47.77890623069 370.660309 -10.850999999999999 34.375
123.53608911133 -47.99933352398 0.0102 0.0118 82.1383 "" "" 5516117315346672512 341.804993 2.8911 0.0121 -11.304 19.153 0.014 0.014 0.962 5011.1 4.552 13.754332 1.126747 14.237445 13.110698 5.99 3.74 340.409515 343.457062 59321.76771 24.064 27570.0 45.888 45173.0 51.189 "" "" 0.0027902990857481052 0.0033242633 0.0039745993 0.0072988626 123.53608911133 -47.99933352398 341.804993 -11.304000000000002 19.153
122.57491127192 -49.39729666195 0.011 0.0113 13.6115 "" "" 5514349025771421696 382.494812 2.5828 0.0123 -8.476 4.461 0.016 0.016 1.099 4992.3 4.4355 13.762289 1.169949 14.266052 13.096104 18.07 5.09 380.495026 384.34137 58888.57047 75.98 26853.0 126.05 45784.0 153.75 "" "" 0.0030909834955511178 0.005810304 0.0052514374 0.011061741 122.57491127192 -49.39729666195 382.494812 -8.475999999999999 4.460999999999999
120.2458291721 -48.72640601594 0.0102 0.012 92.2606 "" "" 5517583342301709696 420.545624 2.3428 0.0124 18.401 -6.014 0.014 0.015 0.936 5536.7 4.5571 13.778571 0.994776 14.190624 13.195848 27.66 3.49 418.272339 422.539429 58012.04015 8.6908 28785.0 23.431 41766.0 23.732 "" "" 0.0027601170022797284 0.0029267955 0.0038294033 0.0067561986 120.2458291721 -48.72640601594 420.545624 18.400999999999996 -6.0139999999999985
121.53994612126 -50.53657382056 0.0206 0.0231 89.3034 "" "" 5514152144466505984 406.055847 2.4343 0.023 -4.6 -7.475 0.028 0.03 2.349 5765.3 4.2906 13.778803 1.521154 14.48038 12.959227 10.65 2.08 402.205719 409.887054 57999.65953 10.849 22043.0 23.784 51936.0 27.845 "" "" 0.002762794773425865 0.0030261257 0.0038239476 0.006850073 121.53994612126 -50.53657382056 406.055847 -4.6 -7.475
119.96121837244 -48.81834663571 0.0097 0.0124 101.6292 "" "" 5517570010722514944 349.858551 2.8247 0.0113 11.451 2.322 0.013 0.016 1.053 4842.7 4.5564 13.780793 1.224537 14.311071 13.086535 -3.16 1.82 348.619049 351.447479 57893.45789 8.0274 25763.0 54.689 46190.0 62.937 "" "" 0.0027594299325816494 0.0036189803 0.0040586106 0.007677591 119.96121837244 -48.81834663571 349.858551 11.451 2.3219999999999996
120.8788241302 -49.21043789696 0.0144 0.0158 62.971 "" "" 5514506736968247040 418.86261 2.3512 0.0167 -12.129 9.544 0.02 0.02 1.524 5143.0 4.4543 13.782954 1.055389 14.218961 13.163572 45.23 2.74 415.844086 421.375 57778.32056 12.384 28044.0 27.129 43026.0 28.585 "" "" 0.0027651301346396616 0.0029813088 0.0038476016 0.0068289107 120.8788241302 -49.21043789696 418.86261 -12.129000000000001 9.544
122.40491864593 -47.91588356429 0.011 0.0127 75.8106 "" "" 5519170242521466624 402.864868 2.4489 0.0128 -10.781 8.991 0.015 0.016 0.985 4959.8 4.4754 13.784508 1.091177 14.250623 13.159446 47.89 2.13 401.121979 404.603912 57695.70322 17.23 27238.0 35.494 43190.0 34.928 "" "" 0.002774332485804371 0.0031283845 0.0038800365 0.0070084212 122.40491864593 -47.91588356429 402.864868 -10.781000000000002 8.991000000000001
122.64623541525 -50.90680380382 0.0105 0.0107 103.8978 "" "" 5513413478811617920 392.205017 2.5171 0.0114 -31.668 30.528 0.014 0.013 0.903 5724.7 4.5016 13.788229 1.214491 14.31388 13.099389 22.89 2.47 390.578247 394.010162 57498.30178 11.162 25696.0 18.344 45646.0 31.692 "" "" 0.0027633700278374557 0.0028958272 0.0038538268 0.006749654 122.64623541525 -50.90680380382 392.205017 -31.668 30.528000000000002
122.95894587967 -48.3764192154 0.0105 0.0123 51.6463 "" "" 5516094088163015808 344.747925 2.8673 0.0128 20.208 9.471 0.014 0.015 0.952 5048.3 4.5449 13.791376 1.077767 14.249818 13.17205 -22.97 2.72 343.225616 346.45282 57331.88332 9.645 27258.0 27.717 42691.0 20.786 "" "" 0.002761367789002827 0.0030006508 0.003816174 0.006816825 122.95894587967 -48.3764192154 344.747925 20.207999999999995 9.471
121.49679339738 -48.41980031253 0.0107 0.0124 59.9473 "" "" 5517629590509645440 382.976959 2.5805 0.0129 -29.796 12.243 0.014 0.015 1.078 5049.8 4.5131 13.79427 1.100842 14.265194 13.164352 -3.5 3.57 380.645447 384.70932 57179.25857 8.3009 26874.0 19.071 42995.0 21.71 "" "" 0.002759824891056767 0.0028945983 0.003818938 0.0067135366 121.49679339738 -48.41980031253 382.976959 -29.796000000000006 12.242999999999999
119.82479511456 -49.29716562714 0.0099 0.0116 104.4178 "" "" 5517496137285158912 347.884949 2.8415 0.0112 3.526 8.322 0.014 0.015 0.993 4977.5 4.5383 13.797843 1.153361 14.296205 13.142843 20.98 2.82 346.543732 348.959167 56991.44471 7.7097 26118.0 15.313 43855.0 18.997 "" "" 0.0027592321558585066 0.0028618642 0.003808533 0.0066703972 119.82479511456 -49.29716562714 347.884949 3.525999999999999 8.322
120.22037822421 -49.95692413356 0.0121 0.0132 99.7039 "" "" 5514451142911729408 320.435455 3.0872 0.0138 -25.841 2.579 0.016 0.016 1.226 "" "" 13.814 1.247372 14.355774 13.108402 22.51 1.85 318.927277 322.142181 56149.61438 11.242 24723.0 24.42 45269.0 36.093 "" "" 0.0027638820161561837 0.0029891727 0.003877253 0.0068664257 120.22037822421 -49.95692413356 320.435455 -25.840999999999998 2.5789999999999997
120.96027689271 -48.11305533878 0.0192 0.0199 87.9417 "" "" 5517710026658509184 311.085754 3.1819 0.0203 -18.137 18.239 0.026 0.025 2.08 4499.1 4.3892 13.817287 1.438391 14.472255 13.033864 20.72 3.66 309.085846 312.754578 55979.8389 33.287 22208.0 46.272 48486.0 72.165 "" "" 0.002829946297281882 0.0035920255 0.004110365 0.0077023907 120.96027689271 -48.11305533878 311.085754 -18.137 18.239
123.57574087641 -49.76168728429 0.0502 0.0519 55.1067 "" "" 5515028249077744256 452.375793 2.187 0.0565 -13.673 -9.966 0.068 0.064 4.53 "" "" 13.825285 1.08616 14.281001 13.194841 14.65 2.69 441.261871 463.473297 55569.04748 9.6767 26486.0 20.415 41804.0 21.42 "" "" 0.002761799451428183 0.0029129705 0.0038201076 0.006733078 123.57574087641 -49.76168728429 452.375793 -13.673000000000002 -9.966000000000001
122.23579863283 -49.56254312716 0.0672 0.0725 25.0123 "" "" 5514334594680485760 438.229919 2.2571 0.075 -4.729 -28.127 0.095 0.1 7.144 5213.1 4.5036 13.828504 0.976017 14.229919 13.253902 217.17 3.59 423.668976 453.753052 55404.51924 8.5571 27762.0 22.798 39591.0 13.205 "" "" 0.0027604182937018447 0.0029291636 0.0037966915 0.006725855 122.23579863283 -49.56254312716 438.229919 -4.729000000000003 -28.126999999999995
122.92058981879 -49.81990344214 0.0383 0.0462 42.0857 "" "" 5514277935471270528 453.583313 2.1798 0.0438 -0.773 -2.693 0.052 0.063 3.561 "" "" 13.834728 1.075787 14.285255 13.209469 -1.15 3.31 444.965149 462.722168 55087.81026 10.429 26382.0 27.631 41245.0 24.774 "" "" 0.0027629764806837865 0.0030129938 0.0038352353 0.006848229 122.92058981879 -49.81990344214 453.583313 -0.7729999999999999 -2.6929999999999996
120.31157248874 -49.76903518437 0.0104 0.0111 91.8147 "" "" 5514466570434208128 322.971802 3.0622 0.0115 -5.743 2.46 0.014 0.013 1.041 4815.2 4.5501 13.837482 1.228541 14.378393 13.149852 8.9 2.06 321.759674 324.089844 54948.24143 32.176 24214.0 60.863 43573.0 70.164 "" "" 0.0028277195049243803 0.0039029156 0.004164175 0.008067091 120.31157248874 -49.76903518437 322.971802 -5.743000000000001 2.46
122.09024708025 -48.68989405962 0.0126 0.0145 33.1626 "" "" 5514626515019458944 383.757385 2.5727 0.0152 -9.681 2.164 0.017 0.018 1.287 5725.9 4.3284 13.843595 1.495179 14.521915 13.026736 -8.17 18.33 381.3927 385.8125 54639.76203 124.44 21215.0 183.0 48805.0 267.23 "" "" 0.003702181731209287 0.0097723175 0.007044549 0.016816866 122.09024708025 -48.68989405962 383.757385 -9.681 2.164000000000001
