Clusters/NGC_2547/NGC_2547_members.tsv
# %ECSV 1.0
# ---
# datatype:
# - name: RA_ICRS_1
#   unit: deg
#   datatype: float64
#   format: '{:15.11f}'
#   description: Right ascension (ICRS) at Ep=2016.0 (ra)
#   meta: !!omap
#   - {ucd: POS_EQ_RA_MAIN}
#   - {width: 15}
#   - {precision: '11'}
# - name: DE_ICRS_1
#   unit: deg
#   datatype: float64
#   format: '{:15.11f}'
#   description: Declination (ICRS) at Ep=2016.0 (dec)
#   meta: !!omap
#   - {ucd: POS_EQ_DEC_MAIN}
#   - {width: 15}
#   - {precision: '11'}
# - name: e_RA_ICRS
#   unit: mas
#   datatype: float64
#   format: '{:7.4f}'
#   description: Standard error of right ascension (ra_error)
#   meta: !!omap
#   - {ucd: ERROR}
#   - {width: 7}
#   - {precision: '4'}
# - name: e_DE_ICRS
#   unit: mas
#   datatype: float64
#   format: '{:7.4f}'
#   description: Standard error of declination (dec_error)
#   meta: !!omap
#   - {ucd: ERROR}
#   - {width: 7}
#   - {precision: '4'}
# - name: _r_1
#   unit: ''
#   datatype: float64
#   format: '{:8.4f}'
#   description: Distance from center (122.48410733000-49.17830602000)[ICRS], at Epoch=J2016.0
#   meta: !!omap
#   - {ucd: POS_ANG_DIST_GENERAL}
#   - {width: 8}
#   - {precision: '4'}
# - name: HIP
#   datatype: int32
#   description: '? HIP cross-id number, van Leeuwen, Cat. I/311 (hip_original_ext_source_id)'
#   meta: !!omap
#   - {ucd: ID_NUMBER}
#   - {width: 6}
#   - values: {'null': -2147483648}
# - name: TYC2
#   datatype: string
#   description: Tycho-2 cross-id name, Hog et al., Cat. I/259 (tyc2_original_ext_source_id)
#   meta: !!omap
#   - {ucd: ID_CROSSID}
#   - {_votable_string_dtype: char}
# - name: Source
#   datatype: int64
#   description: Source identifier, identical to the Gaia-EDR3 source_id (id)
#   meta: !!omap
#   - {ucd: ID_MAIN}
#   - {width: 19}
# - name: rgeo
#   unit: pc
#   datatype: float64
#   format: '{:15.8f}'
#   description: '? Median of the geometric distance posterior (r_med_geo)'
#   meta: !!omap
#   - {ucd: PHYS_DISTANCE_TRUE}
#   - {width: 15}
#   - {precision: '8'}
#   - values: {'null': .nan}
# - name: Plx
#   unit: mas
#   datatype: float64
#   format: '{:9.4f}'
#   description: '? Parallax (parallax)'
#   meta: !!omap
#   - {ucd: POS_PARLX_TRIG}
#   - {width: 9}
#   - {precision: '4'}
#   - values: {'null': .nan}
# - name: e_Plx
#   unit: mas
#   datatype: float32
#   format: '{:7.4f}'
#   description: '? Standard error of parallax (parallax_error)'
#   meta: !!omap
#   - {ucd: ERROR}
#   - {width: 7}
#   - {precision: '4'}
#   - values: {'null': .nan}
# - name: pmRA
#   unit: mas / yr
#   datatype: float64
#   format: '{:9.3f}'
#   description: '? Proper motion in right ascension direction, pmRA*cosDE (pmra)'
#   meta: !!omap
#   - {ucd: POS_EQ_PMRA}
#   - {width: 9}
#   - {precision: '3'}
#   - values: {'null': .nan}
# - name: pmDE
#   unit: mas / yr
#   datatype: float64
#   format: '{:9.3f}'
#   description: '? Proper motion in declination direction (pmdec)'
#   meta: !!omap
#   - {ucd: POS_EQ_PMDEC}
#   - {width: 9}
#   - {precision: '3'}
#   - values: {'null': .nan}
# - name: e_pmRA
#   unit: mas / yr
#   datatype: float32
#   format: '{:6.3f}'
#   description: '? Standard error of proper motion in right ascension direction (pmra_error)'
#   meta: !!omap
#   - {ucd: ERROR}
#   - {width: 6}
#   - {precision: '3'}
#   - values: {'null': .nan}
# - name: e_pmDE
[...]
#         unit: &id001 !astropy.units.Unit {unit: deg}
#         value: !astropy.table.SerializedColumn {name: SkyCoord.dec}
#       distance: !astropy.table.SerializedColumn
#         __class__: astropy.coordinates.distances.Distance
#         unit: !astropy.units.Unit {unit: pc}
#         value: !astropy.table.SerializedColumn {name: SkyCoord.distance}
#       frame: icrs
#       obstime: !astropy.time.Time {format: jyear_str, in_subfmt: '*', jd1: 367701545.0, jd2: 0.0, out_subfmt: '*', precision: 3, scale: tt}
#       pm_dec: !astropy.table.SerializedColumn
#         __class__: astropy.units.quantity.Quantity
#         unit: !astropy.units.Unit {unit: mas / yr}
#         value: !astropy.table.SerializedColumn {name: SkyCoord.pm_dec}
#       pm_ra_cosdec: !astropy.table.SerializedColumn
#         __class__: astropy.units.quantity.Quantity
#         unit: !astropy.units.Unit {unit: mas / yr}
#         value: !astropy.table.SerializedColumn {name: SkyCoord.pm_ra_cosdec}
#       ra: !astropy.table.SerializedColumn
#         __class__: astropy.coordinates.angles.Longitude
#         unit: *id001
#         value: !astropy.table.SerializedColumn {name: SkyCoord.ra}
#         wrap_angle: !astropy.coordinates.Angle
#           unit: *id001
#           value: 360.0
#       representation_type: spherical
# schema: astropy-2.0
RA_ICRS_1 DE_ICRS_1 e_RA_ICRS e_DE_ICRS _r_1 HIP TYC2 Source rgeo Plx e_Plx pmRA pmDE e_pmRA e_pmDE RUWE Teff logg Gmag BP-RP BPmag RPmag RV e_RV b_rgeo B_rgeo FG e_FG FBP e_FBP FRP e_FRP RAVE5 RAVE6 e_Gmag e_BPmag e_RPmag e_BP-RP SkyCoord.ra SkyCoord.dec SkyCoord.distance SkyCoord.pm_ra_cosdec SkyCoord.pm_dec Pmemb
[from data line 40]
123.12205039325 -49.95284846688 0.0084 0.0098 52.6872 "" "" 5513527793663018880 384.958435 2.5815 0.0099 -8.583 4.447 0.011 0.013 0.993 5830.2 4.3295 12.680243 0.861753 13.02692 12.165167 "" "" 383.46228 386.391541 159532.50856 169.45 84072.0 313.13 107920.0 301.63 "" "" 0.002986927061694479 0.00491304 0.004846889 0.009759929 123.12205039325 -49.95284846688 384.958435 -8.582999999999998 4.447000000000001 0.8
122.8606298915 -49.16642492328 0.0105 0.0125 14.7871 "" "" 5514358440339466752 380.761444 2.6083 0.0124 -8.411 3.811 0.014 0.016 1.004 5555.0 4.4032 12.886728 0.897319 13.251645 12.354326 11.35 2.94 379.030121 382.528229 131903.2849 91.304 68353.0 174.69 90662.0 166.81 "" "" 0.0028559794189394546 0.0039350567 0.0042748526 0.008209909 122.8606298915 -49.16642492328 380.761444 -8.411 3.811000000000001 1.0
122.61262745435 -49.14687391485 0.0102 0.0109 5.3836 "" "" 5514372424753047168 387.963196 2.5531 0.0117 -9.055 3.807 0.014 0.014 1.113 5321.1 4.3797 13.018981 0.941084 13.403998 12.462914 16.22 3.0 386.298096 389.651398 116776.15382 146.62 59404.0 250.76 82034.0 268.28 "" "" 0.0030741073096019244 0.0053656856 0.0051856986 0.010551384 122.61262745435 -49.14687391485 387.963196 -9.054999999999998 3.8070000000000004 1.0
122.48249081005 -49.37795967264 0.0084 0.0092 11.9794 "" "" 5514360948600663808 375.699188 2.6297 0.0095 -8.561 4.205 0.011 0.013 0.959 5239.9 4.3606 13.083483 1.038029 13.51914 12.481112 17.81 9.58 374.527649 376.903961 110040.80973 141.23 53427.0 249.98 80670.0 292.78 "" "" 0.0030876442081845938 0.005795865 0.0054599848 0.011255849 122.48249081005 -49.37795967264 375.699188 -8.561000000000002 4.205 0.9
122.98904693618 -49.19228039906 0.0225 0.0284 19.8199 "" "" 5515855597219552256 377.176666 2.6161 0.0284 -8.375 3.844 0.028 0.032 2.658 5240.9 4.3561 13.09096 0.968545 13.460964 12.492419 16.21 3.13 372.888611 380.972168 109285.629 108.62 56368.0 182.24 79834.0 190.52 "" "" 0.0029591039842570463 0.0044840556 0.0045822817 0.009066338 122.98904693618 -49.19228039906 377.176666 -8.375 3.8440000000000003 0.9
122.7503459624 -49.11227753912 0.009 0.0106 11.1753 "" "" 5514371016003685248 380.218323 2.5985 0.0106 -8.468 4.422 0.012 0.014 0.964 5591.4 4.4533 13.118201 0.926393 13.496477 12.570085 13.07 3.08 378.822632 381.622955 106577.71594 71.499 54554.0 121.21 74323.0 196.09 "" "" 0.0028499695577320922 0.0036884102 0.0047422964 0.008430706 122.7503459624 -49.11227753912 380.218323 -8.468000000000002 4.422000000000001 0.8
122.57063631155 -48.9053809319 0.0088 0.0104 16.7254 "" "" 5514564770568331648 380.968719 2.5921 0.0105 -8.389 4.329 0.011 0.014 0.953 5349.2 4.4326 13.169497 0.953233 13.558632 12.605399 16.16 2.62 379.522766 382.563293 101659.52228 105.2 51519.0 172.04 71945.0 211.11 "" "" 0.0029755926070449525 0.0045749764 0.004943046 0.009518022 122.57063631155 -48.9053809319 380.968719 -8.389 4.329 1.0
122.42005442202 -49.39730360641 0.0091 0.0096 13.3768 "" "" 5514359608570896512 382.793701 2.5796 0.0101 -9.09 4.211 0.014 0.014 1.01 5214.0 4.3867 13.232751 0.989667 13.638968 12.649302 1.91 7.16 380.988251 384.262726 95906.12617 110.17 47844.0 180.96 69094.0 264.39 "" "" 0.003024456041902397 0.004964774 0.0056164414 0.010581216 122.42005442202 -49.39730360641 382.793701 -9.09 4.211000000000001 1.0
121.42911951773 -49.44424781754 0.0089 0.0113 44.2449 "" "" 5514442101997584384 382.783447 2.5776 0.0115 -8.485 4.344 0.012 0.012 1.055 5328.0 4.4244 13.254814 0.979958 13.659819 12.679861 12.67 2.82 381.332184 384.770844 93976.86073 188.27 46934.0 315.95 67176.0 363.92 "" "" 0.0035104079512881577 0.007823415 0.00699144 0.0148148555 121.42911951773 -49.44424781754 382.783447 -8.485000000000001 4.343999999999999 0.8
122.75579374868 -49.0024518727 0.009 0.0115 15.0095 "" "" 5514375036093054336 383.86615 2.5721 0.0109 -8.465 3.951 0.012 0.015 0.869 5248.7 4.4211 13.286761 1.016206 13.714092 12.697886 15.1 2.89 382.195404 385.444061 91251.93724 130.45 44646.0 234.49 66070.0 236.52 "" "" 0.003162416291749692 0.0063485177 0.0054213135 0.011769831 122.75579374868 -49.0024518727 383.86615 -8.465 3.9509999999999996 1.0
122.55375471114 -49.23595625751 0.0105 0.0104 4.4066 "" "" 5514362975824998272 385.481171 2.5626 0.0115 -8.597 3.84 0.013 0.014 0.88 5121.2 4.4145 13.47144 1.062251 13.913514 12.851263 18.02 4.36 384.136322 386.990234 76978.67816 116.17 37154.0 187.19 57366.0 203.81 "" "" 0.00320569630378201 0.006140674 0.0054003056 0.011540979 122.55375471114 -49.23595625751 385.481171 -8.597 3.84 1.0
122.3447913252 -49.27523524586 0.0094 0.0104 7.9764 "" "" 5514364865610742784 381.056152 2.5929 0.0115 -8.728 4.486 0.012 0.014 1.079 5104.7 4.4181 13.474805 1.070979 13.922482 12.851502 14.83 3.68 379.338837 382.738434 76740.55827 116.79 36849.0 213.05 57353.0 263.69 "" "" 0.0032128004993180782 0.0068695606 0.006261176 0.013130737 122.3447913252 -49.27523524586 381.056152 -8.728000000000002 4.486 0.8
123.17913732652 -49.63806428116 0.0239 0.0272 38.6935 "" "" 5514286731564441472 389.372223 2.5399 0.028 -8.41 4.161 0.032 0.031 2.461 "" "" 13.487274 1.082645 13.936461 12.853816 13.45 4.05 385.20108 393.672546 75864.20891 92.39 36377.0 159.91 57231.0 180.75 "" "" 0.0030561617299048075 0.0055285306 0.0051031336 0.010631664 123.17913732652 -49.63806428116 389.372223 -8.410000000000002 4.161 0.9
122.57491127192 -49.39729666195 0.011 0.0113 13.6115 "" "" 5514349025771421696 382.494812 2.5828 0.0123 -8.476 4.461 0.016 0.016 1.099 4992.3 4.4355 13.762289 1.169949 14.266052 13.096104 18.07 5.09 380.495026 384.34137 58888.57047 75.98 26853.0 126.05 45784.0 153.75 "" "" 0.0030909834955511178 0.005810304 0.0052514374 0.011061741 122.57491127192 -49.39729666195 382.494812 -8.475999999999999 4.460999999999999 0.8
122.1759815005 -49.19033210927 0.0291 0.0291 12.1055 "" "" 5514553775452076672 369.502808 2.6773 0.032 -7.703 4.262 0.038 0.037 2.73 "" "" 14.053158 1.40963 14.681047 13.271417 10.77 4.97 364.811859 374.114777 45048.82929 38.454 18323.0 60.684 38958.0 86.696 "" "" 0.002907014429317972 0.004551396 0.004485709 0.009037105 122.1759815005 -49.19033210927 369.502808 -7.702999999999999 4.261999999999999 0.9
122.5790961261 -48.56358340531 0.0118 0.0123 37.0734 "" "" 5516087662891597568 380.096588 2.5975 0.0133 -8.645 4.282 0.017 0.018 0.996 4852.2 4.4826 14.061451 1.245721 14.61173 13.366009 8.28 3.86 378.307861 382.393158 44706.07398 74.938 19531.0 106.07 35707.0 134.42 "" "" 0.0033021226440523178 0.006523301 0.005566832 0.0120901335 122.5790961261 -48.56358340531 380.096588 -8.645 4.282 0.8
122.65881940813 -49.2079079325 0.0125 0.0136 7.0771 "" "" 5514368370303946240 385.819183 2.5562 0.015 -8.534 4.434 0.017 0.018 1.103 4890.6 4.4661 14.098719 1.262235 14.650011 13.387776 15.9 6.52 383.470276 387.883026 43197.56858 66.486 18854.0 99.205 34998.0 134.32 "" "" 0.003222463612941095 0.006357825 0.005625609 0.011983434 122.65881940813 -49.2079079325 385.819183 -8.533999999999999 4.433999999999999 0.8
122.53128433088 -48.42477546942 0.0121 0.0129 45.2503 "" "" 5516136281923089280 388.389099 2.5419 0.014 -8.448 4.145 0.017 0.018 1.037 4733.1 4.4563 14.232092 1.314156 14.815101 13.500944 16.26 4.76 386.519379 390.257019 38204.11677 60.761 16195.0 78.877 31534.0 123.07 "" "" 0.003251705161342521 0.005978987 0.0056779506 0.011656938 122.53128433088 -48.42477546942 388.389099 -8.448 4.145 1.0
122.25089149971 -49.3425609141 0.0121 0.0123 13.4358 "" "" 5514364212775723136 381.619171 2.5863 0.0134 -8.46 4.438 0.016 0.016 1.019 5071.1 4.5408 14.248135 1.338764 14.846639 13.507874 9.72 4.02 379.690643 383.297699 37643.75882 44.414 15731.0 68.673 31333.0 95.57 "" "" 0.0030385467087441077 0.005500011 0.00502501 0.010525022 122.25089149971 -49.3425609141 381.619171 -8.46 4.437999999999999 0.8
122.14117715779 -49.1215657842 0.0147 0.0161 13.8822 "" "" 5514557864260860160 371.034668 2.6673 0.0172 -8.898 4.242 0.02 0.021 1.288 4700.7 4.2929 14.27912 1.493253 14.963578 13.470325 9.14 7.84 368.63092 373.735992 36584.6298 32.218 14125.0 47.868 32436.0 70.714 "" "" 0.0029165055427007713 0.004617715 0.0044594305 0.009077145 122.14117715779 -49.1215657842 371.034668 -8.897999999999998 4.242000000000001 1.0
122.64784347654 -49.08334783282 0.0125 0.0137 8.5898 "" "" 5514374348898274560 389.837067 2.5329 0.0141 -8.185 4.57 0.017 0.019 0.966 4607.7 4.3634 14.333066 1.452343 14.996187 13.543844 7.75 5.7 387.690491 392.041077 34811.30349 37.479 13707.0 55.975 30312.0 90.829 "" "" 0.0029930267088878653 0.0052386657 0.0049868007 0.010225466 122.64784347654 -49.08334783282 389.837067 -8.185000000000002 4.570000000000002 0.8
122.28001784916 -49.3206727886 0.0198 0.0202 11.6987 "" "" 5514364315854935552 398.309021 2.4799 0.0221 -8.297 4.201 0.026 0.027 1.575 4443.1 4.3769 14.553428 1.45654 15.188723 13.732183 11.65 4.03 393.824432 401.683502 28416.83345 49.916 11480.0 73.921 25485.0 123.85 "" "" 0.0033509804383383412 0.007527389 0.0064902897 0.014017679 122.28001784916 -49.3206727886 398.309021 -8.297 4.2010000000000005 1.0
122.63270831325 -49.35823844867 0.0155 0.0191 12.2638 "" "" 5514349506807731200 383.920593 2.5759 0.0195 -8.471 4.14 0.02 0.025 0.999 4189.9 4.2415 14.576824 1.603087 15.328319 13.725232 -19.92 7.59 380.619995 387.284393 27811.02332 20.207 10095.0 32.277 25649.0 45.92 "" "" 0.002866027926151378 0.0044537657 0.0042499597 0.008703725 122.63270831325 -49.35823844867 383.920593 -8.471 4.140000000000001 1.0
121.54222686315 -48.77326922019 0.0146 0.0178 44.3452 "" "" 5514615726060722304 379.501099 2.6028 0.0173 -8.298 4.312 0.02 0.023 1.003 4470.1 4.4799 14.632031 1.471077 15.304924 13.833847 10.81 3.22 376.996674 381.895599 26432.27094 27.11 10314.0 48.589 23207.0 81.802 "" "" 0.0029718408311477057 0.0058264057 0.005378697 0.011205103 121.54222686315 -48.77326922019 379.501099 -8.297999999999998 4.311999999999999 0.9
121.8942109658 -49.06964267595 0.02 0.0228 24.0626 "" "" 5514550167678451200 377.976379 2.6148 0.0235 -8.578 4.065 0.026 0.026 1.498 5787.9 4.4352 14.664597 1.794717 15.52642 13.731703 -35.42 9.96 373.998352 381.656311 25651.193 39.432 8411.0 48.631 25496.0 94.425 "" "" 0.0032214078309042563 0.0068696886 0.0055183833 0.012388072 121.8942109658 -49.06964267595 377.976379 -8.578 4.065000000000001 1.0
122.64823790178 -49.17440529695 0.0148 0.0177 6.4421 "" "" 5514369229297396736 382.64386 2.5814 0.0176 -8.297 4.366 0.019 0.021 0.994 4536.1 4.4806 14.686362 1.52632 15.379144 13.852823 -24.7 10.25 379.420074 386.579193 25142.11614 64.539 9633.0 92.112 22805.0 214.08 "" "" 0.003919111545370718 0.010750347 0.01087041 0.021620758 122.64823790178 -49.17440529695 382.64386 -8.297 4.366000000000001 0.9
122.34000159522 -48.62880357263 0.0156 0.0163 33.4564 "" "" 5514586589001787264 382.506195 2.5807 0.0179 -8.663 4.58 0.022 0.02 0.998 4198.6 4.4277 14.853843 1.55667 15.57573 14.01906 15.0 5.83 379.794312 385.692902 21548.13644 43.715 8037.6 85.089 19567.0 106.4 "" "" 0.003527527004330605 0.0118278125 0.0070100073 0.01883782 122.34000159522 -48.62880357263 382.506195 -8.663 4.58 0.8
121.83623554046 -48.6434830546 0.0151 0.0193 41.0172 "" "" 5514640808670375168 380.490906 2.5938 0.0193 -8.79 4.447 0.021 0.023 0.936 4119.5 4.3979 14.893558 1.60819 15.649248 14.041059 -1.33 18.08 378.081879 383.027435 20774.14505 24.197 7511.3 34.646 19175.0 59.866 "" "" 0.0030316781758201704 0.0057327896 0.0050768307 0.010809621 121.83623554046 -48.6434830546 380.490906 -8.79 4.447000000000001 0.8
122.68060832666 -49.02089102078 0.0168 0.019 12.1982 "" "" 5514375345330682624 386.607208 2.5501 0.0192 -8.677 4.233 0.022 0.025 1.015 4265.4 4.4604 14.938009 1.611182 15.696567 14.085384 20.02 7.36 383.26532 389.162598 19940.81745 15.712 7191.0 28.293 18408.0 40.858 "" "" 0.0028850728467098275 0.0051023117 0.0044823247 0.009584636 122.68060832666 -49.02089102078 386.607208 -8.677 4.232999999999999 1.0
122.99855391306 -48.78240366909 0.0164 0.0189 31.2194 "" "" 5515879992633563264 380.794495 2.5913 0.0189 -8.885 4.062 0.022 0.025 1.074 4068.6 4.3597 14.963898 1.668562 15.753409 14.084847 "" "" 377.713287 383.789246 19470.96558 41.564 6824.2 61.396 18417.0 122.57 "" "" 0.003600478645582765 0.010158836 0.008154556 0.018313393 122.99855391306 -48.78240366909 380.794495 -8.885 4.062000000000001 1.0
122.44565462767 -49.21736586537 0.0175 0.0176 2.7866 "" "" 5514366171280633856 381.030914 2.5913 0.0197 -8.766 3.817 0.022 0.023 1.029 4515.6 4.3965 14.972189 1.614926 15.688656 14.07373 "" "" 378.307617 383.695526 19322.85112 49.306 7243.6 90.941 18607.0 156.08 "" "" 0.003907335720028317 0.01391369 0.009860465 0.023774154 122.44565462767 -49.21736586537 381.030914 -8.765999999999998 3.817 1.0
123.30913000921 -49.14070442666 0.0186 0.0185 32.45 "" "" 5515815602482462592 381.579468 2.5901 0.0203 -8.872 4.277 0.024 0.023 1.061 4280.7 4.5023 15.047542 1.668331 15.8316 14.163269 13.28 10.82 378.961517 384.275818 18027.27286 17.049 6350.0 24.152 17134.0 44.216 "" "" 0.0029404324773572984 0.0049838047 0.0047046887 0.009688493 123.30913000921 -49.14070442666 381.579468 -8.872 4.277000000000001 1.0
122.76975534658 -49.05435522145 0.0204 0.0267 13.4592 "" "" 5514371703198446208 393.617981 2.5036 0.0245 -8.721 4.175 0.027 0.033 1.169 4697.5 4.2184 15.08301 1.999884 16.078215 14.078331 53.05 10.26 389.771606 397.009521 17447.89366 22.192 5059.8 25.677 18528.0 55.722 "" "" 0.003082013998560879 0.0061759907 0.004994585 0.011170575 122.76975534658 -49.05435522145 393.617981 -8.721 4.175 1.0
122.53716712473 -49.26148361066 0.0192 0.0188 5.4065 "" "" 5514362735306830848 384.081451 2.5724 0.0212 -8.898 4.489 0.025 0.028 1.001 4045.8 4.399 15.092893 1.695495 15.90044 14.204946 -22.14 12.51 381.082336 387.085236 17289.78502 57.687 5959.9 86.586 16488.0 147.22 "" "" 0.004551324391885387 0.016018553 0.010405098 0.026423652 122.53716712473 -49.26148361066 384.081451 -8.898 4.489 1.0
122.66367484065 -49.48461010473 0.0444 0.0521 19.6738 "" "" 5514345005682029184 387.866608 2.5302 0.0533 -8.981 4.411 0.061 0.064 3.007 6089.9 4.4587 15.123507 2.050538 16.143707 14.093169 14.46 10.26 380.82962 395.658295 16809.09244 15.553 4763.6 18.112 18276.0 31.184 "" "" 0.002932748795522582 0.0049826363 0.004209008 0.009191644 122.66367484065 -49.48461010473 387.866608 -8.981 4.411 1.0
121.51708037133 -48.8507643056 0.017 0.0206 42.829 "" "" 5514614248591980544 381.761963 2.5842 0.0198 -8.132 4.449 0.022 0.026 0.976 4132.4 4.4446 15.149795 1.722942 15.983465 14.260523 92.29 6.56 379.005249 384.997955 16406.98411 33.01 5521.2 40.278 15666.0 69.943 "" "" 0.0035161894010071887 0.008397686 0.00614664 0.014544327 121.51708037133 -48.8507643056 381.761963 -8.132 4.449 0.9
122.64878038543 -49.15022205777 0.0184 0.02 6.6768 "" "" 5514369607254394880 376.787659 2.6167 0.0211 -8.306 4.677 0.024 0.027 1.027 4155.2 4.4812 15.242824 1.792988 16.111307 14.318319 "" "" 373.702332 379.32666 15059.74074 27.725 4907.9 35.989 14854.0 70.711 "" "" 0.0034039913258263684 0.008436323 0.0064029316 0.014839254 122.64878038543 -49.15022205777 376.787659 -8.306 4.6770000000000005 0.8
122.31902392006 -49.15860645358 0.018 0.0196 6.5832 "" "" 5514554771884454272 380.38913 2.5942 0.0216 -8.592 4.395 0.024 0.025 1.003 4154.4 4.4327 15.271084 1.842365 16.171947 14.329582 -108.05 10.69 377.908203 383.612274 14672.80259 9.9575 4641.3 15.974 14700.0 30.363 "" "" 0.0028521384090425075 0.0046635424 0.0043946533 0.009058196 122.31902392006 -49.15860645358 380.38913 -8.592 4.394999999999999 0.8
