Clusters/NGC_2547/NGC_2547_members.tsv
# %ECSV 1.0
# ---
# datatype:
# - name: RA_ICRS_1
#   unit: deg
#   datatype: float64
#   format: '{:15.11f}'
#   description: Right ascension (ICRS) at Ep=2016.0 (ra)
#   meta: !!omap
#   - {ucd: POS_EQ_RA_MAIN}
#   - {width: 15}
#   - {precision: '11'}
# - name: DE_ICRS_1
#   unit: deg
#   datatype: float64
#   format: '{:15.11f}'
#   description: Declination (ICRS) at Ep=2016.0 (dec)
#   meta: !!omap
#   - {ucd: POS_EQ_DEC_MAIN}
#   - {width: 15}
#   - {precision: '11'}
# - name: e_RA_ICRS
#   unit: mas
#   datatype: float64
#   format: '{:7.4f}'
#   description: Standard error of right ascension (ra_error)
#   meta: !!omap
#   - {ucd: ERROR}
#   - {width: 7}
#   - {precision: '4'}
# - name: e_DE_ICRS
#   unit: mas
#   datatype: float64
#   format: '{:7.4f}'
#   description: Standard error of declination (dec_error)
#   meta: !!omap
#   - {ucd: ERROR}
#   - {width: 7}
#   - {precision: '4'}
# - name: _r_1
#   unit: ''
#   datatype: float64
#   format: '{:8.4f}'
#   description: Distance from center (122.48410733000-49.17830602000)[ICRS], at Epoch=J2016.0
#   meta: !!omap
#   - {ucd: POS_ANG_DIST_GENERAL}
#   - {width: 8}
#   - {precision: '4'}
# - name: HIP
#   datatype: int32
#   description: '? HIP cross-id number, van Leeuwen, Cat. I/311 (hip_original_ext_source_id)'
#   meta: !!omap
#   - {ucd: ID_NUMBER}
#   - {width: 6}
#   - values: {'null': -2147483648}
# - name: TYC2
#   datatype: string
#   description: Tycho-2 cross-id name, Hog et al., Cat. I/259 (tyc2_original_ext_source_id)
#   meta: !!omap
#   - {ucd: ID_CROSSID}
#   - {_votable_string_dtype: char}
# - name: Source
#   datatype: int64
#   description: Source identifier, identical to the Gaia-EDR3 source_id (id)
#   meta: !!omap
#   - {ucd: ID_MAIN}
#   - {width: 19}
# - name: rgeo
#   unit: pc
#   datatype: float64
#   format: '{:15.8f}'
#   description: '? Median of the geometric distance posterior (r_med_geo)'
#   meta: !!omap
#   - {ucd: PHYS_DISTANCE_TRUE}
#   - {width: 15}
#   - {precision: '8'}
#   - values: {'null': .nan}
# - name: Plx
#   unit: mas
#   datatype: float64
#   format: '{:9.4f}'
#   description: '? Parallax (parallax)'
#   meta: !!omap
#   - {ucd: POS_PARLX_TRIG}
#   - {width: 9}
#   - {precision: '4'}
#   - values: {'null': .nan}
# - name: e_Plx
#   unit: mas
#   datatype: float32
#   format: '{:7.4f}'
#   description: '? Standard error of parallax (parallax_error)'
#   meta: !!omap
#   - {ucd: ERROR}
#   - {width: 7}
#   - {precision: '4'}
#   - values: {'null': .nan}
# - name: pmRA
#   unit: mas / yr
#   datatype: float64
#   format: '{:9.3f}'
#   description: '? Proper motion in right ascension direction, pmRA*cosDE (pmra)'
#   meta: !!omap
#   - {ucd: POS_EQ_PMRA}
#   - {width: 9}
#   - {precision: '3'}
#   - values: {'null': .nan}
# - name: pmDE
#   unit: mas / yr
#   datatype: float64
#   format: '{:9.3f}'
#   description: '? Proper motion in declination direction (pmdec)'
#   meta: !!omap
#   - {ucd: POS_EQ_PMDEC}
#   - {width: 9}
#   - {precision: '3'}
#   - values: {'null': .nan}
# - name: e_pmRA
#   unit: mas / yr
#   datatype: float32
#   format: '{:6.3f}'
#   description: '? Standard error of proper motion in right ascension direction (pmra_error)'
#   meta: !!omap
#   - {ucd: ERROR}
#   - {width: 6}
#   - {precision: '3'}
#   - values: {'null': .nan}
# - name: e_pmDE
[...]
#         unit: &id001 !astropy.units.Unit {unit: deg}
#         value: !astropy.table.SerializedColumn {name: SkyCoord.dec}
#       distance: !astropy.table.SerializedColumn
#         __class__: astropy.coordinates.distances.Distance
#         unit: !astropy.units.Unit {unit: pc}
#         value: !astropy.table.SerializedColumn {name: SkyCoord.distance}
#       frame: icrs
#       obstime: !astropy.time.Time {format: jyear_str, in_subfmt: '*', jd1: 367701545.0, jd2: 0.0, out_subfmt: '*', precision: 3, scale: tt}
#       pm_dec: !astropy.table.SerializedColumn
#         __class__: astropy.units.quantity.Quantity
#         unit: !astropy.units.Unit {unit: mas / yr}
#         value: !astropy.table.SerializedColumn {name: SkyCoord.pm_dec}
#       pm_ra_cosdec: !astropy.table.SerializedColumn
#         __class__: astropy.units.quantity.Quantity
#         unit: !astropy.units.Unit {unit: mas / yr}
#         value: !astropy.table.SerializedColumn {name: SkyCoord.pm_ra_cosdec}
#       ra: !astropy.table.SerializedColumn
#         __class__: astropy.coordinates.angles.Longitude
#         unit: *id001
#         value: !astropy.table.SerializedColumn {name: SkyCoord.ra}
#         wrap_angle: !astropy.coordinates.Angle
#           unit: *id001
#           value: 360.0
#       representation_type: spherical
# schema: astropy-2.0
RA_ICRS_1 DE_ICRS_1 e_RA_ICRS e_DE_ICRS _r_1 HIP TYC2 Source rgeo Plx e_Plx pmRA pmDE e_pmRA e_pmDE RUWE Teff logg Gmag BP-RP BPmag RPmag RV e_RV b_rgeo B_rgeo FG e_FG FBP e_FBP FRP e_FRP RAVE5 RAVE6 e_Gmag e_BPmag e_RPmag e_BP-RP SkyCoord.ra SkyCoord.dec SkyCoord.distance SkyCoord.pm_ra_cosdec SkyCoord.pm_dec Pmemb
[from data line 120]
122.55722261167 -49.28645241765 0.0398 0.0429 7.093 "" "" 5514361910673123840 390.620544 2.5238 0.0464 -8.399 4.462 0.052 0.057 1.041 3528.9 4.4178 16.71931 2.474423 18.043991 15.569568 "" "" 385.094696 397.124817 3865.64701 6.0565 827.6 11.317 4691.7 24.954 "" "" 0.0032381244991593417 0.015106781 0.006901567 0.022008348 122.55722261167 -49.28645241765 390.620544 -8.399 4.462 1.0
122.55954542958 -49.47409603381 0.0373 0.0432 17.9909 "" "" 5514347788820872704 375.291138 2.6321 0.0442 -8.659 4.279 0.051 0.053 1.016 3510.2 4.4097 16.735744 2.549074 18.130339 15.581264 "" "" 369.917023 382.090668 3807.57736 3.7864 764.33 10.235 4641.4 12.888 "" "" 0.002959313428616885 0.014804198 0.0048345467 0.019638745 122.55954542958 -49.47409603381 375.291138 -8.658999999999999 4.279 0.8
122.45915602485 -49.45644764255 0.0388 0.0451 16.717 "" "" 5514347445223517824 395.198517 2.4914 0.0465 -9.047 4.262 0.054 0.058 1.062 3528.5 4.4067 16.743118 2.53988 18.130054 15.590175 "" "" 388.236145 401.952576 3781.8096 5.3 764.53 10.924 4603.5 17.467 "" "" 0.0031475476362730543 0.015762473 0.005590598 0.02135307 122.45915602485 -49.45644764255 395.198517 -9.046999999999999 4.262 0.9
122.72319998309 -49.58259779499 0.0382 0.0476 25.9933 "" "" 5514296627169047808 374.268585 2.6443 0.0467 -8.804 4.116 0.051 0.055 1.042 3518.8 4.4599 16.758574 2.510694 18.114607 15.603913 "" "" 365.966858 381.676941 3728.35721 3.8129 775.49 8.748 4545.6 17.926 "" "" 0.0029706362314745644 0.012561562 0.0057111033 0.018272664 122.72319998309 -49.58259779499 374.268585 -8.804 4.1160000000000005 0.8
122.8848956837 -48.80028253016 0.0399 0.047 27.6305 "" "" 5516067356286460288 378.704895 2.6055 0.0468 -8.695 4.1 0.052 0.059 0.955 3537.9 4.4178 16.768616 2.468298 18.097252 15.628954 "" "" 372.4953 386.163635 3694.02858 3.6049 787.98 7.7003 4442.0 12.466 "" "" 0.0029520186231926267 0.010970774 0.0048546838 0.015825458 122.8848956837 -48.80028253016 378.704895 -8.695 4.1 0.8
123.07861551249 -48.82800124531 0.0474 0.0557 31.4538 "" "" 5515881848059510528 376.422974 2.6341 0.0563 -8.754 4.382 0.062 0.064 1.184 3369.5 4.0377 16.77985 2.998237 18.50193 15.503694 "" "" 368.510956 384.049072 3656.00629 4.8419 542.81 6.8125 4985.2 11.392 "" "" 0.0031079556796542703 0.013909183 0.0045210076 0.018430192 123.07861551249 -48.82800124531 376.422974 -8.753999999999998 4.381999999999999 0.8
123.00604657134 -49.60214718169 0.0439 0.0545 32.5914 "" "" 5514297864119705984 380.637024 2.5896 0.0525 -8.656 4.46 0.059 0.062 1.047 3431.4 4.1429 16.80797 2.772649 18.355818 15.583169 "" "" 372.068146 389.165009 3562.53395 3.446 621.0 8.2418 4633.3 14.824 "" "" 0.0029486866510983335 0.014677341 0.005133294 0.019810636 123.00604657134 -49.60214718169 380.637024 -8.656000000000002 4.46 0.9
121.85315527263 -49.51405915472 0.0404 0.0489 31.845 "" "" 5514520029892692992 379.47644 2.6044 0.0486 -8.431 4.455 0.056 0.059 1.06 3524.1 4.4268 16.811407 2.542338 18.199844 15.657506 "" "" 372.021698 385.186371 3551.2729 2.7796 716.93 8.6407 4326.7 10.533 "" "" 0.0028833953593499933 0.013379845 0.00461193 0.017991774 121.85315527263 -49.51405915472 379.47644 -8.431 4.455000000000001 0.9
122.32136367671 -49.42436900224 0.0444 0.0444 16.0783 "" "" 5514359883448845696 363.164459 2.7179 0.0509 -8.014 4.082 0.064 0.058 1.059 3466.0 4.4167 16.87055 2.623847 18.32168 15.697833 "" "" 356.435608 368.642517 3362.99593 5.908 640.83 8.729 4168.9 22.964 "" "" 0.0033511055568685947 0.015050141 0.00707476 0.022124901 122.32136367671 -49.42436900224 363.164459 -8.014 4.082000000000001 0.9
122.41350706846 -49.48039431245 0.0427 0.0469 18.3343 "" "" 5514347032906681728 385.725739 2.5543 0.0498 -8.493 4.31 0.061 0.062 1.062 3469.7 4.4067 16.891142 2.58842 18.30849 15.720071 "" "" 379.228699 394.010284 3299.81969 3.7582 648.66 8.5805 4084.4 14.19 "" "" 0.003020076368830067 0.014630676 0.0053396774 0.019970354 122.41350706846 -49.48039431245 385.725739 -8.493000000000002 4.309999999999999 0.8
122.06059713728 -49.15906978154 0.0433 0.0464 16.6543 "" "" 5514534293479431296 381.023376 2.5915 0.0506 -8.75 4.155 0.057 0.057 1.017 3523.9 4.6329 16.913374 2.625519 18.360975 15.735456 "" "" 374.14386 389.171936 3232.93756 4.0166 618.05 7.6983 4026.9 12.432 "" "" 0.003067795551681907 0.013808529 0.0050516473 0.018860176 122.06059713728 -49.15906978154 381.023376 -8.75 4.154999999999999 1.0
122.58451681232 -49.04036795246 0.0448 0.0457 9.1679 "" "" 5514374005300863872 382.640289 2.5873 0.0491 -8.95 4.049 0.058 0.056 1.033 3445.0 4.408 16.915558 2.689986 18.418201 15.728215 "" "" 375.760956 389.138824 3226.44152 2.807 586.32 14.992 4053.9 12.349 "" "" 0.002912737177091497 0.027901756 0.0050221947 0.03292395 122.58451681232 -49.04036795246 382.640289 -8.95 4.049000000000001 1.0
122.37536648796 -48.9187968367 0.0438 0.0435 16.1471 "" "" 5514566690412520448 378.481415 2.6237 0.0485 -8.388 4.581 0.059 0.053 1.028 "" "" 16.948679 2.878376 18.59011 15.711735 "" "" 371.357849 386.255585 3129.50392 2.9407 500.46 7.3602 4115.9 9.958 "" "" 0.0029381398120736217 0.016209722 0.0046026027 0.020812325 122.37536648796 -48.9187968367 378.481415 -8.388000000000002 4.581000000000001 0.9
122.98647733537 -49.31250890419 0.0424 0.0534 21.2612 "" "" 5514352839702295424 371.095001 2.6629 0.0529 -8.747 4.324 0.056 0.059 1.014 3448.1 4.4113 16.957123 2.645744 18.420235 15.77449 "" "" 364.630707 378.330811 3105.25555 2.5139 585.22 11.025 3884.7 11.994 "" "" 0.002892123935041016 0.020643685 0.0050518336 0.025695518 122.98647733537 -49.31250890419 371.095001 -8.747 4.324000000000001 0.8
122.83614591764 -48.82293199173 0.045 0.0523 25.4297 "" "" 5516065840159179264 386.908264 2.5618 0.0529 -8.807 4.279 0.059 0.068 1.042 3507.6 4.431 16.96414 2.566894 18.366467 15.799573 "" "" 379.464874 394.209534 3085.25392 3.4173 614.94 9.067 3796.0 12.787 "" "" 0.0030063274617207376 0.01625 0.0052592726 0.021509271 122.83614591764 -48.82293199173 386.908264 -8.807000000000002 4.279 0.9
122.58333097186 -48.83082941559 0.048 0.0539 21.2112 "" "" 5514568447060149760 366.153259 2.6838 0.0546 -8.675 4.139 0.061 0.068 1.053 3359.9 4.0296 16.986254 2.93285 18.657906 15.725056 "" "" 358.106873 373.247864 3023.04966 3.1522 470.17 14.06 4065.7 16.536 "" "" 0.0029788398669726352 0.032587606 0.0058123935 0.0384 122.58333097186 -48.83082941559 366.153259 -8.674999999999999 4.139 0.8
122.5245701623 -49.73319765164 0.0443 0.0519 33.3309 "" "" 5514293874091434368 398.198792 2.4835 0.0541 -8.5 3.791 0.055 0.062 1.051 3439.1 4.4069 16.999798 2.660178 18.46547 15.805291 "" "" 389.271912 406.46524 2985.57407 4.0523 561.34 6.9276 3776.1 14.454 "" "" 0.0031246553078088436 0.013686689 0.0056174314 0.019304119 122.5245701623 -49.73319765164 398.198792 -8.5 3.7910000000000013 0.9
