Clusters/NGC_2547/NGC_2547_stars_in_region.tsv
# %ECSV 1.0
# ---
# datatype:
# - name: RA_ICRS_1
#   unit: deg
#   datatype: float64
#   format: '{:15.11f}'
#   description: Right ascension (ICRS) at Ep=2016.0 (ra)
#   meta: !!omap
#   - {ucd: POS_EQ_RA_MAIN}
#   - {width: 15}
#   - {precision: '11'}
# - name: DE_ICRS_1
#   unit: deg
#   datatype: float64
#   format: '{:15.11f}'
#   description: Declination (ICRS) at Ep=2016.0 (dec)
#   meta: !!omap
#   - {ucd: POS_EQ_DEC_MAIN}
#   - {width: 15}
#   - {precision: '11'}
# - name: e_RA_ICRS
#   unit: mas
#   datatype: float64
#   format: '{:7.4f}'
#   description: Standard error of right ascension (ra_error)
#   meta: !!omap
#   - {ucd: ERROR}
#   - {width: 7}
#   - {precision: '4'}
# - name: e_DE_ICRS
#   unit: mas
#   datatype: float64
#   format: '{:7.4f}'
#   description: Standard error of declination (dec_error)
#   meta: !!omap
#   - {ucd: ERROR}
#   - {width: 7}
#   - {precision: '4'}
# - name: _r_1
#   unit: ''
#   datatype: float64
#   format: '{:8.4f}'
#   description: Distance from center (122.48410733000-49.17830602000)[ICRS], at Epoch=J2016.0
#   meta: !!omap
#   - {ucd: POS_ANG_DIST_GENERAL}
#   - {width: 8}
#   - {precision: '4'}
# - name: HIP
#   datatype: int32
#   description: '? HIP cross-id number, van Leeuwen, Cat. I/311 (hip_original_ext_source_id)'
#   meta: !!omap
#   - {ucd: ID_NUMBER}
#   - {width: 6}
#   - values: {'null': -2147483648}
# - name: TYC2
#   datatype: string
#   description: Tycho-2 cross-id name, Hog et al., Cat. I/259 (tyc2_original_ext_source_id)
#   meta: !!omap
#   - {ucd: ID_CROSSID}
#   - {_votable_string_dtype: char}
# - name: Source
#   datatype: int64
#   description: Source identifier, identical to the Gaia-EDR3 source_id (id)
#   meta: !!omap
#   - {ucd: ID_MAIN}
#   - {width: 19}
# - name: rgeo
#   unit: pc
#   datatype: float64
#   format: '{:15.8f}'
#   description: '? Median of the geometric distance posterior (r_med_geo)'
#   meta: !!omap
#   - {ucd: PHYS_DISTANCE_TRUE}
#   - {width: 15}
#   - {precision: '8'}
#   - values: {'null': .nan}
# - name: Plx
#   unit: mas
#   datatype: float64
#   format: '{:9.4f}'
#   description: '? Parallax (parallax)'
#   meta: !!omap
#   - {ucd: POS_PARLX_TRIG}
#   - {width: 9}
#   - {precision: '4'}
#   - values: {'null': .nan}
# - name: e_Plx
#   unit: mas
#   datatype: float32
#   format: '{:7.4f}'
#   description: '? Standard error of parallax (parallax_error)'
#   meta: !!omap
#   - {ucd: ERROR}
#   - {width: 7}
#   - {precision: '4'}
#   - values: {'null': .nan}
# - name: pmRA
#   unit: mas / yr
#   datatype: float64
#   format: '{:9.3f}'
#   description: '? Proper motion in right ascension direction, pmRA*cosDE (pmra)'
#   meta: !!omap
#   - {ucd: POS_EQ_PMRA}
#   - {width: 9}
#   - {precision: '3'}
#   - values: {'null': .nan}
# - name: pmDE
#   unit: mas / yr
#   datatype: float64
#   format: '{:9.3f}'
#   description: '? Proper motion in declination direction (pmdec)'
#   meta: !!omap
#   - {ucd: POS_EQ_PMDEC}
#   - {width: 9}
#   - {precision: '3'}
#   - values: {'null': .nan}
# - name: e_pmRA
#   unit: mas / yr
#   datatype: float32
#   format: '{:6.3f}'
#   description: '? Standard error of proper motion in right ascension direction (pmra_error)'
#   meta: !!omap
#   - {ucd: ERROR}
#   - {width: 6}
#   - {precision: '3'}
#   - values: {'null': .nan}
# - name: e_pmDE
[...]
#         unit: &id001 !astropy.units.Unit {unit: deg}
#         value: !astropy.table.SerializedColumn {name: SkyCoord.dec}
#       distance: !astropy.table.SerializedColumn
#         __class__: astropy.coordinates.distances.Distance
#         unit: !astropy.units.Unit {unit: pc}
#         value: !astropy.table.SerializedColumn {name: SkyCoord.distance}
#       frame: icrs
#       obstime: !astropy.time.Time {format: jyear_str, in_subfmt: '*', jd1: 367701545.0, jd2: 0.0, out_subfmt: '*', precision: 3, scale: tt}
#       pm_dec: !astropy.table.SerializedColumn
#         __class__: astropy.units.quantity.Quantity
#         unit: !astropy.units.Unit {unit: mas / yr}
#         value: !astropy.table.SerializedColumn {name: SkyCoord.pm_dec}
#       pm_ra_cosdec: !astropy.table.SerializedColumn
#         __class__: astropy.units.quantity.Quantity
#         unit: !astropy.units.Unit {unit: mas / yr}
#         value: !astropy.table.SerializedColumn {name: SkyCoord.pm_ra_cosdec}
#       ra: !astropy.table.SerializedColumn
#         __class__: astropy.coordinates.angles.Longitude
#         unit: *id001
#         value: !astropy.table.SerializedColumn {name: SkyCoord.ra}
#         wrap_angle: !astropy.coordinates.Angle
#           unit: *id001
#           value: 360.0
#       representation_type: spherical
# schema: astropy-2.0
RA_ICRS_1 DE_ICRS_1 e_RA_ICRS e_DE_ICRS _r_1 HIP TYC2 Source rgeo Plx e_Plx pmRA pmDE e_pmRA e_pmDE RUWE Teff logg Gmag BP-RP BPmag RPmag RV e_RV b_rgeo B_rgeo FG e_FG FBP e_FBP FRP e_FRP RAVE5 RAVE6 e_Gmag e_BPmag e_RPmag e_BP-RP SkyCoord.ra SkyCoord.dec SkyCoord.distance SkyCoord.pm_ra_cosdec SkyCoord.pm_dec
[from data line 1268]
123.91372966909 -49.69125629545 0.3279 0.3498 63.7077 "" "" 5515023747951872896 409.282349 2.5974 0.3663 11.354 -7.605 0.423 0.477 16.386 5756.4 4.4604 15.507559 1.402054 16.068165 14.666111 "" "" 349.938324 469.840363 11801.11956 36.13 5106.8 12.262 10782.0 13.741 "" "" 0.00431754278149563 0.0038185553 0.0040247194 0.007843275 123.91372966909 -49.69125629545 409.282349 11.354 -7.605000000000001
124.65733696089 -49.17507478766 0.0217 0.0258 85.2394 "" "" 5515151944137241728 389.954742 2.532 0.0256 -5.81 -30.09 0.028 0.031 1.008 4515.7 4.6148 15.508872 1.634613 16.282639 14.648025 "" "" 385.887146 393.967621 11786.85566 4.1487 4191.4 12.994 10963.0 16.559 "" "" 0.0027816957211951386 0.004372035 0.0041198474 0.008491883 124.65733696089 -49.17507478766 389.954742 -5.809999999999999 -30.09
120.21794923394 -49.69521588415 0.0206 0.0214 93.6963 "" "" 5514470831041771904 393.816101 2.5011 0.0223 -5.374 8.306 0.029 0.026 1.02 3790.0 4.213 15.510468 2.196829 16.642172 14.445343 -84.06 11.2 389.647644 397.36615 11769.53778 15.617 3009.9 20.565 13214.0 43.26 "" "" 0.0031092281888533903 0.007925614 0.0051882635 0.013113877 120.21794923394 -49.69521588415 393.816101 -5.374 8.305999999999997
122.43976408384 -49.293449008 0.0212 0.0221 7.1237 "" "" 5514362357349925248 383.128906 2.5692 0.0235 -8.534 4.453 0.029 0.03 1.007 4073.9 4.4032 15.513053 2.009591 16.516903 14.507312 "" "" 379.398651 386.514679 11741.556 13.104 3378.0 21.784 12481.0 36.643 "" "" 0.0030099927726373404 0.0075371466 0.00494415 0.012481296 122.43976408384 -49.293449008 383.128906 -8.534 4.453000000000001
121.38953042583 -49.54517000384 0.0226 0.0286 48.1036 "" "" 5514440422672679040 353.613831 2.7891 0.0292 -6.035 9.364 0.03 0.032 1.071 3615.4 4.0427 15.516616 2.319973 16.734713 14.41474 -20.3 11.71 350.28421 356.930847 11703.08928 26.863 2764.0 40.192 13591.0 81.961 "" "" 0.0037152011300838838 0.01603261 0.007560053 0.023592662 121.38953042583 -49.54517000384 353.613831 -6.035 9.363999999999999
121.72255574338 -47.9902092182 0.0211 0.0234 77.4284 "" "" 5517679377771371904 372.662201 2.6351 0.0249 -5.358 8.393 0.029 0.03 1.028 "" "" 15.517923 2.492997 16.857065 14.364068 "" "" 369.058502 376.172943 11689.00478 17.648 2469.4 21.612 14241.0 61.911 "" "" 0.0032060713808524546 0.009903453 0.006046744 0.015950197 121.72255574338 -47.9902092182 372.662201 -5.358 8.393
121.4646096738 -50.12746290657 0.0222 0.0269 69.3641 "" "" 5514220756566144000 400.094238 2.468 0.0261 0.134 -3.169 0.03 0.034 1.06 4460.3 4.6576 15.520108 1.599593 16.274897 14.675303 "" "" 396.238708 404.323669 11665.50246 3.8415 4221.4 10.84 10691.0 13.806 "" "" 0.002778420869096644 0.0039443816 0.004031075 0.007975457 121.4646096738 -50.12746290657 400.094238 0.13400000000000045 -3.169000000000001
120.18084683221 -48.92683820695 0.0359 0.0406 91.8131 "" "" 5517554754999794560 425.638031 2.3145 0.0414 -5.458 8.413 0.045 0.046 2.051 6008.4 4.4309 15.522306 2.170373 16.53352 14.363147 -8.01 7.93 418.842865 434.054108 11641.90434 14.501 3326.7 37.645 14253.0 92.126 "" "" 0.0030693186430672315 0.012599049 0.007970763 0.020569813 120.18084683221 -48.92683820695 425.638031 -5.458 8.413
120.48827187773 -48.56715476868 0.0523 0.0596 86.8775 "" "" 5517591653058760064 459.287903 2.1365 0.0609 -4.815 8.86 0.071 0.072 3.007 "" "" 15.53612 2.509712 16.870293 14.36058 "" "" 447.566589 471.659637 11494.7295 17.722 2439.5 18.759 14287.0 62.242 "" "" 0.003223948506872798 0.008802866 0.0060545197 0.014857385 120.48827187773 -48.56715476868 459.287903 -4.8149999999999995 8.86
122.03666791066 -47.54263476781 0.0253 0.0289 99.7477 "" "" 5519234843129563520 337.515503 2.9189 0.0295 -6.272 9.805 0.033 0.035 1.085 3592.5 4.0252 15.537679 2.372714 16.784582 14.411868 "" "" 334.066711 341.553345 11478.24016 26.884 2639.9 31.998 13627.0 104.01 "" "" 0.0037494713586589735 0.013452645 0.009108165 0.02256081 122.03666791066 -47.54263476781 337.515503 -6.272 9.805
121.88543518199 -47.57827871467 0.0232 0.0268 98.921 "" "" 5519233846697023872 396.379578 2.479 0.0285 -6.256 8.571 0.032 0.032 1.029 "" "" 15.538338 2.365716 16.790367 14.424651 "" "" 391.376038 401.517212 11471.27589 11.674 2625.9 14.821 13468.0 36.353 "" "" 0.0029686100520947946 0.0067333705 0.0047825035 0.011515874 121.88543518199 -47.57827871467 396.379578 -6.2559999999999985 8.570999999999998
122.58005383804 -48.06756084624 0.0221 0.0255 66.7532 "" "" 5516162326604603264 450.477478 2.1807 0.0248 -0.824 9.271 0.03 0.033 1.091 4438.5 4.6334 15.542095 1.639792 16.321552 14.681761 "" "" 446.095154 457.253387 11431.64256 4.0215 4043.9 11.174 10628.0 12.475 "" "" 0.0027816673698794385 0.0040970133 0.003988468 0.008085482 122.58005383804 -48.06756084624 450.477478 -0.8239999999999994 9.271
120.81999688461 -49.99549486521 0.0219 0.0223 81.2004 "" "" 5514403382875471744 405.197693 2.4403 0.024 -5.208 8.256 0.029 0.028 1.003 "" "" 15.545383 2.153065 16.651678 14.498613 "" "" 401.143158 408.18869 11397.08186 12.749 2983.6 14.739 12581.0 46.071 "" "" 0.0030111230870896043 0.0060458775 0.0054855812 0.011531459 120.81999688461 -49.99549486521 405.197693 -5.208000000000001 8.256
121.39699933691 -50.07796352263 0.0231 0.0249 68.5466 "" "" 5514221654218347520 461.838654 2.1326 0.0253 8.041 -23.276 0.033 0.033 1.015 4621.6 4.6404 15.546623 1.499921 16.233349 14.733428 "" "" 456.496979 467.061096 11384.07226 3.7418 4386.1 12.83 10134.0 18.627 "" "" 0.0027783347467355943 0.004227487 0.004273919 0.008501406 121.39699933691 -50.07796352263 461.838654 8.041 -23.276000000000003
122.59654450395 -49.20237510108 0.0229 0.0245 4.6395 "" "" 5514368988779218048 387.790314 2.5482 0.026 -8.272 3.994 0.029 0.033 1.133 3637.7 4.1794 15.546644 1.932171 16.50136 14.569189 "" "" 384.362427 391.823517 11383.85038 24.682 3426.7 34.484 11789.0 74.832 "" "" 0.0036239943789878686 0.01127675 0.007860094 0.019136844 122.59654450395 -49.20237510108 387.790314 -8.272 3.994
119.83203326678 -49.05964852285 0.0225 0.0244 104.3831 "" "" 5517549704117175296 391.240875 2.5186 0.026 -5.586 8.14 0.031 0.035 0.931 3685.7 4.0679 15.546874 2.509895 16.906889 14.396994 37.65 7.71 386.679565 395.223724 11381.43589 15.695 2358.6 17.393 13815.0 46.972 "" "" 0.0031358391838134997 0.008478774 0.0052831336 0.013761908 119.83203326678 -49.05964852285 391.240875 -5.586 8.14
124.8339083481 -49.99609941226 0.1439 0.1547 103.7323 "" "" 5514791128223232768 448.164276 2.2579 0.1581 -6.651 -0.922 0.191 0.216 8.282 "" "" 15.54781 2.088036 16.358158 14.270122 "" "" 422.240234 478.005157 11371.63251 16.309 3909.8 13.539 15528.0 16.31 "" "" 0.0031648834821334563 0.0046819435 0.003947692 0.008629635 124.8339083481 -49.99609941226 448.164276 -6.650999999999999 -0.9220000000000004
120.96047733259 -49.44350502417 0.0253 0.0246 61.6865 "" "" 5514489041702182400 448.054352 2.1881 0.0268 -8.835 0.977 0.033 0.034 1.057 4499.7 4.6707 15.54979 1.557104 16.265265 14.70816 "" "" 443.302704 454.551666 11350.90369 4.7745 4259.0 16.855 10373.0 25.381 "" "" 0.002792911631516284 0.0051232376 0.0046196682 0.009742906 120.96047733259 -49.44350502417 448.054352 -8.834999999999999 0.9770000000000004
121.13725576127 -49.41437138549 0.0223 0.0279 54.57 "" "" 5514491137646320000 397.02298 2.4796 0.0274 -5.349 8.454 0.029 0.034 1.06 "" "" 15.556736 2.184883 16.6784 14.493517 "" "" 393.178375 401.015442 11278.52658 15.066 2911.1 23.366 12640.0 40.94 "" "" 0.003113723825621203 0.009150449 0.0051623946 0.014312844 121.13725576127 -49.41437138549 397.02298 -5.348999999999999 8.454
122.32268830306 -47.6949983019 0.0218 0.0269 89.2301 "" "" 5519188285681982976 410.733704 2.3978 0.0278 -6.478 13.685 0.032 0.031 0.994 "" "" 15.560395 1.96291 16.53958 14.57667 "" "" 406.508881 415.159393 11240.57644 5.4075 3308.1 18.634 11708.0 17.147 "" "" 0.002804389778158138 0.0067221867 0.004100269 0.010822456 122.32268830306 -47.6949983019 410.733704 -6.477999999999999 13.684999999999999
123.13485455955 -47.64913637617 0.0236 0.0278 95.339 "" "" 5516197820204532352 365.821136 2.702 0.0277 -6.379 8.953 0.031 0.032 1.177 3726.8 4.2122 15.561303 2.319089 16.728157 14.409068 "" "" 362.70166 369.750488 11231.18626 24.019 2780.7 41.423 13663.0 85.479 "" "" 0.0036032290083419737 0.016412692 0.0077732545 0.024185946 123.13485455955 -47.64913637617 365.821136 -6.3790000000000004 8.953
123.9039211893 -48.15879239421 0.0228 0.024 83.1056 "" "" 5516017328509167872 321.745544 3.0605 0.0264 -25.666 38.09 0.03 0.029 1.05 4207.1 4.6648 15.568398 1.854689 16.481441 14.626753 "" "" 319.597107 324.47049 11158.02468 3.1151 3490.1 10.491 11180.0 11.605 "" "" 0.002771943137766552 0.004293768 0.0039438405 0.008237609 123.9039211893 -48.15879239421 321.745544 -25.666 38.089999999999996
120.26881691077 -49.83040330241 0.0208 0.0218 94.764 "" "" 5514453101416313856 426.183777 2.3075 0.0226 -18.331 44.724 0.028 0.026 1.027 4162.1 4.4599 15.571125 1.921263 16.514357 14.593094 "" "" 422.310394 430.471924 11130.03958 3.6963 3385.9 13.181 11532.0 15.242 "" "" 0.0027788132802758934 0.005064564 0.0040426534 0.009107217 120.26881691077 -49.83040330241 426.183777 -18.331 44.724
123.20932546597 -50.59856688996 0.0237 0.0247 89.7074 "" "" 5513445261570049152 382.331146 2.576 0.0263 -8.859 8.451 0.031 0.034 1.009 4375.6 4.6081 15.572566 1.711733 16.39757 14.685837 "" "" 378.52533 386.444031 11115.27879 4.447 3770.4 9.6451 10588.0 13.611 "" "" 0.002789350544810335 0.0039369003 0.0040288684 0.007965769 123.20932546597 -50.59856688996 382.331146 -8.859000000000002 8.451000000000002
120.42982752528 -48.22401716068 0.0262 0.0279 99.4722 "" "" 5517612513718514304 414.644958 2.3734 0.0291 0.805 18.129 0.035 0.033 1.315 4385.7 4.6236 15.573733 1.692309 16.384583 14.692273 "" "" 409.257538 418.769989 11103.33219 4.1854 3815.8 12.838 10526.0 15.104 "" "" 0.002785550180205748 0.0045965877 0.0040879003 0.008684488 120.42982752528 -48.22401716068 414.644958 0.8049999999999988 18.129
120.98605116231 -47.91189674187 0.021 0.0244 96.5078 "" "" 5517716864246332672 368.001465 2.6776 0.0248 -6.204 8.857 0.028 0.031 0.972 3634.2 4.049 15.576529 2.234731 16.735243 14.500512 "" "" 364.938232 371.259033 11074.77656 26.91 2762.6 25.464 12559.0 80.553 "" "" 0.003814674032391568 0.010389344 0.007923338 0.018312681 120.98605116231 -47.91189674187 368.001465 -6.204000000000001 8.857000000000001
123.59121684321 -50.72977058876 0.029 0.03 102.4273 "" "" 5513428695874202624 424.504089 2.32 0.0312 -11.562 2.805 0.036 0.039 1.211 4909.4 4.6119 15.580991 1.78039 16.446156 14.665766 "" "" 419.195557 429.32843 11029.35964 4.1138 3605.4 10.555 10786.0 14.812 "" "" 0.0027849211491107052 0.0042294483 0.004062857 0.008292305 123.59121684321 -50.72977058876 424.504089 -11.561999999999998 2.8050000000000006
121.48154369089 -48.88122352433 0.0211 0.0267 43.2813 "" "" 5514614042433547648 374.241364 2.6361 0.0248 -8.431 4.667 0.028 0.034 0.976 3653.8 4.2016 15.583947 1.944165 16.551466 14.607301 "" "" 370.941406 377.218201 10999.37278 14.143 3272.1 23.674 11383.0 45.503 "" "" 0.0030888051904753287 0.0083362255 0.005755074 0.0140913 121.48154369089 -48.88122352433 374.241364 -8.431000000000001 4.667
123.76873242893 -50.34219892273 0.0232 0.0239 85.7635 "" "" 5513443612302798720 458.279205 2.1443 0.0258 -5.608 -16.692 0.03 0.029 1.059 4608.1 4.6162 15.584177 1.496082 16.27484 14.778757 "" "" 452.767273 463.514374 10997.04432 3.337 4221.6 9.4946 9719.8 12.662 "" "" 0.002774947604901642 0.0037078045 0.0040353723 0.007743177 123.76873242893 -50.34219892273 458.279205 -5.608 -16.692
119.96303253087 -49.4433448646 0.0206 0.0233 99.8866 "" "" 5517478923056391936 414.443237 2.3788 0.023 -5.078 8.152 0.027 0.028 1.02 4029.5 4.3182 15.584458 2.117879 16.663082 14.545203 "" "" 411.083588 418.558105 10994.19098 28.815 2952.5 28.867 12052.0 81.826 "" "" 0.00396099044289475 0.010975956 0.0082838945 0.019259851 119.96303253087 -49.4433448646 414.443237 -5.078000000000001 8.152
124.15285066069 -50.0108787093 0.0258 0.027 81.8956 "" "" 5514966191089575168 413.47998 2.3817 0.0297 -25.272 44.547 0.035 0.036 0.938 4427.3 4.5474 15.584771 1.753474 16.435299 14.681825 "" "" 409.367371 417.930145 10991.02839 4.1103 3641.6 10.921 10627.0 17.402 "" "" 0.002785076444999784 0.004288015 0.00417669 0.008464705 124.15285066069 -50.0108787093 413.47998 -25.272 44.547000000000004
120.94647605869 -49.22649700837 0.0518 0.0653 60.3485 "" "" 5514509417023949696 454.600311 2.1512 0.0669 -5.715 8.022 0.068 0.085 1.257 "" "" 15.585052 "" "" "" "" "" 442.910614 466.6427 10988.18856 36.258 "" "" "" "" "" "" 0.0045196272485949745 "" "" "" 120.94647605869 -49.22649700837 454.600311 -5.714999999999999 8.022000000000002
122.70843397606 -48.49898134455 0.0216 0.0226 41.711 "" "" 5516086460300784768 414.928192 2.3749 0.024 -4.999 8.209 0.029 0.03 0.999 4385.0 4.6601 15.58736 1.602044 16.342892 14.740848 "" "" 411.294373 419.083282 10964.84453 3.6452 3965.2 13.909 10065.0 10.764 "" "" 0.0027788616366410794 0.004721207 0.003953729 0.008674936 122.70843397606 -48.49898134455 414.928192 -4.999 8.209
121.19914679177 -47.63317976301 0.0233 0.0272 105.8933 "" "" 5517932093646934272 370.983093 2.6519 0.0274 -5.493 8.521 0.034 0.043 1.006 3691.1 4.1382 15.588722 2.241103 16.75281 14.511706 "" "" 367.290894 374.888336 10951.09917 17.052 2718.3 18.006 12430.0 48.148 "" "" 0.003232635403520773 0.007714182 0.005654298 0.01336848 121.19914679177 -47.63317976301 370.983093 -5.493 8.521
123.18556453362 -48.21935910593 0.0235 0.0247 63.8908 "" "" 5516118895894527744 335.935181 2.9463 0.0271 -10.469 9.846 0.03 0.03 0.97 "" "" 15.590198 1.788693 16.462582 14.673889 "" "" 333.008179 339.305115 10936.23151 4.2626 3551.3 13.191 10705.0 14.449 "" "" 0.002787629047335645 0.0049039903 0.004053556 0.008957546 123.18556453362 -48.21935910593 335.935181 -10.468999999999998 9.846
121.83674806651 -48.26660055434 0.0252 0.0291 60.4058 "" "" 5517658383971075328 338.905029 2.9032 0.0301 -6.076 9.869 0.033 0.034 1.117 3472.6 3.9602 15.591063 2.728842 17.10938 14.380539 "" "" 335.218994 341.857849 10927.52736 12.07 1957.3 10.911 14026.0 37.218 "" "" 0.00300499410966321 0.006664626 0.004752252 0.011416878 121.83674806651 -48.26660055434 338.905029 -6.0760000000000005 9.869
121.5230917738 -48.25103506551 0.022 0.0259 67.3992 "" "" 5517666836466540800 327.574066 3.018 0.0263 1.446 -4.27 0.028 0.033 1.066 4193.3 4.6513 15.592022 1.786832 16.459757 14.672925 "" "" 324.669891 330.588928 10917.87037 4.6328 3560.5 10.559 10715.0 14.914 "" "" 0.002793572151167684 0.0042605754 0.0040703192 0.008330895 121.5230917738 -48.25103506551 327.574066 1.446 -4.27
122.14661234117 -49.08815314283 0.0451 0.0511 14.311 "" "" 5514558310937453440 375.469177 2.6209 0.0525 -5.729 7.979 0.059 0.069 2.21 "" "" 15.593109 2.651457 17.043386 14.39193 "" "" 368.101593 383.321014 10906.94723 13.573 2080.0 14.032 13880.0 40.746 "" "" 0.003068768497678635 0.007837983 0.004943932 0.012781914 122.14661234117 -49.08815314283 375.469177 -5.729 7.978999999999999
123.82550862789 -49.60832050916 0.0571 0.0577 58.3921 "" "" 5515036632848024704 376.394775 2.6045 0.0622 -5.003 8.04 0.075 0.074 1.641 "" "" 15.594773 2.307556 16.612408 14.304852 "" "" 369.263275 385.733032 10890.23782 12.188 3093.5 25.889 15039.0 53.358 "" "" 0.0030113630523933553 0.009505093 0.005396564 0.014901657 123.82550862789 -49.60832050916 376.394775 -5.003 8.04
121.67340146734 -48.81474054465 0.0208 0.027 38.6569 "" "" 5514604181188668928 375.625702 2.6321 0.0254 -9.85 4.688 0.027 0.033 1.026 4301.1 4.6522 15.595478 1.695334 16.40872 14.713386 "" "" 372.630463 379.462891 10883.17625 4.4239 3731.9 11.271 10323.0 13.06 "" "" 0.002790442795263616 0.0043055373 0.004021258 0.008326795 121.67340146734 -48.81474054465 375.625702 -9.850000000000001 4.688000000000001
