Clusters/UBC_148/UBC_148_members.tsv
# %ECSV 1.0
# ---
# datatype:
# - name: RA_ICRS_1
#   unit: deg
#   datatype: float64
#   format: '{:15.11f}'
#   description: Right ascension (ICRS) at Ep=2016.0 (ra)
#   meta: !!omap
#   - {ucd: POS_EQ_RA_MAIN}
#   - {width: 15}
#   - {precision: '11'}
# - name: DE_ICRS_1
#   unit: deg
#   datatype: float64
#   format: '{:15.11f}'
#   description: Declination (ICRS) at Ep=2016.0 (dec)
#   meta: !!omap
#   - {ucd: POS_EQ_DEC_MAIN}
#   - {width: 15}
#   - {precision: '11'}
# - name: e_RA_ICRS
#   unit: mas
#   datatype: float64
#   format: '{:7.4f}'
#   description: Standard error of right ascension (ra_error)
#   meta: !!omap
#   - {ucd: ERROR}
#   - {width: 7}
#   - {precision: '4'}
# - name: e_DE_ICRS
#   unit: mas
#   datatype: float64
#   format: '{:7.4f}'
#   description: Standard error of declination (dec_error)
#   meta: !!omap
#   - {ucd: ERROR}
#   - {width: 7}
#   - {precision: '4'}
# - name: _r_1
#   unit: ''
#   datatype: float64
#   format: '{:7.4f}'
#   description: Distance from center (309.72500803000+46.47920587000)[ICRS], at Epoch=J2016.0
#   meta: !!omap
#   - {ucd: POS_ANG_DIST_GENERAL}
#   - {width: 7}
#   - {precision: '4'}
# - name: HIP
#   datatype: int32
#   description: '? HIP cross-id number, van Leeuwen, Cat. I/311 (hip_original_ext_source_id)'
#   meta: !!omap
#   - {ucd: ID_NUMBER}
#   - {width: 6}
#   - values: {'null': -2147483648}
# - name: TYC2
#   datatype: string
#   description: Tycho-2 cross-id name, Hog et al., Cat. I/259 (tyc2_original_ext_source_id)
#   meta: !!omap
#   - {ucd: ID_CROSSID}
#   - {_votable_string_dtype: char}
# - name: Source
#   datatype: int64
#   description: Source identifier, identical to the Gaia-EDR3 source_id (id)
#   meta: !!omap
#   - {ucd: ID_MAIN}
#   - {width: 19}
# - name: rgeo
#   unit: pc
#   datatype: float64
#   format: '{:15.8f}'
#   description: '? Median of the geometric distance posterior (r_med_geo)'
#   meta: !!omap
#   - {ucd: PHYS_DISTANCE_TRUE}
#   - {width: 15}
#   - {precision: '8'}
#   - values: {'null': .nan}
# - name: Plx
#   unit: mas
#   datatype: float64
#   format: '{:9.4f}'
#   description: '? Parallax (parallax)'
#   meta: !!omap
#   - {ucd: POS_PARLX_TRIG}
#   - {width: 9}
#   - {precision: '4'}
#   - values: {'null': .nan}
# - name: e_Plx
#   unit: mas
#   datatype: float32
#   format: '{:7.4f}'
#   description: '? Standard error of parallax (parallax_error)'
#   meta: !!omap
#   - {ucd: ERROR}
#   - {width: 7}
#   - {precision: '4'}
#   - values: {'null': .nan}
# - name: pmRA
#   unit: mas / yr
#   datatype: float64
#   format: '{:9.3f}'
#   description: '? Proper motion in right ascension direction, pmRA*cosDE (pmra)'
#   meta: !!omap
#   - {ucd: POS_EQ_PMRA}
#   - {width: 9}
#   - {precision: '3'}
#   - values: {'null': .nan}
# - name: pmDE
#   unit: mas / yr
#   datatype: float64
#   format: '{:9.3f}'
#   description: '? Proper motion in declination direction (pmdec)'
#   meta: !!omap
#   - {ucd: POS_EQ_PMDEC}
#   - {width: 9}
#   - {precision: '3'}
#   - values: {'null': .nan}
# - name: e_pmRA
#   unit: mas / yr
#   datatype: float32
#   format: '{:6.3f}'
#   description: '? Standard error of proper motion in right ascension direction (pmra_error)'
#   meta: !!omap
#   - {ucd: ERROR}
#   - {width: 6}
#   - {precision: '3'}
#   - values: {'null': .nan}
# - name: e_pmDE
[...]
#         unit: &id001 !astropy.units.Unit {unit: deg}
#         value: !astropy.table.SerializedColumn {name: SkyCoord.dec}
#       distance: !astropy.table.SerializedColumn
#         __class__: astropy.coordinates.distances.Distance
#         unit: !astropy.units.Unit {unit: pc}
#         value: !astropy.table.SerializedColumn {name: SkyCoord.distance}
#       frame: icrs
#       obstime: !astropy.time.Time {format: jyear_str, in_subfmt: '*', jd1: 367701545.0, jd2: 0.0, out_subfmt: '*', precision: 3, scale: tt}
#       pm_dec: !astropy.table.SerializedColumn
#         __class__: astropy.units.quantity.Quantity
#         unit: !astropy.units.Unit {unit: mas / yr}
#         value: !astropy.table.SerializedColumn {name: SkyCoord.pm_dec}
#       pm_ra_cosdec: !astropy.table.SerializedColumn
#         __class__: astropy.units.quantity.Quantity
#         unit: !astropy.units.Unit {unit: mas / yr}
#         value: !astropy.table.SerializedColumn {name: SkyCoord.pm_ra_cosdec}
#       ra: !astropy.table.SerializedColumn
#         __class__: astropy.coordinates.angles.Longitude
#         unit: *id001
#         value: !astropy.table.SerializedColumn {name: SkyCoord.ra}
#         wrap_angle: !astropy.coordinates.Angle
#           unit: *id001
#           value: 360.0
#       representation_type: spherical
# schema: astropy-2.0
RA_ICRS_1 DE_ICRS_1 e_RA_ICRS e_DE_ICRS _r_1 HIP TYC2 Source rgeo Plx e_Plx pmRA pmDE e_pmRA e_pmDE RUWE Teff logg Gmag BP-RP BPmag RPmag RV e_RV b_rgeo B_rgeo FG e_FG FBP e_FBP FRP e_FRP RAVE5 RAVE6 e_Gmag e_BPmag e_RPmag e_BP-RP SkyCoord.ra SkyCoord.dec SkyCoord.distance SkyCoord.pm_ra_cosdec SkyCoord.pm_dec Pmemb
[from data line 40]
309.85808661332 46.57035217818 0.0214 0.0212 7.7517 "" "" 2071289867323487360 2249.51636 0.4179 0.0238 -2.039 -3.211 0.028 0.027 0.964 "" "" 15.599103 1.145293 16.088219 14.942925 "" "" 2136.01025 2359.91187 10846.89673 3.2358 5013.4 9.239 8355.8 10.741 "" "" 0.0027742919009735058 0.0034334376 0.004028847 0.0074622845 309.85808661332 46.57035217818 2249.51636 -2.039 -3.2109999999999994 0.97
309.75643133017 46.596698981 0.0206 0.0228 7.1679 "" "" 2071293062779376640 2221.23315 0.4304 0.0243 -2.104 -3.238 0.027 0.028 0.961 7212.3 4.0516 15.636806 1.095947 16.100441 15.004494 "" "" 2092.88477 2352.55005 10476.70375 3.2535 4957.2 8.281 7895.2 10.624 "" "" 0.0027758735218661275 0.0033278572 0.0040519424 0.0073797996 309.75643133017 46.596698981 2221.23315 -2.104 -3.2380000000000004 0.99
309.74575281889 46.78086994564 0.0234 0.0238 18.12 "" "" 2071347969642401024 2107.6731 0.4528 0.028 -2.139 -3.318 0.029 0.03 1.033 7087.5 4.3461 15.706252 1.051807 16.143328 15.09152 "" "" 1978.93152 2224.42603 9827.56376 4.7671 4765.3 14.554 7287.0 12.228 "" "" 0.0028052028732803718 0.004333705 0.00419561 0.008529315 309.74575281889 46.78086994564 2107.6731 -2.1389999999999993 -3.318 0.97
309.63416916705 46.41642766644 0.0214 0.0224 5.3189 "" "" 2071263818337681152 1982.61157 0.4835 0.0246 -2.075 -3.229 0.028 0.027 0.995 7988.7 4.2469 15.712631 1.283346 16.253397 14.970051 "" "" 1881.88147 2085.00098 9769.99308 3.2237 4305.8 9.3597 8149.6 35.988 "" "" 0.0027785124736525954 0.0036544728 0.006105015 0.009759488 309.63416916705 46.41642766644 1982.61157 -2.0749999999999997 -3.228999999999999 0.98
310.20951743929 46.406147075 0.0212 0.0251 20.5059 "" "" 2070527115495671936 2212.99194 0.4311 0.0268 -2.266 -3.488 0.028 0.032 1.017 6765.7 4.1086 15.717931 1.243085 16.261976 15.018891 "" "" 2072.43311 2349.52417 9722.42225 2.8842 4272.0 12.964 7791.2 16.146 "" "" 0.0027740819011537656 0.0043175113 0.004398441 0.008715952 310.20951743929 46.406147075 2212.99194 -2.266 -3.488 0.89
309.49305499421 46.15430733595 0.0221 0.0258 21.7349 "" "" 2071254545511787008 2107.89014 0.4461 0.028 -2.243 -3.429 0.031 0.031 1.002 7304.9 4.0403 15.718479 1.531055 16.421171 14.890116 "" "" 1987.51135 2251.82202 9717.51313 3.3048 3689.3 13.111 8772.3 15.067 "" "" 0.002779951637988089 0.004761608 0.004214415 0.008976023 309.49305499421 46.15430733595 2107.89014 -2.2430000000000003 -3.429 0.81
309.72414306405 46.42300420325 0.0222 0.0232 3.3723 "" "" 2071264028799868672 2094.83984 0.4541 0.0247 -2.132 -3.227 0.029 0.029 0.987 8543.7 4.0598 15.77323 1.238871 16.31177 15.072899 "" "" 1976.03711 2211.20459 9239.63411 2.7174 4080.5 8.0205 7413.1 11.079 "" "" 0.002773761572319446 0.0035127455 0.0041129943 0.00762574 309.72414306405 46.42300420325 2094.83984 -2.132 -3.2269999999999994 0.98
309.92447513902 46.52496769821 0.0253 0.0264 8.6835 "" "" 2071277394738482304 2338.31494 0.4083 0.0293 -2.098 -3.201 0.032 0.032 1.133 8015.2 4.1388 15.790935 1.172605 16.295813 15.123208 "" "" 2192.03662 2551.44165 9090.17805 3.1161 4140.9 9.8769 7077.4 8.6565 "" "" 0.0027803442056881012 0.0038067857 0.0040059043 0.00781269 309.92447513902 46.52496769821 2338.31494 -2.0980000000000003 -3.2010000000000005 0.95
309.93182999056 46.23797368623 0.0231 0.0258 16.8178 "" "" 2071246436613850368 2493.51636 0.3701 0.0283 -2.162 -3.329 0.034 0.032 1.013 8593.7 4.0156 15.857109 1.875513 16.774742 14.899229 "" "" 2328.15381 2665.78931 8552.69955 3.4567 2663.9 9.0903 8698.9 11.02 "" "" 0.002790044653506198 0.0046380865 0.0040218853 0.008659972 309.93182999056 46.23797368623 2493.51636 -2.1620000000000004 -3.329 0.84
309.30419449254 46.41986802621 0.026 0.0266 17.7568 "" "" 2071308043625871104 1872.61572 0.5018 0.0307 -2.287 -3.129 0.033 0.034 1.02 "" "" 15.876121 1.566533 16.589338 15.022805 "" "" 1760.22046 1997.22925 8404.2433 3.7785 3160.0 8.1017 7763.1 9.9245 "" "" 0.0027982263777508102 0.003941283 0.004026207 0.007967491 309.30419449254 46.41986802621 1872.61572 -2.2870000000000004 -3.1290000000000004 0.8
309.82899056648 46.64105013613 0.0269 0.0272 10.616 "" "" 2071290623237979136 2089.72168 0.4537 0.0308 -2.109 -3.259 0.034 0.034 1.004 6915.4 4.3519 15.996854 1.165379 16.494728 15.329349 "" "" 1965.96106 2236.11182 7519.78201 2.776 3447.7 13.597 5853.5 10.341 "" "" 0.0027843200296210025 0.0051107565 0.004238258 0.009349015 309.82899056648 46.64105013613 2089.72168 -2.109 -3.2590000000000003 0.97
309.76626796923 46.50981450545 0.0256 0.0291 2.5055 "" "" 2071288149336491520 2203.30127 0.4272 0.0295 -2.169 -3.288 0.032 0.035 0.957 7034.5 4.1447 16.054186 1.229162 16.59131 15.362148 "" "" 2084.64771 2362.64014 7133.00365 3.484 3154.2 10.361 5679.4 11.086 "" "" 0.002805889938705984 0.004528206 0.0043330416 0.008861247 309.76626796923 46.50981450545 2203.30127 -2.169 -3.2879999999999994 0.98
309.62462134268 46.42756600105 0.0274 0.0279 5.1788 "" "" 2071266777578868096 2260.11377 0.4259 0.0312 -2.009 -3.267 0.035 0.034 0.953 6703.5 4.2679 16.058949 1.377158 16.651623 15.274465 "" "" 2098.02075 2399.84521 7101.78127 3.5037 2983.8 11.712 6157.0 24.167 "" "" 0.0028069047103690616 0.0050938553 0.005696086 0.010789942 309.62462134268 46.42756600105 2260.11377 -2.0090000000000003 -3.267 0.9
309.84998938354 46.62863103401 0.0292 0.0289 10.3428 "" "" 2071290657597720192 2133.11621 0.4488 0.0334 -2.011 -3.254 0.038 0.036 0.986 7009.2 4.0836 16.086405 1.305404 16.663801 15.358398 "" "" 1988.63403 2291.13037 6924.44223 2.9749 2950.5 9.7507 5699.0 10.739 "" "" 0.002794525323765647 0.004545273 0.004297619 0.008842892 309.84998938354 46.62863103401 2133.11621 -2.011 -3.2539999999999996 0.98
309.63272625904 46.53204963696 0.0287 0.0284 4.9574 "" "" 2071291138633991680 2373.35107 0.405 0.0319 -2.122 -3.279 0.037 0.034 1.015 6901.2 4.3266 16.098553 1.174295 16.605167 15.430872 "" "" 2203.57837 2521.73169 6847.40131 2.8946 3114.2 8.6453 5331.0 9.3753 "" "" 0.0027932857961093607 0.0041072927 0.004234336 0.008341629 309.63272625904 46.53204963696 2373.35107 -2.122 -3.279 0.95
309.97764799293 46.61425088944 0.0311 0.0293 13.2039 "" "" 2071295330521964416 1955.0675 0.4785 0.0335 -2.163 -3.272 0.04 0.036 1.012 "" "" 16.114473 1.328852 16.689678 15.360826 "" "" 1828.28381 2072.78784 6747.72866 7.6292 2881.0 15.226 5686.3 23.311 "" "" 0.0030164073974888275 0.0063804896 0.0058390866 0.012219576 309.97764799293 46.61425088944 1955.0675 -2.163 -3.2720000000000002 0.95
309.68733419137 46.45596805098 0.0266 0.0285 2.09 "" "" 2071264303677765632 2275.8125 0.419 0.0297 -2.144 -3.232 0.034 0.035 1.011 7142.8 4.3347 16.141005 1.284689 16.696474 15.411785 "" "" 2138.36963 2462.56958 6584.82967 2.514 2863.0 8.0333 5425.6 12.548 "" "" 0.002786326588211457 0.0041311053 0.0045375074 0.008668613 309.68733419137 46.45596805098 2275.8125 -2.1439999999999997 -3.2320000000000007 0.96
309.72269773987 46.51132737698 0.0284 0.0297 1.9297 "" "" 2071288011897520384 2370.43335 0.4036 0.0322 -2.134 -3.216 0.036 0.035 0.981 6513.3 4.2599 16.156145 1.357639 16.759089 15.401449 "" "" 2202.52026 2527.41455 6493.64228 2.7896 2702.6 11.461 5477.5 10.319 "" "" 0.0027945192286354184 0.0053837504 0.004297373 0.009681123 309.72269773987 46.51132737698 2370.43335 -2.1339999999999995 -3.216 0.92
309.54901028465 46.5594699868 0.0285 0.0328 8.7173 "" "" 2071315671487964928 2419.13135 0.3921 0.035 -2.02 -3.45 0.036 0.037 1.036 7823.3 4.3089 16.165894 1.471871 16.837725 15.365853 "" "" 2218.5686 2676.64502 6435.60895 2.8447 2513.8 8.8743 5660.0 10.527 "" "" 0.00279680443330218 0.004740905 0.0042850343 0.009025939 309.54901028465 46.5594699868 2419.13135 -2.02 -3.45 0.96
309.89683171209 46.46163633693 0.0278 0.0304 7.1782 "" "" 2071276771959199744 2217.98413 0.4269 0.0322 -2.005 -3.216 0.036 0.037 1.019 7220.6 4.3367 16.167114 1.331913 16.755432 15.423519 "" "" 2067.64941 2377.92676 6428.36877 4.3415 2711.7 12.292 5367.2 9.8084 "" "" 0.0028512230269588687 0.005657479 0.0042685573 0.009926036 309.89683171209 46.46163633693 2217.98413 -2.005 -3.216 0.95
309.83830909972 46.67414938102 0.0318 0.0303 12.5955 "" "" 2071293715614440832 2317.13232 0.4123 0.0354 -2.149 -3.288 0.04 0.037 0.972 6694.9 4.3506 16.195255 1.297451 16.768522 15.471071 "" "" 2123.70752 2599.47314 6263.89794 2.7098 2679.2 9.6405 5137.2 13.486 "" "" 0.0027950677554169872 0.0048008296 0.0047336644 0.009534494 309.83830909972 46.67414938102 2317.13232 -2.1489999999999996 -3.288 0.97
309.4440187369 46.32010902891 0.0278 0.0304 15.0433 "" "" 2071259630753105536 2520.3501 0.3729 0.0334 -2.188 -3.293 0.039 0.037 1.041 6857.2 4.2506 16.20039 1.548035 16.906803 15.358768 "" "" 2341.32983 2786.73218 6234.34952 2.8008 2358.8 10.323 5697.1 8.0991 "" "" 0.0027981617521848374 0.0055102333 0.0040824166 0.00959265 309.4440187369 46.32010902891 2520.3501 -2.188 -3.2929999999999993 0.95
309.92366681185 46.63382466123 0.0316 0.0318 12.3792 "" "" 2071295571040330240 1930.98303 0.4895 0.0367 -2.127 -3.276 0.041 0.038 1.049 6735.0 4.3593 16.213436 1.281694 16.779936 15.498241 "" "" 1788.68201 2067.64771 6159.88102 2.9675 2651.2 11.244 5010.3 6.5447 "" "" 0.0028045267076207067 0.0053840913 0.0040367236 0.009420815 309.92366681185 46.63382466123 1930.98303 -2.127 -3.276 0.96
309.731553549 46.53456680392 0.0304 0.0304 3.3326 "" "" 2071288424214390144 2427.72974 0.4013 0.0331 -2.111 -3.215 0.038 0.036 0.968 6693.4 4.2928 16.246267 1.236278 16.786837 15.550559 "" "" 2196.104 2659.48462 5976.40011 2.7608 2634.4 11.369 4774.6 9.4477 "" "" 0.0028005977876043625 0.0054534264 0.0043473337 0.00980076 309.731553549 46.53456680392 2427.72974 -2.111 -3.215 0.95
309.97157632644 46.30001037214 0.0302 0.0345 14.8232 "" "" 2071270522790748544 2198.94653 0.4253 0.0378 -1.907 -3.226 0.041 0.042 1.0 8631.6 4.1967 16.434044 1.75902 17.277435 15.518415 "" "" 2053.62256 2379.43774 5027.23518 2.6378 1676.7 6.6389 4918.0 10.138 "" "" 0.002813597989539057 0.0051250607 0.0043923818 0.009517442 309.97157632644 46.30001037214 2198.94653 -1.9070000000000003 -3.226000000000001 0.91
309.32799112006 46.6650706918 0.0341 0.0393 19.8121 "" "" 2071320688009700608 1931.76624 0.4991 0.0425 -2.223 -3.3 0.041 0.053 1.029 5538.4 4.4897 16.499437 1.250467 17.045874 15.795406 "" "" 1768.35803 2128.88989 4733.38375 2.514 2075.2 8.535 3810.6 11.301 "" "" 0.0028150174275914227 0.005265504 0.004965052 0.010230556 309.32799112006 46.6650706918 1931.76624 -2.223 -3.3 0.95
310.00328121365 46.54071581424 0.0346 0.0367 12.069 "" "" 2071283098455096448 2166.21167 0.4473 0.0416 -2.224 -3.228 0.044 0.045 1.013 6450.4 4.3852 16.5184 1.379212 17.136799 15.757587 "" "" 2007.30737 2363.46411 4651.4338 3.2389 1908.5 11.555 3945.7 10.878 "" "" 0.002857159454399233 0.007141221 0.0048211548 0.011962376 310.00328121365 46.54071581424 2166.21167 -2.2240000000000006 -3.2280000000000006 0.92
309.68069740408 46.33913410082 0.0331 0.0365 8.6019 "" "" 2071262688770001152 2095.29248 0.4494 0.0396 -2.142 -3.26 0.042 0.043 1.011 7031.6 4.3375 16.52829 1.479011 17.202726 15.723715 "" "" 1925.63257 2287.44507 4609.25197 2.323 1796.1 7.0442 4070.7 9.0417 "" "" 0.0028091303033889823 0.0050909 0.0044832514 0.009574152 309.68069740408 46.33913410082 2095.29248 -2.1420000000000003 -3.26 0.97
309.75531904218 46.68716083454 0.0382 0.0363 12.5398 "" "" 2071294639024009216 1936.13696 0.4865 0.0431 -2.034 -3.232 0.047 0.046 1.016 5827.5 4.5747 16.530338 1.207834 17.05272 15.844885 "" "" 1784.22888 2136.7334 4600.56767 2.4489 2062.2 12.607 3640.9 10.142 "" "" 0.002815280776496443 0.0072001116 0.004840529 0.012040641 309.75531904218 46.68716083454 1936.13696 -2.034 -3.232 0.93
310.0739932105 46.69536985424 0.0358 0.0365 19.3726 "" "" 2071285778514978560 2267.51929 0.4226 0.0412 -2.093 -3.159 0.043 0.043 1.032 6372.1 4.4452 16.566814 1.298945 17.135363 15.836417 "" "" 2094.69849 2494.74536 4448.5738 2.074 1911.0 6.8764 3669.4 7.8212 "" "" 0.0028014310928636873 0.0048008733 0.004431624 0.009232497 310.0739932105 46.69536985424 2267.51929 -2.0930000000000004 -3.1590000000000003 0.94
309.85779813897 46.59796908535 0.0371 0.0359 8.9896 "" "" 2071290348360072704 2136.13135 0.4458 0.0415 -2.203 -3.202 0.049 0.045 0.978 5986.0 4.4029 16.634579 1.345519 17.231089 15.88557 "" "" 1974.36829 2301.59399 4179.41255 2.1352 1749.8 11.801 3507.0 8.2432 "" "" 0.0028105989630346794 0.007836 0.0045603225 0.012396323 309.85779813897 46.59796908535 2136.13135 -2.2030000000000003 -3.2019999999999995 0.93
310.12519097623 46.327536207 0.0334 0.0404 18.8934 "" "" 2071271175625874944 1861.28625 0.5167 0.043 -2.241 -3.179 0.046 0.05 0.959 6295.6 4.4065 16.648178 1.426653 17.29618 15.869528 "" "" 1710.91089 2089.79272 4127.39244 2.1278 1648.0 9.3276 3559.2 9.6809 "" "" 0.0028115988589457654 0.006748977 0.004796343 0.01154532 310.12519097623 46.327536207 1861.28625 -2.2410000000000005 -3.1789999999999994 0.9
309.48603726976 46.67044574008 0.0397 0.0386 15.1263 "" "" 2071340582298524032 1866.20813 0.508 0.0468 -2.014 -3.239 0.047 0.047 0.935 5203.4 4.4433 16.664972 1.366554 17.277515 15.910961 "" "" 1717.73279 2091.79883 4064.0401 2.2862 1676.5 9.0754 3425.9 9.2668 "" "" 0.0028222038060811265 0.0065060803 0.0047863056 0.011292386 309.48603726976 46.67044574008 1866.20813 -2.014 -3.239 0.83
309.42438080168 46.24371947379 0.0383 0.0418 18.8304 "" "" 2071258256363524608 2022.70813 0.47 0.0463 -2.153 -3.362 0.052 0.053 0.934 6751.7 4.3482 16.829481 1.570185 17.561573 15.991388 "" "" 1846.13977 2267.38745 3492.64314 1.8463 1290.6 12.896 3181.3 8.6555 "" "" 0.0028144636059090978 0.011201998 0.0047968635 0.015998863 309.42438080168 46.24371947379 2022.70813 -2.1530000000000005 -3.3620000000000005 0.96
309.68091180305 46.37668758032 0.0397 0.0462 6.4157 "" "" 2071263479044004736 2094.78613 0.4746 0.0474 -2.011 -3.313 0.05 0.056 1.05 6702.5 4.3546 16.916414 1.521732 17.626698 16.104965 "" "" 1884.672 2327.98291 3223.89794 2.1177 1215.5 4.5642 2865.3 8.4062 "" "" 0.002846126237470177 0.0049402895 0.0049426747 0.009882964 309.68091180305 46.37668758032 2094.78613 -2.0110000000000006 -3.3130000000000006 0.92
