Clusters/UBC_148/UBC_148_members.tsv
# %ECSV 1.0
# ---
# datatype:
# - name: RA_ICRS_1
#   unit: deg
#   datatype: float64
#   format: '{:15.11f}'
#   description: Right ascension (ICRS) at Ep=2016.0 (ra)
#   meta: !!omap
#   - {ucd: POS_EQ_RA_MAIN}
#   - {width: 15}
#   - {precision: '11'}
# - name: DE_ICRS_1
#   unit: deg
#   datatype: float64
#   format: '{:15.11f}'
#   description: Declination (ICRS) at Ep=2016.0 (dec)
#   meta: !!omap
#   - {ucd: POS_EQ_DEC_MAIN}
#   - {width: 15}
#   - {precision: '11'}
# - name: e_RA_ICRS
#   unit: mas
#   datatype: float64
#   format: '{:7.4f}'
#   description: Standard error of right ascension (ra_error)
#   meta: !!omap
#   - {ucd: ERROR}
#   - {width: 7}
#   - {precision: '4'}
# - name: e_DE_ICRS
#   unit: mas
#   datatype: float64
#   format: '{:7.4f}'
#   description: Standard error of declination (dec_error)
#   meta: !!omap
#   - {ucd: ERROR}
#   - {width: 7}
#   - {precision: '4'}
# - name: _r_1
#   unit: ''
#   datatype: float64
#   format: '{:7.4f}'
#   description: Distance from center (309.72500803000+46.47920587000)[ICRS], at Epoch=J2016.0
#   meta: !!omap
#   - {ucd: POS_ANG_DIST_GENERAL}
#   - {width: 7}
#   - {precision: '4'}
# - name: HIP
#   datatype: int32
#   description: '? HIP cross-id number, van Leeuwen, Cat. I/311 (hip_original_ext_source_id)'
#   meta: !!omap
#   - {ucd: ID_NUMBER}
#   - {width: 6}
#   - values: {'null': -2147483648}
# - name: TYC2
#   datatype: string
#   description: Tycho-2 cross-id name, Hog et al., Cat. I/259 (tyc2_original_ext_source_id)
#   meta: !!omap
#   - {ucd: ID_CROSSID}
#   - {_votable_string_dtype: char}
# - name: Source
#   datatype: int64
#   description: Source identifier, identical to the Gaia-EDR3 source_id (id)
#   meta: !!omap
#   - {ucd: ID_MAIN}
#   - {width: 19}
# - name: rgeo
#   unit: pc
#   datatype: float64
#   format: '{:15.8f}'
#   description: '? Median of the geometric distance posterior (r_med_geo)'
#   meta: !!omap
#   - {ucd: PHYS_DISTANCE_TRUE}
#   - {width: 15}
#   - {precision: '8'}
#   - values: {'null': .nan}
# - name: Plx
#   unit: mas
#   datatype: float64
#   format: '{:9.4f}'
#   description: '? Parallax (parallax)'
#   meta: !!omap
#   - {ucd: POS_PARLX_TRIG}
#   - {width: 9}
#   - {precision: '4'}
#   - values: {'null': .nan}
# - name: e_Plx
#   unit: mas
#   datatype: float32
#   format: '{:7.4f}'
#   description: '? Standard error of parallax (parallax_error)'
#   meta: !!omap
#   - {ucd: ERROR}
#   - {width: 7}
#   - {precision: '4'}
#   - values: {'null': .nan}
# - name: pmRA
#   unit: mas / yr
#   datatype: float64
#   format: '{:9.3f}'
#   description: '? Proper motion in right ascension direction, pmRA*cosDE (pmra)'
#   meta: !!omap
#   - {ucd: POS_EQ_PMRA}
#   - {width: 9}
#   - {precision: '3'}
#   - values: {'null': .nan}
# - name: pmDE
#   unit: mas / yr
#   datatype: float64
#   format: '{:9.3f}'
#   description: '? Proper motion in declination direction (pmdec)'
#   meta: !!omap
#   - {ucd: POS_EQ_PMDEC}
#   - {width: 9}
#   - {precision: '3'}
#   - values: {'null': .nan}
# - name: e_pmRA
#   unit: mas / yr
#   datatype: float32
#   format: '{:6.3f}'
#   description: '? Standard error of proper motion in right ascension direction (pmra_error)'
#   meta: !!omap
#   - {ucd: ERROR}
#   - {width: 6}
#   - {precision: '3'}
#   - values: {'null': .nan}
# - name: e_pmDE
[...]
#         unit: &id001 !astropy.units.Unit {unit: deg}
#         value: !astropy.table.SerializedColumn {name: SkyCoord.dec}
#       distance: !astropy.table.SerializedColumn
#         __class__: astropy.coordinates.distances.Distance
#         unit: !astropy.units.Unit {unit: pc}
#         value: !astropy.table.SerializedColumn {name: SkyCoord.distance}
#       frame: icrs
#       obstime: !astropy.time.Time {format: jyear_str, in_subfmt: '*', jd1: 367701545.0, jd2: 0.0, out_subfmt: '*', precision: 3, scale: tt}
#       pm_dec: !astropy.table.SerializedColumn
#         __class__: astropy.units.quantity.Quantity
#         unit: !astropy.units.Unit {unit: mas / yr}
#         value: !astropy.table.SerializedColumn {name: SkyCoord.pm_dec}
#       pm_ra_cosdec: !astropy.table.SerializedColumn
#         __class__: astropy.units.quantity.Quantity
#         unit: !astropy.units.Unit {unit: mas / yr}
#         value: !astropy.table.SerializedColumn {name: SkyCoord.pm_ra_cosdec}
#       ra: !astropy.table.SerializedColumn
#         __class__: astropy.coordinates.angles.Longitude
#         unit: *id001
#         value: !astropy.table.SerializedColumn {name: SkyCoord.ra}
#         wrap_angle: !astropy.coordinates.Angle
#           unit: *id001
#           value: 360.0
#       representation_type: spherical
# schema: astropy-2.0
RA_ICRS_1 DE_ICRS_1 e_RA_ICRS e_DE_ICRS _r_1 HIP TYC2 Source rgeo Plx e_Plx pmRA pmDE e_pmRA e_pmDE RUWE Teff logg Gmag BP-RP BPmag RPmag RV e_RV b_rgeo B_rgeo FG e_FG FBP e_FBP FRP e_FRP RAVE5 RAVE6 e_Gmag e_BPmag e_RPmag e_BP-RP SkyCoord.ra SkyCoord.dec SkyCoord.distance SkyCoord.pm_ra_cosdec SkyCoord.pm_dec Pmemb
309.68864770263 46.46377555802 0.0142 0.0151 1.7648 "" 3574-2458-1 2071287840098813312 2357.10693 0.3786 0.0162 -2.104 -3.312 0.018 0.018 1.205 17498.2 3.6994 11.399452 0.668418 11.645945 10.977527 "" "" 2287.65918 2436.25732 518998.19046 350.86 299940.0 479.28 322220.0 841.97 "" "" 0.0028514094903330555 0.0032855733 0.004725741 0.008011315 309.68864770263 46.46377555802 2357.10693 -2.104 -3.3120000000000003 0.98
309.66851137361 46.44810485985 0.0086 0.0094 2.989 "" 3574-2510-1 2071264338037487488 2201.552 0.4099 0.01 -2.141 -3.296 0.011 0.011 0.87 "" "" 11.700756 0.85424 12.03607 11.181829 -17.26 3.15 2150.61572 2249.00098 393227.87753 117.97 209410.0 185.73 266950.0 166.13 "" "" 0.002774506516601915 0.0029516679 0.0038393063 0.006790974 309.66851137361 46.44810485985 2201.552 -2.141 -3.296 0.99
309.60764283032 46.41884456906 0.0084 0.0094 6.0545 "" 3574-2767-1 2071266738914862464 2212.53662 0.4262 0.0103 -2.082 -3.327 0.011 0.011 0.94 "" "" 12.049842 0.867644 12.391193 11.523549 -30.92 8.55 2153.90015 2273.75244 285108.36352 55.594 150990.0 109.02 194870.0 89.371 "" "" 0.0027634418238727 0.0028982079 0.0038120428 0.006710251 309.60764283032 46.41884456906 2212.53662 -2.0819999999999994 -3.327 0.99
309.64217781304 46.38593387537 0.0077 0.0085 6.5613 "" 3574-2016-1 2071263715257886720 2312.25586 0.4148 0.0093 -2.08 -3.226 0.01 0.01 0.938 "" "" 12.175383 0.804177 12.487615 11.683437 -15.44 11.42 2250.45801 2358.59863 253976.51005 36.13 138160.0 76.697 168180.0 38.391 "" "" 0.0027596458823893667 0.0028545277 0.0037874999 0.0066420278 309.64217781304 46.38593387537 2312.25586 -2.08 -3.226 0.97
309.81893851003 46.62547668512 0.0109 0.0108 9.5939 "" "" 2071290588878234752 2304.19434 0.4144 0.0123 -2.096 -3.291 0.014 0.013 1.045 10340.5 3.6013 12.790636 0.699325 13.058136 12.358811 "" "" 2247.71094 2365.52734 144109.46212 24.762 81689.0 52.623 90289.0 27.228 "" "" 0.0027616288445751337 0.0028764966 0.003793538 0.0066700345 309.81893851003 46.62547668512 2304.19434 -2.096 -3.2910000000000004 0.98
309.64538311647 46.52638166832 0.0088 0.0089 4.3389 "" "" 2071291172993731456 2124.31689 0.4429 0.0099 -1.996 -3.274 0.011 0.01 1.014 10903.5 3.7903 13.12431 0.608383 13.349309 12.740926 "" "" 2080.66113 2169.25854 105979.77835 24.607 62473.0 36.543 63502.0 22.418 "" "" 0.0027668285169031586 0.002861536 0.0037987686 0.006660305 309.64538311647 46.52638166832 2124.31689 -1.9959999999999998 -3.274 0.98
309.27392787384 46.35613503772 0.0093 0.0103 20.0664 "" "" 2071307322071175936 2542.36328 0.3517 0.0114 -2.13 -3.369 0.013 0.012 1.163 "" "" 13.299886 2.86209 14.940837 12.078747 -33.5 0.38 2472.34741 2609.4292 90155.58206 38.135 14424.0 19.331 116860.0 87.16 "" "" 0.002793332421384773 0.0031468023 0.0038651645 0.007011967 309.27392787384 46.35613503772 2542.36328 -2.1300000000000003 -3.3690000000000007 0.93
309.93502251985 46.46549307696 0.0094 0.0094 8.7172 "" "" 2071276707543699584 2264.43408 0.4135 0.0107 -2.117 -3.181 0.012 0.011 0.956 10247.7 3.7485 13.320917 0.686765 13.582063 12.895298 "" "" 2211.91431 2318.48462 88425.9996 18.658 50419.0 25.184 55086.0 19.209 "" "" 0.0027648277391911255 0.002842386 0.0037982983 0.0066406843 309.93502251985 46.46549307696 2264.43408 -2.117000000000001 -3.181 0.99
309.69347194861 46.43359638741 0.0097 0.0101 3.0312 "" "" 2071264063159592064 2125.91699 0.442 0.0109 -1.973 -3.34 0.012 0.012 0.976 "" "" 13.435781 0.875723 13.78248 12.906757 "" "" 2074.22827 2189.51392 79548.96705 11.869 41920.0 33.542 54507.0 25.687 "" "" 0.0027600782712255104 0.0029222877 0.00381386 0.0067361477 309.69347194861 46.43359638741 2125.91699 -1.973 -3.34 0.96
309.39900501097 46.69447618051 0.0112 0.0119 18.6423 "" "" 2071320413131841280 2115.56836 0.4461 0.0137 -1.949 -3.07 0.014 0.015 0.979 4795.3 2.8026 13.72763 1.789685 14.600615 12.81093 -33.38 1.53 2059.03149 2169.16699 60798.77596 13.102 19732.0 16.247 59537.0 27.379 "" "" 0.0027652365361533027 0.002929888 0.0038122197 0.0067421077 309.39900501097 46.69447618051 2115.56836 -1.949 -3.0699999999999994 0.92
309.67269737637 46.46878841618 0.0111 0.0123 2.2501 "" "" 2071267327334739328 2192.60352 0.4297 0.0128 -2.08 -3.244 0.014 0.014 1.044 "" "" 14.013689 0.769752 14.312981 13.543228 "" "" 2129.19751 2247.0625 46716.5842 10.115 25717.0 21.809 30330.0 16.257 "" "" 0.002765330518546649 0.0029381663 0.003823925 0.006762091 309.67269737637 46.46878841618 2192.60352 -2.0799999999999996 -3.2439999999999998 0.99
309.78097758303 46.52015966267 0.0118 0.0115 3.3737 "" "" 2071288252415719040 2216.38086 0.4191 0.0127 -2.085 -3.224 0.015 0.014 1.092 9467.7 3.7205 14.016032 0.856281 14.354817 13.498536 "" "" 2151.46387 2292.65332 46615.86709 8.1634 24745.0 20.555 31604.0 19.009 "" "" 0.002761872670033271 0.0029323124 0.0038353868 0.0067676995 309.78097758303 46.52015966267 2216.38086 -2.0849999999999995 -3.2240000000000006 0.98
309.78604615908 46.51947497994 0.0119 0.0117 3.4919 "" "" 2071288252415722112 2155.21143 0.4356 0.0129 -2.119 -3.312 0.015 0.014 1.029 9159.8 3.956 14.081259 0.908808 14.44729 13.538483 "" "" 2093.677 2216.73584 43897.84517 7.643 22725.0 16.715 30462.0 24.958 "" "" 0.0027617972568562267 0.0029022065 0.0038826596 0.006784866 309.78604615908 46.51947497994 2155.21143 -2.119 -3.312 0.98
310.07598192424 46.71067603339 0.0151 0.0161 20.0567 "" "" 2071297563905244800 2218.85474 0.4246 0.018 -2.271 -3.084 0.019 0.02 1.294 "" "" 14.091851 0.70813 14.362265 13.654135 "" "" 2150.84595 2316.57104 43471.65461 10.222 24576.0 24.28 27384.0 19.383 "" "" 0.002767122775880462 0.0029892551 0.0038567255 0.006845981 310.07598192424 46.71067603339 2218.85474 -2.271 -3.084 0.86
309.54735831601 46.4070548257 0.0119 0.0124 8.5257 "" "" 2071265471908738944 2067.42603 0.4535 0.0138 -2.101 -3.229 0.015 0.015 1.011 "" "" 14.187505 0.79939 14.501331 13.701942 "" "" 2002.81335 2124.76562 39805.65299 7.8613 21621.0 21.66 26205.0 17.414 "" "" 0.0027636510569633084 0.0029946833 0.003847635 0.006842318 309.54735831601 46.4070548257 2067.42603 -2.1009999999999995 -3.229 0.99
309.37011687268 46.20391520372 0.0126 0.0142 22.1115 "" "" 2071256641455784064 2275.66064 0.4159 0.0152 -2.017 -3.337 0.017 0.017 1.1 10187.0 3.7947 14.198702 0.900952 14.552014 13.651062 "" "" 2202.34473 2355.19092 39397.26644 7.7862 20635.0 17.348 27462.0 28.665 "" "" 0.0027636629359702775 0.0029356817 0.003945642 0.0068813236 309.37011687268 46.20391520372 2275.66064 -2.0169999999999995 -3.336999999999999 0.98
309.95664312793 46.46435864968 0.0127 0.0135 9.6131 "" "" 2071276673183972608 2202.09326 0.4258 0.0147 -2.118 -3.222 0.017 0.017 1.053 8988.1 3.8971 14.294216 0.96548 14.688371 13.722891 "" "" 2112.81152 2275.44434 36079.46764 6.9379 18200.0 19.056 25704.0 15.842 "" "" 0.002763218985706535 0.0030128667 0.003838165 0.0068510314 309.95664312793 46.46435864968 2202.09326 -2.1179999999999994 -3.2219999999999995 0.99
309.85394716034 46.48685925484 0.0125 0.012 5.3468 "" "" 2071287187263858304 2208.49463 0.4228 0.0138 -2.146 -3.209 0.015 0.014 1.019 9566.0 3.9515 14.30239 0.81811 14.624542 13.806432 "" "" 2149.51978 2268.71924 35808.88462 6.4859 19302.0 18.866 23800.0 18.412 "" "" 0.0027623291569536727 0.0029851662 0.0038715922 0.006856758 309.85394716034 46.48685925484 2208.49463 -2.146 -3.2089999999999996 0.98
309.94155276493 46.6660078166 0.0152 0.0151 14.3316 "" "" 2071296464393543424 2108.31982 0.4502 0.0178 -2.069 -3.22 0.02 0.019 1.006 9251.2 4.0568 14.51095 0.810428 14.832659 14.022231 "" "" 2019.45703 2181.0354 29550.63415 7.1855 15935.0 13.748 19510.0 13.667 "" "" 0.002767939450504497 0.0029432126 0.003855152 0.0067983647 309.94155276493 46.6660078166 2108.31982 -2.069 -3.2200000000000006 0.99
309.58405503908 46.43592420923 0.0142 0.0164 6.3786 "" "" 2071267018097009024 2428.53955 0.3857 0.0172 -2.104 -3.254 0.019 0.021 1.141 "" "" 14.530906 0.879066 14.88024 14.001174 "" "" 2320.73389 2550.15723 29012.44269 5.8957 15252.0 14.71 19892.0 15.898 "" "" 0.0027641399068295065 0.0029801975 0.0038777178 0.0068579153 309.58405503908 46.43592420923 2428.53955 -2.104 -3.2539999999999996 0.92
309.83837683154 46.45662501935 0.0141 0.0149 4.877 "" "" 2071286981105408640 2170.97192 0.4398 0.0163 -2.048 -3.355 0.018 0.017 1.125 9675.0 3.9456 14.583022 1.018347 15.001396 13.983049 "" "" 2092.80957 2248.83276 27652.71503 5.4707 13641.0 14.32 20227.0 18.595 "" "" 0.0027636800477651197 0.0030139918 0.003908964 0.0069229556 309.83837683154 46.45662501935 2170.97192 -2.0480000000000005 -3.3550000000000004 0.98
309.75954015466 46.47731412056 0.0144 0.0147 1.4313 "" "" 2071287668300141696 2154.41211 0.442 0.0162 -2.047 -3.313 0.018 0.018 1.086 7192.6 3.7006 14.637936 0.900774 14.983326 14.082552 "" "" 2077.21875 2221.62305 26288.91437 5.3103 13870.0 21.092 18456.0 30.934 "" "" 0.002764034911963996 0.0032420799 0.0041946857 0.0074367654 309.75954015466 46.47731412056 2154.41211 -2.047 -3.313 0.99
309.78019434097 46.51422846837 0.0164 0.015 3.1002 "" "" 2071288252415716480 2097.93115 0.455 0.0173 -2.113 -3.272 0.021 0.018 0.977 9246.6 4.0687 14.69078 0.939104 15.070642 14.131538 "" "" 2017.38232 2171.35034 25040.03938 5.3115 12799.0 16.829 17642.0 20.859 "" "" 0.002764928671597396 0.003134181 0.003991449 0.00712563 309.78019434097 46.51422846837 2097.93115 -2.113 -3.272 0.97
309.62753801396 46.47794172347 0.0152 0.0155 4.0279 "" "" 2071267567852878336 2149.17114 0.4406 0.0171 -2.111 -3.246 0.019 0.018 1.044 8997.3 4.1931 14.796865 0.801402 15.112122 14.310719 "" "" 2073.75049 2230.41479 22709.1333 6.7976 12319.0 18.755 14958.0 15.673 "" "" 0.0027744211000639216 0.0032430494 0.00394689 0.0071899397 309.62753801396 46.47794172347 2149.17114 -2.1109999999999998 -3.2459999999999996 0.99
309.56530262683 46.42741094892 0.0157 0.016 7.2966 "" "" 2071266915017774080 2079.56226 0.4562 0.0181 -2.082 -3.221 0.021 0.02 1.077 9205.5 4.1286 14.878528 0.928341 15.252511 14.32417 "" "" 2012.05713 2155.41821 21063.75594 5.1279 10825.0 11.343 14774.0 11.487 "" "" 0.0027679692600139456 0.0030132025 0.0038725133 0.0068857158 309.56530262683 46.42741094892 2079.56226 -2.0820000000000003 -3.2210000000000005 0.99
309.62961591432 46.44184957342 0.0155 0.0167 4.5352 "" "" 2071267155536003712 2195.68652 0.4314 0.018 -2.08 -3.242 0.02 0.019 1.009 9335.4 4.1745 14.888865 0.913444 15.256179 14.342734 "" "" 2119.72534 2298.58643 20864.13747 5.018 10788.0 12.433 14523.0 14.743 "" "" 0.002767666449700487 0.0030579052 0.003936818 0.0069947233 309.62961591432 46.44184957342 2195.68652 -2.08 -3.242 0.99
309.9266834533 46.49341609338 0.0156 0.016 8.3751 "" "" 2071276948062109696 2152.63672 0.4416 0.0181 -2.12 -3.192 0.02 0.02 0.942 8992.0 4.0357 14.908324 1.005974 15.323637 14.317663 "" "" 2076.86963 2221.72534 20493.54262 6.3101 10138.0 14.34 14863.0 14.302 "" "" 0.002775526898512125 0.0031848992 0.0039211274 0.0071060266 309.9266834533 46.49341609338 2152.63672 -2.12 -3.1920000000000006 0.98
309.9192895655 46.43091900087 0.0164 0.0173 8.5373 "" "" 2071276501385243904 2196.05591 0.4321 0.019 -2.11 -3.251 0.021 0.021 1.059 8999.4 4.0436 15.040758 0.992738 15.449489 14.456751 "" "" 2122.69067 2285.90454 18140.25663 3.8322 9028.6 13.507 13075.0 11.38 "" "" 0.0027648504777595755 0.0032285224 0.0038957314 0.0071242535 309.9192895655 46.43091900087 2196.05591 -2.1099999999999994 -3.251 0.98
309.48848658276 46.37283840956 0.0178 0.0188 11.6797 "" "" 2071265678067108736 2170.61719 0.4382 0.0213 -2.112 -3.278 0.023 0.024 1.057 "" "" 15.050906 1.077281 15.500391 14.42311 "" "" 2093.80762 2261.11304 17971.49854 4.3657 8615.1 13.281 13487.0 10.658 "" "" 0.0027679150837668985 0.0032536965 0.0038755492 0.0071292454 309.48848658276 46.37283840956 2170.61719 -2.112 -3.2780000000000005 0.99
309.89026894652 46.45722582622 0.0209 0.021 6.9556 "" "" 2071276776263142528 2040.26318 0.4665 0.0239 -2.106 -3.068 0.027 0.028 1.253 8979.8 4.0681 15.179769 1.014914 15.587211 14.572296 "" "" 1952.30957 2139.79736 15960.2406 5.6871 7953.0 13.168 11755.0 10.557 "" "" 0.002782348858194317 0.0033191433 0.003903142 0.0072222855 309.89026894652 46.45722582622 2040.26318 -2.106 -3.0679999999999996 0.93
309.8276820502 46.40545294797 0.0174 0.0179 6.1321 "" "" 2071274817758002432 2096.93237 0.4512 0.0195 -2.148 -3.186 0.022 0.022 1.024 9049.0 4.2801 15.225207 0.994218 15.63363 14.639412 "" "" 2004.69177 2203.66333 15306.07741 3.5436 7620.2 11.434 11051.0 11.793 "" "" 0.002766762341188484 0.0032309622 0.0039529945 0.007183957 309.8276820502 46.40545294797 2096.93237 -2.1479999999999997 -3.186 0.98
309.61904408399 46.44519482154 0.0186 0.0202 4.8316 "" "" 2071267224255472512 2189.49927 0.4315 0.021 -2.093 -3.231 0.023 0.023 1.002 7999.3 4.402 15.226383 0.964377 15.621194 14.656816 "" "" 2089.38647 2299.38086 15289.50329 4.0778 7708.0 15.148 10875.0 11.677 "" "" 0.0027704948033822185 0.0035125231 0.003955102 0.007467625 309.61904408399 46.44519482154 2189.49927 -2.0929999999999995 -3.2309999999999994 0.99
309.54290946816 46.40600693358 0.0184 0.0196 8.7162 "" "" 2071265471908735488 2071.30859 0.467 0.0218 -2.076 -3.386 0.024 0.024 1.029 7892.7 4.2683 15.236075 1.057797 15.676208 14.61841 "" "" 1976.57654 2162.5249 15153.62055 4.0085 7327.1 13.371 11267.0 11.363 "" "" 0.0027702482330486575 0.0034220903 0.0039348095 0.0073569 309.54290946816 46.40600693358 2071.30859 -2.076 -3.386 0.98
309.47570546497 46.3444327955 0.0201 0.0218 13.1054 "" "" 2071264784713891200 2255.77515 0.4168 0.0235 -2.045 -3.253 0.026 0.026 1.13 8503.0 3.9873 15.314201 1.019011 15.735235 14.716225 "" "" 2128.19409 2381.86523 14101.52936 3.7175 6939.4 13.013 10296.0 11.148 "" "" 0.002770147059006628 0.0034540386 0.0039579943 0.007412033 309.47570546497 46.3444327955 2255.77515 -2.045 -3.253 0.93
309.65696023647 46.5017562907 0.0198 0.0209 3.1196 "" "" 2071290863755788416 2060.62573 0.4568 0.0229 -2.023 -3.288 0.026 0.026 1.06 7996.6 4.2089 15.395814 0.968427 15.79095 14.822523 "" "" 1955.3374 2185.98853 13080.40511 3.4004 6592.3 12.186 9335.7 10.667 "" "" 0.0027697390056009 0.0034370217 0.0039777798 0.0074148015 309.65696023647 46.5017562907 2060.62573 -2.023 -3.2879999999999994 0.99
309.97078314136 46.59012568404 0.0227 0.0233 12.1326 "" "" 2071295227442739968 2155.29907 0.4459 0.0258 -2.167 -3.277 0.03 0.029 1.098 6724.4 3.9421 15.400352 1.059815 15.840639 14.780825 "" "" 2021.09021 2266.26318 13025.85372 3.7629 6297.4 11.996 9701.3 11.594 "" "" 0.0027731144404950217 0.0034731308 0.003995922 0.0074690524 309.97078314136 46.59012568404 2155.29907 -2.1670000000000003 -3.277 0.92
309.71744462637 46.43247774855 0.0202 0.0208 2.8211 "" "" 2071264028799868288 2093.22021 0.4475 0.0225 -2.007 -3.246 0.026 0.026 1.038 7681.7 3.849 15.47643 1.335529 16.065912 14.730383 "" "" 2014.70093 2189.77979 12144.36623 3.3603 5117.4 10.696 10163.0 12.255 "" "" 0.0027716495141513423 0.0035965089 0.003999726 0.007596235 309.71744462637 46.43247774855 2093.22021 -2.007 -3.2460000000000004 0.94
309.79072272733 46.42402752021 0.0215 0.0217 4.2825 "" "" 2071286603148251136 2093.89746 0.4471 0.0247 -2.16 -3.247 0.031 0.027 1.043 7976.5 3.8573 15.519925 1.121201 15.995405 14.874205 "" "" 1978.87805 2194.05029 11667.46694 3.2471 5460.8 11.905 8901.8 11.736 "" "" 0.0027718392410861006 0.0036589229 0.004041372 0.0077002947 309.79072272733 46.42402752021 2093.89746 -2.16 -3.247 0.98
309.74877587395 46.410219749 0.0205 0.0222 4.2542 "" "" 2071286671867712640 2158.87036 0.4461 0.024 -2.129 -3.241 0.028 0.028 1.066 8447.2 4.0892 15.524002 1.075537 15.975088 14.899551 "" "" 2060.87305 2279.61816 11623.73863 3.2184 5563.9 9.018 8696.4 10.682 "" "" 0.002771671345145135 0.0032987616 0.0040077814 0.007306543 309.74877587395 46.410219749 2158.87036 -2.1290000000000004 -3.2410000000000005 0.98
