Clusters/UBC_148/UBC_148_stars_in_region.tsv
# %ECSV 1.0
# ---
# datatype:
# - name: RA_ICRS_1
#   unit: deg
#   datatype: float64
#   format: '{:15.11f}'
#   description: Right ascension (ICRS) at Ep=2016.0 (ra)
#   meta: !!omap
#   - {ucd: POS_EQ_RA_MAIN}
#   - {width: 15}
#   - {precision: '11'}
# - name: DE_ICRS_1
#   unit: deg
#   datatype: float64
#   format: '{:15.11f}'
#   description: Declination (ICRS) at Ep=2016.0 (dec)
#   meta: !!omap
#   - {ucd: POS_EQ_DEC_MAIN}
#   - {width: 15}
#   - {precision: '11'}
# - name: e_RA_ICRS
#   unit: mas
#   datatype: float64
#   format: '{:7.4f}'
#   description: Standard error of right ascension (ra_error)
#   meta: !!omap
#   - {ucd: ERROR}
#   - {width: 7}
#   - {precision: '4'}
# - name: e_DE_ICRS
#   unit: mas
#   datatype: float64
#   format: '{:7.4f}'
#   description: Standard error of declination (dec_error)
#   meta: !!omap
#   - {ucd: ERROR}
#   - {width: 7}
#   - {precision: '4'}
# - name: _r_1
#   unit: ''
#   datatype: float64
#   format: '{:7.4f}'
#   description: Distance from center (309.72500803000+46.47920587000)[ICRS], at Epoch=J2016.0
#   meta: !!omap
#   - {ucd: POS_ANG_DIST_GENERAL}
#   - {width: 7}
#   - {precision: '4'}
# - name: HIP
#   datatype: int32
#   description: '? HIP cross-id number, van Leeuwen, Cat. I/311 (hip_original_ext_source_id)'
#   meta: !!omap
#   - {ucd: ID_NUMBER}
#   - {width: 6}
#   - values: {'null': -2147483648}
# - name: TYC2
#   datatype: string
#   description: Tycho-2 cross-id name, Hog et al., Cat. I/259 (tyc2_original_ext_source_id)
#   meta: !!omap
#   - {ucd: ID_CROSSID}
#   - {_votable_string_dtype: char}
# - name: Source
#   datatype: int64
#   description: Source identifier, identical to the Gaia-EDR3 source_id (id)
#   meta: !!omap
#   - {ucd: ID_MAIN}
#   - {width: 19}
# - name: rgeo
#   unit: pc
#   datatype: float64
#   format: '{:15.8f}'
#   description: '? Median of the geometric distance posterior (r_med_geo)'
#   meta: !!omap
#   - {ucd: PHYS_DISTANCE_TRUE}
#   - {width: 15}
#   - {precision: '8'}
#   - values: {'null': .nan}
# - name: Plx
#   unit: mas
#   datatype: float64
#   format: '{:9.4f}'
#   description: '? Parallax (parallax)'
#   meta: !!omap
#   - {ucd: POS_PARLX_TRIG}
#   - {width: 9}
#   - {precision: '4'}
#   - values: {'null': .nan}
# - name: e_Plx
#   unit: mas
#   datatype: float32
#   format: '{:7.4f}'
#   description: '? Standard error of parallax (parallax_error)'
#   meta: !!omap
#   - {ucd: ERROR}
#   - {width: 7}
#   - {precision: '4'}
#   - values: {'null': .nan}
# - name: pmRA
#   unit: mas / yr
#   datatype: float64
#   format: '{:9.3f}'
#   description: '? Proper motion in right ascension direction, pmRA*cosDE (pmra)'
#   meta: !!omap
#   - {ucd: POS_EQ_PMRA}
#   - {width: 9}
#   - {precision: '3'}
#   - values: {'null': .nan}
# - name: pmDE
#   unit: mas / yr
#   datatype: float64
#   format: '{:9.3f}'
#   description: '? Proper motion in declination direction (pmdec)'
#   meta: !!omap
#   - {ucd: POS_EQ_PMDEC}
#   - {width: 9}
#   - {precision: '3'}
#   - values: {'null': .nan}
# - name: e_pmRA
#   unit: mas / yr
#   datatype: float32
#   format: '{:6.3f}'
#   description: '? Standard error of proper motion in right ascension direction (pmra_error)'
#   meta: !!omap
#   - {ucd: ERROR}
#   - {width: 6}
#   - {precision: '3'}
#   - values: {'null': .nan}
# - name: e_pmDE
[...]
#         value: !astropy.table.SerializedColumn {name: SkyCoord.dec}
#       distance: !astropy.table.SerializedColumn
#         __class__: astropy.coordinates.distances.Distance
#         unit: !astropy.units.Unit {unit: pc}
#         value: !astropy.table.SerializedColumn {name: SkyCoord.distance}
#       frame: icrs
#       obstime: !astropy.time.Time {format: jyear_str, in_subfmt: '*', jd1: 367701545.0, jd2: 0.0, out_subfmt: '*', precision: 3, scale: tt}
#       pm_dec: !astropy.table.SerializedColumn
#         __class__: astropy.units.quantity.Quantity
#         unit: !astropy.units.Unit {unit: mas / yr}
#         value: !astropy.table.SerializedColumn {name: SkyCoord.pm_dec}
#       pm_ra_cosdec: !astropy.table.SerializedColumn
#         __class__: astropy.units.quantity.Quantity
#         unit: !astropy.units.Unit {unit: mas / yr}
#         value: !astropy.table.SerializedColumn {name: SkyCoord.pm_ra_cosdec}
#       ra: !astropy.table.SerializedColumn
#         __class__: astropy.coordinates.angles.Longitude
#         unit: *id001
#         value: !astropy.table.SerializedColumn {name: SkyCoord.ra}
#         wrap_angle: !astropy.coordinates.Angle
#           unit: *id001
#           value: 360.0
#       representation_type: spherical
# schema: astropy-2.0
RA_ICRS_1 DE_ICRS_1 e_RA_ICRS e_DE_ICRS _r_1 HIP TYC2 Source rgeo Plx e_Plx pmRA pmDE e_pmRA e_pmDE RUWE Teff logg Gmag BP-RP BPmag RPmag RV e_RV b_rgeo B_rgeo FG e_FG FBP e_FBP FRP e_FRP RAVE5 RAVE6 e_Gmag e_BPmag e_RPmag e_BP-RP SkyCoord.ra SkyCoord.dec SkyCoord.distance SkyCoord.pm_ra_cosdec SkyCoord.pm_dec rmRA rmDE e_rmRA e_rmDE rRV e_rRV v_pec v_pec3d e_vpec e_vpec3d
[from data line 977]
309.43563085993 46.65747458343 0.0252 0.0275 16.0278 "" "" 2071320069534464896 1814.60022 0.5244 0.0309 -0.809 -1.685 0.032 0.036 0.98 5093.9 4.133 15.825715 1.438521 16.477455 15.038934 "" "" 1728.24646 1933.8551 8803.60988 3.3362 3503.0 10.875 7648.7 12.443 "" "" 0.002785871380853896 0.0043756505 0.004171751 0.008547401 309.43563085993 46.65747458343 1814.60022 -0.8090000000000002 -1.685 1.2966933403015135 1.57265323638916 0.105017066 0.10901707 "" "" 17.53180444405952 "" 1.883199561675794 ""
309.89751971385 46.34232010157 0.0219 0.0243 10.8806 "" "" 2071273649526913920 1715.646 0.5543 0.0265 -5.621 -8.382 0.03 0.029 1.026 6873.6 4.2175 15.826528 1.412022 16.454512 15.04249 "" "" 1651.91455 1810.92993 8797.0202 3.0964 3577.8 6.6996 7623.6 15.338 "" "" 0.002781696610088914 0.00345232 0.004365243 0.007817563 309.89751971385 46.34232010157 1715.646 -5.621 -8.382 -3.5153066596984868 -5.1243467636108395 0.10301707 0.10201707 "" "" 50.534900340923016 "" 5.171647471641365 ""
309.67490114479 46.35742365314 0.0238 0.0255 7.5952 "" "" 2071262688770006784 2229.12671 0.4194 0.0278 -4.251 -4.252 0.03 0.031 1.022 5023.0 3.2833 15.826615 2.0526 16.875042 14.822442 "" "" 2110.16211 2407.58862 8796.31337 3.6235 2428.8 8.0044 9336.4 9.8012 "" "" 0.0027913837742333863 0.0045374413 0.0039475113 0.008484952 309.67490114479 46.35742365314 2229.12671 -4.251000000000005 -4.252000000000001 -2.1453066596984867 -0.9943467636108396 0.10301707 0.104017064 "" "" 24.983910343042353 "" 2.5782049836383907 ""
309.76053976885 46.08378084021 0.0238 0.025 23.7712 "" "" 2071243825273568768 2149.75854 0.4445 0.0289 -3.051 -2.676 0.035 0.033 1.059 7766.0 4.123 15.827848 1.200458 16.347525 15.147067 "" "" 2027.15833 2294.28101 8786.32357 2.9117 3948.3 9.8254 6923.6 12.4 "" "" 0.0027787131895932503 0.0038839604 0.004250284 0.008134244 309.76053976885 46.08378084021 2149.75854 -3.051 -2.676 -0.9453066596984865 0.58165323638916 0.10801707 0.10601707 "" "" 11.309937071887106 "" 1.2154961652950869 ""
309.88279022064 46.42462999423 0.0244 0.0255 7.2982 "" "" 2071275058276209024 2013.77637 0.4672 0.0273 -4.195 -4.133 0.033 0.033 1.064 4762.9 3.3841 15.828859 2.183679 16.961756 14.778077 "" "" 1912.17761 2137.00098 8778.14787 3.3358 2242.4 9.5335 9725.8 11.757 "" "" 0.002786040564380171 0.0053937268 0.004000794 0.009394521 309.88279022064 46.42462999423 2013.77637 -4.195000000000001 -4.133000000000006 -2.0893066596984866 -0.8753467636108399 0.10601707 0.10601707 "" "" 21.622652435370664 "" 2.292370214196222 ""
310.16105740024 46.46346649965 0.0241 0.0268 18.0436 "" "" 2071278116293079808 2048.87329 0.464 0.029 -1.788 -5.295 0.031 0.032 0.926 6701.1 4.2159 15.829618 1.294163 16.402504 15.108341 "" "" 1936.62219 2169.76001 8772.01747 3.0822 3753.3 9.4221 7175.0 11.798 "" "" 0.002781604876051198 0.0039004907 0.0041798344 0.008080325 310.16105740024 46.46346649965 2048.87329 -1.788000000000001 -5.295 0.31769334030151364 -2.0373467636108398 0.104017064 0.105017066 "" "" 20.025128215437817 "" 2.102507054936743 ""
309.8224332013 46.17519787289 0.024 0.0245 18.6818 "" "" 2071246058656659072 2024.40942 0.4624 0.0283 -0.682 -1.762 0.036 0.031 0.993 6300.1 4.0183 15.829906 1.591867 16.574821 14.982954 "" "" 1919.82629 2143.39966 8769.68739 3.0655 3202.5 11.511 8053.3 15.679 "" "" 0.0027813358991940164 0.0047973874 0.004330355 0.009127743 309.8224332013 46.17519787289 2024.40942 -0.6819999999999997 -1.762 1.4236933403015137 1.4956532363891601 0.10901707 0.104017064 "" "" 19.814323341774532 "" 2.108703501588837 ""
309.62402085014 46.47133087989 0.0244 0.0258 4.1995 "" "" 2071267464773658880 2485.62671 0.3609 0.0281 -4.099 -1.472 0.032 0.033 1.013 "" "" 15.830106 2.704568 17.34775 14.643182 "" "" 2321.70044 2672.05908 8768.08067 3.693 1571.5 7.0051 11012.0 9.865 "" "" 0.0027930110334664572 0.005586445 0.0039025336 0.009488978 309.62402085014 46.47133087989 2485.62671 -4.099 -1.472000000000001 -1.9933066596984865 1.7856532363891602 0.105017066 0.10601707 "" "" 31.530163299191802 "" 3.325279909813925 ""
309.36216534921 46.7248437683 0.0248 0.0261 20.9988 "" "" 2071321237765555328 1893.38208 0.5025 0.0293 -0.662 -6.587 0.032 0.036 1.066 6341.9 4.2069 15.830512 1.272784 16.391544 15.11876 "" "" 1801.67004 2013.13074 8764.8018 2.9252 3791.4 9.2014 7106.5 10.295 "" "" 0.0027790452797228416 0.0038377347 0.0040936135 0.007931348 309.36216534921 46.7248437683 1893.38208 -0.6620000000000001 -6.587 1.4436933403015138 -3.3293467636108396 0.105017066 0.10901707 "" "" 32.567896599534464 "" 3.5301584617588366 ""
309.61349456872 46.46305375583 0.0225 0.0237 4.7089 "" "" 2071267430413908736 1785.69678 0.5383 0.0257 2.711 -1.428 0.029 0.029 1.008 6349.1 4.0936 15.8306 1.470025 16.50347 15.033444 "" "" 1716.64697 1879.20825 8764.0905 2.9786 3420.0 6.8327 7687.4 13.649 "" "" 0.0027799195050814737 0.003534159 0.004242624 0.007776783 309.61349456872 46.46305375583 1785.69678 2.711 -1.428 4.816693340301514 1.8296532363891602 0.10201707 0.10201707 "" "" 43.61173022838491 "" 4.449140820953474 ""
309.66496925125 46.59765639084 0.0256 0.0264 7.5266 "" "" 2071292478663803264 1854.75757 0.5173 0.0296 -0.703 -2.157 0.032 0.033 1.114 7058.9 4.3494 15.832561 1.156092 16.316317 15.160225 "" "" 1766.17749 1972.24536 8748.27914 3.175 4063.4 13.337 6840.2 11.623 "" "" 0.002783354191826346 0.0045259832 0.0042056385 0.008731622 309.66496925125 46.59765639084 1854.75757 -0.7029999999999998 -2.157 1.4026933403015138 1.1006532363891601 0.105017066 0.10601707 "" "" 15.675081664820631 "" 1.652142044873146 ""
310.22111468272 46.79661251716 0.0256 0.0282 27.9354 "" "" 2167363475375401728 2523.09912 0.3706 0.0313 -1.05 -3.864 0.032 0.033 0.99 6709.6 3.9836 15.833005 1.657147 16.615927 14.958779 "" "" 2313.12573 2691.46045 8744.69362 3.67 3083.5 10.532 8234.7 11.545 "" "" 0.002792744187975138 0.004640859 0.0040744087 0.008715268 310.22111468272 46.79661251716 2523.09912 -1.049999999999999 -3.863999999999998 1.0556933403015136 -0.6063467636108397 0.105017066 0.10601707 "" "" 14.55988601428941 "" 1.5326610991984502 ""
309.56987975768 46.8922271595 0.0242 0.0246 25.5906 "" "" 2071346801411263488 2201.84814 0.4267 0.0285 -1.148 -4.073 0.032 0.032 1.035 6297.6 4.1552 15.83407 1.303554 16.413227 15.109673 "" "" 2092.94775 2338.74194 8736.12392 2.8056 3716.4 9.8853 7166.2 8.0651 "" "" 0.00277729536015659 0.004015642 0.003972006 0.007987648 309.56987975768 46.8922271595 2201.84814 -1.1479999999999992 -4.072999999999994 0.9576933403015138 -0.8153467636108402 0.105017066 0.105017066 "" "" 13.126967126246369 "" 1.3785555731016825 ""
309.53264974823 46.55616501817 0.0246 0.0261 9.1868 "" "" 2071315568408746496 2053.26709 0.4643 0.0296 -1.357 -2.493 0.032 0.033 1.026 6353.3 4.2936 15.835153 1.169258 16.331656 15.162397 "" "" 1943.4917 2178.4021 8727.41337 3.1224 4006.4 10.47 6826.5 11.83 "" "" 0.0027825666871025105 0.003979415 0.004221834 0.008201249 309.53264974823 46.55616501817 2053.26709 -1.356999999999999 -2.4929999999999986 0.7486933403015137 0.7646532363891603 0.105017066 0.10601707 "" "" 10.415289323702218 "" 1.0991129418396373 ""
309.38278738638 46.55207744336 0.0247 0.0282 14.7911 "" "" 2071314881213905024 2540.57153 0.3476 0.0295 -2.883 -1.432 0.032 0.037 1.046 15009.9 3.6232 15.837455 2.832962 17.444967 14.612005 "" "" 2382.26172 2721.59399 8708.92995 4.5798 1436.9 7.7917 11333.0 12.854 "" "" 0.00281385593767245 0.0065151784 0.0039749467 0.010490125 309.38278738638 46.55207744336 2540.57153 -2.8829999999999996 -1.432 -0.7773066596984863 1.8256532363891602 0.105017066 0.11001707 "" "" 23.894852570778248 "" 2.6108622356502296 ""
310.36787883832 46.56593828668 0.0265 0.0265 27.0457 "" "" 2166606633420424576 2159.54932 0.4354 0.0294 -1.936 -3.283 0.035 0.033 0.943 9212.7 3.8051 15.837844 1.624891 16.600685 14.975794 "" "" 2034.15039 2313.07495 8705.81094 3.3265 3127.1 9.1808 8106.6 9.8792 "" "" 0.002786377403812043 0.0042362493 0.0040043024 0.008240552 310.36787883832 46.56593828668 2159.54932 -1.9359999999999986 -3.2830000000000013 0.16969334030151373 -0.025346763610839762 0.10801707 0.10601707 "" "" 1.7562961315839998 "" 0.18963400168672048 ""
309.82519501987 46.56701866713 0.024 0.025 6.6983 "" "" 2071289897379645184 1837.44299 0.5244 0.027 -1.821 -2.577 0.031 0.031 0.994 6530.9 4.3257 15.838464 1.197441 16.357033 15.159592 "" "" 1739.42261 1928.57227 8700.84074 3.1112 3913.8 11.964 6844.2 10.755 "" "" 0.0027825371999618737 0.00433596 0.004146638 0.008482598 309.82519501987 46.56701866713 1837.44299 -1.821 -2.577 0.2846933403015137 0.6806532363891602 0.104017064 0.104017064 "" "" 6.425796842017217 "" 0.6683925212086052 ""
309.32787450737 46.51409826022 0.0239 0.0275 16.5362 "" "" 2071314400177517312 2075.44556 0.4596 0.0282 -4.009 -4.424 0.032 0.036 0.995 8207.6 4.2697 15.840104 1.224429 16.370535 15.146106 "" "" 1958.31042 2177.62866 8687.70299 3.1156 3865.5 13.459 6929.7 9.8166 "" "" 0.0027826960669925247 0.0046985163 0.004080359 0.008778876 309.32787450737 46.51409826022 2075.44556 -4.009 -4.423999999999996 -1.9033066596984867 -1.1663467636108402 0.105017066 0.10901707 "" "" 21.960011381501158 "" 2.3304852664989952 ""
309.79771156249 46.93367916451 0.0247 0.026 27.432 "" "" 2071350546622816384 1812.65723 0.5302 0.0298 -3.189 -4.63 0.032 0.036 1.04 5992.5 4.2309 15.840389 1.181205 16.345634 15.16443 "" "" 1705.53796 1926.26501 8685.42367 3.159 3955.2 7.9765 6813.8 11.309 "" "" 0.0027834748732448165 0.003546755 0.0041870032 0.0077337585 309.79771156249 46.93367916451 1812.65723 -3.189 -4.63 -1.0833066596984864 -1.3723467636108397 0.105017066 0.10901707 "" "" 15.02221111020265 "" 1.6148734498969988 ""
309.26535729729 46.19706874175 0.0241 0.0259 25.4775 "" "" 2071257191211557760 1715.30212 0.5566 0.0289 0.101 -2.646 0.034 0.033 1.04 6425.1 4.0067 15.840979 1.509193 16.533777 15.024584 "" "" 1638.72522 1801.63965 8680.70744 2.7674 3325.9 8.8528 7750.4 11.676 "" "" 0.002776976129372169 0.004017097 0.004118146 0.008135242 309.26535729729 46.19706874175 1715.30212 0.10099999999999998 -2.646 2.2066933403015137 0.6116532363891602 0.10701707 0.10601707 "" "" 18.618057706606894 "" 1.991127395635099 ""
309.35125893014 46.45780508438 0.0274 0.0275 15.4985 "" "" 2071313919141171712 2180.47705 0.4449 0.0309 -4.098 -4.338 0.037 0.034 1.009 8775.9 4.0841 15.841103 1.401904 16.46719 15.065286 "" "" 2036.09839 2366.67383 8679.71937 3.2062 3536.2 9.7679 7465.2 14.425 "" "" 0.0027843560174240244 0.0040962854 0.0043226373 0.008418923 309.35125893014 46.45780508438 2180.47705 -4.0980000000000025 -4.337999999999996 -1.9923066596984862 -1.08034676361084 0.11001707 0.10701707 "" "" 23.423983750900515 "" 2.561239464675926 ""
310.01034431328 46.59584974985 0.0442 0.0417 13.6992 "" "" 2071283545131713792 1961.68311 0.4902 0.0482 -5.367 -3.526 0.058 0.051 1.644 5204.6 4.1593 15.841123 1.558777 16.523895 14.965118 "" "" 1811.146 2174.51929 8679.56211 5.2708 3356.3 22.016 8186.7 35.445 "" "" 0.002833108864330439 0.0076490478 0.0060316753 0.013680723 310.01034431328 46.59584974985 1961.68311 -5.366999999999999 -3.5260000000000047 -3.2613066596984863 -0.26834676361083964 0.13101706 0.12401707 "" "" 30.427343308522723 "" 3.9851067335849035 ""
309.92681739128 46.83134474141 0.0325 0.0332 22.7042 "" "" 2071302202469888256 2061.51001 0.4653 0.038 -4.74 -6.856 0.04 0.039 1.226 9225.8 4.0523 15.841976 1.22535 16.355831 15.130481 "" "" 1919.7771 2262.82275 8672.73794 4.1473 3918.2 12.102 7030.2 12.908 "" "" 0.002803811083802825 0.004362434 0.00427291 0.008635344 309.92681739128 46.83134474141 2061.51001 -4.740000000000002 -6.855999999999998 -2.6343066596984865 -3.5983467636108397 0.11301707 0.112017065 "" "" 43.57684192594696 "" 4.89659966174633 ""
309.8930345695 46.25954875368 0.0371 0.0376 14.9026 "" "" 2071246780211230080 1838.44324 0.527 0.0444 -3.417 -5.016 0.052 0.048 1.969 7316.1 4.2075 15.84221 1.676488 16.587446 14.910958 "" "" 1695.94788 1971.10657 8670.87355 8.9052 3165.5 12.096 8605.5 24.391 "" "" 0.002972404344021359 0.004999769 0.004873792 0.009873562 309.8930345695 46.25954875368 1838.44324 -3.417 -5.016 -1.3113066596984861 -1.7583467636108399 0.12501708 0.12101707 "" "" 19.1143779849642 "" 2.3407781761220385 ""
309.46011192333 46.17334918543 0.0279 0.0309 21.383 "" "" 2071254820389682048 1707.68823 0.557 0.0344 0.114 -2.22 0.04 0.037 1.179 6710.1 4.144 15.845881 1.589768 16.584776 14.995008 "" "" 1604.20654 1821.7312 8641.6006 3.6571 3173.3 11.088 7964.4 9.3734 "" "" 0.002793369219479964 0.004709292 0.003989554 0.008698846 309.46011192333 46.17334918543 1707.68823 0.11399999999999966 -2.2200000000000006 2.2196933403015136 1.03765323638916 0.11301707 0.11001707 "" "" 19.833469299162214 "" 2.2309664238972697 ""
309.38056274163 46.19964160109 0.0246 0.0273 22.0213 "" "" 2071256607096049664 2152.43213 0.4396 0.0288 -5.665 -7.649 0.035 0.037 0.933 6500.4 4.112 15.845917 1.512986 16.539362 15.026376 "" "" 2023.69971 2283.80933 8641.321 3.0557 3308.8 10.568 7737.6 12.339 "" "" 0.002781940611436463 0.004450873 0.0041571 0.008607972 309.38056274163 46.19964160109 2152.43213 -5.664999999999999 -7.648999999999999 -3.5593066596984864 -4.39134676361084 0.10801707 0.11001707 "" "" 57.671446359082246 "" 6.299364721720326 ""
309.60264560616 46.86371607701 0.025 0.0249 23.6142 "" "" 2071346526533361792 2134.55005 0.4493 0.0296 3.005 0.357 0.032 0.031 1.02 5522.7 4.1222 15.846012 1.450762 16.507164 15.056402 "" "" 2003.73047 2275.94067 8640.56199 3.0544 3408.4 10.146 7526.6 10.102 "" "" 0.0027819227250537237 0.004269747 0.0040505915 0.008320339 309.60264560616 46.86371607701 2134.55005 3.004999999999998 0.3569999999999991 5.110693340301514 3.6146532363891604 0.105017066 0.104017064 "" "" 63.33504450597581 "" 6.6302094592767515 ""
309.19607626651 46.39458500372 0.025 0.0259 22.4524 "" "" 2071310654965916672 1850.62427 0.5147 0.0291 -3.397 -4.406 0.035 0.031 0.958 6463.9 4.1765 15.848012 1.500942 16.5291 15.028158 "" "" 1741.97168 1946.85205 8624.65866 3.2487 3340.2 12.061 7724.9 9.715 "" "" 0.002785506466637412 0.004811956 0.004018478 0.008830434 309.19607626651 46.39458500372 1850.62427 -3.396999999999999 -4.405999999999999 -1.2913066596984861 -1.1483467636108395 0.10801707 0.104017064 "" "" 15.158425383702125 "" 1.6108741218255043 ""
309.30130442407 46.78108318278 0.0246 0.0257 25.1561 "" "" 2071333538551877760 2030.81079 0.4757 0.0305 0.285 -2.71 0.032 0.033 1.001 6888.0 4.2568 15.848743 1.17869 16.353485 15.174795 "" "" 1920.08447 2189.24316 8618.85584 3.248 3926.7 9.7943 6749.0 11.071 "" "" 0.0027855339517629304 0.00388832 0.004178014 0.008066334 309.30130442407 46.78108318278 2030.81079 0.28500000000000003 -2.7100000000000004 2.390693340301514 0.5476532363891602 0.105017066 0.10601707 "" "" 23.60901386911373 "" 2.4805318352972927 ""
309.33406982064 46.18747087554 0.0233 0.0252 23.8472 "" "" 2071257259931053568 2165.59521 0.4384 0.0277 -2.069 -3.262 0.033 0.031 0.994 7671.3 4.2557 15.850431 1.277162 16.40948 15.132318 "" "" 2020.38879 2308.93823 8605.4612 2.7887 3729.3 13.774 7018.3 8.6942 "" "" 0.002777694121424578 0.004885293 0.004011577 0.008896871 309.33406982064 46.18747087554 2165.59521 -2.068999999999999 -3.2620000000000005 0.03669334030151372 -0.004346763610839854 0.10601707 0.104017064 "" "" 0.37928788015197606 "" 0.040200588702133555 ""
309.85767084086 46.91358849242 0.0238 0.0281 26.6286 "" "" 2071350340464393984 1763.49866 0.5514 0.0301 -3.219 -3.699 0.031 0.035 0.973 5293.3 4.184 15.850445 1.36265 16.46008 15.097429 "" "" 1671.70325 1899.49768 8605.35206 3.0643 3559.5 8.4451 7247.5 8.2471 "" "" 0.0027823131094923312 0.003797453 0.003976198 0.007773651 309.85767084086 46.91358849242 1763.49866 -3.2189999999999994 -3.699 -1.1133066596984862 -0.4413467636108397 0.104017064 0.10801707 "" "" 10.010694123807195 "" 1.0468112068230762 ""
