Clusters/UBC_148/UBC_148_stars_in_region.tsv
# %ECSV 1.0
# ---
# datatype:
# - name: RA_ICRS_1
#   unit: deg
#   datatype: float64
#   format: '{:15.11f}'
#   description: Right ascension (ICRS) at Ep=2016.0 (ra)
#   meta: !!omap
#   - {ucd: POS_EQ_RA_MAIN}
#   - {width: 15}
#   - {precision: '11'}
# - name: DE_ICRS_1
#   unit: deg
#   datatype: float64
#   format: '{:15.11f}'
#   description: Declination (ICRS) at Ep=2016.0 (dec)
#   meta: !!omap
#   - {ucd: POS_EQ_DEC_MAIN}
#   - {width: 15}
#   - {precision: '11'}
# - name: e_RA_ICRS
#   unit: mas
#   datatype: float64
#   format: '{:7.4f}'
#   description: Standard error of right ascension (ra_error)
#   meta: !!omap
#   - {ucd: ERROR}
#   - {width: 7}
#   - {precision: '4'}
# - name: e_DE_ICRS
#   unit: mas
#   datatype: float64
#   format: '{:7.4f}'
#   description: Standard error of declination (dec_error)
#   meta: !!omap
#   - {ucd: ERROR}
#   - {width: 7}
#   - {precision: '4'}
# - name: _r_1
#   unit: ''
#   datatype: float64
#   format: '{:7.4f}'
#   description: Distance from center (309.72500803000+46.47920587000)[ICRS], at Epoch=J2016.0
#   meta: !!omap
#   - {ucd: POS_ANG_DIST_GENERAL}
#   - {width: 7}
#   - {precision: '4'}
# - name: HIP
#   datatype: int32
#   description: '? HIP cross-id number, van Leeuwen, Cat. I/311 (hip_original_ext_source_id)'
#   meta: !!omap
#   - {ucd: ID_NUMBER}
#   - {width: 6}
#   - values: {'null': -2147483648}
# - name: TYC2
#   datatype: string
#   description: Tycho-2 cross-id name, Hog et al., Cat. I/259 (tyc2_original_ext_source_id)
#   meta: !!omap
#   - {ucd: ID_CROSSID}
#   - {_votable_string_dtype: char}
# - name: Source
#   datatype: int64
#   description: Source identifier, identical to the Gaia-EDR3 source_id (id)
#   meta: !!omap
#   - {ucd: ID_MAIN}
#   - {width: 19}
# - name: rgeo
#   unit: pc
#   datatype: float64
#   format: '{:15.8f}'
#   description: '? Median of the geometric distance posterior (r_med_geo)'
#   meta: !!omap
#   - {ucd: PHYS_DISTANCE_TRUE}
#   - {width: 15}
#   - {precision: '8'}
#   - values: {'null': .nan}
# - name: Plx
#   unit: mas
#   datatype: float64
#   format: '{:9.4f}'
#   description: '? Parallax (parallax)'
#   meta: !!omap
#   - {ucd: POS_PARLX_TRIG}
#   - {width: 9}
#   - {precision: '4'}
#   - values: {'null': .nan}
# - name: e_Plx
#   unit: mas
#   datatype: float32
#   format: '{:7.4f}'
#   description: '? Standard error of parallax (parallax_error)'
#   meta: !!omap
#   - {ucd: ERROR}
#   - {width: 7}
#   - {precision: '4'}
#   - values: {'null': .nan}
# - name: pmRA
#   unit: mas / yr
#   datatype: float64
#   format: '{:9.3f}'
#   description: '? Proper motion in right ascension direction, pmRA*cosDE (pmra)'
#   meta: !!omap
#   - {ucd: POS_EQ_PMRA}
#   - {width: 9}
#   - {precision: '3'}
#   - values: {'null': .nan}
# - name: pmDE
#   unit: mas / yr
#   datatype: float64
#   format: '{:9.3f}'
#   description: '? Proper motion in declination direction (pmdec)'
#   meta: !!omap
#   - {ucd: POS_EQ_PMDEC}
#   - {width: 9}
#   - {precision: '3'}
#   - values: {'null': .nan}
# - name: e_pmRA
#   unit: mas / yr
#   datatype: float32
#   format: '{:6.3f}'
#   description: '? Standard error of proper motion in right ascension direction (pmra_error)'
#   meta: !!omap
#   - {ucd: ERROR}
#   - {width: 6}
#   - {precision: '3'}
#   - values: {'null': .nan}
# - name: e_pmDE
[...]
#         value: !astropy.table.SerializedColumn {name: SkyCoord.dec}
#       distance: !astropy.table.SerializedColumn
#         __class__: astropy.coordinates.distances.Distance
#         unit: !astropy.units.Unit {unit: pc}
#         value: !astropy.table.SerializedColumn {name: SkyCoord.distance}
#       frame: icrs
#       obstime: !astropy.time.Time {format: jyear_str, in_subfmt: '*', jd1: 367701545.0, jd2: 0.0, out_subfmt: '*', precision: 3, scale: tt}
#       pm_dec: !astropy.table.SerializedColumn
#         __class__: astropy.units.quantity.Quantity
#         unit: !astropy.units.Unit {unit: mas / yr}
#         value: !astropy.table.SerializedColumn {name: SkyCoord.pm_dec}
#       pm_ra_cosdec: !astropy.table.SerializedColumn
#         __class__: astropy.units.quantity.Quantity
#         unit: !astropy.units.Unit {unit: mas / yr}
#         value: !astropy.table.SerializedColumn {name: SkyCoord.pm_ra_cosdec}
#       ra: !astropy.table.SerializedColumn
#         __class__: astropy.coordinates.angles.Longitude
#         unit: *id001
#         value: !astropy.table.SerializedColumn {name: SkyCoord.ra}
#         wrap_angle: !astropy.coordinates.Angle
#           unit: *id001
#           value: 360.0
#       representation_type: spherical
# schema: astropy-2.0
RA_ICRS_1 DE_ICRS_1 e_RA_ICRS e_DE_ICRS _r_1 HIP TYC2 Source rgeo Plx e_Plx pmRA pmDE e_pmRA e_pmDE RUWE Teff logg Gmag BP-RP BPmag RPmag RV e_RV b_rgeo B_rgeo FG e_FG FBP e_FBP FRP e_FRP RAVE5 RAVE6 e_Gmag e_BPmag e_RPmag e_BP-RP SkyCoord.ra SkyCoord.dec SkyCoord.distance SkyCoord.pm_ra_cosdec SkyCoord.pm_dec rmRA rmDE e_rmRA e_rmDE rRV e_rRV v_pec v_pec3d e_vpec e_vpec3d
[from data line 417]
309.79924235445 46.19150949328 0.0146 0.0157 17.5336 "" "" 2071249013594150784 1889.63257 0.4995 0.0181 -1.338 -5.235 0.021 0.019 1.024 7166.5 3.9322 14.846889 1.374931 15.460094 14.085163 "" "" 1821.45581 1959.10693 21686.5805 4.4297 8940.9 11.278 18412.0 14.599 "" "" 0.0027642308895475106 0.0031081655 0.0038761906 0.006984356 309.79924235445 46.19150949328 1889.63257 -1.3379999999999999 -5.235000000000001 0.7676933403015136 -1.9773467636108402 0.094017066 0.09201707 "" "" 18.99878941258048 "" 1.7532370557636878 ""
309.17767537013 46.22131262872 0.0159 0.0165 27.4454 "" "" 2071210496330394240 1896.96948 0.4991 0.0186 -2.283 -2.368 0.022 0.02 0.954 5860.4 3.8825 14.854366 1.481825 15.531055 14.049231 -41.48 5.13 1840.77258 1964.05518 21537.75237 5.0581 8375.2 14.205 19031.0 14.703 "" "" 0.002767093379183095 0.0033430748 0.0038713494 0.007214424 309.17767537013 46.22131262872 1896.96948 -2.2830000000000004 -2.368 -0.17730665969848625 0.8896532363891603 0.09501707 0.09301707 -15.379999999999995 5.4637337 8.156759070749386 17.40911021672998 0.7593474970254734 4.840004991275667
309.91254281511 46.89978794025 0.0153 0.0189 26.3889 "" "" 2071303542499698432 1953.47839 0.4903 0.0197 -4.459 -2.701 0.02 0.022 0.977 6363.4 3.8772 14.860544 1.165123 15.35766 14.192537 -33.54 16.51 1871.80359 2052.48901 21415.5461 4.8315 9825.5 14.796 16678.0 19.623 "" "" 0.002766186873666428 0.0032339182 0.0039894385 0.0072233565 309.91254281511 46.89978794025 1953.47839 -4.459 -2.7010000000000014 -2.353306659698486 0.5566532363891601 0.09301707 0.09501707 -7.439999999999998 16.843733 22.39172134723675 23.59539753622087 2.085209407812055 5.667760711869344
309.8197794685 46.65268991326 0.0165 0.0167 11.119 "" "" 2071293681254693504 1853.49988 0.516 0.0189 -2.488 -6.77 0.021 0.021 1.006 6545.4 3.9616 14.863262 1.231537 15.398241 14.166704 -34.22 8.49 1802.65405 1921.34448 21361.99847 5.0661 9465.0 10.481 17080.0 13.306 "" "" 0.002767325284955614 0.003038179 0.0038728747 0.0069110533 309.8197794685 46.65268991326 1853.49988 -2.4880000000000004 -6.77 -0.3823066596984863 -3.5123467636108394 0.094017066 0.094017066 -8.119999999999997 8.823733 31.040294602523595 32.084798410017406 2.9183174282137814 3.5997018929595037
310.08717275502 46.28994506726 0.0146 0.0178 18.8052 "" "" 2071271003827151616 2072.61548 0.4542 0.0184 -1.801 -3.342 0.02 0.021 1.045 6644.1 3.6821 14.865868 1.109229 15.334655 14.225426 "" "" 1987.81567 2166.58301 21310.79747 4.6618 10036.0 12.49 16180.0 14.802 "" "" 0.0027655378234606193 0.003100136 0.003907724 0.0070078596 310.08717275502 46.28994506726 2072.61548 -1.8009999999999982 -3.3419999999999965 0.30469334030151374 -0.08434676361083993 0.09301707 0.094017066 "" "" 3.105944636786513 "" 0.28912804982905216 ""
309.25357522174 46.518757702 0.0168 0.0191 19.6152 "" "" 2071317526913667072 2255.81543 0.411 0.0208 -3.122 -6.158 0.022 0.023 1.065 6050.2 2.9978 14.867959 2.20067 16.014719 13.814049 15.3 3.44 2147.58911 2349.52979 21269.78841 9.2544 5364.5 11.264 23634.0 26.575 "" "" 0.0027955233294232463 0.0036030987 0.003971673 0.0075747715 309.25357522174 46.518757702 2255.81543 -3.122000000000002 -6.1579999999999995 -1.0163066596984862 -2.90034676361084 0.09501707 0.09601707 41.400000000000006 3.7737334 32.86096932443145 52.85644052470072 3.1516370475318105 3.546246865617136
310.21820345829 46.52653719533 0.0164 0.0175 20.5655 "" "" 2071280143517677824 2054.42261 0.4639 0.0194 -6.668 -8.872 0.021 0.021 0.937 6747.9 3.8788 14.8716 1.166919 15.371598 14.204679 -21.33 8.8 1975.9176 2127.85742 21198.57037 4.9299 9700.1 9.883 16492.0 18.047 "" "" 0.002766865380612348 0.003001457 0.003961733 0.00696319 310.21820345829 46.52653719533 2054.42261 -6.668000000000001 -8.872 -4.5623066596984865 -5.61434676361084 0.094017066 0.094017066 4.770000000000003 9.133734 70.44763984356565 70.60894319793165 6.62328040904904 6.636894672673701
309.95678649167 46.56642758548 0.0159 0.017 10.9063 "" "" 2071277566537203712 1757.12012 0.5429 0.0182 -2.405 -2.487 0.021 0.02 1.062 7858.4 3.8598 14.878419 1.163514 15.375357 14.211843 "" "" 1704.98181 1822.3595 21065.85741 4.8577 9666.6 21.101 16384.0 14.145 "" "" 0.002766671769483472 0.0036608858 0.0038938895 0.007554775 309.95678649167 46.56642758548 1757.12012 -2.405 -2.487 -0.29930665969848613 0.7706532363891601 0.094017066 0.09301707 "" "" 6.885669249493243 "" 0.6413914911977704 ""
309.56530262683 46.42741094892 0.0157 0.016 7.2966 "" "" 2071266915017774080 2079.56226 0.4562 0.0181 -2.082 -3.221 0.021 0.02 1.077 9205.5 4.1286 14.878528 0.928341 15.252511 14.32417 "" "" 2012.05713 2155.41821 21063.75594 5.1279 10825.0 11.343 14774.0 11.487 "" "" 0.0027679692600139456 0.0030132025 0.0038725133 0.0068857158 309.56530262683 46.42741094892 2079.56226 -2.0820000000000003 -3.2210000000000005 0.02369334030151382 0.03665323638916007 0.094017066 0.09301707 "" "" 0.4302083633236211 "" 0.040143987411257055 ""
309.35178223446 46.23507508612 0.0163 0.0171 21.2936 "" "" 2071257431729767168 2265.052 0.4179 0.0192 -3.569 -5.688 0.022 0.02 1.05 8217.6 3.53 14.882205 1.22074 15.403968 14.183228 "" "" 2166.65918 2355.10986 20992.5356 4.8477 9415.2 11.654 16822.0 20.129 "" "" 0.002766704123901429 0.0030969565 0.0039964477 0.0070934044 309.35178223446 46.23507508612 2265.052 -3.5689999999999995 -5.687999999999999 -1.4633066596984863 -2.4303467636108396 0.09501707 0.09301707 "" "" 30.457657793691677 "" 2.849416801234416 ""
309.97312841974 46.36940554972 0.0144 0.017 12.1946 "" "" 2071273924404876544 2094.50098 0.4497 0.0182 -4.204 -5.133 0.019 0.021 0.978 7225.0 4.0082 14.884684 1.140611 15.36777 14.22716 "" "" 2022.65149 2175.17529 20944.65034 6.15 9734.4 15.875 16155.0 16.54 "" "" 0.0027737026859525516 0.0033045716 0.003939468 0.0072440393 309.97312841974 46.36940554972 2094.50098 -4.204 -5.132999999999999 -2.098306659698486 -1.8753467636108399 0.09201707 0.094017066 "" "" 27.939360687460617 "" 2.5958604001363295 ""
309.62961591432 46.44184957342 0.0155 0.0167 4.5352 "" "" 2071267155536003712 2195.68652 0.4314 0.018 -2.08 -3.242 0.02 0.019 1.009 9335.4 4.1745 14.888865 0.913444 15.256179 14.342734 "" "" 2119.72534 2298.58643 20864.13747 5.018 10788.0 12.433 14523.0 14.743 "" "" 0.002767666449700487 0.0030579052 0.003936818 0.0069947233 309.62961591432 46.44184957342 2195.68652 -2.08 -3.242 0.0256933403015136 0.015653236389160163 0.09301707 0.09201707 "" "" 0.3131223904739992 "" 0.029041300748358843 ""
310.24413816464 46.46034688441 0.0234 0.0257 21.4824 "" "" 2071278288091800832 1858.6853 0.514 0.0279 -0.544 -2.303 0.031 0.032 1.523 9256.4 3.9584 14.894302 0.924408 15.255433 14.331025 "" "" 1762.50708 1939.55542 20759.93345 8.892 10796.0 13.761 14681.0 11.236 "" "" 0.0027942904448069817 0.0031145283 0.0038696541 0.0069841826 310.24413816464 46.46034688441 1858.6853 -0.544 -2.303 1.5616933403015136 0.9546532363891602 0.104017064 0.105017066 "" "" 16.125854684822798 "" 1.6817660677875066 ""
309.3758502244 46.50369411886 0.0155 0.0174 14.4976 "" "" 2071314503256759424 2092.0625 0.4506 0.0185 -4.061 -4.384 0.021 0.022 1.022 9601.0 4.3095 14.894795 0.93067 15.271098 14.340428 "" "" 2029.93896 2158.60986 20750.50007 5.5688 10641.0 13.055 14554.0 12.424 "" "" 0.002770684171057394 0.0030918263 0.003891369 0.0069831954 309.3758502244 46.50369411886 2092.0625 -4.061 -4.384 -1.9553066596984863 -1.1263467636108402 0.094017066 0.09501707 "" "" 22.376498380226437 "" 2.109370111100704 ""
309.7138934519 46.57069943378 0.0168 0.0171 5.5088 "" "" 2071291443566739968 2000.68164 0.4715 0.0187 -3.524 -7.883 0.021 0.02 1.093 6441.7 3.891 14.895644 1.293659 15.462893 14.169233 7.38 9.48 1932.47681 2103.16577 20734.27655 5.2786 8917.8 14.79 17040.0 17.175 "" "" 0.0027691500592915814 0.0033207634 0.003934629 0.007255392 309.7138934519 46.57069943378 2000.68164 -3.5240000000000027 -7.882999999999999 -1.4183066596984863 -4.62534676361084 0.094017066 0.09301707 33.480000000000004 9.813733 45.87907019512816 56.79612206805582 4.271499191354391 6.735836649719079
309.99770138012 46.66571179558 0.0172 0.0165 15.866 "" "" 2071295845918275968 2117.96216 0.4446 0.0192 0.272 0.095 0.022 0.019 1.017 7196.8 3.8411 14.899535 1.047445 15.336373 14.288928 "" "" 2049.91211 2214.4939 20660.11846 4.8226 10020.0 12.298 15261.0 15.498 "" "" 0.002766951484750847 0.0030920543 0.003936934 0.007028988 309.99770138012 46.66571179558 2117.96216 0.272 0.09500000000000001 2.377693340301514 3.3526532363891604 0.09501707 0.09201707 "" "" 41.26283347951796 "" 3.8387548504060067 ""
309.36217650159 46.81880621223 0.0175 0.0173 25.2688 "" "" 2071356971893719424 1803.67456 0.5259 0.021 -2.821 -5.319 0.024 0.023 0.951 7367.5 4.3235 14.900186 0.948609 15.28577 14.337161 "" "" 1734.1228 1858.33911 20647.73436 4.7957 10498.0 15.661 14598.0 15.105 "" "" 0.0027668361322697368 0.003226222 0.003942823 0.007169045 309.36217650159 46.81880621223 1803.67456 -2.8210000000000006 -5.319 -0.7153066596984865 -2.06134676361084 0.097017065 0.09601707 "" "" 18.65422166462421 "" 1.7931378494533372 ""
309.26955255556 46.20798594042 0.0159 0.0185 24.9138 "" "" 2071257191211560064 2520.40918 0.3522 0.0199 -3.632 -5.265 0.022 0.022 1.004 "" "" 14.901244 2.799957 16.492615 13.692657 -7.2 2.06 2414.39771 2643.21265 20627.6148 7.298 3454.4 10.482 26430.0 14.668 "" "" 0.0027819679865967468 0.0043173023 0.0038271141 0.008144416 309.26955255556 46.20798594042 2520.40918 -3.632 -5.265000000000001 -1.5263066596984864 -2.0073467636108395 0.09501707 0.09501707 18.900000000000002 2.3937333 30.126287646536156 35.56407186138614 2.8625115245512465 2.738261722204446
309.96513410172 46.22695242816 0.015 0.0163 18.1097 "" "" 2071269148401183616 1932.89978 0.4899 0.0184 -0.544 -1.7 0.02 0.02 1.031 "" "" 14.902584 1.47192 15.570106 14.098187 "" "" 1876.69958 1991.59363 20602.18483 4.9347 8079.3 9.1491 18192.0 15.442 "" "" 0.00276756572770886 0.0030490526 0.0038901276 0.00693918 309.96513410172 46.22695242816 1932.89978 -0.5439999999999994 -1.7000000000000002 1.5616933403015136 1.5576532363891602 0.09301707 0.09301707 "" "" 20.208620797494856 "" 1.879746725344333 ""
310.05562598785 46.24363777239 0.0152 0.0174 19.6769 "" "" 2071269388919412736 2197.47632 0.4344 0.0188 -6.036 -10.019 0.02 0.022 1.092 "" "" 14.906642 1.139624 15.389906 14.250282 "" "" 2117.4729 2287.93408 20525.31538 5.0826 9537.9 13.362 15814.0 12.316 "" "" 0.002768406251166505 0.0031778351 0.0038728188 0.007050654 310.05562598785 46.24363777239 2197.47632 -6.035999999999994 -10.019 -3.930306659698486 -6.76134676361084 0.09301707 0.09501707 "" "" 81.46055465770579 "" 7.699321310694122 ""
309.43494755599 46.27586265758 0.0165 0.0185 17.1178 "" "" 2071258634320665472 2226.74121 0.4069 0.0205 -2.737 -5.035 0.024 0.022 1.085 4909.3 1.9526 14.907886 2.641554 16.381458 13.739904 -32.14 2.96 2130.9187 2320.04224 20501.82683 6.9364 3826.8 10.015 25304.0 14.578 "" "" 0.0027796990157683277 0.003982319 0.0038307947 0.007813114 309.43494755599 46.27586265758 2226.74121 -2.736999999999998 -5.035000000000002 -0.6313066596984864 -1.77734676361084 0.097017065 0.09501707 -6.039999999999999 3.2937334 19.907701933159746 20.803802447137695 1.8960735720789084 2.050979535341724
309.9266834533 46.49341609338 0.0156 0.016 8.3751 "" "" 2071276948062109696 2152.63672 0.4416 0.0181 -2.12 -3.192 0.02 0.02 0.942 8992.0 4.0357 14.908324 1.005974 15.323637 14.317663 "" "" 2076.86963 2221.72534 20493.54262 6.3101 10138.0 14.34 14863.0 14.302 "" "" 0.002775526898512125 0.0031848992 0.0039211274 0.0071060266 309.9266834533 46.49341609338 2152.63672 -2.1200000000000006 -3.1920000000000033 -0.014306659698486435 0.06565323638915999 0.09301707 0.09301707 "" "" 0.6856134172131753 "" 0.06377375224034917 ""
309.82581008805 46.6389783778 0.0167 0.0166 10.4495 "" "" 2071290623237977600 2195.77466 0.425 0.0191 2.486 -2.107 0.021 0.021 1.016 5211.1 3.0107 14.909808 1.844884 15.815889 13.971005 -53.02 3.95 2117.72046 2303.23267 20465.55671 5.8677 6442.6 12.457 20453.0 14.719 "" "" 0.002772849152726281 0.003491726 0.0038593048 0.0073510306 309.82581008805 46.6389783778 2195.77466 2.486 -2.107 4.591693340301514 1.15065323638916 0.094017066 0.094017066 -26.92 4.2837334 49.26792510292531 56.14280758875047 4.632025769114602 4.554307704485676
309.62075028093 46.34288908642 0.0167 0.0186 9.2465 "" "" 2071261898495972608 1965.52612 0.4865 0.02 -2.109 -3.073 0.021 0.024 1.097 9680.5 4.1817 14.910903 1.014728 15.305572 14.290843 "" "" 1875.09692 2060.67871 20444.91978 7.4622 10308.0 13.426 15234.0 26.574 "" "" 0.0027836720093610758 0.003128079 0.004227381 0.00735546 309.62075028093 46.34288908642 1965.52612 -2.109 -3.073 -0.003306659698486314 0.1846532363891602 0.094017066 0.097017065 "" "" 1.720615011728515 "" 0.16692738873335075 ""
309.41049643448 46.36720702409 0.0154 0.017 14.6413 "" "" 2071265849865748864 2020.08606 0.4677 0.0183 -0.613 -2.447 0.021 0.021 1.006 7986.3 4.1277 14.913352 1.012542 15.325934 14.313393 "" "" 1952.77466 2093.12378 20398.86162 4.687 10117.0 10.913 14921.0 15.59 "" "" 0.0027665905458392264 0.0030259986 0.0039459635 0.006971962 309.41049643448 46.36720702409 2020.08606 -0.6130000000000014 -2.4470000000000005 1.4926933403015137 0.8106532363891601 0.094017066 0.094017066 "" "" 16.264589439875472 "" 1.5291489798318945 ""
310.07572186976 46.30871995095 0.0172 0.0203 17.7557 "" "" 2071271106906366976 2037.93982 0.4669 0.0221 5.138 -11.168 0.024 0.025 1.176 7310.0 3.916 14.913688 1.370176 15.523046 14.152869 -132.98 9.81 1929.68347 2147.37744 20392.55723 5.0581 8437.2 13.086 17299.0 12.83 "" "" 0.0027684495882446154 0.0032589543 0.0038642143 0.0071231686 310.07572186976 46.30871995095 2037.93982 5.137999999999999 -11.168000000000008 7.243693340301514 -7.910346763610839 0.097017065 0.09801707 -106.88 10.143734 103.61030817759284 148.8570803175172 10.108454165541943 10.126657314393752
310.2700283521 46.72897394805 0.0181 0.0192 27.0063 "" "" 2167361894827439744 2185.94556 0.4275 0.0213 -6.288 -3.974 0.022 0.023 1.018 6674.8 3.5372 14.914533 1.690373 15.719724 14.02935 -44.51 5.82 2091.15186 2294.58252 20376.68613 6.3359 7039.3 11.192 19383.0 16.89 "" "" 0.002775925320788637 0.0032810017 0.0038959999 0.007177002 310.2700283521 46.72897394805 2185.94556 -6.2879999999999985 -3.973999999999993 -4.182306659698487 -0.71634676361084 0.09501707 0.09601707 -18.409999999999997 6.1537337 43.965532437056716 47.66441169755362 4.178735449207997 4.528371390316469
309.70554243997 46.03226756401 0.0154 0.0175 26.8285 "" "" 2071237846679027584 1837.43604 0.514 0.0195 -0.179 -2.543 0.022 0.026 1.007 5991.3 3.9938 14.915726 1.253399 15.464014 14.210615 -2.49 14.13 1777.04187 1898.6709 20354.31239 5.0586 8908.6 9.311 16403.0 14.347 "" "" 0.002768501454409954 0.003012104 0.003896865 0.006908969 309.70554243997 46.03226756401 1837.43604 -0.17900000000000016 -2.543 1.9266933403015136 0.71465323638916 0.09501707 0.09901707 23.61 14.463734 17.897598496478597 29.62694942009982 1.7093951139416113 11.57245295315026
309.37375086894 46.67720001695 0.0155 0.0183 18.7345 "" "" 2071320275692869760 2250.40234 0.417 0.0193 -2.97 -3.867 0.019 0.025 0.992 7870.0 4.3738 14.915826 0.800435 15.230015 14.42958 "" "" 2166.12695 2338.79883 20352.43564 5.6273 11051.0 10.426 13407.0 12.992 "" "" 0.002771625571477029 0.0029722555 0.003923098 0.0068953536 309.37375086894 46.67720001695 2250.40234 -2.9699999999999958 -3.866999999999998 -0.8643066596984865 -0.6093467636108398 0.09201707 0.09801707 "" "" 11.280371409840454 "" 1.0609372123847383 ""
