Clusters/UBC_148/UBC_148_stars_in_region.tsv
# %ECSV 1.0
# ---
# datatype:
# - name: RA_ICRS_1
#   unit: deg
#   datatype: float64
#   format: '{:15.11f}'
#   description: Right ascension (ICRS) at Ep=2016.0 (ra)
#   meta: !!omap
#   - {ucd: POS_EQ_RA_MAIN}
#   - {width: 15}
#   - {precision: '11'}
# - name: DE_ICRS_1
#   unit: deg
#   datatype: float64
#   format: '{:15.11f}'
#   description: Declination (ICRS) at Ep=2016.0 (dec)
#   meta: !!omap
#   - {ucd: POS_EQ_DEC_MAIN}
#   - {width: 15}
#   - {precision: '11'}
# - name: e_RA_ICRS
#   unit: mas
#   datatype: float64
#   format: '{:7.4f}'
#   description: Standard error of right ascension (ra_error)
#   meta: !!omap
#   - {ucd: ERROR}
#   - {width: 7}
#   - {precision: '4'}
# - name: e_DE_ICRS
#   unit: mas
#   datatype: float64
#   format: '{:7.4f}'
#   description: Standard error of declination (dec_error)
#   meta: !!omap
#   - {ucd: ERROR}
#   - {width: 7}
#   - {precision: '4'}
# - name: _r_1
#   unit: ''
#   datatype: float64
#   format: '{:7.4f}'
#   description: Distance from center (309.72500803000+46.47920587000)[ICRS], at Epoch=J2016.0
#   meta: !!omap
#   - {ucd: POS_ANG_DIST_GENERAL}
#   - {width: 7}
#   - {precision: '4'}
# - name: HIP
#   datatype: int32
#   description: '? HIP cross-id number, van Leeuwen, Cat. I/311 (hip_original_ext_source_id)'
#   meta: !!omap
#   - {ucd: ID_NUMBER}
#   - {width: 6}
#   - values: {'null': -2147483648}
# - name: TYC2
#   datatype: string
#   description: Tycho-2 cross-id name, Hog et al., Cat. I/259 (tyc2_original_ext_source_id)
#   meta: !!omap
#   - {ucd: ID_CROSSID}
#   - {_votable_string_dtype: char}
# - name: Source
#   datatype: int64
#   description: Source identifier, identical to the Gaia-EDR3 source_id (id)
#   meta: !!omap
#   - {ucd: ID_MAIN}
#   - {width: 19}
# - name: rgeo
#   unit: pc
#   datatype: float64
#   format: '{:15.8f}'
#   description: '? Median of the geometric distance posterior (r_med_geo)'
#   meta: !!omap
#   - {ucd: PHYS_DISTANCE_TRUE}
#   - {width: 15}
#   - {precision: '8'}
#   - values: {'null': .nan}
# - name: Plx
#   unit: mas
#   datatype: float64
#   format: '{:9.4f}'
#   description: '? Parallax (parallax)'
#   meta: !!omap
#   - {ucd: POS_PARLX_TRIG}
#   - {width: 9}
#   - {precision: '4'}
#   - values: {'null': .nan}
# - name: e_Plx
#   unit: mas
#   datatype: float32
#   format: '{:7.4f}'
#   description: '? Standard error of parallax (parallax_error)'
#   meta: !!omap
#   - {ucd: ERROR}
#   - {width: 7}
#   - {precision: '4'}
#   - values: {'null': .nan}
# - name: pmRA
#   unit: mas / yr
#   datatype: float64
#   format: '{:9.3f}'
#   description: '? Proper motion in right ascension direction, pmRA*cosDE (pmra)'
#   meta: !!omap
#   - {ucd: POS_EQ_PMRA}
#   - {width: 9}
#   - {precision: '3'}
#   - values: {'null': .nan}
# - name: pmDE
#   unit: mas / yr
#   datatype: float64
#   format: '{:9.3f}'
#   description: '? Proper motion in declination direction (pmdec)'
#   meta: !!omap
#   - {ucd: POS_EQ_PMDEC}
#   - {width: 9}
#   - {precision: '3'}
#   - values: {'null': .nan}
# - name: e_pmRA
#   unit: mas / yr
#   datatype: float32
#   format: '{:6.3f}'
#   description: '? Standard error of proper motion in right ascension direction (pmra_error)'
#   meta: !!omap
#   - {ucd: ERROR}
#   - {width: 6}
#   - {precision: '3'}
#   - values: {'null': .nan}
# - name: e_pmDE
[...]
#         value: !astropy.table.SerializedColumn {name: SkyCoord.dec}
#       distance: !astropy.table.SerializedColumn
#         __class__: astropy.coordinates.distances.Distance
#         unit: !astropy.units.Unit {unit: pc}
#         value: !astropy.table.SerializedColumn {name: SkyCoord.distance}
#       frame: icrs
#       obstime: !astropy.time.Time {format: jyear_str, in_subfmt: '*', jd1: 367701545.0, jd2: 0.0, out_subfmt: '*', precision: 3, scale: tt}
#       pm_dec: !astropy.table.SerializedColumn
#         __class__: astropy.units.quantity.Quantity
#         unit: !astropy.units.Unit {unit: mas / yr}
#         value: !astropy.table.SerializedColumn {name: SkyCoord.pm_dec}
#       pm_ra_cosdec: !astropy.table.SerializedColumn
#         __class__: astropy.units.quantity.Quantity
#         unit: !astropy.units.Unit {unit: mas / yr}
#         value: !astropy.table.SerializedColumn {name: SkyCoord.pm_ra_cosdec}
#       ra: !astropy.table.SerializedColumn
#         __class__: astropy.coordinates.angles.Longitude
#         unit: *id001
#         value: !astropy.table.SerializedColumn {name: SkyCoord.ra}
#         wrap_angle: !astropy.coordinates.Angle
#           unit: *id001
#           value: 360.0
#       representation_type: spherical
# schema: astropy-2.0
RA_ICRS_1 DE_ICRS_1 e_RA_ICRS e_DE_ICRS _r_1 HIP TYC2 Source rgeo Plx e_Plx pmRA pmDE e_pmRA e_pmDE RUWE Teff logg Gmag BP-RP BPmag RPmag RV e_RV b_rgeo B_rgeo FG e_FG FBP e_FBP FRP e_FRP RAVE5 RAVE6 e_Gmag e_BPmag e_RPmag e_BP-RP SkyCoord.ra SkyCoord.dec SkyCoord.distance SkyCoord.pm_ra_cosdec SkyCoord.pm_dec rmRA rmDE e_rmRA e_rmDE rRV e_rRV v_pec v_pec3d e_vpec e_vpec3d
[from data line 1738]
309.666319008 46.5313859461 0.0351 0.0358 3.9593 "" "" 2071291207353473664 2318.96387 0.4149 0.0398 -0.36 -3.118 0.044 0.042 1.052 6744.9 4.3661 16.519863 1.251994 17.070446 15.818452 "" "" 2079.03442 2663.74854 4645.16525 2.3071 2028.8 9.5116 3730.6 8.6909 "" "" 0.002807593125827928 0.005804794 0.004547679 0.010352473 309.666319008 46.5313859461 2318.96387 -0.36 -3.118 1.7456933403015138 0.13965323638916027 0.11701707 0.11501707 "" "" 19.249770184471235 "" 2.2523089232105287 ""
310.05532527484 46.16328318886 0.0368 0.0402 23.3805 "" "" 2070517941445452928 1965.81128 0.4977 0.0457 -2.696 -4.361 0.049 0.048 1.143 "" "" 16.520586 1.569489 17.198744 15.629255 "" "" 1811.53333 2143.32764 4642.07573 3.8095 1802.7 10.966 4440.7 11.024 "" "" 0.002895803679473583 0.007169819 0.00464204 0.011811859 310.05532527484 46.16328318886 1965.81128 -2.696 -4.361 -0.5903066596984865 -1.1033467636108396 0.12201707 0.12101707 "" "" 11.659859194621085 "" 1.4136450962707252 ""
310.13814267492 46.18038624941 0.0349 0.0401 24.7875 "" "" 2070517597848088832 2184.53076 0.4328 0.0429 -7.707 -6.09 0.044 0.045 1.068 6483.8 4.3356 16.521738 1.526592 17.226215 15.699623 "" "" 2011.51538 2424.7749 4637.15126 2.478 1757.6 11.572 4162.1 12.995 "" "" 0.002815744333344345 0.0076736934 0.0050769295 0.012750623 310.13814267492 46.18038624941 2184.53076 -7.706999999999997 -6.09 -5.601306659698486 -2.8323467636108397 0.11701707 0.11801707 "" "" 64.993079445681 "" 7.618578809252263 ""
309.6006511832 46.86745970327 0.0371 0.0364 23.8512 "" "" 2071346526526910336 1828.12378 0.5296 0.0443 -5.231 -6.16 0.047 0.044 1.059 "" "" 16.522444 1.400572 16.867296 15.466724 "" "" 1698.85071 1987.40796 4634.14192 3.0376 2446.2 33.326 5157.8 48.787 "" "" 0.0028457476556459195 0.015052469 0.010943192 0.02599566 309.6006511832 46.86745970327 1828.12378 -5.231 -6.159999999999998 -3.125306659698486 -2.90234676361084 0.12001707 0.11701707 "" "" 36.95848139695096 "" 4.384655014498623 ""
309.75853418573 46.93158681316 0.0347 0.0359 27.1779 "" "" 2071351336896790656 1910.76624 0.51 0.0413 -3.682 -6.95 0.045 0.046 1.007 5353.0 4.4165 16.522749 1.331221 17.112007 15.780786 "" "" 1769.25806 2075.97729 4632.84196 2.3734 1952.6 7.3094 3862.3 7.8664 "" "" 0.002810902298381965 0.00492992 0.004378781 0.009308701 309.75853418573 46.93158681316 1910.76624 -3.6819999999999995 -6.950000000000006 -1.5763066596984863 -3.69234676361084 0.11801707 0.119017065 "" "" 36.36166244665405 "" 4.322072864735008 ""
309.643331151 46.84478630549 0.0357 0.0348 22.1912 "" "" 2071343468516863104 1794.28174 0.5315 0.0424 -0.525 -5.059 0.043 0.041 0.974 5764.4 4.606 16.522951 1.282555 17.088463 15.805908 "" "" 1669.58179 1971.61169 4631.97742 2.3066 1995.4 9.2772 3773.9 9.8165 "" "" 0.0028078658442926 0.0057677035 0.0047180136 0.010485717 309.643331151 46.84478630549 1794.28174 -0.5249999999999997 -5.0589999999999975 1.5806933403015138 -1.80134676361084 0.11601707 0.11401707 "" "" 20.382388902091368 "" 2.341761549694242 ""
309.45544466578 46.07326689345 0.0356 0.0383 26.7993 "" "" 2071252032945439616 2344.16846 0.4191 0.0428 -4.835 -8.069 0.053 0.047 1.028 "" "" 16.523315 1.992965 17.522694 15.529729 "" "" 2108.17798 2600.50537 4630.42222 2.4569 1337.6 7.7613 4867.1 10.898 "" "" 0.002814901485393203 0.0068901074 0.0044937646 0.0113838725 309.45544466578 46.07326689345 2344.16846 -4.835 -8.069 -2.7293066596984863 -4.811346763610841 0.12601706 0.12001707 "" "" 61.46316278714942 "" 7.468084792683962 ""
310.21170742316 46.52887135117 0.0361 0.0387 20.3195 "" "" 2071280143517676416 2331.92651 0.4243 0.0422 -4.77 -7.087 0.046 0.049 1.015 7159.4 4.3494 16.524113 1.57823 17.260351 15.682121 "" "" 2104.04688 2637.29858 4627.02696 2.4838 1703.2 7.2893 4229.7 10.121 "" "" 0.0028162875360286574 0.0054200417 0.0045862077 0.010006249 310.21170742316 46.52887135117 2331.92651 -4.770000000000001 -7.0870000000000015 -2.664306659698486 -3.8293467636108396 0.119017065 0.12201707 "" "" 51.56403103375212 "" 6.241655343741832 ""
309.76812301385 46.91069217696 0.0352 0.0399 25.9499 "" "" 2071349034794319232 2322.43018 0.3973 0.044 1.993 -4.994 0.046 0.048 1.04 5042.7 3.3952 16.525581 2.43179 17.83999 15.4082 "" "" 2106.6438 2558.68359 4620.76967 2.7344 998.67 6.4579 5443.5 8.2273 "" "" 0.0028292390446136304 0.007555017 0.00412026 0.011675277 309.76812301385 46.91069217696 2322.43018 1.9930000000000003 -4.994 4.098693340301514 -1.7363467636108396 0.119017065 0.12101707 "" "" 49.001473409632396 "" 5.847029508809813 ""
309.6188922869 46.31412778697 0.0343 0.0377 10.8344 "" "" 2071261795416741248 1743.83997 0.5531 0.0418 -4.034 -10.62 0.047 0.047 1.131 5825.0 4.3173 16.52638 1.411742 17.158773 15.747031 "" "" 1623.41943 1863.47888 4617.37237 2.4122 1870.3 11.323 3984.2 10.629 "" "" 0.0028130970266378834 0.007140836 0.0047616716 0.011902507 309.6188922869 46.31412778697 1743.83997 -4.034000000000001 -10.619999999999997 -1.9283066596984861 -7.362346763610839 0.12001707 0.12001707 "" "" 62.90840588531359 "" 7.5500823387078295 ""
309.79521927045 46.73836298258 0.0422 0.0382 15.8164 "" "" 2071300690641328640 2028.24939 0.4628 0.0475 -1.013 -8.209 0.049 0.046 0.986 6484.1 4.407 16.526781 1.354047 17.130272 15.776225 "" "" 1817.09045 2262.47314 4615.66482 2.7577 1920.0 9.3385 3878.5 10.557 "" "" 0.0028306514893728643 0.0059726005 0.004797656 0.010770257 309.79521927045 46.73836298258 2028.24939 -1.013000000000003 -8.209 1.0926933403015138 -4.9513467636108395 0.12201707 0.119017065 "" "" 48.74714204777836 "" 5.8086148282311525 ""
309.94051553171 46.91415025219 0.0335 0.04 27.5624 "" "" 2071303645578933120 2305.49805 0.4178 0.0423 -2.259 -5.909 0.044 0.047 0.974 5763.7 4.5041 16.526993 1.197639 17.045195 15.847556 "" "" 2076.80273 2602.9895 4614.76643 2.4877 2076.5 8.0164 3631.9 10.288 "" "" 0.0028167989169819935 0.005035266 0.0048726453 0.009907911 309.94051553171 46.91415025219 2305.49805 -2.259 -5.909 -0.15330665969848623 -2.6513467636108397 0.11701707 0.12001707 "" "" 29.02247414133399 "" 3.4829056947102326 ""
310.00323634211 46.78341477073 0.0356 0.0374 21.5537 "" "" 2071298732136334720 1710.35938 0.5589 0.0433 6.926 3.788 0.043 0.044 0.974 4932.5 4.3446 16.527006 1.509434 17.231165 15.721731 "" "" 1610.56311 1846.36206 4614.71023 2.3171 1749.6 9.7478 4078.2 9.3841 "" "" 0.002808734542123155 0.0066615986 0.00453049 0.011192089 310.00323634211 46.78341477073 1710.35938 6.926 3.7879999999999994 9.031693340301514 7.04565323638916 0.11601707 0.11701707 "" "" 92.86534465561297 "" 10.80919254774706 ""
309.3355147411 46.7214833181 0.0365 0.0423 21.6595 "" "" 2071321340844753664 2131.20044 0.4453 0.0465 -2.882 -1.592 0.046 0.057 1.083 5662.8 4.4736 16.528282 1.29575 17.101978 15.806229 "" "" 1950.05347 2364.44067 4609.28777 2.7205 1970.7 8.0006 3772.8 6.2972 "" "" 0.002828859418581052 0.005216718 0.004191399 0.009408117 309.3355147411 46.7214833181 2131.20044 -2.882 -1.592 -0.7763066596984864 1.66565323638916 0.119017065 0.13001707 "" "" 18.564000010675578 "" 2.3784811850261525 ""
309.68069740408 46.33913410082 0.0331 0.0365 8.6019 "" "" 2071262688770001152 2095.29248 0.4494 0.0396 -2.142 -3.26 0.042 0.043 1.011 7031.6 4.3375 16.52829 1.479011 17.202726 15.723715 "" "" 1925.63257 2287.44507 4609.25197 2.323 1796.1 7.0442 4070.7 9.0417 "" "" 0.0028091303033889823 0.0050909 0.0044832514 0.009574152 309.68069740408 46.33913410082 2095.29248 -2.1420000000000017 -3.26 -0.03630665969848623 -0.0023467636108396306 0.11501707 0.11601707 "" "" 0.36133883244377446 "" 0.04156164417415628 ""
309.75531904218 46.68716083454 0.0382 0.0363 12.5398 "" "" 2071294639024009216 1936.13696 0.4865 0.0431 -2.034 -3.232 0.047 0.046 1.016 5827.5 4.5747 16.530338 1.207834 17.05272 15.844885 "" "" 1784.22888 2136.7334 4600.56767 2.4489 2062.2 12.607 3640.9 10.142 "" "" 0.002815280776496443 0.0072001116 0.004840529 0.012040641 309.75531904218 46.68716083454 1936.13696 -2.034 -3.232 0.07169334030151386 0.02565323638915995 0.12001707 0.119017065 "" "" 0.698802428941252 "" 0.08378919507424636 ""
309.4055786973 46.67584229361 0.0347 0.0393 17.6848 "" "" 2071320344412362368 2141.1748 0.4376 0.0435 -6.121 -8.591 0.042 0.051 0.963 5111.8 4.1816 16.531057 1.67044 17.329372 15.658933 "" "" 2011.54187 2343.05347 4597.51911 2.3157 1598.3 10.424 4321.0 7.3258 "" "" 0.002809066532230169 0.0076109758 0.0042038187 0.0118147945 309.4055786973 46.67584229361 2141.1748 -6.121 -8.591000000000008 -4.015306659698487 -5.333346763610839 0.11501707 0.12401707 "" "" 67.7545564778089 "" 8.187367911176336 ""
309.31578517958 46.40751499564 0.034 0.0372 17.4572 "" "" 2071307974906212864 2076.45874 0.4516 0.0417 -3.916 -4.722 0.046 0.047 1.076 8716.1 4.3564 16.531265 1.697344 17.336966 15.639622 "" "" 1961.18811 2256.96118 4596.63834 2.5344 1587.2 7.3579 4398.6 9.6778 "" "" 0.002819600741185538 0.005754861 0.004471048 0.010225909 309.31578517958 46.40751499564 2076.45874 -3.9159999999999995 -4.721999999999998 -1.8103066596984863 -1.4643467636108403 0.119017065 0.12001707 "" "" 22.917236451770997 "" 2.736629359152145 ""
309.85657900664 46.83641343275 0.0341 0.0376 22.1067 "" "" 2071301480915354880 1981.59863 0.4901 0.0418 0.383 -2.254 0.042 0.047 0.962 5585.1 4.4334 16.532394 1.378795 17.144999 15.766204 "" "" 1825.81836 2134.49536 4591.8609 2.5349 1894.2 8.1584 3914.5 12.114 "" "" 0.0028197581670511966 0.0054454515 0.005056989 0.010502441 309.85657900664 46.83641343275 1981.59863 0.3829999999999998 -2.2539999999999996 2.4886933403015137 1.0036532363891602 0.11501707 0.12001707 "" "" 25.205067102706913 "" 2.9169699635876256 ""
310.20495996576 46.6768014438 0.0375 0.0392 23.073 "" "" 2071284953881071104 2528.24805 0.376 0.0456 -2.152 -2.368 0.048 0.046 1.021 8068.2 4.222 16.5324 1.715709 17.3542 15.638492 "" "" 2280.15283 2881.06396 4591.84006 2.6053 1562.2 8.3272 4403.1 8.4577 "" "" 0.0028233439147893756 0.0064249155 0.004316618 0.010741534 310.20495996576 46.6768014438 2528.24805 -2.1519999999999997 -2.3679999999999994 -0.04630665969848646 0.8896532363891603 0.12101707 0.119017065 "" "" 10.67594410338384 "" 1.2706777030402066 ""
309.30386747357 46.72365413294 0.0367 0.0426 22.7272 "" "" 2071333126227764352 2267.51294 0.4266 0.0469 -1.161 -3.482 0.05 0.056 1.042 6768.1 4.2948 16.532593 1.433925 17.173025 15.7391 "" "" 2047.46521 2503.16333 4591.02149 2.5476 1845.9 7.0152 4013.5 12.873 "" "" 0.002820421520894758 0.0049810684 0.005139159 0.010120228 309.30386747357 46.72365413294 2267.51294 -1.161 -3.4819999999999975 0.9446933403015136 -0.22434676361084005 0.12301707 0.12901707 "" "" 10.435964668210955 "" 1.2872216203827889 ""
310.02410720661 46.09559976637 0.0334 0.0348 26.1447 "" "" 2070494233225396608 2142.16797 0.4589 0.0399 -11.054 -7.042 0.047 0.043 0.99 5277.5 3.85 16.532812 1.71528 17.361197 15.645917 "" "" 1978.69421 2373.62988 4590.09808 2.408 1552.2 8.778 4373.1 8.2581 "" "" 0.0028135772373017935 0.00674428 0.004299699 0.011043979 310.02410720661 46.09559976637 2142.16797 -11.054 -7.042 -8.948306659698487 -3.7843467636108397 0.12001707 0.11601707 "" "" 98.65130725247312 "" 11.780822092837742 ""
310.01611174002 46.70872817293 0.0355 0.0366 18.2675 "" "" 2071297662681075840 2169.56812 0.4408 0.0413 -4.14 -5.423 0.043 0.043 1.015 7462.3 4.3702 16.53285 1.408854 17.164717 15.755862 "" "" 1996.51648 2405.42773 4589.93757 2.2844 1860.1 9.9615 3952.0 9.0186 "" "" 0.0028078082255575997 0.006449304 0.004519144 0.010968449 310.01611174002 46.70872817293 2169.56812 -4.139999999999998 -5.422999999999992 -2.034306659698486 -2.16534676361084 0.11601707 0.11601707 "" "" 30.553530330529256 "" 3.5447311707682325 ""
309.902405326 46.9009170382 0.0352 0.0413 26.335 "" "" 2071303714298385920 2131.30518 0.4502 0.0445 -1.443 -4.389 0.046 0.05 1.008 7984.5 4.0959 16.533318 1.72733 17.35836 15.63103 "" "" 1953.93091 2396.72192 4587.96266 2.6744 1556.2 8.2474 4433.5 11.103 "" "" 0.002827073384628628 0.006394881 0.004655855 0.011050736 309.902405326 46.9009170382 2131.30518 -1.4429999999999998 -4.388999999999999 0.6626933403015136 -1.13134676361084 0.119017065 0.12301707 "" "" 13.24571962856888 "" 1.6160798480350742 ""
309.73043623784 46.80220939673 0.0402 0.0412 19.3815 "" "" 2071348072721615360 1851.3783 0.5314 0.0491 -3.943 -9.213 0.049 0.051 1.163 4945.9 4.3451 16.535507 1.301386 17.112528 15.811142 "" "" 1714.71948 2053.19434 4578.72126 2.4825 1951.7 9.6972 3755.8 8.7812 "" "" 0.002817502038978718 0.0060734283 0.004552765 0.010626193 309.73043623784 46.80220939673 1851.3783 -3.9430000000000014 -9.21300000000001 -1.8373066596984864 -5.955346763610839 0.12201707 0.12401707 "" "" 54.691957643824644 "" 6.773299878623965 ""
309.54553249429 46.4356228583 0.034 0.0357 7.8658 "" "" 2071267700988176896 1925.98169 0.4925 0.0393 -6.766 -11.387 0.043 0.045 1.017 4916.1 4.2271 16.536064 1.593439 17.273733 15.680294 "" "" 1785.11255 2078.46729 4576.36714 2.4503 1682.4 7.5377 4236.8 7.7974 "" "" 0.002815978318013998 0.005607846 0.0042751 0.009882946 309.54553249429 46.4356228583 1925.98169 -6.766000000000002 -11.386999999999983 -4.660306659698486 -8.12934676361084 0.11601707 0.11801707 "" "" 85.54398326005071 "" 10.053602824923583 ""
309.52688671191 46.69361096717 0.034 0.0368 15.2392 "" "" 2071340719737502720 2393.25659 0.3873 0.0415 1.573 -2.965 0.043 0.044 0.993 "" "" 16.53703 2.149707 17.641605 15.491899 "" "" 2171.83496 2607.76758 4572.30445 2.463 1198.9 15.994 5039.6 17.178 "" "" 0.0028167096434448574 0.014750623 0.0052896105 0.020040233 309.52688671191 46.69361096717 2393.25659 1.5730000000000004 -2.965 3.6786933403015136 0.2926532363891603 0.11601707 0.11701707 "" "" 41.8630760137103 "" 4.857095964014523 ""
309.97472283993 46.73067807521 0.037 0.0381 18.2651 "" "" 2071297078565586048 1880.48438 0.512 0.0421 -5.82 -5.284 0.045 0.045 0.964 5738.8 4.5747 16.537039 1.178855 17.038918 15.860063 "" "" 1764.77454 2030.82214 4572.26018 2.3247 2088.6 8.1867 3590.3 10.501 "" "" 0.0028100752963779382 0.00508887 0.0049364045 0.010025274 309.97472283993 46.73067807521 1880.48438 -5.819999999999999 -5.284000000000001 -3.7143066596984866 -2.0263467636108397 0.11801707 0.11801707 "" "" 37.71383794466433 "" 4.450876652510747 ""
309.84407629571 46.16998250481 0.0332 0.0354 19.1981 "" "" 2071246024296933120 2484.71973 0.3651 0.0408 -2.476 -2.367 0.047 0.045 1.022 15012.9 4.1782 16.53743 2.904659 18.205591 15.300932 "" "" 2269.67554 2703.64941 4570.61713 2.8323 713.15 6.7868 6008.8 9.355 "" "" 0.0028362748304812677 0.010702668 0.0041401763 0.014842844 309.84407629571 46.16998250481 2484.71973 -2.4760000000000013 -2.3669999999999964 -0.3703066596984863 0.8906532363891602 0.12001707 0.11801707 "" "" 11.360261176695039 "" 1.3440775647192278 ""
309.80485528603 46.35986259414 0.0337 0.0367 7.8855 "" "" 2071274577239812864 1860.58215 0.5243 0.0405 -7.407 -5.155 0.045 0.044 1.101 5508.5 4.4557 16.539381 1.580288 17.287443 15.707155 "" "" 1727.51831 2017.11511 4562.41028 2.3258 1661.3 7.7752 4133.3 9.7896 "" "" 0.002810361199456146 0.0057970854 0.0045712707 0.0103683565 309.80485528603 46.35986259414 1860.58215 -7.407000000000005 -5.154999999999999 -5.301306659698486 -1.89734676361084 0.11801707 0.11701707 "" "" 49.657253378099746 "" 5.854786212962367 ""
