Clusters/NGC_1579/NGC_1579_stars_in_region.tsv
# %ECSV 1.0
# ---
# datatype:
# - name: RA_ICRS_1
#   unit: deg
#   datatype: float64
#   format: '{:15.11f}'
#   description: Right ascension (ICRS) at Ep=2016.0 (ra)
#   meta: !!omap
#   - {ucd: POS_EQ_RA_MAIN}
#   - {width: 15}
#   - {precision: '11'}
# - name: DE_ICRS_1
#   unit: deg
#   datatype: float64
#   format: '{:15.11f}'
#   description: Declination (ICRS) at Ep=2016.0 (dec)
#   meta: !!omap
#   - {ucd: POS_EQ_DEC_MAIN}
#   - {width: 15}
#   - {precision: '11'}
# - name: e_RA_ICRS
#   unit: mas
#   datatype: float64
#   format: '{:7.4f}'
#   description: Standard error of right ascension (ra_error)
#   meta: !!omap
#   - {ucd: ERROR}
#   - {width: 7}
#   - {precision: '4'}
# - name: e_DE_ICRS
#   unit: mas
#   datatype: float64
#   format: '{:7.4f}'
#   description: Standard error of declination (dec_error)
#   meta: !!omap
#   - {ucd: ERROR}
#   - {width: 7}
#   - {precision: '4'}
# - name: _r_1
#   unit: ''
#   datatype: float64
#   format: '{:7.4f}'
#   description: Distance from center (067.49330952000+35.36639586000)[ICRS], at Epoch=J2016.0
#   meta: !!omap
#   - {ucd: POS_ANG_DIST_GENERAL}
#   - {width: 7}
#   - {precision: '4'}
# - name: HIP
#   datatype: int32
#   description: '? HIP cross-id number, van Leeuwen, Cat. I/311 (hip_original_ext_source_id)'
#   meta: !!omap
#   - {ucd: ID_NUMBER}
#   - {width: 6}
#   - values: {'null': -2147483648}
# - name: TYC2
#   datatype: string
#   description: Tycho-2 cross-id name, Hog et al., Cat. I/259 (tyc2_original_ext_source_id)
#   meta: !!omap
#   - {ucd: ID_CROSSID}
#   - {_votable_string_dtype: char}
# - name: Source
#   datatype: int64
#   description: Source identifier, identical to the Gaia-EDR3 source_id (id)
#   meta: !!omap
#   - {ucd: ID_MAIN}
#   - {width: 19}
# - name: rgeo
#   unit: pc
#   datatype: float64
#   format: '{:15.8f}'
#   description: '? Median of the geometric distance posterior (r_med_geo)'
#   meta: !!omap
#   - {ucd: PHYS_DISTANCE_TRUE}
#   - {width: 15}
#   - {precision: '8'}
#   - values: {'null': .nan}
# - name: Plx
#   unit: mas
#   datatype: float64
#   format: '{:9.4f}'
#   description: '? Parallax (parallax)'
#   meta: !!omap
#   - {ucd: POS_PARLX_TRIG}
#   - {width: 9}
#   - {precision: '4'}
#   - values: {'null': .nan}
# - name: e_Plx
#   unit: mas
#   datatype: float32
#   format: '{:7.4f}'
#   description: '? Standard error of parallax (parallax_error)'
#   meta: !!omap
#   - {ucd: ERROR}
#   - {width: 7}
#   - {precision: '4'}
#   - values: {'null': .nan}
# - name: pmRA
#   unit: mas / yr
#   datatype: float64
#   format: '{:9.3f}'
#   description: '? Proper motion in right ascension direction, pmRA*cosDE (pmra)'
#   meta: !!omap
#   - {ucd: POS_EQ_PMRA}
#   - {width: 9}
#   - {precision: '3'}
#   - values: {'null': .nan}
# - name: pmDE
#   unit: mas / yr
#   datatype: float64
#   format: '{:9.3f}'
#   description: '? Proper motion in declination direction (pmdec)'
#   meta: !!omap
#   - {ucd: POS_EQ_PMDEC}
#   - {width: 9}
#   - {precision: '3'}
#   - values: {'null': .nan}
# - name: e_pmRA
#   unit: mas / yr
#   datatype: float32
#   format: '{:6.3f}'
#   description: '? Standard error of proper motion in right ascension direction (pmra_error)'
#   meta: !!omap
#   - {ucd: ERROR}
#   - {width: 6}
#   - {precision: '3'}
#   - values: {'null': .nan}
# - name: e_pmDE
[...]
#         unit: &id001 !astropy.units.Unit {unit: deg}
#         value: !astropy.table.SerializedColumn {name: SkyCoord.dec}
#       distance: !astropy.table.SerializedColumn
#         __class__: astropy.coordinates.distances.Distance
#         unit: !astropy.units.Unit {unit: pc}
#         value: !astropy.table.SerializedColumn {name: SkyCoord.distance}
#       frame: icrs
#       obstime: !astropy.time.Time {format: jyear_str, in_subfmt: '*', jd1: 367701545.0, jd2: 0.0, out_subfmt: '*', precision: 3, scale: tt}
#       pm_dec: !astropy.table.SerializedColumn
#         __class__: astropy.units.quantity.Quantity
#         unit: !astropy.units.Unit {unit: mas / yr}
#         value: !astropy.table.SerializedColumn {name: SkyCoord.pm_dec}
#       pm_ra_cosdec: !astropy.table.SerializedColumn
#         __class__: astropy.units.quantity.Quantity
#         unit: !astropy.units.Unit {unit: mas / yr}
#         value: !astropy.table.SerializedColumn {name: SkyCoord.pm_ra_cosdec}
#       ra: !astropy.table.SerializedColumn
#         __class__: astropy.coordinates.angles.Longitude
#         unit: *id001
#         value: !astropy.table.SerializedColumn {name: SkyCoord.ra}
#         wrap_angle: !astropy.coordinates.Angle
#           unit: *id001
#           value: 360.0
#       representation_type: spherical
# schema: astropy-2.0
RA_ICRS_1 DE_ICRS_1 e_RA_ICRS e_DE_ICRS _r_1 HIP TYC2 Source rgeo Plx e_Plx pmRA pmDE e_pmRA e_pmDE RUWE Teff logg Gmag BP-RP BPmag RPmag RV e_RV b_rgeo B_rgeo FG e_FG FBP e_FBP FRP e_FRP RAVE5 RAVE6 e_Gmag e_BPmag e_RPmag e_BP-RP SkyCoord.ra SkyCoord.dec SkyCoord.distance SkyCoord.pm_ra_cosdec SkyCoord.pm_dec
68.214733302 35.29651193198 0.0847 0.0555 35.5611 "" 2381-448-1 174804657847636352 477.645813 2.0455 0.0973 10.725 -13.559 0.111 0.081 5.669 5072.7 2.7277 9.593689 1.734753 10.428801 8.694048 "" "" 455.130402 497.262695 2738237.26455 602.89 920230.0 476.26 2639600.0 658.7 "" "" 0.0027656708009432237 0.0028461902 0.0037890812 0.0066352715 68.214733302 35.29651193198 477.645813 10.725000000000001 -13.559
66.79266985282 35.3831027332 0.0156 0.0108 34.292 "" 2380-1162-1 176370942225968512 530.434692 1.8398 0.0176 1.583 -1.01 0.023 0.016 1.015 5083.9 2.5895 9.599518 1.759929 10.451315 8.691386 9.3 0.13 526.385315 535.970337 2723576.26324 749.13 901340.0 564.69 2646100.0 915.2 "" "" 0.0027714567978498797 0.002871888 0.003797992 0.00666988 66.79266985282 35.3831027332 530.434692 1.5829999999999997 -1.01
68.17201143061 35.57339243612 0.0175 0.0115 35.4141 "" 2381-733-1 174830079757935232 663.80127 1.4632 0.0194 0.311 -4.155 0.023 0.017 0.971 "" "" 10.076219 2.193294 11.220061 9.026768 4.25 0.18 655.285156 671.390808 1755736.56424 599.6 444010.0 444.74 1942900.0 635.91 "" "" 0.002780157137608192 0.0029946202 0.0037960517 0.006790672 68.17201143061 35.57339243612 663.80127 0.31099999999999983 -4.155000000000001
66.97532264943 35.93650198033 0.017 0.0121 42.5187 "" 2384-1106-1 176458873091469568 472.076569 2.0824 0.0197 27.107 -59.09 0.022 0.019 1.21 5234.5 2.8057 10.186435 1.69044 10.994635 9.304194 71.68 0.26 467.238342 476.406433 1586254.58389 546.88 546470.0 432.81 1504800.0 757.08 "" "" 0.0027806303494484408 0.0029196749 0.003818653 0.006738328 66.97532264943 35.93650198033 472.076569 27.107 -59.09
67.51746779795 35.45270600026 0.0149 0.0098 5.3117 "" 2381-92-1 173381649282913408 474.180328 2.0698 0.017 -0.094 -8.107 0.021 0.015 0.947 5057.1 2.7419 10.231145 1.844928 11.139238 9.294311 -27.9 0.14 470.571991 478.124512 1522259.77603 376.57 478320.0 309.13 1518600.0 431.89 "" "" 0.0027683798772171592 0.0028770505 0.0037919749 0.0066690254 67.51746779795 35.45270600026 474.180328 -0.09400000000000008 -8.107
66.94801390564 34.78383194043 0.0194 0.0119 44.0309 "" 2380-838-1 173242045666224256 483.540039 2.0357 0.0215 0.918 -9.593 0.024 0.019 0.967 "" "" 10.38306 0.573093 10.593008 10.019915 -1.6 5.86 478.510406 488.382599 1323496.09599 447.89 791070.0 523.03 778380.0 291.87 "" "" 0.0027797109943896343 0.002881035 0.0038012464 0.0066822814 66.94801390564 34.78383194043 483.540039 0.9180000000000001 -9.593
66.79860556047 35.96900791543 0.0154 0.0097 49.5378 "" 2384-878-1 176457876659066496 498.082855 1.9756 0.017 4.222 -15.103 0.028 0.018 0.928 "" "" 10.475458 1.124879 10.948367 9.823488 23.74 1.33 494.805267 501.615814 1215523.51173 230.79 570260.0 279.22 932750.0 299.69 "" "" 0.0027630212024603515 0.0028403632 0.0037954473 0.0066358102 66.79860556047 35.96900791543 498.082855 4.222 -15.102999999999998
67.93384871102 34.36770498525 0.0135 0.0085 63.7251 "" 2381-745-1 173065642767942400 479.825073 2.0508 0.0159 -0.233 -7.49 0.02 0.014 0.961 "" "" 10.520311 1.112251 10.985941 9.87369 -27.04 0.51 476.103882 483.838135 1166331.62407 795.71 550860.0 1486.2 890600.0 1429.9 "" "" 0.002853149686489379 0.004045455 0.0041620275 0.008207482 67.93384871102 34.36770498525 479.825073 -0.23299999999999987 -7.49
67.1743972449 34.70223303692 0.0231 0.0132 42.8191 "" 2380-1343-1 173319251998718848 510.28891 1.9267 0.0257 8.064 -12.617 0.03 0.024 0.978 4731.6 2.7193 10.581841 1.694303 11.393542 9.699239 -9.35 0.21 503.879547 516.86261 1102073.79299 204.16 378440.0 294.5 1045800.0 310.87 "" "" 0.0027626516367024465 0.002915292 0.0037931371 0.006708429 67.1743972449 34.70223303692 510.28891 8.064 -12.617000000000003
67.03330929733 34.76167520722 0.0435 0.0288 42.7412 "" 2380-1262-1 173323856203660544 576.874939 1.7012 0.048 -9.365 -17.133 0.058 0.046 1.502 4725.5 2.4718 10.609154 1.912627 11.56253 9.649902 -23.84 1.16 562.132324 595.571228 1074694.82091 394.95 323900.0 433.73 1094500.0 769.21 "" "" 0.0027840611590758675 0.003146245 0.0038556417 0.0070018866 67.03330929733 34.76167520722 576.874939 -9.365000000000002 -17.132999999999996
66.57564936385 35.1682918435 0.0146 0.0094 46.499 "" 2380-216-1 176268176544188928 595.121765 1.636 0.0166 7.963 -9.621 0.02 0.014 1.045 4980.1 2.6848 10.639639 1.758669 11.491606 9.732937 -11.97 0.21 590.267517 603.440063 1044939.53251 242.36 345760.0 178.4 1013900.0 250.45 "" "" 0.002766803903805153 0.002845852 0.0037888857 0.0066347374 66.57564936385 35.1682918435 595.121765 7.962999999999999 -9.621000000000002
67.54536114702 35.32292265546 0.0159 0.0108 3.646 "" 2381-318-1 173368111546063104 524.169128 1.8756 0.0187 2.703 -6.129 0.021 0.017 0.966 15005.8 3.9357 10.641695 1.259194 11.187146 9.927952 "" "" 519.354553 528.537292 1042962.3597 746.08 457680.0 1096.9 847180.0 1638.7 "" "" 0.0028626942327972258 0.0038152512 0.0043236916 0.0081389425 67.54536114702 35.32292265546 524.169128 2.703 -6.129
67.48608488578 34.23685005155 0.015 0.0105 67.7737 "" 2380-2105-1 173154016016909568 553.960999 1.7675 0.0169 4.846 -4.14 0.021 0.017 1.124 5804.2 2.8575 10.811796 1.874398 11.737659 9.863261 2.48 0.39 549.158203 561.407104 891719.51609 220.18 275650.0 233.8 899190.0 371.41 "" "" 0.0027683315228946635 0.0029382135 0.0038058963 0.00674411 67.48608488578 34.23685005155 553.960999 4.846 -4.140000000000001
67.13163516846 34.9012404285 0.021 0.0126 33.0738 "" "" 173326742421160832 579.081238 1.6895 0.0229 24.959 -25.641 0.027 0.02 0.972 4604.4 2.458 10.903212 2.078543 11.969347 9.890804 31.08 0.25 571.958496 589.851929 819713.56762 245.36 222680.0 181.46 876670.0 386.51 "" "" 0.002774419924996555 0.0029270877 0.0038095755 0.006736663 67.13163516846 34.9012404285 579.081238 24.959000000000003 -25.641
67.27140462598 34.99766980327 0.031 0.0221 24.655 "" 2380-860-1 173333236411674112 535.189453 1.8332 0.0369 1.422 -4.715 0.041 0.032 2.045 11189.4 3.9146 10.956008 0.975948 11.350062 10.374114 13.75 6.34 523.571472 547.722351 780806.82272 176.38 393910.0 246.13 561710.0 142.38 "" "" 0.0027662145245283226 0.0028714607 0.0037893886 0.0066608493 67.27140462598 34.99766980327 535.189453 1.4219999999999997 -4.715
66.64276102782 35.00679587044 0.0187 0.0123 46.9582 "" 2380-792-1 176254157771232000 460.557434 2.1398 0.0222 2.862 -5.969 0.024 0.019 1.024 6729.2 3.699 11.035601 0.920781 11.406766 10.485985 16.37 1.14 455.491547 464.740723 725615.66443 222.15 373860.0 218.02 506720.0 184.52 "" "" 0.0027752983002051748 0.0028611075 0.0038000054 0.006661113 66.64276102782 35.00679587044 460.557434 2.8620000000000005 -5.968999999999999
68.00069586854 35.66431780595 0.021 0.0137 30.554 "" "" 174880111833061632 545.688477 1.8017 0.0228 7.254 -10.359 0.028 0.02 0.925 "" "" 11.077202 2.413757 12.381437 9.96768 0.65 0.21 539.422058 553.317932 698338.50774 253.09 152350.0 165.51 816740.0 371.12 "" "" 0.0027832756788767573 0.0030292443 0.003811446 0.00684069 68.00069586854 35.66431780595 545.688477 7.254 -10.359
67.7126959968 35.44591352422 0.0171 0.0113 11.7419 "" 2381-482-1 173369863892701312 521.641479 1.8843 0.0197 2.497 -5.647 0.024 0.018 0.95 11121.6 3.8204 11.128572 1.279948 11.683443 10.403495 "" "" 516.393799 528.724365 666066.67974 269.61 289760.0 301.82 546710.0 278.48 "" "" 0.002790149663645028 0.0030106546 0.0038196319 0.0068302862 67.7126959968 35.44591352422 521.641479 2.497 -5.647
67.05793894012 35.79484005154 0.0387 0.026 33.3494 "" 2384-1123-1 176410047903264640 511.432251 1.9233 0.0436 6.994 -7.647 0.062 0.046 1.781 "" "" 11.182489 1.363328 11.790205 10.426877 29.4 2.25 500.346497 523.416443 633798.38717 269.06 262620.0 258.71 535070.0 246.74 "" "" 0.002793605820792034 0.0029881482 0.0038124006 0.006800549 67.05793894012 35.79484005154 511.432251 6.994 -7.647000000000002
67.92957029421 34.65723974042 0.0181 0.011 47.6451 "" "" 173096051138574464 666.474854 1.4789 0.0206 7.63 -6.394 0.024 0.02 1.111 "" "" 11.571729 1.926943 12.532794 10.605851 26.51 0.29 657.466736 674.924377 442848.44782 136.82 132530.0 90.584 453750.0 172.79 "" "" 0.0027756641437097006 0.0028871712 0.0038019298 0.006689101 67.92957029421 34.65723974042 666.474854 7.629999999999999 -6.394000000000001
66.54780096868 34.76418561381 0.016 0.0118 58.8354 "" 2380-1900-1 176241547747278208 573.11322 1.7057 0.0181 -1.331 0.005 0.022 0.017 0.972 6196.6 3.7497 11.573616 1.162165 12.071587 10.909422 "" "" 567.026733 578.142761 442079.48541 185.59 202670.0 203.78 343080.0 356.46 "" "" 0.002792766915827894 0.002996134 0.0039441464 0.0069402806 66.54780096868 34.76418561381 573.11322 -1.3309999999999997 0.005000000000000059
67.59492566234 35.30381166568 0.0275 0.0201 6.2321 "" "" 173367115113647616 641.342712 1.5406 0.0328 -0.201 -7.744 0.036 0.03 1.733 "" "" 11.606245 2.057589 12.639002 10.581413 -13.26 0.76 628.105713 654.092712 428991.71077 212.84 120180.0 132.17 464080.0 397.52 "" "" 0.00280748331801474 0.0030349332 0.0038921274 0.006927061 67.59492566234 35.30381166568 641.342712 -0.20100000000000007 -7.744
68.45526721515 35.24074155276 0.0178 0.0111 47.7027 "" 2381-120-1 174807024373079680 599.970825 1.6278 0.019 7.648 -9.679 0.022 0.017 0.97 "" "" 11.611011 1.078286 12.061222 10.982936 16.56 2.0 593.602417 605.779053 427112.90096 112.76 204610.0 165.57 320610.0 172.9 "" "" 0.002770189858901867 0.0029252253 0.0038244687 0.0067496942 68.45526721515 35.24074155276 599.970825 7.647999999999999 -9.678999999999998
67.22050256667 34.4481350485 0.0147 0.0093 56.7072 "" 2380-1299-1 173172806497095168 647.419495 1.5034 0.0167 -1.29 -6.071 0.021 0.015 0.829 "" "" 11.627948 1.026678 12.051738 11.02506 2.23 2.63 639.272461 654.269531 420501.39131 68.019 206410.0 125.06 308410.0 97.045 "" "" 0.002760911742939155 0.002866668 0.0037947919 0.00666146 67.22050256667 34.4481350485 647.419495 -1.2900000000000003 -6.071
67.47900931108 35.24803297106 0.0152 0.011 7.1362 "" "" 173361342677617792 508.478638 1.9464 0.0171 0.796 -6.534 0.019 0.017 0.946 5389.1 3.2225 11.681259 1.989423 12.683033 10.69361 5.14 0.27 504.924652 511.723663 400352.93974 178.33 115400.0 175.43 418520.0 422.23 "" "" 0.002797441553116491 0.0032418026 0.0039349133 0.007176716 67.47900931108 35.24803297106 508.478638 0.7960000000000002 -6.534000000000001
68.2350098576 35.25834679367 0.0204 0.0133 36.8883 "" "" 174803588399242368 644.523682 1.528 0.0222 -8.717 -13.425 0.026 0.019 0.996 4725.5 2.4056 11.699816 2.393274 12.986478 10.593204 -2.69 0.37 635.01825 653.424194 393568.66708 133.65 87262.0 109.57 459070.0 336.77 "" "" 0.002779879283671151 0.0031054195 0.003862398 0.0069678174 68.2350098576 35.25834679367 644.523682 -8.717 -13.425
68.43935177209 34.9203634872 0.0157 0.0114 53.5776 "" 2381-360-1 174605027768082560 592.665405 1.643 0.0183 1.669 -3.819 0.024 0.018 0.979 "" "" 11.710194 0.86572 12.052441 11.186721 0.19 13.82 586.614014 598.373901 389824.79364 87.666 206270.0 163.2 265750.0 148.01 "" "" 0.002766117616819771 0.0029194145 0.0038274527 0.006746867 68.43935177209 34.9203634872 592.665405 1.669 -3.8190000000000004
68.75001645477 35.73715413209 0.0135 0.0096 65.2548 "" "" 174846778590799616 555.996277 1.7699 0.0151 6.435 -11.623 0.018 0.015 1.026 "" "" 11.78805 1.641342 12.559992 10.91865 32.1 2.74 551.730774 561.824524 362849.83702 153.36 129250.0 213.65 340170.0 303.14 "" "" 0.002793272326524303 0.0033175393 0.0039012653 0.0072188047 68.75001645477 35.73715413209 555.996277 6.4350000000000005 -11.623000000000001
67.94115287441 35.08966328378 0.0125 0.0092 27.5222 "" "" 173311825998275072 482.253693 2.0336 0.0145 12.043 -8.976 0.018 0.015 0.95 6539.6 3.8482 11.811243 1.078884 12.263769 11.184885 37.71 1.27 479.402618 485.719666 355180.7293 78.404 169790.0 94.056 266200.0 75.935 "" "" 0.0027657243123368593 0.002854258 0.0037920508 0.006646309 67.94115287441 35.08966328378 482.253693 12.043 -8.976000000000003
67.1935546497 34.94501843129 0.0143 0.0088 29.2478 "" "" 173332613643389056 487.087982 2.0083 0.0155 2.092 -5.602 0.02 0.014 0.864 8227.9 4.2452 11.905235 0.778226 12.210095 11.431869 21.93 9.43 483.107117 490.80304 325726.17428 73.8 178390.0 129.63 212040.0 124.64 "" "" 0.0027662797100925112 0.002899572 0.0038328893 0.006732461 67.1935546497 34.94501843129 487.087982 2.0920000000000005 -5.602
68.00644891017 36.00614685928 0.0773 0.0561 45.8121 "" 2385-6-1 174921029985404672 471.478027 2.084 0.0927 -8.18 -9.958 0.104 0.081 5.032 6091.8 3.8607 11.910898 1.048411 12.347829 11.299418 -37.65 2.7 453.103699 490.697784 324031.73718 65.159 157140.0 111.06 239550.0 72.067 "" "" 0.00276395674536139 0.0028937655 0.0037934706 0.006687236 68.00644891017 36.00614685928 471.478027 -8.18 -9.957999999999998
67.13205786982 34.30735421755 0.0141 0.0104 65.9858 "" 2380-1614-1 173169920279084288 510.182159 1.9366 0.0164 -1.838 -6.492 0.021 0.016 1.154 7337.7 3.9815 12.085464 1.080035 12.537417 11.457382 -10.98 1.91 506.810608 513.504456 275906.09158 55.577 131960.0 102.32 207110.0 71.518 "" "" 0.0027639864593239334 0.00291441 0.0037979325 0.0067123426 67.13205786982 34.30735421755 510.182159 -1.838 -6.492
66.43831779594 34.63352761511 0.2789 0.239 67.9857 "" "" 176238833327963136 497.518311 2.1588 0.3047 -0.416 -7.784 0.346 0.326 7.065 "" "" 12.11856 1.038244 11.826711 10.788466 "" "" 429.975098 615.314575 267622.50807 355.94 253940.0 1016.8 383510.0 889.86 "" "" 0.003110793103000784 0.0051657395 0.004542058 0.009707797 66.43831779594 34.63352761511 497.518311 -0.4159999999999999 -7.783999999999999
67.48753134317 35.18293368369 0.0231 0.0156 11.0114 "" "" 173360311885473152 524.871216 1.8935 0.0257 0.834 -4.117 0.027 0.023 1.869 "" "" 12.161678 1.588691 12.89185 11.30316 "" "" 518.650452 531.767517 257202.67344 81.092 95209.0 119.78 238720.0 179.91 "" "" 0.002776503098230691 0.0031065787 0.0038669466 0.0069735255 67.48753134317 35.18293368369 524.871216 0.8340000000000001 -4.116999999999999
67.36931623015 35.22191784515 0.0218 0.0154 10.5838 "" "" 173371646302751616 522.243042 1.9066 0.0256 2.979 -4.911 0.028 0.021 1.982 "" "" 12.181469 1.659201 12.955948 11.296747 -0.54 12.54 515.049194 529.47052 252556.94246 63.889 89751.0 66.946 240140.0 102.4 "" "" 0.0027689756264441165 0.0029053262 0.0038076339 0.00671296 67.36931623015 35.22191784515 522.243042 2.979 -4.911
66.63445173801 35.20865732243 0.0116 0.0079 43.1147 "" "" 176362116068410368 529.664001 1.8668 0.0129 3.384 -6.914 0.016 0.012 0.886 "" "" 12.197559 1.072731 12.647651 11.57492 -4.24 3.84 526.007019 533.900391 248841.56765 42.529 119220.0 106.98 185860.0 98.419 "" "" 0.0027615615627810232 0.0029553752 0.0038228622 0.0067782374 66.63445173801 35.20865732243 529.664001 3.3839999999999995 -6.914
67.40601124353 34.51464182476 0.0129 0.0089 51.2853 "" 2380-2292-1 173267643671213184 481.731842 2.0581 0.0142 5.304 3.332 0.017 0.013 0.897 6733.7 3.9989 12.203089 1.09475 12.663928 11.569179 -15.48 1.93 478.340729 484.406891 247577.46343 39.428 117450.0 103.66 186850.0 78.642 "" "" 0.0027607402949181075 0.0029501368 0.003806908 0.0067570447 67.40601124353 34.51464182476 481.731842 5.304000000000001 3.332
66.3783649697 35.36801378716 0.0113 0.0076 54.5513 "" "" 176321773439920256 519.479736 1.9051 0.0132 3.312 -12.063 0.017 0.013 0.84 6988.5 4.0052 12.206835 1.136826 12.689559 11.552732 -8.33 2.66 515.942566 522.811096 246724.88377 41.093 114710.0 101.2 189700.0 75.183 "" "" 0.0027612479429448247 0.0029500085 0.0038037994 0.006753808 66.3783649697 35.36801378716 519.479736 3.312 -12.063
68.1325715451 35.07104904435 0.0124 0.0089 35.9986 "" "" 174800392943576832 505.44281 1.9621 0.0142 7.59 -10.109 0.018 0.014 0.992 7904.8 4.046 12.215458 1.214344 12.739393 11.525049 30.56 0.95 501.979248 509.285248 244772.93815 45.052 109560.0 64.266 194600.0 48.694 "" "" 0.0027625575216492586 0.0028619324 0.003789134 0.0066510662 68.1325715451 35.07104904435 505.44281 7.59 -10.109
