Clusters/NGC_1579/NGC_1579_stars_in_region.tsv
# %ECSV 1.0
# ---
# datatype:
# - name: RA_ICRS_1
#   unit: deg
#   datatype: float64
#   format: '{:15.11f}'
#   description: Right ascension (ICRS) at Ep=2016.0 (ra)
#   meta: !!omap
#   - {ucd: POS_EQ_RA_MAIN}
#   - {width: 15}
#   - {precision: '11'}
# - name: DE_ICRS_1
#   unit: deg
#   datatype: float64
#   format: '{:15.11f}'
#   description: Declination (ICRS) at Ep=2016.0 (dec)
#   meta: !!omap
#   - {ucd: POS_EQ_DEC_MAIN}
#   - {width: 15}
#   - {precision: '11'}
# - name: e_RA_ICRS
#   unit: mas
#   datatype: float64
#   format: '{:7.4f}'
#   description: Standard error of right ascension (ra_error)
#   meta: !!omap
#   - {ucd: ERROR}
#   - {width: 7}
#   - {precision: '4'}
# - name: e_DE_ICRS
#   unit: mas
#   datatype: float64
#   format: '{:7.4f}'
#   description: Standard error of declination (dec_error)
#   meta: !!omap
#   - {ucd: ERROR}
#   - {width: 7}
#   - {precision: '4'}
# - name: _r_1
#   unit: ''
#   datatype: float64
#   format: '{:7.4f}'
#   description: Distance from center (067.49330952000+35.36639586000)[ICRS], at Epoch=J2016.0
#   meta: !!omap
#   - {ucd: POS_ANG_DIST_GENERAL}
#   - {width: 7}
#   - {precision: '4'}
# - name: HIP
#   datatype: int32
#   description: '? HIP cross-id number, van Leeuwen, Cat. I/311 (hip_original_ext_source_id)'
#   meta: !!omap
#   - {ucd: ID_NUMBER}
#   - {width: 6}
#   - values: {'null': -2147483648}
# - name: TYC2
#   datatype: string
#   description: Tycho-2 cross-id name, Hog et al., Cat. I/259 (tyc2_original_ext_source_id)
#   meta: !!omap
#   - {ucd: ID_CROSSID}
#   - {_votable_string_dtype: char}
# - name: Source
#   datatype: int64
#   description: Source identifier, identical to the Gaia-EDR3 source_id (id)
#   meta: !!omap
#   - {ucd: ID_MAIN}
#   - {width: 19}
# - name: rgeo
#   unit: pc
#   datatype: float64
#   format: '{:15.8f}'
#   description: '? Median of the geometric distance posterior (r_med_geo)'
#   meta: !!omap
#   - {ucd: PHYS_DISTANCE_TRUE}
#   - {width: 15}
#   - {precision: '8'}
#   - values: {'null': .nan}
# - name: Plx
#   unit: mas
#   datatype: float64
#   format: '{:9.4f}'
#   description: '? Parallax (parallax)'
#   meta: !!omap
#   - {ucd: POS_PARLX_TRIG}
#   - {width: 9}
#   - {precision: '4'}
#   - values: {'null': .nan}
# - name: e_Plx
#   unit: mas
#   datatype: float32
#   format: '{:7.4f}'
#   description: '? Standard error of parallax (parallax_error)'
#   meta: !!omap
#   - {ucd: ERROR}
#   - {width: 7}
#   - {precision: '4'}
#   - values: {'null': .nan}
# - name: pmRA
#   unit: mas / yr
#   datatype: float64
#   format: '{:9.3f}'
#   description: '? Proper motion in right ascension direction, pmRA*cosDE (pmra)'
#   meta: !!omap
#   - {ucd: POS_EQ_PMRA}
#   - {width: 9}
#   - {precision: '3'}
#   - values: {'null': .nan}
# - name: pmDE
#   unit: mas / yr
#   datatype: float64
#   format: '{:9.3f}'
#   description: '? Proper motion in declination direction (pmdec)'
#   meta: !!omap
#   - {ucd: POS_EQ_PMDEC}
#   - {width: 9}
#   - {precision: '3'}
#   - values: {'null': .nan}
# - name: e_pmRA
#   unit: mas / yr
#   datatype: float32
#   format: '{:6.3f}'
#   description: '? Standard error of proper motion in right ascension direction (pmra_error)'
#   meta: !!omap
#   - {ucd: ERROR}
#   - {width: 6}
#   - {precision: '3'}
#   - values: {'null': .nan}
# - name: e_pmDE
[...]
#         unit: &id001 !astropy.units.Unit {unit: deg}
#         value: !astropy.table.SerializedColumn {name: SkyCoord.dec}
#       distance: !astropy.table.SerializedColumn
#         __class__: astropy.coordinates.distances.Distance
#         unit: !astropy.units.Unit {unit: pc}
#         value: !astropy.table.SerializedColumn {name: SkyCoord.distance}
#       frame: icrs
#       obstime: !astropy.time.Time {format: jyear_str, in_subfmt: '*', jd1: 367701545.0, jd2: 0.0, out_subfmt: '*', precision: 3, scale: tt}
#       pm_dec: !astropy.table.SerializedColumn
#         __class__: astropy.units.quantity.Quantity
#         unit: !astropy.units.Unit {unit: mas / yr}
#         value: !astropy.table.SerializedColumn {name: SkyCoord.pm_dec}
#       pm_ra_cosdec: !astropy.table.SerializedColumn
#         __class__: astropy.units.quantity.Quantity
#         unit: !astropy.units.Unit {unit: mas / yr}
#         value: !astropy.table.SerializedColumn {name: SkyCoord.pm_ra_cosdec}
#       ra: !astropy.table.SerializedColumn
#         __class__: astropy.coordinates.angles.Longitude
#         unit: *id001
#         value: !astropy.table.SerializedColumn {name: SkyCoord.ra}
#         wrap_angle: !astropy.coordinates.Angle
#           unit: *id001
#           value: 360.0
#       representation_type: spherical
# schema: astropy-2.0
RA_ICRS_1 DE_ICRS_1 e_RA_ICRS e_DE_ICRS _r_1 HIP TYC2 Source rgeo Plx e_Plx pmRA pmDE e_pmRA e_pmDE RUWE Teff logg Gmag BP-RP BPmag RPmag RV e_RV b_rgeo B_rgeo FG e_FG FBP e_FBP FRP e_FRP RAVE5 RAVE6 e_Gmag e_BPmag e_RPmag e_BP-RP SkyCoord.ra SkyCoord.dec SkyCoord.distance SkyCoord.pm_ra_cosdec SkyCoord.pm_dec
[from data line 526]
67.70148514143 35.4473442608 0.0456 0.0303 11.2797 "" "" 173370585447811072 502.739807 1.9479 0.0503 -1.876 -4.798 0.067 0.05 1.015 4795.8 4.6215 15.999059 1.764019 16.844517 15.080498 "" "" 490.165741 514.115173 7504.5235 4.6546 2498.1 12.6 7361.4 18.291 "" "" 0.002836420059778948 0.0061461045 0.0046434435 0.010789548 67.70148514143 35.4473442608 502.739807 -1.876 -4.798
67.61846220582 35.54496682341 0.0431 0.0299 12.3373 "" "" 173383809651182848 532.302734 1.8381 0.0479 2.713 -5.233 0.062 0.05 1.036 5390.5 4.2017 16.00498 2.524799 17.358528 14.833729 "" "" 519.01123 545.524719 7463.703 111.08 1556.0 111.46 9239.9 425.88 "" "" 0.016391908917164556 0.07782391 0.050185617 0.12800953 67.61846220582 35.54496682341 532.302734 2.713 -5.2330000000000005
68.43149637826 35.13207836435 0.0507 0.03 48.0717 "" "" 174616950597274880 608.020203 1.612 0.0522 13.809 -12.106 0.063 0.046 0.977 5240.0 4.6176 16.005447 1.6947 16.809683 15.114983 "" "" 588.827271 626.412109 7460.50122 4.1038 2579.6 12.322 7131.2 16.87 "" "" 0.0028193038928002625 0.005889159 0.004569555 0.010458714 68.43149637826 35.13207836435 608.020203 13.809 -12.106
67.13595185302 36.03070271255 0.0444 0.0306 43.4958 "" "" 176414377230264704 598.85791 1.6243 0.0521 -8.474 0.87 0.058 0.05 0.987 7572.7 4.4381 16.015371 2.352158 17.266312 14.914153 "" "" 580.260864 618.875366 7392.61257 4.4909 1693.9 11.452 8580.2 18.681 "" "" 0.002833164257343105 0.007852774 0.004457768 0.012310542 67.13595185302 36.03070271255 598.85791 -8.474 0.8699999999999998
66.69770831336 34.89300513093 0.0519 0.0336 48.2797 "" "" 176249587926036096 573.686707 1.7111 0.0597 -7.192 -14.476 0.067 0.051 1.045 4593.9 4.4875 16.02467 1.757881 16.872149 15.114267 "" "" 554.569336 598.587708 7329.57867 4.224 2435.3 11.921 7135.9 19.229 "" "" 0.0028254725998343496 0.006002652 0.004779492 0.010782144 66.69770831336 34.89300513093 573.686707 -7.191999999999999 -14.476
67.03799351702 34.55762148752 0.0491 0.0325 53.4421 "" "" 173224041163441664 517.1026 1.8992 0.0564 -5.883 -2.478 0.074 0.052 1.113 4768.3 4.6163 16.027895 1.771148 16.887674 15.116527 "" "" 500.030792 533.207825 7307.83397 5.4635 2400.8 11.15 7121.1 17.427 "" "" 0.002872399655584559 0.005762945 0.0046199183 0.010382863 67.03799351702 34.55762148752 517.1026 -5.883 -2.4780000000000006
66.70923489093 36.02349288417 0.0485 0.0316 54.9006 "" "" 176469833848018432 526.57312 1.8703 0.0551 12.245 -6.356 0.067 0.048 0.987 5449.0 4.4207 16.028984 2.304934 17.246288 14.941354 "" "" 513.681519 540.356995 7300.50709 10.525 1725.4 11.349 8367.9 39.702 "" "" 0.0031688966494490957 0.007667248 0.006389055 0.014056303 66.70923489093 36.02349288417 526.57312 12.245 -6.356000000000001
68.66753783679 35.47792581845 0.0423 0.0301 57.8013 "" "" 174833962408429056 619.884277 1.5607 0.0476 2.903 -2.986 0.055 0.045 0.987 5419.4 4.5835 16.02975 1.782332 16.888636 15.106303 "" "" 602.203918 640.204224 7295.35738 4.1199 2398.6 7.7607 7188.5 15.668 "" "" 0.002822718249147929 0.004486157 0.0044591334 0.00894529 68.66753783679 35.47792581845 619.884277 2.9030000000000005 -2.9860000000000007
66.55157052008 35.67204559519 0.0447 0.033 49.5114 "" "" 176428464723111424 628.948242 1.554 0.0565 -2.842 -12.477 0.062 0.055 1.05 4756.0 4.3904 16.031088 1.536758 16.742601 15.205843 "" "" 612.412415 649.491577 7286.3774 3.4958 2744.0 22.013 6558.8 14.927 "" "" 0.00280412772384642 0.009146015 0.00451548 0.0136614945 66.55157052008 35.67204559519 628.948242 -2.842000000000001 -12.476999999999999
66.86310678958 34.53284846137 0.0458 0.0317 58.8371 "" "" 173226137107514112 630.871033 1.5477 0.0508 6.063 -6.729 0.06 0.046 0.962 4812.3 4.5171 16.035744 1.595678 16.786884 15.191206 "" "" 610.785034 651.597778 7255.19812 3.8394 2634.3 12.179 6647.8 13.806 "" "" 0.0028145893371313243 0.005742962 0.0044009085 0.0101438705 66.86310678958 34.53284846137 630.871033 6.063000000000001 -6.728999999999999
67.19412421419 34.62400730561 0.0502 0.0295 46.9079 "" "" 173271457602173696 501.194489 1.9298 0.0532 1.189 -8.408 0.067 0.051 1.07 "" "" 16.036488 2.943774 17.739487 14.795712 "" "" 488.704071 515.165894 7250.22368 12.63 1095.5 13.864 9569.1 44.033 "" "" 0.0033420152280809754 0.014020863 0.0062645655 0.020285428 67.19412421419 34.62400730561 501.194489 1.189 -8.408000000000001
66.69177611935 35.61961433059 0.0395 0.0302 42.0 "" "" 176425509785604608 614.927185 1.6138 0.0482 4.716 -6.971 0.053 0.044 0.977 "" "" 16.036509 1.772022 16.89432 15.122297 "" "" 594.50885 635.490173 7250.09228 3.3521 2386.1 14.025 7083.4 15.271 "" "" 0.002800676069767987 0.0069650225 0.004445527 0.011410549 66.69177611935 35.61961433059 614.927185 4.716000000000001 -6.971000000000001
68.78331076074 35.20658387334 0.0434 0.0298 63.9027 "" "" 174638219275294976 617.90332 1.5873 0.0495 1.614 -2.824 0.059 0.045 1.049 4968.1 4.5136 16.036766 1.788826 16.904263 15.115437 "" "" 600.546021 637.724731 7248.37277 4.0724 2364.4 10.246 7128.3 15.919 "" "" 0.0028220377289458745 0.005470089 0.0044902996 0.009960389 68.78331076074 35.20658387334 617.90332 1.6140000000000003 -2.824
66.99434415923 35.11223696352 0.0442 0.0301 28.8172 "" "" 173344300247332864 455.450562 2.1542 0.0516 7.631 -4.749 0.058 0.049 0.972 4441.9 4.6324 16.03905 1.782897 16.90769 15.124793 "" "" 444.150299 467.495209 7233.14657 4.1562 2356.9 13.387 7067.1 13.171 "" "" 0.0028250667317097754 0.0067687235 0.0042869863 0.01105571 66.99434415923 35.11223696352 455.450562 7.631 -4.749
66.44563653057 35.41176382584 0.0463 0.0306 51.3182 "" "" 176416095217373312 566.657166 1.7311 0.0526 6.572 -14.886 0.068 0.052 1.045 4778.5 4.6563 16.044554 1.64155 16.827612 15.186062 "" "" 550.360779 589.437927 7196.56303 3.8459 2537.3 10.991 6679.3 16.158 "" "" 0.0028157506301606516 0.005468524 0.004602428 0.010070952 66.44563653057 35.41176382584 566.657166 6.572000000000001 -14.886
68.53059559593 35.2865481098 0.0468 0.0303 51.0027 "" "" 174619871175412992 631.869507 1.5608 0.0506 -6.488 1.505 0.064 0.05 0.961 4711.6 4.4568 16.046368 1.82624 16.940502 15.114262 "" "" 608.227173 655.858887 7184.55777 3.612 2286.7 11.707 7136.0 19.616 "" "" 0.002808868068833145 0.0062195193 0.0048157354 0.011035254 68.53059559593 35.2865481098 631.869507 -6.488000000000001 1.5049999999999997
67.89174493771 35.15022762071 0.0402 0.0283 23.4367 "" "" 173313135964669184 560.820984 1.7578 0.0466 -4.14 5.387 0.059 0.047 0.993 5300.0 4.5324 16.0477 2.003552 17.058825 15.055272 "" "" 547.134705 576.573425 7175.73155 3.4559 2050.6 10.505 7534.4 10.45 "" "" 0.002804498997359553 0.0062227077 0.0040683434 0.010291051 67.89174493771 35.15022762071 560.820984 -4.14 5.386999999999999
66.93905258004 34.49907008313 0.0474 0.0322 58.7485 "" "" 173222769853419264 545.882751 1.8049 0.0532 0.459 -4.117 0.068 0.054 0.975 4522.7 4.4068 16.059654 1.726658 16.884031 15.157373 "" "" 529.904175 565.003296 7097.16543 3.9385 2408.8 16.111 6858.2 12.082 "" "" 0.0028204286277647385 0.00777941 0.0042358297 0.01201524 66.93905258004 34.49907008313 545.882751 0.4589999999999999 -4.117
67.47524367567 36.41169313267 0.0405 0.029 62.724 "" "" 177974240632375296 606.576294 1.6053 0.0477 -4.25 -4.534 0.056 0.045 1.032 6723.1 4.3554 16.06068 2.120278 17.144993 15.024714 "" "" 584.753906 625.373718 7090.46721 4.0279 1894.2 14.526 7749.5 13.26 "" "" 0.0028235090364615565 0.0087812245 0.004211303 0.012992527 67.47524367567 36.41169313267 606.576294 -4.249999999999999 -4.533999999999999
66.6936008272 36.0189679827 0.0494 0.0323 55.2415 "" "" 176469799488281984 610.108704 1.6149 0.0551 11.865 -32.228 0.082 0.055 1.06 4702.5 4.3878 16.062834 2.045578 17.107681 15.062103 "" "" 589.625427 631.904785 7076.41114 3.827 1960.4 23.437 7487.2 21.48 "" "" 0.0028171913844090867 0.013276702 0.0048975614 0.018174263 66.6936008272 36.0189679827 610.108704 11.865000000000002 -32.227999999999994
67.57677834338 34.30477131314 0.2703 0.1585 63.83 "" "" 173060866766201600 580.712585 1.7919 0.2861 0.876 1.664 0.387 0.26 6.786 "" "" 16.070698 1.580267 16.660435 15.080168 "" "" 489.288208 688.354248 7025.34146 17.602 2959.7 22.499 7363.6 18.338 "" "" 0.003871936510185376 0.008712396 0.0046470044 0.0133594 67.57677834338 34.30477131314 580.712585 0.8759999999999999 1.664
67.32242551828 35.04361374696 0.0449 0.0304 21.1013 "" "" 173334885679105664 667.357788 1.4639 0.0516 0.757 -8.038 0.058 0.046 1.036 5238.3 4.5848 16.071815 1.774709 16.927107 15.152398 "" "" 645.696777 690.797791 7018.12172 3.6304 2315.1 10.272 6889.7 15.316 "" "" 0.0028119794962139944 0.0055670505 0.0044843396 0.01005139 67.32242551828 35.04361374696 667.357788 0.757 -8.038
68.40932811967 34.76094448541 0.0432 0.0305 57.8219 "" "" 174590631037722112 669.970093 1.4552 0.0506 3.209 -12.557 0.056 0.045 0.997 5049.7 4.5412 16.075857 1.708233 16.890732 15.182499 "" "" 647.011841 690.183228 6992.04078 3.421 2394.0 14.729 6701.3 13.366 "" "" 0.002806061798158338 0.0072392556 0.0043558353 0.011595091 68.40932811967 34.76094448541 669.970093 3.209 -12.557
67.71260646543 36.36465992199 0.0602 0.046 60.8375 "" "" 177946031287245440 594.670593 1.6284 0.0664 -0.676 -0.8 0.085 0.065 1.517 7172.0 4.2524 16.079163 2.82698 17.673578 14.846599 "" "" 573.49646 617.240967 6970.77925 6.7378 1164.1 9.85 9131.0 17.464 "" "" 0.0029484116628176707 0.009601286 0.0043123 0.013913586 67.71260646543 36.36465992199 594.670593 -0.6760000000000002 -0.8
66.76504144589 36.11137778449 0.0484 0.0327 57.0604 "" "" 176476396558029952 602.572266 1.6321 0.0534 6.378 -8.488 0.064 0.054 1.05 6680.2 4.3581 16.092377 2.217267 17.207407 14.99014 "" "" 581.659546 624.790466 6886.46413 4.0957 1788.4 15.282 8000.2 69.048 "" "" 0.0028299764223922493 0.009688166 0.010104195 0.019792361 66.76504144589 36.11137778449 602.572266 6.378000000000002 -8.488
66.34062203326 34.75959293717 0.0433 0.0311 67.3062 "" "" 176244159087403520 582.713562 1.6824 0.0497 0.12 -6.6 0.063 0.048 1.021 4649.7 4.4026 16.096579 1.61206 16.846365 15.234305 "" "" 568.745605 597.445068 6859.8668 10.988 2493.9 26.556 6389.0 41.07 "" "" 0.0032582658038574886 0.011893254 0.007936958 0.019830212 66.34062203326 34.75959293717 582.713562 0.11999999999999988 -6.600000000000001
66.34106286158 35.65995800957 0.0716 0.0526 58.9662 "" "" 176434718195525760 598.039001 1.6476 0.0816 -3.603 -0.395 0.11 0.086 1.781 4733.3 4.6619 16.096691 1.707926 16.88747 15.179544 "" "" 572.700989 622.428955 6859.14626 6.0389 2401.2 15.056 6719.6 11.251 "" "" 0.002916424623842224 0.007357373 0.0041938666 0.0115512395 66.34106286158 35.65995800957 598.039001 -3.6030000000000006 -0.39500000000000024
68.14190695064 35.09042221284 0.1151 0.075 35.8427 "" "" 174800534679117056 450.751251 2.2129 0.1284 8.646 -10.727 0.169 0.119 2.851 "" "" 16.096842 2.024724 17.005053 14.980329 "" "" 426.683228 484.482086 6858.19666 12.086 2154.7 13.942 8072.8 32.723 "" "" 0.0033545104897591905 0.0075590583 0.005801094 0.013360152 68.14190695064 35.09042221284 450.751251 8.646 -10.727
67.99315055686 34.79218572626 0.0686 0.0483 42.3004 "" "" 173286232289703552 464.103882 2.1331 0.0783 -1.376 1.065 0.089 0.072 1.693 4976.9 4.6665 16.103498 1.961203 17.018053 15.05685 "" "" 450.952148 481.635254 6816.27397 5.7061 2129.1 8.1768 7523.5 14.708 "" "" 0.0029013601439974997 0.0050171693 0.004334622 0.009351792 67.99315055686 34.79218572626 464.103882 -1.376 1.065
66.31889210725 35.92948056032 0.0427 0.0313 66.4841 "" "" 176634898031967104 523.543274 1.8798 0.051 4.583 -11.093 0.06 0.046 1.022 4792.0 4.6266 16.10503 1.79167 16.9788 15.18713 "" "" 508.630096 538.687134 6806.67111 3.9827 2207.5 9.7088 6672.8 12.771 "" "" 0.0028276091887226153 0.0055305813 0.0043129716 0.0098435525 66.31889210725 35.92948056032 523.543274 4.583 -11.093
67.49796330649 35.35259081247 0.0475 0.0326 0.859 "" "" 173379896936322560 550.5849 1.7756 0.0539 0.737 -8.738 0.066 0.051 1.041 9655.8 4.3368 16.107298 2.627587 17.556198 14.928611 "" "" 533.396729 568.084045 6792.46786 4.246 1297.0 14.269 8466.7 13.724 "" "" 0.0028376787332471385 0.012266321 0.0041690543 0.016435375 67.49796330649 35.35259081247 550.5849 0.7370000000000003 -8.738
66.58848311205 35.40697472098 0.0409 0.0316 44.327 "" "" 176369572131606272 661.684753 1.4905 0.0488 8.332 -7.14 0.059 0.049 0.979 4542.0 4.4346 16.110083 1.710519 16.93432 15.223802 "" "" 638.077881 682.893799 6775.06764 3.4317 2299.8 14.528 6451.2 18.568 "" "" 0.002809667222018441 0.0074044876 0.004904009 0.012308497 66.58848311205 35.40697472098 661.684753 8.331999999999999 -7.140000000000001
67.12548664554 34.51493334631 0.0482 0.0328 54.1963 "" "" 173176624724491904 588.334351 1.6594 0.0538 -2.437 -4.004 0.076 0.053 1.015 4861.6 4.6057 16.112015 1.743451 16.957195 15.213744 "" "" 570.661377 607.372742 6763.01666 3.8309 2251.8 15.42 6511.2 18.807 "" "" 0.002823124335886097 0.007941267 0.004911062 0.01285233 67.12548664554 34.51493334631 588.334351 -2.4369999999999994 -4.004
68.69886118264 35.5300468864 0.0474 0.0355 59.7375 "" "" 174834340365596032 668.843445 1.4745 0.0533 16.067 -3.203 0.068 0.057 1.056 5577.7 4.5221 16.115532 1.947384 17.090336 15.142952 "" "" 644.072327 699.915527 6741.15088 3.941 1992.0 11.426 6949.9 16.953 "" "" 0.0028274875451473336 0.0068241893 0.004614979 0.011439169 68.69886118264 35.5300468864 668.843445 16.067 -3.2029999999999985
67.8414328018 35.6267024732 0.0547 0.0356 23.0894 "" "" 174874644338786304 614.760986 1.5906 0.0611 4.756 -6.965 0.07 0.056 1.137 5436.0 4.5235 16.118006 2.048757 17.154669 15.105912 "" "" 589.221313 640.060974 6725.81164 4.1734 1877.4 12.031 7191.1 17.036 "" "" 0.0028364885898036533 0.00749636 0.004571618 0.012067978 67.8414328018 35.6267024732 614.760986 4.756 -6.965
67.61321920278 35.38158372518 0.0515 0.0324 5.9367 "" "" 173368489503400960 490.028412 2.0049 0.0556 16.691 -12.838 0.067 0.053 0.987 4509.1 4.5154 16.127161 1.876243 17.053207 15.176965 "" "" 473.708435 503.734406 6669.33638 3.9391 2061.3 12.98 6735.5 18.763 "" "" 0.002828959600527241 0.007384303 0.0048406054 0.012224909 67.61321920278 35.38158372518 490.028412 16.691 -12.838
66.26317706913 35.60300163531 0.0448 0.0321 61.7531 "" "" 176433687403399296 626.947449 1.5655 0.0543 7.759 4.442 0.064 0.053 0.914 4766.6 4.5969 16.129827 1.702071 16.948122 15.246051 "" "" 608.393616 644.889954 6652.97579 3.5256 2270.7 8.6892 6320.3 13.69 "" "" 0.0028147524151064876 0.0050046933 0.00445134 0.009456033 66.26317706913 35.60300163531 626.947449 7.759 4.442
66.47502257641 34.75985867116 0.0462 0.0327 61.8485 "" "" 176242093207177472 570.13446 1.7191 0.052 -5.346 -20.979 0.064 0.05 1.022 4596.9 4.6844 16.131605 1.633792 16.909805 15.276013 "" "" 555.763794 588.049133 6642.09266 3.2155 2352.3 11.857 6148.3 11.82 "" "" 0.0028050063670494512 0.0061429758 0.0043174746 0.01046045 66.47502257641 34.75985867116 570.13446 -5.346000000000001 -20.979000000000003
67.97285244464 35.57358003203 0.0502 0.033 26.5261 "" "" 174876297902117888 550.519226 1.7747 0.055 -1.211 -1.351 0.064 0.051 1.027 5071.3 4.5355 16.135324 1.943497 17.099302 15.155806 "" "" 537.385742 564.59259 6619.37912 11.953 1975.6 17.618 6868.1 36.736 "" "" 0.003381664176185022 0.01007638 0.0069288732 0.017005254 67.97285244464 35.57358003203 550.519226 -1.2110000000000003 -1.351
68.53419363869 35.24561321695 0.058 0.0353 51.4789 "" "" 174619183980249984 526.860107 1.8717 0.0606 0.166 2.0 0.075 0.057 1.197 5062.9 4.6346 16.136341 1.918344 17.073994 15.155649 "" "" 510.937378 542.125854 6613.18048 4.5101 2022.2 16.785 6869.1 15.107 "" "" 0.0028530801954163598 0.009434052 0.0044705076 0.013904559 68.53419363869 35.24561321695 526.860107 0.1660000000000001 2.0
