Clusters/NGC_1579/NGC_1579_stars_in_region.tsv
# %ECSV 1.0
# ---
# datatype:
# - name: RA_ICRS_1
#   unit: deg
#   datatype: float64
#   format: '{:15.11f}'
#   description: Right ascension (ICRS) at Ep=2016.0 (ra)
#   meta: !!omap
#   - {ucd: POS_EQ_RA_MAIN}
#   - {width: 15}
#   - {precision: '11'}
# - name: DE_ICRS_1
#   unit: deg
#   datatype: float64
#   format: '{:15.11f}'
#   description: Declination (ICRS) at Ep=2016.0 (dec)
#   meta: !!omap
#   - {ucd: POS_EQ_DEC_MAIN}
#   - {width: 15}
#   - {precision: '11'}
# - name: e_RA_ICRS
#   unit: mas
#   datatype: float64
#   format: '{:7.4f}'
#   description: Standard error of right ascension (ra_error)
#   meta: !!omap
#   - {ucd: ERROR}
#   - {width: 7}
#   - {precision: '4'}
# - name: e_DE_ICRS
#   unit: mas
#   datatype: float64
#   format: '{:7.4f}'
#   description: Standard error of declination (dec_error)
#   meta: !!omap
#   - {ucd: ERROR}
#   - {width: 7}
#   - {precision: '4'}
# - name: _r_1
#   unit: ''
#   datatype: float64
#   format: '{:7.4f}'
#   description: Distance from center (067.49330952000+35.36639586000)[ICRS], at Epoch=J2016.0
#   meta: !!omap
#   - {ucd: POS_ANG_DIST_GENERAL}
#   - {width: 7}
#   - {precision: '4'}
# - name: HIP
#   datatype: int32
#   description: '? HIP cross-id number, van Leeuwen, Cat. I/311 (hip_original_ext_source_id)'
#   meta: !!omap
#   - {ucd: ID_NUMBER}
#   - {width: 6}
#   - values: {'null': -2147483648}
# - name: TYC2
#   datatype: string
#   description: Tycho-2 cross-id name, Hog et al., Cat. I/259 (tyc2_original_ext_source_id)
#   meta: !!omap
#   - {ucd: ID_CROSSID}
#   - {_votable_string_dtype: char}
# - name: Source
#   datatype: int64
#   description: Source identifier, identical to the Gaia-EDR3 source_id (id)
#   meta: !!omap
#   - {ucd: ID_MAIN}
#   - {width: 19}
# - name: rgeo
#   unit: pc
#   datatype: float64
#   format: '{:15.8f}'
#   description: '? Median of the geometric distance posterior (r_med_geo)'
#   meta: !!omap
#   - {ucd: PHYS_DISTANCE_TRUE}
#   - {width: 15}
#   - {precision: '8'}
#   - values: {'null': .nan}
# - name: Plx
#   unit: mas
#   datatype: float64
#   format: '{:9.4f}'
#   description: '? Parallax (parallax)'
#   meta: !!omap
#   - {ucd: POS_PARLX_TRIG}
#   - {width: 9}
#   - {precision: '4'}
#   - values: {'null': .nan}
# - name: e_Plx
#   unit: mas
#   datatype: float32
#   format: '{:7.4f}'
#   description: '? Standard error of parallax (parallax_error)'
#   meta: !!omap
#   - {ucd: ERROR}
#   - {width: 7}
#   - {precision: '4'}
#   - values: {'null': .nan}
# - name: pmRA
#   unit: mas / yr
#   datatype: float64
#   format: '{:9.3f}'
#   description: '? Proper motion in right ascension direction, pmRA*cosDE (pmra)'
#   meta: !!omap
#   - {ucd: POS_EQ_PMRA}
#   - {width: 9}
#   - {precision: '3'}
#   - values: {'null': .nan}
# - name: pmDE
#   unit: mas / yr
#   datatype: float64
#   format: '{:9.3f}'
#   description: '? Proper motion in declination direction (pmdec)'
#   meta: !!omap
#   - {ucd: POS_EQ_PMDEC}
#   - {width: 9}
#   - {precision: '3'}
#   - values: {'null': .nan}
# - name: e_pmRA
#   unit: mas / yr
#   datatype: float32
#   format: '{:6.3f}'
#   description: '? Standard error of proper motion in right ascension direction (pmra_error)'
#   meta: !!omap
#   - {ucd: ERROR}
#   - {width: 6}
#   - {precision: '3'}
#   - values: {'null': .nan}
# - name: e_pmDE
[...]
#         unit: &id001 !astropy.units.Unit {unit: deg}
#         value: !astropy.table.SerializedColumn {name: SkyCoord.dec}
#       distance: !astropy.table.SerializedColumn
#         __class__: astropy.coordinates.distances.Distance
#         unit: !astropy.units.Unit {unit: pc}
#         value: !astropy.table.SerializedColumn {name: SkyCoord.distance}
#       frame: icrs
#       obstime: !astropy.time.Time {format: jyear_str, in_subfmt: '*', jd1: 367701545.0, jd2: 0.0, out_subfmt: '*', precision: 3, scale: tt}
#       pm_dec: !astropy.table.SerializedColumn
#         __class__: astropy.units.quantity.Quantity
#         unit: !astropy.units.Unit {unit: mas / yr}
#         value: !astropy.table.SerializedColumn {name: SkyCoord.pm_dec}
#       pm_ra_cosdec: !astropy.table.SerializedColumn
#         __class__: astropy.units.quantity.Quantity
#         unit: !astropy.units.Unit {unit: mas / yr}
#         value: !astropy.table.SerializedColumn {name: SkyCoord.pm_ra_cosdec}
#       ra: !astropy.table.SerializedColumn
#         __class__: astropy.coordinates.angles.Longitude
#         unit: *id001
#         value: !astropy.table.SerializedColumn {name: SkyCoord.ra}
#         wrap_angle: !astropy.coordinates.Angle
#           unit: *id001
#           value: 360.0
#       representation_type: spherical
# schema: astropy-2.0
RA_ICRS_1 DE_ICRS_1 e_RA_ICRS e_DE_ICRS _r_1 HIP TYC2 Source rgeo Plx e_Plx pmRA pmDE e_pmRA e_pmDE RUWE Teff logg Gmag BP-RP BPmag RPmag RV e_RV b_rgeo B_rgeo FG e_FG FBP e_FBP FRP e_FRP RAVE5 RAVE6 e_Gmag e_BPmag e_RPmag e_BP-RP SkyCoord.ra SkyCoord.dec SkyCoord.distance SkyCoord.pm_ra_cosdec SkyCoord.pm_dec
[from data line 774]
67.41973543534 36.14651997584 0.1496 0.1 46.9443 "" "" 177920016669672192 529.968262 1.8657 0.1756 -3.642 -11.637 0.215 0.152 2.224 4694.7 4.6928 16.856743 2.438651 18.137684 15.699033 "" "" 478.583618 586.492981 3406.03709 5.9227 759.18 9.0944 4164.3 12.68 "" "" 0.0033400917855681126 0.013302209 0.005021285 0.018323494 67.41973543534 36.14651997584 529.968262 -3.6420000000000003 -11.637
67.66728572993 35.52611168512 0.0709 0.0475 12.8121 "" "" 174883994483537536 540.853577 1.8195 0.0795 2.272 -5.791 0.098 0.079 1.066 5512.5 4.24 16.863716 2.739505 18.315418 15.575913 "" "" 514.323181 567.679749 3384.23355 81.021 644.54 51.558 4664.4 311.44 "" "" 0.026138935108714696 0.08689494 0.072592594 0.15948753 67.66728572993 35.52611168512 540.853577 2.2719999999999994 -5.791
66.82149920248 36.34251795362 0.1225 0.0797 67.0628 "" "" 176483539087322240 470.589691 2.1349 0.1373 3.658 -7.164 0.156 0.114 1.614 4148.4 4.7181 16.864977 2.242313 18.00655 15.764236 "" "" 446.619843 496.830444 3380.3079 6.6522 856.64 10.432 3921.6 12.228 "" "" 0.0034866978286939914 0.013513083 0.0050739534 0.018587036 66.82149920248 36.34251795362 470.589691 3.658 -7.164000000000001
66.42444301415 34.92975342158 0.0803 0.0452 58.6184 "" "" 176247148384389632 476.176514 2.0632 0.0897 8.33 -4.074 0.102 0.069 0.88 4126.4 4.5022 16.868725 2.292428 18.076721 15.784293 "" "" 454.795532 493.731201 3368.65906 2.7489 803.02 11.095 3849.8 16.93 "" "" 0.0028942629650384522 0.015258448 0.0060894317 0.02134788 66.42444301415 34.92975342158 476.176514 8.33 -4.074
66.38076930488 35.22337444324 0.0682 0.0529 55.1539 "" "" 176272883828359296 541.784424 1.8057 0.0945 1.66 -4.872 0.102 0.074 0.956 3549.9 4.0398 16.87443 2.920481 18.532906 15.612425 "" "" 514.17572 572.018433 3351.00447 15.588 527.54 16.198 4510.1 64.37 "" "" 0.0057532569325237076 0.03345385 0.015950298 0.049404144 66.38076930488 35.22337444324 541.784424 1.6600000000000001 -4.872
66.97800178043 34.77036713687 0.0807 0.0513 43.8094 "" "" 173324062361611904 663.690552 1.5005 0.0914 -2.269 -4.572 0.105 0.079 1.025 4596.6 4.7142 16.891838 1.811617 17.766777 15.95516 "" "" 616.711304 705.35498 3297.70393 3.048 1068.3 7.7776 3289.2 15.971 "" "" 0.0029323794445554417 0.008382531 0.006486642 0.014869173 66.97800178043 34.77036713687 663.690552 -2.269000000000001 -4.572
67.22032459023 34.63296597516 0.0776 0.0482 46.0057 "" "" 173271801199552768 666.739075 1.4983 0.0892 4.613 -9.941 0.106 0.084 0.892 3959.1 4.4927 16.893433 2.070632 17.94939 15.878758 "" "" 625.752686 706.560059 3292.86366 3.0348 902.94 14.143 3529.0 17.902 "" "" 0.002931396023659927 0.017233554 0.006679748 0.023913302 67.22032459023 34.63296597516 666.739075 4.613000000000001 -9.941
67.97030498056 34.41191013958 0.0696 0.044 61.8937 "" "" 173066188228816256 587.860352 1.6812 0.085 0.059 -3.48 0.095 0.07 1.032 4797.9 4.7482 16.895235 1.843454 17.796833 15.953379 "" "" 560.237366 614.65863 3287.40282 2.4997 1039.2 8.5154 3294.6 10.782 "" "" 0.00287634700911741 0.00932399 0.0051873913 0.014511381 67.97030498056 34.41191013958 587.860352 0.05899999999999994 -3.4800000000000004
67.59310325237 36.17070727949 0.0629 0.046 48.5026 "" "" 177920811239298304 643.426575 1.5439 0.0706 -0.55 -32.061 0.087 0.07 0.956 4919.4 4.4046 16.896563 2.295981 18.108969 15.812988 "" "" 614.131348 673.040833 3283.38433 2.6897 779.52 15.65 3749.4 15.277 "" "" 0.0028953161317953366 0.021975582 0.005818436 0.027794018 67.59310325237 36.17070727949 643.426575 -0.5499999999999989 -32.061
67.70545768226 36.26224622066 0.0622 0.0478 54.7331 "" "" 177933352543793792 617.138306 1.5846 0.0715 12.454 -7.898 0.084 0.071 1.043 4910.0 4.6402 16.896982 2.207898 18.042189 15.83429 "" "" 591.178345 642.579407 3282.11328 2.4922 828.98 11.73 3676.6 15.979 "" "" 0.002876016983987756 0.015614391 0.006045691 0.021660082 67.70545768226 36.26224622066 617.138306 12.454 -7.898
67.69266547263 35.6994443328 0.0698 0.0465 22.2276 "" "" 174887602255907968 622.524841 1.5559 0.0779 9.789 7.076 0.09 0.069 0.954 8426.0 4.4844 16.898716 2.280312 18.099794 15.819483 "" "" 597.764832 661.755798 3276.87985 5.157 786.14 10.724 3727.1 25.179 "" "" 0.0032421257519229555 0.015071415 0.008251295 0.02332271 67.69266547263 35.6994443328 622.524841 9.789 7.076
67.09260726224 35.81645943762 0.0774 0.0506 33.3382 "" "" 176410219701949440 556.821106 1.7744 0.0849 13.013 -26.77 0.119 0.088 1.08 4520.9 4.6928 16.903582 2.150657 18.01901 15.868354 "" "" 529.709656 586.019836 3262.228 2.6341 846.86 8.4273 3563.0 13.14 "" "" 0.0028914289417280277 0.0111588705 0.005506039 0.01666491 67.09260726224 35.81645943762 556.821106 13.012999999999998 -26.769999999999996
67.30090122166 36.09367771444 0.0759 0.0488 44.6319 "" "" 177916649415285632 544.037476 1.8034 0.0843 23.542 -23.097 0.103 0.08 0.952 4378.1 4.4733 16.9036 2.432408 18.22261 15.790202 "" "" 520.138062 565.19574 3262.17156 2.9163 702.06 11.842 3828.9 15.209 "" "" 0.0029212830547232223 0.018524988 0.005734392 0.02425938 67.30090122166 36.09367771444 544.037476 23.541999999999998 -23.097
67.98906376332 34.38969952436 0.0679 0.0439 63.4791 "" "" 173065913350896640 667.155029 1.4803 0.0846 0.174 -7.971 0.096 0.07 1.042 4411.7 4.5147 16.904442 1.991118 17.919651 15.928533 "" "" 628.212097 707.934875 3259.6456 2.8839 928.02 6.09 3370.9 15.081 "" "" 0.0029179626105757125 0.007651832 0.006154557 0.01380639 67.98906376332 34.38969952436 667.155029 0.1739999999999997 -7.971
68.56242702936 35.23001246965 0.0802 0.0468 52.9893 "" "" 174618737303651072 486.746033 2.0044 0.0824 -2.724 -0.277 0.102 0.074 1.055 4495.2 4.6635 16.90539 2.213578 18.063242 15.849664 "" "" 470.892944 506.493805 3256.79533 2.6291 813.05 9.7342 3624.9 12.208 "" "" 0.0028913669613033596 0.013294999 0.0052587227 0.01855372 68.56242702936 35.23001246965 486.746033 -2.7239999999999998 -0.277
67.80271819321 34.82669263676 0.0753 0.0536 35.7675 "" "" 173290733415292544 477.664764 2.0491 0.0902 2.546 -5.728 0.1 0.085 1.066 "" "" 16.909922 3.584456 19.10477 15.520314 "" "" 460.224365 495.43399 3243.23529 5.9472 311.54 9.7098 4909.4 31.912 "" "" 0.003399358058740168 0.033954084 0.008005736 0.041959822 67.80271819321 34.82669263676 477.664764 2.546 -5.728
67.04054003137 34.76228736546 0.0902 0.0627 42.5232 "" "" 173323851908284928 546.248352 1.7838 0.1077 -16.839 -31.044 0.114 0.089 0.943 4118.2 4.6611 16.912682 2.274328 18.10485 15.830523 "" "" 516.874939 574.07666 3234.99903 3.0288 782.49 15.24 3689.3 23.806 "" "" 0.00293685634976023 0.021329392 0.007960339 0.02928973 67.04054003137 34.76228736546 546.248352 -16.839000000000002 -31.043999999999997
67.5955080766 35.93738549534 0.0857 0.0531 34.6198 "" "" 177896484544541568 522.676514 1.8922 0.0954 6.206 -8.051 0.11 0.081 1.03 4562.7 4.6647 16.916327 2.320648 18.144346 15.823698 "" "" 499.087524 546.959167 3224.15837 3.0658 754.53 14.617 3712.6 11.047 "" "" 0.0029423897630484973 0.02121749 0.004972007 0.026189497 67.5955080766 35.93738549534 522.676514 6.206 -8.050999999999998
67.33996999468 35.64389422415 0.071 0.0498 18.2569 "" "" 176389913096766080 607.167297 1.6288 0.0789 4.826 -13.139 0.106 0.076 1.084 4294.7 4.347 16.922764 2.468592 18.27309 15.804499 "" "" 581.187378 631.94873 3205.09498 2.8198 670.16 9.6194 3778.8 14.863 "" "" 0.0029162008570364426 0.015832331 0.0057026963 0.021535028 67.33996999468 35.64389422415 607.167297 4.8260000000000005 -13.138999999999998
68.17511736856 35.16109257896 0.0782 0.0512 35.6008 "" "" 174801359312833920 554.679565 1.7668 0.0839 2.187 -6.615 0.133 0.096 0.962 4466.1 4.6234 16.927256 2.167718 18.05983 15.892112 "" "" 529.130859 580.194275 3191.86581 3.0473 815.61 12.538 3485.9 15.942 "" "" 0.002943849236416926 0.016922137 0.0062400876 0.023162223 68.17511736856 35.16109257896 554.679565 2.187 -6.615
68.47593935303 35.7388300419 0.0701 0.0484 52.9163 "" "" 174852791545331456 605.215515 1.6273 0.0832 -2.805 -5.76 0.11 0.076 1.004 4640.4 4.3153 16.929344 2.658748 18.368954 15.710206 "" "" 575.402039 632.56488 3185.73285 8.2727 613.53 15.413 4121.7 48.07 "" "" 0.0039422086035106755 0.027418021 0.013214557 0.04063258 68.47593935303 35.7388300419 605.215515 -2.805000000000001 -5.76
67.74492988022 35.20109584649 0.0825 0.0541 15.8191 "" "" 173315850384006272 639.491516 1.569 0.0934 0.219 -4.423 0.123 0.1 1.082 5097.6 4.2514 16.936214 2.803153 18.487965 15.684812 "" "" 598.454041 675.926697 3165.6362 3.1689 549.83 13.276 4219.2 16.844 "" "" 0.0029619325612373283 0.02636386 0.005750796 0.032114655 67.74492988022 35.20109584649 639.491516 0.21899999999999997 -4.423
67.65910415775 36.02633830459 0.0706 0.0497 40.4123 "" "" 177903115974042752 479.086334 2.0502 0.0785 10.043 -11.912 0.095 0.073 1.036 4537.7 4.6258 16.937008 2.368985 18.21011 15.841125 "" "" 461.448975 494.954163 3163.32499 2.6726 710.19 13.652 3653.5 12.943 "" "" 0.0029040042219397096 0.02105681 0.005392423 0.026449233 67.65910415775 36.02633830459 479.086334 10.042999999999997 -11.911999999999999
68.00283227501 35.28732937754 0.0858 0.0565 25.3893 "" "" 174815584244452480 552.240479 1.783 0.0955 1.954 -3.776 0.13 0.091 1.226 4272.2 4.4613 16.94436 2.279718 18.158232 15.878513 "" "" 525.528687 581.197449 3141.97264 2.3597 744.94 10.397 3529.8 15.034 "" "" 0.002873445832816598 0.015408167 0.0059722816 0.021380449 68.00283227501 35.28732937754 552.240479 1.954 -3.776
68.1389972777 36.0841357616 0.0656 0.0457 53.3262 "" "" 174923095865683456 477.675201 2.0504 0.0742 -1.992 -8.415 0.087 0.072 0.968 4265.7 4.6556 16.944933 2.208962 18.096308 15.887346 "" "" 460.097961 495.670624 3140.31971 4.3757 788.67 10.572 3501.2 15.95 "" "" 0.003143330547034276 0.014819164 0.0062248064 0.021043971 68.1389972777 36.0841357616 477.675201 -1.992 -8.415000000000001
67.36219330207 34.45062715931 0.0904 0.0535 55.3236 "" "" 173265616446662016 634.608154 1.5522 0.0914 11.102 -7.274 0.145 0.094 0.989 4505.7 4.6637 16.949902 2.026705 17.996162 15.969458 "" "" 594.249329 671.598938 3125.98138 2.6519 864.87 13.326 3246.2 15.461 "" "" 0.0029051968781716344 0.016960211 0.0064050336 0.023365244 67.36219330207 34.45062715931 634.608154 11.102 -7.273999999999999
66.31803049722 35.45359488542 0.0778 0.0535 57.7103 "" "" 176419183298340736 651.163513 1.5231 0.1042 1.117 -8.901 0.113 0.1 1.07 4489.3 4.6697 16.950338 2.029495 17.981298 15.951803 "" "" 610.424683 688.652832 3124.72256 2.7726 876.79 7.3848 3299.4 11.277 "" "" 0.0029188869154975505 0.009560849 0.0052966727 0.014857521 66.31803049722 35.45359488542 651.163513 1.117 -8.901
68.30945806311 35.74921211841 0.0657 0.0483 45.9846 "" "" 174855024928333312 640.59906 1.5387 0.0766 5.689 -8.348 0.093 0.075 1.093 4805.8 4.6414 16.95303 2.157911 18.071518 15.913607 "" "" 604.224792 670.334534 3116.98842 2.3428 806.88 12.858 3417.6 12.527 "" "" 0.0028736301299431663 0.017525233 0.0054883263 0.02301356 68.30945806311 35.74921211841 640.59906 5.689 -8.348000000000003
67.96188027094 35.84496274242 0.0698 0.0485 36.7012 "" "" 174895157102852352 529.600159 1.8723 0.0786 -6.15 -22.289 0.091 0.072 1.011 4322.3 4.3881 16.95323 2.338336 18.198164 15.859828 "" "" 500.594543 554.789429 3116.41401 2.4535 718.04 12.533 3591.1 15.557 "" "" 0.002884864147266877 0.019155238 0.006033804 0.025189042 67.96188027094 35.84496274242 529.600159 -6.15 -22.289
67.13009530405 34.66820483601 0.0913 0.0528 45.5349 "" "" 173319458156672768 449.972961 2.2009 0.1034 1.682 2.52 0.111 0.087 1.071 3715.3 4.4224 16.954357 2.053342 17.991884 15.938542 "" "" 428.873505 472.434509 3113.17986 2.7246 868.29 12.888 3340.0 16.984 "" "" 0.002914567210955244 0.0163553 0.006690678 0.02304598 67.13009530405 34.66820483601 449.972961 1.682 2.5199999999999996
67.05708396968 35.61993838137 0.0726 0.0487 26.1828 "" "" 176399121506665088 449.937988 2.2142 0.0816 -10.149 -17.779 0.096 0.071 1.015 3602.6 4.2311 16.957094 2.618118 18.402822 15.784704 "" "" 436.131287 466.774323 3105.3376 3.1447 594.69 8.2049 3848.4 15.189 "" "" 0.002966595134589045 0.015237468 0.0057137427 0.020951211 67.05708396968 35.61993838137 449.937988 -10.149000000000001 -17.779000000000003
68.04110774855 36.13722661743 0.0642 0.0493 53.3903 "" "" 174926531839465344 580.827454 1.6928 0.0766 5.5 -15.948 0.086 0.069 1.075 4463.7 4.4261 16.957306 2.262387 18.14572 15.883332 "" "" 558.402893 606.440735 3104.73385 2.6742 753.58 14.221 3514.2 14.461 "" "" 0.002909698518798614 0.02067831 0.005851939 0.026530249 68.04110774855 36.13722661743 580.827454 5.500000000000001 -15.948000000000002
67.19271675856 35.0876090457 0.0695 0.0504 22.2902 "" "" 173345674636861440 606.775146 1.6282 0.0903 -0.548 -1.137 0.092 0.073 0.977 4529.2 4.7235 16.95865 2.0464 17.98379 15.937389 "" "" 574.577087 642.899963 3100.8918 3.1622 874.78 10.718 3343.5 11.394 "" "" 0.002969458962252632 0.013592145 0.0052890046 0.01888115 67.19271675856 35.0876090457 606.775146 -0.5480000000000002 -1.1369999999999998
67.87412313044 34.77199804162 0.0758 0.0499 40.2694 "" "" 173286640310433536 655.133118 1.4921 0.0843 7.892 -13.082 0.103 0.087 1.075 5282.5 4.6547 16.963432 2.231369 18.127588 15.896219 "" "" 627.367493 686.943665 3087.26297 2.6087 766.27 9.4765 3472.7 13.784 "" "" 0.0029040445170430747 0.013714185 0.005732014 0.019446198 67.87412313044 34.77199804162 655.133118 7.892 -13.082000000000003
68.12502001417 36.32167112353 0.0836 0.0487 65.0316 "" "" 174935946407769088 581.076416 1.6797 0.0937 3.293 -1.378 0.114 0.08 1.019 4611.7 4.6177 16.974136 2.326334 18.215626 15.889292 "" "" 545.053223 612.776794 3056.97802 2.6463 706.59 8.1281 3495.0 8.8012 "" "" 0.002911212534946165 0.012797391 0.0046646744 0.017462065 68.12502001417 36.32167112353 581.076416 3.2930000000000006 -1.3780000000000001
68.47304005095 34.90081319436 0.0695 0.0453 55.6007 "" "" 174604748593348864 570.909912 1.7134 0.0787 4.432 -9.173 0.103 0.072 0.934 4499.7 4.6104 16.980947 2.180168 18.126963 15.946794 "" "" 545.805847 596.008362 3037.85759 2.3398 766.71 8.5691 3314.7 10.576 "" "" 0.002879427328547544 0.012451327 0.0051268246 0.017578151 68.47304005095 34.90081319436 570.909912 4.432 -9.173
68.46931788598 35.06063599967 0.0767 0.0467 51.2408 "" "" 174615640630505472 660.972961 1.494 0.0826 -2.44 -3.629 0.112 0.075 0.996 4454.3 4.398 16.982641 1.9736 17.974052 16.000452 "" "" 623.117249 702.573669 3033.12616 2.4261 882.66 10.375 3154.8 13.091 "" "" 0.0028889421652086834 0.013063456 0.0058806124 0.018944068 68.46931788598 35.06063599967 660.972961 -2.4400000000000004 -3.629
67.53484386425 35.24420316343 0.0776 0.0516 7.6084 "" "" 173361029145281280 558.010925 1.7617 0.0863 1.534 -4.427 0.113 0.084 0.962 6180.5 3.8075 16.98736 3.93793 19.441145 15.503215 "" "" 529.865723 597.513794 3019.97288 11.325 228.54 10.941 4987.4 77.925 "" "" 0.0049162266018979075 0.05205278 0.017379854 0.06943263 67.53484386425 35.24420316343 558.010925 1.5339999999999998 -4.427
67.57198799481 35.32135119276 0.0806 0.0541 4.7045 "" "" 173367866732936704 485.384674 2.0313 0.0905 7.35 -2.024 0.109 0.083 1.005 7083.5 4.1845 16.992876 3.723173 19.323204 15.600031 "" "" 463.380157 505.919739 3004.66934 3.2786 254.76 10.718 4561.9 18.346 "" "" 0.002999225397823739 0.045763113 0.0057748477 0.05153796 67.57198799481 35.32135119276 485.384674 7.349999999999999 -2.024
66.93680349812 36.33079492104 0.0827 0.0512 63.8804 "" "" 177981456177465344 596.918701 1.6842 0.0923 -0.644 10.915 0.107 0.08 1.045 4633.2 4.3793 16.994066 2.330088 18.227894 15.897806 "" "" 560.887207 632.93457 3001.37339 2.8307 698.65 6.484 3467.7 11.697 "" "" 0.0029394483376169156 0.010455618 0.0052627344 0.015718352 66.93680349812 36.33079492104 596.918701 -0.6439999999999997 10.915
