Clusters/NGC_1579/NGC_1579_members.tsv
# %ECSV 1.0
# ---
# datatype:
# - name: RA_ICRS_1
#   unit: deg
#   datatype: float64
#   format: '{:15.11f}'
#   description: Right ascension (ICRS) at Ep=2016.0 (ra)
#   meta: !!omap
#   - {ucd: POS_EQ_RA_MAIN}
#   - {width: 15}
#   - {precision: '11'}
# - name: DE_ICRS_1
#   unit: deg
#   datatype: float64
#   format: '{:15.11f}'
#   description: Declination (ICRS) at Ep=2016.0 (dec)
#   meta: !!omap
#   - {ucd: POS_EQ_DEC_MAIN}
#   - {width: 15}
#   - {precision: '11'}
# - name: e_RA_ICRS
#   unit: mas
#   datatype: float64
#   format: '{:7.4f}'
#   description: Standard error of right ascension (ra_error)
#   meta: !!omap
#   - {ucd: ERROR}
#   - {width: 7}
#   - {precision: '4'}
# - name: e_DE_ICRS
#   unit: mas
#   datatype: float64
#   format: '{:7.4f}'
#   description: Standard error of declination (dec_error)
#   meta: !!omap
#   - {ucd: ERROR}
#   - {width: 7}
#   - {precision: '4'}
# - name: _r_1
#   unit: ''
#   datatype: float64
#   format: '{:7.4f}'
#   description: Distance from center (067.49330952000+35.36639586000)[ICRS], at Epoch=J2016.0
#   meta: !!omap
#   - {ucd: POS_ANG_DIST_GENERAL}
#   - {width: 7}
#   - {precision: '4'}
# - name: HIP
#   datatype: int32
#   description: '? HIP cross-id number, van Leeuwen, Cat. I/311 (hip_original_ext_source_id)'
#   meta: !!omap
#   - {ucd: ID_NUMBER}
#   - {width: 6}
#   - values: {'null': -2147483648}
# - name: TYC2
#   datatype: string
#   description: Tycho-2 cross-id name, Hog et al., Cat. I/259 (tyc2_original_ext_source_id)
#   meta: !!omap
#   - {ucd: ID_CROSSID}
#   - {_votable_string_dtype: char}
# - name: Source
#   datatype: int64
#   description: Source identifier, identical to the Gaia-EDR3 source_id (id)
#   meta: !!omap
#   - {ucd: ID_MAIN}
#   - {width: 19}
# - name: rgeo
#   unit: pc
#   datatype: float64
#   format: '{:15.8f}'
#   description: '? Median of the geometric distance posterior (r_med_geo)'
#   meta: !!omap
#   - {ucd: PHYS_DISTANCE_TRUE}
#   - {width: 15}
#   - {precision: '8'}
#   - values: {'null': .nan}
# - name: Plx
#   unit: mas
#   datatype: float64
#   format: '{:9.4f}'
#   description: '? Parallax (parallax)'
#   meta: !!omap
#   - {ucd: POS_PARLX_TRIG}
#   - {width: 9}
#   - {precision: '4'}
#   - values: {'null': .nan}
# - name: e_Plx
#   unit: mas
#   datatype: float32
#   format: '{:7.4f}'
#   description: '? Standard error of parallax (parallax_error)'
#   meta: !!omap
#   - {ucd: ERROR}
#   - {width: 7}
#   - {precision: '4'}
#   - values: {'null': .nan}
# - name: pmRA
#   unit: mas / yr
#   datatype: float64
#   format: '{:9.3f}'
#   description: '? Proper motion in right ascension direction, pmRA*cosDE (pmra)'
#   meta: !!omap
#   - {ucd: POS_EQ_PMRA}
#   - {width: 9}
#   - {precision: '3'}
#   - values: {'null': .nan}
# - name: pmDE
#   unit: mas / yr
#   datatype: float64
#   format: '{:9.3f}'
#   description: '? Proper motion in declination direction (pmdec)'
#   meta: !!omap
#   - {ucd: POS_EQ_PMDEC}
#   - {width: 9}
#   - {precision: '3'}
#   - values: {'null': .nan}
# - name: e_pmRA
#   unit: mas / yr
#   datatype: float32
#   format: '{:6.3f}'
#   description: '? Standard error of proper motion in right ascension direction (pmra_error)'
#   meta: !!omap
#   - {ucd: ERROR}
#   - {width: 6}
#   - {precision: '3'}
#   - values: {'null': .nan}
# - name: e_pmDE
[...]
#       distance: !astropy.table.SerializedColumn
#         __class__: astropy.coordinates.distances.Distance
#         unit: !astropy.units.Unit {unit: pc}
#         value: !astropy.table.SerializedColumn {name: SkyCoord.distance}
#       frame: icrs
#       obstime: !astropy.time.Time {format: jyear_str, in_subfmt: '*', jd1: 367701545.0, jd2: 0.0, out_subfmt: '*', precision: 3, scale: tt}
#       pm_dec: !astropy.table.SerializedColumn
#         __class__: astropy.units.quantity.Quantity
#         unit: !astropy.units.Unit {unit: mas / yr}
#         value: !astropy.table.SerializedColumn {name: SkyCoord.pm_dec}
#       pm_ra_cosdec: !astropy.table.SerializedColumn
#         __class__: astropy.units.quantity.Quantity
#         unit: !astropy.units.Unit {unit: mas / yr}
#         value: !astropy.table.SerializedColumn {name: SkyCoord.pm_ra_cosdec}
#       ra: !astropy.table.SerializedColumn
#         __class__: astropy.coordinates.angles.Longitude
#         unit: *id001
#         value: !astropy.table.SerializedColumn {name: SkyCoord.ra}
#         wrap_angle: !astropy.coordinates.Angle
#           unit: *id001
#           value: 360.0
#       representation_type: spherical
# schema: astropy-2.0
RA_ICRS_1 DE_ICRS_1 e_RA_ICRS e_DE_ICRS _r_1 HIP TYC2 Source rgeo Plx e_Plx pmRA pmDE e_pmRA e_pmDE RUWE Teff logg Gmag BP-RP BPmag RPmag RV e_RV b_rgeo B_rgeo FG e_FG FBP e_FBP FRP e_FRP RAVE5 RAVE6 e_Gmag e_BPmag e_RPmag e_BP-RP SkyCoord.ra SkyCoord.dec SkyCoord.distance SkyCoord.pm_ra_cosdec SkyCoord.pm_dec rmRA rmDE e_rmRA e_rmDE rRV e_rRV v_pec v_pec3d e_vpec e_vpec3d Pmemb
67.7126959968 35.44591352422 0.0171 0.0113 11.7419 "" 2381-482-1 173369863892701312 521.641479 1.8843 0.0197 2.497 -5.647 0.024 0.018 0.95 11121.6 3.8204 11.128572 1.279948 11.683443 10.403495 "" "" 516.393799 528.724365 666066.67974 269.61 289760.0 301.82 546710.0 278.48 "" "" 0.002790149663645028 0.0030106546 0.0038196319 0.0068302862 67.7126959968 35.44591352422 521.641479 2.497 -5.647 0.25381471824645985 -0.6942221374511721 0.40960371 0.40360373 "" "" 1.8276473719420696 "" 0.7389467446689031 "" 1.0
67.36931623015 35.22191784515 0.0218 0.0154 10.5838 "" "" 173371646302751616 522.243042 1.9066 0.0256 2.979 -4.911 0.028 0.021 1.982 "" "" 12.181469 1.659201 12.955948 11.296747 -0.54 12.54 515.049194 529.47052 252556.94246 63.889 89751.0 66.946 240140.0 102.4 "" "" 0.0027689756264441165 0.0029053262 0.0038076339 0.00671296 67.36931623015 35.22191784515 522.243042 2.979 -4.911 0.73581471824646 0.04177786254882854 0.41360372 0.40660372 -4.78625 15.38119 1.824392876419615 5.122167356698787 0.7545349953017131 14.374987357825086 1.0
67.46888792591 35.37322884103 0.0134 0.0093 1.2632 "" "" 173380137454490368 524.265381 1.9002 0.0151 2.622 -4.514 0.018 0.014 1.041 "" "" 12.232052 1.607053 12.977808 11.370755 "" "" 520.221863 528.984009 241060.40082 53.944 87962.0 74.084 224310.0 99.504 "" "" 0.002766011715794684 0.0029361951 0.003809947 0.006746142 67.46888792591 35.37322884103 524.265381 2.622 -4.514000000000003 0.37881471824645985 0.4387778625488279 0.40360373 0.39960372 "" "" 1.4405102519891182 "" 0.5781009799930036 "" 1.0
67.5684908919 35.42269946557 0.0139 0.0093 4.9934 "" "" 173380579834746112 525.637573 1.8883 0.0157 2.703 -4.919 0.021 0.015 1.078 "" "" 12.413427 1.44119 13.061036 11.619846 -12.74 18.46 521.750061 529.10968 203974.50831 41.214 81471.0 66.309 178330.0 74.139 "" "" 0.002764039822012223 0.0029267618 0.0038062416 0.006733003 67.5684908919 35.42269946557 525.637573 2.7029999999999994 -4.9190000000000005 0.4598147182464598 0.03377786254882853 0.40660372 0.4006037 -16.98625 21.30119 1.1487254940543958 17.025047997676555 0.4670393411072863 21.252669985247735 1.0
67.42176542699 35.3496361279 0.0201 0.0129 3.6424 "" "" 173374876118156928 526.161865 1.8485 0.0237 2.524 -4.584 0.024 0.019 1.343 "" "" 13.131474 2.658628 14.598971 11.940344 "" "" 519.749756 532.733398 105282.6533 70.442 19762.0 43.882 132750.0 236.08 "" "" 0.0028494741777628004 0.0036874793 0.004244045 0.007931524 67.42176542699 35.3496361279 526.161865 2.524 -4.584 0.28081471824646 0.3687778625488285 0.40960371 0.40460372 "" "" 1.1560309187851843 "" 0.46986413167757574 "" 1.0
67.40710263413 35.54303198137 0.0184 0.0126 11.405 "" "" 173386146112340608 517.295166 1.8879 0.0214 2.564 -4.801 0.027 0.02 1.006 5463.1 4.0026 13.683315 1.986318 14.680399 12.694081 6.65 5.08 511.49823 523.035828 63331.62166 76.065 18334.0 64.961 66302.0 193.68 "" "" 0.0030483260135801063 0.004752293 0.0049338588 0.0096861515 67.40710263413 35.54303198137 517.295166 2.564 -4.801 0.32081471824646 0.15177786254882797 0.41260374 0.40560374 2.4037500000000005 7.9211903 0.8702232441434237 2.55642378277693 0.3579510242303389 7.449120543435757 1.0
67.7070601681 34.95767487444 0.0273 0.0193 26.6706 "" "" 173304236792463488 527.591309 1.8495 0.0306 2.06 -4.84 0.037 0.03 1.35 6328.6 3.5785 14.630764 2.610445 16.040167 13.429722 "" "" 519.401672 534.563049 26463.12238 571.91 5240.2 347.54 33672.0 1937.9 "" "" 0.023625696364451106 0.07206211 0.06260077 0.13466288 67.7070601681 34.95767487444 527.591309 2.06 -4.839999999999999 -0.18318528175353999 0.11277786254882827 0.42260373 0.41560373 "" "" 0.5379630455028906 "" 0.22631642038306202 "" 1.0
67.50477834857 35.29011718364 0.0315 0.0213 4.611 "" "" 173362064230899968 543.115723 1.7878 0.0351 2.051 -5.172 0.041 0.032 1.27 6904.3 3.7052 14.835386 2.973466 16.355267 13.381801 -2.63 9.06 532.390015 556.114624 21917.55558 68.186 3920.2 79.425 35192.0 494.63 "" "" 0.0043590112300280846 0.022173747 0.01572126 0.03789501 67.50477834857 35.29011718364 543.115723 2.051 -5.171999999999999 -0.19218528175353988 -0.21922213745117158 0.42660373 0.41760373 -6.87625 11.901191 0.750522377887704 6.9170873857578385 0.31637401951889177 11.830977817350993 1.0
67.52772789765 35.34231150491 0.0287 0.0195 2.2192 "" "" 173368180265537280 522.871704 1.8598 0.0324 2.424 -5.239 0.038 0.029 1.054 4977.4 3.5042 14.934294 2.816209 16.534386 13.718177 2.09 5.79 514.621765 529.943726 20009.17518 15.208 3324.0 17.122 25816.0 54.884 "" "" 0.002876242253765896 0.0062500243 0.00442851 0.010678534 67.52772789765 35.34231150491 522.871704 2.424 -5.239 0.1808147182464599 -0.28622213745117175 0.4236037 0.4146037 -2.15625 8.63119 0.8390698980555468 2.313752872785455 0.35005216656276567 8.044645512750977 1.0
67.48914491117 35.32320240185 0.031 0.0213 2.5996 "" "" 173373918341852416 509.49292 1.9103 0.0344 1.789 -4.362 0.041 0.033 1.168 7983.3 3.9347 15.020167 2.721619 16.543182 13.821564 8.32 4.77 500.173065 520.354248 18487.56321 20.59 3297.2 17.598 23471.0 73.053 "" "" 0.0030089821014702787 0.0064315903 0.0050698724 0.011501463 67.48914491117 35.32320240185 509.49292 1.7889999999999997 -4.362 -0.4541852817535401 0.590777862548828 0.42660373 0.41860372 4.07375 7.611191 1.799622475042364 4.453546913997607 0.7587087645039203 6.9688582609472345 1.0
67.4027440303 35.34695995246 0.0418 0.0293 4.5826 "" "" 173374910478889216 470.683685 2.0594 0.0475 1.874 -4.4 0.058 0.045 1.139 8772.0 4.0906 15.595129 3.233143 17.501562 14.268419 6.04 7.05 461.224182 482.724152 10886.67143 9.791 1363.9 10.976 15552.0 58.897 "" "" 0.0029232296349803763 0.009172157 0.005584852 0.014757009 67.4027440303 35.34695995246 470.683685 1.8739999999999992 -4.4 -0.36918528175353993 0.5527778625488278 0.44360372 0.43060374 1.7937500000000002 9.891191 1.4830315480797545 2.327428115989801 0.6446074130861987 7.63420300362118 1.0
67.49903455376 35.22615058684 0.0453 0.0337 8.4194 "" "" 173360513748411392 495.499451 1.9483 0.051 1.783 -5.103 0.06 0.053 1.335 "" "" 15.635976 3.004931 17.324926 14.319995 -12.34 8.62 483.158447 507.023468 10484.71231 277.71 1604.9 118.7 14831.0 1125.7 "" "" 0.02888973261742255 0.08035058 0.08249597 0.16284655 67.49903455376 35.22615058684 495.499451 1.783 -5.103 -0.4601852817535401 -0.15022213745117163 0.44560373 0.43860373 -16.58625 11.46119 1.1369519812351014 16.625172145578958 0.5058690701616217 11.434410107029136 1.0
67.41636746061 35.65898405024 0.0381 0.0271 17.953 "" "" 176390699074498688 517.364136 1.8804 0.0433 1.595 -4.692 0.053 0.043 0.96 4792.5 4.4019 15.836112 1.932911 16.801207 14.868296 "" "" 506.277222 531.733826 8719.70704 5.38 2599.8 11.066 8950.3 13.545 "" "" 0.0028355853817560945 0.005398382 0.0041211075 0.0095194895 67.41636746061 35.65898405024 517.364136 1.595 -4.692000000000002 -0.6481852817535401 0.26077786254882795 0.43860373 0.42860374 "" "" 1.713369280738007 "" 0.7491267214028176 "" 1.0
67.57052656612 35.20244158452 0.0418 0.0293 10.5392 "" "" 173357730609576576 548.107178 1.777 0.0472 2.466 -5.521 0.056 0.046 1.057 "" "" 15.842859 2.867412 17.477238 14.609826 "" "" 534.097595 562.169128 8665.6893 7.4476 1394.8 12.3 11356.0 25.201 "" "" 0.0029090380522761848 0.009972796 0.0044820914 0.014454887 67.57052656612 35.20244158452 548.107178 2.466 -5.521 0.22281471824646015 -0.5682221374511718 0.44160372 0.43160373 "" "" 1.5856971964513074 "" 0.6865272462414227 "" 1.0
67.57191980464 35.26051028182 0.0488 0.034 7.428 "" "" 173366870300817792 572.439941 1.6858 0.0542 2.91 -5.214 0.067 0.052 1.272 "" "" 15.873167 3.102659 17.63935 14.536692 -32.43 7.59 556.375366 590.649536 8427.13828 21.813 1201.4 21.03 12147.0 104.34 "" "" 0.003935711658945038 0.019209074 0.010062915 0.02927199 67.57191980464 35.26051028182 572.439941 2.91 -5.214 0.6668147182464601 -0.2612221374511723 0.45260373 0.4376037 -36.676249999999996 10.4311905 1.9431918261295995 36.72769130418677 0.8756737790428968 10.416683455228982 0.9
67.3978279651 35.20151751146 0.0466 0.0325 10.9424 "" "" 173359929632829568 536.054749 1.7968 0.0537 1.904 -5.527 0.059 0.048 0.995 7059.3 3.8281 15.904573 3.571046 18.114534 14.543489 48.03 12.44 522.235474 554.147583 8186.86365 18.656 775.54 12.454 12072.0 67.684 "" "" 0.0037031319377854345 0.017657127 0.0071651964 0.024822325 67.3978279651 35.20151751146 536.054749 1.9040000000000017 -5.527 -0.3391852817535401 -0.574222137451172 0.44460374 0.43360373 43.78375 15.28119 1.6945679997304268 43.816530268475276 0.739637562329784 15.269784461733291 1.0
67.64037682235 35.66023029348 0.0436 0.0299 19.037 "" "" 174888907925967232 501.935669 1.961 0.0497 2.522 -5.269 0.059 0.045 0.962 7118.5 4.2602 15.933577 2.904025 17.598124 14.694098 "" "" 486.260345 514.736755 7971.06261 12.523 1247.9 10.386 10508.0 58.127 "" "" 0.00324058435836082 0.009457302 0.007096142 0.016553445 67.64037682235 35.66023029348 501.935669 2.5220000000000016 -5.2690000000000055 0.27881471824645976 -0.316222137451172 0.44460374 0.43060374 "" "" 1.0030250164129673 "" 0.4381035759207301 "" 1.0
67.29818235737 35.08043918107 0.0455 0.0294 19.643 "" "" 173335538514129664 531.002747 1.8435 0.0534 2.039 -4.544 0.057 0.043 0.992 4860.0 4.1762 15.956856 2.507505 17.308603 14.801098 "" "" 515.892761 547.112915 7801.97314 23.449 1629.2 24.048 9521.8 82.254 "" "" 0.004270864921183016 0.01626721 0.010111957 0.026379168 67.29818235737 35.08043918107 531.002747 2.039 -4.544 -0.2041852817535399 0.40877786254882853 0.44260374 0.42860374 "" "" 1.1500877181980262 "" 0.49618875800320966 "" 1.0
67.61846220582 35.54496682341 0.0431 0.0299 12.3373 "" "" 173383809651182848 532.302734 1.8381 0.0479 2.713 -5.233 0.062 0.05 1.036 5390.5 4.2017 16.00498 2.524799 17.358528 14.833729 "" "" 519.01123 545.524719 7463.703 111.08 1556.0 111.46 9239.9 425.88 "" "" 0.016391908917164556 0.07782391 0.050185617 0.12800953 67.61846220582 35.54496682341 532.302734 2.713 -5.2330000000000005 0.46981471824646004 -0.2802221374511715 0.44760373 0.43560374 "" "" 1.3802391668574108 "" 0.6134973176471757 "" 1.0
67.56207017131 35.34790540761 0.0515 0.0347 3.5429 "" "" 173368523862917888 526.876526 1.8547 0.0579 2.351 -5.103 0.069 0.053 1.085 "" "" 16.13765 3.135209 17.954391 14.819182 "" "" 511.805634 539.39563 6605.22032 5.3059 898.79 9.6081 9364.5 24.761 "" "" 0.002890060914552393 0.011937224 0.004746094 0.016683318 67.56207017131 35.34790540761 526.876526 2.351 -5.103 0.10781471824645994 -0.15022213745117163 0.45460373 0.43860373 "" "" 0.4617864797297372 "" 0.20508308012989848 "" 1.0
67.62561984232 35.11009921433 0.0505 0.036 16.6889 "" "" 173356223076606592 502.833405 1.9392 0.0578 1.903 -4.464 0.066 0.056 0.906 7809.5 4.1848 16.231812 2.881532 17.789583 14.908051 "" "" 489.760101 519.142395 6056.50803 24.842 1046.1 25.923 8628.5 112.12 "" "" 0.005236818980427623 0.027049497 0.0146056665 0.041655164 67.62561984232 35.11009921433 502.833405 1.903000000000002 -4.4639999999999995 -0.34018528175354 0.4887778625488277 0.4516037 0.44160372 "" "" 1.4193519283400549 "" 0.6314579143158788 "" 1.0
67.44668956636 35.17362975132 0.0531 0.0364 11.7893 "" "" 173359624690708224 515.801575 1.899 0.0604 2.146 -5.038 0.07 0.055 0.973 8268.4 4.4145 16.327692 2.83839 17.943354 15.104963 "" "" 500.417664 536.583557 5544.59685 8.1246 907.98 17.591 7197.4 25.107 "" "" 0.0031816519633162733 0.02121905 0.00535054 0.02656959 67.44668956636 35.17362975132 515.801575 2.146 -5.038 -0.09718528175354013 -0.08522213745117213 0.45560372 0.44060373 "" "" 0.3160243390538483 "" 0.14194070046137294 "" 1.0
67.41539225348 35.25404303957 0.0563 0.037 7.7458 "" "" 173373299866573568 546.871277 1.7857 0.0623 2.096 -4.879 0.066 0.055 0.984 5696.9 4.3149 16.39143 2.610973 17.825548 15.214575 "" "" 532.693481 563.249268 5228.46824 15.635 1012.0 15.439 6506.2 56.655 "" "" 0.00425830010823832 0.016797269 0.0101818405 0.02697911 67.41539225348 35.25404303957 546.871277 2.096 -4.879 -0.14718528175353995 0.07377786254882857 0.4516037 0.44060373 "" "" 0.4267776043329679 "" 0.19180087932578183 "" 1.0
67.51767714692 35.37327457773 0.0666 0.0439 1.2616 "" "" 173380030079919488 533.160278 1.8485 0.0742 2.225 -4.515 0.089 0.067 1.129 4045.0 4.074 16.541418 2.823808 18.110506 15.286698 "" "" 514.068604 560.544922 4553.85755 17.908 778.42 19.229 6088.1 72.805 "" "" 0.005081503022178887 0.026965251 0.013522731 0.040487982 67.51767714692 35.37327457773 533.160278 2.2250000000000005 -4.515 -0.01818528175353995 0.43777786254882844 0.4746037 0.45260373 "" "" 1.1072974598761658 "" 0.5012099392797872 "" 0.9
67.47826110028 35.30070706544 0.0637 0.0427 4.0096 "" "" 173373879687145344 554.725586 1.74 0.0703 1.423 -4.874 0.087 0.068 0.959 "" "" 16.643911 3.743124 18.985214 15.24209 "" "" 535.175049 577.597717 4143.6388 6.2287 347.8 11.552 6343.4 31.275 "" "" 0.00320241389108163 0.036169957 0.0065527577 0.042722717 67.47826110028 35.30070706544 554.725586 1.423 -4.874 -0.82018528175354 0.07877786254882846 0.47260374 0.45360374 "" "" 2.1665194561276517 "" 1.0235364104099782 "" 0.9
67.62560929746 35.11086878181 0.0738 0.0582 16.6461 "" "" 173356223076606464 564.668274 1.7567 0.0838 2.131 -4.569 0.11 0.096 1.114 "" "" 16.82912 2.544739 17.971409 15.42667 "" "" 536.509949 597.57019 3493.80507 63.692 884.82 132.47 5351.7 419.53 "" "" 0.01998381018004386 0.16257392 0.08519681 0.24777073 67.62560929746 35.11086878181 564.668274 2.131000000000002 -4.569000000000002 -0.11218528175354026 0.3837778625488282 0.49560374 0.48160374 "" "" 1.0701793209448438 "" 0.5165975919915069 "" 1.0
67.66728572993 35.52611168512 0.0709 0.0475 12.8121 "" "" 174883994483537536 540.853577 1.8195 0.0795 2.272 -5.791 0.098 0.079 1.066 5512.5 4.24 16.863716 2.739505 18.315418 15.575913 "" "" 514.323181 567.679749 3384.23355 81.021 644.54 51.558 4664.4 311.44 "" "" 0.026138935108714696 0.08689494 0.072592594 0.15948753 67.66728572993 35.52611168512 540.853577 2.2719999999999994 -5.791 0.02881471824645976 -0.8382221374511722 0.48360372 0.46460372 "" "" 2.1501741071179192 "" 0.9990280978023338 "" 1.0
