Clusters/UBC_532/UBC_532_stars_in_region.tsv
# %ECSV 1.0
# ---
# datatype:
# - name: RA_ICRS_1
#   unit: deg
#   datatype: float64
#   format: '{:15.11f}'
#   description: Right ascension (ICRS) at Ep=2016.0 (ra)
#   meta: !!omap
#   - {ucd: POS_EQ_RA_MAIN}
#   - {width: 15}
#   - {precision: '11'}
# - name: DE_ICRS_1
#   unit: deg
#   datatype: float64
#   format: '{:15.11f}'
#   description: Declination (ICRS) at Ep=2016.0 (dec)
#   meta: !!omap
#   - {ucd: POS_EQ_DEC_MAIN}
#   - {width: 15}
#   - {precision: '11'}
# - name: e_RA_ICRS
#   unit: mas
#   datatype: float64
#   format: '{:7.4f}'
#   description: Standard error of right ascension (ra_error)
#   meta: !!omap
#   - {ucd: ERROR}
#   - {width: 7}
#   - {precision: '4'}
# - name: e_DE_ICRS
#   unit: mas
#   datatype: float64
#   format: '{:7.4f}'
#   description: Standard error of declination (dec_error)
#   meta: !!omap
#   - {ucd: ERROR}
#   - {width: 7}
#   - {precision: '4'}
# - name: _r_1
#   unit: ''
#   datatype: float64
#   format: '{:7.4f}'
#   description: Distance from center (226.45861708000-62.23799773000)[ICRS], at Epoch=J2016.0
#   meta: !!omap
#   - {ucd: POS_ANG_DIST_GENERAL}
#   - {width: 7}
#   - {precision: '4'}
# - name: HIP
#   datatype: int32
#   description: '? HIP cross-id number, van Leeuwen, Cat. I/311 (hip_original_ext_source_id)'
#   meta: !!omap
#   - {ucd: ID_NUMBER}
#   - {width: 6}
#   - values: {'null': -2147483648}
# - name: TYC2
#   datatype: string
#   description: Tycho-2 cross-id name, Hog et al., Cat. I/259 (tyc2_original_ext_source_id)
#   meta: !!omap
#   - {ucd: ID_CROSSID}
#   - {_votable_string_dtype: char}
# - name: Source
#   datatype: int64
#   description: Source identifier, identical to the Gaia-EDR3 source_id (id)
#   meta: !!omap
#   - {ucd: ID_MAIN}
#   - {width: 19}
# - name: rgeo
#   unit: pc
#   datatype: float64
#   format: '{:15.8f}'
#   description: '? Median of the geometric distance posterior (r_med_geo)'
#   meta: !!omap
#   - {ucd: PHYS_DISTANCE_TRUE}
#   - {width: 15}
#   - {precision: '8'}
#   - values: {'null': .nan}
# - name: Plx
#   unit: mas
#   datatype: float64
#   format: '{:9.4f}'
#   description: '? Parallax (parallax)'
#   meta: !!omap
#   - {ucd: POS_PARLX_TRIG}
#   - {width: 9}
#   - {precision: '4'}
#   - values: {'null': .nan}
# - name: e_Plx
#   unit: mas
#   datatype: float32
#   format: '{:7.4f}'
#   description: '? Standard error of parallax (parallax_error)'
#   meta: !!omap
#   - {ucd: ERROR}
#   - {width: 7}
#   - {precision: '4'}
#   - values: {'null': .nan}
# - name: pmRA
#   unit: mas / yr
#   datatype: float64
#   format: '{:9.3f}'
#   description: '? Proper motion in right ascension direction, pmRA*cosDE (pmra)'
#   meta: !!omap
#   - {ucd: POS_EQ_PMRA}
#   - {width: 9}
#   - {precision: '3'}
#   - values: {'null': .nan}
# - name: pmDE
#   unit: mas / yr
#   datatype: float64
#   format: '{:9.3f}'
#   description: '? Proper motion in declination direction (pmdec)'
#   meta: !!omap
#   - {ucd: POS_EQ_PMDEC}
#   - {width: 9}
#   - {precision: '3'}
#   - values: {'null': .nan}
# - name: e_pmRA
#   unit: mas / yr
#   datatype: float32
#   format: '{:6.3f}'
#   description: '? Standard error of proper motion in right ascension direction (pmra_error)'
#   meta: !!omap
#   - {ucd: ERROR}
#   - {width: 6}
#   - {precision: '3'}
#   - values: {'null': .nan}
# - name: e_pmDE
[...]
#         value: !astropy.table.SerializedColumn {name: SkyCoord.dec}
#       distance: !astropy.table.SerializedColumn
#         __class__: astropy.coordinates.distances.Distance
#         unit: !astropy.units.Unit {unit: pc}
#         value: !astropy.table.SerializedColumn {name: SkyCoord.distance}
#       frame: icrs
#       obstime: !astropy.time.Time {format: jyear_str, in_subfmt: '*', jd1: 367701545.0, jd2: 0.0, out_subfmt: '*', precision: 3, scale: tt}
#       pm_dec: !astropy.table.SerializedColumn
#         __class__: astropy.units.quantity.Quantity
#         unit: !astropy.units.Unit {unit: mas / yr}
#         value: !astropy.table.SerializedColumn {name: SkyCoord.pm_dec}
#       pm_ra_cosdec: !astropy.table.SerializedColumn
#         __class__: astropy.units.quantity.Quantity
#         unit: !astropy.units.Unit {unit: mas / yr}
#         value: !astropy.table.SerializedColumn {name: SkyCoord.pm_ra_cosdec}
#       ra: !astropy.table.SerializedColumn
#         __class__: astropy.coordinates.angles.Longitude
#         unit: *id001
#         value: !astropy.table.SerializedColumn {name: SkyCoord.ra}
#         wrap_angle: !astropy.coordinates.Angle
#           unit: *id001
#           value: 360.0
#       representation_type: spherical
# schema: astropy-2.0
RA_ICRS_1 DE_ICRS_1 e_RA_ICRS e_DE_ICRS _r_1 HIP TYC2 Source rgeo Plx e_Plx pmRA pmDE e_pmRA e_pmDE RUWE Teff logg Gmag BP-RP BPmag RPmag RV e_RV b_rgeo B_rgeo FG e_FG FBP e_FBP FRP e_FRP RAVE5 RAVE6 e_Gmag e_BPmag e_RPmag e_BP-RP SkyCoord.ra SkyCoord.dec SkyCoord.distance SkyCoord.pm_ra_cosdec SkyCoord.pm_dec rmRA rmDE e_rmRA e_rmDE rRV e_rRV v_pec v_pec3d e_vpec e_vpec3d
[from data line 668]
226.65126116245 -62.30225727875 0.0353 0.039 6.6175 "" "" 5874536150121565184 1942.65576 0.4803 0.0592 -5.612 -5.423 0.052 0.053 1.4 4795.0 3.5027 16.31755 2.589613 17.721397 15.131784 "" "" 1717.95923 2233.63257 5596.62495 2.5602 1113.9 4.1142 7021.7 7.8181 "" "" 0.002799727684512652 0.0048853415 0.0039680116 0.008853354 226.65126116245 -62.30225727875 1942.65576 -5.612 -5.422999999999998 -3.2046363468170167 -2.1983636837005616 0.1339615 0.13496149 "" "" 35.78479807017627 "" 4.8052651719482915 ""
226.58577865563 -62.39720866171 0.0264 0.0289 10.1891 "" "" 5874533263963086976 2364.27002 0.4072 0.043 -9.611 -3.018 0.039 0.042 0.992 5116.4 3.4679 16.319027 2.148711 17.427845 15.279134 "" "" 2146.17065 2639.21118 5589.02856 2.1151 1459.8 5.3797 6130.6 7.6734 "" "" 0.002785787997115747 0.0048779664 0.004016282 0.008894248 226.58577865563 -62.39720866171 2364.27002 -9.611 -3.017999999999999 -7.203636346817017 0.20663631629943868 0.12096149 0.12396149 "" "" 80.7617645536151 "" 9.769264820847875 ""
226.61270125602 -62.46247401793 0.0263 0.0292 14.1354 "" "" 5873782228763168768 1684.15662 0.5718 0.043 -3.703 -3.835 0.04 0.041 0.956 8678.1 4.175 16.321579 1.629233 17.080786 15.451552 "" "" 1575.56799 1807.10034 5575.90623 1.9748 2009.6 5.4615 5230.4 6.5587 "" "" 0.0027820233438053546 0.0040610027 0.004017128 0.008078131 226.61270125602 -62.46247401793 1684.15662 -3.7030000000000007 -3.835000000000001 -1.2956363468170164 -0.6103636837005615 0.12196149 0.12296149 "" "" 11.433170001403454 "" 1.3964899036566394 ""
226.56830306652 -62.42914169458 0.0271 0.0298 11.8688 "" "" 5874532954725417600 1684.91956 0.5735 0.0437 -6.083 -2.633 0.039 0.04 0.997 5274.2 3.7699 16.323921 1.963635 17.285845 15.322209 "" "" 1543.09729 1800.06689 5563.88646 2.3545 1663.7 5.621 5892.2 7.9451 "" "" 0.0027933653535688967 0.004608834 0.0040530325 0.008661866 226.56830306652 -62.42914169458 1684.91956 -6.083 -2.633 -3.675636346817017 0.5916363162994385 0.12096149 0.12196149 "" "" 29.733387733101026 "" 3.597348725693965 ""
226.17092283642 -61.95283748346 0.0311 0.0341 18.9209 "" "" 5874558651452988160 1671.29834 0.5891 0.0499 -2.842 -0.874 0.049 0.047 1.096 5095.6 4.2716 16.32748 1.602754 17.061728 15.458974 "" "" 1551.33936 1825.39722 5545.67459 2.7454 2045.2 5.588 5194.8 6.6106 "" "" 0.0028072569775026567 0.004072492 0.0040240115 0.008096503 226.17092283642 -61.95283748346 1671.29834 -2.8419999999999996 -0.873999999999999 -0.4346363468170167 2.3506363162994384 0.1309615 0.12896149 "" "" 18.937281553787788 "" 2.4434414763493004 ""
226.72545177607 -62.51881871303 0.0266 0.0306 18.4118 "" "" 5873780888733287168 2277.24805 0.4218 0.0454 -7.664 -1.176 0.043 0.043 0.98 "" "" 16.327694 1.837738 17.226685 15.388947 "" "" 2067.01343 2565.68359 5544.59146 2.1708 1756.9 6.1986 5540.9 7.7016 "" "" 0.002787917795217218 0.0047390736 0.004069543 0.008808617 226.72545177607 -62.51881871303 2277.24805 -7.664 -1.1759999999999997 -5.256636346817016 2.0486363162994383 0.124961495 0.124961495 "" "" 60.89773057924049 "" 7.609871479616234 ""
226.83147481695 -62.05089785347 0.0283 0.0315 15.339 "" "" 5874566111875569536 2147.20972 0.46 0.0481 -6.738 -6.02 0.043 0.044 0.968 6688.4 3.9785 16.332937 1.653662 17.112047 15.458385 "" "" 1949.97888 2423.11963 5517.87186 2.0392 1952.5 6.5322 5197.6 6.4332 "" "" 0.0027843830703790803 0.004580319 0.0040111896 0.0085915085 226.83147481695 -62.05089785347 2147.20972 -6.738000000000004 -6.020000000000005 -4.330636346817017 -2.795363683700561 0.124961495 0.12596148 "" "" 52.460940603170116 "" 6.571070162899531 ""
227.02498229371 -62.18858422276 0.027 0.0295 16.1167 "" "" 5873810438110411264 2430.14233 0.3981 0.0431 -4.182 -1.153 0.039 0.04 1.014 8111.2 4.3785 16.335478 1.399313 16.962004 15.562691 "" "" 2230.53491 2665.27319 5504.98264 2.108 2241.9 7.3916 4721.5 8.0713 "" "" 0.002786510864156923 0.0045386446 0.0042105364 0.008749181 227.02498229371 -62.18858422276 2430.14233 -4.182 -1.153 -1.774636346817017 2.0716363162994385 0.12096149 0.12196149 "" "" 31.42143613688729 "" 3.818937864521368 ""
226.38909532068 -61.96206259434 0.0303 0.0338 16.6708 "" "" 5874581298835331328 1928.99341 0.5097 0.0491 -7.406 -5.001 0.047 0.045 1.064 5793.0 4.3533 16.336433 1.596708 17.030895 15.434187 "" "" 1772.44653 2135.45386 5500.13666 2.3197 2104.1 7.1559 5314.8 13.238 "" "" 0.0027931117757108346 0.004628143 0.0046472712 0.009275414 226.38909532068 -61.96206259434 1928.99341 -7.4060000000000015 -5.001 -4.998636346817016 -1.7763636837005619 0.12896149 0.1269615 "" "" 48.504862571543434 "" 6.24445691975936 ""
226.09028856482 -62.48013508299 0.0289 0.0318 17.7816 "" "" 5874529690549864064 1754.51953 0.5529 0.0437 -9.131 -3.989 0.041 0.041 0.98 6450.0 3.6786 16.3365 1.949756 17.309746 15.35999 "" "" 1627.84082 1920.07263 5499.80117 2.2792 1627.5 7.2902 5690.7 7.677 "" "" 0.0027918166495007612 0.005606961 0.004053281 0.009660242 226.09028856482 -62.48013508299 1754.51953 -9.131 -3.9890000000000048 -6.723636346817017 -0.7643636837005614 0.12296149 0.12296149 "" "" 56.276769799736606 "" 6.919875542731365 ""
226.57742310567 -62.45400572966 0.0268 0.0304 13.3761 "" "" 5874532851646186240 2019.58813 0.475 0.0446 -3.698 -4.046 0.041 0.043 1.051 5833.4 3.7532 16.340147 2.149001 17.4485 15.299499 "" "" 1845.83875 2191.99048 5481.356 1.9993 1432.2 5.8164 6016.7 6.2708 "" "" 0.002783634165696901 0.0052179927 0.003945152 0.009163145 226.57742310567 -62.45400572966 2019.58813 -3.6980000000000017 -4.045999999999999 -1.2906363468170166 -0.8213636837005618 0.12296149 0.124961495 "" "" 14.644831691349069 "" 1.8092420460198637 ""
226.40746448388 -62.14552210576 0.0276 0.0314 5.7303 "" "" 5874552745936340992 2441.74316 0.4013 0.0489 -4.267 -4.291 0.042 0.042 1.003 9866.4 4.192 16.340372 1.450449 16.964933 15.514484 "" "" 2168.67969 2695.26831 5480.22237 2.2839 2235.9 11.89 4935.9 17.421 "" "" 0.002792226914026782 0.006412534 0.005382223 0.011794757 226.40746448388 -62.14552210576 2441.74316 -4.267 -4.291 -1.859636346817017 -1.066363683700562 0.12396149 0.12396149 "" "" 24.81069797102531 "" 3.0755711721127033 ""
226.5520886518 -61.99882818766 0.0299 0.0307 14.5879 "" "" 5874577343150440832 1839.01453 0.5057 0.0463 -3.259 -4.167 0.047 0.042 1.009 7292.9 4.3403 16.344088 1.509043 17.02776 15.518717 "" "" 1692.73816 2028.81384 5461.49908 2.081 2110.2 6.5374 4916.7 7.8407 "" "" 0.002786204644318611 0.0043702316 0.0041571124 0.008527344 226.5520886518 -61.99882818766 1839.01453 -3.259 -4.167 -0.8516363468170165 -0.9423636837005613 0.12896149 0.12396149 "" "" 11.071988239159868 "" 1.397658917204532 ""
226.35156049913 -61.97312372436 0.0305 0.0333 16.1741 "" "" 5874581127082661888 2065.0874 0.4684 0.0493 -5.649 -5.511 0.046 0.043 1.075 6707.4 3.9493 16.344625 1.658823 17.125797 15.466974 "" "" 1875.32568 2304.07739 5458.7911 2.0666 1928.0 6.0187 5156.7 8.7898 "" "" 0.0027858110920742475 0.004390095 0.004208176 0.008598271 226.35156049913 -61.97312372436 2065.0874 -5.648999999999998 -5.510999999999994 -3.2416363468170166 -2.2863636837005616 0.12796149 0.124961495 "" "" 38.82927936592842 "" 4.930259935275306 ""
226.29602600011 -62.30755744407 0.0292 0.032 6.166 "" "" 5874538039966923392 2192.73218 0.45 0.0513 -9.714 -1.064 0.041 0.04 1.027 7794.4 4.1908 16.348028 1.798147 17.21872 15.420572 "" "" 1975.87451 2434.16528 5441.71122 2.2678 1769.8 5.6571 5381.8 8.6691 "" "" 0.0027922252923354364 0.0044530355 0.004164428 0.0086174635 226.29602600011 -62.30755744407 2192.73218 -9.713999999999999 -1.063999999999999 -7.306636346817017 2.1606363162994384 0.12296149 0.12196149 "" "" 79.192637781622 "" 9.731300611257446 ""
226.18952557985 -62.07727590636 0.027 0.0304 12.2415 "" "" 5874556903464931584 1815.31921 0.5211 0.0462 -1.507 -1.002 0.042 0.041 0.982 6684.1 4.0284 16.351171 1.658005 17.135788 15.477783 "" "" 1687.97583 1981.68213 5425.97865 1.9382 1910.3 5.0049 5105.6 6.9949 "" "" 0.0027824816065950657 0.0039845556 0.0040615764 0.008046132 226.18952557985 -62.07727590636 1815.31921 -1.507 -1.002 0.9003636531829835 2.2226363162994387 0.12396149 0.12296149 "" "" 20.634513188245602 "" 2.5401694060848246 ""
226.01231340891 -62.07097434694 0.0355 0.0388 16.0272 "" "" 5874556314990466816 2424.23755 0.3988 0.0603 -4.396 -2.555 0.058 0.056 1.282 5244.2 3.4436 16.351887 2.616998 17.728098 15.1111 "" "" 2115.104 2712.51147 5422.404 2.9098 1107.1 4.5184 7156.8 9.2662 "" "" 0.0028162477481704683 0.0052364734 0.0040323506 0.009268824 226.01231340891 -62.07097434694 2424.23755 -4.396000000000001 -2.555000000000002 -1.9886363468170165 0.6696363162994383 0.13996148 0.13796149 "" "" 24.111940568878286 "" 3.3698633557536373 ""
226.16664870895 -62.12434410584 0.0291 0.0313 10.646 "" "" 5874555078039763712 1787.61841 0.5549 0.051 -10.118 -4.551 0.045 0.042 1.049 6574.1 4.0443 16.352459 1.73908 17.128645 15.389565 "" "" 1628.02759 1993.71741 5419.54993 2.3094 1922.9 6.3675 5537.7 8.9614 "" "" 0.002793893697298861 0.0045509688 0.0041678245 0.008718793 226.16664870895 -62.12434410584 1787.61841 -10.118000000000004 -4.551 -7.710636346817017 -1.3263636837005617 0.1269615 0.12396149 "" "" 66.29420044006038 "" 8.411160911652274 ""
226.55612303566 -62.36124352512 0.0266 0.0306 7.879 "" "" 5874534122956606464 2142.70801 0.4406 0.0432 -3.702 -0.081 0.039 0.042 0.956 7669.5 4.2142 16.354084 1.803079 17.226015 15.422936 "" "" 1941.45569 2374.92114 5411.44385 2.0084 1758.0 5.7351 5370.1 7.498 "" "" 0.002784630269475551 0.0045089563 0.0040720827 0.008581039 226.55612303566 -62.36124352512 2142.70801 -3.701999999999999 -0.08099999999999842 -1.2946363468170166 3.1436363162994385 0.12096149 0.12396149 "" "" 34.52969046020449 "" 4.265486641570421 ""
226.74962600251 -62.09419063223 0.0296 0.0347 11.8707 "" "" 5874565562119708800 1841.03735 0.5164 0.049 -4.094 -3.34 0.043 0.045 0.998 "" "" 16.354286 1.596262 17.077686 15.481424 "" "" 1691.75879 2012.20752 5410.43869 2.179 2015.3 7.6635 5088.5 8.2688 "" "" 0.0027898017642534476 0.00498308 0.004170917 0.0091539975 226.74962600251 -62.09419063223 1841.03735 -4.094 -3.339999999999999 -1.686636346817017 -0.11536368370056138 0.124961495 0.1269615 "" "" 14.75284990728918 "" 1.8436766764367665 ""
225.88047140393 -62.15108655099 0.0268 0.0302 17.0007 "" "" 5874549825358173184 2423.79956 0.3901 0.0469 -5.096 -4.123 0.044 0.045 1.003 5768.7 3.8458 16.35606 1.671991 17.071404 15.399412 "" "" 2190.72632 2774.38965 5401.60268 2.1665 2027.0 19.948 5487.7 37.855 "" "" 0.002789520637840129 0.011043181 0.008389127 0.019432308 225.88047140393 -62.15108655099 2423.79956 -5.095999999999997 -4.122999999999997 -2.6886363468170167 -0.8983636837005617 0.12596148 0.1269615 "" "" 32.5679346074167 "" 4.105587929269292 ""
226.46323696457 -62.52457471683 0.028 0.0306 17.1951 "" "" 5874526392014766848 1772.39624 0.5511 0.0457 -2.115 -2.461 0.046 0.047 0.954 "" "" 16.356306 1.818179 17.240685 15.422505 "" "" 1632.33838 1887.63562 5400.38391 2.0591 1734.4 5.4244 5372.2 6.129 "" "" 0.002786246052825675 0.004394962 0.0039771944 0.008372156 226.46323696457 -62.52457471683 1772.39624 -2.1150000000000015 -2.4609999999999976 0.2923636531829832 0.7636363162994386 0.12796149 0.12896149 "" "" 6.869542995175064 "" 0.885031253806099 ""
226.23450491766 -62.07820597757 0.0284 0.0312 11.4612 "" "" 5874556731666218752 2224.37305 0.4441 0.0472 -3.342 -2.256 0.044 0.041 1.043 "" "" 16.361443 1.597802 17.090334 15.492532 "" "" 1978.6593 2514.87354 5374.89478 2.1353 1992.0 5.5867 5036.7 7.4199 "" "" 0.0027888775527635684 0.0041300366 0.0041039046 0.008233941 226.23450491766 -62.07820597757 2224.37305 -3.3420000000000005 -2.2560000000000002 -0.9346363468170167 0.9686363162994387 0.12596148 0.12296149 "" "" 14.19192356393287 "" 1.765715748715941 ""
226.36197484321 -62.44489060688 0.0266 0.0315 12.702 "" "" 5874527766404492416 1779.85706 0.5347 0.0451 -2.383 -4.919 0.04 0.043 1.028 5604.0 3.7649 16.362917 1.799967 17.178034 15.378067 "" "" 1667.40259 1929.81372 5367.59639 2.2091 1837.4 10.142 5596.7 43.908 "" "" 0.002791319140160166 0.00661068 0.009318771 0.015929451 226.36197484321 -62.44489060688 1779.85706 -2.383 -4.919 0.02436365318298339 -1.6943636837005611 0.12196149 0.124961495 "" "" 14.296014990386652 "" 1.7864426520337513 ""
226.58058222277 -62.49612427614 0.0267 0.0295 15.8551 "" "" 5873781747726801408 2376.56738 0.4027 0.0442 -5.215 -3.682 0.043 0.043 1.05 "" "" 16.36326 1.757783 17.206215 15.448432 "" "" 2123.26196 2654.19678 5365.90194 2.0235 1790.3 8.2209 5245.5 7.4163 "" "" 0.002785574677706405 0.0057132565 0.0040792315 0.009792488 226.58058222277 -62.49612427614 2376.56738 -5.215000000000001 -3.682000000000002 -2.8076363468170165 -0.45736368370056146 0.124961495 0.124961495 "" "" 32.04472151338124 "" 4.004356319971851 ""
226.13641214011 -62.10941153681 0.0277 0.0318 11.8726 "" "" 5874555288557168384 1937.10339 0.5068 0.0502 -6.378 -4.628 0.044 0.042 0.994 6690.1 4.257 16.363607 1.721412 17.173687 15.452275 "" "" 1741.29907 2162.50732 5364.18408 2.138 1844.8 5.2067 5226.9 7.797 "" "" 0.0027890956264374255 0.004144304 0.0041117915 0.008256095 226.13641214011 -62.10941153681 1937.10339 -6.378000000000001 -4.627999999999999 -3.9706363468170167 -1.4033636837005616 0.12596148 0.12396149 "" "" 38.667974549084846 "" 4.862148371896191 ""
226.92923445381 -62.46853134347 0.0272 0.0324 19.0525 "" "" 5873779956703467008 1698.08911 0.5636 0.0485 -2.896 -3.673 0.042 0.044 0.983 "" "" 16.367569 1.855878 17.272617 15.416739 "" "" 1568.08215 1831.04944 5344.6496 2.1685 1684.1 4.9834 5400.9 8.1935 "" "" 0.0027903129284207744 0.004255239 0.0041227126 0.008377952 226.92923445381 -62.46853134347 1698.08911 -2.8959999999999995 -3.673 -0.4886363468170165 -0.44836368370056157 0.12396149 0.12596148 "" "" 5.3378233295622 "" 0.666585564985693 ""
226.90133964842 -62.28761994252 0.0276 0.0317 12.7165 "" "" 5873808548324736128 2052.72363 0.4652 0.0445 -3.607 -4.004 0.039 0.042 1.047 9677.3 4.4708 16.375587 1.582401 17.084686 15.502285 "" "" 1897.93567 2286.05127 5305.3225 2.1239 2002.4 12.508 4991.7 8.648 "" "" 0.002789393485698725 0.0073335753 0.0042216033 0.011555178 226.90133964842 -62.28761994252 2052.72363 -3.607 -4.003999999999999 -1.1996363468170168 -0.7793636837005611 0.12096149 0.12396149 "" "" 13.91933297082235 "" 1.6962042207405392 ""
226.59862975228 -62.47696045114 0.0273 0.0303 14.8581 "" "" 5873781782086558208 2278.38208 0.4262 0.0445 -6.329 -4.84 0.042 0.043 1.011 8271.1 4.1111 16.37572 1.620399 17.132195 15.511796 "" "" 2127.78394 2499.54395 5304.68324 2.0378 1916.6 5.31 4948.1 8.8309 "" "" 0.0027867096690902112 0.0041028657 0.004247173 0.008350039 226.59862975228 -62.47696045114 2278.38208 -6.328999999999999 -4.839999999999997 -3.9216363468170163 -1.6153636837005614 0.12396149 0.124961495 "" "" 45.804058436685395 "" 5.684606642906045 ""
226.83758009311 -62.11908467028 0.0283 0.0324 12.7876 "" "" 5874562362304245376 1664.08838 0.5806 0.0461 -5.158 -2.042 0.042 0.045 0.971 6621.4 4.0192 16.376894 1.644327 17.147175 15.502848 "" "" 1529.74854 1826.75635 5298.94291 2.0653 1890.4 7.2429 4989.1 7.3254 "" "" 0.0027876271264702904 0.005008975 0.00410184 0.009110815 226.83758009311 -62.11908467028 1664.08838 -5.158 -2.041999999999999 -2.750636346817017 1.1826363162994387 0.12396149 0.1269615 "" "" 23.616791174160156 "" 2.9387390038644274 ""
226.59451099125 -62.27709910489 0.0272 0.0309 4.4621 "" "" 5874536493778659968 2042.35242 0.4763 0.0461 -3.49 -1.694 0.038 0.041 0.987 7995.1 4.0296 16.383095 1.878127 17.289629 15.411502 "" "" 1840.09314 2283.40698 5268.76442 1.9664 1657.9 5.0178 5427.0 9.217 "" "" 0.0027849578141970455 0.00431085 0.0042052297 0.00851608 226.59451099125 -62.27709910489 2042.35242 -3.49 -1.6940000000000013 -1.0826363468170168 1.5306363162994385 0.119961485 0.12296149 "" "" 18.14966191215813 "" 2.2137016382677355 ""
