Clusters/UBC_532/UBC_532_stars_in_region.tsv
# %ECSV 1.0
# ---
# datatype:
# - name: RA_ICRS_1
#   unit: deg
#   datatype: float64
#   format: '{:15.11f}'
#   description: Right ascension (ICRS) at Ep=2016.0 (ra)
#   meta: !!omap
#   - {ucd: POS_EQ_RA_MAIN}
#   - {width: 15}
#   - {precision: '11'}
# - name: DE_ICRS_1
#   unit: deg
#   datatype: float64
#   format: '{:15.11f}'
#   description: Declination (ICRS) at Ep=2016.0 (dec)
#   meta: !!omap
#   - {ucd: POS_EQ_DEC_MAIN}
#   - {width: 15}
#   - {precision: '11'}
# - name: e_RA_ICRS
#   unit: mas
#   datatype: float64
#   format: '{:7.4f}'
#   description: Standard error of right ascension (ra_error)
#   meta: !!omap
#   - {ucd: ERROR}
#   - {width: 7}
#   - {precision: '4'}
# - name: e_DE_ICRS
#   unit: mas
#   datatype: float64
#   format: '{:7.4f}'
#   description: Standard error of declination (dec_error)
#   meta: !!omap
#   - {ucd: ERROR}
#   - {width: 7}
#   - {precision: '4'}
# - name: _r_1
#   unit: ''
#   datatype: float64
#   format: '{:7.4f}'
#   description: Distance from center (226.45861708000-62.23799773000)[ICRS], at Epoch=J2016.0
#   meta: !!omap
#   - {ucd: POS_ANG_DIST_GENERAL}
#   - {width: 7}
#   - {precision: '4'}
# - name: HIP
#   datatype: int32
#   description: '? HIP cross-id number, van Leeuwen, Cat. I/311 (hip_original_ext_source_id)'
#   meta: !!omap
#   - {ucd: ID_NUMBER}
#   - {width: 6}
#   - values: {'null': -2147483648}
# - name: TYC2
#   datatype: string
#   description: Tycho-2 cross-id name, Hog et al., Cat. I/259 (tyc2_original_ext_source_id)
#   meta: !!omap
#   - {ucd: ID_CROSSID}
#   - {_votable_string_dtype: char}
# - name: Source
#   datatype: int64
#   description: Source identifier, identical to the Gaia-EDR3 source_id (id)
#   meta: !!omap
#   - {ucd: ID_MAIN}
#   - {width: 19}
# - name: rgeo
#   unit: pc
#   datatype: float64
#   format: '{:15.8f}'
#   description: '? Median of the geometric distance posterior (r_med_geo)'
#   meta: !!omap
#   - {ucd: PHYS_DISTANCE_TRUE}
#   - {width: 15}
#   - {precision: '8'}
#   - values: {'null': .nan}
# - name: Plx
#   unit: mas
#   datatype: float64
#   format: '{:9.4f}'
#   description: '? Parallax (parallax)'
#   meta: !!omap
#   - {ucd: POS_PARLX_TRIG}
#   - {width: 9}
#   - {precision: '4'}
#   - values: {'null': .nan}
# - name: e_Plx
#   unit: mas
#   datatype: float32
#   format: '{:7.4f}'
#   description: '? Standard error of parallax (parallax_error)'
#   meta: !!omap
#   - {ucd: ERROR}
#   - {width: 7}
#   - {precision: '4'}
#   - values: {'null': .nan}
# - name: pmRA
#   unit: mas / yr
#   datatype: float64
#   format: '{:9.3f}'
#   description: '? Proper motion in right ascension direction, pmRA*cosDE (pmra)'
#   meta: !!omap
#   - {ucd: POS_EQ_PMRA}
#   - {width: 9}
#   - {precision: '3'}
#   - values: {'null': .nan}
# - name: pmDE
#   unit: mas / yr
#   datatype: float64
#   format: '{:9.3f}'
#   description: '? Proper motion in declination direction (pmdec)'
#   meta: !!omap
#   - {ucd: POS_EQ_PMDEC}
#   - {width: 9}
#   - {precision: '3'}
#   - values: {'null': .nan}
# - name: e_pmRA
#   unit: mas / yr
#   datatype: float32
#   format: '{:6.3f}'
#   description: '? Standard error of proper motion in right ascension direction (pmra_error)'
#   meta: !!omap
#   - {ucd: ERROR}
#   - {width: 6}
#   - {precision: '3'}
#   - values: {'null': .nan}
# - name: e_pmDE
[...]
#         value: !astropy.table.SerializedColumn {name: SkyCoord.dec}
#       distance: !astropy.table.SerializedColumn
#         __class__: astropy.coordinates.distances.Distance
#         unit: !astropy.units.Unit {unit: pc}
#         value: !astropy.table.SerializedColumn {name: SkyCoord.distance}
#       frame: icrs
#       obstime: !astropy.time.Time {format: jyear_str, in_subfmt: '*', jd1: 367701545.0, jd2: 0.0, out_subfmt: '*', precision: 3, scale: tt}
#       pm_dec: !astropy.table.SerializedColumn
#         __class__: astropy.units.quantity.Quantity
#         unit: !astropy.units.Unit {unit: mas / yr}
#         value: !astropy.table.SerializedColumn {name: SkyCoord.pm_dec}
#       pm_ra_cosdec: !astropy.table.SerializedColumn
#         __class__: astropy.units.quantity.Quantity
#         unit: !astropy.units.Unit {unit: mas / yr}
#         value: !astropy.table.SerializedColumn {name: SkyCoord.pm_ra_cosdec}
#       ra: !astropy.table.SerializedColumn
#         __class__: astropy.coordinates.angles.Longitude
#         unit: *id001
#         value: !astropy.table.SerializedColumn {name: SkyCoord.ra}
#         wrap_angle: !astropy.coordinates.Angle
#           unit: *id001
#           value: 360.0
#       representation_type: spherical
# schema: astropy-2.0
RA_ICRS_1 DE_ICRS_1 e_RA_ICRS e_DE_ICRS _r_1 HIP TYC2 Source rgeo Plx e_Plx pmRA pmDE e_pmRA e_pmDE RUWE Teff logg Gmag BP-RP BPmag RPmag RV e_RV b_rgeo B_rgeo FG e_FG FBP e_FBP FRP e_FRP RAVE5 RAVE6 e_Gmag e_BPmag e_RPmag e_BP-RP SkyCoord.ra SkyCoord.dec SkyCoord.distance SkyCoord.pm_ra_cosdec SkyCoord.pm_dec rmRA rmDE e_rmRA e_rmDE rRV e_rRV v_pec v_pec3d e_vpec e_vpec3d
[from data line 29]
225.8571495747 -62.09939573184 0.0087 0.0099 18.7889 "" "" 5874602945518671872 1715.27185 0.565 0.0151 -3.32 -0.474 0.014 0.015 0.938 "" "" 12.902411 1.120171 13.368225 12.248055 "" "" 1677.5343 1760.81189 130011.74777 16.514 61394.0 32.715 99985.0 24.441 "" "" 0.0027587693667637764 0.0028495218 0.0037886894 0.006638211 225.8571495747 -62.09939573184 1715.27185 -3.3199999999999994 -0.4740000000000007 -0.9126363468170164 2.7506363162994383 0.09596149 0.09696149 "" "" 23.562569189692145 "" 2.2823360370613575 ""
226.91292534006 -62.20619373971 0.0159 0.0171 12.8462 "" "" 5874560957926047488 1897.33508 0.5028 0.0258 -3.242 -4.062 0.023 0.023 1.165 5174.1 2.5037 12.9622 1.854083 13.870124 12.016041 -37.7 0.58 1821.30737 2007.63354 123045.78228 27.481 38669.0 27.097 123810.0 40.945 "" "" 0.0027659699560145454 0.0028920402 0.0037964 0.00668844 226.91292534006 -62.20619373971 1897.33508 -3.2419999999999978 -4.0619999999999985 -0.8346363468170166 -0.8373636837005618 0.10496149 0.10496149 -9.335000000000004 6.5150003 10.632716615167766 14.14909493990569 1.1160258012300925 4.379387366560228
226.58971174221 -62.07860536313 0.0158 0.0179 10.2448 "" "" 5874565111083432064 1958.13843 0.4885 0.0272 -7.117 -4.973 0.024 0.025 1.651 "" "" 12.995165 2.207465 14.148141 11.940676 -43.1 1.65 1861.09705 2078.03101 119366.01574 23.931 29934.0 19.851 132710.0 32.569 "" "" 0.0027639050118083834 0.0028815744 0.0037887632 0.0066703376 226.58971174221 -62.07860536313 1958.13843 -7.116999999999999 -4.973 -4.709636346817017 -1.7483636837005614 0.10596149 0.10696149 -14.735000000000003 7.5850005 46.62775105187223 48.900586838558205 4.946416811054833 5.24111286510754
226.26198848367 -62.15573562008 0.0084 0.0089 7.3921 "" "" 5874553261332450560 2264.32471 0.4105 0.0143 -7.842 -3.761 0.013 0.012 1.095 "" "" 13.028414 2.559594 14.439104 11.87951 -15.13 0.5 2208.02808 2337.87646 115766.04484 26.129 22897.0 21.804 140400.0 59.334 "" "" 0.002766196305311413 0.0029755696 0.0038071328 0.006782702 226.26198848367 -62.15573562008 2264.32471 -7.8420000000000005 -3.760999999999997 -5.434636346817016 -0.5363636837005616 0.094961494 0.09396149 13.234999999999998 6.4350004 58.612791775592626 60.088472977177396 5.565395828145657 5.6106952889954895
226.54915460694 -62.11851081967 0.0092 0.0119 7.6043 "" "" 5874564600047055488 2099.91089 0.4422 0.0158 -0.733 -5.093 0.013 0.016 1.019 5623.9 1.974 13.036982 2.824072 14.640001 11.815929 23.39 0.29 2032.1842 2166.12524 114856.0911 30.127 19029.0 23.712 148860.0 86.438 "" "" 0.0027699991471603225 0.0031008834 0.0038316047 0.006932488 226.54915460694 -62.11851081967 2099.91089 -0.7330000000000019 -5.093 1.6743636531829833 -1.8683636837005615 0.094961494 0.09796149 51.754999999999995 6.2250004 24.971930403650337 57.4645745923935 2.413207092872052 5.703730577299569
226.96739814023 -62.25622893086 0.0082 0.0088 14.2571 "" "" 5873808720123446528 2237.57642 0.4161 0.0136 -4.21 -2.251 0.012 0.012 1.061 "" "" 13.051729 2.264531 14.245896 11.981365 -19.13 0.53 2178.34399 2292.17529 113306.56434 24.445 27356.0 17.346 127820.0 41.233 "" "" 0.0027652589978890635 0.0028738491 0.003795576 0.0066694254 226.96739814023 -62.25622893086 2237.57642 -4.21 -2.251 -1.8026363468170166 0.9736363162994386 0.09396149 0.09396149 9.235 6.465 21.729502576588086 23.61051687756853 2.0417364864432828 3.1504479012078686
227.03849057819 -62.17428200701 0.0082 0.009 16.6677 "" "" 5873810816067541376 2396.81982 0.3787 0.0133 -7.064 -4.767 0.012 0.012 1.035 "" "" 13.076899 2.251191 14.260391 12.0092 -80.28 0.52 2318.5144 2464.34863 110710.12739 21.418 26994.0 19.075 124590.0 38.717 "" "" 0.0027633148598680754 0.002893731 0.0037944124 0.006688143 227.03849057819 -62.17428200701 2396.81982 -7.064 -4.766999999999999 -4.656636346817017 -1.5423636837005619 0.09396149 0.09396149 -51.915000000000006 6.4550004 55.7301161636582 76.16438191579341 5.236484874147998 5.834348736348288
225.7935416366 -62.17235191798 0.0083 0.0094 19.02 "" "" 5874596314088895488 1768.5542 0.5297 0.0139 -7.011 -2.603 0.013 0.014 1.004 "" "" 13.079443 2.182752 14.214055 12.031303 -38.92 0.49 1719.24011 1819.17822 110450.93492 20.479 28171.0 20.517 122080.0 30.722 "" "" 0.002762664439238478 0.0029000558 0.0037892456 0.0066893017 225.7935416366 -62.17235191798 1768.5542 -7.010999999999999 -2.6030000000000015 -4.603636346817017 0.6216363162994383 0.094961494 0.09596149 -10.555000000000003 6.425 38.942284274650866 40.34736087438335 3.698718444318683 3.9458036110006844
226.03888189369 -62.193859284 0.0086 0.0093 12.0343 "" "" 5874554390844856960 2382.34155 0.382 0.0152 -4.086 -4.491 0.013 0.013 1.143 4643.0 2.2307 13.146812 2.311754 14.374567 12.062813 -12.5 0.43 2306.7583 2474.48267 103805.89 20.075 24299.0 14.513 118590.0 28.288 "" "" 0.0027633090547468393 0.0028645361 0.0037882451 0.0066527813 226.03888189369 -62.193859284 2382.34155 -4.086 -4.490999999999996 -1.678636346817017 -1.2663636837005612 0.094961494 0.094961494 15.864999999999998 6.3650002 23.74471889628996 28.557133967956755 2.254833985925958 4.002378716633013
226.5577909594 -62.1730125824 0.0092 0.0102 4.7856 "" "" 5874564187730109824 1670.67847 0.5617 0.0151 -4.872 -5.371 0.014 0.014 0.953 "" "" 13.201603 1.173779 13.695847 12.522069 "" "" 1635.17798 1704.58496 98697.40015 15.276 45402.0 21.707 77684.0 23.609 "" "" 0.002760439977203755 0.002838047 0.0037937588 0.0066318056 226.5577909594 -62.1730125824 1670.67847 -4.872 -5.371 -2.4646363468170165 -2.146363683700562 0.09596149 0.09596149 "" "" 25.881143746637942 "" 2.483593085343513 ""
226.90020674323 -62.16249524387 0.0092 0.0101 13.1612 "" "" 5874561267152263680 2431.29858 0.3695 0.0143 -1.034 -3.322 0.013 0.013 1.055 4219.7 1.0818 13.222497 2.427178 14.53443 12.107252 -4.82 0.42 2356.90161 2506.8811 96816.22194 19.577 20972.0 14.744 113830.0 42.89 "" "" 0.002764053027181498 0.0028926954 0.0038014583 0.006694154 226.90020674323 -62.16249524387 2431.29858 -1.0340000000000003 -3.3220000000000027 1.3733636531829834 -0.09736368370056159 0.094961494 0.094961494 23.544999999999998 6.3550005 15.866854419624891 28.392324564458786 1.5067402040585858 5.336877771806525
226.72600403953 -61.9670323889 0.0089 0.0109 17.9071 "" "" 5874579065498247680 1765.33228 0.5282 0.0148 -3.74 -2.289 0.014 0.015 0.941 "" "" 13.24624 1.238223 13.7751 12.536877 "" "" 1718.27185 1826.35327 94721.98246 10.843 42206.0 22.663 76632.0 19.04 "" "" 0.002758121909846949 0.0028504273 0.003788997 0.0066394242 226.72600403953 -61.9670323889 1765.33228 -3.74 -2.289 -1.3326363468170168 0.9356363162994383 0.09596149 0.09696149 "" "" 13.625018560532192 "" 1.3119914176980336 ""
226.88874660275 -62.21232591529 0.0087 0.0094 12.1246 "" "" 5874559686604239104 1788.16125 0.5183 0.0137 -4.44 -3.685 0.012 0.012 1.083 4923.8 2.7102 13.251331 1.93568 14.217927 12.282247 -46.19 0.54 1745.56421 1827.94373 94278.79659 14.883 28070.0 18.908 96886.0 24.303 "" "" 0.002760645939821605 0.0028844282 0.003789182 0.0066736103 226.88874660275 -62.21232591529 1788.16125 -4.440000000000002 -3.685000000000004 -2.032636346817017 -0.4603636837005616 0.09396149 0.09396149 -17.825 6.4750004 17.664737804243444 25.095290129677075 1.6598051230697315 4.745226256130025
227.01642712224 -62.16429627454 0.0086 0.0093 16.223 "" "" 5874561438950924288 2277.65942 0.3931 0.0137 -3.417 -4.231 0.012 0.012 1.078 "" "" 13.3025 2.563236 14.713877 12.15064 15.32 1.64 2204.2229 2355.35645 89938.7321 20.067 17777.0 14.047 109370.0 45.561 "" "" 0.0027659489210386623 0.0029190895 0.0038063494 0.006725439 227.01642712224 -62.16429627454 2277.65942 -3.417 -4.231 -1.0096363468170164 -1.0063636837005614 0.09396149 0.09396149 43.685 7.5750003 15.390163535813493 46.31669632712467 1.4460827307319462 7.160731638083774
226.01522809017 -62.10930522709 0.0087 0.01 14.6231 "" "" 5874556010111728000 1643.73804 0.5728 0.0155 1.088 -5.97 0.014 0.014 1.056 "" "" 13.339917 2.002217 14.339428 12.337211 -25.15 1.06 1606.55188 1679.06653 86892.03749 16.313 25098.0 42.43 92103.0 79.766 "" "" 0.002762849614237746 0.0033397856 0.0038945987 0.0072343843 226.01522809017 -62.10930522709 1643.73804 1.0879999999999974 -5.969999999999996 3.4953636531829835 -2.7453636837005613 0.09596149 0.09596149 3.215 6.9950004 34.62939824310616 34.778318643655616 3.3230886110803217 3.371451866001889
226.68437552811 -62.05333056663 0.0091 0.0108 12.7601 "" "" 5874566661631411968 1857.8158 0.4971 0.0147 -8.105 -3.741 0.014 0.015 1.002 "" "" 13.355209 2.258369 14.54379 12.28542 0.03 0.64 1802.77222 1905.78613 85676.77119 16.939 20792.0 17.836 96603.0 33.228 "" "" 0.0027636692739499125 0.002941515 0.0037977882 0.0067393035 226.68437552811 -62.05333056663 1857.8158 -8.105 -3.7409999999999997 -5.697636346817017 -0.5163636837005616 0.09596149 0.09696149 28.395 6.5750003 50.37927912883303 57.83033624786278 4.834883163994935 5.3068586573842165
226.81437743905 -62.03611731693 0.0094 0.0114 15.6921 "" "" 5874566180595152640 1783.39575 0.5211 0.0163 -5.728 -5.324 0.014 0.016 1.231 4759.7 2.4943 13.38342 2.275199 14.58454 12.309341 -63.21 4.28 1741.19763 1843.08313 83479.29692 15.946 20026.0 14.72 94498.0 27.568 "" "" 0.0027631145271921308 0.0029020605 0.0037926314 0.006694692 226.81437743905 -62.03611731693 1783.39575 -5.728 -5.324 -3.3206363468170164 -2.0993636837005614 0.09596149 0.09796149 -34.845 10.215 33.209677983176284 48.135815530083875 3.205957296480493 7.71824476417403
226.20781977559 -62.06325092481 0.0093 0.0103 12.6232 "" "" 5874556937824694016 1916.51062 0.4873 0.0156 -1.92 -3.283 0.015 0.014 1.089 "" "" 13.402708 1.947705 14.355989 12.408283 -1.38 0.71 1859.48474 1977.27185 82009.4124 15.585 24718.0 30.661 86267.0 65.069 "" "" 0.0027630350086140618 0.0030982043 0.0038670914 0.0069652954 226.20781977559 -62.06325092481 1916.51062 -1.9199999999999993 -3.2829999999999986 0.48736365318298347 -0.05836368370056144 0.09696149 0.09596149 26.985 6.6450005 4.458971502025148 27.350916837573696 0.4322858027481077 6.556478461670115
226.4886745342 -62.38949330231 0.0084 0.0099 9.1283 "" "" 5874534019877365376 1653.97729 0.5654 0.0139 -6.36 -4.733 0.013 0.013 1.077 4749.0 2.6622 13.404971 2.241329 14.581758 12.340429 13.08 0.85 1620.55359 1688.58374 81838.63967 15.916 20078.0 14.378 91830.0 25.08 "" "" 0.002763399269462914 0.0028964737 0.0037909967 0.0066874707 226.4886745342 -62.38949330231 1653.97729 -6.360000000000001 -4.7330000000000005 -3.952636346817017 -1.5083636837005612 0.094961494 0.094961494 41.445 6.7850003 33.16776000728921 53.0828440166984 3.1496600498040377 5.651206533667171
226.28180914055 -62.42524870292 0.0084 0.0101 12.2675 "" "" 5874530755701793408 2277.05591 0.3961 0.014 -4.192 -2.277 0.012 0.014 1.002 "" "" 13.469288 2.293361 14.683941 12.39058 -32.55 0.76 2212.04077 2348.69092 77131.48839 16.465 18274.0 12.842 87685.0 27.522 "" "" 0.0027650508172794505 0.0028926136 0.0037947148 0.006687328 226.28180914055 -62.42524870292 2277.05591 -4.191999999999998 -2.2769999999999992 -1.7846363468170168 0.9476363162994383 0.09396149 0.09596149 -4.184999999999999 6.6950006 21.809143671755322 22.20704781584588 2.0588924767787824 2.3833527576568496
226.61783306692 -62.00806310345 0.0092 0.0105 14.5011 "" "" 5874578550102137856 1658.79553 0.5601 0.0156 -2.932 -7.133 0.015 0.016 1.016 "" "" 13.475665 1.999968 14.477017 12.47705 -2.87 1.01 1623.59595 1696.5863 76679.78747 14.399 22111.0 15.14 80973.0 22.698 "" "" 0.0027628529952154314 0.0028875147 0.0037916165 0.006679131 226.61783306692 -62.00806310345 1658.79553 -2.9319999999999964 -7.132999999999999 -0.5246363468170165 -3.9083636837005615 0.09696149 0.09796149 25.494999999999997 6.9450006 31.005880921363524 40.14174481396859 3.0368363314646794 4.995859263244953
226.44090933395 -62.24641234631 0.0119 0.0136 0.7069 "" "" 5874540032831796224 1925.07361 0.4796 0.0197 -0.294 -8.814 0.017 0.018 1.455 "" "" 13.493421 2.496356 14.847239 12.350883 8.75 0.67 1839.68225 1997.18787 75435.96122 20.672 15722.0 13.473 90951.0 27.019 "" "" 0.0027713376787527394 0.0029412133 0.0037931202 0.0067343335 226.44090933395 -62.24641234631 1925.07361 -0.2940000000000005 -8.813999999999998 2.1133636531829834 -5.589363683700562 0.09896149 0.09996149 37.114999999999995 6.6050005 54.52606307747476 65.95919025980197 5.443716171386587 5.836462099647077
226.11061417596 -62.02589273775 0.0091 0.0101 16.038 "" "" 5874558002976658432 1825.9425 0.5121 0.0152 -2.908 -3.24 0.013 0.014 1.001 8906.0 3.5048 13.513928 1.384694 14.125199 12.740505 "" "" 1774.90796 1890.07898 74024.49433 11.849 30573.0 22.031 63527.0 25.478 "" "" 0.0027607957491620704 0.0028977878 0.003804384 0.0067021716 226.11061417596 -62.02589273775 1825.9425 -2.9080000000000004 -3.2400000000000007 -0.5006363468170165 -0.015363683700561737 0.094961494 0.09596149 "" "" 4.335031151644238 "" 0.4116651358002783 ""
227.01733194889 -62.21732339579 0.0093 0.01 15.6694 "" "" 5873810335031176448 1715.79028 0.5402 0.0144 -9.117 -3.085 0.013 0.013 0.968 "" "" 13.519067 2.050466 14.563973 12.513508 -23.59 0.91 1676.25781 1752.31982 73674.94788 14.668 20409.0 15.767 78299.0 25.777 "" "" 0.0027637862721721254 0.002913522 0.0037962468 0.006709769 227.01733194889 -62.21732339579 1715.79028 -9.117000000000004 -3.0850000000000035 -6.7096363468170175 0.1396363162994385 0.094961494 0.094961494 4.774999999999999 6.8450003 54.58025444124173 54.78872876669696 5.183022515959423 5.197649617538828
226.56651532894 -62.11210877542 0.0193 0.0223 8.1354 "" "" 5874564595687299072 1927.6593 0.4852 0.0334 -4.122 -5.048 0.029 0.03 2.276 6599.6 2.555 13.530008 1.159127 14.013269 12.854142 "" "" 1819.30981 2062.57446 72936.25374 13.491 33893.0 18.956 57214.0 30.041 "" "" 0.0027626294408757334 0.0028554841 0.0038221355 0.0066776196 226.56651532894 -62.11210877542 1927.6593 -4.122 -5.048000000000004 -1.7146363468170165 -1.8233636837005616 0.11096149 0.11196149 "" "" 22.869487586046112 "" 2.5497948617593442 ""
226.91825404565 -62.05951959961 0.0096 0.0108 16.7532 "" "" 5874563019499078272 1845.12207 0.5022 0.0163 -1.77 -2.973 0.015 0.015 1.04 4840.9 2.5976 13.535221 2.066001 14.590114 12.524113 -9.97 0.97 1799.1449 1895.80811 72586.88111 13.72 19924.0 14.139 77538.0 27.912 "" "" 0.002762952183673417 0.0028945988 0.0037995374 0.006694136 226.91825404565 -62.05951959961 1845.12207 -1.7699999999999998 -2.972999999999998 0.6373636531829834 0.2516363162994386 0.09696149 0.09696149 18.394999999999996 6.9050007 5.993022059564878 19.346636358975456 0.5810923533521324 6.567819696413888
226.07388035944 -62.18017431658 0.009 0.0102 11.3083 "" "" 5874554498283049856 1767.22913 0.5306 0.0162 -13.472 -1.769 0.013 0.014 1.061 5984.7 2.7723 13.541665 2.014947 14.557098 12.542151 -67.11 1.18 1702.7135 1813.66919 72157.38863 12.92 20539.0 18.027 76260.0 32.803 "" "" 0.0027621698824461627 0.0029484157 0.0038081282 0.006756544 226.07388035944 -62.18017431658 1767.22913 -13.472000000000005 -1.7689999999999975 -11.064636346817016 1.4556363162994386 0.094961494 0.09596149 -38.745000000000005 7.1150002 93.48338871200866 101.19446126187198 8.87892092400405 8.642887823304145
226.85450949149 -62.43043205416 0.0089 0.0098 15.9672 "" "" 5873783259555309696 1645.43457 0.5667 0.0149 -3.144 -2.991 0.013 0.014 0.974 "" "" 13.54776 1.118123 14.013535 12.895412 "" "" 1608.84998 1687.72742 71753.4125 8.9581 33885.0 21.485 55080.0 16.857 "" "" 0.002758652397350813 0.002873842 0.0037939611 0.006667803 226.85450949149 -62.43043205416 1645.43457 -3.143999999999999 -2.9909999999999988 -0.7366363468170167 0.23363631629943837 0.094961494 0.09596149 "" "" 6.027341242794973 "" 0.572918860570426 ""
