Clusters/UBC_532/UBC_532_stars_in_region.tsv
# %ECSV 1.0
# ---
# datatype:
# - name: RA_ICRS_1
#   unit: deg
#   datatype: float64
#   format: '{:15.11f}'
#   description: Right ascension (ICRS) at Ep=2016.0 (ra)
#   meta: !!omap
#   - {ucd: POS_EQ_RA_MAIN}
#   - {width: 15}
#   - {precision: '11'}
# - name: DE_ICRS_1
#   unit: deg
#   datatype: float64
#   format: '{:15.11f}'
#   description: Declination (ICRS) at Ep=2016.0 (dec)
#   meta: !!omap
#   - {ucd: POS_EQ_DEC_MAIN}
#   - {width: 15}
#   - {precision: '11'}
# - name: e_RA_ICRS
#   unit: mas
#   datatype: float64
#   format: '{:7.4f}'
#   description: Standard error of right ascension (ra_error)
#   meta: !!omap
#   - {ucd: ERROR}
#   - {width: 7}
#   - {precision: '4'}
# - name: e_DE_ICRS
#   unit: mas
#   datatype: float64
#   format: '{:7.4f}'
#   description: Standard error of declination (dec_error)
#   meta: !!omap
#   - {ucd: ERROR}
#   - {width: 7}
#   - {precision: '4'}
# - name: _r_1
#   unit: ''
#   datatype: float64
#   format: '{:7.4f}'
#   description: Distance from center (226.45861708000-62.23799773000)[ICRS], at Epoch=J2016.0
#   meta: !!omap
#   - {ucd: POS_ANG_DIST_GENERAL}
#   - {width: 7}
#   - {precision: '4'}
# - name: HIP
#   datatype: int32
#   description: '? HIP cross-id number, van Leeuwen, Cat. I/311 (hip_original_ext_source_id)'
#   meta: !!omap
#   - {ucd: ID_NUMBER}
#   - {width: 6}
#   - values: {'null': -2147483648}
# - name: TYC2
#   datatype: string
#   description: Tycho-2 cross-id name, Hog et al., Cat. I/259 (tyc2_original_ext_source_id)
#   meta: !!omap
#   - {ucd: ID_CROSSID}
#   - {_votable_string_dtype: char}
# - name: Source
#   datatype: int64
#   description: Source identifier, identical to the Gaia-EDR3 source_id (id)
#   meta: !!omap
#   - {ucd: ID_MAIN}
#   - {width: 19}
# - name: rgeo
#   unit: pc
#   datatype: float64
#   format: '{:15.8f}'
#   description: '? Median of the geometric distance posterior (r_med_geo)'
#   meta: !!omap
#   - {ucd: PHYS_DISTANCE_TRUE}
#   - {width: 15}
#   - {precision: '8'}
#   - values: {'null': .nan}
# - name: Plx
#   unit: mas
#   datatype: float64
#   format: '{:9.4f}'
#   description: '? Parallax (parallax)'
#   meta: !!omap
#   - {ucd: POS_PARLX_TRIG}
#   - {width: 9}
#   - {precision: '4'}
#   - values: {'null': .nan}
# - name: e_Plx
#   unit: mas
#   datatype: float32
#   format: '{:7.4f}'
#   description: '? Standard error of parallax (parallax_error)'
#   meta: !!omap
#   - {ucd: ERROR}
#   - {width: 7}
#   - {precision: '4'}
#   - values: {'null': .nan}
# - name: pmRA
#   unit: mas / yr
#   datatype: float64
#   format: '{:9.3f}'
#   description: '? Proper motion in right ascension direction, pmRA*cosDE (pmra)'
#   meta: !!omap
#   - {ucd: POS_EQ_PMRA}
#   - {width: 9}
#   - {precision: '3'}
#   - values: {'null': .nan}
# - name: pmDE
#   unit: mas / yr
#   datatype: float64
#   format: '{:9.3f}'
#   description: '? Proper motion in declination direction (pmdec)'
#   meta: !!omap
#   - {ucd: POS_EQ_PMDEC}
#   - {width: 9}
#   - {precision: '3'}
#   - values: {'null': .nan}
# - name: e_pmRA
#   unit: mas / yr
#   datatype: float32
#   format: '{:6.3f}'
#   description: '? Standard error of proper motion in right ascension direction (pmra_error)'
#   meta: !!omap
#   - {ucd: ERROR}
#   - {width: 6}
#   - {precision: '3'}
#   - values: {'null': .nan}
# - name: e_pmDE
[...]
#         value: !astropy.table.SerializedColumn {name: SkyCoord.dec}
#       distance: !astropy.table.SerializedColumn
#         __class__: astropy.coordinates.distances.Distance
#         unit: !astropy.units.Unit {unit: pc}
#         value: !astropy.table.SerializedColumn {name: SkyCoord.distance}
#       frame: icrs
#       obstime: !astropy.time.Time {format: jyear_str, in_subfmt: '*', jd1: 367701545.0, jd2: 0.0, out_subfmt: '*', precision: 3, scale: tt}
#       pm_dec: !astropy.table.SerializedColumn
#         __class__: astropy.units.quantity.Quantity
#         unit: !astropy.units.Unit {unit: mas / yr}
#         value: !astropy.table.SerializedColumn {name: SkyCoord.pm_dec}
#       pm_ra_cosdec: !astropy.table.SerializedColumn
#         __class__: astropy.units.quantity.Quantity
#         unit: !astropy.units.Unit {unit: mas / yr}
#         value: !astropy.table.SerializedColumn {name: SkyCoord.pm_ra_cosdec}
#       ra: !astropy.table.SerializedColumn
#         __class__: astropy.coordinates.angles.Longitude
#         unit: *id001
#         value: !astropy.table.SerializedColumn {name: SkyCoord.ra}
#         wrap_angle: !astropy.coordinates.Angle
#           unit: *id001
#           value: 360.0
#       representation_type: spherical
# schema: astropy-2.0
RA_ICRS_1 DE_ICRS_1 e_RA_ICRS e_DE_ICRS _r_1 HIP TYC2 Source rgeo Plx e_Plx pmRA pmDE e_pmRA e_pmDE RUWE Teff logg Gmag BP-RP BPmag RPmag RV e_RV b_rgeo B_rgeo FG e_FG FBP e_FBP FRP e_FRP RAVE5 RAVE6 e_Gmag e_BPmag e_RPmag e_BP-RP SkyCoord.ra SkyCoord.dec SkyCoord.distance SkyCoord.pm_ra_cosdec SkyCoord.pm_dec rmRA rmDE e_rmRA e_rmDE rRV e_rRV v_pec v_pec3d e_vpec e_vpec3d
[from data line 293]
226.6571727525 -61.99280101569 0.0186 0.0207 15.7315 "" "" 5874578687541103872 2285.02832 0.4036 0.0302 -1.047 -1.684 0.029 0.029 1.09 9138.5 4.1839 15.257527 1.104119 15.72 14.615881 "" "" 2147.07983 2491.41602 14857.16224 3.2909 7037.5 9.104 11293.0 10.123 "" "" 0.0027657958108379304 0.0031237507 0.003902684 0.007026435 226.6571727525 -61.99280101569 2285.02832 -1.0469999999999997 -1.6840000000000008 1.3603636531829835 1.5406363162994385 0.11096149 0.11096149 "" "" 22.260738614671205 "" 2.470084711369571 ""
226.87901105184 -62.19902242076 0.0286 0.0285 11.9871 "" "" 5874559686604255872 1869.35779 0.5167 0.0432 -2.877 -1.282 0.04 0.039 1.871 9336.8 3.7692 15.263596 1.320308 15.80192 14.481612 "" "" 1695.7655 2055.81348 14774.35579 5.7446 6526.0 10.59 12779.0 15.627 "" "" 0.0027874732630084648 0.0032998824 0.004005813 0.0073056957 226.87901105184 -62.19902242076 1869.35779 -2.876999999999999 -1.2819999999999983 -0.4696363468170164 1.9426363162994384 0.12196149 0.12096149 "" "" 17.709089490692534 "" 2.143099464494319 ""
226.856326971 -62.1316238384 0.0173 0.0191 12.8343 "" "" 5874562297944479104 1837.97681 0.5071 0.027 -1.438 -3.34 0.026 0.026 1.058 7596.9 3.4243 15.266156 1.585415 16.000103 14.414688 "" "" 1751.27673 1931.09155 14739.54988 3.4893 5437.2 7.0278 13592.0 10.042 "" "" 0.0027672824522990795 0.0031232133 0.003863572 0.006986785 226.856326971 -62.1316238384 1837.97681 -1.4379999999999982 -3.34 0.9693636531829835 -0.11536368370056138 0.10796149 0.10796149 "" "" 8.504700970652408 "" 0.9181801951772662 ""
226.52939803572 -62.42470099244 0.0163 0.0177 11.3745 "" "" 5874533126524118144 2402.02173 0.3682 0.026 -6.414 -2.199 0.024 0.025 1.02 4728.4 2.7161 15.26958 2.334723 16.509829 14.175105 -78.2 2.87 2270.70288 2567.79224 14693.1512 3.7848 3400.1 6.4304 16948.0 14.484 "" "" 0.002769477753780535 0.0034643095 0.003891619 0.0073559284 226.52939803572 -62.42470099244 2402.02173 -6.414 -2.199 -4.006636346817016 1.0256363162994386 0.10596149 0.10696149 -49.83500000000001 8.805 47.08880116317397 68.56298141114442 4.992508075109911 7.260565864931207
226.34933818367 -61.98462032571 0.018 0.02 15.5089 "" "" 5874580886564472064 1699.60962 0.5588 0.0289 -3.306 -4.241 0.026 0.027 0.991 "" "" 15.271227 1.091669 15.722521 14.630852 "" "" 1603.67285 1791.09143 14670.87966 3.2767 7021.2 10.042 11138.0 11.318 "" "" 0.0027659706766101203 0.0031931852 0.0039371257 0.007130311 226.34933818367 -61.98462032571 1699.60962 -3.3059999999999974 -4.241 -0.8986363468170167 -1.0163636837005612 0.10796149 0.10896149 "" "" 10.929503615654426 "" 1.1861120446978202 ""
226.46408586945 -62.21464469167 0.0164 0.0189 1.4095 "" "" 5874540238990257792 2047.06384 0.4576 0.0278 -2.48 -3.294 0.023 0.025 0.998 7186.2 3.7005 15.282307 1.291294 15.835618 14.544324 "" "" 1916.93933 2168.4231 14521.91867 3.0692 6326.6 9.5169 12062.0 9.8675 "" "" 0.0027648590891557363 0.0032330346 0.0038823485 0.007115383 226.46408586945 -62.21464469167 2047.06384 -2.48 -3.294 -0.07263634681701658 -0.06936368370056156 0.10496149 0.10696149 "" "" 0.9745373260188059 "" 0.10322312195944822 ""
225.95981476508 -62.26018599266 0.0164 0.0194 13.9988 "" "" 5874548244752862720 2026.63354 0.4626 0.0284 -5.165 -2.464 0.024 0.026 1.035 11333.9 4.0811 15.284703 1.522561 15.792456 14.269895 "" "" 1912.62061 2142.55005 14489.90675 5.9767 6583.2 52.039 15531.0 175.57 "" "" 0.0027914776640671104 0.009024697 0.0128424 0.021867096 225.95981476508 -62.26018599266 2026.63354 -5.165000000000001 -2.4640000000000013 -2.7576363468170166 0.7606363162994385 0.10596149 0.10796149 "" "" 27.479775603709463 "" 2.9157176969984593 ""
227.09498762988 -62.33464991292 0.0203 0.0222 18.6797 "" "" 5873804390796313472 2346.36255 0.3746 0.0322 -3.263 -2.699 0.03 0.03 1.238 "" "" 15.289256 2.678934 16.782585 14.103651 -64.27 3.85 2161.0 2541.50049 14429.27056 5.1382 2644.7 6.7814 18101.0 9.8414 "" "" 0.0027823135985827804 0.0039415266 0.0038252047 0.007766731 227.09498762988 -62.33464991292 2346.36255 -3.2630000000000003 -2.699 -0.8556363468170165 0.5256363162994386 0.11196149 0.11196149 -35.905 9.785 11.16841147831677 37.60189410055028 1.2504320057478318 9.350802096539853
225.81616294592 -62.23848347828 0.0215 0.0257 17.9551 "" "" 5874548893291335680 1987.07678 0.465 0.0374 -4.427 -3.277 0.031 0.035 1.459 7196.4 3.3838 15.291556 1.448129 15.91543 14.467301 "" "" 1865.82886 2156.68726 14398.72657 5.1771 5878.2 11.739 12949.0 23.51 "" "" 0.0027828376548938473 0.003533609 0.004262574 0.007796183 225.81616294592 -62.23848347828 1987.07678 -4.427000000000003 -3.277000000000004 -2.019636346817016 -0.05236368370056166 0.112961486 0.116961494 "" "" 19.02883019252083 "" 2.1495769719999305 ""
226.22219727691 -62.15471011019 0.0165 0.0187 8.2917 "" "" 5874551985663239296 1876.62708 0.4974 0.0291 -3.423 -4.118 0.026 0.026 1.02 8416.1 3.7417 15.293795 1.329903 15.857724 14.527822 "" "" 1777.4812 1961.84338 14369.07579 3.3635 6199.1 16.66 12247.0 17.74 "" "" 0.0027670165650186913 0.0040372266 0.0040935483 0.008130775 226.22219727691 -62.15471011019 1876.62708 -3.422999999999997 -4.117999999999999 -1.0156363468170166 -0.8933636837005619 0.10796149 0.10796149 "" "" 12.031957212329203 "" 1.2989880372870386 ""
226.69459572318 -62.15506915864 0.0175 0.0198 8.2688 "" "" 5874563702333977216 1822.84155 0.5092 0.0289 -3.964 -5.121 0.025 0.026 1.012 7446.1 3.7429 15.294478 1.300401 15.86136 14.560959 "" "" 1739.66602 1900.54163 14360.02885 3.6346 6178.4 7.21 11879.0 9.784 "" "" 0.0027689903451386458 0.003064374 0.0038837376 0.0069481116 226.69459572318 -62.15506915864 1822.84155 -3.964000000000001 -5.121000000000001 -1.5566363468170166 -1.896363683700562 0.10696149 0.10796149 "" "" 21.19828301985179 "" 2.280088399643451 ""
226.4341130505 -62.45582297477 0.0176 0.0186 13.0873 "" "" 5874533401402013184 1733.54675 0.5437 0.0281 -4.233 -2.127 0.026 0.026 1.093 8182.5 4.1912 15.294943 1.705827 16.104544 14.398717 "" "" 1650.58289 1843.86206 14353.88759 3.4837 4938.6 7.2549 13793.0 9.6222 "" "" 0.002767892053369131 0.0032138715 0.0038545325 0.007068404 226.4341130505 -62.45582297477 1733.54675 -4.232999999999999 -2.1270000000000016 -1.8256363468170163 1.0976363162994387 0.10796149 0.10796149 "" "" 17.50388101909325 "" 1.8897450887374116 ""
226.74986536788 -61.96434771966 0.0184 0.023 18.3423 "" "" 5874567417545702912 1653.4574 0.5741 0.0327 -6.256 -3.856 0.028 0.029 1.029 7987.2 4.0585 15.297761 1.657478 16.06542 14.407942 "" "" 1578.78223 1733.94434 14316.68094 3.5534 5119.8 10.498 13677.0 29.066 "" "" 0.002768466852415734 0.0035694996 0.0044280607 0.00799756 226.74986536788 -61.96434771966 1653.4574 -6.2559999999999985 -3.856 -3.848636346817017 -0.6313636837005614 0.109961495 0.11096149 "" "" 30.566438301801032 "" 3.3619358334609406 ""
226.62185802536 -62.49628137206 0.0196 0.0217 16.1491 "" "" 5873781575928098944 1805.38354 0.5216 0.0329 -0.612 -1.656 0.031 0.031 1.174 7984.3 3.9447 15.302427 1.416986 15.927809 14.510823 "" "" 1687.65417 1924.24023 14255.27659 3.6229 5811.6 8.3274 12440.0 10.591 "" "" 0.0027691025451027367 0.003194587 0.0038907798 0.007085367 226.62185802536 -62.49628137206 1805.38354 -0.6119999999999997 -1.6560000000000006 1.7953636531829833 1.5686363162994386 0.112961486 0.112961486 "" "" 20.402010435251338 "" 2.3046414157850625 ""
226.48554905949 -61.96027696025 0.0172 0.0192 16.6804 "" "" 5874578447023048448 2155.0188 0.4269 0.0287 -2.685 -2.296 0.026 0.025 0.996 6804.0 3.489 15.30629 1.553977 16.019253 14.465276 "" "" 2042.07532 2308.4707 14204.66276 3.4742 5342.1 7.686 12973.0 12.416 "" "" 0.0027680872122565524 0.003197694 0.00391963 0.0071173236 226.48554905949 -61.96027696025 2155.0188 -2.685 -2.296 -0.27763634681701665 0.9286363162994387 0.10796149 0.10696149 "" "" 9.90069376076429 "" 1.0598087838087442 ""
226.31886389162 -62.3114277126 0.0171 0.0188 5.8847 "" "" 5874538039966909440 1929.15991 0.4823 0.0291 -2.44 -3.222 0.024 0.024 0.996 "" "" 15.30688 1.224309 15.831234 14.606925 "" "" 1831.88171 2085.1687 14196.93582 2.9731 6352.2 8.8399 11386.0 8.5262 "" "" 0.002764685869242128 0.0031730097 0.003865844 0.007038854 226.31886389162 -62.3114277126 1929.15991 -2.440000000000001 -3.221999999999998 -0.03263634681701655 0.0026363162994385014 0.10596149 0.10596149 "" "" 0.2994059521094483 "" 0.0317254998115069 ""
226.45675918001 -61.96647571528 0.0171 0.0192 16.2914 "" "" 5874578412663307264 1730.04321 0.5427 0.0286 -4.94 -4.627 0.026 0.025 0.971 "" "" 15.31377 1.559871 16.03583 14.475959 "" "" 1639.16895 1831.09985 14107.13266 3.2495 5261.2 8.5931 12846.0 11.074 "" "" 0.002766647082289593 0.0033060163 0.003893554 0.0071995705 226.45675918001 -61.96647571528 1730.04321 -4.94 -4.627 -2.532636346817017 -1.4023636837005613 0.10796149 0.10696149 "" "" 23.739953498045534 "" 2.557449818271089 ""
226.17362714068 -62.43430198384 0.0165 0.0194 14.204 "" "" 5874530583841745536 1898.42346 0.4859 0.0274 -0.491 1.071 0.023 0.024 1.034 8157.5 3.5848 15.325748 1.402686 15.941023 14.538337 "" "" 1798.71851 1998.37988 13952.35018 3.2155 5741.3 9.1765 12129.0 14.532 "" "" 0.0027666587148861537 0.0032858094 0.0039969888 0.007282798 226.17362714068 -62.43430198384 1898.42346 -0.4909999999999999 1.0710000000000002 1.9163636531829833 4.295636316299438 0.10496149 0.10596149 "" "" 42.32651331234827 "" 4.477982362135965 ""
226.27632137236 -61.95359418171 0.0185 0.0214 17.8154 "" "" 5874581986076186240 1695.42358 0.5557 0.0317 -5.065 -3.672 0.028 0.028 1.084 7735.9 3.7411 15.334694 1.361109 15.916078 14.554969 "" "" 1612.09009 1785.49866 13837.8701 4.3308 5874.7 7.1165 11945.0 11.079 "" "" 0.002776194037434589 0.003084624 0.003911243 0.006995867 226.27632137236 -61.95359418171 1695.42358 -5.065 -3.672 -2.657636346817017 -0.4473636837005617 0.109961495 0.109961495 "" "" 21.658058496413187 "" 2.3815524868056923 ""
227.00912547581 -62.32778582978 0.0174 0.0193 16.2798 "" "" 5873807483172787584 2031.05994 0.46 0.0279 -4.421 -3.87 0.026 0.026 1.003 "" "" 15.334926 1.877607 16.248177 14.370569 -22.56 8.02 1914.22546 2151.73242 13834.90902 3.6761 4326.6 6.4365 14156.0 21.477 "" "" 0.002770382216119401 0.003223962 0.004122758 0.0073467195 227.00912547581 -62.32778582978 2031.05994 -4.421 -3.8699999999999988 -2.013636346817017 -0.6453636837005616 0.10796149 0.10796149 5.805 13.955001 20.357028031300604 21.168528887647305 2.1977750935051183 4.371699669899549
225.96055393405 -62.22584269286 0.0191 0.0226 13.9417 "" "" 5874548554064775936 1829.34753 0.514 0.0329 -3.766 -3.841 0.028 0.032 1.089 7663.8 3.6734 15.33744 1.723408 16.146229 14.422821 -30.7 10.02 1733.12512 1940.67725 13802.91205 3.265 4752.5 11.439 13491.0 23.829 "" "" 0.002767263688877061 0.0038228806 0.004238088 0.0080609685 225.96055393405 -62.22584269286 1829.34753 -3.766 -3.841000000000002 -1.3586363468170166 -0.6163636837005617 0.109961495 0.11396149 -2.335000000000001 15.955001 12.936515938753649 13.145557030176667 1.431483147049364 3.1648424095369903
226.12388236939 -62.07782189464 0.0168 0.0186 13.4293 "" "" 5874557590659724416 1775.39246 0.5325 0.0293 -2.764 -2.654 0.026 0.025 1.027 5220.7 3.4994 15.3376 2.190704 16.47478 14.284075 "" "" 1674.32678 1878.30933 13800.87877 15.014 3511.6 16.546 15330.0 53.872 "" "" 0.0029978262203239616 0.0058272034 0.0053704144 0.011197617 226.12388236939 -62.07782189464 1775.39246 -2.764 -2.6539999999999995 -0.3566363468170164 0.5706363162994386 0.10796149 0.10696149 "" "" 5.662826477428912 "" 0.6073002953314061 ""
226.58400069807 -61.98565852186 0.0182 0.0195 15.5439 "" "" 5874578824980089984 2344.63452 0.385 0.029 -4.942 -3.545 0.027 0.026 0.983 6464.9 3.6199 15.341818 1.573177 16.069908 14.496731 "" "" 2186.67651 2500.39038 13747.37221 8.3005 5098.6 14.052 12603.0 18.563 "" "" 0.0028322325466333402 0.004091353 0.004103793 0.008195146 226.58400069807 -61.98565852186 2344.63452 -4.942 -3.545 -2.5346363468170168 -0.32036368370056145 0.10896149 0.10796149 "" "" 28.392967059699192 "" 3.093295630852005 ""
226.05024112547 -62.18701124238 0.0172 0.0196 11.8255 "" "" 5874554395203828096 1696.37915 0.5541 0.0306 -5.788 -3.537 0.026 0.026 1.052 "" "" 15.345622 1.568762 16.07099 14.502228 "" "" 1599.66223 1780.29407 13699.28694 3.3477 5093.6 8.0859 12539.0 11.335 "" "" 0.0027680652176309355 0.0032795926 0.0039047454 0.007184338 226.05024112547 -62.18701124238 1696.37915 -5.788 -3.5370000000000035 -3.380636346817017 -0.31236368370056145 0.10796149 0.10796149 "" "" 27.29893609344811 "" 2.9472338365461788 ""
226.7981485781 -62.36537706019 0.0182 0.0215 12.1687 "" "" 5873784393426738304 2368.33521 0.3876 0.0326 -7.334 -2.099 0.029 0.029 1.141 6090.8 2.8716 15.346536 2.223978 16.48689 14.262913 -40.93 3.58 2207.21558 2536.58301 13687.76684 4.5572 3472.6 15.085 15631.0 20.058 "" "" 0.002778931543582817 0.005479955 0.004028007 0.009507962 226.7981485781 -62.36537706019 2368.33521 -7.334 -2.099000000000001 -4.926636346817016 1.1256363162994383 0.11096149 0.11096149 -12.565000000000001 9.515 56.73117527962206 58.10598483467259 6.294975703271002 6.481299955287948
227.08191775736 -62.35512173727 0.0408 0.0415 18.7526 "" "" 5873804253357344896 2058.0686 0.4765 0.0638 -5.505 -3.364 0.06 0.056 2.184 "" "" 15.353981 1.92594 16.042091 14.116152 22.79 7.01 1795.25671 2332.76416 13594.22055 5.8147 5230.9 36.63 17894.0 187.17 "" "" 0.002794183569747318 0.0080988025 0.011969082 0.020067886 227.08191775736 -62.35512173727 2058.0686 -5.504999999999997 -3.364 -3.0976363468170165 -0.1393636837005614 0.14196149 0.13796149 51.155 12.945001 30.248769314340525 59.42913485852027 4.293919237767304 11.355025591071085
226.51996288632 -62.26158605474 0.0175 0.0203 2.2227 "" "" 5874539139478558720 2348.00464 0.3859 0.0293 -5.074 -3.676 0.024 0.027 1.12 4988.7 2.4897 15.354939 2.590312 16.776325 14.186013 0.88 3.63 2226.33105 2509.03613 13582.22911 4.026 2660.0 7.8211 16778.0 20.905 "" "" 0.002774051944974818 0.004239829 0.0040142 0.008254029 226.51996288632 -62.26158605474 2348.00464 -5.073999999999998 -3.675999999999998 -2.6666363468170164 -0.4513636837005617 0.10596149 0.10896149 29.244999999999997 9.565001 30.100583613706124 41.968025434677216 3.192052273767167 7.047507337884706
226.19899049355 -62.02920967408 0.0182 0.0201 14.4896 "" "" 5874558140415592704 1834.18909 0.5096 0.0303 -2.437 -5.252 0.028 0.027 0.963 4907.9 3.4619 15.357146 2.136499 16.455479 14.318979 -38.54 4.27 1743.521 1930.21497 13554.64763 3.7981 3574.6 7.5216 14845.0 11.946 "" "" 0.002772065200917848 0.0036061571 0.0038790584 0.0074852156 226.19899049355 -62.02920967408 1834.18909 -2.4369999999999994 -5.252000000000001 -0.029636346817016435 -2.0273636837005613 0.109961495 0.10896149 -10.175 10.205 17.627897138226356 20.353706849512424 1.9207657701003906 5.365944954069883
226.25226890711 -62.33461700494 0.017 0.0199 8.1706 "" "" 5874538074326629632 2364.10571 0.3916 0.0294 0.89 -2.153 0.024 0.025 1.048 4997.9 3.1197 15.369717 2.195754 16.509977 14.314223 -29.19 3.33 2176.52124 2600.97168 13398.61638 3.6779 3399.6 8.1185 14910.0 11.682 "" "" 0.0027713918963495365 0.0038089054 0.0038739354 0.007682841 226.25226890711 -62.33461700494 2364.10571 0.8900000000000002 -2.153 3.2973636531829835 1.0716363162994385 0.10596149 0.10696149 -0.8250000000000028 9.265 38.85221104241119 38.86096920927292 4.120565549728211 4.124329725549757
226.90254457617 -62.154744515 0.0185 0.0197 13.3906 "" "" 5874562126145733120 2131.17969 0.4367 0.0292 -4.946 -4.084 0.027 0.028 1.016 7189.3 3.5449 15.372082 1.567228 16.093811 14.526583 "" "" 2013.60413 2236.38477 13369.46445 3.2278 4987.6 7.8274 12261.0 8.7114 "" "" 0.0027677611154637476 0.0032693127 0.0038573053 0.007126618 226.90254457617 -62.154744515 2131.17969 -4.945999999999999 -4.084 -2.5386363468170163 -0.8593636837005612 0.10896149 0.109961495 "" "" 27.074272668390613 "" 2.9528481382914684 ""
