Clusters/UBC_532/UBC_532_members.tsv
# %ECSV 1.0
# ---
# datatype:
# - name: RA_ICRS_1
#   unit: deg
#   datatype: float64
#   format: '{:15.11f}'
#   description: Right ascension (ICRS) at Ep=2016.0 (ra)
#   meta: !!omap
#   - {ucd: POS_EQ_RA_MAIN}
#   - {width: 15}
#   - {precision: '11'}
# - name: DE_ICRS_1
#   unit: deg
#   datatype: float64
#   format: '{:15.11f}'
#   description: Declination (ICRS) at Ep=2016.0 (dec)
#   meta: !!omap
#   - {ucd: POS_EQ_DEC_MAIN}
#   - {width: 15}
#   - {precision: '11'}
# - name: e_RA_ICRS
#   unit: mas
#   datatype: float64
#   format: '{:7.4f}'
#   description: Standard error of right ascension (ra_error)
#   meta: !!omap
#   - {ucd: ERROR}
#   - {width: 7}
#   - {precision: '4'}
# - name: e_DE_ICRS
#   unit: mas
#   datatype: float64
#   format: '{:7.4f}'
#   description: Standard error of declination (dec_error)
#   meta: !!omap
#   - {ucd: ERROR}
#   - {width: 7}
#   - {precision: '4'}
# - name: _r_1
#   unit: ''
#   datatype: float64
#   format: '{:7.4f}'
#   description: Distance from center (226.45861708000-62.23799773000)[ICRS], at Epoch=J2016.0
#   meta: !!omap
#   - {ucd: POS_ANG_DIST_GENERAL}
#   - {width: 7}
#   - {precision: '4'}
# - name: HIP
#   datatype: int32
#   description: '? HIP cross-id number, van Leeuwen, Cat. I/311 (hip_original_ext_source_id)'
#   meta: !!omap
#   - {ucd: ID_NUMBER}
#   - {width: 6}
#   - values: {'null': -2147483648}
# - name: TYC2
#   datatype: string
#   description: Tycho-2 cross-id name, Hog et al., Cat. I/259 (tyc2_original_ext_source_id)
#   meta: !!omap
#   - {ucd: ID_CROSSID}
#   - {_votable_string_dtype: char}
# - name: Source
#   datatype: int64
#   description: Source identifier, identical to the Gaia-EDR3 source_id (id)
#   meta: !!omap
#   - {ucd: ID_MAIN}
#   - {width: 19}
# - name: rgeo
#   unit: pc
#   datatype: float64
#   format: '{:15.8f}'
#   description: '? Median of the geometric distance posterior (r_med_geo)'
#   meta: !!omap
#   - {ucd: PHYS_DISTANCE_TRUE}
#   - {width: 15}
#   - {precision: '8'}
#   - values: {'null': .nan}
# - name: Plx
#   unit: mas
#   datatype: float64
#   format: '{:9.4f}'
#   description: '? Parallax (parallax)'
#   meta: !!omap
#   - {ucd: POS_PARLX_TRIG}
#   - {width: 9}
#   - {precision: '4'}
#   - values: {'null': .nan}
# - name: e_Plx
#   unit: mas
#   datatype: float32
#   format: '{:7.4f}'
#   description: '? Standard error of parallax (parallax_error)'
#   meta: !!omap
#   - {ucd: ERROR}
#   - {width: 7}
#   - {precision: '4'}
#   - values: {'null': .nan}
# - name: pmRA
#   unit: mas / yr
#   datatype: float64
#   format: '{:9.3f}'
#   description: '? Proper motion in right ascension direction, pmRA*cosDE (pmra)'
#   meta: !!omap
#   - {ucd: POS_EQ_PMRA}
#   - {width: 9}
#   - {precision: '3'}
#   - values: {'null': .nan}
# - name: pmDE
#   unit: mas / yr
#   datatype: float64
#   format: '{:9.3f}'
#   description: '? Proper motion in declination direction (pmdec)'
#   meta: !!omap
#   - {ucd: POS_EQ_PMDEC}
#   - {width: 9}
#   - {precision: '3'}
#   - values: {'null': .nan}
# - name: e_pmRA
#   unit: mas / yr
#   datatype: float32
#   format: '{:6.3f}'
#   description: '? Standard error of proper motion in right ascension direction (pmra_error)'
#   meta: !!omap
#   - {ucd: ERROR}
#   - {width: 6}
#   - {precision: '3'}
#   - values: {'null': .nan}
# - name: e_pmDE
[...]
#         unit: &id001 !astropy.units.Unit {unit: deg}
#         value: !astropy.table.SerializedColumn {name: SkyCoord.dec}
#       distance: !astropy.table.SerializedColumn
#         __class__: astropy.coordinates.distances.Distance
#         unit: !astropy.units.Unit {unit: pc}
#         value: !astropy.table.SerializedColumn {name: SkyCoord.distance}
#       frame: icrs
#       obstime: !astropy.time.Time {format: jyear_str, in_subfmt: '*', jd1: 367701545.0, jd2: 0.0, out_subfmt: '*', precision: 3, scale: tt}
#       pm_dec: !astropy.table.SerializedColumn
#         __class__: astropy.units.quantity.Quantity
#         unit: !astropy.units.Unit {unit: mas / yr}
#         value: !astropy.table.SerializedColumn {name: SkyCoord.pm_dec}
#       pm_ra_cosdec: !astropy.table.SerializedColumn
#         __class__: astropy.units.quantity.Quantity
#         unit: !astropy.units.Unit {unit: mas / yr}
#         value: !astropy.table.SerializedColumn {name: SkyCoord.pm_ra_cosdec}
#       ra: !astropy.table.SerializedColumn
#         __class__: astropy.coordinates.angles.Longitude
#         unit: *id001
#         value: !astropy.table.SerializedColumn {name: SkyCoord.ra}
#         wrap_angle: !astropy.coordinates.Angle
#           unit: *id001
#           value: 360.0
#       representation_type: spherical
# schema: astropy-2.0
RA_ICRS_1 DE_ICRS_1 e_RA_ICRS e_DE_ICRS _r_1 HIP TYC2 Source rgeo Plx e_Plx pmRA pmDE e_pmRA e_pmDE RUWE Teff logg Gmag BP-RP BPmag RPmag RV e_RV b_rgeo B_rgeo FG e_FG FBP e_FBP FRP e_FRP RAVE5 RAVE6 e_Gmag e_BPmag e_RPmag e_BP-RP SkyCoord.ra SkyCoord.dec SkyCoord.distance SkyCoord.pm_ra_cosdec SkyCoord.pm_dec Pmemb
226.4786564094 -62.24363158838 0.008 0.0094 0.6541 "" "" 5874539375638899072 1995.76489 0.4898 0.0143 -2.477 -3.34 0.012 0.013 1.027 "" "" 12.165143 1.283735 12.718466 11.434731 -32.44 4.09 1945.81006 2054.22974 256383.14342 28.453 111690.0 51.609 211480.0 43.587 "" "" 0.002757953596279586 0.0028349147 0.003786001 0.0066209156 226.4786564094 -62.24363158838 1995.76489 -2.477 -3.34 0.94
226.45902388558 -62.22978432938 0.0077 0.0088 0.4929 "" "" 5874540135911027328 2007.25452 0.4858 0.0133 -2.507 -3.204 0.011 0.012 0.976 "" "" 12.427632 1.122008 12.893593 11.771584 -24.29 7.78 1948.78577 2065.63794 201323.23539 22.727 95056.0 60.227 155070.0 29.3 "" "" 0.002758044960072266 0.002873722 0.0037849455 0.0066586677 226.45902388558 -62.22978432938 2007.25452 -2.507 -3.204000000000001 0.98
226.40840045517 -62.27966698238 0.009 0.0105 2.8667 "" "" 5874538521003269632 1956.53711 0.4735 0.0153 -2.481 -3.212 0.012 0.014 0.991 "" "" 13.559367 1.119134 14.02441 12.905276 "" "" 1902.04041 2011.99658 70990.43793 9.0318 33547.0 18.255 54582.0 14.893 "" "" 0.0027587805725845754 0.0028520366 0.0037909748 0.0066430112 226.40840045517 -62.27966698238 1956.53711 -2.4809999999999994 -3.2120000000000006 0.99
226.49899942574 -62.24202270158 0.0118 0.0143 1.1541 "" "" 5874539414356497408 1966.34888 0.4693 0.0203 -2.259 -3.115 0.015 0.018 1.074 "" "" 14.216225 1.475999 14.881513 13.405514 "" "" 1884.76111 2068.21387 38766.53396 6.2731 15234.0 12.003 34431.0 13.59 "" "" 0.002760915922806182 0.002918366 0.0038036003 0.0067219664 226.49899942574 -62.24202270158 1966.34888 -2.2589999999999995 -3.1150000000000007 0.93
226.44626715505 -62.23523379911 0.0117 0.0134 0.3829 "" "" 5874540135911023232 1918.11023 0.4804 0.0195 -2.454 -3.213 0.016 0.018 0.973 7494.4 3.9037 14.431933 1.189389 14.931643 13.742254 "" "" 1843.25366 1995.71399 31781.4153 4.5232 14547.0 11.901 25250.0 22.999 "" "" 0.0027596498275900107 0.002928145 0.003906627 0.0068347724 226.44626715505 -62.23523379911 1918.11023 -2.454 -3.213 0.99
226.45045981334 -62.23488438532 0.0127 0.015 0.2947 "" "" 5874540135911022208 1772.72522 0.5249 0.0217 -2.405 -3.182 0.018 0.02 1.064 "" "" 14.685874 1.146032 15.154285 14.008253 "" "" 1705.13611 1853.84424 25153.43624 4.7194 11850.0 19.964 19763.0 24.675 "" "" 0.002762840465047833 0.0033363008 0.0040151407 0.0073514413 226.45045981334 -62.23488438532 1772.72522 -2.405 -3.182 0.94
226.47809964681 -62.25180565835 0.0135 0.0155 0.9913 "" "" 5874539379996750464 2034.48706 0.4588 0.023 -2.45 -3.175 0.018 0.02 1.027 "" "" 14.745968 1.386935 15.360534 13.973598 "" "" 1942.901 2144.25024 23799.05541 4.4103 9799.5 9.7504 20404.0 11.92 "" "" 0.0027626566428807045 0.002992004 0.0038322378 0.006824242 226.47809964681 -62.25180565835 2034.48706 -2.45 -3.1749999999999994 0.96
226.40727394647 -62.25238106119 0.0142 0.0161 1.6742 "" "" 5874540067191534464 1839.11548 0.5077 0.0246 -2.284 -3.151 0.021 0.023 1.054 7995.5 3.8149 14.914726 1.280707 15.464519 14.183812 "" "" 1779.68311 1921.56763 20373.05441 3.8946 8904.5 8.9768 16813.0 11.092 "" "" 0.002763126498787793 0.0029971807 0.0038466607 0.0068438416 226.40727394647 -62.25238106119 1839.11548 -2.2839999999999994 -3.151 0.97
226.35874546329 -62.28677510184 0.0144 0.016 4.0427 "" "" 5874538447926081536 1881.26794 0.4858 0.0248 -2.347 -3.222 0.02 0.021 0.999 "" "" 14.971873 1.218411 15.481343 14.262933 "" "" 1810.07959 1966.14795 19328.47341 3.8027 8767.6 10.317 15631.0 14.166 "" "" 0.002763587895194497 0.003068766 0.003905373 0.0069741393 226.35874546329 -62.28677510184 1881.26794 -2.347 -3.2219999999999995 0.97
226.49941314741 -62.23642756406 0.016 0.0186 1.1441 "" "" 5874539414356505344 1948.26416 0.484 0.0274 -2.384 -3.24 0.022 0.025 1.02 "" "" 15.217193 1.560592 15.921326 14.360734 "" "" 1849.53284 2059.4231 15419.47715 3.2594 5846.4 9.1775 14284.0 14.224 "" "" 0.002764862019732015 0.0032695374 0.0039309883 0.0072005256 226.49941314741 -62.23642756406 1948.26416 -2.3840000000000003 -3.24 0.98
226.46408586945 -62.21464469167 0.0164 0.0189 1.4095 "" "" 5874540238990257792 2047.06384 0.4576 0.0278 -2.48 -3.294 0.023 0.025 0.998 7186.2 3.7005 15.282307 1.291294 15.835618 14.544324 "" "" 1916.93933 2168.4231 14521.91867 3.0692 6326.6 9.5169 12062.0 9.8675 "" "" 0.0027648590891557363 0.0032330346 0.0038823485 0.007115383 226.46408586945 -62.21464469167 2047.06384 -2.48 -3.294 0.92
226.31886389162 -62.3114277126 0.0171 0.0188 5.8847 "" "" 5874538039966909440 1929.15991 0.4823 0.0291 -2.44 -3.222 0.024 0.024 0.996 "" "" 15.30688 1.224309 15.831234 14.606925 "" "" 1831.88171 2085.1687 14196.93582 2.9731 6352.2 8.8399 11386.0 8.5262 "" "" 0.002764685869242128 0.0031730097 0.003865844 0.007038854 226.31886389162 -62.3114277126 1929.15991 -2.44 -3.2219999999999995 0.95
226.29013332227 -62.31182702657 0.0189 0.021 6.4607 "" "" 5874538005607178240 1872.4281 0.4963 0.0322 -2.49 -3.251 0.027 0.028 1.021 "" "" 15.54342 1.31323 16.11574 14.80251 "" "" 1769.20056 1990.10461 11417.70676 2.8471 4887.9 8.1511 9509.4 7.9921 "" "" 0.0027685895514241465 0.0033261473 0.0038879788 0.007214126 226.29013332227 -62.31182702657 1872.4281 -2.4900000000000007 -3.250999999999999 0.98
226.5891151391 -62.22923704102 0.0187 0.0219 3.6854 "" "" 5874539654874661376 2041.65063 0.4577 0.0324 -2.41 -3.234 0.026 0.029 1.015 "" "" 15.560104 1.5512 16.2679 14.716701 "" "" 1927.26111 2162.42847 11243.5884 2.7938 4248.7 5.8431 10291.0 10.218 "" "" 0.0027684963980425413 0.0031645896 0.0039301254 0.007094715 226.5891151391 -62.22923704102 2041.65063 -2.4099999999999997 -3.2339999999999995 0.92
226.5140369267 -62.23037356619 0.0203 0.0233 1.6152 "" "" 5874539792313721984 1913.6178 0.4901 0.0337 -2.478 -3.186 0.028 0.031 1.01 8778.9 3.5195 15.684106 1.500306 16.359161 14.858855 "" "" 1798.13232 2019.93921 10030.07758 2.6136 3906.2 8.2066 9028.5 11.507 "" "" 0.0027698071177744113 0.003603914 0.004024749 0.0076286634 226.5140369267 -62.23037356619 1913.6178 -2.478 -3.186 0.98
226.44138811679 -62.23736099531 0.0199 0.0238 0.483 "" "" 5874540135911021824 2123.16113 0.4312 0.0343 -2.254 -3.555 0.028 0.032 1.033 7190.3 3.6766 15.724961 1.50677 16.413317 14.906547 "" "" 1968.125 2299.36426 9659.66796 2.5873 3716.1 6.4289 8640.5 6.7611 "" "" 0.002770624422176207 0.00336351 0.0038736945 0.0072372044 226.44138811679 -62.23736099531 2123.16113 -2.254 -3.5550000000000006 0.8
226.27921789413 -62.27797449653 0.0212 0.0231 5.5551 "" "" 5874538314844872832 2183.81934 0.4223 0.0362 -2.449 -3.148 0.03 0.03 0.998 9382.7 4.1335 15.871387 1.396247 16.493008 15.096761 "" "" 1995.95337 2433.35059 8440.96304 2.4393 3453.1 6.3508 7251.9 7.5078 "" "" 0.0027731272461125668 0.0034310967 0.0039429953 0.007374092 226.27921789413 -62.27797449653 2183.81934 -2.449 -3.1479999999999997 0.98
226.46666744254 -62.28054649475 0.0223 0.0258 2.5628 "" "" 5874539169480589440 2234.10718 0.4211 0.0382 -2.409 -3.103 0.033 0.036 1.062 7344.0 3.1867 15.888998 1.716935 16.701557 14.984622 "" "" 2041.86292 2457.14038 8305.15218 2.622 2849.7 6.5506 8041.0 9.9456 "" "" 0.0027765597838205576 0.0037435228 0.0040108752 0.007754398 226.46666744254 -62.28054649475 2234.10718 -2.4090000000000003 -3.103 0.91
226.58853329414 -62.21778973027 0.0244 0.028 3.8291 "" "" 5874539654874677504 1946.63672 0.4998 0.0422 -2.402 -3.252 0.035 0.038 0.994 9231.5 3.784 16.061794 1.762193 16.902252 15.140059 "" "" 1806.27966 2136.99463 7083.18647 2.7037 2368.7 6.6419 6968.4 7.0879 "" "" 0.00278631368716958 0.004129604 0.0039374265 0.00806703 226.58853329414 -62.21778973027 1946.63672 -2.4019999999999997 -3.252 0.97
226.44359522396 -62.24456932789 0.024 0.0273 0.5759 "" "" 5874540032831797376 1703.99341 0.5726 0.0402 -2.467 -3.193 0.034 0.037 1.014 8922.0 4.2237 16.096636 1.488924 16.772013 15.283089 "" "" 1591.40393 1838.35803 6859.49368 2.2151 2670.6 6.4727 6108.3 7.1945 "" "" 0.0027775380307725585 0.0038353307 0.003989871 0.007825201 226.44359522396 -62.24456932789 1703.99341 -2.4670000000000005 -3.193 0.95
226.4764131075 -62.20011962346 0.0275 0.0304 2.3265 "" "" 5874540616947392256 2042.50818 0.4785 0.0462 -2.415 -3.264 0.038 0.041 1.055 8260.6 4.1516 16.246668 1.478031 16.920908 15.442877 "" "" 1848.4718 2270.14648 5974.20163 2.2306 2328.4 5.5484 5272.4 8.0147 "" "" 0.002784982092885557 0.0038051005 0.004124042 0.007929143 226.4764131075 -62.20011962346 2042.50818 -2.415 -3.2639999999999993 0.96
226.55231687525 -62.2990896928 0.0368 0.0401 4.5033 "" "" 5874536077104113920 1644.77563 0.607 0.0594 -2.22 -3.186 0.052 0.054 0.999 7734.6 4.3439 16.824947 1.857865 17.71484 15.856975 "" "" 1497.33691 1795.25647 3507.25893 1.7509 1120.7 5.3144 3600.5 8.0547 "" "" 0.0028081272221256717 0.005856034 0.0044925846 0.010348618 226.55231687525 -62.2990896928 1644.77563 -2.2199999999999998 -3.186 0.9
