Clusters/NGC_3293/NGC_3293_members.tsv
# %ECSV 1.0
# ---
# datatype:
# - name: RA_ICRS_1
#   unit: deg
#   datatype: float64
#   format: '{:15.11f}'
#   description: Right ascension (ICRS) at Ep=2016.0 (ra)
#   meta: !!omap
#   - {ucd: POS_EQ_RA_MAIN}
#   - {width: 15}
#   - {precision: '11'}
# - name: DE_ICRS_1
#   unit: deg
#   datatype: float64
#   format: '{:15.11f}'
#   description: Declination (ICRS) at Ep=2016.0 (dec)
#   meta: !!omap
#   - {ucd: POS_EQ_DEC_MAIN}
#   - {width: 15}
#   - {precision: '11'}
# - name: e_RA_ICRS
#   unit: mas
#   datatype: float64
#   format: '{:7.4f}'
#   description: Standard error of right ascension (ra_error)
#   meta: !!omap
#   - {ucd: ERROR}
#   - {width: 7}
#   - {precision: '4'}
# - name: e_DE_ICRS
#   unit: mas
#   datatype: float64
#   format: '{:7.4f}'
#   description: Standard error of declination (dec_error)
#   meta: !!omap
#   - {ucd: ERROR}
#   - {width: 7}
#   - {precision: '4'}
# - name: _r_1
#   unit: ''
#   datatype: float64
#   format: '{:7.4f}'
#   description: Distance from center (158.96631323000-58.22810434000)[ICRS], at Epoch=J2016.0
#   meta: !!omap
#   - {ucd: POS_ANG_DIST_GENERAL}
#   - {width: 7}
#   - {precision: '4'}
# - name: HIP
#   datatype: int32
#   description: '? HIP cross-id number, van Leeuwen, Cat. I/311 (hip_original_ext_source_id)'
#   meta: !!omap
#   - {ucd: ID_NUMBER}
#   - {width: 6}
#   - values: {'null': -2147483648}
# - name: TYC2
#   datatype: string
#   description: Tycho-2 cross-id name, Hog et al., Cat. I/259 (tyc2_original_ext_source_id)
#   meta: !!omap
#   - {ucd: ID_CROSSID}
#   - {_votable_string_dtype: char}
# - name: Source
#   datatype: int64
#   description: Source identifier, identical to the Gaia-EDR3 source_id (id)
#   meta: !!omap
#   - {ucd: ID_MAIN}
#   - {width: 19}
# - name: rgeo
#   unit: pc
#   datatype: float64
#   format: '{:15.8f}'
#   description: '? Median of the geometric distance posterior (r_med_geo)'
#   meta: !!omap
#   - {ucd: PHYS_DISTANCE_TRUE}
#   - {width: 15}
#   - {precision: '8'}
#   - values: {'null': .nan}
# - name: Plx
#   unit: mas
#   datatype: float64
#   format: '{:9.4f}'
#   description: '? Parallax (parallax)'
#   meta: !!omap
#   - {ucd: POS_PARLX_TRIG}
#   - {width: 9}
#   - {precision: '4'}
#   - values: {'null': .nan}
# - name: e_Plx
#   unit: mas
#   datatype: float32
#   format: '{:7.4f}'
#   description: '? Standard error of parallax (parallax_error)'
#   meta: !!omap
#   - {ucd: ERROR}
#   - {width: 7}
#   - {precision: '4'}
#   - values: {'null': .nan}
# - name: pmRA
#   unit: mas / yr
#   datatype: float64
#   format: '{:9.3f}'
#   description: '? Proper motion in right ascension direction, pmRA*cosDE (pmra)'
#   meta: !!omap
#   - {ucd: POS_EQ_PMRA}
#   - {width: 9}
#   - {precision: '3'}
#   - values: {'null': .nan}
# - name: pmDE
#   unit: mas / yr
#   datatype: float64
#   format: '{:9.3f}'
#   description: '? Proper motion in declination direction (pmdec)'
#   meta: !!omap
#   - {ucd: POS_EQ_PMDEC}
#   - {width: 9}
#   - {precision: '3'}
#   - values: {'null': .nan}
# - name: e_pmRA
#   unit: mas / yr
#   datatype: float32
#   format: '{:6.3f}'
#   description: '? Standard error of proper motion in right ascension direction (pmra_error)'
#   meta: !!omap
#   - {ucd: ERROR}
#   - {width: 6}
#   - {precision: '3'}
#   - values: {'null': .nan}
# - name: e_pmDE
[...]
#       distance: !astropy.table.SerializedColumn
#         __class__: astropy.coordinates.distances.Distance
#         unit: !astropy.units.Unit {unit: pc}
#         value: !astropy.table.SerializedColumn {name: SkyCoord.distance}
#       frame: icrs
#       obstime: !astropy.time.Time {format: jyear_str, in_subfmt: '*', jd1: 367701545.0, jd2: 0.0, out_subfmt: '*', precision: 3, scale: tt}
#       pm_dec: !astropy.table.SerializedColumn
#         __class__: astropy.units.quantity.Quantity
#         unit: !astropy.units.Unit {unit: mas / yr}
#         value: !astropy.table.SerializedColumn {name: SkyCoord.pm_dec}
#       pm_ra_cosdec: !astropy.table.SerializedColumn
#         __class__: astropy.units.quantity.Quantity
#         unit: !astropy.units.Unit {unit: mas / yr}
#         value: !astropy.table.SerializedColumn {name: SkyCoord.pm_ra_cosdec}
#       ra: !astropy.table.SerializedColumn
#         __class__: astropy.coordinates.angles.Longitude
#         unit: *id001
#         value: !astropy.table.SerializedColumn {name: SkyCoord.ra}
#         wrap_angle: !astropy.coordinates.Angle
#           unit: *id001
#           value: 360.0
#       representation_type: spherical
# schema: astropy-2.0
RA_ICRS_1 DE_ICRS_1 e_RA_ICRS e_DE_ICRS _r_1 HIP TYC2 Source rgeo Plx e_Plx pmRA pmDE e_pmRA e_pmDE RUWE Teff logg Gmag BP-RP BPmag RPmag RV e_RV b_rgeo B_rgeo FG e_FG FBP e_FBP FRP e_FRP RAVE5 RAVE6 e_Gmag e_BPmag e_RPmag e_BP-RP SkyCoord.ra SkyCoord.dec SkyCoord.distance SkyCoord.pm_ra_cosdec SkyCoord.pm_dec rmRA rmDE e_rmRA e_rmDE rRV e_rRV v_pec v_pec3d e_vpec e_vpec3d Pmemb
[from data line 124]
159.04248934691 -58.29412036562 0.014 0.0132 4.6336 "" "" 5350696237639807360 2412.60059 0.3775 0.0169 -7.745 3.472 0.019 0.016 0.983 "" "" 14.109526 0.47458 14.280079 13.805499 "" "" 2311.61646 2516.59521 42769.738 15.972 26509.0 32.645 23821.0 18.147 "" "" 0.0027849930779518103 0.0030939863 0.0038688313 0.0069628176 159.04248934691 -58.29412036562 2412.60059 -7.744999999999996 3.471999999999998 -0.08321821212768565 0.10343301010131833 0.119110525 0.116110526 "" "" 1.5181399349365015 "" 0.1780755923776863 "" 1.0
158.9987721537 -58.2343087851 0.0174 0.0178 1.0908 "" "" 5351448475395002112 2277.94507 0.405 0.0198 -7.676 3.473 0.026 0.023 0.986 10047.1 4.0078 14.141297 0.40038 14.277684 13.877304 "" "" 2176.66992 2380.12524 41536.2877 22.692 26567.0 80.494 22296.0 99.249 "" "" 0.002818443572232248 0.0043135397 0.0061353347 0.010448875 158.9987721537 -58.2343087851 2277.94507 -7.676000000000005 3.4730000000000025 -0.014218212127685703 0.10443301010131822 0.12611052 0.123110525 "" "" 1.138013887693247 "" 0.14016436118550527 "" 0.9
158.94225072829 -58.25100819102 0.0156 0.0158 1.5704 "" "" 5351447204084951040 2284.0354 0.4001 0.0183 -7.636 3.293 0.022 0.018 1.006 10062.2 4.0319 14.143853 0.43071 14.300155 13.869445 "" "" 2207.65063 2370.02881 41438.65503 15.711 26023.0 57.331 22458.0 58.307 "" "" 0.0027859003429372845 0.003675131 0.0047148396 0.00838997 158.94225072829 -58.25100819102 2284.0354 -7.635999999999999 3.293000000000001 0.025781787872314332 -0.07556698989868149 0.12211052 0.11811052 "" "" 0.8644177377134487 "" 0.10246279581025589 "" 1.0
159.04416641623 -58.24721019423 0.0134 0.0148 2.713 "" "" 5350697852547520384 2347.30298 0.3867 0.0167 -7.692 3.398 0.018 0.018 0.997 9964.0 3.942 14.211784 0.438651 14.370219 13.931568 "" "" 2266.23242 2424.83862 38925.39762 20.016 24397.0 32.777 21210.0 23.845 "" "" 0.0028113145716167284 0.0031484547 0.0039716046 0.0071200593 159.04416641623 -58.24721019423 2347.30298 -7.691999999999999 3.3979999999999997 -0.030218212127685717 0.02943301010131849 0.11811052 0.11811052 "" "" 0.469342046287644 "" 0.05543423437824905 "" 1.0
158.94512084369 -58.246563105 0.0179 0.0156 1.2941 "" "" 5351447204068503808 2555.17993 0.36 0.0198 -7.619 3.174 0.023 0.019 0.98 9845.9 4.0114 14.249245 0.448924 14.406889 13.957965 "" "" 2439.36255 2709.20044 37605.27863 14.515 23586.0 99.424 20700.0 107.44 "" "" 0.0027870080536429257 0.0053602317 0.006785334 0.012145566 158.94512084369 -58.246563105 2555.17993 -7.619000000000003 3.174000000000001 0.04278178787231468 -0.1945669898986817 0.123110525 0.119110525 "" "" 2.4128023573630863 "" 0.2878423707819242 "" 0.9
158.81008777614 -58.21403614614 0.014 0.014 5.0081 "" "" 5351448166157212032 2369.18384 0.3852 0.0163 -7.463 3.394 0.018 0.017 1.019 9673.7 4.0862 14.257712 0.336495 14.381557 14.045062 "" "" 2283.32812 2464.17334 37313.13839 16.362 24143.0 23.12 19104.0 14.105 "" "" 0.0027961511689135188 0.0029775978 0.0038634615 0.0068410593 158.81008777614 -58.21403614614 2369.18384 -7.463000000000001 3.393999999999999 0.19878178787231437 0.025433010101318487 0.11811052 0.11711052 "" "" 2.25050283062046 "" 0.26577196957922666 "" 0.9
159.00286402279 -58.24499913112 0.0144 0.0145 1.5363 "" "" 5351448441035245312 2641.43799 0.3455 0.0175 -7.787 3.452 0.019 0.017 0.989 9468.6 3.7983 14.257722 0.454744 14.421217 13.966473 "" "" 2527.52222 2770.66016 37312.82154 15.755 23277.0 38.896 20539.0 29.229 "" "" 0.002793198650779007 0.003328157 0.0040830243 0.007411181 159.00286402279 -58.24499913112 2641.43799 -7.786999999999998 3.452000000000001 -0.12521821212768547 0.08343301010131832 0.119110525 0.11711052 "" "" 1.8839239958898903 "" 0.22324348655335838 "" 1.0
158.92870821222 -58.21483722752 0.0191 0.0191 1.4302 "" "" 5351448784632619136 2114.74609 0.4387 0.0235 -7.73 3.206 0.025 0.021 1.295 10824.4 4.3316 14.274437 0.435245 14.394533 13.959289 "" "" 2019.81079 2212.96899 36742.79202 15.391 23856.0 105.89 20675.0 112.73 "" "" 0.0027926029170236206 0.0055687027 0.007023502 0.012592205 158.92870821222 -58.21483722752 2114.74609 -7.7299999999999995 3.2059999999999986 -0.06821821212768597 -0.16256698989868168 0.12511052 0.12111052 "" "" 1.767214671836614 "" 0.21510146474516514 "" 1.0
159.23227104751 -58.30471496151 0.0149 0.0151 9.5694 "" "" 5350696542556674944 2277.2207 0.4021 0.0178 -7.685 3.344 0.019 0.018 1.169 10283.2 3.8604 14.299166 0.529132 14.492871 13.963739 "" "" 2181.02515 2389.54956 35915.3917 13.05 21791.0 17.537 20590.0 18.752 "" "" 0.002783419624890656 0.0029237887 0.003906595 0.006830384 159.23227104751 -58.30471496151 2277.2207 -7.685 3.344 -0.023218212127685156 -0.02456698989868178 0.119110525 0.11811052 "" "" 0.36486720108073467 "" 0.04326718266159971 "" 1.0
158.81581391477 -58.28743885032 0.0137 0.0136 5.9366 "" "" 5351447410242830080 2388.2002 0.3859 0.0162 -7.599 3.298 0.018 0.016 1.006 9979.2 3.94 14.301202 0.455592 14.468034 14.012442 "" "" 2294.93457 2461.88965 35848.09134 11.814 22295.0 14.434 19687.0 25.858 "" "" 0.0027784562312455955 0.0028773493 0.004039479 0.0069168285 158.81581391477 -58.28743885032 2388.2002 -7.598999999999999 3.298000000000001 0.06278178787231425 -0.0705669898986816 0.11811052 0.116110526 "" "" 1.0692075056860912 "" 0.1250955379364417 "" 0.9
159.01254499918 -58.24793203916 0.0181 0.0176 1.8834 "" "" 5351448441035249152 2412.10596 0.375 0.0216 -7.787 3.347 0.026 0.022 1.1 10219.1 4.1136 14.31453 0.427943 14.455873 14.027929 "" "" 2306.18213 2529.46729 35410.7009 20.098 22546.0 35.331 19408.0 30.8 "" "" 0.002823389528232703 0.0032680067 0.0041536223 0.007421629 159.01254499918 -58.24793203916 2412.10596 -7.787 3.3469999999999995 -0.12521821212768547 -0.021566989898681665 0.12611052 0.12211052 "" "" 1.4527476892382212 "" 0.18304193661571277 "" 0.8
159.08329638204 -58.10031239968 0.0144 0.0141 8.5146 "" "" 5351543548781568768 2205.09814 0.4153 0.0167 -7.72 3.24 0.018 0.017 1.034 "" "" 14.333793 0.521899 14.526158 14.004259 "" "" 2147.49951 2290.83447 34788.00553 13.177 21133.0 15.28 19836.0 15.74 "" "" 0.002785842813507824 0.0028985033 0.0038763355 0.006774839 159.08329638204 -58.10031239968 2205.09814 -7.719999999999995 3.239999999999998 -0.0582182121276853 -0.12856698989868143 0.11811052 0.11711052 "" "" 1.475156812638387 "" 0.17300828144660788 "" 1.0
158.98738207091 -58.29576035336 0.014 0.0139 4.1135 "" "" 5350696168920327040 2205.60913 0.4134 0.0166 -7.674 3.445 0.018 0.017 1.018 9932.9 3.9632 14.366463 0.450336 14.524982 14.074645 "" "" 2124.18872 2300.80054 33756.82764 13.098 21156.0 23.585 18591.0 19.068 "" "" 0.0027873398859783317 0.003041398 0.0039400277 0.006981426 158.98738207091 -58.29576035336 2205.60913 -7.674 3.445000000000002 -0.012218212127685923 0.0764330101013182 0.11811052 0.11711052 "" "" 0.8092208310075328 "" 0.09478852008617485 "" 1.0
159.07022817444 -58.28165137161 0.014 0.0149 4.5917 "" "" 5350697543309869696 2308.68311 0.3927 0.0173 -7.642 3.383 0.019 0.018 0.989 10319.3 3.9626 14.379286 0.491652 14.555326 14.063673 "" "" 2230.58301 2403.51562 33360.47974 12.743 20572.0 31.856 18780.0 24.214 "" "" 0.0027863576567003566 0.0032575661 0.0040303143 0.0072878804 159.07022817444 -58.28165137161 2308.68311 -7.6419999999999995 3.382999999999998 0.019781787872314105 0.014433010101318366 0.119110525 0.11811052 "" "" 0.26796907312747753 "" 0.03182510001613262 "" 1.0
158.98585566377 -58.27140626093 0.02 0.0167 2.6704 "" "" 5351446929206680192 2408.79028 0.3784 0.0206 -7.65 3.434 0.023 0.02 1.086 9357.7 4.0079 14.402308 0.477935 14.574817 14.096882 "" "" 2300.87915 2525.32104 32660.54477 12.875 20206.0 42.293 18214.0 16.503 "" "" 0.0027883645879774673 0.0035985424 0.0039053143 0.007503857 158.98585566377 -58.27140626093 2408.79028 -7.650000000000001 3.434 0.011781787872314098 0.06543301010131852 0.123110525 0.12011053 "" "" 0.7591064481890313 "" 0.09124905440052732 "" 1.0
158.93854577526 -58.23284564926 0.017 0.0162 0.9222 "" "" 5351447238444828800 2135.20972 0.4345 0.0192 -7.686 3.245 0.024 0.019 1.048 7102.1 3.8683 14.403297 0.803236 14.717301 13.914065 "" "" 2044.68848 2225.26978 32630.79275 16.821 17721.0 43.492 21554.0 39.211 "" "" 0.002811590938479748 0.0038581835 0.00426439 0.008122574 158.93854577526 -58.23284564926 2135.20972 -7.686000000000001 3.2449999999999988 -0.02421821212768549 -0.12356698989868153 0.12411052 0.119110525 "" "" 1.2744019387939056 "" 0.15203515428723124 "" 1.0
159.03069822128 -58.2490456803 0.016 0.0165 2.3903 "" "" 5350697852547518464 2279.07812 0.3969 0.02 -7.865 3.303 0.021 0.02 1.049 9892.8 4.1156 14.409515 0.397859 14.544483 14.146625 "" "" 2201.98633 2379.01929 32444.4666 16.414 20779.0 48.09 17398.0 63.881 "" "" 0.002809538015041675 0.0037548782 0.005493293 0.009248171 159.03069822128 -58.2490456803 2279.07812 -7.8650000000000055 3.303000000000001 -0.20321821212768576 -0.0655669898986817 0.12111052 0.12011053 "" "" 2.3067691028837896 "" 0.27915733242664953 "" 0.9
158.90916282775 -58.18588184366 0.0158 0.0148 3.1115 "" "" 5351449574906639872 2381.53247 0.3813 0.0175 -7.752 3.41 0.022 0.019 0.99 9819.6 4.0156 14.417132 0.455618 14.579457 14.123839 "" "" 2277.84399 2498.02661 32217.65183 12.741 20120.0 37.52 17767.0 19.828 "" "" 0.0027885748873630496 0.0034473801 0.0039688665 0.0074162465 158.90916282775 -58.18588184366 2381.53247 -7.752 3.41 -0.09021821212768533 0.0414330101013185 0.12211052 0.119110525 "" "" 1.1206903686842664 "" 0.13626845727757178 "" 1.0
158.97631351656 -58.21448370215 0.0273 0.0246 0.8762 "" "" 5351448544114494592 2314.00195 0.39 0.0287 -7.711 3.337 0.037 0.029 1.587 "" "" 14.423261 0.448237 14.555913 14.107676 "" "" 2168.58423 2484.75073 32036.31836 17.732 20561.0 176.1 18034.0 96.041 "" "" 0.002820094344056501 0.009708642 0.0069077434 0.016616385 158.97631351656 -58.21448370215 2314.00195 -7.711000000000004 3.3369999999999997 -0.049218212127685845 -0.03156698989868145 0.13711053 0.12911052 "" "" 0.6413361528127461 "" 0.08646998657360434 "" 1.0
158.72116608931 -58.08704900518 0.0148 0.0138 11.4825 "" "" 5351454076032384768 2359.72583 0.3887 0.0165 -7.663 3.391 0.02 0.018 0.972 7963.6 3.7402 14.430131 0.416591 14.575955 14.159365 "" "" 2278.40918 2454.47852 31834.22891 15.727 20185.0 15.902 17195.0 23.805 "" "" 0.0028070442204920255 0.0029183356 0.004067316 0.006985652 158.72116608931 -58.08704900518 2359.72583 -7.663 3.391000000000002 -0.0012182121276858027 0.022433010101318374 0.12011053 0.11811052 "" "" 0.2512851700885203 "" 0.029680912953075893 "" 1.0
159.00806286687 -58.32219306053 0.0148 0.0153 5.797 "" "" 5350695722243861120 2348.14111 0.3915 0.018 -7.715 3.389 0.019 0.02 0.953 7733.9 3.9727 14.451957 0.615379 14.678637 14.063257 "" "" 2263.28857 2429.51611 31200.67767 8.2099 18364.0 22.417 18787.0 19.841 "" "" 0.0027700919373305015 0.0030889532 0.0039494974 0.007038451 159.00806286687 -58.32219306053 2348.14111 -7.7150000000000025 3.3889999999999993 -0.053218212127685405 0.02043301010131815 0.119110525 0.12011053 "" "" 0.6344877383420269 "" 0.07565598216053983 "" 0.9
159.05144644453 -58.20092922959 0.0154 0.0151 3.1461 "" "" 5350698367943610112 2561.81079 0.3552 0.0177 -7.614 3.453 0.021 0.018 0.986 9342.5 4.1574 14.457054 0.402543 14.602859 14.200315 "" "" 2445.47974 2667.65527 31054.53588 11.806 19691.0 22.781 16559.0 19.699 "" "" 0.002786065989908951 0.003059881 0.0039939964 0.007053877 159.05144644453 -58.20092922959 2561.81079 -7.614 3.4530000000000007 0.047781787872314574 0.0844330101013182 0.12111052 0.11811052 "" "" 1.1780591587730291 "" 0.14000667225947397 "" 0.8
158.97281473921 -58.17856818122 0.0154 0.0158 2.9793 "" "" 5351448887711948160 2353.00342 0.3942 0.0189 -7.725 3.296 0.02 0.018 1.047 9372.2 3.9356 14.476918 0.476195 14.652218 14.176023 "" "" 2230.4751 2477.66187 30491.55846 13.382 18816.0 26.163 16934.0 16.243 "" "" 0.002796219697104724 0.0031724088 0.0039202436 0.0070926524 158.97281473921 -58.17856818122 2353.00342 -7.724999999999999 3.2960000000000016 -0.06321821212768519 -0.07256698989868182 0.12011053 0.11811052 "" "" 1.0734090526936033 "" 0.12771163092264798 "" 1.0
159.059394239 -58.30198703997 0.0152 0.0149 5.3179 "" "" 5350696031481377280 2309.43823 0.3999 0.018 -7.703 3.365 0.019 0.019 0.913 9148.5 3.9863 14.481215 0.786607 14.788272 14.001665 "" "" 2218.82251 2408.63892 30371.11852 8.6127 16600.0 18.034 19883.0 23.207 "" "" 0.002772469806138462 0.0030292466 0.0039861817 0.0070154285 159.059394239 -58.30198703997 2309.43823 -7.702999999999995 3.3649999999999975 -0.04121821212768584 -0.0035669898986814275 0.119110525 0.119110525 "" "" 0.4528913281859714 "" 0.05394412371165387 "" 1.0
158.89461695491 -58.28916198408 0.0168 0.0165 4.3061 "" "" 5351446654328655232 2411.66699 0.3735 0.0192 -7.754 3.267 0.022 0.019 1.006 9996.3 4.269 14.493537 0.473402 14.668047 14.194645 "" "" 2303.18823 2516.22583 30028.38722 11.303 18544.0 14.922 16646.0 16.229 "" "" 0.002785464197768435 0.002923756 0.003924822 0.006848578 158.89461695491 -58.28916198408 2411.66699 -7.754 3.2670000000000003 -0.0922182121276851 -0.10156698989868174 0.12211052 0.119110525 "" "" 1.568216760593757 "" 0.18893151477247302 "" 1.0
159.02981979728 -58.21405780715 0.0154 0.0167 2.1765 "" "" 5351448612834023552 2284.04126 0.4022 0.019 -7.633 3.354 0.021 0.019 0.958 9341.7 4.1824 14.496367 0.387393 14.638018 14.250625 "" "" 2202.84741 2370.47803 29950.23137 15.518 19064.0 26.35 15809.0 21.49 "" "" 0.00281216110157738 0.003168141 0.0040573394 0.0072254804 159.02981979728 -58.21405780715 2284.04126 -7.633 3.354000000000002 0.028781787872314446 -0.014566989898681548 0.12111052 0.119110525 "" "" 0.3492382467140118 "" 0.0421549321480491 "" 1.0
158.91330183293 -58.21818442907 0.0187 0.0202 1.7776 "" "" 5351447307164300544 1972.61243 0.4665 0.0237 -7.5 3.243 0.027 0.025 1.186 "" "" 14.512038 0.397119 14.6474 14.250281 "" "" 1882.71704 2058.49658 29521.03819 12.226 18900.0 49.639 15814.0 38.032 "" "" 0.002791769477670801 0.0039895554 0.0045936727 0.008583228 158.91330183293 -58.21818442907 1972.61243 -7.5 3.243 0.16178178787231445 -0.12556698989868176 0.12711053 0.12511052 "" "" 1.9148575574344415 "" 0.24196591678407428 "" 0.9
159.1580035875 -58.17879314759 0.0166 0.0164 6.7438 "" "" 5350792066952616064 2474.71875 0.3699 0.0203 -7.664 3.312 0.021 0.02 1.05 9488.8 4.1723 14.515019 0.410612 14.664922 14.25431 "" "" 2345.3186 2604.76929 29440.08878 11.258 18597.0 18.927 15756.0 16.235 "" "" 0.0027864263471618824 0.0030010128 0.0039414866 0.0069424994 159.1580035875 -58.17879314759 2474.71875 -7.663999999999999 3.312000000000001 -0.0022182121276852484 -0.05656698989868181 0.12111052 0.12011053 "" "" 0.6640502079235007 "" 0.0797604440103417 "" 1.0
159.04572775939 -58.2419539949 0.0168 0.0172 2.6425 "" "" 5350697852547522304 2346.80127 0.3927 0.0202 -7.515 3.297 0.022 0.02 1.057 8362.2 4.3024 14.520422 0.452619 14.685364 14.232745 "" "" 2248.40137 2464.46338 29293.95659 12.44 18250.0 20.814 16072.0 15.429 "" "" 0.002793631100542305 0.003052601 0.0039204736 0.0069730747 159.04572775939 -58.2419539949 2346.80127 -7.515000000000001 3.2970000000000006 0.14678178787231477 -0.07156698989868149 0.12211052 0.12011053 "" "" 1.8165172069423792 "" 0.22112270835636544 "" 0.9
