Clusters/NGC_3293/NGC_3293_stars_in_region.tsv
# %ECSV 1.0
# ---
# datatype:
# - name: RA_ICRS_1
#   unit: deg
#   datatype: float64
#   format: '{:15.11f}'
#   description: Right ascension (ICRS) at Ep=2016.0 (ra)
#   meta: !!omap
#   - {ucd: POS_EQ_RA_MAIN}
#   - {width: 15}
#   - {precision: '11'}
# - name: DE_ICRS_1
#   unit: deg
#   datatype: float64
#   format: '{:15.11f}'
#   description: Declination (ICRS) at Ep=2016.0 (dec)
#   meta: !!omap
#   - {ucd: POS_EQ_DEC_MAIN}
#   - {width: 15}
#   - {precision: '11'}
# - name: e_RA_ICRS
#   unit: mas
#   datatype: float64
#   format: '{:7.4f}'
#   description: Standard error of right ascension (ra_error)
#   meta: !!omap
#   - {ucd: ERROR}
#   - {width: 7}
#   - {precision: '4'}
# - name: e_DE_ICRS
#   unit: mas
#   datatype: float64
#   format: '{:7.4f}'
#   description: Standard error of declination (dec_error)
#   meta: !!omap
#   - {ucd: ERROR}
#   - {width: 7}
#   - {precision: '4'}
# - name: _r_1
#   unit: ''
#   datatype: float64
#   format: '{:7.4f}'
#   description: Distance from center (158.96631323000-58.22810434000)[ICRS], at Epoch=J2016.0
#   meta: !!omap
#   - {ucd: POS_ANG_DIST_GENERAL}
#   - {width: 7}
#   - {precision: '4'}
# - name: HIP
#   datatype: int32
#   description: '? HIP cross-id number, van Leeuwen, Cat. I/311 (hip_original_ext_source_id)'
#   meta: !!omap
#   - {ucd: ID_NUMBER}
#   - {width: 6}
#   - values: {'null': -2147483648}
# - name: TYC2
#   datatype: string
#   description: Tycho-2 cross-id name, Hog et al., Cat. I/259 (tyc2_original_ext_source_id)
#   meta: !!omap
#   - {ucd: ID_CROSSID}
#   - {_votable_string_dtype: char}
# - name: Source
#   datatype: int64
#   description: Source identifier, identical to the Gaia-EDR3 source_id (id)
#   meta: !!omap
#   - {ucd: ID_MAIN}
#   - {width: 19}
# - name: rgeo
#   unit: pc
#   datatype: float64
#   format: '{:15.8f}'
#   description: '? Median of the geometric distance posterior (r_med_geo)'
#   meta: !!omap
#   - {ucd: PHYS_DISTANCE_TRUE}
#   - {width: 15}
#   - {precision: '8'}
#   - values: {'null': .nan}
# - name: Plx
#   unit: mas
#   datatype: float64
#   format: '{:9.4f}'
#   description: '? Parallax (parallax)'
#   meta: !!omap
#   - {ucd: POS_PARLX_TRIG}
#   - {width: 9}
#   - {precision: '4'}
#   - values: {'null': .nan}
# - name: e_Plx
#   unit: mas
#   datatype: float32
#   format: '{:7.4f}'
#   description: '? Standard error of parallax (parallax_error)'
#   meta: !!omap
#   - {ucd: ERROR}
#   - {width: 7}
#   - {precision: '4'}
#   - values: {'null': .nan}
# - name: pmRA
#   unit: mas / yr
#   datatype: float64
#   format: '{:9.3f}'
#   description: '? Proper motion in right ascension direction, pmRA*cosDE (pmra)'
#   meta: !!omap
#   - {ucd: POS_EQ_PMRA}
#   - {width: 9}
#   - {precision: '3'}
#   - values: {'null': .nan}
# - name: pmDE
#   unit: mas / yr
#   datatype: float64
#   format: '{:9.3f}'
#   description: '? Proper motion in declination direction (pmdec)'
#   meta: !!omap
#   - {ucd: POS_EQ_PMDEC}
#   - {width: 9}
#   - {precision: '3'}
#   - values: {'null': .nan}
# - name: e_pmRA
#   unit: mas / yr
#   datatype: float32
#   format: '{:6.3f}'
#   description: '? Standard error of proper motion in right ascension direction (pmra_error)'
#   meta: !!omap
#   - {ucd: ERROR}
#   - {width: 6}
#   - {precision: '3'}
#   - values: {'null': .nan}
# - name: e_pmDE
[...]
#         value: !astropy.table.SerializedColumn {name: SkyCoord.dec}
#       distance: !astropy.table.SerializedColumn
#         __class__: astropy.coordinates.distances.Distance
#         unit: !astropy.units.Unit {unit: pc}
#         value: !astropy.table.SerializedColumn {name: SkyCoord.distance}
#       frame: icrs
#       obstime: !astropy.time.Time {format: jyear_str, in_subfmt: '*', jd1: 367701545.0, jd2: 0.0, out_subfmt: '*', precision: 3, scale: tt}
#       pm_dec: !astropy.table.SerializedColumn
#         __class__: astropy.units.quantity.Quantity
#         unit: !astropy.units.Unit {unit: mas / yr}
#         value: !astropy.table.SerializedColumn {name: SkyCoord.pm_dec}
#       pm_ra_cosdec: !astropy.table.SerializedColumn
#         __class__: astropy.units.quantity.Quantity
#         unit: !astropy.units.Unit {unit: mas / yr}
#         value: !astropy.table.SerializedColumn {name: SkyCoord.pm_ra_cosdec}
#       ra: !astropy.table.SerializedColumn
#         __class__: astropy.coordinates.angles.Longitude
#         unit: *id001
#         value: !astropy.table.SerializedColumn {name: SkyCoord.ra}
#         wrap_angle: !astropy.coordinates.Angle
#           unit: *id001
#           value: 360.0
#       representation_type: spherical
# schema: astropy-2.0
RA_ICRS_1 DE_ICRS_1 e_RA_ICRS e_DE_ICRS _r_1 HIP TYC2 Source rgeo Plx e_Plx pmRA pmDE e_pmRA e_pmDE RUWE Teff logg Gmag BP-RP BPmag RPmag RV e_RV b_rgeo B_rgeo FG e_FG FBP e_FBP FRP e_FRP RAVE5 RAVE6 e_Gmag e_BPmag e_RPmag e_BP-RP SkyCoord.ra SkyCoord.dec SkyCoord.distance SkyCoord.pm_ra_cosdec SkyCoord.pm_dec rmRA rmDE e_rmRA e_rmDE rRV e_rRV v_pec v_pec3d e_vpec e_vpec3d
[from data line 796]
158.76299263581 -58.15605929372 0.02 0.0178 7.7478 "" "" 5351451391656061568 2464.49316 0.3766 0.0224 -6.524 2.373 0.028 0.023 1.066 10810.5 4.1504 15.076545 0.930483 15.356358 14.425875 "" "" 2330.71362 2617.3291 17552.0889 5.3684 9837.3 122.16 13453.0 163.4 "" "" 0.0027752595085974415 0.013768395 0.013718224 0.027486619 158.76299263581 -58.15605929372 2464.49316 -6.524000000000002 2.3729999999999984 1.1377817878723144 -0.9955669898986814 0.12811053 0.123110525 "" "" 17.661015457650652 "" 2.224700526700866 ""
159.19028508574 -58.34677830061 0.0225 0.0221 10.03 "" "" 5350694897610154752 1929.38672 0.4858 0.0261 -7.785 2.828 0.028 0.026 1.326 5945.0 4.1142 15.077354 0.951846 15.410639 14.458793 "" "" 1835.85571 2028.52771 17539.00491 6.2959 9357.5 38.29 13051.0 67.876 "" "" 0.0027827483181981395 0.005246226 0.0067947954 0.012041021 159.19028508574 -58.34677830061 1929.38672 -7.785000000000008 2.828 -0.12321821212768569 -0.5405669898986818 0.12811053 0.12611052 "" "" 5.070447701315645 "" 0.6399414641218002 ""
159.11050520606 -58.46835268593 0.0175 0.0177 15.1129 "" "" 5350688163101392768 2199.89648 0.4216 0.0206 -9.514 1.074 0.023 0.023 0.936 6071.4 3.7662 15.081553 1.118903 15.555378 14.436475 "" "" 2116.26733 2297.63428 17471.3076 4.1226 8189.7 13.543 13322.0 10.543 "" "" 0.002767205290493864 0.0033179298 0.0038758272 0.007193757 159.11050520606 -58.46835268593 2199.89648 -9.513999999999998 1.0740000000000016 -1.852218212127685 -2.294566989898682 0.123110525 0.123110525 "" "" 30.74922034643315 "" 3.785552669723541 ""
159.02303721397 -58.14710008818 0.0276 0.0284 5.1808 "" "" 5351449231309430016 2061.82007 0.4502 0.0337 -7.576 3.667 0.035 0.034 1.565 12259.3 4.364 15.082556 0.72075 15.31589 14.59514 "" "" 1954.71008 2186.55957 17455.17953 8.944 10211.0 26.064 11511.0 44.026 "" "" 0.0028109235942232044 0.0039326367 0.005614966 0.009547602 159.02303721397 -58.14710008818 2061.82007 -7.576 3.667 0.08578178787231483 0.2984330101013182 0.13511053 0.13411053 "" "" 3.0346905837078926 "" 0.4072163432930739 ""
158.72174317063 -58.33090954757 0.0183 0.0179 9.878 "" "" 5351441225489770496 2503.30591 0.3652 0.0214 -7.108 3.843 0.024 0.022 1.078 9548.0 3.7763 15.082933 1.078634 15.524204 14.44557 "" "" 2386.16699 2643.89429 17449.10927 4.8049 8428.2 14.274 13211.0 14.798 "" "" 0.0027714934000907443 0.003341593 0.0039702365 0.0073118294 158.72174317063 -58.33090954757 2503.30591 -7.108000000000001 3.8430000000000017 0.5537817878723148 0.47443301010131833 0.12411052 0.12211052 "" "" 8.65267690051844 "" 1.0665974075044569 ""
158.51238185557 -58.42589028824 0.0282 0.0307 18.5833 "" "" 5351418582420751360 1981.04932 0.4774 0.0352 -6.364 2.286 0.035 0.034 1.579 6725.4 4.0661 15.083028 0.812751 15.390936 14.578185 "" "" 1858.34143 2150.44507 17447.6022 7.4469 9528.9 15.871 11692.0 10.036 "" "" 0.0027940180556168775 0.00332494 0.003892592 0.007217532 158.51238185557 -58.42589028824 1981.04932 -6.364 2.2859999999999983 1.2977817878723146 -1.0825669898986816 0.13511053 0.13411053 "" "" 15.869640538404104 "" 2.1376581104905306 ""
158.71725751891 -57.97151926266 0.0456 0.0498 17.3022 "" "" 5351548805821459712 2236.63306 0.4189 0.0324 -7.312 2.348 0.057 0.065 1.148 "" "" 15.086371 "" "" "" "" "" 2088.56812 2388.97852 17393.94615 19.418 "" "" "" "" "" "" 0.003010136743348445 "" "" "" 158.71725751891 -57.97151926266 2236.63306 -7.312 2.3480000000000016 0.3497817878723142 -1.0205669898986818 0.15711053 0.16511053 "" "" 11.437515990748096 "" 1.8790455737408753 ""
158.65937465282 -58.10911154588 0.0225 0.0201 12.0548 "" "" 5351452495484310400 2422.6189 0.378 0.0247 -6.647 3.862 0.029 0.025 1.182 7771.9 3.7902 15.087495 0.917909 15.451023 14.533114 "" "" 2285.09595 2554.59033 17375.95884 4.6575 9015.9 13.478 12187.0 10.584 "" "" 0.0027706468933230604 0.0032279165 0.0038952325 0.007123149 158.65937465282 -58.10911154588 2422.6189 -6.646999999999999 3.862 1.0147817878723142 0.49343301010131846 0.12911052 0.12511052 "" "" 12.957513969603188 "" 1.6631651316973874 ""
159.25738858294 -57.96033813611 0.0185 0.0189 18.5288 "" "" 5350801241002889088 2629.26123 0.3487 0.0231 -4.81 2.863 0.022 0.021 1.019 "" "" 15.090924 1.550863 15.799658 14.248795 -37.45 8.03 2502.12769 2816.94727 17321.16182 5.1859 6539.6 11.074 15836.0 14.877 "" "" 0.002774429176679192 0.003341459 0.0039146007 0.00725606 159.25738858294 -57.96033813611 2629.26123 -4.809999999999998 2.863 2.851781787872315 -0.5055669898986817 0.12211052 0.12111052 -16.2425 18.9875 36.09507530047775 39.58122366978008 4.406493047630603 8.766858370909794
159.21418449921 -58.32024820696 0.0182 0.018 9.5775 "" "" 5350696512517870592 2248.70776 0.4082 0.0216 -7.724 3.345 0.024 0.021 0.968 7992.4 4.1214 15.092036 0.652223 15.340197 14.687974 "" "" 2161.35425 2337.93481 17303.42623 5.5731 9984.8 11.738 10567.0 19.82 "" "" 0.0027774225061465325 0.0030682548 0.004293123 0.0073613776 159.21418449921 -58.32024820696 2248.70776 -7.724 3.3450000000000024 -0.062218212127685746 -0.023566989898681445 0.12411052 0.12111052 "" "" 0.7091564099599993 "" 0.08774966293017607 ""
159.39314999475 -58.2476154071 0.0185 0.0181 13.5318 "" "" 5350788184302461952 1966.76465 0.4768 0.0222 -4.506 2.505 0.025 0.023 0.971 6461.6 4.131 15.095426 0.886666 15.450481 14.563815 "" "" 1881.77429 2069.27661 17249.50402 4.8323 9020.4 10.499 11848.0 11.705 "" "" 0.002772057447803966 0.0030630056 0.003928647 0.006991653 159.39314999475 -58.2476154071 1966.76465 -4.506000000000003 2.505 3.1557817878723142 -0.8635669898986817 0.12511052 0.123110525 "" "" 30.50128389080049 "" 3.811813420656766 ""
158.81530310829 -58.21846944238 0.0221 0.021 4.8063 "" "" 5351448161835223936 2460.94946 0.3643 0.0256 -7.536 3.33 0.028 0.025 1.135 6568.5 3.8856 15.097536 0.877386 15.419025 14.541639 "" "" 2308.82812 2601.44751 17216.00458 5.4093 9285.5 27.042 12092.0 18.699 "" "" 0.002776358423406135 0.004217002 0.0041355398 0.008352542 158.81530310829 -58.21846944238 2460.94946 -7.5360000000000005 3.33 0.12578178787231487 -0.03856698989868157 0.12811053 0.12511052 "" "" 1.5346536873188688 "" 0.19621389237621847 ""
159.06835531607 -58.49302582904 0.0179 0.0183 16.2165 "" "" 5350687785144254976 1902.44958 0.4933 0.021 -4.365 1.301 0.022 0.023 1.007 6162.9 4.0617 15.103042 1.111382 15.575787 14.464404 "" "" 1831.52014 2001.01965 17128.92823 3.7851 8037.2 15.198 12984.0 18.686 "" "" 0.00276574625468596 0.0034641288 0.004089654 0.007553783 159.06835531607 -58.49302582904 1902.44958 -4.365 1.3009999999999993 3.2967817878723142 -2.0675669898986815 0.12211052 0.123110525 "" "" 35.09183762409307 "" 4.295017668115147 ""
159.2407717718 -58.35505075739 0.0185 0.018 11.5295 "" "" 5350693351421932672 1903.31104 0.4827 0.0214 -11.889 1.434 0.023 0.022 1.019 6534.6 4.0874 15.10688 0.972366 15.502675 14.530309 "" "" 1823.21277 1988.4458 17068.47906 4.0594 8597.0 17.707 12219.0 15.264 "" "" 0.0027673936143139287 0.0035757388 0.0040153814 0.00759112 159.2407717718 -58.35505075739 1903.31104 -11.888999999999992 1.433999999999998 -4.227218212127685 -1.9345669898986817 0.123110525 0.12211052 "" "" 41.94061714178089 "" 5.156092935854021 ""
159.17235328358 -58.30969742895 0.02 0.02 8.1388 "" "" 5350696478158129536 2136.35596 0.4323 0.0241 -7.131 3.189 0.027 0.024 1.063 "" "" 15.10721 1.379935 15.705704 14.325768 "" "" 2038.42908 2246.31616 17063.29075 6.576 7130.8 13.33 14752.0 16.546 "" "" 0.0027869110992930616 0.0034502803 0.00397073 0.00742101 159.17235328358 -58.30969742895 2136.35596 -7.130999999999998 3.189000000000002 0.5307817878723142 -0.17956698989868158 0.12711053 0.12411052 "" "" 5.674120200389091 "" 0.7195108014394876 ""
158.8042346936 -58.24004615853 0.0196 0.0182 5.1695 "" "" 5351447753840295808 2505.45776 0.3589 0.023 -4.65 2.576 0.025 0.023 0.979 7631.2 3.9964 15.108869 1.112751 15.57545 14.462699 "" "" 2374.0354 2672.19312 17037.24228 4.545 8039.6 14.483 13004.0 14.968 "" "" 0.002770501917081247 0.0034074367 0.0039806427 0.0073880795 158.8042346936 -58.24004615853 2505.45776 -4.65 2.5760000000000014 3.011781787872314 -0.7925669898986816 0.12511052 0.123110525 "" "" 36.985264326872056 "" 4.6224908238334885 ""
159.25825415384 -58.40613762371 0.0207 0.0197 14.0976 "" "" 5350691530355788160 2126.43628 0.4363 0.023 -5.189 4.568 0.024 0.025 1.045 "" "" 15.112659 0.787685 15.42098 14.633295 "" "" 2039.34985 2223.9541 16977.88098 6.352 9268.8 17.557 11113.0 13.781 "" "" 0.0027851026038698025 0.0034662192 0.0040120464 0.0074782656 159.25825415384 -58.40613762371 2126.43628 -5.189 4.568 2.4727817878723144 1.199433010101318 0.12411052 0.12511052 "" "" 27.70121225454322 "" 3.44330516580202 ""
159.06096721764 -58.22720749879 0.0193 0.0206 2.9909 "" "" 5350697921267005312 2426.39331 0.3742 0.0242 -7.067 3.116 0.025 0.024 1.037 9238.3 3.8509 15.113167 0.707563 15.381034 14.673471 "" "" 2294.81421 2579.03394 16969.93454 4.7875 9616.2 16.034 10710.0 14.153 "" "" 0.0027722935725578352 0.0033260211 0.0040425616 0.0073685828 159.06096721764 -58.22720749879 2426.39331 -7.067000000000001 3.1160000000000005 0.5947817878723143 -0.25256698989868154 0.12511052 0.12411052 "" "" 7.431844682514959 "" 0.928670448323663 ""
158.53177973363 -58.41167243089 0.0174 0.0188 17.5724 "" "" 5351418719859759744 2124.37109 0.4356 0.0218 -6.525 2.111 0.023 0.021 1.015 6470.1 3.7653 15.113223 0.885009 15.468334 14.583325 "" "" 2015.07971 2216.31055 16969.05457 4.3148 8873.3 12.262 11637.0 11.474 "" "" 0.002769116627172997 0.0031679932 0.003928073 0.007096066 158.53177973363 -58.41167243089 2124.37109 -6.525000000000003 2.1110000000000007 1.136781787872314 -1.2575669898986814 0.123110525 0.12111052 "" "" 17.069980798218122 "" 2.0827756769046695 ""
158.61954381295 -58.05598673696 0.0192 0.0181 15.0747 "" "" 5351454282190782720 2503.29932 0.3634 0.0214 -6.975 3.182 0.025 0.023 0.953 9121.1 4.1375 15.113544 0.748459 15.397672 14.649213 "" "" 2357.88501 2678.96948 16964.04892 5.1392 9470.0 13.738 10951.0 13.35 "" "" 0.002774883382612158 0.0032040398 0.004004448 0.007208488 158.61954381295 -58.05598673696 2503.29932 -6.974999999999994 3.181999999999997 0.6867817878723148 -0.1865669898986817 0.12511052 0.123110525 "" "" 8.4444381301927 "" 1.0553360365367384 ""
159.03425273958 -58.20864898136 0.0275 0.0281 2.4438 "" "" 5351448612817116800 2575.80615 0.3564 0.0318 -7.633 3.567 0.035 0.032 1.332 5932.1 4.1676 15.116867 0.685545 15.278744 14.593199 "" "" 2371.87427 2790.96484 16912.18913 10.175 10566.0 154.15 11531.0 118.79 "" "" 0.002831692888467321 0.016083935 0.011806297 0.027890231 159.03425273958 -58.20864898136 2575.80615 -7.633000000000001 3.567 0.028781787872314446 0.19843301010131853 0.13511053 0.13211052 "" "" 2.4480846120355415 "" 0.32357074227271604 ""
159.01347119382 -57.96079771483 0.0188 0.0187 16.108 "" "" 5351546533766644352 2481.74609 0.3633 0.0217 -7.385 3.175 0.023 0.023 1.071 "" "" 15.118691 0.681491 15.344727 14.663236 "" "" 2349.47827 2671.56299 16883.79626 5.3167 9943.2 42.469 10811.0 62.482 "" "" 0.002776451608667993 0.005412032 0.0073252497 0.012737282 159.01347119382 -57.96079771483 2481.74609 -7.385000000000001 3.1749999999999985 0.27678178787231467 -0.19356698989868182 0.123110525 0.123110525 "" "" 3.973136383054059 "" 0.4891349072462156 ""
158.80858977404 -58.14291609584 0.0205 0.0183 7.1424 "" "" 5351452873441515008 1890.50854 0.495 0.0223 -8.264 2.612 0.026 0.023 0.972 6798.5 4.3068 15.120436 0.733179 15.405625 14.672446 "" "" 1817.4292 1958.77734 16856.68884 5.6689 9400.8 14.923 10720.0 10.394 "" "" 0.0027794084533762334 0.003279567 0.0039232564 0.0072028236 158.80858977404 -58.14291609584 1890.50854 -8.264 2.612 -0.6022182121276849 -0.7565669898986815 0.12611052 0.123110525 "" "" 8.665164548829202 "" 1.0769299005072648 ""
158.50631534709 -58.11366613933 0.0191 0.0183 16.094 "" "" 5351464143435467904 2248.54565 0.4036 0.0226 -3.54 1.104 0.025 0.023 0.905 6621.1 4.1784 15.120681 0.761883 15.416743 14.65486 "" "" 2123.75635 2350.47339 16852.8955 4.7315 9305.1 14.209 10895.0 9.9055 "" "" 0.002772130381093171 0.0032455798 0.003906168 0.007151748 158.50631534709 -58.11366613933 2248.54565 -3.54 1.104 4.121781787872314 -2.2645669898986815 0.12511052 0.123110525 "" "" 50.12409954546133 "" 6.247951373558192 ""
158.64102762252 -57.99881213917 0.0185 0.0183 17.1918 "" "" 5351466617336987392 2110.77295 0.4376 0.0212 -5.995 2.278 0.024 0.023 0.932 6854.2 4.236 15.125305 0.703608 15.398382 14.694775 "" "" 2016.79553 2201.67407 16781.27095 4.5862 9463.8 11.642 10501.0 12.667 "" "" 0.00277125142377152 0.0030933733 0.003999876 0.007093249 158.64102762252 -57.99881213917 2110.77295 -5.995000000000002 2.2780000000000014 1.6667817878723143 -1.0905669898986816 0.12411052 0.123110525 "" "" 19.92866532122176 "" 2.4673999256942007 ""
158.83548398006 -58.10501402217 0.0201 0.0177 8.4668 "" "" 5351453388837692160 2399.6311 0.3773 0.0221 -7.669 3.32 0.026 0.023 0.973 9253.1 4.2097 15.126522 0.61455 15.357493 14.742944 "" "" 2298.61768 2528.39453 16762.47134 5.7247 9827.0 13.171 10046.0 10.819 "" "" 0.002780158551704778 0.0031468475 0.003956127 0.0071029747 158.83548398006 -58.10501402217 2399.6311 -7.669 3.32 -0.007218212127685142 -0.0485669898986818 0.12611052 0.123110525 "" "" 0.5584809675401791 "" 0.06879152579381258 ""
159.15673064819 -58.43856398933 0.0182 0.0185 13.9796 "" "" 5350691221118120192 2397.17627 0.383 0.0212 -7.615 3.363 0.023 0.022 1.044 9255.6 4.0217 15.129009 0.703678 15.400063 14.696384 "" "" 2279.83276 2501.64282 16724.10702 4.6441 9449.1 17.007 10486.0 14.18 "" "" 0.00277176655180667 0.0034064373 0.004054552 0.007460989 159.15673064819 -58.43856398933 2397.17627 -7.615 3.3630000000000004 0.04678178787231424 -0.005566989898681651 0.123110525 0.12211052 "" "" 0.5353139154736337 "" 0.06589533264434465 ""
158.7250256891 -58.15979905587 0.0218 0.0193 8.6612 "" "" 5351451499051858048 2356.11719 0.3894 0.0233 -7.279 2.412 0.028 0.024 0.987 7117.0 3.8748 15.13169 1.096536 15.570618 14.474082 "" "" 2228.05566 2501.04102 16682.86404 4.722 8075.5 20.968 12868.0 59.06 "" "" 0.0027724051189429695 0.003966412 0.0062542646 0.010220677 158.7250256891 -58.15979905587 2356.11719 -7.279000000000006 2.4120000000000017 0.38278178787231454 -0.9565669898986817 0.12811053 0.12411052 "" "" 11.50651697358425 "" 1.4345205244595378 ""
159.18586339051 -58.31132429363 0.0191 0.019 8.5398 "" "" 5350696478158130816 2232.42871 0.411 0.0235 -8.264 2.929 0.026 0.024 0.99 6915.9 3.8947 15.132283 1.078767 15.581786 14.503019 "" "" 2136.88867 2327.00342 16673.75638 4.0822 7992.9 11.197 12530.0 11.522 "" "" 0.0027681128699580102 0.0031777993 0.0039090295 0.007086829 159.18586339051 -58.31132429363 2232.42871 -8.263999999999998 2.929 -0.6022182121276849 -0.4395669898986818 0.12611052 0.12411052 "" "" 7.889487188321655 "" 0.989491304034119 ""
158.80977965139 -57.99373735673 0.018 0.0177 14.9117 "" "" 5351547878108564224 2076.22949 0.4449 0.021 -2.688 -1.285 0.024 0.022 1.054 5836.9 4.0366 15.134117 0.91151 15.501167 14.589657 "" "" 1998.96973 2147.61963 16645.62155 4.2295 8608.9 12.842 11569.0 9.2754 "" "" 0.0027690967381205018 0.0032261696 0.0038783336 0.007104503 158.80977965139 -57.99373735673 2076.22949 -2.6879999999999997 -1.2849999999999995 4.973781787872314 -4.653566989898682 0.12411052 0.12211052 "" "" 67.03251284042372 "" 8.257132705881977 ""
158.69288759358 -58.04206668415 0.0567 0.0651 14.1281 "" "" 5351454557068785792 2497.40479 0.3736 0.0571 -6.675 3.589 0.076 0.083 1.731 "" "" 15.135246 0.814606 14.839239 14.024633 "" "" 2212.87354 2952.60693 16628.30973 14.792 15839.0 50.202 19467.0 33.574 "" "" 0.0029196964430017653 0.0044302735 0.00421783 0.008648103 158.69288759358 -58.04206668415 2497.40479 -6.675 3.5890000000000004 0.9867817878723146 0.22043301010131833 0.17611052 0.18311052 "" "" 11.969131105712393 "" 2.1119473523949095 ""
