Clusters/NGC_3293/NGC_3293_stars_in_region.tsv
# %ECSV 1.0
# ---
# datatype:
# - name: RA_ICRS_1
#   unit: deg
#   datatype: float64
#   format: '{:15.11f}'
#   description: Right ascension (ICRS) at Ep=2016.0 (ra)
#   meta: !!omap
#   - {ucd: POS_EQ_RA_MAIN}
#   - {width: 15}
#   - {precision: '11'}
# - name: DE_ICRS_1
#   unit: deg
#   datatype: float64
#   format: '{:15.11f}'
#   description: Declination (ICRS) at Ep=2016.0 (dec)
#   meta: !!omap
#   - {ucd: POS_EQ_DEC_MAIN}
#   - {width: 15}
#   - {precision: '11'}
# - name: e_RA_ICRS
#   unit: mas
#   datatype: float64
#   format: '{:7.4f}'
#   description: Standard error of right ascension (ra_error)
#   meta: !!omap
#   - {ucd: ERROR}
#   - {width: 7}
#   - {precision: '4'}
# - name: e_DE_ICRS
#   unit: mas
#   datatype: float64
#   format: '{:7.4f}'
#   description: Standard error of declination (dec_error)
#   meta: !!omap
#   - {ucd: ERROR}
#   - {width: 7}
#   - {precision: '4'}
# - name: _r_1
#   unit: ''
#   datatype: float64
#   format: '{:7.4f}'
#   description: Distance from center (158.96631323000-58.22810434000)[ICRS], at Epoch=J2016.0
#   meta: !!omap
#   - {ucd: POS_ANG_DIST_GENERAL}
#   - {width: 7}
#   - {precision: '4'}
# - name: HIP
#   datatype: int32
#   description: '? HIP cross-id number, van Leeuwen, Cat. I/311 (hip_original_ext_source_id)'
#   meta: !!omap
#   - {ucd: ID_NUMBER}
#   - {width: 6}
#   - values: {'null': -2147483648}
# - name: TYC2
#   datatype: string
#   description: Tycho-2 cross-id name, Hog et al., Cat. I/259 (tyc2_original_ext_source_id)
#   meta: !!omap
#   - {ucd: ID_CROSSID}
#   - {_votable_string_dtype: char}
# - name: Source
#   datatype: int64
#   description: Source identifier, identical to the Gaia-EDR3 source_id (id)
#   meta: !!omap
#   - {ucd: ID_MAIN}
#   - {width: 19}
# - name: rgeo
#   unit: pc
#   datatype: float64
#   format: '{:15.8f}'
#   description: '? Median of the geometric distance posterior (r_med_geo)'
#   meta: !!omap
#   - {ucd: PHYS_DISTANCE_TRUE}
#   - {width: 15}
#   - {precision: '8'}
#   - values: {'null': .nan}
# - name: Plx
#   unit: mas
#   datatype: float64
#   format: '{:9.4f}'
#   description: '? Parallax (parallax)'
#   meta: !!omap
#   - {ucd: POS_PARLX_TRIG}
#   - {width: 9}
#   - {precision: '4'}
#   - values: {'null': .nan}
# - name: e_Plx
#   unit: mas
#   datatype: float32
#   format: '{:7.4f}'
#   description: '? Standard error of parallax (parallax_error)'
#   meta: !!omap
#   - {ucd: ERROR}
#   - {width: 7}
#   - {precision: '4'}
#   - values: {'null': .nan}
# - name: pmRA
#   unit: mas / yr
#   datatype: float64
#   format: '{:9.3f}'
#   description: '? Proper motion in right ascension direction, pmRA*cosDE (pmra)'
#   meta: !!omap
#   - {ucd: POS_EQ_PMRA}
#   - {width: 9}
#   - {precision: '3'}
#   - values: {'null': .nan}
# - name: pmDE
#   unit: mas / yr
#   datatype: float64
#   format: '{:9.3f}'
#   description: '? Proper motion in declination direction (pmdec)'
#   meta: !!omap
#   - {ucd: POS_EQ_PMDEC}
#   - {width: 9}
#   - {precision: '3'}
#   - values: {'null': .nan}
# - name: e_pmRA
#   unit: mas / yr
#   datatype: float32
#   format: '{:6.3f}'
#   description: '? Standard error of proper motion in right ascension direction (pmra_error)'
#   meta: !!omap
#   - {ucd: ERROR}
#   - {width: 6}
#   - {precision: '3'}
#   - values: {'null': .nan}
# - name: e_pmDE
[...]
#         value: !astropy.table.SerializedColumn {name: SkyCoord.dec}
#       distance: !astropy.table.SerializedColumn
#         __class__: astropy.coordinates.distances.Distance
#         unit: !astropy.units.Unit {unit: pc}
#         value: !astropy.table.SerializedColumn {name: SkyCoord.distance}
#       frame: icrs
#       obstime: !astropy.time.Time {format: jyear_str, in_subfmt: '*', jd1: 367701545.0, jd2: 0.0, out_subfmt: '*', precision: 3, scale: tt}
#       pm_dec: !astropy.table.SerializedColumn
#         __class__: astropy.units.quantity.Quantity
#         unit: !astropy.units.Unit {unit: mas / yr}
#         value: !astropy.table.SerializedColumn {name: SkyCoord.pm_dec}
#       pm_ra_cosdec: !astropy.table.SerializedColumn
#         __class__: astropy.units.quantity.Quantity
#         unit: !astropy.units.Unit {unit: mas / yr}
#         value: !astropy.table.SerializedColumn {name: SkyCoord.pm_ra_cosdec}
#       ra: !astropy.table.SerializedColumn
#         __class__: astropy.coordinates.angles.Longitude
#         unit: *id001
#         value: !astropy.table.SerializedColumn {name: SkyCoord.ra}
#         wrap_angle: !astropy.coordinates.Angle
#           unit: *id001
#           value: 360.0
#       representation_type: spherical
# schema: astropy-2.0
RA_ICRS_1 DE_ICRS_1 e_RA_ICRS e_DE_ICRS _r_1 HIP TYC2 Source rgeo Plx e_Plx pmRA pmDE e_pmRA e_pmDE RUWE Teff logg Gmag BP-RP BPmag RPmag RV e_RV b_rgeo B_rgeo FG e_FG FBP e_FBP FRP e_FRP RAVE5 RAVE6 e_Gmag e_BPmag e_RPmag e_BP-RP SkyCoord.ra SkyCoord.dec SkyCoord.distance SkyCoord.pm_ra_cosdec SkyCoord.pm_dec rmRA rmDE e_rmRA e_rmDE rRV e_rRV v_pec v_pec3d e_vpec e_vpec3d
[from data line 1871]
158.83853438249 -58.23477585832 0.0355 0.0351 4.0563 "" "" 5351447959998767360 2367.94727 0.3997 0.0418 -9.259 2.92 0.047 0.041 0.972 5534.6 4.6035 16.52095 1.026534 16.942373 15.915839 "" "" 2149.1748 2631.57788 4640.51683 2.3675 2282.8 15.034 3410.5 14.917 "" "" 0.002810448011912679 0.007675508 0.0060692034 0.013744712 158.83853438249 -58.23477585832 2367.94727 -9.259 2.92 -1.5972182121276859 -0.4485669898986817 0.14711052 0.14111052 "" "" 18.620858614849706 "" 2.731311242168829 ""
158.8977527572 -58.34152927798 0.0371 0.0376 7.1408 "" "" 5351440435215913600 2330.11304 0.4076 0.0434 -6.587 2.933 0.046 0.045 1.055 9250.4 3.7082 16.521317 1.294111 17.074566 15.780455 "" "" 2114.63843 2613.36768 4638.95287 2.4325 2021.1 10.525 3863.5 11.989 "" "" 0.00281352372047253 0.006305012 0.005063123 0.011368135 158.8977527572 -58.34152927798 2330.11304 -6.586999999999998 2.933 1.0747817878723147 -0.4355669898986818 0.14611052 0.14511052 "" "" 12.808439185719363 "" 1.8696461598089817 ""
159.40932206956 -58.33031712858 0.0364 0.0364 15.2619 "" "" 5350692973466077312 2287.17676 0.4272 0.0441 -9.906 3.455 0.051 0.045 0.962 5029.6 4.4135 16.526094 1.15496 17.021126 15.866166 "" "" 2086.52808 2566.38208 4618.58598 2.3156 2123.1 7.9466 3570.2 12.073 "" "" 0.0028085774171706557 0.004929476 0.0052691414 0.010198617 159.40932206956 -58.33031712858 2287.17676 -9.906000000000002 3.455000000000001 -2.244218212127686 0.08643301010131843 0.15111053 0.14511052 "" "" 24.348096229856136 "" 3.6790416401505963 ""
158.46073577876 -58.30406721289 0.0348 0.0365 16.5934 "" "" 5351443836829696768 2709.98755 0.3387 0.0414 -6.592 2.887 0.047 0.048 0.961 5780.1 4.5191 16.526346 1.113857 16.975615 15.861757 "" "" 2453.78809 3019.63013 4617.512 5.8922 2214.0 16.634 3584.7 20.24 "" "" 0.0030840374006299407 0.0086212335 0.0072016907 0.015822925 158.46073577876 -58.30406721289 2709.98755 -6.592000000000004 2.887 1.0697817878723148 -0.48156698989868163 0.14711052 0.14811052 "" "" 15.06983432924264 "" 2.219477560492249 ""
159.01923352648 -58.07337405244 0.0357 0.036 9.4338 "" "" 5351543888066712192 1969.09302 0.5098 0.0432 -8.354 3.032 0.045 0.042 0.951 5187.9 4.4882 16.527521 1.09509 16.998795 15.903705 "" "" 1800.98926 2141.68604 4612.52106 2.2495 2167.2 9.2888 3448.9 9.293 "" "" 0.002805738292986783 0.005425922 0.0047793575 0.01020528 159.01923352648 -58.07337405244 1969.09302 -8.354 3.032 -0.6922182121276848 -0.3365669898986816 0.14511052 0.14211053 "" "" 7.18402779982187 "" 1.0383917567578123 ""
158.70505793465 -58.20115344413 0.0377 0.0363 8.4136 "" "" 5351451048053260928 2394.24561 0.3932 0.0436 -6.584 2.249 0.051 0.045 1.054 "" "" 16.52916 1.240759 17.0645 15.823742 "" "" 2189.8877 2662.2915 4605.56869 2.2351 2039.9 9.3499 3712.5 12.402 "" "" 0.002805249642773615 0.005705297 0.005238223 0.01094352 158.70505793465 -58.20115344413 2394.24561 -6.584 2.2489999999999983 1.0777817878723148 -1.1195669898986815 0.15111053 0.14511052 "" "" 17.63638414239315 "" 2.6106579822965776 ""
158.88713645463 -58.00796670968 0.0336 0.0355 13.4445 "" "" 5351547946828078080 2310.84009 0.4111 0.0414 -2.664 3.581 0.043 0.043 0.971 5974.3 4.5296 16.529293 1.233899 17.044458 15.810559 "" "" 2081.34497 2520.00415 4605.00251 2.3477 2077.9 8.6353 3757.8 13.547 "" "" 0.0028103699137877547 0.0053050863 0.005440959 0.010746045 158.88713645463 -58.00796670968 2310.84009 -2.6640000000000006 3.581000000000001 4.997781787872315 0.21243301010131832 0.14311053 0.14311053 "" "" 54.79204301647909 "" 7.841318238520921 ""
159.1571435605 -58.08602316962 0.0385 0.0412 10.4482 "" "" 5350793024702585216 2735.90454 0.3433 0.0487 -6.648 3.54 0.049 0.049 1.054 "" "" 16.52939 1.159162 17.017658 15.858497 "" "" 2450.81299 3120.80029 4604.58386 2.4824 2129.9 11.317 3595.5 10.242 "" "" 0.0028168081819485965 0.006408259 0.0048835487 0.0112918075 159.1571435605 -58.08602316962 2735.90454 -6.648 3.54 1.0137817878723148 0.1714330101013184 0.14911053 0.14911053 "" "" 13.333559642713052 "" 1.9881740897303648 ""
159.10502672013 -58.00620698061 0.0349 0.0384 14.0208 "" "" 5351545434256667392 2494.16504 0.3906 0.044 -5.89 2.016 0.044 0.045 1.035 5444.0 4.6159 16.53274 0.95861 16.910906 15.952296 "" "" 2199.59009 2917.90942 4590.40485 3.2364 2349.9 14.034 3297.9 13.089 "" "" 0.002859677163921467 0.00705903 0.005731723 0.012790753 159.10502672013 -58.00620698061 2494.16504 -5.89 2.0159999999999982 1.7717817878723148 -1.3525669898986816 0.14411053 0.14511052 "" "" 26.352550349303048 "" 3.807404013088748 ""
158.5098260455 -58.26109025347 0.0404 0.0423 14.55 "" "" 5351445486097269888 2566.55078 0.3605 0.048 -6.629 3.116 0.053 0.05 1.177 5807.1 4.5056 16.533089 1.265956 17.065672 15.799716 "" "" 2309.65381 3006.47827 4588.92598 2.8714 2037.7 7.4979 3795.5 12.934 "" "" 0.0028378397245567865 0.0048729437 0.005288939 0.010161882 158.5098260455 -58.26109025347 2566.55078 -6.629 3.116 1.032781787872315 -0.25256698989868154 0.15311052 0.15011053 "" "" 12.934502075001738 "" 1.9782389140664824 ""
159.18097898669 -58.1084208192 0.0369 0.0386 9.8851 "" "" 5350792788507417088 2558.7207 0.375 0.0466 -8.011 1.085 0.048 0.046 0.998 5443.2 4.391 16.533157 0.916106 16.903381 15.987275 "" "" 2302.38794 2876.50146 4588.64107 2.4757 2366.3 10.191 3193.4 9.0146 "" "" 0.002816901381724849 0.0054451535 0.0048659416 0.010311095 159.18097898669 -58.1084208192 2558.7207 -8.011 1.0850000000000002 -0.3492182121276848 -2.2835669898986817 0.14811052 0.14611052 "" "" 28.017851831251228 "" 4.094991992410018 ""
158.68023479218 -57.97910936126 0.0352 0.0363 17.4771 "" "" 5351455003745482624 2077.25293 0.4613 0.042 -5.687 2.344 0.045 0.045 1.05 5512.3 4.6013 16.537855 0.9114 16.913824 16.002424 "" "" 1905.77405 2253.46216 4568.82874 3.3585 2343.6 12.114 3149.1 8.5687 "" "" 0.002868584124297667 0.006267467 0.004797035 0.0110645015 158.68023479218 -57.97910936126 2077.25293 -5.687000000000004 2.3440000000000003 1.9747817878723142 -1.0245669898986818 0.14511052 0.14511052 "" "" 21.90526006865854 "" 3.178683629797856 ""
158.9478105094 -58.30953797178 0.0368 0.0364 4.9208 "" "" 5351446379450757376 1976.33374 0.4916 0.0431 -6.018 1.75 0.048 0.043 1.024 5540.6 4.5028 16.53819 1.261773 17.090221 15.828448 "" "" 1821.14661 2154.52783 4567.41408 2.2813 1992.2 8.2765 3696.4 9.3481 "" "" 0.0028081798782440028 0.0053038583 0.004671524 0.009975382 158.9478105094 -58.30953797178 1976.33374 -6.017999999999996 1.749999999999999 1.6437817878723147 -1.6185669898986816 0.14811052 0.14311053 "" "" 21.610608216443474 "" 3.148030652919285 ""
159.43344045068 -58.16012394376 0.0631 0.0637 15.3245 "" "" 5350790001045566336 2340.0625 0.4202 0.077 -10.004 0.542 0.083 0.075 1.779 4855.1 4.1786 16.538914 1.978111 17.51764 15.539528 "" "" 1998.08105 2843.19165 4564.37426 26.742 1343.9 31.061 4823.3 77.218 "" "" 0.006932262604581564 0.025248809 0.017788088 0.043036897 159.43344045068 -58.16012394376 2340.0625 -10.004 0.5420000000000011 -2.342218212127685 -2.826566989898682 0.18311052 0.17511052 "" "" 40.717181953156256 "" 7.264380557869326 ""
158.53294863698 -58.27534034389 0.0362 0.0355 13.9723 "" "" 5351445413056055040 2170.72095 0.4407 0.0418 -6.946 3.143 0.047 0.042 0.986 5848.6 4.3395 16.539759 1.462475 17.21525 15.752775 "" "" 2011.82751 2409.55762 4560.82132 10.645 1775.5 16.626 3963.2 25.28 "" "" 0.003743467155064538 0.010542877 0.007889691 0.018432569 158.53294863698 -58.27534034389 2170.72095 -6.945999999999998 3.1429999999999976 0.7157817878723147 -0.22556698989868185 0.14711052 0.14211053 "" "" 7.721877880893523 "" 1.1325356804522668 ""
159.34491522022 -58.05605012361 0.0358 0.0357 15.8217 "" "" 5350793922378590592 2251.73315 0.4097 0.0459 -6.337 1.749 0.046 0.042 1.007 5419.3 4.594 16.540615 1.021492 16.965427 15.943935 "" "" 2021.56067 2466.25781 4557.22918 2.2645 2234.8 8.437 3323.4 10.129 "" "" 0.002807642320019254 0.00495848 0.0050233244 0.0099818045 159.34491522022 -58.05605012361 2251.73315 -6.3370000000000015 1.7490000000000019 1.3247817878723147 -1.6195669898986815 0.14611052 0.14211053 "" "" 22.3323962582131 "" 3.2097770547527755 ""
159.03143843869 -58.35406816703 0.0368 0.04 7.8319 "" "" 5350695481725686272 2067.66504 0.4531 0.0449 -7.354 2.065 0.048 0.05 0.987 5766.2 4.5304 16.541191 1.136065 17.025393 15.889327 "" "" 1878.47937 2343.1709 4554.8081 2.2915 2114.8 9.1467 3494.8 7.8424 "" "" 0.0028089418993449715 0.0054622875 0.004496647 0.009958934 159.03143843869 -58.35406816703 2067.66504 -7.354 2.064999999999998 0.30778178787231436 -1.3035669898986817 0.14811052 0.15011053 "" "" 13.127189243156787 "" 1.969151745273358 ""
159.38377728319 -58.41669851007 0.0375 0.0391 17.3511 "" "" 5350692045752476928 2083.6377 0.4434 0.046 -8.107 3.532 0.05 0.052 1.031 5347.9 4.568 16.542334 1.042719 16.979647 15.936928 "" "" 1934.91394 2289.15747 4550.02315 2.4445 2205.8 11.545 3344.9 12.991 "" "" 0.002816388117117205 0.0063306983 0.0056626135 0.011993311 159.38377728319 -58.41669851007 2083.6377 -8.107 3.532 -0.44521821212768486 0.1634330101013184 0.15011053 0.15211052 "" "" 4.68407520048469 "" 0.70424798153573 ""
158.90359225755 -58.2289370175 0.0523 0.053 1.9821 "" "" 5351447272804071552 2675.94067 0.3586 0.0631 -8.324 2.805 0.072 0.06 1.339 6499.9 4.2894 16.542448 1.483484 17.199234 15.71575 "" "" 2341.8999 3204.32812 4549.54094 3.7516 1801.9 28.767 4100.7 30.506 "" "" 0.0028971311283837536 0.017556706 0.008917516 0.026474223 158.90359225755 -58.2289370175 2675.94067 -8.324000000000003 2.805 -0.6622182121276854 -0.5635669898986815 0.17211053 0.16011052 "" "" 11.029507820652393 "" 1.8438581904087252 ""
158.96855370342 -58.22864172371 0.0447 0.045 0.0778 "" "" 5351448509754722176 2249.60132 0.4293 0.0502 -4.62 0.857 0.065 0.049 1.018 5159.6 4.3677 16.543516 1.396874 17.203293 15.806419 "" "" 2039.16199 2442.5957 4545.067 2.6198 1795.1 58.01 3772.2 38.059 "" "" 0.002825499066310433 0.035197143 0.011587997 0.04678514 158.96855370342 -58.22864172371 2249.60132 -4.62 0.8569999999999991 3.0417817878723143 -2.5115669898986814 0.16511053 0.14911053 "" "" 42.062429215173694 "" 6.680302218732511 ""
158.79329792509 -58.11024008087 0.0381 0.0366 8.9435 "" "" 5351453045223274368 1876.47485 0.5159 0.0439 -12.898 3.281 0.051 0.046 1.064 5264.3 4.5873 16.544159 1.180111 16.978657 15.798546 "" "" 1738.82727 2045.35095 4542.37344 2.425 2207.8 21.004 3799.6 56.114 "" "" 0.0028156285157890327 0.010699409 0.016473964 0.027173374 158.79329792509 -58.11024008087 1876.47485 -12.897999999999996 3.281000000000003 -5.236218212127685 -0.0875669898986815 0.15111053 0.14611052 "" "" 46.58000679860332 "" 7.03866547008584 ""
159.36981447583 -58.36353262034 0.0356 0.0357 15.0966 "" "" 5350692419389547008 2428.82227 0.3909 0.0427 -3.767 4.331 0.05 0.047 0.925 5579.9 4.5639 16.545887 1.068689 16.994078 15.925388 "" "" 2198.01123 2715.35034 4535.15218 2.3729 2176.6 8.6918 3380.7 7.6328 "" "" 0.00281327350433098 0.005155871 0.0045047463 0.009660617 159.36981447583 -58.36353262034 2428.82227 -3.767000000000001 4.331000000000003 3.8947817878723145 0.9624330101013188 0.15011053 0.14711052 "" "" 46.187844676672896 "" 6.925382793409609 ""
159.50073760608 -58.30023466879 0.0351 0.0331 17.4129 "" "" 5350787080469436288 2087.39404 0.46 0.0407 -12.08 5.553 0.048 0.041 0.968 5661.4 4.6638 16.547188 0.990101 16.948479 15.958378 "" "" 1936.72656 2228.63184 4529.71995 2.1653 2270.0 7.9638 3279.5 11.464 "" "" 0.0028037751161674703 0.004721658 0.0053561623 0.01007782 159.50073760608 -58.30023466879 2087.39404 -12.08 5.553 -4.418218212127686 2.1844330101013183 0.14811052 0.14111052 "" "" 48.76609611945984 "" 7.157003408615251 ""
159.23721750908 -58.16297745088 0.0385 0.0384 9.4155 "" "" 5350791757715256704 2055.61792 0.4541 0.0476 -4.776 4.172 0.052 0.047 0.983 5325.7 4.6089 16.54845 1.020264 16.972332 15.952068 "" "" 1903.83069 2236.83936 4524.45824 2.1988 2220.7 10.129 3298.6 10.62 "" "" 0.002805387804696924 0.005684158 0.005148087 0.0108322445 159.23721750908 -58.16297745088 2055.61792 -4.776000000000004 4.171999999999999 2.8857817878723147 0.8034330101013181 0.15211052 0.14711052 "" "" 29.187399722536792 "" 4.429372765327994 ""
159.19456235124 -57.94684718061 0.0394 0.0384 18.3627 "" "" 5351551829478838272 2576.22363 0.3465 0.0481 -5.824 2.992 0.048 0.041 1.0 "" "" 16.54851 2.825458 18.155912 15.330455 "" "" 2312.97656 2944.69263 4524.21173 3.0581 746.54 8.5969 5847.6 16.51 "" "" 0.002851383713880016 0.012810512 0.0048662806 0.017676793 159.19456235124 -57.94684718061 2576.22363 -5.824000000000003 2.9920000000000027 1.8377817878723146 -0.37656698989868165 0.14811052 0.14111052 "" "" 22.90797114433829 "" 3.3865971204406646 ""
158.68859075033 -58.01943552432 0.0355 0.0364 15.3032 "" "" 5351454797586993152 2557.39624 0.3589 0.0427 -6.47 0.199 0.045 0.045 1.066 5772.8 4.6145 16.54872 0.910557 16.922022 16.011465 "" "" 2298.61133 2823.92163 4523.33982 2.2134 2326.0 7.7062 3123.0 8.1545 "" "" 0.0028060737293058033 0.004552397 0.0047244923 0.009276889 158.68859075033 -58.01943552432 2557.39624 -6.469999999999998 0.19900000000000176 1.1917817878723147 -3.169566989898682 0.14511052 0.14511052 "" "" 41.04797883346791 "" 5.956493460715337 ""
159.15589167009 -58.02735447896 0.0374 0.0391 13.4594 "" "" 5350794747012280576 2122.72656 0.4477 0.0472 -3.055 -0.109 0.046 0.046 1.064 5326.1 4.6391 16.548887 1.098068 17.013329 15.91526 "" "" 1946.56091 2326.75903 4522.63767 2.5211 2138.4 11.28 3412.4 10.978 "" "" 0.002821009808175159 0.006370729 0.005146276 0.011517005 159.15589167009 -58.02735447896 2122.72656 -3.0549999999999984 -0.10900000000000026 4.606781787872315 -3.4775669898986816 0.14611052 0.14611052 "" "" 58.07620635215193 "" 8.48554469619729 ""
158.60312645337 -58.14797841533 0.0387 0.0355 12.4523 "" "" 5351452151886798592 2363.19873 0.4125 0.043 -5.819 2.821 0.049 0.045 0.947 5367.4 4.6024 16.54919 1.016998 16.952044 15.935045 "" "" 2135.06226 2617.06592 4521.37158 2.3568 2262.6 18.24 3350.7 13.714 "" "" 0.0028128432295303346 0.009186652 0.0058336044 0.015020256 158.60312645337 -58.14797841533 2363.19873 -5.818999999999997 2.8210000000000015 1.8427817878723145 -0.5475669898986815 0.14911053 0.14511052 "" "" 21.53403589804922 "" 3.20404950193128 ""
159.00501443443 -58.50536085594 0.0354 0.0351 16.6799 "" "" 5350686445114445056 1870.98157 0.5138 0.0416 4.83 2.694 0.045 0.044 1.002 5416.0 4.6185 16.55184 1.165091 17.045467 15.880377 "" "" 1731.38867 2011.68079 4510.35584 2.0406 2076.0 9.2265 3523.8 9.6958 "" "" 0.002798764250170167 0.005574011 0.004817512 0.010391522 159.00501443443 -58.50536085594 1870.98157 4.83 2.694000000000004 12.491781787872315 -0.6745669898986817 0.14511052 0.14411053 "" "" 110.94418405788726 "" 16.0988465184394 ""
158.75400608836 -58.33498106072 0.0371 0.0364 9.2722 "" "" 5351441186808161920 2067.12842 0.4561 0.0439 -5.56 2.283 0.048 0.044 1.066 6028.8 4.4715 16.552565 1.127011 17.033632 15.906621 "" "" 1942.25684 2262.30688 4507.34804 2.33 2098.8 8.6586 3439.6 10.355 "" "" 0.0028119023741970733 0.0052771512 0.004996769 0.01027392 158.75400608836 -58.33498106072 2067.12842 -5.56 2.283 2.101781787872315 -1.0855669898986817 0.14811052 0.14411053 "" "" 23.178344652878295 "" 3.413641498497581 ""
159.09048551532 -58.12859749248 0.0368 0.0369 7.1469 "" "" 5350792513629221632 2058.72632 0.4672 0.0449 -6.364 1.651 0.049 0.044 1.043 5032.5 4.4342 16.552937 1.28182 17.108465 15.826645 "" "" 1879.49414 2284.88379 4505.80358 2.5001 1959.0 7.5923 3702.5 11.451 "" "" 0.0028204106148942616 0.00504889 0.0050556376 0.010104528 159.09048551532 -58.12859749248 2058.72632 -6.364 1.651 1.2977817878723146 -1.7175669898986816 0.14911053 0.14411053 "" "" 21.00718254287875 "" 3.065945737179812 ""
