Clusters/NGC_3293/NGC_3293_stars_in_region.tsv
# %ECSV 1.0
# ---
# datatype:
# - name: RA_ICRS_1
#   unit: deg
#   datatype: float64
#   format: '{:15.11f}'
#   description: Right ascension (ICRS) at Ep=2016.0 (ra)
#   meta: !!omap
#   - {ucd: POS_EQ_RA_MAIN}
#   - {width: 15}
#   - {precision: '11'}
# - name: DE_ICRS_1
#   unit: deg
#   datatype: float64
#   format: '{:15.11f}'
#   description: Declination (ICRS) at Ep=2016.0 (dec)
#   meta: !!omap
#   - {ucd: POS_EQ_DEC_MAIN}
#   - {width: 15}
#   - {precision: '11'}
# - name: e_RA_ICRS
#   unit: mas
#   datatype: float64
#   format: '{:7.4f}'
#   description: Standard error of right ascension (ra_error)
#   meta: !!omap
#   - {ucd: ERROR}
#   - {width: 7}
#   - {precision: '4'}
# - name: e_DE_ICRS
#   unit: mas
#   datatype: float64
#   format: '{:7.4f}'
#   description: Standard error of declination (dec_error)
#   meta: !!omap
#   - {ucd: ERROR}
#   - {width: 7}
#   - {precision: '4'}
# - name: _r_1
#   unit: ''
#   datatype: float64
#   format: '{:7.4f}'
#   description: Distance from center (158.96631323000-58.22810434000)[ICRS], at Epoch=J2016.0
#   meta: !!omap
#   - {ucd: POS_ANG_DIST_GENERAL}
#   - {width: 7}
#   - {precision: '4'}
# - name: HIP
#   datatype: int32
#   description: '? HIP cross-id number, van Leeuwen, Cat. I/311 (hip_original_ext_source_id)'
#   meta: !!omap
#   - {ucd: ID_NUMBER}
#   - {width: 6}
#   - values: {'null': -2147483648}
# - name: TYC2
#   datatype: string
#   description: Tycho-2 cross-id name, Hog et al., Cat. I/259 (tyc2_original_ext_source_id)
#   meta: !!omap
#   - {ucd: ID_CROSSID}
#   - {_votable_string_dtype: char}
# - name: Source
#   datatype: int64
#   description: Source identifier, identical to the Gaia-EDR3 source_id (id)
#   meta: !!omap
#   - {ucd: ID_MAIN}
#   - {width: 19}
# - name: rgeo
#   unit: pc
#   datatype: float64
#   format: '{:15.8f}'
#   description: '? Median of the geometric distance posterior (r_med_geo)'
#   meta: !!omap
#   - {ucd: PHYS_DISTANCE_TRUE}
#   - {width: 15}
#   - {precision: '8'}
#   - values: {'null': .nan}
# - name: Plx
#   unit: mas
#   datatype: float64
#   format: '{:9.4f}'
#   description: '? Parallax (parallax)'
#   meta: !!omap
#   - {ucd: POS_PARLX_TRIG}
#   - {width: 9}
#   - {precision: '4'}
#   - values: {'null': .nan}
# - name: e_Plx
#   unit: mas
#   datatype: float32
#   format: '{:7.4f}'
#   description: '? Standard error of parallax (parallax_error)'
#   meta: !!omap
#   - {ucd: ERROR}
#   - {width: 7}
#   - {precision: '4'}
#   - values: {'null': .nan}
# - name: pmRA
#   unit: mas / yr
#   datatype: float64
#   format: '{:9.3f}'
#   description: '? Proper motion in right ascension direction, pmRA*cosDE (pmra)'
#   meta: !!omap
#   - {ucd: POS_EQ_PMRA}
#   - {width: 9}
#   - {precision: '3'}
#   - values: {'null': .nan}
# - name: pmDE
#   unit: mas / yr
#   datatype: float64
#   format: '{:9.3f}'
#   description: '? Proper motion in declination direction (pmdec)'
#   meta: !!omap
#   - {ucd: POS_EQ_PMDEC}
#   - {width: 9}
#   - {precision: '3'}
#   - values: {'null': .nan}
# - name: e_pmRA
#   unit: mas / yr
#   datatype: float32
#   format: '{:6.3f}'
#   description: '? Standard error of proper motion in right ascension direction (pmra_error)'
#   meta: !!omap
#   - {ucd: ERROR}
#   - {width: 6}
#   - {precision: '3'}
#   - values: {'null': .nan}
# - name: e_pmDE
[...]
#         value: !astropy.table.SerializedColumn {name: SkyCoord.dec}
#       distance: !astropy.table.SerializedColumn
#         __class__: astropy.coordinates.distances.Distance
#         unit: !astropy.units.Unit {unit: pc}
#         value: !astropy.table.SerializedColumn {name: SkyCoord.distance}
#       frame: icrs
#       obstime: !astropy.time.Time {format: jyear_str, in_subfmt: '*', jd1: 367701545.0, jd2: 0.0, out_subfmt: '*', precision: 3, scale: tt}
#       pm_dec: !astropy.table.SerializedColumn
#         __class__: astropy.units.quantity.Quantity
#         unit: !astropy.units.Unit {unit: mas / yr}
#         value: !astropy.table.SerializedColumn {name: SkyCoord.pm_dec}
#       pm_ra_cosdec: !astropy.table.SerializedColumn
#         __class__: astropy.units.quantity.Quantity
#         unit: !astropy.units.Unit {unit: mas / yr}
#         value: !astropy.table.SerializedColumn {name: SkyCoord.pm_ra_cosdec}
#       ra: !astropy.table.SerializedColumn
#         __class__: astropy.coordinates.angles.Longitude
#         unit: *id001
#         value: !astropy.table.SerializedColumn {name: SkyCoord.ra}
#         wrap_angle: !astropy.coordinates.Angle
#           unit: *id001
#           value: 360.0
#       representation_type: spherical
# schema: astropy-2.0
RA_ICRS_1 DE_ICRS_1 e_RA_ICRS e_DE_ICRS _r_1 HIP TYC2 Source rgeo Plx e_Plx pmRA pmDE e_pmRA e_pmDE RUWE Teff logg Gmag BP-RP BPmag RPmag RV e_RV b_rgeo B_rgeo FG e_FG FBP e_FBP FRP e_FRP RAVE5 RAVE6 e_Gmag e_BPmag e_RPmag e_BP-RP SkyCoord.ra SkyCoord.dec SkyCoord.distance SkyCoord.pm_ra_cosdec SkyCoord.pm_dec rmRA rmDE e_rmRA e_rmDE rRV e_rRV v_pec v_pec3d e_vpec e_vpec3d
[from data line 1998]
158.45607578274 -58.22217592269 0.0375 0.0388 16.1248 "" "" 5351457340207031168 2762.81079 0.3471 0.0459 -7.699 2.863 0.052 0.049 0.994 6052.9 4.4243 16.66199 1.346877 17.248154 15.901277 "" "" 2406.91699 3084.89868 4075.22021 2.1914 1722.5 7.6573 3456.6 8.6447 "" "" 0.0028164978562730146 0.0055750385 0.00465369 0.010228729 158.45607578274 -58.22217592269 2762.81079 -7.699000000000002 2.8629999999999987 -0.03721821212768539 -0.5055669898986817 0.15211052 0.14911053 "" "" 6.638681476170633 "" 0.9900057113198154 ""
159.42440454447 -58.28102629214 0.0372 0.0382 14.8058 "" "" 5350786981711612928 2322.18188 0.4092 0.0455 -2.162 0.091 0.051 0.048 0.996 5590.9 4.5856 16.664154 1.141111 17.152084 16.010973 "" "" 2120.75879 2608.63965 4067.10033 2.1838 1881.8 10.428 3124.4 12.079 "" "" 0.0028163190358188486 0.006632092 0.0056482363 0.012280328 159.42440454447 -58.28102629214 2322.18188 -2.162 0.09099999999999998 5.4997817878723145 -3.2775669898986814 0.15111053 0.14811052 "" "" 70.47154153699327 "" 10.593993460753971 ""
159.12034899213 -58.03770252482 0.0454 0.0462 12.4225 "" "" 5351545232408874624 2037.11389 0.4821 0.0546 -3.874 2.567 0.059 0.055 1.077 5186.9 4.7111 16.664888 1.002811 17.087692 16.08488 "" "" 1818.27185 2290.02588 4064.3492 2.555 1996.8 7.9306 2918.8 8.4295 "" "" 0.0028385985763946546 0.0051361322 0.00491078 0.010046912 159.12034899213 -58.03770252482 2037.11389 -3.8739999999999997 2.567000000000002 3.7877817878723143 -0.8015669898986815 0.15911052 0.15511052 "" "" 37.384500149483955 "" 5.941934663896504 ""
158.42276972841 -58.19653939662 0.0379 0.0392 17.2835 "" "" 5351457615084955904 2571.125 0.3779 0.0459 -7.345 3.235 0.052 0.048 0.969 6014.8 4.4508 16.665756 1.29493 17.23742 15.94249 "" "" 2331.55103 2913.98608 4061.10661 4.2139 1739.6 12.84 3327.8 13.949 "" "" 0.0029767405529812535 0.008485663 0.0059157116 0.014401374 158.42276972841 -58.19653939662 2571.125 -7.345000000000001 3.234999999999999 0.3167817878723147 -0.13356698989868176 0.15211052 0.14811052 "" "" 4.189801481716816 "" 0.6348115330068757 ""
158.97939631591 -58.50602198535 0.0494 0.047 16.6801 "" "" 5350686410754702208 2446.56152 0.3728 0.0564 -6.285 5.333 0.061 0.06 1.337 "" "" 16.66629 1.274938 17.186592 15.911654 "" "" 2183.21411 2770.0708 4059.10602 3.5242 1823.0 11.301 3423.7 9.2652 "" "" 0.0029121117314451065 0.0072860257 0.004787152 0.012073178 158.97939631591 -58.50602198535 2446.56152 -6.2849999999999975 5.332999999999997 1.3767817878723143 1.9644330101013185 0.16111052 0.16011052 "" "" 27.818853563671276 "" 4.46327370279382 ""
159.38726149796 -58.28114951687 0.0377 0.0384 13.6646 "" "" 5350786912992129792 2300.49243 0.4164 0.0465 -5.341 7.439 0.051 0.047 1.007 5534.7 4.6287 16.666306 1.075216 17.123251 16.048035 "" "" 2068.77197 2538.42529 4059.04896 2.076 1932.5 12.185 3019.6 16.717 "" "" 0.0028107200235649617 0.007392655 0.007100253 0.0144929085 159.38726149796 -58.28114951687 2300.49243 -5.340999999999999 7.439 2.3207817878723143 4.070433010101318 0.15111053 0.14711052 "" "" 51.09288906073021 "" 7.566950595053963 ""
159.53889842407 -58.30640399644 0.0382 0.0368 18.67 "" "" 5350775265041154304 2333.49048 0.4158 0.046 -4.508 1.324 0.055 0.045 0.992 5379.6 4.6209 16.666498 1.079588 17.131931 16.052343 "" "" 2100.04858 2564.67554 4058.3294 2.1892 1917.1 8.9877 3007.6 11.566 "" "" 0.0028168801336403014 0.0058046863 0.0056317705 0.011436457 159.53889842407 -58.30640399644 2333.49048 -4.508 1.324 3.1537817878723144 -2.044566989898682 0.15511052 0.14511052 "" "" 41.57220909275067 "" 6.32811483783403 ""
158.88413787538 -57.97244449681 0.0362 0.0372 15.5593 "" "" 5351548152986569984 2749.80347 0.3461 0.043 -8.779 5.512 0.045 0.046 0.938 5846.6 4.4843 16.667313 1.02356 17.094791 16.071232 "" "" 2507.01123 3024.34033 4055.29018 2.0825 1983.8 9.3865 2955.7 11.231 "" "" 0.0028111663897736447 0.005846051 0.0055949916 0.011441043 158.88413787538 -57.97244449681 2749.80347 -8.779 5.512 -1.1172182121276855 2.143433010101318 0.14511052 0.14611052 "" "" 31.504941250308637 "" 4.596490811244981 ""
158.51215834936 -58.26827133897 0.0392 0.0395 14.5408 "" "" 5351445417377781632 2071.55151 0.4592 0.0453 -4.557 2.973 0.052 0.049 1.03 5368.6 4.562 16.669012 1.269501 17.219378 15.949877 "" "" 1919.28394 2259.10669 4048.94603 2.3781 1768.7 7.9705 3305.3 11.838 "" "" 0.0028281519031235747 0.005632437 0.0054226224 0.01105506 158.51215834936 -58.26827133897 2071.55151 -4.557000000000001 2.973 3.104781787872314 -0.3955669898986818 0.15211052 0.14911053 "" "" 30.732765397605462 "" 4.673318455256204 ""
159.31083306238 -58.28114913028 0.0381 0.0384 11.3321 "" "" 5350694072976469632 1985.51819 0.4735 0.0466 1.34 0.973 0.051 0.046 0.978 4979.2 4.4029 16.670103 1.192244 17.191427 15.999184 "" "" 1782.07642 2208.07642 4044.87822 2.4702 1814.9 8.4543 3158.5 9.5499 "" "" 0.002833978519970195 0.005776238 0.005006036 0.0107822735 159.31083306238 -58.28114913028 1985.51819 1.3399999999999999 0.9729999999999994 9.001781787872314 -2.3955669898986818 0.15111053 0.14611052 "" "" 87.66758720268811 "" 13.218954120907451 ""
158.67284513739 -58.27344244253 0.0396 0.0368 9.6565 "" "" 5351444661463660800 1884.2644 0.5092 0.0455 -9.436 6.865 0.049 0.044 0.97 4892.5 4.53 16.670944 1.143137 17.155886 16.012749 "" "" 1764.14441 2045.62622 4041.74772 2.107 1875.3 7.1116 3119.3 9.9493 "" "" 0.0028128544557819886 0.004973717 0.00512606 0.010099777 158.67284513739 -58.27344244253 1884.2644 -9.436 6.865 -1.7742182121276855 3.4964330101013186 0.14911053 0.14411053 "" "" 35.01853728396608 "" 5.082884131617591 ""
158.71430322088 -58.29182978534 0.0387 0.0378 8.8257 "" "" 5351444592744186624 2745.98657 0.3361 0.0449 -2.284 1.079 0.05 0.046 0.981 4971.9 4.2919 16.671198 1.426106 17.316326 15.890221 "" "" 2481.9209 3158.43042 4040.8028 2.2612 1617.7 10.569 3492.0 12.17 "" "" 0.0028215119124442804 0.0076225135 0.0053480547 0.012970569 158.71430322088 -58.29182978534 2745.98657 -2.2840000000000003 1.079 5.377781787872315 -2.289566989898682 0.15011053 0.14611052 "" "" 76.07685514694023 "" 11.373770909231986 ""
158.52517272694 -58.18537741695 0.038 0.0372 14.1787 "" "" 5351457821243488512 2595.01782 0.3605 0.045 -1.077 1.9 0.05 0.045 0.977 5355.5 4.5757 16.671267 1.15317 17.171356 16.018187 "" "" 2306.8772 2959.00513 4040.54895 2.1324 1848.7 9.2445 3103.7 8.1261 "" "" 0.002814269957475653 0.006104261 0.004729113 0.010833374 158.52517272694 -58.18537741695 2595.01782 -1.077 1.9 6.5847817878723145 -1.4685669898986817 0.15011053 0.14511052 "" "" 82.98525298892449 "" 12.437612027180153 ""
158.76296156877 -58.1669934966 0.04 0.0382 7.4019 "" "" 5351451395972663808 2480.21289 0.3875 0.0454 -6.19 1.419 0.054 0.048 1.05 6050.7 4.4906 16.67162 1.224222 17.045916 15.821693 "" "" 2221.82495 2804.81201 4039.23352 2.794 2075.2 49.284 3719.5 62.211 "" "" 0.002855839808730108 0.02593571 0.01854874 0.04448445 158.76296156877 -58.1669934966 2480.21289 -6.19 1.419 1.471781787872314 -1.9495669898986816 0.15411052 0.14811052 "" "" 28.71730054240432 "" 4.316679910102907 ""
158.90031469055 -58.21264503301 0.0399 0.0414 2.2825 "" "" 5351448058761159424 2041.65039 0.4683 0.0501 -5.906 4.837 0.055 0.051 0.982 5387.9 4.556 16.67207 1.062563 17.111748 16.049185 "" "" 1836.56897 2285.66626 4037.56234 2.3973 1953.1 17.368 3016.4 13.74 "" "" 0.002829729600200723 0.010050022 0.00622439 0.016274411 158.90031469055 -58.21264503301 2041.65039 -5.905999999999998 4.837 1.7557817878723148 1.468433010101318 0.15511052 0.15111053 "" "" 22.15065734762156 "" 3.399612657484195 ""
158.95060532111 -58.09613515858 0.0443 0.0425 7.9337 "" "" 5351544098538035328 2690.75195 0.3496 0.0515 -6.71 3.296 0.056 0.049 1.086 8780.1 3.6197 16.67237 1.40175 17.29426 15.89251 "" "" 2374.59595 3112.53003 4036.43635 2.2396 1650.9 9.0376 3484.6 9.4265 "" "" 0.0028204068287262375 0.006566017 0.0047864816 0.011352498 158.95060532111 -58.09613515858 2690.75195 -6.709999999999995 3.295999999999998 0.9517817878723145 -0.07256698989868182 0.15611053 0.14911053 "" "" 12.174412902699318 "" 1.9000724434721914 ""
159.07835908499 -58.44812246372 0.036 0.0383 13.6646 "" "" 5350688437979301120 2145.90991 0.4465 0.044 -1.854 2.577 0.047 0.049 1.019 7538.6 4.4172 16.672417 1.394153 17.305468 15.911315 "" "" 1983.85095 2415.24048 4036.27038 1.9887 1633.9 8.7685 3424.8 8.6094 "" "" 0.0028067705801891277 0.0064603183 0.004661885 0.011122203 159.07835908499 -58.44812246372 2145.90991 -1.854 2.577 5.807781787872314 -0.7915669898986817 0.14711052 0.14911053 "" "" 59.62067113516886 "" 8.77301719785216 ""
159.16407378476 -58.46434234628 0.0385 0.0386 15.4817 "" "" 5350685345602854784 2321.02441 0.4074 0.0457 -6.709 1.703 0.052 0.051 1.054 5123.1 4.426 16.674335 1.198864 17.202177 16.003313 "" "" 2092.55762 2517.15063 4029.13883 2.0533 1797.0 10.97 3146.5 13.893 "" "" 0.0028103266076633746 0.0071913498 0.0061045545 0.013295904 159.16407378476 -58.46434234628 2321.02441 -6.709 1.703 0.9527817878723148 -1.6655669898986816 0.15211052 0.15111053 "" "" 21.11030117731973 "" 3.195206538720361 ""
158.96144031481 -58.02124692106 0.0375 0.0369 12.4124 "" "" 5351544957530879872 2548.65576 0.3794 0.0447 -6.955 3.253 0.05 0.046 1.001 8414.2 4.0583 16.675316 1.543025 17.370382 15.827357 "" "" 2294.25659 2901.03003 4025.5035 2.4433 1539.1 10.206 3700.1 8.4494 "" "" 0.002833030415276808 0.0077214246 0.004520052 0.012241477 158.96144031481 -58.02124692106 2548.65576 -6.954999999999998 3.253000000000001 0.7067817878723144 -0.11556698989868153 0.15011053 0.14611052 "" "" 8.65175621011688 "" 1.2978302310467356 ""
158.97637196153 -58.42223298806 0.063 0.0702 11.652 "" "" 5350689296972754432 2121.75684 0.4702 0.0768 -6.198 1.838 0.084 0.094 2.305 5119.2 4.6471 16.677433 1.204778 17.131445 15.926667 "" "" 1850.70093 2509.79956 4017.66119 5.0707 1918.0 9.3005 3376.7 13.036 "" "" 0.003077261736837091 0.0059584547 0.005643841 0.011602296 158.97637196153 -58.42223298806 2121.75684 -6.198000000000005 1.838 1.463781787872314 -1.5305669898986816 0.18411052 0.19411051 "" "" 21.299496357554222 "" 4.034110172023863 ""
158.43020532541 -58.33367030645 0.0395 0.0403 18.0589 "" "" 5351455072464061696 2278.85425 0.4153 0.0472 -4.152 1.386 0.05 0.046 1.058 6056.4 4.4762 16.677582 1.221919 17.198675 15.976756 "" "" 2061.46899 2524.31421 4017.1149 2.3245 1802.8 9.8489 3224.5 7.9902 "" "" 0.002826039697732427 0.0065549775 0.0046391883 0.011194166 158.43020532541 -58.33367030645 2278.85425 -4.152 1.386000000000001 3.5097817878723143 -1.9825669898986817 0.15011053 0.14611052 "" "" 43.54217134472571 "" 6.494436146432284 ""
159.07341569158 -58.31237408982 0.0413 0.041 6.0817 "" "" 5350695962761900288 2190.03467 0.4381 0.048 -6.324 -4.365 0.053 0.051 1.036 5807.7 4.4231 16.678223 1.646429 17.463984 15.817554 "" "" 2026.00952 2399.32153 4014.74079 2.3316 1412.0 8.6874 3733.7 13.564 "" "" 0.002826550038385605 0.0072393413 0.005462731 0.012702072 159.07341569158 -58.31237408982 2190.03467 -6.323999999999995 -4.364999999999999 1.3377817878723146 -7.733566989898682 0.15311052 0.15111053 "" "" 81.47261297946108 "" 12.316134311693304 ""
159.43405264232 -58.24474231307 0.0394 0.037 14.8072 "" "" 5350787462747963648 2450.00293 0.3944 0.0462 -0.989 3.518 0.055 0.048 1.004 5530.5 4.5937 16.678371 1.056765 17.113625 16.05686 "" "" 2222.30493 2795.9707 4014.1922 2.3031 1949.7 12.268 2995.1 25.188 "" "" 0.002824859408111615 0.007379532 0.0098820245 0.017261557 159.43405264232 -58.24474231307 2450.00293 -0.9889999999999994 3.518 6.672781787872315 0.14943301010131815 0.15511052 0.14811052 "" "" 77.51053640672573 "" 12.02243401258309 ""
158.93304181185 -58.04701726503 0.0402 0.0385 10.9162 "" "" 5351544545213951744 2193.96509 0.4332 0.0482 -9.109 3.813 0.054 0.05 0.962 5218.2 4.6047 16.679085 1.08337 17.144995 16.061625 "" "" 1963.00903 2411.35986 4011.55727 2.2938 1894.2 10.736 2982.0 9.0723 "" "" 0.0028243953325669566 0.0067567662 0.005019444 0.011776211 158.93304181185 -58.04701726503 2193.96509 -9.109000000000007 3.8130000000000024 -1.4472182121276855 0.4444330101013185 0.15411052 0.15011053 "" "" 15.743877078476459 "" 2.4209344006629956 ""
158.91422530135 -58.21262668303 0.0483 0.0523 1.8898 "" "" 5351447307146624896 2104.75586 0.4454 0.0586 -7.89 3.477 0.076 0.063 0.972 4963.7 4.539 16.679096 1.299834 17.240892 15.941058 "" "" 1883.38074 2391.00049 4011.51607 6.6686 1734.0 35.912 3332.2 32.158 "" "" 0.0032938446853637768 0.022658579 0.011138859 0.03379744 158.91422530135 -58.21262668303 2104.75586 -7.89 3.476999999999998 -0.22821821212768523 0.10843301010131823 0.17611052 0.16311052 "" "" 2.5207561071683506 "" 0.4380806111574146 ""
158.76937548338 -58.34705956955 0.0381 0.0393 9.4616 "" "" 5351440950612539648 2092.69849 0.453 0.0459 -5.13 2.453 0.049 0.046 1.0 7077.4 4.1094 16.679201 2.236759 17.847958 15.611198 "" "" 1911.73059 2308.81689 4011.12541 2.1792 991.37 6.0842 4515.2 7.5022 "" "" 0.0028177533866938402 0.0072239297 0.0041878554 0.011411785 158.76937548338 -58.34705956955 2092.69849 -5.130000000000003 2.453000000000001 2.5317817878723146 -0.9155669898986818 0.14911053 0.14611052 "" "" 26.705428178003576 "" 3.9728774739377193 ""
159.1757651306 -58.41487205898 0.0381 0.0371 13.005 "" "" 5350691358557084416 2017.78259 0.4584 0.0456 -4.584 2.206 0.049 0.047 0.982 5649.8 4.6374 16.679836 1.061712 17.116049 16.054337 "" "" 1817.96228 2298.61621 4008.77913 2.6237 1945.3 11.166 3002.1 12.526 "" "" 0.002845477888658853 0.0068281977 0.005899651 0.012727849 159.1757651306 -58.41487205898 2017.78259 -4.583999999999996 2.2060000000000017 3.077781787872315 -1.1625669898986817 0.14911053 0.14711052 "" "" 31.466807066870977 "" 4.68422020841854 ""
159.53110981901 -58.20826805909 0.0394 0.0376 17.8878 "" "" 5350788871497263744 2326.52832 0.4037 0.046 -7.119 3.136 0.052 0.047 1.063 9349.4 3.5387 16.680403 1.910392 17.611685 15.701293 "" "" 2122.37158 2658.60938 4006.69159 2.536 1232.4 8.7546 4155.7 7.3776 "" "" 0.0028397258604252796 0.008201918 0.0042425226 0.01244444 159.53110981901 -58.20826805909 2326.52832 -7.118999999999999 3.136000000000002 0.5427817878723147 -0.23256698989868152 0.15211052 0.14711052 "" "" 6.51196910192485 "" 0.9855590626465831 ""
158.55221614933 -58.18500005383 0.039 0.0392 13.3433 "" "" 5351446173292207872 2575.85864 0.3654 0.0468 -9.323 3.203 0.051 0.048 1.056 5764.5 4.4693 16.68045 1.108324 17.124374 16.01605 "" "" 2315.28711 2946.24365 4006.5147 2.5009 1930.5 12.079 3109.8 11.047 "" "" 0.0028374462748310438 0.0073440433 0.005399931 0.012743974 158.55221614933 -58.18500005383 2575.85864 -9.323 3.203 -1.661218212127686 -0.1655669898986818 0.15111053 0.14811052 "" "" 20.383248545621992 "" 3.0795279550434347 ""
158.90098413287 -58.50880317621 0.0463 0.0493 16.9669 "" "" 5350687304108422400 2200.57764 0.432 0.0541 -5.216 0.428 0.062 0.069 1.237 6006.1 4.4862 16.6808 1.203974 17.112541 15.908567 "" "" 2017.01306 2440.34082 4005.22341 2.7478 1951.6 9.3517 3433.5 10.107 "" "" 0.0028542295640339665 0.005903605 0.004949573 0.010853178 158.90098413287 -58.50880317621 2200.57764 -5.216000000000001 0.4279999999999998 2.4457817878723143 -2.9405669898986817 0.16211052 0.16911052 "" "" 39.89506095938581 "" 6.633901189130316 ""
158.80230543252 -58.12379074555 0.0404 0.0376 8.1301 "" "" 5351452976520760704 2086.1416 0.4581 0.0453 -7.295 3.344 0.056 0.048 1.029 7198.1 3.6217 16.681541 1.403968 17.27749 15.873523 "" "" 1856.96411 2365.77466 4002.49207 2.6593 1676.6 8.368 3546.1 12.634 "" "" 0.0028481874098677355 0.006095101 0.005408055 0.011503156 158.80230543252 -58.12379074555 2086.1416 -7.295000000000005 3.344000000000002 0.3667817878723145 -0.02456698989868178 0.15611053 0.14811052 "" "" 3.634978926003012 "" 0.5673319045049987 ""
