Clusters/NGC_3293/NGC_3293_members.tsv
# %ECSV 1.0
# ---
# datatype:
# - name: RA_ICRS_1
#   unit: deg
#   datatype: float64
#   format: '{:15.11f}'
#   description: Right ascension (ICRS) at Ep=2016.0 (ra)
#   meta: !!omap
#   - {ucd: POS_EQ_RA_MAIN}
#   - {width: 15}
#   - {precision: '11'}
# - name: DE_ICRS_1
#   unit: deg
#   datatype: float64
#   format: '{:15.11f}'
#   description: Declination (ICRS) at Ep=2016.0 (dec)
#   meta: !!omap
#   - {ucd: POS_EQ_DEC_MAIN}
#   - {width: 15}
#   - {precision: '11'}
# - name: e_RA_ICRS
#   unit: mas
#   datatype: float64
#   format: '{:7.4f}'
#   description: Standard error of right ascension (ra_error)
#   meta: !!omap
#   - {ucd: ERROR}
#   - {width: 7}
#   - {precision: '4'}
# - name: e_DE_ICRS
#   unit: mas
#   datatype: float64
#   format: '{:7.4f}'
#   description: Standard error of declination (dec_error)
#   meta: !!omap
#   - {ucd: ERROR}
#   - {width: 7}
#   - {precision: '4'}
# - name: _r_1
#   unit: ''
#   datatype: float64
#   format: '{:7.4f}'
#   description: Distance from center (158.96631323000-58.22810434000)[ICRS], at Epoch=J2016.0
#   meta: !!omap
#   - {ucd: POS_ANG_DIST_GENERAL}
#   - {width: 7}
#   - {precision: '4'}
# - name: HIP
#   datatype: int32
#   description: '? HIP cross-id number, van Leeuwen, Cat. I/311 (hip_original_ext_source_id)'
#   meta: !!omap
#   - {ucd: ID_NUMBER}
#   - {width: 6}
#   - values: {'null': -2147483648}
# - name: TYC2
#   datatype: string
#   description: Tycho-2 cross-id name, Hog et al., Cat. I/259 (tyc2_original_ext_source_id)
#   meta: !!omap
#   - {ucd: ID_CROSSID}
#   - {_votable_string_dtype: char}
# - name: Source
#   datatype: int64
#   description: Source identifier, identical to the Gaia-EDR3 source_id (id)
#   meta: !!omap
#   - {ucd: ID_MAIN}
#   - {width: 19}
# - name: rgeo
#   unit: pc
#   datatype: float64
#   format: '{:15.8f}'
#   description: '? Median of the geometric distance posterior (r_med_geo)'
#   meta: !!omap
#   - {ucd: PHYS_DISTANCE_TRUE}
#   - {width: 15}
#   - {precision: '8'}
#   - values: {'null': .nan}
# - name: Plx
#   unit: mas
#   datatype: float64
#   format: '{:9.4f}'
#   description: '? Parallax (parallax)'
#   meta: !!omap
#   - {ucd: POS_PARLX_TRIG}
#   - {width: 9}
#   - {precision: '4'}
#   - values: {'null': .nan}
# - name: e_Plx
#   unit: mas
#   datatype: float32
#   format: '{:7.4f}'
#   description: '? Standard error of parallax (parallax_error)'
#   meta: !!omap
#   - {ucd: ERROR}
#   - {width: 7}
#   - {precision: '4'}
#   - values: {'null': .nan}
# - name: pmRA
#   unit: mas / yr
#   datatype: float64
#   format: '{:9.3f}'
#   description: '? Proper motion in right ascension direction, pmRA*cosDE (pmra)'
#   meta: !!omap
#   - {ucd: POS_EQ_PMRA}
#   - {width: 9}
#   - {precision: '3'}
#   - values: {'null': .nan}
# - name: pmDE
#   unit: mas / yr
#   datatype: float64
#   format: '{:9.3f}'
#   description: '? Proper motion in declination direction (pmdec)'
#   meta: !!omap
#   - {ucd: POS_EQ_PMDEC}
#   - {width: 9}
#   - {precision: '3'}
#   - values: {'null': .nan}
# - name: e_pmRA
#   unit: mas / yr
#   datatype: float32
#   format: '{:6.3f}'
#   description: '? Standard error of proper motion in right ascension direction (pmra_error)'
#   meta: !!omap
#   - {ucd: ERROR}
#   - {width: 6}
#   - {precision: '3'}
#   - values: {'null': .nan}
# - name: e_pmDE
[...]
#       distance: !astropy.table.SerializedColumn
#         __class__: astropy.coordinates.distances.Distance
#         unit: !astropy.units.Unit {unit: pc}
#         value: !astropy.table.SerializedColumn {name: SkyCoord.distance}
#       frame: icrs
#       obstime: !astropy.time.Time {format: jyear_str, in_subfmt: '*', jd1: 367701545.0, jd2: 0.0, out_subfmt: '*', precision: 3, scale: tt}
#       pm_dec: !astropy.table.SerializedColumn
#         __class__: astropy.units.quantity.Quantity
#         unit: !astropy.units.Unit {unit: mas / yr}
#         value: !astropy.table.SerializedColumn {name: SkyCoord.pm_dec}
#       pm_ra_cosdec: !astropy.table.SerializedColumn
#         __class__: astropy.units.quantity.Quantity
#         unit: !astropy.units.Unit {unit: mas / yr}
#         value: !astropy.table.SerializedColumn {name: SkyCoord.pm_ra_cosdec}
#       ra: !astropy.table.SerializedColumn
#         __class__: astropy.coordinates.angles.Longitude
#         unit: *id001
#         value: !astropy.table.SerializedColumn {name: SkyCoord.ra}
#         wrap_angle: !astropy.coordinates.Angle
#           unit: *id001
#           value: 360.0
#       representation_type: spherical
# schema: astropy-2.0
RA_ICRS_1 DE_ICRS_1 e_RA_ICRS e_DE_ICRS _r_1 HIP TYC2 Source rgeo Plx e_Plx pmRA pmDE e_pmRA e_pmDE RUWE Teff logg Gmag BP-RP BPmag RPmag RV e_RV b_rgeo B_rgeo FG e_FG FBP e_FBP FRP e_FRP RAVE5 RAVE6 e_Gmag e_BPmag e_RPmag e_BP-RP SkyCoord.ra SkyCoord.dec SkyCoord.distance SkyCoord.pm_ra_cosdec SkyCoord.pm_dec rmRA rmDE e_rmRA e_rmDE rRV e_rRV v_pec v_pec3d e_vpec e_vpec3d Pmemb
[from data line 31]
159.02728412052 -58.11526394318 0.0142 0.0153 7.0399 "" "" 5351543303951003264 2557.16895 0.3529 0.0176 -7.632 3.288 0.018 0.017 1.056 13293.3 3.6756 12.390415 0.197838 12.453176 12.255338 "" "" 2425.76929 2703.94727 208343.88551 45.718 142610.0 81.897 99317.0 33.628 "" "" 0.0027656015444117708 0.0028589878 0.0037972191 0.006656207 159.02728412052 -58.11526394318 2557.16895 -7.632 3.2880000000000003 0.02978178787231478 -0.08056698989868183 0.11811052 0.11711052 "" "" 1.041134732904784 "" 0.12205346180866637 "" 0.9
158.94793995382 -58.08695943145 0.0099 0.0103 8.4886 "" "" 5351544201616509568 2433.48584 0.3751 0.012 -7.769 3.352 0.012 0.012 0.864 "" "" 12.432495 0.329301 12.542065 12.212764 "" "" 2361.8916 2513.26172 200423.55592 68.641 131400.0 132.35 103290.0 75.757 "" "" 0.0027802978840543104 0.002996828 0.003862364 0.0068591917 158.94793995382 -58.08695943145 2433.48584 -7.769 3.3520000000000003 -0.10721821212768567 -0.016566989898681772 0.112110525 0.112110525 "" "" 1.2514089997623823 "" 0.14029612041566158 "" 0.8
158.99276840253 -58.24244602718 0.0155 0.0147 1.1995 "" "" 5351448436718309888 2361.14014 0.3858 0.018 -7.689 3.406 0.019 0.017 0.954 "" "" 12.492995 0.236971 12.553579 12.316608 "" "" 2268.66577 2465.80127 189560.90923 56.856 130010.0 313.77 93867.0 262.51 "" "" 0.002774497735274227 0.0038276978 0.004848028 0.008675726 158.99276840253 -58.24244602718 2361.14014 -7.6889999999999965 3.4060000000000015 -0.027218212127685604 0.0374330101013185 0.119110525 0.11711052 "" "" 0.5179836543753916 "" 0.061021614580451584 "" 1.0
159.11664388326 -58.13832062964 0.0133 0.0131 7.1856 "" "" 5350792444909746304 2331.92188 0.3951 0.0156 -7.691 3.421 0.017 0.015 0.946 "" "" 12.529046 0.194743 12.590422 12.395679 "" "" 2246.48462 2401.02832 183369.98835 41.486 125670.0 89.207 87274.0 44.741 "" "" 0.002766248000998084 0.002894658 0.0038201483 0.006714806 159.11664388326 -58.13832062964 2331.92188 -7.6910000000000025 3.4210000000000003 -0.029218212127685383 0.05243301010131818 0.11711052 0.115110524 "" "" 0.663467903429048 "" 0.07668862722804888 "" 0.9
158.97876245703 -58.11365913268 0.0129 0.0132 6.878 "" "" 5351543338310741504 2430.11987 0.3776 0.0149 -7.576 3.311 0.016 0.015 1.003 7627.9 3.2664 12.538413 0.243334 12.61785 12.374517 "" "" 2367.03345 2516.66577 181794.79239 33.587 122540.0 64.379 88992.0 36.053 "" "" 0.0027626122862528316 0.0028478801 0.003804892 0.0066527724 158.97876245703 -58.11365913268 2430.11987 -7.576 3.311 0.08578178787231483 -0.0575669898986817 0.116110526 0.115110524 "" "" 1.189977034086056 "" 0.1378004534864186 "" 1.0
159.03639860318 -58.2659708371 0.0119 0.0127 3.1716 "" "" 5350697745147495680 2433.85962 0.3782 0.0149 -7.75 3.366 0.015 0.015 0.99 10832.7 3.5669 12.574172 0.324662 12.686886 12.362224 "" "" 2355.29956 2521.56958 175904.9351 36.154 114990.0 62.688 90005.0 37.108 "" "" 0.0027643419905630396 0.0028522613 0.003805799 0.0066580605 159.03639860318 -58.2659708371 2433.85962 -7.75 3.3660000000000005 -0.08821821212768555 -0.0025669898986815376 0.115110524 0.115110524 "" "" 1.0181596943426126 "" 0.11720089593017237 "" 1.0
158.92036928764 -58.29853998108 0.0126 0.0121 4.468 "" "" 5351446443846598144 2422.0249 0.3839 0.0142 -7.574 3.294 0.016 0.015 1.001 13438.9 3.9792 12.598611 0.420107 12.744552 12.324445 "" "" 2363.16138 2495.35303 171989.72357 29.725 109040.0 63.158 93192.0 40.348 "" "" 0.0027617025780399228 0.0028601638 0.0038085033 0.0066686673 158.92036928764 -58.29853998108 2422.0249 -7.573999999999999 3.294 0.08778178787231461 -0.0745669898986816 0.116110526 0.115110524 "" "" 1.3222846280290672 "" 0.15297833393847476 "" 1.0
158.94074378919 -58.26671366476 0.0121 0.0119 2.4532 "" "" 5351446890523191808 2313.88574 0.403 0.0145 -7.571 3.39 0.015 0.014 1.012 11803.9 3.7293 12.60882 0.440831 12.76493 12.324099 "" "" 2242.47119 2377.6499 170380.07594 28.887 107020.0 80.287 93222.0 36.816 "" "" 0.0027614624848405294 0.0029066303 0.003803628 0.0067102583 158.94074378919 -58.26671366476 2313.88574 -7.571 3.39 0.09078178787231472 0.021433010101318484 0.115110524 0.11411052 "" "" 1.0230515589780533 "" 0.11771020888679637 "" 0.9
158.96257007909 -58.20569077369 0.0154 0.0154 1.35 "" "" 5351448750272929408 2141.06494 0.434 0.0182 -7.655 3.625 0.021 0.018 0.944 "" "" 12.66605 0.170646 12.720162 12.549517 "" "" 2065.31592 2236.64111 161631.78238 52.737 111520.0 201.52 75745.0 97.76 "" "" 0.0027780000473377475 0.003410913 0.004030803 0.0074417163 158.96257007909 -58.20569077369 2141.06494 -7.655000000000002 3.625000000000001 0.0067817878723142044 0.25643301010131836 0.12111052 0.11811052 "" "" 2.6033582561571245 "" 0.30748953223163245 "" 0.8
158.8985141554 -58.23238474018 0.0152 0.0149 2.1571 "" "" 5351447268480307840 2227.03003 0.4186 0.0178 -7.717 3.458 0.019 0.017 0.968 "" "" 12.671834 0.253367 12.744019 12.490651 "" "" 2139.44727 2308.51855 160772.99706 31.398 109100.0 111.44 79965.0 281.31 "" "" 0.002763466918142171 0.0030024957 0.0053733145 0.00837581 158.8985141554 -58.23238474018 2227.03003 -7.717000000000001 3.4580000000000015 -0.055218212127685184 0.08943301010131854 0.119110525 0.11711052 "" "" 1.1095139547292847 "" 0.13055197672131982 "" 0.9
159.070457901 -58.25002784067 0.0136 0.0142 3.5424 "" "" 5350697886907261568 2198.88257 0.4199 0.0169 -7.741 3.541 0.017 0.016 0.995 "" "" 12.723425 0.233956 12.794394 12.560438 "" "" 2126.96948 2290.22974 153312.29 29.841 104150.0 97.932 74986.0 103.37 "" "" 0.0027634126871669187 0.00297108 0.004064957 0.007036037 159.070457901 -58.25002784067 2198.88257 -7.740999999999999 3.5409999999999995 -0.0792182121276852 0.17243301010131828 0.11711052 0.116110526 "" "" 1.9778069896579538 "" 0.2299901204539466 "" 0.8
159.20846936806 -58.08116025577 0.0124 0.0134 11.6834 "" "" 5350794330372560256 2719.96436 0.3411 0.016 -7.768 3.661 0.016 0.016 1.025 11717.0 3.9212 12.73915 0.228149 12.816474 12.588325 "" "" 2605.24512 2838.44678 151107.70729 30.181 102050.0 59.636 73085.0 29.384 "" "" 0.0027638407885245057 0.0028614013 0.0038045077 0.0066659087 159.20846936806 -58.08116025577 2719.96436 -7.768000000000004 3.6610000000000005 -0.10621821212768534 0.2924330101013184 0.116110526 0.116110526 "" "" 4.011232445342893 "" 0.4657463092384948 "" 0.8
158.90885345988 -58.20574179376 0.0129 0.0129 2.2578 "" "" 5351449540546862592 2394.89648 0.3822 0.0153 -7.752 3.386 0.016 0.015 0.953 "" "" 12.749563 0.218421 12.819406 12.600986 "" "" 2305.78247 2476.84253 149665.431 30.222 101780.0 65.666 72238.0 39.219 "" "" 0.002764029116318566 0.0028767576 0.003825074 0.0067018317 158.90885345988 -58.20574179376 2394.89648 -7.752 3.3859999999999992 -0.09021821212768533 0.01743301010131848 0.116110526 0.115110524 "" "" 1.0430846211780538 "" 0.12107571460198865 "" 0.8
158.96366728746 -58.27164969649 0.014 0.0146 2.6141 "" "" 5351446890524827392 2405.46387 0.387 0.0173 -7.841 3.48 0.018 0.017 1.034 12869.2 3.7372 12.758561 0.243196 12.830132 12.586935 "" "" 2297.51904 2516.77197 148430.19503 32.214 100780.0 72.199 73179.0 52.933 "" "" 0.002765377917648917 0.0028965597 0.0038601172 0.006756677 158.96366728746 -58.27164969649 2405.46387 -7.841 3.4799999999999995 -0.17921821212768574 0.11143301010131834 0.11811052 0.11711052 "" "" 2.4062189374423695 "" 0.2835309447249956 "" 1.0
158.8325820621 -58.12653143629 0.0132 0.0129 7.419 "" "" 5351450021583285632 2222.54102 0.419 0.015 -7.683 3.506 0.017 0.016 1.0 "" "" 12.767863 0.284253 12.861315 12.577062 "" "" 2150.69507 2306.51318 147163.91683 37.717 97924.0 51.307 73847.0 49.42 "" "" 0.002769335905133467 0.0028475707 0.0038485934 0.006696164 158.8325820621 -58.12653143629 2222.54102 -7.682999999999999 3.505999999999997 -0.021218212127685376 0.13743301010131814 0.11711052 0.116110526 "" "" 1.4649891485267366 "" 0.17013491057157973 "" 1.0
159.19307765915 -58.15805545002 0.0146 0.0147 8.312 "" "" 5350792200068784256 2259.32031 0.4105 0.0178 -7.662 3.36 0.018 0.017 1.048 "" "" 12.801007 0.265914 12.887456 12.621542 "" "" 2179.30298 2346.55273 142739.37748 28.549 95595.0 65.772 70883.0 30.723 "" "" 0.0027638643306810125 0.0028884395 0.0038085673 0.0066970065 159.19307765915 -58.15805545002 2259.32031 -7.662000000000003 3.3600000000000003 -0.00021821212768546872 -0.008566989898681765 0.11811052 0.11711052 "" "" 0.09177517878967832 "" 0.010747898724156341 "" 1.0
158.91773167126 -58.21700699418 0.0158 0.0147 1.6732 "" "" 5351447302846921216 2269.15552 0.4093 0.0177 -7.672 3.384 0.018 0.017 0.971 12140.2 3.8391 12.836904 0.204326 12.900962 12.696636 "" "" 2173.54004 2362.51074 138097.38294 31.213 94413.0 157.84 66146.0 87.464 "" "" 0.002766226762492561 0.0033286293 0.004042874 0.0073715034 158.91773167126 -58.21700699418 2269.15552 -7.671999999999997 3.3839999999999995 -0.010218212127685256 0.015433010101318256 0.11811052 0.11711052 "" "" 0.19908096124449118 "" 0.02337532913999882 "" 1.0
158.98090165011 -58.2351186418 0.0162 0.0172 0.6241 "" "" 5351448509754721024 2058.9856 0.4531 0.0199 -7.701 3.387 0.022 0.02 0.971 8062.3 3.53 12.847497 0.209078 12.906246 12.697168 "" "" 1985.1366 2144.37036 136756.50038 43.914 93955.0 211.32 66114.0 193.53 "" "" 0.00277729012625034 0.0037078827 0.0049380753 0.008645958 158.98090165011 -58.2351186418 2058.9856 -7.701 3.3870000000000005 -0.03921821212768517 0.01843301010131837 0.12211052 0.12011053 "" "" 0.4229231021932601 "" 0.05149134432683604 "" 0.8
158.95401146773 -58.29807074283 0.013 0.0133 4.2159 "" "" 5351446413810522880 2611.11719 0.3587 0.0159 -7.796 3.3 0.017 0.016 1.081 "" "" 12.881881 0.514653 13.065407 12.550754 "" "" 2509.15503 2715.50854 132493.43301 36.917 81144.0 48.344 75658.0 77.275 "" "" 0.002771878192019114 0.0028641713 0.003938715 0.0068028863 158.95401146773 -58.29807074283 2611.11719 -7.796000000000001 3.3 -0.1342182121276858 -0.06856698989868182 0.11711052 0.116110526 "" "" 1.8653926390143467 "" 0.21807234174745393 "" 1.0
158.87546340974 -58.21242757634 0.0133 0.0136 3.021 "" "" 5351448028718321536 2223.84253 0.4187 0.016 -7.333 3.353 0.018 0.016 0.94 "" "" 12.914905 0.277529 13.005395 12.727866 "" "" 2161.79175 2315.76709 128524.14978 32.229 85755.0 52.772 64270.0 43.542 "" "" 0.0027687390245644218 0.0028690523 0.0038502975 0.00671935 158.87546340974 -58.21242757634 2223.84253 -7.332999999999997 3.352999999999999 0.32878178787231427 -0.015566989898681438 0.11811052 0.116110526 "" "" 3.4695757881559857 "" 0.40977801950191745 "" 0.8
158.98077127343 -58.26035563654 0.0148 0.0151 1.9882 "" "" 5351446924889819136 2352.75659 0.3918 0.0178 -7.626 3.535 0.019 0.017 1.006 12380.0 3.8155 12.921818 0.25595 13.006785 12.750835 "" "" 2250.19019 2446.87256 127708.49419 37.642 85645.0 113.9 62925.0 54.718 "" "" 0.00277384250331761 0.0031416526 0.003895524 0.0070371768 158.98077127343 -58.26035563654 2352.75659 -7.626 3.535 0.03578178787231412 0.1664330101013185 0.119110525 0.11711052 "" "" 1.8984827383779825 "" 0.2225014185516314 "" 1.0
158.98720340123 -58.23594612519 0.0158 0.0175 0.8105 "" "" 5351448505437785472 2311.91772 0.3987 0.0193 -7.739 3.455 0.02 0.022 1.069 12712.5 3.7956 12.93023 0.239824 13.013125 12.773301 "" "" 2217.25757 2436.62866 126722.7526 49.256 85146.0 117.24 61636.0 44.027 "" "" 0.0027874516753129057 0.003165441 0.0038581346 0.0070235757 158.98720340123 -58.23594612519 2311.91772 -7.738999999999998 3.455 -0.07721821212768543 0.08643301010131843 0.12011053 0.12211052 "" "" 1.270112983234609 "" 0.15397180439296634 "" 0.9
159.0410132718 -58.09557314241 0.0149 0.0149 8.2959 "" "" 5351543445702328192 2444.22144 0.3754 0.0176 -7.746 3.393 0.019 0.017 1.042 "" "" 12.934992 0.242945 13.015846 12.772902 "" "" 2356.13745 2539.59229 126168.17734 27.908 84933.0 46.779 61659.0 32.33 "" "" 0.0027657669645030462 0.0028535326 0.0038220175 0.00667555 159.0410132718 -58.09557314241 2444.22144 -7.746000000000004 3.3930000000000016 -0.08421821212768599 0.024433010101318153 0.119110525 0.11711052 "" "" 1.0159515636339 "" 0.1208540040649909 "" 1.0
158.98499798311 -58.18659466302 0.0171 0.0166 2.5597 "" "" 5351448883392705920 2259.47168 0.4106 0.021 -7.754 3.535 0.023 0.018 1.066 12204.2 3.7548 12.954283 0.223639 13.029484 12.805845 "" "" 2151.95312 2377.99438 123946.37049 51.58 83873.0 62.803 59816.0 38.268 "" "" 0.002792120471549663 0.002906199 0.0038426833 0.006748882 158.98499798311 -58.18659466302 2259.47168 -7.7540000000000004 3.5349999999999997 -0.0922182121276851 0.1664330101013185 0.123110525 0.11811052 "" "" 2.0378133111953534 "" 0.24311893974730542 "" 0.9
158.99312049592 -58.24474243117 0.0153 0.0142 1.309 "" "" 5351448441035236096 2217.53149 0.4171 0.0175 -7.512 3.396 0.022 0.018 0.913 "" "" 13.000883 0.262918 13.092948 12.83003 "" "" 2142.98071 2294.39136 118739.07984 54.694 79111.0 101.13 58499.0 32.7 "" "" 0.002800340144329468 0.0031163115 0.0038278017 0.0069441134 158.99312049592 -58.24474243117 2217.53149 -7.512 3.396 0.1497817878723149 0.027433010101318267 0.12211052 0.11811052 "" "" 1.6005596377249314 "" 0.19524067805447043 "" 1.0
159.16158098558 -58.23259979939 0.0098 0.0106 6.1745 "" "" 5350697401557388544 2458.05127 0.3721 0.0125 -7.678 3.41 0.013 0.012 0.918 7199.9 3.6146 13.041372 0.37873 13.164623 12.785893 "" "" 2387.68335 2535.3374 114392.55072 41.351 74057.0 83.276 60926.0 118.18 "" "" 0.0027831324898122314 0.003045592 0.0043265587 0.0073721507 159.16158098558 -58.23259979939 2458.05127 -7.678000000000001 3.4099999999999975 -0.016218212127685483 0.0414330101013185 0.11311053 0.112110525 "" "" 0.5184079857919723 "" 0.05818813461602727 "" 1.0
158.97481649781 -58.2512792549 0.0111 0.0111 1.4162 "" "" 5351447032285927936 2444.66211 0.3743 0.0131 -7.586 3.336 0.015 0.013 0.916 11819.2 3.8793 13.060652 0.247091 13.145304 12.898212 "" "" 2382.60645 2526.64478 112379.20135 56.957 75387.0 49.586 54938.0 103.34 "" "" 0.002809733067500478 0.0028801134 0.0042958963 0.00717601 158.97481649781 -58.2512792549 2444.66211 -7.586 3.3360000000000003 0.07578178787231415 -0.032566989898681786 0.115110524 0.11311053 "" "" 0.9557911417271121 "" 0.10972581058160975 "" 1.0
159.0576952814 -58.31812382895 0.0107 0.0114 6.1226 "" "" 5350695928402160000 2330.65723 0.3968 0.0137 -7.75 3.265 0.014 0.014 1.141 12173.0 4.1329 13.064189 0.546902 13.262944 12.716043 "" "" 2252.98462 2434.36304 112013.74306 61.023 67646.0 113.23 64974.0 72.747 "" "" 0.002818093045416726 0.003329848 0.003970072 0.00729992 159.0576952814 -58.31812382895 2330.65723 -7.750000000000003 3.265 -0.08821821212768555 -0.10356698989868152 0.11411052 0.11411052 "" "" 1.502945498737938 "" 0.17150189535672364 "" 0.9
158.89917833028 -58.21882442087 0.0114 0.0113 2.1931 "" "" 5351448063078071808 2336.2981 0.3938 0.0133 -7.684 3.436 0.015 0.014 0.937 "" "" 13.071101 0.207962 13.142074 12.934112 "" "" 2259.13037 2397.99072 111302.86749 52.414 75611.0 83.819 53151.0 53.197 "" "" 0.002802356938971557 0.0030387002 0.0039325044 0.0069712047 158.89917833028 -58.21882442087 2336.2981 -7.683999999999997 3.4359999999999986 -0.02221821212768571 0.0674330101013183 0.115110524 0.11411052 "" "" 0.7862468289353606 "" 0.08979633705314591 "" 1.0
158.90277085704 -58.25789285706 0.0131 0.0126 2.6872 "" "" 5351447131043013248 2396.0105 0.3843 0.0152 -7.603 3.096 0.016 0.016 1.125 11152.2 4.2217 13.137467 0.314418 13.245181 12.930763 "" "" 2314.75195 2512.21216 104703.16425 44.966 68761.0 37.378 53315.0 60.943 "" "" 0.0027944960931016827 0.0028519086 0.003977939 0.0068298476 158.90277085704 -58.25789285706 2396.0105 -7.602999999999999 3.0960000000000014 0.058781787872314695 -0.27256698989868156 0.116110526 0.116110526 "" "" 3.1667359060486158 "" 0.3676913718344947 "" 1.0
