Clusters/NGC_3293/NGC_3293_members.tsv
# %ECSV 1.0
# ---
# datatype:
# - name: RA_ICRS_1
#   unit: deg
#   datatype: float64
#   format: '{:15.11f}'
#   description: Right ascension (ICRS) at Ep=2016.0 (ra)
#   meta: !!omap
#   - {ucd: POS_EQ_RA_MAIN}
#   - {width: 15}
#   - {precision: '11'}
# - name: DE_ICRS_1
#   unit: deg
#   datatype: float64
#   format: '{:15.11f}'
#   description: Declination (ICRS) at Ep=2016.0 (dec)
#   meta: !!omap
#   - {ucd: POS_EQ_DEC_MAIN}
#   - {width: 15}
#   - {precision: '11'}
# - name: e_RA_ICRS
#   unit: mas
#   datatype: float64
#   format: '{:7.4f}'
#   description: Standard error of right ascension (ra_error)
#   meta: !!omap
#   - {ucd: ERROR}
#   - {width: 7}
#   - {precision: '4'}
# - name: e_DE_ICRS
#   unit: mas
#   datatype: float64
#   format: '{:7.4f}'
#   description: Standard error of declination (dec_error)
#   meta: !!omap
#   - {ucd: ERROR}
#   - {width: 7}
#   - {precision: '4'}
# - name: _r_1
#   unit: ''
#   datatype: float64
#   format: '{:7.4f}'
#   description: Distance from center (158.96631323000-58.22810434000)[ICRS], at Epoch=J2016.0
#   meta: !!omap
#   - {ucd: POS_ANG_DIST_GENERAL}
#   - {width: 7}
#   - {precision: '4'}
# - name: HIP
#   datatype: int32
#   description: '? HIP cross-id number, van Leeuwen, Cat. I/311 (hip_original_ext_source_id)'
#   meta: !!omap
#   - {ucd: ID_NUMBER}
#   - {width: 6}
#   - values: {'null': -2147483648}
# - name: TYC2
#   datatype: string
#   description: Tycho-2 cross-id name, Hog et al., Cat. I/259 (tyc2_original_ext_source_id)
#   meta: !!omap
#   - {ucd: ID_CROSSID}
#   - {_votable_string_dtype: char}
# - name: Source
#   datatype: int64
#   description: Source identifier, identical to the Gaia-EDR3 source_id (id)
#   meta: !!omap
#   - {ucd: ID_MAIN}
#   - {width: 19}
# - name: rgeo
#   unit: pc
#   datatype: float64
#   format: '{:15.8f}'
#   description: '? Median of the geometric distance posterior (r_med_geo)'
#   meta: !!omap
#   - {ucd: PHYS_DISTANCE_TRUE}
#   - {width: 15}
#   - {precision: '8'}
#   - values: {'null': .nan}
# - name: Plx
#   unit: mas
#   datatype: float64
#   format: '{:9.4f}'
#   description: '? Parallax (parallax)'
#   meta: !!omap
#   - {ucd: POS_PARLX_TRIG}
#   - {width: 9}
#   - {precision: '4'}
#   - values: {'null': .nan}
# - name: e_Plx
#   unit: mas
#   datatype: float32
#   format: '{:7.4f}'
#   description: '? Standard error of parallax (parallax_error)'
#   meta: !!omap
#   - {ucd: ERROR}
#   - {width: 7}
#   - {precision: '4'}
#   - values: {'null': .nan}
# - name: pmRA
#   unit: mas / yr
#   datatype: float64
#   format: '{:9.3f}'
#   description: '? Proper motion in right ascension direction, pmRA*cosDE (pmra)'
#   meta: !!omap
#   - {ucd: POS_EQ_PMRA}
#   - {width: 9}
#   - {precision: '3'}
#   - values: {'null': .nan}
# - name: pmDE
#   unit: mas / yr
#   datatype: float64
#   format: '{:9.3f}'
#   description: '? Proper motion in declination direction (pmdec)'
#   meta: !!omap
#   - {ucd: POS_EQ_PMDEC}
#   - {width: 9}
#   - {precision: '3'}
#   - values: {'null': .nan}
# - name: e_pmRA
#   unit: mas / yr
#   datatype: float32
#   format: '{:6.3f}'
#   description: '? Standard error of proper motion in right ascension direction (pmra_error)'
#   meta: !!omap
#   - {ucd: ERROR}
#   - {width: 6}
#   - {precision: '3'}
#   - values: {'null': .nan}
# - name: e_pmDE
[...]
#       distance: !astropy.table.SerializedColumn
#         __class__: astropy.coordinates.distances.Distance
#         unit: !astropy.units.Unit {unit: pc}
#         value: !astropy.table.SerializedColumn {name: SkyCoord.distance}
#       frame: icrs
#       obstime: !astropy.time.Time {format: jyear_str, in_subfmt: '*', jd1: 367701545.0, jd2: 0.0, out_subfmt: '*', precision: 3, scale: tt}
#       pm_dec: !astropy.table.SerializedColumn
#         __class__: astropy.units.quantity.Quantity
#         unit: !astropy.units.Unit {unit: mas / yr}
#         value: !astropy.table.SerializedColumn {name: SkyCoord.pm_dec}
#       pm_ra_cosdec: !astropy.table.SerializedColumn
#         __class__: astropy.units.quantity.Quantity
#         unit: !astropy.units.Unit {unit: mas / yr}
#         value: !astropy.table.SerializedColumn {name: SkyCoord.pm_ra_cosdec}
#       ra: !astropy.table.SerializedColumn
#         __class__: astropy.coordinates.angles.Longitude
#         unit: *id001
#         value: !astropy.table.SerializedColumn {name: SkyCoord.ra}
#         wrap_angle: !astropy.coordinates.Angle
#           unit: *id001
#           value: 360.0
#       representation_type: spherical
# schema: astropy-2.0
RA_ICRS_1 DE_ICRS_1 e_RA_ICRS e_DE_ICRS _r_1 HIP TYC2 Source rgeo Plx e_Plx pmRA pmDE e_pmRA e_pmDE RUWE Teff logg Gmag BP-RP BPmag RPmag RV e_RV b_rgeo B_rgeo FG e_FG FBP e_FBP FRP e_FRP RAVE5 RAVE6 e_Gmag e_BPmag e_RPmag e_BP-RP SkyCoord.ra SkyCoord.dec SkyCoord.distance SkyCoord.pm_ra_cosdec SkyCoord.pm_dec rmRA rmDE e_rmRA e_rmDE rRV e_rRV v_pec v_pec3d e_vpec e_vpec3d Pmemb
158.93226667662 -58.24499528781 0.0163 0.017 1.4777 "" 8613-1280-1 5351447204084589184 2329.87817 0.4252 0.0212 -7.806 3.507 0.021 0.02 0.953 4722.6 0.4999 6.186636 2.34872 7.445839 5.097119 -14.76 0.84 2209.95166 2429.90332 63138255.06137 210480.0 14358000.0 212920.0 72495000.0 494980.0 "" "" 0.004548868746419223 0.016340747 0.008320985 0.024661733 158.93226667662 -58.24499528781 2329.87817 -7.806 3.506999999999999 -0.1442182121276856 0.13843301010131848 0.12111052 0.12011053 6.447500000000003 11.7975 2.2076914362402773 6.814995064389167 0.2663182717272628 11.161659046355048 1.0
158.95542448386 -58.22426643421 0.0245 0.0261 0.414 51866 8613-184-1 5351448715913147904 2309.18481 0.4254 0.0295 -7.682 3.47 0.033 0.032 0.882 19976.5 2.8617 6.474954 0.037103 6.461359 6.424256 -4.94 1.64 2171.86279 2456.23877 48413371.51708 33874.0 35553000.0 67514.0 21353000.0 54285.0 "" "" 0.0028581268670684655 0.0034692904 0.004680021 0.008149312 158.95542448386 -58.22426643421 2309.18481 -7.6819999999999995 3.4699999999999998 -0.02021821212768593 0.10143301010131855 0.13311052 0.13211052 16.267500000000002 12.5975 1.1320791545625275 16.306843945478693 0.1496029842844392 12.567109824375992 1.0
158.92496401739 -58.19286662972 0.0193 0.0183 2.4856 51857 8613-2220-1 5351448818992396032 2371.59521 0.4087 0.0224 -7.564 3.656 0.025 0.022 0.816 "" "" 6.666976 0.129179 6.689895 6.560716 -5.06 2.03 2255.34448 2512.05542 40565465.35055 26664.0 28804000.0 50718.0 18831000.0 38675.0 "" "" 0.002846243869489845 0.003382289 0.004388176 0.0077704648 158.92496401739 -58.19286662972 2371.59521 -7.564 3.656 0.0977817878723144 0.2874330101013185 0.12511052 0.12211052 16.147500000000004 12.987499 3.412989355510709 16.504249531282227 0.4178356166684835 12.707060209982599 0.9
158.94395572704 -58.23666166112 0.0213 0.0224 0.8732 "" 8613-2330-1 5351447238444357760 2036.65112 0.4842 0.0255 -7.419 3.312 0.028 0.026 1.013 "" "" 7.576696 0.171581 7.610434 7.438853 "" "" 1935.3479 2134.50806 17549644.36695 9765.4 12338000.0 19899.0 8387200.0 14757.0 "" "" 0.0028207780393281015 0.003294146 0.0042347414 0.007528887 158.94395572704 -58.23666166112 2036.65112 -7.4190000000000005 3.3119999999999994 0.24278178787231486 -0.05656698989868181 0.12811053 0.12611052 "" "" 2.4065254770491706 "" 0.3080552543630902 "" 0.8
158.98550318149 -58.24300357334 0.0193 0.0191 1.0801 "" 8613-55-1 5351448441035231616 2514.23193 0.389 0.0226 -7.864 3.436 0.026 0.023 0.83 "" "" 8.078088 0.141006 8.104514 7.963508 "" "" 2359.15625 2678.7688 11058890.06132 4064.8 7827300.0 8069.0 5173200.0 5005.3 "" "" 0.002784070466965516 0.003006293 0.0039226613 0.0069289543 158.98550318149 -58.24300357334 2514.23193 -7.864 3.436 -0.20221821212768543 0.0674330101013183 0.12611052 0.123110525 "" "" 2.5403879877552424 "" 0.3196151787377277 "" 0.8
158.99362576261 -58.23748987335 0.017 0.0172 1.0303 "" "" 5351448441035252352 2453.32617 0.3978 0.0203 -7.651 3.54 0.023 0.021 0.973 37229.7 4.0778 8.474694 0.314661 8.553848 8.239187 "" "" 2338.88892 2604.1438 7674837.48371 38782.0 5174600.0 71221.0 4013100.0 78535.0 "" "" 0.006139387248358177 0.01520186 0.021580998 0.036782857 158.99362576261 -58.23748987335 2453.32617 -7.651 3.5400000000000014 0.010781787872314652 0.1714330101013184 0.123110525 0.12111052 "" "" 1.997493148900426 "" 0.24193330553713793 "" 0.9
159.00657374831 -58.25264812419 0.0192 0.019 1.9456 "" 8613-2530-1 5351448441035539328 2267.3208 0.4319 0.0225 -7.681 3.366 0.026 0.023 0.919 7996.1 2.7256 8.916797 0.103379 8.932158 8.828778 "" "" 2171.13647 2361.47729 5107731.9353 2669.3 3652200.0 5211.9 2331600.0 2997.0 "" "" 0.00281313676847697 0.0031915065 0.00402882 0.0072203265 159.00657374831 -58.25264812419 2267.3208 -7.681 3.3659999999999988 -0.019218212127685597 -0.0025669898986815376 0.12611052 0.123110525 "" "" 0.20837436757447828 "" 0.02626737136496252 "" 0.8
158.99081222124 -58.20590365286 0.0222 0.0233 1.5407 "" 8613-3041-1 5351448647193741440 2432.85962 0.4085 0.027 -7.754 3.477 0.026 0.027 0.835 "" "" 9.284675 -0.047969 9.231934 9.279902 "" "" 2279.23486 2592.80933 3639793.40827 2526.9 2771000.0 9788.9 1538900.0 5704.3 "" "" 0.002856562645711307 0.004743004 0.005520928 0.010263933 158.99081222124 -58.20590365286 2432.85962 -7.754 3.4770000000000003 -0.0922182121276851 0.10843301010131823 0.12611052 0.12711053 "" "" 1.641480207945912 "" 0.2079620377044955 "" 1.0
158.9509808567 -58.23792338619 0.018 0.0178 0.7627 "" "" 5351447234127452672 2291.06006 0.4209 0.0208 -7.619 3.462 0.023 0.02 0.876 "" "" 9.31968 0.04887 9.309492 9.260622 "" "" 2180.84839 2397.49609 3524314.73263 1889.0 2580000.0 5349.2 1566400.0 3038.2 "" "" 0.0028161052542111545 0.0035850338 0.0043264935 0.0079115275 158.9509808567 -58.23792338619 2291.06006 -7.6190000000000015 3.462000000000002 0.04278178787231468 0.09343301010131855 0.123110525 0.12011053 "" "" 1.1159557006520135 "" 0.13462425018169405 "" 0.8
158.7027866298 -58.15031224122 0.0171 0.0157 9.5525 "" 8613-1310-1 5351451567771333888 2292.67261 0.4234 0.0196 -7.559 3.309 0.022 0.02 0.83 20699.1 3.6713 9.713346 0.015953 9.699113 9.68316 "" "" 2203.94287 2398.6189 2452498.3075 948.9 1802100.0 1900.7 1061400.0 1012.4 J103448.7-580901 20050131_1045m58_049 0.002787159821543029 0.0030160234 0.0039187013 0.0069347247 158.7027866298 -58.15031224122 2292.67261 -7.559000000000004 3.309000000000003 0.10278178787231429 -0.05956698989868148 0.12211052 0.12011053 "" "" 1.2909803323675815 "" 0.15699710507587175 "" 1.0
158.93034567477 -58.22599652116 0.0165 0.0158 1.1433 "" "" 5351447238444368768 2246.03369 0.4382 0.0189 -7.73 3.454 0.021 0.018 0.878 18438.4 3.5373 9.806742 0.05127 9.806379 9.755109 "" "" 2163.55371 2335.22461 2250350.43898 899.93 1632500.0 1929.3 993380.0 1113.1 "" "" 0.0027893212471290546 0.0030710704 0.0039703664 0.0070414366 158.93034567477 -58.22599652116 2246.03369 -7.73 3.454 -0.06821821212768597 0.08543301010131854 0.12111052 0.11811052 "" "" 1.1639234398273504 "" 0.13884156842948941 "" 0.9
158.98571979154 -58.19209660881 0.0204 0.0222 2.2459 "" "" 5351448681553501824 2321.46191 0.4266 0.0257 -7.746 3.503 0.027 0.027 0.904 20015.6 3.4952 10.123164 -0.027717 10.099411 10.127128 "" "" 2207.14941 2437.56836 1681438.38304 698.36 1246400.0 663.56 705190.0 244.39 "" "" 0.002791977787407961 0.0028494142 0.0037980662 0.0066474807 158.98571979154 -58.19209660881 2321.46191 -7.746000000000003 3.503000000000002 -0.08421821212768599 0.13443301010131847 0.12711053 0.12711053 "" "" 1.745572398676855 "" 0.22188062570700723 "" 1.0
158.91641216264 -58.23253116644 0.0165 0.0143 1.5986 "" "" 5351447272804076672 2373.34546 0.4119 0.0176 -7.631 3.354 0.02 0.017 0.801 16285.9 3.6888 10.211152 0.086578 10.223237 10.136659 "" "" 2273.74683 2471.65576 1550550.47346 1022.3 1112000.0 1883.7 699030.0 1765.6 "" "" 0.0028467908437364415 0.0033418168 0.0046694903 0.008011308 158.91641216264 -58.23253116644 2373.34546 -7.6309999999999985 3.354 0.030781787872314226 -0.014566989898681548 0.12011053 0.11711052 "" "" 0.3831025655083412 "" 0.04580651319419658 "" 0.9
159.0246925373 -58.24086707593 0.0177 0.0178 1.9967 "" "" 5350697848233962368 2402.77979 0.4073 0.0211 -7.587 3.308 0.023 0.021 0.839 "" "" 10.257113 0.04055 10.256305 10.215754 "" "" 2299.91919 2505.45752 1486282.32193 1378.1 1078700.0 2421.9 649910.0 1857.3 "" "" 0.002933470853738707 0.003705053 0.0048898943 0.008594947 159.0246925373 -58.24086707593 2402.77979 -7.587 3.308 0.07478178787231471 -0.06056698989868181 0.123110525 0.12111052 "" "" 1.0960078343386963 "" 0.13406607891263472 "" 1.0
158.93344170327 -58.22945616513 0.0169 0.0182 1.0416 "" "" 5351447238444695040 2600.35767 0.349 0.021 -7.669 3.453 0.023 0.023 0.908 15360.4 3.5913 11.167783 0.103748 11.194387 11.090639 "" "" 2468.00928 2734.27222 642441.72126 353.48 454630.0 680.04 290340.0 327.28 "" "" 0.002819336817514905 0.0032284055 0.003972606 0.0072010113 158.93344170327 -58.22945616513 2600.35767 -7.669000000000003 3.4530000000000003 -0.007218212127685142 0.0844330101013182 0.123110525 0.123110525 "" "" 1.0444916556089605 "" 0.128587916403972 "" 0.9
158.93020527066 -58.25534601588 0.0181 0.0175 1.993 "" "" 5351447101005732608 2192.573 0.4216 0.0206 -7.621 3.413 0.023 0.021 1.009 15817.3 3.6899 11.345771 0.236992 11.392249 11.155257 "" "" 2104.80225 2310.49316 545303.69607 632.73 378890.0 2510.0 273560.0 2834.9 "" "" 0.0030296707861309146 0.0077148103 0.011869263 0.019584073 158.93020527066 -58.25534601588 2192.573 -7.621 3.412999999999999 0.04078178787231401 0.04443301010131817 0.123110525 0.12111052 "" "" 0.62680249588454 "" 0.07648811504059992 "" 0.8
158.94671651472 -58.22707631871 0.0175 0.0164 0.6222 "" "" 5351447238444383744 2344.89673 0.3796 0.0196 -7.7 3.396 0.022 0.019 0.824 "" "" 11.555795 0.049118 11.563282 11.514164 "" "" 2250.40186 2452.22583 449395.65338 161.16 323670.0 354.49 196560.0 198.9 "" "" 0.00278269502106381 0.0030329945 0.0039358335 0.006968828 158.94671651472 -58.22707631871 2344.89673 -7.699999999999999 3.396 -0.038218212127685725 0.027433010101318267 0.12211052 0.119110525 "" "" 0.5228926873130721 "" 0.06332165224366496 "" 0.8
158.92461676426 -58.19911229167 0.0159 0.0146 2.1823 "" "" 5351448814675719168 2474.89746 0.3607 0.0177 -7.649 3.397 0.02 0.017 0.856 "" "" 11.669085 0.099313 11.69556 11.596248 -60.07 39.32 2369.45654 2571.93335 404867.20728 125.39 286550.0 207.86 182250.0 62.058 "" "" 0.0027757629359469733 0.0028991948 0.0037974212 0.0066966163 158.92461676426 -58.19911229167 2474.89746 -7.649000000000004 3.397000000000001 0.012781787872314432 0.028433010101318157 0.12011053 0.11711052 -38.8625 50.2775 0.36570110301397485 38.8642206090222 0.04301384120899493 50.27527425288628 0.9
158.90693629849 -58.2033684988 0.013 0.0132 2.3925 "" "" 5351449536229911552 2304.21191 0.3839 0.0145 -7.799 3.458 0.017 0.015 0.807 12791.8 3.6588 11.827099 0.19334 11.885502 11.692162 "" "" 2239.46851 2383.77319 350031.65652 66.278 240560.0 198.08 166840.0 89.959 "" "" 0.0027629791187664733 0.0029298973 0.0038244536 0.006754351 158.90693629849 -58.2033684988 2304.21191 -7.799 3.4580000000000024 -0.13721821212768592 0.08943301010131854 0.11711052 0.115110524 "" "" 1.788906455157987 "" 0.20843950018436205 "" 1.0
158.80624857603 -58.18679473029 0.0124 0.0127 5.6342 "" "" 5351448367991925120 2453.22534 0.3559 0.0147 -7.581 3.516 0.016 0.016 0.785 14974.4 3.943 11.841527 0.112694 11.864211 11.751517 "" "" 2387.7771 2544.5957 345410.98292 130.34 245320.0 409.1 157960.0 283.41 "" "" 0.0027856136516896586 0.0033261531 0.0042518806 0.007578034 158.80624857603 -58.18679473029 2453.22534 -7.580999999999999 3.515999999999998 0.08078178787231405 0.14743301010131837 0.116110526 0.116110526 "" "" 1.9548736257863002 "" 0.22698140500302355 "" 1.0
159.02729735667 -58.2983095735 0.01 0.0103 4.6312 "" "" 5350696134560591104 2423.33496 0.3733 0.0125 -7.71 3.474 0.013 0.013 0.812 "" "" 11.907963 0.438678 12.059267 11.620589 "" "" 2343.46094 2492.10498 324908.94429 121.42 204980.0 273.17 178210.0 234.24 "" "" 0.0027850346777208396 0.0031430302 0.004039843 0.0071828733 159.02729735667 -58.2983095735 2423.33496 -7.710000000000001 3.4740000000000015 -0.04821821212768551 0.10543301010131856 0.11311053 0.11311053 "" "" 1.3317093453882678 "" 0.15063034639531803 "" 1.0
159.02176609573 -58.27935182567 0.0147 0.015 3.5383 "" "" 5350696306359285248 2485.78271 0.3508 0.018 -7.734 3.29 0.019 0.019 1.011 15864.3 3.9341 11.9812 0.219659 12.05427 11.834611 "" "" 2381.94092 2608.67188 303715.4194 251.07 205920.0 415.89 146320.0 885.53 "" "" 0.002897820195166125 0.0035487374 0.0075802547 0.011128992 159.02176609573 -58.27935182567 2485.78271 -7.7340000000000035 3.29 -0.07221821212768553 -0.0785669898986816 0.119110525 0.119110525 "" "" 1.257389558216879 "" 0.14976832997416215 "" 1.0
158.98791236898 -58.25603989311 0.0156 0.0159 1.8096 "" "" 5351446959249559424 1977.11755 0.4654 0.0198 -7.503 3.344 0.021 0.019 1.101 13110.1 3.8554 12.029953 0.271124 12.111524 11.8404 "" "" 1903.42163 2062.20142 290379.12132 176.06 195350.0 762.01 145550.0 668.3 "" "" 0.0028328677750301258 0.0050716638 0.006255882 0.011327546 158.98791236898 -58.25603989311 1977.11755 -7.503 3.3439999999999994 0.15878178787231434 -0.02456698989868178 0.12111052 0.119110525 "" "" 1.5057349195607708 "" 0.18229050348860582 "" 0.9
158.90179487579 -58.13619579586 0.0115 0.0113 5.8801 "" "" 5351450154703025024 2357.41577 0.3844 0.0138 -7.711 3.471 0.015 0.013 0.875 13663.6 3.8489 12.058594 0.289815 12.151985 11.86217 "" "" 2288.90918 2431.21582 282819.55663 69.643 188200.0 126.05 142660.0 66.425 "" "" 0.0027682610829125954 0.0028833752 0.0038130428 0.006696418 158.90179487579 -58.13619579586 2357.41577 -7.711 3.4710000000000005 -0.049218212127685845 0.10243301010131844 0.115110524 0.11311053 "" "" 1.269874953178191 "" 0.144116011018399 "" 1.0
159.08754981686 -58.18140516783 0.0153 0.0153 4.7477 "" "" 5350698535424916864 2429.0144 0.364 0.0184 -7.658 3.169 0.019 0.018 0.918 "" "" 12.058682 0.081634 12.079411 11.997777 "" "" 2327.50171 2553.64575 282796.282 89.287 201210.0 195.69 125910.0 104.13 "" "" 0.002776562654223085 0.0029833 0.0038845844 0.0068678847 159.08754981686 -58.18140516783 2429.0144 -7.658 3.1690000000000005 0.0037817878723140907 -0.1995669898986816 0.119110525 0.11811052 "" "" 2.2981326972255047 "" 0.2714344823962558 "" 1.0
159.05611406648 -58.18910142971 0.0134 0.0126 3.6788 "" "" 5350698402303352320 2623.9082 0.3465 0.0153 -7.264 3.396 0.016 0.014 1.018 "" "" 12.079972 0.460608 12.238402 11.777795 "" "" 2494.46191 2731.22168 277305.12672 88.95 173800.0 145.87 154180.0 125.16 "" "" 0.002777243113162561 0.0029352063 0.0038807928 0.006815999 159.05611406648 -58.18910142971 2623.9082 -7.264 3.396 0.3977817878723142 0.027433010101318267 0.116110526 0.11411052 "" "" 4.959092558075396 "" 0.5757562986503504 "" 0.9
158.850265418 -58.2246055386 0.0132 0.0124 3.6724 "" "" 5351447990034811776 2320.82935 0.3855 0.0154 -7.639 3.509 0.017 0.015 0.861 13809.8 3.7829 12.190166 0.138117 12.230245 12.092128 "" "" 2245.6062 2404.0127 250542.07526 50.48 175110.0 186.54 115430.0 68.719 "" "" 0.002763990639034036 0.0030203948 0.0038342567 0.0068546515 158.850265418 -58.2246055386 2320.82935 -7.639 3.5090000000000003 0.02278178787231422 0.14043301010131826 0.11711052 0.115110524 "" "" 1.565061926227091 "" 0.18023604069867466 "" 1.0
159.00130702701 -58.24739052526 0.0154 0.016 1.6002 "" "" 5351448441035238528 2196.64648 0.4158 0.0188 -7.651 3.436 0.02 0.019 1.004 13807.5 3.7154 12.215174 0.202097 12.277908 12.075811 "" "" 2116.45215 2279.28687 244837.10277 51.516 167590.0 201.29 117170.0 89.154 "" "" 0.0027647745534373734 0.0030798744 0.00386862 0.0069484944 159.00130702701 -58.24739052526 2196.64648 -7.651 3.436 0.010781787872314652 0.0674330101013183 0.12011053 0.119110525 "" "" 0.7110375494013884 "" 0.08470985230263355 "" 0.8
158.91031762551 -58.21859297337 0.0116 0.0124 1.859 "" "" 5351447307164300288 2345.15698 0.3835 0.014 -7.71 3.38 0.015 0.015 0.874 12596.7 3.7787 12.222236 0.221546 12.290613 12.069067 "" "" 2270.84546 2418.87573 243249.80378 97.333 165640.0 334.7 117900.0 209.1 "" "" 0.0027893600239041034 0.0035493944 0.0042416546 0.007791049 158.91031762551 -58.21859297337 2345.15698 -7.71 3.3799999999999994 -0.04821821212768551 0.011433010101318253 0.115110524 0.115110524 "" "" 0.5508568741788636 "" 0.06340942343503551 "" 0.8
158.84451857747 -58.28562428544 0.0131 0.0128 5.1664 "" "" 5351447371559532160 2503.48193 0.358 0.0153 -7.652 3.396 0.016 0.015 0.922 "" "" 12.246145 0.186188 12.304405 12.118217 "" "" 2413.95508 2615.62354 237951.71017 58.894 163550.0 124.0 112690.0 79.198 "" "" 0.0027683934007089435 0.0029090678 0.0038556417 0.0067647095 158.84451857747 -58.28562428544 2503.48193 -7.651999999999999 3.3960000000000026 0.009781787872314318 0.027433010101318267 0.116110526 0.115110524 "" "" 0.34560945219785905 "" 0.03982242021373664 "" 0.9
