Clusters/COIN-Gaia_41/COIN-Gaia_41_stars_in_region.tsv
# %ECSV 1.0
# ---
# datatype:
# - name: RA_ICRS_1
#   unit: deg
#   datatype: float64
#   format: '{:15.11f}'
#   description: Right ascension (ICRS) at Ep=2016.0 (ra)
#   meta: !!omap
#   - {ucd: POS_EQ_RA_MAIN}
#   - {width: 15}
#   - {precision: '11'}
# - name: DE_ICRS_1
#   unit: deg
#   datatype: float64
#   format: '{:15.11f}'
#   description: Declination (ICRS) at Ep=2016.0 (dec)
#   meta: !!omap
#   - {ucd: POS_EQ_DEC_MAIN}
#   - {width: 15}
#   - {precision: '11'}
# - name: e_RA_ICRS
#   unit: mas
#   datatype: float64
#   format: '{:7.4f}'
#   description: Standard error of right ascension (ra_error)
#   meta: !!omap
#   - {ucd: ERROR}
#   - {width: 7}
#   - {precision: '4'}
# - name: e_DE_ICRS
#   unit: mas
#   datatype: float64
#   format: '{:7.4f}'
#   description: Standard error of declination (dec_error)
#   meta: !!omap
#   - {ucd: ERROR}
#   - {width: 7}
#   - {precision: '4'}
# - name: _r_1
#   unit: ''
#   datatype: float64
#   format: '{:7.4f}'
#   description: Distance from center (089.83350724000+19.03399448000)[ICRS], at Epoch=J2016.0
#   meta: !!omap
#   - {ucd: POS_ANG_DIST_GENERAL}
#   - {width: 7}
#   - {precision: '4'}
# - name: HIP
#   datatype: int32
#   description: '? HIP cross-id number, van Leeuwen, Cat. I/311 (hip_original_ext_source_id)'
#   meta: !!omap
#   - {ucd: ID_NUMBER}
#   - {width: 6}
#   - values: {'null': -2147483648}
# - name: TYC2
#   datatype: string
#   description: Tycho-2 cross-id name, Hog et al., Cat. I/259 (tyc2_original_ext_source_id)
#   meta: !!omap
#   - {ucd: ID_CROSSID}
#   - {_votable_string_dtype: char}
# - name: Source
#   datatype: int64
#   description: Source identifier, identical to the Gaia-EDR3 source_id (id)
#   meta: !!omap
#   - {ucd: ID_MAIN}
#   - {width: 19}
# - name: rgeo
#   unit: pc
#   datatype: float64
#   format: '{:15.8f}'
#   description: '? Median of the geometric distance posterior (r_med_geo)'
#   meta: !!omap
#   - {ucd: PHYS_DISTANCE_TRUE}
#   - {width: 15}
#   - {precision: '8'}
#   - values: {'null': .nan}
# - name: Plx
#   unit: mas
#   datatype: float64
#   format: '{:9.4f}'
#   description: '? Parallax (parallax)'
#   meta: !!omap
#   - {ucd: POS_PARLX_TRIG}
#   - {width: 9}
#   - {precision: '4'}
#   - values: {'null': .nan}
# - name: e_Plx
#   unit: mas
#   datatype: float32
#   format: '{:7.4f}'
#   description: '? Standard error of parallax (parallax_error)'
#   meta: !!omap
#   - {ucd: ERROR}
#   - {width: 7}
#   - {precision: '4'}
#   - values: {'null': .nan}
# - name: pmRA
#   unit: mas / yr
#   datatype: float64
#   format: '{:9.3f}'
#   description: '? Proper motion in right ascension direction, pmRA*cosDE (pmra)'
#   meta: !!omap
#   - {ucd: POS_EQ_PMRA}
#   - {width: 9}
#   - {precision: '3'}
#   - values: {'null': .nan}
# - name: pmDE
#   unit: mas / yr
#   datatype: float64
#   format: '{:9.3f}'
#   description: '? Proper motion in declination direction (pmdec)'
#   meta: !!omap
#   - {ucd: POS_EQ_PMDEC}
#   - {width: 9}
#   - {precision: '3'}
#   - values: {'null': .nan}
# - name: e_pmRA
#   unit: mas / yr
#   datatype: float32
#   format: '{:6.3f}'
#   description: '? Standard error of proper motion in right ascension direction (pmra_error)'
#   meta: !!omap
#   - {ucd: ERROR}
#   - {width: 6}
#   - {precision: '3'}
#   - values: {'null': .nan}
# - name: e_pmDE
[...]
#         unit: &id001 !astropy.units.Unit {unit: deg}
#         value: !astropy.table.SerializedColumn {name: SkyCoord.dec}
#       distance: !astropy.table.SerializedColumn
#         __class__: astropy.coordinates.distances.Distance
#         unit: !astropy.units.Unit {unit: pc}
#         value: !astropy.table.SerializedColumn {name: SkyCoord.distance}
#       frame: icrs
#       obstime: !astropy.time.Time {format: jyear_str, in_subfmt: '*', jd1: 367701545.0, jd2: 0.0, out_subfmt: '*', precision: 3, scale: tt}
#       pm_dec: !astropy.table.SerializedColumn
#         __class__: astropy.units.quantity.Quantity
#         unit: !astropy.units.Unit {unit: mas / yr}
#         value: !astropy.table.SerializedColumn {name: SkyCoord.pm_dec}
#       pm_ra_cosdec: !astropy.table.SerializedColumn
#         __class__: astropy.units.quantity.Quantity
#         unit: !astropy.units.Unit {unit: mas / yr}
#         value: !astropy.table.SerializedColumn {name: SkyCoord.pm_ra_cosdec}
#       ra: !astropy.table.SerializedColumn
#         __class__: astropy.coordinates.angles.Longitude
#         unit: *id001
#         value: !astropy.table.SerializedColumn {name: SkyCoord.ra}
#         wrap_angle: !astropy.coordinates.Angle
#           unit: *id001
#           value: 360.0
#       representation_type: spherical
# schema: astropy-2.0
RA_ICRS_1 DE_ICRS_1 e_RA_ICRS e_DE_ICRS _r_1 HIP TYC2 Source rgeo Plx e_Plx pmRA pmDE e_pmRA e_pmDE RUWE Teff logg Gmag BP-RP BPmag RPmag RV e_RV b_rgeo B_rgeo FG e_FG FBP e_FBP FRP e_FRP RAVE5 RAVE6 e_Gmag e_BPmag e_RPmag e_BP-RP SkyCoord.ra SkyCoord.dec SkyCoord.distance SkyCoord.pm_ra_cosdec SkyCoord.pm_dec
[from data line 203]
90.13172073355 19.07896383028 0.0284 0.024 17.1261 "" "" 3350653250611189376 1895.01245 0.482 0.0318 -0.147 -1.151 0.035 0.026 0.988 8368.9 3.6536 15.314571 2.49537 16.670544 14.175174 "" "" 1790.10071 2015.81396 14096.72719 9.4573 2932.2 19.332 16947.0 34.055 "" "" 0.0028499761279818943 0.0076828217 0.004363934 0.012046756 90.13172073355 19.07896383028 1895.01245 -0.14700000000000002 -1.1509999999999998
89.5178270316 19.39617614065 0.0291 0.0249 28.1447 "" "" 3398723349222594432 1444.91748 0.6572 0.036 -0.78 -2.721 0.038 0.026 0.96 6806.8 4.3674 15.317173 1.149983 15.807492 14.657509 "" "" 1379.33667 1525.98059 14062.98176 4.8349 6492.6 14.471 10868.0 13.558 "" "" 0.0027804904474348037 0.0036933923 0.004014763 0.0077081556 89.5178270316 19.39617614065 1444.91748 -0.7800000000000002 -2.721
89.93572970593 19.27013035422 0.0287 0.0247 15.307 "" "" 3350673866454205568 1806.35217 0.5109 0.0338 2.591 -2.171 0.035 0.026 1.033 9306.0 3.8282 15.317432 1.881598 16.236368 14.35477 44.63 7.47 1713.68555 1907.47534 14059.62043 5.2089 4373.9 14.485 14363.0 22.997 "" "" 0.00278452777983646 0.0045512132 0.0041600205 0.008711234 89.93572970593 19.27013035422 1806.35217 2.5909999999999997 -2.1710000000000003
89.82745788717 18.98266200269 0.0299 0.0257 3.099 "" "" 3350625316143976448 1837.76392 0.5046 0.0346 -0.252 -3.654 0.042 0.032 1.048 9392.5 4.142 15.327197 1.390474 15.945979 14.555505 "" "" 1754.49194 1969.61487 13933.74784 5.2176 5715.1 20.124 11939.0 20.509 "" "" 0.0027851539157762507 0.0047329785 0.004214535 0.008947514 89.82745788717 18.98266200269 1837.76392 -0.25199999999999995 -3.653999999999999
90.05557142264 19.40881402716 0.0293 0.0239 25.7691 "" "" 3350676924470856832 1689.62061 0.5492 0.0309 -2.424 3.621 0.038 0.026 1.064 "" "" 15.329183 1.880686 16.257063 14.376377 61.59 10.36 1598.80737 1763.60229 13908.28617 5.3583 4291.3 9.4229 14080.0 22.875 "" "" 0.002786890046444559 0.0036699953 0.004170755 0.007840751 90.05557142264 19.40881402716 1689.62061 -2.424 3.621
89.65523286259 18.78635949413 0.0349 0.0309 17.9767 "" "" 3350616034717891072 1797.66724 0.5129 0.0433 -1.149 -5.05 0.041 0.03 1.007 6841.0 4.3131 15.339283 1.190368 15.847075 14.656708 "" "" 1670.09851 1938.80103 13779.49812 5.0429 6260.2 13.35 10876.0 13.18 "" "" 0.0027838238090060466 0.0036257291 0.0040018624 0.0076275915 89.65523286259 18.78635949413 1797.66724 -1.149 -5.049999999999999
89.84973584918 18.77972157698 0.0329 0.0279 15.2842 "" "" 3350617580906110464 1474.73792 0.6407 0.0384 -1.319 -6.853 0.045 0.034 1.045 6035.2 3.8788 15.339665 1.749332 16.177193 14.427861 "" "" 1379.58997 1571.052 13774.64954 6.7733 4618.9 19.276 13428.0 28.482 "" "" 0.00280656690506115 0.0053212615 0.004425752 0.009747013 89.84973584918 18.77972157698 1474.73792 -1.319 -6.852999999999999
89.34334229521 19.00268691751 0.0354 0.0282 27.8679 "" "" 3398673321443642624 2041.0415 0.4403 0.0356 0.724 -0.015 0.044 0.032 1.01 "" "" 15.340225 1.172476 15.837009 14.664534 "" "" 1896.94666 2202.50879 13767.55148 6.0644 6318.5 19.777 10798.0 13.174 "" "" 0.0027965180072981443 0.004397041 0.0040047974 0.008401839 89.34334229521 19.00268691751 2041.0415 0.7239999999999999 -0.015000000000000003
89.43671592151 18.89357928174 0.0353 0.029 24.0399 "" "" 3350633081444685824 1923.96094 0.4807 0.0351 0.789 -1.163 0.043 0.03 0.971 6544.4 4.1901 15.358846 1.316575 15.939584 14.623009 "" "" 1792.78394 2082.45996 13533.45377 5.0476 5748.9 17.515 11219.0 21.166 "" "" 0.002784918898304657 0.0043274835 0.0042987857 0.008626269 89.43671592151 18.89357928174 1923.96094 0.789 -1.163
89.66738069804 19.39338994585 0.0324 0.0286 23.5284 "" "" 3398712281088811264 1757.37952 0.5363 0.0373 1.838 -4.229 0.041 0.032 1.153 6770.6 4.2506 15.358886 1.329343 15.94517 14.615828 "" "" 1649.84106 1894.01367 13532.94502 4.9528 5719.4 11.913 11293.0 12.148 "" "" 0.002783825310747198 0.0035915724 0.0039557307 0.007547303 89.66738069804 19.39338994585 1757.37952 1.838 -4.228999999999999
89.93152499253 18.88326194932 0.0293 0.0252 10.6174 "" "" 3350620643219560064 1714.60291 0.5397 0.0332 -0.297 -3.617 0.039 0.029 1.012 9390.7 3.5326 15.35989 1.664948 16.133804 14.468856 "" "" 1642.57495 1820.44629 13520.44248 6.4991 4807.2 15.912 12931.0 21.049 "" "" 0.0028043124275830625 0.004549794 0.0041722017 0.008721996 89.93152499253 18.88326194932 1714.60291 -0.297 -3.617
89.76385051209 19.0607697892 0.0295 0.0265 4.2647 "" "" 3350661703107208832 1537.43701 0.6218 0.0368 -0.46 1.722 0.038 0.029 1.009 7725.2 4.4096 15.360658 1.21746 15.885123 14.667664 "" "" 1467.1958 1634.45129 13510.876 6.0138 6044.6 26.322 10767.0 22.765 "" "" 0.0027973807834558205 0.0054898853 0.0044219377 0.009911823 89.76385051209 19.0607697892 1537.43701 -0.4600000000000001 1.7220000000000002
89.5766254668 18.69977861008 0.0359 0.0288 24.7959 "" "" 3350613839991488768 1473.68445 0.6419 0.0383 1.419 -3.586 0.044 0.03 0.994 9262.0 4.1615 15.367576 1.571915 16.094055 14.522141 "" "" 1381.70972 1572.3606 13425.07266 4.908 4986.5 11.671 12311.0 19.069 "" "" 0.002783763924106537 0.0037739472 0.0041366625 0.007910609 89.5766254668 18.69977861008 1473.68445 1.419 -3.5860000000000003
90.03786777411 19.11981934092 0.0307 0.026 12.6809 "" "" 3350651360825590912 2012.63086 0.4537 0.0355 0.875 -4.44 0.039 0.027 1.075 "" "" 15.374382 1.812477 16.252773 14.440296 "" "" 1878.20947 2160.23047 13341.169 7.4705 4308.3 10.604 13275.0 31.077 "" "" 0.0028215976622030623 0.0038634608 0.0045545693 0.00841803 90.03786777411 19.11981934092 2012.63086 0.875 -4.4399999999999995
89.88933533474 18.78891729797 0.0349 0.0315 15.0422 "" "" 3350619028311882624 1512.00159 0.6199 0.0454 -0.262 -3.645 0.045 0.038 1.042 15004.8 4.3333 15.378117 1.736699 16.207441 14.470742 "" "" 1411.30457 1595.0155 13295.36067 11.619 4492.0 19.607 12908.0 28.563 "" "" 0.0029141184848327627 0.0054994635 0.00447838 0.009977844 89.88933533474 18.78891729797 1512.00159 -0.262 -3.6449999999999996
89.96829090448 18.93419596359 0.0293 0.0246 9.7126 "" "" 3350644484581436928 1623.03918 0.5784 0.0338 -0.527 -3.823 0.039 0.028 1.035 9251.3 3.7642 15.380908 1.755566 16.216963 14.461397 "" "" 1538.27844 1737.68445 13261.22549 6.1109 4452.8 15.3 13020.0 21.33 "" "" 0.002800376253235061 0.0046586124 0.004177023 0.008835636 89.96829090448 18.93419596359 1623.03918 -0.527 -3.8229999999999995
89.89247972539 19.43903676975 0.028 0.0236 24.5311 "" "" 3398716168037197312 1986.72266 0.4564 0.0314 -1.33 -2.421 0.035 0.025 0.969 8177.3 4.1264 15.394136 1.490665 16.073494 14.582829 "" "" 1889.41272 2146.41406 13100.6343 4.1531 5081.8 10.808 11642.0 14.146 "" "" 0.0027767354046151498 0.0036217703 0.0040030205 0.007624791 89.89247972539 19.43903676975 1986.72266 -1.33 -2.421
89.88128429105 19.132040599 0.029 0.0256 6.4766 "" "" 3350663867770385664 2071.76562 0.4247 0.0366 1.88 -2.33 0.038 0.027 1.003 6462.0 3.3578 15.404668 2.500367 16.768116 14.267749 53.03 4.16 1952.58167 2221.1438 12974.17186 6.7405 2680.2 13.26 15562.0 26.654 "" "" 0.0028124668701338543 0.0060529937 0.0042121094 0.010265103 89.88128429105 19.132040599 2071.76562 1.88 -2.33
89.79415552712 18.69105710072 0.0338 0.0302 20.6972 "" "" 3350610743318070016 1930.95459 0.4766 0.042 -0.538 -5.109 0.044 0.035 0.959 5558.2 3.6324 15.404824 1.76816 16.258272 14.490112 "" "" 1769.98193 2087.51074 12972.29684 5.6137 4286.6 14.077 12680.0 13.843 "" "" 0.002795093158652808 0.0045274603 0.0039608977 0.008488358 89.79415552712 18.69105710072 1930.95459 -0.538 -5.109000000000001
89.83898000853 19.03821970955 0.0371 0.0299 0.4008 "" "" 3350660736737800320 1750.03918 0.5373 0.0407 -0.016 -3.888 0.051 0.038 1.11 7386.1 4.4099 15.410308 1.156397 15.898501 14.742105 "" "" 1640.95581 1852.66016 12906.95039 5.4908 5970.6 19.934 10053.0 18.47 "" "" 0.0027937661890392396 0.004574411 0.0042735096 0.00884792 89.83898000853 19.03821970955 1750.03918 -0.015999999999999997 -3.8880000000000003
89.88417615466 19.49599554108 0.0306 0.0245 27.8682 "" "" 3398717336268290944 1910.06555 0.4787 0.0325 1.421 -1.745 0.041 0.027 1.023 9262.1 4.2501 15.410502 1.10172 15.874053 14.772333 "" "" 1814.81543 2053.11499 12904.63565 4.3866 6106.5 17.691 9777.4 14.705 "" "" 0.0027799281838550185 0.004204637 0.004117058 0.008321695 89.88417615466 19.49599554108 1910.06555 1.4210000000000003 -1.745
89.7411502748 18.57878644748 0.0393 0.0323 27.8116 "" "" 3350561437093407360 1644.94995 0.5706 0.0389 -5.207 -2.061 0.05 0.038 0.944 5004.8 4.1437 15.421283 1.532506 16.132883 14.600377 "" "" 1554.92761 1751.46606 12777.13503 4.9074 4811.3 15.856 11455.0 12.911 "" "" 0.0027866975778187385 0.004537403 0.0039725644 0.0085099675 89.7411502748 18.57878644748 1644.94995 -5.207 -2.0609999999999995
89.52522749789 18.97021389402 0.0695 0.0564 17.9026 "" "" 3350639678514445824 1476.79773 0.6722 0.0776 2.241 -4.276 0.086 0.058 2.298 5209.1 4.289 15.434645 1.645902 16.200949 14.555047 "" "" 1310.69592 1645.36536 12620.85545 13.948 4518.9 16.867 11944.0 12.129 "" "" 0.0030052562617451225 0.004920192 0.0039369212 0.008857113 89.52522749789 18.97021389402 1476.79773 2.241 -4.276
90.13071304216 19.2553802108 0.0324 0.0275 21.453 "" "" 3350659950760129024 1548.96826 0.6057 0.0359 -2.524 -1.56 0.042 0.031 1.037 7213.2 4.3842 15.435993 1.27716 15.990804 14.713644 "" "" 1479.74768 1633.2301 12605.18692 5.1058 5484.0 19.449 10320.0 22.941 "" "" 0.002790196917905536 0.0047551948 0.0044843024 0.009239497 90.13071304216 19.2553802108 1548.96826 -2.524 -1.56
89.39816198308 19.16935719866 0.0376 0.0374 25.9844 "" "" 3398684484060891008 1566.91882 0.5972 0.0538 -2.808 -1.78 0.049 0.036 0.978 6066.2 4.354 15.437527 1.193938 15.946238 14.7523 "" "" 1457.25476 1681.03064 12587.399 4.83 5713.8 14.626 9959.5 20.081 "" "" 0.0027866391705520556 0.0039381697 0.0043676114 0.008305781 89.39816198308 19.16935719866 1566.91882 -2.808 -1.7800000000000002
89.66684932155 19.10593761576 0.0314 0.0265 10.3898 "" "" 3350642530372721024 1499.6405 0.6321 0.0357 -0.966 0.642 0.04 0.03 0.963 6073.8 4.2481 15.454675 1.311993 16.03303 14.721037 "" "" 1416.75562 1584.00977 12390.16147 4.6274 5274.8 18.034 10250.0 16.836 "" "" 0.002784998160297004 0.004643721 0.0041790074 0.008822728 89.66684932155 19.10593761576 1499.6405 -0.966 0.6419999999999999
89.84914829406 18.9643084916 0.0344 0.03 4.2743 "" "" 3350625036969549952 1685.39856 0.5565 0.0416 -0.41 -3.239 0.048 0.035 1.133 8466.1 4.1159 15.462421 1.312033 16.03531 14.723278 "" "" 1575.59558 1810.84778 12302.06761 6.1075 5263.7 10.07 10229.0 31.085 "" "" 0.002807550243259811 0.003478433 0.005016983 0.0084954165 89.84914829406 18.9643084916 1685.39856 -0.41 -3.239
89.77117864528 19.03786819742 0.0301 0.0256 3.5428 "" "" 3350638162389691776 1497.39441 0.6332 0.0364 -0.5 -4.35 0.039 0.029 0.956 6757.3 4.3373 15.462718 1.398521 16.09114 14.692619 "" "" 1418.78552 1592.70154 12298.70626 5.2563 4999.9 14.12 10522.0 14.699 "" "" 0.0027941210086340606 0.004145662 0.004072377 0.008218039 89.77117864528 19.03786819742 1497.39441 -0.5 -4.349999999999999
89.40785759211 19.26401581464 0.0318 0.027 27.7945 "" "" 3398698335333106176 1695.59106 0.5535 0.0419 1.245 -3.946 0.041 0.028 0.932 7998.0 4.2744 15.468851 1.414209 16.09832 14.684111 "" "" 1581.55396 1837.3064 12229.43246 4.3092 4966.9 19.317 10605.0 27.29 "" "" 0.0027817533545723963 0.0050611547 0.004699982 0.009761136 89.40785759211 19.26401581464 1695.59106 1.2450000000000003 -3.9459999999999997
89.70463139281 18.8831605315 0.0339 0.0287 11.6355 "" "" 3350622945322070016 1452.74475 0.638 0.0423 0.469 1.404 0.047 0.036 0.94 6522.2 3.9331 15.472652 2.090738 16.538658 14.44792 "" "" 1377.35486 1534.32507 12186.68854 6.1382 3311.0 19.041 13182.0 23.797 "" "" 0.0028090656835819587 0.0068389433 0.0042574042 0.011096347 89.70463139281 18.8831605315 1452.74475 0.4689999999999999 1.404
89.51443908272 18.81910452084 0.0389 0.0307 22.2301 "" "" 3350628717758186112 1783.39062 0.519 0.0414 4.908 -8.097 0.048 0.033 0.983 4934.2 3.5678 15.47731 1.987713 16.477156 14.489443 "" "" 1636.32227 1929.5072 12134.51988 5.8734 3503.9 14.398 12688.0 15.643 "" "" 0.002804989000899466 0.0052620783 0.0040094364 0.009271515 89.51443908272 18.81910452084 1783.39062 4.9079999999999995 -8.097000000000001
89.46187316028 18.74404955947 0.0343 0.0286 27.3448 "" "" 3350625831540195584 1493.9137 0.6328 0.0389 -4.074 -2.918 0.042 0.029 0.936 5968.5 4.3487 15.477903 1.122196 15.949594 14.827398 "" "" 1398.03931 1590.04517 12127.8941 4.6372 5696.1 9.5727 9293.9 11.713 "" "" 0.0027864189824577464 0.0033338296 0.0040194634 0.007353293 89.46187316028 18.74404955947 1493.9137 -4.074 -2.9179999999999997
90.26801014712 19.1134652505 0.0301 0.0261 25.096 "" "" 3350654143964349184 1543.97192 0.6039 0.0345 0.862 -3.478 0.04 0.029 0.983 8165.5 4.3451 15.48855 1.420611 16.128534 14.707923 "" "" 1469.29626 1622.96216 12009.54774 4.8113 4830.6 11.601 10375.0 15.929 "" "" 0.0027894424111776814 0.0038188908 0.004130675 0.007949566 90.26801014712 19.1134652505 1543.97192 0.862 -3.478
89.81422337713 18.63039142152 0.0367 0.0306 24.2409 "" "" 3350563296816307584 1557.02625 0.605 0.0404 -1.237 -2.097 0.041 0.032 0.983 6992.0 4.3409 15.491095 1.197434 16.005463 14.808029 "" "" 1468.74255 1655.29224 11981.4404 5.0329 5410.4 16.051 9461.2 22.586 "" "" 0.0027928106286722915 0.0042614774 0.0045827553 0.008844232 89.81422337713 18.63039142152 1557.02625 -1.2369999999999999 -2.097
90.32300336585 18.97353018538 0.0324 0.0274 28.005 "" "" 3350603944386897920 1435.30713 0.6529 0.0376 1.61 1.541 0.042 0.031 1.022 6143.2 4.1849 15.511478 1.298931 16.081934 14.783003 "" "" 1371.30444 1503.29297 11758.59144 5.2292 5042.5 21.825 9681.8 12.781 "" "" 0.0027973067285830284 0.0054652006 0.004042034 0.009507235 90.32300336585 18.97353018538 1435.30713 1.6099999999999999 1.5410000000000001
89.88161254942 18.70250771813 0.0357 0.0292 20.0759 "" "" 3350569722087344256 1475.78699 0.6217 0.0408 -2.586 -5.75 0.048 0.037 1.042 "" "" 15.512466 2.4292 16.826384 14.397183 18.86 10.09 1401.44116 1560.24536 11747.89604 6.0567 2540.2 15.957 13813.0 23.617 "" "" 0.002811604234997989 0.007369019 0.0042106747 0.011579694 89.88161254942 18.70250771813 1475.78699 -2.5860000000000003 -5.75
89.4229334964 19.23319370692 0.0408 0.0342 26.1631 "" "" 3398686412503895936 1769.44934 0.532 0.0531 -0.163 -5.858 0.053 0.036 1.308 5901.3 4.2145 15.51259 1.317483 16.086966 14.769483 "" "" 1631.86816 1990.5824 11746.55369 4.8473 5019.2 12.261 9803.1 14.709 "" "" 0.0027915097032047806 0.0038496128 0.0041155377 0.00796515 89.4229334964 19.23319370692 1769.44934 -0.16300000000000003 -5.857999999999999
89.71666612387 18.62038255161 0.0389 0.0317 25.6885 "" "" 3350608548591769728 2055.72559 0.4576 0.0411 1.399 -1.092 0.047 0.035 0.978 9614.5 4.2899 15.513306 1.359161 16.111511 14.75235 "" "" 1863.0022 2229.01074 11738.82232 6.1838 4907.0 23.344 9959.1 15.949 "" "" 0.0028140561330177393 0.0058705956 0.0041601667 0.010030762 89.71666612387 18.62038255161 2055.72559 1.399 -1.0920000000000003
89.73955567154 18.96204612507 0.0717 0.0609 6.8589 "" "" 3350636757936872960 1446.63672 0.6983 0.0974 -0.175 -3.758 0.096 0.07 2.062 7662.5 4.2096 15.514165 1.472176 16.164598 14.692423 "" "" 1245.7345 1670.85754 11729.52986 7.9344 4672.8 24.345 10524.0 24.191 "" "" 0.00285152505949737 0.006307327 0.0045290603 0.010836387 89.73955567154 18.96204612507 1446.63672 -0.175 -3.7579999999999996
90.29251804242 19.14689984436 0.034 0.0286 26.8932 "" "" 3350654762439624320 1799.80627 0.5106 0.0365 -0.497 -4.379 0.045 0.033 1.052 5417.6 4.1428 15.523418 1.522862 16.22578 14.702918 "" "" 1692.07678 1935.01013 11629.98616 4.5059 4416.8 12.206 10423.0 16.43 "" "" 0.002787246046313301 0.0040973034 0.0041488376 0.008246141 90.29251804242 19.14689984436 1799.80627 -0.49699999999999994 -4.379
