Clusters/COIN-Gaia_41/COIN-Gaia_41_stars_in_region.tsv
# %ECSV 1.0
# ---
# datatype:
# - name: RA_ICRS_1
#   unit: deg
#   datatype: float64
#   format: '{:15.11f}'
#   description: Right ascension (ICRS) at Ep=2016.0 (ra)
#   meta: !!omap
#   - {ucd: POS_EQ_RA_MAIN}
#   - {width: 15}
#   - {precision: '11'}
# - name: DE_ICRS_1
#   unit: deg
#   datatype: float64
#   format: '{:15.11f}'
#   description: Declination (ICRS) at Ep=2016.0 (dec)
#   meta: !!omap
#   - {ucd: POS_EQ_DEC_MAIN}
#   - {width: 15}
#   - {precision: '11'}
# - name: e_RA_ICRS
#   unit: mas
#   datatype: float64
#   format: '{:7.4f}'
#   description: Standard error of right ascension (ra_error)
#   meta: !!omap
#   - {ucd: ERROR}
#   - {width: 7}
#   - {precision: '4'}
# - name: e_DE_ICRS
#   unit: mas
#   datatype: float64
#   format: '{:7.4f}'
#   description: Standard error of declination (dec_error)
#   meta: !!omap
#   - {ucd: ERROR}
#   - {width: 7}
#   - {precision: '4'}
# - name: _r_1
#   unit: ''
#   datatype: float64
#   format: '{:7.4f}'
#   description: Distance from center (089.83350724000+19.03399448000)[ICRS], at Epoch=J2016.0
#   meta: !!omap
#   - {ucd: POS_ANG_DIST_GENERAL}
#   - {width: 7}
#   - {precision: '4'}
# - name: HIP
#   datatype: int32
#   description: '? HIP cross-id number, van Leeuwen, Cat. I/311 (hip_original_ext_source_id)'
#   meta: !!omap
#   - {ucd: ID_NUMBER}
#   - {width: 6}
#   - values: {'null': -2147483648}
# - name: TYC2
#   datatype: string
#   description: Tycho-2 cross-id name, Hog et al., Cat. I/259 (tyc2_original_ext_source_id)
#   meta: !!omap
#   - {ucd: ID_CROSSID}
#   - {_votable_string_dtype: char}
# - name: Source
#   datatype: int64
#   description: Source identifier, identical to the Gaia-EDR3 source_id (id)
#   meta: !!omap
#   - {ucd: ID_MAIN}
#   - {width: 19}
# - name: rgeo
#   unit: pc
#   datatype: float64
#   format: '{:15.8f}'
#   description: '? Median of the geometric distance posterior (r_med_geo)'
#   meta: !!omap
#   - {ucd: PHYS_DISTANCE_TRUE}
#   - {width: 15}
#   - {precision: '8'}
#   - values: {'null': .nan}
# - name: Plx
#   unit: mas
#   datatype: float64
#   format: '{:9.4f}'
#   description: '? Parallax (parallax)'
#   meta: !!omap
#   - {ucd: POS_PARLX_TRIG}
#   - {width: 9}
#   - {precision: '4'}
#   - values: {'null': .nan}
# - name: e_Plx
#   unit: mas
#   datatype: float32
#   format: '{:7.4f}'
#   description: '? Standard error of parallax (parallax_error)'
#   meta: !!omap
#   - {ucd: ERROR}
#   - {width: 7}
#   - {precision: '4'}
#   - values: {'null': .nan}
# - name: pmRA
#   unit: mas / yr
#   datatype: float64
#   format: '{:9.3f}'
#   description: '? Proper motion in right ascension direction, pmRA*cosDE (pmra)'
#   meta: !!omap
#   - {ucd: POS_EQ_PMRA}
#   - {width: 9}
#   - {precision: '3'}
#   - values: {'null': .nan}
# - name: pmDE
#   unit: mas / yr
#   datatype: float64
#   format: '{:9.3f}'
#   description: '? Proper motion in declination direction (pmdec)'
#   meta: !!omap
#   - {ucd: POS_EQ_PMDEC}
#   - {width: 9}
#   - {precision: '3'}
#   - values: {'null': .nan}
# - name: e_pmRA
#   unit: mas / yr
#   datatype: float32
#   format: '{:6.3f}'
#   description: '? Standard error of proper motion in right ascension direction (pmra_error)'
#   meta: !!omap
#   - {ucd: ERROR}
#   - {width: 6}
#   - {precision: '3'}
#   - values: {'null': .nan}
# - name: e_pmDE
[...]
#         unit: &id001 !astropy.units.Unit {unit: deg}
#         value: !astropy.table.SerializedColumn {name: SkyCoord.dec}
#       distance: !astropy.table.SerializedColumn
#         __class__: astropy.coordinates.distances.Distance
#         unit: !astropy.units.Unit {unit: pc}
#         value: !astropy.table.SerializedColumn {name: SkyCoord.distance}
#       frame: icrs
#       obstime: !astropy.time.Time {format: jyear_str, in_subfmt: '*', jd1: 367701545.0, jd2: 0.0, out_subfmt: '*', precision: 3, scale: tt}
#       pm_dec: !astropy.table.SerializedColumn
#         __class__: astropy.units.quantity.Quantity
#         unit: !astropy.units.Unit {unit: mas / yr}
#         value: !astropy.table.SerializedColumn {name: SkyCoord.pm_dec}
#       pm_ra_cosdec: !astropy.table.SerializedColumn
#         __class__: astropy.units.quantity.Quantity
#         unit: !astropy.units.Unit {unit: mas / yr}
#         value: !astropy.table.SerializedColumn {name: SkyCoord.pm_ra_cosdec}
#       ra: !astropy.table.SerializedColumn
#         __class__: astropy.coordinates.angles.Longitude
#         unit: *id001
#         value: !astropy.table.SerializedColumn {name: SkyCoord.ra}
#         wrap_angle: !astropy.coordinates.Angle
#           unit: *id001
#           value: 360.0
#       representation_type: spherical
# schema: astropy-2.0
RA_ICRS_1 DE_ICRS_1 e_RA_ICRS e_DE_ICRS _r_1 HIP TYC2 Source rgeo Plx e_Plx pmRA pmDE e_pmRA e_pmDE RUWE Teff logg Gmag BP-RP BPmag RPmag RV e_RV b_rgeo B_rgeo FG e_FG FBP e_FBP FRP e_FRP RAVE5 RAVE6 e_Gmag e_BPmag e_RPmag e_BP-RP SkyCoord.ra SkyCoord.dec SkyCoord.distance SkyCoord.pm_ra_cosdec SkyCoord.pm_dec
[from data line 163]
90.16454119944 18.9211971611 0.0256 0.0214 19.9646 "" "" 3350598030213908352 2009.75671 0.4424 0.0287 -1.563 0.635 0.032 0.024 1.039 6079.0 3.0013 15.075694 2.774285 16.64989 13.875606 33.84 3.92 1881.46899 2125.10962 17565.84919 9.453 2988.5 15.636 22331.0 26.157 "" "" 0.002816589867937656 0.006328873 0.0039876173 0.01031649 90.16454119944 18.9211971611 2009.75671 -1.5629999999999995 0.635
89.47655046027 19.29779728473 0.0267 0.0241 25.6865 "" "" 3398687168418121472 1784.76489 0.5145 0.0354 1.053 -3.318 0.034 0.023 1.018 7881.2 4.0642 15.078851 1.476884 15.74688 14.269996 "" "" 1685.4812 1933.36084 17514.8459 5.15 6865.4 21.246 15530.0 16.552 "" "" 0.002773753286838565 0.0043674316 0.00395257 0.008320002 89.47655046027 19.29779728473 1784.76489 1.053 -3.318
89.37837334261 19.05752726256 0.034 0.0263 25.8517 "" "" 3398673939918914304 1481.5271 0.6461 0.0372 0.25 0.266 0.04 0.028 1.122 6653.4 4.2742 15.083381 1.114263 15.555679 14.441417 "" "" 1409.53979 1565.78455 17441.92886 6.1851 8187.4 19.826 13261.0 18.307 "" "" 0.0027820900754268836 0.003833721 0.0040657534 0.007899474 89.37837334261 19.05752726256 1481.5271 0.25 0.266
89.81229235548 19.10728110184 0.0268 0.0225 4.5588 "" "" 3350662489084528640 1473.02307 0.6471 0.0313 1.593 -4.317 0.037 0.028 1.041 5683.0 3.726 15.08928 1.507118 15.778645 14.271526 30.27 11.9 1412.23364 1538.63623 17347.41859 5.9378 6667.4 24.445 15508.0 14.304 "" "" 0.0027802699437384218 0.0048611625 0.00390981 0.0087709725 89.81229235548 19.10728110184 1473.02307 1.5929999999999995 -4.316999999999999
90.04109186527 18.94920367115 0.0265 0.0225 12.829 "" "" 3350644007841617280 1773.36841 0.5115 0.0287 2.14 -2.607 0.032 0.023 1.046 9232.8 3.6256 15.100545 1.762023 15.940081 14.178058 21.01 7.54 1677.52673 1872.69031 17168.36427 5.8126 5746.3 13.394 16902.0 14.062 "" "" 0.0027797325682737146 0.0037669162 0.003885831 0.0076527474 90.04109186527 18.94920367115 1773.36841 2.14 -2.6069999999999998
89.85108215211 19.01441865172 0.0262 0.0222 1.5406 "" "" 3350648921284223360 1565.78601 0.6014 0.0305 -0.618 -4.926 0.037 0.028 0.987 7463.5 4.4085 15.103377 1.081215 15.555135 14.47392 "" "" 1497.65991 1665.62439 17123.62599 6.1896 8191.5 21.02 12870.0 12.045 "" "" 0.0027831297569231904 0.003943005 0.0039135995 0.007856605 89.85108215211 19.01441865172 1565.78601 -0.6180000000000001 -4.926
89.43267585289 19.08698860792 0.032 0.0251 22.9526 "" "" 3398679918513373568 1424.66797 0.6604 0.0361 -1.215 2.175 0.041 0.027 1.009 7030.4 4.3454 15.106037 1.109629 15.568995 14.459367 "" "" 1351.57043 1493.35693 17081.72473 6.2359 8087.6 17.376 13044.0 20.758 "" "" 0.00278368317770945 0.0036368151 0.00415561 0.0077924253 89.43267585289 19.08698860792 1424.66797 -1.2149999999999999 2.175
89.97046256542 19.12289595237 0.0254 0.0219 9.4214 "" "" 3350651566984408448 1668.96497 0.5577 0.0294 1.001 -3.945 0.034 0.024 1.011 5967.9 4.1124 15.111728 1.276163 15.669264 14.393101 "" "" 1599.88513 1741.12415 16992.4307 5.6918 7374.1 13.361 13865.0 19.876 "" "" 0.0027792178674126444 0.0034139457 0.0040873275 0.0075012734 89.97046256542 19.12289595237 1668.96497 1.001 -3.9450000000000003
89.9495194371 19.13971916452 0.0287 0.0254 9.1384 "" "" 3350663352374294656 1583.7196 0.5947 0.0345 -4.908 -1.674 0.036 0.026 1.142 6876.0 4.1097 15.11444 1.334277 15.703851 14.369574 "" "" 1498.22034 1694.30676 16950.04162 5.6608 7142.9 17.73 14169.0 16.63 "" "" 0.0027790772414564256 0.0038791832 0.0039884346 0.0078676175 89.9495194371 19.13971916452 1583.7196 -4.908000000000001 -1.6739999999999997
89.53105002683 19.05335193929 0.0309 0.0234 17.1935 "" "" 3398678986502142720 1429.3938 0.6614 0.0333 0.029 -3.614 0.041 0.026 1.043 6478.9 4.3022 15.12321 1.109548 15.59069 14.481142 "" "" 1368.51831 1497.6051 16813.67632 5.773 7927.6 18.486 12785.0 22.982 "" "" 0.0027804246217257417 0.003767618 0.0042535667 0.008021185 89.53105002683 19.05335193929 1429.3938 0.029 -3.614
89.64831511436 18.93893324721 0.0293 0.0236 11.9553 "" "" 3350635898943697152 1903.84888 0.4749 0.0358 1.275 -3.132 0.038 0.028 0.994 7981.1 4.086 15.132496 1.277578 15.689614 14.412036 "" "" 1759.24036 2083.2998 16670.48849 8.1643 7237.2 21.378 13625.0 20.266 "" "" 0.0028061594956615846 0.0042509916 0.0041099577 0.008360949 89.64831511436 18.93893324721 1903.84888 1.2749999999999997 -3.132
89.7255954449 19.17564508565 0.2415 0.2039 10.4721 "" "" 3350666650909051264 1953.04785 0.6004 0.2559 -8.24 -3.536 0.342 0.275 10.407 5296.3 4.6609 15.142671 1.587688 15.815594 14.227905 -4.92 9.02 1322.60315 3084.22925 16514.99853 60.911 6444.4 14.948 16143.0 18.643 "" "" 0.004860792975694006 0.0037586424 0.003981952 0.0077405944 89.7255954449 19.17564508565 1953.04785 -8.240000000000002 -3.536
89.70959443012 19.46663579084 0.0266 0.0233 26.8907 "" "" 3398719226053944832 1616.61389 0.5756 0.0303 2.075 -2.676 0.035 0.026 0.929 6827.6 4.2258 15.148597 1.233783 15.684076 14.450294 "" "" 1553.03882 1692.72412 16425.10201 5.8901 7274.2 18.415 13153.0 18.494 "" "" 0.0027826932857932976 0.0039166086 0.004076063 0.007992672 89.70959443012 19.46663579084 1616.61389 2.075 -2.676
89.72023677478 19.23183030868 0.0272 0.0222 13.4955 "" "" 3398705516518377856 1595.89392 0.5849 0.0294 4.124 -1.588 0.037 0.027 1.017 5876.8 3.4573 15.150764 1.826346 16.04362 14.217273 -4.31 8.03 1530.35217 1654.66418 16392.35189 5.9177 5223.6 11.935 16302.0 21.814 "" "" 0.002783059100604228 0.0037334962 0.0040490096 0.007782506 89.72023677478 19.23183030868 1595.89392 4.124 -1.588
89.70898213352 18.62313387055 0.0327 0.0267 25.6459 "" "" 3350608750453179520 1427.4884 0.6638 0.0343 2.552 -7.994 0.043 0.031 1.098 6643.3 4.3634 15.172941 1.121736 15.646885 14.525148 "" "" 1362.099 1489.04785 16060.91459 5.2011 7527.7 12.413 12277.0 14.504 "" "" 0.0027776630769989477 0.0033151791 0.003991116 0.007306295 89.70898213352 18.62313387055 1427.4884 2.5520000000000005 -7.994000000000001
90.15062747543 19.24876481982 0.0506 0.0435 22.117 "" "" 3350659675882219776 1678.70886 0.5677 0.0602 0.729 -3.287 0.065 0.052 1.908 8198.5 4.2037 15.175609 1.128162 15.645566 14.517404 "" "" 1512.9873 1880.30078 16021.50885 9.647 7536.9 16.027 12365.0 19.126 "" "" 0.0028318159177459683 0.0036215389 0.004135712 0.007757251 90.15062747543 19.24876481982 1678.70886 0.729 -3.2869999999999995
90.22279150033 19.23243272275 0.0293 0.0242 25.0739 "" "" 3350659091767101312 1698.95813 0.5503 0.0311 -0.867 0.628 0.036 0.027 1.021 "" "" 15.187323 1.791697 16.054672 14.262975 17.31 5.62 1602.63843 1796.48438 15849.57307 5.6392 5170.7 13.272 15630.0 21.929 "" "" 0.0027822682787885175 0.003943539 0.00407482 0.00801836 90.22279150033 19.23243272275 1698.95813 -0.867 0.628
89.68165683216 19.07271413491 0.0275 0.0226 8.9197 "" "" 3350641602659970048 1975.68103 0.467 0.0311 0.062 -2.854 0.034 0.026 0.987 8313.7 3.5995 15.187819 1.103336 15.648308 14.544971 "" "" 1857.25061 2113.14087 15842.33625 6.1093 7517.9 15.866 12055.0 22.252 "" "" 0.002786950647289872 0.0036104603 0.0042778812 0.007888341 89.68165683216 19.07271413491 1975.68103 0.062 -2.854
89.58422676899 19.02503760535 0.0283 0.0223 14.1497 "" "" 3350640331349470592 2089.0188 0.4388 0.032 0.289 -1.213 0.036 0.024 0.987 9202.0 3.9593 15.200743 1.326941 15.784823 14.457883 "" "" 1922.44202 2242.98438 15654.88139 6.3696 6629.6 22.297 13062.0 23.426 "" "" 0.002790509191201784 0.004595568 0.004251512 0.00884708 89.58422676899 19.02503760535 2089.0188 0.28900000000000003 -1.2129999999999999
89.65717221709 19.28128591275 0.031 0.0257 17.8895 "" "" 3398706646091667456 1944.14429 0.4769 0.035 -0.532 -1.222 0.044 0.033 1.054 8901.5 4.3082 15.201228 1.130428 15.678676 14.548247 "" "" 1818.41626 2076.31787 15647.87764 5.9951 7310.5 26.076 12019.0 18.673 "" "" 0.002786543207719954 0.00477317 0.0041387323 0.008911902 89.65717221709 19.28128591275 1944.14429 -0.532 -1.222
89.78213661959 19.41180781142 0.0301 0.0237 22.8549 "" "" 3398715137245077248 1900.30139 0.4914 0.0337 3.757 0.518 0.04 0.029 1.025 4878.2 3.3867 15.203998 2.136472 16.304434 14.167962 60.31 3.34 1751.10291 2050.88135 15608.01022 6.3506 4108.1 16.263 17060.0 23.376 "" "" 0.002790509971100915 0.0051243873 0.004061647 0.009186035 89.78213661959 19.41180781142 1900.30139 3.757 0.5180000000000001
89.41839644548 19.08282145509 0.0326 0.0266 23.723 "" "" 3398679815434162688 1503.72791 0.6263 0.0362 -4.099 -2.994 0.043 0.029 0.969 5841.6 4.1566 15.210476 1.302305 15.781384 14.479079 "" "" 1435.47449 1579.39893 15515.15781 5.8347 6650.6 16.934 12809.0 19.398 "" "" 0.0027854091014822327 0.0039278157 0.004121561 0.008049376 89.41839644548 19.08282145509 1503.72791 -4.099 -2.9940000000000007
89.69441945691 18.72914946424 0.0337 0.0294 19.9223 "" "" 3350614905143339136 1424.20251 0.654 0.0426 1.986 4.548 0.039 0.031 1.021 6583.7 4.3286 15.21186 1.044739 15.64247 14.597732 "" "" 1343.85938 1547.4541 15495.39649 6.0136 7558.4 18.814 11483.0 18.864 "" "" 0.0027873528613077264 0.0038844415 0.0041791187 0.00806356 89.69441945691 18.72914946424 1424.20251 1.9860000000000002 4.548000000000001
89.49589810182 19.19258238901 0.0281 0.0232 21.3746 "" "" 3398685136895394816 1755.36365 0.5303 0.031 -0.042 1.212 0.037 0.025 0.955 7099.0 4.2582 15.222693 1.316087 15.804539 14.488452 "" "" 1660.81653 1865.54858 15341.56679 4.6993 6510.3 22.969 12699.0 16.835 "" "" 0.0027753188250041433 0.004739035 0.0040441896 0.008783225 89.49589810182 19.19258238901 1755.36365 -0.041999999999999996 1.2120000000000002
89.41605717024 19.05509196076 0.0335 0.0266 23.7099 "" "" 3398679574915999744 1465.6582 0.6442 0.0374 -0.572 -3.408 0.041 0.027 1.036 6885.4 4.4572 15.223161 1.091322 15.681159 14.589837 "" "" 1383.98218 1529.88147 15334.94678 5.3153 7293.8 14.028 11567.0 16.76 "" "" 0.002780901706036266 0.0034850407 0.0040937285 0.0075787692 89.41605717024 19.05509196076 1465.6582 -0.572 -3.407999999999999
90.17479886056 19.25916513489 0.028 0.0239 23.5954 "" "" 3350660088199068928 1779.66919 0.5216 0.0326 0.654 -6.252 0.037 0.027 1.0 5075.0 3.5151 15.229638 1.82295 16.122307 14.299356 46.99 8.33 1681.20312 1877.55981 15243.74361 6.0517 4858.4 13.618 15115.0 15.052 "" "" 0.0027888310190555985 0.004128766 0.003930998 0.008059764 90.17479886056 19.25916513489 1779.66919 0.6539999999999999 -6.252
89.99558300768 18.70293389149 0.0302 0.025 21.8916 "" "" 3350570443641828736 2021.31311 0.4578 0.0359 -0.077 -0.803 0.04 0.027 1.107 10389.2 4.3446 15.233795 1.522774 15.930069 14.407295 "" "" 1899.92737 2143.90869 15185.48074 4.9793 5799.5 23.597 13685.0 18.181 "" "" 0.0027782249025740946 0.0052249986 0.004045288 0.009270286 89.99558300768 18.70293389149 2021.31311 -0.077 -0.8029999999999999
89.97520885619 19.03917887706 0.0282 0.024 8.0431 "" "" 3350649917716609664 1886.10205 0.4853 0.0317 1.381 -1.416 0.036 0.027 1.004 8539.8 4.2217 15.234048 1.18295 15.73763 14.55468 "" "" 1788.3772 2025.62952 15181.9454 5.8803 6924.1 18.712 11948.0 13.833 "" "" 0.0027872270042214034 0.0040489803 0.003982945 0.008031925 89.97520885619 19.03917887706 1886.10205 1.3810000000000002 -1.416
89.82774165045 19.06170063439 0.028 0.0238 1.6942 "" "" 3350661050271862528 1769.26001 0.5325 0.0338 -0.373 -3.57 0.039 0.029 1.079 8032.9 4.3117 15.23763 1.158289 15.727951 14.569662 "" "" 1650.94897 1895.96863 15131.95086 6.6047 6986.1 17.122 11784.0 19.479 "" "" 0.0027957765024437292 0.0038556375 0.0041838703 0.008039508 89.82774165045 19.06170063439 1769.26001 -0.373 -3.5700000000000003
89.88586677767 18.85008008206 0.0316 0.0269 11.4279 "" "" 3350620093464071040 1667.19922 0.559 0.0374 0.456 -0.883 0.043 0.032 1.021 "" "" 15.246944 1.419386 15.868807 14.449421 "" "" 1559.21912 1815.70496 15002.68426 6.5975 6136.1 35.029 13164.0 32.296 "" "" 0.0027963824967799675 0.006797181 0.004623745 0.011420926 89.88586677767 18.85008008206 1667.19922 0.45600000000000007 -0.883
90.09023334285 19.3561847558 0.0269 0.0227 24.1935 "" "" 3350673591576240640 1645.02954 0.5563 0.0311 0.326 -5.693 0.035 0.025 0.976 4888.1 3.4126 15.253014 2.014966 16.142853 14.127887 18.43 7.38 1576.26477 1731.5448 14919.05612 7.3523 4767.3 30.77 17701.0 55.109 "" "" 0.002806792380487261 0.007542796 0.005070486 0.012613282 90.09023334285 19.3561847558 1645.02954 0.32599999999999996 -5.693000000000001
89.79480388521 19.18307096842 0.0272 0.0222 9.2098 "" "" 3350667402527178624 1609.11853 0.5828 0.0298 -0.082 -1.722 0.035 0.027 0.958 9001.3 4.2378 15.254693 1.242795 15.79125 14.548455 "" "" 1542.08679 1686.28601 14895.99537 4.8235 6590.5 19.36 12016.0 13.492 "" "" 0.002777659782703176 0.0042376206 0.0039711385 0.008208759 89.79480388521 19.18307096842 1609.11853 -0.082 -1.7220000000000002
89.6565977719 19.22182284757 0.029 0.0232 15.0857 "" "" 3398705306061836672 2108.48242 0.442 0.0313 -0.936 -2.629 0.04 0.028 1.027 9038.5 4.1692 15.260261 1.188071 15.765636 14.577565 "" "" 1963.95874 2314.99194 14819.79942 6.0573 6747.8 16.996 11699.0 12.302 "" "" 0.002790828559261119 0.003906866 0.003948063 0.007854929 89.6565977719 19.22182284757 2108.48242 -0.936 -2.629
89.95779280023 19.09809807564 0.0277 0.025 8.0292 "" "" 3350651154667181312 1892.22803 0.4895 0.0338 -1.791 0.387 0.035 0.026 0.998 8130.1 4.3809 15.268934 1.068523 15.713827 14.645304 "" "" 1778.03455 2035.1051 14701.89061 5.3138 7077.6 15.559 10991.0 17.556 "" "" 0.0027831253190672874 0.0036717795 0.0041582887 0.0078300685 89.95779280023 19.09809807564 1892.22803 -1.7909999999999997 0.387
89.69610508227 19.04111892237 0.0328 0.0265 7.8049 "" "" 3350641293422328064 1493.73962 0.6345 0.0353 7.728 -0.506 0.042 0.031 1.048 5519.2 4.0947 15.27391 1.612662 16.029337 14.416675 "" "" 1399.31018 1576.05481 14634.6636 6.2911 5292.8 13.92 13567.0 13.424 "" "" 0.002794571298267709 0.0039923396 0.0039291005 0.0079214405 89.69610508227 19.04111892237 1493.73962 7.728 -0.5059999999999999
89.65527580055 19.30188956906 0.0277 0.0231 18.9841 "" "" 3398706959627388032 2018.021 0.4578 0.0298 0.228 -3.61 0.037 0.029 0.941 8762.8 4.2758 15.280667 1.237096 15.813517 14.576421 "" "" 1920.69324 2144.34912 14543.86758 5.6207 6456.7 13.7 11711.0 20.685 "" "" 0.0027870868322676648 0.0036183263 0.0042380877 0.007856414 89.65527580055 19.30188956906 2018.021 0.22799999999999998 -3.61
89.82443382167 19.05259065574 0.0356 0.0289 1.2287 "" "" 3350660947192649600 1799.58643 0.52 0.0398 -0.243 -3.567 0.049 0.037 1.183 7659.9 4.341 15.288806 1.100617 15.748624 14.648006 "" "" 1673.34192 1920.11633 14435.24665 5.7122 6854.4 26.745 10964.0 20.841 "" "" 0.0027886159517818945 0.005072689 0.0043061725 0.009378862 89.82443382167 19.05259065574 1799.58643 -0.24299999999999997 -3.5669999999999997
89.90254381772 18.61543735276 0.0339 0.0285 25.4176 "" "" 3350568244618803456 1446.72925 0.6571 0.0413 2.164 -7.727 0.046 0.035 1.029 6008.4 4.0664 15.303338 1.717091 16.122984 14.405893 "" "" 1369.70496 1530.39185 14243.33204 6.1836 4855.4 16.615 13703.0 16.142 "" "" 0.0027953481078652653 0.0046463823 0.003989929 0.008636311 89.90254381772 18.61543735276 1446.72925 2.164 -7.727
89.58928488941 18.88916092306 0.0334 0.0299 16.3574 "" "" 3350629439312648448 1617.59827 0.5816 0.0436 1.249 -4.121 0.041 0.029 1.005 7277.3 4.425 15.305743 1.151107 15.792865 14.641758 "" "" 1502.12524 1740.45618 14211.81577 4.8121 6580.7 13.122 11027.0 16.94 "" "" 0.00277973744107584 0.0035315931 0.0041310713 0.007662664 89.58928488941 18.88916092306 1617.59827 1.2489999999999999 -4.121
