Clusters/COIN-Gaia_41/COIN-Gaia_41_members.tsv
# %ECSV 1.0
# ---
# datatype:
# - name: RA_ICRS_1
#   unit: deg
#   datatype: float64
#   format: '{:15.11f}'
#   description: Right ascension (ICRS) at Ep=2016.0 (ra)
#   meta: !!omap
#   - {ucd: POS_EQ_RA_MAIN}
#   - {width: 15}
#   - {precision: '11'}
# - name: DE_ICRS_1
#   unit: deg
#   datatype: float64
#   format: '{:15.11f}'
#   description: Declination (ICRS) at Ep=2016.0 (dec)
#   meta: !!omap
#   - {ucd: POS_EQ_DEC_MAIN}
#   - {width: 15}
#   - {precision: '11'}
# - name: e_RA_ICRS
#   unit: mas
#   datatype: float64
#   format: '{:7.4f}'
#   description: Standard error of right ascension (ra_error)
#   meta: !!omap
#   - {ucd: ERROR}
#   - {width: 7}
#   - {precision: '4'}
# - name: e_DE_ICRS
#   unit: mas
#   datatype: float64
#   format: '{:7.4f}'
#   description: Standard error of declination (dec_error)
#   meta: !!omap
#   - {ucd: ERROR}
#   - {width: 7}
#   - {precision: '4'}
# - name: _r_1
#   unit: ''
#   datatype: float64
#   format: '{:7.4f}'
#   description: Distance from center (089.83350724000+19.03399448000)[ICRS], at Epoch=J2016.0
#   meta: !!omap
#   - {ucd: POS_ANG_DIST_GENERAL}
#   - {width: 7}
#   - {precision: '4'}
# - name: HIP
#   datatype: int32
#   description: '? HIP cross-id number, van Leeuwen, Cat. I/311 (hip_original_ext_source_id)'
#   meta: !!omap
#   - {ucd: ID_NUMBER}
#   - {width: 6}
#   - values: {'null': -2147483648}
# - name: TYC2
#   datatype: string
#   description: Tycho-2 cross-id name, Hog et al., Cat. I/259 (tyc2_original_ext_source_id)
#   meta: !!omap
#   - {ucd: ID_CROSSID}
#   - {_votable_string_dtype: char}
# - name: Source
#   datatype: int64
#   description: Source identifier, identical to the Gaia-EDR3 source_id (id)
#   meta: !!omap
#   - {ucd: ID_MAIN}
#   - {width: 19}
# - name: rgeo
#   unit: pc
#   datatype: float64
#   format: '{:15.8f}'
#   description: '? Median of the geometric distance posterior (r_med_geo)'
#   meta: !!omap
#   - {ucd: PHYS_DISTANCE_TRUE}
#   - {width: 15}
#   - {precision: '8'}
#   - values: {'null': .nan}
# - name: Plx
#   unit: mas
#   datatype: float64
#   format: '{:9.4f}'
#   description: '? Parallax (parallax)'
#   meta: !!omap
#   - {ucd: POS_PARLX_TRIG}
#   - {width: 9}
#   - {precision: '4'}
#   - values: {'null': .nan}
# - name: e_Plx
#   unit: mas
#   datatype: float32
#   format: '{:7.4f}'
#   description: '? Standard error of parallax (parallax_error)'
#   meta: !!omap
#   - {ucd: ERROR}
#   - {width: 7}
#   - {precision: '4'}
#   - values: {'null': .nan}
# - name: pmRA
#   unit: mas / yr
#   datatype: float64
#   format: '{:9.3f}'
#   description: '? Proper motion in right ascension direction, pmRA*cosDE (pmra)'
#   meta: !!omap
#   - {ucd: POS_EQ_PMRA}
#   - {width: 9}
#   - {precision: '3'}
#   - values: {'null': .nan}
# - name: pmDE
#   unit: mas / yr
#   datatype: float64
#   format: '{:9.3f}'
#   description: '? Proper motion in declination direction (pmdec)'
#   meta: !!omap
#   - {ucd: POS_EQ_PMDEC}
#   - {width: 9}
#   - {precision: '3'}
#   - values: {'null': .nan}
# - name: e_pmRA
#   unit: mas / yr
#   datatype: float32
#   format: '{:6.3f}'
#   description: '? Standard error of proper motion in right ascension direction (pmra_error)'
#   meta: !!omap
#   - {ucd: ERROR}
#   - {width: 6}
#   - {precision: '3'}
#   - values: {'null': .nan}
# - name: e_pmDE
[...]
#       distance: !astropy.table.SerializedColumn
#         __class__: astropy.coordinates.distances.Distance
#         unit: !astropy.units.Unit {unit: pc}
#         value: !astropy.table.SerializedColumn {name: SkyCoord.distance}
#       frame: icrs
#       obstime: !astropy.time.Time {format: jyear_str, in_subfmt: '*', jd1: 367701545.0, jd2: 0.0, out_subfmt: '*', precision: 3, scale: tt}
#       pm_dec: !astropy.table.SerializedColumn
#         __class__: astropy.units.quantity.Quantity
#         unit: !astropy.units.Unit {unit: mas / yr}
#         value: !astropy.table.SerializedColumn {name: SkyCoord.pm_dec}
#       pm_ra_cosdec: !astropy.table.SerializedColumn
#         __class__: astropy.units.quantity.Quantity
#         unit: !astropy.units.Unit {unit: mas / yr}
#         value: !astropy.table.SerializedColumn {name: SkyCoord.pm_ra_cosdec}
#       ra: !astropy.table.SerializedColumn
#         __class__: astropy.coordinates.angles.Longitude
#         unit: *id001
#         value: !astropy.table.SerializedColumn {name: SkyCoord.ra}
#         wrap_angle: !astropy.coordinates.Angle
#           unit: *id001
#           value: 360.0
#       representation_type: spherical
# schema: astropy-2.0
RA_ICRS_1 DE_ICRS_1 e_RA_ICRS e_DE_ICRS _r_1 HIP TYC2 Source rgeo Plx e_Plx pmRA pmDE e_pmRA e_pmDE RUWE Teff logg Gmag BP-RP BPmag RPmag RV e_RV b_rgeo B_rgeo FG e_FG FBP e_FBP FRP e_FRP RAVE5 RAVE6 e_Gmag e_BPmag e_RPmag e_BP-RP SkyCoord.ra SkyCoord.dec SkyCoord.distance SkyCoord.pm_ra_cosdec SkyCoord.pm_dec rmRA rmDE e_rmRA e_rmDE rRV e_rRV v_pec v_pec3d e_vpec e_vpec3d Pmemb
89.98605336794 19.04289186255 0.0123 0.0103 8.6686 "" "" 3350649844700050688 1750.01843 0.5547 0.0139 -0.384 -3.674 0.015 0.011 1.006 5019.0 2.4395 12.049215 1.745934 12.892918 11.146983 6.63 0.4 1711.55273 1786.54443 285272.92703 50.074 95115.0 75.728 275650.0 144.69 "" "" 0.002761903315733093 0.0029210092 0.0038221097 0.006743119 89.98605336794 19.04289186255 1750.01843 -0.384 -3.6740000000000026 -0.05557894372940064 -0.011815761566162042 0.08182209 0.07782209 -11.432857142857145 0.88736844 0.4713355358966243 11.442568751656186 0.038486043314940314 0.8866167249887781 0.9
89.87351998356 18.94285834292 0.0134 0.0112 5.9207 "" "" 3350624212335231744 1722.53455 0.5719 0.0151 -0.403 -3.683 0.018 0.014 1.056 "" "" 12.610433 2.05714 13.659193 11.602053 6.73 0.81 1683.22205 1772.26404 170127.2063 41.534 46961.0 56.507 181270.0 130.36 "" "" 0.002768040729234336 0.0030808817 0.0038591947 0.006940076 89.87351998356 18.94285834292 1722.53455 -0.4030000000000002 -3.683 -0.07457894372940066 -0.02081576156616194 0.08482209 0.08082209 -11.332857142857144 1.2973684 0.6321967783500118 11.350476808793731 0.05344550083821618 1.2953578860248691 0.8
89.80777940498 19.00439308047 0.0144 0.0121 2.2988 "" "" 3350637131596855680 1577.48621 0.6137 0.0164 -0.327 -3.599 0.02 0.014 0.966 5375.4 2.5852 12.727385 2.392127 14.012607 11.62048 7.11 0.7 1545.64758 1621.5304 152754.16968 89.06 33914.0 75.67 178220.0 214.85 "" "" 0.002827100491387643 0.0036950908 0.003999615 0.007694706 89.80777940498 19.00439308047 1577.48621 -0.3270000000000001 -3.5989999999999993 0.0014210562705993524 0.06318423843383769 0.08682209 0.08082209 -10.952857142857145 1.1873684 0.4725660090755269 10.963046940735515 0.03819525817500336 1.1862659149258732 0.8
89.8640557695 19.01207031313 0.015 0.0125 2.1756 "" "" 3350648852565082240 1739.05444 0.5327 0.0163 -0.295 -3.691 0.022 0.016 0.982 "" "" 13.432648 0.721067 13.710066 12.988999 "" "" 1699.44189 1793.34509 79778.82705 21.706 44812.0 29.915 50531.0 39.057 "" "" 0.002771110418707123 0.0028827738 0.0038714318 0.0067542056 89.8640557695 19.01207031313 1739.05444 -0.295 -3.690999999999996 0.03342105627059938 -0.028815761566161946 0.08882209 0.08282209 "" "" 0.36375555715581565 "" 0.03139744117373346 "" 1.0
89.69867461178 19.15903453255 0.0137 0.0111 10.7111 "" "" 3350666238592192768 1734.82043 0.5331 0.0149 -0.377 -3.685 0.018 0.013 1.056 9468.0 3.7436 13.485356 0.880144 13.834153 12.954009 "" "" 1689.96155 1772.79602 75998.38109 17.081 39972.0 38.254 52186.0 29.593 "" "" 0.0027661050780201676 0.0029773675 0.003829203 0.0068065706 89.69867461178 19.15903453255 1734.82043 -0.377 -3.6849999999999996 -0.04857894372940064 -0.022815761566162163 0.08482209 0.07982209 "" "" 0.4413313260626116 "" 0.03704559013063124 "" 0.9
89.81559837157 18.96935047743 0.0143 0.0121 4.0095 "" "" 3350625213064766208 1591.04285 0.5686 0.0169 -0.362 -3.597 0.02 0.015 0.992 4878.3 2.266 13.584062 2.852133 15.220253 12.36812 7.0 0.93 1548.02588 1645.00122 69394.01556 38.75 11151.0 21.449 89518.0 81.023 "" "" 0.002821234858002651 0.0034851886 0.003905052 0.0073902407 89.81559837157 18.96935047743 1591.04285 -0.362 -3.596999999999999 -0.03357894372940062 0.06518423843383792 0.08682209 0.08182209 -11.062857142857144 1.4173684 0.5529823513709726 11.07666906809954 0.045839840691228394 1.4156028905359757 0.8
89.89425675502 18.60040574476 0.0197 0.0174 26.2431 "" "" 3350562300383883264 1783.06335 0.5209 0.026 -0.4 -3.715 0.026 0.02 1.049 8600.6 3.4958 13.847796 1.119169 14.316766 13.197597 "" "" 1699.90747 1871.28259 54428.71918 12.626 25628.0 22.123 41698.0 26.418 "" "" 0.0027668074876258876 0.0029433786 0.003841471 0.00678485 89.89425675502 18.60040574476 1783.06335 -0.4 -3.714999999999997 -0.07157894372940066 -0.05281576156616197 0.09282209 0.08682209 "" "" 0.7518255246728872 "" 0.06822986270651413 "" 0.8
89.69830325807 18.80702166907 0.0185 0.0163 15.6317 "" "" 3350622051968893824 2070.35742 0.4442 0.0243 -0.164 -3.681 0.025 0.02 1.023 6044.8 2.8192 13.888389 2.15234 15.002738 12.850398 15.1 2.24 1978.2019 2171.18994 52431.38977 16.763 13625.0 27.076 57412.0 37.862 "" "" 0.0027771000156084124 0.0035270832 0.0038466104 0.0073736934 89.69830325807 18.80702166907 2070.35742 -0.16400000000000017 -3.681 0.16442105627059936 -0.01881576156616216 0.09182209 0.08682209 -2.9628571428571444 2.7273684 1.6240759636202222 3.378778652795793 0.14902390124354248 2.3927067328546845 0.8
89.6439332773 19.20433463527 0.0176 0.0141 14.8309 "" "" 3398705207280892288 1674.30933 0.5551 0.0197 -0.247 -3.663 0.025 0.017 1.067 9121.4 4.1147 13.929748 0.84175 14.262804 13.421054 "" "" 1622.27563 1721.7124 50471.66153 15.508 26934.0 36.584 33942.0 20.259 "" "" 0.0027754426092788057 0.0031559304 0.0038345389 0.006990469 89.6439332773 19.20433463527 1674.30933 -0.247 -3.6629999999999976 0.08142105627059937 -0.0008157615661619211 0.09182209 0.08382209 "" "" 0.6462083531674244 "" 0.059335703834639486 "" 0.9
89.84603159138 18.90834164931 0.0175 0.0153 7.5726 "" "" 3350623976114190464 1676.46704 0.5576 0.0211 -0.405 -3.713 0.023 0.018 0.939 7947.7 3.5807 14.049109 1.147503 14.531982 13.384479 "" "" 1618.66394 1743.70276 45217.14831 12.996 21020.0 26.562 35105.0 27.492 "" "" 0.0027729348341821187 0.0031092472 0.0038738486 0.006983096 89.84603159138 18.90834164931 1676.46704 -0.40500000000000014 -3.712999999999999 -0.07657894372940066 -0.05081576156616219 0.08982209 0.08482209 "" "" 0.73032087515656 "" 0.0645045408538883 "" 0.9
89.87033695971 19.05019614499 0.0182 0.0153 2.304 "" "" 3350661084631595392 1664.70264 0.5509 0.0206 -0.324 -3.629 0.026 0.018 0.967 9197.7 4.0944 14.142781 0.83943 14.475724 13.636294 "" "" 1609.0094 1718.72937 41479.55243 13.035 22137.0 23.288 27838.0 19.036 "" "" 0.002776365013737088 0.0030149035 0.003851616 0.0068665193 89.87033695971 19.05019614499 1664.70264 -0.324 -3.6289999999999987 0.004421056270599355 0.03318423843383789 0.09282209 0.08482209 "" "" 0.2641601689067811 "" 0.02244517777828632 "" 0.9
89.71886969185 19.05006028972 0.0195 0.017 6.5729 "" "" 3350638372844562176 1702.20813 0.5479 0.024 -0.377 -3.656 0.024 0.018 0.97 7999.2 4.053 14.251988 1.073183 14.698397 13.625214 "" "" 1624.39685 1780.3374 37510.3706 9.629 18033.0 21.277 28124.0 29.797 "" "" 0.002769380656814123 0.0030702024 0.0039505656 0.007020768 89.71886969185 19.05006028972 1702.20813 -0.377 -3.656000000000001 -0.04857894372940064 0.006184238433837752 0.090822086 0.08482209 "" "" 0.3951208531500363 "" 0.03584912290538781 "" 0.9
89.80544428814 19.04941200321 0.0187 0.0158 1.8409 "" "" 3350660912832914560 1647.40234 0.5651 0.0222 -0.248 -3.696 0.026 0.02 1.028 9183.9 4.1185 14.31488 0.97456 14.71345 13.738891 "" "" 1588.99316 1708.06323 35399.30663 9.4128 17784.0 24.405 25328.0 24.3 "" "" 0.002770403888161939 0.0031630711 0.0039203065 0.007083378 89.80544428814 19.04941200321 1647.40234 -0.24799999999999997 -3.696 0.08042105627059937 -0.03381576156616228 0.09282209 0.08682209 "" "" 0.6812403531239449 "" 0.06263707377003969 "" 0.9
89.64683080268 19.41680682995 0.0193 0.0179 25.2866 "" "" 3398713144380271104 1839.46277 0.5015 0.024 -0.392 -3.71 0.025 0.019 0.963 7802.5 4.3015 14.315976 0.857675 14.659346 13.801671 "" "" 1780.98303 1907.1825 35363.57518 13.334 18693.0 21.713 23905.0 27.503 "" "" 0.0027855668885931897 0.0030619495 0.003980466 0.0070424154 89.64683080268 19.41680682995 1839.46277 -0.3919999999999997 -3.71 -0.06357894372940065 -0.047815761566162074 0.09182209 0.08582209 "" "" 0.6936240887696069 "" 0.062218623457268744 "" 0.9
89.74240433381 19.07176019651 0.0192 0.0161 5.6418 "" "" 3350661977984811008 1701.32239 0.5475 0.0218 -0.285 -3.631 0.025 0.018 1.085 9212.6 4.0295 14.328817 0.995764 14.732511 13.736748 "" "" 1645.47339 1773.5387 34947.79523 8.3551 17475.0 42.667 25378.0 32.617 "" "" 0.0027675199198142803 0.0038487022 0.0040287687 0.007877471 89.74240433381 19.07176019651 1701.32239 -0.28499999999999964 -3.631 0.04342105627059939 0.031184238433838107 0.09182209 0.08482209 "" "" 0.4311062144634692 "" 0.03858470732772258 "" 1.0
89.95198784001 18.9259067382 0.0239 0.0202 9.3407 "" "" 3350644454518235136 2018.16235 0.4527 0.0266 -0.272 -3.62 0.032 0.022 1.235 9020.6 3.5051 14.383981 1.193636 14.88846 13.694824 "" "" 1923.99316 2116.28296 33216.53162 10.627 15137.0 15.018 26377.0 45.1 "" "" 0.0027771296107326386 0.0029908877 0.0042107017 0.0072015896 89.95198784001 18.9259067382 2018.16235 -0.272 -3.619999999999999 0.056421056270599346 0.042184238433837784 0.09882209 0.08882209 "" "" 0.6739067741450872 "" 0.06426179362489193 "" 0.9
89.7952971106 18.89446853662 0.0232 0.0191 8.6478 "" "" 3350624285351848832 1722.76599 0.5409 0.0283 -0.316 -3.613 0.031 0.023 1.127 7994.2 2.9683 14.387955 1.913826 15.32552 13.411695 100.01 5.65 1648.63977 1805.92444 33095.17623 12.566 10121.0 24.086 34236.0 39.07 "" "" 0.002785989289544379 0.0038027985 0.0039773034 0.007780102 89.7952971106 18.89446853662 1722.76599 -0.316 -3.6129999999999987 0.012421056270599362 0.0491842384338379 0.097822085 0.08982209 81.94714285714286 6.1373687 0.41424370033479724 81.94818985366453 0.03741519039509131 6.137290268957822 0.9
89.93580332015 19.10718425696 0.0198 0.0172 7.2756 "" "" 3350662871337966720 1731.43152 0.5348 0.0229 -0.347 -3.651 0.026 0.018 1.02 8190.9 4.2804 14.533557 0.978262 14.93452 13.956258 "" "" 1650.45752 1809.97266 28941.68829 7.7546 14508.0 23.062 20733.0 16.303 "" "" 0.002770635035573011 0.003280816 0.0038746113 0.0071554272 89.93580332015 19.10718425696 1731.43152 -0.3470000000000002 -3.650999999999998 -0.01857894372940061 0.01118423843383809 0.09282209 0.08482209 "" "" 0.17797323089259814 "" 0.016153385095325122 "" 0.9
89.79994286573 19.03450739131 0.0214 0.0179 1.904 "" "" 3350660878473181056 1691.42615 0.5549 0.0249 -0.524 -3.745 0.028 0.022 0.959 9231.8 4.1308 14.606189 1.023991 15.026581 14.00259 "" "" 1627.90808 1759.52588 27068.94647 8.1192 13329.0 31.381 19867.0 19.201 "" "" 0.0027744989986363427 0.0037840675 0.003922351 0.0077064186 89.79994286573 19.03450739131 1691.42615 -0.5239999999999996 -3.744999999999999 -0.19557894372940066 -0.08281576156616222 0.094822094 0.08882209 "" "" 1.7028082406409861 "" 0.15995254686012808 "" 0.8
89.82305169035 18.99762066939 0.0261 0.0234 2.2616 "" "" 3350637067174495104 1777.80139 0.5181 0.0305 -0.35 -3.595 0.035 0.027 1.233 8947.5 3.4387 14.696947 1.470715 15.359657 13.888943 "" "" 1704.72937 1884.24304 24898.18706 7.9595 9807.4 16.943 22059.0 17.07 "" "" 0.002777095784967161 0.0033620314 0.0038716441 0.0072336756 89.82305169035 18.99762066939 1777.80139 -0.35 -3.595 -0.021578943729400613 0.0671842384338377 0.10182209 0.09382209 "" "" 0.5946328535040347 "" 0.05625161348092154 "" 0.8
89.68241587471 19.02439818462 0.0255 0.0207 8.5894 "" "" 3350637921871508480 1700.65881 0.5474 0.0282 -0.323 -3.642 0.032 0.023 1.08 8435.6 4.2118 14.706234 0.959027 15.09611 14.137083 "" "" 1620.73999 1779.08582 24686.12925 8.0145 12502.0 23.24 17552.0 25.199 "" "" 0.002777775934362675 0.0034436164 0.0040882123 0.0075318287 89.68241587471 19.02439818462 1700.65881 -0.323 -3.642000000000001 0.005421056270599356 0.020184238433837987 0.09882209 0.08982209 "" "" 0.1684738655592969 "" 0.015239425380009861 "" 0.9
89.9192906707 18.9283321486 0.0237 0.0197 7.9926 "" "" 3350647340736264192 1749.3219 0.5304 0.0274 -0.266 -3.627 0.033 0.023 0.976 "" "" 14.759524 1.421258 15.395114 13.973856 "" "" 1675.84558 1836.61548 23503.73265 8.2638 9492.3 17.508 20399.0 23.37 "" "" 0.0027816388247107002 0.0034344383 0.0039788107 0.007413249 89.9192906707 18.9283321486 1749.3219 -0.266 -3.6269999999999962 0.06242105627059935 0.03518423843383811 0.09982209 0.08982209 "" "" 0.5941409615715731 "" 0.05793163920464116 "" 0.9
89.87368789564 19.0497194985 0.023 0.0193 2.4665 "" "" 3350661084631594496 1663.58142 0.566 0.0272 -0.268 -3.685 0.031 0.022 0.959 6967.6 4.0953 14.853982 1.186716 15.360793 14.174077 -16.14 7.79 1574.42249 1739.7915 21545.36938 6.7246 9797.1 14.536 16964.0 17.67 "" "" 0.0027760807318690144 0.0032218138 0.0039449604 0.007166774 89.87368789564 19.0497194985 1663.58142 -0.268 -3.685 0.06042105627059935 -0.022815761566162163 0.097822085 0.08882209 -34.20285714285714 8.277369 0.5092794946749267 34.20664851075577 0.04927006718333302 8.276451137987715 0.9
89.81510343146 19.16410852151 0.0261 0.0213 7.8763 "" "" 3350667131945536256 1688.96802 0.5519 0.0285 -0.374 -3.641 0.033 0.025 1.146 "" "" 14.927517 1.412404 15.558327 14.145923 "" "" 1621.28076 1771.74939 20134.45082 6.4914 8167.4 16.579 17410.0 20.148 "" "" 0.00277746653179696 0.0035556122 0.003982773 0.007538385 89.81510343146 19.16410852151 1688.96802 -0.374 -3.641 -0.045578943729400634 0.021184238433837876 0.09982209 0.09182209 "" "" 0.4023784107399474 "" 0.039613517051082174 "" 1.0
89.936165499 19.02838907804 0.0262 0.0224 5.8325 "" "" 3350649123146221184 1646.22681 0.5695 0.0318 -0.373 -3.673 0.034 0.024 1.014 7494.8 3.9927 14.991805 1.131814 15.470456 14.338642 "" "" 1570.37915 1729.38 18976.88015 6.1349 8855.9 19.47 14578.0 15.463 "" "" 0.002777587141959507 0.0036719136 0.003950952 0.007622866 89.936165499 19.02838907804 1646.22681 -0.373 -3.673 -0.04457894372940063 -0.010815761566162152 0.10082209 0.090822086 "" "" 0.3579464118689766 "" 0.035899285446017414 "" 0.8
89.77647357967 18.96701960893 0.0261 0.0243 5.1592 "" "" 3350636895375817472 1822.23853 0.5107 0.0341 -0.353 -3.714 0.034 0.026 0.977 9001.3 3.6605 15.026872 1.421125 15.661117 14.239991 "" "" 1735.91138 1923.72986 18373.756 8.3441 7429.7 19.062 15965.0 22.531 "" "" 0.002799089920950503 0.003942678 0.004078184 0.008020862 89.77647357967 18.96701960893 1822.23853 -0.3530000000000001 -3.7140000000000026 -0.024578943729400615 -0.05181576156616208 0.10082209 0.09282209 "" "" 0.4953536262960804 "" 0.0467328529011519 "" 0.8
89.82774165045 19.06170063439 0.028 0.0238 1.6942 "" "" 3350661050271862528 1769.26001 0.5325 0.0338 -0.373 -3.57 0.039 0.029 1.079 8032.9 4.3117 15.23763 1.158289 15.727951 14.569662 "" "" 1650.94897 1895.96863 15131.95086 6.6047 6986.1 17.122 11784.0 19.479 "" "" 0.0027957765024437292 0.0038556375 0.0041838703 0.008039508 89.82774165045 19.06170063439 1769.26001 -0.373 -3.5700000000000007 -0.04457894372940063 0.09218423843383805 0.10582209 0.09582209 "" "" 0.8587340718594131 "" 0.0839807346181502 "" 0.9
89.82443382167 19.05259065574 0.0356 0.0289 1.2287 "" "" 3350660947192649600 1799.58643 0.52 0.0398 -0.243 -3.567 0.049 0.037 1.183 7659.9 4.341 15.288806 1.100617 15.748624 14.648006 "" "" 1673.34192 1920.11633 14435.24665 5.7122 6854.4 26.745 10964.0 20.841 "" "" 0.0027886159517818945 0.005072689 0.0043061725 0.009378862 89.82443382167 19.05259065574 1799.58643 -0.24299999999999988 -3.566999999999999 0.08542105627059937 0.09518423843383772 0.11582209 0.10382209 "" "" 1.0909382555870484 "" 0.11928113621992828 "" 0.9
89.88196076027 18.94941608554 0.0291 0.0251 5.7714 "" "" 3350647615614172800 1533.08142 0.605 0.0336 -0.249 -3.735 0.039 0.03 1.042 8824.8 4.3509 15.314549 1.245055 15.854697 14.609642 "" "" 1466.08521 1612.05359 14097.00554 6.9305 6216.4 14.477 11358.0 16.332 "" "" 0.002806547719365153 0.0037654203 0.0040891455 0.007854566 89.88196076027 18.94941608554 1533.08142 -0.24900000000000003 -3.735 0.07942105627059937 -0.07281576156616199 0.10582209 0.09682209 "" "" 0.7829908129434727 "" 0.07971676458800056 "" 0.8
89.82745788717 18.98266200269 0.0299 0.0257 3.099 "" "" 3350625316143976448 1837.76392 0.5046 0.0346 -0.252 -3.654 0.042 0.032 1.048 9392.5 4.142 15.327197 1.390474 15.945979 14.555505 "" "" 1754.49194 1969.61487 13933.74784 5.2176 5715.1 20.124 11939.0 20.509 "" "" 0.0027851539157762507 0.0047329785 0.004214535 0.008947514 89.82745788717 18.98266200269 1837.76392 -0.25199999999999984 -3.6539999999999977 0.07642105627059936 0.008184238433837976 0.10882209 0.09882209 "" "" 0.6695105347907234 "" 0.072785072970483 "" 0.9
