Clusters/COIN-Gaia_41/COIN-Gaia_41_stars_in_region.tsv
# %ECSV 1.0
# ---
# datatype:
# - name: RA_ICRS_1
#   unit: deg
#   datatype: float64
#   format: '{:15.11f}'
#   description: Right ascension (ICRS) at Ep=2016.0 (ra)
#   meta: !!omap
#   - {ucd: POS_EQ_RA_MAIN}
#   - {width: 15}
#   - {precision: '11'}
# - name: DE_ICRS_1
#   unit: deg
#   datatype: float64
#   format: '{:15.11f}'
#   description: Declination (ICRS) at Ep=2016.0 (dec)
#   meta: !!omap
#   - {ucd: POS_EQ_DEC_MAIN}
#   - {width: 15}
#   - {precision: '11'}
# - name: e_RA_ICRS
#   unit: mas
#   datatype: float64
#   format: '{:7.4f}'
#   description: Standard error of right ascension (ra_error)
#   meta: !!omap
#   - {ucd: ERROR}
#   - {width: 7}
#   - {precision: '4'}
# - name: e_DE_ICRS
#   unit: mas
#   datatype: float64
#   format: '{:7.4f}'
#   description: Standard error of declination (dec_error)
#   meta: !!omap
#   - {ucd: ERROR}
#   - {width: 7}
#   - {precision: '4'}
# - name: _r_1
#   unit: ''
#   datatype: float64
#   format: '{:7.4f}'
#   description: Distance from center (089.83350724000+19.03399448000)[ICRS], at Epoch=J2016.0
#   meta: !!omap
#   - {ucd: POS_ANG_DIST_GENERAL}
#   - {width: 7}
#   - {precision: '4'}
# - name: HIP
#   datatype: int32
#   description: '? HIP cross-id number, van Leeuwen, Cat. I/311 (hip_original_ext_source_id)'
#   meta: !!omap
#   - {ucd: ID_NUMBER}
#   - {width: 6}
#   - values: {'null': -2147483648}
# - name: TYC2
#   datatype: string
#   description: Tycho-2 cross-id name, Hog et al., Cat. I/259 (tyc2_original_ext_source_id)
#   meta: !!omap
#   - {ucd: ID_CROSSID}
#   - {_votable_string_dtype: char}
# - name: Source
#   datatype: int64
#   description: Source identifier, identical to the Gaia-EDR3 source_id (id)
#   meta: !!omap
#   - {ucd: ID_MAIN}
#   - {width: 19}
# - name: rgeo
#   unit: pc
#   datatype: float64
#   format: '{:15.8f}'
#   description: '? Median of the geometric distance posterior (r_med_geo)'
#   meta: !!omap
#   - {ucd: PHYS_DISTANCE_TRUE}
#   - {width: 15}
#   - {precision: '8'}
#   - values: {'null': .nan}
# - name: Plx
#   unit: mas
#   datatype: float64
#   format: '{:9.4f}'
#   description: '? Parallax (parallax)'
#   meta: !!omap
#   - {ucd: POS_PARLX_TRIG}
#   - {width: 9}
#   - {precision: '4'}
#   - values: {'null': .nan}
# - name: e_Plx
#   unit: mas
#   datatype: float32
#   format: '{:7.4f}'
#   description: '? Standard error of parallax (parallax_error)'
#   meta: !!omap
#   - {ucd: ERROR}
#   - {width: 7}
#   - {precision: '4'}
#   - values: {'null': .nan}
# - name: pmRA
#   unit: mas / yr
#   datatype: float64
#   format: '{:9.3f}'
#   description: '? Proper motion in right ascension direction, pmRA*cosDE (pmra)'
#   meta: !!omap
#   - {ucd: POS_EQ_PMRA}
#   - {width: 9}
#   - {precision: '3'}
#   - values: {'null': .nan}
# - name: pmDE
#   unit: mas / yr
#   datatype: float64
#   format: '{:9.3f}'
#   description: '? Proper motion in declination direction (pmdec)'
#   meta: !!omap
#   - {ucd: POS_EQ_PMDEC}
#   - {width: 9}
#   - {precision: '3'}
#   - values: {'null': .nan}
# - name: e_pmRA
#   unit: mas / yr
#   datatype: float32
#   format: '{:6.3f}'
#   description: '? Standard error of proper motion in right ascension direction (pmra_error)'
#   meta: !!omap
#   - {ucd: ERROR}
#   - {width: 6}
#   - {precision: '3'}
#   - values: {'null': .nan}
# - name: e_pmDE
[...]
#         unit: &id001 !astropy.units.Unit {unit: deg}
#         value: !astropy.table.SerializedColumn {name: SkyCoord.dec}
#       distance: !astropy.table.SerializedColumn
#         __class__: astropy.coordinates.distances.Distance
#         unit: !astropy.units.Unit {unit: pc}
#         value: !astropy.table.SerializedColumn {name: SkyCoord.distance}
#       frame: icrs
#       obstime: !astropy.time.Time {format: jyear_str, in_subfmt: '*', jd1: 367701545.0, jd2: 0.0, out_subfmt: '*', precision: 3, scale: tt}
#       pm_dec: !astropy.table.SerializedColumn
#         __class__: astropy.units.quantity.Quantity
#         unit: !astropy.units.Unit {unit: mas / yr}
#         value: !astropy.table.SerializedColumn {name: SkyCoord.pm_dec}
#       pm_ra_cosdec: !astropy.table.SerializedColumn
#         __class__: astropy.units.quantity.Quantity
#         unit: !astropy.units.Unit {unit: mas / yr}
#         value: !astropy.table.SerializedColumn {name: SkyCoord.pm_ra_cosdec}
#       ra: !astropy.table.SerializedColumn
#         __class__: astropy.coordinates.angles.Longitude
#         unit: *id001
#         value: !astropy.table.SerializedColumn {name: SkyCoord.ra}
#         wrap_angle: !astropy.coordinates.Angle
#           unit: *id001
#           value: 360.0
#       representation_type: spherical
# schema: astropy-2.0
RA_ICRS_1 DE_ICRS_1 e_RA_ICRS e_DE_ICRS _r_1 HIP TYC2 Source rgeo Plx e_Plx pmRA pmDE e_pmRA e_pmDE RUWE Teff logg Gmag BP-RP BPmag RPmag RV e_RV b_rgeo B_rgeo FG e_FG FBP e_FBP FRP e_FRP RAVE5 RAVE6 e_Gmag e_BPmag e_RPmag e_BP-RP SkyCoord.ra SkyCoord.dec SkyCoord.distance SkyCoord.pm_ra_cosdec SkyCoord.pm_dec
[from data line 532]
89.52657852986 19.05242878646 0.0597 0.0493 17.443 "" "" 3398678986502140672 1596.08984 0.605 0.0649 3.256 -0.332 0.081 0.055 1.003 5575.9 4.6517 16.61504 1.412253 17.25391 15.841657 "" "" 1460.88965 1820.41077 4255.30585 3.0079 1713.4 8.3894 3651.7 16.282 "" "" 0.0028602075767670257 0.0060038646 0.006141597 0.0121454615 89.52657852986 19.05242878646 1596.08984 3.2560000000000002 -0.3320000000000001
89.75436097327 19.3620549386 0.06 0.0511 20.1881 "" "" 3398708883772707072 1633.0957 0.6023 0.0605 2.107 -3.811 0.073 0.058 0.999 5326.4 4.4639 16.62031 1.64767 17.402061 15.754392 "" "" 1475.9812 1796.77234 4234.70481 2.9444 1494.8 12.842 3957.3 13.318 "" "" 0.0028568664470023574 0.009736054 0.005256918 0.014992971 89.75436097327 19.3620549386 1633.0957 2.107 -3.811
89.66068449478 19.07109505317 0.0603 0.0497 10.0509 "" "" 3350641637019711872 1537.3501 0.6191 0.0667 4.143 2.789 0.074 0.055 1.041 5473.0 4.5987 16.621822 1.597079 17.363737 15.766658 "" "" 1391.76941 1708.83948 4228.80485 3.5565 1548.5 13.433 3912.9 14.946 "" "" 0.0029026856072780194 0.009823184 0.0056109396 0.015434124 89.66068449478 19.07109505317 1537.3501 4.143000000000001 2.7890000000000006
89.78015460584 19.2080945613 0.0496 0.0429 10.8751 "" "" 3350668231457014784 1578.59985 0.6199 0.0544 1.268 -5.441 0.061 0.049 0.966 5803.2 4.4869 16.62314 1.713009 17.44405 15.731041 "" "" 1469.25317 1716.65186 4223.67593 2.7177 1438.1 14.591 4043.4 13.767 "" "" 0.0028425070388977884 0.01136377 0.0052867276 0.016650498 89.78015460584 19.2080945613 1578.59985 1.268 -5.441
89.71906608346 19.28275224674 0.0628 0.0496 16.2739 "" "" 3398707371944465664 1773.79761 0.5516 0.0672 -0.936 0.435 0.077 0.057 1.1 5613.9 4.5358 16.625326 1.488701 17.29627 15.807569 "" "" 1577.59253 2042.11609 4215.17927 3.0642 1647.8 14.154 3768.2 13.095 "" "" 0.0028661360444958758 0.009734514 0.005340398 0.015074912 89.71906608346 19.28275224674 1773.79761 -0.936 0.435
90.05955982079 19.42492440665 0.0587 0.0475 26.7241 "" "" 3374696133937404544 2076.4812 0.4417 0.0637 3.7 -4.087 0.073 0.053 1.067 5739.7 4.3768 16.625746 1.839227 17.51163 15.672402 "" "" 1853.38611 2374.25781 4213.54926 2.7791 1351.3 26.965 4267.7 15.854 "" "" 0.002846858702066003 0.021844635 0.0055273767 0.027372012 90.05955982079 19.42492440665 2076.4812 3.6999999999999997 -4.087
90.25021767193 19.24246727824 0.0587 0.0499 26.7282 "" "" 3350659126126380032 1930.19946 0.4961 0.0653 10.687 -11.145 0.073 0.054 0.991 6006.0 4.3682 16.626596 1.902597 17.564684 15.662087 "" "" 1713.38916 2295.32788 4210.24969 2.9197 1286.9 11.154 4308.5 11.464 "" "" 0.0028563426134779967 0.009815372 0.004757052 0.014572423 90.25021767193 19.24246727824 1930.19946 10.687 -11.145
90.06096935991 19.33558451868 0.0528 0.0439 22.2169 "" "" 3350673071882771840 1925.0769 0.49 0.0608 -0.311 -1.417 0.068 0.047 1.012 5473.0 4.3414 16.63413 1.833403 17.498379 15.664976 "" "" 1758.6438 2214.48462 4181.13982 3.1386 1367.9 11.994 4297.0 15.267 "" "" 0.0028733323638205992 0.009920394 0.005400416 0.01532081 90.06096935991 19.33558451868 1925.0769 -0.31100000000000005 -1.4170000000000003
89.82788357742 19.04793402675 0.0686 0.0557 0.8951 "" "" 3350660947192650112 1538.37952 0.6497 0.0765 -0.315 -3.685 0.091 0.068 1.094 5211.4 4.7354 16.63948 1.391598 17.264217 15.87262 "" "" 1371.97888 1736.12341 4160.58855 3.602 1697.2 9.2229 3549.0 9.6882 "" "" 0.002911241995884463 0.0065265717 0.0048029516 0.011329523 89.82788357742 19.04793402675 1538.37952 -0.31499999999999995 -3.6850000000000005
89.63357686812 18.96356629253 0.061 0.0512 12.1039 "" "" 3350636100805302784 1718.1925 0.5625 0.0764 1.401 -1.435 0.08 0.056 0.993 "" "" 16.642712 1.708078 17.447887 15.739809 "" "" 1569.74951 1909.46118 4148.21964 3.353 1433.1 13.577 4010.8 13.834 "" "" 0.0028917070030575875 0.010657829 0.005320532 0.01597836 89.63357686812 18.96356629253 1718.1925 1.4010000000000005 -1.435
89.72793881996 18.76276405979 0.0647 0.0577 17.3421 "" "" 3350615076942011264 2055.86377 0.4725 0.085 1.729 -1.505 0.086 0.068 0.973 5509.0 4.725 16.650036 1.430893 17.299019 15.868126 "" "" 1744.62634 2377.7959 4120.33131 3.1704 1643.6 12.962 3563.8 12.862 "" "" 0.0028791874369569984 0.009005628 0.005444111 0.014449738 89.72793881996 18.76276405979 2055.86377 1.729 -1.505
89.93437479654 18.98755973558 0.0576 0.0493 6.3642 "" "" 3350648161073499008 1519.17822 0.6345 0.0686 -0.292 -3.69 0.075 0.053 1.0 8620.9 4.3275 16.651167 1.889534 17.584946 15.695412 "" "" 1388.16028 1710.48865 4116.04284 3.1985 1263.1 9.9106 4178.2 17.008 "" "" 0.0028816016375038975 0.008964247 0.0058152447 0.014779491 89.93437479654 18.98755973558 1519.17822 -0.29200000000000004 -3.6899999999999995
89.82457418305 18.98098311754 0.0543 0.0481 3.2208 "" "" 3350625311847473664 2057.22119 0.452 0.0652 -0.486 -3.79 0.074 0.056 1.015 6101.5 4.4527 16.655518 1.699576 17.468838 15.769261 "" "" 1792.03674 2399.5249 4099.58579 3.0196 1405.7 9.5161 3903.5 10.434 "" "" 0.002869029286645518 0.00786183 0.004765107 0.012626937 89.82457418305 18.98098311754 2057.22119 -0.486 -3.79
89.98421093802 18.9156085548 0.0559 0.0481 11.1163 "" "" 3350644214000063616 1436.20776 0.6823 0.0634 -0.491 -5.399 0.073 0.052 1.026 6139.3 4.4634 16.661303 1.862294 17.558138 15.695844 "" "" 1317.57874 1551.96606 4077.80107 3.129 1294.7 15.09 4176.6 26.496 "" "" 0.0028785180828857114 0.0129584335 0.007856576 0.02081501 89.98421093802 18.9156085548 1436.20776 -0.49099999999999994 -5.398999999999999
90.01184803726 19.1571768521 0.0527 0.045 12.5248 "" "" 3350657575640680320 2054.62134 0.47 0.0616 1.407 -0.922 0.067 0.046 0.987 5898.9 4.5795 16.662783 1.483117 17.337044 15.853927 "" "" 1819.54236 2316.25635 4072.24102 2.7294 1587.1 15.079 3610.7 20.956 "" "" 0.002849798314516967 0.01068624 0.0073479344 0.018034175 90.01184803726 19.1571768521 2054.62134 1.4070000000000003 -0.922
89.75125235099 18.84482561702 0.0648 0.053 12.2726 "" "" 3350621845810441600 1971.66455 0.5241 0.0826 0.987 -1.418 0.088 0.061 0.984 5367.1 4.5968 16.663092 1.52112 17.360897 15.839777 "" "" 1688.99329 2275.46924 4071.08271 3.1304 1552.6 12.226 3658.0 9.8994 "" "" 0.0028790245578152606 0.008993432 0.004787178 0.01378061 89.75125235099 18.84482561702 1971.66455 0.9870000000000001 -1.418
90.18954438728 19.26500116121 0.0617 0.0498 24.4816 "" "" 3350660122558800768 1632.41785 0.5946 0.0684 1.817 -3.488 0.076 0.055 0.979 5348.7 4.6124 16.675049 1.483724 17.347822 15.864099 "" "" 1466.07996 1819.69385 4026.4955 2.9524 1571.4 13.178 3577.0 19.037 "" "" 0.0028680268745913417 0.009523067 0.0069045685 0.016427636 90.18954438728 19.26500116121 1632.41785 1.817 -3.488
89.49360667723 18.94579768307 0.0683 0.0557 19.997 "" "" 3350633734279710336 1568.15137 0.6202 0.0735 2.237 -4.34 0.08 0.055 1.044 5238.2 4.724 16.681232 1.289011 17.24604 15.957029 "" "" 1408.8501 1788.37 4003.62779 2.7437 1725.8 11.923 3283.6 16.386 "" "" 0.0028540169634494227 0.008003131 0.006606022 0.014609152 89.49360667723 18.94579768307 1568.15137 2.237 -4.340000000000001
89.90756244887 19.39375631737 0.0522 0.0444 21.9897 "" "" 3398714312611334400 1983.05347 0.4962 0.0575 -1.383 -0.222 0.064 0.047 1.06 6035.0 4.4548 16.682035 1.66644 17.477383 15.810943 "" "" 1785.40222 2258.57373 4000.66899 2.503 1394.6 10.561 3756.5 10.193 "" "" 0.002837819344559723 0.0086825695 0.004791978 0.013474547 89.90756244887 19.39375631737 1983.05347 -1.3829999999999998 -0.222
89.55217032517 18.65034889897 0.0631 0.053 28.0193 "" "" 3350612564384162432 1838.96472 0.5365 0.0734 -5.128 -1.551 0.08 0.055 1.022 4850.6 4.6084 16.683739 1.317008 17.27078 15.953773 "" "" 1605.18933 2252.58643 3994.39761 2.9352 1687.0 17.406 3293.4 11.194 "" "" 0.0028685053758866095 0.011544571 0.0052822586 0.01682683 89.55217032517 18.65034889897 1838.96472 -5.128000000000001 -1.551
89.90919049228 19.26774631125 0.0537 0.0441 14.6665 "" "" 3350673832094474112 1657.57751 0.5818 0.0605 -0.303 -3.744 0.067 0.047 1.013 5069.3 4.3553 16.69192 1.742293 17.52547 15.783177 "" "" 1494.01611 1822.61841 3964.41554 2.716 1334.2 12.438 3853.8 17.899 "" "" 0.0028539578774574113 0.010499242 0.0063017965 0.016801039 89.90919049228 19.26774631125 1657.57751 -0.303 -3.7439999999999998
89.57929170107 19.24965028885 0.0637 0.0518 19.3665 "" "" 3398706272432646400 2051.48779 0.4614 0.068 1.736 -1.382 0.085 0.058 0.978 5308.1 4.5641 16.694078 1.430835 17.338041 15.907207 "" "" 1843.14856 2344.64258 3956.53753 3.2658 1585.6 12.33 3437.8 19.052 "" "" 0.0028974023481239375 0.008892036 0.007105542 0.015997577 89.57929170107 19.24965028885 2051.48779 1.7360000000000002 -1.3819999999999997
89.96177559147 19.16913534849 0.0547 0.0472 10.8919 "" "" 3350663695971670144 1843.40625 0.5212 0.0647 0.407 0.714 0.073 0.051 1.05 5187.3 4.3309 16.696146 1.769409 17.534197 15.764788 "" "" 1623.21033 2069.89917 3949.01117 2.6646 1323.5 15.364 3919.6 13.557 "" "" 0.002851051502754674 0.012909033 0.005327861 0.018236894 89.96177559147 19.16913534849 1843.40625 0.4069999999999999 0.714
89.82178081191 19.15402709656 0.0556 0.0494 7.2326 "" "" 3350665654476787584 1668.69556 0.5881 0.0673 1.994 3.172 0.07 0.055 0.964 5847.2 4.5887 16.696817 1.682874 17.489382 15.806508 "" "" 1515.06226 1856.46326 3946.56795 2.7555 1379.3 15.149 3771.9 30.462 "" "" 0.002857699854590137 0.01224683 0.009548265 0.021795094 89.82178081191 19.15402709656 1668.69556 1.9939999999999996 3.1720000000000006
89.89274216239 19.12103632852 0.0528 0.048 6.2094 "" "" 3350663107559833984 1484.71582 0.6654 0.0669 2.543 -0.381 0.068 0.05 0.901 5163.9 4.6561 16.698223 1.492642 17.386326 15.893683 "" "" 1346.77808 1639.13049 3941.46085 2.5616 1516.7 12.378 3480.8 13.84 "" "" 0.0028442408800569054 0.009289758 0.0057376083 0.015027367 89.89274216239 19.12103632852 1484.71582 2.543 -0.381
89.99407342053 19.32419191997 0.0535 0.0451 19.6461 "" "" 3350675928038481920 2078.8916 0.455 0.0615 -0.691 -4.03 0.068 0.047 0.998 7239.4 4.3671 16.699411 1.573091 17.431425 15.858335 "" "" 1889.83643 2309.69263 3937.15387 3.226 1454.9 12.686 3596.0 11.865 "" "" 0.002895378994997569 0.00986968 0.0052074194 0.015077099 89.99407342053 19.32419191997 2078.8916 -0.6910000000000001 -4.03
90.20294100115 18.99059903076 0.0556 0.0475 21.118 "" "" 3350604734660620416 1619.84167 0.605 0.0627 2.688 -8.088 0.066 0.051 0.983 5307.8 4.3885 16.700123 1.864861 17.621674 15.756813 "" "" 1469.50598 1859.05371 3934.57516 2.6494 1221.1 9.0859 3948.5 13.157 "" "" 0.002850664794433158 0.0085469475 0.005231871 0.013778819 90.20294100115 18.99059903076 1619.84167 2.688 -8.088
89.8027047381 19.16276332281 0.0572 0.0479 7.9211 "" "" 3350665718899983872 1553.7428 0.6315 0.0623 1.555 -1.179 0.073 0.056 0.977 5674.8 4.6558 16.700813 1.557859 17.421637 15.863777 "" "" 1413.31824 1710.60962 3932.07106 2.9414 1468.1 10.689 3578.1 10.138 "" "" 0.002872532019445217 0.00838303 0.0048731044 0.013256134 89.8027047381 19.16276332281 1553.7428 1.555 -1.179
90.04444699096 18.80936864728 0.0612 0.0495 18.0273 "" "" 3350595659391876992 2084.79663 0.4638 0.0698 -1.481 -1.632 0.083 0.054 1.05 7466.3 4.1649 16.708597 2.358692 17.959558 15.600866 "" "" 1801.57495 2411.4895 3903.98003 3.5259 894.53 10.108 4558.4 12.687 "" "" 0.00292460984561681 0.012581864 0.004838927 0.017420791 90.04444699096 18.80936864728 2084.79663 -1.4809999999999999 -1.632
89.98124292448 19.24164072461 0.0556 0.0531 15.0116 "" "" 3350670666702357632 2032.78711 0.4946 0.0762 0.262 -5.691 0.069 0.051 1.031 4690.6 4.3636 16.708704 1.629248 17.480272 15.851025 "" "" 1771.67737 2391.57129 3903.5959 2.242 1390.9 8.7891 3620.3 9.397 "" "" 0.0028250038236137536 0.0074064294 0.0047144326 0.012120862 89.98124292448 19.24164072461 2032.78711 0.262 -5.691000000000001
89.55115012919 19.17077152313 0.0608 0.0527 17.9895 "" "" 3398682323695020544 1695.32764 0.5749 0.0726 -0.218 -3.76 0.076 0.051 0.977 5410.6 4.6845 16.709225 1.521037 17.412788 15.891751 "" "" 1521.98767 1894.93896 3901.73007 3.0712 1480.1 9.8538 3487.0 13.909 "" "" 0.0028848174686421247 0.007748133 0.0057480056 0.013496138 89.55115012919 19.17077152313 1695.32764 -0.21800000000000003 -3.759999999999999
89.71675944493 19.16974547225 0.0651 0.0566 10.4955 "" "" 3350666268655804032 1555.7041 0.6411 0.0661 0.61 -4.244 0.09 0.068 1.098 5118.4 4.6518 16.712936 1.437448 17.368141 15.930693 "" "" 1396.37244 1745.58789 3888.41065 2.904 1542.3 9.6589 3364.2 9.6469 "" "" 0.0028721581120944614 0.0073498003 0.004896609 0.012246409 89.71675944493 19.16974547225 1555.7041 0.61 -4.243999999999999
89.9659874809 19.2831342338 0.0548 0.0461 16.7282 "" "" 3350674278771055104 1887.74182 0.5044 0.0646 -4.489 -0.098 0.071 0.049 1.03 8322.1 4.4545 16.71407 1.680845 17.51266 15.831814 "" "" 1689.19836 2094.4231 3884.35253 2.4293 1350.1 13.787 3685.0 12.669 "" "" 0.0028377573228409734 0.011433048 0.005311983 0.01674503 89.9659874809 19.2831342338 1887.74182 -4.488999999999999 -0.09799999999999999
89.91023664735 19.418570624 0.0541 0.0445 23.4805 "" "" 3398715893159291392 1530.83679 0.6366 0.059 2.165 -4.61 0.065 0.05 1.032 5210.6 4.5036 16.714304 1.630122 17.483007 15.852885 "" "" 1388.52576 1717.86963 3883.51459 2.7441 1387.4 8.4335 3614.1 14.761 "" "" 0.0028601328769600745 0.007165357 0.0058264984 0.012991855 89.91023664735 19.418570624 1530.83679 2.165 -4.610000000000001
89.4644649297 19.24913310694 0.0577 0.0538 24.5805 "" "" 3398686717444001792 1772.40869 0.5541 0.0732 0.757 -4.731 0.073 0.053 1.057 6104.8 4.4643 16.714891 1.729009 17.53575 15.806741 "" "" 1528.67041 2067.58667 3881.41741 2.705 1321.7 9.0641 3771.0 12.3 "" "" 0.002857328272677085 0.007951491 0.005179297 0.013130788 89.4644649297 19.24913310694 1772.40869 0.7570000000000001 -4.731
89.48994206137 19.26548012153 0.0643 0.0619 23.9189 "" "" 3398686786163507968 1619.91028 0.6039 0.081 2.676 0.174 0.081 0.058 1.099 5108.5 4.36 16.717783 1.644134 17.491594 15.847461 "" "" 1434.29883 1828.86462 3871.08979 2.8555 1376.5 8.1093 3632.2 10.941 "" "" 0.0028693579839741182 0.006978409 0.0049979766 0.0119763855 89.48994206137 19.26548012153 1619.91028 2.6760000000000006 0.174
89.56820382932 19.11816848858 0.0616 0.049 15.8692 "" "" 3398680811866539136 1455.84436 0.6665 0.0702 -0.073 -4.833 0.082 0.052 0.962 5047.3 4.6823 16.718908 1.454063 17.38899 15.934928 "" "" 1315.66443 1596.34412 3867.08533 3.1857 1512.9 12.78 3351.1 15.095 "" "" 0.002896858809899218 0.009586616 0.006180822 0.015767438 89.56820382932 19.11816848858 1455.84436 -0.07300000000000001 -4.833
89.62713398546 19.35532356603 0.0617 0.0539 22.549 "" "" 3398711769990753664 1914.23157 0.4823 0.0676 0.822 -1.184 0.079 0.061 1.137 5544.2 4.6278 16.721588 1.521052 17.41643 15.895377 "" "" 1719.948 2157.67529 3857.54831 2.5797 1475.2 10.962 3475.4 16.284 "" "" 0.0028493816635224165 0.008536795 0.0063374713 0.014874266 89.62713398546 19.35532356603 1914.23157 0.8220000000000001 -1.184
90.01717334075 19.15071812106 0.0585 0.0495 12.5497 "" "" 3350657579938231424 1761.48157 0.5514 0.0661 -0.019 -5.11 0.072 0.051 1.003 5408.4 4.6551 16.723589 1.465636 17.400084 15.934447 "" "" 1558.35681 2007.42212 3850.45007 2.8753 1497.6 13.176 3352.6 12.177 "" "" 0.002872130258398727 0.009951543 0.0054621417 0.015413685 90.01717334075 19.15071812106 1761.48157 -0.019000000000000003 -5.11
90.11257557206 19.19449670094 0.0584 0.05 18.5214 "" "" 3350657957895320832 1724.88159 0.5734 0.0648 0.88 0.219 0.073 0.055 1.065 5841.0 4.5848 16.72485 1.631616 17.500025 15.868409 "" "" 1541.51013 1890.01855 3845.97673 2.6931 1365.9 11.03 3562.8 12.698 "" "" 0.0028582872325851483 0.009200865 0.0054090363 0.014609901 90.11257557206 19.19449670094 1724.88159 0.8800000000000001 0.21900000000000003
