Clusters/COIN-Gaia_41/COIN-Gaia_41_members.tsv
# %ECSV 1.0
# ---
# datatype:
# - name: RA_ICRS_1
#   unit: deg
#   datatype: float64
#   format: '{:15.11f}'
#   description: Right ascension (ICRS) at Ep=2016.0 (ra)
#   meta: !!omap
#   - {ucd: POS_EQ_RA_MAIN}
#   - {width: 15}
#   - {precision: '11'}
# - name: DE_ICRS_1
#   unit: deg
#   datatype: float64
#   format: '{:15.11f}'
#   description: Declination (ICRS) at Ep=2016.0 (dec)
#   meta: !!omap
#   - {ucd: POS_EQ_DEC_MAIN}
#   - {width: 15}
#   - {precision: '11'}
# - name: e_RA_ICRS
#   unit: mas
#   datatype: float64
#   format: '{:7.4f}'
#   description: Standard error of right ascension (ra_error)
#   meta: !!omap
#   - {ucd: ERROR}
#   - {width: 7}
#   - {precision: '4'}
# - name: e_DE_ICRS
#   unit: mas
#   datatype: float64
#   format: '{:7.4f}'
#   description: Standard error of declination (dec_error)
#   meta: !!omap
#   - {ucd: ERROR}
#   - {width: 7}
#   - {precision: '4'}
# - name: _r_1
#   unit: ''
#   datatype: float64
#   format: '{:7.4f}'
#   description: Distance from center (089.83350724000+19.03399448000)[ICRS], at Epoch=J2016.0
#   meta: !!omap
#   - {ucd: POS_ANG_DIST_GENERAL}
#   - {width: 7}
#   - {precision: '4'}
# - name: HIP
#   datatype: int32
#   description: '? HIP cross-id number, van Leeuwen, Cat. I/311 (hip_original_ext_source_id)'
#   meta: !!omap
#   - {ucd: ID_NUMBER}
#   - {width: 6}
#   - values: {'null': -2147483648}
# - name: TYC2
#   datatype: string
#   description: Tycho-2 cross-id name, Hog et al., Cat. I/259 (tyc2_original_ext_source_id)
#   meta: !!omap
#   - {ucd: ID_CROSSID}
#   - {_votable_string_dtype: char}
# - name: Source
#   datatype: int64
#   description: Source identifier, identical to the Gaia-EDR3 source_id (id)
#   meta: !!omap
#   - {ucd: ID_MAIN}
#   - {width: 19}
# - name: rgeo
#   unit: pc
#   datatype: float64
#   format: '{:15.8f}'
#   description: '? Median of the geometric distance posterior (r_med_geo)'
#   meta: !!omap
#   - {ucd: PHYS_DISTANCE_TRUE}
#   - {width: 15}
#   - {precision: '8'}
#   - values: {'null': .nan}
# - name: Plx
#   unit: mas
#   datatype: float64
#   format: '{:9.4f}'
#   description: '? Parallax (parallax)'
#   meta: !!omap
#   - {ucd: POS_PARLX_TRIG}
#   - {width: 9}
#   - {precision: '4'}
#   - values: {'null': .nan}
# - name: e_Plx
#   unit: mas
#   datatype: float32
#   format: '{:7.4f}'
#   description: '? Standard error of parallax (parallax_error)'
#   meta: !!omap
#   - {ucd: ERROR}
#   - {width: 7}
#   - {precision: '4'}
#   - values: {'null': .nan}
# - name: pmRA
#   unit: mas / yr
#   datatype: float64
#   format: '{:9.3f}'
#   description: '? Proper motion in right ascension direction, pmRA*cosDE (pmra)'
#   meta: !!omap
#   - {ucd: POS_EQ_PMRA}
#   - {width: 9}
#   - {precision: '3'}
#   - values: {'null': .nan}
# - name: pmDE
#   unit: mas / yr
#   datatype: float64
#   format: '{:9.3f}'
#   description: '? Proper motion in declination direction (pmdec)'
#   meta: !!omap
#   - {ucd: POS_EQ_PMDEC}
#   - {width: 9}
#   - {precision: '3'}
#   - values: {'null': .nan}
# - name: e_pmRA
#   unit: mas / yr
#   datatype: float32
#   format: '{:6.3f}'
#   description: '? Standard error of proper motion in right ascension direction (pmra_error)'
#   meta: !!omap
#   - {ucd: ERROR}
#   - {width: 6}
#   - {precision: '3'}
#   - values: {'null': .nan}
# - name: e_pmDE
[...]
#       distance: !astropy.table.SerializedColumn
#         __class__: astropy.coordinates.distances.Distance
#         unit: !astropy.units.Unit {unit: pc}
#         value: !astropy.table.SerializedColumn {name: SkyCoord.distance}
#       frame: icrs
#       obstime: !astropy.time.Time {format: jyear_str, in_subfmt: '*', jd1: 367701545.0, jd2: 0.0, out_subfmt: '*', precision: 3, scale: tt}
#       pm_dec: !astropy.table.SerializedColumn
#         __class__: astropy.units.quantity.Quantity
#         unit: !astropy.units.Unit {unit: mas / yr}
#         value: !astropy.table.SerializedColumn {name: SkyCoord.pm_dec}
#       pm_ra_cosdec: !astropy.table.SerializedColumn
#         __class__: astropy.units.quantity.Quantity
#         unit: !astropy.units.Unit {unit: mas / yr}
#         value: !astropy.table.SerializedColumn {name: SkyCoord.pm_ra_cosdec}
#       ra: !astropy.table.SerializedColumn
#         __class__: astropy.coordinates.angles.Longitude
#         unit: *id001
#         value: !astropy.table.SerializedColumn {name: SkyCoord.ra}
#         wrap_angle: !astropy.coordinates.Angle
#           unit: *id001
#           value: 360.0
#       representation_type: spherical
# schema: astropy-2.0
RA_ICRS_1 DE_ICRS_1 e_RA_ICRS e_DE_ICRS _r_1 HIP TYC2 Source rgeo Plx e_Plx pmRA pmDE e_pmRA e_pmDE RUWE Teff logg Gmag BP-RP BPmag RPmag RV e_RV b_rgeo B_rgeo FG e_FG FBP e_FBP FRP e_FRP RAVE5 RAVE6 e_Gmag e_BPmag e_RPmag e_BP-RP SkyCoord.ra SkyCoord.dec SkyCoord.distance SkyCoord.pm_ra_cosdec SkyCoord.pm_dec rmRA rmDE e_rmRA e_rmDE rRV e_rRV v_pec v_pec3d e_vpec e_vpec3d Pmemb
[from data line 31]
89.88933533474 18.78891729797 0.0349 0.0315 15.0422 "" "" 3350619028311882624 1512.00159 0.6199 0.0454 -0.262 -3.645 0.045 0.038 1.042 15004.8 4.3333 15.378117 1.736699 16.207441 14.470742 "" "" 1411.30457 1595.0155 13295.36067 11.619 4492.0 19.607 12908.0 28.563 "" "" 0.0029141184848327627 0.0054994635 0.00447838 0.009977844 89.88933533474 18.78891729797 1512.00159 -0.262 -3.6449999999999987 0.06642105627059935 0.017184238433837873 0.11182209 0.104822084 "" "" 0.49170566878057775 "" 0.05477398424882615 "" 0.8
89.61224448865 19.01531102922 0.0333 0.0261 12.6006 "" "" 3350639541075691520 1858.69141 0.5041 0.0387 -0.341 -3.675 0.045 0.029 1.059 7670.3 4.4165 15.539884 1.195173 16.053118 14.857945 "" "" 1743.026 1977.51587 11454.95221 4.7977 5178.1 15.374 9036.1 14.885 "" "" 0.0027925935572221602 0.0042634057 0.0041812086 0.008444615 89.61224448865 19.01531102922 1858.69141 -0.34100000000000036 -3.6749999999999994 -0.01257894372940066 -0.012815761566161932 0.11182209 0.09582209 "" "" 0.1582095503437616 "" 0.016450786155994913 "" 0.9
90.0769996611 18.80251436272 0.031 0.0255 19.5934 "" "" 3350594873415772416 1745.31738 0.5302 0.0352 -0.428 -3.748 0.041 0.028 0.967 9453.1 3.8576 15.579209 1.77906 16.426064 14.647003 "" "" 1662.55835 1833.67517 11047.47236 4.367 3672.8 13.77 10974.0 24.125 "" "" 0.0027885460721028526 0.004935081 0.004469991 0.009405073 90.0769996611 18.80251436272 1745.31738 -0.428 -3.748 -0.09957894372940063 -0.08581576156616233 0.10782209 0.094822094 "" "" 1.0874981626868598 "" 0.11145085754795978 "" 0.8
89.956598762 18.89071475897 0.0373 0.0317 11.0766 "" "" 3350644037904788864 2061.24121 0.4486 0.0417 -0.367 -3.766 0.049 0.034 1.041 7294.3 4.3463 15.749798 1.352462 16.349493 14.997031 "" "" 1910.67859 2219.76367 9441.21263 5.2185 3941.1 10.762 7949.6 27.701 "" "" 0.002819918478389967 0.0040712734 0.0053476472 0.009418921 89.956598762 18.89071475897 2061.24121 -0.367 -3.766 -0.03857894372940063 -0.10381576156616212 0.11582209 0.10082209 "" "" 1.0820802612768374 "" 0.1111934268115604 "" 0.8
89.98677155643 19.03755849999 0.0392 0.0329 8.6956 "" "" 3350649844700744576 1890.8877 0.5042 0.0441 -0.33 -3.631 0.047 0.034 0.964 7614.2 4.0943 15.913909 1.447386 16.568195 15.12081 "" "" 1731.08826 2019.64551 8116.7713 3.9232 3222.1 16.309 7093.1 17.298 "" "" 0.0028048509295781334 0.006163304 0.0046146004 0.010777905 89.98677155643 19.03755849999 1890.8877 -0.3300000000000004 -3.631 -0.0015789437294006503 0.031184238433838107 0.11382209 0.10082209 "" "" 0.2798563744488872 "" 0.028225606054992802 "" 0.9
89.83755964171 18.96629409158 0.0402 0.0368 4.0685 "" "" 3350625041266071296 1756.21851 0.5272 0.0516 -0.267 -3.634 0.055 0.042 1.03 "" "" 15.964195 1.764569 16.801222 15.036653 "" "" 1621.07605 1893.90332 7749.41079 4.2943 2599.7 28.372 7664.7 18.43 "" "" 0.0028202444861204026 0.012173326 0.0045934087 0.016766734 89.83755964171 18.96629409158 1756.21851 -0.267 -3.6340000000000012 0.06142105627059935 0.028184238433837994 0.12182209 0.10882209 "" "" 0.5625582805202038 "" 0.06731708346969278 "" 0.8
89.96369163253 18.86782772279 0.0406 0.0358 12.4088 "" "" 3350619818585835776 1542.65552 0.6205 0.0454 -0.315 -3.692 0.052 0.038 0.97 5415.1 4.2635 16.041954 1.575768 16.771177 15.195409 "" "" 1429.54004 1655.88318 7213.8118 3.9319 2672.7 13.981 6622.1 19.255 "" "" 0.0028181546646247235 0.006327883 0.004924455 0.011252338 89.96369163253 18.86782772279 1542.65552 -0.31500000000000034 -3.692 0.013421056270599363 -0.02981576156616228 0.11882209 0.104822084 "" "" 0.2390877667737633 "" 0.02565623360305501 "" 0.8
