Clusters/UBC_541/UBC_541_members.tsv
# %ECSV 1.0
# ---
# datatype:
# - name: RA_ICRS_1
#   unit: deg
#   datatype: float64
#   format: '{:15.11f}'
#   description: Right ascension (ICRS) at Ep=2016.0 (ra)
#   meta: !!omap
#   - {ucd: POS_EQ_RA_MAIN}
#   - {width: 15}
#   - {precision: '11'}
# - name: DE_ICRS_1
#   unit: deg
#   datatype: float64
#   format: '{:15.11f}'
#   description: Declination (ICRS) at Ep=2016.0 (dec)
#   meta: !!omap
#   - {ucd: POS_EQ_DEC_MAIN}
#   - {width: 15}
#   - {precision: '11'}
# - name: e_RA_ICRS
#   unit: mas
#   datatype: float64
#   format: '{:7.4f}'
#   description: Standard error of right ascension (ra_error)
#   meta: !!omap
#   - {ucd: ERROR}
#   - {width: 7}
#   - {precision: '4'}
# - name: e_DE_ICRS
#   unit: mas
#   datatype: float64
#   format: '{:7.4f}'
#   description: Standard error of declination (dec_error)
#   meta: !!omap
#   - {ucd: ERROR}
#   - {width: 7}
#   - {precision: '4'}
# - name: _r_1
#   unit: ''
#   datatype: float64
#   format: '{:7.4f}'
#   description: Distance from center (243.05481207000-50.17219622000)[ICRS], at Epoch=J2016.0
#   meta: !!omap
#   - {ucd: POS_ANG_DIST_GENERAL}
#   - {width: 7}
#   - {precision: '4'}
# - name: HIP
#   datatype: int32
#   description: '? HIP cross-id number, van Leeuwen, Cat. I/311 (hip_original_ext_source_id)'
#   meta: !!omap
#   - {ucd: ID_NUMBER}
#   - {width: 6}
#   - values: {'null': -2147483648}
# - name: TYC2
#   datatype: string
#   description: Tycho-2 cross-id name, Hog et al., Cat. I/259 (tyc2_original_ext_source_id)
#   meta: !!omap
#   - {ucd: ID_CROSSID}
#   - {_votable_string_dtype: char}
# - name: Source
#   datatype: int64
#   description: Source identifier, identical to the Gaia-EDR3 source_id (id)
#   meta: !!omap
#   - {ucd: ID_MAIN}
#   - {width: 19}
# - name: rgeo
#   unit: pc
#   datatype: float64
#   format: '{:15.8f}'
#   description: '? Median of the geometric distance posterior (r_med_geo)'
#   meta: !!omap
#   - {ucd: PHYS_DISTANCE_TRUE}
#   - {width: 15}
#   - {precision: '8'}
#   - values: {'null': .nan}
# - name: Plx
#   unit: mas
#   datatype: float64
#   format: '{:9.4f}'
#   description: '? Parallax (parallax)'
#   meta: !!omap
#   - {ucd: POS_PARLX_TRIG}
#   - {width: 9}
#   - {precision: '4'}
#   - values: {'null': .nan}
# - name: e_Plx
#   unit: mas
#   datatype: float32
#   format: '{:7.4f}'
#   description: '? Standard error of parallax (parallax_error)'
#   meta: !!omap
#   - {ucd: ERROR}
#   - {width: 7}
#   - {precision: '4'}
#   - values: {'null': .nan}
# - name: pmRA
#   unit: mas / yr
#   datatype: float64
#   format: '{:9.3f}'
#   description: '? Proper motion in right ascension direction, pmRA*cosDE (pmra)'
#   meta: !!omap
#   - {ucd: POS_EQ_PMRA}
#   - {width: 9}
#   - {precision: '3'}
#   - values: {'null': .nan}
# - name: pmDE
#   unit: mas / yr
#   datatype: float64
#   format: '{:9.3f}'
#   description: '? Proper motion in declination direction (pmdec)'
#   meta: !!omap
#   - {ucd: POS_EQ_PMDEC}
#   - {width: 9}
#   - {precision: '3'}
#   - values: {'null': .nan}
# - name: e_pmRA
#   unit: mas / yr
#   datatype: float32
#   format: '{:6.3f}'
#   description: '? Standard error of proper motion in right ascension direction (pmra_error)'
#   meta: !!omap
#   - {ucd: ERROR}
#   - {width: 6}
#   - {precision: '3'}
#   - values: {'null': .nan}
# - name: e_pmDE
[...]
#       distance: !astropy.table.SerializedColumn
#         __class__: astropy.coordinates.distances.Distance
#         unit: !astropy.units.Unit {unit: pc}
#         value: !astropy.table.SerializedColumn {name: SkyCoord.distance}
#       frame: icrs
#       obstime: !astropy.time.Time {format: jyear_str, in_subfmt: '*', jd1: 367701545.0, jd2: 0.0, out_subfmt: '*', precision: 3, scale: tt}
#       pm_dec: !astropy.table.SerializedColumn
#         __class__: astropy.units.quantity.Quantity
#         unit: !astropy.units.Unit {unit: mas / yr}
#         value: !astropy.table.SerializedColumn {name: SkyCoord.pm_dec}
#       pm_ra_cosdec: !astropy.table.SerializedColumn
#         __class__: astropy.units.quantity.Quantity
#         unit: !astropy.units.Unit {unit: mas / yr}
#         value: !astropy.table.SerializedColumn {name: SkyCoord.pm_ra_cosdec}
#       ra: !astropy.table.SerializedColumn
#         __class__: astropy.coordinates.angles.Longitude
#         unit: *id001
#         value: !astropy.table.SerializedColumn {name: SkyCoord.ra}
#         wrap_angle: !astropy.coordinates.Angle
#           unit: *id001
#           value: 360.0
#       representation_type: spherical
# schema: astropy-2.0
RA_ICRS_1 DE_ICRS_1 e_RA_ICRS e_DE_ICRS _r_1 HIP TYC2 Source rgeo Plx e_Plx pmRA pmDE e_pmRA e_pmDE RUWE Teff logg Gmag BP-RP BPmag RPmag RV e_RV b_rgeo B_rgeo FG e_FG FBP e_FBP FRP e_FRP RAVE5 RAVE6 e_Gmag e_BPmag e_RPmag e_BP-RP SkyCoord.ra SkyCoord.dec SkyCoord.distance SkyCoord.pm_ra_cosdec SkyCoord.pm_dec rmRA rmDE e_rmRA e_rmDE rRV e_rRV v_pec v_pec3d e_vpec e_vpec3d Pmemb
[from data line 31]
243.02784347299 -50.04321231233 0.0244 0.0155 7.8083 "" "" 5983208374738428416 2225.89136 0.4033 0.0297 -2.917 -2.526 0.033 0.023 1.004 "" "" 15.088384 1.313961 15.659185 14.345224 "" "" 2093.47388 2417.71045 17361.74175 4.3917 7442.9 9.8711 14490.0 11.63 "" "" 0.0027689739041393373 0.003139826 0.003878547 0.0070183733 243.02784347299 -50.04321231233 2225.89136 -2.917 -2.526000000000001 -0.19270009231567364 0.2964000930786135 0.13902684 0.12902683 "" "" 3.7300407985108537 "" 0.49265223643791806 "" 0.8
243.04714718089 -49.95807021586 0.0272 0.0155 12.851 "" "" 5983209817847893632 2347.64453 0.3882 0.031 -2.592 -2.386 0.032 0.023 1.026 "" "" 15.099692 1.474631 15.764308 14.289677 "" "" 2193.52124 2503.39966 17181.83903 4.5708 6756.1 9.4982 15251.0 10.481 "" "" 0.002770417644864098 0.003180402 0.0038523334 0.0070327353 243.04714718089 -49.95807021586 2347.64453 -2.5920000000000005 -2.386 0.1322999076843261 0.43640009307861316 0.13802683 0.12902683 "" "" 5.074442953176817 "" 0.6587054457868268 "" 0.84
243.00654568375 -50.13688499735 0.0228 0.014 2.8163 "" "" 5983184048042731136 2185.75122 0.4212 0.0278 -2.609 -2.763 0.031 0.022 0.937 9069.6 3.6992 15.103355 1.266706 15.647264 14.380558 "" "" 2057.24585 2392.40356 17123.96945 4.0906 7525.1 9.0083 14026.0 11.382 "" "" 0.002767500354759339 0.0030780449 0.0038807224 0.0069587673 243.00654568375 -50.13688499735 2185.75122 -2.6089999999999995 -2.763 0.11529990768432619 0.05940009307861338 0.13702683 0.12802684 "" "" 1.3437657332942585 "" 0.1816621053770581 "" 0.94
242.93777318912 -50.14245991829 0.0243 0.0145 4.8399 "" "" 5983183463927189504 2147.30005 0.4316 0.0297 -2.692 -2.696 0.033 0.023 0.956 7989.2 4.0016 15.154096 1.245889 15.685925 14.440036 "" "" 2018.37305 2333.95679 16342.11941 3.7689 7261.8 11.725 13278.0 10.581 "" "" 0.00276667462318397 0.0032951802 0.0038771518 0.007172332 242.93777318912 -50.14245991829 2147.30005 -2.692 -2.695999999999999 0.032299907684326 0.1264000930786131 0.13902684 0.12902683 "" "" 1.327866050479306 "" 0.1721737497094585 "" 0.95
242.9321152442 -50.0993782255 0.0245 0.0147 6.4308 "" "" 5983185044475177472 2286.78955 0.4063 0.0299 -2.696 -2.832 0.033 0.023 0.988 7713.9 3.906 15.182339 1.320464 15.753699 14.433235 "" "" 2125.65601 2447.63477 15922.50582 3.8724 6822.4 11.082 13362.0 9.248 "" "" 0.002767944008616871 0.003300819 0.003853363 0.007154182 242.9321152442 -50.0993782255 2286.78955 -2.6959999999999997 -2.8320000000000007 0.028299907684325998 -0.00959990692138657 0.13902684 0.12902683 "" "" 0.32392220715775966 "" 0.04471046602531733 "" 0.94
243.06985095329 -49.93565377434 0.029 0.0175 14.2044 "" "" 5983211329676391040 2167.40137 0.4197 0.0339 -2.858 -3.062 0.034 0.025 1.014 "" "" 15.189114 1.315421 15.76218 14.446759 "" "" 2027.00586 2321.50708 15823.45242 4.3161 6769.3 11.113 13196.0 12.635 "" "" 0.002771190243022331 0.0033109055 0.0039197514 0.007230657 243.06985095329 -49.93565377434 2167.40137 -2.8579999999999997 -3.062000000000001 -0.13370009231567392 -0.23959990692138655 0.14002684 0.13102683 "" "" 2.8188277490936375 "" 0.37552110538347555 "" 0.85
243.05868477183 -50.23813782893 0.0247 0.0156 3.9593 "" "" 5935143636252266368 2262.14819 0.3986 0.0305 -2.59 -2.948 0.032 0.023 0.992 7198.0 3.3368 15.224626 1.394659 15.843611 14.448952 "" "" 2123.20312 2449.52173 15314.2761 4.0165 6280.2 8.467 13170.0 15.663 "" "" 0.00276999574054106 0.0031508324 0.00399388 0.0071447124 243.05868477183 -50.23813782893 2262.14819 -2.59 -2.9480000000000004 0.13429990768432631 -0.12559990692138667 0.13802683 0.12902683 "" "" 1.971666922530407 "" 0.2640122385705702 "" 0.85
242.99357474841 -50.26681409916 0.0299 0.0193 6.1446 "" "" 5935143361374008064 2162.896 0.4247 0.0366 -2.648 -3.067 0.038 0.029 1.216 "" "" 15.231943 1.541934 15.931114 14.38918 "" "" 2018.95044 2337.39087 15211.41703 4.5888 5793.9 12.072 13915.0 12.046 "" "" 0.002774719196207515 0.0035920236 0.0038945023 0.007486526 242.99357474841 -50.26681409916 2162.896 -2.6479999999999997 -3.067 0.07629990768432604 -0.2445999069213869 0.14402683 0.13502684 "" "" 2.626842043071132 "" 0.356853926121783 "" 0.91
243.02672943934 -50.22545758746 0.0264 0.0172 3.3728 "" "" 5935143842410708864 2257.15649 0.4086 0.0333 -2.765 -2.89 0.036 0.027 1.0 "" "" 15.390314 1.417069 16.0208 14.60373 "" "" 2102.30908 2489.44287 13146.82636 3.2417 5334.5 8.5855 11420.0 14.612 "" "" 0.0027682958436414866 0.003292189 0.0040266155 0.0073188045 243.02672943934 -50.22545758746 2257.15649 -2.7649999999999997 -2.8900000000000015 -0.04070009231567395 -0.06759990692138684 0.14202684 0.13302684 "" "" 0.8442150929625536 "" 0.11437399236628142 "" 0.93
242.98418966666 -50.27143557623 0.0282 0.0167 6.5425 "" "" 5935143258295142784 2314.18555 0.4003 0.0355 -2.681 -3.008 0.036 0.025 0.969 "" "" 15.442535 1.462716 16.102268 14.639552 "" "" 2131.51147 2546.65845 12529.46308 3.8278 4948.9 8.4715 11049.0 12.905 "" "" 0.002775213879908943 0.003352504 0.0039864583 0.0073389625 242.98418966666 -50.27143557623 2314.18555 -2.6810000000000023 -3.008 0.04329990768432612 -0.18559990692138673 0.14202684 0.13102683 "" "" 2.090559999665123 "" 0.2751535232080234 "" 0.83
243.25166983854 -50.08953367231 0.0267 0.0216 9.0514 "" "" 5935168925020690816 2373.61963 0.3805 0.0338 -2.939 -2.583 0.037 0.031 0.931 7923.3 2.5778 15.485321 1.899759 16.403639 14.50388 "" "" 2232.22998 2562.91772 12045.31922 4.3735 3749.4 12.709 12520.0 20.715 "" "" 0.0027833785719729187 0.004618341 0.0041845916 0.008802933 243.25166983854 -50.08953367231 2373.61963 -2.939 -2.583 -0.21470009231567388 0.2394000930786131 0.14302683 0.13702683 "" "" 3.617992462259999 "" 0.5055538895105289 "" 0.9
243.31537377632 -50.12464719465 0.0281 0.0222 10.4164 "" "" 5935165832644388480 2095.61499 0.4408 0.0358 -2.597 -2.846 0.036 0.031 0.912 9192.3 3.6442 15.548693 1.4097 16.177261 14.767561 "" "" 1951.71179 2283.12939 11362.38723 3.8101 4618.6 9.1877 9820.5 10.164 "" "" 0.002779269718224981 0.0035284471 0.0039428994 0.0074713463 243.31537377632 -50.12464719465 2095.61499 -2.5969999999999986 -2.846 0.1272999076843262 -0.023599906921386804 0.14202684 0.13702683 "" "" 1.286043425097604 "" 0.18244266978571141 "" 0.94
243.01069502778 -50.15920065767 0.0268 0.0181 1.8663 "" "" 5983183944963505920 2323.25317 0.4016 0.0346 -2.817 -2.985 0.036 0.027 1.048 7496.3 3.8332 15.566027 1.444865 16.213335 14.76847 "" "" 2146.51978 2588.38794 11182.42645 3.1952 4467.7 9.7458 9812.3 12.036 "" "" 0.0027727302725417888 0.0036598411 0.0040071676 0.007667009 243.01069502778 -50.15920065767 2323.25317 -2.8169999999999966 -2.984999999999996 -0.092700092315674 -0.1625999069213866 0.14202684 0.13302684 "" "" 2.0611403936553083 "" 0.27885159398961257 "" 0.92
243.01316544454 -50.19872694475 0.029 0.0175 2.257 "" "" 5983182364415532032 2197.88403 0.4174 0.0358 -2.667 -2.634 0.037 0.027 0.934 "" "" 15.60163 1.417328 16.235125 14.817797 "" "" 2058.30713 2403.26587 10821.68393 3.0973 4378.9 6.4511 9376.5 9.3119 "" "" 0.002772788430136813 0.0032161393 0.0039301864 0.007146326 243.01316544454 -50.19872694475 2197.88403 -2.667 -2.634000000000004 0.05729990768432636 0.18840009307861338 0.14302683 0.13302684 "" "" 2.051516977823596 "" 0.2747031873405694 "" 0.86
243.52002600286 -50.12168930828 0.0268 0.0196 18.142 "" "" 5935154837527696384 2124.37061 0.4426 0.0349 -2.548 -2.826 0.035 0.029 1.004 "" "" 15.642168 1.352701 16.23112 14.878418 "" "" 1987.90967 2318.2627 10425.08038 3.0645 4395.1 9.449 8867.3 10.693 "" "" 0.0027737430788522905 0.0036378044 0.0039997427 0.0076375473 243.52002600286 -50.12168930828 2124.37061 -2.5479999999999983 -2.826 0.17629990768432613 -0.0035999069213867863 0.14102684 0.13502684 "" "" 1.7756249160325501 "" 0.250406424493571 "" 0.91
243.08700549667 -50.22460206866 0.0307 0.0198 3.3787 "" "" 5935145079361278720 2251.78735 0.4175 0.0376 -2.73 -2.896 0.039 0.029 1.025 9049.8 3.6624 15.67933 1.416107 16.30391 14.887802 "" "" 2059.26025 2462.92407 10074.2976 3.341 4110.1 10.889 8791.0 16.554 "" "" 0.002778747784459039 0.0040073846 0.004296946 0.0083043305 243.08700549667 -50.22460206866 2251.78735 -2.7300000000000004 -2.896 -0.00570009231567381 -0.07359990692138663 0.14502683 0.13502684 "" "" 0.7879189556132113 "" 0.10643891489503368 "" 0.92
242.98002230392 -50.03871447569 0.0293 0.018 8.5103 "" "" 5983185731669959168 2283.59814 0.4026 0.037 -2.876 -2.989 0.039 0.027 1.003 "" "" 15.682355 1.432991 16.320465 14.887474 "" "" 2133.69189 2471.21118 10046.26439 2.6616 4047.9 7.2686 8793.6 8.3409 "" "" 0.002770294427740296 0.0034038192 0.0039171805 0.0073209996 242.98002230392 -50.03871447569 2283.59814 -2.8759999999999977 -2.989 -0.15170009231567372 -0.1665999069213866 0.14502683 0.13302684 "" "" 2.4389054352560664 "" 0.3380204349375692 "" 0.92
243.06332104403 -50.21143059652 0.0313 0.0194 2.3766 "" "" 5935145143759816064 2058.27734 0.4548 0.0385 -2.734 -2.896 0.04 0.029 1.012 7975.3 3.9422 15.740935 1.540585 16.437965 14.89738 "" "" 1894.36597 2228.27661 9518.58849 3.2623 3632.7 7.2175 8713.8 11.748 "" "" 0.0027803341545995825 0.0035268073 0.004052953 0.00757976 243.06332104403 -50.21143059652 2058.27734 -2.734 -2.895999999999999 -0.009700092315673814 -0.07359990692138663 0.14602683 0.13502684 "" "" 0.7242674053988799 "" 0.0979370011547326 "" 0.88
243.3251145849 -50.19435352785 0.0352 0.0273 10.4698 "" "" 5935165042370376448 2087.37451 0.4616 0.0451 -2.788 -2.638 0.045 0.039 0.985 9248.2 3.5471 16.119781 1.597191 16.857092 15.259901 "" "" 1934.302 2326.25952 6714.81637 3.0145 2469.3 11.679 6240.2 11.095 "" "" 0.0027981011339621173 0.0058442424 0.0042438507 0.010088094 243.3251145849 -50.19435352785 2087.37451 -2.7879999999999994 -2.638 -0.06370009231567364 0.18440009307861338 0.15102684 0.14502683 "" "" 1.9302757867328064 "" 0.2811992263312893 "" 0.87
