Clusters/UBC_541/UBC_541_stars_in_region.tsv
# %ECSV 1.0
# ---
# datatype:
# - name: RA_ICRS_1
#   unit: deg
#   datatype: float64
#   format: '{:15.11f}'
#   description: Right ascension (ICRS) at Ep=2016.0 (ra)
#   meta: !!omap
#   - {ucd: POS_EQ_RA_MAIN}
#   - {width: 15}
#   - {precision: '11'}
# - name: DE_ICRS_1
#   unit: deg
#   datatype: float64
#   format: '{:15.11f}'
#   description: Declination (ICRS) at Ep=2016.0 (dec)
#   meta: !!omap
#   - {ucd: POS_EQ_DEC_MAIN}
#   - {width: 15}
#   - {precision: '11'}
# - name: e_RA_ICRS
#   unit: mas
#   datatype: float64
#   format: '{:7.4f}'
#   description: Standard error of right ascension (ra_error)
#   meta: !!omap
#   - {ucd: ERROR}
#   - {width: 7}
#   - {precision: '4'}
# - name: e_DE_ICRS
#   unit: mas
#   datatype: float64
#   format: '{:7.4f}'
#   description: Standard error of declination (dec_error)
#   meta: !!omap
#   - {ucd: ERROR}
#   - {width: 7}
#   - {precision: '4'}
# - name: _r_1
#   unit: ''
#   datatype: float64
#   format: '{:7.4f}'
#   description: Distance from center (243.05481207000-50.17219622000)[ICRS], at Epoch=J2016.0
#   meta: !!omap
#   - {ucd: POS_ANG_DIST_GENERAL}
#   - {width: 7}
#   - {precision: '4'}
# - name: HIP
#   datatype: int32
#   description: '? HIP cross-id number, van Leeuwen, Cat. I/311 (hip_original_ext_source_id)'
#   meta: !!omap
#   - {ucd: ID_NUMBER}
#   - {width: 6}
#   - values: {'null': -2147483648}
# - name: TYC2
#   datatype: string
#   description: Tycho-2 cross-id name, Hog et al., Cat. I/259 (tyc2_original_ext_source_id)
#   meta: !!omap
#   - {ucd: ID_CROSSID}
#   - {_votable_string_dtype: char}
# - name: Source
#   datatype: int64
#   description: Source identifier, identical to the Gaia-EDR3 source_id (id)
#   meta: !!omap
#   - {ucd: ID_MAIN}
#   - {width: 19}
# - name: rgeo
#   unit: pc
#   datatype: float64
#   format: '{:15.8f}'
#   description: '? Median of the geometric distance posterior (r_med_geo)'
#   meta: !!omap
#   - {ucd: PHYS_DISTANCE_TRUE}
#   - {width: 15}
#   - {precision: '8'}
#   - values: {'null': .nan}
# - name: Plx
#   unit: mas
#   datatype: float64
#   format: '{:9.4f}'
#   description: '? Parallax (parallax)'
#   meta: !!omap
#   - {ucd: POS_PARLX_TRIG}
#   - {width: 9}
#   - {precision: '4'}
#   - values: {'null': .nan}
# - name: e_Plx
#   unit: mas
#   datatype: float32
#   format: '{:7.4f}'
#   description: '? Standard error of parallax (parallax_error)'
#   meta: !!omap
#   - {ucd: ERROR}
#   - {width: 7}
#   - {precision: '4'}
#   - values: {'null': .nan}
# - name: pmRA
#   unit: mas / yr
#   datatype: float64
#   format: '{:9.3f}'
#   description: '? Proper motion in right ascension direction, pmRA*cosDE (pmra)'
#   meta: !!omap
#   - {ucd: POS_EQ_PMRA}
#   - {width: 9}
#   - {precision: '3'}
#   - values: {'null': .nan}
# - name: pmDE
#   unit: mas / yr
#   datatype: float64
#   format: '{:9.3f}'
#   description: '? Proper motion in declination direction (pmdec)'
#   meta: !!omap
#   - {ucd: POS_EQ_PMDEC}
#   - {width: 9}
#   - {precision: '3'}
#   - values: {'null': .nan}
# - name: e_pmRA
#   unit: mas / yr
#   datatype: float32
#   format: '{:6.3f}'
#   description: '? Standard error of proper motion in right ascension direction (pmra_error)'
#   meta: !!omap
#   - {ucd: ERROR}
#   - {width: 6}
#   - {precision: '3'}
#   - values: {'null': .nan}
# - name: e_pmDE
[...]
#         value: !astropy.table.SerializedColumn {name: SkyCoord.dec}
#       distance: !astropy.table.SerializedColumn
#         __class__: astropy.coordinates.distances.Distance
#         unit: !astropy.units.Unit {unit: pc}
#         value: !astropy.table.SerializedColumn {name: SkyCoord.distance}
#       frame: icrs
#       obstime: !astropy.time.Time {format: jyear_str, in_subfmt: '*', jd1: 367701545.0, jd2: 0.0, out_subfmt: '*', precision: 3, scale: tt}
#       pm_dec: !astropy.table.SerializedColumn
#         __class__: astropy.units.quantity.Quantity
#         unit: !astropy.units.Unit {unit: mas / yr}
#         value: !astropy.table.SerializedColumn {name: SkyCoord.pm_dec}
#       pm_ra_cosdec: !astropy.table.SerializedColumn
#         __class__: astropy.units.quantity.Quantity
#         unit: !astropy.units.Unit {unit: mas / yr}
#         value: !astropy.table.SerializedColumn {name: SkyCoord.pm_ra_cosdec}
#       ra: !astropy.table.SerializedColumn
#         __class__: astropy.coordinates.angles.Longitude
#         unit: *id001
#         value: !astropy.table.SerializedColumn {name: SkyCoord.ra}
#         wrap_angle: !astropy.coordinates.Angle
#           unit: *id001
#           value: 360.0
#       representation_type: spherical
# schema: astropy-2.0
RA_ICRS_1 DE_ICRS_1 e_RA_ICRS e_DE_ICRS _r_1 HIP TYC2 Source rgeo Plx e_Plx pmRA pmDE e_pmRA e_pmDE RUWE Teff logg Gmag BP-RP BPmag RPmag RV e_RV b_rgeo B_rgeo FG e_FG FBP e_FBP FRP e_FRP RAVE5 RAVE6 e_Gmag e_BPmag e_RPmag e_BP-RP SkyCoord.ra SkyCoord.dec SkyCoord.distance SkyCoord.pm_ra_cosdec SkyCoord.pm_dec rmRA rmDE e_rmRA e_rmDE rRV e_rRV v_pec v_pec3d e_vpec e_vpec3d
[from data line 377]
243.48932362313 -50.42525745858 0.021 0.014 22.5362 "" "" 5935126937419245440 2098.59473 0.4335 0.0273 -1.723 -3.311 0.033 0.021 0.976 4855.1 2.6766 14.824817 2.353855 16.081923 13.728067 -49.53 2.54 2006.45068 2212.6123 22131.97378 5.9603 5042.5 10.549 25582.0 11.665 "" "" 0.0027707914307720065 0.0035978067 0.0038116702 0.0074094767 243.48932362313 -50.42525745858 2098.59473 -1.7230000000000012 -3.311 1.001299907684326 -0.48859990692138666 0.13902684 0.12702684 -13.683333333333337 2.9241936 11.08283291052687 17.608600070243195 1.5161404390312594 2.4645756212905052
243.18857425316 -49.97304562507 0.021 0.0149 13.012 "" "" 5935171879958231680 2063.78027 0.4525 0.0252 -1.108 -2.368 0.03 0.022 0.938 "" "" 14.827306 1.241687 15.36206 14.120373 "" "" 1963.14038 2169.32715 22081.28638 5.2732 9785.7 13.154 17824.0 16.835 "" "" 0.002767492931231818 0.0031488175 0.003916039 0.0070648566 243.18857425316 -49.97304562507 2063.78027 -1.1079999999999997 -2.3680000000000003 1.616299907684326 0.4544000930786134 0.13602683 0.12802684 "" "" 16.424116058723826 "" 2.224759567043515 ""
242.96402273869 -50.34075505097 0.0225 0.0135 10.6964 "" "" 5935137142261349376 2200.34668 0.4075 0.0284 -2.389 -1.312 0.025 0.02 0.99 "" "" 14.828214 2.585845 16.254826 13.668981 12.36 1.94 2072.82935 2336.71704 22062.8326 6.4912 4300.2 7.6712 27013.0 24.57 "" "" 0.0027737755345053714 0.0033965404 0.0039062733 0.0073028137 242.96402273869 -50.34075505097 2200.34668 -2.389000000000002 -1.3120000000000018 0.3352999076843264 1.5104000930786132 0.13102683 0.12602684 48.20666666666666 2.3241937 16.136429348655582 50.835686906299046 2.0374840668058516 2.296927427657954
242.97053918659 -50.18418128316 0.0211 0.0134 3.317 "" "" 5983182604933707776 2219.2063 0.4103 0.0259 -2.135 -1.552 0.029 0.021 1.003 "" "" 14.832635 2.322998 16.068321 13.745323 5.13 2.26 2082.3147 2365.76123 21973.1711 5.8232 5106.1 7.5122 25178.0 14.405 "" "" 0.0027703034249200766 0.0032150582 0.00383009 0.007045148 242.97053918659 -50.18418128316 2219.2063 -2.134999999999999 -1.5520000000000005 0.5892999076843264 1.2704000930786132 0.13502684 0.12702684 40.97666666666667 2.6441936 14.731125840267193 43.54415321983996 1.892651008533352 2.569344449073441
243.48339118849 -49.93679428197 0.0205 0.0167 21.7274 "" "" 5935175865687695744 2020.97498 0.4519 0.0264 -2.135 -1.416 0.03 0.025 1.0 5276.8 2.968 14.836907 1.981532 15.831956 13.850424 -8.9 3.03 1925.78198 2135.59961 21886.88009 9.2958 6348.0 14.577 22855.0 20.619 "" "" 0.0027936417208122457 0.0037417975 0.003904251 0.0076460484 243.48339118849 -49.93679428197 2020.97498 -2.1349999999999993 -1.416 0.5892999076843264 1.4064000930786134 0.13602683 0.13102683 26.946666666666665 3.4141936 14.607394576033473 30.651245011326644 1.9250447748417485 3.1386191829488417
242.82380076302 -50.08915783402 0.0228 0.0135 10.1868 "" "" 5983186796826058496 1958.47107 0.4751 0.029 -1.941 -3.34 0.03 0.021 1.084 "" "" 14.841306 1.320306 15.415008 14.094702 "" "" 1850.49548 2073.77124 21798.39156 4.5018 9320.0 10.03 18251.0 10.682 "" "" 0.0027644288248484705 0.0030249495 0.0038324327 0.006857382 242.82380076302 -50.08915783402 1958.47107 -1.9409999999999998 -3.3400000000000007 0.7832999076843261 -0.5175999069213866 0.13602683 0.12702684 "" "" 8.71563187323931 "" 1.1622789957176063 ""
243.25514410581 -50.34923558819 0.0207 0.0149 13.1104 "" "" 5935138447931682816 2545.55371 0.3535 0.0267 -5.591 -4.122 0.027 0.022 1.022 "" "" 14.842409 2.60228 16.280008 13.677729 -18.19 1.86 2381.93262 2739.04443 21776.25751 7.0655 4201.6 10.835 26796.0 13.94 "" "" 0.002777748780674864 0.003952764 0.0038213555 0.0077741193 243.25514410581 -50.34923558819 2545.55371 -5.590999999999999 -4.121999999999997 -2.866700092315674 -1.2995999069213866 0.13302684 0.12802684 17.656666666666663 2.2441936 37.97782939582261 41.88165951100775 5.020205686287348 4.649545945444587
242.62162788227 -50.19697218645 0.0218 0.0124 16.7087 "" "" 5983180818227099904 2312.17603 0.3943 0.0262 -4.058 -6.366 0.03 0.02 0.967 4837.7 2.4219 14.842577 2.425851 16.1504 13.724549 3.13 1.62 2184.54858 2435.83179 21772.8872 5.1388 4734.3 9.0924 25665.0 13.014 "" "" 0.002767210746979826 0.0034832594 0.0038192705 0.00730253 242.62162788227 -50.19697218645 2312.17603 -4.058 -6.3660000000000005 -1.3337000923156737 -3.5435999069213864 0.13602683 0.12602684 38.97666666666667 2.0041935 41.49646053071531 56.93098261071609 5.282926963905538 4.087841757861609
243.50826938062 -50.25636172231 0.0203 0.014 18.1281 "" "" 5935151607712642048 2102.84644 0.4456 0.026 -0.027 -0.21 0.027 0.021 1.004 7477.8 3.4538 14.844379 1.31969 15.418532 14.098843 "" "" 1985.06616 2233.22827 21736.76198 4.2959 9289.7 10.994 18181.0 14.883 "" "" 0.002763662928424195 0.003071821 0.003882482 0.006954303 243.50826938062 -50.25636172231 2102.84644 -0.02700000000000003 -0.21000000000000016 2.697299907684326 2.6124000930786133 0.13302684 0.12702684 "" "" 37.427980762700145 "" 4.8715247441261464 ""
242.5353260777 -50.03528603557 0.028 0.0146 21.6137 "" "" 5983194699561964672 2769.19824 0.3021 0.0339 -3.873 -4.932 0.03 0.024 0.936 6430.1 1.8239 14.84973 3.365676 16.88757 13.521893 -88.93 1.14 2578.75586 3070.41943 21629.92274 8.1046 2401.0 7.5393 30931.0 20.0 "" "" 0.0027851913539289662 0.0044054813 0.0038440323 0.008249514 242.5353260777 -50.03528603557 2769.19824 -3.873 -4.932 -1.148700092315674 -2.109599906921387 0.13602683 0.13002683 -53.08333333333334 1.5241935 31.529524600100203 61.74100095792181 4.143708498430381 2.4890007527292943
242.8858612999 -49.88437482793 0.021 0.0123 18.4563 "" "" 5983214078455048832 2064.26636 0.4398 0.0254 -4.422 -4.144 0.027 0.019 1.023 "" "" 14.854232 1.409953 15.481297 14.071343 "" "" 1980.13269 2183.99097 21540.40655 4.5675 8768.0 10.652 18648.0 13.587 "" "" 0.0027649217173883337 0.0030862421 0.0038612848 0.0069475267 242.8858612999 -49.88437482793 2064.26636 -4.422 -4.144 -1.6977000923156735 -1.3215999069213868 0.13302684 0.12502684 "" "" 21.05129630290883 "" 2.7380569099397527 ""
242.83194407894 -50.31908058339 0.0244 0.0135 12.2799 "" "" 5983175423748038656 2406.31079 0.3743 0.03 -5.055 -5.549 0.029 0.021 1.04 4413.6 1.5026 14.855453 2.46534 16.19415 13.728811 -70.0 1.82 2217.7373 2543.03564 21516.20067 7.4986 4547.3 9.0571 25564.0 14.482 "" "" 0.0027811810284819093 0.00353009 0.003829104 0.0073591936 242.83194407894 -50.31908058339 2406.31079 -5.055 -5.5489999999999995 -2.3307000923156735 -2.726599906921387 0.13502684 0.12702684 -34.153333333333336 2.2041936 40.91291660238062 53.29462376911136 5.337672641393545 4.334228597087453
243.23180798348 -49.94717833535 0.0395 0.0286 15.1248 "" "" 5935172120476407936 2149.33154 0.435 0.0485 -4.246 -4.668 0.056 0.04 1.787 "" "" 14.857802 2.431575 16.15999 13.728416 -50.89 2.92 1921.51587 2351.29761 21469.69893 11.507 4692.7 14.601 25574.0 18.741 "" "" 0.002816099406138757 0.004381463 0.003862224 0.008243687 243.23180798348 -49.94717833535 2149.33154 -4.246 -4.668 -1.5217000923156743 -1.8455999069213869 0.16202684 0.14602683 -15.043333333333337 3.3041937 24.36960426035839 28.63877597915553 3.7213356680714704 3.611055728665979
242.99059240697 -50.12652208231 0.0206 0.0129 3.6887 "" "" 5983184254201168640 2063.28516 0.4533 0.0256 -4.932 -8.955 0.029 0.02 0.989 5081.7 2.7305 14.858949 2.26319 16.049822 13.786632 -40.62 3.9 1964.51807 2198.31128 21447.03697 10.289 5193.8 14.449 24238.0 26.098 "" "" 0.00280412124610282 0.004111981 0.003956061 0.008068042 242.99059240697 -50.12652208231 2063.28516 -4.932 -8.955 -2.207700092315674 -6.132599906921387 0.13502684 0.12602684 -4.773333333333333 4.2841935 63.74465287975406 63.923121653056405 8.101419949731959 8.085133041578786
242.8578549597 -50.05056185609 0.0553 0.0314 10.5212 "" "" 5983188343010093568 2620.38794 0.334 0.0709 1.158 -2.119 0.069 0.05 1.114 3978.3 1.3292 14.85988 4.79507 18.145254 13.350184 -24.36 1.53 2206.60083 3308.88599 21428.62869 14.853 753.9 6.3763 36231.0 46.435 "" "" 0.0028562464245284686 0.009597421 0.004027413 0.013624834 242.8578549597 -50.05056185609 2620.38794 1.158 -2.119 3.882299907684326 0.7034000930786131 0.17502683 0.15602684 11.486666666666665 1.9141935 49.00571554545826 50.333921635746606 8.549281987315828 8.335139424169235
242.53378073313 -50.31715701714 0.021 0.0129 21.8023 "" "" 5983084817119684992 2465.32422 0.3506 0.0263 0.887 -1.996 0.029 0.022 1.033 "" "" 14.86048 2.642654 16.330753 13.688099 -31.08 1.67 2315.00586 2657.8291 21416.79856 5.8121 4009.7 6.3271 26541.0 9.6343 "" "" 0.00277102987741383 0.0032741756 0.003799876 0.0070740515 242.53378073313 -50.31715701714 2465.32422 0.887 -1.996 3.611299907684326 0.8264000930786133 0.13502684 0.12802684 4.766666666666666 2.0541935 43.29118257580317 43.552813915092045 5.83076465458337 5.800096876958753
242.93922142472 -50.35162015373 0.0237 0.0138 11.6427 "" "" 5935136798663965440 2675.12061 0.3327 0.03 -4.492 -6.249 0.027 0.021 0.951 6790.2 2.0744 14.862616 2.593276 16.296091 13.702815 -10.69 1.82 2472.35278 2856.02539 21374.72802 5.9767 4139.8 7.4438 26184.0 13.437 "" "" 0.002771994824852517 0.003405349 0.0038202317 0.0072255805 242.93922142472 -50.35162015373 2675.12061 -4.492000000000002 -6.248999999999999 -1.7677000923156738 -3.4265999069213864 0.13302684 0.12702684 25.156666666666666 2.2041936 48.890434108492514 54.983019425042734 6.27319385333225 5.668503986135026
243.4022688049 -49.9411347128 0.0206 0.0168 19.2704 "" "" 5935174560017653376 2006.56665 0.4708 0.026 -4.793 -4.103 0.028 0.022 1.023 "" "" 14.862721 1.213485 15.381773 14.168288 "" "" 1901.51013 2106.58374 21372.65825 5.2909 9609.7 12.399 17055.0 12.408 "" "" 0.0027683987344686487 0.003122101 0.003861046 0.006983147 243.4022688049 -49.9411347128 2006.56665 -4.792999999999999 -4.102999999999994 -2.068700092315674 -1.2805999069213865 0.13402684 0.12802684 "" "" 23.140505241939366 "" 3.063613723537085 ""
243.00532407148 -50.23893164534 0.0218 0.0139 4.4322 "" "" 5935143773691230080 2761.35278 0.3099 0.0275 -4.655 -3.056 0.028 0.021 1.043 4630.1 2.1091 14.86952 2.528645 16.254135 13.725491 -62.72 2.97 2592.18408 2990.28271 21239.2316 5.5226 4302.9 8.877 25643.0 18.545 "" "" 0.002769745363875323 0.0035780182 0.003860087 0.007438105 243.00532407148 -50.23893164534 2761.35278 -4.655 -3.0559999999999996 -1.930700092315674 -0.23359990692138677 0.13402684 0.12702684 -26.873333333333335 3.3541937 25.454868607826388 37.01521822556433 3.409130998653807 3.3802855277115595
242.54638159394 -50.2953428554 0.0216 0.0137 20.8653 "" "" 5983084851479425408 2641.8064 0.3353 0.0267 -5.127 -5.741 0.028 0.023 1.073 15008.7 3.45 14.871064 2.573109 16.263357 13.690248 -27.97 2.05 2487.77637 2791.24146 21209.04078 7.8185 4266.5 10.836 26489.0 35.953 "" "" 0.0027842388614178894 0.00392289 0.004056521 0.007979412 242.54638159394 -50.2953428554 2641.8064 -5.127000000000001 -5.741 -2.4027000923156736 -2.9185999069213864 0.13402684 0.12902683 7.876666666666665 2.4341936 47.33839989625321 47.98922777577655 6.204623387268474 6.133503129458119
242.52220044791 -50.14721335403 0.0246 0.0133 20.5278 "" "" 5983191504106203648 2207.59619 0.4129 0.029 -2.773 -4.215 0.03 0.023 0.983 "" "" 14.873138 1.43112 15.509737 14.078617 "" "" 2080.80542 2389.69116 21168.57162 4.5778 8541.3 8.5547 18523.0 10.949 "" "" 0.0027653061800032726 0.0029945907 0.0038334855 0.006828076 242.52220044791 -50.14721335403 2207.59619 -2.773 -4.215 -0.04870009231567396 -1.3925999069213866 0.13602683 0.12902683 "" "" 14.581081458143137 "" 1.8814787693753086 ""
243.09055855723 -50.1377840365 0.021 0.0144 2.4802 "" "" 5935145938354772224 2075.31299 0.4435 0.0262 -2.794 -2.421 0.028 0.021 1.124 "" "" 14.877688 1.278854 15.427421 14.148566 "" "" 1966.0929 2168.91064 21080.03301 6.2247 9214.0 11.068 17367.0 15.813 "" "" 0.0027739101488384963 0.003079934 0.0039065364 0.0069864704 243.09055855723 -50.1377840365 2075.31299 -2.794 -2.4209999999999976 -0.06970009231567387 0.40140009307861346 0.13402684 0.12702684 "" "" 4.007652029984557 "" 0.509922408231877 ""
243.01853944884 -50.16476217316 0.0215 0.0138 1.4636 "" "" 5983183876244027136 2322.87134 0.3872 0.0271 -2.612 -2.833 0.028 0.021 1.085 "" "" 14.882827 1.332015 15.458581 14.126566 "" "" 2178.12256 2493.69263 20980.50974 4.587 8953.3 10.639 17723.0 12.573 "" "" 0.002765526500102359 0.0030740118 0.003857071 0.006931083 243.01853944884 -50.16476217316 2322.87134 -2.6120000000000023 -2.833000000000001 0.11229990768432607 -0.010599906921386903 0.13402684 0.12702684 "" "" 1.241963883872859 "" 0.16638171166616963 ""
243.42496142504 -50.0556209517 0.0205 0.016 15.8667 "" "" 5935167035234881536 1941.95532 0.4812 0.0264 -3.474 -6.559 0.027 0.022 1.014 "" "" 14.886215 1.678623 15.681507 14.002884 -61.54 23.96 1852.59558 2056.10034 20915.13288 5.216 7291.5 12.591 19861.0 15.733 "" "" 0.0027685927905854546 0.0033615665 0.0038760097 0.007237576 243.42496142504 -50.0556209517 1941.95532 -3.4739999999999984 -6.559000000000001 -0.749700092315674 -3.736599906921387 0.13302684 0.12802684 -25.693333333333335 24.344193 35.080366377816354 43.483094220393355 4.498143372561754 14.835210141804648
242.72255508322 -50.23323106531 0.0218 0.0126 13.2752 "" "" 5983179856154378112 1977.44238 0.4663 0.0272 -2.197 -3.281 0.028 0.02 0.997 "" "" 14.890847 1.776751 15.74535 13.968599 -5.01 10.03 1853.32263 2114.87964 20826.09089 5.2368 6875.1 8.9491 20498.0 12.823 "" "" 0.002768812965182638 0.003127679 0.0038399284 0.0069676074 242.72255508322 -50.23323106531 1977.44238 -2.197000000000002 -3.2810000000000046 0.5272999076843261 -0.45859990692138686 0.13402684 0.12602684 30.836666666666666 10.414193 6.550158468974026 31.524666327810404 0.8557236964283365 10.188463580921825
243.37393892993 -50.19850378555 0.0221 0.0156 12.3615 "" "" 5935164595693773312 2253.73413 0.4102 0.0278 -2.925 -2.435 0.028 0.023 1.047 7948.0 3.9049 14.892513 1.330701 15.472293 14.141592 "" "" 2129.39966 2383.13257 20794.15913 4.738 8841.0 13.888 17479.0 16.464 "" "" 0.0027664038116859365 0.0032701567 0.0039153052 0.007185462 243.37393892993 -50.19850378555 2253.73413 -2.9250000000000016 -2.4350000000000014 -0.20070009231567365 0.38740009307861323 0.13402684 0.12902683 "" "" 4.660882346957498 "" 0.6063848706203933 ""
243.24219586416 -50.27294811324 0.022 0.0149 9.3962 "" "" 5935140921832884608 2704.83496 0.324 0.0285 -5.491 -4.842 0.027 0.022 0.999 "" "" 14.894269 2.622763 16.349136 13.726374 -43.23 3.23 2540.48999 2915.11841 20760.5595 6.8031 3942.4 8.1218 25622.0 16.763 "" "" 0.0027781963526698717 0.0035760405 0.0038455562 0.007421597 243.24219586416 -50.27294811324 2704.83496 -5.491 -4.842000000000002 -2.7667000923156735 -2.0195999069213864 0.13302684 0.12802684 -7.383333333333333 3.6141937 43.916861401145994 44.53318230756228 5.766737285342415 5.71840928264692
243.26344264645 -50.43523967446 0.0212 0.0137 17.6923 "" "" 5935137520218708224 2288.66772 0.3814 0.0284 -4.028 -5.185 0.031 0.022 0.983 "" "" 14.896732 2.505667 16.264963 13.759296 -52.25 2.5 2153.04761 2458.2207 20713.51764 5.9605 4260.2 7.1663 24856.0 16.308 "" "" 0.002772977114889421 0.0033347688 0.0038459292 0.007180698 243.26344264645 -50.43523967446 2288.66772 -4.028 -5.1850000000000005 -1.3037000923156734 -2.3625999069213863 0.13702683 0.12802684 -16.403333333333336 2.8841937 29.27331312159884 33.55586693202272 3.8108958557487185 3.611139382304351
