Clusters/UBC_541/UBC_541_stars_in_region.tsv
# %ECSV 1.0
# ---
# datatype:
# - name: RA_ICRS_1
#   unit: deg
#   datatype: float64
#   format: '{:15.11f}'
#   description: Right ascension (ICRS) at Ep=2016.0 (ra)
#   meta: !!omap
#   - {ucd: POS_EQ_RA_MAIN}
#   - {width: 15}
#   - {precision: '11'}
# - name: DE_ICRS_1
#   unit: deg
#   datatype: float64
#   format: '{:15.11f}'
#   description: Declination (ICRS) at Ep=2016.0 (dec)
#   meta: !!omap
#   - {ucd: POS_EQ_DEC_MAIN}
#   - {width: 15}
#   - {precision: '11'}
# - name: e_RA_ICRS
#   unit: mas
#   datatype: float64
#   format: '{:7.4f}'
#   description: Standard error of right ascension (ra_error)
#   meta: !!omap
#   - {ucd: ERROR}
#   - {width: 7}
#   - {precision: '4'}
# - name: e_DE_ICRS
#   unit: mas
#   datatype: float64
#   format: '{:7.4f}'
#   description: Standard error of declination (dec_error)
#   meta: !!omap
#   - {ucd: ERROR}
#   - {width: 7}
#   - {precision: '4'}
# - name: _r_1
#   unit: ''
#   datatype: float64
#   format: '{:7.4f}'
#   description: Distance from center (243.05481207000-50.17219622000)[ICRS], at Epoch=J2016.0
#   meta: !!omap
#   - {ucd: POS_ANG_DIST_GENERAL}
#   - {width: 7}
#   - {precision: '4'}
# - name: HIP
#   datatype: int32
#   description: '? HIP cross-id number, van Leeuwen, Cat. I/311 (hip_original_ext_source_id)'
#   meta: !!omap
#   - {ucd: ID_NUMBER}
#   - {width: 6}
#   - values: {'null': -2147483648}
# - name: TYC2
#   datatype: string
#   description: Tycho-2 cross-id name, Hog et al., Cat. I/259 (tyc2_original_ext_source_id)
#   meta: !!omap
#   - {ucd: ID_CROSSID}
#   - {_votable_string_dtype: char}
# - name: Source
#   datatype: int64
#   description: Source identifier, identical to the Gaia-EDR3 source_id (id)
#   meta: !!omap
#   - {ucd: ID_MAIN}
#   - {width: 19}
# - name: rgeo
#   unit: pc
#   datatype: float64
#   format: '{:15.8f}'
#   description: '? Median of the geometric distance posterior (r_med_geo)'
#   meta: !!omap
#   - {ucd: PHYS_DISTANCE_TRUE}
#   - {width: 15}
#   - {precision: '8'}
#   - values: {'null': .nan}
# - name: Plx
#   unit: mas
#   datatype: float64
#   format: '{:9.4f}'
#   description: '? Parallax (parallax)'
#   meta: !!omap
#   - {ucd: POS_PARLX_TRIG}
#   - {width: 9}
#   - {precision: '4'}
#   - values: {'null': .nan}
# - name: e_Plx
#   unit: mas
#   datatype: float32
#   format: '{:7.4f}'
#   description: '? Standard error of parallax (parallax_error)'
#   meta: !!omap
#   - {ucd: ERROR}
#   - {width: 7}
#   - {precision: '4'}
#   - values: {'null': .nan}
# - name: pmRA
#   unit: mas / yr
#   datatype: float64
#   format: '{:9.3f}'
#   description: '? Proper motion in right ascension direction, pmRA*cosDE (pmra)'
#   meta: !!omap
#   - {ucd: POS_EQ_PMRA}
#   - {width: 9}
#   - {precision: '3'}
#   - values: {'null': .nan}
# - name: pmDE
#   unit: mas / yr
#   datatype: float64
#   format: '{:9.3f}'
#   description: '? Proper motion in declination direction (pmdec)'
#   meta: !!omap
#   - {ucd: POS_EQ_PMDEC}
#   - {width: 9}
#   - {precision: '3'}
#   - values: {'null': .nan}
# - name: e_pmRA
#   unit: mas / yr
#   datatype: float32
#   format: '{:6.3f}'
#   description: '? Standard error of proper motion in right ascension direction (pmra_error)'
#   meta: !!omap
#   - {ucd: ERROR}
#   - {width: 6}
#   - {precision: '3'}
#   - values: {'null': .nan}
# - name: e_pmDE
[...]
#         value: !astropy.table.SerializedColumn {name: SkyCoord.dec}
#       distance: !astropy.table.SerializedColumn
#         __class__: astropy.coordinates.distances.Distance
#         unit: !astropy.units.Unit {unit: pc}
#         value: !astropy.table.SerializedColumn {name: SkyCoord.distance}
#       frame: icrs
#       obstime: !astropy.time.Time {format: jyear_str, in_subfmt: '*', jd1: 367701545.0, jd2: 0.0, out_subfmt: '*', precision: 3, scale: tt}
#       pm_dec: !astropy.table.SerializedColumn
#         __class__: astropy.units.quantity.Quantity
#         unit: !astropy.units.Unit {unit: mas / yr}
#         value: !astropy.table.SerializedColumn {name: SkyCoord.pm_dec}
#       pm_ra_cosdec: !astropy.table.SerializedColumn
#         __class__: astropy.units.quantity.Quantity
#         unit: !astropy.units.Unit {unit: mas / yr}
#         value: !astropy.table.SerializedColumn {name: SkyCoord.pm_ra_cosdec}
#       ra: !astropy.table.SerializedColumn
#         __class__: astropy.coordinates.angles.Longitude
#         unit: *id001
#         value: !astropy.table.SerializedColumn {name: SkyCoord.ra}
#         wrap_angle: !astropy.coordinates.Angle
#           unit: *id001
#           value: 360.0
#       representation_type: spherical
# schema: astropy-2.0
RA_ICRS_1 DE_ICRS_1 e_RA_ICRS e_DE_ICRS _r_1 HIP TYC2 Source rgeo Plx e_Plx pmRA pmDE e_pmRA e_pmDE RUWE Teff logg Gmag BP-RP BPmag RPmag RV e_RV b_rgeo B_rgeo FG e_FG FBP e_FBP FRP e_FRP RAVE5 RAVE6 e_Gmag e_BPmag e_RPmag e_BP-RP SkyCoord.ra SkyCoord.dec SkyCoord.distance SkyCoord.pm_ra_cosdec SkyCoord.pm_dec rmRA rmDE e_rmRA e_rmDE rRV e_rRV v_pec v_pec3d e_vpec e_vpec3d
[from data line 1145]
243.0913016503 -50.06182022681 0.0404 0.0266 6.7697 "" "" 5983208065500776704 2221.56763 0.4353 0.0483 -0.156 -1.517 0.055 0.038 1.012 "" "" 16.211979 1.641096 16.983799 15.342703 "" "" 2006.97986 2448.11182 6168.15376 2.3925 2197.3 7.2013 5782.0 10.773 "" "" 0.002787318395973827 0.0045218067 0.0042867246 0.008808531 243.0913016503 -50.06182022681 2221.56763 -0.15599999999999953 -1.5169999999999977 2.568299907684326 1.3054000930786134 0.16102684 0.14402683 "" "" 30.337727339544408 "" 4.783842513790436 ""
242.60655018428 -50.34933894234 0.039 0.0234 20.214 "" "" 5983083751967772672 1953.88196 0.4986 0.0481 -4.19 -4.614 0.049 0.039 0.978 7938.2 3.6676 16.21351 1.661131 16.992542 15.331411 "" "" 1778.39441 2162.93774 6159.45766 2.1521 2179.7 5.8206 5842.4 6.5388 "" "" 0.002781312391705319 0.004023813 0.0039699273 0.007993741 242.60655018428 -50.34933894234 1953.88196 -4.1899999999999995 -4.614 -1.4657000923156742 -1.7915999069213866 0.15502684 0.14502683 "" "" 21.43790565464057 "" 3.196751641383685 ""
243.15147126555 -49.82527760296 0.0416 0.0281 21.1463 "" "" 5983217205191717760 2308.52539 0.4294 0.0499 -2.472 -5.136 0.05 0.04 0.976 "" "" 16.213808 1.644741 16.990376 15.345634 "" "" 2054.01831 2717.31885 6157.76758 2.8222 2184.1 6.3747 5766.4 10.347 "" "" 0.0027998937085775963 0.0042222166 0.0042519663 0.008474182 243.15147126555 -49.82527760296 2308.52539 -2.472 -5.136 0.2522999076843262 -2.313599906921387 0.15602684 0.14602683 "" "" 25.466446703710226 "" 3.7218786964751183 ""
243.2098995977 -50.16506365953 0.0368 0.0279 5.9756 "" "" 5935168237825405312 2119.56885 0.4685 0.0468 -1.184 -1.313 0.048 0.039 0.929 "" "" 16.214325 1.823177 17.099195 15.276018 "" "" 1918.4967 2339.5625 6154.83668 2.9364 1975.8 8.523 6148.2 11.533 "" "" 0.002803587885312723 0.0054516555 0.004293217 0.009744872 243.2098995977 -50.16506365953 2119.56885 -1.184 -1.313 1.5402999076843262 1.5094000930786133 0.15402684 0.14502683 "" "" 21.666575923755808 "" 3.2431753536649546 ""
242.54005600347 -50.24169519965 0.0378 0.0235 20.2021 "" "" 5983190576393207680 2014.69324 0.4651 0.047 -3.207 -3.549 0.051 0.039 0.988 7198.1 3.4288 16.214546 1.976144 17.198465 15.222321 "" "" 1850.69775 2223.07373 6153.58871 2.0836 1803.1 5.383 6460.0 8.8005 "" "" 0.0027797375338863735 0.004276861 0.0040585073 0.008335369 242.54005600347 -50.24169519965 2014.69324 -3.207 -3.5489999999999977 -0.4827000923156737 -0.7265999069213867 0.15702683 0.14502683 "" "" 8.330372458205797 "" 1.2395928894234347 ""
243.2078987305 -49.92495934921 0.0456 0.0304 15.9638 "" "" 5935172494111736960 2107.25952 0.4819 0.053 -2.437 -2.453 0.055 0.042 1.048 9383.9 4.1518 16.215662 1.555387 16.9306 15.375213 "" "" 1865.67896 2416.52002 6147.27052 2.8339 2307.7 8.4356 5611.4 7.2361 "" "" 0.0028004134507120613 0.004851448 0.0040303837 0.008881832 243.2078987305 -49.92495934921 2107.25952 -2.4369999999999994 -2.4529999999999994 0.28729990768432634 0.36940009307861343 0.16102684 0.14802684 "" "" 4.674294906913953 "" 0.7154303233109304 ""
242.94343282559 -50.16163163728 0.0381 0.0245 4.3273 "" "" 5983182673653197056 2675.10229 0.3439 0.0492 -4.809 -5.635 0.052 0.038 0.908 9970.7 3.8297 16.217937 1.833767 17.00706 15.173292 "" "" 2392.0564 2988.28125 6134.39281 4.3494 2150.8 13.124 6758.4 17.598 "" "" 0.0028608377871380693 0.007188644 0.0047197794 0.011908423 242.94343282559 -50.16163163728 2675.10229 -4.808999999999999 -5.635000000000002 -2.084700092315674 -2.8125999069213865 0.15802684 0.14402683 "" "" 44.3920686896885 "" 6.620695522565058 ""
243.38953558249 -50.47329674961 0.0375 0.0282 22.1539 "" "" 5935125116353108736 2638.40942 0.351 0.0529 -5.336 -6.672 0.056 0.042 0.959 "" "" 16.218527 2.73048 17.70239 14.97191 "" "" 2331.69653 3004.49609 6131.06458 3.8409 1133.6 10.055 8135.7 36.161 "" "" 0.0028380326033196532 0.010026495 0.0061296104 0.016156105 243.38953558249 -50.47329674961 2638.40942 -5.336 -6.671999999999988 -2.611700092315674 -3.8495999069213864 0.16202684 0.14802684 "" "" 58.17724357103677 "" 8.87658433967297 ""
243.18415871115 -50.46227100073 0.0382 0.0254 18.0962 "" "" 5935131816501781248 2230.57764 0.4311 0.0527 -2.038 -1.077 0.056 0.038 1.007 "" "" 16.221062 1.737218 17.051538 15.314321 "" "" 2000.32654 2591.98511 6116.76899 2.371 2064.4 7.4396 5935.1 8.335 "" "" 0.0027872763396112363 0.0048056757 0.004075368 0.008881044 243.18415871115 -50.46227100073 2230.57764 -2.0380000000000003 -1.0769999999999995 0.6862999076843264 1.7454000930786133 0.16202684 0.14402683 "" "" 19.82934454710333 "" 2.906295790433088 ""
242.76015529609 -49.88038442796 0.0411 0.023 20.87 "" "" 5983202224345185280 2538.55786 0.3711 0.0518 -3.96 -4.049 0.053 0.038 1.02 6998.0 2.7901 16.223228 1.710753 17.032654 15.3219 "" "" 2251.31763 2988.77539 6104.57239 2.3515 2100.7 9.5914 5893.8 7.588 "" "" 0.0027868808425459846 0.005688545 0.0040295995 0.009718144 242.76015529609 -49.88038442796 2538.55786 -3.959999999999999 -4.049000000000005 -1.2357000923156738 -1.226599906921387 0.15902683 0.14402683 "" "" 20.950497543727895 "" 3.1796085479135527 ""
242.65948415735 -49.98784716688 0.0431 0.025 18.8157 "" "" 5983200094041150336 2165.62964 0.4389 0.0542 -2.591 -2.664 0.05 0.04 1.004 7926.4 3.6324 16.223366 1.70124 17.00427 15.30303 "" "" 1920.50684 2418.86084 6103.79822 2.4676 2156.3 9.0637 5997.2 24.46 "" "" 0.0027900631172236485 0.0053490885 0.005821781 0.01117087 242.65948415735 -49.98784716688 2165.62964 -2.5910000000000006 -2.6640000000000015 0.13329990768432598 0.15840009307861314 0.15602684 0.14602683 "" "" 2.1251317018649933 "" 0.3193084097133718 ""
243.3143991507 -49.96239376694 0.0399 0.0312 16.0752 "" "" 5935177240077560320 2102.35498 0.4698 0.0499 -1.402 -3.551 0.055 0.041 1.034 "" "" 16.225653 1.49166 16.877073 15.385413 "" "" 1916.70862 2348.97656 6090.9587 3.4486 2424.3 16.061 5559.0 25.48 "" "" 0.0028230616876151475 0.0077152066 0.00624897 0.013964176 243.3143991507 -49.96239376694 2102.35498 -1.402 -3.551 1.3222999076843263 -0.7285999069213869 0.16102684 0.14702684 "" "" 15.044870605922009 "" 2.375241586499511 ""
242.78266135964 -49.85741888816 0.0405 0.0231 21.6056 "" "" 5983225726406383104 2186.69849 0.4564 0.0497 -6.992 -4.773 0.052 0.037 1.01 7467.8 3.8053 16.22569 1.831587 17.120527 15.28894 "" "" 1932.91431 2468.00513 6090.74155 2.2646 1937.3 7.5668 6075.5 7.8279 "" "" 0.002784735759857377 0.005076294 0.0040299697 0.0091062635 242.78266135964 -49.85741888816 2186.69849 -6.992 -4.773 -4.267700092315674 -1.9505999069213864 0.15802684 0.14302683 "" "" 48.6359279959338 "" 7.564744231554678 ""
242.79028300263 -50.28489688283 0.0428 0.0259 12.1992 "" "" 5983176454540224000 2405.38574 0.4042 0.0552 -2.669 -3.439 0.051 0.04 0.971 "" "" 16.226831 2.499786 17.592447 15.092661 "" "" 2079.25464 2767.00488 6084.35429 2.9528 1254.4 5.1499 7279.4 7.8066 "" "" 0.002805250970407552 0.005258703 0.0039546783 0.009213381 242.79028300263 -50.28489688283 2405.38574 -2.669 -3.439 0.05529990768432613 -0.6165999069213868 0.15702683 0.14602683 "" "" 7.058398154416895 "" 1.03135820367433 ""
243.34043482843 -49.99906399052 0.0382 0.0325 15.1269 "" "" 5935171089684444672 2032.78882 0.4746 0.0485 -3.886 -4.453 0.053 0.043 1.052 "" "" 16.22793 1.525736 16.92834 15.402605 "" "" 1855.63416 2195.74292 6078.20069 3.5772 2312.5 12.346 5471.6 9.8156 "" "" 0.0028284438598050366 0.006433111 0.004251746 0.010684857 243.34043482843 -49.99906399052 2032.78882 -3.886 -4.453 -1.161700092315674 -1.630599906921387 0.15902683 0.14902684 "" "" 19.29106938786173 "" 2.9412493095856553 ""
242.66705439122 -49.92693447763 0.0418 0.0249 20.9698 "" "" 5983201812028097792 2083.44678 0.4446 0.0513 -4.548 -5.409 0.052 0.041 0.983 9001.8 3.4976 16.228008 2.074954 17.275534 15.20058 "" "" 1878.14429 2314.18433 6077.76315 2.4734 1679.6 5.2476 6590.6 9.4788 "" "" 0.002790523401934892 0.00439226 0.0040892703 0.0084815305 242.66705439122 -49.92693447763 2083.44678 -4.548 -5.408999999999999 -1.8237000923156739 -2.5865999069213865 0.15802684 0.14702684 "" "" 31.254760336264404 "" 4.712228725150681 ""
243.28589032261 -50.43782834299 0.0423 0.0268 18.2328 "" "" 5935125803547918592 2224.34302 0.4578 0.0573 -5.105 -4.816 0.066 0.041 1.019 8957.0 3.9196 16.230797 1.767029 17.081491 15.314463 "" "" 2000.32544 2484.23853 6062.1689 2.4023 2008.3 6.6437 5934.3 9.7729 "" "" 0.002788710575869273 0.004548153 0.0041810083 0.008729162 243.28589032261 -50.43782834299 2224.34302 -5.105 -4.815999999999999 -2.3807000923156743 -1.9935999069213866 0.17202684 0.14702684 "" "" 32.739163170833656 "" 5.309948927455256 ""
242.99029247177 -50.17214750545 0.042 0.027 2.4794 "" "" 5983182428822022656 2718.34644 0.3185 0.0514 -0.496 -2.638 0.054 0.041 0.926 "" "" 16.231562 2.372091 17.492832 15.120741 "" "" 2427.24731 3049.87231 6057.89988 2.7831 1374.9 6.2946 7093.5 9.2179 "" "" 0.0028001064353203827 0.005700292 0.0040341495 0.0097344415 242.99029247177 -50.17214750545 2718.34644 -0.49600000000000005 -2.638 2.228299907684326 0.18440009307861338 0.16002683 0.14702684 "" "" 28.80970310071272 "" 4.607881004702623 ""
243.62651900241 -50.13421578671 0.0366 0.0266 22.0966 "" "" 5935159785329970944 2004.60352 0.4785 0.0477 -3.07 -5.892 0.049 0.041 1.042 7467.8 4.0804 16.231752 1.460105 16.8957 15.435595 "" "" 1804.72693 2212.34814 6056.83644 2.3371 2383.1 10.036 5307.9 11.176 "" "" 0.002786988211375765 0.005356467 0.0044169906 0.009773457 243.62651900241 -50.13421578671 2004.60352 -3.0699999999999994 -5.8919999999999995 -0.34570009231567367 -3.069599906921387 0.15502684 0.14702684 "" "" 29.35117199260329 "" 4.318429809018198 ""
243.45164979339 -50.43774582006 0.0391 0.0272 22.0257 "" "" 5935126490742648960 2879.02808 0.3339 0.0521 -2.784 -1.759 0.059 0.041 1.087 "" "" 16.232265 1.773305 17.070103 15.296798 "" "" 2478.72363 3257.42285 6053.97202 3.1319 2029.4 7.9938 6031.7 8.0048 "" "" 0.002811988251225262 0.005106399 0.004044741 0.00915114 243.45164979339 -50.43774582006 2879.02808 -2.784 -1.7589999999999997 -0.059700092315673636 1.0634000930786134 0.16502684 0.14702684 "" "" 14.534639400876195 "" 2.137854185699226 ""
242.75450491016 -50.07176407557 0.046 0.0257 13.0297 "" "" 5983187758898746112 1976.32764 0.4889 0.0591 -7.085 -4.506 0.053 0.041 0.974 6667.9 3.9168 16.23323 1.72893 17.044542 15.315612 "" "" 1751.5647 2233.40088 6048.59796 2.4431 2077.8 8.4289 5928.1 16.431 "" "" 0.0027900014606554325 0.005213848 0.0048311404 0.010044988 242.75450491016 -50.07176407557 1976.32764 -7.084999999999998 -4.506000000000003 -4.360700092315674 -1.683599906921387 0.15902683 0.14702684 "" "" 43.78901064746578 "" 6.89772153118724 ""
243.5720440262 -50.05141323728 0.0395 0.0293 21.1801 "" "" 5935161297158543488 2713.05664 0.3287 0.0506 -5.041 -5.743 0.055 0.044 0.964 "" "" 16.233707 3.507788 18.388012 14.880224 "" "" 2401.92188 3264.86304 6045.93924 2.9499 602.85 6.3404 8852.6 11.588 "" "" 0.0028057833783072103 0.011755032 0.0040377714 0.015792804 243.5720440262 -50.05141323728 2713.05664 -5.041 -5.742999999999995 -2.316700092315674 -2.920599906921387 0.16102684 0.15002683 "" "" 47.939972431115166 "" 7.400398853402519 ""
242.64241717243 -50.24653668367 0.0805 0.0529 16.4517 "" "" 5983179031520671616 2364.27222 0.4088 0.1015 -7.748 -3.625 0.111 0.087 0.958 "" "" 16.234655 5.063415 19.747307 14.683891 "" "" 1920.6012 3286.39966 6040.66738 5.8114 172.38 4.0335 10607.0 11.561 "" "" 0.0029466639521443273 0.025557775 0.00396032 0.029518094 242.64241717243 -50.24653668367 2364.27222 -7.748000000000005 -3.625000000000006 -5.023700092315674 -0.8025999069213867 0.21702683 0.19302684 "" "" 57.0128124948328 "" 12.341095446353584 ""
242.8252719276 -50.28507303863 0.0421 0.0266 11.1128 "" "" 5983176385820736640 2123.56592 0.4464 0.0524 -0.324 -0.611 0.05 0.04 0.97 7934.8 4.0157 16.236841 1.887766 17.165644 15.277878 "" "" 1916.29517 2371.94556 6028.51091 2.4673 1858.5 7.1187 6137.7 8.8822 "" "" 0.0027909221328090727 0.0050080153 0.00409298 0.009100996 242.8252719276 -50.28507303863 2123.56592 -0.3239999999999997 -0.6110000000000002 2.4002999076843263 2.2114000930786135 0.15602684 0.14602683 "" "" 32.85142129132313 "" 4.977572802151072 ""
242.81432770661 -50.23839600397 0.0405 0.0244 10.0531 "" "" 5983177004296061824 1984.94214 0.4777 0.0514 -3.48 -4.816 0.052 0.038 1.02 8121.3 3.6182 16.237188 1.784953 17.100271 15.315318 "" "" 1819.93469 2153.85425 6026.58249 2.3348 1973.8 6.1719 5929.7 8.367 "" "" 0.00278724256947607 0.004394438 0.004078085 0.008472523 242.81432770661 -50.23839600397 1984.94214 -3.4799999999999995 -4.815999999999998 -0.7557000923156738 -1.9935999069213866 0.15802684 0.14402683 "" "" 20.059409012120078 "" 2.9258567001858693 ""
243.24002705012 -49.91045702374 0.048 0.0309 17.2501 "" "" 5935178339589060224 1962.65356 0.4972 0.0538 -4.373 -4.489 0.053 0.041 0.982 "" "" 16.238024 1.556531 16.956068 15.399537 "" "" 1803.40857 2230.14917 6021.95641 2.9372 2254.2 14.72 5487.1 16.771 "" "" 0.0028057494009499718 0.007619162 0.0050295223 0.012648685 243.24002705012 -49.91045702374 1962.65356 -4.373 -4.489 -1.648700092315674 -1.6665999069213866 0.15902683 0.14702684 "" "" 21.809020147338174 "" 3.3385174633473738 ""
242.59130205208 -49.97898128807 0.0425 0.0236 21.2826 "" "" 5983200575077507456 2409.11816 0.3944 0.0523 -0.629 -1.872 0.052 0.038 1.027 8673.7 3.5582 16.238028 1.489957 16.91137 15.421412 "" "" 2148.23022 2775.43872 6021.93292 2.3553 2348.9 6.9031 5377.7 8.9197 "" "" 0.0027878522045487694 0.0042386856 0.0041865013 0.008425187 242.59130205208 -49.97898128807 2409.11816 -0.629 -1.872 2.095299907684326 0.9504000930786132 0.15802684 0.14402683 "" "" 26.272997607862326 "" 4.091416266322994 ""
242.82265914307 -49.87427777098 0.0422 0.0237 19.9902 "" "" 5983214005420608256 2822.24805 0.316 0.0519 -2.332 -3.054 0.052 0.038 1.01 8069.9 3.6928 16.239676 3.095698 18.045527 14.949828 "" "" 2445.45801 3277.75 6012.79614 2.8364 826.43 5.8242 8302.8 9.211 "" "" 0.002802518315096062 0.008144485 0.0039666793 0.012111165 242.82265914307 -49.87427777098 2822.24805 -2.3320000000000007 -3.0539999999999994 0.3922999076843263 -0.23159990692138654 0.15802684 0.14402683 "" "" 6.094275161526529 "" 0.9417489876631047 ""
243.01113658826 -50.52311180516 0.0398 0.0266 21.1212 "" "" 5935133534488704384 2807.41919 0.3537 0.0532 -1.743 -2.667 0.059 0.043 1.052 "" "" 16.239704 1.807898 17.095821 15.287924 "" "" 2424.73755 3201.36011 6012.63521 2.5368 1981.9 18.166 6081.2 20.988 "" "" 0.0027931399656661595 0.010335545 0.0053221406 0.015657686 243.01113658826 -50.52311180516 2807.41919 -1.743 -2.667 0.9812999076843261 0.15540009307861347 0.16502684 0.14902684 "" "" 13.221048407009889 "" 2.1768979865340428 ""
242.9638244727 -50.21269042905 0.0391 0.024 4.2566 "" "" 5983182261336318336 2596.15332 0.3558 0.0485 -3.337 -3.593 0.05 0.036 0.968 "" "" 16.240427 1.754215 17.07724 15.323025 "" "" 2290.74487 3078.62622 6008.63939 2.4904 2016.1 7.3639 5887.7 8.4265 "" "" 0.0027918262597820846 0.004848901 0.004086363 0.008935264 242.9638244727 -50.21269042905 2596.15332 -3.3370000000000024 -3.5930000000000013 -0.612700092315674 -0.7705999069213867 0.15602684 0.14202684 "" "" 12.11493591606839 "" 1.7882489883721273 ""
243.31553993189 -50.05473639679 0.0387 0.0312 12.2599 "" "" 5935170505568825472 2102.25757 0.4349 0.05 -1.963 -6.008 0.048 0.04 0.923 8404.3 2.9023 16.240482 3.133273 18.086452 14.953179 "" "" 1898.5083 2341.08228 6008.33438 3.3266 795.86 8.8026 8277.3 13.623 "" "" 0.002820133094026871 0.012328651 0.0041805333 0.016509185 243.31553993189 -50.05473639679 2102.25757 -1.963 -6.008000000000005 0.7612999076843261 -3.1855999069213867 0.15402684 0.14602683 "" "" 32.63743686296929 "" 4.78041236976404 ""
