Clusters/UBC_541/UBC_541_stars_in_region.tsv
# %ECSV 1.0
# ---
# datatype:
# - name: RA_ICRS_1
#   unit: deg
#   datatype: float64
#   format: '{:15.11f}'
#   description: Right ascension (ICRS) at Ep=2016.0 (ra)
#   meta: !!omap
#   - {ucd: POS_EQ_RA_MAIN}
#   - {width: 15}
#   - {precision: '11'}
# - name: DE_ICRS_1
#   unit: deg
#   datatype: float64
#   format: '{:15.11f}'
#   description: Declination (ICRS) at Ep=2016.0 (dec)
#   meta: !!omap
#   - {ucd: POS_EQ_DEC_MAIN}
#   - {width: 15}
#   - {precision: '11'}
# - name: e_RA_ICRS
#   unit: mas
#   datatype: float64
#   format: '{:7.4f}'
#   description: Standard error of right ascension (ra_error)
#   meta: !!omap
#   - {ucd: ERROR}
#   - {width: 7}
#   - {precision: '4'}
# - name: e_DE_ICRS
#   unit: mas
#   datatype: float64
#   format: '{:7.4f}'
#   description: Standard error of declination (dec_error)
#   meta: !!omap
#   - {ucd: ERROR}
#   - {width: 7}
#   - {precision: '4'}
# - name: _r_1
#   unit: ''
#   datatype: float64
#   format: '{:7.4f}'
#   description: Distance from center (243.05481207000-50.17219622000)[ICRS], at Epoch=J2016.0
#   meta: !!omap
#   - {ucd: POS_ANG_DIST_GENERAL}
#   - {width: 7}
#   - {precision: '4'}
# - name: HIP
#   datatype: int32
#   description: '? HIP cross-id number, van Leeuwen, Cat. I/311 (hip_original_ext_source_id)'
#   meta: !!omap
#   - {ucd: ID_NUMBER}
#   - {width: 6}
#   - values: {'null': -2147483648}
# - name: TYC2
#   datatype: string
#   description: Tycho-2 cross-id name, Hog et al., Cat. I/259 (tyc2_original_ext_source_id)
#   meta: !!omap
#   - {ucd: ID_CROSSID}
#   - {_votable_string_dtype: char}
# - name: Source
#   datatype: int64
#   description: Source identifier, identical to the Gaia-EDR3 source_id (id)
#   meta: !!omap
#   - {ucd: ID_MAIN}
#   - {width: 19}
# - name: rgeo
#   unit: pc
#   datatype: float64
#   format: '{:15.8f}'
#   description: '? Median of the geometric distance posterior (r_med_geo)'
#   meta: !!omap
#   - {ucd: PHYS_DISTANCE_TRUE}
#   - {width: 15}
#   - {precision: '8'}
#   - values: {'null': .nan}
# - name: Plx
#   unit: mas
#   datatype: float64
#   format: '{:9.4f}'
#   description: '? Parallax (parallax)'
#   meta: !!omap
#   - {ucd: POS_PARLX_TRIG}
#   - {width: 9}
#   - {precision: '4'}
#   - values: {'null': .nan}
# - name: e_Plx
#   unit: mas
#   datatype: float32
#   format: '{:7.4f}'
#   description: '? Standard error of parallax (parallax_error)'
#   meta: !!omap
#   - {ucd: ERROR}
#   - {width: 7}
#   - {precision: '4'}
#   - values: {'null': .nan}
# - name: pmRA
#   unit: mas / yr
#   datatype: float64
#   format: '{:9.3f}'
#   description: '? Proper motion in right ascension direction, pmRA*cosDE (pmra)'
#   meta: !!omap
#   - {ucd: POS_EQ_PMRA}
#   - {width: 9}
#   - {precision: '3'}
#   - values: {'null': .nan}
# - name: pmDE
#   unit: mas / yr
#   datatype: float64
#   format: '{:9.3f}'
#   description: '? Proper motion in declination direction (pmdec)'
#   meta: !!omap
#   - {ucd: POS_EQ_PMDEC}
#   - {width: 9}
#   - {precision: '3'}
#   - values: {'null': .nan}
# - name: e_pmRA
#   unit: mas / yr
#   datatype: float32
#   format: '{:6.3f}'
#   description: '? Standard error of proper motion in right ascension direction (pmra_error)'
#   meta: !!omap
#   - {ucd: ERROR}
#   - {width: 6}
#   - {precision: '3'}
#   - values: {'null': .nan}
# - name: e_pmDE
[...]
#         value: !astropy.table.SerializedColumn {name: SkyCoord.dec}
#       distance: !astropy.table.SerializedColumn
#         __class__: astropy.coordinates.distances.Distance
#         unit: !astropy.units.Unit {unit: pc}
#         value: !astropy.table.SerializedColumn {name: SkyCoord.distance}
#       frame: icrs
#       obstime: !astropy.time.Time {format: jyear_str, in_subfmt: '*', jd1: 367701545.0, jd2: 0.0, out_subfmt: '*', precision: 3, scale: tt}
#       pm_dec: !astropy.table.SerializedColumn
#         __class__: astropy.units.quantity.Quantity
#         unit: !astropy.units.Unit {unit: mas / yr}
#         value: !astropy.table.SerializedColumn {name: SkyCoord.pm_dec}
#       pm_ra_cosdec: !astropy.table.SerializedColumn
#         __class__: astropy.units.quantity.Quantity
#         unit: !astropy.units.Unit {unit: mas / yr}
#         value: !astropy.table.SerializedColumn {name: SkyCoord.pm_ra_cosdec}
#       ra: !astropy.table.SerializedColumn
#         __class__: astropy.coordinates.angles.Longitude
#         unit: *id001
#         value: !astropy.table.SerializedColumn {name: SkyCoord.ra}
#         wrap_angle: !astropy.coordinates.Angle
#           unit: *id001
#           value: 360.0
#       representation_type: spherical
# schema: astropy-2.0
RA_ICRS_1 DE_ICRS_1 e_RA_ICRS e_DE_ICRS _r_1 HIP TYC2 Source rgeo Plx e_Plx pmRA pmDE e_pmRA e_pmDE RUWE Teff logg Gmag BP-RP BPmag RPmag RV e_RV b_rgeo B_rgeo FG e_FG FBP e_FBP FRP e_FRP RAVE5 RAVE6 e_Gmag e_BPmag e_RPmag e_BP-RP SkyCoord.ra SkyCoord.dec SkyCoord.distance SkyCoord.pm_ra_cosdec SkyCoord.pm_dec rmRA rmDE e_rmRA e_rmDE rRV e_rRV v_pec v_pec3d e_vpec e_vpec3d
[from data line 435]
242.66217682984 -50.28772907509 0.0226 0.0142 16.5881 "" "" 5983178138145129088 1930.9425 0.473 0.0279 -2.952 -3.831 0.03 0.023 1.0 "" "" 14.978904 "" "" "" "" "" 1841.12085 2062.16382 19203.70999 4.5498 "" "" "" "" "" "" 0.002767301876696165 "" "" "" 242.66217682984 -50.28772907509 1930.9425 -2.952000000000001 -3.8310000000000044 -0.22770009231567379 -1.0085999069213867 0.13602683 0.12902683 "" "" 9.463703698665185 "" 1.224367004134544 ""
242.8471728357 -50.41966157041 0.0239 0.0155 16.8464 "" "" 5983173396523428480 2533.39136 0.3558 0.0289 -0.03 -1.806 0.028 0.025 0.988 8595.3 3.4897 14.97926 1.668831 15.761554 14.092723 -9.89 9.42 2373.23804 2736.94775 19197.40924 4.6639 6773.2 13.866 18284.0 10.886 "" "" 0.002767917226798767 0.0035672763 0.0038342664 0.0074015427 242.8471728357 -50.41966157041 2533.39136 -0.030000000000000027 -1.806 2.6942999076843264 1.0164000930786132 0.13402684 0.13102683 25.956666666666663 9.8041935 34.579497920797984 43.23760193279591 4.62178390600813 6.95012506530423
243.55698548211 -50.1930534878 0.0226 0.0162 19.3343 "" "" 5935153669296509696 2273.29639 0.3834 0.029 -1.683 -2.905 0.028 0.025 1.076 "" "" 14.980328 2.976331 16.697796 13.721465 -15.29 2.23 2143.05371 2406.17236 19178.54456 7.9473 2859.6 9.0343 25738.0 21.506 "" "" 0.002791811390252269 0.004421651 0.0038867418 0.008308393 243.55698548211 -50.1930534878 2273.29639 -1.6830000000000012 -2.9050000000000002 1.0412999076843261 -0.08259990692138652 0.13402684 0.13102683 20.556666666666665 2.6141937 11.255694640592846 23.43645037728015 1.5083563934983377 2.404680273593765
242.97284460472 -49.78371714721 0.023 0.0144 23.5223 "" "" 5983215551608112896 2636.75928 0.3372 0.0274 -7.466 -3.573 0.029 0.022 0.997 "" "" 14.983222 2.58698 16.40742 13.820439 -27.1 2.58 2416.4436 2864.02686 19127.49021 5.3465 3736.4 7.0927 23495.0 19.344 "" "" 0.0027719834008918436 0.003468841 0.003883659 0.0073525 242.97284460472 -49.78371714721 2636.75928 -7.466 -3.5730000000000004 -4.741700092315674 -0.7505999069213867 0.13502684 0.12802684 8.746666666666663 2.9641936 60.00081593121782 60.63499064228229 8.091713386978492 8.018491794056438
243.54512205763 -50.12661499446 0.0211 0.0161 19.0484 "" "" 5935154665728992896 2601.54639 0.3444 0.0275 -4.428 -3.33 0.027 0.025 1.015 4820.2 2.6569 14.98703 2.446392 16.310825 13.864433 -72.79 2.0 2481.96118 2801.83252 19060.51306 5.3468 4084.0 9.0822 22562.0 15.58 "" "" 0.0027721022351774134 0.0036898407 0.0038530307 0.0075428714 243.54512205763 -50.12661499446 2601.54639 -4.428 -3.33 -1.7037000923156738 -0.5075999069213868 0.13302684 0.13102683 -36.94333333333334 2.3841937 21.9215243843283 42.95768975527523 2.912601226470349 2.532436692549659
242.83919366873 -50.29693277136 0.0277 0.0155 11.1576 "" "" 5983176278428834304 1972.8772 0.4712 0.0336 -3.5 -2.105 0.034 0.024 1.102 7671.6 3.326 14.990427 1.807876 15.789499 13.981624 20.04 4.58 1831.62378 2096.63916 19000.9753 11.06 6601.1 30.117 20254.0 90.736 "" "" 0.002826869034783865 0.0056853374 0.006159722 0.01184506 242.83919366873 -50.29693277136 1972.8772 -3.5 -2.1049999999999995 -0.7757000923156738 0.7174000930786133 0.14002684 0.13002683 55.88666666666666 4.9641933 9.880596409275208 56.753376080318716 1.3389039976513777 4.893937080931938
242.5720996034 -50.35387876775 0.0261 0.0155 21.4855 "" "" 5983084370443069312 2764.0127 0.3288 0.0315 -1.713 -2.255 0.033 0.025 1.208 7040.3 3.1814 14.997031 2.498212 16.342255 13.844043 -7.98 4.33 2503.40283 3038.42065 18885.75757 5.6769 3967.5 5.7647 22990.0 33.064 "" "" 0.0027745814680946224 0.003205265 0.0040892535 0.0072945184 242.5720996034 -50.35387876775 2764.0127 -1.713 -2.255 1.011299907684326 0.5674000930786134 0.13902684 0.13102683 27.866666666666664 4.7141933 15.192396743518088 31.7389355512054 2.0836973282194386 4.257521502204507
243.02310646136 -50.24760339987 0.0228 0.0139 4.6854 "" "" 5935143704971745664 2678.02368 0.339 0.0285 -1.657 -2.321 0.029 0.021 1.038 7133.9 3.3811 15.0046 1.846024 15.903587 14.057564 25.53 7.4 2498.0249 2891.79053 18754.55509 4.1902 5942.7 9.1488 18886.0 10.709 "" "" 0.002765977895879795 0.003252528 0.0038291973 0.007081725 243.02310646136 -50.24760339987 2678.02368 -1.6569999999999996 -2.3210000000000024 1.0672999076843261 0.5014000930786131 0.13502684 0.12702684 61.376666666666665 7.7841935 14.96866658890712 63.17559806255082 2.0000526381540693 7.57737077178405
242.95137028334 -50.35901522968 0.025 0.0147 11.8905 "" "" 5935136729944483968 2284.43921 0.3852 0.031 -2.575 -2.06 0.028 0.022 1.009 6834.9 2.1752 15.007621 2.604031 16.435833 13.831802 -52.82 2.36 2136.22803 2450.23755 18702.44834 5.9625 3639.8 13.486 23251.0 35.859 "" "" 0.0027769774314277767 0.0048957206 0.0041337176 0.009029439 242.95137028334 -50.35901522968 2284.43921 -2.575 -2.0600000000000005 0.149299907684326 0.7624000930786132 0.13402684 0.12802684 -16.973333333333336 2.7441936 8.412257285714617 18.94360359291503 1.078900856058644 2.505021095363238
242.59026262646 -49.94379655708 0.0242 0.0135 22.5393 "" "" 5983201193552815360 2649.88989 0.3391 0.0309 2.161 -2.271 0.029 0.022 0.967 "" "" 15.031936 2.434118 16.347069 13.912951 12.56 2.3 2446.4519 2844.25903 18288.27046 5.1084 3949.9 8.3217 21576.0 15.025 "" "" 0.00277196051562998 0.0036079695 0.0038542685 0.007462238 242.59026262646 -49.94379655708 2649.88989 2.161 -2.271 4.885299907684326 0.5514000930786134 0.13502684 0.12802684 48.406666666666666 2.6841936 61.75132308306685 78.4629293379178 8.332787946749166 6.763856768867833
243.10064469276 -50.14488104821 0.0217 0.0151 2.4062 "" "" 5935145938354769280 2685.76099 0.3348 0.0269 -2.008 -3.15 0.029 0.022 0.958 8587.3 2.9938 15.032325 1.817445 15.910527 14.093082 "" "" 2529.58496 2906.69116 18281.71224 8.1451 5904.8 11.755 18278.0 23.975 "" "" 0.0027974604576219593 0.003529425 0.0040388014 0.007568226 243.10064469276 -50.14488104821 2685.76099 -2.008 -3.15 0.7162999076843262 -0.32759990692138663 0.13502684 0.12802684 "" "" 10.027302983112094 "" 1.3420756044822995 ""
242.78416942589 -50.52056482125 0.0218 0.0145 23.3298 "" "" 5983078460567895936 2036.06799 0.4556 0.0269 -3.584 -3.196 0.028 0.024 1.011 "" "" 15.035257 1.847096 15.93438 14.087284 -34.03 22.92 1919.82739 2162.07471 18232.4065 4.6143 5776.5 9.3515 18376.0 14.426 "" "" 0.0027689878647654547 0.0032976507 0.003874304 0.007171955 242.78416942589 -50.52056482125 2036.06799 -3.584 -3.1959999999999997 -0.8597000923156739 -0.3735999069213869 0.13402684 0.13002683 1.8166666666666629 23.304193 9.04651541310427 9.227118667130648 1.2068001377778659 4.738309586510753
243.01301206419 -50.3994204405 0.0248 0.0142 13.7273 "" "" 5935135699152299520 2277.14966 0.4038 0.0303 -2.762 -3.613 0.028 0.022 0.991 "" "" 15.038059 1.633074 15.80151 14.168436 -34.8 7.75 2121.12231 2470.24805 18185.41351 4.5133 6528.5 9.3644 17052.0 13.348 "" "" 0.0027684649954158058 0.0031953778 0.003873764 0.0070691416 243.01301206419 -50.3994204405 2277.14966 -2.7619999999999996 -3.6130000000000044 -0.03770009231567384 -0.7905999069213867 0.13402684 0.12802684 1.0466666666666669 8.134193 8.543186466733522 8.607063733729982 1.093876205289361 1.4687797408166192
243.19430887388 -49.99539489285 0.024 0.0173 11.8901 "" "" 5935171776879009664 2355.0376 0.3751 0.0287 -3.442 -4.616 0.032 0.025 0.985 "" "" 15.038546 2.49203 16.396255 13.904225 -26.81 5.09 2204.28027 2534.08984 18177.25576 7.0317 3775.0 16.252 21750.0 24.577 "" "" 0.0027871482054111336 0.005443702 0.0039735255 0.0094172275 243.19430887388 -49.99539489285 2355.0376 -3.442 -4.616 -0.717700092315674 -1.7935999069213864 0.13802683 0.13102683 9.036666666666665 5.4741936 21.56514967474854 23.381980774492813 2.8469240025716838 3.372003128656549
243.03770624673 -50.39320376901 0.0251 0.0153 13.2767 "" "" 5935136008389942272 2341.23413 0.3949 0.0301 -2.337 -2.827 0.029 0.023 0.983 7965.6 3.9007 15.039326 1.451315 15.687782 14.236467 "" "" 2179.62085 2507.5459 18164.21371 3.8809 7249.4 11.751 16017.0 10.763 "" "" 0.0027650680916235983 0.0032988521 0.0038491588 0.0071480107 243.03770624673 -50.39320376901 2341.23413 -2.3369999999999993 -2.8269999999999995 0.387299907684326 -0.004599906921386676 0.13502684 0.12902683 "" "" 4.298344403611326 "" 0.5803883155459677 ""
242.56585762919 -50.08250693298 0.0292 0.0146 19.5623 "" "" 5983193531330806400 2430.96289 0.3624 0.0344 -1.817 -3.433 0.031 0.024 0.993 4726.7 2.543 15.04429 2.424946 16.35291 13.927963 -1.52 2.05 2273.11621 2661.50781 18081.34592 5.3646 3928.7 8.3375 21280.0 10.435 "" "" 0.0027740867005559746 0.0036185866 0.0038166982 0.0074352846 242.56585762919 -50.08250693298 2430.96289 -1.8169999999999984 -3.432999999999998 0.9072999076843262 -0.6105999069213865 0.13702683 0.13002683 34.32666666666666 2.4341936 12.601634136812088 36.56666825624823 1.6997553667298344 2.358965263777077
243.45731250005 -50.32088601894 0.0247 0.0178 17.8352 "" "" 5935151676432101120 2081.66138 0.4524 0.0318 -2.949 -4.05 0.035 0.027 1.136 "" "" 15.044386 2.145989 16.154139 14.00815 -14.02 7.08 1927.16772 2233.50342 18079.74206 7.0972 4718.0 9.517 19765.0 21.091 "" "" 0.002788089055778915 0.003547061 0.003952977 0.0075000376 243.45731250005 -50.32088601894 2081.66138 -2.949 -4.050000000000002 -0.22470009231567367 -1.2275999069213865 0.14102684 0.13302684 21.826666666666664 7.4641933 12.314060756289633 25.060715673886293 1.6413868378525376 6.550789001218819
242.85994914248 -49.98809764625 0.0288 0.0136 13.353 "" "" 5983189167643839488 2276.89429 0.4114 0.0347 -0.45 -2.403 0.031 0.022 0.999 7204.1 2.6707 15.045024 1.774413 15.898428 14.124015 22.33 8.16 2107.69653 2456.14966 18069.12588 4.5547 5971.0 8.0908 17764.0 11.069 "" "" 0.0027688791015849415 0.0031542745 0.003839457 0.0069937315 242.85994914248 -49.98809764625 2276.89429 -0.45000000000000007 -2.4029999999999996 2.274299907684326 0.41940009307861326 0.13702683 0.12802684 58.17666666666666 8.544193 24.959194874311738 63.304707196371375 3.4129267989638805 7.96653076839254
243.02800086876 -50.16260059008 0.0214 0.0142 1.1804 "" "" 5983183876244026752 2631.48096 0.3483 0.0268 -2.451 -2.296 0.029 0.022 1.017 7374.4 3.1368 15.05266 1.820538 15.934447 14.11391 -32.69 11.91 2420.62012 2824.13184 17942.49525 4.6357 5776.1 7.9625 17931.0 11.972 "" "" 0.002769562840712253 0.0031662602 0.0038482759 0.0070145363 243.02800086876 -50.16260059008 2631.48096 -2.4510000000000005 -2.296 0.2732999076843261 0.5264000930786135 0.13502684 0.12802684 3.1566666666666663 12.294193 7.398100989803559 8.043409892562783 0.9583850117224592 4.904765054096504
243.13197641782 -49.9616122641 0.0268 0.0175 12.9798 "" "" 5983210333243965440 2167.89062 0.4193 0.0342 -3.421 -7.632 0.032 0.025 1.044 "" "" 15.061572 2.509501 16.428102 13.918602 -48.91 3.77 2021.40173 2332.23022 17795.81059 6.0521 3665.9 8.6606 21464.0 17.865 "" "" 0.0027799514422992945 0.00379004 0.0038859197 0.0076759597 243.13197641782 -49.9616122641 2167.89062 -3.421000000000001 -7.631999999999995 -0.6967000923156736 -4.809599906921386 0.13802683 0.13102683 -13.063333333333333 4.1541934 49.93832577432495 51.61866967406643 6.550632834614604 6.424000271951697
242.65742946429 -50.30442793092 0.0253 0.0148 17.1902 "" "" 5983177691490828032 2298.1687 0.3857 0.0305 -1.531 -4.881 0.032 0.024 1.032 4762.0 2.2658 15.063624 2.528834 16.449024 13.92019 -4.29 2.17 2142.07275 2464.20728 17762.20549 5.317 3595.9 7.7812 21433.0 11.732 "" "" 0.002774422392579515 0.0036475868 0.0038258245 0.007473411 242.65742946429 -50.30442793092 2298.1687 -1.531 -4.881 1.1932999076843263 -2.058599906921387 0.13802683 0.13002683 31.556666666666665 2.5541937 25.920145908990893 40.83720332067915 3.4236489736133993 2.9356088370703883
242.73071528831 -50.35479465861 0.0246 0.015 16.5698 "" "" 5983174392955890816 2192.06055 0.4089 0.03 -2.6 -3.549 0.031 0.025 0.977 "" "" 15.065478 2.457727 16.396826 13.939099 2.59 2.06 2047.21313 2341.28296 17731.90958 5.1147 3773.0 7.6316 21063.0 11.361 "" "" 0.0027730612731591336 0.003550764 0.003824485 0.0073752487 242.73071528831 -50.35479465861 2192.06055 -2.6 -3.548999999999999 0.12429990768432608 -0.7265999069213867 0.13702683 0.13102683 38.43666666666667 2.4441936 7.659313794327968 39.19237722114375 1.0049113335984987 2.405095940436881
242.70239380307 -49.92187223071 0.0244 0.0142 20.2474 "" "" 5983201880747724544 2254.95874 0.4152 0.0298 -2.488 -4.491 0.03 0.023 0.97 8393.6 3.1583 15.072505 1.800465 15.936598 14.136133 -46.51 6.28 2106.72949 2428.74072 17617.52635 4.7232 5764.7 7.5964 17567.0 13.196 "" "" 0.002770653041243315 0.0031356043 0.0038663815 0.007001986 242.70239380307 -49.92187223071 2254.95874 -2.488 -4.491000000000003 0.23629990768432618 -1.6685999069213864 0.13602683 0.12902683 -10.663333333333334 6.6641936 18.012788555921073 20.93244441860766 2.326677871610738 3.94127214892131
242.53563799184 -50.23973105664 0.0231 0.0139 20.3448 "" "" 5983190645112685312 2330.00464 0.3928 0.0278 -2.757 -2.412 0.032 0.024 0.993 "" "" 15.073514 1.682774 15.863193 14.18042 "" "" 2181.78638 2467.10327 17601.15718 3.7368 6167.9 8.4312 16865.0 9.5897 "" "" 0.0027649453149035602 0.0031603377 0.0038294736 0.0069898115 242.53563799184 -50.23973105664 2330.00464 -2.7569999999999997 -2.4120000000000004 -0.032700092315673945 0.41040009307861336 0.13802683 0.13002683 "" "" 4.5469148117232985 "" 0.5914574196793186 ""
242.59439855601 -49.928367251 0.0243 0.0135 22.9929 "" "" 5983201296632039168 2448.6731 0.3661 0.0302 -3.393 -4.396 0.029 0.022 0.991 "" "" 15.073824 1.810435 15.948595 14.13816 -58.95 16.26 2283.09448 2678.18042 17596.13669 5.0243 5701.4 8.6227 17535.0 13.071 "" "" 0.0027727060128333292 0.0032374947 0.0038650676 0.007102562 242.59439855601 -49.928367251 2448.6731 -3.393 -4.396000000000001 -0.6687000923156736 -1.5735999069213866 0.13502684 0.12802684 -23.10333333333334 16.644194 19.845019330528824 30.456342579833418 2.5624315498373162 12.735741632775467
242.60866120939 -50.21937011337 0.0233 0.0144 17.3688 "" "" 5983179306398603264 2770.41309 0.3154 0.0287 -1.955 -2.916 0.032 0.024 1.01 6795.4 2.124 15.079847 2.599804 16.515457 13.915653 7.55 2.94 2592.11597 2953.25781 17498.78069 4.6566 3382.5 7.8232 21523.0 12.861 "" "" 0.0027704272571785686 0.003753781 0.003834663 0.0075884443 242.60866120939 -50.21937011337 2770.41309 -1.955 -2.9160000000000004 0.7692999076843261 -0.09359990692138664 0.13802683 0.13002683 43.39666666666666 3.3241937 10.176759113171864 44.57395095597096 1.4035121603054694 3.25222008527648
243.10336166698 -49.91244944029 0.0968 0.0576 15.6967 "" "" 5983210745560852480 2388.44824 0.4087 0.1141 -3.833 -4.302 0.11 0.083 0.955 3820.3 0.4594 15.080885 5.333489 18.849539 13.516049 -80.34 1.51 1962.02759 3192.96606 17482.06483 14.426 394.1 6.4742 31098.0 36.627 "" "" 0.002897325073641319 0.018053183 0.0039898604 0.022043044 243.10336166698 -49.91244944029 2388.44824 -3.833 -4.302 -1.108700092315674 -1.4795999069213863 0.21602684 0.18902683 -44.49333333333334 1.8941935 20.931850990300084 49.17112055862911 4.168735918437426 2.4671846141190206
243.02660462854 -50.55797219919 0.0236 0.0154 23.1717 "" "" 5935130098514845056 2287.26709 0.3938 0.0304 -4.7 -7.534 0.035 0.025 0.954 4551.7 2.1746 15.081187 2.350489 16.338163 13.987675 -26.0 2.74 2152.08594 2444.30054 17477.19234 4.5604 3982.5 7.6185 20141.0 14.148 "" "" 0.002769846858902231 0.0034783627 0.003855567 0.0073339297 243.02660462854 -50.55797219919 2287.26709 -4.699999999999993 -7.53399999999999 -1.975700092315674 -4.7115999069213865 0.14102684 0.13102683 9.846666666666664 3.1241937 55.39069469972751 56.25909618686445 7.3431563183436905 7.25045785460905
