Clusters/UBC_541/UBC_541_members.tsv
# %ECSV 1.0
# ---
# datatype:
# - name: RA_ICRS_1
#   unit: deg
#   datatype: float64
#   format: '{:15.11f}'
#   description: Right ascension (ICRS) at Ep=2016.0 (ra)
#   meta: !!omap
#   - {ucd: POS_EQ_RA_MAIN}
#   - {width: 15}
#   - {precision: '11'}
# - name: DE_ICRS_1
#   unit: deg
#   datatype: float64
#   format: '{:15.11f}'
#   description: Declination (ICRS) at Ep=2016.0 (dec)
#   meta: !!omap
#   - {ucd: POS_EQ_DEC_MAIN}
#   - {width: 15}
#   - {precision: '11'}
# - name: e_RA_ICRS
#   unit: mas
#   datatype: float64
#   format: '{:7.4f}'
#   description: Standard error of right ascension (ra_error)
#   meta: !!omap
#   - {ucd: ERROR}
#   - {width: 7}
#   - {precision: '4'}
# - name: e_DE_ICRS
#   unit: mas
#   datatype: float64
#   format: '{:7.4f}'
#   description: Standard error of declination (dec_error)
#   meta: !!omap
#   - {ucd: ERROR}
#   - {width: 7}
#   - {precision: '4'}
# - name: _r_1
#   unit: ''
#   datatype: float64
#   format: '{:7.4f}'
#   description: Distance from center (243.05481207000-50.17219622000)[ICRS], at Epoch=J2016.0
#   meta: !!omap
#   - {ucd: POS_ANG_DIST_GENERAL}
#   - {width: 7}
#   - {precision: '4'}
# - name: HIP
#   datatype: int32
#   description: '? HIP cross-id number, van Leeuwen, Cat. I/311 (hip_original_ext_source_id)'
#   meta: !!omap
#   - {ucd: ID_NUMBER}
#   - {width: 6}
#   - values: {'null': -2147483648}
# - name: TYC2
#   datatype: string
#   description: Tycho-2 cross-id name, Hog et al., Cat. I/259 (tyc2_original_ext_source_id)
#   meta: !!omap
#   - {ucd: ID_CROSSID}
#   - {_votable_string_dtype: char}
# - name: Source
#   datatype: int64
#   description: Source identifier, identical to the Gaia-EDR3 source_id (id)
#   meta: !!omap
#   - {ucd: ID_MAIN}
#   - {width: 19}
# - name: rgeo
#   unit: pc
#   datatype: float64
#   format: '{:15.8f}'
#   description: '? Median of the geometric distance posterior (r_med_geo)'
#   meta: !!omap
#   - {ucd: PHYS_DISTANCE_TRUE}
#   - {width: 15}
#   - {precision: '8'}
#   - values: {'null': .nan}
# - name: Plx
#   unit: mas
#   datatype: float64
#   format: '{:9.4f}'
#   description: '? Parallax (parallax)'
#   meta: !!omap
#   - {ucd: POS_PARLX_TRIG}
#   - {width: 9}
#   - {precision: '4'}
#   - values: {'null': .nan}
# - name: e_Plx
#   unit: mas
#   datatype: float32
#   format: '{:7.4f}'
#   description: '? Standard error of parallax (parallax_error)'
#   meta: !!omap
#   - {ucd: ERROR}
#   - {width: 7}
#   - {precision: '4'}
#   - values: {'null': .nan}
# - name: pmRA
#   unit: mas / yr
#   datatype: float64
#   format: '{:9.3f}'
#   description: '? Proper motion in right ascension direction, pmRA*cosDE (pmra)'
#   meta: !!omap
#   - {ucd: POS_EQ_PMRA}
#   - {width: 9}
#   - {precision: '3'}
#   - values: {'null': .nan}
# - name: pmDE
#   unit: mas / yr
#   datatype: float64
#   format: '{:9.3f}'
#   description: '? Proper motion in declination direction (pmdec)'
#   meta: !!omap
#   - {ucd: POS_EQ_PMDEC}
#   - {width: 9}
#   - {precision: '3'}
#   - values: {'null': .nan}
# - name: e_pmRA
#   unit: mas / yr
#   datatype: float32
#   format: '{:6.3f}'
#   description: '? Standard error of proper motion in right ascension direction (pmra_error)'
#   meta: !!omap
#   - {ucd: ERROR}
#   - {width: 6}
#   - {precision: '3'}
#   - values: {'null': .nan}
# - name: e_pmDE
[...]
#       distance: !astropy.table.SerializedColumn
#         __class__: astropy.coordinates.distances.Distance
#         unit: !astropy.units.Unit {unit: pc}
#         value: !astropy.table.SerializedColumn {name: SkyCoord.distance}
#       frame: icrs
#       obstime: !astropy.time.Time {format: jyear_str, in_subfmt: '*', jd1: 367701545.0, jd2: 0.0, out_subfmt: '*', precision: 3, scale: tt}
#       pm_dec: !astropy.table.SerializedColumn
#         __class__: astropy.units.quantity.Quantity
#         unit: !astropy.units.Unit {unit: mas / yr}
#         value: !astropy.table.SerializedColumn {name: SkyCoord.pm_dec}
#       pm_ra_cosdec: !astropy.table.SerializedColumn
#         __class__: astropy.units.quantity.Quantity
#         unit: !astropy.units.Unit {unit: mas / yr}
#         value: !astropy.table.SerializedColumn {name: SkyCoord.pm_ra_cosdec}
#       ra: !astropy.table.SerializedColumn
#         __class__: astropy.coordinates.angles.Longitude
#         unit: *id001
#         value: !astropy.table.SerializedColumn {name: SkyCoord.ra}
#         wrap_angle: !astropy.coordinates.Angle
#           unit: *id001
#           value: 360.0
#       representation_type: spherical
# schema: astropy-2.0
RA_ICRS_1 DE_ICRS_1 e_RA_ICRS e_DE_ICRS _r_1 HIP TYC2 Source rgeo Plx e_Plx pmRA pmDE e_pmRA e_pmDE RUWE Teff logg Gmag BP-RP BPmag RPmag RV e_RV b_rgeo B_rgeo FG e_FG FBP e_FBP FRP e_FRP RAVE5 RAVE6 e_Gmag e_BPmag e_RPmag e_BP-RP SkyCoord.ra SkyCoord.dec SkyCoord.distance SkyCoord.pm_ra_cosdec SkyCoord.pm_dec rmRA rmDE e_rmRA e_rmDE rRV e_rRV v_pec v_pec3d e_vpec e_vpec3d Pmemb
243.04054571405 -50.11249053621 0.0102 0.0065 3.6241 "" "" 5983184490406280704 2065.54224 0.4691 0.013 -2.76 -2.702 0.014 0.01 0.849 "" "" 12.20938 1.116856 12.673924 11.557068 "" "" 2019.43787 2124.51416 246147.05695 78.481 116370.0 94.454 188940.0 119.19 "" "" 0.002776981402182874 0.0029260325 0.003840943 0.006766976 243.04054571405 -50.11249053621 2065.54224 -2.759999999999999 -2.701999999999999 -0.035700092315673615 0.12040009307861332 0.120026834 0.11602683 "" "" 1.229525721202851 "" 0.14306170925805786 "" 0.94
243.11229447842 -50.11385274208 0.0182 0.0132 4.14 "" "" 5935146075793728384 2349.81494 0.3932 0.0234 -2.67 -2.746 0.024 0.019 1.755 "" "" 13.067017 1.109842 13.526092 12.416249 "" "" 2241.10938 2476.98755 111722.32041 50.899 53086.0 54.018 85636.0 66.265 "" "" 0.0027993683281683276 0.0030009376 0.0038716358 0.0068725734 243.11229447842 -50.11385274208 2349.81494 -2.6700000000000013 -2.7460000000000004 0.05429990768432624 0.07640009307861328 0.13002683 0.12502684 "" "" 1.0439846467714324 "" 0.13230091433161087 "" 0.94
243.27075719815 -49.97637406483 0.0122 0.0095 14.3943 "" "" 5935171291520875520 2327.0769 0.395 0.0148 -2.668 -2.823 0.017 0.013 1.0 12273.8 3.5697 13.163901 1.071768 13.604819 12.533051 "" "" 2246.6626 2396.76318 102184.73575 25.479 49373.0 58.387 76902.0 52.374 "" "" 0.0027685878758977067 0.0030714162 0.0038510384 0.0069224546 243.27075719815 -49.97637406483 2327.0769 -2.668 -2.823 0.05629990768432602 -0.0005999069213866726 0.12302683 0.11902684 "" "" 0.6210426312855646 "" 0.07640463060839786 "" 0.94
242.98639484642 -50.20249907863 0.0117 0.0075 3.1959 "" "" 5983182226976580352 2087.83423 0.4384 0.0147 -2.71 -2.895 0.016 0.011 0.922 "" "" 13.201057 1.046656 13.628963 12.582308 "" "" 2011.46826 2146.62598 98747.01203 22.481 48287.0 35.789 73491.0 33.301 "" "" 0.00276638538617011 0.0029038973 0.0038112688 0.0067151664 242.98639484642 -50.20249907863 2087.83423 -2.71 -2.8950000000000027 0.014299907684326207 -0.07259990692138674 0.12202684 0.117026836 "" "" 0.7322775021267823 "" 0.08583567096299073 "" 0.95
243.0007835783 -50.23052535535 0.013 0.0076 4.0686 "" "" 5935143773691235456 2127.00562 0.4281 0.0153 -2.7 -2.868 0.017 0.012 0.973 "" "" 13.263054 1.10817 13.720798 12.612627 "" "" 2055.04614 2211.40015 93266.41699 17.917 44371.0 43.45 71467.0 40.681 "" "" 0.0027632034570239405 0.0029858737 0.0038295807 0.0068154545 243.0007835783 -50.23052535535 2127.00562 -2.7 -2.8679999999999994 0.024299907684325994 -0.0455999069213866 0.12302683 0.11802684 "" "" 0.5209419781247037 "" 0.06207062976965631 "" 0.94
243.08673240454 -50.32206600206 0.0133 0.008 9.0752 "" "" 5935142193143209600 2268.3252 0.402 0.0164 -2.845 -2.959 0.016 0.012 0.889 "" "" 13.321163 1.208592 13.834144 12.625551 "" "" 2206.17603 2350.78589 88405.98208 36.457 39972.0 65.994 70622.0 86.71 "" "" 0.00279146169172412 0.0033163696 0.0040075937 0.0073239636 243.08673240454 -50.32206600206 2268.3252 -2.8449999999999998 -2.958999999999997 -0.12070009231567402 -0.1365999069213868 0.12202684 0.11802684 "" "" 1.9599097183222836 "" 0.23479138655964873 "" 0.91
242.84936863366 -50.16971317242 0.0128 0.0075 7.8966 "" "" 5983183154689448064 2127.41602 0.4288 0.0165 -2.758 -2.829 0.018 0.012 0.971 "" "" 13.403302 1.102913 13.860351 12.757438 "" "" 2059.26416 2192.76465 81964.49807 16.497 39019.0 28.793 62544.0 27.623 "" "" 0.00276397233967316 0.0029029213 0.003809681 0.0067126025 242.84936863366 -50.16971317242 2127.41602 -2.758000000000001 -2.8289999999999997 -0.033700092315673835 -0.0065999069213869 0.124026835 0.11802684 "" "" 0.34628575687657664 "" 0.042873771742676925 "" 0.89
242.76432602422 -50.12740270262 0.0129 0.0077 11.4871 "" "" 5983186418864612480 2192.81396 0.4151 0.0168 -2.852 -2.797 0.018 0.012 0.933 "" "" 13.482498 1.017598 13.895247 12.877648 "" "" 2104.35767 2263.78247 76198.68025 28.83 37785.0 43.486 55989.0 54.111 "" "" 0.0027857744152053297 0.003057193 0.0039223456 0.0069795386 242.76432602422 -50.12740270262 2192.81396 -2.852 -2.797 -0.1277000923156737 0.02540009307861313 0.124026835 0.11802684 "" "" 1.353308244771828 "" 0.16754472260776496 "" 0.94
242.98327374422 -50.08737975054 0.0137 0.0098 5.7852 "" "" 5983184730924513536 2172.65674 0.4191 0.0188 -2.682 -2.844 0.021 0.017 0.953 "" "" 13.496995 1.188279 13.998738 12.810459 "" "" 2097.97803 2262.00488 75188.02883 13.507 34350.0 24.192 59563.0 22.066 "" "" 0.0027622150350065365 0.002893053 0.0038007253 0.0066937786 242.98327374422 -50.08737975054 2172.65674 -2.682 -2.8439999999999994 0.04229990768432623 -0.02159990692138658 0.12702684 0.12302683 "" "" 0.4891290188022239 "" 0.06173294993557623 "" 0.94
242.84793060743 -50.19203244637 0.0136 0.008 8.0372 "" "" 5983183051610228096 2169.17358 0.4257 0.0177 -2.856 -2.533 0.018 0.012 0.95 "" "" 13.615011 1.191763 14.119379 12.927616 "" "" 2092.22314 2255.87695 67443.82056 14.241 30737.0 22.807 53470.0 27.136 "" "" 0.0027648414384280097 0.0029041476 0.0038193376 0.006723485 242.84793060743 -50.19203244637 2169.17358 -2.856 -2.5329999999999995 -0.1317000923156737 0.28940009307861336 0.124026835 0.11802684 "" "" 3.2692075028223937 "" 0.38928978534826236 "" 0.89
243.17073451904 -50.25755286597 0.0141 0.0098 6.7852 "" "" 5935144014209355136 2285.48145 0.3984 0.0183 -2.845 -2.951 0.017 0.015 1.02 "" "" 13.757199 1.48803 14.429702 12.941671 "" "" 2219.3999 2375.17334 59165.29207 12.708 23096.0 20.923 52782.0 26.414 "" "" 0.002765171447324763 0.00295846 0.0038182386 0.006776699 243.17073451904 -50.25755286597 2285.48145 -2.8450000000000006 -2.9509999999999996 -0.12070009231567402 -0.1285999069213868 0.12302683 0.12102684 "" "" 1.9106505164045904 "" 0.23303746827972918 "" 0.81
243.18481724576 -50.07662408015 0.0143 0.0107 7.6087 "" "" 5935169818373895040 2108.26733 0.4298 0.0179 -2.953 -2.558 0.021 0.015 1.113 "" "" 13.761474 1.289405 14.317666 13.028261 "" "" 2039.46765 2186.75244 58932.82029 12.811 25607.0 20.817 48736.0 22.521 "" "" 0.0027654104897116877 0.0029264488 0.0038125387 0.0067389878 243.18481724576 -50.07662408015 2108.26733 -2.9529999999999976 -2.5580000000000016 -0.22870009231567368 0.26440009307861345 0.12702684 0.12102684 "" "" 3.493489327201668 "" 0.4319013352280826 "" 0.8
242.8084695083 -50.20471462104 0.0149 0.0087 9.6625 "" "" 5983177210454519296 2163.96924 0.4242 0.0191 -2.811 -2.945 0.019 0.014 0.952 "" "" 13.854196 1.194168 14.3598 13.165632 "" "" 2082.34473 2239.60889 54108.85611 10.274 24632.0 17.503 42944.0 16.441 "" "" 0.002763021826386036 0.0028948684 0.0038021717 0.00669704 242.8084695083 -50.20471462104 2163.96924 -2.811 -2.945 -0.08670009231567377 -0.12259990692138656 0.12502684 0.120026834 "" "" 1.5402102227352321 "" 0.1874690816210334 "" 0.93
242.97558693382 -50.19195156488 0.014 0.0089 3.2666 "" "" 5983182398775275520 2082.88599 0.4322 0.0177 -2.662 -2.873 0.019 0.014 0.957 "" "" 13.912619 1.135985 14.387536 13.251551 "" "" 2021.08679 2169.59326 51274.25433 17.768 24011.0 32.791 39677.0 37.051 "" "" 0.002780889240186107 0.0031596841 0.0039130133 0.0070726974 242.97558693382 -50.19195156488 2082.88599 -2.662 -2.873000000000001 0.06229990768432625 -0.05059990692138694 0.12502684 0.120026834 "" "" 0.7923949467752556 "" 0.09751514655380605 "" 0.92
243.17746695887 -50.13346656656 0.0143 0.0106 5.2569 "" "" 5935168547063054336 2303.56641 0.3853 0.0186 -2.832 -2.748 0.019 0.015 1.06 4665.2 1.8125 13.925123 2.638593 15.37902 12.740427 -28.4 1.45 2205.87524 2411.89844 50687.12327 13.819 9634.1 17.359 63531.0 117.25 "" "" 0.002771174853852405 0.0034076679 0.00427772 0.007685388 243.17746695887 -50.13346656656 2303.56641 -2.831999999999999 -2.7480000000000024 -0.10770009231567368 0.07440009307861306 0.12502684 0.12102684 7.446666666666665 1.8341936 1.429279369993412 7.58259084758852 0.17687156669747317 1.8016226601279062 0.87
243.00562538582 -50.18163204065 0.0146 0.0094 1.973 "" "" 5983182364415536384 2151.15161 0.4274 0.0182 -2.822 -2.928 0.02 0.015 0.944 "" "" 13.939902 1.169175 14.431331 13.262156 "" "" 2050.9978 2229.26367 50001.83667 8.4948 23061.0 19.286 39291.0 17.347 "" "" 0.00276148750071319 0.0029341986 0.0038096595 0.006743858 243.00562538582 -50.18163204065 2151.15161 -2.822 -2.9280000000000017 -0.09770009231567389 -0.10559990692138665 0.12602684 0.12102684 "" "" 1.466896161986427 "" 0.180953411558582 "" 0.94
243.17868564842 -50.1363373559 0.0147 0.0108 5.2256 "" "" 5935168547063053824 2239.81616 0.4057 0.0186 -2.603 -2.772 0.02 0.016 1.005 "" "" 14.077383 1.77563 14.925516 13.149886 18.93 12.06 2155.24927 2330.56519 44054.84667 9.5412 14629.0 20.217 43572.0 21.478 "" "" 0.0027653357886912202 0.0031680355 0.0038170877 0.0069851233 243.17868564842 -50.1363373559 2239.81616 -2.6029999999999998 -2.7719999999999994 0.12129990768432597 0.050400093078613484 0.12602684 0.12202684 54.776666666666664 12.444194 1.394548300144177 54.794415555533995 0.17494043903508974 12.440163740350771 0.96
242.95933553595 -50.16489428058 0.0156 0.0098 3.6954 "" "" 5983182639293453568 2111.92749 0.4335 0.0198 -2.765 -2.71 0.021 0.015 1.008 "" "" 14.130303 1.306965 14.6973 13.390335 "" "" 2034.40649 2208.71924 41959.0136 8.604 18051.0 16.071 34916.0 15.331 "" "" 0.0027643004748413944 0.0029528707 0.00380933 0.006762201 242.95933553595 -50.16489428058 2111.92749 -2.765 -2.71 -0.04070009231567395 0.11240009307861332 0.12702684 0.12102684 "" "" 1.1966790564859762 "" 0.14568071343971875 "" 0.96
243.03736600449 -50.21059198597 0.0172 0.011 2.3992 "" "" 5935143876770453760 2127.12231 0.4323 0.0212 -2.686 -2.927 0.022 0.017 1.011 "" "" 14.179613 1.352109 14.773474 13.421365 "" "" 2022.34338 2219.8999 40096.05726 11.447 16828.0 20.446 33932.0 27.975 "" "" 0.0027727005656464298 0.0030863008 0.0038839388 0.00697024 243.03736600449 -50.21059198597 2127.12231 -2.685999999999998 -2.926999999999995 0.03829990768432623 -0.10459990692138676 0.12802684 0.12302683 "" "" 1.1231095166019647 "" 0.13884831937377168 "" 0.93
243.05027275836 -50.24737206162 0.0178 0.0116 4.5139 "" "" 5935143533173047424 2077.85303 0.4366 0.0226 -2.653 -2.912 0.024 0.018 0.934 "" "" 14.329322 1.296295 14.891954 13.595659 "" "" 1989.0293 2188.09009 34931.55446 8.0929 15088.0 15.633 28900.0 16.09 "" "" 0.002766778416211904 0.0030084166 0.0038274173 0.006835834 243.05027275836 -50.24737206162 2077.85303 -2.653 -2.911999999999999 0.07129990768432615 -0.08959990692138664 0.13002683 0.124026835 "" "" 1.1277807035363276 "" 0.14253676379752167 "" 0.92
243.08071050564 -50.21052958801 0.0177 0.0113 2.5059 "" "" 5935145182440501504 2328.24683 0.3863 0.0226 -2.648 -2.879 0.024 0.017 0.962 "" "" 14.354575 1.301199 14.917478 13.616279 "" "" 2237.198 2459.57642 34128.45897 22.215 14738.0 42.866 28356.0 49.487 "" "" 0.002844513605885583 0.0042139525 0.0042277784 0.008441731 243.08071050564 -50.21052958801 2328.24683 -2.648000000000001 -2.8790000000000013 0.07629990768432604 -0.05659990692138672 0.13002683 0.12302683 "" "" 1.0484226381322936 "" 0.1337641780958868 "" 0.94
243.01539447685 -50.23178491166 0.0178 0.0113 3.8826 "" "" 5935143808050969344 2204.15674 0.4158 0.0223 -2.543 -2.876 0.023 0.018 1.011 "" "" 14.426548 1.229114 14.949 13.719887 "" "" 2083.05981 2327.77563 31939.45635 10.079 14316.0 16.228 25775.0 31.298 "" "" 0.0027765407794213314 0.0030495538 0.004002732 0.007052286 243.01539447685 -50.23178491166 2204.15674 -2.543000000000001 -2.8760000000000003 0.18129990768432602 -0.05359990692138661 0.12902683 0.124026835 "" "" 1.9752129594067738 "" 0.25407582953149493 "" 0.85
243.00254171029 -50.2987235091 0.0187 0.0111 7.8522 "" "" 5935142944736478208 2253.8916 0.4067 0.023 -2.7 -2.986 0.022 0.017 0.998 "" "" 14.495994 1.373513 15.101766 13.728252 "" "" 2136.07642 2370.3772 29960.5141 5.8878 12437.0 12.771 25577.0 12.134 "" "" 0.002763569261224332 0.0030046692 0.0038143203 0.0068189893 243.00254171029 -50.2987235091 2253.8916 -2.7 -2.9860000000000007 0.024299907684325994 -0.16359990692138693 0.12802684 0.12302683 "" "" 1.76698564366556 "" 0.21758114433804734 "" 0.91
243.02015291629 -50.2297577957 0.019 0.0118 3.7013 "" "" 5935143808050969472 2072.10498 0.4483 0.0237 -2.678 -2.902 0.025 0.019 0.993 "" "" 14.556973 1.232402 15.086782 13.85438 "" "" 1986.07898 2174.07227 28324.2111 38.001 12610.0 54.239 22772.0 145.54 "" "" 0.0031166777368236407 0.005440069 0.007901604 0.013341673 243.02015291629 -50.2297577957 2072.10498 -2.678 -2.9019999999999992 0.046299907684326236 -0.07959990692138685 0.13102683 0.12502684 "" "" 0.9044479585696956 "" 0.11447642011107995 "" 0.94
243.0026521501 -50.33368376381 0.0194 0.0118 9.8937 "" "" 5935137039182131072 2180.51758 0.4238 0.0247 -2.818 -2.761 0.023 0.018 1.027 7998.4 3.0933 14.568634 1.588441 15.303699 13.715258 -22.35 5.7 2067.12598 2303.33569 28021.60274 5.6634 10326.0 13.276 25885.0 12.388 "" "" 0.0027640444489755193 0.0031198766 0.003814934 0.0069348104 243.0026521501 -50.33368376381 2180.51758 -2.817999999999998 -2.7609999999999997 -0.09370009231567389 0.06140009307861316 0.12902683 0.124026835 13.496666666666663 6.084193 1.1578551672620476 13.54624079586165 0.1476791130392781 6.061940520717612 0.91
242.62893999175 -50.07399922155 0.0248 0.0116 17.4099 "" "" 5983193428251577216 2522.66626 0.3541 0.0301 -2.525 -2.908 0.026 0.019 1.042 4372.2 1.5025 14.606427 2.412097 15.905199 13.493102 -41.39 1.46 2360.48608 2714.90283 27063.00496 6.9059 5933.9 8.7082 31763.0 14.964 "" "" 0.0027692146520579735 0.0032130715 0.0038138386 0.00702691 242.62893999175 -50.07399922155 2522.66626 -2.525 -2.9079999999999995 0.19929990768432626 -0.08559990692138664 0.13202684 0.12502684 -5.5433333333333366 1.8441936 2.5936286079377866 6.1200860941949 0.33966481637516577 1.6765888385606686 0.87
243.09055855723 -50.1377840365 0.021 0.0144 2.4802 "" "" 5935145938354772224 2075.31299 0.4435 0.0262 -2.794 -2.421 0.028 0.021 1.124 "" "" 14.877688 1.278854 15.427421 14.148566 "" "" 1966.0929 2168.91064 21080.03301 6.2247 9214.0 11.068 17367.0 15.813 "" "" 0.0027739101488384963 0.003079934 0.0039065364 0.0069864704 243.09055855723 -50.1377840365 2075.31299 -2.794 -2.4209999999999976 -0.06970009231567387 0.40140009307861346 0.13402684 0.12702684 "" "" 4.007652029984557 "" 0.509922408231877 "" 0.94
243.01853944884 -50.16476217316 0.0215 0.0138 1.4636 "" "" 5983183876244027136 2322.87134 0.3872 0.0271 -2.612 -2.833 0.028 0.021 1.085 "" "" 14.882827 1.332015 15.458581 14.126566 "" "" 2178.12256 2493.69263 20980.50974 4.587 8953.3 10.639 17723.0 12.573 "" "" 0.002765526500102359 0.0030740118 0.003857071 0.006931083 243.01853944884 -50.16476217316 2322.87134 -2.6120000000000023 -2.833000000000001 0.11229990768432607 -0.010599906921386903 0.13402684 0.12702684 "" "" 1.241963883872859 "" 0.16638171166616963 "" 0.9
243.03674308127 -50.26464329999 0.0221 0.0135 5.59 "" "" 5935143498813304192 2372.49805 0.3858 0.0273 -2.616 -2.943 0.029 0.02 0.967 "" "" 14.920932 1.444578 15.565869 14.121291 "" "" 2249.20142 2525.3667 20256.94561 4.8667 8110.9 9.4962 17809.0 10.107 "" "" 0.002767639837852603 0.003066094 0.0038292825 0.0068953764 243.03674308127 -50.26464329999 2372.49805 -2.6159999999999997 -2.9429999999999996 0.10829990768432607 -0.12059990692138678 0.13502684 0.12602684 "" "" 1.8228072789368461 "" 0.2371865201004197 "" 0.9
242.94161480633 -50.12735095393 0.0237 0.0146 5.1167 "" "" 5983184941395945600 2315.98096 0.3923 0.0297 -2.782 -2.813 0.032 0.023 0.996 "" "" 14.927756 1.268859 15.46955 14.200691 "" "" 2156.95703 2469.50928 20130.02673 7.2194 8863.3 12.849 16553.0 21.185 "" "" 0.002782698576336605 0.0032035057 0.0040267347 0.0072302404 242.94161480633 -50.12735095393 2315.98096 -2.782 -2.8130000000000006 -0.05770009231567386 0.009400093078613114 0.13802683 0.12902683 "" "" 0.6417677759587548 "" 0.08843659161736833 "" 0.89
