Clusters/Stock_8/Stock_8_members.tsv
# %ECSV 1.0
# ---
# datatype:
# - name: RA_ICRS_1
#   unit: deg
#   datatype: float64
#   format: '{:15.11f}'
#   description: Right ascension (ICRS) at Ep=2016.0 (ra)
#   meta: !!omap
#   - {ucd: POS_EQ_RA_MAIN}
#   - {width: 15}
#   - {precision: '11'}
# - name: DE_ICRS_1
#   unit: deg
#   datatype: float64
#   format: '{:15.11f}'
#   description: Declination (ICRS) at Ep=2016.0 (dec)
#   meta: !!omap
#   - {ucd: POS_EQ_DEC_MAIN}
#   - {width: 15}
#   - {precision: '11'}
# - name: e_RA_ICRS
#   unit: mas
#   datatype: float64
#   format: '{:7.4f}'
#   description: Standard error of right ascension (ra_error)
#   meta: !!omap
#   - {ucd: ERROR}
#   - {width: 7}
#   - {precision: '4'}
# - name: e_DE_ICRS
#   unit: mas
#   datatype: float64
#   format: '{:7.4f}'
#   description: Standard error of declination (dec_error)
#   meta: !!omap
#   - {ucd: ERROR}
#   - {width: 7}
#   - {precision: '4'}
# - name: _r_1
#   unit: ''
#   datatype: float64
#   format: '{:7.4f}'
#   description: Distance from center (081.95870861000+34.49589488000)[ICRS], at Epoch=J2016.0
#   meta: !!omap
#   - {ucd: POS_ANG_DIST_GENERAL}
#   - {width: 7}
#   - {precision: '4'}
# - name: HIP
#   datatype: int32
#   description: '? HIP cross-id number, van Leeuwen, Cat. I/311 (hip_original_ext_source_id)'
#   meta: !!omap
#   - {ucd: ID_NUMBER}
#   - {width: 6}
#   - values: {'null': -2147483648}
# - name: TYC2
#   datatype: string
#   description: Tycho-2 cross-id name, Hog et al., Cat. I/259 (tyc2_original_ext_source_id)
#   meta: !!omap
#   - {ucd: ID_CROSSID}
#   - {_votable_string_dtype: char}
# - name: Source
#   datatype: int64
#   description: Source identifier, identical to the Gaia-EDR3 source_id (id)
#   meta: !!omap
#   - {ucd: ID_MAIN}
#   - {width: 19}
# - name: rgeo
#   unit: pc
#   datatype: float64
#   format: '{:15.8f}'
#   description: '? Median of the geometric distance posterior (r_med_geo)'
#   meta: !!omap
#   - {ucd: PHYS_DISTANCE_TRUE}
#   - {width: 15}
#   - {precision: '8'}
#   - values: {'null': .nan}
# - name: Plx
#   unit: mas
#   datatype: float64
#   format: '{:9.4f}'
#   description: '? Parallax (parallax)'
#   meta: !!omap
#   - {ucd: POS_PARLX_TRIG}
#   - {width: 9}
#   - {precision: '4'}
#   - values: {'null': .nan}
# - name: e_Plx
#   unit: mas
#   datatype: float32
#   format: '{:7.4f}'
#   description: '? Standard error of parallax (parallax_error)'
#   meta: !!omap
#   - {ucd: ERROR}
#   - {width: 7}
#   - {precision: '4'}
#   - values: {'null': .nan}
# - name: pmRA
#   unit: mas / yr
#   datatype: float64
#   format: '{:9.3f}'
#   description: '? Proper motion in right ascension direction, pmRA*cosDE (pmra)'
#   meta: !!omap
#   - {ucd: POS_EQ_PMRA}
#   - {width: 9}
#   - {precision: '3'}
#   - values: {'null': .nan}
# - name: pmDE
#   unit: mas / yr
#   datatype: float64
#   format: '{:9.3f}'
#   description: '? Proper motion in declination direction (pmdec)'
#   meta: !!omap
#   - {ucd: POS_EQ_PMDEC}
#   - {width: 9}
#   - {precision: '3'}
#   - values: {'null': .nan}
# - name: e_pmRA
#   unit: mas / yr
#   datatype: float32
#   format: '{:6.3f}'
#   description: '? Standard error of proper motion in right ascension direction (pmra_error)'
#   meta: !!omap
#   - {ucd: ERROR}
#   - {width: 6}
#   - {precision: '3'}
#   - values: {'null': .nan}
# - name: e_pmDE
[...]
#         unit: &id001 !astropy.units.Unit {unit: deg}
#         value: !astropy.table.SerializedColumn {name: SkyCoord.dec}
#       distance: !astropy.table.SerializedColumn
#         __class__: astropy.coordinates.distances.Distance
#         unit: !astropy.units.Unit {unit: pc}
#         value: !astropy.table.SerializedColumn {name: SkyCoord.distance}
#       frame: icrs
#       obstime: !astropy.time.Time {format: jyear_str, in_subfmt: '*', jd1: 367701545.0, jd2: 0.0, out_subfmt: '*', precision: 3, scale: tt}
#       pm_dec: !astropy.table.SerializedColumn
#         __class__: astropy.units.quantity.Quantity
#         unit: !astropy.units.Unit {unit: mas / yr}
#         value: !astropy.table.SerializedColumn {name: SkyCoord.pm_dec}
#       pm_ra_cosdec: !astropy.table.SerializedColumn
#         __class__: astropy.units.quantity.Quantity
#         unit: !astropy.units.Unit {unit: mas / yr}
#         value: !astropy.table.SerializedColumn {name: SkyCoord.pm_ra_cosdec}
#       ra: !astropy.table.SerializedColumn
#         __class__: astropy.coordinates.angles.Longitude
#         unit: *id001
#         value: !astropy.table.SerializedColumn {name: SkyCoord.ra}
#         wrap_angle: !astropy.coordinates.Angle
#           unit: *id001
#           value: 360.0
#       representation_type: spherical
# schema: astropy-2.0
RA_ICRS_1 DE_ICRS_1 e_RA_ICRS e_DE_ICRS _r_1 HIP TYC2 Source rgeo Plx e_Plx pmRA pmDE e_pmRA e_pmDE RUWE Teff logg Gmag BP-RP BPmag RPmag RV e_RV b_rgeo B_rgeo FG e_FG FBP e_FBP FRP e_FRP RAVE5 RAVE6 e_Gmag e_BPmag e_RPmag e_BP-RP SkyCoord.ra SkyCoord.dec SkyCoord.distance SkyCoord.pm_ra_cosdec SkyCoord.pm_dec Pmemb
[from data line 81]
82.02848170005 34.41362533897 0.0249 0.0195 6.0235 "" "" 182636341736994176 1965.51953 0.4752 0.0287 -0.02 -2.272 0.033 0.024 1.309 15004.0 4.4016 14.438162 1.334981 15.01635 13.681369 24.98 25.89 1855.05334 2096.77466 31599.63901 14.098 13455.0 24.916 26706.0 36.631 "" "" 0.0027975753659253257 0.0034391037 0.004062211 0.007501315 82.02848170005 34.41362533897 1965.51953 -0.01999999999999999 -2.272 1.0
81.82521257351 34.48312323597 0.0213 0.0156 6.6462 "" "" 182639842130843136 2257.5249 0.4066 0.0245 0.118 -2.233 0.028 0.018 1.0 9259.5 4.1894 14.470402 0.731217 14.751729 14.020512 "" "" 2145.17847 2400.16504 30675.09599 11.552 17168.0 19.853 19541.0 38.736 "" "" 0.002785493137267015 0.0030596454 0.004349241 0.007408886 81.82521257351 34.48312323597 2257.5249 0.11800000000000002 -2.2329999999999997 0.9
82.0842029154 34.7751950462 0.0227 0.0175 17.8665 "" "" 182856106622601344 1805.40759 0.5184 0.0272 -0.047 -2.415 0.027 0.021 0.995 10107.7 3.849 14.488042 0.73305 14.769637 14.036587 "" "" 1715.8667 1912.31409 30180.74847 9.8125 16887.0 27.723 19254.0 24.667 "" "" 0.0027778405230803826 0.003310906 0.004027225 0.007338131 82.0842029154 34.7751950462 1805.40759 -0.04699999999999996 -2.415 0.9
81.94266819243 34.55462808829 0.02 0.0154 3.6121 "" "" 182641770575384064 1879.94885 0.4909 0.0244 0.023 -2.155 0.025 0.018 1.041 "" "" 14.490483 0.677728 14.746262 14.068534 "" "" 1814.28491 1963.05396 30112.96091 11.977 17255.0 23.032 18696.0 20.648 "" "" 0.002788955321775903 0.003144098 0.0039650416 0.0071091396 81.94266819243 34.55462808829 1879.94885 0.022999999999999993 -2.155 0.9
81.97601724161 34.61140936914 0.0204 0.0158 6.9834 "" "" 182665611935117696 1984.65051 0.457 0.0245 -0.091 -2.451 0.026 0.019 0.985 8492.9 3.5837 14.524964 1.088655 14.970119 13.881465 "" "" 1897.45837 2088.18213 29171.64975 16.479 14040.0 23.116 22211.0 41.371 "" "" 0.0028227580483135574 0.003313692 0.0042864378 0.0076001296 81.97601724161 34.61140936914 1984.65051 -0.091 -2.4509999999999996 1.0
81.93970992739 34.67091848806 0.0197 0.0162 10.5433 "" "" 182854010678676224 2114.30322 0.4314 0.0253 -0.02 -2.375 0.024 0.019 1.014 9510.9 3.8594 14.527259 0.673731 14.782287 14.108556 "" "" 2008.18372 2243.60913 29110.07335 11.186 16692.0 24.77 18019.0 22.624 "" "" 0.0027867282728061393 0.003221944 0.0040177195 0.0072396635 81.93970992739 34.67091848806 2114.30322 -0.01999999999999999 -2.375 1.0
81.84224581063 34.39020259274 0.0234 0.0178 8.5688 "" "" 182638128443452672 1964.51575 0.4778 0.0295 0.019 -2.306 0.031 0.022 0.923 "" "" 14.557607 0.640882 14.798326 14.157444 "" "" 1841.59595 2116.13647 28307.66581 11.658 16447.0 30.771 17226.0 18.599 "" "" 0.0027913660239744014 0.003451279 0.0039570136 0.0074082925 81.84224581063 34.39020259274 1964.51575 0.018999999999999878 -2.305999999999999 1.0
82.09086377134 34.78359088131 0.0239 0.0184 18.4534 "" "" 182861982137853056 2066.3125 0.4396 0.0285 -0.057 -2.278 0.029 0.023 1.02 8599.9 3.6457 14.592072 0.745455 14.878294 14.132839 "" "" 1968.05615 2181.44556 27423.20573 9.4063 15279.0 33.061 17621.0 15.928 "" "" 0.002780374235975656 0.0036475242 0.0039047296 0.007552254 82.09086377134 34.78359088131 2066.3125 -0.056999999999999995 -2.278 1.0
82.2096844076 34.72513680228 0.0231 0.0173 18.5146 "" "" 182673037937418240 1935.75696 0.4762 0.0248 0.025 -2.389 0.028 0.021 1.046 7113.8 3.7602 14.600505 0.983301 14.99963 14.016329 "" "" 1846.96436 2031.01904 27211.02971 7.4903 13664.0 16.908 19617.0 15.903 "" "" 0.0027714817584384016 0.0030967803 0.0038805208 0.006977301 82.2096844076 34.72513680228 1935.75696 0.024999999999999967 -2.3889999999999993 1.0
82.0228562489 34.34947236882 0.0219 0.016 9.3414 "" "" 182635620182515200 2068.19897 0.4418 0.0248 0.133 -2.373 0.031 0.021 1.008 "" "" 14.657894 0.677965 14.912768 14.234803 "" "" 1975.75073 2179.12427 25810.06761 12.402 14802.0 26.415 16041.0 20.75 "" "" 0.002804276717145155 0.0033969362 0.004031904 0.0074288403 82.0228562489 34.34947236882 2068.19897 0.133 -2.373 1.0
81.80571737124 34.53301500533 0.0221 0.0163 7.8848 "" "" 182829271667454336 1987.38904 0.4661 0.0263 0.029 -2.418 0.028 0.019 0.923 9445.1 4.1103 14.672412 0.944846 15.053677 14.10883 "" "" 1891.25269 2087.86816 25467.24066 7.2409 13000.0 17.938 18015.0 14.726 "" "" 0.002772559170899336 0.0031669382 0.003882191 0.0070491293 81.80571737124 34.53301500533 1987.38904 0.02899999999999997 -2.418000000000001 0.9
82.03625521896 34.67503830058 0.0222 0.0175 11.4108 "" "" 182667673519526400 1948.00122 0.4843 0.027 0.034 -2.399 0.027 0.021 1.024 "" "" 14.685679 0.719863 14.95192 14.232058 "" "" 1850.20544 2066.3186 25157.93345 10.306 14277.0 21.072 16082.0 32.819 "" "" 0.002790987883899011 0.0032176073 0.004380984 0.0075985915 82.03625521896 34.67503830058 1948.00122 0.03400000000000003 -2.399 1.0
81.94662703546 34.45754494515 0.0207 0.0159 2.3773 "" "" 182640052588745088 1931.79248 0.4812 0.0226 0.18 -1.829 0.026 0.02 1.016 "" "" 14.691167 1.131232 15.16336 14.032127 "" "" 1843.60132 2040.63672 25031.09796 6.2374 11751.0 28.57 19333.0 21.751 "" "" 0.002768571266582193 0.0038409932 0.003971884 0.007812877 81.94662703546 34.45754494515 1931.79248 0.18 -1.8290000000000002 0.8
81.90006058508 34.60737969211 0.0224 0.0177 7.29 "" "" 182853254764492416 1977.12622 0.468 0.0263 -0.068 -2.152 0.027 0.021 1.044 7985.9 4.0576 14.695033 0.71555 14.971395 14.255845 "" "" 1892.5752 2090.74438 24942.11971 9.9088 14024.0 20.097 15733.0 16.723 "" "" 0.002788877370563381 0.0031946667 0.0039516543 0.0071463212 81.90006058508 34.60737969211 1977.12622 -0.06800000000000003 -2.1519999999999992 0.9
82.02361626429 34.76023675581 0.0255 0.0204 16.181 "" "" 182856205406126336 1860.72815 0.4915 0.0328 0.021 -2.085 0.031 0.024 0.992 9329.9 3.9163 14.705926 0.70006 14.974569 14.274509 "" "" 1747.38708 1963.95398 24693.13705 10.824 13983.0 19.619 15465.0 23.706 "" "" 0.0027961207419299654 0.0031789395 0.004129605 0.0073085446 82.02361626429 34.76023675581 1860.72815 0.02100000000000002 -2.084999999999999 1.0
81.89972671726 34.66178169271 0.0233 0.0182 10.3709 "" "" 182853667081318912 1902.62769 0.4834 0.0281 0.009 -2.388 0.028 0.021 1.17 "" "" 14.729549 0.811621 14.942074 14.130453 "" "" 1790.10193 2020.32629 24161.67952 11.556 14407.0 161.91 17659.0 219.74 "" "" 0.0028038268425690425 0.012516762 0.014029037 0.0265458 81.89972671726 34.66178169271 1902.62769 0.009000000000000091 -2.388 1.0
81.94125565559 34.28441313677 0.0227 0.0169 12.7183 "" "" 182633524238521728 2069.15991 0.4417 0.0258 0.068 -2.53 0.029 0.021 1.037 7924.4 3.8707 14.75134 0.923312 15.115688 14.192376 "" "" 1954.85266 2202.55737 23681.57664 8.4362 12278.0 26.772 16680.0 13.234 "" "" 0.0027823345961792752 0.003659205 0.003876311 0.0075355163 81.94125565559 34.28441313677 2069.15991 0.0679999999999999 -2.5299999999999994 1.0
81.98082827491 34.56768919136 0.0231 0.0176 4.4442 "" "" 182664551081917184 1899.54541 0.4877 0.0263 0.101 -2.49 0.029 0.021 1.071 "" "" 14.754529 0.701049 15.021121 14.320072 "" "" 1814.71179 1998.4928 23612.1296 8.2686 13396.0 16.656 14830.0 15.262 "" "" 0.0027814290297661273 0.0030995857 0.003941095 0.0070406804 81.98082827491 34.56768919136 1899.54541 0.10099999999999987 -2.49 1.0
81.77429382633 34.55328646005 0.0219 0.017 9.7449 "" "" 182828618832166144 1976.89258 0.4669 0.0255 0.11 -2.467 0.027 0.02 0.94 9293.2 3.7915 14.758221 0.942116 15.13575 14.193634 "" "" 1888.55884 2061.2207 23531.98515 31.4 12054.0 55.433 16661.0 61.226 "" "" 0.0031129864178463785 0.0057197106 0.005495709 0.0112154195 81.77429382633 34.55328646005 1976.89258 0.11 -2.466999999999999 0.9
81.95045838549 34.32045838608 0.024 0.0169 10.5341 "" "" 182634142714505088 2112.80835 0.4332 0.0265 0.107 -2.662 0.034 0.022 0.975 9293.9 3.9295 14.769619 0.803759 15.080331 14.276572 "" "" 2034.62744 2225.88086 23286.2376 7.9051 12685.0 23.139 15436.0 18.519 "" "" 0.0027798634797896044 0.0034216214 0.003997557 0.0074191783 81.95045838549 34.32045838608 2112.80835 0.10700000000000001 -2.661999999999999 0.9
82.06880390024 34.46497146835 0.0212 0.0165 5.7526 "" "" 182660045658151680 1994.19666 0.4626 0.0231 0.179 -2.426 0.027 0.021 0.971 "" "" 14.777619 0.824305 15.098223 14.273918 "" "" 1895.54419 2100.70947 23115.27701 7.6314 12478.0 29.306 15474.0 24.115 "" "" 0.00277853852154929 0.0037798702 0.004140858 0.007920728 82.06880390024 34.46497146835 1994.19666 0.179 -2.426 0.9
81.99888751742 34.54119168892 0.0229 0.0179 3.3663 "" "" 182664173125028608 1887.47827 0.4805 0.0253 0.046 -2.084 0.029 0.021 1.007 "" "" 14.786928 0.81027 15.0991 14.28883 "" "" 1794.63672 1994.70593 22917.94144 7.5511 12467.0 28.375 15263.0 19.157 "" "" 0.002778446009948017 0.0037271443 0.004017559 0.0077447034 81.99888751742 34.54119168892 1887.47827 0.045999999999999944 -2.084 1.0
81.81534367794 34.35119608697 0.0249 0.0188 11.2126 "" "" 182637750486353664 2070.33252 0.4462 0.0282 0.109 -1.873 0.033 0.023 1.121 "" "" 14.795877 0.733404 15.078959 14.345555 "" "" 1929.58362 2194.2312 22729.79938 7.926 12701.0 21.025 14486.0 19.455 "" "" 0.0027812099519724694 0.00331894 0.004050923 0.007369863 81.81534367794 34.35119608697 2070.33252 0.10899999999999993 -1.8729999999999993 0.9
82.40976924324 34.35596479453 0.0225 0.0174 23.8502 "" "" 182597893189677440 1823.90137 0.5084 0.027 0.037 -2.406 0.029 0.022 0.981 7985.9 4.0957 14.798894 0.78967 15.10919 14.31952 "" "" 1735.5332 1925.76111 22666.74489 8.6154 12352.0 18.837 14837.0 16.693 "" "" 0.002786053118121818 0.0032444731 0.0039718915 0.0072163646 82.40976924324 34.35596479453 1823.90137 0.037000000000000005 -2.4059999999999997 0.8
81.78002795979 34.23548529967 0.0219 0.0162 17.9566 "" "" 182628198479151872 2071.00781 0.444 0.0252 0.087 -2.05 0.032 0.021 0.98 9150.9 4.223 14.800981 0.698011 15.067213 14.369202 "" "" 1972.77832 2168.38647 22623.22184 9.7968 12839.0 30.845 14174.0 21.57 "" "" 0.002795147291665089 0.0038195436 0.004124771 0.007944315 81.78002795979 34.23548529967 2071.00781 0.087 -2.05 0.9
81.79478594716 34.31216214287 0.0227 0.0163 13.6887 "" "" 182631840611378560 1919.66431 0.4823 0.0254 0.035 -2.437 0.029 0.02 0.946 "" "" 14.809865 0.859232 15.136835 14.277603 "" "" 1824.07202 2009.51697 22438.84939 8.0342 12042.0 28.889 15421.0 32.604 "" "" 0.002782609055135562 0.0038170046 0.0044218977 0.008238902 81.79478594716 34.31216214287 1919.66431 0.03499999999999989 -2.437 1.0
82.05078775317 34.41917333774 0.0221 0.0173 6.4763 "" "" 182636444816197248 2040.44519 0.4516 0.0251 0.024 -2.372 0.029 0.021 1.047 "" "" 14.810743 1.414973 15.444593 14.02962 "" "" 1947.38354 2124.06274 22420.70912 14.893 9069.4 33.447 19378.0 37.949 "" "" 0.002848143651142146 0.00488034 0.004336438 0.009216778 82.05078775317 34.41917333774 2040.44519 0.023999999999999966 -2.372 1.0
81.92507253543 34.6198305231 0.0312 0.0238 7.6196 "" "" 182853220404734208 1907.4502 0.4869 0.0367 0.027 -2.556 0.038 0.028 1.356 9191.0 3.6633 14.81183 0.828106 15.13376 14.305655 "" "" 1762.00342 2034.63 22398.29819 7.7293 12076.0 34.155 15028.0 13.179 "" "" 0.0027806774967442465 0.0041491003 0.0038974758 0.008046576 81.92507253543 34.6198305231 1907.4502 0.027000000000000107 -2.5560000000000005 0.8
81.86051191788 34.41026494413 0.028 0.021 7.0711 "" "" 182638540760299264 2149.38452 0.4282 0.0328 0.128 -2.343 0.037 0.027 1.148 7973.4 3.9762 14.843256 0.908755 15.200057 14.291302 "" "" 1988.04883 2341.28198 21759.27266 8.8619 11360.0 26.505 15228.0 27.795 "" "" 0.002790576911442064 0.0037685907 0.00426744 0.00803603 81.86051191788 34.41026494413 2149.38452 0.128 -2.343 1.0
81.9704817459 34.35703298276 0.0243 0.0173 8.3521 "" "" 182635826340957184 2066.58765 0.4456 0.0271 0.189 -1.902 0.033 0.023 1.014 7493.4 3.8283 14.870951 0.870883 15.214438 14.343554 "" "" 1937.96497 2182.62573 21211.25169 7.102 11211.0 20.322 14512.0 16.809 "" "" 0.0027791981772007346 0.0034144477 0.003983122 0.0073975697 81.9704817459 34.35703298276 2066.58765 0.189 -1.9020000000000001 0.9
81.8202296708 34.7513884053 0.023 0.0197 16.7853 "" "" 182858065127810176 1871.87561 0.5013 0.0281 -0.023 -2.307 0.029 0.022 0.934 "" "" 14.896326 1.005962 15.309227 14.303265 "" "" 1789.25903 1959.25403 20721.26465 7.9994 10274.0 25.712 15061.0 18.504 "" "" 0.0027870186369545013 0.003894636 0.0040078824 0.007902518 81.8202296708 34.7513884053 1871.87561 -0.02300000000000002 -2.307 1.0
82.02943719142 34.48834540433 0.025 0.0196 3.5269 "" "" 182661046388846976 2042.96655 0.456 0.0273 0.07 -2.111 0.033 0.025 1.154 9300.8 3.9371 14.909973 0.736717 15.192462 14.455745 "" "" 1928.52014 2146.04736 20462.44313 8.8276 11440.0 15.893 13088.0 16.219 "" "" 0.0027948489121895404 0.0031717801 0.004011736 0.007183516 82.02943719142 34.48834540433 2042.96655 0.07000000000000009 -2.1110000000000007 1.0
81.96170354758 34.29983815487 0.0247 0.0181 11.7643 "" "" 182633867835894528 2039.72949 0.4439 0.0287 0.108 -2.558 0.034 0.025 0.939 "" "" 14.924157 0.870281 15.266882 14.396601 "" "" 1941.88904 2167.73242 20196.85331 6.7237 10682.0 14.148 13820.0 22.551 "" "" 0.002778927117072785 0.0031389436 0.0041740304 0.007312974 81.96170354758 34.29983815487 2039.72949 0.10799999999999997 -2.558 0.9
81.98490602582 34.2643040895 0.0241 0.0179 13.9559 "" "" 182622013726163584 1926.05908 0.4761 0.0273 0.128 -2.539 0.031 0.023 1.049 7713.7 3.6588 14.924808 1.325355 15.508062 14.182707 11.24 8.62 1849.74597 2073.93286 20184.74001 11.491 8554.4 18.94 16830.0 27.272 "" "" 0.002823798402437651 0.0036828981 0.0041688257 0.007851724 81.98490602582 34.2643040895 1926.05908 0.128 -2.5389999999999997 1.0
81.86266351877 34.73738344877 0.0252 0.0203 15.2457 "" "" 182858133847275520 1929.5033 0.473 0.0294 0.146 -2.281 0.031 0.024 1.09 "" "" 14.929326 0.898178 15.287902 14.389724 "" "" 1803.98096 2051.67188 20100.9401 6.6972 10477.0 40.229 13908.0 18.625 "" "" 0.0027789652808613893 0.0050164913 0.004049415 0.009065906 81.86266351877 34.73738344877 1929.5033 0.146 -2.281 1.0
81.75879084685 34.69514681941 0.0238 0.0192 15.5056 "" "" 182834318252564352 2039.3634 0.4484 0.0285 -0.072 -2.299 0.03 0.022 0.994 7485.2 3.8439 14.931202 0.849767 15.264554 14.414787 "" "" 1942.69385 2180.36987 20066.23905 7.0069 10705.0 17.586 13591.0 17.286 "" "" 0.0027812814253843146 0.003311553 0.0040237615 0.0073353145 81.75879084685 34.69514681941 2039.3634 -0.0719999999999999 -2.299 0.8
81.97892486394 34.70946601232 0.0247 0.02 12.8531 "" "" 182855659946077440 2244.92334 0.4028 0.0309 -0.136 -2.267 0.03 0.023 0.999 8721.0 3.42 14.978729 0.977752 15.37352 14.395768 "" "" 2123.11426 2403.7002 19206.80438 6.2336 9683.0 26.143 13831.0 15.896 "" "" 0.002777761559075989 0.0040469673 0.003980054 0.008027021 81.97892486394 34.70946601232 2244.92334 -0.13600000000000007 -2.2669999999999995 0.8
82.07113168376 34.46758020033 0.0229 0.0182 5.814 "" "" 182660049956431360 2071.04712 0.4457 0.0251 0.309 -2.254 0.03 0.023 0.997 5511.0 3.5091 14.986347 1.623548 15.739934 14.116386 "" "" 1960.41931 2212.41968 19072.51319 40.063 6909.4 54.136 17890.0 101.14 "" "" 0.0035767559097040005 0.008952765 0.007208364 0.016161129 82.07113168376 34.46758020033 2071.04712 0.3089999999999999 -2.254 0.8
81.99839506169 34.31028381972 0.0269 0.0192 11.3086 "" "" 182622254244310656 1962.16553 0.4654 0.0294 0.105 -2.522 0.035 0.025 1.042 "" "" 14.988904 0.937782 15.362809 14.425027 "" "" 1855.74536 2060.0459 19027.65503 6.7924 9779.0 13.957 13463.0 18.18 "" "" 0.0027824464575144157 0.0031916036 0.0040538013 0.0072454046 81.99839506169 34.31028381972 1962.16553 0.10499999999999997 -2.522 0.9
