Clusters/Stock_8/Stock_8_members.tsv
# %ECSV 1.0
# ---
# datatype:
# - name: RA_ICRS_1
#   unit: deg
#   datatype: float64
#   format: '{:15.11f}'
#   description: Right ascension (ICRS) at Ep=2016.0 (ra)
#   meta: !!omap
#   - {ucd: POS_EQ_RA_MAIN}
#   - {width: 15}
#   - {precision: '11'}
# - name: DE_ICRS_1
#   unit: deg
#   datatype: float64
#   format: '{:15.11f}'
#   description: Declination (ICRS) at Ep=2016.0 (dec)
#   meta: !!omap
#   - {ucd: POS_EQ_DEC_MAIN}
#   - {width: 15}
#   - {precision: '11'}
# - name: e_RA_ICRS
#   unit: mas
#   datatype: float64
#   format: '{:7.4f}'
#   description: Standard error of right ascension (ra_error)
#   meta: !!omap
#   - {ucd: ERROR}
#   - {width: 7}
#   - {precision: '4'}
# - name: e_DE_ICRS
#   unit: mas
#   datatype: float64
#   format: '{:7.4f}'
#   description: Standard error of declination (dec_error)
#   meta: !!omap
#   - {ucd: ERROR}
#   - {width: 7}
#   - {precision: '4'}
# - name: _r_1
#   unit: ''
#   datatype: float64
#   format: '{:7.4f}'
#   description: Distance from center (081.95870861000+34.49589488000)[ICRS], at Epoch=J2016.0
#   meta: !!omap
#   - {ucd: POS_ANG_DIST_GENERAL}
#   - {width: 7}
#   - {precision: '4'}
# - name: HIP
#   datatype: int32
#   description: '? HIP cross-id number, van Leeuwen, Cat. I/311 (hip_original_ext_source_id)'
#   meta: !!omap
#   - {ucd: ID_NUMBER}
#   - {width: 6}
#   - values: {'null': -2147483648}
# - name: TYC2
#   datatype: string
#   description: Tycho-2 cross-id name, Hog et al., Cat. I/259 (tyc2_original_ext_source_id)
#   meta: !!omap
#   - {ucd: ID_CROSSID}
#   - {_votable_string_dtype: char}
# - name: Source
#   datatype: int64
#   description: Source identifier, identical to the Gaia-EDR3 source_id (id)
#   meta: !!omap
#   - {ucd: ID_MAIN}
#   - {width: 19}
# - name: rgeo
#   unit: pc
#   datatype: float64
#   format: '{:15.8f}'
#   description: '? Median of the geometric distance posterior (r_med_geo)'
#   meta: !!omap
#   - {ucd: PHYS_DISTANCE_TRUE}
#   - {width: 15}
#   - {precision: '8'}
#   - values: {'null': .nan}
# - name: Plx
#   unit: mas
#   datatype: float64
#   format: '{:9.4f}'
#   description: '? Parallax (parallax)'
#   meta: !!omap
#   - {ucd: POS_PARLX_TRIG}
#   - {width: 9}
#   - {precision: '4'}
#   - values: {'null': .nan}
# - name: e_Plx
#   unit: mas
#   datatype: float32
#   format: '{:7.4f}'
#   description: '? Standard error of parallax (parallax_error)'
#   meta: !!omap
#   - {ucd: ERROR}
#   - {width: 7}
#   - {precision: '4'}
#   - values: {'null': .nan}
# - name: pmRA
#   unit: mas / yr
#   datatype: float64
#   format: '{:9.3f}'
#   description: '? Proper motion in right ascension direction, pmRA*cosDE (pmra)'
#   meta: !!omap
#   - {ucd: POS_EQ_PMRA}
#   - {width: 9}
#   - {precision: '3'}
#   - values: {'null': .nan}
# - name: pmDE
#   unit: mas / yr
#   datatype: float64
#   format: '{:9.3f}'
#   description: '? Proper motion in declination direction (pmdec)'
#   meta: !!omap
#   - {ucd: POS_EQ_PMDEC}
#   - {width: 9}
#   - {precision: '3'}
#   - values: {'null': .nan}
# - name: e_pmRA
#   unit: mas / yr
#   datatype: float32
#   format: '{:6.3f}'
#   description: '? Standard error of proper motion in right ascension direction (pmra_error)'
#   meta: !!omap
#   - {ucd: ERROR}
#   - {width: 6}
#   - {precision: '3'}
#   - values: {'null': .nan}
# - name: e_pmDE
[...]
#         unit: &id001 !astropy.units.Unit {unit: deg}
#         value: !astropy.table.SerializedColumn {name: SkyCoord.dec}
#       distance: !astropy.table.SerializedColumn
#         __class__: astropy.coordinates.distances.Distance
#         unit: !astropy.units.Unit {unit: pc}
#         value: !astropy.table.SerializedColumn {name: SkyCoord.distance}
#       frame: icrs
#       obstime: !astropy.time.Time {format: jyear_str, in_subfmt: '*', jd1: 367701545.0, jd2: 0.0, out_subfmt: '*', precision: 3, scale: tt}
#       pm_dec: !astropy.table.SerializedColumn
#         __class__: astropy.units.quantity.Quantity
#         unit: !astropy.units.Unit {unit: mas / yr}
#         value: !astropy.table.SerializedColumn {name: SkyCoord.pm_dec}
#       pm_ra_cosdec: !astropy.table.SerializedColumn
#         __class__: astropy.units.quantity.Quantity
#         unit: !astropy.units.Unit {unit: mas / yr}
#         value: !astropy.table.SerializedColumn {name: SkyCoord.pm_ra_cosdec}
#       ra: !astropy.table.SerializedColumn
#         __class__: astropy.coordinates.angles.Longitude
#         unit: *id001
#         value: !astropy.table.SerializedColumn {name: SkyCoord.ra}
#         wrap_angle: !astropy.coordinates.Angle
#           unit: *id001
#           value: 360.0
#       representation_type: spherical
# schema: astropy-2.0
RA_ICRS_1 DE_ICRS_1 e_RA_ICRS e_DE_ICRS _r_1 HIP TYC2 Source rgeo Plx e_Plx pmRA pmDE e_pmRA e_pmDE RUWE Teff logg Gmag BP-RP BPmag RPmag RV e_RV b_rgeo B_rgeo FG e_FG FBP e_FBP FRP e_FRP RAVE5 RAVE6 e_Gmag e_BPmag e_RPmag e_BP-RP SkyCoord.ra SkyCoord.dec SkyCoord.distance SkyCoord.pm_ra_cosdec SkyCoord.pm_dec Pmemb
81.8891896431 34.45049935453 0.0187 0.0134 4.3867 "" "" 182640155667980416 1893.14038 0.4987 0.0224 -0.023 -2.043 0.022 0.016 1.081 14726.3 3.076 10.237708 1.424419 10.873444 9.449024 "" "" 1807.98889 1970.47644 1513085.40228 835.59 611000.0 646.51 1316900.0 706.65 "" "" 0.0028198044443663688 0.0030174283 0.003824024 0.0068414523 81.8891896431 34.45049935453 1893.14038 -0.022999999999999993 -2.043 0.9
82.10629382933 34.6140132241 0.0187 0.0134 10.1692 "" 2411-102-1 182666303428762240 2002.51965 0.4688 0.021 0.033 -2.364 0.023 0.018 1.231 17034.4 3.3974 10.352321 0.399948 10.483747 10.083798 -83.4 23.45 1930.7594 2091.98706 1361502.34864 560.83 874820.0 605.2 733900.0 167.97 "" "" 0.0027913813480716343 0.0028895012 0.0037875425 0.0066770436 82.10629382933 34.6140132241 2002.51965 0.03300000000000006 -2.364 0.9
81.81992848139 34.5157760975 0.0176 0.013 6.9648 "" 2411-720-1 182828996789290368 1877.3584 0.5048 0.0203 0.022 -2.129 0.022 0.014 1.085 16270.8 3.6057 10.746309 0.468456 10.907671 10.439215 "" "" 1808.55908 1970.92932 947159.09085 385.91 592040.0 566.21 529020.0 188.6 "" "" 0.0027906060586007347 0.0029771219 0.0037991516 0.0067762733 81.81992848139 34.5157760975 1877.3584 0.021999999999999936 -2.129 0.9
81.83943274654 34.26333579504 0.0169 0.0126 15.1521 "" 2411-220-1 182628473357026304 2149.36548 0.4428 0.0197 0.157 -1.97 0.022 0.016 1.096 16351.3 3.4233 10.837808 0.414961 10.977122 10.562161 "" "" 2067.71094 2235.78589 870610.41792 270.32 555350.0 360.9 472380.0 141.44 "" "" 0.0027758667521590986 0.0028780005 0.0037933378 0.0066713383 81.83943274654 34.26333579504 2149.36548 0.15699999999999995 -1.97 0.8
82.0343057344 34.42067925829 0.0207 0.0151 5.8612 "" 2411-580-1 182636410456464640 1717.23779 0.549 0.0229 0.015 -2.382 0.027 0.019 1.018 14734.8 3.6707 10.93477 0.277959 11.01764 10.739681 "" "" 1665.04932 1787.99146 796230.82776 272.85 535010.0 605.13 401130.0 160.51 "" "" 0.0027803265411714467 0.003048462 0.0038042706 0.006852733 82.0343057344 34.42067925829 1717.23779 0.015000000000000069 -2.382000000000001 1.0
81.93136981666 34.356978906 0.0188 0.0139 8.4441 "" "" 182635070426723840 1864.1261 0.4949 0.0195 -0.077 -2.39 0.026 0.019 0.964 "" "" 11.099641 0.62877 11.327968 10.699198 -92.31 29.99 1807.3407 1918.9248 684054.21193 239.47 402000.0 352.41 416370.0 411.01 "" "" 0.002781412733971917 0.002948046 0.003928409 0.0068764547 81.93136981666 34.356978906 1864.1261 -0.07699999999999999 -2.39 1.0
82.01839352804 34.48916725163 0.0184 0.0135 2.979 "" "" 182661042089415808 2036.60205 0.4414 0.0201 0.026 -2.45 0.023 0.017 1.032 13031.2 3.8074 11.558894 0.484904 11.728529 11.243625 "" "" 1961.15112 2114.90698 448114.69106 234.47 277970.0 283.87 252180.0 118.08 "" "" 0.0028132762864110277 0.0030024063 0.003813421 0.0068158275 82.01839352804 34.48916725163 2036.60205 0.025999999999999912 -2.45 1.0
82.09287708199 34.77711254112 0.0205 0.015 18.1265 "" "" 182861977841210880 1814.58521 0.4963 0.0256 -0.006 -2.418 0.023 0.018 1.208 14143.3 3.7453 11.651813 0.557575 11.854811 11.297235 "" "" 1739.55029 1911.94604 411359.42295 268.12 247450.0 302.8 240030.0 268.83 "" "" 0.002844747644970307 0.003090342 0.0039701895 0.0070605315 82.09287708199 34.77711254112 1814.58521 -0.00599999999999995 -2.418000000000001 0.9
82.03835250615 34.47375615049 0.0167 0.0121 4.1569 "" "" 182660840230419968 2099.58545 0.4179 0.0177 0.046 -2.462 0.022 0.015 0.96 12418.8 3.7294 11.746123 0.458044 11.905659 11.447615 "" "" 2013.70386 2194.47656 377135.44988 150.17 236130.0 280.23 208980.0 157.43 "" "" 0.0027890310351116536 0.0030733217 0.0038668732 0.006940195 82.03835250615 34.47375615049 2099.58545 0.04600000000000004 -2.4620000000000006 1.0
81.95612935658 34.28509730034 0.0141 0.0101 12.6485 "" 2411-2243-1 182633833476162688 1918.80249 0.4681 0.0159 0.07 -2.514 0.018 0.013 0.966 6533.0 3.1918 11.837967 0.613069 12.061617 11.448548 "" "" 1856.31262 1968.07642 346545.14338 81.139 204540.0 168.84 208800.0 73.422 "" "" 0.0027670223294562484 0.0029305774 0.0037986166 0.006729194 81.95612935658 34.28509730034 1918.80249 0.07 -2.5139999999999993 0.8
82.0839853536 34.78561123262 0.016 0.0121 18.4502 "" "" 182861977838717824 1781.65247 0.5068 0.0198 -0.036 -2.253 0.019 0.015 1.014 15404.6 3.9276 11.864436 0.459069 12.020584 11.561515 "" "" 1720.13916 1849.04517 338198.9941 82.34 212410.0 198.63 188170.0 148.77 "" "" 0.0027679712835007005 0.002969155 0.0038756388 0.006844794 82.0839853536 34.78561123262 1781.65247 -0.035999999999999976 -2.253 0.9
81.94578521963 34.76207171404 0.0151 0.0119 15.9834 "" "" 182856789520718592 1930.14136 0.4654 0.0183 -0.141 -2.115 0.018 0.014 1.038 14873.1 3.9342 11.928081 0.454419 12.086358 11.631939 "" "" 1862.55054 1995.8783 318944.09047 69.921 199930.0 182.82 176350.0 79.171 "" "" 0.00276558202654633 0.0029615432 0.0038106847 0.0067722276 81.94578521963 34.76207171404 1930.14136 -0.1410000000000001 -2.115 1.0
82.16072679606 34.35853065957 0.012 0.0095 12.9572 "" "" 182646748439450624 1965.20129 0.4776 0.0135 0.017 -2.582 0.015 0.011 0.974 "" "" 12.137224 0.67546 12.38342 11.70796 "" "" 1920.43274 2017.69092 263061.31141 63.836 152070.0 134.58 164430.0 59.614 "" "" 0.0027678884410171642 0.0029509838 0.0037998254 0.006750809 82.16072679606 34.35853065957 1965.20129 0.016999999999999932 -2.582 0.8
81.83220978529 34.72930689626 0.0134 0.0112 15.3347 "" 2411-806-1 182857790249911808 2042.24329 0.4513 0.0164 -0.13 -2.298 0.017 0.013 1.073 15259.8 3.9716 12.198728 0.535911 12.390589 11.854678 "" "" 1977.09851 2105.26172 248573.91795 65.119 151070.0 147.76 143640.0 74.51 "" "" 0.0027699621360972758 0.002985428 0.0038211152 0.006806543 81.83220978529 34.72930689626 2042.24329 -0.13000000000000012 -2.297999999999999 0.9
81.84951323078 34.64964432441 0.0121 0.0096 10.6866 "" "" 182830886574812288 1845.11462 0.5137 0.0139 -0.097 -2.067 0.015 0.011 1.002 6791.2 3.1259 12.460092 0.731009 12.737158 12.006148 "" "" 1798.19202 1890.84399 195393.43382 43.673 109790.0 87.859 124940.0 57.19 "" "" 0.002765986476589402 0.0029223207 0.0038119182 0.006734239 81.84951323078 34.64964432441 1845.11462 -0.097 -2.067 1.0
82.03425177252 34.48697652421 0.0139 0.0107 3.7739 "" "" 182660835930985728 1969.35181 0.4705 0.015 0.071 -2.286 0.018 0.014 1.081 15729.1 4.087 12.524141 0.439233 12.675837 12.236604 "" "" 1918.10498 2025.04382 184200.2406 273.09 116170.0 501.11 101050.0 513.78 "" "" 0.0031910599281013523 0.005451559 0.0066901264 0.012141686 82.03425177252 34.48697652421 1969.35181 0.07100000000000002 -2.286 0.9
81.92083344558 34.32480461479 0.0126 0.009 10.4352 "" "" 182634172774021248 2070.42358 0.4573 0.0148 0.022 -2.492 0.017 0.012 0.969 "" "" 12.623377 0.877813 12.969096 12.091283 "" "" 2005.92432 2128.39062 168110.93672 32.791 88670.0 63.181 115520.0 41.303 "" "" 0.0027634470814457772 0.0028954367 0.003799266 0.0066947024 81.92083344558 34.32480461479 2070.42358 0.021999999999999992 -2.492 1.0
81.87021288475 34.69717534775 0.0138 0.0109 12.8434 "" "" 182854697873460992 1956.11694 0.4824 0.0163 -0.005 -2.272 0.016 0.013 1.065 "" "" 12.705504 0.897098 13.059718 12.162621 "" "" 1900.20715 2040.33826 155863.71204 32.462 81570.0 56.537 108170.0 42.759 "" "" 0.002764583754959439 0.0028898714 0.0038036727 0.006693544 81.87021288475 34.69717534775 1956.11694 -0.0050000000000000044 -2.272 0.9
82.06445629661 34.42380815202 0.0168 0.0128 6.7879 "" "" 182636268718056576 1933.20605 0.4885 0.0205 0.142 -2.225 0.022 0.016 1.074 12163.4 4.1471 12.733256 0.522974 12.918896 12.395922 "" "" 1861.38513 1996.82617 151930.23715 48.491 92866.0 116.48 87255.0 60.614 "" "" 0.0027770258672098775 0.0031047699 0.0038539069 0.0069586765 82.06445629661 34.42380815202 1933.20605 0.142 -2.225 0.9
82.12513144632 34.78649335453 0.0153 0.0115 19.2744 "" "" 182674446686539136 1799.9447 0.5255 0.0188 -0.027 -2.385 0.018 0.014 0.998 12649.0 3.8301 12.735109 0.563992 12.942196 12.378204 "" "" 1739.95679 1869.41992 151671.10693 44.542 90895.0 89.863 88690.0 92.369 "" "" 0.002773708157068818 0.0029895243 0.003944918 0.0069344426 82.12513144632 34.78649335453 1799.9447 -0.026999999999999996 -2.3850000000000007 0.9
82.25762492502 34.3961823017 0.0284 0.0223 15.9544 "" "" 182644244476758656 2113.46924 0.4589 0.0318 0.056 -2.474 0.035 0.027 2.276 6891.1 2.7067 12.772915 0.809811 13.08103 12.271219 25.03 9.25 1946.03369 2286.6333 146480.89406 44.706 79984.0 60.145 97875.0 69.209 "" "" 0.0027751744871453775 0.0029071656 0.0038565728 0.0067637386 82.25762492502 34.3961823017 2113.46924 0.055999999999999966 -2.474 1.0
81.90573035643 34.66978880412 0.0152 0.0119 10.7568 "" 2411-1358-1 182853701441048576 2018.20569 0.4648 0.0179 0.164 -2.072 0.019 0.014 1.102 "" "" 12.817509 0.647473 13.03897 12.391497 "" "" 1950.99268 2094.58228 140586.44424 40.5 83144.0 158.99 87611.0 251.15 "" "" 0.002773016287517958 0.0034778637 0.00489601 0.008373873 81.90573035643 34.66978880412 2018.20569 0.16399999999999995 -2.072 0.8
82.09091267358 34.76632215067 0.016 0.0125 17.4892 "" "" 182668433732330112 1823.13147 0.5183 0.0196 -0.112 -2.31 0.019 0.015 0.943 14616.8 3.9445 12.899152 0.579666 13.111539 12.531873 "" "" 1760.69507 1887.74231 130402.50408 45.775 77768.0 50.849 76986.0 44.76 "" "" 0.002781554457053114 0.0028790669 0.0038317367 0.0067108036 82.09091267358 34.76632215067 1823.13147 -0.11199999999999996 -2.3100000000000005 0.9
81.68184713894 34.24736536815 0.0159 0.0122 20.2573 "" "" 182629916466102784 1788.22876 0.5163 0.0197 0.058 -2.382 0.022 0.016 0.94 7500.4 3.6698 12.98844 0.300919 13.090932 12.790013 "" "" 1735.51831 1846.11768 120107.70343 90.197 79258.0 164.92 60695.0 108.13 "" "" 0.002873428178597042 0.0035901293 0.004245602 0.007835731 81.68184713894 34.24736536815 1788.22876 0.05799999999999991 -2.3819999999999992 1.0
82.03821558535 34.2814518901 0.0126 0.0091 13.4553 "" "" 182621906350208384 1932.87988 0.4759 0.0141 -0.06 -2.411 0.017 0.012 0.918 "" "" 13.048634 0.668539 13.299857 12.631318 "" "" 1881.70239 1983.79272 113630.08055 45.927 65384.0 49.773 70248.0 50.669 "" "" 0.002790047237974125 0.0029100107 0.0038596652 0.0067696758 82.03821558535 34.2814518901 1932.87988 -0.06 -2.4110000000000005 1.0
82.04047068848 34.4458758122 0.0132 0.0103 5.0362 "" "" 182636543595962368 2196.88281 0.4183 0.0145 0.183 -1.834 0.017 0.013 1.042 "" "" 13.049476 0.467083 13.213131 12.746048 "" "" 2122.04224 2266.15723 113541.94553 37.845 70821.0 54.594 63203.0 41.507 "" "" 0.002778984298257811 0.0029129982 0.003846055 0.006759053 82.04047068848 34.4458758122 2196.88281 0.18300000000000005 -1.834 0.8
82.00522350834 34.38556651925 0.0124 0.0094 7.0084 "" "" 182635929420151680 1993.62817 0.4614 0.0141 0.163 -2.335 0.016 0.012 1.029 "" "" 13.148563 0.54985 13.348606 12.798756 "" "" 1942.75366 2047.09033 103638.56067 40.835 62514.0 41.011 60208.0 58.304 "" "" 0.0027883324389413535 0.0028796499 0.0039229034 0.0068025533 82.00522350834 34.38556651925 1993.62817 0.163 -2.335 1.0
81.9422819616 34.74087130494 0.0166 0.0131 14.7209 "" "" 182855075830522368 1985.38953 0.4603 0.0196 0.078 -2.311 0.02 0.016 1.302 12340.4 3.7911 13.154706 0.602642 13.374632 12.77199 "" "" 1920.40002 2076.99048 103053.85504 45.545 61033.0 79.99 61711.0 54.992 "" "" 0.0027967910889048287 0.003132074 0.0039012597 0.0070333336 81.9422819616 34.74087130494 1985.38953 0.07800000000000006 -2.311 1.0
82.02139940787 34.35845141885 0.0127 0.0099 8.8109 "" "" 182635620182511744 1985.58325 0.4611 0.0145 0.042 -2.329 0.017 0.012 1.039 7040.4 3.7367 13.187801 0.505776 13.368079 12.862303 "" "" 1935.65601 2030.57751 99959.97175 52.298 61402.0 67.563 56785.0 39.188 "" "" 0.002813265948285264 0.0030351775 0.00385294 0.0068881176 82.02139940787 34.35845141885 1985.58325 0.04200000000000012 -2.329 1.0
82.02868633549 34.39463229079 0.0124 0.0095 6.9931 "" "" 182636307377263232 1990.44531 0.4599 0.0141 0.049 -2.364 0.016 0.012 1.0 9988.4 3.9049 13.226708 0.497872 13.404243 12.906371 "" "" 1937.89282 2046.63367 96441.372 37.059 59391.0 49.885 54527.0 33.089 "" "" 0.0027867280981981697 0.0029354235 0.0038363824 0.0067718057 82.02868633549 34.39463229079 1990.44531 0.049000000000000044 -2.364 1.0
81.97445259912 34.24654311219 0.0144 0.0106 14.9814 "" "" 182621635769052160 1880.14307 0.4888 0.0162 0.073 -2.342 0.019 0.014 1.083 7064.2 3.6507 13.247051 0.47545 13.417718 12.942268 "" "" 1826.4502 1938.16479 94651.22354 32.017 58658.0 49.475 52753.0 23.12 "" "" 0.0027796892718907804 0.0029366084 0.0038092197 0.0067458283 81.97445259912 34.24654311219 1880.14307 0.07300000000000006 -2.342 1.0
81.88910933669 34.60697617379 0.0157 0.0119 7.5 "" "" 182829787063527424 1933.16809 0.4722 0.018 -0.308 -2.196 0.02 0.015 1.239 6717.7 3.4352 13.253004 0.876689 13.590721 12.714032 "" "" 1865.83093 1993.56885 94133.70581 33.198 50018.0 44.124 65095.0 53.282 "" "" 0.002781798998392852 0.0029499866 0.0038824633 0.0068324497 81.88910933669 34.60697617379 1933.16809 -0.308 -2.196 0.8
81.85987872032 34.77606821336 0.015 0.0127 17.5041 "" "" 182858443084898944 2062.57617 0.4385 0.0188 -0.053 -2.376 0.019 0.014 1.162 6820.8 3.4144 13.259489 0.619492 13.486037 12.866546 "" "" 1972.85303 2161.78955 93573.12628 24.371 55081.0 32.022 56564.0 40.802 "" "" 0.0027697929761477396 0.0028606763 0.0038596774 0.006720354 81.85987872032 34.77606821336 2062.57617 -0.05300000000000002 -2.3760000000000003 1.0
81.91873042291 34.37622107743 0.0141 0.0106 7.448 "" "" 182635345304626944 1964.58643 0.4653 0.0159 0.222 -1.897 0.02 0.014 0.967 "" "" 13.327702 1.146807 13.805903 12.659096 "" "" 1900.75281 2037.41321 87875.07841 21.128 41026.0 33.267 68473.0 47.292 "" "" 0.002767658648904646 0.002925773 0.003853057 0.0067788297 81.91873042291 34.37622107743 1964.58643 0.22199999999999998 -1.8969999999999998 0.9
82.02189808768 34.6107986044 0.0202 0.0162 7.5684 "" "" 182664997758510848 1821.4895 0.5117 0.024 -0.27 -1.776 0.024 0.02 1.547 "" "" 13.330052 0.663092 13.57229 12.909199 "" "" 1743.16333 1928.45959 87685.07778 122.29 50875.0 224.68 54385.0 167.98 "" "" 0.0031439875407736776 0.0055476674 0.005052714 0.0106003815 82.02189808768 34.6107986044 1821.4895 -0.27000000000000013 -1.776 0.9
82.01742976929 34.75095056145 0.0148 0.0114 15.5756 "" "" 182855831744729088 2005.05981 0.461 0.0191 0.006 -2.403 0.018 0.014 1.068 6737.5 3.5836 13.337513 0.549353 13.537805 12.988452 "" "" 1927.37524 2075.12646 87084.62678 37.804 52516.0 37.058 50557.0 25.202 "" "" 0.0027953419733504933 0.0028934472 0.003817938 0.006711385 82.01742976929 34.75095056145 2005.05981 0.006000000000000005 -2.403 0.9
81.9619388359 34.49059290433 0.0159 0.012 0.356 "" "" 182640533625062016 1996.28638 0.4563 0.0176 0.185 -2.672 0.02 0.014 1.295 "" "" 13.358855 0.89256 13.697326 12.804766 "" "" 1924.86548 2092.78101 85389.56925 34.243 45341.0 55.382 59876.0 106.4 "" "" 0.0027895098250037063 0.0030893036 0.004243366 0.0073326696 81.9619388359 34.49059290433 1996.28638 0.185 -2.6719999999999997 0.8
81.99371738428 34.78785155062 0.0181 0.0133 17.6024 "" "" 182857103055039232 1705.75366 0.543 0.0212 -0.033 -2.286 0.021 0.016 1.212 "" "" 13.381616 0.680467 13.632098 12.951632 "" "" 1655.92664 1759.90308 83618.16592 27.698 48148.0 37.464 52300.0 44.084 "" "" 0.0027786926356079874 0.0029152625 0.0038886077 0.00680387 81.99371738428 34.78785155062 1705.75366 -0.03300000000000003 -2.286 0.9
81.99235166067 34.36547840625 0.0144 0.0108 8.0002 "" "" 182635791981209984 2059.90137 0.4414 0.0167 0.174 -2.398 0.02 0.015 1.107 "" "" 13.47921 0.568006 13.688506 13.120501 "" "" 1985.87769 2137.85864 76429.82746 34.292 45710.0 31.389 44767.0 28.729 "" "" 0.0027980520469827732 0.0028880667 0.003843073 0.0067311395 81.99235166067 34.36547840625 2059.90137 0.174 -2.398 1.0
