Clusters/Stock_8/Stock_8_members.tsv
# %ECSV 1.0
# ---
# datatype:
# - name: RA_ICRS_1
#   unit: deg
#   datatype: float64
#   format: '{:15.11f}'
#   description: Right ascension (ICRS) at Ep=2016.0 (ra)
#   meta: !!omap
#   - {ucd: POS_EQ_RA_MAIN}
#   - {width: 15}
#   - {precision: '11'}
# - name: DE_ICRS_1
#   unit: deg
#   datatype: float64
#   format: '{:15.11f}'
#   description: Declination (ICRS) at Ep=2016.0 (dec)
#   meta: !!omap
#   - {ucd: POS_EQ_DEC_MAIN}
#   - {width: 15}
#   - {precision: '11'}
# - name: e_RA_ICRS
#   unit: mas
#   datatype: float64
#   format: '{:7.4f}'
#   description: Standard error of right ascension (ra_error)
#   meta: !!omap
#   - {ucd: ERROR}
#   - {width: 7}
#   - {precision: '4'}
# - name: e_DE_ICRS
#   unit: mas
#   datatype: float64
#   format: '{:7.4f}'
#   description: Standard error of declination (dec_error)
#   meta: !!omap
#   - {ucd: ERROR}
#   - {width: 7}
#   - {precision: '4'}
# - name: _r_1
#   unit: ''
#   datatype: float64
#   format: '{:7.4f}'
#   description: Distance from center (081.95870861000+34.49589488000)[ICRS], at Epoch=J2016.0
#   meta: !!omap
#   - {ucd: POS_ANG_DIST_GENERAL}
#   - {width: 7}
#   - {precision: '4'}
# - name: HIP
#   datatype: int32
#   description: '? HIP cross-id number, van Leeuwen, Cat. I/311 (hip_original_ext_source_id)'
#   meta: !!omap
#   - {ucd: ID_NUMBER}
#   - {width: 6}
#   - values: {'null': -2147483648}
# - name: TYC2
#   datatype: string
#   description: Tycho-2 cross-id name, Hog et al., Cat. I/259 (tyc2_original_ext_source_id)
#   meta: !!omap
#   - {ucd: ID_CROSSID}
#   - {_votable_string_dtype: char}
# - name: Source
#   datatype: int64
#   description: Source identifier, identical to the Gaia-EDR3 source_id (id)
#   meta: !!omap
#   - {ucd: ID_MAIN}
#   - {width: 19}
# - name: rgeo
#   unit: pc
#   datatype: float64
#   format: '{:15.8f}'
#   description: '? Median of the geometric distance posterior (r_med_geo)'
#   meta: !!omap
#   - {ucd: PHYS_DISTANCE_TRUE}
#   - {width: 15}
#   - {precision: '8'}
#   - values: {'null': .nan}
# - name: Plx
#   unit: mas
#   datatype: float64
#   format: '{:9.4f}'
#   description: '? Parallax (parallax)'
#   meta: !!omap
#   - {ucd: POS_PARLX_TRIG}
#   - {width: 9}
#   - {precision: '4'}
#   - values: {'null': .nan}
# - name: e_Plx
#   unit: mas
#   datatype: float32
#   format: '{:7.4f}'
#   description: '? Standard error of parallax (parallax_error)'
#   meta: !!omap
#   - {ucd: ERROR}
#   - {width: 7}
#   - {precision: '4'}
#   - values: {'null': .nan}
# - name: pmRA
#   unit: mas / yr
#   datatype: float64
#   format: '{:9.3f}'
#   description: '? Proper motion in right ascension direction, pmRA*cosDE (pmra)'
#   meta: !!omap
#   - {ucd: POS_EQ_PMRA}
#   - {width: 9}
#   - {precision: '3'}
#   - values: {'null': .nan}
# - name: pmDE
#   unit: mas / yr
#   datatype: float64
#   format: '{:9.3f}'
#   description: '? Proper motion in declination direction (pmdec)'
#   meta: !!omap
#   - {ucd: POS_EQ_PMDEC}
#   - {width: 9}
#   - {precision: '3'}
#   - values: {'null': .nan}
# - name: e_pmRA
#   unit: mas / yr
#   datatype: float32
#   format: '{:6.3f}'
#   description: '? Standard error of proper motion in right ascension direction (pmra_error)'
#   meta: !!omap
#   - {ucd: ERROR}
#   - {width: 6}
#   - {precision: '3'}
#   - values: {'null': .nan}
# - name: e_pmDE
[...]
#         unit: &id001 !astropy.units.Unit {unit: deg}
#         value: !astropy.table.SerializedColumn {name: SkyCoord.dec}
#       distance: !astropy.table.SerializedColumn
#         __class__: astropy.coordinates.distances.Distance
#         unit: !astropy.units.Unit {unit: pc}
#         value: !astropy.table.SerializedColumn {name: SkyCoord.distance}
#       frame: icrs
#       obstime: !astropy.time.Time {format: jyear_str, in_subfmt: '*', jd1: 367701545.0, jd2: 0.0, out_subfmt: '*', precision: 3, scale: tt}
#       pm_dec: !astropy.table.SerializedColumn
#         __class__: astropy.units.quantity.Quantity
#         unit: !astropy.units.Unit {unit: mas / yr}
#         value: !astropy.table.SerializedColumn {name: SkyCoord.pm_dec}
#       pm_ra_cosdec: !astropy.table.SerializedColumn
#         __class__: astropy.units.quantity.Quantity
#         unit: !astropy.units.Unit {unit: mas / yr}
#         value: !astropy.table.SerializedColumn {name: SkyCoord.pm_ra_cosdec}
#       ra: !astropy.table.SerializedColumn
#         __class__: astropy.coordinates.angles.Longitude
#         unit: *id001
#         value: !astropy.table.SerializedColumn {name: SkyCoord.ra}
#         wrap_angle: !astropy.coordinates.Angle
#           unit: *id001
#           value: 360.0
#       representation_type: spherical
# schema: astropy-2.0
RA_ICRS_1 DE_ICRS_1 e_RA_ICRS e_DE_ICRS _r_1 HIP TYC2 Source rgeo Plx e_Plx pmRA pmDE e_pmRA e_pmDE RUWE Teff logg Gmag BP-RP BPmag RPmag RV e_RV b_rgeo B_rgeo FG e_FG FBP e_FBP FRP e_FRP RAVE5 RAVE6 e_Gmag e_BPmag e_RPmag e_BP-RP SkyCoord.ra SkyCoord.dec SkyCoord.distance SkyCoord.pm_ra_cosdec SkyCoord.pm_dec Pmemb
[from data line 121]
81.62761439933 34.64651153932 0.0245 0.019 18.6881 "" "" 182833218740794368 1953.60864 0.4697 0.0272 -0.067 -2.325 0.034 0.026 0.915 9228.9 3.8899 15.016506 0.80254 15.327444 14.524904 "" "" 1852.05957 2066.90479 18550.01633 6.5732 10103.0 20.621 12280.0 25.998 "" "" 0.002782050886218248 0.0035631475 0.0044234996 0.007986647 81.62761439933 34.64651153932 1953.60864 -0.06700000000000006 -2.3249999999999993 1.0
81.91953907484 34.78116638772 0.0275 0.0223 17.2252 "" "" 182859783115120256 2112.67139 0.4305 0.0301 -0.091 -2.135 0.034 0.028 0.946 8146.0 4.1831 15.019943 0.899017 15.37904 14.480022 "" "" 1996.73218 2252.7356 18491.38863 6.473 9633.9 20.545 12798.0 18.477 "" "" 0.0027814098010884728 0.0036257664 0.0040915585 0.007717325 81.91953907484 34.78116638772 2112.67139 -0.091 -2.135 0.9
82.15158421945 34.80123349189 0.028 0.0213 20.6463 "" "" 182674790283918976 2076.27002 0.4463 0.035 0.048 -2.339 0.036 0.025 1.06 7018.8 3.9611 15.05766 1.19526 15.568117 14.372857 "" "" 1959.23718 2216.25171 17860.04809 5.4533 8094.1 16.382 14126.0 17.135 "" "" 0.002775191980781365 0.0035516075 0.00400228 0.0075538876 82.15158421945 34.80123349189 2076.27002 0.04799999999999993 -2.339 0.9
81.87593772656 34.54468757218 0.0257 0.0203 5.0313 "" "" 182641873654604672 1898.7124 0.487 0.03 -0.014 -2.28 0.032 0.025 1.025 7344.6 3.7463 15.06354 1.414762 15.694302 14.27954 "" "" 1775.26648 2018.93713 17763.58162 7.9973 7206.0 14.663 15394.0 31.577 "" "" 0.0027983426150217116 0.0035589344 0.0043867747 0.007945709 81.87593772656 34.54468757218 1898.7124 -0.01400000000000004 -2.2800000000000002 0.9
81.88842640371 34.50181817835 0.0256 0.0195 3.4935 "" "" 182641186459839872 1877.97998 0.494 0.0304 0.106 -2.408 0.032 0.023 0.977 7491.2 3.9164 15.085361 1.423133 15.725464 14.302331 "" "" 1779.5863 1979.55957 17410.15498 6.2294 7002.1 16.34 15074.0 23.613 "" "" 0.0027825717559651656 0.003768882 0.0041444376 0.007913319 81.88842640371 34.50181817835 1877.97998 0.106 -2.407999999999999 0.9
81.82648748708 34.67594295505 0.025 0.0198 12.6238 "" "" 182831161452713472 2103.03735 0.4442 0.0286 -0.07 -2.376 0.031 0.023 0.987 "" "" 15.096641 1.037705 15.517324 14.479619 "" "" 1976.50256 2236.5061 17230.20712 10.651 8481.8 31.366 12803.0 23.036 "" "" 0.0028358845602250563 0.0048893765 0.004254409 0.009143786 81.82648748708 34.67594295505 2103.03735 -0.07000000000000003 -2.376 0.9
81.97080098736 34.46634484645 0.0262 0.0198 1.8712 "" "" 182637509968093824 2023.59229 0.4537 0.0281 -0.075 -2.559 0.033 0.025 0.965 9347.8 3.6312 15.116937 0.969979 15.504018 14.534039 "" "" 1908.01355 2156.66772 16911.10409 5.2136 8586.4 19.836 12177.0 13.153 "" "" 0.002775577634790908 0.0037518349 0.003957157 0.007708992 81.97080098736 34.46634484645 2023.59229 -0.07499999999999993 -2.559 0.9
82.08410223965 34.4837074669 0.0241 0.0191 6.2441 "" "" 182660187395375616 2092.58716 0.4388 0.0267 0.253 -2.393 0.031 0.024 1.006 "" "" 15.148765 0.914831 15.50939 14.594559 "" "" 1971.40259 2196.93262 16422.55728 5.29 8544.0 15.536 11517.0 18.882 "" "" 0.002777427590178044 0.0034179986 0.004177597 0.0075955954 82.08410223965 34.4837074669 2092.58716 0.253 -2.393 0.9
82.09616882007 34.46059578711 0.0249 0.0195 7.1211 "" "" 182659873859460096 1960.47571 0.4742 0.0279 0.241 -2.443 0.032 0.026 0.938 15002.8 4.3479 15.171972 1.227496 15.690603 14.463107 "" "" 1852.43982 2050.90405 16075.25161 5.7784 7230.6 12.875 12999.0 16.753 "" "" 0.0027828234485268856 0.0033945045 0.0040301033 0.007424608 82.09616882007 34.46059578711 1960.47571 0.241 -2.443 0.9
81.87709803174 34.70322320244 0.0278 0.0219 13.0764 "" "" 182854732233191296 1862.37451 0.4976 0.0329 -0.019 -2.34 0.033 0.025 1.004 6731.7 3.974 15.173325 1.487774 15.849216 14.361443 "" "" 1747.6698 1964.92322 16055.23887 6.0304 6247.8 18.682 14275.0 29.902 "" "" 0.0027853357329848927 0.004280778 0.0044109165 0.008691695 81.87709803174 34.70322320244 1862.37451 -0.019000000000000017 -2.34 1.0
81.90376504071 34.35090657081 0.0299 0.0226 9.1144 "" "" 182635001707257984 2092.67358 0.4361 0.0339 0.117 -2.425 0.042 0.03 1.084 "" "" 15.192374 1.092567 15.642005 14.549437 "" "" 1934.60046 2277.83545 15776.006 5.5252 7561.6 13.977 12006.0 19.595 "" "" 0.002781435506607206 0.0034369573 0.004174185 0.0076111425 81.90376504071 34.35090657081 2092.67358 0.11700000000000006 -2.425 0.8
81.89165182166 34.6640980581 0.028 0.0218 10.6219 "" "" 182854422995565184 2075.30298 0.4368 0.0335 -0.124 -2.498 0.033 0.025 1.05 9449.5 3.3885 15.203991 1.070415 15.641142 14.570727 "" "" 1944.75208 2223.99097 15608.10551 5.9241 7567.6 18.387 11772.0 18.128 "" "" 0.0027859668036801337 0.0038398127 0.004132693 0.007972506 81.89165182166 34.6640980581 2075.30298 -0.12399999999999997 -2.498 1.0
82.02991059076 34.35792971108 0.0338 0.026 8.9967 "" "" 182635620182509312 1693.69373 0.5611 0.0391 0.251 -2.651 0.045 0.034 1.362 10418.6 4.0851 15.249043 0.946311 15.549994 14.603683 "" "" 1598.7196 1811.07983 14973.70272 6.5115 8230.4 55.19 11420.0 123.7 "" "" 0.002795480470092884 0.0077968803 0.012352912 0.020149792 82.02991059076 34.35792971108 1693.69373 0.2509999999999999 -2.6509999999999994 0.8
82.01909911901 34.36403240609 0.0267 0.0205 8.4574 "" "" 182635688901986944 1999.64954 0.476 0.0304 0.226 -2.385 0.035 0.026 0.979 6794.2 3.5809 15.264886 1.297905 15.832453 14.534548 "" "" 1863.37341 2148.17773 14756.80427 5.0921 6345.1 14.509 12171.0 22.626 "" "" 0.0027806751151231456 0.003734812 0.0042845816 0.008019393 82.01909911901 34.36403240609 1999.64954 0.2260000000000001 -2.385 1.0
81.92892978897 34.29400480978 0.0283 0.0203 12.2028 "" "" 182633730396951680 2023.16602 0.4546 0.0319 -0.012 -2.423 0.039 0.026 0.998 9083.5 4.1814 15.269416 0.986177 15.67208 14.685904 "" "" 1890.22144 2162.2334 14695.36133 5.0164 7355.0 13.595 10588.0 14.973 "" "" 0.0027801354665161933 0.003436947 0.0040793573 0.007516304 81.92892978897 34.29400480978 2023.16602 -0.012000000000000066 -2.423 1.0
81.94119499977 34.58576470608 0.0269 0.0208 5.4612 "" "" 182665478794854400 2011.81775 0.4614 0.0316 0.055 -2.121 0.033 0.025 0.996 7990.7 4.2863 15.282537 0.944204 15.659121 14.714916 "" "" 1893.94946 2164.80249 14518.85156 5.099 7443.4 30.937 10308.0 27.926 "" "" 0.002781579757585284 0.005305564 0.0047891275 0.010094691 81.94119499977 34.58576470608 2011.81775 0.05499999999999998 -2.121 0.9
82.0930289394 34.73532634408 0.0316 0.024 15.8231 "" "" 182668326354659584 2026.05078 0.4595 0.0387 0.133 -2.269 0.038 0.029 0.898 8000.7 3.8122 15.291423 1.261148 15.836963 14.575815 "" "" 1890.53455 2164.95752 14400.50559 5.6079 6318.8 15.865 11717.0 15.091 "" "" 0.002787572240389585 0.0039008025 0.004029789 0.007930592 82.0930289394 34.73532634408 2026.05078 0.133 -2.2689999999999992 0.9
81.99261887211 34.36003046769 0.0287 0.0215 8.3228 "" "" 182635787681942528 1867.07202 0.4898 0.0331 0.085 -2.184 0.042 0.03 1.02 "" "" 15.305849 0.942049 15.686072 14.744023 "" "" 1733.30945 1964.99841 14210.42215 6.777 7260.9 15.85 10036.0 19.765 "" "" 0.0028035508352418233 0.0036609191 0.0043423357 0.008003255 81.99261887211 34.36003046769 1867.07202 0.08500000000000006 -2.184 0.9
82.02776565734 34.42044637488 0.028 0.0214 5.6714 "" "" 182636406158128768 2025.9491 0.4583 0.0308 0.072 -2.691 0.036 0.027 1.055 5594.7 3.5691 15.308082 1.505674 15.989348 14.483674 "" "" 1923.74695 2155.03906 14181.23777 16.133 5491.3 44.77 12755.0 75.406 "" "" 0.0030195072417493274 0.009281223 0.0074487543 0.016729977 82.02776565734 34.42044637488 2025.9491 0.0719999999999999 -2.691 0.8
82.06876178474 34.33184147111 0.0284 0.0219 11.2501 "" "" 182623628633817344 1951.08545 0.4822 0.0324 0.24 -2.278 0.038 0.028 1.113 7227.2 3.8436 15.332022 1.02656 15.748435 14.721875 "" "" 1831.19592 2066.46606 13871.96531 5.184 6855.6 19.337 10243.0 18.987 "" "" 0.0027850344664520437 0.0041428977 0.004281847 0.008424744 82.06876178474 34.33184147111 1951.08545 0.24000000000000005 -2.278 1.0
82.11899245578 34.4940970459 0.0296 0.0226 7.9269 "" "" 182660530992747776 1791.37 0.523 0.0341 0.217 -1.831 0.037 0.028 1.058 7982.2 4.1055 15.341401 0.941897 15.720499 14.778602 "" "" 1698.50757 1913.38245 13752.65255 5.2948 7034.2 18.542 9721.1 10.897 "" "" 0.002786848098052696 0.0039969943 0.003970515 0.007967509 82.11899245578 34.4940970459 1791.37 0.21699999999999992 -1.831 0.8
81.88636097667 34.5735690097 0.0286 0.0223 5.8743 "" "" 182829580904781568 1982.01111 0.4611 0.0338 0.059 -2.23 0.035 0.026 0.984 7937.0 3.6072 15.36163 1.050934 15.796353 14.74542 "" "" 1884.81067 2132.76416 13498.77691 5.3594 6559.6 19.667 10023.0 17.586 "" "" 0.002788836536259996 0.004287393 0.0042323433 0.008519736 81.88636097667 34.5735690097 1982.01111 0.05899999999999998 -2.229999999999999 0.8
82.07418840889 34.79786261386 0.0341 0.0261 18.9936 "" "" 182862046558196352 1916.05139 0.4992 0.042 0.048 -2.527 0.041 0.032 1.048 8058.4 3.7735 15.376189 1.343169 15.965707 14.622538 "" "" 1771.26221 2066.22388 13318.98567 6.4204 5612.2 9.3029 11224.0 19.28 "" "" 0.002804587964822299 0.0033202574 0.0042145024 0.00753476 82.07418840889 34.79786261386 1916.05139 0.04800000000000004 -2.527 0.8
82.02319586653 34.53686120826 0.0416 0.0324 4.0256 "" "" 182664203185746688 1955.75366 0.47 0.0465 0.152 -2.122 0.051 0.04 1.54 8864.0 3.4886 15.40362 1.152206 15.8763 14.724093 "" "" 1815.81604 2128.47876 12986.6974 6.1783 6093.9 18.138 10222.0 13.45 "" "" 0.0028033179322690983 0.0042694644 0.0040403744 0.008309839 82.02319586653 34.53686120826 1955.75366 0.15199999999999994 -2.122 1.0
81.77696950219 34.3026809181 0.0294 0.0218 14.6747 "" "" 182631737532173696 1943.11096 0.4732 0.0329 0.052 -2.432 0.038 0.027 1.032 6852.1 4.029 15.422818 1.074596 15.870582 14.795985 "" "" 1841.85547 2065.41577 12759.07995 4.2947 6126.1 16.365 9566.7 14.227 "" "" 0.0027794512334405313 0.0040245876 0.0041098404 0.008134428 81.77696950219 34.3026809181 1943.11096 0.0520000000000001 -2.4320000000000004 1.0
81.95646950386 34.52906731156 0.0391 0.0298 1.9934 "" "" 182640941642861440 1917.59827 0.4975 0.0481 0.073 -2.518 0.051 0.036 1.227 "" "" 15.431491 1.145902 15.905013 14.759111 "" "" 1761.24158 2167.74658 12657.57305 5.1195 5934.9 18.769 9897.2 29.967 "" "" 0.002790095327958799 0.00442434 0.0050090775 0.009433418 81.95646950386 34.52906731156 1917.59827 0.07300000000000009 -2.5180000000000002 0.9
81.91177251116 34.53811732517 0.0302 0.0234 3.4354 "" "" 182641633136434944 1936.15051 0.4807 0.0363 -0.088 -2.446 0.036 0.027 0.955 9208.2 4.1734 15.431587 1.026272 15.8529 14.826628 "" "" 1792.12537 2088.43213 12656.44319 4.9221 6226.7 20.016 9300.5 22.774 "" "" 0.0027874861518809293 0.004468352 0.004620825 0.0090891775 81.91177251116 34.53811732517 1936.15051 -0.0880000000000001 -2.446 1.0
81.80535627125 34.46448961992 0.0376 0.0265 7.8153 "" "" 182639708991100288 1655.83093 0.5781 0.0439 -0.191 -2.081 0.048 0.03 1.168 7473.7 4.0006 15.447801 1.035085 15.868126 14.833041 "" "" 1550.50549 1789.15601 12468.84737 5.0401 6140.0 14.919 9245.7 22.399 "" "" 0.0027900532976765846 0.0038398905 0.0046046125 0.008444503 81.80535627125 34.46448961992 1655.83093 -0.19099999999999995 -2.081 0.8
81.84317945554 34.33895423231 0.031 0.0231 11.0167 "" "" 182637716126611712 1981.91919 0.4727 0.0336 -0.012 -2.505 0.04 0.028 0.997 9287.5 4.1368 15.449883 1.18758 15.954506 14.766926 "" "" 1853.02417 2099.87866 12444.95209 4.9454 5670.4 17.617 9826.3 17.564 "" "" 0.0027888958875034796 0.0043776194 0.004248533 0.008626152 81.84317945554 34.33895423231 1981.91919 -0.01200000000000001 -2.505 1.0
81.76644595626 34.27850590027 0.035 0.0249 16.1479 "" "" 182631256496437248 2000.51758 0.4586 0.0386 -0.027 -2.546 0.049 0.033 1.097 6742.3 4.2296 15.457788 1.196304 15.974969 14.778665 "" "" 1870.22632 2185.18481 12354.68281 9.725 5564.5 25.67 9720.6 25.227 "" "" 0.0028848216480996387 0.0057334118 0.004714153 0.010447565 81.76644595626 34.27850590027 2000.51758 -0.026999999999999996 -2.5460000000000007 1.0
81.94021915581 34.37141553527 0.0329 0.0246 7.5246 "" "" 182635173505931776 1672.7511 0.5606 0.0363 0.237 -2.343 0.047 0.034 1.063 "" "" 15.489586 1.893459 16.413116 14.519657 "" "" 1583.92676 1769.88428 11998.09694 20.216 3716.8 24.196 12339.0 56.905 "" "" 0.0033073358330936637 0.0075988267 0.006273417 0.013872243 81.94021915581 34.37141553527 1672.7511 0.23700000000000007 -2.343 0.8
81.98496233723 34.42544916345 0.0368 0.0274 4.4218 "" "" 182636822768828160 1820.74597 0.5226 0.0369 0.086 -2.34 0.044 0.033 1.096 "" "" 15.517212 1.530197 16.05491 14.524714 "" "" 1691.93225 1943.08594 11696.66781 9.0718 5169.5 133.38 12282.0 348.9 "" "" 0.002881127483027397 0.02815205 0.03107366 0.05922571 81.98496233723 34.42544916345 1820.74597 0.08599999999999994 -2.34 1.0
81.99228419259 34.74149460461 0.0328 0.0252 14.8289 "" "" 182855866104483968 2112.20435 0.4297 0.0382 -0.061 -2.388 0.042 0.03 1.058 8072.8 4.2786 15.520009 1.093751 15.97811 14.884359 "" "" 1967.5387 2259.44873 11666.56645 4.3245 5548.5 16.577 8818.9 15.22 "" "" 0.0027845572916624746 0.0042787045 0.004218397 0.008497102 81.99228419259 34.74149460461 2112.20435 -0.06100000000000011 -2.387999999999999 1.0
81.95316694844 34.60781054885 0.0318 0.0247 6.7205 "" "" 182665581874066560 1821.36523 0.5094 0.0391 -0.164 -2.323 0.038 0.029 0.988 6852.4 3.9589 15.537377 1.344069 16.13485 14.790781 "" "" 1683.76428 1933.01782 11481.42357 4.9446 4802.6 14.803 9612.7 14.155 "" "" 0.0027947136355821293 0.0043571163 0.0041036354 0.008460752 81.95316694844 34.60781054885 1821.36523 -0.16400000000000017 -2.3229999999999995 1.0
81.92157200807 34.72173876649 0.0332 0.0265 13.6742 "" "" 182855041467472000 2195.97583 0.4315 0.0397 0.023 -2.349 0.04 0.032 1.012 6745.9 4.1682 15.563584 1.454213 16.212252 14.758038 "" "" 2006.25525 2397.48413 11207.6103 11.571 4472.2 20.955 9907.0 34.753 "" "" 0.002974608339972687 0.005802247 0.005365609 0.011167856 81.92157200807 34.72173876649 2195.97583 0.023000000000000048 -2.349 0.9
82.05382424836 34.48863761709 0.0319 0.0245 4.7238 "" "" 182660874590149760 2179.78418 0.4282 0.0354 0.167 -2.323 0.043 0.032 1.047 "" "" 15.564844 1.219614 16.086061 14.866447 "" "" 2002.51575 2354.95117 11194.61634 5.2565 5023.3 12.557 8965.6 19.303 "" "" 0.0028020884531517673 0.0038924573 0.004443882 0.008336339 82.05382424836 34.48863761709 2179.78418 0.16700000000000007 -2.322999999999999 0.9
81.90853348605 34.3163708001 0.0346 0.0253 11.0541 "" "" 182634555030670080 1801.2583 0.521 0.0385 0.008 -2.409 0.045 0.032 0.868 7181.8 3.8983 15.57092 1.566489 16.291988 14.725499 "" "" 1679.78247 1918.052 11132.13792 8.1067 4155.5 14.591 10208.0 41.269 "" "" 0.0028665192715951163 0.004724258 0.0057923035 0.010516562 81.90853348605 34.3163708001 1801.2583 0.008000000000000063 -2.409 0.8
81.79923230985 34.37640047676 0.0346 0.0251 10.6623 "" "" 182638059723993984 1813.4364 0.5209 0.0393 0.12 -2.337 0.045 0.029 1.031 6064.8 4.0928 15.575986 1.198307 16.089424 14.891117 "" "" 1683.65869 1940.77271 11080.32144 4.5345 5007.8 15.713 8764.2 16.921 "" "" 0.0027909164555423296 0.0044034976 0.004321792 0.008725289 81.79923230985 34.37640047676 1813.4364 0.11999999999999994 -2.3369999999999997 0.9
81.92416724518 34.41986455193 0.0349 0.0261 4.8714 "" "" 182636925852575616 2073.47803 0.4467 0.0398 -0.12 -2.121 0.049 0.034 1.13 8602.1 3.0238 15.576572 1.24009 16.099361 14.859271 "" "" 1940.40063 2268.6521 11074.34244 4.087 4962.2 14.934 9025.1 19.759 "" "" 0.002784303093980383 0.0042967573 0.004464758 0.008761516 81.92416724518 34.41986455193 2073.47803 -0.11999999999999986 -2.1210000000000004 1.0
82.02765319781 34.4264218593 0.0343 0.0259 5.386 "" "" 182636406160991616 1812.4657 0.5175 0.0371 0.127 -2.277 0.044 0.033 0.95 6028.1 3.859 15.65844 1.48889 16.256052 14.767162 "" "" 1696.5592 1945.52576 10270.00677 24.704 4295.3 160.52 9824.1 118.87 "" "" 0.003796404913964988 0.040670957 0.013670061 0.05434102 82.02765319781 34.4264218593 1812.4657 0.12700000000000006 -2.277 0.8
