Clusters/Stock_8/Stock_8_stars_in_region.tsv
# %ECSV 1.0
# ---
# datatype:
# - name: RA_ICRS_1
#   unit: deg
#   datatype: float64
#   format: '{:15.11f}'
#   description: Right ascension (ICRS) at Ep=2016.0 (ra)
#   meta: !!omap
#   - {ucd: POS_EQ_RA_MAIN}
#   - {width: 15}
#   - {precision: '11'}
# - name: DE_ICRS_1
#   unit: deg
#   datatype: float64
#   format: '{:15.11f}'
#   description: Declination (ICRS) at Ep=2016.0 (dec)
#   meta: !!omap
#   - {ucd: POS_EQ_DEC_MAIN}
#   - {width: 15}
#   - {precision: '11'}
# - name: e_RA_ICRS
#   unit: mas
#   datatype: float64
#   format: '{:7.4f}'
#   description: Standard error of right ascension (ra_error)
#   meta: !!omap
#   - {ucd: ERROR}
#   - {width: 7}
#   - {precision: '4'}
# - name: e_DE_ICRS
#   unit: mas
#   datatype: float64
#   format: '{:7.4f}'
#   description: Standard error of declination (dec_error)
#   meta: !!omap
#   - {ucd: ERROR}
#   - {width: 7}
#   - {precision: '4'}
# - name: _r_1
#   unit: ''
#   datatype: float64
#   format: '{:7.4f}'
#   description: Distance from center (081.95870861000+34.49589488000)[ICRS], at Epoch=J2016.0
#   meta: !!omap
#   - {ucd: POS_ANG_DIST_GENERAL}
#   - {width: 7}
#   - {precision: '4'}
# - name: HIP
#   datatype: int32
#   description: '? HIP cross-id number, van Leeuwen, Cat. I/311 (hip_original_ext_source_id)'
#   meta: !!omap
#   - {ucd: ID_NUMBER}
#   - {width: 6}
#   - values: {'null': -2147483648}
# - name: TYC2
#   datatype: string
#   description: Tycho-2 cross-id name, Hog et al., Cat. I/259 (tyc2_original_ext_source_id)
#   meta: !!omap
#   - {ucd: ID_CROSSID}
#   - {_votable_string_dtype: char}
# - name: Source
#   datatype: int64
#   description: Source identifier, identical to the Gaia-EDR3 source_id (id)
#   meta: !!omap
#   - {ucd: ID_MAIN}
#   - {width: 19}
# - name: rgeo
#   unit: pc
#   datatype: float64
#   format: '{:15.8f}'
#   description: '? Median of the geometric distance posterior (r_med_geo)'
#   meta: !!omap
#   - {ucd: PHYS_DISTANCE_TRUE}
#   - {width: 15}
#   - {precision: '8'}
#   - values: {'null': .nan}
# - name: Plx
#   unit: mas
#   datatype: float64
#   format: '{:9.4f}'
#   description: '? Parallax (parallax)'
#   meta: !!omap
#   - {ucd: POS_PARLX_TRIG}
#   - {width: 9}
#   - {precision: '4'}
#   - values: {'null': .nan}
# - name: e_Plx
#   unit: mas
#   datatype: float32
#   format: '{:7.4f}'
#   description: '? Standard error of parallax (parallax_error)'
#   meta: !!omap
#   - {ucd: ERROR}
#   - {width: 7}
#   - {precision: '4'}
#   - values: {'null': .nan}
# - name: pmRA
#   unit: mas / yr
#   datatype: float64
#   format: '{:9.3f}'
#   description: '? Proper motion in right ascension direction, pmRA*cosDE (pmra)'
#   meta: !!omap
#   - {ucd: POS_EQ_PMRA}
#   - {width: 9}
#   - {precision: '3'}
#   - values: {'null': .nan}
# - name: pmDE
#   unit: mas / yr
#   datatype: float64
#   format: '{:9.3f}'
#   description: '? Proper motion in declination direction (pmdec)'
#   meta: !!omap
#   - {ucd: POS_EQ_PMDEC}
#   - {width: 9}
#   - {precision: '3'}
#   - values: {'null': .nan}
# - name: e_pmRA
#   unit: mas / yr
#   datatype: float32
#   format: '{:6.3f}'
#   description: '? Standard error of proper motion in right ascension direction (pmra_error)'
#   meta: !!omap
#   - {ucd: ERROR}
#   - {width: 6}
#   - {precision: '3'}
#   - values: {'null': .nan}
# - name: e_pmDE
[...]
#         value: !astropy.table.SerializedColumn {name: SkyCoord.dec}
#       distance: !astropy.table.SerializedColumn
#         __class__: astropy.coordinates.distances.Distance
#         unit: !astropy.units.Unit {unit: pc}
#         value: !astropy.table.SerializedColumn {name: SkyCoord.distance}
#       frame: icrs
#       obstime: !astropy.time.Time {format: jyear_str, in_subfmt: '*', jd1: 367701545.0, jd2: 0.0, out_subfmt: '*', precision: 3, scale: tt}
#       pm_dec: !astropy.table.SerializedColumn
#         __class__: astropy.units.quantity.Quantity
#         unit: !astropy.units.Unit {unit: mas / yr}
#         value: !astropy.table.SerializedColumn {name: SkyCoord.pm_dec}
#       pm_ra_cosdec: !astropy.table.SerializedColumn
#         __class__: astropy.units.quantity.Quantity
#         unit: !astropy.units.Unit {unit: mas / yr}
#         value: !astropy.table.SerializedColumn {name: SkyCoord.pm_ra_cosdec}
#       ra: !astropy.table.SerializedColumn
#         __class__: astropy.coordinates.angles.Longitude
#         unit: *id001
#         value: !astropy.table.SerializedColumn {name: SkyCoord.ra}
#         wrap_angle: !astropy.coordinates.Angle
#           unit: *id001
#           value: 360.0
#       representation_type: spherical
# schema: astropy-2.0
RA_ICRS_1 DE_ICRS_1 e_RA_ICRS e_DE_ICRS _r_1 HIP TYC2 Source rgeo Plx e_Plx pmRA pmDE e_pmRA e_pmDE RUWE Teff logg Gmag BP-RP BPmag RPmag RV e_RV b_rgeo B_rgeo FG e_FG FBP e_FBP FRP e_FRP RAVE5 RAVE6 e_Gmag e_BPmag e_RPmag e_BP-RP SkyCoord.ra SkyCoord.dec SkyCoord.distance SkyCoord.pm_ra_cosdec SkyCoord.pm_dec rmRA rmDE e_rmRA e_rmDE rRV e_rRV v_pec v_pec3d e_vpec e_vpec3d
[from data line 1176]
81.8363503681 34.17592619137 0.0664 0.047 20.1325 "" "" 182626892809102464 2172.11108 0.4402 0.0735 -1.045 2.446 0.092 0.061 0.968 5383.2 4.7059 16.919697 1.218752 17.44742 16.228668 "" "" 1852.39624 2569.37891 3214.16658 2.2455 1433.7 13.886 2556.8 9.4043 "" "" 0.002857822111455373 0.010879685 0.0054983445 0.01637803 81.8363503681 34.17592619137 2172.11108 -1.045 2.446 -1.0790809263288974 4.763514419555664 0.20164481 0.1706448 "" "" 50.28685791528842 "" 8.66379647612222 ""
82.0149373852 34.69810776477 0.0694 0.0546 12.4466 "" "" 182855415131947264 1800.31042 0.5407 0.0848 -0.002 -0.196 0.086 0.064 1.061 5106.4 4.751 16.919777 1.334492 17.505108 16.170616 "" "" 1540.17334 2177.9043 3213.92565 2.2689 1359.5 8.8702 2697.2 12.456 "" "" 0.0028599456350901515 0.0076136785 0.006278897 0.013892576 82.0149373852 34.69810776477 1800.31042 -0.0020000000000000226 -0.196 -0.03608092632889748 2.121514419555664 0.1956448 0.17364481 "" "" 18.10650062897112 "" 3.14422235701628 ""
81.57332148569 34.36358060899 0.0672 0.0506 20.6588 "" "" 182819857099079424 1813.35449 0.5428 0.0833 1.179 -3.388 0.09 0.069 0.936 4976.9 4.7805 16.921665 1.270741 17.47006 16.19932 "" "" 1574.28894 2101.71899 3208.34072 2.9448 1404.1 17.823 2626.8 13.027 "" "" 0.0029300006146539947 0.014061438 0.0065784557 0.020639893 81.57332148569 34.36358060899 1813.35449 1.179 -3.388 1.1449190736711026 -1.0704855804443358 0.1996448 0.1786448 "" "" 13.472373202219515 "" 2.5616155402816525 ""
82.18162948449 34.18884938481 0.069 0.0517 21.4793 "" "" 182618302874392064 2389.19165 0.4318 0.0878 -1.288 -1.978 0.085 0.067 1.112 8481.0 4.4916 16.923523 1.460876 17.580717 16.11984 "" "" 1970.70984 3148.97095 3202.85602 2.6996 1268.0 12.003 2826.3 9.7315 "" "" 0.0029033198075687798 0.010649678 0.005315954 0.015965633 82.18162948449 34.18884938481 2389.19165 -1.287999999999999 -1.9779999999999989 -1.3220809263288975 0.3395144195556641 0.19464481 0.1766448 "" "" 15.458072511542579 "" 2.992370066445454 ""
82.42707872153 34.65792423498 0.0753 0.0582 25.0977 "" "" 182657954012243712 1754.43274 0.5841 0.077 -0.091 -1.222 0.103 0.07 1.031 5160.6 4.731 16.924847 1.374033 17.54601 16.171976 "" "" 1510.96619 2095.24878 3198.95473 2.5336 1309.2 16.405 2693.8 14.924 "" "" 0.0028863885545138608 0.013888041 0.0071038986 0.02099194 82.42707872153 34.65792423498 1754.43274 -0.09099999999999994 -1.2219999999999993 -0.12508092632889747 1.095514419555664 0.2126448 0.1796448 "" "" 9.169499120753795 "" 1.6514988084646416 ""
81.73554507549 34.23260668673 0.0667 0.048 19.28 "" "" 182631084697193344 2095.13013 0.4637 0.0731 -2.63 -0.292 0.095 0.063 1.058 5108.0 4.7232 16.925333 1.235527 17.44979 16.214262 "" "" 1766.41467 2460.41895 3197.51921 3.0754 1430.5 10.666 2590.9 19.706 "" "" 0.00294657243318421 0.008562737 0.009081708 0.017644446 81.73554507549 34.23260668673 2095.13013 -2.63 -0.2920000000000002 -2.6640809263288974 2.0255144195556642 0.2046448 0.1726448 "" "" 33.23525769277366 "" 6.43228117228966 ""
82.00759713354 34.8604023814 0.0827 0.061 22.0031 "" "" 182863420947874688 2044.19617 0.4969 0.0853 1.214 -2.782 0.098 0.073 0.995 4889.0 4.3662 16.926727 1.330595 17.49847 16.167875 "" "" 1734.65295 2365.40063 3193.42034 2.7072 1367.8 20.523 2704.0 21.235 "" "" 0.002904990920541383 0.016528018 0.009326555 0.025854573 82.00759713354 34.8604023814 2044.19617 1.213999999999999 -2.782 1.1799190736711025 -0.46448558044433597 0.20764479 0.1826448 "" "" 12.286776978517887 "" 2.51225339365599 ""
81.98782157911 34.33595314907 0.0646 0.0469 9.7041 "" "" 182635551463053696 2117.31909 0.4571 0.073 0.865 -1.594 0.088 0.061 0.942 9675.4 4.3636 16.92688 1.703936 17.732698 16.028763 "" "" 1806.96436 2573.69507 3192.96977 2.7677 1102.4 10.931 3073.6 14.115 "" "" 0.002911616489631649 0.011121456 0.0062565613 0.017378017 81.98782157911 34.33595314907 2117.31909 0.8650000000000002 -1.5940000000000007 0.8309190736711025 0.723514419555664 0.1976448 0.1706448 "" "" 11.057476956985457 "" 2.0620154409556886 ""
82.09078571343 34.82238927253 0.0788 0.0584 20.6457 "" "" 182862390155613696 2353.76099 0.4372 0.0916 -1.424 -2.469 0.093 0.071 1.011 5472.4 4.7025 16.928282 1.377705 17.540773 16.163069 "" "" 1911.66711 3006.79858 3188.84803 2.5851 1315.6 14.47 2716.0 19.057 "" "" 0.0028924890845364406 0.012263404 0.008504105 0.02076751 82.09078571343 34.82238927253 2353.76099 -1.423999999999999 -2.469 -1.4580809263288974 -0.1514855804443358 0.2026448 0.18064481 "" "" 16.35511651913 "" 3.310643498948679 ""
81.81836796043 34.72781693236 0.0643 0.05 15.5455 "" "" 182857889033181312 2080.27173 0.4885 0.08 0.131 -3.14 0.079 0.057 1.013 5154.4 4.7155 16.9302 1.364811 17.514719 16.149908 "" "" 1702.69653 2480.27026 3183.22038 2.9771 1347.5 16.359 2749.1 24.25 "" "" 0.0029364761806774365 0.013473192 0.010296087 0.023769278 81.81836796043 34.72781693236 2080.27173 0.13100000000000012 -3.139999999999998 0.09691907367110253 -0.8224855804443361 0.1886448 0.1666448 "" "" 8.166221593080037 "" 1.3634786895685216 ""
82.19528789656 34.87894198528 0.0764 0.0563 25.7768 "" "" 182676538330816896 2265.80347 0.4528 0.0818 -0.463 -1.952 0.098 0.074 0.969 5205.0 4.7495 16.932106 1.346109 17.538977 16.192867 "" "" 1963.35925 3049.0354 3177.63995 2.7989 1317.7 11.449 2642.5 15.421 "" "" 0.00291656528635927 0.00983753 0.0073776594 0.017215189 82.19528789656 34.87894198528 2265.80347 -0.46299999999999997 -1.952 -0.4970809263288975 0.3655144195556641 0.20764479 0.1836448 "" "" 6.6265342889473935 "" 1.322332628256841 ""
81.85990631554 34.85432633726 0.0733 0.0562 22.0516 "" "" 182861187564835968 1845.95337 0.5329 0.0866 3.642 -4.592 0.093 0.064 1.091 5298.5 4.7066 16.941723 1.476673 17.616282 16.139608 "" "" 1623.74866 2158.53979 3149.61456 2.7136 1227.2 8.8651 2775.3 9.5065 "" "" 0.002909780814086276 0.0083247 0.0053023817 0.013627082 81.85990631554 34.85432633726 1845.95337 3.642000000000001 -4.592 3.6079190736711024 -2.2744855804443356 0.2026448 0.17364481 "" "" 37.31812122081767 "" 7.270951263727708 ""
81.88831098642 34.85969746575 0.0765 0.0619 22.1028 "" "" 182861084485641472 1827.94519 0.5535 0.0928 1.481 -4.004 0.093 0.071 1.073 4708.4 4.3735 16.94366 1.568928 17.616959 16.04803 "" "" 1549.17737 2091.87402 3143.99739 2.7352 1226.4 14.349 3019.6 33.917 "" "" 0.002912728910993507 0.013006031 0.012767496 0.025773525 81.88831098642 34.85969746575 1827.94519 1.4809999999999985 -4.004 1.4469190736711026 -1.6864855804443355 0.2026448 0.18064481 "" "" 19.25345299713968 "" 3.663612627766571 ""
82.37913754705 34.59744387542 0.0749 0.0593 21.6525 "" "" 182656201665617024 1818.10229 0.5223 0.0785 0.222 -2.963 0.091 0.07 0.959 5138.6 4.3833 16.945383 1.378267 17.576511 16.198244 "" "" 1580.25024 2092.38843 3139.01553 2.5345 1273.0 11.883 2629.4 12.838 "" "" 0.002891417223674891 0.010512015 0.0065103965 0.017022412 82.37913754705 34.59744387542 1818.10229 0.2219999999999999 -2.963 0.18791907367110253 -0.645485580444336 0.20064479 0.1796448 "" "" 5.793608704989478 "" 1.0508052494515798 ""
82.12863318251 34.6365192395 0.1286 0.0965 11.9029 "" "" 182666440867701376 2296.24683 0.4408 0.1392 -0.0 -1.618 0.166 0.126 2.327 5370.7 4.7088 16.948122 1.754104 17.695175 15.941071 "" "" 1782.38721 3198.58252 3131.10619 5.6259 1141.2 16.813 3332.2 11.163 "" "" 0.003376019996791812 0.01623739 0.0052453196 0.02148271 82.12863318251 34.6365192395 2296.24683 -1.3877787807814457e-17 -1.618 -0.034080926328897476 0.699514419555664 0.27564478 0.2356448 "" "" 7.622692815956035 "" 1.7970311060856095 ""
81.64415555351 34.36378892115 0.0721 0.0522 17.4687 "" "" 182820505637083520 2409.2876 0.4346 0.088 1.053 -0.728 0.094 0.071 1.033 5259.4 4.7175 16.949532 1.3638 17.565609 16.201809 "" "" 1952.95471 3019.55273 3127.04761 2.6442 1285.8 16.036 2620.8 9.9304 "" "" 0.002904251074134179 0.013825356 0.005586427 0.019411784 81.64415555351 34.36378892115 2409.2876 1.053 -0.728 1.0189190736711025 1.589514419555664 0.2036448 0.18064481 "" "" 21.561633416905302 "" 4.045706662710333 ""
82.06476657964 34.30582705356 0.0691 0.0519 12.5547 "" "" 182623525554614400 1655.0647 0.5961 0.077 -0.357 -3.629 0.095 0.068 1.078 5048.2 4.7472 16.951078 1.302509 17.519081 16.216572 "" "" 1512.45935 1845.39893 3122.59124 2.5741 1342.1 17.711 2585.4 13.203 "" "" 0.002897042792916097 0.014597045 0.0067101545 0.0213072 82.06476657964 34.30582705356 1655.0647 -0.35700000000000004 -3.629 -0.39108092632889746 -1.311485580444336 0.2046448 0.1776448 "" "" 10.736311450711867 "" 1.9325526628616438 ""
81.8869467114 34.11891377444 0.0693 0.0504 22.8968 "" "" 182614622085244544 1845.16479 0.5225 0.0784 2.993 -5.757 0.096 0.061 0.925 5017.0 4.7363 16.952198 1.22076 17.48361 16.26285 "" "" 1600.03491 2075.78442 3119.37485 2.6978 1386.7 9.8579 2477.5 14.244 "" "" 0.0029109300803584043 0.00820722 0.0072972374 0.015504457 81.8869467114 34.11891377444 1845.16479 2.9930000000000003 -5.756999999999996 2.9589190736711024 -3.4394855804443356 0.2056448 0.1706448 "" "" 39.68183179204015 "" 7.394152553077683 ""
81.77420548898 34.71001520178 0.0629 0.0496 15.7505 "" "" 182834421331820288 1866.83069 0.5266 0.0716 2.899 -3.381 0.08 0.057 1.017 5316.3 4.7004 16.954216 1.359985 17.561062 16.201077 "" "" 1618.45496 2228.32642 3113.58016 2.6101 1291.2 10.386 2622.6 11.232 "" "" 0.002901757150707958 0.0091681965 0.0059921504 0.015160346 81.77420548898 34.71001520178 1866.83069 2.899 -3.3809999999999993 2.8649190736711025 -1.0634855804443357 0.1896448 0.1666448 "" "" 27.041323750198902 "" 5.056995651372187 ""
81.97268183466 34.91485970871 0.0766 0.0642 25.1473 "" "" 182866719482973568 2124.74829 0.4497 0.0937 0.258 -3.44 0.099 0.076 1.095 5123.6 4.7438 16.957794 1.337603 17.543419 16.205816 "" "" 1762.6897 2478.23828 3103.34026 2.5914 1312.3 9.2086 2611.2 13.639 "" "" 0.0029006489768129647 0.008113611 0.0068150577 0.014928669 81.97268183466 34.91485970871 2124.74829 0.2579999999999997 -3.44 0.22391907367110253 -1.1224855804443359 0.2086448 0.1856448 "" "" 11.527637536632202 "" 2.1507946956551565 ""
81.51342810067 34.56992803146 0.069 0.0521 22.4531 "" "" 182838407061091968 1840.53809 0.5338 0.077 0.027 -2.014 0.094 0.072 1.08 5198.3 4.7556 16.958302 1.213444 17.490852 16.277409 "" "" 1563.25769 2088.34351 3101.88555 2.5052 1377.4 20.521 2444.5 13.546 "" "" 0.0028914893484767164 0.016414564 0.007105085 0.02351965 81.51342810067 34.56992803146 1840.53809 0.02699999999999997 -2.0139999999999993 -0.0070809263288974765 0.30351441955566427 0.2036448 0.1816448 "" "" 2.6486259907796286 "" 0.48114274740990115 ""
81.72019209086 34.41092940545 0.0771 0.0586 12.8547 "" "" 182820922250881152 2359.81909 0.4225 0.0959 0.644 -3.684 0.096 0.068 1.14 5599.9 4.7183 16.959158 1.313522 17.498325 16.184803 "" "" 1937.72961 2959.35596 3099.44063 3.5056 1368.0 16.49 2662.2 16.851 "" "" 0.0030165887865551077 0.013381681 0.007843073 0.021224756 81.72019209086 34.41092940545 2359.81909 0.6439999999999997 -3.684 0.6099190736711025 -1.366485580444336 0.2056448 0.1776448 "" "" 16.738311726693752 "" 3.056314373893312 ""
81.70589308688 34.27977100295 0.0727 0.0517 18.0236 "" "" 182631428294564736 1995.39783 0.518 0.0854 -1.08 -4.55 0.101 0.066 1.038 5270.7 4.7485 16.961351 1.213337 17.486374 16.273037 "" "" 1647.6366 2376.59668 3093.18715 2.5666 1383.1 17.795 2454.4 11.17 "" "" 0.0028988634181297303 0.014245036 0.0062208646 0.020465901 81.70589308688 34.27977100295 1995.39783 -1.08 -4.549999999999999 -1.1140809263288975 -2.2324855804443358 0.21064481 0.1756448 "" "" 23.598444737635063 "" 4.322237076841277 ""
81.98642970664 34.57570011212 0.066 0.0517 4.9805 "" "" 182665306996159872 2350.5708 0.4024 0.0783 0.358 -2.271 0.08 0.059 1.031 5455.4 4.6797 16.964293 1.377546 17.580664 16.203117 "" "" 2013.33386 2928.62549 3084.81957 2.402 1268.1 10.044 2617.6 12.763 "" "" 0.0028821013181556045 0.009040902 0.0065045254 0.015545428 81.98642970664 34.57570011212 2350.5708 0.358 -2.271 0.3239190736711025 0.046514419555664155 0.1896448 0.1686448 "" "" 3.646031143497629 "" 0.6899879901288845 ""
81.85220726328 34.70641649182 0.0693 0.0532 13.6827 "" "" 182854762296930304 1726.21179 0.5506 0.0804 -0.002 -2.198 0.079 0.06 0.999 5366.4 4.664 16.966974 1.696178 17.767256 16.071077 "" "" 1535.52014 1965.31018 3077.21122 6.0118 1067.9 16.79 2956.2 20.218 "" "" 0.0034772214734754827 0.017296953 0.008332019 0.025628973 81.85220726328 34.70641649182 1726.21179 -0.0020000000000001683 -2.198 -0.03608092632889748 0.11951441955566411 0.1886448 0.1696448 "" "" 1.0214878471095383 "" 0.17499365342352163 ""
81.54043280873 34.71791892021 0.0605 0.0466 24.5792 "" "" 182846314097433216 1893.85974 0.5137 0.0677 0.2 -1.663 0.08 0.06 0.999 "" "" 16.967505 1.66951 17.762802 16.093292 "" "" 1670.16589 2164.14038 3075.70511 4.6709 1072.2 10.592 2896.3 12.562 "" "" 0.003210994146154844 0.011082696 0.0060381717 0.017120868 81.54043280873 34.71791892021 1893.85974 0.2 -1.663 0.16591907367110253 0.654514419555664 0.1896448 0.1696448 "" "" 6.061354001402407 "" 1.035999591252459 ""
81.71633193178 34.24479438751 0.0714 0.0551 19.2632 "" "" 182629671649255168 1688.19226 0.5701 0.0861 3.164 0.906 0.099 0.072 1.054 4929.4 4.7229 16.968319 1.201761 17.484068 16.282307 "" "" 1487.96057 1940.50513 3073.40142 2.8253 1386.1 11.484 2433.5 10.821 "" "" 0.0029305242728468617 0.009418237 0.006131278 0.015549514 81.71633193178 34.24479438751 1688.19226 3.164 0.906 3.1299190736711027 3.223514419555664 0.2086448 0.1816448 "" "" 35.95347364220032 "" 7.018624570073466 ""
82.2597416657 34.28117378621 0.0663 0.0518 19.7014 "" "" 182642487833500544 1799.28455 0.5561 0.0806 1.791 -0.06 0.078 0.06 1.071 5303.8 4.7015 16.971178 1.476219 17.643425 16.167206 "" "" 1580.18286 2095.85034 3065.31604 2.7381 1196.9 12.232 2705.7 8.5023 "" "" 0.0029210223304890863 0.011441365 0.005091559 0.016532924 82.2597416657 34.28117378621 1799.28455 1.7909999999999993 -0.060000000000000026 1.7569190736711024 2.257514419555664 0.18764481 0.1696448 "" "" 24.397092713855084 "" 4.3097504643933595 ""
82.07512177845 34.90571132487 0.0747 0.0553 25.2506 "" "" 182863940642885632 1904.09143 0.5458 0.0834 0.448 -2.96 0.092 0.067 0.939 6033.9 4.4908 16.976639 1.480799 17.65861 16.17781 "" "" 1654.70923 2216.19922 3049.94217 2.4636 1180.2 13.669 2679.4 10.471 "" "" 0.0028915272804531304 0.012880754 0.005682159 0.018562913 82.07512177845 34.90571132487 1904.09143 0.4480000000000003 -2.9600000000000017 0.41391907367110253 -0.6424855804443359 0.20164481 0.1766448 "" "" 6.897885151661737 "" 1.2714828463891796 ""
82.3034721419 34.28191401899 0.0684 0.0536 21.3596 "" "" 182642629569080960 1677.63672 0.5869 0.0802 2.555 -1.238 0.085 0.066 1.022 5143.5 4.7312 16.979462 1.27107 17.532001 16.260931 "" "" 1481.05542 1949.5304 3042.02001 2.9712 1326.2 8.8745 2481.9 13.996 "" "" 0.002952348884106319 0.0077827373 0.0071952315 0.014977969 82.3034721419 34.28191401899 1677.63672 2.5549999999999984 -1.238 2.5209190736711027 1.079514419555664 0.19464481 0.1756448 "" "" 21.80701808590739 "" 4.183106000117979 ""
82.01932792067 34.70034510749 0.0658 0.0516 12.6271 "" "" 182855415131955456 1812.45959 0.5764 0.0808 0.053 -2.353 0.082 0.06 0.927 4774.7 4.3317 16.980995 1.677797 17.785442 16.107645 "" "" 1542.61548 2058.302 3037.72549 8.3826 1050.1 11.778 2858.2 21.06 "" "" 0.004070421388413127 0.012493253 0.00884781 0.021341063 82.01932792067 34.70034510749 1812.45959 0.052999999999999964 -2.3529999999999998 0.018919073671102522 -0.03548558044433614 0.1916448 0.1696448 "" "" 0.3454799672523965 "" 0.06037365056583955 ""
