Clusters/Stock_8/Stock_8_stars_in_region.tsv
# %ECSV 1.0
# ---
# datatype:
# - name: RA_ICRS_1
#   unit: deg
#   datatype: float64
#   format: '{:15.11f}'
#   description: Right ascension (ICRS) at Ep=2016.0 (ra)
#   meta: !!omap
#   - {ucd: POS_EQ_RA_MAIN}
#   - {width: 15}
#   - {precision: '11'}
# - name: DE_ICRS_1
#   unit: deg
#   datatype: float64
#   format: '{:15.11f}'
#   description: Declination (ICRS) at Ep=2016.0 (dec)
#   meta: !!omap
#   - {ucd: POS_EQ_DEC_MAIN}
#   - {width: 15}
#   - {precision: '11'}
# - name: e_RA_ICRS
#   unit: mas
#   datatype: float64
#   format: '{:7.4f}'
#   description: Standard error of right ascension (ra_error)
#   meta: !!omap
#   - {ucd: ERROR}
#   - {width: 7}
#   - {precision: '4'}
# - name: e_DE_ICRS
#   unit: mas
#   datatype: float64
#   format: '{:7.4f}'
#   description: Standard error of declination (dec_error)
#   meta: !!omap
#   - {ucd: ERROR}
#   - {width: 7}
#   - {precision: '4'}
# - name: _r_1
#   unit: ''
#   datatype: float64
#   format: '{:7.4f}'
#   description: Distance from center (081.95870861000+34.49589488000)[ICRS], at Epoch=J2016.0
#   meta: !!omap
#   - {ucd: POS_ANG_DIST_GENERAL}
#   - {width: 7}
#   - {precision: '4'}
# - name: HIP
#   datatype: int32
#   description: '? HIP cross-id number, van Leeuwen, Cat. I/311 (hip_original_ext_source_id)'
#   meta: !!omap
#   - {ucd: ID_NUMBER}
#   - {width: 6}
#   - values: {'null': -2147483648}
# - name: TYC2
#   datatype: string
#   description: Tycho-2 cross-id name, Hog et al., Cat. I/259 (tyc2_original_ext_source_id)
#   meta: !!omap
#   - {ucd: ID_CROSSID}
#   - {_votable_string_dtype: char}
# - name: Source
#   datatype: int64
#   description: Source identifier, identical to the Gaia-EDR3 source_id (id)
#   meta: !!omap
#   - {ucd: ID_MAIN}
#   - {width: 19}
# - name: rgeo
#   unit: pc
#   datatype: float64
#   format: '{:15.8f}'
#   description: '? Median of the geometric distance posterior (r_med_geo)'
#   meta: !!omap
#   - {ucd: PHYS_DISTANCE_TRUE}
#   - {width: 15}
#   - {precision: '8'}
#   - values: {'null': .nan}
# - name: Plx
#   unit: mas
#   datatype: float64
#   format: '{:9.4f}'
#   description: '? Parallax (parallax)'
#   meta: !!omap
#   - {ucd: POS_PARLX_TRIG}
#   - {width: 9}
#   - {precision: '4'}
#   - values: {'null': .nan}
# - name: e_Plx
#   unit: mas
#   datatype: float32
#   format: '{:7.4f}'
#   description: '? Standard error of parallax (parallax_error)'
#   meta: !!omap
#   - {ucd: ERROR}
#   - {width: 7}
#   - {precision: '4'}
#   - values: {'null': .nan}
# - name: pmRA
#   unit: mas / yr
#   datatype: float64
#   format: '{:9.3f}'
#   description: '? Proper motion in right ascension direction, pmRA*cosDE (pmra)'
#   meta: !!omap
#   - {ucd: POS_EQ_PMRA}
#   - {width: 9}
#   - {precision: '3'}
#   - values: {'null': .nan}
# - name: pmDE
#   unit: mas / yr
#   datatype: float64
#   format: '{:9.3f}'
#   description: '? Proper motion in declination direction (pmdec)'
#   meta: !!omap
#   - {ucd: POS_EQ_PMDEC}
#   - {width: 9}
#   - {precision: '3'}
#   - values: {'null': .nan}
# - name: e_pmRA
#   unit: mas / yr
#   datatype: float32
#   format: '{:6.3f}'
#   description: '? Standard error of proper motion in right ascension direction (pmra_error)'
#   meta: !!omap
#   - {ucd: ERROR}
#   - {width: 6}
#   - {precision: '3'}
#   - values: {'null': .nan}
# - name: e_pmDE
[...]
#         value: !astropy.table.SerializedColumn {name: SkyCoord.dec}
#       distance: !astropy.table.SerializedColumn
#         __class__: astropy.coordinates.distances.Distance
#         unit: !astropy.units.Unit {unit: pc}
#         value: !astropy.table.SerializedColumn {name: SkyCoord.distance}
#       frame: icrs
#       obstime: !astropy.time.Time {format: jyear_str, in_subfmt: '*', jd1: 367701545.0, jd2: 0.0, out_subfmt: '*', precision: 3, scale: tt}
#       pm_dec: !astropy.table.SerializedColumn
#         __class__: astropy.units.quantity.Quantity
#         unit: !astropy.units.Unit {unit: mas / yr}
#         value: !astropy.table.SerializedColumn {name: SkyCoord.pm_dec}
#       pm_ra_cosdec: !astropy.table.SerializedColumn
#         __class__: astropy.units.quantity.Quantity
#         unit: !astropy.units.Unit {unit: mas / yr}
#         value: !astropy.table.SerializedColumn {name: SkyCoord.pm_ra_cosdec}
#       ra: !astropy.table.SerializedColumn
#         __class__: astropy.coordinates.angles.Longitude
#         unit: *id001
#         value: !astropy.table.SerializedColumn {name: SkyCoord.ra}
#         wrap_angle: !astropy.coordinates.Angle
#           unit: *id001
#           value: 360.0
#       representation_type: spherical
# schema: astropy-2.0
RA_ICRS_1 DE_ICRS_1 e_RA_ICRS e_DE_ICRS _r_1 HIP TYC2 Source rgeo Plx e_Plx pmRA pmDE e_pmRA e_pmDE RUWE Teff logg Gmag BP-RP BPmag RPmag RV e_RV b_rgeo B_rgeo FG e_FG FBP e_FBP FRP e_FRP RAVE5 RAVE6 e_Gmag e_BPmag e_RPmag e_BP-RP SkyCoord.ra SkyCoord.dec SkyCoord.distance SkyCoord.pm_ra_cosdec SkyCoord.pm_dec rmRA rmDE e_rmRA e_rmDE rRV e_rRV v_pec v_pec3d e_vpec e_vpec3d
[from data line 186]
82.07806978341 34.64025967642 0.0178 0.0141 10.4789 "" "" 182666578306471040 2187.30615 0.4105 0.0217 1.254 -0.241 0.022 0.017 1.136 4737.7 2.4492 14.009551 1.999571 15.020168 13.020597 -1.23 1.2 2104.2168 2320.46533 46894.96709 12.557 13408.0 16.853 49082.0 33.79 "" "" 0.0027706156434448344 0.0031060355 0.0038525874 0.006958623 82.07806978341 34.64025967642 2187.30615 1.254000000000001 -0.24099999999999994 1.2199190736711025 2.076514419555664 0.1316448 0.1266448 21.662000000000003 20.64 24.969290726256677 33.05612989102517 3.1947295737805503 13.739177203625058
82.24445421059 34.70695972793 0.0203 0.0151 18.9612 "" "" 182670392237560064 1971.61096 0.4604 0.0208 0.293 -1.605 0.025 0.019 1.082 "" "" 14.01645 0.857053 14.344422 13.48737 "" "" 1888.72253 2051.86157 46597.95136 13.145 24983.0 23.788 31931.0 30.277 "" "" 0.002772290858129545 0.002975533 0.003917089 0.0068926224 82.24445421059 34.70695972793 1971.61096 0.293 -1.605 0.2589190736711025 0.7125144195556641 0.1346448 0.1286448 "" "" 7.084776687699259 "" 0.9164797585437834 ""
81.79426664593 34.50482922792 0.017 0.0126 8.1489 "" "" 182827553680296704 2350.62842 0.3825 0.0201 0.729 -2.964 0.022 0.015 0.929 "" "" 14.026482 0.969699 14.416987 13.447289 "" "" 2227.75122 2492.25024 46169.36945 9.3634 23368.0 31.273 33132.0 22.549 "" "" 0.002764104640279531 0.003145842 0.0038509408 0.006996783 81.79426664593 34.50482922792 2350.62842 0.7290000000000001 -2.9640000000000004 0.6949190736711025 -0.6464855804443359 0.1316448 0.1246448 "" "" 10.575235368943487 "" 1.3583325541788231 ""
81.81318102121 34.48388797352 0.0178 0.013 7.2328 "" "" 182639812070312448 1933.23193 0.4735 0.021 -0.155 -2.361 0.023 0.015 0.968 10840.7 4.0479 14.03143 0.555841 14.235397 13.679556 "" "" 1861.81506 2006.55969 45959.42843 17.126 27622.0 31.78 26751.0 27.09 "" "" 0.002784865396670303 0.0030570386 0.0039360663 0.0069931047 81.81318102121 34.48388797352 1933.23193 -0.155 -2.361 -0.18908092632889748 -0.04348558044433615 0.1326448 0.1246448 "" "" 1.7778784417283418 "" 0.2351323581981577 ""
81.87734394547 34.4222236805 0.021 0.0158 5.9784 "" "" 182638643839505792 1958.28015 0.4627 0.0251 0.115 -1.807 0.027 0.019 1.112 "" "" 14.033015 1.250191 14.565781 13.31559 "" "" 1862.61426 2058.35303 45892.3744 41.413 20375.0 51.126 37404.0 78.427 "" "" 0.0029243327967273043 0.0038996567 0.0044120606 0.008311717 81.87734394547 34.4222236805 1958.28015 0.11500000000000009 -1.8069999999999995 0.08091907367110253 0.5105144195556641 0.1366448 0.1286448 "" "" 4.797879545900337 "" 0.6181914103914646 ""
82.23167604218 34.75523461554 0.0183 0.0128 20.5854 "" "" 182673450254263040 1881.38708 0.4921 0.0203 0.303 -1.626 0.023 0.017 0.955 9511.0 4.0067 14.045307 0.807018 14.361606 13.554587 "" "" 1814.47461 1946.69531 45375.74957 13.523 24591.0 26.291 30014.0 23.679 "" "" 0.0027742547650890007 0.0030220011 0.0038752344 0.0068972353 82.23167604218 34.75523461554 1881.38708 0.30300000000000005 -1.6259999999999997 0.2689190736711025 0.6915144195556642 0.1326448 0.1266448 "" "" 6.616662322706101 "" 0.8432877173230717 ""
82.12717188659 34.76071873357 0.02 0.0151 17.9346 "" "" 182674068729419264 2110.37817 0.4382 0.0231 -0.117 -2.351 0.023 0.018 0.951 "" "" 14.045885 0.562884 14.253658 13.690774 "" "" 2005.7887 2194.1311 45351.6005 18.477 27161.0 33.26 26476.0 27.879 "" "" 0.0027906021392149465 0.0030907474 0.003948518 0.0070392657 82.12717188659 34.76071873357 2110.37817 -0.11699999999999994 -2.351 -0.15108092632889747 -0.033485580444335916 0.1326448 0.1276448 "" "" 1.5479671491901832 "" 0.2049739080640681 ""
81.75048115645 34.85788512115 0.0166 0.0134 24.027 "" "" 182871671584171776 2273.09814 0.3986 0.0186 -0.612 -2.345 0.022 0.015 0.903 5374.2 3.0686 14.047314 1.828122 14.940956 13.112834 41.89 2.77 2172.17285 2399.33203 45291.98327 12.195 14422.0 17.673 45084.0 31.57 "" "" 0.0027707852147140885 0.0030911537 0.0038550952 0.006946249 81.75048115645 34.85788512115 2273.09814 -0.6120000000000007 -2.3449999999999998 -0.6460809263288975 -0.027485580444336133 0.1316448 0.1246448 64.78200000000001 22.21 6.967485779191261 65.15560898405627 0.9171475026569958 22.082862451204836
82.00154459448 34.45690603142 0.0162 0.0128 3.1562 "" "" 182637544327824896 1915.35266 0.4798 0.0176 -0.709 -1.566 0.022 0.017 1.06 9354.4 4.1587 14.05079 0.540576 14.252348 13.711772 "" "" 1867.51685 1973.65894 45147.21755 15.818 27194.0 24.641 25969.0 16.088 "" "" 0.002781455822364103 0.0029585338 0.0038387692 0.006797303 82.00154459448 34.45690603142 1915.35266 -0.7090000000000003 -1.5660000000000012 -0.7430809263288974 0.751514419555664 0.1316448 0.1266448 "" "" 9.59494815269841 "" 1.2390991638287212 ""
82.27989372013 34.78356353802 0.0193 0.0149 23.4371 "" "" 182672144584185344 1775.91174 0.5195 0.0195 -3.084 -5.894 0.024 0.019 1.058 "" "" 14.053694 1.798821 14.931347 13.132525 -21.63 2.74 1724.09216 1832.47424 45026.61884 13.024 14551.0 17.508 44274.0 41.559 "" "" 0.002773160121794151 0.0030808547 0.0039143846 0.0069952393 82.27989372013 34.78356353802 1775.91174 -3.0840000000000005 -5.894 -3.1180809263288976 -3.576485580444336 0.1336448 0.1286448 1.262000000000004 22.179998 39.94136868000069 39.9613009802201 5.225428233134934 5.269583234875448
81.82743352114 34.38262870226 0.0195 0.0148 9.4012 "" "" 182638094083720576 2114.83594 0.4312 0.0218 -0.035 -1.985 0.025 0.017 1.108 9855.5 3.7817 14.054763 0.655206 14.300921 13.645715 "" "" 2024.63306 2211.93506 44982.295 17.174 26005.0 24.087 27598.0 20.449 "" "" 0.0027863278863458365 0.0029658717 0.0038640555 0.006829927 81.82743352114 34.38262870226 2114.83594 -0.03500000000000009 -1.984999999999999 -0.06908092632889748 0.33251441955566396 0.1346448 0.1266448 "" "" 3.404405298201274 "" 0.4323111475716231 ""
81.82067230475 34.42658967584 0.018 0.0134 7.9952 "" "" 182639399753458688 1880.80542 0.4954 0.0214 -0.015 -2.276 0.023 0.016 0.953 "" "" 14.063091 0.583455 14.277939 13.694484 "" "" 1805.04102 1963.29102 44638.58105 19.17 26561.0 23.165 26385.0 29.912 "" "" 0.0027944938146796886 0.0029464725 0.003974767 0.006921239 81.82067230475 34.42658967584 1880.80542 -0.01500000000000018 -2.275999999999998 -0.049080926328897476 0.04151441955566426 0.1326448 0.1256448 "" "" 0.5730896483626942 "" 0.07437058822127948 ""
81.77562049865 34.67513481047 0.0174 0.014 14.0517 "" "" 182834253829190400 1634.12878 0.57 0.0206 4.93 -1.188 0.022 0.016 1.015 4917.7 3.1334 14.089318 1.8104 14.973847 13.163447 -4.45 2.98 1587.56262 1684.03564 43573.19014 9.6012 13992.0 13.785 43031.0 31.415 "" "" 0.002765686949291644 0.002988185 0.003861608 0.006849793 81.77562049865 34.67513481047 1634.12878 4.930000000000003 -1.1879999999999997 4.895919073671102 1.1295144195556641 0.1316448 0.1256448 18.442000000000004 22.419998 38.91879777721727 43.06715900107566 5.111912664436252 10.654155724077125
82.11395201646 34.72433730924 0.0193 0.0149 15.7048 "" "" 182668055775210624 1898.98755 0.4862 0.024 -0.038 -2.289 0.023 0.018 1.094 13083.2 4.4011 14.090438 0.724161 14.364103 13.639942 "" "" 1812.48413 1981.75256 43528.28068 21.097 24534.0 55.488 27745.0 36.705 "" "" 0.0028051211573960908 0.0037168462 0.0040431265 0.0077599725 82.11395201646 34.72433730924 1898.98755 -0.038000000000000006 -2.289000000000002 -0.07208092632889748 0.028514419555663917 0.1326448 0.1276448 "" "" 0.6977372006248536 "" 0.09208687410241867 ""
81.87751042017 34.72038628188 0.0189 0.0152 14.0537 "" "" 182855178909779200 2319.96948 0.387 0.0229 -0.053 -2.445 0.022 0.019 1.064 10582.4 3.6981 14.095635 0.780995 14.394421 13.613425 "" "" 2211.23877 2457.23975 43320.4015 12.331 23859.0 26.55 28431.0 24.114 "" "" 0.0027725984061191533 0.003040523 0.003889954 0.006930477 81.87751042017 34.72038628188 2319.96948 -0.05299999999999999 -2.445 -0.08708092632889747 -0.12748558044433578 0.1316448 0.1286448 "" "" 1.697751852086615 "" 0.2200400990685773 ""
81.7094072544 34.71879626809 0.0165 0.0125 18.1779 "" "" 182835318981082752 1828.39343 0.5068 0.0184 1.362 -2.332 0.021 0.015 0.864 9802.6 3.9273 14.101202 0.643331 14.345098 13.701767 "" "" 1761.53687 1895.79419 43098.87812 13.561 24968.0 20.12 26209.0 20.064 "" "" 0.002776418063780744 0.0029241296 0.0038696998 0.0067938296 81.7094072544 34.71879626809 1828.39343 1.3620000000000012 -2.332 1.3279190736711026 -0.014485580444335788 0.1306448 0.1246448 "" "" 11.509208044591798 "" 1.5036101357374618 ""
82.36017991502 34.21926947401 0.0166 0.0128 25.902 "" "" 182594216698194432 1826.40503 0.5105 0.0197 3.145 -5.453 0.021 0.015 0.994 6577.0 3.7703 14.112771 0.97802 14.514017 13.535997 35.97 14.28 1765.9043 1896.07605 42642.0783 10.013 21370.0 22.255 30532.0 19.723 "" "" 0.0027670900672932923 0.0030105698 0.003843909 0.0068544787 82.36017991502 34.21926947401 1826.40503 3.145 -5.453 3.1109190736711025 -3.1354855804443362 0.1306448 0.1246448 58.862 33.719997 38.23788937140377 70.19167491647221 4.881313446668272 28.401992343003812
82.27881797675 34.77352177716 0.0211 0.0163 22.9611 "" "" 182672110224451072 1973.92188 0.471 0.0213 0.358 -1.631 0.027 0.02 1.069 7074.1 3.7101 14.114607 0.596613 14.334373 13.737761 "" "" 1898.3302 2049.20386 42570.04166 108.27 25215.0 237.07 25354.0 122.28 "" "" 0.0039009082657540032 0.010582482 0.0064578373 0.01704032 82.27881797675 34.77352177716 1973.92188 0.35800000000000015 -1.6310000000000007 0.3239190736711025 0.6865144195556641 0.1366448 0.1296448 "" "" 7.10239108536153 "" 0.9300387761582379 ""
82.10102711441 34.30634229018 0.0168 0.0129 13.3787 "" "" 182622735280620160 1965.96716 0.47 0.0187 0.132 -2.294 0.022 0.016 0.995 "" "" 14.115511 0.604349 14.339482 13.735133 "" "" 1890.72229 2062.33716 42534.6128 15.106 25097.0 23.208 25416.0 15.336 "" "" 0.00278217052818134 0.0029653152 0.0038357433 0.0068010585 82.10102711441 34.30634229018 1965.96716 0.13199999999999978 -2.294 0.09791907367110253 0.023514419555664023 0.1316448 0.1256448 "" "" 0.9384184837251693 "" 0.12323754908940988 ""
81.82671135338 34.80363120078 0.0182 0.0149 19.5799 "" "" 182859336438095232 1939.71936 0.4765 0.0217 -0.012 -2.276 0.024 0.017 1.111 "" "" 14.116379 1.044327 14.543795 13.499468 "" "" 1860.7876 2019.78357 42500.62954 11.604 20792.0 26.007 31577.0 28.841 "" "" 0.002771221034686037 0.0031031226 0.0039073164 0.007010439 81.82671135338 34.80363120078 1939.71936 -0.01200000000000001 -2.276 -0.04608092632889747 0.04151441955566426 0.1336448 0.1266448 "" "" 0.5702596234861509 "" 0.07445033326846578 ""
81.95504403323 34.71565242113 0.0173 0.0133 13.1867 "" "" 182854251196810752 2084.82275 0.4461 0.0208 0.244 -2.161 0.021 0.016 0.971 "" "" 14.12422 0.722498 14.397671 13.675173 "" "" 2008.27576 2166.13647 42194.78141 11.66 23787.0 28.81 26859.0 21.303 "" "" 0.0027716073248414404 0.0030845243 0.0038762474 0.006960772 81.95504403323 34.71565242113 2084.82275 0.244 -2.161 0.20991907367110252 0.15651441955566403 0.1306448 0.1256448 "" "" 2.5875675233857436 "" 0.33348732268265374 ""
81.79658433089 34.24810286597 0.0171 0.0124 16.8969 "" "" 182628232838878080 2122.7019 0.4312 0.0197 0.165 -1.924 0.025 0.016 1.027 10002.6 4.0454 14.127481 0.51969 14.319682 13.799993 "" "" 2054.12378 2227.18018 42068.23159 16.128 25559.0 26.083 23942.0 28.401 "" "" 0.0027865840275906146 0.0030021162 0.00399281 0.0069949264 81.79658433089 34.24810286597 2122.7019 0.1649999999999999 -1.924 0.13091907367110253 0.39351441955566413 0.1346448 0.1256448 "" "" 4.172758438245218 "" 0.5281477080402164 ""
81.5574453831 34.55688018117 0.018 0.0132 20.1699 "" "" 182826660327177344 2438.10986 0.3702 0.021 1.452 -1.835 0.023 0.018 1.014 "" "" 14.128446 0.811172 14.446356 13.635183 "" "" 2310.7312 2614.08569 42030.88339 14.931 22744.0 22.406 27867.0 18.633 "" "" 0.0027821844820109984 0.002988159 0.0038484742 0.006836633 81.5574453831 34.55688018117 2438.10986 1.4520000000000002 -1.835000000000001 1.4179190736711025 0.4825144195556641 0.1326448 0.1276448 "" "" 17.30918860619568 "" 2.287144135136528 ""
81.94881203723 34.78390159578 0.1075 0.0758 17.2873 "" "" 182856896896629504 1959.11279 0.4842 0.0571 0.844 -2.949 0.141 0.104 1.449 "" "" 14.144928 "" "" "" "" "" 1794.21729 2167.33862 41397.63868 101.7 "" "" "" "" "" "" 0.0038348672668252724 "" "" "" 81.94881203723 34.78390159578 1959.11279 0.8439999999999999 -2.949 0.8099190736711025 -0.6314855804443358 0.2506448 0.2136448 "" "" 9.536984921419913 "" 2.2634610790173464 ""
82.33924894612 34.62492412283 0.0209 0.0159 20.3345 "" "" 182657198098031232 2387.90161 0.3751 0.0216 0.703 -1.121 0.026 0.02 1.056 5569.7 2.842 14.154141 1.850177 15.060343 13.210166 12.2 2.62 2279.92041 2494.75708 41047.81061 10.561 12921.0 16.605 41218.0 38.619 "" "" 0.002769444433516426 0.0031196002 0.003913895 0.007033495 82.33924894612 34.62492412283 2387.90161 0.7029999999999996 -1.121 0.6689190736711025 1.196514419555664 0.1356448 0.1296448 35.092 22.059998 15.515638650462519 38.36904359938786 2.034075899251456 20.192645398159023
81.96533253287 34.62199750301 0.0175 0.0136 7.5732 "" "" 182665680654608384 2036.95129 0.4539 0.0211 0.084 -2.421 0.022 0.016 0.979 "" "" 14.156632 0.643414 14.39582 13.752406 "" "" 1949.60022 2146.88354 40953.76386 11.67 23828.0 45.091 25015.0 30.325 "" "" 0.00277263582138453 0.0034650273 0.004002016 0.0074670436 81.96533253287 34.62199750301 2036.95129 0.08400000000000006 -2.4210000000000016 0.04991907367110253 -0.10348558044433576 0.1316448 0.1256448 "" "" 1.109341729483904 "" 0.14066356564806562 ""
81.91760931108 34.75846733254 0.022 0.0176 15.8845 "" "" 182855350708430080 1926.47168 0.4792 0.0265 -0.47 -2.067 0.027 0.021 1.209 "" "" 14.158835 0.671276 14.406144 13.734868 "" "" 1826.88269 2015.22876 40870.7651 16.739 23603.0 29.94 25422.0 22.628 "" "" 0.002790971825228549 0.0031115643 0.0039009836 0.007012548 81.91760931108 34.75846733254 1926.47168 -0.4700000000000001 -2.067 -0.5040809263288974 0.2505144195556639 0.1366448 0.1306448 "" "" 5.140096714071045 "" 0.6963675501218151 ""
82.27907999428 34.3011714703 0.021 0.0163 19.6994 "" "" 182642526489865600 1779.36719 0.5161 0.0249 1.844 -2.305 0.025 0.019 1.155 8818.7 3.8596 14.174756 0.595576 14.397175 13.801599 "" "" 1717.32959 1861.49268 40275.81455 16.584 23798.0 24.267 23907.0 26.577 "" "" 0.00279135365131424 0.0030017982 0.003967438 0.006969236 82.27907999428 34.3011714703 1779.36719 1.844 -2.305 1.8099190736711026 0.012514419555663903 0.1346448 0.1286448 "" "" 15.265585218597028 "" 2.055427484942162 ""
81.97061913133 34.31578348404 0.0182 0.0132 10.8228 "" "" 182634039634577664 2043.67749 0.4486 0.0209 -0.174 -2.492 0.025 0.017 1.064 "" "" 14.181564 0.917424 14.543784 13.62636 "" "" 1962.9364 2130.41479 40024.05766 12.078 20792.0 14.915 28094.0 18.808 "" "" 0.0027747320623712326 0.0028968342 0.0038486437 0.006745478 81.97061913133 34.31578348404 2043.67749 -0.1740000000000002 -2.492 -0.20808092632889746 -0.17448558044433593 0.1346448 0.1266448 "" "" 2.6305755488397207 "" 0.3456602618208276 ""
82.0065450687 34.4534681313 0.0181 0.014 3.4754 "" "" 182637338169394560 2337.41699 0.3832 0.0201 0.696 -0.544 0.023 0.019 1.051 4961.3 2.5703 14.185389 1.762414 15.034807 13.272393 -20.0 2.55 2247.60107 2475.93994 39883.33066 11.054 13228.0 20.412 38923.0 20.579 "" "" 0.002771703949329865 0.0032545316 0.0038227278 0.0070772595 82.0065450687 34.4534681313 2337.41699 0.696 -0.544 0.6619190736711025 1.773514419555664 0.1326448 0.1286448 2.892000000000003 21.989998 20.973342648839985 21.171791749062013 2.708508062351305 4.0276216104856895
