Clusters/Stock_8/Stock_8_stars_in_region.tsv
# %ECSV 1.0
# ---
# datatype:
# - name: RA_ICRS_1
#   unit: deg
#   datatype: float64
#   format: '{:15.11f}'
#   description: Right ascension (ICRS) at Ep=2016.0 (ra)
#   meta: !!omap
#   - {ucd: POS_EQ_RA_MAIN}
#   - {width: 15}
#   - {precision: '11'}
# - name: DE_ICRS_1
#   unit: deg
#   datatype: float64
#   format: '{:15.11f}'
#   description: Declination (ICRS) at Ep=2016.0 (dec)
#   meta: !!omap
#   - {ucd: POS_EQ_DEC_MAIN}
#   - {width: 15}
#   - {precision: '11'}
# - name: e_RA_ICRS
#   unit: mas
#   datatype: float64
#   format: '{:7.4f}'
#   description: Standard error of right ascension (ra_error)
#   meta: !!omap
#   - {ucd: ERROR}
#   - {width: 7}
#   - {precision: '4'}
# - name: e_DE_ICRS
#   unit: mas
#   datatype: float64
#   format: '{:7.4f}'
#   description: Standard error of declination (dec_error)
#   meta: !!omap
#   - {ucd: ERROR}
#   - {width: 7}
#   - {precision: '4'}
# - name: _r_1
#   unit: ''
#   datatype: float64
#   format: '{:7.4f}'
#   description: Distance from center (081.95870861000+34.49589488000)[ICRS], at Epoch=J2016.0
#   meta: !!omap
#   - {ucd: POS_ANG_DIST_GENERAL}
#   - {width: 7}
#   - {precision: '4'}
# - name: HIP
#   datatype: int32
#   description: '? HIP cross-id number, van Leeuwen, Cat. I/311 (hip_original_ext_source_id)'
#   meta: !!omap
#   - {ucd: ID_NUMBER}
#   - {width: 6}
#   - values: {'null': -2147483648}
# - name: TYC2
#   datatype: string
#   description: Tycho-2 cross-id name, Hog et al., Cat. I/259 (tyc2_original_ext_source_id)
#   meta: !!omap
#   - {ucd: ID_CROSSID}
#   - {_votable_string_dtype: char}
# - name: Source
#   datatype: int64
#   description: Source identifier, identical to the Gaia-EDR3 source_id (id)
#   meta: !!omap
#   - {ucd: ID_MAIN}
#   - {width: 19}
# - name: rgeo
#   unit: pc
#   datatype: float64
#   format: '{:15.8f}'
#   description: '? Median of the geometric distance posterior (r_med_geo)'
#   meta: !!omap
#   - {ucd: PHYS_DISTANCE_TRUE}
#   - {width: 15}
#   - {precision: '8'}
#   - values: {'null': .nan}
# - name: Plx
#   unit: mas
#   datatype: float64
#   format: '{:9.4f}'
#   description: '? Parallax (parallax)'
#   meta: !!omap
#   - {ucd: POS_PARLX_TRIG}
#   - {width: 9}
#   - {precision: '4'}
#   - values: {'null': .nan}
# - name: e_Plx
#   unit: mas
#   datatype: float32
#   format: '{:7.4f}'
#   description: '? Standard error of parallax (parallax_error)'
#   meta: !!omap
#   - {ucd: ERROR}
#   - {width: 7}
#   - {precision: '4'}
#   - values: {'null': .nan}
# - name: pmRA
#   unit: mas / yr
#   datatype: float64
#   format: '{:9.3f}'
#   description: '? Proper motion in right ascension direction, pmRA*cosDE (pmra)'
#   meta: !!omap
#   - {ucd: POS_EQ_PMRA}
#   - {width: 9}
#   - {precision: '3'}
#   - values: {'null': .nan}
# - name: pmDE
#   unit: mas / yr
#   datatype: float64
#   format: '{:9.3f}'
#   description: '? Proper motion in declination direction (pmdec)'
#   meta: !!omap
#   - {ucd: POS_EQ_PMDEC}
#   - {width: 9}
#   - {precision: '3'}
#   - values: {'null': .nan}
# - name: e_pmRA
#   unit: mas / yr
#   datatype: float32
#   format: '{:6.3f}'
#   description: '? Standard error of proper motion in right ascension direction (pmra_error)'
#   meta: !!omap
#   - {ucd: ERROR}
#   - {width: 6}
#   - {precision: '3'}
#   - values: {'null': .nan}
# - name: e_pmDE
[...]
#         value: !astropy.table.SerializedColumn {name: SkyCoord.dec}
#       distance: !astropy.table.SerializedColumn
#         __class__: astropy.coordinates.distances.Distance
#         unit: !astropy.units.Unit {unit: pc}
#         value: !astropy.table.SerializedColumn {name: SkyCoord.distance}
#       frame: icrs
#       obstime: !astropy.time.Time {format: jyear_str, in_subfmt: '*', jd1: 367701545.0, jd2: 0.0, out_subfmt: '*', precision: 3, scale: tt}
#       pm_dec: !astropy.table.SerializedColumn
#         __class__: astropy.units.quantity.Quantity
#         unit: !astropy.units.Unit {unit: mas / yr}
#         value: !astropy.table.SerializedColumn {name: SkyCoord.pm_dec}
#       pm_ra_cosdec: !astropy.table.SerializedColumn
#         __class__: astropy.units.quantity.Quantity
#         unit: !astropy.units.Unit {unit: mas / yr}
#         value: !astropy.table.SerializedColumn {name: SkyCoord.pm_ra_cosdec}
#       ra: !astropy.table.SerializedColumn
#         __class__: astropy.coordinates.angles.Longitude
#         unit: *id001
#         value: !astropy.table.SerializedColumn {name: SkyCoord.ra}
#         wrap_angle: !astropy.coordinates.Angle
#           unit: *id001
#           value: 360.0
#       representation_type: spherical
# schema: astropy-2.0
RA_ICRS_1 DE_ICRS_1 e_RA_ICRS e_DE_ICRS _r_1 HIP TYC2 Source rgeo Plx e_Plx pmRA pmDE e_pmRA e_pmDE RUWE Teff logg Gmag BP-RP BPmag RPmag RV e_RV b_rgeo B_rgeo FG e_FG FBP e_FBP FRP e_FRP RAVE5 RAVE6 e_Gmag e_BPmag e_RPmag e_BP-RP SkyCoord.ra SkyCoord.dec SkyCoord.distance SkyCoord.pm_ra_cosdec SkyCoord.pm_dec rmRA rmDE e_rmRA e_rmDE rRV e_rRV v_pec v_pec3d e_vpec e_vpec3d
[from data line 724]
82.41049460201 34.54452879186 0.049 0.0367 22.5241 "" "" 182652864474852608 1899.23975 0.5029 0.055 -0.331 -1.097 0.055 0.039 1.027 6010.9 4.3942 16.010483 1.203094 16.52976 15.326667 "" "" 1706.64624 2120.6145 7425.97206 3.9715 3338.2 19.001 5868.0 14.167 "" "" 0.002815841102711204 0.006780666 0.0045994343 0.011380101 82.41049460201 34.54452879186 1899.23975 -0.331 -1.097 -0.3650809263288975 1.220514419555664 0.16464481 0.1486448 "" "" 11.468570861262135 "" 1.7205509606847076 ""
81.7230509182 34.79941589965 0.0422 0.0323 21.6091 "" "" 182870846950500608 1901.62036 0.4926 0.0461 2.717 -6.657 0.053 0.038 1.09 5246.6 4.2961 16.011778 1.271519 16.567263 15.295744 "" "" 1752.90076 2078.03833 7417.12548 3.3513 3224.9 12.18 6037.5 8.9069 "" "" 0.002798651358249335 0.0049598976 0.004104792 0.009064689 81.7230509182 34.79941589965 1901.62036 2.7169999999999996 -6.657 2.6829190736711026 -4.339485580444336 0.1626448 0.1476448 "" "" 45.98672542219927 "" 6.987272445220472 ""
81.72052488291 34.40198144904 0.0461 0.0336 13.0626 "" "" 182820887891148160 1915.5824 0.5028 0.0533 0.433 -5.686 0.059 0.041 1.084 5892.3 4.4951 16.013021 1.121546 16.469421 15.347876 "" "" 1742.06287 2098.4707 7408.6298 4.5265 3529.0 15.118 5754.5 20.058 "" "" 0.0028340492688544963 0.00542392 0.0053484477 0.010772368 81.72052488291 34.40198144904 1915.5824 0.43299999999999944 -5.685999999999996 0.3989190736711025 -3.368485580444336 0.1686448 0.15064481 "" "" 30.799111302970175 "" 4.647844872737637 ""
81.95763784665 34.66022816131 0.0404 0.0315 9.8601 "" "" 182853838879982080 1736.5824 0.5467 0.0506 -0.086 -0.383 0.05 0.038 0.995 6007.3 4.4155 16.0131 1.239057 16.546776 15.307719 "" "" 1627.55994 1906.40356 7408.09865 3.62 3286.3 14.046 5971.3 8.7942 "" "" 0.0028059352159464073 0.005414774 0.004103726 0.0095185 81.95763784665 34.66022816131 1736.5824 -0.08599999999999998 -0.383 -0.12008092632889747 1.934514419555664 0.1596448 0.1476448 "" "" 15.954411104168816 "" 2.356350466993648 ""
81.90773540267 34.62776113021 0.042 0.0327 8.3032 "" "" 182853289124213888 2420.16406 0.3977 0.0502 -0.003 -2.144 0.047 0.037 0.983 6700.9 4.2399 16.016579 1.558916 16.732828 15.173912 "" "" 2183.21777 2706.19751 7384.40398 7.3522 2768.8 12.352 6754.5 20.227 "" "" 0.0029597893319762963 0.0055897846 0.0049854736 0.010575258 81.90773540267 34.62776113021 2420.16406 -0.0029999999999998916 -2.144 -0.03708092632889748 0.17351441955566393 0.15664479 0.1466448 "" "" 2.0354293050086953 "" 0.2994030024429026 ""
82.15479917399 34.18390137078 0.0452 0.0328 21.0903 "" "" 182618229857971328 1960.92896 0.4959 0.053 0.384 -3.233 0.059 0.042 1.091 6096.6 4.4083 16.02092 1.146586 16.508076 15.361489 "" "" 1766.64856 2225.59155 7354.93741 3.4519 3405.5 18.212 5682.8 16.399 "" "" 0.0028020440019163556 0.006441926 0.0049092025 0.011351129 82.15479917399 34.18390137078 1960.92896 0.384 -3.2329999999999997 0.34991907367110253 -0.915485580444336 0.1686448 0.1516448 "" "" 9.109652684671142 "" 1.4021236728004793 ""
81.45895105661 34.4163253099 0.0419 0.0302 25.1815 "" "" 182823735452535936 2156.77905 0.4326 0.0473 2.619 -2.593 0.059 0.041 0.922 7421.1 4.352 16.026575 1.059399 16.465824 15.406425 "" "" 1966.09717 2401.58057 7316.72471 3.2159 3540.7 16.318 5452.4 11.366 "" "" 0.002796340358069675 0.005729163 0.0044052587 0.010134421 81.45895105661 34.4163253099 2156.77905 2.619 -2.593 2.5849190736711027 -0.2754855804443359 0.1686448 0.15064481 "" "" 26.575620738497708 "" 4.476751843723341 ""
82.23237047718 34.31680033537 0.042 0.0322 17.2914 "" "" 182643381186774656 1895.63586 0.4972 0.0491 0.94 -2.844 0.052 0.039 1.131 5953.8 4.5037 16.030668 1.096639 16.49246 15.395822 "" "" 1741.61853 2074.82422 7289.18892 4.1243 3454.9 14.013 5505.9 15.459 "" "" 0.0028229735446115537 0.005213235 0.004855585 0.01006882 82.23237047718 34.31680033537 1895.63586 0.94 -2.844000000000001 0.9059190736711025 -0.5264855804443358 0.1616448 0.1486448 "" "" 9.414775943916329 "" 1.4918963835585408 ""
81.98201306496 34.73098999789 0.0439 0.0343 14.1526 "" "" 182855763025279360 2434.97632 0.391 0.052 0.165 -1.843 0.055 0.039 1.082 7869.3 4.1261 16.032736 1.350615 16.62386 15.273244 "" "" 2160.60034 2763.73877 7275.33086 3.6044 3061.1 20.806 6164.0 12.272 "" "" 0.0028073349977808496 0.007889498 0.004353881 0.012243379 81.98201306496 34.73098999789 2434.97632 0.16499999999999998 -1.843 0.13091907367110253 0.4745144195556641 0.16464481 0.1486448 "" "" 5.681370880058112 "" 0.8512554808301562 ""
82.23354328467 34.3834330201 0.0393 0.0313 15.1817 "" "" 182647061975314944 1871.95984 0.5034 0.0434 0.261 -2.608 0.049 0.038 1.038 "" "" 16.037876 2.006338 17.033892 15.027554 "" "" 1723.69604 2017.30615 7240.96042 10.427 2098.3 23.187 7729.2 46.488 "" "" 0.003167996936513424 0.0123179555 0.007545068 0.019863024 82.23354328467 34.3834330201 1871.95984 0.261 -2.608 0.22691907367110253 -0.29048558044433603 0.1586448 0.1476448 "" "" 3.2707192778073493 "" 0.49684592474484296 ""
82.08395117662 34.77263479315 0.0502 0.0386 17.7182 "" "" 182856102326971776 1720.1709 0.5698 0.0593 0.131 -2.365 0.059 0.047 1.061 5145.4 4.2241 16.039083 1.722393 16.854939 15.132545 "" "" 1546.57751 1924.38 7232.92114 9.2362 2474.2 17.853 7016.8 28.594 "" "" 0.0030844821594639437 0.008316336 0.0058188965 0.014135232 82.08395117662 34.77263479315 1720.1709 0.13100000000000023 -2.365 0.09691907367110253 -0.04748558044433615 0.1686448 0.15664479 "" "" 0.8799927797071342 "" 0.14642145200357 ""
82.0065171753 34.70051042877 0.0421 0.0318 12.5019 "" "" 182855419427901824 2196.979 0.4332 0.0503 3.13 -4.488 0.051 0.038 0.986 5738.3 4.3629 16.04303 1.311428 16.624405 15.312977 "" "" 1989.04102 2512.61304 7206.67202 3.287 3059.5 12.235 5942.5 15.795 "" "" 0.0027994681942189606 0.0051611015 0.0047551966 0.009916298 82.0065171753 34.70051042877 2196.979 3.13 -4.488 3.0959190736711024 -2.1704855804443364 0.1606448 0.1476448 "" "" 39.37379746834533 "" 6.161217371083494 ""
82.39341306998 34.59181869931 0.0487 0.037 22.2413 "" "" 182656132946137728 2093.4231 0.4662 0.0508 0.26 -2.212 0.057 0.041 1.089 7065.7 4.3251 16.046595 1.400364 16.676504 15.27614 "" "" 1834.51831 2431.49072 7183.04597 4.154 2916.2 12.452 6147.5 11.496 "" "" 0.0028259569363019484 0.005410897 0.0042902306 0.009701127 82.39341306998 34.59181869931 2093.4231 0.26000000000000023 -2.212 0.22591907367110253 0.10551441955566387 0.1666448 0.15064481 "" "" 2.47420277525583 "" 0.40550828047084214 ""
82.10406627711 34.24830022761 0.0425 0.0308 16.5079 "" "" 182622318666992256 2290.96704 0.4089 0.0475 0.072 -1.478 0.057 0.039 0.981 6057.3 4.3669 16.050299 1.163372 16.543354 15.379982 "" "" 2067.27759 2565.20435 7158.58908 3.6542 3296.7 14.428 5586.8 12.561 "" "" 0.0028105086910992266 0.0055103456 0.004499188 0.010009534 82.10406627711 34.24830022761 2290.96704 0.07200000000000001 -1.4780000000000006 0.03791907367110252 0.8395144195556641 0.1666448 0.1486448 "" "" 9.125736011100306 "" 1.3568478891433444 ""
81.99277728273 34.54132382552 0.0731 0.0552 3.2041 "" "" 182664379284214528 1627.36292 0.5978 0.082 4.964 -5.327 0.089 0.069 1.986 4921.0 4.3595 16.053555 1.198629 16.545101 15.346472 "" "" 1461.11877 1848.28589 7137.15749 6.7423 3291.4 11.999 5762.0 10.417 "" "" 0.0029400315649623565 0.0048427 0.0042587114 0.009101411 81.99277728273 34.54132382552 1627.36292 4.964 -5.327 4.929919073671103 -3.009485580444336 0.1986448 0.1786448 "" "" 44.55361779371095 "" 8.617549259217943 ""
81.45670620806 34.48985856933 0.0423 0.0307 24.8275 "" "" 182836281053997312 2082.39355 0.446 0.0478 0.134 -1.686 0.061 0.042 0.959 6123.7 4.3769 16.055408 1.316277 16.626974 15.310698 "" "" 1904.75964 2245.74805 7124.98023 3.9514 3052.3 16.384 5955.0 23.924 "" "" 0.0028203461169110052 0.0064614424 0.0057714777 0.01223292 81.45670620806 34.48985856933 2082.39355 0.134 -1.686 0.09991907367110253 0.6315144195556641 0.1706448 0.1516448 "" "" 6.31093284106616 "" 0.9601269988882849 ""
81.78471532226 34.70764189459 0.0396 0.0316 15.3379 "" "" 182834455691553536 2147.39185 0.4434 0.0463 -0.361 -0.297 0.049 0.036 1.027 "" "" 16.058086 1.55682 16.77087 15.21405 "" "" 1957.8136 2325.06006 7107.423 3.6255 2673.4 12.95 6509.4 13.282 "" "" 0.0028104309440886645 0.0059536174 0.004380822 0.01033444 81.78471532226 34.70764189459 2147.39185 -0.361 -0.29700000000000004 -0.39508092632889746 2.020514419555664 0.1586448 0.1456448 "" "" 20.955556180092376 "" 3.062529744882792 ""
81.88851915336 34.41906178976 0.0409 0.0298 5.7715 "" "" 182638472040811904 2048.99854 0.4655 0.0448 0.02 -2.303 0.055 0.038 0.941 9268.3 3.6385 16.058723 1.538775 16.757618 15.218842 "" "" 1854.67786 2229.77466 7103.25049 3.9208 2706.3 11.167 6480.7 13.584 "" "" 0.0028197421644940725 0.005277886 0.0044116774 0.009689564 81.88851915336 34.41906178976 2048.99854 0.019999999999999907 -2.303 -0.014080926328897476 0.014514419555664126 0.16464481 0.1476448 "" "" 0.19640396194191323 "" 0.03066229297889907 ""
82.32988910624 34.76638841219 0.0487 0.038 24.4787 "" "" 182671904066007936 1741.34448 0.5444 0.0495 1.771 -5.997 0.06 0.044 0.946 7193.5 4.3521 16.063532 1.18968 16.57191 15.382231 "" "" 1617.67896 1896.35303 7071.86353 3.8153 3211.1 14.521 5575.3 15.105 "" "" 0.002816896036096769 0.0056472598 0.004789203 0.010436462 82.32988910624 34.76638841219 1741.34448 1.7710000000000004 -5.996999999999998 1.7369190736711024 -3.679485580444336 0.1696448 0.1536448 "" "" 33.584138505676954 "" 5.262038353253908 ""
81.46269658248 34.34898003247 0.045 0.032 26.084 "" "" 182822468439241472 1937.93396 0.4893 0.0527 0.767 -3.806 0.062 0.042 1.011 5647.6 4.5862 16.064241 1.033978 16.49497 15.460992 "" "" 1787.19824 2129.49927 7067.24314 3.4428 3446.9 17.82 5185.2 14.234 "" "" 0.0028056266180884895 0.006268335 0.004813208 0.011081543 81.46269658248 34.34898003247 1937.93396 0.767 -3.806 0.7329190736711025 -1.488485580444336 0.1716448 0.1516448 "" "" 15.240578953392852 "" 2.37371085720097 ""
81.95739597149 34.55339980297 0.0393 0.0301 3.4509 "" "" 182665169557211392 1809.97986 0.5156 0.0467 0.268 -1.73 0.05 0.037 0.962 7411.3 4.3436 16.06488 1.197221 16.572517 15.375297 "" "" 1660.92676 1965.2915 7063.08664 4.0608 3209.3 22.629 5611.0 19.162 "" "" 0.002825145420713362 0.008148207 0.00529453 0.013442738 81.95739597149 34.55339980297 1809.97986 0.268 -1.73 0.23391907367110254 0.5875144195556641 0.1596448 0.1466448 "" "" 5.425291481129806 "" 0.805606140115605 ""
81.95992071915 34.08734629559 0.0524 0.0375 24.513 "" "" 182610705074976640 1662.66443 0.5716 0.0608 0.096 -2.24 0.073 0.049 1.275 9104.1 4.458 16.065592 1.31629 16.617659 15.301369 "" "" 1522.25317 1816.20935 7058.45785 8.3284 3078.6 9.7965 6006.4 14.907 "" "" 0.003038577557493636 0.0044409162 0.004641637 0.009082554 81.95992071915 34.08734629559 1662.66443 0.09600000000000002 -2.24 0.061919073671102526 0.07751441955566385 0.1826448 0.1586448 "" "" 0.78187028648971 "" 0.1316675721702631 ""
81.65360957847 34.7077661419 0.0391 0.0309 19.7141 "" "" 182846692054510592 2179.18579 0.4356 0.0448 -0.184 -3.137 0.051 0.038 1.023 7164.8 4.2805 16.067917 1.229139 16.596558 15.367418 "" "" 2004.36157 2421.34302 7043.35966 3.1648 3139.0 13.056 5651.9 17.469 "" "" 0.002798176518603935 0.0053083226 0.0050542275 0.010362551 81.65360957847 34.7077661419 2179.18579 -0.18400000000000016 -3.1370000000000005 -0.21808092632889747 -0.819485580444336 0.1606448 0.1476448 "" "" 8.759353384776157 "" 1.301111780954398 ""
81.67903207916 34.79319300726 0.0405 0.032 22.5561 "" "" 182847619767388544 1800.14319 0.5337 0.0448 -1.283 -4.399 0.052 0.038 0.995 7316.7 4.4197 16.071014 1.165607 16.574656 15.409048 "" "" 1661.79016 1928.46667 7023.29512 3.0767 3203.0 13.524 5439.2 19.616 "" "" 0.0027960709146187214 0.0053666383 0.0054420354 0.010808674 81.67903207916 34.79319300726 1800.14319 -1.283 -4.399 -1.3170809263288974 -2.081485580444336 0.1616448 0.1476448 "" "" 21.017573238555393 "" 3.190035403351298 ""
82.01564148455 34.44315782475 0.0409 0.034 4.236 "" "" 182637265151601024 1650.99158 0.5767 0.0491 1.178 -3.758 0.057 0.042 1.003 6054.6 4.4548 16.0739 1.066272 16.518967 15.452695 "" "" 1522.41272 1780.30469 7004.65679 4.1461 3371.6 22.829 5224.9 12.963 "" "" 0.0028292743888974885 0.007863168 0.0046411026 0.01250427 82.01564148455 34.44315782475 1650.99158 1.178 -3.757999999999999 1.1439190736711025 -1.440485580444336 0.1666448 0.1516448 "" "" 14.394927131190943 "" 2.2688601575709595 ""
81.93787773451 34.71559874588 0.0415 0.0325 13.2223 "" "" 182854972751325184 2110.69458 0.4453 0.0499 -0.017 -2.312 0.051 0.038 0.985 5748.4 3.9396 16.07525 1.404812 16.707396 15.302584 "" "" 1949.93677 2317.10767 6995.94441 8.0313 2834.4 17.746 5999.6 30.048 "" "" 0.003024127600911785 0.0073480695 0.0066221314 0.013970201 81.93787773451 34.71559874588 2110.69458 -0.016999999999999932 -2.312000000000001 -0.05108092632889748 0.0055144195556642295 0.1606448 0.1476448 "" "" 0.5140182553452817 "" 0.08250046228990851 ""
82.3793162991 34.69201092462 0.0503 0.0397 23.8756 "" "" 182658950444657152 1653.76355 0.573 0.0525 -0.103 -3.363 0.065 0.046 1.092 4978.9 4.3194 16.076832 1.413523 16.717945 15.304422 "" "" 1522.53271 1785.61035 6985.76085 3.436 2807.0 12.326 5989.5 18.396 "" "" 0.002806594905345613 0.0055240835 0.005040235 0.010564318 82.3793162991 34.69201092462 1653.76355 -0.1030000000000002 -3.3629999999999978 -0.13708092632889746 -1.045485580444336 0.1746448 0.1556448 "" "" 8.265539415242158 "" 1.2893014313542017 ""
82.29051855929 34.16200242156 0.0431 0.0318 25.916 "" "" 182570538541070464 1727.93591 0.5433 0.0499 1.299 -3.366 0.054 0.039 0.991 5189.5 4.4017 16.07701 1.078793 16.52837 15.449576 "" "" 1568.75684 1936.13135 6984.6195 4.5599 3342.5 15.236 5240.0 9.7102 "" "" 0.0028450337869044173 0.005681406 0.004281559 0.009962965 82.29051855929 34.16200242156 1727.93591 1.2989999999999986 -3.366000000000001 1.2649190736711025 -1.048485580444336 0.1636448 0.1486448 "" "" 13.456587822775383 "" 2.122215139433365 ""
82.14278013321 34.87630927826 0.048 0.0357 24.5652 "" "" 182862974271350912 1871.02942 0.5109 0.0535 0.623 -3.415 0.064 0.044 1.045 5917.3 4.4447 16.079556 1.224417 16.611027 15.38661 "" "" 1721.63611 2064.87964 6968.26473 3.738 3097.5 13.561 5552.8 12.517 "" "" 0.002816204295064851 0.005511796 0.0045026327 0.010014429 82.14278013321 34.87630927826 1871.02942 0.623 -3.415 0.5889190736711025 -1.097485580444336 0.17364481 0.1536448 "" "" 11.046047151761934 "" 1.7489829277094904 ""
82.22952711554 34.27161030534 0.0401 0.0318 18.9979 "" "" 182642423410678784 2271.26318 0.4136 0.0481 2.638 -2.186 0.05 0.037 1.043 "" "" 16.081224 1.445497 16.72721 15.281713 "" "" 2012.70288 2669.76904 6957.5597 4.1079 2783.1 11.026 6116.1 15.04 "" "" 0.002828908924926418 0.0051271236 0.0046273293 0.009754453 82.22952711554 34.27161030534 2271.26318 2.6379999999999995 -2.186 2.6039190736711024 0.13151441955566412 0.1596448 0.1466448 "" "" 28.06897143082955 "" 4.480174529250612 ""
81.89693846808 34.51050632466 0.0411 0.0327 3.1776 "" "" 182641220819577216 2315.51294 0.4023 0.0505 -0.106 -2.65 0.053 0.041 1.036 5330.4 4.1769 16.085348 1.64687 16.847229 15.200359 "" "" 2084.96875 2577.14722 6931.18364 7.7637 2491.9 17.161 6592.0 33.18 "" "" 0.0030117768860169363 0.007980781 0.006644474 0.014625255 81.89693846808 34.51050632466 2315.51294 -0.10600000000000015 -2.6499999999999986 -0.14008092632889746 -0.33248558044433585 0.1626448 0.15064481 "" "" 3.9598604755342874 "" 0.6039350502652887 ""
