Clusters/UBC_188/UBC_188_members.tsv
# %ECSV 1.0
# ---
# datatype:
# - name: RA_ICRS_1
#   unit: deg
#   datatype: float64
#   format: '{:15.11f}'
#   description: Right ascension (ICRS) at Ep=2016.0 (ra)
#   meta: !!omap
#   - {ucd: POS_EQ_RA_MAIN}
#   - {width: 15}
#   - {precision: '11'}
# - name: DE_ICRS_1
#   unit: deg
#   datatype: float64
#   format: '{:15.11f}'
#   description: Declination (ICRS) at Ep=2016.0 (dec)
#   meta: !!omap
#   - {ucd: POS_EQ_DEC_MAIN}
#   - {width: 15}
#   - {precision: '11'}
# - name: e_RA_ICRS
#   unit: mas
#   datatype: float64
#   format: '{:7.4f}'
#   description: Standard error of right ascension (ra_error)
#   meta: !!omap
#   - {ucd: ERROR}
#   - {width: 7}
#   - {precision: '4'}
# - name: e_DE_ICRS
#   unit: mas
#   datatype: float64
#   format: '{:7.4f}'
#   description: Standard error of declination (dec_error)
#   meta: !!omap
#   - {ucd: ERROR}
#   - {width: 7}
#   - {precision: '4'}
# - name: _r_1
#   unit: ''
#   datatype: float64
#   format: '{:7.4f}'
#   description: Distance from center (027.46381469000+53.92249969000)[ICRS], at Epoch=J2016.0
#   meta: !!omap
#   - {ucd: POS_ANG_DIST_GENERAL}
#   - {width: 7}
#   - {precision: '4'}
# - name: HIP
#   datatype: int32
#   description: '? HIP cross-id number, van Leeuwen, Cat. I/311 (hip_original_ext_source_id)'
#   meta: !!omap
#   - {ucd: ID_NUMBER}
#   - {width: 6}
#   - values: {'null': -2147483648}
# - name: TYC2
#   datatype: string
#   description: Tycho-2 cross-id name, Hog et al., Cat. I/259 (tyc2_original_ext_source_id)
#   meta: !!omap
#   - {ucd: ID_CROSSID}
#   - {_votable_string_dtype: char}
# - name: Source
#   datatype: int64
#   description: Source identifier, identical to the Gaia-EDR3 source_id (id)
#   meta: !!omap
#   - {ucd: ID_MAIN}
#   - {width: 19}
# - name: rgeo
#   unit: pc
#   datatype: float64
#   format: '{:15.8f}'
#   description: '? Median of the geometric distance posterior (r_med_geo)'
#   meta: !!omap
#   - {ucd: PHYS_DISTANCE_TRUE}
#   - {width: 15}
#   - {precision: '8'}
#   - values: {'null': .nan}
# - name: Plx
#   unit: mas
#   datatype: float64
#   format: '{:9.4f}'
#   description: '? Parallax (parallax)'
#   meta: !!omap
#   - {ucd: POS_PARLX_TRIG}
#   - {width: 9}
#   - {precision: '4'}
#   - values: {'null': .nan}
# - name: e_Plx
#   unit: mas
#   datatype: float32
#   format: '{:7.4f}'
#   description: '? Standard error of parallax (parallax_error)'
#   meta: !!omap
#   - {ucd: ERROR}
#   - {width: 7}
#   - {precision: '4'}
#   - values: {'null': .nan}
# - name: pmRA
#   unit: mas / yr
#   datatype: float64
#   format: '{:9.3f}'
#   description: '? Proper motion in right ascension direction, pmRA*cosDE (pmra)'
#   meta: !!omap
#   - {ucd: POS_EQ_PMRA}
#   - {width: 9}
#   - {precision: '3'}
#   - values: {'null': .nan}
# - name: pmDE
#   unit: mas / yr
#   datatype: float64
#   format: '{:9.3f}'
#   description: '? Proper motion in declination direction (pmdec)'
#   meta: !!omap
#   - {ucd: POS_EQ_PMDEC}
#   - {width: 9}
#   - {precision: '3'}
#   - values: {'null': .nan}
# - name: e_pmRA
#   unit: mas / yr
#   datatype: float32
#   format: '{:6.3f}'
#   description: '? Standard error of proper motion in right ascension direction (pmra_error)'
#   meta: !!omap
#   - {ucd: ERROR}
#   - {width: 6}
#   - {precision: '3'}
#   - values: {'null': .nan}
# - name: e_pmDE
[...]
#       distance: !astropy.table.SerializedColumn
#         __class__: astropy.coordinates.distances.Distance
#         unit: !astropy.units.Unit {unit: pc}
#         value: !astropy.table.SerializedColumn {name: SkyCoord.distance}
#       frame: icrs
#       obstime: !astropy.time.Time {format: jyear_str, in_subfmt: '*', jd1: 367701545.0, jd2: 0.0, out_subfmt: '*', precision: 3, scale: tt}
#       pm_dec: !astropy.table.SerializedColumn
#         __class__: astropy.units.quantity.Quantity
#         unit: !astropy.units.Unit {unit: mas / yr}
#         value: !astropy.table.SerializedColumn {name: SkyCoord.pm_dec}
#       pm_ra_cosdec: !astropy.table.SerializedColumn
#         __class__: astropy.units.quantity.Quantity
#         unit: !astropy.units.Unit {unit: mas / yr}
#         value: !astropy.table.SerializedColumn {name: SkyCoord.pm_ra_cosdec}
#       ra: !astropy.table.SerializedColumn
#         __class__: astropy.coordinates.angles.Longitude
#         unit: *id001
#         value: !astropy.table.SerializedColumn {name: SkyCoord.ra}
#         wrap_angle: !astropy.coordinates.Angle
#           unit: *id001
#           value: 360.0
#       representation_type: spherical
# schema: astropy-2.0
RA_ICRS_1 DE_ICRS_1 e_RA_ICRS e_DE_ICRS _r_1 HIP TYC2 Source rgeo Plx e_Plx pmRA pmDE e_pmRA e_pmDE RUWE Teff logg Gmag BP-RP BPmag RPmag RV e_RV b_rgeo B_rgeo FG e_FG FBP e_FBP FRP e_FRP RAVE5 RAVE6 e_Gmag e_BPmag e_RPmag e_BP-RP SkyCoord.ra SkyCoord.dec SkyCoord.distance SkyCoord.pm_ra_cosdec SkyCoord.pm_dec rmRA rmDE e_rmRA e_rmDE rRV e_rRV v_pec v_pec3d e_vpec e_vpec3d Pmemb
27.46639482826 53.85144278699 0.0201 0.0201 4.2644 "" 3684-317-1 408427647270728960 2544.40454 0.3405 0.026 -0.822 -1.547 0.029 0.027 1.164 13308.9 4.1002 11.940099 0.073353 11.961308 11.887956 "" "" 2418.08862 2728.36841 315432.98063 81.067 224330.0 146.24 139310.0 56.735 "" "" 0.002769413453082877 0.0028785432 0.0038051603 0.0066837035 27.46639482826 53.85144278699 2544.40454 -0.8219999999999995 -1.5469999999999993 0.08535000371932988 0.10254996109008796 0.21000049 0.20800048 "" "" 1.6091189107633979 "" 0.336018212479663 "" 0.88
27.43409540372 53.82051656044 0.0201 0.02 6.2087 "" 3684-743-1 408427200594131456 2619.21313 0.3253 0.0262 -0.943 -1.646 0.03 0.027 1.089 15586.6 3.8867 11.963808 0.020068 11.965257 11.945189 "" "" 2437.91626 2798.80371 308619.67618 103.12 223520.0 207.73 132150.0 102.6 "" "" 0.002779100374238918 0.0029670193 0.0038722474 0.006839267 27.43409540372 53.82051656044 2619.21313 -0.943 -1.646 -0.035649996280670115 0.003549961090087983 0.21100049 0.20800048 "" "" 0.4447861498142115 "" 0.09383708518890034 "" 0.86
26.8549681259 54.04178153648 0.013 0.0169 22.6422 "" "" 408491075347747456 2730.77734 0.3381 0.021 -1.108 -1.625 0.019 0.022 1.006 12052.6 3.8012 12.24679 0.087234 12.275323 12.188089 "" "" 2557.2981 2901.15723 237810.341 62.476 167990.0 93.583 105660.0 56.801 "" "" 0.0027700451066452127 0.0028549738 0.0038241863 0.00667916 26.8549681259 54.04178153648 2730.77734 -1.108 -1.625 -0.20064999628067026 0.02454996109008789 0.20000048 0.20300049 "" "" 2.616558217522756 "" 0.5234295313910188 "" 0.8
27.35298458473 54.124710019 0.0161 0.0192 12.746 "" 3684-591-1 408449912381177344 2698.00513 0.3394 0.0262 -1.02 -1.907 0.022 0.024 1.108 14522.9 4.1018 12.336263 -0.005194 12.3315 12.336694 "" "" 2545.69556 2891.1499 218998.77958 158.43 159520.0 379.77 92147.0 197.05 "" "" 0.0028650873015137485 0.0038034627 0.004435578 0.00823904 27.35298458473 54.124710019 2698.00513 -1.02 -1.907 -0.11264999628067018 -0.25745003890991214 0.20300049 0.20500049 "" "" 3.593798128466111 "" 0.7355801138270569 "" 0.93
27.31592383975 53.97273574284 0.0162 0.0175 6.0297 "" "" 408440978849211008 2566.31787 0.3561 0.0231 -0.866 -1.668 0.024 0.023 1.058 14162.6 4.049 12.502498 0.056338 12.518658 12.462319 "" "" 2423.84546 2722.61792 187909.03066 54.46 134260.0 86.12 82079.0 57.064 "" "" 0.0027732302688344814 0.0028757735 0.0038540252 0.0067297984 27.31592383975 53.97273574284 2566.31787 -0.8659999999999997 -1.6680000000000001 0.04135000371932984 -0.018450038909912037 0.20500049 0.20400049 "" "" 0.5507946799984481 "" 0.11282191551471371 "" 0.95
27.12032516238 53.57950924034 0.0138 0.0146 23.9168 "" "" 408047839021480320 2644.24243 0.3495 0.0188 -0.739 -1.125 0.022 0.019 1.182 8736.5 3.4708 12.861263 0.404713 13.009874 12.605162 "" "" 2505.79565 2777.23853 135033.49905 35.168 85402.0 45.931 71960.0 31.315 "" "" 0.0027697919064746 0.0028506182 0.003808801 0.0066594193 27.12032516238 53.57950924034 2644.24243 -0.739 -1.1249999999999991 0.16835000371932984 0.5245499610900879 0.20300049 0.20000048 "" "" 6.904861026016851 "" 1.3829230816526468 "" 0.87
27.71623473613 54.31701524036 0.0132 0.0142 25.2805 "" "" 408469742250331904 2646.02905 0.3458 0.0186 -0.704 -1.507 0.019 0.019 1.054 10964.8 4.1177 13.416133 0.059625 13.438716 13.379091 "" "" 2538.51929 2768.3877 81001.60281 40.61 57535.0 39.351 35279.0 24.386 "" "" 0.002808573748345389 0.0028872972 0.0038531767 0.006740474 27.71623473613 54.31701524036 2646.02905 -0.7039999999999997 -1.5069999999999997 0.20335000371932987 0.142549961090088 0.20000048 0.20000048 "" "" 3.114698142492625 "" 0.6229411229848597 "" 0.92
27.33091417504 54.18335694401 0.0118 0.0126 16.3364 "" "" 408450397717358720 2606.12891 0.3482 0.0176 -0.685 -1.802 0.016 0.016 1.039 10960.4 4.1926 13.48355 0.18934 13.550405 13.361065 "" "" 2502.03638 2724.57202 76124.91876 29.163 51910.0 51.129 35870.0 20.852 "" "" 0.0027865381166624487 0.0029880875 0.0038317218 0.0068198093 27.33091417504 54.18335694401 2606.12891 -0.6849999999999999 -1.8019999999999994 0.22235000371932978 -0.15245003890991216 0.19700049 0.19700049 "" "" 3.3302995895506333 "" 0.6560706464553292 "" 0.8
27.43327788312 54.0848815193 0.0105 0.013 9.8022 "" "" 408448885888923136 2472.85327 0.3704 0.0173 -0.986 -1.526 0.015 0.016 0.997 11335.3 4.1277 13.539199 0.09915 13.575808 13.476658 "" "" 2376.90454 2555.5896 72321.43807 33.463 50710.0 31.382 32247.0 28.515 "" "" 0.002800743328793041 0.0028699322 0.003899421 0.0067693535 27.43327788312 54.0848815193 2472.85327 -0.986 -1.5260000000000007 -0.07864999628067015 0.12354996109008787 0.19600049 0.19700049 "" "" 1.7167005124427013 "" 0.3376966760580636 "" 0.96
27.25555797072 53.65008564874 0.0135 0.0132 17.9346 "" "" 408049797526859008 2792.08032 0.326 0.0177 -0.902 -1.857 0.019 0.017 1.028 9814.1 3.8531 13.589055 0.201015 13.662738 13.461722 "" "" 2678.73438 2954.18311 69075.62579 28.48 46808.0 43.725 32694.0 27.385 "" "" 0.00279144778045994 0.0029687874 0.0038872599 0.0068560475 27.25555797072 53.65008564874 2792.08032 -0.902 -1.857 0.00535000371932981 -0.2074500389099121 0.20000048 0.19800049 "" "" 2.746402239154357 "" 0.543792660110292 "" 0.83
27.4032475974 53.57792858866 0.0115 0.0114 20.7856 "" "" 408045502559265920 2300.67798 0.3993 0.0149 -1.063 -1.456 0.018 0.014 1.05 7866.9 4.1485 13.680303 0.571696 13.896488 13.324792 "" "" 2222.1228 2377.34521 63507.58163 18.163 37742.0 21.431 37089.0 21.954 "" "" 0.0027727622739851035 0.0028574702 0.0038336355 0.0066911057 27.4032475974 53.57792858866 2300.67798 -1.063 -1.456 -0.1556499962806701 0.19354996109008793 0.19900048 0.19500048 "" "" 2.708546609832108 "" 0.5324490918056364 "" 0.95
27.51352445045 53.80629796049 0.013 0.0133 7.1905 "" "" 408424387395857664 2537.05933 0.3598 0.017 -0.956 -1.796 0.019 0.018 1.13 7195.3 3.462 13.71849 0.415034 13.865125 13.45009 "" "" 2421.30005 2627.43579 61312.76608 30.736 38848.0 48.121 33046.0 74.616 "" "" 0.0028085633102717567 0.003097387 0.004504856 0.007602243 27.51352445045 53.80629796049 2537.05933 -0.9559999999999993 -1.7959999999999994 -0.04864999628067013 -0.14645003890991215 0.20000048 0.19900048 "" "" 1.8557912201425577 "" 0.36948819672638256 "" 0.92
27.13766758339 53.88215674038 0.0144 0.015 11.7806 "" "" 408439333881744640 2468.80713 0.3709 0.0198 -1.017 -1.572 0.021 0.019 0.993 11553.3 4.2302 13.720354 0.105419 13.758607 13.653188 "" "" 2348.54492 2590.19385 61207.58789 33.935 42852.0 32.562 27408.0 23.117 "" "" 0.002820309214347627 0.0029095886 0.0038887442 0.0067983326 27.13766758339 53.88215674038 2468.80713 -1.017 -1.572 -0.10964999628067007 0.07754996109008783 0.20200048 0.20000048 "" "" 1.5716255468933809 "" 0.31642455531377384 "" 0.94
27.17302558607 54.06187694943 0.0102 0.0133 13.2342 "" "" 408445170737917184 2930.89087 0.3056 0.0168 -0.895 -1.885 0.014 0.016 0.988 "" "" 13.743113 1.48018 14.421289 12.94111 -57.86 1.65 2782.48145 3089.30249 59937.88661 8.7668 23276.0 23.159 52810.0 23.987 "" "" 0.002759892825660756 0.0029919976 0.0038114209 0.0068034185 27.17302558607 54.06187694943 2930.89087 -0.8950000000000005 -1.8849999999999998 0.012350003719329816 -0.23545003890991212 0.19500048 0.19700049 17.03 5.7033334 3.275468078514386 17.34213340778368 0.6452509288587364 5.6020073926755956 0.83
27.57352041348 53.71061943103 0.0129 0.0143 13.2935 "" "" 408422669409012224 2871.67896 0.3099 0.0178 -0.759 -1.719 0.02 0.018 1.069 "" "" 13.845103 1.040841 14.274598 13.233757 "" "" 2735.84863 2975.77734 54563.92844 27.701 26643.0 54.03 40333.0 85.448 "" "" 0.0028099141825413372 0.0035542836 0.0044243247 0.007978609 27.57352041348 53.71061943103 2871.67896 -0.759 -1.719 0.14835000371932983 -0.06945003890991219 0.20100048 0.19900048 "" "" 2.229630581678945 "" 0.4473584730630421 "" 0.94
27.16679678843 54.005697418 0.0132 0.0158 11.6117 "" "" 408444556561932416 2669.104 0.3418 0.0201 -1.081 -1.608 0.019 0.02 1.056 10655.4 3.9726 13.981847 0.278857 14.081712 13.802855 "" "" 2536.79834 2804.22656 48106.97942 28.561 31822.0 21.648 23879.0 20.937 "" "" 0.002829716816489016 0.0028862765 0.0038974313 0.006783708 27.16679678843 54.005697418 2669.104 -1.081 -1.6080000000000005 -0.17364999628067013 0.041549961090087795 0.20000048 0.20100048 "" "" 2.258956674886014 "" 0.4519150349214829 "" 0.95
27.01064423285 53.55617485195 0.0138 0.0153 27.2345 "" "" 408053783256231552 2657.15234 0.3424 0.0196 -1.39 -1.475 0.021 0.019 1.116 "" "" 14.087282 1.51175 14.786306 13.274556 -69.52 2.38 2521.61816 2775.14014 43654.99846 8.3752 16630.0 16.82 38845.0 15.017 "" "" 0.0027631825034823026 0.0029984931 0.0038026178 0.0068011107 27.01064423285 53.55617485195 2657.15234 -1.3899999999999992 -1.475 -0.48264999628067007 0.1745499610900878 0.20200048 0.20000048 5.3700000000000045 6.4333334 6.464249392808893 8.403774164768482 1.3042927125520676 4.231545906283869 0.94
27.50133842487 53.88628946321 0.017 0.0188 2.5455 "" "" 408433458366768768 2945.11206 0.3063 0.0246 -0.792 -1.752 0.024 0.025 1.123 10005.5 4.1052 14.258337 0.173512 14.324505 14.150993 "" "" 2749.3772 3201.84839 37291.68557 28.061 25446.0 38.533 17329.0 26.329 "" "" 0.0028738924916549857 0.0032385536 0.0041237106 0.007362264 27.50133842487 53.88628946321 2945.11206 -0.792 -1.7520000000000002 0.1153500037193298 -0.10245003890991211 0.20500049 0.20600049 "" "" 2.153691780625837 "" 0.442458896227065 "" 0.95
27.48621247665 53.89361360116 0.0174 0.018 1.9054 "" "" 408433664525197440 2467.89136 0.3761 0.0231 -0.475 -1.541 0.024 0.024 1.205 9799.0 4.0153 14.315638 0.256368 14.407847 14.15148 "" "" 2353.22314 2639.87622 35374.62882 20.403 23566.0 30.495 17321.0 19.397 "" "" 0.0028255866662899756 0.003123938 0.0039701457 0.007094084 27.48621247665 53.89361360116 2467.89136 -0.4750000000000004 -1.541 0.43235000371932986 0.10854996109008797 0.20500049 0.20500049 "" "" 5.214513850882395 "" 1.0689778942828911 "" 0.95
27.52406442607 53.71009836599 0.0151 0.0156 12.9215 "" "" 408422016573930112 2716.83105 0.3298 0.0198 -0.93 -1.784 0.022 0.02 1.007 10225.4 4.1318 14.348053 0.277346 14.448087 14.170741 "" "" 2601.55029 2848.08936 34334.09504 15.217 22708.0 26.711 17016.0 15.263 "" "" 0.0027970243270352387 0.0030685687 0.0039028418 0.0069714105 27.52406442607 53.71009836599 2716.83105 -0.9299999999999995 -1.7840000000000005 -0.022649996280670215 -0.13445003890991214 0.20300049 0.20100048 "" "" 1.7558149587031002 "" 0.3530170318262028 "" 0.94
27.17173005408 53.96464461434 0.0139 0.0167 10.6204 "" "" 408441464185496320 2835.91089 0.3202 0.0207 -0.963 -1.552 0.02 0.021 0.912 10023.0 4.0798 14.515175 0.318361 14.628221 14.309859 "" "" 2641.16724 3034.52808 29435.87211 12.691 19237.0 24.229 14970.0 17.344 "" "" 0.0027948008250195996 0.0031072595 0.0039832247 0.0070904843 27.17173005408 53.96464461434 2835.91089 -0.9629999999999996 -1.552 -0.05564999628067013 0.09754996109008784 0.20100048 0.20200048 "" "" 1.5096584103929331 "" 0.30458174658439396 "" 0.95
27.48912386745 53.89573719306 0.016 0.0164 1.8381 "" "" 408433664525196928 2607.30176 0.3525 0.0213 -0.725 -1.713 0.023 0.022 1.053 5886.3 3.7294 14.530254 1.005996 14.928617 13.922622 "" "" 2458.6123 2784.10718 29029.85336 25.033 14587.0 41.468 21385.0 90.353 "" "" 0.00291004392023912 0.00416074 0.00594366 0.0101044 27.48912386745 53.89573719306 2607.30176 -0.725 -1.7129999999999999 0.18235000371932986 -0.06345003890991219 0.20400049 0.20300049 "" "" 2.3861219107531983 "" 0.48651289957767574 "" 0.95
27.53119404964 53.87490569379 0.0162 0.016 3.7187 "" "" 408433389647295104 2556.5769 0.361 0.021 -0.817 -1.672 0.025 0.022 1.025 9119.8 4.2138 14.553327 0.305043 14.666354 14.361311 "" "" 2410.23486 2696.70801 28419.48229 12.506 18573.0 24.069 14277.0 12.659 "" "" 0.002796437310519116 0.0031248606 0.0039000642 0.0070249247 27.53119404964 53.87490569379 2556.5769 -0.817 -1.6719999999999997 0.09035000371932989 -0.02245003890991204 0.20600049 0.20300049 "" "" 1.1281706389872144 "" 0.2322082435995891 "" 0.97
27.54447366374 53.89340635351 0.0154 0.0161 3.3429 "" "" 408433527086243328 2727.24463 0.3298 0.0209 -0.852 -1.703 0.023 0.022 0.985 10944.6 3.9962 14.573557 0.312706 14.681437 14.368732 "" "" 2620.63647 2855.83423 27894.84681 14.098 18316.0 35.218 14180.0 17.929 "" "" 0.0028094292591355273 0.0034847301 0.00402098 0.0075057102 27.54447366374 53.89340635351 2727.24463 -0.8520000000000002 -1.703000000000001 0.055350003719329854 -0.05345003890991218 0.20400049 0.20300049 "" "" 0.9946784622546786 "" 0.20243552628811332 "" 0.96
27.40756435834 53.84981089758 0.0185 0.0181 4.7936 "" "" 408428063887564160 2686.53662 0.3389 0.0243 -0.825 -1.836 0.027 0.024 1.062 9562.9 4.1583 14.580766 0.306617 14.686213 14.379597 "" "" 2533.78345 2830.72241 27710.25554 17.437 18236.0 28.025 14038.0 13.255 "" "" 0.00283876173464286 0.0032510185 0.0039159562 0.0071669747 27.40756435834 53.84981089758 2686.53662 -0.825 -1.8360000000000003 0.08235000371932988 -0.18645003890991219 0.20800048 0.20500049 "" "" 2.5955608835860393 "" 0.5333700534187632 "" 0.96
27.47185454867 53.93067810705 0.015 0.017 0.567 "" "" 408433767601017856 2906.47095 0.3161 0.0218 -0.79 -1.624 0.022 0.023 1.057 7632.6 3.6834 14.585096 0.710587 14.823971 14.113384 "" "" 2712.1792 3091.36694 27599.93456 18.686 16063.0 55.101 17939.0 157.8 "" "" 0.0028516884569329123 0.004653628 0.010271256 0.014924884 27.47185454867 53.93067810705 2906.47095 -0.7899999999999997 -1.624 0.1173500037193298 0.02554996109008778 0.20300049 0.20400049 "" "" 1.654567668907908 "" 0.33595310018145286 "" 0.96
27.34364726692 54.13988067996 0.0151 0.0175 13.7131 "" "" 408449985400522496 2791.20752 0.319 0.0244 -1.033 -1.509 0.02 0.022 1.005 8980.9 4.2793 14.63969 0.303823 14.750374 14.446551 "" "" 2640.85474 3003.43115 26246.44421 10.461 17190.0 15.955 13199.0 12.474 "" "" 0.0027890954292882205 0.002966576 0.003916198 0.0068827737 27.34364726692 54.13988067996 2791.20752 -1.033 -1.509 -0.12564999628067008 0.140549961090088 0.20100048 0.20300049 "" "" 2.494265625521963 "" 0.5041273076142742 "" 0.87
27.56862868614 54.05685451586 0.0147 0.0173 8.8688 "" "" 408436482023698304 2470.93335 0.3631 0.0235 -1.18 -1.455 0.02 0.023 0.965 9109.2 4.1889 14.684547 0.340545 14.80567 14.465125 "" "" 2344.93506 2581.3396 25184.16981 8.0171 16336.0 16.042 12975.0 18.32 "" "" 0.002776913915629882 0.002986942 0.0040784576 0.0070653995 27.56862868614 54.05685451586 2470.93335 -1.18 -1.455 -0.2726499962806701 0.19454996109008782 0.20100048 0.20400049 "" "" 3.9229431104667696 "" 0.7925035455266107 "" 0.87
27.44035766757 53.95931112973 0.0174 0.0193 2.3589 "" "" 408434695317035136 2502.0061 0.3674 0.0254 -0.767 -1.593 0.025 0.025 1.074 9149.9 4.2426 14.755269 0.34093 14.878668 14.537738 "" "" 2329.95508 2658.21558 23596.03922 8.9261 15274.0 15.709 12136.0 17.875 "" "" 0.002785764016100237 0.0030053242 0.0041037877 0.007109112 27.44035766757 53.95931112973 2502.0061 -0.767 -1.593 0.14035000371932982 0.05654996109008792 0.20600049 0.20600049 "" "" 1.7945134565615555 "" 0.369670654910557 "" 0.95
27.49065041846 53.91994107342 0.0237 0.0257 0.9606 "" "" 408433698884928000 2692.93359 0.3464 0.034 -0.621 -1.455 0.034 0.034 1.47 16521.0 4.1471 14.784286 1.541849 15.425266 13.883417 -97.29 8.13 2490.28931 2947.552 22973.78098 23.692 9232.3 31.336 22171.0 57.269 "" "" 0.0029741335784050815 0.004622289 0.004706279 0.009328568 27.49065041846 53.91994107342 2692.93359 -0.6210000000000006 -1.4550000000000007 0.28635000371932984 0.19454996109008782 0.21500048 0.21500048 -22.400000000000006 12.183333 4.418916331541303 22.831706496562248 0.9500691341881624 11.954382754368561 0.88
