Clusters/UBC_188/UBC_188_stars_in_region.tsv
# %ECSV 1.0
# ---
# datatype:
# - name: RA_ICRS_1
#   unit: deg
#   datatype: float64
#   format: '{:15.11f}'
#   description: Right ascension (ICRS) at Ep=2016.0 (ra)
#   meta: !!omap
#   - {ucd: POS_EQ_RA_MAIN}
#   - {width: 15}
#   - {precision: '11'}
# - name: DE_ICRS_1
#   unit: deg
#   datatype: float64
#   format: '{:15.11f}'
#   description: Declination (ICRS) at Ep=2016.0 (dec)
#   meta: !!omap
#   - {ucd: POS_EQ_DEC_MAIN}
#   - {width: 15}
#   - {precision: '11'}
# - name: e_RA_ICRS
#   unit: mas
#   datatype: float64
#   format: '{:7.4f}'
#   description: Standard error of right ascension (ra_error)
#   meta: !!omap
#   - {ucd: ERROR}
#   - {width: 7}
#   - {precision: '4'}
# - name: e_DE_ICRS
#   unit: mas
#   datatype: float64
#   format: '{:7.4f}'
#   description: Standard error of declination (dec_error)
#   meta: !!omap
#   - {ucd: ERROR}
#   - {width: 7}
#   - {precision: '4'}
# - name: _r_1
#   unit: ''
#   datatype: float64
#   format: '{:7.4f}'
#   description: Distance from center (027.46381469000+53.92249969000)[ICRS], at Epoch=J2016.0
#   meta: !!omap
#   - {ucd: POS_ANG_DIST_GENERAL}
#   - {width: 7}
#   - {precision: '4'}
# - name: HIP
#   datatype: int32
#   description: '? HIP cross-id number, van Leeuwen, Cat. I/311 (hip_original_ext_source_id)'
#   meta: !!omap
#   - {ucd: ID_NUMBER}
#   - {width: 6}
#   - values: {'null': -2147483648}
# - name: TYC2
#   datatype: string
#   description: Tycho-2 cross-id name, Hog et al., Cat. I/259 (tyc2_original_ext_source_id)
#   meta: !!omap
#   - {ucd: ID_CROSSID}
#   - {_votable_string_dtype: char}
# - name: Source
#   datatype: int64
#   description: Source identifier, identical to the Gaia-EDR3 source_id (id)
#   meta: !!omap
#   - {ucd: ID_MAIN}
#   - {width: 19}
# - name: rgeo
#   unit: pc
#   datatype: float64
#   format: '{:15.8f}'
#   description: '? Median of the geometric distance posterior (r_med_geo)'
#   meta: !!omap
#   - {ucd: PHYS_DISTANCE_TRUE}
#   - {width: 15}
#   - {precision: '8'}
#   - values: {'null': .nan}
# - name: Plx
#   unit: mas
#   datatype: float64
#   format: '{:9.4f}'
#   description: '? Parallax (parallax)'
#   meta: !!omap
#   - {ucd: POS_PARLX_TRIG}
#   - {width: 9}
#   - {precision: '4'}
#   - values: {'null': .nan}
# - name: e_Plx
#   unit: mas
#   datatype: float32
#   format: '{:7.4f}'
#   description: '? Standard error of parallax (parallax_error)'
#   meta: !!omap
#   - {ucd: ERROR}
#   - {width: 7}
#   - {precision: '4'}
#   - values: {'null': .nan}
# - name: pmRA
#   unit: mas / yr
#   datatype: float64
#   format: '{:9.3f}'
#   description: '? Proper motion in right ascension direction, pmRA*cosDE (pmra)'
#   meta: !!omap
#   - {ucd: POS_EQ_PMRA}
#   - {width: 9}
#   - {precision: '3'}
#   - values: {'null': .nan}
# - name: pmDE
#   unit: mas / yr
#   datatype: float64
#   format: '{:9.3f}'
#   description: '? Proper motion in declination direction (pmdec)'
#   meta: !!omap
#   - {ucd: POS_EQ_PMDEC}
#   - {width: 9}
#   - {precision: '3'}
#   - values: {'null': .nan}
# - name: e_pmRA
#   unit: mas / yr
#   datatype: float32
#   format: '{:6.3f}'
#   description: '? Standard error of proper motion in right ascension direction (pmra_error)'
#   meta: !!omap
#   - {ucd: ERROR}
#   - {width: 6}
#   - {precision: '3'}
#   - values: {'null': .nan}
# - name: e_pmDE
[...]
#         value: !astropy.table.SerializedColumn {name: SkyCoord.dec}
#       distance: !astropy.table.SerializedColumn
#         __class__: astropy.coordinates.distances.Distance
#         unit: !astropy.units.Unit {unit: pc}
#         value: !astropy.table.SerializedColumn {name: SkyCoord.distance}
#       frame: icrs
#       obstime: !astropy.time.Time {format: jyear_str, in_subfmt: '*', jd1: 367701545.0, jd2: 0.0, out_subfmt: '*', precision: 3, scale: tt}
#       pm_dec: !astropy.table.SerializedColumn
#         __class__: astropy.units.quantity.Quantity
#         unit: !astropy.units.Unit {unit: mas / yr}
#         value: !astropy.table.SerializedColumn {name: SkyCoord.pm_dec}
#       pm_ra_cosdec: !astropy.table.SerializedColumn
#         __class__: astropy.units.quantity.Quantity
#         unit: !astropy.units.Unit {unit: mas / yr}
#         value: !astropy.table.SerializedColumn {name: SkyCoord.pm_ra_cosdec}
#       ra: !astropy.table.SerializedColumn
#         __class__: astropy.coordinates.angles.Longitude
#         unit: *id001
#         value: !astropy.table.SerializedColumn {name: SkyCoord.ra}
#         wrap_angle: !astropy.coordinates.Angle
#           unit: *id001
#           value: 360.0
#       representation_type: spherical
# schema: astropy-2.0
RA_ICRS_1 DE_ICRS_1 e_RA_ICRS e_DE_ICRS _r_1 HIP TYC2 Source rgeo Plx e_Plx pmRA pmDE e_pmRA e_pmDE RUWE Teff logg Gmag BP-RP BPmag RPmag RV e_RV b_rgeo B_rgeo FG e_FG FBP e_FBP FRP e_FRP RAVE5 RAVE6 e_Gmag e_BPmag e_RPmag e_BP-RP SkyCoord.ra SkyCoord.dec SkyCoord.distance SkyCoord.pm_ra_cosdec SkyCoord.pm_dec rmRA rmDE e_rmRA e_rmDE rRV e_rRV v_pec v_pec3d e_vpec e_vpec3d
[from data line 334]
27.41334986987 53.60522537539 0.0197 0.0206 19.1204 "" "" 408045914876110976 2121.51294 0.4517 0.0264 10.362 -6.92 0.028 0.026 1.052 5583.2 3.6888 15.168729 1.070987 15.617249 14.546262 "" "" 2009.75525 2217.10864 16123.34303 4.3684 7736.0 14.225 12041.0 14.642 "" "" 0.0027709786533708933 0.0034308734 0.004003353 0.0074342266 27.41334986987 53.60522537539 2121.51294 10.362000000000004 -6.920000000000002 11.26935000371933 -5.270450038909912 0.20900048 0.2070005 "" "" 125.10529349896413 "" 26.10233831109699 ""
27.88481847569 53.78129130403 0.0252 0.0238 17.1407 "" "" 408240665873967104 2360.35938 0.3901 0.033 0.463 -1.617 0.04 0.029 1.203 6666.0 4.2803 15.170598 0.790984 15.476943 14.685959 "" "" 2201.87939 2548.08911 16095.60715 6.0268 8803.2 24.811 10587.0 15.781 "" "" 0.0027851507157458442 0.0041411268 0.0041113193 0.008252446 27.88481847569 53.78129130403 2360.35938 0.46299999999999963 -1.617 1.37035000371933 0.0325499610900879 0.2210005 0.21000049 "" "" 15.33594210745925 "" 3.3891580005353763 ""
26.96755732281 53.71187939447 0.0207 0.0225 21.6493 "" "" 408061170599907072 2675.93628 0.339 0.0285 -1.575 1.051 0.031 0.029 1.018 5113.3 3.7482 15.173411 1.243273 15.719534 14.476261 "" "" 2519.04688 2901.30176 16053.95751 4.4122 7040.5 16.504 12843.0 15.978 "" "" 0.0027714312853018234 0.0037766038 0.004013514 0.007790118 26.96755732281 53.71187939447 2675.93628 -1.574999999999999 1.050999999999999 -0.6676499962806701 2.700549961090088 0.21200049 0.21000049 "" "" 35.28489761249766 "" 7.413928731736831 ""
27.39779542406 53.67245650079 0.02 0.0207 15.1839 "" "" 408421634316541696 2390.78247 0.3846 0.027 -0.645 -2.141 0.028 0.027 0.953 6677.0 4.2942 15.179395 0.756531 15.472692 14.716161 "" "" 2258.24438 2546.57422 15965.72974 4.9717 8837.7 14.309 10297.0 12.72 "" "" 0.0027759860456815218 0.0032977664 0.0040103123 0.007308079 27.39779542406 53.67245650079 2390.78247 -0.6450000000000007 -2.140999999999999 0.2623500037193298 -0.4914500389099121 0.20900048 0.20800048 "" "" 6.3131301792747045 "" 1.3145368183465709 ""
27.85765739207 53.59280430561 0.0389 0.0435 24.2175 "" "" 408230220513615360 2595.90649 0.3645 0.0544 -1.258 1.405 0.057 0.053 2.249 5225.5 4.1588 15.185151 1.276455 15.736991 14.460536 "" "" 2298.13818 3044.88672 15881.31214 8.2461 6928.2 19.058 13030.0 14.416 "" "" 0.0028124017256931765 0.004087175 0.0039656865 0.008052861 27.85765739207 53.59280430561 2595.90649 -1.2579999999999998 1.4050000000000002 -0.3506499962806702 3.054549961090088 0.23800048 0.23400049 "" "" 37.83184472166861 "" 8.854655037027179 ""
26.91563272691 54.08344055734 0.0177 0.0231 21.609 "" "" 408491560683986432 2391.74634 0.3794 0.0288 -0.811 -0.028 0.026 0.03 1.037 7124.3 4.3688 15.186212 0.630969 15.428684 14.797715 "" "" 2261.65454 2540.39258 15865.80425 6.2647 9203.3 20.113 9551.5 13.081 "" "" 0.0027884728277159042 0.003662668 0.004061369 0.0077240374 26.91563272691 54.08344055734 2391.74634 -0.811 -0.028000000000000025 0.09635000371932978 1.6215499610900879 0.2070005 0.21100049 "" "" 18.415736558634276 "" 3.885472678562225 ""
28.23943509051 53.86597903817 0.0208 0.0216 27.6321 "" "" 408252313825213440 2242.67676 0.4165 0.0287 0.284 -1.787 0.029 0.028 1.05 6657.6 4.3005 15.186241 0.786663 15.498835 14.712172 "" "" 2096.771 2412.58057 15865.37819 4.9377 8627.5 20.336 10335.0 13.691 "" "" 0.002775963123203332 0.0037861026 0.004043814 0.007829917 28.23943509051 53.86597903817 2242.67676 0.28400000000000036 -1.7869999999999993 1.1913500037193299 -0.13745003890991203 0.21000049 0.20900048 "" "" 12.74840275342963 "" 2.677003691705513 ""
27.59491747618 54.06599133193 0.0188 0.0232 9.7728 "" "" 408436619459220480 2809.89502 0.3211 0.0316 -1.446 0.27 0.026 0.029 0.98 7419.3 4.1871 15.209747 0.605106 15.286562 14.681456 "" "" 2590.50806 3044.17969 15525.58264 4.9071 10490.0 210.55 10631.0 244.08 "" "" 0.0027766077708236093 0.021970242 0.025212586 0.04718283 27.59491747618 54.06599133193 2809.89502 -1.446 0.2700000000000002 -0.5386499962806701 1.919549961090088 0.2070005 0.21000049 "" "" 26.553816145092604 "" 5.570537903874656 ""
27.84800911787 54.30196594134 0.021 0.0235 26.4759 "" "" 408469123775045760 2453.10718 0.3732 0.0291 -0.055 1.088 0.03 0.029 1.047 6680.5 4.1944 15.211166 0.718514 15.489579 14.771066 "" "" 2268.61035 2660.67822 15505.30463 4.5359 8701.3 18.957 9788.9 16.344 "" "" 0.002773566603699922 0.003657909 0.004191653 0.007849562 27.84800911787 54.30196594134 2453.10718 -0.05499999999999994 1.088 0.8523500037193298 2.737549961090088 0.21100049 0.21000049 "" "" 33.33870646164854 "" 7.0040972303097595 ""
27.48325335828 54.19936996649 0.0194 0.0217 16.6263 "" "" 408473281303099264 2406.26074 0.3821 0.0293 -2.486 -1.287 0.026 0.026 0.962 6694.6 4.2601 15.211916 0.774606 15.515508 14.740902 "" "" 2286.94629 2627.02124 15494.59979 4.4409 8496.0 14.139 10065.0 11.566 "" "" 0.0027728367874631896 0.0033241317 0.0039799954 0.0073041273 27.48325335828 54.19936996649 2406.26074 -2.486000000000001 -1.2869999999999997 -1.5786499962806704 0.36254996109008797 0.2070005 0.2070005 "" "" 18.47430208505823 "" 3.824189657973174 ""
27.93272548424 54.2727742643 0.0213 0.0244 26.7185 "" "" 408465855301480960 2477.29346 0.377 0.0297 -0.589 -0.564 0.029 0.03 1.067 7494.6 3.8828 15.218013 0.540835 15.421479 14.880644 "" "" 2330.396 2678.12427 15407.83042 6.2859 9264.6 13.105 8849.1 15.047 "" "" 0.002790697066640062 0.0031849223 0.004206201 0.007391123 27.93272548424 54.2727742643 2477.29346 -0.589 -0.5639999999999998 0.31835000371932987 1.0855499610900878 0.21000049 0.21100049 "" "" 13.283758981829306 "" 2.801829948585244 ""
27.39635365393 54.32746398303 0.0197 0.0212 24.4134 "" "" 408478057306666368 2177.04248 0.4298 0.0292 -0.335 0.316 0.026 0.025 1.026 5236.1 4.0936 15.221399 1.188185 15.734666 14.546481 "" "" 2047.85986 2314.95239 15359.8576 4.0169 6943.1 14.874 12038.0 15.984 "" "" 0.0027699118962947297 0.003632499 0.0040450017 0.0076775006 27.39635365393 54.32746398303 2177.04248 -0.3349999999999999 0.31599999999999984 0.5723500037193299 1.965549961090088 0.2070005 0.20600049 "" "" 21.125285259456458 "" 4.353474097282678 ""
27.46625079151 53.89767677472 0.022 0.0223 1.4919 "" "" 408427857729411968 2352.35498 0.4001 0.0299 -2.126 -1.552 0.03 0.031 0.97 5330.3 3.5739 15.22143 1.204638 15.744854 14.540216 "" "" 2188.53809 2564.81909 15359.42357 4.7102 6878.2 13.665 12108.0 19.423 "" "" 0.002775364850565501 0.0035267393 0.004161391 0.0076881303 27.46625079151 53.89767677472 2352.35498 -2.1260000000000012 -1.5520000000000005 -1.21864999628067 0.09754996109008784 0.21100049 0.21200049 "" "" 13.63160988664447 "" 2.8763633219935443 ""
27.72391761631 54.20006491193 0.0233 0.029 19.0066 "" "" 408462389266608512 2451.2478 0.3775 0.0346 -0.827 -1.151 0.032 0.036 1.11 6424.8 4.2645 15.222897 0.654119 15.44317 14.78905 "" "" 2192.40137 2681.79028 15338.68969 12.842 9081.3 69.217 9628.0 79.143 "" "" 0.0029013942763086538 0.008733116 0.00969209 0.018425206 27.72391761631 54.20006491193 2451.2478 -0.8269999999999996 -1.1510000000000011 0.08035000371932988 0.49854996109008787 0.21300049 0.21700048 "" "" 5.867358438714363 "" 1.2726307818020481 ""
27.36802376585 54.11396903865 0.0182 0.0217 11.9742 "" "" 408449916681060608 2785.25635 0.3281 0.0291 -1.023 -1.527 0.025 0.027 1.013 6402.0 4.1866 15.227923 0.83453 15.562499 14.727969 "" "" 2603.96167 3033.11938 15267.83195 4.166 8136.1 12.181 10185.0 11.172 "" "" 0.002771201296925748 0.0032291403 0.0039625866 0.007191727 27.36802376585 54.11396903865 2785.25635 -1.023 -1.527 -0.11564999628067008 0.12254996109008798 0.20600049 0.20800048 "" "" 2.2246020175164594 "" 0.4606278256831917 ""
27.17112209552 53.73446104422 0.0228 0.0226 15.3206 "" "" 408062373190737536 2700.56104 0.3343 0.0299 -1.317 -1.851 0.032 0.028 0.994 6907.2 4.1419 15.228293 0.73838 15.514778 14.776398 "" "" 2475.73657 2908.89209 15262.6294 5.6374 8501.7 16.651 9740.9 13.179 "" "" 0.0027843513050733997 0.0035081212 0.004054818 0.007562939 27.17112209552 53.73446104422 2700.56104 -1.3170000000000002 -1.851 -0.4096499962806701 -0.2014500389099121 0.21300049 0.20900048 "" "" 5.8435428716854085 "" 1.2401602362040745 ""
27.65573027027 53.76555481515 0.0237 0.0234 11.6115 "" "" 408423150445284608 2626.72192 0.3449 0.0311 5.542 -4.155 0.034 0.029 1.064 5031.7 3.6231 15.23116 1.304788 15.807899 14.503112 "" "" 2458.47192 2867.59473 15222.38151 4.8051 6490.2 10.436 12529.0 27.3 "" "" 0.0027765534253841595 0.0032913443 0.0044587604 0.0077501046 27.65573027027 53.76555481515 2626.72192 5.542 -4.155000000000001 6.44935000371933 -2.5054500389099124 0.21500048 0.21000049 "" "" 86.14508091443322 "" 18.465326041203983 ""
27.3749134883 53.67951903078 0.0208 0.0217 14.9153 "" "" 408424593554018048 2829.0686 0.3232 0.0284 -2.34 -1.474 0.029 0.027 1.043 7651.7 4.1894 15.231589 0.613264 15.4619 14.848636 "" "" 2602.14526 3087.30249 15216.3698 5.7862 8926.0 17.585 9113.9 13.659 "" "" 0.0027860807300402572 0.0035157285 0.0041147885 0.007630517 27.3749134883 53.67951903078 2829.0686 -2.34 -1.4739999999999998 -1.43264999628067 0.1755499610900879 0.21000049 0.20800048 "" "" 19.35522049743152 "" 4.064035747161999 ""
26.68591557915 53.80646394817 0.0216 0.0238 28.3902 "" "" 408106800332039808 2627.6001 0.3472 0.0299 -2.17 -2.137 0.032 0.031 1.027 6995.0 4.2186 15.238567 0.728007 15.519942 14.791935 "" "" 2447.70557 2844.75244 15118.88335 9.9333 8461.4 28.237 9602.5 18.617 "" "" 0.002846163554971221 0.004573087 0.0043260492 0.008899136 26.68591557915 53.80646394817 2627.6001 -2.17 -2.137 -1.26264999628067 -0.4874500389099121 0.21300049 0.21200049 "" "" 16.857284251225213 "" 3.5884278003280543 ""
28.03805347586 53.6818998274 0.0223 0.0221 24.9485 "" "" 408236267827513216 2983.58423 0.3011 0.0295 2.269 -0.38 0.033 0.027 0.931 5644.0 3.5063 15.239985 1.019954 15.664758 14.644804 "" "" 2770.44434 3258.85278 15099.16968 7.1492 7404.8 16.988 10996.0 15.599 "" "" 0.002802867316212573 0.00374026 0.0040811817 0.007821442 28.03805347586 53.6818998274 2983.58423 2.269000000000001 -0.3800000000000001 3.17635000371933 1.269549961090088 0.2140005 0.20800048 "" "" 48.37570710431204 "" 10.312928956099576 ""
27.60841958681 54.06964880971 0.018 0.0233 10.1962 "" "" 408436550743171072 2752.14624 0.3315 0.0296 -0.821 -0.39 0.025 0.03 1.01 6487.5 4.2275 15.240286 0.750559 15.53332 14.782762 "" "" 2530.50073 2995.59521 15094.97486 4.315 8357.7 13.339 9684.0 13.919 "" "" 0.0027727451801498057 0.003284481 0.0040888926 0.0073733735 27.60841958681 54.06964880971 2752.14624 -0.8209999999999997 -0.39 0.08635000371932988 1.2595499610900878 0.20600049 0.21100049 "" "" 16.4696147166709 "" 3.474716051176797 ""
27.6301504351 54.34363103461 0.0199 0.0211 25.9356 "" "" 408475892643488896 2210.82739 0.422 0.0278 -1.844 -0.583 0.027 0.028 0.995 6151.7 4.2237 15.242116 0.813212 15.566821 14.753609 "" "" 2083.78198 2370.3623 15069.54595 3.8808 8103.8 16.706 9947.5 13.008 "" "" 0.0027694708022810346 0.0035769818 0.004037264 0.0076142456 27.6301504351 54.34363103461 2210.82739 -1.8439999999999992 -0.5830000000000009 -0.9366499962806702 1.066549961090088 0.20800048 0.20900048 "" "" 14.874887147620752 "" 3.1023904516162433 ""
28.22802958269 53.99786205626 0.0225 0.0242 27.3536 "" "" 408265130009073024 2682.42188 0.3384 0.0327 0.53 -0.88 0.03 0.029 1.123 6614.0 3.791 15.248068 0.819665 15.568969 14.749304 "" "" 2463.76978 2958.9292 14987.17486 4.8509 8087.8 11.936 9987.0 8.8115 "" "" 0.0027776402996894252 0.003217533 0.0038988946 0.0071164276 28.22802958269 53.99786205626 2682.42188 0.53 -0.8799999999999999 1.4373500037193299 0.7695499610900879 0.21100049 0.21000049 "" "" 20.729928079057863 "" 4.369415081473062 ""
27.12999297445 53.82804619549 0.0204 0.0212 13.0977 "" "" 408438955924637056 2332.58252 0.402 0.0276 -3.177 -1.725 0.029 0.027 0.998 5740.3 3.4793 15.251264 1.160964 15.75363 14.592666 "" "" 2202.83374 2476.69653 14943.11502 3.9214 6822.8 12.466 11537.0 12.984 "" "" 0.002770012515005697 0.003423499 0.0039720014 0.0073955003 27.12999297445 53.82804619549 2332.58252 -3.1770000000000005 -1.7250000000000008 -2.26964999628067 -0.0754500389099122 0.21000049 0.20800048 "" "" 25.108113589764255 "" 5.272660866774724 ""
27.96286674615 53.61738362723 0.0205 0.0228 25.4624 "" "" 408235748131917952 2653.72363 0.3519 0.0296 -1.058 -2.042 0.031 0.028 0.998 5993.4 4.2067 15.254256 0.952475 15.644186 14.691711 "" "" 2457.23804 2840.60156 14901.98814 3.9456 7546.4 14.347 10531.0 15.321 "" "" 0.0027702759147531296 0.0034707128 0.0040961937 0.0075669065 27.96286674615 53.61738362723 2653.72363 -1.058 -2.042000000000002 -0.15064999628067022 -0.3924500389099119 0.21200049 0.20900048 "" "" 5.287709807282288 "" 1.1071839524894738 ""
27.61370488153 53.73073691498 0.0241 0.0249 12.6712 "" "" 408422635049217280 2763.02515 0.3341 0.033 -1.569 -0.9 0.037 0.03 1.077 5013.0 3.3732 15.259344 1.436571 15.914623 14.478052 "" "" 2533.44775 3084.73511 14832.32576 4.8358 5882.6 15.532 12821.0 16.917 "" "" 0.0027779657899328434 0.004000378 0.0040417914 0.00804217 27.61370488153 53.73073691498 2763.02515 -1.5690000000000002 -0.9 -0.6616499962806701 0.7495499610900879 0.21800049 0.21100049 "" "" 13.09415799368843 "" 2.803384987768379 ""
26.94741667106 54.29953810779 0.0213 0.0255 29.0114 "" "" 408501387569043072 2517.74316 0.363 0.0333 -0.004 -0.497 0.028 0.031 1.003 6341.5 3.8927 15.264362 0.770998 15.569098 14.7981 "" "" 2332.94531 2737.93042 14763.92799 4.8402 8086.8 12.358 9548.1 20.358 "" "" 0.002778216669824425 0.0032462217 0.0044320133 0.007678235 26.94741667106 54.29953810779 2517.74316 -0.003999999999999976 -0.497 0.9033500037193298 1.152549961090088 0.20900048 0.21200049 "" "" 17.47607685280342 "" 3.685073523557856 ""
27.7870466632 53.53871696519 0.044 0.0506 25.7268 "" "" 408228738745186432 2936.18506 0.3239 0.0628 1.135 -5.009 0.07 0.064 2.253 5200.0 4.1494 15.273934 1.289216 15.833002 14.543786 "" "" 2451.13037 3532.7522 14634.33364 6.2359 6341.9 12.55 12068.0 26.798 "" "" 0.002793891977850441 0.0035215598 0.004482911 0.008004471 27.7870466632 53.53871696519 2936.18506 1.135 -5.009 2.0423500037193296 -3.3594500389099125 0.2510005 0.24500048 "" "" 54.71743716349871 "" 13.495180535681605 ""
26.87298559496 54.05800210575 0.0411 0.053 22.3712 "" "" 408491457604782592 2150.73975 0.4539 0.0665 -0.277 -0.213 0.058 0.067 2.48 6040.6 4.251 15.27574 0.96586 15.65759 14.69173 "" "" 1901.57227 2430.79883 14610.02453 8.0691 7453.9 13.247 10531.0 14.109 "" "" 0.0028198174700803462 0.0033923811 0.0040496495 0.0074420306 26.87298559496 54.05800210575 2150.73975 -0.277 -0.21300000000000008 0.6303500037193298 1.4365499610900878 0.23900048 0.24800049 "" "" 15.992763062568205 "" 3.943329823947452 ""
28.11979902047 54.16941825299 0.0906 0.0979 27.4501 "" "" 408275983386735616 2745.73804 0.392 0.1351 0.951 -3.774 0.121 0.112 5.305 "" "" 15.276443 1.062034 15.588967 14.526934 "" "" 2087.89502 4031.1084 14600.57219 12.037 7940.2 22.345 12257.0 21.855 "" "" 0.002897067061473357 0.004137721 0.00424636 0.008384081 28.11979902047 54.16941825299 2745.73804 0.9510000000000001 -3.774 1.85835000371933 -2.124450038909912 0.3020005 0.2930005 "" "" 36.73483643543967 "" 10.907871487153768 ""
28.03037983499 54.03945444567 0.0195 0.0219 21.1861 "" "" 408268978298233088 2320.85327 0.4028 0.0301 -3.636 -1.916 0.027 0.026 1.009 6687.9 4.3477 15.279718 0.74564 15.564796 14.819156 "" "" 2183.31665 2538.97339 14556.57832 4.1314 8118.9 17.317 9364.7 11.869 "" "" 0.0027724981269798116 0.0036260097 0.004022105 0.007648115 28.03037983499 54.03945444567 2320.85327 -3.636000000000001 -1.9160000000000021 -2.7286499962806703 -0.26645003890991203 0.20800048 0.2070005 "" "" 30.160227989025056 "" 6.273057743163501 ""
