Clusters/UBC_188/UBC_188_stars_in_region.tsv
# %ECSV 1.0
# ---
# datatype:
# - name: RA_ICRS_1
#   unit: deg
#   datatype: float64
#   format: '{:15.11f}'
#   description: Right ascension (ICRS) at Ep=2016.0 (ra)
#   meta: !!omap
#   - {ucd: POS_EQ_RA_MAIN}
#   - {width: 15}
#   - {precision: '11'}
# - name: DE_ICRS_1
#   unit: deg
#   datatype: float64
#   format: '{:15.11f}'
#   description: Declination (ICRS) at Ep=2016.0 (dec)
#   meta: !!omap
#   - {ucd: POS_EQ_DEC_MAIN}
#   - {width: 15}
#   - {precision: '11'}
# - name: e_RA_ICRS
#   unit: mas
#   datatype: float64
#   format: '{:7.4f}'
#   description: Standard error of right ascension (ra_error)
#   meta: !!omap
#   - {ucd: ERROR}
#   - {width: 7}
#   - {precision: '4'}
# - name: e_DE_ICRS
#   unit: mas
#   datatype: float64
#   format: '{:7.4f}'
#   description: Standard error of declination (dec_error)
#   meta: !!omap
#   - {ucd: ERROR}
#   - {width: 7}
#   - {precision: '4'}
# - name: _r_1
#   unit: ''
#   datatype: float64
#   format: '{:7.4f}'
#   description: Distance from center (027.46381469000+53.92249969000)[ICRS], at Epoch=J2016.0
#   meta: !!omap
#   - {ucd: POS_ANG_DIST_GENERAL}
#   - {width: 7}
#   - {precision: '4'}
# - name: HIP
#   datatype: int32
#   description: '? HIP cross-id number, van Leeuwen, Cat. I/311 (hip_original_ext_source_id)'
#   meta: !!omap
#   - {ucd: ID_NUMBER}
#   - {width: 6}
#   - values: {'null': -2147483648}
# - name: TYC2
#   datatype: string
#   description: Tycho-2 cross-id name, Hog et al., Cat. I/259 (tyc2_original_ext_source_id)
#   meta: !!omap
#   - {ucd: ID_CROSSID}
#   - {_votable_string_dtype: char}
# - name: Source
#   datatype: int64
#   description: Source identifier, identical to the Gaia-EDR3 source_id (id)
#   meta: !!omap
#   - {ucd: ID_MAIN}
#   - {width: 19}
# - name: rgeo
#   unit: pc
#   datatype: float64
#   format: '{:15.8f}'
#   description: '? Median of the geometric distance posterior (r_med_geo)'
#   meta: !!omap
#   - {ucd: PHYS_DISTANCE_TRUE}
#   - {width: 15}
#   - {precision: '8'}
#   - values: {'null': .nan}
# - name: Plx
#   unit: mas
#   datatype: float64
#   format: '{:9.4f}'
#   description: '? Parallax (parallax)'
#   meta: !!omap
#   - {ucd: POS_PARLX_TRIG}
#   - {width: 9}
#   - {precision: '4'}
#   - values: {'null': .nan}
# - name: e_Plx
#   unit: mas
#   datatype: float32
#   format: '{:7.4f}'
#   description: '? Standard error of parallax (parallax_error)'
#   meta: !!omap
#   - {ucd: ERROR}
#   - {width: 7}
#   - {precision: '4'}
#   - values: {'null': .nan}
# - name: pmRA
#   unit: mas / yr
#   datatype: float64
#   format: '{:9.3f}'
#   description: '? Proper motion in right ascension direction, pmRA*cosDE (pmra)'
#   meta: !!omap
#   - {ucd: POS_EQ_PMRA}
#   - {width: 9}
#   - {precision: '3'}
#   - values: {'null': .nan}
# - name: pmDE
#   unit: mas / yr
#   datatype: float64
#   format: '{:9.3f}'
#   description: '? Proper motion in declination direction (pmdec)'
#   meta: !!omap
#   - {ucd: POS_EQ_PMDEC}
#   - {width: 9}
#   - {precision: '3'}
#   - values: {'null': .nan}
# - name: e_pmRA
#   unit: mas / yr
#   datatype: float32
#   format: '{:6.3f}'
#   description: '? Standard error of proper motion in right ascension direction (pmra_error)'
#   meta: !!omap
#   - {ucd: ERROR}
#   - {width: 6}
#   - {precision: '3'}
#   - values: {'null': .nan}
# - name: e_pmDE
[...]
#         value: !astropy.table.SerializedColumn {name: SkyCoord.dec}
#       distance: !astropy.table.SerializedColumn
#         __class__: astropy.coordinates.distances.Distance
#         unit: !astropy.units.Unit {unit: pc}
#         value: !astropy.table.SerializedColumn {name: SkyCoord.distance}
#       frame: icrs
#       obstime: !astropy.time.Time {format: jyear_str, in_subfmt: '*', jd1: 367701545.0, jd2: 0.0, out_subfmt: '*', precision: 3, scale: tt}
#       pm_dec: !astropy.table.SerializedColumn
#         __class__: astropy.units.quantity.Quantity
#         unit: !astropy.units.Unit {unit: mas / yr}
#         value: !astropy.table.SerializedColumn {name: SkyCoord.pm_dec}
#       pm_ra_cosdec: !astropy.table.SerializedColumn
#         __class__: astropy.units.quantity.Quantity
#         unit: !astropy.units.Unit {unit: mas / yr}
#         value: !astropy.table.SerializedColumn {name: SkyCoord.pm_ra_cosdec}
#       ra: !astropy.table.SerializedColumn
#         __class__: astropy.coordinates.angles.Longitude
#         unit: *id001
#         value: !astropy.table.SerializedColumn {name: SkyCoord.ra}
#         wrap_angle: !astropy.coordinates.Angle
#           unit: *id001
#           value: 360.0
#       representation_type: spherical
# schema: astropy-2.0
RA_ICRS_1 DE_ICRS_1 e_RA_ICRS e_DE_ICRS _r_1 HIP TYC2 Source rgeo Plx e_Plx pmRA pmDE e_pmRA e_pmDE RUWE Teff logg Gmag BP-RP BPmag RPmag RV e_RV b_rgeo B_rgeo FG e_FG FBP e_FBP FRP e_FRP RAVE5 RAVE6 e_Gmag e_BPmag e_RPmag e_BP-RP SkyCoord.ra SkyCoord.dec SkyCoord.distance SkyCoord.pm_ra_cosdec SkyCoord.pm_dec rmRA rmDE e_rmRA e_rmDE rRV e_rRV v_pec v_pec3d e_vpec e_vpec3d
[from data line 1196]
27.43325298042 54.18867387135 0.0419 0.0419 16.0067 "" "" 408449843662701568 2318.27271 0.4303 0.0568 2.712 -0.923 0.056 0.051 0.973 5170.2 4.6804 16.666998 1.042877 17.103323 16.060446 "" "" 2023.92737 2728.78516 4056.46352 2.2017 1968.3 11.075 2985.2 10.965 "" "" 0.0028176340019342425 0.006716105 0.005494378 0.012210483 27.43325298042 54.18867387135 2318.27271 2.711999999999999 -0.9229999999999989 3.61935000371933 0.7265499610900878 0.2370005 0.23200049 "" "" 40.56505452538615 "" 9.606161124582503 ""
26.99998025817 53.81910588 0.0424 0.0476 17.5423 "" "" 408066393280098688 2447.92065 0.415 0.0581 -0.548 0.144 0.059 0.057 0.995 5306.6 4.6501 16.668217 0.955046 17.055859 16.100813 "" "" 2125.46143 2728.60913 4051.9102 2.3776 2056.2 8.5297 2876.3 10.129 "" "" 0.0028280165656747146 0.0052981637 0.005376112 0.010674275 26.99998025817 53.81910588 2447.92065 -0.5480000000000003 0.14400000000000002 0.3593500037193298 1.7935499610900878 0.24000049 0.23800048 "" "" 21.224411312681102 "" 5.053065001461431 ""
26.89438682829 53.91601395541 0.0386 0.0448 20.1247 "" "" 408068175688890752 2960.69678 0.3145 0.0554 -2.913 -0.963 0.059 0.056 1.025 5026.8 4.3847 16.668882 1.037929 17.096846 16.058916 "" "" 2589.06323 3442.47192 4049.43168 2.3424 1980.1 10.652 2989.5 10.716 "" "" 0.0028259920166780286 0.0064729718 0.005424978 0.0118979495 26.89438682829 53.91601395541 2960.69678 -2.912999999999999 -0.9630000000000003 -2.00564999628067 0.6865499610900879 0.24000049 0.2370005 "" "" 29.750068763948715 "" 7.130722441172587 ""
28.09268793712 53.97685686667 0.0394 0.0427 22.4435 "" "" 408265641104906368 2734.23364 0.3434 0.0585 -0.813 -0.075 0.058 0.051 0.984 5366.2 4.6789 16.67208 0.927723 17.047665 16.119942 "" "" 2338.58618 3186.89722 4037.52297 2.3498 2071.8 15.768 2826.1 9.5676 "" "" 0.002826848425089112 0.008721641 0.005272047 0.013993688 28.09268793712 53.97685686667 2734.23364 -0.813 -0.07499999999999984 0.09435000371932989 1.574549961090088 0.23900048 0.23200049 "" "" 20.443192066537815 "" 4.743350160659579 ""
26.80775573361 54.07797328001 0.0352 0.0487 24.9468 "" "" 408492106140551808 2185.021 0.434 0.0591 -2.852 -3.088 0.052 0.063 1.025 6018.8 4.4858 16.672138 1.039351 17.104149 16.064798 "" "" 1941.79272 2509.26147 4037.3029 2.2228 1966.8 8.9327 2973.3 14.89 "" "" 0.0028194178750720433 0.0056657866 0.006621748 0.012287535 26.80775573361 54.07797328001 2185.021 -2.8520000000000003 -3.088 -1.94464999628067 -1.4384500389099122 0.23300049 0.2440005 "" "" 25.051957259515515 "" 5.936036596015489 ""
26.97332550991 54.31226111876 0.0395 0.0502 29.0589 "" "" 408501456288511616 2420.92896 0.3746 0.0624 -1.139 -2.938 0.052 0.062 1.063 5549.5 4.6636 16.673697 0.896357 17.029818 16.133461 "" "" 2076.52271 2799.21729 4031.51178 2.0 2106.2 10.707 2791.1 8.7049 "" "" 0.002807473259421635 0.006184571 0.0050744535 0.011259025 26.97332550991 54.31226111876 2420.92896 -1.1389999999999998 -2.938 -0.23164999628067018 -1.2884500389099123 0.23300049 0.24300048 "" "" 15.022286836377285 "" 3.6458129494676483 ""
27.57937872423 54.24382239186 0.0384 0.0416 19.7038 "" "" 408473693620282368 2300.72192 0.4054 0.0547 2.052 -1.131 0.051 0.052 1.044 5542.7 4.5799 16.67511 0.933395 17.062347 16.128952 "" "" 2053.01733 2609.16089 4026.26834 1.9169 2044.0 10.694 2802.7 10.616 "" "" 0.0028033895288485347 0.0063287197 0.005585391 0.011914111 27.57937872423 54.24382239186 2300.72192 2.0520000000000027 -1.1310000000000002 2.95935000371933 0.5185499610900879 0.23200049 0.23300049 "" "" 32.76466180656312 "" 7.602395498524302 ""
27.4502626199 54.27464503571 0.0392 0.0418 21.1341 "" "" 408474724412072320 2307.40234 0.4214 0.0609 -0.281 0.687 0.052 0.052 0.992 5143.1 4.635 16.67849 1.040901 17.124025 16.083124 "" "" 2044.83105 2658.81787 4013.75689 2.1002 1931.1 10.302 2923.5 9.971 "" "" 0.0028132793152280595 0.006429172 0.0052911555 0.011720328 27.4502626199 54.27464503571 2307.40234 -0.281 0.687 0.6263500037193298 2.336549961090088 0.23300049 0.23300049 "" "" 26.457308863246382 "" 6.164565852204682 ""
27.12499753276 53.49993140665 0.0429 0.0469 28.0641 "" "" 408041482469920512 2742.27344 0.3486 0.0631 -0.559 -1.77 0.075 0.059 1.045 5241.8 4.6321 16.681128 0.979271 17.089153 16.109882 "" "" 2355.94629 3389.89258 4004.01477 2.5114 1994.1 11.508 2852.4 9.629 "" "" 0.0028382291739171934 0.006858967 0.005264718 0.012123685 27.12499753276 53.49993140665 2742.27344 -0.5589999999999999 -1.7700000000000007 0.3483500037193298 -0.12045003890991213 0.2560005 0.24000049 "" "" 4.791024702212169 "" 1.2185484540841494 ""
27.89917347834 53.61173788588 0.0418 0.0481 24.2083 "" "" 408230667190202368 2712.94238 0.3355 0.0593 -2.366 -2.106 0.062 0.06 1.075 5515.7 4.6432 16.681316 1.02309 17.107327 16.084236 "" "" 2290.62256 3240.58032 4003.31572 2.5858 1961.0 12.041 2920.5 8.2251 "" "" 0.002843167426634927 0.007227005 0.0048614643 0.012088469 27.89917347834 53.61173788588 2712.94238 -2.366000000000001 -2.1059999999999985 -1.4586499962806703 -0.456450038909912 0.24300048 0.24100049 "" "" 19.654225309091743 "" 4.772493414463138 ""
28.21197434677 54.10869237351 0.0362 0.0432 28.6437 "" "" 408272620432020992 3049.67749 0.302 0.0603 -0.397 -1.21 0.053 0.052 0.988 5489.8 4.6483 16.68213 0.864115 17.032907 16.168793 "" "" 2600.10669 3735.38452 4000.31772 2.2879 2100.2 11.225 2701.7 9.0307 "" "" 0.002824426748749602 0.006438902 0.0052397214 0.011678623 28.21197434677 54.10869237351 3049.67749 -0.39700000000000013 -1.2099999999999995 0.5103500037193298 0.4395499610900879 0.23400049 0.23300049 "" "" 9.73639354487857 "" 2.274179427771715 ""
27.02757425647 53.56695343472 0.045 0.046 26.3569 "" "" 408053813317586304 2729.80957 0.3513 0.0649 1.866 -2.032 0.072 0.059 1.025 5253.2 4.6698 16.682281 1.033695 17.116781 16.083086 "" "" 2329.75562 3229.1377 3999.76469 2.5517 1944.0 11.007 2923.6 9.4928 "" "" 0.0028410501390113718 0.0067510395 0.0051683392 0.011919379 27.02757425647 53.56695343472 2729.80957 1.866 -2.032 2.77335000371933 -0.38245003890991214 0.2530005 0.24000049 "" "" 36.22480632050519 "" 9.156327444018281 ""
27.60122325875 54.38937907049 0.0446 0.0486 28.4257 "" "" 408482111756112256 2436.54834 0.3943 0.0604 1.593 -3.551 0.059 0.063 1.082 5219.4 4.5269 16.683126 1.045464 17.125755 16.080292 "" "" 2135.21021 2862.47437 3996.65372 1.9429 1928.0 11.339 2931.2 11.221 "" "" 0.0028054186130182118 0.0069684368 0.0056177257 0.012586162 27.60122325875 54.38937907049 2436.54834 1.5930000000000009 -3.550999999999999 2.50035000371933 -1.9014500389099123 0.24000049 0.2440005 "" "" 36.278699663956026 "" 8.760356935600118 ""
27.77874773093 53.53867106657 0.0397 0.0469 25.5993 "" "" 408228807464662784 3037.62207 0.3022 0.0587 -3.694 0.237 0.06 0.06 1.019 5645.7 4.633 16.68341 1.031319 17.111061 16.079742 "" "" 2631.72974 3745.5144 3995.60429 2.2271 1954.3 11.364 2932.7 19.273 "" "" 0.002820997539119487 0.006902482 0.008074328 0.014976811 27.77874773093 53.53867106657 3037.62207 -3.694 0.237 -2.78664999628067 1.886549961090088 0.24100049 0.24100049 "" "" 48.45307984512995 "" 11.677215907182767 ""
27.96120443855 54.03235459844 0.0397 0.0429 18.7478 "" "" 408269626834601088 2405.94873 0.3901 0.0578 0.693 -1.26 0.053 0.05 1.03 5624.2 4.5392 16.685217 0.831472 17.018475 16.187002 "" "" 2100.2749 2794.32031 3988.96595 2.3192 2128.3 11.167 2656.8 10.072 "" "" 0.0028267061010943096 0.006343353 0.00558799 0.011931343 27.96120443855 54.03235459844 2405.94873 0.693 -1.2600000000000002 1.60035000371933 0.3895499610900879 0.23400049 0.23100048 "" "" 18.783613615342183 "" 4.392241771520016 ""
27.13602089586 53.8091167006 0.0431 0.0407 13.4456 "" "" 408063571483807872 2696.03394 0.354 0.0551 -3.371 -4.738 0.059 0.052 0.999 5416.6 4.6405 16.68537 1.064432 17.135578 16.071146 "" "" 2293.82764 3120.14087 3988.39947 2.1491 1910.7 10.005 2956.0 12.094 "" "" 0.0028167456495651407 0.0063330103 0.0058323336 0.012165343 27.13602089586 53.8091167006 2696.03394 -3.371 -4.738 -2.46364999628067 -3.0884500389099125 0.24000049 0.23300049 "" "" 50.486893147633175 "" 11.902148693884307 ""
27.10114983213 54.30291815285 0.0402 0.0479 26.1473 "" "" 408501765526159488 2491.48438 0.3997 0.0632 1.048 -0.957 0.051 0.054 0.977 5172.4 4.6853 16.685621 1.061428 17.130363 16.068935 "" "" 2150.76807 2961.04736 3987.47777 2.104 1919.9 15.405 2962.0 9.6364 "" "" 0.0028142482449130426 0.009147695 0.0051730718 0.014320767 27.10114983213 54.30291815285 2491.48438 1.048 -0.9570000000000001 1.9553500037193299 0.6925499610900879 0.23200049 0.23500049 "" "" 24.497577858591875 "" 5.691688641822515 ""
28.00522357864 53.80400976412 0.0411 0.0444 20.4332 "" "" 408239635081799552 2518.20459 0.3674 0.0583 -5.63 0.087 0.06 0.053 1.054 5138.5 4.6263 16.685932 1.159 17.178051 16.01905 "" "" 2256.77295 2951.48511 3986.33668 2.3988 1837.4 11.554 3101.3 10.864 "" "" 0.0028317225488312648 0.007375495 0.0053618527 0.012737348 28.00522357864 53.80400976412 2518.20459 -5.629999999999999 0.08699999999999992 -4.72264999628067 1.7365499610900879 0.24100049 0.23400049 "" "" 60.06104357122522 "" 14.42530894868034 ""
26.92263698986 53.76726643789 0.0456 0.0492 21.301 "" "" 408064812732152192 2352.6792 0.4003 0.0611 1.37 -1.735 0.065 0.061 1.082 4959.0 4.5904 16.686548 1.032438 17.121944 16.089506 "" "" 2042.3894 2735.92651 3984.07722 2.6913 1934.8 6.9474 2906.4 10.813 "" "" 0.00285126444446789 0.00479419 0.005531758 0.010325948 26.92263698986 53.76726643789 2352.6792 1.370000000000001 -1.734999999999998 2.27735000371933 -0.08545003890991221 0.24600048 0.24200049 "" "" 25.41419386004175 "" 6.251762222156989 ""
27.19882310179 53.90366937419 0.0409 0.0423 9.4329 "" "" 408439570100227584 3030.96045 0.3243 0.0555 -1.631 0.767 0.06 0.055 1.091 5259.5 4.6113 16.68708 0.940344 17.075228 16.134884 "" "" 2607.03809 3695.81836 3982.12563 2.3299 2019.9 10.225 2787.4 13.155 "" "" 0.0028276024447871353 0.0061638136 0.0063670967 0.01253091 27.19882310179 53.90366937419 3030.96045 -1.6310000000000004 0.7670000000000003 -0.7236499962806702 2.416549961090088 0.24100049 0.23600048 "" "" 36.24120621738089 "" 8.567998945332924 ""
27.23854496343 54.04730552744 0.0371 0.0411 10.9196 "" "" 408447958176006656 2896.64917 0.3193 0.0545 -1.447 -1.65 0.052 0.052 0.961 5439.2 4.6762 16.68728 0.946022 17.075142 16.12912 "" "" 2537.69092 3373.323 3981.38465 2.2457 2020.0 10.803 2802.3 11.627 "" "" 0.002822558195080376 0.0064421226 0.005880231 0.012322353 27.23854496343 54.04730552744 2896.64917 -1.4470000000000005 -1.649999999999999 -0.5396499962806702 -0.00045003890991202056 0.23300049 0.23300049 "" "" 7.409460200003835 "" 1.7264078356686177 ""
27.541540947 53.91793128413 0.0401 0.0437 2.7601 "" "" 408433625866681344 3012.04492 0.3232 0.0571 -2.967 0.618 0.057 0.058 1.031 5547.6 4.6526 16.687702 1.160168 17.153294 15.993126 "" "" 2499.45581 3581.90332 3979.84212 2.4197 1879.7 11.522 3176.2 19.578 "" "" 0.0028332917217694284 0.0072164573 0.007685866 0.0149023235 27.541540947 53.91793128413 3012.04492 -2.967 0.6180000000000002 -2.0596499962806702 2.2675499610900878 0.23800048 0.23900048 "" "" 43.73533111014266 "" 10.433016740835056 ""
28.2767987475 53.98247885451 0.0403 0.047 28.9289 "" "" 408270730644911488 2483.28369 0.3885 0.0611 -0.114 -2.909 0.056 0.056 1.037 5376.5 4.6691 16.687998 0.938799 17.073109 16.13431 "" "" 2168.5144 3062.00024 3978.7618 2.1439 2023.8 9.525 2788.9 11.267 "" "" 0.0028167452522907055 0.0058221337 0.005789946 0.01161208 28.2767987475 53.98247885451 2483.28369 -0.11399999999999999 -2.909 0.7933500037193298 -1.259450038909912 0.2370005 0.2370005 "" "" 17.52072938543397 "" 4.15242154053225 ""
28.14846863113 54.05540421392 0.0392 0.0412 25.4344 "" "" 408272105034414208 2692.75537 0.3514 0.0574 -3.318 -1.042 0.053 0.049 0.997 5613.3 4.6614 16.688732 0.873085 17.038088 16.165003 "" "" 2378.02881 3079.9231 3976.06998 2.1846 2090.2 8.3254 2711.2 8.1435 "" "" 0.00281915834093159 0.0051465365 0.0049918913 0.010138428 28.14846863113 54.05540421392 2692.75537 -3.3180000000000005 -1.0420000000000007 -2.4106499962806702 0.6075499610900879 0.23400049 0.23000048 "" "" 31.73085614390443 "" 7.417516415067153 ""
27.3445504119 53.61229364778 0.0429 0.0442 19.0869 "" "" 408048732374655744 2871.69531 0.3239 0.0573 -1.747 -1.279 0.058 0.055 1.061 5944.8 4.4967 16.689491 0.830341 17.025318 16.194977 "" "" 2544.25854 3477.22168 3973.29265 2.7217 2114.9 11.518 2637.3 13.463 "" "" 0.0028539306931300544 0.0065382877 0.0067084394 0.013246727 27.3445504119 53.61229364778 2871.69531 -1.747 -1.2789999999999997 -0.8396499962806703 0.370549961090088 0.23900048 0.23600048 "" "" 12.492665156128632 "" 2.9796758459274857 ""
27.30195073706 54.18098426648 0.0505 0.0523 16.5238 "" "" 408453318295122176 2357.87061 0.3973 0.0775 1.126 -0.984 0.065 0.061 1.232 5255.4 4.6493 16.689587 0.939085 17.072615 16.13353 "" "" 2059.79248 2910.55908 3972.93774 2.2767 2024.7 8.8465 2790.9 12.415 "" "" 0.0028246949296042274 0.005503598 0.006132735 0.011636334 27.30195073706 54.18098426648 2357.87061 1.126 -0.984 2.0333500037193297 0.6655499610900879 0.24600048 0.24200049 "" "" 23.911730989862463 "" 5.87310982750841 ""
27.18247679812 54.37899524109 0.0401 0.0471 29.1192 "" "" 408525954781922688 2723.02515 0.3559 0.0607 2.542 -0.484 0.054 0.057 1.078 5440.0 4.6684 16.691196 0.88431 17.047436 16.163126 "" "" 2263.87329 3219.21289 3967.05614 2.1032 2072.3 8.2659 2715.9 9.8743 "" "" 0.0028148052802741594 0.005151731 0.0054649888 0.01061672 27.18247679812 54.37899524109 2723.02515 2.5420000000000007 -0.4840000000000002 3.4493500037193296 1.165549961090088 0.23500049 0.23800048 "" "" 46.99425782910905 "" 11.058203971967885 ""
26.85342467497 54.18698023445 0.0488 0.0552 26.7206 "" "" 408494373883599360 2515.00269 0.3956 0.0685 -1.593 -1.223 0.068 0.07 1.027 6054.8 4.3269 16.69167 0.874668 17.038607 16.163939 "" "" 2155.63159 3056.33154 3965.32571 2.4076 2089.2 9.4105 2713.8 12.489 "" "" 0.0028330829753520767 0.0056304927 0.006264957 0.01189545 26.85342467497 54.18698023445 2515.00269 -1.593 -1.2230000000000003 -0.6856499962806701 0.4265499610900878 0.24900049 0.2510005 "" "" 9.626332033716533 "" 2.402349002383186 ""
26.96502946378 53.78308189133 0.047 0.0492 19.5345 "" "" 408064744012669952 2340.94189 0.4229 0.0621 -2.727 -4.33 0.066 0.061 1.044 5030.2 4.6069 16.69191 1.171823 17.202644 16.03082 "" "" 1984.04871 2677.09326 3964.44841 2.6371 1796.2 18.878 3067.8 12.909 "" "" 0.0028484009147646807 0.011747217 0.0059292903 0.017676506 26.96502946378 53.78308189133 2340.94189 -2.727 -4.33 -1.81964999628067 -2.680450038909912 0.24700049 0.24200049 "" "" 35.948404012727 "" 8.75663246210447 ""
27.71620644674 53.94635621306 0.0411 0.045 9.0293 "" "" 408431701720225152 2843.02173 0.3183 0.0575 -3.151 -0.967 0.057 0.056 1.054 5527.2 4.6178 16.694075 0.924482 17.065828 16.141346 "" "" 2440.02417 3366.23975 3956.5499 2.277 2037.4 11.521 2770.9 10.657 "" "" 0.0028252818877925827 0.0067438423 0.0056321337 0.012375976 27.71620644674 53.94635621306 2843.02173 -3.151 -0.9669999999999996 -2.24364999628067 0.6825499610900879 0.23800048 0.2370005 "" "" 31.6033804102237 "" 7.5189479395590935 ""
27.90986062951 54.12638782636 0.0607 0.0517 19.9203 "" "" 408458197374857600 2243.01685 0.4325 0.0773 -1.17 -0.133 0.086 0.063 1.099 "" "" 16.694498 1.113131 17.103365 15.990234 "" "" 1871.78125 2682.98633 3955.01022 4.1894 1968.2 56.542 3184.7 43.913 "" "" 0.002985712016794919 0.03131533 0.015440614 0.046755943 27.90986062951 54.12638782636 2243.01685 -1.17 -0.13299999999999973 -0.2626499962806701 1.5165499610900879 0.2670005 0.2440005 "" "" 16.363833383600344 "" 4.00424377960304 ""
