Clusters/UBC_188/UBC_188_stars_in_region.tsv
# %ECSV 1.0
# ---
# datatype:
# - name: RA_ICRS_1
#   unit: deg
#   datatype: float64
#   format: '{:15.11f}'
#   description: Right ascension (ICRS) at Ep=2016.0 (ra)
#   meta: !!omap
#   - {ucd: POS_EQ_RA_MAIN}
#   - {width: 15}
#   - {precision: '11'}
# - name: DE_ICRS_1
#   unit: deg
#   datatype: float64
#   format: '{:15.11f}'
#   description: Declination (ICRS) at Ep=2016.0 (dec)
#   meta: !!omap
#   - {ucd: POS_EQ_DEC_MAIN}
#   - {width: 15}
#   - {precision: '11'}
# - name: e_RA_ICRS
#   unit: mas
#   datatype: float64
#   format: '{:7.4f}'
#   description: Standard error of right ascension (ra_error)
#   meta: !!omap
#   - {ucd: ERROR}
#   - {width: 7}
#   - {precision: '4'}
# - name: e_DE_ICRS
#   unit: mas
#   datatype: float64
#   format: '{:7.4f}'
#   description: Standard error of declination (dec_error)
#   meta: !!omap
#   - {ucd: ERROR}
#   - {width: 7}
#   - {precision: '4'}
# - name: _r_1
#   unit: ''
#   datatype: float64
#   format: '{:7.4f}'
#   description: Distance from center (027.46381469000+53.92249969000)[ICRS], at Epoch=J2016.0
#   meta: !!omap
#   - {ucd: POS_ANG_DIST_GENERAL}
#   - {width: 7}
#   - {precision: '4'}
# - name: HIP
#   datatype: int32
#   description: '? HIP cross-id number, van Leeuwen, Cat. I/311 (hip_original_ext_source_id)'
#   meta: !!omap
#   - {ucd: ID_NUMBER}
#   - {width: 6}
#   - values: {'null': -2147483648}
# - name: TYC2
#   datatype: string
#   description: Tycho-2 cross-id name, Hog et al., Cat. I/259 (tyc2_original_ext_source_id)
#   meta: !!omap
#   - {ucd: ID_CROSSID}
#   - {_votable_string_dtype: char}
# - name: Source
#   datatype: int64
#   description: Source identifier, identical to the Gaia-EDR3 source_id (id)
#   meta: !!omap
#   - {ucd: ID_MAIN}
#   - {width: 19}
# - name: rgeo
#   unit: pc
#   datatype: float64
#   format: '{:15.8f}'
#   description: '? Median of the geometric distance posterior (r_med_geo)'
#   meta: !!omap
#   - {ucd: PHYS_DISTANCE_TRUE}
#   - {width: 15}
#   - {precision: '8'}
#   - values: {'null': .nan}
# - name: Plx
#   unit: mas
#   datatype: float64
#   format: '{:9.4f}'
#   description: '? Parallax (parallax)'
#   meta: !!omap
#   - {ucd: POS_PARLX_TRIG}
#   - {width: 9}
#   - {precision: '4'}
#   - values: {'null': .nan}
# - name: e_Plx
#   unit: mas
#   datatype: float32
#   format: '{:7.4f}'
#   description: '? Standard error of parallax (parallax_error)'
#   meta: !!omap
#   - {ucd: ERROR}
#   - {width: 7}
#   - {precision: '4'}
#   - values: {'null': .nan}
# - name: pmRA
#   unit: mas / yr
#   datatype: float64
#   format: '{:9.3f}'
#   description: '? Proper motion in right ascension direction, pmRA*cosDE (pmra)'
#   meta: !!omap
#   - {ucd: POS_EQ_PMRA}
#   - {width: 9}
#   - {precision: '3'}
#   - values: {'null': .nan}
# - name: pmDE
#   unit: mas / yr
#   datatype: float64
#   format: '{:9.3f}'
#   description: '? Proper motion in declination direction (pmdec)'
#   meta: !!omap
#   - {ucd: POS_EQ_PMDEC}
#   - {width: 9}
#   - {precision: '3'}
#   - values: {'null': .nan}
# - name: e_pmRA
#   unit: mas / yr
#   datatype: float32
#   format: '{:6.3f}'
#   description: '? Standard error of proper motion in right ascension direction (pmra_error)'
#   meta: !!omap
#   - {ucd: ERROR}
#   - {width: 6}
#   - {precision: '3'}
#   - values: {'null': .nan}
# - name: e_pmDE
[...]
#         value: !astropy.table.SerializedColumn {name: SkyCoord.dec}
#       distance: !astropy.table.SerializedColumn
#         __class__: astropy.coordinates.distances.Distance
#         unit: !astropy.units.Unit {unit: pc}
#         value: !astropy.table.SerializedColumn {name: SkyCoord.distance}
#       frame: icrs
#       obstime: !astropy.time.Time {format: jyear_str, in_subfmt: '*', jd1: 367701545.0, jd2: 0.0, out_subfmt: '*', precision: 3, scale: tt}
#       pm_dec: !astropy.table.SerializedColumn
#         __class__: astropy.units.quantity.Quantity
#         unit: !astropy.units.Unit {unit: mas / yr}
#         value: !astropy.table.SerializedColumn {name: SkyCoord.pm_dec}
#       pm_ra_cosdec: !astropy.table.SerializedColumn
#         __class__: astropy.units.quantity.Quantity
#         unit: !astropy.units.Unit {unit: mas / yr}
#         value: !astropy.table.SerializedColumn {name: SkyCoord.pm_ra_cosdec}
#       ra: !astropy.table.SerializedColumn
#         __class__: astropy.coordinates.angles.Longitude
#         unit: *id001
#         value: !astropy.table.SerializedColumn {name: SkyCoord.ra}
#         wrap_angle: !astropy.coordinates.Angle
#           unit: *id001
#           value: 360.0
#       representation_type: spherical
# schema: astropy-2.0
RA_ICRS_1 DE_ICRS_1 e_RA_ICRS e_DE_ICRS _r_1 HIP TYC2 Source rgeo Plx e_Plx pmRA pmDE e_pmRA e_pmDE RUWE Teff logg Gmag BP-RP BPmag RPmag RV e_RV b_rgeo B_rgeo FG e_FG FBP e_FBP FRP e_FRP RAVE5 RAVE6 e_Gmag e_BPmag e_RPmag e_BP-RP SkyCoord.ra SkyCoord.dec SkyCoord.distance SkyCoord.pm_ra_cosdec SkyCoord.pm_dec rmRA rmDE e_rmRA e_rmDE rRV e_rRV v_pec v_pec3d e_vpec e_vpec3d
[from data line 209]
28.20485126721 53.94677142935 0.0156 0.0177 26.2156 "" "" 408264889489410816 2359.23364 0.3897 0.0243 0.506 -1.356 0.021 0.02 1.007 6794.0 4.0912 14.632957 0.729057 14.916017 14.186959 "" "" 2243.48853 2508.92041 26409.74283 6.921 14757.0 13.99 16764.0 13.957 "" "" 0.002769972394622425 0.002973973 0.0038859788 0.0068599517 28.20485126721 53.94677142935 2359.23364 0.5059999999999995 -1.3560000000000014 1.4133500037193298 0.2935499610900878 0.20200048 0.20100048 "" "" 16.142470317263985 "" 3.2601208343819783 ""
27.73234761493 54.1880586996 0.0157 0.0188 18.5291 "" "" 408462080028732032 2479.49438 0.3696 0.0232 -2.653 -0.275 0.021 0.023 1.033 6713.5 4.0161 14.634943 0.657341 14.884673 14.227332 "" "" 2360.82471 2648.79004 26361.46106 7.4621 15190.0 19.967 16152.0 18.968 "" "" 0.002772407957393187 0.0031339903 0.003988662 0.007122652 27.73234761493 54.1880586996 2479.49438 -2.653 -0.2750000000000001 -1.7456499962806702 1.374549961090088 0.20200048 0.20400049 "" "" 26.11313563457661 "" 5.294915182889259 ""
27.34364726692 54.13988067996 0.0151 0.0175 13.7131 "" "" 408449985400522496 2791.20752 0.319 0.0244 -1.033 -1.509 0.02 0.022 1.005 8980.9 4.2793 14.63969 0.303823 14.750374 14.446551 "" "" 2640.85474 3003.43115 26246.44421 10.461 17190.0 15.955 13199.0 12.474 "" "" 0.0027890954292882205 0.002966576 0.003916198 0.0068827737 27.34364726692 54.13988067996 2791.20752 -1.033 -1.509 -0.12564999628067008 0.140549961090088 0.20100048 0.20300049 "" "" 2.494265625521963 "" 0.5041273076142742 ""
27.00694527295 53.66449855774 0.0185 0.0188 22.4013 "" "" 408060861362280064 2408.81934 0.3818 0.0251 -0.745 -2.103 0.025 0.024 1.038 6906.1 4.007 14.639879 0.763607 14.939785 14.176178 "" "" 2292.99268 2538.97729 26241.87832 6.4565 14438.0 14.766 16931.0 15.008 "" "" 0.0027682393530244925 0.0030030052 0.0038999973 0.0069030025 27.00694527295 53.66449855774 2408.81934 -0.745 -2.103 0.16235000371932984 -0.4534500389099123 0.20600049 0.20500049 "" "" 5.499239809248387 "" 1.127973044107325 ""
27.76079488102 54.15631025631 0.015 0.0187 17.5012 "" "" 408459022012029952 2143.229 0.44 0.0237 -1.216 -1.509 0.021 0.023 1.068 7548.4 4.1967 14.640911 0.524486 14.833503 14.309017 "" "" 2017.80945 2280.27295 26216.95645 8.1073 15923.0 23.619 14981.0 20.237 "" "" 0.0027757014647187554 0.0032216085 0.004053988 0.0072755963 27.76079488102 54.15631025631 2143.229 -1.2160000000000006 -1.5090000000000017 -0.30864999628067014 0.140549961090088 0.20200048 0.20400049 "" "" 3.4453387083448557 "" 0.6971483922395149 ""
27.87087525256 54.25687463542 0.0163 0.0195 24.6516 "" "" 408465683502770176 2147.10083 0.4249 0.0247 -2.491 -1.409 0.022 0.023 1.046 4777.3 2.94 14.647914 1.267066 15.208371 13.941305 -22.34 3.95 2045.49695 2244.6084 26048.3988 4.8341 11274.0 15.719 21020.0 13.32 "" "" 0.0027626778012577783 0.0031743764 0.0038414954 0.007015872 27.87087525256 54.25687463542 2147.10083 -2.4909999999999997 -1.409 -1.5836499962806703 0.24054996109008786 0.20300049 0.20400049 52.55 4.254 16.302085371781654 55.02054604844319 3.309699782632969 4.179652874904806
27.97481957358 53.84303381003 0.0166 0.0166 18.6907 "" "" 408242761817971328 2658.45239 0.3403 0.0222 -2.61 2.195 0.023 0.02 1.002 6395.4 3.877 14.648283 0.787838 14.957549 14.169711 "" "" 2496.53955 2816.6897 26039.55231 7.2388 14204.0 18.711 17032.0 15.264 "" "" 0.0027718024174815488 0.0031353869 0.0039026295 0.0070380163 27.97481957358 53.84303381003 2658.45239 -2.6100000000000017 2.1949999999999994 -1.70264999628067 3.8445499610900877 0.20400049 0.20100048 "" "" 52.98381404409837 "" 10.675998552960712 ""
26.83806662946 54.04064944596 0.0159 0.0201 23.1882 "" "" 408491796902816256 2181.27832 0.429 0.0258 -1.243 -2.883 0.023 0.026 1.114 6156.4 4.061 14.651083 0.859888 14.994615 14.134727 -54.57 5.22 2067.54126 2290.77832 25972.49587 5.953 13727.0 24.181 17590.0 14.438 "" "" 0.0027665354243974548 0.0033827603 0.003883031 0.0072657913 26.83806662946 54.04064944596 2181.27832 -1.2429999999999997 -2.8829999999999987 -0.33564999628067027 -1.2334500389099121 0.20400049 0.2070005 20.32 5.5239997 13.216711594867407 24.240129236080872 2.7331505911960816 4.8645387833441776
27.72529029383 53.71587625938 0.0175 0.018 15.4748 "" "" 408235129656805120 2292.01587 0.4012 0.0232 -3.924 -1.193 0.027 0.024 0.996 6381.7 3.8506 14.662497 0.801035 14.970869 14.169834 "" "" 2173.55835 2437.22095 25700.8959 6.8103 14030.0 22.164 17030.0 25.596 "" "" 0.0027702999143365994 0.0032752038 0.0041166344 0.0073918384 27.72529029383 53.71587625938 2292.01587 -3.9239999999999995 -1.1930000000000003 -3.01664999628067 0.45654996109008783 0.20800048 0.20500049 "" "" 33.14656263310327 "" 6.892290038271096 ""
26.9595180717 54.22607486977 0.0146 0.019 25.4351 "" "" 408500494215883392 2385.90649 0.3857 0.0243 -1.802 -2.791 0.02 0.024 0.987 7095.7 4.1453 14.668711 0.661023 14.918448 14.257425 "" "" 2273.37524 2497.94629 25554.19932 8.5543 14724.0 15.039 15710.0 24.938 "" "" 0.002779188087403 0.0030024739 0.004153813 0.0071562864 26.9595180717 54.22607486977 2385.90649 -1.802 -2.791 -0.8946499962806702 -1.141450038909912 0.20100048 0.20500049 "" "" 16.40148132849193 "" 3.337497790426191 ""
27.57818803966 53.52267462401 0.0154 0.0176 24.3307 "" "" 407856901954761984 2457.95117 0.3789 0.022 -1.931 -0.825 0.023 0.021 0.966 8480.2 4.2363 14.676027 0.440197 14.837777 14.39758 "" "" 2333.07056 2601.4895 25382.58092 11.715 15860.0 17.566 13808.0 11.91 "" "" 0.002800517459967114 0.0030382748 0.0038936806 0.0069319555 27.57818803966 53.52267462401 2457.95117 -1.9310000000000005 -0.8249999999999996 -1.0236499962806702 0.8245499610900879 0.20400049 0.20200048 "" "" 15.314084250500724 "" 3.112064134193024 ""
27.79762129416 54.0289090906 0.0165 0.0205 13.3983 "" "" 408455860916141952 2558.7395 0.3598 0.0264 0.442 0.725 0.022 0.025 1.157 7505.6 4.1761 14.683306 0.575817 14.902601 14.326784 "" "" 2373.07568 2756.70312 25212.99096 9.2581 14941.0 19.012 14738.0 13.614 "" "" 0.00278401386210901 0.0031134835 0.003910192 0.0070236754 27.79762129416 54.0289090906 2558.7395 0.4419999999999999 0.7249999999999999 1.3493500037193298 2.374549961090088 0.20300049 0.20600049 "" "" 33.124665420732235 "" 6.79957482927531 ""
27.56862868614 54.05685451586 0.0147 0.0173 8.8688 "" "" 408436482023698304 2470.93335 0.3631 0.0235 -1.18 -1.455 0.02 0.023 0.965 9109.2 4.1889 14.684547 0.340545 14.80567 14.465125 "" "" 2344.93506 2581.3396 25184.16981 8.0171 16336.0 16.042 12975.0 18.32 "" "" 0.002776913915629882 0.002986942 0.0040784576 0.0070653995 27.56862868614 54.05685451586 2470.93335 -1.18 -1.455 -0.2726499962806701 0.19454996109008782 0.20100048 0.20400049 "" "" 3.9229431104667696 "" 0.7925035455266107 ""
27.44073893199 54.33740486295 0.017 0.0183 24.9075 "" "" 408476614197646848 2480.33057 0.3779 0.0252 0.627 -0.839 0.023 0.023 1.138 7542.4 4.0069 14.702027 0.558751 14.914686 14.355935 "" "" 2348.62769 2615.16602 24781.9679 8.2292 14776.0 14.638 14348.0 15.038 "" "" 0.0027788080381693325 0.00299031 0.0039469805 0.0069372905 27.44073893199 54.33740486295 2480.33057 0.627 -0.8389999999999995 1.5343500037193298 0.8105499610900879 0.20400049 0.20400049 "" "" 20.40136544751316 "" 4.1618885056008095 ""
28.12152032129 53.70943435687 0.0193 0.0198 26.5746 "" "" 408226097346363904 2768.20068 0.3217 0.0276 -0.81 -1.679 0.03 0.025 1.124 6453.5 4.1017 14.707129 0.824601 15.032422 14.207821 -2.52 7.39 2588.84741 3016.90479 24665.80385 10.894 13257.0 16.534 16445.0 15.526 "" "" 0.002796737219365803 0.003101401 0.0039159264 0.0070173275 28.12152032129 53.70943435687 2768.20068 -0.81 -1.679 0.09735000371932978 -0.029450038909912157 0.21100049 0.20600049 72.37 7.694 1.3345260461402884 72.38230349863029 0.2810322745721305 7.692693691031732
27.53146367693 53.88614932456 0.0249 0.0237 3.2365 "" "" 408433424007908864 2839.36548 0.3264 0.0314 -0.752 -1.674 0.036 0.033 1.088 8744.5 4.2097 14.707723 0.395427 14.850426 14.454999 "" "" 2620.61865 3137.24829 24652.31757 14.292 15676.0 28.319 13097.0 22.221 "" "" 0.0028263038779772305 0.003410594 0.004204415 0.007615009 27.53146367693 53.88614932456 2839.36548 -0.7519999999999996 -1.6739999999999986 0.15535000371932983 -0.024450038909912042 0.21700048 0.2140005 "" "" 2.1165290657547344 "" 0.45913538745210897 ""
27.92441164956 53.58856791701 0.0723 0.0853 25.8534 "" "" 408229808196755584 2621.57617 0.3973 0.1062 -3.161 -0.937 0.111 0.103 4.942 5534.5 4.3182 14.714062 1.096636 15.15927 14.062634 -60.94 18.46 1978.55444 3727.80811 24508.79163 19.93 11795.0 19.781 18798.0 20.585 "" "" 0.002893319077186647 0.0033317488 0.0039619855 0.0072937342 27.92441164956 53.58856791701 2621.57617 -3.1609999999999996 -0.9370000000000005 -2.25364999628067 0.7125499610900878 0.29200047 0.2840005 13.950000000000003 18.764 29.370894047874984 32.51541045675878 8.555227286420221 11.15915382886131
27.81947580173 54.02028948852 0.0158 0.0182 13.8554 "" "" 408455826556406656 2906.24927 0.3114 0.0235 -1.044 -0.542 0.021 0.022 1.059 6656.8 4.0336 14.71689 0.739537 15.007456 14.267919 "" "" 2725.2876 3120.32617 24445.02574 7.1008 13565.0 19.785 15559.0 17.408 "" "" 0.0027733115804708715 0.0032082363 0.003969808 0.0071780444 27.81947580173 54.02028948852 2906.24927 -1.0439999999999998 -0.5420000000000005 -0.1366499962806702 1.1075499610900879 0.20200048 0.20300049 "" "" 15.372878534913227 "" 3.1204718627982047 ""
28.20278984753 53.96033346835 0.0163 0.019 26.1966 "" "" 408264958208880896 2762.0647 0.3274 0.0246 -1.018 -0.396 0.022 0.022 1.072 7482.9 4.1049 14.72677 0.708734 15.000714 14.291981 "" "" 2585.90747 2960.39355 24223.58633 6.331 13650.0 18.914 15218.0 16.022 "" "" 0.00276989381286661 0.0031699194 0.0039484682 0.0071183876 28.20278984753 53.96033346835 2762.0647 -1.0179999999999998 -0.3959999999999999 -0.11064999628067018 1.253549961090088 0.20300049 0.20300049 "" "" 16.475521734827254 "" 3.344538917577575 ""
27.32900978057 53.45607326951 0.0163 0.0161 28.3925 "" "" 408043097377640448 2278.73706 0.4122 0.0223 -1.418 -0.548 0.024 0.02 1.055 7303.6 4.2719 14.735704 0.697557 15.005091 14.307533 "" "" 2154.28174 2400.979 24025.09486 7.9009 13595.0 17.305 15002.0 16.516 "" "" 0.0027783588774872724 0.0031136873 0.003963898 0.007077585 27.32900978057 53.45607326951 2278.73706 -1.4179999999999986 -0.5479999999999983 -0.5106499962806701 1.1015499610900878 0.20500049 0.20100048 "" "" 13.114362573044545 "" 2.645348017604906 ""
27.73684096167 54.35908658856 0.0168 0.0177 27.8976 "" "" 408469914049004032 2365.61646 0.3931 0.0225 -1.729 -1.2 0.023 0.024 0.982 5897.6 3.4053 14.749052 0.795797 15.062409 14.266612 "" "" 2251.70581 2487.698 23731.5329 5.4374 12896.0 17.036 15578.0 11.421 "" "" 0.0027665273490603045 0.0031372337 0.003862299 0.0069995327 27.73684096167 54.35908658856 2365.61646 -1.7290000000000003 -1.2000000000000002 -0.8216499962806703 0.44954996109008794 0.20400049 0.20500049 "" "" 10.502022586385685 "" 2.144841810586881 ""
27.44035766757 53.95931112973 0.0174 0.0193 2.3589 "" "" 408434695317035136 2502.0061 0.3674 0.0254 -0.767 -1.593 0.025 0.025 1.074 9149.9 4.2426 14.755269 0.34093 14.878668 14.537738 "" "" 2329.95508 2658.21558 23596.03922 8.9261 15274.0 15.709 12136.0 17.875 "" "" 0.002785764016100237 0.0030053242 0.0041037877 0.007109112 27.44035766757 53.95931112973 2502.0061 -0.767 -1.593 0.14035000371932982 0.05654996109008792 0.20600049 0.20600049 "" "" 1.7945134565615555 "" 0.369670654910557 ""
28.07287026397 54.25024164035 0.0182 0.0181 29.0885 "" "" 408278736463824640 2765.78345 0.326 0.0243 -1.965 -1.297 0.025 0.023 0.99 4589.7 2.9126 14.760778 1.504112 15.459784 13.955672 -46.75 1.82 2609.64087 2988.4519 23476.60646 5.4341 8943.4 13.182 20744.0 21.919 "" "" 0.002766757690041741 0.003216524 0.003949668 0.007166192 28.07287026397 54.25024164035 2765.78345 -1.964999999999998 -1.2969999999999984 -1.0576499962806702 0.35254996109008796 0.20600049 0.20400049 28.14 2.124 14.615619496948192 31.709240503039048 3.0079144609876636 2.3398930930732837
27.70983481872 54.20328585218 0.015 0.0192 18.9441 "" "" 408462286187157632 2175.51904 0.4246 0.0248 -1.891 -1.481 0.021 0.023 1.024 7247.1 4.1694 14.764207 0.606154 14.996448 14.390295 "" "" 2074.00854 2298.39209 23402.58913 6.8144 13704.0 17.378 13901.0 11.754 "" "" 0.002773398249722567 0.0031113788 0.0038892846 0.0070006633 27.70983481872 54.20328585218 2175.51904 -1.891 -1.4809999999999999 -0.9836499962806702 0.1685499610900878 0.20200048 0.20400049 "" "" 10.291193761473004 "" 2.079416032394365 ""
26.75111957089 53.70911274517 0.0179 0.02 28.3066 "" "" 408059349533777408 2253.91821 0.4069 0.0245 -3.063 -2.825 0.026 0.025 1.065 6528.2 3.7873 14.765134 0.888288 15.120347 14.23206 "" "" 2148.52368 2386.00439 23382.62485 6.2277 12226.0 24.509 16082.0 12.79 "" "" 0.0027704531773588273 0.003538693 0.0038767685 0.0074154614 26.75111957089 53.70911274517 2253.91821 -3.063 -2.825 -2.1556499962806703 -1.1754500389099123 0.2070005 0.20600049 "" "" 26.2314003658265 "" 5.423912015545911 ""
26.7172123916 53.79263010715 0.0211 0.0213 27.5455 "" "" 408106731612955392 2288.75 0.4021 0.0282 -1.863 0.021 0.032 0.028 1.185 "" "" 14.770263 1.217488 15.301988 14.084499 -38.04 7.38 2141.1958 2471.76221 23272.43107 8.0475 10342.0 22.44 18423.0 23.648 "" "" 0.0027807816383385803 0.003651705 0.0040281545 0.0076798596 26.7172123916 53.79263010715 2288.75 -1.8630000000000004 0.020999999999999734 -0.9556499962806702 1.6705499610900878 0.21300049 0.20900048 36.85 7.684 20.879131408223333 42.35399188225188 4.384488368794002 7.026158390035572
28.05937417698 53.87896417682 0.0192 0.0204 21.2151 "" "" 408263412020702208 2087.33081 0.4413 0.0288 -3.009 -2.783 0.028 0.026 1.117 5647.9 3.7854 14.777144 0.914766 15.121204 14.206438 "" "" 1996.27649 2225.7417 23125.38621 7.4201 12216.0 39.4 16466.0 55.804 "" "" 0.0027772564690019866 0.004477462 0.005274774 0.009752236 28.05937417698 53.87896417682 2087.33081 -3.0090000000000003 -2.7829999999999995 -2.10164999628067 -1.133450038909912 0.20900048 0.2070005 "" "" 23.624878636991983 "" 4.9270042136395205 ""
27.8592726266 54.30051506962 0.0173 0.0192 26.6061 "" "" 408469123775046400 2105.17847 0.4498 0.0236 0.261 -0.653 0.024 0.023 1.049 6432.2 3.7918 14.777641 0.705026 15.04862 14.343595 "" "" 1982.72937 2228.28955 23114.79851 6.8306 13061.0 15.085 14512.0 16.901 "" "" 0.0027739376085030307 0.0030590084 0.0039853 0.007044309 27.8592726266 54.30051506962 2105.17847 0.261 -0.653 1.16835000371933 0.9965499610900879 0.20500049 0.20400049 "" "" 15.323335212234506 "" 3.134847079799002 ""
27.37961842658 53.46366529714 0.0168 0.0171 27.6921 "" "" 408042478902345728 2112.58423 0.4368 0.0232 -1.125 -0.824 0.025 0.021 0.976 5531.1 3.8469 14.779011 1.1802 15.28853 14.108331 1.24 4.84 2024.82556 2220.18994 23085.67316 5.4764 10471.0 13.2 18023.0 12.709 "" "" 0.0027673319452632076 0.0031077971 0.0038561495 0.006963947 27.37961842658 53.46366529714 2112.58423 -1.125 -0.8239999999999998 -0.21764999628067017 0.8255499610900879 0.20600049 0.20200048 76.13 5.144 8.549242167708325 76.6085272123288 1.7291940696221093 5.115509620352854
26.9574709905 54.09235958365 0.0159 0.0199 20.5581 "" "" 408492862054844032 2261.8418 0.4034 0.025 -1.322 1.626 0.023 0.025 1.159 6290.4 4.143 14.782171 0.84968 15.122755 14.273075 "" "" 2141.98486 2414.2478 23018.56134 5.9049 12199.0 16.715 15486.0 14.372 "" "" 0.00276936158864417 0.0031619945 0.0039114 0.007073395 26.9574709905 54.09235958365 2261.8418 -1.3219999999999996 1.6259999999999986 -0.41464999628067023 3.275549961090088 0.20400049 0.20600049 "" "" 35.3978567682255 "" 7.290864642964731 ""
