Clusters/UBC_188/UBC_188_members.tsv
# %ECSV 1.0
# ---
# datatype:
# - name: RA_ICRS_1
#   unit: deg
#   datatype: float64
#   format: '{:15.11f}'
#   description: Right ascension (ICRS) at Ep=2016.0 (ra)
#   meta: !!omap
#   - {ucd: POS_EQ_RA_MAIN}
#   - {width: 15}
#   - {precision: '11'}
# - name: DE_ICRS_1
#   unit: deg
#   datatype: float64
#   format: '{:15.11f}'
#   description: Declination (ICRS) at Ep=2016.0 (dec)
#   meta: !!omap
#   - {ucd: POS_EQ_DEC_MAIN}
#   - {width: 15}
#   - {precision: '11'}
# - name: e_RA_ICRS
#   unit: mas
#   datatype: float64
#   format: '{:7.4f}'
#   description: Standard error of right ascension (ra_error)
#   meta: !!omap
#   - {ucd: ERROR}
#   - {width: 7}
#   - {precision: '4'}
# - name: e_DE_ICRS
#   unit: mas
#   datatype: float64
#   format: '{:7.4f}'
#   description: Standard error of declination (dec_error)
#   meta: !!omap
#   - {ucd: ERROR}
#   - {width: 7}
#   - {precision: '4'}
# - name: _r_1
#   unit: ''
#   datatype: float64
#   format: '{:7.4f}'
#   description: Distance from center (027.46381469000+53.92249969000)[ICRS], at Epoch=J2016.0
#   meta: !!omap
#   - {ucd: POS_ANG_DIST_GENERAL}
#   - {width: 7}
#   - {precision: '4'}
# - name: HIP
#   datatype: int32
#   description: '? HIP cross-id number, van Leeuwen, Cat. I/311 (hip_original_ext_source_id)'
#   meta: !!omap
#   - {ucd: ID_NUMBER}
#   - {width: 6}
#   - values: {'null': -2147483648}
# - name: TYC2
#   datatype: string
#   description: Tycho-2 cross-id name, Hog et al., Cat. I/259 (tyc2_original_ext_source_id)
#   meta: !!omap
#   - {ucd: ID_CROSSID}
#   - {_votable_string_dtype: char}
# - name: Source
#   datatype: int64
#   description: Source identifier, identical to the Gaia-EDR3 source_id (id)
#   meta: !!omap
#   - {ucd: ID_MAIN}
#   - {width: 19}
# - name: rgeo
#   unit: pc
#   datatype: float64
#   format: '{:15.8f}'
#   description: '? Median of the geometric distance posterior (r_med_geo)'
#   meta: !!omap
#   - {ucd: PHYS_DISTANCE_TRUE}
#   - {width: 15}
#   - {precision: '8'}
#   - values: {'null': .nan}
# - name: Plx
#   unit: mas
#   datatype: float64
#   format: '{:9.4f}'
#   description: '? Parallax (parallax)'
#   meta: !!omap
#   - {ucd: POS_PARLX_TRIG}
#   - {width: 9}
#   - {precision: '4'}
#   - values: {'null': .nan}
# - name: e_Plx
#   unit: mas
#   datatype: float32
#   format: '{:7.4f}'
#   description: '? Standard error of parallax (parallax_error)'
#   meta: !!omap
#   - {ucd: ERROR}
#   - {width: 7}
#   - {precision: '4'}
#   - values: {'null': .nan}
# - name: pmRA
#   unit: mas / yr
#   datatype: float64
#   format: '{:9.3f}'
#   description: '? Proper motion in right ascension direction, pmRA*cosDE (pmra)'
#   meta: !!omap
#   - {ucd: POS_EQ_PMRA}
#   - {width: 9}
#   - {precision: '3'}
#   - values: {'null': .nan}
# - name: pmDE
#   unit: mas / yr
#   datatype: float64
#   format: '{:9.3f}'
#   description: '? Proper motion in declination direction (pmdec)'
#   meta: !!omap
#   - {ucd: POS_EQ_PMDEC}
#   - {width: 9}
#   - {precision: '3'}
#   - values: {'null': .nan}
# - name: e_pmRA
#   unit: mas / yr
#   datatype: float32
#   format: '{:6.3f}'
#   description: '? Standard error of proper motion in right ascension direction (pmra_error)'
#   meta: !!omap
#   - {ucd: ERROR}
#   - {width: 6}
#   - {precision: '3'}
#   - values: {'null': .nan}
# - name: e_pmDE
[...]
#       distance: !astropy.table.SerializedColumn
#         __class__: astropy.coordinates.distances.Distance
#         unit: !astropy.units.Unit {unit: pc}
#         value: !astropy.table.SerializedColumn {name: SkyCoord.distance}
#       frame: icrs
#       obstime: !astropy.time.Time {format: jyear_str, in_subfmt: '*', jd1: 367701545.0, jd2: 0.0, out_subfmt: '*', precision: 3, scale: tt}
#       pm_dec: !astropy.table.SerializedColumn
#         __class__: astropy.units.quantity.Quantity
#         unit: !astropy.units.Unit {unit: mas / yr}
#         value: !astropy.table.SerializedColumn {name: SkyCoord.pm_dec}
#       pm_ra_cosdec: !astropy.table.SerializedColumn
#         __class__: astropy.units.quantity.Quantity
#         unit: !astropy.units.Unit {unit: mas / yr}
#         value: !astropy.table.SerializedColumn {name: SkyCoord.pm_ra_cosdec}
#       ra: !astropy.table.SerializedColumn
#         __class__: astropy.coordinates.angles.Longitude
#         unit: *id001
#         value: !astropy.table.SerializedColumn {name: SkyCoord.ra}
#         wrap_angle: !astropy.coordinates.Angle
#           unit: *id001
#           value: 360.0
#       representation_type: spherical
# schema: astropy-2.0
RA_ICRS_1 DE_ICRS_1 e_RA_ICRS e_DE_ICRS _r_1 HIP TYC2 Source rgeo Plx e_Plx pmRA pmDE e_pmRA e_pmDE RUWE Teff logg Gmag BP-RP BPmag RPmag RV e_RV b_rgeo B_rgeo FG e_FG FBP e_FBP FRP e_FRP RAVE5 RAVE6 e_Gmag e_BPmag e_RPmag e_BP-RP SkyCoord.ra SkyCoord.dec SkyCoord.distance SkyCoord.pm_ra_cosdec SkyCoord.pm_dec rmRA rmDE e_rmRA e_rmDE rRV e_rRV v_pec v_pec3d e_vpec e_vpec3d Pmemb
[from data line 31]
27.58557848026 53.69921157688 0.0211 0.0233 14.0746 "" "" 408422665108709632 2110.27954 0.4402 0.0295 -0.94 -1.614 0.03 0.029 1.064 7109.9 4.2674 15.052184 0.767921 15.352658 14.584737 "" "" 1998.77234 2249.6106 17950.35058 9.6929 9870.8 23.595 11622.0 20.847 "" "" 0.002817004373560381 0.0038106123 0.0042516645 0.008062277 27.58557848026 53.69921157688 2110.27954 -0.9399999999999995 -1.6139999999999992 -0.03264999628067011 0.03554996109008779 0.21100049 0.21000049 "" "" 0.48281382807026757 "" 0.10161233728928169 "" 0.81
27.39640130384 53.89121341348 0.021 0.0202 3.0334 "" "" 408428540624197376 2764.67017 0.3362 0.0272 -0.827 -1.623 0.032 0.027 1.079 7858.3 4.1106 15.059319 0.557066 15.271061 14.713995 "" "" 2575.75708 2933.46167 17832.78731 8.2825 10641.0 16.588 10317.0 13.895 "" "" 0.002801085792057973 0.0032633876 0.004052404 0.007315791 27.39640130384 53.89121341348 2764.67017 -0.8270000000000005 -1.6230000000000009 0.08035000371932988 0.026549961090087892 0.21300049 0.20800048 "" "" 1.1089429869229017 "" 0.23566539074710086 "" 0.97
27.36802376585 54.11396903865 0.0182 0.0217 11.9742 "" "" 408449916681060608 2785.25635 0.3281 0.0291 -1.023 -1.527 0.025 0.027 1.013 6402.0 4.1866 15.227923 0.83453 15.562499 14.727969 "" "" 2603.96167 3033.11938 15267.83195 4.166 8136.1 12.181 10185.0 11.172 "" "" 0.002771201296925748 0.0032291403 0.0039625866 0.007191727 27.36802376585 54.11396903865 2785.25635 -1.023 -1.527 -0.11564999628067008 0.12254996109008798 0.20600049 0.20800048 "" "" 2.2246020175164594 "" 0.4606278256831917 "" 0.9
27.17112209552 53.73446104422 0.0228 0.0226 15.3206 "" "" 408062373190737536 2700.56104 0.3343 0.0299 -1.317 -1.851 0.032 0.028 0.994 6907.2 4.1419 15.228293 0.73838 15.514778 14.776398 "" "" 2475.73657 2908.89209 15262.6294 5.6374 8501.7 16.651 9740.9 13.179 "" "" 0.0027843513050733997 0.0035081212 0.004054818 0.007562939 27.17112209552 53.73446104422 2700.56104 -1.3170000000000002 -1.851 -0.4096499962806701 -0.2014500389099121 0.21300049 0.20900048 "" "" 5.8435428716854085 "" 1.2401602362040745 "" 0.86
27.37791460163 54.06410157978 0.0187 0.0236 9.0202 "" "" 408447541559877120 2794.95752 0.3211 0.03 -1.047 -1.55 0.027 0.03 1.039 7061.5 4.3087 15.393245 0.695698 15.661406 14.965708 "" "" 2588.58813 3024.63037 13111.39674 4.4413 7427.7 13.369 8182.3 13.12 "" "" 0.0027797571583129217 0.0034064562 0.0041610794 0.0075675356 27.37791460163 54.06410157978 2794.95752 -1.047 -1.55 -0.1396499962806701 0.09954996109008785 0.20800048 0.21100049 "" "" 2.272051475053014 "" 0.47489537032350604 "" 0.94
27.45855361751 53.89630761861 0.0233 0.0247 1.5825 "" "" 408427857729412992 2789.77051 0.3314 0.0318 -0.867 -1.557 0.033 0.033 1.036 5729.1 4.2233 15.543093 1.015478 15.96556 14.950082 "" "" 2595.46558 3065.20557 11421.14666 7.8944 5613.0 19.33 8300.9 18.877 "" "" 0.0028556952989318755 0.0046653543 0.004514421 0.009179775 27.45855361751 53.89630761861 2789.77051 -0.867 -1.557 0.04035000371932984 0.09254996109008795 0.2140005 0.2140005 "" "" 1.3350914055502856 "" 0.285710219372384 "" 0.95
27.24239910584 54.08138389619 0.0203 0.0261 12.3227 "" "" 408448164334423296 2423.69702 0.3793 0.0337 -1.053 -1.535 0.029 0.033 0.936 6884.2 4.1223 15.571916 0.684963 15.835667 15.150703 "" "" 2268.39941 2605.88037 11121.94048 3.502 6326.3 14.165 6900.4 8.7399 "" "" 0.0027764480725421424 0.0037006724 0.004021793 0.0077224653 27.24239910584 54.08138389619 2423.69702 -1.053 -1.5350000000000008 -0.1456499962806701 0.11454996109008797 0.21000049 0.2140005 "" "" 2.1287716893747217 "" 0.45031622765811113 "" 0.93
27.94330634514 53.85252455247 0.0272 0.026 17.468 "" "" 408242727458228096 2401.85498 0.3925 0.0348 -1.079 -2.1 0.035 0.031 0.99 6475.3 4.4272 15.661247 0.74971 15.948174 15.198464 "" "" 2215.35474 2676.81885 10243.48624 4.0762 5703.6 22.522 6603.5 8.9083 "" "" 0.002788988146558269 0.005115256 0.0040532746 0.009168531 27.94330634514 53.85252455247 2401.85498 -1.0789999999999997 -2.1000000000000005 -0.17164999628067013 -0.4504500389099122 0.21600048 0.21200049 "" "" 5.488000970968428 "" 1.1662652118538646 "" 0.84
27.47248470214 53.92891916207 0.0267 0.0301 0.4921 "" "" 408433763304491776 2198.63721 0.4156 0.0389 -0.766 -1.862 0.04 0.041 0.981 5582.3 3.9539 15.934294 1.422495 16.569683 15.147188 "" "" 2003.89758 2379.35718 7965.79478 9.7787 3217.7 15.536 6922.8 24.208 "" "" 0.0030607577411812 0.005938541 0.005357083 0.011295624 27.47248470214 53.92891916207 2198.63721 -0.7659999999999998 -1.8619999999999988 0.14135000371932982 -0.2124500389099122 0.2210005 0.22200048 "" "" 2.6593280406893185 "" 0.5895573992225573 "" 0.83
