Clusters/Bochum_11/Bochum_11_stars_in_region.tsv
# %ECSV 1.0
# ---
# datatype:
# - name: RA_ICRS_1
#   unit: deg
#   datatype: float64
#   format: '{:15.11f}'
#   description: Right ascension (ICRS) at Ep=2016.0 (ra)
#   meta: !!omap
#   - {ucd: POS_EQ_RA_MAIN}
#   - {width: 15}
#   - {precision: '11'}
# - name: DE_ICRS_1
#   unit: deg
#   datatype: float64
#   format: '{:15.11f}'
#   description: Declination (ICRS) at Ep=2016.0 (dec)
#   meta: !!omap
#   - {ucd: POS_EQ_DEC_MAIN}
#   - {width: 15}
#   - {precision: '11'}
# - name: e_RA_ICRS
#   unit: mas
#   datatype: float64
#   format: '{:7.4f}'
#   description: Standard error of right ascension (ra_error)
#   meta: !!omap
#   - {ucd: ERROR}
#   - {width: 7}
#   - {precision: '4'}
# - name: e_DE_ICRS
#   unit: mas
#   datatype: float64
#   format: '{:7.4f}'
#   description: Standard error of declination (dec_error)
#   meta: !!omap
#   - {ucd: ERROR}
#   - {width: 7}
#   - {precision: '4'}
# - name: _r_1
#   unit: ''
#   datatype: float64
#   format: '{:7.4f}'
#   description: Distance from center (161.76031412000-60.10160413000)[ICRS], at Epoch=J2016.0
#   meta: !!omap
#   - {ucd: POS_ANG_DIST_GENERAL}
#   - {width: 7}
#   - {precision: '4'}
# - name: HIP
#   datatype: int32
#   description: '? HIP cross-id number, van Leeuwen, Cat. I/311 (hip_original_ext_source_id)'
#   meta: !!omap
#   - {ucd: ID_NUMBER}
#   - {width: 6}
#   - values: {'null': -2147483648}
# - name: TYC2
#   datatype: string
#   description: Tycho-2 cross-id name, Hog et al., Cat. I/259 (tyc2_original_ext_source_id)
#   meta: !!omap
#   - {ucd: ID_CROSSID}
#   - {_votable_string_dtype: char}
# - name: Source
#   datatype: int64
#   description: Source identifier, identical to the Gaia-EDR3 source_id (id)
#   meta: !!omap
#   - {ucd: ID_MAIN}
#   - {width: 19}
# - name: rgeo
#   unit: pc
#   datatype: float64
#   format: '{:15.8f}'
#   description: '? Median of the geometric distance posterior (r_med_geo)'
#   meta: !!omap
#   - {ucd: PHYS_DISTANCE_TRUE}
#   - {width: 15}
#   - {precision: '8'}
#   - values: {'null': .nan}
# - name: Plx
#   unit: mas
#   datatype: float64
#   format: '{:9.4f}'
#   description: '? Parallax (parallax)'
#   meta: !!omap
#   - {ucd: POS_PARLX_TRIG}
#   - {width: 9}
#   - {precision: '4'}
#   - values: {'null': .nan}
# - name: e_Plx
#   unit: mas
#   datatype: float32
#   format: '{:7.4f}'
#   description: '? Standard error of parallax (parallax_error)'
#   meta: !!omap
#   - {ucd: ERROR}
#   - {width: 7}
#   - {precision: '4'}
#   - values: {'null': .nan}
# - name: pmRA
#   unit: mas / yr
#   datatype: float64
#   format: '{:9.3f}'
#   description: '? Proper motion in right ascension direction, pmRA*cosDE (pmra)'
#   meta: !!omap
#   - {ucd: POS_EQ_PMRA}
#   - {width: 9}
#   - {precision: '3'}
#   - values: {'null': .nan}
# - name: pmDE
#   unit: mas / yr
#   datatype: float64
#   format: '{:9.3f}'
#   description: '? Proper motion in declination direction (pmdec)'
#   meta: !!omap
#   - {ucd: POS_EQ_PMDEC}
#   - {width: 9}
#   - {precision: '3'}
#   - values: {'null': .nan}
# - name: e_pmRA
#   unit: mas / yr
#   datatype: float32
#   format: '{:6.3f}'
#   description: '? Standard error of proper motion in right ascension direction (pmra_error)'
#   meta: !!omap
#   - {ucd: ERROR}
#   - {width: 6}
#   - {precision: '3'}
#   - values: {'null': .nan}
# - name: e_pmDE
[...]
#         value: !astropy.table.SerializedColumn {name: SkyCoord.dec}
#       distance: !astropy.table.SerializedColumn
#         __class__: astropy.coordinates.distances.Distance
#         unit: !astropy.units.Unit {unit: pc}
#         value: !astropy.table.SerializedColumn {name: SkyCoord.distance}
#       frame: icrs
#       obstime: !astropy.time.Time {format: jyear_str, in_subfmt: '*', jd1: 367701545.0, jd2: 0.0, out_subfmt: '*', precision: 3, scale: tt}
#       pm_dec: !astropy.table.SerializedColumn
#         __class__: astropy.units.quantity.Quantity
#         unit: !astropy.units.Unit {unit: mas / yr}
#         value: !astropy.table.SerializedColumn {name: SkyCoord.pm_dec}
#       pm_ra_cosdec: !astropy.table.SerializedColumn
#         __class__: astropy.units.quantity.Quantity
#         unit: !astropy.units.Unit {unit: mas / yr}
#         value: !astropy.table.SerializedColumn {name: SkyCoord.pm_ra_cosdec}
#       ra: !astropy.table.SerializedColumn
#         __class__: astropy.coordinates.angles.Longitude
#         unit: *id001
#         value: !astropy.table.SerializedColumn {name: SkyCoord.ra}
#         wrap_angle: !astropy.coordinates.Angle
#           unit: *id001
#           value: 360.0
#       representation_type: spherical
# schema: astropy-2.0
RA_ICRS_1 DE_ICRS_1 e_RA_ICRS e_DE_ICRS _r_1 HIP TYC2 Source rgeo Plx e_Plx pmRA pmDE e_pmRA e_pmDE RUWE Teff logg Gmag BP-RP BPmag RPmag RV e_RV b_rgeo B_rgeo FG e_FG FBP e_FBP FRP e_FRP RAVE5 RAVE6 e_Gmag e_BPmag e_RPmag e_BP-RP SkyCoord.ra SkyCoord.dec SkyCoord.distance SkyCoord.pm_ra_cosdec SkyCoord.pm_dec rmRA rmDE e_rmRA e_rmDE rRV e_rRV v_pec v_pec3d e_vpec e_vpec3d
[from data line 579]
161.35070502681 -60.0622240567 0.018 0.0212 12.4835 "" "" 5350299039066827392 1973.49255 0.4744 0.0226 -10.873 1.152 0.024 0.025 1.063 5801.6 4.0541 15.049372 1.17417 15.554992 14.380822 "" "" 1880.026 2070.57642 17996.9103 4.8522 8192.6 11.234 14023.0 20.778 "" "" 0.002770826481941288 0.0031625275 0.004107528 0.0072700554 161.35070502681 -60.0622240567 1973.49255 -10.873000000000001 1.151999999999998 -4.523073051452636 -0.6430243949890138 0.13028571 0.13128571 "" "" 42.73585870578758 "" 5.568721507171306 ""
161.86717541243 -60.14349818028 0.0176 0.0196 4.0644 "" "" 5350283680264056192 2000.45532 0.4593 0.0219 -6.186 4.891 0.025 0.026 1.017 5719.1 3.9687 15.049496 0.94089 15.420494 14.479604 "" "" 1925.8053 2095.17578 17994.86366 4.7447 9273.0 20.649 12803.0 13.285 "" "" 0.002770152194131741 0.0036919292 0.0039437264 0.007635656 161.86717541243 -60.14349818028 2000.45532 -6.185999999999998 4.890999999999997 0.16392694854736334 3.0959756050109863 0.13128571 0.13228571 "" "" 29.397652719241172 "" 3.88880760702582 ""
161.77637190058 -59.89284235149 0.0196 0.0179 12.535 "" "" 5350293885105718144 2783.67627 0.324 0.022 3.435 -0.204 0.025 0.022 0.968 "" "" 15.053906 2.269131 16.239885 13.970755 13.52 5.11 2637.51953 2970.59424 17921.91911 8.6393 4359.8 11.857 20458.0 20.937 "" "" 0.0028045886701082872 0.004062514 0.00393934 0.008001854 161.77637190058 -59.89284235149 2783.67627 3.4349999999999996 -0.20400000000000107 9.784926948547364 -1.9990243949890136 0.13128571 0.1282857 34.652 18.91 131.77520394041852 136.25514844415565 17.28453669003892 17.394262014669696
162.09321917745 -59.99795405645 0.0179 0.0186 11.7524 "" "" 5350312645525295360 2474.01172 0.3771 0.021 -8.66 1.985 0.027 0.026 0.98 6356.6 3.8485 15.055391 1.296651 15.624597 14.327946 "" "" 2322.2356 2620.87256 17897.41557 4.3694 7683.8 20.023 14722.0 19.952 "" "" 0.0027680408164789958 0.0039736545 0.004055721 0.008029375 162.09321917745 -59.99795405645 2474.01172 -8.66 1.9849999999999985 -2.310073051452637 0.18997560501098643 0.13328572 0.13228571 "" "" 27.18125141148959 "" 3.622690647016136 ""
161.72693746298 -60.07992548169 0.023 0.0245 1.6398 "" "" 5350290724010329216 2321.06299 0.3981 0.0286 -5.709 2.082 0.036 0.032 1.201 6320.4 3.8496 15.060083 0.993579 15.416658 14.42308 "" "" 2183.17456 2496.58179 17820.23472 7.2686 9305.8 82.034 13487.0 94.013 "" "" 0.0027906827198788528 0.009969559 0.008459462 0.01842902 161.72693746298 -60.07992548169 2321.06299 -5.708999999999998 2.081999999999998 0.6409269485473637 0.2869756050109862 0.1422857 0.13828571 "" "" 7.725941566181147 "" 1.0941908169787518 ""
161.94559984003 -59.88319583686 0.0207 0.0196 14.2351 "" "" 5350316390737001728 2618.61328 0.3498 0.0227 -7.053 2.549 0.026 0.025 1.052 "" "" 15.060552 1.211027 15.577451 14.366424 "" "" 2481.72949 2769.33569 17812.55643 6.3664 8024.8 17.822 14210.0 30.023 "" "" 0.002782512384245092 0.0036877217 0.0044210795 0.008108801 161.94559984003 -59.88319583686 2618.61328 -7.053000000000001 2.5489999999999995 -0.7030730514526367 0.7539756050109863 0.13228571 0.13128571 "" "" 12.795982195522315 "" 1.685893231601758 ""
161.7740086014 -60.17324205141 0.0182 0.021 4.3177 "" "" 5350283405386073984 2018.28528 0.4599 0.0231 -9.12 4.066 0.027 0.029 1.071 7254.0 4.2128 15.061708 0.721574 15.332561 14.610987 "" "" 1940.96118 2126.46094 17793.57385 4.8885 10055.0 19.973 11344.0 15.137 "" "" 0.002771419408029803 0.0035265156 0.0040475484 0.0075740637 161.7740086014 -60.17324205141 2018.28528 -9.119999999999994 4.065999999999996 -2.770073051452636 2.270975605010986 0.13328572 0.1352857 "" "" 34.26770094707981 "" 4.5950658823778605 ""
161.78157922626 -60.11680912962 0.0178 0.0202 1.112 "" "" 5350284023861380736 2349.8833 0.3864 0.0229 -6.534 1.55 0.026 0.028 1.075 "" "" 15.06221 1.015361 15.455624 14.440263 "" "" 2226.7124 2465.88232 17785.36511 5.6973 8977.8 14.3 13276.0 19.07 "" "" 0.0027771846938109425 0.0032826518 0.004088523 0.0073711746 161.78157922626 -60.11680912962 2349.8833 -6.534000000000003 1.5499999999999985 -0.18407305145263653 -0.24502439498901363 0.13228571 0.13428572 "" "" 3.413526778237984 "" 0.45593672314463346 ""
161.6529992244 -59.9135928389 0.0207 0.0198 11.7309 "" "" 5350305258179071488 2097.7041 0.4432 0.0227 -7.963 2.948 0.028 0.024 0.996 8155.1 3.7537 15.062684 0.872662 15.391561 14.5189 "" "" 2000.55664 2190.77319 17777.60542 4.9434 9523.4 19.521 12348.0 18.52 "" "" 0.0027718114569744165 0.0035690407 0.004115277 0.0076843174 161.6529992244 -59.9135928389 2097.7041 -7.963000000000003 2.9480000000000017 -1.6130730514526368 1.1529756050109863 0.13428572 0.13028571 "" "" 19.714866166377398 "" 2.62102481553233 ""
162.17683990544 -60.24732583674 0.0176 0.018 15.1968 "" "" 5338275501489872896 2119.71118 0.4328 0.0212 -10.563 4.355 0.023 0.022 0.947 5206.9 3.3928 15.063716 0.985047 15.468469 14.483421 "" "" 2026.62585 2236.92017 17760.70837 4.2433 8872.2 14.25 12758.0 12.57 "" "" 0.0027675037632405282 0.0032902954 0.0039278576 0.007218153 162.17683990544 -60.24732583674 2119.71118 -10.563000000000008 4.355000000000002 -4.213073051452637 2.5599756050109868 0.12928571 0.1282857 "" "" 49.53236702963265 "" 6.390508422748449 ""
161.82186652285 -60.12849253445 0.0177 0.0203 2.4472 "" "" 5350283955150036480 2202.52881 0.4232 0.0223 -6.593 1.542 0.026 0.028 0.987 7958.8 3.8652 15.065612 0.92329 15.425341 14.50205 104.36 8.78 2102.85059 2316.70264 17729.72217 7.0988 9231.7 20.82 12541.0 18.975 "" "" 0.0027894029628448007 0.0037122557 0.0041209687 0.007833225 161.82186652285 -60.12849253445 2202.52881 -6.593 1.5419999999999998 -0.2430730514526367 -0.25302439498901363 0.13228571 0.13428572 125.492 22.58 3.6630200012551097 125.54544905941273 0.4883888551756142 22.570391331458815
161.37557801762 -60.09473275247 0.0175 0.0197 11.5152 "" "" 5350295981049512064 2191.69482 0.4243 0.0218 -6.784 4.039 0.024 0.025 1.0 6754.0 4.0524 15.066071 0.902577 15.419508 14.516931 "" "" 2095.67578 2278.573 17722.23981 4.4953 9281.4 15.142 12370.0 29.968 "" "" 0.0027690494242336525 0.0033049327 0.0046046097 0.007909542 161.37557801762 -60.09473275247 2191.69482 -6.784 4.038999999999996 -0.4340730514526365 2.243975605010986 0.13028571 0.13128571 "" "" 23.743984639013167 "" 3.1163926510193 ""
161.74710897303 -60.34648264831 0.0186 0.0182 14.698 "" "" 5254203921842715264 2108.88745 0.4382 0.0211 -6.567 2.337 0.024 0.024 0.97 6012.0 4.1617 15.06921 0.850705 15.397606 14.546901 "" "" 2039.31616 2207.84937 17671.07159 4.296 9470.5 20.247 12034.0 41.625 "" "" 0.002767934300611321 0.0036294635 0.0053279973 0.0089574605 161.74710897303 -60.34648264831 2108.88745 -6.567000000000004 2.3370000000000006 -0.2170730514526369 0.5419756050109865 0.13028571 0.13028571 "" "" 5.8360453667146155 "" 0.760353314756981 ""
161.7129326483 -59.99568438384 0.0183 0.0188 6.5118 "" "" 5350291583003169024 2324.68091 0.3944 0.0215 -7.119 3.176 0.024 0.023 1.027 7991.6 4.3654 15.073294 0.826518 15.386686 14.560168 "" "" 2189.85156 2466.98901 17604.72106 4.5902 9566.3 24.886 11888.0 22.456 "" "" 0.002769824935781997 0.003970217 0.0042999983 0.008270215 161.7129326483 -59.99568438384 2324.68091 -7.1189999999999936 3.176 -0.7690730514526365 1.3809756050109865 0.13028571 0.12928571 "" "" 17.417554938013154 "" 2.255976251611458 ""
161.80059007137 -60.28110856046 0.0204 0.0204 10.8371 "" "" 5350281309441532672 2103.573 0.4399 0.0234 -5.444 -2.011 0.027 0.026 0.978 4768.1 3.2664 15.076224 1.366039 15.69605 14.33001 "" "" 1991.79968 2202.00732 17557.26652 4.0608 7194.4 10.429 14694.0 13.289 "" "" 0.0027667399575642625 0.0032034598 0.0039048553 0.007108315 161.80059007137 -60.28110856046 2103.573 -5.444000000000001 -2.011000000000002 0.9059269485473633 -3.806024394989014 0.13328572 0.13228571 "" "" 39.00984608870059 "" 5.162544457512659 ""
161.50012869243 -60.15769788249 0.0188 0.0197 8.4721 "" "" 5350294842859020672 1970.21521 0.4714 0.0229 -6.118 4.52 0.026 0.025 1.042 5794.6 3.7441 15.077213 1.04836 15.496654 14.448295 "" "" 1888.4408 2074.08594 17541.28176 4.6551 8644.8 25.557 13178.0 27.446 "" "" 0.002770344678481705 0.00425299 0.004404214 0.008657204 161.50012869243 -60.15769788249 1970.21521 -6.118 4.52 0.23192694854736295 2.724975605010986 0.13228571 0.13128571 "" "" 25.54006321408209 "" 3.3532297626811136 ""
161.60831052093 -59.82855597562 0.0208 0.021 17.007 "" "" 5350306701288125952 2742.44067 0.3311 0.0245 -11.876 2.509 0.027 0.025 1.055 "" "" 15.077698 2.373382 16.339033 13.965651 -27.04 6.13 2597.56787 2929.2417 17533.45431 7.888 3979.3 15.133 20554.0 33.393 "" "" 0.0027982810414161324 0.0049833236 0.004170756 0.0091540795 161.60831052093 -59.82855597562 2742.44067 -11.875999999999998 2.5089999999999995 -5.526073051452636 0.7139756050109862 0.13328572 0.13128571 -5.907999999999998 19.93 72.43143903059742 72.67198789109288 9.651715289383274 9.755261217835871
161.31689490679 -59.99055680664 0.0185 0.0191 14.8613 "" "" 5350301031930879360 2132.87036 0.4354 0.0218 -7.181 3.731 0.025 0.023 0.928 4867.5 3.2861 15.086193 1.340703 15.703961 14.363258 8.34 10.39 2047.52075 2229.15332 17396.80056 3.9893 7142.2 17.105 14251.0 17.116 "" "" 0.002766546002175661 0.0038139685 0.003998021 0.0078119896 161.31689490679 -59.99055680664 2132.87036 -7.181 3.731 -0.8310730514526368 1.9359756050109862 0.13128571 0.12928571 29.472 24.19 21.299524715901146 36.363010561878454 2.7603959715714312 19.672408642568367
161.84694175994 -60.11098972433 0.0209 0.0242 2.651 "" "" 5350289658866613120 2288.58521 0.41 0.0264 -6.338 1.827 0.032 0.033 1.06 7844.2 4.1732 15.089669 1.028516 15.501759 14.473243 -149.93 9.27 2158.44336 2423.53735 17341.19982 6.4659 8604.3 18.409 12878.0 16.638 "" "" 0.0027849017620591686 0.0036305815 0.004031303 0.0076618847 161.84694175994 -60.11098972433 2288.58521 -6.338000000000003 1.827 0.011926948547363203 0.031975605010986285 0.13828571 0.13928571 -128.798 23.07 0.37021231919664305 128.79853206136042 0.05152021284553637 23.069904394093623
161.77186727097 -59.93876103237 0.0183 0.0181 9.7767 "" "" 5350293266630398720 2712.30322 0.3321 0.0213 -7.384 2.991 0.024 0.022 1.005 10122.8 3.5587 15.090202 1.121126 15.535251 14.414124 "" "" 2581.41968 2861.36157 17332.68377 4.1978 8342.9 15.81 13599.0 22.056 "" "" 0.0027678392947119985 0.003466748 0.004169488 0.007636236 161.77186727097 -59.93876103237 2712.30322 -7.384000000000005 2.9910000000000023 -1.034073051452637 1.1959756050109864 0.13028571 0.1282857 "" "" 20.326259315659563 "" 2.6250359604211964 ""
161.62776254277 -60.15215927878 0.018 0.0194 4.9893 "" "" 5350284397498607872 2087.27759 0.4477 0.023 -11.16 2.039 0.026 0.026 0.972 6431.6 4.0567 15.092401 0.986866 15.497086 14.51022 "" "" 1977.39148 2175.35571 17297.61861 4.6383 8641.4 17.706 12447.0 34.649 "" "" 0.0027706587519593386 0.0035684858 0.0048392727 0.008407759 161.62776254277 -60.15215927878 2087.27759 -11.16 2.039000000000002 -4.810073051452637 0.24397560501098647 0.13228571 0.13228571 "" "" 47.65057678037602 "" 6.303490579026438 ""
161.96181270414 -60.1101250051 0.0192 0.0206 6.0472 "" "" 5350287081877771136 2195.7998 0.4253 0.0231 -5.089 2.22 0.026 0.027 1.132 6628.1 4.0732 15.093285 0.863026 15.434118 14.571093 "" "" 2087.51294 2295.62183 17283.54312 5.0421 9157.3 18.182 11769.0 12.919 "" "" 0.0027734660000552558 0.003525948 0.00396285 0.0074887984 161.96181270414 -60.1101250051 2195.7998 -5.089 2.2200000000000006 1.2609269485473629 0.4249756050109865 0.13228571 0.13328572 "" "" 13.849180676688821 "" 1.8334662377019717 ""
162.18240788898 -60.19704411186 0.0174 0.0181 13.8453 "" "" 5338276051245803392 2564.19092 0.3524 0.0208 -6.775 1.966 0.023 0.022 1.053 9465.8 3.7362 15.098831 0.921484 15.467281 14.545797 "" "" 2424.64233 2707.01855 17195.47554 4.4287 8881.9 10.35 12046.0 10.846 "" "" 0.002769473466167294 0.0030636215 0.0039037655 0.006967387 162.18240788898 -60.19704411186 2564.19092 -6.774999999999996 1.9660000000000006 -0.4250730514526371 0.1709756050109863 0.12928571 0.1282857 "" "" 5.568719678958391 "" 0.7191829698692251 ""
161.64672878784 -59.94496069424 0.021 0.0199 9.9964 "" "" 5350303711990824960 2487.50879 0.3737 0.0242 -6.585 2.171 0.028 0.024 1.035 "" "" 15.104733 1.134908 15.561033 14.426126 "" "" 2362.55884 2613.45361 17102.26886 4.9297 8147.1 18.15 13450.0 21.064 "" "" 0.00277303703058126 0.0036926393 0.0041442704 0.00783691 161.64672878784 -59.94496069424 2487.50879 -6.585 2.170999999999998 -0.23507305145263668 0.37597560501098615 0.13428572 0.13028571 "" "" 5.228215652358465 "" 0.6871036850793169 ""
161.47048691537 -60.12052280357 0.0192 0.0205 8.7396 "" "" 5350295740531353728 2088.47192 0.4445 0.024 -6.312 5.031 0.027 0.026 0.99 5945.1 3.9298 15.107046 1.151774 15.606393 14.454618 -39.16 8.96 1992.74707 2196.7998 17065.87085 4.7064 7813.8 14.623 13101.0 20.579 "" "" 0.002771541689855979 0.0034516072 0.0041463664 0.0075979736 161.47048691537 -60.12052280357 2088.47192 -6.312 5.031 0.037926948547363004 3.235975605010986 0.13328572 0.13228571 -18.027999999999995 22.76 32.036277588048556 36.760466070202405 4.237946276216181 11.757082258491065
161.95917935318 -60.37473426784 0.0214 0.0222 17.4253 "" "" 5350276773956047232 2083.38647 0.4496 0.0245 -4.046 2.028 0.028 0.027 1.049 6072.1 4.1694 15.107924 0.80721 15.253049 14.445839 "" "" 1988.75378 2174.97217 17052.074 6.9752 10819.0 192.55 13208.0 264.64 "" "" 0.0027908842855186257 0.019523676 0.022080038 0.041603714 161.95917935318 -60.37473426784 2083.38647 -4.046 2.028 2.303926948547363 0.23297560501098635 0.13428572 0.13328572 "" "" 22.867887325985205 "" 3.070600057933887 ""
161.23191418751 -60.18161761444 0.0286 0.0292 16.498 "" "" 5254221273509886208 2480.25928 0.3667 0.0343 -7.431 2.607 0.038 0.035 1.602 7151.5 4.2773 15.108463 0.770291 15.33535 14.565059 "" "" 2285.13525 2694.32373 17043.61061 9.5805 10029.0 32.569 11834.0 172.22 "" "" 0.002822103526620414 0.004496341 0.01624641 0.020742752 161.23191418751 -60.18161761444 2480.25928 -7.431000000000003 2.607 -1.0810730514526368 0.8119756050109865 0.14428571 0.14128572 "" "" 15.895210785569818 "" 2.2763684265385726 ""
161.83891520638 -60.12522736075 0.0179 0.0206 2.7443 "" "" 5350289624498779776 2540.823 0.3547 0.0224 -6.381 2.844 0.026 0.028 0.964 6578.7 3.8233 15.110053 0.894516 15.445302 14.550786 "" "" 2366.2854 2689.30737 17018.66827 5.4302 9063.5 17.235 11991.0 24.642 "" "" 0.002777013256060001 0.003470979 0.0043888637 0.007859843 161.83891520638 -60.12522736075 2540.823 -6.381000000000005 2.8440000000000003 -0.031073051452636946 1.0489756050109862 0.13228571 0.13428572 "" "" 12.638880302089422 "" 1.697199122213276 ""
161.97201858214 -60.32341113811 0.2131 0.2179 14.7287 "" "" 5350277323711904512 2486.23926 0.5564 0.2489 -7.779 -0.036 0.277 0.262 12.124 5641.6 4.5888 15.11576 1.002547 15.481829 14.479281 "" "" 1658.54675 3555.08643 16929.45196 26.272 8763.7 15.335 12807.0 18.323 "" "" 0.00322965673654209 0.0033755738 0.004086156 0.0074617295 161.97201858214 -60.32341113811 2486.23926 -7.779 -0.03600000000000012 -1.4290730514526366 -1.8310243949890137 0.38328573 0.36828572 "" "" 27.37240556620327 "" 10.238231263909768 ""
162.02023041473 -60.30708918474 0.0385 0.0398 14.5622 "" "" 5350278663741732224 2014.66528 0.4576 0.0448 -3.531 2.512 0.05 0.046 1.294 8947.9 3.9058 15.117917 1.891429 15.723651 13.832222 16.02 9.81 1832.01099 2218.00757 16895.83936 25.035 7013.9 407.56 23242.0 600.93 "" "" 0.003190596863671242 0.063151054 0.028325355 0.09147641 162.02023041473 -60.30708918474 2014.66528 -3.5310000000000032 2.512 2.818926948547363 0.7169756050109863 0.15628572 0.15228571 37.152 23.61 27.776452150184088 46.38752416384675 4.334393235718096 19.08665157523332
