Clusters/Bochum_11/Bochum_11_stars_in_region.tsv
# %ECSV 1.0
# ---
# datatype:
# - name: RA_ICRS_1
#   unit: deg
#   datatype: float64
#   format: '{:15.11f}'
#   description: Right ascension (ICRS) at Ep=2016.0 (ra)
#   meta: !!omap
#   - {ucd: POS_EQ_RA_MAIN}
#   - {width: 15}
#   - {precision: '11'}
# - name: DE_ICRS_1
#   unit: deg
#   datatype: float64
#   format: '{:15.11f}'
#   description: Declination (ICRS) at Ep=2016.0 (dec)
#   meta: !!omap
#   - {ucd: POS_EQ_DEC_MAIN}
#   - {width: 15}
#   - {precision: '11'}
# - name: e_RA_ICRS
#   unit: mas
#   datatype: float64
#   format: '{:7.4f}'
#   description: Standard error of right ascension (ra_error)
#   meta: !!omap
#   - {ucd: ERROR}
#   - {width: 7}
#   - {precision: '4'}
# - name: e_DE_ICRS
#   unit: mas
#   datatype: float64
#   format: '{:7.4f}'
#   description: Standard error of declination (dec_error)
#   meta: !!omap
#   - {ucd: ERROR}
#   - {width: 7}
#   - {precision: '4'}
# - name: _r_1
#   unit: ''
#   datatype: float64
#   format: '{:7.4f}'
#   description: Distance from center (161.76031412000-60.10160413000)[ICRS], at Epoch=J2016.0
#   meta: !!omap
#   - {ucd: POS_ANG_DIST_GENERAL}
#   - {width: 7}
#   - {precision: '4'}
# - name: HIP
#   datatype: int32
#   description: '? HIP cross-id number, van Leeuwen, Cat. I/311 (hip_original_ext_source_id)'
#   meta: !!omap
#   - {ucd: ID_NUMBER}
#   - {width: 6}
#   - values: {'null': -2147483648}
# - name: TYC2
#   datatype: string
#   description: Tycho-2 cross-id name, Hog et al., Cat. I/259 (tyc2_original_ext_source_id)
#   meta: !!omap
#   - {ucd: ID_CROSSID}
#   - {_votable_string_dtype: char}
# - name: Source
#   datatype: int64
#   description: Source identifier, identical to the Gaia-EDR3 source_id (id)
#   meta: !!omap
#   - {ucd: ID_MAIN}
#   - {width: 19}
# - name: rgeo
#   unit: pc
#   datatype: float64
#   format: '{:15.8f}'
#   description: '? Median of the geometric distance posterior (r_med_geo)'
#   meta: !!omap
#   - {ucd: PHYS_DISTANCE_TRUE}
#   - {width: 15}
#   - {precision: '8'}
#   - values: {'null': .nan}
# - name: Plx
#   unit: mas
#   datatype: float64
#   format: '{:9.4f}'
#   description: '? Parallax (parallax)'
#   meta: !!omap
#   - {ucd: POS_PARLX_TRIG}
#   - {width: 9}
#   - {precision: '4'}
#   - values: {'null': .nan}
# - name: e_Plx
#   unit: mas
#   datatype: float32
#   format: '{:7.4f}'
#   description: '? Standard error of parallax (parallax_error)'
#   meta: !!omap
#   - {ucd: ERROR}
#   - {width: 7}
#   - {precision: '4'}
#   - values: {'null': .nan}
# - name: pmRA
#   unit: mas / yr
#   datatype: float64
#   format: '{:9.3f}'
#   description: '? Proper motion in right ascension direction, pmRA*cosDE (pmra)'
#   meta: !!omap
#   - {ucd: POS_EQ_PMRA}
#   - {width: 9}
#   - {precision: '3'}
#   - values: {'null': .nan}
# - name: pmDE
#   unit: mas / yr
#   datatype: float64
#   format: '{:9.3f}'
#   description: '? Proper motion in declination direction (pmdec)'
#   meta: !!omap
#   - {ucd: POS_EQ_PMDEC}
#   - {width: 9}
#   - {precision: '3'}
#   - values: {'null': .nan}
# - name: e_pmRA
#   unit: mas / yr
#   datatype: float32
#   format: '{:6.3f}'
#   description: '? Standard error of proper motion in right ascension direction (pmra_error)'
#   meta: !!omap
#   - {ucd: ERROR}
#   - {width: 6}
#   - {precision: '3'}
#   - values: {'null': .nan}
# - name: e_pmDE
[...]
#         value: !astropy.table.SerializedColumn {name: SkyCoord.dec}
#       distance: !astropy.table.SerializedColumn
#         __class__: astropy.coordinates.distances.Distance
#         unit: !astropy.units.Unit {unit: pc}
#         value: !astropy.table.SerializedColumn {name: SkyCoord.distance}
#       frame: icrs
#       obstime: !astropy.time.Time {format: jyear_str, in_subfmt: '*', jd1: 367701545.0, jd2: 0.0, out_subfmt: '*', precision: 3, scale: tt}
#       pm_dec: !astropy.table.SerializedColumn
#         __class__: astropy.units.quantity.Quantity
#         unit: !astropy.units.Unit {unit: mas / yr}
#         value: !astropy.table.SerializedColumn {name: SkyCoord.pm_dec}
#       pm_ra_cosdec: !astropy.table.SerializedColumn
#         __class__: astropy.units.quantity.Quantity
#         unit: !astropy.units.Unit {unit: mas / yr}
#         value: !astropy.table.SerializedColumn {name: SkyCoord.pm_ra_cosdec}
#       ra: !astropy.table.SerializedColumn
#         __class__: astropy.coordinates.angles.Longitude
#         unit: *id001
#         value: !astropy.table.SerializedColumn {name: SkyCoord.ra}
#         wrap_angle: !astropy.coordinates.Angle
#           unit: *id001
#           value: 360.0
#       representation_type: spherical
# schema: astropy-2.0
RA_ICRS_1 DE_ICRS_1 e_RA_ICRS e_DE_ICRS _r_1 HIP TYC2 Source rgeo Plx e_Plx pmRA pmDE e_pmRA e_pmDE RUWE Teff logg Gmag BP-RP BPmag RPmag RV e_RV b_rgeo B_rgeo FG e_FG FBP e_FBP FRP e_FRP RAVE5 RAVE6 e_Gmag e_BPmag e_RPmag e_BP-RP SkyCoord.ra SkyCoord.dec SkyCoord.distance SkyCoord.pm_ra_cosdec SkyCoord.pm_dec rmRA rmDE e_rmRA e_rmDE rRV e_rRV v_pec v_pec3d e_vpec e_vpec3d
[from data line 673]
161.81812848881 -59.94064793144 0.0264 0.0265 9.8117 "" "" 5350293472788838016 2380.8147 0.3955 0.0317 -7.619 2.774 0.034 0.033 1.489 6004.7 4.1302 15.287286 1.068608 15.673128 14.60452 "" "" 2217.92505 2604.19971 14455.48262 6.6111 7347.9 27.588 11412.0 41.296 "" "" 0.0027997060711444145 0.0049398816 0.005451601 0.010391483 161.81812848881 -59.94064793144 2380.8147 -7.619 2.774 -1.2690730514526365 0.9789756050109863 0.14028572 0.13928571 "" "" 18.08759759941232 "" 2.5306987424014413 ""
161.46016956456 -59.86763464437 0.0251 0.0231 16.68 "" "" 5350307903878606848 2274.70532 0.4072 0.0269 -6.985 2.151 0.03 0.027 1.003 "" "" 15.29268 1.560974 15.989623 14.428649 "" "" 2150.12158 2410.41675 14383.84515 6.3172 5489.9 18.09 13418.0 28.114 "" "" 0.0027962773685715676 0.0045370325 0.0044112154 0.008948248 161.46016956456 -59.86763464437 2274.70532 -6.985 2.151 -0.635073051452637 0.35597560501098613 0.1362857 0.13328572 "" "" 7.849759258657772 "" 1.0642273578344803 ""
162.02799410828 -59.94854431094 0.507 0.5328 12.1954 "" "" 5350313023482390528 2028.39905 1.5164 0.62 -7.15 1.946 0.673 0.678 26.552 "" "" 15.293294 0.948404 15.524841 14.576437 "" "" 1126.41272 3337.05176 14375.70736 60.655 8423.3 15.293 11711.0 17.737 "" "" 0.005345791167599763 0.0034162481 0.0041216277 0.007537876 162.02799410828 -59.94854431094 2028.39905 -7.150000000000002 1.9459999999999977 -0.8000730514526371 0.15097560501098628 0.77928567 0.78428566 "" "" 7.828151030151212 "" 6.101715904634746 ""
161.26036469847 -60.09831807297 0.0188 0.0201 14.9544 "" "" 5350298661109066624 2851.3103 0.3143 0.023 -8.714 3.546 0.025 0.023 0.959 "" "" 15.294329 1.108005 15.75104 14.643035 "" "" 2708.04346 3040.94238 14362.01259 4.1289 6839.1 24.642 11014.0 21.294 "" "" 0.002772943933112684 0.004805098 0.004323195 0.009128293 161.26036469847 -60.09831807297 2851.3103 -8.714 3.5460000000000003 -2.364073051452637 1.7509756050109861 0.13128571 0.12928571 "" "" 39.760355882256306 "" 5.191935971413096 ""
161.3614967264 -59.91786627721 0.0223 0.0211 16.2665 "" "" 5350307491561726208 2446.28076 0.3739 0.0257 -2.571 1.522 0.028 0.025 1.08 5271.2 3.5643 15.294865 1.412736 15.941774 14.529038 "" "" 2295.67944 2634.21875 14354.92646 4.053 5737.3 14.678 12233.0 16.353 "" "" 0.0027723206335138525 0.003937081 0.004048494 0.007985575 161.3614967264 -59.91786627721 2446.28076 -2.571 1.522 3.778926948547363 -0.27302439498901365 0.13428572 0.13128571 "" "" 43.93227427450633 "" 5.898800208320149 ""
161.41184828959 -60.13717460402 0.0193 0.0212 10.6326 "" "" 5350295289535586944 2331.52808 0.3942 0.0238 -7.777 2.398 0.027 0.026 0.905 6089.2 4.0719 15.295404 0.913384 15.658827 14.745442 "" "" 2198.76221 2484.4458 14347.79844 5.6619 7445.4 32.462 10023.0 52.591 "" "" 0.0027884332046266263 0.005494914 0.006836542 0.012331456 161.41184828959 -60.13717460402 2331.52808 -7.777000000000001 2.3979999999999997 -1.4270730514526369 0.6029756050109865 0.13328572 0.13228571 "" "" 17.121239610295333 "" 2.27943134742434 ""
161.32190485496 -60.13674502586 0.0185 0.0211 13.2734 "" "" 5350298351871410176 2011.3125 0.4666 0.0233 -1.813 -2.144 0.025 0.026 1.035 5471.1 3.951 15.296313 1.293935 15.859117 14.565183 "" "" 1906.74194 2130.16357 14335.78512 3.6741 6191.1 17.268 11833.0 20.761 "" "" 0.0027693354979365756 0.0041177217 0.0042323116 0.008350033 161.32190485496 -60.13674502586 2011.3125 -1.8129999999999995 -2.1439999999999984 4.536926948547364 -3.939024394989014 0.13128571 0.13228571 "" "" 57.280817229577906 "" 7.544825986123408 ""
162.15463473504 -59.97366680663 0.0205 0.0192 14.0906 "" "" 5350312057084525952 2044.71057 0.4551 0.0228 -7.301 2.577 0.027 0.025 0.985 6931.8 3.9341 15.303192 0.932079 15.683159 14.75108 "" "" 1950.18933 2152.78125 14245.24792 4.0113 7280.4 12.167 9970.7 14.654 "" "" 0.0027722303003485374 0.0033282717 0.004102442 0.0074307136 162.15463473504 -59.97366680663 2044.71057 -7.301 2.576999999999999 -0.9510730514526369 0.7819756050109863 0.13328572 0.13128571 "" "" 11.933380247514078 "" 1.5809658604485548 ""
161.7855479633 -60.33812601553 0.0219 0.0216 14.2112 "" "" 5350277804748181120 2554.95361 0.3528 0.0251 -5.989 2.642 0.029 0.027 0.972 6891.2 4.0181 15.30329 0.728677 15.589148 14.860471 "" "" 2402.06445 2766.84668 14243.95558 5.2641 7938.9 15.245 9015.1 12.324 "" "" 0.0027843837771080082 0.0034830994 0.004060383 0.0075434824 161.7855479633 -60.33812601553 2554.95361 -5.9890000000000025 2.6419999999999995 0.3609269485473634 0.8469756050109862 0.1352857 0.13328572 "" "" 11.149773408179273 "" 1.4895543139321585 ""
162.25715139804 -60.04259363457 0.0214 0.0199 15.2882 "" "" 5338301958490624128 1914.34106 0.4861 0.0236 -7.077 2.524 0.029 0.025 1.071 6171.1 4.1481 15.306552 0.856904 15.629479 14.772575 "" "" 1827.1842 2009.64282 14201.23093 4.5117 7649.4 11.629 9775.3 24.836 "" "" 0.002776827374428994 0.0032418354 0.0046790116 0.007920847 162.25715139804 -60.04259363457 1914.34106 -7.077000000000004 2.5240000000000027 -0.7270730514526367 0.7289756050109863 0.1352857 0.13128571 "" "" 9.342409875799643 "" 1.2453010748251025 ""
161.96426307747 -60.08190386657 0.0216 0.0212 6.2149 "" "" 5350287219317276160 2692.41895 0.34 0.0242 -7.358 1.982 0.035 0.032 0.985 5579.9 3.3735 15.30833 1.913101 16.251862 14.33876 14.81 6.78 2530.8877 2861.5376 14178.00148 4.1038 4311.9 10.364 14577.0 16.52 "" "" 0.0027731843843489088 0.0038203856 0.0039746384 0.0077950237 161.96426307747 -60.08190386657 2692.41895 -7.358 1.9820000000000002 -1.0080730514526364 0.1869756050109863 0.14128572 0.13828571 35.942 20.58 13.084517052414366 38.24960065797971 1.8473632901593837 19.348730167305604
162.03284739591 -59.95569447806 0.0196 0.02 11.9739 "" "" 5350313023482674944 2429.31567 0.3778 0.0231 -7.108 2.711 0.026 0.026 0.956 10067.5 4.0205 15.30934 1.002178 15.711579 14.709401 "" "" 2298.50244 2612.85132 14164.80058 4.1457 7092.3 12.766 10361.0 16.674 "" "" 0.0027735837146347247 0.003406516 0.004163738 0.0075702537 162.03284739591 -59.95569447806 2429.31567 -7.107999999999999 2.7110000000000003 -0.7580730514526364 0.9159756050109862 0.13228571 0.13228571 "" "" 13.691113822925779 "" 1.8111387695674868 ""
161.71462325963 -59.87362151098 0.0233 0.0222 13.7475 "" "" 5350305601776497408 1932.68774 0.4811 0.0254 -12.984 3.726 0.032 0.028 1.049 5885.1 3.934 15.309542 1.198319 15.807526 14.609207 "" "" 1844.84937 2024.85999 14162.17384 4.6275 6492.4 19.536 11363.0 53.541 "" "" 0.002778065450116342 0.0042963484 0.0063604754 0.010656824 161.71462325963 -59.87362151098 1932.68774 -12.984000000000002 3.726 -6.634073051452637 1.9309756050109863 0.13828571 0.13428572 "" "" 63.29645465297492 "" 8.733484651921543 ""
162.09778475413 -60.14412988027 0.0193 0.0207 10.4042 "" "" 5350286119805107584 2385.88257 0.3831 0.023 -6.104 3.118 0.027 0.026 1.007 8309.5 4.106 15.309767 0.760014 15.601128 14.841114 "" "" 2274.76392 2519.573 14159.2448 4.2185 7851.7 13.74 9177.3 18.571 "" "" 0.002774243362846946 0.0033756397 0.004371597 0.0077472366 162.09778475413 -60.14412988027 2385.88257 -6.104000000000001 3.118000000000001 0.2459269485473632 1.3229756050109862 0.13328572 0.13228571 "" "" 15.21794448127168 "" 2.0136268005789337 ""
161.67416396617 -60.24828650441 0.0217 0.0224 9.1687 "" "" 5350282030996438144 2383.66943 0.381 0.0257 -6.907 0.247 0.03 0.03 1.033 5961.1 3.8677 15.310768 0.90467 15.662337 14.757668 "" "" 2248.06592 2514.72852 14146.19572 4.1095 7421.3 18.58 9910.4 18.806 "" "" 0.002773314266775605 0.0038953759 0.0043044793 0.008199856 161.67416396617 -60.24828650441 2383.66943 -6.907 0.24699999999999894 -0.5570730514526367 -1.5480243949890138 0.1362857 0.1362857 "" "" 18.588537638613275 "" 2.5333520007650043 ""
161.60744941336 -60.15521009561 0.0244 0.0262 5.5868 "" "" 5350282924349603328 2674.73682 0.3411 0.0308 -7.275 4.751 0.034 0.034 1.102 "" "" 15.310937 1.872969 16.252 14.379032 1.82 5.03 2501.41553 2932.24292 14143.99506 4.6849 4311.4 15.846 14046.0 25.164 "" "" 0.002778690538924029 0.00486919 0.004250565 0.009119755 161.60744941336 -60.15521009561 2674.73682 -7.275 4.751000000000004 -0.9250730514526371 2.9559756050109867 0.14028572 0.14028572 22.952 18.83 39.26893410460484 45.484541216899146 5.508870516246606 10.625669099633656
162.29964270451 -60.09440389587 0.0206 0.02 16.1376 "" "" 5338278181549981184 1917.49841 0.4913 0.0244 -7.044 5.297 0.029 0.024 0.982 5477.4 4.1607 15.31246 1.098715 15.777291 14.678576 "" "" 1835.34607 1999.0376 14124.16332 4.5977 6675.8 11.813 10659.0 14.387 "" "" 0.0027778951547047883 0.0033876547 0.004053559 0.007441214 162.29964270451 -60.09440389587 1917.49841 -7.044000000000002 5.297000000000001 -0.6940730514526363 3.501975605010986 0.1352857 0.13028571 "" "" 32.448378152996405 "" 4.233805206409031 ""
161.62443131105 -60.22722788906 0.0205 0.0209 8.5595 "" "" 5350282301550952960 2848.61792 0.3234 0.0242 -8.298 3.638 0.03 0.028 1.023 9411.5 3.6183 15.312533 0.910071 15.672513 14.762442 "" "" 2658.36743 3114.09033 14123.20604 4.776 7352.1 16.117 9866.9 17.718 "" "" 0.002779675492562975 0.0036674205 0.0042526335 0.007920054 161.62443131105 -60.22722788906 2848.61792 -8.298000000000002 3.6380000000000017 -1.9480730514526368 1.8429756050109862 0.1362857 0.13428572 "" "" 36.209599910228306 "" 4.900780981567099 ""
161.65714448318 -60.03366903014 0.0203 0.0202 5.1142 "" "" 5350302784277842688 1955.37793 0.4836 0.0242 -4.695 2.373 0.027 0.025 0.976 6349.4 3.9753 15.315147 1.361446 15.917234 14.555788 "" "" 1862.02234 2065.67749 14089.25138 4.0862 5868.4 10.893 11936.0 15.226 "" "" 0.0027732550946435912 0.0034419056 0.0040251664 0.007467072 161.65714448318 -60.03366903014 1955.37793 -4.694999999999997 2.373 1.654926948547363 0.5779756050109865 0.13328572 0.13128571 "" "" 16.247215997115596 "" 2.162012925045178 ""
161.39300907245 -59.95866556615 0.0233 0.0235 13.9554 "" "" 5350301306809072384 1994.25757 0.4773 0.0273 -9.9 5.03 0.029 0.026 1.042 5955.4 3.6996 15.316075 1.05105 15.490942 14.439892 "" "" 1887.55225 2112.09253 14077.20736 11.642 8690.4 368.41 13280.0 331.05 "" "" 0.002897937434652714 0.04611184 0.027328333 0.07344017 161.39300907245 -59.95866556615 1994.25757 -9.900000000000007 5.029999999999999 -3.550073051452637 3.2349756050109866 0.1352857 0.13228571 "" "" 45.40099494010314 "" 6.08069405195827 ""
161.24126914504 -60.09097913177 0.032 0.0323 15.539 "" "" 5350298725507505664 2845.67822 0.3228 0.0373 -5.272 2.634 0.042 0.038 1.611 10502.5 3.8344 15.318695 1.033157 15.705813 14.672656 "" "" 2579.89844 3210.22754 14043.28149 7.5964 7130.0 21.086 10718.0 18.939 "" "" 0.0028172178177644437 0.004253825 0.004238451 0.008492276 161.24126914504 -60.09097913177 2845.67822 -5.272 2.634 1.077926948547363 0.8389756050109862 0.14828572 0.14428571 "" "" 18.42457339170603 "" 2.7045340707247236 ""
161.21437788055 -60.20492677405 0.0201 0.0202 17.441 "" "" 5254221136070913280 2040.61719 0.4535 0.0238 -8.239 3.418 0.028 0.025 1.035 5867.4 3.8238 15.320043 0.94904 15.710836 14.761796 "" "" 1955.83948 2157.12598 14025.8639 4.8485 7097.1 17.282 9872.8 16.289 "" "" 0.002780765136036481 0.0038438272 0.0041824193 0.008026246 161.21437788055 -60.20492677405 2040.61719 -8.239 3.418 -1.8890730514526375 1.6229756050109865 0.13428572 0.13128571 "" "" 24.08953453863364 "" 3.204389521456765 ""
162.02237028378 -60.05228111316 0.0198 0.0205 8.3831 "" "" 5350288662425782400 2118.37061 0.4426 0.0239 -8.837 6.02 0.03 0.028 1.052 "" "" 15.320958 1.565872 16.048166 14.482294 "" "" 2034.41394 2217.521 14014.04311 3.6444 5201.8 13.991 12771.0 18.386 "" "" 0.002769749192758068 0.0040389216 0.0040898663 0.008128788 162.02237028378 -60.05228111316 2118.37061 -8.837 6.02 -2.4870730514526365 4.224975605010986 0.1362857 0.13428572 "" "" 49.22785822449124 "" 6.636074834669709 ""
162.32565083673 -60.17261754186 0.0373 0.0372 17.4188 "" "" 5338276807160414848 2707.58667 0.3518 0.0439 -9.444 4.293 0.049 0.044 1.92 5549.6 4.236 15.324806 0.896914 15.612191 14.715278 "" "" 2432.80103 3160.15747 13964.45955 8.5025 7772.1 29.905 10305.0 32.638 "" "" 0.002833514002745778 0.005023706 0.005109666 0.010133372 162.32565083673 -60.17261754186 2707.58667 -9.444000000000006 4.293000000000002 -3.0940730514526376 2.4979756050109865 0.15528572 0.15028572 "" "" 51.035242329238734 "" 7.825345598536901 ""
161.38876525073 -59.99075515466 0.0211 0.0218 12.9665 "" "" 5350301169370094208 2167.53979 0.4261 0.0254 -6.59 2.448 0.028 0.026 1.023 7223.4 4.366 15.326126 0.78595 15.62915 14.843201 "" "" 2065.87793 2282.77515 13947.49496 4.7157 7651.7 23.916 9159.6 26.878 "" "" 0.002779666442904054 0.0043933205 0.004943104 0.009336425 161.38876525073 -59.99075515466 2167.53979 -6.589999999999997 2.448000000000002 -0.24007305145263658 0.6529756050109863 0.13428572 0.13228571 "" "" 7.147819541096178 "" 0.9472680237267781 ""
162.23237903574 -59.96330288944 0.0202 0.0194 16.4019 "" "" 5350312301927710976 2348.4873 0.3912 0.0228 -5.918 2.565 0.027 0.025 1.014 7448.8 4.0547 15.327953 0.892451 15.685363 14.792912 "" "" 2230.2644 2463.64136 13924.04319 6.3047 7265.6 23.929 9593.9 13.327 "" "" 0.002798834175623598 0.004535597 0.004069204 0.0086048 162.23237903574 -59.96330288944 2348.4873 -5.918000000000001 2.5650000000000004 0.43192694854736313 0.7699756050109863 0.13328572 0.13128571 "" "" 9.82773088886912 "" 1.294972500586834 ""
161.64618777693 -59.91066056034 0.0225 0.0217 11.9571 "" "" 5350305326898548352 2734.89893 0.3307 0.0254 -6.343 2.915 0.029 0.027 1.034 "" "" 15.330394 1.274451 15.880933 14.606482 "" "" 2572.74756 2905.31812 13892.77827 4.336 6068.0 17.004 11391.0 18.553 "" "" 0.002776079554834347 0.004128174 0.004172638 0.008300812 161.64618777693 -59.91066056034 2734.89893 -6.343000000000002 2.915 0.00692694854736331 1.1199756050109864 0.1352857 0.13328572 "" "" 14.518992887452713 "" 1.9351754842369306 ""
161.28870476 -60.13635479232 0.0194 0.0211 14.2507 "" "" 5254221617107323648 2226.38916 0.4169 0.0241 -6.599 1.854 0.026 0.025 1.003 10647.7 3.9507 15.333989 1.676116 16.1261 14.449985 "" "" 2140.88428 2350.39062 13846.84859 5.6094 4841.5 17.935 13157.0 19.436 "" "" 0.002790205046989071 0.00489508 0.004105629 0.009000709 161.28870476 -60.13635479232 2226.38916 -6.598999999999999 1.854 -0.24907305145263692 0.05897560501098642 0.13228571 0.13128571 "" "" 2.701167236844627 "" 0.35718294911894255 ""
162.12404951713 -60.12413724818 0.0207 0.0215 10.9585 "" "" 5350287425475184640 2274.87451 0.4024 0.0244 -7.04 2.673 0.029 0.027 1.034 9573.0 3.8435 15.334432 0.805989 15.642067 14.836078 "" "" 2152.60596 2415.86938 13841.21173 4.8197 7561.2 10.49 9219.9 13.395 "" "" 0.0027811373522976736 0.0031707983 0.004095352 0.00726615 162.12404951713 -60.12413724818 2274.87451 -7.04 2.6730000000000005 -0.6900730514526368 0.8779756050109864 0.1352857 0.13328572 "" "" 12.041381686915338 "" 1.6141828853158102 ""
161.76138522805 -60.10741460694 0.0193 0.0225 0.3501 "" "" 5350284779775612416 2000.28247 0.4645 0.0261 -8.495 3.444 0.027 0.03 0.97 7325.5 3.9825 15.345722 0.907075 15.712985 14.80591 "" "" 1913.8678 2110.78516 13698.01852 5.101 7083.1 21.149 9479.7 23.459 "" "" 0.002784827022076928 0.004277211 0.0046371054 0.008914316 161.76138522805 -60.10741460694 2000.28247 -8.495 3.444000000000001 -2.145073051452636 1.6489756050109863 0.13328572 0.1362857 "" "" 25.65303922225524 "" 3.4479699399297004 ""
