Clusters/Bochum_11/Bochum_11_stars_in_region.tsv
# %ECSV 1.0
# ---
# datatype:
# - name: RA_ICRS_1
#   unit: deg
#   datatype: float64
#   format: '{:15.11f}'
#   description: Right ascension (ICRS) at Ep=2016.0 (ra)
#   meta: !!omap
#   - {ucd: POS_EQ_RA_MAIN}
#   - {width: 15}
#   - {precision: '11'}
# - name: DE_ICRS_1
#   unit: deg
#   datatype: float64
#   format: '{:15.11f}'
#   description: Declination (ICRS) at Ep=2016.0 (dec)
#   meta: !!omap
#   - {ucd: POS_EQ_DEC_MAIN}
#   - {width: 15}
#   - {precision: '11'}
# - name: e_RA_ICRS
#   unit: mas
#   datatype: float64
#   format: '{:7.4f}'
#   description: Standard error of right ascension (ra_error)
#   meta: !!omap
#   - {ucd: ERROR}
#   - {width: 7}
#   - {precision: '4'}
# - name: e_DE_ICRS
#   unit: mas
#   datatype: float64
#   format: '{:7.4f}'
#   description: Standard error of declination (dec_error)
#   meta: !!omap
#   - {ucd: ERROR}
#   - {width: 7}
#   - {precision: '4'}
# - name: _r_1
#   unit: ''
#   datatype: float64
#   format: '{:7.4f}'
#   description: Distance from center (161.76031412000-60.10160413000)[ICRS], at Epoch=J2016.0
#   meta: !!omap
#   - {ucd: POS_ANG_DIST_GENERAL}
#   - {width: 7}
#   - {precision: '4'}
# - name: HIP
#   datatype: int32
#   description: '? HIP cross-id number, van Leeuwen, Cat. I/311 (hip_original_ext_source_id)'
#   meta: !!omap
#   - {ucd: ID_NUMBER}
#   - {width: 6}
#   - values: {'null': -2147483648}
# - name: TYC2
#   datatype: string
#   description: Tycho-2 cross-id name, Hog et al., Cat. I/259 (tyc2_original_ext_source_id)
#   meta: !!omap
#   - {ucd: ID_CROSSID}
#   - {_votable_string_dtype: char}
# - name: Source
#   datatype: int64
#   description: Source identifier, identical to the Gaia-EDR3 source_id (id)
#   meta: !!omap
#   - {ucd: ID_MAIN}
#   - {width: 19}
# - name: rgeo
#   unit: pc
#   datatype: float64
#   format: '{:15.8f}'
#   description: '? Median of the geometric distance posterior (r_med_geo)'
#   meta: !!omap
#   - {ucd: PHYS_DISTANCE_TRUE}
#   - {width: 15}
#   - {precision: '8'}
#   - values: {'null': .nan}
# - name: Plx
#   unit: mas
#   datatype: float64
#   format: '{:9.4f}'
#   description: '? Parallax (parallax)'
#   meta: !!omap
#   - {ucd: POS_PARLX_TRIG}
#   - {width: 9}
#   - {precision: '4'}
#   - values: {'null': .nan}
# - name: e_Plx
#   unit: mas
#   datatype: float32
#   format: '{:7.4f}'
#   description: '? Standard error of parallax (parallax_error)'
#   meta: !!omap
#   - {ucd: ERROR}
#   - {width: 7}
#   - {precision: '4'}
#   - values: {'null': .nan}
# - name: pmRA
#   unit: mas / yr
#   datatype: float64
#   format: '{:9.3f}'
#   description: '? Proper motion in right ascension direction, pmRA*cosDE (pmra)'
#   meta: !!omap
#   - {ucd: POS_EQ_PMRA}
#   - {width: 9}
#   - {precision: '3'}
#   - values: {'null': .nan}
# - name: pmDE
#   unit: mas / yr
#   datatype: float64
#   format: '{:9.3f}'
#   description: '? Proper motion in declination direction (pmdec)'
#   meta: !!omap
#   - {ucd: POS_EQ_PMDEC}
#   - {width: 9}
#   - {precision: '3'}
#   - values: {'null': .nan}
# - name: e_pmRA
#   unit: mas / yr
#   datatype: float32
#   format: '{:6.3f}'
#   description: '? Standard error of proper motion in right ascension direction (pmra_error)'
#   meta: !!omap
#   - {ucd: ERROR}
#   - {width: 6}
#   - {precision: '3'}
#   - values: {'null': .nan}
# - name: e_pmDE
[...]
#         value: !astropy.table.SerializedColumn {name: SkyCoord.dec}
#       distance: !astropy.table.SerializedColumn
#         __class__: astropy.coordinates.distances.Distance
#         unit: !astropy.units.Unit {unit: pc}
#         value: !astropy.table.SerializedColumn {name: SkyCoord.distance}
#       frame: icrs
#       obstime: !astropy.time.Time {format: jyear_str, in_subfmt: '*', jd1: 367701545.0, jd2: 0.0, out_subfmt: '*', precision: 3, scale: tt}
#       pm_dec: !astropy.table.SerializedColumn
#         __class__: astropy.units.quantity.Quantity
#         unit: !astropy.units.Unit {unit: mas / yr}
#         value: !astropy.table.SerializedColumn {name: SkyCoord.pm_dec}
#       pm_ra_cosdec: !astropy.table.SerializedColumn
#         __class__: astropy.units.quantity.Quantity
#         unit: !astropy.units.Unit {unit: mas / yr}
#         value: !astropy.table.SerializedColumn {name: SkyCoord.pm_ra_cosdec}
#       ra: !astropy.table.SerializedColumn
#         __class__: astropy.coordinates.angles.Longitude
#         unit: *id001
#         value: !astropy.table.SerializedColumn {name: SkyCoord.ra}
#         wrap_angle: !astropy.coordinates.Angle
#           unit: *id001
#           value: 360.0
#       representation_type: spherical
# schema: astropy-2.0
RA_ICRS_1 DE_ICRS_1 e_RA_ICRS e_DE_ICRS _r_1 HIP TYC2 Source rgeo Plx e_Plx pmRA pmDE e_pmRA e_pmDE RUWE Teff logg Gmag BP-RP BPmag RPmag RV e_RV b_rgeo B_rgeo FG e_FG FBP e_FBP FRP e_FRP RAVE5 RAVE6 e_Gmag e_BPmag e_RPmag e_BP-RP SkyCoord.ra SkyCoord.dec SkyCoord.distance SkyCoord.pm_ra_cosdec SkyCoord.pm_dec rmRA rmDE e_rmRA e_rmDE rRV e_rRV v_pec v_pec3d e_vpec e_vpec3d
[from data line 273]
161.53780720857 -60.18600120035 0.0164 0.0172 8.3555 "" "" 5350294194343748096 1912.32617 0.4906 0.0199 -8.297 3.335 0.022 0.022 1.364 8205.5 4.2995 13.982811 0.44771 14.149818 13.702108 "" "" 1834.69031 2004.54895 48064.24977 16.989 29888.0 27.148 26201.0 18.974 "" "" 0.0027819180604525765 0.002959331 0.0038603018 0.006819633 161.53780720857 -60.18600120035 1912.32617 -8.297 3.335 -1.9470730514526373 1.5399756050109863 0.1282857 0.1282857 "" "" 22.502094580285938 "" 2.8866970906838225 ""
161.41273581387 -60.20946084526 0.0405 0.0407 12.2306 "" "" 5254218215494130176 2403.9646 0.3944 0.0484 -6.422 2.223 0.057 0.052 4.098 9505.7 2.6891 13.998101 1.274634 14.52106 13.246426 "" "" 2115.42432 2702.4856 47392.1179 25.714 21232.0 21.025 39865.0 27.337 "" "" 0.0028175922940111503 0.0029901501 0.0038520196 0.00684217 161.41273581387 -60.20946084526 2403.9646 -6.4220000000000015 2.2230000000000003 -0.07207305145263643 0.4279756050109862 0.16328572 0.1582857 "" "" 4.945361388224934 "" 0.7834724059865906 ""
161.24784020957 -60.13005510357 0.0118 0.0131 15.4151 "" "" 5254221788906007296 2158.60889 0.4273 0.0146 -7.309 3.329 0.016 0.015 0.997 9607.4 4.2658 14.002596 0.604888 14.219462 13.614574 "" "" 2093.11523 2240.60815 47196.34655 22.873 28031.0 45.915 28401.0 138.65 "" "" 0.0028051133260474166 0.003308763 0.0065098545 0.009818617 161.24784020957 -60.13005510357 2158.60889 -7.309000000000002 3.3289999999999975 -0.9590730514526369 1.5339756050109865 0.122285716 0.121285714 "" "" 18.510528643390845 "" 2.2502803060482512 ""
162.16427183996 -60.00417035323 0.0223 0.0214 13.4376 "" "" 5350311855251098112 2682.05322 0.3349 0.0254 -7.305 2.751 0.032 0.028 1.896 10655.5 3.4625 14.003027 0.581486 14.207846 13.62636 "" "" 2519.61841 2858.6853 47177.62221 14.48 28332.0 25.668 28094.0 14.625 "" "" 0.0027753987354187243 0.0029584807 0.0038214114 0.0067798924 162.16427183996 -60.00417035323 2682.05322 -7.305 2.751 -0.9550730514526364 0.9559756050109862 0.13828571 0.13428572 "" "" 17.179183877485947 "" 2.3414969951723816 ""
161.63652653264 -59.87707876657 0.0159 0.0152 13.9743 "" "" 5350305464337522432 2373.58447 0.3932 0.0174 -6.63 1.798 0.021 0.019 1.161 "" "" 14.005244 1.028069 14.416797 13.388728 "" "" 2287.44385 2448.57056 47081.36487 10.233 23372.0 28.307 34968.0 20.972 "" "" 0.0027654071570229408 0.003084517 0.003835068 0.006919585 161.63652653264 -59.87707876657 2373.58447 -6.63 1.7979999999999996 -0.2800730514526366 0.0029756050109863708 0.12728572 0.12528571 "" "" 3.1512210313048006 "" 0.4011047287005511 ""
161.52595078192 -60.1374786995 0.0119 0.0131 7.3287 "" "" 5350294915898254592 1955.78564 0.4777 0.015 -8.46 3.447 0.016 0.016 0.937 7954.8 3.7756 14.008339 0.682514 14.270942 13.588428 "" "" 1898.35095 2006.23206 46947.3604 12.144 26733.0 29.767 29093.0 29.563 "" "" 0.00276959677372925 0.0030408273 0.003937124 0.006977951 161.52595078192 -60.1374786995 1955.78564 -8.459999999999996 3.4469999999999974 -2.1100730514526376 1.6519756050109864 0.122285716 0.122285716 "" "" 24.843061324739857 "" 3.037951547581683 ""
161.95107403381 -60.09696030362 0.0121 0.0123 5.7124 "" "" 5350287184956991360 2163.8728 0.4277 0.0143 -7.713 2.34 0.018 0.016 0.981 9307.8 4.1853 14.011473 0.352127 14.137754 13.785626 "" "" 2086.01196 2228.66235 46812.03143 16.724 30221.0 27.022 24261.0 17.387 "" "" 0.0027824893443257454 0.0029542367 0.00385865 0.006812887 161.95107403381 -60.09696030362 2163.8728 -7.713000000000002 2.3400000000000007 -1.3630730514526368 0.5449756050109862 0.12428571 0.122285716 "" "" 15.056718694656661 "" 1.8672136304820908 ""
161.72953903757 -60.12206912637 0.0117 0.0131 1.5344 "" "" 5350284711031815552 2191.4104 0.4189 0.0152 -10.966 3.81 0.016 0.017 0.968 10471.4 4.0529 14.02478 0.918491 14.370089 13.451597 "" "" 2106.82349 2255.33862 46241.77903 9.5753 24400.0 31.007 33000.0 37.184 "" "" 0.002764477368189326 0.0031126684 0.0039724577 0.007085126 161.72953903757 -60.12206912637 2191.4104 -10.966000000000006 3.810000000000001 -4.616073051452636 2.0149756050109864 0.122285716 0.12328571 "" "" 52.31754726773806 "" 6.406090706862412 ""
161.90106990227 -60.22984210617 0.0126 0.014 8.7667 "" "" 5350280106824806144 1958.33643 0.477 0.0155 -8.951 2.931 0.018 0.018 1.067 6593.2 3.5835 14.026062 0.821902 14.348078 13.526176 33.79 7.83 1904.71411 2034.06445 46187.21476 10.505 24899.0 22.451 30810.0 32.099 "" "" 0.0027663641801933714 0.0029569357 0.0039450284 0.006901964 161.90106990227 -60.22984210617 1958.33643 -8.951 2.931 -2.6010730514526372 1.1359756050109864 0.12428571 0.12428571 54.922 21.630001 26.346683568936697 60.91447955192327 3.2745163482870754 19.553503018473837
162.17090588498 -60.21188308195 0.0124 0.0121 13.931 "" "" 5338275634584501376 2300.2478 0.3994 0.0142 -6.352 2.282 0.016 0.015 0.969 9467.6 4.1123 14.028486 0.294217 14.136659 13.842442 "" "" 2227.46997 2365.1311 46084.2381 20.821 30252.0 24.503 23024.0 18.712 "" "" 0.0027986457114561954 0.002925475 0.0038810244 0.0068064993 162.17090588498 -60.21188308195 2300.2478 -6.352 2.282 -0.0020730514526370314 0.48697560501098636 0.122285716 0.121285714 "" "" 5.309628143585276 "" 0.6439821381954778 ""
161.76895441993 -59.99576355011 0.022 0.0442 6.3557 "" "" 5350291651700667008 2268.42163 0.4156 0.0312 -7.213 2.281 0.033 0.08 1.031 "" "" 14.028749 "" "" "" "" "" 2124.00488 2432.22046 46073.04747 48.46 "" "" "" "" "" "" 0.00298260310973038 "" "" "" 161.76895441993 -59.99576355011 2268.42163 -7.212999999999999 2.2809999999999997 -0.8630730514526368 0.48597560501098647 0.13928571 0.1862857 "" "" 10.6500473718553 "" 1.61811074217452 ""
161.93126893958 -59.99618595238 0.0118 0.0123 8.1383 "" "" 5350291995320798848 2333.78027 0.3909 0.014 -6.737 2.269 0.017 0.016 0.964 "" "" 14.030816 0.892935 14.374465 13.48153 "" "" 2269.48779 2410.44995 45985.43816 12.086 24301.0 26.47 32103.0 22.359 "" "" 0.0027700572718455736 0.0030304613 0.00385429 0.006884751 161.93126893958 -59.99618595238 2333.78027 -6.736999999999997 2.269 -0.3870730514526368 0.47397560501098646 0.12328571 0.122285716 "" "" 6.76942380454326 "" 0.8305188327522927 ""
162.08696107481 -60.17079546786 0.0439 0.0455 10.6053 "" "" 5350285776207707648 2321.53467 0.4113 0.0516 -7.051 3.257 0.06 0.057 3.611 7412.2 4.087 14.031655 0.704201 14.264174 13.559974 -18.44 8.81 2124.7644 2576.86914 45949.92528 35.702 26900.0 39.579 29865.0 51.013 "" "" 0.0028815682283213177 0.0032151218 0.004209887 0.0074250083 162.08696107481 -60.17079546786 2321.53467 -7.051000000000002 3.256999999999999 -0.7010730514526369 1.4619756050109864 0.16628571 0.16328572 2.692 22.61 17.841796188585466 18.04374005673499 2.9233922307107014 4.442391176018554
162.24904190829 -60.01779711794 0.0126 0.0122 15.4751 "" "" 5338302095929622784 2231.4751 0.4099 0.0141 -6.176 1.589 0.017 0.015 0.901 8811.0 4.0363 14.037573 0.513317 14.230357 13.71704 "" "" 2164.52856 2317.91943 45700.14475 13.345 27751.0 16.711 25843.0 16.433 "" "" 0.0027735012118343034 0.0028657475 0.0038419233 0.006707671 162.24904190829 -60.01779711794 2231.4751 -6.176000000000002 1.5890000000000002 0.17392694854736312 -0.2060243949890137 0.12328571 0.121285714 "" "" 2.8518556562776896 "" 0.3482741269081385 ""
161.88006220767 -60.05920616768 0.0174 0.0188 4.3948 "" "" 5350290208614366080 2019.29199 0.4649 0.021 -6.863 2.4 0.024 0.025 1.357 9711.7 4.1224 14.041286 0.353089 14.168131 13.815042 "" "" 1931.74792 2117.7854 45544.15079 17.66 29388.0 26.7 23612.0 20.452 "" "" 0.002787298091725541 0.002959407 0.0038946294 0.0068540364 161.88006220767 -60.05920616768 2019.29199 -6.863 2.4 -0.5130730514526372 0.6049756050109862 0.13028571 0.13128571 "" "" 7.592511034053871 "" 0.9936189234576398 ""
161.35670782004 -59.97918051707 0.0167 0.0183 14.1494 "" "" 5350301375528521856 2216.97729 0.4187 0.0206 -6.57 1.963 0.023 0.022 1.383 "" "" 14.047405 0.883165 14.365066 13.4819 "" "" 2108.55835 2317.3418 45288.17343 16.832 24513.0 24.185 32092.0 22.591 "" "" 0.0027847128091280774 0.0029887347 0.003855889 0.006844624 161.35670782004 -59.97918051707 2216.97729 -6.570000000000002 1.963000000000001 -0.220073051452637 0.1679756050109864 0.12928571 0.1282857 "" "" 2.909309085501974 "" 0.3750637266746341 ""
161.24139193661 -60.01384923209 0.0197 0.0219 16.4082 "" "" 5350300134259002752 1903.53455 0.4906 0.0234 -8.197 3.417 0.026 0.024 1.532 7590.5 4.1347 14.050586 0.678863 14.291835 13.612972 15.06 10.73 1826.33948 2001.79602 45155.68166 26.613 26223.0 119.99 28443.0 120.52 "" "" 0.0028286479829879663 0.0056979544 0.0059538744 0.011651829 161.24139193661 -60.01384923209 1903.53455 -8.197 3.417 -1.847073051452636 1.6219756050109861 0.13228571 0.13028571 36.192 24.529999 22.179249684601945 42.44737895997721 2.9147678096598177 20.970443455520265
162.19674022244 -60.1567029919 0.0117 0.0129 13.4541 "" "" 5338277734873087104 2236.52539 0.4137 0.0147 -6.497 1.655 0.016 0.015 0.972 8375.6 4.1825 14.054213 0.462338 14.223719 13.761381 "" "" 2174.78198 2298.39014 45005.09077 14.836 27921.0 27.205 24809.0 15.014 "" "" 0.0027784694207921208 0.0029839885 0.0038360746 0.006820063 162.19674022244 -60.1567029919 2236.52539 -6.497000000000002 1.6550000000000002 -0.1470730514526366 -0.14002439498901365 0.122285716 0.121285714 "" "" 2.152768636170128 "" 0.26223149372837085 ""
161.22159891431 -60.15253663142 0.0119 0.0124 16.3868 "" "" 5254221720186500480 2259.75732 0.4094 0.0145 -6.435 1.849 0.016 0.015 0.943 7282.5 3.9054 14.054236 0.401115 14.192854 13.791738 "" "" 2199.13867 2322.9812 45004.10188 14.711 28726.0 42.722 24125.0 22.079 "" "" 0.0027780835652948337 0.003223726 0.003907823 0.007131549 161.22159891431 -60.15253663142 2259.75732 -6.435000000000001 1.8490000000000006 -0.08507305145263633 0.053975605010986305 0.122285716 0.121285714 "" "" 1.0791705012819153 "" 0.13165831071962128 ""
161.94358797601 -59.9222392592 0.0136 0.0141 12.0841 "" "" 5350316253297775872 2105.02173 0.4434 0.0155 -6.666 0.462 0.018 0.019 0.898 5251.0 3.1037 14.056449 1.389802 14.683484 13.293682 17.3 2.6 2033.72009 2174.84766 44912.47472 7.4467 18282.0 31.101 38167.0 32.705 "" "" 0.0027611947900946124 0.0033461296 0.0038922096 0.007238339 161.94358797601 -59.9222392592 2105.02173 -6.666 0.462 -0.3160730514526371 -1.3330243949890137 0.12428571 0.12528571 38.432 16.4 13.669430652000006 40.79058663895186 1.7118595371416792 15.46236688888564
161.73428754835 -60.08741303621 0.0128 0.0143 1.1538 "" "" 5350284848470846464 2234.60693 0.4086 0.0164 -7.385 2.658 0.018 0.017 1.11 9792.3 3.8216 14.061193 0.555778 14.264202 13.708425 "" "" 2163.50269 2310.37378 44716.66721 13.509 26899.0 29.189 26049.0 23.462 "" "" 0.002774774855577819 0.0030287174 0.0039038484 0.006932566 161.73428754835 -60.08741303621 2234.60693 -7.385000000000004 2.658000000000003 -1.0350730514526365 0.8629756050109862 0.12428571 0.12328571 "" "" 14.274132862333195 "" 1.7682313298717391 ""
161.81654049769 -60.34960662748 0.013 0.0136 14.9742 "" "" 5350277736028704768 2314.56274 0.3993 0.0152 -1.075 0.086 0.017 0.017 0.959 6812.7 3.7741 14.063153 0.843997 14.392365 13.548368 -19.58 7.18 2238.23486 2425.9502 44636.02013 10.721 23904.0 26.887 30186.0 29.399 "" "" 0.002767633566729414 0.0030457252 0.0039245235 0.0069702487 161.81654049769 -60.34960662748 2314.56274 -1.075 0.08599999999999994 5.274926948547363 -1.7090243949890136 0.12328571 0.12328571 1.5520000000000032 20.98 60.83295563023557 60.852750099812326 7.499834175645028 7.5164641965083625
161.48134907672 -60.07570051377 0.0126 0.0135 8.49 "" "" 5350297286719618816 2643.06006 0.3427 0.0155 -6.343 2.629 0.016 0.016 0.959 "" "" 14.068744 0.747165 14.358614 13.611449 "" "" 2547.87964 2754.91455 44406.7809 9.0604 24659.0 31.067 28483.0 32.891 "" "" 0.0027642110354939046 0.003107434 0.0039819153 0.0070893494 161.48134907672 -60.07570051377 2643.06006 -6.343000000000002 2.629000000000001 0.00692694854736331 0.8339756050109863 0.122285716 0.122285716 "" "" 10.448494078570485 "" 1.277701581981811 ""
161.35372642248 -60.09719654442 0.0127 0.0141 12.1638 "" "" 5350298901627263744 2009.21582 0.4624 0.0154 -7.487 2.661 0.016 0.017 0.965 "" "" 14.06979 0.45741 14.21137 13.753961 "" "" 1956.08728 2068.323 44364.01185 18.444 28240.0 103.72 24979.0 190.09 "" "" 0.0027920492867898787 0.004866906 0.009085797 0.013952702 161.35372642248 -60.09719654442 2009.21582 -7.4870000000000045 2.6609999999999996 -1.1370730514526368 0.8659756050109864 0.122285716 0.12328571 "" "" 13.61203478791191 "" 1.6695671593670283 ""
161.53634917217 -60.16134077198 0.0122 0.0134 7.5916 "" "" 5350294606660611328 2049.64502 0.4513 0.0152 -8.465 3.438 0.017 0.017 0.932 8203.2 4.2983 14.073319 0.514378 14.270335 13.755958 "" "" 1991.90625 2110.94214 44220.0226 15.13 26747.0 32.96 24933.0 36.469 "" "" 0.0027802504242270963 0.0030943705 0.0040994803 0.007193851 161.53634917217 -60.16134077198 2049.64502 -8.465 3.437999999999997 -2.1150730514526366 1.6429756050109865 0.12328571 0.12328571 "" "" 26.01983078004041 "" 3.207873332915221 ""
162.14852903236 -59.8811036165 0.0139 0.0121 17.6279 "" "" 5350314947627811456 2221.78833 0.4166 0.0148 -6.028 2.42 0.019 0.016 0.945 "" "" 14.074753 0.706132 14.348099 13.641967 "" "" 2148.24756 2304.57715 44161.68266 12.036 24899.0 14.562 27693.0 15.544 "" "" 0.002771164490018035 0.0028615126 0.0038282007 0.0066897133 162.14852903236 -59.8811036165 2221.78833 -6.028 2.42 0.3219269485473637 0.6249756050109863 0.12528571 0.122285716 "" "" 7.403655790738481 "" 0.9100637553497363 ""
161.42121341101 -60.25062368505 0.0131 0.0136 13.5031 "" "" 5254216944183810304 1958.22192 0.4766 0.0156 -10.218 3.889 0.017 0.016 0.929 4809.6 3.1925 14.088995 1.363978 14.705489 13.341511 -6.5 2.0 1904.53381 2009.54517 43586.15578 7.5435 17915.0 17.994 36522.0 25.572 "" "" 0.0027617203632007217 0.002995712 0.003855081 0.006850793 161.42121341101 -60.25062368505 1958.22192 -10.217999999999995 3.888999999999998 -3.8680730514526367 2.093975605010986 0.12328571 0.122285716 14.632000000000001 15.8 40.826669750458386 43.369486818649285 5.024121184241423 7.126288541993593
161.62986916252 -59.90976524013 0.0151 0.0147 12.1572 "" "" 5350305288216091264 2499.24268 0.3655 0.0166 -6.559 2.852 0.02 0.017 0.975 6134.4 3.0538 14.093678 0.981253 14.478678 13.497425 "" "" 2403.87085 2578.85376 43398.59845 14.282 22077.0 31.296 31636.0 36.178 "" "" 0.002778390791901193 0.0031865255 0.003978107 0.007164633 161.62986916252 -59.90976524013 2499.24268 -6.559 2.852 -0.20907305145263688 1.0569756050109862 0.12628572 0.12328571 "" "" 12.763972327769055 "" 1.5750740704427593 ""
161.33655376902 -60.22515875999 0.0133 0.014 14.6621 "" "" 5254217974975002368 1995.66235 0.4693 0.0172 -10.568 5.374 0.018 0.017 0.996 5851.5 3.5835 14.09442 1.173092 14.597437 13.424345 -26.61 3.9 1915.35083 2072.08911 43368.94689 8.9067 19790.0 23.854 33839.0 24.359 "" "" 0.002764327883304302 0.0030818405 0.0038593488 0.006941189 161.33655376902 -60.22515875999 1995.66235 -10.568000000000005 5.374 -4.218073051452636 3.578975605010986 0.12428571 0.12328571 -5.477999999999998 17.7 52.328065717347265 52.61401852851589 6.481778806641932 6.704787439131587
161.68453684796 -59.93208433291 0.0139 0.0134 10.4219 "" "" 5350305017660899200 2498.56519 0.3679 0.0157 -6.294 1.777 0.018 0.017 1.006 "" "" 14.117657 1.170929 14.60829 13.437361 "" "" 2413.64038 2576.81079 42450.60451 9.593 19593.0 24.292 33436.0 24.366 "" "" 0.0027662227804754282 0.0030979204 0.0038613142 0.0069592344 161.68453684796 -59.93208433291 2498.56519 -6.294000000000003 1.7770000000000006 0.055926948547363686 -0.01802439498901376 0.12428571 0.12328571 "" "" 0.6959028247950177 "" 0.08642553700622245 ""
