Clusters/Bochum_11/Bochum_11_members.tsv
# %ECSV 1.0
# ---
# datatype:
# - name: RA_ICRS_1
#   unit: deg
#   datatype: float64
#   format: '{:15.11f}'
#   description: Right ascension (ICRS) at Ep=2016.0 (ra)
#   meta: !!omap
#   - {ucd: POS_EQ_RA_MAIN}
#   - {width: 15}
#   - {precision: '11'}
# - name: DE_ICRS_1
#   unit: deg
#   datatype: float64
#   format: '{:15.11f}'
#   description: Declination (ICRS) at Ep=2016.0 (dec)
#   meta: !!omap
#   - {ucd: POS_EQ_DEC_MAIN}
#   - {width: 15}
#   - {precision: '11'}
# - name: e_RA_ICRS
#   unit: mas
#   datatype: float64
#   format: '{:7.4f}'
#   description: Standard error of right ascension (ra_error)
#   meta: !!omap
#   - {ucd: ERROR}
#   - {width: 7}
#   - {precision: '4'}
# - name: e_DE_ICRS
#   unit: mas
#   datatype: float64
#   format: '{:7.4f}'
#   description: Standard error of declination (dec_error)
#   meta: !!omap
#   - {ucd: ERROR}
#   - {width: 7}
#   - {precision: '4'}
# - name: _r_1
#   unit: ''
#   datatype: float64
#   format: '{:7.4f}'
#   description: Distance from center (161.76031412000-60.10160413000)[ICRS], at Epoch=J2016.0
#   meta: !!omap
#   - {ucd: POS_ANG_DIST_GENERAL}
#   - {width: 7}
#   - {precision: '4'}
# - name: HIP
#   datatype: int32
#   description: '? HIP cross-id number, van Leeuwen, Cat. I/311 (hip_original_ext_source_id)'
#   meta: !!omap
#   - {ucd: ID_NUMBER}
#   - {width: 6}
#   - values: {'null': -2147483648}
# - name: TYC2
#   datatype: string
#   description: Tycho-2 cross-id name, Hog et al., Cat. I/259 (tyc2_original_ext_source_id)
#   meta: !!omap
#   - {ucd: ID_CROSSID}
#   - {_votable_string_dtype: char}
# - name: Source
#   datatype: int64
#   description: Source identifier, identical to the Gaia-EDR3 source_id (id)
#   meta: !!omap
#   - {ucd: ID_MAIN}
#   - {width: 19}
# - name: rgeo
#   unit: pc
#   datatype: float64
#   format: '{:15.8f}'
#   description: '? Median of the geometric distance posterior (r_med_geo)'
#   meta: !!omap
#   - {ucd: PHYS_DISTANCE_TRUE}
#   - {width: 15}
#   - {precision: '8'}
#   - values: {'null': .nan}
# - name: Plx
#   unit: mas
#   datatype: float64
#   format: '{:9.4f}'
#   description: '? Parallax (parallax)'
#   meta: !!omap
#   - {ucd: POS_PARLX_TRIG}
#   - {width: 9}
#   - {precision: '4'}
#   - values: {'null': .nan}
# - name: e_Plx
#   unit: mas
#   datatype: float32
#   format: '{:7.4f}'
#   description: '? Standard error of parallax (parallax_error)'
#   meta: !!omap
#   - {ucd: ERROR}
#   - {width: 7}
#   - {precision: '4'}
#   - values: {'null': .nan}
# - name: pmRA
#   unit: mas / yr
#   datatype: float64
#   format: '{:9.3f}'
#   description: '? Proper motion in right ascension direction, pmRA*cosDE (pmra)'
#   meta: !!omap
#   - {ucd: POS_EQ_PMRA}
#   - {width: 9}
#   - {precision: '3'}
#   - values: {'null': .nan}
# - name: pmDE
#   unit: mas / yr
#   datatype: float64
#   format: '{:9.3f}'
#   description: '? Proper motion in declination direction (pmdec)'
#   meta: !!omap
#   - {ucd: POS_EQ_PMDEC}
#   - {width: 9}
#   - {precision: '3'}
#   - values: {'null': .nan}
# - name: e_pmRA
#   unit: mas / yr
#   datatype: float32
#   format: '{:6.3f}'
#   description: '? Standard error of proper motion in right ascension direction (pmra_error)'
#   meta: !!omap
#   - {ucd: ERROR}
#   - {width: 6}
#   - {precision: '3'}
#   - values: {'null': .nan}
# - name: e_pmDE
[...]
#         unit: &id001 !astropy.units.Unit {unit: deg}
#         value: !astropy.table.SerializedColumn {name: SkyCoord.dec}
#       distance: !astropy.table.SerializedColumn
#         __class__: astropy.coordinates.distances.Distance
#         unit: !astropy.units.Unit {unit: pc}
#         value: !astropy.table.SerializedColumn {name: SkyCoord.distance}
#       frame: icrs
#       obstime: !astropy.time.Time {format: jyear_str, in_subfmt: '*', jd1: 367701545.0, jd2: 0.0, out_subfmt: '*', precision: 3, scale: tt}
#       pm_dec: !astropy.table.SerializedColumn
#         __class__: astropy.units.quantity.Quantity
#         unit: !astropy.units.Unit {unit: mas / yr}
#         value: !astropy.table.SerializedColumn {name: SkyCoord.pm_dec}
#       pm_ra_cosdec: !astropy.table.SerializedColumn
#         __class__: astropy.units.quantity.Quantity
#         unit: !astropy.units.Unit {unit: mas / yr}
#         value: !astropy.table.SerializedColumn {name: SkyCoord.pm_ra_cosdec}
#       ra: !astropy.table.SerializedColumn
#         __class__: astropy.coordinates.angles.Longitude
#         unit: *id001
#         value: !astropy.table.SerializedColumn {name: SkyCoord.ra}
#         wrap_angle: !astropy.coordinates.Angle
#           unit: *id001
#           value: 360.0
#       representation_type: spherical
# schema: astropy-2.0
RA_ICRS_1 DE_ICRS_1 e_RA_ICRS e_DE_ICRS _r_1 HIP TYC2 Source rgeo Plx e_Plx pmRA pmDE e_pmRA e_pmDE RUWE Teff logg Gmag BP-RP BPmag RPmag RV e_RV b_rgeo B_rgeo FG e_FG FBP e_FBP FRP e_FRP RAVE5 RAVE6 e_Gmag e_BPmag e_RPmag e_BP-RP SkyCoord.ra SkyCoord.dec SkyCoord.distance SkyCoord.pm_ra_cosdec SkyCoord.pm_dec Pmemb
161.80258336591 -60.09743980162 0.0135 0.0161 1.2887 "" 8957-1512-1 5350289933736400000 2408.38696 0.4049 0.0168 -6.442 1.923 0.021 0.023 0.826 16204.9 2.5005 8.168925 0.629374 8.380313 7.750939 "" "" 2298.21436 2538.21509 10171300.13006 4652.1 6071400.0 7701.3 6291900.0 4909.3 "" "" 0.0027997124463284098 0.003111551 0.0038731636 0.0069847144 161.80258336591 -60.09743980162 2408.38696 -6.442 1.923 0.8
161.63768876769 -60.07015925673 0.0103 0.0111 4.1259 "" "" 5350296840043687552 2336.99927 0.4204 0.013 -6.363 1.853 0.014 0.014 0.861 "" "" 9.762932 0.553694 9.952455 9.398762 45.52 31.93 2260.58643 2432.93286 2343009.66363 565.23 1427000.0 677.83 1379300.0 301.24 J104633.1-600413 20050128_1045m58_148 0.0027677416100069883 0.0028374328 0.0037868135 0.006624246 161.63768876769 -60.07015925673 2336.99927 -6.362999999999998 1.8529999999999993 0.9
161.81838617485 -60.09441418356 0.0129 0.0133 1.7898 "" "" 5350289865017121024 2231.94092 0.439 0.0158 -6.251 1.824 0.017 0.018 1.024 6864.2 2.3598 10.046601 0.655654 10.278828 9.623174 "" "" 2141.18164 2315.57153 1804289.05636 935.47 1056500.0 1029.9 1121700.0 347.84 "" "" 0.002812235822333342 0.002984168 0.0037943493 0.0067785173 161.81838617485 -60.09441418356 2231.94092 -6.251000000000001 1.8240000000000012 1.0
161.81007930624 -60.10028579079 0.0123 0.0139 1.4905 "" 8957-277-1 5350289929416157184 2344.53223 0.4153 0.0154 -6.348 1.909 0.017 0.018 0.912 14505.4 3.4423 10.390075 0.35333 10.50112 10.14779 "" "" 2267.41064 2426.26953 1314973.06223 449.78 860930.0 598.66 691900.0 177.77 "" "" 0.0027802348044382065 0.0028905096 0.0037896628 0.0066801724 161.81007930624 -60.10028579079 2344.53223 -6.348 1.909 0.8
161.8136586573 -60.09415299079 0.0189 0.0217 1.657 "" "" 5350289933736597376 2265.62256 0.4334 0.0237 -6.325 1.915 0.027 0.029 1.629 "" "" 10.611541 0.800073 10.903502 10.10343 "" "" 2139.92798 2400.90308 1072334.79326 306.61 594310.0 516.26 720750.0 327.24 "" "" 0.0027727537793618908 0.0029452634 0.0038113948 0.006756658 161.8136586573 -60.09415299079 2265.62256 -6.324999999999998 1.9149999999999991 0.9
161.60587739336 -60.14546002009 0.0116 0.0122 5.3131 "" 8957-2018-1 5350296148525470976 2383.26221 0.4037 0.0144 -6.565 1.85 0.016 0.016 0.801 15983.0 3.6647 10.893973 0.299151 10.983933 10.684782 "" "" 2305.59277 2480.4126 826718.29523 242.73 551880.0 237.3 421930.0 98.361 "" "" 0.002773699640205718 0.0028289568 0.0037878477 0.0066168047 161.60587739336 -60.14546002009 2383.26221 -6.565000000000002 1.85 1.0
161.73282376299 -60.08930209615 0.0081 0.009 1.105 "" "" 5350284844175628416 2382.65552 0.3974 0.0102 -6.284 1.862 0.011 0.011 0.775 "" "" 12.060966 0.861452 12.392493 11.531041 "" "" 2323.47852 2432.50977 282201.99655 176.51 150810.0 211.83 193530.0 408.89 "" "" 0.0028377747890419155 0.0031797483 0.0044210744 0.0076008225 161.73282376299 -60.08930209615 2382.65552 -6.283999999999997 1.8619999999999992 1.0
161.64152246016 -60.08739734707 0.0097 0.0104 3.6544 "" "" 5350296736964471808 2454.15454 0.3827 0.0119 -6.379 1.84 0.013 0.013 0.958 "" "" 12.541017 0.596402 12.753319 12.156917 "" "" 2391.04736 2523.01172 181359.45326 34.078 108170.0 62.014 108740.0 50.888 "" "" 0.0027628627854367894 0.002858758 0.0038133836 0.0066721416 161.64152246016 -60.08739734707 2454.15454 -6.379 1.8399999999999994 0.9
161.91770954548 -60.14766010623 0.0091 0.0098 5.4557 "" "" 5350286630877943296 2158.19287 0.4595 0.0112 -6.228 1.894 0.012 0.013 1.046 "" "" 12.676528 1.52063 13.386278 11.865648 35.83 0.57 2099.12793 2214.30884 160079.40956 20.931 60382.0 37.806 142200.0 33.719 "" "" 0.002758975033637499 0.0028717883 0.0037881406 0.0066599287 161.91770954548 -60.14766010623 2158.19287 -6.227999999999998 1.8939999999999986 1.0
161.60757943455 -60.1060505174 0.0104 0.0108 4.5754 "" "" 5350296290288176000 2375.89868 0.3979 0.0122 -6.437 1.767 0.015 0.014 0.925 "" "" 12.721624 0.582236 12.923225 12.340989 -135.33 7.61 2298.36523 2432.073 153566.62925 41.533 92497.0 68.066 91783.0 67.096 "" "" 0.0027709233211870633 0.0029023078 0.0038618252 0.006764133 161.60757943455 -60.1060505174 2375.89868 -6.436999999999999 1.7669999999999997 1.0
161.59006523366 -60.0529194236 0.0137 0.0149 5.8734 "" "" 5350297114920981632 2141.31543 0.4331 0.0168 -6.588 2.183 0.019 0.018 1.357 "" "" 13.197417 1.17604 13.693601 12.517561 -24.73 7.82 2045.68909 2232.82886 99078.62283 17.374 45496.0 39.747 78007.0 52.546 "" "" 0.002761890251833612 0.0029469943 0.0038494952 0.0067964895 161.59006523366 -60.0529194236 2141.31543 -6.588000000000002 2.1830000000000003 0.9
161.67156106462 -60.15773262368 0.0108 0.0114 4.2866 "" "" 5350284367458667136 2328.79395 0.392 0.0135 -6.543 1.719 0.014 0.015 1.099 "" "" 13.235021 0.657535 13.478861 12.821326 "" "" 2270.68628 2401.2356 95705.81107 48.858 55446.0 59.596 58970.0 94.394 "" "" 0.0028105168701533776 0.0030243907 0.004159832 0.0071842223 161.67156106462 -60.15773262368 2328.79395 -6.543000000000001 1.7190000000000007 0.8
161.77097084919 -60.0714371721 0.0097 0.0104 1.8379 "" "" 5350290685327067392 2313.09741 0.4015 0.0121 -6.361 1.72 0.014 0.013 0.983 "" "" 13.25372 1.29135 13.802096 12.510746 "" "" 2252.21606 2387.84937 94071.62838 31.465 41170.0 35.879 78498.0 42.603 "" "" 0.0027791494714602552 0.0029462427 0.0038250429 0.0067712856 161.77097084919 -60.0714371721 2313.09741 -6.360999999999998 1.7199999999999993 1.0
161.55430209673 -60.04049894917 0.0099 0.0109 7.1746 "" "" 5350297080561241472 2262.30493 0.4029 0.0122 -6.236 1.939 0.013 0.013 0.939 "" "" 13.383253 0.551375 13.576596 13.025221 "" "" 2207.84131 2322.64355 83492.12596 19.969 50673.0 41.277 48873.0 26.478 "" "" 0.0027675299538261694 0.0029269843 0.0038248831 0.0067518675 161.55430209673 -60.04049894917 2262.30493 -6.236 1.9389999999999998 0.8
161.66359320065 -60.13699267406 0.0105 0.0124 3.5871 "" "" 5350284470537881344 2337.20386 0.392 0.0135 -6.373 1.46 0.014 0.016 0.871 "" "" 13.447692 0.603215 13.664615 13.061399 "" "" 2254.01733 2406.91357 78680.98861 24.031 46727.0 32.176 47271.0 29.837 "" "" 0.00277520340671604 0.002888599 0.0038410118 0.0067296107 161.66359320065 -60.13699267406 2337.20386 -6.373000000000001 1.46 0.9
161.80856715058 -60.11115139824 0.0105 0.0121 1.5525 "" "" 5350289826337350528 2285.72705 0.4025 0.0132 -6.343 1.818 0.015 0.017 1.008 8280.3 3.6412 13.664698 0.530561 13.830403 13.299842 "" "" 2229.2395 2358.52271 64426.9461 26.865 40110.0 74.745 37951.0 70.932 "" "" 0.0027922675236408618 0.0034465445 0.0042897235 0.007736268 161.80856715058 -60.11115139824 2285.72705 -6.343 1.8180000000000005 1.0
161.66650358347 -60.0570018003 0.0108 0.0117 3.8787 "" "" 5350285123372928768 2312.7207 0.3971 0.0133 -6.267 1.876 0.015 0.014 0.895 "" "" 13.78848 0.700502 14.047251 13.346748 "" "" 2248.09766 2381.35352 57485.05089 10.834 32849.0 22.934 36346.0 22.134 "" "" 0.00276290801498056 0.0028913051 0.0038367829 0.006728088 161.66650358347 -60.0570018003 2312.7207 -6.266999999999999 1.8759999999999994 1.0
161.86299926729 -60.03346999659 0.0117 0.0126 5.115 "" "" 5350290547888275328 1974.21838 0.4712 0.014 -6.509 1.349 0.017 0.017 0.904 9631.8 4.0689 13.830662 0.317547 13.945809 13.628262 "" "" 1925.29614 2018.36694 55294.50578 26.709 36066.0 20.899 28045.0 19.701 "" "" 0.0028047873261766347 0.0028602227 0.0038555735 0.006715796 161.86299926729 -60.03346999659 1974.21838 -6.509000000000003 1.3490000000000002 0.8
161.87685903606 -60.13416702347 0.0117 0.0126 3.9943 "" "" 5350289555779323776 2319.27246 0.3954 0.0144 -6.224 1.816 0.016 0.017 1.007 "" "" 13.869708 1.068302 14.301634 13.233332 "" "" 2248.6748 2414.01001 53341.28553 20.479 25987.0 34.913 40348.0 53.567 "" "" 0.0027866727716276125 0.003148452 0.004044936 0.007193388 161.87685903606 -60.13416702347 2319.27246 -6.224 1.8159999999999996 1.0
161.96672694158 -60.16601017489 0.012 0.0122 7.278 "" "" 5350286360323224704 2430.05884 0.3739 0.0144 -6.367 1.701 0.018 0.017 0.963 7027.5 3.595 13.899984 0.459956 14.059949 13.599993 "" "" 2348.41968 2510.02173 51874.39645 18.753 32467.0 32.124 28785.0 26.159 "" "" 0.0027831362396794185 0.0029898318 0.0039060565 0.0068958886 161.96672694158 -60.16601017489 2430.05884 -6.367000000000001 1.701 0.8
161.7070873043 -60.07431451007 0.0131 0.0144 2.2841 "" "" 5350285054653480064 2567.7019 0.3554 0.0171 -6.255 1.753 0.018 0.018 1.099 7586.2 3.7646 14.120115 0.884301 14.434772 13.55047 "" "" 2432.74878 2670.8396 42354.60646 9.9924 22988.0 29.377 30128.0 250.36 "" "" 0.0027672011063249033 0.0031161166 0.009781935 0.012898052 161.7070873043 -60.07431451007 2567.7019 -6.254999999999999 1.7529999999999992 1.0
161.8279540523 -60.094795809 0.0138 0.0154 2.064 "" "" 5350289968096161536 2351.52661 0.388 0.0171 -6.13 1.854 0.019 0.02 0.98 "" "" 14.266882 1.09229 14.661681 13.569391 "" "" 2254.84326 2440.12866 36999.35048 9.6383 18653.0 37.914 29608.0 410.38 "" "" 0.002769798570583261 0.0035574273 0.01551611 0.019073537 161.8279540523 -60.094795809 2351.52661 -6.13 1.854 1.0
161.7515388538 -60.14330816074 0.0136 0.015 2.516 "" "" 5350284607976906112 2474.20508 0.3691 0.017 -6.432 1.753 0.02 0.021 0.965 7100.8 3.64 14.343373 0.773755 14.639154 13.865398 "" "" 2375.875 2571.14941 34482.40029 7.1478 19044.0 18.52 22542.0 31.796 "" "" 0.002764496629654531 0.0029832688 0.0040778774 0.007061146 161.7515388538 -60.14330816074 2474.20508 -6.431999999999999 1.752999999999999 0.9
161.68793273831 -60.09864606779 0.014 0.0152 2.1721 "" "" 5350284917214506368 2485.56396 0.3664 0.0175 -6.413 1.589 0.02 0.019 0.946 "" "" 14.383039 1.201911 14.898043 13.696132 "" "" 2380.34644 2590.65259 33245.34017 6.8068 15004.0 30.544 26345.0 22.34 "" "" 0.0027642731456575024 0.0035595354 0.0038899076 0.007449443 161.68793273831 -60.09864606779 2485.56396 -6.413000000000001 1.5889999999999993 1.0
161.60676939329 -60.08088518972 0.0137 0.0147 4.7589 "" "" 5350296771323580416 2488.62549 0.3656 0.0167 -6.347 1.704 0.018 0.017 0.993 "" "" 14.408347 0.897144 14.768763 13.871618 "" "" 2389.08203 2605.88867 32479.38488 6.8292 16901.0 39.959 22414.0 52.886 "" "" 0.002764761398838619 0.0037913793 0.0045658033 0.008357182 161.60676939329 -60.08088518972 2488.62549 -6.346999999999999 1.7039999999999997 0.9
161.81272255575 -60.07535974944 0.0154 0.0161 2.2222 "" "" 5350290036815628416 2436.55957 0.372 0.0185 -6.326 1.849 0.022 0.022 1.027 "" "" 14.484448 1.043059 14.905148 13.862089 "" "" 2327.38672 2541.08203 30280.80869 9.7188 14906.0 27.6 22611.0 43.366 "" "" 0.0027772689870029323 0.0034389775 0.0043150797 0.007754057 161.81272255575 -60.07535974944 2436.55957 -6.326 1.849 0.9
161.83270880217 -60.12970769119 0.0146 0.0164 2.7436 "" "" 5350283748983512832 2370.31958 0.3892 0.0183 -6.213 1.921 0.022 0.023 1.061 5805.1 3.4786 14.560951 0.989768 14.940395 13.950627 "" "" 2251.12769 2476.08691 28220.58843 87.582 14430.0 161.1 20840.0 149.05 "" "" 0.004352667960022046 0.0124384025 0.008636186 0.02107459 161.83270880217 -60.12970769119 2370.31958 -6.213 1.9209999999999996 1.0
161.96590724899 -60.14045035324 0.0153 0.0156 6.5724 "" "" 5350286463402462592 2234.31421 0.4123 0.0183 -6.563 1.527 0.021 0.021 0.954 7557.5 4.133 14.751971 0.690819 15.022323 14.331504 "" "" 2158.40503 2312.64526 23667.81465 8.2356 13381.0 16.674 14674.0 14.488 "" "" 0.0027811008426646936 0.003100882 0.003928467 0.007029349 161.96590724899 -60.14045035324 2234.31421 -6.5630000000000015 1.5270000000000004 0.8
161.99417740442 -60.0726724166 0.016 0.0159 7.2095 "" "" 5350288731145242752 2351.20117 0.394 0.0187 -6.366 1.688 0.023 0.021 1.028 "" "" 14.798512 1.011019 15.195313 14.184295 "" "" 2252.72729 2448.85791 22674.70523 7.0118 11410.0 18.494 16805.0 18.893 "" "" 0.0027757008959164078 0.0032987925 0.0039716098 0.0072704023 161.99417740442 -60.0726724166 2351.20117 -6.366 1.6879999999999995 0.9
161.84331770958 -60.07863812572 0.0164 0.0181 2.84 "" "" 5350290002455912064 2325.82202 0.3898 0.0205 -6.292 1.832 0.025 0.026 0.911 9907.1 3.9403 14.837082 0.832687 15.148352 14.315664 "" "" 2242.26733 2428.15918 21883.3619 6.9444 11915.0 14.196 14890.0 14.65 "" "" 0.0027767787315927423 0.0030754544 0.0039274488 0.007002903 161.84331770958 -60.07863812572 2325.82202 -6.292000000000002 1.8319999999999999 1.0
161.63087846933 -60.02664035614 0.0159 0.0164 5.9372 "" "" 5350302818637579648 2517.65479 0.3635 0.019 -6.28 1.847 0.022 0.02 1.032 7990.7 3.441 14.863428 0.935566 15.232105 14.296539 "" "" 2406.26099 2649.91089 21358.73117 5.0307 11030.0 15.258 15155.0 18.342 "" "" 0.002767162069438581 0.0031687233 0.0040013096 0.0071700327 161.63087846933 -60.02664035614 2517.65479 -6.280000000000001 1.847 1.0
161.77715103247 -60.08977705319 0.0168 0.0197 0.8702 "" "" 5350290655290887680 2324.0625 0.3982 0.0221 -6.318 1.79 0.023 0.024 1.049 "" "" 14.868917 1.25786 15.38593 14.12807 "" "" 2206.49023 2419.89868 21251.00989 17.894 9572.9 45.934 17698.0 56.497 "" "" 0.0029030317022716028 0.0059098485 0.005128032 0.011037881 161.77715103247 -60.08977705319 2324.0625 -6.318 1.79 1.0
161.72400485014 -60.07570972463 0.0172 0.018 1.8958 "" "" 5350290930168757504 2418.33691 0.3877 0.022 -6.291 1.949 0.024 0.023 0.864 15113.9 4.2185 14.922115 1.437875 15.529118 14.091243 -26.95 21.07 2290.47876 2542.89111 20234.87318 15.268 8390.1 29.524 18309.0 44.993 "" "" 0.002874530829111762 0.004730971 0.004626291 0.009357262 161.72400485014 -60.07570972463 2418.33691 -6.291000000000002 1.949 0.9
161.76681048332 -60.12700294418 0.0186 0.0209 1.5363 "" "" 5350283989501629824 2485.54517 0.3686 0.0238 -6.407 1.595 0.027 0.029 0.976 "" "" 15.200978 1.161494 15.677644 14.516149 "" "" 2362.66479 2608.85645 15651.48085 5.3389 7317.4 15.264 12379.0 26.673 "" "" 0.002780099600022618 0.0035936763 0.004444848 0.008038525 161.76681048332 -60.12700294418 2485.54517 -6.407000000000002 1.5949999999999998 0.9
161.82223967149 -60.09233605084 0.0216 0.0248 1.934 "" "" 5350289968096336768 1989.78894 0.4693 0.0277 -6.354 1.901 0.033 0.039 0.986 "" "" 15.355907 1.263488 15.888916 14.625428 "" "" 1896.75464 2117.94092 13570.12073 5.7221 6023.5 48.83 11194.0 54.543 "" "" 0.0027930968085818596 0.009233276 0.0065015927 0.01573487 161.82223967149 -60.09233605084 1989.78894 -6.354 1.9010000000000005 0.8
161.76970453994 -60.09644480042 0.0257 0.0291 0.418 "" "" 5350290655291098368 2444.97754 0.3765 0.0332 -6.241 1.562 0.036 0.037 1.05 9383.0 3.8227 15.424452 1.938019 16.369795 14.431776 "" "" 2290.2041 2646.41284 12739.9019 4.7145 3868.1 15.793 13380.0 26.792 "" "" 0.002784460572406265 0.0052379337 0.0043600807 0.009598015 161.76970453994 -60.09644480042 2444.97754 -6.240999999999998 1.5619999999999996 0.8
161.81215241084 -59.96196634218 0.0235 0.0225 8.5211 "" "" 5350293060472627712 2131.4292 0.4346 0.0278 -6.302 1.843 0.032 0.029 1.077 7384.4 3.9772 15.431228 1.019424 15.855303 14.835879 "" "" 2041.12073 2290.78638 12660.64508 3.826 6212.9 15.908 9221.6 17.455 "" "" 0.002774786943792162 0.0039387145 0.0043020067 0.008240721 161.81215241084 -59.96196634218 2131.4292 -6.3020000000000005 1.8430000000000004 0.9
161.56959599954 -60.10703171458 0.024 0.0237 5.7128 "" "" 5350296255928073216 2228.96631 0.4168 0.0284 -6.426 1.523 0.032 0.03 0.996 7795.2 4.081 15.675932 1.053096 16.118303 15.065207 "" "" 2123.20459 2391.14795 10105.87385 12.06 4876.4 19.499 7465.8 28.681 "" "" 0.003044762081265515 0.0051607615 0.005628599 0.010789361 161.56959599954 -60.10703171458 2228.96631 -6.426000000000002 1.523 1.0
161.82247064895 -60.08695011072 0.027 0.0303 2.0568 "" "" 5350289968096159616 2058.93213 0.4499 0.0337 -6.225 1.863 0.04 0.042 1.086 "" "" 15.684711 1.609835 16.443653 14.833818 "" "" 1938.57947 2212.66235 10024.49018 6.9031 3613.7 19.046 9239.1 21.452 "" "" 0.0028549588542398333 0.006366363 0.0045430018 0.010909365 161.82247064895 -60.08695011072 2058.93213 -6.2250000000000005 1.8629999999999998 0.9
