Clusters/UBC_550/UBC_550_stars_in_region.tsv
# %ECSV 1.0
# ---
# datatype:
# - name: RA_ICRS_1
#   unit: deg
#   datatype: float64
#   format: '{:15.11f}'
#   description: Right ascension (ICRS) at Ep=2016.0 (ra)
#   meta: !!omap
#   - {ucd: POS_EQ_RA_MAIN}
#   - {width: 15}
#   - {precision: '11'}
# - name: DE_ICRS_1
#   unit: deg
#   datatype: float64
#   format: '{:15.11f}'
#   description: Declination (ICRS) at Ep=2016.0 (dec)
#   meta: !!omap
#   - {ucd: POS_EQ_DEC_MAIN}
#   - {width: 15}
#   - {precision: '11'}
# - name: e_RA_ICRS
#   unit: mas
#   datatype: float64
#   format: '{:7.4f}'
#   description: Standard error of right ascension (ra_error)
#   meta: !!omap
#   - {ucd: ERROR}
#   - {width: 7}
#   - {precision: '4'}
# - name: e_DE_ICRS
#   unit: mas
#   datatype: float64
#   format: '{:7.4f}'
#   description: Standard error of declination (dec_error)
#   meta: !!omap
#   - {ucd: ERROR}
#   - {width: 7}
#   - {precision: '4'}
# - name: _r_1
#   unit: ''
#   datatype: float64
#   format: '{:7.4f}'
#   description: Distance from center (252.63381043000-45.06179548000)[ICRS], at Epoch=J2016.0
#   meta: !!omap
#   - {ucd: POS_ANG_DIST_GENERAL}
#   - {width: 7}
#   - {precision: '4'}
# - name: HIP
#   datatype: int32
#   description: '? HIP cross-id number, van Leeuwen, Cat. I/311 (hip_original_ext_source_id)'
#   meta: !!omap
#   - {ucd: ID_NUMBER}
#   - {width: 6}
#   - values: {'null': -2147483648}
# - name: TYC2
#   datatype: string
#   description: Tycho-2 cross-id name, Hog et al., Cat. I/259 (tyc2_original_ext_source_id)
#   meta: !!omap
#   - {ucd: ID_CROSSID}
#   - {_votable_string_dtype: char}
# - name: Source
#   datatype: int64
#   description: Source identifier, identical to the Gaia-EDR3 source_id (id)
#   meta: !!omap
#   - {ucd: ID_MAIN}
#   - {width: 19}
# - name: rgeo
#   unit: pc
#   datatype: float64
#   format: '{:15.8f}'
#   description: '? Median of the geometric distance posterior (r_med_geo)'
#   meta: !!omap
#   - {ucd: PHYS_DISTANCE_TRUE}
#   - {width: 15}
#   - {precision: '8'}
#   - values: {'null': .nan}
# - name: Plx
#   unit: mas
#   datatype: float64
#   format: '{:9.4f}'
#   description: '? Parallax (parallax)'
#   meta: !!omap
#   - {ucd: POS_PARLX_TRIG}
#   - {width: 9}
#   - {precision: '4'}
#   - values: {'null': .nan}
# - name: e_Plx
#   unit: mas
#   datatype: float32
#   format: '{:7.4f}'
#   description: '? Standard error of parallax (parallax_error)'
#   meta: !!omap
#   - {ucd: ERROR}
#   - {width: 7}
#   - {precision: '4'}
#   - values: {'null': .nan}
# - name: pmRA
#   unit: mas / yr
#   datatype: float64
#   format: '{:9.3f}'
#   description: '? Proper motion in right ascension direction, pmRA*cosDE (pmra)'
#   meta: !!omap
#   - {ucd: POS_EQ_PMRA}
#   - {width: 9}
#   - {precision: '3'}
#   - values: {'null': .nan}
# - name: pmDE
#   unit: mas / yr
#   datatype: float64
#   format: '{:9.3f}'
#   description: '? Proper motion in declination direction (pmdec)'
#   meta: !!omap
#   - {ucd: POS_EQ_PMDEC}
#   - {width: 9}
#   - {precision: '3'}
#   - values: {'null': .nan}
# - name: e_pmRA
#   unit: mas / yr
#   datatype: float32
#   format: '{:6.3f}'
#   description: '? Standard error of proper motion in right ascension direction (pmra_error)'
#   meta: !!omap
#   - {ucd: ERROR}
#   - {width: 6}
#   - {precision: '3'}
#   - values: {'null': .nan}
# - name: e_pmDE
[...]
#         value: !astropy.table.SerializedColumn {name: SkyCoord.dec}
#       distance: !astropy.table.SerializedColumn
#         __class__: astropy.coordinates.distances.Distance
#         unit: !astropy.units.Unit {unit: pc}
#         value: !astropy.table.SerializedColumn {name: SkyCoord.distance}
#       frame: icrs
#       obstime: !astropy.time.Time {format: jyear_str, in_subfmt: '*', jd1: 367701545.0, jd2: 0.0, out_subfmt: '*', precision: 3, scale: tt}
#       pm_dec: !astropy.table.SerializedColumn
#         __class__: astropy.units.quantity.Quantity
#         unit: !astropy.units.Unit {unit: mas / yr}
#         value: !astropy.table.SerializedColumn {name: SkyCoord.pm_dec}
#       pm_ra_cosdec: !astropy.table.SerializedColumn
#         __class__: astropy.units.quantity.Quantity
#         unit: !astropy.units.Unit {unit: mas / yr}
#         value: !astropy.table.SerializedColumn {name: SkyCoord.pm_ra_cosdec}
#       ra: !astropy.table.SerializedColumn
#         __class__: astropy.coordinates.angles.Longitude
#         unit: *id001
#         value: !astropy.table.SerializedColumn {name: SkyCoord.ra}
#         wrap_angle: !astropy.coordinates.Angle
#           unit: *id001
#           value: 360.0
#       representation_type: spherical
# schema: astropy-2.0
RA_ICRS_1 DE_ICRS_1 e_RA_ICRS e_DE_ICRS _r_1 HIP TYC2 Source rgeo Plx e_Plx pmRA pmDE e_pmRA e_pmDE RUWE Teff logg Gmag BP-RP BPmag RPmag RV e_RV b_rgeo B_rgeo FG e_FG FBP e_FBP FRP e_FRP RAVE5 RAVE6 e_Gmag e_BPmag e_RPmag e_BP-RP SkyCoord.ra SkyCoord.dec SkyCoord.distance SkyCoord.pm_ra_cosdec SkyCoord.pm_dec rmRA rmDE e_rmRA e_rmDE rRV e_rRV v_pec v_pec3d e_vpec e_vpec3d
[from data line 861]
252.36762510144 -45.23410004237 0.0283 0.0203 15.2892 "" "" 5964249152135843968 2202.72412 0.4125 0.0334 -0.085 -1.885 0.044 0.036 0.948 9323.5 4.0937 15.495591 1.380501 16.099846 14.719345 "" "" 2072.93579 2357.50146 11931.92237 3.6995 4960.0 9.2629 10266.0 14.579 "" "" 0.002775808227347355 0.0034491085 0.004081804 0.0075309123 252.36762510144 -45.23410004237 2202.72412 -0.08500000000000002 -1.8849999999999982 2.489944496154785 2.278944244384766 0.12744091 0.11944091 "" "" 35.24238740550091 "" 4.365061712239009 ""
252.22957854055 -44.96440833224 0.0311 0.0214 18.1145 "" "" 5964264991975427968 2100.2334 0.4441 0.0344 -0.861 -4.273 0.044 0.035 1.024 8608.2 3.845 15.498867 1.49432 16.171715 14.677395 "" "" 1982.10718 2238.14111 11895.96684 4.7092 4642.3 10.854 10671.0 17.869 "" "" 0.002788641589601608 0.0037721535 0.004193953 0.007966107 252.22957854055 -44.96440833224 2100.2334 -0.8610000000000008 -4.273 1.7139444961547852 -0.10905575561523406 0.12744091 0.11844091 "" "" 17.097004313441378 "" 2.178259234594784 ""
252.48041133922 -45.0855171142 0.0341 0.0256 6.6538 "" "" 5964251209410233344 2119.25073 0.4391 0.0369 -1.68 -3.721 0.047 0.039 1.121 9011.3 3.7471 15.500163 1.687761 16.292374 14.604612 "" "" 1947.38428 2300.24658 11881.78436 4.4613 4154.0 8.3705 11411.0 11.539 "" "" 0.002785315179818357 0.0035456382 0.003935625 0.007481263 252.48041133922 -45.0855171142 2119.25073 -1.6800000000000002 -3.7210000000000005 0.8949444961547852 0.44294424438476554 0.13044092 0.12244092 "" "" 10.030799303575813 "" 1.293030603659477 ""
252.32509457923 -44.89179186431 0.0318 0.0211 16.6052 "" "" 5964270936210173056 2264.74756 0.4041 0.0343 -0.622 -2.531 0.044 0.035 0.928 8401.7 3.0699 15.500755 1.541603 16.20576 14.664156 "" "" 2089.4104 2453.64062 11875.30577 3.7555 4499.0 10.924 10802.0 13.18 "" "" 0.002776631804479685 0.0038386157 0.0040048347 0.007843451 252.32509457923 -44.89179186431 2264.74756 -0.6220000000000006 -2.5310000000000015 1.9529444961547853 1.6329442443847655 0.12744091 0.11844091 "" "" 27.327655220772268 "" 3.3836269764135807 ""
252.81747853394 -44.82131452465 0.0327 0.022 16.4023 "" "" 5964234785456656896 2723.62842 0.3241 0.0387 -1.744 -1.746 0.052 0.044 1.003 "" "" 15.502921 1.800331 16.369274 14.568943 "" "" 2406.47705 3073.20459 11851.63663 4.3507 3870.0 11.129 11792.0 22.579 "" "" 0.002783998526617817 0.004187311 0.004313434 0.0085007455 252.81747853394 -44.82131452465 2723.62842 -1.744 -1.746 0.8309444961547852 2.4179442443847656 0.13544092 0.12744091 "" "" 33.007519437771734 "" 4.235177813063082 ""
252.77144813251 -45.19970573304 0.0299 0.0218 10.1199 "" "" 5964204587552507264 2430.76392 0.3695 0.036 -1.518 -1.199 0.041 0.035 1.023 9285.6 3.6452 15.504035 1.26515 16.046766 14.781616 "" "" 2241.43652 2653.6001 11839.48671 3.7359 5208.5 13.028 9694.2 11.769 "" "" 0.002776538092196089 0.003893627 0.004002642 0.007896269 252.77144813251 -45.19970573304 2430.76392 -1.5180000000000002 -1.1990000000000003 1.0569444961547851 2.964944244384766 0.124440916 0.11844091 "" "" 36.26725557635446 "" 4.3206098635240595 ""
252.43972925041 -45.28973062823 0.0283 0.0205 15.9506 "" "" 5940228843153075072 2802.06665 0.3054 0.033 -1.199 -1.777 0.04 0.034 0.989 "" "" 15.504681 2.850015 17.130022 14.280007 -57.77 4.71 2559.34766 3002.35913 11832.44371 4.7963 1920.5 7.4556 15387.0 13.817 "" "" 0.002790247606936626 0.0050547863 0.0039031093 0.008957895 252.43972925041 -45.28973062823 2802.06665 -1.1990000000000003 -1.7770000000000001 1.375944496154785 2.3869442443847655 0.123440914 0.11744092 -42.39714285714286 5.1034694 36.5930376746996 56.0050723480558 4.353317085318485 4.797587553860246
252.27860154331 -44.95430946443 0.0317 0.023 16.3902 "" "" 5964265232493588864 2823.71655 0.3084 0.0364 -2.442 -3.166 0.045 0.037 1.034 "" "" 15.506302 3.219791 17.420351 14.20056 -55.83 3.08 2525.58936 3149.67529 11814.78984 5.7039 1469.9 17.281 16555.0 35.647 "" "" 0.0028047354766495844 0.013065937 0.004444019 0.017509956 252.27860154331 -44.95430946443 2823.71655 -2.442 -3.166 0.13294449615478499 0.9979442443847657 0.12844092 0.120440915 -40.457142857142856 3.4734693 13.474903453536845 42.6421555651846 1.6248707402358096 3.33524660974953
253.0498622588 -44.98398684064 0.0298 0.0208 18.2517 "" "" 5964229184818642048 2007.74854 0.4749 0.0349 -1.389 -3.272 0.046 0.037 0.999 7992.3 3.8345 15.506792 1.414311 16.137028 14.722716 "" "" 1849.61182 2151.89429 11809.45598 3.6262 4793.0 10.647 10235.0 9.9818 "" "" 0.0027754161872017933 0.0036880758 0.0039249137 0.0076129893 253.0498622588 -44.98398684064 2007.74854 -1.3889999999999998 -3.2719999999999994 1.1859444961547851 0.8919442443847658 0.12944092 0.120440915 "" "" 14.122096213396112 "" 1.7831035064734893 ""
252.35957533314 -45.01809116525 0.0306 0.0206 11.9187 "" "" 5964264029902677888 2521.39819 0.3607 0.0335 -1.737 -1.911 0.043 0.034 0.953 7483.0 3.7031 15.506841 1.729076 16.336176 14.6071 "" "" 2334.16919 2731.47949 11808.931 3.9469 3989.8 11.504 11385.0 9.7831 "" "" 0.002779114145391136 0.0041935015 0.0038928345 0.008086336 252.35957533314 -45.01809116525 2521.39819 -1.737 -1.9109999999999987 0.8379444961547851 2.2529442443847656 0.12644091 0.11744092 "" "" 28.72798184698348 "" 3.406308299802179 ""
252.34006010167 -45.19616511983 0.0547 0.0415 14.8196 "" "" 5964249457066781440 2136.71484 0.4179 0.0628 -2.248 -4.469 0.079 0.065 1.067 4511.0 1.9299 15.507878 4.602943 18.6136 14.010656 -11.42 3.29 1933.85608 2433.39307 11797.64577 8.5149 489.75 5.4959 19719.0 15.566 "" "" 0.002864586914722131 0.012499363 0.0038753448 0.016374707 252.34006010167 -45.19616511983 2136.71484 -2.248 -4.468999999999999 0.32694449615478494 -0.3050557556152347 0.16244093 0.14844091 3.952857142857143 3.6834693 4.528845212183551 6.011282604216392 0.706869008734639 2.4800037239005746
252.84476940879 -45.0040039113 0.0298 0.0215 9.5936 "" "" 5964230975832995584 2156.5603 0.4302 0.0365 -0.207 -2.179 0.044 0.035 0.958 8785.5 3.9678 15.508551 1.44142 16.156223 14.714804 "" "" 2013.63611 2294.75781 11790.34335 4.3536 4709.0 12.175 10309.0 14.932 "" "" 0.0027843343648042375 0.0039579165 0.004093517 0.008051434 252.84476940879 -45.0040039113 2156.5603 -0.207 -2.179 2.3679444961547853 1.9849442443847658 0.12744091 0.11844091 "" "" 31.58472915819466 "" 3.9103799526530727 ""
252.39588476809 -45.23265039477 0.0336 0.0226 14.3687 "" "" 5964248430581101312 2154.41943 0.423 0.0361 -7.281 -5.836 0.047 0.037 1.079 6551.7 3.8841 15.511605 1.604053 16.258036 14.653983 "" "" 2010.8772 2316.71729 11757.21496 3.6952 4287.5 8.5023 10903.0 10.529 "" "" 0.00277637046871355 0.003524305 0.003922125 0.0074464297 252.39588476809 -45.23265039477 2154.41943 -7.280999999999995 -5.836 -4.7060555038452145 -1.6720557556152347 0.13044092 0.120440915 "" "" 51.00122196168709 "" 6.597442493627328 ""
252.54294132743 -45.18455742624 0.0335 0.0225 8.3098 "" "" 5964247159270993280 2581.70996 0.3453 0.0364 -0.609 -0.384 0.046 0.038 1.008 15007.6 3.6482 15.51211 2.840454 17.135984 14.29553 -63.12 5.45 2368.36914 2848.0752 11751.75855 5.2476 1910.0 6.9551 15169.0 21.108 "" "" 0.0027976493039890767 0.00483902 0.004070175 0.008909195 252.54294132743 -45.18455742624 2581.70996 -0.6090000000000001 -0.3840000000000006 1.9659444961547852 3.7799442443847657 0.12944092 0.12144092 -47.747142857142855 5.843469 52.138555389034565 70.69808066048068 6.422830640282653 6.165328701353623
252.90169772244 -44.84475306816 0.0299 0.021 17.2908 "" "" 5964239600127452928 2855.06494 0.3085 0.034 -1.838 -0.923 0.045 0.037 0.964 15012.7 3.874 15.512858 2.536884 16.903843 14.366959 -6.86 4.14 2623.51904 3154.40894 11743.66112 4.0698 2365.3 9.6061 14203.0 9.8651 "" "" 0.0027808928001816983 0.0052180807 0.0038538862 0.009071967 252.90169772244 -44.84475306816 2855.06494 -1.838 -0.923 0.7369444961547851 3.2409442443847656 0.12844092 0.120440915 8.512857142857143 4.533469 44.9793019988955 45.777793142991705 5.435595402169134 5.406911847430623
252.27286852816 -45.07443675672 0.0286 0.021 15.314 "" "" 5964262277555724800 2551.83203 0.3562 0.0325 -2.482 -3.258 0.04 0.033 1.006 8399.5 3.0969 15.513395 1.558684 16.22926 14.670575 "" "" 2357.22949 2727.50562 11737.84777 3.3184 4402.6 9.8665 10738.0 12.446 "" "" 0.0027723647603658287 0.0037020966 0.0039833887 0.0076854853 252.27286852816 -45.07443675672 2551.83203 -2.482 -3.258 0.09294449615478495 0.9059442443847656 0.123440914 0.116440915 "" "" 11.015533700454425 "" 1.2834858507670537 ""
252.96267864268 -44.86630489147 0.0306 0.0215 18.2346 "" "" 5964239290889751296 2391.18872 0.378 0.0351 -0.758 -3.21 0.049 0.038 1.04 "" "" 15.513444 1.420133 16.149885 14.729753 "" "" 2197.01025 2612.08228 11737.32362 3.7269 4736.6 11.941 10169.0 12.341 "" "" 0.0027768041432435614 0.003908584 0.004002487 0.007911071 252.96267864268 -44.86630489147 2391.18872 -0.758 -3.210000000000001 1.8169444961547851 0.9539442443847657 0.13244091 0.12144092 "" "" 23.259486711956175 "" 3.027052792596153 ""
252.46059941896 -44.94323989685 0.0291 0.0207 10.2273 "" "" 5964258704143242752 2140.40942 0.4385 0.0329 0.753 -3.705 0.041 0.034 1.009 "" "" 15.514404 1.449483 16.168495 14.719012 "" "" 1984.3717 2321.07617 11726.94883 3.984 4656.1 13.799 10270.0 10.917 "" "" 0.0027799002241135086 0.004258971 0.003951678 0.00821065 252.46059941896 -44.94323989685 2140.40942 0.7529999999999999 -3.7050000000000036 3.3279444961547853 0.45894424438476555 0.124440916 0.11744092 "" "" 34.083346069720925 "" 4.237033101319127 ""
252.97291522962 -45.22783576435 0.0336 0.0225 17.4696 "" "" 5964202281142168320 2063.44849 0.4415 0.0349 -0.492 -3.101 0.047 0.038 1.006 9311.5 4.1354 15.51601 1.706643 16.320652 14.614009 "" "" 1921.09021 2221.34668 11709.61555 5.6828 4047.2 11.512 11312.0 14.342 "" "" 0.002805251010121291 0.004162053 0.004022268 0.008184321 252.97291522962 -45.22783576435 2063.44849 -0.492 -3.101 2.082944496154785 1.0629442443847656 0.13044092 0.12144092 "" "" 22.87211938099636 "" 2.942110427902312 ""
252.92017372365 -44.99557719725 0.0348 0.0221 12.7767 "" "" 5964231181991390336 2212.39355 0.41 0.041 -0.575 -1.463 0.048 0.038 0.959 9926.0 4.4356 15.516546 1.415001 16.150368 14.735367 "" "" 1990.79102 2395.43188 11703.8337 4.7107 4734.5 10.916 10116.0 12.281 "" "" 0.002789759586663138 0.003748544 0.0040026396 0.0077511836 252.92017372365 -44.99557719725 2212.39355 -0.575 -1.4630000000000005 1.9999444961547852 2.7009442443847655 0.13144091 0.12144092 "" "" 35.24369982329345 "" 4.408056873530228 ""
252.90851116506 -45.09822653689 0.0308 0.0217 11.8418 "" "" 5964204033489401600 2553.34595 0.3545 0.0367 -2.539 -3.943 0.047 0.041 0.953 8399.6 3.0836 15.518414 1.69324 16.317257 14.624017 "" "" 2380.65674 2739.75024 11683.73009 3.8901 4059.9 9.378 11209.0 13.021 "" "" 0.0027789330329275057 0.003751649 0.0039842795 0.0077359285 252.90851116506 -45.09822653689 2553.34595 -2.5389999999999997 -3.9430000000000005 0.03594449615478501 0.22094424438476556 0.13044092 0.124440916 "" "" 2.7092128242428237 "" 0.3375658871130895 ""
252.75513861405 -45.26366803253 0.0301 0.0217 13.1551 "" "" 5964198505878800896 2065.13208 0.4437 0.0355 -1.405 -3.068 0.041 0.034 1.047 7981.8 3.7354 15.5189 1.348315 16.103971 14.755656 "" "" 1936.0603 2274.07861 11678.49731 3.9813 4941.2 7.7218 9928.8 11.89 "" "" 0.002780070257991106 0.0032655643 0.0039967787 0.007262343 252.75513861405 -45.26366803253 2065.13208 -1.405 -3.068 1.1699444961547851 1.0959442443847656 0.124440916 0.11744092 "" "" 15.692106160771061 "" 1.9021909065960179 ""
252.70071827663 -44.88514982594 0.0311 0.0223 10.9726 "" "" 5964279732304367488 2300.19434 0.3983 0.0369 -0.368 -2.624 0.046 0.036 0.988 7939.0 3.6349 15.523906 1.390899 16.143599 14.7527 "" "" 2124.94336 2503.07715 11624.7749 3.8181 4764.1 10.536 9955.8 11.605 "" "" 0.002778300974347222 0.0036811095 0.003985655 0.007666765 252.70071827663 -44.88514982594 2300.19434 -0.3680000000000005 -2.6240000000000006 2.2069444961547853 1.5399442443847655 0.12944092 0.11944091 "" "" 29.340877651232155 "" 3.7043922865876926 ""
252.69280209212 -45.15895800966 0.0295 0.0208 6.3424 "" "" 5964205648396837632 2569.7395 0.356 0.0341 -1.919 -3.313 0.041 0.035 1.075 "" "" 15.524415 1.659343 16.293583 14.63424 "" "" 2323.0874 2851.34668 11619.31721 4.432 4149.4 8.5784 11104.0 10.705 "" "" 0.0027862696196023265 0.003580981 0.003921652 0.007502633 252.69280209212 -45.15895800966 2569.7395 -1.919 -3.3130000000000006 0.6559444961547851 0.8509442443847655 0.124440916 0.11844091 "" "" 13.086991610189648 "" 1.5797587102235862 ""
252.5511430115 -44.84388648239 0.0303 0.022 13.5375 "" "" 5964283546235834624 2563.12207 0.3491 0.0349 -1.471 -2.23 0.045 0.038 0.984 8088.4 2.9042 15.525174 2.654496 16.995173 14.340676 "" "" 2349.18823 2785.55957 11611.1975 5.0511 2174.4 7.7963 14551.0 13.715 "" "" 0.0027955093307254534 0.004789544 0.0039154803 0.008705024 252.5511430115 -44.84388648239 2563.12207 -1.471 -2.23 1.103944496154785 1.9339442443847656 0.12844092 0.12144092 "" "" 27.054368916812834 "" 3.33304738539549 ""
252.78721015552 -44.77879722461 0.1249 0.0874 18.1877 "" "" 5964281823938621440 2079.50879 0.5432 0.1572 -0.654 -1.717 0.174 0.159 4.005 "" "" 15.525226 1.288753 15.864432 14.57568 "" "" 1641.7113 2743.31909 11610.64998 9.7555 6160.9 71.278 11719.0 155.1 "" "" 0.0029024132345662947 0.012867481 0.01485833 0.027725812 252.78721015552 -44.77879722461 2079.50879 -0.6539999999999999 -1.717 1.9209444961547852 2.4469442443847655 0.25744092 0.24244091 "" "" 30.663528317831936 "" 7.612751265764198 ""
252.81716618011 -45.00013162894 0.0315 0.0224 8.6103 "" "" 5964231761798937600 2355.52686 0.4005 0.0375 -3.281 -4.891 0.051 0.04 0.91 8209.3 3.6275 15.526102 1.257548 16.068893 14.811345 "" "" 2173.52612 2572.6499 11601.28085 3.9446 5103.4 12.436 9432.4 10.92 "" "" 0.002779941135658402 0.0038451178 0.003982926 0.007828044 252.81716618011 -45.00013162894 2355.52686 -3.2810000000000006 -4.891000000000002 -0.706055503845215 -0.7270557556152344 0.13444091 0.123440914 "" "" 11.31560907909501 "" 1.4585486639159801 ""
252.71812747387 -45.23617128363 0.0304 0.0208 11.0542 "" "" 5964199330512535424 2625.21924 0.3332 0.0344 -6.099 -5.061 0.041 0.034 0.946 4754.0 2.1581 15.52852 2.809784 17.129631 14.319847 -6.3 4.89 2394.07104 2908.20654 11575.48036 5.2498 1921.2 8.006 14833.0 15.115 "" "" 0.002798974513962752 0.005315622 0.0039379946 0.009253616 252.71812747387 -45.23617128363 2625.21924 -6.099 -5.061 -3.524055503845215 -0.8970557556152343 0.124440916 0.11744092 9.072857142857142 5.283469 45.25015005826765 46.15076182502769 5.612205532047096 5.599858952911503
252.90121881995 -45.23964750713 0.0368 0.0233 15.5534 "" "" 5964201529535894912 2597.66479 0.3456 0.0372 -2.543 -3.17 0.052 0.037 1.104 "" "" 15.530644 1.345344 16.041471 14.696128 "" "" 2356.53345 2795.39087 11552.84603 5.2323 5233.9 40.898 10488.0 64.04 "" "" 0.002798854976840838 0.008931035 0.0076311496 0.016562184 252.90121881995 -45.23964750713 2597.66479 -2.543000000000001 -3.170000000000004 0.03194449615478501 0.9939442443847657 0.13544092 0.120440915 "" "" 12.244686018282751 "" 1.4749625002565367 ""
253.07594189909 -45.0482284543 0.0305 0.0212 18.7577 "" "" 5964228467571904128 2117.53564 0.4351 0.0383 -0.07 -1.609 0.044 0.037 0.997 7405.9 3.857 15.532318 1.875738 16.382433 14.506695 "" "" 1971.2323 2283.0332 11535.04657 5.5142 3823.3 18.052 12488.0 51.297 "" "" 0.0028037787664167034 0.005836512 0.005845877 0.011682389 253.07594189909 -45.0482284543 2117.53564 -0.06999999999999951 -1.6089999999999995 2.5049444961547853 2.5549442443847656 0.12744091 0.120440915 "" "" 35.91337682323213 "" 4.45042758920504 ""
