Clusters/UBC_550/UBC_550_stars_in_region.tsv
# %ECSV 1.0
# ---
# datatype:
# - name: RA_ICRS_1
#   unit: deg
#   datatype: float64
#   format: '{:15.11f}'
#   description: Right ascension (ICRS) at Ep=2016.0 (ra)
#   meta: !!omap
#   - {ucd: POS_EQ_RA_MAIN}
#   - {width: 15}
#   - {precision: '11'}
# - name: DE_ICRS_1
#   unit: deg
#   datatype: float64
#   format: '{:15.11f}'
#   description: Declination (ICRS) at Ep=2016.0 (dec)
#   meta: !!omap
#   - {ucd: POS_EQ_DEC_MAIN}
#   - {width: 15}
#   - {precision: '11'}
# - name: e_RA_ICRS
#   unit: mas
#   datatype: float64
#   format: '{:7.4f}'
#   description: Standard error of right ascension (ra_error)
#   meta: !!omap
#   - {ucd: ERROR}
#   - {width: 7}
#   - {precision: '4'}
# - name: e_DE_ICRS
#   unit: mas
#   datatype: float64
#   format: '{:7.4f}'
#   description: Standard error of declination (dec_error)
#   meta: !!omap
#   - {ucd: ERROR}
#   - {width: 7}
#   - {precision: '4'}
# - name: _r_1
#   unit: ''
#   datatype: float64
#   format: '{:7.4f}'
#   description: Distance from center (252.63381043000-45.06179548000)[ICRS], at Epoch=J2016.0
#   meta: !!omap
#   - {ucd: POS_ANG_DIST_GENERAL}
#   - {width: 7}
#   - {precision: '4'}
# - name: HIP
#   datatype: int32
#   description: '? HIP cross-id number, van Leeuwen, Cat. I/311 (hip_original_ext_source_id)'
#   meta: !!omap
#   - {ucd: ID_NUMBER}
#   - {width: 6}
#   - values: {'null': -2147483648}
# - name: TYC2
#   datatype: string
#   description: Tycho-2 cross-id name, Hog et al., Cat. I/259 (tyc2_original_ext_source_id)
#   meta: !!omap
#   - {ucd: ID_CROSSID}
#   - {_votable_string_dtype: char}
# - name: Source
#   datatype: int64
#   description: Source identifier, identical to the Gaia-EDR3 source_id (id)
#   meta: !!omap
#   - {ucd: ID_MAIN}
#   - {width: 19}
# - name: rgeo
#   unit: pc
#   datatype: float64
#   format: '{:15.8f}'
#   description: '? Median of the geometric distance posterior (r_med_geo)'
#   meta: !!omap
#   - {ucd: PHYS_DISTANCE_TRUE}
#   - {width: 15}
#   - {precision: '8'}
#   - values: {'null': .nan}
# - name: Plx
#   unit: mas
#   datatype: float64
#   format: '{:9.4f}'
#   description: '? Parallax (parallax)'
#   meta: !!omap
#   - {ucd: POS_PARLX_TRIG}
#   - {width: 9}
#   - {precision: '4'}
#   - values: {'null': .nan}
# - name: e_Plx
#   unit: mas
#   datatype: float32
#   format: '{:7.4f}'
#   description: '? Standard error of parallax (parallax_error)'
#   meta: !!omap
#   - {ucd: ERROR}
#   - {width: 7}
#   - {precision: '4'}
#   - values: {'null': .nan}
# - name: pmRA
#   unit: mas / yr
#   datatype: float64
#   format: '{:9.3f}'
#   description: '? Proper motion in right ascension direction, pmRA*cosDE (pmra)'
#   meta: !!omap
#   - {ucd: POS_EQ_PMRA}
#   - {width: 9}
#   - {precision: '3'}
#   - values: {'null': .nan}
# - name: pmDE
#   unit: mas / yr
#   datatype: float64
#   format: '{:9.3f}'
#   description: '? Proper motion in declination direction (pmdec)'
#   meta: !!omap
#   - {ucd: POS_EQ_PMDEC}
#   - {width: 9}
#   - {precision: '3'}
#   - values: {'null': .nan}
# - name: e_pmRA
#   unit: mas / yr
#   datatype: float32
#   format: '{:6.3f}'
#   description: '? Standard error of proper motion in right ascension direction (pmra_error)'
#   meta: !!omap
#   - {ucd: ERROR}
#   - {width: 6}
#   - {precision: '3'}
#   - values: {'null': .nan}
# - name: e_pmDE
[...]
#         value: !astropy.table.SerializedColumn {name: SkyCoord.dec}
#       distance: !astropy.table.SerializedColumn
#         __class__: astropy.coordinates.distances.Distance
#         unit: !astropy.units.Unit {unit: pc}
#         value: !astropy.table.SerializedColumn {name: SkyCoord.distance}
#       frame: icrs
#       obstime: !astropy.time.Time {format: jyear_str, in_subfmt: '*', jd1: 367701545.0, jd2: 0.0, out_subfmt: '*', precision: 3, scale: tt}
#       pm_dec: !astropy.table.SerializedColumn
#         __class__: astropy.units.quantity.Quantity
#         unit: !astropy.units.Unit {unit: mas / yr}
#         value: !astropy.table.SerializedColumn {name: SkyCoord.pm_dec}
#       pm_ra_cosdec: !astropy.table.SerializedColumn
#         __class__: astropy.units.quantity.Quantity
#         unit: !astropy.units.Unit {unit: mas / yr}
#         value: !astropy.table.SerializedColumn {name: SkyCoord.pm_ra_cosdec}
#       ra: !astropy.table.SerializedColumn
#         __class__: astropy.coordinates.angles.Longitude
#         unit: *id001
#         value: !astropy.table.SerializedColumn {name: SkyCoord.ra}
#         wrap_angle: !astropy.coordinates.Angle
#           unit: *id001
#           value: 360.0
#       representation_type: spherical
# schema: astropy-2.0
RA_ICRS_1 DE_ICRS_1 e_RA_ICRS e_DE_ICRS _r_1 HIP TYC2 Source rgeo Plx e_Plx pmRA pmDE e_pmRA e_pmDE RUWE Teff logg Gmag BP-RP BPmag RPmag RV e_RV b_rgeo B_rgeo FG e_FG FBP e_FBP FRP e_FRP RAVE5 RAVE6 e_Gmag e_BPmag e_RPmag e_BP-RP SkyCoord.ra SkyCoord.dec SkyCoord.distance SkyCoord.pm_ra_cosdec SkyCoord.pm_dec rmRA rmDE e_rmRA e_rmDE rRV e_rRV v_pec v_pec3d e_vpec e_vpec3d
[from data line 2734]
252.20269856479 -44.94737724819 0.1268 0.0808 19.535 "" "" 5964268011325800192 2609.09033 0.4036 0.1186 3.177 -12.184 0.164 0.128 2.028 "" "" 16.954025 1.77198 17.695066 15.923086 "" "" 2040.06262 3734.59277 3114.12855 7.0765 1141.3 9.7588 3387.8 7.6623 "" "" 0.00369850224719963 0.009693918 0.0045070965 0.014201014 252.20269856479 -44.94737724819 2609.09033 3.1769999999999996 -12.184000000000001 5.751944496154785 -8.020055755615234 0.24744092 0.21144092 "" "" 122.05643127804339 "" 27.37939357197604 ""
252.80769143291 -45.08277893142 0.2402 0.162 7.4746 "" "" 5964207916148407168 2804.17822 0.459 0.2609 -1.666 -1.495 0.342 0.26 3.632 "" "" 16.954039 1.639282 17.57435 15.935068 "" "" 1960.30408 3965.02661 3114.0933 10.134 1275.5 6.3353 3350.7 11.065 "" "" 0.004480580127839406 0.006071812 0.005209508 0.01128132 252.80769143291 -45.08277893142 2804.17822 -1.666 -1.495 0.9089444961547852 2.6689442443847655 0.4254409 0.3434409 "" "" 37.4759211361818 "" 13.223436682054528 ""
252.37433987531 -45.19469904542 0.0648 0.0445 13.5731 "" "" 5964249285264400640 2017.37048 0.4841 0.0694 -0.885 -2.928 0.091 0.073 1.042 5486.9 4.6199 16.954174 1.637066 17.723923 16.086857 "" "" 1774.14075 2406.76831 3113.70364 1.9031 1111.3 7.4817 2913.5 11.667 "" "" 0.0028341063682166736 0.007824015 0.0057608155 0.01358483 252.37433987531 -45.19469904542 2017.37048 -0.885 -2.928 1.6899444961547851 1.2359442443847657 0.17444092 0.15644091 "" "" 20.02041386506868 "" 3.3711739161861995 ""
252.39772466337 -45.10512943738 0.0723 0.0471 10.3341 "" "" 5964251449928315008 1997.56116 0.4876 0.0716 -5.458 -9.207 0.102 0.08 1.065 5625.8 4.6309 16.954655 1.628033 17.712961 16.084929 "" "" 1738.06311 2416.67041 3112.32699 2.3269 1122.6 7.0202 2918.7 9.2261 "" "" 0.00287240504515601 0.007340619 0.00510516 0.0124457795 252.39772466337 -45.10512943738 1997.56116 -5.458 -9.206999999999999 -2.883055503845215 -5.043055755615235 0.18544091 0.16344091 "" "" 55.002117975868146 "" 9.302280348338234 ""
252.26468071265 -45.21091929276 0.0716 0.0452 18.0042 "" "" 5940241964270381056 2240.01147 0.4334 0.0707 -2.602 -3.767 0.097 0.074 0.995 "" "" 16.956179 1.862907 17.854809 15.991902 "" "" 1949.63135 2541.8313 3107.96104 2.1067 985.13 9.498 3179.8 13.29 "" "" 0.0028519150752948533 0.0108334515 0.005905569 0.01673902 252.26468071265 -45.21091929276 2240.01147 -2.602000000000001 -3.7669999999999995 -0.027055503845214712 0.3969442443847657 0.18044092 0.15744092 "" "" 4.224395392968398 "" 0.6655746174955947 ""
252.79946048341 -44.93339483369 0.0673 0.0446 10.4282 "" "" 5964232517713484288 2270.07471 0.436 0.0777 -4.327 -3.171 0.086 0.077 0.947 7065.8 4.3176 16.956223 1.851175 17.865902 16.014727 "" "" 1994.78845 2723.75244 3107.83565 2.1223 975.12 8.8674 3113.6 10.524 "" "" 0.0028533340197241376 0.01025998 0.0052679363 0.015527917 252.79946048341 -44.93339483369 2270.07471 -4.327 -3.1710000000000003 -1.7520555038452148 0.9929442443847658 0.16944093 0.16044092 "" "" 21.669456440050237 "" 3.625246882259671 ""
252.40273086326 -44.91615211312 0.0686 0.0453 13.1345 "" "" 5964270725745190400 2176.17041 0.4669 0.0736 -0.65 -4.159 0.091 0.075 1.075 5105.5 4.5088 16.956532 1.639021 17.731575 16.092554 "" "" 1868.3429 2547.56763 3106.94954 2.071 1103.5 10.048 2898.3 8.5162 "" "" 0.002848782055679288 0.010272439 0.0049458593 0.015218298 252.40273086326 -44.91615211312 2176.17041 -0.6499999999999999 -4.159 1.9249444961547852 0.004944244384765817 0.17444092 0.15844092 "" "" 19.855959878347598 "" 3.4636899158846233 ""
252.44933389112 -45.29720184701 0.0597 0.0419 16.136 "" "" 5940228838847423232 2466.04053 0.4158 0.0677 -1.801 -4.617 0.085 0.069 0.984 9425.5 4.177 16.95722 1.754648 17.69408 15.939432 "" "" 2101.24243 3163.90161 3104.97751 2.6116 1142.3 21.54 3337.2 32.26 "" "" 0.0029027140524101407 0.020662643 0.011155309 0.03181795 252.44933389112 -45.29720184701 2466.04053 -1.8010000000000002 -4.617000000000001 0.7739444961547852 -0.45305575561523437 0.16844091 0.1524409 "" "" 10.482719832662372 "" 1.7244637708452442 ""
252.48741313465 -45.28608464913 0.064 0.0464 14.8136 "" "" 5964245063326717568 2079.64355 0.4608 0.0752 -0.139 -1.781 0.093 0.082 1.019 8487.6 3.9311 16.957617 2.805039 18.529451 15.724413 "" "" 1818.32031 2443.0271 3103.8427 3.9794 529.22 18.15 4068.1 16.794 "" "" 0.003086985568102206 0.037340533 0.005862886 0.04320342 252.48741313465 -45.28608464913 2079.64355 -0.13900000000000032 -1.781 2.435944496154785 2.382944244384766 0.17644092 0.16544092 "" "" 33.591191778616185 "" 5.7491405954160495 ""
252.76002121894 -45.08151463213 0.0641 0.0438 5.4773 "" "" 5964207783008348800 2051.85376 0.4672 0.0719 -2.013 -2.176 0.087 0.072 1.04 5564.1 4.6156 16.957905 1.573662 17.67222 16.098558 "" "" 1797.52698 2432.6189 3103.02277 2.3073 1165.5 7.4478 2882.3 8.6776 "" "" 0.0028711579699753787 0.0074781124 0.004996859 0.012474971 252.76002121894 -45.08151463213 2051.85376 -2.013 -2.176 0.5619444961547853 1.9879442443847655 0.17044091 0.15544091 "" "" 20.091940705246433 "" 3.1463987637321393 ""
252.87477773383 -45.17990439026 0.0629 0.0409 12.4216 "" "" 5964203350602050944 2449.81567 0.4154 0.0704 0.2 -1.736 0.091 0.07 1.019 "" "" 16.957945 1.75494 17.79961 16.04467 "" "" 2103.70337 2854.05444 3102.90587 1.9625 1036.5 6.1356 3028.9 15.976 "" "" 0.0028396025410142903 0.007006575 0.0068614334 0.013868008 252.87477773383 -45.17990439026 2449.81567 0.19999999999999996 -1.7360000000000002 2.7749444961547853 2.427944244384766 0.17444092 0.15344092 "" "" 42.81589561045212 "" 7.092988219760837 ""
252.41418750657 -44.99416874364 0.0692 0.0444 10.1588 "" "" 5964258257469906176 2578.64673 0.3891 0.0683 -1.778 -1.307 0.092 0.072 0.97 4607.1 4.1699 16.959501 2.062691 17.982103 15.919413 "" "" 2197.26221 3244.22632 3098.4613 2.0671 876.14 11.559 3399.3 14.983 "" "" 0.002848938601581973 0.014593435 0.0060979826 0.020691417 252.41418750657 -44.99416874364 2578.64673 -1.778 -1.307 0.7969444961547851 2.8569442443847657 0.17544091 0.15544091 "" "" 36.252977426607295 "" 5.690636625419517 ""
252.52005497155 -44.79181192446 0.0704 0.0446 16.9044 "" "" 5964284503998171264 2211.1189 0.458 0.0751 2.309 -0.832 0.099 0.076 0.919 6908.2 4.2817 16.96036 1.816383 17.853214 16.03683 "" "" 1895.32361 2537.35889 3096.01168 2.1241 986.58 8.4105 3050.9 10.216 "" "" 0.0028542358150127622 0.009667202 0.005244176 0.014911378 252.52005497155 -44.79181192446 2211.1189 2.309 -0.8319999999999999 4.883944496154785 3.3319442443847658 0.1824409 0.1594409 "" "" 61.964598476669465 "" 10.872493006698715 ""
252.69015973992 -45.27039874222 0.0638 0.0421 12.7412 "" "" 5964199016974500096 2595.18994 0.37 0.067 0.877 -1.035 0.084 0.068 0.993 "" "" 16.960741 1.723188 17.783207 16.060019 "" "" 2210.17676 3053.69141 3094.92467 2.0063 1052.3 7.5217 2986.4 10.537 "" "" 0.0028437952266026057 0.008247027 0.005381358 0.013628385 252.69015973992 -45.27039874222 2595.18994 0.877 -1.035 3.451944496154785 3.1289442443847655 0.16744092 0.15144092 "" "" 57.31120235326417 "" 9.193978869342562 ""
253.07274894423 -45.06625936348 0.0699 0.0454 18.6037 "" "" 5964228360184313728 2659.51196 0.3742 0.0843 -1.699 -2.7 0.095 0.08 0.874 9280.2 3.7858 16.96114 2.985543 18.697422 15.711879 "" "" 2180.67603 3610.72778 3093.79059 2.2651 453.37 7.4393 4115.3 11.911 "" "" 0.002867695850675624 0.018032894 0.0049151643 0.022948058 253.07274894423 -45.06625936348 2659.51196 -1.6990000000000003 -2.700000000000001 0.8759444961547851 1.4639442443847654 0.17844091 0.16344091 "" "" 21.505893415813638 "" 3.6027923390457652 ""
252.86251460043 -45.08204664716 0.0726 0.0456 9.7668 "" "" 5964207061453831296 2014.97119 0.518 0.0804 -3.248 -3.792 0.1 0.079 0.971 5106.2 4.6736 16.961195 1.627613 17.74057 16.112957 "" "" 1750.70825 2494.87891 3093.63066 2.0603 1094.4 8.9233 2844.3 12.732 "" "" 0.0028486196680418204 0.00928195 0.0061566494 0.0154385995 252.86251460043 -45.08204664716 2014.97119 -3.248000000000001 -3.7920000000000034 -0.6730555038452151 0.3719442443847658 0.18344092 0.16244093 "" "" 7.344599177290924 "" 1.312841882941469 ""
252.3253603482 -44.88614575121 0.0693 0.0451 16.8071 "" "" 5964270936210401280 2232.4668 0.4303 0.0703 -0.495 -4.171 0.095 0.074 0.98 "" "" 16.96209 1.836002 17.855703 16.019701 "" "" 2008.40942 2579.6189 3091.08284 2.1207 984.32 5.9928 3099.4 10.821 "" "" 0.0028542341102648244 0.007174987 0.005352829 0.012527816 252.3253603482 -44.88614575121 2232.4668 -0.49499999999999944 -4.171 2.079944496154785 -0.007055755615234638 0.17844091 0.15744092 "" "" 22.009875977813937 "" 3.9274573709302567 ""
252.2094948652 -45.04748820828 0.0604 0.0419 18.0055 "" "" 5964263205268678528 2948.71704 0.3101 0.0655 -1.209 -2.623 0.083 0.066 0.986 "" "" 16.96335 2.760979 18.516865 15.755886 "" "" 2467.96143 3761.88062 3087.49689 2.0481 535.39 6.6674 3951.9 7.9157 "" "" 0.0028478966309657353 0.013805939 0.004360416 0.018166356 252.2094948652 -45.04748820828 2948.71704 -1.209 -2.623 1.365944496154785 1.5409442443847654 0.1664409 0.14944091 "" "" 28.781301303975233 "" 4.522921343435599 ""
252.34915014137 -45.0273485155 0.0672 0.045 12.2434 "" "" 5964263995528195328 2367.79004 0.4221 0.0696 -1.986 -5.831 0.09 0.072 1.006 4792.1 4.2722 16.965076 1.826611 17.854406 16.027796 "" "" 2011.25208 2838.20923 3082.59074 2.0723 985.49 6.0946 3076.4 8.0314 "" "" 0.002850357468721677 0.0072711976 0.004724191 0.011995388 252.34915014137 -45.0273485155 2367.79004 -1.9860000000000024 -5.830999999999998 0.5889444961547852 -1.6670557556152348 0.17344092 0.15544091 "" "" 19.843176295674 "" 3.126087648431982 ""
252.83045754316 -44.90030473975 0.0699 0.0477 12.7882 "" "" 5964234068198580352 2162.42261 0.4809 0.0783 -2.249 -4.972 0.096 0.08 1.069 8500.8 4.4739 16.965206 1.703274 17.761852 16.058578 "" "" 1838.21729 2544.83105 3082.2237 2.0857 1073.2 16.773 2990.4 17.191 "" "" 0.002851592247586338 0.01719679 0.0072966665 0.024493456 252.83045754316 -44.90030473975 2162.42261 -2.2490000000000023 -4.9719999999999995 0.32594449615478505 -0.8080557556152348 0.17944092 0.16344091 "" "" 8.930901009454926 "" 1.4805011183374448 ""
253.04084402713 -45.12130845211 0.0686 0.0489 17.6072 "" "" 5964226676556894848 2004.10852 0.5126 0.0869 0.361 -2.357 0.098 0.087 0.988 "" "" 16.965715 1.764647 17.826794 16.062147 "" "" 1713.25488 2307.68164 3080.77934 2.2838 1010.9 7.1708 2980.6 12.749 "" "" 0.0028704691560907376 0.008191486 0.0059875627 0.014179049 253.04084402713 -45.12130845211 2004.10852 0.36099999999999993 -2.357 2.935944496154785 1.8069442443847654 0.18144092 0.17044091 "" "" 32.7488335749377 "" 5.845224753364874 ""
252.46399406822 -45.26729898069 0.0617 0.0442 14.2704 "" "" 5964245127735745536 2698.30811 0.3581 0.0709 -1.383 -2.891 0.086 0.073 1.044 8470.9 3.0388 16.965754 2.922663 18.647316 15.724653 "" "" 2215.9397 3388.0083 3080.6701 2.3211 474.78 6.8989 4067.2 8.6183 "" "" 0.002874191018368851 0.016021367 0.004424558 0.020445924 252.46399406822 -45.26729898069 2698.30811 -1.383 -2.891 1.1919444961547851 1.2729442443847656 0.16944093 0.15644091 "" "" 22.30419577440248 "" 3.6276337696878236 ""
252.54829181599 -44.81904818871 0.0707 0.0487 15.0109 "" "" 5964283718034529152 2848.1106 0.3226 0.079 -1.086 -6.733 0.106 0.083 1.06 "" "" 16.965946 1.833368 17.844757 16.011389 "" "" 2325.0647 3422.45898 3080.12263 2.1414 994.29 8.9707 3123.2 9.282 "" "" 0.0028568462940600278 0.010185368 0.0049694744 0.015154842 252.54829181599 -44.81904818871 2848.1106 -1.0860000000000007 -6.732999999999999 1.488944496154785 -2.569055755615234 0.1894409 0.1664409 "" "" 40.08627400660674 "" 6.915398114586272 ""
252.91762899634 -45.31020438088 0.0663 0.0431 19.1363 "" "" 5964200155146341248 2502.68872 0.4158 0.0719 -2.143 -4.337 0.093 0.07 0.947 5636.7 4.5951 16.96644 1.692259 17.775629 16.08337 "" "" 2032.51123 3217.62891 3078.72499 1.9996 1059.7 7.247 2922.9 8.746 "" "" 0.002844127350562629 0.007931991 0.0049838014 0.012915792 252.91762899634 -45.31020438088 2502.68872 -2.143 -4.337 0.43194449615478536 -0.17305575561523412 0.17644092 0.15344092 "" "" 5.519993189677611 "" 0.9573962214617397 ""
252.45711369245 -45.16944206967 0.0632 0.0438 9.8837 "" "" 5964250320366955648 2228.76782 0.4229 0.0675 0.326 -4.104 0.087 0.07 0.994 4807.4 4.1051 16.966581 2.568909 18.380953 15.812044 "" "" 1918.98279 2641.98047 3078.32148 2.3558 606.79 9.4937 3752.7 9.1914 "" "" 0.0028778784082749195 0.017214803 0.004621194 0.021835998 252.45711369245 -45.16944206967 2228.76782 0.3259999999999995 -4.103999999999997 2.9009444961547852 0.05994424438476553 0.17044091 0.15344092 "" "" 30.65316262901875 "" 5.224341679003212 ""
253.03145166482 -45.19866283984 0.0726 0.0488 18.7285 "" "" 5964202560328201088 2802.04492 0.3641 0.0784 -1.633 -2.711 0.102 0.087 1.026 "" "" 16.966621 1.940819 17.916325 15.975506 "" "" 2293.37842 3905.29248 3078.21222 3.2797 930.87 10.132 3228.2 15.474 "" "" 0.0029883081330013615 0.012142548 0.0064318725 0.01857442 253.03145166482 -45.19866283984 2802.04492 -1.6329999999999998 -2.7109999999999994 0.9419444961547851 1.4529442443847658 0.18544091 0.17044091 "" "" 22.99807265289989 "" 4.024977706195865 ""
252.59621516243 -44.97012421538 0.0792 0.0506 5.7268 "" "" 5964256157213318784 2536.90747 0.3834 0.076 4.228 0.069 0.118 0.083 0.999 "" "" 16.967632 1.801437 17.84988 16.048443 "" "" 2141.8894 3248.32593 3075.34459 2.1231 989.61 5.7399 3018.4 7.8665 "" "" 0.0028554536467772277 0.00688788 0.004721283 0.011609163 252.59621516243 -44.97012421538 2536.90747 4.228 0.06900000000000098 6.802944496154785 4.232944244384766 0.20144092 0.1664409 "" "" 96.34812803960176 "" 18.529112621518284 ""
252.85045286222 -44.97771302099 0.0672 0.0431 10.4821 "" "" 5964231383841917184 2044.96387 0.4799 0.073 -1.497 -2.984 0.103 0.079 1.001 "" "" 16.967691 1.595983 17.707806 16.111822 "" "" 1779.83691 2379.39014 3075.17636 2.202 1128.0 9.4008 2847.3 13.26 "" "" 0.0028629033197870913 0.009468986 0.006312694 0.01578168 252.85045286222 -44.97771302099 2044.96387 -1.4969999999999999 -2.9840000000000027 1.077944496154785 1.1799442443847656 0.18644091 0.16244093 "" "" 15.49152656739093 "" 2.6919686291485827 ""
252.81060718415 -45.09838681862 0.0712 0.0465 7.8055 "" "" 5964206782282035584 2282.7605 0.4266 0.0767 -2.206 -2.416 0.092 0.073 1.0 "" "" 16.96819 2.485386 17.887564 15.402178 "" "" 1902.02283 2755.94531 3073.76553 3.4617 955.85 10.906 5473.8 114.66 "" "" 0.003014455753625064 0.012698298 0.023054864 0.03575316 252.81060718415 -45.09838681862 2282.7605 -2.2060000000000004 -2.4160000000000004 0.3689444961547852 1.7479442443847657 0.17544091 0.15644091 "" "" 19.329975013465678 "" 3.040569485388199 ""
252.99073319206 -45.09232654976 0.0646 0.0434 15.2331 "" "" 5964227333700543744 2034.88965 0.5087 0.0766 -0.735 -2.324 0.087 0.073 0.923 5914.8 4.5878 16.96827 1.654793 17.696348 16.041555 "" "" 1683.77124 2375.92114 3073.5429 2.6639 1139.9 10.844 3037.6 21.219 "" "" 0.00291158456444446 0.010698961 0.008473851 0.019172812 252.99073319206 -45.09232654976 2034.88965 -0.735 -2.324 1.8399444961547853 1.8399442443847658 0.17044091 0.15644091 "" "" 25.097987282688685 "" 4.105798474647358 ""
252.61793069756 -45.11558020356 0.0706 0.0476 3.2964 "" "" 5964252927397021696 2346.47876 0.4277 0.075 -3.138 -4.526 0.124 0.084 0.966 "" "" 16.968433 1.802952 17.836376 16.033424 "" "" 2064.12061 2737.58618 3073.07935 2.0975 1002.0 11.705 3060.5 8.6316 "" "" 0.0028532362526132726 0.012986454 0.0048641907 0.017850645 252.61793069756 -45.11558020356 2346.47876 -3.138 -4.526 -0.5630555038452147 -0.3620557556152342 0.20744091 0.16744092 "" "" 7.445435946158409 "" 1.4636535052326447 ""
