Clusters/UBC_550/UBC_550_members.tsv
# %ECSV 1.0
# ---
# datatype:
# - name: RA_ICRS_1
#   unit: deg
#   datatype: float64
#   format: '{:15.11f}'
#   description: Right ascension (ICRS) at Ep=2016.0 (ra)
#   meta: !!omap
#   - {ucd: POS_EQ_RA_MAIN}
#   - {width: 15}
#   - {precision: '11'}
# - name: DE_ICRS_1
#   unit: deg
#   datatype: float64
#   format: '{:15.11f}'
#   description: Declination (ICRS) at Ep=2016.0 (dec)
#   meta: !!omap
#   - {ucd: POS_EQ_DEC_MAIN}
#   - {width: 15}
#   - {precision: '11'}
# - name: e_RA_ICRS
#   unit: mas
#   datatype: float64
#   format: '{:7.4f}'
#   description: Standard error of right ascension (ra_error)
#   meta: !!omap
#   - {ucd: ERROR}
#   - {width: 7}
#   - {precision: '4'}
# - name: e_DE_ICRS
#   unit: mas
#   datatype: float64
#   format: '{:7.4f}'
#   description: Standard error of declination (dec_error)
#   meta: !!omap
#   - {ucd: ERROR}
#   - {width: 7}
#   - {precision: '4'}
# - name: _r_1
#   unit: ''
#   datatype: float64
#   format: '{:7.4f}'
#   description: Distance from center (252.63381043000-45.06179548000)[ICRS], at Epoch=J2016.0
#   meta: !!omap
#   - {ucd: POS_ANG_DIST_GENERAL}
#   - {width: 7}
#   - {precision: '4'}
# - name: HIP
#   datatype: int32
#   description: '? HIP cross-id number, van Leeuwen, Cat. I/311 (hip_original_ext_source_id)'
#   meta: !!omap
#   - {ucd: ID_NUMBER}
#   - {width: 6}
#   - values: {'null': -2147483648}
# - name: TYC2
#   datatype: string
#   description: Tycho-2 cross-id name, Hog et al., Cat. I/259 (tyc2_original_ext_source_id)
#   meta: !!omap
#   - {ucd: ID_CROSSID}
#   - {_votable_string_dtype: char}
# - name: Source
#   datatype: int64
#   description: Source identifier, identical to the Gaia-EDR3 source_id (id)
#   meta: !!omap
#   - {ucd: ID_MAIN}
#   - {width: 19}
# - name: rgeo
#   unit: pc
#   datatype: float64
#   format: '{:15.8f}'
#   description: '? Median of the geometric distance posterior (r_med_geo)'
#   meta: !!omap
#   - {ucd: PHYS_DISTANCE_TRUE}
#   - {width: 15}
#   - {precision: '8'}
#   - values: {'null': .nan}
# - name: Plx
#   unit: mas
#   datatype: float64
#   format: '{:9.4f}'
#   description: '? Parallax (parallax)'
#   meta: !!omap
#   - {ucd: POS_PARLX_TRIG}
#   - {width: 9}
#   - {precision: '4'}
#   - values: {'null': .nan}
# - name: e_Plx
#   unit: mas
#   datatype: float32
#   format: '{:7.4f}'
#   description: '? Standard error of parallax (parallax_error)'
#   meta: !!omap
#   - {ucd: ERROR}
#   - {width: 7}
#   - {precision: '4'}
#   - values: {'null': .nan}
# - name: pmRA
#   unit: mas / yr
#   datatype: float64
#   format: '{:9.3f}'
#   description: '? Proper motion in right ascension direction, pmRA*cosDE (pmra)'
#   meta: !!omap
#   - {ucd: POS_EQ_PMRA}
#   - {width: 9}
#   - {precision: '3'}
#   - values: {'null': .nan}
# - name: pmDE
#   unit: mas / yr
#   datatype: float64
#   format: '{:9.3f}'
#   description: '? Proper motion in declination direction (pmdec)'
#   meta: !!omap
#   - {ucd: POS_EQ_PMDEC}
#   - {width: 9}
#   - {precision: '3'}
#   - values: {'null': .nan}
# - name: e_pmRA
#   unit: mas / yr
#   datatype: float32
#   format: '{:6.3f}'
#   description: '? Standard error of proper motion in right ascension direction (pmra_error)'
#   meta: !!omap
#   - {ucd: ERROR}
#   - {width: 6}
#   - {precision: '3'}
#   - values: {'null': .nan}
# - name: e_pmDE
[...]
#       distance: !astropy.table.SerializedColumn
#         __class__: astropy.coordinates.distances.Distance
#         unit: !astropy.units.Unit {unit: pc}
#         value: !astropy.table.SerializedColumn {name: SkyCoord.distance}
#       frame: icrs
#       obstime: !astropy.time.Time {format: jyear_str, in_subfmt: '*', jd1: 367701545.0, jd2: 0.0, out_subfmt: '*', precision: 3, scale: tt}
#       pm_dec: !astropy.table.SerializedColumn
#         __class__: astropy.units.quantity.Quantity
#         unit: !astropy.units.Unit {unit: mas / yr}
#         value: !astropy.table.SerializedColumn {name: SkyCoord.pm_dec}
#       pm_ra_cosdec: !astropy.table.SerializedColumn
#         __class__: astropy.units.quantity.Quantity
#         unit: !astropy.units.Unit {unit: mas / yr}
#         value: !astropy.table.SerializedColumn {name: SkyCoord.pm_ra_cosdec}
#       ra: !astropy.table.SerializedColumn
#         __class__: astropy.coordinates.angles.Longitude
#         unit: *id001
#         value: !astropy.table.SerializedColumn {name: SkyCoord.ra}
#         wrap_angle: !astropy.coordinates.Angle
#           unit: *id001
#           value: 360.0
#       representation_type: spherical
# schema: astropy-2.0
RA_ICRS_1 DE_ICRS_1 e_RA_ICRS e_DE_ICRS _r_1 HIP TYC2 Source rgeo Plx e_Plx pmRA pmDE e_pmRA e_pmDE RUWE Teff logg Gmag BP-RP BPmag RPmag RV e_RV b_rgeo B_rgeo FG e_FG FBP e_FBP FRP e_FRP RAVE5 RAVE6 e_Gmag e_BPmag e_RPmag e_BP-RP SkyCoord.ra SkyCoord.dec SkyCoord.distance SkyCoord.pm_ra_cosdec SkyCoord.pm_dec rmRA rmDE e_rmRA e_rmDE rRV e_rRV v_pec v_pec3d e_vpec e_vpec3d Pmemb
252.6527333685 -45.08584827507 0.0117 0.009 1.6509 "" "" 5964253305352801152 2177.84009 0.4363 0.014 -2.54 -4.086 0.018 0.016 0.875 "" "" 12.67049 1.194842 13.174436 11.979593 -30.48 10.46 2112.70679 2246.70801 160972.18071 30.531 73391.0 51.729 128030.0 39.318 "" "" 0.0027630048075310697 0.0028932143 0.0037940615 0.006687276 252.6527333685 -45.08584827507 2177.84009 -2.5400000000000014 -4.085999999999999 0.03494449615478512 0.07794424438476533 0.101440914 0.09944092 -15.107142857142858 10.85347 0.8817781497810768 15.132854919398183 0.08798243661453173 10.835030053897118 0.96
252.753546878 -45.07409739683 0.0147 0.0093 5.1274 "" "" 5964207783008352896 2545.25586 0.3502 0.0159 -2.617 -4.163 0.02 0.016 0.918 "" "" 13.214466 1.066556 13.651304 12.584748 "" "" 2449.18359 2674.73584 97534.97997 21.231 47304.0 29.655 73326.0 21.199 "" "" 0.00276543762651887 0.0028719914 0.0037923944 0.006664386 252.753546878 -45.07409739683 2545.25586 -2.617 -4.163 -0.04205550384521484 0.0009442443847653692 0.10344091 0.09944092 "" "" 0.5075070341609598 "" 0.052495986669827424 "" 0.96
252.57712801643 -44.91979434076 0.0144 0.0098 8.8531 "" "" 5964259631856444416 2393.63696 0.3784 0.0155 -2.59 -4.3 0.02 0.016 0.996 "" "" 13.425174 1.065291 13.861164 12.795873 "" "" 2311.42578 2477.48682 80329.88312 15.613 38990.0 22.433 60368.0 33.834 "" "" 0.0027633893824718578 0.002859244 0.0038280566 0.0066873003 252.57712801643 -44.91979434076 2393.63696 -2.59 -4.299999999999996 -0.015055503845214702 -0.1360557556152342 0.10344091 0.09944092 "" "" 1.553089023180679 "" 0.15451723926082056 "" 0.96
252.62521713582 -45.09373778709 0.0139 0.0099 1.9508 "" "" 5964253339712540288 2182.08423 0.416 0.0161 -2.637 -4.151 0.02 0.017 0.918 "" "" 13.444352 1.15774 13.928636 12.770896 "" "" 2110.62134 2261.28882 78923.42063 15.788 36641.0 25.2 61773.0 26.259 "" "" 0.0027638672441138348 0.0028883626 0.0038074586 0.006695821 252.62521713582 -45.09373778709 2182.08423 -2.637 -4.151 -0.062055503845214854 0.012944244384765824 0.10344091 0.10044092 "" "" 0.6556597797337052 "" 0.06774117049055058 "" 0.91
252.64953996361 -45.08048665423 0.0153 0.0109 1.3046 "" "" 5964253412743750528 2472.35352 0.37 0.0174 -2.572 -4.169 0.023 0.019 0.926 "" "" 13.74864 1.110871 14.210042 13.099171 "" "" 2361.10229 2645.19946 59633.56698 11.776 28275.0 24.355 45655.0 17.763 "" "" 0.002763649425815663 0.0029427314 0.0038029163 0.0067456476 252.64953996361 -45.08048665423 2472.35352 -2.572 -4.169 0.0029444961547850923 -0.00505575561523397 0.10644092 0.102440916 "" "" 0.06856412602951047 "" 0.007094239076782124 "" 0.98
252.56686531755 -45.01722754132 0.016 0.0128 3.8996 "" "" 5964254580974559872 2412.01636 0.3725 0.0181 -2.644 -4.185 0.023 0.021 1.013 "" "" 13.782647 1.102399 14.238948 13.136549 "" "" 2302.41821 2525.57886 57794.671 10.316 27532.0 23.04 44110.0 24.248 "" "" 0.0027621272264707333 0.0029343804 0.0038262191 0.0067605996 252.56686531755 -45.01722754132 2412.01636 -2.644 -4.184999999999999 -0.06905550384521497 -0.021055755615233984 0.10644092 0.10444091 "" "" 0.8253936150297289 "" 0.0877164420396525 "" 0.93
252.39910906473 -45.05609944094 0.0166 0.0112 9.9532 "" "" 5964251965324628608 2386.0437 0.3775 0.0179 -2.59 -4.323 0.024 0.018 1.12 "" "" 13.860433 1.584235 14.590288 13.006053 "" "" 2304.42627 2472.20117 53798.92171 10.693 19921.0 15.966 49744.0 23.368 "" "" 0.002763758093135359 0.0029227147 0.0038136425 0.006736357 252.39910906473 -45.05609944094 2386.0437 -2.59 -4.323 -0.015055503845214702 -0.15905575561523477 0.10744092 0.101440914 "" "" 1.8069370666427926 "" 0.1833964427690214 "" 0.95
252.65832810602 -45.04345860169 0.016 0.0115 1.5134 "" "" 5964254988981662464 2227.97314 0.4083 0.018 -2.555 -4.089 0.023 0.02 0.964 "" "" 13.881108 1.17627 14.377119 13.200849 "" "" 2140.84839 2308.8584 52784.15612 10.187 24242.0 19.634 41574.0 21.738 "" "" 0.0027632763947357704 0.0029254598 0.0038217816 0.006747241 252.65832810602 -45.04345860169 2227.97314 -2.555 -4.089 0.019944496154784996 0.07494424438476521 0.10644092 0.10344091 "" "" 0.8190025726227352 "" 0.08488307057096209 "" 0.98
252.60293400879 -45.08716887722 0.0157 0.0113 2.0073 "" "" 5964253721981052928 2456.35645 0.3659 0.0184 -2.516 -4.218 0.023 0.019 1.03 "" "" 13.93156 1.122259 14.397595 13.275336 "" "" 2361.0022 2570.24707 50387.51652 34.918 23789.0 54.516 38817.0 66.637 "" "" 0.0028562038066143416 0.0037384236 0.004213997 0.007952421 252.60293400879 -45.08716887722 2456.35645 -2.516 -4.218 0.05894449615478514 -0.05405575561523435 0.10644092 0.102440916 "" "" 0.9311940610795969 "" 0.0974332734930992 "" 0.99
252.61423105561 -45.05861108078 0.0164 0.012 0.8515 "" "" 5964254134297928832 2239.23267 0.4046 0.0204 -2.529 -4.157 0.026 0.021 1.013 "" "" 14.097089 1.093164 14.546996 13.453832 "" "" 2141.97656 2340.75342 43262.4519 9.5246 20731.0 27.762 32933.0 18.081 "" "" 0.0027656693081186843 0.003146279 0.003826102 0.006972381 252.61423105561 -45.05861108078 2239.23267 -2.528999999999999 -4.156999999999998 0.04594449615478524 0.006944244384765597 0.109440915 0.10444091 "" "" 0.49319183594446603 "" 0.053921521564241195 "" 0.99
252.66572064637 -45.03994469248 0.0184 0.0132 1.8837 "" "" 5964254954622144384 2296.86084 0.3982 0.0207 -2.643 -4.18 0.027 0.023 0.94 9349.2 3.4338 14.27654 1.17302 14.769845 13.596825 "" "" 2183.88086 2413.5603 36671.68876 8.3702 16884.0 20.067 28869.0 15.19 "" "" 0.0027664421446035974 0.0030741233 0.0038223148 0.006896438 252.66572064637 -45.03994469248 2296.86084 -2.643 -4.18 -0.06805550384521464 -0.01605575561523409 0.11044092 0.10644092 "" "" 0.7612689126498117 "" 0.08391744669215617 "" 0.97
252.77185035898 -45.03337388432 0.0188 0.0127 6.0951 "" "" 5964208332764177536 2273.01099 0.4019 0.0216 -2.585 -4.193 0.029 0.023 0.947 "" "" 14.299315 1.064687 14.737465 13.672778 "" "" 2160.34155 2393.25244 35910.43218 8.3547 17395.0 13.268 26918.0 19.135 "" "" 0.002766874864401958 0.0029104757 0.0038573847 0.0067678606 252.77185035898 -45.03337388432 2273.01099 -2.585 -4.193 -0.010055503845214808 -0.02905575561523399 0.112440914 0.10644092 "" "" 0.33126550338171756 "" 0.035478111987971794 "" 0.97
252.57606099506 -45.01677670147 0.019 0.0138 3.6457 "" "" 5964254615334610816 2395.55664 0.3794 0.0203 -2.565 -4.088 0.027 0.023 0.936 9199.1 3.5781 14.323263 1.11566 14.78674 13.671081 "" "" 2281.88062 2515.55176 35127.04221 9.7116 16623.0 17.531 26960.0 24.662 "" "" 0.002771622992687342 0.0030159857 0.0039077047 0.0069236904 252.57606099506 -45.01677670147 2395.55664 -2.5649999999999986 -4.087999999999999 0.00994449615478521 0.07594424438476555 0.11044092 0.10644092 "" "" 0.869703881320369 "" 0.09263180501663615 "" 0.98
252.87157696375 -45.11996140132 0.0184 0.0133 10.6591 "" "" 5964206820935647872 2502.14502 0.3578 0.0208 -2.545 -4.152 0.027 0.022 0.958 "" "" 14.335977 1.153451 14.819015 13.665564 "" "" 2397.01343 2642.39258 34718.10747 7.9078 16137.0 18.607 27098.0 17.649 "" "" 0.0027663959678361997 0.003058163 0.0038449678 0.0069031306 252.87157696375 -45.11996140132 2502.14502 -2.545 -4.152000000000001 0.029944496154785227 0.01194424438476549 0.11044092 0.105440915 "" "" 0.38235712285968304 "" 0.041970606161118806 "" 0.95
252.77511908781 -44.9754279562 0.0237 0.0167 7.9229 "" "" 5964232040985150080 2375.08301 0.3869 0.026 -2.514 -4.282 0.034 0.029 0.979 "" "" 14.536983 1.064362 14.973877 13.909515 "" "" 2222.36743 2498.37378 28850.52651 7.1425 13992.0 14.776 21645.0 12.79 "" "" 0.0027684002652712545 0.003016567 0.0038334483 0.0068500154 252.77511908781 -44.9754279562 2375.08301 -2.514 -4.282000000000004 0.060944496154785366 -0.1180557556152344 0.11744092 0.112440914 "" "" 1.4957073486369863 "" 0.16977971427382846 "" 0.95
252.92998575965 -44.9976786447 0.0213 0.0144 13.1351 "" "" 5964231181991381888 2136.46729 0.4379 0.0245 -2.612 -4.2 0.031 0.024 0.959 "" "" 14.589661 1.224708 15.113817 13.88911 "" "" 2034.60315 2254.16748 27484.1729 6.2464 12300.0 14.416 22055.0 13.497 "" "" 0.002766347585884364 0.0030666513 0.0038373435 0.006903995 252.92998575965 -44.9976786447 2136.46729 -2.6119999999999997 -4.199999999999999 -0.03705550384521494 -0.03605575561523455 0.11444092 0.10744092 "" "" 0.5235816981017269 "" 0.058165595515237 "" 0.91
252.60100388991 -45.08407683704 0.0195 0.0139 1.9286 "" "" 5964253721981056768 2323.12964 0.3945 0.0231 -2.556 -4.148 0.029 0.025 0.956 7185.9 3.4012 14.611469 1.221609 15.128595 13.906986 "" "" 2191.29688 2438.604 26937.61885 6.426 12133.0 14.793 21695.0 24.244 "" "" 0.002767466761595977 0.0030882703 0.003969361 0.0070576314 252.60100388991 -45.08407683704 2323.12964 -2.556 -4.148 0.018944496154785107 0.015944244384765938 0.112440914 0.10844091 "" "" 0.2726603585996602 "" 0.03021073876014235 "" 0.98
252.50563192505 -44.9282837692 0.0227 0.0166 9.6825 "" "" 5964259425698017024 2539.70288 0.3425 0.0257 -2.284 -4.115 0.033 0.028 1.072 "" "" 14.803951 2.706421 16.32139 13.614969 -32.7 2.81 2394.15991 2722.05908 22561.40514 8.1826 4044.5 11.797 28390.0 17.196 "" "" 0.002783316208085031 0.0042206817 0.0038361717 0.008056853 252.50563192505 -44.9282837692 2539.70288 -2.284 -4.115 0.29094449615478535 0.04894424438476541 0.116440915 0.11144091 -17.32714285714286 3.2034693 3.551659060460742 17.687401213111826 0.4130799202105555 3.1393167734448157 0.87
252.57004236124 -45.04607688652 0.0226 0.0163 2.8627 "" "" 5964254374816115968 2657.46289 0.3387 0.0249 -2.6 -4.176 0.033 0.026 0.976 6698.9 2.6066 14.822455 1.268415 15.367307 14.098892 "" "" 2499.45435 2880.04883 22180.14753 6.1301 9738.5 13.875 18180.0 14.75 "" "" 0.002771612061322912 0.0031902948 0.0038806826 0.0070709772 252.57004236124 -45.04607688652 2657.46289 -2.599999999999998 -4.176 -0.025055503845214933 -0.012055755615234531 0.116440915 0.109440915 "" "" 0.3502425196306788 "" 0.04033303319972974 "" 0.81
252.58546152859 -45.09333205446 0.0214 0.0155 2.7887 "" "" 5964253756340794880 2294.75952 0.3995 0.0247 -2.642 -4.165 0.031 0.026 0.984 "" "" 14.847996 1.449809 15.496523 14.046714 "" "" 2197.96094 2466.12231 21664.48203 5.3162 8645.9 14.964 19075.0 15.641 "" "" 0.002768171316882059 0.0033639646 0.0038828233 0.0072467877 252.58546152859 -45.09333205446 2294.75952 -2.6420000000000003 -4.165000000000001 -0.06705550384521475 -0.0010557556152344105 0.11444092 0.109440915 "" "" 0.7294638489421462 "" 0.08347962833129964 "" 0.97
252.57290771098 -45.02480726097 0.0229 0.0164 3.4046 "" "" 5964254580974554368 2166.56006 0.4222 0.0251 -2.546 -4.084 0.033 0.028 1.016 "" "" 14.901788 1.225564 15.423155 14.197591 "" "" 2064.85278 2274.46899 20617.29049 4.8016 9250.3 14.692 16601.0 13.041 "" "" 0.0027668984724963357 0.003280055 0.0038744258 0.0071544806 252.57290771098 -45.02480726097 2166.56006 -2.5459999999999994 -4.084 0.028944496154785337 0.079944244384766 0.116440915 0.11144091 "" "" 0.8731405614331557 "" 0.09781952295389619 "" 0.92
252.50058565155 -45.10358799575 0.0224 0.0161 6.176 "" "" 5964250938842270720 2334.88354 0.3899 0.0249 -2.568 -4.173 0.032 0.026 1.014 "" "" 14.933547 1.376945 15.537699 14.160753 "" "" 2211.61255 2484.71045 20022.93927 4.8311 8324.1 12.276 17173.0 18.132 "" "" 0.0027677454395163554 0.003216966 0.003949416 0.007166382 252.50058565155 -45.10358799575 2334.88354 -2.5679999999999996 -4.173000000000002 0.006944496154785096 -0.009055755615234418 0.11544092 0.109440915 "" "" 0.12630008665765172 "" 0.014107762387467526 "" 0.98
252.6343770909 -45.09546131775 0.023 0.0165 2.0201 "" "" 5964253339713971072 2251.71021 0.4107 0.0266 -2.632 -4.177 0.033 0.028 0.934 "" "" 14.998116 1.273197 15.547583 14.274385 "" "" 2115.89087 2437.16699 18866.90665 4.9545 8248.7 11.005 15467.0 13.174 "" "" 0.0027700327140998096 0.0031437718 0.0038908785 0.00703465 252.6343770909 -45.09546131775 2251.71021 -2.6320000000000006 -4.177 -0.05705550384521496 -0.013055755615233977 0.116440915 0.11144091 "" "" 0.6246989572737445 "" 0.07258828311701918 "" 0.95
252.68471594365 -45.04629543057 0.0254 0.0179 2.3496 "" "" 5964254748463477760 2484.87476 0.3713 0.0283 -2.63 -4.052 0.039 0.031 1.052 8995.5 3.485 15.019132 1.334452 15.593579 14.259128 "" "" 2278.23999 2670.18799 18505.21398 5.2118 7906.5 13.329 15686.0 13.107 "" "" 0.002772236395503614 0.0033369572 0.0038867448 0.007223702 252.68471594365 -45.04629543057 2484.87476 -2.63 -4.052 -0.05505550384521474 0.11194424438476602 0.12244092 0.11444092 "" "" 1.4693465442976745 "" 0.170506386207098 "" 0.95
252.70779227127 -45.08851366599 0.0257 0.0177 3.5208 "" "" 5964254649694514176 2320.64282 0.394 0.0288 -2.734 -4.098 0.037 0.03 1.001 9148.7 3.7595 15.11271 1.353359 15.710548 14.357189 "" "" 2181.95361 2481.26587 16977.06734 4.8922 7099.0 11.607 14331.0 13.952 "" "" 0.0027730268480659513 0.00330702 0.0039244136 0.007231434 252.70779227127 -45.08851366599 2320.64282 -2.734 -4.097999999999996 -0.15905550384521483 0.06594424438476576 0.120440915 0.113440916 "" "" 1.8939965901295102 "" 0.22621864507029768 "" 0.93
252.69948610589 -45.08062573605 0.0253 0.0192 3.0035 "" "" 5964254649694514944 2213.64673 0.4142 0.0298 -2.576 -4.077 0.038 0.036 1.005 9059.0 3.69 15.153391 1.26527 15.699612 14.434341 "" "" 2055.98633 2370.16675 16352.73055 4.4122 7170.9 11.059 13348.0 14.206 "" "" 0.0027708495817760806 0.0032540371 0.003952084 0.0072061215 252.69948610589 -45.08062573605 2213.64673 -2.5759999999999996 -4.077 -0.0010555038452149113 0.08694424438476567 0.12144092 0.11944091 "" "" 0.9123458356251294 "" 0.10897169089609188 "" 0.97
252.66491816226 -45.0853993346 0.0258 0.0182 1.9347 "" "" 5964253412743749888 2170.91479 0.4188 0.0303 -2.445 -4.157 0.038 0.032 0.951 8602.2 3.553 15.157024 1.211356 15.670232 14.458876 "" "" 2050.18408 2297.15527 16298.10662 4.4998 7367.6 10.967 13050.0 12.505 "" "" 0.002771578653794508 0.0032244446 0.0039199675 0.007144412 252.66491816226 -45.0853993346 2170.91479 -2.445 -4.157 0.12994449615478532 0.006944244384765597 0.12144092 0.11544092 "" "" 1.3390545300307184 "" 0.16259369462626344 "" 0.93
252.71256512854 -45.0527818322 0.0252 0.018 3.3815 "" "" 5964254787133473792 2377.83228 0.3891 0.0289 -2.516 -4.245 0.038 0.032 0.99 7991.7 3.0301 15.182592 1.327713 15.757294 14.429581 "" "" 2240.83423 2527.21777 15918.77542 4.6671 6799.9 13.443 13407.0 19.473 "" "" 0.002773646699711392 0.0035202608 0.0040951907 0.0076154517 252.71256512854 -45.0527818322 2377.83228 -2.516 -4.244999999999999 0.05894449615478514 -0.08105575561523448 0.12144092 0.11544092 "" "" 1.1295968874619908 "" 0.13278525295447333 "" 0.96
252.6828911635 -45.11682452021 0.0267 0.0187 3.9018 "" "" 5964253030476232704 2414.36768 0.3754 0.0311 -2.54 -4.2 0.039 0.033 0.997 "" "" 15.289544 1.081372 15.733708 14.652336 "" "" 2228.36084 2654.23486 14425.43556 3.6118 6949.2 14.503 10920.0 14.092 "" "" 0.0027686979481394924 0.0035943715 0.004030739 0.0076251104 252.6828911635 -45.11682452021 2414.36768 -2.54 -4.2 0.03494449615478512 -0.03605575561523455 0.12244092 0.116440915 "" "" 0.574618797816003 "" 0.06860068893677493 "" 0.96
252.41656397249 -45.04836320361 0.0312 0.0209 9.2433 "" "" 5964252107073426560 2619.44702 0.3392 0.0334 -2.673 -4.257 0.045 0.034 1.129 8599.9 3.5377 15.326396 1.135045 15.800082 14.665037 "" "" 2428.98828 2891.45508 13944.03629 4.1338 6537.1 12.114 10793.0 10.725 "" "" 0.0027740569500009546 0.0034399375 0.0039303615 0.0073702987 252.41656397249 -45.04836320361 2619.44702 -2.673 -4.257 -0.09805550384521489 -0.09305575561523405 0.12844092 0.11744092 "" "" 1.6784476751032207 "" 0.2070379287666518 "" 0.88
252.60578843758 -45.09285923593 0.028 0.0194 2.2099 "" "" 5964253721981049600 2242.69775 0.4076 0.0323 -2.542 -4.129 0.041 0.034 0.909 "" "" 15.453939 1.337869 16.04029 14.702422 "" "" 2088.3916 2426.75586 12398.54858 3.61 5239.6 10.299 10428.0 15.587 "" "" 0.0027733959784118803 0.003512772 0.0041130837 0.0076258555 252.60578843758 -45.09285923593 2242.69775 -2.5419999999999985 -4.129 0.03294449615478534 0.034944244384766066 0.124440916 0.11744092 "" "" 0.51052871430019 "" 0.06166443836885073 "" 0.97
