Clusters/UBC_550/UBC_550_stars_in_region.tsv
# %ECSV 1.0
# ---
# datatype:
# - name: RA_ICRS_1
#   unit: deg
#   datatype: float64
#   format: '{:15.11f}'
#   description: Right ascension (ICRS) at Ep=2016.0 (ra)
#   meta: !!omap
#   - {ucd: POS_EQ_RA_MAIN}
#   - {width: 15}
#   - {precision: '11'}
# - name: DE_ICRS_1
#   unit: deg
#   datatype: float64
#   format: '{:15.11f}'
#   description: Declination (ICRS) at Ep=2016.0 (dec)
#   meta: !!omap
#   - {ucd: POS_EQ_DEC_MAIN}
#   - {width: 15}
#   - {precision: '11'}
# - name: e_RA_ICRS
#   unit: mas
#   datatype: float64
#   format: '{:7.4f}'
#   description: Standard error of right ascension (ra_error)
#   meta: !!omap
#   - {ucd: ERROR}
#   - {width: 7}
#   - {precision: '4'}
# - name: e_DE_ICRS
#   unit: mas
#   datatype: float64
#   format: '{:7.4f}'
#   description: Standard error of declination (dec_error)
#   meta: !!omap
#   - {ucd: ERROR}
#   - {width: 7}
#   - {precision: '4'}
# - name: _r_1
#   unit: ''
#   datatype: float64
#   format: '{:7.4f}'
#   description: Distance from center (252.63381043000-45.06179548000)[ICRS], at Epoch=J2016.0
#   meta: !!omap
#   - {ucd: POS_ANG_DIST_GENERAL}
#   - {width: 7}
#   - {precision: '4'}
# - name: HIP
#   datatype: int32
#   description: '? HIP cross-id number, van Leeuwen, Cat. I/311 (hip_original_ext_source_id)'
#   meta: !!omap
#   - {ucd: ID_NUMBER}
#   - {width: 6}
#   - values: {'null': -2147483648}
# - name: TYC2
#   datatype: string
#   description: Tycho-2 cross-id name, Hog et al., Cat. I/259 (tyc2_original_ext_source_id)
#   meta: !!omap
#   - {ucd: ID_CROSSID}
#   - {_votable_string_dtype: char}
# - name: Source
#   datatype: int64
#   description: Source identifier, identical to the Gaia-EDR3 source_id (id)
#   meta: !!omap
#   - {ucd: ID_MAIN}
#   - {width: 19}
# - name: rgeo
#   unit: pc
#   datatype: float64
#   format: '{:15.8f}'
#   description: '? Median of the geometric distance posterior (r_med_geo)'
#   meta: !!omap
#   - {ucd: PHYS_DISTANCE_TRUE}
#   - {width: 15}
#   - {precision: '8'}
#   - values: {'null': .nan}
# - name: Plx
#   unit: mas
#   datatype: float64
#   format: '{:9.4f}'
#   description: '? Parallax (parallax)'
#   meta: !!omap
#   - {ucd: POS_PARLX_TRIG}
#   - {width: 9}
#   - {precision: '4'}
#   - values: {'null': .nan}
# - name: e_Plx
#   unit: mas
#   datatype: float32
#   format: '{:7.4f}'
#   description: '? Standard error of parallax (parallax_error)'
#   meta: !!omap
#   - {ucd: ERROR}
#   - {width: 7}
#   - {precision: '4'}
#   - values: {'null': .nan}
# - name: pmRA
#   unit: mas / yr
#   datatype: float64
#   format: '{:9.3f}'
#   description: '? Proper motion in right ascension direction, pmRA*cosDE (pmra)'
#   meta: !!omap
#   - {ucd: POS_EQ_PMRA}
#   - {width: 9}
#   - {precision: '3'}
#   - values: {'null': .nan}
# - name: pmDE
#   unit: mas / yr
#   datatype: float64
#   format: '{:9.3f}'
#   description: '? Proper motion in declination direction (pmdec)'
#   meta: !!omap
#   - {ucd: POS_EQ_PMDEC}
#   - {width: 9}
#   - {precision: '3'}
#   - values: {'null': .nan}
# - name: e_pmRA
#   unit: mas / yr
#   datatype: float32
#   format: '{:6.3f}'
#   description: '? Standard error of proper motion in right ascension direction (pmra_error)'
#   meta: !!omap
#   - {ucd: ERROR}
#   - {width: 6}
#   - {precision: '3'}
#   - values: {'null': .nan}
# - name: e_pmDE
[...]
#         value: !astropy.table.SerializedColumn {name: SkyCoord.dec}
#       distance: !astropy.table.SerializedColumn
#         __class__: astropy.coordinates.distances.Distance
#         unit: !astropy.units.Unit {unit: pc}
#         value: !astropy.table.SerializedColumn {name: SkyCoord.distance}
#       frame: icrs
#       obstime: !astropy.time.Time {format: jyear_str, in_subfmt: '*', jd1: 367701545.0, jd2: 0.0, out_subfmt: '*', precision: 3, scale: tt}
#       pm_dec: !astropy.table.SerializedColumn
#         __class__: astropy.units.quantity.Quantity
#         unit: !astropy.units.Unit {unit: mas / yr}
#         value: !astropy.table.SerializedColumn {name: SkyCoord.pm_dec}
#       pm_ra_cosdec: !astropy.table.SerializedColumn
#         __class__: astropy.units.quantity.Quantity
#         unit: !astropy.units.Unit {unit: mas / yr}
#         value: !astropy.table.SerializedColumn {name: SkyCoord.pm_ra_cosdec}
#       ra: !astropy.table.SerializedColumn
#         __class__: astropy.coordinates.angles.Longitude
#         unit: *id001
#         value: !astropy.table.SerializedColumn {name: SkyCoord.ra}
#         wrap_angle: !astropy.coordinates.Angle
#           unit: *id001
#           value: 360.0
#       representation_type: spherical
# schema: astropy-2.0
RA_ICRS_1 DE_ICRS_1 e_RA_ICRS e_DE_ICRS _r_1 HIP TYC2 Source rgeo Plx e_Plx pmRA pmDE e_pmRA e_pmDE RUWE Teff logg Gmag BP-RP BPmag RPmag RV e_RV b_rgeo B_rgeo FG e_FG FBP e_FBP FRP e_FRP RAVE5 RAVE6 e_Gmag e_BPmag e_RPmag e_BP-RP SkyCoord.ra SkyCoord.dec SkyCoord.distance SkyCoord.pm_ra_cosdec SkyCoord.pm_dec rmRA rmDE e_rmRA e_rmDE rRV e_rRV v_pec v_pec3d e_vpec e_vpec3d
[from data line 1299]
252.37006646816 -45.18220493358 0.0379 0.0279 13.2993 "" "" 5964249392653792640 2247.45166 0.4104 0.0432 0.655 2.172 0.054 0.044 1.017 6416.8 3.7552 16.024824 2.390694 17.29579 14.905096 "" "" 2042.08276 2487.57202 7328.53173 3.5178 1648.5 6.6445 8652.1 13.095 "" "" 0.002804176600891228 0.005190011 0.004121172 0.009311182 252.37006646816 -45.18220493358 2247.45166 0.6550000000000007 2.1720000000000024 3.2299444961547854 6.335944244384766 0.13744092 0.12744091 "" "" 75.76071739170432 "" 9.816075831373865 ""
252.41009208772 -45.17760587392 0.0402 0.0286 11.7472 "" "" 5964248980336927872 2363.07593 0.3705 0.0459 -2.93 -6.519 0.058 0.047 1.078 7708.6 3.3397 16.025745 3.137547 17.874353 14.736807 "" "" 2152.55981 2722.46313 7322.31587 3.7241 967.55 6.4739 10103.0 11.186 "" "" 0.0028101094940024738 0.007782077 0.0039659585 0.011748035 252.41009208772 -45.17760587392 2363.07593 -2.9300000000000006 -6.519 -0.355055503845215 -2.3550557556152345 0.14144091 0.13044092 "" "" 26.67703789783652 "" 3.4865674191499596 ""
252.42878478468 -45.18100617042 0.0371 0.0262 11.2474 "" "" 5964249014696662912 2467.25659 0.3641 0.0428 -1.049 -2.277 0.053 0.043 1.015 15007.4 3.9306 16.026323 2.8577 17.661749 14.804049 "" "" 2211.72534 2701.91724 7318.41659 3.8945 1176.8 8.1439 9496.0 12.122 "" "" 0.0028152466204231707 0.008015036 0.004025503 0.012040539 252.42878478468 -45.18100617042 2467.25659 -1.049 -2.277 1.5259444961547852 1.8869442443847655 0.13644092 0.12644091 "" "" 28.38022538357937 "" 3.703236246210768 ""
252.37098604319 -45.3199772447 0.0371 0.0257 19.0651 "" "" 5940228602626205312 2752.18042 0.3297 0.041 -4.65 -6.8 0.051 0.042 1.053 "" "" 16.026451 2.384096 17.273594 14.889498 "" "" 2449.93359 3084.06396 7317.55904 3.9801 1682.6 8.0729 8777.3 15.024 "" "" 0.0028178948226720425 0.0059094043 0.0042115953 0.010120999 252.37098604319 -45.3199772447 2752.18042 -4.65 -6.799999999999999 -2.075055503845215 -2.636055755615234 0.13444091 0.12544091 "" "" 43.76441710295671 "" 5.643788317086198 ""
252.48256607501 -44.87828657203 0.0389 0.0276 12.7456 "" "" 5964260765727835520 2321.76489 0.3952 0.0437 -2.611 -5.005 0.059 0.049 0.997 9117.5 4.4574 16.027363 1.777 16.755697 14.978698 "" "" 2111.06763 2628.06421 7311.42404 4.7272 2711.1 34.601 8085.0 56.496 "" "" 0.0028433376338349563 0.01413506 0.0084760925 0.022611152 252.48256607501 -44.87828657203 2321.76489 -2.6110000000000007 -5.005 -0.03605550384521505 -0.8410557556152343 0.14244092 0.13244091 "" "" 9.26445915523141 "" 1.2271697502862322 ""
252.62366913001 -44.82197575586 0.0602 0.0416 14.3956 "" "" 5964283821113281152 2156.29663 0.4551 0.0703 -0.947 -1.421 0.091 0.071 1.507 8965.0 3.6575 16.028374 1.581871 16.684057 15.102186 "" "" 1902.46399 2464.93408 7304.60945 5.1727 2896.0 11.413 7215.8 10.764 "" "" 0.0028605817156189184 0.0051081777 0.0041118003 0.009219978 252.62366913001 -44.82197575586 2156.29663 -0.947000000000001 -1.4210000000000003 1.627944496154785 2.7429442443847654 0.17444092 0.15444091 "" "" 32.60104856138673 "" 5.21264147323555 ""
252.45164078462 -45.12737873722 0.0385 0.0264 8.6615 "" "" 5964250659654236672 2431.37549 0.3792 0.0415 -1.26 -2.253 0.057 0.044 1.068 "" "" 16.02871 1.369025 16.633629 15.264604 "" "" 2234.3728 2725.0459 7302.35952 3.0876 3033.7 7.2428 6213.2 12.701 "" "" 0.0027933023090543 0.0038084418 0.0043828893 0.008191331 252.45164078462 -45.12737873722 2431.37549 -1.2600000000000013 -2.253000000000001 1.3149444961547851 1.9109442443847655 0.14044091 0.12744091 "" "" 26.73334319167627 "" 3.522340120492209 ""
252.2854146585 -45.25363045628 0.0376 0.0271 18.7019 "" "" 5940229736506401280 2411.37012 0.3907 0.0431 -0.764 0.37 0.055 0.043 1.071 5230.6 3.3198 16.029211 2.260611 17.206495 14.945884 "" "" 2187.68604 2629.19897 7298.98849 2.8491 1789.9 7.3256 8333.1 9.9162 "" "" 0.0027877235811325225 0.005246997 0.0039941203 0.009241117 252.2854146585 -45.25363045628 2411.37012 -0.764 0.37 1.8109444961547851 4.533944244384766 0.1384409 0.12644091 "" "" 55.8033738940649 "" 7.151683428961759 ""
252.47610710012 -45.3709782326 0.0388 0.0271 19.7121 "" "" 5940225063581773568 2249.87012 0.4284 0.0444 -1.698 -4.013 0.052 0.045 0.98 "" "" 16.029526 1.532135 16.72544 15.193304 "" "" 2071.7207 2475.54175 7296.86673 3.099 2787.7 11.57 6634.9 11.583 "" "" 0.0027936386031800426 0.005300094 0.004228053 0.009528147 252.47610710012 -45.3709782326 2249.87012 -1.6979999999999995 -4.013 0.8769444961547852 0.15094424438476572 0.13544092 0.12844092 "" "" 9.489599314096704 "" 1.2834166507824027 ""
252.84399376519 -45.34098384579 0.0379 0.0258 18.9622 "" "" 5964195035545174528 2140.21118 0.4326 0.0416 -1.845 -4.165 0.053 0.041 0.944 9239.2 4.0194 16.031923 1.522026 16.724699 15.202673 "" "" 1952.50037 2383.48169 7280.76667 2.944 2789.6 8.6547 6577.9 12.15 "" "" 0.002790076806138698 0.004373983 0.0042785024 0.008652486 252.84399376519 -45.34098384579 2140.21118 -1.8450000000000002 -4.165 0.7299444961547852 -0.0010557556152344105 0.13644092 0.124440916 "" "" 7.405003406034501 "" 1.0103452836841584 ""
252.921027099 -45.29408336123 0.039 0.0264 18.4882 "" "" 5964200941112109184 2397.91479 0.3825 0.0425 -0.793 -3.043 0.058 0.045 1.021 8068.5 3.402 16.032501 1.613096 16.785421 15.172325 "" "" 2170.09888 2683.05298 7276.8966 3.4095 2637.8 7.7141 6764.4 9.5514 "" "" 0.002801887485188528 0.004226912 0.004078484 0.008305396 252.921027099 -45.29408336123 2397.91479 -0.7929999999999993 -3.043 1.781944496154785 1.1209442443847655 0.14144091 0.12844092 "" "" 23.92788053017084 "" 3.299169054415222 ""
252.37776363161 -44.80306464322 0.0446 0.0284 18.9546 "" "" 5964273066514206080 2221.52563 0.4266 0.0451 -1.381 -2.627 0.065 0.048 1.024 "" "" 16.032837 1.365202 16.640476 15.275274 "" "" 1974.48877 2570.3689 7274.64765 2.859 3014.6 9.3049 6152.5 15.419 "" "" 0.002788165258257408 0.004360722 0.0046569924 0.009017714 252.37776363161 -44.80306464322 2221.52563 -1.3809999999999998 -2.627 1.1939444961547852 1.5369442443847658 0.14844091 0.13144091 "" "" 20.493565215105193 "" 2.829847874694404 ""
252.36389680094 -45.01961865705 0.0942 0.0676 11.7198 "" "" 5964264029905952896 2026.9707 0.4833 0.1049 -3.399 -3.264 0.135 0.114 0.928 3649.7 0.5216 16.034182 5.405021 19.849228 14.444207 "" "" 1690.96362 2677.89502 7265.64802 7.3948 156.94 7.8542 13227.0 16.636 "" "" 0.0029686518405914056 0.05440821 0.004018518 0.05842673 252.36389680094 -45.01961865705 2026.9707 -3.3989999999999982 -3.264000000000002 -0.8240555038452149 0.8999442443847658 0.21844092 0.19744092 "" "" 11.723799051467736 "" 2.430136811802602 ""
252.50923077219 -45.25772791977 0.037 0.0264 12.8834 "" "" 5964245578722797440 2209.1814 0.4204 0.042 -3.389 -4.151 0.051 0.044 1.005 "" "" 16.034441 1.59263 16.774555 15.181925 "" "" 2022.46436 2454.04907 7263.91284 3.1197 2664.4 7.3839 6704.8 10.695 "" "" 0.0027944992722006637 0.0041034925 0.0041573015 0.008260794 252.50923077219 -45.25772791977 2209.1814 -3.3890000000000002 -4.151 -0.8140555038452146 0.012944244384765824 0.13444091 0.12744091 "" "" 8.525475941438078 "" 1.1461580835078922 ""
252.40823242714 -44.86428251162 0.0473 0.0306 15.2366 "" "" 5964272276243270400 2017.34387 0.4779 0.0481 -2.21 -3.801 0.064 0.051 1.022 5692.2 4.1961 16.034874 1.568019 16.516508 14.948489 "" "" 1815.271 2166.09619 7261.01557 6.0756 3379.2 44.458 8313.1 104.86 "" "" 0.002901228740195822 0.014554296 0.014207204 0.028761499 252.40823242714 -44.86428251162 2017.34387 -2.209999999999998 -3.8009999999999975 0.3649444961547852 0.36294424438476547 0.14744091 0.13444091 "" "" 4.921640845726673 "" 0.6945734516979399 ""
252.24002842583 -45.184213166 0.0404 0.0271 18.2172 "" "" 5940242174731799296 2319.85352 0.3913 0.0413 -0.284 -1.111 0.054 0.044 0.933 8597.6 3.5069 16.034964 1.792701 16.895096 15.102395 "" "" 2112.08984 2582.44824 7260.41489 3.0607 2384.4 8.9485 7214.4 14.304 "" "" 0.0027930773871977974 0.004938442 0.00434946 0.009287901 252.24002842583 -45.184213166 2319.85352 -0.28400000000000003 -1.1110000000000002 2.2909444961547853 3.052944244384766 0.13744092 0.12744091 "" "" 41.97128013655208 "" 5.503748996025926 ""
252.90689818491 -45.0446310435 0.0395 0.0273 11.6211 "" "" 5964230632235529600 2532.36694 0.3754 0.0468 -1.654 -2.933 0.058 0.046 1.036 7996.8 3.876 16.03542 1.363666 16.641197 15.277531 "" "" 2262.74609 2810.61279 7257.37042 2.8523 3012.6 10.434 6139.7 15.911 "" "" 0.0027881673221360434 0.0046824813 0.0047117425 0.009394224 252.90689818491 -45.0446310435 2532.36694 -1.6539999999999995 -2.9330000000000003 0.9209444961547852 1.2309442443847658 0.14144091 0.12944092 "" "" 18.453134480401417 "" 2.4703423931352337 ""
252.47629013364 -45.33200071432 0.0356 0.0258 17.527 "" "" 5940225785136308352 2227.7998 0.4199 0.042 -0.019 -1.996 0.049 0.044 1.006 7644.5 3.5187 16.035748 1.646574 16.809746 15.163172 "" "" 2040.08594 2415.80957 7255.17399 3.0044 2579.4 9.2152 6821.7 7.5626 "" "" 0.002791762336863758 0.0047781835 0.0039664237 0.008744607 252.47629013364 -45.33200071432 2227.7998 -0.019000000000000017 -1.996 2.555944496154785 2.1679442443847656 0.13244091 0.12744091 "" "" 35.391517351290375 "" 4.614068998222857 ""
252.44152328366 -45.12022815497 0.0396 0.0272 8.8676 "" "" 5964250728373743104 2546.13037 0.3566 0.0438 0.022 -1.178 0.063 0.047 1.057 6864.7 2.8579 16.03868 2.962037 17.76095 14.798913 "" "" 2277.9082 2842.7373 7235.61116 3.8014 1074.1 5.9118 9541.0 12.892 "" "" 0.0028137457676532646 0.0065951324 0.004054136 0.0106492685 252.44152328366 -45.12022815497 2546.13037 0.022000000000000353 -1.178 2.596944496154785 2.9859442443847657 0.14644092 0.13044092 "" "" 47.75893484912356 "" 6.569710260124772 ""
252.19977443166 -45.15251315426 0.0394 0.0268 19.1691 "" "" 5940243098141840512 2290.4104 0.3985 0.0417 -9.021 -4.52 0.057 0.043 1.01 6766.5 3.7594 16.041092 2.178974 17.169424 14.99045 "" "" 2100.05957 2520.06445 7219.54154 2.9798 1852.0 9.201 7997.9 10.874 "" "" 0.0027915242895441643 0.0060729957 0.00405744 0.010130435 252.19977443166 -45.15251315426 2290.4104 -9.020999999999997 -4.520000000000001 -6.446055503845216 -0.35605575561523395 0.14044091 0.12644091 "" "" 70.08857103832965 "" 9.840466432757628 ""
252.53264993729 -44.92128397268 0.0482 0.0347 9.4606 "" "" 5964259494417494016 2645.26074 0.3406 0.0541 -1.557 -2.798 0.068 0.057 0.991 "" "" 16.041151 3.814388 18.455883 14.641495 "" "" 2316.11865 2982.95605 7219.1507 3.987 566.32 7.0808 11030.0 12.814 "" "" 0.0028198133543686035 0.013858926 0.003984309 0.017843235 252.53264993729 -44.92128397268 2645.26074 -1.5569999999999995 -2.798 1.0179444961547852 1.3659442443847656 0.15144092 0.14044091 "" "" 21.359772866349317 "" 3.0857356056155334 ""
252.61245499523 -45.01622726944 0.0411 0.028 2.8801 "" "" 5964255813615711488 2039.00061 0.4611 0.0428 -1.85 -3.608 0.057 0.046 1.025 9301.9 4.3431 16.041643 1.329433 16.62388 15.294448 "" "" 1852.46814 2227.40601 7215.87738 2.8916 3061.0 10.006 6044.8 10.897 "" "" 0.002789460107409888 0.0045145703 0.004256126 0.008770697 252.61245499523 -45.01622726944 2039.00061 -1.85 -3.6080000000000014 0.7249444961547851 0.5559442443847655 0.14044091 0.12944092 "" "" 8.829573121023518 "" 1.2049791930729463 ""
252.33965327736 -45.29050005166 0.0401 0.0279 18.5228 "" "" 5940229388603241856 2521.49341 0.3779 0.0453 -0.672 -1.427 0.058 0.046 1.056 7650.5 3.1695 16.04348 2.218629 17.192423 14.973794 "" "" 2226.49365 2908.43481 7203.68758 3.4601 1813.2 9.2094 8121.6 13.328 "" "" 0.0028042389988468816 0.006180234 0.004178322 0.010358555 252.33965327736 -45.29050005166 2521.49341 -0.6719999999999999 -1.427 1.902944496154785 2.7369442443847656 0.14144091 0.12944092 "" "" 39.84129977527218 "" 5.317619686641251 ""
252.41767071418 -44.90633781899 0.0466 0.0321 13.082 "" "" 5964259009074422272 2058.99121 0.4321 0.0519 -2.628 -2.881 0.069 0.056 0.967 10083.9 3.6374 16.043991 3.748375 18.402264 14.653889 "" "" 1866.94214 2324.06567 7200.30054 4.8298 594.99 6.2788 10904.0 15.742 "" "" 0.0028499459788246927 0.0117923785 0.0040915376 0.015883915 252.41767071418 -44.90633781899 2058.99121 -2.628 -2.8809999999999993 -0.05305550384521496 1.2829442443847658 0.1524409 0.13944092 "" "" 12.53174830466725 "" 1.747729639307793 ""
252.45540410571 -44.7973608846 0.0492 0.0321 17.5831 "" "" 5964284680107211008 2549.50317 0.3868 0.0503 -1.197 -1.349 0.071 0.056 1.125 "" "" 16.044214 1.694052 16.811064 15.117012 "" "" 2203.53418 3076.7085 7198.8208 3.4291 2576.3 9.4742 7117.9 14.974 "" "" 0.00280343828758083 0.0048710345 0.0044159624 0.009286997 252.45540410571 -44.7973608846 2549.50317 -1.1970000000000003 -1.349 1.377944496154785 2.8149442443847654 0.15444091 0.13944092 "" "" 37.874600346645494 "" 5.395753233530654 ""
252.20857858405 -45.14629954848 0.0403 0.0266 18.7084 "" "" 5940243132501587328 2699.36304 0.3509 0.0427 -0.743 -1.325 0.055 0.042 0.999 "" "" 16.044468 1.79431 16.903013 15.108704 "" "" 2416.80396 3146.6123 7197.12878 3.0164 2367.1 9.0935 7172.6 9.19 "" "" 0.0027926430131865972 0.0050181844 0.004027273 0.0090454575 252.20857858405 -45.14629954848 2699.36304 -0.7430000000000001 -1.3250000000000002 1.8319444961547853 2.8389442443847654 0.1384409 0.12544091 "" "" 43.23042318968705 "" 5.593944268810395 ""
252.59302853507 -45.2711119597 0.0397 0.0295 12.6769 "" "" 5964244651010039680 2242.65869 0.4133 0.0462 -2.062 -3.659 0.056 0.048 1.09 8042.9 3.8899 16.04506 1.734492 16.860836 15.126344 "" "" 2033.05908 2523.67432 7193.21084 3.4851 2460.8 9.0159 7057.0 11.007 "" "" 0.002805085545503953 0.0048589064 0.0041414383 0.009000344 252.59302853507 -45.2711119597 2242.65869 -2.062 -3.659 0.5129444961547853 0.5049442443847658 0.13944092 0.13144091 "" "" 7.65138845468988 "" 1.0372436506760694 ""
252.45007591976 -44.91793563902 0.0374 0.0271 11.6315 "" "" 5964260215971751936 2112.37842 0.4411 0.0425 -1.729 -3.5 0.053 0.044 0.975 "" "" 16.045645 1.793828 16.909094 15.115266 "" "" 1958.23975 2283.86523 7189.3337 2.9179 2353.9 6.3675 7129.4 10.441 "" "" 0.0027903356113121625 0.0040510576 0.004100246 0.008151304 252.45007591976 -44.91793563902 2112.37842 -1.729000000000001 -3.5 0.8459444961547851 0.6639442443847656 0.13644092 0.12744091 "" "" 10.767437927522574 "" 1.4329525390313564 ""
252.73782033986 -45.05929991904 0.0382 0.0261 4.4106 "" "" 5964207886087573504 2115.38013 0.4508 0.0427 -0.991 -4.018 0.055 0.045 1.004 "" "" 16.046097 1.572924 16.777779 15.204855 "" "" 1907.56177 2321.55347 7186.3493 3.0591 2656.5 5.7178 6564.7 9.7902 "" "" 0.0027938142871990253 0.0036395374 0.004111635 0.0077511724 252.73782033986 -45.05929991904 2115.38013 -0.9909999999999999 -4.018 1.583944496154785 0.14594424438476583 0.1384409 0.12844092 "" "" 15.9493306672803 "" 2.2067452606262803 ""
252.62478161839 -45.03200057771 0.038 0.0284 1.8282 "" "" 5964255749205971968 2173.39966 0.4411 0.0444 -2.228 -4.587 0.056 0.049 1.029 9001.0 4.2448 16.046766 1.572473 16.76081 15.188338 "" "" 1972.63623 2438.88696 7181.91417 3.4085 2698.3 11.465 6665.3 11.973 "" "" 0.0028030889939879952 0.005391404 0.004252941 0.009644344 252.62478161839 -45.03200057771 2173.39966 -2.228 -4.587 0.34694449615478495 -0.4230557556152341 0.13944092 0.13244091 "" "" 5.636443290108748 "" 0.7626064492609661 ""
252.62539365064 -45.13338097091 0.0426 0.0279 4.3099 "" "" 5964252828627826304 2089.32031 0.4437 0.0492 0.786 -1.602 0.059 0.048 1.0 "" "" 16.047205 1.623037 16.801239 15.178202 "" "" 1902.38 2300.50317 7179.00903 3.2633 2599.7 11.018 6727.9 13.015 "" "" 0.0027991721800428677 0.0053813825 0.004323788 0.009705171 252.62539365064 -45.13338097091 2089.32031 0.7859999999999998 -1.6020000000000008 3.360944496154785 2.5619442443847653 0.14244092 0.13144091 "" "" 41.85218065802118 "" 5.796521622785255 ""
