Clusters/LP_1342/LP_1342_members.tsv
# %ECSV 1.0
# ---
# datatype:
# - name: RA_ICRS_1
#   unit: deg
#   datatype: float64
#   format: '{:15.11f}'
#   description: Right ascension (ICRS) at Ep=2016.0 (ra)
#   meta: !!omap
#   - {ucd: POS_EQ_RA_MAIN}
#   - {width: 15}
#   - {precision: '11'}
# - name: DE_ICRS_1
#   unit: deg
#   datatype: float64
#   format: '{:15.11f}'
#   description: Declination (ICRS) at Ep=2016.0 (dec)
#   meta: !!omap
#   - {ucd: POS_EQ_DEC_MAIN}
#   - {width: 15}
#   - {precision: '11'}
# - name: e_RA_ICRS
#   unit: mas
#   datatype: float64
#   format: '{:7.4f}'
#   description: Standard error of right ascension (ra_error)
#   meta: !!omap
#   - {ucd: ERROR}
#   - {width: 7}
#   - {precision: '4'}
# - name: e_DE_ICRS
#   unit: mas
#   datatype: float64
#   format: '{:7.4f}'
#   description: Standard error of declination (dec_error)
#   meta: !!omap
#   - {ucd: ERROR}
#   - {width: 7}
#   - {precision: '4'}
# - name: _r_1
#   unit: ''
#   datatype: float64
#   format: '{:7.4f}'
#   description: Distance from center (023.50351764000+61.68130011000)[ICRS], at Epoch=J2016.0
#   meta: !!omap
#   - {ucd: POS_ANG_DIST_GENERAL}
#   - {width: 7}
#   - {precision: '4'}
# - name: HIP
#   datatype: int32
#   description: '? HIP cross-id number, van Leeuwen, Cat. I/311 (hip_original_ext_source_id)'
#   meta: !!omap
#   - {ucd: ID_NUMBER}
#   - {width: 6}
#   - values: {'null': -2147483648}
# - name: TYC2
#   datatype: string
#   description: Tycho-2 cross-id name, Hog et al., Cat. I/259 (tyc2_original_ext_source_id)
#   meta: !!omap
#   - {ucd: ID_CROSSID}
#   - {_votable_string_dtype: char}
# - name: Source
#   datatype: int64
#   description: Source identifier, identical to the Gaia-EDR3 source_id (id)
#   meta: !!omap
#   - {ucd: ID_MAIN}
#   - {width: 19}
# - name: rgeo
#   unit: pc
#   datatype: float64
#   format: '{:15.8f}'
#   description: '? Median of the geometric distance posterior (r_med_geo)'
#   meta: !!omap
#   - {ucd: PHYS_DISTANCE_TRUE}
#   - {width: 15}
#   - {precision: '8'}
#   - values: {'null': .nan}
# - name: Plx
#   unit: mas
#   datatype: float64
#   format: '{:9.4f}'
#   description: '? Parallax (parallax)'
#   meta: !!omap
#   - {ucd: POS_PARLX_TRIG}
#   - {width: 9}
#   - {precision: '4'}
#   - values: {'null': .nan}
# - name: e_Plx
#   unit: mas
#   datatype: float32
#   format: '{:7.4f}'
#   description: '? Standard error of parallax (parallax_error)'
#   meta: !!omap
#   - {ucd: ERROR}
#   - {width: 7}
#   - {precision: '4'}
#   - values: {'null': .nan}
# - name: pmRA
#   unit: mas / yr
#   datatype: float64
#   format: '{:9.3f}'
#   description: '? Proper motion in right ascension direction, pmRA*cosDE (pmra)'
#   meta: !!omap
#   - {ucd: POS_EQ_PMRA}
#   - {width: 9}
#   - {precision: '3'}
#   - values: {'null': .nan}
# - name: pmDE
#   unit: mas / yr
#   datatype: float64
#   format: '{:9.3f}'
#   description: '? Proper motion in declination direction (pmdec)'
#   meta: !!omap
#   - {ucd: POS_EQ_PMDEC}
#   - {width: 9}
#   - {precision: '3'}
#   - values: {'null': .nan}
# - name: e_pmRA
#   unit: mas / yr
#   datatype: float32
#   format: '{:6.3f}'
#   description: '? Standard error of proper motion in right ascension direction (pmra_error)'
#   meta: !!omap
#   - {ucd: ERROR}
#   - {width: 6}
#   - {precision: '3'}
#   - values: {'null': .nan}
# - name: e_pmDE
[...]
#       distance: !astropy.table.SerializedColumn
#         __class__: astropy.coordinates.distances.Distance
#         unit: !astropy.units.Unit {unit: pc}
#         value: !astropy.table.SerializedColumn {name: SkyCoord.distance}
#       frame: icrs
#       obstime: !astropy.time.Time {format: jyear_str, in_subfmt: '*', jd1: 367701545.0, jd2: 0.0, out_subfmt: '*', precision: 3, scale: tt}
#       pm_dec: !astropy.table.SerializedColumn
#         __class__: astropy.units.quantity.Quantity
#         unit: !astropy.units.Unit {unit: mas / yr}
#         value: !astropy.table.SerializedColumn {name: SkyCoord.pm_dec}
#       pm_ra_cosdec: !astropy.table.SerializedColumn
#         __class__: astropy.units.quantity.Quantity
#         unit: !astropy.units.Unit {unit: mas / yr}
#         value: !astropy.table.SerializedColumn {name: SkyCoord.pm_ra_cosdec}
#       ra: !astropy.table.SerializedColumn
#         __class__: astropy.coordinates.angles.Longitude
#         unit: *id001
#         value: !astropy.table.SerializedColumn {name: SkyCoord.ra}
#         wrap_angle: !astropy.coordinates.Angle
#           unit: *id001
#           value: 360.0
#       representation_type: spherical
# schema: astropy-2.0
RA_ICRS_1 DE_ICRS_1 e_RA_ICRS e_DE_ICRS _r_1 HIP TYC2 Source rgeo Plx e_Plx pmRA pmDE e_pmRA e_pmDE RUWE Teff logg Gmag BP-RP BPmag RPmag RV e_RV b_rgeo B_rgeo FG e_FG FBP e_FBP FRP e_FRP RAVE5 RAVE6 e_Gmag e_BPmag e_RPmag e_BP-RP SkyCoord.ra SkyCoord.dec SkyCoord.distance SkyCoord.pm_ra_cosdec SkyCoord.pm_dec rmRA rmDE e_rmRA e_rmDE rRV e_rRV v_pec v_pec3d e_vpec e_vpec3d Pmemb
[from data line 31]
23.47838883295 61.61063502123 0.0109 0.0129 4.2999 "" "" 510021426476176000 2839.36768 0.3255 0.0179 -1.399 -0.503 0.014 0.017 1.009 8748.5 3.4676 14.628187 0.825808 14.951103 14.125295 "" "" 2668.03076 2996.30664 26526.0035 5.027 14288.0 16.129 17744.0 12.19 "" "" 0.002762992337789273 0.0030474947 0.003852283 0.006899778 23.47838883295 61.61063502123 2839.36768 -1.399 -0.5029999999999997 0.10155718421936033 -0.08359999346733094 0.19755635 0.20055635 "" "" 1.7703471181503805 "" 0.35189820009366396 "" 0.88
23.27465392795 61.80280181856 0.0118 0.0141 9.7679 "" "" 510775725807197440 2951.23218 0.3072 0.0186 -1.468 -0.398 0.015 0.019 1.036 15006.2 4.0842 14.630488 1.130472 15.102228 13.971756 "" "" 2789.27246 3123.2583 26469.84202 5.0026 12432.0 11.723 20439.0 16.025 "" "" 0.002762950374692759 0.002972078 0.003874064 0.006846142 23.27465392795 61.80280181856 2951.23218 -1.4679999999999995 -0.39799999999999996 0.03255718421936038 0.021400006532669047 0.19855635 0.20255634 "" "" 0.5450140103229053 "" 0.10887831279585417 "" 0.92
23.81280274538 61.52859553571 0.021 0.0274 12.721 "" "" 510017646905028992 2641.00342 0.36 0.0357 -1.585 -0.561 0.026 0.035 2.164 9731.1 3.7725 14.651615 1.014778 15.059745 14.044967 "" "" 2411.25513 2865.31641 25959.75362 7.2403 12928.0 13.951 19106.0 13.785 "" "" 0.0027719104542878762 0.0030261881 0.0038597123 0.0068859 23.81280274538 61.52859553571 2641.00342 -1.585 -0.5609999999999994 -0.08444281578063961 -0.141599993467331 0.20955634 0.21855634 "" "" 2.06386457744082 "" 0.4462726767598204 "" 0.84
23.66172648388 61.67543543947 0.0115 0.0136 4.5172 "" "" 510022629066960768 2836.98535 0.3228 0.0196 -1.148 -0.366 0.015 0.019 0.949 11094.0 3.724 14.729636 0.866954 15.070683 14.203729 "" "" 2703.50537 2980.61084 24159.7336 3.9027 12798.0 13.108 16507.0 12.334 "" "" 0.0027608965919286195 0.0030036096 0.0038654716 0.0068690814 23.66172648388 61.67543543947 2836.98535 -1.1480000000000001 -0.36599999999999977 0.35255718421936044 0.053400006532669075 0.19855635 0.20255634 "" "" 4.795019983667388 "" 0.9525160458811001 "" 0.86
23.70754717969 61.66255972332 0.0119 0.014 5.9168 "" "" 510022457268279552 2635.67212 0.3485 0.0201 -1.293 -0.196 0.015 0.019 0.975 10307.8 3.6348 14.74328 0.932518 15.115479 14.182961 "" "" 2490.66602 2789.69556 23858.03499 3.9851 12281.0 12.489 16826.0 11.186 "" "" 0.002761282117897801 0.00300069 0.003847691 0.006848381 23.70754717969 61.66255972332 2635.67212 -1.2930000000000001 -0.19600000000000006 0.20755718421936042 0.22340000653266906 0.19855635 0.20255634 "" "" 3.8096240647787782 "" 0.7646414760595781 "" 0.89
23.71371643116 61.95513778467 0.0121 0.0136 17.4765 "" "" 511533873433981184 2987.19116 0.305 0.0187 -1.049 -0.35 0.016 0.019 0.988 "" "" 14.770214 1.177194 15.26648 14.089287 "" "" 2843.58203 3148.31128 23273.4672 15.464 10686.0 21.358 18342.0 56.897 "" "" 0.002848197449034024 0.0035347086 0.0050623002 0.008597009 23.71371643116 61.95513778467 2987.19116 -1.049 -0.35000000000000064 0.4515571842193604 0.06940000653266909 0.19955635 0.20255634 "" "" 6.468798924752909 "" 1.2913410085419763 "" 0.8
23.71292801796 61.76290058526 0.0119 0.0146 7.7073 "" "" 510029187471382528 2838.71021 0.3193 0.0204 -1.58 -0.525 0.016 0.02 1.003 8776.5 3.7394 14.784142 1.246392 15.310342 14.06395 "" "" 2677.09253 3004.05347 22976.80663 4.8273 10263.0 11.437 18775.0 14.059 "" "" 0.002764746332532284 0.0030412155 0.0038658404 0.006907056 23.71292801796 61.76290058526 2838.71021 -1.5800000000000005 -0.5249999999999999 -0.07944281578063972 -0.10559999346733095 0.19955635 0.20355634 "" "" 1.7780863777099527 "" 0.35938652381504016 "" 0.83
24.08222888645 61.74546243581 0.0122 0.0153 16.8988 "" "" 510026752235512576 2712.56152 0.3348 0.0198 -1.387 -0.26 0.016 0.021 1.016 11438.5 3.8766 14.809034 0.962362 15.194122 14.23176 "" "" 2596.8396 2870.6499 22456.03187 7.6706 11423.0 16.336 16086.0 15.032 "" "" 0.0027801678517279326 0.00319311 0.0039131995 0.0071063098 24.08222888645 61.74546243581 2712.56152 -1.387 -0.26000000000000023 0.11355718421936034 0.15940000653266906 0.19955635 0.20455635 "" "" 2.5163886248411163 "" 0.5105420708533636 "" 0.93
23.17760779249 61.88970379624 0.0133 0.016 15.5506 "" "" 510779917695214464 2397.30054 0.3889 0.0214 -1.456 -0.367 0.017 0.022 1.047 9597.6 3.7897 14.871591 0.915518 15.237357 14.321839 "" "" 2298.47363 2534.10059 21198.76541 4.3362 10977.0 12.741 14805.0 10.167 "" "" 0.002764256142006754 0.003061566 0.0038522272 0.0069137933 23.17760779249 61.88970379624 2397.30054 -1.456 -0.367 0.04455718421936039 0.052400006532669074 0.20055635 0.20555635 "" "" 0.7815954860007175 "" 0.15903368037436938 "" 0.91
23.61134869907 61.61347983892 0.0121 0.0142 5.0989 "" "" 510021976231986048 2587.0415 0.358 0.0203 -1.815 -0.282 0.015 0.019 1.047 9584.1 3.6465 14.880826 0.945612 15.260776 14.315164 "" "" 2450.86157 2715.69116 21019.20957 3.8583 10743.0 12.168 14897.0 15.025 "" "" 0.002762518647600354 0.003049154 0.003934831 0.006983985 23.61134869907 61.61347983892 2587.0415 -1.815000000000001 -0.28199999999999964 -0.3144428157806396 0.1374000065326691 0.19855635 0.20255634 "" "" 4.207923275724233 "" 0.8382311683017365 "" 0.91
23.25545118174 61.50888618034 0.0134 0.0151 12.5358 "" "" 510747653900016896 2882.95093 0.3155 0.0208 -1.625 -0.49 0.017 0.019 0.953 10039.2 3.6579 14.895806 0.744641 15.179248 14.434607 "" "" 2704.90088 3048.17798 20731.18263 4.3526 11580.0 10.769 13345.0 10.926 "" "" 0.002764733776276696 0.0029672438 0.0038825148 0.0068497583 23.25545118174 61.50888618034 2882.95093 -1.625 -0.490000000000001 -0.12444281578063965 -0.07059999346733092 0.20055635 0.20255634 "" "" 1.9551427654195748 "" 0.3930720003781361 "" 0.8
23.64961409453 61.86004534042 0.0134 0.0149 11.4983 "" "" 510031940555955712 2996.92993 0.3002 0.0211 -1.644 -0.266 0.017 0.02 1.003 11218.7 3.73 14.93741 1.12754 15.408134 14.280595 "" "" 2802.43872 3175.76611 19951.81725 4.8782 9379.1 12.24 15379.0 12.974 "" "" 0.002768078608487616 0.0031293295 0.0038887896 0.007018119 23.64961409453 61.86004534042 2996.92993 -1.644 -0.2659999999999998 -0.14344281578063955 0.15340000653266905 0.20055635 0.20355634 "" "" 2.983394443384261 "" 0.6031301979900717 "" 0.88
23.40170221709 61.70449101154 0.0132 0.0162 3.2137 "" "" 510774037878431488 2597.46606 0.3517 0.0219 -1.598 -0.413 0.016 0.021 0.992 10549.1 3.8197 14.946183 1.131026 15.413298 14.282271 "" "" 2442.82202 2750.67627 19791.25309 4.2957 9334.6 12.289 15355.0 10.778 "" "" 0.0027653796849298504 0.0031349882 0.0038554538 0.006990442 23.40170221709 61.70449101154 2597.46606 -1.5979999999999999 -0.4130000000000002 -0.09744281578063974 0.006400006532669089 0.19955635 0.20455635 "" "" 1.2022997755245264 "" 0.23995269877921893 "" 0.89
23.66733429077 61.92738150109 0.0134 0.0149 15.478 "" "" 510783216230261888 2719.66675 0.3322 0.0212 -1.69 -0.167 0.017 0.021 1.011 10413.9 3.5361 14.967698 1.037328 15.391327 14.353999 "" "" 2578.13281 2869.2666 19402.9365 3.8864 9525.5 9.127 14373.0 10.217 "" "" 0.0027638892325252545 0.0029778015 0.0038573812 0.0068351827 23.66733429077 61.92738150109 2719.66675 -1.69 -0.16700000000000004 -0.1894428157806396 0.25240000653266903 0.20055635 0.20455635 "" "" 4.068285010409561 "" 0.8263664722915871 "" 0.92
23.80322656784 61.64222005057 0.0132 0.0165 8.8521 "" "" 510025240407105536 2781.4939 0.3309 0.0224 -1.453 -0.532 0.017 0.023 1.009 "" "" 15.069893 1.095142 15.526074 14.430932 "" "" 2629.79419 2999.47925 17659.95864 3.4819 8413.7 10.464 13390.0 9.3534 "" "" 0.0027636234065070465 0.0030997416 0.0038547292 0.0069544706 23.80322656784 61.64222005057 2781.4939 -1.4529999999999998 -0.5320000000000001 0.04755718421936028 -0.11259999346733096 0.20055635 0.20655635 "" "" 1.611529314276311 "" 0.33142601293618756 "" 0.89
23.16127758945 61.88640120414 0.0145 0.0182 15.6747 "" "" 510779917695389824 2564.79565 0.3653 0.0243 -1.715 -0.483 0.019 0.025 0.939 "" "" 15.133776 0.869233 15.477122 14.607889 "" "" 2395.66919 2760.14526 16650.8515 4.0328 8801.7 15.178 11376.0 13.503 "" "" 0.0027678401187785865 0.0033601345 0.003993066 0.0073532006 23.16127758945 61.88640120414 2564.79565 -1.7149999999999999 -0.48299999999999993 -0.21444281578063973 -0.06359999346733092 0.20255634 0.20855635 "" "" 2.7192511115499 "" 0.5521385764027092 "" 0.88
23.47946070737 61.94527957783 0.0156 0.0187 15.8534 "" "" 510783834705545856 2616.19482 0.3526 0.0238 -1.443 -0.406 0.019 0.024 1.026 7997.9 4.0066 15.175277 1.028146 15.593978 14.565832 "" "" 2490.80273 2784.7356 16026.40115 3.633 7903.6 12.261 11826.0 12.276 "" "" 0.002766291080863621 0.0032591396 0.003943852 0.0072029918 23.47946070737 61.94527957783 2616.19482 -1.443 -0.40599999999999986 0.05755718421936029 0.01340000653266904 0.20255634 0.20755635 "" "" 0.7328410159697707 "" 0.14863219262860186 "" 0.83
23.92001539893 61.84847765844 0.0148 0.0182 15.5043 "" "" 511529441027783168 2545.83667 0.3643 0.0249 -1.42 -0.454 0.019 0.025 1.023 "" "" 15.273143 1.133693 15.749989 14.616296 "" "" 2422.59619 2720.37012 14645.00435 3.1201 6845.8 11.193 11289.0 11.638 "" "" 0.0027650128236976243 0.0033070187 0.003941645 0.0072486633 23.92001539893 61.84847765844 2545.83667 -1.42 -0.45399999999999996 0.08055718421936042 -0.03459999346733095 0.20255634 0.20855635 "" "" 1.0579778380558178 "" 0.21530108205752874 "" 0.91
23.40646712324 61.57111768777 0.0163 0.0185 7.1667 "" "" 510020945439875456 2632.53955 0.3495 0.026 -1.313 -0.2 0.02 0.025 0.96 9006.9 3.5135 15.287953 0.911655 15.651218 14.739564 "" "" 2495.14771 2812.92188 14446.59341 3.2288 7497.7 10.734 10077.0 13.41 "" "" 0.0027659851359636573 0.0031939244 0.0040461477 0.007240072 23.40646712324 61.57111768777 2632.53955 -1.313 -0.2 0.1875571842193604 0.21940000653266906 0.20355634 0.20855635 "" "" 3.6017403075128347 "" 0.7436151964722689 "" 0.8
23.05405829583 61.77383932025 0.0163 0.02 13.9281 "" "" 510777649952559488 2901.0 0.3178 0.0258 -1.484 -0.467 0.021 0.027 1.029 9887.4 3.5724 15.302057 1.049265 15.728806 14.679542 "" "" 2706.9126 3058.65552 14260.14163 3.253 6980.6 8.6928 10650.0 9.5528 "" "" 0.002766429643793026 0.0031004958 0.0039028411 0.007003337 23.05405829583 61.77383932025 2901.0 -1.484 -0.46699999999999997 0.016557184219360366 -0.04759999346733096 0.20455635 0.21055634 "" "" 0.6930017897199233 "" 0.14547285573794136 "" 0.87
23.309718817 61.89814233318 0.0161 0.0182 14.124 "" "" 510784968576746368 2419.88232 0.3916 0.024 -1.432 -0.47 0.02 0.024 0.996 9463.2 3.7152 15.305881 0.97874 15.69689 14.71815 "" "" 2279.62158 2576.53882 14210.01205 3.2387 7188.9 17.895 10278.0 9.4572 "" "" 0.002766410057117048 0.0038845195 0.0039091925 0.007793712 23.309718817 61.89814233318 2419.88232 -1.4320000000000008 -0.47 0.06855718421936041 -0.050599993467330906 0.20355634 0.20755635 "" "" 0.977359330553674 "" 0.20033504612066277 "" 0.8
23.13215979691 61.55424364989 0.017 0.02 13.0497 "" "" 510748719051855616 3000.36914 0.3055 0.0267 -1.783 -0.344 0.022 0.025 1.144 9272.7 3.4474 15.314805 1.069526 15.754623 14.685098 "" "" 2799.45801 3223.11792 14093.69384 3.3078 6816.6 10.911 10595.0 12.694 "" "" 0.002767078638122614 0.0032871403 0.003996986 0.0072841262 23.13215979691 61.55424364989 3000.36914 -1.783 -0.344 -0.28244281578063957 0.0754000065326691 0.20555635 0.20855635 "" "" 4.1574994662208455 "" 0.8554357872182161 "" 0.81
23.75755133507 61.47021181261 0.0156 0.0196 14.5961 "" "" 510015963277899392 2856.27588 0.3284 0.0257 -1.645 -0.544 0.018 0.026 0.97 9262.6 4.2308 15.365429 0.7277 15.646037 14.918337 "" "" 2640.07959 3046.85425 13451.64098 3.2963 7533.6 10.732 8547.2 8.4873 "" "" 0.002768135849071594 0.0031901863 0.0039301505 0.007120337 23.75755133507 61.47021181261 2856.27588 -1.6449999999999994 -0.5440000000000006 -0.14444281578063967 -0.12459999346733097 0.20155635 0.20955634 "" "" 2.582634039419258 "" 0.5294598651931629 "" 0.84
23.22670929863 61.52972015113 0.0157 0.0181 12.0455 "" "" 510747722619472000 2436.98096 0.385 0.0249 -1.481 -0.559 0.02 0.023 1.014 8769.4 3.6436 15.367587 0.912251 15.72393 14.811679 "" "" 2320.71509 2603.03516 13424.92155 2.9582 7012.0 11.568 9429.5 9.5073 "" "" 0.002765687407633553 0.003315629 0.003934728 0.007250357 23.22670929863 61.52972015113 2436.98096 -1.481 -0.559 0.019557184219360257 -0.13959999346733099 0.20355634 0.20655635 "" "" 1.6283074997892266 "" 0.3362438952364311 "" 0.86
23.56959454125 61.78022600854 0.0164 0.0188 6.2255 "" "" 510029844611946752 2974.83032 0.3053 0.0266 -1.595 -0.311 0.022 0.026 1.029 8085.4 3.4841 15.395593 1.205318 15.907076 14.701758 "" "" 2799.83423 3206.97266 13083.06869 3.2308 5923.6 7.8692 10434.0 9.7911 "" "" 0.0027683345642675453 0.0031409245 0.0039143017 0.0070552262 23.56959454125 61.78022600854 2974.83032 -1.5949999999999993 -0.31099999999999967 -0.09444281578063962 0.10840000653266907 0.20555635 0.20955634 "" "" 2.027266535235483 "" 0.421346511585627 "" 0.87
23.52811183169 61.7573144295 0.0151 0.0181 4.6141 "" "" 510780330012285184 2635.76636 0.3521 0.0254 -1.447 -0.478 0.02 0.025 1.031 9704.5 3.5799 15.395858 1.166147 15.885589 14.719441 "" "" 2446.4104 2818.1897 13079.8738 2.9068 6042.0 8.7808 10266.0 10.112 "" "" 0.0027658650269685794 0.0032054323 0.0039277794 0.007133212 23.52811183169 61.7573144295 2635.76636 -1.447 -0.4780000000000001 0.05355718421936029 -0.05859999346733091 0.20355634 0.20855635 "" "" 0.9918268574840894 "" 0.2046096481433714 "" 0.91
23.68717545109 61.6790092253 0.016 0.0186 5.2294 "" "" 510022663426695040 2975.27905 0.3088 0.0272 -1.458 -0.529 0.021 0.026 0.989 9278.4 3.8282 15.422881 0.954764 15.809537 14.854773 "" "" 2727.354 3227.67676 12758.34575 2.8535 6480.4 8.3949 9062.5 8.6102 "" "" 0.0027660002346996644 0.003124624 0.0039176294 0.0070422534 23.68717545109 61.6790092253 2975.27905 -1.458 -0.5289999999999997 0.04255718421936039 -0.10959999346733096 0.20455635 0.20955634 "" "" 1.6581029064771358 "" 0.34639105874300796 "" 0.89
23.52353570257 61.79231908356 0.0165 0.0191 6.6854 "" "" 510780467451229184 2601.79102 0.3514 0.027 -1.717 -0.446 0.022 0.026 0.99 9173.1 3.6083 15.442992 1.118888 15.910954 14.792067 "" "" 2442.23853 2778.76294 12524.19142 2.9343 5902.5 9.3868 9601.3 6.7205 "" "" 0.0027670376659967876 0.0032812178 0.003855033 0.007136251 23.52353570257 61.79231908356 2601.79102 -1.7170000000000003 -0.44599999999999984 -0.21644281578063973 -0.02659999346733094 0.20555635 0.20955634 "" "" 2.689360879917915 "" 0.5529767915479296 "" 0.87
23.4727451388 61.40054003975 0.0161 0.0204 16.8686 "" "" 509995347433610368 2736.12598 0.3394 0.0274 -1.766 -0.442 0.02 0.028 1.012 9201.9 4.0339 15.488009 0.89815 15.846125 14.947974 "" "" 2541.31299 2928.71167 12015.52893 2.7945 6265.7 9.8286 8317.0 8.4072 "" "" 0.0027668669550707024 0.003268896 0.0039355126 0.0072044088 23.4727451388 61.40054003975 2736.12598 -1.766 -0.4420000000000002 -0.26544281578063966 -0.022599993467330937 0.20355634 0.21155635 "" "" 3.4550458677165854 "" 0.7034993060706335 "" 0.86
23.81466265349 61.51695954553 0.0169 0.0215 13.2693 "" "" 510017543825824256 2618.68726 0.3528 0.028 -1.277 -0.205 0.021 0.029 1.031 9335.4 4.0259 15.531774 0.900168 15.890962 14.990793 "" "" 2484.0332 2797.13794 11540.82753 2.8733 6012.2 7.6424 7995.4 8.1326 "" "" 0.0027685481748837984 0.0031128463 0.0039374297 0.007050276 23.81466265349 61.51695954553 2618.68726 -1.2770000000000001 -0.20500000000000002 0.22355718421936044 0.21440000653266908 0.20455635 0.21255635 "" "" 3.8447982179743123 "" 0.8013615577652862 "" 0.89
