Clusters/LP_1342/LP_1342_members.tsv
# %ECSV 1.0
# ---
# datatype:
# - name: RA_ICRS_1
#   unit: deg
#   datatype: float64
#   format: '{:15.11f}'
#   description: Right ascension (ICRS) at Ep=2016.0 (ra)
#   meta: !!omap
#   - {ucd: POS_EQ_RA_MAIN}
#   - {width: 15}
#   - {precision: '11'}
# - name: DE_ICRS_1
#   unit: deg
#   datatype: float64
#   format: '{:15.11f}'
#   description: Declination (ICRS) at Ep=2016.0 (dec)
#   meta: !!omap
#   - {ucd: POS_EQ_DEC_MAIN}
#   - {width: 15}
#   - {precision: '11'}
# - name: e_RA_ICRS
#   unit: mas
#   datatype: float64
#   format: '{:7.4f}'
#   description: Standard error of right ascension (ra_error)
#   meta: !!omap
#   - {ucd: ERROR}
#   - {width: 7}
#   - {precision: '4'}
# - name: e_DE_ICRS
#   unit: mas
#   datatype: float64
#   format: '{:7.4f}'
#   description: Standard error of declination (dec_error)
#   meta: !!omap
#   - {ucd: ERROR}
#   - {width: 7}
#   - {precision: '4'}
# - name: _r_1
#   unit: ''
#   datatype: float64
#   format: '{:7.4f}'
#   description: Distance from center (023.50351764000+61.68130011000)[ICRS], at Epoch=J2016.0
#   meta: !!omap
#   - {ucd: POS_ANG_DIST_GENERAL}
#   - {width: 7}
#   - {precision: '4'}
# - name: HIP
#   datatype: int32
#   description: '? HIP cross-id number, van Leeuwen, Cat. I/311 (hip_original_ext_source_id)'
#   meta: !!omap
#   - {ucd: ID_NUMBER}
#   - {width: 6}
#   - values: {'null': -2147483648}
# - name: TYC2
#   datatype: string
#   description: Tycho-2 cross-id name, Hog et al., Cat. I/259 (tyc2_original_ext_source_id)
#   meta: !!omap
#   - {ucd: ID_CROSSID}
#   - {_votable_string_dtype: char}
# - name: Source
#   datatype: int64
#   description: Source identifier, identical to the Gaia-EDR3 source_id (id)
#   meta: !!omap
#   - {ucd: ID_MAIN}
#   - {width: 19}
# - name: rgeo
#   unit: pc
#   datatype: float64
#   format: '{:15.8f}'
#   description: '? Median of the geometric distance posterior (r_med_geo)'
#   meta: !!omap
#   - {ucd: PHYS_DISTANCE_TRUE}
#   - {width: 15}
#   - {precision: '8'}
#   - values: {'null': .nan}
# - name: Plx
#   unit: mas
#   datatype: float64
#   format: '{:9.4f}'
#   description: '? Parallax (parallax)'
#   meta: !!omap
#   - {ucd: POS_PARLX_TRIG}
#   - {width: 9}
#   - {precision: '4'}
#   - values: {'null': .nan}
# - name: e_Plx
#   unit: mas
#   datatype: float32
#   format: '{:7.4f}'
#   description: '? Standard error of parallax (parallax_error)'
#   meta: !!omap
#   - {ucd: ERROR}
#   - {width: 7}
#   - {precision: '4'}
#   - values: {'null': .nan}
# - name: pmRA
#   unit: mas / yr
#   datatype: float64
#   format: '{:9.3f}'
#   description: '? Proper motion in right ascension direction, pmRA*cosDE (pmra)'
#   meta: !!omap
#   - {ucd: POS_EQ_PMRA}
#   - {width: 9}
#   - {precision: '3'}
#   - values: {'null': .nan}
# - name: pmDE
#   unit: mas / yr
#   datatype: float64
#   format: '{:9.3f}'
#   description: '? Proper motion in declination direction (pmdec)'
#   meta: !!omap
#   - {ucd: POS_EQ_PMDEC}
#   - {width: 9}
#   - {precision: '3'}
#   - values: {'null': .nan}
# - name: e_pmRA
#   unit: mas / yr
#   datatype: float32
#   format: '{:6.3f}'
#   description: '? Standard error of proper motion in right ascension direction (pmra_error)'
#   meta: !!omap
#   - {ucd: ERROR}
#   - {width: 6}
#   - {precision: '3'}
#   - values: {'null': .nan}
# - name: e_pmDE
[...]
#       distance: !astropy.table.SerializedColumn
#         __class__: astropy.coordinates.distances.Distance
#         unit: !astropy.units.Unit {unit: pc}
#         value: !astropy.table.SerializedColumn {name: SkyCoord.distance}
#       frame: icrs
#       obstime: !astropy.time.Time {format: jyear_str, in_subfmt: '*', jd1: 367701545.0, jd2: 0.0, out_subfmt: '*', precision: 3, scale: tt}
#       pm_dec: !astropy.table.SerializedColumn
#         __class__: astropy.units.quantity.Quantity
#         unit: !astropy.units.Unit {unit: mas / yr}
#         value: !astropy.table.SerializedColumn {name: SkyCoord.pm_dec}
#       pm_ra_cosdec: !astropy.table.SerializedColumn
#         __class__: astropy.units.quantity.Quantity
#         unit: !astropy.units.Unit {unit: mas / yr}
#         value: !astropy.table.SerializedColumn {name: SkyCoord.pm_ra_cosdec}
#       ra: !astropy.table.SerializedColumn
#         __class__: astropy.coordinates.angles.Longitude
#         unit: *id001
#         value: !astropy.table.SerializedColumn {name: SkyCoord.ra}
#         wrap_angle: !astropy.coordinates.Angle
#           unit: *id001
#           value: 360.0
#       representation_type: spherical
# schema: astropy-2.0
RA_ICRS_1 DE_ICRS_1 e_RA_ICRS e_DE_ICRS _r_1 HIP TYC2 Source rgeo Plx e_Plx pmRA pmDE e_pmRA e_pmDE RUWE Teff logg Gmag BP-RP BPmag RPmag RV e_RV b_rgeo B_rgeo FG e_FG FBP e_FBP FRP e_FRP RAVE5 RAVE6 e_Gmag e_BPmag e_RPmag e_BP-RP SkyCoord.ra SkyCoord.dec SkyCoord.distance SkyCoord.pm_ra_cosdec SkyCoord.pm_dec rmRA rmDE e_rmRA e_rmDE rRV e_rRV v_pec v_pec3d e_vpec e_vpec3d Pmemb
[from data line 62]
23.58208346772 61.81493248793 0.0171 0.0201 8.3226 "" "" 510030291288527232 2662.87158 0.3536 0.028 -1.403 -0.477 0.022 0.027 0.977 8752.3 3.5386 15.640584 1.079022 16.089256 15.010235 "" "" 2490.99438 2875.23511 10440.30253 2.7343 5008.6 8.9494 7853.5 10.182 "" "" 0.002769954127321469 0.0033983306 0.0040330137 0.007431344 23.58208346772 61.81493248793 2662.87158 -1.403 -0.4769999999999999 0.09755718421936033 -0.05759999346733091 0.20555635 0.21055634 "" "" 1.4299777034727004 "" 0.29580572892571255 "" 0.83
23.47432146399 61.50114383474 0.0187 0.0222 10.8415 "" "" 509996309506245888 3032.74561 0.3033 0.0302 -1.555 -0.417 0.023 0.029 0.944 8652.7 3.5629 15.69553 0.81508 16.011484 15.196404 "" "" 2744.40039 3341.16602 9925.09664 2.9193 5380.5 8.9002 6616.0 12.418 "" "" 0.0027737653974228785 0.0033182213 0.0042938 0.007612021 23.47432146399 61.50114383474 3032.74561 -1.5549999999999997 -0.41700000000000015 -0.054442815780639586 0.0024000065326690856 0.20655635 0.21255635 "" "" 0.7833872153224077 "" 0.1618228524691428 "" 0.91
23.63249298624 61.7230587716 0.0193 0.0221 4.4425 "" "" 510029363575647360 2474.80371 0.379 0.0315 -1.426 -0.421 0.026 0.031 1.02 9186.2 3.5586 15.764205 1.038057 16.191576 15.153519 "" "" 2280.41553 2682.20801 9316.75321 2.4668 4558.1 10.79 6882.6 8.6358 "" "" 0.0027702759485499474 0.0037935239 0.004017412 0.0078109363 23.63249298624 61.7230587716 2474.80371 -1.4260000000000006 -0.4210000000000007 0.07455718421936042 -0.001599993467330918 0.20955634 0.21455635 "" "" 0.8747996035255347 "" 0.18332184161359463 "" 0.89
23.9659792997 61.52187617664 0.0182 0.0243 16.2988 "" "" 510006033313465472 2772.65405 0.3328 0.0313 -1.527 -0.483 0.022 0.031 0.961 8155.2 3.6863 15.828802 1.337964 16.419756 15.081792 "" "" 2546.93286 3057.177 8778.61081 2.7837 3694.2 7.6245 7352.6 9.9498 "" "" 0.002776746856712967 0.003578619 0.004054928 0.0076335473 23.9659792997 61.52187617664 2772.65405 -1.5270000000000001 -0.48299999999999943 -0.02644281578063956 -0.06359999346733092 0.20555635 0.21455635 "" "" 0.9052211295228555 "" 0.1930418003848126 "" 0.9
23.40978683922 61.84358368095 0.0202 0.0253 10.094 "" "" 510781635682322816 2689.92749 0.3416 0.033 -1.603 -0.775 0.025 0.031 1.014 7040.4 3.4863 15.903204 1.676324 16.697897 15.021573 "" "" 2492.03979 2939.21826 8197.19537 2.5434 2859.3 7.0342 7771.9 7.4021 "" "" 0.002775838025407945 0.0038625726 0.0039182953 0.0077808676 23.40978683922 61.84358368095 2689.92749 -1.6030000000000006 -0.7749999999999996 -0.10244281578063963 -0.35559999346733095 0.20855635 0.21455635 "" "" 4.7183853825660975 "" 1.0102181273012365 "" 0.8
23.67168553784 61.57883848857 0.0194 0.0241 7.7962 "" "" 510021666994371840 2660.23291 0.3525 0.0321 -1.483 -0.317 0.025 0.032 1.009 9266.0 4.1603 15.938045 0.924109 16.31094 15.38683 "" "" 2468.46289 2845.79639 7938.32166 2.335 4083.6 7.6833 5551.7 8.3752 "" "" 0.002773766598078254 0.003458054 0.0041190432 0.007577097 23.67168553784 61.57883848857 2660.23291 -1.4829999999999997 -0.3170000000000005 0.017557184219360256 0.10240000653266906 0.20855635 0.21555635 "" "" 1.310055013215838 "" 0.2821329287974329 "" 0.89
23.01896597172 61.68060989733 0.0216 0.026 13.7918 "" "" 510753426335883776 2679.27686 0.3451 0.0345 -1.732 -0.549 0.027 0.034 1.01 9434.8 3.9616 15.967798 1.170256 16.462976 15.292721 "" "" 2451.6333 2914.14062 7723.735 2.4511 3550.0 8.7961 6054.4 7.8552 "" "" 0.002776780012232856 0.003875858 0.004033372 0.00790923 23.01896597172 61.68060989733 2679.27686 -1.7320000000000002 -0.5490000000000003 -0.23144281578063963 -0.12959999346733098 0.21055634 0.21755636 "" "" 3.3687192864505224 "" 0.715004944295553 "" 0.82
23.67707195142 61.93206744274 0.0215 0.0242 15.8299 "" "" 510032627744282368 2491.69092 0.3757 0.033 -1.902 -0.133 0.028 0.034 0.987 8729.3 3.4782 15.984364 1.522067 16.676815 15.154748 "" "" 2298.35303 2700.77954 7606.79049 2.3864 2915.4 9.7056 6874.8 9.091 "" "" 0.0027762941528833318 0.0045661447 0.0040429044 0.008609049 23.67707195142 61.93206744274 2491.69092 -1.9020000000000001 -0.13300000000000006 -0.40144281578063956 0.28640000653266906 0.21155635 0.21755636 "" "" 5.82421766771808 "" 1.2440469812397945 "" 0.84
