Clusters/LP_1342/LP_1342_members.tsv
# %ECSV 1.0
# ---
# datatype:
# - name: RA_ICRS_1
#   unit: deg
#   datatype: float64
#   format: '{:15.11f}'
#   description: Right ascension (ICRS) at Ep=2016.0 (ra)
#   meta: !!omap
#   - {ucd: POS_EQ_RA_MAIN}
#   - {width: 15}
#   - {precision: '11'}
# - name: DE_ICRS_1
#   unit: deg
#   datatype: float64
#   format: '{:15.11f}'
#   description: Declination (ICRS) at Ep=2016.0 (dec)
#   meta: !!omap
#   - {ucd: POS_EQ_DEC_MAIN}
#   - {width: 15}
#   - {precision: '11'}
# - name: e_RA_ICRS
#   unit: mas
#   datatype: float64
#   format: '{:7.4f}'
#   description: Standard error of right ascension (ra_error)
#   meta: !!omap
#   - {ucd: ERROR}
#   - {width: 7}
#   - {precision: '4'}
# - name: e_DE_ICRS
#   unit: mas
#   datatype: float64
#   format: '{:7.4f}'
#   description: Standard error of declination (dec_error)
#   meta: !!omap
#   - {ucd: ERROR}
#   - {width: 7}
#   - {precision: '4'}
# - name: _r_1
#   unit: ''
#   datatype: float64
#   format: '{:7.4f}'
#   description: Distance from center (023.50351764000+61.68130011000)[ICRS], at Epoch=J2016.0
#   meta: !!omap
#   - {ucd: POS_ANG_DIST_GENERAL}
#   - {width: 7}
#   - {precision: '4'}
# - name: HIP
#   datatype: int32
#   description: '? HIP cross-id number, van Leeuwen, Cat. I/311 (hip_original_ext_source_id)'
#   meta: !!omap
#   - {ucd: ID_NUMBER}
#   - {width: 6}
#   - values: {'null': -2147483648}
# - name: TYC2
#   datatype: string
#   description: Tycho-2 cross-id name, Hog et al., Cat. I/259 (tyc2_original_ext_source_id)
#   meta: !!omap
#   - {ucd: ID_CROSSID}
#   - {_votable_string_dtype: char}
# - name: Source
#   datatype: int64
#   description: Source identifier, identical to the Gaia-EDR3 source_id (id)
#   meta: !!omap
#   - {ucd: ID_MAIN}
#   - {width: 19}
# - name: rgeo
#   unit: pc
#   datatype: float64
#   format: '{:15.8f}'
#   description: '? Median of the geometric distance posterior (r_med_geo)'
#   meta: !!omap
#   - {ucd: PHYS_DISTANCE_TRUE}
#   - {width: 15}
#   - {precision: '8'}
#   - values: {'null': .nan}
# - name: Plx
#   unit: mas
#   datatype: float64
#   format: '{:9.4f}'
#   description: '? Parallax (parallax)'
#   meta: !!omap
#   - {ucd: POS_PARLX_TRIG}
#   - {width: 9}
#   - {precision: '4'}
#   - values: {'null': .nan}
# - name: e_Plx
#   unit: mas
#   datatype: float32
#   format: '{:7.4f}'
#   description: '? Standard error of parallax (parallax_error)'
#   meta: !!omap
#   - {ucd: ERROR}
#   - {width: 7}
#   - {precision: '4'}
#   - values: {'null': .nan}
# - name: pmRA
#   unit: mas / yr
#   datatype: float64
#   format: '{:9.3f}'
#   description: '? Proper motion in right ascension direction, pmRA*cosDE (pmra)'
#   meta: !!omap
#   - {ucd: POS_EQ_PMRA}
#   - {width: 9}
#   - {precision: '3'}
#   - values: {'null': .nan}
# - name: pmDE
#   unit: mas / yr
#   datatype: float64
#   format: '{:9.3f}'
#   description: '? Proper motion in declination direction (pmdec)'
#   meta: !!omap
#   - {ucd: POS_EQ_PMDEC}
#   - {width: 9}
#   - {precision: '3'}
#   - values: {'null': .nan}
# - name: e_pmRA
#   unit: mas / yr
#   datatype: float32
#   format: '{:6.3f}'
#   description: '? Standard error of proper motion in right ascension direction (pmra_error)'
#   meta: !!omap
#   - {ucd: ERROR}
#   - {width: 6}
#   - {precision: '3'}
#   - values: {'null': .nan}
# - name: e_pmDE
[...]
#       distance: !astropy.table.SerializedColumn
#         __class__: astropy.coordinates.distances.Distance
#         unit: !astropy.units.Unit {unit: pc}
#         value: !astropy.table.SerializedColumn {name: SkyCoord.distance}
#       frame: icrs
#       obstime: !astropy.time.Time {format: jyear_str, in_subfmt: '*', jd1: 367701545.0, jd2: 0.0, out_subfmt: '*', precision: 3, scale: tt}
#       pm_dec: !astropy.table.SerializedColumn
#         __class__: astropy.units.quantity.Quantity
#         unit: !astropy.units.Unit {unit: mas / yr}
#         value: !astropy.table.SerializedColumn {name: SkyCoord.pm_dec}
#       pm_ra_cosdec: !astropy.table.SerializedColumn
#         __class__: astropy.units.quantity.Quantity
#         unit: !astropy.units.Unit {unit: mas / yr}
#         value: !astropy.table.SerializedColumn {name: SkyCoord.pm_ra_cosdec}
#       ra: !astropy.table.SerializedColumn
#         __class__: astropy.coordinates.angles.Longitude
#         unit: *id001
#         value: !astropy.table.SerializedColumn {name: SkyCoord.ra}
#         wrap_angle: !astropy.coordinates.Angle
#           unit: *id001
#           value: 360.0
#       representation_type: spherical
# schema: astropy-2.0
RA_ICRS_1 DE_ICRS_1 e_RA_ICRS e_DE_ICRS _r_1 HIP TYC2 Source rgeo Plx e_Plx pmRA pmDE e_pmRA e_pmDE RUWE Teff logg Gmag BP-RP BPmag RPmag RV e_RV b_rgeo B_rgeo FG e_FG FBP e_FBP FRP e_FRP RAVE5 RAVE6 e_Gmag e_BPmag e_RPmag e_BP-RP SkyCoord.ra SkyCoord.dec SkyCoord.distance SkyCoord.pm_ra_cosdec SkyCoord.pm_dec rmRA rmDE e_rmRA e_rmDE rRV e_rRV v_pec v_pec3d e_vpec e_vpec3d Pmemb
23.38818814974 61.55823969659 0.0116 0.0146 8.0831 "" 4031-1519-1 509997443377605120 2687.65869 0.3427 0.0202 -1.537 -0.548 0.015 0.019 1.027 "" "" 7.248243 2.740743 8.794974 6.054231 -45.16 0.32 2551.03882 2839.83398 23749228.25321 41896.0 4144100.0 32899.0 30024000.0 126130.0 "" "" 0.0033556433144909443 0.009059747 0.0059234956 0.014983242 23.38818814974 61.55823969659 2687.65869 -1.537 -0.5479999999999999 -0.03644281578063957 -0.12859999346733098 0.19855635 0.20255634 -1.2560000000000002 0.35771427 1.7028114981797762 2.1159165858637374 0.344413586633545 0.3491579825412095 0.82
22.96897872153 61.52357856581 0.0114 0.0131 17.9502 "" 4031-1287-1 510749956002473472 2481.05835 0.3731 0.0186 -1.608 -0.49 0.014 0.018 0.969 "" "" 7.683679 1.539518 8.373956 6.834438 -44.55 0.23 2386.20459 2565.20264 15902861.62346 4226.6 6107100.0 4685.4 14635000.0 7991.7 "" "" 0.0027703894735604685 0.0029118564 0.0038256033 0.0067374595 22.96897872153 61.52357856581 2481.05835 -1.608 -0.49000000000000005 -0.10744281578063974 -0.07059999346733092 0.19755635 0.20155635 -0.6460000000000008 0.2677143 1.5119229049609026 1.6441492847504497 0.30052655716315846 0.29569885215221314 0.85
23.7898431651 61.63523723731 0.0073 0.0095 8.6112 "" 4031-63-1 510019364891851392 2537.39209 0.3744 0.0127 -1.294 -0.439 0.01 0.013 1.025 19621.7 3.3236 10.620182 0.832255 10.943987 10.111732 "" "" 2449.10107 2630.79785 1063834.3974 203.02 572560.0 317.89 715260.0 209.85 "" "" 0.002763099910997575 0.0028545451 0.0037927823 0.0066473274 23.7898431651 61.63523723731 2537.39209 -1.294 -0.43899999999999995 0.2065571842193603 -0.019599993467330934 0.19355635 0.19655634 "" "" 2.495471722735949 "" 0.48308172513345615 "" 0.85
23.48965921399 61.53995448569 0.0101 0.0122 8.4899 "" 4031-1057-1 510020601842518144 2784.34985 0.3101 0.0167 -1.292 -0.487 0.013 0.016 1.075 15899.3 3.3332 11.668643 0.508194 11.849273 11.341079 "" "" 2659.79761 2922.82764 405032.23927 129.82 248720.0 205.38 230530.0 124.21 "" "" 0.0027772093504258404 0.0029306721 0.0038243886 0.0067550605 23.48965921399 61.53995448569 2784.34985 -1.2920000000000007 -0.48699999999999993 0.20855718421936031 -0.06759999346733092 0.19655634 0.19955635 "" "" 2.8934800682267667 "" 0.5695628324724836 "" 0.89
24.10722877689 61.74204140725 0.0062 0.0079 17.5488 "" 4031-1607-1 510014996898201216 2398.83765 0.3867 0.0103 -1.466 -0.591 0.008 0.01 0.844 "" "" 12.018086 0.860472 12.356726 11.496254 "" "" 2340.37207 2452.17896 293570.43185 49.629 155860.0 78.335 199830.0 60.131 "" "" 0.002761426976046838 0.002843031 0.0037934768 0.006636508 24.10722877689 61.74204140725 2398.83765 -1.4659999999999997 -0.5910000000000006 0.03455718421936038 -0.1715999934673309 0.19155635 0.19355635 "" "" 1.9903476558557904 "" 0.38509006025478504 "" 0.9
23.57165914335 61.58330758464 0.0069 0.0083 6.1921 "" "" 510020494456344576 2932.91162 0.3245 0.0118 -1.062 -0.551 0.009 0.011 1.001 4864.4 2.1317 12.023416 2.106633 13.106153 10.999519 -55.19 0.25 2844.10107 3034.60498 292132.57315 42.308 78155.0 40.198 315760.0 80.095 "" "" 0.0027598032996095302 0.0028455046 0.003789403 0.006634908 23.57165914335 61.58330758464 2932.91162 -1.0620000000000003 -0.5509999999999999 0.4385571842193603 -0.13159999346733098 0.19255635 0.19455636 -11.286000000000001 0.28771427 6.365400703022393 12.957319248596061 1.226754991450659 0.6526824257174646 0.8
23.67037122169 61.47771960222 0.0096 0.0117 13.1112 "" 4031-1795-1 510016375594754048 2812.10425 0.3161 0.0153 -1.397 -0.618 0.012 0.015 1.066 14754.3 3.8988 12.041533 0.419179 12.187212 11.768033 "" "" 2692.45996 2962.64697 287298.84837 89.555 182190.0 135.93 155580.0 88.518 "" "" 0.0027760277882293285 0.002905381 0.003829533 0.006734914 23.67037122169 61.47771960222 2812.10425 -1.3969999999999998 -0.6179999999999997 0.10355718421936033 -0.19859999346733093 0.19555634 0.19855635 "" "" 2.9854836855771887 "" 0.5908835073227151 "" 0.87
23.02376440406 61.84143641085 0.0067 0.0085 16.6676 "" "" 510778092326915584 2794.68628 0.3337 0.0112 -1.258 -0.464 0.008 0.012 0.857 15554.7 3.7446 12.134204 0.79959 12.444503 11.644913 "" "" 2727.91772 2880.78711 263794.09064 49.776 143750.0 78.654 174260.0 52.299 "" "" 0.002762926219245322 0.002852712 0.003793403 0.0066461153 23.02376440406 61.84143641085 2794.68628 -1.2579999999999993 -0.46400000000000025 0.24255718421936034 -0.044599993467330956 0.19155635 0.19555634 "" "" 3.2669752779498626 "" 0.6262415427603513 "" 0.85
23.81441958212 61.7211360853 0.0062 0.0075 9.1606 "" "" 510025893242072704 2700.84033 0.3549 0.0102 -1.501 -0.508 0.008 0.01 0.926 "" "" 12.215666 1.026716 12.637028 11.610311 "" "" 2623.71558 2778.1377 244726.267 91.114 120390.0 106.09 179900.0 160.22 "" "" 0.0027848144496599235 0.0029496541 0.003901121 0.0068507753 23.81441958212 61.7211360853 2700.84033 -1.5010000000000003 -0.5079999999999992 -0.0004428157806395383 -0.08859999346733094 0.19155635 0.19355635 "" "" 1.1342697910365205 "" 0.2195450682090315 "" 0.91
23.50442819121 61.55478102018 0.0071 0.0084 7.5912 "" 4031-885-1 510020704921721088 2466.39087 0.379 0.0119 -1.402 -0.511 0.009 0.011 0.975 14211.2 3.6626 12.474524 0.53917 12.671178 12.132008 "" "" 2397.58862 2542.82788 192813.4145 26.061 116670.0 46.873 111260.0 37.752 "" "" 0.0027592254292369716 0.002824061 0.003797295 0.006621356 23.50442819121 61.55478102018 2466.39087 -1.402 -0.5109999999999999 0.09855718421936044 -0.09159999346733094 0.19255635 0.19455636 "" "" 1.5729989913926266 "" 0.30435304447685657 "" 0.89
23.58862036535 61.6909077957 0.0081 0.0095 2.4895 "" "" 510023350621454464 2728.06299 0.3521 0.0133 -1.46 -0.554 0.011 0.013 1.178 16191.0 3.5645 12.484989 0.978044 12.881537 11.903494 "" "" 2617.34644 2806.45386 190963.88235 37.561 96117.0 62.043 137330.0 72.819 "" "" 0.0027635837684219216 0.002876842 0.003822979 0.006699821 23.58862036535 61.6909077957 2728.06299 -1.46 -0.554 0.04055718421936039 -0.13459999346733098 0.19455636 0.19655634 "" "" 1.8178107199551685 "" 0.3570010351833694 "" 0.92
23.97082928609 61.55348361507 0.0075 0.0099 15.3772 "" "" 510006239471866240 2810.00586 0.3458 0.013 -1.967 -0.192 0.009 0.013 1.055 "" "" 12.644532 2.202848 13.791121 11.588273 -38.95 0.43 2718.07983 2925.78003 164867.09193 25.745 41588.0 27.049 183590.0 54.673 "" "" 0.0027605315935911577 0.0028781453 0.0037931874 0.0066713328 23.97082928609 61.55348361507 2810.00586 -1.967 -0.1919999999999999 -0.46644281578063973 0.22740000653266906 0.19255635 0.19655634 4.9539999999999935 0.46771428 6.911739240192019 8.50377888496697 1.336252804207011 1.119742675322821 0.89
23.7667714851 61.569820904 0.0076 0.0093 10.0541 "" "" 510018574617927424 2549.81836 0.3691 0.0124 -1.496 -0.576 0.009 0.013 0.952 15657.6 3.8118 12.80567 0.741816 13.090213 12.348397 "" "" 2470.47485 2625.66479 142127.67713 24.049 79311.0 38.476 91159.0 33.162 "" "" 0.0027614380857345446 0.0028394512 0.0037999644 0.0066394154 23.7667714851 61.569820904 2549.81836 -1.4960000000000004 -0.5760000000000002 0.004557184219360355 -0.1565999934673309 0.19255635 0.19655634 "" "" 1.8934905408460252 "" 0.3721712358328052 "" 0.87
24.09854227476 61.69289973954 0.0076 0.0094 16.947 "" "" 510014481502126848 2608.94385 0.3486 0.0124 -1.387 -0.48 0.01 0.012 1.149 15537.3 3.8029 13.121093 1.290792 13.677966 12.387175 "" "" 2541.03979 2680.40283 106294.21473 19.081 46156.0 25.331 87961.0 31.316 "" "" 0.0027622049351443026 0.0028530867 0.0037990978 0.0066521848 24.09854227476 61.69289973954 2608.94385 -1.3870000000000002 -0.4799999999999998 0.11355718421936034 -0.060599993467330915 0.19355635 0.19555634 "" "" 1.5917424052781706 "" 0.3088003314846341 "" 0.94
23.89916645698 61.84026193442 0.0076 0.0096 14.7353 "" "" 510028229704215936 2652.46216 0.3461 0.0129 -1.458 -0.45 0.01 0.013 1.199 12826.2 3.7735 13.138038 1.104756 13.597488 12.492732 "" "" 2568.36401 2766.74609 104648.19195 20.659 49707.0 28.866 79811.0 27.52 "" "" 0.002763644469426359 0.0028605233 0.0037978792 0.0066584023 23.89916645698 61.84026193442 2652.46216 -1.4580000000000006 -0.45000000000000057 0.04255718421936039 -0.030599993467330944 0.19355635 0.19655634 "" "" 0.659013478419264 "" 0.12823345792139507 "" 0.9
22.97676208387 61.70167765297 0.0081 0.01 15.0376 "" "" 510753495055343360 2682.16211 0.3435 0.0132 -1.733 -0.445 0.01 0.014 0.99 11041.7 3.8151 13.426775 0.979432 13.823345 12.843913 "" "" 2594.07715 2775.39062 80211.52886 35.683 40372.0 59.439 57755.0 66.408 "" "" 0.0027973344887618572 0.0032156312 0.003980231 0.007195862 22.97676208387 61.70167765297 2682.16211 -1.733 -0.44499999999999973 -0.23244281578063974 -0.02559999346733094 0.19355635 0.19755635 "" "" 2.973018156102124 "" 0.5755905251211346 "" 0.88
23.26959474277 61.84666894357 0.0081 0.0092 11.939 "" "" 510778886903097600 2686.70435 0.3411 0.0122 -1.514 -0.433 0.01 0.012 0.975 15948.0 3.8597 13.431611 0.860145 13.768347 12.908202 "" "" 2600.81787 2801.85986 79855.06573 18.842 42470.0 31.057 54435.0 29.263 "" "" 0.0027672041267729577 0.002900936 0.0038241853 0.0067251213 23.26959474277 61.84666894357 2686.70435 -1.5140000000000002 -0.43299999999999994 -0.013442815780639661 -0.013599993467330929 0.19355635 0.19555634 "" "" 0.24352433300955303 "" 0.047382661301888195 "" 0.93
23.45616868483 61.37600856596 0.0077 0.0097 18.3675 "" "" 509993835605134720 2542.35522 0.3644 0.0132 -1.636 -0.053 0.01 0.013 0.948 6756.2 3.2266 13.498549 0.579304 13.711423 13.132119 "" "" 2449.24976 2630.05737 75080.53294 17.32 44756.0 20.927 44291.0 16.096 "" "" 0.0027666805900090252 0.0028359788 0.003799923 0.0066359015 23.45616868483 61.37600856596 2542.35522 -1.6360000000000001 -0.052999999999999915 -0.13544281578063955 0.3664000065326691 0.19355635 0.19655634 "" "" 4.707419521638615 "" 0.9235868260847807 "" 0.83
23.32274469884 61.89830919558 0.0096 0.0119 13.9936 "" "" 510784899857269760 2877.19775 0.3227 0.0153 -1.675 -0.374 0.012 0.015 1.186 14143.5 3.7233 13.597471 0.764369 13.890945 13.126576 "" "" 2731.18433 2992.11255 68542.21802 12.179 37935.0 25.129 44517.0 18.426 "" "" 0.0027620658249564592 0.0028813747 0.0038060064 0.0066873813 23.32274469884 61.89830919558 2877.19775 -1.675 -0.3739999999999999 -0.1744428157806397 0.04540000653266907 0.19555634 0.19855635 "" "" 2.458287337542966 "" 0.48120487849147975 "" 0.94
23.80671431263 61.62532576203 0.008 0.0102 9.2675 "" "" 510019158733429888 2939.48193 0.3138 0.0138 -1.405 -0.472 0.01 0.014 0.967 13889.2 3.8663 13.755188 0.880094 14.103631 13.223537 "" "" 2827.47681 3064.08618 59274.98512 10.576 31186.0 19.09 40714.0 19.77 "" "" 0.0027621217961609455 0.0028682332 0.0038159771 0.00668421 23.80671431263 61.62532576203 2939.48193 -1.4049999999999998 -0.4720000000000003 0.09555718421936032 -0.05259999346733091 0.19355635 0.19755635 "" "" 1.5197947089823785 "" 0.29559073520606877 "" 0.93
23.15691692358 61.81092689579 0.009 0.0108 12.546 "" "" 510778508946000384 2611.86865 0.3498 0.0142 -1.611 -0.512 0.011 0.014 1.043 14153.1 3.8753 13.796084 0.945356 14.174831 13.229475 "" "" 2512.22705 2714.39429 57083.80794 9.4903 29207.0 20.693 40492.0 21.1 "" "" 0.002761226497310646 0.002894266 0.0038214943 0.0067157606 23.15691692358 61.81092689579 2611.86865 -1.611 -0.512 -0.11044281578063964 -0.09259999346733094 0.19455636 0.19755635 "" "" 1.78432000489315 "" 0.34937041293511595 "" 0.9
22.96381846337 61.77837063052 0.0094 0.0114 16.4056 "" "" 510777512513603968 2663.23462 0.3463 0.0155 -1.735 -0.524 0.012 0.015 0.955 6979.7 3.2787 13.984413 0.970649 14.375943 13.405294 "" "" 2544.80103 2767.97314 47993.40742 7.6456 24268.0 17.309 34438.0 18.839 "" "" 0.002760743695808954 0.0028956407 0.0038257672 0.006721408 22.96381846337 61.77837063052 2663.23462 -1.735 -0.524 -0.23444281578063975 -0.10459999346733095 0.19555634 0.19855635 "" "" 3.240750590941288 "" 0.635373675661136 "" 0.91
23.73946761651 61.74012166263 0.009 0.0108 7.581 "" "" 510028882539297024 2574.10083 0.3535 0.0149 -1.419 -0.458 0.012 0.015 0.979 12106.2 3.7961 14.041972 0.953877 14.425699 13.471822 "" "" 2480.51099 2683.30518 45515.33608 7.2604 23181.0 13.774 32391.0 13.761 "" "" 0.00276075800680354 0.0028637825 0.0038074257 0.006671208 23.73946761651 61.74012166263 2574.10083 -1.4189999999999998 -0.4580000000000002 0.08155718421936031 -0.03859999346733095 0.19555634 0.19855635 "" "" 1.100923168147911 "" 0.21590071730277266 "" 0.91
23.19365382038 61.69195786923 0.0089 0.0107 8.8411 "" "" 510773110165471360 2536.26782 0.3617 0.0143 -1.366 -0.375 0.011 0.014 0.986 11754.4 3.7119 14.049654 0.88537 14.399483 13.514112 "" "" 2458.82593 2647.06885 45194.45348 6.5398 23748.0 15.133 31154.0 13.743 "" "" 0.002759795814316413 0.0028746699 0.0038096092 0.006684279 23.19365382038 61.69195786923 2536.26782 -1.366 -0.3750000000000003 0.13455718421936025 0.04440000653266907 0.19455636 0.19755635 "" "" 1.7034242427134774 "" 0.33191727222985556 "" 0.93
23.71271046868 61.42213505169 0.0097 0.0128 16.6598 "" "" 510015413522125184 2858.90552 0.3165 0.0167 -1.717 0.004 0.012 0.017 1.041 11175.8 3.9327 14.198647 0.635013 14.435655 13.800642 "" "" 2746.1792 2995.03906 39399.25807 10.402 22970.0 22.671 23928.0 13.933 "" "" 0.002770190981417015 0.0029888763 0.003831895 0.0068207714 23.71271046868 61.42213505169 2858.90552 -1.717 0.004000000000000052 -0.21644281578063973 0.42340000653266907 0.19555634 0.20055635 "" "" 6.44381238703056 "" 1.2857385233142695 "" 0.84
23.17725759287 61.88617693376 0.0104 0.0124 15.3873 "" "" 510779917695216640 2604.73779 0.3542 0.0167 -1.457 -0.47 0.013 0.017 0.909 "" "" 14.262954 0.77325 14.560993 13.787744 "" "" 2499.15942 2706.42041 37133.446 6.7903 20465.0 15.267 24214.0 13.67 "" "" 0.002762464033114975 0.0029053555 0.0038287644 0.0067341197 23.17725759287 61.88617693376 2604.73779 -1.4570000000000003 -0.4699999999999997 0.04355718421936028 -0.050599993467330906 0.19655634 0.20055635 "" "" 0.8243132820894701 "" 0.16392600015207906 "" 0.92
23.60734302646 61.73546814388 0.0101 0.0118 4.391 "" "" 510029432295114752 2714.77393 0.329 0.0167 -1.362 0.052 0.013 0.016 0.996 "" "" 14.314219 2.134039 15.416673 13.282634 -35.67 1.41 2578.14575 2886.61523 35420.89339 7.1385 9305.7 10.124 38557.0 17.671 "" "" 0.0027639949775473227 0.003029902 0.0038119988 0.0068419008 23.60734302646 61.73546814388 2714.77393 -1.3620000000000003 0.0519999999999999 0.13855718421936025 0.47140000653266906 0.19655634 0.19955635 8.233999999999995 1.4477142 6.322591018934408 10.38142154007388 1.2602152651137764 1.3811406090917282 0.84
23.64629607615 61.94097627531 0.0108 0.0117 16.0975 "" "" 510783216230257024 2558.10669 0.3624 0.0168 -1.376 -0.565 0.014 0.016 1.009 "" "" 14.346983 1.15902 14.833056 13.674037 "" "" 2451.02856 2660.6875 34367.93588 5.5863 15929.0 13.123 26887.0 14.317 "" "" 0.002760966232223968 0.0029300402 0.003823346 0.006753386 23.64629607615 61.94097627531 2558.10669 -1.376 -0.5650000000000004 0.12455718421936046 -0.14559999346733088 0.19755635 0.19955635 "" "" 2.3233356753542687 "" 0.461678506228197 "" 0.88
23.26614929839 61.7027820507 0.0107 0.0125 6.8756 "" "" 510773492424243840 2769.56494 0.331 0.0168 -1.091 -0.405 0.014 0.016 0.959 "" "" 14.434922 1.068088 14.875741 13.807653 "" "" 2618.07959 2917.27637 31694.05266 5.6686 15315.0 15.179 23774.0 13.489 "" "" 0.002762154661637627 0.0029904896 0.0038292585 0.0068197483 23.26614929839 61.7027820507 2769.56494 -1.091 -0.4050000000000001 0.4095571842193604 0.01440000653266904 0.19755635 0.19955635 "" "" 5.379881617512436 "" 1.0628431100087343 "" 0.82
23.84886161139 61.89200895657 0.0108 0.0131 15.9934 "" "" 511532705202910464 2920.80688 0.3115 0.0174 -1.661 -0.301 0.014 0.018 0.941 "" "" 14.520528 1.019668 14.937153 13.917485 "" "" 2764.57422 3070.43384 29291.09164 4.7779 14473.0 11.297 21486.0 12.643 "" "" 0.002761006132519467 0.0029160364 0.0038330005 0.0067490367 23.84886161139 61.89200895657 2920.80688 -1.6609999999999996 -0.3009999999999998 -0.16044281578063968 0.11840000653266908 0.19755635 0.20155635 "" "" 2.7606215733060306 "" 0.5492969666356967 "" 0.93
