Clusters/LP_1342/LP_1342_stars_in_region.tsv
# %ECSV 1.0
# ---
# datatype:
# - name: RA_ICRS_1
#   unit: deg
#   datatype: float64
#   format: '{:15.11f}'
#   description: Right ascension (ICRS) at Ep=2016.0 (ra)
#   meta: !!omap
#   - {ucd: POS_EQ_RA_MAIN}
#   - {width: 15}
#   - {precision: '11'}
# - name: DE_ICRS_1
#   unit: deg
#   datatype: float64
#   format: '{:15.11f}'
#   description: Declination (ICRS) at Ep=2016.0 (dec)
#   meta: !!omap
#   - {ucd: POS_EQ_DEC_MAIN}
#   - {width: 15}
#   - {precision: '11'}
# - name: e_RA_ICRS
#   unit: mas
#   datatype: float64
#   format: '{:7.4f}'
#   description: Standard error of right ascension (ra_error)
#   meta: !!omap
#   - {ucd: ERROR}
#   - {width: 7}
#   - {precision: '4'}
# - name: e_DE_ICRS
#   unit: mas
#   datatype: float64
#   format: '{:7.4f}'
#   description: Standard error of declination (dec_error)
#   meta: !!omap
#   - {ucd: ERROR}
#   - {width: 7}
#   - {precision: '4'}
# - name: _r_1
#   unit: ''
#   datatype: float64
#   format: '{:7.4f}'
#   description: Distance from center (023.50351764000+61.68130011000)[ICRS], at Epoch=J2016.0
#   meta: !!omap
#   - {ucd: POS_ANG_DIST_GENERAL}
#   - {width: 7}
#   - {precision: '4'}
# - name: HIP
#   datatype: int32
#   description: '? HIP cross-id number, van Leeuwen, Cat. I/311 (hip_original_ext_source_id)'
#   meta: !!omap
#   - {ucd: ID_NUMBER}
#   - {width: 6}
#   - values: {'null': -2147483648}
# - name: TYC2
#   datatype: string
#   description: Tycho-2 cross-id name, Hog et al., Cat. I/259 (tyc2_original_ext_source_id)
#   meta: !!omap
#   - {ucd: ID_CROSSID}
#   - {_votable_string_dtype: char}
# - name: Source
#   datatype: int64
#   description: Source identifier, identical to the Gaia-EDR3 source_id (id)
#   meta: !!omap
#   - {ucd: ID_MAIN}
#   - {width: 19}
# - name: rgeo
#   unit: pc
#   datatype: float64
#   format: '{:15.8f}'
#   description: '? Median of the geometric distance posterior (r_med_geo)'
#   meta: !!omap
#   - {ucd: PHYS_DISTANCE_TRUE}
#   - {width: 15}
#   - {precision: '8'}
#   - values: {'null': .nan}
# - name: Plx
#   unit: mas
#   datatype: float64
#   format: '{:9.4f}'
#   description: '? Parallax (parallax)'
#   meta: !!omap
#   - {ucd: POS_PARLX_TRIG}
#   - {width: 9}
#   - {precision: '4'}
#   - values: {'null': .nan}
# - name: e_Plx
#   unit: mas
#   datatype: float32
#   format: '{:7.4f}'
#   description: '? Standard error of parallax (parallax_error)'
#   meta: !!omap
#   - {ucd: ERROR}
#   - {width: 7}
#   - {precision: '4'}
#   - values: {'null': .nan}
# - name: pmRA
#   unit: mas / yr
#   datatype: float64
#   format: '{:9.3f}'
#   description: '? Proper motion in right ascension direction, pmRA*cosDE (pmra)'
#   meta: !!omap
#   - {ucd: POS_EQ_PMRA}
#   - {width: 9}
#   - {precision: '3'}
#   - values: {'null': .nan}
# - name: pmDE
#   unit: mas / yr
#   datatype: float64
#   format: '{:9.3f}'
#   description: '? Proper motion in declination direction (pmdec)'
#   meta: !!omap
#   - {ucd: POS_EQ_PMDEC}
#   - {width: 9}
#   - {precision: '3'}
#   - values: {'null': .nan}
# - name: e_pmRA
#   unit: mas / yr
#   datatype: float32
#   format: '{:6.3f}'
#   description: '? Standard error of proper motion in right ascension direction (pmra_error)'
#   meta: !!omap
#   - {ucd: ERROR}
#   - {width: 6}
#   - {precision: '3'}
#   - values: {'null': .nan}
# - name: e_pmDE
[...]
#         value: !astropy.table.SerializedColumn {name: SkyCoord.dec}
#       distance: !astropy.table.SerializedColumn
#         __class__: astropy.coordinates.distances.Distance
#         unit: !astropy.units.Unit {unit: pc}
#         value: !astropy.table.SerializedColumn {name: SkyCoord.distance}
#       frame: icrs
#       obstime: !astropy.time.Time {format: jyear_str, in_subfmt: '*', jd1: 367701545.0, jd2: 0.0, out_subfmt: '*', precision: 3, scale: tt}
#       pm_dec: !astropy.table.SerializedColumn
#         __class__: astropy.units.quantity.Quantity
#         unit: !astropy.units.Unit {unit: mas / yr}
#         value: !astropy.table.SerializedColumn {name: SkyCoord.pm_dec}
#       pm_ra_cosdec: !astropy.table.SerializedColumn
#         __class__: astropy.units.quantity.Quantity
#         unit: !astropy.units.Unit {unit: mas / yr}
#         value: !astropy.table.SerializedColumn {name: SkyCoord.pm_ra_cosdec}
#       ra: !astropy.table.SerializedColumn
#         __class__: astropy.coordinates.angles.Longitude
#         unit: *id001
#         value: !astropy.table.SerializedColumn {name: SkyCoord.ra}
#         wrap_angle: !astropy.coordinates.Angle
#           unit: *id001
#           value: 360.0
#       representation_type: spherical
# schema: astropy-2.0
RA_ICRS_1 DE_ICRS_1 e_RA_ICRS e_DE_ICRS _r_1 HIP TYC2 Source rgeo Plx e_Plx pmRA pmDE e_pmRA e_pmDE RUWE Teff logg Gmag BP-RP BPmag RPmag RV e_RV b_rgeo B_rgeo FG e_FG FBP e_FBP FRP e_FRP RAVE5 RAVE6 e_Gmag e_BPmag e_RPmag e_BP-RP SkyCoord.ra SkyCoord.dec SkyCoord.distance SkyCoord.pm_ra_cosdec SkyCoord.pm_dec rmRA rmDE e_rmRA e_rmDE rRV e_rRV v_pec v_pec3d e_vpec e_vpec3d
[from data line 274]
23.08176975846 61.42616489492 0.0143 0.0169 19.4839 "" "" 510740438355033728 2791.57202 0.3359 0.0236 -0.356 -0.877 0.019 0.023 0.995 8973.1 3.5349 15.178267 0.899073 15.537871 14.638799 "" "" 2604.89673 2983.76221 15982.33099 3.1621 8322.8 9.828 11057.0 11.017 "" "" 0.0027636812161054053 0.0030706374 0.003931162 0.0070017995 23.08176975846 61.42616489492 2791.57202 -0.3559999999999999 -0.877 1.1445571842193605 -0.45759999346733093 0.20255634 0.20655635 "" "" 16.31039623554055 "" 3.3128418361431224 ""
23.79007103859 61.8102106533 0.0141 0.0174 11.228 "" "" 510030875404080896 2287.96997 0.4102 0.0239 -1.339 -0.395 0.018 0.024 0.93 "" "" 15.18291 1.075422 15.625965 14.550543 "" "" 2172.37646 2383.57129 15914.12327 3.4195 7674.2 10.79 11993.0 11.138 "" "" 0.0027651791357452124 0.0031804747 0.0039115804 0.007092055 23.79007103859 61.8102106533 2287.96997 -1.3390000000000002 -0.39499999999999946 0.16155718421936038 0.02440000653266905 0.20155635 0.20755635 "" "" 1.7719539962398452 "" 0.3573891386762892 ""
23.6578077089 61.5636820048 0.0144 0.018 8.3163 "" "" 510020189525961984 2784.87134 0.3263 0.0253 -2.444 -0.442 0.018 0.024 1.045 9519.8 4.0446 15.191234 1.10529 15.652879 14.547589 "" "" 2600.85083 2971.15332 15792.58145 3.3463 7486.3 9.0461 12026.0 8.9176 "" "" 0.0027649079131906317 0.003083224 0.0038641838 0.0069474075 23.6578077089 61.5636820048 2784.87134 -2.443999999999998 -0.4420000000000006 -0.9434428157806396 -0.022599993467330937 0.20155635 0.20755635 "" "" 12.457291574271002 "" 2.5108897833585253 ""
22.76643863233 61.7885057897 0.0147 0.0182 21.9081 "" "" 510766689194825216 2518.28931 0.3715 0.0242 -1.601 -0.553 0.019 0.023 1.002 9249.7 3.5781 15.194904 0.969432 15.586249 14.616817 "" "" 2394.07812 2666.98901 15739.2894 3.2684 7960.1 9.3911 11283.0 9.3132 "" "" 0.0027645293914705725 0.0030701475 0.003884183 0.0069543305 22.76643863233 61.7885057897 2518.28931 -1.6009999999999993 -0.5530000000000006 -0.10044281578063963 -0.13359999346733098 0.20255634 0.20655635 "" "" 1.9951677872827376 "" 0.4092505742878575 ""
24.23289662743 61.82446172379 0.0155 0.0194 22.4222 "" "" 511516895428947712 2881.65039 0.3185 0.0253 -1.177 -0.243 0.02 0.026 1.088 10013.1 3.5524 15.198064 1.095445 15.650924 14.555479 "" "" 2676.98901 3191.97266 15693.54484 3.2562 7499.8 10.369 11939.0 11.541 "" "" 0.0027645141601501137 0.0031683387 0.0039224057 0.0070907446 24.23289662743 61.82446172379 2881.65039 -1.177000000000001 -0.24299999999999936 0.3235571842193603 0.17640000653266907 0.20355634 0.20955634 "" "" 5.0336087073316875 "" 1.0316211049446342 ""
24.06644797275 61.91002814122 0.0143 0.0174 21.0512 "" "" 511531296453627648 2426.87158 0.3863 0.0238 -1.452 -0.466 0.019 0.024 0.987 10079.8 4.1107 15.213551 1.240034 15.74435 14.504316 "" "" 2303.27612 2592.72119 15471.27716 5.2083 6881.4 15.884 12515.0 14.441 "" "" 0.0027794574648538186 0.003750446 0.0039816205 0.0077320663 24.06644797275 61.91002814122 2426.87158 -1.4520000000000002 -0.4659999999999999 0.048557184219360394 -0.04659999346733096 0.20255634 0.20755635 "" "" 0.7741828300493555 "" 0.1586833035261576 ""
23.25386197763 61.62857486539 0.015 0.018 7.7838 "" "" 510772633430802816 2605.76611 0.3504 0.0246 -0.8 -1.035 0.019 0.022 0.994 5003.0 3.2548 15.219594 1.882076 16.149723 14.267647 -37.25 3.91 2461.01294 2834.56445 15385.41667 3.2851 4737.3 7.5275 15563.0 10.169 "" "" 0.002765055707188783 0.0032804618 0.003845389 0.0071258508 23.25386197763 61.62857486539 2605.76611 -0.8 -1.035 0.7005571842193603 -0.6155999934673309 0.20255634 0.20555635 6.653999999999996 3.9477143 11.518857986856046 13.302624001352413 2.348337216967742 2.83445991851609
24.12763624669 61.55288450174 0.0136 0.0176 19.3968 "" "" 510011187274190976 2589.58545 0.3494 0.0235 -1.021 -0.696 0.017 0.023 0.999 9312.7 3.5473 15.221312 1.471855 15.881417 14.409562 "" "" 2433.27295 2757.98877 15361.09528 3.3337 6065.3 8.7116 13656.0 12.347 "" "" 0.002765377080879026 0.003196391 0.0039047904 0.0071011814 24.12763624669 61.55288450174 2589.58545 -1.021 -0.696 0.47955718421936044 -0.2765999934673309 0.20055635 0.20655635 "" "" 6.795345371138151 "" 1.3731410389764724 ""
23.18430325831 61.36123898208 0.0152 0.0172 21.2646 "" "" 510739132685027456 2487.60425 0.3712 0.0255 -1.416 -0.486 0.02 0.023 1.01 9193.9 3.544 15.231511 0.860476 15.57088 14.710403 "" "" 2315.22314 2702.78809 15217.46606 3.2304 8073.6 12.067 10351.0 10.519 "" "" 0.0027649433381625745 0.0032277582 0.003937147 0.0071649053 23.18430325831 61.36123898208 2487.60425 -1.416 -0.48600000000000004 0.08455718421936043 -0.06659999346733092 0.20355634 0.20655635 "" "" 1.2691606040557657 "" 0.25981000132275106 ""
23.63979558067 61.85295244324 0.0308 0.0298 11.0015 "" "" 510031940549554048 2787.7749 0.3313 0.044 -1.704 -0.719 0.037 0.04 1.651 "" "" 15.232816 1.261171 15.373162 14.111991 -225.86 6.78 2500.76782 3113.59326 15199.18551 11.678 9686.2 182.54 17962.0 383.85 "" "" 0.0028788341954242677 0.020650461 0.0235081 0.044158563 23.63979558067 61.85295244324 2787.7749 -1.7039999999999988 -0.7190000000000004 -0.2034428157806396 -0.2995999934673309 0.22055635 0.22355634 -181.95600000000002 6.8177147 4.785405684262919 182.018916719013 1.0652980487573875 6.8154156251137685
23.2432491892 61.61191245675 0.0288 0.0325 8.5049 "" "" 510749165728388096 2688.0022 0.3543 0.0447 -2.105 -0.336 0.036 0.04 1.911 9333.1 3.3945 15.239984 0.934451 15.601445 14.666994 "" "" 2383.65967 2944.62866 15099.17527 4.5861 7849.4 8.5745 10774.0 9.9906 "" "" 0.002774984575390348 0.0030317851 0.003911183 0.0069429683 23.2432491892 61.61191245675 2688.0022 -2.105 -0.3359999999999996 -0.6044428157806396 0.08340000653266905 0.21955635 0.22355634 "" "" 7.774247720038469 "" 1.7074715816459007 ""
23.93195565568 61.4128287478 0.0144 0.0192 20.2354 "" "" 510003623825318272 2932.94189 0.3102 0.026 -3.155 0.248 0.019 0.025 0.935 8754.5 3.5084 15.244002 0.954144 15.628664 14.67452 "" "" 2701.03442 3124.29541 15043.39713 3.3833 7655.1 13.073 10699.0 10.318 "" "" 0.002766119248847834 0.0033500718 0.0039217453 0.007271817 23.93195565568 61.4128287478 2932.94189 -3.1550000000000002 0.24799999999999978 -1.6544428157806395 0.6674000065326691 0.20255634 0.20855635 "" "" 24.801222500403384 "" 5.0447355273432555 ""
23.81283164432 61.36878286906 0.0153 0.0194 20.7339 "" "" 509979851191624192 3080.50537 0.3022 0.0262 -1.344 -0.439 0.019 0.025 0.976 9271.7 4.0819 15.254395 0.776659 15.556384 14.779725 "" "" 2829.70093 3405.7522 14900.07315 3.3824 8182.1 9.4338 9711.1 9.045 "" "" 0.002766321740588443 0.0030581255 0.003912337 0.0069704624 23.81283164432 61.36878286906 3080.50537 -1.344 -0.43899999999999967 0.15655718421936027 -0.019599993467330934 0.20255634 0.20855635 "" "" 2.3038297023595304 "" 0.46687173743493476 ""
22.92161310571 61.82940968719 0.0159 0.0197 18.7608 "" "" 510789950738865920 2337.04199 0.3927 0.0273 -1.749 -0.427 0.02 0.026 1.043 9428.2 3.5857 15.255301 0.944463 15.631847 14.687385 "" "" 2217.51904 2512.22168 14887.64893 3.4987 7632.7 11.707 10573.0 9.7343 "" "" 0.0027671092710525947 0.003249348 0.003909341 0.007158689 22.92161310571 61.82940968719 2337.04199 -1.7490000000000006 -0.4269999999999996 -0.24844281578063976 -0.007599993467330923 0.20355634 0.20955634 "" "" 2.7534323262590106 "" 0.5604942901298091 ""
23.28381214824 61.38142530437 0.0152 0.0175 19.0582 "" "" 509994488440026240 2795.03149 0.3296 0.0245 -1.051 -0.126 0.019 0.023 0.967 9569.4 3.8259 15.258967 0.89374 15.613044 14.719304 "" "" 2618.4231 2994.01538 14837.46159 3.1465 7766.0 10.126 10267.0 9.661 "" "" 0.002764923634951122 0.003128769 0.003915035 0.007043804 23.28381214824 61.38142530437 2795.03149 -1.051 -0.12599999999999992 0.4495571842193604 0.29340000653266907 0.20255634 0.20655635 "" "" 7.1121499241293895 "" 1.4491674424136145 ""
23.06104393843 61.38739211451 0.0145 0.0182 21.7046 "" "" 510740197836896384 2737.60718 0.3361 0.0249 -1.292 -0.451 0.019 0.025 0.994 9387.6 4.1925 15.260523 1.096832 15.718302 14.621469 "" "" 2525.10059 2964.62158 14816.22696 2.8303 7048.5 10.412 11235.0 9.5374 "" "" 0.002763115312152274 0.003218285 0.0038901446 0.0071084294 23.06104393843 61.38739211451 2737.60718 -1.292 -0.4509999999999996 0.20855718421936031 -0.031599993467330945 0.20255634 0.20855635 "" "" 2.73718034457174 "" 0.5548071418254934 ""
23.07881398355 61.41688684046 0.015 0.0179 19.9766 "" "" 510740335275826432 2634.55664 0.3481 0.0245 -1.824 -0.662 0.019 0.024 0.989 9239.6 3.5891 15.262623 1.022874 15.681388 14.658514 "" "" 2429.05835 2843.08618 14787.59412 3.1338 7292.3 7.8335 10858.0 8.9451 "" "" 0.002764910647008917 0.003024126 0.0038837844 0.00690791 23.07881398355 61.41688684046 2634.55664 -1.824 -0.662 -0.3234428157806397 -0.24259999346733097 0.20255634 0.20755635 "" "" 5.048994860992231 "" 1.0318661522509733 ""
23.32548905912 61.85602663166 0.1438 0.1703 11.6377 "" "" 510781773121113344 2505.40747 0.4794 0.2197 0.315 -1.967 0.184 0.219 9.139 6875.3 4.0876 15.268495 1.38129 15.829725 14.448436 "" "" 1616.49084 4188.61182 14707.84352 20.844 6361.0 9.8841 13176.0 13.388 "" "" 0.0031558538271445036 0.0032605662 0.0039371043 0.0071976706 23.32548905912 61.85602663166 2505.40747 0.31499999999999995 -1.967 1.8155571842193603 -1.547599993467331 0.36755633 0.40255636 "" "" 28.33106946970314 "" 10.841610268892179 ""
23.36993008186 61.55585341534 0.0153 0.0175 8.4361 "" "" 509997443377605376 2812.35449 0.3286 0.0245 -2.836 -1.309 0.02 0.023 0.962 7157.6 3.9085 15.270679 1.460473 15.930619 14.470146 "" "" 2626.85645 3112.5249 14678.27498 3.3875 5796.5 8.1079 12915.0 11.29 "" "" 0.0027666901870380097 0.0031767031 0.003896738 0.007073441 23.36993008186 61.55585341534 2812.35449 -2.8359999999999994 -1.309 -1.3354428157806395 -0.8895999934673309 0.20355634 0.20655635 "" "" 21.390443424297494 "" 4.373984387890909 ""
23.92001539893 61.84847765844 0.0148 0.0182 15.5043 "" "" 511529441027783168 2545.83667 0.3643 0.0249 -1.42 -0.454 0.019 0.025 1.023 "" "" 15.273143 1.133693 15.749989 14.616296 "" "" 2422.59619 2720.37012 14645.00435 3.1201 6845.8 11.193 11289.0 11.638 "" "" 0.0027650128236976243 0.0033070187 0.003941645 0.0072486633 23.92001539893 61.84847765844 2545.83667 -1.42 -0.45399999999999996 0.08055718421936042 -0.03459999346733095 0.20255634 0.20855635 "" "" 1.0579778380558178 "" 0.21530108205752874 ""
22.88737455734 61.54856007123 0.0158 0.0201 19.295 "" "" 510750677556950528 2489.92017 0.3719 0.0274 -1.958 -0.614 0.021 0.027 0.989 "" "" 15.280353 1.217232 15.794587 14.577355 "" "" 2324.96167 2672.71729 14548.08445 3.6085 6570.3 35.395 11701.0 31.236 "" "" 0.0027684498995100976 0.006480413 0.004762813 0.011243226 22.88737455734 61.54856007123 2489.92017 -1.958 -0.6140000000000003 -0.4574428157806396 -0.19459999346733092 0.20455635 0.21055634 "" "" 5.867058591386897 "" 1.2056051637107905 ""
23.7269013557 62.08024219012 0.0166 0.0185 24.756 "" "" 512286764021421184 2375.21997 0.3914 0.026 0.833 -1.435 0.02 0.026 1.051 7052.7 3.5727 15.28408 1.455682 15.944252 14.48857 "" "" 2236.57666 2523.61548 14498.22941 3.2903 5724.2 8.5377 12698.0 10.848 "" "" 0.0027663158734134085 0.0032260593 0.0038915398 0.0071175992 23.7269013557 62.08024219012 2375.21997 0.833 -1.435 2.3335571842193605 -1.015599993467331 0.20355634 0.20955634 "" "" 28.6527864161383 "" 5.860171592540049 ""
23.40646712324 61.57111768777 0.0163 0.0185 7.1667 "" "" 510020945439875456 2632.53955 0.3495 0.026 -1.313 -0.2 0.02 0.025 0.96 9006.9 3.5135 15.287953 0.911655 15.651218 14.739564 "" "" 2495.14771 2812.92188 14446.59341 3.2288 7497.7 10.734 10077.0 13.41 "" "" 0.0027659851359636573 0.0031939244 0.0040461477 0.007240072 23.40646712324 61.57111768777 2632.53955 -1.313 -0.2 0.1875571842193604 0.21940000653266906 0.20355634 0.20855635 "" "" 3.6017403075128347 "" 0.7436151964722689 ""
22.99386447088 61.89796203583 0.0155 0.0188 19.4406 "" "" 510791531286775552 2314.5896 0.4027 0.0255 -0.205 0.679 0.02 0.025 1.023 8052.0 3.5741 15.298294 1.440896 15.946383 14.505487 "" "" 2175.54663 2455.26489 14309.65783 3.5561 5713.0 8.743 12502.0 11.436 "" "" 0.0027684996867744943 0.0032474431 0.0039076963 0.0071551395 22.99386447088 61.89796203583 2314.5896 -0.20499999999999996 0.679 1.2955571842193603 1.0984000065326691 0.20355634 0.20855635 "" "" 18.634663683947057 "" 3.8324446260511893 ""
23.05405829583 61.77383932025 0.0163 0.02 13.9281 "" "" 510777649952559488 2901.0 0.3178 0.0258 -1.484 -0.467 0.021 0.027 1.029 9887.4 3.5724 15.302057 1.049265 15.728806 14.679542 "" "" 2706.9126 3058.65552 14260.14163 3.253 6980.6 8.6928 10650.0 9.5528 "" "" 0.002766429643793026 0.0031004958 0.0039028411 0.007003337 23.05405829583 61.77383932025 2901.0 -1.484 -0.46699999999999997 0.016557184219360366 -0.04759999346733096 0.20455635 0.21055634 "" "" 0.6930017897199233 "" 0.14547285573794136 ""
23.25804554926 61.33560172729 0.0157 0.0176 21.8995 "" "" 509988544205297920 2733.5542 0.3422 0.026 -1.412 -0.502 0.02 0.023 0.961 8613.5 3.8762 15.303133 0.802969 15.617601 14.814632 "" "" 2537.94238 2942.57202 14246.02149 3.538 7733.5 11.531 9403.8 11.615 "" "" 0.002768482715837363 0.0032258064 0.0040102494 0.007236056 23.25804554926 61.33560172729 2733.5542 -1.412 -0.502 0.08855718421936043 -0.08259999346733093 0.20355634 0.20655635 "" "" 1.5690943039340537 "" 0.3215976763037558 ""
23.14390426777 61.98892446981 0.015 0.0171 21.0808 "" "" 510786720923320960 2490.6604 0.3678 0.0241 -2.92 1.569 0.019 0.022 1.007 "" "" 15.305191 1.311777 15.871858 14.560081 "" "" 2354.65186 2644.97998 14219.04756 3.1602 6118.9 11.991 11888.0 13.762 "" "" 0.0027658666018309944 0.0035088563 0.0039829006 0.007491757 23.14390426777 61.98892446981 2490.6604 -2.92 1.5689999999999997 -1.4194428157806396 1.988400006532669 0.20255634 0.20555635 "" "" 28.842132415197668 "" 5.89961632523372 ""
23.309718817 61.89814233318 0.0161 0.0182 14.124 "" "" 510784968576746368 2419.88232 0.3916 0.024 -1.432 -0.47 0.02 0.024 0.996 9463.2 3.7152 15.305881 0.97874 15.69689 14.71815 "" "" 2279.62158 2576.53882 14210.01205 3.2387 7188.9 17.895 10278.0 9.4572 "" "" 0.002766410057117048 0.0038845195 0.0039091925 0.007793712 23.309718817 61.89814233318 2419.88232 -1.4320000000000008 -0.47 0.06855718421936041 -0.050599993467330906 0.20355634 0.20755635 "" "" 0.977359330553674 "" 0.20033504612066277 ""
23.46638848263 61.66787270332 0.0154 0.0176 1.329 "" "" 510023110103305344 2381.16431 0.387 0.0245 -1.651 -0.52 0.02 0.023 1.003 9496.3 3.8025 15.306767 0.919058 15.673104 14.754046 "" "" 2256.13037 2533.47095 14198.42217 2.9737 7348.1 8.9936 9943.5 8.9016 "" "" 0.002764687686047154 0.0030904606 0.0039023652 0.006992826 23.46638848263 61.66787270332 2381.16431 -1.651 -0.5199999999999998 -0.15044281578063967 -0.10059999346733095 0.20355634 0.20655635 "" "" 2.0426591202238407 "" 0.4176992864010503 ""
23.99598300072 61.35037910093 0.0154 0.0189 24.3476 "" "" 510002322462026240 2521.93848 0.3712 0.0262 -1.745 -0.44 0.019 0.026 0.953 9057.4 3.6528 15.310971 0.927622 15.68156 14.753938 "" "" 2355.23047 2707.11792 14143.5395 3.0109 7291.1 11.26 9944.5 14.355 "" "" 0.0027649976504941147 0.003255235 0.004091463 0.007346698 23.99598300072 61.35037910093 2521.93848 -1.745 -0.43999999999999995 -0.24444281578063976 -0.020599993467330935 0.20255634 0.20955634 "" "" 2.932424458458091 "" 0.5941284082803447 ""
23.87526847396 61.7222018536 0.0148 0.0182 10.855 "" "" 510025755803117952 2606.32227 0.3556 0.0249 -1.423 -0.489 0.019 0.025 0.94 9859.0 3.6901 15.313674 1.221391 15.834667 14.613276 "" "" 2425.677 2765.82446 14108.38022 3.6395 6332.1 11.542 11320.0 10.372 "" "" 0.0027695192098406295 0.003420775 0.003908117 0.007328892 23.87526847396 61.7222018536 2606.32227 -1.423 -0.489 0.07755718421936031 -0.06959999346733092 0.20255634 0.20855635 "" "" 1.287380393223427 "" 0.2642406537670378 ""
