Clusters/LP_1342/LP_1342_stars_in_region.tsv
# %ECSV 1.0
# ---
# datatype:
# - name: RA_ICRS_1
#   unit: deg
#   datatype: float64
#   format: '{:15.11f}'
#   description: Right ascension (ICRS) at Ep=2016.0 (ra)
#   meta: !!omap
#   - {ucd: POS_EQ_RA_MAIN}
#   - {width: 15}
#   - {precision: '11'}
# - name: DE_ICRS_1
#   unit: deg
#   datatype: float64
#   format: '{:15.11f}'
#   description: Declination (ICRS) at Ep=2016.0 (dec)
#   meta: !!omap
#   - {ucd: POS_EQ_DEC_MAIN}
#   - {width: 15}
#   - {precision: '11'}
# - name: e_RA_ICRS
#   unit: mas
#   datatype: float64
#   format: '{:7.4f}'
#   description: Standard error of right ascension (ra_error)
#   meta: !!omap
#   - {ucd: ERROR}
#   - {width: 7}
#   - {precision: '4'}
# - name: e_DE_ICRS
#   unit: mas
#   datatype: float64
#   format: '{:7.4f}'
#   description: Standard error of declination (dec_error)
#   meta: !!omap
#   - {ucd: ERROR}
#   - {width: 7}
#   - {precision: '4'}
# - name: _r_1
#   unit: ''
#   datatype: float64
#   format: '{:7.4f}'
#   description: Distance from center (023.50351764000+61.68130011000)[ICRS], at Epoch=J2016.0
#   meta: !!omap
#   - {ucd: POS_ANG_DIST_GENERAL}
#   - {width: 7}
#   - {precision: '4'}
# - name: HIP
#   datatype: int32
#   description: '? HIP cross-id number, van Leeuwen, Cat. I/311 (hip_original_ext_source_id)'
#   meta: !!omap
#   - {ucd: ID_NUMBER}
#   - {width: 6}
#   - values: {'null': -2147483648}
# - name: TYC2
#   datatype: string
#   description: Tycho-2 cross-id name, Hog et al., Cat. I/259 (tyc2_original_ext_source_id)
#   meta: !!omap
#   - {ucd: ID_CROSSID}
#   - {_votable_string_dtype: char}
# - name: Source
#   datatype: int64
#   description: Source identifier, identical to the Gaia-EDR3 source_id (id)
#   meta: !!omap
#   - {ucd: ID_MAIN}
#   - {width: 19}
# - name: rgeo
#   unit: pc
#   datatype: float64
#   format: '{:15.8f}'
#   description: '? Median of the geometric distance posterior (r_med_geo)'
#   meta: !!omap
#   - {ucd: PHYS_DISTANCE_TRUE}
#   - {width: 15}
#   - {precision: '8'}
#   - values: {'null': .nan}
# - name: Plx
#   unit: mas
#   datatype: float64
#   format: '{:9.4f}'
#   description: '? Parallax (parallax)'
#   meta: !!omap
#   - {ucd: POS_PARLX_TRIG}
#   - {width: 9}
#   - {precision: '4'}
#   - values: {'null': .nan}
# - name: e_Plx
#   unit: mas
#   datatype: float32
#   format: '{:7.4f}'
#   description: '? Standard error of parallax (parallax_error)'
#   meta: !!omap
#   - {ucd: ERROR}
#   - {width: 7}
#   - {precision: '4'}
#   - values: {'null': .nan}
# - name: pmRA
#   unit: mas / yr
#   datatype: float64
#   format: '{:9.3f}'
#   description: '? Proper motion in right ascension direction, pmRA*cosDE (pmra)'
#   meta: !!omap
#   - {ucd: POS_EQ_PMRA}
#   - {width: 9}
#   - {precision: '3'}
#   - values: {'null': .nan}
# - name: pmDE
#   unit: mas / yr
#   datatype: float64
#   format: '{:9.3f}'
#   description: '? Proper motion in declination direction (pmdec)'
#   meta: !!omap
#   - {ucd: POS_EQ_PMDEC}
#   - {width: 9}
#   - {precision: '3'}
#   - values: {'null': .nan}
# - name: e_pmRA
#   unit: mas / yr
#   datatype: float32
#   format: '{:6.3f}'
#   description: '? Standard error of proper motion in right ascension direction (pmra_error)'
#   meta: !!omap
#   - {ucd: ERROR}
#   - {width: 6}
#   - {precision: '3'}
#   - values: {'null': .nan}
# - name: e_pmDE
[...]
#         value: !astropy.table.SerializedColumn {name: SkyCoord.dec}
#       distance: !astropy.table.SerializedColumn
#         __class__: astropy.coordinates.distances.Distance
#         unit: !astropy.units.Unit {unit: pc}
#         value: !astropy.table.SerializedColumn {name: SkyCoord.distance}
#       frame: icrs
#       obstime: !astropy.time.Time {format: jyear_str, in_subfmt: '*', jd1: 367701545.0, jd2: 0.0, out_subfmt: '*', precision: 3, scale: tt}
#       pm_dec: !astropy.table.SerializedColumn
#         __class__: astropy.units.quantity.Quantity
#         unit: !astropy.units.Unit {unit: mas / yr}
#         value: !astropy.table.SerializedColumn {name: SkyCoord.pm_dec}
#       pm_ra_cosdec: !astropy.table.SerializedColumn
#         __class__: astropy.units.quantity.Quantity
#         unit: !astropy.units.Unit {unit: mas / yr}
#         value: !astropy.table.SerializedColumn {name: SkyCoord.pm_ra_cosdec}
#       ra: !astropy.table.SerializedColumn
#         __class__: astropy.coordinates.angles.Longitude
#         unit: *id001
#         value: !astropy.table.SerializedColumn {name: SkyCoord.ra}
#         wrap_angle: !astropy.coordinates.Angle
#           unit: *id001
#           value: 360.0
#       representation_type: spherical
# schema: astropy-2.0
RA_ICRS_1 DE_ICRS_1 e_RA_ICRS e_DE_ICRS _r_1 HIP TYC2 Source rgeo Plx e_Plx pmRA pmDE e_pmRA e_pmDE RUWE Teff logg Gmag BP-RP BPmag RPmag RV e_RV b_rgeo B_rgeo FG e_FG FBP e_FBP FRP e_FRP RAVE5 RAVE6 e_Gmag e_BPmag e_RPmag e_BP-RP SkyCoord.ra SkyCoord.dec SkyCoord.distance SkyCoord.pm_ra_cosdec SkyCoord.pm_dec rmRA rmDE e_rmRA e_rmDE rRV e_rRV v_pec v_pec3d e_vpec e_vpec3d
[from data line 717]
23.79310162789 61.61685263812 0.0248 0.0314 9.1121 "" "" 510019124373697536 2479.3916 0.3805 0.0427 0.781 -0.183 0.031 0.042 1.031 15023.3 4.5904 16.373873 1.588873 17.02704 15.438168 "" "" 2298.17969 2764.35962 5313.70808 2.3648 2111.5 16.457 5295.3 34.118 "" "" 0.0027973675626427794 0.008910336 0.007951126 0.016861461 23.79310162789 61.61685263812 2479.3916 0.781 -0.183 2.2815571842193605 0.23640000653266907 0.21455635 0.22555634 "" "" 26.957129084232367 "" 5.787052733104357 ""
24.17368401343 61.42866905038 0.0246 0.0311 24.4249 "" "" 510001703986509568 2381.32715 0.4151 0.0429 0.79 0.863 0.033 0.042 1.031 5520.4 4.202 16.374125 1.59881 17.101273 15.502462 "" "" 2149.24097 2650.229 5312.47765 2.0538 1972.0 14.191 4990.8 34.737 "" "" 0.002787108741763293 0.008296478 0.008449332 0.01674581 24.17368401343 61.42866905038 2381.32715 0.7899999999999998 0.8629999999999998 2.2905571842193604 1.282400006532669 0.21655634 0.22555634 "" "" 29.630903567391783 "" 6.481398318382613 ""
23.83516655825 61.45839282237 0.0243 0.0325 16.3897 "" "" 510015722759741824 2965.38281 0.3225 0.0422 -1.225 -0.733 0.03 0.043 1.057 7599.4 4.1255 16.374716 1.093076 16.833397 15.740321 "" "" 2665.9834 3324.49463 5309.57966 2.0234 2523.8 6.5084 4008.9 6.9948 "" "" 0.002786213329002145 0.0039527873 0.0042275907 0.008180378 23.83516655825 61.45839282237 2965.38281 -1.2249999999999999 -0.7330000000000001 0.27555718421936026 -0.3135999934673309 0.21355635 0.22655635 "" "" 5.867847160492545 "" 1.296713981970887 ""
22.88288154939 61.54887638008 0.0334 0.0401 19.4039 "" "" 510750741976434304 2761.15234 0.3474 0.0505 -2.078 -0.263 0.039 0.05 0.971 9468.0 4.1731 16.377123 1.242393 16.912003 15.669609 "" "" 2441.23218 3118.4646 5297.82255 2.3284 2347.6 22.236 4278.7 18.144 "" "" 0.002796335549827711 0.010655663 0.0059566377 0.0166123 22.88288154939 61.54887638008 2761.15234 -2.078 -0.26300000000000007 -0.5774428157806395 0.15640000653266906 0.22255635 0.23355635 "" "" 7.829792768337506 "" 1.7485916319534476 ""
24.0350675326 61.55150266074 0.0238 0.032 17.0442 "" "" 510011874468959744 2344.73657 0.4024 0.0414 -5.329 -1.086 0.029 0.041 0.966 6572.4 4.0752 16.377813 1.866374 17.298752 15.432378 "" "" 2105.50171 2597.72485 5294.4555 1.8687 1644.1 4.7042 5323.6 6.4519 "" "" 0.0027818416919386437 0.004175626 0.004001898 0.008177524 24.0350675326 61.55150266074 2344.73657 -5.328999999999999 -1.086 -3.8284428157806394 -0.666599993467331 0.21255635 0.22455636 "" "" 43.1896810568595 "" 9.195908207828586 ""
23.49566236272 61.28512642701 0.026 0.0324 23.7715 "" "" 509990090393735296 2261.34985 0.4215 0.0449 -4.47 -3.513 0.034 0.045 0.976 7387.4 4.4079 16.38441 1.409078 17.014427 15.60535 "" "" 2081.06567 2483.64917 5262.3849 2.2385 2136.2 7.9022 4539.6 7.2817 "" "" 0.0027937596011227556 0.004890402 0.0041613425 0.009051744 23.49566236272 61.28512642701 2261.34985 -4.470000000000001 -3.512999999999999 -2.9694428157806394 -3.093599993467331 0.21755636 0.22855635 "" "" 45.963466349512615 "" 10.265900198342223 ""
23.90813219571 61.56633729074 0.0269 0.035 13.4424 "" "" 510018024862115328 2239.57739 0.4233 0.0447 -0.762 -0.18 0.034 0.045 1.113 9296.0 4.2088 16.384941 1.295568 16.92957 15.634001 "" "" 2045.66565 2493.89478 5259.80974 2.1279 2309.9 9.1568 4421.4 14.024 "" "" 0.0027901118879727774 0.005129297 0.005113062 0.010242359 23.90813219571 61.56633729074 2239.57739 -0.762 -0.18 0.7385571842193603 0.23940000653266907 0.21755636 0.22855635 "" "" 8.241827124424091 "" 1.8018781087095406 ""
22.87843170095 61.86946011864 0.0264 0.0338 21.0252 "" "" 510790809732294912 2268.88696 0.4201 0.0446 -1.477 -0.415 0.033 0.045 0.975 9399.1 4.3815 16.386383 1.22512 16.914646 15.689527 "" "" 2048.89429 2518.07056 5252.8296 2.01 2341.8 7.8679 4201.0 7.0302 "" "" 0.002786466344139476 0.004592563 0.0041934447 0.008786008 22.87843170095 61.86946011864 2268.88696 -1.477 -0.4149999999999993 0.02355718421936026 0.004400006532669087 0.21655634 0.22855635 "" "" 0.2577276309223909 "" 0.05591959661784283 ""
23.19213306872 61.8786881748 0.0274 0.0318 14.7753 "" "" 510779161780978688 2220.74512 0.4308 0.0428 2.999 -1.0 0.035 0.042 1.042 7176.0 4.3342 16.386553 1.469352 17.054817 15.585465 "" "" 2035.9967 2412.15527 5252.01553 2.0741 2058.2 7.5815 4623.5 8.2587 "" "" 0.0027884827742190236 0.0048764767 0.004247936 0.009124413 23.19213306872 61.8786881748 2220.74512 2.999000000000001 -1.0 4.499557184219361 -0.5805999934673309 0.21855634 0.22555634 "" "" 47.75650855778524 "" 10.443048998229653 ""
24.10380871362 61.71543984176 0.0269 0.0324 17.1987 "" "" 510014898125797504 2865.88086 0.3305 0.044 1.225 -1.688 0.035 0.042 1.08 7547.9 4.0678 16.388687 1.899309 17.319899 15.420589 "" "" 2553.65405 3284.65991 5241.69296 2.5756 1612.3 7.6176 5381.7 8.1696 "" "" 0.002806493780718902 0.0058394717 0.004123134 0.009962605 24.10380871362 61.71543984176 2865.88086 1.2250000000000003 -1.6879999999999997 2.7255571842193604 -1.2685999934673309 0.21855634 0.22555634 "" "" 40.83878681654457 "" 8.977145645440322 ""
23.62051156147 61.89883464485 0.0257 0.0286 13.4673 "" "" 510782700834194048 2968.04565 0.3163 0.0402 -1.739 -0.246 0.032 0.039 1.009 9147.2 3.8699 16.390778 1.237577 16.922594 15.685018 "" "" 2684.61719 3379.08569 5231.61089 1.8033 2324.8 6.7838 4218.4 8.1688 "" "" 0.0027806203032102682 0.0042216703 0.004324836 0.008546507 23.62051156147 61.89883464485 2968.04565 -1.7389999999999997 -0.24599999999999977 -0.23844281578063975 0.17340000653266907 0.21555635 0.22255635 "" "" 4.147774324614889 "" 0.9042279396076155 ""
23.37276612086 61.75160936722 0.0264 0.0316 5.6227 "" "" 510775004252840576 2702.29175 0.3563 0.0452 -0.653 -0.647 0.036 0.042 1.034 9215.3 3.8583 16.391422 1.545681 17.09977 15.554089 "" "" 2368.92236 3268.51245 5228.50924 2.1455 1974.7 7.1322 4759.1 9.4362 "" "" 0.0027911081173719533 0.0048127766 0.004349497 0.009162273 23.37276612086 61.75160936722 2702.29175 -0.6530000000000002 -0.6470000000000002 0.8475571842193603 -0.22759999346733095 0.21955635 0.22555634 "" "" 11.240862333660212 "" 2.472596835477526 ""
23.53366394698 61.45185206318 0.0275 0.0332 13.7938 "" "" 509995931549137792 2647.8125 0.3605 0.0454 -1.001 -0.532 0.033 0.044 1.062 7476.8 4.3717 16.391909 1.1391 16.869648 15.730548 "" "" 2359.396 2992.86401 5226.16378 2.0021 2440.9 8.8158 4045.2 6.4086 "" "" 0.002786537741072209 0.004812698 0.0041523953 0.008965094 23.53366394698 61.45185206318 2647.8125 -1.001 -0.532 0.49955718421936046 -0.11259999346733096 0.21655634 0.22755635 "" "" 6.427052398177743 "" 1.3953194908379125 ""
23.32284616984 61.7908585475 0.0283 0.0349 8.3403 "" "" 510775657087727104 2821.98682 0.3241 0.0494 -0.035 -0.574 0.038 0.046 1.07 7784.7 4.2617 16.394402 1.785742 17.256298 15.470556 "" "" 2430.39282 3232.58813 5214.18461 2.2658 1709.6 6.9822 5139.7 6.9973 "" "" 0.002795422371019878 0.0052390643 0.004058157 0.009297222 23.32284616984 61.7908585475 2821.98682 -0.03500000000000017 -0.5740000000000007 1.4655571842193604 -0.1545999934673309 0.22155635 0.22955635 "" "" 19.71238349388841 "" 4.369170272310128 ""
23.57021585037 61.53336445033 0.0259 0.0304 9.0778 "" "" 510019708489327360 2568.46191 0.3831 0.0417 -2.471 -2.425 0.032 0.04 1.021 7214.2 4.3465 16.39702 1.331183 16.98701 15.655826 "" "" 2324.46436 2970.90698 5201.62416 1.9786 2190.9 5.9005 4333.4 8.5246 "" "" 0.0027860999829249582 0.0040417006 0.004341147 0.0083828475 23.57021585037 61.53336445033 2568.46191 -2.471 -2.425 -0.9704428157806397 -2.0055999934673308 0.21555635 0.22355634 "" "" 27.125371500265853 "" 6.023481991157457 ""
23.73306856697 62.02977662931 0.0272 0.0301 21.8946 "" "" 512285149113742208 2456.94727 0.3854 0.0426 -1.565 -0.405 0.033 0.043 1.059 7181.4 4.3583 16.397276 1.313209 16.976469 15.66326 "" "" 2195.1853 2695.91626 5200.3993 2.3081 2212.2 7.6166 4303.8 10.394 "" "" 0.0027971416307788475 0.004664664 0.0045999256 0.00926459 23.73306856697 62.02977662931 2456.94727 -1.565 -0.40500000000000036 -0.0644428157806396 0.01440000653266904 0.21655634 0.22655635 "" "" 0.769005082804427 "" 0.16690666772930776 ""
23.51087466527 61.78073723966 0.0255 0.0303 5.9699 "" "" 510780428789876224 2592.75635 0.3658 0.0435 -1.51 -0.389 0.034 0.04 0.96 9244.2 4.1663 16.402536 1.277902 16.96106 15.683158 "" "" 2343.56543 2961.81787 5175.25683 1.9309 2243.8 8.613 4225.7 8.1845 "" "" 0.0027849394619270723 0.0050154384 0.0043250313 0.00934047 23.51087466527 61.78073723966 2592.75635 -1.51 -0.389 -0.009442815780639657 0.030400006532669055 0.21755636 0.22355634 "" "" 0.3912144533280253 "" 0.08725445834550041 ""
23.0882834696 61.81872257211 0.0275 0.0334 14.389 "" "" 510777821751228672 3042.47925 0.3102 0.0438 -1.701 0.306 0.034 0.046 0.994 "" "" 16.402788 1.293451 16.963772 15.670321 "" "" 2746.89648 3416.30957 5174.06083 1.9681 2238.2 5.9242 4275.9 7.0657 "" "" 0.002786099503221609 0.0040054615 0.004183611 0.008189073 23.0882834696 61.81872257211 3042.47925 -1.701 0.30600000000000005 -0.20044281578063972 0.7254000065326691 0.21755636 0.22955635 "" "" 10.853276732146309 "" 2.4824250370993095 ""
23.37983318324 61.46013459294 0.0265 0.0317 13.7322 "" "" 509996476999832320 2526.62891 0.3781 0.0446 3.632 -0.549 0.033 0.041 1.022 7633.2 4.4128 16.406475 1.388909 17.026314 15.637404 "" "" 2262.36963 2854.02588 5156.52378 1.9544 2113.0 6.5645 4407.5 6.8676 "" "" 0.0027858804987954716 0.004377523 0.0041407435 0.0085182665 23.37983318324 61.46013459294 2526.62891 3.632 -0.5489999999999999 5.13255718421936 -0.12959999346733098 0.21655634 0.22455636 "" "" 61.48823211629323 "" 13.315985749526687 ""
23.2885616397 61.50242304342 0.0269 0.0304 12.3628 "" "" 510747379022117504 2478.96924 0.3758 0.0421 -3.753 0.019 0.033 0.039 1.013 7105.5 4.3073 16.40897 1.500039 17.085018 15.584979 "" "" 2238.16431 2754.50537 5144.68215 2.0528 2001.7 7.9196 4625.6 7.7051 "" "" 0.002789170544268101 0.0051222676 0.0041898256 0.009312093 23.2885616397 61.50242304342 2478.96924 -3.753 0.0189999999999996 -2.2524428157806398 0.4384000065326691 0.21655634 0.22255635 "" "" 26.963561495310383 "" 5.84511387212092 ""
24.12809172785 61.53568755459 0.0237 0.0308 19.8454 "" "" 510011084194989952 3075.48096 0.301 0.0407 -1.643 -0.399 0.03 0.04 0.992 9231.5 3.7364 16.409193 1.545451 17.119572 15.57412 "" "" 2773.42554 3580.1084 5143.63009 1.943 1939.0 6.7332 4672.1 7.369 "" "" 0.002785677750695687 0.004690383 0.004149247 0.00883963 24.12809172785 61.53568755459 3075.48096 -1.6429999999999993 -0.39899999999999924 -0.14244281578063966 0.020400006532669046 0.21355635 0.22355634 "" "" 2.09768709327747 "" 0.4484056625475879 ""
24.3479082934 61.76171917371 0.0245 0.0303 24.4822 "" "" 511515559693705216 2741.10889 0.3498 0.0424 -2.008 0.077 0.032 0.041 0.938 9055.4 4.3245 16.409346 1.321362 16.991098 15.669736 "" "" 2496.92017 2971.09985 5142.90895 1.9705 2182.6 7.1382 4278.2 6.4192 "" "" 0.0027865470169916658 0.0045159673 0.0041155377 0.008631505 24.3479082934 61.76171917371 2741.10889 -2.0080000000000005 0.07699999999999993 -0.5074428157806397 0.4964000065326691 0.21555635 0.22455636 "" "" 9.223199992340726 "" 2.0291350501776235 ""
23.54267786323 62.0547705906 0.0297 0.0341 22.4356 "" "" 512286008107191040 3043.5625 0.3085 0.046 -1.505 -0.306 0.037 0.046 1.107 9347.3 4.2875 16.410288 1.092619 16.858994 15.766375 "" "" 2671.06177 3555.47827 5138.44237 2.3817 2465.0 6.6396 3913.9 8.911 "" "" 0.0028009008234276254 0.004041987 0.004516005 0.008557992 23.54267786323 62.0547705906 3043.5625 -1.505 -0.30600000000000005 -0.004442815780639542 0.11340000653266907 0.22055635 0.22955635 "" "" 1.6372187038258563 "" 0.3758118123597393 ""
23.85326832933 61.38626359029 0.0257 0.0332 20.3325 "" "" 510003284534506880 2596.93457 0.373 0.0435 -1.655 -0.447 0.032 0.044 0.973 7229.2 4.2329 16.411137 1.204422 16.928785 15.724363 "" "" 2370.73779 2838.12427 5134.43258 2.1484 2311.5 7.4925 4068.3 9.3489 "" "" 0.0027925225049956594 0.0044911657 0.004528663 0.009019829 23.85326832933 61.38626359029 2596.93457 -1.6550000000000011 -0.4470000000000015 -0.15444281578063968 -0.02759999346733094 0.21555635 0.22755635 "" "" 1.93122766150437 "" 0.41702491054410923 ""
23.83090960877 61.56236806878 0.0264 0.0322 11.7511 "" "" 510018162301073280 2508.3313 0.3805 0.0426 -1.378 -0.195 0.033 0.043 0.986 8544.4 4.4586 16.413973 1.325966 16.991253 15.665287 "" "" 2266.23291 2819.18872 5121.03236 2.0752 2182.3 8.4444 4295.8 9.2986 "" "" 0.0027902269239819203 0.005043368 0.0044505047 0.0094938725 23.83090960877 61.56236806878 2508.3313 -1.378 -0.195 0.12255718421936046 0.22440000653266906 0.21655634 0.22655635 "" "" 3.0399831086900266 "" 0.6818629352309182 ""
23.16399370612 61.42635534276 0.0263 0.0307 18.1148 "" "" 510745454876951552 2671.61011 0.3454 0.043 -0.034 -0.824 0.035 0.041 0.988 6888.8 4.2878 16.414835 1.401392 17.039574 15.638182 "" "" 2451.09961 3018.07153 5116.96972 2.1782 2087.3 11.056 4404.4 9.6274 "" "" 0.002793814208863164 0.006392038 0.0044627483 0.010854786 23.16399370612 61.42635534276 2671.61011 -0.034000000000000336 -0.824 1.4665571842193603 -0.4045999934673309 0.21855634 0.22455636 "" "" 19.265451001801612 "" 4.218866378222272 ""
23.79851111647 61.52879917875 0.0252 0.0319 12.4326 "" "" 510017646905028736 3094.96216 0.301 0.0422 -2.298 0.455 0.032 0.043 1.033 15068.7 4.5963 16.415651 1.429982 16.997276 15.567294 "" "" 2784.73584 3693.02979 5113.12063 2.5852 2170.2 8.0605 4701.5 13.28 "" "" 0.002809472369614113 0.0049037756 0.0048671355 0.009770911 23.79851111647 61.52879917875 3094.96216 -2.2980000000000005 0.45499999999999996 -0.7974428157806397 0.8744000065326691 0.21555635 0.22655635 "" "" 17.360960772891616 "" 3.8476976247378847 ""
23.75233498444 61.63549376389 0.0263 0.035 7.6015 "" "" 510019399251589248 2366.16772 0.4088 0.046 0.108 -0.484 0.034 0.048 1.054 6195.1 4.0922 16.417757 1.759392 17.068237 15.308846 "" "" 2144.32104 2657.35913 5103.21682 4.5934 2032.9 30.455 5965.1 41.926 "" "" 0.002923498913755251 0.016503057 0.00851576 0.025018817 23.75233498444 61.63549376389 2366.16772 0.10800000000000001 -0.484 1.6085571842193604 -0.06459999346733092 0.21755636 0.23155636 "" "" 18.0555330190373 "" 3.928516102010652 ""
23.4483668944 61.61873876559 0.0253 0.0301 4.0693 "" "" 510021495196014080 2589.73584 0.3571 0.0416 0.567 0.661 0.032 0.04 0.994 7652.1 4.1948 16.41993 1.490241 17.101494 15.611253 "" "" 2351.04736 2991.61548 5093.01353 1.8073 1971.6 7.1904 4515.0 9.2898 "" "" 0.0027821272987176085 0.0048439656 0.0043902444 0.0092342105 23.4483668944 61.61873876559 2589.73584 0.567 0.6609999999999996 2.0675571842193605 1.080400006532669 0.21555635 0.22355634 "" "" 28.63619738741737 "" 6.222562059709657 ""
23.82742294874 61.86119202089 0.0386 0.046 14.1774 "" "" 510031425159879680 2291.35815 0.4313 0.0614 -1.372 -0.657 0.048 0.062 1.433 7448.0 4.2395 16.420216 1.490171 17.020124 15.529953 "" "" 2035.53613 2652.12158 5091.67324 3.7435 2125.0 17.721 4866.1 36.848 "" "" 0.0028686234144020425 0.009474435 0.0090486845 0.01852312 23.82742294874 61.86119202089 2291.35815 -1.372 -0.6570000000000003 0.12855718421936024 -0.23759999346733096 0.23155636 0.24555635 "" "" 2.934102964021203 "" 0.71139315633682 ""
