Clusters/LP_1342/LP_1342_stars_in_region.tsv
# %ECSV 1.0
# ---
# datatype:
# - name: RA_ICRS_1
#   unit: deg
#   datatype: float64
#   format: '{:15.11f}'
#   description: Right ascension (ICRS) at Ep=2016.0 (ra)
#   meta: !!omap
#   - {ucd: POS_EQ_RA_MAIN}
#   - {width: 15}
#   - {precision: '11'}
# - name: DE_ICRS_1
#   unit: deg
#   datatype: float64
#   format: '{:15.11f}'
#   description: Declination (ICRS) at Ep=2016.0 (dec)
#   meta: !!omap
#   - {ucd: POS_EQ_DEC_MAIN}
#   - {width: 15}
#   - {precision: '11'}
# - name: e_RA_ICRS
#   unit: mas
#   datatype: float64
#   format: '{:7.4f}'
#   description: Standard error of right ascension (ra_error)
#   meta: !!omap
#   - {ucd: ERROR}
#   - {width: 7}
#   - {precision: '4'}
# - name: e_DE_ICRS
#   unit: mas
#   datatype: float64
#   format: '{:7.4f}'
#   description: Standard error of declination (dec_error)
#   meta: !!omap
#   - {ucd: ERROR}
#   - {width: 7}
#   - {precision: '4'}
# - name: _r_1
#   unit: ''
#   datatype: float64
#   format: '{:7.4f}'
#   description: Distance from center (023.50351764000+61.68130011000)[ICRS], at Epoch=J2016.0
#   meta: !!omap
#   - {ucd: POS_ANG_DIST_GENERAL}
#   - {width: 7}
#   - {precision: '4'}
# - name: HIP
#   datatype: int32
#   description: '? HIP cross-id number, van Leeuwen, Cat. I/311 (hip_original_ext_source_id)'
#   meta: !!omap
#   - {ucd: ID_NUMBER}
#   - {width: 6}
#   - values: {'null': -2147483648}
# - name: TYC2
#   datatype: string
#   description: Tycho-2 cross-id name, Hog et al., Cat. I/259 (tyc2_original_ext_source_id)
#   meta: !!omap
#   - {ucd: ID_CROSSID}
#   - {_votable_string_dtype: char}
# - name: Source
#   datatype: int64
#   description: Source identifier, identical to the Gaia-EDR3 source_id (id)
#   meta: !!omap
#   - {ucd: ID_MAIN}
#   - {width: 19}
# - name: rgeo
#   unit: pc
#   datatype: float64
#   format: '{:15.8f}'
#   description: '? Median of the geometric distance posterior (r_med_geo)'
#   meta: !!omap
#   - {ucd: PHYS_DISTANCE_TRUE}
#   - {width: 15}
#   - {precision: '8'}
#   - values: {'null': .nan}
# - name: Plx
#   unit: mas
#   datatype: float64
#   format: '{:9.4f}'
#   description: '? Parallax (parallax)'
#   meta: !!omap
#   - {ucd: POS_PARLX_TRIG}
#   - {width: 9}
#   - {precision: '4'}
#   - values: {'null': .nan}
# - name: e_Plx
#   unit: mas
#   datatype: float32
#   format: '{:7.4f}'
#   description: '? Standard error of parallax (parallax_error)'
#   meta: !!omap
#   - {ucd: ERROR}
#   - {width: 7}
#   - {precision: '4'}
#   - values: {'null': .nan}
# - name: pmRA
#   unit: mas / yr
#   datatype: float64
#   format: '{:9.3f}'
#   description: '? Proper motion in right ascension direction, pmRA*cosDE (pmra)'
#   meta: !!omap
#   - {ucd: POS_EQ_PMRA}
#   - {width: 9}
#   - {precision: '3'}
#   - values: {'null': .nan}
# - name: pmDE
#   unit: mas / yr
#   datatype: float64
#   format: '{:9.3f}'
#   description: '? Proper motion in declination direction (pmdec)'
#   meta: !!omap
#   - {ucd: POS_EQ_PMDEC}
#   - {width: 9}
#   - {precision: '3'}
#   - values: {'null': .nan}
# - name: e_pmRA
#   unit: mas / yr
#   datatype: float32
#   format: '{:6.3f}'
#   description: '? Standard error of proper motion in right ascension direction (pmra_error)'
#   meta: !!omap
#   - {ucd: ERROR}
#   - {width: 6}
#   - {precision: '3'}
#   - values: {'null': .nan}
# - name: e_pmDE
[...]
#         value: !astropy.table.SerializedColumn {name: SkyCoord.dec}
#       distance: !astropy.table.SerializedColumn
#         __class__: astropy.coordinates.distances.Distance
#         unit: !astropy.units.Unit {unit: pc}
#         value: !astropy.table.SerializedColumn {name: SkyCoord.distance}
#       frame: icrs
#       obstime: !astropy.time.Time {format: jyear_str, in_subfmt: '*', jd1: 367701545.0, jd2: 0.0, out_subfmt: '*', precision: 3, scale: tt}
#       pm_dec: !astropy.table.SerializedColumn
#         __class__: astropy.units.quantity.Quantity
#         unit: !astropy.units.Unit {unit: mas / yr}
#         value: !astropy.table.SerializedColumn {name: SkyCoord.pm_dec}
#       pm_ra_cosdec: !astropy.table.SerializedColumn
#         __class__: astropy.units.quantity.Quantity
#         unit: !astropy.units.Unit {unit: mas / yr}
#         value: !astropy.table.SerializedColumn {name: SkyCoord.pm_ra_cosdec}
#       ra: !astropy.table.SerializedColumn
#         __class__: astropy.coordinates.angles.Longitude
#         unit: *id001
#         value: !astropy.table.SerializedColumn {name: SkyCoord.ra}
#         wrap_angle: !astropy.coordinates.Angle
#           unit: *id001
#           value: 360.0
#       representation_type: spherical
# schema: astropy-2.0
RA_ICRS_1 DE_ICRS_1 e_RA_ICRS e_DE_ICRS _r_1 HIP TYC2 Source rgeo Plx e_Plx pmRA pmDE e_pmRA e_pmDE RUWE Teff logg Gmag BP-RP BPmag RPmag RV e_RV b_rgeo B_rgeo FG e_FG FBP e_FBP FRP e_FRP RAVE5 RAVE6 e_Gmag e_BPmag e_RPmag e_BP-RP SkyCoord.ra SkyCoord.dec SkyCoord.distance SkyCoord.pm_ra_cosdec SkyCoord.pm_dec rmRA rmDE e_rmRA e_rmDE rRV e_rRV v_pec v_pec3d e_vpec e_vpec3d
[from data line 1034]
23.90533346676 61.31515655757 0.0323 0.0388 24.7985 "" "" 509978717320298752 2579.73096 0.3749 0.0543 -1.242 -0.661 0.039 0.05 0.972 7141.0 4.384 16.828445 1.311954 17.402338 16.090384 "" "" 2303.79028 2955.72754 3495.97563 1.4899 1494.5 7.6282 2904.1 9.3488 "" "" 0.0027939030123814972 0.006204558 0.0051478106 0.011352369 23.90533346676 61.31515655757 2579.73096 -1.242 -0.661 0.25855718421936036 -0.24159999346733096 0.22255635 0.23355635 "" "" 4.327068043482018 "" 0.9854895381512988 ""
23.5041013582 62.09445412533 0.04 0.0837 24.7892 "" "" 512289405425318784 2900.73169 0.3545 0.0735 -1.89 0.13 0.051 0.112 0.965 "" "" 16.831118 "" "" "" "" "" 2297.35669 3681.43652 3487.383 2.5735 "" "" "" "" "" "" 0.0028694484074098013 "" "" "" 23.5041013582 62.09445412533 2900.73169 -1.8899999999999997 0.12999999999999984 -0.38944281578063955 0.5494000065326691 0.23455635 0.29555637 "" "" 9.259285073124586 "" 2.5616471832583203 ""
23.5063419278 61.59128800553 0.2215 0.262 5.4013 "" "" 510021151598284800 3092.38428 0.651 0.3696 -1.294 -0.123 0.287 0.35 6.895 "" "" 16.832417 1.264503 17.222473 15.957971 "" "" 1951.75757 4544.00781 3483.21229 12.947 1763.7 7.9754 3280.7 9.742 "" "" 0.0048865387405568 0.0056471126 0.004967738 0.010614851 23.5063419278 61.59128800553 3092.38428 -1.294 -0.12300000000000007 0.2065571842193603 0.29640000653266907 0.47055635 0.53355634 "" "" 5.295517305151224 "" 2.7209032148593093 ""
23.50089856915 61.36085253499 0.0335 0.0394 19.227 "" "" 509993766885670528 2846.9021 0.3332 0.0548 -0.407 -0.447 0.043 0.054 1.006 5797.5 4.6101 16.832903 1.227669 17.368563 16.140894 "" "" 2469.14478 3362.06836 3481.65406 1.6374 1541.7 7.5982 2772.0 8.125 "" "" 0.002802234285096055 0.0060347556 0.0049407873 0.010975543 23.50089856915 61.36085253499 2846.9021 -0.4069999999999999 -0.4470000000000003 1.0935571842193603 -0.02759999346733094 0.22655635 0.23755635 "" "" 14.76150540378135 "" 3.344418597836048 ""
23.4414208856 61.7599038035 0.0324 0.0377 5.0357 "" "" 510774591935977344 2987.0105 0.3053 0.0534 -3.051 0.316 0.043 0.051 0.996 8546.4 4.2986 16.83495 1.577797 17.569714 15.991917 "" "" 2661.85718 3462.1145 3475.09946 1.6532 1280.9 8.4458 3179.7 7.5521 "" "" 0.002803315281620746 0.007683472 0.0045753224 0.012258794 23.4414208856 61.7599038035 2987.0105 -3.051 0.31599999999999906 -1.5504428157806398 0.7354000065326691 0.22655635 0.23455635 "" "" 24.295989637823148 "" 5.540618893742516 ""
23.0527237036 61.51659699507 0.0325 0.0377 16.2223 "" "" 510746760546812672 2331.0332 0.4116 0.0516 -1.642 -0.151 0.04 0.049 0.94 5707.1 4.5595 16.836746 1.435209 17.483253 16.048044 "" "" 2043.93652 2704.85034 3469.34943 1.7448 1387.1 7.6402 3019.5 6.9671 "" "" 0.0028089046910244023 0.0065991483 0.004534283 0.011133431 23.0527237036 61.51659699507 2331.0332 -1.6419999999999988 -0.15100000000000008 -0.14144281578063955 0.26840000653266904 0.22355634 0.23255634 "" "" 3.352170018451926 "" 0.7731111393274774 ""
23.5311853428 61.45149849919 0.0326 0.0395 13.8107 "" "" 509995897189399680 2511.86084 0.3903 0.0541 -1.427 -0.485 0.04 0.053 0.995 5133.3 4.3456 16.837156 1.381916 17.451767 16.06985 "" "" 2244.49219 2827.36914 3468.04256 1.6772 1427.9 5.2125 2959.5 6.9219 "" "" 0.002804905962505896 0.0048470534 0.004553272 0.009400325 23.5311853428 61.45149849919 2511.86084 -1.427 -0.48499999999999993 0.0735571842193603 -0.06559999346733092 0.22355634 0.23655635 "" "" 1.1734737523065486 "" 0.2692022921755281 ""
22.93174337836 61.56304799745 0.0358 0.0428 17.782 "" "" 510750814995887104 2307.0188 0.4436 0.0621 1.066 -2.893 0.045 0.056 1.027 5017.3 4.2983 16.837833 1.712279 17.65531 15.94303 "" "" 1944.29919 2918.84351 3465.87813 1.7063 1183.8 8.0957 3326.2 8.9933 "" "" 0.002806689199035485 0.007932003 0.004785541 0.012717543 22.93174337836 61.56304799745 2307.0188 1.0659999999999998 -2.8929999999999967 2.56655718421936 -2.4735999934673307 0.22855635 0.23955634 "" "" 38.97915399583576 "" 9.117930386787705 ""
23.15723617886 61.8640205245 0.0344 0.0399 14.7227 "" "" 510779780248939136 2814.54883 0.3486 0.0554 -2.318 -1.19 0.044 0.055 1.025 9589.3 4.3473 16.838324 1.317804 17.400517 16.082712 "" "" 2444.50635 3208.59839 3464.31594 1.6631 1497.0 8.0152 2924.6 10.689 "" "" 0.002804187015461868 0.006448146 0.0054800035 0.0119281495 23.15723617886 61.8640205245 2814.54883 -2.3180000000000005 -1.1900000000000006 -0.8174428157806397 -0.7705999934673309 0.22755635 0.23855636 "" "" 14.987292785364694 "" 3.4889955742506653 ""
23.38534328036 61.27070688235 0.0323 0.0401 24.8672 "" "" 509987135456256256 2528.00708 0.3751 0.0552 -0.316 -0.238 0.042 0.054 1.013 5856.0 4.5374 16.839615 1.396147 17.460396 16.064249 "" "" 2216.11304 2949.85645 3460.19744 1.5905 1416.6 6.6227 2974.8 7.0476 "" "" 0.002800152721549169 0.0057922103 0.0045716553 0.010363866 23.38534328036 61.27070688235 2528.00708 -0.316 -0.23799999999999993 1.1845571842193603 0.18140000653266908 0.22555634 0.23755635 "" "" 14.359727526990069 "" 3.242978556238894 ""
22.82292000603 61.76679526196 0.0359 0.0417 20.0132 "" "" 510765864561117184 3052.9248 0.3251 0.0573 -2.253 -2.18 0.047 0.054 1.06 5660.2 4.3655 16.840054 1.432726 17.386955 15.954229 "" "" 2597.09619 3599.72974 3458.80014 2.2381 1515.8 26.617 3292.1 26.515 "" "" 0.0028434782267082234 0.019268293 0.009526426 0.028794719 22.82292000603 61.76679526196 3052.9248 -2.253 -2.18 -0.7524428157806398 -1.760599993467331 0.23055634 0.23755635 "" "" 27.706630984818098 "" 6.5523073299608665 ""
22.77076431257 61.73946762036 0.0371 0.0431 21.1265 "" "" 510766169499365760 2810.99194 0.3371 0.0576 -1.48 -4.64 0.047 0.057 1.037 4815.6 4.2835 16.840822 1.654824 17.623138 15.968314 "" "" 2413.41504 3432.52148 3456.34973 1.6828 1219.4 6.8786 3249.6 7.1099 "" "" 0.0028055699589098963 0.006730219 0.0044639446 0.011194164 22.77076431257 61.73946762036 2810.99194 -1.4800000000000013 -4.640000000000001 0.02055718421936037 -4.220599993467331 0.23055634 0.24055634 "" "" 56.23637100153452 "" 13.528002766241894 ""
23.20530615564 61.93070604778 0.032 0.0375 17.187 "" "" 510785965009131520 3057.16187 0.3216 0.0509 -1.459 -0.556 0.039 0.05 0.945 7241.7 4.3484 16.84154 1.338062 17.430248 16.092186 "" "" 2595.21631 3982.1687 3454.06635 1.6075 1456.5 5.66 2899.2 7.5548 "" "" 0.002801269704269662 0.0050583305 0.0047210488 0.009779379 23.20530615564 61.93070604778 3057.16187 -1.4590000000000005 -0.5559999999999995 0.04155718421936028 -0.13659999346733098 0.22255635 0.23355635 "" "" 2.06903923917957 "" 0.4813509529072833 ""
23.28466356249 61.55725462139 0.0473 0.053 9.7135 "" "" 510748169296039296 2419.59619 0.3935 0.074 -0.798 -1.422 0.06 0.067 1.374 5825.3 4.5749 16.842472 1.6059 17.571932 15.966032 "" "" 2082.37402 2779.72168 3451.1024 3.0218 1278.3 8.1603 3256.5 9.869 "" "" 0.0029147165916693857 0.0074715586 0.005011022 0.012482581 23.28466356249 61.55725462139 2419.59619 -0.7980000000000003 -1.4219999999999997 0.7025571842193603 -1.0025999934673309 0.24355635 0.25055635 "" "" 14.040808351540196 "" 3.4859520413557297 ""
23.6771326124 61.72219748019 0.0327 0.0367 5.5143 "" "" 510028642021142016 2510.02393 0.3882 0.0544 -1.716 -0.29 0.043 0.052 1.01 8294.4 4.4046 16.843336 1.413092 17.475126 16.062035 "" "" 2243.2522 2902.64062 3448.35574 1.5918 1397.5 6.1625 2980.9 7.0942 "" "" 0.002800531896749117 0.005541424 0.004578254 0.010119678 23.6771326124 61.72219748019 2510.02393 -1.7159999999999997 -0.29000000000000026 -0.21544281578063962 0.1294000065326691 0.22655635 0.23555635 "" "" 2.9900410876514982 "" 0.6846500469611819 ""
22.93378950155 61.44305774969 0.0319 0.038 21.6637 "" "" 510743565091210880 2687.14307 0.3516 0.0517 -0.634 -3.747 0.041 0.051 0.959 5083.6 4.2635 16.844305 1.660833 17.636387 15.975554 "" "" 2375.61108 3066.04053 3445.28324 1.5526 1204.7 5.4025 3228.0 8.6205 "" "" 0.002798425624661494 0.005611796 0.004763489 0.0103752855 22.93378950155 61.44305774969 2687.14307 -0.6340000000000001 -3.7469999999999937 0.8665571842193603 -3.327599993467331 0.22455636 0.23455635 "" "" 43.797413151028486 "" 10.245702706050356 ""
24.00687797935 61.96652456609 0.033 0.0396 22.2763 "" "" 511531777489931520 2826.31079 0.3475 0.0554 -1.568 -0.584 0.041 0.054 1.015 7192.8 4.3452 16.844769 1.52813 17.549011 16.020882 "" "" 2433.19019 3357.66943 3443.81284 1.9055 1305.6 8.0757 3096.0 11.854 "" "" 0.0028200513961893743 0.007272297 0.0056182765 0.012890574 24.00687797935 61.96652456609 2826.31079 -1.5680000000000014 -0.584000000000001 -0.06744281578063971 -0.1645999934673309 0.22455636 0.23755635 "" "" 2.3830222781325396 "" 0.5617539231959838 ""
24.23235243241 61.65199795406 0.0308 0.0413 20.8286 "" "" 510013695535002496 3057.07275 0.3258 0.0552 -3.012 -1.215 0.04 0.053 0.979 7732.1 4.4073 16.845585 1.655164 17.629652 15.974488 "" "" 2644.6189 3632.86035 3441.2237 1.6235 1212.1 6.426 3231.2 6.5746 "" "" 0.0028025287495191905 0.0063966764 0.0043776906 0.010774367 24.23235243241 61.65199795406 3057.07275 -3.0120000000000005 -1.2149999999999999 -1.5114428157806397 -0.795599993467331 0.22355634 0.23655635 "" "" 24.750557625339088 "" 5.604523236824024 ""
23.55616808088 61.95647076131 0.0371 0.0436 16.5775 "" "" 510783456748420096 2926.9729 0.3301 0.0602 -1.386 -0.385 0.046 0.058 1.098 8196.8 4.2167 16.846405 1.46191 17.511887 16.049976 "" "" 2438.2168 3391.82007 3438.62533 2.0228 1351.0 8.3978 3014.2 6.8487 "" "" 0.0028283773755303134 0.007302946 0.004513266 0.011816212 23.55616808088 61.95647076131 2926.9729 -1.3860000000000008 -0.3849999999999999 0.11455718421936045 0.03440000653266906 0.22955635 0.24155635 "" "" 1.6594604775281985 "" 0.38262613185736466 ""
22.62842292835 61.72159362496 0.0344 0.041 25.0081 "" "" 510764765049517952 2671.80371 0.3561 0.0548 -0.648 -0.633 0.044 0.055 0.991 8208.5 4.4573 16.84768 1.409775 17.483864 16.07409 "" "" 2296.57397 3064.40698 3434.59169 1.6954 1386.3 6.1662 2948.0 6.1852 "" "" 0.0028069606290650976 0.0055773864 0.004412815 0.009990201 22.62842292835 61.72159362496 2671.80371 -0.6479999999999999 -0.633 0.8525571842193603 -0.21359999346733094 0.22755635 0.23855636 "" "" 11.130794110005288 "" 2.540278457685714 ""
22.866777184 61.76374081217 0.2007 0.2343 18.7627 "" "" 510765898920857728 2499.12231 0.8011 0.313 -3.757 3.453 0.243 0.282 5.633 "" "" 16.848076 1.536584 17.421614 15.88503 "" "" 1500.80408 4324.37109 3433.33558 11.073 1468.2 8.3619 3508.7 6.2719 "" "" 0.00445571271323525 0.006783983 0.0042485725 0.011032555 22.866777184 61.76374081217 2499.12231 -3.7570000000000006 3.453 -2.2564428157806398 3.872400006532669 0.42655635 0.46555635 "" "" 53.091325208002 "" 24.208931342975244 ""
22.99350144971 61.93616285523 0.0333 0.0386 21.0433 "" "" 510792149762033152 2982.51318 0.3242 0.053 -0.535 0.792 0.041 0.05 0.963 7160.4 4.3403 16.848726 1.503763 17.54267 16.038906 "" "" 2550.90454 3369.0542 3431.27869 1.6692 1313.3 5.5527 3045.1 9.8318 "" "" 0.0028054868950871006 0.005371981 0.0051548607 0.0105268415 22.99350144971 61.93616285523 2982.51318 -0.5350000000000006 0.7920000000000005 0.9655571842193603 1.211400006532669 0.22455636 0.23355635 "" "" 21.90016524811792 "" 5.0392660107206515 ""
23.88933589937 61.95747057697 0.0334 0.0399 19.8515 "" "" 511533353736078080 2573.74927 0.365 0.055 -0.487 0.121 0.043 0.057 0.937 7644.4 3.6307 16.850191 3.044357 18.635406 15.591049 "" "" 2210.83936 3083.98193 3426.65594 1.7602 480.01 5.9895 4599.8 6.4342 "" "" 0.002811199108604665 0.013832006 0.004073114 0.01790512 23.88933589937 61.95747057697 2573.74927 -0.48700000000000015 0.12100000000000005 1.0135571842193603 0.5404000065326691 0.22655635 0.24055634 "" "" 14.012684757838636 "" 3.2191167573391093 ""
22.90018279018 61.76107077072 0.0359 0.0428 17.8055 "" "" 510765727125374720 2706.63696 0.3752 0.0561 -1.062 1.236 0.045 0.053 1.061 7207.6 4.3399 16.85126 1.47825 17.530037 16.051786 "" "" 2303.2417 3143.49707 3423.2877 1.6073 1328.6 6.7453 3009.2 7.6591 "" "" 0.00280208121403478 0.006178211 0.0046819183 0.010860129 22.90018279018 61.76107077072 2706.63696 -1.0619999999999998 1.2360000000000009 0.4385571842193603 1.655400006532669 0.22855635 0.23655635 "" "" 21.97054376561326 "" 5.185927143568742 ""
22.68427331372 61.66467521718 0.0354 0.0408 23.3452 "" "" 510764077854790016 3014.20947 0.3048 0.057 0.461 0.275 0.046 0.055 0.971 7658.3 4.3574 16.851374 1.515097 17.547207 16.03211 "" "" 2520.55908 3865.91016 3422.92236 1.7728 1307.8 6.8895 3064.2 7.4371 "" "" 0.002812116323179293 0.0063639316 0.0046073766 0.010971308 22.68427331372 61.66467521718 3014.20947 0.4610000000000002 0.27500000000000024 1.9615571842193604 0.6944000065326691 0.22955635 0.23855636 "" "" 29.729705168801242 "" 6.854956623546061 ""
23.7948085747 61.3910344783 0.0323 0.0422 19.3054 "" "" 510015069924764160 2924.46802 0.3264 0.0554 -1.573 0.246 0.04 0.055 1.018 5021.3 4.4099 16.85163 1.463037 17.525122 16.062084 "" "" 2552.34082 3535.60498 3422.12127 1.5371 1334.7 5.3312 2980.7 9.0741 "" "" 0.0027981452572770154 0.0051567974 0.0050208233 0.010177621 23.7948085747 61.3910344783 2924.46802 -1.573 0.24599999999999955 -0.0724428157806396 0.6654000065326691 0.22355634 0.23855636 "" "" 9.278263707027136 "" 2.2118091697499613 ""
24.28861820333 61.63736196564 0.0316 0.0401 22.5166 "" "" 510013455017147392 2511.87671 0.4012 0.0547 -2.079 -0.466 0.041 0.055 0.991 9340.8 4.1875 16.85228 1.439667 17.504305 16.064638 "" "" 2203.67139 2882.05151 3420.06828 1.661 1360.5 7.3317 2973.7 6.4962 "" "" 0.0028053228830450445 0.0064822296 0.004461993 0.010944223 24.28861820333 61.63736196564 2511.87671 -2.0789999999999997 -0.4659999999999999 -0.5784428157806398 -0.04659999346733096 0.22455636 0.23855636 "" "" 6.909424003215453 "" 1.5521981423899396 ""
24.22015955267 61.89311661282 0.034 0.0425 23.9732 "" "" 511530368740699648 2448.53613 0.4329 0.0565 -0.186 -1.477 0.045 0.056 1.143 5730.5 4.3798 16.853798 1.335604 17.258604 15.923 "" "" 2066.84229 2942.13696 3415.28874 2.4785 1706.0 33.963 3388.1 27.883 "" "" 0.00286576652052191 0.021794148 0.009701686 0.031495832 24.22015955267 61.89311661282 2448.53613 -0.1859999999999995 -1.4769999999999988 1.3145571842193604 -1.057599993467331 0.22855635 0.23955634 "" "" 19.581521255427784 "" 4.561330994105834 ""
23.80612235453 62.01800378673 0.0329 0.0371 21.9431 "" "" 511534491909234560 2775.07959 0.3443 0.0513 -2.555 0.943 0.042 0.054 0.947 7464.6 4.3386 16.85682 1.335762 17.452864 16.117102 "" "" 2471.11035 3218.34131 3405.79894 1.5814 1426.5 6.295 2833.5 7.5344 "" "" 0.0028010608213560276 0.0055444627 0.0047559026 0.010300365 23.80612235453 62.01800378673 2775.07959 -2.555 0.9429999999999996 -1.0544428157806398 1.3624000065326691 0.22555634 0.23755635 "" "" 22.661284384861194 "" 5.283100930791688 ""
23.57518261577 61.99370825929 0.0348 0.0416 18.854 "" "" 512285561430612864 3108.32056 0.3146 0.0543 0.135 -0.24 0.045 0.058 1.025 6704.9 4.049 16.858313 2.004391 17.86677 15.862379 "" "" 2631.29834 3777.73804 3401.11983 1.7907 974.34 6.5048 3582.7 7.9945 "" "" 0.0028139945946313856 0.0077669616 0.0044892486 0.012256211 23.57518261577 61.99370825929 3108.32056 0.13499999999999987 -0.23999999999999977 1.6355571842193604 0.17940000653266908 0.22855635 0.24155635 "" "" 24.24191104750991 "" 5.544494446323453 ""
23.09558518736 61.48163037549 0.0345 0.0399 16.7095 "" "" 510746451309197696 2357.16406 0.4014 0.0531 -1.597 0.053 0.044 0.053 1.021 5741.3 4.6202 16.858906 1.360514 17.45579 16.095276 "" "" 2130.50684 2628.40845 3399.26257 1.6672 1422.7 10.274 2891.0 9.2466 "" "" 0.002806306411286452 0.008322285 0.005132531 0.013454815 23.09558518736 61.48163037549 2357.16406 -1.5969999999999993 0.052999999999999575 -0.09644281578063962 0.47240000653266906 0.22755635 0.23655635 "" "" 5.386976183924321 "" 1.2724190344270165 ""
