Clusters/NGC_6404/NGC_6404_members.tsv
# %ECSV 1.0
# ---
# datatype:
# - name: RA_ICRS_1
#   unit: deg
#   datatype: float64
#   format: '{:15.11f}'
#   description: Right ascension (ICRS) at Ep=2016.0 (ra)
#   meta: !!omap
#   - {ucd: POS_EQ_RA_MAIN}
#   - {width: 15}
#   - {precision: '11'}
# - name: DE_ICRS_1
#   unit: deg
#   datatype: float64
#   format: '{:15.11f}'
#   description: Declination (ICRS) at Ep=2016.0 (dec)
#   meta: !!omap
#   - {ucd: POS_EQ_DEC_MAIN}
#   - {width: 15}
#   - {precision: '11'}
# - name: e_RA_ICRS
#   unit: mas
#   datatype: float64
#   format: '{:7.4f}'
#   description: Standard error of right ascension (ra_error)
#   meta: !!omap
#   - {ucd: ERROR}
#   - {width: 7}
#   - {precision: '4'}
# - name: e_DE_ICRS
#   unit: mas
#   datatype: float64
#   format: '{:7.4f}'
#   description: Standard error of declination (dec_error)
#   meta: !!omap
#   - {ucd: ERROR}
#   - {width: 7}
#   - {precision: '4'}
# - name: _r_1
#   unit: ''
#   datatype: float64
#   format: '{:7.4f}'
#   description: Distance from center (264.91980833000-33.22209472000)[ICRS], at Epoch=J2016.0
#   meta: !!omap
#   - {ucd: POS_ANG_DIST_GENERAL}
#   - {width: 7}
#   - {precision: '4'}
# - name: HIP
#   datatype: int32
#   description: '? HIP cross-id number, van Leeuwen, Cat. I/311 (hip_original_ext_source_id)'
#   meta: !!omap
#   - {ucd: ID_NUMBER}
#   - {width: 6}
#   - values: {'null': -2147483648}
# - name: TYC2
#   datatype: string
#   description: Tycho-2 cross-id name, Hog et al., Cat. I/259 (tyc2_original_ext_source_id)
#   meta: !!omap
#   - {ucd: ID_CROSSID}
#   - {_votable_string_dtype: char}
# - name: Source
#   datatype: int64
#   description: Source identifier, identical to the Gaia-EDR3 source_id (id)
#   meta: !!omap
#   - {ucd: ID_MAIN}
#   - {width: 19}
# - name: rgeo
#   unit: pc
#   datatype: float64
#   format: '{:15.8f}'
#   description: '? Median of the geometric distance posterior (r_med_geo)'
#   meta: !!omap
#   - {ucd: PHYS_DISTANCE_TRUE}
#   - {width: 15}
#   - {precision: '8'}
#   - values: {'null': .nan}
# - name: Plx
#   unit: mas
#   datatype: float64
#   format: '{:9.4f}'
#   description: '? Parallax (parallax)'
#   meta: !!omap
#   - {ucd: POS_PARLX_TRIG}
#   - {width: 9}
#   - {precision: '4'}
#   - values: {'null': .nan}
# - name: e_Plx
#   unit: mas
#   datatype: float32
#   format: '{:7.4f}'
#   description: '? Standard error of parallax (parallax_error)'
#   meta: !!omap
#   - {ucd: ERROR}
#   - {width: 7}
#   - {precision: '4'}
#   - values: {'null': .nan}
# - name: pmRA
#   unit: mas / yr
#   datatype: float64
#   format: '{:9.3f}'
#   description: '? Proper motion in right ascension direction, pmRA*cosDE (pmra)'
#   meta: !!omap
#   - {ucd: POS_EQ_PMRA}
#   - {width: 9}
#   - {precision: '3'}
#   - values: {'null': .nan}
# - name: pmDE
#   unit: mas / yr
#   datatype: float64
#   format: '{:9.3f}'
#   description: '? Proper motion in declination direction (pmdec)'
#   meta: !!omap
#   - {ucd: POS_EQ_PMDEC}
#   - {width: 9}
#   - {precision: '3'}
#   - values: {'null': .nan}
# - name: e_pmRA
#   unit: mas / yr
#   datatype: float32
#   format: '{:6.3f}'
#   description: '? Standard error of proper motion in right ascension direction (pmra_error)'
#   meta: !!omap
#   - {ucd: ERROR}
#   - {width: 6}
#   - {precision: '3'}
#   - values: {'null': .nan}
# - name: e_pmDE
[...]
#       distance: !astropy.table.SerializedColumn
#         __class__: astropy.coordinates.distances.Distance
#         unit: !astropy.units.Unit {unit: pc}
#         value: !astropy.table.SerializedColumn {name: SkyCoord.distance}
#       frame: icrs
#       obstime: !astropy.time.Time {format: jyear_str, in_subfmt: '*', jd1: 367701545.0, jd2: 0.0, out_subfmt: '*', precision: 3, scale: tt}
#       pm_dec: !astropy.table.SerializedColumn
#         __class__: astropy.units.quantity.Quantity
#         unit: !astropy.units.Unit {unit: mas / yr}
#         value: !astropy.table.SerializedColumn {name: SkyCoord.pm_dec}
#       pm_ra_cosdec: !astropy.table.SerializedColumn
#         __class__: astropy.units.quantity.Quantity
#         unit: !astropy.units.Unit {unit: mas / yr}
#         value: !astropy.table.SerializedColumn {name: SkyCoord.pm_ra_cosdec}
#       ra: !astropy.table.SerializedColumn
#         __class__: astropy.coordinates.angles.Longitude
#         unit: *id001
#         value: !astropy.table.SerializedColumn {name: SkyCoord.ra}
#         wrap_angle: !astropy.coordinates.Angle
#           unit: *id001
#           value: 360.0
#       representation_type: spherical
# schema: astropy-2.0
RA_ICRS_1 DE_ICRS_1 e_RA_ICRS e_DE_ICRS _r_1 HIP TYC2 Source rgeo Plx e_Plx pmRA pmDE e_pmRA e_pmDE RUWE Teff logg Gmag BP-RP BPmag RPmag RV e_RV b_rgeo B_rgeo FG e_FG FBP e_FBP FRP e_FRP RAVE5 RAVE6 e_Gmag e_BPmag e_RPmag e_BP-RP SkyCoord.ra SkyCoord.dec SkyCoord.distance SkyCoord.pm_ra_cosdec SkyCoord.pm_dec rmRA rmDE e_rmRA e_rmDE rRV e_rRV v_pec v_pec3d e_vpec e_vpec3d Pmemb
[from data line 31]
264.93660945335 -33.25857315979 0.0226 0.017 2.3455 "" "" 4054102304573107456 2889.51636 0.3032 0.0253 0.185 -0.8 0.032 0.021 0.941 "" "" 14.578816 1.699298 15.377369 13.678071 "" "" 2658.70654 3191.71313 27760.05123 11.934 9648.7 23.449 26787.0 30.259 "" "" 0.002794575232285456 0.003840242 0.003973404 0.0078136455 264.93660945335 -33.25857315979 2889.51636 0.18499999999999994 -0.7999999999999999 0.03359375655651092 -0.04560940265655522 0.1099312 0.0989312 "" "" 0.7758396801498261 "" 0.07986033669758485 "" 1.0
264.91204545412 -33.26833685004 0.0212 0.0168 2.8017 "" "" 4054102132774433408 2748.35303 0.3269 0.0235 0.118 -0.805 0.028 0.02 0.985 6998.2 2.6475 14.580783 1.610693 15.322327 13.711634 "" "" 2601.54907 2912.57129 27709.81889 11.252 10150.0 12.742 25972.0 26.103 "" "" 0.0027903699629276933 0.0031052886 0.0039337603 0.0070390487 264.91204545412 -33.26833685004 2748.35303 0.11799999999999997 -0.8050000000000002 -0.03340624344348908 -0.050609402656555225 0.10593121 0.097931206 "" "" 0.7899775060103212 "" 0.07933460433890757 "" 0.8
264.96064752536 -33.29144955487 0.0214 0.0168 4.6384 "" "" 4054090484821451904 2581.06909 0.3467 0.0238 0.126 -0.605 0.029 0.019 0.863 "" "" 14.629544 1.814389 15.502304 13.687915 "" "" 2440.7627 2721.21143 26492.86389 10.708 8599.9 14.56 26546.0 22.241 "" "" 0.0027900479915840292 0.0033412604 0.003887314 0.0072285742 264.96064752536 -33.29144955487 2581.06909 0.126 -0.605 -0.025406243443489074 0.14939059734344484 0.1069312 0.096931204 "" "" 1.8539266488878292 "" 0.18025051861536384 "" 0.9
264.92379360817 -33.23286819204 0.0278 0.0219 0.6766 "" "" 4054102609462926976 2778.17065 0.3209 0.0309 0.127 -0.645 0.035 0.026 1.294 "" "" 14.632539 1.533279 15.320355 13.787076 "" "" 2544.6394 3044.18823 26419.9124 9.3222 10169.0 24.677 24229.0 18.39 "" "" 0.002781825742994103 0.0038375675 0.003868183 0.0077057504 264.92379360817 -33.23286819204 2778.17065 0.127 -0.645 -0.024406243443489073 0.1093905973434448 0.11293121 0.1039312 "" "" 1.4759311318087482 "" 0.15405104232923145 "" 0.8
264.97021599747 -33.23097104438 0.022 0.0172 2.5854 "" "" 4054102476371801216 2569.23706 0.3532 0.0254 0.168 -0.661 0.032 0.02 0.932 "" "" 14.633427 1.58808 15.355657 13.767576 "" "" 2432.70483 2782.62891 26398.30019 10.038 9843.6 14.291 24668.0 36.601 "" "" 0.0027860791578280526 0.0032046377 0.004108394 0.0073130317 264.97021599747 -33.23097104438 2569.23706 0.168 -0.661 0.016593756556510936 0.09339059734344479 0.1099312 0.097931206 "" "" 1.1551414162227136 "" 0.11357372033586684 "" 1.0
265.03945681447 -33.310570216 0.0234 0.0176 8.0131 "" "" 4054089488388919808 2774.33984 0.3245 0.0254 0.143 -0.742 0.032 0.019 1.038 "" "" 14.68176 1.941016 15.638573 13.697556 70.36 9.19 2561.229 2993.06958 25248.93044 9.8667 7585.6 13.241 26311.0 40.701 "" "" 0.002787795453717586 0.003372956 0.004135771 0.0075087273 265.03945681447 -33.310570216 2774.33984 0.14299999999999996 -0.7419999999999998 -0.008406243443489086 0.012390597343444831 0.1099312 0.096931204 28.287272727272722 10.210864 0.1969009866961756 28.287958009472316 0.01992818289226548 10.210616707521595 1.0
264.86296823203 -33.24841455292 0.0224 0.0179 3.2605 "" "" 4054102884340811264 2346.76807 0.3857 0.0259 0.179 -0.887 0.028 0.021 0.99 "" "" 14.730661 1.763426 15.564184 13.800758 "" "" 2231.85522 2487.21851 24136.93139 8.6989 8123.5 14.465 23925.0 42.54 "" "" 0.0027829665481275603 0.0033945106 0.0042438847 0.0076383953 264.86296823203 -33.24841455292 2346.76807 0.179 -0.887 0.027593756556510918 -0.1326094026565552 0.10593121 0.0989312 "" "" 1.5067011717420946 "" 0.1495122683787713 "" 0.9
264.85935840925 -33.14392952891 0.0257 0.0199 5.5866 "" "" 4054107046217292032 2809.4126 0.3115 0.0265 0.238 -0.798 0.033 0.024 0.961 8703.1 2.7271 14.733829 1.829997 15.614044 13.784047 4.2 10.73 2637.35986 3048.97803 24066.636 9.6257 7758.9 15.061 24296.0 21.061 "" "" 0.002789330330526906 0.0034966867 0.003894808 0.0073914947 264.85935840925 -33.14392952891 2809.4126 0.23800000000000032 -0.798 0.08659375655651091 -0.04360940265655522 0.1109312 0.1019312 -37.872727272727275 11.750864 1.2911115606939942 37.894728395075454 0.1409510168015955 11.744042631864671 1.0
264.93312563418 -33.24980782836 0.025 0.0202 1.7921 "" "" 4054102545091296128 2407.80737 0.3791 0.029 0.229 -0.859 0.034 0.024 0.97 "" "" 14.738176 1.649214 15.419665 13.770452 "" "" 2218.49268 2647.66772 23970.45083 16.401 9280.1 71.899 24602.0 200.53 "" "" 0.00285370976403637 0.008862576 0.009623025 0.018485602 264.93312563418 -33.24980782836 2407.80737 0.2290000000000001 -0.8590000000000002 0.07759375655651093 -0.10460940265655516 0.111931205 0.1019312 "" "" 1.4864940174491281 "" 0.15695719124193308 "" 1.0
264.90298541827 -33.17135914098 0.0286 0.0226 3.1591 "" "" 4054103850761527424 2717.20679 0.331 0.0327 0.311 -0.829 0.034 0.025 1.009 10703.9 3.6681 14.742111 1.79711 15.50907 13.711961 "" "" 2487.66406 2982.2644 23883.73493 16.746 8546.5 29.025 25964.0 139.86 "" "" 0.00285854973104469 0.004623982 0.0069634006 0.011587383 264.90298541827 -33.17135914098 2717.20679 0.31100000000000033 -0.829 0.15959375655651092 -0.07460940265655513 0.111931205 0.1029312 "" "" 2.2690235979852917 "" 0.2504344947073403 "" 1.0
264.90319168656 -33.21207618317 0.0234 0.0184 1.0281 "" "" 4054103434096681728 2695.85449 0.3379 0.0264 0.24 -0.705 0.03 0.022 1.072 "" "" 14.759606 1.776745 15.598494 13.821749 "" "" 2492.65137 2891.34204 23501.96257 10.563 7870.8 17.974 23467.0 24.913 "" "" 0.0027981993901914754 0.0037326363 0.0039512403 0.007683877 264.90319168656 -33.21207618317 2695.85449 0.23999999999999994 -0.7050000000000001 0.08859375655651092 0.049390597343444864 0.107931204 0.0999312 "" "" 1.2961231810365632 "" 0.13750430644273406 "" 0.9
264.87816006497 -33.20186406306 0.0238 0.0189 2.4175 "" "" 4054103610243342208 2593.12378 0.3485 0.0269 0.056 -0.671 0.031 0.023 0.98 6999.8 2.5215 14.82334 1.838305 15.696602 13.858297 "" "" 2430.20117 2732.74268 22162.08869 10.062 7190.8 10.787 22690.0 34.216 "" "" 0.002799068345182206 0.0032307575 0.004118782 0.0073495395 264.87816006497 -33.20186406306 2593.12378 0.05599999999999997 -0.671 -0.09540624344348908 0.08339059734344478 0.1089312 0.100931205 "" "" 1.5574887137396758 "" 0.16437872276540977 "" 1.0
265.04566844447 -33.19630184404 0.0243 0.0188 6.505 "" "" 4054092683844742912 2481.22998 0.3561 0.0263 0.183 -0.776 0.032 0.019 0.968 7500.9 3.5425 14.823415 1.76301 15.654579 13.891569 "" "" 2334.58374 2683.21582 22160.56845 7.3196 7474.6 10.379 22005.0 24.109 "" "" 0.0027785599670948585 0.0031714295 0.003962165 0.0071335947 265.04566844447 -33.19630184404 2481.22998 0.183 -0.775999999999999 0.03159375655651092 -0.0216094026565552 0.1099312 0.096931204 "" "" 0.4501774113841371 "" 0.04770131478270891 "" 0.8
264.88357225488 -33.25585510525 0.0309 0.0245 2.7221 "" "" 4054102918700540800 2282.1394 0.4043 0.0357 0.102 -0.637 0.039 0.029 1.437 "" "" 14.83813 1.637512 15.578063 13.940551 "" "" 2105.27856 2482.52002 21862.23612 10.178 8020.3 10.472 21035.0 24.287 "" "" 0.0028013006897488414 0.003129653 0.003981861 0.007111514 264.88357225488 -33.25585510525 2282.1394 0.10200000000000004 -0.637 -0.04940624344348908 0.11739059734344481 0.1169312 0.1069312 "" "" 1.377737271488966 "" 0.14947747621727084 "" 1.0
264.8620246915 -33.26754519321 0.0242 0.0191 3.9805 "" "" 4054102819969092352 2740.86133 0.3222 0.0278 0.1 -0.732 0.03 0.023 0.994 "" "" 14.850203 1.87397 15.758166 13.884196 "" "" 2562.13062 2916.85278 21620.47795 8.5624 6794.4 11.567 22155.0 22.47 "" "" 0.0027886694902430316 0.003346879 0.003936535 0.0072834142 264.8620246915 -33.26754519321 2740.86133 0.10000000000000017 -0.732 -0.05140624344348907 0.02239059734344484 0.107931204 0.100931205 "" "" 0.728454749459713 "" 0.07783226452663468 "" 0.9
264.90508148959 -33.16248032603 0.0243 0.0194 3.6525 "" "" 4054103850761539072 2490.24023 0.358 0.0284 0.075 -0.905 0.031 0.022 0.982 "" "" 14.890527 1.696989 15.669042 13.972053 "" "" 2317.61426 2648.1687 20832.25174 10.013 7375.6 25.595 20433.0 97.68 "" "" 0.0028043047402250888 0.0046883887 0.006420561 0.01110895 264.90508148959 -33.16248032603 2490.24023 0.07500000000000001 -0.905 -0.07640624344348908 -0.1506094026565552 0.1089312 0.0999312 "" "" 1.9934381686021159 "" 0.20300805562347146 "" 0.9
264.89806005225 -33.22258444962 0.0282 0.0214 1.092 "" "" 4054103404084847744 2616.4624 0.3395 0.0316 0.432 -1.018 0.035 0.026 1.1 "" "" 14.912154 1.625077 15.657331 14.032254 "" "" 2393.198 2933.98413 20421.38105 9.3523 7455.6 11.086 19331.0 46.142 "" "" 0.0027998263165500115 0.0032235696 0.0045825834 0.007806153 264.89806005225 -33.22258444962 2616.4624 0.43199999999999994 -1.0180000000000002 0.2805937565565109 -0.2636094026565552 0.11293121 0.1039312 "" "" 4.7747463706126965 "" 0.5195141430064762 "" 0.9
264.83742381785 -33.17378425842 0.0255 0.0199 5.0508 "" "" 4054106904431564032 2708.34351 0.3284 0.0282 0.112 -0.708 0.032 0.023 0.96 7970.3 2.5894 14.924015 1.809722 15.795323 13.985601 "" "" 2556.30151 2947.17212 20199.50212 11.858 6565.8 16.579 20180.0 31.332 "" "" 0.002828079987102756 0.0039116624 0.0041382913 0.008049954 264.83742381785 -33.17378425842 2708.34351 0.112 -0.708 -0.03940624344348907 0.04639059734344486 0.1099312 0.100931205 "" "" 0.7813986405897652 "" 0.08188862757388135 "" 1.0
264.80765362005 -33.24877324432 0.0245 0.0192 5.8517 "" "" 4053730768381771264 2660.25513 0.3354 0.028 0.186 -0.666 0.03 0.023 0.98 7890.8 2.4901 14.934962 2.088484 15.973612 13.885128 "" "" 2469.97437 2900.21021 19996.8622 12.615 5571.5 15.999 22136.0 48.308 "" "" 0.0028391770132318813 0.004183967 0.00446071 0.008644678 264.80765362005 -33.24877324432 2660.25513 0.18599999999999997 -0.6659999999999999 0.034593756556510924 0.08839059734344479 0.107931204 0.100931205 "" "" 1.1968921131542558 "" 0.12194978098932029 "" 0.9
264.97616662713 -33.27435839847 0.0249 0.0195 4.2226 "" "" 4054090514834965376 2698.18164 0.3254 0.0278 0.239 -0.597 0.033 0.021 0.939 "" "" 14.989945 1.880436 15.90541 14.024974 "" "" 2540.90967 2905.66455 19009.40908 7.0344 5932.7 11.225 19461.0 24.189 "" "" 0.002784459089739999 0.003464836 0.0040130927 0.007477929 264.97616662713 -33.27435839847 2698.18164 0.239 -0.597 0.08759375655651092 0.15739059734344485 0.1109312 0.0989312 "" "" 2.303667746681329 "" 0.23473613770669713 "" 0.9
264.97490897628 -33.22937557105 0.0269 0.0211 2.7999 "" "" 4054102476371796352 2298.53394 0.3891 0.0305 0.056 -0.803 0.039 0.024 0.941 "" "" 15.019879 1.670459 15.804522 14.134064 "" "" 2137.15356 2450.9563 18492.47808 6.8349 6510.4 14.121 17601.0 19.173 "" "" 0.002784389574179572 0.0036511435 0.0039601163 0.00761126 264.97490897628 -33.22937557105 2298.53394 0.05600000000000003 -0.8029999999999999 -0.09540624344348908 -0.04860940265655522 0.1169312 0.1019312 "" "" 1.166596205567029 "" 0.13299362312310148 "" 0.8
264.99442887385 -33.28017704984 0.0271 0.0209 5.1151 "" "" 4054090553540900992 2501.5957 0.3554 0.0295 0.188 -0.862 0.037 0.022 1.024 "" "" 15.035446 1.854096 15.932771 14.078674 "" "" 2358.35522 2763.10693 18229.22951 7.0488 5785.1 10.867 18522.0 18.369 "" "" 0.002787121235421411 0.0034560955 0.003929778 0.0073858732 264.99442887385 -33.28017704984 2501.5957 0.188 -0.8620000000000001 0.036593756556510926 -0.10760940265655516 0.1149312 0.0999312 "" "" 1.3477458578658625 "" 0.13691610614340916 "" 0.9
264.88558654151 -33.21953512404 0.0273 0.0213 1.7246 "" "" 4054103404036540800 2726.32788 0.3269 0.0317 0.09 -0.821 0.036 0.025 0.973 6999.4 2.6131 15.084655 1.700351 15.851133 14.150783 "" "" 2492.4624 2933.86206 17421.46808 9.0903 6236.8 25.146 17332.0 43.01 "" "" 0.002812958943749664 0.0051911483 0.0046414384 0.009832587 264.88558654151 -33.21953512404 2726.32788 0.08999999999999997 -0.8209999999999988 -0.06140624344348908 -0.06660940265655513 0.1139312 0.1029312 "" "" 1.1707466149466328 "" 0.12658569094419692 "" 1.0
264.91972565244 -33.18598568935 0.0265 0.0211 2.1665 "" "" 4054103575883574528 2630.33203 0.3402 0.0303 0.088 -0.668 0.034 0.024 1.026 "" "" 15.091403 1.702435 15.887894 14.185459 "" "" 2437.45825 2838.69971 17313.52724 7.0596 6029.2 13.069 16787.0 51.156 "" "" 0.0027906596151749366 0.0036501817 0.005023021 0.008673202 264.91972565244 -33.18598568935 2630.33203 0.088 -0.6680000000000003 -0.06340624344348908 0.08639059734344479 0.111931205 0.1019312 "" "" 1.3360711579198876 "" 0.14100891375315705 "" 0.9
264.91289688124 -33.21321721447 0.028 0.022 0.6357 "" "" 4054103369725105408 2781.55981 0.3305 0.0311 0.141 -0.846 0.036 0.026 1.022 8401.5 3.1723 15.191403 1.822428 16.07522 14.252792 "" "" 2583.25757 3021.68848 15790.11413 6.0194 5073.7 12.748 15778.0 19.525 "" "" 0.002786234037514243 0.0039021706 0.004011101 0.007913272 264.91289688124 -33.21321721447 2781.55981 0.14100000000000013 -0.8460000000000001 -0.010406243443489088 -0.09160940265655515 0.1139312 0.1039312 "" "" 1.215600398378972 "" 0.1265010150934907 "" 0.8
264.92164974688 -33.26802532418 0.028 0.0219 2.7574 "" "" 4054101922276662016 2359.23486 0.3837 0.0313 0.1 -0.867 0.041 0.027 1.043 "" "" 15.212554 1.563694 15.89302 14.329326 "" "" 2223.9978 2531.72583 15485.49901 8.6045 6000.8 27.079 14704.0 45.986 "" "" 0.002820593177874933 0.0056382366 0.00508072 0.010718957 264.92164974688 -33.26802532418 2359.23486 0.1 -0.867 -0.05140624344348907 -0.11260940265655517 0.118931204 0.104931206 "" "" 1.384293607104044 "" 0.148778031554425 "" 1.0
264.89042213255 -33.19465217822 0.0297 0.0235 2.2107 "" "" 4054103644603075456 2643.86963 0.3298 0.0326 0.063 -0.735 0.038 0.028 1.041 "" "" 15.306621 1.841704 16.161354 14.31965 "" "" 2474.2124 2855.80786 14200.33801 6.6573 4686.8 13.14 14835.0 25.556 "" "" 0.0028019417398670245 0.0041292766 0.004216876 0.0083461525 264.89042213255 -33.19465217822 2643.86963 0.06300000000000001 -0.735 -0.08840624344348907 0.019390597343444838 0.1159312 0.10593121 "" "" 1.1342383163166183 "" 0.1309945008147951 "" 0.9
265.00152794287 -33.20776288806 0.0303 0.0234 4.1913 "" "" 4054104086931714688 2547.84888 0.3597 0.0326 0.172 -0.762 0.045 0.026 0.98 "" "" 15.336851 1.874447 16.24448 14.370033 "" "" 2355.40967 2768.70093 13810.40225 5.8336 4341.4 14.173 14163.0 31.013 "" "" 0.002793228109954762 0.004510943 0.0044649784 0.008975921 265.00152794287 -33.20776288806 2547.84888 0.172 -0.762 0.02059375655651091 -0.0076094026565551864 0.122931205 0.1039312 "" "" 0.2651417674764287 "" 0.032030922579601884 "" 0.9
264.95224145315 -33.1427366859 0.0298 0.0236 5.0323 "" "" 4054105392603225984 2458.15405 0.3623 0.034 0.085 -0.82 0.039 0.026 0.96 "" "" 15.445548 1.854879 16.344307 14.489428 "" "" 2290.92871 2667.36426 12494.74545 4.7556 3960.0 11.222 12688.0 25.876 "" "" 0.0027861364967402776 0.0041535227 0.0043802587 0.008533781 264.95224145315 -33.1427366859 2458.15405 0.08500000000000002 -0.82 -0.06640624344348907 -0.06560940265655513 0.1169312 0.1039312 "" "" 1.0876915552308746 "" 0.12040814379244759 "" 0.8
264.98939072305 -33.20403435836 0.0295 0.0231 3.6571 "" "" 4054103988200310016 2435.09229 0.3667 0.0322 0.182 -0.528 0.041 0.026 0.986 7994.1 2.6003 15.451306 1.907556 16.38277 14.475215 "" "" 2273.69629 2613.83301 12428.65948 5.0357 3822.2 16.573 12855.0 16.354 "" "" 0.002790216240872181 0.0054724603 0.00402388 0.0094963405 264.98939072305 -33.20403435836 2435.09229 0.1820000000000001 -0.528 0.03059375655651092 0.2263905973434448 0.118931204 0.1039312 "" "" 2.6368287522169385 "" 0.2748082754712671 "" 0.9
