Clusters/NGC_6404/NGC_6404_stars_in_region.tsv
# %ECSV 1.0
# ---
# datatype:
# - name: RA_ICRS_1
#   unit: deg
#   datatype: float64
#   format: '{:15.11f}'
#   description: Right ascension (ICRS) at Ep=2016.0 (ra)
#   meta: !!omap
#   - {ucd: POS_EQ_RA_MAIN}
#   - {width: 15}
#   - {precision: '11'}
# - name: DE_ICRS_1
#   unit: deg
#   datatype: float64
#   format: '{:15.11f}'
#   description: Declination (ICRS) at Ep=2016.0 (dec)
#   meta: !!omap
#   - {ucd: POS_EQ_DEC_MAIN}
#   - {width: 15}
#   - {precision: '11'}
# - name: e_RA_ICRS
#   unit: mas
#   datatype: float64
#   format: '{:7.4f}'
#   description: Standard error of right ascension (ra_error)
#   meta: !!omap
#   - {ucd: ERROR}
#   - {width: 7}
#   - {precision: '4'}
# - name: e_DE_ICRS
#   unit: mas
#   datatype: float64
#   format: '{:7.4f}'
#   description: Standard error of declination (dec_error)
#   meta: !!omap
#   - {ucd: ERROR}
#   - {width: 7}
#   - {precision: '4'}
# - name: _r_1
#   unit: ''
#   datatype: float64
#   format: '{:7.4f}'
#   description: Distance from center (264.91980833000-33.22209472000)[ICRS], at Epoch=J2016.0
#   meta: !!omap
#   - {ucd: POS_ANG_DIST_GENERAL}
#   - {width: 7}
#   - {precision: '4'}
# - name: HIP
#   datatype: int32
#   description: '? HIP cross-id number, van Leeuwen, Cat. I/311 (hip_original_ext_source_id)'
#   meta: !!omap
#   - {ucd: ID_NUMBER}
#   - {width: 6}
#   - values: {'null': -2147483648}
# - name: TYC2
#   datatype: string
#   description: Tycho-2 cross-id name, Hog et al., Cat. I/259 (tyc2_original_ext_source_id)
#   meta: !!omap
#   - {ucd: ID_CROSSID}
#   - {_votable_string_dtype: char}
# - name: Source
#   datatype: int64
#   description: Source identifier, identical to the Gaia-EDR3 source_id (id)
#   meta: !!omap
#   - {ucd: ID_MAIN}
#   - {width: 19}
# - name: rgeo
#   unit: pc
#   datatype: float64
#   format: '{:15.8f}'
#   description: '? Median of the geometric distance posterior (r_med_geo)'
#   meta: !!omap
#   - {ucd: PHYS_DISTANCE_TRUE}
#   - {width: 15}
#   - {precision: '8'}
#   - values: {'null': .nan}
# - name: Plx
#   unit: mas
#   datatype: float64
#   format: '{:9.4f}'
#   description: '? Parallax (parallax)'
#   meta: !!omap
#   - {ucd: POS_PARLX_TRIG}
#   - {width: 9}
#   - {precision: '4'}
#   - values: {'null': .nan}
# - name: e_Plx
#   unit: mas
#   datatype: float32
#   format: '{:7.4f}'
#   description: '? Standard error of parallax (parallax_error)'
#   meta: !!omap
#   - {ucd: ERROR}
#   - {width: 7}
#   - {precision: '4'}
#   - values: {'null': .nan}
# - name: pmRA
#   unit: mas / yr
#   datatype: float64
#   format: '{:9.3f}'
#   description: '? Proper motion in right ascension direction, pmRA*cosDE (pmra)'
#   meta: !!omap
#   - {ucd: POS_EQ_PMRA}
#   - {width: 9}
#   - {precision: '3'}
#   - values: {'null': .nan}
# - name: pmDE
#   unit: mas / yr
#   datatype: float64
#   format: '{:9.3f}'
#   description: '? Proper motion in declination direction (pmdec)'
#   meta: !!omap
#   - {ucd: POS_EQ_PMDEC}
#   - {width: 9}
#   - {precision: '3'}
#   - values: {'null': .nan}
# - name: e_pmRA
#   unit: mas / yr
#   datatype: float32
#   format: '{:6.3f}'
#   description: '? Standard error of proper motion in right ascension direction (pmra_error)'
#   meta: !!omap
#   - {ucd: ERROR}
#   - {width: 6}
#   - {precision: '3'}
#   - values: {'null': .nan}
# - name: e_pmDE
[...]
#         value: !astropy.table.SerializedColumn {name: SkyCoord.dec}
#       distance: !astropy.table.SerializedColumn
#         __class__: astropy.coordinates.distances.Distance
#         unit: !astropy.units.Unit {unit: pc}
#         value: !astropy.table.SerializedColumn {name: SkyCoord.distance}
#       frame: icrs
#       obstime: !astropy.time.Time {format: jyear_str, in_subfmt: '*', jd1: 367701545.0, jd2: 0.0, out_subfmt: '*', precision: 3, scale: tt}
#       pm_dec: !astropy.table.SerializedColumn
#         __class__: astropy.units.quantity.Quantity
#         unit: !astropy.units.Unit {unit: mas / yr}
#         value: !astropy.table.SerializedColumn {name: SkyCoord.pm_dec}
#       pm_ra_cosdec: !astropy.table.SerializedColumn
#         __class__: astropy.units.quantity.Quantity
#         unit: !astropy.units.Unit {unit: mas / yr}
#         value: !astropy.table.SerializedColumn {name: SkyCoord.pm_ra_cosdec}
#       ra: !astropy.table.SerializedColumn
#         __class__: astropy.coordinates.angles.Longitude
#         unit: *id001
#         value: !astropy.table.SerializedColumn {name: SkyCoord.ra}
#         wrap_angle: !astropy.coordinates.Angle
#           unit: *id001
#           value: 360.0
#       representation_type: spherical
# schema: astropy-2.0
RA_ICRS_1 DE_ICRS_1 e_RA_ICRS e_DE_ICRS _r_1 HIP TYC2 Source rgeo Plx e_Plx pmRA pmDE e_pmRA e_pmDE RUWE Teff logg Gmag BP-RP BPmag RPmag RV e_RV b_rgeo B_rgeo FG e_FG FBP e_FBP FRP e_FRP RAVE5 RAVE6 e_Gmag e_BPmag e_RPmag e_BP-RP SkyCoord.ra SkyCoord.dec SkyCoord.distance SkyCoord.pm_ra_cosdec SkyCoord.pm_dec rmRA rmDE e_rmRA e_rmDE rRV e_rRV v_pec v_pec3d e_vpec e_vpec3d
[from data line 180]
264.96064752536 -33.29144955487 0.0214 0.0168 4.6384 "" "" 4054090484821451904 2581.06909 0.3467 0.0238 0.126 -0.605 0.029 0.019 0.863 "" "" 14.629544 1.814389 15.502304 13.687915 "" "" 2440.7627 2721.21143 26492.86389 10.708 8599.9 14.56 26546.0 22.241 "" "" 0.0027900479915840292 0.0033412604 0.003887314 0.0072285742 264.96064752536 -33.29144955487 2581.06909 0.126 -0.605 -0.025406243443489074 0.14939059734344484 0.1069312 0.096931204 "" "" 1.8539266488878292 "" 0.18025051861536384 ""
264.92379360817 -33.23286819204 0.0278 0.0219 0.6766 "" "" 4054102609462926976 2778.17065 0.3209 0.0309 0.127 -0.645 0.035 0.026 1.294 "" "" 14.632539 1.533279 15.320355 13.787076 "" "" 2544.6394 3044.18823 26419.9124 9.3222 10169.0 24.677 24229.0 18.39 "" "" 0.002781825742994103 0.0038375675 0.003868183 0.0077057504 264.92379360817 -33.23286819204 2778.17065 0.127 -0.645 -0.024406243443489073 0.1093905973434448 0.11293121 0.1039312 "" "" 1.4759311318087482 "" 0.15405104232923145 ""
264.97021599747 -33.23097104438 0.022 0.0172 2.5854 "" "" 4054102476371801216 2569.23706 0.3532 0.0254 0.168 -0.661 0.032 0.02 0.932 "" "" 14.633427 1.58808 15.355657 13.767576 "" "" 2432.70483 2782.62891 26398.30019 10.038 9843.6 14.291 24668.0 36.601 "" "" 0.0027860791578280526 0.0032046377 0.004108394 0.0073130317 264.97021599747 -33.23097104438 2569.23706 0.168 -0.661 0.016593756556510936 0.09339059734344479 0.1099312 0.097931206 "" "" 1.1551414162227136 "" 0.11357372033586684 ""
265.11449041325 -33.30373776504 0.0253 0.0197 10.9267 "" "" 4054087873481141632 2237.10791 0.3889 0.0271 2.522 -3.514 0.036 0.02 0.981 "" "" 14.641094 3.231654 16.564041 13.332387 -75.16 3.13 2089.55298 2406.74707 26212.54206 11.336 3234.5 9.0025 36830.0 21.889 "" "" 0.002795041978106838 0.0041130204 0.0038340727 0.007947093 265.11449041325 -33.30373776504 2237.10791 2.5220000000000007 -3.5139999999999985 2.3705937565565107 -2.759609402656555 0.1139312 0.097931206 -117.23272727272727 4.150864 38.57712457995758 123.41680146827343 4.05148822529846 4.141259843717138
264.64241601513 -33.09038938302 0.0394 0.0301 16.0185 "" "" 4053780491279265024 2296.05981 0.375 0.0451 0.146 -2.297 0.052 0.037 0.915 6559.1 1.7901 14.642228 4.228199 17.416412 13.188213 -23.61 1.83 2087.81958 2510.93945 26185.16854 14.035 1475.2 9.7046 42060.0 44.055 "" "" 0.002816105193042117 0.0076681515 0.0039467746 0.011614926 264.64241601513 -33.09038938302 2296.05981 0.14599999999999996 -2.297 -0.005406243443489084 -1.5426094026565553 0.12993121 0.1149312 -65.68272727272728 2.8508642 16.788820263933733 67.79443301509457 1.929562611897179 2.803092738128476
264.88868794614 -33.22427529817 0.0224 0.018 1.5675 "" "" 4054103404084858112 2768.03247 0.3212 0.0253 0.003 -0.72 0.029 0.021 1.007 6998.3 2.6092 14.648119 1.617303 15.394895 13.777592 "" "" 2584.88257 2921.65796 26043.48314 9.7848 9494.2 20.848 24441.0 16.885 "" "" 0.002785352722887381 0.003670032 0.0038530955 0.0075231274 264.88868794614 -33.22427529817 2768.03247 0.0030000000000000096 -0.7200000000000001 -0.14840624344348907 0.03439059734344485 0.1069312 0.0989312 "" "" 1.9987579521874332 "" 0.21294372166734926 ""
264.92236248419 -33.26998453088 0.0224 0.0175 2.8762 "" "" 4054101926615986048 2798.22974 0.3061 0.0253 -0.794 -3.377 0.032 0.022 0.904 15002.6 3.4299 14.656014 2.860864 16.29431 13.433446 -78.29 4.87 2606.92993 3041.90503 25854.78686 11.554 4146.6 13.89 33557.0 24.653 "" "" 0.0027977138760565284 0.0045839148 0.0038626376 0.008446552 264.92236248419 -33.26998453088 2798.22974 -0.7940000000000005 -3.377 -0.9454062434434891 -2.622609402656555 0.1099312 0.0999312 -120.36272727272728 5.890864 36.97639423525361 125.91441477118425 3.7394808029127877 5.737207691049198
265.03535716237 -33.46667391089 0.0247 0.0182 15.7763 "" "" 4053709121739372672 2294.6311 0.3861 0.0272 -2.14 1.348 0.031 0.019 1.008 "" "" 14.673465 2.705487 16.182878 13.477391 29.04 4.5 2163.24707 2441.44238 25442.55733 9.6398 4594.8 9.7497 32226.0 25.85 "" "" 0.002785859624570053 0.003618376 0.0038784314 0.0074968077 265.03535716237 -33.46667391089 2294.6311 -2.1399999999999997 1.348 -2.291406243443489 2.1023905973434447 0.1089312 0.096931204 -13.032727272727278 5.520864 33.82343224047707 36.24743506362117 3.504751858311276 3.825658920218326
265.03945681447 -33.310570216 0.0234 0.0176 8.0131 "" "" 4054089488388919808 2774.33984 0.3245 0.0254 0.143 -0.742 0.032 0.019 1.038 "" "" 14.68176 1.941016 15.638573 13.697556 70.36 9.19 2561.229 2993.06958 25248.93044 9.8667 7585.6 13.241 26311.0 40.701 "" "" 0.002787795453717586 0.003372956 0.004135771 0.0075087273 265.03945681447 -33.310570216 2774.33984 0.14299999999999996 -0.7419999999999998 -0.008406243443489086 0.012390597343444831 0.1099312 0.096931204 28.287272727272722 10.210864 0.1969009866961756 28.287958009472316 0.01992818289226548 10.210616707521595
265.00882616769 -33.47250715741 0.0275 0.021 15.6732 "" "" 4053709847651612032 2520.34082 0.3388 0.0324 -2.586 -3.763 0.035 0.022 1.178 4594.4 2.0777 14.687345 2.911205 16.354416 13.443211 25.96 4.77 2318.78906 2758.74658 25119.37096 13.2 3923.3 10.892 33256.0 40.345 "" "" 0.002813771555222444 0.0041074078 0.0040023346 0.008109743 265.00882616769 -33.47250715741 2520.34082 -2.586 -3.7630000000000003 -2.737406243443489 -3.008609402656555 0.11293121 0.0999312 -16.112727272727277 5.790864 48.59287797350185 51.19460684401171 5.151654922973146 5.218468694538876
264.85359301853 -33.17328442919 0.0423 0.0335 4.4305 "" "" 4054106698273104128 2877.97949 0.3246 0.0475 0.251 -0.866 0.052 0.041 1.975 "" "" 14.690549 1.901897 15.588893 13.686996 "" "" 2502.45947 3342.28003 25045.34929 16.916 7940.7 18.783 26568.0 27.211 "" "" 0.002851236757337083 0.003792196 0.003939581 0.007731777 264.85359301853 -33.17328442919 2877.97949 0.25100000000000006 -0.8660000000000002 0.09959375655651093 -0.11160940265655517 0.12993121 0.118931204 "" "" 2.040577715493627 "" 0.25288462611045526 ""
265.0414922505 -33.20751078914 0.0225 0.0172 6.1706 "" "" 4054092305887613824 2409.03296 0.3728 0.0244 -0.219 -1.26 0.03 0.018 0.991 "" "" 14.691463 1.664917 15.469209 13.804292 "" "" 2276.65161 2556.78076 25024.27688 9.663 8866.1 19.851 23847.0 32.063 "" "" 0.0027870345026528025 0.0037006098 0.004051513 0.007752123 265.0414922505 -33.20751078914 2409.03296 -0.21900000000000003 -1.2600000000000002 -0.37040624344348905 -0.5056094026565552 0.107931204 0.0959312 "" "" 7.156980743228957 "" 0.7177416329083616 ""
265.11135635425 -33.15230471086 0.0227 0.0179 10.4902 "" "" 4054098692454164608 2529.4939 0.3509 0.0255 -1.85 -4.5 0.032 0.018 0.99 "" "" 14.697911 2.723869 16.228273 13.504404 -42.44 3.48 2380.18042 2722.79907 24876.09675 9.117 4406.6 8.3948 31434.0 25.672 "" "" 0.0027839052488139045 0.0034732202 0.0038820086 0.007355229 265.11135635425 -33.15230471086 2529.4939 -1.8499999999999999 -4.5 -2.001406243443489 -3.745609402656555 0.1099312 0.0959312 -84.51272727272728 4.500864 50.918155276752096 98.66640567012573 5.0516622401245455 4.653926616813108
264.92269063256 -33.26440659802 0.058 0.0442 2.5428 "" "" 4054102132774424704 2860.28394 0.3349 0.0638 -0.197 -0.898 0.079 0.054 2.455 10365.1 3.7161 14.714495 1.645127 15.334926 13.689798 "" "" 2392.07397 3370.40869 24499.02592 35.473 10033.0 62.375 26500.0 469.04 "" "" 0.0031722563804057087 0.007303945 0.019585235 0.026889179 264.92269063256 -33.26440659802 2860.28394 -0.1969999999999998 -0.8979999999999992 -0.3484062434434891 -0.1436094026565552 0.1569312 0.1319312 "" "" 5.109140268211917 "" 0.784525804424017 ""
265.03402426953 -33.43835350646 0.0259 0.0185 14.1827 "" "" 4054085292154429696 2230.14478 0.399 0.0287 -0.909 -2.172 0.033 0.02 1.082 5193.8 3.1004 14.720233 2.414974 16.00875 13.593777 -38.2 5.39 2097.86523 2381.19116 24369.8859 10.374 5394.1 9.6558 28950.0 29.914 "" "" 0.00279381559110729 0.0034003526 0.0039423807 0.0073427334 265.03402426953 -33.43835350646 2230.14478 -0.9090000000000006 -2.172 -1.060406243443489 -1.4176094026565553 0.1109312 0.097931206 -80.27272727272728 6.410864 18.713985462644644 82.42526309146807 1.9235117958157324 6.25869933293058
264.93225553453 -33.26255004972 0.0224 0.0174 2.5064 "" "" 4054102304573106176 2331.98584 0.3819 0.0252 0.224 -0.971 0.032 0.022 0.992 "" "" 14.721985 1.606582 15.461971 13.85539 106.63 11.68 2208.68848 2485.09448 24330.59248 9.8343 8925.4 16.497 22751.0 22.363 "" "" 0.002790049785385247 0.003436895 0.0039271726 0.0073640677 264.93225553453 -33.26255004972 2331.98584 0.22399999999999998 -0.971 0.07259375655651093 -0.21660940265655515 0.1099312 0.0999312 64.55727272727272 12.700865 2.525199902486591 64.60664127263534 0.2550096176456278 12.691163461821546
265.00045167679 -33.27020308565 0.0229 0.0173 4.9706 "" "" 4054090587900648832 2400.29736 0.3732 0.0252 -0.03 -0.746 0.031 0.018 1.005 "" "" 14.725094 1.820394 15.59445 13.774055 "" "" 2269.99927 2560.44482 24261.02962 9.8159 7900.2 22.722 24521.0 19.909 "" "" 0.002790118217016503 0.0041876505 0.0038808268 0.008068478 265.00045167679 -33.27020308565 2400.29736 -0.030000000000000054 -0.746 -0.18140624344348907 0.008390597343444828 0.1089312 0.0959312 "" "" 2.0661396704336874 "" 0.22501314626922983 ""
264.86296823203 -33.24841455292 0.0224 0.0179 3.2605 "" "" 4054102884340811264 2346.76807 0.3857 0.0259 0.179 -0.887 0.028 0.021 0.99 "" "" 14.730661 1.763426 15.564184 13.800758 "" "" 2231.85522 2487.21851 24136.93139 8.6989 8123.5 14.465 23925.0 42.54 "" "" 0.0027829665481275603 0.0033945106 0.0042438847 0.0076383953 264.86296823203 -33.24841455292 2346.76807 0.179 -0.887 0.027593756556510918 -0.1326094026565552 0.10593121 0.0989312 "" "" 1.5067011717420946 "" 0.1495122683787713 ""
264.85935840925 -33.14392952891 0.0257 0.0199 5.5866 "" "" 4054107046217292032 2809.4126 0.3115 0.0265 0.238 -0.798 0.033 0.024 0.961 8703.1 2.7271 14.733829 1.829997 15.614044 13.784047 4.2 10.73 2637.35986 3048.97803 24066.636 9.6257 7758.9 15.061 24296.0 21.061 "" "" 0.002789330330526906 0.0034966867 0.003894808 0.0073914947 264.85935840925 -33.14392952891 2809.4126 0.2380000000000002 -0.798 0.08659375655651091 -0.04360940265655522 0.1109312 0.1019312 -37.872727272727275 11.750864 1.2911115606939942 37.894728395075454 0.1409510168015955 11.744042631864671
264.93312563418 -33.24980782836 0.025 0.0202 1.7921 "" "" 4054102545091296128 2407.80737 0.3791 0.029 0.229 -0.859 0.034 0.024 0.97 "" "" 14.738176 1.649214 15.419665 13.770452 "" "" 2218.49268 2647.66772 23970.45083 16.401 9280.1 71.899 24602.0 200.53 "" "" 0.00285370976403637 0.008862576 0.009623025 0.018485602 264.93312563418 -33.24980782836 2407.80737 0.2290000000000001 -0.8590000000000002 0.07759375655651093 -0.10460940265655516 0.111931205 0.1019312 "" "" 1.4864940174491281 "" 0.15695719124193308 ""
264.90298541827 -33.17135914098 0.0286 0.0226 3.1591 "" "" 4054103850761527424 2717.20679 0.331 0.0327 0.311 -0.829 0.034 0.025 1.009 10703.9 3.6681 14.742111 1.79711 15.50907 13.711961 "" "" 2487.66406 2982.2644 23883.73493 16.746 8546.5 29.025 25964.0 139.86 "" "" 0.00285854973104469 0.004623982 0.0069634006 0.011587383 264.90298541827 -33.17135914098 2717.20679 0.3110000000000002 -0.829 0.15959375655651092 -0.07460940265655513 0.111931205 0.1029312 "" "" 2.2690235979852917 "" 0.2504344947073403 ""
265.18823212998 -33.36305630539 0.0252 0.0188 15.8985 "" "" 4054086533451162496 2559.45801 0.3278 0.028 -1.426 -3.721 0.035 0.018 0.956 7011.9 1.9772 14.755366 3.281116 16.716286 13.435169 -10.77 1.48 2386.02686 2736.78955 23593.92064 10.716 2811.3 10.248 33504.0 33.871 "" "" 0.0027991001263437667 0.004842458 0.003935545 0.008778003 265.18823212998 -33.36305630539 2559.45801 -1.4260000000000002 -3.721 -1.577406243443489 -2.9666094026565553 0.11293121 0.0959312 -52.842727272727274 2.500864 40.761835987587865 66.73740404524924 4.073206658199929 3.179691772806735
264.90319168656 -33.21207618317 0.0234 0.0184 1.0281 "" "" 4054103434096681728 2695.85449 0.3379 0.0264 0.24 -0.705 0.03 0.022 1.072 "" "" 14.759606 1.776745 15.598494 13.821749 "" "" 2492.65137 2891.34204 23501.96257 10.563 7870.8 17.974 23467.0 24.913 "" "" 0.0027981993901914754 0.0037326363 0.0039512403 0.007683877 264.90319168656 -33.21207618317 2695.85449 0.23999999999999994 -0.7050000000000001 0.08859375655651092 0.049390597343444864 0.107931204 0.0999312 "" "" 1.2961231810365632 "" 0.13750430644273406 ""
264.89641355573 -33.33666465691 0.0227 0.0182 6.9736 "" "" 4053726370328168448 2224.69922 0.4007 0.0262 0.99 -3.464 0.029 0.022 0.977 "" "" 14.760769 2.690456 16.254757 13.564301 -56.26 3.25 2094.41772 2412.83911 23476.82148 11.377 4300.5 16.061 29747.0 40.178 "" "" 0.0028051073547163364 0.0049221027 0.0040539145 0.008976017 264.89641355573 -33.33666465691 2224.69922 0.99 -3.4640000000000004 0.8385937565565109 -2.709609402656555 0.1069312 0.0999312 -98.33272727272728 4.270864 29.910155904821547 102.78104241125061 3.007840493939326 4.178725489803904
264.85027150983 -33.2450221287 0.0241 0.0189 3.7512 "" "" 4054103090499246208 2743.43628 0.3189 0.0266 -0.051 -0.678 0.029 0.022 0.915 6999.6 2.5211 14.771548 1.931821 15.722653 13.790833 "" "" 2577.54004 2990.07275 23244.88983 9.2832 7020.3 16.354 24145.0 26.133 "" "" 0.0027892298076310084 0.0037659232 0.0039578606 0.007723784 264.85027150983 -33.2450221287 2743.43628 -0.05099999999999999 -0.6779999999999999 -0.20240624344348906 0.07639059734344478 0.1069312 0.0999312 "" "" 2.813285621389327 "" 0.2984435969219428 ""
265.02129157413 -33.36832622239 0.0256 0.0195 10.1432 "" "" 4054088663755138688 2249.20874 0.3882 0.0276 -0.521 -2.56 0.035 0.021 0.955 4909.3 1.9409 14.77421 2.764789 16.340439 13.57565 17.4 2.39 2114.87695 2433.16406 23187.96551 9.9011 3974.1 7.7553 29437.0 20.899 "" "" 0.0027940501149569495 0.0035034611 0.0038571882 0.0073606493 265.02129157413 -33.36832622239 2249.20874 -0.5210000000000004 -2.560000000000001 -0.6724062434434891 -1.8056094026565552 0.11293121 0.0989312 -24.67272727272728 3.4108644 20.541534415563845 32.10448733775661 2.0693618304882127 2.9367138670065462
264.91612096818 -33.26628832327 0.0227 0.0179 2.6581 "" "" 4054102128435089152 2379.87622 0.3838 0.0252 0.306 -0.835 0.031 0.022 0.941 6695.6 2.6071 14.779241 1.559607 15.472506 13.912899 "" "" 2232.12256 2516.65234 23080.78947 9.6432 8839.2 32.532 21577.0 32.63 "" "" 0.002792411678933963 0.004873686 0.004120632 0.008994319 264.91612096818 -33.26628832327 2379.87622 0.306 -0.835 0.15459375655651092 -0.08060940265655514 0.1089312 0.0999312 "" "" 1.9667484908990043 "" 0.21058152166347538 ""
264.87892947654 -33.11144004418 0.0249 0.0191 6.9495 "" "" 4054108553699271040 2222.95312 0.391 0.0268 -3.465 -6.94 0.031 0.022 0.917 7566.4 2.8215 14.779995 2.921061 16.449425 13.528364 9.56 6.01 2116.88379 2350.4292 23064.75224 12.071 3594.6 10.579 30748.0 43.917 "" "" 0.0028133017413055766 0.0042420872 0.00408516 0.008327248 264.87892947654 -33.11144004418 2222.95312 -3.4649999999999985 -6.939999999999998 -3.616406243443489 -6.185609402656556 0.1089312 0.0999312 -32.512727272727275 7.0308642 75.49831260320292 82.20141507688108 7.723405658701893 7.619219019276592
264.96181733473 -33.15284826091 0.0241 0.0201 4.6596 "" "" 4054105190791276288 2506.84888 0.351 0.029 0.284 -2.497 0.031 0.021 1.014 "" "" 14.787794 2.704864 16.30352 13.598656 -30.49 2.45 2312.18188 2754.52832 22899.65674 8.9287 4111.6 9.4109 28820.0 26.941 "" "" 0.0027876515987526338 0.0037364142 0.0039132913 0.0076497057 264.96181733473 -33.15284826091 2506.84888 0.284 -2.497 0.1325937565565109 -1.742609402656555 0.1089312 0.0989312 -72.56272727272727 3.4708643 20.766347255995903 75.47576145765478 2.055695061077329 3.384499262908122
