Clusters/NGC_6404/NGC_6404_stars_in_region.tsv
# %ECSV 1.0
# ---
# datatype:
# - name: RA_ICRS_1
#   unit: deg
#   datatype: float64
#   format: '{:15.11f}'
#   description: Right ascension (ICRS) at Ep=2016.0 (ra)
#   meta: !!omap
#   - {ucd: POS_EQ_RA_MAIN}
#   - {width: 15}
#   - {precision: '11'}
# - name: DE_ICRS_1
#   unit: deg
#   datatype: float64
#   format: '{:15.11f}'
#   description: Declination (ICRS) at Ep=2016.0 (dec)
#   meta: !!omap
#   - {ucd: POS_EQ_DEC_MAIN}
#   - {width: 15}
#   - {precision: '11'}
# - name: e_RA_ICRS
#   unit: mas
#   datatype: float64
#   format: '{:7.4f}'
#   description: Standard error of right ascension (ra_error)
#   meta: !!omap
#   - {ucd: ERROR}
#   - {width: 7}
#   - {precision: '4'}
# - name: e_DE_ICRS
#   unit: mas
#   datatype: float64
#   format: '{:7.4f}'
#   description: Standard error of declination (dec_error)
#   meta: !!omap
#   - {ucd: ERROR}
#   - {width: 7}
#   - {precision: '4'}
# - name: _r_1
#   unit: ''
#   datatype: float64
#   format: '{:7.4f}'
#   description: Distance from center (264.91980833000-33.22209472000)[ICRS], at Epoch=J2016.0
#   meta: !!omap
#   - {ucd: POS_ANG_DIST_GENERAL}
#   - {width: 7}
#   - {precision: '4'}
# - name: HIP
#   datatype: int32
#   description: '? HIP cross-id number, van Leeuwen, Cat. I/311 (hip_original_ext_source_id)'
#   meta: !!omap
#   - {ucd: ID_NUMBER}
#   - {width: 6}
#   - values: {'null': -2147483648}
# - name: TYC2
#   datatype: string
#   description: Tycho-2 cross-id name, Hog et al., Cat. I/259 (tyc2_original_ext_source_id)
#   meta: !!omap
#   - {ucd: ID_CROSSID}
#   - {_votable_string_dtype: char}
# - name: Source
#   datatype: int64
#   description: Source identifier, identical to the Gaia-EDR3 source_id (id)
#   meta: !!omap
#   - {ucd: ID_MAIN}
#   - {width: 19}
# - name: rgeo
#   unit: pc
#   datatype: float64
#   format: '{:15.8f}'
#   description: '? Median of the geometric distance posterior (r_med_geo)'
#   meta: !!omap
#   - {ucd: PHYS_DISTANCE_TRUE}
#   - {width: 15}
#   - {precision: '8'}
#   - values: {'null': .nan}
# - name: Plx
#   unit: mas
#   datatype: float64
#   format: '{:9.4f}'
#   description: '? Parallax (parallax)'
#   meta: !!omap
#   - {ucd: POS_PARLX_TRIG}
#   - {width: 9}
#   - {precision: '4'}
#   - values: {'null': .nan}
# - name: e_Plx
#   unit: mas
#   datatype: float32
#   format: '{:7.4f}'
#   description: '? Standard error of parallax (parallax_error)'
#   meta: !!omap
#   - {ucd: ERROR}
#   - {width: 7}
#   - {precision: '4'}
#   - values: {'null': .nan}
# - name: pmRA
#   unit: mas / yr
#   datatype: float64
#   format: '{:9.3f}'
#   description: '? Proper motion in right ascension direction, pmRA*cosDE (pmra)'
#   meta: !!omap
#   - {ucd: POS_EQ_PMRA}
#   - {width: 9}
#   - {precision: '3'}
#   - values: {'null': .nan}
# - name: pmDE
#   unit: mas / yr
#   datatype: float64
#   format: '{:9.3f}'
#   description: '? Proper motion in declination direction (pmdec)'
#   meta: !!omap
#   - {ucd: POS_EQ_PMDEC}
#   - {width: 9}
#   - {precision: '3'}
#   - values: {'null': .nan}
# - name: e_pmRA
#   unit: mas / yr
#   datatype: float32
#   format: '{:6.3f}'
#   description: '? Standard error of proper motion in right ascension direction (pmra_error)'
#   meta: !!omap
#   - {ucd: ERROR}
#   - {width: 6}
#   - {precision: '3'}
#   - values: {'null': .nan}
# - name: e_pmDE
[...]
#         value: !astropy.table.SerializedColumn {name: SkyCoord.dec}
#       distance: !astropy.table.SerializedColumn
#         __class__: astropy.coordinates.distances.Distance
#         unit: !astropy.units.Unit {unit: pc}
#         value: !astropy.table.SerializedColumn {name: SkyCoord.distance}
#       frame: icrs
#       obstime: !astropy.time.Time {format: jyear_str, in_subfmt: '*', jd1: 367701545.0, jd2: 0.0, out_subfmt: '*', precision: 3, scale: tt}
#       pm_dec: !astropy.table.SerializedColumn
#         __class__: astropy.units.quantity.Quantity
#         unit: !astropy.units.Unit {unit: mas / yr}
#         value: !astropy.table.SerializedColumn {name: SkyCoord.pm_dec}
#       pm_ra_cosdec: !astropy.table.SerializedColumn
#         __class__: astropy.units.quantity.Quantity
#         unit: !astropy.units.Unit {unit: mas / yr}
#         value: !astropy.table.SerializedColumn {name: SkyCoord.pm_ra_cosdec}
#       ra: !astropy.table.SerializedColumn
#         __class__: astropy.coordinates.angles.Longitude
#         unit: *id001
#         value: !astropy.table.SerializedColumn {name: SkyCoord.ra}
#         wrap_angle: !astropy.coordinates.Angle
#           unit: *id001
#           value: 360.0
#       representation_type: spherical
# schema: astropy-2.0
RA_ICRS_1 DE_ICRS_1 e_RA_ICRS e_DE_ICRS _r_1 HIP TYC2 Source rgeo Plx e_Plx pmRA pmDE e_pmRA e_pmDE RUWE Teff logg Gmag BP-RP BPmag RPmag RV e_RV b_rgeo B_rgeo FG e_FG FBP e_FBP FRP e_FRP RAVE5 RAVE6 e_Gmag e_BPmag e_RPmag e_BP-RP SkyCoord.ra SkyCoord.dec SkyCoord.distance SkyCoord.pm_ra_cosdec SkyCoord.pm_dec rmRA rmDE e_rmRA e_rmDE rRV e_rRV v_pec v_pec3d e_vpec e_vpec3d
[from data line 735]
265.13649305998 -33.33836402654 0.0489 0.0382 12.9151 "" "" 4054087598603162496 2804.73218 0.324 0.0505 0.126 -0.193 0.067 0.037 0.958 9193.1 3.4548 16.210718 3.029189 17.961712 14.932523 "" "" 2471.16113 3374.30811 6175.31552 4.048 892.76 5.7132 8436.2 14.724 "" "" 0.0028457558697551786 0.0074874423 0.0042278427 0.0117152855 265.13649305998 -33.33836402654 2804.73218 0.12599999999999997 -0.19300000000000012 -0.025406243443489074 0.5613905973434448 0.1449312 0.1149312 "" "" 7.471007242274077 "" 0.8591695875006786 ""
265.07743321057 -33.2049697689 0.0466 0.036 7.9789 "" "" 4054092438980411776 2899.07202 0.3347 0.051 0.184 -0.886 0.07 0.037 0.93 "" "" 16.211763 1.748009 17.049337 15.301329 "" "" 2495.02393 3431.28735 6169.38341 3.1093 2068.6 10.559 6006.6 12.096 "" "" 0.002809130817004128 0.0062047867 0.004366262 0.010571049 265.07743321057 -33.2049697689 2899.07202 0.18400000000000005 -0.8860000000000003 0.03259375655651092 -0.13160940265655519 0.1479312 0.1149312 "" "" 1.863159867407834 "" 0.2181605678491231 ""
264.94199624139 -33.26474295822 0.0696 0.0524 2.7906 "" "" 4054102300225235584 2536.50586 0.3847 0.0724 -1.383 -1.77 0.091 0.064 1.428 5702.4 3.796 16.215395 2.214883 17.21048 14.995597 "" "" 2029.14148 3186.42505 6148.77767 5.6346 1783.3 20.044 7960.1 106.92 "" "" 0.0029294543630073396 0.012518401 0.01506536 0.027583761 264.94199624139 -33.26474295822 2536.50586 -1.383 -1.7700000000000005 -1.534406243443489 -1.0156094026565552 0.1689312 0.1419312 "" "" 22.123255211396398 "" 3.565953023141438 ""
264.88041575734 -33.16609751763 0.1314 0.0993 3.8988 "" "" 4054106771339325312 3192.87622 0.5763 0.1478 -1.31 -2.264 0.179 0.119 2.509 7076.2 2.7214 16.216022 3.057769 17.927996 14.870227 "" "" 1852.15552 5040.146 6145.22556 14.766 920.91 8.2732 8934.4 25.037 "" "" 0.0037944558515377027 0.010145178 0.0048519056 0.014997084 264.88041575734 -33.16609751763 3192.87622 -1.3099999999999998 -2.2639999999999993 -1.4614062434434891 -1.509609402656555 0.25693122 0.19693121 "" "" 31.798564730890735 "" 7.248124951817951 ""
265.04345257367 -33.20352720046 0.0438 0.0346 6.3059 "" "" 4054092683844737664 2305.625 0.3794 0.0493 1.741 0.154 0.06 0.036 0.999 "" "" 16.218065 3.023436 17.992655 14.969218 "" "" 2047.27625 2531.64307 6133.6697 3.781 867.67 6.0389 8155.9 15.938 "" "" 0.0028354419006633635 0.008055281 0.004334211 0.012389492 265.04345257367 -33.20352720046 2305.625 1.7409999999999992 0.15399999999999986 1.589593756556511 0.9083905973434448 0.1379312 0.1139312 "" "" 20.00865239647647 "" 2.6496898120986847 ""
265.10194106536 -33.408766046 0.0545 0.0385 14.4513 "" "" 4054085021622713088 3108.02979 0.3132 0.0576 -1.463 -3.502 0.065 0.039 0.998 9366.3 3.732 16.219187 2.028308 17.203802 15.175494 "" "" 2626.31689 3776.75659 6127.33811 3.9139 1794.3 12.149 6744.7 37.702 "" "" 0.0028412614153154278 0.007863082 0.007149685 0.015012767 265.10194106536 -33.408766046 3108.02979 -1.463 -3.501999999999999 -1.6144062434434892 -2.747609402656555 0.1429312 0.1169312 "" "" 46.94806494168806 "" 5.827396314397154 ""
265.21521203378 -33.27901290672 0.05 0.0386 15.2108 "" "" 4054093989515656576 2673.78247 0.3502 0.0563 0.54 -3.314 0.07 0.038 1.0 15004.8 3.6897 16.221416 3.133494 18.054495 14.921 "" "" 2358.27588 3209.39722 6114.76677 3.5575 819.63 6.5465 8526.3 8.7043 "" "" 0.0028267993600389623 0.009109741 0.0039385636 0.013048304 265.21521203378 -33.27901290672 2673.78247 0.54 -3.314 0.38859375655651096 -2.5596094026565552 0.1479312 0.1159312 "" "" 32.81151167163356 "" 3.830703047257937 ""
264.98032288807 -33.43025530067 0.0456 0.0355 12.8528 "" "" 4053713176188544128 2219.46826 0.4146 0.0486 0.13 -2.288 0.061 0.041 0.992 7146.2 3.1298 16.22175 2.289592 17.420624 15.131032 "" "" 2019.76489 2441.80762 6112.89449 3.7539 1469.5 8.2649 7026.6 22.331 "" "" 0.0028348437369045956 0.006713746 0.005117613 0.011831359 264.98032288807 -33.43025530067 2219.46826 0.13000000000000003 -2.288 -0.02140624344348907 -1.533609402656555 0.1389312 0.118931204 "" "" 16.135571241115564 "" 1.919091061477067 ""
264.99089999491 -33.41534768737 0.0492 0.0385 12.1307 "" "" 4054088491956136064 2520.3042 0.3682 0.0489 -1.095 -2.643 0.068 0.043 0.963 "" "" 16.223185 1.999152 17.219149 15.219996 "" "" 2250.52051 2800.52759 6104.82283 3.2309 1769.1 11.012 6473.8 16.172 "" "" 0.002814599164834523 0.0073116207 0.004651881 0.011963502 264.99089999491 -33.41534768737 2520.3042 -1.0949999999999998 -2.643 -1.246406243443489 -1.888609402656555 0.14593121 0.12093121 "" "" 27.03224697626378 "" 3.487947503712854 ""
265.15342934572 -33.24034411148 0.0474 0.0364 11.776 "" "" 4054091408188204416 2318.33667 0.3911 0.0523 -0.753 -3.982 0.07 0.037 0.964 "" "" 16.2246 3.102398 18.058289 14.955891 "" "" 2096.89722 2580.30713 6096.87084 3.4679 816.77 6.2454 8256.6 11.294 "" "" 0.002823681647064917 0.008758362 0.0040607145 0.012819077 265.15342934572 -33.24034411148 2318.33667 -0.7529999999999997 -3.982000000000003 -0.9044062434434891 -3.2276094026565554 0.1479312 0.1149312 "" "" 36.834041158306356 "" 4.333394913611014 ""
264.89128688104 -33.00719825256 0.0619 0.0463 12.9732 "" "" 4054110409126022400 2292.70874 0.4113 0.0625 -2.582 -4.541 0.082 0.056 1.153 9105.3 3.9911 16.224768 2.936654 17.867678 14.931024 "" "" 2042.41016 2608.88843 6095.93045 5.8553 973.52 8.6761 8447.9 61.077 "" "" 0.0029460793592107626 0.010070428 0.00871215 0.018782578 264.89128688104 -33.00719825256 2292.70874 -2.5819999999999994 -4.5409999999999995 -2.733406243443489 -3.7866094026565555 0.15993121 0.1339312 "" "" 50.75212945637057 "" 7.2763365183825135 ""
264.98898224413 -33.45501977484 0.0759 0.0584 14.3992 "" "" 4053710122487297792 2401.84253 0.4141 0.0746 0.777 -0.318 0.106 0.079 1.083 "" "" 16.228998 2.373029 17.052118 14.67909 "" "" 2102.64722 2823.22095 6072.22001 8.8805 2063.3 19.67 10654.0 1004.6 "" "" 0.003180111978953602 0.01072009 0.10244729 0.11316738 264.98898224413 -33.45501977484 2401.84253 0.7769999999999995 -0.31800000000000017 0.625593756556511 0.4363905973434448 0.1839312 0.1569312 "" "" 8.683830470343779 "" 1.5244577357109566 ""
264.9220267127 -33.23114302646 0.0543 0.0419 0.5542 "" "" 4054102613762155008 2587.76294 0.3637 0.053 -2.283 -6.268 0.068 0.049 1.032 4263.9 2.3511 16.23177 2.87238 17.861444 14.989064 "" "" 2297.36572 3071.25684 6056.73517 4.2657 979.13 9.5175 8008.2 23.639 "" "" 0.0028594605875055528 0.01091635 0.0049553304 0.015871681 264.9220267127 -33.23114302646 2587.76294 -2.283 -6.268000000000003 -2.434406243443489 -5.513609402656555 0.14593121 0.1269312 "" "" 73.92867956703006 "" 9.627013702711261 ""
264.96373245715 -33.0412474058 0.0571 0.0429 11.073 "" "" 4054109275254083456 2844.56348 0.316 0.0571 -4.318 -4.548 0.071 0.045 1.046 "" "" 16.233225 2.861195 17.858938 14.997744 "" "" 2425.91846 3308.22583 6048.62172 4.3149 981.39 7.5527 7944.4 15.904 "" "" 0.002862112361696905 0.008809281 0.004359822 0.013169102 264.96373245715 -33.0412474058 2844.56348 -4.318 -4.548 -4.469406243443489 -3.793609402656555 0.1489312 0.122931205 "" "" 79.04332312796056 "" 10.95842319827947 ""
264.65626757888 -33.32046662809 0.0473 0.0373 14.4782 "" "" 4053728779869744000 2462.271 0.3864 0.0506 -0.574 -1.705 0.056 0.041 0.963 8406.2 2.9085 16.233976 2.130621 17.327795 15.197174 "" "" 2197.50854 2780.04126 6044.43835 3.6573 1600.7 8.4019 6611.3 14.313 "" "" 0.002832554675262364 0.0063452846 0.0044507054 0.01079599 264.65626757888 -33.32046662809 2462.271 -0.5740000000000004 -1.705 -0.725406243443489 -0.9506094026565552 0.1339312 0.118931204 "" "" 13.95606044353563 "" 1.7397833388409387 ""
265.00234067388 -33.10508521536 0.0557 0.045 8.153 "" "" 4054105736200757888 2441.44531 0.4003 0.0676 1.065 -1.844 0.072 0.046 1.2 "" "" 16.234524 2.944325 17.912745 14.968419 "" "" 2118.91528 2876.07568 6041.39726 4.4101 933.94 8.6818 8161.9 17.727 "" "" 0.0028670455226723515 0.01047145 0.0044547184 0.014926169 265.00234067388 -33.10508521536 2441.44531 1.065 -1.8440000000000003 0.9135937565565109 -1.0896094026565553 0.14993119 0.1239312 "" "" 16.455285229200772 "" 2.225926027628292 ""
264.96254267367 -33.21891647124 0.0473 0.0348 2.1535 "" "" 4054102682530263680 2655.83667 0.3484 0.052 0.128 -0.681 0.063 0.039 1.025 9023.3 3.4513 16.234882 1.838618 17.102642 15.264024 "" "" 2318.51611 3032.73999 6039.40312 3.8617 1969.5 9.3122 6216.5 32.985 "" "" 0.0028414356813122477 0.005842835 0.006890021 0.012732856 264.96254267367 -33.21891647124 2655.83667 0.128 -0.681 -0.023406243443489072 0.07339059734344477 0.1409312 0.1169312 "" "" 0.9697385201827229 "" 0.11573767106249176 ""
265.22602245591 -33.26683150507 0.0485 0.0368 15.5986 "" "" 4054094023875398144 2932.00732 0.338 0.0541 -0.138 -0.982 0.068 0.036 0.966 8506.0 2.796 16.235481 2.14661 17.312157 15.165546 "" "" 2500.20142 3746.60742 6036.06572 2.9372 1623.9 6.6485 6806.7 31.343 "" "" 0.002805516026376168 0.0052482965 0.00626729 0.011515587 265.22602245591 -33.26683150507 2932.00732 -0.138 -0.9820000000000002 -0.2894062434434891 -0.22760940265655516 0.14593121 0.1139312 "" "" 5.116964429166087 "" 0.6887603314386579 ""
265.0042552931 -33.25982524801 0.0448 0.034 4.8045 "" "" 4054090587900660736 2448.66235 0.3851 0.0482 0.812 -1.679 0.06 0.036 0.966 9666.2 3.6955 16.235786 2.823314 17.811354 14.98804 "" "" 2188.98755 2718.09229 6034.3756 3.5271 1025.4 12.937 8015.7 31.124 "" "" 0.002827459024588468 0.013979509 0.005661851 0.019641358 265.0042552931 -33.25982524801 2448.66235 0.812 -1.6790000000000007 0.660593756556511 -0.9246094026565552 0.1379312 0.1139312 "" "" 13.189203749044161 "" 1.616584019584329 ""
264.97177618278 -33.16957641639 0.0463 0.0359 4.0911 "" "" 4054105122071756288 2954.44287 0.3008 0.0511 0.203 0.434 0.058 0.04 0.972 15005.3 3.8723 16.236042 3.014947 17.983887 14.96894 "" "" 2523.50171 3434.50366 6032.95432 3.7025 874.71 7.6526 8158.0 12.441 "" "" 0.0028347460154000857 0.009900124 0.0041261665 0.01402629 264.97177618278 -33.16957641639 2954.44287 0.203 0.43400000000000016 0.05159375655651094 1.1883905973434448 0.1359312 0.1179312 "" "" 16.65796897840228 "" 1.9651013561404302 ""
264.97502025498 -33.20037801022 0.0466 0.0368 3.0626 "" "" 4054104194358764032 2833.60229 0.3308 0.0492 3.288 -3.678 0.061 0.042 0.965 "" "" 16.236292 2.897168 17.899061 15.001893 "" "" 2419.79102 3423.85181 6031.56415 3.751 945.78 8.5739 7914.1 18.385 "" "" 0.0028368474125729983 0.010230496 0.004543723 0.014774218 264.97502025498 -33.20037801022 2833.60229 3.2880000000000003 -3.677999999999998 3.1365937565565107 -2.923609402656555 0.1389312 0.119931206 "" "" 57.59137757285892 "" 7.512381505651145 ""
264.87857768059 -33.0738412822 0.0491 0.0383 9.1332 "" "" 4054109520118526592 2704.62769 0.3493 0.0502 0.301 -0.796 0.064 0.045 1.019 7987.6 3.0777 16.238714 1.93576 17.191282 15.255522 "" "" 2342.74512 3427.89722 6018.12486 3.799 1815.1 10.58 6265.4 13.674 "" "" 0.002839284631903859 0.0069163973 0.004460788 0.011377186 264.87857768059 -33.0738412822 2704.62769 0.30100000000000027 -0.7959999999999999 0.14959375655651092 -0.04160940265655522 0.1419312 0.122931205 "" "" 1.9905869106968122 "" 0.2799807400137496 ""
265.21803548921 -33.25055277583 0.0498 0.0384 15.0636 "" "" 4054094092594889728 3180.63379 0.3075 0.0531 -0.056 -0.966 0.07 0.037 1.032 "" "" 16.240425 2.188323 17.368092 15.179769 "" "" 2694.93726 3822.22534 6008.64325 3.012 1542.3 7.0085 6718.2 10.031 "" "" 0.0028085589738997994 0.0056680967 0.0041123913 0.009780488 265.21803548921 -33.25055277583 3180.63379 -0.055999999999999994 -0.966 -0.20740624344348907 -0.21160940265655515 0.1479312 0.1149312 "" "" 4.467135240737665 "" 0.590260654620161 ""
265.21831259486 -33.17182705666 0.0557 0.0437 15.2876 "" "" 4054097872166351744 2968.22876 0.3051 0.0571 -1.146 -1.601 0.079 0.043 1.006 "" "" 16.240881 3.181604 18.12264 14.941036 "" "" 2523.79004 3459.27759 6006.12761 2.9519 769.77 7.6323 8370.4 16.935 "" "" 0.002806517199975235 0.011120827 0.00437139 0.015492218 265.21831259486 -33.17182705666 2968.22876 -1.1459999999999997 -1.601 -1.297406243443489 -0.8466094026565552 0.1569312 0.12093121 "" "" 21.796274864844296 "" 3.206354194568607 ""
264.97787564745 -33.2821033692 0.0469 0.035 4.6317 "" "" 4054090450461705856 3146.0708 0.3051 0.0494 0.176 -0.69 0.067 0.039 0.975 8528.3 3.314 16.246754 1.804737 17.114437 15.3097 "" "" 2680.04517 3843.28857 5973.72926 3.5386 1948.2 7.6044 5960.4 11.004 "" "" 0.0028293864077109524 0.005073979 0.00427804 0.009352019 264.97787564745 -33.2821033692 3146.0708 0.1759999999999999 -0.6900000000000002 0.024593756556510915 0.06439059734344488 0.1449312 0.1169312 "" "" 1.0278729451101436 "" 0.12422543208980398 ""
265.03263536193 -33.17796687713 0.078 0.0602 6.2528 "" "" 4054104434827915776 2848.02173 0.33 0.0816 -2.376 -6.472 0.11 0.064 1.094 "" "" 16.249134 4.601114 19.249226 14.648111 "" "" 2381.17993 3491.45776 5960.63798 16.008 272.73 12.092 10963.0 43.298 "" "" 0.0040117459959191065 0.048218954 0.005715885 0.05393484 265.03263536193 -33.17796687713 2848.02173 -2.375999999999999 -6.472 -2.527406243443489 -5.717609402656556 0.18793121 0.1419312 "" "" 84.39028818230516 "" 12.693583739734663 ""
264.82933705991 -33.47747416813 0.0457 0.0365 15.9796 "" "" 4053712042317119360 2792.78174 0.3243 0.0505 -1.194 -3.492 0.062 0.046 1.031 7964.0 3.5941 16.249176 2.623906 17.68544 15.061534 "" "" 2444.12402 3146.96509 5960.41578 3.8147 1151.4 7.1941 7491.1 26.839 "" "" 0.0028415917783721056 0.00733521 0.005423607 0.0127588175 264.82933705991 -33.47747416813 2792.78174 -1.194 -3.492 -1.345406243443489 -2.737609402656555 0.1399312 0.1239312 "" "" 40.37985297274712 "" 5.136382280462392 ""
264.91396915719 -33.15657508163 0.046 0.0364 3.9421 "" "" 4054105328230286592 2430.30029 0.3799 0.049 0.135 -0.837 0.058 0.042 1.003 "" "" 16.250702 1.748111 17.080471 15.33236 "" "" 2190.94678 2714.76172 5952.04566 3.4535 2010.1 10.23 5837.3 14.55 "" "" 0.002826419521515405 0.0061901296 0.0046484154 0.010838545 264.91396915719 -33.15657508163 2430.30029 0.135 -0.8370000000000006 -0.016406243443489066 -0.08260940265655514 0.1359312 0.119931206 "" "" 0.9702148118653415 "" 0.11698567964740039 ""
264.93390647349 -33.08929470016 0.051 0.0403 7.9994 "" "" 4054108897304000512 2469.98828 0.3896 0.0525 0.061 -1.568 0.063 0.047 1.074 8261.6 3.6373 16.251936 2.452192 17.515266 15.063074 "" "" 2174.55811 2795.33179 5945.28198 4.4718 1346.8 14.309 7480.5 64.9 "" "" 0.0028737955987675774 0.011867989 0.010149631 0.02201762 264.93390647349 -33.08929470016 2469.98828 0.061 -1.568 -0.09040624344348908 -0.8136094026565552 0.1409312 0.1249312 "" "" 9.584156893135273 "" 1.199348640252243 ""
264.65515323193 -33.12237514062 0.0525 0.0406 14.576 "" "" 4053780216401248896 2834.18066 0.3212 0.0597 -2.477 -4.955 0.07 0.052 0.991 8031.4 3.4242 16.252747 3.829033 18.689579 14.860546 "" "" 2422.62256 3233.07544 5940.84601 4.5638 456.65 8.8572 9014.5 17.924 "" "" 0.0028787953115844258 0.021243012 0.0043525 0.025595512 264.65515323193 -33.12237514062 2834.18066 -2.477 -4.955 -2.628406243443489 -4.200609402656555 0.1479312 0.12993121 "" "" 66.56773845274958 "" 9.002500853074007 ""
264.90850514134 -33.07886944677 0.0496 0.0387 8.6123 "" "" 4054108798563983744 2798.52979 0.3194 0.0515 -5.226 0.77 0.065 0.045 1.004 9398.6 3.6017 16.253103 3.026934 18.01582 14.988886 "" "" 2455.0083 3296.50513 5938.89458 4.1329 849.36 7.3657 8009.5 23.141 "" "" 0.0028570391273638135 0.009820283 0.004911607 0.0147318905 264.90850514134 -33.07886944677 2798.52979 -5.226 0.77 -5.377406243443489 1.5243905973434448 0.1429312 0.122931205 "" "" 74.14222717629858 "" 10.494153164258984 ""
