Clusters/NGC_6404/NGC_6404_stars_in_region.tsv
# %ECSV 1.0
# ---
# datatype:
# - name: RA_ICRS_1
#   unit: deg
#   datatype: float64
#   format: '{:15.11f}'
#   description: Right ascension (ICRS) at Ep=2016.0 (ra)
#   meta: !!omap
#   - {ucd: POS_EQ_RA_MAIN}
#   - {width: 15}
#   - {precision: '11'}
# - name: DE_ICRS_1
#   unit: deg
#   datatype: float64
#   format: '{:15.11f}'
#   description: Declination (ICRS) at Ep=2016.0 (dec)
#   meta: !!omap
#   - {ucd: POS_EQ_DEC_MAIN}
#   - {width: 15}
#   - {precision: '11'}
# - name: e_RA_ICRS
#   unit: mas
#   datatype: float64
#   format: '{:7.4f}'
#   description: Standard error of right ascension (ra_error)
#   meta: !!omap
#   - {ucd: ERROR}
#   - {width: 7}
#   - {precision: '4'}
# - name: e_DE_ICRS
#   unit: mas
#   datatype: float64
#   format: '{:7.4f}'
#   description: Standard error of declination (dec_error)
#   meta: !!omap
#   - {ucd: ERROR}
#   - {width: 7}
#   - {precision: '4'}
# - name: _r_1
#   unit: ''
#   datatype: float64
#   format: '{:7.4f}'
#   description: Distance from center (264.91980833000-33.22209472000)[ICRS], at Epoch=J2016.0
#   meta: !!omap
#   - {ucd: POS_ANG_DIST_GENERAL}
#   - {width: 7}
#   - {precision: '4'}
# - name: HIP
#   datatype: int32
#   description: '? HIP cross-id number, van Leeuwen, Cat. I/311 (hip_original_ext_source_id)'
#   meta: !!omap
#   - {ucd: ID_NUMBER}
#   - {width: 6}
#   - values: {'null': -2147483648}
# - name: TYC2
#   datatype: string
#   description: Tycho-2 cross-id name, Hog et al., Cat. I/259 (tyc2_original_ext_source_id)
#   meta: !!omap
#   - {ucd: ID_CROSSID}
#   - {_votable_string_dtype: char}
# - name: Source
#   datatype: int64
#   description: Source identifier, identical to the Gaia-EDR3 source_id (id)
#   meta: !!omap
#   - {ucd: ID_MAIN}
#   - {width: 19}
# - name: rgeo
#   unit: pc
#   datatype: float64
#   format: '{:15.8f}'
#   description: '? Median of the geometric distance posterior (r_med_geo)'
#   meta: !!omap
#   - {ucd: PHYS_DISTANCE_TRUE}
#   - {width: 15}
#   - {precision: '8'}
#   - values: {'null': .nan}
# - name: Plx
#   unit: mas
#   datatype: float64
#   format: '{:9.4f}'
#   description: '? Parallax (parallax)'
#   meta: !!omap
#   - {ucd: POS_PARLX_TRIG}
#   - {width: 9}
#   - {precision: '4'}
#   - values: {'null': .nan}
# - name: e_Plx
#   unit: mas
#   datatype: float32
#   format: '{:7.4f}'
#   description: '? Standard error of parallax (parallax_error)'
#   meta: !!omap
#   - {ucd: ERROR}
#   - {width: 7}
#   - {precision: '4'}
#   - values: {'null': .nan}
# - name: pmRA
#   unit: mas / yr
#   datatype: float64
#   format: '{:9.3f}'
#   description: '? Proper motion in right ascension direction, pmRA*cosDE (pmra)'
#   meta: !!omap
#   - {ucd: POS_EQ_PMRA}
#   - {width: 9}
#   - {precision: '3'}
#   - values: {'null': .nan}
# - name: pmDE
#   unit: mas / yr
#   datatype: float64
#   format: '{:9.3f}'
#   description: '? Proper motion in declination direction (pmdec)'
#   meta: !!omap
#   - {ucd: POS_EQ_PMDEC}
#   - {width: 9}
#   - {precision: '3'}
#   - values: {'null': .nan}
# - name: e_pmRA
#   unit: mas / yr
#   datatype: float32
#   format: '{:6.3f}'
#   description: '? Standard error of proper motion in right ascension direction (pmra_error)'
#   meta: !!omap
#   - {ucd: ERROR}
#   - {width: 6}
#   - {precision: '3'}
#   - values: {'null': .nan}
# - name: e_pmDE
[...]
#         value: !astropy.table.SerializedColumn {name: SkyCoord.dec}
#       distance: !astropy.table.SerializedColumn
#         __class__: astropy.coordinates.distances.Distance
#         unit: !astropy.units.Unit {unit: pc}
#         value: !astropy.table.SerializedColumn {name: SkyCoord.distance}
#       frame: icrs
#       obstime: !astropy.time.Time {format: jyear_str, in_subfmt: '*', jd1: 367701545.0, jd2: 0.0, out_subfmt: '*', precision: 3, scale: tt}
#       pm_dec: !astropy.table.SerializedColumn
#         __class__: astropy.units.quantity.Quantity
#         unit: !astropy.units.Unit {unit: mas / yr}
#         value: !astropy.table.SerializedColumn {name: SkyCoord.pm_dec}
#       pm_ra_cosdec: !astropy.table.SerializedColumn
#         __class__: astropy.units.quantity.Quantity
#         unit: !astropy.units.Unit {unit: mas / yr}
#         value: !astropy.table.SerializedColumn {name: SkyCoord.pm_ra_cosdec}
#       ra: !astropy.table.SerializedColumn
#         __class__: astropy.coordinates.angles.Longitude
#         unit: *id001
#         value: !astropy.table.SerializedColumn {name: SkyCoord.ra}
#         wrap_angle: !astropy.coordinates.Angle
#           unit: *id001
#           value: 360.0
#       representation_type: spherical
# schema: astropy-2.0
RA_ICRS_1 DE_ICRS_1 e_RA_ICRS e_DE_ICRS _r_1 HIP TYC2 Source rgeo Plx e_Plx pmRA pmDE e_pmRA e_pmDE RUWE Teff logg Gmag BP-RP BPmag RPmag RV e_RV b_rgeo B_rgeo FG e_FG FBP e_FBP FRP e_FRP RAVE5 RAVE6 e_Gmag e_BPmag e_RPmag e_BP-RP SkyCoord.ra SkyCoord.dec SkyCoord.distance SkyCoord.pm_ra_cosdec SkyCoord.pm_dec rmRA rmDE e_rmRA e_rmDE rRV e_rRV v_pec v_pec3d e_vpec e_vpec3d
[from data line 59]
264.97792388381 -33.29435797517 0.0167 0.0129 5.225 "" "" 4054090446115465856 2477.1792 0.365 0.019 -0.27 -0.396 0.021 0.013 0.96 6999.3 2.5188 13.441643 1.675381 14.226877 12.551497 "" "" 2360.40308 2673.31641 79120.59755 24.749 27840.0 32.543 75607.0 37.216 "" "" 0.0027761719490174285 0.003065255 0.003816981 0.0068822363 264.97792388381 -33.29435797517 2477.1792 -0.27 -0.39600000000000024 -0.4214062434434891 0.3583905973434448 0.0989312 0.09093121 "" "" 6.4955460921245445 "" 0.6213314865630237 ""
265.00461407222 -33.27691865074 0.0411 0.0311 5.3785 "" "" 4054090377396008064 2870.39624 0.3059 0.0438 1.199 0.807 0.056 0.033 0.924 3848.9 0.9209 13.452494 4.335289 16.324541 11.989252 -21.65 0.36 2571.15283 3175.1438 78333.79212 64.153 4032.7 22.037 126900.0 216.11 "" "" 0.002895244251131529 0.0065564164 0.0042074383 0.010763855 265.00461407222 -33.27691865074 2870.39624 1.199 0.8069999999999999 1.047593756556511 1.5613905973434448 0.1339312 0.1109312 -63.722727272727276 1.3808641 25.58226892272772 68.66613761024529 3.032762572506531 1.708439501164984
264.93515083305 -33.08868122126 0.0159 0.0127 8.0418 "" "" 4054108901643155456 2583.8125 0.3329 0.0178 0.308 -2.265 0.02 0.015 0.921 "" "" 13.467251 2.76844 15.03171 12.263269 -23.24 0.51 2480.52954 2716.49243 77276.30661 30.356 13266.0 20.55 98594.0 46.145 "" "" 0.0027881345996982124 0.0032578802 0.003813391 0.0070712715 264.93515083305 -33.08868122126 2583.8125 0.30799999999999994 -2.2649999999999983 0.15659375655651092 -1.5106094026565553 0.097931206 0.0929312 -65.31272727272727 1.5308641 18.599981983056747 67.90958454866065 1.7295337596780271 1.5466534771791463
264.92224166844 -33.26713335726 0.016 0.0125 2.7051 "" "" 4054101926615990656 2624.1665 0.344 0.0177 0.078 -0.653 0.023 0.016 0.892 8852.0 2.8265 13.4883 1.572642 14.206094 12.633451 "" "" 2508.13965 2783.5354 75792.59098 30.918 28378.0 39.046 70110.0 50.061 "" "" 0.00279069037308443 0.0031649265 0.0038580755 0.007023002 264.92224166844 -33.26713335726 2624.1665 0.07799999999999999 -0.6530000000000002 -0.07340624344348907 0.1013905973434448 0.100931205 0.093931206 "" "" 1.5569829354677944 "" 0.15008677214073754 ""
265.0232230073 -33.20845115358 0.0157 0.0123 5.2553 "" "" 4054104056919733888 2524.53711 0.3547 0.0176 0.131 -0.772 0.021 0.013 0.909 "" "" 13.509074 1.680142 14.295095 12.614953 "" "" 2413.11743 2664.07227 74356.16672 21.943 26144.0 25.34 71314.0 44.755 "" "" 0.002773887285276712 0.0029820264 0.0038403138 0.00682234 265.0232230073 -33.20845115358 2524.53711 0.131 -0.772 -0.02040624344348907 -0.017609402656555195 0.0989312 0.09093121 "" "" 0.3225370828060269 "" 0.030834070035130348 ""
264.86429997891 -33.22329991094 0.0154 0.0123 2.7871 "" "" 4054103232286202240 2800.30127 0.3157 0.0178 0.097 -0.686 0.02 0.014 0.861 "" "" 13.522381 1.752906 14.35126 12.598354 "" "" 2672.8894 2955.28149 73450.45853 24.255 24826.0 25.477 72413.0 60.483 "" "" 0.0027785493436711475 0.0030044143 0.0038866599 0.006891074 264.86429997891 -33.22329991094 2800.30127 0.097 -0.686 -0.05440624344348907 0.06839059734344477 0.097931206 0.0919312 "" "" 1.159987735784111 "" 0.10938913663156628 ""
265.23328500822 -33.2524209431 0.0182 0.0132 15.8365 "" "" 4054094126954620800 2384.89355 0.3755 0.0208 -0.019 -0.842 0.025 0.012 0.938 "" "" 13.540208 2.204204 14.676129 12.471926 11.4 6.44 2259.14014 2531.68311 72254.31109 19.542 18406.0 18.766 81356.0 35.673 "" "" 0.002770923949818712 0.0030017386 0.0038092483 0.006810987 265.23328500822 -33.2524209431 2384.89355 -0.019000000000000013 -0.842 -0.17040624344348906 -0.08760940265655515 0.1029312 0.089931205 -30.67272727272728 7.460864 2.166014651332742 30.749110845956114 0.21736549939429417 7.44234635643272
265.14200115073 -33.27364430482 0.0196 0.0153 11.5703 "" "" 4054088315811709568 2389.53369 0.3739 0.0212 0.045 -0.927 0.028 0.015 1.198 "" "" 13.586978 1.956371 14.551403 12.595032 "" "" 2279.96777 2506.49243 69207.86881 16.515 20647.0 21.934 72635.0 33.262 "" "" 0.0027674746642136734 0.003019174 0.0038119457 0.00683112 265.14200115073 -33.27364430482 2389.53369 0.044999999999999984 -0.9270000000000005 -0.10640624344348908 -0.17260940265655522 0.10593121 0.0929312 "" "" 2.296669399076103 "" 0.22205484888113833 ""
264.94310379292 -33.15008860104 0.0168 0.0135 4.4759 "" "" 4054105289523952768 2331.00024 0.3842 0.0184 0.18 -0.677 0.024 0.016 1.044 "" "" 13.58963 1.758273 14.421913 12.66364 "" "" 2254.41479 2443.09937 69039.05403 30.794 23262.0 64.848 68187.0 89.696 "" "" 0.002797555267390223 0.00411657 0.004040241 0.008156811 264.94310379292 -33.15008860104 2331.00024 0.18 -0.677 0.02859375655651092 0.07739059734344478 0.1019312 0.093931206 "" "" 0.9115816692158529 "" 0.08653439486641609 ""
265.20867606128 -33.29802954009 0.0172 0.0131 15.1922 "" "" 4054087353739006592 2489.84863 0.3589 0.02 -0.099 -0.999 0.024 0.013 0.912 "" "" 13.600332 1.858365 14.498693 12.640327 "" "" 2387.67871 2620.32935 68361.87189 17.212 21674.0 16.761 69667.0 23.792 "" "" 0.0027688476680534893 0.0029137635 0.0037975272 0.0067112907 265.20867606128 -33.29802954009 2489.84863 -0.09900000000000003 -0.9989999999999999 -0.25040624344348905 -0.24460940265655517 0.1019312 0.09093121 "" "" 4.13128342980765 "" 0.39956296644214206 ""
264.89526832424 -33.17576393712 0.0432 0.0333 3.0406 "" "" 4054103816401792128 2976.27344 0.3054 0.0482 0.154 -3.096 0.052 0.038 1.09 3646.4 0.706 13.613234 4.100853 16.27627 12.175417 -47.43 0.48 2534.33447 3406.09766 67554.36061 49.222 4216.1 26.011 106900.0 210.54 "" "" 0.0028666400355508888 0.007256272 0.004342386 0.011598658 264.89526832424 -33.17576393712 2976.27344 0.15399999999999994 -3.096 0.0025937565565109233 -2.3416094026565553 0.12993121 0.1159312 -89.50272727272727 1.5008641 33.03435945904858 95.40443959337443 3.829713468987187 1.9341564087143346
264.86888565065 -33.01921700516 0.0185 0.0145 12.4387 "" "" 4054110276032840192 2764.83472 0.3043 0.02 -2.263 -6.873 0.025 0.018 0.984 6922.0 1.8815 13.666111 3.152609 15.522892 12.370283 -33.78 3.11 2630.02295 2942.2439 64343.13642 40.798 8438.4 12.946 89340.0 91.642 "" "" 0.002840022501574526 0.0032495605 0.003940061 0.0071896217 264.86888565065 -33.01921700516 2764.83472 -2.2629999999999995 -6.872999999999999 -2.414406243443489 -6.118609402656555 0.1029312 0.0959312 -75.85272727272728 4.130864 86.20343977052124 114.82451507836045 8.35344051227543 6.839250695806252
264.91067577156 -33.133898405 0.0171 0.0137 5.3116 "" "" 4054108317527563008 2376.28955 0.3791 0.0189 0.149 -0.809 0.023 0.016 0.959 "" "" 13.681505 1.854504 14.579346 12.724842 "" "" 2286.90576 2477.2373 63437.2713 24.744 20122.0 30.93 64450.0 45.368 "" "" 0.0027876762007237057 0.0032512015 0.0038558848 0.0071070865 264.91067577156 -33.133898405 2376.28955 0.14899999999999997 -0.809 -0.002406243443489081 -0.05460940265655523 0.100931205 0.093931206 "" "" 0.6156959759864077 "" 0.05784172736290057 ""
265.09040242575 -33.15720492166 0.0389 0.0312 9.4091 "" "" 4054098731159696512 2889.49268 0.312 0.0434 -3.342 -3.601 0.05 0.032 0.981 5969.4 1.6661 13.687881 4.173077 16.4171 12.244024 -74.41 0.72 2513.23438 3297.84595 63065.82821 37.034 3703.2 18.613 100360.0 130.49 "" "" 0.0028281248932272344 0.0061290464 0.004034428 0.010163475 265.09040242575 -33.15720492166 2889.49268 -3.342 -3.6009999999999973 -3.493406243443489 -2.846609402656555 0.1279312 0.1099312 -116.48272727272727 1.7408642 61.71967030982715 131.82391079028994 7.472395550352774 3.821804427236284
265.01761909131 -32.99559820325 0.0185 0.0143 14.4515 "" "" 4054115498714048128 2326.16479 0.3865 0.0217 -0.204 -1.629 0.022 0.014 0.909 "" "" 13.68825 1.837455 14.577534 12.740079 "" "" 2217.6333 2451.54102 63044.46424 18.702 20156.0 24.416 63552.0 30.875 "" "" 0.0027740810564814413 0.0030846102 0.0038160132 0.0069006234 265.01761909131 -32.99559820325 2326.16479 -0.204 -1.629000000000001 -0.35540624344348903 -0.8746094026565552 0.0999312 0.0919312 "" "" 10.409260063594678 "" 0.9691731194762272 ""
264.74666520893 -33.24083106386 0.0372 0.0285 8.7621 "" "" 4053730944533272192 2250.53833 0.4025 0.0419 -0.3 -2.37 0.043 0.033 2.33 7298.2 1.9152 13.691812 2.25644 14.857235 12.600795 "" "" 2079.27295 2471.56958 62837.98996 28.462 15578.0 26.703 72250.0 43.003 "" "" 0.0027988628293949313 0.0033539212 0.0038342322 0.0071881535 264.74666520893 -33.24083106386 2250.53833 -0.29999999999999993 -2.37 -0.45140624344348906 -1.6156094026565553 0.12093121 0.1109312 "" "" 17.894675149383907 "" 1.9985741096579945 ""
264.92133066156 -33.1821513873 0.0173 0.0143 2.3978 "" "" 4054103571535685248 2361.36792 0.3827 0.021 0.401 -0.751 0.022 0.016 0.923 "" "" 13.703655 1.729426 14.517966 12.78854 "" "" 2255.2417 2469.87354 62156.22613 17.744 21293.0 29.337 60777.0 38.068 "" "" 0.0027726987234901685 0.003165876 0.0038400786 0.0070059546 264.92133066156 -33.1821513873 2361.36792 0.401 -0.7510000000000004 0.24959375655651095 0.0033905973434448233 0.0999312 0.093931206 "" "" 2.793931706615453 "" 0.27919795595833163 ""
264.9890102227 -33.18412385428 0.0182 0.0141 4.1546 "" "" 4054104297437989504 2439.54346 0.3661 0.0206 0.078 -0.737 0.024 0.015 1.173 "" "" 13.715076 1.886848 14.626513 12.739665 "" "" 2314.59277 2542.87158 61505.79818 20.381 19267.0 22.125 63576.0 39.605 "" "" 0.0027787099709356503 0.0030560652 0.0038394267 0.006895492 264.9890102227 -33.18412385428 2439.54346 0.07799999999999996 -0.737 -0.07340624344348907 0.017390597343444836 0.1019312 0.0929312 "" "" 0.8723238345434174 "" 0.08851731348544226 ""
264.79986660535 -33.28492504396 0.028 0.021 7.1013 "" "" 4053727611638537088 2351.56128 0.3658 0.0325 0.799 -0.865 0.035 0.026 1.044 "" "" 13.733567 3.620082 15.981497 12.361415 -34.19 0.59 2173.56128 2545.88232 60467.22383 25.658 5531.2 16.847 90072.0 70.366 "" "" 0.002793571649111471 0.0043267724 0.0038733922 0.008200165 264.79986660535 -33.28492504396 2351.56128 0.7990000000000002 -0.8649999999999998 0.647593756556511 -0.11060940265655517 0.11293121 0.1039312 -76.26272727272728 1.6108642 7.322872199317453 76.61349769017151 0.8251851242834869 1.605427553006618
264.8139075218 -33.40642581398 0.0164 0.0128 12.2685 "" "" 4053725653133222016 2298.34448 0.3898 0.0187 -0.136 -0.774 0.021 0.015 1.054 "" "" 13.756704 1.864927 14.66304 12.798113 "" "" 2207.94067 2406.79712 59192.27363 20.575 18629.0 24.173 60244.0 31.783 "" "" 0.0027810462687422642 0.003125686 0.0038225425 0.0069482285 264.8139075218 -33.40642581398 2298.34448 -0.13599999999999993 -0.7739999999999998 -0.2874062434434891 -0.019609402656555197 0.0989312 0.0929312 "" "" 3.1383268725501168 "" 0.31039382965465556 ""
264.96805348419 -33.3607939674 0.0161 0.0125 8.6666 "" "" 4054088865569856640 2225.21948 0.3912 0.0182 -0.877 -2.226 0.021 0.014 0.93 "" "" 13.766247 3.044433 15.546587 12.502154 -31.68 1.02 2145.5415 2304.18726 58674.32608 23.789 8256.2 9.7933 79122.0 48.725 "" "" 0.002790262985047422 0.0030730548 0.0038380697 0.0069111246 264.96805348419 -33.3607939674 2225.21948 -0.877 -2.226 -1.028406243443489 -1.4716094026565552 0.0989312 0.0919312 -73.75272727272727 2.040864 18.93644433002835 76.14495192742295 1.785429400835414 2.026000771626769
264.83457238649 -33.32642434458 0.0173 0.0132 7.5807 "" "" 4053726576486605184 2507.63623 0.3631 0.0194 -0.325 -2.105 0.022 0.016 0.843 "" "" 13.782757 1.98982 14.771401 12.781581 "" "" 2384.53906 2626.63306 57788.83352 22.194 16860.0 22.424 61168.0 73.858 "" "" 0.002786693795825565 0.0031417042 0.004000301 0.0071420055 264.83457238649 -33.32642434458 2507.63623 -0.32499999999999996 -2.1050000000000004 -0.4764062434434891 -1.3506094026565552 0.0999312 0.093931206 "" "" 17.023043637066376 "" 1.6106157285815585 ""
264.91594585924 -33.11095286725 0.0217 0.0171 6.6713 "" "" 4054108489340199296 2693.82739 0.3319 0.0241 0.202 -0.702 0.027 0.02 0.895 "" "" 13.788927 1.709278 14.517864 12.808586 "" "" 2514.53589 2876.1687 57461.33893 24.271 21295.0 208.85 59666.0 648.04 "" "" 0.0027932249231165138 0.011007806 0.012383153 0.02339096 264.91594585924 -33.11095286725 2693.82739 0.20199999999999999 -0.702 0.05059375655651094 0.05239059734344487 0.104931206 0.097931206 "" "" 0.9299732387784801 "" 0.09427089996802021 ""
264.87437169238 -33.14382335077 0.0218 0.017 5.2212 "" "" 4054106870071937152 2408.29053 0.3523 0.0243 2.521 2.686 0.027 0.02 0.998 6843.2 1.9201 13.795012 3.348757 15.823029 12.474272 -10.27 1.15 2275.29028 2590.52173 57140.17583 34.873 6400.4 16.142 81180.0 78.254 "" "" 0.0028338789366317823 0.003909362 0.00392162 0.007830982 264.87437169238 -33.14382335077 2408.29053 2.5210000000000017 2.686 2.369593756556511 3.4403905973434448 0.104931206 0.097931206 -52.342727272727274 2.170864 47.68707001598295 70.80831692009328 4.780000351729671 3.5969799462656535
265.18412181142 -33.25107254907 0.0202 0.0162 13.378 "" "" 4054094264393592448 2502.31421 0.3547 0.0208 -0.053 -1.027 0.031 0.015 1.01 "" "" 13.805887 2.097119 14.867333 12.770214 "" "" 2367.81665 2639.92163 56570.74148 16.377 15434.0 19.735 61812.0 27.261 "" "" 0.0027731902362194377 0.003116476 0.0038095955 0.0069260714 265.18412181142 -33.25107254907 2502.31421 -0.05299999999999997 -1.027 -0.20440624344348907 -0.2726094026565551 0.1089312 0.0929312 "" "" 4.04140315920025 "" 0.40004922513068514 ""
264.97710818551 -33.42219866276 0.0183 0.0142 12.3451 "" "" 4053713180546399232 2296.25049 0.387 0.0209 -1.554 -2.715 0.026 0.017 0.96 "" "" 13.827783 2.730604 15.362847 12.632243 -27.97 2.48 2199.50317 2405.65991 55441.34547 29.82 9778.6 14.445 70188.0 73.325 "" "" 0.0028165266477488352 0.0032182916 0.003945919 0.007164211 264.97710818551 -33.42219866276 2296.25049 -1.5540000000000012 -2.715 -1.7054062434434891 -1.960609402656555 0.1039312 0.0949312 -70.04272727272728 3.500864 28.283078188499985 75.53751488908314 2.7974271559380806 3.4110010994585136
264.81794159538 -33.016820304 0.0187 0.0146 13.3379 "" "" 4054156867842564096 2462.53711 0.3585 0.0201 -0.09 -1.478 0.025 0.018 0.901 "" "" 13.837148 1.891735 14.761971 12.870235 "" "" 2335.88428 2587.78491 54965.1621 53.207 17007.0 59.026 56372.0 151.54 "" "" 0.0029489667518252686 0.004688792 0.0047751945 0.009463986 264.81794159538 -33.016820304 2462.53711 -0.09000000000000004 -1.4779999999999998 -0.24140624344348907 -0.7236094026565552 0.1029312 0.0959312 "" "" 8.90390782057657 "" 0.8606081887581122 ""
264.88842340595 -33.26029017106 0.0169 0.0134 2.7807 "" "" 4054102167134219136 2649.15454 0.3382 0.0195 0.113 -0.762 0.021 0.016 0.881 "" "" 13.840884 1.770752 14.687183 12.916431 120.87 6.5 2512.54077 2765.10132 54776.35537 15.186 18220.0 19.922 54024.0 27.27 "" "" 0.002771713147602196 0.003032226 0.0038189122 0.0068511385 264.88842340595 -33.26029017106 2649.15454 0.11299999999999988 -0.762 -0.03840624344348907 -0.0076094026565551864 0.0989312 0.093931206 78.79727272727273 7.520864 0.4916415444295496 78.79880646725816 0.04854809791817461 7.520717629858293
264.93899862735 -33.01425618648 0.0194 0.0148 12.5075 "" "" 4054110099888371200 2544.13354 0.3551 0.0219 0.397 -0.21 0.027 0.017 0.981 "" "" 13.854609 1.745904 14.674526 12.928622 "" "" 2424.43726 2688.35571 54088.31731 20.561 18433.0 25.021 53421.0 97.374 "" "" 0.002786060786639046 0.0031554839 0.0042661857 0.0074216696 264.93899862735 -33.01425618648 2544.13354 0.3970000000000001 -0.20999999999999996 0.24559375655651094 0.5443905973434449 0.104931206 0.0949312 "" "" 7.202048650990409 "" 0.6964016939511413 ""
