Clusters/NGC_6404/NGC_6404_members.tsv
# %ECSV 1.0
# ---
# datatype:
# - name: RA_ICRS_1
#   unit: deg
#   datatype: float64
#   format: '{:15.11f}'
#   description: Right ascension (ICRS) at Ep=2016.0 (ra)
#   meta: !!omap
#   - {ucd: POS_EQ_RA_MAIN}
#   - {width: 15}
#   - {precision: '11'}
# - name: DE_ICRS_1
#   unit: deg
#   datatype: float64
#   format: '{:15.11f}'
#   description: Declination (ICRS) at Ep=2016.0 (dec)
#   meta: !!omap
#   - {ucd: POS_EQ_DEC_MAIN}
#   - {width: 15}
#   - {precision: '11'}
# - name: e_RA_ICRS
#   unit: mas
#   datatype: float64
#   format: '{:7.4f}'
#   description: Standard error of right ascension (ra_error)
#   meta: !!omap
#   - {ucd: ERROR}
#   - {width: 7}
#   - {precision: '4'}
# - name: e_DE_ICRS
#   unit: mas
#   datatype: float64
#   format: '{:7.4f}'
#   description: Standard error of declination (dec_error)
#   meta: !!omap
#   - {ucd: ERROR}
#   - {width: 7}
#   - {precision: '4'}
# - name: _r_1
#   unit: ''
#   datatype: float64
#   format: '{:7.4f}'
#   description: Distance from center (264.91980833000-33.22209472000)[ICRS], at Epoch=J2016.0
#   meta: !!omap
#   - {ucd: POS_ANG_DIST_GENERAL}
#   - {width: 7}
#   - {precision: '4'}
# - name: HIP
#   datatype: int32
#   description: '? HIP cross-id number, van Leeuwen, Cat. I/311 (hip_original_ext_source_id)'
#   meta: !!omap
#   - {ucd: ID_NUMBER}
#   - {width: 6}
#   - values: {'null': -2147483648}
# - name: TYC2
#   datatype: string
#   description: Tycho-2 cross-id name, Hog et al., Cat. I/259 (tyc2_original_ext_source_id)
#   meta: !!omap
#   - {ucd: ID_CROSSID}
#   - {_votable_string_dtype: char}
# - name: Source
#   datatype: int64
#   description: Source identifier, identical to the Gaia-EDR3 source_id (id)
#   meta: !!omap
#   - {ucd: ID_MAIN}
#   - {width: 19}
# - name: rgeo
#   unit: pc
#   datatype: float64
#   format: '{:15.8f}'
#   description: '? Median of the geometric distance posterior (r_med_geo)'
#   meta: !!omap
#   - {ucd: PHYS_DISTANCE_TRUE}
#   - {width: 15}
#   - {precision: '8'}
#   - values: {'null': .nan}
# - name: Plx
#   unit: mas
#   datatype: float64
#   format: '{:9.4f}'
#   description: '? Parallax (parallax)'
#   meta: !!omap
#   - {ucd: POS_PARLX_TRIG}
#   - {width: 9}
#   - {precision: '4'}
#   - values: {'null': .nan}
# - name: e_Plx
#   unit: mas
#   datatype: float32
#   format: '{:7.4f}'
#   description: '? Standard error of parallax (parallax_error)'
#   meta: !!omap
#   - {ucd: ERROR}
#   - {width: 7}
#   - {precision: '4'}
#   - values: {'null': .nan}
# - name: pmRA
#   unit: mas / yr
#   datatype: float64
#   format: '{:9.3f}'
#   description: '? Proper motion in right ascension direction, pmRA*cosDE (pmra)'
#   meta: !!omap
#   - {ucd: POS_EQ_PMRA}
#   - {width: 9}
#   - {precision: '3'}
#   - values: {'null': .nan}
# - name: pmDE
#   unit: mas / yr
#   datatype: float64
#   format: '{:9.3f}'
#   description: '? Proper motion in declination direction (pmdec)'
#   meta: !!omap
#   - {ucd: POS_EQ_PMDEC}
#   - {width: 9}
#   - {precision: '3'}
#   - values: {'null': .nan}
# - name: e_pmRA
#   unit: mas / yr
#   datatype: float32
#   format: '{:6.3f}'
#   description: '? Standard error of proper motion in right ascension direction (pmra_error)'
#   meta: !!omap
#   - {ucd: ERROR}
#   - {width: 6}
#   - {precision: '3'}
#   - values: {'null': .nan}
# - name: e_pmDE
[...]
#       distance: !astropy.table.SerializedColumn
#         __class__: astropy.coordinates.distances.Distance
#         unit: !astropy.units.Unit {unit: pc}
#         value: !astropy.table.SerializedColumn {name: SkyCoord.distance}
#       frame: icrs
#       obstime: !astropy.time.Time {format: jyear_str, in_subfmt: '*', jd1: 367701545.0, jd2: 0.0, out_subfmt: '*', precision: 3, scale: tt}
#       pm_dec: !astropy.table.SerializedColumn
#         __class__: astropy.units.quantity.Quantity
#         unit: !astropy.units.Unit {unit: mas / yr}
#         value: !astropy.table.SerializedColumn {name: SkyCoord.pm_dec}
#       pm_ra_cosdec: !astropy.table.SerializedColumn
#         __class__: astropy.units.quantity.Quantity
#         unit: !astropy.units.Unit {unit: mas / yr}
#         value: !astropy.table.SerializedColumn {name: SkyCoord.pm_ra_cosdec}
#       ra: !astropy.table.SerializedColumn
#         __class__: astropy.coordinates.angles.Longitude
#         unit: *id001
#         value: !astropy.table.SerializedColumn {name: SkyCoord.ra}
#         wrap_angle: !astropy.coordinates.Angle
#           unit: *id001
#           value: 360.0
#       representation_type: spherical
# schema: astropy-2.0
RA_ICRS_1 DE_ICRS_1 e_RA_ICRS e_DE_ICRS _r_1 HIP TYC2 Source rgeo Plx e_Plx pmRA pmDE e_pmRA e_pmDE RUWE Teff logg Gmag BP-RP BPmag RPmag RV e_RV b_rgeo B_rgeo FG e_FG FBP e_FBP FRP e_FRP RAVE5 RAVE6 e_Gmag e_BPmag e_RPmag e_BP-RP SkyCoord.ra SkyCoord.dec SkyCoord.distance SkyCoord.pm_ra_cosdec SkyCoord.pm_dec rmRA rmDE e_rmRA e_rmDE rRV e_rRV v_pec v_pec3d e_vpec e_vpec3d Pmemb
264.87860956047 -33.24781142227 0.0195 0.0157 2.5799 "" "" 4054102923048495488 2365.99121 0.3853 0.0235 0.04 -0.746 0.025 0.019 0.706 6070.0 1.3462 11.017503 2.534193 12.408115 9.873922 11.18 0.18 2257.01807 2489.69604 737812.04105 225.44 148650.0 131.6 890410.0 522.99 "" "" 0.0027752201278692747 0.0029510946 0.003832807 0.0067839017 264.87860956047 -33.24781142227 2365.99121 0.04000000000000002 -0.7460000000000004 -0.11140624344348907 0.008390597343444828 0.1029312 0.096931204 -30.892727272727278 1.2008641 1.2529370855941762 30.918124938093595 0.1289251464409516 1.1998890025820184 1.0
264.8980188316 -33.20324458509 0.0146 0.0117 1.5734 "" "" 4054103434096696320 2287.70776 0.3906 0.0168 0.112 -0.727 0.018 0.014 0.873 6998.3 2.6646 13.259526 1.703229 14.059984 12.356755 -39.15 20.61 2213.3269 2371.55176 93569.89145 30.387 32466.0 35.341 90460.0 40.008 "" "" 0.00277778914741526 0.0030301642 0.0038097652 0.006839929 264.8980188316 -33.20324458509 2287.70776 0.112 -0.727 -0.03940624344348907 0.027390597343444845 0.0959312 0.0919312 -81.22272727272727 21.630865 0.5203972431852465 81.22439435853337 0.04925390754365145 21.630421137795814 0.9
264.90179961239 -33.12366472091 0.0187 0.0143 5.9747 "" "" 4054108386247067136 2601.68115 0.3444 0.021 0.229 -0.769 0.023 0.017 1.213 "" "" 13.264703 1.69753 14.047196 12.349667 37.36 8.9 2476.81836 2749.40356 93124.81923 53.335 32850.0 43.118 91052.0 66.171 "" "" 0.002824616971760971 0.0031330462 0.0038608706 0.006993917 264.90179961239 -33.12366472091 2601.68115 0.22900000000000004 -0.7689999999999999 0.07759375655651093 -0.014609402656555193 0.100931205 0.0949312 -4.712727272727278 9.920864 0.9736966430108608 4.812263864307329 0.09808211563531136 9.715681786007643 1.0
264.92039353107 -33.2250731026 0.0159 0.0129 0.1811 "" "" 4054102609462943360 2850.82886 0.3115 0.0189 0.074 -0.893 0.02 0.015 1.096 "" "" 13.379039 1.716484 14.186538 12.470054 "" "" 2730.1062 2986.198 83816.79675 32.55 28894.0 22.654 81496.0 36.767 "" "" 0.0027873951390327686 0.0029171372 0.0038109922 0.0067281295 264.92039353107 -33.2250731026 2850.82886 0.07400000000000001 -0.893 -0.07740624344348908 -0.1386094026565552 0.097931206 0.0929312 "" "" 2.145293655695917 "" 0.20196631139433965 "" 1.0
264.90697938962 -33.23835815472 0.0154 0.0122 1.1691 "" "" 4054102575103184256 2642.93164 0.3355 0.0177 0.197 -0.782 0.02 0.015 0.939 "" "" 13.435688 1.447919 14.06481 12.616891 "" "" 2516.7439 2780.07959 79555.74225 31.143 32322.0 66.302 71187.0 203.24 "" "" 0.0027879086412276734 0.0035700588 0.00488799 0.008458049 264.90697938962 -33.23835815472 2642.93164 0.197 -0.782 0.045593756556510934 -0.027609402656555204 0.097931206 0.0929312 "" "" 0.6677366592827861 "" 0.06451342611705779 "" 0.9
264.92224166844 -33.26713335726 0.016 0.0125 2.7051 "" "" 4054101926615990656 2624.1665 0.344 0.0177 0.078 -0.653 0.023 0.016 0.892 8852.0 2.8265 13.4883 1.572642 14.206094 12.633451 "" "" 2508.13965 2783.5354 75792.59098 30.918 28378.0 39.046 70110.0 50.061 "" "" 0.00279069037308443 0.0031649265 0.0038580755 0.007023002 264.92224166844 -33.26713335726 2624.1665 0.07799999999999999 -0.6530000000000002 -0.07340624344348907 0.1013905973434448 0.100931205 0.093931206 "" "" 1.5569829354677944 "" 0.15008677214073754 "" 0.8
265.0232230073 -33.20845115358 0.0157 0.0123 5.2553 "" "" 4054104056919733888 2524.53711 0.3547 0.0176 0.131 -0.772 0.021 0.013 0.909 "" "" 13.509074 1.680142 14.295095 12.614953 "" "" 2413.11743 2664.07227 74356.16672 21.943 26144.0 25.34 71314.0 44.755 "" "" 0.002773887285276712 0.0029820264 0.0038403138 0.00682234 265.0232230073 -33.20845115358 2524.53711 0.131 -0.772 -0.02040624344348907 -0.017609402656555195 0.0989312 0.09093121 "" "" 0.3225370828060269 "" 0.030834070035130348 "" 0.8
264.86429997891 -33.22329991094 0.0154 0.0123 2.7871 "" "" 4054103232286202240 2800.30127 0.3157 0.0178 0.097 -0.686 0.02 0.014 0.861 "" "" 13.522381 1.752906 14.35126 12.598354 "" "" 2672.8894 2955.28149 73450.45853 24.255 24826.0 25.477 72413.0 60.483 "" "" 0.0027785493436711475 0.0030044143 0.0038866599 0.006891074 264.86429997891 -33.22329991094 2800.30127 0.097 -0.686 -0.05440624344348907 0.06839059734344477 0.097931206 0.0919312 "" "" 1.159987735784111 "" 0.10938913663156628 "" 1.0
264.91067577156 -33.133898405 0.0171 0.0137 5.3116 "" "" 4054108317527563008 2376.28955 0.3791 0.0189 0.149 -0.809 0.023 0.016 0.959 "" "" 13.681505 1.854504 14.579346 12.724842 "" "" 2286.90576 2477.2373 63437.2713 24.744 20122.0 30.93 64450.0 45.368 "" "" 0.0027876762007237057 0.0032512015 0.0038558848 0.0071070865 264.91067577156 -33.133898405 2376.28955 0.14899999999999997 -0.809 -0.002406243443489081 -0.05460940265655523 0.100931205 0.093931206 "" "" 0.6156959759864077 "" 0.05784172736290057 "" 1.0
264.92133066156 -33.1821513873 0.0173 0.0143 2.3978 "" "" 4054103571535685248 2361.36792 0.3827 0.021 0.401 -0.751 0.022 0.016 0.923 "" "" 13.703655 1.729426 14.517966 12.78854 "" "" 2255.2417 2469.87354 62156.22613 17.744 21293.0 29.337 60777.0 38.068 "" "" 0.0027726987234901685 0.003165876 0.0038400786 0.0070059546 264.92133066156 -33.1821513873 2361.36792 0.401 -0.7510000000000007 0.24959375655651095 0.0033905973434448233 0.0999312 0.093931206 "" "" 2.793931706615453 "" 0.27919795595833163 "" 1.0
264.9890102227 -33.18412385428 0.0182 0.0141 4.1546 "" "" 4054104297437989504 2439.54346 0.3661 0.0206 0.078 -0.737 0.024 0.015 1.173 "" "" 13.715076 1.886848 14.626513 12.739665 "" "" 2314.59277 2542.87158 61505.79818 20.381 19267.0 22.125 63576.0 39.605 "" "" 0.0027787099709356503 0.0030560652 0.0038394267 0.006895492 264.9890102227 -33.18412385428 2439.54346 0.07799999999999996 -0.737 -0.07340624344348907 0.017390597343444836 0.1019312 0.0929312 "" "" 0.8723238345434174 "" 0.08851731348544226 "" 0.9
264.88842340595 -33.26029017106 0.0169 0.0134 2.7807 "" "" 4054102167134219136 2649.15454 0.3382 0.0195 0.113 -0.762 0.021 0.016 0.881 "" "" 13.840884 1.770752 14.687183 12.916431 120.87 6.5 2512.54077 2765.10132 54776.35537 15.186 18220.0 19.922 54024.0 27.27 "" "" 0.002771713147602196 0.003032226 0.0038189122 0.0068511385 264.88842340595 -33.26029017106 2649.15454 0.11299999999999982 -0.762 -0.03840624344348907 -0.0076094026565551864 0.0989312 0.093931206 78.79727272727273 7.520864 0.4916415444295496 78.79880646725816 0.04854809791817461 7.520717629858293 0.9
264.94320443435 -33.24964241615 0.0179 0.0141 2.0275 "" "" 4054102338932852224 2555.2439 0.3509 0.0201 0.033 -0.599 0.024 0.017 1.111 "" "" 13.920154 1.552511 14.626544 13.074033 128.69 10.23 2461.11914 2675.99292 50919.63347 18.335 19266.0 26.813 46725.0 58.045 "" "" 0.0027829176038615426 0.0031730605 0.004012845 0.0071859052 264.94320443435 -33.24964241615 2555.2439 0.033 -0.599 -0.11840624344348907 0.15539059734344485 0.1019312 0.0949312 86.61727272727272 11.250864 2.3661953494649643 86.6495863529802 0.23084830467615874 11.246670089422407 0.9
264.8162437607 -33.20913755452 0.0185 0.0145 5.2564 "" "" 4054106187223785728 2630.1897 0.3313 0.0204 0.12 -0.707 0.023 0.017 1.028 "" "" 13.93039 2.090603 14.980659 12.890057 "" "" 2504.00977 2796.39551 50441.82077 19.96 13904.0 32.251 55352.0 31.993 "" "" 0.0027886145117497255 0.0037586533 0.0038311281 0.0075897817 264.8162437607 -33.20913755452 2630.1897 0.12 -0.7070000000000001 -0.03140624344348908 0.04739059734344486 0.100931205 0.0949312 "" "" 0.7087873006344073 "" 0.06861175309994937 "" 0.8
264.89541163188 -33.19645170072 0.0176 0.0137 1.9665 "" "" 4054103640255135872 2616.71436 0.3417 0.0201 0.262 -0.778 0.022 0.016 0.935 "" "" 13.940097 1.779052 14.778799 12.999747 60.39 10.21 2471.17529 2756.05811 49992.87443 18.724 16745.0 28.342 50033.0 63.861 "" "" 0.002785165903482525 0.0033409747 0.0040254435 0.007366418 264.89541163188 -33.19645170072 2616.71436 0.262 -0.778 0.11059375655651094 -0.0236094026565552 0.0999312 0.093931206 18.317272727272723 11.230865 1.4026279044248788 18.370896690242436 0.13981003722693694 11.198087137503524 1.0
264.93045441172 -33.15626182729 0.0172 0.0138 3.986 "" "" 4054105293870528000 2515.38574 0.3585 0.0199 0.14 -0.863 0.022 0.016 0.934 "" "" 13.985139 1.831096 14.858205 13.027109 "" "" 2403.69067 2659.38037 47961.30967 19.059 15564.0 31.198 48788.0 46.007 "" "" 0.002788896015052328 0.0035385832 0.0039156084 0.0074541913 264.93045441172 -33.15626182729 2515.38574 0.13999999999999996 -0.8630000000000009 -0.011406243443489061 -0.10860940265655517 0.0999312 0.093931206 "" "" 1.3020637427013426 "" 0.12239233301692604 "" 0.9
264.97595892903 -33.17738186615 0.0188 0.0148 3.8916 "" "" 4054104366157494912 2719.55933 0.3291 0.0211 0.123 -0.809 0.025 0.017 1.057 "" "" 14.150548 1.791375 14.996096 13.204721 "" "" 2561.47607 2895.28125 41183.89137 19.846 13708.0 25.339 41426.0 22.802 "" "" 0.0028045552912110304 0.003436998 0.0038263397 0.0072633377 264.97595892903 -33.17738186615 2719.55933 0.12299999999999983 -0.8089999999999999 -0.028406243443489076 -0.05460940265655523 0.1029312 0.0949312 "" "" 0.7934964725576407 "" 0.07672344374462377 "" 0.8
264.89903188488 -33.17816817091 0.0189 0.0149 2.8345 "" "" 4054103816401783424 2558.88184 0.3507 0.0215 0.109 -0.728 0.024 0.018 0.982 "" "" 14.19378 1.677366 14.976518 13.299151 68.93 8.94 2440.66602 2684.89233 39576.2519 13.606 13958.0 23.746 37975.0 23.604 "" "" 0.002780488801976015 0.0033461687 0.0038391615 0.00718533 264.89903188488 -33.17816817091 2558.88184 0.10899999999999996 -0.727999999999999 -0.042406243443489075 0.026390597343444844 0.1019312 0.0959312 26.85727272727273 9.960864 0.6058182614233868 26.864104565627745 0.060758903892902914 9.958331003646716 1.0
264.86206952824 -33.2430627127 0.0198 0.0158 3.1591 "" "" 4054102991767792256 2360.47192 0.3867 0.0237 0.168 -0.629 0.024 0.018 1.049 "" "" 14.238607 1.852945 15.13787 13.284925 "" "" 2244.49805 2483.39697 37975.52886 13.541 12030.0 17.576 38476.0 19.595 "" "" 0.0027823854835200175 0.0032095667 0.0038196167 0.007029183 264.86206952824 -33.2430627127 2360.47192 0.168 -0.629 0.016593756556510936 0.12539059734344482 0.1019312 0.0959312 "" "" 1.4151814445610997 "" 0.13591068857615815 "" 0.8
264.85812301195 -33.2487009545 0.0194 0.0152 3.4831 "" "" 4054102884340812416 2347.69458 0.3808 0.0221 0.107 -0.837 0.024 0.018 1.034 "" "" 14.240582 1.831746 15.120978 13.289232 323.43 9.24 2217.93921 2492.17871 37906.50605 13.369 12219.0 19.057 38324.0 44.583 "" "" 0.002781801233116935 0.0032638067 0.0039848513 0.0072486578 264.85812301195 -33.2487009545 2347.69458 0.10699999999999998 -0.837 -0.04440624344348908 -0.08260940265655514 0.1019312 0.0959312 281.35727272727274 10.260864 1.0436819546899545 281.3592084658888 0.10155906536756891 10.260793670446724 0.9
264.9296980102 -33.24026689324 0.0187 0.0148 1.198 "" "" 4054102545091318528 2543.51172 0.3513 0.0208 0.152 -0.793 0.025 0.018 0.912 8781.5 2.8967 14.240693 1.585253 14.968378 13.383125 "" "" 2420.67651 2647.24561 37902.65066 13.787 14063.0 23.353 35149.0 25.071 "" "" 0.002783480237647167 0.0033220109 0.0038579102 0.007179921 264.9296980102 -33.24026689324 2543.51172 0.152 -0.793 0.0005937565565109215 -0.038609402656555214 0.1029312 0.0959312 "" "" 0.46553947929521566 "" 0.044660560530138026 "" 1.0
264.92014475711 -33.10669163316 0.0198 0.0158 6.9242 "" "" 4054108489326285696 2666.67285 0.3353 0.0222 0.22 -0.804 0.025 0.019 0.967 7998.4 2.617 14.267673 1.787301 15.12182 13.334518 "" "" 2515.27686 2874.61768 36972.4 12.969 12209.0 18.426 36758.0 22.569 "" "" 0.0027815167755675216 0.0032357515 0.0038377235 0.007073475 264.92014475711 -33.10669163316 2666.67285 0.22 -0.804 0.06859375655651093 -0.049609402656555224 0.1029312 0.096931204 "" "" 1.070021318162396 "" 0.107976756950261 "" 0.8
265.02792587524 -33.31811362395 0.0189 0.0145 7.9125 "" "" 4054089454029185152 2697.17236 0.3292 0.0206 0.218 -0.787 0.025 0.015 0.988 "" "" 14.269953 1.758992 15.107839 13.348846 "" "" 2539.74634 2852.44653 36894.83986 11.304 12367.0 14.171 36276.0 29.977 "" "" 0.0027753282858454633 0.0030549746 0.0038844186 0.0069393935 265.02792587524 -33.31811362395 2697.17236 0.21799999999999997 -0.7869999999999997 0.06659375655651092 -0.03260940265655521 0.1029312 0.0929312 "" "" 0.947967440005303 "" 0.09581517329607096 "" 0.8
264.90773262629 -33.25939642148 0.0199 0.0156 2.3187 "" "" 4054102132774455552 2766.18091 0.3205 0.0222 0.123 -0.596 0.028 0.019 0.953 "" "" 14.328495 1.705499 15.13189 13.426392 "" "" 2619.43945 2924.59448 34958.18205 14.785 12097.0 28.029 33775.0 32.521 "" "" 0.0027933222311349003 0.003756815 0.0039213058 0.007678121 264.90773262629 -33.25939642148 2766.18091 0.12299999999999998 -0.596 -0.028406243443489076 0.15839059734344485 0.10593121 0.096931204 "" "" 2.1099037922187374 "" 0.2051337843523697 "" 0.9
264.90083033161 -33.17475998974 0.0201 0.0163 2.9957 "" "" 4054103812055077632 2509.28906 0.3618 0.0237 0.27 -0.732 0.026 0.018 0.987 "" "" 14.333819 1.624632 15.081056 13.456424 -4.19 15.85 2385.98438 2644.48267 34787.16607 12.934 12676.0 23.225 32854.0 27.75 "" "" 0.002784734745794749 0.0034267067 0.0038890527 0.0073157595 264.90083033161 -33.17475998974 2509.28906 0.27 -0.732 0.11859375655651094 0.02239059734344484 0.1039312 0.0959312 -46.262727272727275 16.870865 1.4354777773809655 46.28499250469961 0.14881039991997716 16.86274982984654 0.9
264.95175860881 -33.27560943177 0.0203 0.0159 3.5889 "" "" 4054102231505748352 2583.77417 0.3434 0.0225 0.034 -0.914 0.028 0.019 0.952 "" "" 14.440655 1.899451 15.367574 13.468122 "" "" 2455.20557 2719.23267 31527.16711 14.602 9736.2 23.904 32502.0 37.673 "" "" 0.002800832548843457 0.0038588615 0.003983401 0.007842263 264.95175860881 -33.27560943177 2583.77417 0.034000000000000016 -0.9139999999999997 -0.11740624344348907 -0.1596094026565552 0.10593121 0.096931204 "" "" 2.426636095706566 "" 0.2431084335698662 "" 0.9
264.8660261426 -33.2767348154 0.0213 0.0164 4.2463 "" "" 4054102785609349760 2410.35303 0.3776 0.0249 0.218 -0.714 0.026 0.019 1.095 7986.3 2.6942 14.475883 1.731812 15.295401 13.563589 "" "" 2279.17529 2564.75464 30520.65425 9.5285 10405.0 15.81 29766.0 28.346 "" "" 0.0027760919890941964 0.0032413998 0.00391826 0.0071596596 264.8660261426 -33.2767348154 2410.35303 0.21800000000000003 -0.714 0.06659375655651092 0.040390597343444856 0.1039312 0.096931204 "" "" 0.8898459125090189 "" 0.09084956867907297 "" 0.9
264.87284375342 -33.15502672554 0.0217 0.0169 4.6642 "" "" 4054106840058828672 2436.78442 0.3659 0.0239 0.181 -0.632 0.027 0.02 0.885 "" "" 14.489866 1.932151 15.437275 13.505124 "" "" 2312.34277 2596.1499 30130.07316 11.166 9130.8 15.813 31413.0 22.639 "" "" 0.002784544514340691 0.0033646128 0.0038595335 0.0072241463 264.87284375342 -33.15502672554 2436.78442 0.18099999999999972 -0.6319999999999999 0.02959375655651092 0.12239059734344482 0.104931206 0.097931206 "" "" 1.4543936873262158 "" 0.14301179064054953 "" 0.9
264.82953389599 -33.23820021923 0.0223 0.0176 4.6326 "" "" 4054103129206754304 2558.54199 0.3385 0.0246 0.136 -0.834 0.027 0.02 1.125 "" "" 14.507484 1.950677 15.466787 13.51611 "" "" 2420.92554 2737.27808 29645.11149 13.961 8885.9 22.488 31097.0 29.998 "" "" 0.0028023617698606502 0.003916 0.0039218236 0.007837824 264.82953389599 -33.23820021923 2558.54199 0.136 -0.8339999999999999 -0.015406243443489065 -0.07960940265655514 0.104931206 0.097931206 "" "" 0.9833748053414759 "" 0.09656011186884193 "" 1.0
264.86232960885 -33.16748778834 0.0222 0.0173 4.3662 "" "" 4054106736979607808 2617.6543 0.3332 0.0241 0.136 -0.81 0.027 0.02 0.902 "" "" 14.514192 2.053153 15.54281 13.489656 "" "" 2455.65845 2755.71558 29462.53461 13.843 8285.0 14.765 31864.0 43.821 "" "" 0.0028021467297495916 0.0033954384 0.00406365 0.007459088 264.86232960885 -33.16748778834 2617.6543 0.13599999999999998 -0.81 -0.015406243443489065 -0.05560940265655523 0.104931206 0.097931206 "" "" 0.7159735329120396 "" 0.07048520140478541 "" 0.8
