Clusters/NGC_3324/NGC_3324_stars_in_region.tsv
# %ECSV 1.0
# ---
# datatype:
# - name: RA_ICRS_1
#   unit: deg
#   datatype: float64
#   format: '{:15.11f}'
#   description: Right ascension (ICRS) at Ep=2016.0 (ra)
#   meta: !!omap
#   - {ucd: POS_EQ_RA_MAIN}
#   - {width: 15}
#   - {precision: '11'}
# - name: DE_ICRS_1
#   unit: deg
#   datatype: float64
#   format: '{:15.11f}'
#   description: Declination (ICRS) at Ep=2016.0 (dec)
#   meta: !!omap
#   - {ucd: POS_EQ_DEC_MAIN}
#   - {width: 15}
#   - {precision: '11'}
# - name: e_RA_ICRS
#   unit: mas
#   datatype: float64
#   format: '{:7.4f}'
#   description: Standard error of right ascension (ra_error)
#   meta: !!omap
#   - {ucd: ERROR}
#   - {width: 7}
#   - {precision: '4'}
# - name: e_DE_ICRS
#   unit: mas
#   datatype: float64
#   format: '{:7.4f}'
#   description: Standard error of declination (dec_error)
#   meta: !!omap
#   - {ucd: ERROR}
#   - {width: 7}
#   - {precision: '4'}
# - name: _r_1
#   unit: ''
#   datatype: float64
#   format: '{:7.4f}'
#   description: Distance from center (159.37211338000-58.62510431000)[ICRS], at Epoch=J2016.0
#   meta: !!omap
#   - {ucd: POS_ANG_DIST_GENERAL}
#   - {width: 7}
#   - {precision: '4'}
# - name: HIP
#   datatype: int32
#   description: '? HIP cross-id number, van Leeuwen, Cat. I/311 (hip_original_ext_source_id)'
#   meta: !!omap
#   - {ucd: ID_NUMBER}
#   - {width: 6}
#   - values: {'null': -2147483648}
# - name: TYC2
#   datatype: string
#   description: Tycho-2 cross-id name, Hog et al., Cat. I/259 (tyc2_original_ext_source_id)
#   meta: !!omap
#   - {ucd: ID_CROSSID}
#   - {_votable_string_dtype: char}
# - name: Source
#   datatype: int64
#   description: Source identifier, identical to the Gaia-EDR3 source_id (id)
#   meta: !!omap
#   - {ucd: ID_MAIN}
#   - {width: 19}
# - name: rgeo
#   unit: pc
#   datatype: float64
#   format: '{:15.8f}'
#   description: '? Median of the geometric distance posterior (r_med_geo)'
#   meta: !!omap
#   - {ucd: PHYS_DISTANCE_TRUE}
#   - {width: 15}
#   - {precision: '8'}
#   - values: {'null': .nan}
# - name: Plx
#   unit: mas
#   datatype: float64
#   format: '{:9.4f}'
#   description: '? Parallax (parallax)'
#   meta: !!omap
#   - {ucd: POS_PARLX_TRIG}
#   - {width: 9}
#   - {precision: '4'}
#   - values: {'null': .nan}
# - name: e_Plx
#   unit: mas
#   datatype: float32
#   format: '{:7.4f}'
#   description: '? Standard error of parallax (parallax_error)'
#   meta: !!omap
#   - {ucd: ERROR}
#   - {width: 7}
#   - {precision: '4'}
#   - values: {'null': .nan}
# - name: pmRA
#   unit: mas / yr
#   datatype: float64
#   format: '{:9.3f}'
#   description: '? Proper motion in right ascension direction, pmRA*cosDE (pmra)'
#   meta: !!omap
#   - {ucd: POS_EQ_PMRA}
#   - {width: 9}
#   - {precision: '3'}
#   - values: {'null': .nan}
# - name: pmDE
#   unit: mas / yr
#   datatype: float64
#   format: '{:9.3f}'
#   description: '? Proper motion in declination direction (pmdec)'
#   meta: !!omap
#   - {ucd: POS_EQ_PMDEC}
#   - {width: 9}
#   - {precision: '3'}
#   - values: {'null': .nan}
# - name: e_pmRA
#   unit: mas / yr
#   datatype: float32
#   format: '{:6.3f}'
#   description: '? Standard error of proper motion in right ascension direction (pmra_error)'
#   meta: !!omap
#   - {ucd: ERROR}
#   - {width: 6}
#   - {precision: '3'}
#   - values: {'null': .nan}
# - name: e_pmDE
[...]
#         value: !astropy.table.SerializedColumn {name: SkyCoord.dec}
#       distance: !astropy.table.SerializedColumn
#         __class__: astropy.coordinates.distances.Distance
#         unit: !astropy.units.Unit {unit: pc}
#         value: !astropy.table.SerializedColumn {name: SkyCoord.distance}
#       frame: icrs
#       obstime: !astropy.time.Time {format: jyear_str, in_subfmt: '*', jd1: 367701545.0, jd2: 0.0, out_subfmt: '*', precision: 3, scale: tt}
#       pm_dec: !astropy.table.SerializedColumn
#         __class__: astropy.units.quantity.Quantity
#         unit: !astropy.units.Unit {unit: mas / yr}
#         value: !astropy.table.SerializedColumn {name: SkyCoord.pm_dec}
#       pm_ra_cosdec: !astropy.table.SerializedColumn
#         __class__: astropy.units.quantity.Quantity
#         unit: !astropy.units.Unit {unit: mas / yr}
#         value: !astropy.table.SerializedColumn {name: SkyCoord.pm_ra_cosdec}
#       ra: !astropy.table.SerializedColumn
#         __class__: astropy.coordinates.angles.Longitude
#         unit: *id001
#         value: !astropy.table.SerializedColumn {name: SkyCoord.ra}
#         wrap_angle: !astropy.coordinates.Angle
#           unit: *id001
#           value: 360.0
#       representation_type: spherical
# schema: astropy-2.0
RA_ICRS_1 DE_ICRS_1 e_RA_ICRS e_DE_ICRS _r_1 HIP TYC2 Source rgeo Plx e_Plx pmRA pmDE e_pmRA e_pmDE RUWE Teff logg Gmag BP-RP BPmag RPmag RV e_RV b_rgeo B_rgeo FG e_FG FBP e_FBP FRP e_FRP RAVE5 RAVE6 e_Gmag e_BPmag e_RPmag e_BP-RP SkyCoord.ra SkyCoord.dec SkyCoord.distance SkyCoord.pm_ra_cosdec SkyCoord.pm_dec rmRA rmDE e_rmRA e_rmDE rRV e_rRV v_pec v_pec3d e_vpec e_vpec3d
[from data line 182]
159.7700557692 -58.79850449269 0.0136 0.0129 16.1866 "" "" 5350618752110188416 2338.77954 0.3936 0.0159 -6.822 2.631 0.017 0.015 0.907 6737.5 3.7586 14.122827 0.729474 14.392361 13.662887 "" "" 2270.81006 2410.1748 42248.98177 12.328 23904.0 22.843 27165.0 23.804 "" "" 0.002773474141371 0.002976835 0.0038972932 0.0068741282 159.7700557692 -58.79850449269 2338.77954 -6.821999999999999 2.631000000000001 0.3592381744384765 -0.1583333435058596 0.15283495 0.15083495 "" "" 4.35210395446388 "" 0.6637455401930882 ""
159.56504140099 -58.56933191236 0.0123 0.013 6.8976 "" "" 5350677202345232384 2321.28149 0.3948 0.015 -7.258 3.786 0.015 0.016 0.941 6948.0 3.8381 14.123969 0.669474 14.381346 13.711872 20.22 10.3 2241.44434 2420.37378 42204.54486 30.662 24148.0 57.979 25966.0 45.047 "" "" 0.0028660061179885082 0.0038184612 0.00422275 0.008041211 159.56504140099 -58.56933191236 2321.28149 -7.258000000000002 3.786 -0.07676182556152344 0.9966666564941407 0.15083495 0.15183495 -147.42666666666668 22.32 10.998674775540483 147.83637201738466 1.6699185873231899 22.258490037461005
159.71037017845 -58.81096512494 0.0141 0.013 15.3433 "" "" 5350665623113241984 2027.32764 0.456 0.0153 -5.792 1.431 0.018 0.015 0.979 "" "" 14.134058 0.957134 14.526176 13.569042 23.89 6.86 1963.02417 2113.06274 41814.19178 7.953 21132.0 16.287 29617.0 22.732 "" "" 0.0027630479403561036 0.0029129526 0.0038701652 0.0067831175 159.71037017845 -58.81096512494 2027.32764 -5.791999999999997 1.431 1.3892381744384767 -1.3583333435058593 0.15383494 0.15083495 -143.75666666666666 18.880001 18.670835924386697 144.96406218517222 2.844988464636119 18.726336171004153
159.58907873959 -58.74162249079 0.0155 0.0148 9.7292 "" "" 5350666894423576576 2120.71436 0.4391 0.0181 -6.918 2.43 0.02 0.018 1.264 "" "" 14.134518 1.350092 14.708091 13.357999 "" "" 2051.62842 2192.77393 41796.46685 18.524 17872.0 35.371 35971.0 45.611 "" "" 0.0027970227616759134 0.0035217102 0.004022319 0.007544029 159.58907873959 -58.74162249079 2120.71436 -6.917999999999997 2.429999999999999 0.2632381744384764 -0.3593333435058592 0.15583494 0.15383494 "" "" 4.477623133975881 "" 0.691955586599021 ""
159.48470726365 -58.8397517327 0.0132 0.0122 13.3476 "" "" 5350664764119648256 2255.72168 0.4104 0.0153 -6.185 4.196 0.018 0.014 0.943 6600.6 3.7355 14.156608 0.745775 14.447645 13.70187 7.55 11.69 2175.48682 2339.80566 40954.707 7.8545 22717.0 16.127 26207.0 17.272 "" "" 0.0027631772069919907 0.0028946744 0.003846526 0.0067412006 159.48470726365 -58.8397517327 2255.72168 -6.185000000000002 4.196 0.996238174438477 1.4066666564941404 0.15383494 0.14983495 -160.09666666666666 23.71 18.430194315971484 161.1540093832674 2.7863295316981596 23.556591484469994
159.79010289574 -58.67558706833 0.0122 0.012 13.3947 "" "" 5350672735579241216 2029.39075 0.4567 0.0139 -8.276 2.643 0.016 0.014 0.98 8603.7 4.3156 14.159155 0.555265 14.369103 13.813838 "" "" 1977.65588 2091.84277 40858.71508 11.374 24422.0 15.983 23639.0 18.348 "" "" 0.0027718475412855837 0.0028792266 0.0038721964 0.006751423 159.79010289574 -58.67558706833 2029.39075 -8.276 2.6429999999999993 -1.0947618255615232 -0.14633334350585958 0.15183495 0.14983495 "" "" 10.624515696544698 "" 1.6128022326722538 ""
159.11262442641 -58.82940857384 0.0138 0.0131 14.6829 "" "" 5350655349550325632 2369.47974 0.3855 0.0153 -6.373 3.247 0.018 0.016 1.025 "" "" 14.16105 0.456487 14.325189 13.868702 "" "" 2301.22778 2469.65356 40787.46332 14.462 25430.0 17.762 22474.0 22.404 "" "" 0.0027820838706558004 0.0028913913 0.0039313124 0.0068227034 159.11262442641 -58.82940857384 2369.47974 -6.373000000000001 3.247000000000002 0.8082381744384763 0.4576666564941405 0.15383494 0.15183495 "" "" 10.43189440357029 "" 1.5997493122576891 ""
159.3727992291 -58.42042814633 0.0128 0.0143 12.2806 "" "" 5350692045752472448 2415.86792 0.3764 0.0166 -7.661 3.361 0.017 0.018 0.998 10068.4 3.8454 14.162414 0.433285 14.318397 13.885113 "" "" 2333.90308 2522.81982 40736.27667 13.781 25589.0 18.324 22137.0 18.022 "" "" 0.002779694303439224 0.0028964684 0.003881369 0.0067778374 159.3727992291 -58.42042814633 2415.86792 -7.661 3.3609999999999984 -0.479761825561523 0.5716666564941408 0.15283495 0.15383494 "" "" 8.546121407638244 "" 1.3111671513141145 ""
159.57097272617 -58.64234345815 0.0121 0.0124 6.296 "" "" 5350667753417119232 2276.58984 0.405 0.0143 -6.459 2.604 0.016 0.015 0.986 "" "" 14.163631 1.11295 14.617309 13.504358 "" "" 2215.26099 2341.75244 40690.59476 11.055 19431.0 22.236 31435.0 21.367 "" "" 0.0027710649901561113 0.003054305 0.0038507618 0.006905067 159.57097272617 -58.64234345815 2276.58984 -6.459 2.6039999999999974 0.7222381744384769 -0.18533334350585928 0.15183495 0.15083495 "" "" 8.046209290235046 "" 1.2212002214746138 ""
158.87275342031 -58.64239202348 0.0148 0.0148 15.6296 "" "" 5350662427655982848 2260.79321 0.4075 0.0179 -8.434 3.443 0.02 0.019 1.191 8212.2 4.0705 14.167471 0.544608 14.345484 13.800876 "" "" 2153.73999 2374.60107 40546.97287 11.383 24959.0 42.8 23923.0 155.06 "" "" 0.002772128374091046 0.0033543215 0.007987982 0.011342303 158.87275342031 -58.64239202348 2260.79321 -8.433999999999996 3.4430000000000023 -1.2527618255615227 0.6536666564941407 0.15583494 0.15483494 "" "" 15.14240132393043 "" 2.3564830422340575 ""
159.43889840011 -58.81901383417 0.0128 0.0118 11.8191 "" "" 5350667787776624512 2375.15356 0.384 0.0146 -7.34 3.431 0.017 0.014 0.924 7498.9 3.7448 14.167556 0.508797 14.351333 13.842536 "" "" 2304.53174 2478.18164 40543.80926 12.123 24825.0 20.33 23022.0 16.714 "" "" 0.002774379990191341 0.002928417 0.003860707 0.0067891236 159.43889840011 -58.81901383417 2375.15356 -7.339999999999999 3.4309999999999996 -0.1587618255615233 0.6416666564941407 0.15283495 0.14983495 "" "" 7.441862480916228 "" 1.1163510686687632 ""
159.43298687543 -58.39818606772 0.103 0.1124 13.7481 "" "" 5350692148831710976 2352.42896 0.533 0.1294 -6.461 3.764 0.144 0.142 9.877 8219.8 3.5102 14.174552 0.661667 14.407117 13.74545 "" "" 1763.67883 3074.3667 40283.38599 35.19 23581.0 20.345 25176.0 13.156 "" "" 0.0029139937948426888 0.0029432182 0.003821731 0.0067649493 159.43298687543 -58.39818606772 2352.42896 -6.460999999999996 3.763999999999996 0.7202381744384763 0.9746666564941404 0.27983493 0.27783495 "" "" 13.513382981541938 "" 3.764057855714617 ""
159.24010615915 -58.73475394145 0.014 0.0128 7.7611 "" "" 5350645763183402752 2520.14087 0.3609 0.0159 -7.195 2.414 0.018 0.016 1.049 "" "" 14.183787 1.270277 14.638418 13.368141 "" "" 2427.28613 2638.58252 39942.19251 25.855 19057.0 40.305 35637.0 47.483 "" "" 0.002843541640471685 0.0036135914 0.0040467894 0.0076603806 159.24010615915 -58.73475394145 2520.14087 -7.195000000000003 2.4140000000000006 -0.013761825561523722 -0.37533334350585923 0.15383494 0.15183495 "" "" 4.486545084471878 "" 0.6812264740030133 ""
159.53101868318 -58.8709286123 0.013 0.0123 15.5568 "" "" 5350641021539506688 2274.71924 0.4061 0.0147 -5.338 2.782 0.017 0.015 1.031 "" "" 14.200673 0.744999 14.492076 13.747077 12.49 8.03 2204.49268 2360.18262 39325.79494 8.0545 21807.0 20.238 25138.0 18.236 "" "" 0.0027642792753231073 0.0029665371 0.0038605817 0.006827119 159.53101868318 -58.8709286123 2274.71924 -5.338 2.782 1.8432381744384765 -0.007333343505859347 0.15283495 0.15083495 -155.15666666666667 20.05 19.874263156792168 156.42435087650688 3.037481428134595 19.891255432888666
159.836426091 -58.53055005441 0.0138 0.0129 15.5926 "" "" 5350675175120765312 2335.81543 0.3915 0.0157 -7.535 2.021 0.017 0.015 1.077 7058.6 3.9066 14.217851 0.591977 14.448613 13.856636 40.26 21.31 2245.70068 2427.76392 38708.51589 22.713 22697.0 28.12 22725.0 111.54 "" "" 0.002828012929816254 0.0030974958 0.006533197 0.009630693 159.836426091 -58.53055005441 2335.81543 -7.5349999999999975 2.0210000000000012 -0.3537618255615236 -0.7683333435058595 0.15283495 0.15083495 -127.38666666666668 33.33 9.365192163463018 127.73045709110666 1.415892346784377 33.240455223381744
159.52992205806 -58.79577958247 0.0192 0.0168 11.3601 "" "" 5350665107717111296 2097.99341 0.4446 0.0195 -4.762 4.138 0.025 0.02 1.269 5917.8 3.5942 14.230805 0.926503 14.571425 13.644922 "" "" 2004.62415 2198.55884 38249.40282 10.798 20270.0 73.489 27618.0 127.65 "" "" 0.0027723161917328 0.0048249187 0.006282247 0.011107165 159.52992205806 -58.79577958247 2097.99341 -4.762 4.138 2.419238174438477 1.3486666564941405 0.16083495 0.15583494 "" "" 27.54392732979414 "" 4.397763627350701 ""
159.50885383635 -58.5749665032 0.0936 0.1141 5.227 "" "" 5350676996186774016 2027.8291 0.4846 0.1223 -7.34 2.791 0.132 0.146 8.341 6427.5 3.783 14.234174 0.691285 14.484358 13.793073 "" "" 1652.39746 2698.19897 38130.92103 29.538 21962.0 18.911 24095.0 18.304 "" "" 0.0028808288803274106 0.0029426338 0.0038683338 0.006810968 159.50885383635 -58.5749665032 2027.8291 -7.339999999999998 2.790999999999998 -0.1587618255615233 0.0016666564941405504 0.26783496 0.28183496 "" "" 1.5260884523481666 "" 0.40874225756243365 ""
159.23986472174 -58.65004395845 0.0132 0.0128 4.3925 "" "" 5350681634751656832 2249.46436 0.4077 0.0154 -7.401 3.409 0.018 0.017 0.988 "" "" 14.241903 0.488526 14.420658 13.932132 "" "" 2180.81006 2359.09863 37860.41687 12.508 23289.0 20.742 21199.0 19.174 "" "" 0.002778570203565734 0.0029529862 0.003904881 0.0068578674 159.23986472174 -58.65004395845 2249.46436 -7.401 3.409 -0.21976182556152324 0.6196666564941404 0.15383494 0.15283495 "" "" 7.010371725154631 "" 1.0722152997419916 ""
159.57535486069 -58.51690527865 0.013 0.0136 9.0873 "" "" 5350678851612719104 2312.84351 0.3975 0.0158 -7.183 3.097 0.016 0.016 0.931 9864.6 4.0146 14.243154 0.653335 14.4836 13.830265 "" "" 2235.86743 2391.83569 37816.84893 13.477 21977.0 28.169 23284.0 18.884 "" "" 0.0027823558516768885 0.0031179662 0.0038806081 0.0069985744 159.57535486069 -58.51690527865 2312.84351 -7.1830000000000025 3.097 -0.001761825561523267 0.3076666564941406 0.15183495 0.15183495 "" "" 3.3729673942901646 "" 0.5121343351612271 ""
159.26983308931 -58.80344739955 0.0652 0.0625 11.1651 "" "" 5350645316506775040 2352.55884 0.3946 0.0753 -4.284 0.043 0.088 0.079 5.57 6308.9 3.5341 14.252722 0.828036 14.569616 13.74158 -37.55 7.44 1973.08691 2867.73218 37485.03902 17.786 20303.0 20.011 25265.0 24.559 "" "" 0.0028030665751080028 0.0029883452 0.0039239763 0.006912322 159.26983308931 -58.80344739955 2352.55884 -4.284 0.04299999999999985 2.8972381744384768 -2.7463333435058592 0.22383495 0.21483496 -205.19666666666666 19.460001 44.51568629447346 209.96980339415256 9.77659772732901 19.130247231573488
159.49275394412 -58.42094878206 0.0132 0.0138 12.8192 "" "" 5350680329081731328 2275.17163 0.405 0.0158 -8.301 5.535 0.018 0.018 0.979 7043.1 3.9727 14.263225 0.760439 14.560468 13.800029 11.73 6.41 2193.9082 2350.34375 37124.17196 9.3983 20475.0 19.196 23941.0 16.682 "" "" 0.002768996074445946 0.00297005 0.0038543579 0.0068244077 159.49275394412 -58.42094878206 2275.17163 -8.300999999999998 5.5350000000000055 -1.1197618255615236 2.7456666564941408 0.15383494 0.15383494 -155.91666666666669 18.43 31.977902680810594 159.1621600893499 4.919318708346071 18.081225286705063
159.63054782669 -58.57486941761 0.0141 0.0141 8.6228 "" "" 5350674247408068992 2826.1145 0.3271 0.0169 -9.604 1.336 0.018 0.017 1.009 "" "" 14.279182 1.800729 15.152463 13.351734 43.48 3.06 2688.82104 3041.84131 36582.52303 8.1107 11869.0 15.05 36180.0 17.489 "" "" 0.002765815371000563 0.0031113366 0.0038156488 0.0069269855 159.63054782669 -58.57486941761 2826.1145 -9.604000000000005 1.3359999999999992 -2.4227618255615226 -1.4533333435058593 0.15383494 0.15283495 -124.16666666666669 15.08 37.846233902372646 129.80638863979004 5.81208235091232 14.524010481089412
158.90690788931 -58.67288014116 0.0146 0.0135 14.8024 "" "" 5350661499943648896 2328.09985 0.3909 0.0169 -5.216 2.061 0.021 0.018 1.026 6558.4 3.5278 14.28525 0.822778 14.611996 13.789218 60.52 11.86 2244.92139 2432.33325 36378.68238 7.0088 19526.0 16.465 24181.0 19.011 "" "" 0.0027632491472955084 0.002936536 0.003874579 0.006811115 158.90690788931 -58.67288014116 2328.09985 -5.216 2.060999999999998 1.9652381744384764 -0.7283333435058594 0.15683495 0.15383494 -107.12666666666667 23.880001 23.12822389743509 109.5948787661221 3.6190051961872585 23.354684859950044
158.8784017013 -58.59875015152 0.0136 0.0132 15.5092 "" "" 5350662943052073216 2249.19873 0.4074 0.0165 -6.056 4.369 0.018 0.017 0.966 8120.5 4.0354 14.286332 0.636223 14.527404 13.891181 "" "" 2172.66919 2327.86816 36342.43358 9.419 21108.0 20.68 22013.0 26.135 "" "" 0.002769651976694441 0.0029860593 0.0039931643 0.0069792233 158.8784017013 -58.59875015152 2249.19873 -6.056 4.369 1.1252381744384765 1.5796666564941404 0.15383494 0.15283495 "" "" 20.676981947551887 "" 3.1671406010723344 ""
159.68678227043 -58.8124616437 0.0166 0.0138 14.9156 "" "" 5350665588753493632 2043.09888 0.4524 0.0171 -5.547 1.481 0.021 0.017 0.948 8188.5 4.2476 14.296038 0.485828 14.477745 13.991917 "" "" 1984.83167 2105.55469 36019.00021 10.862 22096.0 31.534 20063.0 22.18 "" "" 0.002774705732488399 0.003191548 0.0039654067 0.0071569546 159.68678227043 -58.8124616437 2043.09888 -5.547 1.4809999999999999 1.6342381744384769 -1.3083333435058593 0.15683495 0.15283495 "" "" 20.273429935490686 "" 3.148156787966784 ""
159.63770963535 -58.53995440577 0.0139 0.0135 9.7522 "" "" 5350675827955745536 2488.96411 0.3676 0.0162 -7.423 2.748 0.017 0.016 1.088 "" "" 14.298067 1.455868 14.939085 13.483217 "" "" 2399.89697 2600.75244 35951.73287 18.573 14447.0 28.057 32053.0 41.296 "" "" 0.0028118321011761788 0.0034973007 0.004029943 0.007527244 159.63770963535 -58.53995440577 2488.96411 -7.423 2.748 -0.24176182556152348 -0.041333343505859155 0.15283495 0.15183495 "" "" 2.893615854203224 "" 0.442163723189947 ""
159.8617503671 -58.55462269631 0.0127 0.0124 15.884 "" "" 5350675072041544192 2566.14722 0.3529 0.0151 -7.611 3.398 0.016 0.014 1.011 "" "" 14.29872 2.084072 15.361731 13.277658 -7.8 2.05 2456.98462 2657.55957 35930.10802 9.0357 9788.7 15.431 38734.0 20.349 "" "" 0.002768815755343446 0.0032733015 0.003822182 0.0070954836 159.8617503671 -58.55462269631 2566.14722 -7.611000000000001 3.3980000000000006 -0.4297618255615232 0.6086666564941408 0.15183495 0.14983495 -175.4466666666667 14.070001 9.063021957022004 175.68059429384314 1.3640143639514692 14.051441921394142
158.98499035721 -58.62604807085 0.0129 0.0122 12.093 "" "" 5350661980980009728 2165.27271 0.4293 0.0154 -5.437 2.337 0.018 0.016 1.003 4832.0 3.2084 14.301295 1.50412 14.998167 13.494047 1.54 2.57 2083.44214 2236.28711 35844.99674 6.414 13682.0 16.374 31735.0 19.508 "" "" 0.00276216102587686 0.0030778863 0.0038378607 0.006915747 158.98499035721 -58.62604807085 2165.27271 -5.437 2.337 1.7442381744384763 -0.4523333435058592 0.15383494 0.15183495 -166.10666666666668 14.59 18.493973599133767 167.13303614365586 2.842702754019378 14.503813920464962
159.53427492724 -58.83606541184 0.0138 0.013 13.628 "" "" 5350664622360851200 2389.42871 0.3811 0.0156 -7.193 2.974 0.018 0.015 0.976 "" "" 14.320304 0.961471 14.69475 13.733279 "" "" 2308.54297 2473.22534 35222.89741 8.0193 18093.0 17.691 25459.0 18.992 "" "" 0.0027663863888738147 0.0029853089 0.003865195 0.006850504 159.53427492724 -58.83606541184 2389.42871 -7.1930000000000005 2.973999999999999 -0.011761825561523054 0.18466665649414082 0.15383494 0.15083495 "" "" 2.095752649296433 "" 0.31613839545685274 ""
159.1480812639 -58.66305748028 0.014 0.0137 7.3559 "" "" 5350681359873719040 2202.76221 0.4218 0.0168 -17.156 8.576 0.02 0.019 1.086 "" "" 14.332205 1.383637 14.955783 13.572145 -24.59 2.3 2123.67285 2291.30151 34838.9215 5.9395 14227.0 12.874 29532.0 22.354 "" "" 0.002761530715789182 0.0029580938 0.0038677056 0.006825799 159.1480812639 -58.66305748028 2202.76221 -17.156 8.576 -9.974761825561522 5.786666656494141 0.15583494 0.15483494 -192.23666666666668 14.320001 120.4041299919336 226.83053262342256 18.732925097193874 15.689486559054489
