Clusters/NGC_3324/NGC_3324_stars_in_region.tsv
# %ECSV 1.0
# ---
# datatype:
# - name: RA_ICRS_1
#   unit: deg
#   datatype: float64
#   format: '{:15.11f}'
#   description: Right ascension (ICRS) at Ep=2016.0 (ra)
#   meta: !!omap
#   - {ucd: POS_EQ_RA_MAIN}
#   - {width: 15}
#   - {precision: '11'}
# - name: DE_ICRS_1
#   unit: deg
#   datatype: float64
#   format: '{:15.11f}'
#   description: Declination (ICRS) at Ep=2016.0 (dec)
#   meta: !!omap
#   - {ucd: POS_EQ_DEC_MAIN}
#   - {width: 15}
#   - {precision: '11'}
# - name: e_RA_ICRS
#   unit: mas
#   datatype: float64
#   format: '{:7.4f}'
#   description: Standard error of right ascension (ra_error)
#   meta: !!omap
#   - {ucd: ERROR}
#   - {width: 7}
#   - {precision: '4'}
# - name: e_DE_ICRS
#   unit: mas
#   datatype: float64
#   format: '{:7.4f}'
#   description: Standard error of declination (dec_error)
#   meta: !!omap
#   - {ucd: ERROR}
#   - {width: 7}
#   - {precision: '4'}
# - name: _r_1
#   unit: ''
#   datatype: float64
#   format: '{:7.4f}'
#   description: Distance from center (159.37211338000-58.62510431000)[ICRS], at Epoch=J2016.0
#   meta: !!omap
#   - {ucd: POS_ANG_DIST_GENERAL}
#   - {width: 7}
#   - {precision: '4'}
# - name: HIP
#   datatype: int32
#   description: '? HIP cross-id number, van Leeuwen, Cat. I/311 (hip_original_ext_source_id)'
#   meta: !!omap
#   - {ucd: ID_NUMBER}
#   - {width: 6}
#   - values: {'null': -2147483648}
# - name: TYC2
#   datatype: string
#   description: Tycho-2 cross-id name, Hog et al., Cat. I/259 (tyc2_original_ext_source_id)
#   meta: !!omap
#   - {ucd: ID_CROSSID}
#   - {_votable_string_dtype: char}
# - name: Source
#   datatype: int64
#   description: Source identifier, identical to the Gaia-EDR3 source_id (id)
#   meta: !!omap
#   - {ucd: ID_MAIN}
#   - {width: 19}
# - name: rgeo
#   unit: pc
#   datatype: float64
#   format: '{:15.8f}'
#   description: '? Median of the geometric distance posterior (r_med_geo)'
#   meta: !!omap
#   - {ucd: PHYS_DISTANCE_TRUE}
#   - {width: 15}
#   - {precision: '8'}
#   - values: {'null': .nan}
# - name: Plx
#   unit: mas
#   datatype: float64
#   format: '{:9.4f}'
#   description: '? Parallax (parallax)'
#   meta: !!omap
#   - {ucd: POS_PARLX_TRIG}
#   - {width: 9}
#   - {precision: '4'}
#   - values: {'null': .nan}
# - name: e_Plx
#   unit: mas
#   datatype: float32
#   format: '{:7.4f}'
#   description: '? Standard error of parallax (parallax_error)'
#   meta: !!omap
#   - {ucd: ERROR}
#   - {width: 7}
#   - {precision: '4'}
#   - values: {'null': .nan}
# - name: pmRA
#   unit: mas / yr
#   datatype: float64
#   format: '{:9.3f}'
#   description: '? Proper motion in right ascension direction, pmRA*cosDE (pmra)'
#   meta: !!omap
#   - {ucd: POS_EQ_PMRA}
#   - {width: 9}
#   - {precision: '3'}
#   - values: {'null': .nan}
# - name: pmDE
#   unit: mas / yr
#   datatype: float64
#   format: '{:9.3f}'
#   description: '? Proper motion in declination direction (pmdec)'
#   meta: !!omap
#   - {ucd: POS_EQ_PMDEC}
#   - {width: 9}
#   - {precision: '3'}
#   - values: {'null': .nan}
# - name: e_pmRA
#   unit: mas / yr
#   datatype: float32
#   format: '{:6.3f}'
#   description: '? Standard error of proper motion in right ascension direction (pmra_error)'
#   meta: !!omap
#   - {ucd: ERROR}
#   - {width: 6}
#   - {precision: '3'}
#   - values: {'null': .nan}
# - name: e_pmDE
[...]
#         value: !astropy.table.SerializedColumn {name: SkyCoord.dec}
#       distance: !astropy.table.SerializedColumn
#         __class__: astropy.coordinates.distances.Distance
#         unit: !astropy.units.Unit {unit: pc}
#         value: !astropy.table.SerializedColumn {name: SkyCoord.distance}
#       frame: icrs
#       obstime: !astropy.time.Time {format: jyear_str, in_subfmt: '*', jd1: 367701545.0, jd2: 0.0, out_subfmt: '*', precision: 3, scale: tt}
#       pm_dec: !astropy.table.SerializedColumn
#         __class__: astropy.units.quantity.Quantity
#         unit: !astropy.units.Unit {unit: mas / yr}
#         value: !astropy.table.SerializedColumn {name: SkyCoord.pm_dec}
#       pm_ra_cosdec: !astropy.table.SerializedColumn
#         __class__: astropy.units.quantity.Quantity
#         unit: !astropy.units.Unit {unit: mas / yr}
#         value: !astropy.table.SerializedColumn {name: SkyCoord.pm_ra_cosdec}
#       ra: !astropy.table.SerializedColumn
#         __class__: astropy.coordinates.angles.Longitude
#         unit: *id001
#         value: !astropy.table.SerializedColumn {name: SkyCoord.ra}
#         wrap_angle: !astropy.coordinates.Angle
#           unit: *id001
#           value: 360.0
#       representation_type: spherical
# schema: astropy-2.0
RA_ICRS_1 DE_ICRS_1 e_RA_ICRS e_DE_ICRS _r_1 HIP TYC2 Source rgeo Plx e_Plx pmRA pmDE e_pmRA e_pmDE RUWE Teff logg Gmag BP-RP BPmag RPmag RV e_RV b_rgeo B_rgeo FG e_FG FBP e_FBP FRP e_FRP RAVE5 RAVE6 e_Gmag e_BPmag e_RPmag e_BP-RP SkyCoord.ra SkyCoord.dec SkyCoord.distance SkyCoord.pm_ra_cosdec SkyCoord.pm_dec rmRA rmDE e_rmRA e_rmDE rRV e_rRV v_pec v_pec3d e_vpec e_vpec3d
[from data line 1220]
159.79656802707 -58.76777831478 0.0463 0.0446 15.7597 "" "" 5350619271823287424 2078.14331 0.4573 0.0524 -8.082 2.002 0.057 0.052 1.051 5135.4 4.6964 16.8902 1.087318 17.356968 16.26965 "" "" 1863.72754 2275.12061 3302.68172 2.0636 1558.2 7.0255 2462.1 11.673 "" "" 0.002837606420817941 0.0056346166 0.0063860053 0.012020621 159.79656802707 -58.76777831478 2078.14331 -8.082 2.0020000000000033 -0.9007618255615242 -0.7873333435058596 0.19283494 0.18783495 "" "" 11.784575982226306 "" 2.247147728485495 ""
159.23951125395 -58.61017869936 0.0448 0.0482 4.2388 "" "" 5350683455817793152 2400.74219 0.4043 0.0551 -7.036 2.827 0.061 0.068 1.039 5784.3 4.1804 16.893875 1.920932 17.724453 15.803521 "" "" 2102.10229 2756.07935 3291.52239 30.646 1110.8 53.332 3782.2 98.244 "" "" 0.01047761552873352 0.05220324 0.028454497 0.080657735 159.23951125395 -58.61017869936 2400.74219 -7.036 2.827 0.14523817443847697 0.03766665649414058 0.19683495 0.20383495 "" "" 1.7074171102805735 "" 0.3368451024588285 ""
159.26166011268 -58.43646275352 0.0478 0.048 11.8354 "" "" 5350691049319444096 2620.87817 0.3598 0.0545 -7.081 3.164 0.062 0.061 1.077 8795.6 3.0147 16.895987 2.066775 17.92568 15.858905 "" "" 2378.31396 3025.9502 3285.12488 2.1553 922.88 8.4125 3594.2 7.106 "" "" 0.00284590948583517 0.010282797 0.0043464396 0.014629236 159.26166011268 -58.43646275352 2620.87817 -7.0809999999999995 3.1639999999999997 0.10023817443847616 0.37466665649414077 0.19783494 0.19683495 "" "" 4.818168703461907 "" 0.9487065982500702 ""
159.57237111276 -58.64278927082 0.0773 0.0782 6.3435 "" "" 5350667753417119360 2014.66772 0.4945 0.0902 -9.568 2.968 0.101 0.097 1.81 "" "" 16.89725 1.232283 17.25303 16.020748 "" "" 1736.50024 2353.29614 3281.30839 5.5546 1714.8 25.616 3096.4 21.066 "" "" 0.0033120677293082966 0.016457176 0.008297396 0.024754573 159.57237111276 -58.64278927082 2014.66772 -9.567999999999996 2.9679999999999973 -2.386761825561523 0.1786666564941406 0.23683494 0.23283495 "" "" 22.856212610084068 "" 5.412644641380476 ""
159.18648638775 -58.39492635227 0.0416 0.0431 14.986 "" "" 5350691770873951360 2416.89673 0.3909 0.049 -6.534 4.067 0.053 0.053 0.99 4988.5 4.5317 16.897621 1.101133 17.37377 16.272636 "" "" 2167.58447 2768.26758 3280.18366 1.847 1534.3 10.745 2455.3 14.061 "" "" 0.002822329459977192 0.008099388 0.0072763055 0.015375694 159.18648638775 -58.39492635227 2416.89673 -6.534 4.067 0.6472381744384768 1.2776666564941408 0.18883495 0.18883495 "" "" 16.408022720954808 "" 3.0984081554901164 ""
159.27042163228 -58.70539118914 0.0444 0.0422 5.7683 "" "" 5350669368324616448 2498.03735 0.3864 0.0519 -14.13 8.354 0.058 0.051 1.022 5012.0 4.6043 16.897717 1.269468 17.447096 16.177628 "" "" 2263.66162 2890.35596 3279.89479 2.0425 1434.1 9.6266 2679.8 16.447 "" "" 0.0028370641995727613 0.0078039933 0.007660759 0.015464753 159.27042163228 -58.70539118914 2498.03735 -14.129999999999997 8.354000000000006 -6.948761825561524 5.56466665649414 0.19383495 0.18683495 "" "" 105.40934455507944 "" 20.146926746729573 ""
159.07459238701 -58.85430181488 0.0532 0.0481 16.5809 "" "" 5350655040312658560 2184.06616 0.4334 0.0594 -9.792 -0.172 0.07 0.062 1.191 5123.6 4.6665 16.897884 1.25524 17.410786 16.155546 "" "" 1910.65845 2453.62256 3279.38704 2.5761 1482.9 14.039 2734.9 16.224 "" "" 0.002884304992020068 0.010650905 0.007467786 0.01811869 159.07459238701 -58.85430181488 2184.06616 -9.792 -0.17199999999999993 -2.6107618255615233 -2.9613333435058595 0.20583495 0.19783494 "" "" 40.87008220120614 "" 8.230119334770798 ""
158.92791622301 -58.78217362785 0.0463 0.0411 16.7478 "" "" 5350659163481441664 2159.26636 0.4584 0.0504 -4.122 -3.184 0.061 0.055 0.968 4575.3 4.3973 16.89825 1.321867 17.495289 16.173422 "" "" 1934.53357 2393.66357 3278.28595 2.0401 1371.8 8.498 2690.2 9.2501 "" "" 0.002836953889890428 0.007281672 0.0053123278 0.0125939995 158.92791622301 -58.78217362785 2159.26636 -4.121999999999996 -3.1839999999999975 3.0592381744384767 -5.9733333435058595 0.19683495 0.19083494 "" "" 68.68818822834456 "" 13.194803650105507 ""
159.08759644603 -58.69381320875 0.0506 0.0448 9.7894 "" "" 5350658648085404416 2633.06396 0.3697 0.0547 -6.72 4.727 0.064 0.06 0.956 8292.9 4.1937 16.899641 1.380966 17.521528 16.140562 "" "" 2345.75659 3006.29907 3274.08663 2.1993 1339.1 10.158 2772.9 10.072 "" "" 0.002850210216732789 0.0086958455 0.005462292 0.014158137 159.08759644603 -58.69381320875 2633.06396 -6.72 4.726999999999997 0.4612381744384768 1.937666656494141 0.19983494 0.19583495 "" "" 24.859184256625827 "" 4.873680725158047 ""
159.07356932946 -58.72461401317 0.0551 0.0481 11.0623 "" "" 5350658063969850112 2254.94409 0.4189 0.0614 -9.316 6.135 0.074 0.063 1.006 "" "" 16.900494 3.696058 19.217886 15.521828 "" "" 1957.53809 2547.92578 3271.52048 3.2915 280.71 8.5477 4902.6 14.959 "" "" 0.002963959317589369 0.03317851 0.0050257966 0.038204305 159.07356932946 -58.72461401317 2254.94409 -9.316000000000004 6.135000000000004 -2.134761825561524 3.3456666564941404 0.20983495 0.19883496 "" "" 42.419345090000036 "" 8.572067093912366 ""
159.60373305528 -58.51083707035 0.0456 0.0426 9.9763 "" "" 5350678817252989824 2883.05298 0.3249 0.0506 -8.67 2.134 0.058 0.053 0.99 4850.8 4.3825 16.900839 1.075928 17.337095 16.261168 "" "" 2480.73755 3232.41699 3270.47799 2.0013 1587.0 6.9856 2481.4 9.1212 "" "" 0.0028342914445901235 0.005534019 0.005496512 0.011030531 159.60373305528 -58.51083707035 2883.05298 -8.67 2.1339999999999995 -1.4887618255615234 -0.6553333435058595 0.19383495 0.18883495 "" "" 22.22877390127259 "" 4.290868735384683 ""
159.73281397595 -58.43352694387 0.0418 0.0398 16.1177 "" "" 5350770454677651072 2067.63916 0.4771 0.0483 -7.759 3.348 0.056 0.049 1.053 5152.5 4.6175 16.904976 1.178183 17.414875 16.236692 "" "" 1830.72339 2303.47388 3258.03814 1.8365 1477.3 8.4333 2537.9 10.091 "" "" 0.002822471723136448 0.0067970976 0.005737629 0.012534726 159.73281397595 -58.43352694387 2067.63916 -7.759000000000001 3.348 -0.5777618255615238 0.5586666564941405 0.19183496 0.18483494 "" "" 7.876649164194489 "" 1.4846302026506382 ""
159.43334607321 -58.66253159859 0.0458 0.0471 2.9492 "" "" 5350670467836374016 2252.77344 0.431 0.0554 -4.637 3.444 0.059 0.058 0.984 8360.8 4.0501 16.905811 1.54175 17.599764 16.058014 "" "" 2014.14661 2695.00757 3255.5359 2.2037 1246.0 10.935 2991.9 20.188 "" "" 0.002851654287905615 0.009928624 0.008243476 0.0181721 159.43334607321 -58.66253159859 2252.77344 -4.637 3.443999999999999 2.544238174438477 0.6546666564941406 0.19483495 0.19383495 "" "" 28.052724098544402 "" 5.46391318415372 ""
159.08436777331 -58.41177733241 0.0444 0.0486 15.6563 "" "" 5350694450933524736 2507.80884 0.3892 0.0548 -6.326 3.545 0.057 0.061 1.137 5077.9 4.4369 16.909082 1.352926 17.516832 16.163906 "" "" 2162.58838 3004.42236 3245.73851 1.9015 1344.9 5.8251 2713.9 11.272 "" "" 0.002827786858560645 0.00546804 0.0058838427 0.0113518825 159.08436777331 -58.41177733241 2507.80884 -6.325999999999999 3.5449999999999973 0.8552381744384769 0.7556666564941406 0.19283494 0.19683495 "" "" 13.56612163151429 "" 2.6399505342928102 ""
159.02948416041 -58.70827574146 0.053 0.0437 11.7977 "" "" 5350658338847750400 2301.53027 0.4128 0.0567 -5.98 2.417 0.072 0.06 1.029 9230.1 3.659 16.909159 2.35814 18.158388 15.800248 "" "" 2067.64185 2631.31787 3245.51056 2.7328 744.84 6.3342 3793.7 9.1236 "" "" 0.0029030296962282596 0.009645587 0.0045936583 0.014239245 159.02948416041 -58.70827574146 2301.53027 -5.9799999999999995 2.4169999999999994 1.2012381744384761 -0.37233334350585956 0.20783494 0.19583495 "" "" 13.71968324301529 "" 2.837380779376188 ""
159.57883742707 -58.83869801551 0.0465 0.0423 14.3418 "" "" 5350663905126251136 2176.31299 0.4469 0.0508 -5.653 1.003 0.059 0.05 1.029 5252.4 4.6745 16.909286 1.026239 17.34295 16.316711 "" "" 1956.46399 2428.12354 3245.12841 1.9647 1578.5 13.342 2357.6 10.256 "" "" 0.0028326458452891884 0.009591785 0.006049125 0.01564091 159.57883742707 -58.83869801551 2176.31299 -5.653000000000001 1.0030000000000001 1.528238174438477 -1.7863333435058595 0.19483495 0.18583494 "" "" 24.250725363463363 "" 4.6001315496165445 ""
159.31604491608 -58.46215672453 0.0432 0.0451 9.9332 "" "" 5350690224686306816 2607.40723 0.3688 0.0525 -9.057 1.476 0.059 0.06 1.023 5372.6 4.6669 16.910404 1.083002 17.359972 16.27697 "" "" 2300.65723 3097.76807 3241.79215 1.8519 1553.9 8.4833 2445.5 7.5486 "" "" 0.002824266547894468 0.0065512913 0.0050512813 0.011602573 159.31604491608 -58.46215672453 2607.40723 -9.057 1.4759999999999995 -1.8757618255615238 -1.3133333435058594 0.19483495 0.19583495 "" "" 28.300276227822554 "" 5.523208516320494 ""
159.73879035175 -58.7823639006 0.0454 0.0438 14.8203 "" "" 5350618825146647808 2026.18738 0.46 0.0524 -6.393 2.821 0.057 0.052 0.983 5182.9 4.6046 16.912659 1.134485 17.411842 16.277357 "" "" 1841.40015 2234.6604 3235.06414 2.3615 1481.4 15.937 2444.6 13.978 "" "" 0.002867042504564055 0.01200905 0.0072680623 0.019277113 159.73879035175 -58.7823639006 2026.18738 -6.393 2.821 0.7882381744384768 0.0316666564941408 0.19283494 0.18783495 "" "" 7.576447068990081 "" 1.460943491478205 ""
158.88252006114 -58.54521581593 0.0437 0.0442 16.0442 "" "" 5350686784393870592 2078.63379 0.4679 0.0516 -7.41 2.135 0.056 0.058 1.05 4919.2 4.5611 16.913975 1.121023 17.393232 16.27221 "" "" 1892.68079 2358.13647 3231.14706 1.9516 1507.0 7.9306 2456.3 7.6857 "" "" 0.0028322848119398023 0.0063585667 0.0050818278 0.011440394 158.88252006114 -58.54521581593 2078.63379 -7.41 2.135 -0.22876182556152358 -0.6543333435058596 0.19183496 0.19383495 "" "" 6.829608888651227 "" 1.3223360268759494 ""
159.2386758824 -58.5536405115 0.0431 0.0448 5.983 "" "" 5350683696335964928 2147.90356 0.4614 0.0525 -10.756 6.945 0.062 0.06 0.989 5217.7 4.6165 16.917109 1.124092 17.404146 16.280054 "" "" 1930.28174 2439.76343 3221.83789 1.9567 1492.0 11.861 2438.6 13.435 "" "" 0.0028331236488294085 0.009071085 0.007075587 0.016146671 159.2386758824 -58.5536405115 2147.90356 -10.756 6.945 -3.5747618255615237 4.155666656494141 0.19783494 0.19583495 "" "" 55.80902399905298 "" 10.976964405087807 ""
159.72299895171 -58.59932859812 0.0448 0.0443 11.0736 "" "" 5350673250975355264 2476.89014 0.3939 0.0522 -10.484 5.266 0.056 0.052 0.988 5194.9 4.6739 16.919905 1.086765 17.376982 16.290216 "" "" 2180.80127 2905.03931 3213.55 2.0099 1529.8 11.535 2415.9 11.067 "" "" 0.002837767376677355 0.008649081 0.0062466734 0.014895754 159.72299895171 -58.59932859812 2476.89014 -10.483999999999998 5.266 -3.3027618255615234 2.4766666564941406 0.19183496 0.18783495 "" "" 48.46707507941613 "" 9.228370254446986 ""
159.61652850569 -58.60782401096 0.0441 0.0448 7.707 "" "" 5350673727691760512 2621.40479 0.3777 0.051 -10.642 3.623 0.056 0.053 0.977 5971.3 4.5219 16.924154 1.492571 17.604591 16.11202 "" "" 2278.97363 3004.80225 3200.99739 2.1753 1240.5 8.1717 2846.8 11.556 "" "" 0.002852400216374577 0.007677179 0.005805878 0.013483057 159.61652850569 -58.60782401096 2621.40479 -10.641999999999996 3.6230000000000024 -3.460761825561523 0.8336666564941408 0.19183496 0.18883495 "" "" 44.23161815420614 "" 8.477946590241919 ""
159.73758230436 -58.49204742394 0.0488 0.0445 13.9488 "" "" 5350676240272651264 2089.80615 0.4506 0.0527 -6.007 5.961 0.064 0.054 1.096 5280.5 4.5917 16.92797 1.117859 17.40147 16.283611 "" "" 1861.60486 2396.46533 3189.76081 2.09 1495.6 7.2073 2430.6 11.664 "" "" 0.002845676729289831 0.0059296372 0.006436645 0.012366282 159.73758230436 -58.49204742394 2089.80615 -6.006999999999999 5.961 1.174238174438477 3.171666656494141 0.19983494 0.18983495 "" "" 33.5015711285102 "" 6.401083215138096 ""
159.79813084649 -58.5852410899 0.0427 0.0412 13.5287 "" "" 5350674591005177344 2539.14795 0.3795 0.0494 -7.675 4.255 0.053 0.048 0.991 8595.0 4.4222 16.928421 1.271276 17.471437 16.200161 "" "" 2218.3064 2967.43628 3188.43825 1.7474 1402.3 7.8832 2624.8 8.2842 "" "" 0.0028188383627286346 0.0067111067 0.0051015816 0.011812689 159.79813084649 -58.5852410899 2539.14795 -7.674999999999998 4.255 -0.49376182556152326 1.4656666564941405 0.18883495 0.18383494 "" "" 18.614229929230525 "" 3.4315476071205895 ""
159.42058376405 -58.8759663557 0.0454 0.0411 15.1271 "" "" 5350641193338168704 2843.48486 0.3415 0.0506 0.561 2.294 0.055 0.049 1.004 5289.7 4.6897 16.933043 1.026192 17.36666 16.340467 "" "" 2455.78027 3393.56616 3174.89591 2.1272 1544.4 10.926 2306.6 9.7063 "" "" 0.0028497320692966134 0.008172207 0.0059294184 0.0141016245 159.42058376405 -58.8759663557 2843.48486 0.5609999999999999 2.294 7.7422381744384765 -0.49533334350585934 0.19083494 0.18483494 "" "" 104.56414734735789 "" 19.951975240585135 ""
158.97632995964 -58.47594142013 0.0421 0.0424 15.2842 "" "" 5350688678497444480 2380.38477 0.4021 0.0497 -4.075 -0.681 0.054 0.052 0.989 5322.1 4.6706 16.93417 1.210125 17.451956 16.24183 "" "" 2142.16724 2703.93213 3171.6013 1.8223 1427.7 7.745 2526.0 13.166 "" "" 0.0028250578867639892 0.0065173693 0.0068050544 0.013322424 158.97632995964 -58.47594142013 2380.38477 -4.074999999999999 -0.6810000000000005 3.1062381744384764 -3.4703333435058594 0.18983495 0.18783495 "" "" 52.550226573699 "" 9.917656100879535 ""
159.67310785325 -58.51439495159 0.0447 0.0415 11.5243 "" "" 5350675931034981248 2034.20264 0.4692 0.051 -10.623 6.851 0.056 0.053 1.043 5108.0 4.7528 16.938797 1.014116 17.342716 16.3286 "" "" 1867.15466 2236.78003 3158.11547 2.3359 1578.8 9.4601 2331.9 13.3 "" "" 0.0028699655731150796 0.007078768 0.007254708 0.014333476 159.67310785325 -58.51439495159 2034.20264 -10.622999999999998 6.850999999999999 -3.4417618255615228 4.061666656494141 0.19183496 0.18883495 "" "" 51.33273391567066 "" 9.758072608503086 ""
159.62673751275 -58.49795934067 0.043 0.0419 11.0315 "" "" 5350678954691954688 2765.17017 0.3405 0.05 -2.303 1.509 0.055 0.053 0.985 7787.8 4.2209 16.942537 1.404964 17.562845 16.15788 "" "" 2394.06958 3287.5791 3147.25512 1.9923 1289.1 6.5763 2729.0 6.6813 "" "" 0.0028397486366038742 0.0062019248 0.0046205586 0.010822483 159.62673751275 -58.49795934067 2765.17017 -2.3029999999999986 1.5089999999999997 4.878238174438477 -1.2803333435058595 0.19083494 0.18883495 "" "" 66.10412330782327 "" 12.606498049993274 ""
159.25517268602 -58.68214106112 0.0839 0.111 5.0034 "" "" 5350681153706274432 2017.34326 0.4906 0.0899 -7.752 3.035 0.118 0.16 1.14 "" "" 16.943363 "" "" "" "" "" 1685.2511 2418.05176 3144.8616 4.6732 "" "" "" "" "" "" 0.003192928173786973 "" "" "" 159.25517268602 -58.68214106112 2017.34326 -7.752000000000001 3.035000000000002 -0.5707618255615232 0.24566665649414077 0.25383496 0.29583496 "" "" 5.941826259068897 "" 1.549901580631755 ""
159.1179884345 -58.4904448302 0.043 0.0425 11.3376 "" "" 5350688128741649152 2194.32251 0.4458 0.0517 -8.812 3.215 0.058 0.055 1.037 4723.2 4.3673 16.943886 1.255098 17.490244 16.235146 "" "" 1976.35083 2473.91675 3143.3457 1.7628 1378.2 8.1215 2541.6 7.4964 "" "" 0.0028217955628483896 0.0069799875 0.0049536675 0.011933655 159.1179884345 -58.4904448302 2194.32251 -8.811999999999992 3.214999999999999 -1.6307618255615228 0.4256666564941405 0.19383495 0.19083494 "" "" 17.53000437635759 "" 3.394597200643951 ""
159.69215081283 -58.40783981134 0.0422 0.0395 16.447 "" "" 5350773478334629760 2313.67505 0.407 0.0482 -7.444 5.156 0.06 0.049 0.973 5295.8 4.6223 16.944277 1.2089 17.466665 16.257765 "" "" 2069.75146 2598.43066 3142.21678 1.763 1408.5 7.2404 2489.2 10.258 "" "" 0.002821857695393114 0.0062398072 0.0058569005 0.012096708 159.69215081283 -58.40783981134 2313.67505 -7.443999999999995 5.155999999999994 -0.2627618255615234 2.3666666564941403 0.19583495 0.18483494 "" "" 26.11428649303331 "" 4.8304332217688355 ""
