Clusters/NGC_3324/NGC_3324_stars_in_region.tsv
# %ECSV 1.0
# ---
# datatype:
# - name: RA_ICRS_1
#   unit: deg
#   datatype: float64
#   format: '{:15.11f}'
#   description: Right ascension (ICRS) at Ep=2016.0 (ra)
#   meta: !!omap
#   - {ucd: POS_EQ_RA_MAIN}
#   - {width: 15}
#   - {precision: '11'}
# - name: DE_ICRS_1
#   unit: deg
#   datatype: float64
#   format: '{:15.11f}'
#   description: Declination (ICRS) at Ep=2016.0 (dec)
#   meta: !!omap
#   - {ucd: POS_EQ_DEC_MAIN}
#   - {width: 15}
#   - {precision: '11'}
# - name: e_RA_ICRS
#   unit: mas
#   datatype: float64
#   format: '{:7.4f}'
#   description: Standard error of right ascension (ra_error)
#   meta: !!omap
#   - {ucd: ERROR}
#   - {width: 7}
#   - {precision: '4'}
# - name: e_DE_ICRS
#   unit: mas
#   datatype: float64
#   format: '{:7.4f}'
#   description: Standard error of declination (dec_error)
#   meta: !!omap
#   - {ucd: ERROR}
#   - {width: 7}
#   - {precision: '4'}
# - name: _r_1
#   unit: ''
#   datatype: float64
#   format: '{:7.4f}'
#   description: Distance from center (159.37211338000-58.62510431000)[ICRS], at Epoch=J2016.0
#   meta: !!omap
#   - {ucd: POS_ANG_DIST_GENERAL}
#   - {width: 7}
#   - {precision: '4'}
# - name: HIP
#   datatype: int32
#   description: '? HIP cross-id number, van Leeuwen, Cat. I/311 (hip_original_ext_source_id)'
#   meta: !!omap
#   - {ucd: ID_NUMBER}
#   - {width: 6}
#   - values: {'null': -2147483648}
# - name: TYC2
#   datatype: string
#   description: Tycho-2 cross-id name, Hog et al., Cat. I/259 (tyc2_original_ext_source_id)
#   meta: !!omap
#   - {ucd: ID_CROSSID}
#   - {_votable_string_dtype: char}
# - name: Source
#   datatype: int64
#   description: Source identifier, identical to the Gaia-EDR3 source_id (id)
#   meta: !!omap
#   - {ucd: ID_MAIN}
#   - {width: 19}
# - name: rgeo
#   unit: pc
#   datatype: float64
#   format: '{:15.8f}'
#   description: '? Median of the geometric distance posterior (r_med_geo)'
#   meta: !!omap
#   - {ucd: PHYS_DISTANCE_TRUE}
#   - {width: 15}
#   - {precision: '8'}
#   - values: {'null': .nan}
# - name: Plx
#   unit: mas
#   datatype: float64
#   format: '{:9.4f}'
#   description: '? Parallax (parallax)'
#   meta: !!omap
#   - {ucd: POS_PARLX_TRIG}
#   - {width: 9}
#   - {precision: '4'}
#   - values: {'null': .nan}
# - name: e_Plx
#   unit: mas
#   datatype: float32
#   format: '{:7.4f}'
#   description: '? Standard error of parallax (parallax_error)'
#   meta: !!omap
#   - {ucd: ERROR}
#   - {width: 7}
#   - {precision: '4'}
#   - values: {'null': .nan}
# - name: pmRA
#   unit: mas / yr
#   datatype: float64
#   format: '{:9.3f}'
#   description: '? Proper motion in right ascension direction, pmRA*cosDE (pmra)'
#   meta: !!omap
#   - {ucd: POS_EQ_PMRA}
#   - {width: 9}
#   - {precision: '3'}
#   - values: {'null': .nan}
# - name: pmDE
#   unit: mas / yr
#   datatype: float64
#   format: '{:9.3f}'
#   description: '? Proper motion in declination direction (pmdec)'
#   meta: !!omap
#   - {ucd: POS_EQ_PMDEC}
#   - {width: 9}
#   - {precision: '3'}
#   - values: {'null': .nan}
# - name: e_pmRA
#   unit: mas / yr
#   datatype: float32
#   format: '{:6.3f}'
#   description: '? Standard error of proper motion in right ascension direction (pmra_error)'
#   meta: !!omap
#   - {ucd: ERROR}
#   - {width: 6}
#   - {precision: '3'}
#   - values: {'null': .nan}
# - name: e_pmDE
[...]
#         value: !astropy.table.SerializedColumn {name: SkyCoord.dec}
#       distance: !astropy.table.SerializedColumn
#         __class__: astropy.coordinates.distances.Distance
#         unit: !astropy.units.Unit {unit: pc}
#         value: !astropy.table.SerializedColumn {name: SkyCoord.distance}
#       frame: icrs
#       obstime: !astropy.time.Time {format: jyear_str, in_subfmt: '*', jd1: 367701545.0, jd2: 0.0, out_subfmt: '*', precision: 3, scale: tt}
#       pm_dec: !astropy.table.SerializedColumn
#         __class__: astropy.units.quantity.Quantity
#         unit: !astropy.units.Unit {unit: mas / yr}
#         value: !astropy.table.SerializedColumn {name: SkyCoord.pm_dec}
#       pm_ra_cosdec: !astropy.table.SerializedColumn
#         __class__: astropy.units.quantity.Quantity
#         unit: !astropy.units.Unit {unit: mas / yr}
#         value: !astropy.table.SerializedColumn {name: SkyCoord.pm_ra_cosdec}
#       ra: !astropy.table.SerializedColumn
#         __class__: astropy.coordinates.angles.Longitude
#         unit: *id001
#         value: !astropy.table.SerializedColumn {name: SkyCoord.ra}
#         wrap_angle: !astropy.coordinates.Angle
#           unit: *id001
#           value: 360.0
#       representation_type: spherical
# schema: astropy-2.0
RA_ICRS_1 DE_ICRS_1 e_RA_ICRS e_DE_ICRS _r_1 HIP TYC2 Source rgeo Plx e_Plx pmRA pmDE e_pmRA e_pmDE RUWE Teff logg Gmag BP-RP BPmag RPmag RV e_RV b_rgeo B_rgeo FG e_FG FBP e_FBP FRP e_FRP RAVE5 RAVE6 e_Gmag e_BPmag e_RPmag e_BP-RP SkyCoord.ra SkyCoord.dec SkyCoord.distance SkyCoord.pm_ra_cosdec SkyCoord.pm_dec rmRA rmDE e_rmRA e_rmDE rRV e_rRV v_pec v_pec3d e_vpec e_vpec3d
[from data line 1156]
159.8771702565 -58.5592701135 0.0399 0.0368 16.2784 "" "" 5350628136636136192 2835.20264 0.3371 0.0448 -3.937 2.385 0.049 0.044 0.965 4970.9 4.1749 16.792799 1.879574 17.729986 15.850412 "" "" 2541.55615 3124.01978 3612.66064 1.9155 1105.2 6.5952 3622.4 5.9734 "" "" 0.0028148168774509287 0.0070543005 0.004182015 0.011236316 159.8771702565 -58.5592701135 2835.20264 -3.9370000000000007 2.384999999999998 3.2442381744384767 -0.4043333435058596 0.18483494 0.17983495 "" "" 43.9361687769116 "" 8.117623893878955 ""
158.93105970619 -58.70347526996 0.049 0.0386 14.5434 "" "" 5350661259425486720 2199.00708 0.4283 0.0516 -9.326 2.3 0.064 0.05 0.969 4795.1 4.5616 16.796148 1.11681 17.275938 16.159128 "" "" 1944.79773 2474.17871 3601.5329 2.2538 1679.0 10.265 2725.9 9.149 "" "" 0.002837856683482634 0.0072004963 0.0052500525 0.012450549 158.93105970619 -58.70347526996 2199.00708 -9.326000000000004 2.300000000000002 -2.144761825561524 -0.48933334350585955 0.19983494 0.18583494 "" "" 22.929943851548305 "" 4.566851238276757 ""
159.23153254828 -58.71412487647 0.0464 0.038 6.9112 "" "" 5350681016275903232 2593.56421 0.3575 0.0493 -6.609 5.051 0.059 0.047 0.994 5387.1 4.6599 16.797037 1.001926 17.2051 16.203173 "" "" 2297.39673 3023.77881 3598.58351 2.023 1792.2 21.421 2617.5 24.065 "" "" 0.002822115003038884 0.013273662 0.010673649 0.02394731 159.23153254828 -58.71412487647 2593.56421 -6.608999999999999 5.051 0.5722381744384766 2.261666656494141 0.19483495 0.18283495 "" "" 28.679941379006117 "" 5.265038338027394 ""
159.58873790366 -58.56508693981 0.0422 0.0414 7.6706 "" "" 5350677163665627776 2471.12793 0.3762 0.0489 -7.639 3.514 0.053 0.05 0.984 7474.6 3.8917 16.797459 1.406216 17.432589 16.026373 "" "" 2224.74561 2808.74902 3597.18814 2.2485 1453.4 8.9555 3080.4 9.8538 "" "" 0.0028376702906090564 0.0072485674 0.00513287 0.012381437 159.58873790366 -58.56508693981 2471.12793 -7.6389999999999985 3.5140000000000002 -0.45776182556152367 0.7246666564941404 0.18883495 0.18583494 "" "" 10.039797223931165 "" 1.8743850927290837 ""
159.82639955777 -58.58239003788 0.0401 0.0367 14.4291 "" "" 5350674552325502080 2928.67065 0.324 0.0457 -7.782 2.967 0.052 0.043 0.988 "" "" 16.797716 1.424086 17.436932 16.012846 "" "" 2649.29785 3432.59814 3596.33924 1.9906 1447.6 7.9183 3119.0 10.275 "" "" 0.002820096765633917 0.0065616965 0.005203556 0.011765253 159.82639955777 -58.58239003788 2928.67065 -7.781999999999999 2.967 -0.6007618255615235 0.1776666564941407 0.18783495 0.17883494 "" "" 8.696765486757725 "" 1.6274007249074096 ""
159.09805927477 -58.45846566238 0.0383 0.0395 13.1759 "" "" 5350688227502924032 2592.98022 0.3611 0.0458 -7.948 3.441 0.05 0.05 0.975 6039.8 4.4615 16.799908 1.241631 17.34484 16.103209 "" "" 2360.26221 2838.51489 3589.08664 1.8758 1575.7 12.325 2870.0 7.8483 "" "" 0.002813145548398631 0.008939145 0.0048061423 0.013745287 159.09805927477 -58.45846566238 2592.98022 -7.948000000000001 3.441 -0.7667618255615238 0.6516666564941405 0.18583494 0.18583494 "" "" 12.367873467844857 "" 2.298383076365735 ""
159.4704562948 -58.89001193164 0.0414 0.0384 16.1864 "" "" 5350640918460267392 2617.40308 0.3629 0.0477 -8.495 2.945 0.053 0.044 1.002 5350.7 4.6392 16.800156 1.036881 17.246403 16.209522 "" "" 2319.44287 2992.12451 3588.26501 2.1365 1725.3 11.579 2602.3 10.159 "" "" 0.0028301416722514203 0.007802628 0.0056788274 0.013481455 159.4704562948 -58.89001193164 2617.40308 -8.495 2.945000000000002 -1.3137618255615227 0.15566665649414047 0.18883495 0.17983495 "" "" 16.41319271378227 "" 3.0973873118181707 ""
158.85739733907 -58.57494534875 0.0439 0.0433 16.3693 "" "" 5350663252289723904 2924.34326 0.3254 0.0514 -7.092 2.564 0.053 0.055 1.066 9432.3 3.9637 16.801495 1.436398 17.44472 16.008322 "" "" 2505.41992 3307.04272 3583.84331 2.12 1437.2 9.6885 3132.1 10.593 "" "" 0.0028291849980656317 0.007832992 0.005269499 0.01310249 158.85739733907 -58.57494534875 2924.34326 -7.0920000000000005 2.5640000000000005 0.08923817443847692 -0.22533334350585932 0.18883495 0.19083494 "" "" 3.359451424517277 "" 0.6401939343181858 ""
159.01355618475 -58.59389612493 0.0459 0.0408 11.361 "" "" 5350685586121510144 2510.40454 0.3761 0.0504 -5.841 1.644 0.06 0.055 1.166 5310.7 4.393 16.81038 1.144156 17.280998 16.136843 "" "" 2267.06372 2951.21851 3554.62784 2.7875 1671.2 8.2316 2782.4 9.9509 "" "" 0.0028838705550372004 0.0060319705 0.005418616 0.011450587 159.01355618475 -58.59389612493 2510.40454 -5.841 1.644000000000001 1.3402381744384764 -1.1453333435058595 0.19583495 0.19083494 "" "" 20.978017002059573 "" 4.064288574460702 ""
158.99989182749 -58.68841096398 0.0459 0.0391 12.2222 "" "" 5350658407567220992 2433.12256 0.4033 0.0503 -7.597 3.648 0.059 0.053 1.051 5165.9 4.5465 16.81339 1.294228 17.382612 16.088385 "" "" 2140.70386 2748.3938 3544.79199 3.6365 1521.9 9.2957 2909.4 10.957 "" "" 0.0029719347976839934 0.0071946904 0.00556806 0.0127627505 158.99989182749 -58.68841096398 2433.12256 -7.597 3.6479999999999966 -0.41576182556152386 0.8586666564941408 0.19483495 0.18883495 "" "" 11.002787064485673 "" 2.0904089577996294 ""
159.5334155642 -58.85928067785 0.3048 0.2915 14.9211 "" "" 5350664484921857152 2895.86377 0.4945 0.3516 -6.817 3.337 0.382 0.342 8.145 "" "" 16.813416 1.107206 17.135778 16.028572 "" "" 1771.53906 4231.85547 3544.71162 18.694 1910.3 6.4213 3074.2 11.113 "" "" 0.006354368615350707 0.00459398 0.0054486883 0.010042668 159.5334155642 -58.85928067785 2895.86377 -6.816999999999998 3.3370000000000006 0.3642381744384764 0.5476666564941408 0.51783496 0.47783494 "" "" 9.028255683520017 "" 4.42789745491407 ""
159.53819382266 -58.71936410979 0.0889 0.0903 7.67 "" "" 5350666997502790656 2780.58569 0.3541 0.1104 -7.094 4.279 0.121 0.108 1.942 "" "" 16.815088 1.972545 17.788694 15.81615 "" "" 2143.93457 3838.36646 3539.24937 5.0569 1047.0 8.3873 3738.5 14.344 "" "" 0.003162015159644187 0.00913419 0.005624724 0.014758915 159.53819382266 -58.71936410979 2780.58569 -7.094000000000002 4.279 0.08723817443847626 1.4896666564941405 0.25683495 0.24383494 "" "" 19.66740954787906 "" 4.796498742734045 ""
159.73817198412 -58.7863112162 0.0448 0.0422 14.957 "" "" 5350618820829681536 2540.06299 0.3758 0.0499 -7.236 1.769 0.055 0.049 1.011 5017.9 4.4628 16.817019 1.121059 17.279356 16.158297 "" "" 2215.06323 2956.16187 3532.96258 2.2831 1673.7 16.368 2728.0 22.289 "" "" 0.00284325142769392 0.010978468 0.00964249 0.020620957 159.73817198412 -58.7863112162 2540.06299 -7.236 1.7690000000000003 -0.0547618255615232 -1.0203333435058595 0.19083494 0.18483494 "" "" 12.302390451157589 "" 2.274127072409546 ""
159.39344301745 -58.38416910408 0.0395 0.0433 14.4716 "" "" 5350692213231113984 2156.8374 0.4662 0.0489 -7.261 4.386 0.055 0.057 1.039 4843.4 4.3722 16.81785 1.114916 17.291363 16.176447 "" "" 1944.021 2408.80688 3530.26225 2.1228 1655.3 6.8651 2682.7 6.9169 "" "" 0.0028316122725556936 0.005297297 0.0047032246 0.010000521 159.39344301745 -58.38416910408 2156.8374 -7.260999999999998 4.3859999999999975 -0.07976182556152356 1.5966666564941407 0.19083494 0.19283494 "" "" 16.343731700356418 "" 3.1515616310431733 ""
159.35350734008 -58.60173677882 0.0418 0.0409 1.5178 "" "" 5350671910945409664 2120.11157 0.4578 0.0483 -6.237 1.2 0.055 0.055 1.052 5033.5 4.6665 16.8197 1.046883 17.271309 16.224426 "" "" 1897.82715 2357.23657 3524.24748 2.0524 1686.1 16.945 2566.8 18.127 "" "" 0.0028269394561588473 0.011262541 0.00854842 0.01981096 159.35350734008 -58.60173677882 2120.11157 -6.2370000000000045 1.2000000000000017 0.9442381744384765 -1.5893333435058594 0.19083494 0.19083494 "" "" 18.577853170429194 "" 3.5453034854439838 ""
159.32926468892 -58.6303225236 0.0563 0.0518 1.3745 "" "" 5350671391234672768 2496.84277 0.3703 0.0611 -6.988 2.68 0.083 0.071 1.082 "" "" 16.821226 1.826232 17.555286 15.729054 "" "" 2146.08887 3006.52881 3519.29737 15.556 1298.1 49.93 4050.8 86.008 "" "" 0.005533880716725519 0.041854765 0.023360481 0.065215245 159.32926468892 -58.6303225236 2496.84277 -6.988000000000006 2.6800000000000033 0.19323817443847613 -0.10933334350585922 0.21883494 0.20683494 "" "" 2.627664828862668 "" 0.567539420753392 ""
158.95499863355 -58.71692729016 0.0502 0.0413 14.131 "" "" 5350661190706016896 2930.96606 0.3285 0.0528 -5.06 2.333 0.069 0.057 0.998 8934.5 3.4915 16.82173 1.715088 17.624584 15.909496 "" "" 2551.39966 3385.88745 3517.66585 2.4369 1217.8 7.8973 3430.5 8.6745 "" "" 0.002856138430602161 0.007573575 0.004671311 0.012244886 158.95499863355 -58.71692729016 2930.96606 -5.059999999999999 2.3329999999999993 2.121238174438477 -0.4563333435058592 0.20483494 0.19283494 "" "" 30.144102258445702 "" 6.159014356227598 ""
159.27678175457 -58.89838501855 0.0428 0.0383 16.663 "" "" 5350642430288702080 2457.56934 0.3954 0.048 -6.279 5.049 0.052 0.046 0.886 5170.0 4.6795 16.823725 1.066408 17.263113 16.196705 "" "" 2123.9104 2813.5603 3511.20855 2.2039 1698.9 13.776 2633.2 12.774 "" "" 0.002838347794652157 0.009235546 0.0064827106 0.015718257 159.27678175457 -58.89838501855 2457.56934 -6.278999999999995 5.049 0.9022381744384766 2.259666656494141 0.18783495 0.18183495 "" "" 28.343249387966214 "" 5.177508234522306 ""
159.29660921062 -58.58550309283 0.0924 0.1 3.3489 "" "" 5350683348423945472 2848.43457 0.3527 0.1116 -7.263 2.433 0.126 0.133 2.616 "" "" 16.825212 1.872701 17.561625 15.688924 "" "" 2277.05566 3897.86743 3506.40151 8.4292 1290.5 8.7468 4203.3 24.788 "" "" 0.003795280738473082 0.0078701405 0.007435093 0.015305234 159.29660921062 -58.58550309283 2848.43457 -7.2630000000000035 2.433 -0.08176182556152334 -0.35633334350585955 0.26183495 0.26883495 "" "" 4.936086893300819 "" 1.3252859012500795 ""
159.46391237698 -58.79389028337 0.0474 0.0424 10.5234 "" "" 5350664965958292352 2486.88867 0.3966 0.0523 -7.219 2.657 0.057 0.049 0.958 5153.0 4.6054 16.827324 1.194946 17.342915 16.147968 "" "" 2209.91846 2820.72021 3499.59178 2.1499 1578.5 10.212 2754.0 12.795 "" "" 0.002834903362193702 0.007557975 0.006303068 0.013861043 159.46391237698 -58.79389028337 2486.88867 -7.219000000000001 2.6569999999999974 -0.03776182556152374 -0.13233334350585935 0.19283494 0.18483494 "" "" 1.622193047797945 "" 0.3008346020317618 ""
158.91435816295 -58.57854588599 0.0438 0.0408 14.5791 "" "" 5350686479474149888 2892.08936 0.3328 0.051 -3.351 1.492 0.055 0.053 1.032 9725.7 3.971 16.827892 1.954498 17.802969 15.848471 "" "" 2556.87036 3279.43164 3497.7594 2.5107 1033.3 8.3449 3628.9 7.3014 "" "" 0.0028634186744966386 0.009201598 0.0043653 0.013566898 158.91435816295 -58.57854588599 2892.08936 -3.350999999999999 1.4919999999999998 3.8302381744384766 -1.2973333435058594 0.19083494 0.18883495 "" "" 55.43695499288886 "" 10.567950968086615 ""
159.5202667504 -58.56524134134 0.0416 0.043 5.8614 "" "" 5350677030546526464 2195.54175 0.4268 0.0499 -7.609 3.77 0.054 0.051 0.967 5216.6 4.6722 16.828753 1.008368 17.250072 16.241705 "" "" 1984.74084 2423.32202 3494.99037 2.5341 1719.4 8.6992 2526.3 10.105 "" "" 0.0028655752833308765 0.006161207 0.0057570953 0.011918303 159.5202667504 -58.56524134134 2195.54175 -7.608999999999999 3.770000000000003 -0.4277618255615234 0.9806666564941406 0.18983495 0.18683495 "" "" 11.134314091597913 "" 2.0856544255190834 ""
158.94997608476 -58.73135801286 0.0518 0.0446 14.6289 "" "" 5350659713237264896 2010.43579 0.4757 0.0577 -2.952 1.735 0.065 0.056 1.053 5165.6 4.7243 16.829475 1.024351 17.251503 16.227152 "" "" 1812.77319 2317.85718 3492.65924 2.0746 1717.2 7.212 2560.3 7.6613 "" "" 0.002829788804627721 0.0053458493 0.0049838796 0.010329729 158.94997608476 -58.73135801286 2010.43579 -2.9519999999999977 1.7349999999999985 4.229238174438477 -1.0543333435058593 0.20083494 0.19183496 "" "" 41.53587272438773 "" 8.320444167477536 ""
159.2606099238 -58.59221783814 0.1036 0.1096 4.0047 "" "" 5350683284019113728 2473.44165 0.4467 0.1224 -6.306 3.353 0.136 0.143 2.289 "" "" 16.82953 2.783171 18.302124 15.518953 "" "" 1913.77295 3369.27686 3492.48646 4.9784 652.48 12.916 4915.6 19.71 "" "" 0.0031602346393752277 0.021672767 0.0057650954 0.027437862 159.2606099238 -58.59221783814 2473.44165 -6.306000000000001 3.3529999999999993 0.8752381744384765 0.5636666564941408 0.27183497 0.27883494 "" "" 12.205257972171124 "" 3.3430890550312844 ""
159.80054841915 -58.4639614908 0.0383 0.0369 16.5356 "" "" 5350769423885500160 2222.86035 0.4179 0.0444 -4.903 1.23 0.05 0.044 0.978 5232.1 4.5432 16.831808 1.018471 17.251734 16.233263 "" "" 2012.09839 2443.1189 3485.16901 1.8156 1716.8 7.4266 2546.0 8.4547 "" "" 0.002812776086411542 0.0054629864 0.0052233394 0.010686326 159.80054841915 -58.4639614908 2222.86035 -4.903 1.23 2.278238174438477 -1.5593333435058594 0.18583494 0.17983495 "" "" 29.088535015776735 "" 5.350606127237526 ""
159.01318526625 -58.77257425944 0.048 0.0399 14.2644 "" "" 5350656444744780800 2709.9646 0.3305 0.0518 -7.459 3.309 0.061 0.052 0.975 5386.3 4.6885 16.832043 1.028711 17.257837 16.229126 "" "" 2409.65454 3136.7207 3484.41169 2.4865 1707.2 12.432 2555.7 10.046 "" "" 0.0028621822093872853 0.00838432 0.005700714 0.014085034 159.01318526625 -58.77257425944 2709.9646 -7.459 3.309 -0.27776182556152307 0.5196666564941408 0.19683495 0.18783495 "" "" 7.5689386629742295 "" 1.4371271530372562 ""
159.0732996911 -58.83075169605 0.0435 0.0391 15.4552 "" "" 5350655418269790720 2380.83252 0.4069 0.0492 -4.359 3.882 0.057 0.049 0.986 5467.0 4.6227 16.834778 1.261076 17.387503 16.126427 "" "" 2143.27051 2739.5647 3475.64444 2.0209 1515.0 9.6272 2809.2 11.28 "" "" 0.0028267163707119086 0.007442234 0.005769766 0.013212 159.0732996911 -58.83075169605 2380.83252 -4.359 3.8819999999999997 2.8222381744384766 1.0926666564941407 0.19283494 0.18483494 "" "" 34.153089934205234 "" 6.550938736762486 ""
159.52092653537 -58.51142960797 0.0424 0.0422 8.2583 "" "" 5350677614662125568 2630.01562 0.3476 0.0496 -9.245 2.357 0.053 0.052 0.96 9104.0 4.1875 16.834805 1.718714 17.632301 15.913588 "" "" 2294.84717 3044.81616 3475.56131 2.2846 1209.2 12.367 3417.6 14.183 "" "" 0.0028462506206376344 0.01144946 0.005880977 0.017330438 159.52092653537 -58.51142960797 2630.01562 -9.245000000000001 2.3570000000000007 -2.0637618255615227 -0.43233334350585917 0.18883495 0.18783495 "" "" 26.285885956443035 "" 4.962591704391042 ""
159.65206207217 -58.68196224538 0.0431 0.0413 9.3803 "" "" 5350667405499837312 2582.698 0.398 0.0494 -5.827 2.425 0.054 0.048 1.032 9107.9 4.4617 16.83601 1.429439 17.472692 16.043253 "" "" 2225.31226 2973.43994 3471.70454 2.1059 1400.7 8.8947 3032.9 10.408 "" "" 0.0028329381409701263 0.0074378 0.005307184 0.012744984 159.65206207217 -58.68196224538 2582.698 -5.827 2.425 1.3542381744384766 -0.36433334350585955 0.18983495 0.18383494 "" "" 17.16805147345062 "" 3.2522465350058507 ""
159.56310843322 -58.80383417448 0.0494 0.0439 12.2644 "" "" 5350665073357379328 2304.5271 0.4271 0.0542 -10.065 4.711 0.059 0.049 0.955 5244.0 4.6534 16.83718 1.08515 17.29063 16.20548 "" "" 2061.19434 2578.70728 3467.96912 2.1274 1656.4 15.768 2612.0 14.05 "" "" 0.0028346771182889852 0.01070559 0.0069564087 0.017662 159.56310843322 -58.80383417448 2304.5271 -10.065000000000001 4.711 -2.883761825561523 1.921666656494141 0.19483495 0.18483494 "" "" 37.853976161811914 "" 7.260975703955027 ""
159.27158158481 -58.4839469178 0.0419 0.0442 9.0351 "" "" 5350690155966798976 2320.04175 0.4004 0.0497 -7.188 3.998 0.056 0.059 1.013 5051.2 4.6064 16.837637 1.195394 17.351019 16.155624 "" "" 2060.94922 2562.30664 3466.5081 1.9712 1566.8 11.619 2734.7 13.095 "" "" 0.002823643986115113 0.008521297 0.0064275474 0.014948845 159.27158158481 -58.4839469178 2320.04175 -7.188 3.998 -0.00676182556152316 1.2086666564941408 0.19183496 0.19483495 "" "" 13.29191267664684 "" 2.589727871297536 ""
