Clusters/Gulliver_15/Gulliver_15_stars_in_region.tsv
# %ECSV 1.0
# ---
# datatype:
# - name: RA_ICRS_1
#   unit: deg
#   datatype: float64
#   format: '{:15.11f}'
#   description: Right ascension (ICRS) at Ep=2016.0 (ra)
#   meta: !!omap
#   - {ucd: POS_EQ_RA_MAIN}
#   - {width: 15}
#   - {precision: '11'}
# - name: DE_ICRS_1
#   unit: deg
#   datatype: float64
#   format: '{:15.11f}'
#   description: Declination (ICRS) at Ep=2016.0 (dec)
#   meta: !!omap
#   - {ucd: POS_EQ_DEC_MAIN}
#   - {width: 15}
#   - {precision: '11'}
# - name: e_RA_ICRS
#   unit: mas
#   datatype: float64
#   format: '{:7.4f}'
#   description: Standard error of right ascension (ra_error)
#   meta: !!omap
#   - {ucd: ERROR}
#   - {width: 7}
#   - {precision: '4'}
# - name: e_DE_ICRS
#   unit: mas
#   datatype: float64
#   format: '{:7.4f}'
#   description: Standard error of declination (dec_error)
#   meta: !!omap
#   - {ucd: ERROR}
#   - {width: 7}
#   - {precision: '4'}
# - name: _r_1
#   unit: ''
#   datatype: float64
#   format: '{:7.4f}'
#   description: Distance from center (272.60260704000-16.71449436000)[ICRS], at Epoch=J2016.0
#   meta: !!omap
#   - {ucd: POS_ANG_DIST_GENERAL}
#   - {width: 7}
#   - {precision: '4'}
# - name: HIP
#   datatype: int32
#   description: '? HIP cross-id number, van Leeuwen, Cat. I/311 (hip_original_ext_source_id)'
#   meta: !!omap
#   - {ucd: ID_NUMBER}
#   - {width: 6}
#   - values: {'null': -2147483648}
# - name: TYC2
#   datatype: string
#   description: Tycho-2 cross-id name, Hog et al., Cat. I/259 (tyc2_original_ext_source_id)
#   meta: !!omap
#   - {ucd: ID_CROSSID}
#   - {_votable_string_dtype: char}
# - name: Source
#   datatype: int64
#   description: Source identifier, identical to the Gaia-EDR3 source_id (id)
#   meta: !!omap
#   - {ucd: ID_MAIN}
#   - {width: 19}
# - name: rgeo
#   unit: pc
#   datatype: float64
#   format: '{:15.8f}'
#   description: '? Median of the geometric distance posterior (r_med_geo)'
#   meta: !!omap
#   - {ucd: PHYS_DISTANCE_TRUE}
#   - {width: 15}
#   - {precision: '8'}
#   - values: {'null': .nan}
# - name: Plx
#   unit: mas
#   datatype: float64
#   format: '{:9.4f}'
#   description: '? Parallax (parallax)'
#   meta: !!omap
#   - {ucd: POS_PARLX_TRIG}
#   - {width: 9}
#   - {precision: '4'}
#   - values: {'null': .nan}
# - name: e_Plx
#   unit: mas
#   datatype: float32
#   format: '{:7.4f}'
#   description: '? Standard error of parallax (parallax_error)'
#   meta: !!omap
#   - {ucd: ERROR}
#   - {width: 7}
#   - {precision: '4'}
#   - values: {'null': .nan}
# - name: pmRA
#   unit: mas / yr
#   datatype: float64
#   format: '{:9.3f}'
#   description: '? Proper motion in right ascension direction, pmRA*cosDE (pmra)'
#   meta: !!omap
#   - {ucd: POS_EQ_PMRA}
#   - {width: 9}
#   - {precision: '3'}
#   - values: {'null': .nan}
# - name: pmDE
#   unit: mas / yr
#   datatype: float64
#   format: '{:9.3f}'
#   description: '? Proper motion in declination direction (pmdec)'
#   meta: !!omap
#   - {ucd: POS_EQ_PMDEC}
#   - {width: 9}
#   - {precision: '3'}
#   - values: {'null': .nan}
# - name: e_pmRA
#   unit: mas / yr
#   datatype: float32
#   format: '{:6.3f}'
#   description: '? Standard error of proper motion in right ascension direction (pmra_error)'
#   meta: !!omap
#   - {ucd: ERROR}
#   - {width: 6}
#   - {precision: '3'}
#   - values: {'null': .nan}
# - name: e_pmDE
[...]
#         value: !astropy.table.SerializedColumn {name: SkyCoord.dec}
#       distance: !astropy.table.SerializedColumn
#         __class__: astropy.coordinates.distances.Distance
#         unit: !astropy.units.Unit {unit: pc}
#         value: !astropy.table.SerializedColumn {name: SkyCoord.distance}
#       frame: icrs
#       obstime: !astropy.time.Time {format: jyear_str, in_subfmt: '*', jd1: 367701545.0, jd2: 0.0, out_subfmt: '*', precision: 3, scale: tt}
#       pm_dec: !astropy.table.SerializedColumn
#         __class__: astropy.units.quantity.Quantity
#         unit: !astropy.units.Unit {unit: mas / yr}
#         value: !astropy.table.SerializedColumn {name: SkyCoord.pm_dec}
#       pm_ra_cosdec: !astropy.table.SerializedColumn
#         __class__: astropy.units.quantity.Quantity
#         unit: !astropy.units.Unit {unit: mas / yr}
#         value: !astropy.table.SerializedColumn {name: SkyCoord.pm_ra_cosdec}
#       ra: !astropy.table.SerializedColumn
#         __class__: astropy.coordinates.angles.Longitude
#         unit: *id001
#         value: !astropy.table.SerializedColumn {name: SkyCoord.ra}
#         wrap_angle: !astropy.coordinates.Angle
#           unit: *id001
#           value: 360.0
#       representation_type: spherical
# schema: astropy-2.0
RA_ICRS_1 DE_ICRS_1 e_RA_ICRS e_DE_ICRS _r_1 HIP TYC2 Source rgeo Plx e_Plx pmRA pmDE e_pmRA e_pmDE RUWE Teff logg Gmag BP-RP BPmag RPmag RV e_RV b_rgeo B_rgeo FG e_FG FBP e_FBP FRP e_FRP RAVE5 RAVE6 e_Gmag e_BPmag e_RPmag e_BP-RP SkyCoord.ra SkyCoord.dec SkyCoord.distance SkyCoord.pm_ra_cosdec SkyCoord.pm_dec rmRA rmDE e_rmRA e_rmDE rRV e_rRV v_pec v_pec3d e_vpec e_vpec3d
[from data line 1584]
272.87033835421 -16.52567457027 0.0486 0.0419 19.1125 "" "" 4145592387895066624 1736.64392 0.5786 0.058 -0.23 -2.407 0.058 0.043 1.016 8565.4 4.2375 16.400282 1.664616 17.19086 15.526245 "" "" 1543.01758 1917.98315 5186.0166 3.1463 1815.8 8.0297 4882.7 10.022 "" "" 0.0028329632663845706 0.005553124 0.004387491 0.009940615 272.87033835421 -16.52567457027 1736.64392 -0.23000000000000032 -2.4069999999999996 0.8136874628067017 -0.7379999704360962 0.16976577 0.15476578 "" "" 9.04262249241208 "" 1.475453330789658 ""
272.35194431526 -16.97991467673 0.0668 0.0578 21.4664 "" "" 4144070698162136448 1958.33899 0.5079 0.0646 -1.239 0.792 0.086 0.063 1.104 6793.7 4.2561 16.40161 1.995343 17.410854 15.415511 "" "" 1725.31836 2216.02124 5179.67811 3.9376 1482.8 14.781 5407.0 19.339 "" "" 0.0028762890981106405 0.011176815 0.0054188394 0.016595654 272.35194431526 -16.97991467673 1958.33899 -1.2390000000000005 0.792 -0.19531253719329844 2.4610000295639036 0.19776578 0.17476578 "" "" 22.9161282199987 "" 4.008469551447498 ""
272.89693034849 -16.52559054863 0.0601 0.054 20.3668 "" "" 4145592460932615936 1669.86902 0.5912 0.0685 -6.406 -6.319 0.063 0.055 1.076 5198.3 4.4241 16.401655 1.671005 17.181993 15.510988 "" "" 1495.85193 1918.15601 5179.46017 3.2235 1830.7 10.178 4951.8 20.841 "" "" 0.0028369681728013596 0.0066499445 0.005930019 0.012579964 272.89693034849 -16.52559054863 1669.86902 -6.406 -6.319000000000001 -5.362312537193298 -4.649999970436096 0.17476578 0.16676578 "" "" 56.17931627329547 "" 9.627888421822034 ""
272.73744794305 -16.40631330023 0.0555 0.0489 20.0512 "" "" 4145597885453447808 2217.5769 0.4324 0.06 0.12 0.684 0.075 0.056 0.961 "" "" 16.402536 2.220622 17.528547 15.307925 "" "" 1965.16504 2462.58496 5175.26461 3.6161 1330.4 10.733 5970.2 53.676 "" "" 0.0028578513975912475 0.009192834 0.010467577 0.01966041 272.73744794305 -16.40631330023 2217.5769 0.1200000000000001 0.684 1.1636874628067018 2.353000029563904 0.18676579 0.16776578 "" "" 27.592506205983014 "" 4.736688243549061 ""
272.94901867284 -16.57118337832 0.0534 0.0484 21.6911 "" "" 4145580155828099200 1689.68176 0.5829 0.067 -3.724 -5.434 0.061 0.051 1.008 7908.9 4.1643 16.402845 1.93339 17.355673 15.422283 "" "" 1474.56287 1934.95312 5173.78888 3.4028 1560.1 9.3949 5373.3 10.052 "" "" 0.002846350608333373 0.0071087456 0.004290592 0.011399338 272.94901867284 -16.57118337832 1689.68176 -3.724000000000004 -5.434000000000004 -2.6803125371932985 -3.7649999704360964 0.17276578 0.16276577 "" "" 37.014915830734786 "" 6.151745108220683 ""
272.78781953198 -16.72791419792 0.0534 0.0472 10.6733 "" "" 4145571295333617280 1806.33167 0.5084 0.0617 0.875 -1.425 0.061 0.047 1.019 "" "" 16.402868 2.23705 17.574106 15.337056 "" "" 1661.33398 2017.83765 5173.67676 3.245 1275.8 9.098 5812.1 14.445 "" "" 0.0028382273594399665 0.008230013 0.0046438314 0.012873844 272.78781953198 -16.72791419792 1806.33167 0.8749999999999997 -1.4249999999999992 1.9186874628067017 0.24400002956390376 0.17276578 0.15876578 "" "" 16.560130234855997 "" 2.8574813250829365 ""
272.55412690022 -16.4112832322 0.0692 0.0621 18.4051 "" "" 4145644069262708224 2220.29541 0.4274 0.0792 -3.252 -5.683 0.084 0.064 1.088 "" "" 16.403063 3.939691 18.909586 14.969894 "" "" 1898.31689 2630.08911 5172.74746 5.3341 372.89 10.339 8150.8 25.152 "" "" 0.0029741050404393163 0.030232877 0.005050634 0.03528351 272.55412690022 -16.4112832322 2220.29541 -3.252 -5.6830000000000025 -2.208312537193298 -4.013999970436096 0.19576578 0.17576578 "" "" 48.21512771573877 "" 8.708148249300063 ""
272.66820477114 -16.86500390009 0.0523 0.0477 9.7852 "" "" 4144066957268752000 1735.93652 0.5562 0.0621 2.402 -6.817 0.062 0.047 0.984 4814.6 4.1448 16.403318 2.085863 17.469883 15.38402 "" "" 1567.95911 1929.44421 5171.53659 3.2165 1404.3 10.103 5566.1 12.075 "" "" 0.0028368647634838345 0.008294519 0.0044532605 0.0127477795 272.66820477114 -16.86500390009 1735.93652 2.402000000000001 -6.817 3.445687462806702 -5.147999970436096 0.17376578 0.15876578 "" "" 50.972329814046695 "" 8.336711853036427 ""
272.94507616199 -16.62555765323 0.0511 0.0443 20.395 "" "" 4145577720604632832 1555.0531 0.6325 0.0618 0.157 3.467 0.06 0.048 0.933 "" "" 16.403702 1.639922 17.174133 15.534211 "" "" 1415.21826 1709.74316 5169.7103 3.2701 1844.0 15.064 4847.0 12.134 "" "" 0.0028396231105056956 0.009298104 0.00465526 0.0139533635 272.94507616199 -16.62555765323 1555.0531 0.15700000000000003 3.467 1.2006874628067017 5.136000029563904 0.17176577 0.15976578 "" "" 38.877942473238846 "" 6.236398309332348 ""
272.34230088395 -16.45685747987 0.0518 0.0473 21.5177 "" "" 4145640216653159936 2200.85278 0.4446 0.06 -0.865 -1.718 0.057 0.046 1.054 9545.6 4.1648 16.40431 1.715834 17.224176 15.508343 "" "" 1956.9209 2494.46533 5166.80849 3.752 1760.9 12.047 4963.9 14.053 "" "" 0.0028659057899668274 0.007934694 0.004871524 0.012806218 272.34230088395 -16.45685747987 2200.85278 -0.8649999999999993 -1.718 0.17868746280670167 -0.04899997043609616 0.16876578 0.15776578 "" "" 1.9328917924088824 "" 0.3247642562304135 ""
272.64852721685 -17.0036724934 0.0487 0.0424 17.5499 "" "" 4144061180514547328 2028.86682 0.4628 0.0533 -1.261 -3.411 0.063 0.048 1.015 9282.2 3.9278 16.404781 2.478396 17.749523 15.271127 "" "" 1829.11121 2298.83203 5164.56919 3.4349 1085.4 6.5397 6176.0 12.37 "" "" 0.002848374013337076 0.007111907 0.004360364 0.011472271 272.64852721685 -17.0036724934 2028.86682 -1.2609999999999986 -3.410999999999999 -0.21731253719329824 -1.7419999704360962 0.17476578 0.15976578 "" "" 16.882365799121843 "" 2.701283983429278 ""
272.8735732639 -16.96703959602 0.0536 0.0476 21.7196 "" "" 4097524836215692672 2111.521 0.4475 0.0581 0.109 -3.954 0.071 0.054 1.038 "" "" 16.405432 1.52134 17.100426 15.579085 "" "" 1893.47644 2417.24756 5161.47842 3.5268 1973.5 10.777 4650.8 20.577 "" "" 0.0028534485508418367 0.006552761 0.006112247 0.012665007 272.8735732639 -16.96703959602 2111.521 0.10899999999999999 -3.9539999999999997 1.1526874628067016 -2.2849999704360964 0.18276578 0.16576578 "" "" 25.614832529028426 "" 4.337932329150702 ""
272.73367280131 -16.42255165043 0.0553 0.0491 19.0694 "" "" 4145596412302930048 1641.48376 0.59 0.0601 -0.59 -3.574 0.073 0.056 1.022 6023.9 4.3607 16.405548 1.665922 17.194027 15.528105 "" "" 1481.40491 1839.07861 5160.92317 3.8391 1810.5 11.231 4874.3 20.906 "" "" 0.0028712536146126987 0.0072901747 0.005997421 0.013287596 272.73367280131 -16.42255165043 1641.48376 -0.5899999999999999 -3.5740000000000003 0.4536874628067017 -1.904999970436096 0.18476579 0.16776578 "" "" 15.236651365832927 "" 2.570754440945333 ""
272.85127897923 -16.91921803266 0.0527 0.0465 18.8378 "" "" 4145563633111590528 1656.6554 0.5677 0.0566 -2.662 -4.967 0.068 0.053 0.966 4933.3 4.2903 16.405964 1.664686 17.156885 15.492199 "" "" 1498.97021 1823.01282 5158.94586 3.9926 1873.5 9.6141 5038.2 35.674 "" "" 0.0028805978345977793 0.006231186 0.008566541 0.014797727 272.85127897923 -16.91921803266 1656.6554 -2.662 -4.966999999999999 -1.6183125371932983 -3.297999970436096 0.17976579 0.16476578 "" "" 28.847545156323402 "" 4.840085140698588 ""
272.77976310386 -16.48959427384 0.0625 0.0545 16.907 "" "" 4145595003553484800 1515.68433 0.6476 0.069 -0.032 -4.117 0.078 0.056 1.048 "" "" 16.406254 1.640115 17.174744 15.534629 "" "" 1384.92505 1706.1416 5157.56937 3.5716 1843.0 8.3644 4845.1 15.825 "" "" 0.0028560630289010767 0.0056626936 0.0051826034 0.010845297 272.77976310386 -16.48959427384 1515.68433 -0.032 -4.117 1.0116874628067016 -2.447999970436096 0.18976578 0.16776578 "" "" 19.029989926996777 "" 3.2570087212634347 ""
272.47400034791 -16.90943821074 0.0501 0.0442 13.8338 "" "" 4144077157794869504 1604.0481 0.6103 0.0563 1.432 -1.824 0.059 0.045 0.927 "" "" 16.407492 1.644649 17.18181 15.537162 "" "" 1487.08105 1758.50317 5151.692 3.448 1831.0 10.235 4833.9 14.262 "" "" 0.002849534958006085 0.0066797407 0.004954322 0.011634063 272.47400034791 -16.90943821074 1604.0481 1.4320000000000006 -1.823999999999999 2.4756874628067016 -0.15499997043609626 0.17076579 0.15676579 "" "" 18.859973192164187 "" 3.219649321390868 ""
272.584660187 -16.99452508648 0.0511 0.0447 16.8334 "" "" 4144063894947300096 1900.52625 0.4953 0.0558 -3.146 -6.776 0.065 0.051 0.962 "" "" 16.408127 2.105511 17.478203 15.372692 "" "" 1722.76758 2105.00342 5148.67941 3.7108 1393.6 13.965 5624.5 19.034 "" "" 0.0028642849915754597 0.011232029 0.0052710483 0.016503077 272.584660187 -16.99452508648 1900.52625 -3.146 -6.776 -2.1023125371932982 -5.106999970436096 0.17676577 0.16276577 "" "" 49.751988115057884 "" 8.202514981445592 ""
272.91573828747 -16.91739667117 0.0539 0.0473 21.7175 "" "" 4097525454691000320 1976.74731 0.5066 0.0587 -1.467 -1.74 0.07 0.052 1.069 8438.1 4.0253 16.409704 1.493959 17.086845 15.592886 "" "" 1766.77295 2216.08545 5141.20713 4.032 1998.4 9.5747 4592.0 15.604 "" "" 0.002883890648090293 0.0059030033 0.0052816253 0.011184629 272.91573828747 -16.91739667117 1976.74731 -1.467 -1.7399999999999998 -0.4233125371932984 -0.07099997043609618 0.18176578 0.16376579 "" "" 4.021749144502683 "" 0.7291312513449223 ""
272.98380689345 -16.64521191029 0.0518 0.0454 22.3005 "" "" 4145577372707556480 1511.31689 0.638 0.056 1.498 -2.194 0.069 0.052 1.016 5348.4 4.5926 16.411768 1.288789 16.984442 15.695653 "" "" 1388.66528 1622.18774 5131.43923 3.8328 2196.0 11.439 4177.3 11.867 "" "" 0.0028721857586507154 0.00630643 0.0048782374 0.011184667 272.98380689345 -16.64521191029 1511.31689 1.4979999999999998 -2.1940000000000017 2.541687462806702 -0.5249999704360961 0.18076578 0.16376579 "" "" 18.592101149858063 "" 3.348467875231509 ""
272.51051338851 -16.46085130756 0.0586 0.0519 16.1136 "" "" 4145637643991066368 1680.75195 0.5732 0.0614 -6.543 6.475 0.072 0.059 1.091 7732.8 4.0566 16.41285 1.923255 17.34839 15.425136 "" "" 1535.03577 1802.00623 5126.33117 5.0837 1570.6 12.703 5359.2 10.012 "" "" 0.0029582237090767156 0.009214037 0.0042892857 0.013503322 272.51051338851 -16.46085130756 1680.75195 -6.543 6.475000000000001 -5.4993125371932985 8.144000029563903 0.18376577 0.17076579 "" "" 78.28827581652689 "" 13.695828077248702 ""
272.95913631853 -16.90105327589 0.0558 0.0488 23.3375 "" "" 4097526932159718912 1990.06226 0.493 0.0632 3.041 -2.247 0.073 0.053 1.027 8483.2 4.2805 16.41406 1.59881 17.157335 15.558525 "" "" 1750.88977 2256.39844 5120.61874 3.5891 1872.8 14.815 4739.7 11.018 "" "" 0.002858481719264246 0.009030682 0.004544658 0.01357534 272.95913631853 -16.90105327589 1990.06226 3.0410000000000053 -2.247 4.084687462806702 -0.5779999704360961 0.18476579 0.16476578 "" "" 38.914271682885996 "" 7.175560309504085 ""
272.70421621594 -16.88426789492 0.0471 0.0416 11.7399 "" "" 4144066613671352704 1983.49353 0.4823 0.0538 -0.012 -4.044 0.057 0.044 0.973 8216.8 4.2798 16.414488 1.794732 17.289396 15.494664 "" "" 1798.90479 2181.43115 5118.60861 3.6013 1658.3 9.3616 5026.8 12.503 "" "" 0.002859251584761791 0.006734496 0.0046450533 0.011379549 272.70421621594 -16.88426789492 1983.49353 -0.011999999999999914 -4.044 1.0316874628067016 -2.374999970436096 0.16876578 0.15576577 "" "" 24.34493652944518 "" 3.8440880564084186 ""
272.79495208693 -16.95543410248 0.0544 0.0482 18.1935 "" "" 4144062245668296960 2084.28882 0.4376 0.0548 -0.07 -5.226 0.068 0.055 0.912 5076.9 3.0332 16.414598 2.980607 18.155746 15.175139 "" "" 1893.47876 2382.40137 5118.08283 3.9307 746.65 8.4868 6746.9 15.858 "" "" 0.0028787309473269334 0.012652507 0.0045602703 0.017212778 272.79495208693 -16.95543410248 2084.28882 -0.07000000000000003 -5.226 0.9736874628067016 -3.556999970436096 0.17976579 0.16676578 "" "" 36.43432611883129 "" 6.110206943573164 ""
272.35869449625 -16.91595274717 0.0584 0.052 18.503 "" "" 4144072283028065280 2140.18213 0.4535 0.0545 -2.572 -2.655 0.072 0.057 1.014 "" "" 16.416351 1.905852 17.357504 15.451652 "" "" 1915.31873 2381.96118 5109.82628 2.7617 1557.5 8.2683 5229.9 12.418 "" "" 0.002817113923126104 0.0064036692 0.00457491 0.0109785795 272.35869449625 -16.91595274717 2140.18213 -2.572 -2.655000000000003 -1.5283125371932984 -0.985999970436096 0.18376577 0.16876578 "" "" 18.45047574046688 "" 3.311628286590072 ""
272.5012185198 -17.05475735595 0.0542 0.0492 21.2294 "" "" 4144057748858643968 1556.32275 0.6229 0.0627 1.914 1.739 0.063 0.051 0.998 "" "" 16.417253 1.593791 17.164362 15.570571 "" "" 1402.43481 1717.21936 5105.58549 3.4208 1860.7 11.962 4687.4 15.917 "" "" 0.00284973348278419 0.007516956 0.005279817 0.012796773 272.5012185198 -17.05475735595 1556.32275 1.914 1.739 2.9576874628067014 3.4080000295639037 0.17476578 0.16276577 "" "" 33.28835002656587 "" 5.593313327690057 ""
272.49844136784 -17.09302207815 0.0605 0.0557 23.4857 "" "" 4144054312884794368 1962.88013 0.5153 0.0661 -2.337 -4.836 0.083 0.059 1.007 8273.1 4.2541 16.41761 1.704144 17.215395 15.511251 "" "" 1698.72827 2261.63354 5103.91062 4.0381 1775.2 12.9 4950.6 26.872 "" "" 0.0028861198415332284 0.008368644 0.0070011406 0.015369784 272.49844136784 -17.09302207815 1962.88013 -2.337000000000003 -4.836 -1.2933125371932985 -3.1669999704360965 0.19476578 0.17076579 "" "" 31.82821633665882 "" 5.550794673098521 ""
272.74882368227 -16.94846384123 0.0533 0.0472 16.3579 "" "" 4144062456142976000 1924.50378 0.5274 0.0565 -1.391 -2.686 0.069 0.052 1.034 8301.0 4.3015 16.418245 1.542096 17.131996 15.5899 "" "" 1704.56274 2148.05347 5100.91867 3.1595 1917.0 11.904 4604.7 9.3038 "" "" 0.0028362033980544755 0.0072966395 0.004369918 0.011666557 272.74882368227 -16.94846384123 1924.50378 -1.391 -2.686000000000003 -0.34731253719329835 -1.0169999704360961 0.18076578 0.16376579 "" "" 9.803295856290624 "" 1.6236511997734462 ""
272.82449016159 -16.75593982411 0.0527 0.0449 12.9894 "" "" 4145570264541378944 2118.44482 0.4489 0.0565 -1.141 -1.016 0.063 0.047 0.97 "" "" 16.41917 1.530965 17.099516 15.568551 "" "" 1890.81311 2307.80737 5096.57425 3.651 1975.2 17.599 4696.1 59.538 "" "" 0.002862993872742886 0.010068229 0.014274567 0.024342798 272.82449016159 -16.75593982411 2118.44482 -1.141 -1.016 -0.09731253719329835 0.6530000295639038 0.17476578 0.15876578 "" "" 6.629463067533047 "" 1.0549496692045437 ""
272.79109979202 -16.93757485647 0.0513 0.0459 17.2146 "" "" 4145563736190863104 1737.11658 0.559 0.0522 1.863 2.003 0.067 0.054 0.946 "" "" 16.419199 1.435782 17.045773 15.60999 "" "" 1593.78296 1924.54468 5096.4436 3.3561 2075.4 11.108 4520.2 11.908 "" "" 0.0028465736036141346 0.0064462344 0.004739706 0.01118594 272.79109979202 -16.93757485647 1737.11658 1.863 2.003 2.9066874628067016 3.672000029563904 0.17876577 0.16576578 "" "" 38.56120055825399 "" 6.589754201184702 ""
272.60682906798 -17.09781266981 0.0521 0.0465 23.0004 "" "" 4144053728769650048 2244.12402 0.432 0.0533 -0.287 -2.946 0.072 0.056 0.993 "" "" 16.420605 1.563419 17.104065 15.540646 "" "" 1988.31653 2520.04077 5089.85106 3.2831 1966.9 11.419 4818.4 46.463 "" "" 0.0028429303257153527 0.0068932595 0.011130839 0.018024098 272.60682906798 -17.09781266981 2244.12402 -0.2870000000000003 -2.9460000000000006 0.7566874628067017 -1.2769999704360964 0.18376577 0.16776578 "" "" 15.789285956713819 "" 2.716812850826171 ""
272.47295635118 -16.87008557848 0.0555 0.0475 11.9421 "" "" 4144077849306158592 1650.15491 0.5865 0.0591 -0.555 -2.969 0.071 0.05 1.076 6040.8 4.4529 16.421991 1.439637 17.068747 15.629109 "" "" 1479.10876 1866.75 5083.35254 3.3997 2032.0 8.5664 4441.3 11.48 "" "" 0.0028493955241002855 0.0053605707 0.0047074244 0.010067996 272.47295635118 -16.87008557848 1650.15491 -0.5549999999999999 -2.969000000000001 0.4886874628067016 -1.299999970436096 0.18276578 0.16176578 "" "" 10.862965131354395 "" 1.7870811598616951 ""
