Clusters/Gulliver_15/Gulliver_15_stars_in_region.tsv
# %ECSV 1.0
# ---
# datatype:
# - name: RA_ICRS_1
#   unit: deg
#   datatype: float64
#   format: '{:15.11f}'
#   description: Right ascension (ICRS) at Ep=2016.0 (ra)
#   meta: !!omap
#   - {ucd: POS_EQ_RA_MAIN}
#   - {width: 15}
#   - {precision: '11'}
# - name: DE_ICRS_1
#   unit: deg
#   datatype: float64
#   format: '{:15.11f}'
#   description: Declination (ICRS) at Ep=2016.0 (dec)
#   meta: !!omap
#   - {ucd: POS_EQ_DEC_MAIN}
#   - {width: 15}
#   - {precision: '11'}
# - name: e_RA_ICRS
#   unit: mas
#   datatype: float64
#   format: '{:7.4f}'
#   description: Standard error of right ascension (ra_error)
#   meta: !!omap
#   - {ucd: ERROR}
#   - {width: 7}
#   - {precision: '4'}
# - name: e_DE_ICRS
#   unit: mas
#   datatype: float64
#   format: '{:7.4f}'
#   description: Standard error of declination (dec_error)
#   meta: !!omap
#   - {ucd: ERROR}
#   - {width: 7}
#   - {precision: '4'}
# - name: _r_1
#   unit: ''
#   datatype: float64
#   format: '{:7.4f}'
#   description: Distance from center (272.60260704000-16.71449436000)[ICRS], at Epoch=J2016.0
#   meta: !!omap
#   - {ucd: POS_ANG_DIST_GENERAL}
#   - {width: 7}
#   - {precision: '4'}
# - name: HIP
#   datatype: int32
#   description: '? HIP cross-id number, van Leeuwen, Cat. I/311 (hip_original_ext_source_id)'
#   meta: !!omap
#   - {ucd: ID_NUMBER}
#   - {width: 6}
#   - values: {'null': -2147483648}
# - name: TYC2
#   datatype: string
#   description: Tycho-2 cross-id name, Hog et al., Cat. I/259 (tyc2_original_ext_source_id)
#   meta: !!omap
#   - {ucd: ID_CROSSID}
#   - {_votable_string_dtype: char}
# - name: Source
#   datatype: int64
#   description: Source identifier, identical to the Gaia-EDR3 source_id (id)
#   meta: !!omap
#   - {ucd: ID_MAIN}
#   - {width: 19}
# - name: rgeo
#   unit: pc
#   datatype: float64
#   format: '{:15.8f}'
#   description: '? Median of the geometric distance posterior (r_med_geo)'
#   meta: !!omap
#   - {ucd: PHYS_DISTANCE_TRUE}
#   - {width: 15}
#   - {precision: '8'}
#   - values: {'null': .nan}
# - name: Plx
#   unit: mas
#   datatype: float64
#   format: '{:9.4f}'
#   description: '? Parallax (parallax)'
#   meta: !!omap
#   - {ucd: POS_PARLX_TRIG}
#   - {width: 9}
#   - {precision: '4'}
#   - values: {'null': .nan}
# - name: e_Plx
#   unit: mas
#   datatype: float32
#   format: '{:7.4f}'
#   description: '? Standard error of parallax (parallax_error)'
#   meta: !!omap
#   - {ucd: ERROR}
#   - {width: 7}
#   - {precision: '4'}
#   - values: {'null': .nan}
# - name: pmRA
#   unit: mas / yr
#   datatype: float64
#   format: '{:9.3f}'
#   description: '? Proper motion in right ascension direction, pmRA*cosDE (pmra)'
#   meta: !!omap
#   - {ucd: POS_EQ_PMRA}
#   - {width: 9}
#   - {precision: '3'}
#   - values: {'null': .nan}
# - name: pmDE
#   unit: mas / yr
#   datatype: float64
#   format: '{:9.3f}'
#   description: '? Proper motion in declination direction (pmdec)'
#   meta: !!omap
#   - {ucd: POS_EQ_PMDEC}
#   - {width: 9}
#   - {precision: '3'}
#   - values: {'null': .nan}
# - name: e_pmRA
#   unit: mas / yr
#   datatype: float32
#   format: '{:6.3f}'
#   description: '? Standard error of proper motion in right ascension direction (pmra_error)'
#   meta: !!omap
#   - {ucd: ERROR}
#   - {width: 6}
#   - {precision: '3'}
#   - values: {'null': .nan}
# - name: e_pmDE
[...]
#         value: !astropy.table.SerializedColumn {name: SkyCoord.dec}
#       distance: !astropy.table.SerializedColumn
#         __class__: astropy.coordinates.distances.Distance
#         unit: !astropy.units.Unit {unit: pc}
#         value: !astropy.table.SerializedColumn {name: SkyCoord.distance}
#       frame: icrs
#       obstime: !astropy.time.Time {format: jyear_str, in_subfmt: '*', jd1: 367701545.0, jd2: 0.0, out_subfmt: '*', precision: 3, scale: tt}
#       pm_dec: !astropy.table.SerializedColumn
#         __class__: astropy.units.quantity.Quantity
#         unit: !astropy.units.Unit {unit: mas / yr}
#         value: !astropy.table.SerializedColumn {name: SkyCoord.pm_dec}
#       pm_ra_cosdec: !astropy.table.SerializedColumn
#         __class__: astropy.units.quantity.Quantity
#         unit: !astropy.units.Unit {unit: mas / yr}
#         value: !astropy.table.SerializedColumn {name: SkyCoord.pm_ra_cosdec}
#       ra: !astropy.table.SerializedColumn
#         __class__: astropy.coordinates.angles.Longitude
#         unit: *id001
#         value: !astropy.table.SerializedColumn {name: SkyCoord.ra}
#         wrap_angle: !astropy.coordinates.Angle
#           unit: *id001
#           value: 360.0
#       representation_type: spherical
# schema: astropy-2.0
RA_ICRS_1 DE_ICRS_1 e_RA_ICRS e_DE_ICRS _r_1 HIP TYC2 Source rgeo Plx e_Plx pmRA pmDE e_pmRA e_pmDE RUWE Teff logg Gmag BP-RP BPmag RPmag RV e_RV b_rgeo B_rgeo FG e_FG FBP e_FBP FRP e_FRP RAVE5 RAVE6 e_Gmag e_BPmag e_RPmag e_BP-RP SkyCoord.ra SkyCoord.dec SkyCoord.distance SkyCoord.pm_ra_cosdec SkyCoord.pm_dec rmRA rmDE e_rmRA e_rmDE rRV e_rRV v_pec v_pec3d e_vpec e_vpec3d
[from data line 1329]
272.44823103959 -16.63154921599 0.0425 0.0377 10.1735 "" "" 4145633898779435136 1577.74255 0.6124 0.0471 3.967 -9.625 0.055 0.041 1.004 5128.0 4.3072 16.134377 1.478858 16.796844 15.317986 "" "" 1446.12402 1707.94067 6625.15655 3.6053 2610.2 14.005 5915.1 28.872 "" "" 0.002817956840786193 0.0064592236 0.006509145 0.012968369 272.44823103959 -16.63154921599 1577.74255 3.967 -9.625 5.010687462806702 -7.955999970436096 0.16676578 0.15276578 "" "" 70.31576536979405 "" 11.030354261603529 ""
272.59648100897 -16.65524912282 0.0744 0.0668 3.5721 "" "" 4145586100062607744 2010.56372 0.5006 0.0818 -1.975 -4.328 0.093 0.07 1.599 "" "" 16.136261 1.871541 17.013504 15.141963 "" "" 1742.84949 2386.95215 6613.66796 5.5193 2138.0 12.321 6956.2 64.788 "" "" 0.0029004772035715297 0.006850872 0.010795409 0.017646281 272.59648100897 -16.65524912282 2010.56372 -1.974999999999998 -4.327999999999997 -0.9313125371932984 -2.6589999704360965 0.20476578 0.18176578 "" "" 26.84982389206002 "" 4.951607843222159 ""
272.76635526801 -16.84607476547 0.0434 0.039 12.2805 "" "" 4145565076220829312 1933.67261 0.5015 0.052 0.228 0.028 0.058 0.042 1.048 9047.4 4.1637 16.136536 1.675511 16.925467 15.249955 "" "" 1771.31641 2130.01514 6611.99229 4.1924 2318.6 12.078 6297.6 16.73 "" "" 0.002840020091313508 0.0063065873 0.004754271 0.011060858 272.76635526801 -16.84607476547 1933.67261 0.22800000000000034 0.02800000000000001 1.2716874628067016 1.6970000295639038 0.16976577 0.15376578 "" "" 19.43670483216199 "" 3.10412540306174 ""
272.50312070565 -16.80484254662 0.0736 0.066 7.8775 "" "" 4144080323207339136 2124.89551 0.4912 0.0766 1.709 -0.189 0.091 0.072 1.372 "" "" 16.137142 1.777561 16.980925 15.203363 "" "" 1815.91028 2684.39868 6608.30667 6.5387 2203.2 12.17 6573.7 14.174 "" "" 0.002957348423196538 0.0066146445 0.0044456883 0.011060333 272.50312070565 -16.80484254662 2124.89551 1.709 -0.189 2.7526874628067017 1.4800000295639038 0.20276578 0.18376577 "" "" 31.478339706308727 "" 6.253586235838787 ""
272.73000604946 -17.06259425751 0.0469 0.0419 22.1297 "" "" 4096021528936254080 1853.48218 0.5013 0.0534 -3.955 -6.842 0.063 0.046 1.034 4958.7 4.2254 16.138147 1.632949 16.907116 15.274167 "" "" 1685.40186 2019.91748 6602.18837 4.3479 2358.1 10.819 6158.7 12.068 "" "" 0.0028465835095866534 0.0057095657 0.00433705 0.010046616 272.73000604946 -17.06259425751 1853.48218 -3.955000000000005 -6.842 -2.9113125371932984 -5.172999970436096 0.17476578 0.15776578 "" "" 52.150445139694675 "" 8.449313073795835 ""
272.90088206892 -16.63835921599 0.1098 0.1062 17.742 "" "" 4145578304697297536 1636.98474 0.669 0.0971 1.647 -1.614 0.119 0.104 0.939 "" "" 16.13951 "" "" "" "" "" 1415.39734 1890.11255 6593.91319 5.8081 "" "" "" "" "" "" 0.0029165712208004692 "" "" "" 272.90088206892 -16.63835921599 1636.98474 1.6470000000000016 -1.6140000000000005 2.690687462806702 0.05500002956390371 0.23076579 0.21576577 "" "" 20.882233103508927 "" 4.818778440254548 ""
272.47761386166 -17.03986717168 0.0526 0.0491 20.7997 "" "" 4144058023736564992 1985.07788 0.4952 0.0646 -1.871 0.103 0.056 0.042 0.997 7655.1 4.2024 16.140717 1.794735 17.010983 15.216248 "" "" 1776.69519 2266.94702 6586.58485 3.8893 2143.0 9.0699 6496.2 12.102 "" "" 0.002828925044813217 0.0053759585 0.0042865914 0.00966255 272.47761386166 -17.03986717168 1985.07788 -1.8709999999999987 0.10299999999999995 -0.8273125371932983 1.7720000295639038 0.16776578 0.15376578 "" "" 18.40090815754795 "" 2.87722924841313 ""
272.57724284597 -16.5539184987 0.043 0.0373 9.7443 "" "" 4145589231117625216 1896.4762 0.5007 0.0472 3.795 2.275 0.057 0.041 1.009 6092.2 4.3009 16.142223 1.423078 16.764923 15.341845 "" "" 1746.54724 2058.09619 6577.45003 3.7929 2688.1 10.266 5786.6 18.998 "" "" 0.002825558453434481 0.0049978383 0.005195188 0.010193026 272.57724284597 -16.5539184987 1896.4762 3.795 2.274999999999999 4.838687462806702 3.9440000295639037 0.16876578 0.15276578 "" "" 56.115130656367256 "" 9.12251893081606 ""
272.68009027891 -16.94192158726 0.0427 0.0392 14.3529 "" "" 4144063040258550144 1999.25024 0.4832 0.0542 0.297 -0.731 0.058 0.041 1.033 8778.1 4.2273 16.144516 1.494801 16.825283 15.330483 "" "" 1809.32825 2237.1748 6563.56985 3.8996 2542.7 10.742 5847.4 16.951 "" "" 0.002829823272374415 0.005368819 0.004918341 0.01028716 272.68009027891 -16.94192158726 1999.25024 0.2970000000000001 -0.7310000000000006 1.3406874628067016 0.9380000295639038 0.16976577 0.15276578 "" "" 15.505756417982358 "" 2.548729099347042 ""
272.67091317256 -16.67887053559 0.0517 0.0465 4.4698 "" "" 4145582874565697664 2088.4834 0.4666 0.0643 2.038 -1.361 0.062 0.046 1.082 7985.7 4.1147 16.146708 1.925146 17.080536 15.15539 "" "" 1889.14575 2324.48901 6550.33565 4.6866 2010.0 14.682 6870.7 25.746 "" "" 0.0028627318904085822 0.008407236 0.0055530462 0.013960282 272.67091317256 -16.67887053559 2088.4834 2.0380000000000025 -1.361 3.0816874628067015 0.3080000295639038 0.17376578 0.15776578 "" "" 30.6588806134045 "" 5.322834020010393 ""
272.41438770506 -16.46579299766 0.0618 0.0555 18.4338 "" "" 4145639293258597248 2172.14355 0.437 0.0648 -5.032 0.06 0.077 0.061 0.838 5163.9 2.4812 16.14708 4.287176 18.970978 14.683802 "" "" 1861.19299 2637.21167 6548.09759 5.7718 352.39 6.1761 10608.0 20.521 "" "" 0.0029167917776042594 0.019232428 0.004323789 0.023556218 272.41438770506 -16.46579299766 2172.14355 -5.032000000000005 0.059999999999999866 -3.9883125371932984 1.7290000295639039 0.18876578 0.17276578 "" "" 44.756147980172905 "" 8.339234905954209 ""
272.69888030148 -16.61854188897 0.0452 0.0395 7.9854 "" "" 4145585176668223360 2171.82446 0.4304 0.0536 0.46 -1.114 0.055 0.04 0.996 8304.8 4.3547 16.149544 1.411767 16.780283 15.368516 "" "" 1958.32812 2412.56641 6533.255 3.5226 2650.4 9.2335 5646.1 12.513 "" "" 0.0028168228397243847 0.0047002523 0.004480365 0.0091806175 272.69888030148 -16.61854188897 2171.82446 0.4600000000000002 -1.1140000000000003 1.5036874628067016 0.5550000295639037 0.16676578 0.15176578 "" "" 16.500368842483528 "" 2.7232090479796285 ""
272.58129337075 -16.76099214587 0.0488 0.0421 3.0468 "" "" 4144080941682330880 2178.99316 0.4165 0.054 -1.297 1.17 0.062 0.046 1.011 4981.8 2.9517 16.149601 3.089643 17.974636 14.884994 "" "" 1962.11475 2457.81104 6532.9093 4.1367 882.19 8.4982 8813.8 13.637 "" "" 0.0028397963853532084 0.010824751 0.0041359095 0.014960661 272.58129337075 -16.76099214587 2178.99316 -1.2970000000000013 1.17 -0.25331253719329827 2.8390000295639037 0.17376578 0.15776578 "" "" 29.43889666319192 "" 4.648357701128254 ""
272.62254918541 -16.9090995588 0.0496 0.0508 11.7324 "" "" 4144066304433722112 1729.07825 0.5811 0.0681 1.326 -3.21 0.055 0.043 0.949 7140.0 4.3341 16.150114 1.320735 16.729944 15.409209 "" "" 1570.79346 1936.93262 6529.82135 4.2586 2776.1 20.621 5438.4 13.788 "" "" 0.002844852217489663 0.008533912 0.004675567 0.013209479 272.62254918541 -16.9090995588 1729.07825 1.326 -3.21 2.3696874628067017 -1.5409999704360962 0.16676578 0.15476578 "" "" 23.166961956952385 "" 3.7829672771102083 ""
272.45670714918 -17.0035801082 0.0572 0.051 19.2624 "" "" 4144058882730045184 1581.08911 0.6253 0.0604 -0.874 -2.844 0.057 0.046 0.969 8246.5 4.3396 16.153831 1.543981 16.863985 15.320004 "" "" 1449.06213 1759.33191 6507.49801 3.7866 2453.7 10.17 5904.1 16.816 "" "" 0.0028268222432158586 0.005294913 0.004883294 0.0101782065 272.45670714918 -17.0035801082 1581.08911 -0.8739999999999999 -2.844 0.16968746280670166 -1.174999970436096 0.16876578 0.15776578 "" "" 8.897227875925621 "" 1.4057456748881723 ""
272.56769436574 -16.83187534104 0.0444 0.0414 7.3229 "" "" 4144079361134345472 2021.28491 0.4729 0.0549 4.489 0.281 0.052 0.041 1.032 8657.8 4.1891 16.154724 1.499021 16.835207 15.336186 "" "" 1798.32007 2257.0918 6502.14949 3.436 2519.6 10.213 5816.8 15.292 "" "" 0.0028144227076174646 0.00521089 0.004736131 0.009947021 272.56769436574 -16.83187534104 2021.28491 4.489000000000005 0.281 5.5326874628067015 1.950000029563904 0.16376579 0.15276578 "" "" 56.20409604384249 "" 9.138050464355581 ""
272.83159759016 -16.43151781435 0.0522 0.0464 21.4869 "" "" 4145596889020986752 1894.58997 0.507 0.0651 -0.667 -1.056 0.069 0.047 0.959 8526.6 4.2275 16.157736 1.912138 17.094894 15.182756 "" "" 1678.59302 2149.67261 6484.13709 3.8175 1983.6 9.6874 6699.7 16.281 "" "" 0.0028284966200048983 0.0059917555 0.0046092495 0.010601005 272.83159759016 -16.43151781435 1894.58997 -0.6670000000000009 -1.0560000000000016 0.3766874628067016 0.6130000295639038 0.18076578 0.15876578 "" "" 6.461255578829054 "" 1.0666757380512066 ""
272.48812111959 -16.8613329732 0.0469 0.0422 10.9941 "" "" 4144077952385371136 2082.61108 0.4757 0.0542 0.376 -0.649 0.056 0.043 0.977 "" "" 16.161472 1.446894 16.813957 15.367064 "" "" 1859.66187 2358.7854 6461.86691 4.1829 2569.4 13.194 5653.7 12.978 "" "" 0.0028435443735025834 0.006234512 0.004527169 0.010761681 272.48812111959 -16.8613329732 2082.61108 0.37599999999999967 -0.649 1.4196874628067016 1.0200000295639038 0.16776578 0.15476578 "" "" 17.256669337108054 "" 2.820706006231182 ""
272.49368203829 -16.35487393728 0.047 0.0446 22.4684 "" "" 4145648192430879104 2179.97314 0.4262 0.0595 -1.294 -2.411 0.055 0.043 0.978 4927.3 2.9055 16.16269 3.107567 17.995398 14.887831 "" "" 1902.51843 2476.45386 6454.6201 4.4245 865.48 10.212 8790.7 14.305 "" "" 0.0028540663718923907 0.01311118 0.0041719694 0.017283149 272.49368203829 -16.35487393728 2179.97314 -1.294 -2.411 -0.2503125371932984 -0.7419999704360962 0.16676578 0.15476578 "" "" 8.091662380787211 "" 1.2625763223184827 ""
272.28930972936 -16.71978821323 0.0482 0.0425 18.0062 "" "" 4144131347421835648 2170.31494 0.4458 0.0514 1.862 -2.409 0.063 0.048 0.985 "" "" 16.164713 1.893388 17.098793 15.205405 "" "" 1909.26562 2528.47314 6442.60439 3.8989 1976.5 9.388 6561.4 12.429 "" "" 0.0028325813418098636 0.005863456 0.004302744 0.0101662 272.28930972936 -16.71978821323 2170.31494 1.8620000000000014 -2.4090000000000003 2.9056874628067018 -0.739999970436096 0.17476578 0.15976578 "" "" 30.845791079291658 "" 5.36374903266564 ""
272.55593479255 -16.64098355895 0.0526 0.0468 5.1623 "" "" 4145586344899504640 1881.32251 0.5124 0.053 -1.03 -1.679 0.062 0.048 1.037 "" "" 16.165081 1.533815 16.85906 15.325245 "" "" 1720.20825 2122.20947 6440.42385 4.1037 2464.9 11.587 5875.7 15.624 "" "" 0.0028408427319111243 0.005816709 0.0047559314 0.01057264 272.55593479255 -16.64098355895 1881.32251 -1.03 -1.6790000000000005 0.013687462806701634 -0.00999997043609624 0.17376578 0.15976578 "" "" 0.15116254906931628 "" 0.025550286113230354 ""
272.8729834628 -16.46591839162 0.0467 0.0404 21.5444 "" "" 4145593972761237376 1528.53088 0.6129 0.0591 -2.875 0.093 0.057 0.039 0.983 5501.1 4.6556 16.165781 1.238133 16.700422 15.46229 "" "" 1432.17224 1681.39771 6436.26765 3.1265 2852.6 10.937 5179.0 12.67 "" "" 0.002805343301072947 0.005011351 0.004619409 0.00963076 272.8729834628 -16.46591839162 1528.53088 -2.8749999999999996 0.09299999999999994 -1.8313125371932983 1.7620000295639038 0.16876578 0.15076578 "" "" 18.412524493583135 "" 2.9527287283859036 ""
272.51648424923 -16.39261323642 0.0501 0.0444 19.9379 "" "" 4145641423562355456 1740.54846 0.5467 0.0529 1.187 -0.382 0.06 0.045 1.05 "" "" 16.165915 2.574933 17.577799 15.002866 "" "" 1602.38843 1901.55493 6435.47544 4.4592 1271.4 7.771 7907.0 14.764 "" "" 0.00285618094212095 0.0071988963 0.0042887814 0.011487678 272.51648424923 -16.39261323642 1740.54846 1.187 -0.3820000000000002 2.230687462806702 1.2870000295639037 0.17176577 0.15676579 "" "" 21.247004452266772 "" 3.572578968166015 ""
272.80671824854 -16.82130035067 0.0458 0.0396 13.3628 "" "" 4145565591616886912 2028.31152 0.4785 0.0543 -3.812 -2.308 0.062 0.043 1.042 "" "" 16.166344 2.100651 17.23809 15.13744 "" "" 1800.65283 2385.32422 6432.93374 4.0521 1738.5 16.741 6985.3 22.123 "" "" 0.002838928435047801 0.0108210705 0.0051095774 0.015930649 272.80671824854 -16.82130035067 2028.31152 -3.811999999999996 -2.307999999999997 -2.768312537193298 -0.638999970436096 0.17376578 0.15476578 "" "" 27.314938059880074 "" 4.721518425148934 ""
272.54989224469 -17.02578673739 0.0506 0.0414 18.9212 "" "" 4144063727453585152 2163.46387 0.4389 0.0545 1.224 1.033 0.058 0.044 0.993 5531.5 4.2141 16.166412 1.543475 16.866259 15.322783 "" "" 1970.86121 2365.57202 6432.53482 3.793 2448.6 10.909 5889.0 14.834 "" "" 0.0028287211050972956 0.005584198 0.0046651247 0.010249322 272.54989224469 -17.02578673739 2163.46387 1.2239999999999986 1.0329999999999997 2.267687462806702 2.7020000295639037 0.16976577 0.15576577 "" "" 36.17380674760841 "" 5.849253060601275 ""
272.89704632787 -16.48228091405 0.0482 0.0438 21.9261 "" "" 4145593693565225344 1879.87793 0.5051 0.0597 0.943 0.411 0.058 0.044 1.059 "" "" 16.169548 2.215452 17.303793 15.088341 "" "" 1672.88428 2158.03149 6413.98366 4.1238 1636.4 16.487 7308.4 18.317 "" "" 0.002842372244743397 0.011289204 0.004657093 0.015946297 272.89704632787 -16.48228091405 1879.87793 0.9430000000000003 0.4109999999999996 1.9866874628067017 2.080000029563904 0.16976577 0.15576577 "" "" 25.629969602057386 "" 4.167308379331902 ""
272.74258155672 -16.47688377971 0.0539 0.0471 16.3717 "" "" 4145595175352258304 1809.37744 0.5633 0.0625 0.271 -1.07 0.072 0.05 0.949 9349.4 3.6758 16.171152 1.752674 16.989447 15.236773 "" "" 1644.43018 2058.48462 6404.51157 4.1481 2185.9 13.347 6374.5 21.474 "" "" 0.0028436419145981533 0.0071926834 0.0052594156 0.0124520995 272.74258155672 -16.47688377971 1809.37744 0.271 -1.0700000000000005 1.3146874628067016 0.5990000295639037 0.18376577 0.16176578 "" "" 12.390532712223346 "" 2.2324662307416707 ""
272.55047038387 -16.67607228786 0.0537 0.0469 3.7805 "" "" 4145585863863113728 1982.46106 0.4869 0.0544 -0.052 -1.816 0.063 0.05 0.949 "" "" 16.172136 "" "" "" "" "" 1809.91711 2196.04248 6398.7029 6.4823 "" "" "" "" "" "" 0.002966751673107108 "" "" "" 272.55047038387 -16.67607228786 1982.46106 -0.051999999999999984 -1.8159999999999998 0.9916874628067016 -0.14699997043609625 0.17476578 0.16176578 "" "" 9.420576760601058 "" 1.6438573344244727 ""
272.72746739877 -16.60709525647 0.0471 0.0406 9.6455 "" "" 4145585107948725632 2113.10034 0.4602 0.0551 -1.376 -7.082 0.055 0.041 0.951 8184.6 4.2212 16.173346 1.781934 17.038378 15.256444 "" "" 1904.3606 2557.94604 6391.57944 3.9296 2089.6 11.3 6260.1 15.203 "" "" 0.00283502604261057 0.0065006195 0.0046082847 0.011108904 272.72746739877 -16.60709525647 2113.10034 -1.376 -7.082000000000001 -0.33231253719329823 -5.412999970436096 0.16676578 0.15276578 "" "" 54.31919928031306 "" 8.301100573343096 ""
272.78038094725 -16.55378889094 0.0795 0.0715 14.0508 "" "" 4145591395780853120 1927.66833 0.5282 0.1068 -1.116 -3.736 0.095 0.065 1.545 5346.1 4.7161 16.174234 1.383246 16.657389 15.274142 "" "" 1588.40759 2375.91919 6386.3541 9.4398 2968.0 22.593 6158.9 75.207 "" "" 0.003188624906641357 0.008723106 0.013786204 0.02250931 272.78038094725 -16.55378889094 1927.66833 -1.1160000000000003 -3.736000000000003 -0.07231253719329844 -2.0669999704360964 0.20676577 0.17676577 "" "" 18.898038465084653 "" 3.3412780718333686 ""
272.32518814021 -16.58473565378 0.0444 0.0393 17.7463 "" "" 4144136913699342592 1656.90186 0.5786 0.0492 -0.947 -0.818 0.054 0.043 1.027 9410.6 3.8688 16.175259 2.234355 17.339613 15.105258 "" "" 1540.66785 1795.21985 6380.33703 4.2143 1583.3 9.2589 7195.4 16.27 "" "" 0.0028471186202022464 0.006935247 0.004506762 0.011442009 272.32518814021 -16.58473565378 1656.90186 -0.9469999999999997 -0.8179999999999998 0.09668746280670171 0.8510000295639039 0.16576578 0.15476578 "" "" 6.726510810736464 "" 1.0420097368230035 ""
