Clusters/Gulliver_15/Gulliver_15_stars_in_region.tsv
# %ECSV 1.0
# ---
# datatype:
# - name: RA_ICRS_1
#   unit: deg
#   datatype: float64
#   format: '{:15.11f}'
#   description: Right ascension (ICRS) at Ep=2016.0 (ra)
#   meta: !!omap
#   - {ucd: POS_EQ_RA_MAIN}
#   - {width: 15}
#   - {precision: '11'}
# - name: DE_ICRS_1
#   unit: deg
#   datatype: float64
#   format: '{:15.11f}'
#   description: Declination (ICRS) at Ep=2016.0 (dec)
#   meta: !!omap
#   - {ucd: POS_EQ_DEC_MAIN}
#   - {width: 15}
#   - {precision: '11'}
# - name: e_RA_ICRS
#   unit: mas
#   datatype: float64
#   format: '{:7.4f}'
#   description: Standard error of right ascension (ra_error)
#   meta: !!omap
#   - {ucd: ERROR}
#   - {width: 7}
#   - {precision: '4'}
# - name: e_DE_ICRS
#   unit: mas
#   datatype: float64
#   format: '{:7.4f}'
#   description: Standard error of declination (dec_error)
#   meta: !!omap
#   - {ucd: ERROR}
#   - {width: 7}
#   - {precision: '4'}
# - name: _r_1
#   unit: ''
#   datatype: float64
#   format: '{:7.4f}'
#   description: Distance from center (272.60260704000-16.71449436000)[ICRS], at Epoch=J2016.0
#   meta: !!omap
#   - {ucd: POS_ANG_DIST_GENERAL}
#   - {width: 7}
#   - {precision: '4'}
# - name: HIP
#   datatype: int32
#   description: '? HIP cross-id number, van Leeuwen, Cat. I/311 (hip_original_ext_source_id)'
#   meta: !!omap
#   - {ucd: ID_NUMBER}
#   - {width: 6}
#   - values: {'null': -2147483648}
# - name: TYC2
#   datatype: string
#   description: Tycho-2 cross-id name, Hog et al., Cat. I/259 (tyc2_original_ext_source_id)
#   meta: !!omap
#   - {ucd: ID_CROSSID}
#   - {_votable_string_dtype: char}
# - name: Source
#   datatype: int64
#   description: Source identifier, identical to the Gaia-EDR3 source_id (id)
#   meta: !!omap
#   - {ucd: ID_MAIN}
#   - {width: 19}
# - name: rgeo
#   unit: pc
#   datatype: float64
#   format: '{:15.8f}'
#   description: '? Median of the geometric distance posterior (r_med_geo)'
#   meta: !!omap
#   - {ucd: PHYS_DISTANCE_TRUE}
#   - {width: 15}
#   - {precision: '8'}
#   - values: {'null': .nan}
# - name: Plx
#   unit: mas
#   datatype: float64
#   format: '{:9.4f}'
#   description: '? Parallax (parallax)'
#   meta: !!omap
#   - {ucd: POS_PARLX_TRIG}
#   - {width: 9}
#   - {precision: '4'}
#   - values: {'null': .nan}
# - name: e_Plx
#   unit: mas
#   datatype: float32
#   format: '{:7.4f}'
#   description: '? Standard error of parallax (parallax_error)'
#   meta: !!omap
#   - {ucd: ERROR}
#   - {width: 7}
#   - {precision: '4'}
#   - values: {'null': .nan}
# - name: pmRA
#   unit: mas / yr
#   datatype: float64
#   format: '{:9.3f}'
#   description: '? Proper motion in right ascension direction, pmRA*cosDE (pmra)'
#   meta: !!omap
#   - {ucd: POS_EQ_PMRA}
#   - {width: 9}
#   - {precision: '3'}
#   - values: {'null': .nan}
# - name: pmDE
#   unit: mas / yr
#   datatype: float64
#   format: '{:9.3f}'
#   description: '? Proper motion in declination direction (pmdec)'
#   meta: !!omap
#   - {ucd: POS_EQ_PMDEC}
#   - {width: 9}
#   - {precision: '3'}
#   - values: {'null': .nan}
# - name: e_pmRA
#   unit: mas / yr
#   datatype: float32
#   format: '{:6.3f}'
#   description: '? Standard error of proper motion in right ascension direction (pmra_error)'
#   meta: !!omap
#   - {ucd: ERROR}
#   - {width: 6}
#   - {precision: '3'}
#   - values: {'null': .nan}
# - name: e_pmDE
[...]
#         value: !astropy.table.SerializedColumn {name: SkyCoord.dec}
#       distance: !astropy.table.SerializedColumn
#         __class__: astropy.coordinates.distances.Distance
#         unit: !astropy.units.Unit {unit: pc}
#         value: !astropy.table.SerializedColumn {name: SkyCoord.distance}
#       frame: icrs
#       obstime: !astropy.time.Time {format: jyear_str, in_subfmt: '*', jd1: 367701545.0, jd2: 0.0, out_subfmt: '*', precision: 3, scale: tt}
#       pm_dec: !astropy.table.SerializedColumn
#         __class__: astropy.units.quantity.Quantity
#         unit: !astropy.units.Unit {unit: mas / yr}
#         value: !astropy.table.SerializedColumn {name: SkyCoord.pm_dec}
#       pm_ra_cosdec: !astropy.table.SerializedColumn
#         __class__: astropy.units.quantity.Quantity
#         unit: !astropy.units.Unit {unit: mas / yr}
#         value: !astropy.table.SerializedColumn {name: SkyCoord.pm_ra_cosdec}
#       ra: !astropy.table.SerializedColumn
#         __class__: astropy.coordinates.angles.Longitude
#         unit: *id001
#         value: !astropy.table.SerializedColumn {name: SkyCoord.ra}
#         wrap_angle: !astropy.coordinates.Angle
#           unit: *id001
#           value: 360.0
#       representation_type: spherical
# schema: astropy-2.0
RA_ICRS_1 DE_ICRS_1 e_RA_ICRS e_DE_ICRS _r_1 HIP TYC2 Source rgeo Plx e_Plx pmRA pmDE e_pmRA e_pmDE RUWE Teff logg Gmag BP-RP BPmag RPmag RV e_RV b_rgeo B_rgeo FG e_FG FBP e_FBP FRP e_FRP RAVE5 RAVE6 e_Gmag e_BPmag e_RPmag e_BP-RP SkyCoord.ra SkyCoord.dec SkyCoord.distance SkyCoord.pm_ra_cosdec SkyCoord.pm_dec rmRA rmDE e_rmRA e_rmDE rRV e_rRV v_pec v_pec3d e_vpec e_vpec3d
[from data line 253]
272.66166390591 -16.83464811777 0.0306 0.0276 7.9676 "" "" 4144067816262222208 2097.28418 0.417 0.0364 -0.443 -2.697 0.039 0.031 1.306 4618.2 2.0558 14.08849 3.428506 16.189505 12.760999 34.89 2.27 1928.84119 2272.84961 43606.46815 21.505 4566.8 14.944 62339.0 62.11 "" "" 0.002806864449876558 0.004517513 0.0039311456 0.0084486585 272.66166390591 -16.83464811777 2097.28418 -0.443 -2.697 0.6006874628067016 -1.0279999704360963 0.15076578 0.14276578 "" "" 11.836244009072677 "" 1.7144083238663386 ""
272.73879993962 -16.7415954441 0.021 0.019 7.9929 "" "" 4145569955304439424 2238.41699 0.4056 0.0241 0.857 -6.271 0.023 0.018 0.953 "" "" 14.095734 2.667947 15.586312 12.918366 -51.56 2.08 2110.72729 2378.5625 43316.48592 21.174 7959.6 26.368 53928.0 41.8 "" "" 0.0028059693891590376 0.004552105 0.0038719445 0.008424049 272.73879993962 -16.7415954441 2238.41699 0.8570000000000003 -6.271000000000005 1.9006874628067016 -4.601999970436096 0.13476577 0.12976578 "" "" 52.828283881733256 "" 6.89442467921437 ""
272.26897188368 -16.85802858869 0.0184 0.0159 21.0112 "" "" 4144076436240488064 1560.23804 0.6006 0.0201 -1.844 -3.449 0.025 0.019 0.973 8549.3 3.5028 14.099999 1.558521 14.815446 13.256925 "" "" 1516.32971 1611.54517 43146.64665 29.807 16190.0 45.732 39481.0 65.434 "" "" 0.0028555871799854013 0.0041461834 0.004185898 0.008332081 272.26897188368 -16.85802858869 1560.23804 -1.8440000000000003 -3.4490000000000003 -0.8003125371932984 -1.779999970436096 0.13676578 0.13076578 "" "" 14.43341145136984 "" 1.9022347085329758 ""
272.71940301763 -16.84645642672 0.0191 0.0168 10.3781 "" "" 4145567962438915328 1750.09302 0.5279 0.0223 0.951 0.866 0.022 0.017 1.049 "" "" 14.100712 1.140619 14.575288 13.434669 "" "" 1690.86145 1813.49524 43118.34026 13.22 20198.0 22.677 33519.0 35.919 "" "" 0.0027753561176999285 0.0030448306 0.0039544157 0.0069992463 272.71940301763 -16.84645642672 1750.09302 0.9510000000000007 0.866 1.9946874628067017 2.535000029563904 0.13376579 0.12876578 "" "" 26.75842725696988 "" 3.497335105177937 ""
272.50713148654 -16.72492923999 0.0219 0.0187 5.522 "" "" 4144084274576989824 2158.08984 0.4087 0.0224 0.237 -0.484 0.028 0.02 1.068 7086.2 2.2873 14.101979 2.811227 15.70159 12.890363 -49.6 2.1 2033.33752 2268.33911 43068.04982 20.613 7157.8 25.027 55337.0 41.556 "" "" 0.002803894566775877 0.004711314 0.0038663312 0.008577645 272.50713148654 -16.72492923999 2158.08984 0.237 -0.48400000000000015 1.2806874628067018 1.1850000295639038 0.13976578 0.13176578 "" "" 17.848333838089665 "" 2.4297686964262746 ""
272.54964875679 -16.37930523608 0.077 0.0683 20.3407 "" "" 4145647127278908160 1563.43555 0.6609 0.0908 -0.498 -1.896 0.093 0.072 4.063 11779.3 3.7469 14.108913 1.183376 14.578802 13.395426 "" "" 1368.67139 1904.375 42793.85837 58.579 20132.0 51.543 34753.0 91.64 "" "" 0.0031306000392062787 0.003938541 0.004741343 0.008679884 272.54964875679 -16.37930523608 1563.43555 -0.49800000000000005 -1.8959999999999995 0.5456874628067017 -0.2269999704360961 0.20476578 0.18376577 "" "" 4.379857448659751 "" 0.883878588520397 ""
272.62371032184 -16.74901531765 0.0185 0.0169 2.4001 "" "" 4145581530217204096 1879.29944 0.5022 0.0216 -1.212 -1.533 0.022 0.018 0.948 "" "" 14.112186 0.961496 14.489867 13.528371 "" "" 1783.0863 1950.65906 42665.06967 11.857 21851.0 44.865 30748.0 28.762 "" "" 0.0027717925303757072 0.0035713648 0.0039134626 0.007484827 272.62371032184 -16.74901531765 1879.29944 -1.211999999999999 -1.5330000000000013 -0.1683125371932983 0.1360000295639039 0.13376579 0.12976578 "" "" 1.9275860172964083 "" 0.25482733136495483 ""
272.92348736396 -16.87142121864 0.022 0.0181 20.6974 "" "" 4097527275757192832 2233.82129 0.4046 0.0265 -1.385 -2.126 0.03 0.021 0.976 "" "" 14.116479 2.194548 15.259004 13.064456 22.96 2.88 2111.29712 2422.49561 42496.70821 16.619 10760.0 18.717 47139.0 24.193 "" "" 0.0027878431597906646 0.003369272 0.0038202398 0.007189512 272.92348736396 -16.87142121864 2233.82129 -1.3850000000000011 -2.126 -0.34131253719329835 -0.4569999704360961 0.14176577 0.13276578 "" "" 6.039453592440103 "" 0.8217087889370892 ""
272.56548596647 -16.68786823326 0.0217 0.019 2.6652 "" "" 4145585657711744640 1635.08374 0.5748 0.0229 0.858 -1.917 0.026 0.02 1.0 "" "" 14.11766 1.164332 14.606536 13.442203 "" "" 1581.96851 1685.26733 42450.45499 19.289 19625.0 26.921 33287.0 22.342 "" "" 0.0027991391050459628 0.0031628 0.003848998 0.007011798 272.56548596647 -16.68786823326 1635.08374 0.858 -1.9170000000000003 1.9016874628067018 -0.24799997043609623 0.13776578 0.13176578 "" "" 14.863443374242904 "" 2.046214503945589 ""
272.84082109088 -16.91234355942 0.0329 0.0291 18.1139 "" "" 4145563701838724480 2190.59888 0.4184 0.0348 1.211 -2.742 0.042 0.033 1.026 5237.7 3.2647 14.12435 2.0558 15.168231 13.112431 -1.54 2.52 2031.62256 2379.10718 42189.75416 14.046 11698.0 19.734 45101.0 31.887 "" "" 0.002778929395427051 0.0033376284 0.0038565507 0.007194179 272.84082109088 -16.91234355942 2190.59888 1.211 -2.742 2.254687462806702 -1.0729999704360962 0.15376578 0.14476578 "" "" 25.92731228660523 "" 3.9446836650664068 ""
272.64583705588 -16.52359584677 0.0235 0.0214 11.7205 "" "" 4145589505995487872 1598.57581 0.5921 0.0214 -0.577 -1.046 0.033 0.025 0.856 "" "" 14.130083 1.067086 14.572011 13.504925 "" "" 1549.04126 1644.97229 41967.55709 13.165 20259.0 27.399 31419.0 28.28 "" "" 0.0027762908219442738 0.003152969 0.0039036865 0.0070566554 272.64583705588 -16.52359584677 1598.57581 -0.577 -1.046 0.4666874628067017 0.6230000295639038 0.14476578 0.13676578 "" "" 5.898226597321569 "" 0.8239474060108517 ""
272.63396501578 -16.99747909591 0.0458 0.0399 17.0743 "" "" 4144061287912135552 2163.00269 0.3948 0.0506 11.285 -2.33 0.061 0.047 1.114 "" "" 14.134619 4.320108 16.993996 12.673887 9.44 1.57 1962.7843 2391.49414 41792.57911 37.948 2176.8 16.655 67547.0 123.05 "" "" 0.0029263807017502015 0.008763177 0.004265646 0.013028823 272.63396501578 -16.99747909591 2163.00269 11.285 -2.330000000000001 12.328687462806702 -0.6609999704360963 0.17276578 0.15876578 "" "" 126.5830479244329 "" 21.86434427470959 ""
272.5010322695 -17.03808983739 0.0208 0.018 20.2727 "" "" 4144057989376819968 1869.76843 0.494 0.024 -1.237 -2.21 0.023 0.018 0.983 "" "" 14.140789 1.088157 14.58953 13.501373 "" "" 1785.98596 1945.2821 41555.75939 11.044 19934.0 19.36 31522.0 23.297 "" "" 0.0027703880385574896 0.0029827773 0.0038636292 0.0068464065 272.5010322695 -17.03808983739 1869.76843 -1.237 -2.21 -0.19331253719329844 -0.5409999704360962 0.13476577 0.12976578 "" "" 5.091626014753961 "" 0.6636503183896545 ""
272.75106421732 -16.69842750889 0.0204 0.0181 8.5857 "" "" 4145583389961618816 1657.18628 0.5619 0.0224 0.825 -1.959 0.023 0.018 0.893 "" "" 14.143 1.085401 14.590056 13.504656 "" "" 1595.00671 1705.92969 41471.24255 14.832 19925.0 34.894 31426.0 33.506 "" "" 0.0027825479201044564 0.0033764513 0.0039526904 0.0073291417 272.75106421732 -16.69842750889 1657.18628 0.8250000000000002 -1.9589999999999999 1.8686874628067016 -0.28999997043609627 0.13476577 0.12976578 "" "" 14.85436399888029 "" 2.0001448593933997 ""
272.70000419703 -16.5766416607 0.0249 0.0218 9.988 "" "" 4145588337764216960 2069.9209 0.4425 0.0273 -2.321 -4.703 0.032 0.025 1.243 "" "" 14.145354 2.154097 15.261675 13.107578 -21.55 2.4 1954.85437 2185.86719 41381.39254 16.198 10734.0 19.102 45303.0 33.219 "" "" 0.0027879037756320725 0.0033938566 0.0038623244 0.007256181 272.70000419703 -16.5766416607 2069.9209 -2.3209999999999997 -4.702999999999995 -1.2773125371932985 -3.0339999704360965 0.14376578 0.13676578 "" "" 32.298345710098175 "" 4.452081568429691 ""
272.83813547488 -16.61297638607 0.0203 0.0187 14.8454 "" "" 4145589987031394560 1571.60217 0.5927 0.0253 0.921 -1.988 0.022 0.018 0.991 "" "" 14.14746 0.835627 14.474831 13.639204 "" "" 1514.87634 1638.38599 41301.21355 11.903 22156.0 19.09 27764.0 27.457 "" "" 0.0027730310822482156 0.0029428198 0.003928947 0.0068717664 272.83813547488 -16.61297638607 1571.60217 0.9209999999999993 -1.988 1.9646874628067017 -0.3189999704360962 0.13376579 0.12976578 "" "" 14.827397234423685 "" 1.9818972495964589 ""
272.93097250285 -16.78808452317 0.0246 0.0221 19.3757 "" "" 4145566691128394496 1616.82739 0.5817 0.025 0.97 -1.248 0.035 0.027 1.201 8811.2 3.5078 14.148386 1.72758 14.970257 13.242677 5.03 5.24 1557.65942 1678.37915 41265.97952 49.384 14038.0 70.837 40003.0 129.1 "" "" 0.003046315724370214 0.0061482876 0.005153775 0.011302063 272.93097250285 -16.78808452317 1616.82739 0.9700000000000003 -1.2480000000000007 2.0136874628067014 0.4210000295639038 0.14676578 0.13876578 "" "" 15.766088988324935 "" 2.3087784530803344 ""
272.95022931123 -16.7398039841 0.0212 0.0188 20.0324 "" "" 4145573391277420928 2101.18579 0.4223 0.0242 -1.079 -5.549 0.026 0.021 0.949 4724.6 2.1075 14.151258 2.573624 15.571363 12.99774 6.01 1.45 2003.62903 2209.86523 41156.95508 20.563 8070.0 21.701 50126.0 60.204 "" "" 0.002808211532596176 0.004038489 0.0039980263 0.008036515 272.95022931123 -16.7398039841 2101.18579 -1.079 -5.549 -0.0353125371932983 -3.8799999704360966 0.13776578 0.13276578 "" "" 38.64492821171855 "" 5.130740529904437 ""
272.51789049242 -16.99334335465 0.0202 0.0171 17.4238 "" "" 4144064071050998016 1664.02637 0.5582 0.0227 0.018 -0.02 0.024 0.018 0.982 "" "" 14.152878 2.047219 15.193403 13.146184 -16.13 5.1 1604.39612 1722.09338 41095.63886 10.834 11430.0 15.004 43720.0 35.218 "" "" 0.002770147623896753 0.0031331023 0.0038792589 0.007012361 272.51789049242 -16.99334335465 1664.02637 0.017999999999999985 -0.019999999999999976 1.0616874628067017 1.6490000295639038 0.13576578 0.12976578 "" "" 15.469088247709006 "" 2.0349960713353843 ""
272.23466589058 -16.60706686161 0.0179 0.0158 22.1101 "" "" 4144135917267112576 1871.16821 0.4991 0.0214 0.941 0.94 0.021 0.016 1.018 "" "" 14.153537 1.463406 14.807924 13.344519 "" "" 1796.01233 1943.46606 41070.69153 10.563 16302.0 19.401 36421.0 45.09 "" "" 0.0027694340710881326 0.0030748427 0.0040112976 0.00708614 272.23466589058 -16.60706686161 1871.16821 0.9410000000000007 0.94 1.9846874628067015 2.6090000295639038 0.13276578 0.12776577 "" "" 29.07447436816737 "" 3.7686613565587166 ""
272.58793576096 -16.60033788482 0.0229 0.0196 6.9011 "" "" 4145588745762605568 2141.13477 0.4268 0.023 0.356 -2.344 0.029 0.022 1.016 "" "" 14.158761 1.139463 14.628346 13.488883 "" "" 2027.27942 2280.41211 40873.5603 12.015 19234.0 38.938 31886.0 25.517 "" "" 0.0027737431709761538 0.0035519383 0.0038779709 0.007429909 272.58793576096 -16.60033788482 2141.13477 0.356 -2.344 1.3996874628067015 -0.674999970436096 0.14076579 0.13376579 "" "" 15.770970847105476 "" 2.1996071260608905 ""
272.85050893639 -17.016913163 0.0182 0.0161 23.0621 "" "" 4096022697166710784 1579.71143 0.5886 0.0201 -0.498 -0.178 0.025 0.02 0.916 "" "" 14.169599 0.91565 14.533675 13.618025 "" "" 1536.1167 1632.39343 40467.59922 11.49 20987.0 27.585 28311.0 27.263 "" "" 0.0027725119035720562 0.003133942 0.003921338 0.00705528 272.85050893639 -17.016913163 1579.71143 -0.498 -0.17800000000000002 0.5456874628067017 1.4910000295639039 0.13676578 0.13176578 "" "" 11.888583492332328 "" 1.573647124805086 ""
272.65196654475 -16.81655207582 0.0197 0.0175 6.7482 "" "" 4144068022420662144 2255.3125 0.4087 0.0225 0.936 -0.491 0.022 0.018 0.976 7016.0 3.1746 14.169752 1.820918 15.056634 13.235716 -38.04 7.56 2143.13062 2376.198 40461.84809 14.317 12965.0 25.768 40260.0 32.634 "" "" 0.0027819742759455455 0.003527266 0.0038804978 0.007407764 272.65196654475 -16.81655207582 2255.3125 0.936 -0.49099999999999994 1.9796874628067016 1.1780000295639037 0.13376579 0.12976578 "" "" 24.626536266341958 "" 3.268716287175596 ""
272.83660484602 -16.46988106176 0.0201 0.0171 19.9111 "" "" 4145593629163900544 2224.52368 0.3959 0.0246 -1.34 -1.885 0.024 0.018 0.994 "" "" 14.172085 2.766105 15.737678 12.971573 -24.67 1.43 2095.10229 2353.71265 40375.01232 13.945 6923.8 14.815 51349.0 28.786 "" "" 0.0027807217913623635 0.0036307268 0.0038280794 0.007458806 272.83660484602 -16.46988106176 2224.52368 -1.34 -1.885 -0.2963125371932984 -0.2159999704360962 0.13576578 0.12976578 "" "" 3.866404219202805 "" 0.5169935759884571 ""
272.50893622796 -16.79677197432 0.0222 0.0197 7.3029 "" "" 4144080632444985344 1887.39441 0.4873 0.0227 -3.573 -3.049 0.027 0.021 1.058 4759.4 2.6287 14.174488 2.22638 15.338674 13.112293 -5.67 3.05 1820.57947 1965.08167 40285.75923 14.547 9998.8 13.897 45107.0 37.038 "" "" 0.0027830731129242624 0.0031720996 0.0038831076 0.007055207 272.50893622796 -16.79677197432 1887.39441 -3.5729999999999937 -3.048999999999998 -2.5293125371932983 -1.3799999704360961 0.13876578 0.13276578 "" "" 25.776723342251817 "" 3.54204575129113 ""
272.94670663815 -16.75551609253 0.021 0.018 19.9242 "" "" 4145573356917664128 1743.58728 0.5267 0.0235 -2.399 -4.329 0.028 0.021 0.917 "" "" 14.174509 2.150581 15.286164 13.135583 -49.47 2.17 1672.52856 1819.24182 40284.9785 14.143 10494.0 19.557 44149.0 44.953 "" "" 0.00278156118705401 0.003446631 0.00393775 0.0073843813 272.94670663815 -16.75551609253 1743.58728 -2.399 -4.329 -1.3553125371932984 -2.659999970436096 0.13976578 0.13276578 "" "" 24.67295240122567 "" 3.3120566734805954 ""
272.72169578149 -16.70748832787 0.0205 0.0197 6.8565 "" "" 4145583252522691328 1896.80396 0.4815 0.0273 -3.117 -2.857 0.022 0.018 1.004 5168.8 2.9047 14.175045 2.198866 15.321745 13.122879 39.09 2.04 1793.50977 2017.99402 40265.08394 15.012 10156.0 13.943 44669.0 27.673 "" "" 0.0027848963548033397 0.003163369 0.0038387699 0.0070021385 272.72169578149 -16.70748832787 1896.80396 -3.1169999999999987 -2.8570000000000038 -2.0733125371932983 -1.1879999704360964 0.13376579 0.12976578 "" "" 21.484124339357123 "" 2.85284052504643 ""
272.92949733505 -16.70944803617 0.0198 0.0171 18.7874 "" "" 4145573837954096256 2247.4436 0.4079 0.0221 0.707 -0.876 0.026 0.02 0.983 "" "" 14.176577 1.00004 14.581043 13.581003 "" "" 2160.6394 2355.17065 40208.34392 10.127 20091.0 22.169 29293.0 23.842 "" "" 0.002768856820014525 0.0030365 0.0038813201 0.0069178203 272.92949733505 -16.70944803617 2247.4436 0.707 -0.8760000000000006 1.7506874628067015 0.7930000295639038 0.13776578 0.13176578 "" "" 20.473930473557555 "" 2.8000740017903043 ""
272.99767342562 -16.75684475099 0.0201 0.0174 22.8417 "" "" 4145572463564398592 1957.7157 0.4664 0.0241 0.007 -2.139 0.028 0.021 1.12 "" "" 14.178094 1.467518 14.834774 13.367256 "" "" 1874.62366 2057.84546 40152.18694 26.155 15904.0 35.578 35666.0 61.991 "" "" 0.0028446414163695462 0.0036992333 0.0042243265 0.00792356 272.99767342562 -16.75684475099 1957.7157 0.0070000000000000236 -2.139 1.0506874628067016 -0.469999970436096 0.13976578 0.13276578 "" "" 10.68096165909944 "" 1.4806289304087876 ""
272.8535648322 -16.85060392033 0.02 0.0173 16.5686 "" "" 4145564526464888320 1766.48096 0.5148 0.0211 2.397 -3.009 0.026 0.02 1.02 "" "" 14.180965 2.239421 15.355863 13.116442 -11.68 1.89 1692.10437 1842.80481 40046.14403 12.45 9841.7 17.953 44935.0 23.954 "" "" 0.002775919072141435 0.0034216552 0.0038234433 0.0072450982 272.8535648322 -16.85060392033 1766.48096 2.3969999999999994 -3.0090000000000026 3.4406874628067015 -1.339999970436096 0.13776578 0.13176578 "" "" 30.917034783259137 "" 4.235343211665392 ""
