Clusters/Gulliver_15/Gulliver_15_members.tsv
# %ECSV 1.0
# ---
# datatype:
# - name: RA_ICRS_1
#   unit: deg
#   datatype: float64
#   format: '{:15.11f}'
#   description: Right ascension (ICRS) at Ep=2016.0 (ra)
#   meta: !!omap
#   - {ucd: POS_EQ_RA_MAIN}
#   - {width: 15}
#   - {precision: '11'}
# - name: DE_ICRS_1
#   unit: deg
#   datatype: float64
#   format: '{:15.11f}'
#   description: Declination (ICRS) at Ep=2016.0 (dec)
#   meta: !!omap
#   - {ucd: POS_EQ_DEC_MAIN}
#   - {width: 15}
#   - {precision: '11'}
# - name: e_RA_ICRS
#   unit: mas
#   datatype: float64
#   format: '{:7.4f}'
#   description: Standard error of right ascension (ra_error)
#   meta: !!omap
#   - {ucd: ERROR}
#   - {width: 7}
#   - {precision: '4'}
# - name: e_DE_ICRS
#   unit: mas
#   datatype: float64
#   format: '{:7.4f}'
#   description: Standard error of declination (dec_error)
#   meta: !!omap
#   - {ucd: ERROR}
#   - {width: 7}
#   - {precision: '4'}
# - name: _r_1
#   unit: ''
#   datatype: float64
#   format: '{:7.4f}'
#   description: Distance from center (272.60260704000-16.71449436000)[ICRS], at Epoch=J2016.0
#   meta: !!omap
#   - {ucd: POS_ANG_DIST_GENERAL}
#   - {width: 7}
#   - {precision: '4'}
# - name: HIP
#   datatype: int32
#   description: '? HIP cross-id number, van Leeuwen, Cat. I/311 (hip_original_ext_source_id)'
#   meta: !!omap
#   - {ucd: ID_NUMBER}
#   - {width: 6}
#   - values: {'null': -2147483648}
# - name: TYC2
#   datatype: string
#   description: Tycho-2 cross-id name, Hog et al., Cat. I/259 (tyc2_original_ext_source_id)
#   meta: !!omap
#   - {ucd: ID_CROSSID}
#   - {_votable_string_dtype: char}
# - name: Source
#   datatype: int64
#   description: Source identifier, identical to the Gaia-EDR3 source_id (id)
#   meta: !!omap
#   - {ucd: ID_MAIN}
#   - {width: 19}
# - name: rgeo
#   unit: pc
#   datatype: float64
#   format: '{:15.8f}'
#   description: '? Median of the geometric distance posterior (r_med_geo)'
#   meta: !!omap
#   - {ucd: PHYS_DISTANCE_TRUE}
#   - {width: 15}
#   - {precision: '8'}
#   - values: {'null': .nan}
# - name: Plx
#   unit: mas
#   datatype: float64
#   format: '{:9.4f}'
#   description: '? Parallax (parallax)'
#   meta: !!omap
#   - {ucd: POS_PARLX_TRIG}
#   - {width: 9}
#   - {precision: '4'}
#   - values: {'null': .nan}
# - name: e_Plx
#   unit: mas
#   datatype: float32
#   format: '{:7.4f}'
#   description: '? Standard error of parallax (parallax_error)'
#   meta: !!omap
#   - {ucd: ERROR}
#   - {width: 7}
#   - {precision: '4'}
#   - values: {'null': .nan}
# - name: pmRA
#   unit: mas / yr
#   datatype: float64
#   format: '{:9.3f}'
#   description: '? Proper motion in right ascension direction, pmRA*cosDE (pmra)'
#   meta: !!omap
#   - {ucd: POS_EQ_PMRA}
#   - {width: 9}
#   - {precision: '3'}
#   - values: {'null': .nan}
# - name: pmDE
#   unit: mas / yr
#   datatype: float64
#   format: '{:9.3f}'
#   description: '? Proper motion in declination direction (pmdec)'
#   meta: !!omap
#   - {ucd: POS_EQ_PMDEC}
#   - {width: 9}
#   - {precision: '3'}
#   - values: {'null': .nan}
# - name: e_pmRA
#   unit: mas / yr
#   datatype: float32
#   format: '{:6.3f}'
#   description: '? Standard error of proper motion in right ascension direction (pmra_error)'
#   meta: !!omap
#   - {ucd: ERROR}
#   - {width: 6}
#   - {precision: '3'}
#   - values: {'null': .nan}
# - name: e_pmDE
[...]
#       distance: !astropy.table.SerializedColumn
#         __class__: astropy.coordinates.distances.Distance
#         unit: !astropy.units.Unit {unit: pc}
#         value: !astropy.table.SerializedColumn {name: SkyCoord.distance}
#       frame: icrs
#       obstime: !astropy.time.Time {format: jyear_str, in_subfmt: '*', jd1: 367701545.0, jd2: 0.0, out_subfmt: '*', precision: 3, scale: tt}
#       pm_dec: !astropy.table.SerializedColumn
#         __class__: astropy.units.quantity.Quantity
#         unit: !astropy.units.Unit {unit: mas / yr}
#         value: !astropy.table.SerializedColumn {name: SkyCoord.pm_dec}
#       pm_ra_cosdec: !astropy.table.SerializedColumn
#         __class__: astropy.units.quantity.Quantity
#         unit: !astropy.units.Unit {unit: mas / yr}
#         value: !astropy.table.SerializedColumn {name: SkyCoord.pm_ra_cosdec}
#       ra: !astropy.table.SerializedColumn
#         __class__: astropy.coordinates.angles.Longitude
#         unit: *id001
#         value: !astropy.table.SerializedColumn {name: SkyCoord.ra}
#         wrap_angle: !astropy.coordinates.Angle
#           unit: *id001
#           value: 360.0
#       representation_type: spherical
# schema: astropy-2.0
RA_ICRS_1 DE_ICRS_1 e_RA_ICRS e_DE_ICRS _r_1 HIP TYC2 Source rgeo Plx e_Plx pmRA pmDE e_pmRA e_pmDE RUWE Teff logg Gmag BP-RP BPmag RPmag RV e_RV b_rgeo B_rgeo FG e_FG FBP e_FBP FRP e_FRP RAVE5 RAVE6 e_Gmag e_BPmag e_RPmag e_BP-RP SkyCoord.ra SkyCoord.dec SkyCoord.distance SkyCoord.pm_ra_cosdec SkyCoord.pm_dec rmRA rmDE e_rmRA e_rmDE rRV e_rRV v_pec v_pec3d e_vpec e_vpec3d Pmemb
272.6027237531 -16.70116137012 0.0215 0.0188 0.8 "" "" 4145582595368851968 1751.6355 0.5322 0.0232 -1.02 -1.751 0.027 0.021 0.972 6699.3 2.6129 11.39572 1.18969 11.895307 10.705617 "" "" 1679.64709 1811.4364 520784.93134 427.82 238390.0 419.78 413920.0 485.81 "" "" 0.0028960860990063465 0.0033823496 0.0039884318 0.007370781 272.6027237531 -16.70116137012 1751.6355 -1.0199999999999998 -1.7509999999999992 0.023687462806701642 -0.08199997043609608 0.13876578 0.13276578 "" "" 0.7086626956800579 "" 0.09442045104019288 "" 1.0
272.47928924917 -16.74585396973 0.0173 0.0151 7.3314 "" "" 4144083965339346048 1729.52026 0.537 0.0169 -0.893 -1.64 0.021 0.017 0.898 "" "" 13.511976 1.188567 14.01014 12.821573 "" "" 1683.23523 1786.28113 74157.69325 62.002 33991.0 71.04 58956.0 191.0 "" "" 0.002901004647383348 0.0035964001 0.005162972 0.008759372 272.47928924917 -16.74585396973 1729.52026 -0.8929999999999997 -1.64 0.15068746280670164 0.029000029563903906 0.13276578 0.12876578 "" "" 1.257993403919119 "" 0.16684137873157287 "" 1.0
272.57445839487 -16.73909747499 0.0165 0.0144 2.1898 "" "" 4145582423570419840 1814.06384 0.511 0.0179 -0.893 -1.66 0.022 0.017 0.93 "" "" 13.597425 1.167382 14.084528 12.917146 "" "" 1746.90967 1882.9408 68545.14682 22.847 31740.0 41.598 53988.0 56.535 "" "" 0.002778984328616449 0.0031320658 0.003946695 0.007078761 272.57445839487 -16.73909747499 1814.06384 -0.8929999999999997 -1.66 0.15068746280670164 0.009000029563903889 0.13376579 0.12876578 "" "" 1.2980196559581683 "" 0.17360798079410092 "" 1.0
272.59038454963 -16.73748269647 0.0168 0.0147 1.5478 "" "" 4145582256090866688 1734.38464 0.531 0.0199 -1.075 -1.735 0.02 0.016 0.998 "" "" 13.798501 1.18712 14.297584 13.110463 "" "" 1672.53796 1795.43384 56956.9187 66.295 26085.0 88.257 45183.0 129.2 "" "" 0.0030313090086060523 0.0046130046 0.0048910673 0.009504072 272.59038454963 -16.73748269647 1734.38464 -1.075 -1.735 -0.031312537193298295 -0.06599997043609629 0.13176578 0.12776577 "" "" 0.6005523083120052 "" 0.07717699913530264 "" 0.9
272.58982186071 -16.62319260392 0.0202 0.0172 5.5272 "" "" 4145586516698176640 1740.51855 0.5339 0.0212 -1.07 -1.707 0.025 0.019 1.09 "" "" 13.812868 1.093397 14.265683 13.172286 "" "" 1682.26501 1811.27295 56208.19978 17.535 26862.0 23.873 42682.0 26.899 "" "" 0.0027760610806826878 0.0029523086 0.0038408237 0.006793132 272.58982186071 -16.62319260392 1740.51855 -1.07 -1.707 -0.026312537193298402 -0.037999970436096264 0.13676578 0.13076578 "" "" 0.38132293999168704 "" 0.05061679697128595 "" 0.9
272.61395947135 -16.73930779805 0.0167 0.0149 1.6254 "" "" 4145582290450130560 1833.24512 0.5017 0.0201 -1.003 -1.681 0.02 0.016 0.878 "" "" 13.870429 1.04263 14.29352 13.25089 "" "" 1777.2323 1909.32861 53305.86603 16.125 26182.0 20.272 39701.0 40.443 "" "" 0.0027748258961173273 0.0029140608 0.003937896 0.0068519567 272.61395947135 -16.73930779805 1833.24512 -1.003 -1.681 0.04068746280670177 -0.011999970436096241 0.13176578 0.12776577 "" "" 0.36861334522204087 "" 0.048454286843867586 "" 0.9
272.54419229978 -16.74437916129 0.0208 0.0177 3.8055 "" "" 4144081246604066944 1715.27747 0.5425 0.0206 -0.985 -1.623 0.025 0.018 0.952 "" "" 13.872289 1.14051 14.344605 13.204096 "" "" 1656.41711 1778.92651 53214.65506 14.192 24979.0 41.583 41450.0 41.733 "" "" 0.002770493396504485 0.0033244404 0.003934298 0.0072587384 272.54419229978 -16.74437916129 1715.27747 -0.9850000000000003 -1.623 0.058687462806701673 0.04600002956390381 0.13676578 0.12976578 "" "" 0.6062597724361803 "" 0.08132666445531948 "" 0.9
272.61164986943 -16.75979985056 0.0193 0.0176 2.7675 "" "" 4145581431457139072 1892.06519 0.4884 0.0234 -1.102 -1.637 0.022 0.017 0.95 "" "" 14.189821 1.068459 14.629311 13.560852 "" "" 1810.021 2007.32922 39720.82363 11.438 19217.0 18.741 29841.0 30.879 "" "" 0.002773001693227077 0.002984325 0.00394284 0.0069271647 272.61164986943 -16.75979985056 1892.06519 -1.1020000000000003 -1.637 -0.05831253719329843 0.0320000295639038 0.13376579 0.12876578 "" "" 0.5965397198520803 "" 0.0791162698074649 "" 0.8
272.65640276006 -16.71848171122 0.0183 0.0169 3.1006 "" "" 4145581981212452352 1815.55273 0.5086 0.022 -1.123 -1.773 0.022 0.017 0.989 "" "" 14.204641 1.387318 14.807829 13.420511 "" "" 1745.79492 1878.88416 39182.33662 15.439 16304.0 22.995 33959.0 26.969 "" "" 0.0027883351033481637 0.0031827602 0.003876494 0.007059254 272.65640276006 -16.71848171122 1815.55273 -1.1229999999999998 -1.773 -0.07931253719329834 -0.1039999704360961 0.13376579 0.12876578 "" "" 1.1255568597249803 "" 0.14702772939397335 "" 1.0
272.60014113767 -16.77726085686 0.0179 0.0161 3.7687 "" "" 4144080117048597248 1777.76904 0.5262 0.0211 -0.906 -1.718 0.021 0.017 0.913 "" "" 14.21415 1.092576 14.661672 13.569096 "" "" 1711.45654 1840.0592 38840.65013 8.4645 18653.0 21.669 29616.0 36.576 "" "" 0.0027654611288695464 0.0030620086 0.0040102024 0.0070722112 272.60014113767 -16.77726085686 1777.76904 -0.906 -1.717999999999999 0.13768746280670163 -0.04899997043609616 0.13276578 0.12876578 "" "" 1.2315227976435628 "" 0.16295776522896335 "" 1.0
272.61289474513 -16.71956990571 0.0217 0.0205 0.665 "" "" 4145582393529380480 1899.64075 0.4834 0.03 -0.895 -1.669 0.027 0.019 0.96 8803.0 3.5034 14.322943 1.256053 14.860088 13.604035 "" "" 1796.2002 2017.60522 35137.3977 13.941 15538.0 26.594 28678.0 28.705 "" "" 0.0027887909414010823 0.0033523543 0.0039325273 0.0072848815 272.61289474513 -16.71956990571 1899.64075 -0.895 -1.6689999999999998 0.14868746280670164 2.95639037695139e-08 0.13876578 0.13076578 "" "" 1.3388260983345783 "" 0.18578325065517834 "" 0.8
272.58129309214 -16.7399748974 0.0222 0.0187 1.9589 "" "" 4145582221730701440 1894.7323 0.487 0.0254 -1.061 -1.632 0.027 0.021 1.052 "" "" 14.534162 1.088691 14.982495 13.893805 "" "" 1810.92224 1988.10022 28925.58788 9.3854 13881.0 16.524 21960.0 25.341 "" "" 0.0027777499081941257 0.003074982 0.003981643 0.0070566246 272.58129309214 -16.7399748974 1894.7323 -1.0610000000000006 -1.6319999999999995 -0.017312537193298283 0.03700002956390391 0.13876578 0.13276578 "" "" 0.36687551974904914 "" 0.049111158259531336 "" 1.0
272.56298621596 -16.80909695779 0.021 0.0195 6.1156 "" "" 4144079945249906560 1625.19629 0.5729 0.026 -1.113 -1.733 0.025 0.02 1.069 "" "" 14.554091 0.965647 14.942268 13.976622 "" "" 1551.18652 1693.30615 28399.46634 7.6097 14405.0 18.492 20347.0 20.23 "" "" 0.002770636571196142 0.0031189225 0.003930526 0.0070494483 272.56298621596 -16.80909695779 1625.19629 -1.1129999999999993 -1.7329999999999999 -0.06931253719329833 -0.06399997043609629 0.13676578 0.13176578 "" "" 0.7267493184141368 "" 0.09773892266943171 "" 1.0
272.54060685915 -16.70575243505 0.0262 0.0233 3.6013 "" "" 4145585520265695616 1678.95374 0.5501 0.0261 -0.956 -1.726 0.032 0.024 1.044 "" "" 14.597743 1.471439 15.256252 13.784813 "" "" 1610.25757 1763.99341 27280.33156 11.931 10787.0 15.847 24279.0 21.623 "" "" 0.0027959375488287 0.0032139057 0.0039011207 0.0071150265 272.54060685915 -16.70575243505 1678.95374 -0.956 -1.726 0.0876874628067017 -0.05699997043609617 0.14376578 0.13576578 "" "" 0.8323151000081737 "" 0.11771993914282469 "" 1.0
272.64944589704 -16.70373096978 0.0226 0.0198 2.7681 "" "" 4145582737126733952 1851.02954 0.5059 0.0271 -0.952 -1.647 0.027 0.021 0.981 "" "" 14.659664 1.351463 15.24836 13.896896 "" "" 1766.802 1948.55554 25768.01419 10.655 10866.0 22.751 21898.0 21.678 "" "" 0.0027916562136570235 0.003599014 0.003929247 0.0075282613 272.64944589704 -16.70373096978 1851.02954 -0.9519999999999996 -1.6469999999999994 0.0916874628067017 0.02200002956390379 0.13876578 0.13276578 "" "" 0.8272885904449591 "" 0.11453466116004171 "" 0.9
272.62152209079 -16.70582122231 0.0235 0.0216 1.2051 "" "" 4145582771486512256 1726.0498 0.5325 0.0291 -1.047 -1.595 0.028 0.022 0.979 7194.9 3.6129 14.686676 1.415213 15.311862 13.896649 "" "" 1635.43713 1809.20227 25134.85002 23.609 10249.0 32.571 21903.0 59.001 "" "" 0.0029379979760156085 0.0044374033 0.004778865 0.009216268 272.62152209079 -16.70582122231 1726.0498 -1.047 -1.5949999999999993 -0.0033125371932982706 0.07400002956390384 0.13976578 0.13376579 "" "" 0.6060357506470647 "" 0.08107428353904371 "" 1.0
272.83184020377 -16.81058717782 0.0252 0.0213 14.3763 "" "" 4145567034725878656 1774.68262 0.5263 0.0288 -1.158 -1.585 0.036 0.027 0.955 "" "" 14.772415 1.276619 15.319706 14.043087 "" "" 1685.50073 1859.99268 23226.34232 6.8043 10175.0 13.103 19139.0 13.536 "" "" 0.002773618555477781 0.0031208866 0.0038566012 0.006977488 272.83184020377 -16.81058717782 1774.68262 -1.158 -1.5850000000000002 -0.11431253719329826 0.08400002956390384 0.14776579 0.13876578 "" "" 1.1932990593981703 "" 0.17263911030837958 "" 0.9
272.59860620752 -16.55771368894 0.024 0.0211 9.4097 "" "" 4145589162398117760 1782.6405 0.5211 0.0262 -0.88 -1.71 0.031 0.024 0.933 7960.7 3.8951 14.775348 1.288156 15.329384 14.041227 "" "" 1704.70667 1865.46143 23163.69361 7.1619 10085.0 29.844 19172.0 19.836 "" "" 0.0027756945920718863 0.0042553693 0.0039427932 0.008198163 272.59860620752 -16.55771368894 1782.6405 -0.8799999999999999 -1.7099999999999997 0.16368746280670166 -0.040999970436096156 0.14276578 0.13576578 "" "" 1.4258400113257617 "" 0.2029855647015864 "" 0.8
272.69981831365 -16.64289196221 0.0237 0.0202 7.048 "" "" 4145584592552632960 1832.57117 0.5042 0.0272 -1.058 -1.584 0.029 0.022 0.95 7980.5 4.1061 14.781496 1.040912 15.207035 14.166123 "" "" 1737.026 1918.4137 23032.89301 6.3463 11288.0 16.207 17089.0 13.852 "" "" 0.002771512796704184 0.0031961107 0.0038804975 0.007076608 272.69981831365 -16.64289196221 1832.57117 -1.058 -1.5840000000000007 -0.014312537193298391 0.08500002956390373 0.14076579 0.13376579 "" "" 0.7487370502111282 "" 0.10030357620025897 "" 0.8
272.60560104341 -16.63379404011 0.03 0.0265 4.8451 "" "" 4145586447978652800 1738.60339 0.5354 0.0317 -1.183 -1.621 0.037 0.029 1.009 "" "" 14.966359 1.080933 15.409042 14.32811 "" "" 1647.38806 1829.65649 19426.87486 7.1314 9371.3 14.36 14720.0 21.533 "" "" 0.0027839973539204393 0.0032485374 0.0040995474 0.007348085 272.60560104341 -16.63379404011 1738.60339 -1.183 -1.621 -0.1393125371932984 0.04800002956390381 0.14876577 0.14076579 "" "" 1.2143073884346007 "" 0.17964142973226938 "" 0.8
272.66727220311 -16.59346078365 0.031 0.027 8.1581 "" "" 4145588269044761216 1679.95068 0.556 0.0321 -1.089 -1.731 0.041 0.031 0.944 "" "" 15.157255 1.139192 15.634481 14.49529 "" "" 1620.65918 1775.90344 16294.63779 5.6309 7614.2 10.644 12619.0 19.671 "" "" 0.0027807482679851475 0.0031762656 0.004141044 0.0073173093 272.66727220311 -16.59346078365 1679.95068 -1.089 -1.7309999999999999 -0.04531253719329831 -0.061999970436096286 0.15276578 0.14276578 "" "" 0.6115030469914149 "" 0.08947820173181066 "" 1.0
272.66097270133 -16.65905388588 0.0292 0.0256 4.7241 "" "" 4145584626912400000 1605.39746 0.5841 0.0348 -1.076 -1.655 0.035 0.027 0.992 7486.8 3.8598 15.252983 1.456776 15.908861 14.452086 "" "" 1519.83362 1711.11169 14919.46793 5.9505 5913.9 14.03 13132.0 31.263 "" "" 0.0027891414339001864 0.0037973237 0.004578737 0.008376061 272.66097270133 -16.65905388588 1605.39746 -1.0759999999999994 -1.6550000000000007 -0.03231253719329841 0.014000029563903782 0.14676578 0.13876578 "" "" 0.26797200294026635 "" 0.03899813389209761 "" 0.8
272.49848727488 -16.74557699152 0.0322 0.0285 6.2667 "" "" 4144084137138032640 1796.48279 0.5234 0.0316 -1.362 -1.731 0.039 0.031 0.973 "" "" 15.254956 1.380833 15.859241 14.478408 "" "" 1684.4491 1904.82239 14892.38003 6.1449 6190.4 13.166 12817.0 15.219 "" "" 0.0027915032912417866 0.0036217954 0.0039932183 0.007615014 272.49848727488 -16.74557699152 1796.48279 -1.3620000000000003 -1.7310000000000008 -0.31831253719329844 -0.061999970436096286 0.15076578 0.14276578 "" "" 2.761473450885497 "" 0.4155488836847777 "" 0.8
272.59266952503 -16.59359229299 0.0407 0.0358 7.2766 "" "" 4145588750081354496 1919.27136 0.4931 0.0397 -0.957 -1.669 0.049 0.039 1.06 9376.6 3.8805 15.479382 1.25533 16.015722 14.760392 "" "" 1773.52051 2116.99512 12111.37844 5.5366 5359.5 13.568 9885.6 24.752 "" "" 0.002799667242037325 0.003916631 0.0046555395 0.0085721705 272.59266952503 -16.59359229299 1919.27136 -0.957 -1.6689999999999992 0.0866874628067017 2.95639037695139e-08 0.16076578 0.15076578 "" "" 0.7886258643745332 "" 0.12678405379051988 "" 1.0
272.60473868485 -16.81702573643 0.0311 0.0292 6.1531 "" "" 4144079700415759616 1544.76538 0.5983 0.0367 -0.98 -1.639 0.035 0.03 0.953 9513.1 4.1819 15.486202 1.255564 16.008608 14.753044 "" "" 1464.21814 1635.91113 12035.54752 5.2273 5394.8 14.918 9952.7 13.412 "" "" 0.0027953813964296083 0.004098668 0.004052705 0.008151373 272.60473868485 -16.81702573643 1544.76538 -0.9800000000000001 -1.6389999999999993 0.06368746280670168 0.030000029563903796 0.14676578 0.14176577 "" "" 0.5154786319752909 "" 0.0751931478976416 "" 1.0
272.66641285413 -16.64856444986 0.0362 0.0326 5.3942 "" "" 4145584661272146304 2060.20239 0.4532 0.0451 -0.938 -1.609 0.043 0.032 1.062 9458.8 4.1809 15.617076 1.353491 16.216475 14.862984 "" "" 1899.13635 2297.39771 10668.81745 4.7316 4454.8 14.017 8994.2 16.809 "" "" 0.0027970793202944256 0.004410884 0.004289636 0.00870052 272.66641285413 -16.64856444986 2060.20239 -0.938 -1.6090000000000007 0.10568746280670172 0.06000002956390382 0.15476578 0.14376578 "" "" 1.1867962702848014 "" 0.1805804894983413 "" 0.8
272.63099411066 -16.77478686882 0.0354 0.0319 3.9682 "" "" 4145581152260033280 1711.11499 0.5555 0.0412 -1.201 -1.676 0.041 0.033 1.103 9451.2 4.1732 15.728354 1.292487 16.28793 14.995442 "" "" 1605.20972 1831.79736 9629.53267 4.4382 4171.1 12.977 7961.3 22.318 "" "" 0.002800392747685107 0.004381247 0.004852584 0.0092338305 272.63099411066 -16.77478686882 1711.11499 -1.2010000000000003 -1.6760000000000002 -0.1573125371932984 -0.006999970436096126 0.15276578 0.14476578 "" "" 1.2771749742758716 "" 0.1950889691911739 "" 0.8
272.68351746028 -16.5243685079 0.0418 0.0366 12.3196 "" "" 4145595347150959360 1898.15491 0.5047 0.0429 -0.929 -1.623 0.053 0.042 0.929 8607.5 3.05 15.807827 1.760784 16.645893 14.885109 "" "" 1750.92285 2040.38745 8949.85365 4.5361 2999.6 13.029 8812.8 13.281 "" "" 0.002809734437629929 0.005479555 0.0041183657 0.009597921 272.68351746028 -16.5243685079 1898.15491 -0.9290000000000004 -1.623 0.11468746280670161 0.04600002956390381 0.16476578 0.15376578 "" "" 1.1117787674919473 "" 0.1815375037458163 "" 0.9
272.72174989926 -16.91435807662 0.0349 0.0306 13.8069 "" "" 4144063590014360448 1769.58508 0.5305 0.0388 -1.193 -1.626 0.045 0.034 0.969 9315.7 4.1675 15.810582 1.333883 16.397902 15.064018 "" "" 1669.65112 1890.67664 8927.17227 4.0913 3769.3 8.9395 7474.0 9.416 "" "" 0.0027998902291534312 0.003796796 0.0040192953 0.007816091 272.72174989926 -16.91435807662 1769.58508 -1.193 -1.626 -0.1493125371932984 0.04300002956390392 0.15676579 0.14576578 "" "" 1.3033094138256802 "" 0.20325213802268785 "" 0.8
272.50168811378 -16.72156099137 0.0519 0.0465 5.8147 "" "" 4144084377656207616 1753.08936 0.5445 0.0424 -0.996 -1.424 0.062 0.05 0.997 "" "" 15.829241 1.540294 16.529312 14.989018 "" "" 1613.7323 1876.7179 8775.07012 4.4552 3339.6 9.2087 8008.5 15.535 "" "" 0.002809920860264872 0.004092445 0.004326603 0.008419048 272.50168811378 -16.72156099137 1753.08936 -0.9960000000000004 -1.424 0.047687462806701664 0.24500002956390388 0.17376578 0.16176578 "" "" 2.0740695324996774 "" 0.33645437469294764 "" 1.0
272.50019920645 -16.76593171718 0.0467 0.0416 6.6443 "" "" 4144083690461425152 1890.28577 0.4922 0.0471 -1.117 -1.788 0.056 0.043 0.999 "" "" 15.993389 1.506535 16.68277 15.176235 "" "" 1732.6991 2050.28589 7543.81476 4.1075 2899.4 10.147 6740.1 12.302 "" "" 0.002818025717770734 0.004714135 0.0042674094 0.0089815445 272.50019920645 -16.76593171718 1890.28577 -1.117 -1.788 -0.07331253719329833 -0.11899997043609623 0.16776578 0.15476578 "" "" 1.2523350325547689 "" 0.1984309518347546 "" 0.8
