Clusters/Dias_5/Dias_5_stars_in_region.tsv
# %ECSV 1.0
# ---
# datatype:
# - name: RA_ICRS_1
#   unit: deg
#   datatype: float64
#   format: '{:15.11f}'
#   description: Right ascension (ICRS) at Ep=2016.0 (ra)
#   meta: !!omap
#   - {ucd: POS_EQ_RA_MAIN}
#   - {width: 15}
#   - {precision: '11'}
# - name: DE_ICRS_1
#   unit: deg
#   datatype: float64
#   format: '{:15.11f}'
#   description: Declination (ICRS) at Ep=2016.0 (dec)
#   meta: !!omap
#   - {ucd: POS_EQ_DEC_MAIN}
#   - {width: 15}
#   - {precision: '11'}
# - name: e_RA_ICRS
#   unit: mas
#   datatype: float64
#   format: '{:7.4f}'
#   description: Standard error of right ascension (ra_error)
#   meta: !!omap
#   - {ucd: ERROR}
#   - {width: 7}
#   - {precision: '4'}
# - name: e_DE_ICRS
#   unit: mas
#   datatype: float64
#   format: '{:7.4f}'
#   description: Standard error of declination (dec_error)
#   meta: !!omap
#   - {ucd: ERROR}
#   - {width: 7}
#   - {precision: '4'}
# - name: _r_1
#   unit: ''
#   datatype: float64
#   format: '{:7.4f}'
#   description: Distance from center (274.36200711000-19.70059430000)[ICRS], at Epoch=J2016.0
#   meta: !!omap
#   - {ucd: POS_ANG_DIST_GENERAL}
#   - {width: 7}
#   - {precision: '4'}
# - name: HIP
#   datatype: int32
#   description: '? HIP cross-id number, van Leeuwen, Cat. I/311 (hip_original_ext_source_id)'
#   meta: !!omap
#   - {ucd: ID_NUMBER}
#   - {width: 6}
#   - values: {'null': -2147483648}
# - name: TYC2
#   datatype: string
#   description: Tycho-2 cross-id name, Hog et al., Cat. I/259 (tyc2_original_ext_source_id)
#   meta: !!omap
#   - {ucd: ID_CROSSID}
#   - {_votable_string_dtype: char}
# - name: Source
#   datatype: int64
#   description: Source identifier, identical to the Gaia-EDR3 source_id (id)
#   meta: !!omap
#   - {ucd: ID_MAIN}
#   - {width: 19}
# - name: rgeo
#   unit: pc
#   datatype: float64
#   format: '{:15.8f}'
#   description: '? Median of the geometric distance posterior (r_med_geo)'
#   meta: !!omap
#   - {ucd: PHYS_DISTANCE_TRUE}
#   - {width: 15}
#   - {precision: '8'}
#   - values: {'null': .nan}
# - name: Plx
#   unit: mas
#   datatype: float64
#   format: '{:9.4f}'
#   description: '? Parallax (parallax)'
#   meta: !!omap
#   - {ucd: POS_PARLX_TRIG}
#   - {width: 9}
#   - {precision: '4'}
#   - values: {'null': .nan}
# - name: e_Plx
#   unit: mas
#   datatype: float32
#   format: '{:7.4f}'
#   description: '? Standard error of parallax (parallax_error)'
#   meta: !!omap
#   - {ucd: ERROR}
#   - {width: 7}
#   - {precision: '4'}
#   - values: {'null': .nan}
# - name: pmRA
#   unit: mas / yr
#   datatype: float64
#   format: '{:9.3f}'
#   description: '? Proper motion in right ascension direction, pmRA*cosDE (pmra)'
#   meta: !!omap
#   - {ucd: POS_EQ_PMRA}
#   - {width: 9}
#   - {precision: '3'}
#   - values: {'null': .nan}
# - name: pmDE
#   unit: mas / yr
#   datatype: float64
#   format: '{:9.3f}'
#   description: '? Proper motion in declination direction (pmdec)'
#   meta: !!omap
#   - {ucd: POS_EQ_PMDEC}
#   - {width: 9}
#   - {precision: '3'}
#   - values: {'null': .nan}
# - name: e_pmRA
#   unit: mas / yr
#   datatype: float32
#   format: '{:6.3f}'
#   description: '? Standard error of proper motion in right ascension direction (pmra_error)'
#   meta: !!omap
#   - {ucd: ERROR}
#   - {width: 6}
#   - {precision: '3'}
#   - values: {'null': .nan}
# - name: e_pmDE
[...]
#         unit: &id001 !astropy.units.Unit {unit: deg}
#         value: !astropy.table.SerializedColumn {name: SkyCoord.dec}
#       distance: !astropy.table.SerializedColumn
#         __class__: astropy.coordinates.distances.Distance
#         unit: !astropy.units.Unit {unit: pc}
#         value: !astropy.table.SerializedColumn {name: SkyCoord.distance}
#       frame: icrs
#       obstime: !astropy.time.Time {format: jyear_str, in_subfmt: '*', jd1: 367701545.0, jd2: 0.0, out_subfmt: '*', precision: 3, scale: tt}
#       pm_dec: !astropy.table.SerializedColumn
#         __class__: astropy.units.quantity.Quantity
#         unit: !astropy.units.Unit {unit: mas / yr}
#         value: !astropy.table.SerializedColumn {name: SkyCoord.pm_dec}
#       pm_ra_cosdec: !astropy.table.SerializedColumn
#         __class__: astropy.units.quantity.Quantity
#         unit: !astropy.units.Unit {unit: mas / yr}
#         value: !astropy.table.SerializedColumn {name: SkyCoord.pm_ra_cosdec}
#       ra: !astropy.table.SerializedColumn
#         __class__: astropy.coordinates.angles.Longitude
#         unit: *id001
#         value: !astropy.table.SerializedColumn {name: SkyCoord.ra}
#         wrap_angle: !astropy.coordinates.Angle
#           unit: *id001
#           value: 360.0
#       representation_type: spherical
# schema: astropy-2.0
RA_ICRS_1 DE_ICRS_1 e_RA_ICRS e_DE_ICRS _r_1 HIP TYC2 Source rgeo Plx e_Plx pmRA pmDE e_pmRA e_pmDE RUWE Teff logg Gmag BP-RP BPmag RPmag RV e_RV b_rgeo B_rgeo FG e_FG FBP e_FBP FRP e_FRP RAVE5 RAVE6 e_Gmag e_BPmag e_RPmag e_BP-RP SkyCoord.ra SkyCoord.dec SkyCoord.distance SkyCoord.pm_ra_cosdec SkyCoord.pm_dec
[from data line 2350]
274.34371155011 -19.87288526297 0.0563 0.0506 10.3889 "" "" 4094450773521069312 1191.81348 0.8384 0.0628 -0.726 -5.015 0.076 0.059 0.909 4322.0 4.3763 16.811274 1.420107 17.459011 16.038904 "" "" 1103.44434 1289.13586 3551.70609 2.5046 1418.4 22.366 3045.1 17.16 "" "" 0.0028597197162223676 0.01734627 0.0071915863 0.024537858 274.34371155011 -19.87288526297 1191.81348 -0.726 -5.015
274.69039309018 -19.48526571815 0.0799 0.0753 22.6159 "" "" 4094559934399521536 1079.89478 0.9378 0.1042 2.717 -7.772 0.109 0.077 1.215 4474.8 4.653 16.812218 1.795179 17.60126 15.80608 "" "" 964.108398 1218.67627 3548.61935 4.4232 1244.3 12.947 3773.3 81.971 "" "" 0.003069734938612987 0.011636593 0.02388736 0.035523955 274.69039309018 -19.48526571815 1079.89478 2.717 -7.772
274.2818759101 -19.32452358025 0.0726 0.0633 23.0148 "" "" 4094760664011521024 1248.94519 0.8097 0.0915 4.436 0.462 0.089 0.061 1.1 4594.8 4.7313 16.812738 1.405723 17.306705 15.900983 "" "" 1112.14478 1429.19678 3546.91922 4.4239 1632.1 33.216 3457.5 106.19 "" "" 0.0030701154875018392 0.022272034 0.033559643 0.05583168 274.2818759101 -19.32452358025 1248.94519 4.436000000000001 0.462
273.99686877231 -19.67876055298 0.0603 0.0549 20.6689 "" "" 4094466372842542592 1335.04163 0.738 0.0686 -1.476 0.942 0.078 0.062 1.029 4723.9 4.671 16.813385 1.311897 17.392723 16.080826 "" "" 1231.83801 1446.66943 3544.8066 2.5162 1507.7 14.018 2929.7 12.561 "" "" 0.0028610740615711665 0.0104732495 0.0059961085 0.016469358 273.99686877231 -19.67876055298 1335.04163 -1.4760000000000002 0.942
274.5183892617 -20.09762579807 0.0596 0.0551 25.4032 "" "" 4094390953213841408 1057.93311 0.9387 0.0637 1.613 -16.389 0.07 0.058 1.018 4761.4 4.564 16.813927 1.314701 17.39825 16.08355 "" "" 991.204712 1147.17078 3543.03774 2.3828 1500.1 20.146 2922.4 14.118 "" "" 0.0028504328498702635 0.014845745 0.00646493 0.021310674 274.5183892617 -20.09762579807 1057.93311 1.613 -16.389
274.31564818048 -19.81727863955 0.0545 0.0483 7.4745 "" "" 4094454170806186624 1034.11243 0.9595 0.0612 7.828 -12.741 0.071 0.056 1.011 4850.4 4.6873 16.814245 1.315166 17.400434 16.085268 "" "" 970.025269 1100.10327 3541.99823 2.4539 1497.1 8.0089 2917.8 11.337 "" "" 0.002856150024048376 0.0064436775 0.005663938 0.012107615 274.31564818048 -19.81727863955 1034.11243 7.828 -12.740999999999998
274.41366631976 -19.19433188982 0.0716 0.0686 30.516 "" "" 4094767875221085056 1106.67139 0.8894 0.0916 1.026 -5.634 0.097 0.068 0.986 7197.3 4.3348 16.81884 2.252991 17.999485 15.746494 "" "" 1010.27325 1240.11755 3527.0457 3.3483 862.23 6.2562 3986.2 19.872 "" "" 0.0029417949890700695 0.008357436 0.0066015213 0.014958957 274.41366631976 -19.19433188982 1106.67139 1.026 -5.634
274.08345194858 -19.61256005079 0.0642 0.0604 16.602 "" "" 4094472931233894400 1384.12439 0.6934 0.0787 1.235 -1.026 0.079 0.06 0.98 7995.7 3.0611 16.819248 2.92031 18.497372 15.577062 "" "" 1248.02698 1549.98535 3525.71444 5.1281 545.09 17.819 4659.4 25.855 "" "" 0.0031757868015531896 0.03560223 0.007112054 0.042714283 274.08345194858 -19.61256005079 1384.12439 1.235 -1.026
274.2404060107 -19.75296847069 0.0575 0.0536 7.5527 "" "" 4094467094396919936 1200.69958 0.8083 0.0654 1.591 -0.942 0.069 0.057 0.962 10008.1 3.533 16.81927 2.367452 18.031689 15.664237 "" "" 1124.03821 1301.33875 3525.64733 9.2685 837.03 11.771 4300.0 37.861 "" "" 0.003967195550759141 0.015521352 0.010279744 0.025801096 274.2404060107 -19.75296847069 1200.69958 1.5909999999999997 -0.9419999999999998
274.31586079115 -19.43842023938 0.0669 0.0564 15.9453 "" "" 4094569967472041216 1442.05188 0.6838 0.0763 0.937 -1.002 0.08 0.063 0.96 9413.7 3.9681 16.819433 2.518443 18.07248 15.554036 "" "" 1287.27136 1614.04236 3525.11832 5.252 806.17 31.169 4759.3 116.17 "" "" 0.0031950695614960654 0.04207051 0.02676992 0.06884043 274.31586079115 -19.43842023938 1442.05188 0.9370000000000002 -1.002
274.05586796289 -19.34355804103 0.0697 0.0629 27.5432 "" "" 4094668957851537536 1437.73401 0.6994 0.0786 0.187 -2.413 0.085 0.067 1.137 "" "" 16.819752 1.418446 17.328516 15.910069 "" "" 1291.47131 1587.16345 3524.08269 4.0828 1599.6 29.27 3428.7 99.928 "" "" 0.0030288662030675912 0.020062122 0.03186822 0.051930342 274.05586796289 -19.34355804103 1437.73401 0.187 -2.4130000000000003
274.08404811906 -19.95281556818 0.0594 0.0519 21.7981 "" "" 4094446164989987072 1376.28186 0.6938 0.0645 0.238 -0.793 0.078 0.058 0.975 4989.4 4.5241 16.819891 1.416842 17.45082 16.03398 "" "" 1277.75598 1510.88977 3523.62913 2.9485 1429.2 12.357 3058.9 9.7358 "" "" 0.002901241252919637 0.00979326 0.005121064 0.0149143245 274.08404811906 -19.95281556818 1376.28186 0.238 -0.793
273.83697732307 -19.54960515171 0.0595 0.0537 31.024 "" "" 4094659577642954752 1384.72705 0.6737 0.0668 1.439 -1.292 0.073 0.057 0.979 "" "" 16.820179 1.543533 17.527624 15.984091 "" "" 1273.46094 1554.30518 3522.69677 2.7823 1331.6 14.346 3202.7 9.8838 "" "" 0.002885681819062471 0.012025355 0.0050508147 0.01707617 273.83697732307 -19.54960515171 1384.72705 1.4389999999999998 -1.292
274.0383921005 -19.73247635232 0.0603 0.0539 18.3784 "" "" 4094465238971140608 1010.97882 0.998 0.0621 -0.259 -4.028 0.073 0.059 1.034 4332.6 4.5963 16.820395 1.397634 17.477009 16.079374 "" "" 947.737366 1067.03577 3521.99568 2.9379 1395.1 11.488 2933.6 14.289 "" "" 0.0029003511938693704 0.009365798 0.0065000784 0.015865877 274.0383921005 -19.73247635232 1010.97882 -0.25899999999999995 -4.0280000000000005
274.53867016967 -20.02882022882 0.0686 0.0639 22.073 "" "" 4094397889557321600 1427.95801 0.6791 0.077 -1.162 4.446 0.079 0.066 1.094 "" "" 16.821386 2.510812 18.20304 15.692227 "" "" 1284.40771 1625.76196 3518.78038 3.8082 714.83 11.804 4190.5 16.304 "" "" 0.002995413738418747 0.01814459 0.00566818 0.02381277 274.53867016967 -20.02882022882 1427.95801 -1.162 4.446
274.10324560934 -19.37235969175 0.0586 0.0518 24.5346 "" "" 4094668060181984512 1211.604 0.8111 0.069 -3.329 -6.383 0.076 0.061 1.044 4518.0 4.3786 16.82236 1.43041 17.444887 16.014477 "" "" 1102.495 1338.22302 3515.62967 3.9753 1437.0 9.4178 3114.3 12.365 "" "" 0.0030164595981565165 0.007643172 0.005732951 0.013376123 274.10324560934 -19.37235969175 1211.604 -3.329 -6.383
274.0718474996 -19.64818375604 0.0669 0.0614 16.6921 "" "" 4094472523238214656 1373.10181 0.7032 0.0815 1.78 -0.924 0.086 0.065 0.943 3826.0 4.0489 16.82391 2.380657 18.09564 15.714983 "" "" 1219.87134 1537.80005 3510.60955 4.7359 789.15 7.7287 4103.6 15.989 "" "" 0.0031204313870079672 0.010993349 0.0056727366 0.016666086 274.0718474996 -19.64818375604 1373.10181 1.7800000000000002 -0.9239999999999999
274.35912812035 -19.54800242532 0.0653 0.0559 9.157 "" "" 4094565019669536512 1098.86755 0.8716 0.0722 2.235 -0.964 0.077 0.069 1.016 "" "" 16.824205 2.162185 17.93557 15.773385 "" "" 1007.49988 1208.13708 3509.6533 11.064 914.51 9.8635 3888.7 32.455 "" "" 0.004393955927582101 0.012038082 0.009818098 0.02185618 274.35912812035 -19.54800242532 1098.86755 2.235 -0.9640000000000001
274.32680086593 -19.74552866508 0.0595 0.0513 3.35 "" "" 4094455652603988224 1310.00696 0.7456 0.0668 2.808 -4.327 0.074 0.059 0.966 "" "" 16.824644 2.09664 17.879255 15.782616 "" "" 1202.13611 1457.34119 3508.23981 3.1422 963.2 9.0178 3855.8 21.534 "" "" 0.0029218924058370312 0.010541004 0.0071450435 0.017686047 274.32680086593 -19.74552866508 1310.00696 2.808 -4.327
274.52247320312 -19.82971528722 0.0626 0.0543 11.9213 "" "" 4094451735593705344 1285.979 0.7735 0.0695 8.335 -0.338 0.077 0.06 0.919 4436.0 4.5502 16.82579 1.308969 17.39988 16.09091 "" "" 1185.31616 1403.75281 3504.53422 2.9855 1497.8 12.289 2902.6 14.823 "" "" 0.002906422821232107 0.009334881 0.0067101964 0.016045077 274.52247320312 -19.82971528722 1285.979 8.335 -0.33799999999999997
274.17509321516 -19.70358645936 0.0588 0.0538 10.5598 "" "" 4094468468786508544 1263.66663 0.7742 0.0644 1.801 -0.964 0.069 0.056 0.978 8551.0 4.1412 16.826416 2.168801 17.932127 15.763326 "" "" 1168.57361 1378.12952 3502.51629 7.5192 917.42 13.777 3924.9 24.112 "" "" 0.0036089731133376705 0.016541637 0.007666372 0.02420801 274.17509321516 -19.70358645936 1263.66663 1.801 -0.964
274.84419296109 -19.86506773191 0.0676 0.0593 28.9571 "" "" 4094483793196206336 1156.43115 0.8811 0.0817 -0.697 1.303 0.077 0.061 0.959 4290.1 4.5744 16.82655 1.420166 17.456083 16.035917 "" "" 1052.25452 1280.37708 3502.08497 2.8683 1422.3 10.773 3053.5 33.226 "" "" 0.0028952631770705244 0.008684184 0.012403998 0.021088183 274.84419296109 -19.86506773191 1156.43115 -0.6969999999999998 1.303
274.41843193611 -19.68914777565 0.063 0.0532 3.2606 "" "" 4094456988315590528 1201.60852 0.807 0.0691 -1.226 -4.48 0.078 0.055 0.973 4916.3 4.3835 16.827606 1.592025 17.505062 15.913037 "" "" 1105.11865 1302.88123 3498.68231 3.1622 1359.5 10.402 3419.3 25.815 "" "" 0.0029248541067358924 0.008763386 0.009026398 0.017789785 274.41843193611 -19.68914777565 1201.60852 -1.2259999999999998 -4.48
274.89372915724 -19.78687677688 0.0762 0.0695 30.4708 "" "" 4094496300187368192 1503.7616 0.6788 0.08 -2.803 -3.314 0.091 0.074 1.072 9262.1 4.1765 16.828928 2.391519 18.09264 15.701121 "" "" 1332.75305 1712.13977 3494.42222 2.5948 791.34 8.8178 4156.3 10.444 "" "" 0.0028708496667850503 0.012415793 0.004661232 0.017077025 274.89372915724 -19.78687677688 1503.7616 -2.8030000000000004 -3.314
274.8303454693 -19.86582647664 0.0727 0.0654 28.2392 "" "" 4094494066804365312 1088.09912 0.9208 0.0819 -11.554 -5.684 0.088 0.069 0.996 4498.0 4.1905 16.83069 1.605375 17.603622 15.998247 "" "" 985.237183 1211.84314 3488.75563 2.6516 1241.6 12.053 3161.3 14.137 "" "" 0.0028762392804719456 0.010902991 0.006152856 0.017055847 274.8303454693 -19.86582647664 1088.09912 -11.554000000000002 -5.684
274.50588159132 -19.26813544787 0.0672 0.0613 27.1938 "" "" 4094578797924796928 1446.84302 0.6903 0.0809 0.168 -6.774 0.081 0.064 1.016 5493.7 4.5539 16.831291 1.949966 17.8031 15.853134 "" "" 1294.53674 1606.9187 3486.82426 2.7601 1033.2 20.719 3613.3 18.546 "" "" 0.002886249884921288 0.021950575 0.0067334543 0.02868403 274.50588159132 -19.26813544787 1446.84302 0.16799999999999998 -6.774000000000001
274.00132846313 -20.01363774846 0.069 0.0591 27.696 "" "" 4094422284971633536 1124.53638 0.8825 0.069 -2.556 -3.459 0.089 0.067 0.966 4312.0 4.706 16.83185 1.449247 17.467941 16.018694 "" "" 1041.33887 1212.70837 3485.03354 2.8404 1406.8 10.045 3102.3 12.189 "" "" 0.002893932787156472 0.008239316 0.0056992504 0.013938567 274.00132846313 -20.01363774846 1124.53638 -2.556 -3.4590000000000005
274.61814660212 -19.8987283155 0.0699 0.0634 18.7193 "" "" 4094403735036551040 1208.3114 0.7971 0.0773 -1.653 -5.017 0.081 0.064 1.082 5374.5 4.5826 16.832043 1.96887 17.820005 15.851135 "" "" 1117.06506 1309.06726 3484.41161 2.7718 1017.2 15.614 3620.0 16.919 "" "" 0.0028875155209028276 0.016897975 0.006327238 0.023225212 274.61814660212 -19.8987283155 1208.3114 -1.6529999999999996 -5.017000000000001
274.61850814508 -19.39839131957 0.0713 0.0628 23.2187 "" "" 4094573158580248576 1095.5105 0.8882 0.0846 -5.907 -8.826 0.095 0.082 1.064 4584.9 4.7404 16.832699 1.355442 17.453547 16.098104 "" "" 985.664062 1216.78369 3482.3079 3.1987 1425.6 11.524 2883.5 13.051 "" "" 0.002930259169225391 0.009209507 0.006199401 0.015408908 274.61850814508 -19.39839131957 1095.5105 -5.907 -8.826000000000002
274.8228338796 -19.62241685419 0.0686 0.0622 26.4567 "" "" 4094507810654098176 1472.29675 0.6578 0.0802 0.736 -1.846 0.085 0.065 0.957 9271.0 3.8808 16.834066 2.087328 17.8142 15.726871 "" "" 1340.37622 1602.65405 3477.92604 3.6837 1022.7 11.593 4058.9 35.034 "" "" 0.0029856709057471406 0.012619867 0.010104818 0.022724684 274.8228338796 -19.62241685419 1472.29675 0.736 -1.846
274.50775102955 -20.01370804841 0.0639 0.0585 20.5083 "" "" 4094398065679716096 1296.17993 0.777 0.0679 -4.398 -3.539 0.074 0.061 1.032 4483.0 4.6049 16.835009 1.664756 17.648579 15.983823 "" "" 1200.52417 1436.65259 3474.90548 2.5495 1191.2 9.3781 3203.5 15.229 "" "" 0.002868161311864774 0.0089916615 0.0063972026 0.015388864 274.50775102955 -20.01370804841 1296.17993 -4.398 -3.5390000000000006
274.0143550587 -19.39879343883 0.0697 0.0623 26.7261 "" "" 4094668300700040320 1174.52368 0.8641 0.0824 1.084 0.379 0.082 0.066 1.141 5107.3 4.544 16.84071 1.609519 17.553055 15.943536 "" "" 1054.36279 1296.03931 3456.70883 3.4463 1300.8 11.631 3324.6 13.617 "" "" 0.002960324955807127 0.010101028 0.0058360486 0.015937077 274.0143550587 -19.39879343883 1174.52368 1.0839999999999996 0.379
273.969056742 -19.4561532523 0.0583 0.054 26.6188 "" "" 4094666552669820416 1192.60486 0.8179 0.0688 1.498 -2.086 0.07 0.055 0.973 5430.0 4.6481 16.840994 1.600903 17.592426 15.991524 "" "" 1085.19958 1315.9812 3455.80451 2.6775 1254.4 9.9322 3180.9 11.288 "" "" 0.00288087213115414 0.009038195 0.005397111 0.014435306 273.969056742 -19.4561532523 1192.60486 1.498 -2.0859999999999994
274.29344341408 -20.04947693816 0.0819 0.0723 21.2875 "" "" 4094394320451080576 1463.44128 0.6561 0.0906 1.228 -0.424 0.107 0.082 1.366 9234.8 3.7077 16.841133 2.313853 17.880564 15.56671 "" "" 1324.95178 1676.77612 3455.36315 4.6908 962.04 10.365 4704.1 21.867 "" "" 0.003124782521046423 0.012025856 0.006305265 0.018331122 274.29344341408 -20.04947693816 1463.44128 1.2279999999999998 -0.42400000000000004
274.77864213358 -19.62839583318 0.0682 0.0598 23.9354 "" "" 4094507943798809856 1257.12988 0.8036 0.0712 -4.439 -0.844 0.082 0.063 1.003 4323.7 4.3707 16.8415 1.351568 17.458813 16.107244 "" "" 1150.70361 1380.78552 3454.19685 2.9581 1418.7 8.3435 2859.3 9.2242 "" "" 0.0029079751662956644 0.006968302 0.005152872 0.0121211745 274.77864213358 -19.62839583318 1257.12988 -4.439 -0.844
274.58600842573 -19.73341060969 0.0698 0.0576 12.8044 "" "" 4094546568489718784 1316.41663 0.7764 0.0741 -5.733 -1.296 0.086 0.063 1.018 4734.7 4.7875 16.843847 1.43321 17.287169 15.853958 "" "" 1183.84277 1467.95642 3446.73612 4.0936 1661.7 24.926 3610.6 215.46 "" "" 0.0030421377044049626 0.016523646 0.064900674 0.08142432 274.58600842573 -19.73341060969 1316.41663 -5.733 -1.2959999999999998
274.0614324464 -19.72034699627 0.0572 0.0513 17.0191 "" "" 4094465582568521344 1047.9397 0.9174 0.0627 1.69 -12.649 0.07 0.056 0.946 4626.2 4.5305 16.844893 1.446741 17.515944 16.069202 "" "" 984.801941 1135.87866 3443.41777 2.3668 1346.0 10.35 2961.3 20.759 "" "" 0.002854594333021479 0.008802618 0.008497813 0.01730043 274.0614324464 -19.72034699627 1047.9397 1.6899999999999997 -12.649
274.79548073965 -19.44128770694 0.0733 0.0656 29.0275 "" "" 4094558727492783872 1360.07593 0.7308 0.0736 0.443 -1.765 0.102 0.078 1.021 5503.2 4.6161 16.845066 1.81699 17.716848 15.899858 "" "" 1237.77209 1512.12329 3442.8698 3.0138 1118.6 8.1115 3461.1 19.401 "" "" 0.002914635172114852 0.008352973 0.007164043 0.015517015 274.79548073965 -19.44128770694 1360.07593 0.4430000000000001 -1.7649999999999997
274.49801322518 -19.30531464704 0.0718 0.0641 24.933 "" "" 4094577835852091648 1158.01965 0.8313 0.0793 -0.816 -4.83 0.093 0.071 1.011 9410.2 4.307 16.845413 1.980873 17.774511 15.793638 "" "" 1062.16541 1276.8645 3441.76589 3.524 1060.7 7.9572 3816.8 16.313 "" "" 0.0029711305246583183 0.0086096665 0.005984761 0.014594427 274.49801322518 -19.30531464704 1158.01965 -0.8159999999999998 -4.829999999999999
274.0082689538 -19.29255517562 0.0613 0.0564 31.6176 "" "" 4094681258638027648 1380.57251 0.7072 0.0726 -0.447 -4.007 0.07 0.054 0.974 5087.4 4.7144 16.84547 1.310018 17.404337 16.094318 "" "" 1279.62927 1508.91626 3441.58722 2.442 1491.7 11.193 2893.5 31.225 "" "" 0.0028609948667759236 0.008611393 0.012311112 0.020922504 274.0082689538 -19.29255517562 1380.57251 -0.44699999999999984 -4.006999999999999
