Clusters/Dias_5/Dias_5_stars_in_region.tsv
# %ECSV 1.0
# ---
# datatype:
# - name: RA_ICRS_1
#   unit: deg
#   datatype: float64
#   format: '{:15.11f}'
#   description: Right ascension (ICRS) at Ep=2016.0 (ra)
#   meta: !!omap
#   - {ucd: POS_EQ_RA_MAIN}
#   - {width: 15}
#   - {precision: '11'}
# - name: DE_ICRS_1
#   unit: deg
#   datatype: float64
#   format: '{:15.11f}'
#   description: Declination (ICRS) at Ep=2016.0 (dec)
#   meta: !!omap
#   - {ucd: POS_EQ_DEC_MAIN}
#   - {width: 15}
#   - {precision: '11'}
# - name: e_RA_ICRS
#   unit: mas
#   datatype: float64
#   format: '{:7.4f}'
#   description: Standard error of right ascension (ra_error)
#   meta: !!omap
#   - {ucd: ERROR}
#   - {width: 7}
#   - {precision: '4'}
# - name: e_DE_ICRS
#   unit: mas
#   datatype: float64
#   format: '{:7.4f}'
#   description: Standard error of declination (dec_error)
#   meta: !!omap
#   - {ucd: ERROR}
#   - {width: 7}
#   - {precision: '4'}
# - name: _r_1
#   unit: ''
#   datatype: float64
#   format: '{:7.4f}'
#   description: Distance from center (274.36200711000-19.70059430000)[ICRS], at Epoch=J2016.0
#   meta: !!omap
#   - {ucd: POS_ANG_DIST_GENERAL}
#   - {width: 7}
#   - {precision: '4'}
# - name: HIP
#   datatype: int32
#   description: '? HIP cross-id number, van Leeuwen, Cat. I/311 (hip_original_ext_source_id)'
#   meta: !!omap
#   - {ucd: ID_NUMBER}
#   - {width: 6}
#   - values: {'null': -2147483648}
# - name: TYC2
#   datatype: string
#   description: Tycho-2 cross-id name, Hog et al., Cat. I/259 (tyc2_original_ext_source_id)
#   meta: !!omap
#   - {ucd: ID_CROSSID}
#   - {_votable_string_dtype: char}
# - name: Source
#   datatype: int64
#   description: Source identifier, identical to the Gaia-EDR3 source_id (id)
#   meta: !!omap
#   - {ucd: ID_MAIN}
#   - {width: 19}
# - name: rgeo
#   unit: pc
#   datatype: float64
#   format: '{:15.8f}'
#   description: '? Median of the geometric distance posterior (r_med_geo)'
#   meta: !!omap
#   - {ucd: PHYS_DISTANCE_TRUE}
#   - {width: 15}
#   - {precision: '8'}
#   - values: {'null': .nan}
# - name: Plx
#   unit: mas
#   datatype: float64
#   format: '{:9.4f}'
#   description: '? Parallax (parallax)'
#   meta: !!omap
#   - {ucd: POS_PARLX_TRIG}
#   - {width: 9}
#   - {precision: '4'}
#   - values: {'null': .nan}
# - name: e_Plx
#   unit: mas
#   datatype: float32
#   format: '{:7.4f}'
#   description: '? Standard error of parallax (parallax_error)'
#   meta: !!omap
#   - {ucd: ERROR}
#   - {width: 7}
#   - {precision: '4'}
#   - values: {'null': .nan}
# - name: pmRA
#   unit: mas / yr
#   datatype: float64
#   format: '{:9.3f}'
#   description: '? Proper motion in right ascension direction, pmRA*cosDE (pmra)'
#   meta: !!omap
#   - {ucd: POS_EQ_PMRA}
#   - {width: 9}
#   - {precision: '3'}
#   - values: {'null': .nan}
# - name: pmDE
#   unit: mas / yr
#   datatype: float64
#   format: '{:9.3f}'
#   description: '? Proper motion in declination direction (pmdec)'
#   meta: !!omap
#   - {ucd: POS_EQ_PMDEC}
#   - {width: 9}
#   - {precision: '3'}
#   - values: {'null': .nan}
# - name: e_pmRA
#   unit: mas / yr
#   datatype: float32
#   format: '{:6.3f}'
#   description: '? Standard error of proper motion in right ascension direction (pmra_error)'
#   meta: !!omap
#   - {ucd: ERROR}
#   - {width: 6}
#   - {precision: '3'}
#   - values: {'null': .nan}
# - name: e_pmDE
[...]
#         unit: &id001 !astropy.units.Unit {unit: deg}
#         value: !astropy.table.SerializedColumn {name: SkyCoord.dec}
#       distance: !astropy.table.SerializedColumn
#         __class__: astropy.coordinates.distances.Distance
#         unit: !astropy.units.Unit {unit: pc}
#         value: !astropy.table.SerializedColumn {name: SkyCoord.distance}
#       frame: icrs
#       obstime: !astropy.time.Time {format: jyear_str, in_subfmt: '*', jd1: 367701545.0, jd2: 0.0, out_subfmt: '*', precision: 3, scale: tt}
#       pm_dec: !astropy.table.SerializedColumn
#         __class__: astropy.units.quantity.Quantity
#         unit: !astropy.units.Unit {unit: mas / yr}
#         value: !astropy.table.SerializedColumn {name: SkyCoord.pm_dec}
#       pm_ra_cosdec: !astropy.table.SerializedColumn
#         __class__: astropy.units.quantity.Quantity
#         unit: !astropy.units.Unit {unit: mas / yr}
#         value: !astropy.table.SerializedColumn {name: SkyCoord.pm_ra_cosdec}
#       ra: !astropy.table.SerializedColumn
#         __class__: astropy.coordinates.angles.Longitude
#         unit: *id001
#         value: !astropy.table.SerializedColumn {name: SkyCoord.ra}
#         wrap_angle: !astropy.coordinates.Angle
#           unit: *id001
#           value: 360.0
#       representation_type: spherical
# schema: astropy-2.0
RA_ICRS_1 DE_ICRS_1 e_RA_ICRS e_DE_ICRS _r_1 HIP TYC2 Source rgeo Plx e_Plx pmRA pmDE e_pmRA e_pmDE RUWE Teff logg Gmag BP-RP BPmag RPmag RV e_RV b_rgeo B_rgeo FG e_FG FBP e_FBP FRP e_FRP RAVE5 RAVE6 e_Gmag e_BPmag e_RPmag e_BP-RP SkyCoord.ra SkyCoord.dec SkyCoord.distance SkyCoord.pm_ra_cosdec SkyCoord.pm_dec
[from data line 1656]
274.01185763406 -19.35853437339 0.0433 0.0391 28.5179 "" "" 4094669060930783104 1263.97241 0.7707 0.051 1.813 -5.562 0.053 0.042 1.022 4649.3 4.3366 16.14041 1.17971 16.644283 15.464573 "" "" 1197.08044 1385.16772 6588.44473 3.4536 3004.0 9.4836 5168.1 16.974 "" "" 0.002813485609128005 0.0044197165 0.005196139 0.009615855 274.01185763406 -19.35853437339 1263.97241 1.8129999999999997 -5.562
274.11781925455 -19.40080466373 0.0421 0.0361 22.6752 "" "" 4094667755260603648 1143.49377 0.8585 0.0485 2.085 -0.234 0.051 0.039 0.952 6022.2 4.467 16.142906 1.381694 16.758652 15.376958 "" "" 1079.61816 1205.23535 6573.30696 3.5326 2703.7 12.244 5602.4 9.1421 "" "" 0.0028164254306138605 0.00565338 0.004174055 0.009827435 274.11781925455 -19.40080466373 1143.49377 2.0849999999999995 -0.23400000000000004
274.02059026361 -19.6412819655 0.0435 0.0396 19.6151 "" "" 4094654561121012480 1358.24988 0.7038 0.052 -0.323 -7.343 0.055 0.041 0.981 4782.9 4.3176 16.14362 1.233838 16.680597 15.446759 "" "" 1283.6582 1469.65076 6568.99452 5.2815 2905.2 14.261 5253.6 19.786 "" "" 0.00289029542090353 0.0060158256 0.0055681486 0.011583975 274.02059026361 -19.6412819655 1358.24988 -0.323 -7.343000000000002
274.34724315716 -19.47831125953 0.048 0.0417 13.3631 "" "" 4094568764853493248 1008.77985 0.9868 0.0577 -0.215 -6.604 0.059 0.045 1.114 4808.9 4.5289 16.14412 1.308312 16.603403 15.295092 "" "" 954.238281 1067.27856 6565.97737 5.6381 3119.3 50.928 6041.2 68.579 "" "" 0.0029087765029653712 0.017944776 0.01289159 0.030836366 274.34724315716 -19.47831125953 1008.77985 -0.21500000000000002 -6.603999999999999
274.87483250672 -19.55699785897 0.0492 0.0442 30.235 "" "" 4094509941004252800 1085.40662 0.8969 0.0538 -1.352 -8.611 0.066 0.048 0.925 4832.8 4.3887 16.144478 1.164751 16.635817 15.471065 "" "" 1015.74579 1179.77344 6563.80478 3.6637 3027.5 12.317 5137.3 14.131 "" "" 0.002821179246573372 0.005224608 0.0048169387 0.010041546 274.87483250672 -19.55699785897 1085.40662 -1.352 -8.611000000000002
274.39943502342 -19.75528853098 0.0446 0.0389 3.9035 "" "" 4094456064923449600 1060.27332 0.9249 0.049 2.242 -3.047 0.057 0.042 1.053 4907.4 4.4504 16.1459 1.198522 16.668211 15.469689 "" "" 1003.49792 1128.58557 6555.21242 4.7615 2938.5 10.702 5143.8 15.042 "" "" 0.002865963997671899 0.0048395353 0.0049360357 0.0097755715 274.39943502342 -19.75528853098 1060.27332 2.242 -3.047
274.43502864895 -19.90581567422 0.0444 0.0406 12.985 "" "" 4094449536570451584 1086.29138 0.9036 0.0489 -0.739 -4.018 0.052 0.041 1.043 5168.8 4.595 16.146233 1.194498 16.665953 15.471455 "" "" 1030.93457 1138.13196 6553.20305 3.5315 2944.7 15.434 5135.4 11.916 "" "" 0.002816758972403828 0.0063378643 0.004542094 0.010879958 274.43502864895 -19.90581567422 1086.29138 -0.739 -4.018
274.11079706599 -19.86283044524 0.0418 0.0377 17.2022 "" "" 4094458951139177856 1055.55884 0.9222 0.0463 -3.071 -8.468 0.051 0.04 0.996 4931.3 4.584 16.147236 1.324942 16.723886 15.398945 "" "" 1002.19159 1107.03088 6547.14956 3.2773 2791.7 10.115 5490.1 28.199 "" "" 0.002808409917526661 0.004822912 0.006736718 0.01155963 274.11079706599 -19.86283044524 1055.55884 -3.071000000000001 -8.468
274.81988032554 -19.58144170788 0.0522 0.0459 26.8435 "" "" 4094508566614177408 1071.62549 0.9108 0.061 -0.153 -0.268 0.067 0.051 1.208 5109.8 4.6636 16.150894 1.238416 16.669289 15.430873 "" "" 1002.98676 1142.4585 6525.13294 11.525 2935.6 22.098 5331.0 26.436 "" "" 0.0033569750436701924 0.0086361235 0.0065781474 0.015214271 274.81988032554 -19.58144170788 1071.62549 -0.153 -0.268
274.57776801061 -19.94412790423 0.0441 0.0395 19.0218 "" "" 4094400230343235584 1418.10034 0.6692 0.0495 2.012 -1.012 0.053 0.045 1.051 "" "" 16.151289 2.564565 17.530409 14.965844 "" "" 1323.23169 1533.47339 6522.76101 4.47 1328.2 9.7118 8181.3 13.738 "" "" 0.002854013889394188 0.008414942 0.004196147 0.012611089 274.57776801061 -19.94412790423 1418.10034 2.012 -1.012
273.90305314037 -19.58093608852 0.0417 0.0367 26.9105 "" "" 4094658821728639488 1327.89502 0.7238 0.0475 0.559 -0.464 0.054 0.041 1.058 7812.6 3.6497 16.152737 2.340692 17.375002 15.034309 "" "" 1266.36133 1414.14795 6514.0685 12.603 1532.6 16.603 7681.3 62.333 "" "" 0.0034647311054936815 0.012088435 0.009587031 0.021675466 273.90305314037 -19.58093608852 1327.89502 0.559 -0.4640000000000001
274.55718705044 -19.80084174309 0.05 0.041 12.5563 "" "" 4094405315584561152 1212.88293 0.7876 0.0527 -0.851 -5.906 0.062 0.044 0.988 "" "" 16.153559 1.876 17.069738 15.193738 "" "" 1143.07361 1294.34192 6509.13542 5.0877 2030.1 14.529 6632.3 16.767 "" "" 0.0028830497448116077 0.008256147 0.0046709552 0.012927102 274.55718705044 -19.80084174309 1212.88293 -0.8509999999999998 -5.905999999999999
274.62896720891 -19.45217237465 0.0506 0.0446 21.2115 "" "" 4094560857793805568 1483.07166 0.6454 0.0575 -0.06 -4.786 0.067 0.051 1.121 "" "" 16.154385 2.187687 17.28736 15.099672 "" "" 1366.34412 1632.74988 6504.18331 4.1476 1661.4 10.924 7232.5 18.331 "" "" 0.002840975878811578 0.007664793 0.004675073 0.012339866 274.62896720891 -19.45217237465 1483.07166 -0.060000000000000026 -4.786
274.43949548967 -19.35975340129 0.0429 0.0379 20.9146 "" "" 4094571376221276800 1346.30505 0.7177 0.0491 1.656 2.094 0.053 0.042 0.952 8058.8 3.7194 16.154678 2.453503 17.478756 15.025253 "" "" 1270.66748 1424.23718 6502.42691 4.0798 1392.9 8.3363 7745.6 15.727 "" "" 0.0028382830643063394 0.0070716804 0.004375347 0.011447027 274.43949548967 -19.35975340129 1346.30505 1.656 2.0939999999999994
274.75324888305 -19.65231458013 0.0421 0.0357 22.2928 "" "" 4094502033923750016 1211.09021 0.8186 0.047 -1.642 -1.198 0.052 0.04 0.901 5136.3 4.5937 16.155977 1.203673 16.678764 15.475091 "" "" 1147.24805 1268.52246 6494.65321 3.7782 2910.1 12.704 5118.3 9.8778 "" "" 0.0028267876466186843 0.005500039 0.004321373 0.009821412 274.75324888305 -19.65231458013 1211.09021 -1.6419999999999997 -1.198
273.86220568625 -19.45451823349 0.0463 0.0427 31.8795 "" "" 4094678131901776384 1419.67847 0.6792 0.0525 0.748 0.744 0.053 0.042 1.06 5508.7 4.5762 16.157192 1.235553 16.673769 15.438216 "" "" 1328.29395 1538.39209 6487.39019 3.3011 2923.5 12.313 5295.1 30.923 "" "" 0.002810163428128142 0.0053568482 0.007381544 0.012738392 273.86220568625 -19.45451823349 1419.67847 0.7480000000000001 0.744
273.96615434078 -19.64890068324 0.0774 0.0685 22.5786 "" "" 4094654316285521920 1077.07483 0.9402 0.0868 -8.442 -7.647 0.095 0.074 1.809 5085.6 4.664 16.157204 1.264888 16.695805 15.430917 "" "" 985.638672 1193.98926 6487.31788 6.5563 2864.8 12.955 5330.8 19.287 "" "" 0.0029657740068945388 0.0056472635 0.005451119 0.011098383 273.96615434078 -19.64890068324 1077.07483 -8.442 -7.646999999999999
274.15086825541 -19.26046446384 0.0469 0.0427 28.9829 "" "" 4094763511534095744 1271.41565 0.7647 0.0605 -2.513 -11.213 0.058 0.044 0.993 5861.1 4.5782 16.15768 1.302196 16.710419 15.408223 "" "" 1184.91467 1386.4054 6484.47471 3.4586 2826.5 20.815 5443.4 19.871 "" "" 0.0028155177994122226 0.008468462 0.0054765586 0.013945021 274.15086825541 -19.26046446384 1271.41565 -2.5130000000000003 -11.212999999999997
273.8847911058 -19.56628060878 0.0393 0.0345 28.1466 "" "" 4094658718649447040 1296.13464 0.7447 0.0438 7.516 -4.287 0.05 0.039 1.029 5062.2 4.4517 16.158228 1.239924 16.704292 15.464368 "" "" 1226.22095 1364.44043 6481.20577 3.0537 2842.5 10.584 5169.1 11.727 "" "" 0.0028024062791830373 0.0049120905 0.004511207 0.009423297 273.8847911058 -19.56628060878 1296.13464 7.515999999999999 -4.287
274.22545605552 -19.74561147575 0.0411 0.0389 8.1717 "" "" 4094467163116409600 1179.73743 0.8478 0.0482 2.015 -1.697 0.048 0.038 0.987 4981.1 4.5949 16.162361 1.19663 16.683928 15.487297 "" "" 1115.92969 1238.72961 6456.57797 4.7516 2896.3 8.4704 5061.0 20.873 "" "" 0.0028688385172015744 0.004227005 0.0058596223 0.010086628 274.22545605552 -19.74561147575 1179.73743 2.0150000000000006 -1.697
273.99022748014 -19.80428292646 0.0453 0.0402 21.8967 "" "" 4094463177387065856 1180.83423 0.8179 0.0472 -0.389 -2.971 0.056 0.044 0.978 5150.1 4.6166 16.163054 1.202593 16.674768 15.472176 "" "" 1118.65125 1236.09802 6452.46241 4.8407 2920.9 10.849 5132.0 19.93 "" "" 0.002873194775965209 0.004903858 0.005662333 0.010566192 273.99022748014 -19.80428292646 1180.83423 -0.389 -2.971
274.10613982019 -19.3482092816 0.0449 0.038 25.6201 "" "" 4094761999705428992 1105.12146 0.873 0.0509 0.663 -1.071 0.056 0.041 1.069 4948.3 4.6273 16.16519 1.228335 16.695166 15.46683 "" "" 1045.50378 1162.61426 6439.78126 5.2126 2866.5 14.057 5157.3 15.33 "" "" 0.0028920825244743856 0.006011118 0.004969851 0.010980969 274.10613982019 -19.3482092816 1105.12146 0.663 -1.071
274.75078078958 -19.64632057261 0.0434 0.0368 22.2049 "" "" 4094502033923766144 1034.93335 0.9431 0.0484 -0.037 -1.569 0.054 0.041 1.03 4602.4 4.4266 16.165775 1.266976 16.72526 15.458283 "" "" 997.091431 1092.63989 6436.30216 4.5709 2788.1 15.077 5198.1 16.456 "" "" 0.0028611757781409866 0.0065005133 0.0051086224 0.011609135 274.75078078958 -19.64632057261 1034.93335 -0.037 -1.569
274.82326893341 -19.99679908425 0.0546 0.0464 31.5197 "" "" 4094480219829737344 1125.37231 0.8768 0.067 3.214 -3.357 0.059 0.043 1.112 4356.1 4.2322 16.165882 1.360047 16.751854 15.391807 "" "" 1033.02551 1227.53271 6435.67198 77.18 2720.7 92.645 5526.3 188.39 "" "" 0.013309060279215476 0.03707651 0.0372049 0.07428141 274.82326893341 -19.99679908425 1125.37231 3.214 -3.3569999999999998
274.10490515281 -20.06732757025 0.0459 0.0393 26.3555 "" "" 4094418367961232000 1105.50989 0.875 0.0462 2.308 -0.277 0.062 0.047 0.946 5303.9 4.6189 16.170017 1.258334 16.490524 15.23219 "" "" 1054.16675 1161.61768 6411.20679 8.4819 3461.0 81.755 6401.5 136.93 "" "" 0.0031072585825977087 0.025798352 0.023529729 0.04932808 274.10490515281 -20.06732757025 1105.50989 2.308 -0.277
274.79371876811 -19.93743373933 0.0464 0.0392 28.2091 "" "" 4094481662938790912 1317.15247 0.7427 0.0536 0.73 1.092 0.053 0.039 0.995 5352.6 4.5833 16.17046 1.360661 16.771837 15.411177 "" "" 1238.27319 1406.69836 6408.59151 3.135 2671.0 13.883 5428.6 20.136 "" "" 0.002806044624021934 0.006295393 0.0055229114 0.011818305 274.79371876811 -19.93743373933 1317.15247 0.73 1.092
274.4024255388 -20.03554933203 0.0431 0.0387 20.2263 "" "" 4094394904583807232 1418.58875 0.6692 0.0464 1.69 1.898 0.052 0.041 1.044 6660.6 4.1782 16.172073 1.645844 16.936758 15.290915 "" "" 1333.78882 1508.23792 6399.07324 4.2517 2294.6 13.133 6064.5 14.994 "" "" 0.00284819104435259 0.0068118 0.0046357 0.0114475 274.4024255388 -20.03554933203 1418.58875 1.69 1.898
274.60539917671 -20.08558242322 0.0431 0.04 26.8728 "" "" 4094384974619338752 1401.81689 0.6932 0.0491 -2.971 -2.998 0.051 0.041 1.037 9076.4 3.55 16.172577 2.026034 17.193003 15.166968 "" "" 1301.18372 1495.625 6396.1161 6.7398 1812.2 13.915 6797.8 23.499 "" "" 0.0029834040786927067 0.008791355 0.005326394 0.014117749 274.60539917671 -20.08558242322 1401.81689 -2.9710000000000005 -2.9980000000000007
274.35753306958 -20.20076063584 0.0463 0.0419 30.011 "" "" 4094388921668656512 1296.49438 0.7683 0.0486 0.002 -3.479 0.057 0.044 0.961 8045.1 4.2051 16.172869 1.689705 16.95545 15.265745 "" "" 1223.05652 1380.66565 6394.39017 4.0665 2255.5 9.43 6206.7 21.147 "" "" 0.0028405176935434595 0.0053282925 0.0052884864 0.010616779 274.35753306958 -20.20076063584 1296.49438 0.0020000000000000157 -3.4790000000000005
274.28145037157 -19.92008174075 0.083 0.0757 13.9322 "" "" 4094444691847381632 1097.41235 0.9175 0.0934 3.039 -2.479 0.107 0.085 2.291 4700.1 4.4926 16.17437 1.47901 16.837284 15.358274 "" "" 1006.763 1223.28552 6385.55705 11.622 2514.8 13.089 5699.7 19.809 "" "" 0.0033906805902667557 0.0063023125 0.005340637 0.01164295 274.28145037157 -19.92008174075 1097.41235 3.0389999999999997 -2.479
274.3843779174 -19.91166705266 0.0405 0.0362 12.7272 "" "" 4094449674009418624 1153.15308 0.8293 0.0461 -4.297 -1.643 0.052 0.04 1.044 5117.8 4.6046 16.177887 1.184761 16.69653 15.511768 "" "" 1091.93054 1217.4873 6364.90549 3.0217 2862.9 15.375 4948.2 16.757 "" "" 0.002803118727111146 0.0064640604 0.005272835 0.011736896 274.3843779174 -19.91166705266 1153.15308 -4.297 -1.6430000000000002
274.55113136964 -19.8554225524 0.0437 0.0374 14.1534 "" "" 4094404525310563584 1141.46545 0.8524 0.0483 1.346 0.975 0.053 0.042 0.893 4830.5 4.3981 16.178175 1.232589 16.70398 15.471391 "" "" 1086.99707 1197.2135 6363.21254 4.8935 2843.3 13.006 5135.7 18.099 "" "" 0.0028790542441109184 0.005696542 0.005378133 0.011074675 274.55113136964 -19.8554225524 1141.46545 1.346 0.975
274.14902890478 -19.92374491871 0.0507 0.0423 17.9945 "" "" 4094446650352986624 1316.88025 0.7315 0.0498 -3.281 -6.178 0.067 0.051 1.015 5081.1 4.6321 16.178825 1.247189 16.725893 15.478703 "" "" 1228.10327 1404.45374 6359.40486 3.6528 2786.5 18.903 5101.3 9.023 "" "" 0.0028250160797922163 0.007876171 0.0042393054 0.012115477 274.14902890478 -19.92374491871 1316.88025 -3.2810000000000006 -6.177999999999999
274.236106356 -19.58532192493 0.0474 0.0407 9.9223 "" "" 4094473794545980928 1502.03662 0.6346 0.0543 -0.122 -1.654 0.056 0.042 1.046 "" "" 16.178953 2.403983 17.468325 15.064342 "" "" 1376.58984 1658.06104 6358.65926 3.9018 1406.3 8.6629 7471.7 12.668 "" "" 0.0028347223704356817 0.007246871 0.004203852 0.011450723 274.236106356 -19.58532192493 1502.03662 -0.12200000000000003 -1.6539999999999995
274.78949396711 -19.97197526942 0.0494 0.0422 29.1077 "" "" 4094481246280459392 1217.42261 0.7927 0.0571 -0.928 0.767 0.057 0.044 1.006 5365.3 4.623 16.179811 1.213023 16.7118 15.498776 "" "" 1146.80652 1305.65125 6353.63352 3.807 2822.9 10.321 5007.8 11.29 "" "" 0.0028310798581142336 0.0048521184 0.004502813 0.009354931 274.78949396711 -19.97197526942 1217.42261 -0.928 0.767
274.09850802253 -20.11019952429 0.049 0.0419 28.7224 "" "" 4094417680766275200 1186.82812 0.827 0.0501 1.394 -15.076 0.064 0.046 1.052 4843.4 4.3063 16.180286 1.249816 16.737608 15.487792 "" "" 1131.69446 1258.40479 6350.85195 3.6887 2756.6 16.364 5058.7 14.241 "" "" 0.0028265645451530557 0.0070232716 0.0048606563 0.0118839275 274.09850802253 -20.11019952429 1186.82812 1.394 -15.075999999999999
274.1285357595 -20.09002810032 0.0473 0.0412 26.8231 "" "" 4094418024363749632 1468.35913 0.6591 0.047 -5.976 -9.127 0.064 0.046 0.917 5673.7 4.434 16.180702 1.524036 16.875122 15.351086 "" "" 1383.1311 1554.11658 6348.42425 4.272 2428.7 9.3693 5737.5 21.145 "" "" 0.0028505420781498063 0.005032743 0.005504065 0.0105368085 274.1285357595 -20.09002810032 1468.35913 -5.976 -9.126999999999999
274.77091372431 -19.90898813127 0.0487 0.042 26.2522 "" "" 4094493517048556928 1133.98547 0.8589 0.0519 4.429 3.186 0.057 0.044 1.059 5016.9 4.4728 16.182873 1.25342 16.740091 15.486671 "" "" 1072.47498 1203.4397 6335.74211 7.3091 2750.3 18.842 5064.0 20.178 "" "" 0.0030266548335031143 0.007944351 0.0057445555 0.013688907 274.77091372431 -19.90898813127 1133.98547 4.428999999999999 3.1860000000000004
274.44452821463 -19.76083122207 0.0427 0.0372 5.8978 "" "" 4094453178702762624 1154.13159 0.8281 0.0495 -6.191 -1.797 0.054 0.04 1.038 6269.3 4.3927 16.18372 1.459847 16.830658 15.370811 "" "" 1097.18091 1240.74976 6330.79994 4.2831 2530.2 9.9104 5634.2 17.038 "" "" 0.0028515538774980206 0.0050862725 0.005006375 0.010092648 274.44452821463 -19.76083122207 1154.13159 -6.191000000000001 -1.7969999999999997
274.77724323339 -19.97909521008 0.0482 0.0428 28.7827 "" "" 4094387409834941568 1252.06006 0.7792 0.0565 -0.932 -3.937 0.055 0.041 1.073 5270.8 4.635 16.184464 1.208409 16.708494 15.500085 "" "" 1174.79309 1352.18237 6326.46993 3.6597 2831.5 11.746 5001.8 15.86 "" "" 0.002825997494750798 0.0052982075 0.0051123397 0.010410547 274.77724323339 -19.97909521008 1252.06006 -0.9319999999999999 -3.9369999999999994
