Clusters/Dias_5/Dias_5_members.tsv
# %ECSV 1.0
# ---
# datatype:
# - name: RA_ICRS_1
#   unit: deg
#   datatype: float64
#   format: '{:15.11f}'
#   description: Right ascension (ICRS) at Ep=2016.0 (ra)
#   meta: !!omap
#   - {ucd: POS_EQ_RA_MAIN}
#   - {width: 15}
#   - {precision: '11'}
# - name: DE_ICRS_1
#   unit: deg
#   datatype: float64
#   format: '{:15.11f}'
#   description: Declination (ICRS) at Ep=2016.0 (dec)
#   meta: !!omap
#   - {ucd: POS_EQ_DEC_MAIN}
#   - {width: 15}
#   - {precision: '11'}
# - name: e_RA_ICRS
#   unit: mas
#   datatype: float64
#   format: '{:7.4f}'
#   description: Standard error of right ascension (ra_error)
#   meta: !!omap
#   - {ucd: ERROR}
#   - {width: 7}
#   - {precision: '4'}
# - name: e_DE_ICRS
#   unit: mas
#   datatype: float64
#   format: '{:7.4f}'
#   description: Standard error of declination (dec_error)
#   meta: !!omap
#   - {ucd: ERROR}
#   - {width: 7}
#   - {precision: '4'}
# - name: _r_1
#   unit: ''
#   datatype: float64
#   format: '{:7.4f}'
#   description: Distance from center (274.36200711000-19.70059430000)[ICRS], at Epoch=J2016.0
#   meta: !!omap
#   - {ucd: POS_ANG_DIST_GENERAL}
#   - {width: 7}
#   - {precision: '4'}
# - name: HIP
#   datatype: int32
#   description: '? HIP cross-id number, van Leeuwen, Cat. I/311 (hip_original_ext_source_id)'
#   meta: !!omap
#   - {ucd: ID_NUMBER}
#   - {width: 6}
#   - values: {'null': -2147483648}
# - name: TYC2
#   datatype: string
#   description: Tycho-2 cross-id name, Hog et al., Cat. I/259 (tyc2_original_ext_source_id)
#   meta: !!omap
#   - {ucd: ID_CROSSID}
#   - {_votable_string_dtype: char}
# - name: Source
#   datatype: int64
#   description: Source identifier, identical to the Gaia-EDR3 source_id (id)
#   meta: !!omap
#   - {ucd: ID_MAIN}
#   - {width: 19}
# - name: rgeo
#   unit: pc
#   datatype: float64
#   format: '{:15.8f}'
#   description: '? Median of the geometric distance posterior (r_med_geo)'
#   meta: !!omap
#   - {ucd: PHYS_DISTANCE_TRUE}
#   - {width: 15}
#   - {precision: '8'}
#   - values: {'null': .nan}
# - name: Plx
#   unit: mas
#   datatype: float64
#   format: '{:9.4f}'
#   description: '? Parallax (parallax)'
#   meta: !!omap
#   - {ucd: POS_PARLX_TRIG}
#   - {width: 9}
#   - {precision: '4'}
#   - values: {'null': .nan}
# - name: e_Plx
#   unit: mas
#   datatype: float32
#   format: '{:7.4f}'
#   description: '? Standard error of parallax (parallax_error)'
#   meta: !!omap
#   - {ucd: ERROR}
#   - {width: 7}
#   - {precision: '4'}
#   - values: {'null': .nan}
# - name: pmRA
#   unit: mas / yr
#   datatype: float64
#   format: '{:9.3f}'
#   description: '? Proper motion in right ascension direction, pmRA*cosDE (pmra)'
#   meta: !!omap
#   - {ucd: POS_EQ_PMRA}
#   - {width: 9}
#   - {precision: '3'}
#   - values: {'null': .nan}
# - name: pmDE
#   unit: mas / yr
#   datatype: float64
#   format: '{:9.3f}'
#   description: '? Proper motion in declination direction (pmdec)'
#   meta: !!omap
#   - {ucd: POS_EQ_PMDEC}
#   - {width: 9}
#   - {precision: '3'}
#   - values: {'null': .nan}
# - name: e_pmRA
#   unit: mas / yr
#   datatype: float32
#   format: '{:6.3f}'
#   description: '? Standard error of proper motion in right ascension direction (pmra_error)'
#   meta: !!omap
#   - {ucd: ERROR}
#   - {width: 6}
#   - {precision: '3'}
#   - values: {'null': .nan}
# - name: e_pmDE
[...]
#       distance: !astropy.table.SerializedColumn
#         __class__: astropy.coordinates.distances.Distance
#         unit: !astropy.units.Unit {unit: pc}
#         value: !astropy.table.SerializedColumn {name: SkyCoord.distance}
#       frame: icrs
#       obstime: !astropy.time.Time {format: jyear_str, in_subfmt: '*', jd1: 367701545.0, jd2: 0.0, out_subfmt: '*', precision: 3, scale: tt}
#       pm_dec: !astropy.table.SerializedColumn
#         __class__: astropy.units.quantity.Quantity
#         unit: !astropy.units.Unit {unit: mas / yr}
#         value: !astropy.table.SerializedColumn {name: SkyCoord.pm_dec}
#       pm_ra_cosdec: !astropy.table.SerializedColumn
#         __class__: astropy.units.quantity.Quantity
#         unit: !astropy.units.Unit {unit: mas / yr}
#         value: !astropy.table.SerializedColumn {name: SkyCoord.pm_ra_cosdec}
#       ra: !astropy.table.SerializedColumn
#         __class__: astropy.coordinates.angles.Longitude
#         unit: *id001
#         value: !astropy.table.SerializedColumn {name: SkyCoord.ra}
#         wrap_angle: !astropy.coordinates.Angle
#           unit: *id001
#           value: 360.0
#       representation_type: spherical
# schema: astropy-2.0
RA_ICRS_1 DE_ICRS_1 e_RA_ICRS e_DE_ICRS _r_1 HIP TYC2 Source rgeo Plx e_Plx pmRA pmDE e_pmRA e_pmDE RUWE Teff logg Gmag BP-RP BPmag RPmag RV e_RV b_rgeo B_rgeo FG e_FG FBP e_FBP FRP e_FRP RAVE5 RAVE6 e_Gmag e_BPmag e_RPmag e_BP-RP SkyCoord.ra SkyCoord.dec SkyCoord.distance SkyCoord.pm_ra_cosdec SkyCoord.pm_dec rmRA rmDE e_rmRA e_rmDE rRV e_rRV v_pec v_pec3d e_vpec e_vpec3d Pmemb
274.35139854656 -19.71073208475 0.0174 0.0149 0.8539 "" 6273-538-1 4094457164432485888 1264.25049 0.7643 0.0195 1.847 -1.272 0.022 0.017 0.857 7584.7 3.2004 10.507371 0.232937 10.574028 10.341091 "" "" 1233.86719 1294.80786 1180316.18249 996.23 805020.0 2026.0 579060.0 1562.3 "" "" 0.0029037183437219906 0.0039053166 0.004781692 0.008687008 274.35139854656 -19.71073208475 1264.25049 1.8469999999999998 -1.2719999999999998 -0.019785764694213892 -0.16346423339843752 0.21828939 0.2132894 "" "" 0.9867167649252402 "" 0.21052828145974867 "" 0.9
274.27972168377 -19.72472017834 0.0227 0.0209 4.868 "" 6273-1069-1 4094467536744093440 1413.28247 0.6722 0.0284 1.626 -1.041 0.029 0.022 1.053 7673.7 3.3447 11.090471 0.297622 11.186026 10.888404 "" "" 1359.30957 1466.90869 689855.57471 227.43 458150.0 448.09 349780.0 121.06 "" "" 0.002778473068431315 0.0029854097 0.0037980173 0.0067834267 274.27972168377 -19.72472017834 1413.28247 1.6260000000000003 -1.0410000000000004 -0.24078576469421398 0.06753576660156257 0.22528939 0.21828939 "" "" 1.6752603460539905 "" 0.3765754666325123 "" 0.9
274.40972724428 -19.79514730258 0.0186 0.0159 6.2807 "" 6273-517-1 4094452938184592768 1279.87244 0.7299 0.0204 1.995 -1.237 0.025 0.018 0.853 11684.0 3.8484 11.223172 0.419209 11.364285 10.945077 "" "" 1249.73047 1306.01697 610488.97246 269.47 388780.0 329.59 331990.0 242.98 "" "" 0.002796688123829116 0.0029380696 0.0038620173 0.006800087 274.40972724428 -19.79514730258 1279.87244 1.9950000000000008 -1.237 0.12821423530578624 -0.1284642333984376 0.2212894 0.2142894 "" "" 1.101082035063822 "" 0.23982745023097057 "" 0.8
274.41279046242 -19.69071817276 0.0139 0.0116 2.9293 "" 6273-1253-1 4094457641139442048 1276.203 0.7262 0.015 1.849 -1.191 0.018 0.012 0.793 "" "" 11.840405 0.507294 12.017389 11.510096 "" "" 1253.37488 1299.03247 345767.76071 76.22 213040.0 183.3 197300.0 117.6 "" "" 0.002765695449816215 0.0029424005 0.0038343878 0.0067767883 274.41279046242 -19.69071817276 1276.203 1.849 -1.191 -0.01778576469421389 -0.08246423339843756 0.2142894 0.20828938 "" "" 0.5103133386545337 "" 0.10643082158204466 "" 1.0
274.28823215883 -19.72637988899 0.0153 0.0133 4.445 "" "" 4094455888792786816 1326.79333 0.6963 0.0163 1.772 -1.285 0.019 0.015 0.744 "" "" 11.842713 0.374832 11.965287 11.590455 "" "" 1302.24353 1352.64709 345033.61919 86.169 223510.0 176.25 183220.0 105.77 "" "" 0.0027686302022122905 0.0029185722 0.0038310022 0.006749574 274.28823215883 -19.72637988899 1326.79333 1.7719999999999998 -1.285 -0.09478576469421385 -0.17646423339843742 0.21528938 0.21128939 "" "" 1.2597476380879087 "" 0.26730786628539716 "" 0.9
274.408239916 -19.78558544827 0.014 0.0123 5.729 "" 6273-439-1 4094453006904073728 1256.41089 0.7435 0.0158 1.767 -1.093 0.018 0.013 0.733 "" "" 11.873817 0.610704 12.093225 11.48252 "" "" 1232.07654 1280.03699 335289.42377 138.81 198670.0 180.32 202370.0 198.45 J181738.0-194708 20040902_1820m18_150 0.002791744159694674 0.002959082 0.00392649 0.006885572 274.408239916 -19.78558544827 1256.41089 1.767 -1.093 -0.09978576469421396 0.015535766601562528 0.2142894 0.20928939 "" "" 0.6014221757726862 "" 0.12880803974115415 "" 1.0
274.41166386785 -19.65782965938 0.0164 0.0139 3.8018 "" "" 4094457847309044352 1344.62769 0.7018 0.0182 2.097 -1.364 0.02 0.016 0.975 "" "" 12.076487 0.517195 12.25869 11.741495 "" "" 1311.90283 1378.07959 278196.84937 74.984 170580.0 164.8 159430.0 113.59 "" "" 0.0027708176306587597 0.0029808283 0.0038577355 0.006838564 274.41166386785 -19.65782965938 1344.62769 2.097 -1.3640000000000008 0.2302142353057861 -0.2554642333984376 0.21628939 0.2122894 "" "" 2.1917972297030177 "" 0.4692445768640199 "" 0.9
274.43888500096 -19.59815327851 0.0146 0.0122 7.5266 "" 6273-708-1 4094552130419953792 1212.74902 0.8027 0.0161 1.96 -0.904 0.018 0.013 0.952 7227.7 3.6453 12.438812 0.775802 12.733708 11.957907 "" "" 1180.82458 1240.51611 199260.81454 77.322 110140.0 170.19 130620.0 137.01 J181745.3-193553 20040902_1820m18_118 0.002787345427783969 0.00325572 0.0039472408 0.0072029606 274.43888500096 -19.59815327851 1212.74902 1.96 -0.9039999999999995 0.0932142353057861 0.20453576660156247 0.2142894 0.20928939 "" "" 1.2921030859324076 "" 0.27154546487068404 "" 0.9
274.4325439032 -19.65364869949 0.0158 0.0134 4.88 "" "" 4094551683743447680 1264.37439 0.7626 0.0174 1.941 -0.995 0.02 0.014 1.025 "" "" 12.747723 0.623412 12.976671 12.353259 "" "" 1237.73059 1290.16309 149919.38328 37.213 88054.0 61.824 90752.0 32.596 "" "" 0.0027684689751512038 0.0028924325 0.003799448 0.0066918805 274.4325439032 -19.65364869949 1264.37439 1.9410000000000003 -0.995 0.07421423530578619 0.1135357666015625 0.21628939 0.21028939 "" "" 0.8129068655736962 "" 0.1724202924007732 "" 1.0
274.40506086583 -19.67176705582 0.0174 0.015 2.9845 "" "" 4094457817267507456 1197.16394 0.8021 0.0202 1.75 -1.133 0.022 0.016 0.894 7924.4 3.9277 12.916154 0.553019 13.117366 12.564347 "" "" 1169.97681 1222.3158 128376.44906 46.546 77352.0 58.407 74717.0 55.13 "" "" 0.002783299774207977 0.002908118 0.0038633542 0.0067714723 274.40506086583 -19.67176705582 1197.16394 1.75 -1.1329999999999996 -0.11678576469421387 -0.024464233398437507 0.21828939 0.2122894 "" "" 0.6770917444301271 "" 0.14763341744303504 "" 1.0
274.39583154719 -19.7599824684 0.0153 0.0131 4.0431 "" "" 4094456064920803328 1221.47876 0.7843 0.0167 1.612 -1.138 0.02 0.014 0.874 "" "" 12.996117 0.761491 13.286634 12.525144 "" "" 1200.55627 1243.71106 119261.47945 41.502 66186.0 48.535 77464.0 35.987 "" "" 0.0027811045908933013 0.0029015436 0.0038128914 0.0067144353 274.39583154719 -19.7599824684 1221.47876 1.6120000000000008 -1.1380000000000003 -0.25478576469421377 -0.0294642333984374 0.21628939 0.21028939 "" "" 1.4849921526942442 "" 0.3210720678097196 "" 1.0
274.40937026718 -19.66970606477 0.0166 0.0138 3.2549 "" "" 4094457812949304320 1229.85999 0.7737 0.0181 1.819 -1.155 0.021 0.015 1.029 "" "" 13.591777 0.828284 13.915251 13.086967 "" "" 1205.83228 1252.24866 68902.65067 23.355 37095.0 46.23 46171.0 34.673 "" "" 0.002779788863926123 0.0031009598 0.0038663328 0.0069672926 274.40937026718 -19.66970606477 1229.85999 1.8189999999999988 -1.155 -0.04778576469421392 -0.04646423339843753 0.21728939 0.21128939 "" "" 0.3885465480613304 "" 0.08330223362914471 "" 1.0
274.41334971927 -19.66784412516 0.0189 0.0157 3.5035 "" "" 4094457817267504640 1287.85742 0.7345 0.02 2.436 -1.264 0.024 0.016 1.115 "" "" 13.970759 0.893908 14.316457 13.422549 "" "" 1261.54773 1320.68689 48600.76688 13.47 25635.0 35.573 33895.0 32.229 "" "" 0.0027717036829863926 0.0031709673 0.003917846 0.007088813 274.41334971927 -19.66784412516 1287.85742 2.436 -1.264 0.5692142353057861 -0.1554642333984375 0.2202894 0.2122894 "" "" 3.6020047246388818 "" 0.7915170060629396 "" 0.9
274.40044593627 -19.65035756133 0.0211 0.0188 3.715 "" "" 4094458057785698944 1273.7688 0.7424 0.0238 1.976 -0.946 0.027 0.02 0.961 "" "" 14.283974 1.015078 14.699582 13.684504 "" "" 1245.26331 1309.3905 36421.45451 10.374 18013.0 21.15 26629.0 28.522 "" "" 0.0027726208772396246 0.003067607 0.0039542518 0.007021859 274.40044593627 -19.65035756133 1273.7688 1.9759999999999993 -0.9460000000000001 0.10921423530578611 0.16253576660156255 0.22328939 0.21628939 "" "" 1.182297733060196 "" 0.25832121301820865 "" 1.0
274.3842556579 -19.72020208374 0.035 0.0306 1.7214 "" "" 4094456442877950720 1225.96887 0.7828 0.0402 1.721 -0.564 0.044 0.035 1.778 7368.6 3.8285 14.637014 1.436048 15.272938 13.83689 131.18 14.88 1170.28906 1285.43042 26311.21618 33.354 10623.0 56.485 23142.0 102.67 "" "" 0.003079959354131301 0.0064120134 0.006122596 0.012534609 274.3842556579 -19.72020208374 1225.96887 1.721 -0.5640000000000001 -0.14578576469421378 0.5445357666015626 0.24028939 0.23128939 133.09857142857143 17.54075 3.275790127473586 133.1388768064602 0.7596630378430222 17.535450321103223 0.9
274.39765430601 -19.74854599183 0.0284 0.0256 3.5116 "" "" 4094456168000022016 1245.77478 0.7612 0.0318 1.7 -1.044 0.035 0.027 0.965 6651.1 3.8967 15.142335 1.64978 15.916471 14.26669 "" "" 1196.40247 1295.16589 16520.10603 31.801 5872.6 44.731 15577.0 74.135 "" "" 0.003458324670303583 0.0087279435 0.0064019314 0.015129875 274.39765430601 -19.74854599183 1245.77478 1.7 -1.044 -0.1667857646942139 0.06453576660156246 0.23128939 0.22328939 "" "" 1.0560223408105436 "" 0.24316322824256167 "" 0.8
274.36684444106 -19.74476726212 0.0262 0.0224 2.6644 "" "" 4094456305438991616 1329.83545 0.7151 0.0292 1.864 -1.272 0.035 0.026 0.948 5257.2 3.5846 15.147765 1.777226 15.996436 14.21921 "" "" 1276.96826 1400.72058 16437.68402 43.072 5455.6 52.646 16273.0 110.3 "" "" 0.003960515335225831 0.010842404 0.008272965 0.01911537 274.36684444106 -19.74476726212 1329.83545 1.864000000000001 -1.2719999999999994 -0.002785764694213766 -0.16346423339843752 0.23128939 0.22228938 "" "" 1.0305333404474684 "" 0.2290793682423465 "" 1.0
274.42850714907 -19.68351176899 0.041 0.0352 3.894 "" "" 4094456992633761792 1154.72253 0.837 0.0458 1.94 -1.151 0.053 0.037 1.301 7911.2 4.1715 15.433484 1.582282 16.152796 14.570514 "" "" 1091.87207 1237.05347 12634.35933 18.091 4723.9 25.57 11775.0 47.878 "" "" 0.0031636588142088654 0.006505687 0.0058114664 0.012317153 274.42850714907 -19.68351176899 1154.72253 1.94 -1.1509999999999998 0.07321423530578608 -0.04246423339843752 0.2492894 0.23328939 "" "" 0.4632545418555433 "" 0.11366420008371139 "" 1.0
274.36753593851 -19.52611481923 0.0346 0.0304 10.4734 "" "" 4094565260188205696 1333.18164 0.7174 0.041 1.818 -0.824 0.043 0.038 0.942 7487.8 4.0544 15.476607 1.909003 16.404911 14.495908 "" "" 1267.71533 1410.7948 12142.378 30.613 3745.0 47.416 12612.0 84.473 "" "" 0.003883907832308705 0.014026971 0.008195534 0.022222504 274.36753593851 -19.52611481923 1333.18164 1.8179999999999996 -0.8239999999999995 -0.04878576469421381 0.28453576660156255 0.23928939 0.2342894 "" "" 1.8242994033183024 "" 0.42767719049576725 "" 0.9
274.36596551525 -19.60043552693 0.0319 0.0291 6.0137 "" "" 4094563988877331328 1288.45813 0.744 0.0374 1.872 -0.997 0.038 0.03 0.97 5409.3 3.7513 15.510217 1.744277 16.340992 14.596715 "" "" 1222.62231 1343.17065 11772.2625 16.659 3972.1 23.219 11494.0 50.364 "" "" 0.0031547443724169923 0.0069329347 0.0060759326 0.013008867 274.36596551525 -19.60043552693 1288.45813 1.872 -0.997 0.005214235305786241 0.1115357666015625 0.2342894 0.22628939 "" "" 0.6819254017581482 "" 0.15432459088712647 "" 0.8
274.28839718253 -19.77286395178 0.03 0.0262 6.007 "" "" 4094455098519214848 1222.77148 0.7891 0.0335 1.688 -0.875 0.039 0.031 0.952 "" "" 15.52732 2.107983 16.580732 14.47275 "" "" 1174.95825 1266.83655 11588.27252 16.812 3185.1 29.489 12884.0 57.074 "" "" 0.0031737867193093023 0.01043225 0.006116886 0.016549136 274.28839718253 -19.77286395178 1222.77148 1.6880000000000006 -0.875 -0.17878576469421392 0.2335357666015625 0.2352894 0.2272894 "" "" 1.7046687118894883 "" 0.3925475285768568 "" 0.9
274.23681751442 -19.71891418431 0.0314 0.0285 7.1562 "" "" 4094467781591710592 1040.22607 0.9271 0.0353 2.055 -1.655 0.037 0.029 1.036 5129.8 4.3951 15.553391 1.070401 16.004353 14.933951 "" "" 1004.32196 1073.7074 11313.32095 5.4343 5416.0 20.856 8425.2 19.367 "" "" 0.002804243406978303 0.005026483 0.004529089 0.009555573 274.23681751442 -19.71891418431 1040.22607 2.055 -1.655 0.1882142353057863 -0.5464642333984375 0.23328939 0.22528939 "" "" 2.8497735764741448 "" 0.6444796463091113 "" 0.9
274.42925164451 -19.79577421856 0.0318 0.0277 6.8581 "" "" 4094452972544324608 1211.84485 0.7821 0.0363 1.882 -1.056 0.042 0.03 0.971 "" "" 15.580478 1.776126 16.43187 14.655744 "" "" 1157.22424 1276.2981 11034.57695 17.443 3653.2 23.002 10886.0 47.372 "" "" 0.00324614069396514 0.007383702 0.0060503613 0.013434064 274.42925164451 -19.79577421856 1211.84485 1.882 -1.056 0.015214235305786028 0.05253576660156245 0.23828939 0.22628939 "" "" 0.31417266452707854 "" 0.07139276616989472 "" 0.9
274.43209492226 -19.67883622076 0.0348 0.0302 4.1691 "" "" 4094457026993501312 1259.73572 0.7714 0.0393 2.172 -1.213 0.046 0.038 1.04 6327.9 3.7516 15.642872 1.795934 16.511488 14.715554 "" "" 1196.87976 1326.69104 10418.33141 20.075 3394.9 28.237 10302.0 49.924 "" "" 0.0034595746712831866 0.009451799 0.0064782277 0.015930027 274.43209492226 -19.67883622076 1259.73572 2.172 -1.213 0.3052142353057863 -0.10446423339843758 0.2422894 0.2342894 "" "" 1.926271258156702 "" 0.4651231254258211 "" 1.0
274.48901717687 -19.67804742593 0.0554 0.0467 7.3015 "" "" 4094550622938967040 1217.51672 0.8085 0.0622 1.939 -0.991 0.073 0.051 1.058 4696.0 4.251 16.346676 1.831997 17.167017 15.33502 "" "" 1118.24854 1333.92261 5448.48938 8.5758 1856.1 21.15 5823.0 96.419 "" "" 0.003242254125839649 0.0126825385 0.01837091 0.031053448 274.48901717687 -19.67804742593 1217.51672 1.939 -0.9909999999999999 0.07221423530578619 0.11753576660156251 0.26928937 0.24728939 "" "" 0.7960998831530135 "" 0.20181792086331188 "" 0.9
274.57293287021 -19.69228266131 0.0557 0.0473 11.9255 "" "" 4094547771080613504 1354.91968 0.7205 0.0626 1.447 -1.293 0.075 0.054 1.008 4904.0 4.6415 16.443247 1.328793 17.020021 15.691228 "" "" 1251.698 1469.53772 4984.79928 5.302 2125.2 13.792 4194.4 16.01 "" "" 0.0029875426832186654 0.0075784726 0.00560879 0.013187263 274.57293287021 -19.69228266131 1354.91968 1.4469999999999998 -1.293 -0.4197857646942138 -0.18446423339843743 0.2712894 0.25028938 "" "" 2.9448077177900456 "" 0.7892153246893415 "" 0.8
274.32965164808 -19.73520393632 0.048 0.0412 2.7662 "" "" 4094455652603994368 1337.19324 0.7374 0.0533 1.637 -1.199 0.064 0.049 0.962 5490.9 4.4333 16.48128 1.832271 17.362082 15.529811 "" "" 1241.35767 1440.12 4813.20902 8.6724 1550.9 18.989 4866.7 29.098 "" "" 0.003379169027590221 0.013583256 0.007511645 0.021094901 274.32965164808 -19.73520393632 1337.19324 1.6370000000000005 -1.199 -0.22978576469421386 -0.09046423339843757 0.2602894 0.24528939 "" "" 1.5652546692401896 "" 0.4043477174816675 "" 1.0
274.45913577239 -19.68784944004 0.0573 0.05 5.5399 "" "" 4094456953955869824 1226.72192 0.789 0.0631 2.088 -0.887 0.075 0.055 0.985 4787.3 4.2554 16.667871 1.976913 17.633673 15.65676 "" "" 1150.00476 1320.87939 4053.198 16.526 1207.7 28.582 4329.7 52.006 "" "" 0.00521428197023278 0.02584659 0.013577867 0.039424457 274.45913577239 -19.68784944004 1226.72192 2.088 -0.887 0.2212142353057862 0.2215357666015625 0.2712894 0.2512894 "" "" 1.8204055702966906 "" 0.4759744862665832 "" 0.8
