Clusters/Dias_5/Dias_5_stars_in_region.tsv
# %ECSV 1.0
# ---
# datatype:
# - name: RA_ICRS_1
#   unit: deg
#   datatype: float64
#   format: '{:15.11f}'
#   description: Right ascension (ICRS) at Ep=2016.0 (ra)
#   meta: !!omap
#   - {ucd: POS_EQ_RA_MAIN}
#   - {width: 15}
#   - {precision: '11'}
# - name: DE_ICRS_1
#   unit: deg
#   datatype: float64
#   format: '{:15.11f}'
#   description: Declination (ICRS) at Ep=2016.0 (dec)
#   meta: !!omap
#   - {ucd: POS_EQ_DEC_MAIN}
#   - {width: 15}
#   - {precision: '11'}
# - name: e_RA_ICRS
#   unit: mas
#   datatype: float64
#   format: '{:7.4f}'
#   description: Standard error of right ascension (ra_error)
#   meta: !!omap
#   - {ucd: ERROR}
#   - {width: 7}
#   - {precision: '4'}
# - name: e_DE_ICRS
#   unit: mas
#   datatype: float64
#   format: '{:7.4f}'
#   description: Standard error of declination (dec_error)
#   meta: !!omap
#   - {ucd: ERROR}
#   - {width: 7}
#   - {precision: '4'}
# - name: _r_1
#   unit: ''
#   datatype: float64
#   format: '{:7.4f}'
#   description: Distance from center (274.36200711000-19.70059430000)[ICRS], at Epoch=J2016.0
#   meta: !!omap
#   - {ucd: POS_ANG_DIST_GENERAL}
#   - {width: 7}
#   - {precision: '4'}
# - name: HIP
#   datatype: int32
#   description: '? HIP cross-id number, van Leeuwen, Cat. I/311 (hip_original_ext_source_id)'
#   meta: !!omap
#   - {ucd: ID_NUMBER}
#   - {width: 6}
#   - values: {'null': -2147483648}
# - name: TYC2
#   datatype: string
#   description: Tycho-2 cross-id name, Hog et al., Cat. I/259 (tyc2_original_ext_source_id)
#   meta: !!omap
#   - {ucd: ID_CROSSID}
#   - {_votable_string_dtype: char}
# - name: Source
#   datatype: int64
#   description: Source identifier, identical to the Gaia-EDR3 source_id (id)
#   meta: !!omap
#   - {ucd: ID_MAIN}
#   - {width: 19}
# - name: rgeo
#   unit: pc
#   datatype: float64
#   format: '{:15.8f}'
#   description: '? Median of the geometric distance posterior (r_med_geo)'
#   meta: !!omap
#   - {ucd: PHYS_DISTANCE_TRUE}
#   - {width: 15}
#   - {precision: '8'}
#   - values: {'null': .nan}
# - name: Plx
#   unit: mas
#   datatype: float64
#   format: '{:9.4f}'
#   description: '? Parallax (parallax)'
#   meta: !!omap
#   - {ucd: POS_PARLX_TRIG}
#   - {width: 9}
#   - {precision: '4'}
#   - values: {'null': .nan}
# - name: e_Plx
#   unit: mas
#   datatype: float32
#   format: '{:7.4f}'
#   description: '? Standard error of parallax (parallax_error)'
#   meta: !!omap
#   - {ucd: ERROR}
#   - {width: 7}
#   - {precision: '4'}
#   - values: {'null': .nan}
# - name: pmRA
#   unit: mas / yr
#   datatype: float64
#   format: '{:9.3f}'
#   description: '? Proper motion in right ascension direction, pmRA*cosDE (pmra)'
#   meta: !!omap
#   - {ucd: POS_EQ_PMRA}
#   - {width: 9}
#   - {precision: '3'}
#   - values: {'null': .nan}
# - name: pmDE
#   unit: mas / yr
#   datatype: float64
#   format: '{:9.3f}'
#   description: '? Proper motion in declination direction (pmdec)'
#   meta: !!omap
#   - {ucd: POS_EQ_PMDEC}
#   - {width: 9}
#   - {precision: '3'}
#   - values: {'null': .nan}
# - name: e_pmRA
#   unit: mas / yr
#   datatype: float32
#   format: '{:6.3f}'
#   description: '? Standard error of proper motion in right ascension direction (pmra_error)'
#   meta: !!omap
#   - {ucd: ERROR}
#   - {width: 6}
#   - {precision: '3'}
#   - values: {'null': .nan}
# - name: e_pmDE
[...]
#         unit: &id001 !astropy.units.Unit {unit: deg}
#         value: !astropy.table.SerializedColumn {name: SkyCoord.dec}
#       distance: !astropy.table.SerializedColumn
#         __class__: astropy.coordinates.distances.Distance
#         unit: !astropy.units.Unit {unit: pc}
#         value: !astropy.table.SerializedColumn {name: SkyCoord.distance}
#       frame: icrs
#       obstime: !astropy.time.Time {format: jyear_str, in_subfmt: '*', jd1: 367701545.0, jd2: 0.0, out_subfmt: '*', precision: 3, scale: tt}
#       pm_dec: !astropy.table.SerializedColumn
#         __class__: astropy.units.quantity.Quantity
#         unit: !astropy.units.Unit {unit: mas / yr}
#         value: !astropy.table.SerializedColumn {name: SkyCoord.pm_dec}
#       pm_ra_cosdec: !astropy.table.SerializedColumn
#         __class__: astropy.units.quantity.Quantity
#         unit: !astropy.units.Unit {unit: mas / yr}
#         value: !astropy.table.SerializedColumn {name: SkyCoord.pm_ra_cosdec}
#       ra: !astropy.table.SerializedColumn
#         __class__: astropy.coordinates.angles.Longitude
#         unit: *id001
#         value: !astropy.table.SerializedColumn {name: SkyCoord.ra}
#         wrap_angle: !astropy.coordinates.Angle
#           unit: *id001
#           value: 360.0
#       representation_type: spherical
# schema: astropy-2.0
RA_ICRS_1 DE_ICRS_1 e_RA_ICRS e_DE_ICRS _r_1 HIP TYC2 Source rgeo Plx e_Plx pmRA pmDE e_pmRA e_pmDE RUWE Teff logg Gmag BP-RP BPmag RPmag RV e_RV b_rgeo B_rgeo FG e_FG FBP e_FBP FRP e_FRP RAVE5 RAVE6 e_Gmag e_BPmag e_RPmag e_BP-RP SkyCoord.ra SkyCoord.dec SkyCoord.distance SkyCoord.pm_ra_cosdec SkyCoord.pm_dec
[from data line 40]
274.19270612024 -19.88994827685 0.0153 0.0131 14.8469 "" "" 4094448295290612096 1182.70898 0.8166 0.0167 0.83 -1.234 0.02 0.015 0.875 5157.2 2.8901 11.418324 1.272816 11.980645 10.707829 4.82 0.53 1157.078 1214.30688 510054.84587 154.67 220370.0 117.33 413070.0 91.444 "" "" 0.002774921412553912 0.0028494233 0.003787017 0.0066364403 274.19270612024 -19.88994827685 1182.70898 0.8300000000000001 -1.2340000000000002
274.1302368409 -19.21635045866 0.0707 0.061 31.8762 "" 6273-1270-1 4094777014911050112 1257.75659 0.7974 0.0846 0.112 -1.533 0.083 0.065 2.877 "" "" 11.433617 0.540816 11.573536 11.03272 57.8 30.06 1125.64673 1436.04443 502921.50408 771.35 320630.0 283.48 306250.0 227.28 "" "" 0.003219440535463484 0.0029506823 0.0038643223 0.0068150046 274.1302368409 -19.21635045866 1257.75659 0.11200000000000004 -1.5330000000000004
274.13077412289 -19.72834166304 0.0134 0.0126 13.1664 "" 6273-418-1 4094462524551777152 1151.54773 0.8379 0.0174 -0.244 -2.775 0.016 0.013 0.691 "" "" 11.444905 1.493913 12.137273 10.64336 -25.67 0.36 1126.86646 1173.75061 497719.4539 89.186 190770.0 115.87 438340.0 179.12 "" "" 0.0027621802977468787 0.0028670419 0.003805334 0.006672376 274.13077412289 -19.72834166304 1151.54773 -0.24399999999999994 -2.775
273.96080256331 -19.68917458489 0.0199 0.0172 22.6744 "" 6272-2014-1 4094653908285985024 1239.88171 0.7444 0.0224 -1.077 -2.812 0.025 0.019 0.784 "" "" 11.455992 0.255184 11.5416 11.286416 -8.33 12.89 1207.8429 1273.07495 492663.21228 207.5 330200.0 263.19 242430.0 141.69 "" "" 0.002793009862376453 0.002921295 0.0038322841 0.006753579 273.96080256331 -19.68917458489 1239.88171 -1.0770000000000002 -2.8119999999999994
273.93941523226 -20.02470267961 0.0184 0.0165 30.7709 "" 6272-2262-1 4094432489811779584 1255.01965 0.7381 0.0212 -0.621 -2.425 0.022 0.017 0.813 11189.0 3.8571 11.481361 0.28017 11.575798 11.295629 "" "" 1225.62122 1292.11597 481285.0268 158.68 319960.0 229.97 240380.0 111.42 "" "" 0.0027784762814598153 0.002897244 0.003812741 0.006709985 273.93941523226 -20.02470267961 1255.01965 -0.621 -2.4249999999999994
274.43766065485 -19.71019437452 0.0159 0.0133 4.312 "" 6273-870-1 4094456610347291648 1437.48828 0.6571 0.0163 -0.036 -1.614 0.02 0.014 0.709 "" "" 11.517149 1.040318 11.938807 10.898489 "" "" 1398.5896 1477.91296 465679.35295 232.14 229030.0 369.56 346550.0 335.89 "" "" 0.002807975540898716 0.0032945878 0.003923155 0.0072177425 274.43766065485 -19.71019437452 1437.48828 -0.03600000000000001 -1.6140000000000003
274.16480195258 -19.76996063734 0.0126 0.0114 11.8896 "" "" 4094461386350927360 1107.99341 0.8734 0.0146 -3.968 -5.735 0.015 0.012 0.776 5258.0 2.9093 11.568355 1.373661 12.185276 10.811615 -28.92 0.4 1093.17859 1124.64929 444226.95092 67.127 182520.0 159.94 375420.0 132.39 "" "" 0.002760200502455178 0.0029479219 0.0037987267 0.006746649 274.16480195258 -19.76996063734 1107.99341 -3.9679999999999995 -5.735000000000001
274.27738105707 -19.54159679132 0.0152 0.0131 10.6716 "" "" 4094474344301797760 1153.1394 0.8392 0.017 -2.466 -7.714 0.019 0.013 0.77 "" "" 11.621438 2.052732 12.669053 10.616322 -33.28 0.38 1134.46643 1173.30579 423030.42077 138.36 116890.0 96.12 449400.0 252.57 "" "" 0.0027781095598928053 0.0029295331 0.003828325 0.006757858 274.27738105707 -19.54159679132 1153.1394 -2.466 -7.7139999999999995
273.94098680858 -19.50147515859 0.0165 0.0144 26.628 "" "" 4094665242681521792 1489.93665 0.6492 0.0176 -1.086 -4.739 0.022 0.017 0.982 "" "" 11.624254 2.019404 12.644306 10.624902 -0.8 0.36 1444.85352 1534.42346 421934.48983 108.77 119590.0 101.09 445860.0 189.04 "" "" 0.0027694996267101416 0.0029372377 0.0038073142 0.006744552 273.94098680858 -19.50147515859 1489.93665 -1.086 -4.738999999999999
273.86651437351 -19.63265683567 0.0124 0.0104 28.2905 "" "" 4094653835248390784 1280.62024 0.7528 0.0134 -1.003 -2.139 0.016 0.012 0.812 4800.0 2.6039 11.640375 1.499615 12.334508 10.834893 46.89 0.49 1255.01538 1302.33289 415715.83755 53.384 159080.0 103.95 367450.0 113.79 "" "" 0.0027588455143511053 0.002878957 0.0037943083 0.0066732652 273.86651437351 -19.63265683567 1280.62024 -1.0030000000000001 -2.139
273.92318391974 -19.78800868652 0.0151 0.0131 25.3304 "" "" 4094463864581863296 1107.92603 0.8782 0.0174 -4.84 -0.336 0.019 0.014 0.814 4529.8 2.4189 11.662768 1.595668 12.418112 10.822444 -19.75 0.45 1087.63684 1129.59375 407229.53953 96.82 147290.0 77.849 371690.0 94.091 "" "" 0.0027673857816772375 0.0028485716 0.0037893625 0.006637934 273.92318391974 -19.78800868652 1107.92603 -4.84 -0.33599999999999997
274.38790783271 -19.91344791175 0.011 0.0098 12.8546 "" 6273-1101-1 4094449463521716864 1166.3728 0.826 0.0127 2.184 -0.834 0.014 0.011 0.735 "" "" 11.674767 1.346429 12.279579 10.93315 -48.7 0.55 1149.20264 1183.5155 402754.40446 60.767 167330.0 131.38 335660.0 86.455 "" "" 0.00276018559660067 0.0029174914 0.0037897138 0.0067072054 274.38790783271 -19.91344791175 1166.3728 2.184 -0.834
274.08164795228 -19.33140947935 0.0164 0.0142 27.2407 "" "" 4094762794315517184 1007.25525 0.9614 0.0183 3.228 -10.003 0.022 0.016 0.944 4856.0 2.8021 11.696526 1.456447 12.366158 10.909712 -109.56 1.02 989.603455 1026.5625 394763.19477 146.06 154510.0 224.06 342980.0 297.68 "" "" 0.002784450577128676 0.0032037443 0.0038950895 0.007098834 274.08164795228 -19.33140947935 1007.25525 3.2279999999999998 -10.003
273.88315519443 -19.70681600347 0.0138 0.012 27.0514 "" "" 4094652563938074752 1119.18079 0.8626 0.0158 2.496 -1.228 0.017 0.013 0.982 "" "" 11.760149 1.561559 12.492967 10.931408 14.8 0.32 1096.3031 1142.78772 372294.80253 67.318 137480.0 126.13 336200.0 102.32 "" "" 0.0027623054958120243 0.0029626447 0.0037937996 0.0067564445 273.88315519443 -19.70681600347 1119.18079 2.4960000000000004 -1.2279999999999998
274.04464646022 -19.33217669315 0.012 0.0105 28.4737 "" "" 4094669159691715584 1154.95105 0.8339 0.0139 -0.173 -3.618 0.015 0.011 0.768 4752.7 2.7336 11.780361 1.422599 12.430565 11.007966 -55.82 0.26 1133.45569 1173.2511 365428.38377 56.828 145610.0 91.527 313310.0 105.63 "" "" 0.0027604886412652416 0.0028724223 0.0037970669 0.006669489 274.04464646022 -19.33217669315 1154.95105 -0.17300000000000004 -3.6179999999999994
273.94410237093 -19.83166834214 0.0191 0.0165 24.873 "" 6272-1884-1 4094462868149426176 1297.56531 0.6987 0.0224 -0.593 -2.047 0.024 0.018 0.878 "" "" 11.800956 0.234593 11.879531 11.644937 "" "" 1267.88794 1333.81665 358562.01933 103.19 241880.0 179.77 174250.0 102.65 J181546.6-194954 20040902_1820m18_007 0.002772980724777649 0.002904514 0.0038331214 0.0067376355 273.94410237093 -19.83166834214 1297.56531 -0.593 -2.0469999999999997
274.09960734211 -19.64349030414 0.0132 0.0116 15.2159 "" 6273-169-1 4094472488875946752 1248.59119 0.7594 0.0144 1.684 -0.46 0.016 0.012 0.775 "" "" 11.81236 0.933211 12.180182 11.246971 "" "" 1223.89709 1272.3042 354815.54655 115.83 183380.0 215.68 251400.0 143.75 "" "" 0.002778023957862979 0.0030685032 0.0038300322 0.0068985354 274.09960734211 -19.64349030414 1248.59119 1.6839999999999997 -0.46
274.22553150933 -19.71541294242 0.0595 0.0537 7.76 "" 6273-245-1 4094467468024616448 1338.43201 0.7001 0.0688 1.805 -1.065 0.07 0.055 3.547 6109.2 2.762 11.812876 0.819557 12.102097 11.28254 "" "" 1237.18701 1509.64941 354647.16453 281.59 197050.0 196.84 243300.0 99.81 "" "" 0.0028870335468396523 0.002993553 0.0038055372 0.00679909 274.22553150933 -19.71541294242 1338.43201 1.8050000000000002 -1.065
274.05995171152 -19.96627501239 0.0251 0.0223 23.34 "" "" 4094422873412626688 1296.3479 0.7318 0.0283 -0.711 -2.887 0.033 0.025 1.358 "" "" 11.824255 0.77389 12.122368 11.348478 21.44 3.33 1248.70483 1343.36621 350949.60904 53.323 193410.0 140.58 228960.0 91.785 "" "" 0.0027602541813345734 0.0028996263 0.0038043617 0.0067039877 274.05995171152 -19.96627501239 1296.3479 -0.711 -2.887
274.41279046242 -19.69071817276 0.0139 0.0116 2.9293 "" 6273-1253-1 4094457641139442048 1276.203 0.7262 0.015 1.849 -1.191 0.018 0.012 0.793 "" "" 11.840405 0.507294 12.017389 11.510096 "" "" 1253.37488 1299.03247 345767.76071 76.22 213040.0 183.3 197300.0 117.6 "" "" 0.002765695449816215 0.0029424005 0.0038343878 0.0067767883 274.41279046242 -19.69071817276 1276.203 1.849 -1.191
274.38031022113 -20.14448757931 0.0172 0.0138 26.6536 "" 6273-934-1 4094389750623281280 1220.42419 0.7658 0.018 -0.203 -1.62 0.021 0.016 0.892 "" "" 11.841238 0.621998 12.040146 11.418148 -71.63 26.28 1195.11646 1246.70642 345502.72571 1517.8 208620.0 892.61 214730.0 1049.6 "" "" 0.005508306714524205 0.005418993 0.006515274 0.011934267 274.38031022113 -20.14448757931 1220.42419 -0.20299999999999999 -1.62
274.28823215883 -19.72637988899 0.0153 0.0133 4.445 "" "" 4094455888792786816 1326.79333 0.6963 0.0163 1.772 -1.285 0.019 0.015 0.744 "" "" 11.842713 0.374832 11.965287 11.590455 "" "" 1302.24353 1352.64709 345033.61919 86.169 223510.0 176.25 183220.0 105.77 "" "" 0.0027686302022122905 0.0029185722 0.0038310022 0.006749574 274.28823215883 -19.72637988899 1326.79333 1.7719999999999998 -1.285
274.18552644562 -19.51902499387 0.0149 0.0133 14.7708 "" "" 4094475542563129728 1415.77087 0.6712 0.0174 0.373 -1.364 0.018 0.013 0.804 "" "" 11.846491 1.04625 12.27022 11.223969 "" "" 1383.82812 1447.6864 343835.18877 177.31 168780.0 276.43 256790.0 630.12 "" "" 0.0028116316774096563 0.003308649 0.004624043 0.007932692 274.18552644562 -19.51902499387 1415.77087 0.373 -1.364
274.70457928274 -19.85480789101 0.0171 0.0142 21.4411 "" 6273-1197-1 4094494857078845184 1062.97412 0.8829 0.0187 2.788 -0.255 0.02 0.015 0.84 9441.7 4.024 11.850163 0.426338 12.003311 11.576973 -1.18 6.76 1043.55847 1083.09045 342674.04468 99.382 215820.0 225.2 185510.0 99.927 "" "" 0.0027732546669665356 0.003011406 0.003824365 0.006835771 274.70457928274 -19.85480789101 1062.97412 2.788 -0.255
274.5849792432 -19.567583803 0.0144 0.0126 14.9152 "" "" 4094553161212104320 1081.04724 0.9071 0.0165 2.987 -3.812 0.018 0.014 0.984 "" "" 11.87087 1.515959 12.576976 11.061017 -61.22 0.23 1062.83936 1101.69666 336201.0573 78.47 127240.0 112.26 298370.0 119.94 "" "" 0.002766949141006169 0.0029500243 0.0038044993 0.0067545236 274.5849792432 -19.567583803 1081.04724 2.987 -3.8119999999999994
274.408239916 -19.78558544827 0.014 0.0123 5.729 "" 6273-439-1 4094453006904073728 1256.41089 0.7435 0.0158 1.767 -1.093 0.018 0.013 0.733 "" "" 11.873817 0.610704 12.093225 11.48252 "" "" 1232.07654 1280.03699 335289.42377 138.81 198670.0 180.32 202370.0 198.45 J181738.0-194708 20040902_1820m18_150 0.002791744159694674 0.002959082 0.00392649 0.006885572 274.408239916 -19.78558544827 1256.41089 1.767 -1.093
274.28307681389 -19.27644785123 0.0184 0.017 25.8374 "" 6273-489-1 4094761346870356736 1112.41711 0.8425 0.0233 -3.106 -3.474 0.022 0.016 0.909 "" "" 11.879973 0.394074 12.01738 11.623306 -39.12 11.41 1082.41284 1138.64575 333393.6454 82.622 213040.0 207.17 177760.0 119.05 "" "" 0.0027684268476184685 0.0029832541 0.0038486964 0.0068319505 274.28307681389 -19.27644785123 1112.41711 -3.106 -3.474
274.25143647407 -19.73473263963 0.0316 0.0286 6.5726 "" 6273-430-1 4094467571103832320 1362.59412 0.7084 0.0359 1.423 -1.084 0.037 0.03 1.863 "" "" 11.901807 0.680163 12.147824 11.467661 "" "" 1294.95557 1425.02551 326756.20057 83.268 188920.0 215.97 205160.0 98.284 "" "" 0.0027691770460038113 0.0030537865 0.0038150053 0.0068687918 274.25143647407 -19.73473263963 1362.59412 1.4230000000000003 -1.084
274.03169953874 -19.99541212723 0.0163 0.0138 25.6982 "" 6273-1305-1 4094422731646092928 1313.09802 0.7068 0.0171 2.649 -0.344 0.021 0.016 0.829 "" "" 11.915991 0.390624 12.049429 11.658805 -16.45 21.35 1286.00769 1339.80225 322515.26151 76.715 206850.0 152.42 172040.0 97.075 J181607.6-195944 20040902_1820m18_012 0.0027673971083531854 0.002902604 0.0038287137 0.0067313174 274.03169953874 -19.99541212723 1313.09802 2.649 -0.344
274.7085574322 -19.38396877805 0.0183 0.0176 27.2925 "" "" 4094563026805104768 1370.97729 0.6896 0.0208 1.589 -1.571 0.025 0.019 0.814 "" "" 11.93875 0.787578 12.238532 11.450954 "" "" 1333.30261 1414.90808 315825.18455 77.863 173780.0 159.89 208340.0 153.63 "" "" 0.002768291818693721 0.0029636056 0.003863253 0.0068268585 274.7085574322 -19.38396877805 1370.97729 1.5889999999999997 -1.5709999999999997
273.8905172777 -19.97397403931 0.0136 0.0118 31.2599 "" "" 4094433658042882816 1402.17151 0.6909 0.016 0.737 -4.581 0.017 0.014 0.838 4558.9 2.2902 11.94411 1.829814 12.828377 10.998563 "" "" 1368.12244 1438.6698 314269.93115 62.059 100940.0 105.55 316030.0 445.74 "" "" 0.0027636492312754567 0.0030123089 0.004077842 0.007090151 273.8905172777 -19.97397403931 1402.17151 0.7370000000000001 -4.581
274.70984388544 -19.96434914949 0.0128 0.0112 25.2164 "" "" 4094399367023895424 1066.41663 0.9191 0.0146 0.214 -6.593 0.015 0.011 0.888 "" "" 11.971284 1.455881 12.638001 11.18212 -37.13 0.44 1047.6991 1082.36755 306501.98938 46.217 120290.0 64.856 266880.0 87.0 "" "" 0.00276017980075172 0.0028509174 0.0037959188 0.006646836 274.70984388544 -19.96434914949 1066.41663 0.21399999999999997 -6.592999999999999
274.36897381006 -19.47988402644 0.0189 0.0167 13.2485 "" "" 4094568794893332224 1355.45312 0.7173 0.0226 3.077 -1.021 0.02 0.016 0.779 "" "" 11.971335 2.506626 13.338399 10.831773 36.1 0.47 1313.97156 1410.22656 306487.39608 99.527 63104.0 99.051 368510.0 369.23 "" "" 0.0027777867380745797 0.0032694682 0.0039328313 0.0072022993 274.36897381006 -19.47988402644 1355.45312 3.0769999999999995 -1.021
274.33305755902 -19.93211225503 0.0108 0.0094 13.9869 "" 6273-968-1 4094443695414948864 1039.27612 0.9266 0.012 1.036 -0.417 0.014 0.011 0.719 "" "" 11.977633 0.901962 12.34268 11.440718 -62.3 3.25 1028.2146 1051.72363 304714.93287 52.447 157890.0 177.55 210320.0 65.534 J181719.9-195556 20040902_1820m18_008 0.0027616501716704197 0.003045606 0.0037944932 0.006840099 274.33305755902 -19.93211225503 1039.27612 1.036 -0.417
274.87338393404 -19.93031196548 0.0131 0.0112 31.9876 "" "" 4094481177560910208 1209.14819 0.7928 0.0159 0.325 1.851 0.015 0.012 0.814 "" "" 12.025383 0.789814 12.334133 11.544319 -39.43 13.21 1184.59631 1234.88892 291604.11301 56.792 159130.0 144.81 191170.0 95.185 "" "" 0.002763422261328423 0.0029599415 0.003817849 0.0067777904 274.87338393404 -19.93031196548 1209.14819 0.32500000000000007 1.851
273.90504324596 -19.65638521257 0.0153 0.0126 25.9525 "" "" 4094654969119758336 1145.89929 0.8388 0.0167 -2.452 -9.342 0.019 0.014 0.982 6684.8 3.6024 12.058218 0.808494 12.377825 11.569331 2.27 1.24 1126.01538 1166.08276 282917.2647 44.452 152860.0 94.914 186820.0 76.419 "" "" 0.0027605960763682257 0.002870459 0.003805387 0.006675846 273.90504324596 -19.65638521257 1145.89929 -2.4520000000000004 -9.342
274.59176453877 -19.98168662428 0.017 0.0149 21.2742 "" "" 4094398473669979520 1041.3717 0.9285 0.0192 -1.419 -4.868 0.02 0.016 1.057 "" "" 12.064061 0.800748 12.378407 11.577659 -47.23 2.03 1017.60541 1063.26709 281398.89868 62.933 152780.0 105.04 185390.0 164.18 "" "" 0.0027659988849677926 0.0028882981 0.0038997752 0.006788073 274.59176453877 -19.98168662428 1041.3717 -1.419 -4.868
274.41166386785 -19.65782965938 0.0164 0.0139 3.8018 "" "" 4094457847309044352 1344.62769 0.7018 0.0182 2.097 -1.364 0.02 0.016 0.975 "" "" 12.076487 0.517195 12.25869 11.741495 "" "" 1311.90283 1378.07959 278196.84937 74.984 170580.0 164.8 159430.0 113.59 "" "" 0.0027708176306587597 0.0029808283 0.0038577355 0.006838564 274.41166386785 -19.65782965938 1344.62769 2.097 -1.3640000000000003
