Clusters/Trumpler_15/Trumpler_15_stars_in_region.tsv
# %ECSV 1.0
# ---
# datatype:
# - name: RA_ICRS_1
#   unit: deg
#   datatype: float64
#   format: '{:15.11f}'
#   description: Right ascension (ICRS) at Ep=2016.0 (ra)
#   meta: !!omap
#   - {ucd: POS_EQ_RA_MAIN}
#   - {width: 15}
#   - {precision: '11'}
# - name: DE_ICRS_1
#   unit: deg
#   datatype: float64
#   format: '{:15.11f}'
#   description: Declination (ICRS) at Ep=2016.0 (dec)
#   meta: !!omap
#   - {ucd: POS_EQ_DEC_MAIN}
#   - {width: 15}
#   - {precision: '11'}
# - name: e_RA_ICRS
#   unit: mas
#   datatype: float64
#   format: '{:7.4f}'
#   description: Standard error of right ascension (ra_error)
#   meta: !!omap
#   - {ucd: ERROR}
#   - {width: 7}
#   - {precision: '4'}
# - name: e_DE_ICRS
#   unit: mas
#   datatype: float64
#   format: '{:7.4f}'
#   description: Standard error of declination (dec_error)
#   meta: !!omap
#   - {ucd: ERROR}
#   - {width: 7}
#   - {precision: '4'}
# - name: _r_1
#   unit: ''
#   datatype: float64
#   format: '{:7.4f}'
#   description: Distance from center (161.17851382000-59.37170418000)[ICRS], at Epoch=J2016.0
#   meta: !!omap
#   - {ucd: POS_ANG_DIST_GENERAL}
#   - {width: 7}
#   - {precision: '4'}
# - name: HIP
#   datatype: int32
#   description: '? HIP cross-id number, van Leeuwen, Cat. I/311 (hip_original_ext_source_id)'
#   meta: !!omap
#   - {ucd: ID_NUMBER}
#   - {width: 6}
#   - values: {'null': -2147483648}
# - name: TYC2
#   datatype: string
#   description: Tycho-2 cross-id name, Hog et al., Cat. I/259 (tyc2_original_ext_source_id)
#   meta: !!omap
#   - {ucd: ID_CROSSID}
#   - {_votable_string_dtype: char}
# - name: Source
#   datatype: int64
#   description: Source identifier, identical to the Gaia-EDR3 source_id (id)
#   meta: !!omap
#   - {ucd: ID_MAIN}
#   - {width: 19}
# - name: rgeo
#   unit: pc
#   datatype: float64
#   format: '{:15.8f}'
#   description: '? Median of the geometric distance posterior (r_med_geo)'
#   meta: !!omap
#   - {ucd: PHYS_DISTANCE_TRUE}
#   - {width: 15}
#   - {precision: '8'}
#   - values: {'null': .nan}
# - name: Plx
#   unit: mas
#   datatype: float64
#   format: '{:9.4f}'
#   description: '? Parallax (parallax)'
#   meta: !!omap
#   - {ucd: POS_PARLX_TRIG}
#   - {width: 9}
#   - {precision: '4'}
#   - values: {'null': .nan}
# - name: e_Plx
#   unit: mas
#   datatype: float32
#   format: '{:7.4f}'
#   description: '? Standard error of parallax (parallax_error)'
#   meta: !!omap
#   - {ucd: ERROR}
#   - {width: 7}
#   - {precision: '4'}
#   - values: {'null': .nan}
# - name: pmRA
#   unit: mas / yr
#   datatype: float64
#   format: '{:9.3f}'
#   description: '? Proper motion in right ascension direction, pmRA*cosDE (pmra)'
#   meta: !!omap
#   - {ucd: POS_EQ_PMRA}
#   - {width: 9}
#   - {precision: '3'}
#   - values: {'null': .nan}
# - name: pmDE
#   unit: mas / yr
#   datatype: float64
#   format: '{:9.3f}'
#   description: '? Proper motion in declination direction (pmdec)'
#   meta: !!omap
#   - {ucd: POS_EQ_PMDEC}
#   - {width: 9}
#   - {precision: '3'}
#   - values: {'null': .nan}
# - name: e_pmRA
#   unit: mas / yr
#   datatype: float32
#   format: '{:6.3f}'
#   description: '? Standard error of proper motion in right ascension direction (pmra_error)'
#   meta: !!omap
#   - {ucd: ERROR}
#   - {width: 6}
#   - {precision: '3'}
#   - values: {'null': .nan}
# - name: e_pmDE
[...]
#         unit: &id001 !astropy.units.Unit {unit: deg}
#         value: !astropy.table.SerializedColumn {name: SkyCoord.dec}
#       distance: !astropy.table.SerializedColumn
#         __class__: astropy.coordinates.distances.Distance
#         unit: !astropy.units.Unit {unit: pc}
#         value: !astropy.table.SerializedColumn {name: SkyCoord.distance}
#       frame: icrs
#       obstime: !astropy.time.Time {format: jyear_str, in_subfmt: '*', jd1: 367701545.0, jd2: 0.0, out_subfmt: '*', precision: 3, scale: tt}
#       pm_dec: !astropy.table.SerializedColumn
#         __class__: astropy.units.quantity.Quantity
#         unit: !astropy.units.Unit {unit: mas / yr}
#         value: !astropy.table.SerializedColumn {name: SkyCoord.pm_dec}
#       pm_ra_cosdec: !astropy.table.SerializedColumn
#         __class__: astropy.units.quantity.Quantity
#         unit: !astropy.units.Unit {unit: mas / yr}
#         value: !astropy.table.SerializedColumn {name: SkyCoord.pm_ra_cosdec}
#       ra: !astropy.table.SerializedColumn
#         __class__: astropy.coordinates.angles.Longitude
#         unit: *id001
#         value: !astropy.table.SerializedColumn {name: SkyCoord.ra}
#         wrap_angle: !astropy.coordinates.Angle
#           unit: *id001
#           value: 360.0
#       representation_type: spherical
# schema: astropy-2.0
RA_ICRS_1 DE_ICRS_1 e_RA_ICRS e_DE_ICRS _r_1 HIP TYC2 Source rgeo Plx e_Plx pmRA pmDE e_pmRA e_pmDE RUWE Teff logg Gmag BP-RP BPmag RPmag RV e_RV b_rgeo B_rgeo FG e_FG FBP e_FBP FRP e_FRP RAVE5 RAVE6 e_Gmag e_BPmag e_RPmag e_BP-RP SkyCoord.ra SkyCoord.dec SkyCoord.distance SkyCoord.pm_ra_cosdec SkyCoord.pm_dec
[from data line 1542]
161.07019105665 -59.55480488549 0.0347 0.0373 11.4716 "" "" 5350386587685339904 2399.98755 0.395 0.0424 -6.326 2.003 0.046 0.043 0.97 9929.4 4.0499 16.46013 1.930516 17.310999 15.380483 "" "" 2178.39233 2624.73413 4907.88554 19.572 1625.6 46.295 5584.3 83.205 "" "" 0.00513212632909674 0.031046003 0.01661287 0.047658876 161.07019105665 -59.55480488549 2399.98755 -6.325999999999999 2.0029999999999997
160.9677959921 -59.56969671196 0.041 0.039 13.5045 "" "" 5350363772822961664 1996.37 0.486 0.046 -6.856 2.182 0.052 0.047 0.974 5137.7 3.7434 16.460356 2.061554 17.564241 15.502687 "" "" 1852.02039 2207.62085 4906.86764 6.9055 1287.4 33.237 4989.8 37.772 "" "" 0.0031506323930207396 0.028169138 0.009046173 0.03721531 160.9677959921 -59.56969671196 1996.37 -6.855999999999999 2.1819999999999995
160.96736532115 -59.50468674313 0.0348 0.0383 10.2547 "" "" 5350387481038548096 2301.32642 0.4125 0.0433 -3.912 1.725 0.044 0.044 0.992 5672.0 4.5819 16.4608 1.098313 16.870552 15.772239 "" "" 2118.02002 2571.53296 4904.86219 2.953 2438.9 39.849 3892.8 27.912 "" "" 0.0028317977636284917 0.017957842 0.00865381 0.026611652 160.96736532115 -59.50468674313 2301.32642 -3.9120000000000004 1.7250000000000005
161.5609669367 -59.16063355604 0.0368 0.0339 17.26 "" "" 5350489976133581056 2422.78662 0.397 0.0432 -6.321 3.01 0.046 0.039 1.013 6012.0 4.3597 16.465214 1.452476 17.12197 15.669493 "" "" 2241.98755 2736.92065 4884.96335 2.4353 1934.8 7.8222 4279.2 8.9483 "" "" 0.0028079823090481613 0.0052012447 0.004408905 0.00961015 161.5609669367 -59.16063355604 2422.78662 -6.321 3.01
161.15010980973 -59.55194326932 0.0354 0.0374 10.849 "" "" 5350383495308949504 2506.54932 0.3935 0.043 -1.556 -1.293 0.049 0.047 1.01 4866.9 4.3516 16.46526 1.241862 17.054646 15.812783 "" "" 2237.95142 2809.04321 4884.75571 2.4441 2058.5 74.818 3750.1 42.19 "" "" 0.0028083644499630528 0.039560553 0.012786251 0.052346803 161.15010980973 -59.55194326932 2506.54932 -1.556 -1.293
161.44174843184 -59.41892348367 0.0341 0.0345 8.5255 "" "" 5350391329329680640 2647.01929 0.3643 0.0411 -7.75 2.586 0.043 0.042 1.0 7654.9 4.4062 16.465544 1.502839 17.157795 15.654956 "" "" 2394.48804 2972.09229 4883.48144 2.4445 1872.0 16.032 4336.9 14.872 "" "" 0.002808409086858873 0.009707958 0.0053052627 0.015013222 161.44174843184 -59.41892348367 2647.01929 -7.749999999999999 2.5859999999999994
161.26569468018 -59.42969739886 0.0389 0.0392 4.3815 "" "" 5350386175368784384 2298.72852 0.4083 0.0458 -6.965 3.503 0.049 0.048 1.045 7630.4 3.864 16.466763 1.975487 17.407843 15.432356 "" "" 2083.146 2532.80249 4878.00097 9.7192 1486.9 23.719 5323.7 34.521 "" "" 0.0035030807275161827 0.017542949 0.007990632 0.025533581 161.26569468018 -59.42969739886 2298.72852 -6.965 3.503
161.67995239592 -59.29723727562 0.034 0.0334 15.982 "" "" 5350440360667476352 1851.27307 0.523 0.0414 -7.289 2.906 0.045 0.04 1.036 5713.8 4.6341 16.46803 1.208002 16.997808 15.789806 "" "" 1740.45959 2021.95435 4872.30739 2.6767 2169.2 9.2594 3830.3 11.249 "" "" 0.0028191429693799246 0.0054096305 0.00494481 0.010354441 161.67995239592 -59.29723727562 1851.27307 -7.289 2.9059999999999997
161.52925060141 -59.43271578264 0.0354 0.038 11.3199 "" "" 5350344290843583616 1835.16772 0.5327 0.0448 -11.581 6.075 0.047 0.044 0.972 5671.2 4.5563 16.46922 1.233459 16.991583 15.758123 "" "" 1722.55347 1985.65283 4866.972 2.5537 2181.6 8.8702 3943.7 11.603 "" "" 0.002813597552082769 0.0052223518 0.0049485336 0.010170885 161.52925060141 -59.43271578264 1835.16772 -11.581 6.075
161.53549363691 -59.35626434073 0.0354 0.0355 10.9539 "" "" 5350346146269571712 2285.18188 0.4207 0.0453 -5.978 3.832 0.045 0.043 1.042 5429.6 4.5135 16.470493 1.265966 17.008434 15.742468 "" "" 2082.16602 2584.18945 4861.2679 2.3628 2148.0 10.496 4001.0 10.481 "" "" 0.002805401112408924 0.005994311 0.0047300253 0.010724336 161.53549363691 -59.35626434073 2285.18188 -5.9780000000000015 3.832
160.7873163885 -59.3337185336 0.035 0.0347 12.1799 "" "" 5350401568531425792 2150.54077 0.4457 0.0417 -7.434 2.197 0.046 0.044 0.926 5786.2 4.4687 16.47076 1.280785 17.034678 15.753893 "" "" 1975.66736 2344.12183 4860.07324 2.5696 2096.7 8.397 3959.1 11.722 "" "" 0.0028144837374795674 0.005166442 0.004961603 0.010128045 160.7873163885 -59.3337185336 2150.54077 -7.434 2.1969999999999996
161.19836593625 -59.43605852598 0.0345 0.0356 3.9086 "" "" 5350388683629630720 2506.08521 0.3871 0.0426 -7.633 3.372 0.043 0.043 0.934 7544.2 4.1187 16.473164 1.47088 17.160099 15.689219 "" "" 2281.29443 2841.28613 4849.32635 2.449 1868.0 12.979 4202.1 13.9 "" "" 0.002809348831932403 0.008043231 0.005213675 0.0132569065 161.19836593625 -59.43605852598 2506.08521 -7.633 3.372
160.61872070396 -59.41732945713 0.0354 0.0383 17.3179 "" "" 5350380334211659520 2237.00391 0.4258 0.0439 -6.135 2.027 0.047 0.049 1.025 5723.6 4.5453 16.47343 1.073882 16.933552 15.85967 "" "" 2015.48401 2540.51221 4848.1299 2.8058 2301.4 14.076 3591.6 13.128 "" "" 0.0028260612942989107 0.007203018 0.005480268 0.012683285 160.61872070396 -59.41732945713 2237.00391 -6.135000000000001 2.027
161.49237082442 -59.57322096011 0.0336 0.0366 15.4172 "" "" 5350337075298384896 2295.62183 0.4047 0.0422 -7.333 2.886 0.043 0.042 1.022 5804.5 4.5212 16.478722 1.096617 16.934837 15.838221 "" "" 2096.09985 2527.65625 4824.56022 2.7603 2298.7 14.984 3663.3 15.204 "" "" 0.002824475806623125 0.0076074786 0.005881283 0.013488762 161.49237082442 -59.57322096011 2295.62183 -7.332999999999999 2.8859999999999997
160.94858769589 -59.57601937125 0.0416 0.041 14.1202 "" "" 5350363463580075264 2417.17188 0.39 0.0496 -6.584 1.969 0.054 0.052 1.057 "" "" 16.481262 1.805541 17.10223 15.296689 "" "" 2157.68628 2782.1665 4813.2853 17.671 1970.3 41.439 6032.3 58.236 "" "" 0.004845664217833251 0.023004843 0.011142279 0.03414712 160.94858769589 -59.57601937125 2417.17188 -6.583999999999999 1.9689999999999999
160.95409700666 -59.59169178759 0.0363 0.0395 14.8652 "" "" 5350363360500835328 2500.96899 0.3681 0.0441 -6.448 2.437 0.047 0.05 0.991 10364.1 4.0189 16.482246 1.652524 17.114847 15.462323 "" "" 2230.81128 2746.06641 4808.92681 6.4631 1947.5 15.93 5178.8 25.358 "" "" 0.0031178639415411083 0.009308999 0.0065227957 0.015831795 160.95409700666 -59.59169178759 2500.96899 -6.4479999999999995 2.437
161.1118849373 -59.47329240616 0.0349 0.0366 6.4256 "" "" 5350387274880262144 2129.70728 0.4621 0.0431 -11.117 6.702 0.044 0.043 1.056 5492.2 4.5813 16.48471 1.204103 17.018362 15.814259 "" "" 1937.8407 2342.35229 4798.02088 2.363 2128.5 15.328 3745.0 16.939 "" "" 0.002806726589742245 0.00830166 0.0061968192 0.01449848 161.1118849373 -59.47329240616 2129.70728 -11.117000000000003 6.702000000000001
161.20932305058 -59.45038105119 0.0368 0.0403 4.8134 "" "" 5350385728692535040 2284.51953 0.4425 0.0461 -6.143 1.836 0.047 0.048 1.088 5840.0 4.1964 16.484875 1.615969 17.161097 15.545128 "" "" 2031.36609 2528.21118 4797.30038 4.7708 1866.3 14.027 4798.5 20.567 "" "" 0.0029593284211143116 0.008624152 0.00599498 0.0146191325 161.20932305058 -59.45038105119 2284.51953 -6.142999999999999 1.8359999999999994
161.44053448633 -59.48371488124 0.0352 0.0359 10.4454 "" "" 5350384835339019520 2313.17212 0.4182 0.0424 -6.728 3.249 0.045 0.043 0.997 7587.5 3.7693 16.485489 1.360899 17.056227 15.695328 "" "" 2111.26636 2565.72144 4794.58494 2.4394 2055.5 14.282 4178.6 17.13 "" "" 0.0028101492606123326 0.008043348 0.0058390507 0.013882399 161.44053448633 -59.48371488124 2313.17212 -6.727999999999999 3.249
161.21787799173 -59.15657084734 0.0364 0.0345 12.9643 "" "" 5350399128990471424 2619.74512 0.3496 0.0443 -5.286 4.774 0.049 0.04 1.017 6039.8 4.2452 16.485643 1.453689 17.14824 15.694551 "" "" 2332.97144 3033.69556 4793.90435 2.5843 1888.5 9.6001 4181.6 9.7733 "" "" 0.002816800391072898 0.0061844634 0.004552267 0.01073673 161.21787799173 -59.15657084734 2619.74512 -5.286 4.774000000000001
161.24797537769 -59.43448304663 0.039 0.0383 4.323 "" "" 5350386141009026688 2619.04395 0.3808 0.0469 -6.129 1.96 0.047 0.045 1.114 5975.4 3.7935 16.489857 1.880041 17.349483 15.469442 "" "" 2271.34131 3151.35083 4775.33732 64.369 1569.0 82.672 5145.0 170.95 "" "" 0.014892255448371633 0.0572764 0.036272574 0.093548976 161.24797537769 -59.43448304663 2619.04395 -6.129 1.9600000000000002
161.07430082253 -59.41520577227 0.0329 0.0342 4.1167 "" "" 5350389645702707072 1875.9325 0.5054 0.0405 -6.385 2.199 0.044 0.042 1.016 5651.9 4.575 16.49098 1.173249 17.00517 15.831922 "" "" 1758.17615 2016.06567 4770.40018 2.7282 2154.5 9.0499 3684.6 12.043 "" "" 0.002824420091931794 0.0053464086 0.0051842993 0.010530708 161.07430082253 -59.41520577227 1875.9325 -6.385000000000001 2.199
161.53362848676 -59.57034451349 0.0389 0.0416 16.0994 "" "" 5350337384536042624 2006.58228 0.4708 0.0491 -2.595 -0.65 0.049 0.046 1.101 5515.1 4.5689 16.492317 1.301904 17.049326 15.747422 "" "" 1818.52234 2231.17651 4764.52851 3.2127 2068.6 9.046 3982.8 16.201 "" "" 0.002850924407822216 0.005507076 0.005812843 0.011319919 161.53362848676 -59.57034451349 2006.58228 -2.595 -0.6499999999999999
161.2131423941 -59.58028905103 0.0414 0.0392 12.5595 "" "" 5350383220431039104 2476.86084 0.3852 0.0478 -7.875 2.538 0.053 0.048 1.008 5541.4 4.5596 16.492367 1.120896 16.92264 15.801744 "" "" 2224.12695 2782.4375 4764.30886 3.0959 2324.7 22.939 3788.4 27.893 "" "" 0.002844213847958766 0.01107088 0.008842378 0.019913258 161.2131423941 -59.58028905103 2476.86084 -7.874999999999999 2.5379999999999994
160.78584281067 -59.19005639221 0.036 0.0354 16.2367 "" "" 5350412701087298432 2196.48364 0.4407 0.0438 -7.497 2.849 0.05 0.048 1.003 9503.3 3.7622 16.493925 1.319894 17.056044 15.73615 "" "" 2020.00842 2386.9812 4757.47774 2.8097 2055.9 12.653 4024.4 9.6645 "" "" 0.0028289491525626586 0.0072412775 0.004591525 0.011832803 160.78584281067 -59.19005639221 2196.48364 -7.496999999999999 2.849
160.98232148063 -59.16805862382 0.0376 0.0353 13.6191 "" "" 5350409368192392320 1932.69849 0.4922 0.0455 -4.666 1.151 0.055 0.048 0.897 5378.9 4.3009 16.495743 1.254649 17.048655 15.794005 "" "" 1807.95093 2135.13184 4749.52027 5.8259 2069.9 12.905 3815.5 16.344 "" "" 0.003060305377555425 0.007321625 0.0059928307 0.013314456 160.98232148063 -59.16805862382 1932.69849 -4.666 1.151
160.82932757287 -59.23008608328 0.0838 0.0745 13.6605 "" "" 5350403767554852864 1856.92102 0.5606 0.0978 -6.242 1.988 0.12 0.095 2.322 5375.5 4.7059 16.498247 1.196468 16.954136 15.757668 "" "" 1547.06848 2328.8772 4738.58055 9.2791 2258.2 10.225 3945.4 11.766 "" "" 0.003480237542033145 0.005652751 0.0049767117 0.010629462 160.82932757287 -59.23008608328 1856.92102 -6.242000000000001 1.988
161.3264183663 -59.14310164565 0.3958 0.2379 14.4468 "" "" 5350492106437291392 1947.36719 0.5381 0.1219 -7.809 2.81 0.451 0.289 1.247 "" "" 16.500753 "" "" "" "" "" 1554.5365 2465.74902 4727.64954 7.5763 "" "" "" "" "" "" 0.0032587125956447635 "" "" "" 161.3264183663 -59.14310164565 1947.36719 -7.809 2.8099999999999996
161.05996181508 -59.50322541799 0.1405 0.1352 8.6807 "" "" 5350386828191758336 2253.96704 0.5381 0.1618 -5.688 2.402 0.177 0.158 5.203 4580.3 4.5281 16.501822 1.93696 17.335043 15.398083 "" "" 1738.45471 3104.40576 4723.00167 9.9953 1590.0 39.432 5494.5 59.129 "" "" 0.0035876770421696224 0.027070433 0.012280179 0.039350614 161.05996181508 -59.50322541799 2253.96704 -5.688000000000001 2.402
161.11590508707 -59.09880756014 0.0383 0.0348 16.4862 "" "" 5350505055740043264 2447.76562 0.3849 0.0446 -10.59 -1.173 0.052 0.041 0.924 5140.0 4.323 16.502031 1.295566 17.065708 15.770143 "" "" 2209.6665 2743.91089 4722.08731 2.4 2037.7 12.833 3900.3 16.365 "" "" 0.002810035668037211 0.007385098 0.0059191976 0.013304295 161.11590508707 -59.09880756014 2447.76562 -10.59 -1.173000000000001
161.2394887342 -59.61515113765 0.0375 0.0382 14.7244 "" "" 5350383048632306432 1880.63538 0.4901 0.0457 -7.235 3.301 0.05 0.046 0.957 9370.4 3.6518 16.50597 1.596501 17.187103 15.590602 "" "" 1756.64746 2031.44336 4704.99159 2.9679 1822.1 43.292 4601.7 36.836 "" "" 0.0028391636986641058 0.025946893 0.009477354 0.035424247 161.2394887342 -59.61515113765 1880.63538 -7.235 3.301
160.75436329159 -59.21306299699 0.0363 0.0349 16.1087 "" "" 5350406756852541440 2111.61328 0.4497 0.0439 -6.986 2.597 0.051 0.048 1.012 5543.5 4.5862 16.506052 1.064812 16.959616 15.894804 "" "" 1952.1781 2306.36328 4704.63153 2.5632 2246.8 8.5008 3477.3 13.428 "" "" 0.0028181029542645674 0.004965871 0.005644682 0.0106105525 160.75436329159 -59.21306299699 2111.61328 -6.986 2.5970000000000004
161.13392669605 -59.32017723173 0.0367 0.0356 3.3791 "" "" 5350396242772220800 1998.10376 0.4732 0.0446 -12.304 4.338 0.046 0.043 1.046 5442.5 4.5551 16.506548 1.215307 17.036821 15.821514 "" "" 1845.35315 2185.85376 4702.4902 2.3235 2092.6 10.246 3720.1 12.189 "" "" 0.0028070591422931657 0.0060038213 0.0051902905 0.011194112 161.13392669605 -59.32017723173 1998.10376 -12.303999999999997 4.337999999999999
160.76111689603 -59.36225139305 0.0374 0.0364 12.7733 "" "" 5350401431092417152 2049.10474 0.4587 0.0432 -7.829 -0.241 0.049 0.046 0.979 6094.0 4.482 16.506966 1.207137 17.007086 15.799949 "" "" 1875.03186 2235.50903 4700.67599 2.6704 2150.7 8.2886 3794.7 9.6977 "" "" 0.002823512792676745 0.0050292783 0.0046885684 0.009717846 160.76111689603 -59.36225139305 2049.10474 -7.829 -0.24099999999999955
161.47047147116 -59.37577012716 0.0364 0.0366 8.9273 "" "" 5350392978597188608 2721.51025 0.3467 0.0445 -4.3 1.778 0.047 0.041 1.014 "" "" 16.50753 1.440603 17.148787 15.708183 "" "" 2447.28418 3070.0127 4698.23463 2.5592 1887.6 12.62 4129.4 14.649 "" "" 0.002818077980285971 0.00777672 0.005396187 0.013172907 161.47047147116 -59.37577012716 2721.51025 -4.299999999999999 1.778
161.5836486873 -59.45387359677 0.0354 0.0365 13.3155 "" "" 5350344114722418816 2452.54712 0.412 0.0433 -4.803 1.563 0.048 0.044 1.024 5885.3 4.5135 16.50777 1.20604 17.014736 15.808696 "" "" 2202.15161 2706.23999 4697.19234 2.5272 2135.6 9.6092 3764.3 11.714 "" "" 0.002816562176151453 0.0056259437 0.005069429 0.010695373 161.5836486873 -59.45387359677 2452.54712 -4.803000000000001 1.5630000000000002
161.01857244369 -59.53442417601 0.0416 0.0478 10.9137 "" "" 5350386656404814080 2605.00415 0.3601 0.0516 -6.539 3.0 0.054 0.059 1.067 8596.5 3.0313 16.507824 1.967874 17.386087 15.418214 "" "" 2293.56323 3046.44238 4696.96387 5.2915 1517.0 27.527 5393.5 27.824 "" "" 0.003014619020217635 0.019898018 0.006756924 0.026654942 161.01857244369 -59.53442417601 2605.00415 -6.5390000000000015 3.0
161.11778573981 -59.42959916149 0.0423 0.0436 3.9379 "" "" 5350388924147762944 2519.09839 0.384 0.0513 -6.341 2.006 0.054 0.052 1.127 5393.9 3.775 16.50867 1.742191 17.346928 15.604736 "" "" 2185.47046 2916.95166 4693.29995 8.9277 1572.7 16.112 4542.2 26.714 "" "" 0.0034434432298389986 0.011467761 0.0074201566 0.018887918 161.11778573981 -59.42959916149 2519.09839 -6.341 2.0060000000000002
160.94074958103 -59.19883483562 0.036 0.0337 12.6757 "" "" 5350409952307886848 1935.1051 0.4861 0.0427 -6.548 1.668 0.05 0.044 0.98 6027.2 4.3299 16.50915 1.047553 16.946917 15.899363 "" "" 1765.60791 2124.56738 4691.23307 2.2468 2273.3 8.4929 3462.7 10.083 "" "" 0.002803959226680357 0.004923223 0.0049273814 0.009850604 160.94074958103 -59.19883483562 1935.1051 -6.548 1.668
160.86912693293 -59.53726823441 0.035 0.0376 13.6998 "" "" 5350375489488516736 2257.65674 0.442 0.0434 -8.427 0.183 0.045 0.044 0.986 "" "" 16.509903 1.126533 16.7631 15.636567 "" "" 2019.62769 2508.12598 4687.97498 4.7606 2692.6 51.341 4410.9 57.913 "" "" 0.0029677296734775165 0.020889392 0.014747688 0.03563708 160.86912693293 -59.53726823441 2257.65674 -8.427 0.18299999999999964
