Clusters/Trumpler_15/Trumpler_15_members.tsv
# %ECSV 1.0
# ---
# datatype:
# - name: RA_ICRS_1
#   unit: deg
#   datatype: float64
#   format: '{:15.11f}'
#   description: Right ascension (ICRS) at Ep=2016.0 (ra)
#   meta: !!omap
#   - {ucd: POS_EQ_RA_MAIN}
#   - {width: 15}
#   - {precision: '11'}
# - name: DE_ICRS_1
#   unit: deg
#   datatype: float64
#   format: '{:15.11f}'
#   description: Declination (ICRS) at Ep=2016.0 (dec)
#   meta: !!omap
#   - {ucd: POS_EQ_DEC_MAIN}
#   - {width: 15}
#   - {precision: '11'}
# - name: e_RA_ICRS
#   unit: mas
#   datatype: float64
#   format: '{:7.4f}'
#   description: Standard error of right ascension (ra_error)
#   meta: !!omap
#   - {ucd: ERROR}
#   - {width: 7}
#   - {precision: '4'}
# - name: e_DE_ICRS
#   unit: mas
#   datatype: float64
#   format: '{:7.4f}'
#   description: Standard error of declination (dec_error)
#   meta: !!omap
#   - {ucd: ERROR}
#   - {width: 7}
#   - {precision: '4'}
# - name: _r_1
#   unit: ''
#   datatype: float64
#   format: '{:7.4f}'
#   description: Distance from center (161.17851382000-59.37170418000)[ICRS], at Epoch=J2016.0
#   meta: !!omap
#   - {ucd: POS_ANG_DIST_GENERAL}
#   - {width: 7}
#   - {precision: '4'}
# - name: HIP
#   datatype: int32
#   description: '? HIP cross-id number, van Leeuwen, Cat. I/311 (hip_original_ext_source_id)'
#   meta: !!omap
#   - {ucd: ID_NUMBER}
#   - {width: 6}
#   - values: {'null': -2147483648}
# - name: TYC2
#   datatype: string
#   description: Tycho-2 cross-id name, Hog et al., Cat. I/259 (tyc2_original_ext_source_id)
#   meta: !!omap
#   - {ucd: ID_CROSSID}
#   - {_votable_string_dtype: char}
# - name: Source
#   datatype: int64
#   description: Source identifier, identical to the Gaia-EDR3 source_id (id)
#   meta: !!omap
#   - {ucd: ID_MAIN}
#   - {width: 19}
# - name: rgeo
#   unit: pc
#   datatype: float64
#   format: '{:15.8f}'
#   description: '? Median of the geometric distance posterior (r_med_geo)'
#   meta: !!omap
#   - {ucd: PHYS_DISTANCE_TRUE}
#   - {width: 15}
#   - {precision: '8'}
#   - values: {'null': .nan}
# - name: Plx
#   unit: mas
#   datatype: float64
#   format: '{:9.4f}'
#   description: '? Parallax (parallax)'
#   meta: !!omap
#   - {ucd: POS_PARLX_TRIG}
#   - {width: 9}
#   - {precision: '4'}
#   - values: {'null': .nan}
# - name: e_Plx
#   unit: mas
#   datatype: float32
#   format: '{:7.4f}'
#   description: '? Standard error of parallax (parallax_error)'
#   meta: !!omap
#   - {ucd: ERROR}
#   - {width: 7}
#   - {precision: '4'}
#   - values: {'null': .nan}
# - name: pmRA
#   unit: mas / yr
#   datatype: float64
#   format: '{:9.3f}'
#   description: '? Proper motion in right ascension direction, pmRA*cosDE (pmra)'
#   meta: !!omap
#   - {ucd: POS_EQ_PMRA}
#   - {width: 9}
#   - {precision: '3'}
#   - values: {'null': .nan}
# - name: pmDE
#   unit: mas / yr
#   datatype: float64
#   format: '{:9.3f}'
#   description: '? Proper motion in declination direction (pmdec)'
#   meta: !!omap
#   - {ucd: POS_EQ_PMDEC}
#   - {width: 9}
#   - {precision: '3'}
#   - values: {'null': .nan}
# - name: e_pmRA
#   unit: mas / yr
#   datatype: float32
#   format: '{:6.3f}'
#   description: '? Standard error of proper motion in right ascension direction (pmra_error)'
#   meta: !!omap
#   - {ucd: ERROR}
#   - {width: 6}
#   - {precision: '3'}
#   - values: {'null': .nan}
# - name: e_pmDE
[...]
#         unit: &id001 !astropy.units.Unit {unit: deg}
#         value: !astropy.table.SerializedColumn {name: SkyCoord.dec}
#       distance: !astropy.table.SerializedColumn
#         __class__: astropy.coordinates.distances.Distance
#         unit: !astropy.units.Unit {unit: pc}
#         value: !astropy.table.SerializedColumn {name: SkyCoord.distance}
#       frame: icrs
#       obstime: !astropy.time.Time {format: jyear_str, in_subfmt: '*', jd1: 367701545.0, jd2: 0.0, out_subfmt: '*', precision: 3, scale: tt}
#       pm_dec: !astropy.table.SerializedColumn
#         __class__: astropy.units.quantity.Quantity
#         unit: !astropy.units.Unit {unit: mas / yr}
#         value: !astropy.table.SerializedColumn {name: SkyCoord.pm_dec}
#       pm_ra_cosdec: !astropy.table.SerializedColumn
#         __class__: astropy.units.quantity.Quantity
#         unit: !astropy.units.Unit {unit: mas / yr}
#         value: !astropy.table.SerializedColumn {name: SkyCoord.pm_ra_cosdec}
#       ra: !astropy.table.SerializedColumn
#         __class__: astropy.coordinates.angles.Longitude
#         unit: *id001
#         value: !astropy.table.SerializedColumn {name: SkyCoord.ra}
#         wrap_angle: !astropy.coordinates.Angle
#           unit: *id001
#           value: 360.0
#       representation_type: spherical
# schema: astropy-2.0
RA_ICRS_1 DE_ICRS_1 e_RA_ICRS e_DE_ICRS _r_1 HIP TYC2 Source rgeo Plx e_Plx pmRA pmDE e_pmRA e_pmDE RUWE Teff logg Gmag BP-RP BPmag RPmag RV e_RV b_rgeo B_rgeo FG e_FG FBP e_FBP FRP e_FRP RAVE5 RAVE6 e_Gmag e_BPmag e_RPmag e_BP-RP SkyCoord.ra SkyCoord.dec SkyCoord.distance SkyCoord.pm_ra_cosdec SkyCoord.pm_dec Pmemb
[from data line 40]
161.13549495918 -59.40953476149 0.0124 0.0131 2.6229 "" "" 5350388958507538048 2239.70337 0.4092 0.0154 -6.459 2.03 0.016 0.016 1.002 7495.7 3.6623 14.274285 1.197871 14.780019 13.582148 43.32 12.2 2162.59424 2328.89526 36747.91804 13.891 16727.0 37.706 29262.0 48.369 "" "" 0.002785719171772397 0.0037114874 0.0041838507 0.007895338 161.13549495918 -59.40953476149 2239.70337 -6.4590000000000005 2.0300000000000002 1.0
161.21941499659 -59.39814556355 0.0128 0.0131 2.0196 "" "" 5350389233385517568 2274.0022 0.4006 0.0153 -6.159 2.042 0.017 0.015 0.933 "" "" 14.294888 0.840548 14.621546 13.780998 "" "" 2190.48486 2358.11182 36057.18978 7.9156 19355.0 21.863 24365.0 18.971 "" "" 0.0027656103141948684 0.0030478132 0.0038727743 0.0069205873 161.21941499659 -59.39814556355 2274.0022 -6.159 2.042 0.8
161.19911489355 -59.37476082592 0.0141 0.014 0.6559 "" "" 5350395177620283520 2041.51965 0.4528 0.0171 -5.891 2.022 0.019 0.016 1.209 "" "" 14.360679 0.68451 14.610777 13.926267 "" "" 1991.13257 2114.26611 33937.14407 10.588 19548.0 21.564 21313.0 41.438 "" "" 0.002776064177458272 0.0030363721 0.004328955 0.0073653273 161.19911489355 -59.37476082592 2041.51965 -5.891000000000001 2.0219999999999994 0.8
161.24723839945 -59.37317873263 0.0135 0.0137 2.1026 "" "" 5350395143260584320 2531.7998 0.3586 0.0161 -6.422 1.976 0.019 0.017 1.078 9942.7 3.8764 14.374745 0.562663 14.565875 14.003212 "" "" 2437.8772 2632.50171 33500.30267 9.7875 20374.0 28.986 19855.0 20.231 "" "" 0.002773519752790204 0.00318921 0.0039379713 0.0071271816 161.24723839945 -59.37317873263 2531.7998 -6.422 1.976 1.0
161.23725769443 -59.37021031803 0.0131 0.0144 1.798 "" "" 5350395143260582784 2215.83911 0.4128 0.0162 -6.211 1.969 0.018 0.018 1.007 "" "" 14.40029 0.594328 14.618701 14.024373 "" "" 2151.99194 2290.81543 32721.33419 9.8679 19406.0 19.319 19472.0 16.564 "" "" 0.002774707119184317 0.0029922107 0.0038905968 0.0068828072 161.23725769443 -59.37021031803 2215.83911 -6.211000000000001 1.969 0.8
161.11953829172 -59.36183433103 0.0135 0.0138 1.8978 "" "" 5350390298537399168 2352.36548 0.391 0.0165 -6.071 2.008 0.018 0.017 0.974 "" "" 14.406732 0.757799 14.699465 13.941666 "" "" 2262.0459 2464.57031 32527.7488 12.783 18015.0 30.22 21013.0 25.1 "" "" 0.002788161741441289 0.0033320007 0.0039957105 0.007327711 161.11953829172 -59.36183433103 2352.36548 -6.071000000000001 2.0080000000000005 0.9
161.18017337695 -59.33248787687 0.0153 0.0141 2.3535 "" "" 5350395521217726208 2407.05664 0.3817 0.018 -6.159 2.24 0.019 0.017 1.041 "" "" 14.481651 0.688483 14.737611 14.049128 "" "" 2304.05127 2500.32983 30358.90947 8.9658 17393.0 19.638 19033.0 17.599 "" "" 0.002773914905573876 0.0030475932 0.003910449 0.0069580423 161.18017337695 -59.33248787687 2407.05664 -6.159 2.2399999999999998 1.0
161.21549790712 -59.32766390737 0.0189 0.0198 2.8744 "" "" 5350395349419065728 2310.24731 0.3908 0.0233 -6.667 1.954 0.025 0.023 1.376 9536.7 3.9821 14.528458 0.625492 14.751533 14.12604 "" "" 2201.84717 2472.88794 29077.95083 9.8632 17171.0 15.171 17731.0 18.324 "" "" 0.0027798236796263767 0.002950467 0.0039424254 0.0068928925 161.21549790712 -59.32766390737 2310.24731 -6.667000000000001 1.9539999999999997 1.0
161.13620022574 -59.45083798016 0.014 0.0148 4.9207 "" "" 5350388821068529408 2325.36206 0.3972 0.0171 -6.149 1.954 0.019 0.018 0.963 "" "" 14.533611 0.737901 14.808784 14.070883 "" "" 2240.25122 2434.57861 28940.23644 14.917 16289.0 42.354 18655.0 25.803 "" "" 0.0028115794657053725 0.0039692405 0.0040668165 0.0080360565 161.13620022574 -59.45083798016 2325.36206 -6.149 1.9539999999999997 1.0
161.20864062112 -59.36811196302 0.0142 0.0153 0.9458 "" "" 5350395177620302592 2310.50684 0.3966 0.0179 -5.984 1.981 0.018 0.017 0.978 "" "" 14.54563 0.671822 14.797671 14.12585 "" "" 2229.08862 2417.60962 28621.66157 8.6799 16457.0 12.435 17734.0 25.181 "" "" 0.0027749241726291287 0.0029082787 0.0040817233 0.006990002 161.20864062112 -59.36811196302 2310.50684 -5.984 1.9809999999999999 0.9
161.12713206145 -59.42232367609 0.0144 0.0148 3.4187 "" "" 5350388924147777792 2210.78149 0.4186 0.0175 -6.591 2.23 0.018 0.017 0.973 9951.3 4.1598 14.579014 0.758204 14.868122 14.109918 "" "" 2118.60645 2278.07129 27755.00901 6.7007 15423.0 24.221 17997.0 18.453 "" "" 0.002767760327430376 0.003269921 0.0039399294 0.0072098505 161.12713206145 -59.42232367609 2210.78149 -6.590999999999999 2.2300000000000004 0.9
161.15346208775 -59.3852784609 0.0148 0.0145 1.1178 "" "" 5350389473903663872 2386.30664 0.3843 0.0177 -6.046 2.063 0.019 0.017 0.961 7781.2 3.8464 14.597632 0.694839 14.845067 14.150229 "" "" 2306.21777 2474.39673 27283.11078 7.6218 15754.0 18.576 17341.0 13.879 "" "" 0.002771964444603797 0.0030698567 0.0038779955 0.006947852 161.15346208775 -59.3852784609 2386.30664 -6.046000000000001 2.0629999999999997 1.0
161.17796543753 -59.33335289137 0.016 0.015 2.3011 "" "" 5350395521217723904 2277.32788 0.4066 0.0191 -6.487 2.135 0.02 0.018 1.079 "" "" 14.617098 1.006722 15.025371 14.018648 -4.26 9.93 2183.79004 2397.80762 26798.33145 6.1166 13343.0 18.259 19575.0 22.175 "" "" 0.0027664420115808817 0.003161095 0.0039744806 0.0071355756 161.17796543753 -59.33335289137 2277.32788 -6.486999999999999 2.135 0.9
161.18995617559 -59.36729862318 0.0176 0.0182 0.4384 "" "" 5350395177620290560 2408.60791 0.3857 0.0219 -5.934 2.074 0.023 0.022 1.282 9562.7 3.7385 14.641217 0.803541 14.937846 14.134305 "" "" 2289.10864 2579.16919 26209.55685 7.4289 14464.0 28.385 17597.0 27.222 "" "" 0.0027724529891023962 0.0035106954 0.0041357926 0.007646488 161.18995617559 -59.36729862318 2408.60791 -5.933999999999999 2.0739999999999994 0.8
161.18268917935 -59.42190166702 0.014 0.0147 3.0145 "" "" 5350389130306243584 2288.73657 0.3955 0.017 -6.447 1.945 0.019 0.018 1.005 "" "" 14.644197 0.844591 14.974011 14.12942 "" "" 2220.54053 2388.5791 26137.72169 6.2329 13990.0 16.876 17676.0 38.236 "" "" 0.0027674578850890846 0.0030822712 0.00444969 0.0075319614 161.18268917935 -59.42190166702 2288.73657 -6.446999999999999 1.9449999999999998 1.0
161.25839269446 -59.34754891262 0.0146 0.0154 2.8402 "" "" 5350395280699585536 2037.43579 0.4584 0.0179 -6.56 1.926 0.019 0.019 1.028 7127.6 4.2135 14.659136 0.796142 14.972893 14.176751 11.6 13.39 1966.05933 2158.12085 25780.5647 6.378 14004.0 18.96 16922.0 25.795 "" "" 0.002768381984739797 0.003153709 0.004125879 0.007279588 161.25839269446 -59.34754891262 2037.43579 -6.559999999999999 1.9259999999999997 0.8
161.20653947525 -59.35380701608 0.0146 0.0165 1.3738 "" "" 5350395211980064896 2409.54443 0.378 0.0186 -6.06 2.122 0.02 0.019 1.012 9732.7 3.8791 14.665246 0.602042 14.885915 14.283873 "" "" 2303.63354 2543.89429 25635.88332 7.9174 15172.0 16.64 15332.0 17.734 "" "" 0.0027756491975862055 0.003033649 0.0039825677 0.0070162164 161.20653947525 -59.35380701608 2409.54443 -6.06 2.122 1.0
161.21252645969 -59.33520112568 0.0208 0.0205 2.4247 "" "" 5350395349419051776 2330.39624 0.3959 0.0253 -6.186 2.176 0.027 0.024 1.384 9880.9 4.1329 14.677521 0.543235 14.860417 14.317183 "" "" 2209.77295 2478.7793 25347.70431 12.654 15533.0 18.86 14869.0 26.071 "" "" 0.002808126182436957 0.0030859252 0.0042317645 0.0073176897 161.21252645969 -59.33520112568 2330.39624 -6.186 2.176 0.8
161.18870363582 -59.3830786793 0.0157 0.0158 0.7502 "" "" 5350389302104998400 2170.26392 0.4205 0.018 -6.136 2.016 0.023 0.019 1.01 "" "" 14.692884 0.701694 14.957298 14.255605 "" "" 2088.90259 2255.80762 24991.56967 7.4653 14207.0 21.687 15737.0 13.067 "" "" 0.0027743422579346788 0.0032452962 0.0038854184 0.0071307146 161.18870363582 -59.3830786793 2170.26392 -6.136000000000001 2.016 0.9
161.17423472209 -59.40439893447 0.0156 0.0163 1.966 "" "" 5350389164666001664 2255.75732 0.4073 0.019 -6.138 2.081 0.02 0.019 0.974 9266.9 3.8973 14.780579 0.819412 15.092224 14.272812 "" "" 2166.73267 2340.19214 23052.35006 5.7527 12547.0 24.834 15489.0 30.363 "" "" 0.002768609848122142 0.0035218087 0.004337471 0.007859279 161.17423472209 -59.40439893447 2255.75732 -6.138 2.081 0.9
161.16242617628 -59.36877778657 0.0172 0.0172 0.5222 "" "" 5350389508263434624 2411.46289 0.3873 0.0214 -5.999 2.104 0.025 0.02 0.99 7998.1 4.2905 14.819891 0.859177 15.16214 14.302963 "" "" 2298.30737 2553.00586 22232.60835 7.2237 11764.0 23.358 15065.0 28.136 "" "" 0.0027778115831901514 0.0035259675 0.004289004 0.007814972 161.16242617628 -59.36877778657 2411.46289 -5.9990000000000006 2.104 0.9
161.18460401924 -59.33663469343 0.0189 0.0163 2.1124 "" "" 5350395521217722624 2421.80811 0.3745 0.0212 -6.034 2.016 0.022 0.019 0.966 8231.8 3.6286 14.843806 0.718542 15.112699 14.394157 "" "" 2305.68335 2571.19897 21748.2377 6.4499 12312.0 16.617 13851.0 13.723 "" "" 0.0027740714003086325 0.003151566 0.0039294865 0.0070810523 161.18460401924 -59.33663469343 2421.80811 -6.034000000000001 2.016 1.0
161.21166996918 -59.40558350462 0.016 0.0168 2.2712 "" "" 5350389199025763456 2560.47461 0.3509 0.0194 -6.06 2.044 0.021 0.02 1.036 7516.7 3.4934 14.848887 0.727904 15.135649 14.407744 "" "" 2420.073 2681.61011 21646.70786 5.9288 12055.0 24.695 13679.0 57.566 "" "" 0.0027713208369242086 0.003568184 0.005929664 0.009497847 161.21166996918 -59.40558350462 2560.47461 -6.059999999999999 2.044 0.8
161.10691010471 -59.38609912515 0.0193 0.0197 2.3526 "" "" 5350390161098400640 2132.69458 0.4338 0.0235 -6.589 2.194 0.026 0.024 1.281 6047.0 3.5527 14.918631 1.192577 15.391405 14.198828 "" "" 2035.17163 2246.45776 20299.93354 256.89 9524.8 400.78 16582.0 529.25 "" "" 0.014013237699657392 0.045770217 0.034859076 0.08062929 161.10691010471 -59.38609912515 2132.69458 -6.589 2.194 0.9
161.18356667678 -59.39486825849 0.017 0.0163 1.3984 "" "" 5350389263418708352 2274.35352 0.4024 0.02 -6.091 2.048 0.022 0.018 0.974 "" "" 14.953228 0.910148 15.313108 14.402961 "" "" 2159.67163 2377.53516 19663.26077 4.7225 10237.0 24.148 13740.0 21.07 "" "" 0.0027676316779098684 0.0037874095 0.0041298666 0.007917276 161.18356667678 -59.39486825849 2274.35352 -6.091 2.048 1.0
161.16269128157 -59.37130673524 0.0178 0.0183 0.4843 "" "" 5350389503942146048 2451.20068 0.3791 0.0225 -6.017 2.13 0.024 0.021 1.004 8297.6 3.7404 14.955347 1.014041 15.367923 14.353882 "" "" 2303.72314 2654.4375 19624.92263 6.9395 9733.0 30.363 14375.0 22.207 "" "" 0.0027819393475468418 0.004388302 0.0041348524 0.008523155 161.16269128157 -59.37130673524 2451.20068 -6.0169999999999995 2.1299999999999994 0.9
161.27396049101 -59.39362910105 0.0165 0.017 3.1996 "" "" 5350392119603591296 2232.89014 0.411 0.0199 -6.066 2.004 0.022 0.021 0.984 "" "" 14.968516 0.710539 15.228094 14.517555 "" "" 2127.45532 2331.12354 19388.32352 5.5418 11071.0 16.404 12363.0 15.081 "" "" 0.002772742152623004 0.0032207312 0.004004729 0.0072254604 161.27396049101 -59.39362910105 2232.89014 -6.066000000000001 2.004 1.0
161.28995671537 -59.31566174892 0.0182 0.0186 4.7886 "" "" 5350392841158216704 2624.01782 0.3516 0.0221 -6.304 2.242 0.025 0.023 1.028 7195.6 3.7583 14.984789 0.685088 15.242741 14.557652 "" "" 2461.03711 2789.58447 19099.89633 6.7582 10922.0 13.523 11915.0 16.467 "" "" 0.002781973507519792 0.0030971249 0.0040663644 0.0071634892 161.28995671537 -59.31566174892 2624.01782 -6.304 2.242 0.9
161.14700677586 -59.32432719514 0.0179 0.0178 3.0016 "" "" 5350395486857979008 2411.75562 0.381 0.0214 -6.152 2.037 0.022 0.021 0.933 6785.0 4.0288 15.00286 1.045116 15.434227 14.389112 "" "" 2302.50024 2566.24072 18784.63385 4.4658 9156.4 20.71 13916.0 15.665 "" "" 0.002767384159505488 0.0037169382 0.0039720885 0.0076890267 161.14700677586 -59.32432719514 2411.75562 -6.151999999999999 2.0369999999999995 0.9
161.1847353374 -59.40155459898 0.0172 0.0174 1.8011 "" "" 5350389164666013312 2520.41992 0.3591 0.0203 -5.964 2.0 0.023 0.021 0.955 8811.0 3.6257 15.037679 0.872833 15.376088 14.503255 "" "" 2399.98413 2648.02197 18191.77918 5.5311 9660.1 14.753 12527.0 24.798 "" "" 0.0027750248615229546 0.0032456894 0.0043477756 0.007593465 161.1847353374 -59.40155459898 2520.41992 -5.964 2.0 1.0
161.15524849598 -59.43679351716 0.0168 0.0184 3.9695 "" "" 5350388717989343616 2282.18164 0.4016 0.0208 -6.241 2.12 0.023 0.023 1.074 7478.5 3.5482 15.069899 1.520153 15.764046 14.243893 23.25 6.4 2173.51123 2400.92017 17659.86334 5.5868 6757.7 20.028 15907.0 24.305 "" "" 0.0027766467488311085 0.0042590457 0.0041274475 0.008386493 161.15524849598 -59.43679351716 2282.18164 -6.2410000000000005 2.12 0.9
161.17567914174 -59.37812436078 0.0181 0.0177 0.3948 "" "" 5350389508263427328 2328.71436 0.3896 0.0219 -6.114 2.143 0.024 0.02 0.986 7344.5 3.5203 15.093407 1.135965 15.56856 14.432594 "" "" 2219.30591 2447.65479 17281.60857 4.4599 8090.8 23.947 13370.0 21.476 "" "" 0.002769530719282812 0.004255808 0.0041623623 0.008418171 161.17567914174 -59.37812436078 2328.71436 -6.113999999999998 2.143 0.8
161.16840829475 -59.34601012908 0.0182 0.0184 1.5723 "" "" 5350395418138480768 2422.23706 0.3783 0.0217 -6.136 1.794 0.024 0.022 0.992 "" "" 15.106651 1.257931 15.642314 14.384383 "" "" 2301.09155 2525.31934 17072.0645 5.7872 7559.5 15.859 13977.0 22.262 "" "" 0.0027797931877436037 0.003601835 0.004156232 0.007758067 161.16840829475 -59.34601012908 2422.23706 -6.136 1.794 1.0
161.18739540272 -59.38592845171 0.0191 0.0195 0.8956 "" "" 5350389302104992896 2339.48828 0.3926 0.022 -6.025 1.961 0.027 0.023 1.025 9741.4 3.9576 15.188325 0.81162 15.506874 14.695254 "" "" 2243.10327 2459.46606 15834.95868 4.566 8563.8 13.274 10497.0 15.193 "" "" 0.0027730494142981913 0.003258407 0.004093068 0.0073514753 161.18739540272 -59.38592845171 2339.48828 -6.025 1.9609999999999999 1.0
161.23914644541 -59.41881264642 0.0183 0.0184 3.3793 "" "" 5350386244088260992 2300.69727 0.3963 0.0221 -6.085 2.03 0.025 0.022 1.019 6845.5 3.8466 15.201674 1.305686 15.762188 14.456502 "" "" 2197.37939 2403.76172 15641.44538 4.1258 6769.3 15.366 13078.0 17.255 "" "" 0.002770163855581683 0.0037227892 0.004041759 0.007764548 161.23914644541 -59.41881264642 2300.69727 -6.085000000000001 2.0300000000000002 1.0
161.22183219829 -59.2810620394 0.0211 0.0201 5.5978 "" "" 5350396105333369728 2597.54102 0.3491 0.025 -6.166 2.288 0.027 0.024 0.984 7124.8 3.7106 15.361481 1.324056 15.940338 14.616282 "" "" 2446.65796 2780.46289 13500.63983 4.2186 5744.9 12.335 11289.0 15.387 "" "" 0.002776128552356385 0.0036358738 0.004058785 0.007694659 161.22183219829 -59.2810620394 2597.54102 -6.166 2.288 0.8
161.14015651496 -59.41909345209 0.0206 0.0214 3.0753 "" "" 5350388958507526656 2102.90698 0.4357 0.025 -6.435 1.951 0.028 0.026 0.987 6181.2 3.7947 15.430128 1.54074 16.105152 14.564412 "" "" 1989.85364 2221.29517 12673.46537 4.8804 4935.8 37.048 11841.0 23.082 "" "" 0.002786862100622125 0.008613918 0.0043316414 0.012945559 161.14015651496 -59.41909345209 2102.90698 -6.434999999999999 1.9510000000000005 1.0
161.19489938855 -59.36407534149 0.0262 0.0257 0.6786 "" "" 5350395177620300160 2031.76599 0.4642 0.0321 -5.961 1.96 0.035 0.032 1.166 5891.0 3.7127 15.439565 1.265519 15.824834 14.559315 "" "" 1912.28638 2159.11279 12563.79329 16.624 6389.7 106.65 11897.0 92.594 "" "" 0.003107352464532925 0.018335477 0.009256916 0.027592393 161.19489938855 -59.36407534149 2031.76599 -5.961000000000001 1.9600000000000004 0.9
161.21594461629 -59.37504806551 0.0228 0.0232 1.1616 "" "" 5350395108900819328 2530.96777 0.3669 0.0277 -6.18 1.955 0.029 0.026 0.987 5523.3 3.6992 15.59979 1.526692 16.292782 14.766089 "" "" 2367.5918 2712.44312 10840.04317 10.379 4152.4 22.739 9833.8 34.586 "" "" 0.0029449058604737546 0.00656775 0.0053726505 0.011940401 161.21594461629 -59.37504806551 2530.96777 -6.179999999999999 1.9550000000000005 0.9
