Clusters/Trumpler_15/Trumpler_15_stars_in_region.tsv
# %ECSV 1.0
# ---
# datatype:
# - name: RA_ICRS_1
#   unit: deg
#   datatype: float64
#   format: '{:15.11f}'
#   description: Right ascension (ICRS) at Ep=2016.0 (ra)
#   meta: !!omap
#   - {ucd: POS_EQ_RA_MAIN}
#   - {width: 15}
#   - {precision: '11'}
# - name: DE_ICRS_1
#   unit: deg
#   datatype: float64
#   format: '{:15.11f}'
#   description: Declination (ICRS) at Ep=2016.0 (dec)
#   meta: !!omap
#   - {ucd: POS_EQ_DEC_MAIN}
#   - {width: 15}
#   - {precision: '11'}
# - name: e_RA_ICRS
#   unit: mas
#   datatype: float64
#   format: '{:7.4f}'
#   description: Standard error of right ascension (ra_error)
#   meta: !!omap
#   - {ucd: ERROR}
#   - {width: 7}
#   - {precision: '4'}
# - name: e_DE_ICRS
#   unit: mas
#   datatype: float64
#   format: '{:7.4f}'
#   description: Standard error of declination (dec_error)
#   meta: !!omap
#   - {ucd: ERROR}
#   - {width: 7}
#   - {precision: '4'}
# - name: _r_1
#   unit: ''
#   datatype: float64
#   format: '{:7.4f}'
#   description: Distance from center (161.17851382000-59.37170418000)[ICRS], at Epoch=J2016.0
#   meta: !!omap
#   - {ucd: POS_ANG_DIST_GENERAL}
#   - {width: 7}
#   - {precision: '4'}
# - name: HIP
#   datatype: int32
#   description: '? HIP cross-id number, van Leeuwen, Cat. I/311 (hip_original_ext_source_id)'
#   meta: !!omap
#   - {ucd: ID_NUMBER}
#   - {width: 6}
#   - values: {'null': -2147483648}
# - name: TYC2
#   datatype: string
#   description: Tycho-2 cross-id name, Hog et al., Cat. I/259 (tyc2_original_ext_source_id)
#   meta: !!omap
#   - {ucd: ID_CROSSID}
#   - {_votable_string_dtype: char}
# - name: Source
#   datatype: int64
#   description: Source identifier, identical to the Gaia-EDR3 source_id (id)
#   meta: !!omap
#   - {ucd: ID_MAIN}
#   - {width: 19}
# - name: rgeo
#   unit: pc
#   datatype: float64
#   format: '{:15.8f}'
#   description: '? Median of the geometric distance posterior (r_med_geo)'
#   meta: !!omap
#   - {ucd: PHYS_DISTANCE_TRUE}
#   - {width: 15}
#   - {precision: '8'}
#   - values: {'null': .nan}
# - name: Plx
#   unit: mas
#   datatype: float64
#   format: '{:9.4f}'
#   description: '? Parallax (parallax)'
#   meta: !!omap
#   - {ucd: POS_PARLX_TRIG}
#   - {width: 9}
#   - {precision: '4'}
#   - values: {'null': .nan}
# - name: e_Plx
#   unit: mas
#   datatype: float32
#   format: '{:7.4f}'
#   description: '? Standard error of parallax (parallax_error)'
#   meta: !!omap
#   - {ucd: ERROR}
#   - {width: 7}
#   - {precision: '4'}
#   - values: {'null': .nan}
# - name: pmRA
#   unit: mas / yr
#   datatype: float64
#   format: '{:9.3f}'
#   description: '? Proper motion in right ascension direction, pmRA*cosDE (pmra)'
#   meta: !!omap
#   - {ucd: POS_EQ_PMRA}
#   - {width: 9}
#   - {precision: '3'}
#   - values: {'null': .nan}
# - name: pmDE
#   unit: mas / yr
#   datatype: float64
#   format: '{:9.3f}'
#   description: '? Proper motion in declination direction (pmdec)'
#   meta: !!omap
#   - {ucd: POS_EQ_PMDEC}
#   - {width: 9}
#   - {precision: '3'}
#   - values: {'null': .nan}
# - name: e_pmRA
#   unit: mas / yr
#   datatype: float32
#   format: '{:6.3f}'
#   description: '? Standard error of proper motion in right ascension direction (pmra_error)'
#   meta: !!omap
#   - {ucd: ERROR}
#   - {width: 6}
#   - {precision: '3'}
#   - values: {'null': .nan}
# - name: e_pmDE
[...]
#         unit: &id001 !astropy.units.Unit {unit: deg}
#         value: !astropy.table.SerializedColumn {name: SkyCoord.dec}
#       distance: !astropy.table.SerializedColumn
#         __class__: astropy.coordinates.distances.Distance
#         unit: !astropy.units.Unit {unit: pc}
#         value: !astropy.table.SerializedColumn {name: SkyCoord.distance}
#       frame: icrs
#       obstime: !astropy.time.Time {format: jyear_str, in_subfmt: '*', jd1: 367701545.0, jd2: 0.0, out_subfmt: '*', precision: 3, scale: tt}
#       pm_dec: !astropy.table.SerializedColumn
#         __class__: astropy.units.quantity.Quantity
#         unit: !astropy.units.Unit {unit: mas / yr}
#         value: !astropy.table.SerializedColumn {name: SkyCoord.pm_dec}
#       pm_ra_cosdec: !astropy.table.SerializedColumn
#         __class__: astropy.units.quantity.Quantity
#         unit: !astropy.units.Unit {unit: mas / yr}
#         value: !astropy.table.SerializedColumn {name: SkyCoord.pm_ra_cosdec}
#       ra: !astropy.table.SerializedColumn
#         __class__: astropy.coordinates.angles.Longitude
#         unit: *id001
#         value: !astropy.table.SerializedColumn {name: SkyCoord.ra}
#         wrap_angle: !astropy.coordinates.Angle
#           unit: *id001
#           value: 360.0
#       representation_type: spherical
# schema: astropy-2.0
RA_ICRS_1 DE_ICRS_1 e_RA_ICRS e_DE_ICRS _r_1 HIP TYC2 Source rgeo Plx e_Plx pmRA pmDE e_pmRA e_pmDE RUWE Teff logg Gmag BP-RP BPmag RPmag RV e_RV b_rgeo B_rgeo FG e_FG FBP e_FBP FRP e_FRP RAVE5 RAVE6 e_Gmag e_BPmag e_RPmag e_BP-RP SkyCoord.ra SkyCoord.dec SkyCoord.distance SkyCoord.pm_ra_cosdec SkyCoord.pm_dec
[from data line 647]
161.29420014789 -59.45818296647 0.0142 0.0146 6.2767 "" "" 5350385866131113088 2015.90796 0.462 0.0174 -6.614 2.518 0.02 0.018 1.001 "" "" 14.715093 0.823145 15.03461 14.211465 "" "" 1940.30127 2083.4563 24485.53441 5.579 13230.0 15.681 16390.0 17.396 "" "" 0.002766403459018237 0.003072639 0.0039511644 0.0070238034 161.29420014789 -59.45818296647 2015.90796 -6.614000000000001 2.5180000000000002
161.4023893842 -59.31288758801 0.0156 0.0158 7.705 "" "" 5350394146828328704 2474.12793 0.3637 0.0191 -6.813 1.749 0.021 0.019 0.954 "" "" 14.715121 2.06973 15.764586 13.694856 -12.1 4.41 2364.13818 2591.19727 24484.89083 7.6571 6754.3 12.529 26376.0 15.938 "" "" 0.002776162201900115 0.0034411133 0.003835903 0.0072770165 161.4023893842 -59.31288758801 2474.12793 -6.813000000000001 1.749
160.9156432088 -59.57922746927 0.0227 0.0246 14.8057 "" "" 5350363635378732800 2370.94336 0.3886 0.0278 -6.682 1.954 0.032 0.031 1.054 "" "" 14.717515 1.876738 15.620739 13.744001 43.84 7.5 2219.12573 2548.2915 24430.97954 9.3472 7711.2 37.453 25209.0 34.612 "" "" 0.0027864574897073615 0.0059660343 0.0040627536 0.010028788 160.9156432088 -59.57922746927 2370.94336 -6.682 1.9540000000000002
161.0667562388 -59.4936189295 0.018 0.0183 8.0707 "" "" 5350387206160728832 2205.83276 0.4184 0.0213 -6.54 2.433 0.023 0.022 1.125 9932.7 3.8015 14.726988 0.788255 14.988352 14.200097 "" "" 2113.7063 2296.10156 24218.75323 7.2717 13806.0 51.651 16562.0 103.11 "" "" 0.002774537966845394 0.004927934 0.007744294 0.012672229 161.0667562388 -59.4936189295 2205.83276 -6.540000000000001 2.433
161.05621682389 -59.59755307016 0.017 0.0173 14.0538 "" "" 5350362776370302592 2404.43579 0.3737 0.0201 -6.311 2.046 0.024 0.021 1.019 9962.3 4.2328 14.729387 0.758907 15.01208 14.253173 "" "" 2320.33887 2528.16553 24165.27848 7.2458 13508.0 33.081 15772.0 55.315 "" "" 0.002774486036987344 0.003854234 0.0053650243 0.009219258 161.05621682389 -59.59755307016 2404.43579 -6.310999999999999 2.0459999999999994
161.26173135532 -59.39971116384 0.0156 0.0158 3.0478 "" "" 5350392153963308160 2340.2041 0.3942 0.0185 -7.541 2.865 0.02 0.018 0.976 7480.1 3.727 14.729819 0.709933 14.984364 14.274431 "" "" 2221.29858 2449.10156 24155.66499 6.148 13857.0 31.279 15466.0 38.766 "" "" 0.0027691427514922044 0.003713687 0.004657243 0.00837093 161.26173135532 -59.39971116384 2340.2041 -7.541000000000001 2.865
160.9932964082 -59.55991795485 0.0195 0.0191 12.6256 "" "" 5350363807177544832 2588.10254 0.353 0.0235 -7.312 3.065 0.026 0.023 1.107 "" "" 14.731892 0.868063 15.02912 14.161057 "" "" 2440.26416 2756.92139 24109.59983 8.2564 13297.0 100.1 17169.0 47.83 "" "" 0.002780293980056321 0.0086365575 0.0048407055 0.013477263 160.9932964082 -59.55991795485 2588.10254 -7.312000000000001 3.0650000000000004
161.20126802913 -59.22882728053 0.0159 0.0154 8.6009 "" "" 5350398441795624576 2226.62622 0.4116 0.0196 -7.105 2.498 0.022 0.019 0.943 9496.8 3.9022 14.734093 0.762562 15.03021 14.267648 "" "" 2141.69312 2313.6521 24060.78351 5.9773 13284.0 17.659 15563.0 11.122 "" "" 0.0027684906435359023 0.0031413708 0.0038582082 0.0069995793 161.20126802913 -59.22882728053 2226.62622 -7.105000000000002 2.4980000000000007
161.21658693322 -59.470316287 0.0151 0.0167 6.0298 "" "" 5350385694332357376 2540.41846 0.3602 0.0191 -6.43 2.239 0.02 0.02 1.032 9819.3 3.711 14.734965 0.77426 15.025608 14.251349 "" "" 2414.11963 2669.77368 24041.44328 6.1135 13341.0 19.71 15799.0 18.234 "" "" 0.002769118298276833 0.003218397 0.0039816983 0.0072000953 161.21658693322 -59.470316287 2540.41846 -6.43 2.239
161.19255787317 -59.3664479073 0.0172 0.0169 0.5327 "" "" 5350395173298993024 2746.15869 0.3292 0.0216 -5.994 1.905 0.023 0.02 1.049 15002.6 4.3174 14.735975 1.052003 15.142483 14.09048 50.58 12.53 2585.92773 2913.76025 24019.09788 12.958 11979.0 48.241 18322.0 41.382 "" "" 0.002816892239722876 0.005186805 0.004505242 0.009692047 161.19255787317 -59.3664479073 2746.15869 -5.993999999999999 1.9049999999999996
160.78560380852 -59.2971362917 0.0157 0.0162 12.8291 "" "" 5350403183439174784 2585.80835 0.3485 0.0189 -6.192 2.338 0.022 0.021 0.992 9779.8 3.7016 14.736361 0.604652 14.946633 14.341981 "" "" 2461.20996 2693.39575 24010.54827 8.4397 14347.0 41.96 14533.0 29.67 "" "" 0.002781624590695318 0.0042270822 0.004381441 0.008608524 160.78560380852 -59.2971362917 2585.80835 -6.191999999999998 2.3379999999999996
161.11695967994 -59.55240042442 0.0166 0.0187 11.003 "" "" 5350386347167210496 2279.46216 0.4034 0.0208 -6.299 2.067 0.022 0.021 0.906 5144.1 3.2673 14.738687 1.727492 15.564133 13.83664 -96.56 8.5 2174.31079 2388.52881 23959.18082 21.984 8123.9 30.48 23147.0 62.182 "" "" 0.002929890937478463 0.0049375077 0.004773988 0.009711496 161.11695967994 -59.55240042442 2279.46216 -6.2989999999999995 2.0669999999999997
161.59469524577 -59.17709891096 0.0166 0.0156 17.2948 "" "" 5350489769975148672 1901.99756 0.4865 0.019 -15.477 2.199 0.021 0.018 1.066 "" "" 14.745406 2.045676 15.786155 13.740479 35.64 4.86 1836.34155 1986.53369 23811.36353 7.0187 6621.5 8.5185 25291.0 14.314 "" "" 0.0027738441656748125 0.0031202675 0.003829012 0.0069492795 161.59469524577 -59.17709891096 1901.99756 -15.477 2.1990000000000003
161.21957716409 -59.48906883128 0.0144 0.0161 7.1525 "" "" 5350385522533643008 2341.29004 0.3905 0.0181 -6.25 2.352 0.019 0.02 0.96 "" "" 14.746952 0.719008 15.022959 14.303951 "" "" 2273.09937 2462.41138 23777.48202 6.8214 13373.0 14.594 15051.0 16.82 "" "" 0.0027728703545131586 0.0030313295 0.003969375 0.0070007043 161.21957716409 -59.48906883128 2341.29004 -6.25 2.352
161.36140006916 -59.35400527593 0.0152 0.0158 5.6919 "" "" 5350392566280486912 2185.54175 0.4199 0.0184 -8.053 4.088 0.02 0.019 1.038 6916.2 3.7912 14.747533 0.877549 15.100739 14.22319 "" "" 2098.04712 2273.40186 23764.78007 5.2529 12449.0 13.403 16214.0 15.709 "" "" 0.0027657519193547177 0.0030251392 0.003923042 0.0069481814 161.36140006916 -59.35400527593 2185.54175 -8.052999999999999 4.088000000000001
161.58154082108 -59.49303587879 0.0146 0.0159 14.2909 "" "" 5350343603648769792 2443.33545 0.374 0.0183 -6.112 1.853 0.019 0.019 1.038 "" "" 14.749109 1.213468 15.250953 14.037485 "" "" 2337.42407 2550.37646 23730.27957 5.4421 10840.0 24.488 19238.0 33.071 "" "" 0.0027665478767287567 0.0037149554 0.004215126 0.007930081 161.58154082108 -59.49303587879 2443.33545 -6.112 1.853
161.27501989925 -59.52235315918 0.0159 0.0173 9.5061 "" "" 5350385213295985280 2427.08081 0.3714 0.0196 -6.206 2.089 0.022 0.022 1.117 6344.6 3.8861 14.751862 0.708033 14.774665 14.066632 "" "" 2319.19287 2546.20752 23670.21658 21.064 16809.0 309.27 18729.0 330.44 "" "" 0.002919814047022088 0.020170452 0.01952516 0.039695613 161.27501989925 -59.52235315918 2427.08081 -6.2059999999999995 2.089
160.9070993806 -59.57287440629 0.0188 0.0202 14.6327 "" "" 5350363635378740480 2261.31055 0.4051 0.0231 -6.66 1.654 0.025 0.024 1.149 "" "" 14.76356 1.035288 15.182418 14.14713 "" "" 2125.17163 2349.55762 23416.53693 6.4247 11546.0 47.314 17390.0 34.144 "" "" 0.0027713764196718766 0.0052517112 0.004339141 0.009590852 160.9070993806 -59.57287440629 2261.31055 -6.659999999999999 1.6539999999999995
161.12281420938 -59.49403088977 0.0148 0.0162 7.5338 "" "" 5350386965642594176 2267.58936 0.4058 0.0184 -6.491 3.943 0.02 0.02 1.06 7991.1 4.0887 14.764891 0.723248 15.037493 14.314245 "" "" 2176.3313 2367.44385 23387.86246 6.7345 13195.0 17.465 14909.0 26.163 "" "" 0.0027730003130263694 0.0031385142 0.004232481 0.0073709954 161.12281420938 -59.49403088977 2267.58936 -6.491000000000001 3.9430000000000005
161.40470096855 -59.28719365192 0.0165 0.0163 8.5811 "" "" 5350394559145217024 2601.13477 0.3522 0.0201 -7.059 3.378 0.022 0.019 0.943 "" "" 14.772374 1.405091 15.392003 13.986912 "" "" 2454.18604 2748.08301 23227.21604 5.9428 9519.5 12.49 20155.0 17.687 "" "" 0.002769288225719145 0.0031327852 0.0038976313 0.0070304163 161.40470096855 -59.28719365192 2601.13477 -7.059000000000001 3.3780000000000006
161.40840653051 -59.32548951068 0.0159 0.0161 7.5591 "" "" 5350394043751100288 2099.85083 0.447 0.0192 -8.017 3.051 0.021 0.02 1.032 7996.3 4.0547 14.77758 0.799947 15.088748 14.288801 "" "" 2008.83533 2203.54175 23116.11 8.5639 12587.0 13.63 15263.0 14.229 "" "" 0.0027845256953644023 0.0030277595 0.0039125746 0.006940334 161.40840653051 -59.32548951068 2099.85083 -8.017 3.051
161.17423472209 -59.40439893447 0.0156 0.0163 1.966 "" "" 5350389164666001664 2255.75732 0.4073 0.019 -6.138 2.081 0.02 0.019 0.974 9266.9 3.8973 14.780579 0.819412 15.092224 14.272812 "" "" 2166.73267 2340.19214 23052.35006 5.7527 12547.0 24.834 15489.0 30.363 "" "" 0.002768609848122142 0.0035218087 0.004337471 0.007859279 161.17423472209 -59.40439893447 2255.75732 -6.138 2.081
161.19304544468 -59.40869341663 0.0154 0.0159 2.2633 "" "" 5350389164654772224 2118.61938 0.4416 0.0191 -7.585 2.829 0.02 0.018 0.992 6266.8 3.6038 14.782339 1.213805 15.264466 14.050661 "" "" 2049.31055 2197.52783 23015.0121 6.6545 10706.0 24.822 19006.0 59.051 "" "" 0.0027731461379377044 0.0037579003 0.0050658844 0.008823785 161.19304544468 -59.40869341663 2118.61938 -7.585000000000001 2.829000000000001
161.3469380293 -59.54049644349 0.0148 0.0156 11.3552 "" "" 5350384423022016640 2353.66406 0.3856 0.0178 -5.928 1.14 0.02 0.019 0.969 "" "" 14.794946 0.986041 15.184775 14.198734 "" "" 2278.09521 2448.29688 22749.32302 4.9353 11521.0 16.981 16583.0 18.043 "" "" 0.0027653697222756158 0.0032165137 0.0039597047 0.0071762186 161.3469380293 -59.54049644349 2353.66406 -5.928 1.1400000000000001
160.73992542863 -59.24709348813 0.0155 0.016 15.3721 "" "" 5350406344535668992 2405.33179 0.3821 0.0187 -5.438 2.552 0.022 0.022 0.902 7995.2 3.9823 14.797763 0.668519 15.04393 14.375411 "" "" 2306.29712 2563.87769 22690.36788 7.3621 13117.0 14.684 14093.0 14.487 "" "" 0.00277774883540549 0.0030434104 0.003940734 0.0069841444 160.73992542863 -59.24709348813 2405.33179 -5.438000000000001 2.5520000000000005
161.69247939002 -59.30538104186 0.0155 0.0153 16.2219 "" "" 5350440360668153216 2335.73413 0.3895 0.0186 -6.304 3.159 0.021 0.019 0.984 "" "" 14.798338 1.100873 15.252666 14.151794 "" "" 2238.22241 2427.36499 22678.34965 4.9059 10823.0 14.185 17316.0 17.677 "" "" 0.0027653127007414595 0.00313209 0.003938555 0.0070706448 161.69247939002 -59.30538104186 2335.73413 -6.304 3.1589999999999994
161.05004800032 -59.45733528581 0.016 0.0168 6.4637 "" "" 5350388099513967872 2206.71582 0.4234 0.0193 -6.927 1.356 0.022 0.02 0.985 7195.5 3.5637 14.80001 1.090953 15.250481 14.159528 "" "" 2097.89404 2328.18481 22643.45735 5.1701 10845.0 10.377 17193.0 11.878 "" "" 0.002766449881127406 0.0029773018 0.0038530985 0.0068304003 161.05004800032 -59.45733528581 2206.71582 -6.927 1.356
160.61760572675 -59.38117610554 0.0156 0.0166 17.1528 "" "" 5350380677809134080 1892.39453 0.4959 0.0188 -5.016 1.433 0.022 0.022 0.945 6612.3 4.0465 14.800311 1.050389 15.235647 14.185258 -9.77 9.11 1819.4375 1969.46582 22637.1696 4.9805 10994.0 15.93 16790.0 17.242 "" "" 0.0027656557703689836 0.0032031252 0.0039404156 0.007143541 160.61760572675 -59.38117610554 1892.39453 -5.016 1.433
160.9195663534 -59.34175862013 0.0154 0.0152 8.1203 "" "" 5350402118287301888 2339.99438 0.3899 0.0181 -7.372 3.066 0.021 0.019 0.986 "" "" 14.80155 1.139422 15.285887 14.146465 41.57 7.38 2257.22241 2450.29785 22611.35637 4.9245 10497.0 14.388 17401.0 13.776 "" "" 0.0027654481174392005 0.003162241 0.0038758947 0.007038136 160.9195663534 -59.34175862013 2339.99438 -7.372000000000001 3.0660000000000003
160.83751489037 -59.48719532864 0.015 0.0162 12.502 "" "" 5350376176683372672 2216.94727 0.4177 0.0185 -6.316 2.189 0.02 0.02 1.044 10215.1 3.7886 14.805432 0.965577 15.10765 14.142073 "" "" 2154.15625 2302.19897 22530.65226 7.9767 12370.0 124.64 17471.0 166.1 "" "" 0.0027820039947197813 0.011290072 0.010992426 0.0222825 160.83751489037 -59.48719532864 2216.94727 -6.316 2.189
160.73900237764 -59.24905704704 0.0154 0.016 15.3396 "" "" 5350406310175930240 2396.18408 0.3893 0.0187 -7.971 2.654 0.022 0.022 0.97 7820.1 4.0577 14.806006 0.689953 15.071837 14.381885 "" "" 2288.54468 2503.73438 22518.74081 6.8155 12784.0 16.169 14009.0 14.364 "" "" 0.002774846394456528 0.0031097888 0.0039399303 0.007049719 160.73900237764 -59.24905704704 2396.18408 -7.971000000000001 2.6540000000000004
161.12532025372 -59.29388029206 0.0162 0.0156 4.9451 "" "" 5350396448930687488 2373.52393 0.385 0.0194 -5.053 3.94 0.021 0.019 0.981 9097.3 4.2031 14.809549 0.704896 15.082961 14.378065 "" "" 2219.89551 2516.62891 22445.39041 6.3354 12654.0 12.622 14058.0 12.501 "" "" 0.0027723105896525157 0.0029929779 0.0039007547 0.0068937326 161.12532025372 -59.29388029206 2373.52393 -5.053 3.9399999999999995
160.72407155619 -59.43829855127 0.0175 0.019 14.4415 "" "" 5350377276195173504 2270.71313 0.4057 0.0214 -6.44 2.185 0.024 0.024 1.23 6233.6 3.2421 14.81096 1.191582 15.300026 14.108444 "" "" 2168.78271 2382.77759 22416.2387 18.459 10361.0 20.25 18021.0 75.463 "" "" 0.002896747126166972 0.0035054213 0.0059122425 0.009417664 160.72407155619 -59.43829855127 2270.71313 -6.44 2.1849999999999996
161.16242617628 -59.36877778657 0.0172 0.0172 0.5222 "" "" 5350389508263434624 2411.46289 0.3873 0.0214 -5.999 2.104 0.025 0.02 0.99 7998.1 4.2905 14.819891 0.859177 15.16214 14.302963 "" "" 2298.30737 2553.00586 22232.60835 7.2237 11764.0 23.358 15065.0 28.136 "" "" 0.0027778115831901514 0.0035259675 0.004289004 0.007814972 161.16242617628 -59.36877778657 2411.46289 -5.9990000000000006 2.104
160.89971690581 -59.49835661299 0.0171 0.019 11.4063 "" "" 5350376039244557952 2410.21851 0.3843 0.0214 -6.736 1.872 0.023 0.023 1.125 9731.8 3.4254 14.820813 1.234267 15.300359 14.066092 "" "" 2283.69727 2536.25098 22213.72604 8.3827 10358.0 24.64 18738.0 38.742 "" "" 0.002785616557931153 0.0038020853 0.0043957913 0.008197877 160.89971690581 -59.49835661299 2410.21851 -6.736000000000001 1.8720000000000003
161.53056830415 -59.41227699151 0.0165 0.0171 11.0272 "" "" 5350344497002039040 2353.29541 0.391 0.0205 -7.734 2.875 0.023 0.021 1.069 "" "" 14.821593 1.179834 15.321803 14.141969 "" "" 2261.80811 2489.40063 22197.77751 4.672 10155.0 12.672 17473.0 15.583 "" "" 0.002764780138545571 0.0031017177 0.0039014514 0.007003169 161.53056830415 -59.41227699151 2353.29541 -7.734000000000002 2.875
161.3009531373 -59.64164911676 0.0188 0.0181 16.6201 "" "" 5350382017840153728 2010.88916 0.4641 0.0224 -8.681 3.49 0.025 0.022 1.048 6707.6 3.9668 14.822618 1.053235 15.293528 14.240293 20.41 9.86 1935.54382 2101.1355 22176.83886 6.0568 10423.0 29.877 15960.0 46.299 "" "" 0.0027712306179260952 0.004179819 0.004919762 0.00909958 161.3009531373 -59.64164911676 2010.88916 -8.680999999999997 3.4899999999999998
160.86078118209 -59.50748245028 0.0153 0.017 12.6618 "" "" 5350375970525073152 2229.23047 0.4187 0.0191 -6.105 2.219 0.022 0.021 1.041 9567.3 3.8657 14.824465 0.766565 15.116014 14.349448 "" "" 2131.53857 2339.29419 22139.14367 6.5401 12275.0 20.675 14434.0 20.223 "" "" 0.0027739252080509983 0.0033360578 0.004074033 0.0074100904 160.86078118209 -59.50748245028 2229.23047 -6.105000000000002 2.2190000000000003
161.40198953338 -59.59135567023 0.0162 0.0166 14.8341 "" "" 5350335700908814976 2404.64014 0.3798 0.0194 -6.833 2.763 0.022 0.02 1.093 "" "" 14.826083 0.983824 15.211193 14.227369 "" "" 2306.56787 2500.0 22106.16624 4.9827 11244.0 22.147 16151.0 15.168 "" "" 0.0027661668374868425 0.0035154547 0.0039145146 0.0074299695 161.40198953338 -59.59135567023 2404.64014 -6.833 2.763
