Clusters/Trumpler_15/Trumpler_15_stars_in_region.tsv
# %ECSV 1.0
# ---
# datatype:
# - name: RA_ICRS_1
#   unit: deg
#   datatype: float64
#   format: '{:15.11f}'
#   description: Right ascension (ICRS) at Ep=2016.0 (ra)
#   meta: !!omap
#   - {ucd: POS_EQ_RA_MAIN}
#   - {width: 15}
#   - {precision: '11'}
# - name: DE_ICRS_1
#   unit: deg
#   datatype: float64
#   format: '{:15.11f}'
#   description: Declination (ICRS) at Ep=2016.0 (dec)
#   meta: !!omap
#   - {ucd: POS_EQ_DEC_MAIN}
#   - {width: 15}
#   - {precision: '11'}
# - name: e_RA_ICRS
#   unit: mas
#   datatype: float64
#   format: '{:7.4f}'
#   description: Standard error of right ascension (ra_error)
#   meta: !!omap
#   - {ucd: ERROR}
#   - {width: 7}
#   - {precision: '4'}
# - name: e_DE_ICRS
#   unit: mas
#   datatype: float64
#   format: '{:7.4f}'
#   description: Standard error of declination (dec_error)
#   meta: !!omap
#   - {ucd: ERROR}
#   - {width: 7}
#   - {precision: '4'}
# - name: _r_1
#   unit: ''
#   datatype: float64
#   format: '{:7.4f}'
#   description: Distance from center (161.17851382000-59.37170418000)[ICRS], at Epoch=J2016.0
#   meta: !!omap
#   - {ucd: POS_ANG_DIST_GENERAL}
#   - {width: 7}
#   - {precision: '4'}
# - name: HIP
#   datatype: int32
#   description: '? HIP cross-id number, van Leeuwen, Cat. I/311 (hip_original_ext_source_id)'
#   meta: !!omap
#   - {ucd: ID_NUMBER}
#   - {width: 6}
#   - values: {'null': -2147483648}
# - name: TYC2
#   datatype: string
#   description: Tycho-2 cross-id name, Hog et al., Cat. I/259 (tyc2_original_ext_source_id)
#   meta: !!omap
#   - {ucd: ID_CROSSID}
#   - {_votable_string_dtype: char}
# - name: Source
#   datatype: int64
#   description: Source identifier, identical to the Gaia-EDR3 source_id (id)
#   meta: !!omap
#   - {ucd: ID_MAIN}
#   - {width: 19}
# - name: rgeo
#   unit: pc
#   datatype: float64
#   format: '{:15.8f}'
#   description: '? Median of the geometric distance posterior (r_med_geo)'
#   meta: !!omap
#   - {ucd: PHYS_DISTANCE_TRUE}
#   - {width: 15}
#   - {precision: '8'}
#   - values: {'null': .nan}
# - name: Plx
#   unit: mas
#   datatype: float64
#   format: '{:9.4f}'
#   description: '? Parallax (parallax)'
#   meta: !!omap
#   - {ucd: POS_PARLX_TRIG}
#   - {width: 9}
#   - {precision: '4'}
#   - values: {'null': .nan}
# - name: e_Plx
#   unit: mas
#   datatype: float32
#   format: '{:7.4f}'
#   description: '? Standard error of parallax (parallax_error)'
#   meta: !!omap
#   - {ucd: ERROR}
#   - {width: 7}
#   - {precision: '4'}
#   - values: {'null': .nan}
# - name: pmRA
#   unit: mas / yr
#   datatype: float64
#   format: '{:9.3f}'
#   description: '? Proper motion in right ascension direction, pmRA*cosDE (pmra)'
#   meta: !!omap
#   - {ucd: POS_EQ_PMRA}
#   - {width: 9}
#   - {precision: '3'}
#   - values: {'null': .nan}
# - name: pmDE
#   unit: mas / yr
#   datatype: float64
#   format: '{:9.3f}'
#   description: '? Proper motion in declination direction (pmdec)'
#   meta: !!omap
#   - {ucd: POS_EQ_PMDEC}
#   - {width: 9}
#   - {precision: '3'}
#   - values: {'null': .nan}
# - name: e_pmRA
#   unit: mas / yr
#   datatype: float32
#   format: '{:6.3f}'
#   description: '? Standard error of proper motion in right ascension direction (pmra_error)'
#   meta: !!omap
#   - {ucd: ERROR}
#   - {width: 6}
#   - {precision: '3'}
#   - values: {'null': .nan}
# - name: e_pmDE
[...]
#         unit: &id001 !astropy.units.Unit {unit: deg}
#         value: !astropy.table.SerializedColumn {name: SkyCoord.dec}
#       distance: !astropy.table.SerializedColumn
#         __class__: astropy.coordinates.distances.Distance
#         unit: !astropy.units.Unit {unit: pc}
#         value: !astropy.table.SerializedColumn {name: SkyCoord.distance}
#       frame: icrs
#       obstime: !astropy.time.Time {format: jyear_str, in_subfmt: '*', jd1: 367701545.0, jd2: 0.0, out_subfmt: '*', precision: 3, scale: tt}
#       pm_dec: !astropy.table.SerializedColumn
#         __class__: astropy.units.quantity.Quantity
#         unit: !astropy.units.Unit {unit: mas / yr}
#         value: !astropy.table.SerializedColumn {name: SkyCoord.pm_dec}
#       pm_ra_cosdec: !astropy.table.SerializedColumn
#         __class__: astropy.units.quantity.Quantity
#         unit: !astropy.units.Unit {unit: mas / yr}
#         value: !astropy.table.SerializedColumn {name: SkyCoord.pm_ra_cosdec}
#       ra: !astropy.table.SerializedColumn
#         __class__: astropy.coordinates.angles.Longitude
#         unit: *id001
#         value: !astropy.table.SerializedColumn {name: SkyCoord.ra}
#         wrap_angle: !astropy.coordinates.Angle
#           unit: *id001
#           value: 360.0
#       representation_type: spherical
# schema: astropy-2.0
RA_ICRS_1 DE_ICRS_1 e_RA_ICRS e_DE_ICRS _r_1 HIP TYC2 Source rgeo Plx e_Plx pmRA pmDE e_pmRA e_pmDE RUWE Teff logg Gmag BP-RP BPmag RPmag RV e_RV b_rgeo B_rgeo FG e_FG FBP e_FBP FRP e_FRP RAVE5 RAVE6 e_Gmag e_BPmag e_RPmag e_BP-RP SkyCoord.ra SkyCoord.dec SkyCoord.distance SkyCoord.pm_ra_cosdec SkyCoord.pm_dec
[from data line 1787]
161.09684601656 -59.46991451097 0.0389 0.0429 6.3982 "" "" 5350387274880257664 2415.06763 0.3924 0.0493 -6.644 2.065 0.05 0.052 0.988 5325.0 4.2675 16.78311 1.67576 17.517925 15.842165 "" "" 2153.25488 2710.23608 3645.04252 4.8252 1343.5 17.404 3650.0 30.503 "" "" 0.003107655325347748 0.0143389525 0.00982913 0.024168082 161.09684601656 -59.46991451097 2415.06763 -6.644 2.0650000000000004
161.41087203808 -59.49672285725 0.0404 0.0435 10.3213 "" "" 5350384869698716032 2244.21729 0.4305 0.0503 -6.701 2.734 0.052 0.052 1.03 4939.0 4.4836 16.784933 1.222341 17.426046 16.203705 "" "" 2023.09631 2464.71118 3638.92564 2.5574 1462.2 13.147 2616.2 25.872 "" "" 0.0028590253720820846 0.010153032 0.011382755 0.021535788 161.41087203808 -59.49672285725 2244.21729 -6.7010000000000005 2.734
160.70739998764 -59.2917125579 0.0437 0.0442 15.1958 "" "" 5350404690940238336 2324.95923 0.4097 0.053 -9.172 2.791 0.062 0.062 1.081 5482.2 4.6218 16.785032 1.228174 17.30594 16.077766 "" "" 2087.18652 2696.82275 3638.59625 2.0695 1633.2 9.4669 2938.0 12.193 "" "" 0.002823672927303266 0.006884278 0.0058810716 0.01276535 160.70739998764 -59.2917125579 2324.95923 -9.171999999999997 2.7909999999999995
161.74187338488 -59.33841824735 0.0417 0.0407 17.3445 "" "" 5350439501673991680 2668.2019 0.3562 0.0489 -7.94 3.398 0.056 0.05 0.967 7384.9 4.3129 16.786005 1.444157 17.434738 15.990581 "" "" 2387.33472 3013.78198 3635.33975 2.3061 1450.5 7.3306 3183.7 11.574 "" "" 0.00284009803098998 0.0061557908 0.0054647187 0.011620509 161.74187338488 -59.33841824735 2668.2019 -7.94 3.3979999999999997
161.25652013799 -59.17980725779 0.0419 0.0415 11.7595 "" "" 5350398338716483328 1989.37366 0.4846 0.0506 -8.276 2.89 0.057 0.05 0.994 5408.0 4.5201 16.78986 1.284433 17.342054 16.057621 "" "" 1820.8656 2258.27246 3622.45514 2.3754 1579.8 7.1292 2993.0 8.8872 "" "" 0.0028458183635655418 0.005638385 0.0049676257 0.010606011 161.25652013799 -59.17980725779 1989.37366 -8.275999999999998 2.8900000000000006
161.02913278924 -59.54198823194 0.0409 0.0432 11.1863 "" "" 5350363188702330240 2552.25098 0.3881 0.0495 -6.301 2.197 0.054 0.054 0.958 "" "" 16.790741 2.209887 18.00821 15.798322 "" "" 2257.42603 2862.50171 3619.51588 4.2057 855.33 31.096 3800.4 32.875 "" "" 0.0030304048654237943 0.039571032 0.010123956 0.04969499 161.02913278924 -59.54198823194 2552.25098 -6.301000000000001 2.197
161.5804746177 -59.43784116192 0.0433 0.0459 12.9006 "" "" 5350344222124126592 1843.96387 0.5396 0.0553 -11.838 6.023 0.056 0.054 1.141 5262.9 4.7131 16.7916 1.226721 17.289448 16.062727 "" "" 1676.15234 2052.59497 3616.65173 2.3434 1658.2 14.275 2979.0 14.344 "" "" 0.0028437126296300096 0.009754381 0.006450912 0.016205292 161.5804746177 -59.43784116192 1843.96387 -11.838 6.0230000000000015
161.11434140535 -59.63867702268 0.0488 0.049 16.1371 "" "" 5350359336090364800 2373.875 0.4135 0.0567 -5.304 1.379 0.062 0.062 1.082 "" "" 16.792103 1.938314 18.577375 16.639061 "" "" 2049.90991 2791.52319 3614.97842 3.0446 506.37 112.56 1752.0 107.09 "" "" 0.002903095825918015 0.2413623 0.06647253 0.30783483 161.11434140535 -59.63867702268 2373.875 -5.304 1.379
161.46645514879 -59.44349559894 0.0464 0.0489 9.7909 "" "" 5350390882653303552 2176.58081 0.4687 0.0581 -7.107 1.555 0.058 0.057 1.139 5267.7 4.6941 16.79269 1.251472 17.349012 16.09754 "" "" 1940.10217 2633.97607 3613.02022 2.1312 1569.7 10.891 2885.0 12.59 "" "" 0.0028287722066707424 0.008033249 0.006060802 0.014094051 161.46645514879 -59.44349559894 2176.58081 -7.106999999999999 1.5550000000000006
161.56635974669 -59.30346941852 0.0414 0.0403 12.5539 "" "" 5350346696025479296 2231.51074 0.4274 0.0499 -9.543 3.354 0.054 0.047 1.01 5743.1 4.6 16.79359 1.30538 17.347605 16.042225 "" "" 1969.77588 2459.03125 3610.02638 2.2664 1571.7 8.6622 3035.8 11.589 "" "" 0.002838382055846015 0.0066024135 0.0056091514 0.012211565 161.56635974669 -59.30346941852 2231.51074 -9.543 3.354
161.39362888668 -59.2003394446 0.0464 0.0454 12.2137 "" "" 5350488876621857408 2406.69019 0.4107 0.0562 -3.599 -2.517 0.061 0.052 1.123 5022.4 4.417 16.795408 1.537643 17.509235 15.971592 "" "" 2132.96387 2827.86719 3603.99064 2.1712 1354.3 11.089 3239.8 13.709 "" "" 0.0028318949452427757 0.009317572 0.0059489994 0.015266571 161.39362888668 -59.2003394446 2406.69019 -3.599 -2.517
161.33033996586 -59.25070142372 0.0415 0.0398 8.6212 "" "" 5350394902742605184 1995.89795 0.4806 0.05 -11.915 3.842 0.055 0.045 0.96 4789.3 4.3208 16.796074 1.478437 17.470005 15.991568 "" "" 1796.66113 2236.65308 3601.78123 2.1415 1404.2 7.5382 3180.8 9.3366 "" "" 0.002829931965956808 0.006461999 0.004943728 0.011405727 161.33033996586 -59.25070142372 1995.89795 -11.915000000000001 3.8419999999999996
161.02811259453 -59.54299335766 0.043 0.0464 11.2541 "" "" 5350363188702327936 2193.05396 0.4375 0.0526 -6.313 2.197 0.057 0.057 1.034 5219.2 3.7056 16.796093 2.272444 18.014168 15.741724 "" "" 1992.07922 2556.31714 3601.71515 8.3762 850.65 28.282 4003.8 30.226 "" "" 0.0037373027486561285 0.0362057 0.009025942 0.045231644 161.02811259453 -59.54299335766 2193.05396 -6.313000000000001 2.1970000000000005
161.35392922105 -59.11578270691 0.0439 0.0412 16.2713 "" "" 5350492518754184192 1853.39893 0.5216 0.0528 -2.761 4.677 0.06 0.048 1.016 5089.1 4.3912 16.796398 1.521715 17.49967 15.977955 "" "" 1708.3197 2003.59253 3600.70308 2.1296 1366.3 8.2413 3220.9 7.8277 "" "" 0.0028291594700615478 0.007118584 0.0046093585 0.011727942 161.35392922105 -59.11578270691 1853.39893 -2.7609999999999997 4.677
161.27479063581 -59.38647627553 0.0455 0.0442 3.0729 "" "" 5350392188323082112 2239.45605 0.419 0.0547 -6.208 1.909 0.058 0.051 1.047 6785.9 4.3378 16.799274 1.7668 17.663988 15.897188 "" "" 1970.10229 2527.34375 3591.18141 4.7397 1174.4 11.288 3469.6 20.118 "" "" 0.0031056720515516287 0.010802348 0.007342816 0.018145164 161.27479063581 -59.38647627553 2239.45605 -6.208 1.9090000000000003
161.24571166444 -59.36013350144 0.0422 0.042 2.1686 "" "" 5350395246339819136 2300.22095 0.417 0.0521 -6.078 2.034 0.055 0.047 1.071 5065.9 4.1906 16.79954 1.563252 17.542004 15.978751 "" "" 2014.55957 2731.21509 3590.30082 4.0123 1314.1 20.333 3218.5 14.188 "" "" 0.0030106499243412487 0.017029665 0.0060984883 0.023128154 161.24571166444 -59.36013350144 2300.22095 -6.077999999999999 2.034
161.09087493139 -59.26892040956 0.0597 0.0574 6.7254 "" "" 5350396655089130368 2661.40356 0.3942 0.0712 -6.27 1.24 0.078 0.071 1.491 7984.2 4.3688 16.800592 1.319046 17.342585 16.023539 "" "" 2201.3457 3407.47705 3586.82115 4.5298 1579.0 9.5915 3088.5 9.1315 "" "" 0.003077647880880039 0.0071611353 0.0049586776 0.012119813 161.09087493139 -59.26892040956 2661.40356 -6.27 1.2399999999999998
161.49375039895 -59.48237135457 0.0404 0.0423 11.6894 "" "" 5350343741087697920 2494.30078 0.4012 0.0511 -10.164 4.192 0.051 0.049 1.027 5512.9 4.6133 16.801619 1.253031 17.34028 16.08725 "" "" 2194.67456 2830.69922 3583.43187 2.2144 1582.4 10.276 2912.5 18.737 "" "" 0.0028358322945082146 0.007582703 0.007941798 0.015524501 161.49375039895 -59.48237135457 2494.30078 -10.164 4.192
160.83763503001 -59.38010314381 0.0417 0.043 10.4309 "" "" 5350401190574269440 1968.47021 0.4935 0.0492 -11.391 3.005 0.053 0.056 0.979 5350.2 4.5813 16.802555 1.376589 17.416098 16.039509 "" "" 1798.7334 2151.25781 3580.34328 2.1053 1475.6 9.8918 3043.4 12.968 "" "" 0.002828318026820908 0.0077948025 0.0059738453 0.013768648 160.83763503001 -59.38010314381 1968.47021 -11.391 3.0049999999999994
161.35084773898 -59.64638561576 0.052 0.0488 17.2958 "" "" 5350382052199919360 2171.12915 0.4559 0.0562 -6.1 1.339 0.067 0.06 0.968 5203.3 4.672 16.803865 1.195669 17.335516 16.139847 "" "" 1937.38379 2453.75439 3576.02695 2.8967 1589.3 28.451 2774.7 21.808 "" "" 0.0028922790635749684 0.019635655 0.009332916 0.02896857 161.35084773898 -59.64638561576 2171.12915 -6.1 1.339
161.40980349703 -59.17384592381 0.0433 0.0407 13.8279 "" "" 5350489014060841728 2382.62109 0.3869 0.0506 -4.155 0.354 0.058 0.048 0.955 4968.1 4.1793 16.803965 1.951354 17.759813 15.808459 "" "" 2141.31641 2668.8335 3575.69908 2.3077 1075.2 9.02 3765.1 10.632 "" "" 0.002843025459440107 0.009526164 0.0048665875 0.014392752 161.40980349703 -59.17384592381 2382.62109 -4.154999999999999 0.35399999999999987
161.62355393811 -59.2639870566 0.0415 0.0386 15.0806 "" "" 5350441013502520192 2618.81543 0.3681 0.0488 -7.474 2.825 0.055 0.047 1.0 5387.2 4.2276 16.806309 1.748963 17.630482 15.881518 "" "" 2298.88672 2971.13208 3567.98917 3.8754 1211.2 8.232 3520.1 11.62 "" "" 0.002997080789605427 0.007889156 0.005208572 0.013097728 161.62355393811 -59.2639870566 2618.81543 -7.474000000000001 2.825
161.34804406137 -59.13029272522 0.0427 0.0391 15.39 "" "" 5350492484394430592 2023.849 0.4864 0.0494 -6.26 3.465 0.056 0.048 0.988 5143.7 4.3773 16.809338 1.371393 17.435932 16.064539 "" "" 1848.04468 2235.12354 3558.04939 1.8719 1448.9 9.1723 2974.0 6.6637 "" "" 0.002813906357294714 0.007418022 0.0044946675 0.01191269 161.34804406137 -59.13029272522 2023.849 -6.259999999999999 3.464999999999999
161.18457777372 -59.49156153662 0.0394 0.0424 7.1938 "" "" 5350384075098093184 2598.93066 0.3675 0.0497 -6.355 1.924 0.05 0.05 0.897 5151.0 3.7715 16.810282 1.957907 17.817833 15.859926 "" "" 2357.41577 2975.91382 3554.95683 12.307 1019.3 17.901 3590.8 38.147 "" "" 0.004660462256542367 0.019270815 0.012137757 0.03140857 161.18457777372 -59.49156153662 2598.93066 -6.355 1.924
161.29373884636 -59.64106488296 0.0584 0.0518 16.538 "" "" 5350382219676179456 1988.64661 0.4824 0.0627 -6.219 2.178 0.068 0.06 0.949 "" "" 16.812534 1.26046 17.869623 16.609163 "" "" 1812.00208 2255.08154 3547.584 2.6204 971.78 56.666 1800.9 143.7 "" "" 0.0028696599910329524 0.06337241 0.08671701 0.15008941 161.29373884636 -59.64106488296 1988.64661 -6.219 2.178
160.7934289037 -59.19010216525 0.0568 0.0548 16.0633 "" "" 5350412701087301888 2035.86487 0.4551 0.0683 -6.723 -1.025 0.08 0.074 1.315 9140.5 4.0228 16.812586 2.542007 18.174406 15.632399 "" "" 1769.04358 2360.91357 3547.4157 4.098 733.93 6.8457 4427.9 10.722 "" "" 0.003027364049386495 0.010504492 0.0046038833 0.015108375 160.7934289037 -59.19010216525 2035.86487 -6.723000000000001 -1.025
160.91878794463 -59.57544249078 0.0519 0.0526 14.5632 "" "" 5350363635378745344 2045.40454 0.4788 0.0616 -6.561 1.985 0.067 0.067 1.069 5054.6 3.7395 16.812645 2.429806 18.250034 15.820229 "" "" 1825.27405 2288.14966 3547.22301 8.5857 684.55 34.508 3724.5 29.814 "" "" 0.003807588900641471 0.05480277 0.009477319 0.06428009 160.91878794463 -59.57544249078 2045.40454 -6.560999999999999 1.9849999999999999
161.31006938742 -59.49300200792 0.0393 0.0408 8.3115 "" "" 5350385385094732160 1991.97754 0.4866 0.048 -7.35 3.852 0.05 0.05 0.926 4993.1 4.4959 16.813591 1.338503 17.35682 16.018316 "" "" 1814.04822 2186.29614 3544.13288 2.0829 1558.4 16.372 3103.4 27.077 "" "" 0.0028282414555398606 0.011742663 0.010199082 0.021941744 161.31006938742 -59.49300200792 1991.97754 -7.349999999999998 3.8519999999999994
161.13975247073 -59.53878957628 0.0411 0.0479 10.0946 "" "" 5350386484606202496 2706.29321 0.3339 0.0533 -6.666 2.004 0.054 0.057 1.028 4707.5 4.1474 16.813871 2.049588 18.01288 15.963292 "" "" 2433.27344 3233.49146 3543.22046 22.974 851.66 38.269 3264.7 68.14 "" "" 0.007559836439529376 0.048866842 0.02297421 0.07184105 161.13975247073 -59.53878957628 2706.29321 -6.666 2.0040000000000004
160.71572406256 -59.38042159783 0.0428 0.0446 14.1544 "" "" 5350400984415759104 2273.11523 0.4304 0.0519 -3.667 2.355 0.056 0.056 1.099 5539.0 4.6289 16.814043 1.22364 17.328268 16.104628 "" "" 2049.81274 2531.44019 3542.66151 2.3757 1600.0 9.7634 2866.2 12.596 "" "" 0.0028498960176110747 0.007188854 0.0060869097 0.013275763 160.71572406256 -59.38042159783 2273.11523 -3.6670000000000003 2.3550000000000004
160.99388121054 -59.33430509071 0.0418 0.0393 6.0765 "" "" 5350402255728369664 2132.08374 0.4527 0.0506 -5.215 1.999 0.057 0.048 0.959 5543.0 4.6487 16.814062 1.18564 17.30114 16.1155 "" "" 1937.15088 2366.62207 3542.5979 2.2694 1640.4 12.484 2837.6 10.287 "" "" 0.0028417505214575626 0.008721195 0.005456767 0.014177962 160.99388121054 -59.33430509071 2132.08374 -5.215 1.999
161.21250393319 -59.09127356869 0.0451 0.041 16.8582 "" "" 5350493407784396416 2462.82593 0.383 0.0551 -8.153 3.224 0.065 0.047 0.981 "" "" 16.814579 1.605943 17.55059 15.944648 "" "" 2201.81567 2792.07202 3540.91291 2.0188 1303.7 8.4706 3321.2 11.596 "" "" 0.002823999132177183 0.007586157 0.005352974 0.012939131 161.21250393319 -59.09127356869 2462.82593 -8.153 3.224
160.7844324326 -59.32679995174 0.0418 0.0415 12.3517 "" "" 5350401602891170688 2518.12354 0.4009 0.0504 -6.763 2.819 0.056 0.053 0.987 5319.6 4.5941 16.8151 1.268274 17.371237 16.102962 "" "" 2241.70239 2910.74927 3539.21123 2.0957 1537.9 11.067 2870.6 10.519 "" "" 0.002829331456329835 0.008296406 0.0054875016 0.0137839075 160.7844324326 -59.32679995174 2518.12354 -6.763 2.819
161.22482234781 -59.24417410814 0.0443 0.042 7.7821 "" "" 5350397685881375616 2566.65454 0.378 0.054 -5.811 2.515 0.059 0.05 0.965 7457.0 4.3346 16.81516 1.441862 17.457325 16.015463 "" "" 2268.43018 2945.60864 3539.01577 2.3228 1420.6 10.536 3111.5 9.034 "" "" 0.0028459807407095754 0.008522152 0.004921488 0.0134436395 161.22482234781 -59.24417410814 2566.65454 -5.811 2.515
161.2870090679 -59.33506892144 0.0407 0.041 3.9803 "" "" 5350392738078976384 2368.94116 0.3969 0.0503 -8.796 4.976 0.053 0.049 1.024 5458.1 4.6834 16.81617 1.083799 17.268333 16.184534 "" "" 2137.98901 2645.79395 3535.72772 2.0629 1690.8 9.1536 2662.8 15.276 "" "" 0.0028272016638780694 0.0065065385 0.007285607 0.013792146 161.2870090679 -59.33506892144 2368.94116 -8.796000000000001 4.976
161.15400467836 -59.43492625077 0.0395 0.0411 3.8665 "" "" 5350388717989345792 2486.99927 0.3958 0.0479 -7.522 2.908 0.051 0.05 0.963 5469.3 4.2842 16.81678 1.555222 17.527933 15.972712 "" "" 2144.6311 3013.27124 3533.742 2.2533 1331.2 16.901 3236.5 23.309 "" "" 0.002840968134617694 0.014064122 0.00868484 0.022748962 161.15400467836 -59.43492625077 2486.99927 -7.522000000000001 2.9080000000000004
160.89217341273 -59.22701530481 0.0451 0.0417 12.3412 "" "" 5350409466950393344 2107.86206 0.4626 0.0538 -5.965 2.365 0.065 0.054 0.93 4958.4 4.3935 16.819725 1.139185 17.287226 16.14804 "" "" 1886.89978 2363.0686 3524.17188 2.2425 1661.6 11.356 2753.9 19.619 "" "" 0.002840615801961858 0.007927569 0.008608829 0.016536398 160.89217341273 -59.22701530481 2107.86206 -5.965000000000002 2.3650000000000007
161.58581333492 -59.36245724853 0.0452 0.0444 12.4644 "" "" 5350346455507238144 2353.07202 0.4245 0.0543 -9.469 3.687 0.058 0.05 0.954 5452.6 4.6619 16.821472 1.161907 17.282606 16.120699 "" "" 2106.92578 2642.27222 3518.50013 2.5077 1668.7 14.664 2824.1 13.468 "" "" 0.0028619212634090415 0.009940707 0.006410429 0.016351135 161.58581333492 -59.36245724853 2353.07202 -9.469000000000001 3.6870000000000003
161.06144484257 -59.11411000486 0.0439 0.0442 15.8676 "" "" 5350411361057303680 1960.19629 0.512 0.0551 -7.414 3.017 0.06 0.056 1.013 5321.3 4.7086 16.822609 1.183588 17.328049 16.14446 "" "" 1746.96655 2137.50098 3514.81932 2.8455 1600.3 8.9835 2763.0 11.221 "" "" 0.00289212697562235 0.006703221 0.0058074202 0.012510641 161.06144484257 -59.11411000486 1960.19629 -7.414000000000001 3.017
161.13407840708 -59.31580781792 0.0433 0.0427 3.6188 "" "" 5350396345851443072 2192.30127 0.4432 0.0522 -6.298 3.585 0.056 0.052 1.041 8282.0 4.2952 16.823942 1.717576 17.69382 15.976245 "" "" 1960.09961 2451.87769 3510.50477 2.3636 1142.6 8.6189 3226.0 10.301 "" "" 0.0028506452475001733 0.008652199 0.0051286463 0.013780845 161.13407840708 -59.31580781792 2192.30127 -6.298 3.5850000000000004
