Clusters/Trumpler_15/Trumpler_15_members.tsv
# %ECSV 1.0
# ---
# datatype:
# - name: RA_ICRS_1
#   unit: deg
#   datatype: float64
#   format: '{:15.11f}'
#   description: Right ascension (ICRS) at Ep=2016.0 (ra)
#   meta: !!omap
#   - {ucd: POS_EQ_RA_MAIN}
#   - {width: 15}
#   - {precision: '11'}
# - name: DE_ICRS_1
#   unit: deg
#   datatype: float64
#   format: '{:15.11f}'
#   description: Declination (ICRS) at Ep=2016.0 (dec)
#   meta: !!omap
#   - {ucd: POS_EQ_DEC_MAIN}
#   - {width: 15}
#   - {precision: '11'}
# - name: e_RA_ICRS
#   unit: mas
#   datatype: float64
#   format: '{:7.4f}'
#   description: Standard error of right ascension (ra_error)
#   meta: !!omap
#   - {ucd: ERROR}
#   - {width: 7}
#   - {precision: '4'}
# - name: e_DE_ICRS
#   unit: mas
#   datatype: float64
#   format: '{:7.4f}'
#   description: Standard error of declination (dec_error)
#   meta: !!omap
#   - {ucd: ERROR}
#   - {width: 7}
#   - {precision: '4'}
# - name: _r_1
#   unit: ''
#   datatype: float64
#   format: '{:7.4f}'
#   description: Distance from center (161.17851382000-59.37170418000)[ICRS], at Epoch=J2016.0
#   meta: !!omap
#   - {ucd: POS_ANG_DIST_GENERAL}
#   - {width: 7}
#   - {precision: '4'}
# - name: HIP
#   datatype: int32
#   description: '? HIP cross-id number, van Leeuwen, Cat. I/311 (hip_original_ext_source_id)'
#   meta: !!omap
#   - {ucd: ID_NUMBER}
#   - {width: 6}
#   - values: {'null': -2147483648}
# - name: TYC2
#   datatype: string
#   description: Tycho-2 cross-id name, Hog et al., Cat. I/259 (tyc2_original_ext_source_id)
#   meta: !!omap
#   - {ucd: ID_CROSSID}
#   - {_votable_string_dtype: char}
# - name: Source
#   datatype: int64
#   description: Source identifier, identical to the Gaia-EDR3 source_id (id)
#   meta: !!omap
#   - {ucd: ID_MAIN}
#   - {width: 19}
# - name: rgeo
#   unit: pc
#   datatype: float64
#   format: '{:15.8f}'
#   description: '? Median of the geometric distance posterior (r_med_geo)'
#   meta: !!omap
#   - {ucd: PHYS_DISTANCE_TRUE}
#   - {width: 15}
#   - {precision: '8'}
#   - values: {'null': .nan}
# - name: Plx
#   unit: mas
#   datatype: float64
#   format: '{:9.4f}'
#   description: '? Parallax (parallax)'
#   meta: !!omap
#   - {ucd: POS_PARLX_TRIG}
#   - {width: 9}
#   - {precision: '4'}
#   - values: {'null': .nan}
# - name: e_Plx
#   unit: mas
#   datatype: float32
#   format: '{:7.4f}'
#   description: '? Standard error of parallax (parallax_error)'
#   meta: !!omap
#   - {ucd: ERROR}
#   - {width: 7}
#   - {precision: '4'}
#   - values: {'null': .nan}
# - name: pmRA
#   unit: mas / yr
#   datatype: float64
#   format: '{:9.3f}'
#   description: '? Proper motion in right ascension direction, pmRA*cosDE (pmra)'
#   meta: !!omap
#   - {ucd: POS_EQ_PMRA}
#   - {width: 9}
#   - {precision: '3'}
#   - values: {'null': .nan}
# - name: pmDE
#   unit: mas / yr
#   datatype: float64
#   format: '{:9.3f}'
#   description: '? Proper motion in declination direction (pmdec)'
#   meta: !!omap
#   - {ucd: POS_EQ_PMDEC}
#   - {width: 9}
#   - {precision: '3'}
#   - values: {'null': .nan}
# - name: e_pmRA
#   unit: mas / yr
#   datatype: float32
#   format: '{:6.3f}'
#   description: '? Standard error of proper motion in right ascension direction (pmra_error)'
#   meta: !!omap
#   - {ucd: ERROR}
#   - {width: 6}
#   - {precision: '3'}
#   - values: {'null': .nan}
# - name: e_pmDE
[...]
#         unit: &id001 !astropy.units.Unit {unit: deg}
#         value: !astropy.table.SerializedColumn {name: SkyCoord.dec}
#       distance: !astropy.table.SerializedColumn
#         __class__: astropy.coordinates.distances.Distance
#         unit: !astropy.units.Unit {unit: pc}
#         value: !astropy.table.SerializedColumn {name: SkyCoord.distance}
#       frame: icrs
#       obstime: !astropy.time.Time {format: jyear_str, in_subfmt: '*', jd1: 367701545.0, jd2: 0.0, out_subfmt: '*', precision: 3, scale: tt}
#       pm_dec: !astropy.table.SerializedColumn
#         __class__: astropy.units.quantity.Quantity
#         unit: !astropy.units.Unit {unit: mas / yr}
#         value: !astropy.table.SerializedColumn {name: SkyCoord.pm_dec}
#       pm_ra_cosdec: !astropy.table.SerializedColumn
#         __class__: astropy.units.quantity.Quantity
#         unit: !astropy.units.Unit {unit: mas / yr}
#         value: !astropy.table.SerializedColumn {name: SkyCoord.pm_ra_cosdec}
#       ra: !astropy.table.SerializedColumn
#         __class__: astropy.coordinates.angles.Longitude
#         unit: *id001
#         value: !astropy.table.SerializedColumn {name: SkyCoord.ra}
#         wrap_angle: !astropy.coordinates.Angle
#           unit: *id001
#           value: 360.0
#       representation_type: spherical
# schema: astropy-2.0
RA_ICRS_1 DE_ICRS_1 e_RA_ICRS e_DE_ICRS _r_1 HIP TYC2 Source rgeo Plx e_Plx pmRA pmDE e_pmRA e_pmDE RUWE Teff logg Gmag BP-RP BPmag RPmag RV e_RV b_rgeo B_rgeo FG e_FG FBP e_FBP FRP e_FRP RAVE5 RAVE6 e_Gmag e_BPmag e_RPmag e_BP-RP SkyCoord.ra SkyCoord.dec SkyCoord.distance SkyCoord.pm_ra_cosdec SkyCoord.pm_dec Pmemb
161.17634048906 -59.38439324246 0.0281 0.0275 0.7642 "" 8626-1303-1 5350389267745250944 2126.26807 0.4588 0.0338 -6.474 1.984 0.037 0.033 2.012 18242.6 3.5906 9.977682 0.315413 10.072684 9.757272 "" "" 2002.97778 2286.0979 1922533.17824 550.86 1277400.0 702.43 991400.0 302.56 "" "" 0.0027728268805240095 0.0028533314 0.0037938792 0.0066472106 161.17634048906 -59.38439324246 2126.26807 -6.474 1.984 0.8
161.17403905945 -59.3591509669 0.0136 0.014 0.7655 "" "" 5350395383778723200 2413.21533 0.3807 0.0167 -6.097 2.259 0.019 0.018 0.956 17774.5 3.5844 11.309166 0.416708 11.449261 11.032553 "" "" 2325.92383 2522.24658 564001.55146 181.55 359510.0 203.56 306290.0 70.655 "" "" 0.002777397300163798 0.0028570928 0.0037876714 0.006644764 161.17403905945 -59.3591509669 2413.21533 -6.097 2.259000000000001 0.8
161.27205449573 -59.32635824693 0.0145 0.0151 3.9483 "" "" 5350395693016478592 2533.9646 0.3625 0.0178 -6.275 2.093 0.019 0.018 1.003 15523.2 3.5241 11.375367 0.270016 11.460278 11.190262 "" "" 2420.30762 2636.49121 530639.70999 159.35 355880.0 175.74 264880.0 81.361 "" "" 0.0027745439825070653 0.0028412165 0.0037940673 0.006635284 161.27205449573 -59.32635824693 2533.9646 -6.275 2.0930000000000004 0.9
161.14633243439 -59.35609522637 0.0107 0.0112 1.3584 "" "" 5350389572655690112 2433.16895 0.3745 0.0133 -6.12 2.156 0.014 0.013 0.94 14258.3 3.7433 12.097738 0.397107 12.23198 11.834873 "" "" 2366.78833 2525.40234 272804.51097 48.917 174830.0 98.669 146290.0 78.229 "" "" 0.002762189650488576 0.0028566625 0.0038237185 0.006680381 161.14633243439 -59.35609522637 2433.16895 -6.119999999999999 2.1560000000000006 1.0
161.21162700137 -59.30011636085 0.0102 0.0102 4.4132 "" "" 5350395967894386176 2458.09448 0.3772 0.0126 -6.133 2.216 0.013 0.012 0.907 14794.6 3.8508 12.324391 0.428399 12.471333 12.042933 "" "" 2380.52002 2532.77246 221406.43226 35.249 140240.0 54.917 120780.0 47.596 "" "" 0.002760736877719429 0.0028223775 0.0038035233 0.006625901 161.21162700137 -59.30011636085 2458.09448 -6.133000000000001 2.2159999999999997 0.8
161.1764209646 -59.36748361661 0.0121 0.011 0.2612 "" "" 5350389508263449600 2510.87354 0.371 0.0148 -6.023 2.156 0.015 0.013 0.994 15800.9 3.9735 12.495927 0.567393 12.70015 12.132756 "" "" 2415.22314 2592.42261 189049.77866 37.918 113590.0 61.223 111190.0 57.885 "" "" 0.0027639124786333815 0.002850877 0.0038214147 0.0066722916 161.1764209646 -59.36748361661 2510.87354 -6.023 2.156 0.9
161.1496007157 -59.39322287258 0.0111 0.0115 1.5645 "" "" 5350389366497928448 2327.04517 0.4 0.0136 -6.032 2.11 0.014 0.014 1.096 6878.6 3.3869 12.557693 0.456734 12.712602 12.255868 "" "" 2246.73462 2406.30298 178594.99304 38.442 112300.0 59.422 99268.0 55.994 "" "" 0.002765213494233668 0.0028487016 0.0038286808 0.0066773826 161.1496007157 -59.39322287258 2327.04517 -6.032 2.1100000000000003 0.8
161.13603594572 -59.34402111341 0.0122 0.0142 2.1086 "" "" 5350395452498198144 2372.93823 0.3923 0.0145 -6.154 1.812 0.017 0.017 1.038 15115.0 4.0105 12.597038 0.408467 12.738254 12.329786 "" "" 2302.85913 2440.83789 172238.92699 49.461 109680.0 94.877 92735.0 68.766 "" "" 0.0027729045395848894 0.0029440012 0.0038641852 0.0068081864 161.13603594572 -59.34402111341 2372.93823 -6.154 1.8119999999999998 0.9
161.14621989465 -59.39114764538 0.0125 0.0123 1.528 "" "" 5350389370824434944 2272.64478 0.4145 0.0149 -6.316 2.183 0.016 0.015 1.134 6822.2 3.2312 12.611464 0.499383 12.786259 12.286876 "" "" 2188.43359 2363.49219 169965.76085 34.764 104930.0 53.041 96473.0 42.393 "" "" 0.0027642548921559883 0.002843635 0.003809377 0.006653012 161.14621989465 -59.39114764538 2272.64478 -6.316000000000001 2.183 0.9
161.19723777441 -59.44986112188 0.009 0.0101 4.7241 "" "" 5350388683629610752 2373.61865 0.3988 0.0108 -6.033 2.105 0.013 0.013 0.91 "" "" 12.671162 0.699329 12.931836 12.232507 "" "" 2315.23853 2450.00098 160872.54067 46.557 91766.0 73.913 101430.0 52.718 "" "" 0.0027731788037550537 0.002924006 0.0038212787 0.0067452844 161.19723777441 -59.44986112188 2373.61865 -6.033 2.1050000000000004 1.0
161.17531229658 -59.44318145186 0.0102 0.0108 4.2898 "" "" 5350388649269869952 2472.93506 0.3826 0.0123 -6.459 2.106 0.014 0.013 1.009 7158.9 3.095 12.750555 0.592189 12.964026 12.371838 "" "" 2395.09448 2554.87109 149528.74138 48.329 89085.0 84.033 89212.0 99.152 "" "" 0.002777576975731701 0.002972198 0.003967351 0.006939549 161.17531229658 -59.44318145186 2472.93506 -6.4590000000000005 2.106 0.9
161.21131050495 -59.33982045879 0.0109 0.0111 2.16 "" "" 5350395315059305728 2343.91821 0.3992 0.0133 -6.058 2.239 0.015 0.013 0.931 7400.4 3.4852 12.786148 0.326841 12.897869 12.571028 "" "" 2286.1416 2409.5061 144706.26657 39.784 94682.0 78.985 74259.0 53.648 "" "" 0.002771442240874004 0.002933497 0.0038599204 0.0067934175 161.21131050495 -59.33982045879 2343.91821 -6.058 2.2390000000000003 0.8
161.20602061447 -59.37198534932 0.0128 0.0129 0.841 "" "" 5350395173293045376 2661.78198 0.3484 0.015 -6.148 2.123 0.017 0.015 1.085 "" "" 12.961616 0.512803 13.141547 12.628744 "" "" 2569.5188 2767.08325 123111.95881 32.884 75648.0 39.989 70414.0 39.679 "" "" 0.002770540297831288 0.0028485884 0.003828584 0.006677172 161.20602061447 -59.37198534932 2661.78198 -6.147999999999999 2.123 0.9
161.1574230691 -59.36793825932 0.0093 0.0099 0.6832 "" "" 5350389508263431552 2390.34106 0.3813 0.0114 -6.304 2.159 0.012 0.012 0.91 11514.3 3.9076 13.119639 0.572245 13.328097 12.755853 "" "" 2317.61182 2454.80591 106436.59369 25.734 63706.0 37.322 62635.0 29.524 "" "" 0.0027677968219858946 0.0028617547 0.0038138754 0.00667563 161.1574230691 -59.36793825932 2390.34106 -6.304000000000001 2.1590000000000003 0.9
161.20575057937 -59.34464042888 0.0096 0.0102 1.825 "" "" 5350395315059294208 2409.26123 0.3758 0.0118 -6.195 2.022 0.013 0.012 1.036 7031.4 3.5306 13.131105 0.445745 13.287755 12.84201 "" "" 2347.50342 2474.97046 105318.49045 32.94 66117.0 31.744 57857.0 38.123 "" "" 0.002776167249685246 0.0028384475 0.003846497 0.0066849445 161.20575057937 -59.34464042888 2409.26123 -6.195 2.0219999999999994 1.0
161.20777280686 -59.41303183989 0.0095 0.01 2.6358 "" "" 5350389095946534016 2415.10864 0.3749 0.0116 -6.438 2.072 0.013 0.011 1.01 6631.6 3.5552 13.199508 0.538489 13.375837 12.837348 "" "" 2358.57715 2486.45093 98888.0502 31.271 60965.0 44.381 58106.0 75.617 "" "" 0.0027766293604914935 0.0028999592 0.004034863 0.006934822 161.20777280686 -59.41303183989 2415.10864 -6.437999999999999 2.0719999999999996 0.8
161.20030837203 -59.37816123671 0.0121 0.0125 0.7706 "" "" 5350389302105018368 2229.44385 0.4168 0.0151 -6.136 2.16 0.017 0.015 1.293 "" "" 13.218685 0.514452 13.399517 12.885065 "" "" 2167.104 2293.64575 97156.64624 33.958 59650.0 36.07 55607.0 42.432 "" "" 0.0027813302170494637 0.0028663725 0.0038691247 0.006735497 161.20030837203 -59.37816123671 2229.44385 -6.136 2.16 1.0
161.17679037403 -59.32627248634 0.01 0.0104 2.7264 "" "" 5350395589937211520 2481.94043 0.369 0.0122 -6.206 2.222 0.013 0.012 0.867 "" "" 13.389262 0.658511 13.630665 12.972154 "" "" 2416.80151 2564.64111 83031.3412 19.969 48212.0 32.558 51321.0 42.99 "" "" 0.002767665543510235 0.0028848988 0.0038872734 0.006772172 161.17679037403 -59.32627248634 2481.94043 -6.206 2.2219999999999995 0.8
161.08965692622 -59.35058857097 0.0098 0.0102 2.9979 "" "" 5350390367256874112 2294.62598 0.399 0.012 -6.072 2.044 0.013 0.012 0.962 "" "" 13.453328 0.51205 13.638376 13.126327 "" "" 2230.10107 2360.67188 78273.66039 20.141 47870.0 28.956 44527.0 25.462 "" "" 0.0027694477021506896 0.0028664207 0.0038300382 0.006696459 161.08965692622 -59.35058857097 2294.62598 -6.072000000000001 2.0439999999999996 1.0
161.26112905575 -59.36720065721 0.0113 0.0115 2.54 "" "" 5350392287080996736 2487.32568 0.3674 0.0135 -6.271 2.041 0.015 0.014 1.189 6565.1 3.3923 13.548532 0.75849 13.810375 13.051886 "" "" 2414.19849 2565.48755 71702.46494 23.245 40857.0 64.777 47687.0 137.89 "" "" 0.0027777113509325365 0.0032784485 0.004913251 0.008191699 161.26112905575 -59.36720065721 2487.32568 -6.271000000000001 2.041 0.8
161.15045835694 -59.32308262522 0.0108 0.0113 3.0409 "" "" 5350395589937198336 2327.78638 0.3929 0.0131 -6.125 2.016 0.014 0.013 0.931 "" "" 13.628757 0.393044 13.763962 13.370917 "" "" 2263.0874 2382.18823 66595.35046 25.356 42641.0 26.097 35546.0 39.021 "" "" 0.002786158936595953 0.002868204 0.003962865 0.006831069 161.15045835694 -59.32308262522 2327.78638 -6.125000000000002 2.016 1.0
161.16862508662 -59.34158959949 0.0107 0.011 1.832 "" "" 5350395418138489344 2452.61279 0.3724 0.013 -6.389 2.129 0.014 0.013 1.076 9971.4 4.0772 13.635246 0.481001 13.801771 13.32077 "" "" 2386.25903 2510.68994 66198.5006 20.153 41182.0 31.864 37226.0 39.5 "" "" 0.0027750751306824767 0.0029138927 0.0039510718 0.0068649645 161.16862508662 -59.34158959949 2452.61279 -6.389 2.1290000000000004 1.0
161.17237922541 -59.37504252171 0.012 0.0128 0.2744 "" "" 5350389503942151168 2430.96167 0.369 0.0153 -6.133 2.116 0.018 0.016 1.0 11866.4 4.1932 13.66596 0.571303 13.851238 13.279935 "" "" 2356.53589 2526.55786 64352.09865 19.586 39348.0 151.16 38653.0 105.07 "" "" 0.0027750652966414572 0.0050181826 0.0047952225 0.009813406 161.17237922541 -59.37504252171 2430.96167 -6.133 2.116 0.9
161.20243367956 -59.37094020266 0.0107 0.0112 0.7326 "" "" 5350395173293734016 2413.80273 0.3812 0.0131 -6.463 1.954 0.014 0.013 1.071 "" "" 13.720462 0.559794 13.920832 13.361038 "" "" 2322.8916 2497.61353 61201.48729 17.075 36905.0 30.481 35871.0 30.139 "" "" 0.0027719213315284107 0.0029307331 0.0038879185 0.0068186517 161.20243367956 -59.37094020266 2413.80273 -6.463000000000001 1.954 0.9
161.13301613326 -59.38047176443 0.0107 0.0114 1.4868 "" "" 5350389439543919360 2448.43994 0.3732 0.0132 -6.059 1.929 0.014 0.014 1.037 "" "" 13.74371 0.586568 13.954844 13.368276 "" "" 2372.32812 2518.94531 59905.00104 15.499 35767.0 24.335 35633.0 26.634 "" "" 0.0027696026766772675 0.0028863018 0.0038655296 0.0067518316 161.13301613326 -59.38047176443 2448.43994 -6.059 1.9289999999999998 1.0
161.18476504344 -59.30910340557 0.0112 0.0117 3.7609 "" "" 5350395997932709760 2512.56128 0.3624 0.0136 -6.434 2.192 0.015 0.014 0.96 8829.6 3.5121 13.793895 0.838529 14.121527 13.282998 "" "" 2437.89819 2598.42334 57199.06808 38.434 30677.0 66.412 38544.0 59.745 "" "" 0.0028502670895834852 0.0036482655 0.004137151 0.007785416 161.18476504344 -59.30910340557 2512.56128 -6.434 2.192 0.8
161.19279505751 -59.36876525732 0.0114 0.0123 0.4708 "" "" 5350395177620289536 2439.58838 0.3739 0.0142 -6.022 1.977 0.015 0.014 1.025 "" "" 13.796306 0.758013 14.082805 13.324792 -26.28 13.25 2352.47168 2541.85278 57072.20139 18.265 31790.0 32.101 37089.0 38.261 "" "" 0.0027771434851664657 0.0029978408 0.003941856 0.0069396966 161.19279505751 -59.36876525732 2439.58838 -6.021999999999999 1.9769999999999999 1.0
161.14753011889 -59.35734505971 0.0118 0.0133 1.2805 "" "" 5350389576982922240 2576.16089 0.3565 0.0149 -6.301 2.139 0.016 0.016 1.099 "" "" 13.833014 0.614543 14.051735 13.437192 "" "" 2478.54321 2676.09692 55174.88466 13.914 32713.0 39.285 33441.0 31.471 "" "" 0.0027688908127677095 0.0030797883 0.0039150673 0.0069948556 161.14753011889 -59.35734505971 2576.16089 -6.300999999999999 2.1389999999999993 0.8
161.19366432369 -59.40560610196 0.0116 0.011 2.0861 "" "" 5350389164666012800 2349.16333 0.3895 0.0135 -6.383 1.976 0.015 0.013 0.951 "" "" 13.873764 0.58781 14.082741 13.494931 "" "" 2266.1521 2439.09229 53142.37902 18.533 31792.0 33.699 31709.0 40.882 "" "" 0.002781215446648927 0.0030182002 0.00403029 0.0070484905 161.19366432369 -59.40560610196 2349.16333 -6.382999999999999 1.9759999999999995 0.9
161.14547519368 -59.37244272738 0.0114 0.0122 1.0109 "" "" 5350389542623155840 2533.18042 0.3596 0.0146 -6.551 2.099 0.016 0.015 1.013 6999.8 3.4229 13.901114 0.566569 14.10772 13.541151 "" "" 2438.32666 2625.24927 51820.41675 14.297 31069.0 27.437 30388.0 31.151 "" "" 0.0027715553741313004 0.0029503168 0.003939859 0.006890176 161.14547519368 -59.37244272738 2533.18042 -6.551 2.0990000000000006 1.0
161.15398549897 -59.35618240923 0.0123 0.0129 1.1957 "" "" 5350395448176879488 2337.40894 0.3914 0.0154 -6.154 1.876 0.016 0.015 1.052 "" "" 14.004314 0.558256 14.203771 13.645515 "" "" 2256.99585 2436.00537 47121.70264 13.464 28439.0 42.168 27603.0 34.44 "" "" 0.002772729562863692 0.0032212972 0.0040148273 0.0072361245 161.15398549897 -59.35618240923 2337.40894 -6.153999999999998 1.8759999999999994 0.8
161.22879914339 -59.40410578862 0.0119 0.0126 2.4779 "" "" 5350389233385514880 2353.51978 0.3917 0.0142 -6.139 2.016 0.016 0.015 0.995 7568.4 3.648 14.055137 0.711735 14.321854 13.610119 "" "" 2263.80078 2447.21143 44966.82608 9.721 25508.0 22.257 28517.0 13.797 "" "" 0.0027652994553428556 0.0029466145 0.0038157129 0.0067623276 161.22879914339 -59.40410578862 2353.51978 -6.139 2.016 1.0
161.15809452614 -59.40915785136 0.0117 0.0123 2.3322 "" "" 5350389336464677632 2320.875 0.3977 0.0147 -6.441 2.07 0.016 0.015 1.063 6647.2 3.6621 14.059973 0.724371 14.325649 13.601278 "" "" 2240.84302 2393.88647 44766.98066 21.524 25419.0 50.32 28751.0 56.724 "" "" 0.0028043354314890023 0.0035220364 0.0043442245 0.007866261 161.15809452614 -59.40915785136 2320.875 -6.441 2.0699999999999994 1.0
161.18942952712 -59.38455891781 0.0123 0.0119 0.8403 "" "" 5350389297783730560 2319.55371 0.397 0.0142 -6.106 1.98 0.016 0.013 0.969 "" "" 14.083338 0.713726 14.352081 13.638355 "" "" 2249.42603 2404.17041 43813.87851 13.032 24808.0 16.051 27785.0 20.564 "" "" 0.0027741810536747896 0.002877243 0.003863864 0.0067411074 161.18942952712 -59.38455891781 2319.55371 -6.106000000000001 1.9800000000000002 1.0
161.18984175394 -59.36488734947 0.0125 0.013 0.5359 "" "" 5350395177620294528 2419.9751 0.3769 0.0155 -6.155 2.124 0.016 0.015 0.938 7059.8 3.669 14.155034 0.619492 14.378895 13.759403 "" "" 2334.72559 2501.02979 41014.08319 9.4612 24202.0 25.964 24854.0 24.967 "" "" 0.002766680206073016 0.0030235352 0.003933611 0.0069571463 161.18984175394 -59.36488734947 2419.9751 -6.154999999999999 2.1239999999999997 0.9
161.12345547815 -59.4467852693 0.0135 0.0138 4.8083 "" "" 5350388816742041856 2383.15137 0.3837 0.0163 -6.133 1.849 0.017 0.016 1.165 "" "" 14.161578 0.81491 14.461616 13.646707 "" "" 2306.38599 2472.70312 40767.61843 15.076 22427.0 26.39 27572.0 23.463 "" "" 0.0027844207202186557 0.0030687607 0.003890678 0.006959439 161.12345547815 -59.4467852693 2383.15137 -6.133000000000001 1.8490000000000004 0.8
161.20718802284 -59.34301608536 0.0124 0.0129 1.9318 "" "" 5350395315059298560 2232.99561 0.4121 0.0153 -6.378 1.794 0.017 0.016 0.904 9855.7 4.0531 14.179706 0.516282 14.363341 13.847059 "" "" 2152.89551 2310.80176 40092.64042 11.07 24552.0 29.686 22926.0 19.58 "" "" 0.002771580660828149 0.003083572 0.0038914736 0.0069750454 161.20718802284 -59.34301608536 2232.99561 -6.377999999999999 1.7939999999999996 0.9
161.17404432807 -59.34440022477 0.0143 0.0142 1.6439 "" "" 5350395418138488448 2006.80273 0.4655 0.0174 -6.229 1.87 0.019 0.017 1.151 "" "" 14.207258 0.853457 14.534901 13.681443 "" "" 1938.84473 2082.39062 39087.99087 13.518 20963.0 21.204 26704.0 27.554 "" "" 0.002780787460974861 0.0029985216 0.003941927 0.0069404487 161.17404432807 -59.34440022477 2006.80273 -6.229000000000001 1.87 0.9
161.19657264487 -59.3820384697 0.0122 0.0125 0.8301 "" "" 5350389302105006976 2398.36646 0.3792 0.0147 -6.144 2.04 0.016 0.014 1.02 7457.7 3.8024 14.249368 0.605608 14.457029 13.851421 "" "" 2314.7605 2480.99219 37601.0131 10.186 22522.0 22.676 22834.0 70.651 "" "" 0.0027709741091012704 0.0029966726 0.0050566033 0.008053276 161.19657264487 -59.3820384697 2398.36646 -6.143999999999999 2.04 0.9
