Clusters/vdBergh_92/vdBergh_92_stars_in_region.tsv
# %ECSV 1.0
# ---
# datatype:
# - name: RA_ICRS_1
#   unit: deg
#   datatype: float64
#   format: '{:15.11f}'
#   description: Right ascension (ICRS) at Ep=2016.0 (ra)
#   meta: !!omap
#   - {ucd: POS_EQ_RA_MAIN}
#   - {width: 15}
#   - {precision: '11'}
# - name: DE_ICRS_1
#   unit: deg
#   datatype: float64
#   format: '{:15.11f}'
#   description: Declination (ICRS) at Ep=2016.0 (dec)
#   meta: !!omap
#   - {ucd: POS_EQ_DEC_MAIN}
#   - {width: 15}
#   - {precision: '11'}
# - name: e_RA_ICRS
#   unit: mas
#   datatype: float64
#   format: '{:7.4f}'
#   description: Standard error of right ascension (ra_error)
#   meta: !!omap
#   - {ucd: ERROR}
#   - {width: 7}
#   - {precision: '4'}
# - name: e_DE_ICRS
#   unit: mas
#   datatype: float64
#   format: '{:7.4f}'
#   description: Standard error of declination (dec_error)
#   meta: !!omap
#   - {ucd: ERROR}
#   - {width: 7}
#   - {precision: '4'}
# - name: _r_1
#   unit: ''
#   datatype: float64
#   format: '{:7.4f}'
#   description: Distance from center (106.04260618000-11.48840601000)[ICRS], at Epoch=J2016.0
#   meta: !!omap
#   - {ucd: POS_ANG_DIST_GENERAL}
#   - {width: 7}
#   - {precision: '4'}
# - name: HIP
#   datatype: int32
#   description: '? HIP cross-id number, van Leeuwen, Cat. I/311 (hip_original_ext_source_id)'
#   meta: !!omap
#   - {ucd: ID_NUMBER}
#   - {width: 6}
#   - values: {'null': -2147483648}
# - name: TYC2
#   datatype: string
#   description: Tycho-2 cross-id name, Hog et al., Cat. I/259 (tyc2_original_ext_source_id)
#   meta: !!omap
#   - {ucd: ID_CROSSID}
#   - {_votable_string_dtype: char}
# - name: Source
#   datatype: int64
#   description: Source identifier, identical to the Gaia-EDR3 source_id (id)
#   meta: !!omap
#   - {ucd: ID_MAIN}
#   - {width: 19}
# - name: rgeo
#   unit: pc
#   datatype: float64
#   format: '{:15.8f}'
#   description: '? Median of the geometric distance posterior (r_med_geo)'
#   meta: !!omap
#   - {ucd: PHYS_DISTANCE_TRUE}
#   - {width: 15}
#   - {precision: '8'}
#   - values: {'null': .nan}
# - name: Plx
#   unit: mas
#   datatype: float64
#   format: '{:9.4f}'
#   description: '? Parallax (parallax)'
#   meta: !!omap
#   - {ucd: POS_PARLX_TRIG}
#   - {width: 9}
#   - {precision: '4'}
#   - values: {'null': .nan}
# - name: e_Plx
#   unit: mas
#   datatype: float32
#   format: '{:7.4f}'
#   description: '? Standard error of parallax (parallax_error)'
#   meta: !!omap
#   - {ucd: ERROR}
#   - {width: 7}
#   - {precision: '4'}
#   - values: {'null': .nan}
# - name: pmRA
#   unit: mas / yr
#   datatype: float64
#   format: '{:9.3f}'
#   description: '? Proper motion in right ascension direction, pmRA*cosDE (pmra)'
#   meta: !!omap
#   - {ucd: POS_EQ_PMRA}
#   - {width: 9}
#   - {precision: '3'}
#   - values: {'null': .nan}
# - name: pmDE
#   unit: mas / yr
#   datatype: float64
#   format: '{:9.3f}'
#   description: '? Proper motion in declination direction (pmdec)'
#   meta: !!omap
#   - {ucd: POS_EQ_PMDEC}
#   - {width: 9}
#   - {precision: '3'}
#   - values: {'null': .nan}
# - name: e_pmRA
#   unit: mas / yr
#   datatype: float32
#   format: '{:6.3f}'
#   description: '? Standard error of proper motion in right ascension direction (pmra_error)'
#   meta: !!omap
#   - {ucd: ERROR}
#   - {width: 6}
#   - {precision: '3'}
#   - values: {'null': .nan}
# - name: e_pmDE
[...]
#         value: !astropy.table.SerializedColumn {name: SkyCoord.dec}
#       distance: !astropy.table.SerializedColumn
#         __class__: astropy.coordinates.distances.Distance
#         unit: !astropy.units.Unit {unit: pc}
#         value: !astropy.table.SerializedColumn {name: SkyCoord.distance}
#       frame: icrs
#       obstime: !astropy.time.Time {format: jyear_str, in_subfmt: '*', jd1: 367701545.0, jd2: 0.0, out_subfmt: '*', precision: 3, scale: tt}
#       pm_dec: !astropy.table.SerializedColumn
#         __class__: astropy.units.quantity.Quantity
#         unit: !astropy.units.Unit {unit: mas / yr}
#         value: !astropy.table.SerializedColumn {name: SkyCoord.pm_dec}
#       pm_ra_cosdec: !astropy.table.SerializedColumn
#         __class__: astropy.units.quantity.Quantity
#         unit: !astropy.units.Unit {unit: mas / yr}
#         value: !astropy.table.SerializedColumn {name: SkyCoord.pm_ra_cosdec}
#       ra: !astropy.table.SerializedColumn
#         __class__: astropy.coordinates.angles.Longitude
#         unit: *id001
#         value: !astropy.table.SerializedColumn {name: SkyCoord.ra}
#         wrap_angle: !astropy.coordinates.Angle
#           unit: *id001
#           value: 360.0
#       representation_type: spherical
# schema: astropy-2.0
RA_ICRS_1 DE_ICRS_1 e_RA_ICRS e_DE_ICRS _r_1 HIP TYC2 Source rgeo Plx e_Plx pmRA pmDE e_pmRA e_pmDE RUWE Teff logg Gmag BP-RP BPmag RPmag RV e_RV b_rgeo B_rgeo FG e_FG FBP e_FBP FRP e_FRP RAVE5 RAVE6 e_Gmag e_BPmag e_RPmag e_BP-RP SkyCoord.ra SkyCoord.dec SkyCoord.distance SkyCoord.pm_ra_cosdec SkyCoord.pm_dec rmRA rmDE e_rmRA e_rmDE rRV e_rRV v_pec v_pec3d e_vpec e_vpec3d
[from data line 1131]
105.83557890858 -11.93886620986 0.0467 0.0508 29.6383 "" "" 3045797674537048704 1321.78406 0.7507 0.0587 -1.819 0.298 0.056 0.056 1.039 9011.7 4.4823 16.279114 1.80949 17.156937 15.347446 "" "" 1203.88098 1430.00671 5798.31252 4.2643 1873.5 14.926 5756.8 17.372 "" "" 0.002868689332992477 0.009088831 0.0050018327 0.014090664 105.83557890858 -11.93886620986 1321.78406 -1.819 0.298 2.7133333740234375 -1.3483218927383422 0.22518077 0.22518077 "" "" 18.982951530154487 "" 4.274595735964512 ""
105.77942389527 -11.99784368855 0.0431 0.0472 34.2538 "" "" 3045791214906288512 1016.6261 0.9423 0.054 -6.1 -7.156 0.052 0.052 1.045 4797.3 4.6452 16.280249 1.211616 16.8128 15.601184 "" "" 961.187744 1068.71912 5792.25003 3.5441 2572.2 14.541 4557.1 14.989 "" "" 0.0028342762660761365 0.0067422427 0.005199698 0.0119419405 105.77942389527 -11.99784368855 1016.6261 -6.1 -7.156 -1.5676666259765621 -8.802321892738341 0.22118077 0.22118077 "" "" 43.0841428007557 "" 9.529383742492632 ""
105.87228288252 -11.54067517627 0.0518 0.0507 10.4933 "" "" 3046020463078979584 1080.65784 0.8911 0.0601 -3.089 1.109 0.063 0.057 1.35 9200.4 3.6971 16.281113 2.059182 17.296782 15.237599 "" "" 1027.18689 1145.69153 5787.64112 4.4203 1647.0 12.203 6369.7 16.571 "" "" 0.002877396408332174 0.008514605 0.004718261 0.013232866 105.87228288252 -11.54067517627 1080.65784 -3.089 1.109 1.4433333740234375 -0.5373218927383423 0.23218077 0.22618076 "" "" 7.8889121924857815 "" 1.8259578073168659 ""
105.98265297795 -11.46511766952 0.0393 0.0409 3.7921 "" "" 3046027163227903104 1078.46399 0.8832 0.0473 -4.284 0.832 0.048 0.049 1.1 4792.9 4.2659 16.281607 1.724038 17.099089 15.375051 "" "" 1029.03479 1133.61511 5785.01312 8.2618 1976.0 18.69 5612.3 27.662 "" "" 0.0031616597879264166 0.010641729 0.006551424 0.017193154 105.98265297795 -11.46511766952 1078.46399 -4.284000000000001 0.832000000000001 0.2483333740234377 -0.8143218927383423 0.21718076 0.21818076 "" "" 4.3520108519895055 "" 0.9491555190991918 ""
106.33641891244 -11.79247423137 0.0378 0.0389 25.1191 "" "" 3045815610320099712 1254.15393 0.7643 0.046 0.154 -1.238 0.047 0.05 1.023 5480.0 4.6107 16.281773 1.252154 16.829323 15.577168 "" "" 1183.55798 1310.49194 5784.12313 3.2996 2533.3 18.418 4659.0 13.387 "" "" 0.0028240759341205033 0.008372299 0.0049006473 0.013272947 106.33641891244 -11.79247423137 1254.15393 0.154 -1.238 4.686333374023437 -2.8843218927383423 0.21618077 0.21918076 "" "" 32.71255985399467 "" 7.098923542754846 ""
106.08834512251 -11.51297529427 0.0411 0.0422 3.0668 "" "" 3045838425186295936 1137.77454 0.8675 0.0509 -4.623 1.639 0.049 0.056 1.042 4427.8 4.1883 16.28187 1.75882 17.0755 15.31668 "" "" 1068.71509 1206.34998 5783.60761 53.744 2019.4 61.164 5922.2 76.777 "" "" 0.010458639930223371 0.033003155 0.014574334 0.04757749 106.08834512251 -11.51297529427 1137.77454 -4.623 1.639000000000001 -0.09066662597656272 -0.007321892738342273 0.21818076 0.22518077 "" "" 0.49056159979151986 "" 0.10705370711679625 ""
106.01678750205 -11.28685266176 0.0381 0.045 12.1882 "" "" 3046033932096286080 1050.78625 0.9163 0.0478 -5.022 1.758 0.047 0.056 0.987 4923.9 4.2061 16.28211 2.037974 17.316471 15.278497 "" "" 995.652466 1109.94617 5782.32772 25.555 1617.4 38.977 6134.2 109.59 "" "" 0.005533221561698293 0.02631302 0.019761883 0.046074905 106.01678750205 -11.28685266176 1050.78625 -5.022 1.758 -0.48966662597656274 0.11167810726165772 0.21618077 0.22518077 "" "" 2.5015221577308298 "" 0.5419161361835944 ""
105.56122619481 -11.50196288108 0.0405 0.0436 28.3151 "" "" 3046012216741828608 893.799072 1.1162 0.0496 1.691 -7.314 0.051 0.05 1.087 4579.2 4.6177 16.283398 1.340419 16.889536 15.549117 "" "" 850.099609 933.104614 5775.47872 4.3422 2396.6 19.787 4780.9 17.941 "" "" 0.0028736951442986094 0.009388337 0.005557363 0.0149457 105.56122619481 -11.50196288108 893.799072 1.6909999999999998 -7.314000000000005 6.223333374023437 -8.960321892738342 0.22018076 0.21918076 "" "" 46.21928158820202 "" 10.145440935981567 ""
105.77860162878 -11.06004615298 0.0401 0.0413 30.0316 "" "" 3046475145495068416 1123.18384 0.8655 0.0479 -1.408 2.247 0.052 0.046 1.021 "" "" 16.284122 1.576402 17.013664 15.437263 "" "" 1070.04956 1181.78381 5771.6237 3.4766 2137.7 17.022 5299.7 14.047 "" "" 0.0028318742653822082 0.009084549 0.0047502955 0.013834844 105.77860162878 -11.06004615298 1123.18384 -1.408 2.246999999999997 3.1243333740234376 0.6006781072616576 0.22118077 0.21518077 "" "" 16.93823741341434 "" 3.7428371326280843 ""
106.58579847981 -11.6022465275 0.0432 0.0483 32.6545 "" "" 3046195147990553728 1141.86975 0.8474 0.0559 -4.76 -0.587 0.053 0.048 1.049 4952.1 4.6692 16.288122 1.292904 16.865185 15.572281 "" "" 1085.53979 1223.73853 5750.40078 4.7856 2451.0 13.076 4680.0 18.063 "" "" 0.002899695000556548 0.00642935 0.0056430683 0.012072418 106.58579847981 -11.6022465275 1141.86975 -4.760000000000001 -0.587 -0.2276666259765623 -2.233321892738342 0.22218077 0.21718076 "" "" 12.15041654053919 "" 2.6394686391512803 ""
106.01623706624 -11.39669401604 0.0379 0.0398 5.717 "" "" 3046032076670456064 1052.12305 0.9269 0.0457 -4.565 1.539 0.048 0.052 1.084 4585.1 4.1711 16.289055 1.976001 17.286163 15.310163 "" "" 1013.4408 1099.07385 5745.45698 21.696 1663.2 25.483 5957.9 69.727 "" "" 0.004939781741769096 0.01686766 0.0132568255 0.030124485 106.01623706624 -11.39669401604 1052.12305 -4.5649999999999995 1.5389999999999997 -0.03266662597656289 -0.10732189273834236 0.21718076 0.22118077 "" "" 0.559465309384076 "" 0.12355478701442865 ""
105.72660875067 -11.06354945074 0.0402 0.0411 31.5522 "" "" 3046100074592016512 1201.28918 0.8026 0.047 -3.086 1.767 0.05 0.046 0.981 6179.9 4.4035 16.289764 1.62319 17.010944 15.387754 "" "" 1138.31396 1267.55054 5741.70829 4.0111 2143.1 21.299 5547.0 29.008 "" "" 0.002857811750161801 0.011145387 0.0068206824 0.01796607 105.72660875067 -11.06354945074 1201.28918 -3.086 1.7669999999999995 1.4463333740234376 0.12067810726165762 0.21918076 0.21518077 "" "" 8.264199786912895 "" 1.8111271415856924 ""
105.98307958907 -11.71943290319 0.0709 0.0762 14.2963 "" "" 3045828254703981824 1324.18799 0.7381 0.0851 -4.833 1.181 0.088 0.087 2.324 "" "" 16.291035 2.303614 17.449354 15.145741 "" "" 1160.74597 1481.4104 5734.9893 15.001 1431.1 13.513 6932.1 48.413 "" "" 0.003956911744675626 0.010624845 0.008472333 0.019097177 105.98307958907 -11.71943290319 1324.18799 -4.833 1.1809999999999996 -0.3006666259765627 -0.46532189273834224 0.25718075 0.25618076 "" "" 3.4773150194424907 "" 0.8918468054503222 ""
105.69252392384 -11.76881061408 0.0469 0.0526 26.577 "" "" 3045991326020957312 896.008728 1.0979 0.0591 -4.446 -0.401 0.06 0.057 1.085 4595.6 4.6803 16.294537 1.262898 16.852491 15.589594 "" "" 852.13855 929.936523 5716.52284 3.6592 2479.8 14.391 4606.0 12.768 "" "" 0.002841619322141908 0.006890984 0.0048313583 0.011722342 105.69252392384 -11.76881061408 896.008728 -4.446000000000008 -0.40100000000000025 0.08633337402343777 -2.047321892738342 0.22918077 0.22618076 "" "" 8.702870169287877 "" 1.9684684582342724 ""
106.48907233126 -11.70492793007 0.0436 0.0426 29.2809 "" "" 3045817534465281280 1302.33459 0.7346 0.0482 3.696 -4.45 0.059 0.052 0.982 5424.2 4.5959 16.301487 1.349006 16.903893 15.554887 "" "" 1223.91663 1370.51416 5680.05178 3.1655 2365.2 13.466 4755.6 12.501 "" "" 0.0028209774498600764 0.00678205 0.0047359695 0.011518019 106.48907233126 -11.70492793007 1302.33459 3.6959999999999997 -4.450000000000002 8.228333374023437 -6.0963218927383425 0.22818077 0.22118077 "" "" 63.21611695942958 "" 14.269449672812666 ""
105.46388264543 -11.71252975512 0.0438 0.049 36.5758 "" "" 3046007853055153920 1232.74011 0.7791 0.055 -2.104 0.523 0.056 0.059 1.112 6064.6 4.4681 16.30434 1.619579 17.057343 15.437763 "" "" 1158.8396 1305.35144 5665.13951 4.0981 2053.4 13.208 5297.3 12.143 "" "" 0.0028650755419384103 0.0075204805 0.0045252643 0.012045745 105.46388264543 -11.71252975512 1232.74011 -2.104 0.523 2.4283333740234374 -1.1233218927383422 0.22518077 0.22818077 "" "" 15.633837248827945 "" 3.5287521223166993 ""
106.02428697069 -11.31356766157 0.0525 0.057 10.5455 "" "" 3046033829017080064 1125.88086 0.8617 0.06 -4.546 1.433 0.068 0.079 1.183 9996.4 4.3721 16.304699 2.078444 17.349289 15.270844 "" "" 1056.67358 1194.14172 5663.27268 29.381 1569.3 54.618 6177.6 169.58 "" "" 0.006270573420479902 0.037890885 0.030042985 0.06793387 106.02428697069 -11.31356766157 1125.88086 -4.545999999999996 1.4329999999999998 -0.013666625976562763 -0.21332189273834223 0.23718077 0.24818078 "" "" 1.1407635750851945 "" 0.283065429130837 ""
106.0869288509 -11.49339068395 0.0425 0.0411 2.6232 "" "" 3045839971374505856 1190.99011 0.8199 0.0463 -3.32 0.981 0.054 0.056 0.966 5791.2 4.4483 16.304707 1.709772 17.095509 15.385736 "" "" 1126.53442 1272.18115 5663.22844 16.364 1982.5 39.921 5557.3 47.325 "" "" 0.0041754224838743675 0.02204046 0.009988551 0.03202901 106.0869288509 -11.49339068395 1190.99011 -3.320000000000001 0.981 1.2123333740234377 -0.6653218927383423 0.22318077 0.22518077 "" "" 7.806861612131656 "" 1.7459678358966308 ""
105.74970894297 -11.51915416191 0.0436 0.0481 17.3193 "" "" 3046022936980164736 1138.43262 0.8622 0.0547 -2.244 -3.781 0.055 0.054 1.111 4424.9 4.4564 16.306671 1.46606 16.957497 15.491437 "" "" 1075.48254 1212.20703 5652.99114 4.1357 2251.2 13.238 5041.8 28.309 "" "" 0.002867530704139404 0.0069676368 0.007172731 0.0141403675 105.74970894297 -11.51915416191 1138.43262 -2.244 -3.781000000000001 2.2883333740234373 -5.427321892738343 0.22418076 0.22318077 "" "" 31.78353315141609 "" 7.098279907441102 ""
106.57559799272 -11.58868654815 0.0438 0.0478 31.9057 "" "" 3046195903904793984 1301.53296 0.756 0.0558 -5.105 4.691 0.053 0.047 0.949 "" "" 16.307594 1.570757 17.041744 15.470987 "" "" 1211.61011 1387.94849 5648.19128 3.8271 2083.1 10.755 5137.6 11.033 "" "" 0.002851842202704817 0.006261642 0.00444074 0.010702383 106.57559799272 -11.58868654815 1301.53296 -5.105 4.691 -0.5726666259765629 3.0446781072616576 0.22218077 0.21618077 "" "" 19.11279285910538 "" 4.135789074695171 ""
106.4607004862 -11.59281942329 0.0377 0.0402 25.3644 "" "" 3046197209574906368 995.714478 0.9755 0.0463 -2.978 -5.696 0.049 0.046 0.944 4800.9 4.5084 16.308447 1.312416 16.900528 15.588112 "" "" 955.264465 1040.38818 5643.74864 3.1436 2372.5 12.124 4612.3 13.119 "" "" 0.0028209086352630895 0.006210415 0.0048806556 0.01109107 106.4607004862 -11.59281942329 995.714478 -2.978 -5.695999999999998 1.5543333740234373 -7.342321892738342 0.21818076 0.21518077 "" "" 35.421442451498 "" 7.6266015753704846 ""
105.99920204778 -10.99213103068 0.0435 0.044 29.8859 "" "" 3046429928079628800 1059.72388 0.9092 0.0564 -3.538 1.505 0.06 0.062 0.955 4791.7 4.264 16.310534 1.941036 17.274546 15.333509 "" "" 1001.19049 1119.90857 5632.91473 8.3847 1681.1 16.821 5831.2 26.809 "" "" 0.0031943221398785765 0.011216399 0.0062610405 0.01747744 105.99920204778 -10.99213103068 1059.72388 -3.538 1.505 0.9943333740234377 -0.1413218927383424 0.22918077 0.23118076 "" "" 5.044821138178932 "" 1.1563766136224543 ""
106.06681427957 -11.11978380878 0.0388 0.0432 22.1631 "" "" 3046424705399419904 1225.78491 0.7866 0.0502 -3.183 0.326 0.051 0.061 1.028 9771.7 4.3798 16.317266 1.801264 17.178242 15.376978 "" "" 1159.48315 1301.58411 5598.09275 3.5133 1837.0 25.693 5602.3 16.716 "" "" 0.002838325142614977 0.015439735 0.004977819 0.020417554 106.06681427957 -11.11978380878 1225.78491 -3.182999999999999 0.32600000000000007 1.3493333740234377 -1.3203218927383422 0.22018076 0.23018077 "" "" 10.96878291356717 "" 2.469375922848959 ""
105.88069790269 -11.46919027357 0.0359 0.0371 9.5898 "" "" 3046024242650173184 1174.48474 0.8236 0.0439 -2.804 1.151 0.043 0.042 0.959 9521.0 4.1912 16.321539 1.715044 17.132711 15.417667 "" "" 1128.11743 1227.54883 5576.10724 3.1838 1915.7 10.711 5396.2 15.955 "" "" 0.002824198309369248 0.0066810497 0.0049587456 0.011639795 105.88069790269 -11.46919027357 1174.48474 -2.804 1.151 1.7283333740234377 -0.49532189273834226 0.21218076 0.21118076 "" "" 10.009068126452041 "" 2.122973686429611 ""
106.28999821313 -11.72962218645 0.0407 0.0438 20.5152 "" "" 3045819561689989888 1149.41553 0.8468 0.0521 0.198 -6.679 0.054 0.056 1.086 4994.3 4.7023 16.321667 1.20377 16.833218 15.629448 "" "" 1077.28052 1218.36426 5575.44851 3.3057 2524.2 16.99 4440.0 19.763 "" "" 0.002829520399649739 0.007822453 0.0061350786 0.013957532 106.28999821313 -11.72962218645 1149.41553 0.198 -6.678999999999996 4.730333374023438 -8.325321892738343 0.22318077 0.22518077 "" "" 52.16862314889798 "" 11.721993290388394 ""
106.09352623849 -11.1534893797 0.0387 0.0444 20.3171 "" "" 3046423674607273600 1058.99475 0.9187 0.0516 -1.368 -0.502 0.05 0.059 0.97 4885.7 4.4896 16.321672 1.289223 16.883146 15.593924 "" "" 1006.82141 1115.3717 5575.41964 3.8957 2410.8 11.052 4587.6 16.188 "" "" 0.0028578514365400313 0.005706113 0.0053816005 0.011087714 106.09352623849 -11.1534893797 1058.99475 -1.368 -0.502 3.164333374023437 -2.148321892738342 0.21918076 0.22818077 "" "" 19.198573860160458 "" 4.26322940574943 ""
105.5945219502 -11.72214699591 0.0599 0.0693 29.8369 "" "" 3045995517909049344 984.607239 0.9857 0.0814 -0.769 -4.769 0.079 0.069 1.257 4704.6 4.654 16.323555 1.356745 16.90206 15.545315 "" "" 927.753357 1065.0614 5565.75894 8.1037 2369.2 13.313 4797.7 15.878 "" "" 0.0031766005298215186 0.0067087123 0.0052148965 0.011923609 105.5945219502 -11.72214699591 984.607239 -0.7690000000000002 -4.768999999999995 3.7633333740234374 -6.415321892738342 0.24818078 0.23818076 "" "" 34.71192160860079 "" 8.357953846769533 ""
106.55885565121 -11.84720604063 0.0415 0.0424 37.1976 "" "" 3045765342023558144 1128.1897 0.8768 0.0492 -3.842 1.089 0.052 0.048 1.079 5457.8 4.4395 16.324877 1.871567 17.243656 15.372089 "" "" 1070.48682 1193.79749 5558.99173 16.94 1729.6 24.962 5627.6 46.178 "" "" 0.004305634987652444 0.015916076 0.009677637 0.025593713 106.55885565121 -11.84720604063 1128.1897 -3.842 1.089 0.6903333740234374 -0.5573218927383423 0.22118077 0.21718076 "" "" 4.744540396907313 "" 1.0419537854054803 ""
106.12726146338 -11.437514209 0.0427 0.0434 5.8399 "" "" 3046028189719392896 1293.02222 0.7507 0.0498 -3.911 1.557 0.055 0.06 1.012 4233.5 4.145 16.324947 1.839415 17.223007 15.383593 "" "" 1216.91162 1379.58667 5558.62575 12.001 1762.8 19.259 5568.3 35.514 "" "" 0.0036175333903430864 0.0121856555 0.007888934 0.02007459 106.12726146338 -11.437514209 1293.02222 -3.911 1.557 0.6213333740234375 -0.08932189273834235 0.22418076 0.22918077 "" "" 3.8472546851611686 "" 0.8628742225186046 ""
105.73024929269 -11.50160381655 0.0458 0.0545 18.3826 "" "" 3046023211858070144 1230.79736 0.79 0.0597 -0.854 -3.503 0.055 0.054 1.102 4911.9 4.6042 16.328562 1.232899 16.871819 15.63892 "" "" 1148.27734 1313.29492 5540.16077 3.7075 2436.1 13.111 4401.4 14.589 "" "" 0.0028495099673352797 0.006475359 0.005218732 0.011694091 105.73024929269 -11.50160381655 1230.79736 -0.8540000000000005 -3.5029999999999997 3.6783333740234374 -5.149321892738342 0.22418076 0.22318077 "" "" 36.91837562277867 "" 8.251963375373695 ""
106.37890076028 -12.020337121 0.0379 0.0415 37.5348 "" "" 3045756374132051712 933.153076 1.0333 0.0447 0.267 3.082 0.048 0.057 0.989 4821.8 4.6484 16.329683 1.230305 16.859175 15.62887 "" "" 893.16925 974.267334 5534.43921 3.4462 2464.6 14.403 4442.3 17.755 "" "" 0.002837051106057172 0.006931372 0.0057545425 0.0126859145 106.37890076028 -12.020337121 933.153076 0.26700000000000035 3.082000000000003 4.799333374023438 1.4356781072616576 0.21718076 0.22618076 "" "" 22.15760748837387 "" 4.828895786067561 ""
