Clusters/vdBergh_92/vdBergh_92_members.tsv
# %ECSV 1.0
# ---
# datatype:
# - name: RA_ICRS_1
#   unit: deg
#   datatype: float64
#   format: '{:15.11f}'
#   description: Right ascension (ICRS) at Ep=2016.0 (ra)
#   meta: !!omap
#   - {ucd: POS_EQ_RA_MAIN}
#   - {width: 15}
#   - {precision: '11'}
# - name: DE_ICRS_1
#   unit: deg
#   datatype: float64
#   format: '{:15.11f}'
#   description: Declination (ICRS) at Ep=2016.0 (dec)
#   meta: !!omap
#   - {ucd: POS_EQ_DEC_MAIN}
#   - {width: 15}
#   - {precision: '11'}
# - name: e_RA_ICRS
#   unit: mas
#   datatype: float64
#   format: '{:7.4f}'
#   description: Standard error of right ascension (ra_error)
#   meta: !!omap
#   - {ucd: ERROR}
#   - {width: 7}
#   - {precision: '4'}
# - name: e_DE_ICRS
#   unit: mas
#   datatype: float64
#   format: '{:7.4f}'
#   description: Standard error of declination (dec_error)
#   meta: !!omap
#   - {ucd: ERROR}
#   - {width: 7}
#   - {precision: '4'}
# - name: _r_1
#   unit: ''
#   datatype: float64
#   format: '{:7.4f}'
#   description: Distance from center (106.04260618000-11.48840601000)[ICRS], at Epoch=J2016.0
#   meta: !!omap
#   - {ucd: POS_ANG_DIST_GENERAL}
#   - {width: 7}
#   - {precision: '4'}
# - name: HIP
#   datatype: int32
#   description: '? HIP cross-id number, van Leeuwen, Cat. I/311 (hip_original_ext_source_id)'
#   meta: !!omap
#   - {ucd: ID_NUMBER}
#   - {width: 6}
#   - values: {'null': -2147483648}
# - name: TYC2
#   datatype: string
#   description: Tycho-2 cross-id name, Hog et al., Cat. I/259 (tyc2_original_ext_source_id)
#   meta: !!omap
#   - {ucd: ID_CROSSID}
#   - {_votable_string_dtype: char}
# - name: Source
#   datatype: int64
#   description: Source identifier, identical to the Gaia-EDR3 source_id (id)
#   meta: !!omap
#   - {ucd: ID_MAIN}
#   - {width: 19}
# - name: rgeo
#   unit: pc
#   datatype: float64
#   format: '{:15.8f}'
#   description: '? Median of the geometric distance posterior (r_med_geo)'
#   meta: !!omap
#   - {ucd: PHYS_DISTANCE_TRUE}
#   - {width: 15}
#   - {precision: '8'}
#   - values: {'null': .nan}
# - name: Plx
#   unit: mas
#   datatype: float64
#   format: '{:9.4f}'
#   description: '? Parallax (parallax)'
#   meta: !!omap
#   - {ucd: POS_PARLX_TRIG}
#   - {width: 9}
#   - {precision: '4'}
#   - values: {'null': .nan}
# - name: e_Plx
#   unit: mas
#   datatype: float32
#   format: '{:7.4f}'
#   description: '? Standard error of parallax (parallax_error)'
#   meta: !!omap
#   - {ucd: ERROR}
#   - {width: 7}
#   - {precision: '4'}
#   - values: {'null': .nan}
# - name: pmRA
#   unit: mas / yr
#   datatype: float64
#   format: '{:9.3f}'
#   description: '? Proper motion in right ascension direction, pmRA*cosDE (pmra)'
#   meta: !!omap
#   - {ucd: POS_EQ_PMRA}
#   - {width: 9}
#   - {precision: '3'}
#   - values: {'null': .nan}
# - name: pmDE
#   unit: mas / yr
#   datatype: float64
#   format: '{:9.3f}'
#   description: '? Proper motion in declination direction (pmdec)'
#   meta: !!omap
#   - {ucd: POS_EQ_PMDEC}
#   - {width: 9}
#   - {precision: '3'}
#   - values: {'null': .nan}
# - name: e_pmRA
#   unit: mas / yr
#   datatype: float32
#   format: '{:6.3f}'
#   description: '? Standard error of proper motion in right ascension direction (pmra_error)'
#   meta: !!omap
#   - {ucd: ERROR}
#   - {width: 6}
#   - {precision: '3'}
#   - values: {'null': .nan}
# - name: e_pmDE
[...]
#       distance: !astropy.table.SerializedColumn
#         __class__: astropy.coordinates.distances.Distance
#         unit: !astropy.units.Unit {unit: pc}
#         value: !astropy.table.SerializedColumn {name: SkyCoord.distance}
#       frame: icrs
#       obstime: !astropy.time.Time {format: jyear_str, in_subfmt: '*', jd1: 367701545.0, jd2: 0.0, out_subfmt: '*', precision: 3, scale: tt}
#       pm_dec: !astropy.table.SerializedColumn
#         __class__: astropy.units.quantity.Quantity
#         unit: !astropy.units.Unit {unit: mas / yr}
#         value: !astropy.table.SerializedColumn {name: SkyCoord.pm_dec}
#       pm_ra_cosdec: !astropy.table.SerializedColumn
#         __class__: astropy.units.quantity.Quantity
#         unit: !astropy.units.Unit {unit: mas / yr}
#         value: !astropy.table.SerializedColumn {name: SkyCoord.pm_ra_cosdec}
#       ra: !astropy.table.SerializedColumn
#         __class__: astropy.coordinates.angles.Longitude
#         unit: *id001
#         value: !astropy.table.SerializedColumn {name: SkyCoord.ra}
#         wrap_angle: !astropy.coordinates.Angle
#           unit: *id001
#           value: 360.0
#       representation_type: spherical
# schema: astropy-2.0
RA_ICRS_1 DE_ICRS_1 e_RA_ICRS e_DE_ICRS _r_1 HIP TYC2 Source rgeo Plx e_Plx pmRA pmDE e_pmRA e_pmDE RUWE Teff logg Gmag BP-RP BPmag RPmag RV e_RV b_rgeo B_rgeo FG e_FG FBP e_FBP FRP e_FRP RAVE5 RAVE6 e_Gmag e_BPmag e_RPmag e_BP-RP SkyCoord.ra SkyCoord.dec SkyCoord.distance SkyCoord.pm_ra_cosdec SkyCoord.pm_dec rmRA rmDE e_rmRA e_rmDE rRV e_rRV v_pec v_pec3d e_vpec e_vpec3d Pmemb
[from data line 30]
106.04964430714 -11.35867283657 0.0149 0.0164 7.795 "" "" 3046032626426246144 1077.10962 0.8895 0.0185 -4.879 1.746 0.019 0.02 0.912 "" "" 14.188699 1.662719 14.973784 13.311066 29.04 6.35 1059.13184 1098.45447 39761.92487 71.569 13993.0 87.093 37561.0 199.65 "" "" 0.003378004224283966 0.0073110256 0.006898477 0.014209503 106.04964430714 -11.35867283657 1077.10962 -4.879 1.746 -0.34666662597656206 0.09967810726165771 0.18818076 0.18918076 6.186666666666664 8.576374 1.8416172903294394 6.45495148614494 0.34669791534009287 8.220512430408935 1.0
106.08897264136 -11.61786935015 0.0143 0.0156 8.2321 "" "" 3045836432321559040 1139.16931 0.8345 0.0176 -4.35 1.748 0.018 0.021 0.97 5798.9 3.7983 14.299871 1.411304 14.933963 13.522658 15.2 7.76 1109.13684 1161.26416 35892.03219 52.755 14515.0 79.493 30910.0 123.8 "" "" 0.003184101285228867 0.006568241 0.0057614013 0.012329642 106.08897264136 -11.61786935015 1139.16931 -4.35 1.7480000000000009 0.18233337402343786 0.10167810726165771 0.18718076 0.19018076 -7.653333333333336 9.986374 1.1272744056247812 7.735907102382232 0.2118111584397548 9.879826659163754 0.9
106.06540472991 -11.32750864899 0.0164 0.0167 9.7465 "" "" 3046032832584659840 1125.05273 0.8502 0.0191 -4.31 1.614 0.022 0.022 1.028 "" "" 14.301903 1.64819 15.064855 13.416664 39.07 5.62 1100.78735 1153.0249 35824.9465 14.409 12867.0 27.43 34079.0 28.725 "" "" 0.002789710917138313 0.0036252372 0.0038886047 0.0075138416 106.06540472991 -11.32750864899 1125.05273 -4.310000000000002 1.614 0.2223333740234379 -0.032321892738342184 0.19118077 0.19118077 16.216666666666665 7.8463736 1.198111600003932 16.26086557302045 0.22905589299751591 7.825064410639678 1.0
105.97497425783 -11.54662351158 0.0165 0.016 5.2926 "" "" 3046025720119222784 1114.50342 0.855 0.0188 -4.463 1.551 0.02 0.018 1.019 5367.2 3.5946 14.306123 1.494483 14.98306 13.488577 "" "" 1095.00623 1136.36902 35685.96955 73.36 13874.0 118.33 31895.0 228.46 "" "" 0.003545903039648915 0.00967136 0.008646699 0.018318059 105.97497425783 -11.54662351158 1114.50342 -4.463 1.551 0.06933337402343742 -0.09532189273834235 0.18918076 0.18718076 "" "" 0.6226782614496633 "" 0.1169857835250021 "" 0.9
105.97095205598 -11.49311651737 0.0164 0.0162 4.2225 "" "" 3046026750911057408 1115.96948 0.8552 0.019 -4.62 1.653 0.02 0.019 0.931 5578.0 4.0556 14.394053 1.418812 15.026579 13.607767 "" "" 1087.79858 1140.16064 32909.79677 70.696 13329.0 103.75 28579.0 168.29 "" "" 0.0036099378476489668 0.008899813 0.007426977 0.016326789 105.97095205598 -11.49311651737 1115.96948 -4.62 1.652999999999999 -0.0876666259765626 0.00667810726165774 0.18918076 0.18818076 "" "" 0.46507326356597256 "" 0.08798023807436983 "" 1.0
106.0059942905 -11.39217957309 0.0152 0.0161 6.162 "" "" 3046032076670457088 1065.07715 0.8989 0.0184 -4.483 1.769 0.02 0.02 0.95 5108.9 3.5617 14.394692 1.585854 15.117149 13.531295 31.68 9.27 1044.01855 1088.94629 32890.43476 37.643 12262.0 132.28 30665.0 253.92 "" "" 0.0030225648329812054 0.012040452 0.009752473 0.021792926 106.0059942905 -11.39217957309 1065.07715 -4.483 1.769 0.04933337402343785 0.12267810726165762 0.18918076 0.18918076 8.826666666666664 11.496374 0.667538132717202 8.851872773773694 0.1262853723282602 11.463641642023209 0.9
105.99412538548 -11.49380409795 0.0207 0.0201 2.8689 "" "" 3046025960637068160 1116.25977 0.8555 0.0234 -4.493 1.53 0.028 0.026 1.076 5099.6 3.732 14.626411 1.46247 15.289111 13.826641 74.15 16.15 1092.146 1146.42566 26569.44789 62.476 10466.0 66.272 23362.0 91.383 "" "" 0.0037562911757245054 0.0074196286 0.0056851143 0.013104742 105.99412538548 -11.49380409795 1116.25977 -4.493 1.53 0.03933337402343717 -0.11632189273834226 0.19718076 0.19518077 51.29666666666667 18.376373 0.6497016974830329 51.30078092394719 0.12694322095975918 18.374899599617024 0.9
106.02849214212 -11.38935985748 0.0186 0.0193 6.0005 "" "" 3046029224812163840 1100.68555 0.8721 0.0229 -4.486 1.791 0.024 0.025 1.022 5000.4 3.5025 14.708759 1.845595 15.604422 13.758826 "" "" 1074.21118 1134.71204 24628.77997 109.28 7828.0 119.47 24867.0 267.79 "" "" 0.005549786867161481 0.016803643 0.012287826 0.02909147 106.02849214212 -11.38935985748 1100.68555 -4.486 1.7909999999999984 0.046333374023437734 0.14467810726165764 0.19318077 0.19418077 "" "" 0.7925847959129211 "" 0.15383117263920199 "" 1.0
106.03369159669 -11.25067617712 0.0226 0.0241 14.2734 "" "" 3046409587114617728 1139.16589 0.8398 0.0251 -4.761 1.774 0.029 0.034 1.104 "" "" 14.801354 1.61394 15.542727 13.928786 "" "" 1107.52051 1171.80994 22615.42748 9.4127 8285.6 16.594 21264.0 19.876 "" "" 0.0027921308874282328 0.0035374179 0.0039132694 0.0074506872 106.03369159669 -11.25067617712 1139.16589 -4.761 1.774 -0.22866662597656262 0.12767810726165774 0.19818076 0.20318076 "" "" 1.4141520615491217 "" 0.2819542951873892 "" 1.0
105.95747228732 -11.78206360601 0.0182 0.0197 18.316 "" "" 3045824646931519744 1120.57996 0.8513 0.0217 -4.546 1.633 0.022 0.022 1.004 5809.4 3.9768 14.890342 1.25426 15.433502 14.179242 21.82 9.85 1088.94324 1141.23352 20835.78646 26.85 9162.5 42.232 16883.0 53.215 "" "" 0.0030902038398803048 0.005729665 0.0050985646 0.01082823 105.95747228732 -11.78206360601 1120.57996 -4.546000000000002 1.6330000000000002 -0.013666625976562763 -0.013321892738342278 0.19118077 0.19118077 -1.033333333333335 12.076374 0.10137261982471506 1.0382938822067227 0.019380495071887785 12.018678164496887 0.9
106.04147733812 -11.38789188682 0.0192 0.0205 6.0312 "" "" 3046029259171897600 1033.4613 0.9235 0.0227 -4.558 1.712 0.025 0.028 1.086 "" "" 14.998382 1.831391 15.836723 14.005332 "" "" 1009.46979 1054.57935 18862.27782 683.15 6320.2 781.89 19816.0 1873.0 "" "" 0.039419378715104016 0.13434851 0.102692895 0.23704141 106.04147733812 -11.38789188682 1033.4613 -4.558 1.7119999999999986 -0.02566662597656233 0.06567810726165768 0.19418077 0.19718076 "" "" 0.3454260835956634 "" 0.06797499382454246 "" 1.0
106.01285311274 -11.46864866502 0.0261 0.0259 2.1133 "" "" 3046027128868157696 1071.13428 0.8992 0.0306 -4.393 1.5 0.035 0.032 1.061 5064.6 3.773 15.299232 1.604731 16.047205 14.442474 "" "" 1034.76917 1118.67004 14297.29748 21.094 5206.4 26.887 13249.0 68.339 "" "" 0.0031871305194361567 0.0062628496 0.0067562466 0.013019096 106.01285311274 -11.46864866502 1071.13428 -4.393 1.5 0.1393333740234377 -0.14632189273834229 0.20418076 0.20118077 "" "" 1.0258395252781352 "" 0.2078483778981702 "" 0.9
106.07550150123 -11.42444932243 0.0252 0.0259 4.2974 "" "" 3046028159660628352 1112.03271 0.8588 0.0298 -4.502 1.763 0.033 0.036 1.06 5404.3 3.7994 15.375137 1.689622 16.167442 14.47782 "" "" 1071.37988 1143.75354 13331.88705 25.926 4660.6 38.42 12824.0 79.112 "" "" 0.00347127523805078 0.009375165 0.0076906774 0.017065842 106.07550150123 -11.42444932243 1112.03271 -4.502000000000001 1.763000000000001 0.03033337402343772 0.11667810726165762 0.20218077 0.20518076 "" "" 0.6354580742717159 "" 0.13026391188733719 "" 0.9
106.18623702215 -11.49803247168 0.0245 0.0259 8.4648 "" "" 3045839352899157248 1103.41577 0.8698 0.0293 -4.579 1.684 0.03 0.035 1.002 5019.3 4.299 15.424287 1.275988 15.984785 14.708797 "" "" 1072.1853 1132.01538 12741.84074 15.174 5514.5 29.779 10367.0 73.566 "" "" 0.003043614585795845 0.0064931614 0.008581615 0.0150747765 106.18623702215 -11.49803247168 1103.41577 -4.579 1.684 -0.04666662597656224 0.037678107261657656 0.19918077 0.20418076 "" "" 0.31369870309195286 "" 0.0631063757533934 "" 1.0
105.9724194899 -11.58066657263 0.0251 0.0258 6.9042 "" "" 3046019531067048320 1107.13733 0.861 0.0305 -4.61 1.67 0.032 0.031 1.012 4989.9 4.1348 15.451546 1.613765 16.219484 14.60572 "" "" 1070.05603 1148.79248 12425.92029 133.0 4442.5 155.95 11399.0 416.47 "" "" 0.011943275963332799 0.03821579 0.039847724 0.07806352 105.9724194899 -11.58066657263 1107.13733 -4.61 1.67 -0.07766662597656282 0.023678107261657644 0.20118077 0.20018077 "" "" 0.42610181938391817 "" 0.0856873389066928 "" 1.0
106.09378557666 -11.52779723127 0.0246 0.0262 3.8263 "" "" 3045838184668136320 1146.26111 0.8399 0.0298 -4.314 1.588 0.03 0.035 0.962 5059.8 3.7667 15.46368 1.693681 16.268019 14.574338 "" "" 1112.62659 1185.80029 12287.81419 39.099 4248.2 46.114 11733.0 106.02 "" "" 0.004418938252119042 0.012111385 0.010513557 0.022624943 106.09378557666 -11.52779723127 1146.26111 -4.314 1.588 0.21833337402343744 -0.05832189273834221 0.19918077 0.20418076 "" "" 1.2278595099986627 "" 0.24497967255653 "" 0.8
106.0047469738 -11.60709876185 0.0252 0.0264 7.4612 "" "" 3045831587598492544 1133.79565 0.8467 0.0299 -4.405 1.518 0.03 0.03 1.019 5117.2 3.7165 15.482398 1.594387 16.221148 14.62676 "" "" 1093.21289 1177.31958 12077.79267 26.585 4435.7 74.465 11180.0 71.751 "" "" 0.0036473612587152567 0.018439285 0.007926996 0.026366282 106.0047469738 -11.60709876185 1133.79565 -4.405000000000006 1.5179999999999993 0.12733337402343725 -0.12832189273834227 0.19918077 0.19918077 "" "" 0.9715297875169673 "" 0.1935100481827983 "" 0.8
105.95807297673 -11.53745859445 0.0274 0.0265 5.776 "" "" 3046019913323142400 1088.20325 0.8845 0.0316 -4.516 1.664 0.032 0.031 1.035 5690.7 4.3413 15.501278 1.382434 16.112267 14.729833 "" "" 1050.55603 1129.06348 11869.58715 30.178 4903.5 46.116 10168.0 69.777 "" "" 0.0039002368999258483 0.010585381 0.008354501 0.018939883 105.95807297673 -11.53745859445 1088.20325 -4.516 1.6640000000000013 0.016333374023437486 0.01767810726165764 0.20118077 0.20018077 "" "" 0.12414753307182655 "" 0.024909198542649877 "" 0.8
106.02738851322 -11.30965321133 0.027 0.0306 10.7625 "" "" 3046033829017076352 1116.69604 0.8561 0.0341 -4.881 1.628 0.036 0.04 1.057 4821.1 4.1192 15.536463 1.798742 16.423851 14.625109 "" "" 1068.22778 1162.56812 11491.10577 98.187 3680.2 122.79 11197.0 298.8 "" "" 0.009677708569701767 0.03633292 0.029219104 0.065552026 106.02738851322 -11.30965321133 1116.69604 -4.881000000000002 1.628 -0.3486666259765627 -0.018321892738342394 0.20518076 0.20918077 "" "" 1.848087322667312 "" 0.3792125236606322 "" 1.0
106.09667931814 -11.4551650843 0.0489 0.0487 3.7533 "" "" 3046027846121937792 1273.96582 0.75 0.0536 -4.723 1.255 0.064 0.066 1.715 "" "" 15.543032 1.860042 16.416328 14.556287 "" "" 1184.2002 1369.38843 11421.7885 25.657 3705.8 28.441 11930.0 92.506 "" "" 0.0036796845990477917 0.008787457 0.009228275 0.018015731 106.09667931814 -11.4551650843 1273.96582 -4.722999999999999 1.2550000000000006 -0.19066662597656236 -0.3913218927383424 0.23318076 0.23518077 "" "" 2.628605143957485 "" 0.61719222227522 "" 0.8
106.09435049298 -11.51340207289 0.0291 0.0295 3.3919 "" "" 3045838425187624960 1117.40344 0.8627 0.034 -4.364 1.691 0.034 0.039 0.977 5349.3 3.8257 15.596178 1.734067 16.419312 14.685245 "" "" 1072.65906 1167.79883 10876.16007 44.906 3695.7 53.233 10594.0 119.27 "" "" 0.005261903396175515 0.015885934 0.012794439 0.028680373 106.09435049298 -11.51340207289 1117.40344 -4.363999999999998 1.6910000000000003 0.16833337402343762 0.04467810726165777 0.20318076 0.20818077 "" "" 0.9224455007968863 "" 0.1877301876309185 "" 0.8
105.92535803305 -11.5872053593 0.029 0.0289 9.0912 "" "" 3046019294847876864 1221.67603 0.7792 0.0334 -4.425 1.545 0.035 0.032 0.977 5032.5 3.7647 15.688409 1.890224 16.61439 14.724166 "" "" 1174.04944 1276.81689 9990.40399 14.094 3087.9 31.409 10221.0 49.676 "" "" 0.0031524456806401504 0.011390728 0.006490703 0.01788143 105.92535803305 -11.5872053593 1221.67603 -4.425 1.545 0.10733337402343768 -0.10132189273834236 0.20418076 0.20118077 "" "" 0.8547299389442565 "" 0.17331586001282126 "" 0.9
105.88945636393 -11.57415405233 0.0307 0.03 10.3698 "" "" 3046020085121862656 1125.25085 0.8462 0.0349 -4.507 1.473 0.036 0.033 1.036 "" "" 15.72027 1.778077 16.571892 14.793815 "" "" 1083.01672 1177.41296 9701.49314 11.37 3211.1 24.012 9585.9 43.368 "" "" 0.0030349561919480305 0.00858499 0.0061977203 0.01478271 105.88945636393 -11.57415405233 1125.25085 -4.507000000000005 1.473000000000001 0.025333374023437827 -0.1733218927383422 0.20518076 0.20218077 "" "" 0.9342677388610836 "" 0.18895002534574426 "" 0.9
106.1759730161 -11.398981167 0.0335 0.0338 9.5026 "" "" 3046403707299199360 1164.85962 0.8209 0.0378 -4.33 1.643 0.044 0.046 0.983 4642.3 4.1668 15.722244 1.525236 16.428453 14.903217 "" "" 1116.93823 1210.07068 9683.87459 13.815 3664.7 21.419 8667.0 36.607 "" "" 0.0031608400655033786 0.0069320975 0.005942535 0.012874633 106.1759730161 -11.398981167 1164.85962 -4.329999999999997 1.6430000000000002 0.20233337402343743 -0.003321892738342269 0.21318077 0.21518077 "" "" 1.1173210472331325 "" 0.23819196117541952 "" 0.8
106.03826998159 -11.50207436773 0.0316 0.0313 0.8588 "" "" 3046026098076337536 1107.98059 0.8624 0.0359 -4.658 1.709 0.04 0.039 0.963 4928.0 4.2086 15.867463 1.666718 16.647448 14.98073 "" "" 1065.8125 1150.81653 8471.52073 28.083 2995.3 22.538 8069.9 63.863 "" "" 0.004532775789474183 0.0086329 0.009386692 0.018019592 106.03826998159 -11.50207436773 1107.98059 -4.6579999999999995 1.709 -0.12566662597656286 0.06267810726165779 0.20918077 0.20818077 "" "" 0.7375153483426184 "" 0.154127391091147 "" 1.0
106.01400737805 -11.63417122787 0.0302 0.0324 8.906 "" "" 3045830655582962048 1131.64526 0.8427 0.0366 -4.564 1.322 0.038 0.038 0.942 "" "" 15.932426 1.842524 16.839314 14.996789 "" "" 1084.23572 1178.29675 7979.50649 7.0621 2510.1 13.278 7951.4 17.838 "" "" 0.002918070415259419 0.006385234 0.00449627 0.010881504 106.01400737805 -11.63417122787 1131.64526 -4.563999999999998 1.3219999999999996 -0.03166662597656256 -0.3243218927383422 0.20718077 0.20718077 "" "" 1.7479349956524455 "" 0.36213851525281454 "" 0.9
105.94205694824 -11.40058496238 0.0324 0.0336 7.9201 "" "" 3046030874079634432 1216.24951 0.7887 0.0396 -4.372 1.749 0.044 0.041 1.158 "" "" 15.941229 2.089952 16.965733 14.875781 "" "" 1157.5332 1273.15088 7915.07808 20.195 2234.2 38.279 8888.9 102.4 "" "" 0.00390715520163391 0.018810224 0.013066192 0.031876415 105.94205694824 -11.40058496238 1216.24951 -4.372 1.749 0.1603333740234376 0.10267810726165782 0.21318077 0.21018076 "" "" 1.0976213265249697 "" 0.233038857710072 "" 0.9
106.14522536487 -11.30288029261 0.0319 0.0363 12.6626 "" "" 3046405670104428160 1121.23254 0.8532 0.0411 -4.526 1.745 0.044 0.048 1.049 5015.4 4.1712 16.014858 1.94599 16.97938 15.03339 "" "" 1064.68982 1183.27344 7396.11634 50.465 2206.3 54.622 7687.8 150.18 "" "" 0.007903970450211566 0.027024304 0.021543784 0.04856809 106.14522536487 -11.30288029261 1121.23254 -4.525999999999997 1.7450000000000019 0.006333374023437699 0.09867810726165782 0.21318077 0.21718076 "" "" 0.5255179003163946 "" 0.11412383177381995 "" 1.0
106.01876844803 -11.40589254606 0.0368 0.0387 5.1454 "" "" 3046029121732958208 1076.18286 0.9018 0.0442 -5.007 1.792 0.047 0.051 1.102 5314.4 4.1755 16.1064 2.071201 17.133076 15.061874 "" "" 1017.59222 1134.17468 6798.08451 8.8094 1915.1 22.882 7488.7 35.845 "" "" 0.003093759352047526 0.01326926 0.006425866 0.019695126 106.01876844803 -11.40589254606 1076.18286 -5.007 1.792000000000001 -0.4746666259765622 0.14567810726165775 0.21618077 0.22018076 "" "" 2.532793340325422 "" 0.5484207020077546 "" 1.0
105.73347519167 -11.47530029046 0.0383 0.0446 18.1937 "" "" 3046036440357332480 1246.06555 0.7821 0.0491 -4.246 1.468 0.046 0.046 1.003 9423.0 3.7396 16.123545 2.299666 17.30536 15.005695 "" "" 1175.87708 1308.04041 6691.57832 7.5149 1634.1 15.389 7886.4 22.964 "" "" 0.003013061437351761 0.010598687 0.0049273525 0.0155260395 105.73347519167 -11.47530029046 1246.06555 -4.246000000000006 1.468 0.28633337402343706 -0.1783218927383423 0.21518077 0.21518077 "" "" 1.9923364898834164 "" 0.4287124991210043 "" 0.8
