Clusters/vdBergh_92/vdBergh_92_members.tsv
# %ECSV 1.0
# ---
# datatype:
# - name: RA_ICRS_1
#   unit: deg
#   datatype: float64
#   format: '{:15.11f}'
#   description: Right ascension (ICRS) at Ep=2016.0 (ra)
#   meta: !!omap
#   - {ucd: POS_EQ_RA_MAIN}
#   - {width: 15}
#   - {precision: '11'}
# - name: DE_ICRS_1
#   unit: deg
#   datatype: float64
#   format: '{:15.11f}'
#   description: Declination (ICRS) at Ep=2016.0 (dec)
#   meta: !!omap
#   - {ucd: POS_EQ_DEC_MAIN}
#   - {width: 15}
#   - {precision: '11'}
# - name: e_RA_ICRS
#   unit: mas
#   datatype: float64
#   format: '{:7.4f}'
#   description: Standard error of right ascension (ra_error)
#   meta: !!omap
#   - {ucd: ERROR}
#   - {width: 7}
#   - {precision: '4'}
# - name: e_DE_ICRS
#   unit: mas
#   datatype: float64
#   format: '{:7.4f}'
#   description: Standard error of declination (dec_error)
#   meta: !!omap
#   - {ucd: ERROR}
#   - {width: 7}
#   - {precision: '4'}
# - name: _r_1
#   unit: ''
#   datatype: float64
#   format: '{:7.4f}'
#   description: Distance from center (106.04260618000-11.48840601000)[ICRS], at Epoch=J2016.0
#   meta: !!omap
#   - {ucd: POS_ANG_DIST_GENERAL}
#   - {width: 7}
#   - {precision: '4'}
# - name: HIP
#   datatype: int32
#   description: '? HIP cross-id number, van Leeuwen, Cat. I/311 (hip_original_ext_source_id)'
#   meta: !!omap
#   - {ucd: ID_NUMBER}
#   - {width: 6}
#   - values: {'null': -2147483648}
# - name: TYC2
#   datatype: string
#   description: Tycho-2 cross-id name, Hog et al., Cat. I/259 (tyc2_original_ext_source_id)
#   meta: !!omap
#   - {ucd: ID_CROSSID}
#   - {_votable_string_dtype: char}
# - name: Source
#   datatype: int64
#   description: Source identifier, identical to the Gaia-EDR3 source_id (id)
#   meta: !!omap
#   - {ucd: ID_MAIN}
#   - {width: 19}
# - name: rgeo
#   unit: pc
#   datatype: float64
#   format: '{:15.8f}'
#   description: '? Median of the geometric distance posterior (r_med_geo)'
#   meta: !!omap
#   - {ucd: PHYS_DISTANCE_TRUE}
#   - {width: 15}
#   - {precision: '8'}
#   - values: {'null': .nan}
# - name: Plx
#   unit: mas
#   datatype: float64
#   format: '{:9.4f}'
#   description: '? Parallax (parallax)'
#   meta: !!omap
#   - {ucd: POS_PARLX_TRIG}
#   - {width: 9}
#   - {precision: '4'}
#   - values: {'null': .nan}
# - name: e_Plx
#   unit: mas
#   datatype: float32
#   format: '{:7.4f}'
#   description: '? Standard error of parallax (parallax_error)'
#   meta: !!omap
#   - {ucd: ERROR}
#   - {width: 7}
#   - {precision: '4'}
#   - values: {'null': .nan}
# - name: pmRA
#   unit: mas / yr
#   datatype: float64
#   format: '{:9.3f}'
#   description: '? Proper motion in right ascension direction, pmRA*cosDE (pmra)'
#   meta: !!omap
#   - {ucd: POS_EQ_PMRA}
#   - {width: 9}
#   - {precision: '3'}
#   - values: {'null': .nan}
# - name: pmDE
#   unit: mas / yr
#   datatype: float64
#   format: '{:9.3f}'
#   description: '? Proper motion in declination direction (pmdec)'
#   meta: !!omap
#   - {ucd: POS_EQ_PMDEC}
#   - {width: 9}
#   - {precision: '3'}
#   - values: {'null': .nan}
# - name: e_pmRA
#   unit: mas / yr
#   datatype: float32
#   format: '{:6.3f}'
#   description: '? Standard error of proper motion in right ascension direction (pmra_error)'
#   meta: !!omap
#   - {ucd: ERROR}
#   - {width: 6}
#   - {precision: '3'}
#   - values: {'null': .nan}
# - name: e_pmDE
[...]
#       distance: !astropy.table.SerializedColumn
#         __class__: astropy.coordinates.distances.Distance
#         unit: !astropy.units.Unit {unit: pc}
#         value: !astropy.table.SerializedColumn {name: SkyCoord.distance}
#       frame: icrs
#       obstime: !astropy.time.Time {format: jyear_str, in_subfmt: '*', jd1: 367701545.0, jd2: 0.0, out_subfmt: '*', precision: 3, scale: tt}
#       pm_dec: !astropy.table.SerializedColumn
#         __class__: astropy.units.quantity.Quantity
#         unit: !astropy.units.Unit {unit: mas / yr}
#         value: !astropy.table.SerializedColumn {name: SkyCoord.pm_dec}
#       pm_ra_cosdec: !astropy.table.SerializedColumn
#         __class__: astropy.units.quantity.Quantity
#         unit: !astropy.units.Unit {unit: mas / yr}
#         value: !astropy.table.SerializedColumn {name: SkyCoord.pm_ra_cosdec}
#       ra: !astropy.table.SerializedColumn
#         __class__: astropy.coordinates.angles.Longitude
#         unit: *id001
#         value: !astropy.table.SerializedColumn {name: SkyCoord.ra}
#         wrap_angle: !astropy.coordinates.Angle
#           unit: *id001
#           value: 360.0
#       representation_type: spherical
# schema: astropy-2.0
RA_ICRS_1 DE_ICRS_1 e_RA_ICRS e_DE_ICRS _r_1 HIP TYC2 Source rgeo Plx e_Plx pmRA pmDE e_pmRA e_pmDE RUWE Teff logg Gmag BP-RP BPmag RPmag RV e_RV b_rgeo B_rgeo FG e_FG FBP e_FBP FRP e_FRP RAVE5 RAVE6 e_Gmag e_BPmag e_RPmag e_BP-RP SkyCoord.ra SkyCoord.dec SkyCoord.distance SkyCoord.pm_ra_cosdec SkyCoord.pm_dec rmRA rmDE e_rmRA e_rmDE rRV e_rRV v_pec v_pec3d e_vpec e_vpec3d Pmemb
106.15956869985 -11.52405740185 0.0282 0.0294 7.2017 34133 5389-3067-1 3045838837503121280 1144.21619 0.8456 0.0337 -4.578 1.347 0.035 0.04 1.002 24756.7 3.7638 7.334611 -0.023749 7.30589 7.329639 "" "" 1108.16052 1192.74292 21933231.85927 11809.0 16333000.0 13591.0 9274800.0 6012.4 "" "" 0.0028166484964886563 0.0029327958 0.00384436 0.0067771557 106.15956869985 -11.52405740185 1144.21619 -4.578000000000001 1.347 -0.04566662597656279 -0.2993218927383423 0.20418076 0.20918077 "" "" 1.642182613187806 "" 0.34332843432370835 "" 0.9
105.96871751874 -11.58106480751 0.0159 0.0167 7.0553 "" "" 3046019535366318080 1133.58826 0.8588 0.0199 -4.495 1.606 0.02 0.019 1.025 15156.0 3.7259 9.291764 0.091958 9.309492 9.217534 "" "" 1108.77332 1159.70471 3616105.93583 1278.9 2580000.0 2379.9 1629800.0 526.45 "" "" 0.0027819485273730487 0.0029644743 0.0037956191 0.0067600934 105.96871751874 -11.58106480751 1133.58826 -4.4950000000000045 1.6059999999999994 0.03733337402343739 -0.04032189273834219 0.18918076 0.18818076 "" "" 0.2952643186122002 "" 0.0556995444006602 "" 0.9
105.97674911357 -11.474822824 0.0203 0.0216 3.9572 "" 5389-683-1 3046026785270786304 1085.0061 0.9036 0.0254 -4.707 1.638 0.025 0.024 1.131 16867.8 3.8819 9.399693 0.079065 9.411415 9.33235 "" "" 1055.90918 1111.59521 3273930.82727 1151.0 2348800.0 1956.9 1466300.0 515.01 "" "" 0.0027816343490975177 0.0029331404 0.003798572 0.0067317123 105.97674911357 -11.474822824 1085.0061 -4.707 1.638 -0.17466662597656235 -0.008321892738342385 0.19418077 0.19318077 "" "" 0.8993170278750233 "" 0.1746280428930011 "" 1.0
106.06615752877 -11.401574331 0.0334 0.0363 5.3908 "" 5389-415-1 3046028984293989120 1061.48657 0.9198 0.0412 -4.455 1.595 0.039 0.039 0.998 8553.0 3.1908 9.582082 0.262432 9.500711 9.238278 "" "" 1014.94336 1113.82666 2767669.39404 21074.0 2163400.0 64771.0 1599000.0 40105.0 "" "" 0.00871423873552728 0.03262587 0.027492687 0.060118556 106.06615752877 -11.401574331 1061.48657 -4.455 1.5950000000000002 0.07733337402343743 -0.05132189273834231 0.20818077 0.20818077 "" "" 0.4669872734261784 "" 0.09721777029187409 "" 0.9
106.02257310143 -11.48226731564 0.017 0.0169 1.2342 "" 5389-507-1 3046026372954243200 1141.32483 0.8559 0.02 -4.336 1.699 0.022 0.021 0.893 15835.1 3.9445 10.187674 0.09984 10.212591 10.112751 "" "" 1119.6759 1161.9408 1584446.01686 806.62 1123000.0 783.03 714590.0 232.82 "" "" 0.002810214190072708 0.0028910497 0.0037959006 0.00668695 106.02257310143 -11.48226731564 1141.32483 -4.336 1.699 0.1963333740234372 0.05267810726165778 0.19118077 0.19018076 "" "" 1.0997072817283355 "" 0.21016920882732928 "" 0.9
106.00973950503 -11.42759869158 0.0161 0.0166 4.1287 "" 5389-461-1 3046027541185004416 1088.96558 0.9029 0.0193 -4.462 1.515 0.02 0.02 1.063 14067.3 4.0157 10.632957 0.153869 10.67604 10.522171 "" "" 1070.27661 1115.7124 1051390.67963 882.45 732830.0 1945.7 490110.0 1113.9 "" "" 0.0029021052305645122 0.0040118466 0.004513628 0.008525474 106.00973950503 -11.42759869158 1088.96558 -4.462 1.515 0.07033337402343776 -0.13132189273834238 0.18918076 0.18918076 "" "" 0.7689407881816991 "" 0.14546880391483197 "" 1.0
106.0920974038 -11.65189230259 0.016 0.0186 10.2315 "" 5389-1309-1 3045827498789608832 1080.11975 0.9107 0.021 -4.317 1.533 0.02 0.022 1.143 13174.4 3.9189 10.636687 0.116606 10.667512 10.550906 "" "" 1055.54956 1108.70203 1047783.98437 282.11 738600.0 473.88 477300.0 165.75 "" "" 0.00277078423692306 0.0028758128 0.0037981423 0.0066739554 106.0920974038 -11.65189230259 1080.11975 -4.317 1.533 0.21533337402343733 -0.11332189273834237 0.18918076 0.19118077 "" "" 1.2458017270357264 "" 0.23622434479051235 "" 0.8
105.99499927362 -11.59198453721 0.0171 0.0179 6.8158 "" 5389-737-1 3045831793756916736 905.204407 1.0645 0.021 -4.387 1.586 0.02 0.02 1.083 11903.5 4.194 11.238766 0.312614 11.339161 11.026547 "" "" 885.619568 922.358765 601783.90954 230.39 397880.0 341.79 307990.0 337.37 "" "" 0.002786497781687275 0.0029419272 0.0039620926 0.00690402 105.99499927362 -11.59198453721 905.204407 -4.387 1.5859999999999987 0.14533337402343793 -0.06032189273834221 0.18918076 0.18918076 "" "" 0.6751571713046994 "" 0.12772674785071764 "" 0.9
106.02789727121 -11.43568830797 0.013 0.0133 3.2792 "" 5389-589-1 3046028812495321344 1101.85083 0.8625 0.0154 -4.367 1.707 0.016 0.016 0.956 9991.1 3.8698 11.662469 0.520282 11.840009 11.319727 "" "" 1087.03662 1118.75562 407342.15237 776.36 250850.0 1287.3 235110.0 1602.6 "" "" 0.0034458501662189985 0.0062313094 0.008309963 0.014541272 106.02789727121 -11.43568830797 1101.85083 -4.366999999999996 1.7070000000000005 0.1653333740234375 0.06067810726165779 0.18518077 0.18518077 "" "" 0.9198155359699811 "" 0.17033214771016245 "" 0.9
106.16399322219 -11.45275476272 0.0166 0.0165 7.4514 "" 5389-1089-1 3045840486770502272 1106.94177 0.8504 0.0192 -4.25 1.565 0.021 0.022 1.013 11018.9 4.005 11.677747 0.214559 11.746778 11.532219 "" "" 1086.73853 1133.46411 401650.38976 86.085 273340.0 177.03 193320.0 84.241 "" "" 0.0027651293811419295 0.0028774145 0.0038088802 0.0066862945 106.16399322219 -11.45275476272 1106.94177 -4.25 1.565 0.2823333740234375 -0.08132189273834234 0.19018076 0.19118077 "" "" 1.541602399485449 "" 0.29330150804218114 "" 0.8
106.02501333618 -11.35786334874 0.0114 0.0119 7.9006 "" 5389-815-1 3046032656484579072 1092.19751 0.8732 0.0137 -4.683 1.807 0.015 0.014 1.063 "" "" 11.773185 0.748744 12.052968 11.304224 "" "" 1077.7655 1113.39551 367851.91351 102.01 206170.0 216.4 238490.0 124.08 "" "" 0.002771722143426267 0.0030139275 0.0038213632 0.0068352907 106.02501333618 -11.35786334874 1092.19751 -4.683 1.8070000000000015 -0.15066662597656233 0.16067810726165765 0.18418077 0.18318076 "" "" 1.1403297641163685 "" 0.2094207865593971 "" 1.0
105.91930074028 -11.39205000671 0.0178 0.0189 9.2739 "" 5389-801-1 3046031526914666496 903.476562 1.0548 0.0213 -4.65 1.627 0.022 0.021 1.408 7968.7 3.8137 11.797919 0.544123 11.99241 11.448287 42.71 4.76 885.110718 917.520447 359566.23986 161.67 218000.0 310.39 208850.0 200.32 "" "" 0.0027982322009174653 0.0031897947 0.0039202324 0.007110027 105.91930074028 -11.39205000671 903.476562 -4.650000000000003 1.6270000000000007 -0.11766662597656286 -0.019321892738342283 0.19118077 0.19018076 19.856666666666666 6.986374 0.5106534296680975 19.863231812480638 0.09761373979219334 6.984065233352801 1.0
106.10416535755 -11.48353346215 0.0164 0.0163 3.6314 "" "" 3045840001431515648 1116.93994 0.8435 0.019 -4.285 1.638 0.021 0.021 1.095 "" "" 11.808047 0.371577 11.93815 11.566573 34.5 15.99 1091.75085 1141.1012 356227.81278 103.76 229170.0 212.6 187300.0 70.939 "" "" 0.0027734097389219116 0.0029664063 0.0038016874 0.0067680934 106.10416535755 -11.48353346215 1116.93994 -4.285 1.6380000000000012 0.24733337402343736 -0.008321892738342385 0.19018076 0.19018076 11.646666666666665 18.216373 1.3101969210989417 11.720130563116674 0.2491742509239225 18.102211354298678 0.9
105.98681796507 -11.57825726478 0.0117 0.0119 6.3103 "" "" 3045831896836122880 1116.72253 0.8643 0.0143 -4.554 1.404 0.015 0.014 1.011 "" "" 11.898407 0.948057 12.270974 11.322917 "" "" 1098.65112 1135.67993 327781.04543 97.234 168670.0 171.35 234420.0 92.376 "" "" 0.002774080474951941 0.0030002715 0.003803522 0.006803794 105.98681796507 -11.57825726478 1116.72253 -4.554000000000004 1.4040000000000008 -0.02166662597656277 -0.24232189273834237 0.18418077 0.18318076 "" "" 1.287790975192321 "" 0.2359087765257126 "" 0.8
106.09151590309 -11.37489423267 0.0323 0.035 7.3932 "" 5389-935-1 3046029499690048768 1286.90198 0.7433 0.0404 -4.58 1.966 0.04 0.041 2.536 7685.5 3.8328 11.899455 0.342274 12.014427 11.672153 25.09 16.06 1212.69226 1349.16577 327464.7931 129.32 213620.0 154.17 169940.0 192.75 "" "" 0.0027884823798033057 0.00289811 0.003974952 0.006873062 106.09151590309 -11.37489423267 1286.90198 -4.579999999999999 1.9659999999999995 -0.04766662597656257 0.3196781072616577 0.20918077 0.21018076 2.2366666666666646 18.286373 1.971567762826778 2.9815695901983497 0.4143428290259615 13.720517738031793 1.0
106.1649230912 -11.52833362461 0.0125 0.0134 7.58 "" "" 3045838833201153920 1073.84778 0.8913 0.0153 -4.579 1.678 0.015 0.018 1.066 "" "" 12.019643 0.508393 12.204061 11.695668 "" "" 1058.01123 1094.88293 293149.75938 80.484 179390.0 166.76 166300.0 115.32 "" "" 0.0027713978046751482 0.002967107 0.0038536456 0.0068207528 106.1649230912 -11.52833362461 1073.84778 -4.578999999999993 1.678 -0.04666662597656224 0.03167810726165765 0.18418077 0.18718076 "" "" 0.28709244983107995 "" 0.053150095019818225 "" 1.0
106.06774397603 -11.49995420968 0.0109 0.0108 1.6324 "" 5389-487-1 3046026128134299264 1075.57495 0.8901 0.0124 -4.295 1.646 0.014 0.015 0.982 "" "" 12.068442 0.574969 12.281618 11.706649 25.77 4.57 1061.61938 1090.84436 280265.67706 198.65 167020.0 406.47 164630.0 261.86 "" "" 0.0028607714485730648 0.0038427685 0.0041552554 0.007998024 106.06774397603 -11.49995420968 1075.57495 -4.294999999999994 1.646 0.23733337402343757 -0.0003218927383423775 0.18318076 0.18418077 2.9166666666666643 6.796374 1.2099801160896526 3.157688446597726 0.2216450847061546 6.2781909838062955 1.0
106.07969082691 -11.28696431882 0.0107 0.0123 12.2818 "" "" 3046408487602990848 1110.4187 0.8596 0.0137 -4.527 1.737 0.014 0.016 0.911 7994.7 3.846 12.091521 0.38867 12.225119 11.836449 -48.1 27.18 1094.99524 1128.005 274370.97907 66.871 175940.0 114.67 146080.0 60.781 "" "" 0.002767998114758667 0.002878506 0.0038062853 0.0066847913 106.07969082691 -11.28696431882 1110.4187 -4.527000000000005 1.737 0.005333374023437365 0.09067810726165781 0.18318076 0.18518077 -70.95333333333333 29.406374 0.47809858142496053 70.95494407977975 0.08853138394649336 29.405706430336885 1.0
106.00936011397 -11.42861626745 0.0125 0.0129 4.0855 "" "" 3046027536887737984 1135.74573 0.8433 0.0147 -4.412 1.713 0.016 0.015 1.1 "" "" 12.111448 0.459758 12.260803 11.801045 "" "" 1117.47791 1152.0741 269381.32725 1497.4 170250.0 5256.5 150920.0 2463.3 "" "" 0.006634450215373524 0.033638217 0.018119799 0.051758014 106.00936011397 -11.42861626745 1135.74573 -4.412 1.7129999999999996 0.12033337402343758 0.06667810726165779 0.18518077 0.18418077 "" "" 0.7406105854856769 "" 0.13697321831566384 "" 0.8
105.98181821742 -11.5463646433 0.0173 0.017 4.9865 "" "" 3046025509659011328 1237.1925 0.7975 0.0202 -4.581 1.404 0.021 0.019 1.678 6099.5 3.3579 12.143568 0.997112 12.533198 11.536086 21.76 16.74 1205.05469 1284.4856 261528.77089 96.128 132480.0 127.93 192630.0 373.72 "" "" 0.0027840708346786956 0.0029806525 0.00432675 0.007307403 105.98181821742 -11.5463646433 1237.1925 -4.581 1.4039999999999997 -0.048666625976562905 -0.24232189273834237 0.19018076 0.18818076 -1.0933333333333337 18.966373 1.4494217794279383 1.815544346045513 0.2728662557693442 11.423758153913024 1.0
106.00297566693 -11.40621270389 0.0153 0.0154 5.4545 "" "" 3046032042310723328 1054.98364 0.9173 0.0177 -4.429 2.074 0.019 0.018 1.193 "" "" 12.259292 0.390298 12.395469 12.005171 -15.54 26.18 1033.599 1070.83655 235087.8625 65.18 150390.0 124.7 125050.0 113.36 "" "" 0.0027717156968218915 0.0029318135 0.0039054388 0.0068372525 106.00297566693 -11.40621270389 1054.98364 -4.428999999999995 2.073999999999997 0.10333337402343723 0.42767810726165756 0.18818076 0.18718076 -38.39333333333333 28.406374 2.20019630957253 38.456324684570426 0.41195607623663005 28.359854211192086 1.0
106.1122104497 -11.45733536055 0.0152 0.0144 4.4974 "" 5389-583-1 3046027811761476096 1123.80383 0.8488 0.0172 -4.524 1.825 0.018 0.019 1.11 10122.7 4.1445 12.335074 0.23957 12.415082 12.175512 "" "" 1104.03821 1142.82434 219238.54234 71.144 147700.0 93.366 106890.0 84.948 "" "" 0.00277775512859692 0.0028733425 0.0038766293 0.006749972 106.1122104497 -11.45733536055 1123.80383 -4.524000000000001 1.825 0.008333374023437479 0.17867810726165767 0.18718076 0.18818076 "" "" 0.9528225315832124 "" 0.17930080510731003 "" 0.8
106.16939740339 -11.49389981291 0.0108 0.0113 7.4623 "" "" 3045839039358841600 1116.71777 0.863 0.013 -4.527 1.591 0.013 0.015 0.993 9193.8 4.2422 12.531194 0.509569 12.718057 12.208488 "" "" 1097.13623 1138.97327 183007.69154 58.854 111740.0 124.93 103700.0 70.858 "" "" 0.0027773558905703883 0.0030427945 0.0038515083 0.0068943026 106.16939740339 -11.49389981291 1116.71777 -4.527 1.591 0.005333374023437365 -0.055321892738342315 0.18218076 0.18418077 "" "" 0.294189845756374 "" 0.0541787222442602 "" 1.0
105.9904159738 -11.40553859065 0.0112 0.0116 5.843 "" "" 3046032042310727040 1075.82483 0.9109 0.0136 -4.743 1.957 0.014 0.014 0.97 5967.7 3.5756 12.634892 1.060354 13.078242 12.017888 19.88 7.16 1058.94263 1091.10596 166337.48262 49.0 80190.0 77.51 123600.0 66.672 "" "" 0.002773821523932514 0.0029810055 0.0038244908 0.0068054963 105.9904159738 -11.40553859065 1075.82483 -4.743 1.9569999999999999 -0.21066662597656283 0.3106781072616578 0.18318076 0.18318076 -2.9733333333333363 9.3863735 1.9141564285785682 3.536199364314714 0.35063663761030217 7.894601994400087 1.0
106.24493787098 -11.51844875812 0.012 0.0138 12.0318 "" "" 3045836157443472256 1119.72095 0.8661 0.0155 -4.445 1.615 0.016 0.019 0.985 "" "" 12.824134 0.555103 13.030762 12.475658 "" "" 1101.14673 1137.61865 139731.14568 35.666 83775.0 59.782 81076.0 43.358 "" "" 0.002769222116060351 0.0028957448 0.0038237234 0.006719468 106.24493787098 -11.51844875812 1119.72095 -4.445 1.6149999999999998 0.08733337402343722 -0.031321892738342294 0.18518077 0.18818076 "" "" 0.4924291966910968 "" 0.09135798682713728 "" 0.9
106.16715100795 -11.50929409609 0.0114 0.0119 7.4292 "" "" 3045839009301795840 1101.02954 0.873 0.0131 -4.591 1.483 0.014 0.016 1.081 6162.1 3.716 13.179996 1.10604 13.648762 12.542722 18.79 5.08 1083.05066 1121.20898 100681.23688 40.851 47415.0 69.564 76220.0 70.227 "" "" 0.0027903151688707163 0.0032128543 0.003909535 0.007122389 106.16715100795 -11.50929409609 1101.02954 -4.591 1.4830000000000014 -0.05866662597656269 -0.1633218927383422 0.18318076 0.18518077 -4.063333333333336 7.3063736 0.9056796577396318 4.163043768713125 0.16750843541735513 7.131469340209484 0.9
106.10209723453 -11.25562996811 0.0104 0.0117 14.3983 "" "" 3046409002999041152 1079.32654 0.8851 0.0132 -4.697 1.858 0.013 0.015 1.003 8222.6 4.2879 13.252171 0.486437 13.431911 12.945475 "" "" 1064.35291 1094.89392 94205.88286 33.776 57897.0 51.679 52598.0 26.373 "" "" 0.002782682703468211 0.0029536863 0.0038183888 0.006772075 106.10209723453 -11.25562996811 1079.32654 -4.697 1.858 -0.16466662597656256 0.2116781072616578 0.18218076 0.18418077 "" "" 1.3720320170682319 "" 0.25167089890727307 "" 1.0
106.0491503266 -11.32812488043 0.0194 0.0214 9.6246 "" "" 3046033004383356032 1218.27319 0.7775 0.0238 -4.49 1.627 0.025 0.027 1.668 "" "" 13.854844 1.041539 14.272737 13.231197 "" "" 1177.8092 1256.2312 54076.56398 17.126 26688.0 30.219 40428.0 36.111 "" "" 0.0027766928838171548 0.0030490062 0.0039018248 0.006950831 106.0491503266 -11.32812488043 1218.27319 -4.490000000000003 1.627 0.04233337402343729 -0.019321892738342283 0.19418077 0.19618076 "" "" 0.26871822268179657 "" 0.052272962553604585 "" 0.9
106.04692319055 -11.27991483683 0.0536 0.0595 12.512 "" "" 3046409209157758592 969.47699 0.9973 0.0632 -4.935 2.07 0.07 0.083 3.886 "" "" 14.042432 1.538567 14.737799 13.199232 32.36 5.29 908.148315 1034.21094 45496.08421 31.731 17390.0 55.768 41636.0 95.425 "" "" 0.002857481968009217 0.0044618733 0.004525018 0.008986891 106.04692319055 -11.27991483683 969.47699 -4.934999999999998 2.07 -0.4026666259765621 0.42367810726165755 0.23918077 0.25218076 9.506666666666664 7.5163736 2.6859780582979162 9.878825296601256 0.6610104295459415 7.235446580439854 1.0
