Clusters/vdBergh_92/vdBergh_92_stars_in_region.tsv
# %ECSV 1.0
# ---
# datatype:
# - name: RA_ICRS_1
#   unit: deg
#   datatype: float64
#   format: '{:15.11f}'
#   description: Right ascension (ICRS) at Ep=2016.0 (ra)
#   meta: !!omap
#   - {ucd: POS_EQ_RA_MAIN}
#   - {width: 15}
#   - {precision: '11'}
# - name: DE_ICRS_1
#   unit: deg
#   datatype: float64
#   format: '{:15.11f}'
#   description: Declination (ICRS) at Ep=2016.0 (dec)
#   meta: !!omap
#   - {ucd: POS_EQ_DEC_MAIN}
#   - {width: 15}
#   - {precision: '11'}
# - name: e_RA_ICRS
#   unit: mas
#   datatype: float64
#   format: '{:7.4f}'
#   description: Standard error of right ascension (ra_error)
#   meta: !!omap
#   - {ucd: ERROR}
#   - {width: 7}
#   - {precision: '4'}
# - name: e_DE_ICRS
#   unit: mas
#   datatype: float64
#   format: '{:7.4f}'
#   description: Standard error of declination (dec_error)
#   meta: !!omap
#   - {ucd: ERROR}
#   - {width: 7}
#   - {precision: '4'}
# - name: _r_1
#   unit: ''
#   datatype: float64
#   format: '{:7.4f}'
#   description: Distance from center (106.04260618000-11.48840601000)[ICRS], at Epoch=J2016.0
#   meta: !!omap
#   - {ucd: POS_ANG_DIST_GENERAL}
#   - {width: 7}
#   - {precision: '4'}
# - name: HIP
#   datatype: int32
#   description: '? HIP cross-id number, van Leeuwen, Cat. I/311 (hip_original_ext_source_id)'
#   meta: !!omap
#   - {ucd: ID_NUMBER}
#   - {width: 6}
#   - values: {'null': -2147483648}
# - name: TYC2
#   datatype: string
#   description: Tycho-2 cross-id name, Hog et al., Cat. I/259 (tyc2_original_ext_source_id)
#   meta: !!omap
#   - {ucd: ID_CROSSID}
#   - {_votable_string_dtype: char}
# - name: Source
#   datatype: int64
#   description: Source identifier, identical to the Gaia-EDR3 source_id (id)
#   meta: !!omap
#   - {ucd: ID_MAIN}
#   - {width: 19}
# - name: rgeo
#   unit: pc
#   datatype: float64
#   format: '{:15.8f}'
#   description: '? Median of the geometric distance posterior (r_med_geo)'
#   meta: !!omap
#   - {ucd: PHYS_DISTANCE_TRUE}
#   - {width: 15}
#   - {precision: '8'}
#   - values: {'null': .nan}
# - name: Plx
#   unit: mas
#   datatype: float64
#   format: '{:9.4f}'
#   description: '? Parallax (parallax)'
#   meta: !!omap
#   - {ucd: POS_PARLX_TRIG}
#   - {width: 9}
#   - {precision: '4'}
#   - values: {'null': .nan}
# - name: e_Plx
#   unit: mas
#   datatype: float32
#   format: '{:7.4f}'
#   description: '? Standard error of parallax (parallax_error)'
#   meta: !!omap
#   - {ucd: ERROR}
#   - {width: 7}
#   - {precision: '4'}
#   - values: {'null': .nan}
# - name: pmRA
#   unit: mas / yr
#   datatype: float64
#   format: '{:9.3f}'
#   description: '? Proper motion in right ascension direction, pmRA*cosDE (pmra)'
#   meta: !!omap
#   - {ucd: POS_EQ_PMRA}
#   - {width: 9}
#   - {precision: '3'}
#   - values: {'null': .nan}
# - name: pmDE
#   unit: mas / yr
#   datatype: float64
#   format: '{:9.3f}'
#   description: '? Proper motion in declination direction (pmdec)'
#   meta: !!omap
#   - {ucd: POS_EQ_PMDEC}
#   - {width: 9}
#   - {precision: '3'}
#   - values: {'null': .nan}
# - name: e_pmRA
#   unit: mas / yr
#   datatype: float32
#   format: '{:6.3f}'
#   description: '? Standard error of proper motion in right ascension direction (pmra_error)'
#   meta: !!omap
#   - {ucd: ERROR}
#   - {width: 6}
#   - {precision: '3'}
#   - values: {'null': .nan}
# - name: e_pmDE
[...]
#         value: !astropy.table.SerializedColumn {name: SkyCoord.dec}
#       distance: !astropy.table.SerializedColumn
#         __class__: astropy.coordinates.distances.Distance
#         unit: !astropy.units.Unit {unit: pc}
#         value: !astropy.table.SerializedColumn {name: SkyCoord.distance}
#       frame: icrs
#       obstime: !astropy.time.Time {format: jyear_str, in_subfmt: '*', jd1: 367701545.0, jd2: 0.0, out_subfmt: '*', precision: 3, scale: tt}
#       pm_dec: !astropy.table.SerializedColumn
#         __class__: astropy.units.quantity.Quantity
#         unit: !astropy.units.Unit {unit: mas / yr}
#         value: !astropy.table.SerializedColumn {name: SkyCoord.pm_dec}
#       pm_ra_cosdec: !astropy.table.SerializedColumn
#         __class__: astropy.units.quantity.Quantity
#         unit: !astropy.units.Unit {unit: mas / yr}
#         value: !astropy.table.SerializedColumn {name: SkyCoord.pm_ra_cosdec}
#       ra: !astropy.table.SerializedColumn
#         __class__: astropy.coordinates.angles.Longitude
#         unit: *id001
#         value: !astropy.table.SerializedColumn {name: SkyCoord.ra}
#         wrap_angle: !astropy.coordinates.Angle
#           unit: *id001
#           value: 360.0
#       representation_type: spherical
# schema: astropy-2.0
RA_ICRS_1 DE_ICRS_1 e_RA_ICRS e_DE_ICRS _r_1 HIP TYC2 Source rgeo Plx e_Plx pmRA pmDE e_pmRA e_pmDE RUWE Teff logg Gmag BP-RP BPmag RPmag RV e_RV b_rgeo B_rgeo FG e_FG FBP e_FBP FRP e_FRP RAVE5 RAVE6 e_Gmag e_BPmag e_RPmag e_BP-RP SkyCoord.ra SkyCoord.dec SkyCoord.distance SkyCoord.pm_ra_cosdec SkyCoord.pm_dec rmRA rmDE e_rmRA e_rmDE rRV e_rRV v_pec v_pec3d e_vpec e_vpec3d
[from data line 781]
105.81591133371 -10.983203063 0.0292 0.0293 33.1181 "" "" 3046476107567699328 1155.92712 0.8237 0.0334 -0.29 2.059 0.035 0.032 0.98 5130.1 3.6873 15.5162 1.857984 16.431423 14.573439 "" "" 1109.33142 1202.00659 11707.56823 5.8166 3654.7 16.193 11743.0 17.127 "" "" 0.002807625866707509 0.0055612037 0.0040977183 0.0096589215 105.81591133371 -10.983203063 1155.92712 -0.28999999999999976 2.0589999999999975 4.2423333740234375 0.4126781072616579 0.20418076 0.20118077 "" "" 23.353862454812408 "" 4.767757463417756 ""
105.97755887236 -11.81474200373 0.0239 0.0259 19.9498 "" "" 3045823616139381760 1069.92175 0.8926 0.0286 6.264 -2.234 0.029 0.029 0.91 5117.7 4.3914 15.517454 1.06919 15.97027 14.90108 "" "" 1039.30078 1110.68042 11694.05813 4.0364 5588.7 12.835 8684.1 11.782 "" "" 0.0027806895675276306 0.0037420036 0.0040563056 0.0077983094 105.97755887236 -11.81474200373 1069.92175 6.264 -2.2340000000000027 10.796333374023437 -3.8803218927383423 0.19818076 0.19818076 "" "" 58.181850068630695 "" 11.530523550687235 ""
106.06673955894 -11.43610987062 0.0634 0.0618 3.4438 "" "" 3046028125300891776 1253.85571 0.7639 0.0725 -4.361 1.389 0.08 0.082 2.296 "" "" 15.521923 1.848057 16.360697 14.51264 "" "" 1160.09619 1379.82922 11646.02436 157.76 3900.7 164.78 12419.0 386.97 "" "" 0.014963521474099585 0.045950305 0.034041457 0.07999176 106.06673955894 -11.43610987062 1253.85571 -4.361 1.3889999999999998 0.17133337402343773 -0.2573218927383423 0.24918076 0.25118077 "" "" 1.837324952315256 "" 0.46037510807886944 ""
105.71870854463 -11.12384718955 0.0271 0.0278 29.0105 "" "" 3046098494044086144 1008.48083 0.9548 0.032 0.963 4.473 0.034 0.032 1.057 5475.7 4.6058 15.522621 1.104375 15.990778 14.886403 "" "" 978.576538 1044.85535 11638.53468 4.5693 5484.1 19.238 8802.3 14.331 "" "" 0.002788097543151089 0.0047213756 0.0041723414 0.008893717 105.71870854463 -11.12384718955 1008.48083 0.9629999999999996 4.473000000000005 5.495333374023438 2.8266781072616576 0.20318076 0.20118077 "" "" 29.54023755731341 "" 5.989694994896166 ""
105.83288144475 -12.03051585048 0.0343 0.0376 34.7814 "" "" 3045784995793640192 1029.61426 0.9435 0.0436 1.082 -2.973 0.044 0.042 1.035 5243.3 4.6334 15.52361 1.045376 15.961395 14.916019 "" "" 988.527588 1067.00989 11627.93488 5.239 5634.5 19.13 8565.5 19.97 "" "" 0.0027984081204203027 0.0046231407 0.0045487783 0.009171919 105.83288144475 -12.03051585048 1029.61426 1.0819999999999987 -2.9729999999999985 5.614333374023437 -4.619321892738342 0.21318077 0.21118076 "" "" 35.48230659608039 "" 7.5355785799296315 ""
106.46625150475 -11.63866880138 0.027 0.0274 26.4846 "" "" 3046193979759529344 1170.01477 0.8211 0.0319 2.436 -6.017 0.034 0.032 1.052 5118.1 4.3789 15.526155 1.216259 16.05832 14.84206 "" "" 1133.93738 1203.4884 11600.70771 4.4895 5153.3 10.031 9169.3 16.582 "" "" 0.002787174663564209 0.0035002197 0.004258985 0.007759205 106.46625150475 -11.63866880138 1170.01477 2.436 -6.017 6.968333374023437 -7.663321892738343 0.20318076 0.20118077 "" "" 57.443052973906525 "" 11.60857661509214 ""
106.00429123288 -11.05227605494 0.0313 0.0339 26.2647 "" "" 3046428313171940608 1103.74219 0.8646 0.0405 -2.968 1.082 0.039 0.049 1.223 "" "" 15.527939 1.952021 16.482853 14.530832 "" "" 1060.10022 1154.25452 11581.67255 6.8842 3485.6 14.286 12213.0 18.346 "" "" 0.002829891778064978 0.005252362 0.0041162795 0.009368641 106.00429123288 -11.05227605494 1103.74219 -2.968000000000002 1.0820000000000003 1.5643333740234375 -0.5643218927383422 0.20818077 0.21818076 "" "" 8.700426041223809 "" 1.8214916742657754 ""
105.79123481385 -11.27076976619 0.4914 0.5294 19.7265 "" "" 3046048122668289152 979.780762 2.1134 0.5728 -8.023 6.68 0.632 0.63 22.868 4876.9 4.349 15.528157 1.429076 16.050234 14.621158 "" "" 545.712158 1445.58533 11579.34164 61.24 5191.9 35.578 11238.0 34.351 "" "" 0.006369006530261877 0.007946089 0.0050296956 0.012975784 105.79123481385 -11.27076976619 979.780762 -8.023 6.6799999999999935 -3.490666625976562 5.033678107261657 0.8011808 0.79918075 "" "" 28.448155251738026 "" 22.753709815632476 ""
105.46075722403 -11.27795026046 0.0283 0.0292 36.4794 "" "" 3046089148195449472 991.343506 0.9648 0.0347 -4.017 1.936 0.035 0.032 0.97 5645.3 4.4111 15.528707 1.376706 16.142817 14.76611 "" "" 960.049316 1029.46301 11573.48896 29.191 4767.5 51.842 9833.6 66.308 "" "" 0.0038847189239697884 0.012131559 0.008239088 0.020370647 105.46075722403 -11.27795026046 991.343506 -4.017 1.935999999999999 0.5153333740234372 0.28967810726165766 0.20418076 0.20118077 "" "" 2.7778887369027863 "" 0.5652016751345978 ""
105.65356067695 -11.02401194144 0.026 0.029 36.0625 "" "" 3046104060321674240 977.43689 0.9825 0.0328 -0.854 6.452 0.032 0.032 0.967 5635.3 4.5629 15.528926 1.065598 15.972677 14.907079 "" "" 950.812134 1008.06561 11571.14484 4.4942 5576.3 12.69 8636.3 17.863 "" "" 0.00278740339043415 0.003726924 0.0043962346 0.0081231585 105.65356067695 -11.02401194144 977.43689 -0.8540000000000003 6.451999999999993 3.6783333740234374 4.805678107261658 0.20118077 0.20118077 "" "" 28.038448477181596 "" 5.640796682093426 ""
106.55504756592 -11.13742607166 0.0295 0.0319 36.7755 "" "" 3046250913845749504 1014.26495 0.9474 0.0347 -8.465 9.808 0.036 0.037 1.008 5059.0 4.4763 15.529689 1.153181 16.02385 14.870668 "" "" 977.447571 1052.10779 11563.02005 4.9489 5319.6 12.674 8930.8 13.279 "" "" 0.002794230592739229 0.0038047947 0.004109729 0.007914524 106.55504756592 -11.13742607166 1014.26495 -8.465 9.808 -3.9326666259765624 8.161678107261658 0.20518076 0.20618077 "" "" 43.55574110221594 "" 8.972165150055622 ""
105.84620193308 -11.68370103935 0.0262 0.0283 16.4491 "" "" 3046016820946760448 1101.55774 0.8765 0.0321 2.31 -0.033 0.032 0.031 1.067 5560.8 4.3751 15.534149 1.099188 16.00163 14.902443 "" "" 1067.2782 1134.19922 11515.61731 4.3293 5429.6 14.714 8673.2 19.22 "" "" 0.0027853909332707827 0.0040548965 0.0044802492 0.008535146 105.84620193308 -11.68370103935 1101.55774 2.31 -0.033000000000000154 6.842333374023438 -1.6793218927383422 0.20118077 0.20018077 "" "" 36.78673176381585 "" 7.398697947157583 ""
106.02738851322 -11.30965321133 0.027 0.0306 10.7625 "" "" 3046033829017076352 1116.69604 0.8561 0.0341 -4.881 1.628 0.036 0.04 1.057 4821.1 4.1192 15.536463 1.798742 16.423851 14.625109 "" "" 1068.22778 1162.56812 11491.10577 98.187 3680.2 122.79 11197.0 298.8 "" "" 0.009677708569701767 0.03633292 0.029219104 0.065552026 106.02738851322 -11.30965321133 1116.69604 -4.881000000000002 1.628 -0.3486666259765627 -0.018321892738342394 0.20518076 0.20918077 "" "" 1.848087322667312 "" 0.3792125236606322 ""
105.55923253273 -11.11147823748 0.031 0.0319 36.3361 "" "" 3046101105384259584 1316.35193 0.7223 0.0376 2.192 -2.713 0.039 0.036 1.213 "" "" 15.5371 1.41473 16.165344 14.750614 "" "" 1251.71484 1380.88013 11484.36069 5.8891 4669.6 16.429 9975.0 16.149 "" "" 0.0028110084975032914 0.0047304267 0.0041681426 0.008898569 105.55923253273 -11.11147823748 1316.35193 2.192 -2.713 6.724333374023438 -4.359321892738342 0.20818077 0.20518076 "" "" 50.00191978681994 "" 10.365275464227985 ""
105.58698545711 -11.45490146816 0.0284 0.0304 26.8664 "" "" 3046038811179305984 898.928833 1.0681 0.034 -2.292 -5.284 0.035 0.034 1.03 5048.4 4.5003 15.539162 1.111688 16.016182 14.904494 "" "" 873.067078 928.637085 11462.57288 4.7748 5357.3 18.771 8656.9 13.251 "" "" 0.002792192175800196 0.004717748 0.004128645 0.008846393 105.58698545711 -11.45490146816 898.928833 -2.292 -5.2839999999999945 2.2403333740234377 -6.930321892738342 0.20418076 0.20318076 "" "" 31.034162001811872 "" 6.30848741792962 ""
106.09667931814 -11.4551650843 0.0489 0.0487 3.7533 "" "" 3046027846121937792 1273.96582 0.75 0.0536 -4.723 1.255 0.064 0.066 1.715 "" "" 15.543032 1.860042 16.416328 14.556287 "" "" 1184.2002 1369.38843 11421.7885 25.657 3705.8 28.441 11930.0 92.506 "" "" 0.0036796845990477917 0.008787457 0.009228275 0.018015731 106.09667931814 -11.4551650843 1273.96582 -4.722999999999999 1.2550000000000006 -0.19066662597656236 -0.3913218927383424 0.23318076 0.23518077 "" "" 2.628605143957485 "" 0.61719222227522 ""
105.87704931282 -11.20435053961 0.0244 0.0254 19.6298 "" "" 3046050218612281728 1126.43188 0.85 0.029 -0.604 -3.687 0.031 0.03 0.985 8183.5 4.2772 15.5453 1.464665 16.207659 14.742994 "" "" 1095.27917 1166.81982 11397.95086 4.4023 4491.1 19.76 10045.0 14.986 "" "" 0.0027870493753461155 0.0055321897 0.0041118683 0.009644058 105.87704931282 -11.20435053961 1126.43188 -0.6039999999999996 -3.6869999999999967 3.9283333740234374 -5.333321892738342 0.20018077 0.19918077 "" "" 35.366933840749816 "" 7.056872249231521 ""
106.084875331 -11.43153554766 0.0302 0.0288 4.2215 "" "" 3046028155359678848 1045.62683 0.926 0.0336 -2.256 0.687 0.04 0.04 1.013 5862.5 4.1621 15.550935 1.07645 16.008017 14.931566 "" "" 1005.41833 1081.30383 11338.94706 7.8828 5397.7 21.252 8443.7 16.235 "" "" 0.0028568361875922015 0.0051047946 0.0043176073 0.009422402 106.084875331 -11.43153554766 1045.62683 -2.256 0.6869999999999994 2.2763333740234377 -0.9593218927383422 0.20918077 0.20918077 "" "" 12.243085472015002 "" 2.5610180744265296 ""
106.24297311459 -12.06289464292 0.0306 0.0328 36.4231 "" "" 3045757469343271168 1284.91016 0.7464 0.0354 -0.559 -2.358 0.038 0.042 1.146 5318.7 4.3403 15.556725 1.087118 16.01507 14.927952 "" "" 1238.96045 1334.84692 11278.64485 4.9375 5362.8 21.379 8471.8 16.975 "" "" 0.0027960161715175243 0.0051497053 0.0043607927 0.0095104985 106.24297311459 -12.06289464292 1284.91016 -0.5590000000000003 -2.358 3.9733333740234373 -4.004321892738343 0.20718077 0.21118076 "" "" 34.35695364563739 "" 7.187676096983673 ""
106.16927334594 -11.23956502143 0.0279 0.0302 16.6864 "" "" 3046410377389485696 1225.76318 0.7844 0.0347 2.222 7.098 0.036 0.039 0.991 5601.1 4.464 15.55715 1.074292 16.010544 14.936252 "" "" 1174.80811 1286.14209 11274.22618 5.3245 5385.2 13.836 8407.3 18.971 "" "" 0.0028026264352192486 0.003945453 0.0045039984 0.008449452 106.16927334594 -11.23956502143 1225.76318 2.221999999999999 7.098 6.754333374023437 5.451678107261658 0.20518076 0.20818077 "" "" 50.43162337895015 "" 10.407544538987375 ""
105.96901586542 -11.83366637416 0.0313 0.033 21.1621 "" "" 3045823478700448128 961.856445 0.9995 0.0356 4.137 -5.095 0.042 0.039 1.108 5268.7 4.5598 15.563849 1.020083 15.991587 14.971504 "" "" 933.601257 1010.34216 11204.88496 4.6385 5480.0 14.353 8138.7 22.954 "" "" 0.002791739040687597 0.00398394 0.0048642103 0.00884815 105.96901586542 -11.83366637416 961.856445 4.137 -5.095000000000005 8.669333374023438 -6.741321892738342 0.21118076 0.20818077 "" "" 50.06880521801137 "" 10.517219816601136 ""
105.85303604541 -11.56024926876 0.0282 0.027 11.9495 "" "" 3046020256920558720 896.244568 1.0705 0.0312 0.027 -1.085 0.034 0.031 0.968 4966.6 4.4675 15.564639 1.098011 16.024317 14.926306 "" "" 867.594299 926.514709 11196.72353 8.304 5317.3 30.985 8484.7 27.157 "" "" 0.0028705725855645 0.0069147344 0.005134216 0.01204895 105.85303604541 -11.56024926876 896.244568 0.02699999999999996 -1.0850000000000009 4.559333374023438 -2.7313218927383422 0.20318076 0.20018077 "" "" 22.578545622771465 "" 4.569734897520967 ""
106.42712827048 -11.8109763822 0.0281 0.0278 29.7517 "" "" 3045768090801896064 931.484924 1.0409 0.0321 -4.293 -6.676 0.035 0.034 0.925 5442.2 4.5995 15.56708 1.039582 15.999895 14.960313 "" "" 901.297913 956.441467 11171.58585 4.1547 5438.2 11.771 8223.1 15.477 "" "" 0.0027847497060400814 0.0036480022 0.0042964676 0.00794447 106.42712827048 -11.8109763822 931.484924 -4.293 -6.676 0.23933337402343735 -8.322321892738342 0.20418076 0.20318076 "" "" 36.76022771315984 "" 7.46900146104821 ""
105.98712043394 -11.01471016499 0.0288 0.0297 28.6087 "" "" 3046429584482254464 1203.34937 0.796 0.0355 -3.103 0.789 0.037 0.042 0.967 "" "" 15.56866 1.608882 16.30982 14.700938 "" "" 1148.97473 1251.37476 11155.34226 5.4681 4087.8 20.647 10442.0 17.809 "" "" 0.0028062484100809934 0.0061529255 0.004208642 0.010361567 105.98712043394 -11.01471016499 1203.34937 -3.103 0.789 1.4293333740234373 -0.8573218927383423 0.20618077 0.21118076 "" "" 9.506831242405884 "" 1.9728137368028629 ""
105.91958634087 -10.96100740099 0.0281 0.0282 32.4616 "" "" 3046477138360154624 1243.53271 0.7594 0.0334 -0.071 -3.999 0.039 0.041 0.962 5520.5 4.4435 15.570564 1.137895 16.05398 14.916085 "" "" 1203.70398 1295.04919 11135.78987 4.2774 5174.0 14.456 8564.9 17.239 "" "" 0.0027867034491094473 0.00412156 0.0043656994 0.00848726 105.91958634087 -10.96100740099 1243.53271 -0.0710000000000002 -3.9990000000000006 4.461333374023438 -5.645321892738343 0.20818077 0.21018076 "" "" 42.411913765563135 "" 8.88165489060118 ""
105.78999753091 -11.06910420471 0.0309 0.0306 29.2209 "" "" 3046474389581180544 1223.69519 0.7819 0.0343 -2.103 5.28 0.038 0.036 1.061 5626.9 4.4574 15.572362 1.190271 16.085045 14.894773 "" "" 1175.177 1277.35107 11117.36488 4.8264 5028.0 15.485 8734.7 19.206 "" "" 0.0027953465790293507 0.004355002 0.004470245 0.008825247 105.78999753091 -11.06910420471 1223.69519 -2.1030000000000006 5.279999999999999 2.4293333740234373 3.633678107261658 0.20718077 0.20518076 "" "" 25.35293637891353 "" 5.2176506430490335 ""
105.75324948925 -11.40175372485 0.033 0.0345 17.7927 "" "" 3046037368070239872 1017.82886 0.9463 0.0394 -0.79 -0.123 0.04 0.04 1.273 5353.6 4.5639 15.581326 1.079812 16.032663 14.952851 "" "" 979.006348 1059.14978 11025.96314 6.0122 5276.6 16.016 8279.8 19.299 "" "" 0.0028182059581950444 0.004318045 0.00454842 0.008866465 105.75324948925 -11.40175372485 1017.82886 -0.79 -0.123 3.7423333740234375 -1.7693218927383423 0.20918077 0.20918077 "" "" 19.971111732980532 "" 4.177572576085026 ""
106.27275509686 -11.34868243078 0.0309 0.0306 15.9215 "" "" 3046218134655509504 1136.69971 0.8383 0.0358 -0.469 -0.399 0.036 0.035 0.888 5570.3 4.5177 15.582566 1.098887 16.046 14.947113 "" "" 1091.67017 1179.20752 11013.37446 10.299 5212.2 27.179 8323.6 25.224 "" "" 0.00293643408130765 0.0063117663 0.0050109266 0.011322693 106.27275509686 -11.34868243078 1136.69971 -0.4689999999999999 -0.399 4.063333374023437 -2.0453218927383423 0.20518076 0.20418076 "" "" 24.510181120180576 "" 5.02407253867503 ""
106.29076694157 -11.62819529429 0.0315 0.0341 16.827 "" "" 3045822516627401472 1059.75818 0.9062 0.0381 -1.063 -1.038 0.039 0.046 1.278 5043.4 4.4304 15.586206 1.130037 16.054613 14.924576 "" "" 1026.47888 1098.38428 10976.51631 8.9992 5171.0 15.177 8498.2 12.866 "" "" 0.0028955410836398175 0.0042355456 0.0041213715 0.008356918 106.29076694157 -11.62819529429 1059.75818 -1.063 -1.038 3.4693333740234378 -2.6843218927383425 0.20818077 0.21518077 "" "" 22.034775127970534 "" 4.645576518429387 ""
105.60657174591 -11.87100541821 0.0264 0.0294 34.4002 "" "" 3045984419713602432 1250.50415 0.7559 0.0324 -3.973 -1.459 0.033 0.033 0.934 5454.5 4.4711 15.586951 1.10991 16.06114 14.95123 "" "" 1207.30444 1302.54529 10968.98008 4.1335 5140.0 9.3456 8292.1 14.209 "" "" 0.002785531922814498 0.0034179094 0.0042124917 0.0076304013 105.60657174591 -11.87100541821 1250.50415 -3.973000000000001 -1.4590000000000005 0.5593333740234376 -3.1053218927383424 0.20218077 0.20218077 "" "" 18.702654861381866 "" 3.7813172173965315 ""
105.88402404045 -11.27834881296 0.0267 0.0292 15.6797 "" "" 3046046473400823424 1130.42627 0.8471 0.0329 -2.534 5.343 0.033 0.034 0.977 4754.3 4.26 15.590882 1.1782 16.095388 14.917189 "" "" 1085.33276 1167.4541 10929.33363 4.4233 4980.4 14.42 8556.2 12.987 "" "" 0.0027901392123656555 0.004203235 0.0041230535 0.008326288 105.88402404045 -11.27834881296 1130.42627 -2.534 5.343000000000002 1.9983333740234377 3.6966781072616577 0.20218077 0.20318076 "" "" 22.516493076267604 "" 4.569836093719611 ""
