Clusters/vdBergh_92/vdBergh_92_stars_in_region.tsv
# %ECSV 1.0
# ---
# datatype:
# - name: RA_ICRS_1
#   unit: deg
#   datatype: float64
#   format: '{:15.11f}'
#   description: Right ascension (ICRS) at Ep=2016.0 (ra)
#   meta: !!omap
#   - {ucd: POS_EQ_RA_MAIN}
#   - {width: 15}
#   - {precision: '11'}
# - name: DE_ICRS_1
#   unit: deg
#   datatype: float64
#   format: '{:15.11f}'
#   description: Declination (ICRS) at Ep=2016.0 (dec)
#   meta: !!omap
#   - {ucd: POS_EQ_DEC_MAIN}
#   - {width: 15}
#   - {precision: '11'}
# - name: e_RA_ICRS
#   unit: mas
#   datatype: float64
#   format: '{:7.4f}'
#   description: Standard error of right ascension (ra_error)
#   meta: !!omap
#   - {ucd: ERROR}
#   - {width: 7}
#   - {precision: '4'}
# - name: e_DE_ICRS
#   unit: mas
#   datatype: float64
#   format: '{:7.4f}'
#   description: Standard error of declination (dec_error)
#   meta: !!omap
#   - {ucd: ERROR}
#   - {width: 7}
#   - {precision: '4'}
# - name: _r_1
#   unit: ''
#   datatype: float64
#   format: '{:7.4f}'
#   description: Distance from center (106.04260618000-11.48840601000)[ICRS], at Epoch=J2016.0
#   meta: !!omap
#   - {ucd: POS_ANG_DIST_GENERAL}
#   - {width: 7}
#   - {precision: '4'}
# - name: HIP
#   datatype: int32
#   description: '? HIP cross-id number, van Leeuwen, Cat. I/311 (hip_original_ext_source_id)'
#   meta: !!omap
#   - {ucd: ID_NUMBER}
#   - {width: 6}
#   - values: {'null': -2147483648}
# - name: TYC2
#   datatype: string
#   description: Tycho-2 cross-id name, Hog et al., Cat. I/259 (tyc2_original_ext_source_id)
#   meta: !!omap
#   - {ucd: ID_CROSSID}
#   - {_votable_string_dtype: char}
# - name: Source
#   datatype: int64
#   description: Source identifier, identical to the Gaia-EDR3 source_id (id)
#   meta: !!omap
#   - {ucd: ID_MAIN}
#   - {width: 19}
# - name: rgeo
#   unit: pc
#   datatype: float64
#   format: '{:15.8f}'
#   description: '? Median of the geometric distance posterior (r_med_geo)'
#   meta: !!omap
#   - {ucd: PHYS_DISTANCE_TRUE}
#   - {width: 15}
#   - {precision: '8'}
#   - values: {'null': .nan}
# - name: Plx
#   unit: mas
#   datatype: float64
#   format: '{:9.4f}'
#   description: '? Parallax (parallax)'
#   meta: !!omap
#   - {ucd: POS_PARLX_TRIG}
#   - {width: 9}
#   - {precision: '4'}
#   - values: {'null': .nan}
# - name: e_Plx
#   unit: mas
#   datatype: float32
#   format: '{:7.4f}'
#   description: '? Standard error of parallax (parallax_error)'
#   meta: !!omap
#   - {ucd: ERROR}
#   - {width: 7}
#   - {precision: '4'}
#   - values: {'null': .nan}
# - name: pmRA
#   unit: mas / yr
#   datatype: float64
#   format: '{:9.3f}'
#   description: '? Proper motion in right ascension direction, pmRA*cosDE (pmra)'
#   meta: !!omap
#   - {ucd: POS_EQ_PMRA}
#   - {width: 9}
#   - {precision: '3'}
#   - values: {'null': .nan}
# - name: pmDE
#   unit: mas / yr
#   datatype: float64
#   format: '{:9.3f}'
#   description: '? Proper motion in declination direction (pmdec)'
#   meta: !!omap
#   - {ucd: POS_EQ_PMDEC}
#   - {width: 9}
#   - {precision: '3'}
#   - values: {'null': .nan}
# - name: e_pmRA
#   unit: mas / yr
#   datatype: float32
#   format: '{:6.3f}'
#   description: '? Standard error of proper motion in right ascension direction (pmra_error)'
#   meta: !!omap
#   - {ucd: ERROR}
#   - {width: 6}
#   - {precision: '3'}
#   - values: {'null': .nan}
# - name: e_pmDE
[...]
#         value: !astropy.table.SerializedColumn {name: SkyCoord.dec}
#       distance: !astropy.table.SerializedColumn
#         __class__: astropy.coordinates.distances.Distance
#         unit: !astropy.units.Unit {unit: pc}
#         value: !astropy.table.SerializedColumn {name: SkyCoord.distance}
#       frame: icrs
#       obstime: !astropy.time.Time {format: jyear_str, in_subfmt: '*', jd1: 367701545.0, jd2: 0.0, out_subfmt: '*', precision: 3, scale: tt}
#       pm_dec: !astropy.table.SerializedColumn
#         __class__: astropy.units.quantity.Quantity
#         unit: !astropy.units.Unit {unit: mas / yr}
#         value: !astropy.table.SerializedColumn {name: SkyCoord.pm_dec}
#       pm_ra_cosdec: !astropy.table.SerializedColumn
#         __class__: astropy.units.quantity.Quantity
#         unit: !astropy.units.Unit {unit: mas / yr}
#         value: !astropy.table.SerializedColumn {name: SkyCoord.pm_ra_cosdec}
#       ra: !astropy.table.SerializedColumn
#         __class__: astropy.coordinates.angles.Longitude
#         unit: *id001
#         value: !astropy.table.SerializedColumn {name: SkyCoord.ra}
#         wrap_angle: !astropy.coordinates.Angle
#           unit: *id001
#           value: 360.0
#       representation_type: spherical
# schema: astropy-2.0
RA_ICRS_1 DE_ICRS_1 e_RA_ICRS e_DE_ICRS _r_1 HIP TYC2 Source rgeo Plx e_Plx pmRA pmDE e_pmRA e_pmDE RUWE Teff logg Gmag BP-RP BPmag RPmag RV e_RV b_rgeo B_rgeo FG e_FG FBP e_FBP FRP e_FRP RAVE5 RAVE6 e_Gmag e_BPmag e_RPmag e_BP-RP SkyCoord.ra SkyCoord.dec SkyCoord.distance SkyCoord.pm_ra_cosdec SkyCoord.pm_dec rmRA rmDE e_rmRA e_rmDE rRV e_rRV v_pec v_pec3d e_vpec e_vpec3d
[from data line 529]
105.78069415941 -11.14514000742 0.0248 0.026 25.7223 "" "" 3046098562764169088 1017.64996 0.9511 0.0295 -0.978 3.062 0.031 0.03 1.326 5750.7 4.3054 14.784327 1.081065 15.240509 14.159444 -23.51 9.26 989.335938 1039.81824 22972.92049 5.8246 10945.0 22.422 17194.0 13.123 "" "" 0.0027690374362798024 0.0035682376 0.0038691624 0.0074374 105.78069415941 -11.14514000742 1017.64996 -0.9780000000000002 3.061999999999997 3.5543333740234377 1.4156781072616575 0.20018077 0.19918077 -46.36333333333334 11.486374 18.454793101625732 49.90128321197353 3.691773305438461 10.758982448244936
105.5717896787 -11.55574733307 0.0214 0.0245 27.9731 "" "" 3046010979791262976 1159.61768 0.8312 0.0282 0.486 3.265 0.029 0.028 1.107 7970.8 4.058 14.784753 1.379735 15.390337 14.010602 34.05 18.62 1123.13354 1197.20496 22963.89164 10.425 9534.2 22.482 19720.0 33.534 "" "" 0.002799059739726388 0.0037867802 0.0042062523 0.007993032 105.5717896787 -11.55574733307 1159.61768 0.48599999999999993 3.265 5.018333374023437 1.6186781072616578 0.19818076 0.19718076 11.196666666666662 20.846375 28.983121621659752 31.070672399875182 5.741172196995435 9.225739195488165
105.90640538899 -11.42516792635 0.0185 0.0199 8.8625 "" "" 3046030358683577728 1172.41321 0.8148 0.0234 -3.662 1.482 0.025 0.024 1.011 "" "" 14.796016 1.249615 15.327227 14.077612 "" "" 1137.21484 1199.44788 22726.9128 8.006 10105.0 18.104 18540.0 24.133 "" "" 0.002781739396243121 0.003401297 0.00403498 0.0074362773 105.90640538899 -11.42516792635 1172.41321 -3.662 1.4820000000000007 0.8703333740234376 -0.1643218927383423 0.19418077 0.19318077 "" "" 4.922100754537431 "" 0.9556083263277717 ""
105.79899156253 -11.52605119774 0.0194 0.0204 14.5001 "" "" 3046023624174921600 1043.36194 0.923 0.0231 -1.922 1.164 0.024 0.023 1.063 5774.5 4.2778 14.800775 1.045682 15.238788 14.193106 49.37 12.74 1019.95789 1063.58496 22627.51783 6.1792 10962.0 20.004 16669.0 17.246 "" "" 0.0027712270947011894 0.003422078 0.0039427876 0.0073648654 105.79899156253 -11.52605119774 1043.36194 -1.922 1.164 2.610333374023438 -0.48232189273834236 0.19318077 0.19218077 26.516666666666662 14.966373 13.128021566891722 29.588486973346324 2.5356489823485173 13.45969371312266
106.03369159669 -11.25067617712 0.0226 0.0241 14.2734 "" "" 3046409587114617728 1139.16589 0.8398 0.0251 -4.761 1.774 0.029 0.034 1.104 "" "" 14.801354 1.61394 15.542727 13.928786 "" "" 1107.52051 1171.80994 22615.42748 9.4127 8285.6 16.594 21264.0 19.876 "" "" 0.0027921308874282328 0.0035374179 0.0039132694 0.0074506872 106.03369159669 -11.25067617712 1139.16589 -4.761 1.774 -0.22866662597656262 0.12767810726165774 0.19818076 0.20318076 "" "" 1.4141520615491217 "" 0.2819542951873892 ""
106.21836202989 -11.74173163222 0.0188 0.0191 18.3772 "" "" 3045819836567948928 1116.06482 0.8577 0.0224 -2.839 0.721 0.023 0.025 1.028 6686.6 4.383 14.805392 1.029855 15.231612 14.201757 "" "" 1090.64062 1139.51294 22531.48096 11.321 11035.0 25.649 16537.0 25.093 "" "" 0.0028088063973447795 0.0037621353 0.0041228533 0.007884989 106.21836202989 -11.74173163222 1116.06482 -2.8390000000000004 0.7209999999999999 1.6933333740234375 -0.9253218927383423 0.19218077 0.19418077 "" "" 10.208200347381997 "" 1.9665331917160642 ""
106.09311075132 -11.13872654104 0.0193 0.0206 21.1901 "" "" 3046423880765698432 1026.79309 0.9409 0.0242 -4.373 -7.446 0.027 0.031 1.005 5483.7 4.3551 14.806682 0.995365 15.221138 14.225773 "" "" 1002.93927 1049.80652 22504.74161 5.7703 11142.0 17.897 16175.0 18.46 "" "" 0.0027693480497455293 0.0032903666 0.0039773276 0.007267694 106.09311075132 -11.13872654104 1026.79309 -4.3729999999999976 -7.446000000000005 0.15933337402343728 -9.092321892738342 0.19618076 0.20018077 "" "" 44.25911797554406 "" 8.859770463643187 ""
106.37927957217 -11.57892955509 0.0177 0.0189 20.5242 "" "" 3046198137287875840 956.922363 1.0037 0.0214 -2.533 -5.48 0.022 0.022 0.903 5741.7 4.3827 14.811455 0.945857 15.198806 14.252949 "" "" 939.301453 976.169861 22406.01919 6.4542 11374.0 18.755 15775.0 18.594 "" "" 0.0027730135360358632 0.0033151554 0.003990176 0.0073053315 106.37927957217 -11.57892955509 956.922363 -2.533 -5.48 1.9993333740234376 -7.126321892738343 0.19118077 0.19118077 "" "" 33.57168855107903 "" 6.418261120647402 ""
106.22227732452 -11.59275961533 0.0173 0.0193 12.2787 "" "" 3045835229730610304 958.955872 1.0103 0.0214 -1.603 5.159 0.022 0.027 0.981 5702.5 4.3689 14.815474 0.969866 15.21066 14.240794 "" "" 936.268921 979.85968 22323.25184 6.2857 11250.0 19.46 15953.0 17.279 "" "" 0.002772228827910397 0.0033633674 0.003958113 0.0073214807 106.22227732452 -11.59275961533 958.955872 -1.6029999999999993 5.158999999999997 2.9293333740234377 3.5126781072616575 0.19118077 0.19618076 "" "" 20.790109761114866 "" 4.036304669398817 ""
106.30111522719 -11.58943753315 0.0203 0.0219 16.3615 "" "" 3045834679967298304 1085.96277 0.8828 0.0245 -2.491 1.002 0.026 0.028 1.155 "" "" 14.8206 "" "" "" "" "" 1058.72632 1117.6145 22218.08968 14.638 "" "" "" "" "" "" 0.002846659379937759 "" "" "" 106.30111522719 -11.58943753315 1085.96277 -2.491 1.0020000000000004 2.0413333740234374 -0.6443218927383423 0.19518077 0.19718076 "" "" 11.018689631146865 "" 2.152642256921399 ""
106.58514065707 -11.31114797187 0.0218 0.0253 33.6356 "" "" 3046221433190273024 1096.51648 0.874 0.0293 -2.905 -2.898 0.025 0.026 1.026 5527.7 4.3047 14.822415 1.103379 15.290764 14.187385 9.93 7.67 1062.84521 1123.21375 22180.97547 6.4408 10450.0 15.591 16757.0 16.131 "" "" 0.002773298570155686 0.0032263058 0.0039212396 0.0071475455 106.58514065707 -11.31114797187 1096.51648 -2.905 -2.898 1.6273333740234377 -4.544321892738342 0.19418077 0.19518077 -12.923333333333336 9.896374 25.08781555611581 28.22075537298977 4.893814198864841 6.282145050555202
106.40549153029 -11.59446039802 0.0554 0.0557 22.2617 "" "" 3046197347013890176 996.085693 0.9779 0.0642 -4.043 0.962 0.065 0.064 3.389 "" "" 14.828962 1.637561 15.591704 13.954144 44.54 14.72 942.929138 1054.55652 22047.62008 39.644 7920.2 59.045 20773.0 94.117 "" "" 0.0033768551963254097 0.008561561 0.006203395 0.014764955 106.40549153029 -11.59446039802 996.085693 -4.043 0.9620000000000002 0.48933337402343735 -0.6843218927383423 0.23418076 0.23318076 21.686666666666664 16.946373 3.972034577930462 22.047416397378317 0.9275477910023127 16.669926406814973
105.43240947157 -11.58134943147 0.0234 0.0282 36.3032 "" "" 3046012835217359872 969.120605 0.9962 0.0281 2.511 -1.27 0.032 0.038 1.076 5726.5 4.4448 14.829255 0.901258 15.19389 14.292632 "" "" 940.305847 999.81604 22041.68099 6.633 11425.0 17.893 15209.0 20.024 "" "" 0.0027746246909447375 0.0032674777 0.0040406813 0.007308159 105.43240947157 -11.58134943147 969.120605 2.511 -1.27 7.043333374023438 -2.9163218927383423 0.20118077 0.20718077 "" "" 35.018263365071604 "" 7.076140557006698 ""
105.82977993867 -11.16012557416 0.0188 0.0195 23.3396 "" "" 3046051318123905408 1060.81787 0.9061 0.0222 -3.14 -5.059 0.023 0.022 1.016 5773.0 4.2595 14.832112 1.066251 15.276664 14.210413 "" "" 1030.995 1084.85083 21983.755 6.007 10586.0 25.906 16406.0 15.001 "" "" 0.0027712461268254987 0.0038528866 0.003907594 0.0077604805 105.82977993867 -11.16012557416 1060.81787 -3.1400000000000006 -5.059 1.3923333740234374 -6.7053218927383424 0.19218077 0.19118077 "" "" 34.435412049347306 "" 6.584815386793739 ""
106.4713912469 -11.95054380003 0.0184 0.0197 37.4624 "" "" 3045762971201726336 894.158508 1.0728 0.0224 13.487 -8.132 0.022 0.024 1.017 5262.0 4.3499 14.832294 0.934228 15.213327 14.279099 "" "" 879.750549 908.785645 21980.05815 6.0197 11222.0 12.676 15400.0 19.803 "" "" 0.002771318711016951 0.0030478078 0.004029018 0.007076826 106.4713912469 -11.95054380003 894.158508 13.487000000000002 -8.132 18.01933337402344 -9.778321892738342 0.19118077 0.19318077 "" "" 86.8917864140472 "" 16.651731233202273 ""
106.25172022906 -11.25115964852 0.0199 0.0231 18.8131 "" "" 3046407525530531200 1041.39563 0.9194 0.0263 -2.553 2.822 0.026 0.027 0.963 5288.0 4.3183 14.832421 0.972003 15.233969 14.261966 "" "" 1017.2301 1070.59766 21977.4957 8.1806 11011.0 21.994 15645.0 12.904 "" "" 0.0027848012691169687 0.003533887 0.0038840282 0.0074179154 106.25172022906 -11.25115964852 1041.39563 -2.553 2.8220000000000005 1.9793333740234376 1.1756781072616578 0.19518077 0.19618076 "" "" 11.363999142800337 "" 2.2210034091582114 ""
106.14095755146 -11.92197018833 0.0192 0.019 26.6479 "" "" 3045807089105216000 1149.67102 0.835 0.022 -1.171 -2.591 0.024 0.023 1.01 5842.1 4.1706 14.841564 1.063387 15.281676 14.218289 "" "" 1118.32214 1180.05469 21793.21194 26.103 10538.0 48.178 16287.0 59.025 "" "" 0.003046794748195226 0.005694245 0.005455835 0.01115008 106.14095755146 -11.92197018833 1149.67102 -1.171 -2.5909999999999975 3.3613333740234372 -4.2373218927383425 0.19318077 0.19218077 "" "" 29.474098979600058 "" 5.675756912631198 ""
105.64525747121 -11.88277840071 0.0216 0.0245 33.2412 "" "" 3045796712463780992 1041.58923 0.9184 0.027 2.524 -3.987 0.028 0.027 1.016 5766.8 4.3259 14.848479 0.913468 15.221828 14.30836 "" "" 1012.64868 1073.47913 21654.84448 6.4941 11135.0 17.994 14990.0 12.009 "" "" 0.00277449213955793 0.003295973 0.0038781844 0.0071741575 105.64525747121 -11.88277840071 1041.58923 2.524000000000001 -3.987 7.0563333740234375 -5.633321892738342 0.19718076 0.19618076 "" "" 44.578279796630326 "" 8.772653872759923 ""
106.46446098866 -11.07555539885 0.0211 0.0273 35.0677 "" "" 3046416489123979776 1214.59363 0.789 0.0324 -3.107 0.91 0.027 0.028 0.956 "" "" 14.852256 1.316543 15.418089 14.101546 "" "" 1165.23389 1256.12134 21579.64278 7.2253 9293.5 18.849 18136.0 16.884 "" "" 0.0027791978762553146 0.0035544634 0.003912213 0.007466676 106.46446098866 -11.07555539885 1214.59363 -3.1070000000000007 0.91 1.4253333740234373 -0.7363218927383423 0.19618076 0.19718076 "" "" 9.236174127565945 "" 1.813909219546035 ""
105.80125470921 -11.0286815894 0.0265 0.0269 31.0251 "" "" 3046475386013217280 1052.61816 0.9037 0.0309 -6.519 -9.926 0.032 0.03 1.346 5966.3 4.3677 14.85484 1.009285 15.265722 14.256437 "" "" 1019.28882 1089.98706 21528.3403 8.6136 10694.0 17.171 15725.0 20.242 "" "" 0.0027893548092566404 0.0032900227 0.004029522 0.007319545 105.80125470921 -11.0286815894 1052.61816 -6.5189999999999975 -9.926000000000009 -1.9866666259765626 -11.572321892738342 0.20118077 0.19918077 "" "" 58.58372275519936 "" 11.672121485380545 ""
106.08733149473 -11.20663165832 0.0197 0.0206 17.11 "" "" 3046410166930195200 1005.94092 0.9518 0.0232 -8.25 2.091 0.023 0.026 0.978 5821.5 4.3839 14.85534 0.975003 15.25188 14.276876 "" "" 981.053772 1031.56946 21518.4475 6.2654 10831.0 13.928 15431.0 22.798 "" "" 0.002773396104126394 0.003119999 0.004105705 0.007225704 106.08733149473 -11.20663165832 1005.94092 -8.249999999999993 2.091 -3.7176666259765625 0.4446781072616579 0.19218077 0.19518077 "" "" 17.852785416678387 "" 3.431723274352762 ""
105.62466116508 -11.37133189109 0.0196 0.0207 25.5634 "" "" 3046041216360957824 1070.19019 0.8921 0.0236 -5.04 -4.836 0.023 0.023 0.993 5380.5 4.3131 14.857256 0.944373 15.230594 14.286221 "" "" 1047.25085 1096.66858 21480.49661 6.8824 11045.0 46.792 15299.0 61.981 "" "" 0.002777193650793579 0.00537981 0.0057993005 0.01117911 105.62466116508 -11.37133189109 1070.19019 -5.04 -4.836 -0.5076666259765625 -6.482321892738343 0.19218077 0.19218077 "" "" 32.98357056473153 "" 6.338807911145257 ""
106.10695351294 -12.05373194425 0.0215 0.0228 34.1295 "" "" 3045781594179457792 1112.64539 0.8656 0.0263 0.393 3.25 0.028 0.026 1.081 6122.1 4.324 14.864004 1.013659 15.28131 14.267652 "" "" 1070.32849 1139.33032 21347.40827 6.9963 10541.0 23.115 15563.0 20.316 "" "" 0.002778202174198344 0.003667916 0.0040364014 0.0077043176 106.10695351294 -12.05373194425 1112.64539 0.393 3.25 4.925333374023437 1.6036781072616577 0.19718076 0.19518077 "" "" 27.318135450014903 "" 5.381397841777281 ""
105.62828108098 -11.20130604315 0.0216 0.0211 29.8465 "" "" 3046096295020909440 1201.40686 0.7947 0.0255 -3.086 1.092 0.025 0.022 0.977 8217.4 4.3219 14.865094 1.155124 15.353063 14.197939 "" "" 1165.72583 1243.87292 21325.97703 8.3 9867.2 15.664 16595.0 22.613 "" "" 0.0027875348475291904 0.0032796033 0.004058639 0.0073382426 105.62828108098 -11.20130604315 1201.40686 -3.0860000000000003 1.092 1.4463333740234376 -0.5543218927383422 0.19418077 0.19118077 "" "" 8.820585633384844 "" 1.7094218873236864 ""
105.98890975717 -10.96468218442 0.0219 0.0223 31.5819 "" "" 3046476966561449088 1155.63147 0.8258 0.0268 -0.326 -0.238 0.028 0.031 1.054 6694.4 4.3263 14.865727 1.19643 15.346106 14.149675 39.54 8.96 1123.59973 1193.92725 21313.54432 10.14 9930.6 43.833 17350.0 141.9 "" "" 0.0028033205701023206 0.005545433 0.009650701 0.015196133 105.98890975717 -10.96468218442 1155.63147 -0.326 -0.23800000000000002 4.206333374023438 -1.8843218927383423 0.19718076 0.20018077 16.686666666666664 11.186374 25.247298947209494 30.263359836181607 4.991021061062619 7.441826825981913
106.00878425908 -11.07504735451 0.0228 0.0236 24.8812 "" "" 3046428072653779072 1217.86462 0.7831 0.0284 -2.656 0.653 0.03 0.035 1.124 "" "" 14.872772 1.680543 15.648347 13.967804 -155.51 6.6 1176.31775 1261.66907 21175.70555 10.168 7517.6 20.632 20513.0 39.826 "" "" 0.0028042086109886684 0.0040821843 0.0043274947 0.008409679 106.00878425908 -11.07504735451 1217.86462 -2.6559999999999984 0.6530000000000002 1.8763333740234374 -0.9933218927383423 0.19918077 0.20418076 -178.36333333333332 8.826374 12.255649328938052 178.78389082423413 2.4546347207695343 8.807219104775248
106.07292857114 -11.46653692705 0.0205 0.0202 2.2137 "" "" 3046027712984034560 1104.7146 0.8666 0.0233 -0.796 -0.37 0.026 0.027 0.983 5882.1 4.3139 14.874099 0.972894 15.271646 14.298752 "" "" 1072.45044 1129.97986 21149.83814 11.203 10636.0 33.742 15124.0 25.899 "" "" 0.0028147010436607844 0.0044327322 0.004211957 0.008644689 106.07292857114 -11.46653692705 1104.7146 -0.7960000000000002 -0.3700000000000001 3.7363333740234372 -2.0163218927383424 0.19518077 0.19618076 "" "" 22.231819073648424 "" 4.344247719379522 ""
106.14408818559 -12.07899095605 0.0234 0.0234 35.9329 "" "" 3045734521337892736 1300.66052 0.7327 0.0268 -1.926 3.588 0.033 0.028 1.134 5876.9 4.1734 14.876077 1.006096 15.290759 14.284663 "" "" 1259.89722 1345.78174 21111.35314 6.6222 10450.0 9.4253 15321.0 19.757 "" "" 0.002776288806191229 0.002957029 0.0040303846 0.0069874134 106.14408818559 -12.07899095605 1300.66052 -1.9260000000000002 3.588 2.6063333740234373 1.9416781072616578 0.20218077 0.19718076 "" "" 20.037232563118508 "" 4.015672116467144 ""
106.20275378739 -11.57008237068 0.019 0.021 10.614 "" "" 3045835538968249728 1226.65625 0.7773 0.0238 0.063 -0.107 0.024 0.03 1.068 7116.1 4.3479 14.888189 1.043808 15.320036 14.276228 "" "" 1192.76648 1264.40881 20877.13928 6.6738 10172.0 17.479 15441.0 17.089 "" "" 0.0027770942040237926 0.0033564516 0.003965805 0.0073222565 106.20275378739 -11.57008237068 1226.65625 0.063 -0.107 4.595333374023437 -1.7533218927383423 0.19318077 0.19918077 "" "" 28.59763779784219 "" 5.546612619709506 ""
105.95747228732 -11.78206360601 0.0182 0.0197 18.316 "" "" 3045824646931519744 1120.57996 0.8513 0.0217 -4.546 1.633 0.022 0.022 1.004 5809.4 3.9768 14.890342 1.25426 15.433502 14.179242 21.82 9.85 1088.94324 1141.23352 20835.78646 26.85 9162.5 42.232 16883.0 53.215 "" "" 0.0030902038398803048 0.005729665 0.0050985646 0.01082823 105.95747228732 -11.78206360601 1120.57996 -4.546000000000002 1.6330000000000002 -0.013666625976562763 -0.013321892738342278 0.19118077 0.19118077 -1.033333333333335 12.076374 0.10137261982471506 1.0382938822067227 0.019380495071887785 12.018678164496887
