Clusters/vdBergh_92/vdBergh_92_members.tsv
# %ECSV 1.0
# ---
# datatype:
# - name: RA_ICRS_1
#   unit: deg
#   datatype: float64
#   format: '{:15.11f}'
#   description: Right ascension (ICRS) at Ep=2016.0 (ra)
#   meta: !!omap
#   - {ucd: POS_EQ_RA_MAIN}
#   - {width: 15}
#   - {precision: '11'}
# - name: DE_ICRS_1
#   unit: deg
#   datatype: float64
#   format: '{:15.11f}'
#   description: Declination (ICRS) at Ep=2016.0 (dec)
#   meta: !!omap
#   - {ucd: POS_EQ_DEC_MAIN}
#   - {width: 15}
#   - {precision: '11'}
# - name: e_RA_ICRS
#   unit: mas
#   datatype: float64
#   format: '{:7.4f}'
#   description: Standard error of right ascension (ra_error)
#   meta: !!omap
#   - {ucd: ERROR}
#   - {width: 7}
#   - {precision: '4'}
# - name: e_DE_ICRS
#   unit: mas
#   datatype: float64
#   format: '{:7.4f}'
#   description: Standard error of declination (dec_error)
#   meta: !!omap
#   - {ucd: ERROR}
#   - {width: 7}
#   - {precision: '4'}
# - name: _r_1
#   unit: ''
#   datatype: float64
#   format: '{:7.4f}'
#   description: Distance from center (106.04260618000-11.48840601000)[ICRS], at Epoch=J2016.0
#   meta: !!omap
#   - {ucd: POS_ANG_DIST_GENERAL}
#   - {width: 7}
#   - {precision: '4'}
# - name: HIP
#   datatype: int32
#   description: '? HIP cross-id number, van Leeuwen, Cat. I/311 (hip_original_ext_source_id)'
#   meta: !!omap
#   - {ucd: ID_NUMBER}
#   - {width: 6}
#   - values: {'null': -2147483648}
# - name: TYC2
#   datatype: string
#   description: Tycho-2 cross-id name, Hog et al., Cat. I/259 (tyc2_original_ext_source_id)
#   meta: !!omap
#   - {ucd: ID_CROSSID}
#   - {_votable_string_dtype: char}
# - name: Source
#   datatype: int64
#   description: Source identifier, identical to the Gaia-EDR3 source_id (id)
#   meta: !!omap
#   - {ucd: ID_MAIN}
#   - {width: 19}
# - name: rgeo
#   unit: pc
#   datatype: float64
#   format: '{:15.8f}'
#   description: '? Median of the geometric distance posterior (r_med_geo)'
#   meta: !!omap
#   - {ucd: PHYS_DISTANCE_TRUE}
#   - {width: 15}
#   - {precision: '8'}
#   - values: {'null': .nan}
# - name: Plx
#   unit: mas
#   datatype: float64
#   format: '{:9.4f}'
#   description: '? Parallax (parallax)'
#   meta: !!omap
#   - {ucd: POS_PARLX_TRIG}
#   - {width: 9}
#   - {precision: '4'}
#   - values: {'null': .nan}
# - name: e_Plx
#   unit: mas
#   datatype: float32
#   format: '{:7.4f}'
#   description: '? Standard error of parallax (parallax_error)'
#   meta: !!omap
#   - {ucd: ERROR}
#   - {width: 7}
#   - {precision: '4'}
#   - values: {'null': .nan}
# - name: pmRA
#   unit: mas / yr
#   datatype: float64
#   format: '{:9.3f}'
#   description: '? Proper motion in right ascension direction, pmRA*cosDE (pmra)'
#   meta: !!omap
#   - {ucd: POS_EQ_PMRA}
#   - {width: 9}
#   - {precision: '3'}
#   - values: {'null': .nan}
# - name: pmDE
#   unit: mas / yr
#   datatype: float64
#   format: '{:9.3f}'
#   description: '? Proper motion in declination direction (pmdec)'
#   meta: !!omap
#   - {ucd: POS_EQ_PMDEC}
#   - {width: 9}
#   - {precision: '3'}
#   - values: {'null': .nan}
# - name: e_pmRA
#   unit: mas / yr
#   datatype: float32
#   format: '{:6.3f}'
#   description: '? Standard error of proper motion in right ascension direction (pmra_error)'
#   meta: !!omap
#   - {ucd: ERROR}
#   - {width: 6}
#   - {precision: '3'}
#   - values: {'null': .nan}
# - name: e_pmDE
[...]
#       distance: !astropy.table.SerializedColumn
#         __class__: astropy.coordinates.distances.Distance
#         unit: !astropy.units.Unit {unit: pc}
#         value: !astropy.table.SerializedColumn {name: SkyCoord.distance}
#       frame: icrs
#       obstime: !astropy.time.Time {format: jyear_str, in_subfmt: '*', jd1: 367701545.0, jd2: 0.0, out_subfmt: '*', precision: 3, scale: tt}
#       pm_dec: !astropy.table.SerializedColumn
#         __class__: astropy.units.quantity.Quantity
#         unit: !astropy.units.Unit {unit: mas / yr}
#         value: !astropy.table.SerializedColumn {name: SkyCoord.pm_dec}
#       pm_ra_cosdec: !astropy.table.SerializedColumn
#         __class__: astropy.units.quantity.Quantity
#         unit: !astropy.units.Unit {unit: mas / yr}
#         value: !astropy.table.SerializedColumn {name: SkyCoord.pm_ra_cosdec}
#       ra: !astropy.table.SerializedColumn
#         __class__: astropy.coordinates.angles.Longitude
#         unit: *id001
#         value: !astropy.table.SerializedColumn {name: SkyCoord.ra}
#         wrap_angle: !astropy.coordinates.Angle
#           unit: *id001
#           value: 360.0
#       representation_type: spherical
# schema: astropy-2.0
RA_ICRS_1 DE_ICRS_1 e_RA_ICRS e_DE_ICRS _r_1 HIP TYC2 Source rgeo Plx e_Plx pmRA pmDE e_pmRA e_pmDE RUWE Teff logg Gmag BP-RP BPmag RPmag RV e_RV b_rgeo B_rgeo FG e_FG FBP e_FBP FRP e_FRP RAVE5 RAVE6 e_Gmag e_BPmag e_RPmag e_BP-RP SkyCoord.ra SkyCoord.dec SkyCoord.distance SkyCoord.pm_ra_cosdec SkyCoord.pm_dec rmRA rmDE e_rmRA e_rmDE rRV e_rRV v_pec v_pec3d e_vpec e_vpec3d Pmemb
[from data line 61]
105.96809631005 -11.65167832081 0.0375 0.0402 10.7308 "" "" 3045830964820569344 1129.36938 0.8517 0.0441 -4.508 1.611 0.045 0.045 1.038 5349.9 4.179 16.19846 2.08033 17.246716 15.166386 "" "" 1079.95911 1180.52478 6245.44171 20.487 1724.8 31.044 6801.5 68.351 "" "" 0.0045029384980772675 0.019739924 0.011547018 0.03128694 105.96809631005 -11.65167832081 1129.36938 -4.507999999999998 1.6110000000000002 0.024333374023437493 -0.0353218927383423 0.21418077 0.21418077 "" "" 0.22961151365972948 "" 0.049178370230781115 "" 0.9
105.9687206367 -11.43800497711 0.0393 0.0409 5.2935 "" "" 3046030427403041792 1192.14954 0.8085 0.0469 -4.392 1.683 0.048 0.049 1.036 4862.8 4.2259 16.217325 1.854933 17.115797 15.260864 "" "" 1132.45898 1254.63745 6137.85176 51.756 1945.8 52.496 6234.7 138.97 "" "" 0.00956084575795856 0.029424807 0.024494134 0.053918943 105.9687206367 -11.43800497711 1192.14954 -4.391999999999996 1.6830000000000025 0.14033337402343715 0.036678107261657766 0.21718076 0.21818076 "" "" 0.8196320542380952 "" 0.1780608342902596 "" 0.9
106.00932213462 -11.40523769721 0.0371 0.0386 5.3602 "" "" 3046029121732960384 1158.29053 0.8246 0.0445 -4.726 1.784 0.047 0.047 1.037 "" "" 16.247463 2.421582 17.542686 15.121104 "" "" 1115.39771 1218.17383 5969.82368 6.4302 1313.2 10.65 7091.1 16.442 "" "" 0.002993232048247855 0.009236772 0.0045410804 0.013777852 106.00932213462 -11.40523769721 1158.29053 -4.726000000000004 1.784 -0.19366662597656248 0.13767810726165775 0.21618077 0.21618077 "" "" 1.3045900609512548 "" 0.28202728598414706 "" 1.0
106.08834512251 -11.51297529427 0.0411 0.0422 3.0668 "" "" 3045838425186295936 1137.77454 0.8675 0.0509 -4.623 1.639 0.049 0.056 1.042 4427.8 4.1883 16.28187 1.75882 17.0755 15.31668 "" "" 1068.71509 1206.34998 5783.60761 53.744 2019.4 61.164 5922.2 76.777 "" "" 0.010458639930223371 0.033003155 0.014574334 0.04757749 106.08834512251 -11.51297529427 1137.77454 -4.623 1.639000000000001 -0.09066662597656272 -0.007321892738342273 0.21818076 0.22518077 "" "" 0.49056159979151986 "" 0.10705370711679625 "" 1.0
106.01678750205 -11.28685266176 0.0381 0.045 12.1882 "" "" 3046033932096286080 1050.78625 0.9163 0.0478 -5.022 1.758 0.047 0.056 0.987 4923.9 4.2061 16.28211 2.037974 17.316471 15.278497 "" "" 995.652466 1109.94617 5782.32772 25.555 1617.4 38.977 6134.2 109.59 "" "" 0.005533221561698293 0.02631302 0.019761883 0.046074905 106.01678750205 -11.28685266176 1050.78625 -5.022 1.758 -0.48966662597656274 0.11167810726165772 0.21618077 0.22518077 "" "" 2.5015221577308298 "" 0.5419161361835944 "" 0.9
106.02428697069 -11.31356766157 0.0525 0.057 10.5455 "" "" 3046033829017080064 1125.88086 0.8617 0.06 -4.546 1.433 0.068 0.079 1.183 9996.4 4.3721 16.304699 2.078444 17.349289 15.270844 "" "" 1056.67358 1194.14172 5663.27268 29.381 1569.3 54.618 6177.6 169.58 "" "" 0.006270573420479902 0.037890885 0.030042985 0.06793387 106.02428697069 -11.31356766157 1125.88086 -4.545999999999996 1.4329999999999998 -0.013666625976562763 -0.21332189273834223 0.23718077 0.24818078 "" "" 1.1407635750851945 "" 0.283065429130837 "" 1.0
106.12916414937 -11.54495833285 0.0373 0.0386 6.1164 "" "" 3045837394386880768 1140.93152 0.8635 0.0442 -4.426 1.634 0.046 0.053 1.002 4739.2 4.235 16.368681 1.874145 17.27767 15.403525 "" "" 1071.87964 1206.8905 5339.17897 9.9851 1676.3 17.567 5467.0 34.868 "" "" 0.003422675126773794 0.011715221 0.007888947 0.019604169 106.12916414937 -11.54495833285 1140.93152 -4.426000000000001 1.634 0.10633337402343734 -0.012321892738342388 0.21518077 0.22218077 "" "" 0.5789005908665485 "" 0.12462282991643096 "" 1.0
105.9755606814 -11.47320250415 0.0728 0.0668 4.0464 "" "" 3046027163227907840 1001.9079 0.9946 0.0723 -4.603 1.483 0.101 0.085 1.143 "" "" 16.378616 1.647561 17.032515 15.384953 "" "" 940.025208 1102.47522 5290.53976 24.6 2100.9 93.276 5561.3 195.84 "" "" 0.0057514171004236165 0.048285324 0.03842031 0.08670563 105.9755606814 -11.47320250415 1001.9079 -4.603 1.483 -0.07066662597656226 -0.1633218927383422 0.27018076 0.25418076 "" "" 0.8451137667219375 "" 0.21699991212014363 "" 0.8
106.13936562331 -11.44179743181 0.0494 0.0491 6.3398 "" "" 3046028228380101376 996.563965 0.9833 0.0557 -4.457 1.777 0.059 0.066 0.986 "" "" 16.424662 2.30565 17.61093 15.30528 "" "" 947.671143 1065.44287 5070.86206 19.214 1233.2 29.101 5984.8 83.74 "" "" 0.004951411503533241 0.025772633 0.0156548 0.041427433 106.13936562331 -11.44179743181 996.563965 -4.4570000000000025 1.777 0.07533337402343765 0.13067810726165763 0.22818077 0.23518077 "" "" 0.7125120484681342 "" 0.16633905050509346 "" 0.8
105.94717279082 -11.45923442708 0.0419 0.0438 5.8782 "" "" 3046027060148696320 1101.95093 0.8763 0.0515 -4.605 1.479 0.053 0.052 1.085 4369.1 4.1805 16.468071 1.834224 17.34393 15.509706 "" "" 1045.55627 1152.86121 4872.12548 13.759 1577.0 20.986 4957.7 48.747 "" "" 0.0041222608981571155 0.014715426 0.01132484 0.026040265 105.94717279082 -11.45923442708 1101.95093 -4.605000000000007 1.479 -0.07266662597656293 -0.1673218927383422 0.22218077 0.22118077 "" "" 0.9528247624305742 "" 0.21089799450816438 "" 0.9
106.07000092844 -11.40901599726 0.0461 0.0459 5.0284 "" "" 3046028915574513536 1118.82153 0.8802 0.0542 -4.649 1.776 0.059 0.063 1.065 5760.6 4.6314 16.498995 1.512062 17.143244 15.631182 "" "" 1048.89478 1186.86841 4735.31054 120.25 1897.2 163.63 4432.9 292.98 "" "" 0.027708864943005024 0.09368431 0.07185813 0.16554244 106.07000092844 -11.40901599726 1118.82153 -4.649 1.7759999999999996 -0.11666662597656252 0.12967810726165774 0.22818077 0.23218077 "" "" 0.925065290332147 "" 0.2131350798755224 "" 1.0
105.97928256979 -11.47168819339 0.0511 0.0498 3.8562 "" "" 3046027163227906432 1205.42517 0.8149 0.0531 -4.612 1.711 0.061 0.061 1.025 4687.5 4.2321 16.522907 1.776142 17.330856 15.554714 "" "" 1127.57861 1281.31628 4632.1666 10.53 1596.2 63.965 4756.3 49.475 "" "" 0.003699117162051351 0.043598402 0.011909412 0.055507816 105.97928256979 -11.47168819339 1205.42517 -4.612 1.7110000000000014 -0.0796666259765626 0.06467810726165779 0.23018077 0.23018077 "" "" 0.5863182032805475 "" 0.13495917558922135 "" 1.0
105.97361821026 -11.59770213317 0.0434 0.0469 7.7105 "" "" 3045831759397197312 1277.87415 0.7536 0.056 -4.268 1.447 0.05 0.051 1.048 5392.2 4.2082 16.549694 2.234649 17.717104 15.482455 "" "" 1189.6886 1390.96167 4519.27531 11.882 1118.3 14.431 5083.7 31.795 "" "" 0.003967432712718652 0.014285904 0.007771417 0.02205732 105.97361821026 -11.59770213317 1277.87415 -4.268 1.447 0.2643333740234377 -0.19932189273834222 0.21918076 0.22018076 "" "" 2.005277022514985 "" 0.440246093848687 "" 1.0
106.02763070345 -11.57817856852 0.0417 0.0445 5.4578 "" "" 3045837497473452416 1194.0509 0.8087 0.0511 -4.363 1.58 0.049 0.053 0.965 "" "" 16.56489 1.947014 17.531885 15.584871 "" "" 1129.51624 1268.0426 4456.46633 6.975 1326.4 23.869 4626.0 16.268 "" "" 0.0032372077177116585 0.019736396 0.005372335 0.025108732 106.02763070345 -11.57817856852 1194.0509 -4.363 1.58 0.16933337402343707 -0.06632189273834221 0.21818076 0.22218077 "" "" 1.0292809610418339 "" 0.22512121873102667 "" 0.8
106.06186172937 -11.35876419665 0.0427 0.0485 7.8605 "" "" 3046029671488742144 1041.14417 0.9336 0.0551 -4.607 1.919 0.057 0.067 0.932 4691.8 4.2642 16.590261 2.012567 17.6136 15.601033 "" "" 977.117981 1113.80103 4353.537 34.426 1230.2 50.989 4557.7 99.584 "" "" 0.00901685231143105 0.045087717 0.024022086 0.069109805 106.06186172937 -11.35876419665 1041.14417 -4.607000000000004 1.9189999999999983 -0.0746666259765627 0.27267810726165775 0.22618076 0.23618077 "" "" 1.3952111006498513 "" 0.32856807311336295 "" 0.8
106.02527852363 -11.59791000118 0.0428 0.0464 6.6487 "" "" 3045831621959430912 1044.65491 0.9333 0.0529 -4.407 1.548 0.05 0.056 1.033 4251.1 4.1651 16.601755 1.964712 17.589527 15.624815 "" "" 994.966614 1093.70605 4307.69477 10.96 1257.8 18.188 4458.9 45.482 "" "" 0.0039016358116168615 0.015945932 0.011701925 0.027647857 106.02527852363 -11.59791000118 1044.65491 -4.407 1.547999999999999 0.12533337402343747 -0.09832189273834224 0.21918076 0.22518077 "" "" 0.7887870515310628 "" 0.17470506386552698 "" 0.8
106.0120696427 -11.41970098613 0.0486 0.0521 4.4964 "" "" 3046029087373225984 1236.68994 0.7985 0.0585 -4.535 1.757 0.058 0.059 1.032 4915.0 4.2139 16.63174 2.168454 17.749197 15.580743 "" "" 1159.27893 1324.96167 4190.35264 4.2691 1085.8 18.351 4643.7 17.2 "" "" 0.002969062992852243 0.018560834 0.0055187163 0.02407955 106.0120696427 -11.41970098613 1236.68994 -4.535 1.757 -0.002666625976562642 0.11067810726165761 0.22718076 0.22818077 "" "" 0.6489734206011399 "" 0.14808287660952033 "" 1.0
105.99188450823 -11.54441314432 0.0487 0.0482 4.4928 "" "" 3046025548320530304 1236.44543 0.7892 0.056 -4.359 1.446 0.06 0.057 1.036 4912.9 4.2252 16.675203 2.123685 17.752579 15.628894 "" "" 1148.99084 1318.29028 4025.92118 11.246 1082.4 19.369 4442.2 43.421 "" "" 0.004097588365012857 0.019628026 0.011265576 0.030893601 105.99188450823 -11.54441314432 1236.44543 -4.359000000000007 1.4460000000000008 0.17333337402343751 -0.20032189273834233 0.22918077 0.22618076 "" "" 1.5525275127189728 "" 0.35315350735706424 "" 0.9
105.95287243707 -11.53061351518 0.0481 0.0484 5.8521 "" "" 3046019913323141504 1072.89087 0.9255 0.0572 -4.524 1.561 0.057 0.055 0.975 6024.6 4.3769 16.701431 2.089259 17.749945 15.660686 "" "" 1020.44031 1135.43274 3929.83497 16.705 1085.0 20.557 4314.0 51.697 "" "" 0.00537516909519846 0.020759309 0.013548761 0.03430807 105.95287243707 -11.53061351518 1072.89087 -4.524 1.560999999999999 0.008333374023437479 -0.08532189273834234 0.22618076 0.22418076 "" "" 0.43596939968771103 "" 0.09774422607644545 "" 1.0
106.03461554261 -11.25264964915 0.0511 0.0528 14.1532 "" "" 3046409587114618368 1128.66284 0.8712 0.0597 -4.568 1.77 0.067 0.071 1.026 3739.5 4.0748 16.724703 2.077494 17.798561 15.721067 "" "" 1062.11682 1213.30139 3846.50221 6.8368 1037.5 11.879 4080.7 23.856 "" "" 0.003363911213299622 0.012740562 0.007387261 0.020127822 106.03461554261 -11.25264964915 1128.66284 -4.568 1.7699999999999994 -0.035666625976562116 0.12367810726165773 0.23618077 0.24018076 "" "" 0.6886247431283959 "" 0.16518455447399652 "" 0.8
106.00749448661 -11.64600999955 0.0475 0.0525 9.6789 "" "" 3045830625525852416 1039.68042 0.9342 0.0594 -4.434 1.392 0.058 0.059 0.981 6009.6 4.4336 16.778902 2.130917 17.879412 15.748494 "" "" 977.7005 1102.32336 3659.19574 35.559 963.06 71.805 3978.9 101.11 "" "" 0.010904705016276536 0.08099972 0.027847888 0.1088476 106.00749448661 -11.64600999955 1039.68042 -4.433999999999995 1.3919999999999986 0.09833337402343734 -0.2543218927383424 0.22718076 0.22818077 "" "" 1.34374233248973 "" 0.30644172774711326 "" 1.0
105.98011233149 -11.63770389764 0.0576 0.0608 9.6819 "" "" 3045831072202462848 1126.58594 0.8861 0.0689 -4.807 1.553 0.066 0.071 1.133 4784.3 4.2571 16.793667 1.960862 17.754354 15.793492 "" "" 1057.6991 1220.62891 3609.77487 14.696 1080.6 29.949 3817.3 35.144 "" "" 0.005208654682486312 0.03022043 0.010686463 0.04090689 105.98011233149 -11.63770389764 1126.58594 -4.807 1.5529999999999995 -0.2746666259765629 -0.09332189273834235 0.23518077 0.24018076 "" "" 1.5490720401193263 "" 0.3651211567772921 "" 0.9
106.05657030037 -11.58570576514 0.0476 0.0507 5.8954 "" "" 3045837463113703424 1074.29822 0.9038 0.0568 -4.867 1.549 0.058 0.063 1.012 4481.2 4.3935 16.841293 1.677463 17.645288 15.967826 "" "" 1017.50604 1139.24536 3454.85114 10.903 1194.8 22.112 3251.1 39.853 "" "" 0.004396835575332713 0.020286364 0.013835498 0.034121864 106.05657030037 -11.58570576514 1074.29822 -4.866999999999995 1.5490000000000004 -0.3346666259765625 -0.09732189273834235 0.22718076 0.23218077 "" "" 1.7747762778504883 "" 0.40389395749002743 "" 1.0
106.03087015302 -11.45158816179 0.0512 0.0531 2.3144 "" "" 3046027266307100800 1019.55945 0.9625 0.0608 -4.59 1.72 0.063 0.067 0.948 4173.9 4.3428 16.890558 2.051271 17.939734 15.888463 "" "" 963.84436 1080.99646 3301.59345 4.5083 911.01 8.7022 3497.6 15.813 "" "" 0.003128863341624065 0.010739992 0.0061951005 0.016935093 106.03087015302 -11.45158816179 1019.55945 -4.59 1.72 -0.05766662597656236 0.07367810726165769 0.23218077 0.23618077 "" "" 0.4521596114760243 "" 0.10610796941581147 "" 1.0
106.07662194125 -11.42329172803 0.0706 0.067 4.3892 "" "" 3046028159660627968 945.054565 1.0224 0.0762 -4.271 1.71 0.095 0.093 1.108 4498.4 4.4849 16.909655 2.007567 17.877401 15.869834 "" "" 888.24939 1022.20837 3244.02894 5.1121 964.84 16.986 3558.2 18.312 "" "" 0.003243325652088983 0.019316945 0.0067457864 0.02606273 106.07662194125 -11.42329172803 945.054565 -4.271 1.7100000000000013 0.2613333740234376 0.06367810726165768 0.26418078 0.26218078 "" "" 1.2049099614878773 "" 0.31817947550829145 "" 1.0
106.06454510377 -11.38270094427 0.0578 0.0615 6.4722 "" "" 3046029568409536384 1317.56519 0.7304 0.0713 -4.636 1.651 0.077 0.083 1.057 "" "" 16.949266 2.456922 18.265512 15.808591 "" "" 1203.54077 1458.61511 3127.81008 4.5603 674.86 8.4255 3764.6 15.115 "" "" 0.0031776779337187497 0.013839394 0.005769484 0.019608878 106.06454510377 -11.38270094427 1317.56519 -4.635999999999999 1.6509999999999996 -0.10366662597656262 0.004678107261657738 0.24618077 0.25218076 "" "" 0.6480838007339477 "" 0.1595537694104244 "" 0.8
