Clusters/UBC_182/UBC_182_stars_in_region.tsv
# %ECSV 1.0
# ---
# datatype:
# - name: RA_ICRS_1
#   unit: deg
#   datatype: float64
#   format: '{:15.11f}'
#   description: Right ascension (ICRS) at Ep=2016.0 (ra)
#   meta: !!omap
#   - {ucd: POS_EQ_RA_MAIN}
#   - {width: 15}
#   - {precision: '11'}
# - name: DE_ICRS_1
#   unit: deg
#   datatype: float64
#   format: '{:15.11f}'
#   description: Declination (ICRS) at Ep=2016.0 (dec)
#   meta: !!omap
#   - {ucd: POS_EQ_DEC_MAIN}
#   - {width: 15}
#   - {precision: '11'}
# - name: e_RA_ICRS
#   unit: mas
#   datatype: float64
#   format: '{:7.4f}'
#   description: Standard error of right ascension (ra_error)
#   meta: !!omap
#   - {ucd: ERROR}
#   - {width: 7}
#   - {precision: '4'}
# - name: e_DE_ICRS
#   unit: mas
#   datatype: float64
#   format: '{:7.4f}'
#   description: Standard error of declination (dec_error)
#   meta: !!omap
#   - {ucd: ERROR}
#   - {width: 7}
#   - {precision: '4'}
# - name: _r_1
#   unit: ''
#   datatype: float64
#   format: '{:7.4f}'
#   description: Distance from center (004.11341372000+52.27920212000)[ICRS], at Epoch=J2016.0
#   meta: !!omap
#   - {ucd: POS_ANG_DIST_GENERAL}
#   - {width: 7}
#   - {precision: '4'}
# - name: HIP
#   datatype: int32
#   description: '? HIP cross-id number, van Leeuwen, Cat. I/311 (hip_original_ext_source_id)'
#   meta: !!omap
#   - {ucd: ID_NUMBER}
#   - {width: 6}
#   - values: {'null': -2147483648}
# - name: TYC2
#   datatype: string
#   description: Tycho-2 cross-id name, Hog et al., Cat. I/259 (tyc2_original_ext_source_id)
#   meta: !!omap
#   - {ucd: ID_CROSSID}
#   - {_votable_string_dtype: char}
# - name: Source
#   datatype: int64
#   description: Source identifier, identical to the Gaia-EDR3 source_id (id)
#   meta: !!omap
#   - {ucd: ID_MAIN}
#   - {width: 19}
# - name: rgeo
#   unit: pc
#   datatype: float64
#   format: '{:15.8f}'
#   description: '? Median of the geometric distance posterior (r_med_geo)'
#   meta: !!omap
#   - {ucd: PHYS_DISTANCE_TRUE}
#   - {width: 15}
#   - {precision: '8'}
#   - values: {'null': .nan}
# - name: Plx
#   unit: mas
#   datatype: float64
#   format: '{:9.4f}'
#   description: '? Parallax (parallax)'
#   meta: !!omap
#   - {ucd: POS_PARLX_TRIG}
#   - {width: 9}
#   - {precision: '4'}
#   - values: {'null': .nan}
# - name: e_Plx
#   unit: mas
#   datatype: float32
#   format: '{:7.4f}'
#   description: '? Standard error of parallax (parallax_error)'
#   meta: !!omap
#   - {ucd: ERROR}
#   - {width: 7}
#   - {precision: '4'}
#   - values: {'null': .nan}
# - name: pmRA
#   unit: mas / yr
#   datatype: float64
#   format: '{:9.3f}'
#   description: '? Proper motion in right ascension direction, pmRA*cosDE (pmra)'
#   meta: !!omap
#   - {ucd: POS_EQ_PMRA}
#   - {width: 9}
#   - {precision: '3'}
#   - values: {'null': .nan}
# - name: pmDE
#   unit: mas / yr
#   datatype: float64
#   format: '{:9.3f}'
#   description: '? Proper motion in declination direction (pmdec)'
#   meta: !!omap
#   - {ucd: POS_EQ_PMDEC}
#   - {width: 9}
#   - {precision: '3'}
#   - values: {'null': .nan}
# - name: e_pmRA
#   unit: mas / yr
#   datatype: float32
#   format: '{:6.3f}'
#   description: '? Standard error of proper motion in right ascension direction (pmra_error)'
#   meta: !!omap
#   - {ucd: ERROR}
#   - {width: 6}
#   - {precision: '3'}
#   - values: {'null': .nan}
# - name: e_pmDE
[...]
#         unit: &id001 !astropy.units.Unit {unit: deg}
#         value: !astropy.table.SerializedColumn {name: SkyCoord.dec}
#       distance: !astropy.table.SerializedColumn
#         __class__: astropy.coordinates.distances.Distance
#         unit: !astropy.units.Unit {unit: pc}
#         value: !astropy.table.SerializedColumn {name: SkyCoord.distance}
#       frame: icrs
#       obstime: !astropy.time.Time {format: jyear_str, in_subfmt: '*', jd1: 367701545.0, jd2: 0.0, out_subfmt: '*', precision: 3, scale: tt}
#       pm_dec: !astropy.table.SerializedColumn
#         __class__: astropy.units.quantity.Quantity
#         unit: !astropy.units.Unit {unit: mas / yr}
#         value: !astropy.table.SerializedColumn {name: SkyCoord.pm_dec}
#       pm_ra_cosdec: !astropy.table.SerializedColumn
#         __class__: astropy.units.quantity.Quantity
#         unit: !astropy.units.Unit {unit: mas / yr}
#         value: !astropy.table.SerializedColumn {name: SkyCoord.pm_ra_cosdec}
#       ra: !astropy.table.SerializedColumn
#         __class__: astropy.coordinates.angles.Longitude
#         unit: *id001
#         value: !astropy.table.SerializedColumn {name: SkyCoord.ra}
#         wrap_angle: !astropy.coordinates.Angle
#           unit: *id001
#           value: 360.0
#       representation_type: spherical
# schema: astropy-2.0
RA_ICRS_1 DE_ICRS_1 e_RA_ICRS e_DE_ICRS _r_1 HIP TYC2 Source rgeo Plx e_Plx pmRA pmDE e_pmRA e_pmDE RUWE Teff logg Gmag BP-RP BPmag RPmag RV e_RV b_rgeo B_rgeo FG e_FG FBP e_FBP FRP e_FRP RAVE5 RAVE6 e_Gmag e_BPmag e_RPmag e_BP-RP SkyCoord.ra SkyCoord.dec SkyCoord.distance SkyCoord.pm_ra_cosdec SkyCoord.pm_dec
[from data line 284]
4.14617198195 52.71447476367 0.0129 0.0153 26.1438 "" "" 419194859709503744 1647.90759 0.5809 0.025 -0.438 -1.871 0.018 0.02 1.014 6739.0 4.2415 14.92107 0.81286 15.240693 14.427833 "" "" 1585.44922 1713.26611 20254.37326 3.7278 10943.0 10.025 13428.0 10.411 "" "" 0.002762556959551115 0.002962159 0.0038719946 0.0068341536 4.14617198195 52.71447476367 1647.90759 -0.43799999999999994 -1.8710000000000004
4.25788148498 52.07108532833 0.0137 0.0155 13.5714 "" "" 395133250325037312 1510.64819 0.6316 0.0244 3.308 -0.069 0.019 0.022 1.024 6137.3 4.1873 14.921741 0.849541 15.261146 14.411605 "" "" 1465.54675 1568.91357 20241.86962 3.2249 10739.0 10.234 13631.0 10.391 "" "" 0.002760744584707569 0.0029758376 0.0038689475 0.006844785 4.25788148498 52.07108532833 1510.64819 3.3080000000000003 -0.06899999999999998
4.31598053875 52.29359320673 0.0129 0.0145 7.4848 "" "" 395165617199210624 1460.79712 0.6532 0.024 -6.73 -2.316 0.017 0.019 1.034 5563.5 3.9183 14.923971 1.022411 15.34897 14.326559 "" "" 1419.60193 1513.75159 20200.31429 2.9688 9904.4 10.044 14741.0 10.577 "" "" 0.0027599368664362146 0.0029995558 0.003858838 0.0068583935 4.31598053875 52.29359320673 1460.79712 -6.730000000000001 -2.3160000000000003
4.38914387116 51.85761209894 0.013 0.0145 27.2632 "" "" 395129333314787456 1522.33289 0.6204 0.0245 9.697 -0.077 0.018 0.02 1.03 5237.3 4.1547 14.935373 1.101493 15.405819 14.304326 "" "" 1464.44788 1580.13196 19989.28474 2.9427 9399.2 9.1143 15046.0 10.397 "" "" 0.0027599523120394494 0.0029821957 0.0038531306 0.0068353266 4.38914387116 51.85761209894 1522.33289 9.696999999999997 -0.07700000000000004
4.39160405328 52.40091404319 0.0125 0.0149 12.5431 "" "" 395167506984758400 1617.52051 0.5896 0.0236 -2.296 -0.693 0.017 0.019 1.009 5915.9 4.125 14.939723 0.897933 15.29685 14.398917 "" "" 1567.60278 1679.5448 19909.37768 3.1989 10391.0 10.472 13791.0 8.0421 "" "" 0.0027608371358082613 0.0029970522 0.0038320478 0.0068290997 4.39160405328 52.40091404319 1617.52051 -2.296 -0.6929999999999998
4.49309281793 52.53207581975 0.0189 0.0223 20.5754 "" "" 419142014430239616 1590.7511 0.6037 0.0371 -4.046 -3.896 0.027 0.03 1.542 5956.2 4.0734 14.940205 0.993544 15.345882 14.352339 "" "" 1483.99255 1685.01587 19900.53854 4.3793 9932.6 8.9752 14395.0 8.8847 "" "" 0.0027656600011140933 0.0029576293 0.0038383321 0.0067959614 4.49309281793 52.53207581975 1590.7511 -4.045999999999999 -3.896000000000001
4.11012767783 52.20772077086 0.0135 0.0161 4.2906 "" "" 395160600677436544 1474.87793 0.6532 0.0232 5.235 -3.116 0.019 0.022 1.019 5817.1 4.2521 14.941976 0.895946 15.30528 14.409334 "" "" 1425.64514 1536.53955 19868.10909 3.0461 10311.0 7.6513 13659.0 6.4666 "" "" 0.002760343926526962 0.002904162 0.003814177 0.006718339 4.11012767783 52.20772077086 1474.87793 5.234999999999999 -3.1159999999999997
3.62372372655 52.30653408486 0.0137 0.0156 18.0451 "" "" 395154690801345280 1369.54431 0.7022 0.0234 2.956 1.448 0.018 0.019 1.032 5704.6 3.8266 14.949756 0.827846 15.282555 14.454709 "" "" 1319.18188 1418.75647 19726.25139 3.4704 10529.0 11.977 13100.0 13.06 "" "" 0.002761933156076734 0.0030512952 0.003931331 0.0069826264 3.62372372655 52.30653408486 1369.54431 2.956 1.4480000000000002
3.68132565779 52.63110066923 0.0135 0.0163 26.3701 "" "" 395188157187289728 1794.33582 0.5265 0.0252 -2.349 -3.289 0.018 0.022 1.011 6755.3 4.2858 14.956673 0.778562 15.260052 14.48149 "" "" 1716.36902 1878.10559 19600.98299 3.5302 10750.0 11.139 12781.0 8.4069 "" "" 0.0027622503655319697 0.003008443 0.0038462647 0.0068547074 3.68132565779 52.63110066923 1794.33582 -2.349 -3.289
3.95383276118 52.34712853954 0.0136 0.0154 7.1326 "" "" 395175547163513984 1690.75073 0.5604 0.0235 2.026 -2.464 0.018 0.022 0.986 5666.9 4.1298 14.960807 0.940566 15.341974 14.401408 "" "" 1622.19446 1745.83411 19526.47752 3.2894 9968.4 8.2747 13759.0 7.5874 "" "" 0.002761384134411453 0.002932119 0.0038265132 0.006758632 3.95383276118 52.34712853954 1690.75073 2.026 -2.464
4.63538389333 52.0099367584 0.0136 0.0155 25.1074 "" "" 395105040978955392 1778.19995 0.5268 0.0253 -2.527 1.15 0.018 0.021 0.991 5999.2 3.7871 14.961346 0.82188 15.285649 14.463769 "" "" 1702.66272 1870.9231 19516.80126 3.5009 10499.0 8.568 12991.0 10.705 "" "" 0.0027621947966644887 0.0029274775 0.0038838359 0.0068113133 4.63538389333 52.0099367584 1778.19995 -2.5270000000000006 1.1500000000000001
3.68789499564 51.98451510309 0.0136 0.0165 23.6271 "" "" 395142905411198080 1476.13647 0.6502 0.0257 3.052 -0.104 0.017 0.021 1.047 5792.0 4.1556 14.961884 0.937299 15.343507 14.406208 "" "" 1422.45984 1521.23767 19507.12721 2.8636 9954.4 8.4024 13699.0 9.4742 "" "" 0.0027599261772651047 0.0029368254 0.003853254 0.006790079 3.68789499564 51.98451510309 1476.13647 3.052 -0.10400000000000001
4.39069478252 52.02478463216 0.0137 0.015 18.3636 "" "" 395132185173001856 1802.44348 0.5231 0.025 -1.382 -2.33 0.018 0.021 1.026 "" "" 14.962255 1.178249 15.470657 14.292408 "" "" 1734.22461 1884.61157 19500.45386 2.9925 8854.3 9.6116 15212.0 10.689 "" "" 0.002760353223096752 0.0030288845 0.0038556145 0.006884499 4.39069478252 52.02478463216 1802.44348 -1.3819999999999997 -2.3299999999999996
3.97276354865 52.10240896025 0.0138 0.0154 11.8019 "" "" 395147475257916672 1617.65076 0.5926 0.0251 3.361 3.463 0.019 0.021 1.056 6154.5 4.2137 14.966326 0.87652 15.31594 14.43942 "" "" 1546.56201 1689.55505 19427.47429 4.4527 10210.0 8.0998 13286.0 8.357 "" "" 0.0027665346454591147 0.002920094 0.0038405897 0.006760684 3.97276354865 52.10240896025 1617.65076 3.3610000000000007 3.463
3.75993714535 52.11360656687 0.0137 0.0163 16.362 "" "" 395142458734557568 1879.2063 0.5006 0.0259 -7.472 -4.664 0.018 0.02 1.067 6304.8 4.0231 14.973275 0.885258 15.328469 14.443212 "" "" 1789.81799 1961.29358 19303.52809 3.2509 10093.0 8.8731 13240.0 8.8865 "" "" 0.002761380624032006 0.0029489207 0.0038489967 0.006797917 3.75993714535 52.11360656687 1879.2063 -7.472 -4.664
4.6601480787 52.37340981175 0.0131 0.0157 20.8302 "" "" 419138784614965888 1396.15259 0.6923 0.0243 1.368 3.7 0.017 0.02 0.987 "" "" 14.974547 0.833629 15.304143 14.470514 "" "" 1356.92163 1445.06616 19280.92469 3.5013 10322.0 8.6835 12911.0 11.066 "" "" 0.002762365420916245 0.002935869 0.003892263 0.006828132 4.6601480787 52.37340981175 1396.15259 1.3680000000000003 3.7
3.75678381136 51.94024895818 0.0144 0.0174 24.2136 "" "" 395139572516593920 1522.06006 0.6201 0.029 -3.113 3.633 0.019 0.022 1.118 6360.0 3.8809 14.975373 0.856857 15.309479 14.452621 "" "" 1469.67236 1584.57056 19266.25315 3.5875 10271.0 11.369 13125.0 8.4313 "" "" 0.002762727373198274 0.0030379898 0.0038431988 0.0068811886 3.75678381136 51.94024895818 1522.06006 -3.1130000000000004 3.633000000000001
3.89184416723 52.22883945371 0.0137 0.0156 8.6811 "" "" 395149983517355392 1290.73853 0.746 0.024 4.125 1.912 0.019 0.021 0.997 5754.8 4.2851 14.978102 0.883125 15.303327 14.420201 "" "" 1249.94409 1335.00623 19217.90084 3.9218 10330.0 16.268 13523.0 34.424 "" "" 0.002764214363529472 0.0032724054 0.0046821497 0.007954555 3.89184416723 52.22883945371 1290.73853 4.125 1.9120000000000004
3.48901450959 52.48014195503 0.0191 0.0222 25.8523 "" "" 395930155735624576 1291.27075 0.7425 0.032 11.4 -3.174 0.024 0.028 1.376 5324.7 4.3178 14.9817 1.036329 15.408757 14.372428 "" "" 1246.41467 1336.28931 19154.32141 3.5037 9373.8 8.8202 14131.0 11.628 "" "" 0.0027624685175132455 0.0029713202 0.003883546 0.006854866 3.48901450959 52.48014195503 1291.27075 11.399999999999999 -3.174
3.72823945808 52.58833324216 0.0131 0.0154 23.2926 "" "" 395186920236729472 1709.79431 0.5491 0.0257 -0.409 -2.49 0.02 0.021 0.938 6432.7 4.1909 14.982228 0.815655 15.306979 14.491324 "" "" 1647.30212 1776.41113 19144.99763 3.6055 10295.0 9.5931 12666.0 9.2228 "" "" 0.0027628967269340094 0.0029679302 0.003861185 0.006829115 3.72823945808 52.58833324216 1709.79431 -0.4089999999999999 -2.49
4.23148503732 52.35073261906 0.014 0.0162 6.0972 "" "" 395166063875758720 1427.49683 0.6713 0.0267 1.084 -0.528 0.018 0.022 1.067 5716.2 4.2101 14.982945 0.948006 15.370684 14.422678 "" "" 1372.66516 1476.22363 19132.38487 2.9026 9708.3 8.6469 13492.0 9.465 "" "" 0.0027602394080260603 0.002952999 0.0038553693 0.0068083685 4.23148503732 52.35073261906 1427.49683 1.084 -0.528
4.35725336224 51.89737280422 0.0131 0.0148 24.6103 "" "" 395129539473201280 1654.03979 0.572 0.0252 1.71 0.414 0.018 0.02 1.005 6600.1 4.3833 14.983482 0.766552 15.2792 14.512648 "" "" 1576.8645 1729.23901 19122.90759 3.4047 10562.0 10.265 12419.0 12.872 "" "" 0.002762092917389093 0.0029830365 0.0039433637 0.0069264 4.35725336224 51.89737280422 1654.03979 1.7100000000000002 0.414
4.11304060014 51.99611431177 0.0138 0.0155 16.9853 "" "" 395134109318335104 1490.37964 0.6412 0.024 0.69 -2.033 0.018 0.021 1.017 5788.1 4.117 14.988767 0.884268 15.346426 14.462158 "" "" 1439.35938 1537.9325 19030.0485 3.2313 9927.6 9.318 13011.0 9.7037 "" "" 0.00276148098537499 0.0029704454 0.003865155 0.0068356004 4.11304060014 51.99611431177 1490.37964 0.69 -2.0330000000000004
4.57370333222 52.30304790085 0.0133 0.0152 16.9526 "" "" 395118819233935104 1309.41345 0.7364 0.0238 1.802 -4.179 0.017 0.02 0.976 6130.3 4.3557 14.991735 0.869187 15.339999 14.470812 "" "" 1268.52148 1360.83459 18978.09357 3.274 9986.6 10.211 12907.0 10.186 "" "" 0.0027616793318166817 0.0030029058 0.0038752952 0.006878201 4.57370333222 52.30304790085 1309.41345 1.802 -4.179
3.9797341876 52.52607689104 0.0137 0.0157 15.5999 "" "" 395182865787663232 1620.19678 0.5898 0.0253 1.399 -5.149 0.019 0.022 1.004 5849.2 4.198 14.994074 0.903736 15.357693 14.453957 "" "" 1550.97583 1683.66516 18937.26766 3.2592 9825.2 11.242 13109.0 11.329 "" "" 0.002761649205203956 0.0030542358 0.0038941177 0.0069483537 3.9797341876 52.52607689104 1620.19678 1.399 -5.148999999999999
3.82978643238 52.60991675509 0.013 0.0154 22.3904 "" "" 395185717645886208 1912.75879 0.4878 0.0246 -3.81 -2.521 0.02 0.024 1.028 7083.4 4.0023 14.997443 0.747436 15.283197 14.535762 "" "" 1826.56458 2039.02454 18878.58327 3.7331 10523.0 12.362 12158.0 10.296 "" "" 0.0027636721762285023 0.0030678813 0.0038896175 0.006957499 3.82978643238 52.60991675509 1912.75879 -3.81 -2.521
4.6617586667 52.59138337194 0.0125 0.0149 27.4439 "" "" 419147683787055232 1723.88977 0.5492 0.0246 -13.133 -6.155 0.018 0.021 0.923 5627.6 4.1383 15.002163 0.954509 15.389303 14.434794 "" "" 1655.06543 1797.62402 18796.69492 3.0805 9543.2 8.683 13343.0 8.6749 "" "" 0.0027610596974992465 0.0029598877 0.003844737 0.0068046246 4.6617586667 52.59138337194 1723.88977 -13.133 -6.154999999999999
3.99666067886 51.93587307297 0.0131 0.0145 21.0442 "" "" 395128508681001984 1813.34241 0.517 0.0244 -2.78 -0.069 0.018 0.02 0.987 6266.3 4.2238 15.003183 0.808701 15.320534 14.511833 "" "" 1739.35632 1916.59802 18779.03906 3.2209 10167.0 9.083 12429.0 9.9123 "" "" 0.002761605980330661 0.0029539636 0.0038773047 0.0068312683 3.99666067886 51.93587307297 1813.34241 -2.7799999999999994 -0.06900000000000005
4.0733484815 52.55209170632 0.0136 0.0159 16.4389 "" "" 395173038902486016 1400.27466 0.6832 0.0255 -3.554 -6.792 0.019 0.023 1.047 5031.6 3.6401 15.013186 1.264364 15.563719 14.299355 "" "" 1351.11206 1452.79089 18606.84466 2.9647 8127.0 10.938 15115.0 7.8568 "" "" 0.002760745642506218 0.0031496624 0.0038212875 0.00697095 4.0733484815 52.55209170632 1400.27466 -3.554 -6.792
3.93944353654 51.99318284477 0.014 0.0158 18.3181 "" "" 395140461566630528 1636.73157 0.5848 0.0254 -5.676 -5.895 0.018 0.021 0.962 6246.3 4.2218 15.016262 0.985445 15.419868 14.434423 "" "" 1578.08118 1705.62878 18554.18435 4.002 9278.3 12.039 13347.0 11.34 "" "" 0.002765254442497803 0.003125658 0.003890332 0.00701599 3.93944353654 51.99318284477 1636.73157 -5.676000000000001 -5.895
4.47849649484 52.25701430025 0.0136 0.0158 13.4711 "" "" 395118028959881728 1590.90442 0.604 0.025 1.865 0.157 0.018 0.02 1.002 6208.9 4.3015 15.022598 0.833136 15.35312 14.519984 "" "" 1531.27502 1646.98511 18446.2298 3.1215 9866.6 9.1485 12336.0 7.7729 "" "" 0.0027614391371862165 0.0029662305 0.0038408006 0.006807031 4.47849649484 52.25701430025 1590.90442 1.8649999999999998 0.15699999999999997
4.18287265637 51.97019059984 0.0143 0.0155 18.7164 "" "" 395133834440450560 1594.58582 0.5945 0.0247 0.701 -4.021 0.018 0.02 1.06 5452.2 4.2093 15.024834 0.968687 15.421122 14.452435 "" "" 1534.05798 1649.60645 18408.27577 2.8899 9267.6 9.9033 13128.0 8.4842 "" "" 0.0027605872933337385 0.0030217771 0.0038439662 0.0068657435 4.18287265637 51.97019059984 1594.58582 0.7010000000000001 -4.020999999999999
3.45964545945 52.21840623827 0.0144 0.0153 24.2909 "" "" 395897647120098048 1486.27344 0.6431 0.0228 -4.426 -2.94 0.019 0.02 1.049 5419.3 4.2015 15.029058 0.925479 15.404469 14.478991 "" "" 1436.57751 1535.41711 18336.79728 3.057 9410.9 10.869 12810.0 8.7632 "" "" 0.002761259327011439 0.003058996 0.003851674 0.00691067 3.45964545945 52.21840623827 1486.27344 -4.425999999999999 -2.9400000000000004
3.66636631673 52.06180362578 0.0137 0.0165 20.9945 "" "" 395143558246198912 1719.61133 0.5513 0.0246 -1.197 -1.251 0.018 0.021 1.033 6620.1 4.0358 15.037014 0.737102 15.318825 14.581723 "" "" 1651.17224 1791.93445 18202.91935 3.0867 10183.0 9.4004 11654.0 9.0878 "" "" 0.002761464456044686 0.0029647327 0.0038730553 0.006837788 3.66636631673 52.06180362578 1719.61133 -1.197 -1.251
4.83024895349 52.49755014736 0.0129 0.0147 29.3368 "" "" 419143079582192512 1554.34253 0.6215 0.024 -6.748 -0.754 0.019 0.021 0.991 "" "" 15.037311 0.994976 15.449079 14.454103 "" "" 1490.56335 1622.19531 18197.94514 2.9641 9032.0 10.673 13107.0 10.37 "" "" 0.0027609896500550447 0.003071016 0.0038757748 0.006946791 4.83024895349 52.49755014736 1554.34253 -6.748000000000001 -0.754
3.61494120677 52.55262290692 0.0142 0.0163 24.5335 "" "" 395181800635633920 1448.23877 0.672 0.0253 -2.73 -2.283 0.019 0.021 1.07 "" "" 15.039628 0.80396 15.356144 14.552184 "" "" 1394.3396 1502.55396 18159.15266 3.6153 9839.2 9.5963 11975.0 10.319 "" "" 0.002763786182562188 0.002984357 0.0038934636 0.006877821 3.61494120677 52.55262290692 1448.23877 -2.7299999999999995 -2.283
4.5658120267 52.09879313215 0.015 0.0168 19.8516 "" "" 395109954424319104 1918.76843 0.4889 0.0293 -6.341 -2.941 0.019 0.022 1.033 6521.4 4.0169 15.040621 0.733115 15.322247 14.589131 "" "" 1830.18457 2036.74426 18142.559 4.7542 10151.0 9.272 11575.0 9.7951 "" "" 0.0027699706586630274 0.0029611748 0.0038894583 0.006850633 4.5658120267 52.09879313215 1918.76843 -6.341 -2.941
4.37024516694 52.22539436787 0.0135 0.0154 9.9708 "" "" 395158745251584384 1608.14417 0.586 0.0263 -1.323 0.067 0.019 0.021 0.995 6591.0 4.3679 15.040992 0.735757 15.324828 14.589071 "" "" 1535.52063 1671.48035 18136.36315 3.2541 10127.0 9.4523 11575.0 8.1077 "" "" 0.002762198264182173 0.002968506 0.0038551383 0.006823644 4.37024516694 52.22539436787 1608.14417 -1.323 0.067
4.07565960053 52.33649690977 0.0137 0.0161 3.7062 "" "" 395164002291445888 1684.05823 0.5591 0.0249 -6.994 -1.062 0.018 0.022 1.013 6320.4 4.2017 15.04123 0.856502 15.382103 14.525601 "" "" 1618.35291 1749.73547 18132.36765 3.2133 9606.7 9.8499 12272.0 8.4014 "" "" 0.002762030030741346 0.0030040492 0.0038517804 0.0068558296 4.07565960053 52.33649690977 1684.05823 -6.993999999999999 -1.0619999999999998
3.89884288811 52.60758852105 0.0132 0.0153 21.2084 "" "" 395185545847201152 1549.95496 0.6196 0.0244 -5.266 -2.713 0.019 0.024 1.044 6572.7 4.2075 15.042239 0.823009 15.36689 14.54388 "" "" 1494.47876 1608.33691 18115.53562 3.5573 9742.3 10.319 12067.0 7.7993 "" "" 0.0027635565837726807 0.003017874 0.0038439792 0.0068618534 3.89884288811 52.60758852105 1549.95496 -5.266 -2.7129999999999996
