Clusters/UBC_182/UBC_182_members.tsv
# %ECSV 1.0
# ---
# datatype:
# - name: RA_ICRS_1
#   unit: deg
#   datatype: float64
#   format: '{:15.11f}'
#   description: Right ascension (ICRS) at Ep=2016.0 (ra)
#   meta: !!omap
#   - {ucd: POS_EQ_RA_MAIN}
#   - {width: 15}
#   - {precision: '11'}
# - name: DE_ICRS_1
#   unit: deg
#   datatype: float64
#   format: '{:15.11f}'
#   description: Declination (ICRS) at Ep=2016.0 (dec)
#   meta: !!omap
#   - {ucd: POS_EQ_DEC_MAIN}
#   - {width: 15}
#   - {precision: '11'}
# - name: e_RA_ICRS
#   unit: mas
#   datatype: float64
#   format: '{:7.4f}'
#   description: Standard error of right ascension (ra_error)
#   meta: !!omap
#   - {ucd: ERROR}
#   - {width: 7}
#   - {precision: '4'}
# - name: e_DE_ICRS
#   unit: mas
#   datatype: float64
#   format: '{:7.4f}'
#   description: Standard error of declination (dec_error)
#   meta: !!omap
#   - {ucd: ERROR}
#   - {width: 7}
#   - {precision: '4'}
# - name: _r_1
#   unit: ''
#   datatype: float64
#   format: '{:7.4f}'
#   description: Distance from center (004.11341372000+52.27920212000)[ICRS], at Epoch=J2016.0
#   meta: !!omap
#   - {ucd: POS_ANG_DIST_GENERAL}
#   - {width: 7}
#   - {precision: '4'}
# - name: HIP
#   datatype: int32
#   description: '? HIP cross-id number, van Leeuwen, Cat. I/311 (hip_original_ext_source_id)'
#   meta: !!omap
#   - {ucd: ID_NUMBER}
#   - {width: 6}
#   - values: {'null': -2147483648}
# - name: TYC2
#   datatype: string
#   description: Tycho-2 cross-id name, Hog et al., Cat. I/259 (tyc2_original_ext_source_id)
#   meta: !!omap
#   - {ucd: ID_CROSSID}
#   - {_votable_string_dtype: char}
# - name: Source
#   datatype: int64
#   description: Source identifier, identical to the Gaia-EDR3 source_id (id)
#   meta: !!omap
#   - {ucd: ID_MAIN}
#   - {width: 19}
# - name: rgeo
#   unit: pc
#   datatype: float64
#   format: '{:15.8f}'
#   description: '? Median of the geometric distance posterior (r_med_geo)'
#   meta: !!omap
#   - {ucd: PHYS_DISTANCE_TRUE}
#   - {width: 15}
#   - {precision: '8'}
#   - values: {'null': .nan}
# - name: Plx
#   unit: mas
#   datatype: float64
#   format: '{:9.4f}'
#   description: '? Parallax (parallax)'
#   meta: !!omap
#   - {ucd: POS_PARLX_TRIG}
#   - {width: 9}
#   - {precision: '4'}
#   - values: {'null': .nan}
# - name: e_Plx
#   unit: mas
#   datatype: float32
#   format: '{:7.4f}'
#   description: '? Standard error of parallax (parallax_error)'
#   meta: !!omap
#   - {ucd: ERROR}
#   - {width: 7}
#   - {precision: '4'}
#   - values: {'null': .nan}
# - name: pmRA
#   unit: mas / yr
#   datatype: float64
#   format: '{:9.3f}'
#   description: '? Proper motion in right ascension direction, pmRA*cosDE (pmra)'
#   meta: !!omap
#   - {ucd: POS_EQ_PMRA}
#   - {width: 9}
#   - {precision: '3'}
#   - values: {'null': .nan}
# - name: pmDE
#   unit: mas / yr
#   datatype: float64
#   format: '{:9.3f}'
#   description: '? Proper motion in declination direction (pmdec)'
#   meta: !!omap
#   - {ucd: POS_EQ_PMDEC}
#   - {width: 9}
#   - {precision: '3'}
#   - values: {'null': .nan}
# - name: e_pmRA
#   unit: mas / yr
#   datatype: float32
#   format: '{:6.3f}'
#   description: '? Standard error of proper motion in right ascension direction (pmra_error)'
#   meta: !!omap
#   - {ucd: ERROR}
#   - {width: 6}
#   - {precision: '3'}
#   - values: {'null': .nan}
# - name: e_pmDE
[...]
#       distance: !astropy.table.SerializedColumn
#         __class__: astropy.coordinates.distances.Distance
#         unit: !astropy.units.Unit {unit: pc}
#         value: !astropy.table.SerializedColumn {name: SkyCoord.distance}
#       frame: icrs
#       obstime: !astropy.time.Time {format: jyear_str, in_subfmt: '*', jd1: 367701545.0, jd2: 0.0, out_subfmt: '*', precision: 3, scale: tt}
#       pm_dec: !astropy.table.SerializedColumn
#         __class__: astropy.units.quantity.Quantity
#         unit: !astropy.units.Unit {unit: mas / yr}
#         value: !astropy.table.SerializedColumn {name: SkyCoord.pm_dec}
#       pm_ra_cosdec: !astropy.table.SerializedColumn
#         __class__: astropy.units.quantity.Quantity
#         unit: !astropy.units.Unit {unit: mas / yr}
#         value: !astropy.table.SerializedColumn {name: SkyCoord.pm_ra_cosdec}
#       ra: !astropy.table.SerializedColumn
#         __class__: astropy.coordinates.angles.Longitude
#         unit: *id001
#         value: !astropy.table.SerializedColumn {name: SkyCoord.ra}
#         wrap_angle: !astropy.coordinates.Angle
#           unit: *id001
#           value: 360.0
#       representation_type: spherical
# schema: astropy-2.0
RA_ICRS_1 DE_ICRS_1 e_RA_ICRS e_DE_ICRS _r_1 HIP TYC2 Source rgeo Plx e_Plx pmRA pmDE e_pmRA e_pmDE RUWE Teff logg Gmag BP-RP BPmag RPmag RV e_RV b_rgeo B_rgeo FG e_FG FBP e_FBP FRP e_FRP RAVE5 RAVE6 e_Gmag e_BPmag e_RPmag e_BP-RP SkyCoord.ra SkyCoord.dec SkyCoord.distance SkyCoord.pm_ra_cosdec SkyCoord.pm_dec rmRA rmDE e_rmRA e_rmDE rRV e_rRV v_pec v_pec3d e_vpec e_vpec3d Pmemb
3.93541152456 52.39913915702 0.016 0.0172 9.7142 "" 3259-1646-1 395175925120595328 1384.0249 0.6515 0.0268 -2.801 -1.726 0.02 0.023 1.148 9999.7 3.8324 11.520891 0.018398 11.512187 11.493789 "" "" 1332.95984 1451.00989 464077.26704 374.36 339270.0 610.86 200280.0 356.87 "" "" 0.002891172835764771 0.0034068476 0.0042457627 0.0076526105 3.93541152456 52.39913915702 1384.0249 -2.801 -1.726 0.07157695198059066 0.12265379333496096 0.111716196 0.114716195 "" "" 0.931633697371587 "" 0.10617043030267147 "" 0.88
4.07899695104 52.41808965064 0.0124 0.0145 8.4282 "" 3259-2059-1 395170187044295168 1717.31189 0.5281 0.0224 -2.914 -1.96 0.016 0.02 1.3 "" "" 11.870337 0.151548 11.91838 11.766831 -10.48 22.78 1643.34399 1790.12305 336366.14006 68.662 233380.0 97.966 155750.0 43.072 "" "" 0.0027642194652446844 0.002827148 0.00379129 0.0066184383 4.07899695104 52.41808965064 1717.31189 -2.914 -1.96 -0.041423048019409325 -0.11134620666503903 0.107716195 0.111716196 22.16142857142857 24.41625 0.9670528643889315 22.182518061957108 0.10757262301826621 24.393037522525862 0.91
4.13516013451 52.37083244065 0.0098 0.0117 5.5554 "" 3259-2053-1 395169224971662720 1462.66028 0.6493 0.0178 -2.95 -1.906 0.013 0.016 0.915 12110.9 4.1462 12.174564 0.110643 12.210221 12.099578 "" "" 1421.68945 1504.00562 254168.05561 50.613 178370.0 93.437 114640.0 44.337 "" "" 0.002763789777536367 0.0028475472 0.0038026373 0.0066501843 4.13516013451 52.37083244065 1462.66028 -2.949999999999999 -1.9060000000000001 -0.07742304801940936 -0.05734620666503898 0.1047162 0.107716195 "" "" 0.6679808541049825 "" 0.07066483589434674 "" 0.99
3.96185566418 52.26215779197 0.0096 0.0107 5.6578 "" 3259-1924-1 395173485579271296 1596.24731 0.5921 0.0168 -2.928 -2.033 0.013 0.015 0.921 11186.8 4.0196 12.380618 0.134707 12.426644 12.291938 "" "" 1553.97437 1640.87866 210232.38239 35.182 146140.0 58.505 96025.0 31.381 "" "" 0.002761304549524854 0.0028238231 0.003796001 0.006619824 3.96185566418 52.26215779197 1596.24731 -2.928 -2.033 -0.055423048019409116 -0.18434620666503898 0.1047162 0.10671619 "" "" 1.4564759727585996 "" 0.1551901794244627 "" 0.97
4.33079187021 52.24181189438 0.0091 0.0104 8.2923 "" 3259-1752-1 395158813971048320 1448.63281 0.6568 0.0174 -2.918 -1.93 0.012 0.013 0.919 "" "" 12.85388 0.163044 12.916624 12.75358 "" "" 1405.68396 1497.07837 135954.8964 57.392 93061.0 69.536 62766.0 86.407 "" "" 0.0027931806650159253 0.0029057201 0.0040642098 0.0069699297 4.33079187021 52.24181189438 1448.63281 -2.9179999999999993 -1.9299999999999995 -0.04542304801940933 -0.081346206665039 0.103716195 0.1047162 "" "" 0.6397466122524399 "" 0.066840325485246 "" 0.99
4.1890837365 52.21739695713 0.0107 0.0128 4.6345 "" "" 395160772476132224 1459.96143 0.6491 0.0206 -2.893 -1.915 0.015 0.017 1.011 9861.9 4.1999 12.977754 0.141623 13.030973 12.88935 "" "" 1427.91882 1500.43079 121295.62283 35.893 83758.0 38.291 55388.0 19.723 "" "" 0.002773988597873851 0.002833976 0.003799105 0.006633081 4.1890837365 52.21739695713 1459.96143 -2.893 -1.915 -0.020423048019408974 -0.0663462066650391 0.10671619 0.10871619 "" "" 0.48039069179848903 "" 0.05214378534083886 "" 0.94
4.14038191648 52.32619155378 0.0081 0.0097 2.9879 "" "" 395163143298002048 1615.36572 0.582 0.0151 -2.876 -1.865 0.011 0.014 1.004 9500.4 4.2999 13.29633 0.251098 13.38588 13.134783 "" "" 1578.01953 1646.23486 90451.34589 25.248 60404.0 28.016 44182.0 12.897 "" "" 0.002771937588454017 0.0028352488 0.0037926473 0.006627896 4.14038191648 52.32619155378 1615.36572 -2.875999999999998 -1.8649999999999987 -0.0034230480194090696 -0.016346206665039054 0.10271619 0.10571619 "" "" 0.12787501805867146 "" 0.013502563094159516 "" 0.98
4.33971240568 52.46138417595 0.0076 0.009 13.719 "" "" 395168503417120896 1578.776 0.602 0.0154 -2.905 -1.732 0.01 0.011 0.952 7950.1 3.9818 13.3977 0.47025 13.570847 13.100596 "" "" 1538.0199 1629.92664 82388.49592 24.933 50942.0 31.225 45595.0 25.731 "" "" 0.002774842304567429 0.0028684393 0.0038287276 0.0066971667 4.33971240568 52.46138417595 1578.776 -2.905000000000001 -1.7320000000000007 -0.032423048019408984 0.11665379333496095 0.10171619 0.10271619 "" "" 0.9060588055494785 "" 0.0930022290522982 "" 0.99
4.19845112517 52.32683183886 0.0082 0.0096 4.231 "" "" 395163005859057664 1514.48206 0.6297 0.0151 -2.832 -1.803 0.011 0.013 1.003 9036.8 4.2809 13.448438 0.276817 13.5484 13.271583 "" "" 1481.46411 1545.22913 78626.95998 23.431 52006.0 22.505 38952.0 14.032 "" "" 0.0027742521672516544 0.0028294518 0.0037995665 0.006629018 4.19845112517 52.32683183886 1514.48206 -2.8320000000000003 -1.8030000000000008 0.04057695198059097 0.045653793334961 0.10271619 0.1047162 "" "" 0.438471133630542 "" 0.04553009153456941 "" 0.99
3.7748543259 52.25465159124 0.0081 0.0094 12.5185 "" "" 395150670711979648 1500.65552 0.634 0.0139 -3.127 -1.819 0.011 0.012 1.031 4796.6 3.1085 13.553616 1.302537 14.132896 12.830359 -36.72 1.04 1466.01831 1533.92932 71367.49233 6.1507 30357.0 13.851 58481.0 18.864 "" "" 0.0027569086356035773 0.0028338064 0.003795574 0.0066293804 3.7748543259 52.25465159124 1500.65552 -3.127 -1.8190000000000004 -0.25442304801940896 0.029653793334960987 0.10271619 0.103716195 -4.078571428571429 2.67625 1.8219892478929207 4.467033659756393 0.18717233512777923 2.4447101986618667 0.97
4.47208651164 52.42503494868 0.008 0.0094 15.7907 "" "" 419139712327836032 1603.42419 0.5925 0.0152 -2.741 -1.823 0.011 0.013 1.026 8052.7 4.162 13.682197 0.46328 13.853646 13.390367 "" "" 1567.04578 1642.04358 63396.93259 15.832 39261.0 20.396 34915.0 17.549 "" "" 0.0027686288502943904 0.0028466098 0.003818577 0.006665187 4.47208651164 52.42503494868 1603.42419 -2.741 -1.823000000000001 0.13157695198059072 0.025653793334960984 0.10271619 0.1047162 "" "" 1.0188451901098812 "" 0.10472722233394967 "" 0.99
4.47051287258 52.39007565438 0.0087 0.0102 14.6854 "" "" 395120434141619712 1580.77905 0.6029 0.0163 -2.752 -1.775 0.011 0.013 0.969 7913.9 4.1283 13.936728 0.439998 14.097189 13.657191 "" "" 1539.40417 1622.59131 50148.26424 13.519 31372.0 18.304 27307.0 16.763 "" "" 0.002770822774094246 0.0028611775 0.0038377016 0.0066988794 4.47051287258 52.39007565438 1580.77905 -2.751999999999998 -1.775 0.12057695198059104 0.07365379333496103 0.10271619 0.1047162 "" "" 1.058692512858418 "" 0.10932429603533667 "" 0.98
4.16217018563 52.48803851374 0.0102 0.0122 12.6568 "" "" 395171527074057344 1674.91516 0.5659 0.0194 -2.789 -1.853 0.014 0.018 0.987 5739.4 4.0298 14.325525 0.96822 14.722266 13.754046 -49.9 7.45 1623.7301 1728.74829 35053.9347 12.351 17640.0 24.793 24977.0 25.437 "" "" 0.0027817503269610775 0.0031802086 0.003937813 0.0071180216 4.16217018563 52.48803851374 1674.91516 -2.789 -1.853 0.08357695198059067 -0.004346206665039043 0.10571619 0.10971619 -17.25857142857143 9.08625 0.6644221660659121 17.271356187915927 0.07024748367613984 9.07952480103444 1.0
4.2304953799 52.37118974571 0.0106 0.0122 6.9926 "" "" 395166476192605952 1563.09863 0.6141 0.0206 -2.829 -1.853 0.014 0.017 1.042 "" "" 14.399697 0.697234 14.665913 13.968678 -6.53 8.98 1514.43274 1611.14661 32739.18834 5.3057 18580.0 12.464 20497.0 9.8696 "" "" 0.0027609326690733412 0.0028836664 0.0038153694 0.006699036 4.2304953799 52.37118974571 1563.09863 -2.8290000000000006 -1.8530000000000002 0.04357695198059064 -0.004346206665039043 0.10571619 0.10871619 26.11142857142857 10.61625 0.32446730330877066 26.113444450545636 0.03431116953036952 10.615430504238274 0.99
4.20494159186 52.20320291231 0.0108 0.013 5.6658 "" "" 395160772476144384 1645.78174 0.5771 0.0198 -2.86 -1.928 0.014 0.016 1.011 5800.7 4.041 14.498384 0.981029 14.901446 13.920417 -32.26 9.31 1589.6781 1697.0553 29894.61919 23.412 14957.0 43.781 21428.0 44.703 "" "" 0.0028835380379863113 0.004229098 0.0044061565 0.008635255 4.20494159186 52.20320291231 1645.78174 -2.8599999999999985 -1.9280000000000004 0.012576951980590945 -0.079346206665039 0.10571619 0.107716195 0.38142857142857167 10.946251 0.6267077561325797 0.733655482293136 0.0674761336181083 5.691263946602045 0.96
4.07070350697 52.22257309288 0.013 0.0153 3.7424 "" "" 395161390951405568 1552.89453 0.6176 0.0237 -2.879 -1.873 0.017 0.019 0.979 5335.8 4.1209 14.730117 1.10473 15.197602 14.092873 "" "" 1496.18616 1606.11462 24149.05289 21.681 11386.0 35.039 18281.0 45.509 "" "" 0.002922665185804266 0.0043530203 0.004646409 0.00899943 4.07070350697 52.22257309288 1552.89453 -2.8790000000000013 -1.8730000000000009 -0.006423048019409183 -0.02434620666503906 0.10871619 0.110716194 "" "" 0.18533722002457945 "" 0.020495914745106775 "" 0.99
4.00766058349 52.22990300622 0.0125 0.014 4.8823 "" "" 395161562750083840 1531.24207 0.6235 0.0223 -2.903 -1.898 0.017 0.019 1.046 5645.1 3.7827 14.801963 1.104551 15.265839 14.161287 -29.42 10.35 1481.18262 1583.07947 22602.76472 19.588 10693.0 34.444 17165.0 42.151 "" "" 0.0029115494680672497 0.004473976 0.004625171 0.009099146 4.00766058349 52.22990300622 1531.24207 -2.9030000000000022 -1.8979999999999997 -0.030423048019409205 -0.04934620666503897 0.10871619 0.110716194 3.221428571428568 11.986251 0.4207569027571422 3.248790299793769 0.046354361337893536 11.885302652193987 0.99
4.0338867457 52.28266083284 0.02 0.0236 2.9266 "" "" 395162146865606272 1531.53796 0.6265 0.0361 -2.758 -1.805 0.027 0.032 1.662 5777.1 4.0659 14.878269 1.135225 15.337899 14.202674 "" "" 1467.58716 1597.18665 21068.76577 13.555 10006.0 24.81 16523.0 30.926 "" "" 0.0028424870816287314 0.0038771676 0.004291087 0.008168254 4.0338867457 52.28266083284 1531.53796 -2.757999999999999 -1.804999999999999 0.11457695198059081 0.043653793334961 0.118716195 0.12371619 "" "" 0.8900955187219833 "" 0.1062432148738031 "" 0.97
4.01840023492 52.10032774112 0.0147 0.0169 11.2872 "" "" 395135792945456256 1769.14062 0.5433 0.0272 -2.851 -1.773 0.02 0.023 1.074 6816.1 4.3958 15.11929 0.79243 15.430268 14.637838 "" "" 1693.31848 1842.51318 16874.48958 3.1433 9189.9 10.017 11067.0 9.4706 "" "" 0.002762732843912786 0.0030307772 0.0038919137 0.006922691 4.01840023492 52.10032774112 1769.14062 -2.8510000000000018 -1.7730000000000008 0.02157695198059084 0.07565379333496103 0.111716196 0.114716195 "" "" 0.6597100315641728 "" 0.0755323504509414 "" 0.99
4.22051004816 52.37222908474 0.0149 0.0175 6.8248 "" "" 395169431130103680 1601.60767 0.5974 0.0285 -2.852 -1.8 0.02 0.024 0.996 5171.9 4.1962 15.23842 1.1516 15.72564 14.57404 "" "" 1528.76892 1672.42554 15120.93913 13.545 7001.0 25.178 11737.0 32.248 "" "" 0.002921933912002337 0.0047991225 0.004814842 0.009613965 4.22051004816 52.37222908474 1601.60767 -2.852 -1.7999999999999996 0.020576951980590952 0.04865379333496089 0.111716196 0.11571619 "" "" 0.40103610690603064 "" 0.04616656481087143 "" 0.99
4.24282708672 52.43421671758 0.0147 0.0176 10.4401 "" "" 395168159819742080 1650.12085 0.5766 0.0284 -2.851 -1.835 0.02 0.024 1.034 5242.1 4.1872 15.279673 1.192881 15.789096 14.596215 "" "" 1573.12439 1714.89905 14557.19923 9.5972 6603.6 16.041 11499.0 23.678 "" "" 0.0028467802027155077 0.003839387 0.0043911254 0.008230513 4.24282708672 52.43421671758 1650.12085 -2.8510000000000018 -1.835 0.02157695198059084 0.013653793334960973 0.111716196 0.11571619 "" "" 0.1997169248378116 "" 0.022542928063924803 "" 0.99
4.30544768933 52.26924273201 0.0213 0.0252 7.0754 "" "" 395159707324225792 1660.03284 0.5791 0.0404 -3.056 -1.871 0.029 0.032 1.039 5308.8 4.1757 16.062738 1.42419 16.700607 15.276417 "" "" 1557.23438 1787.99341 7077.03163 7.7208 2852.2 13.608 6146.0 22.714 "" "" 0.0029991385704594095 0.0058837524 0.0055122273 0.01139598 4.30544768933 52.26924273201 1660.03284 -3.0560000000000005 -1.871 -0.18342304801940923 -0.02234620666503906 0.12071619 0.12371619 "" "" 1.4539457342405386 "" 0.17557936559285173 "" 0.97
4.03333613351 52.22674527128 0.0243 0.0279 4.3078 "" "" 395161494030612608 1507.9884 0.6359 0.0431 -2.899 -1.917 0.033 0.038 1.0 4910.4 4.2596 16.260271 1.391917 16.883024 15.491107 "" "" 1414.55652 1600.61609 5899.81055 6.9755 2411.1 12.215 5043.3 16.32 "" "" 0.003039680939546226 0.0061677066 0.0051602153 0.011327922 4.03333613351 52.22674527128 1507.9884 -2.899 -1.916999999999999 -0.0264230480194092 -0.0683462066650391 0.12471619 0.12971619 "" "" 0.5237674083670798 "" 0.06760632400592743 "" 0.98
3.88575182796 52.26020076675 0.027 0.0317 8.4364 "" "" 395150151017281408 1759.34888 0.5529 0.0452 -2.98 -1.735 0.036 0.044 1.03 "" "" 16.368254 1.693177 17.15562 15.462443 "" "" 1642.13062 1874.51233 5341.28332 34.56 1875.7 45.466 5178.2 93.547 "" "" 0.007546112019894255 0.026465176 0.019975208 0.046440385 3.88575182796 52.26020076675 1759.34888 -2.9800000000000013 -1.7349999999999999 -0.10742304801940916 0.11365379333496084 0.12771618 0.1357162 "" "" 1.3041603093151295 "" 0.17215165076746913 "" 0.96
4.24962916796 52.14459010466 0.0261 0.0297 9.5033 "" "" 395157233423116672 1538.52844 0.6168 0.0475 -2.7 -1.847 0.034 0.038 1.003 4644.3 4.3022 16.465408 1.583535 17.2011 15.617564 "" "" 1441.19165 1640.32666 4884.08658 5.5232 1798.8 9.1999 4488.8 13.364 "" "" 0.003016506361405363 0.006214532 0.004973168 0.011187701 4.24962916796 52.14459010466 1538.52844 -2.700000000000002 -1.8469999999999993 0.17257695198059064 0.0016537933349609624 0.1257162 0.12971619 "" "" 1.2585967470151043 "" 0.15822646308919344 "" 0.87
4.00639283081 52.19531222124 0.03 0.0335 6.3874 "" "" 395138026328417280 1743.44238 0.5664 0.0513 -2.843 -1.79 0.041 0.046 1.028 5231.3 3.7875 16.618433 1.601292 17.365017 15.763725 "" "" 1609.30273 1927.2301 4242.02681 3.3192 1546.7 8.595 3923.4 10.284 "" "" 0.002883315667131575 0.006647353 0.0047310707 0.011378424 4.00639283081 52.19531222124 1743.44238 -2.843 -1.79 0.02957695198059085 0.0586537933349609 0.1327162 0.13771619 "" "" 0.5428496210810398 "" 0.07421694255674957 "" 0.97
