Clusters/UBC_182/UBC_182_stars_in_region.tsv
# %ECSV 1.0
# ---
# datatype:
# - name: RA_ICRS_1
#   unit: deg
#   datatype: float64
#   format: '{:15.11f}'
#   description: Right ascension (ICRS) at Ep=2016.0 (ra)
#   meta: !!omap
#   - {ucd: POS_EQ_RA_MAIN}
#   - {width: 15}
#   - {precision: '11'}
# - name: DE_ICRS_1
#   unit: deg
#   datatype: float64
#   format: '{:15.11f}'
#   description: Declination (ICRS) at Ep=2016.0 (dec)
#   meta: !!omap
#   - {ucd: POS_EQ_DEC_MAIN}
#   - {width: 15}
#   - {precision: '11'}
# - name: e_RA_ICRS
#   unit: mas
#   datatype: float64
#   format: '{:7.4f}'
#   description: Standard error of right ascension (ra_error)
#   meta: !!omap
#   - {ucd: ERROR}
#   - {width: 7}
#   - {precision: '4'}
# - name: e_DE_ICRS
#   unit: mas
#   datatype: float64
#   format: '{:7.4f}'
#   description: Standard error of declination (dec_error)
#   meta: !!omap
#   - {ucd: ERROR}
#   - {width: 7}
#   - {precision: '4'}
# - name: _r_1
#   unit: ''
#   datatype: float64
#   format: '{:7.4f}'
#   description: Distance from center (004.11341372000+52.27920212000)[ICRS], at Epoch=J2016.0
#   meta: !!omap
#   - {ucd: POS_ANG_DIST_GENERAL}
#   - {width: 7}
#   - {precision: '4'}
# - name: HIP
#   datatype: int32
#   description: '? HIP cross-id number, van Leeuwen, Cat. I/311 (hip_original_ext_source_id)'
#   meta: !!omap
#   - {ucd: ID_NUMBER}
#   - {width: 6}
#   - values: {'null': -2147483648}
# - name: TYC2
#   datatype: string
#   description: Tycho-2 cross-id name, Hog et al., Cat. I/259 (tyc2_original_ext_source_id)
#   meta: !!omap
#   - {ucd: ID_CROSSID}
#   - {_votable_string_dtype: char}
# - name: Source
#   datatype: int64
#   description: Source identifier, identical to the Gaia-EDR3 source_id (id)
#   meta: !!omap
#   - {ucd: ID_MAIN}
#   - {width: 19}
# - name: rgeo
#   unit: pc
#   datatype: float64
#   format: '{:15.8f}'
#   description: '? Median of the geometric distance posterior (r_med_geo)'
#   meta: !!omap
#   - {ucd: PHYS_DISTANCE_TRUE}
#   - {width: 15}
#   - {precision: '8'}
#   - values: {'null': .nan}
# - name: Plx
#   unit: mas
#   datatype: float64
#   format: '{:9.4f}'
#   description: '? Parallax (parallax)'
#   meta: !!omap
#   - {ucd: POS_PARLX_TRIG}
#   - {width: 9}
#   - {precision: '4'}
#   - values: {'null': .nan}
# - name: e_Plx
#   unit: mas
#   datatype: float32
#   format: '{:7.4f}'
#   description: '? Standard error of parallax (parallax_error)'
#   meta: !!omap
#   - {ucd: ERROR}
#   - {width: 7}
#   - {precision: '4'}
#   - values: {'null': .nan}
# - name: pmRA
#   unit: mas / yr
#   datatype: float64
#   format: '{:9.3f}'
#   description: '? Proper motion in right ascension direction, pmRA*cosDE (pmra)'
#   meta: !!omap
#   - {ucd: POS_EQ_PMRA}
#   - {width: 9}
#   - {precision: '3'}
#   - values: {'null': .nan}
# - name: pmDE
#   unit: mas / yr
#   datatype: float64
#   format: '{:9.3f}'
#   description: '? Proper motion in declination direction (pmdec)'
#   meta: !!omap
#   - {ucd: POS_EQ_PMDEC}
#   - {width: 9}
#   - {precision: '3'}
#   - values: {'null': .nan}
# - name: e_pmRA
#   unit: mas / yr
#   datatype: float32
#   format: '{:6.3f}'
#   description: '? Standard error of proper motion in right ascension direction (pmra_error)'
#   meta: !!omap
#   - {ucd: ERROR}
#   - {width: 6}
#   - {precision: '3'}
#   - values: {'null': .nan}
# - name: e_pmDE
[...]
#         unit: &id001 !astropy.units.Unit {unit: deg}
#         value: !astropy.table.SerializedColumn {name: SkyCoord.dec}
#       distance: !astropy.table.SerializedColumn
#         __class__: astropy.coordinates.distances.Distance
#         unit: !astropy.units.Unit {unit: pc}
#         value: !astropy.table.SerializedColumn {name: SkyCoord.distance}
#       frame: icrs
#       obstime: !astropy.time.Time {format: jyear_str, in_subfmt: '*', jd1: 367701545.0, jd2: 0.0, out_subfmt: '*', precision: 3, scale: tt}
#       pm_dec: !astropy.table.SerializedColumn
#         __class__: astropy.units.quantity.Quantity
#         unit: !astropy.units.Unit {unit: mas / yr}
#         value: !astropy.table.SerializedColumn {name: SkyCoord.pm_dec}
#       pm_ra_cosdec: !astropy.table.SerializedColumn
#         __class__: astropy.units.quantity.Quantity
#         unit: !astropy.units.Unit {unit: mas / yr}
#         value: !astropy.table.SerializedColumn {name: SkyCoord.pm_ra_cosdec}
#       ra: !astropy.table.SerializedColumn
#         __class__: astropy.coordinates.angles.Longitude
#         unit: *id001
#         value: !astropy.table.SerializedColumn {name: SkyCoord.ra}
#         wrap_angle: !astropy.coordinates.Angle
#           unit: *id001
#           value: 360.0
#       representation_type: spherical
# schema: astropy-2.0
RA_ICRS_1 DE_ICRS_1 e_RA_ICRS e_DE_ICRS _r_1 HIP TYC2 Source rgeo Plx e_Plx pmRA pmDE e_pmRA e_pmDE RUWE Teff logg Gmag BP-RP BPmag RPmag RV e_RV b_rgeo B_rgeo FG e_FG FBP e_FBP FRP e_FRP RAVE5 RAVE6 e_Gmag e_BPmag e_RPmag e_BP-RP SkyCoord.ra SkyCoord.dec SkyCoord.distance SkyCoord.pm_ra_cosdec SkyCoord.pm_dec
[from data line 942]
3.79504892285 52.57897728571 0.0338 0.039 21.4283 "" "" 395187057675693056 1668.90344 0.587 0.0725 -4.345 -3.235 0.056 0.063 1.039 5398.2 4.4431 16.704792 1.040379 17.04441 16.004032 "" "" 1466.5271 1879.31689 3917.68722 1.9065 2078.0 13.151 3144.5 20.077 "" "" 0.0028055223293259463 0.0074161654 0.007895519 0.015311684 3.79504892285 52.57897728571 1668.90344 -4.345000000000001 -3.2349999999999994
3.9181487644 52.48501030761 0.0301 0.0339 14.2698 "" "" 395182556550040960 1454.76318 0.665 0.0531 4.209 0.383 0.042 0.049 1.028 5186.0 4.662 16.705753 1.118361 17.180065 16.061705 "" "" 1339.56165 1577.82239 3914.22446 1.5064 1834.0 7.7737 2981.8 6.1604 "" "" 0.0027868237811382204 0.0053818263 0.0043949247 0.009776751 3.9181487644 52.48501030761 1454.76318 4.2090000000000005 0.3830000000000001
3.90701674451 52.25398616307 0.0301 0.0338 7.7283 "" "" 395150155316043136 1355.08337 0.7043 0.0532 9.289 -3.905 0.043 0.049 1.023 4934.2 4.7133 16.706831 1.224218 17.24065 16.016432 "" "" 1272.11169 1433.91895 3910.33929 1.4898 1734.4 6.0577 3108.7 6.5863 "" "" 0.002786198039380188 0.0047080005 0.0044243834 0.009132383 3.90701674451 52.25398616307 1355.08337 9.288999999999998 -3.9050000000000002
4.37929545348 52.30366336011 0.034 0.0388 9.8673 "" "" 395165307961566720 1816.74414 0.5278 0.0603 -2.017 -1.909 0.044 0.048 1.189 5159.0 4.7442 16.707008 1.000437 17.035402 16.034966 "" "" 1635.4906 2006.2666 3909.69715 1.6771 2095.3 26.544 3056.1 29.526 "" "" 0.0027944050785872975 0.014034636 0.011149738 0.025184374 4.37929545348 52.30366336011 1816.74414 -2.0170000000000003 -1.9090000000000003
3.33103246539 52.29060520153 0.0314 0.0355 28.7246 "" "" 395898785293708288 1878.86462 0.5136 0.0564 -7.07 -1.317 0.041 0.045 1.124 5935.6 4.6071 16.708532 0.906508 16.926804 16.020296 "" "" 1719.45593 2096.98975 3904.21454 1.9467 2315.8 25.194 3097.7 29.568 "" "" 0.0028080001395686957 0.012136986 0.0110311415 0.023168128 3.33103246539 52.29060520153 1878.86462 -7.069999999999999 -1.3169999999999997
3.92757020068 52.57028316434 0.0288 0.0339 18.7418 "" "" 395184652494026880 1439.69556 0.663 0.0538 -6.221 -1.15 0.043 0.052 0.999 4932.6 4.5022 16.708618 1.236708 17.258669 16.021961 "" "" 1341.78992 1556.48535 3903.90669 1.4048 1705.9 6.2078 3093.0 6.4016 "" "" 0.0027828821508341928 0.0048368946 0.0043969797 0.009233874 3.92757020068 52.57028316434 1439.69556 -6.221 -1.1499999999999997
3.80136371491 52.57096259011 0.1418 0.1661 20.8997 "" "" 395187023315960832 1817.84399 0.5215 0.2619 -0.069 -0.768 0.186 0.229 4.742 "" "" 16.70957 0.939009 16.976007 16.036999 "" "" 1362.0343 2721.23413 3900.48399 9.931 2213.2 7.6915 3050.4 11.593 "" "" 0.003903027415713498 0.0046928036 0.005595559 0.010288362 3.80136371491 52.57096259011 1817.84399 -0.069 -0.768
4.41227062392 51.94385034918 0.032 0.0387 22.9374 "" "" 395084596933915520 1541.28101 0.6274 0.0594 20.21 0.085 0.047 0.057 1.054 "" "" 16.710651 0.78388 16.216288 15.432407 "" "" 1426.29553 1710.03784 3896.60172 4.7517 4455.6 10.4 5323.5 1318.6 "" "" 0.0030569199854498874 0.0037692876 0.26895708 0.27272636 4.41227062392 51.94385034918 1541.28101 20.21 0.08500000000000008
3.3940973461 52.19643597204 0.0306 0.0333 26.8923 "" "" 395897926300295424 1776.39771 0.5352 0.0531 -3.385 -3.588 0.041 0.042 1.061 5334.5 4.6703 16.711319 0.951551 17.096666 16.145115 "" "" 1623.97144 1911.71704 3894.21025 1.4568 1980.4 6.4879 2761.3 6.7119 "" "" 0.002785096262750357 0.004520709 0.004609619 0.009130328 3.3940973461 52.19643597204 1776.39771 -3.385 -3.588
4.40066235614 52.67927768195 0.0293 0.033 26.1992 "" "" 419195886200659584 1321.99731 0.7491 0.0544 5.329 9.364 0.04 0.043 1.001 5026.9 4.5357 16.713724 1.190491 17.231377 16.040886 "" "" 1240.927 1408.71204 3885.59037 1.4269 1749.3 6.6153 3039.5 6.887 "" "" 0.0027840189957741507 0.004964228 0.004509524 0.009473752 4.40066235614 52.67927768195 1321.99731 5.329 9.364000000000003
4.44228810625 52.21081872245 0.0295 0.034 12.7596 "" "" 395111672408288384 1470.35083 0.669 0.0513 2.801 1.331 0.039 0.045 1.013 5056.1 4.6238 16.717813 1.145796 17.208952 16.063156 "" "" 1380.10413 1581.91577 3870.98282 1.763 1785.8 7.0698 2977.8 7.1387 "" "" 0.00279934052133329 0.0051245084 0.004588956 0.009713464 4.44228810625 52.21081872245 1470.35083 2.8009999999999997 1.3309999999999997
3.57233988435 52.49872441552 0.0322 0.0375 23.7915 "" "" 395179807770811648 1424.01904 0.677 0.0543 2.16 1.904 0.042 0.045 1.057 5043.5 4.5147 16.72016 1.109484 17.192541 16.083057 "" "" 1321.32959 1535.91016 3862.63078 1.5433 1813.0 8.3474 2923.7 7.8333 "" "" 0.0027892603866148994 0.0057248953 0.004769247 0.010494143 3.57233988435 52.49872441552 1424.01904 2.16 1.9040000000000004
4.40289832908 51.81363820208 0.0299 0.0334 29.9067 "" "" 395076453675957504 1817.07385 0.5384 0.0573 -9.048 -1.937 0.042 0.046 1.022 5039.4 4.5089 16.72194 1.159689 17.219439 16.05975 "" "" 1655.00464 2016.64673 3856.30279 1.4525 1768.6 6.8571 2987.2 7.4887 "" "" 0.0027855033312334417 0.005050279 0.004657496 0.009707775 4.40289832908 51.81363820208 1817.07385 -9.048 -1.9370000000000003
4.81021325389 52.08995842202 0.03 0.0339 28.0354 "" "" 395111947286346624 1539.99817 0.6237 0.056 4.167 -6.101 0.039 0.045 1.05 5048.5 4.6342 16.725048 1.097023 17.192495 16.095472 "" "" 1431.91455 1691.18323 3845.2743 1.3651 1813.1 5.0367 2890.5 5.6976 "" "" 0.002782149632838025 0.0041087745 0.0043432647 0.008452039 4.81021325389 52.08995842202 1539.99817 4.167 -6.101000000000001
3.75907416961 52.32073064896 0.0315 0.0368 13.2379 "" "" 395154209765160448 1434.19824 0.6917 0.0527 -6.396 -4.0 0.042 0.048 1.042 4921.8 4.4508 16.72776 1.238598 17.267414 16.028816 "" "" 1321.77295 1531.21448 3835.68072 1.549 1692.2 8.5811 3073.5 7.6393 "" "" 0.0027899891582861196 0.006172375 0.0046439613 0.010816336 3.75907416961 52.32073064896 1434.19824 -6.396000000000001 -4.0
4.61012409104 52.6585988415 0.0311 0.0378 29.1171 "" "" 419149573572634496 1513.22827 0.6328 0.0599 -1.969 -1.016 0.043 0.053 1.001 5160.6 4.6088 16.733849 1.100786 17.208885 16.108099 "" "" 1389.68359 1639.46008 3814.23463 1.4208 1785.9 7.1617 2857.1 7.391 "" "" 0.0027848443218354765 0.0051712585 0.0047087576 0.009880016 4.61012409104 52.6585988415 1513.22827 -1.9689999999999999 -1.016
3.96031688932 52.16910793712 0.03 0.0339 8.6774 "" "" 395149227603129728 1364.30298 0.728 0.0525 -5.285 -2.385 0.042 0.047 1.004 4890.2 4.6191 16.73634 1.237822 17.28436 16.04654 "" "" 1266.67236 1456.29834 3805.49178 1.565 1666.0 5.1679 3023.7 5.1219 "" "" 0.002791264504955562 0.004373559 0.004203117 0.008576676 3.96031688932 52.16910793712 1364.30298 -5.285000000000001 -2.3849999999999993
4.06876789681 52.20369987729 0.0311 0.0376 4.818 "" "" 395161287872201472 1829.24829 0.5109 0.056 -0.995 -4.373 0.043 0.049 1.071 5256.1 4.597 16.738821 1.020769 17.168694 16.147924 "" "" 1671.39893 2092.4646 3796.80523 1.3793 1853.3 6.0049 2754.2 5.5972 "" "" 0.002783408105604211 0.0044900686 0.0043763313 0.0088663995 4.06876789681 52.20369987729 1829.24829 -0.9949999999999999 -4.373
4.14317711984 51.8645020323 0.0287 0.0327 24.9062 "" "" 395127203010988928 1841.66907 0.5258 0.0568 -2.998 0.23 0.041 0.044 0.971 5147.1 4.6457 16.741259 1.1252 17.222252 16.097052 "" "" 1679.82849 2032.19946 3788.2888 1.5252 1764.1 5.6936 2886.3 5.185 "" "" 0.002789779520403626 0.004479333 0.0042529902 0.008732323 4.14317711984 51.8645020323 1841.66907 -2.998 0.23000000000000004
4.76665772514 52.04419652333 0.0301 0.0341 27.8728 "" "" 395106140490579328 1360.24023 0.7103 0.0558 -17.145 -3.45 0.041 0.047 1.062 5020.5 4.6276 16.742224 1.151217 17.237293 16.086077 "" "" 1267.95178 1454.65515 3784.92654 1.4193 1739.8 6.6603 2915.6 6.0481 "" "" 0.0027852379222151253 0.005006078 0.0043995827 0.009405661 4.76665772514 52.04419652333 1360.24023 -17.145000000000003 -3.45
3.38680221578 52.14874004193 0.0303 0.0336 27.8355 "" "" 395896277032868992 1367.24744 0.7115 0.053 3.027 -3.936 0.04 0.041 0.99 5051.8 4.7193 16.742838 1.365197 17.352217 15.98702 "" "" 1286.49915 1479.33533 3782.78623 8.6216 1565.1 12.822 3194.1 26.28 "" "" 0.003703417812376642 0.009322187 0.009699671 0.019021858 3.38680221578 52.14874004193 1367.24744 3.0269999999999997 -3.936000000000001
4.38257690969 52.45304294805 0.0297 0.034 14.354 "" "" 419186888250275072 1868.06775 0.5108 0.0586 -2.183 -0.315 0.041 0.044 1.025 5095.6 4.4597 16.746475 1.14196 17.239296 16.097336 "" "" 1648.09338 2074.53735 3770.13459 1.3581 1736.6 7.1132 2885.5 6.7054 "" "" 0.0027829402870634635 0.005250038 0.00454418 0.0097942185 4.38257690969 52.45304294805 1868.06775 -2.183 -0.31500000000000006
4.38071019475 51.88120053615 0.0298 0.0339 25.8341 "" "" 395129470753732736 1492.49683 0.6582 0.0566 -2.048 0.39 0.042 0.047 1.03 5597.4 4.5154 16.753756 1.090647 17.215689 16.125042 "" "" 1363.51428 1610.71045 3744.93652 1.4361 1774.8 6.7525 2812.8 7.4504 "" "" 0.0027866003438175545 0.0049848743 0.0047491253 0.009733999 4.38071019475 51.88120053615 1492.49683 -2.0480000000000005 0.39000000000000007
4.4057917897 52.11972677821 0.0383 0.044 14.3932 "" "" 395156374429671808 1597.80432 0.6237 0.0706 -0.064 -7.59 0.049 0.056 1.207 4502.7 4.4363 16.754469 1.437389 17.40412 15.96673 "" "" 1425.98694 1824.31274 3742.47982 1.6907 1492.0 7.5435 3254.4 8.1212 "" "" 0.0027986373846856554 0.006157844 0.004650225 0.010808069 4.4057917897 52.11972677821 1597.80432 -0.06399999999999989 -7.589999999999998
3.88730934139 52.73904572758 0.0371 0.0424 28.7996 "" "" 419205957904962304 1831.66443 0.5296 0.069 -1.555 0.394 0.056 0.06 1.263 5327.0 4.7087 16.757206 1.01614 17.05638 16.04024 "" "" 1635.1637 2179.32788 3733.05803 1.8186 2055.3 23.979 3041.3 16.221 "" "" 0.0028056290734114727 0.012970839 0.0069150366 0.019885875 3.88730934139 52.73904572758 1831.66443 -1.555 0.394
4.39658764152 52.61345834249 0.0292 0.0328 22.5712 "" "" 419189667083241600 1606.23633 0.617 0.0536 0.276 2.736 0.04 0.045 0.967 5212.5 4.7198 16.7595 1.080607 17.221132 16.140526 "" "" 1476.72034 1788.41821 3725.17318 1.342 1765.9 7.288 2773.0 6.5913 "" "" 0.0027829442294708883 0.0052786013 0.00457646 0.009855062 4.39658764152 52.61345834249 1606.23633 0.2760000000000001 2.7360000000000007
4.67256601054 52.22866249638 0.0304 0.0354 20.7601 "" "" 395115383260122240 1601.69812 0.6146 0.055 -6.524 -3.827 0.039 0.046 1.015 5137.9 4.4614 16.760723 1.053339 17.204662 16.151323 "" "" 1461.28821 1784.21399 3720.98223 1.4498 1792.9 7.3507 2745.5 6.168 "" "" 0.002787605921554123 0.0052535734 0.004498157 0.009751731 4.67256601054 52.22866249638 1601.69812 -6.523999999999999 -3.8269999999999995
4.17977605597 52.16276369636 0.2373 0.3255 7.3999 "" "" 395160222720346368 1573.47229 0.901 0.4354 1.662 -3.392 0.328 0.4 6.951 "" "" 16.761053 1.277907 17.127356 15.849448 "" "" 983.631958 2858.56909 3719.85145 17.031 1925.2 5.6141 3625.6 5.5706 "" "" 0.0056834912191032145 0.0042201206 0.0041311737 0.008351294 4.17977605597 52.16276369636 1573.47229 1.662 -3.3920000000000003
3.56425069133 51.99988723346 0.0307 0.0366 26.2642 "" "" 395049996674322176 1397.32874 0.7083 0.0564 -9.414 1.644 0.042 0.048 1.022 5179.3 4.7181 16.76213 1.082689 17.188065 16.105375 "" "" 1291.65564 1526.82544 3716.15926 1.4493 1820.5 8.5336 2864.2 12.109 "" "" 0.0027876671034914305 0.005804047 0.0059458753 0.011749922 3.56425069133 51.99988723346 1397.32874 -9.413999999999998 1.6439999999999997
3.97711745709 52.01000679608 0.0305 0.0344 16.9134 "" "" 395129230235465600 1470.25793 0.6668 0.0541 -1.416 -1.967 0.042 0.049 1.05 5246.2 3.7298 16.762312 1.097612 17.228699 16.131086 "" "" 1367.21985 1583.11365 3715.54171 1.3336 1753.6 9.2314 2797.2 7.9126 "" "" 0.0027827421066891683 0.0063602715 0.0048699602 0.011230232 3.97711745709 52.01000679608 1470.25793 -1.416 -1.967
4.13434218693 51.93273202103 0.0326 0.0372 20.8025 "" "" 395127855845988736 1481.30115 0.6669 0.0584 -4.537 -8.85 0.043 0.049 1.079 5205.1 4.66 16.764122 1.125343 17.238647 16.113304 "" "" 1359.67261 1630.34399 3709.35102 1.4827 1737.6 7.562 2843.4 6.3725 "" "" 0.002789289633118038 0.005487407 0.0044949627 0.00998237 4.13434218693 51.93273202103 1481.30115 -4.537 -8.850000000000001
4.55641239252 52.67464518427 0.0309 0.0374 28.7235 "" "" 419148920737593856 1874.80652 0.5248 0.0575 -3.486 -4.226 0.041 0.051 0.985 5215.1 4.6678 16.767138 1.094627 17.232212 16.137585 "" "" 1662.98621 2104.65894 3699.06273 1.416 1748.0 6.9279 2780.5 6.6177 "" "" 0.002786490431693731 0.0051285457 0.0045783482 0.009706894 4.55641239252 52.67464518427 1874.80652 -3.4859999999999998 -4.226
3.98025724296 51.80511575304 0.028 0.033 28.8665 "" "" 395032404488366336 1887.82776 0.5101 0.0544 2.338 2.924 0.039 0.044 1.006 5217.0 4.7074 16.769606 1.015463 17.198965 16.183502 "" "" 1740.24878 2109.68457 3690.66368 1.3668 1802.3 7.2756 2665.4 8.1956 "" "" 0.002784504784622961 0.005195696 0.005042704 0.0102384 3.98025724296 51.80511575304 1887.82776 2.338 2.9239999999999995
3.34247421267 52.36478404481 0.0544 0.0625 28.7353 "" "" 395904970046568960 1608.72974 0.6292 0.0971 -5.969 -1.599 0.071 0.079 1.872 5220.3 4.6763 16.776485 1.071901 17.184057 16.112156 "" "" 1418.75671 1839.11682 3667.35112 4.3986 1827.2 9.128 2846.4 9.901 "" "" 0.003047553343531824 0.006099511 0.005342926 0.011442437 3.34247421267 52.36478404481 1608.72974 -5.968999999999999 -1.5989999999999995
4.89808733445 52.35837229813 0.031 0.0356 29.168 "" "" 419124456604112128 1781.651 0.5436 0.0594 -2.56 -0.508 0.042 0.054 0.989 4908.1 4.6223 16.783113 1.249544 17.329063 16.07952 "" "" 1607.5365 1968.92542 3645.03063 1.3866 1598.8 8.3287 2933.3 11.103 "" "" 0.002786104351258937 0.006306749 0.005583297 0.011890046 4.89808733445 52.35837229813 1781.651 -2.56 -0.5080000000000002
3.34509480877 52.32227542536 0.0321 0.0365 28.3085 "" "" 395904798247906176 1451.68188 0.6636 0.0586 -0.597 2.603 0.044 0.048 1.019 4755.6 4.5083 16.785957 1.288841 17.365553 16.076712 "" "" 1329.24719 1564.07629 3635.49855 1.4961 1545.9 7.5094 2940.9 6.972 "" "" 0.0027913127376173537 0.00596667 0.0045726346 0.010539304 3.34509480877 52.32227542536 1451.68188 -0.5970000000000001 2.6029999999999998
4.00375649153 52.71278269282 0.033 0.0387 26.3214 "" "" 419204995832308736 1293.46741 0.7445 0.0617 -0.169 0.732 0.051 0.057 1.049 4882.8 4.7212 16.788984 1.162449 17.284872 16.122423 "" "" 1213.62756 1380.18726 3625.37408 1.5388 1665.2 7.6228 2819.6 8.2415 "" "" 0.0027935938012786667 0.0056998045 0.0049350825 0.010634887 4.00375649153 52.71278269282 1293.46741 -0.16899999999999998 0.732
3.9301643439 51.89898700995 0.0304 0.0347 23.7922 "" "" 395138644803670784 1378.6366 0.711 0.0565 -5.305 -2.498 0.039 0.044 0.983 5018.6 4.6819 16.792877 1.099125 17.260355 16.16123 "" "" 1272.70886 1497.58533 3612.4029 1.442 1703.2 6.9358 2720.6 6.5197 "" "" 0.00278919860433738 0.0052281367 0.00458841 0.009816546 3.9301643439 51.89898700995 1378.6366 -5.304999999999999 -2.498
4.41875398545 52.43126726376 0.0366 0.0435 14.4378 "" "" 395167472625176448 1670.66846 0.5773 0.0708 -4.736 -4.649 0.05 0.057 1.219 4893.8 4.6334 16.793106 1.235733 17.311577 16.075844 "" "" 1494.21411 1873.43005 3611.64194 1.9642 1624.7 7.4749 2943.2 7.5541 "" "" 0.0028178815145867573 0.0057216682 0.00469567 0.010417338 4.41875398545 52.43126726376 1670.66846 -4.736000000000001 -4.649000000000001
4.89046286652 52.23817105012 0.0299 0.0334 28.6436 "" "" 419122120141988608 1377.51843 0.721 0.0551 -2.277 1.828 0.038 0.045 0.994 4753.9 4.3897 16.793493 1.176088 17.303547 16.127459 "" "" 1275.71228 1477.25024 3610.35351 1.3078 1636.8 6.1263 2806.6 5.8464 "" "" 0.0027832478474809582 0.004929412 0.004404424 0.009333836 4.89046286652 52.23817105012 1377.51843 -2.2770000000000006 1.8280000000000003
4.16402323727 52.72032064161 0.0316 0.0369 26.5316 "" "" 419194138154996608 1550.02466 0.6212 0.0592 5.809 -6.532 0.045 0.049 0.953 4612.0 4.4405 16.795267 1.365221 17.408745 16.043524 "" "" 1416.83105 1706.95862 3604.45883 1.445 1485.7 6.8495 3032.1 7.2135 "" "" 0.002789488049495682 0.0057306727 0.0045777382 0.010308411 4.16402323727 52.72032064161 1550.02466 5.809 -6.531999999999999
