Clusters/UBC_182/UBC_182_stars_in_region.tsv
# %ECSV 1.0
# ---
# datatype:
# - name: RA_ICRS_1
#   unit: deg
#   datatype: float64
#   format: '{:15.11f}'
#   description: Right ascension (ICRS) at Ep=2016.0 (ra)
#   meta: !!omap
#   - {ucd: POS_EQ_RA_MAIN}
#   - {width: 15}
#   - {precision: '11'}
# - name: DE_ICRS_1
#   unit: deg
#   datatype: float64
#   format: '{:15.11f}'
#   description: Declination (ICRS) at Ep=2016.0 (dec)
#   meta: !!omap
#   - {ucd: POS_EQ_DEC_MAIN}
#   - {width: 15}
#   - {precision: '11'}
# - name: e_RA_ICRS
#   unit: mas
#   datatype: float64
#   format: '{:7.4f}'
#   description: Standard error of right ascension (ra_error)
#   meta: !!omap
#   - {ucd: ERROR}
#   - {width: 7}
#   - {precision: '4'}
# - name: e_DE_ICRS
#   unit: mas
#   datatype: float64
#   format: '{:7.4f}'
#   description: Standard error of declination (dec_error)
#   meta: !!omap
#   - {ucd: ERROR}
#   - {width: 7}
#   - {precision: '4'}
# - name: _r_1
#   unit: ''
#   datatype: float64
#   format: '{:7.4f}'
#   description: Distance from center (004.11341372000+52.27920212000)[ICRS], at Epoch=J2016.0
#   meta: !!omap
#   - {ucd: POS_ANG_DIST_GENERAL}
#   - {width: 7}
#   - {precision: '4'}
# - name: HIP
#   datatype: int32
#   description: '? HIP cross-id number, van Leeuwen, Cat. I/311 (hip_original_ext_source_id)'
#   meta: !!omap
#   - {ucd: ID_NUMBER}
#   - {width: 6}
#   - values: {'null': -2147483648}
# - name: TYC2
#   datatype: string
#   description: Tycho-2 cross-id name, Hog et al., Cat. I/259 (tyc2_original_ext_source_id)
#   meta: !!omap
#   - {ucd: ID_CROSSID}
#   - {_votable_string_dtype: char}
# - name: Source
#   datatype: int64
#   description: Source identifier, identical to the Gaia-EDR3 source_id (id)
#   meta: !!omap
#   - {ucd: ID_MAIN}
#   - {width: 19}
# - name: rgeo
#   unit: pc
#   datatype: float64
#   format: '{:15.8f}'
#   description: '? Median of the geometric distance posterior (r_med_geo)'
#   meta: !!omap
#   - {ucd: PHYS_DISTANCE_TRUE}
#   - {width: 15}
#   - {precision: '8'}
#   - values: {'null': .nan}
# - name: Plx
#   unit: mas
#   datatype: float64
#   format: '{:9.4f}'
#   description: '? Parallax (parallax)'
#   meta: !!omap
#   - {ucd: POS_PARLX_TRIG}
#   - {width: 9}
#   - {precision: '4'}
#   - values: {'null': .nan}
# - name: e_Plx
#   unit: mas
#   datatype: float32
#   format: '{:7.4f}'
#   description: '? Standard error of parallax (parallax_error)'
#   meta: !!omap
#   - {ucd: ERROR}
#   - {width: 7}
#   - {precision: '4'}
#   - values: {'null': .nan}
# - name: pmRA
#   unit: mas / yr
#   datatype: float64
#   format: '{:9.3f}'
#   description: '? Proper motion in right ascension direction, pmRA*cosDE (pmra)'
#   meta: !!omap
#   - {ucd: POS_EQ_PMRA}
#   - {width: 9}
#   - {precision: '3'}
#   - values: {'null': .nan}
# - name: pmDE
#   unit: mas / yr
#   datatype: float64
#   format: '{:9.3f}'
#   description: '? Proper motion in declination direction (pmdec)'
#   meta: !!omap
#   - {ucd: POS_EQ_PMDEC}
#   - {width: 9}
#   - {precision: '3'}
#   - values: {'null': .nan}
# - name: e_pmRA
#   unit: mas / yr
#   datatype: float32
#   format: '{:6.3f}'
#   description: '? Standard error of proper motion in right ascension direction (pmra_error)'
#   meta: !!omap
#   - {ucd: ERROR}
#   - {width: 6}
#   - {precision: '3'}
#   - values: {'null': .nan}
# - name: e_pmDE
[...]
#         unit: &id001 !astropy.units.Unit {unit: deg}
#         value: !astropy.table.SerializedColumn {name: SkyCoord.dec}
#       distance: !astropy.table.SerializedColumn
#         __class__: astropy.coordinates.distances.Distance
#         unit: !astropy.units.Unit {unit: pc}
#         value: !astropy.table.SerializedColumn {name: SkyCoord.distance}
#       frame: icrs
#       obstime: !astropy.time.Time {format: jyear_str, in_subfmt: '*', jd1: 367701545.0, jd2: 0.0, out_subfmt: '*', precision: 3, scale: tt}
#       pm_dec: !astropy.table.SerializedColumn
#         __class__: astropy.units.quantity.Quantity
#         unit: !astropy.units.Unit {unit: mas / yr}
#         value: !astropy.table.SerializedColumn {name: SkyCoord.pm_dec}
#       pm_ra_cosdec: !astropy.table.SerializedColumn
#         __class__: astropy.units.quantity.Quantity
#         unit: !astropy.units.Unit {unit: mas / yr}
#         value: !astropy.table.SerializedColumn {name: SkyCoord.pm_ra_cosdec}
#       ra: !astropy.table.SerializedColumn
#         __class__: astropy.coordinates.angles.Longitude
#         unit: *id001
#         value: !astropy.table.SerializedColumn {name: SkyCoord.ra}
#         wrap_angle: !astropy.coordinates.Angle
#           unit: *id001
#           value: 360.0
#       representation_type: spherical
# schema: astropy-2.0
RA_ICRS_1 DE_ICRS_1 e_RA_ICRS e_DE_ICRS _r_1 HIP TYC2 Source rgeo Plx e_Plx pmRA pmDE e_pmRA e_pmDE RUWE Teff logg Gmag BP-RP BPmag RPmag RV e_RV b_rgeo B_rgeo FG e_FG FBP e_FBP FRP e_FRP RAVE5 RAVE6 e_Gmag e_BPmag e_RPmag e_BP-RP SkyCoord.ra SkyCoord.dec SkyCoord.distance SkyCoord.pm_ra_cosdec SkyCoord.pm_dec
[from data line 325]
4.44185786548 51.91091707915 0.014 0.0159 25.1963 "" "" 395083016389260160 1493.14136 0.6417 0.0281 -3.067 0.676 0.02 0.022 1.025 5824.2 3.7795 15.04884 0.917152 15.414263 14.49711 "" "" 1439.54517 1555.84741 18005.74013 4.0956 9326.3 10.125 12598.0 9.414 "" "" 0.002766365818178509 0.003028931 0.0038654858 0.006894417 4.44185786548 51.91091707915 1493.14136 -3.067 0.676
4.09917868436 52.08200608053 0.0143 0.0159 11.8433 "" "" 395136239622071296 1548.45789 0.6134 0.0247 -0.856 1.552 0.019 0.021 0.997 "" "" 15.055075 0.845826 15.385267 14.539441 "" "" 1501.08508 1609.22314 17902.62568 3.0292 9578.8 9.8605 12117.0 8.2191 "" "" 0.002761437885113772 0.003005699 0.003850469 0.0068561677 4.09917868436 52.08200608053 1548.45789 -0.8560000000000001 1.552
4.78959761701 52.48348120045 0.013 0.0149 27.6317 "" "" 419143762475641600 1634.20081 0.5806 0.0253 -4.959 -4.577 0.019 0.021 1.015 5847.9 4.1784 15.056359 0.9016 15.420155 14.518555 "" "" 1567.74683 1697.41785 17881.45735 3.0142 9275.9 11.378 12352.0 8.0473 "" "" 0.002761391848117404 0.0030917148 0.003845007 0.0069367215 4.78959761701 52.48348120045 1634.20081 -4.959 -4.577
3.45326652028 52.07266001974 0.0135 0.015 27.2682 "" "" 395894833923873792 1524.62207 0.6281 0.0233 -1.13 -1.474 0.018 0.019 1.019 5387.7 4.2322 15.056705 0.954481 15.448081 14.4936 "" "" 1461.7478 1582.67761 17875.77666 2.719 9040.3 9.9945 12639.0 8.7532 "" "" 0.002760264964545309 0.003037409 0.0038534566 0.0068908655 3.45326652028 52.07266001974 1524.62207 -1.1300000000000001 -1.4740000000000002
4.76418444397 52.46405926748 0.0134 0.0158 26.293 "" "" 419137891261715328 1648.28845 0.5778 0.0259 -1.727 -4.226 0.02 0.023 0.984 5779.0 4.0702 15.06105 1.006017 15.482213 14.476196 "" "" 1589.74194 1719.56226 17804.36303 2.8934 8760.6 10.363 12843.0 10.839 "" "" 0.002760963927655358 0.0030715708 0.0038888776 0.0069604483 4.76418444397 52.46405926748 1648.28845 -1.727 -4.225999999999999
4.38249084011 52.54375894224 0.0137 0.0158 18.6801 "" "" 419187678524382080 1696.57092 0.5558 0.0267 -2.075 -1.362 0.018 0.022 0.986 6805.4 4.296 15.061553 0.76164 15.356796 14.595157 "" "" 1624.74622 1771.17664 17796.12445 3.2418 9833.3 7.5729 11511.0 9.1891 "" "" 0.0027624096048398583 0.0029127658 0.0038774926 0.0067902585 4.38249084011 52.54375894224 1696.57092 -2.075 -1.362
3.43855876823 52.47507775251 0.0135 0.0151 27.3699 "" "" 395930842930355200 1324.60852 0.7217 0.0245 -3.391 -0.812 0.017 0.019 0.977 6091.9 4.3659 15.061692 0.810288 15.382273 14.571985 "" "" 1273.43945 1378.32251 17793.85369 3.5034 9605.2 11.919 11759.0 7.614 "" "" 0.002763600268143956 0.0030984206 0.0038442116 0.006942632 3.43855876823 52.47507775251 1324.60852 -3.391 -0.812
4.40902949583 52.24590165845 0.0151 0.0175 11.0381 "" "" 395164483327885952 1333.18005 0.7161 0.0255 -2.019 3.324 0.02 0.022 1.094 5827.2 4.375 15.063041 0.934928 15.436338 14.501411 "" "" 1289.64868 1370.72729 17771.76056 3.158 9138.6 14.784 12549.0 13.074 "" "" 0.002762066699815064 0.003296995 0.0039450284 0.0072420235 4.40902949583 52.24590165845 1333.18005 -2.019 3.323999999999999
4.19013285734 52.03097500188 0.0142 0.0157 15.159 "" "" 395135896024720128 1821.77734 0.518 0.0248 -2.955 -0.431 0.019 0.021 0.996 6015.3 3.8135 15.063448 0.876944 15.415781 14.538837 "" "" 1749.11255 1905.57898 17765.09287 2.9696 9313.3 10.158 12123.0 10.453 "" "" 0.0027612910640366453 0.003031073 0.0038936029 0.006924676 4.19013285734 52.03097500188 1821.77734 -2.955 -0.43100000000000005
3.84014273068 52.60287202525 0.0133 0.0157 21.8412 "" "" 395185648926413312 1564.53027 0.611 0.0247 6.804 -2.917 0.019 0.024 1.017 5142.3 3.7073 15.071204 1.293444 15.629927 14.336483 "" "" 1515.78979 1612.40588 17638.63674 2.9369 7646.2 13.412 14607.0 16.043 "" "" 0.0027612443782766443 0.0033781682 0.0039630444 0.0073412126 3.84014273068 52.60287202525 1564.53027 6.804 -2.917
4.36556295139 51.88153034965 0.0138 0.0157 25.6078 "" "" 395129505113468928 1595.28479 0.5909 0.0267 -1.245 -1.941 0.019 0.022 1.052 6027.1 4.2583 15.071558 0.871356 15.42023 14.548874 "" "" 1538.58105 1655.24719 17632.88593 3.2813 9275.2 9.5165 12012.0 10.936 "" "" 0.00276271810906981 0.003004331 0.0039065094 0.00691084 4.36556295139 51.88153034965 1595.28479 -1.2449999999999999 -1.9410000000000003
3.91810086864 52.69446592096 0.0137 0.0162 25.9176 "" "" 419205442509157888 1564.9928 0.6095 0.0264 -3.426 -4.978 0.021 0.025 1.03 6220.1 4.3013 15.077439 0.855657 15.420307 14.564651 "" "" 1508.90259 1635.49768 17537.64202 3.1543 9274.6 7.6135 11839.0 8.8803 "" "" 0.002762231595500446 0.0029290656 0.0038661314 0.006795197 3.91810086864 52.69446592096 1564.9928 -3.4260000000000006 -4.978000000000001
4.71532055424 52.17079209146 0.0141 0.0163 23.0587 "" "" 395113562194009728 1542.56921 0.6134 0.0258 2.732 -0.117 0.018 0.021 1.046 6068.7 4.2529 15.078272 0.880083 15.43166 14.551577 "" "" 1480.51343 1620.52295 17524.19814 2.9378 9178.1 9.1843 11982.0 10.361 "" "" 0.0027613255954953035 0.0029942386 0.003894248 0.0068884864 4.71532055424 52.17079209146 1542.56921 2.7320000000000007 -0.11700000000000002
3.39247093201 52.30326720575 0.0152 0.0172 26.4971 "" "" 395904523370016896 1768.7832 0.5363 0.0254 -3.705 -0.989 0.02 0.022 1.036 "" "" 15.079015 0.900682 15.442378 14.541697 "" "" 1703.37561 1836.17419 17512.20743 3.3226 9087.9 12.602 12091.0 9.0478 "" "" 0.002763010003619515 0.0031704544 0.0038657247 0.0070361793 3.39247093201 52.30326720575 1768.7832 -3.7049999999999996 -0.9889999999999998
4.25346144853 52.16453354332 0.0137 0.0153 8.5927 "" "" 395157611380234880 1794.11328 0.5269 0.0241 0.439 -0.344 0.019 0.02 0.997 5121.0 3.6967 15.080278 1.117576 15.558079 14.440503 "" "" 1716.84814 1871.51904 17491.8391 3.4172 8169.3 10.535 13273.0 9.665 "" "" 0.0027634723918558827 0.0031217723 0.0038611884 0.0069829607 4.25346144853 52.16453354332 1794.11328 0.439 -0.34400000000000003
4.73582077896 52.31920092532 0.0131 0.0151 22.9632 "" "" 419135138185439872 1863.71375 0.5056 0.0242 -2.871 0.149 0.017 0.021 0.993 5978.5 4.2137 15.084317 0.894014 15.443736 14.549722 "" "" 1799.07666 1950.12988 17426.88245 2.9482 9076.6 12.328 12002.0 10.779 "" "" 0.002761435803190734 0.0031558976 0.003903146 0.0070590433 4.73582077896 52.31920092532 1863.71375 -2.8710000000000004 0.14899999999999997
4.20638235089 52.67743935533 0.0137 0.0171 24.1346 "" "" 419193450960252544 1385.15051 0.694 0.026 -1.162 -0.473 0.019 0.023 1.026 6170.7 4.4346 15.087386 0.86029 15.431342 14.571052 "" "" 1328.93457 1434.19324 17377.70119 3.1347 9180.8 8.7531 11769.0 7.8708 "" "" 0.002762272144833186 0.0029760033 0.0038485017 0.006824505 4.20638235089 52.67743935533 1385.15051 -1.162 -0.473
4.45701868958 52.28342358186 0.0138 0.0159 12.6153 "" "" 395118132039094528 1892.27844 0.5015 0.025 -3.2 -1.74 0.018 0.02 0.989 5454.2 4.1837 15.095444 0.977263 15.496713 14.519449 "" "" 1818.07996 1982.54736 17249.20696 2.7649 8644.3 8.1491 12342.0 8.9463 "" "" 0.0027608109872422053 0.0029719824 0.0038604557 0.006832438 4.45701868958 52.28342358186 1892.27844 -3.2 -1.7400000000000004
3.77847284316 52.15321057361 0.0139 0.0162 14.4482 "" "" 395148471688757888 1629.63245 0.5882 0.0244 -5.863 0.113 0.019 0.021 0.973 6276.6 4.3021 15.097564 0.850314 15.43604 14.585726 "" "" 1569.9657 1685.16516 17215.55752 2.7977 9141.2 8.0495 11611.0 9.7802 "" "" 0.0027609638760702007 0.0029494269 0.0038884585 0.0068378854 3.77847284316 52.15321057361 1629.63245 -5.8629999999999995 0.11299999999999996
3.44926034844 52.37785435058 0.015 0.0155 25.0621 "" "" 395906653673755264 1708.71399 0.5591 0.0246 1.189 -1.711 0.019 0.02 0.944 6043.5 4.0628 15.101584 0.835566 15.434431 14.598865 "" "" 1638.67224 1776.48267 17151.94345 3.1349 9154.7 9.6184 11471.0 10.294 "" "" 0.002762457027051887 0.0030143512 0.0039029543 0.0069173053 3.44926034844 52.37785435058 1708.71399 1.1889999999999998 -1.7110000000000003
3.94900829173 51.96835512235 0.0143 0.0163 19.6095 "" "" 395140431510192384 1364.03149 0.7093 0.0263 2.742 -1.703 0.019 0.021 1.038 5850.7 4.3786 15.106861 0.909205 15.479055 14.56985 "" "" 1318.02637 1420.54224 17068.76978 2.9307 8786.1 9.5314 11782.0 9.4308 "" "" 0.002761619447517505 0.0030285881 0.0038780158 0.006906604 3.94900829173 51.96835512235 1364.03149 2.7420000000000004 -1.703
4.78060119784 52.38718774276 0.0142 0.0161 25.3052 "" "" 419137169707269376 1341.45557 0.7224 0.0261 -4.793 -2.903 0.019 0.022 1.017 6045.3 4.3384 15.10758 0.892691 15.469241 14.57655 "" "" 1297.05188 1392.67065 17057.46865 3.9345 8865.8 11.416 11709.0 12.871 "" "" 0.002766678208982721 0.0031208284 0.0039633485 0.007084177 4.78060119784 52.38718774276 1341.45557 -4.792999999999999 -2.9030000000000005
3.4525658073 52.38855559141 0.0181 0.0196 25.1016 "" "" 395905932115342976 1820.66357 0.5202 0.0318 -5.09 -3.351 0.024 0.027 1.189 5722.4 4.1969 15.108893 0.80818 15.254236 14.446056 "" "" 1737.76453 1939.14832 17036.84679 7.0035 10807.0 72.509 13205.0 59.463 "" "" 0.002791235300840354 0.0078007537 0.0061795986 0.013980352 3.4525658073 52.38855559141 1820.66357 -5.089999999999999 -3.351000000000001
4.11261906727 52.22179534112 0.0146 0.0173 3.4445 "" "" 395160978634551040 1714.87207 0.5502 0.0255 -5.44 -1.377 0.021 0.024 1.012 5877.2 4.2414 15.110882 0.881982 15.464967 14.582985 "" "" 1653.2627 1778.31555 17005.67436 2.9673 8900.8 8.4919 11640.0 8.3157 "" "" 0.0027618255294352043 0.0029762476 0.0038581565 0.006834404 4.11261906727 52.22179534112 1714.87207 -5.440000000000001 -1.3770000000000007
4.46476590465 52.0090809993 0.0149 0.0165 20.7374 "" "" 395108476952657152 1435.06799 0.6689 0.0271 -3.134 2.012 0.019 0.021 0.998 5433.3 4.2758 15.112303 0.930114 15.489145 14.559031 "" "" 1378.19519 1487.40112 16983.43928 2.7409 8704.8 8.6019 11900.0 9.868 "" "" 0.0027608861997709014 0.0029893422 0.0038851434 0.006874486 4.46476590465 52.0090809993 1435.06799 -3.1339999999999995 2.0120000000000005
3.64711046396 52.59319310291 0.0139 0.0167 25.4136 "" "" 395187676150964096 1633.27063 0.5815 0.026 2.636 -3.79 0.019 0.022 1.053 5827.0 3.9445 15.114228 0.904633 15.478226 14.573593 "" "" 1566.02466 1703.00085 16953.34927 3.0165 8792.8 9.6005 11741.0 10.093 "" "" 0.0027620842906425757 0.0030315656 0.003892923 0.0069244886 3.64711046396 52.59319310291 1633.27063 2.636 -3.7899999999999996
3.77569828061 52.63842643187 0.0141 0.0165 24.8393 "" "" 395188775663034624 1414.89404 0.6884 0.0256 -3.112 -3.217 0.02 0.023 1.046 5925.7 4.2458 15.114527 0.886112 15.472508 14.586396 "" "" 1364.1405 1459.9613 16948.69136 3.2054 8839.2 16.733 11604.0 12.229 "" "" 0.002762960965879805 0.0034654725 0.0039487914 0.0074142637 3.77569828061 52.63842643187 1414.89404 -3.1119999999999997 -3.2170000000000005
4.01840023492 52.10032774112 0.0147 0.0169 11.2872 "" "" 395135792945456256 1769.14062 0.5433 0.0272 -2.851 -1.773 0.02 0.023 1.074 6816.1 4.3958 15.11929 0.79243 15.430268 14.637838 "" "" 1693.31848 1842.51318 16874.48958 3.1433 9189.9 10.017 11067.0 9.4706 "" "" 0.002762732843912786 0.0030307772 0.0038919137 0.006922691 4.01840023492 52.10032774112 1769.14062 -2.8510000000000004 -1.7730000000000001
3.73753010222 52.35927340836 0.0149 0.0172 14.5989 "" "" 395177780546466688 1379.91882 0.6907 0.0252 4.093 -1.129 0.02 0.022 0.975 5988.5 4.2512 15.131737 0.846909 15.468412 14.621504 "" "" 1338.95264 1428.13013 16682.1439 3.2877 8872.6 11.215 11235.0 8.6069 "" "" 0.0027636162966096843 0.0031094148 0.0038698257 0.0069792406 3.73753010222 52.35927340836 1379.91882 4.092999999999999 -1.129
3.58053276816 52.46341566488 0.0143 0.0166 22.4326 "" "" 395179670331862656 1560.84351 0.6137 0.0249 0.426 -1.814 0.018 0.021 1.023 6186.4 4.2979 15.14143 0.861042 15.483742 14.6227 "" "" 1495.68982 1619.64661 16533.87351 3.0805 8748.2 9.0318 11222.0 9.3846 "" "" 0.002762735960334476 0.0030069156 0.0038869178 0.006893833 3.58053276816 52.46341566488 1560.84351 0.426 -1.814
4.09477925492 52.43983575773 0.0144 0.0176 9.6622 "" "" 395170599361142784 1402.00439 0.6787 0.0264 -3.666 -6.276 0.019 0.024 1.02 5177.2 3.7467 15.147643 1.055641 15.593802 14.538161 "" "" 1358.78479 1447.86316 16439.53216 2.7792 7904.9 7.9341 12131.0 8.4551 "" "" 0.0027614271760431934 0.0029954293 0.0038543977 0.0068498272 4.09477925492 52.43983575773 1402.00439 -3.6660000000000004 -6.276000000000001
4.14630298942 52.42370637106 0.0151 0.0174 8.7536 "" "" 395169809087178368 1726.33606 0.5524 0.0272 3.816 -0.962 0.02 0.025 0.942 5396.2 4.2057 15.148111 0.97436 15.546683 14.572324 "" "" 1652.573 1800.75085 16432.44313 2.83 8255.5 10.532 11755.0 9.7865 "" "" 0.0027616576703230703 0.0031150673 0.0038859742 0.0070010414 4.14630298942 52.42370637106 1726.33606 3.816 -0.962
4.67790374255 52.4357179341 0.0141 0.0162 22.717 "" "" 419140468242102144 1666.79089 0.5618 0.0264 -1.283 -0.966 0.019 0.022 1.045 5838.3 4.2538 15.149402 0.928429 15.527228 14.5988 "" "" 1600.06592 1755.49976 16412.93138 2.8446 8404.8 8.7221 11472.0 8.0009 "" "" 0.0027617383681586873 0.003009079 0.0038544927 0.0068635717 4.67790374255 52.4357179341 1666.79089 -1.2830000000000001 -0.9660000000000002
4.33605092153 52.12573210131 0.0145 0.0158 12.3214 "" "" 395156580588097408 1307.41187 0.742 0.0253 -4.666 1.142 0.019 0.02 1.02 "" "" 15.150007 0.831472 15.480115 14.648643 "" "" 1259.26135 1363.16589 16403.77378 2.9037 8777.5 8.9042 10957.0 7.542 "" "" 0.0027620149633802867 0.0029996915 0.0038525637 0.006852255 4.33605092153 52.12573210131 1307.41187 -4.6659999999999995 1.142
4.55804501615 52.56794710769 0.0136 0.0164 23.7658 "" "" 419142254948394752 1491.45947 0.6421 0.0256 -6.931 -6.622 0.018 0.021 0.971 6305.3 4.3097 15.156889 0.85514 15.497165 14.642025 "" "" 1441.7915 1544.00317 16300.13452 2.8072 8640.7 8.5676 11024.0 6.8907 "" "" 0.002761657608292414 0.0029906537 0.0038398304 0.006830484 4.55804501615 52.56794710769 1491.45947 -6.930999999999999 -6.621999999999999
4.04472287548 52.44401579352 0.0144 0.0166 10.2041 "" "" 395170427562442624 1729.67249 0.549 0.0255 -4.274 -3.455 0.019 0.023 0.921 6092.9 3.8576 15.157153 0.910522 15.525067 14.614545 "" "" 1664.48511 1818.32288 16296.16566 2.8659 8421.5 10.512 11307.0 10.333 "" "" 0.0027619283104094914 0.0031018958 0.003907455 0.0070093507 4.04472287548 52.44401579352 1729.67249 -4.274000000000001 -3.4550000000000005
4.81859185392 52.47562555744 0.0139 0.016 28.3904 "" "" 419143010862731264 1911.03809 0.4835 0.0271 -4.904 -1.754 0.02 0.022 0.991 6480.8 4.0867 15.157722 0.734615 15.441432 14.706817 "" "" 1798.91504 2030.88953 16287.62096 3.2133 9095.9 9.6549 10386.0 8.0058 "" "" 0.002763633607773545 0.0030188102 0.0038709368 0.006889747 4.81859185392 52.47562555744 1911.03809 -4.903999999999999 -1.7540000000000004
3.34290872523 52.15613513044 0.0141 0.0155 29.2701 "" "" 395896173953649408 1908.53516 0.4995 0.0249 -1.652 -1.198 0.019 0.019 0.981 6667.2 4.3354 15.161328 0.744439 15.450826 14.706387 "" "" 1821.08435 2003.61243 16233.62297 2.8319 9017.5 11.94 10390.0 9.3893 "" "" 0.0027618223841569074 0.0031387552 0.0039046654 0.0070434203 3.34290872523 52.15613513044 1908.53516 -1.6519999999999997 -1.1979999999999997
3.70446934402 52.43410491199 0.0153 0.0171 17.6338 "" "" 395178708259348992 1921.49109 0.4911 0.0256 -5.399 -3.15 0.019 0.021 0.989 6355.8 4.1612 15.168808 0.900327 15.528274 14.627947 "" "" 1833.27283 1995.95557 16122.17593 3.1166 8396.7 9.2787 11168.0 8.9639 "" "" 0.0027633025856242995 0.0030371908 0.0038785518 0.0069157425 3.70446934402 52.43410491199 1921.49109 -5.398999999999999 -3.15
4.66191746611 52.18619852362 0.0151 0.0173 20.9142 "" "" 395113733992694016 1837.25659 0.5124 0.0283 -5.871 -0.133 0.02 0.024 1.055 5830.1 3.6297 15.169375 0.832957 15.499459 14.666502 "" "" 1737.71118 1953.29858 16113.7444 2.8649 8622.5 8.8625 10778.0 7.7489 "" "" 0.0027620738821352935 0.0030050636 0.0038591523 0.006864216 4.66191746611 52.18619852362 1837.25659 -5.871000000000002 -0.133
