Clusters/Antalova_2/Antalova_2_members.tsv
# %ECSV 1.0
# ---
# datatype:
# - name: RA_ICRS_1
#   unit: deg
#   datatype: float64
#   format: '{:15.11f}'
#   description: Right ascension (ICRS) at Ep=2016.0 (ra)
#   meta: !!omap
#   - {ucd: POS_EQ_RA_MAIN}
#   - {width: 15}
#   - {precision: '11'}
# - name: DE_ICRS_1
#   unit: deg
#   datatype: float64
#   format: '{:15.11f}'
#   description: Declination (ICRS) at Ep=2016.0 (dec)
#   meta: !!omap
#   - {ucd: POS_EQ_DEC_MAIN}
#   - {width: 15}
#   - {precision: '11'}
# - name: e_RA_ICRS
#   unit: mas
#   datatype: float64
#   format: '{:7.4f}'
#   description: Standard error of right ascension (ra_error)
#   meta: !!omap
#   - {ucd: ERROR}
#   - {width: 7}
#   - {precision: '4'}
# - name: e_DE_ICRS
#   unit: mas
#   datatype: float64
#   format: '{:7.4f}'
#   description: Standard error of declination (dec_error)
#   meta: !!omap
#   - {ucd: ERROR}
#   - {width: 7}
#   - {precision: '4'}
# - name: _r_1
#   unit: ''
#   datatype: float64
#   format: '{:7.4f}'
#   description: Distance from center (262.47020842000-32.52149485000)[ICRS], at Epoch=J2016.0
#   meta: !!omap
#   - {ucd: POS_ANG_DIST_GENERAL}
#   - {width: 7}
#   - {precision: '4'}
# - name: HIP
#   datatype: int32
#   description: '? HIP cross-id number, van Leeuwen, Cat. I/311 (hip_original_ext_source_id)'
#   meta: !!omap
#   - {ucd: ID_NUMBER}
#   - {width: 6}
#   - values: {'null': -2147483648}
# - name: TYC2
#   datatype: string
#   description: Tycho-2 cross-id name, Hog et al., Cat. I/259 (tyc2_original_ext_source_id)
#   meta: !!omap
#   - {ucd: ID_CROSSID}
#   - {_votable_string_dtype: char}
# - name: Source
#   datatype: int64
#   description: Source identifier, identical to the Gaia-EDR3 source_id (id)
#   meta: !!omap
#   - {ucd: ID_MAIN}
#   - {width: 19}
# - name: rgeo
#   unit: pc
#   datatype: float64
#   format: '{:15.8f}'
#   description: '? Median of the geometric distance posterior (r_med_geo)'
#   meta: !!omap
#   - {ucd: PHYS_DISTANCE_TRUE}
#   - {width: 15}
#   - {precision: '8'}
#   - values: {'null': .nan}
# - name: Plx
#   unit: mas
#   datatype: float64
#   format: '{:9.4f}'
#   description: '? Parallax (parallax)'
#   meta: !!omap
#   - {ucd: POS_PARLX_TRIG}
#   - {width: 9}
#   - {precision: '4'}
#   - values: {'null': .nan}
# - name: e_Plx
#   unit: mas
#   datatype: float32
#   format: '{:7.4f}'
#   description: '? Standard error of parallax (parallax_error)'
#   meta: !!omap
#   - {ucd: ERROR}
#   - {width: 7}
#   - {precision: '4'}
#   - values: {'null': .nan}
# - name: pmRA
#   unit: mas / yr
#   datatype: float64
#   format: '{:9.3f}'
#   description: '? Proper motion in right ascension direction, pmRA*cosDE (pmra)'
#   meta: !!omap
#   - {ucd: POS_EQ_PMRA}
#   - {width: 9}
#   - {precision: '3'}
#   - values: {'null': .nan}
# - name: pmDE
#   unit: mas / yr
#   datatype: float64
#   format: '{:9.3f}'
#   description: '? Proper motion in declination direction (pmdec)'
#   meta: !!omap
#   - {ucd: POS_EQ_PMDEC}
#   - {width: 9}
#   - {precision: '3'}
#   - values: {'null': .nan}
# - name: e_pmRA
#   unit: mas / yr
#   datatype: float32
#   format: '{:6.3f}'
#   description: '? Standard error of proper motion in right ascension direction (pmra_error)'
#   meta: !!omap
#   - {ucd: ERROR}
#   - {width: 6}
#   - {precision: '3'}
#   - values: {'null': .nan}
# - name: e_pmDE
#   unit: mas / yr
#   datatype: float32
#   format: '{:6.3f}'
#   description: '? Standard error of proper motion in declination direction (pmdec_error)'
#   meta: !!omap
#   - {ucd: ERROR}
#   - {width: 6}
#   - {precision: '3'}
#   - values: {'null': .nan}
# - name: RUWE
#   datatype: float64
#   format: '{:7.3f}'
#   description: '? Renormalised unit weight error (ruwe)'
#   meta: !!omap
#   - {ucd: ERROR}
#   - {width: 7}
#   - {precision: '3'}
#   - values: {'null': .nan}
# - name: Teff
#   unit: K
#   datatype: float64
#   format: '{:7.1f}'
#   description: '? Effective temperature from GSP-Phot Aeneas best library using BP/RP spectra (teff_gspphot)'
#   meta: !!omap
#   - {ucd: PHYS_TEMP_EFFEC}
#   - {width: 7}
#   - {precision: '1'}
#   - values: {'null': .nan}
# - name: logg
#   unit: log(cm.s**-2)
#   datatype: float64
#   format: '{:7.4f}'
#   description: '? Surface gravity from GSP-Phot Aeneas best library using BP/RP spectra (logg_gspphot)'
#   meta: !!omap
#   - {ucd: PHYS_GRAVITY_SURFACE}
#   - {width: 7}
#   - {precision: '4'}
#   - values: {'null': .nan}
# - name: Gmag
#   unit: mag
#   datatype: float64
#   format: '{:9.6f}'
#   description: '? G-band mean magnitude (phot_g_mean_mag)'
#   meta: !!omap
#   - {ucd: PHOT_MAG_OPTICAL}
#   - {width: 9}
#   - {precision: '6'}
#   - values: {'null': .nan}
# - name: BP-RP
#   unit: mag
#   datatype: float64
#   format: '{:9.6f}'
#   description: '? BP-RP colour (bp_rp)'
#   meta: !!omap
#   - {ucd: PHOT_CI_B-R}
#   - {width: 9}
#   - {precision: '6'}
#   - values: {'null': .nan}
# - name: BPmag
#   unit: mag
#   datatype: float64
#   format: '{:9.6f}'
#   description: '? Integrated BP mean magnitude (phot_bp_mean_mag)'
#   meta: !!omap
#   - {ucd: PHOT_MAG_B}
#   - {width: 9}
#   - {precision: '6'}
#   - values: {'null': .nan}
# - name: RPmag
#   unit: mag
#   datatype: float64
#   format: '{:9.6f}'
#   description: '? Integrated RP mean magnitude (phot_rp_mean_mag)'
#   meta: !!omap
#   - {ucd: PHOT_MAG_R}
#   - {width: 9}
#   - {precision: '6'}
#   - values: {'null': .nan}
# - name: RV
#   unit: km / s
#   datatype: float64
#   format: '{:7.2f}'
#   description: '? Radial velocity (radial_velocity)'
#   meta: !!omap
#   - {ucd: VELOC_BARYCENTER}
#   - {width: 7}
#   - {precision: '2'}
#   - values: {'null': .nan}
# - name: e_RV
#   unit: km / s
#   datatype: float32
#   format: '{:5.2f}'
#   description: '? Radial velocity error (radial_velocity_error)'
#   meta: !!omap
#   - {ucd: ERROR}
#   - {width: 5}
#   - {precision: '2'}
#   - values: {'null': .nan}
# - name: b_rgeo
#   unit: pc
#   datatype: float64
#   format: '{:14.8f}'
#   description: '? 16th percentile of the geometric distance posterior (r_lo_geo)'
#   meta: !!omap
#   - {ucd: ERROR}
#   - {width: 14}
#   - {precision: '8'}
#   - values: {'null': .nan}
# - name: B_rgeo
#   unit: pc
#   datatype: float64
#   format: '{:14.8f}'
#   description: '? 84th percentile of the geometric distance posterior (r_hi_geo)'
#   meta: !!omap
#   - {ucd: ERROR}
#   - {width: 14}
#   - {precision: '8'}
#   - values: {'null': .nan}
# - name: FG
#   unit: ''
#   datatype: float64
#   format: '{:16.5f}'
#   description: '? G-band mean flux (phot_g_mean_flux)'
#   meta: !!omap
#   - {ucd: PHOT_FLUX_OPTICAL}
#   - {width: 16}
#   - {precision: '5'}
#   - values: {'null': .nan}
# - name: e_FG
#   unit: ''
#   datatype: float32
#   format: '{:11.4g}'
#   description: '? Error on G-band mean flux (phot_g_mean_flux_error)'
#   meta: !!omap
#   - {ucd: ERROR}
#   - {width: 11}
#   - {precision: E4}
#   - values: {'null': .nan}
# - name: FBP
#   unit: ''
#   datatype: float32
#   format: '{:11.4g}'
#   description: '? Integrated BP mean flux (phot_bp_mean_flux)'
#   meta: !!omap
#   - {ucd: PHOT_FLUX_B}
#   - {width: 11}
#   - {precision: E4}
#   - values: {'null': .nan}
# - name: e_FBP
#   unit: ''
#   datatype: float32
#   format: '{:11.4g}'
#   description: '? Error on the integrated BP mean flux (phot_bp_mean_flux_error)'
#   meta: !!omap
#   - {ucd: ERROR}
#   - {width: 11}
#   - {precision: E4}
#   - values: {'null': .nan}
# - name: FRP
#   unit: ''
#   datatype: float32
#   format: '{:11.4g}'
#   description: '? Integrated RP mean flux (phot_rp_mean_flux)'
#   meta: !!omap
#   - {ucd: PHOT_FLUX_R}
#   - {width: 11}
#   - {precision: E4}
#   - values: {'null': .nan}
# - name: e_FRP
#   unit: ''
#   datatype: float32
#   format: '{:11.4g}'
#   description: '? Error on the integrated RP mean flux (phot_rp_mean_flux_error)'
#   meta: !!omap
#   - {ucd: ERROR}
#   - {width: 11}
#   - {precision: E4}
#   - values: {'null': .nan}
# - name: RAVE5
#   datatype: string
#   description: RAVE DR5 cross-id name, Kunder et al., Cat. III/279 (rave5_original_ext_source_id)
#   meta: !!omap
#   - {ucd: ID_CROSSID}
#   - {_votable_string_dtype: char}
# - name: RAVE6
#   datatype: string
#   description: RAVE DR6 cross-id name, Steinmetz et al., Cat. III/283 (rave6_original_ext_source_id)
#   meta: !!omap
#   - {ucd: ID_CROSSID}
#   - {_votable_string_dtype: char}
# - name: e_Gmag
#   unit: ''
#   datatype: float64
#   format: '{:11.4g}'
#   description: '? Error on G-band mean flux (phot_g_mean_flux_error)'
#   meta: !!omap
#   - {ucd: ERROR}
#   - {width: 11}
#   - {precision: E4}
#   - values: {'null': .nan}
# - name: e_BPmag
#   unit: ''
#   datatype: float32
#   format: '{:11.4g}'
#   description: '? Error on the integrated BP mean flux (phot_bp_mean_flux_error)'
#   meta: !!omap
#   - {ucd: ERROR}
#   - {width: 11}
#   - {precision: E4}
#   - values: {'null': .nan}
# - name: e_RPmag
#   unit: ''
#   datatype: float32
#   format: '{:11.4g}'
#   description: '? Error on the integrated RP mean flux (phot_rp_mean_flux_error)'
#   meta: !!omap
#   - {ucd: ERROR}
#   - {width: 11}
#   - {precision: E4}
#   - values: {'null': .nan}
# - name: e_BP-RP
#   unit: ''
#   datatype: float32
#   format: '{:11.4g}'
#   description: '? Error on the integrated BP mean flux (phot_bp_mean_flux_error)'
#   meta: !!omap
#   - {ucd: ERROR}
#   - {width: 11}
#   - {precision: E4}
#   - values: {'null': .nan}
# - name: SkyCoord.ra
#   unit: deg
#   datatype: float64
#   format: '{:15.11f}'
#   description: Right ascension (ICRS) at Ep=2016.0 (ra)
#   meta: !!omap
#   - {ucd: POS_EQ_RA_MAIN}
#   - {width: 15}
#   - {precision: '11'}
# - name: SkyCoord.dec
#   unit: deg
#   datatype: float64
#   format: '{:15.11f}'
#   description: Declination (ICRS) at Ep=2016.0 (dec)
#   meta: !!omap
#   - {ucd: POS_EQ_DEC_MAIN}
#   - {width: 15}
#   - {precision: '11'}
# - name: SkyCoord.distance
#   unit: pc
#   datatype: float64
#   format: '{:15.8f}'
#   description: '? Median of the geometric distance posterior (r_med_geo)'
#   meta: !!omap
#   - {ucd: PHYS_DISTANCE_TRUE}
#   - {width: 15}
#   - {precision: '8'}
#   - values: {'null': .nan}
# - {name: SkyCoord.pm_ra_cosdec, unit: mas / yr, datatype: float64}
# - {name: SkyCoord.pm_dec, unit: mas / yr, datatype: float64}
# - {name: Pmemb, datatype: float64}
# meta: !!omap
# - {ID: I_352_gedr3dis}
# - {name: I/352/gedr3dis}
# - {description: Estimating distances from parallaxes (1467744818 sources)}
# - __serialized_columns__:
#     SkyCoord:
#       __class__: astropy.coordinates.sky_coordinate.SkyCoord
#       dec: !astropy.table.SerializedColumn
#         __class__: astropy.coordinates.angles.Latitude
#         unit: &id001 !astropy.units.Unit {unit: deg}
#         value: !astropy.table.SerializedColumn {name: SkyCoord.dec}
#       distance: !astropy.table.SerializedColumn
#         __class__: astropy.coordinates.distances.Distance
#         unit: !astropy.units.Unit {unit: pc}
#         value: !astropy.table.SerializedColumn {name: SkyCoord.distance}
#       frame: icrs
#       obstime: !astropy.time.Time {format: jyear_str, in_subfmt: '*', jd1: 367701545.0, jd2: 0.0, out_subfmt: '*', precision: 3, scale: tt}
#       pm_dec: !astropy.table.SerializedColumn
#         __class__: astropy.units.quantity.Quantity
#         unit: !astropy.units.Unit {unit: mas / yr}
#         value: !astropy.table.SerializedColumn {name: SkyCoord.pm_dec}
#       pm_ra_cosdec: !astropy.table.SerializedColumn
#         __class__: astropy.units.quantity.Quantity
#         unit: !astropy.units.Unit {unit: mas / yr}
#         value: !astropy.table.SerializedColumn {name: SkyCoord.pm_ra_cosdec}
#       ra: !astropy.table.SerializedColumn
#         __class__: astropy.coordinates.angles.Longitude
#         unit: *id001
#         value: !astropy.table.SerializedColumn {name: SkyCoord.ra}
#         wrap_angle: !astropy.coordinates.Angle
#           unit: *id001
#           value: 360.0
#       representation_type: spherical
# schema: astropy-2.0
RA_ICRS_1 DE_ICRS_1 e_RA_ICRS e_DE_ICRS _r_1 HIP TYC2 Source rgeo Plx e_Plx pmRA pmDE e_pmRA e_pmDE RUWE Teff logg Gmag BP-RP BPmag RPmag RV e_RV b_rgeo B_rgeo FG e_FG FBP e_FBP FRP e_FRP RAVE5 RAVE6 e_Gmag e_BPmag e_RPmag e_BP-RP SkyCoord.ra SkyCoord.dec SkyCoord.distance SkyCoord.pm_ra_cosdec SkyCoord.pm_dec Pmemb
262.42472283905 -32.52566008668 0.0174 0.012 2.3147 "" 7379-241-1 4054762728756348800 1210.11206 0.7699 0.019 2.219 -1.236 0.021 0.015 0.702 "" "" 11.652418 0.37742 11.780049 11.402629 "" "" 1185.81897 1236.69458 411130.46356 103.44 265090.0 246.32 217820.0 118.53 "" "" 0.0027688285077947542 0.002966959 0.0038252836 0.0067922426 262.42472283905 -32.52566008668 1210.11206 2.2189999999999994 -1.2360000000000002 0.8
262.47186702346 -32.59297876565 0.0169 0.0144 4.2899 "" "" 4054714595072975360 1134.92126 0.8557 0.0152 1.781 -1.999 0.021 0.017 0.875 "" "" 12.353555 0.649523 12.597436 11.947913 "" "" 1114.32397 1160.24036 215538.58854 56.634 124870.0 107.32 131820.0 106.96 "" "" 0.0027700498235004923 0.0029420739 0.003880702 0.006822776 262.47186702346 -32.59297876565 1134.92126 1.781 -1.9989999999999999 1.0
262.48808558799 -32.60332706352 0.0163 0.0124 4.9925 "" "" 4054714522044045696 1077.15601 0.894 0.0174 1.914 -1.681 0.022 0.016 0.836 "" "" 12.945857 0.752191 13.230313 12.478123 "" "" 1057.04517 1093.71899 124911.90162 112.4 69709.0 293.4 80893.0 196.69 "" "" 0.0029234028509983103 0.0053542475 0.0046101045 0.0099643525 262.48808558799 -32.60332706352 1077.15601 1.914 -1.6810000000000003 0.8
262.52651156868 -32.34920414608 0.02 0.0155 10.7234 "" "" 4054862548119719936 1161.08545 0.8207 0.0216 1.829 -2.186 0.026 0.019 0.941 10278.7 4.1025 14.298275 1.330943 14.881272 13.550329 "" "" 1137.66614 1185.90613 35944.84874 9.3809 15237.0 21.583 30132.0 20.029 "" "" 0.0027698519694838953 0.00318595 0.0038476714 0.0070336214 262.52651156868 -32.34920414608 1161.08545 1.829 -2.1859999999999995 1.0
262.50312155392 -32.38973330759 0.026 0.0207 8.0794 "" "" 4054765619286422656 1251.52869 0.7623 0.0282 1.985 -1.737 0.032 0.024 0.992 "" "" 14.866995 1.378939 15.475334 14.096395 "" "" 1209.18298 1292.79736 21288.68456 6.5966 8816.2 12.794 18222.0 31.779 "" "" 0.0027757836769423303 0.0032043096 0.0042271884 0.007431498 262.50312155392 -32.38973330759 1251.52869 1.985 -1.737 0.8
262.627822199 -32.41657657995 0.0286 0.0215 10.1629 "" "" 4054858184432863616 1177.53027 0.8141 0.0315 2.157 -0.967 0.041 0.028 1.035 7432.3 4.0266 15.330804 1.437585 15.972815 14.535231 "" "" 1137.76404 1218.49915 13887.53228 4.5754 5575.6 18.979 12164.0 19.395 "" "" 0.0027784427648030394 0.004630748 0.0041569998 0.0087877475 262.627822199 -32.41657657995 1177.53027 2.157 -0.967 0.8
262.44164485012 -32.5318449372 0.0316 0.0256 1.5728 "" "" 4054761908434614400 1062.05823 0.9034 0.0336 1.342 -2.343 0.044 0.032 0.936 5747.4 4.3578 15.366053 1.275077 15.92642 14.651343 "" "" 1027.17688 1099.80627 13443.91258 4.7821 5819.0 13.704 10930.0 12.87 "" "" 0.0027822550736724067 0.0037845836 0.003989756 0.00777434 262.44164485012 -32.5318449372 1062.05823 1.3420000000000003 -2.343 1.0
262.46242473183 -32.58680152009 0.0372 0.0288 3.9381 "" "" 4054761530477446272 1112.65002 0.8746 0.0389 2.006 -1.544 0.05 0.038 0.977 5304.9 3.7771 15.594299 1.757355 16.43732 14.679966 "" "" 1060.36499 1162.87415 10894.99106 38.939 3634.9 52.829 10646.0 102.89 "" "" 0.004759169137767866 0.016024677 0.011153139 0.027177816 262.46242473183 -32.58680152009 1112.65002 2.006 -1.5440000000000003 0.8
262.43688674275 -32.54075040574 0.037 0.0279 2.0435 "" "" 4054761908434611456 1062.12183 0.9107 0.0385 2.13 -1.609 0.05 0.037 0.973 5532.2 3.8278 15.64913 1.720346 16.450752 14.730407 "" "" 1018.9881 1098.41455 10358.45325 11.166 3590.2 55.192 10162.0 44.851 "" "" 0.0029935897452370527 0.016922582 0.006103035 0.023025617 262.43688674275 -32.54075040574 1062.12183 2.1300000000000003 -1.609 0.9
262.45601460449 -32.5697004564 0.0369 0.0282 2.9801 "" "" 4054761594886471168 1100.24402 0.8742 0.039 2.162 -1.118 0.05 0.038 1.004 5199.3 4.1643 15.721232 1.873773 16.611294 14.737521 "" "" 1057.24951 1142.68359 9692.90094 27.809 3096.7 32.49 10096.0 91.738 "" "" 0.0041587159746026975 0.011728074 0.010564758 0.022292834 262.45601460449 -32.5697004564 1100.24402 2.1619999999999995 -1.118 0.9
262.55431036956 -32.39834669607 0.0366 0.0282 8.5278 "" "" 4054765413127961472 1006.49261 0.9478 0.0412 1.564 -2.051 0.05 0.036 0.886 5363.8 4.4829 15.834205 1.296921 16.406996 15.110075 "" "" 965.936279 1050.82666 8735.04217 6.7035 3737.8 16.166 7163.5 17.799 "" "" 0.0028785497803936575 0.0054622074 0.0046434198 0.010105627 262.55431036956 -32.39834669607 1006.49261 1.564 -2.051 1.0
262.46758928835 -32.63957883908 0.0655 0.0484 7.0863 "" "" 4054714178447476608 1035.32849 0.924 0.0687 2.018 -1.525 0.097 0.068 1.063 4646.8 4.2528 16.621988 2.091985 17.585606 15.493621 "" "" 970.649292 1113.42493 4228.15712 7.2049 1262.3 28.946 5031.6 91.634 "" "" 0.0033188481391149822 0.025053041 0.020131053 0.045184094 262.46758928835 -32.63957883908 1035.32849 2.0180000000000002 -1.525 0.9
262.55902665987 -32.62525422527 0.0675 0.0512 7.6763 "" "" 4054713869208982912 1121.58093 0.8665 0.0741 2.407 -2.36 0.09 0.065 0.965 9189.6 4.3311 16.923582 2.033787 17.941484 15.907698 "" "" 1037.26196 1227.07617 3202.68397 2.6384 909.54 12.097 3436.2 12.333 "" "" 0.0028968622767388923 0.014707519 0.0054285573 0.020136077 262.55902665987 -32.62525422527 1121.58093 2.4070000000000005 -2.3599999999999994 1.0
262.4773673618 -32.55031545666 0.0689 0.0544 1.7667 "" "" 4054762007218059904 1027.35938 0.9241 0.0737 2.057 -1.394 0.097 0.074 1.008 "" "" 16.985472 2.92666 18.666235 15.739575 "" "" 963.441772 1117.30847 3025.22881 3.769 466.58 8.5417 4011.7 17.141 "" "" 0.0030694476104626773 0.020071499 0.0059837117 0.026055211 262.4773673618 -32.55031545666 1027.35938 2.057 -1.3939999999999997 1.0
