Clusters/Antalova_2/Antalova_2_stars_in_region.tsv
# %ECSV 1.0
# ---
# datatype:
# - name: RA_ICRS_1
#   unit: deg
#   datatype: float64
#   format: '{:15.11f}'
#   description: Right ascension (ICRS) at Ep=2016.0 (ra)
#   meta: !!omap
#   - {ucd: POS_EQ_RA_MAIN}
#   - {width: 15}
#   - {precision: '11'}
# - name: DE_ICRS_1
#   unit: deg
#   datatype: float64
#   format: '{:15.11f}'
#   description: Declination (ICRS) at Ep=2016.0 (dec)
#   meta: !!omap
#   - {ucd: POS_EQ_DEC_MAIN}
#   - {width: 15}
#   - {precision: '11'}
# - name: e_RA_ICRS
#   unit: mas
#   datatype: float64
#   format: '{:7.4f}'
#   description: Standard error of right ascension (ra_error)
#   meta: !!omap
#   - {ucd: ERROR}
#   - {width: 7}
#   - {precision: '4'}
# - name: e_DE_ICRS
#   unit: mas
#   datatype: float64
#   format: '{:7.4f}'
#   description: Standard error of declination (dec_error)
#   meta: !!omap
#   - {ucd: ERROR}
#   - {width: 7}
#   - {precision: '4'}
# - name: _r_1
#   unit: ''
#   datatype: float64
#   format: '{:7.4f}'
#   description: Distance from center (262.47020842000-32.52149485000)[ICRS], at Epoch=J2016.0
#   meta: !!omap
#   - {ucd: POS_ANG_DIST_GENERAL}
#   - {width: 7}
#   - {precision: '4'}
# - name: HIP
#   datatype: int32
#   description: '? HIP cross-id number, van Leeuwen, Cat. I/311 (hip_original_ext_source_id)'
#   meta: !!omap
#   - {ucd: ID_NUMBER}
#   - {width: 6}
#   - values: {'null': -2147483648}
# - name: TYC2
#   datatype: string
#   description: Tycho-2 cross-id name, Hog et al., Cat. I/259 (tyc2_original_ext_source_id)
#   meta: !!omap
#   - {ucd: ID_CROSSID}
#   - {_votable_string_dtype: char}
# - name: Source
#   datatype: int64
#   description: Source identifier, identical to the Gaia-EDR3 source_id (id)
#   meta: !!omap
#   - {ucd: ID_MAIN}
#   - {width: 19}
# - name: rgeo
#   unit: pc
#   datatype: float64
#   format: '{:15.8f}'
#   description: '? Median of the geometric distance posterior (r_med_geo)'
#   meta: !!omap
#   - {ucd: PHYS_DISTANCE_TRUE}
#   - {width: 15}
#   - {precision: '8'}
#   - values: {'null': .nan}
# - name: Plx
#   unit: mas
#   datatype: float64
#   format: '{:9.4f}'
#   description: '? Parallax (parallax)'
#   meta: !!omap
#   - {ucd: POS_PARLX_TRIG}
#   - {width: 9}
#   - {precision: '4'}
#   - values: {'null': .nan}
# - name: e_Plx
#   unit: mas
#   datatype: float32
#   format: '{:7.4f}'
#   description: '? Standard error of parallax (parallax_error)'
#   meta: !!omap
#   - {ucd: ERROR}
#   - {width: 7}
#   - {precision: '4'}
#   - values: {'null': .nan}
# - name: pmRA
#   unit: mas / yr
#   datatype: float64
#   format: '{:9.3f}'
#   description: '? Proper motion in right ascension direction, pmRA*cosDE (pmra)'
#   meta: !!omap
#   - {ucd: POS_EQ_PMRA}
#   - {width: 9}
#   - {precision: '3'}
#   - values: {'null': .nan}
# - name: pmDE
#   unit: mas / yr
#   datatype: float64
#   format: '{:9.3f}'
#   description: '? Proper motion in declination direction (pmdec)'
#   meta: !!omap
#   - {ucd: POS_EQ_PMDEC}
#   - {width: 9}
#   - {precision: '3'}
#   - values: {'null': .nan}
# - name: e_pmRA
#   unit: mas / yr
#   datatype: float32
#   format: '{:6.3f}'
#   description: '? Standard error of proper motion in right ascension direction (pmra_error)'
#   meta: !!omap
#   - {ucd: ERROR}
#   - {width: 6}
#   - {precision: '3'}
#   - values: {'null': .nan}
# - name: e_pmDE
[...]
#         value: !astropy.table.SerializedColumn {name: SkyCoord.dec}
#       distance: !astropy.table.SerializedColumn
#         __class__: astropy.coordinates.distances.Distance
#         unit: !astropy.units.Unit {unit: pc}
#         value: !astropy.table.SerializedColumn {name: SkyCoord.distance}
#       frame: icrs
#       obstime: !astropy.time.Time {format: jyear_str, in_subfmt: '*', jd1: 367701545.0, jd2: 0.0, out_subfmt: '*', precision: 3, scale: tt}
#       pm_dec: !astropy.table.SerializedColumn
#         __class__: astropy.units.quantity.Quantity
#         unit: !astropy.units.Unit {unit: mas / yr}
#         value: !astropy.table.SerializedColumn {name: SkyCoord.pm_dec}
#       pm_ra_cosdec: !astropy.table.SerializedColumn
#         __class__: astropy.units.quantity.Quantity
#         unit: !astropy.units.Unit {unit: mas / yr}
#         value: !astropy.table.SerializedColumn {name: SkyCoord.pm_ra_cosdec}
#       ra: !astropy.table.SerializedColumn
#         __class__: astropy.coordinates.angles.Longitude
#         unit: *id001
#         value: !astropy.table.SerializedColumn {name: SkyCoord.ra}
#         wrap_angle: !astropy.coordinates.Angle
#           unit: *id001
#           value: 360.0
#       representation_type: spherical
# schema: astropy-2.0
RA_ICRS_1 DE_ICRS_1 e_RA_ICRS e_DE_ICRS _r_1 HIP TYC2 Source rgeo Plx e_Plx pmRA pmDE e_pmRA e_pmDE RUWE Teff logg Gmag BP-RP BPmag RPmag RV e_RV b_rgeo B_rgeo FG e_FG FBP e_FBP FRP e_FRP RAVE5 RAVE6 e_Gmag e_BPmag e_RPmag e_BP-RP SkyCoord.ra SkyCoord.dec SkyCoord.distance SkyCoord.pm_ra_cosdec SkyCoord.pm_dec rmRA rmDE e_rmRA e_rmDE rRV e_rRV v_pec v_pec3d e_vpec e_vpec3d
[from data line 971]
262.39249821448 -32.52217236774 0.0371 0.027 3.9317 "" "" 4054762904867062272 1035.68982 0.917 0.0382 9.939 -0.869 0.048 0.035 1.157 5636.7 4.2951 15.188837 1.201289 15.706445 14.505156 "" "" 1002.05225 1081.96094 15827.48114 4.494 7125.9 15.449 12505.0 15.437 "" "" 0.0027725125885145092 0.0036504543 0.0040100054 0.0076604597 262.39249821448 -32.52217236774 1035.68982 9.939 -0.8689999999999998 7.969642867088318 0.8274285373687744 0.31254128 0.29954126 "" "" 39.3346273730488 "" 12.288353759585986 ""
263.14496122477 -32.77200516012 0.0276 0.0205 37.2555 "" "" 4054600967424696320 1179.05347 0.8101 0.0304 -5.868 -14.777 0.039 0.026 0.944 5310.0 4.1734 15.189555 1.357569 15.794604 14.437036 "" "" 1138.93921 1218.81848 15817.02345 4.9128 6570.1 14.144 13315.0 12.434 "" "" 0.0027758808942279327 0.003639818 0.0039130184 0.007552836 263.14496122477 -32.77200516012 1179.05347 -5.8679999999999986 -14.776999999999985 -7.8373571329116825 -13.080571462631225 0.30354127 0.29054126 "" "" 85.22110310375962 "" 25.05766528125599 ""
262.38633390918 -32.37967760317 0.03 0.0216 9.5099 "" "" 4054769158339556096 1232.52808 0.7738 0.0334 2.692 -5.536 0.042 0.027 0.964 "" "" 15.191461 1.829416 16.07992 14.250504 -59.75 7.73 1196.27783 1271.84485 15789.28674 5.4713 5051.8 11.368 15811.0 19.931 "" "" 0.0027808879329367245 0.0037086876 0.00401957 0.0077282577 262.38633390918 -32.37967760317 1232.52808 2.692000000000003 -5.536000000000001 0.722642867088318 -3.839571462631225 0.30654126 0.29154128 "" "" 22.825314214215624 "" 6.6665248820225855 ""
262.32789266575 -32.53137270782 0.0597 0.0453 7.2239 "" "" 4054759949929587200 899.031372 1.096 0.0638 4.198 -0.259 0.072 0.053 2.14 5758.5 4.5031 15.191524 1.227171 15.662996 14.435825 "" "" 843.547058 949.71051 15788.37701 13.972 7416.8 21.025 13330.0 29.215 "" "" 0.0029180436510496174 0.0041542808 0.004466108 0.008620389 262.32789266575 -32.53137270782 899.031372 4.198 -0.259 2.2286428670883183 1.4374285373687745 0.33654127 0.31754127 "" "" 11.30121235829783 "" 3.7415205882707876 ""
262.58153545219 -32.27033806857 0.0277 0.0216 16.0903 "" "" 4054863304034014848 1251.97778 0.7556 0.0311 -0.042 -5.236 0.037 0.026 0.92 6833.0 4.0452 15.191648 1.549183 15.905292 14.35611 "" "" 1208.69385 1296.27832 15786.56089 5.3737 5933.3 14.525 14345.0 19.505 "" "" 0.002779996381578629 0.0038535255 0.004057479 0.007911004 262.58153545219 -32.27033806857 1251.97778 -0.04199999999999987 -5.236 -2.011357132911682 -3.5395714626312254 0.30154127 0.29054126 "" "" 24.15962840159689 "" 7.085156663654192 ""
262.39363159323 -31.9790844878 0.0291 0.0203 32.7758 "" "" 4054883919876829440 928.232605 1.0287 0.0313 1.997 2.051 0.044 0.027 0.992 5616.6 4.4977 15.191728 1.088113 15.647312 14.559199 "" "" 904.031433 960.11853 15785.40963 4.8764 7524.7 11.919 11898.0 15.154 "" "" 0.0027756593808139786 0.0032776087 0.0040244283 0.007302037 262.39363159323 -31.9790844878 928.232605 1.9970000000000012 2.051 0.02764286708831798 3.7474285373687746 0.30854127 0.29154128 "" "" 16.488469146514415 "" 4.807085069069464 ""
262.22818146697 -32.82957793189 0.0281 0.0215 22.1609 "" "" 4054728957444074624 913.433044 1.0529 0.0334 6.603 3.63 0.039 0.026 0.969 5542.7 4.3956 15.193442 1.28544 15.755789 14.470348 "" "" 891.709961 938.589172 15760.48838 5.2305 6809.3 13.822 12913.0 13.626 "" "" 0.0027787813113122127 0.003555593 0.003949218 0.007504811 262.22818146697 -32.82957793189 913.433044 6.602999999999999 3.63 4.633642867088318 5.326428537368774 0.30354127 0.29054126 "" "" 30.566840889285075 "" 9.054245113745102 ""
262.44528591661 -32.33235546568 0.028 0.021 11.4183 "" "" 4054769673735632896 1036.18677 0.9274 0.0307 -1.319 1.85 0.036 0.025 0.964 5759.9 4.3918 15.194153 1.172154 15.691928 14.519774 "" "" 1001.30115 1069.28662 15750.18673 4.6778 7221.8 11.683 12338.0 18.951 "" "" 0.002774125443162742 0.0032969876 0.004130965 0.0074279527 262.44528591661 -32.33235546568 1036.18677 -1.3189999999999988 1.8500000000000008 -3.288357132911682 3.5464285373687745 0.30054128 0.28954127 "" "" 23.75393997147517 "" 6.999753194661088 ""
261.86779479804 -32.45518221555 0.0298 0.0217 30.7467 "" "" 4057754916531570560 895.977356 1.0775 0.0345 -9.96 -8.607 0.042 0.028 1.033 5660.7 4.4338 15.1945 1.344592 15.791614 14.447021 "" "" 873.183777 920.754822 15745.14244 5.1173 6588.3 20.563 13193.0 16.389 "" "" 0.0027778244832449895 0.004389597 0.004012838 0.008402435 261.86779479804 -32.45518221555 895.977356 -9.96 -8.607 -11.929357132911683 -6.910571462631225 0.30654126 0.29254127 "" "" 58.55002567154789 "" 17.74560240042422 ""
262.51815539691 -32.86252973831 0.0308 0.022 20.6048 "" "" 4054702088128010368 1127.90942 0.855 0.0339 -2.821 0.955 0.039 0.027 0.921 5497.2 4.1508 15.196041 1.660146 15.979317 14.319171 15.82 5.64 1091.00122 1161.93921 15722.81524 5.7864 5542.3 10.436 14842.0 17.583 "" "" 0.0027841430674152975 0.0034589982 0.0039922628 0.007451261 262.51815539691 -32.86252973831 1127.90942 -2.8210000000000006 0.9549999999999996 -4.790357132911682 2.6514285373687745 0.30354127 0.29154128 "" "" 29.271903019151654 "" 8.80411377157425 ""
262.54679560867 -32.21504631437 0.0277 0.0208 18.7921 "" "" 4054864437905468672 1142.97046 0.8284 0.0299 -6.699 -7.234 0.036 0.026 0.968 5659.3 4.1598 15.197948 1.333512 15.783825 14.450313 "" "" 1106.93384 1182.83618 15695.21172 4.9206 6635.7 12.724 13153.0 12.791 "" "" 0.00277626617696208 0.0034812903 0.0039240993 0.0074053896 262.54679560867 -32.21504631437 1142.97046 -6.699 -7.234 -8.668357132911682 -5.537571462631226 0.30054128 0.29054126 "" "" 55.7271298335864 "" 16.588719672536147 ""
262.48672801842 -32.32455144611 0.0298 0.0224 11.8462 "" "" 4054769055260695424 930.337952 1.0441 0.0322 -1.487 6.1 0.041 0.028 1.048 5162.5 4.3166 15.198039 1.172584 15.697215 14.524631 "" "" 903.02655 957.0495 15693.90248 4.8309 7186.7 15.004 12283.0 17.879 "" "" 0.002775515580635968 0.0035948798 0.004096504 0.0076913834 262.48672801842 -32.32455144611 930.337952 -1.487 6.1 -3.4563571329116822 7.796428537368774 0.30554128 0.29254127 "" "" 37.607803665133545 "" 11.083619523607911 ""
262.2536571278 -33.06989417977 0.0418 0.0321 34.6693 "" "" 4054674703415614848 934.500488 1.0265 0.0579 -2.044 -8.104 0.056 0.04 1.507 7345.2 4.0037 15.205363 1.557531 15.918133 14.360601 "" "" 887.876343 1019.60205 15588.40034 6.5228 5863.6 13.211 14286.0 13.916 "" "" 0.002792524176262644 0.0037106662 0.003924574 0.00763524 262.2536571278 -33.06989417977 934.500488 -2.0439999999999987 -8.104 -4.013357132911683 -6.407571462631225 0.32054126 0.30454126 "" "" 33.49031312117321 "" 10.35297332439153 ""
262.21342847613 -32.19134657374 0.0292 0.0222 23.7017 "" "" 4054786780574196992 1061.77063 0.9018 0.0316 4.204 -0.443 0.042 0.03 0.962 5886.8 4.3956 15.209023 1.06907 15.656008 14.586938 "" "" 1027.26978 1097.25562 15535.93507 5.7949 7464.7 14.544 11598.0 21.15 "" "" 0.0027849232751504874 0.003501433 0.0042666006 0.0077680335 262.21342847613 -32.19134657374 1061.77063 4.204000000000005 -0.4430000000000005 2.2346428670883176 1.2534285373687744 0.30654126 0.29454127 "" "" 12.894867484205527 "" 3.916333162000404 ""
262.97646372296 -32.54962358791 0.0287 0.0223 25.6637 "" "" 4054794825071973888 989.425537 0.9666 0.0326 1.465 -8.2 0.035 0.026 0.942 5724.6 4.3376 15.209084 1.337027 15.778787 14.44176 "" "" 958.883057 1021.89252 15535.0581 5.4117 6666.6 18.9 13257.0 46.936 "" "" 0.0027811580647912866 0.00415448 0.00539075 0.009545229 262.97646372296 -32.54962358791 989.425537 1.4650000000000012 -8.199999999999996 -0.504357132911682 -6.503571462631225 0.29954126 0.29054126 "" "" 30.592531302603895 "" 8.890063959010885 ""
262.31342975736 -32.75294733642 0.0314 0.0229 15.9875 "" "" 4054706211296795136 1079.89661 0.8834 0.0355 6.12 5.422 0.042 0.028 0.901 6271.5 4.1878 15.209715 1.271546 15.76369 14.492144 "" "" 1040.07141 1122.34985 15526.03865 5.3127 6759.9 20.433 12656.0 17.231 "" "" 0.0027802543828488973 0.004307605 0.0040581836 0.0083657885 262.31342975736 -32.75294733642 1079.89661 6.120000000000007 5.422000000000001 4.150642867088318 7.118428537368774 0.30654126 0.29254127 "" "" 42.178872114567994 "" 12.491528866012073 ""
262.6221900906 -32.98507845897 0.0281 0.0218 28.8529 "" "" 4054684392862636416 1133.93396 0.8409 0.0308 -0.477 -4.618 0.039 0.029 0.948 6014.6 4.3121 15.209976 1.327253 15.795719 14.468466 "" "" 1099.91174 1176.33801 15522.30477 4.8332 6563.4 14.836 12935.0 13.622 "" "" 0.00277598248310843 0.00371594 0.0039485563 0.007664496 262.6221900906 -32.98507845897 1133.93396 -0.47700000000000053 -4.618000000000001 -2.446357132911682 -2.921571462631226 0.30354127 0.29354125 "" "" 20.481089080551662 "" 6.097293049845833 ""
262.01973853964 -32.88664817792 0.0285 0.021 31.5796 "" "" 4054727651774098944 865.831421 1.1076 0.0341 -0.968 -7.864 0.041 0.028 0.919 5826.3 4.4327 15.211237 1.239636 15.739148 14.499512 "" "" 841.375854 897.942139 15504.29588 4.8388 6914.4 17.477 12571.0 18.459 "" "" 0.0027760781722375606 0.003913618 0.0041018818 0.0080155 262.01973853964 -32.88664817792 865.831421 -0.9680000000000009 -7.864000000000011 -2.937357132911682 -6.1675714626312255 0.30554128 0.29254127 "" "" 28.036038470481447 "" 8.270293671670402 ""
262.9824626786 -32.66454418742 0.0276 0.0205 27.2803 "" "" 4054789636752330368 957.412415 1.0031 0.0313 -0.921 -3.772 0.042 0.027 1.001 5873.2 4.4196 15.212511 1.169804 15.708015 14.538211 "" "" 924.176575 988.929321 15486.10561 5.2184 7115.6 14.387 12130.0 26.916 "" "" 0.0027795045816973217 0.0035502322 0.0044819643 0.008032196 262.9824626786 -32.66454418742 957.412415 -0.921 -3.772 -2.8903571329116824 -2.0755714626312254 0.30654126 0.29154128 "" "" 16.148467598067654 "" 4.869112469190435 ""
262.42515641329 -32.69937864959 0.0293 0.0217 10.9132 "" "" 4054707757485000320 1121.6759 0.8596 0.0319 2.177 -1.75 0.039 0.028 1.023 5484.5 3.908 15.214745 1.567146 15.939922 14.372776 "" "" 1089.21436 1157.81555 15454.26605 25.468 5747.1 33.014 14127.0 71.348 "" "" 0.003285300779490823 0.0068326313 0.00665975 0.013492381 262.42515641329 -32.69937864959 1121.6759 2.1770000000000027 -1.75 0.20764286708831792 -0.053571462631225586 0.30354127 0.29254127 "" "" 1.1401342885329584 "" 0.3453084399033851 ""
262.26880659973 -32.20099524911 0.0295 0.0219 21.7711 "" "" 4054786024659946752 1192.9104 0.796 0.0326 4.69 -5.825 0.042 0.03 1.05 9513.5 3.7673 15.217628 1.99419 16.21107 14.216879 -49.69 8.55 1148.10767 1238.64185 15413.30557 10.589 4477.0 15.308 16308.0 20.775 "" "" 0.002854498811763523 0.0046440302 0.0040245233 0.008668553 262.26880659973 -32.20099524911 1192.9104 4.6899999999999995 -5.824999999999998 2.7206428670883183 -4.128571462631226 0.30654126 0.29454127 "" "" 27.95753982331974 "" 8.337651768694338 ""
262.3299889974 -32.93996904407 0.0301 0.0241 26.0868 "" "" 4054677555273933312 1284.47644 0.7439 0.0371 -0.781 -3.476 0.039 0.028 0.926 9139.4 3.7624 15.221763 1.654133 15.993678 14.339545 "" "" 1232.9032 1336.97473 15354.71594 6.2856 5469.5 16.166 14566.0 20.646 "" "" 0.0027909372962627264 0.0042524324 0.0040806914 0.008333124 262.3299889974 -32.93996904407 1284.47644 -0.7809999999999999 -3.476 -2.7503571329116823 -1.7795714626312256 0.30354127 0.29254127 "" "" 19.94488059354987 "" 5.990185982760272 ""
262.25396879596 -33.07349666021 0.0322 0.0244 34.8695 "" "" 4054674703415612928 897.841797 1.0648 0.0448 -7.236 -0.684 0.042 0.03 1.015 5612.4 4.4108 15.221838 1.316583 15.805224 14.488642 "" "" 863.581238 937.726501 15353.65036 5.3288 6506.2 10.78 12697.0 16.129 "" "" 0.0027809689054049905 0.003319822 0.0040231766 0.007342999 262.25396879596 -33.07349666021 897.841797 -7.236000000000003 -0.6839999999999987 -9.205357132911683 1.0124285373687743 0.30654126 0.29454127 "" "" 39.412110449948166 "" 12.075895075247608 ""
262.94190325403 -32.16616159812 0.0325 0.0262 32.0353 "" "" 4054822106704636288 1209.34619 0.7908 0.0454 -0.144 -2.648 0.047 0.033 1.151 6246.5 4.0572 15.221896 1.431698 15.700564 14.268867 "" "" 1148.32715 1293.31018 15352.81987 12.398 7164.6 89.968 15546.0 191.99 "" "" 0.002891456800089104 0.013916484 0.013931079 0.027847562 262.94190325403 -32.16616159812 1209.34619 -0.14399999999999982 -2.647999999999999 -2.1133571329116823 -0.9515714626312257 0.31154126 0.29754126 "" "" 13.285795106688475 "" 4.108310336338614 ""
262.36084465699 -32.79376060562 0.0344 0.0261 17.2448 "" "" 4054705111785116544 1188.07288 0.8017 0.035 -0.382 -2.641 0.046 0.032 0.945 7072.7 4.03 15.223268 1.310789 15.799373 14.488584 "" "" 1146.97742 1243.80872 15333.44392 5.4042 6541.4 16.085 12698.0 15.943 "" "" 0.0027817656395979023 0.0038617025 0.0040177153 0.007879417 262.36084465699 -32.79376060562 1188.07288 -0.382 -2.641 -2.3513571329116822 -0.9445714626312256 0.31054127 0.29654127 "" "" 14.27006635397433 "" 4.404227032461384 ""
262.6566106179 -32.00077484789 0.0295 0.0231 32.6433 "" "" 4054885393027601664 1078.37756 0.8784 0.0403 -2.361 -4.305 0.039 0.028 1.027 5553.8 4.417 15.224456 1.24709 15.74365 14.49656 "" "" 1032.67395 1127.30725 15316.67004 5.5464 6885.8 19.953 12605.0 49.812 "" "" 0.002783229323603346 0.0042051454 0.005717758 0.009922903 262.6566106179 -32.00077484789 1078.37756 -2.3610000000000007 -4.304999999999996 -4.330357132911683 -2.6085714626312253 0.30354127 0.29254127 "" "" 25.840507819078006 "" 7.768994019306938 ""
262.79928339022 -32.60690965101 0.029 0.022 17.4117 "" "" 4054805373512251392 955.142212 1.0017 0.0324 -3.013 -3.539 0.041 0.027 0.917 5868.5 4.3466 15.224572 1.301608 15.7957 14.494092 "" "" 924.711548 983.608704 15315.03676 4.8407 6563.5 22.94 12633.0 18.105 "" "" 0.002776609051442114 0.0047101076 0.0040871673 0.008797275 262.79928339022 -32.60690965101 955.142212 -3.0129999999999972 -3.5390000000000006 -4.982357132911682 -1.8425714626312257 0.30554128 0.29154128 "" "" 24.0500964547361 "" 7.308608971352365 ""
263.14136062957 -32.46866553273 0.0337 0.0277 34.112 "" "" 4054798639002895488 928.742493 1.0307 0.0472 1.169 -9.306 0.043 0.033 1.142 5755.3 4.4557 15.224872 1.316771 15.804226 14.487454 "" "" 891.048584 964.08429 15310.81327 5.297 6512.2 14.111 12711.0 17.029 "" "" 0.002780806454080571 0.0036496485 0.0040496285 0.0076992773 263.14136062957 -32.46866553273 928.742493 1.1690000000000003 -9.306 -0.8003571329116821 -7.609571462631225 0.30754128 0.29754126 "" "" 33.68393544321117 "" 10.026107320760055 ""
262.10354297406 -32.38974764271 0.0302 0.0229 20.1766 "" "" 4054777026719797248 1049.31824 0.9111 0.0318 -9.752 -6.197 0.037 0.027 1.029 5761.0 4.251 15.225554 1.305018 15.803255 14.498237 "" "" 1017.70135 1081.0271 15301.19244 5.1356 6518.0 17.379 12585.0 21.068 "" "" 0.0027793135870764437 0.004020639 0.004193726 0.008214366 262.10354297406 -32.38974764271 1049.31824 -9.752 -6.197 -11.721357132911683 -4.500571462631226 0.30154127 0.29154128 "" "" 62.44909590573481 "" 18.75190609892014 ""
262.45300843907 -33.13043645216 0.0273 0.022 36.5468 "" "" 4054662471348681728 1187.22717 0.8002 0.0322 -1.105 -2.787 0.039 0.028 0.958 7212.5 4.2071 15.225741 1.356487 15.824513 14.468025 "" "" 1148.06506 1236.8125 15298.5455 4.4793 6391.6 18.08 12940.0 27.093 "" "" 0.0027735981902830653 0.0041494016 0.004410373 0.008559775 262.45300843907 -33.13043645216 1187.22717 -1.105 -2.787 -3.074357132911682 -1.0905714626312255 0.30354127 0.29254127 "" "" 18.357086546610144 "" 5.549928627276763 ""
