Clusters/Antalova_2/Antalova_2_stars_in_region.tsv
# %ECSV 1.0
# ---
# datatype:
# - name: RA_ICRS_1
#   unit: deg
#   datatype: float64
#   format: '{:15.11f}'
#   description: Right ascension (ICRS) at Ep=2016.0 (ra)
#   meta: !!omap
#   - {ucd: POS_EQ_RA_MAIN}
#   - {width: 15}
#   - {precision: '11'}
# - name: DE_ICRS_1
#   unit: deg
#   datatype: float64
#   format: '{:15.11f}'
#   description: Declination (ICRS) at Ep=2016.0 (dec)
#   meta: !!omap
#   - {ucd: POS_EQ_DEC_MAIN}
#   - {width: 15}
#   - {precision: '11'}
# - name: e_RA_ICRS
#   unit: mas
#   datatype: float64
#   format: '{:7.4f}'
#   description: Standard error of right ascension (ra_error)
#   meta: !!omap
#   - {ucd: ERROR}
#   - {width: 7}
#   - {precision: '4'}
# - name: e_DE_ICRS
#   unit: mas
#   datatype: float64
#   format: '{:7.4f}'
#   description: Standard error of declination (dec_error)
#   meta: !!omap
#   - {ucd: ERROR}
#   - {width: 7}
#   - {precision: '4'}
# - name: _r_1
#   unit: ''
#   datatype: float64
#   format: '{:7.4f}'
#   description: Distance from center (262.47020842000-32.52149485000)[ICRS], at Epoch=J2016.0
#   meta: !!omap
#   - {ucd: POS_ANG_DIST_GENERAL}
#   - {width: 7}
#   - {precision: '4'}
# - name: HIP
#   datatype: int32
#   description: '? HIP cross-id number, van Leeuwen, Cat. I/311 (hip_original_ext_source_id)'
#   meta: !!omap
#   - {ucd: ID_NUMBER}
#   - {width: 6}
#   - values: {'null': -2147483648}
# - name: TYC2
#   datatype: string
#   description: Tycho-2 cross-id name, Hog et al., Cat. I/259 (tyc2_original_ext_source_id)
#   meta: !!omap
#   - {ucd: ID_CROSSID}
#   - {_votable_string_dtype: char}
# - name: Source
#   datatype: int64
#   description: Source identifier, identical to the Gaia-EDR3 source_id (id)
#   meta: !!omap
#   - {ucd: ID_MAIN}
#   - {width: 19}
# - name: rgeo
#   unit: pc
#   datatype: float64
#   format: '{:15.8f}'
#   description: '? Median of the geometric distance posterior (r_med_geo)'
#   meta: !!omap
#   - {ucd: PHYS_DISTANCE_TRUE}
#   - {width: 15}
#   - {precision: '8'}
#   - values: {'null': .nan}
# - name: Plx
#   unit: mas
#   datatype: float64
#   format: '{:9.4f}'
#   description: '? Parallax (parallax)'
#   meta: !!omap
#   - {ucd: POS_PARLX_TRIG}
#   - {width: 9}
#   - {precision: '4'}
#   - values: {'null': .nan}
# - name: e_Plx
#   unit: mas
#   datatype: float32
#   format: '{:7.4f}'
#   description: '? Standard error of parallax (parallax_error)'
#   meta: !!omap
#   - {ucd: ERROR}
#   - {width: 7}
#   - {precision: '4'}
#   - values: {'null': .nan}
# - name: pmRA
#   unit: mas / yr
#   datatype: float64
#   format: '{:9.3f}'
#   description: '? Proper motion in right ascension direction, pmRA*cosDE (pmra)'
#   meta: !!omap
#   - {ucd: POS_EQ_PMRA}
#   - {width: 9}
#   - {precision: '3'}
#   - values: {'null': .nan}
# - name: pmDE
#   unit: mas / yr
#   datatype: float64
#   format: '{:9.3f}'
#   description: '? Proper motion in declination direction (pmdec)'
#   meta: !!omap
#   - {ucd: POS_EQ_PMDEC}
#   - {width: 9}
#   - {precision: '3'}
#   - values: {'null': .nan}
# - name: e_pmRA
#   unit: mas / yr
#   datatype: float32
#   format: '{:6.3f}'
#   description: '? Standard error of proper motion in right ascension direction (pmra_error)'
#   meta: !!omap
#   - {ucd: ERROR}
#   - {width: 6}
#   - {precision: '3'}
#   - values: {'null': .nan}
# - name: e_pmDE
[...]
#         value: !astropy.table.SerializedColumn {name: SkyCoord.dec}
#       distance: !astropy.table.SerializedColumn
#         __class__: astropy.coordinates.distances.Distance
#         unit: !astropy.units.Unit {unit: pc}
#         value: !astropy.table.SerializedColumn {name: SkyCoord.distance}
#       frame: icrs
#       obstime: !astropy.time.Time {format: jyear_str, in_subfmt: '*', jd1: 367701545.0, jd2: 0.0, out_subfmt: '*', precision: 3, scale: tt}
#       pm_dec: !astropy.table.SerializedColumn
#         __class__: astropy.units.quantity.Quantity
#         unit: !astropy.units.Unit {unit: mas / yr}
#         value: !astropy.table.SerializedColumn {name: SkyCoord.pm_dec}
#       pm_ra_cosdec: !astropy.table.SerializedColumn
#         __class__: astropy.units.quantity.Quantity
#         unit: !astropy.units.Unit {unit: mas / yr}
#         value: !astropy.table.SerializedColumn {name: SkyCoord.pm_ra_cosdec}
#       ra: !astropy.table.SerializedColumn
#         __class__: astropy.coordinates.angles.Longitude
#         unit: *id001
#         value: !astropy.table.SerializedColumn {name: SkyCoord.ra}
#         wrap_angle: !astropy.coordinates.Angle
#           unit: *id001
#           value: 360.0
#       representation_type: spherical
# schema: astropy-2.0
RA_ICRS_1 DE_ICRS_1 e_RA_ICRS e_DE_ICRS _r_1 HIP TYC2 Source rgeo Plx e_Plx pmRA pmDE e_pmRA e_pmDE RUWE Teff logg Gmag BP-RP BPmag RPmag RV e_RV b_rgeo B_rgeo FG e_FG FBP e_FBP FRP e_FRP RAVE5 RAVE6 e_Gmag e_BPmag e_RPmag e_BP-RP SkyCoord.ra SkyCoord.dec SkyCoord.distance SkyCoord.pm_ra_cosdec SkyCoord.pm_dec rmRA rmDE e_rmRA e_rmDE rRV e_rRV v_pec v_pec3d e_vpec e_vpec3d
[from data line 2559]
262.67564455557 -32.75188984065 0.0717 0.0516 17.2869 "" "" 4054697410894093440 1039.24988 0.9692 0.0798 -0.978 -5.948 0.104 0.069 1.044 5161.2 3.9598 16.946337 1.826016 17.818502 15.992486 "" "" 944.318787 1169.49951 3136.26254 2.7521 1018.6 15.842 3178.1 26.595 "" "" 0.0029153919197763972 0.017115114 0.009840378 0.026955493 262.67564455557 -32.75188984065 1039.24988 -0.9779999999999992 -5.947999999999998 -2.947357132911682 -4.251571462631226 0.36854127 0.33354127 "" "" 25.483782383485867 "" 8.799320944463807 ""
262.90752864366 -32.70478863103 0.0651 0.0504 24.687 "" "" 4054789190075369472 1100.35693 0.8928 0.0691 9.388 -1.7 0.082 0.058 0.883 4813.1 4.6445 16.947008 1.637121 17.71422 16.077099 "" "" 1017.30499 1175.61621 3134.32187 2.7252 1121.3 7.3821 2939.8 12.953 "" "" 0.002912551186011265 0.0076732286 0.0060966285 0.013769858 262.90752864366 -32.70478863103 1100.35693 9.387999999999998 -1.7000000000000002 7.418642867088318 -0.0035714626312255415 0.3465413 0.32254127 "" "" 38.693359610415 "" 13.408846372509391 ""
262.02458718883 -32.45393035367 0.0729 0.0546 22.9145 "" "" 4054775411812092800 981.883057 0.9983 0.0779 -4.54 -8.561 0.094 0.065 1.048 4577.4 4.5762 16.947523 1.692331 17.791811 16.09948 "" "" 921.496033 1074.57971 3132.83441 2.6299 1044.0 13.246 2879.8 21.275 "" "" 0.0029021551683932984 0.014055265 0.008866851 0.022922117 262.02458718883 -32.45393035367 981.883057 -4.540000000000005 -8.561 -6.509357132911682 -6.8645714626312255 0.35854125 0.32954127 "" "" 44.028637025263144 "" 15.127218256994018 ""
262.22494065651 -32.01892866187 0.1136 0.0868 32.6204 "" "" 4057885208691049600 1293.37427 0.7726 0.1243 -4.373 -2.0 0.165 0.113 1.662 "" "" 16.948381 2.725367 18.421019 15.695651 "" "" 1106.79297 1527.62183 3130.3606 4.8597 584.8 7.9868 4177.3 14.561 "" "" 0.0032299905935301255 0.015088469 0.0053485436 0.020437013 262.22494065651 -32.01892866187 1293.37427 -4.372999999999995 -2.0 -6.342357132911682 -0.3035714626312256 0.4295413 0.37754127 "" "" 38.9269306946825 "" 16.716376716588602 ""
261.94354470206 -32.22034332696 0.0709 0.0505 32.2304 "" "" 4057785221821869440 1170.47095 0.8333 0.0769 -8.233 -7.096 0.092 0.065 1.063 4686.4 4.7182 16.948402 1.499468 17.641146 16.141678 "" "" 1075.89185 1289.06213 3130.2979 2.5686 1199.4 8.4045 2770.0 10.381 "" "" 0.002895775322659401 0.008103527 0.005553394 0.013656922 261.94354470206 -32.22034332696 1170.47095 -8.233 -7.095999999999991 -10.202357132911683 -5.399571462631226 0.35654128 0.32954127 "" "" 64.04156507889311 "" 22.46648406013864 ""
262.07679346573 -32.15493017919 0.0698 0.0538 29.6898 "" "" 4057788967033316224 917.499451 1.0732 0.0752 -6.554 -3.396 0.094 0.067 0.955 4378.2 4.3987 16.949383 1.541191 17.670025 16.128834 "" "" 862.16095 978.301453 3127.47543 2.4451 1167.9 9.6549 2803.0 14.618 "" "" 0.002883109913716151 0.009399337 0.006807703 0.01620704 262.07679346573 -32.15493017919 917.499451 -6.554 -3.3960000000000004 -8.523357132911682 -1.6995714626312255 0.35854125 0.33154127 "" "" 37.79737210207639 "" 13.514308728062794 ""
262.17790640787 -32.57365353627 0.0718 0.0552 15.1113 "" "" 4054759056576442752 1264.0885 0.7748 0.0771 2.806 -0.018 0.089 0.067 1.033 "" "" 16.950182 2.067049 18.005453 15.938404 "" "" 1148.12524 1392.36389 3125.17032 2.8513 857.5 10.767 3340.4 12.82 "" "" 0.002927978142496037 0.013915392 0.0056255525 0.019540943 262.17790640787 -32.57365353627 1264.0885 2.806 -0.017999999999999967 0.8366428670883179 1.6784285373687744 0.35354125 0.33154127 "" "" 11.236932906631628 "" 3.7759974027188505 ""
262.89536027742 -32.44840552002 0.0672 0.0514 21.9601 "" "" 4054808461569301888 922.299988 1.0926 0.0787 -2.766 0.052 0.088 0.061 1.014 4521.9 4.591 16.950676 1.614462 17.707397 16.092936 "" "" 860.629089 994.51123 3123.75249 2.6705 1128.4 8.5324 2897.2 12.328 "" "" 0.0029074627258603622 0.008670975 0.0059689013 0.014639877 262.89536027742 -32.44840552002 922.299988 -2.7660000000000013 0.051999999999999796 -4.735357132911682 1.7484285373687745 0.35254127 0.32554126 "" "" 22.067617667167156 "" 7.710693379605219 ""
262.66738060695 -32.31901483807 0.0657 0.0505 15.7265 "" "" 4054859215209848960 1234.56274 0.801 0.0738 -0.543 -2.949 0.088 0.061 0.968 5987.4 4.5613 16.951172 1.920454 17.873205 15.952751 "" "" 1136.073 1319.3606 3122.32625 2.7097 968.58 10.49 3296.5 9.5866 "" "" 0.0029119802585201417 0.012085331 0.0049247527 0.017010083 262.66738060695 -32.31901483807 1234.56274 -0.5430000000000001 -2.949000000000001 -2.5123571329116823 -1.2525714626312254 0.35254127 0.32554126 "" "" 16.427772846731944 "" 5.70591481088435 ""
262.49802840833 -32.63968211892 0.0762 0.0586 7.2294 "" "" 4054714144086866560 1072.59521 0.9099 0.0697 1.945 -1.586 0.092 0.07 1.012 "" "" 16.951452 1.99482 17.91968 15.92486 "" "" 992.497498 1152.78381 3121.5185 76.969 927.99 78.142 3382.3 222.73 "" "" 0.026913010361908678 0.09146768 0.07159732 0.163065 262.49802840833 -32.63968211892 1072.59521 1.945 -1.5859999999999999 -0.024357132911682067 0.11042853736877434 0.35654128 0.33454126 "" "" 0.5749246827172831 "" 0.19294117463548033 ""
262.82452965755 -32.70055943829 0.0693 0.0529 20.8834 "" "" 4054698480355428352 1022.02618 0.951 0.0718 -0.216 -2.853 0.084 0.062 1.032 4622.5 4.3764 16.952114 1.746683 17.787203 16.04052 "" "" 947.698303 1129.00061 3119.61323 2.3344 1048.4 8.9324 3040.5 8.9221 "" "" 0.0028726069946487997 0.009662136 0.004943112 0.014605248 262.82452965755 -32.70055943829 1022.02618 -0.21599999999999983 -2.853 -2.1853571329116823 -1.1565714626312258 0.34854126 0.32654127 "" "" 11.97797240947922 "" 4.1186001114397435 ""
263.00261875527 -32.15604939696 0.0736 0.0565 34.7741 "" "" 4054821797443114368 867.136963 1.1483 0.0856 -6.455 -11.226 0.101 0.069 1.028 4541.4 4.6656 16.953823 1.663698 17.743929 16.08023 "" "" 809.909851 942.060669 3114.70748 2.5056 1091.1 9.7274 2931.3 16.519 "" "" 0.002890438832023304 0.010073694 0.007191679 0.017265374 263.00261875527 -32.15604939696 867.136963 -6.455 -11.226000000000003 -8.424357132911682 -9.529571462631226 0.36554128 0.33354127 "" "" 52.27955062458831 "" 18.19021890386214 ""
262.57273499235 -32.37614854098 0.0695 0.0524 10.1489 "" "" 4054859318304269312 1004.70026 0.9757 0.076 -0.881 -2.175 0.095 0.063 1.075 5288.2 4.6982 16.95402 1.693661 17.764889 16.071228 "" "" 938.19397 1074.72449 3114.14438 2.5029 1070.2 10.58 2955.7 15.055 "" "" 0.002890202191377417 0.011090312 0.0066983122 0.017788624 262.57273499235 -32.37614854098 1004.70026 -0.8810000000000008 -2.175 -2.8503571329116824 -0.4785714626312254 0.35954127 0.32754126 "" "" 13.764195155088656 "" 4.93724409540705 ""
263.11458535621 -32.79053593933 0.0698 0.0514 36.3337 "" "" 4054599421236468608 934.094299 1.0673 0.074 -2.973 -5.302 0.093 0.063 1.03 4527.2 4.3898 16.95435 1.583528 17.692404 16.108875 "" "" 868.4776 1002.18158 3113.19669 2.6823 1144.1 7.7149 2855.0 12.216 "" "" 0.002909789410701737 0.0078349905 0.0059888116 0.013823802 263.11458535621 -32.79053593933 934.094299 -2.972999999999997 -5.302 -4.942357132911682 -3.605571462631225 0.35754126 0.32754126 "" "" 27.087055744682697 "" 9.41043952644258 ""
262.49422833352 -31.89512317115 0.0779 0.0579 37.6021 "" "" 4054890482586862720 1132.23999 0.878 0.0863 -6.925 -9.498 0.111 0.074 1.091 4540.9 4.5274 16.954739 1.526524 17.673004 16.14648 "" "" 1034.58691 1235.45557 3112.0863 2.7295 1164.7 8.2594 2757.8 8.9979 "" "" 0.002915234042445991 0.0081894025 0.0051800213 0.013369424 262.49422833352 -31.89512317115 1132.23999 -6.925 -9.497999999999998 -8.894357132911683 -7.801571462631225 0.37554127 0.33854127 "" "" 63.49516890925433 "" 22.853203401448084 ""
262.14735331471 -32.9400096666 0.0745 0.0582 29.9349 "" "" 4054679754297283072 1275.05054 0.8229 0.1045 3.074 1.26 0.109 0.07 0.971 5114.2 4.6678 16.955412 1.954315 17.934723 15.980408 "" "" 1123.90088 1465.44312 3110.15367 2.7606 915.22 6.3007 3213.6 11.605 "" "" 0.002918993752338365 0.007978384 0.0054457877 0.013424172 262.14735331471 -32.9400096666 1275.05054 3.074 1.2600000000000002 1.1046428670883177 2.956428537368774 0.37354127 0.33454126 "" "" 19.07439590085112 "" 6.47689803979649 ""
262.38006150028 -32.84220681418 0.0747 0.0556 19.7739 "" "" 4054704385920832128 1084.73364 0.9188 0.0841 -0.061 -7.246 0.097 0.065 0.914 4868.7 4.6761 16.955906 1.656198 17.738508 16.08231 "" "" 989.67218 1187.69678 3108.74252 2.7895 1096.5 10.272 2925.7 9.1253 "" "" 0.0029224874326630812 0.0105469255 0.0050746044 0.01562153 262.38006150028 -32.84220681418 1084.73364 -0.06099999999999911 -7.245999999999993 -2.030357132911682 -5.549571462631226 0.36154127 0.32954127 "" "" 30.383594368649433 "" 10.13228416489106 ""
262.33078747195 -32.17714800375 0.0718 0.0516 21.836 "" "" 4054786372563734272 1172.39832 0.8232 0.0737 2.88 -2.087 0.104 0.069 1.034 5045.0 4.6119 16.957727 1.7487 17.58451 15.835811 "" "" 1087.875 1271.19727 3103.52646 3.3375 1263.6 19.965 3671.4 71.167 "" "" 0.0029924996919465626 0.01738016 0.021382734 0.038762894 262.33078747195 -32.17714800375 1172.39832 2.879999999999998 -2.087 0.9106428670883178 -0.3905714626312258 0.36854127 0.33354127 "" "" 5.506411861202826 "" 2.0006147559976153 ""
263.17484077636 -32.71858626528 0.0652 0.0491 37.5213 "" "" 4054601684664146432 972.523804 1.0215 0.0754 -5.416 -5.615 0.086 0.059 0.934 4405.2 4.6719 16.958237 1.549692 17.69147 16.141777 "" "" 905.210327 1046.5 3102.07559 2.4537 1145.1 12.2 2769.8 10.431 "" "" 0.002886058117168476 0.011899279 0.005567986 0.017467266 263.17484077636 -32.71858626528 972.523804 -5.415999999999995 -5.615 -7.3853571329116825 -3.918571462631226 0.35054126 0.32354128 "" "" 38.54012671806015 "" 13.288297677612356 ""
262.30638705009 -32.50823638292 0.0834 0.064 8.3266 "" "" 4054760224807518464 1239.70386 0.7831 0.0814 -3.65 -5.891 0.1 0.076 1.02 8052.5 4.0919 16.959475 2.537331 18.311947 15.774616 "" "" 1133.81274 1357.37537 3098.53703 3.3461 646.6 10.979 3884.3 27.669 "" "" 0.0029944124009289976 0.018645301 0.008608061 0.027253363 262.30638705009 -32.50823638292 1239.70386 -3.6500000000000026 -5.891 -5.6193571329116825 -4.194571462631226 0.36454126 0.34054127 "" "" 41.20533832289901 "" 14.674849802377546 ""
262.57211648417 -31.94176336144 0.0768 0.0536 35.1663 "" "" 4054889486154349440 1177.60486 0.8114 0.0919 3.87 -0.562 0.111 0.07 0.973 5768.9 4.6301 16.95955 1.757759 17.792675 16.034916 "" "" 1062.99292 1308.20044 3098.32124 2.8374 1043.1 7.3321 3056.3 15.965 "" "" 0.0029292364771990025 0.008125844 0.0068153897 0.014941234 262.57211648417 -31.94176336144 1177.60486 3.869999999999995 -0.562 1.900642867088318 1.1344285373687744 0.37554127 0.33454126 "" "" 12.355152577358393 "" 4.512320442746723 ""
261.98537405226 -32.23442645509 0.0714 0.054 30.0038 "" "" 4057782576121970816 1007.07288 0.9708 0.0753 0.638 -7.606 0.093 0.068 1.032 4434.8 4.659 16.96182 1.598192 17.728529 16.130337 "" "" 928.052246 1077.52734 3091.85188 2.3149 1106.6 9.3322 2799.1 13.796 "" "" 0.0028727335381677735 0.009571938 0.0065513435 0.016123282 261.98537405226 -32.23442645509 1007.07288 0.6380000000000002 -7.606 -1.3313571329116822 -5.9095714626312255 0.35754126 0.3325413 "" "" 28.916513179309078 "" 9.652098042970934 ""
262.05809540731 -32.97819314358 0.0744 0.0539 34.3997 "" "" 4054720367509917952 1293.48376 0.773 0.087 0.967 -9.332 0.106 0.072 1.089 4952.2 4.686 16.96233 1.861782 17.819656 15.957874 "" "" 1153.22363 1454.42566 3090.39959 2.3951 1017.5 6.0816 3281.0 17.334 "" "" 0.002880944953544508 0.0070638503 0.00686925 0.0139331 262.05809540731 -32.97819314358 1293.48376 0.9670000000000001 -9.332 -1.002357132911682 -7.635571462631226 0.37054127 0.33654127 "" "" 47.21620708730137 "" 15.918746639661185 ""
262.51328585684 -32.36402855446 0.0697 0.0538 9.6965 "" "" 4054768677303146880 1128.34436 0.8723 0.0734 0.544 -0.396 0.09 0.067 1.087 4450.2 4.4466 16.962624 1.613398 17.71527 16.101871 "" "" 1053.81262 1217.32788 3089.56342 2.201 1120.2 6.9883 2873.5 10.388 "" "" 0.002861827308061074 0.0073254784 0.0054488285 0.012774307 262.51328585684 -32.36402855446 1128.34436 0.5439999999999994 -0.3960000000000003 -1.425357132911682 1.3004285373687745 0.35454127 0.33154127 "" "" 10.319350608816887 "" 3.5527843308375435 ""
262.38897355432 -32.02964970955 0.0774 0.0541 29.7971 "" "" 4054883503241915648 1074.98877 0.9325 0.0848 -0.505 1.566 0.115 0.068 1.076 4405.9 4.5253 16.963793 1.73988 17.80852 16.06864 "" "" 994.265869 1155.43091 3086.24112 2.432 1028.0 8.0283 2962.8 12.251 "" "" 0.002885099261583938 0.00892647 0.005868469 0.014794938 262.38897355432 -32.02964970955 1074.98877 -0.5050000000000001 1.5659999999999998 -2.474357132911682 3.2624285373687743 0.37954128 0.3325413 "" "" 20.863899734407 "" 7.31145776158972 ""
262.57928203081 -32.86486603304 0.071 0.0553 21.3257 "" "" 4054690371457189248 1214.27454 0.8101 0.0784 2.573 2.231 0.089 0.066 1.009 6038.6 4.4885 16.964277 1.914175 17.895437 15.981262 "" "" 1111.62366 1380.5575 3084.86318 2.7135 948.95 12.041 3211.1 13.516 "" "" 0.0029161407317019545 0.014056353 0.005930334 0.019986687 262.57928203081 -32.86486603304 1214.27454 2.573 2.2310000000000025 0.6036428670883178 3.9274285373687743 0.35354125 0.33054125 "" "" 22.87039356939182 "" 7.572160096562338 ""
262.92611541215 -32.95644873687 0.1727 0.1276 34.7918 "" "" 4054502870378740736 907.328857 1.2296 0.1867 1.88 -0.248 0.223 0.156 3.282 4822.6 4.7962 16.964392 1.96558 17.686604 15.721024 "" "" 749.624939 1093.11841 3084.54019 6.5942 1150.2 9.7122 4080.8 137.87 "" "" 0.003602686204744807 0.009583054 0.036875825 0.046458878 262.92611541215 -32.95644873687 907.328857 1.88 -0.24799999999999991 -0.08935713291168224 1.4484285373687744 0.48754126 0.4205413 "" "" 6.241155786070521 "" 2.626374877614251 ""
262.3701371379 -32.49491782664 0.0792 0.0579 5.3087 "" "" 4054765928524066944 902.357544 1.102 0.0791 1.034 4.301 0.095 0.072 1.032 4625.8 4.6363 16.965557 1.602188 17.726933 16.124744 "" "" 843.866394 964.732483 3081.22808 2.3699 1108.3 9.2214 2813.6 10.006 "" "" 0.0028790893772151277 0.009454739 0.0054030176 0.014857757 262.3701371379 -32.49491782664 902.357544 1.0339999999999987 4.300999999999998 -0.9353571329116821 5.997428537368775 0.35954127 0.33654127 "" "" 25.962148500925064 "" 8.751985889589816 ""
261.94976343625 -32.87907234927 0.0752 0.0535 33.9235 "" "" 4054724868635785984 1173.38025 0.8285 0.0874 -4.547 -10.312 0.103 0.068 0.987 4845.5 4.7014 16.965765 1.593288 17.714827 16.121538 "" "" 1069.11328 1280.47571 3080.63696 2.7668 1120.7 8.312 2821.9 8.7579 "" "" 0.0029227835403821435 0.008522365 0.0050634136 0.013585779 261.94976343625 -32.87907234927 1173.38025 -4.547 -10.312 -6.516357132911682 -8.615571462631225 0.36754125 0.3325413 "" "" 60.08080774680834 "" 20.76920644594406 ""
261.93183709524 -32.73884162301 0.0772 0.0584 30.1681 "" "" 4054744041369459072 1161.61804 0.8618 0.0969 2.495 -10.218 0.104 0.074 0.925 5022.1 4.5751 16.965845 1.604092 17.715612 16.11152 "" "" 1058.61768 1293.95715 3080.41074 2.2693 1119.9 14.541 2848.1 8.1862 "" "" 0.0028690671914600088 0.014370874 0.0049012722 0.019272145 261.93183709524 -32.73884162301 1161.61804 2.495 -10.218 0.525642867088318 -8.521571462631226 0.36854127 0.33854127 "" "" 47.00954348268963 "" 15.920252040372214 ""
