Clusters/Antalova_2/Antalova_2_stars_in_region.tsv
# %ECSV 1.0
# ---
# datatype:
# - name: RA_ICRS_1
#   unit: deg
#   datatype: float64
#   format: '{:15.11f}'
#   description: Right ascension (ICRS) at Ep=2016.0 (ra)
#   meta: !!omap
#   - {ucd: POS_EQ_RA_MAIN}
#   - {width: 15}
#   - {precision: '11'}
# - name: DE_ICRS_1
#   unit: deg
#   datatype: float64
#   format: '{:15.11f}'
#   description: Declination (ICRS) at Ep=2016.0 (dec)
#   meta: !!omap
#   - {ucd: POS_EQ_DEC_MAIN}
#   - {width: 15}
#   - {precision: '11'}
# - name: e_RA_ICRS
#   unit: mas
#   datatype: float64
#   format: '{:7.4f}'
#   description: Standard error of right ascension (ra_error)
#   meta: !!omap
#   - {ucd: ERROR}
#   - {width: 7}
#   - {precision: '4'}
# - name: e_DE_ICRS
#   unit: mas
#   datatype: float64
#   format: '{:7.4f}'
#   description: Standard error of declination (dec_error)
#   meta: !!omap
#   - {ucd: ERROR}
#   - {width: 7}
#   - {precision: '4'}
# - name: _r_1
#   unit: ''
#   datatype: float64
#   format: '{:7.4f}'
#   description: Distance from center (262.47020842000-32.52149485000)[ICRS], at Epoch=J2016.0
#   meta: !!omap
#   - {ucd: POS_ANG_DIST_GENERAL}
#   - {width: 7}
#   - {precision: '4'}
# - name: HIP
#   datatype: int32
#   description: '? HIP cross-id number, van Leeuwen, Cat. I/311 (hip_original_ext_source_id)'
#   meta: !!omap
#   - {ucd: ID_NUMBER}
#   - {width: 6}
#   - values: {'null': -2147483648}
# - name: TYC2
#   datatype: string
#   description: Tycho-2 cross-id name, Hog et al., Cat. I/259 (tyc2_original_ext_source_id)
#   meta: !!omap
#   - {ucd: ID_CROSSID}
#   - {_votable_string_dtype: char}
# - name: Source
#   datatype: int64
#   description: Source identifier, identical to the Gaia-EDR3 source_id (id)
#   meta: !!omap
#   - {ucd: ID_MAIN}
#   - {width: 19}
# - name: rgeo
#   unit: pc
#   datatype: float64
#   format: '{:15.8f}'
#   description: '? Median of the geometric distance posterior (r_med_geo)'
#   meta: !!omap
#   - {ucd: PHYS_DISTANCE_TRUE}
#   - {width: 15}
#   - {precision: '8'}
#   - values: {'null': .nan}
# - name: Plx
#   unit: mas
#   datatype: float64
#   format: '{:9.4f}'
#   description: '? Parallax (parallax)'
#   meta: !!omap
#   - {ucd: POS_PARLX_TRIG}
#   - {width: 9}
#   - {precision: '4'}
#   - values: {'null': .nan}
# - name: e_Plx
#   unit: mas
#   datatype: float32
#   format: '{:7.4f}'
#   description: '? Standard error of parallax (parallax_error)'
#   meta: !!omap
#   - {ucd: ERROR}
#   - {width: 7}
#   - {precision: '4'}
#   - values: {'null': .nan}
# - name: pmRA
#   unit: mas / yr
#   datatype: float64
#   format: '{:9.3f}'
#   description: '? Proper motion in right ascension direction, pmRA*cosDE (pmra)'
#   meta: !!omap
#   - {ucd: POS_EQ_PMRA}
#   - {width: 9}
#   - {precision: '3'}
#   - values: {'null': .nan}
# - name: pmDE
#   unit: mas / yr
#   datatype: float64
#   format: '{:9.3f}'
#   description: '? Proper motion in declination direction (pmdec)'
#   meta: !!omap
#   - {ucd: POS_EQ_PMDEC}
#   - {width: 9}
#   - {precision: '3'}
#   - values: {'null': .nan}
# - name: e_pmRA
#   unit: mas / yr
#   datatype: float32
#   format: '{:6.3f}'
#   description: '? Standard error of proper motion in right ascension direction (pmra_error)'
#   meta: !!omap
#   - {ucd: ERROR}
#   - {width: 6}
#   - {precision: '3'}
#   - values: {'null': .nan}
# - name: e_pmDE
[...]
#         value: !astropy.table.SerializedColumn {name: SkyCoord.dec}
#       distance: !astropy.table.SerializedColumn
#         __class__: astropy.coordinates.distances.Distance
#         unit: !astropy.units.Unit {unit: pc}
#         value: !astropy.table.SerializedColumn {name: SkyCoord.distance}
#       frame: icrs
#       obstime: !astropy.time.Time {format: jyear_str, in_subfmt: '*', jd1: 367701545.0, jd2: 0.0, out_subfmt: '*', precision: 3, scale: tt}
#       pm_dec: !astropy.table.SerializedColumn
#         __class__: astropy.units.quantity.Quantity
#         unit: !astropy.units.Unit {unit: mas / yr}
#         value: !astropy.table.SerializedColumn {name: SkyCoord.pm_dec}
#       pm_ra_cosdec: !astropy.table.SerializedColumn
#         __class__: astropy.units.quantity.Quantity
#         unit: !astropy.units.Unit {unit: mas / yr}
#         value: !astropy.table.SerializedColumn {name: SkyCoord.pm_ra_cosdec}
#       ra: !astropy.table.SerializedColumn
#         __class__: astropy.coordinates.angles.Longitude
#         unit: *id001
#         value: !astropy.table.SerializedColumn {name: SkyCoord.ra}
#         wrap_angle: !astropy.coordinates.Angle
#           unit: *id001
#           value: 360.0
#       representation_type: spherical
# schema: astropy-2.0
RA_ICRS_1 DE_ICRS_1 e_RA_ICRS e_DE_ICRS _r_1 HIP TYC2 Source rgeo Plx e_Plx pmRA pmDE e_pmRA e_pmDE RUWE Teff logg Gmag BP-RP BPmag RPmag RV e_RV b_rgeo B_rgeo FG e_FG FBP e_FBP FRP e_FRP RAVE5 RAVE6 e_Gmag e_BPmag e_RPmag e_BP-RP SkyCoord.ra SkyCoord.dec SkyCoord.distance SkyCoord.pm_ra_cosdec SkyCoord.pm_dec rmRA rmDE e_rmRA e_rmDE rRV e_rRV v_pec v_pec3d e_vpec e_vpec3d
[from data line 845]
262.25724685299 -32.63629595193 0.0285 0.0212 12.7819 "" "" 4054754727249322112 884.535217 1.0811 0.0307 -13.123 -10.63 0.038 0.027 0.965 5808.9 4.3264 15.011633 1.264262 15.562471 14.298209 "" "" 867.113953 913.034119 18633.45508 5.4551 8136.3 11.657 15131.0 17.923 "" "" 0.0027735939402609884 0.003194493 0.003992208 0.0071867006 262.25724685299 -32.63629595193 884.535217 -13.123000000000012 -10.63 -15.092357132911681 -8.933571462631226 0.30254126 0.29154128 "" "" 73.53229555508946 "" 22.03953489265471 ""
263.12674587554 -32.77312074039 0.025 0.0187 36.4429 "" "" 4054600933064961664 1006.30585 0.9491 0.0275 -1.859 -10.109 0.035 0.024 0.996 5971.1 4.3006 15.014507 1.15773 15.494905 14.337175 "" "" 982.934265 1027.44153 18584.19777 5.448 8658.7 14.913 14598.0 31.895 "" "" 0.0027736429839682157 0.003358849 0.0044621876 0.0078210365 263.12674587554 -32.77312074039 1006.30585 -1.858999999999997 -10.109000000000002 -3.828357132911682 -8.412571462631226 0.29954126 0.28854126 "" "" 44.08670460890949 "" 12.805339099045272 ""
263.0439163008 -32.42747435974 0.031 0.0225 29.5827 "" "" 4054802693452115456 885.973816 1.0993 0.0352 3.12 -8.403 0.041 0.026 1.051 5692.2 4.3683 15.015133 1.234405 15.552636 14.318232 "" "" 858.550049 912.146545 18573.48683 5.4482 8210.4 13.308 14855.0 21.001 "" "" 0.0027736653970882167 0.0032987995 0.0040791873 0.007377987 263.0439163008 -32.42747435974 885.973816 3.120000000000001 -8.403000000000002 1.150642867088318 -6.706571462631226 0.30554128 0.29054126 "" "" 28.57587109792615 "" 8.31503317180699 ""
263.01903406278 -32.79011430371 0.0246 0.019 32.0686 "" "" 4054600172835419392 1108.54077 0.8615 0.0287 -11.012 -3.026 0.034 0.023 0.953 5598.8 4.1881 15.015333 1.318734 15.595161 14.276427 "" "" 1074.09741 1139.88013 18570.0656 5.0622 7895.0 13.103 15438.0 15.057 "" "" 0.0027711709866821144 0.0033214567 0.003924931 0.0072463877 263.01903406278 -32.79011430371 1108.54077 -11.01199999999999 -3.026000000000001 -12.981357132911683 -1.3295714626312254 0.29854128 0.28754127 "" "" 68.56715971554364 "" 20.46244030167722 ""
262.49791565347 -32.15025904635 0.03 0.0227 22.3184 "" "" 4054876734387904256 1138.42395 0.8467 0.0361 -0.471 -3.597 0.036 0.026 1.025 6221.0 4.1051 15.016022 1.293426 15.572915 14.27949 "" "" 1078.33313 1191.11084 18558.29572 6.1546 8058.4 19.374 15394.0 46.004 "" "" 0.0027787477903491497 0.0038208445 0.004981115 0.008801959 262.49791565347 -32.15025904635 1138.42395 -0.471 -3.5970000000000004 -2.440357132911682 -1.9005714626312256 0.30054128 0.29054126 "" "" 16.69098386440445 "" 4.953974329131787 ""
262.93076223742 -32.1113029574 0.0264 0.0214 33.9277 "" "" 4054869729304167296 1148.59546 0.8288 0.0368 -4.615 -7.24 0.035 0.027 0.939 5965.8 4.0347 15.016043 1.213202 15.535144 14.321942 "" "" 1106.21082 1202.32861 18557.93922 5.6831 8343.7 15.491 14804.0 16.876 "" "" 0.0027753089286970687 0.0034421582 0.003976886 0.007419044 262.93076223742 -32.1113029574 1148.59546 -4.615 -7.239999999999999 -6.584357132911682 -5.543571462631226 0.29954126 0.29154128 "" "" 46.86087717434251 "" 13.882488512045844 ""
262.34520451118 -33.09254688948 0.0295 0.0231 34.8382 "" "" 4054662368269493760 996.787476 0.9675 0.0371 -3.762 0.911 0.039 0.029 0.928 6371.3 4.176 15.017308 1.380445 15.633231 14.252786 "" "" 964.896362 1032.82825 18536.31027 5.873 7623.0 18.809 15778.0 12.852 "" "" 0.002776711510981077 0.0038680492 0.0038814778 0.0077495268 262.34520451118 -33.09254688948 996.787476 -3.762 0.9110000000000003 -5.731357132911683 2.6074285373687744 0.30354127 0.29354125 "" "" 29.749990851109953 "" 8.980034926010497 ""
262.15092854781 -32.63564735844 0.0275 0.0212 17.5355 "" "" 4054758231942688896 1120.85046 0.8435 0.0326 -2.391 -4.813 0.034 0.026 0.916 7197.8 3.6638 15.018863 1.839734 15.915028 14.075294 -25.81 7.91 1092.76709 1154.37805 18509.80272 6.3543 5880.4 12.652 18580.0 17.365 "" "" 0.0027804162304960298 0.0036389614 0.0039132363 0.0075521977 262.15092854781 -32.63564735844 1120.85046 -2.391 -4.813 -4.360357132911682 -3.1165714626312253 0.29854128 0.29054126 "" "" 28.474858085987048 "" 8.42458412654828 ""
261.82827385975 -32.81615933719 0.0269 0.0204 36.9299 "" "" 4054737714869625088 1170.1438 0.803 0.0311 1.083 0.32 0.036 0.026 0.953 7142.6 4.144 15.019834 1.257902 15.565784 14.307882 "" "" 1119.52148 1217.28015 18493.24682 5.6571 8111.5 13.652 14997.0 15.248 "" "" 0.002775265424228679 0.0033352992 0.0039373008 0.0072726 261.82827385975 -32.81615933719 1170.1438 1.082999999999999 0.32 -0.8863571329116822 2.0164285373687743 0.30054128 0.29054126 "" "" 12.216889722437434 "" 3.5695773129298214 ""
262.36541933316 -32.84187694811 0.0286 0.0215 19.938 "" "" 4054704424590312576 951.634705 1.0102 0.0334 -5.487 -17.163 0.036 0.025 0.962 5606.4 3.949 15.024259 1.305887 15.600411 14.294524 "" "" 920.856445 975.472107 18418.0307 5.9652 7856.9 23.684 15183.0 18.714 "" "" 0.0027776689061941645 0.0043007787 0.0040093153 0.0083100945 262.36541933316 -32.84187694811 951.634705 -5.486999999999998 -17.16300000000001 -7.456357132911682 -15.466571462631226 0.30054128 0.28954127 "" "" 77.44997138854501 "" 22.588087437655314 ""
262.14444661304 -32.06113902787 0.0262 0.0201 32.186 "" "" 4057790994257919360 1288.97412 0.7383 0.0289 2.489 3.107 0.036 0.026 0.951 6841.0 3.9877 15.026708 1.535063 15.718346 14.183283 -32.2 6.59 1241.75916 1344.71741 18376.53466 6.7852 7048.2 14.85 16821.0 34.92 "" "" 0.0027843313036224945 0.0036080438 0.0044004633 0.008008507 262.14444661304 -32.06113902787 1288.97412 2.489 3.107 0.5196428670883178 4.803428537368775 0.30054128 0.29054126 "" "" 29.518919072784982 "" 8.579936768218762 ""
262.57205727416 -32.93078308869 0.0516 0.0392 25.0896 "" "" 4054688447311805312 1016.67737 0.9558 0.0556 3.565 -7.191 0.063 0.048 1.989 6896.6 4.1092 15.027547 1.382628 15.63185 14.249222 -55.58 16.39 966.680237 1076.17639 18362.34007 14.508 7632.7 15.846 15830.0 22.468 "" "" 0.002885770354166178 0.0035868986 0.0040814783 0.007668377 262.57205727416 -32.93078308869 1016.67737 3.5650000000000017 -7.190999999999997 1.5956428670883178 -5.494571462631225 0.32754126 0.31254128 "" "" 27.572548089127103 "" 8.650435393421638 ""
262.37677502246 -32.23192813753 0.0364 0.0266 18.0075 "" "" 4054782970954505600 1076.48767 0.8911 0.0404 -3.28 -5.098 0.044 0.031 1.358 5414.6 4.2734 15.028083 1.096946 15.487911 14.390965 "" "" 1033.39172 1137.41809 18353.27081 5.2678 8714.7 12.717 13892.0 14.914 "" "" 0.002772887130812503 0.0032086251 0.0039550443 0.0071636694 262.37677502246 -32.23192813753 1076.48767 -3.28 -5.098 -5.2493571329116815 -3.4015714626312255 0.30854127 0.29554126 "" "" 31.917036603083556 "" 9.726863273898397 ""
262.21815943229 -32.98928783078 0.0375 0.0302 30.8146 "" "" 4054678482986890368 899.978333 1.0768 0.0523 -6.39 -11.076 0.054 0.037 1.294 5684.2 4.3977 15.029211 1.314959 15.605002 14.290044 "" "" 863.816101 946.674988 18334.2157 6.2938 7823.8 11.14 15245.0 30.255 "" "" 0.002780414466565184 0.0031898227 0.0043504727 0.0075402954 262.21815943229 -32.98928783078 899.978333 -6.3900000000000015 -11.076 -8.359357132911683 -9.379571462631226 0.31854126 0.30154127 "" "" 53.5969232012081 "" 16.571209123298008 ""
261.94091040751 -32.70980464909 0.0277 0.0228 29.0381 "" "" 4054744659844768384 1105.64783 0.8594 0.0394 -4.632 2.558 0.037 0.026 1.004 7838.0 4.0666 15.030362 1.548195 15.740699 14.192504 "" "" 1060.36902 1148.93323 18314.79543 6.1842 6904.6 15.931 16678.0 20.364 "" "" 0.0027796030625506893 0.0037497578 0.0040051457 0.0077549033 261.94091040751 -32.70980464909 1105.64783 -4.632 2.558 -6.601357132911682 4.254428537368774 0.30154127 0.29054126 "" "" 41.15859831221126 "" 12.279883227986373 ""
262.20995128568 -32.75936205792 0.0259 0.0208 19.406 "" "" 4054730228754462720 873.882751 1.1047 0.0309 -5.967 -10.32 0.036 0.025 0.944 5755.6 4.402 15.034975 1.213567 15.562126 14.348559 "" "" 853.249207 898.38739 18237.13663 5.1518 8138.9 13.78 14446.0 14.357 "" "" 0.0027723383414289616 0.0033412965 0.0039304034 0.0072716996 262.20995128568 -32.75936205792 873.882751 -5.967 -10.32 -7.936357132911682 -8.623571462631226 0.30054128 0.28954127 "" "" 48.545458397919695 "" 14.30326706330007 ""
262.62502129585 -32.7682233309 0.0292 0.0216 16.7429 "" "" 4054708650838044544 934.402588 1.0371 0.0308 -2.073 -9.074 0.037 0.027 1.054 6008.7 4.1784 15.040916 1.409176 15.674019 14.264843 "" "" 905.087769 963.655518 18137.60875 5.4834 7341.9 16.895 15603.0 17.954 "" "" 0.0027748030985624153 0.003745317 0.003980522 0.007725839 262.62502129585 -32.7682233309 934.402588 -2.0730000000000026 -9.074 -4.0423571329116825 -7.377571462631225 0.30154127 0.29154128 "" "" 37.25928819626502 "" 10.949778141471185 ""
262.11732707833 -32.00331241326 0.0252 0.0194 35.8775 "" "" 4057794705109733504 1108.36389 0.8602 0.0294 1.811 -12.689 0.034 0.024 0.953 5924.9 4.3224 15.043204 1.07034 15.488607 14.418267 "" "" 1066.27673 1148.74121 18099.4377 5.7545 8709.1 15.932 13547.0 19.284 "" "" 0.0027768597834060505 0.0034249101 0.004083185 0.0075080954 262.11732707833 -32.00331241326 1108.36389 1.8110000000000004 -12.68899999999999 -0.15835713291168219 -10.992571462631226 0.29854128 0.28854126 "" "" 57.757058497878965 "" 16.66541619522969 ""
262.5963186694 -32.03916667637 0.0275 0.0219 29.6383 "" "" 4054884911991175424 930.267517 1.0405 0.031 -7.003 -8.367 0.036 0.027 0.978 5139.7 4.3685 15.043233 1.145158 15.532884 14.387726 "" "" 903.796936 961.480164 18098.95059 5.8079 8361.1 14.928 13934.0 12.711 "" "" 0.0027772609918137767 0.003397466 0.0039070062 0.007304472 262.5963186694 -32.03916667637 930.267517 -7.003000000000001 -8.367 -8.972357132911682 -6.6705714626312265 0.30054128 0.29154128 "" "" 49.29929533212196 "" 14.660069761919784 ""
262.31296089728 -32.05423615907 0.0269 0.02 29.148 "" "" 4054881750895201280 950.98468 1.0055 0.0284 -1.173 -8.937 0.039 0.028 0.972 5180.8 4.3286 15.043703 1.145987 15.533482 14.387494 "" "" 924.391785 973.951477 18091.12122 5.7529 8356.5 14.391 13937.0 15.604 "" "" 0.002776867577556655 0.0033587394 0.0039700647 0.007328804 262.31296089728 -32.05423615907 950.98468 -1.173 -8.937 -3.142357132911682 -7.240571462631225 0.30354127 0.29254127 "" "" 35.57925693245925 "" 10.471407684358603 ""
262.59772678413 -33.10549061176 0.0714 0.0551 35.6249 "" "" 4054682606156199680 1245.39795 0.7689 0.0846 2.166 -3.178 0.095 0.068 3.331 7001.6 3.9279 15.045081 1.472557 15.696325 14.223768 -53.22 5.22 1140.95789 1396.62158 18068.17158 18.732 7192.6 21.165 16205.0 25.584 "" "" 0.002976377694309894 0.0042417455 0.0041499357 0.008391681 262.59772678413 -33.10549061176 1245.39795 2.1660000000000004 -3.178 0.1966428670883178 -1.4815714626312255 0.35954127 0.3325413 "" "" 8.822691414045295 "" 2.938197177204416 ""
262.1550129568 -32.37759441045 0.0285 0.0216 18.1448 "" "" 4054774415379666176 918.417664 1.0439 0.0298 -3.74 -2.938 0.036 0.026 1.015 5232.4 4.2768 15.047507 1.361465 15.654192 14.292727 "" "" 895.996094 944.938721 18027.84897 6.091 7477.2 20.193 15208.0 24.671 "" "" 0.002779632388484692 0.0040475363 0.0041696504 0.008217187 262.1550129568 -32.37759441045 918.417664 -3.74 -2.938 -5.709357132911682 -1.2415714626312258 0.30054128 0.29054126 "" "" 25.435439801286456 "" 7.633097103543178 ""
262.03578855633 -32.71186301693 0.0279 0.0231 24.7481 "" "" 4054734210173935232 962.793457 1.0052 0.0367 -0.693 4.305 0.037 0.027 1.06 5382.9 4.2654 15.04848 1.222298 15.565512 14.343214 "" "" 932.142456 999.50177 18011.70602 6.7146 8113.6 15.337 14517.0 27.938 "" "" 0.00278489031039613 0.003463695 0.004318535 0.00778223 262.03578855633 -32.71186301693 962.793457 -0.6930000000000005 4.305 -2.662357132911682 6.001428537368774 0.30154127 0.29154128 "" "" 29.96241103115033 "" 8.7852511898992 ""
262.58541280548 -32.35736346776 0.0269 0.0204 11.4461 "" "" 4054859455743233280 975.523254 0.9819 0.0288 4.897 -0.392 0.035 0.025 0.922 6001.8 4.4858 15.05091 1.127281 15.525626 14.398345 "" "" 945.014709 998.930542 17971.44196 6.0837 8417.2 9.9554 13798.0 17.817 "" "" 0.002779726227295226 0.0030714958 0.00403104 0.0071025356 262.58541280548 -32.35736346776 975.523254 4.897 -0.3919999999999997 2.927642867088318 1.3044285373687745 0.29954126 0.28954127 "" "" 14.820290563192781 "" 4.4150843957587425 ""
263.03475027235 -32.74028821798 0.0263 0.02 31.4018 "" "" 4054600692546844416 1077.69714 0.8937 0.0299 2.566 -2.131 0.037 0.025 0.968 6002.4 4.1887 15.052104 1.461005 15.71862 14.257615 "" "" 1044.25549 1110.35718 17951.68938 30.621 7046.4 46.073 15708.0 74.785 "" "" 0.0033198872973083655 0.007627734 0.0064034127 0.014031147 263.03475027235 -32.74028821798 1077.69714 2.566 -2.1310000000000002 0.5966428670883177 -0.43457146263122537 0.30154127 0.28954127 "" "" 3.7705751245941412 "" 1.1215071298970616 ""
261.99757161457 -32.52998747078 0.0326 0.0235 23.9156 "" "" 4054751115166300544 996.996277 0.9593 0.0367 -1.378 -10.984 0.038 0.027 0.982 5648.9 4.2966 15.05339 1.30333 15.628479 14.32515 "" "" 970.854736 1031.87964 17930.43728 5.7233 7656.4 16.81 14760.0 23.235 "" "" 0.0027770297185759343 0.0036698075 0.004147882 0.007817689 261.99757161457 -32.52998747078 996.996277 -1.3779999999999997 -10.984 -3.3473571329116822 -9.287571462631226 0.30254126 0.29154128 "" "" 46.65449698653155 "" 13.661691680517537 ""
263.15911943972 -32.61893786235 0.0323 0.0246 35.3212 "" "" 4054608904524056704 1273.87793 0.7526 0.0379 -1.272 -4.112 0.043 0.03 1.28 5258.9 4.1723 15.053509 1.290136 15.621563 14.331427 "" "" 1218.60095 1330.96973 17928.46454 5.1858 7705.3 14.506 14675.0 16.052 "" "" 0.0027731599268019332 0.0034587588 0.0039615845 0.0074203433 263.15911943972 -32.61893786235 1273.87793 -1.272 -4.112 -3.2413571329116824 -2.4155714626312257 0.30754128 0.29454127 "" "" 24.409031080944658 "" 7.3950437496662 ""
261.89050451503 -32.77066880941 0.0274 0.0206 32.8825 "" "" 4054744075729196928 972.513062 0.9892 0.0339 -5.325 -8.287 0.035 0.025 0.986 5959.0 4.3338 15.054178 1.186121 15.561716 14.375595 "" "" 941.71698 1007.13666 17917.4191 5.0237 8142.0 8.3211 14090.0 11.029 "" "" 0.0027720859792550664 0.003002716 0.0038737573 0.0068764733 261.89050451503 -32.77066880941 972.513062 -5.325000000000003 -8.287 -7.294357132911682 -6.590571462631226 0.29954126 0.28954127 "" "" 45.31683926462431 "" 13.37249037291354 ""
261.7844946766 -32.40402887242 0.0263 0.0193 35.422 "" "" 4057755878604280704 1018.63177 0.9404 0.0308 -6.008 -13.012 0.036 0.024 1.005 5883.6 4.2875 15.055828 1.218805 15.580832 14.362026 "" "" 990.59491 1053.01611 17890.21835 4.9578 7999.9 11.657 14267.0 22.343 "" "" 0.0027716998366021446 0.0032074917 0.004144255 0.007351747 261.7844946766 -32.40402887242 1018.63177 -6.008000000000001 -13.012 -7.977357132911682 -11.315571462631226 0.30054128 0.28854126 "" "" 66.8473806717415 "" 19.558197830720392 ""
262.91216251439 -32.85289985025 0.0259 0.0188 29.8909 "" "" 4054693360754310784 1012.07581 0.9481 0.0296 8.447 3.204 0.038 0.025 1.017 5374.4 4.1968 15.057201 1.336852 15.649083 14.312231 "" "" 979.847107 1044.13928 17867.60056 5.2969 7512.5 16.216 14937.0 15.916 "" "" 0.0027740564847721066 0.0036438317 0.003952485 0.0075963167 262.91216251439 -32.85289985025 1012.07581 8.447 3.204000000000004 6.477642867088317 4.900428537368775 0.30254126 0.28954127 "" "" 38.96529620362641 "" 11.60678806369187 ""
