Clusters/NGC_457/NGC_457_stars_in_region.tsv
# %ECSV 1.0
# ---
# datatype:
# - name: RA_ICRS_1
#   unit: deg
#   datatype: float64
#   format: '{:15.11f}'
#   description: Right ascension (ICRS) at Ep=2016.0 (ra)
#   meta: !!omap
#   - {ucd: POS_EQ_RA_MAIN}
#   - {width: 15}
#   - {precision: '11'}
# - name: DE_ICRS_1
#   unit: deg
#   datatype: float64
#   format: '{:15.11f}'
#   description: Declination (ICRS) at Ep=2016.0 (dec)
#   meta: !!omap
#   - {ucd: POS_EQ_DEC_MAIN}
#   - {width: 15}
#   - {precision: '11'}
# - name: e_RA_ICRS
#   unit: mas
#   datatype: float64
#   format: '{:7.4f}'
#   description: Standard error of right ascension (ra_error)
#   meta: !!omap
#   - {ucd: ERROR}
#   - {width: 7}
#   - {precision: '4'}
# - name: e_DE_ICRS
#   unit: mas
#   datatype: float64
#   format: '{:7.4f}'
#   description: Standard error of declination (dec_error)
#   meta: !!omap
#   - {ucd: ERROR}
#   - {width: 7}
#   - {precision: '4'}
# - name: _r_1
#   unit: ''
#   datatype: float64
#   format: '{:7.4f}'
#   description: Distance from center (019.85471617000+58.29720050000)[ICRS], at Epoch=J2016.0
#   meta: !!omap
#   - {ucd: POS_ANG_DIST_GENERAL}
#   - {width: 7}
#   - {precision: '4'}
# - name: HIP
#   datatype: int32
#   description: '? HIP cross-id number, van Leeuwen, Cat. I/311 (hip_original_ext_source_id)'
#   meta: !!omap
#   - {ucd: ID_NUMBER}
#   - {width: 6}
#   - values: {'null': -2147483648}
# - name: TYC2
#   datatype: string
#   description: Tycho-2 cross-id name, Hog et al., Cat. I/259 (tyc2_original_ext_source_id)
#   meta: !!omap
#   - {ucd: ID_CROSSID}
#   - {_votable_string_dtype: char}
# - name: Source
#   datatype: int64
#   description: Source identifier, identical to the Gaia-EDR3 source_id (id)
#   meta: !!omap
#   - {ucd: ID_MAIN}
#   - {width: 19}
# - name: rgeo
#   unit: pc
#   datatype: float64
#   format: '{:15.8f}'
#   description: '? Median of the geometric distance posterior (r_med_geo)'
#   meta: !!omap
#   - {ucd: PHYS_DISTANCE_TRUE}
#   - {width: 15}
#   - {precision: '8'}
#   - values: {'null': .nan}
# - name: Plx
#   unit: mas
#   datatype: float64
#   format: '{:9.4f}'
#   description: '? Parallax (parallax)'
#   meta: !!omap
#   - {ucd: POS_PARLX_TRIG}
#   - {width: 9}
#   - {precision: '4'}
#   - values: {'null': .nan}
# - name: e_Plx
#   unit: mas
#   datatype: float32
#   format: '{:7.4f}'
#   description: '? Standard error of parallax (parallax_error)'
#   meta: !!omap
#   - {ucd: ERROR}
#   - {width: 7}
#   - {precision: '4'}
#   - values: {'null': .nan}
# - name: pmRA
#   unit: mas / yr
#   datatype: float64
#   format: '{:9.3f}'
#   description: '? Proper motion in right ascension direction, pmRA*cosDE (pmra)'
#   meta: !!omap
#   - {ucd: POS_EQ_PMRA}
#   - {width: 9}
#   - {precision: '3'}
#   - values: {'null': .nan}
# - name: pmDE
#   unit: mas / yr
#   datatype: float64
#   format: '{:9.3f}'
#   description: '? Proper motion in declination direction (pmdec)'
#   meta: !!omap
#   - {ucd: POS_EQ_PMDEC}
#   - {width: 9}
#   - {precision: '3'}
#   - values: {'null': .nan}
# - name: e_pmRA
#   unit: mas / yr
#   datatype: float32
#   format: '{:6.3f}'
#   description: '? Standard error of proper motion in right ascension direction (pmra_error)'
#   meta: !!omap
#   - {ucd: ERROR}
#   - {width: 6}
#   - {precision: '3'}
#   - values: {'null': .nan}
# - name: e_pmDE
[...]
#         unit: &id001 !astropy.units.Unit {unit: deg}
#         value: !astropy.table.SerializedColumn {name: SkyCoord.dec}
#       distance: !astropy.table.SerializedColumn
#         __class__: astropy.coordinates.distances.Distance
#         unit: !astropy.units.Unit {unit: pc}
#         value: !astropy.table.SerializedColumn {name: SkyCoord.distance}
#       frame: icrs
#       obstime: !astropy.time.Time {format: jyear_str, in_subfmt: '*', jd1: 367701545.0, jd2: 0.0, out_subfmt: '*', precision: 3, scale: tt}
#       pm_dec: !astropy.table.SerializedColumn
#         __class__: astropy.units.quantity.Quantity
#         unit: !astropy.units.Unit {unit: mas / yr}
#         value: !astropy.table.SerializedColumn {name: SkyCoord.pm_dec}
#       pm_ra_cosdec: !astropy.table.SerializedColumn
#         __class__: astropy.units.quantity.Quantity
#         unit: !astropy.units.Unit {unit: mas / yr}
#         value: !astropy.table.SerializedColumn {name: SkyCoord.pm_ra_cosdec}
#       ra: !astropy.table.SerializedColumn
#         __class__: astropy.coordinates.angles.Longitude
#         unit: *id001
#         value: !astropy.table.SerializedColumn {name: SkyCoord.ra}
#         wrap_angle: !astropy.coordinates.Angle
#           unit: *id001
#           value: 360.0
#       representation_type: spherical
# schema: astropy-2.0
RA_ICRS_1 DE_ICRS_1 e_RA_ICRS e_DE_ICRS _r_1 HIP TYC2 Source rgeo Plx e_Plx pmRA pmDE e_pmRA e_pmDE RUWE Teff logg Gmag BP-RP BPmag RPmag RV e_RV b_rgeo B_rgeo FG e_FG FBP e_FBP FRP e_FRP RAVE5 RAVE6 e_Gmag e_BPmag e_RPmag e_BP-RP SkyCoord.ra SkyCoord.dec SkyCoord.distance SkyCoord.pm_ra_cosdec SkyCoord.pm_dec
[from data line 814]
20.02895047393 58.10873612994 0.0251 0.0347 12.5781 "" "" 413825703913061248 2851.87939 0.3495 0.0482 -0.631 -1.259 0.037 0.047 0.996 6766.5 4.3705 16.68624 1.418014 17.32389 15.905877 "" "" 2460.9397 3303.12036 3985.21199 1.3706 1606.4 5.8529 3442.0 5.2288 "" "" 0.0027805076733675408 0.0048408606 0.0041236044 0.008964465 20.02895047393 58.10873612994 2851.87939 -0.631 -1.259
19.70246363663 58.58309068528 0.0268 0.0333 17.8073 "" "" 413888822755163008 2880.70264 0.3231 0.0495 -2.127 1.336 0.036 0.045 0.995 5347.9 3.8735 16.68885 1.596115 17.410782 15.814667 "" "" 2523.72363 3296.20557 3975.63687 1.4475 1482.9 7.1788 3743.6 8.8936 "" "" 0.0027835334050654694 0.0059507745 0.004575679 0.010526454 19.70246363663 58.58309068528 2880.70264 -2.127 1.3359999999999999
19.25602362954 58.39530925254 0.0261 0.0339 19.7487 "" "" 413869168983213440 2535.89795 0.3747 0.0497 0.57 -3.618 0.037 0.043 0.988 5729.9 4.6661 16.690939 1.23749 17.232765 15.995275 "" "" 2256.63281 2900.09717 3967.9983 1.4209 1747.1 5.9554 3169.9 5.5356 "" "" 0.0027826153043058813 0.0046349056 0.0042283125 0.008863218 19.25602362954 58.39530925254 2535.89795 0.5700000000000001 -3.6179999999999994
19.41806672303 58.22338052568 0.025 0.0319 14.4764 "" "" 413853810180294656 2211.62891 0.419 0.0494 -3.156 1.181 0.037 0.044 0.96 6111.5 4.4781 16.691414 1.282416 17.236002 15.953586 "" "" 2005.56116 2466.39746 3966.26199 1.4848 1741.9 6.2157 3294.0 6.5788 "" "" 0.002785138031462253 0.0047744215 0.0043572765 0.009131698 19.41806672303 58.22338052568 2211.62891 -3.156 1.181
19.88952984604 58.59428881325 0.027 0.0339 17.8588 "" "" 413886761170855936 2140.25269 0.453 0.0503 -4.646 -1.7 0.037 0.045 1.013 6946.0 4.5511 16.700678 1.246131 17.241957 15.995826 "" "" 1952.28479 2413.44702 3932.56061 1.4287 1732.3 4.8892 3168.3 5.3525 "" "" 0.0027834113490844414 0.0041443114 0.004200969 0.00834528 19.88952984604 58.59428881325 2140.25269 -4.645999999999999 -1.6999999999999995
19.62571354985 58.20840234684 0.0245 0.0332 8.9808 "" "" 413854153777923840 2270.7959 0.4243 0.0493 -3.883 1.269 0.037 0.045 0.962 5298.9 4.3587 16.704502 1.377318 17.319157 15.941838 "" "" 2061.93701 2514.52563 3918.73289 1.3127 1613.4 5.1872 3329.8 6.0154 "" "" 0.00277922068232923 0.0044688014 0.004258039 0.008726841 19.62571354985 58.20840234684 2270.7959 -3.8829999999999996 1.269
19.69262896592 58.12282568505 0.0263 0.033 11.6495 "" "" 413849274695122176 2864.24023 0.3293 0.049 -1.389 0.283 0.038 0.043 0.995 5908.2 4.5643 16.706009 1.239901 17.223097 15.983196 "" "" 2510.97144 3275.37964 3913.2986 1.4801 1762.7 6.0306 3205.4 7.0995 "" "" 0.0027857536233684556 0.004645745 0.00447957 0.009125315 19.69262896592 58.12282568505 2864.24023 -1.389 0.283
20.31383593824 58.24045953498 0.0409 0.0539 14.8826 "" "" 413831029672610176 2919.65698 0.3515 0.0858 -1.952 -0.812 0.059 0.073 1.6 8911.8 4.3037 16.706121 1.072239 17.12665 16.05441 "" "" 2455.66382 3665.0835 3912.89749 2.3937 1926.4 5.3612 3001.9 6.3383 "" "" 0.002834244919786849 0.004112813 0.004420303 0.008533116 20.31383593824 58.24045953498 2919.65698 -1.952 -0.8119999999999999
19.60165599673 58.49398601933 0.0279 0.0352 14.238 "" "" 413882328764680832 2273.22021 0.4297 0.0536 -1.368 -4.089 0.04 0.048 1.076 6677.9 4.3674 16.708946 1.433676 17.344707 15.911032 "" "" 2008.71851 2646.0625 3902.73046 1.7999 1575.9 7.1375 3425.7 5.6088 "" "" 0.0028004500615401917 0.005653898 0.004176571 0.009830469 19.60165599673 58.49398601933 2273.22021 -1.3680000000000003 -4.089
19.2289516215 58.37792098267 0.0263 0.0335 20.2946 "" "" 413868756666361600 3020.04077 0.3151 0.0499 -3.071 3.086 0.038 0.044 1.018 6369.2 4.4431 16.709936 1.31685 17.291214 15.974364 "" "" 2604.13501 3649.07642 3899.16848 1.4688 1655.5 6.5141 3231.6 5.0778 "" "" 0.0027855096408410385 0.005102604 0.00414659 0.009249194 19.2289516215 58.37792098267 3020.04077 -3.071 3.0860000000000003
19.5609092989 58.00945549534 0.0256 0.0326 19.6109 "" "" 413842776401504512 2213.95117 0.4315 0.0495 1.026 -1.318 0.035 0.042 0.998 "" "" 16.70995 1.297581 17.262726 15.965145 "" "" 2011.97485 2516.11621 3899.12606 1.6013 1699.5 6.9023 3259.1 5.5218 "" "" 0.0027911662650217245 0.0052181818 0.004203285 0.009421467 19.5609092989 58.00945549534 2213.95117 1.026 -1.3179999999999996
20.13327068382 58.4431741808 0.0263 0.0355 12.3909 "" "" 413837695461567872 2197.89722 0.4333 0.0517 -2.183 1.157 0.038 0.046 0.997 "" "" 16.716768 1.435739 17.324873 15.889133 "" "" 1966.89819 2461.67529 3874.71364 1.3478 1605.0 10.547 3495.5 13.299 "" "" 0.0027810829707365864 0.0076609123 0.005598859 0.013259771 20.13327068382 58.4431741808 2197.89722 -2.1829999999999994 1.157
20.23620979739 58.02187929202 0.0267 0.0362 20.4622 "" "" 413821305866578560 2124.08618 0.4537 0.0536 -6.825 1.086 0.039 0.049 1.035 5125.7 4.3494 16.719446 1.479398 17.328262 15.848865 "" "" 1883.23718 2343.90283 3865.16405 1.6049 1600.0 11.134 3627.5 15.839 "" "" 0.002791957944688538 0.008054105 0.0060628527 0.014116958 20.23620979739 58.02187929202 2124.08618 -6.825 1.0859999999999996
19.26387824526 58.42864903257 0.0278 0.0354 20.1983 "" "" 413869306422149504 2349.77026 0.4303 0.0523 1.354 -2.541 0.04 0.046 1.058 5517.3 4.6304 16.72509 1.259428 17.274744 16.015316 "" "" 2069.13184 2704.50513 3845.13032 1.4266 1680.8 5.6532 3111.9 6.4295 "" "" 0.002784610685759228 0.004595696 0.0043949806 0.008990677 19.26387824526 58.42864903257 2349.77026 1.3539999999999999 -2.5409999999999995
19.97368396976 58.35149187611 0.0249 0.0327 4.966 "" "" 413876693767713664 2574.39087 0.3708 0.0491 -1.486 -0.757 0.036 0.042 1.011 7873.4 4.3569 16.7263 1.229526 17.25342 16.023893 "" "" 2287.82568 2832.92456 3840.84831 1.2731 1714.2 6.2605 3087.5 5.6606 "" "" 0.0027787234796650385 0.0048485408 0.00427155 0.009120091 19.97368396976 58.35149187611 2574.39087 -1.4860000000000002 -0.7570000000000001
19.69257052331 58.36997946841 0.0261 0.0344 6.7196 "" "" 413878961510423424 2973.16431 0.3191 0.0515 -1.488 1.397 0.04 0.047 1.009 4981.9 4.279 16.727057 1.635984 17.500345 15.864361 "" "" 2580.48486 3843.92798 3838.16795 1.3609 1365.5 5.7743 3576.1 5.7132 "" "" 0.0027820839458811138 0.00537259 0.004158424 0.009531014 19.69257052331 58.36997946841 2973.16431 -1.4879999999999998 1.3969999999999998
19.81794826626 58.06325921293 0.0273 0.0361 14.0846 "" "" 413848106464049408 2363.06152 0.4056 0.0521 -3.43 -1.787 0.04 0.047 0.998 5703.7 4.6188 16.727634 1.263727 17.276472 16.012745 "" "" 2111.40186 2714.00635 3836.12473 1.3963 1678.1 7.0858 3119.3 6.1163 "" "" 0.00278351714258561 0.005366844 0.0043377364 0.0097045805 19.81794826626 58.06325921293 2363.06152 -3.4299999999999997 -1.7870000000000004
20.17835277738 58.44838149788 0.027 0.0352 13.637 "" "" 413837661101827328 3005.99292 0.3049 0.0521 0.225 -0.235 0.039 0.045 0.992 7378.7 4.378 16.728745 1.328857 17.317278 15.988421 "" "" 2614.65796 3458.26221 3832.20501 1.3354 1616.2 4.9347 3190.0 5.6912 "" "" 0.0027811748669447577 0.0043329666 0.004246861 0.008579828 20.17835277738 58.44838149788 3005.99292 0.22499999999999998 -0.23499999999999993
19.50580285709 58.14813310391 0.0261 0.0326 14.1964 "" "" 413852298352082176 2309.0293 0.4219 0.05 -2.833 -0.999 0.038 0.044 1.006 7447.8 4.4131 16.728754 1.261145 17.274864 16.01372 "" "" 2038.51501 2661.89795 3832.17138 1.322 1680.6 6.1842 3116.5 5.9264 "" "" 0.0027806613936868308 0.0048730928 0.004306569 0.009179662 19.50580285709 58.14813310391 2309.0293 -2.833 -0.9990000000000001
19.67388640741 58.0594560742 0.0254 0.0328 15.3691 "" "" 413848621862772608 2797.552 0.3398 0.049 -2.478 1.083 0.036 0.043 1.009 "" "" 16.730305 1.259554 17.277721 16.018167 "" "" 2420.64111 3153.13013 3826.70527 1.471 1676.2 6.2334 3103.8 7.2372 "" "" 0.0027867507355255573 0.0049078786 0.0045489455 0.0094568245 19.67388640741 58.0594560742 2797.552 -2.478 1.083
20.40644619463 58.40615710649 0.026 0.0347 18.5591 "" "" 413833812816265088 2695.18848 0.3564 0.052 -2.569 0.55 0.038 0.049 1.019 7217.6 4.324 16.731766 1.306133 17.30732 16.001186 "" "" 2358.43872 3083.83447 3821.55923 1.4064 1631.1 5.7099 3152.7 4.9822 "" "" 0.002784141763737794 0.00471497 0.0041506197 0.008865589 20.40644619463 58.40615710649 2695.18848 -2.569 0.55
19.8976148598 58.33347569396 0.0262 0.0339 2.5622 "" "" 413876418889822592 2880.58301 0.3261 0.0511 -1.631 -0.57 0.036 0.042 0.996 6591.5 4.395 16.740074 1.17178 17.241314 16.069534 "" "" 2474.14136 3324.65356 3792.42805 1.3582 1733.4 6.3578 2960.4 5.967 "" "" 0.0027826221019466055 0.0048624733 0.0043672523 0.009229725 19.8976148598 58.33347569396 2880.58301 -1.6309999999999998 -0.5699999999999997
19.64568800497 58.06864604233 0.0261 0.0327 15.2241 "" "" 413848690579597184 2371.51099 0.4041 0.0511 1.992 -1.574 0.038 0.043 0.998 5046.2 4.3587 16.742912 1.423627 17.386768 15.963141 "" "" 2130.448 2696.97339 3782.52569 1.3646 1516.0 6.7793 3265.1 5.6538 "" "" 0.0027830224926296263 0.0055998503 0.0042211725 0.009821023 19.64568800497 58.06864604233 2371.51099 1.9920000000000002 -1.5740000000000003
19.73100896151 58.41562341006 0.0251 0.0326 8.1025 "" "" 413880988735170688 2771.79492 0.344 0.0479 -1.854 -1.933 0.037 0.044 0.949 6727.8 4.3284 16.74414 1.393422 17.365154 15.971732 "" "" 2347.2168 3188.57715 3778.24953 1.322 1546.5 4.976 3239.4 5.4402 "" "" 0.0027813864624097575 0.004470934 0.0041962364 0.008667171 19.73100896151 58.41562341006 2771.79492 -1.854 -1.9329999999999998
20.22336650688 58.26427250656 0.0291 0.0403 11.7959 "" "" 413831270190581120 2571.88965 0.3861 0.0575 2.548 1.326 0.042 0.054 1.082 "" "" 16.744238 1.409181 17.342257 15.933076 "" "" 2265.20459 3057.66064 3777.90998 1.5368 1579.5 9.8127 3356.8 8.544 "" "" 0.0027904936364396404 0.0072994814 0.0046819528 0.011981434 20.22336650688 58.26427250656 2571.88965 2.5479999999999996 1.3259999999999998
19.51028938799 58.59294494518 0.0273 0.0333 20.7804 "" "" 413900539425934592 2714.49292 0.3512 0.052 -1.035 -1.216 0.038 0.046 1.013 7198.7 4.4956 16.744759 1.176283 17.245983 16.0697 "" "" 2402.31323 3048.6272 3776.09999 1.4358 1725.9 8.0068 2959.9 5.2825 "" "" 0.0027860762285186807 0.005758117 0.0042471653 0.010005282 19.51028938799 58.59294494518 2714.49292 -1.035 -1.2159999999999997
19.26942124428 58.23689608844 0.026 0.0332 18.8215 "" "" 413866214045832704 2666.4397 0.3538 0.0508 -2.104 -2.176 0.038 0.045 1.035 "" "" 16.746141 1.350406 17.34631 15.995904 "" "" 2367.75049 3058.44678 3771.29062 1.2795 1573.6 4.5335 3168.1 5.0878 "" "" 0.0027798344942358538 0.0041915737 0.0041622096 0.008353783 19.26942124428 58.23689608844 2666.4397 -2.104 -2.176
20.29257427577 58.55759935327 0.0275 0.0368 20.8161 "" "" 413931978582706944 2198.02856 0.4427 0.0573 0.829 0.774 0.04 0.049 1.015 5863.3 4.5586 16.748251 1.475622 17.4194 15.943777 "" "" 1959.91895 2526.02197 3763.97019 1.3831 1471.2 4.9304 3323.9 5.9698 "" "" 0.002784054635130747 0.0045852466 0.0042527937 0.008838041 20.29257427577 58.55759935327 2198.02856 0.829 0.7740000000000002
19.82139838008 58.27851386723 0.0263 0.0349 1.5367 "" "" 413875456817203328 3000.91504 0.3133 0.0505 -1.81 -0.165 0.038 0.047 1.022 6322.2 4.4892 16.750566 1.210543 17.25484 16.044298 "" "" 2579.84009 3461.44189 3755.95085 1.4188 1711.9 9.3112 3030.0 8.8898 "" "" 0.002785677503616905 0.006531398 0.004942768 0.011474166 19.82139838008 58.27851386723 3000.91504 -1.81 -0.16500000000000006
19.48524523589 58.17750834276 0.0252 0.0329 13.7021 "" "" 413853432223216640 3012.3894 0.3082 0.0511 0.352 -1.456 0.037 0.043 0.988 5516.7 3.8902 16.752304 1.433553 17.406246 15.972693 "" "" 2632.93384 3599.73218 3749.94994 1.5121 1489.1 5.2168 3236.5 5.8491 "" "" 0.0027898855547036387 0.0047173165 0.004258387 0.008975703 19.48524523589 58.17750834276 3012.3894 0.3519999999999999 -1.456
20.23057858926 58.07969569439 0.0265 0.0361 17.6529 "" "" 413821924341854080 2683.11426 0.3794 0.0552 -2.407 5.515 0.038 0.048 0.969 7211.4 4.3875 16.752882 1.310412 17.331724 16.021313 "" "" 2251.49805 3445.62354 3747.94963 1.3589 1594.9 7.2303 3094.8 7.0106 "" "" 0.0027832993499550076 0.005657893 0.0045091985 0.010167092 20.23057858926 58.07969569439 2683.11426 -2.407 5.514999999999999
19.97204580207 58.42641237119 0.0263 0.0359 8.5872 "" "" 413883393916632704 2320.41528 0.415 0.0515 -1.797 -1.197 0.039 0.049 0.986 6584.1 4.394 16.754662 1.42396 17.403881 15.979921 "" "" 2105.74731 2566.86353 3741.81262 1.3496 1492.3 5.2014 3215.1 5.5644 "" "" 0.002783009745987211 0.004701719 0.0042207483 0.008922467 19.97204580207 58.42641237119 2320.41528 -1.797 -1.197
20.12307010176 58.48157827007 0.0265 0.0356 13.9142 "" "" 413838313936847744 2279.8418 0.4321 0.0515 -0.458 -1.731 0.039 0.047 1.003 6328.1 4.144 16.756073 1.497022 17.44392 15.946898 "" "" 2037.16833 2515.99048 3736.95312 1.4056 1438.3 5.7116 3314.4 5.6871 "" "" 0.002785420368755661 0.005135605 0.0042136037 0.009349208 20.12307010176 58.48157827007 2279.8418 -0.458 -1.7309999999999997
20.11824309986 58.09436776955 0.0256 0.0351 14.7495 "" "" 413822577177064960 2577.97681 0.3718 0.0512 1.548 -3.568 0.038 0.049 1.004 4932.8 4.2843 16.759077 1.666771 17.552416 15.885645 "" "" 2293.72339 2944.61377 3726.6248 1.3373 1301.5 4.8541 3506.7 5.0423 "" "" 0.002782730761437383 0.0049175755 0.004089135 0.009006711 20.11824309986 58.09436776955 2577.97681 1.5479999999999996 -3.5679999999999996
19.76599489388 58.38824542466 0.0262 0.0348 6.1357 "" "" 413877587120872960 2394.28271 0.409 0.0516 -2.193 -0.605 0.039 0.046 1.025 "" "" 16.765577 1.399049 17.389378 15.990329 "" "" 2133.82764 2717.38892 3704.38479 1.3317 1512.4 5.7071 3184.4 6.8934 "" "" 0.002782828552566623 0.004956915 0.004450597 0.009407512 19.76599489388 58.38824542466 2394.28271 -2.193 -0.6049999999999999
19.40167350317 58.46596290495 0.0264 0.0348 17.4818 "" "" 413893049002866304 2058.18579 0.4729 0.0524 -1.391 -0.587 0.037 0.047 1.005 5727.0 4.6159 16.766829 1.317719 17.349302 16.031584 "" "" 1873.21606 2298.44531 3700.11481 1.489 1569.3 4.8273 3065.7 5.4826 "" "" 0.002789747322357011 0.0043519447 0.0042489893 0.0086009335 19.40167350317 58.46596290495 2058.18579 -1.3910000000000002 -0.5869999999999999
19.7208435144 58.29811171322 0.0266 0.0338 4.2214 "" "" 413875761747836032 2102.62939 0.4474 0.0514 0.829 -2.359 0.039 0.045 0.991 5234.2 4.386 16.768442 1.340891 17.368305 16.027414 "" "" 1889.15063 2442.74731 3694.61848 1.2778 1542.0 5.7754 3077.5 5.898 "" "" 0.002780790286640978 0.0049316897 0.004314333 0.009246023 19.7208435144 58.29811171322 2102.62939 0.8289999999999998 -2.359
19.35410206467 58.24006180811 0.0259 0.0329 16.1652 "" "" 413865629930279040 2440.82886 0.4104 0.0496 -1.707 2.135 0.038 0.046 0.988 5889.2 4.5187 16.771126 1.405613 17.403378 15.997765 "" "" 2157.46313 2768.1748 3685.5032 1.3398 1493.0 5.2137 3162.7 5.5738 "" "" 0.002783447100419297 0.0047074924 0.004236157 0.008943649 19.35410206467 58.24006180811 2440.82886 -1.7070000000000003 2.135
19.86332112082 58.38616972746 0.0254 0.0337 5.345 "" "" 413877758919569024 2824.90503 0.3535 0.0492 -2.093 1.684 0.037 0.044 0.979 6020.5 4.4675 16.771786 1.366888 17.380367 16.01348 "" "" 2493.32617 3267.88501 3683.26303 1.3249 1525.0 4.4237 3117.2 5.2947 "" "" 0.002782861354238296 0.004207651 0.0042053172 0.008412968 19.86332112082 58.38616972746 2824.90503 -2.093 1.6839999999999997
19.4576195481 58.42008715027 0.0258 0.0326 14.5117 "" "" 413891983852802816 2691.29443 0.3519 0.0482 -0.557 -2.118 0.038 0.043 0.997 5019.8 4.325 16.772495 1.591835 17.518953 15.927118 "" "" 2428.19678 3079.17212 3680.85517 1.3628 1342.3 5.1123 3375.3 5.2828 "" "" 0.002784489133717821 0.004988436 0.004143842 0.009132278 19.4576195481 58.42008715027 2691.29443 -0.5569999999999999 -2.1180000000000003
