Clusters/NGC_457/NGC_457_members.tsv
# %ECSV 1.0
# ---
# datatype:
# - name: RA_ICRS_1
#   unit: deg
#   datatype: float64
#   format: '{:15.11f}'
#   description: Right ascension (ICRS) at Ep=2016.0 (ra)
#   meta: !!omap
#   - {ucd: POS_EQ_RA_MAIN}
#   - {width: 15}
#   - {precision: '11'}
# - name: DE_ICRS_1
#   unit: deg
#   datatype: float64
#   format: '{:15.11f}'
#   description: Declination (ICRS) at Ep=2016.0 (dec)
#   meta: !!omap
#   - {ucd: POS_EQ_DEC_MAIN}
#   - {width: 15}
#   - {precision: '11'}
# - name: e_RA_ICRS
#   unit: mas
#   datatype: float64
#   format: '{:7.4f}'
#   description: Standard error of right ascension (ra_error)
#   meta: !!omap
#   - {ucd: ERROR}
#   - {width: 7}
#   - {precision: '4'}
# - name: e_DE_ICRS
#   unit: mas
#   datatype: float64
#   format: '{:7.4f}'
#   description: Standard error of declination (dec_error)
#   meta: !!omap
#   - {ucd: ERROR}
#   - {width: 7}
#   - {precision: '4'}
# - name: _r_1
#   unit: ''
#   datatype: float64
#   format: '{:7.4f}'
#   description: Distance from center (019.85471617000+58.29720050000)[ICRS], at Epoch=J2016.0
#   meta: !!omap
#   - {ucd: POS_ANG_DIST_GENERAL}
#   - {width: 7}
#   - {precision: '4'}
# - name: HIP
#   datatype: int32
#   description: '? HIP cross-id number, van Leeuwen, Cat. I/311 (hip_original_ext_source_id)'
#   meta: !!omap
#   - {ucd: ID_NUMBER}
#   - {width: 6}
#   - values: {'null': -2147483648}
# - name: TYC2
#   datatype: string
#   description: Tycho-2 cross-id name, Hog et al., Cat. I/259 (tyc2_original_ext_source_id)
#   meta: !!omap
#   - {ucd: ID_CROSSID}
#   - {_votable_string_dtype: char}
# - name: Source
#   datatype: int64
#   description: Source identifier, identical to the Gaia-EDR3 source_id (id)
#   meta: !!omap
#   - {ucd: ID_MAIN}
#   - {width: 19}
# - name: rgeo
#   unit: pc
#   datatype: float64
#   format: '{:15.8f}'
#   description: '? Median of the geometric distance posterior (r_med_geo)'
#   meta: !!omap
#   - {ucd: PHYS_DISTANCE_TRUE}
#   - {width: 15}
#   - {precision: '8'}
#   - values: {'null': .nan}
# - name: Plx
#   unit: mas
#   datatype: float64
#   format: '{:9.4f}'
#   description: '? Parallax (parallax)'
#   meta: !!omap
#   - {ucd: POS_PARLX_TRIG}
#   - {width: 9}
#   - {precision: '4'}
#   - values: {'null': .nan}
# - name: e_Plx
#   unit: mas
#   datatype: float32
#   format: '{:7.4f}'
#   description: '? Standard error of parallax (parallax_error)'
#   meta: !!omap
#   - {ucd: ERROR}
#   - {width: 7}
#   - {precision: '4'}
#   - values: {'null': .nan}
# - name: pmRA
#   unit: mas / yr
#   datatype: float64
#   format: '{:9.3f}'
#   description: '? Proper motion in right ascension direction, pmRA*cosDE (pmra)'
#   meta: !!omap
#   - {ucd: POS_EQ_PMRA}
#   - {width: 9}
#   - {precision: '3'}
#   - values: {'null': .nan}
# - name: pmDE
#   unit: mas / yr
#   datatype: float64
#   format: '{:9.3f}'
#   description: '? Proper motion in declination direction (pmdec)'
#   meta: !!omap
#   - {ucd: POS_EQ_PMDEC}
#   - {width: 9}
#   - {precision: '3'}
#   - values: {'null': .nan}
# - name: e_pmRA
#   unit: mas / yr
#   datatype: float32
#   format: '{:6.3f}'
#   description: '? Standard error of proper motion in right ascension direction (pmra_error)'
#   meta: !!omap
#   - {ucd: ERROR}
#   - {width: 6}
#   - {precision: '3'}
#   - values: {'null': .nan}
# - name: e_pmDE
[...]
#         unit: &id001 !astropy.units.Unit {unit: deg}
#         value: !astropy.table.SerializedColumn {name: SkyCoord.dec}
#       distance: !astropy.table.SerializedColumn
#         __class__: astropy.coordinates.distances.Distance
#         unit: !astropy.units.Unit {unit: pc}
#         value: !astropy.table.SerializedColumn {name: SkyCoord.distance}
#       frame: icrs
#       obstime: !astropy.time.Time {format: jyear_str, in_subfmt: '*', jd1: 367701545.0, jd2: 0.0, out_subfmt: '*', precision: 3, scale: tt}
#       pm_dec: !astropy.table.SerializedColumn
#         __class__: astropy.units.quantity.Quantity
#         unit: !astropy.units.Unit {unit: mas / yr}
#         value: !astropy.table.SerializedColumn {name: SkyCoord.pm_dec}
#       pm_ra_cosdec: !astropy.table.SerializedColumn
#         __class__: astropy.units.quantity.Quantity
#         unit: !astropy.units.Unit {unit: mas / yr}
#         value: !astropy.table.SerializedColumn {name: SkyCoord.pm_ra_cosdec}
#       ra: !astropy.table.SerializedColumn
#         __class__: astropy.coordinates.angles.Longitude
#         unit: *id001
#         value: !astropy.table.SerializedColumn {name: SkyCoord.ra}
#         wrap_angle: !astropy.coordinates.Angle
#           unit: *id001
#           value: 360.0
#       representation_type: spherical
# schema: astropy-2.0
RA_ICRS_1 DE_ICRS_1 e_RA_ICRS e_DE_ICRS _r_1 HIP TYC2 Source rgeo Plx e_Plx pmRA pmDE e_pmRA e_pmDE RUWE Teff logg Gmag BP-RP BPmag RPmag RV e_RV b_rgeo B_rgeo FG e_FG FBP e_FBP FRP e_FRP RAVE5 RAVE6 e_Gmag e_BPmag e_RPmag e_BP-RP SkyCoord.ra SkyCoord.dec SkyCoord.distance SkyCoord.pm_ra_cosdec SkyCoord.pm_dec Pmemb
[from data line 119]
19.65863335797 58.23000569226 0.0099 0.0129 7.3859 "" "" 413854566094775296 2492.69604 0.3738 0.0196 -1.467 -0.892 0.015 0.018 0.984 8996.7 4.0752 14.745204 0.782378 15.050582 14.268204 "" "" 2387.86328 2633.15601 23815.80917 3.7411 13037.0 10.312 15555.0 7.0666 "" "" 0.002760593701887575 0.0029193454 0.0038114327 0.006730778 19.65863335797 58.23000569226 2492.69604 -1.4669999999999996 -0.892 1.0
19.94365993613 58.29836277882 0.0107 0.014 2.8053 "" "" 413876109652214784 2833.88501 0.3252 0.0211 -1.684 -0.643 0.015 0.018 1.034 9504.8 4.1402 14.766837 0.772667 15.064389 14.291722 "" "" 2681.5459 3019.38354 23345.96589 3.9027 12872.0 10.673 15222.0 9.3829 "" "" 0.0027612916908852894 0.002931809 0.0038381799 0.0067699887 19.94365993613 58.29836277882 2833.88501 -1.6839999999999997 -0.643 0.8
19.27097645606 58.23892703882 0.0103 0.0133 18.7497 "" "" 413866214045830016 2933.92871 0.3117 0.0201 -1.828 -0.573 0.015 0.018 0.97 6853.1 3.8239 14.790531 1.188515 15.299794 14.11128 -76.26 5.72 2747.14111 3113.43579 22842.00643 3.0753 10363.0 7.4609 17974.0 9.9286 "" "" 0.0027591949863176152 0.002897598 0.0038266727 0.006724271 19.27097645606 58.23892703882 2933.92871 -1.8279999999999998 -0.5729999999999998 0.8
19.91355296172 58.26850860845 0.011 0.0151 2.5314 "" "" 413876040932766592 2936.29517 0.3114 0.0223 -1.651 -0.731 0.016 0.019 1.005 9582.6 3.6306 14.80842 0.609369 15.03408 14.424711 "" "" 2744.00854 3155.51782 22468.74558 5.1926 13237.0 11.867 13467.0 9.931 "" "" 0.002766721673616905 0.0029550781 0.00386326 0.0068183383 19.91355296172 58.26850860845 2936.29517 -1.6509999999999998 -0.7310000000000003 0.9
20.03246300379 58.20058789746 0.0106 0.0142 8.0684 "" "" 413827215741493120 2883.00049 0.3171 0.0204 -1.555 -0.755 0.015 0.019 0.978 9249.4 4.1432 14.812225 0.852284 15.149709 14.297424 "" "" 2732.92407 3083.38916 22390.13791 3.4849 11900.0 11.225 15142.0 8.3581 "" "" 0.0027604975292461345 0.002972193 0.0038266035 0.0067987964 20.03246300379 58.20058789746 2883.00049 -1.5549999999999997 -0.7550000000000003 1.0
19.77771023362 58.36129851712 0.0111 0.014 4.547 "" "" 413877380962467328 2928.35132 0.3151 0.0211 -1.501 -0.725 0.016 0.018 0.995 9935.9 3.8735 14.822369 0.647864 15.064413 14.416549 "" "" 2756.698 3120.52783 22181.92048 4.1237 12872.0 12.127 13569.0 12.657 "" "" 0.002762703337646768 0.0029717614 0.0039127246 0.006884486 19.77771023362 58.36129851712 2928.35132 -1.501 -0.7250000000000001 1.0
20.04799815612 58.18208796785 0.0108 0.0144 9.2176 "" "" 413826425467523328 2704.20215 0.3399 0.0208 -1.548 -0.664 0.016 0.02 1.021 10205.8 3.8431 14.836618 0.674573 15.089128 14.414555 "" "" 2537.74683 2831.09863 21892.70839 4.4125 12582.0 10.85 13594.0 9.8946 "" "" 0.0027639964828724975 0.0029430704 0.0038611207 0.006804191 20.04799815612 58.18208796785 2704.20215 -1.548 -0.6639999999999995 1.0
19.90652172626 58.28162314384 0.0106 0.0144 1.8823 "" "" 413876040932754816 3030.78296 0.303 0.0213 -1.625 -0.715 0.015 0.018 1.009 9254.9 4.1748 14.850026 0.791705 15.158031 14.366325 "" "" 2834.1748 3246.02344 21624.01935 3.6099 11809.0 9.6079 14211.0 8.3875 "" "" 0.002761275381060324 0.002926667 0.0038333237 0.006759991 19.90652172626 58.28162314384 3030.78296 -1.625 -0.7150000000000001 1.0
19.9988786868 58.24960394853 0.011 0.0149 5.3708 "" "" 413829002447854592 2817.22827 0.3283 0.0212 -1.519 -0.674 0.016 0.02 1.015 9483.8 3.6184 14.858842 0.67831 15.114682 14.436372 "" "" 2650.36597 2971.23438 21449.15328 5.117 12290.0 12.534 13323.0 9.8543 "" "" 0.002767468088106924 0.0030018566 0.0038637589 0.0068656155 19.9988786868 58.24960394853 2817.22827 -1.519 -0.6739999999999999 0.9
19.84440332217 58.37943749464 0.0104 0.0139 4.9449 "" "" 413877724559836416 2581.26978 0.3528 0.0205 -1.617 -0.62 0.015 0.018 0.993 8375.1 3.5562 14.893296 0.858468 15.231998 14.373529 "" "" 2459.5332 2709.19385 20779.18049 3.5669 11031.0 8.9857 14117.0 9.6221 "" "" 0.002761616358690157 0.0029269876 0.0038511527 0.0067781406 19.84440332217 58.37943749464 2581.26978 -1.6169999999999998 -0.62 0.9
19.96035089932 58.22375107602 0.0109 0.0145 5.5261 "" "" 413827456259642112 3019.80786 0.3003 0.0209 -1.685 -0.762 0.016 0.019 1.006 10110.2 4.0103 14.894652 0.655099 15.13926 14.484161 "" "" 2867.26685 3224.26001 20753.23943 4.7121 12015.0 11.238 12750.0 7.9917 "" "" 0.002766326395340831 0.0029692312 0.0038401643 0.0068093957 19.96035089932 58.22375107602 3019.80786 -1.6850000000000005 -0.7619999999999997 0.9
19.80280686599 58.326438154 0.0107 0.0141 2.3988 "" "" 413877140444332288 2679.95532 0.3463 0.0211 -1.59 -0.594 0.016 0.019 0.991 9564.1 4.1932 14.909617 0.79736 15.220718 14.423358 "" "" 2543.99927 2819.9939 20469.14722 3.416 11146.0 9.8971 13484.0 6.8251 "" "" 0.00276127152928542 0.002952033 0.0038191285 0.006771161 19.80280686599 58.326438154 2679.95532 -1.5899999999999999 -0.594 1.0
19.93358176004 58.31168022313 0.0115 0.015 2.6336 "" "" 413876208423847552 3036.22314 0.3 0.0228 -1.546 -0.758 0.017 0.019 0.955 9844.4 4.046 14.927646 0.626716 15.160131 14.533416 "" "" 2875.43604 3249.01416 20132.07411 4.0636 11786.0 9.9378 12184.0 7.6759 "" "" 0.0027640219403872604 0.00293652 0.003840781 0.006777301 19.93358176004 58.31168022313 3036.22314 -1.5459999999999996 -0.7579999999999998 1.0
19.85412678577 58.39548446934 0.0106 0.0141 5.8971 "" "" 413877823332512000 2832.86401 0.3224 0.0207 -1.621 -0.682 0.016 0.019 0.997 9813.6 3.93 14.959935 0.66907 15.213105 14.544035 "" "" 2685.66895 2964.96313 19542.16196 3.3144 11225.0 10.581 12065.0 8.0008 "" "" 0.002761466687687121 0.0029719502 0.0038473525 0.0068193027 19.85412678577 58.39548446934 2832.86401 -1.6209999999999996 -0.6820000000000004 0.9
19.88884176897 58.2905001614 0.0173 0.0228 1.1488 "" "" 413876247091174784 2413.00122 0.3815 0.0327 -1.613 -0.69 0.025 0.033 1.265 "" "" 14.981102 0.666574 14.935235 14.268661 "" "" 2273.39233 2562.51074 19164.87234 7.3377 14498.0 391.0 15549.0 409.56 "" "" 0.0027865022031486747 0.02941411 0.028846895 0.058261007 19.88884176897 58.2905001614 2413.00122 -1.6129999999999995 -0.6900000000000002 1.0
19.92958302226 58.17273406158 0.011 0.0144 7.8334 "" "" 413826906503863168 2655.33423 0.3482 0.0217 -1.667 -0.735 0.016 0.019 0.964 10052.9 3.87 14.981549 0.717341 15.254245 14.536903 "" "" 2535.45972 2808.67847 19156.98079 3.3357 10807.0 8.2574 12145.0 7.7826 "" "" 0.0027617984261788593 0.0029108874 0.0038428884 0.0067537758 19.92958302226 58.17273406158 2655.33423 -1.667 -0.735 1.0
19.72193744395 58.14306918043 0.0117 0.0149 10.1552 "" "" 413850717804123648 2728.8252 0.3427 0.0228 -1.591 -0.817 0.017 0.02 0.979 9672.2 3.8675 15.006086 0.708413 15.276806 14.568393 "" "" 2555.06519 2930.90625 18728.89359 3.7319 10585.0 9.8889 11798.0 14.266 "" "" 0.0027638005638427865 0.0029688254 0.0040009157 0.006969741 19.72193744395 58.14306918043 2728.8252 -1.5910000000000004 -0.8170000000000002 1.0
19.9553298324 58.30877562993 0.0119 0.0157 3.2471 "" "" 413876144011943168 2739.45728 0.3319 0.0231 -1.65 -0.712 0.017 0.02 0.968 9828.3 4.1873 15.011523 0.623848 15.246882 14.623034 "" "" 2584.57251 2920.646 18635.34149 4.1044 10881.0 8.4151 11219.0 9.036 "" "" 0.0027656777172833207 0.00291378 0.0038792307 0.006793011 19.9553298324 58.30877562993 2739.45728 -1.6500000000000004 -0.7120000000000004 0.9
19.93448519963 58.18473015839 0.0114 0.0148 7.2031 "" "" 413826940863595520 2904.81934 0.3169 0.0219 -1.574 -0.605 0.017 0.02 0.99 9142.6 3.6206 15.012132 0.68027 15.269549 14.589279 "" "" 2740.92236 3116.84839 18624.90772 3.504 10656.0 10.266 11573.0 9.9197 "" "" 0.002762881404421795 0.0029797922 0.0038922743 0.0068720663 19.93448519963 58.18473015839 2904.81934 -1.5740000000000007 -0.6049999999999995 1.0
19.64823688758 58.35569998565 0.0116 0.0144 7.3916 "" "" 413879030229910272 2837.78906 0.3216 0.022 -1.69 -0.628 0.017 0.019 0.981 9594.9 3.9466 15.022483 0.733636 15.300032 14.566396 "" "" 2700.67554 3025.58691 18448.17611 3.3127 10361.0 6.831 11820.0 10.414 "" "" 0.00276220928142494 0.0028805302 0.003898562 0.0067790924 19.64823688758 58.35569998565 2837.78906 -1.69 -0.628 0.8
19.93114735877 58.26326599621 0.0117 0.0155 3.1558 "" "" 413875972213396864 2695.94824 0.3396 0.0225 -1.684 -0.713 0.017 0.021 0.933 9877.8 4.0657 15.032463 0.637448 15.271618 14.63417 "" "" 2542.43359 2857.99756 18279.38542 3.7293 10636.0 8.6304 11104.0 8.2809 "" "" 0.0027642097138382295 0.002925955 0.0038651437 0.006791099 19.93114735877 58.26326599621 2695.94824 -1.6839999999999997 -0.7129999999999999 1.0
20.07957132521 58.22438701639 0.0118 0.0157 8.334 "" "" 413828074734934016 2780.68628 0.3293 0.0229 -1.588 -0.722 0.017 0.021 1.006 9797.0 3.8684 15.033967 0.67829 15.28946 14.61117 "" "" 2616.22681 2998.44727 18254.07489 3.7592 10462.0 9.3702 11342.0 7.9445 "" "" 0.002764377620962939 0.0029547706 0.0038551386 0.006809909 20.07957132521 58.22438701639 2780.68628 -1.588 -0.7220000000000003 1.0
19.32482175741 58.18780393952 0.0117 0.0148 17.975 "" "" 413865045814768128 2848.26514 0.3248 0.0222 -1.615 -0.832 0.018 0.021 0.973 9767.9 4.267 15.039014 0.594425 15.261422 14.666997 "" "" 2694.04639 2965.47314 18169.43186 3.8441 10736.0 8.8817 10774.0 8.977 "" "" 0.002764878937232201 0.0029311823 0.0038861434 0.006817326 19.32482175741 58.18780393952 2848.26514 -1.615 -0.8319999999999999 0.9
19.57855980953 58.30897943538 0.0115 0.0144 8.7346 "" "" 413879270748124416 2920.9082 0.3138 0.0217 -1.402 -0.781 0.017 0.02 1.022 9500.3 3.8272 15.045126 0.71515 15.316982 14.601832 "" "" 2725.19751 3104.85254 18067.42543 3.2325 10201.0 7.6452 11440.0 6.3615 "" "" 0.0027621591968871764 0.0029064023 0.0038273023 0.0067337044 19.57855980953 58.30897943538 2920.9082 -1.4020000000000006 -0.7809999999999997 0.8
19.91546934825 58.31464846733 0.0118 0.0155 2.1826 "" "" 413876212731412352 2912.21436 0.3229 0.0228 -1.553 -0.773 0.017 0.02 0.99 9236.8 3.9075 15.054486 0.639442 15.285287 14.645844 "" "" 2704.92871 3183.33447 17912.33963 4.022 10503.0 11.809 10986.0 11.145 "" "" 0.002766084320179565 0.0030455312 0.0039366125 0.006982144 19.91546934825 58.31464846733 2912.21436 -1.553 -0.7729999999999999 1.0
19.80892931626 58.29193008016 0.0114 0.0148 1.478 "" "" 413875559896403968 2975.02832 0.3062 0.0221 -1.668 -0.658 0.016 0.02 0.964 9269.2 4.0052 15.064905 0.701208 15.3325 14.631291 "" "" 2788.3667 3142.39478 17741.27133 3.5518 10056.0 8.9693 11134.0 7.4385 "" "" 0.002763880716029626 0.0029534486 0.0038483615 0.00680181 19.80892931626 58.29193008016 2975.02832 -1.6679999999999995 -0.6580000000000001 1.0
19.82967199156 58.19768704015 0.0118 0.0155 6.0229 "" "" 413874048067974400 2574.66968 0.3575 0.0233 -1.492 -0.686 0.017 0.02 0.998 8246.7 3.6091 15.097728 0.837845 15.427294 14.589449 "" "" 2442.16455 2710.99854 17212.9557 2.9358 9215.1 9.7648 11571.0 8.7778 "" "" 0.0027615360279943297 0.003018063 0.0038680893 0.0068861526 19.82967199156 58.19768704015 2574.66968 -1.492 -0.6859999999999997 0.9
19.90269430101 58.31897651899 0.0125 0.017 1.9986 "" "" 413876384530099840 2778.35156 0.3367 0.0249 -1.567 -0.777 0.018 0.021 1.164 9980.6 4.0538 15.104053 0.670625 15.341228 14.670603 "" "" 2590.15918 2979.13525 17112.97795 3.7183 9975.3 39.551 10738.0 28.786 "" "" 0.002765400894461813 0.0051299697 0.0047702524 0.009900222 19.90269430101 58.31897651899 2778.35156 -1.5669999999999995 -0.7769999999999998 1.0
20.021525577 58.32048171316 0.0122 0.0165 5.4403 "" "" 413829655282838016 2488.48828 0.3805 0.0247 -1.591 -0.742 0.017 0.021 1.053 9268.4 3.9023 15.1251 0.723872 15.403561 14.679688 "" "" 2333.62427 2663.75586 16784.43043 3.13 9418.7 13.014 10648.0 9.6716 "" "" 0.0027627493123114333 0.003167901 0.0039059275 0.0070738285 20.021525577 58.32048171316 2488.48828 -1.5909999999999997 -0.7419999999999999 1.0
20.20454845803 58.10930737269 0.0116 0.0156 15.7927 "" "" 413822852054778752 2864.40601 0.3175 0.0235 -1.489 -0.739 0.017 0.021 0.962 10653.1 3.9995 15.130589 0.636712 15.368074 14.731362 "" "" 2695.32568 3077.60474 16699.78789 3.3471 9731.7 8.3978 10153.0 7.0014 "" "" 0.002763900181316043 0.0029432739 0.0038528298 0.006796104 20.20454845803 58.10930737269 2864.40601 -1.4889999999999999 -0.7390000000000003 1.0
19.96869056834 58.37360262661 0.012 0.016 5.8225 "" "" 413882638002432128 2748.79883 0.3339 0.0243 -1.471 -0.771 0.018 0.021 1.043 7994.6 4.0853 15.150156 1.033568 15.465507 14.431939 "" "" 2560.93555 2930.75293 16401.52953 4.3999 8896.4 37.634 13378.0 126.67 "" "" 0.002770671857506596 0.0053740214 0.010953028 0.01632705 19.96869056834 58.37360262661 2748.79883 -1.4709999999999996 -0.771 1.0
19.84580217491 58.3350057398 0.0125 0.0158 2.2856 "" "" 413877209163803008 2886.27344 0.3176 0.0239 -1.529 -0.763 0.018 0.021 0.992 9741.1 4.1876 15.155225 0.852188 15.491544 14.639356 "" "" 2676.65674 3071.6958 16325.13618 2.7497 8685.6 8.8263 11051.0 8.4187 "" "" 0.002761382341548876 0.0030003954 0.0038688309 0.006869226 19.84580217491 58.3350057398 2886.27344 -1.529 -0.763 1.0
19.9694592764 58.25197429068 0.0125 0.0164 4.5243 "" "" 413829036807590784 2661.10571 0.3456 0.0245 -1.45 -0.802 0.018 0.021 0.989 9308.0 4.0379 15.205857 0.750231 15.496549 14.746318 "" "" 2534.52319 2824.51611 15581.3046 3.0333 8645.6 7.6521 10015.0 7.4332 "" "" 0.0027634154834920367 0.0029510187 0.0038643377 0.006815356 19.9694592764 58.25197429068 2661.10571 -1.4500000000000002 -0.8020000000000007 1.0
20.42658768457 58.44620820933 0.0124 0.0162 20.0922 "" "" 413927816749599232 2743.99902 0.3324 0.0238 -1.507 -0.897 0.017 0.021 1.019 8988.8 3.7868 15.206259 0.759332 15.498004 14.738672 "" "" 2567.19824 2914.57861 15575.54288 2.8924 8634.1 10.011 10085.0 8.3876 "" "" 0.0027626873011155025 0.0030610177 0.00388576 0.006946778 20.42658768457 58.44620820933 2743.99902 -1.5069999999999992 -0.8969999999999999 0.8
19.85477528881 58.54737595353 0.0127 0.0165 15.0105 "" "" 413889166352578432 2777.72998 0.3361 0.0242 -1.587 -0.733 0.018 0.022 0.962 9643.3 4.1036 15.209048 0.702469 15.476413 14.773944 "" "" 2595.12476 3006.95312 15535.5842 3.2344 8807.5 9.2858 9762.9 8.1042 "" "" 0.0027645767668507334 0.003015855 0.0038853595 0.006901215 19.85477528881 58.54737595353 2777.72998 -1.5870000000000002 -0.7329999999999997 1.0
19.84521854519 58.23208365924 0.0128 0.0169 3.9185 "" "" 413874219866654464 2826.27759 0.3298 0.0254 -1.664 -0.83 0.018 0.022 1.013 9469.5 4.0739 15.214723 0.718912 15.490775 14.771863 "" "" 2633.58813 3079.69897 15454.6027 3.1599 8691.7 8.5942 9781.7 7.8401 "" "" 0.002764248616010126 0.0029895774 0.0038782752 0.0068678525 19.84521854519 58.23208365924 2826.27759 -1.6639999999999997 -0.8299999999999998 0.8
20.05544205476 58.25413821923 0.0125 0.0166 6.8397 "" "" 413828865008898688 2636.02539 0.3451 0.0248 -1.74 -0.638 0.019 0.022 0.97 8530.2 3.6706 15.230431 0.810703 15.542508 14.731805 "" "" 2454.91553 2812.05225 15232.62306 3.3441 8287.3 9.5325 10149.0 10.485 "" "" 0.0027656109111782305 0.0030569152 0.003942321 0.0069992365 20.05544205476 58.25413821923 2636.02539 -1.7400000000000002 -0.638 1.0
19.24234703129 58.21425414789 0.0125 0.0161 19.9614 "" "" 413860201091634048 2960.1394 0.3093 0.0241 -1.671 -0.734 0.018 0.022 1.005 9750.1 4.2974 15.234244 0.870728 15.576651 14.705923 "" "" 2807.21167 3178.46484 15179.1988 2.7524 8030.8 8.8134 10394.0 7.3122 "" "" 0.002762344752706705 0.0030339442 0.0038557935 0.0068897377 19.24234703129 58.21425414789 2960.1394 -1.671 -0.734 1.0
19.46449336684 58.36838093914 0.0128 0.0158 13.0125 "" "" 413891365375703296 2831.68872 0.3237 0.0246 -1.623 -0.699 0.018 0.021 1.001 "" "" 15.271527 0.961741 15.661995 14.700254 "" "" 2643.77271 3093.92651 14666.81961 2.5818 7423.7 9.4208 10449.0 8.7458 "" "" 0.0027619408150000944 0.003111821 0.0038871032 0.006998924 19.46449336684 58.36838093914 2831.68872 -1.6230000000000004 -0.6989999999999998 1.0
