Clusters/NGC_457/NGC_457_stars_in_region.tsv
# %ECSV 1.0
# ---
# datatype:
# - name: RA_ICRS_1
#   unit: deg
#   datatype: float64
#   format: '{:15.11f}'
#   description: Right ascension (ICRS) at Ep=2016.0 (ra)
#   meta: !!omap
#   - {ucd: POS_EQ_RA_MAIN}
#   - {width: 15}
#   - {precision: '11'}
# - name: DE_ICRS_1
#   unit: deg
#   datatype: float64
#   format: '{:15.11f}'
#   description: Declination (ICRS) at Ep=2016.0 (dec)
#   meta: !!omap
#   - {ucd: POS_EQ_DEC_MAIN}
#   - {width: 15}
#   - {precision: '11'}
# - name: e_RA_ICRS
#   unit: mas
#   datatype: float64
#   format: '{:7.4f}'
#   description: Standard error of right ascension (ra_error)
#   meta: !!omap
#   - {ucd: ERROR}
#   - {width: 7}
#   - {precision: '4'}
# - name: e_DE_ICRS
#   unit: mas
#   datatype: float64
#   format: '{:7.4f}'
#   description: Standard error of declination (dec_error)
#   meta: !!omap
#   - {ucd: ERROR}
#   - {width: 7}
#   - {precision: '4'}
# - name: _r_1
#   unit: ''
#   datatype: float64
#   format: '{:7.4f}'
#   description: Distance from center (019.85471617000+58.29720050000)[ICRS], at Epoch=J2016.0
#   meta: !!omap
#   - {ucd: POS_ANG_DIST_GENERAL}
#   - {width: 7}
#   - {precision: '4'}
# - name: HIP
#   datatype: int32
#   description: '? HIP cross-id number, van Leeuwen, Cat. I/311 (hip_original_ext_source_id)'
#   meta: !!omap
#   - {ucd: ID_NUMBER}
#   - {width: 6}
#   - values: {'null': -2147483648}
# - name: TYC2
#   datatype: string
#   description: Tycho-2 cross-id name, Hog et al., Cat. I/259 (tyc2_original_ext_source_id)
#   meta: !!omap
#   - {ucd: ID_CROSSID}
#   - {_votable_string_dtype: char}
# - name: Source
#   datatype: int64
#   description: Source identifier, identical to the Gaia-EDR3 source_id (id)
#   meta: !!omap
#   - {ucd: ID_MAIN}
#   - {width: 19}
# - name: rgeo
#   unit: pc
#   datatype: float64
#   format: '{:15.8f}'
#   description: '? Median of the geometric distance posterior (r_med_geo)'
#   meta: !!omap
#   - {ucd: PHYS_DISTANCE_TRUE}
#   - {width: 15}
#   - {precision: '8'}
#   - values: {'null': .nan}
# - name: Plx
#   unit: mas
#   datatype: float64
#   format: '{:9.4f}'
#   description: '? Parallax (parallax)'
#   meta: !!omap
#   - {ucd: POS_PARLX_TRIG}
#   - {width: 9}
#   - {precision: '4'}
#   - values: {'null': .nan}
# - name: e_Plx
#   unit: mas
#   datatype: float32
#   format: '{:7.4f}'
#   description: '? Standard error of parallax (parallax_error)'
#   meta: !!omap
#   - {ucd: ERROR}
#   - {width: 7}
#   - {precision: '4'}
#   - values: {'null': .nan}
# - name: pmRA
#   unit: mas / yr
#   datatype: float64
#   format: '{:9.3f}'
#   description: '? Proper motion in right ascension direction, pmRA*cosDE (pmra)'
#   meta: !!omap
#   - {ucd: POS_EQ_PMRA}
#   - {width: 9}
#   - {precision: '3'}
#   - values: {'null': .nan}
# - name: pmDE
#   unit: mas / yr
#   datatype: float64
#   format: '{:9.3f}'
#   description: '? Proper motion in declination direction (pmdec)'
#   meta: !!omap
#   - {ucd: POS_EQ_PMDEC}
#   - {width: 9}
#   - {precision: '3'}
#   - values: {'null': .nan}
# - name: e_pmRA
#   unit: mas / yr
#   datatype: float32
#   format: '{:6.3f}'
#   description: '? Standard error of proper motion in right ascension direction (pmra_error)'
#   meta: !!omap
#   - {ucd: ERROR}
#   - {width: 6}
#   - {precision: '3'}
#   - values: {'null': .nan}
# - name: e_pmDE
[...]
#         unit: &id001 !astropy.units.Unit {unit: deg}
#         value: !astropy.table.SerializedColumn {name: SkyCoord.dec}
#       distance: !astropy.table.SerializedColumn
#         __class__: astropy.coordinates.distances.Distance
#         unit: !astropy.units.Unit {unit: pc}
#         value: !astropy.table.SerializedColumn {name: SkyCoord.distance}
#       frame: icrs
#       obstime: !astropy.time.Time {format: jyear_str, in_subfmt: '*', jd1: 367701545.0, jd2: 0.0, out_subfmt: '*', precision: 3, scale: tt}
#       pm_dec: !astropy.table.SerializedColumn
#         __class__: astropy.units.quantity.Quantity
#         unit: !astropy.units.Unit {unit: mas / yr}
#         value: !astropy.table.SerializedColumn {name: SkyCoord.pm_dec}
#       pm_ra_cosdec: !astropy.table.SerializedColumn
#         __class__: astropy.units.quantity.Quantity
#         unit: !astropy.units.Unit {unit: mas / yr}
#         value: !astropy.table.SerializedColumn {name: SkyCoord.pm_ra_cosdec}
#       ra: !astropy.table.SerializedColumn
#         __class__: astropy.coordinates.angles.Longitude
#         unit: *id001
#         value: !astropy.table.SerializedColumn {name: SkyCoord.ra}
#         wrap_angle: !astropy.coordinates.Angle
#           unit: *id001
#           value: 360.0
#       representation_type: spherical
# schema: astropy-2.0
RA_ICRS_1 DE_ICRS_1 e_RA_ICRS e_DE_ICRS _r_1 HIP TYC2 Source rgeo Plx e_Plx pmRA pmDE e_pmRA e_pmDE RUWE Teff logg Gmag BP-RP BPmag RPmag RV e_RV b_rgeo B_rgeo FG e_FG FBP e_FBP FRP e_FRP RAVE5 RAVE6 e_Gmag e_BPmag e_RPmag e_BP-RP SkyCoord.ra SkyCoord.dec SkyCoord.distance SkyCoord.pm_ra_cosdec SkyCoord.pm_dec
[from data line 937]
20.2856526504 58.32801251137 0.0295 0.0382 13.7071 "" "" 413831884362072192 2481.59106 0.4025 0.0581 1.018 -0.064 0.043 0.051 1.008 6339.3 4.4948 16.92078 1.210974 17.447987 16.237013 "" "" 2155.62402 2875.68677 3210.95932 1.2292 1432.9 5.276 2537.2 6.8163 "" "" 0.002786492742007309 0.004875128 0.004774087 0.009649215 20.2856526504 58.32801251137 2481.59106 1.018 -0.06399999999999993
20.10832649067 58.26621432389 0.0303 0.0405 8.2132 "" "" 413828521411508864 2205.04321 0.424 0.0613 -1.241 0.23 0.045 0.05 0.962 "" "" 16.921446 1.425745 17.568918 16.143173 "" "" 1999.22766 2515.54395 3208.99224 1.363 1281.9 6.5031 2766.2 7.0479 "" "" 0.002793645972034587 0.006174354 0.004683608 0.010857962 20.10832649067 58.26621432389 2205.04321 -1.241 0.23
20.00256690789 58.35163426277 0.0283 0.0383 5.6891 "" "" 413835633877298432 2536.69775 0.375 0.0558 -1.593 -0.801 0.042 0.051 0.991 7258.6 4.4964 16.927101 1.246376 17.468113 16.221737 "" "" 2213.43799 2963.25903 3192.31809 1.2225 1406.6 6.4564 2573.1 6.7495 "" "" 0.0027865148727549056 0.005711517 0.0047323145 0.010443831 20.00256690789 58.35163426277 2536.69775 -1.5930000000000002 -0.8009999999999999
19.87774119124 58.29614335226 0.0329 0.0432 0.7288 "" "" 413876247091168512 2453.06689 0.3928 0.0613 -1.659 -0.675 0.048 0.057 0.997 5571.0 4.6522 16.92727 1.250212 17.479578 16.229366 "" "" 2075.49707 2907.74243 3191.82275 1.6936 1391.8 7.8209 2555.1 9.7223 "" "" 0.0028149029025011795 0.0067087845 0.0055992194 0.012308003 19.87774119124 58.29614335226 2453.06689 -1.659 -0.675
19.96114567159 58.2812127358 0.028 0.0377 3.4909 "" "" 413829174251513088 3005.86987 0.3205 0.0548 -1.648 -0.696 0.041 0.05 1.004 6339.8 4.4946 16.931139 1.199789 17.44534 16.24555 "" "" 2664.83179 3676.9834 3180.46785 1.2803 1436.4 5.4863 2517.3 6.8008 "" "" 0.0027897695889468085 0.004998221 0.004784108 0.009782329 19.96114567159 58.2812127358 3005.86987 -1.6480000000000001 -0.696
20.27349715827 58.56805418624 0.0312 0.0408 20.9075 "" "" 413931978582484096 2385.71021 0.3886 0.0624 -0.431 -0.231 0.044 0.052 1.034 5840.2 4.5948 16.931435 1.429289 17.582846 16.153557 "" "" 2127.4375 2816.75439 3179.6009 1.281 1265.5 6.5396 2739.9 7.0201 "" "" 0.0027898257263761763 0.0062661367 0.0046928017 0.010958938 20.27349715827 58.56805418624 2385.71021 -0.43100000000000005 -0.23100000000000004
19.74234244283 57.97063809483 0.029 0.0378 19.9144 "" "" 413841509394316032 2906.53687 0.3366 0.0562 -0.365 -0.003 0.04 0.048 0.987 5858.1 4.6131 16.932697 1.16172 17.428856 16.267136 "" "" 2496.4585 3418.89795 3175.90935 1.2067 1458.4 5.8907 2467.8 6.6738 "" "" 0.0027860312951040567 0.0051978123 0.0047859247 0.009983737 19.74234244283 57.97063809483 2906.53687 -0.365 -0.003000000000000004
19.5050286189 58.59498963576 0.0305 0.0373 20.9711 "" "" 413900539427693312 2848.52759 0.3537 0.0568 -0.516 -1.871 0.041 0.051 1.024 6940.0 4.4562 16.933231 1.308809 17.514168 16.205359 "" "" 2424.88306 3226.52979 3174.34523 1.3173 1348.2 5.4042 2612.3 5.4855 "" "" 0.002791916143582339 0.005169724 0.004413809 0.009583533 19.5050286189 58.59498963576 2848.52759 -0.5160000000000001 -1.871
19.88986046346 58.33983520213 0.0284 0.037 2.7875 "" "" 413876483302514944 2751.63672 0.3376 0.0565 -1.665 -0.769 0.042 0.049 0.998 7126.7 4.3656 16.933506 1.221634 17.470238 16.248604 "" "" 2383.96582 3164.64941 3173.54281 1.1961 1403.9 5.9426 2510.2 6.5363 "" "" 0.0027855418021059137 0.0053765015 0.0047197957 0.010096297 19.88986046346 58.33983520213 2751.63672 -1.665 -0.769
19.68084706427 58.39665509601 0.0284 0.0363 8.0981 "" "" 413880679497317632 2032.29871 0.4798 0.0538 0.11 -1.829 0.041 0.048 1.012 7601.5 4.4436 16.93466 1.269125 17.485645 16.21652 "" "" 1801.4895 2312.23486 3170.17033 1.243 1384.1 5.1332 2585.5 4.7979 "" "" 0.0027880131914761134 0.004898882 0.0042828876 0.00918177 19.68084706427 58.39665509601 2032.29871 0.11000000000000004 -1.8289999999999997
19.41021023477 58.324996688 0.029 0.0374 14.109 "" "" 413867790288646272 2869.99072 0.3384 0.0553 -1.485 0.379 0.042 0.053 0.997 6046.5 4.49 16.937551 1.258926 17.47246 16.213533 "" "" 2443.96216 3417.15381 3161.73844 1.2731 1401.0 5.5312 2592.7 6.012 "" "" 0.0027897878539475964 0.005114622 0.004541163 0.009655785 19.41021023477 58.324996688 2869.99072 -1.4849999999999999 0.379
19.36814043194 58.23981310368 0.0291 0.037 15.7359 "" "" 413865629933105408 2876.00122 0.3288 0.0583 -0.761 -0.932 0.043 0.053 0.958 7200.3 4.394 16.938116 1.322788 17.528206 16.205418 "" "" 2486.36743 3332.3125 3160.09754 1.2584 1330.9 6.7479 2612.1 6.9428 "" "" 0.0027890360325011935 0.0061716046 0.0047551743 0.010926779 19.36814043194 58.23981310368 2876.00122 -0.7610000000000001 -0.9320000000000003
19.94501144214 58.2689694859 0.0312 0.0413 3.3138 "" "" 413875972213290112 2440.86401 0.4067 0.0588 -1.287 -0.922 0.047 0.056 1.017 6297.1 4.4926 16.941496 1.290192 17.515242 16.22505 "" "" 2160.03076 2803.80493 3150.27288 1.6547 1346.9 6.3258 2565.3 5.5275 "" "" 0.002813719880591989 0.0058126734 0.0044448604 0.010257534 19.94501144214 58.2689694859 2440.86401 -1.287 -0.922
19.53689421167 58.04848443104 0.0294 0.0367 17.9951 "" "" 413845873081059456 2980.06592 0.3064 0.0562 -1.594 -0.92 0.041 0.048 1.023 5756.4 4.6222 16.942993 1.223957 17.466103 16.242146 "" "" 2518.99365 3484.99365 3145.9313 1.5295 1409.2 6.5197 2525.2 6.249 "" "" 0.0028054292036906146 0.005746081 0.0046371054 0.010383187 19.53689421167 58.04848443104 2980.06592 -1.5939999999999999 -0.9200000000000002
20.39885735554 58.11314335255 0.0301 0.0398 20.4415 "" "" 413811994377639808 2683.1123 0.3736 0.0611 0.397 0.12 0.045 0.055 0.984 6323.0 4.4062 16.944727 1.398857 17.572546 16.173689 "" "" 2315.6543 3257.13452 3140.91164 1.3607 1277.6 5.1636 2689.6 5.5082 "" "" 0.0027951795173320297 0.0052000917 0.0043849614 0.009585053 20.39885735554 58.11314335255 2683.1123 0.39699999999999996 0.12
20.25677108385 58.09287080927 0.0283 0.0378 17.6618 "" "" 413822061780802560 2363.02246 0.3929 0.0601 -4.216 -1.087 0.041 0.05 0.969 5469.8 4.6458 16.947075 1.381174 17.568483 16.18731 "" "" 2093.28809 2751.59644 3134.131 1.3594 1282.4 5.9476 2656.0 6.2154 "" "" 0.002795275031508184 0.005756848 0.0045540356 0.010310884 20.25677108385 58.09287080927 2363.02246 -4.216 -1.0869999999999997
19.74997131838 58.55809531316 0.0326 0.0408 15.9958 "" "" 413887993812730880 2620.85693 0.4047 0.0605 -3.777 0.761 0.048 0.057 1.051 5919.7 4.6902 16.948486 1.223747 17.48795 16.264202 "" "" 2154.24731 3029.71216 3130.05635 1.3235 1381.1 5.7042 2474.4 5.4737 "" "" 0.002793304733702463 0.00528147 0.004477983 0.009759452 19.74997131838 58.55809531316 2620.85693 -3.777 0.7610000000000001
19.77584283489 58.0692496411 0.0298 0.0383 13.9027 "" "" 413848140826434688 2534.48608 0.3827 0.0564 -2.723 -5.362 0.043 0.051 0.99 5475.1 4.6371 16.949915 1.410225 17.586802 16.176577 "" "" 2220.32642 2968.47339 3125.94275 1.2474 1260.9 5.7276 2682.4 6.1043 "" "" 0.0027891762257145065 0.0056664734 0.0045153685 0.010181842 19.77584283489 58.0692496411 2534.48608 -2.7229999999999994 -5.361999999999999
20.39432105475 58.4091394724 0.0298 0.0407 18.2667 "" "" 413833877224712320 2755.9397 0.3574 0.0606 -5.08 -0.326 0.043 0.056 1.017 5642.0 4.6536 16.950083 1.390627 17.576025 16.185398 "" "" 2435.50342 3437.14404 3125.4584 1.2063 1273.5 6.4411 2660.7 5.1554 "" "" 0.002787004188784314 0.006159614 0.004325439 0.010485053 20.39432105475 58.4091394724 2755.9397 -5.079999999999999 -0.32599999999999996
20.00905200708 58.22958373648 0.0449 0.0486 6.3392 "" "" 413828761921456128 2173.25903 0.45 0.0677 -1.616 -0.551 0.057 0.061 0.997 5340.2 4.6461 16.950144 1.212994 17.388903 16.175909 "" "" 1915.19946 2501.67773 3125.28217 2.3419 1513.1 26.219 2684.1 27.767 "" "" 0.002872927326280488 0.019019414 0.011850742 0.030870155 20.00905200708 58.22958373648 2173.25903 -1.616 -0.5509999999999998
19.83683747117 58.11207386476 0.0289 0.0393 11.122 "" "" 413849755731465856 2180.26514 0.4352 0.0567 -0.716 0.576 0.043 0.054 0.994 5677.7 4.5389 16.95053 1.452692 17.614428 16.161736 "" "" 1971.95398 2421.90039 3124.17535 1.2304 1229.3 5.5282 2719.3 5.6581 "" "" 0.002788302182607215 0.0056235865 0.0044031027 0.01002669 19.83683747117 58.11207386476 2180.26514 -0.7160000000000001 0.5760000000000001
19.34568719079 58.07892473324 0.0293 0.0377 20.7536 "" "" 413846697714580224 2688.21069 0.3539 0.0576 -2.67 -1.0 0.041 0.052 1.063 7095.1 4.5695 16.951748 1.154259 17.447462 16.293203 "" "" 2314.52124 3113.94971 3120.67019 1.2181 1433.6 6.1437 2409.2 4.6931 "" "" 0.0027877221027181108 0.005425384 0.0043309317 0.0097563155 19.34568719079 58.07892473324 2688.21069 -2.67 -1.0000000000000002
19.3024768675 58.3493350941 0.03 0.037 17.6786 "" "" 413868481788476800 2402.03784 0.4158 0.0566 -4.259 1.51 0.043 0.051 0.965 5601.0 4.6197 16.953403 1.267355 17.50302 16.235664 "" "" 2037.77856 2761.32861 3115.91108 1.2464 1362.1 5.0825 2540.3 6.854 "" "" 0.002789338965116545 0.004919141 0.0047817673 0.009700908 19.3024768675 58.3493350941 2402.03784 -4.259 1.51
19.53844645925 58.11467814612 0.0284 0.0365 14.8287 "" "" 413851989114455680 2168.91895 0.4373 0.0542 -2.544 2.34 0.041 0.049 1.003 5363.0 4.5971 16.954872 1.491818 17.645744 16.153927 "" "" 1980.39087 2396.16699 3111.70295 1.1579 1194.3 6.0482 2739.0 5.6234 "" "" 0.002784783173680139 0.0061658365 0.0043877847 0.010553621 19.53844645925 58.11467814612 2168.91895 -2.544 2.34
19.75965357773 58.4106661612 0.0284 0.0365 7.4366 "" "" 413880915709015296 2894.11743 0.3384 0.0542 0.435 0.007 0.041 0.049 1.006 "" "" 16.955402 1.375429 17.576067 16.200638 "" "" 2459.06445 3671.10742 3110.182 1.1264 1273.5 5.1743 2623.6 5.6424 "" "" 0.002783237000769392 0.005219727 0.0044425265 0.009662254 19.75965357773 58.4106661612 2894.11743 0.43500000000000005 0.007000000000000032
19.72135515847 58.48156043284 0.0287 0.0368 11.83 "" "" 413887242207540224 2984.84009 0.3201 0.0535 -1.11 -0.568 0.041 0.051 0.985 8451.3 4.4694 16.957561 1.137495 17.45751 16.320015 "" "" 2587.16528 3538.43506 3104.00195 1.2115 1420.4 5.2792 2350.5 6.9805 "" "" 0.0027877171163381252 0.004906031 0.0049679535 0.009873984 19.72135515847 58.48156043284 2984.84009 -1.11 -0.568
19.75054394866 58.26950146618 0.0282 0.0361 3.6823 "" "" 413875319378256640 2683.93774 0.3577 0.0533 -1.612 -0.677 0.041 0.048 0.983 5337.6 4.3596 16.958282 1.253319 17.515371 16.262053 "" "" 2369.69946 3045.80957 3101.93995 1.3087 1346.7 5.9982 2479.3 7.39 "" "" 0.002793137430739449 0.0055830693 0.0049756328 0.010558702 19.75054394866 58.26950146618 2683.93774 -1.6120000000000003 -0.6769999999999998
19.56547821886 58.09188327416 0.0292 0.0377 15.3432 "" "" 413851817315775872 2300.41235 0.4202 0.0561 -1.936 -2.93 0.042 0.051 1.0 4973.0 4.3842 16.95917 1.362694 17.556875 16.194181 "" "" 1987.82446 2627.06372 3099.40953 1.2193 1296.2 8.1711 2639.3 6.5101 "" "" 0.0027882298949662688 0.0073912316 0.0046320437 0.012023276 19.56547821886 58.09188327416 2300.41235 -1.9360000000000004 -2.9299999999999997
19.37288524361 58.34479837421 0.0295 0.0365 15.4485 "" "" 413867996447157632 2278.01074 0.4273 0.0547 -4.729 -3.29 0.043 0.051 1.021 5562.2 4.5493 16.959677 1.459629 17.628307 16.168678 "" "" 2035.2677 2601.41211 3097.96346 1.1728 1213.7 5.2071 2702.0 8.0607 "" "" 0.002785809369345803 0.0054298206 0.0049774377 0.010407258 19.37288524361 58.34479837421 2278.01074 -4.729000000000001 -3.29
20.10944218374 58.56869908655 0.0303 0.0407 18.1487 "" "" 413979360664667904 2708.51172 0.3526 0.0577 2.705 -2.146 0.041 0.053 0.991 5829.8 4.5167 16.960434 1.464241 17.582924 16.118683 "" "" 2362.72046 3120.20923 3095.79931 1.4755 1265.5 16.937 2829.3 17.411 "" "" 0.002803492720433086 0.014796556 0.0076762713 0.022472827 20.10944218374 58.56869908655 2708.51172 2.705 -2.146
19.8367023237 58.38877701179 0.0323 0.0459 5.5238 "" "" 413877724559828096 2924.4187 0.3316 0.0646 -2.504 1.356 0.049 0.069 1.115 6003.8 4.495 16.961912 1.375866 17.443068 16.067202 "" "" 2472.26367 3822.36719 3091.58801 1.748 1439.4 7.9653 2966.7 7.8029 "" "" 0.0028228778170368285 0.0066244705 0.0047369325 0.011361403 19.8367023237 58.38877701179 2924.4187 -2.504 1.356
20.11916057582 58.43268685716 0.0302 0.0418 11.6337 "" "" 413837592382356352 2096.10254 0.4635 0.0598 -4.797 0.002 0.044 0.054 1.008 5309.1 4.5723 16.962894 1.524746 17.674427 16.149681 "" "" 1908.22937 2358.67456 3088.79485 1.2172 1163.2 4.2783 2749.7 4.6632 "" "" 0.0027883417659026644 0.0048715672 0.004204056 0.009075623 20.11916057582 58.43268685716 2096.10254 -4.797000000000001 0.0019999999999999168
20.25917750578 58.39397435727 0.0316 0.0419 13.9967 "" "" 413836527230481536 2081.24316 0.4635 0.0624 -1.52 -1.647 0.045 0.055 0.978 5408.8 4.6797 16.963175 1.299244 17.538708 16.239464 "" "" 1842.95239 2324.48145 3087.99812 1.3057 1318.1 4.6684 2531.5 5.3231 "" "" 0.0027933037940132237 0.004751033 0.0044154203 0.009166453 20.25917750578 58.39397435727 2081.24316 -1.52 -1.647
20.27974841868 58.10678431069 0.0291 0.0393 17.638 "" "" 413823470530070272 2996.71875 0.3205 0.0627 -3.591 0.777 0.043 0.052 1.026 5121.6 4.3807 16.964409 1.403559 17.594906 16.191347 "" "" 2493.85376 3663.4209 3084.48698 1.2171 1251.6 5.4563 2646.2 5.5902 "" "" 0.002788428110030239 0.0054944013 0.0044209277 0.0099153295 20.27974841868 58.10678431069 2996.71875 -3.591 0.7770000000000001
20.40258668264 58.13468389837 0.0285 0.0376 19.8713 "" "" 413812131816578176 2517.3396 0.3919 0.0576 -2.632 -2.34 0.041 0.051 0.982 5573.2 4.6654 16.966068 1.269121 17.526316 16.257195 "" "" 2191.65381 2936.15601 3079.77569 1.1963 1333.2 5.3848 2490.5 5.4475 "" "" 0.0027874099909291025 0.0051976764 0.004463587 0.009661263 20.40258668264 58.13468389837 2517.3396 -2.632 -2.339999999999999
19.94200478449 58.211419522 0.0313 0.0404 5.8381 "" "" 413827421904894848 2803.45825 0.3303 0.0571 -1.456 -0.875 0.045 0.054 0.996 5756.4 4.6238 16.966572 1.271566 17.527273 16.255707 "" "" 2500.63403 3380.54224 3078.3486 1.4322 1332.0 12.833 2493.9 10.771 "" "" 0.002801241498267996 0.010826127 0.006022672 0.016848799 19.94200478449 58.211419522 2803.45825 -1.4559999999999997 -0.8749999999999999
19.76319074995 58.61355755475 0.0315 0.0408 19.1976 "" "" 413890403303108864 2191.52905 0.4458 0.0576 -5.126 1.35 0.043 0.058 1.017 5395.9 4.6564 16.968542 1.415188 17.606218 16.19103 "" "" 1965.84937 2446.66553 3072.76976 1.2675 1238.6 7.0694 2647.0 5.7319 "" "" 0.0027914813227982683 0.0067960904 0.0044509936 0.011247084 19.76319074995 58.61355755475 2191.52905 -5.1259999999999994 1.3499999999999999
19.88115739064 58.3562820687 0.0282 0.0379 3.6415 "" "" 413876865566397568 2559.17871 0.3647 0.0554 1.338 -2.519 0.041 0.05 1.021 5537.0 4.6791 16.969261 1.299377 17.545258 16.24588 "" "" 2222.0835 3092.20239 3070.73269 1.1914 1310.1 5.4844 2516.6 5.3723 "" "" 0.0027873358156444415 0.0053332457 0.0044334843 0.00976673 19.88115739064 58.3562820687 2559.17871 1.338 -2.519
20.28385304439 58.46157399947 0.0301 0.0403 16.7184 "" "" 413837180065487744 2215.33716 0.4358 0.0592 1.143 -1.607 0.043 0.052 0.952 5469.7 4.6215 16.970163 1.364391 17.564476 16.200085 "" "" 1933.28979 2449.08203 3068.1846 1.2834 1287.1 5.8707 2625.0 6.6849 "" "" 0.0027924983238322237 0.005684167 0.004682816 0.010366984 20.28385304439 58.46157399947 2215.33716 1.1429999999999998 -1.6069999999999998
19.69145921606 58.40915383438 0.0292 0.0387 8.4578 "" "" 413880782576524160 2784.13794 0.3445 0.056 -1.203 -0.341 0.044 0.053 1.027 5691.8 4.6905 16.970583 1.293907 17.538767 16.24486 "" "" 2456.96167 3274.16089 3066.99808 1.3151 1318.0 7.7682 2518.9 10.403 "" "" 0.002794374603653131 0.006981081 0.005864348 0.012845429 19.69145921606 58.40915383438 2784.13794 -1.2029999999999998 -0.341
