Clusters/NGC_457/NGC_457_members.tsv
# %ECSV 1.0
# ---
# datatype:
# - name: RA_ICRS_1
#   unit: deg
#   datatype: float64
#   format: '{:15.11f}'
#   description: Right ascension (ICRS) at Ep=2016.0 (ra)
#   meta: !!omap
#   - {ucd: POS_EQ_RA_MAIN}
#   - {width: 15}
#   - {precision: '11'}
# - name: DE_ICRS_1
#   unit: deg
#   datatype: float64
#   format: '{:15.11f}'
#   description: Declination (ICRS) at Ep=2016.0 (dec)
#   meta: !!omap
#   - {ucd: POS_EQ_DEC_MAIN}
#   - {width: 15}
#   - {precision: '11'}
# - name: e_RA_ICRS
#   unit: mas
#   datatype: float64
#   format: '{:7.4f}'
#   description: Standard error of right ascension (ra_error)
#   meta: !!omap
#   - {ucd: ERROR}
#   - {width: 7}
#   - {precision: '4'}
# - name: e_DE_ICRS
#   unit: mas
#   datatype: float64
#   format: '{:7.4f}'
#   description: Standard error of declination (dec_error)
#   meta: !!omap
#   - {ucd: ERROR}
#   - {width: 7}
#   - {precision: '4'}
# - name: _r_1
#   unit: ''
#   datatype: float64
#   format: '{:7.4f}'
#   description: Distance from center (019.85471617000+58.29720050000)[ICRS], at Epoch=J2016.0
#   meta: !!omap
#   - {ucd: POS_ANG_DIST_GENERAL}
#   - {width: 7}
#   - {precision: '4'}
# - name: HIP
#   datatype: int32
#   description: '? HIP cross-id number, van Leeuwen, Cat. I/311 (hip_original_ext_source_id)'
#   meta: !!omap
#   - {ucd: ID_NUMBER}
#   - {width: 6}
#   - values: {'null': -2147483648}
# - name: TYC2
#   datatype: string
#   description: Tycho-2 cross-id name, Hog et al., Cat. I/259 (tyc2_original_ext_source_id)
#   meta: !!omap
#   - {ucd: ID_CROSSID}
#   - {_votable_string_dtype: char}
# - name: Source
#   datatype: int64
#   description: Source identifier, identical to the Gaia-EDR3 source_id (id)
#   meta: !!omap
#   - {ucd: ID_MAIN}
#   - {width: 19}
# - name: rgeo
#   unit: pc
#   datatype: float64
#   format: '{:15.8f}'
#   description: '? Median of the geometric distance posterior (r_med_geo)'
#   meta: !!omap
#   - {ucd: PHYS_DISTANCE_TRUE}
#   - {width: 15}
#   - {precision: '8'}
#   - values: {'null': .nan}
# - name: Plx
#   unit: mas
#   datatype: float64
#   format: '{:9.4f}'
#   description: '? Parallax (parallax)'
#   meta: !!omap
#   - {ucd: POS_PARLX_TRIG}
#   - {width: 9}
#   - {precision: '4'}
#   - values: {'null': .nan}
# - name: e_Plx
#   unit: mas
#   datatype: float32
#   format: '{:7.4f}'
#   description: '? Standard error of parallax (parallax_error)'
#   meta: !!omap
#   - {ucd: ERROR}
#   - {width: 7}
#   - {precision: '4'}
#   - values: {'null': .nan}
# - name: pmRA
#   unit: mas / yr
#   datatype: float64
#   format: '{:9.3f}'
#   description: '? Proper motion in right ascension direction, pmRA*cosDE (pmra)'
#   meta: !!omap
#   - {ucd: POS_EQ_PMRA}
#   - {width: 9}
#   - {precision: '3'}
#   - values: {'null': .nan}
# - name: pmDE
#   unit: mas / yr
#   datatype: float64
#   format: '{:9.3f}'
#   description: '? Proper motion in declination direction (pmdec)'
#   meta: !!omap
#   - {ucd: POS_EQ_PMDEC}
#   - {width: 9}
#   - {precision: '3'}
#   - values: {'null': .nan}
# - name: e_pmRA
#   unit: mas / yr
#   datatype: float32
#   format: '{:6.3f}'
#   description: '? Standard error of proper motion in right ascension direction (pmra_error)'
#   meta: !!omap
#   - {ucd: ERROR}
#   - {width: 6}
#   - {precision: '3'}
#   - values: {'null': .nan}
# - name: e_pmDE
[...]
#         unit: &id001 !astropy.units.Unit {unit: deg}
#         value: !astropy.table.SerializedColumn {name: SkyCoord.dec}
#       distance: !astropy.table.SerializedColumn
#         __class__: astropy.coordinates.distances.Distance
#         unit: !astropy.units.Unit {unit: pc}
#         value: !astropy.table.SerializedColumn {name: SkyCoord.distance}
#       frame: icrs
#       obstime: !astropy.time.Time {format: jyear_str, in_subfmt: '*', jd1: 367701545.0, jd2: 0.0, out_subfmt: '*', precision: 3, scale: tt}
#       pm_dec: !astropy.table.SerializedColumn
#         __class__: astropy.units.quantity.Quantity
#         unit: !astropy.units.Unit {unit: mas / yr}
#         value: !astropy.table.SerializedColumn {name: SkyCoord.pm_dec}
#       pm_ra_cosdec: !astropy.table.SerializedColumn
#         __class__: astropy.units.quantity.Quantity
#         unit: !astropy.units.Unit {unit: mas / yr}
#         value: !astropy.table.SerializedColumn {name: SkyCoord.pm_ra_cosdec}
#       ra: !astropy.table.SerializedColumn
#         __class__: astropy.coordinates.angles.Longitude
#         unit: *id001
#         value: !astropy.table.SerializedColumn {name: SkyCoord.ra}
#         wrap_angle: !astropy.coordinates.Angle
#           unit: *id001
#           value: 360.0
#       representation_type: spherical
# schema: astropy-2.0
RA_ICRS_1 DE_ICRS_1 e_RA_ICRS e_DE_ICRS _r_1 HIP TYC2 Source rgeo Plx e_Plx pmRA pmDE e_pmRA e_pmDE RUWE Teff logg Gmag BP-RP BPmag RPmag RV e_RV b_rgeo B_rgeo FG e_FG FBP e_FBP FRP e_FRP RAVE5 RAVE6 e_Gmag e_BPmag e_RPmag e_BP-RP SkyCoord.ra SkyCoord.dec SkyCoord.distance SkyCoord.pm_ra_cosdec SkyCoord.pm_dec Pmemb
[from data line 80]
19.98295811305 58.27852653897 0.0084 0.0112 4.197 "" "" 413829174246527104 2860.49976 0.3194 0.0168 -1.637 -0.733 0.012 0.015 1.03 11292.8 3.9538 14.163771 0.559171 14.366958 13.807787 "" "" 2750.02441 2970.20947 40685.38465 8.2788 24470.0 14.859 23771.0 13.835 "" "" 0.002764163371598725 0.002867005 0.0038318455 0.0066988505 19.98295811305 58.27852653897 2860.49976 -1.6370000000000002 -0.7330000000000003 1.0
19.90203227214 58.28198662205 0.0085 0.0113 1.7493 "" "" 413876040932754176 2833.70557 0.3229 0.0168 -1.542 -0.668 0.012 0.014 0.992 11289.8 3.7065 14.205711 0.62773 14.439262 13.811532 "" "" 2716.09644 3009.9314 39143.71334 7.7038 22893.0 13.446 23689.0 13.213 "" "" 0.0027635935411693033 0.0028621156 0.0038275928 0.0066897087 19.90203227214 58.28198662205 2833.70557 -1.5420000000000003 -0.668 1.0
19.99649946835 58.29304522695 0.0084 0.0119 4.4777 "" "" 413829586563379840 2946.28418 0.3105 0.0169 -1.529 -0.641 0.012 0.016 1.049 11313.5 3.8907 14.206127 0.593982 14.426252 13.832271 "" "" 2807.12744 3100.70557 39128.75212 8.1422 23169.0 14.706 23241.0 11.146 "" "" 0.002764567393769061 0.0028740165 0.0038150828 0.0066890996 19.99649946835 58.29304522695 2946.28418 -1.5289999999999995 -0.6410000000000001 1.0
19.32888065033 58.39169910297 0.0084 0.0108 17.5017 "" "" 413869031544263040 2592.84351 0.3549 0.0164 -1.734 -0.606 0.012 0.015 0.963 10101.0 4.0932 14.220123 0.617203 14.450261 13.833058 "" "" 2474.4436 2706.92456 38627.57543 7.7148 22663.0 11.485 23224.0 9.8618 "" "" 0.002763840011878814 0.0028439045 0.0038073994 0.0066513037 19.32888065033 58.39169910297 2592.84351 -1.734 -0.6059999999999999 1.0
19.93175326146 58.23412176318 0.009 0.0116 4.4983 "" "" 413827524979113600 2788.25244 0.3314 0.0174 -1.57 -0.656 0.013 0.014 0.992 12715.1 3.9628 14.232276 0.611385 14.454716 13.84333 "" "" 2677.29395 2937.35986 38197.61409 8.2094 22570.0 14.79 23005.0 12.217 "" "" 0.0027651834548343174 0.0028794527 0.0038231115 0.006702564 19.93175326146 58.23412176318 2788.25244 -1.5700000000000005 -0.656 1.0
19.66791748267 58.05791845934 0.0084 0.0109 15.5257 "" "" 413848621860125824 2353.27979 0.3945 0.0167 -1.466 -0.843 0.012 0.014 1.023 9285.4 4.11 14.240826 0.823944 14.565707 13.741763 "" "" 2269.93921 2446.0498 37898.02292 5.3177 20377.0 11.555 25261.0 9.8138 "" "" 0.0027595287214165908 0.0028572904 0.0038028471 0.0066601373 19.66791748267 58.05791845934 2353.27979 -1.4660000000000004 -0.8430000000000003 0.9
19.96429664721 58.27391282343 0.0084 0.0112 3.728 "" "" 413829071167313792 2915.94531 0.3107 0.0166 -1.563 -0.644 0.012 0.015 0.973 11143.8 3.8125 14.250844 0.571839 14.460525 13.888686 "" "" 2807.23657 3059.95972 37549.94538 8.091 22449.0 14.833 22064.0 13.333 "" "" 0.002765234262390089 0.0028809197 0.003835908 0.006716828 19.96429664721 58.27391282343 2915.94531 -1.5630000000000002 -0.6440000000000003 1.0
19.93724831265 58.32040908678 0.009 0.0117 2.9507 "" "" 413876590688528896 2651.53687 0.351 0.0182 -1.616 -0.67 0.013 0.015 0.959 12137.5 4.0123 14.26675 0.538067 14.461719 13.923652 "" "" 2498.40747 2796.87427 37003.82738 8.3665 22425.0 12.734 21365.0 9.1231 "" "" 0.002766234141171241 0.0028574746 0.0038077123 0.006665187 19.93724831265 58.32040908678 2651.53687 -1.616 -0.6700000000000002 1.0
19.97054734037 58.18259252644 0.0088 0.0114 7.789 "" "" 413827112662288896 2920.55542 0.3111 0.0169 -1.516 -0.668 0.013 0.015 1.0 12020.6 4.0306 14.27581 0.579081 14.488454 13.909373 "" "" 2800.94897 3080.50757 36696.33031 11.542 21879.0 21.357 21648.0 22.297 "" "" 0.0027764018747993254 0.0029846763 0.0039413567 0.0069260327 19.97054734037 58.18259252644 2920.55542 -1.5160000000000002 -0.6679999999999999 1.0
19.97110063437 58.31493267497 0.0087 0.0116 3.8199 "" "" 413876521969058816 2981.80078 0.3052 0.0182 -1.68 -0.839 0.013 0.015 0.966 10623.1 3.6029 14.276756 0.551652 14.479068 13.927416 "" "" 2802.70923 3186.19263 36664.3829 7.5821 22069.0 13.551 21291.0 15.85 "" "" 0.0027644532860462328 0.0028687108 0.0038648455 0.0067335563 19.97110063437 58.31493267497 2981.80078 -1.68 -0.839 0.9
19.88632948384 58.27806128222 0.0085 0.0115 1.5208 "" "" 413874769622438528 2793.927 0.3283 0.0169 -1.57 -0.681 0.013 0.015 0.96 10642.6 3.942 14.282182 0.697884 14.545764 13.84788 "" "" 2678.93286 2917.61572 36481.60438 6.084 20754.0 14.324 22909.0 12.14 "" "" 0.002761263244537855 0.0028890448 0.003822926 0.006711971 19.88632948384 58.27806128222 2793.927 -1.5699999999999998 -0.6809999999999998 1.0
19.83445560972 58.30060356844 0.0087 0.0114 0.6706 "" "" 413875594256135680 2971.03711 0.3098 0.0167 -1.611 -0.792 0.012 0.015 0.971 10779.7 3.7168 14.293427 0.664115 14.541851 13.877736 "" "" 2817.78687 3099.31494 36105.73416 6.1263 20829.0 18.443 22288.0 12.714 "" "" 0.0027614720548919183 0.0029511468 0.0038297938 0.0067809406 19.83445560972 58.30060356844 2971.03711 -1.6109999999999995 -0.7920000000000003 0.9
19.90201827672 58.25239242604 0.0093 0.0116 3.0749 "" "" 413874529104290176 2721.36328 0.3334 0.018 -1.55 -0.756 0.013 0.015 1.001 11038.3 3.6935 14.306026 0.618605 14.53208 13.913475 "" "" 2606.80688 2840.14966 35689.18472 6.9662 21018.0 20.763 21566.0 21.879 "" "" 0.002763458322953169 0.0029892207 0.003936625 0.0069258455 19.90201827672 58.25239242604 2721.36328 -1.5499999999999998 -0.7559999999999998 0.9
19.94279319903 58.15024691199 0.0085 0.0114 9.246 "" "" 413826803425040384 3037.77026 0.3021 0.017 -1.48 -0.746 0.013 0.016 1.015 10923.2 3.6654 14.317813 0.680525 14.5727 13.892176 "" "" 2897.91357 3187.15967 35303.82431 8.1784 20246.0 16.752 21993.0 13.944 "" "" 0.00276677632570467 0.002931229 0.003841561 0.00677279 19.94279319903 58.15024691199 3037.77026 -1.4800000000000009 -0.7459999999999999 1.0
19.7878341259 58.37327114333 0.0088 0.0119 5.0269 "" "" 413877518401410560 2760.88721 0.3276 0.0173 -1.588 -0.66 0.013 0.016 0.975 10822.3 3.9011 14.362347 0.609039 14.585887 13.976848 "" "" 2664.23291 2880.16089 33885.05209 5.7896 20001.0 10.428 20343.0 9.9076 "" "" 0.002761558065053359 0.002847014 0.0038161941 0.006663208 19.7878341259 58.37327114333 2760.88721 -1.588 -0.6599999999999999 1.0
19.72081613882 58.27963637589 0.0089 0.0114 4.3525 "" "" 413875353737985280 2711.67822 0.342 0.0167 -1.534 -0.811 0.013 0.015 0.98 11165.1 4.1145 14.368787 0.5735 14.580337 14.006837 "" "" 2592.79932 2832.09326 33684.64258 7.6725 20104.0 13.301 19789.0 10.26 "" "" 0.0027663962376966475 0.0028811544 0.0038210743 0.0067022284 19.72081613882 58.27963637589 2711.67822 -1.5340000000000003 -0.8110000000000004 1.0
19.41910769311 58.08033521383 0.0091 0.0122 18.9504 "" "" 413846835153534080 2805.51562 0.3283 0.0181 -1.588 -0.734 0.013 0.016 1.029 11404.5 3.9474 14.400415 0.580695 14.613859 14.033164 "" "" 2676.61353 2927.6333 32717.52812 6.3936 19493.0 11.751 19315.0 11.153 "" "" 0.002763477267766632 0.0028659098 0.0038310275 0.0066969376 19.41910769311 58.08033521383 2805.51562 -1.5880000000000005 -0.7340000000000004 1.0
19.84630066259 58.26688347376 0.0092 0.0121 1.8383 "" "" 413874700902969984 2937.49829 0.3103 0.0182 -1.683 -0.628 0.013 0.015 0.967 10096.9 3.6407 14.420968 0.760035 14.711393 13.951358 "" "" 2807.62207 3068.15503 32104.01804 7.5874 17818.0 17.429 20826.0 18.623 "" "" 0.002767242911834142 0.0029854584 0.0039020951 0.0068875533 19.84630066259 58.26688347376 2937.49829 -1.683 -0.6280000000000001 0.9
19.81799218077 58.14266898434 0.0089 0.0118 9.3442 "" "" 413850202408049408 2729.4397 0.3386 0.0176 -1.518 -0.764 0.013 0.015 0.99 "" "" 14.424353 0.669091 14.674603 14.005512 "" "" 2590.76221 2869.24316 32004.09425 5.5706 18432.0 10.076 19813.0 13.685 "" "" 0.002761793557023026 0.0028525991 0.003853066 0.006705665 19.81799218077 58.14266898434 2729.4397 -1.518 -0.764 1.0
19.80364088292 58.27374045685 0.01 0.0131 2.1393 "" "" 413875422457469440 2644.23389 0.3463 0.0187 -1.548 -0.784 0.015 0.018 0.992 10924.8 3.9007 14.469178 0.636156 14.706646 14.07049 "" "" 2555.4231 2757.28247 30709.6891 5.3792 17896.0 11.508 18662.0 9.4062 "" "" 0.00276187583487109 0.0028761963 0.0038187958 0.006694992 19.80364088292 58.27374045685 2644.23389 -1.548 -0.7839999999999998 1.0
19.63770694145 58.1724404335 0.0094 0.0121 10.1498 "" "" 413851061401488896 3008.12061 0.3019 0.0184 -1.584 -0.698 0.014 0.016 0.96 10982.8 3.8448 14.470796 0.669291 14.722089 14.052798 "" "" 2856.61621 3175.92603 30663.98764 5.4403 17643.0 10.916 18969.0 10.19 "" "" 0.002762045400544245 0.0028698975 0.0038241216 0.006694019 19.63770694145 58.1724404335 3008.12061 -1.584 -0.698 1.0
19.81869557587 58.39693173904 0.0091 0.0121 6.0904 "" "" 413877930718250496 2927.12256 0.3162 0.0178 -1.537 -0.62 0.013 0.016 1.054 9287.0 3.6429 14.476899 0.766499 14.772438 14.00594 "" "" 2767.58008 3117.36816 30492.07258 4.4131 16844.0 11.766 19805.0 8.2547 "" "" 0.0027597974095195637 0.0028914087 0.003806378 0.006697787 19.81869557587 58.39693173904 2927.12256 -1.5370000000000001 -0.6200000000000002 0.8
20.40684499942 58.26398944437 0.0095 0.0129 17.5308 "" "" 413830548636262016 3011.6106 0.304 0.0205 -1.539 -0.758 0.013 0.017 1.039 10439.2 3.6594 14.479359 0.617928 14.708722 14.090795 "" "" 2862.2644 3193.38159 30423.08962 6.4281 17862.0 13.645 18316.0 12.403 "" "" 0.0027648537464787515 0.0029108357 0.0038502316 0.0067610675 20.40684499942 58.26398944437 3011.6106 -1.539 -0.7579999999999998 1.0
19.93909976383 58.24417219742 0.0094 0.0123 4.1489 "" "" 413827559338845952 2932.6355 0.3079 0.0188 -1.533 -0.642 0.014 0.016 1.003 11007.0 3.8429 14.481123 0.689637 14.74006 14.050423 "" "" 2801.20239 3085.16382 30373.70297 6.1523 17354.0 15.297 19010.0 13.448 "" "" 0.002764082860420812 0.002949742 0.003856638 0.00680638 19.93909976383 58.24417219742 2932.6355 -1.533 -0.6420000000000003 0.9
20.01040319837 58.2056183667 0.0094 0.0128 7.3725 "" "" 413827181381749376 2847.66602 0.3218 0.018 -1.676 -0.826 0.014 0.017 0.945 10344.5 3.8025 14.524956 0.633131 14.757669 14.124538 "" "" 2683.86475 3005.50415 29171.88016 6.2107 17075.0 13.402 17756.0 15.622 "" "" 0.002764999337657111 0.0029174073 0.0038982334 0.0068156407 20.01040319837 58.2056183667 2847.66602 -1.6760000000000004 -0.8260000000000002 1.0
19.87271670013 58.03522464945 0.0099 0.0129 15.7289 "" "" 413801102339276928 2537.44849 0.3662 0.0196 -1.572 -0.805 0.014 0.016 1.021 9097.3 3.9162 14.526782 0.86356 14.868773 14.005213 "" "" 2425.14062 2714.09546 29122.85627 4.6719 15414.0 11.104 19819.0 10.956 "" "" 0.002760819816974619 0.0028977236 0.0038267435 0.006724467 19.87271670013 58.03522464945 2537.44849 -1.572 -0.8049999999999999 1.0
19.88236127398 58.17828582193 0.0096 0.0131 7.1881 "" "" 413873807549808640 2714.26172 0.3357 0.0197 -1.658 -0.69 0.014 0.017 1.091 10619.6 3.6517 14.538213 0.737847 14.807612 14.069765 "" "" 2589.41382 2885.27319 28817.85386 5.7165 16307.0 14.434 18675.0 19.832 "" "" 0.0027637248918885764 0.0029510383 0.0039513465 0.0069023846 19.88236127398 58.17828582193 2714.26172 -1.6579999999999995 -0.6900000000000001 1.0
20.16493391494 58.21165920194 0.0099 0.0133 11.0566 "" "" 413827765497299456 2915.10449 0.3156 0.0186 -1.648 -0.706 0.014 0.017 1.0 10512.3 3.8861 14.54037 0.624428 14.773989 14.149561 "" "" 2773.40186 3069.74292 28760.66431 6.1851 16820.0 14.05 17351.0 6.6905 "" "" 0.0027651958246045325 0.0029338666 0.0038024993 0.006736366 20.16493391494 58.21165920194 2915.10449 -1.6480000000000001 -0.7060000000000003 1.0
20.21211967935 58.19540729688 0.0096 0.0129 12.8321 "" "" 413825119797459200 2758.16577 0.3382 0.0189 -1.598 -0.675 0.014 0.017 0.981 11213.8 3.9645 14.556897 0.597465 14.777248 14.179784 "" "" 2638.90063 2913.08179 28326.16349 5.4286 16769.0 14.667 16875.0 10.138 "" "" 0.0027631658478776784 0.0029473484 0.0038352567 0.0067826053 20.21211967935 58.19540729688 2758.16577 -1.5980000000000003 -0.675 1.0
19.64880920865 58.21623428378 0.0089 0.0119 8.1147 "" "" 413854531735041536 2958.13477 0.3056 0.0177 -1.598 -0.803 0.013 0.016 0.979 10531.0 3.9005 14.5569 0.619924 14.785508 14.165585 "" "" 2815.4812 3150.18994 28326.08676 4.5903 16642.0 9.7859 17097.0 10.554 "" "" 0.0027609321458241603 0.002862281 0.0038383498 0.0067006308 19.64880920865 58.21623428378 2958.13477 -1.5979999999999996 -0.803 1.0
20.05979165671 58.21747401428 0.0098 0.0131 8.0491 "" "" 413827971655722752 3025.51392 0.302 0.0189 -1.633 -0.645 0.014 0.018 0.966 10403.3 3.6818 14.578875 0.621164 14.809058 14.187894 "" "" 2889.90576 3200.28125 27758.54905 5.6723 16285.0 10.174 16749.0 11.275 "" "" 0.0027642382329999436 0.0028714375 0.003849406 0.0067208437 20.05979165671 58.21747401428 3025.51392 -1.6329999999999996 -0.6449999999999996 1.0
20.33903440292 58.50755896177 0.0097 0.0132 19.7766 "" "" 413931497546422656 2768.05981 0.3274 0.0198 -1.439 -0.836 0.014 0.017 1.026 10194.0 3.8261 14.588857 0.655423 14.834884 14.179461 "" "" 2634.98535 2910.28784 27504.5222 4.827 15902.0 8.9462 16880.0 7.7409 "" "" 0.002761900938242887 0.0028562467 0.0038120379 0.0066682845 20.33903440292 58.50755896177 2768.05981 -1.439 -0.836 1.0
19.95886998461 58.2572399916 0.0099 0.0135 4.0677 "" "" 413829036807587968 3025.55786 0.3033 0.0198 -1.687 -0.645 0.014 0.018 0.978 9814.9 3.6828 14.612969 0.653252 14.857389 14.204137 "" "" 2803.19507 3219.09937 26900.41414 4.9886 15576.0 11.423 16501.0 8.0593 "" "" 0.0027626671535773864 0.0029015616 0.003816403 0.0067179645 19.95886998461 58.2572399916 3025.55786 -1.6869999999999996 -0.6449999999999999 0.8
20.08909645067 58.33678078029 0.0097 0.0128 7.7585 "" "" 413835393359137920 2679.2937 0.345 0.0193 -1.518 -0.747 0.014 0.017 1.005 10156.8 3.8656 14.61672 0.570457 14.827162 14.256705 "" "" 2563.6167 2809.94263 26807.64065 5.4468 16016.0 10.266 15721.0 9.0127 "" "" 0.0027641371405520234 0.0028756529 0.0038302953 0.006705948 20.08909645067 58.33678078029 2679.2937 -1.518 -0.7469999999999999 1.0
19.89054898662 58.10102529455 0.0099 0.0135 11.8249 "" "" 413803129563821440 2665.6062 0.3412 0.0196 -1.568 -0.797 0.014 0.017 0.972 8734.6 3.6203 14.636147 0.746881 14.923722 14.176842 "" "" 2530.72852 2799.78467 26332.23538 4.8035 14653.0 11.148 16921.0 8.1412 "" "" 0.002762429499169776 0.0029098745 0.0038153124 0.006725187 19.89054898662 58.10102529455 2665.6062 -1.568 -0.7969999999999998 1.0
20.09652415638 58.23181375781 0.0103 0.0141 8.5808 "" "" 413828040375191424 2676.38281 0.338 0.0208 -1.502 -0.735 0.015 0.019 0.993 9673.4 3.6618 14.674175 0.658794 14.919842 14.261047 "" "" 2560.18579 2846.77344 25425.92457 4.8428 14706.0 10.972 15658.0 11.661 "" "" 0.002763069737858934 0.0029053814 0.0038649102 0.0067702914 20.09652415638 58.23181375781 2676.38281 -1.5020000000000007 -0.7349999999999997 0.9
19.54299248499 58.0281588309 0.0098 0.0128 18.9188 "" "" 413845735642113664 2857.85815 0.3232 0.0193 -1.598 -0.753 0.014 0.017 1.034 10481.8 4.2271 14.688647 0.548179 14.889838 14.34166 "" "" 2724.56567 3030.48901 25089.26339 5.4654 15118.0 11.994 14538.0 9.4656 "" "" 0.0027654527059830466 0.0029201063 0.0038449261 0.006765032 19.54299248499 58.0281588309 2857.85815 -1.5980000000000008 -0.7529999999999994 1.0
19.73517988922 58.44975680771 0.0101 0.0128 9.8959 "" "" 413881126173875968 2909.31738 0.3119 0.0187 -1.59 -0.661 0.014 0.017 0.976 9445.9 3.9852 14.725123 0.819259 15.044389 14.22513 "" "" 2760.85205 3078.96094 24260.37283 3.6143 13112.0 7.094 16185.0 7.5593 "" "" 0.0027600639991222174 0.0028513342 0.0038132502 0.0066645844 19.73517988922 58.44975680771 2909.31738 -1.5899999999999996 -0.6609999999999998 1.0
