Clusters/NGC_457/NGC_457_members.tsv
# %ECSV 1.0
# ---
# datatype:
# - name: RA_ICRS_1
#   unit: deg
#   datatype: float64
#   format: '{:15.11f}'
#   description: Right ascension (ICRS) at Ep=2016.0 (ra)
#   meta: !!omap
#   - {ucd: POS_EQ_RA_MAIN}
#   - {width: 15}
#   - {precision: '11'}
# - name: DE_ICRS_1
#   unit: deg
#   datatype: float64
#   format: '{:15.11f}'
#   description: Declination (ICRS) at Ep=2016.0 (dec)
#   meta: !!omap
#   - {ucd: POS_EQ_DEC_MAIN}
#   - {width: 15}
#   - {precision: '11'}
# - name: e_RA_ICRS
#   unit: mas
#   datatype: float64
#   format: '{:7.4f}'
#   description: Standard error of right ascension (ra_error)
#   meta: !!omap
#   - {ucd: ERROR}
#   - {width: 7}
#   - {precision: '4'}
# - name: e_DE_ICRS
#   unit: mas
#   datatype: float64
#   format: '{:7.4f}'
#   description: Standard error of declination (dec_error)
#   meta: !!omap
#   - {ucd: ERROR}
#   - {width: 7}
#   - {precision: '4'}
# - name: _r_1
#   unit: ''
#   datatype: float64
#   format: '{:7.4f}'
#   description: Distance from center (019.85471617000+58.29720050000)[ICRS], at Epoch=J2016.0
#   meta: !!omap
#   - {ucd: POS_ANG_DIST_GENERAL}
#   - {width: 7}
#   - {precision: '4'}
# - name: HIP
#   datatype: int32
#   description: '? HIP cross-id number, van Leeuwen, Cat. I/311 (hip_original_ext_source_id)'
#   meta: !!omap
#   - {ucd: ID_NUMBER}
#   - {width: 6}
#   - values: {'null': -2147483648}
# - name: TYC2
#   datatype: string
#   description: Tycho-2 cross-id name, Hog et al., Cat. I/259 (tyc2_original_ext_source_id)
#   meta: !!omap
#   - {ucd: ID_CROSSID}
#   - {_votable_string_dtype: char}
# - name: Source
#   datatype: int64
#   description: Source identifier, identical to the Gaia-EDR3 source_id (id)
#   meta: !!omap
#   - {ucd: ID_MAIN}
#   - {width: 19}
# - name: rgeo
#   unit: pc
#   datatype: float64
#   format: '{:15.8f}'
#   description: '? Median of the geometric distance posterior (r_med_geo)'
#   meta: !!omap
#   - {ucd: PHYS_DISTANCE_TRUE}
#   - {width: 15}
#   - {precision: '8'}
#   - values: {'null': .nan}
# - name: Plx
#   unit: mas
#   datatype: float64
#   format: '{:9.4f}'
#   description: '? Parallax (parallax)'
#   meta: !!omap
#   - {ucd: POS_PARLX_TRIG}
#   - {width: 9}
#   - {precision: '4'}
#   - values: {'null': .nan}
# - name: e_Plx
#   unit: mas
#   datatype: float32
#   format: '{:7.4f}'
#   description: '? Standard error of parallax (parallax_error)'
#   meta: !!omap
#   - {ucd: ERROR}
#   - {width: 7}
#   - {precision: '4'}
#   - values: {'null': .nan}
# - name: pmRA
#   unit: mas / yr
#   datatype: float64
#   format: '{:9.3f}'
#   description: '? Proper motion in right ascension direction, pmRA*cosDE (pmra)'
#   meta: !!omap
#   - {ucd: POS_EQ_PMRA}
#   - {width: 9}
#   - {precision: '3'}
#   - values: {'null': .nan}
# - name: pmDE
#   unit: mas / yr
#   datatype: float64
#   format: '{:9.3f}'
#   description: '? Proper motion in declination direction (pmdec)'
#   meta: !!omap
#   - {ucd: POS_EQ_PMDEC}
#   - {width: 9}
#   - {precision: '3'}
#   - values: {'null': .nan}
# - name: e_pmRA
#   unit: mas / yr
#   datatype: float32
#   format: '{:6.3f}'
#   description: '? Standard error of proper motion in right ascension direction (pmra_error)'
#   meta: !!omap
#   - {ucd: ERROR}
#   - {width: 6}
#   - {precision: '3'}
#   - values: {'null': .nan}
# - name: e_pmDE
[...]
#         unit: &id001 !astropy.units.Unit {unit: deg}
#         value: !astropy.table.SerializedColumn {name: SkyCoord.dec}
#       distance: !astropy.table.SerializedColumn
#         __class__: astropy.coordinates.distances.Distance
#         unit: !astropy.units.Unit {unit: pc}
#         value: !astropy.table.SerializedColumn {name: SkyCoord.distance}
#       frame: icrs
#       obstime: !astropy.time.Time {format: jyear_str, in_subfmt: '*', jd1: 367701545.0, jd2: 0.0, out_subfmt: '*', precision: 3, scale: tt}
#       pm_dec: !astropy.table.SerializedColumn
#         __class__: astropy.units.quantity.Quantity
#         unit: !astropy.units.Unit {unit: mas / yr}
#         value: !astropy.table.SerializedColumn {name: SkyCoord.pm_dec}
#       pm_ra_cosdec: !astropy.table.SerializedColumn
#         __class__: astropy.units.quantity.Quantity
#         unit: !astropy.units.Unit {unit: mas / yr}
#         value: !astropy.table.SerializedColumn {name: SkyCoord.pm_ra_cosdec}
#       ra: !astropy.table.SerializedColumn
#         __class__: astropy.coordinates.angles.Longitude
#         unit: *id001
#         value: !astropy.table.SerializedColumn {name: SkyCoord.ra}
#         wrap_angle: !astropy.coordinates.Angle
#           unit: *id001
#           value: 360.0
#       representation_type: spherical
# schema: astropy-2.0
RA_ICRS_1 DE_ICRS_1 e_RA_ICRS e_DE_ICRS _r_1 HIP TYC2 Source rgeo Plx e_Plx pmRA pmDE e_pmRA e_pmDE RUWE Teff logg Gmag BP-RP BPmag RPmag RV e_RV b_rgeo B_rgeo FG e_FG FBP e_FBP FRP e_FRP RAVE5 RAVE6 e_Gmag e_BPmag e_RPmag e_BP-RP SkyCoord.ra SkyCoord.dec SkyCoord.distance SkyCoord.pm_ra_cosdec SkyCoord.pm_dec Pmemb
[from data line 159]
19.6312627986 58.21316482057 0.0123 0.0164 8.6708 "" "" 413854153777921280 2682.45605 0.3454 0.0244 -1.555 -0.727 0.018 0.022 0.982 9511.2 4.1374 15.304974 0.709042 15.575199 14.866158 "" "" 2488.3855 2854.49854 14221.8935 2.6968 8041.5 8.9609 8968.0 7.5174 "" "" 0.0027630013147475897 0.0030411896 0.0038874203 0.0069286097 19.6312627986 58.21316482057 2682.45605 -1.5549999999999997 -0.7269999999999999 1.0
20.04661156615 58.26610036974 0.0129 0.0173 6.3344 "" "" 413828933728368768 2793.14087 0.3328 0.0251 -1.582 -0.729 0.019 0.023 1.021 9468.0 4.1547 15.317698 0.681448 15.578154 14.896706 "" "" 2599.95142 2995.31079 14056.1994 3.0 8019.7 9.7607 8719.2 9.1784 "" "" 0.0027650473869359235 0.0030872722 0.0039484156 0.0070356876 20.04661156615 58.26610036974 2793.14087 -1.582 -0.7289999999999999 0.9
20.07017349918 58.36114499366 0.0129 0.0173 7.7967 "" "" 413835702596770816 2893.27417 0.3245 0.0258 -1.502 -0.734 0.019 0.022 0.993 9366.2 4.0287 15.317703 0.774485 15.618263 14.843779 "" "" 2660.53711 3138.91943 14056.11549 2.682 7728.8 8.1125 9154.8 7.0896 "" "" 0.002763097358697975 0.0030139382 0.0038717808 0.006885719 20.07017349918 58.36114499366 2893.27417 -1.502 -0.7339999999999999 1.0
19.84808434115 58.16111626285 0.0127 0.0169 8.1677 "" "" 413850339846993536 3025.17896 0.3094 0.0255 -1.559 -0.782 0.019 0.022 0.979 7989.6 4.1321 15.321151 0.951042 15.702768 14.751726 "" "" 2799.677 3274.52856 14011.56275 2.5045 7150.1 9.2059 9964.8 12.342 "" "" 0.0027621463807484294 0.0031207681 0.004011493 0.007132261 19.84808434115 58.16111626285 3025.17896 -1.5589999999999997 -0.7820000000000001 0.8
19.83946870211 58.02034561903 0.0129 0.0175 16.6183 "" "" 413800964900330368 2965.08911 0.3089 0.0262 -1.603 -0.828 0.018 0.022 0.99 9437.9 4.1161 15.32713 0.724625 15.601126 14.876501 "" "" 2769.88501 3206.06641 13934.60256 2.9594 7851.8 8.026 8883.0 8.4987 "" "" 0.002764951974031398 0.0030027917 0.0039195353 0.006922327 19.83946870211 58.02034561903 2965.08911 -1.603 -0.8280000000000001 1.0
19.82715054525 58.24328648604 0.0134 0.0172 3.3497 "" "" 413874288586125440 2882.12158 0.319 0.0252 -1.584 -0.738 0.019 0.022 0.963 9415.3 4.1351 15.336846 0.709117 15.609317 14.9002 "" "" 2682.42114 3137.9563 13810.46674 2.7037 7792.7 8.3476 8691.2 8.2949 "" "" 0.0027635067728803194 0.003022868 0.0039188643 0.006941732 19.82715054525 58.24328648604 2882.12158 -1.5840000000000005 -0.738 1.0
19.94306180735 58.300637208 0.0136 0.0176 2.7931 "" "" 413876144011951488 2459.3479 0.3782 0.0262 -1.58 -0.621 0.02 0.023 0.996 "" "" 15.355339 0.701399 15.586926 14.885528 "" "" 2324.86987 2619.96753 13577.22311 2.9096 7955.1 26.349 8809.4 32.003 "" "" 0.0027651268122644303 0.0045516635 0.0054627038 0.010014367 19.94306180735 58.300637208 2459.3479 -1.58 -0.621 0.9
19.67729601329 58.24535859992 0.0131 0.017 6.4044 "" "" 413851748596224512 2442.57959 0.3786 0.025 -1.645 -0.843 0.02 0.023 1.025 8098.7 4.029 15.360878 0.964806 15.754571 14.789765 "" "" 2309.38037 2577.52612 13508.13456 2.9084 6816.9 9.2151 9621.7 7.0427 "" "" 0.002765219047698829 0.0031526485 0.0038620331 0.0070146816 19.67729601329 58.24535859992 2442.57959 -1.645 -0.8430000000000003 0.9
20.0459753535 58.25967741381 0.0136 0.018 6.4401 "" "" 413828865008896000 2790.65259 0.329 0.0265 -1.51 -0.631 0.021 0.024 0.971 9464.2 4.0304 15.376458 0.738916 15.659608 14.920692 "" "" 2594.19922 3017.46606 13315.68279 2.883 7440.0 8.0906 8528.7 8.0043 "" "" 0.0027653298930692114 0.003029695 0.003914338 0.0069440333 20.0459753535 58.25967741381 2790.65259 -1.5099999999999998 -0.6309999999999999 0.8
19.85992622406 58.31944631304 0.0133 0.0176 1.3448 "" "" 413876350170358656 2905.78516 0.324 0.0259 -1.558 -0.813 0.019 0.023 1.001 9372.7 4.1457 15.389832 0.711624 15.661955 14.950331 "" "" 2692.56226 3100.29639 13152.67793 2.8955 7423.9 6.9365 8299.0 7.9117 "" "" 0.0027656680597338353 0.0029688661 0.003918557 0.006887423 19.85992622406 58.31944631304 2905.78516 -1.558 -0.8129999999999997 1.0
19.9116715089 58.0847908345 0.0139 0.0182 12.8712 "" "" 413802545448273024 2859.8042 0.3277 0.027 -1.646 -0.681 0.02 0.024 0.99 9530.8 4.0235 15.423961 0.765514 15.720025 14.954511 "" "" 2626.79004 3031.73535 12745.65984 2.7573 7037.3 8.3945 8267.1 7.3499 "" "" 0.0027653133651056984 0.0030761026 0.0039007037 0.0069768066 19.9116715089 58.0847908345 2859.8042 -1.6459999999999997 -0.6809999999999997 1.0
19.87329449519 58.35610914007 0.0131 0.0174 3.5827 "" "" 413876865566397440 2926.00269 0.3157 0.026 -1.534 -0.761 0.019 0.023 0.994 9259.7 4.1873 15.426466 0.739608 15.713716 14.974108 "" "" 2735.86987 3184.15576 12716.29264 2.4511 7078.3 7.3215 8119.2 6.4886 "" "" 0.002763256582099972 0.0030077014 0.0038777061 0.0068854075 19.87329449519 58.35610914007 2926.00269 -1.5340000000000003 -0.7609999999999997 0.9
19.961862182 58.00199355179 0.0139 0.0182 18.0344 "" "" 413801475995967488 2748.43457 0.3395 0.0272 -1.539 -0.79 0.02 0.024 0.994 9445.9 4.1844 15.449123 0.76145 15.744896 14.983446 "" "" 2563.09814 2948.10693 12453.6737 2.662 6877.9 7.8297 8049.7 7.5437 "" "" 0.002765076819545031 0.003051673 0.00391395 0.0069656232 19.961862182 58.00199355179 2748.43457 -1.5389999999999997 -0.7900000000000001 1.0
19.87909113465 58.29004853273 0.0144 0.0191 0.8803 "" "" 413876247091175296 2583.84106 0.3558 0.0283 -1.577 -0.721 0.021 0.027 0.971 9247.6 4.1213 15.452931 0.754209 15.748122 14.993913 "" "" 2428.00732 2766.97754 12410.06339 2.7074 6857.5 13.74 7972.5 11.209 "" "" 0.0027654827632426827 0.0035380146 0.0040760185 0.0076140333 19.87909113465 58.29004853273 2583.84106 -1.5770000000000004 -0.7210000000000002 1.0
19.7540375033 58.34684014062 0.014 0.0184 4.3513 "" "" 413877415322217600 3046.80518 0.3096 0.0277 -1.566 -0.72 0.02 0.024 1.033 9491.0 4.1867 15.459044 0.790096 15.764805 14.974709 "" "" 2793.30493 3275.62354 12340.39184 2.6637 6753.0 9.4926 8114.7 7.4817 "" "" 0.002765269119655867 0.0031803064 0.0039097075 0.007090014 19.7540375033 58.34684014062 3046.80518 -1.566 -0.7199999999999998 0.8
20.0362884171 58.12366395939 0.0143 0.0193 11.8891 "" "" 413825806992269568 2963.07422 0.3082 0.0271 -1.576 -0.786 0.021 0.026 1.015 9620.2 4.1948 15.485157 0.994473 15.889666 14.895192 "" "" 2745.42993 3196.25659 12047.14113 2.2519 6019.4 8.1578 8731.3 6.9528 "" "" 0.0027627844958548154 0.0031543938 0.0038770125 0.0070314063 20.0362884171 58.12366395939 2963.07422 -1.576 -0.786 0.9
19.97093565432 58.2403675885 0.0161 0.0212 5.0078 "" "" 413827490619371648 2422.98682 0.3779 0.0317 -1.64 -0.636 0.023 0.027 1.158 9662.2 4.2083 15.485864 0.811077 15.802277 14.9912 "" "" 2278.30249 2642.43384 12039.30581 2.6019 6523.9 8.4052 7992.4 10.251 "" "" 0.002765293515458022 0.0031211816 0.0040277718 0.007148953 19.97093565432 58.2403675885 2422.98682 -1.64 -0.636 0.9
19.60211011738 58.34816318752 0.0144 0.0188 8.5263 "" "" 413879442546775936 2731.54736 0.3344 0.028 -1.573 -0.713 0.021 0.026 0.978 7877.2 4.1528 15.498054 1.086199 15.951215 14.865016 "" "" 2561.65405 2966.67993 11904.89178 2.2994 5687.6 7.5842 8977.4 8.2328 "" "" 0.002763289076789778 0.003143428 0.003908339 0.007051767 19.60211011738 58.34816318752 2731.54736 -1.5729999999999995 -0.7130000000000002 1.0
19.7757030173 58.20015875929 0.0137 0.0179 6.3345 "" "" 413851404998860160 2717.46265 0.3403 0.0269 -1.476 -0.738 0.02 0.024 0.969 9244.7 4.0265 15.508534 0.834837 15.835929 15.001092 "" "" 2476.90356 2924.5918 11790.52711 2.2778 6324.8 8.179 7919.9 9.2302 "" "" 0.002763292496846061 0.0031235174 0.0039855833 0.007109101 19.7757030173 58.20015875929 2717.46265 -1.476 -0.738 1.0
20.01399952282 58.30726379323 0.0144 0.0196 5.0578 "" "" 413829552203633280 2380.8269 0.3857 0.0298 -1.53 -0.668 0.021 0.026 1.011 9307.0 4.1371 15.516477 0.761366 15.812694 15.051328 "" "" 2216.69336 2603.25293 11704.58607 2.527 6461.6 9.7882 7561.8 8.8112 "" "" 0.0027652733642589003 0.003238841 0.003985508 0.007224349 20.01399952282 58.30726379323 2380.8269 -1.53 -0.6680000000000001 0.9
19.23017297646 58.27016508883 0.0142 0.0188 19.7665 "" "" 413866317125016704 2785.27856 0.3347 0.0278 -1.598 -0.837 0.021 0.026 0.97 9503.5 4.2025 15.518418 0.805159 15.834997 15.029839 "" "" 2565.72949 3002.90601 11683.67838 2.1909 6330.2 6.544 7713.0 6.7769 "" "" 0.002762831945382875 0.0030074648 0.0038979193 0.0069053844 19.23017297646 58.27016508883 2785.27856 -1.5979999999999999 -0.8369999999999995 1.0
20.07429201187 58.37831583614 0.0152 0.0196 8.4564 "" "" 413836114913623936 2524.82178 0.3707 0.0292 -1.624 -0.814 0.022 0.026 0.992 9540.3 4.1899 15.543067 0.778639 15.839378 15.06074 "" "" 2309.49097 2803.02881 11421.41316 2.3112 6304.7 7.9811 7496.6 7.3655 "" "" 0.002764065872285902 0.0031103224 0.0039270446 0.0070373667 20.07429201187 58.37831583614 2524.82178 -1.624 -0.8139999999999998 1.0
19.8255252608 58.27259488639 0.0143 0.0185 1.7399 "" "" 413874696603051136 2663.85767 0.3507 0.0273 -1.671 -0.656 0.021 0.024 0.983 8162.1 3.6277 15.554036 0.850879 15.882564 15.031685 "" "" 2476.8396 2825.9856 11306.60281 2.4051 6058.9 9.8816 7699.9 9.8636 "" "" 0.0027649826599237402 0.003304635 0.0040271753 0.00733181 19.8255252608 58.27259488639 2663.85767 -1.6710000000000005 -0.6560000000000002 1.0
19.72461563321 58.42372704619 0.0141 0.0182 8.6255 "" "" 413880988735164672 2578.77295 0.3538 0.0275 -1.586 -0.794 0.021 0.025 1.002 8006.7 4.1382 15.555455 1.042735 15.992452 14.949717 "" "" 2420.94971 2801.83936 11291.83837 2.1336 5475.7 8.909 8303.7 6.7787 "" "" 0.0027629470037261756 0.0033023583 0.0038819225 0.007184281 19.72461563321 58.42372704619 2578.77295 -1.5860000000000005 -0.7940000000000003 1.0
19.67097123131 58.31000810216 0.0146 0.0184 5.8433 "" "" 413878411754666880 2865.05127 0.3205 0.028 -1.528 -0.695 0.021 0.024 0.995 9329.0 4.2763 15.556388 0.844197 15.891003 15.046805 "" "" 2706.56177 3054.03467 11282.1468 2.2709 6012.0 7.247 7593.4 6.5597 "" "" 0.0027639734184671237 0.003081871 0.0038940269 0.0069758976 19.67097123131 58.31000810216 2865.05127 -1.5280000000000002 -0.6949999999999997 1.0
20.08983405968 58.13034074616 0.0142 0.0193 12.468 "" "" 413826013150696960 2949.35229 0.3176 0.0278 -1.55 -0.754 0.021 0.026 0.977 9433.7 4.1777 15.560644 0.773301 15.860997 15.087696 "" "" 2711.34277 3208.33716 11238.00542 2.4011 6180.4 7.6469 7312.7 6.9971 "" "" 0.0027650683219519632 0.0030967193 0.0039195656 0.007016285 20.08983405968 58.13034074616 2949.35229 -1.55 -0.7540000000000002 0.9
19.91659179648 58.29822836899 0.0147 0.0189 1.9519 "" "" 413876178371690752 2962.40674 0.3024 0.0284 -1.545 -0.767 0.021 0.024 1.004 9277.1 4.2279 15.56533 0.7824 15.870648 15.088248 "" "" 2724.27148 3169.29785 11189.59998 2.3854 6125.7 6.6556 7309.0 8.1498 "" "" 0.0027650247565544853 0.0030292969 0.003968547 0.006997844 19.91659179648 58.29822836899 2962.40674 -1.545 -0.7670000000000001 1.0
19.82167942106 58.31467472824 0.0156 0.0195 1.4778 "" "" 413877071724869888 2699.17944 0.3431 0.0296 -1.746 -0.68 0.023 0.025 1.02 9483.6 4.1672 15.583856 0.817017 15.900642 15.083626 "" "" 2476.8186 2903.66064 11000.29696 2.5387 5958.8 9.2773 7340.2 8.6229 "" "" 0.002766690327110239 0.0032622796 0.003988803 0.0072510825 19.82167942106 58.31467472824 2699.17944 -1.746 -0.6799999999999999 1.0
19.93350962922 58.27028496467 0.0149 0.0195 2.964 "" "" 413875972213396608 2909.92627 0.327 0.0291 -1.693 -0.824 0.022 0.026 0.998 9202.7 4.2446 15.614001 0.775237 15.916749 15.141512 "" "" 2675.61084 3157.04395 10699.07821 2.2288 5871.1 8.5662 6959.1 6.6375 "" "" 0.002764587777650061 0.0032085108 0.003918688 0.0071271984 19.93350962922 58.27028496467 2909.92627 -1.693 -0.824 0.9
19.82471766879 58.25574105562 0.0151 0.0195 2.6615 "" "" 413874666543239936 2742.96216 0.3354 0.0287 -1.627 -0.78 0.022 0.026 1.05 9499.5 4.1856 15.620398 0.838314 15.949998 15.111684 "" "" 2533.45898 2975.51538 10636.22617 2.0843 5694.0 7.5093 7152.9 6.2161 "" "" 0.002763522694613549 0.0031361324 0.0038953812 0.0070315134 19.82471766879 58.25574105562 2742.96216 -1.6270000000000002 -0.7799999999999999 1.0
19.77704996242 58.2768973416 0.0152 0.019 2.7358 "" "" 413875491176942336 2987.93994 0.3122 0.0286 -1.497 -0.808 0.022 0.025 1.005 9541.0 4.3535 15.630445 0.817018 15.949906 15.132888 "" "" 2722.57104 3282.2832 10538.25814 2.1711 5694.5 6.9997 7014.6 6.168 "" "" 0.0027643849256037438 0.0030929244 0.0038980988 0.006991023 19.77704996242 58.2768973416 2987.93994 -1.4969999999999999 -0.8079999999999998 0.9
19.93941710887 58.26395763838 0.0152 0.0202 3.3343 "" "" 413875972213293696 2713.96606 0.3418 0.0307 -1.612 -0.573 0.021 0.026 1.009 9254.1 4.3201 15.633852 0.84403 15.968345 15.124314 "" "" 2529.69019 2951.72705 10505.24186 2.2063 5598.6 8.8746 7070.2 6.2504 "" "" 0.0027647395694041363 0.0032782713 0.0038993622 0.0071776332 19.93941710887 58.26395763838 2713.96606 -1.612 -0.573 0.8
19.87938094249 58.2461082164 0.0154 0.0198 3.1628 "" "" 413874426025077760 2907.67749 0.3153 0.0295 -1.576 -0.785 0.022 0.025 1.02 9113.7 4.2523 15.646344 0.780248 15.951942 15.171694 "" "" 2704.62988 3148.78442 10385.05896 2.317 5683.8 7.9444 6768.3 6.8276 "" "" 0.0027659480112942406 0.003176168 0.003934882 0.00711105 19.87938094249 58.2461082164 2907.67749 -1.576 -0.785 1.0
20.06630344719 58.33366812516 0.0147 0.0199 7.0179 "" "" 413835358999401856 2405.64453 0.386 0.0301 -1.559 -0.77 0.021 0.026 1.021 9250.7 4.2824 15.648322 0.788718 15.955135 15.166417 "" "" 2283.21631 2579.47607 10366.15608 2.2198 5667.1 8.2043 6801.3 7.0878 "" "" 0.002765112117126251 0.0032024507 0.003945118 0.0071475683 20.06630344719 58.33366812516 2405.64453 -1.5589999999999997 -0.7699999999999999 1.0
19.9591994956 58.37929627453 0.0144 0.0192 5.9238 "" "" 413882638002425856 2841.47729 0.3246 0.0287 -1.614 -0.731 0.021 0.025 0.985 9255.3 4.2257 15.651918 0.820628 15.976753 15.156125 "" "" 2644.08984 3149.91162 10331.88471 2.1469 5555.4 7.0424 6866.1 7.5031 "" "" 0.002764541346972554 0.0031111725 0.0039612404 0.007072413 19.9591994956 58.37929627453 2841.47729 -1.6139999999999999 -0.7309999999999997 0.9
19.96177444124 58.34884320587 0.0172 0.0231 4.5803 "" "" 413876728127454464 2565.95435 0.361 0.0349 -1.526 -0.756 0.025 0.03 1.21 9306.1 4.1434 15.670811 0.860949 16.005299 15.14435 "" "" 2368.24365 2798.23584 10153.65984 2.4223 5411.2 7.9942 6940.9 6.7655 "" "" 0.0027674680917014376 0.003218366 0.0039247577 0.007143124 19.96177444124 58.34884320587 2565.95435 -1.5259999999999998 -0.7559999999999998 0.9
19.83375843085 58.30619057394 0.0153 0.0202 0.8529 "" "" 413877071724878592 2801.60278 0.3336 0.0297 -1.494 -0.735 0.022 0.026 0.995 9405.9 4.3672 15.677301 0.806459 15.989623 15.183164 "" "" 2578.95996 3027.6875 10093.13778 2.2484 5489.9 10.042 6697.2 12.439 "" "" 0.002765915347860629 0.0034248007 0.00428373 0.007708531 19.83375843085 58.30619057394 2801.60278 -1.494 -0.735 0.8
19.87539380334 58.38105046935 0.015 0.0199 5.073 "" "" 413877754612985728 2979.60571 0.3147 0.0294 -1.518 -0.773 0.022 0.026 0.97 9354.6 4.3257 15.687052 0.830087 16.00698 15.176894 "" "" 2698.49878 3270.9082 10002.89882 2.0856 5402.9 6.825 6736.0 6.4094 "" "" 0.002764603998955161 0.0031090346 0.0039180364 0.007027071 19.87539380334 58.38105046935 2979.60571 -1.518 -0.773 1.0
19.85180409084 58.1650259222 0.0152 0.0201 7.931 "" "" 413850374200242688 2941.36792 0.3203 0.0298 -1.536 -0.689 0.023 0.026 1.011 9364.7 4.2496 15.695066 0.827956 16.020323 15.192367 "" "" 2617.83496 3380.12256 9929.33087 2.0579 5336.9 6.5759 6640.7 7.4356 "" "" 0.0027644936503544355 0.0030943095 0.003970095 0.0070644044 19.85180409084 58.1650259222 2941.36792 -1.536 -0.6890000000000001 0.9
