Clusters/NGC_457/NGC_457_stars_in_region.tsv
# %ECSV 1.0
# ---
# datatype:
# - name: RA_ICRS_1
#   unit: deg
#   datatype: float64
#   format: '{:15.11f}'
#   description: Right ascension (ICRS) at Ep=2016.0 (ra)
#   meta: !!omap
#   - {ucd: POS_EQ_RA_MAIN}
#   - {width: 15}
#   - {precision: '11'}
# - name: DE_ICRS_1
#   unit: deg
#   datatype: float64
#   format: '{:15.11f}'
#   description: Declination (ICRS) at Ep=2016.0 (dec)
#   meta: !!omap
#   - {ucd: POS_EQ_DEC_MAIN}
#   - {width: 15}
#   - {precision: '11'}
# - name: e_RA_ICRS
#   unit: mas
#   datatype: float64
#   format: '{:7.4f}'
#   description: Standard error of right ascension (ra_error)
#   meta: !!omap
#   - {ucd: ERROR}
#   - {width: 7}
#   - {precision: '4'}
# - name: e_DE_ICRS
#   unit: mas
#   datatype: float64
#   format: '{:7.4f}'
#   description: Standard error of declination (dec_error)
#   meta: !!omap
#   - {ucd: ERROR}
#   - {width: 7}
#   - {precision: '4'}
# - name: _r_1
#   unit: ''
#   datatype: float64
#   format: '{:7.4f}'
#   description: Distance from center (019.85471617000+58.29720050000)[ICRS], at Epoch=J2016.0
#   meta: !!omap
#   - {ucd: POS_ANG_DIST_GENERAL}
#   - {width: 7}
#   - {precision: '4'}
# - name: HIP
#   datatype: int32
#   description: '? HIP cross-id number, van Leeuwen, Cat. I/311 (hip_original_ext_source_id)'
#   meta: !!omap
#   - {ucd: ID_NUMBER}
#   - {width: 6}
#   - values: {'null': -2147483648}
# - name: TYC2
#   datatype: string
#   description: Tycho-2 cross-id name, Hog et al., Cat. I/259 (tyc2_original_ext_source_id)
#   meta: !!omap
#   - {ucd: ID_CROSSID}
#   - {_votable_string_dtype: char}
# - name: Source
#   datatype: int64
#   description: Source identifier, identical to the Gaia-EDR3 source_id (id)
#   meta: !!omap
#   - {ucd: ID_MAIN}
#   - {width: 19}
# - name: rgeo
#   unit: pc
#   datatype: float64
#   format: '{:15.8f}'
#   description: '? Median of the geometric distance posterior (r_med_geo)'
#   meta: !!omap
#   - {ucd: PHYS_DISTANCE_TRUE}
#   - {width: 15}
#   - {precision: '8'}
#   - values: {'null': .nan}
# - name: Plx
#   unit: mas
#   datatype: float64
#   format: '{:9.4f}'
#   description: '? Parallax (parallax)'
#   meta: !!omap
#   - {ucd: POS_PARLX_TRIG}
#   - {width: 9}
#   - {precision: '4'}
#   - values: {'null': .nan}
# - name: e_Plx
#   unit: mas
#   datatype: float32
#   format: '{:7.4f}'
#   description: '? Standard error of parallax (parallax_error)'
#   meta: !!omap
#   - {ucd: ERROR}
#   - {width: 7}
#   - {precision: '4'}
#   - values: {'null': .nan}
# - name: pmRA
#   unit: mas / yr
#   datatype: float64
#   format: '{:9.3f}'
#   description: '? Proper motion in right ascension direction, pmRA*cosDE (pmra)'
#   meta: !!omap
#   - {ucd: POS_EQ_PMRA}
#   - {width: 9}
#   - {precision: '3'}
#   - values: {'null': .nan}
# - name: pmDE
#   unit: mas / yr
#   datatype: float64
#   format: '{:9.3f}'
#   description: '? Proper motion in declination direction (pmdec)'
#   meta: !!omap
#   - {ucd: POS_EQ_PMDEC}
#   - {width: 9}
#   - {precision: '3'}
#   - values: {'null': .nan}
# - name: e_pmRA
#   unit: mas / yr
#   datatype: float32
#   format: '{:6.3f}'
#   description: '? Standard error of proper motion in right ascension direction (pmra_error)'
#   meta: !!omap
#   - {ucd: ERROR}
#   - {width: 6}
#   - {precision: '3'}
#   - values: {'null': .nan}
# - name: e_pmDE
[...]
#         unit: &id001 !astropy.units.Unit {unit: deg}
#         value: !astropy.table.SerializedColumn {name: SkyCoord.dec}
#       distance: !astropy.table.SerializedColumn
#         __class__: astropy.coordinates.distances.Distance
#         unit: !astropy.units.Unit {unit: pc}
#         value: !astropy.table.SerializedColumn {name: SkyCoord.distance}
#       frame: icrs
#       obstime: !astropy.time.Time {format: jyear_str, in_subfmt: '*', jd1: 367701545.0, jd2: 0.0, out_subfmt: '*', precision: 3, scale: tt}
#       pm_dec: !astropy.table.SerializedColumn
#         __class__: astropy.units.quantity.Quantity
#         unit: !astropy.units.Unit {unit: mas / yr}
#         value: !astropy.table.SerializedColumn {name: SkyCoord.pm_dec}
#       pm_ra_cosdec: !astropy.table.SerializedColumn
#         __class__: astropy.units.quantity.Quantity
#         unit: !astropy.units.Unit {unit: mas / yr}
#         value: !astropy.table.SerializedColumn {name: SkyCoord.pm_ra_cosdec}
#       ra: !astropy.table.SerializedColumn
#         __class__: astropy.coordinates.angles.Longitude
#         unit: *id001
#         value: !astropy.table.SerializedColumn {name: SkyCoord.ra}
#         wrap_angle: !astropy.coordinates.Angle
#           unit: *id001
#           value: 360.0
#       representation_type: spherical
# schema: astropy-2.0
RA_ICRS_1 DE_ICRS_1 e_RA_ICRS e_DE_ICRS _r_1 HIP TYC2 Source rgeo Plx e_Plx pmRA pmDE e_pmRA e_pmDE RUWE Teff logg Gmag BP-RP BPmag RPmag RV e_RV b_rgeo B_rgeo FG e_FG FBP e_FBP FRP e_FRP RAVE5 RAVE6 e_Gmag e_BPmag e_RPmag e_BP-RP SkyCoord.ra SkyCoord.dec SkyCoord.distance SkyCoord.pm_ra_cosdec SkyCoord.pm_dec
[from data line 283]
20.43253174894 58.41850403068 0.0116 0.0155 19.5899 "" "" 413927683615547264 2346.73975 0.3944 0.0236 0.826 -1.738 0.017 0.022 1.017 5090.5 3.1931 15.084731 1.845807 15.991365 14.145558 -81.72 2.57 2222.22046 2502.20703 17420.24683 3.0304 5481.1 6.5274 17415.0 9.0885 "" "" 0.0027617860933541426 0.0030752048 0.003821621 0.0068968255 20.43253174894 58.41850403068 2346.73975 0.8260000000000001 -1.7380000000000002
19.82967199156 58.19768704015 0.0118 0.0155 6.0229 "" "" 413874048067974400 2574.66968 0.3575 0.0233 -1.492 -0.686 0.017 0.02 0.998 8246.7 3.6091 15.097728 0.837845 15.427294 14.589449 "" "" 2442.16455 2710.99854 17212.9557 2.9358 9215.1 9.7648 11571.0 8.7778 "" "" 0.0027615360279943297 0.003018063 0.0038680893 0.0068861526 19.82967199156 58.19768704015 2574.66968 -1.492 -0.6859999999999998
20.08297597829 58.22640038915 0.0119 0.0161 8.3636 "" "" 413828074734933120 2338.6814 0.3931 0.0236 -2.692 0.457 0.018 0.022 1.0 5081.1 3.241 15.102323 1.68647 15.90513 14.21866 -100.12 3.7 2207.38232 2495.45508 17140.27307 2.9277 5934.2 8.0347 16281.0 8.4933 "" "" 0.002761554291462794 0.0031537425 0.0038215874 0.00697533 20.08297597829 58.22640038915 2338.6814 -2.6919999999999993 0.4570000000000001
19.90269430101 58.31897651899 0.0125 0.017 1.9986 "" "" 413876384530099840 2778.35156 0.3367 0.0249 -1.567 -0.777 0.018 0.021 1.164 9980.6 4.0538 15.104053 0.670625 15.341228 14.670603 "" "" 2590.15918 2979.13525 17112.97795 3.7183 9975.3 39.551 10738.0 28.786 "" "" 0.002765400894461813 0.0051299697 0.0047702524 0.009900222 19.90269430101 58.31897651899 2778.35156 -1.5669999999999997 -0.7769999999999997
19.4421000134 58.06610173316 0.0119 0.0159 19.0429 "" "" 413846079239299328 2042.47034 0.4638 0.0233 -2.008 -1.979 0.017 0.021 0.962 6772.3 3.8625 15.106132 1.194895 15.616739 14.421845 "" "" 1948.64429 2133.72803 17080.25202 2.9639 7739.6 7.1237 13503.0 7.4854 "" "" 0.0027617541598107184 0.002963734 0.0038270073 0.0067907413 19.4421000134 58.06610173316 2042.47034 -2.008 -1.979
20.34334770107 58.06637616581 0.0117 0.0157 20.754 "" "" 413821718183629824 2698.90356 0.3422 0.0242 -4.19 -2.409 0.017 0.021 0.987 7645.1 3.7635 15.116936 1.096576 15.575073 14.478497 "" "" 2527.28149 2882.77222 16911.12413 2.6246 8042.4 8.9892 12816.0 8.8648 "" "" 0.0027604680071352224 0.0030426576 0.0038532752 0.006895933 20.34334770107 58.06637616581 2698.90356 -4.19 -2.408999999999999
20.021525577 58.32048171316 0.0122 0.0165 5.4403 "" "" 413829655282838016 2488.48828 0.3805 0.0247 -1.591 -0.742 0.017 0.021 1.053 9268.4 3.9023 15.1251 0.723872 15.403561 14.679688 "" "" 2333.62427 2663.75586 16784.43043 3.13 9418.7 13.014 10648.0 9.6716 "" "" 0.0027627493123114333 0.003167901 0.0039059275 0.0070738285 20.021525577 58.32048171316 2488.48828 -1.5909999999999997 -0.742
20.20454845803 58.10930737269 0.0116 0.0156 15.7927 "" "" 413822852054778752 2864.40601 0.3175 0.0235 -1.489 -0.739 0.017 0.021 0.962 10653.1 3.9995 15.130589 0.636712 15.368074 14.731362 "" "" 2695.32568 3077.60474 16699.78789 3.3471 9731.7 8.3978 10153.0 7.0014 "" "" 0.002763900181316043 0.0029432739 0.0038528298 0.006796104 20.20454845803 58.10930737269 2864.40601 -1.4889999999999999 -0.7390000000000001
19.92201819594 58.28475709232 0.0123 0.0164 2.2499 "" "" 413876075292491136 2403.25977 0.3852 0.0242 -1.365 -0.581 0.017 0.02 0.999 9869.5 4.3226 15.147398 0.837145 15.477724 14.640579 "" "" 2264.45239 2533.0061 16443.24401 2.8497 8796.8 9.3758 11039.0 9.6083 "" "" 0.002761737677115274 0.003020622 0.00389574 0.006916362 19.92201819594 58.28475709232 2403.25977 -1.3650000000000002 -0.5810000000000002
19.96869056834 58.37360262661 0.012 0.016 5.8225 "" "" 413882638002432128 2748.79883 0.3339 0.0243 -1.471 -0.771 0.018 0.021 1.043 7994.6 4.0853 15.150156 1.033568 15.465507 14.431939 "" "" 2560.93555 2930.75293 16401.52953 4.3999 8896.4 37.634 13378.0 126.67 "" "" 0.002770671857506596 0.0053740214 0.010953028 0.01632705 19.96869056834 58.37360262661 2748.79883 -1.4709999999999996 -0.7709999999999999
19.67391346693 58.55060734396 0.0123 0.0154 16.2309 "" "" 413888303053079936 2089.80786 0.4411 0.0232 0.002 1.564 0.017 0.021 1.032 5346.9 3.5883 15.151055 1.547035 15.867116 14.320081 "" "" 1990.12634 2221.24463 16387.94412 4.8875 6145.7 8.8071 14829.0 12.727 "" "" 0.002774281987223657 0.0031946704 0.0038925624 0.0070872325 19.67391346693 58.55060734396 2089.80786 0.0019999999999999463 1.5640000000000003
19.84580217491 58.3350057398 0.0125 0.0158 2.2856 "" "" 413877209163803008 2886.27344 0.3176 0.0239 -1.529 -0.763 0.018 0.021 0.992 9741.1 4.1876 15.155225 0.852188 15.491544 14.639356 "" "" 2676.65674 3071.6958 16325.13618 2.7497 8685.6 8.8263 11051.0 8.4187 "" "" 0.002761382341548876 0.0030003954 0.0038688309 0.006869226 19.84580217491 58.3350057398 2886.27344 -1.529 -0.763
20.44985037944 58.21045432688 0.0134 0.0167 19.4956 "" "" 413818591447340416 2769.40063 0.3244 0.0265 -0.812 0.423 0.018 0.021 1.004 7438.9 3.9007 15.178098 1.158539 15.668892 14.510353 "" "" 2534.53296 3069.65234 15984.8171 5.7849 7376.7 11.445 12446.0 14.45 "" "" 0.0027831962692570155 0.003259245 0.0039840597 0.0072433045 20.44985037944 58.21045432688 2769.40063 -0.812 0.42300000000000004
19.94460952307 58.16236588967 0.012 0.0163 8.574 "" "" 413826803425039616 2234.41357 0.418 0.0243 -2.513 -0.45 0.018 0.022 1.004 5091.7 3.3172 15.181234 1.751914 16.024757 14.272843 -44.96 3.67 2124.5564 2358.20996 15938.70543 2.8856 5315.1 7.1269 15489.0 7.4166 "" "" 0.0027623228304003355 0.0031471443 0.0038149713 0.006962116 19.94460952307 58.16236588967 2234.41357 -2.5129999999999995 -0.4500000000000002
20.37041831358 58.33911619346 0.0125 0.0164 16.4443 "" "" 413833228695821568 2719.22314 0.3356 0.0249 0.225 0.065 0.019 0.023 1.023 7776.4 4.0448 15.181578 1.07911 15.619689 14.540579 "" "" 2558.84766 2909.48022 15933.66759 2.968 7718.6 9.3982 12104.0 8.1651 "" "" 0.002762732602724069 0.003087511 0.003849696 0.0069372067 20.37041831358 58.33911619346 2719.22314 0.225 0.065
19.9694592764 58.25197429068 0.0125 0.0164 4.5243 "" "" 413829036807590784 2661.10571 0.3456 0.0245 -1.45 -0.802 0.018 0.021 0.989 9308.0 4.0379 15.205857 0.750231 15.496549 14.746318 "" "" 2534.52319 2824.51611 15581.3046 3.0333 8645.6 7.6521 10015.0 7.4332 "" "" 0.0027634154834920367 0.0029510187 0.0038643377 0.006815356 19.9694592764 58.25197429068 2661.10571 -1.4500000000000002 -0.8020000000000005
20.42658768457 58.44620820933 0.0124 0.0162 20.0922 "" "" 413927816749599232 2743.99902 0.3324 0.0238 -1.507 -0.897 0.017 0.021 1.019 8988.8 3.7868 15.206259 0.759332 15.498004 14.738672 "" "" 2567.19824 2914.57861 15575.54288 2.8924 8634.1 10.011 10085.0 8.3876 "" "" 0.0027626873011155025 0.0030610177 0.00388576 0.006946778 20.42658768457 58.44620820933 2743.99902 -1.5069999999999997 -0.897
19.85477528881 58.54737595353 0.0127 0.0165 15.0105 "" "" 413889166352578432 2777.72998 0.3361 0.0242 -1.587 -0.733 0.018 0.022 0.962 9643.3 4.1036 15.209048 0.702469 15.476413 14.773944 "" "" 2595.12476 3006.95312 15535.5842 3.2344 8807.5 9.2858 9762.9 8.1042 "" "" 0.0027645767668507334 0.003015855 0.0038853595 0.006901215 19.85477528881 58.54737595353 2777.72998 -1.5870000000000002 -0.7329999999999998
19.84521854519 58.23208365924 0.0128 0.0169 3.9185 "" "" 413874219866654464 2826.27759 0.3298 0.0254 -1.664 -0.83 0.018 0.022 1.013 9469.5 4.0739 15.214723 0.718912 15.490775 14.771863 "" "" 2633.58813 3079.69897 15454.6027 3.1599 8691.7 8.5942 9781.7 7.8401 "" "" 0.002764248616010126 0.0029895774 0.0038782752 0.0068678525 19.84521854519 58.23208365924 2826.27759 -1.6639999999999997 -0.8299999999999998
19.25069605163 58.42921574143 0.0131 0.0167 20.5938 "" "" 413872261359648640 2293.24683 0.4047 0.0246 -0.988 0.793 0.019 0.022 1.019 7966.4 4.1184 15.219371 0.936897 15.596796 14.659899 "" "" 2170.67114 2414.33203 15388.57806 3.1215 7883.1 9.3032 10844.0 7.5931 "" "" 0.002764108081353394 0.0030703167 0.0038550876 0.006925404 19.25069605163 58.42921574143 2293.24683 -0.9879999999999998 0.7929999999999999
19.99027887948 58.10941516978 0.0122 0.0166 12.0547 "" "" 413802270570361344 2589.54443 0.3541 0.024 -2.74 -0.207 0.018 0.022 0.988 8017.0 3.9959 15.227468 1.206346 15.74452 14.538174 "" "" 2437.95972 2743.93652 15274.24426 2.5128 6880.3 8.6041 12131.0 6.8106 "" "" 0.002761103655182014 0.0031029913 0.0038282222 0.0069312137 19.99027887948 58.10941516978 2589.54443 -2.7400000000000007 -0.2069999999999998
19.34855197879 58.43850346481 0.0141 0.0179 18.0437 "" "" 413892671045749248 2070.76733 0.4542 0.027 0.38 -0.304 0.021 0.026 1.145 7211.8 4.0759 15.228128 1.10412 15.6866 14.582479 "" "" 1982.69409 2175.69971 15264.94671 3.3857 7257.3 8.8423 11646.0 7.0504 "" "" 0.002765823503931819 0.0030878815 0.0038361133 0.006923995 19.34855197879 58.43850346481 2070.76733 0.3799999999999999 -0.30400000000000005
20.05544205476 58.25413821923 0.0125 0.0166 6.8397 "" "" 413828865008898688 2636.02539 0.3451 0.0248 -1.74 -0.638 0.019 0.022 0.97 8530.2 3.6706 15.230431 0.810703 15.542508 14.731805 "" "" 2454.91553 2812.05225 15232.62306 3.3441 8287.3 9.5325 10149.0 10.485 "" "" 0.0027656109111782305 0.0030569152 0.003942321 0.0069992365 20.05544205476 58.25413821923 2636.02539 -1.7400000000000002 -0.638
19.24234703129 58.21425414789 0.0125 0.0161 19.9614 "" "" 413860201091634048 2960.1394 0.3093 0.0241 -1.671 -0.734 0.018 0.022 1.005 9750.1 4.2974 15.234244 0.870728 15.576651 14.705923 "" "" 2807.21167 3178.46484 15179.1988 2.7524 8030.8 8.8134 10394.0 7.3122 "" "" 0.002762344752706705 0.0030339442 0.0038557935 0.0068897377 19.24234703129 58.21425414789 2960.1394 -1.671 -0.734
19.28860993313 58.21853365114 0.0339 0.0451 18.4824 "" "" 413865355052387328 2268.49634 0.4121 0.0677 -1.826 0.839 0.051 0.063 3.159 6327.4 3.9048 15.243159 1.287559 15.785865 14.498306 "" "" 2051.98926 2647.41968 15055.07755 5.7947 6623.2 7.95 12584.0 7.1855 "" "" 0.0027868314854050304 0.0030795252 0.0038298925 0.006909418 19.28860993313 58.21853365114 2268.49634 -1.826 0.839
19.77221445678 58.59241326581 0.013 0.0163 17.9012 "" "" 413889509949923968 2368.87671 0.3987 0.0241 -0.809 -1.683 0.018 0.022 1.023 8709.7 4.0576 15.243548 0.983989 15.630482 14.646493 "" "" 2216.17578 2512.55566 15049.68198 2.7777 7642.3 16.492 10979.0 18.541 "" "" 0.0027625978203838553 0.0036434503 0.004200674 0.007844124 19.77221445678 58.59241326581 2368.87671 -0.8089999999999999 -1.6829999999999996
20.03471766743 58.18991782525 0.013 0.0172 8.5875 "" "" 413826425467518336 2090.4021 0.4465 0.0251 -0.015 -3.521 0.02 0.024 0.995 7533.0 4.0103 15.259789 1.137709 15.734474 14.596766 "" "" 1997.60266 2208.49756 14826.24995 3.8183 6944.3 11.033 11493.0 10.033 "" "" 0.002769471950597912 0.0032803472 0.0038964178 0.0071767652 20.03471766743 58.18991782525 2090.4021 -0.015000000000000124 -3.521
19.92357174476 58.0603456043 0.0187 0.0251 14.3773 "" "" 413802442369065088 2657.65723 0.3548 0.0361 -0.725 -1.483 0.027 0.032 1.463 9272.8 4.0503 15.260966 0.84027 15.584353 14.744083 "" "" 2443.38257 2939.45703 14810.18094 2.9692 7974.0 9.209 10035.0 8.6143 "" "" 0.002763904969785619 0.0030589697 0.0038926078 0.0069515775 19.92357174476 58.0603456043 2657.65723 -0.7249999999999999 -1.4829999999999999
19.46449336684 58.36838093914 0.0128 0.0158 13.0125 "" "" 413891365375703296 2831.68872 0.3237 0.0246 -1.623 -0.699 0.018 0.021 1.001 "" "" 15.271527 0.961741 15.661995 14.700254 "" "" 2643.77271 3093.92651 14666.81961 2.5818 7423.7 9.4208 10449.0 8.7458 "" "" 0.0027619408150000944 0.003111821 0.0038871032 0.006998924 19.46449336684 58.36838093914 2831.68872 -1.6230000000000002 -0.6989999999999998
19.80071579323 57.99287486598 0.0129 0.0169 18.3394 "" "" 413800586943222400 2745.69946 0.3307 0.025 -1.006 -1.38 0.018 0.021 0.995 6880.2 4.1159 15.272244 1.17555 15.770985 14.595435 "" "" 2556.96362 3020.58838 14657.14059 2.5159 6714.6 7.9917 11508.0 8.0376 "" "" 0.0027616158246786876 0.0030748874 0.0038547078 0.006929595 19.80071579323 57.99287486598 2745.69946 -1.006 -1.3799999999999997
20.01954200227 58.36862894677 0.0128 0.0173 6.7322 "" "" 413835668237028096 2966.35498 0.3138 0.0257 -1.586 -0.709 0.019 0.023 1.002 9742.3 3.998 15.29181 0.736338 15.571955 14.835617 "" "" 2771.12744 3187.55542 14395.36689 2.8481 8065.6 7.6172 9223.8 8.9198 "" "" 0.0027636811013420793 0.0029726156 0.0039225155 0.0068951314 20.01954200227 58.36862894677 2966.35498 -1.586 -0.709
19.62171412422 58.17067410993 0.0131 0.0176 10.5735 "" "" 413853981981914752 2989.63794 0.3119 0.0265 -1.566 -0.814 0.019 0.023 0.969 9585.7 4.1568 15.295351 0.71731 15.567901 14.850591 "" "" 2755.70117 3218.99463 14348.49059 3.9904 8095.7 10.339 9097.5 10.044 "" "" 0.0027718158279672485 0.0031157155 0.003964921 0.0070806365 19.62171412422 58.17067410993 2989.63794 -1.5660000000000003 -0.8140000000000001
20.10412483344 58.51774454092 0.0137 0.0181 15.3805 "" "" 413838520095272704 2846.55615 0.3263 0.0274 -1.674 -1.145 0.019 0.023 1.01 9295.9 4.1479 15.29945 0.816951 15.620149 14.803198 "" "" 2640.93872 3103.6499 14294.42328 2.6606 7715.4 10.673 9503.4 8.1176 "" "" 0.002762721184989971 0.003168733 0.0038915062 0.007060239 20.10412483344 58.51774454092 2846.55615 -1.6739999999999997 -1.1449999999999996
19.6312627986 58.21316482057 0.0123 0.0164 8.6708 "" "" 413854153777921280 2682.45605 0.3454 0.0244 -1.555 -0.727 0.018 0.022 0.982 9511.2 4.1374 15.304974 0.709042 15.575199 14.866158 "" "" 2488.3855 2854.49854 14221.8935 2.6968 8041.5 8.9609 8968.0 7.5174 "" "" 0.0027630013147475897 0.0030411896 0.0038874203 0.0069286097 19.6312627986 58.21316482057 2682.45605 -1.5549999999999997 -0.7269999999999999
19.85669802331 58.33592857551 0.0151 0.0188 2.3245 "" "" 413877209163801728 2657.7959 0.3513 0.0285 -1.444 -0.759 0.022 0.025 1.041 9405.7 4.1423 15.314093 0.727098 15.594133 14.867035 "" "" 2474.70898 2881.20044 14102.94046 3.0631 7902.5 6.8194 8960.7 6.5308 "" "" 0.0027653931451025932 0.0029432774 0.0038613344 0.0068046115 19.85669802331 58.33592857551 2657.7959 -1.444 -0.7590000000000001
20.04661156615 58.26610036974 0.0129 0.0173 6.3344 "" "" 413828933728368768 2793.14087 0.3328 0.0251 -1.582 -0.729 0.019 0.023 1.021 9468.0 4.1547 15.317698 0.681448 15.578154 14.896706 "" "" 2599.95142 2995.31079 14056.1994 3.0 8019.7 9.7607 8719.2 9.1784 "" "" 0.0027650473869359235 0.0030872722 0.0039484156 0.0070356876 20.04661156615 58.26610036974 2793.14087 -1.582 -0.7289999999999999
20.07017349918 58.36114499366 0.0129 0.0173 7.7967 "" "" 413835702596770816 2893.27417 0.3245 0.0258 -1.502 -0.734 0.019 0.022 0.993 9366.2 4.0287 15.317703 0.774485 15.618263 14.843779 "" "" 2660.53711 3138.91943 14056.11549 2.682 7728.8 8.1125 9154.8 7.0896 "" "" 0.002763097358697975 0.0030139382 0.0038717808 0.006885719 20.07017349918 58.36114499366 2893.27417 -1.502 -0.7339999999999999
20.29609540687 58.53449319635 0.0134 0.0178 19.8769 "" "" 413931806784039040 2182.96216 0.4307 0.0271 -3.84 -2.153 0.019 0.023 0.978 8960.9 4.1703 15.318103 1.158462 15.808473 14.65001 "" "" 2055.4436 2318.92944 14050.94958 2.5142 6486.8 6.6864 10943.0 7.5255 "" "" 0.002762160828845579 0.003006249 0.0038524317 0.0068586804 20.29609540687 58.53449319635 2182.96216 -3.84 -2.1530000000000005
19.84808434115 58.16111626285 0.0127 0.0169 8.1677 "" "" 413850339846993536 3025.17896 0.3094 0.0255 -1.559 -0.782 0.019 0.022 0.979 7989.6 4.1321 15.321151 0.951042 15.702768 14.751726 "" "" 2799.677 3274.52856 14011.56275 2.5045 7150.1 9.2059 9964.8 12.342 "" "" 0.0027621463807484294 0.0031207681 0.004011493 0.007132261 19.84808434115 58.16111626285 3025.17896 -1.5589999999999997 -0.782
