Clusters/NGC_6231/NGC_6231_members.tsv
# %ECSV 1.0
# ---
# datatype:
# - name: RA_ICRS_1
#   unit: deg
#   datatype: float64
#   format: '{:15.11f}'
#   description: Right ascension (ICRS) at Ep=2016.0 (ra)
#   meta: !!omap
#   - {ucd: POS_EQ_RA_MAIN}
#   - {width: 15}
#   - {precision: '11'}
# - name: DE_ICRS_1
#   unit: deg
#   datatype: float64
#   format: '{:15.11f}'
#   description: Declination (ICRS) at Ep=2016.0 (dec)
#   meta: !!omap
#   - {ucd: POS_EQ_DEC_MAIN}
#   - {width: 15}
#   - {precision: '11'}
# - name: e_RA_ICRS
#   unit: mas
#   datatype: float64
#   format: '{:7.4f}'
#   description: Standard error of right ascension (ra_error)
#   meta: !!omap
#   - {ucd: ERROR}
#   - {width: 7}
#   - {precision: '4'}
# - name: e_DE_ICRS
#   unit: mas
#   datatype: float64
#   format: '{:7.4f}'
#   description: Standard error of declination (dec_error)
#   meta: !!omap
#   - {ucd: ERROR}
#   - {width: 7}
#   - {precision: '4'}
# - name: _r_1
#   unit: ''
#   datatype: float64
#   format: '{:7.4f}'
#   description: Distance from center (253.53510993000-41.80079542000)[ICRS], at Epoch=J2016.0
#   meta: !!omap
#   - {ucd: POS_ANG_DIST_GENERAL}
#   - {width: 7}
#   - {precision: '4'}
# - name: HIP
#   datatype: int32
#   description: '? HIP cross-id number, van Leeuwen, Cat. I/311 (hip_original_ext_source_id)'
#   meta: !!omap
#   - {ucd: ID_NUMBER}
#   - {width: 6}
#   - values: {'null': -2147483648}
# - name: TYC2
#   datatype: string
#   description: Tycho-2 cross-id name, Hog et al., Cat. I/259 (tyc2_original_ext_source_id)
#   meta: !!omap
#   - {ucd: ID_CROSSID}
#   - {_votable_string_dtype: char}
# - name: Source
#   datatype: int64
#   description: Source identifier, identical to the Gaia-EDR3 source_id (id)
#   meta: !!omap
#   - {ucd: ID_MAIN}
#   - {width: 19}
# - name: rgeo
#   unit: pc
#   datatype: float64
#   format: '{:15.8f}'
#   description: '? Median of the geometric distance posterior (r_med_geo)'
#   meta: !!omap
#   - {ucd: PHYS_DISTANCE_TRUE}
#   - {width: 15}
#   - {precision: '8'}
#   - values: {'null': .nan}
# - name: Plx
#   unit: mas
#   datatype: float64
#   format: '{:9.4f}'
#   description: '? Parallax (parallax)'
#   meta: !!omap
#   - {ucd: POS_PARLX_TRIG}
#   - {width: 9}
#   - {precision: '4'}
#   - values: {'null': .nan}
# - name: e_Plx
#   unit: mas
#   datatype: float32
#   format: '{:7.4f}'
#   description: '? Standard error of parallax (parallax_error)'
#   meta: !!omap
#   - {ucd: ERROR}
#   - {width: 7}
#   - {precision: '4'}
#   - values: {'null': .nan}
# - name: pmRA
#   unit: mas / yr
#   datatype: float64
#   format: '{:9.3f}'
#   description: '? Proper motion in right ascension direction, pmRA*cosDE (pmra)'
#   meta: !!omap
#   - {ucd: POS_EQ_PMRA}
#   - {width: 9}
#   - {precision: '3'}
#   - values: {'null': .nan}
# - name: pmDE
#   unit: mas / yr
#   datatype: float64
#   format: '{:9.3f}'
#   description: '? Proper motion in declination direction (pmdec)'
#   meta: !!omap
#   - {ucd: POS_EQ_PMDEC}
#   - {width: 9}
#   - {precision: '3'}
#   - values: {'null': .nan}
# - name: e_pmRA
#   unit: mas / yr
#   datatype: float32
#   format: '{:6.3f}'
#   description: '? Standard error of proper motion in right ascension direction (pmra_error)'
#   meta: !!omap
#   - {ucd: ERROR}
#   - {width: 6}
#   - {precision: '3'}
#   - values: {'null': .nan}
# - name: e_pmDE
[...]
#       distance: !astropy.table.SerializedColumn
#         __class__: astropy.coordinates.distances.Distance
#         unit: !astropy.units.Unit {unit: pc}
#         value: !astropy.table.SerializedColumn {name: SkyCoord.distance}
#       frame: icrs
#       obstime: !astropy.time.Time {format: jyear_str, in_subfmt: '*', jd1: 367701545.0, jd2: 0.0, out_subfmt: '*', precision: 3, scale: tt}
#       pm_dec: !astropy.table.SerializedColumn
#         __class__: astropy.units.quantity.Quantity
#         unit: !astropy.units.Unit {unit: mas / yr}
#         value: !astropy.table.SerializedColumn {name: SkyCoord.pm_dec}
#       pm_ra_cosdec: !astropy.table.SerializedColumn
#         __class__: astropy.units.quantity.Quantity
#         unit: !astropy.units.Unit {unit: mas / yr}
#         value: !astropy.table.SerializedColumn {name: SkyCoord.pm_ra_cosdec}
#       ra: !astropy.table.SerializedColumn
#         __class__: astropy.coordinates.angles.Longitude
#         unit: *id001
#         value: !astropy.table.SerializedColumn {name: SkyCoord.ra}
#         wrap_angle: !astropy.coordinates.Angle
#           unit: *id001
#           value: 360.0
#       representation_type: spherical
# schema: astropy-2.0
RA_ICRS_1 DE_ICRS_1 e_RA_ICRS e_DE_ICRS _r_1 HIP TYC2 Source rgeo Plx e_Plx pmRA pmDE e_pmRA e_pmDE RUWE Teff logg Gmag BP-RP BPmag RPmag RV e_RV b_rgeo B_rgeo FG e_FG FBP e_FBP FRP e_FRP RAVE5 RAVE6 e_Gmag e_BPmag e_RPmag e_BP-RP SkyCoord.ra SkyCoord.dec SkyCoord.distance SkyCoord.pm_ra_cosdec SkyCoord.pm_dec rmRA rmDE e_rmRA e_rmDE rRV e_rRV v_pec v_pec3d e_vpec e_vpec3d Pmemb
[from data line 123]
253.60209639792 -41.47658520054 0.0132 0.0088 19.6832 "" "" 5966549845858528000 1624.71484 0.5729 0.0145 -0.495 -1.837 0.019 0.015 0.993 "" "" 13.1826 0.697097 13.446812 12.749715 "" "" 1586.38708 1663.28638 100439.9914 24.021 57107.0 30.094 62990.0 27.698 "" "" 0.002767528473703059 0.0028482296 0.003809417 0.0066576465 253.60209639792 -41.47658520054 1624.71484 -0.4949999999999999 -1.837 0.0805070447921753 0.35898865509033207 0.16516902 0.16116902 "" "" 2.833292547615394 "" 0.4571880775085108 "" 0.8
253.58688285801 -41.8117656095 0.0149 0.0103 2.4072 "" "" 5966509473164027392 1513.92017 0.6191 0.0172 -0.476 -1.973 0.021 0.018 1.023 "" "" 13.185971 0.56737 13.391718 12.824348 "" "" 1480.63037 1555.82019 100128.65155 30.05 60080.0 46.91 58806.0 44.865 "" "" 0.002774520505726457 0.0029161107 0.0038690928 0.0067852037 253.58688285801 -41.8117656095 1513.92017 -0.476 -1.973 0.09950704479217531 0.22298865509033194 0.16716902 0.16416901 "" "" 1.7522564600477657 "" 0.28854580670905694 "" 0.9
253.47561420673 -41.80365162007 0.0129 0.0105 2.6666 "" "" 5966521838367306624 1490.01587 0.6299 0.0154 -0.739 -2.139 0.018 0.017 0.976 "" "" 13.205452 0.639949 13.447906 12.807957 "" "" 1459.39917 1530.52698 98348.06487 21.3 57050.0 37.838 59700.0 27.366 "" "" 0.0027653359947499173 0.002881597 0.0038120106 0.0066936077 253.47561420673 -41.80365162007 1490.01587 -0.7389999999999993 -2.1389999999999985 -0.1634929552078247 0.05698865509033224 0.16416901 0.16316903 "" "" 1.2228355371155173 "" 0.2006195864467574 "" 1.0
253.4844682974 -41.86502944406 0.0131 0.0095 4.4698 "" "" 5966503975605897728 1570.39893 0.594 0.0156 -0.785 -2.174 0.018 0.015 1.021 "" "" 13.207712 0.574328 13.419538 12.84521 "" "" 1534.23022 1615.98425 98143.6181 31.109 58560.0 44.425 57686.0 35.564 "" "" 0.0027767298931326684 0.0029092047 0.0038382001 0.006747405 253.4844682974 -41.86502944406 1570.39893 -0.785 -2.174 -0.20949295520782474 0.0219886550903321 0.16416901 0.16116902 "" "" 1.5679671444714889 "" 0.25736082517869435 "" 0.9
253.51209305608 -41.90136780678 0.0135 0.0095 6.1214 "" "" 5966503391490292736 1500.13171 0.6255 0.0155 -0.426 -2.093 0.017 0.015 0.994 7157.2 3.7353 13.215274 0.618746 13.44612 12.827374 "" "" 1472.21387 1533.56104 97462.40333 26.956 57144.0 33.934 58642.0 30.232 "" "" 0.002771635657220684 0.0028636944 0.003820606 0.0066843005 253.51209305608 -41.90136780678 1500.13171 -0.42599999999999993 -2.093 0.1495070447921753 0.10298865509033206 0.16316903 0.16116902 "" "" 1.2909067593191634 "" 0.20980860149953703 "" 1.0
253.54542374669 -41.88119747522 0.0125 0.0092 4.8461 "" "" 5966503077950230144 1514.81799 0.616 0.0145 -0.76 -1.876 0.017 0.014 0.962 "" "" 13.220783 0.65373 13.465421 12.81169 "" "" 1484.70325 1549.61865 96969.09146 20.694 56137.0 33.815 59495.0 37.375 "" "" 0.0027650454992054424 0.0028657943 0.0038404346 0.006706229 253.54542374669 -41.88119747522 1514.81799 -0.76 -1.876 -0.18449295520782472 0.31998865509033214 0.16316903 0.16016902 "" "" 2.652127238784326 "" 0.426787528686515 "" 0.8
253.50521838763 -41.75971165334 0.0125 0.0089 2.8045 "" "" 5966522014468630400 1505.25256 0.6194 0.0142 -0.479 -2.438 0.017 0.014 0.973 "" "" 13.222399 1.03934 13.650082 12.610742 "" "" 1477.55493 1535.69934 96824.97658 14.33 47357.0 29.5 71592.0 24.388 "" "" 0.002760001811019702 0.0028709716 0.0037974364 0.006668408 253.50521838763 -41.75971165334 1505.25256 -0.4790000000000001 -2.4380000000000006 0.09650704479217531 -0.24201134490966814 0.16316903 0.16016902 "" "" 1.8589536096451456 "" 0.2985180959319192 "" 1.0
253.57579035975 -41.89364766013 0.0138 0.0092 5.8603 "" "" 5966503047892879232 1537.73132 0.6089 0.0155 -0.393 -2.189 0.018 0.014 0.956 9094.4 3.8896 13.231893 0.643288 13.469399 12.826111 "" "" 1507.17322 1573.16345 95982.001 24.988 55932.0 32.983 58710.0 28.904 "" "" 0.0027697809832380933 0.002862687 0.0038169944 0.006679681 253.57579035975 -41.89364766013 1537.73132 -0.393 -2.189 0.18250704479217528 0.006988655090331974 0.16416901 0.16016902 "" "" 1.3312407653890443 "" 0.21854078139273028 "" 0.9
253.2458523793 -41.80659678632 0.0143 0.0098 12.942 "" "" 5966518299310959232 1496.25574 0.6278 0.0183 -0.586 -2.049 0.018 0.017 0.861 6883.8 3.6158 13.234509 0.712572 13.502575 12.790003 "" "" 1453.84119 1537.35132 95750.90603 110.64 54248.0 187.14 60696.0 175.32 "" "" 0.0030274949486323146 0.004670508 0.0049111214 0.009581629 253.2458523793 -41.80659678632 1496.25574 -0.5859999999999992 -2.049 -0.010492955207824672 0.1469886550903321 0.16416901 0.16316903 "" "" 1.0451334700789388 "" 0.17053872581005922 "" 0.9
253.56556984807 -41.86108233262 0.0123 0.0091 3.8651 "" "" 5966508987825250048 1523.22913 0.6127 0.0147 -0.654 -2.178 0.017 0.014 1.01 "" "" 13.248188 0.894276 13.60297 12.708694 "" "" 1489.9259 1555.41943 94552.21889 43.22 49457.0 127.87 65415.0 104.0 "" "" 0.0027996598436360112 0.0039579193 0.0041549182 0.008112838 253.56556984807 -41.86108233262 1523.22913 -0.6539999999999997 -2.177999999999997 -0.07849295520782473 0.017988655090332095 0.16316903 0.16016902 "" "" 0.5814196685622959 "" 0.09478340253652975 "" 0.9
253.64765322624 -41.8340619473 0.0139 0.0092 5.4139 "" "" 5966506376477198976 1493.33325 0.629 0.015 -0.679 -2.092 0.02 0.015 1.003 "" "" 13.248644 0.650329 13.490154 12.839826 "" "" 1461.17566 1524.60046 94512.51079 21.698 54873.0 51.792 57973.0 62.058 "" "" 0.0027665719872776323 0.0029724082 0.0039540525 0.0069264607 253.64765322624 -41.8340619473 1493.33325 -0.6789999999999999 -2.0919999999999996 -0.10349295520782475 0.10398865509033195 0.16616902 0.16116902 "" "" 1.03848667477589 "" 0.16997551903332792 "" 1.0
253.52789012055 -41.80464022289 0.013 0.0096 0.3969 "" "" 5966509954200730880 1534.71155 0.6081 0.0149 -0.888 -2.145 0.019 0.015 0.974 "" "" 13.256524 0.672033 13.505121 12.833088 "" "" 1502.39453 1571.0896 93828.98296 26.372 54121.0 86.724 58334.0 63.324 "" "" 0.002772167601263711 0.00328815 0.0039588953 0.0072470456 253.52789012055 -41.80464022289 1534.71155 -0.8879999999999992 -2.1449999999999996 -0.3124929552078247 0.050988655090332013 0.16516902 0.16116902 "" "" 2.3033023701493414 "" 0.38019807757570284 "" 0.8
253.50004698219 -41.65035502938 0.013 0.0089 9.162 "" "" 5966523728147224960 1532.5896 0.613 0.0165 -0.549 -2.194 0.02 0.015 1.055 "" "" 13.264855 0.647069 13.505663 12.858594 "" "" 1493.23889 1569.38831 93111.74351 30.678 54094.0 66.335 56980.0 51.138 "" "" 0.002778444735763569 0.0030915611 0.0039029757 0.006994537 253.50004698219 -41.65035502938 1532.5896 -0.549 -2.194 0.02650704479217525 0.001988655090332081 0.16616902 0.16116902 "" "" 0.19310091179328426 "" 0.032082065695711204 "" 1.0
253.45860080224 -41.50800388433 0.0134 0.0091 17.8992 "" "" 5966529706740947712 1595.60254 0.5906 0.015 -0.672 -2.23 0.019 0.014 0.903 7824.2 3.9747 13.280081 0.616838 13.509878 12.89304 "" "" 1552.1604 1638.2843 91815.19543 23.52 53885.0 30.788 55200.0 19.86 "" "" 0.0027693221955202014 0.002858301 0.0037995155 0.0066578165 253.45860080224 -41.50800388433 1595.60254 -0.6719999999999997 -2.2299999999999995 -0.09649295520782475 -0.03401134490966795 0.16516902 0.16016902 "" "" 0.773798539750862 "" 0.12738576020344572 "" 0.9
253.45306496532 -41.87854425321 0.0137 0.0102 5.934 "" "" 5966515378728633344 1527.16895 0.6162 0.0155 -0.529 -2.381 0.019 0.017 1.001 "" "" 13.293366 0.630409 13.527978 12.897569 "" "" 1496.14185 1563.17969 90698.47795 17.334 52994.0 35.906 54971.0 25.266 "" "" 0.0027631226255419683 0.002885518 0.0038121855 0.006697703 253.45306496532 -41.87854425321 1527.16895 -0.5289999999999998 -2.381 0.04650704479217527 -0.18501134490966775 0.16516902 0.16316903 "" "" 1.3809215385357057 "" 0.22548871318119726 "" 1.0
253.28601307267 -41.47789612517 0.0136 0.0093 22.3631 "" "" 5969531824490742912 1546.22241 0.6043 0.015 -0.471 -1.998 0.019 0.015 0.991 "" "" 13.294001 0.485132 13.467904 12.982772 "" "" 1516.64893 1578.96045 90645.52219 31.265 56009.0 36.083 50822.0 25.988 "" "" 0.002780652744226593 0.0028765094 0.0038199434 0.006696453 253.28601307267 -41.47789612517 1546.22241 -0.47099999999999953 -1.998 0.10450704479217532 0.19798865509033203 0.16516902 0.16116902 "" "" 1.640820846181615 "" 0.2658934739285095 "" 0.8
253.4265461569 -41.68429727925 0.0129 0.0088 8.5136 "" "" 5966523418907473664 1512.3761 0.6158 0.0153 -0.64 -2.249 0.017 0.014 1.013 "" "" 13.295449 0.872231 13.639178 12.766948 "" "" 1476.45361 1543.70569 90524.65662 42.468 47835.0 81.806 61998.0 53.75 "" "" 0.0028020046943868283 0.0033515268 0.0038948376 0.0072463644 253.4265461569 -41.68429727925 1512.3761 -0.6400000000000001 -2.249000000000001 -0.06449295520782472 -0.05301134490966808 0.16316903 0.16016902 "" "" 0.598467165561748 "" 0.09693137732748561 "" 1.0
253.56641971705 -41.77285272326 0.0142 0.0095 2.1847 "" "" 5966510400877012096 1502.95227 0.6225 0.0167 -0.642 -2.037 0.019 0.015 0.935 9218.2 3.9048 13.308502 0.544343 13.509122 12.964779 "" "" 1461.96509 1540.32544 89442.9243 25.744 53922.0 32.427 51671.0 26.578 "" "" 0.002772985321068506 0.0028655475 0.003820421 0.0066859685 253.56641971705 -41.77285272326 1502.95227 -0.642 -2.037 -0.06649295520782472 0.1589886550903321 0.16516902 0.16116902 "" "" 1.2277000981660742 "" 0.19860599821749775 "" 1.0
253.51313655181 -41.84332837445 0.0139 0.0103 2.7346 "" "" 5966503941246164352 1491.32642 0.627 0.0156 -0.754 -2.198 0.018 0.016 0.95 "" "" 13.322933 0.583075 13.53371 12.950635 "" "" 1452.17627 1532.04907 88261.91028 28.187 52715.0 46.996 52349.0 39.329 "" "" 0.002777051630406439 0.0029532977 0.0038664052 0.0068197027 253.51313655181 -41.84332837445 1491.32642 -0.7539999999999998 -2.197999999999999 -0.1784929552078247 -0.0020113449096679226 0.16416901 0.16216902 "" "" 1.261826676795226 "" 0.2071525222813179 "" 0.8
253.50164213983 -41.81214526515 0.014 0.0096 1.6444 "" "" 5966510052977075584 1565.67261 0.5965 0.016 -0.773 -1.998 0.018 0.015 1.017 "" "" 13.327401 0.679863 13.583563 12.9037 "" "" 1526.43652 1607.81445 87899.46266 24.873 50349.0 55.487 54661.0 36.712 "" "" 0.002772396221955134 0.0030359083 0.0038490882 0.006884997 253.50164213983 -41.81214526515 1565.67261 -0.773 -1.998 -0.19749295520782473 0.19798865509033203 0.16416901 0.16116902 "" "" 2.075348009717998 "" 0.33760137154244474 "" 1.0
253.58966697989 -41.8179438887 0.0131 0.0096 2.648 "" "" 5966509468861610368 1591.14941 0.5851 0.0145 -0.384 -2.511 0.017 0.014 0.952 "" "" 13.328344 1.007255 13.739764 12.73251 -37.07 13.84 1557.88062 1622.17419 87823.13237 20.66 43602.0 64.95 63996.0 44.902 "" "" 0.002767133176018148 0.0032250248 0.003855393 0.007080418 253.58966697989 -41.8179438887 1591.14941 -0.3839999999999998 -2.511 0.19150704479217528 -0.3150113449096681 0.16316903 0.16016902 -9.191428571428567 16.332355 2.780419780850984 9.602764880044747 0.4476033453190126 15.633293069656677 0.9
253.46375226655 -41.83381512293 0.013 0.0095 3.7559 "" "" 5966515825413082752 1532.03223 0.6099 0.0153 -0.536 -2.343 0.018 0.015 0.93 "" "" 13.332381 0.528285 13.527214 12.998929 "" "" 1493.80945 1561.11316 87497.20412 25.954 53031.0 45.043 50071.0 35.271 "" "" 0.0027740783924296306 0.00293862 0.0038559912 0.006794611 253.46375226655 -41.83381512293 1532.03223 -0.5360000000000003 -2.343 0.03950704479217526 -0.14701134490966794 0.16416901 0.16116902 "" "" 1.1054489870755106 "" 0.1783894378756496 "" 1.0
253.62784871659 -41.9542264527 0.014 0.0094 10.0952 "" "" 5966499680638445056 1578.61621 0.5918 0.0154 -0.749 -2.113 0.018 0.015 0.98 "" "" 13.337167 0.730585 13.613987 12.883402 "" "" 1549.8429 1615.83691 87112.39185 20.836 48958.0 30.376 55693.0 26.508 "" "" 0.0027675312792805684 0.002870339 0.0038145487 0.0066848877 253.62784871659 -41.9542264527 1578.61621 -0.7490000000000001 -2.113 -0.1734929552078247 0.08298865509033204 0.16416901 0.16116902 "" "" 1.4390603178659969 "" 0.23545123588521796 "" 0.9
253.58482189566 -41.82431606369 0.017 0.0127 2.6332 "" "" 5966509473164016000 1558.75244 0.6025 0.0192 -0.475 -2.377 0.023 0.021 1.39 "" "" 13.339546 0.824101 13.604141 12.78004 "" "" 1511.21558 1624.65857 86921.69533 23.55 49404.0 280.78 61255.0 247.64 "" "" 0.0027709783227240336 0.0067721135 0.0057922723 0.012564385 253.58482189566 -41.82431606369 1558.75244 -0.4750000000000003 -2.377 0.10050704479217532 -0.18101134490966775 0.16916902 0.16716902 "" "" 1.5297338742598634 "" 0.2564483721600259 "" 1.0
253.55975047345 -41.79464269556 0.0133 0.0092 1.1624 "" "" 5966510293496255872 1486.26428 0.6352 0.0148 -0.281 -2.048 0.019 0.015 0.98 "" "" 13.351981 0.623388 13.582968 12.959579 "" "" 1456.19373 1521.35132 85931.89845 18.962 50377.0 33.603 51919.0 22.736 "" "" 0.0027657167058299306 0.0028826275 0.0038091715 0.006691799 253.55975047345 -41.79464269556 1486.26428 -0.28100000000000025 -2.047999999999999 0.29450704479217527 0.147988655090332 0.16516902 0.16116902 "" "" 2.321984675877476 "" 0.38166568373225723 "" 0.8
253.43949088485 -41.73855187991 0.0134 0.0095 5.6795 "" "" 5966522976541354752 1552.73474 0.603 0.0157 -0.724 -2.118 0.019 0.015 0.978 "" "" 13.35468 0.769799 13.652951 12.883152 "" "" 1512.64783 1591.57104 85718.5312 20.29 47232.0 34.113 55705.0 26.959 "" "" 0.0027672798829257014 0.002898269 0.0038157343 0.006714003 253.43949088485 -41.73855187991 1552.73474 -0.724 -2.1180000000000003 -0.14849295520782468 0.07798865509033215 0.16516902 0.16116902 "" "" 1.2344653697517591 "" 0.20283804976839778 "" 0.9
253.43959374805 -42.09739400986 0.0169 0.0106 18.2992 "" "" 5964999255272720896 1512.45874 0.6176 0.0197 -0.571 -2.288 0.02 0.017 0.924 "" "" 13.356773 0.749022 13.643233 12.894212 "" "" 1466.94275 1559.17444 85553.38844 19.466 47657.0 27.91 55141.0 40.884 "" "" 0.002766372568006569 0.0028617056 0.0038641654 0.006725871 253.43959374805 -42.09739400986 1512.45874 -0.571 -2.288000000000002 0.004507044792175341 -0.09201134490966778 0.16616902 0.16316903 "" "" 0.6604252257730375 "" 0.10776572703507785 "" 0.9
253.43614511164 -41.7349273575 0.0131 0.0095 5.9357 "" "" 5966522976541361408 1513.26233 0.6197 0.0159 -0.487 -2.416 0.019 0.016 0.94 "" "" 13.375577 0.65503 13.621346 12.966315 "" "" 1479.32422 1550.36462 84084.51433 22.201 48627.0 30.349 51598.0 32.899 "" "" 0.0027701928738478976 0.0028712763 0.00384226 0.0067135366 253.43614511164 -41.7349273575 1513.26233 -0.48700000000000027 -2.416000000000001 0.0885070447921753 -0.2200113449096679 0.16516902 0.16216902 "" "" 1.7010198600932733 "" 0.27656918189470253 "" 1.0
253.57923635528 -41.87106308762 0.0127 0.0091 4.6547 "" "" 5966508923408160128 1490.68188 0.6251 0.0145 -0.49 -2.08 0.017 0.014 1.013 7954.8 3.9826 13.377061 0.639962 13.616262 12.9763 "" "" 1460.14954 1519.42529 83969.64867 21.415 48855.0 39.349 51126.0 26.283 "" "" 0.002769198800530045 0.0029239974 0.0038203753 0.0067443727 253.57923635528 -41.87106308762 1490.68188 -0.4899999999999997 -2.0800000000000014 0.0855070447921753 0.11598865509033196 0.16316903 0.16016902 "" "" 1.0181867215027445 "" 0.16416398913014638 "" 0.9
253.35861299173 -41.70966436102 0.0133 0.0098 9.6077 "" "" 5966520399561044736 1501.91321 0.6219 0.0158 -0.552 -2.317 0.018 0.015 0.975 "" "" 13.391134 0.695027 13.654015 12.958987 "" "" 1471.97278 1540.11755 82888.27642 22.588 47186.0 25.843 51947.0 30.777 "" "" 0.0027711607118428624 0.002852831 0.0038337342 0.0066865655 253.35861299173 -41.70966436102 1501.91321 -0.552 -2.317 0.023507044792175247 -0.12101134490966814 0.16416901 0.16116902 "" "" 0.877591666122884 "" 0.14153718366299842 "" 1.0
