Clusters/NGC_6231/NGC_6231_members.tsv
# %ECSV 1.0
# ---
# datatype:
# - name: RA_ICRS_1
#   unit: deg
#   datatype: float64
#   format: '{:15.11f}'
#   description: Right ascension (ICRS) at Ep=2016.0 (ra)
#   meta: !!omap
#   - {ucd: POS_EQ_RA_MAIN}
#   - {width: 15}
#   - {precision: '11'}
# - name: DE_ICRS_1
#   unit: deg
#   datatype: float64
#   format: '{:15.11f}'
#   description: Declination (ICRS) at Ep=2016.0 (dec)
#   meta: !!omap
#   - {ucd: POS_EQ_DEC_MAIN}
#   - {width: 15}
#   - {precision: '11'}
# - name: e_RA_ICRS
#   unit: mas
#   datatype: float64
#   format: '{:7.4f}'
#   description: Standard error of right ascension (ra_error)
#   meta: !!omap
#   - {ucd: ERROR}
#   - {width: 7}
#   - {precision: '4'}
# - name: e_DE_ICRS
#   unit: mas
#   datatype: float64
#   format: '{:7.4f}'
#   description: Standard error of declination (dec_error)
#   meta: !!omap
#   - {ucd: ERROR}
#   - {width: 7}
#   - {precision: '4'}
# - name: _r_1
#   unit: ''
#   datatype: float64
#   format: '{:7.4f}'
#   description: Distance from center (253.53510993000-41.80079542000)[ICRS], at Epoch=J2016.0
#   meta: !!omap
#   - {ucd: POS_ANG_DIST_GENERAL}
#   - {width: 7}
#   - {precision: '4'}
# - name: HIP
#   datatype: int32
#   description: '? HIP cross-id number, van Leeuwen, Cat. I/311 (hip_original_ext_source_id)'
#   meta: !!omap
#   - {ucd: ID_NUMBER}
#   - {width: 6}
#   - values: {'null': -2147483648}
# - name: TYC2
#   datatype: string
#   description: Tycho-2 cross-id name, Hog et al., Cat. I/259 (tyc2_original_ext_source_id)
#   meta: !!omap
#   - {ucd: ID_CROSSID}
#   - {_votable_string_dtype: char}
# - name: Source
#   datatype: int64
#   description: Source identifier, identical to the Gaia-EDR3 source_id (id)
#   meta: !!omap
#   - {ucd: ID_MAIN}
#   - {width: 19}
# - name: rgeo
#   unit: pc
#   datatype: float64
#   format: '{:15.8f}'
#   description: '? Median of the geometric distance posterior (r_med_geo)'
#   meta: !!omap
#   - {ucd: PHYS_DISTANCE_TRUE}
#   - {width: 15}
#   - {precision: '8'}
#   - values: {'null': .nan}
# - name: Plx
#   unit: mas
#   datatype: float64
#   format: '{:9.4f}'
#   description: '? Parallax (parallax)'
#   meta: !!omap
#   - {ucd: POS_PARLX_TRIG}
#   - {width: 9}
#   - {precision: '4'}
#   - values: {'null': .nan}
# - name: e_Plx
#   unit: mas
#   datatype: float32
#   format: '{:7.4f}'
#   description: '? Standard error of parallax (parallax_error)'
#   meta: !!omap
#   - {ucd: ERROR}
#   - {width: 7}
#   - {precision: '4'}
#   - values: {'null': .nan}
# - name: pmRA
#   unit: mas / yr
#   datatype: float64
#   format: '{:9.3f}'
#   description: '? Proper motion in right ascension direction, pmRA*cosDE (pmra)'
#   meta: !!omap
#   - {ucd: POS_EQ_PMRA}
#   - {width: 9}
#   - {precision: '3'}
#   - values: {'null': .nan}
# - name: pmDE
#   unit: mas / yr
#   datatype: float64
#   format: '{:9.3f}'
#   description: '? Proper motion in declination direction (pmdec)'
#   meta: !!omap
#   - {ucd: POS_EQ_PMDEC}
#   - {width: 9}
#   - {precision: '3'}
#   - values: {'null': .nan}
# - name: e_pmRA
#   unit: mas / yr
#   datatype: float32
#   format: '{:6.3f}'
#   description: '? Standard error of proper motion in right ascension direction (pmra_error)'
#   meta: !!omap
#   - {ucd: ERROR}
#   - {width: 6}
#   - {precision: '3'}
#   - values: {'null': .nan}
# - name: e_pmDE
[...]
#       distance: !astropy.table.SerializedColumn
#         __class__: astropy.coordinates.distances.Distance
#         unit: !astropy.units.Unit {unit: pc}
#         value: !astropy.table.SerializedColumn {name: SkyCoord.distance}
#       frame: icrs
#       obstime: !astropy.time.Time {format: jyear_str, in_subfmt: '*', jd1: 367701545.0, jd2: 0.0, out_subfmt: '*', precision: 3, scale: tt}
#       pm_dec: !astropy.table.SerializedColumn
#         __class__: astropy.units.quantity.Quantity
#         unit: !astropy.units.Unit {unit: mas / yr}
#         value: !astropy.table.SerializedColumn {name: SkyCoord.pm_dec}
#       pm_ra_cosdec: !astropy.table.SerializedColumn
#         __class__: astropy.units.quantity.Quantity
#         unit: !astropy.units.Unit {unit: mas / yr}
#         value: !astropy.table.SerializedColumn {name: SkyCoord.pm_ra_cosdec}
#       ra: !astropy.table.SerializedColumn
#         __class__: astropy.coordinates.angles.Longitude
#         unit: *id001
#         value: !astropy.table.SerializedColumn {name: SkyCoord.ra}
#         wrap_angle: !astropy.coordinates.Angle
#           unit: *id001
#           value: 360.0
#       representation_type: spherical
# schema: astropy-2.0
RA_ICRS_1 DE_ICRS_1 e_RA_ICRS e_DE_ICRS _r_1 HIP TYC2 Source rgeo Plx e_Plx pmRA pmDE e_pmRA e_pmDE RUWE Teff logg Gmag BP-RP BPmag RPmag RV e_RV b_rgeo B_rgeo FG e_FG FBP e_FBP FRP e_FRP RAVE5 RAVE6 e_Gmag e_BPmag e_RPmag e_BP-RP SkyCoord.ra SkyCoord.dec SkyCoord.distance SkyCoord.pm_ra_cosdec SkyCoord.pm_dec rmRA rmDE e_rmRA e_rmDE rRV e_rRV v_pec v_pec3d e_vpec e_vpec3d Pmemb
[from data line 154]
253.74671061536 -41.78468654329 0.0133 0.009 9.5149 "" "" 5966508133134161280 1540.56201 0.6055 0.0149 -0.707 -2.072 0.018 0.015 0.944 "" "" 13.396171 0.609851 13.625494 13.015643 "" "" 1497.73315 1579.78491 82504.69172 25.732 48442.0 28.489 49306.0 19.845 "" "" 0.002776050503495012 0.0028623007 0.003804562 0.0066668624 253.74671061536 -41.78468654329 1540.56201 -0.7069999999999999 -2.072 -0.13149295520782467 0.12398865509033197 0.16416901 0.16116902 "" "" 1.3197432295252152 "" 0.2148066200832657 "" 1.0
253.8345516386 -41.85525956567 0.0134 0.0095 13.7808 "" "" 5966460098217228672 1451.18726 0.6466 0.0149 -0.597 -2.084 0.018 0.014 1.032 "" "" 13.404854 0.884756 13.752847 12.868091 "" "" 1427.89111 1481.36145 81847.48292 17.561 43080.0 23.111 56484.0 28.674 "" "" 0.0027651503558200475 0.0028503174 0.0038193609 0.0066696783 253.8345516386 -41.85525956567 1451.18726 -0.597 -2.0840000000000027 -0.021492955207824682 0.11198865509033196 0.16416901 0.16016902 "" "" 0.7843869504843393 "" 0.12574729201434617 "" 0.9
253.49162957485 -41.84573863869 0.0161 0.012 3.3243 "" "" 5966504113044866560 1551.70581 0.6033 0.0179 -0.594 -2.318 0.021 0.019 1.084 9081.1 3.8743 13.428046 0.647198 13.674282 13.027084 "" "" 1513.14734 1596.98328 80117.67406 24.05 46313.0 28.385 48789.0 34.221 "" "" 0.002774529376734907 0.0028684249 0.003855344 0.006723769 253.49162957485 -41.84573863869 1551.70581 -0.594 -2.318 -0.01849295520782468 -0.12201134490966803 0.16716902 0.16516902 "" "" 0.9076532478560243 "" 0.14995720067902626 "" 1.0
253.55726574331 -41.85818079372 0.0134 0.0096 3.5828 "" "" 5966508987825242624 1585.92346 0.5902 0.0157 -0.345 -2.387 0.02 0.015 0.981 7856.3 3.896 13.436473 0.60813 13.653441 13.045311 "" "" 1549.72424 1623.7937 79498.27139 23.505 47211.0 70.796 47977.0 60.463 "" "" 0.002773957598868527 0.0032304588 0.004019449 0.0072499076 253.55726574331 -41.85818079372 1585.92346 -0.345 -2.387 0.23050704479217532 -0.19101134490966798 0.16616902 0.16116902 "" "" 2.2504025119092637 "" 0.36940766058134017 "" 1.0
253.60361282835 -41.5755403574 0.0134 0.0089 13.8595 "" "" 5966525102537347072 1505.97961 0.6216 0.0153 -0.598 -2.234 0.019 0.015 1.049 7950.4 3.9631 13.438172 0.748284 13.722436 12.974152 "" "" 1472.20227 1537.19482 79373.94714 120.9 44304.0 233.04 51227.0 188.44 "" "" 0.003213520402936576 0.00635614 0.0054986416 0.011854782 253.60361282835 -41.5755403574 1505.97961 -0.598 -2.234 -0.022492955207824683 -0.038011344909667955 0.16516902 0.16116902 "" "" 0.3152849876574463 "" 0.05114423239610436 "" 1.0
253.83430622932 -41.52522435788 0.0137 0.0097 21.2894 "" "" 5966537746921113472 1470.30798 0.6388 0.016 -0.415 -2.052 0.02 0.016 1.03 "" "" 13.459576 0.728753 13.736476 13.007723 "" "" 1438.20691 1506.61804 77824.54153 21.541 43735.0 25.558 49667.0 24.302 "" "" 0.002771660469746413 0.0028614018 0.0038165369 0.0066779386 253.83430622932 -41.52522435788 1470.30798 -0.41500000000000026 -2.052 0.1605070447921753 0.14398865509033199 0.16616902 0.16216902 "" "" 1.5027644845056904 "" 0.24705057548994488 "" 0.9
253.42811801603 -41.99370312433 0.0149 0.0105 12.522 "" "" 5966501329905950720 1507.00708 0.6168 0.017 -0.484 -2.427 0.019 0.016 1.091 "" "" 13.482408 0.783957 13.778571 12.994614 "" "" 1467.08289 1548.78296 76205.03072 24.718 42072.0 33.626 50270.0 32.004 "" "" 0.002777735417346585 0.0029219992 0.0038420723 0.0067640715 253.42811801603 -41.99370312433 1507.00708 -0.48399999999999993 -2.4269999999999987 0.09150704479217531 -0.23101134490966801 0.16516902 0.16216902 "" "" 1.7749093437040566 "" 0.2885632470375854 "" 1.0
253.57085590425 -41.96026213654 0.0149 0.0105 9.7003 "" "" 5966502257618845184 1557.40918 0.6015 0.0169 -0.821 -2.176 0.02 0.017 0.938 "" "" 13.502272 0.826098 13.825438 12.999339 "" "" 1521.67615 1602.71118 74823.50794 14.211 40294.0 28.854 50052.0 25.883 "" "" 0.0027630259128228842 0.0028964677 0.003820859 0.0067173266 253.57085590425 -41.96026213654 1557.40918 -0.821 -2.1760000000000006 -0.24549295520782466 0.019988655090331875 0.16616902 0.16316903 "" "" 1.8182557095252692 "" 0.3021021623094855 "" 0.8
253.54180111579 -41.9631577204 0.0141 0.01 9.7463 "" "" 5966502326338334336 1483.96753 0.6328 0.0171 -0.506 -2.171 0.019 0.016 0.959 8918.6 3.8474 13.518217 0.988732 13.780174 12.791442 "" "" 1448.7688 1521.3894 73732.67989 31.394 42009.0 535.1 60615.0 493.43 "" "" 0.002793832118258981 0.014108483 0.009612473 0.023720955 253.54180111579 -41.9631577204 1483.96753 -0.506 -2.170999999999999 0.06950704479217529 0.024988655090332212 0.16516902 0.16216902 "" "" 0.5195489537093863 "" 0.08563643101245846 "" 1.0
253.53826224818 -41.85255488547 0.0158 0.0133 3.1088 "" "" 5966509743739467136 1513.84753 0.6202 0.0188 -0.237 -1.967 0.021 0.02 0.97 "" "" 13.539361 1.05248 13.965807 12.913327 "" "" 1473.36987 1554.42102 72310.66546 11.802 35407.0 109.79 54179.0 147.58 "" "" 0.002761012720860037 0.004372571 0.004798997 0.009171568 253.53826224818 -41.85255488547 1513.84753 -0.23700000000000035 -1.967 0.3385070447921753 0.22898865509033195 0.16716902 0.16616902 "" "" 2.9325700094367115 "" 0.48931608160559253 "" 1.0
253.62401502384 -41.92743929707 0.0148 0.01 8.5744 "" "" 5966499818077421824 1484.46729 0.6312 0.0172 -0.672 -2.001 0.019 0.016 1.038 "" "" 13.552659 0.708394 13.821217 13.112823 "" "" 1452.1416 1521.39087 71430.4045 20.796 40451.0 26.781 45085.0 37.307 "" "" 0.002773392687039256 0.0028812767 0.0038847004 0.006765977 253.62401502384 -41.92743929707 1484.46729 -0.672 -2.001 -0.09649295520782475 0.19498865509033214 0.16516902 0.16216902 "" "" 1.5308193818770544 "" 0.2491615841693217 "" 0.8
253.68482230664 -41.83159599032 0.0155 0.0102 6.9451 "" "" 5966507823896507520 1533.44043 0.6082 0.0169 -0.537 -2.106 0.023 0.017 1.076 7968.2 4.0708 13.56538 0.65159 13.80883 13.15724 "" "" 1480.26135 1571.32178 70598.34573 19.785 40915.0 35.349 43278.0 21.044 "" "" 0.0027720700720151314 0.0029436299 0.0038160777 0.006759708 253.68482230664 -41.83159599032 1533.44043 -0.537 -2.106 0.03850704479217526 0.08998865509033216 0.16916902 0.16316903 "" "" 0.7114510380950424 "" 0.11675763981423819 "" 1.0
253.27838100419 -41.54459269801 0.0149 0.0104 19.2013 "" "" 5969530484460864640 1511.91003 0.6193 0.0162 -0.737 -2.09 0.021 0.017 0.945 9027.2 3.8578 13.566616 0.753425 13.857037 13.103612 "" "" 1480.61169 1541.10583 70518.07632 13.95 39138.0 22.286 45469.0 20.945 "" "" 0.002763678842709375 0.0028578436 0.0038123305 0.006670174 253.27838100419 -41.54459269801 1511.91003 -0.7370000000000007 -2.0900000000000007 -0.1614929552078247 0.10598865509033217 0.16716902 0.16316903 "" "" 1.3843238098230481 "" 0.2297630437069483 "" 0.9
253.75142440066 -42.0567773085 0.0142 0.0096 18.142 "" "" 5966451267764426112 1581.51965 0.5934 0.016 -0.437 -2.192 0.021 0.015 0.943 "" "" 13.567259 0.866826 13.909075 13.042249 "" "" 1536.21021 1624.78979 70476.31512 12.153 37307.0 24.513 48113.0 20.06 "" "" 0.0027616738994924515 0.0028799274 0.0038063957 0.0066863233 253.75142440066 -42.0567773085 1581.51965 -0.437 -2.192 0.1385070447921753 0.003988655090331861 0.16716902 0.16116902 "" "" 1.0387350870256271 "" 0.17363925447973802 "" 0.9
253.59509123279 -41.8469896382 0.019 0.0133 3.8568 "" "" 5966509060847126784 1417.73657 0.6646 0.0216 -0.605 -2.258 0.026 0.021 1.468 "" "" 13.570806 0.731104 13.843763 13.112659 "" "" 1376.32446 1454.71289 70246.4119 20.907 39620.0 33.55 45091.0 39.088 "" "" 0.0027742042856149585 0.0029377434 0.003894813 0.0068325563 253.59509123279 -41.8469896382 1417.73657 -0.6050000000000004 -2.258 -0.02949295520782469 -0.062011344909667976 0.17216903 0.16716902 "" "" 0.46145126945015613 "" 0.07757114587813267 "" 1.0
253.36457235864 -41.63773083393 0.015 0.0107 12.4119 "" "" 5966527374588108544 1546.76953 0.6068 0.0173 -0.675 -2.049 0.022 0.018 0.986 6421.0 3.5768 13.575383 1.272496 14.131211 12.858715 -27.49 6.35 1508.81287 1583.1709 69950.94857 10.628 30404.0 21.495 56973.0 26.315 "" "" 0.0027602539121394857 0.002893829 0.0038125077 0.0067063365 253.36457235864 -41.63773083393 1546.76953 -0.6750000000000006 -2.0490000000000004 -0.09949295520782475 0.1469886550903321 0.16816902 0.16416901 0.388571428571435 8.842355 1.301338667067924 1.3581126910194774 0.21528859284417032 2.538294381049592 0.9
253.65487789755 -41.86720001057 0.0141 0.0096 6.674 "" "" 5966506243348529280 1470.92297 0.6397 0.0155 -0.63 -2.129 0.018 0.016 1.053 "" "" 13.577283 0.758003 13.86855 13.110547 "" "" 1433.92529 1509.49194 69828.64144 13.832 38725.0 18.851 45179.0 23.311 "" "" 0.0027637010737837655 0.002839787 0.0038206752 0.0066604624 253.65487789755 -41.86720001057 1470.92297 -0.63 -2.1290000000000004 -0.05449295520782471 0.06698865509033203 0.16416901 0.16216902 "" "" 0.602073120933669 "" 0.09811888905389687 "" 1.0
253.68580119186 -41.79568464821 0.0293 0.02 6.7474 "" "" 5966508030054972288 1507.2688 0.6245 0.0341 -0.464 -1.99 0.043 0.034 2.362 "" "" 13.586066 0.788716 13.889645 13.100928 "" "" 1432.08789 1574.08545 69265.99942 25.685 37980.0 53.456 45581.0 37.944 "" "" 0.002784579612672753 0.00318124 0.003885952 0.0070671923 253.68580119186 -41.79568464821 1507.2688 -0.464 -1.9899999999999995 0.11150704479217527 0.20598865509033204 0.18916902 0.18016902 "" "" 1.6734676638740444 "" 0.3049854583682109 "" 0.8
253.48029449081 -41.95103528289 0.0159 0.0112 9.3411 "" "" 5966501703552356224 1536.60364 0.612 0.0187 -0.436 -2.307 0.021 0.018 0.925 "" "" 13.594806 0.795395 13.905148 13.109754 "" "" 1491.58069 1572.58411 68710.7336 18.096 37442.0 22.773 45212.0 28.541 "" "" 0.00277011802533785 0.0028672519 0.0038410274 0.0067082793 253.48029449081 -41.95103528289 1536.60364 -0.4359999999999996 -2.3069999999999995 0.1395070447921753 -0.11101134490966791 0.16716902 0.16416901 "" "" 1.2985429637343056 "" 0.21557414857171783 "" 1.0
253.7162017892 -42.05188763062 0.0162 0.01 17.0974 "" "" 5966497889621405696 1549.93176 0.6005 0.0177 -0.372 -2.213 0.021 0.016 0.904 "" "" 13.610428 0.871347 13.953182 13.081835 "" "" 1509.56714 1593.24377 67729.14465 13.532 35822.0 22.238 46390.0 30.216 "" "" 0.002763846250503071 0.002870426 0.0038449767 0.006715403 253.7162017892 -42.05188763062 1549.93176 -0.372 -2.213 0.2035070447921753 -0.017011344909668047 0.16716902 0.16216902 "" "" 1.5003148053041495 "" 0.25075487520223444 "" 0.9
253.61509839531 -41.76224931937 0.0133 0.0093 4.2611 "" "" 5966511191150977536 1533.76306 0.6077 0.0157 -0.215 -2.268 0.018 0.016 1.001 "" "" 13.621674 0.698161 13.886918 13.188757 "" "" 1495.9176 1574.32458 67031.25076 19.23 38076.0 32.663 42039.0 36.379 "" "" 0.0027728698937502017 0.0029415174 0.0038944182 0.0068359356 253.61509839531 -41.76224931937 1533.76306 -0.21499999999999977 -2.268 0.3605070447921753 -0.07201134490966776 0.16416901 0.16216902 "" "" 2.672675225425633 "" 0.4385665613929841 "" 0.9
253.97188891208 -41.64279804796 0.0163 0.0112 21.7364 "" "" 5966533421903630720 1545.20947 0.6049 0.0179 -0.477 -1.934 0.023 0.018 1.182 "" "" 13.624732 0.969357 14.01656 13.047202 "" "" 1510.1272 1587.95447 66842.69576 42.537 33790.0 78.323 47894.0 69.298 "" "" 0.0028406303069097366 0.0037574794 0.0040928754 0.007850355 253.97188891208 -41.64279804796 1545.20947 -0.47700000000000004 -1.9340000000000002 0.09850704479217531 0.2619886550903321 0.16916902 0.16416901 "" "" 2.050039267511555 "" 0.33783942217341656 "" 0.8
253.46448094877 -41.96036086017 0.0152 0.0109 10.0804 "" "" 5966501810942298496 1519.39929 0.6173 0.0176 -0.529 -2.165 0.02 0.017 0.925 7480.7 3.8198 13.648156 0.856234 13.976954 13.120721 "" "" 1482.6012 1555.74463 65416.03857 15.824 35046.0 34.467 44758.0 27.255 "" "" 0.002767809193691624 0.0029875142 0.0038367754 0.0068242894 253.46448094877 -41.96036086017 1519.39929 -0.529 -2.165 0.04650704479217527 0.030988655090331996 0.16616902 0.16316903 "" "" 0.4024855519071802 "" 0.06651170467267359 "" 0.8
253.59667766646 -41.81529484075 0.0137 0.0098 2.8877 "" "" 5966509507523755776 1455.73706 0.647 0.0153 -0.535 -2.16 0.018 0.016 0.947 "" "" 13.650757 0.855782 13.988401 13.13262 "" "" 1425.17651 1488.04089 65259.54035 13.937 34678.0 41.218 44270.0 51.598 "" "" 0.0027650595566177543 0.0030741554 0.003985613 0.007059769 253.59667766646 -41.81529484075 1455.73706 -0.535 -2.16 0.04050704479217526 0.03598865509033189 0.16416901 0.16216902 "" "" 0.37388634093440887 "" 0.06105181148811009 "" 1.0
252.94595636942 -41.77364854541 0.0209 0.0116 26.4075 "" "" 5968023874323953920 1521.72571 0.6187 0.0216 -0.677 -2.009 0.029 0.02 0.875 "" "" 13.653094 0.647216 13.89586 13.248644 "" "" 1477.31177 1562.29956 65119.22105 21.426 37764.0 33.084 39783.0 27.119 "" "" 0.0027783821819005274 0.0029478464 0.0038511688 0.006799015 252.94595636942 -41.77364854541 1521.72571 -0.677 -2.009 -0.10149295520782475 0.18698865509033213 0.17516902 0.16616902 "" "" 1.5346125681498557 "" 0.25821300587889334 "" 0.9
253.58380713525 -41.85699946981 0.0164 0.0114 4.014 "" "" 5966508957754620800 1674.01208 0.5563 0.0193 -0.718 -2.107 0.023 0.018 1.062 6146.6 3.3085 13.653519 1.459939 14.312038 12.852099 -6.01 6.72 1618.98706 1718.82336 65093.74095 54.149 25740.0 87.51 57322.0 147.28 "" "" 0.002899573763177094 0.0046271347 0.0046974216 0.009324556 253.58380713525 -41.85699946981 1674.01208 -0.718 -2.1069999999999993 -0.14249295520782468 0.08898865509033183 0.16916902 0.16416901 21.868571428571435 9.212355 1.3330309505947202 21.909162189407756 0.22365745378145868 9.195297144500536 1.0
253.88814246601 -41.81825979007 0.0144 0.0103 15.823 "" "" 5966483565919842304 1483.45789 0.6392 0.0163 -0.511 -2.123 0.02 0.016 1.014 "" "" 13.659153 1.251374 14.195399 12.944025 "" "" 1440.578 1516.26514 64756.80197 43.796 28659.0 90.958 52668.0 90.663 "" "" 0.0028514882997064286 0.004433887 0.004216261 0.008650148 253.88814246601 -41.81825979007 1483.45789 -0.5110000000000003 -2.1230000000000007 0.06450704479217528 0.07298865509033181 0.16616902 0.16216902 "" "" 0.6849398036161705 "" 0.11228576239817074 "" 0.8
253.78519321638 -41.67611870209 0.0176 0.0127 13.4656 "" "" 5966532253672417664 1494.15039 0.6294 0.0203 -0.756 -2.13 0.024 0.02 1.395 6044.2 3.5423 13.660953 1.376206 14.276098 12.899892 -24.19 7.0 1442.68237 1538.19238 64649.51521 26.845 26606.0 43.424 54853.0 58.393 "" "" 0.0027919609744072376 0.0033053274 0.0039521656 0.007257493 253.78519321638 -41.67611870209 1494.15039 -0.756 -2.13 -0.1804929552078247 0.06598865509033214 0.17016903 0.16616902 3.688571428571432 9.492355 1.3610538215582517 3.9316697074972886 0.2309739728401294 8.905794378069562 1.0
253.64240884183 -41.8795849787 0.0147 0.01 6.7344 "" "" 5966505865391403520 1490.38306 0.6312 0.0165 -0.676 -2.027 0.019 0.016 0.976 "" "" 13.662214 0.781223 13.960124 13.178901 "" "" 1459.18188 1526.97522 64574.47771 14.23 35593.0 23.092 42423.0 54.412 "" "" 0.002765688751641978 0.002877713 0.0040277764 0.0069054896 253.64240884183 -41.8795849787 1490.38306 -0.6759999999999999 -2.0269999999999992 -0.10049295520782475 0.1689886550903319 0.16516902 0.16216902 "" "" 1.3889438890532262 "" 0.2263396544908535 "" 0.9
253.66419421344 -41.63707527123 0.0137 0.0096 11.3981 "" "" 5966512939189896320 1539.63318 0.6067 0.0158 -0.372 -2.197 0.019 0.016 0.965 "" "" 13.663442 0.609919 13.890945 13.281027 "" "" 1506.05396 1572.34424 64501.51209 17.105 37935.0 35.383 38614.0 17.23 "" "" 0.002770322991924863 0.0029682657 0.0038103065 0.006778572 253.66419421344 -41.63707527123 1539.63318 -0.372 -2.197000000000001 0.2035070447921753 -0.0010113449096680327 0.16516902 0.16216902 "" "" 1.4851845202830392 "" 0.24530635605539192 "" 0.9
