Clusters/NGC_6231/NGC_6231_stars_in_region.tsv
# %ECSV 1.0
# ---
# datatype:
# - name: RA_ICRS_1
#   unit: deg
#   datatype: float64
#   format: '{:15.11f}'
#   description: Right ascension (ICRS) at Ep=2016.0 (ra)
#   meta: !!omap
#   - {ucd: POS_EQ_RA_MAIN}
#   - {width: 15}
#   - {precision: '11'}
# - name: DE_ICRS_1
#   unit: deg
#   datatype: float64
#   format: '{:15.11f}'
#   description: Declination (ICRS) at Ep=2016.0 (dec)
#   meta: !!omap
#   - {ucd: POS_EQ_DEC_MAIN}
#   - {width: 15}
#   - {precision: '11'}
# - name: e_RA_ICRS
#   unit: mas
#   datatype: float64
#   format: '{:7.4f}'
#   description: Standard error of right ascension (ra_error)
#   meta: !!omap
#   - {ucd: ERROR}
#   - {width: 7}
#   - {precision: '4'}
# - name: e_DE_ICRS
#   unit: mas
#   datatype: float64
#   format: '{:7.4f}'
#   description: Standard error of declination (dec_error)
#   meta: !!omap
#   - {ucd: ERROR}
#   - {width: 7}
#   - {precision: '4'}
# - name: _r_1
#   unit: ''
#   datatype: float64
#   format: '{:7.4f}'
#   description: Distance from center (253.53510993000-41.80079542000)[ICRS], at Epoch=J2016.0
#   meta: !!omap
#   - {ucd: POS_ANG_DIST_GENERAL}
#   - {width: 7}
#   - {precision: '4'}
# - name: HIP
#   datatype: int32
#   description: '? HIP cross-id number, van Leeuwen, Cat. I/311 (hip_original_ext_source_id)'
#   meta: !!omap
#   - {ucd: ID_NUMBER}
#   - {width: 6}
#   - values: {'null': -2147483648}
# - name: TYC2
#   datatype: string
#   description: Tycho-2 cross-id name, Hog et al., Cat. I/259 (tyc2_original_ext_source_id)
#   meta: !!omap
#   - {ucd: ID_CROSSID}
#   - {_votable_string_dtype: char}
# - name: Source
#   datatype: int64
#   description: Source identifier, identical to the Gaia-EDR3 source_id (id)
#   meta: !!omap
#   - {ucd: ID_MAIN}
#   - {width: 19}
# - name: rgeo
#   unit: pc
#   datatype: float64
#   format: '{:15.8f}'
#   description: '? Median of the geometric distance posterior (r_med_geo)'
#   meta: !!omap
#   - {ucd: PHYS_DISTANCE_TRUE}
#   - {width: 15}
#   - {precision: '8'}
#   - values: {'null': .nan}
# - name: Plx
#   unit: mas
#   datatype: float64
#   format: '{:9.4f}'
#   description: '? Parallax (parallax)'
#   meta: !!omap
#   - {ucd: POS_PARLX_TRIG}
#   - {width: 9}
#   - {precision: '4'}
#   - values: {'null': .nan}
# - name: e_Plx
#   unit: mas
#   datatype: float32
#   format: '{:7.4f}'
#   description: '? Standard error of parallax (parallax_error)'
#   meta: !!omap
#   - {ucd: ERROR}
#   - {width: 7}
#   - {precision: '4'}
#   - values: {'null': .nan}
# - name: pmRA
#   unit: mas / yr
#   datatype: float64
#   format: '{:9.3f}'
#   description: '? Proper motion in right ascension direction, pmRA*cosDE (pmra)'
#   meta: !!omap
#   - {ucd: POS_EQ_PMRA}
#   - {width: 9}
#   - {precision: '3'}
#   - values: {'null': .nan}
# - name: pmDE
#   unit: mas / yr
#   datatype: float64
#   format: '{:9.3f}'
#   description: '? Proper motion in declination direction (pmdec)'
#   meta: !!omap
#   - {ucd: POS_EQ_PMDEC}
#   - {width: 9}
#   - {precision: '3'}
#   - values: {'null': .nan}
# - name: e_pmRA
#   unit: mas / yr
#   datatype: float32
#   format: '{:6.3f}'
#   description: '? Standard error of proper motion in right ascension direction (pmra_error)'
#   meta: !!omap
#   - {ucd: ERROR}
#   - {width: 6}
#   - {precision: '3'}
#   - values: {'null': .nan}
# - name: e_pmDE
[...]
#         value: !astropy.table.SerializedColumn {name: SkyCoord.dec}
#       distance: !astropy.table.SerializedColumn
#         __class__: astropy.coordinates.distances.Distance
#         unit: !astropy.units.Unit {unit: pc}
#         value: !astropy.table.SerializedColumn {name: SkyCoord.distance}
#       frame: icrs
#       obstime: !astropy.time.Time {format: jyear_str, in_subfmt: '*', jd1: 367701545.0, jd2: 0.0, out_subfmt: '*', precision: 3, scale: tt}
#       pm_dec: !astropy.table.SerializedColumn
#         __class__: astropy.units.quantity.Quantity
#         unit: !astropy.units.Unit {unit: mas / yr}
#         value: !astropy.table.SerializedColumn {name: SkyCoord.pm_dec}
#       pm_ra_cosdec: !astropy.table.SerializedColumn
#         __class__: astropy.units.quantity.Quantity
#         unit: !astropy.units.Unit {unit: mas / yr}
#         value: !astropy.table.SerializedColumn {name: SkyCoord.pm_ra_cosdec}
#       ra: !astropy.table.SerializedColumn
#         __class__: astropy.coordinates.angles.Longitude
#         unit: *id001
#         value: !astropy.table.SerializedColumn {name: SkyCoord.ra}
#         wrap_angle: !astropy.coordinates.Angle
#           unit: *id001
#           value: 360.0
#       representation_type: spherical
# schema: astropy-2.0
RA_ICRS_1 DE_ICRS_1 e_RA_ICRS e_DE_ICRS _r_1 HIP TYC2 Source rgeo Plx e_Plx pmRA pmDE e_pmRA e_pmDE RUWE Teff logg Gmag BP-RP BPmag RPmag RV e_RV b_rgeo B_rgeo FG e_FG FBP e_FBP FRP e_FRP RAVE5 RAVE6 e_Gmag e_BPmag e_RPmag e_BP-RP SkyCoord.ra SkyCoord.dec SkyCoord.distance SkyCoord.pm_ra_cosdec SkyCoord.pm_dec rmRA rmDE e_rmRA e_rmDE rRV e_rRV v_pec v_pec3d e_vpec e_vpec3d
[from data line 4664]
254.18843266598 -41.8680786101 0.0695 0.0447 29.4841 "" "" 5966468791222432640 1423.26306 0.7 0.0741 -1.439 -2.627 0.098 0.075 1.278 "" "" 16.799688 1.634966 16.960964 15.325998 "" "" 1280.54004 1774.27295 3589.80938 4.5542 2244.0 23.227 5871.6 19.068 "" "" 0.003080432331021095 0.01157933 0.0051687397 0.01674807 254.18843266598 -41.8680786101 1423.26306 -1.439 -2.627 -0.8634929552078248 -0.43101134490966775 0.24416903 0.22116902 "" "" 6.510727307385085 "" 1.5609974686139085 ""
253.87083268242 -41.44561370752 0.0583 0.0366 26.0938 "" "" 5966544932416060672 1252.78284 0.7688 0.066 4.272 -5.706 0.09 0.064 1.018 5162.0 4.7001 16.800627 1.485151 17.444578 15.959427 "" "" 1168.32629 1359.98767 3586.70948 2.3688 1437.4 9.2604 3276.3 13.131 "" "" 0.002847097961289943 0.0075307717 0.005763612 0.013294384 253.87083268242 -41.44561370752 1252.78284 4.272000000000004 -5.706000000000003 4.8475070447921755 -3.5100113449096684 0.23616903 0.21016902 "" "" 35.53921742409394 "" 8.087355481114084 ""
253.67845727935 -41.9365958324 0.0561 0.0385 10.364 "" "" 5966505349995265280 1302.98682 0.7661 0.0602 -4.818 3.4 0.073 0.061 1.043 5242.6 4.6683 16.800909 1.594185 17.399412 15.805227 "" "" 1207.44421 1433.88391 3585.7745 2.4504 1498.5 12.22 3776.3 22.298 "" "" 0.002853469557963205 0.009283216 0.0074420604 0.016725276 253.67845727935 -41.9365958324 1302.98682 -4.8180000000000005 3.4 -4.242492955207824 5.595988655090332 0.21916902 0.20716903 "" "" 43.371331530297525 "" 9.178574975521853 ""
253.3776367727 -41.76032578957 0.0615 0.042 7.4524 "" "" 5966517204105322752 1557.14673 0.6508 0.0737 -1.148 -5.927 0.082 0.065 1.097 5203.0 4.6531 16.801651 1.510807 17.478453 15.967646 "" "" 1399.62439 1738.38513 3583.3244 2.3767 1393.3 8.5174 3251.6 11.73 "" "" 0.0028478729839610264 0.00719985 0.0054428494 0.012642699 253.3776367727 -41.76032578957 1557.14673 -1.1479999999999997 -5.927 -0.5724929552078246 -3.7310113449096676 0.22816902 0.21116902 "" "" 27.860428210928905 "" 5.8945816965423905 ""
253.8589240354 -42.18684310318 0.0545 0.037 27.2951 "" "" 5966449339311283200 1670.15417 0.5712 0.0621 -1.523 -5.315 0.072 0.058 0.994 4662.2 4.1747 16.80269 2.070158 17.86269 15.792532 "" "" 1511.49158 1871.61169 3579.89567 2.0218 978.0 6.783 3820.7 8.364 "" "" 0.0028227267442523228 0.008030514 0.004464636 0.012495151 253.8589240354 -42.18684310318 1670.15417 -1.5229999999999997 -5.314999999999998 -0.9474929552078246 -3.1190113449096684 0.21816902 0.20416902 "" "" 25.805916758444052 "" 5.30024444639059 ""
254.19443673104 -41.76727355136 0.0711 0.0434 29.5665 "" "" 5966486864454893696 1215.05005 0.8248 0.0699 -2.407 -7.726 0.098 0.073 1.033 8546.6 4.4351 16.802944 2.044006 17.83003 15.786024 "" "" 1122.77148 1317.03918 3579.05892 2.4365 1007.9 8.3635 3843.7 11.052 "" "" 0.0028527364424744818 0.009431541 0.004902024 0.014333565 254.19443673104 -41.76727355136 1215.05005 -2.4070000000000027 -7.726000000000001 -1.8314929552078247 -5.530011344909668 0.24416903 0.21916902 "" "" 33.55049591492797 "" 7.440349828204364 ""
254.22444576532 -41.68945359829 0.0711 0.0494 31.5741 "" "" 5966487620369305088 1477.4458 0.6764 0.0732 -4.205 -3.235 0.116 0.097 1.042 5193.1 4.6542 16.803247 1.48526 17.488472 16.003212 "" "" 1330.10522 1619.88684 3578.06145 2.3348 1380.5 10.156 3146.8 11.612 "" "" 0.0028449481622219597 0.008460799 0.005507772 0.013968571 254.22444576532 -41.68945359829 1477.4458 -4.205 -3.2350000000000003 -3.629492955207825 -1.0390113449096678 0.262169 0.24316902 "" "" 26.438660112437233 "" 6.89463018611795 ""
253.4893470419 -41.56537211621 0.0594 0.0401 14.2735 "" "" 5966528645898299904 1525.63 0.6413 0.0608 -1.554 -2.522 0.081 0.063 1.043 4762.3 4.373 16.80327 1.38361 17.417135 16.033525 "" "" 1413.83472 1735.69153 3577.98271 3.3486 1474.2 9.5677 3060.2 9.5346 "" "" 0.002936717519223244 0.0075788307 0.0050721886 0.012651019 253.4893470419 -41.56537211621 1525.63 -1.5540000000000014 -2.522 -0.9784929552078248 -0.32601134490966777 0.22716902 0.20916903 "" "" 7.458365209186997 "" 1.681377886603293 ""
254.05661525933 -41.99150498129 0.0614 0.0405 25.9501 "" "" 5966454703745341440 1587.7334 0.6095 0.0674 -0.136 -1.762 0.085 0.066 1.103 5999.0 4.5566 16.803343 1.633773 17.228588 15.594815 "" "" 1445.36267 1767.35388 3577.74747 5.5986 1753.8 55.759 4583.9 120.79 "" "" 0.003237035572344893 0.034631662 0.028858699 0.06349036 254.05661525933 -41.99150498129 1587.7334 -0.13599999999999995 -1.7619999999999998 0.4395070447921753 0.433988655090332 0.23116902 0.21216902 "" "" 4.648473533476711 "" 1.0319257075894193 ""
253.0691348424 -41.73427637487 0.0724 0.0408 21.2314 "" "" 5969522478605763968 1704.39368 0.5885 0.0809 0.077 -2.74 0.091 0.065 1.027 "" "" 16.80383 1.73206 17.607485 15.875424 "" "" 1472.52246 2003.28528 3576.1466 2.5237 1237.2 6.6482 3539.9 11.787 "" "" 0.002859871352633962 0.006467153 0.0052300724 0.011697225 253.0691348424 -41.73427637487 1704.39368 0.07699999999999929 -2.74 0.6525070447921753 -0.5440113449096682 0.23716903 0.21116902 "" "" 6.863264838009687 "" 1.5570556978611114 ""
253.49599602733 -41.91206025021 0.0576 0.0418 6.9009 "" "" 5966503357130553728 1609.94971 0.5954 0.0662 0.703 -2.034 0.073 0.063 0.949 5161.1 4.658 16.80395 1.428804 17.450462 16.021658 "" "" 1484.99402 1769.26538 3575.7465 2.3933 1429.7 11.878 3093.8 13.191 "" "" 0.0028495405311575006 0.009442009 0.0059760856 0.015418095 253.49599602733 -41.91206025021 1609.94971 0.7029999999999998 -2.034 1.2785070447921751 0.16198865509033222 0.21916902 0.20916903 "" "" 9.83449382044656 "" 2.1538974812130935 ""
253.1479234422 -41.97844205537 0.0679 0.0415 20.3148 "" "" 5965015099410886272 1568.4845 0.6463 0.0777 -3.539 -10.186 0.086 0.067 1.059 4946.0 4.6168 16.80461 1.591848 17.481098 15.88925 "" "" 1404.38892 1855.53076 3573.5771 2.8045 1389.9 11.983 3495.1 33.623 "" "" 0.0028840626082063175 0.009767647 0.01110757 0.020875216 253.1479234422 -41.97844205537 1568.4845 -3.5389999999999997 -10.186 -2.963492955207825 -7.990011344909668 0.23216903 0.21316902 "" "" 63.35696795334981 "" 13.65695823534842 ""
253.36936912316 -42.25415927746 0.0742 0.0432 28.187 "" "" 5964991180746027392 1608.20227 0.6282 0.0829 -1.911 -2.024 0.105 0.069 1.057 4956.4 4.5146 16.80614 1.736521 17.61014 15.873619 "" "" 1430.1228 1850.39929 3568.53946 2.7152 1234.1 12.015 3545.8 15.039 "" "" 0.0028764978655771074 0.010932596 0.0059573227 0.016889919 253.36936912316 -42.25415927746 1608.20227 -1.911 -2.024 -1.3354929552078247 0.171988655090332 0.25116903 0.21516901 "" "" 10.264374050790995 "" 2.5724902948527513 ""
252.90819187995 -42.08348364415 0.0615 0.0387 32.7184 "" "" 5968010100401494016 1275.02014 0.7772 0.0711 2.196 -7.685 0.118 0.077 0.972 5111.2 4.6782 16.806913 1.531753 17.510328 15.978575 "" "" 1168.68384 1402.08972 3566.00181 2.3262 1353.0 7.8413 3219.1 12.583 "" "" 0.0028448927775608156 0.0068832426 0.005682882 0.012566125 252.90819187995 -42.08348364415 1275.02014 2.1959999999999997 -7.685 2.7715070447921755 -5.489011344909668 0.26416904 0.22316903 "" "" 37.16221389169298 "" 8.62480095347502 ""
253.66691663136 -41.99900839528 0.071 0.0476 13.2698 "" "" 5966499298370994560 1535.20789 0.6423 0.0748 -0.974 -1.951 0.091 0.076 1.198 5941.5 3.4322 16.807156 2.224993 17.831753 15.60676 "" "" 1379.26892 1728.354 3565.20657 19.373 1006.3 24.786 4533.7 55.669 "" "" 0.006511474348635216 0.026887741 0.013857036 0.040744778 253.66691663136 -41.99900839528 1535.20789 -0.9740000000000005 -1.9509999999999996 -0.3984929552078247 0.24498865509033196 0.23716903 0.22216901 "" "" 3.4039654916146045 "" 0.7936369900673181 ""
253.89899274051 -41.51338494753 0.0587 0.0389 23.7374 "" "" 5966537957376421376 1244.47473 0.8113 0.0667 2.011 -1.392 0.092 0.066 1.045 4970.8 4.6378 16.809158 1.449932 17.45043 16.000498 "" "" 1146.93799 1384.09375 3558.63658 2.1507 1429.7 8.107 3154.7 17.568 "" "" 0.0028323765051693458 0.0067593292 0.007130307 0.013889637 253.89899274051 -41.51338494753 1244.47473 2.011000000000001 -1.392 2.5865070447921754 0.8039886550903321 0.23816901 0.21216902 "" "" 15.977411183359216 "" 3.7705620874424777 ""
253.42504470763 -41.33801122119 0.0568 0.0374 28.2032 "" "" 5969557663017249408 1382.26746 0.6985 0.0585 -3.963 -3.355 0.077 0.061 0.934 4568.2 4.2897 16.809223 1.328608 17.399672 16.071064 "" "" 1288.90771 1491.77466 3558.42183 1.9837 1498.1 10.8 2956.2 8.503 "" "" 0.0028210158718156514 0.008309654 0.004902697 0.013212351 253.42504470763 -41.33801122119 1382.26746 -3.9630000000000027 -3.3550000000000004 -3.387492955207825 -1.159011344909668 0.22316903 0.20716903 "" "" 23.457817538499746 "" 5.196997713965427 ""
254.09129860692 -41.52939131728 0.0607 0.04 29.7769 "" "" 5966493221006717184 1231.90295 0.7935 0.0656 -6.289 -4.89 0.088 0.068 1.013 4710.3 4.3807 16.80992 1.413736 17.451305 16.037569 "" "" 1133.8667 1385.64893 3556.14406 2.136 1428.5 9.4872 3048.8 8.148 "" "" 0.002831446000195956 0.0077317767 0.0047648037 0.01249658 254.09129860692 -41.52939131728 1231.90295 -6.288999999999999 -4.89 -5.713492955207824 -2.6940113449096676 0.23416902 0.21416903 "" "" 36.88506306206344 "" 8.507919539724714 ""
253.42119355367 -42.22973337383 0.0683 0.0404 26.2325 "" "" 5964996953171207552 1252.98157 0.7865 0.0767 -8.047 -6.852 0.099 0.066 1.02 4811.5 4.3624 16.810228 1.692389 17.62573 15.933342 "" "" 1135.58447 1383.64539 3555.12835 2.4835 1216.5 7.8276 3356.0 11.081 "" "" 0.0028578054986533033 0.0075227655 0.0052091735 0.01273194 253.42119355367 -42.22973337383 1252.98157 -8.047 -6.852 -7.471492955207825 -4.656011344909668 0.24516901 0.21216902 "" "" 52.285166481518516 "" 12.360364952612928 ""
253.85215685728 -41.46343856198 0.0618 0.0415 24.736 "" "" 5966539018231471104 1397.20911 0.7226 0.0687 -1.856 -5.004 0.096 0.072 1.025 4420.0 4.3818 16.810366 1.41411 17.454132 16.040022 "" "" 1293.40234 1525.87817 3554.67854 2.3838 1424.8 8.1915 3041.9 9.1307 "" "" 0.0028498992549585577 0.0068373545 0.0049904673 0.011827822 253.85215685728 -41.46343856198 1397.20911 -1.856 -5.004 -1.2804929552078248 -2.8080113449096675 0.24216902 0.21816902 "" "" 20.439152945021544 "" 4.547408761343461 ""
253.53703630935 -41.80566665999 0.0883 0.054 0.3047 "" "" 5966509954200399104 1213.48267 0.8649 0.0946 -1.028 -2.865 0.099 0.08 1.308 "" "" 16.811117 1.81142 17.639832 15.828411 "" "" 1072.33203 1424.09375 3552.21814 3.7354 1200.8 15.584 3696.5 13.416 "" "" 0.0029825034830963776 0.014364291 0.0054600043 0.019824296 253.53703630935 -41.80566665999 1213.48267 -1.0279999999999996 -2.8649999999999998 -0.45249295520782473 -0.6690113449096682 0.24516901 0.22616902 "" "" 4.645626415848507 "" 1.079179337800279 ""
253.51368486422 -41.34688931384 0.0649 0.043 27.2513 "" "" 5969557040207512064 1586.26221 0.6328 0.0685 -3.992 -6.716 0.094 0.071 1.057 5038.4 4.3745 16.811176 1.488917 17.473572 15.984654 "" "" 1438.77014 1759.77612 3552.02985 2.1756 1399.5 9.049 3201.1 12.387 "" "" 0.002834435529960304 0.007554391 0.005651129 0.01320552 253.51368486422 -41.34688931384 1586.26221 -3.9919999999999987 -6.715999999999999 -3.4164929552078247 -4.520011344909668 0.24016902 0.21716902 "" "" 42.60157280464055 "" 9.619558063131754 ""
253.9716702501 -42.16809512478 0.0833 0.0567 29.4069 "" "" 5966446697918973824 1255.19995 0.7944 0.1 -3.774 -3.86 0.141 0.094 1.358 "" "" 16.812037 1.509596 17.22833 15.718735 "" "" 1128.67468 1456.98584 3549.21657 3.3473 1754.2 41.143 4089.4 77.221 "" "" 0.002939438752938754 0.025617257 0.02084762 0.046464875 253.9716702501 -42.16809512478 1255.19995 -3.7740000000000022 -3.8600000000000056 -3.1984929552078247 -1.6640113449096678 0.28716904 0.24016902 "" "" 21.4511750503829 "" 5.959671982476182 ""
253.16040061529 -41.5141090041 0.0584 0.0411 24.0423 "" "" 5969528762149156480 1175.22156 0.8312 0.0633 -3.031 -9.231 0.08 0.064 1.009 4755.3 4.4986 16.812145 1.465008 17.490908 16.0259 "" "" 1094.99268 1269.84314 3548.85541 2.1477 1377.4 6.0219 3081.8 6.9021 "" "" 0.0028325829815351393 0.005506072 0.004494068 0.01000014 253.16040061529 -41.5141090041 1175.22156 -3.0310000000000006 -9.231000000000002 -2.455492955207825 -7.035011344909668 0.22616902 0.21016902 "" "" 41.50745138409817 "" 8.798128994723347 ""
254.11606817613 -41.75280516773 0.0724 0.0696 26.1538 "" "" 5966481951002419456 1160.66382 0.8625 0.0864 -5.561 -4.262 0.102 0.098 1.056 "" "" 16.81216 "" "" "" "" "" 1066.49011 1255.2854 3548.80955 4.3858 "" "" "" "" "" "" 0.003064675885600531 "" "" "" 254.11606817613 -41.75280516773 1160.66382 -5.561 -4.261999999999999 -4.985492955207825 -2.0660113449096675 0.24816902 0.24416903 "" "" 29.689773983900547 "" 7.350796569973014 ""
253.79968874268 -41.37599257269 0.0575 0.0395 28.1179 "" "" 5966557297610917120 1665.2478 0.5853 0.0672 -5.615 -7.545 0.09 0.066 0.975 4907.8 4.3415 16.81234 1.611063 17.564249 15.953186 "" "" 1500.71411 1851.45398 3548.22092 2.1963 1287.4 9.228 3295.2 9.9762 "" "" 0.002836097380123782 0.008267535 0.0050088414 0.013276376 253.79968874268 -41.37599257269 1665.2478 -5.615 -7.545 -5.039492955207825 -5.349011344909668 0.23616903 0.21216902 "" "" 58.008002746819216 "" 12.980766025276502 ""
253.23236555965 -42.27153926741 0.0713 0.0442 31.3013 "" "" 5965001900973508992 1358.48645 0.7508 0.0731 -2.853 -6.827 0.105 0.08 1.046 5092.6 4.6579 16.812365 1.580207 17.513416 15.933209 "" "" 1202.30273 1503.43799 3548.1414 2.3871 1349.1 11.739 3356.4 15.402 "" "" 0.002850500876804015 0.009850786 0.0062535424 0.01610433 253.23236555965 -42.27153926741 1358.48645 -2.852999999999999 -6.826999999999998 -2.277492955207825 -4.631011344909668 0.25116903 0.22616902 "" "" 33.23117181879067 "" 7.684706380305354 ""
253.93375294403 -42.12682227281 0.057 0.0403 26.4379 "" "" 5966452844006034944 1381.54419 0.7054 0.0638 -3.077 -2.159 0.076 0.061 1.126 4653.1 4.4271 16.812475 1.747392 17.64061 15.893218 "" "" 1270.8811 1532.75342 3547.77752 2.4788 1200.0 12.223 3482.3 8.4798 "" "" 0.0028578408438041793 0.011405671 0.004612363 0.016018033 253.93375294403 -42.12682227281 1381.54419 -3.077 -2.159 -2.5014929552078247 0.03698865509033222 0.22216901 0.20716903 "" "" 16.382866015681746 "" 3.6397132481805676 ""
253.92818231703 -41.56598447752 0.0556 0.0376 22.5549 "" "" 5966534693213978240 1578.87036 0.6087 0.0608 -0.049 -4.544 0.079 0.06 0.995 4796.6 4.3628 16.812489 1.385351 17.437857 16.052505 "" "" 1422.17932 1735.77771 3547.7334 2.2007 1446.4 6.98 3007.2 11.015 "" "" 0.002836438693517805 0.0059361258 0.0054863095 0.011422435 253.92818231703 -41.56598447752 1578.87036 -0.04899999999999993 -4.543999999999999 0.5265070447921752 -2.3480113449096676 0.22516903 0.20616902 "" "" 18.008513126149847 "" 3.7298937760418296 ""
252.87843925581 -41.9751544348 0.0634 0.039 31.1413 "" "" 5968015116923246592 1673.66174 0.5999 0.0711 -2.471 -3.389 0.105 0.075 0.986 4960.5 4.6982 16.812506 1.297401 17.39188 16.094479 "" "" 1466.3988 2027.94189 3547.68111 2.1228 1508.9 8.9964 2893.1 9.4832 "" "" 0.0028308749062911816 0.007049112 0.0051912903 0.012240402 252.87843925581 -41.9751544348 1673.66174 -2.4709999999999988 -3.389000000000001 -1.8954929552078248 -1.1930113449096678 0.25116903 0.22116902 "" "" 17.767737788320133 "" 4.31815531685526 ""
253.00549244672 -41.91383454933 0.0718 0.0395 24.6204 "" "" 5968017693871474048 1459.8335 0.7057 0.0803 0.681 -2.501 0.099 0.066 1.064 4905.5 4.6748 16.812744 1.493498 17.423876 15.930378 "" "" 1266.22485 1667.06787 3546.90406 2.4798 1465.1 15.513 3365.2 30.52 "" "" 0.0028579717269915646 0.01182991 0.0105472505 0.02237716 253.00549244672 -41.91383454933 1459.8335 0.681 -2.5009999999999994 1.2565070447921753 -0.30501134490966786 0.24516901 0.21216902 "" "" 8.947037684084783 "" 2.1781585189765327 ""
