Clusters/NGC_6231/NGC_6231_members.tsv
# %ECSV 1.0
# ---
# datatype:
# - name: RA_ICRS_1
#   unit: deg
#   datatype: float64
#   format: '{:15.11f}'
#   description: Right ascension (ICRS) at Ep=2016.0 (ra)
#   meta: !!omap
#   - {ucd: POS_EQ_RA_MAIN}
#   - {width: 15}
#   - {precision: '11'}
# - name: DE_ICRS_1
#   unit: deg
#   datatype: float64
#   format: '{:15.11f}'
#   description: Declination (ICRS) at Ep=2016.0 (dec)
#   meta: !!omap
#   - {ucd: POS_EQ_DEC_MAIN}
#   - {width: 15}
#   - {precision: '11'}
# - name: e_RA_ICRS
#   unit: mas
#   datatype: float64
#   format: '{:7.4f}'
#   description: Standard error of right ascension (ra_error)
#   meta: !!omap
#   - {ucd: ERROR}
#   - {width: 7}
#   - {precision: '4'}
# - name: e_DE_ICRS
#   unit: mas
#   datatype: float64
#   format: '{:7.4f}'
#   description: Standard error of declination (dec_error)
#   meta: !!omap
#   - {ucd: ERROR}
#   - {width: 7}
#   - {precision: '4'}
# - name: _r_1
#   unit: ''
#   datatype: float64
#   format: '{:7.4f}'
#   description: Distance from center (253.53510993000-41.80079542000)[ICRS], at Epoch=J2016.0
#   meta: !!omap
#   - {ucd: POS_ANG_DIST_GENERAL}
#   - {width: 7}
#   - {precision: '4'}
# - name: HIP
#   datatype: int32
#   description: '? HIP cross-id number, van Leeuwen, Cat. I/311 (hip_original_ext_source_id)'
#   meta: !!omap
#   - {ucd: ID_NUMBER}
#   - {width: 6}
#   - values: {'null': -2147483648}
# - name: TYC2
#   datatype: string
#   description: Tycho-2 cross-id name, Hog et al., Cat. I/259 (tyc2_original_ext_source_id)
#   meta: !!omap
#   - {ucd: ID_CROSSID}
#   - {_votable_string_dtype: char}
# - name: Source
#   datatype: int64
#   description: Source identifier, identical to the Gaia-EDR3 source_id (id)
#   meta: !!omap
#   - {ucd: ID_MAIN}
#   - {width: 19}
# - name: rgeo
#   unit: pc
#   datatype: float64
#   format: '{:15.8f}'
#   description: '? Median of the geometric distance posterior (r_med_geo)'
#   meta: !!omap
#   - {ucd: PHYS_DISTANCE_TRUE}
#   - {width: 15}
#   - {precision: '8'}
#   - values: {'null': .nan}
# - name: Plx
#   unit: mas
#   datatype: float64
#   format: '{:9.4f}'
#   description: '? Parallax (parallax)'
#   meta: !!omap
#   - {ucd: POS_PARLX_TRIG}
#   - {width: 9}
#   - {precision: '4'}
#   - values: {'null': .nan}
# - name: e_Plx
#   unit: mas
#   datatype: float32
#   format: '{:7.4f}'
#   description: '? Standard error of parallax (parallax_error)'
#   meta: !!omap
#   - {ucd: ERROR}
#   - {width: 7}
#   - {precision: '4'}
#   - values: {'null': .nan}
# - name: pmRA
#   unit: mas / yr
#   datatype: float64
#   format: '{:9.3f}'
#   description: '? Proper motion in right ascension direction, pmRA*cosDE (pmra)'
#   meta: !!omap
#   - {ucd: POS_EQ_PMRA}
#   - {width: 9}
#   - {precision: '3'}
#   - values: {'null': .nan}
# - name: pmDE
#   unit: mas / yr
#   datatype: float64
#   format: '{:9.3f}'
#   description: '? Proper motion in declination direction (pmdec)'
#   meta: !!omap
#   - {ucd: POS_EQ_PMDEC}
#   - {width: 9}
#   - {precision: '3'}
#   - values: {'null': .nan}
# - name: e_pmRA
#   unit: mas / yr
#   datatype: float32
#   format: '{:6.3f}'
#   description: '? Standard error of proper motion in right ascension direction (pmra_error)'
#   meta: !!omap
#   - {ucd: ERROR}
#   - {width: 6}
#   - {precision: '3'}
#   - values: {'null': .nan}
# - name: e_pmDE
[...]
#       distance: !astropy.table.SerializedColumn
#         __class__: astropy.coordinates.distances.Distance
#         unit: !astropy.units.Unit {unit: pc}
#         value: !astropy.table.SerializedColumn {name: SkyCoord.distance}
#       frame: icrs
#       obstime: !astropy.time.Time {format: jyear_str, in_subfmt: '*', jd1: 367701545.0, jd2: 0.0, out_subfmt: '*', precision: 3, scale: tt}
#       pm_dec: !astropy.table.SerializedColumn
#         __class__: astropy.units.quantity.Quantity
#         unit: !astropy.units.Unit {unit: mas / yr}
#         value: !astropy.table.SerializedColumn {name: SkyCoord.pm_dec}
#       pm_ra_cosdec: !astropy.table.SerializedColumn
#         __class__: astropy.units.quantity.Quantity
#         unit: !astropy.units.Unit {unit: mas / yr}
#         value: !astropy.table.SerializedColumn {name: SkyCoord.pm_ra_cosdec}
#       ra: !astropy.table.SerializedColumn
#         __class__: astropy.coordinates.angles.Longitude
#         unit: *id001
#         value: !astropy.table.SerializedColumn {name: SkyCoord.ra}
#         wrap_angle: !astropy.coordinates.Angle
#           unit: *id001
#           value: 360.0
#       representation_type: spherical
# schema: astropy-2.0
RA_ICRS_1 DE_ICRS_1 e_RA_ICRS e_DE_ICRS _r_1 HIP TYC2 Source rgeo Plx e_Plx pmRA pmDE e_pmRA e_pmDE RUWE Teff logg Gmag BP-RP BPmag RPmag RV e_RV b_rgeo B_rgeo FG e_FG FBP e_FBP FRP e_FRP RAVE5 RAVE6 e_Gmag e_BPmag e_RPmag e_BP-RP SkyCoord.ra SkyCoord.dec SkyCoord.distance SkyCoord.pm_ra_cosdec SkyCoord.pm_dec rmRA rmDE e_rmRA e_rmDE rRV e_rRV v_pec v_pec3d e_vpec e_vpec3d Pmemb
253.54192153956 -41.8250490169 0.0269 0.0178 1.4868 82691 7876-2204-1 5966509885480902656 1395.10229 0.6917 0.0317 -0.455 -2.323 0.037 0.03 0.797 "" "" 5.993099 0.286374 6.069148 5.782774 "" "" 1339.26111 1473.16772 75458299.78955 81229.0 51022000.0 109070.0 38552000.0 94870.0 "" "" 0.002992959847093487 0.003629327 0.004628425 0.008257752 253.54192153956 -41.8250490169 1395.10229 -0.455 -2.3229999999999995 0.12050704479217528 -0.12701134490966792 0.18316902 0.17616902 "" "" 1.1577819180302376 "" 0.20784411981167658 "" 0.8
253.60820125394 -41.83216725304 0.0171 0.0119 3.7717 "" 7876-2319-1 5966509267005564288 1359.21338 0.7085 0.0195 -0.578 -2.12 0.023 0.019 0.735 6973.8 2.2767 7.447832 0.32622 7.540328 7.214108 "" "" 1319.77307 1398.4292 19761227.17079 7809.2 13161000.0 8869.4 10316000.0 8664.3 "" "" 0.0027885266701096435 0.0028845146 0.0038878382 0.006772353 253.60820125394 -41.83216725304 1359.21338 -0.578 -2.120000000000001 -0.0024929552078246653 0.07598865509033192 0.16916902 0.16516902 "" "" 0.4898333265388652 "" 0.08090742035467656 "" 0.8
253.6333527238 -41.80524693868 0.0233 0.0161 4.4022 "" 7876-1997-1 5966509438804267264 1337.18201 0.7186 0.0268 -0.143 -2.501 0.031 0.026 0.985 "" "" 7.802401 0.355841 7.908317 7.552476 "" "" 1281.79822 1389.88782 14255625.02347 9370.3 9377600.0 13287.0 7553800.0 14144.0 "" "" 0.002846243199428073 0.00318616 0.004291468 0.007477628 253.6333527238 -41.80524693868 1337.18201 -0.14300000000000002 -2.500999999999998 0.4325070447921753 -0.30501134490966786 0.17716902 0.17216903 "" "" 3.3544473098731693 "" 0.5887863427899765 "" 0.9
253.46397271734 -41.54480418702 0.0188 0.013 15.6869 "" 7876-1830-1 5966528916466955008 1559.07593 0.6116 0.0221 -0.676 -2.219 0.028 0.021 0.909 17184.2 3.3492 8.528769 0.391205 8.650583 8.259378 "" "" 1500.31995 1623.40955 7301959.92002 2505.1 4733500.0 3102.6 3939200.0 1501.5 "" "" 0.002780384003817408 0.002879496 0.0038019728 0.006681469 253.46397271734 -41.54480418702 1559.07593 -0.6760000000000004 -2.2190000000000003 -0.10049295520782475 -0.02301134490966783 0.17416902 0.16716902 "" "" 0.7618661104615577 "" 0.13243285458069612 "" 0.8
253.55876069271 -41.83570552349 0.0166 0.012 2.3464 "" "" 5966509129566636160 1533.85645 0.6213 0.019 -0.532 -2.273 0.022 0.018 0.858 19158.5 3.5223 8.722976 0.265883 8.796134 8.530251 "" "" 1490.48291 1580.71228 6105994.49518 2133.3 4139600.0 2856.5 3069400.0 1526.6 "" "" 0.002781309475295507 0.002889006 0.003817765 0.006706771 253.55876069271 -41.83570552349 1533.85645 -0.532 -2.273 0.043507044792175265 -0.0770113449096681 0.16816902 0.16416901 "" "" 0.6430824541597975 "" 0.10620228267845112 "" 1.0
253.47878405423 -42.10383451528 0.0203 0.0139 18.3552 "" 7876-213-1 5964998812904256128 1650.94775 0.5791 0.0231 -0.621 -2.349 0.027 0.022 1.042 "" "" 9.083749 0.499855 9.251321 8.751466 "" "" 1590.32715 1712.29614 4379729.93826 1421.6 2722000.0 1616.4 2503600.0 823.37 "" "" 0.002777766321995084 0.0028636933 0.0037962121 0.0066599054 253.47878405423 -42.10383451528 1650.94775 -0.621 -2.349 -0.045492955207824703 -0.15301134490966817 0.17316902 0.16816902 "" "" 1.2491917670506345 "" 0.21058955437185128 "" 0.9
253.62287615535 -41.65416294208 0.0162 0.0109 9.6358 "" 7876-2235-1 5966512840418512000 1502.93726 0.6368 0.0191 -0.448 -2.206 0.023 0.018 0.941 "" "" 9.12798 0.370378 9.242723 8.872345 "" "" 1456.85657 1543.21899 4204891.0398 1346.0 2743600.0 2538.5 2239900.0 1590.3 "" "" 0.0027771530240407153 0.0029655036 0.0038571947 0.0068226983 253.62287615535 -41.65416294208 1502.93726 -0.4480000000000003 -2.206 0.12750704479217528 -0.01001134490966793 0.16916902 0.16416901 "" "" 0.9111459006095098 "" 0.1541101594625544 "" 0.9
253.5471292916 -41.81500148985 0.0162 0.0109 1.0077 "" "" 5966509885480910848 1606.22498 0.5942 0.019 -0.616 -2.488 0.022 0.019 0.894 17436.6 3.4403 9.290636 0.313288 9.359719 9.046432 "" "" 1563.38428 1648.65942 3619864.46068 1117.4 2463400.0 7516.5 1908000.0 6656.6 "" "" 0.002775628880753763 0.0043313033 0.0053508794 0.009682182 253.5471292916 -41.81500148985 1606.22498 -0.6160000000000001 -2.488 -0.0404929552078247 -0.29201134490966796 0.16816902 0.16516902 "" "" 2.244503848519249 "" 0.3708506595327293 "" 0.8
253.64921748912 -41.8367363625 0.0172 0.0112 5.5394 "" "" 5966506380787511936 1655.76062 0.5774 0.0192 -0.618 -2.17 0.023 0.018 1.098 18192.5 3.3742 9.5949 0.399763 9.723346 9.323583 "" "" 1597.21301 1711.26184 2735185.32927 701.14 1762300.0 940.06 1478200.0 380.4 "" "" 0.002769341197472888 0.002849645 0.0037896957 0.006639341 253.64921748912 -41.8367363625 1655.76062 -0.618 -2.17 -0.0424929552078247 0.025988655090332102 0.16916902 0.16416901 "" "" 0.39092608492833536 "" 0.0656062502099781 "" 0.9
253.58878420728 -41.86161129109 0.0134 0.0094 4.3673 "" "" 5966508957767901952 1531.5271 0.6252 0.0155 -0.558 -2.151 0.019 0.015 0.819 16576.0 3.6121 9.652216 0.396585 9.753996 9.357411 "" "" 1494.65784 1563.20801 2594539.49844 952.4 1713200.0 6256.0 1432800.0 3794.0 "" "" 0.002783995681599837 0.004848101 0.0047486085 0.009596709 253.58878420728 -41.86161129109 1531.5271 -0.5580000000000007 -2.151 0.01750704479217524 0.04498865509033223 0.16516902 0.16116902 "" "" 0.3504493973211764 "" 0.05666792670114594 "" 0.9
253.41282167031 -41.79668321326 0.015 0.0104 5.4754 "" "" 5966516173313122816 1547.79504 0.6241 0.0183 -0.626 -2.369 0.021 0.017 0.863 17341.1 3.6792 9.656887 0.418911 9.793921 9.375011 -72.04 11.69 1507.54065 1586.05383 2583402.42854 1772.4 1651400.0 2871.0 1409800.0 2523.1 "" "" 0.0028542346092769654 0.00336868 0.0042496435 0.0076183234 253.41282167031 -41.79668321326 1547.79504 -0.6260000000000001 -2.369 -0.05049295520782471 -0.17301134490966819 0.16716902 0.16316903 -44.16142857142857 14.182354 1.3222582187197172 44.18121931620222 0.2161713999501367 14.176002538817624 0.8
253.49418675912 -41.8116182203 0.0229 0.0171 1.942 "" "" 5966510087336806144 1660.56067 0.5767 0.0292 -0.52 -2.184 0.031 0.03 1.164 15606.1 3.4905 9.701787 0.298142 9.79114 9.492997 "" "" 1585.12756 1721.23425 2478745.78315 1144.0 1655600.0 2241.3 1264600.0 1502.9 "" "" 0.0028005148805508753 0.0031536433 0.00399358 0.0071472237 253.49418675912 -41.8116182203 1660.56067 -0.5199999999999996 -2.184 0.055507044792175275 0.011988655090331868 0.17716902 0.17616902 "" "" 0.44697350423328885 "" 0.07916999195949821 "" 0.8
253.32720686316 -42.04979345048 0.0178 0.0131 17.588 "" "" 5965011487339578240 1437.65686 0.6677 0.0211 -0.593 -2.281 0.023 0.021 0.827 16275.9 3.5022 9.776064 0.517925 9.952871 9.434946 "" "" 1396.86621 1489.09863 2314841.82613 730.48 1426500.0 875.67 1334100.0 489.22 "" "" 0.002776540491949032 0.002868668 0.0038002955 0.0066689635 253.32720686316 -42.04979345048 1437.65686 -0.5930000000000003 -2.2810000000000006 -0.01749295520782468 -0.08501134490966811 0.16916902 0.16716902 "" "" 0.5914467003975654 "" 0.09891989237702324 "" 1.0
253.53138842506 -41.74463657447 0.0156 0.01 3.3736 "" 7876-2742-1 5966522426785490304 1461.43835 0.66 0.0183 -0.694 -2.271 0.023 0.017 0.826 17920.9 3.7281 9.830782 0.318068 9.928411 9.610342 "" "" 1419.01587 1499.67896 2201070.94438 591.35 1459000.0 667.23 1135100.0 294.69 "" "" 0.0027707178984531697 0.002834006 0.0037898787 0.0066238847 253.53138842506 -41.74463657447 1461.43835 -0.694 -2.271 -0.11849295520782466 -0.07501134490966788 0.16916902 0.16316903 "" "" 0.9714736313368718 "" 0.16269697389291726 "" 1.0
253.52746431558 -41.74067708287 0.0144 0.0095 3.6233 "" 7876-1828-1 5966522422487834368 1492.36621 0.6483 0.0166 -0.558 -2.433 0.02 0.016 0.829 16203.9 3.8849 9.955863 0.295754 10.045102 9.749348 "" "" 1461.4823 1533.41711 1961559.63579 475.68 1310300.0 621.37 998660.0 248.25 "" "" 0.0027678713986841012 0.002837278 0.0037890065 0.0066262847 253.52746431558 -41.74067708287 1492.36621 -0.5580000000000005 -2.4330000000000016 0.01750704479217524 -0.2370113449096678 0.16616902 0.16216902 "" "" 1.6811422158663247 "" 0.2726661316598235 "" 1.0
253.50472829101 -41.6499623027 0.0156 0.0105 9.1517 "" "" 5966523732455642112 1543.09424 0.6244 0.019 -0.654 -2.244 0.023 0.018 0.939 16589.1 3.7184 10.14937 0.313292 10.247065 9.933772 "" "" 1488.14954 1594.1261 1641340.83291 782.96 1087900.0 887.06 842650.0 1011.1 "" "" 0.0028035751354861865 0.0029272507 0.0039976197 0.0069248704 253.50472829101 -41.6499623027 1543.09424 -0.654 -2.244 -0.07849295520782473 -0.048011344909668185 0.16916902 0.16416901 "" "" 0.6730013055384214 "" 0.11294471903865527 "" 0.9
253.55935487522 -41.91704437703 0.0159 0.0105 7.0586 "" "" 5966502876094175104 1577.24414 0.61 0.0169 -0.614 -2.066 0.021 0.017 0.834 14712.4 3.7581 10.198583 0.529757 10.383614 9.853857 "" "" 1539.26245 1620.84973 1568605.16905 608.1 959340.0 794.99 907020.0 723.32 "" "" 0.002787283929601081 0.002931649 0.0038772938 0.006808943 253.55935487522 -41.91704437703 1577.24414 -0.614 -2.066 -0.0384929552078247 0.1299886550903322 0.16716902 0.16316903 "" "" 1.0135270509548757 "" 0.16570674234242067 "" 0.8
253.33082474289 -41.90834590168 0.0151 0.0101 11.1799 "" "" 5966514352246933376 1605.60364 0.6006 0.0181 -0.587 -2.237 0.019 0.016 0.922 15154.7 3.4119 10.469152 0.624047 10.696582 10.072535 "" "" 1561.20227 1650.67578 1222604.421 524.11 719090.0 771.93 741560.0 570.35 "" "" 0.002794355181016639 0.0030238188 0.003870537 0.0068943556 253.33082474289 -41.90834590168 1605.60364 -0.587 -2.237 -0.011492955207824673 -0.04101134490966807 0.16516902 0.16216902 "" "" 0.3241436613377798 "" 0.05263747523484906 "" 0.9
253.63711686515 -41.49356950469 0.0148 0.0096 18.9924 "" 7876-2534-1 5966549570980611840 1557.10486 0.6156 0.0173 -0.413 -2.134 0.02 0.016 0.807 "" "" 10.476739 0.411062 10.604866 10.193804 "" "" 1517.76721 1593.19788 1214090.67896 292.01 782470.0 962.7 663190.0 705.13 "" "" 0.002767667380435477 0.0030934543 0.0039517544 0.0070452085 253.63711686515 -41.49356950469 1557.10486 -0.41299999999999953 -2.134 0.16250704479217531 0.061988655090332134 0.16616902 0.16216902 "" "" 1.283710295019115 "" 0.21266751016575106 "" 0.9
253.7225668478 -41.78542876451 0.0141 0.0096 8.4361 "" "" 5966508167493913728 1533.87195 0.6285 0.016 -0.521 -2.176 0.02 0.016 0.916 "" "" 10.665799 0.362644 10.784657 10.422012 "" "" 1490.23718 1578.01819 1020063.27036 372.53 663060.0 562.75 537470.0 364.99 "" "" 0.00278370485210827 0.0029383972 0.0038506305 0.0067890277 253.7225668478 -41.78542876451 1533.87195 -0.5210000000000007 -2.176 0.054507044792175274 0.019988655090331875 0.16616902 0.16216902 "" "" 0.4221033055652634 "" 0.06994247701422064 "" 1.0
253.42592372217 -42.07978183816 0.0155 0.0098 17.4341 "" "" 5964999843696431488 1565.61975 0.6131 0.018 -0.529 -2.316 0.018 0.016 0.795 6696.6 2.6083 10.817156 0.552516 11.013401 10.460885 "" "" 1527.84265 1609.56494 887328.50597 198.42 537100.0 358.8 518570.0 139.49 "" "" 0.0027659961853311113 0.0028829009 0.0037906491 0.0066735502 253.42592372217 -42.07978183816 1565.61975 -0.529 -2.316 0.04650704479217527 -0.1200113449096678 0.16416901 0.16216902 "" "" 0.9551434169556738 "" 0.1551454279318858 "" 0.9
253.57472173649 -41.80037188618 0.0156 0.0106 1.7719 "" "" 5966509541883524480 1560.22925 0.6106 0.0176 -0.437 -2.199 0.021 0.017 0.838 14303.1 3.8251 10.984646 0.337153 11.092225 10.755072 "" "" 1523.07886 1602.40259 760481.22698 207.73 499490.0 461.71 395480.0 306.75 "" "" 0.002771235523117635 0.0029651795 0.0038720702 0.0068372497 253.57472173649 -41.80037188618 1560.22925 -0.43699999999999983 -2.1990000000000025 0.1385070447921753 -0.0030113449096678124 0.16716902 0.16316903 "" "" 1.0245690664414582 "" 0.17127429318445767 "" 0.9
253.89552053585 -41.86066015649 0.0179 0.012 16.5084 "" "" 5966459892058791552 1541.07251 0.6212 0.0191 -0.577 -2.076 0.023 0.018 1.005 7014.9 2.8596 10.990539 0.568231 11.194514 10.626284 "" "" 1499.00708 1589.02002 756364.58072 237.61 454580.0 218.4 445290.0 147.26 "" "" 0.002776351171512748 0.0028385122 0.0037963998 0.006634912 253.89552053585 -41.86066015649 1541.07251 -0.577 -2.076 -0.0014929552078246644 0.11998865509033196 0.16916902 0.16416901 "" "" 0.8765470161702862 "" 0.14390254767027882 "" 0.8
253.54919643044 -41.82858174799 0.018 0.0118 1.7822 "" "" 5966509885480893824 1583.4093 0.596 0.0204 -0.807 -2.092 0.022 0.019 0.895 "" "" 11.025068 0.377881 11.143085 10.765204 "" "" 1541.51196 1629.75781 732688.87976 284.49 476630.0 576.41 391810.0 747.88 "" "" 0.0027873844919110435 0.003083682 0.004310303 0.007393985 253.54919643044 -41.82858174799 1583.4093 -0.8069999999999999 -2.0919999999999996 -0.23149295520782476 0.10398865509033195 0.16816902 0.16516902 "" "" 1.9046857392134349 "" 0.31935684829220706 "" 0.8
253.70986536357 -41.67407682544 0.019 0.0131 10.9099 "" "" 5966535311689139328 1556.05872 0.6107 0.0216 -0.501 -2.222 0.026 0.021 1.068 13143.5 3.7988 11.052651 0.346542 11.167265 10.820723 "" "" 1507.09302 1603.5553 714309.12383 244.44 466130.0 294.0 372280.0 116.45 "" "" 0.0027802579774254092 0.0028729776 0.0037946105 0.006667588 253.70986536357 -41.67407682544 1556.05872 -0.5009999999999999 -2.222 0.07450704479217529 -0.026011344909667944 0.17216903 0.16716902 "" "" 0.5820694187418826 "" 0.09990225517630621 "" 0.8
253.63736264164 -41.79976456666 0.0433 0.0313 4.574 "" "" 5966509438804270720 1542.34668 0.6247 0.0522 -0.586 -2.16 0.059 0.05 2.652 15003.6 3.4345 11.060505 0.432123 11.210939 10.778816 -43.81 27.77 1438.88403 1658.04846 709161.0892 392.0 447760.0 242.05 386930.0 142.44 "" "" 0.002819925323009108 0.0028512334 0.0038004578 0.006651691 253.63736264164 -41.79976456666 1542.34668 -0.586 -2.16 -0.010492955207824672 0.03598865509033189 0.20516902 0.19616902 -15.931428571428569 30.262356 0.2740580810016947 15.933785619189587 0.05395902434440632 30.257879178931653 0.8
253.58885549468 -41.92689919486 0.017 0.0116 7.9382 "" "" 5966502704295461504 1565.36353 0.6092 0.0196 -0.662 -2.024 0.022 0.018 0.953 "" "" 11.068223 0.528387 11.253855 10.725468 "" "" 1510.34949 1614.2334 704137.61943 212.55 430400.0 279.91 406420.0 169.32 "" "" 0.002774743615296187 0.0028781304 0.003806354 0.0066844844 253.58885549468 -41.92689919486 1565.36353 -0.6619999999999998 -2.023999999999999 -0.08649295520782474 0.171988655090332 0.16816902 0.16416901 "" "" 1.4284099750159764 "" 0.23566515368288615 "" 0.9
253.58589828565 -41.8246292193 0.015 0.0105 2.6839 "" "" 5966509473164014848 1513.49768 0.6182 0.0171 -0.5 -2.098 0.02 0.017 0.83 13697.1 3.6705 11.091742 0.440753 11.241299 10.800546 "" "" 1479.37512 1558.59351 689049.22519 278.41 435410.0 396.18 379260.0 536.82 "" "" 0.002790024973613596 0.002959902 0.004079886 0.0070397877 253.58589828565 -41.8246292193 1513.49768 -0.5000000000000002 -2.0980000000000008 0.07550704479217529 0.09798865509033217 0.16616902 0.16316903 "" "" 0.8874618081020049 "" 0.14580385581536737 "" 0.9
253.68419562656 -41.94089878292 0.0159 0.0111 10.7254 "" "" 5966505349995258880 1578.88147 0.594 0.0184 -0.754 -2.049 0.021 0.018 0.84 13494.2 3.7271 11.137515 0.436325 11.28789 10.851565 -41.25 38.9 1531.90601 1629.36694 660603.14265 302.43 417120.0 387.09 361850.0 373.73 "" "" 0.0027997960171837425 0.0029665208 0.0039422363 0.006908757 253.68419562656 -41.94089878292 1578.88147 -0.754 -2.0489999999999995 -0.1784929552078247 0.1469886550903321 0.16716902 0.16416901 -13.371428571428567 41.392357 1.730470813489268 13.482938525305023 0.2871945254609388 41.05004004973277 1.0
253.45004705751 -41.67600526625 0.0196 0.0129 8.4003 "" "" 5966523766815386368 1543.71753 0.6097 0.0236 -0.719 -2.228 0.028 0.021 1.072 "" "" 11.296916 0.467044 11.457805 10.990761 "" "" 1491.5802 1595.9585 570401.05053 221.69 356690.0 209.7 318310.0 119.4 "" "" 0.002787445976600949 0.0028622523 0.003801262 0.0066635143 253.45004705751 -41.67600526625 1543.71753 -0.7189999999999999 -2.2279999999999998 -0.14349295520782468 -0.03201134490966817 0.17416902 0.16716902 "" "" 1.075779686402985 "" 0.1870173340205343 "" 0.8
