Clusters/NGC_6231/NGC_6231_stars_in_region.tsv
# %ECSV 1.0
# ---
# datatype:
# - name: RA_ICRS_1
#   unit: deg
#   datatype: float64
#   format: '{:15.11f}'
#   description: Right ascension (ICRS) at Ep=2016.0 (ra)
#   meta: !!omap
#   - {ucd: POS_EQ_RA_MAIN}
#   - {width: 15}
#   - {precision: '11'}
# - name: DE_ICRS_1
#   unit: deg
#   datatype: float64
#   format: '{:15.11f}'
#   description: Declination (ICRS) at Ep=2016.0 (dec)
#   meta: !!omap
#   - {ucd: POS_EQ_DEC_MAIN}
#   - {width: 15}
#   - {precision: '11'}
# - name: e_RA_ICRS
#   unit: mas
#   datatype: float64
#   format: '{:7.4f}'
#   description: Standard error of right ascension (ra_error)
#   meta: !!omap
#   - {ucd: ERROR}
#   - {width: 7}
#   - {precision: '4'}
# - name: e_DE_ICRS
#   unit: mas
#   datatype: float64
#   format: '{:7.4f}'
#   description: Standard error of declination (dec_error)
#   meta: !!omap
#   - {ucd: ERROR}
#   - {width: 7}
#   - {precision: '4'}
# - name: _r_1
#   unit: ''
#   datatype: float64
#   format: '{:7.4f}'
#   description: Distance from center (253.53510993000-41.80079542000)[ICRS], at Epoch=J2016.0
#   meta: !!omap
#   - {ucd: POS_ANG_DIST_GENERAL}
#   - {width: 7}
#   - {precision: '4'}
# - name: HIP
#   datatype: int32
#   description: '? HIP cross-id number, van Leeuwen, Cat. I/311 (hip_original_ext_source_id)'
#   meta: !!omap
#   - {ucd: ID_NUMBER}
#   - {width: 6}
#   - values: {'null': -2147483648}
# - name: TYC2
#   datatype: string
#   description: Tycho-2 cross-id name, Hog et al., Cat. I/259 (tyc2_original_ext_source_id)
#   meta: !!omap
#   - {ucd: ID_CROSSID}
#   - {_votable_string_dtype: char}
# - name: Source
#   datatype: int64
#   description: Source identifier, identical to the Gaia-EDR3 source_id (id)
#   meta: !!omap
#   - {ucd: ID_MAIN}
#   - {width: 19}
# - name: rgeo
#   unit: pc
#   datatype: float64
#   format: '{:15.8f}'
#   description: '? Median of the geometric distance posterior (r_med_geo)'
#   meta: !!omap
#   - {ucd: PHYS_DISTANCE_TRUE}
#   - {width: 15}
#   - {precision: '8'}
#   - values: {'null': .nan}
# - name: Plx
#   unit: mas
#   datatype: float64
#   format: '{:9.4f}'
#   description: '? Parallax (parallax)'
#   meta: !!omap
#   - {ucd: POS_PARLX_TRIG}
#   - {width: 9}
#   - {precision: '4'}
#   - values: {'null': .nan}
# - name: e_Plx
#   unit: mas
#   datatype: float32
#   format: '{:7.4f}'
#   description: '? Standard error of parallax (parallax_error)'
#   meta: !!omap
#   - {ucd: ERROR}
#   - {width: 7}
#   - {precision: '4'}
#   - values: {'null': .nan}
# - name: pmRA
#   unit: mas / yr
#   datatype: float64
#   format: '{:9.3f}'
#   description: '? Proper motion in right ascension direction, pmRA*cosDE (pmra)'
#   meta: !!omap
#   - {ucd: POS_EQ_PMRA}
#   - {width: 9}
#   - {precision: '3'}
#   - values: {'null': .nan}
# - name: pmDE
#   unit: mas / yr
#   datatype: float64
#   format: '{:9.3f}'
#   description: '? Proper motion in declination direction (pmdec)'
#   meta: !!omap
#   - {ucd: POS_EQ_PMDEC}
#   - {width: 9}
#   - {precision: '3'}
#   - values: {'null': .nan}
# - name: e_pmRA
#   unit: mas / yr
#   datatype: float32
#   format: '{:6.3f}'
#   description: '? Standard error of proper motion in right ascension direction (pmra_error)'
#   meta: !!omap
#   - {ucd: ERROR}
#   - {width: 6}
#   - {precision: '3'}
#   - values: {'null': .nan}
# - name: e_pmDE
[...]
#         value: !astropy.table.SerializedColumn {name: SkyCoord.dec}
#       distance: !astropy.table.SerializedColumn
#         __class__: astropy.coordinates.distances.Distance
#         unit: !astropy.units.Unit {unit: pc}
#         value: !astropy.table.SerializedColumn {name: SkyCoord.distance}
#       frame: icrs
#       obstime: !astropy.time.Time {format: jyear_str, in_subfmt: '*', jd1: 367701545.0, jd2: 0.0, out_subfmt: '*', precision: 3, scale: tt}
#       pm_dec: !astropy.table.SerializedColumn
#         __class__: astropy.units.quantity.Quantity
#         unit: !astropy.units.Unit {unit: mas / yr}
#         value: !astropy.table.SerializedColumn {name: SkyCoord.pm_dec}
#       pm_ra_cosdec: !astropy.table.SerializedColumn
#         __class__: astropy.units.quantity.Quantity
#         unit: !astropy.units.Unit {unit: mas / yr}
#         value: !astropy.table.SerializedColumn {name: SkyCoord.pm_ra_cosdec}
#       ra: !astropy.table.SerializedColumn
#         __class__: astropy.coordinates.angles.Longitude
#         unit: *id001
#         value: !astropy.table.SerializedColumn {name: SkyCoord.ra}
#         wrap_angle: !astropy.coordinates.Angle
#           unit: *id001
#           value: 360.0
#       representation_type: spherical
# schema: astropy-2.0
RA_ICRS_1 DE_ICRS_1 e_RA_ICRS e_DE_ICRS _r_1 HIP TYC2 Source rgeo Plx e_Plx pmRA pmDE e_pmRA e_pmDE RUWE Teff logg Gmag BP-RP BPmag RPmag RV e_RV b_rgeo B_rgeo FG e_FG FBP e_FBP FRP e_FRP RAVE5 RAVE6 e_Gmag e_BPmag e_RPmag e_BP-RP SkyCoord.ra SkyCoord.dec SkyCoord.distance SkyCoord.pm_ra_cosdec SkyCoord.pm_dec rmRA rmDE e_rmRA e_rmDE rRV e_rRV v_pec v_pec3d e_vpec e_vpec3d
[from data line 3522]
253.48764692887 -42.06140188881 0.0488 0.0355 15.7793 "" "" 5966500191724150912 1644.81677 0.5878 0.0609 -0.406 -2.389 0.063 0.054 0.997 4856.2 3.6391 16.261492 2.06675 17.308447 15.241696 "" "" 1494.05762 1819.3772 5893.18617 9.6933 1629.4 14.995 6345.7 30.219 "" "" 0.0032834527043771873 0.010374044 0.00640444 0.016778484 253.48764692887 -42.06140188881 1644.81677 -0.4059999999999997 -2.389000000000001 0.16950704479217527 -0.19301134490966776 0.20916903 0.20016903 "" "" 2.0027273366959615 "" 0.40883019662026127 ""
253.47460841995 -41.83808687625 0.0438 0.0312 3.5107 "" "" 5966504181764357888 1627.67493 0.5986 0.0491 0.734 -3.499 0.058 0.048 1.012 4934.7 3.6676 16.261806 2.158881 17.379938 15.221057 "" "" 1502.17834 1742.13513 5891.47802 2.9442 1525.6 19.834 6467.5 14.075 "" "" 0.0028082356237848077 0.014388545 0.0044572176 0.018845763 253.47460841995 -41.83808687625 1627.67493 0.7340000000000001 -3.4989999999999997 1.3095070447921753 -1.303011344909668 0.20416902 0.19416901 "" "" 14.252521893363742 "" 2.839909375266897 ""
254.04576354441 -41.82549312287 0.0474 0.0304 22.8841 "" "" 5966481229457612928 1253.30225 0.7643 0.0491 -2.44 -5.592 0.061 0.049 1.094 6004.9 4.4311 16.262245 1.654281 16.951693 15.297412 "" "" 1187.15723 1342.73596 5889.09163 3.2574 2263.3 36.397 6028.3 61.441 "" "" 0.0028200081951149083 0.017681673 0.0116935205 0.029375194 254.04576354441 -41.82549312287 1253.30225 -2.4400000000000004 -5.5920000000000005 -1.8644929552078247 -3.3960113449096676 0.20716903 0.19516902 "" "" 23.015124284782303 "" 4.557296074597545 ""
253.58394502562 -42.27777812075 0.0462 0.0313 28.7016 "" "" 5964993109187564672 1234.26794 0.7974 0.0559 -3.279 -4.316 0.062 0.051 0.948 4991.2 4.2978 16.262281 1.634229 17.03437 15.400142 "" "" 1156.9967 1332.04504 5888.9007 2.8402 2097.3 8.0578 5484.1 12.94 "" "" 0.0028046383103531507 0.0050185155 0.004565828 0.009584343 253.58394502562 -42.27777812075 1234.26794 -3.279 -4.316 -2.7034929552078246 -2.120011344909668 0.20816901 0.19716902 "" "" 20.09971606029081 "" 4.101354640596279 ""
254.08185447131 -41.93148800088 0.0416 0.0283 25.6574 "" "" 5966478304573314304 1529.58264 0.6172 0.0463 -2.08 -7.476 0.057 0.045 1.037 5596.3 4.1974 16.262419 1.518327 16.956402 15.438075 "" "" 1449.83179 1635.85852 5888.1531 2.5965 2253.5 11.597 5295.8 13.423 "" "" 0.002796608134296595 0.0062453556 0.004675149 0.010920504 254.08185447131 -41.93148800088 1529.58264 -2.0799999999999974 -7.475999999999999 -1.5044929552078248 -5.280011344909668 0.20316902 0.19116902 "" "" 39.8049842295393 "" 7.646385862218691 ""
253.51767540999 -41.29407235852 0.0463 0.031 30.4135 "" "" 5969557456858988928 1622.30457 0.5947 0.048 -2.247 -5.95 0.07 0.053 0.947 6023.1 4.3884 16.262693 1.379201 16.87482 15.49562 "" "" 1509.31885 1766.92578 5886.66894 2.7614 2429.3 12.783 5022.4 10.714 "" "" 0.0028019971859376226 0.00635808 0.004432632 0.010790712 253.51767540999 -41.29407235852 1622.30457 -2.247 -5.95 -1.6714929552078246 -3.754011344909668 0.21616903 0.19916902 "" "" 31.599515603050605 "" 6.38564441092984 ""
252.96563284068 -41.75082187924 0.0532 0.0311 25.6573 "" "" 5968024011762917120 1591.8252 0.6169 0.0578 -2.011 -1.044 0.068 0.051 1.055 5513.2 4.562 16.263266 1.417946 16.901167 15.483221 "" "" 1469.99609 1755.95874 5883.56518 2.8622 2371.1 9.8364 5080.1 12.15 "" "" 0.0028054885085077195 0.005298321 0.0045854966 0.009883817 252.96563284068 -41.75082187924 1591.8252 -2.011 -1.044 -1.4354929552078248 1.151988655090332 0.21416903 0.19716902 "" "" 13.887604371765335 "" 2.884114311594843 ""
253.11190898808 -41.43609756692 0.0557 0.0396 28.9682 "" "" 5969530037784606848 1264.71472 0.7702 0.0632 -8.381 0.871 0.075 0.06 1.321 5481.6 4.3764 16.26342 1.375656 16.851408 15.475752 "" "" 1181.80579 1363.00073 5882.72874 3.1633 2482.3 8.3087 5115.1 9.2641 "" "" 0.002816495345505001 0.0045817145 0.0042603384 0.008842053 253.11190898808 -41.43609756692 1264.71472 -8.380999999999998 0.8709999999999996 -7.805492955207825 3.066988655090332 0.22116902 0.20616902 "" "" 50.27450809588063 "" 11.021295547828164 ""
253.23720850014 -41.93939382771 0.0511 0.0311 15.6944 "" "" 5965016061493020416 1531.04041 0.6238 0.0596 -3.494 -11.4 0.061 0.05 0.897 5788.1 4.4806 16.263659 1.519614 16.962496 15.442882 "" "" 1421.17798 1707.34241 5881.43168 2.5741 2240.9 8.0313 5272.4 11.095 "" "" 0.002795996114018205 0.004788191 0.004416324 0.009204515 253.23720850014 -41.93939382771 1531.04041 -3.4939999999999976 -11.399999999999995 -2.918492955207825 -9.204011344909668 0.20716903 0.19616902 "" "" 70.07226545829396 "" 13.818211971400673 ""
254.03827602279 -41.7482407451 0.0451 0.0298 22.7345 "" "" 5966485009029053312 1408.01917 0.6791 0.0461 -0.61 -1.726 0.061 0.048 1.028 7971.8 4.2794 16.264137 1.488939 16.938156 15.449217 "" "" 1319.9978 1508.03101 5878.84763 2.7727 2291.7 12.709 5241.7 8.9835 "" "" 0.002802501014214857 0.006636191 0.0042126323 0.010848824 254.03827602279 -41.7482407451 1408.01917 -0.6100000000000001 -1.7260000000000013 -0.034492955207824694 0.46998865509033205 0.20716903 0.19416901 "" "" 3.145145588045494 "" 0.6109161579286984 ""
253.43023181341 -41.37255369869 0.043 0.0289 26.122 "" "" 5969533370678994048 1390.54932 0.6885 0.0452 -2.851 -4.166 0.062 0.047 1.022 5362.6 4.5898 16.264204 1.269697 16.815994 15.546297 "" "" 1313.59021 1473.98669 5878.48516 2.911 2564.6 10.749 4793.4 9.1158 "" "" 0.002807286740167536 0.00533792 0.0043066316 0.009644551 253.43023181341 -41.37255369869 1390.54932 -2.851 -4.166 -2.2754929552078247 -1.9700113449096683 0.20816901 0.19316903 "" "" 19.83811407962987 "" 4.0049041578907385 ""
253.41423351399 -41.9165403539 0.0466 0.0332 8.7981 "" "" 5966513802491061888 1439.62976 0.6673 0.0554 -3.652 -2.135 0.06 0.052 1.112 "" "" 16.264414 1.66714 16.93709 15.26995 "" "" 1347.95496 1579.71851 5877.34296 4.7735 2293.9 4.6213 6182.7 8.9501 "" "" 0.0028929909863686758 0.0035453427 0.004093167 0.0076385094 253.41423351399 -41.9165403539 1439.62976 -3.652 -2.135 -3.076492955207825 0.060988655090332244 0.20616902 0.19816902 "" "" 20.997636021933754 "" 4.328997417385796 ""
253.17758501686 -41.5460700157 0.0463 0.0323 22.1433 "" "" 5969528452911484416 1423.4397 0.6789 0.052 0.139 -3.788 0.064 0.053 1.058 5572.8 4.6417 16.264555 1.308858 16.84267 15.533812 "" "" 1305.02502 1518.9668 5876.57812 2.8265 2502.4 10.49 4848.8 11.212 "" "" 0.002804371083986513 0.0053385487 0.0045372583 0.009875807 253.17758501686 -41.5460700157 1423.4397 0.1389999999999999 -3.7880000000000003 0.7145070447921753 -1.5920113449096678 0.21016902 0.19916902 "" "" 11.773687973705043 "" 2.367161796862756 ""
253.49829490932 -41.68661685951 0.0401 0.0277 7.0462 "" "" 5966522770382938880 1442.94995 0.6705 0.0482 -0.384 3.748 0.055 0.044 0.972 4729.5 4.387 16.264828 1.437705 16.911875 15.47417 "" "" 1360.11975 1552.65149 5875.10645 30.27 2347.8 46.037 5122.6 80.148 "" "" 0.0062357368309206825 0.02147179 0.017402729 0.038874518 253.49829490932 -41.68661685951 1442.94995 -0.38400000000000123 3.748 0.19150704479217528 5.943988655090332 0.20116901 0.19016902 "" "" 40.67549729837109 "" 7.73569689195209 ""
254.23141743077 -41.66718864669 0.0724 0.0459 32.1909 "" "" 5966489200909516288 1247.38293 0.7853 0.0767 -2.633 -9.204 0.1 0.08 1.387 "" "" 16.265368 1.650266 16.82907 15.178803 "" "" 1139.96472 1403.78406 5872.18545 3.7583 2533.9 16.506 6724.1 96.416 "" "" 0.0028415948526682414 0.0076030367 0.016020408 0.023623444 254.23141743077 -41.66718864669 1247.38293 -2.633000000000001 -9.204 -2.0574929552078247 -7.008011344909669 0.24616903 0.22616902 "" "" 43.184414365405324 "" 9.838285534121157 ""
253.06006167974 -41.90395678454 0.0535 0.0288 22.1147 "" "" 5968017934389617152 1480.00281 0.6665 0.0641 -1.659 -3.922 0.066 0.051 1.061 4929.9 4.3261 16.265696 1.607075 16.88615 15.279076 "" "" 1377.67957 1625.54346 5870.41184 3.0051 2404.1 7.9127 6131.0 184.45 "" "" 0.002810817941426861 0.004533774 0.03288209 0.037415866 253.06006167974 -41.90395678454 1480.00281 -1.659000000000002 -3.922000000000003 -1.0834929552078247 -1.7260113449096681 0.21216902 0.19716902 "" "" 14.296364733082715 "" 2.8810366976407025 ""
253.98137644112 -41.73846525586 0.0435 0.0285 20.3174 "" "" 5966484837230165760 1579.47339 0.6056 0.0474 -3.368 -3.12 0.061 0.047 0.983 7051.0 4.2429 16.266123 1.525139 16.968878 15.443739 "" "" 1464.98108 1709.90405 5868.1036 2.5832 2227.7 9.3671 5268.2 10.384 "" "" 0.0027964670238159327 0.0053504524 0.0043432247 0.009693677 253.98137644112 -41.73846525586 1579.47339 -3.3680000000000003 -3.12 -2.7924929552078246 -0.9240113449096681 0.20716903 0.19316903 "" "" 22.021365192206698 "" 4.532653222515585 ""
253.69749045878 -41.65057916908 0.041 0.0286 11.5805 "" "" 5966536136308157952 1316.76697 0.7315 0.045 -2.436 -7.894 0.055 0.045 0.988 5414.5 4.5743 16.267233 1.34132 16.856329 15.515009 "" "" 1234.13184 1393.48511 5862.1069 2.6868 2471.1 10.676 4933.5 10.969 "" "" 0.002799897193742347 0.005457857 0.0044845394 0.009942397 253.69749045878 -41.65057916908 1316.76697 -2.436 -7.894 -1.8604929552078247 -5.698011344909668 0.20116901 0.19116902 "" "" 37.41178453092334 "" 7.188864942655387 ""
253.35970617616 -41.63945214456 0.0457 0.0325 12.4668 "" "" 5966527370281916032 1639.54626 0.5844 0.0526 -6.087 -6.064 0.061 0.052 1.006 5965.1 4.1836 16.267262 1.362756 16.868607 15.505851 "" "" 1501.82874 1779.1051 5861.94593 2.4121 2443.3 12.86 4975.3 10.228 "" "" 0.0027913056375701143 0.00635941 0.004389258 0.010748668 253.35970617616 -41.63945214456 1639.54626 -6.086999999999999 -6.064 -5.5114929552078245 -3.868011344909668 0.20716903 0.19816902 "" "" 52.327924970980845 "" 10.687606221138823 ""
254.25956562775 -41.76057492042 0.0471 0.0292 32.5032 "" "" 5966475422662007168 1650.43677 0.6015 0.0511 -1.152 -1.836 0.069 0.051 0.956 6687.8 4.2976 16.26744 1.55553 16.981531 15.426001 "" "" 1533.63293 1783.19421 5860.98701 2.7896 2201.9 11.385 5355.0 13.015 "" "" 0.0028033619792295593 0.006268988 0.004609455 0.010878443 254.25956562775 -41.76057492042 1650.43677 -1.1520000000000006 -1.8360000000000007 -0.5764929552078246 0.35998865509033195 0.21516901 0.19716902 "" "" 5.317017844824984 "" 1.118035074763335 ""
253.54356435349 -41.81032233795 0.0443 0.0313 0.6854 "" "" 5966509919827562880 1451.28943 0.653 0.05 -0.776 -2.191 0.059 0.049 1.088 6661.8 4.1766 16.268137 2.088564 17.306866 15.218302 "" "" 1354.36438 1620.61804 5857.22568 12.224 1631.8 21.266 6483.9 42.854 "" "" 0.003567381236174266 0.014422042 0.008110362 0.022532403 253.54356435349 -41.81032233795 1451.28943 -0.776 -2.191 -0.20049295520782473 0.004988655090332195 0.20516902 0.19516902 "" "" 1.3796403509294006 "" 0.28305113330474796 ""
253.48820431873 -41.65384595246 0.1155 0.0736 9.0637 "" "" 5966523698095908608 1163.7738 0.9146 0.1339 1.397 -0.174 0.154 0.119 2.692 5281.8 4.6919 16.268358 1.359603 16.807415 15.447812 "" "" 1001.7395 1415.59167 5856.03329 12.271 2584.9 9.1004 5248.5 11.185 "" "" 0.0035732163482928335 0.004732454 0.0044314084 0.009163862 253.48820431873 -41.65384595246 1163.7738 1.397 -0.17399999999999996 1.9725070447921753 2.021988655090332 0.30016902 0.26516902 "" "" 15.582143371136674 "" 4.40627516870076 ""
253.70798766418 -41.57970245632 0.0438 0.0297 15.3614 "" "" 5966536578702424704 1555.6814 0.6209 0.0479 -0.432 1.152 0.06 0.047 1.038 5158.6 4.4652 16.268667 1.316175 16.849287 15.533112 "" "" 1466.1012 1669.39331 5854.36115 3.212 2487.2 8.4164 4851.9 9.9652 "" "" 0.002818977822818179 0.004613391 0.0043882206 0.009001612 253.70798766418 -41.57970245632 1555.6814 -0.43199999999999994 1.1520000000000001 0.1435070447921753 3.347988655090332 0.20616902 0.19316903 "" "" 24.710502422000907 "" 4.773912631451419 ""
253.67508570764 -41.29265611156 0.0466 0.0296 31.1295 "" "" 5966555755733740672 1600.66553 0.6023 0.0489 -0.782 -0.042 0.069 0.054 0.977 5704.3 4.6057 16.26899 1.376836 16.88336 15.506524 "" "" 1488.92542 1749.63208 5852.62407 2.6462 2410.3 10.021 4972.2 10.469 "" "" 0.0027987096813300075 0.0053067408 0.004416971 0.009723712 253.67508570764 -41.29265611156 1600.66553 -0.782 -0.04200000000000001 -0.20649295520782474 2.153988655090332 0.21516901 0.20016903 "" "" 16.417569073347778 "" 3.2886146201602813 ""
253.69500167834 -42.05023938198 0.0474 0.0296 16.5815 "" "" 5966498065730657792 1619.6593 0.5867 0.0524 -3.86 -5.875 0.062 0.048 0.923 "" "" 16.271763 2.004469 17.272032 15.267563 "" "" 1488.6377 1769.828 5837.70063 3.1239 1685.0 7.6005 6196.3 13.434 "" "" 0.0028159111794439575 0.0056364606 0.0044525056 0.010088966 253.69500167834 -42.05023938198 1619.6593 -3.8599999999999977 -5.875 -3.2844929552078246 -3.679011344909668 0.20816901 0.19416901 "" "" 37.86262719777677 "" 7.591420868336562 ""
253.62669745173 -41.42269908686 0.0458 0.0307 23.0548 "" "" 5966553311881242752 1491.84241 0.645 0.0483 -0.82 -2.606 0.064 0.049 0.972 4697.1 4.2909 16.272888 1.566416 17.006786 15.440371 "" "" 1384.29175 1607.53589 5831.65 2.8995 2151.3 8.5791 5284.6 10.901 "" "" 0.002807704468860366 0.00515092 0.004393145 0.009544065 253.62669745173 -41.42269908686 1491.84241 -0.8199999999999992 -2.606 -0.24449295520782466 -0.41001134490966784 0.21016902 0.19516902 "" "" 3.375671806294508 "" 0.6724776150314199 ""
253.26490928243 -41.78366456562 0.0437 0.0298 12.1308 "" "" 5966518441055943808 1459.84094 0.6687 0.0547 0.781 -3.336 0.057 0.05 1.009 5905.6 4.3226 16.272972 1.431943 16.92227 15.490327 "" "" 1335.42407 1627.82727 5831.19619 2.664 2325.5 11.312 5046.9 10.174 "" "" 0.0027996119668053814 0.005973108 0.0043674074 0.0103405155 253.26490928243 -41.78366456562 1459.84094 0.7809999999999997 -3.336 1.3565070447921754 -1.1400113449096678 0.20316902 0.19616902 "" "" 12.261130981832418 "" 2.4559191964837153 ""
253.37723861767 -42.29468189542 0.05 0.033 30.4566 "" "" 5964990463488106112 1496.8197 0.6483 0.0594 -2.195 -1.83 0.082 0.058 0.989 5805.1 4.4883 16.273575 1.546352 16.983799 15.437447 "" "" 1377.2876 1620.505 5827.95966 2.7655 2197.3 9.6581 5298.8 13.756 "" "" 0.0028030746135855305 0.0055280905 0.004714704 0.010242795 253.37723861767 -42.29468189542 1496.8197 -2.194999999999998 -1.8299999999999974 -1.6194929552078245 0.36598865509033196 0.22816902 0.20416902 "" "" 11.779937576889404 "" 2.674770441205567 ""
252.85312789488 -41.99506532639 0.0498 0.0314 32.6115 "" "" 5968013570735045760 1626.65564 0.5933 0.0592 -0.912 -2.782 0.086 0.062 0.987 5475.7 4.6267 16.274288 1.354776 16.859104 15.504328 "" "" 1489.82788 1838.4115 5824.13599 4.2745 2464.8 11.991 4982.3 21.537 "" "" 0.0028682335764834217 0.005973652 0.0060258554 0.011999507 252.85312789488 -41.99506532639 1626.65564 -0.9120000000000004 -2.782 -0.33649295520782474 -0.586011344909668 0.23216903 0.20816901 "" "" 5.210260308425471 "" 1.11692725757498 ""
254.09952468366 -41.95712203218 0.0473 0.0313 26.9023 "" "" 5966478064055122688 1378.57092 0.7022 0.0483 2.217 -10.208 0.063 0.049 1.081 5949.5 4.4638 16.274643 1.505799 16.94325 15.437451 "" "" 1289.73193 1490.09766 5822.23711 3.1597 2281.0 11.509 5298.8 13.281 "" "" 0.0028176185044151655 0.006147808 0.0046571707 0.010804979 254.09952468366 -41.95712203218 1378.57092 2.2170000000000005 -10.208 2.7925070447921754 -8.012011344909668 0.20916903 0.19516902 "" "" 55.442756275894354 "" 10.907455036132495 ""
253.91272228296 -42.22994554805 0.0417 0.0301 30.763 "" "" 5966446251230556800 1502.70886 0.6441 0.0474 2.611 0.718 0.056 0.045 0.952 7097.7 4.3287 16.274794 1.597115 17.022182 15.425067 "" "" 1414.8938 1601.83118 5821.42715 2.6021 2121.0 11.79 5359.6 10.806 "" "" 0.002797733853032917 0.006649034 0.0043675727 0.011016607 253.91272228296 -42.22994554805 1502.70886 2.6110000000000007 0.7179999999999995 3.1865070447921755 2.913988655090332 0.20216903 0.19116902 "" "" 30.756450345846414 "" 6.066264651127137 ""
