Clusters/NGC_6231/NGC_6231_stars_in_region.tsv
# %ECSV 1.0
# ---
# datatype:
# - name: RA_ICRS_1
#   unit: deg
#   datatype: float64
#   format: '{:15.11f}'
#   description: Right ascension (ICRS) at Ep=2016.0 (ra)
#   meta: !!omap
#   - {ucd: POS_EQ_RA_MAIN}
#   - {width: 15}
#   - {precision: '11'}
# - name: DE_ICRS_1
#   unit: deg
#   datatype: float64
#   format: '{:15.11f}'
#   description: Declination (ICRS) at Ep=2016.0 (dec)
#   meta: !!omap
#   - {ucd: POS_EQ_DEC_MAIN}
#   - {width: 15}
#   - {precision: '11'}
# - name: e_RA_ICRS
#   unit: mas
#   datatype: float64
#   format: '{:7.4f}'
#   description: Standard error of right ascension (ra_error)
#   meta: !!omap
#   - {ucd: ERROR}
#   - {width: 7}
#   - {precision: '4'}
# - name: e_DE_ICRS
#   unit: mas
#   datatype: float64
#   format: '{:7.4f}'
#   description: Standard error of declination (dec_error)
#   meta: !!omap
#   - {ucd: ERROR}
#   - {width: 7}
#   - {precision: '4'}
# - name: _r_1
#   unit: ''
#   datatype: float64
#   format: '{:7.4f}'
#   description: Distance from center (253.53510993000-41.80079542000)[ICRS], at Epoch=J2016.0
#   meta: !!omap
#   - {ucd: POS_ANG_DIST_GENERAL}
#   - {width: 7}
#   - {precision: '4'}
# - name: HIP
#   datatype: int32
#   description: '? HIP cross-id number, van Leeuwen, Cat. I/311 (hip_original_ext_source_id)'
#   meta: !!omap
#   - {ucd: ID_NUMBER}
#   - {width: 6}
#   - values: {'null': -2147483648}
# - name: TYC2
#   datatype: string
#   description: Tycho-2 cross-id name, Hog et al., Cat. I/259 (tyc2_original_ext_source_id)
#   meta: !!omap
#   - {ucd: ID_CROSSID}
#   - {_votable_string_dtype: char}
# - name: Source
#   datatype: int64
#   description: Source identifier, identical to the Gaia-EDR3 source_id (id)
#   meta: !!omap
#   - {ucd: ID_MAIN}
#   - {width: 19}
# - name: rgeo
#   unit: pc
#   datatype: float64
#   format: '{:15.8f}'
#   description: '? Median of the geometric distance posterior (r_med_geo)'
#   meta: !!omap
#   - {ucd: PHYS_DISTANCE_TRUE}
#   - {width: 15}
#   - {precision: '8'}
#   - values: {'null': .nan}
# - name: Plx
#   unit: mas
#   datatype: float64
#   format: '{:9.4f}'
#   description: '? Parallax (parallax)'
#   meta: !!omap
#   - {ucd: POS_PARLX_TRIG}
#   - {width: 9}
#   - {precision: '4'}
#   - values: {'null': .nan}
# - name: e_Plx
#   unit: mas
#   datatype: float32
#   format: '{:7.4f}'
#   description: '? Standard error of parallax (parallax_error)'
#   meta: !!omap
#   - {ucd: ERROR}
#   - {width: 7}
#   - {precision: '4'}
#   - values: {'null': .nan}
# - name: pmRA
#   unit: mas / yr
#   datatype: float64
#   format: '{:9.3f}'
#   description: '? Proper motion in right ascension direction, pmRA*cosDE (pmra)'
#   meta: !!omap
#   - {ucd: POS_EQ_PMRA}
#   - {width: 9}
#   - {precision: '3'}
#   - values: {'null': .nan}
# - name: pmDE
#   unit: mas / yr
#   datatype: float64
#   format: '{:9.3f}'
#   description: '? Proper motion in declination direction (pmdec)'
#   meta: !!omap
#   - {ucd: POS_EQ_PMDEC}
#   - {width: 9}
#   - {precision: '3'}
#   - values: {'null': .nan}
# - name: e_pmRA
#   unit: mas / yr
#   datatype: float32
#   format: '{:6.3f}'
#   description: '? Standard error of proper motion in right ascension direction (pmra_error)'
#   meta: !!omap
#   - {ucd: ERROR}
#   - {width: 6}
#   - {precision: '3'}
#   - values: {'null': .nan}
# - name: e_pmDE
[...]
#         value: !astropy.table.SerializedColumn {name: SkyCoord.dec}
#       distance: !astropy.table.SerializedColumn
#         __class__: astropy.coordinates.distances.Distance
#         unit: !astropy.units.Unit {unit: pc}
#         value: !astropy.table.SerializedColumn {name: SkyCoord.distance}
#       frame: icrs
#       obstime: !astropy.time.Time {format: jyear_str, in_subfmt: '*', jd1: 367701545.0, jd2: 0.0, out_subfmt: '*', precision: 3, scale: tt}
#       pm_dec: !astropy.table.SerializedColumn
#         __class__: astropy.units.quantity.Quantity
#         unit: !astropy.units.Unit {unit: mas / yr}
#         value: !astropy.table.SerializedColumn {name: SkyCoord.pm_dec}
#       pm_ra_cosdec: !astropy.table.SerializedColumn
#         __class__: astropy.units.quantity.Quantity
#         unit: !astropy.units.Unit {unit: mas / yr}
#         value: !astropy.table.SerializedColumn {name: SkyCoord.pm_ra_cosdec}
#       ra: !astropy.table.SerializedColumn
#         __class__: astropy.coordinates.angles.Longitude
#         unit: *id001
#         value: !astropy.table.SerializedColumn {name: SkyCoord.ra}
#         wrap_angle: !astropy.coordinates.Angle
#           unit: *id001
#           value: 360.0
#       representation_type: spherical
# schema: astropy-2.0
RA_ICRS_1 DE_ICRS_1 e_RA_ICRS e_DE_ICRS _r_1 HIP TYC2 Source rgeo Plx e_Plx pmRA pmDE e_pmRA e_pmDE RUWE Teff logg Gmag BP-RP BPmag RPmag RV e_RV b_rgeo B_rgeo FG e_FG FBP e_FBP FRP e_FRP RAVE5 RAVE6 e_Gmag e_BPmag e_RPmag e_BP-RP SkyCoord.ra SkyCoord.dec SkyCoord.distance SkyCoord.pm_ra_cosdec SkyCoord.pm_dec rmRA rmDE e_rmRA e_rmDE rRV e_rRV v_pec v_pec3d e_vpec e_vpec3d
[from data line 1078]
254.07725907685 -42.12955350724 0.0194 0.0136 31.2105 "" "" 5966452161117714304 1386.00879 0.6751 0.0224 -0.108 -6.249 0.029 0.023 1.22 4843.9 2.9909 14.262739 1.816878 15.151758 13.33488 -17.47 2.35 1341.31372 1430.89221 37140.78831 7.1102 11877.0 11.952 36746.0 17.867 "" "" 0.0027631489306738947 0.0029964657 0.0038160745 0.00681254 254.07725907685 -42.12955350724 1386.00879 -0.1080000000000012 -6.248999999999999 0.4675070447921753 -4.053011344909668 0.17516902 0.16916902 10.408571428571435 4.842355 26.803547437928064 28.753582636619974 4.536478547317095 4.577723821957022
253.70897752571 -41.34217212189 0.0194 0.013 28.6027 "" "" 5966555412136324608 1171.00818 0.8135 0.0223 -3.195 -2.869 0.033 0.024 1.005 6644.4 4.0028 14.264672 1.091861 14.723203 13.631342 -58.65 4.98 1142.34192 1202.46399 37074.72631 7.8415 17625.0 13.14 27965.0 22.231 "" "" 0.0027648731313813044 0.0029052123 0.0038766859 0.0067818984 253.70897752571 -41.34217212189 1171.00818 -3.1949999999999994 -2.868999999999999 -2.6194929552078245 -0.6730113449096682 0.17916903 0.17016903 -30.771428571428565 7.472355 15.011917265744499 34.237968343931975 2.68150216922393 6.817930753563954
253.49827354164 -41.80050354611 0.018 0.0125 1.6477 "" "" 5966510121696548480 1597.36414 0.5834 0.0206 -0.374 -2.189 0.025 0.02 1.001 5509.4 3.5407 14.264895 1.487311 14.900826 13.413515 "" "" 1543.02661 1651.52319 37067.1314 46.78 14965.0 109.92 34178.0 172.27 "" "" 0.0030772288713168615 0.008448893 0.0066507296 0.015099622 253.49827354164 -41.80050354611 1597.36414 -0.3739999999999998 -2.189 0.2015070447921753 0.006988655090331974 0.17116903 0.16616902 "" "" 1.5266291189163261 "" 0.2613025852869166 ""
254.2248274501 -41.74609975002 0.0218 0.0128 31.0368 "" "" 5966487208052277888 1157.00195 0.8308 0.0213 7.875 0.495 0.032 0.023 1.011 6961.8 4.0181 14.265581 1.277432 14.822598 13.545165 -25.11 7.38 1132.34033 1188.36707 37043.70506 7.3332 16083.0 19.776 30276.0 19.695 "" "" 0.002763690587605835 0.00309312 0.0038448106 0.0069379304 254.2248274501 -41.74609975002 1157.00195 7.875 0.4950000000000016 8.450507044792175 2.690988655090332 0.17816903 0.16916902 2.768571428571434 9.8723545 48.637211599736915 48.71594543835401 8.626271483608043 8.63058562071172
254.09236975534 -41.44694713558 0.0188 0.0126 32.7938 "" "" 5966542046198242944 1417.5863 0.6622 0.0217 0.053 -2.222 0.029 0.022 0.994 6261.7 3.7828 14.266433 1.236578 14.801016 13.564438 6.31 3.97 1378.65601 1475.42834 37014.63828 7.0768 16406.0 14.722 29743.0 17.329 "" "" 0.002763128534268438 0.0029553832 0.0038319551 0.0067873383 254.09236975534 -41.44694713558 1417.5863 0.053000000000000436 -2.222 0.6285070447921753 -0.026011344909667944 0.17516902 0.16816902 34.188571428571436 6.4623547 4.226779666547989 34.44886184877629 0.7403512743023306 6.4141693546519924
253.74873889434 -41.27754915621 0.0183 0.0135 32.828 "" "" 5966561459450294400 1516.51733 0.6146 0.0205 -3.183 -2.585 0.027 0.022 0.945 8054.5 4.1007 14.266848 0.943843 14.647266 13.703423 "" "" 1477.71228 1566.75354 37000.51971 7.8419 18902.0 14.764 26169.0 21.41 "" "" 0.0027649123992915864 0.002916202 0.003882368 0.00679857 253.74873889434 -41.27754915621 1516.51733 -3.183 -2.584999999999999 -2.6074929552078245 -0.38901134490966793 0.17316902 0.16816902 "" "" 18.95086492182072 "" 3.279668718475358 ""
253.17915576862 -41.42061806306 0.0175 0.0133 27.8443 "" "" 5969535810220607232 1208.34912 0.7843 0.0208 0.151 -2.381 0.024 0.02 0.975 7489.7 4.2435 14.267167 0.829232 14.590797 13.761565 "" "" 1186.30444 1232.02246 36989.60788 13.065 19911.0 35.965 24805.0 29.279 "" "" 0.002781879569432924 0.0034104495 0.003990757 0.0074012065 253.17915576862 -41.42061806306 1208.34912 0.15099999999999997 -2.381 0.7265070447921753 -0.18501134490966775 0.17016903 0.16616902 "" "" 4.293930738391643 "" 0.729659541867223 ""
254.14353246916 -41.78193805456 0.0192 0.0124 27.241 "" "" 5966481053352526976 1476.45447 0.6392 0.0213 -1.725 -2.554 0.026 0.022 0.961 7971.5 3.9792 14.267668 1.20282 14.769649 13.56683 9.35 17.65 1425.67749 1525.41711 36972.5552 7.9714 16887.0 24.23 29677.0 81.602 "" "" 0.0027652462207773698 0.0031956127 0.0048162686 0.008011881 254.14353246916 -41.78193805456 1476.45447 -1.725000000000001 -2.5540000000000047 -1.1494929552078248 -0.3580113449096678 0.17216903 0.16816902 37.228571428571435 20.142355 8.425747416850601 38.170142128957416 1.4477041979197451 19.648087829719703
253.13284769661 -41.86196117842 0.0207 0.0129 18.3544 "" "" 5965017465938774912 1560.36609 0.5979 0.0252 -0.58 -2.285 0.026 0.02 1.047 8180.9 3.8739 14.271386 1.217543 14.793941 13.576398 "" "" 1500.57031 1639.44434 36846.15056 7.289 16514.0 20.208 29417.0 15.168 "" "" 0.0027636789230752255 0.0030903453 0.0038206195 0.006910965 253.13284769661 -41.86196117842 1560.36609 -0.5800000000000001 -2.285 -0.004492955207824667 -0.08901134490966811 0.17216903 0.16616902 "" "" 0.6591780886259135 "" 0.10954520769090102 ""
253.66339919448 -41.8096605983 0.0164 0.0115 5.7623 "" "" 5966507892616018432 1498.07568 0.6238 0.0191 -0.462 -2.209 0.023 0.018 0.946 "" "" 14.275844 1.024021 14.698142 13.674121 "" "" 1453.46716 1542.25525 36695.19612 5.8781 18037.0 16.222 26885.0 15.789 "" "" 0.0027608038547059354 0.0029561066 0.0038327926 0.006788899 253.66339919448 -41.8096605983 1498.07568 -0.4619999999999998 -2.2090000000000005 0.11350704479217527 -0.013011344909668043 0.16916902 0.16416901 "" "" 0.8112779365721692 "" 0.13719125393430345 ""
254.03454648491 -42.12279287552 0.0196 0.0138 29.4918 "" "" 5966452294248827264 1403.83093 0.6653 0.0234 -5.447 -4.46 0.028 0.023 1.393 4861.7 3.2376 14.275854 1.887291 15.202725 13.315434 -9.49 2.63 1372.23254 1445.88635 36694.8493 11.521 11333.0 9.7031 37410.0 20.887 "" "" 0.0027763272099729577 0.0029409488 0.0038276885 0.0067686373 254.03454648491 -42.12279287552 1403.83093 -5.447000000000001 -4.46 -4.871492955207825 -2.264011344909668 0.17416902 0.16916902 18.38857142857143 5.122355 35.74540115553752 40.19792610264834 6.194371813936622 5.985945513799242
253.00223125547 -41.63976294112 0.0202 0.0127 25.7462 "" "" 5969526838003722880 1356.70923 0.6944 0.0212 -1.351 -4.007 0.027 0.02 0.974 6883.7 4.0562 14.279061 1.133889 14.759445 13.625556 10.96 5.36 1318.75366 1402.04248 36586.61456 6.5791 17047.0 16.177 28115.0 22.437 "" "" 0.002762228814494346 0.0029743265 0.0038774332 0.0068517597 253.00223125547 -41.63976294112 1356.70923 -1.3510000000000006 -4.006999999999997 -0.7754929552078247 -1.8110113449096676 0.17316902 0.16616902 38.838571428571434 7.852355 12.669089796532347 40.85266780621365 2.119194833481917 7.494094604470497
253.77755308875 -41.47641987899 0.02 0.0134 22.293 "" "" 5966538846432772992 1672.02698 0.5532 0.0228 -1.961 -5.41 0.028 0.021 0.968 6496.2 3.6373 14.281202 1.208516 14.798449 13.589932 "" "" 1606.91956 1739.9856 36514.53793 7.5042 16445.0 17.941 29053.0 17.393 "" "" 0.002764340342448422 0.0030311882 0.0038348685 0.0068660565 253.77755308875 -41.47641987899 1672.02698 -1.961 -5.41 -1.3854929552078248 -3.214011344909668 0.17416902 0.16716902 "" "" 27.738315811260478 "" 4.667948502666802 ""
253.76827484808 -41.92349928119 0.0206 0.0141 12.7577 "" "" 5966504903318635264 1252.62122 0.7504 0.022 -4.718 -1.553 0.028 0.022 1.274 6903.4 3.9453 14.282014 1.350997 14.88024 13.529243 -54.24 5.6 1226.58398 1300.98535 36487.25751 7.5368 15252.0 16.763 30723.0 24.327 "" "" 0.0027644323419940883 0.0030346352 0.0038759282 0.0069105634 253.76827484808 -41.92349928119 1252.62122 -4.718000000000001 -1.553 -4.142492955207825 0.6429886550903321 0.17416902 0.16816902 -26.36142857142857 8.092355 24.890263348407657 36.25534616962878 4.331658513021392 6.5927839470260405
253.33756884571 -41.46345021708 0.0174 0.0122 22.0944 "" "" 5969531927569933056 1388.77368 0.6833 0.0191 0.488 -2.006 0.025 0.019 1.016 "" "" 14.284256 1.139766 14.768092 13.628326 -48.3 5.83 1357.65234 1431.08154 36411.99463 5.921 16911.0 14.79 28043.0 16.882 "" "" 0.0027609709044927994 0.0029473235 0.0038354846 0.0067828083 253.33756884571 -41.46345021708 1388.77368 0.48800000000000016 -2.0060000000000002 1.0635070447921753 0.18998865509033225 0.17116903 0.16516902 -20.421428571428564 8.322355 7.11167398566397 21.624306966382264 1.2160011195489513 7.869581911029967
253.5261404786 -41.47590842774 0.0199 0.0127 19.4974 "" "" 5966529504891804544 1571.66882 0.5984 0.0202 -0.182 -2.114 0.028 0.021 0.86 6264.1 3.6155 14.284593 1.393174 14.905983 13.512809 -12.67 6.26 1528.98315 1618.75659 36400.69648 14.526 14894.0 29.466 31191.0 36.28 "" "" 0.0027891780237741066 0.0035212142 0.0039847954 0.0075060097 253.5261404786 -41.47590842774 1571.66882 -0.18199999999999975 -2.114 0.3935070447921753 0.08198865509033215 0.17416902 0.16716902 15.208571428571434 8.752356 2.9944678362027277 15.5005639419994 0.5206882522608658 8.588071816038566
253.48187568558 -41.57844912587 0.0169 0.0117 13.5523 "" "" 5966528542819078912 1528.51843 0.6147 0.019 -0.624 -2.399 0.024 0.019 1.009 6153.7 3.8597 14.284838 1.204628 14.803457 13.598829 -100.07 8.91 1486.5907 1571.49744 36392.48217 7.9046 16369.0 16.942 28816.0 17.833 "" "" 0.0027653939171576563 0.0030079635 0.0038386453 0.0068466086 253.48187568558 -41.57844912587 1528.51843 -0.624 -2.399 -0.048492955207824706 -0.203011344909668 0.17016903 0.16516902 -72.19142857142856 11.402355 1.5122331081225568 72.20726561889028 0.2501880266864367 11.399855546851386
253.42447846622 -41.95104044106 0.0174 0.0125 10.2807 "" "" 5966513592022185216 1369.05261 0.6996 0.0206 2.927 -2.236 0.023 0.02 0.986 7189.6 3.8618 14.284895 1.100003 14.746451 13.646448 "" "" 1326.38794 1410.34827 36390.5611 6.6324 17252.0 13.843 27579.0 16.435 "" "" 0.0027624168194499183 0.002923017 0.0038343654 0.0067573823 253.42447846622 -41.95104044106 1369.05261 2.927 -2.2360000000000007 3.5025070447921753 -0.04001134490966818 0.16916902 0.16616902 "" "" 22.73033479068824 "" 3.8452597245402442 ""
253.545094229 -42.21075876806 0.0205 0.0139 24.6018 "" "" 5964994960306392704 1675.37256 0.5419 0.026 -1.512 -0.606 0.029 0.024 0.982 "" "" 14.285315 2.299871 15.50271 13.202839 17.43 1.88 1603.27954 1761.73328 36376.46881 11.852 8596.7 13.88 41498.0 26.807 "" "" 0.002777935900442287 0.0032951566 0.0038439098 0.0071390662 253.545094229 -42.21075876806 1675.37256 -1.5119999999999993 -0.6059999999999994 -0.9364929552078247 1.5899886550903322 0.17516902 0.17016903 45.30857142857143 4.372355 14.65391235240094 47.61936362583827 2.5127176869266896 4.231430251517059
253.45615166604 -42.28474491344 0.0199 0.0134 29.2493 "" "" 5964995789247194240 1410.38452 0.6686 0.0248 -1.548 -1.8 0.031 0.022 0.917 7190.5 3.7697 14.2855 1.260624 14.833487 13.572863 11.68 6.05 1363.36707 1458.37366 36370.29123 8.0773 15923.0 15.776 29513.0 16.407 "" "" 0.0027658508757619493 0.0029903522 0.0038272764 0.0068176286 253.45615166604 -42.28474491344 1410.38452 -1.5480000000000014 -1.800000000000002 -0.9724929552078247 0.395988655090332 0.17716902 0.16816902 39.55857142857143 8.542355 7.019641534718 40.17655959319222 1.234875072797921 8.41372455429529
253.60126371307 -41.69386149074 0.0172 0.0119 7.0665 "" "" 5966512359382424576 1533.19324 0.6102 0.0196 -0.686 -2.199 0.025 0.02 1.051 "" "" 14.291106 0.929863 14.665311 13.735448 "" "" 1487.66589 1588.22327 36182.95844 9.5517 18591.0 22.514 25408.0 24.722 "" "" 0.0027701874133671625 0.0030844552 0.003924252 0.007008707 253.60126371307 -41.69386149074 1533.19324 -0.686 -2.199 -0.11049295520782476 -0.0030113449096678124 0.17116903 0.16616902 "" "" 0.803287587577857 "" 0.13749501776247336 ""
253.75490532694 -41.62477628235 0.1487 0.0741 14.4379 "" "" 5966535861444959360 1464.41711 0.6585 0.0937 -0.909 -2.701 0.181 0.118 1.216 "" "" 14.293789 "" "" "" "" "" 1283.96106 1717.50415 36093.67326 67.101 "" "" "" "" "" "" 0.003415553951464637 "" "" "" 253.75490532694 -41.62477628235 1464.41711 -0.9089999999999994 -2.7009999999999987 -0.33349295520782474 -0.505011344909668 0.327169 0.26416904 "" "" 4.200822487410746 "" 1.1962980757028763 ""
253.83746034167 -42.29509283324 0.0174 0.012 32.5739 "" "" 5966447075876038144 1498.75293 0.6253 0.0206 2.343 -0.858 0.024 0.019 0.978 "" "" 14.294047 1.132525 14.7702 13.637674 "" "" 1451.98962 1552.92566 36085.09562 6.4302 16879.0 21.816 27803.0 16.092 "" "" 0.0027621045059728223 0.0031231905 0.0038312695 0.00695446 253.83746034167 -42.29509283324 1498.75293 2.343 -0.8579999999999999 2.9185070447921753 1.337988655090332 0.17016903 0.16516902 "" "" 22.80832654977731 "" 3.8617062679687866 ""
253.21509129017 -42.18967512535 0.0226 0.0137 27.3506 "" "" 5965003863786134912 1274.52832 0.7448 0.0245 -3.143 -3.753 0.031 0.023 0.942 "" "" 14.294065 1.324513 14.880064 13.555551 40.26 8.33 1236.56165 1315.67078 36084.49755 6.5642 15254.0 17.847 29987.0 16.336 "" "" 0.002762390079366259 0.003065731 0.0038253851 0.006891116 253.21509129017 -42.18967512535 1274.52832 -3.1430000000000007 -3.753 -2.5674929552078245 -1.557011344909668 0.17716902 0.16916902 68.13857142857142 10.822355 18.14020181675547 70.5119269221821 3.175513820887623 10.48994630932019
253.68605035329 -41.96410484816 0.0188 0.0128 11.8943 "" "" 5966499470169708288 1545.71472 0.613 0.0198 -0.607 -2.101 0.025 0.021 0.998 5489.4 3.4529 14.295175 1.696829 15.101733 13.404904 -11.87 9.64 1498.5437 1598.0022 36047.65957 49.596 12437.0 58.396 34451.0 130.61 "" "" 0.00313420524929413 0.0058115134 0.0055881143 0.011399628 253.68605035329 -41.96410484816 1545.71472 -0.6069999999999997 -2.101 -0.03149295520782469 0.09498865509033205 0.17116903 0.16716902 16.008571428571436 12.132355 0.7332052908931344 16.025353324724772 0.12286278710319914 12.119650927437569
253.38929514397 -41.43421689807 0.0176 0.0123 22.9466 "" "" 5969532820923128192 1272.20679 0.7463 0.0191 0.268 -3.526 0.025 0.021 0.968 6636.1 4.0415 14.296217 1.050089 14.73274 13.682652 -16.83 5.29 1242.17261 1305.68506 36013.05971 6.6991 17471.0 14.28 26675.0 23.36 "" "" 0.0027627124597842806 0.0029278973 0.003897148 0.006825045 253.38929514397 -41.43421689807 1272.20679 0.268 -3.525999999999999 0.8435070447921753 -1.3300113449096678 0.17116903 0.16716902 11.048571428571435 7.782355 9.497294737052146 14.569472809085559 1.5986428775690977 5.9929470877374795
253.47605157766 -41.31197934629 0.0205 0.0139 29.4486 "" "" 5969557766096463232 1636.07861 0.5666 0.0218 0.326 -6.176 0.029 0.024 1.139 "" "" 14.296716 1.061369 14.736848 13.675479 -11.82 6.12 1584.60791 1688.20093 35996.51818 6.31 17405.0 23.995 26851.0 20.228 "" "" 0.002761885689756692 0.0031663121 0.0038668772 0.0070331893 253.47605157766 -41.31197934629 1636.07861 0.32600000000000073 -6.176 0.9015070447921754 -3.980011344909668 0.17516902 0.17016903 16.058571428571433 8.612354 31.646918300646664 35.488098769225935 5.393155215994389 6.19016221651935
253.45272206366 -41.86503385444 0.0182 0.0131 5.3312 "" "" 5966515417398793472 1498.56555 0.6236 0.0214 -0.409 -1.929 0.024 0.021 0.928 "" "" 14.301479 0.94056 14.682257 13.741696 "" "" 1451.90173 1545.9491 35838.931 7.9539 18303.0 25.197 25263.0 27.774 "" "" 0.0027658366377278252 0.003165303 0.003963399 0.0071287025 253.45272206366 -41.86503385444 1498.56555 -0.40899999999999975 -1.9290000000000003 0.16650704479217532 0.266988655090332 0.17016903 0.16716902 "" "" 2.2350550098256416 "" 0.3755216421900333 ""
