CG2020.tsv
# %ECSV 1.0
# ---
# datatype:
# - name: Cluster
#   datatype: string
#   description: Cluster name (cluster)
#   meta: !!omap
#   - {ucd: ID_PARENT}
#   - {_votable_string_dtype: char}
# - name: RA_ICRS
#   unit: deg
#   datatype: float32
#   format: '{:7.3f}'
#   description: '[] Mean right ascension of members (ICRS) at Ep=2015.5 (ra)'
#   meta: !!omap
#   - {ucd: POS_EQ_RA_MAIN}
#   - {width: 7}
#   - {precision: '3'}
# - name: DE_ICRS
#   unit: deg
#   datatype: float32
#   format: '{:7.3f}'
#   description: Mean declination of members (ICRS) at Ep=2015.5 (dec)
#   meta: !!omap
#   - {ucd: POS_EQ_DEC_MAIN}
#   - {width: 7}
#   - {precision: '3'}
# - name: GLON
#   unit: deg
#   datatype: float32
#   format: '{:7.3f}'
#   description: Mean Galactic longitude of members (l)
#   meta: !!omap
#   - {ucd: POS_GAL_LON}
#   - {width: 7}
#   - {precision: '3'}
# - name: GLAT
#   unit: deg
#   datatype: float32
#   format: '{:7.3f}'
#   description: Mean Galactic latitude of members (b)
#   meta: !!omap
#   - {ucd: POS_GAL_LAT}
#   - {width: 7}
#   - {precision: '3'}
# - name: r50
#   unit: deg
#   datatype: float32
#   format: '{:6.3f}'
#   description: Radius containing half the members (r50)
#   meta: !!omap
#   - {ucd: EXTENSION_RAD}
#   - {width: 6}
#   - {precision: '3'}
# - name: N
#   datatype: int16
#   description: Number of members (probability over 0.5) (nbstars)
#   meta: !!omap
#   - {ucd: NUMBER}
#   - {width: 4}
# - name: pmRA
#   unit: mas / yr
#   datatype: float32
#   format: '{:7.3f}'
#   description: Mean proper motion along RA of members, pmRA*cosDE (pmra)
#   meta: !!omap
#   - {ucd: POS_EQ_PMRA}
#   - {width: 7}
#   - {precision: '3'}
# - name: pmDE
#   unit: mas / yr
#   datatype: float32
#   format: '{:7.3f}'
#   description: Mean proper motion along DE of members (pmdec)
#   meta: !!omap
#   - {ucd: POS_EQ_PMDEC}
#   - {width: 7}
#   - {precision: '3'}
# - name: Plx
#   unit: mas
#   datatype: float32
#   format: '{:6.3f}'
#   description: Mean parallax of members (par)
#   meta: !!omap
#   - {ucd: POS_PARLX_TRIG}
#   - {width: 6}
#   - {precision: '3'}
# - name: dmode
#   unit: pc
#   datatype: float32
#   format: '{:7.1f}'
#   description: Most likely distance (dmode)
#   meta: !!omap
#   - {ucd: PHYS_DISTANCE_TRUE}
#   - {width: 7}
#   - {precision: '1'}
# - name: dmode_01
#   unit: pc
#   datatype: float32
#   format: '{:6.1f}'
#   description: Distance if +0.1mas added to parallax (dmodePLUS01)
#   meta: !!omap
#   - {ucd: PHYS_DISTANCE_TRUE}
#   - {width: 6}
#   - {precision: '1'}
# - name: dmode-01
#   unit: pc
#   datatype: float32
#   format: '{:7.1f}'
#   description: '? Distance if -0.1mas added to parallax null if mean parallax under 0.1mas (dmodeMINUS01)'
#   meta: !!omap
#   - {ucd: PHYS_DISTANCE_TRUE}
#   - {width: 7}
#   - {precision: '1'}
#   - values: {'null': .nan}
# - name: X
#   unit: pc
#   datatype: float64
#   format: '{:8.1f}'
#   description: X position in Galactic cartesian coordinates (X)
#   meta: !!omap
#   - {ucd: POS_GAL_X}
#   - {width: 8}
#   - {precision: '1'}
# - name: Y
#   unit: pc
#   datatype: float64
#   format: '{:8.1f}'
#   description: Y position in Galactic cartesian coordinates (Y)
#   meta: !!omap
#   - {ucd: POS_GAL_Y}
#   - {width: 8}
#   - {precision: '1'}
# - name: Z
#   unit: pc
#   datatype: float32
#   format: '{:7.1f}'
#   description: Z position in Galactic cartesian coordinates (Z)
#   meta: !!omap
#   - {ucd: POS_GAL_Z}
#   - {width: 7}
#   - {precision: '1'}
# - name: Rgc
#   unit: pc
#   datatype: float32
#   format: '{:7.1f}'
#   description: Distance from Galactic centre assuming the Sun is at 8340pc (Rgc)
#   meta: !!omap
#   - {ucd: POS_GAL_GC}
#   - {width: 7}
#   - {precision: '1'}
# - name: SimbadName
#   datatype: string
#   description: Simbad column added by the CDS
#   meta: !!omap
#   - {ucd: ID_ALTERNATIVE}
#   - values: {'null': ' '}
#   - {_votable_string_dtype: char}
# - name: _RA.icrs
#   unit: deg
#   datatype: float64
#   format: '{:8.4f}'
#   description: Right ascension (ICRS) at Epoch=J2000, proper motions taken into account
#   meta: !!omap
#   - {ucd: POS_EQ_RA_OTHER}
#   - {width: 8}
#   - {precision: '4'}
#   - values: {'null': .nan}
# - name: _DE.icrs
#   unit: deg
#   datatype: float64
#   format: '{:8.4f}'
#   description: Declination (ICRS) at Epoch=J2000, proper motions taken into account
#   meta: !!omap
#   - {ucd: POS_EQ_DEC_OTHER}
#   - {width: 8}
#   - {precision: '4'}
#   - values: {'null': .nan}
# meta: {ID: J_A_A_633_A99_table1, description: Mean parameters of the identified clusters, name: J/A+A/633/A99/table1}
# schema: astropy-2.0
Cluster RA_ICRS DE_ICRS GLON GLAT r50 N pmRA pmDE Plx dmode dmode_01 dmode-01 X Y Z Rgc SimbadName _RA.icrs _DE.icrs
[from data line 1443]
UPK_606 216.12 -46.39 319.202 13.522 0.782 65 -20.121 -16.817 5.911 168.4 165.6 171.2 123.9 -107.0 39.4 8216.8 "UPK 606" 216.1201 -46.3899
UPK_607 225.058 -57.148 319.739 1.46 0.189 37 -4.279 -3.257 1.053 924.1 845.9 1018.2 704.9 -597.0 23.6 7658.4 "UPK 607" 225.058 -57.148
UPK_612 253.351 -67.815 322.809 -14.874 2.561 251 -13.402 -12.077 4.307 230.6 225.4 236.1 177.6 -134.7 -59.2 8163.5 "UPK 612" 253.3512 -67.8149
UPK_613 226.309 -49.152 324.287 8.092 0.232 33 -4.536 -3.682 1.13 862.5 794.0 943.9 693.3 -498.5 121.4 7662.9 "UPK 613" 226.309 -49.152
UPK_614 231.211 -53.966 324.36 2.398 0.238 47 -1.851 -4.477 1.084 898.9 824.6 987.7 729.9 -523.3 37.6 7628.1 "UPK 614" 231.211 -53.966
UPK_617 234.812 -55.38 325.253 0.045 0.213 79 -2.719 -5.292 1.356 721.8 673.2 777.9 593.1 -411.4 0.6 7757.8 "UPK 617" 234.812 -55.38
UPK_62 289.727 20.823 54.528 3.59 0.116 34 -0.452 -5.401 1.091 893.2 820.0 980.9 517.3 726.0 55.9 7856.3 "UPK 62" 289.727 20.823
UPK_621 237.087 -54.417 326.878 0.015 0.471 56 -2.485 -3.093 1.111 877.3 806.6 961.6 734.7 -479.4 0.2 7620.4 "UPK 621" 237.087 -54.417
UPK_624 254.138 -60.422 329.069 -10.688 0.607 40 -1.35 -14.355 3.166 313.0 303.5 323.1 263.8 -158.1 -58.0 8077.7 "UPK 624" 254.138 -60.4219
UPK_626 239.788 -50.389 330.71 2.075 0.318 39 -7.315 -5.735 1.97 500.4 476.5 526.7 436.1 -244.6 18.1 7907.7 "UPK 626" 239.788 -50.389
UPK_627 245.354 -53.138 331.373 -2.28 0.555 50 -2.455 -10.017 1.872 526.1 499.8 555.3 461.5 -251.9 -20.9 7882.6 "UPK 627" 245.354 -53.138
UPK_629 255.238 -55.992 333.0 -8.465 0.581 52 0.819 -3.796 1.038 937.7 857.2 1034.7 826.4 -421.1 -138.0 7525.4 "UPK 629" 255.238 -55.992
UPK_630 249.182 -51.303 334.322 -2.713 0.118 35 -1.763 -2.294 1.047 929.2 850.2 1024.4 836.5 -402.2 -44.0 7514.3 "UPK 630" 249.182 -51.303
UPK_640 250.26 -39.502 343.635 4.584 1.361 616 -11.845 -21.275 5.684 175.0 172.0 178.1 167.4 -49.2 14.0 8172.8 "UPK 640" 250.2601 -39.5019
UPK_642 263.075 -44.32 345.528 -5.915 0.502 39 2.347 -4.344 1.019 954.4 871.3 1055.1 919.2 -237.2 -98.4 7424.6 "UPK 642" 263.075 -44.32
UPK_644 249.16 -31.418 349.175 10.586 0.433 84 -3.87 -3.436 1.305 749.8 697.5 810.6 723.9 -138.4 137.7 7617.3 "UPK 644" 249.16 -31.418
UPK_645 270.167 -42.739 349.531 -9.546 0.242 61 2.773 -2.843 1.426 687.2 643.0 737.9 666.4 -123.1 -114.0 7674.6 "UPK 645" 270.167 -42.739
UPK_65 286.514 23.349 55.426 7.391 0.261 36 -1.841 -3.586 1.287 760.0 706.3 822.5 427.7 620.6 97.8 7936.6 "UPK 65" 286.514 23.349
UPK_654 277.32 -34.528 359.531 -10.817 0.326 62 1.206 -8.621 1.967 500.9 477.0 527.3 492.0 -4.0 -94.0 7848.0 "UPK 654" 277.32 -34.528
UPK_66 305.37 13.468 55.7 -13.013 0.295 34 0.533 -9.976 1.453 674.6 632.0 723.4 370.4 543.0 -151.9 7988.1 "UPK 66" 305.37 13.468
UPK_7 276.784 -17.342 14.772 -2.637 0.175 32 -0.263 -5.843 1.251 781.6 724.8 847.8 754.9 199.1 -36.0 7587.7 "UPK 7" 276.784 -17.342
UPK_79 303.989 21.447 61.789 -7.578 0.346 40 -2.116 -5.443 1.074 906.7 831.3 997.1 424.9 792.0 -119.6 7954.7 "UPK 79" 303.989 21.447
UPK_80 293.901 28.272 62.902 3.776 0.485 40 1.23 -1.024 1.107 879.8 808.7 964.9 399.9 781.6 57.9 7978.5 "UPK 80" 293.901 28.272
UPK_82 298.285 26.39 63.213 -0.537 0.522 81 2.375 -2.135 1.842 534.4 507.3 564.6 240.8 477.0 -5.0 8113.2 "UPK 82" 298.285 26.39
UPK_84 310.247 20.191 64.099 -13.112 0.283 79 -6.283 -9.281 1.083 899.5 825.1 988.4 382.7 788.1 -204.1 7996.3 "UPK 84" 310.247 20.191
UPK_88 309.476 21.462 64.726 -11.785 1.076 24 10.254 -5.308 3.402 291.4 283.2 300.2 121.8 258.0 -59.5 8222.2 "UPK 88" 309.476 21.462
UPK_90 299.773 28.419 65.633 -0.614 0.176 43 -0.837 -5.719 1.231 793.9 735.5 862.4 327.5 723.2 -8.5 8045.0 "UPK 90" 299.773 28.419
UPK_93 300.312 29.971 67.201 -0.197 0.421 65 -0.882 -8.153 1.4 699.7 654.0 752.3 271.1 645.0 -2.4 8094.6 "UPK 93" 300.312 29.971
UPK_94 304.778 27.618 67.358 -4.76 0.251 42 2.124 1.121 1.028 946.1 864.3 1045.0 363.0 870.2 -78.5 8024.4 "UPK 94" 304.778 27.618
Waterloo_1 64.682 52.863 151.279 1.799 0.065 58 0.492 -0.689 0.214 4115.2 2916.2 6985.2 -3607.1 1976.5 129.2 12109.5 "Cl Waterloo 1" 64.682 52.863
Waterloo_7 111.532 -15.09 230.275 0.623 0.024 40 -1.514 1.695 0.27 3345.8 2506.9 5028.9 -2138.2 -2573.2 36.4 10789.5 "Cl Waterloo 7" 111.532 -15.09
Westerlund_1 251.76 -45.852 339.546 -0.401 0.023 358 -2.325 -3.654 0.252 3558.0 2625.4 5529.3 3333.6 -1243.3 -24.9 5158.5 "Cl Westerlund 1" 251.76 -45.852
Westerlund_2 156.01 -57.758 284.272 -0.328 0.02 186 -5.246 2.895 0.209 4207.7 2961.5 7256.2 1037.3 -4077.8 -24.1 8364.1 "Cl Westerlund 2" 156.01 -57.758
vdBergh_1 99.275 3.078 208.556 -1.781 0.03 73 0.396 -0.771 0.523 1811.4 1533.6 2212.1 -1590.2 -865.5 -56.3 9967.9 "Cl VDB  1" 99.275 3.078
vdBergh_80 97.739 -9.625 219.247 -8.891 0.143 79 -3.298 0.418 1.025 948.3 866.2 1047.7 -725.6 -592.8 -146.6 9085.0 "Cl VDB  80" 97.739 -9.625
vdBergh_83 100.025 -27.189 236.448 -14.329 0.151 52 -2.896 3.199 1.034 940.3 859.5 1038.1 -503.5 -759.3 -232.7 8876.1 "Cl VDB  83" 100.025 -27.189
vdBergh_85 101.718 1.32 211.237 -0.414 0.04 34 -1.0 0.328 0.552 1719.6 1467.3 2076.8 -1470.3 -891.7 -12.4 9850.8 "Cl VDB  85" 101.718 1.32
vdBergh_92 106.038 -11.475 224.587 -2.427 0.112 193 -4.54 1.618 0.842 1148.6 1030.2 1297.6 -817.2 -805.6 -48.6 9192.6 "Cl VDB  92" 106.038 -11.475
