CG2020.tsv
# %ECSV 1.0
# ---
# datatype:
# - name: Cluster
#   datatype: string
#   description: Cluster name (cluster)
#   meta: !!omap
#   - {ucd: ID_PARENT}
#   - {_votable_string_dtype: char}
# - name: RA_ICRS
#   unit: deg
#   datatype: float32
#   format: '{:7.3f}'
#   description: '[] Mean right ascension of members (ICRS) at Ep=2015.5 (ra)'
#   meta: !!omap
#   - {ucd: POS_EQ_RA_MAIN}
#   - {width: 7}
#   - {precision: '3'}
# - name: DE_ICRS
#   unit: deg
#   datatype: float32
#   format: '{:7.3f}'
#   description: Mean declination of members (ICRS) at Ep=2015.5 (dec)
#   meta: !!omap
#   - {ucd: POS_EQ_DEC_MAIN}
#   - {width: 7}
#   - {precision: '3'}
# - name: GLON
#   unit: deg
#   datatype: float32
#   format: '{:7.3f}'
#   description: Mean Galactic longitude of members (l)
#   meta: !!omap
#   - {ucd: POS_GAL_LON}
#   - {width: 7}
#   - {precision: '3'}
# - name: GLAT
#   unit: deg
#   datatype: float32
#   format: '{:7.3f}'
#   description: Mean Galactic latitude of members (b)
#   meta: !!omap
#   - {ucd: POS_GAL_LAT}
#   - {width: 7}
#   - {precision: '3'}
# - name: r50
#   unit: deg
#   datatype: float32
#   format: '{:6.3f}'
#   description: Radius containing half the members (r50)
#   meta: !!omap
#   - {ucd: EXTENSION_RAD}
#   - {width: 6}
#   - {precision: '3'}
# - name: N
#   datatype: int16
#   description: Number of members (probability over 0.5) (nbstars)
#   meta: !!omap
#   - {ucd: NUMBER}
#   - {width: 4}
# - name: pmRA
#   unit: mas / yr
#   datatype: float32
#   format: '{:7.3f}'
#   description: Mean proper motion along RA of members, pmRA*cosDE (pmra)
#   meta: !!omap
#   - {ucd: POS_EQ_PMRA}
#   - {width: 7}
#   - {precision: '3'}
# - name: pmDE
#   unit: mas / yr
#   datatype: float32
#   format: '{:7.3f}'
#   description: Mean proper motion along DE of members (pmdec)
#   meta: !!omap
#   - {ucd: POS_EQ_PMDEC}
#   - {width: 7}
#   - {precision: '3'}
# - name: Plx
#   unit: mas
#   datatype: float32
#   format: '{:6.3f}'
#   description: Mean parallax of members (par)
#   meta: !!omap
#   - {ucd: POS_PARLX_TRIG}
#   - {width: 6}
#   - {precision: '3'}
# - name: dmode
#   unit: pc
#   datatype: float32
#   format: '{:7.1f}'
#   description: Most likely distance (dmode)
#   meta: !!omap
#   - {ucd: PHYS_DISTANCE_TRUE}
#   - {width: 7}
#   - {precision: '1'}
# - name: dmode_01
#   unit: pc
#   datatype: float32
#   format: '{:6.1f}'
#   description: Distance if +0.1mas added to parallax (dmodePLUS01)
#   meta: !!omap
#   - {ucd: PHYS_DISTANCE_TRUE}
#   - {width: 6}
#   - {precision: '1'}
# - name: dmode-01
#   unit: pc
#   datatype: float32
#   format: '{:7.1f}'
#   description: '? Distance if -0.1mas added to parallax null if mean parallax under 0.1mas (dmodeMINUS01)'
#   meta: !!omap
#   - {ucd: PHYS_DISTANCE_TRUE}
#   - {width: 7}
#   - {precision: '1'}
#   - values: {'null': .nan}
# - name: X
#   unit: pc
#   datatype: float64
#   format: '{:8.1f}'
#   description: X position in Galactic cartesian coordinates (X)
#   meta: !!omap
#   - {ucd: POS_GAL_X}
#   - {width: 8}
#   - {precision: '1'}
# - name: Y
#   unit: pc
#   datatype: float64
#   format: '{:8.1f}'
#   description: Y position in Galactic cartesian coordinates (Y)
#   meta: !!omap
#   - {ucd: POS_GAL_Y}
#   - {width: 8}
#   - {precision: '1'}
# - name: Z
#   unit: pc
#   datatype: float32
#   format: '{:7.1f}'
#   description: Z position in Galactic cartesian coordinates (Z)
#   meta: !!omap
#   - {ucd: POS_GAL_Z}
#   - {width: 7}
#   - {precision: '1'}
# - name: Rgc
#   unit: pc
#   datatype: float32
#   format: '{:7.1f}'
#   description: Distance from Galactic centre assuming the Sun is at 8340pc (Rgc)
#   meta: !!omap
#   - {ucd: POS_GAL_GC}
#   - {width: 7}
#   - {precision: '1'}
# - name: SimbadName
#   datatype: string
#   description: Simbad column added by the CDS
#   meta: !!omap
#   - {ucd: ID_ALTERNATIVE}
#   - values: {'null': ' '}
#   - {_votable_string_dtype: char}
# - name: _RA.icrs
#   unit: deg
#   datatype: float64
#   format: '{:8.4f}'
#   description: Right ascension (ICRS) at Epoch=J2000, proper motions taken into account
#   meta: !!omap
#   - {ucd: POS_EQ_RA_OTHER}
#   - {width: 8}
#   - {precision: '4'}
#   - values: {'null': .nan}
# - name: _DE.icrs
#   unit: deg
#   datatype: float64
#   format: '{:8.4f}'
#   description: Declination (ICRS) at Epoch=J2000, proper motions taken into account
#   meta: !!omap
#   - {ucd: POS_EQ_DEC_OTHER}
#   - {width: 8}
#   - {precision: '4'}
#   - values: {'null': .nan}
# meta: {ID: J_A_A_633_A99_table1, description: Mean parameters of the identified clusters, name: J/A+A/633/A99/table1}
# schema: astropy-2.0
Cluster RA_ICRS DE_ICRS GLON GLAT r50 N pmRA pmDE Plx dmode dmode_01 dmode-01 X Y Z Rgc SimbadName _RA.icrs _DE.icrs
[from data line 544]
Gulliver_44 127.249 -38.095 257.143 0.452 0.189 153 -0.666 2.301 0.785 1228.2 1093.9 1400.2 -273.3 -1197.4 9.7 8696.1 "Cl Gulliver 44" 127.249 -38.095
Gulliver_45 104.617 3.104 210.968 2.978 0.054 50 -0.76 2.51 0.284 3196.9 2422.4 4699.2 -2737.5 -1642.8 166.1 11198.6 "Cl Gulliver 45" 104.617 3.104
Gulliver_46 186.234 -61.973 299.824 0.739 0.024 80 -6.946 0.125 0.181 4766.3 3227.8 9113.6 2370.3 -4134.7 61.4 7261.8 "Cl Gulliver 46" 186.2341 -61.973
Gulliver_47 107.932 0.827 214.512 4.891 0.161 87 -1.957 -0.432 0.491 1922.2 1612.2 2378.2 -1578.1 -1085.1 163.9 9977.3 "Cl Gulliver 47" 107.932 0.827
Gulliver_48 316.334 50.733 91.033 2.426 0.28 104 -4.781 -6.671 1.058 919.8 842.3 1013.0 -16.6 918.8 38.9 8406.9 "Cl Gulliver 48" 316.334 50.733
Gulliver_49 350.704 61.988 112.729 0.885 0.156 165 -4.022 -3.05 0.587 1621.7 1395.5 1936.5 -626.5 1495.6 25.0 9090.4 "Cl Gulliver 49" 350.704 61.988
Gulliver_5 132.626 -45.509 265.458 -0.896 0.107 27 -5.102 4.904 0.406 2297.8 1868.4 2981.3 -182.0 -2290.3 -35.9 8824.3 "Cl Gulliver 5" 132.626 -45.509
Gulliver_50 181.362 -62.678 297.682 -0.275 0.106 76 -7.204 1.663 0.514 1841.7 1554.9 2256.8 855.6 -1630.9 -8.9 7660.0 "Cl Gulliver 50" 181.3621 -62.678
Gulliver_51 30.335 63.801 130.555 1.968 0.075 41 -4.892 -0.149 0.647 1479.6 1288.9 1736.5 -961.5 1123.5 50.8 9369.1 "Cl Gulliver 51" 30.335 63.801
Gulliver_52 161.669 -59.508 287.696 -0.378 0.153 62 -4.755 1.47 0.396 2350.8 1903.3 3073.5 714.6 -2239.5 -15.5 7947.5 "Cl Gulliver 52" 161.669 -59.508
Gulliver_53 80.975 34.012 173.226 -1.141 0.123 36 0.401 -2.837 0.384 2421.9 1949.5 3196.2 -2404.5 285.6 -48.2 10748.3 "Cl Gulliver 53" 80.975 34.012
Gulliver_54 81.297 33.688 173.645 -1.103 0.102 35 -0.595 -7.299 0.791 1219.0 1086.5 1388.3 -1211.3 134.9 -23.5 9552.2 "Cl Gulliver 54" 81.297 33.688
Gulliver_55 297.833 18.661 56.348 -4.127 0.085 34 -2.043 -2.53 0.369 2513.2 2008.3 3354.3 1389.1 2086.6 -180.9 7257.4 "Cl Gulliver 55" 297.833 18.661
Gulliver_56 95.38 26.909 185.664 5.915 0.071 26 0.534 -3.24 0.458 2054.9 1704.5 2586.6 -2034.0 -201.7 211.8 10376.0 "Cl Gulliver 56" 95.38 26.909
Gulliver_57 141.203 -48.075 271.313 1.699 0.11 106 -6.737 4.085 0.701 1370.5 1205.3 1588.1 31.4 -1369.5 40.6 8420.7 "Cl Gulliver 57" 141.203 -48.075
Gulliver_58 191.515 -61.965 302.3 0.9 0.074 205 -3.592 -0.353 0.398 2344.2 1898.9 3062.3 1252.5 -1981.2 36.8 7359.2 "Cl Gulliver 58" 191.515 -61.965
Gulliver_59 195.721 -64.6 304.16 -1.756 0.172 78 -2.408 -1.053 0.434 2161.7 1777.5 2758.0 1213.2 -1787.9 -66.2 7347.6 "Cl Gulliver 59" 195.721 -64.6
Gulliver_6 83.278 -1.652 205.246 -18.138 0.517 343 -0.007 -0.207 2.367 417.3 400.6 435.5 -358.7 -169.2 -129.9 8700.4 "Cl Gulliver 6" 83.278 -1.652
Gulliver_60 303.436 29.672 68.413 -2.639 0.109 129 1.752 0.219 0.899 1077.1 972.4 1207.2 395.9 1000.5 -49.6 8006.9 "Cl Gulliver 60" 303.436 29.672
Gulliver_7 141.746 -55.127 276.463 -3.132 0.034 90 -3.547 3.108 0.084 8844.8 4693.3 50000.0 994.0 -8775.5 -483.3 11444.3 "Cl Gulliver 7" 141.746 -55.127
Gulliver_8 80.56 33.792 173.213 -1.549 0.102 38 -0.156 -2.982 0.872 1110.3 999.3 1249.0 -1102.1 131.2 -30.0 9443.0 "Cl Gulliver 8" 80.56 33.792
Gulliver_9 126.998 -47.929 265.037 -5.429 0.969 265 -5.992 6.915 1.985 496.5 473.0 522.4 -42.8 -492.4 -47.0 8397.2 "Cl Gulliver 9" 126.998 -47.929
Haffner_10 112.156 -15.364 230.804 1.021 0.029 172 -1.144 1.557 0.259 3467.9 2575.3 5306.9 -2191.3 -2687.1 61.8 10868.7 "Cl Haffner 10" 112.156 -15.364
Haffner_11 113.855 -27.708 242.388 -3.539 0.048 168 -1.465 3.149 0.138 6003.8 3751.8 15012.9 -2777.4 -5309.9 -370.6 12320.4 "Cl Haffner 11" 113.855 -27.708
Haffner_13 115.209 -30.073 245.035 -3.656 0.327 210 -6.184 5.879 1.742 564.6 534.4 598.4 -237.8 -510.8 -36.0 8593.0 "Cl Haffner 13" 115.209 -30.073
Haffner_14 116.182 -28.384 243.987 -2.082 0.081 195 -1.821 1.728 0.226 3916.9 2813.3 6432.6 -1716.7 -3517.8 -142.3 10654.2 "Cl Haffner 14" 116.182 -28.384
Haffner_15 116.38 -32.846 247.946 -4.158 0.031 175 -2.154 3.289 0.238 3741.9 2723.0 5979.3 -1401.3 -3459.0 -271.3 10337.2 "Cl Haffner 15" 116.38 -32.846
Haffner_16 117.586 -25.458 242.091 0.473 0.031 106 -2.811 2.991 0.293 3104.3 2368.9 4501.7 -1453.0 -2743.1 25.6 10169.9 "Cl Haffner 16" 117.586 -25.458
Haffner_17 117.899 -31.812 247.699 -2.529 0.027 115 -1.195 1.859 0.247 3629.3 2662.8 5697.3 -1375.9 -3354.6 -160.1 10278.7 "Cl Haffner 17" 117.899 -31.812
Haffner_18 118.168 -26.387 243.157 0.449 0.032 71 -2.548 2.67 0.185 4672.7 3184.2 8772.0 -2109.9 -4169.1 36.6 11250.8 "Cl Haffner 18" 118.168 -26.387
Haffner_19 118.193 -26.274 243.071 0.526 0.017 50 -2.494 2.507 0.169 5052.9 3356.6 10228.1 -2288.3 -4504.9 46.4 11543.6 "Cl Haffner 19" 118.193 -26.274
Haffner_20 119.061 -30.369 246.974 -0.933 0.017 54 -2.294 3.407 0.178 4842.4 3262.3 9380.0 -1893.9 -4456.0 -78.8 11161.9 "Cl Haffner 20" 119.061 -30.369
Haffner_21 120.288 -27.212 244.846 1.636 0.029 65 -1.432 1.563 0.286 3174.6 2409.5 4651.5 -1348.8 -2872.3 90.6 10105.6 "Cl Haffner 21" 120.288 -27.212
Haffner_22 123.108 -27.913 246.783 3.366 0.078 184 -1.638 2.878 0.329 2790.6 2181.8 3870.6 -1098.2 -2560.2 163.9 9779.3 "Cl Haffner 22" 123.108 -27.913
Haffner_23 107.389 -16.866 229.987 -3.729 0.117 77 -0.526 -0.077 0.448 2095.7 1732.7 2652.7 -1344.6 -1601.7 -136.3 9816.1 "Cl Haffner 23" 107.389 -16.866
Haffner_26 123.911 -30.851 249.623 2.328 0.066 68 -1.588 2.37 0.303 3008.7 2313.3 4305.6 -1046.7 -2818.0 122.2 9800.6 "Cl Haffner 26" 123.911 -30.851
Haffner_3 106.027 -6.133 219.831 0.01 0.042 45 -1.179 -0.906 0.379 2448.6 1966.8 3243.0 -1880.4 -1568.4 0.4 10340.0 "Cl Haffner 3" 106.027 -6.133
Haffner_4 106.512 -15.002 227.939 -3.627 0.024 73 -0.417 0.904 0.223 3976.4 2845.2 6597.2 -2658.5 -2946.3 -251.6 11386.3 "Cl Haffner 4" 106.512 -15.002
Haffner_5 109.493 -22.66 236.059 -4.635 0.06 191 0.965 -4.06 0.571 1667.2 1428.9 2000.8 -927.8 -1378.6 -134.7 9369.8 "Cl Haffner 5" 109.493 -22.66
Haffner_6 109.998 -13.151 227.864 0.226 0.049 189 -1.22 1.96 0.204 4285.0 3000.1 7493.6 -2874.8 -3177.5 16.9 11656.2 "Cl Haffner 6" 109.998 -13.151
Haffner_7 110.734 -29.502 242.677 -6.801 0.032 84 -1.541 2.966 0.199 4384.6 3047.8 7795.0 -1998.4 -3868.0 -519.2 11038.3 "Cl Haffner 7" 110.734 -29.502
Haffner_8 110.777 -12.31 227.479 1.293 0.04 112 -1.626 0.446 0.314 2914.1 2256.5 4112.8 -1969.0 -2147.3 65.8 10530.3 "Cl Haffner 8" 110.777 -12.31
Haffner_9 111.175 -17.001 231.795 -0.586 0.035 140 -0.832 0.424 0.337 2736.0 2148.1 3766.9 -1692.1 -2149.8 -28.0 10259.8 "Cl Haffner 9" 111.175 -17.001
Harvard_10 244.859 -54.957 329.885 -3.365 0.354 164 -1.919 -10.577 1.418 691.3 646.6 742.6 596.9 -346.2 -40.6 7750.8 "Cl Harvard 10" 244.859 -54.957
Harvard_13 255.999 -48.09 339.615 -4.056 0.078 57 -2.766 -7.19 0.807 1195.7 1068.0 1358.1 1118.0 -415.4 -84.6 7233.9 "Cl Harvard 13" 255.999 -48.09
Harvard_16 262.781 -36.813 351.718 -1.64 0.132 414 -0.636 -0.778 0.623 1533.5 1329.6 1811.3 1516.9 -220.8 -43.9 6826.7 "Cl Harvard 16" 262.781 -36.813
Harvard_20 298.321 18.345 56.312 -4.686 0.079 46 -1.732 -4.447 0.461 2040.4 1694.8 2564.5 1128.0 1692.1 -166.7 7407.9 "Cl Harvard 20" 298.321 18.345
Havlen_Moffat_1 259.752 -38.817 348.715 -0.784 0.019 33 -1.047 -2.552 0.211 4161.1 2938.6 7124.9 4080.3 -814.2 -57.0 4336.8 "Cl HM 1" 259.752 -38.817
Hogg_10 167.663 -60.385 290.788 0.088 0.032 18 -6.201 1.754 0.382 2435.1 1958.4 3218.2 864.2 -2276.5 3.7 7814.7 "Cl Hogg 10" 167.6631 -60.385
Hogg_15 190.906 -63.101 302.048 -0.242 0.064 91 -6.018 -0.461 0.266 3385.5 2529.0 5119.4 1796.5 -2869.6 -14.3 7145.1 "Cl Hogg 15" 190.9061 -63.101
Hogg_17 218.459 -61.326 314.899 -0.856 0.059 55 -5.201 -2.433 0.407 2294.5 1865.8 2976.4 1619.4 -1625.1 -34.3 6914.3 "Cl Hogg 17" 218.459 -61.326
Hogg_18 222.716 -52.271 320.784 6.413 0.067 25 -1.808 -2.317 0.564 1685.2 1442.1 2026.9 1297.5 -1058.8 188.2 7121.7 "Cl Hogg 18" 222.716 -52.271
Hogg_19 247.236 -49.11 335.08 -0.308 0.046 45 -2.05 -3.125 0.369 2513.0 2008.6 3358.1 2279.0 -1058.8 -13.5 6152.8 "Cl Hogg 19" 247.236 -49.11
Hogg_21 251.414 -47.747 337.95 -1.45 0.045 58 -0.937 -2.206 0.366 2531.6 2020.1 3390.0 2345.6 -950.1 -64.1 6069.2 "Cl Hogg 21" 251.414 -47.747
Hogg_4 149.424 -54.612 279.469 0.144 0.077 281 -5.022 4.484 0.21 4176.9 2948.3 7175.2 687.2 -4120.0 10.5 8691.4 "Cl Hogg 4" 149.424 -54.612
IC_1311 302.697 41.177 77.705 4.18 0.039 495 -3.364 -5.047 0.124 6513.3 3944.7 18689.8 1383.3 6346.9 474.7 9417.0 "IC 1311" 302.697 41.177
IC_1369 318.033 47.77 89.606 -0.398 0.043 200 -4.644 -5.609 0.262 3436.5 2557.6 5236.1 23.7 3436.4 -23.9 8998.3 "IC 1369" 318.033 47.77
IC_1396 324.745 57.514 99.309 3.755 0.297 460 -2.355 -4.495 1.066 913.7 837.2 1005.6 -147.5 899.7 59.8 8535.0 "IC 1396" 324.745 57.514
IC_1434 332.625 52.858 99.951 -2.679 0.091 281 -3.904 -3.328 0.278 3253.3 2453.5 4820.4 -561.6 3200.9 -152.1 9459.6 "IC 1434" 332.625 52.858
IC_1590 13.205 56.629 123.123 -6.242 0.055 100 -2.368 -1.449 0.339 2719.4 2138.1 3734.9 -1477.2 2264.0 -295.7 10074.9 "IC 1590" 13.205 56.629
IC_166 28.094 61.857 130.052 -0.169 0.06 727 -1.439 1.126 0.175 4909.1 3292.4 9645.9 -3158.9 3757.7 -14.5 12097.3 "IC 166" 28.094 61.857
IC_1805 38.21 61.471 134.733 0.945 0.111 136 -0.702 -0.669 0.449 2090.6 1729.1 2643.4 -1471.2 1485.0 34.5 9922.9 "IC 1805" 38.21 61.471
IC_1848 42.855 60.419 137.222 0.919 0.2 381 -0.372 -0.315 0.415 2250.9 1837.2 2905.0 -1651.9 1528.5 36.1 10108.1 "IC 1848" 42.855 60.419
IC_2157 91.183 24.091 186.34 1.243 0.047 39 0.959 -2.982 0.448 2097.0 1733.6 2653.1 -2083.7 -231.5 45.5 10426.3 "IC 2157" 91.183 24.091
IC_2391 130.292 -52.991 270.386 -6.737 0.814 224 -24.644 23.316 6.582 151.3 149.0 153.6 1.0 -150.2 -17.7 8340.3 "IC 2391" 130.2922 -52.9911
IC_2395 130.531 -48.09 266.58 -3.627 0.209 297 -4.464 3.293 1.379 710.5 663.3 764.8 -42.3 -707.8 -44.9 8412.1 "IC 2395" 130.531 -48.09
IC_2488 141.857 -57.004 277.812 -4.442 0.22 435 -7.761 5.698 0.718 1338.8 1180.8 1545.7 181.4 -1322.4 -103.7 8265.0 "IC 2488" 141.8571 -57.004
IC_2581 156.867 -57.626 284.591 0.025 0.059 127 -7.275 3.594 0.352 2621.2 2076.8 3552.5 660.3 -2536.7 1.2 8087.8 "IC 2581" 156.8671 -57.626
IC_2602 160.613 -64.426 289.565 -4.955 1.449 311 -17.582 10.7 6.561 151.8 149.5 154.1 50.6 -142.5 -13.1 8290.6 "IC 2602" 160.6132 -64.426
IC_2714 169.373 -62.719 292.401 -1.784 0.171 934 -7.597 2.639 0.719 1337.9 1180.1 1544.5 509.6 -1236.4 -41.6 7927.4 "IC 2714" 169.3731 -62.719
IC_2948 174.822 -63.44 294.97 -1.689 0.105 70 -5.968 0.647 0.388 2400.2 1935.6 3158.2 1012.8 -2174.9 -70.7 7643.2 "IC 2948" 174.8221 -63.44
IC_348 56.132 32.159 160.486 -17.81 0.096 144 4.483 -6.447 3.079 321.7 311.7 332.4 -288.7 102.3 -98.4 8629.3 "IC 348" 56.132 32.159
IC_361 64.736 58.252 147.512 5.662 0.068 501 1.721 -1.139 0.227 3909.0 2810.8 6414.6 -3281.2 2089.4 385.6 11807.5 "IC 361" 64.736 58.252
IC_4651 261.212 -49.917 340.104 -7.902 0.23 854 -2.41 -5.064 1.056 921.3 843.6 1015.0 858.1 -310.5 -126.7 7488.4 "IC 4651" 261.212 -49.917
IC_4665 266.554 5.615 30.514 17.055 0.506 171 -0.909 -8.52 2.868 345.2 333.7 357.5 284.3 167.6 101.2 8057.5 "IC 4665" 266.554 5.615
IC_4725 277.937 -19.114 13.701 -4.425 0.261 516 -1.688 -6.117 1.514 648.3 608.8 693.2 627.9 153.1 -50.0 7713.6 "IC 4725" 277.937 -19.114
IC_4756 279.649 5.435 36.322 5.325 0.534 492 1.26 -4.927 2.093 471.3 450.1 494.6 378.1 278.0 43.7 7966.8 "IC 4756" 279.649 5.435
IC_4996 304.135 37.649 75.37 1.308 0.028 79 -2.681 -5.348 0.487 1936.6 1622.5 2401.4 489.0 1873.3 44.2 8071.4 "IC 4996" 304.135 37.649
IC_5146 328.372 47.246 94.383 -5.52 0.068 108 -2.91 -2.49 1.213 805.0 745.1 875.6 -61.2 799.0 -77.4 8439.1 "IC 5146" 328.372 47.246
Ivanov_4 105.144 -8.861 221.858 -2.016 0.019 21 -1.355 1.022 0.355 2602.8 2064.7 3517.5 -1937.4 -1735.7 -91.6 10422.9 "[IBP2002] CC04" 105.144 -8.861
Ivanov_8 124.794 -35.658 254.02 0.247 0.012 16 -2.375 3.543 0.088 8575.6 4616.1 50000.0 -2360.9 -8244.1 37.0 13508.3 "[IBP2002] CC08" 124.794 -35.658
Juchert_1 290.629 12.667 47.726 -0.997 0.024 63 -1.777 -4.609 0.232 3833.9 2771.1 6217.3 2578.6 2836.4 -66.7 6421.8 "Juchert 1" 290.629 12.667
Juchert_10 220.049 -60.375 315.987 -0.289 0.043 157 -4.915 -2.592 0.107 7358.9 4238.4 "" 5292.3 -5113.1 -37.2 5952.5 "Juchert 10" 220.049 -60.375
Juchert_13 180.431 -64.099 297.535 -1.75 0.048 207 -8.127 0.249 0.274 3294.1 2479.3 4912.8 1522.1 -2919.6 -100.6 7416.7 "Juchert 13" 180.4311 -64.099
Juchert_18 97.864 6.804 204.6 -1.313 0.025 32 0.059 0.057 0.148 5640.8 3604.4 12924.7 -5127.5 -2347.6 -129.3 13670.6 "Juchert 18" 97.864 6.804
Juchert_19 60.585 52.446 149.74 -0.195 0.025 26 -0.141 0.176 0.102 7628.0 4325.4 32146.8 -6588.6 3843.9 -26.0 15415.6 "Juchert 19" 60.585 52.446
Juchert_20 62.703 46.874 154.492 -3.414 0.04 85 1.103 -1.643 0.331 2780.0 2175.1 3851.0 -2504.6 1195.0 -165.5 10910.2 "Juchert 20" 62.703 46.874
Juchert_3 286.886 6.279 40.354 -0.701 0.028 69 -1.509 -3.985 0.283 3203.6 2426.3 4712.2 2441.2 2074.2 -39.2 6252.9 "Juchert 3" 286.886 6.279
Juchert_9 58.84 58.391 145.122 3.68 0.02 39 -0.223 -0.033 0.186 4650.7 3174.0 8694.7 -3807.4 2653.9 298.5 12433.9 "Juchert 9" 58.84 58.391
Juchert_Saloran_1 4.078 59.967 118.545 -2.606 0.038 76 -1.731 -1.312 0.197 4430.2 3071.4 7951.0 -2114.8 3887.7 -201.4 11154.2 "NAME Juchert-Saloranta 1" 4.078 59.967
Kharchenko_1 92.197 24.281 186.624 2.144 0.065 44 0.767 -2.286 0.42 2228.5 1823.1 2867.9 -2212.1 -256.9 83.4 10555.2 "Cl Kharchenko 1" 92.197 24.281
King_1 5.505 64.383 119.758 1.692 0.155 689 -4.947 -1.273 0.519 1825.1 1543.5 2232.5 -905.5 1583.8 53.9 9380.1 "Cl King 1" 5.505 64.383
King_10 343.748 59.17 108.493 -0.398 0.039 227 -2.722 -2.088 0.259 3478.1 2580.3 5332.6 -1103.2 3298.4 -24.2 10002.7 "Cl King 10" 343.748 59.17
King_11 356.912 68.636 117.151 6.484 0.062 270 -3.358 -0.643 0.262 3433.2 2555.6 5229.0 -1556.7 3035.4 387.7 10351.7 "Cl King 11" 356.912 68.636
King_12 358.265 61.953 116.128 -0.145 0.054 73 -3.416 -1.42 0.296 3080.6 2354.4 4453.0 -1356.6 2765.8 -7.8 10083.4 "Cl King 12" 358.265 61.953
King_13 2.553 61.175 117.982 -1.3 0.071 288 -2.746 -0.839 0.231 3847.1 2778.0 6242.8 -1804.6 3396.5 -87.3 10698.1 "Cl King 13" 2.553 61.175
King_14 7.987 63.163 120.734 0.375 0.058 109 -3.267 -0.985 0.402 2318.8 1882.2 3019.1 -1185.0 1993.1 15.2 9731.3 "Cl King 14" 7.987 63.163
King_15 8.262 61.854 120.765 -0.941 0.041 74 -2.326 -0.862 0.306 2987.5 2299.6 4261.4 -1527.9 2566.7 -49.0 10196.3 "Cl King 15" 8.262 61.854
King_16 10.915 64.172 122.084 1.313 0.051 49 -2.908 -0.419 0.328 2805.2 2190.5 3897.9 -1489.6 2376.1 64.3 10112.7 "Cl King 16" 10.915 64.172
King_17 77.09 39.069 167.297 -0.745 0.038 50 -0.126 -1.274 0.239 3725.8 2714.2 5936.8 -3634.3 819.2 -48.5 12002.3 "Cl King 17" 77.09 39.069
King_18 343.055 58.289 107.785 -1.032 0.049 68 -2.639 -2.068 0.31 2948.2 2276.8 4176.9 -900.4 2806.9 -53.1 9657.3 "Cl King 18" 343.055 58.289
King_19 347.053 60.523 110.563 0.155 0.061 147 -4.838 -2.651 0.343 2687.7 2118.6 3674.5 -944.0 2516.5 7.3 9619.0 "Cl King 19" 347.053 60.523
King_2 12.741 58.188 122.869 -4.684 0.051 128 -1.358 -0.824 0.166 5136.0 3394.4 10555.4 -2778.1 4299.4 -419.4 11920.5 "Cl King 2" 12.741 58.188
King_20 353.305 58.469 112.839 -2.861 0.061 82 -2.686 -2.585 0.496 1903.8 1599.5 2351.0 -738.0 1752.3 -95.0 9245.6 "Cl King 20" 353.305 58.469
King_21 357.479 62.705 115.945 0.671 0.046 116 -3.259 -1.675 0.305 2994.5 2304.7 4273.0 -1310.0 2692.5 35.0 10018.6 "Cl King 21" 357.479 62.705
King_23 110.459 -0.988 217.296 6.305 0.059 107 -0.457 -0.879 0.279 3245.2 2449.9 4804.8 -2566.0 -1954.4 356.4 11079.7 "Cl King 23" 110.459 -0.988
King_25 291.122 13.696 48.86 -0.934 0.052 168 -1.367 -3.958 0.31 2948.7 2276.3 4179.9 1939.7 2220.3 -48.1 6774.5 "Cl King 25" 291.122 13.696
King_26 292.237 14.882 50.417 -1.321 0.036 94 -2.344 -4.935 0.414 2256.2 1841.6 2913.8 1437.2 1738.4 -52.0 7118.3 "Cl King 26" 292.237 14.882
King_4 39.028 59.024 136.054 -1.155 0.052 85 -0.575 -0.084 0.378 2456.5 1972.3 3258.3 -1768.3 1704.4 -49.5 10251.0 "Cl King 4" 39.028 59.024
