CG2020.tsv
# %ECSV 1.0
# ---
# datatype:
# - name: Cluster
#   datatype: string
#   description: Cluster name (cluster)
#   meta: !!omap
#   - {ucd: ID_PARENT}
#   - {_votable_string_dtype: char}
# - name: RA_ICRS
#   unit: deg
#   datatype: float32
#   format: '{:7.3f}'
#   description: '[] Mean right ascension of members (ICRS) at Ep=2015.5 (ra)'
#   meta: !!omap
#   - {ucd: POS_EQ_RA_MAIN}
#   - {width: 7}
#   - {precision: '3'}
# - name: DE_ICRS
#   unit: deg
#   datatype: float32
#   format: '{:7.3f}'
#   description: Mean declination of members (ICRS) at Ep=2015.5 (dec)
#   meta: !!omap
#   - {ucd: POS_EQ_DEC_MAIN}
#   - {width: 7}
#   - {precision: '3'}
# - name: GLON
#   unit: deg
#   datatype: float32
#   format: '{:7.3f}'
#   description: Mean Galactic longitude of members (l)
#   meta: !!omap
#   - {ucd: POS_GAL_LON}
#   - {width: 7}
#   - {precision: '3'}
# - name: GLAT
#   unit: deg
#   datatype: float32
#   format: '{:7.3f}'
#   description: Mean Galactic latitude of members (b)
#   meta: !!omap
#   - {ucd: POS_GAL_LAT}
#   - {width: 7}
#   - {precision: '3'}
# - name: r50
#   unit: deg
#   datatype: float32
#   format: '{:6.3f}'
#   description: Radius containing half the members (r50)
#   meta: !!omap
#   - {ucd: EXTENSION_RAD}
#   - {width: 6}
#   - {precision: '3'}
# - name: N
#   datatype: int16
#   description: Number of members (probability over 0.5) (nbstars)
#   meta: !!omap
#   - {ucd: NUMBER}
#   - {width: 4}
# - name: pmRA
#   unit: mas / yr
#   datatype: float32
#   format: '{:7.3f}'
#   description: Mean proper motion along RA of members, pmRA*cosDE (pmra)
#   meta: !!omap
#   - {ucd: POS_EQ_PMRA}
#   - {width: 7}
#   - {precision: '3'}
# - name: pmDE
#   unit: mas / yr
#   datatype: float32
#   format: '{:7.3f}'
#   description: Mean proper motion along DE of members (pmdec)
#   meta: !!omap
#   - {ucd: POS_EQ_PMDEC}
#   - {width: 7}
#   - {precision: '3'}
# - name: Plx
#   unit: mas
#   datatype: float32
#   format: '{:6.3f}'
#   description: Mean parallax of members (par)
#   meta: !!omap
#   - {ucd: POS_PARLX_TRIG}
#   - {width: 6}
#   - {precision: '3'}
# - name: dmode
#   unit: pc
#   datatype: float32
#   format: '{:7.1f}'
#   description: Most likely distance (dmode)
#   meta: !!omap
#   - {ucd: PHYS_DISTANCE_TRUE}
#   - {width: 7}
#   - {precision: '1'}
# - name: dmode_01
#   unit: pc
#   datatype: float32
#   format: '{:6.1f}'
#   description: Distance if +0.1mas added to parallax (dmodePLUS01)
#   meta: !!omap
#   - {ucd: PHYS_DISTANCE_TRUE}
#   - {width: 6}
#   - {precision: '1'}
# - name: dmode-01
#   unit: pc
#   datatype: float32
#   format: '{:7.1f}'
#   description: '? Distance if -0.1mas added to parallax null if mean parallax under 0.1mas (dmodeMINUS01)'
#   meta: !!omap
#   - {ucd: PHYS_DISTANCE_TRUE}
#   - {width: 7}
#   - {precision: '1'}
#   - values: {'null': .nan}
# - name: X
#   unit: pc
#   datatype: float64
#   format: '{:8.1f}'
#   description: X position in Galactic cartesian coordinates (X)
#   meta: !!omap
#   - {ucd: POS_GAL_X}
#   - {width: 8}
#   - {precision: '1'}
# - name: Y
#   unit: pc
#   datatype: float64
#   format: '{:8.1f}'
#   description: Y position in Galactic cartesian coordinates (Y)
#   meta: !!omap
#   - {ucd: POS_GAL_Y}
#   - {width: 8}
#   - {precision: '1'}
# - name: Z
#   unit: pc
#   datatype: float32
#   format: '{:7.1f}'
#   description: Z position in Galactic cartesian coordinates (Z)
#   meta: !!omap
#   - {ucd: POS_GAL_Z}
#   - {width: 7}
#   - {precision: '1'}
# - name: Rgc
#   unit: pc
#   datatype: float32
#   format: '{:7.1f}'
#   description: Distance from Galactic centre assuming the Sun is at 8340pc (Rgc)
#   meta: !!omap
#   - {ucd: POS_GAL_GC}
#   - {width: 7}
#   - {precision: '1'}
# - name: SimbadName
#   datatype: string
#   description: Simbad column added by the CDS
#   meta: !!omap
#   - {ucd: ID_ALTERNATIVE}
#   - values: {'null': ' '}
#   - {_votable_string_dtype: char}
# - name: _RA.icrs
#   unit: deg
#   datatype: float64
#   format: '{:8.4f}'
#   description: Right ascension (ICRS) at Epoch=J2000, proper motions taken into account
#   meta: !!omap
#   - {ucd: POS_EQ_RA_OTHER}
#   - {width: 8}
#   - {precision: '4'}
#   - values: {'null': .nan}
# - name: _DE.icrs
#   unit: deg
#   datatype: float64
#   format: '{:8.4f}'
#   description: Declination (ICRS) at Epoch=J2000, proper motions taken into account
#   meta: !!omap
#   - {ucd: POS_EQ_DEC_OTHER}
#   - {width: 8}
#   - {precision: '4'}
#   - values: {'null': .nan}
# meta: {ID: J_A_A_633_A99_table1, description: Mean parameters of the identified clusters, name: J/A+A/633/A99/table1}
# schema: astropy-2.0
Cluster RA_ICRS DE_ICRS GLON GLAT r50 N pmRA pmDE Plx dmode dmode_01 dmode-01 X Y Z Rgc SimbadName _RA.icrs _DE.icrs
[from data line 654]
King_6 51.982 56.444 143.345 -0.095 0.159 234 3.864 -1.814 1.346 727.3 678.0 784.4 -583.5 434.2 -1.2 8934.0 "Cl King 6" 51.982 56.444
King_7 59.783 51.785 149.8 -1.017 0.06 372 1.121 -1.196 0.286 3171.8 2407.8 4645.3 -2740.9 1595.2 -56.3 11195.1 "Cl King 7" 59.783 51.785
King_8 87.324 33.633 176.384 3.101 0.025 100 0.52 -1.743 0.131 6241.1 3843.7 16651.6 -6219.5 393.0 337.6 14564.9 "Cl King 8" 87.324 33.633
King_9 333.877 54.405 101.441 -1.828 0.028 61 -2.28 -0.972 0.129 6312.9 3869.6 17127.4 -1251.6 6184.3 -201.4 11412.4 "Cl King 9" 333.877 54.405
Koposov_10 86.861 35.427 174.646 3.695 0.04 71 0.457 -1.78 0.329 2789.2 2180.7 3868.4 -2771.2 259.7 179.7 11114.3 "[KGZ2008] 10" 86.861 35.427
Koposov_12 90.245 35.287 176.155 6.013 0.078 141 0.699 -1.732 0.396 2351.2 1903.7 3073.7 -2333.0 156.8 246.3 10674.2 "[KGZ2008] 12" 90.245 35.287
Koposov_36 84.218 31.21 177.069 -0.403 0.064 83 0.804 -3.668 0.541 1754.8 1493.0 2128.9 -1752.5 89.7 -12.3 10092.9 "[KGZ2008] 36" 84.218 31.21
Koposov_43 88.079 29.901 179.923 1.747 0.033 15 -0.037 -1.664 0.18 4787.5 3238.0 9196.4 -4785.2 6.4 145.9 13125.2 "[KGZ2008] 43" 88.079 29.901
Koposov_53 92.221 26.264 184.897 3.121 0.039 50 0.242 -0.632 0.18 4788.7 3238.1 9189.4 -4764.2 -408.2 260.7 13110.5 "[KGZ2008] 53" 92.221 26.264
Koposov_63 92.499 24.567 186.507 2.522 0.043 53 0.546 -0.447 0.206 4259.0 2987.7 7419.4 -4227.5 -482.2 187.4 12576.7 "[KGZ2008] 63" 92.499 24.567
Kronberger_1 82.089 34.777 173.106 0.049 0.014 38 -0.05 -2.199 0.443 2118.4 1748.0 2687.6 -2103.1 254.3 1.8 10446.2 "Kronberger 1" 82.089 34.777
Kronberger_25 275.667 -14.727 16.584 -0.467 0.007 23 -0.343 -1.827 0.268 3372.4 2522.1 5087.1 3232.0 962.5 -27.5 5197.9 "Kronberger 25" 275.667 -14.727
Kronberger_4 296.297 28.16 63.844 1.883 0.014 78 -2.542 -4.836 0.119 6765.2 4037.3 20947.7 2980.6 6069.1 222.3 8096.7 "Kronberger 4" 296.297 28.16
Kronberger_52 299.536 30.883 67.625 0.851 0.024 84 -2.622 -4.837 0.106 7408.5 4256.1 28459.1 2819.8 6849.9 110.0 8797.4 "Kronberger 52" 299.536 30.883
Kronberger_54 300.778 31.968 69.106 0.523 0.006 19 -2.596 -5.209 0.195 4457.5 3083.0 8035.8 1589.7 4164.2 40.7 7931.4 "Kronberger 54" 300.778 31.968
Kronberger_57 305.986 36.602 75.344 -0.501 0.012 29 -3.54 -4.406 0.275 3285.2 2473.1 4890.4 831.2 3178.1 -28.7 8153.7 "Kronberger 57" 305.986 36.602
Kronberger_69 300.499 31.42 68.516 0.433 0.033 45 -2.741 -5.246 0.351 2629.8 2082.4 3567.7 963.1 2447.0 19.9 7772.1 "Kronberger 69" 300.499 31.42
Kronberger_79 293.478 18.522 54.18 -0.611 0.015 67 -2.718 -5.33 0.148 5651.4 3611.6 12981.0 3307.3 4582.3 -60.2 6806.3 "Kronberger 79" 293.478 18.522
Kronberger_80 317.954 52.379 92.928 2.798 0.015 41 -2.329 -2.887 0.071 10025.7 5006.6 "" -511.5 10000.7 489.4 13355.3 "Kronberger 80" 317.954 52.379
Kronberger_81 321.547 53.534 95.271 2.067 0.045 47 -2.61 -3.324 0.228 3896.8 2803.2 6388.9 -357.8 3877.8 140.5 9523.1 "Kronberger 81" 321.547 53.534
Kronberger_84 323.884 53.517 96.275 1.106 0.019 44 -3.085 -2.908 0.225 3935.0 2824.7 6490.0 -430.0 3910.7 75.9 9602.4 "Kronberger 84" 323.884 53.517
Kronberger_85 119.59 -34.77 250.967 -2.842 0.025 32 -1.265 2.815 0.069 10239.6 5058.1 "" -3335.2 -9667.9 -507.7 15158.5 "Kronberger 85" 119.59 -34.77
LDN_988e 316.027 50.245 90.539 2.245 0.024 33 1.181 -3.56 1.596 615.5 579.8 655.8 -5.8 615.0 24.1 8368.4 "NAME [C86] L988 e Cluster" 316.027 50.245
L_1641S 85.675 -8.133 212.48 -18.954 0.143 101 0.013 -0.39 2.288 431.6 413.8 451.1 -344.3 -219.2 -140.2 8687.1 "NAME LDN 1641S Cluster" 85.675 -8.133
Loden_1194 212.006 -59.786 312.436 1.665 0.336 68 -7.762 -4.667 1.329 736.6 686.1 795.2 496.8 -543.4 21.4 7862.0 "Cl Loden 1194" 212.0061 -59.786
Loden_372 172.769 -58.507 292.583 2.74 0.088 76 -6.807 0.936 0.551 1722.8 1469.6 2081.3 660.8 -1588.9 82.4 7841.8 "Cl Loden 372" 172.7691 -58.507
Loden_46 155.884 -54.667 282.56 2.246 0.327 44 -11.367 4.645 0.875 1106.3 996.1 1244.0 240.4 -1079.0 43.4 8171.2 "Cl Loden 46" 155.8841 -54.667
Lynga_1 209.994 -62.152 310.842 -0.338 0.035 33 -5.303 -2.274 0.422 2216.2 1814.2 2847.1 1449.3 -1676.6 -13.1 7091.7 "Cl Lynga 1" 209.994 -62.152
Lynga_14 253.764 -45.239 340.913 -1.091 0.035 26 -0.336 -1.977 0.308 2963.2 2286.0 4210.6 2799.8 -968.8 -56.4 5624.3 "Cl Lynga 14" 253.764 -45.239
Lynga_2 216.085 -61.328 313.839 -0.44 0.198 156 -6.716 -4.696 1.034 940.4 859.5 1038.0 651.3 -678.3 -7.2 7718.5 "Cl Lynga 2" 216.0851 -61.328
Lynga_3 229.194 -58.373 321.035 -0.705 0.018 38 -4.853 -3.727 0.108 7292.2 4218.3 26958.5 5669.4 -4585.3 -89.7 5306.3 "Cl Lynga 3" 229.194 -58.373
Lynga_4 233.344 -55.234 324.662 0.653 0.048 71 -3.983 -3.004 0.35 2641.3 2089.6 3588.5 2154.5 -1527.6 30.1 6371.3 "Cl Lynga 4" 233.344 -55.234
Lynga_5 235.462 -56.68 324.766 -1.213 0.078 181 -3.66 -3.561 0.305 2993.4 2303.8 4272.0 2444.5 -1726.6 -63.4 6143.2 "Cl Lynga 5" 235.462 -56.68
Lynga_6 241.218 -51.96 330.352 0.302 0.056 79 -1.866 -2.757 0.383 2426.1 1952.7 3202.2 2108.5 -1200.1 12.8 6346.0 "Cl Lynga 6" 241.218 -51.96
Lynga_9 245.17 -48.523 334.547 1.074 0.061 451 -2.559 -2.415 0.359 2574.8 2047.5 3467.9 2324.5 -1106.4 48.3 6116.4 "Cl Lynga 9" 245.17 -48.523
Mamajek_1 130.637 -78.963 292.436 -21.601 0.362 20 -29.834 26.99 10.13 104.0 104.0 104.0 36.9 -89.4 -38.3 8303.6 "Cl Mamajek 1" 130.6377 -78.9631
Mamajek_4 276.635 -50.772 344.031 -16.989 1.404 199 4.646 -21.051 2.224 443.8 425.0 464.4 408.1 -116.8 -129.7 7932.8 "Cl Mamajek 4" 276.635 -50.7719
Markarian_38 273.819 -18.997 11.985 -0.928 0.044 27 0.845 -2.277 0.567 1678.8 1437.4 2017.6 1641.9 348.6 -27.2 6707.1 "Cl Mrk 38" 273.819 -18.997
Markarian_50 348.806 60.448 111.335 -0.239 0.035 45 -3.465 -2.56 0.323 2837.6 2211.5 3962.4 -1032.4 2643.1 -11.9 9737.9 "Cl Mrk 50" 348.806 60.448
Mayer_1 5.502 61.751 119.456 -0.922 0.101 56 -3.341 -1.426 0.353 2615.0 2072.9 3541.0 -1285.8 2276.6 -42.1 9891.3 "Cl Mayer 1" 5.502 61.751
Mayer_3 112.523 -18.553 233.771 -0.198 0.026 28 -1.892 2.336 0.209 4205.3 2959.1 7257.0 -2485.4 -3392.2 -14.6 11344.4 "NAME MAYER 3" 112.523 -18.553
Melotte_101 160.535 -65.11 289.863 -5.572 0.136 523 -6.307 3.483 0.439 2134.7 1759.3 2713.7 721.9 -1998.2 -207.3 7875.8 "Cl Melotte 101" 160.5351 -65.11
Melotte_105 169.92 -63.486 292.903 -2.416 0.054 503 -6.771 2.133 0.407 2291.7 1864.5 2972.9 891.1 -2109.2 -96.6 7741.8 "Cl Melotte 105" 169.9201 -63.486
Melotte_20 51.617 48.975 147.357 -6.404 2.027 764 22.864 -25.378 5.668 175.5 172.5 178.7 -146.9 94.1 -19.6 8487.4 "Cl Melotte 20" 51.6168 48.9751
Melotte_22 56.601 24.114 166.462 -23.614 1.274 992 20.077 -45.503 7.346 135.6 133.8 137.5 -120.8 29.1 -54.3 8460.8 "Cl Melotte 22" 56.6009 24.1142
Melotte_66 111.573 -47.685 259.569 -14.265 0.088 830 -1.474 2.745 0.183 4722.0 3208.1 8955.2 -828.5 -4500.8 -1163.6 10213.7 "Cl Melotte 66" 111.573 -47.685
Melotte_71 114.383 -12.065 228.951 4.506 0.075 584 -2.446 4.21 0.434 2160.4 1776.6 2755.9 -1414.4 -1624.3 169.7 9888.7 "Cl Melotte 71" 114.383 -12.065
Melotte_72 114.618 -10.698 227.862 5.369 0.053 194 -4.159 3.68 0.369 2514.7 2009.5 3359.3 -1679.7 -1856.6 235.3 10190.3 "Cl Melotte 72" 114.618 -10.698
Moffat_1 240.397 -54.149 328.535 -1.014 0.033 20 -2.211 -3.037 0.402 2320.8 1883.6 3022.5 1979.3 -1211.2 -41.1 6475.0 "Cl Moffat 1" 240.397 -54.149
Muzzio_1 134.478 -47.761 268.0 -1.371 0.124 40 -5.261 4.224 0.519 1824.8 1543.2 2232.1 -63.7 -1823.1 -43.7 8599.2 "NAME Muzzio 1" 134.478 -47.761
NGC_1027 40.677 61.616 135.754 1.545 0.22 396 -1.753 2.09 0.882 1097.8 989.2 1233.1 -786.1 765.7 29.6 9158.2 "NGC 1027" 40.677 61.616
NGC_103 6.312 61.326 119.795 -1.386 0.053 193 -2.823 -0.988 0.288 3156.5 2399.4 4616.7 -1568.0 2738.5 -76.3 10279.5 "NGC 103" 6.312 61.326
NGC_1039 40.531 42.722 143.682 -15.646 0.403 578 0.722 -5.681 1.949 505.5 481.2 532.4 -392.2 288.3 -136.3 8737.0 "NGC 1039" 40.531 42.722
NGC_1193 46.486 44.383 146.814 -12.162 0.027 215 -0.125 -0.329 0.159 5309.6 3467.3 11309.9 -4343.9 2841.0 -1118.6 12998.2 "NGC 1193" 46.486 44.383
NGC_1220 47.92 53.344 143.039 -3.963 0.022 57 0.187 -0.717 0.297 3067.1 2348.0 4424.3 -2444.9 1839.8 -212.0 10940.7 "NGC 1220" 47.92 53.344
NGC_1245 48.691 47.235 146.658 -8.927 0.109 589 0.504 -1.579 0.289 3147.7 2394.0 4594.1 -2597.7 1709.1 -488.4 11070.5 "NGC 1245" 48.691 47.235
NGC_129 7.607 60.213 120.323 -2.552 0.169 392 -2.605 -1.096 0.511 1852.3 1562.8 2273.3 -934.2 1597.3 -82.5 9410.8 "NGC 129" 7.607 60.213
NGC_1333 52.297 31.31 158.343 -20.505 0.095 50 7.425 -9.865 3.344 296.5 287.8 305.5 -258.1 102.5 -103.9 8598.7 "NGC 1333" 52.297 31.31
NGC_1342 52.894 37.38 154.94 -15.347 0.289 361 0.52 -1.604 1.502 653.2 613.2 698.9 -570.7 266.8 -172.9 8914.6 "NGC 1342" 52.894 37.38
NGC_1348 53.524 51.409 146.968 -3.709 0.068 92 1.288 -0.726 0.404 2310.5 1876.8 3004.9 -1933.0 1256.8 -149.5 10349.6 "NGC 1348" 53.524 51.409
NGC_136 7.896 61.506 120.566 -1.274 0.027 80 -1.648 -0.522 0.181 4767.3 3228.9 9120.3 -2423.7 4103.8 -106.0 11519.5 "NGC 136" 7.896 61.506
NGC_1444 57.361 52.658 148.1 -1.29 0.056 21 -0.746 -1.829 0.832 1161.1 1040.3 1313.5 -985.5 613.4 -26.1 9345.6 "NGC 1444" 57.361 52.658
NGC_146 8.262 63.316 120.869 0.518 0.075 66 -2.864 -0.451 0.307 2973.4 2292.3 4229.8 -1525.5 2552.1 26.9 10190.3 "NGC 146" 8.262 63.316
NGC_1496 61.111 52.668 149.833 0.182 0.044 58 1.511 -0.756 0.612 1559.4 1349.0 1847.6 -1348.2 783.6 5.0 9719.8 "NGC 1496" 61.111 52.668
NGC_1502 61.954 62.332 143.671 7.657 0.081 154 -0.571 -0.848 0.916 1058.4 957.1 1183.6 -845.0 621.4 141.0 9206.0 "NGC 1502" 61.954 62.332
NGC_1513 62.47 49.504 152.589 -1.59 0.106 348 1.324 -3.679 0.651 1470.2 1282.1 1723.7 -1304.6 676.6 -40.8 9668.3 "NGC 1513" 62.47 49.504
NGC_1528 63.878 51.218 152.069 0.274 0.235 329 2.181 -2.246 0.948 1023.9 928.8 1140.6 -904.6 479.6 4.9 9257.0 "NGC 1528" 63.878 51.218
NGC_1545 65.202 50.221 153.366 0.145 0.29 139 -1.957 -0.082 1.367 716.5 668.6 771.8 -640.5 321.2 1.8 8986.2 "NGC 1545" 65.202 50.221
NGC_1579 67.514 35.325 165.293 -8.999 0.112 56 2.477 -4.945 1.81 543.7 515.7 575.0 -519.5 136.3 -85.0 8860.5 "NGC 1579" 67.514 35.325
NGC_1582 67.985 43.718 159.357 -3.019 0.264 147 2.216 -1.347 0.994 977.8 890.7 1083.8 -913.8 344.2 -51.5 9260.2 "NGC 1582" 67.985 43.718
NGC_1605 68.745 45.269 158.586 -1.567 0.047 127 0.99 -1.977 0.295 3083.3 2356.6 4458.3 -2869.4 1125.3 -84.3 11265.7 "NGC 1605" 68.745 45.269
NGC_1624 70.162 50.458 155.365 2.611 0.032 18 0.006 -0.456 0.145 5760.2 3656.6 13612.5 -5230.4 2398.6 262.4 13780.8 "NGC 1624" 70.162 50.458
NGC_1647 71.481 19.079 180.368 -16.792 0.417 619 -1.057 -1.502 1.675 586.7 554.2 623.3 -561.7 -3.6 -169.5 8901.7 "NGC 1647" 71.481 19.079
NGC_1662 72.198 10.882 187.795 -21.077 0.602 238 -1.128 -1.962 2.4 411.7 395.5 429.4 -380.6 -52.1 -148.1 8720.8 "NGC 1662" 72.198 10.882
NGC_1664 72.763 43.676 161.67 -0.452 0.113 327 1.703 -5.738 0.734 1310.2 1158.4 1507.8 -1243.7 412.0 -10.3 9592.5 "NGC 1664" 72.763 43.676
NGC_1708 75.871 52.851 155.752 6.866 0.248 141 0.276 -1.36 1.029 944.9 863.3 1043.5 -855.3 385.2 113.0 9203.4 "NGC 1708" 75.871 52.851
NGC_1724 75.838 49.495 158.429 4.823 0.055 32 1.02 0.048 0.244 3669.0 2683.9 5796.6 -3400.0 1344.1 308.5 11816.7 "NGC 1724" 75.838 49.495
NGC_1750 75.926 23.695 179.119 -10.713 0.419 439 -0.96 -2.366 1.361 719.5 671.2 775.2 -706.8 10.9 -133.7 9046.8 "NGC 1750" 75.926 23.695
NGC_1758 76.175 23.813 179.158 -10.46 0.106 146 3.156 -3.465 1.103 883.7 812.0 969.4 -868.9 12.8 -160.4 9208.9 "NGC 1758" 76.175 23.813
NGC_1778 77.033 37.02 168.914 -2.007 0.112 175 0.506 -3.145 0.581 1640.0 1408.9 1961.7 -1608.4 315.2 -57.4 9953.4 "NGC 1778" 77.033 37.02
NGC_1798 77.914 47.691 160.705 4.85 0.039 218 0.913 -0.318 0.178 4834.5 3259.2 9356.2 -4546.6 1591.8 408.7 12984.5 "NGC 1798" 77.914 47.691
NGC_1817 78.139 16.696 186.193 -13.032 0.187 460 0.485 -0.89 0.551 1723.0 1469.8 2081.5 -1668.8 -181.1 -388.5 10010.4 "NGC 1817" 78.139 16.696
NGC_1857 80.031 39.336 168.414 1.259 0.062 122 0.553 -1.31 0.32 2868.3 2228.9 4022.1 -2809.2 575.9 63.0 11164.0 "NGC 1857" 80.031 39.336
NGC_188 11.798 85.244 122.837 22.373 0.272 864 -2.307 -0.96 0.507 1864.3 1571.4 2291.5 -934.8 1448.5 709.6 9387.3 "NGC 188" 11.7981 85.244
NGC_1883 81.48 46.493 163.082 6.163 0.032 101 0.496 -1.128 0.201 4352.5 3032.3 7708.8 -4140.0 1259.2 467.3 12543.4 "NGC 1883" 81.48 46.493
NGC_189 9.885 61.09 121.494 -1.749 0.079 57 0.338 -3.306 0.772 1248.5 1110.0 1426.6 -651.9 1064.1 -38.1 9054.7 "NGC 189" 9.885 61.09
NGC_1893 80.724 33.444 173.577 -1.634 0.085 169 -0.231 -1.41 0.267 3373.5 2522.4 5089.8 -3350.9 377.2 -96.2 11697.0 "NGC 1893" 80.724 33.444
NGC_1901 79.561 -68.294 278.854 -33.631 0.652 75 1.537 12.67 2.358 419.0 402.1 437.3 53.7 -344.7 -232.1 8293.5 "NGC 1901" 79.561 -68.2941
NGC_1907 82.033 35.33 172.621 0.317 0.075 293 -0.04 -3.418 0.611 1563.3 1351.9 1853.0 -1550.3 200.8 8.6 9892.3 "NGC 1907" 82.033 35.33
NGC_1912 82.167 35.824 172.27 0.681 0.163 474 1.58 -4.424 0.874 1107.4 997.0 1245.3 -1097.3 148.9 13.2 9438.4 "NGC 1912" 82.167 35.824
NGC_1960 84.084 34.135 174.542 1.075 0.086 299 -0.155 -3.388 0.835 1156.9 1036.9 1308.3 -1151.5 110.0 21.7 9492.1 "NGC 1960" 84.084 34.135
NGC_2099 88.074 32.545 177.642 3.086 0.161 1710 1.924 -5.648 0.666 1438.1 1257.3 1679.6 -1434.8 59.1 77.4 9775.0 "NGC 2099" 88.074 32.545
NGC_2112 88.452 0.403 205.886 -12.605 0.173 705 -2.713 4.27 0.877 1103.6 993.9 1240.5 -968.9 -470.2 -240.8 9320.8 "NGC 2112" 88.452 0.403
NGC_2126 90.658 49.883 163.23 13.15 0.1 119 0.848 -2.615 0.747 1287.9 1141.0 1478.2 -1200.8 361.9 293.0 9547.6 "NGC 2126" 90.658 49.883
NGC_2129 90.275 23.328 186.594 0.144 0.05 80 0.266 -2.216 0.491 1922.5 1612.5 2380.2 -1909.8 -220.8 4.8 10252.2 "NGC 2129" 90.275 23.328
NGC_2141 90.734 10.451 198.043 -5.804 0.073 831 -0.028 -0.767 0.196 4441.3 3075.3 7981.6 -4201.2 -1368.5 -449.1 12615.7 "NGC 2141" 90.734 10.451
NGC_2158 91.862 24.099 186.635 1.788 0.044 1380 -0.177 -2.002 0.192 4535.1 3119.8 8301.0 -4502.5 -523.8 141.5 12853.2 "NGC 2158" 91.862 24.099
NGC_2168 92.272 24.336 186.609 2.23 0.319 1325 2.308 -2.905 1.131 862.4 793.9 943.7 -856.0 -99.2 33.6 9196.5 "NGC 2168" 92.272 24.336
NGC_2169 92.125 13.951 195.631 -2.92 0.076 65 -1.068 -1.655 0.982 989.5 900.4 1098.2 -951.7 -266.3 -50.4 9295.5 "NGC 2169" 92.125 13.951
NGC_2183 92.717 -6.213 213.898 -11.839 0.139 74 -3.605 0.447 1.211 806.4 746.2 877.2 -655.1 -440.2 -165.4 9005.9 "NAME NGC 2183 Cluster" 92.717 -6.213
NGC_2184 91.69 -2.0 209.592 -10.848 0.3 102 -0.648 -0.288 1.709 575.3 544.0 610.5 -491.4 -279.0 -108.3 8835.8 "NGC 2184" 91.69 -2.0
NGC_2186 93.031 5.453 203.55 -6.195 0.048 111 0.415 -1.993 0.413 2260.8 1844.1 2920.8 -2060.4 -898.0 -244.0 10439.1 "NGC 2186" 93.031 5.453
NGC_2192 93.819 39.846 173.422 10.649 0.045 163 0.193 -1.962 0.223 3963.1 2838.6 6562.0 -3869.2 446.2 732.3 12217.3 "NGC 2192" 93.819 39.846
NGC_2194 93.44 12.813 197.246 -2.344 0.077 826 0.535 -1.468 0.263 3424.6 2551.1 5207.4 -3267.9 -1014.5 -140.1 11652.2 "NGC 2194" 93.44 12.813
NGC_2204 93.882 -18.67 226.016 -16.114 0.098 573 -0.56 1.964 0.209 4204.1 2960.1 7251.0 -2804.9 -2906.2 -1166.8 11517.5 "NGC 2204" 93.882 -18.67
NGC_2215 95.199 -7.277 215.985 -10.104 0.173 128 0.436 -3.673 1.021 952.5 869.6 1052.8 -758.8 -551.0 -167.1 9115.4 "NGC 2215" 95.199 -7.277
NGC_2225 96.652 -9.643 218.785 -9.86 0.026 60 -0.28 0.501 0.29 3139.3 2389.2 4575.7 -2410.9 -1937.4 -537.6 10924.1 "NGC 2225" 96.652 -9.643
NGC_2232 96.888 -4.749 214.458 -7.471 0.516 198 -4.745 -1.84 3.067 322.9 312.8 333.7 -264.0 -181.2 -42.0 8605.9 "NGC 2232" 96.888 -4.749
NGC_2236 97.416 6.834 204.367 -1.694 0.07 434 -0.752 0.01 0.35 2639.8 2089.1 3587.3 -2403.6 -1088.7 -78.0 10798.6 "NGC 2236" 97.416 6.834
NGC_2243 97.395 -31.282 239.478 -18.011 0.046 515 -1.279 5.488 0.211 4167.8 2940.4 7149.6 -2013.0 -3414.3 -1288.7 10901.4 "NGC 2243" 97.395 -31.282
NGC_2244 98.045 4.914 206.361 -2.026 0.232 623 -1.598 0.179 0.617 1548.8 1341.1 1832.4 -1386.8 -687.3 -54.8 9751.1 "NGC 2244" 98.045 4.914
NGC_225 10.805 61.774 121.96 -1.082 0.216 36 -5.373 -0.093 1.432 684.3 640.5 734.6 -362.2 580.5 -12.9 8721.5 "NGC 225" 10.805 61.774
