Clusters/ESO_134_12/ESO_134_12_members.tsv
# %ECSV 1.0
# ---
# datatype:
# - name: RA_ICRS_1
#   unit: deg
#   datatype: float64
#   format: '{:15.11f}'
#   description: Right ascension (ICRS) at Ep=2016.0 (ra)
#   meta: !!omap
#   - {ucd: POS_EQ_RA_MAIN}
#   - {width: 15}
#   - {precision: '11'}
# - name: DE_ICRS_1
#   unit: deg
#   datatype: float64
#   format: '{:15.11f}'
#   description: Declination (ICRS) at Ep=2016.0 (dec)
#   meta: !!omap
#   - {ucd: POS_EQ_DEC_MAIN}
#   - {width: 15}
#   - {precision: '11'}
# - name: e_RA_ICRS
#   unit: mas
#   datatype: float64
#   format: '{:7.4f}'
#   description: Standard error of right ascension (ra_error)
#   meta: !!omap
#   - {ucd: ERROR}
#   - {width: 7}
#   - {precision: '4'}
# - name: e_DE_ICRS
#   unit: mas
#   datatype: float64
#   format: '{:7.4f}'
#   description: Standard error of declination (dec_error)
#   meta: !!omap
#   - {ucd: ERROR}
#   - {width: 7}
#   - {precision: '4'}
# - name: _r_1
#   unit: ''
#   datatype: float64
#   format: '{:7.4f}'
#   description: Distance from center (221.21191611000-59.15429826000)[ICRS], at Epoch=J2016.0
#   meta: !!omap
#   - {ucd: POS_ANG_DIST_GENERAL}
#   - {width: 7}
#   - {precision: '4'}
# - name: HIP
#   datatype: int32
#   description: '? HIP cross-id number, van Leeuwen, Cat. I/311 (hip_original_ext_source_id)'
#   meta: !!omap
#   - {ucd: ID_NUMBER}
#   - {width: 6}
#   - values: {'null': -2147483648}
# - name: TYC2
#   datatype: string
#   description: Tycho-2 cross-id name, Hog et al., Cat. I/259 (tyc2_original_ext_source_id)
#   meta: !!omap
#   - {ucd: ID_CROSSID}
#   - {_votable_string_dtype: char}
# - name: Source
#   datatype: int64
#   description: Source identifier, identical to the Gaia-EDR3 source_id (id)
#   meta: !!omap
#   - {ucd: ID_MAIN}
#   - {width: 19}
# - name: rgeo
#   unit: pc
#   datatype: float64
#   format: '{:15.8f}'
#   description: '? Median of the geometric distance posterior (r_med_geo)'
#   meta: !!omap
#   - {ucd: PHYS_DISTANCE_TRUE}
#   - {width: 15}
#   - {precision: '8'}
#   - values: {'null': .nan}
# - name: Plx
#   unit: mas
#   datatype: float64
#   format: '{:9.4f}'
#   description: '? Parallax (parallax)'
#   meta: !!omap
#   - {ucd: POS_PARLX_TRIG}
#   - {width: 9}
#   - {precision: '4'}
#   - values: {'null': .nan}
# - name: e_Plx
#   unit: mas
#   datatype: float32
#   format: '{:7.4f}'
#   description: '? Standard error of parallax (parallax_error)'
#   meta: !!omap
#   - {ucd: ERROR}
#   - {width: 7}
#   - {precision: '4'}
#   - values: {'null': .nan}
# - name: pmRA
#   unit: mas / yr
#   datatype: float64
#   format: '{:9.3f}'
#   description: '? Proper motion in right ascension direction, pmRA*cosDE (pmra)'
#   meta: !!omap
#   - {ucd: POS_EQ_PMRA}
#   - {width: 9}
#   - {precision: '3'}
#   - values: {'null': .nan}
# - name: pmDE
#   unit: mas / yr
#   datatype: float64
#   format: '{:9.3f}'
#   description: '? Proper motion in declination direction (pmdec)'
#   meta: !!omap
#   - {ucd: POS_EQ_PMDEC}
#   - {width: 9}
#   - {precision: '3'}
#   - values: {'null': .nan}
# - name: e_pmRA
#   unit: mas / yr
#   datatype: float32
#   format: '{:6.3f}'
#   description: '? Standard error of proper motion in right ascension direction (pmra_error)'
#   meta: !!omap
#   - {ucd: ERROR}
#   - {width: 6}
#   - {precision: '3'}
#   - values: {'null': .nan}
# - name: e_pmDE
[...]
#       distance: !astropy.table.SerializedColumn
#         __class__: astropy.coordinates.distances.Distance
#         unit: !astropy.units.Unit {unit: pc}
#         value: !astropy.table.SerializedColumn {name: SkyCoord.distance}
#       frame: icrs
#       obstime: !astropy.time.Time {format: jyear_str, in_subfmt: '*', jd1: 367701545.0, jd2: 0.0, out_subfmt: '*', precision: 3, scale: tt}
#       pm_dec: !astropy.table.SerializedColumn
#         __class__: astropy.units.quantity.Quantity
#         unit: !astropy.units.Unit {unit: mas / yr}
#         value: !astropy.table.SerializedColumn {name: SkyCoord.pm_dec}
#       pm_ra_cosdec: !astropy.table.SerializedColumn
#         __class__: astropy.units.quantity.Quantity
#         unit: !astropy.units.Unit {unit: mas / yr}
#         value: !astropy.table.SerializedColumn {name: SkyCoord.pm_ra_cosdec}
#       ra: !astropy.table.SerializedColumn
#         __class__: astropy.coordinates.angles.Longitude
#         unit: *id001
#         value: !astropy.table.SerializedColumn {name: SkyCoord.ra}
#         wrap_angle: !astropy.coordinates.Angle
#           unit: *id001
#           value: 360.0
#       representation_type: spherical
# schema: astropy-2.0
RA_ICRS_1 DE_ICRS_1 e_RA_ICRS e_DE_ICRS _r_1 HIP TYC2 Source rgeo Plx e_Plx pmRA pmDE e_pmRA e_pmDE RUWE Teff logg Gmag BP-RP BPmag RPmag RV e_RV b_rgeo B_rgeo FG e_FG FBP e_FBP FRP e_FRP RAVE5 RAVE6 e_Gmag e_BPmag e_RPmag e_BP-RP SkyCoord.ra SkyCoord.dec SkyCoord.distance SkyCoord.pm_ra_cosdec SkyCoord.pm_dec rmRA rmDE e_rmRA e_rmDE rRV e_rRV v_pec v_pec3d e_vpec e_vpec3d Pmemb
221.32085228139 -59.21596933807 0.0091 0.0096 4.9903 "" "" 5879098161324368128 2087.84326 0.4419 0.0142 -5.247 -3.227 0.012 0.013 1.041 "" "" 13.31053 1.39084 13.924273 12.533433 "" "" 2028.80371 2154.36279 89276.02754 21.065 36788.0 32.569 76875.0 36.177 "" "" 0.002767204242288399 0.0029511 0.0038137631 0.006764863 221.32085228139 -59.21596933807 2087.84326 -5.247 -3.2269999999999994 -3.983688354480819e-05 -0.10400009346008288 0.11339763 0.11439763 "" "" 1.0292242138721224 "" 0.11774081075350329 "" 1.0
221.24790143588 -59.15914986694 0.009 0.01 1.1446 "" "" 5879099329555486464 2057.25732 0.4472 0.0146 -5.511 -3.203 0.012 0.013 1.018 "" "" 13.355356 1.112719 13.814818 12.7021 "" "" 2007.0824 2119.29956 85665.12912 54.967 40690.0 85.271 65814.0 121.01 "" "" 0.00284202878592229 0.0036002807 0.004274221 0.007874502 221.24790143588 -59.15914986694 2057.25732 -5.511000000000002 -3.2029999999999976 -0.26403983688354504 -0.08000009346008286 0.11339763 0.11439763 "" "" 2.690344736210062 "" 0.3053058325878975 "" 0.8
221.2175769796 -59.16853520161 0.0091 0.0101 0.8718 "" "" 5879099226476265984 2024.45459 0.4583 0.0148 -5.314 -2.968 0.012 0.013 0.994 "" "" 13.417633 1.24027 13.945946 12.705676 "" "" 1976.17017 2080.32373 80889.77438 15.246 36061.0 21.289 65598.0 24.061 "" "" 0.0027629090055694013 0.002862848 0.0038003058 0.006663154 221.2175769796 -59.16853520161 2024.45459 -5.314 -2.9679999999999986 -0.06703983688354498 0.15499990653991702 0.11339763 0.11439763 "" "" 1.620525592345719 "" 0.1851298507600039 "" 1.0
221.2265250804 -59.17532692232 0.0118 0.0119 1.3393 "" "" 5879099226476264448 2410.18555 0.3776 0.0182 -5.298 -3.299 0.014 0.016 1.048 "" "" 13.873216 1.194342 14.377412 13.18307 "" "" 2319.67407 2522.75684 53169.22835 17.508 24236.0 28.72 42260.0 41.864 "" "" 0.0027784186189955614 0.0030725268 0.003929448 0.0070019746 221.2265250804 -59.17532692232 2410.18555 -5.297999999999997 -3.2989999999999977 -0.051039836883544965 -0.17600009346008294 0.115397625 0.11739763 "" "" 2.093515907052116 "" 0.24545154762379834 "" 1.0
221.23882689094 -59.10157893371 0.0106 0.0124 3.2699 "" "" 5879104071199402496 2184.9856 0.4213 0.0166 -5.155 -3.072 0.014 0.016 0.956 "" "" 13.89514 1.168263 14.386446 13.218183 "" "" 2118.55396 2251.14233 52106.39847 8.8302 24035.0 20.09 40915.0 16.144 "" "" 0.002761456720488666 0.002934051 0.0038035847 0.0067376355 221.23882689094 -59.10157893371 2184.9856 -5.154999999999999 -3.0719999999999987 0.09196016311645483 0.05099990653991693 0.115397625 0.11739763 "" "" 1.0890769777323506 "" 0.12619262582256263 "" 1.0
221.20130233557 -59.14163762822 0.0118 0.0134 0.8269 "" "" 5879099501354181888 2152.61792 0.4276 0.0185 -5.299 -3.041 0.015 0.018 1.011 "" "" 14.219306 1.44162 14.86183 13.42021 "" "" 2074.20923 2268.73828 38656.64696 9.7491 15513.0 16.046 33968.0 17.466 "" "" 0.002768892670020599 0.0030077014 0.0038203923 0.006828094 221.20130233557 -59.14163762822 2152.61792 -5.2989999999999995 -3.0410000000000013 -0.0520398368835453 0.08199990653991707 0.11639763 0.119397625 "" "" 0.9909464033645353 "" 0.11747078854967939 "" 0.8
221.13887962187 -59.13571418064 0.012 0.0126 2.5089 "" "" 5879102490651664896 2270.25781 0.403 0.0185 -5.241 -3.08 0.015 0.016 1.008 "" "" 14.292074 1.154868 14.775951 13.621083 "" "" 2184.73633 2358.84131 36150.73271 6.9646 16789.0 16.29 28231.0 13.194 "" "" 0.0027632485039394074 0.0029824218 0.003813294 0.0067957155 221.13887962187 -59.13571418064 2270.25781 -5.241 -3.080000000000001 0.005960163116455419 0.04299990653991692 0.11639763 0.11739763 "" "" 0.4671467994922924 "" 0.054833157489133456 "" 0.8
221.23944736321 -59.14652560125 0.0125 0.0139 0.967 "" "" 5879099329555490944 1778.7146 0.5272 0.0201 -5.255 -3.092 0.016 0.018 0.998 "" "" 14.394387 1.30829 14.960178 13.651889 "" "" 1715.10291 1837.51855 32899.67943 6.4813 14169.0 14.311 27441.0 18.582 "" "" 0.00276360981973777 0.0029979355 0.0038502305 0.0068481658 221.23944736321 -59.14652560125 1778.7146 -5.255000000000003 -3.092000000000001 -0.008039836883544815 0.03099990653991691 0.11739763 0.119397625 "" "" 0.2700104938352219 "" 0.03220484519385354 "" 0.9
221.18359747783 -59.14083984985 0.0132 0.0153 1.188 "" "" 5879099501354180352 2024.81384 0.4499 0.021 -5.25 -3.131 0.017 0.02 1.075 "" "" 14.523223 1.637861 15.283819 13.645958 "" "" 1936.89294 2113.70288 29218.47467 8.5548 10517.0 10.387 27591.0 14.993 "" "" 0.002773597545249616 0.0029891317 0.0038251558 0.0068142875 221.18359747783 -59.14083984985 2024.81384 -5.2500000000000036 -3.131000000000001 -0.003039836883544922 -0.008000093460082791 0.11839762 0.12139763 "" "" 0.08213794764937499 "" 0.009940599917399153 "" 0.8
221.02518225515 -59.14571648585 0.0134 0.0139 5.7684 "" "" 5879102971687098880 2112.91748 0.4371 0.0207 -5.367 -3.016 0.017 0.018 1.023 "" "" 14.656103 1.380328 15.250779 13.870451 "" "" 2031.151 2197.03101 25852.67844 9.1466 10842.0 17.722 22438.0 49.914 "" "" 0.002781967899163404 0.003306758 0.004485217 0.0077919746 221.02518225515 -59.14571648585 2112.91748 -5.367000000000002 -3.016000000000001 -0.12003983688354491 0.10699990653991698 0.11839762 0.119397625 "" "" 1.6105080443418303 "" 0.19139505728661865 "" 0.8
221.35821601563 -59.15690404063 0.0145 0.0159 4.5033 "" "" 5879099879311308416 2344.00806 0.3919 0.0237 -5.137 -3.143 0.02 0.022 1.013 7455.3 3.5464 14.812909 1.25331 15.347218 14.093907 "" "" 2201.39551 2490.91895 22376.03683 4.8179 9920.4 12.038 18264.0 15.116 "" "" 0.0027652197695353688 0.0030855867 0.00388474 0.0069703264 221.35821601563 -59.15690404063 2344.00806 -5.137 -3.1430000000000042 0.10996016311645551 -0.020000093460082802 0.12139763 0.123397626 "" "" 1.241767358888455 "" 0.15082777685599558 "" 0.9
221.21641859084 -59.18638258213 0.0152 0.0167 1.93 "" "" 5879099123397044864 2000.3269 0.4641 0.0241 -5.314 -3.17 0.02 0.023 1.021 "" "" 14.828495 1.240551 15.35699 14.116439 "" "" 1910.12781 2096.01709 22057.12332 5.2519 9831.5 12.96 17889.0 9.4964 "" "" 0.002767421417668387 0.003135836 0.0038230775 0.0069589135 221.21641859084 -59.18638258213 2000.3269 -5.314 -3.17 -0.06703983688354498 -0.04700009346008294 0.12139763 0.12439763 "" "" 0.7762921896197387 "" 0.09501379098692128 "" 1.0
221.22966293728 -59.14684666673 0.0161 0.0174 0.7057 "" "" 5879099535713919744 2168.45972 0.4261 0.0249 -5.2 -3.066 0.021 0.023 0.959 "" "" 15.01981 1.365767 15.620698 14.254931 "" "" 2059.21484 2271.49805 18493.66649 6.7446 7711.5 12.605 15747.0 20.627 "" "" 0.0027836268014120565 0.0033067593 0.0040381183 0.0073448773 221.22966293728 -59.14684666673 2168.45972 -5.200000000000001 -3.0660000000000025 0.0469601631164549 0.056999906539917156 0.122397624 0.12439763 "" "" 0.7590966459543182 "" 0.09381894468351222 "" 0.9
221.25506927976 -59.15010376383 0.0167 0.0184 1.3513 "" "" 5879099363915228928 2002.34119 0.4651 0.0263 -5.188 -3.088 0.022 0.025 1.027 "" "" 15.135319 1.287415 15.687264 14.399849 "" "" 1877.70886 2113.16992 16627.20023 4.289 7252.9 13.976 13779.0 11.808 "" "" 0.002769517408317015 0.0034874338 0.0038922261 0.00737966 221.25506927976 -59.15010376383 2002.34119 -5.188000000000001 -3.0880000000000027 0.058960163116455355 0.034999906539916914 0.123397626 0.12639762 "" "" 0.6507664305827656 "" 0.08081627704622986 "" 1.0
221.19123592236 -59.11924383641 0.0225 0.0243 2.1975 "" "" 5879102559371147264 2315.86597 0.4037 0.0352 -4.985 -3.286 0.029 0.033 1.147 "" "" 15.573936 1.371996 16.171337 14.799341 "" "" 2124.78027 2484.94702 11101.25961 3.4352 4643.9 9.8165 9537.2 9.9522 "" "" 0.002775728210759538 0.003612817 0.003945551 0.007558368 221.19123592236 -59.11924383641 2315.86597 -4.985 -3.2859999999999987 0.26196016311645476 -0.16300009346008304 0.13039762 0.13439763 "" "" 3.3868218106706505 "" 0.4454561306525605 "" 0.8
221.05360590623 -59.23348650732 0.0213 0.0223 6.7999 "" "" 5879005046429674496 2188.74951 0.4204 0.0326 -5.307 -3.085 0.027 0.028 1.087 8959.2 3.2009 15.593302 1.582184 16.321068 14.738884 "" "" 2030.71191 2351.95435 10905.00638 3.569 4045.7 7.894 10083.0 9.1365 "" "" 0.0027781390178710386 0.0035032951 0.0039053326 0.007408628 221.05360590623 -59.23348650732 2188.74951 -5.307000000000001 -3.0850000000000004 -0.060039836883545306 0.03799990653991703 0.12839763 0.12939763 "" "" 0.7371695845233311 "" 0.0948622487300619 "" 0.8
221.33496462644 -59.10660463845 0.021 0.0223 4.7474 "" "" 5879100944463216000 2166.43433 0.4222 0.0336 -5.171 -3.082 0.027 0.03 0.972 8443.0 3.2826 15.611338 1.282186 16.167274 14.885089 "" "" 1989.23303 2343.33447 10725.3573 2.9522 4661.3 10.032 8813.0 8.9853 "" "" 0.002771480253089905 0.003639404 0.003938159 0.0075775627 221.33496462644 -59.10660463845 2166.43433 -5.171000000000002 -3.082000000000002 0.07596016311645482 0.04099990653991714 0.12839763 0.13139762 "" "" 0.8863992224026013 "" 0.11441689193874996 "" 0.9
221.14293753079 -59.16773731197 0.0211 0.0236 2.2697 "" "" 5879099089037559424 2178.9895 0.4306 0.0334 -5.126 -3.05 0.027 0.031 1.016 7988.4 4.0793 15.614083 1.372185 16.220478 14.848293 "" "" 2021.51807 2328.6333 10698.2692 2.9412 4438.4 9.4023 9116.8 9.2843 "" "" 0.0027714414959030243 0.0036159575 0.0039377995 0.007553757 221.14293753079 -59.16773731197 2178.9895 -5.126 -3.050000000000001 0.12096016311645474 0.07299990653991717 0.12839763 0.13239762 "" "" 1.4592090927064232 "" 0.18893494032741126 "" 1.0
221.21746903349 -59.1049133643 0.0229 0.0245 2.968 "" "" 5879102593730649216 2094.67554 0.4382 0.0369 -5.371 -3.055 0.029 0.033 1.011 "" "" 15.807323 1.338647 16.39503 15.056382 "" "" 1966.34827 2284.98584 8954.00565 2.5497 3779.2 9.7567 7526.7 8.9696 "" "" 0.002772611568647103 0.003954998 0.003994727 0.007949725 221.21746903349 -59.1049133643 2094.67554 -5.371 -3.055 -0.12403983688354536 0.06799990653991683 0.13039762 0.13439763 "" "" 1.4044853694623545 "" 0.1844549751189003 "" 0.9
221.23053428993 -59.1074456196 0.0237 0.0258 2.869 "" "" 5879104066882934912 2156.36011 0.4213 0.0382 -5.235 -3.156 0.031 0.034 1.022 8999.3 3.4921 15.838188 1.283599 16.389044 15.105445 "" "" 1994.92737 2327.98315 8703.05338 2.6397 3800.1 10.133 7194.2 14.71 "" "" 0.0027749298407694165 0.0040207957 0.0043831677 0.008403963 221.23053428993 -59.1074456196 2156.36011 -5.235000000000001 -3.1560000000000015 0.011960163116454758 -0.033000093460083146 0.13239762 0.13539763 "" "" 0.35876832407913856 "" 0.0484526438539912 "" 0.9
221.1673791928 -59.17559139009 0.0256 0.0277 1.873 "" "" 5879099020317830784 1794.37219 0.5182 0.0396 -5.304 -3.17 0.032 0.037 0.922 "" "" 15.925023 1.372972 16.530392 15.15742 "" "" 1686.76965 1937.91626 8034.10535 2.4979 3336.3 10.504 6857.9 8.405 "" "" 0.002775921803602783 0.004412485 0.004006796 0.008419281 221.1673791928 -59.17559139009 1794.37219 -5.304000000000001 -3.1700000000000013 -0.05703983688354519 -0.04700009346008294 0.13339762 0.13839763 "" "" 0.6286206663314314 "" 0.08514152447056224 "" 0.8
221.29748372586 -59.16529348037 0.0253 0.0263 2.7134 "" "" 5879098539281504640 2312.56616 0.4052 0.0396 -5.261 -3.16 0.034 0.036 1.048 "" "" 15.962157 1.424272 16.597357 15.173085 "" "" 2140.67114 2509.31079 7763.96731 2.6435 3136.7 7.6733 6759.6 10.679 "" "" 0.0027800087982619154 0.003852215 0.0041504093 0.008002624 221.29748372586 -59.16529348037 2312.56616 -5.261000000000003 -3.1600000000000024 -0.014039836883545043 -0.03700009346008315 0.13539763 0.13739762 "" "" 0.43379602838700393 "" 0.059494039472442556 "" 1.0
221.23714560352 -59.16213344167 0.0272 0.0279 0.9073 "" "" 5879099329555484928 2038.16235 0.4671 0.0429 -5.209 -3.164 0.035 0.038 0.941 "" "" 16.094835 1.361649 16.690945 15.329296 "" "" 1855.13354 2208.00537 6870.8814 2.5817 2877.7 8.062 5853.8 9.6727 "" "" 0.0027853582887701926 0.0041276156 0.0041835792 0.008311195 221.23714560352 -59.16213344167 2038.16235 -5.208999999999997 -3.1639999999999997 0.03796016311645545 -0.041000093460083153 0.13639763 0.13939762 "" "" 0.5397992656032191 "" 0.07450366451668332 "" 0.9
221.24928979129 -59.16277738615 0.0267 0.029 1.2571 "" "" 5879099260836008832 2000.8241 0.4797 0.0428 -5.307 -3.089 0.034 0.039 0.985 9447.4 3.9651 16.111359 1.612197 16.8631 15.250903 "" "" 1864.0802 2178.12329 6767.10683 2.693 2455.7 8.9782 6292.1 8.623 "" "" 0.002788992095472321 0.0048520262 0.004061737 0.008913763 221.24928979129 -59.16277738615 2000.8241 -5.307 -3.089 -0.060039836883545306 0.033999906539917024 0.13539763 0.14039762 "" "" 0.6543741122752951 "" 0.0894061729214569 "" 1.0
221.13541408522 -59.1414239768 0.0267 0.0285 2.4774 "" "" 5879102490651662976 2024.22546 0.4568 0.0413 -5.122 -3.182 0.034 0.036 0.969 "" "" 16.135107 1.484862 16.789867 15.305005 "" "" 1876.38306 2210.06006 6620.69565 2.392 2627.1 9.2694 5986.3 27.817 "" "" 0.002783103100152606 0.004739276 0.006303769 0.011043046 221.13541408522 -59.1414239768 2024.22546 -5.122000000000001 -3.182 0.12496016311645519 -0.05900009346008295 0.13539763 0.13739762 "" "" 1.325894700583791 "" 0.18000929972777288 "" 0.8
