Clusters/ESO_134_12/ESO_134_12_stars_in_region.tsv
# %ECSV 1.0
# ---
# datatype:
# - name: RA_ICRS_1
#   unit: deg
#   datatype: float64
#   format: '{:15.11f}'
#   description: Right ascension (ICRS) at Ep=2016.0 (ra)
#   meta: !!omap
#   - {ucd: POS_EQ_RA_MAIN}
#   - {width: 15}
#   - {precision: '11'}
# - name: DE_ICRS_1
#   unit: deg
#   datatype: float64
#   format: '{:15.11f}'
#   description: Declination (ICRS) at Ep=2016.0 (dec)
#   meta: !!omap
#   - {ucd: POS_EQ_DEC_MAIN}
#   - {width: 15}
#   - {precision: '11'}
# - name: e_RA_ICRS
#   unit: mas
#   datatype: float64
#   format: '{:7.4f}'
#   description: Standard error of right ascension (ra_error)
#   meta: !!omap
#   - {ucd: ERROR}
#   - {width: 7}
#   - {precision: '4'}
# - name: e_DE_ICRS
#   unit: mas
#   datatype: float64
#   format: '{:7.4f}'
#   description: Standard error of declination (dec_error)
#   meta: !!omap
#   - {ucd: ERROR}
#   - {width: 7}
#   - {precision: '4'}
# - name: _r_1
#   unit: ''
#   datatype: float64
#   format: '{:7.4f}'
#   description: Distance from center (221.21191611000-59.15429826000)[ICRS], at Epoch=J2016.0
#   meta: !!omap
#   - {ucd: POS_ANG_DIST_GENERAL}
#   - {width: 7}
#   - {precision: '4'}
# - name: HIP
#   datatype: int32
#   description: '? HIP cross-id number, van Leeuwen, Cat. I/311 (hip_original_ext_source_id)'
#   meta: !!omap
#   - {ucd: ID_NUMBER}
#   - {width: 6}
#   - values: {'null': -2147483648}
# - name: TYC2
#   datatype: string
#   description: Tycho-2 cross-id name, Hog et al., Cat. I/259 (tyc2_original_ext_source_id)
#   meta: !!omap
#   - {ucd: ID_CROSSID}
#   - {_votable_string_dtype: char}
# - name: Source
#   datatype: int64
#   description: Source identifier, identical to the Gaia-EDR3 source_id (id)
#   meta: !!omap
#   - {ucd: ID_MAIN}
#   - {width: 19}
# - name: rgeo
#   unit: pc
#   datatype: float64
#   format: '{:15.8f}'
#   description: '? Median of the geometric distance posterior (r_med_geo)'
#   meta: !!omap
#   - {ucd: PHYS_DISTANCE_TRUE}
#   - {width: 15}
#   - {precision: '8'}
#   - values: {'null': .nan}
# - name: Plx
#   unit: mas
#   datatype: float64
#   format: '{:9.4f}'
#   description: '? Parallax (parallax)'
#   meta: !!omap
#   - {ucd: POS_PARLX_TRIG}
#   - {width: 9}
#   - {precision: '4'}
#   - values: {'null': .nan}
# - name: e_Plx
#   unit: mas
#   datatype: float32
#   format: '{:7.4f}'
#   description: '? Standard error of parallax (parallax_error)'
#   meta: !!omap
#   - {ucd: ERROR}
#   - {width: 7}
#   - {precision: '4'}
#   - values: {'null': .nan}
# - name: pmRA
#   unit: mas / yr
#   datatype: float64
#   format: '{:9.3f}'
#   description: '? Proper motion in right ascension direction, pmRA*cosDE (pmra)'
#   meta: !!omap
#   - {ucd: POS_EQ_PMRA}
#   - {width: 9}
#   - {precision: '3'}
#   - values: {'null': .nan}
# - name: pmDE
#   unit: mas / yr
#   datatype: float64
#   format: '{:9.3f}'
#   description: '? Proper motion in declination direction (pmdec)'
#   meta: !!omap
#   - {ucd: POS_EQ_PMDEC}
#   - {width: 9}
#   - {precision: '3'}
#   - values: {'null': .nan}
# - name: e_pmRA
#   unit: mas / yr
#   datatype: float32
#   format: '{:6.3f}'
#   description: '? Standard error of proper motion in right ascension direction (pmra_error)'
#   meta: !!omap
#   - {ucd: ERROR}
#   - {width: 6}
#   - {precision: '3'}
#   - values: {'null': .nan}
# - name: e_pmDE
[...]
#         value: !astropy.table.SerializedColumn {name: SkyCoord.dec}
#       distance: !astropy.table.SerializedColumn
#         __class__: astropy.coordinates.distances.Distance
#         unit: !astropy.units.Unit {unit: pc}
#         value: !astropy.table.SerializedColumn {name: SkyCoord.distance}
#       frame: icrs
#       obstime: !astropy.time.Time {format: jyear_str, in_subfmt: '*', jd1: 367701545.0, jd2: 0.0, out_subfmt: '*', precision: 3, scale: tt}
#       pm_dec: !astropy.table.SerializedColumn
#         __class__: astropy.units.quantity.Quantity
#         unit: !astropy.units.Unit {unit: mas / yr}
#         value: !astropy.table.SerializedColumn {name: SkyCoord.pm_dec}
#       pm_ra_cosdec: !astropy.table.SerializedColumn
#         __class__: astropy.units.quantity.Quantity
#         unit: !astropy.units.Unit {unit: mas / yr}
#         value: !astropy.table.SerializedColumn {name: SkyCoord.pm_ra_cosdec}
#       ra: !astropy.table.SerializedColumn
#         __class__: astropy.coordinates.angles.Longitude
#         unit: *id001
#         value: !astropy.table.SerializedColumn {name: SkyCoord.ra}
#         wrap_angle: !astropy.coordinates.Angle
#           unit: *id001
#           value: 360.0
#       representation_type: spherical
# schema: astropy-2.0
RA_ICRS_1 DE_ICRS_1 e_RA_ICRS e_DE_ICRS _r_1 HIP TYC2 Source rgeo Plx e_Plx pmRA pmDE e_pmRA e_pmDE RUWE Teff logg Gmag BP-RP BPmag RPmag RV e_RV b_rgeo B_rgeo FG e_FG FBP e_FBP FRP e_FRP RAVE5 RAVE6 e_Gmag e_BPmag e_RPmag e_BP-RP SkyCoord.ra SkyCoord.dec SkyCoord.distance SkyCoord.pm_ra_cosdec SkyCoord.pm_dec rmRA rmDE e_rmRA e_rmDE rRV e_rRV v_pec v_pec3d e_vpec e_vpec3d
[from data line 566]
221.12226334841 -59.36468462891 0.0229 0.0237 12.9192 "" "" 5878956152519944960 2398.77271 0.3886 0.0354 -5.44 -3.017 0.03 0.031 0.988 9003.2 3.5185 15.849768 1.352055 16.445621 15.093567 "" "" 2231.85303 2652.87402 8610.72752 2.4856 3607.2 9.1541 7273.3 8.5106 "" "" 0.0027730879017806424 0.0039213207 0.0039871964 0.0079085175 221.12226334841 -59.36468462891 2398.77271 -5.440000000000001 -3.017000000000005 -0.1930398368835453 0.10599990653991709 0.13139762 0.13239762 "" "" 2.5040322435627997 "" 0.32960567514690625 ""
221.13976499315 -59.24857921001 0.0222 0.0246 6.0756 "" "" 5879098573641217536 1782.91785 0.5267 0.0351 -6.789 -4.681 0.03 0.034 0.995 "" "" 15.851753 1.471435 16.519949 15.048513 "" "" 1665.51892 1915.77783 8594.99228 2.652 3368.5 7.8556 7581.5 9.5205 "" "" 0.0027756113343315836 0.003767781 0.00401779 0.007785571 221.13976499315 -59.24857921001 1782.91785 -6.789 -4.680999999999999 -1.5420398368835446 -1.558000093460083 0.13139762 0.13539763 "" "" 18.525405387935972 "" 2.4719042165586 ""
221.57935068047 -59.2394661951 0.0234 0.0245 12.3922 "" "" 5879048923817134336 1970.22266 0.4667 0.0368 -2.992 -1.946 0.032 0.031 0.97 "" "" 15.853477 1.554345 16.565752 15.011407 "" "" 1838.93677 2134.67554 8581.36281 2.7694 3229.4 8.3221 7845.0 9.0994 "" "" 0.0027775103404032754 0.0039513805 0.0039836755 0.007935056 221.57935068047 -59.2394661951 1970.22266 -2.9919999999999995 -1.9459999999999997 2.254960163116455 1.176999906539917 0.13339762 0.13239762 "" "" 23.75481406141562 "" 3.1637646052819814 ""
221.20725798727 -59.3324585961 0.0234 0.0231 10.6906 "" "" 5878956599196588672 1839.4458 0.5094 0.0359 -2.985 -1.962 0.03 0.032 0.972 9566.1 4.3524 15.855377 1.337938 16.443506 15.105568 "" "" 1720.51294 1949.71997 8566.34869 2.9113 3614.2 9.8533 7193.3 11.321 "" "" 0.0027799179126168456 0.0040677674 0.0041477205 0.008215488 221.20725798727 -59.3324585961 1839.4458 -2.984999999999999 -1.961999999999999 2.261960163116455 1.160999906539917 0.13139762 0.13339762 "" "" 22.168123364209944 "" 2.922138945377323 ""
221.0202371518 -59.25473172207 0.0222 0.0236 8.4251 "" "" 5879004908990712192 2327.33545 0.3861 0.0343 -2.025 -3.049 0.028 0.03 0.975 "" "" 15.856506 1.697229 16.655355 14.958126 "" "" 2166.85791 2536.98511 8557.44569 2.5722 2973.5 6.4237 8239.6 8.7923 "" "" 0.0027745800313009727 0.0036450753 0.0039529735 0.007598049 221.0202371518 -59.25473172207 2327.33545 -2.0250000000000012 -3.0489999999999995 3.221960163116455 0.07399990653991706 0.12939763 0.13139762 "" "" 35.552652477093226 "" 4.600466772921119 ""
221.46902510235 -59.06218330063 0.0223 0.0235 9.658 "" "" 5879106579459730944 2609.80518 0.3425 0.0356 -5.945 -4.107 0.03 0.03 0.991 8908.4 3.823 15.859554 2.619535 17.29617 14.676634 "" "" 2339.59033 2953.17432 8533.46059 25.767 1648.0 18.112 10678.0 64.642 "" "" 0.004282493104281725 0.012254424 0.007581898 0.019836321 221.46902510235 -59.06218330063 2609.80518 -5.944999999999999 -4.106999999999999 -0.6980398368835452 -0.9840000934600832 0.13139762 0.13139762 "" "" 14.924331678022428 "" 1.9610216602468413 ""
221.65041180293 -59.12567963233 0.024 0.0252 13.6042 "" "" 5879058338385535744 1906.73022 0.4843 0.0389 -5.482 -2.948 0.033 0.032 0.964 8237.6 3.5525 15.86139 1.704387 16.667927 14.96354 "" "" 1781.36292 2077.50171 8519.03836 2.8429 2939.3 6.1647 8198.6 11.035 "" "" 0.002779040663508039 0.003601455 0.004052073 0.007653528 221.65041180293 -59.12567963233 1906.73022 -5.482 -2.948 -0.23503983688354513 0.17499990653991704 0.13439763 0.13339762 "" "" 2.6484087604805406 "" 0.35499756288952666 ""
221.03462088033 -59.02131124774 0.0258 0.0256 9.6712 "" "" 5879115719150723968 2064.55615 0.4595 0.0403 -3.851 -2.58 0.033 0.033 0.973 9040.6 3.5089 15.864204 1.338276 16.442038 15.103762 "" "" 1904.61108 2256.69653 8496.98662 3.3464 3619.1 9.4752 7205.3 10.437 "" "" 0.0027883024871326687 0.0039831256 0.0040935483 0.008076673 221.03462088033 -59.02131124774 2064.55615 -3.850999999999998 -2.58 1.395960163116455 0.5429999065399169 0.13439763 0.13439763 "" "" 14.657951241262383 "" 1.9699938477230527 ""
221.13428450657 -59.39944290863 0.0242 0.024 14.8999 "" "" 5878955838973100416 2580.05713 0.3555 0.0367 -4.445 -4.638 0.033 0.032 0.997 "" "" 15.865192 1.729254 16.65822 14.928966 "" "" 2378.16187 2872.37793 8489.25614 3.8603 2965.7 11.126 8463.9 14.43 "" "" 0.0027992040393356207 0.0049372097 0.004208342 0.009145552 221.13428450657 -59.39944290863 2580.05713 -4.445 -4.638 0.8019601631164548 -1.515000093460083 0.13439763 0.13339762 "" "" 20.963344145709915 "" 2.8010621094966974 ""
221.61845054858 -59.19668121261 0.0243 0.0258 12.7548 "" "" 5879057891709180032 1743.53809 0.5435 0.0406 -3.549 -2.892 0.032 0.034 0.964 7207.0 3.6335 15.866635 1.77509 16.724604 14.949513 "" "" 1650.89026 1848.35461 8477.98177 2.8218 2789.8 7.7226 8305.2 13.557 "" "" 0.0027789172818122525 0.004100975 0.0041743 0.008275275 221.61845054858 -59.19668121261 1743.53809 -3.549000000000001 -2.8920000000000003 1.6979601631164551 0.2309999065399171 0.13339762 0.13539763 "" "" 14.161836732042739 "" 1.8896738576652374 ""
221.63835144732 -58.96857893076 0.0229 0.024 17.2396 "" "" 5879108778483031040 2061.7312 0.4439 0.0372 -3.522 -2.889 0.03 0.03 1.006 "" "" 15.867544 1.530064 16.565992 15.035929 "" "" 1898.27173 2238.10815 8470.88726 2.7187 3228.6 7.6705 7669.8 10.974 "" "" 0.0027772676984287705 0.0037998438 0.004086199 0.007886043 221.63835144732 -58.96857893076 2061.7312 -3.5219999999999994 -2.8889999999999985 1.7249601631164553 0.2339999065399172 0.13139762 0.13139762 "" "" 17.011756213004574 "" 2.2353042757463846 ""
221.46086625426 -59.19514291666 0.0234 0.0244 8.0368 "" "" 5879052634668930816 1986.90125 0.4783 0.0368 -4.161 -3.158 0.032 0.031 0.948 8931.1 3.5997 15.870383 1.486525 16.542433 15.055907 "" "" 1866.7843 2112.24902 8448.76752 2.5151 3299.5 13.803 7530.0 10.123 "" "" 0.002774212463132464 0.0053305775 0.004051445 0.009382023 221.46086625426 -59.19514291666 1986.90125 -4.161 -3.157999999999999 1.0859601631164555 -0.035000093460082926 0.13339762 0.13239762 "" "" 10.23278768243163 "" 1.3650189841434452 ""
220.8785274533 -59.07623793027 0.0258 0.0251 11.2857 "" "" 5879021539104184960 1838.55444 0.519 0.0375 -4.206 -0.652 0.035 0.032 0.991 6546.2 4.0597 15.873804 1.370314 16.479723 15.109409 "" "" 1711.12158 1973.21631 8422.18798 2.6208 3495.6 9.3837 7167.9 11.012 "" "" 0.0027759569402131274 0.00403483 0.0041310997 0.0081659295 220.8785274533 -59.07623793027 1838.55444 -4.206000000000001 -0.6520000000000002 1.0409601631164547 2.470999906539917 0.13639763 0.13339762 "" "" 23.366965918758105 "" 3.127763975020393 ""
221.34467099712 -59.13982352099 0.0242 0.0256 4.1762 "" "" 5879100154189222272 2280.77954 0.4109 0.0389 -6.34 -3.341 0.032 0.035 1.025 9004.1 3.4861 15.8745 1.618277 16.627338 15.009062 "" "" 2087.62207 2504.32959 8416.79544 2.8104 3051.3 8.3439 7862.0 8.4311 "" "" 0.0027790679103062653 0.0040743025 0.0039546667 0.008028969 221.34467099712 -59.13982352099 2280.77954 -6.339999999999999 -3.341000000000001 -1.0930398368835448 -0.2180000934600832 0.13339762 0.13639763 "" "" 12.049469391343244 "" 1.6087684286713098 ""
221.00574193036 -59.04174680565 0.0239 0.0244 9.2718 "" "" 5879115684790309504 1860.99036 0.4998 0.037 -3.314 -4.477 0.032 0.032 0.988 7703.5 4.0117 15.877519 1.413381 16.511156 15.097775 "" "" 1717.13953 1971.20911 8393.42455 2.8748 3395.9 7.0492 7245.2 10.641 "" "" 0.0027803017310374617 0.0035867144 0.0041020154 0.00768873 221.00574193036 -59.04174680565 1860.99036 -3.313999999999999 -4.4769999999999985 1.932960163116455 -1.3540000934600833 0.13339762 0.13339762 "" "" 20.817878333962668 "" 2.777055504319105 ""
221.15197897294 -59.31376220934 0.0268 0.0271 9.7431 "" "" 5879003500241397248 2091.22046 0.4504 0.0418 -3.871 -4.046 0.036 0.038 1.171 9222.1 3.4559 15.880565 1.853682 16.768295 14.914613 "" "" 1898.55701 2270.80762 8369.91157 4.2456 2679.8 7.5072 8576.6 11.05 "" "" 0.002809821740670196 0.0041275034 0.004029952 0.008157455 221.15197897294 -59.31376220934 2091.22046 -3.871 -4.045999999999999 1.375960163116455 -0.9230000934600833 0.13739762 0.13939762 "" "" 16.42346553779421 "" 2.2667895253244463 ""
220.93865178664 -59.11589334131 0.0355 0.0359 8.7212 "" "" 5879021229866515200 2191.67896 0.4311 0.0536 -4.429 -4.024 0.046 0.046 1.367 4846.6 2.4932 15.882136 3.270678 17.82855 14.557872 -74.13 7.11 1964.61914 2421.0061 8357.80207 5.7906 1009.2 6.6218 11913.0 9.3309 "" "" 0.00285616048648413 0.007650898 0.0038738765 0.011524774 220.93865178664 -59.11589334131 2191.67896 -4.429000000000001 -4.0239999999999965 0.8179601631164548 -0.901000093460083 0.14739762 0.14739762 "" "" 12.641897968723182 "" 1.863385704048656 ""
220.87749449444 -59.07717108483 0.0255 0.0257 11.2915 "" "" 5879021539104184064 2279.72363 0.4079 0.0377 -9.411 -4.202 0.034 0.033 1.058 4836.6 3.4845 15.88881 2.114033 16.973219 14.859186 "" "" 2133.98706 2518.604 8306.59056 2.9445 2218.9 11.116 9025.8 9.1431 "" "" 0.00278207002460341 0.006113097 0.0039361645 0.010049261 220.87749449444 -59.07717108483 2279.72363 -9.410999999999996 -4.201999999999996 -4.1640398368835445 -1.079000093460083 0.13539763 0.13439763 "" "" 46.482247684444566 "" 6.290671527405124 ""
221.37991158959 -59.00911238046 0.0235 0.0253 10.1345 "" "" 5879110668268639872 1874.82495 0.504 0.0395 -8.611 -4.402 0.032 0.032 0.994 7195.2 3.9769 15.889798 1.855573 16.796555 14.940982 "" "" 1761.23425 2006.21643 8299.03253 2.9154 2610.9 9.1567 8370.8 11.826 "" "" 0.002781593957073793 0.004720627 0.004078794 0.008799421 221.37991158959 -59.00911238046 1874.82495 -8.611 -4.402 -3.3640398368835456 -1.2790000934600831 0.13339762 0.13339762 "" "" 31.9828846184543 "" 4.266440813460883 ""
221.33722332107 -58.8808514627 0.0249 0.027 16.8571 "" "" 5879112661133612928 2354.22363 0.3821 0.0419 -6.942 -4.252 0.031 0.034 0.958 "" "" 15.892941 2.810037 17.491396 14.681359 "" "" 2138.67822 2653.31372 8275.04073 4.0367 1376.8 6.5766 10632.0 12.856 "" "" 0.0028057633076020248 0.0058891773 0.004000913 0.009890091 221.33722332107 -58.8808514627 2354.22363 -6.941999999999997 -4.251999999999998 -1.695039836883545 -1.1290000934600828 0.13239762 0.13539763 "" "" 22.726629177604647 "" 3.030067026389404 ""
221.0241171303 -59.30850657583 0.024 0.0255 10.9012 "" "" 5879004153076439040 2079.8335 0.4434 0.0376 -3.715 -6.299 0.032 0.034 1.004 7158.4 3.7597 15.893902 1.633733 16.662266 15.028533 "" "" 1898.6615 2305.95483 8267.72236 2.8444 2954.7 7.8928 7722.3 8.54 "" "" 0.0027805244769426463 0.0040245187 0.003965528 0.007990047 221.0241171303 -59.30850657583 2079.8335 -3.7149999999999994 -6.298999999999997 1.5319601631164552 -3.1760000934600834 0.13339762 0.13539763 "" "" 34.76243750023426 "" 4.693707537854517 ""
221.22426544624 -59.14154574248 0.0241 0.0258 0.8543 "" "" 5879099535713922304 2080.01636 0.4535 0.0374 -5.17 -3.054 0.032 0.035 1.049 "" "" 15.895374 1.464887 16.5535 15.088613 "" "" 1914.82263 2253.77393 8256.51741 2.6563 3266.0 9.4255 7306.6 9.3532 "" "" 0.0027773734426748543 0.0041956045 0.0040268376 0.008222442 221.22426544624 -59.14154574248 2080.01636 -5.170000000000003 -3.0539999999999994 0.07696016311645515 0.06899990653991717 0.13339762 0.13639763 "" "" 1.0190818361737917 "" 0.13731389001452404 ""
221.04657964048 -59.43210567994 0.0243 0.0245 17.4212 "" "" 5878954395864073600 2605.46436 0.3404 0.038 -4.108 1.857 0.034 0.033 0.963 7831.5 3.5443 15.899526 2.995688 17.626734 14.631045 "" "" 2420.00391 2827.26538 8225.01016 3.8529 1215.4 7.137 11136.0 11.108 "" "" 0.0028018676720089077 0.0069594015 0.003931492 0.010890894 221.04657964048 -59.43210567994 2605.46436 -4.108 1.856999999999998 1.1389601631164554 4.979999906539917 0.13539763 0.13439763 "" "" 63.09050558392876 "" 8.482361286738826 ""
221.23551873732 -58.9696995902 0.0244 0.0259 11.0998 "" "" 5879106029704773504 2331.64893 0.3774 0.0415 -5.748 -3.867 0.032 0.034 0.997 4665.5 2.5096 15.911393 2.999246 17.66217 14.662925 "" "" 2133.10449 2592.49072 8135.60103 3.959 1176.4 5.4652 10814.0 12.753 "" "" 0.0028055197625075383 0.005764288 0.0039903866 0.0097546745 221.23551873732 -58.9696995902 2331.64893 -5.748000000000001 -3.8669999999999995 -0.5010398368835451 -0.744000093460083 0.13339762 0.13539763 "" "" 9.91346150069702 "" 1.3361044214342055 ""
221.10130739267 -59.42228581915 0.0259 0.0257 16.4326 "" "" 5878955705843332352 1843.14148 0.506 0.04 -7.067 -3.711 0.036 0.034 0.99 "" "" 15.915834 1.489031 16.59528 15.106249 "" "" 1709.07544 2007.70752 8102.3874 2.859 3142.7 7.1759 7188.8 8.748 "" "" 0.0027818274553513024 0.0037324375 0.0040036687 0.0077361064 221.10130739267 -59.42228581915 1843.14148 -7.066999999999998 -3.710999999999998 -1.820039836883545 -0.5880000934600829 0.13739762 0.13539763 "" "" 16.709983740532522 "" 2.2927742948997887 ""
221.26436443821 -59.36775931089 0.0245 0.0258 12.9083 "" "" 5878955598453522944 2599.35474 0.3511 0.04 -3.172 -2.57 0.031 0.035 1.014 "" "" 15.917186 1.693669 16.715225 15.021556 "" "" 2323.9978 2946.83521 8092.30738 3.2945 2814.0 8.4265 7772.1 10.656 "" "" 0.0027905502456323098 0.0042843358 0.0040619797 0.0083463155 221.26436443821 -59.36775931089 2599.35474 -3.172000000000002 -2.5700000000000007 2.074960163116455 0.5529999065399172 0.13239762 0.13639763 "" "" 26.45782278604934 "" 3.510070114074929 ""
221.29435461412 -59.18563338413 0.0428 0.0451 3.1561 "" "" 5879098470562020992 2550.4519 0.3777 0.0676 -5.759 -4.05 0.057 0.061 1.952 9316.2 3.7028 15.919929 1.447126 16.523571 15.076445 "" "" 2194.88281 3250.01025 8071.89078 5.5067 3357.3 9.5499 7388.9 9.3124 "" "" 0.0028531423141713377 0.0041621192 0.004019476 0.008181595 221.29435461412 -59.18563338413 2550.4519 -5.7589999999999995 -4.049999999999999 -0.5120398368835453 -0.9270000934600828 0.15839763 0.16239762 "" "" 12.802589557091645 "" 2.0672519225152612 ""
221.33327470115 -59.00591508833 0.024 0.0253 9.6572 "" "" 5879104861472863744 2038.55701 0.454 0.0392 -4.409 -2.623 0.033 0.033 1.029 9000.4 3.5151 15.920251 1.513194 16.60442 15.091226 "" "" 1878.99475 2181.56616 8069.49212 2.9036 3116.4 7.4532 7289.0 10.088 "" "" 0.002782879057381312 0.0038115159 0.004067152 0.007878668 221.33327470115 -59.00591508833 2038.55701 -4.408999999999995 -2.6229999999999976 0.8379601631164553 0.49999990653991677 0.13439763 0.13439763 "" "" 9.428879352087119 "" 1.2672190000363812 ""
221.43020456461 -59.22348103564 0.0246 0.0257 7.8889 "" "" 5879052428510698752 2426.80078 0.38 0.0383 -3.943 -3.341 0.032 0.033 1.007 8996.0 3.4442 15.920866 1.563987 16.63922 15.075233 "" "" 2227.64453 2648.26538 8064.92469 2.5636 3018.1 6.9645 7397.2 10.739 "" "" 0.0027768506429563505 0.003749957 0.0040949043 0.007844862 221.43020456461 -59.22348103564 2426.80078 -3.9430000000000014 -3.341000000000002 1.303960163116455 -0.2180000934600832 0.13339762 0.13439763 "" "" 15.20767511410128 "" 2.02908273344177 ""
221.24621285623 -59.1578754482 0.0241 0.0256 1.0766 "" "" 5879099329555486720 2261.51978 0.4155 0.0387 -5.306 -3.096 0.032 0.035 0.958 "" "" 15.921939 1.314676 16.4441 15.129423 "" "" 2056.8623 2463.28882 8056.96284 3.2389 3612.2 15.158 7037.0 15.36 "" "" 0.002789675971659315 0.005342584 0.0044609527 0.009803537 221.24621285623 -59.1578754482 2261.51978 -5.306000000000001 -3.095999999999999 -0.05903983688354497 0.026999906539916907 0.13339762 0.13639763 "" "" 0.6959241799628477 "" 0.09319908940253886 ""
