Clusters/ESO_134_12/ESO_134_12_stars_in_region.tsv
# %ECSV 1.0
# ---
# datatype:
# - name: RA_ICRS_1
#   unit: deg
#   datatype: float64
#   format: '{:15.11f}'
#   description: Right ascension (ICRS) at Ep=2016.0 (ra)
#   meta: !!omap
#   - {ucd: POS_EQ_RA_MAIN}
#   - {width: 15}
#   - {precision: '11'}
# - name: DE_ICRS_1
#   unit: deg
#   datatype: float64
#   format: '{:15.11f}'
#   description: Declination (ICRS) at Ep=2016.0 (dec)
#   meta: !!omap
#   - {ucd: POS_EQ_DEC_MAIN}
#   - {width: 15}
#   - {precision: '11'}
# - name: e_RA_ICRS
#   unit: mas
#   datatype: float64
#   format: '{:7.4f}'
#   description: Standard error of right ascension (ra_error)
#   meta: !!omap
#   - {ucd: ERROR}
#   - {width: 7}
#   - {precision: '4'}
# - name: e_DE_ICRS
#   unit: mas
#   datatype: float64
#   format: '{:7.4f}'
#   description: Standard error of declination (dec_error)
#   meta: !!omap
#   - {ucd: ERROR}
#   - {width: 7}
#   - {precision: '4'}
# - name: _r_1
#   unit: ''
#   datatype: float64
#   format: '{:7.4f}'
#   description: Distance from center (221.21191611000-59.15429826000)[ICRS], at Epoch=J2016.0
#   meta: !!omap
#   - {ucd: POS_ANG_DIST_GENERAL}
#   - {width: 7}
#   - {precision: '4'}
# - name: HIP
#   datatype: int32
#   description: '? HIP cross-id number, van Leeuwen, Cat. I/311 (hip_original_ext_source_id)'
#   meta: !!omap
#   - {ucd: ID_NUMBER}
#   - {width: 6}
#   - values: {'null': -2147483648}
# - name: TYC2
#   datatype: string
#   description: Tycho-2 cross-id name, Hog et al., Cat. I/259 (tyc2_original_ext_source_id)
#   meta: !!omap
#   - {ucd: ID_CROSSID}
#   - {_votable_string_dtype: char}
# - name: Source
#   datatype: int64
#   description: Source identifier, identical to the Gaia-EDR3 source_id (id)
#   meta: !!omap
#   - {ucd: ID_MAIN}
#   - {width: 19}
# - name: rgeo
#   unit: pc
#   datatype: float64
#   format: '{:15.8f}'
#   description: '? Median of the geometric distance posterior (r_med_geo)'
#   meta: !!omap
#   - {ucd: PHYS_DISTANCE_TRUE}
#   - {width: 15}
#   - {precision: '8'}
#   - values: {'null': .nan}
# - name: Plx
#   unit: mas
#   datatype: float64
#   format: '{:9.4f}'
#   description: '? Parallax (parallax)'
#   meta: !!omap
#   - {ucd: POS_PARLX_TRIG}
#   - {width: 9}
#   - {precision: '4'}
#   - values: {'null': .nan}
# - name: e_Plx
#   unit: mas
#   datatype: float32
#   format: '{:7.4f}'
#   description: '? Standard error of parallax (parallax_error)'
#   meta: !!omap
#   - {ucd: ERROR}
#   - {width: 7}
#   - {precision: '4'}
#   - values: {'null': .nan}
# - name: pmRA
#   unit: mas / yr
#   datatype: float64
#   format: '{:9.3f}'
#   description: '? Proper motion in right ascension direction, pmRA*cosDE (pmra)'
#   meta: !!omap
#   - {ucd: POS_EQ_PMRA}
#   - {width: 9}
#   - {precision: '3'}
#   - values: {'null': .nan}
# - name: pmDE
#   unit: mas / yr
#   datatype: float64
#   format: '{:9.3f}'
#   description: '? Proper motion in declination direction (pmdec)'
#   meta: !!omap
#   - {ucd: POS_EQ_PMDEC}
#   - {width: 9}
#   - {precision: '3'}
#   - values: {'null': .nan}
# - name: e_pmRA
#   unit: mas / yr
#   datatype: float32
#   format: '{:6.3f}'
#   description: '? Standard error of proper motion in right ascension direction (pmra_error)'
#   meta: !!omap
#   - {ucd: ERROR}
#   - {width: 6}
#   - {precision: '3'}
#   - values: {'null': .nan}
# - name: e_pmDE
[...]
#         value: !astropy.table.SerializedColumn {name: SkyCoord.dec}
#       distance: !astropy.table.SerializedColumn
#         __class__: astropy.coordinates.distances.Distance
#         unit: !astropy.units.Unit {unit: pc}
#         value: !astropy.table.SerializedColumn {name: SkyCoord.distance}
#       frame: icrs
#       obstime: !astropy.time.Time {format: jyear_str, in_subfmt: '*', jd1: 367701545.0, jd2: 0.0, out_subfmt: '*', precision: 3, scale: tt}
#       pm_dec: !astropy.table.SerializedColumn
#         __class__: astropy.units.quantity.Quantity
#         unit: !astropy.units.Unit {unit: mas / yr}
#         value: !astropy.table.SerializedColumn {name: SkyCoord.pm_dec}
#       pm_ra_cosdec: !astropy.table.SerializedColumn
#         __class__: astropy.units.quantity.Quantity
#         unit: !astropy.units.Unit {unit: mas / yr}
#         value: !astropy.table.SerializedColumn {name: SkyCoord.pm_ra_cosdec}
#       ra: !astropy.table.SerializedColumn
#         __class__: astropy.coordinates.angles.Longitude
#         unit: *id001
#         value: !astropy.table.SerializedColumn {name: SkyCoord.ra}
#         wrap_angle: !astropy.coordinates.Angle
#           unit: *id001
#           value: 360.0
#       representation_type: spherical
# schema: astropy-2.0
RA_ICRS_1 DE_ICRS_1 e_RA_ICRS e_DE_ICRS _r_1 HIP TYC2 Source rgeo Plx e_Plx pmRA pmDE e_pmRA e_pmDE RUWE Teff logg Gmag BP-RP BPmag RPmag RV e_RV b_rgeo B_rgeo FG e_FG FBP e_FBP FRP e_FRP RAVE5 RAVE6 e_Gmag e_BPmag e_RPmag e_BP-RP SkyCoord.ra SkyCoord.dec SkyCoord.distance SkyCoord.pm_ra_cosdec SkyCoord.pm_dec rmRA rmDE e_rmRA e_rmDE rRV e_rRV v_pec v_pec3d e_vpec e_vpec3d
[from data line 63]
220.70590947436 -59.1734547735 0.0099 0.0104 15.6046 "" "" 5879020095994862592 2425.46753 0.3661 0.0162 -5.24 -4.666 0.013 0.013 1.065 4755.3 2.4385 13.701441 2.462319 15.036512 12.574193 -49.25 0.78 2346.20679 2529.66479 62283.10954 14.162 13207.0 11.459 74043.0 21.803 "" "" 0.00276635809045998 0.0029449072 0.0037928803 0.0067377873 220.70590947436 -59.1734547735 2425.46753 -5.239999999999998 -4.666000000000002 0.006960163116454865 -1.5430000934600834 0.11439763 0.11439763 "" "" 17.73961447868254 "" 2.0293698551687793 ""
221.20274962188 -58.91148174465 0.0106 0.011 14.5717 "" "" 5879118021253481856 1968.45129 0.4688 0.0172 -7.988 -3.372 0.012 0.013 0.981 "" "" 13.703465 1.967321 14.690463 12.723142 -45.87 1.68 1904.46863 2048.04492 62167.07091 13.328 18165.0 17.883 64551.0 30.272 "" "" 0.0027651350321639145 0.0029879014 0.003813526 0.0068014273 221.20274962188 -58.91148174465 1968.45129 -7.988000000000001 -3.3720000000000017 -2.7410398368835454 -0.2490000934600829 0.11339763 0.11439763 "" "" 25.68046864316377 "" 2.9123153365590837 ""
221.20808304037 -58.99992048682 0.0111 0.0114 9.2634 "" "" 5879105411229469440 2202.86865 0.4155 0.0174 -4.087 -2.947 0.014 0.014 1.1 9167.0 3.6458 13.716394 1.088663 14.170073 13.081409 "" "" 2125.23755 2278.78125 61431.18116 7.9645 29335.0 17.317 46408.0 21.034 "" "" 0.002758913576484147 0.0028628376 0.0038112844 0.006674122 221.20808304037 -58.99992048682 2202.86865 -4.087 -2.947 1.1599601631164553 0.17599990653991693 0.115397625 0.115397625 "" "" 12.250461685920094 "" 1.4136741796838985 ""
221.06106784541 -58.87015423805 0.0105 0.0109 17.674 "" "" 5879119258203839360 2009.55518 0.4563 0.0165 -4.574 -3.788 0.013 0.014 0.917 "" "" 13.733648 0.837077 14.062611 13.225533 "" "" 1948.33679 2067.7019 60462.70526 15.762 32387.0 29.642 40639.0 34.58 "" "" 0.0027698196922610616 0.002961843 0.0038906613 0.0068525043 221.06106784541 -58.87015423805 2009.55518 -4.5740000000000025 -3.7879999999999985 0.6729601631164552 -0.6650000934600828 0.11439763 0.115397625 "" "" 9.011854655822235 "" 1.035396908467765 ""
221.63675725871 -58.97468096634 0.0099 0.0108 16.9663 "" "" 5879108572324593664 1892.00085 0.4916 0.0157 -10.16 -4.711 0.013 0.014 1.019 5315.5 2.8851 13.745281 2.06647 14.797587 12.731117 10.87 1.66 1844.38416 1944.88208 59818.33816 12.521 16458.0 20.446 64078.0 35.098 "" "" 0.002764676822417067 0.003099093 0.0038258848 0.0069249775 221.63675725871 -58.97468096634 1892.00085 -10.16 -4.711 -4.913039836883545 -1.5880000934600833 0.11439763 0.115397625 "" "" 46.304941133775195 "" 5.3015728113127905 ""
221.30082205252 -59.09413561027 0.0101 0.0111 4.5304 "" "" 5879101184981386240 1856.75073 0.5007 0.0162 -5.446 -4.202 0.013 0.014 1.022 7500.0 3.5346 13.752514 1.141327 14.233054 13.091727 "" "" 1803.99451 1911.61523 59421.16211 7.8568 27682.0 18.49 45969.0 18.279 "" "" 0.0027590575278066006 0.0028828767 0.0038039607 0.0066868374 221.30082205252 -59.09413561027 1856.75073 -5.446 -4.202 -0.19903983688354465 -1.079000093460083 0.11439763 0.115397625 "" "" 9.656496492814775 "" 1.114020313222454 ""
220.83338835902 -59.05895187466 0.0105 0.0107 12.9888 "" "" 5879022569896347776 2152.98975 0.4194 0.0162 -4.092 -3.75 0.014 0.013 1.0 "" "" 13.778666 2.250933 14.96051 12.709578 -31.1 1.01 2088.10181 2232.54761 58006.98977 14.786 14165.0 14.546 65362.0 33.075 "" "" 0.0027691844395016014 0.003004686 0.0038191075 0.0068237935 220.83338835902 -59.05895187466 2152.98975 -4.092 -3.75 1.1549601631164554 -0.627000093460083 0.115397625 0.11439763 "" "" 13.411405081156536 "" 1.5446017205517337 ""
221.00499342351 -59.27077343817 0.0097 0.011 9.4458 "" "" 5879004531033581312 2612.17944 0.3374 0.0158 -5.099 -1.275 0.013 0.014 0.986 "" "" 13.779474 2.80034 15.372172 12.571833 -37.64 0.7 2514.69702 2713.65576 57963.85025 15.729 9695.0 9.1629 74204.0 30.182 "" "" 0.002771027377099625 0.0029728818 0.0038050956 0.0067779776 221.00499342351 -59.27077343817 2612.17944 -5.099 -1.275000000000001 0.14796016311645488 1.847999906539917 0.11439763 0.115397625 "" "" 22.95465941198274 "" 2.6487675901114245 ""
221.03542923119 -58.88326229752 0.0114 0.0115 17.1514 "" "" 5879121800824467200 2483.30322 0.3698 0.0181 -3.61 -2.269 0.013 0.014 0.997 "" "" 13.786136 1.32521 14.365511 13.040301 "" "" 2356.65479 2589.88477 57609.27249 10.135 24503.0 19.851 48199.0 23.108 "" "" 0.0027619330458092876 0.0029255345 0.0038150598 0.0067405943 221.03542923119 -58.88326229752 2483.30322 -3.6100000000000017 -2.268999999999999 1.6369601631164552 0.8539999065399169 0.11439763 0.115397625 "" "" 21.732950474035043 "" 2.4908635219957644 ""
220.89444358221 -59.31689881681 0.0148 0.015 13.7882 "" "" 5879005802343885184 2158.61743 0.4109 0.0224 -5.444 -4.415 0.019 0.019 1.052 5678.1 2.0631 13.796581 3.448632 15.912228 12.463595 -28.8 0.45 2060.23169 2262.59717 57057.72032 19.564 5895.6 11.087 81982.0 50.755 "" "" 0.0027803561642985764 0.003457447 0.0038386914 0.0072961384 220.89444358221 -59.31689881681 2158.61743 -5.444 -4.415 -0.19703983688354487 -1.292000093460083 0.12039763 0.12039763 "" "" 13.372396996013133 "" 1.6100048703513017 ""
221.24817537837 -59.33626139813 0.0128 0.0129 10.9743 "" "" 5878956427397897216 2440.01587 0.3607 0.0202 -3.528 -3.318 0.016 0.017 1.254 5001.5 2.6746 13.805253 2.253532 14.988782 12.73525 -33.65 1.65 2325.58716 2576.91919 56603.79376 14.801 13801.0 11.648 63835.0 29.139 "" "" 0.002769907986803373 0.0029367942 0.0038117392 0.0067485333 221.24817537837 -59.33626139813 2440.01587 -3.527999999999999 -3.318 1.718960163116455 -0.19500009346008307 0.11739763 0.11839762 "" "" 20.008447923240432 "" 2.3491996213606177 ""
221.33800488244 -59.28276206369 0.0105 0.0115 8.6256 "" "" 5879050744883505792 2251.03516 0.4001 0.0171 -7.545 -3.382 0.013 0.015 1.073 "" "" 13.822561 2.700033 15.326123 12.62609 -58.39 1.61 2177.34204 2340.99585 55708.58623 36.178 10115.0 43.991 70587.0 182.07 "" "" 0.0028441072859366366 0.0054847016 0.0047038933 0.010188594 221.33800488244 -59.28276206369 2251.03516 -7.5450000000000035 -3.3820000000000037 -2.298039836883545 -0.2590000934600831 0.11439763 0.11639763 "" "" 24.675109363031947 "" 2.8233983762428623 ""
221.41369799982 -58.97267090226 0.0104 0.0118 12.5498 "" "" 5879110805707624832 2080.87207 0.4351 0.0186 -6.864 -0.532 0.014 0.015 0.985 "" "" 13.830947 2.618127 15.283019 12.664892 34.27 1.09 2010.72461 2164.49609 55279.99502 14.076 10525.0 19.074 68109.0 29.399 "" "" 0.0027691552300728307 0.0034141801 0.0038083282 0.007222508 221.41369799982 -58.97267090226 2080.87207 -6.863999999999999 -0.5320000000000011 -1.6170398368835448 2.590999906539917 0.115397625 0.11639763 "" "" 30.124530074495286 "" 3.4980055615059995 ""
220.89966919345 -59.29215385098 0.01 0.0103 12.6616 "" "" 5879005905423112064 2081.79492 0.443 0.0151 -2.301 -0.895 0.013 0.013 1.013 9240.9 3.499 13.832037 1.346778 14.421484 13.074706 "" "" 2024.47827 2139.98193 55224.5427 8.92 23271.0 16.022 46696.0 24.289 "" "" 0.002760895558930255 0.002888571 0.0038213436 0.0067099147 220.89966919345 -59.29215385098 2081.79492 -2.301 -0.8949999999999991 2.945960163116455 2.227999906539917 0.11439763 0.11439763 "" "" 36.44734447842521 "" 4.169489831605491 ""
221.02965666097 -59.22879632354 0.0101 0.0105 7.1659 "" "" 5879007898287964416 2413.42627 0.3696 0.0154 -5.735 -2.772 0.013 0.013 0.997 "" "" 13.851123 2.62325 15.306723 12.683473 -50.99 0.97 2332.29614 2495.10083 54262.23146 14.107 10297.0 8.4379 66953.0 23.028 "" "" 0.0027697408750302402 0.0029285885 0.0037977858 0.0067263744 221.02965666097 -59.22879632354 2413.42627 -5.734999999999999 -2.772000000000002 -0.48803983688354524 0.3509999065399172 0.11439763 0.11439763 "" "" 6.8769636309701125 "" 0.7867083416358008 ""
220.84754542102 -59.13753512445 0.0102 0.0107 11.2571 "" "" 5879020748830172928 1791.17224 0.5218 0.0162 -5.114 -6.261 0.013 0.013 1.062 "" "" 13.851455 1.903642 14.795772 12.89213 -43.36 1.38 1728.81494 1837.25635 54245.62541 9.5725 16486.0 10.549 55247.0 17.765 "" "" 0.002761973602654161 0.002875362 0.003795473 0.006670835 220.84754542102 -59.13753512445 1791.17224 -5.113999999999999 -6.260999999999998 0.1329601631164552 -3.138000093460083 0.11439763 0.11439763 "" "" 26.66601620714894 "" 3.0505290581855493 ""
221.2265250804 -59.17532692232 0.0118 0.0119 1.3393 "" "" 5879099226476264448 2410.18555 0.3776 0.0182 -5.298 -3.299 0.014 0.016 1.048 "" "" 13.873216 1.194342 14.377412 13.18307 "" "" 2319.67407 2522.75684 53169.22835 17.508 24236.0 28.72 42260.0 41.864 "" "" 0.0027784186189955614 0.0030725268 0.003929448 0.0070019746 221.2265250804 -59.17532692232 2410.18555 -5.2979999999999965 -3.298999999999997 -0.051039836883544965 -0.17600009346008294 0.115397625 0.11739763 "" "" 2.093515907052116 "" 0.24545154762379834 ""
220.8193000327 -59.22864167953 0.0096 0.01 12.8633 "" "" 5879007211093211904 1894.87537 0.4885 0.0152 -4.808 -0.347 0.013 0.013 1.069 5064.8 2.8778 13.884598 2.040515 14.920536 12.880021 32.51 1.2 1849.56018 1955.94287 52614.75195 8.8431 14696.0 13.944 55866.0 24.313 "" "" 0.0027613564194134536 0.0029742757 0.0038088053 0.006783081 220.8193000327 -59.22864167953 1894.87537 -4.808 -0.34700000000000164 0.43896016311645525 2.775999906539917 0.11439763 0.11439763 "" "" 25.243015970259265 "" 2.8877412034600605 ""
220.66833240723 -59.18953085367 0.0101 0.0101 16.8471 "" "" 5879019958555896448 2315.82788 0.3902 0.0156 -5.395 -3.529 0.013 0.013 0.96 "" "" 13.885088 1.102148 14.342041 13.239893 "" "" 2230.92212 2394.37012 52591.03348 27.473 25038.0 46.111 40105.0 83.124 "" "" 0.0028130906905158865 0.0034326653 0.0043986193 0.007831285 220.66833240723 -59.18953085367 2315.82788 -5.395 -3.5289999999999995 -0.1480398368835445 -0.4060000934600829 0.11439763 0.11439763 "" "" 4.743698719063777 "" 0.5426678913478692 ""
221.23882689094 -59.10157893371 0.0106 0.0124 3.2699 "" "" 5879104071199402496 2184.9856 0.4213 0.0166 -5.155 -3.072 0.014 0.016 0.956 "" "" 13.89514 1.168263 14.386446 13.218183 "" "" 2118.55396 2251.14233 52106.39847 8.8302 24035.0 20.09 40915.0 16.144 "" "" 0.002761456720488666 0.002934051 0.0038035847 0.0067376355 221.23882689094 -59.10157893371 2184.9856 -5.1549999999999985 -3.0719999999999983 0.09196016311645483 0.05099990653991693 0.115397625 0.11739763 "" "" 1.0890769777323506 "" 0.12619262582256263 ""
220.65909373358 -59.15205267759 0.0106 0.0107 17.0079 "" "" 5879020267793584640 1745.74194 0.5334 0.0167 0.234 -3.153 0.014 0.013 1.08 "" "" 13.897014 2.365062 15.16111 12.796048 40.46 0.99 1692.29968 1788.03174 52016.52945 11.666 11775.0 11.072 60359.0 31.09 "" "" 0.0027660591609388542 0.0029710797 0.0038205343 0.006791614 220.65909373358 -59.15205267759 1745.74194 0.2340000000000002 -3.153 5.480960163116455 -0.030000093460083033 0.115397625 0.11439763 "" "" 45.35462059525826 "" 5.233814131709644 ""
220.76643076529 -59.07303877494 0.011 0.011 14.5615 "" "" 5879022123219746688 2475.73315 0.3617 0.0168 -5.068 -4.174 0.015 0.014 1.093 4612.6 2.2766 13.927772 2.395854 15.217163 12.821309 -4.74 1.24 2386.07812 2578.8042 50563.57237 13.404 11183.0 10.482 58970.0 16.905 "" "" 0.0027703122128930604 0.0029699688 0.0037921765 0.006762145 220.76643076529 -59.07303877494 2475.73315 -5.0680000000000005 -4.1739999999999995 0.17896016311645546 -1.0510000934600834 0.11639763 0.115397625 "" "" 12.510980195282835 "" 1.444091403197494 ""
221.19443090253 -58.90165835102 0.0116 0.0119 15.168 "" "" 5879118261771653376 2134.53052 0.4271 0.0185 -3.367 -2.736 0.014 0.014 0.96 10552.3 3.6816 13.928174 0.91591 14.292141 13.376231 "" "" 2039.95361 2231.74756 50544.8551 8.6268 26216.0 18.884 35373.0 17.587 "" "" 0.0027615446613607165 0.0028977059 0.0038177385 0.0067154444 221.19443090253 -58.90165835102 2134.53052 -3.3670000000000004 -2.7360000000000007 1.879960163116455 0.3869999065399168 0.115397625 0.115397625 "" "" 19.419661233600593 "" 2.240982778281928 ""
220.67676363175 -59.09278636036 0.0109 0.0107 16.8863 "" "" 5879024975077785984 2220.32031 0.412 0.0163 -9.224 0.727 0.015 0.013 1.068 "" "" 13.938386 2.122333 15.030961 12.908627 -75.84 1.22 2131.79443 2311.23779 50071.70275 9.7847 13275.0 12.518 54414.0 20.602 "" "" 0.002763476900325761 0.0029720801 0.0038016723 0.006773752 220.67676363175 -59.09278636036 2220.32031 -9.224 0.7270000000000009 -3.977039836883545 3.849999906539917 0.11639763 0.11439763 "" "" 58.25506788652155 "" 6.724639307600867 ""
221.40689329986 -59.41986698697 0.0121 0.0123 17.0175 "" "" 5879045831440957824 2068.66382 0.4431 0.0189 -3.307 -4.451 0.017 0.016 1.094 "" "" 13.947924 2.237934 15.122532 12.884598 -8.3 1.15 2009.16199 2162.30518 49633.77696 16.072 12201.0 13.867 55631.0 37.12 "" "" 0.0027776597636036513 0.0030508651 0.0038481907 0.006899056 221.40689329986 -59.41986698697 2068.66382 -3.307 -4.451 1.9399601631164551 -1.3280000934600826 0.11839762 0.11739763 "" "" 23.052294492710576 "" 2.722002519771279 ""
221.16923100827 -59.27712458564 0.0105 0.0108 7.4852 "" "" 5879003912558474624 1893.81177 0.4866 0.0164 -9.198 -3.511 0.014 0.015 0.983 4714.3 2.5703 13.952486 2.167547 15.077641 12.910093 -57.61 1.15 1836.79297 1953.21167 49425.66108 9.7935 12716.0 11.581 54340.0 24.973 "" "" 0.002763706241090431 0.002960207 0.0038121778 0.006772385 221.16923100827 -59.27712458564 1893.81177 -9.198 -3.511 -3.9510398368835453 -0.38800009346008313 0.115397625 0.11639763 "" "" 35.63777797331493 "" 4.112856783194263 ""
220.95121473331 -58.95537812146 0.0116 0.0117 14.3925 "" "" 5879117093539609216 1999.948 0.458 0.0182 -2.606 -3.506 0.015 0.015 0.971 5307.8 3.094 13.956614 1.754897 14.805408 13.05051 -41.43 2.06 1942.46729 2067.29272 49238.11365 8.5608 16340.0 13.704 47748.0 16.651 "" "" 0.002761779175081781 0.0029349974 0.0037983002 0.0067332974 220.95121473331 -58.95537812146 1999.948 -2.6060000000000008 -3.5060000000000024 2.640960163116455 -0.3830000934600828 0.11639763 0.11639763 "" "" 25.297552474078067 "" 2.9445750692512376 ""
221.47160999202 -59.40881979061 0.0121 0.0117 17.221 "" "" 5879045212965673472 2136.8877 0.4342 0.0189 -3.886 -3.071 0.016 0.015 1.042 "" "" 13.963669 1.273922 14.509288 13.235366 "" "" 2060.72656 2236.9917 48919.17954 10.872 21464.0 15.263 40273.0 21.135 "" "" 0.002765865931976423 0.0028950186 0.0038220915 0.00671711 221.47160999202 -59.40881979061 2136.8877 -3.8859999999999983 -3.070999999999998 1.360960163116455 0.05199990653991682 0.11739763 0.11639763 "" "" 13.795016671741621 "" 1.6194822213825564 ""
221.23515924108 -59.14011106253 0.0114 0.0132 1.1118 "" "" 5879099570073661952 2082.57471 0.4424 0.0183 -4.613 -3.145 0.015 0.017 1.098 "" "" 13.975817 1.224957 14.496562 13.271605 "" "" 2008.4657 2165.2605 48374.88471 9.0949 21717.0 20.494 38951.0 15.419 "" "" 0.002762871257526018 0.0029723456 0.0038037417 0.006776087 221.23515924108 -59.14011106253 2082.57471 -4.613 -3.145000000000001 0.6339601631164546 -0.022000093460083026 0.11639763 0.11839762 "" "" 6.261844053714084 "" 0.7288789796420395 ""
221.23570338438 -58.92724426177 0.0112 0.0124 13.643 "" "" 5879117986893741056 1863.50452 0.4995 0.0189 -7.562 -3.968 0.014 0.015 0.899 "" "" 13.975959 1.58244 14.710618 13.128178 -39.44 5.12 1805.91626 1938.17371 48368.55474 9.3375 17831.0 15.933 44452.0 16.745 "" "" 0.002763280960047989 0.0029540262 0.0038014476 0.006755474 221.23570338438 -58.92724426177 1863.50452 -7.562000000000007 -3.968000000000001 -2.315039836883545 -0.845000093460083 0.115397625 0.11639763 "" "" 21.76837307543005 "" 2.514587531414457 ""
