Clusters/ESO_134_12/ESO_134_12_stars_in_region.tsv
# %ECSV 1.0
# ---
# datatype:
# - name: RA_ICRS_1
#   unit: deg
#   datatype: float64
#   format: '{:15.11f}'
#   description: Right ascension (ICRS) at Ep=2016.0 (ra)
#   meta: !!omap
#   - {ucd: POS_EQ_RA_MAIN}
#   - {width: 15}
#   - {precision: '11'}
# - name: DE_ICRS_1
#   unit: deg
#   datatype: float64
#   format: '{:15.11f}'
#   description: Declination (ICRS) at Ep=2016.0 (dec)
#   meta: !!omap
#   - {ucd: POS_EQ_DEC_MAIN}
#   - {width: 15}
#   - {precision: '11'}
# - name: e_RA_ICRS
#   unit: mas
#   datatype: float64
#   format: '{:7.4f}'
#   description: Standard error of right ascension (ra_error)
#   meta: !!omap
#   - {ucd: ERROR}
#   - {width: 7}
#   - {precision: '4'}
# - name: e_DE_ICRS
#   unit: mas
#   datatype: float64
#   format: '{:7.4f}'
#   description: Standard error of declination (dec_error)
#   meta: !!omap
#   - {ucd: ERROR}
#   - {width: 7}
#   - {precision: '4'}
# - name: _r_1
#   unit: ''
#   datatype: float64
#   format: '{:7.4f}'
#   description: Distance from center (221.21191611000-59.15429826000)[ICRS], at Epoch=J2016.0
#   meta: !!omap
#   - {ucd: POS_ANG_DIST_GENERAL}
#   - {width: 7}
#   - {precision: '4'}
# - name: HIP
#   datatype: int32
#   description: '? HIP cross-id number, van Leeuwen, Cat. I/311 (hip_original_ext_source_id)'
#   meta: !!omap
#   - {ucd: ID_NUMBER}
#   - {width: 6}
#   - values: {'null': -2147483648}
# - name: TYC2
#   datatype: string
#   description: Tycho-2 cross-id name, Hog et al., Cat. I/259 (tyc2_original_ext_source_id)
#   meta: !!omap
#   - {ucd: ID_CROSSID}
#   - {_votable_string_dtype: char}
# - name: Source
#   datatype: int64
#   description: Source identifier, identical to the Gaia-EDR3 source_id (id)
#   meta: !!omap
#   - {ucd: ID_MAIN}
#   - {width: 19}
# - name: rgeo
#   unit: pc
#   datatype: float64
#   format: '{:15.8f}'
#   description: '? Median of the geometric distance posterior (r_med_geo)'
#   meta: !!omap
#   - {ucd: PHYS_DISTANCE_TRUE}
#   - {width: 15}
#   - {precision: '8'}
#   - values: {'null': .nan}
# - name: Plx
#   unit: mas
#   datatype: float64
#   format: '{:9.4f}'
#   description: '? Parallax (parallax)'
#   meta: !!omap
#   - {ucd: POS_PARLX_TRIG}
#   - {width: 9}
#   - {precision: '4'}
#   - values: {'null': .nan}
# - name: e_Plx
#   unit: mas
#   datatype: float32
#   format: '{:7.4f}'
#   description: '? Standard error of parallax (parallax_error)'
#   meta: !!omap
#   - {ucd: ERROR}
#   - {width: 7}
#   - {precision: '4'}
#   - values: {'null': .nan}
# - name: pmRA
#   unit: mas / yr
#   datatype: float64
#   format: '{:9.3f}'
#   description: '? Proper motion in right ascension direction, pmRA*cosDE (pmra)'
#   meta: !!omap
#   - {ucd: POS_EQ_PMRA}
#   - {width: 9}
#   - {precision: '3'}
#   - values: {'null': .nan}
# - name: pmDE
#   unit: mas / yr
#   datatype: float64
#   format: '{:9.3f}'
#   description: '? Proper motion in declination direction (pmdec)'
#   meta: !!omap
#   - {ucd: POS_EQ_PMDEC}
#   - {width: 9}
#   - {precision: '3'}
#   - values: {'null': .nan}
# - name: e_pmRA
#   unit: mas / yr
#   datatype: float32
#   format: '{:6.3f}'
#   description: '? Standard error of proper motion in right ascension direction (pmra_error)'
#   meta: !!omap
#   - {ucd: ERROR}
#   - {width: 6}
#   - {precision: '3'}
#   - values: {'null': .nan}
# - name: e_pmDE
[...]
#         value: !astropy.table.SerializedColumn {name: SkyCoord.dec}
#       distance: !astropy.table.SerializedColumn
#         __class__: astropy.coordinates.distances.Distance
#         unit: !astropy.units.Unit {unit: pc}
#         value: !astropy.table.SerializedColumn {name: SkyCoord.distance}
#       frame: icrs
#       obstime: !astropy.time.Time {format: jyear_str, in_subfmt: '*', jd1: 367701545.0, jd2: 0.0, out_subfmt: '*', precision: 3, scale: tt}
#       pm_dec: !astropy.table.SerializedColumn
#         __class__: astropy.units.quantity.Quantity
#         unit: !astropy.units.Unit {unit: mas / yr}
#         value: !astropy.table.SerializedColumn {name: SkyCoord.pm_dec}
#       pm_ra_cosdec: !astropy.table.SerializedColumn
#         __class__: astropy.units.quantity.Quantity
#         unit: !astropy.units.Unit {unit: mas / yr}
#         value: !astropy.table.SerializedColumn {name: SkyCoord.pm_ra_cosdec}
#       ra: !astropy.table.SerializedColumn
#         __class__: astropy.coordinates.angles.Longitude
#         unit: *id001
#         value: !astropy.table.SerializedColumn {name: SkyCoord.ra}
#         wrap_angle: !astropy.coordinates.Angle
#           unit: *id001
#           value: 360.0
#       representation_type: spherical
# schema: astropy-2.0
RA_ICRS_1 DE_ICRS_1 e_RA_ICRS e_DE_ICRS _r_1 HIP TYC2 Source rgeo Plx e_Plx pmRA pmDE e_pmRA e_pmDE RUWE Teff logg Gmag BP-RP BPmag RPmag RV e_RV b_rgeo B_rgeo FG e_FG FBP e_FBP FRP e_FRP RAVE5 RAVE6 e_Gmag e_BPmag e_RPmag e_BP-RP SkyCoord.ra SkyCoord.dec SkyCoord.distance SkyCoord.pm_ra_cosdec SkyCoord.pm_dec rmRA rmDE e_rmRA e_rmDE rRV e_rRV v_pec v_pec3d e_vpec e_vpec3d
[from data line 94]
220.76588646051 -59.30096311114 0.0112 0.0114 16.276 "" "" 5879006352099355776 2236.51367 0.3947 0.0173 -7.187 -6.403 0.015 0.014 1.013 4728.2 1.5263 13.99047 3.151007 15.861757 12.710751 -4.04 0.75 2169.00708 2342.47046 47726.42459 16.854 6176.1 12.246 65292.0 41.313 "" "" 0.0027818691553537322 0.0035241463 0.0038413128 0.007365459 220.76588646051 -59.30096311114 2236.51367 -7.187 -6.403 -1.9400398368835452 -3.2800000934600826 0.11639763 0.115397625 "" "" 40.39851816653287 "" 4.672396807198316 ""
220.8486374852 -59.25965295387 0.0102 0.0112 12.8247 "" "" 5879006901855549312 2092.24634 0.4378 0.0162 -3.361 -1.365 0.013 0.014 1.095 "" "" 14.004446 2.041669 15.040089 12.99842 -21.04 1.35 2015.4812 2161.76465 47115.99118 8.788 13164.0 12.035 50095.0 27.95 "" "" 0.0027627521821821984 0.002961476 0.0038276222 0.0067890985 220.8486374852 -59.25965295387 2092.24634 -3.3609999999999998 -1.364999999999998 1.8859601631164549 1.757999906539917 0.11439763 0.115397625 "" "" 25.56921365968216 "" 2.9369729016130286 ""
221.54523402311 -59.02825920751 0.0112 0.0119 12.7563 "" "" 5879107094855816192 2268.4104 0.3929 0.019 -7.242 -5.113 0.016 0.015 1.069 4588.5 1.2539 14.017619 2.595894 15.452369 12.856475 -32.29 1.29 2181.73096 2366.08667 46547.80205 12.982 9004.7 10.752 57091.0 29.691 "" "" 0.0027719094196652348 0.0030766446 0.0038213294 0.006897974 221.54523402311 -59.02825920751 2268.4104 -7.242 -5.113 -1.995039836883545 -1.9900000934600834 0.11739763 0.11639763 "" "" 30.298281639700267 "" 3.541867962356603 ""
220.95983959886 -58.9100638896 0.0116 0.0119 16.5924 "" "" 5879120254636222592 2213.58252 0.4075 0.018 -6.991 -3.615 0.015 0.015 1.022 4837.0 2.6249 14.01894 2.104461 15.094134 12.989674 -2.55 1.32 2117.56494 2314.2627 46491.20694 12.75 12525.0 14.489 50500.0 20.774 "" "" 0.0027713623583428223 0.0030598284 0.0038056814 0.00686551 220.95983959886 -58.9100638896 2213.58252 -6.990999999999999 -3.615 -1.7440398368835446 -0.4920000934600832 0.11639763 0.11639763 "" "" 19.01333835232951 "" 2.213107459817542 ""
220.92998340786 -58.89685788188 0.0119 0.0118 17.7309 "" "" 5879120460793993472 2303.38062 0.3902 0.0179 -6.969 -7.971 0.015 0.015 1.055 "" "" 14.02546 2.188038 15.165025 12.976987 -52.14 1.25 2233.14575 2385.6311 46212.82714 11.071 11733.0 13.509 51093.0 28.955 "" "" 0.0027675700521933165 0.0030574095 0.003829141 0.00688655 220.92998340786 -58.89685788188 2303.38062 -6.969000000000001 -7.970999999999997 -1.7220398368835452 -4.848000093460083 0.11639763 0.11639763 "" "" 56.1705827238736 "" 6.538122519303528 ""
221.11686955065 -59.18416175266 0.0111 0.0131 3.4282 "" "" 5879098951598603136 2446.39551 0.3729 0.0179 -4.758 -1.986 0.015 0.017 1.06 "" "" 14.029365 1.542222 14.731629 13.189407 "" "" 2330.3335 2595.55225 46046.96468 8.6981 17489.0 14.133 42014.0 17.399 "" "" 0.0027629426225886985 0.00292487 0.0038060339 0.006730904 221.11686955065 -59.18416175266 2446.39551 -4.758 -1.9859999999999998 0.48896016311645507 1.136999906539917 0.11639763 0.11839762 "" "" 14.352027259257312 "" 1.694797985552919 ""
221.58821310876 -58.98311086332 0.0108 0.0122 15.4977 "" "" 5879107335374011136 2013.21228 0.4536 0.0184 -9.557 -4.776 0.014 0.015 0.993 "" "" 14.030647 2.204961 15.180303 12.975342 -18.73 1.49 1933.02563 2082.83691 45992.58166 11.377 11569.0 10.508 51171.0 21.974 "" "" 0.002768378856674242 0.0029593185 0.003808032 0.0067673502 221.58821310876 -58.98311086332 2013.21228 -9.557000000000002 -4.776000000000005 -4.310039836883545 -1.6530000934600828 0.115397625 0.11639763 "" "" 44.05020624775766 "" 5.088958997431042 ""
220.92709764331 -59.0081395429 0.0115 0.0123 12.4099 "" "" 5879116371985087360 2432.04224 0.3736 0.0192 -4.951 -1.217 0.015 0.015 1.094 "" "" 14.033687 2.20919 15.186237 12.977047 -34.57 1.2 2293.7002 2547.198 45863.99789 13.763 11506.0 13.094 51090.0 26.429 "" "" 0.002774516550875666 0.0030515105 0.0038208878 0.0068723983 220.92709764331 -59.0081395429 2432.04224 -4.951000000000001 -1.2169999999999996 0.29596016311645545 1.905999906539917 0.11639763 0.11639763 "" "" 22.235449377229727 "" 2.588153536073443 ""
221.2667920106 -59.05599759186 0.0131 0.0149 6.1356 "" "" 5879104311717587968 1830.9104 0.5092 0.0214 -7.222 -3.552 0.018 0.02 1.234 "" "" 14.034124 1.296766 14.568486 13.27172 "" "" 1762.96082 1896.60364 45845.53799 12.16 20325.0 16.167 38947.0 32.583 "" "" 0.0027703287358468564 0.0029207687 0.0038870017 0.0068077706 221.2667920106 -59.05599759186 1830.9104 -7.221999999999998 -3.5519999999999987 -1.9750398368835453 -0.42900009346008305 0.119397625 0.12139763 "" "" 17.54010051952681 "" 2.0958395178184155 ""
221.54432543434 -58.99618137787 0.0122 0.0128 13.9664 "" "" 5879107197935052160 2331.9375 0.3846 0.0186 -7.502 -4.539 0.016 0.016 0.997 "" "" 14.052726 2.536384 15.443349 12.906965 -40.18 1.27 2223.50317 2449.84082 45066.76175 11.297 9079.8 15.351 54497.0 25.908 "" "" 0.0027687294522557547 0.003339847 0.0038144658 0.007154313 221.54432543434 -58.99618137787 2331.9375 -7.501999999999998 -4.5390000000000015 -2.2550398368835447 -1.4160000934600827 0.11739763 0.11739763 "" "" 29.432446082140036 "" 3.4552993776071492 ""
220.89513877658 -58.92364135186 0.0116 0.0116 16.9452 "" "" 5879120323355029888 2599.81836 0.3393 0.0179 -3.211 -0.238 0.015 0.015 0.996 "" "" 14.056406 2.736384 15.600218 12.863833 -90.76 1.15 2481.20752 2738.05957 44914.26314 14.975 7858.3 10.605 56705.0 40.966 "" "" 0.002778998449053166 0.0031515001 0.0038599195 0.0070114196 220.89513877658 -58.92364135186 2599.81836 -3.2109999999999994 -0.23799999999999938 2.0359601631164552 2.884999906539917 0.11639763 0.11639763 "" "" 43.51369708902888 "" 5.064891070019378 ""
220.94865268975 -59.21887185236 0.0111 0.0114 8.9711 "" "" 5879007829568497792 2019.18311 0.4563 0.0173 -9.574 -4.762 0.014 0.014 1.048 "" "" 14.063278 2.235135 15.233842 12.998707 -22.21 1.22 1947.13 2096.01099 44630.88927 10.167 11012.0 11.666 50081.0 23.267 "" "" 0.0027663989006689294 0.0030179545 0.0038128947 0.006830849 220.94865268975 -59.21887185236 2019.18311 -9.574 -4.762 -4.327039836883545 -1.6390000934600826 0.115397625 0.115397625 "" "" 44.28516559991777 "" 5.110402918412727 ""
221.12828882773 -59.29551874845 0.0107 0.0112 8.8536 "" "" 5879003770805221632 1809.19263 0.5127 0.0165 -2.927 -2.073 0.014 0.015 0.915 7990.4 3.7957 14.071589 0.973448 14.464826 13.491378 "" "" 1752.61182 1860.90405 44290.57973 7.3352 22361.0 15.642 31813.0 16.122 "" "" 0.0027611813931664305 0.0028916919 0.003819224 0.006710916 221.12828882773 -59.29551874845 1809.19263 -2.927 -2.073 2.319960163116455 1.049999906539917 0.115397625 0.11639763 "" "" 21.837785569458124 "" 2.5237546769373944 ""
221.09307159681 -58.87154477973 0.0115 0.0121 17.3579 "" "" 5879119223844104832 1848.71338 0.5003 0.0189 -2.922 -1.367 0.014 0.015 0.954 7999.1 4.0543 14.074833 0.695403 14.337297 13.641893 "" "" 1785.9989 1921.59131 44158.42097 10.146 25148.0 16.499 27695.0 19.968 "" "" 0.002766590146813408 0.0028796624 0.0038596012 0.0067392634 221.09307159681 -58.87154477973 1848.71338 -2.922 -1.367 2.324960163116455 1.755999906539917 0.115397625 0.11639763 "" "" 25.53145494866075 "" 2.9555688273149783 ""
220.75882924409 -59.11329011063 0.0111 0.0121 14.1623 "" "" 5879021710902865664 1818.72119 0.5121 0.0178 -11.595 -7.9 0.015 0.016 0.977 4845.3 2.6828 14.075776 1.753368 14.922406 13.169038 -35.45 1.85 1763.85449 1873.42944 44120.09053 7.0968 14671.0 10.714 42810.0 27.698 "" "" 0.0027608494128880464 0.0029006433 0.0038441112 0.0067447545 220.75882924409 -59.11329011063 1818.72119 -11.595000000000002 -7.9 -6.348039836883546 -4.777000093460083 0.11639763 0.11739763 "" "" 68.48868239817665 "" 7.996749546795008 ""
221.26374052076 -59.35435211502 0.0122 0.0125 12.108 "" "" 5878955602764173568 2025.46899 0.4516 0.0198 -4.852 -5.92 0.016 0.017 0.989 "" "" 14.076609 2.171207 15.20055 13.029343 -35.58 1.53 1952.68616 2111.54541 44086.28 11.252 11355.0 11.209 48688.0 24.474 "" "" 0.0027692198870672316 0.0029889382 0.0038185846 0.006807523 221.26374052076 -59.35435211502 2025.46899 -4.852 -5.920000000000001 0.39496016311645477 -2.797000093460083 0.11739763 0.11839762 "" "" 27.119626169905313 "" 3.210371292708113 ""
221.02853083177 -59.33992936917 0.011 0.0118 12.4783 "" "" 5879003294082963200 1977.50903 0.4734 0.0175 -3.476 -1.156 0.014 0.015 1.02 "" "" 14.079591 1.335874 14.661921 13.326047 "" "" 1912.3877 2040.24536 43965.35136 7.1898 18649.0 14.272 37046.0 13.521 "" "" 0.0027610351033320072 0.002911264 0.0038000997 0.006711364 221.02853083177 -59.33992936917 1977.50903 -3.4759999999999995 -1.1559999999999995 1.770960163116455 1.966999906539917 0.115397625 0.11639763 "" "" 24.809209729809997 "" 2.876652524474908 ""
220.88011613896 -59.33053347346 0.0144 0.0152 14.6787 "" "" 5879005699264664704 1896.14673 0.4895 0.0227 -1.807 -4.147 0.019 0.02 1.507 6095.9 2.8193 14.092095 1.873406 15.010632 13.137227 7.26 4.04 1817.75073 1970.69299 43461.89014 89.978 13526.0 86.798 44083.0 254.89 "" "" 0.00355587724369494 0.0075052213 0.0073276344 0.014832856 220.88011613896 -59.33053347346 1896.14673 -1.8070000000000022 -4.147000000000003 3.439960163116455 -1.0240000934600832 0.12039763 0.12139763 "" "" 32.25821116331284 "" 3.886447894095139 ""
221.54926573467 -58.98638032935 0.0114 0.0129 14.4824 "" "" 5879108056928519808 2508.79639 0.3515 0.0193 -3.83 -1.575 0.015 0.016 1.032 4648.7 2.067 14.094696 2.703138 15.612416 12.909278 -41.27 1.16 2385.5354 2614.3689 43357.92261 12.831 7770.5 14.481 54381.0 27.651 "" "" 0.0027739909456405954 0.0034465995 0.0038194894 0.007266089 221.54926573467 -58.98638032935 2508.79639 -3.8299999999999996 -1.5750000000000013 1.416960163116455 1.547999906539917 0.11639763 0.11739763 "" "" 24.955791484432147 "" 2.9184000913228005 ""
221.35722671069 -59.40574673627 0.0123 0.0123 15.7306 "" "" 5879046071959057536 1930.58118 0.4742 0.0197 -6.06 -4.931 0.017 0.017 1.052 "" "" 14.100239 2.272018 15.297811 13.025793 -26.04 1.18 1862.03088 2010.09888 43137.12291 11.776 10382.0 14.693 48847.0 21.259 "" "" 0.002771216235571133 0.003185296 0.003808807 0.006994103 221.35722671069 -59.40574673627 1930.58118 -6.060000000000001 -4.930999999999999 -0.8130398368835445 -1.808000093460083 0.11839762 0.11839762 "" "" 18.140825903193363 "" 2.1478306716471907 ""
221.14844785609 -59.40818637037 0.0118 0.0118 15.357 "" "" 5878955774562811648 2295.84839 0.3902 0.0183 -4.785 -2.057 0.016 0.016 1.027 "" "" 14.102004 2.400398 15.391467 12.991069 -20.68 1.22 2207.67773 2427.72485 43067.04069 12.047 9524.2 14.916 50435.0 24.767 "" "" 0.002772008077633227 0.0032674714 0.0038168046 0.007084276 221.14844785609 -59.40818637037 2295.84839 -4.785 -2.057000000000002 0.46196016311645494 1.065999906539917 0.11739763 0.11739763 "" "" 12.64300487503133 "" 1.4842587922819204 ""
220.94284098469 -59.08858896145 0.0115 0.0116 9.1758 "" "" 5879115135034489472 2227.84131 0.4132 0.0174 -5.944 -3.318 0.015 0.014 1.043 "" "" 14.107689 1.29303 14.667007 13.373978 "" "" 2127.8938 2320.36328 42842.14489 7.1302 18562.0 14.497 35446.0 14.553 "" "" 0.0027612391038907376 0.0029161777 0.0038055796 0.0067217574 220.94284098469 -59.08858896145 2227.84131 -5.943999999999997 -3.3179999999999987 -0.6970398368835449 -0.19500009346008307 0.11639763 0.115397625 "" "" 7.643327537923546 "" 0.8891126266402872 ""
220.73336816342 -59.01596825179 0.0172 0.0178 16.9262 "" "" 5879025730992301568 2561.57227 0.3509 0.0273 -6.921 -2.648 0.023 0.022 1.544 "" "" 14.115042 2.095552 15.130497 13.034945 11.44 3.51 2407.10181 2779.20947 42552.98628 13.22 12112.0 32.043 48437.0 276.75 "" "" 0.002775890058186589 0.0040044477 0.0072640735 0.011268521 220.73336816342 -59.01596825179 2561.57227 -6.920999999999998 -2.6480000000000024 -1.6740398368835452 0.47499990653991686 0.12439763 0.123397626 "" "" 21.12833864250864 "" 2.626746752590187 ""
221.59921398963 -59.32413559778 0.0128 0.0128 15.6555 "" "" 5879047377628828544 2179.20093 0.4164 0.0197 -3.93 -4.278 0.016 0.016 1.071 "" "" 14.116834 2.550096 15.517098 12.967002 -24.64 1.5 2086.74902 2275.16309 42482.801 16.87 8483.5 12.05 51565.0 37.413 "" "" 0.0027888488498908647 0.0031880059 0.003860607 0.007048613 221.59921398963 -59.32413559778 2179.20093 -3.930000000000005 -4.2780000000000005 1.316960163116455 -1.1550000934600826 0.11739763 0.11739763 "" "" 18.093903156432194 "" 2.1241813249372434 ""
220.97019603023 -59.0986530898 0.0537 0.0542 8.1568 "" "" 5879115066315010560 1956.52197 0.4961 0.0792 -1.376 -1.684 0.07 0.069 5.229 "" "" 14.122714 1.272239 14.657451 13.385212 "" "" 1675.01038 2273.31055 42253.34205 20.854 18726.0 18.403 35081.0 35.331 "" "" 0.002806944423721959 0.002987232 0.003934388 0.00692162 220.97019603023 -59.0986530898 1956.52197 -1.3759999999999997 -1.6840000000000002 3.870960163116455 1.438999906539917 0.17139763 0.17039762 "" "" 38.29919196811367 "" 6.559752458852414 ""
220.94910150535 -59.061429325 0.0126 0.013 9.8283 "" "" 5879115375552661760 2446.79272 0.364 0.0193 -4.085 -3.222 0.016 0.016 0.945 4756.1 2.0507 14.13835 2.70779 15.66196 12.954169 -0.06 1.58 2311.3877 2551.87256 41649.23615 12.878 7423.9 12.603 52178.0 23.314 "" "" 0.0027756965492197134 0.0033439999 0.0038103901 0.00715439 220.94910150535 -59.061429325 2446.79272 -4.084999999999999 -3.222 1.1619601631164551 -0.09900009346008298 0.11739763 0.11739763 "" "" 13.525003354366621 "" 1.5878033222945647 ""
221.77082963581 -59.17406663735 0.0115 0.0128 17.2301 "" "" 5879055177289549312 2546.27197 0.343 0.0192 -3.949 -4.012 0.016 0.016 1.052 "" "" 14.14331 2.632126 15.605568 12.973442 -29.99 1.53 2411.52441 2696.02563 41459.40359 11.741 7819.7 11.238 51260.0 22.668 "" "" 0.002772422905802293 0.003196835 0.0038097575 0.0070065926 221.77082963581 -59.17406663735 2546.27197 -3.949 -4.012 1.2979601631164552 -0.8890000934600826 0.11739763 0.11739763 "" "" 18.987712221749362 "" 2.2291123897380074 ""
221.19380287048 -59.05707728444 0.0136 0.0141 5.8599 "" "" 5879104449156775296 2497.66675 0.3526 0.0227 -4.337 -0.903 0.017 0.018 0.976 "" "" 14.144555 3.316314 16.150866 12.834552 -51.79 0.99 2359.58838 2623.29517 41411.86276 16.102 4732.3 9.9396 58256.0 36.713 "" "" 0.0027874738250073163 0.0036035413 0.0038408204 0.0074443617 221.19380287048 -59.05707728444 2497.66675 -4.337 -0.9029999999999998 0.9099601631164553 2.219999906539917 0.11839762 0.119397625 "" "" 28.404643175678885 "" 3.387375764370109 ""
221.17675597186 -59.39602674859 0.0121 0.0119 14.5437 "" "" 5878955808922552064 2387.17944 0.3822 0.0186 -4.075 -2.826 0.016 0.016 1.052 "" "" 14.146076 1.52204 14.836227 13.314187 "" "" 2300.5061 2535.2063 41353.8859 7.3648 15883.0 14.001 37453.0 14.602 "" "" 0.002762096647372271 0.002949756 0.0038030134 0.0067527695 221.17675597186 -59.39602674859 2387.17944 -4.075000000000001 -2.825999999999999 1.171960163116455 0.2969999065399169 0.11739763 0.11739763 "" "" 13.680200621792594 "" 1.606023113474908 ""
221.61003730752 -59.31713230809 0.013 0.013 15.6443 "" "" 5879047411988573696 2145.96216 0.4251 0.0194 -1.624 -1.275 0.016 0.016 0.996 "" "" 14.146103 2.914496 15.826904 12.912409 -28.29 1.24 2048.00244 2261.00439 41352.86788 15.075 6377.6 11.912 54224.0 32.109 "" "" 0.002783603271057156 0.003449279 0.003833677 0.0072829556 221.61003730752 -59.31713230809 2145.96216 -1.6239999999999999 -1.2749999999999995 3.622960163116455 1.847999906539917 0.11739763 0.11739763 "" "" 41.369526204009865 "" 4.856684277809928 ""
221.75940023254 -59.06338116618 0.011 0.0121 17.7252 "" "" 5879060399969878528 1948.00232 0.4715 0.0178 -7.6 -3.588 0.015 0.015 0.968 "" "" 14.146273 2.116619 15.234217 13.117598 -36.46 1.7 1893.47937 2020.79749 41346.38039 9.9985 11009.0 10.554 44887.0 18.764 "" "" 0.00276780146768997 0.0029779933 0.0038065368 0.0067845304 221.75940023254 -59.06338116618 1948.00232 -7.600000000000007 -3.5880000000000005 -2.3530398368835446 -0.4650000934600831 0.11639763 0.11639763 "" "" 22.147046233514672 "" 2.5778636199523666 ""
