Clusters/COIN-Gaia_16/COIN-Gaia_16_stars_in_region.tsv
# %ECSV 1.0
# ---
# datatype:
# - name: RA_ICRS_1
#   unit: deg
#   datatype: float64
#   format: '{:15.11f}'
#   description: Right ascension (ICRS) at Ep=2016.0 (ra)
#   meta: !!omap
#   - {ucd: POS_EQ_RA_MAIN}
#   - {width: 15}
#   - {precision: '11'}
# - name: DE_ICRS_1
#   unit: deg
#   datatype: float64
#   format: '{:15.11f}'
#   description: Declination (ICRS) at Ep=2016.0 (dec)
#   meta: !!omap
#   - {ucd: POS_EQ_DEC_MAIN}
#   - {width: 15}
#   - {precision: '11'}
# - name: e_RA_ICRS
#   unit: mas
#   datatype: float64
#   format: '{:7.4f}'
#   description: Standard error of right ascension (ra_error)
#   meta: !!omap
#   - {ucd: ERROR}
#   - {width: 7}
#   - {precision: '4'}
# - name: e_DE_ICRS
#   unit: mas
#   datatype: float64
#   format: '{:7.4f}'
#   description: Standard error of declination (dec_error)
#   meta: !!omap
#   - {ucd: ERROR}
#   - {width: 7}
#   - {precision: '4'}
# - name: _r_1
#   unit: ''
#   datatype: float64
#   format: '{:7.4f}'
#   description: Distance from center (080.17160899000+37.42139498000)[ICRS], at Epoch=J2016.0
#   meta: !!omap
#   - {ucd: POS_ANG_DIST_GENERAL}
#   - {width: 7}
#   - {precision: '4'}
# - name: HIP
#   datatype: int32
#   description: '? HIP cross-id number, van Leeuwen, Cat. I/311 (hip_original_ext_source_id)'
#   meta: !!omap
#   - {ucd: ID_NUMBER}
#   - {width: 6}
#   - values: {'null': -2147483648}
# - name: TYC2
#   datatype: string
#   description: Tycho-2 cross-id name, Hog et al., Cat. I/259 (tyc2_original_ext_source_id)
#   meta: !!omap
#   - {ucd: ID_CROSSID}
#   - {_votable_string_dtype: char}
# - name: Source
#   datatype: int64
#   description: Source identifier, identical to the Gaia-EDR3 source_id (id)
#   meta: !!omap
#   - {ucd: ID_MAIN}
#   - {width: 19}
# - name: rgeo
#   unit: pc
#   datatype: float64
#   format: '{:15.8f}'
#   description: '? Median of the geometric distance posterior (r_med_geo)'
#   meta: !!omap
#   - {ucd: PHYS_DISTANCE_TRUE}
#   - {width: 15}
#   - {precision: '8'}
#   - values: {'null': .nan}
# - name: Plx
#   unit: mas
#   datatype: float64
#   format: '{:9.4f}'
#   description: '? Parallax (parallax)'
#   meta: !!omap
#   - {ucd: POS_PARLX_TRIG}
#   - {width: 9}
#   - {precision: '4'}
#   - values: {'null': .nan}
# - name: e_Plx
#   unit: mas
#   datatype: float32
#   format: '{:7.4f}'
#   description: '? Standard error of parallax (parallax_error)'
#   meta: !!omap
#   - {ucd: ERROR}
#   - {width: 7}
#   - {precision: '4'}
#   - values: {'null': .nan}
# - name: pmRA
#   unit: mas / yr
#   datatype: float64
#   format: '{:9.3f}'
#   description: '? Proper motion in right ascension direction, pmRA*cosDE (pmra)'
#   meta: !!omap
#   - {ucd: POS_EQ_PMRA}
#   - {width: 9}
#   - {precision: '3'}
#   - values: {'null': .nan}
# - name: pmDE
#   unit: mas / yr
#   datatype: float64
#   format: '{:9.3f}'
#   description: '? Proper motion in declination direction (pmdec)'
#   meta: !!omap
#   - {ucd: POS_EQ_PMDEC}
#   - {width: 9}
#   - {precision: '3'}
#   - values: {'null': .nan}
# - name: e_pmRA
#   unit: mas / yr
#   datatype: float32
#   format: '{:6.3f}'
#   description: '? Standard error of proper motion in right ascension direction (pmra_error)'
#   meta: !!omap
#   - {ucd: ERROR}
#   - {width: 6}
#   - {precision: '3'}
#   - values: {'null': .nan}
# - name: e_pmDE
[...]
#         value: !astropy.table.SerializedColumn {name: SkyCoord.dec}
#       distance: !astropy.table.SerializedColumn
#         __class__: astropy.coordinates.distances.Distance
#         unit: !astropy.units.Unit {unit: pc}
#         value: !astropy.table.SerializedColumn {name: SkyCoord.distance}
#       frame: icrs
#       obstime: !astropy.time.Time {format: jyear_str, in_subfmt: '*', jd1: 367701545.0, jd2: 0.0, out_subfmt: '*', precision: 3, scale: tt}
#       pm_dec: !astropy.table.SerializedColumn
#         __class__: astropy.units.quantity.Quantity
#         unit: !astropy.units.Unit {unit: mas / yr}
#         value: !astropy.table.SerializedColumn {name: SkyCoord.pm_dec}
#       pm_ra_cosdec: !astropy.table.SerializedColumn
#         __class__: astropy.units.quantity.Quantity
#         unit: !astropy.units.Unit {unit: mas / yr}
#         value: !astropy.table.SerializedColumn {name: SkyCoord.pm_ra_cosdec}
#       ra: !astropy.table.SerializedColumn
#         __class__: astropy.coordinates.angles.Longitude
#         unit: *id001
#         value: !astropy.table.SerializedColumn {name: SkyCoord.ra}
#         wrap_angle: !astropy.coordinates.Angle
#           unit: *id001
#           value: 360.0
#       representation_type: spherical
# schema: astropy-2.0
RA_ICRS_1 DE_ICRS_1 e_RA_ICRS e_DE_ICRS _r_1 HIP TYC2 Source rgeo Plx e_Plx pmRA pmDE e_pmRA e_pmDE RUWE Teff logg Gmag BP-RP BPmag RPmag RV e_RV b_rgeo B_rgeo FG e_FG FBP e_FBP FRP e_FRP RAVE5 RAVE6 e_Gmag e_BPmag e_RPmag e_BP-RP SkyCoord.ra SkyCoord.dec SkyCoord.distance SkyCoord.pm_ra_cosdec SkyCoord.pm_dec rmRA rmDE e_rmRA e_rmDE rRV e_rRV v_pec v_pec3d e_vpec e_vpec3d
[from data line 592]
80.67240373111 37.29742386577 0.0435 0.0335 25.0147 "" "" 184453795801473664 1826.74902 0.5236 0.0528 2.03 -5.101 0.058 0.043 1.024 5598.0 4.586 16.215715 1.177896 16.707794 15.529898 "" "" 1645.11328 2035.7478 6146.96346 3.3322 2833.3 16.278 4866.3 12.438 "" "" 0.00281748090606485 0.0068334057 0.0046887966 0.011522202 80.67240373111 37.29742386577 1826.74902 2.0300000000000002 -5.100999999999999 0.8530999708175657 -1.2640001068115234 0.13083535 0.11583537 "" "" 13.204231799105589 "" 1.5941505967211806 ""
79.82448475419 37.46020685508 0.0461 0.0412 16.6998 "" "" 187109223757525760 1250.72852 0.7816 0.0592 -0.179 -4.04 0.064 0.055 1.024 4983.6 4.7078 16.216476 1.195638 16.733303 15.537665 "" "" 1169.6123 1350.97791 6142.65666 9.2179 2767.5 26.436 4831.6 27.375 "" "" 0.003200999156594634 0.010740044 0.00721982 0.017959863 79.82448475419 37.46020685508 1250.72852 -0.17899999999999944 -4.04 -1.3559000291824341 -0.20300010681152347 0.13683537 0.12783536 "" "" 8.12798051911195 "" 1.1106431062251945 ""
80.36341225595 37.68376769967 0.0466 0.0351 18.1951 "" "" 187479553017685888 1785.23352 0.5454 0.058 -0.694 0.639 0.067 0.046 0.993 5856.8 4.5083 16.220478 1.291782 16.791216 15.499434 "" "" 1603.49219 1981.67712 6120.06047 3.5837 2623.8 13.508 5004.8 15.112 "" "" 0.0028277187376718376 0.0062473384 0.0050031506 0.011250488 80.36341225595 37.68376769967 1785.23352 -0.6940000000000002 0.6389999999999999 -1.870900029182434 4.475999893188477 0.13983536 0.11883536 "" "" 41.05149876038551 "" 5.015972500693856 ""
80.48040726545 37.73942728804 0.0502 0.0374 24.0773 "" "" 187502711481291776 1242.15234 0.7721 0.0588 -3.846 -5.954 0.075 0.049 1.053 4707.8 4.35 16.224688 1.345023 16.818947 15.473924 "" "" 1179.60132 1332.21423 6096.37075 3.9016 2557.6 13.094 5123.8 11.118 "" "" 0.002841586897545644 0.006219556 0.0044535426 0.010673098 80.48040726545 37.73942728804 1242.15234 -3.8459999999999996 -5.954000000000002 -5.022900029182434 -2.117000106811523 0.14783537 0.121835366 "" "" 32.09322813865157 "" 4.628293067273715 ""
80.45313300387 37.39482286656 0.0468 0.0368 13.5117 "" "" 184469090179971840 1498.96753 0.6649 0.0534 2.142 -13.116 0.055 0.041 1.007 5387.9 4.6225 16.225307 1.210959 16.748016 15.537057 "" "" 1384.40015 1598.98425 6092.89427 3.1062 2730.3 14.865 4834.3 12.918 "" "" 0.0028103681604775524 0.006536654 0.004764558 0.011301212 80.45313300387 37.39482286656 1498.96753 2.142 -13.116 0.9650999708175658 -9.279000106811523 0.12783536 0.113835365 "" "" 66.28392313221534 "" 7.555989186152366 ""
80.15903922667 37.65327079051 0.0454 0.0338 13.9254 "" "" 187490376335340672 1572.2229 0.6119 0.0529 2.333 -9.357 0.061 0.042 1.039 4906.6 4.3812 16.22692 1.126106 16.708147 15.582041 "" "" 1445.57861 1709.6062 6083.85336 3.4294 2832.4 13.117 4638.1 11.255 "" "" 0.002822473130925638 0.0057503805 0.004607095 0.010357475 80.15903922667 37.65327079051 1572.2229 2.333 -9.357 1.156099970817566 -5.520000106811523 0.13383536 0.11483537 "" "" 42.02943941750273 "" 4.862662793075336 ""
80.2009348654 37.43047598028 0.045 0.0367 1.4998 "" "" 187469588693885952 1346.10388 0.7195 0.0532 1.463 -3.94 0.056 0.044 1.01 5228.1 4.5587 16.226927 1.398532 16.855864 15.457332 "" "" 1269.84265 1440.33093 6083.81855 18.771 2472.1 29.629 5202.7 58.463 "" "" 0.0043374885373379714 0.0133087 0.01277244 0.026081141 80.2009348654 37.43047598028 1346.10388 1.463 -3.9400000000000004 0.286099970817566 -0.10300010681152338 0.12883537 0.11683536 "" "" 1.9401667834282723 "" 0.24740204013496533 ""
80.21888535074 37.43921569695 0.0509 0.042 2.4934 "" "" 187469623053621248 1616.78894 0.614 0.0589 1.542 -4.376 0.064 0.05 1.109 4772.5 4.314 16.227062 1.104941 16.693846 15.588904 "" "" 1454.40613 1785.02771 6083.06127 5.6564 2870.0 29.533 4608.9 17.89 "" "" 0.002934458770738932 0.011515624 0.0056608324 0.017176457 80.21888535074 37.43921569695 1616.78894 1.542 -4.376 0.36509997081756596 -0.5390001068115238 0.13683537 0.12283537 "" "" 4.98909686184884 "" 0.6356335896188866 ""
79.78088659684 37.53499732328 0.0467 0.0342 19.8136 "" "" 187157361750959616 1811.83704 0.5349 0.055 2.278 0.809 0.054 0.041 0.976 5598.7 4.6187 16.228775 1.018879 16.651505 15.632626 "" "" 1646.46936 2009.39136 6073.46677 3.1622 2984.1 9.4373 4427.0 12.782 "" "" 0.0028127123071193163 0.0044243806 0.004910282 0.009334663 79.78088659684 37.53499732328 1811.83704 2.2780000000000005 0.809 1.101099970817566 4.645999893188477 0.12683536 0.113835365 "" "" 41.00561568540423 "" 4.697762083084865 ""
79.72512191323 37.24419136913 0.0454 0.0326 23.8069 "" "" 187097197849254400 1666.73633 0.5757 0.0526 0.524 0.592 0.057 0.04 1.017 5843.3 4.6115 16.229141 1.062748 16.639557 15.576809 "" "" 1522.23096 1836.74121 6071.42107 3.3381 3017.1 16.417 4660.5 13.189 "" "" 0.002819242986882734 0.006533572 0.00487078 0.011404352 79.72512191323 37.24419136913 1666.73633 0.524 0.5920000000000001 -0.6529000291824341 4.428999893188476 0.12983537 0.11283536 "" "" 35.3687102564634 "" 4.004569316261414 ""
80.32443911931 37.82946897071 0.047 0.0344 25.5389 "" "" 187516386657172352 1608.0979 0.6074 0.0547 4.007 -3.504 0.075 0.047 0.948 5589.9 4.5954 16.241016 1.145532 16.721296 15.575765 "" "" 1459.57544 1778.04272 6005.3734 3.181 2798.3 16.531 4665.0 15.637 "" "" 0.002814700056908992 0.006994604 0.005246783 0.012241388 80.32443911931 37.82946897071 1608.0979 4.007 -3.5040000000000004 2.8300999708175656 0.33299989318847656 0.14783537 0.11983536 "" "" 21.720925615548946 "" 3.2035936448832496 ""
80.32280996196 37.29556450778 0.0464 0.0376 10.4402 "" "" 184462385736380928 1543.91907 0.6278 0.0542 1.277 -0.421 0.056 0.042 1.071 5407.5 4.6418 16.241571 1.174982 16.744102 15.56912 "" "" 1413.24963 1664.50269 6002.3034 3.3381 2740.2 19.188 4693.6 15.304 "" "" 0.0028207064635205094 0.008098588 0.0051784627 0.013277051 80.32280996196 37.29556450778 1543.91907 1.2770000000000001 -0.421 0.10009997081756583 3.4159998931884767 0.12883537 0.11483537 "" "" 25.009620514165398 "" 2.872307630231184 ""
80.12942041568 37.12049360508 0.0439 0.0324 18.1661 "" "" 184084432908632192 1456.64282 0.6665 0.0488 -0.03 -4.895 0.054 0.041 0.949 5610.8 4.6527 16.244566 1.209434 16.763447 15.554013 "" "" 1357.61902 1549.05139 5985.77531 3.4139 2691.8 11.172 4759.4 10.137 "" "" 0.0028240467275376614 0.005300101 0.004430731 0.009730832 80.12942041568 37.12049360508 1456.64282 -0.030000000000000304 -4.895 -1.206900029182434 -1.058000106811523 0.12683536 0.113835365 "" "" 11.081587380596563 "" 1.344834240516613 ""
80.57609168452 37.58199611657 0.0449 0.0357 21.5301 "" "" 184495581538184576 1480.66357 0.6558 0.0518 0.985 -2.872 0.064 0.044 0.964 5584.6 4.5993 16.244867 1.204583 16.761396 15.556813 "" "" 1380.76172 1609.12732 5984.10935 3.8861 2696.9 11.496 4747.1 22.975 "" "" 0.002844104081840437 0.0054041375 0.006472715 0.011876853 80.57609168452 37.58199611657 1480.66357 0.985 -2.872 -0.1919000291824341 0.9649998931884767 0.13683537 0.11683536 "" "" 6.9053185940387385 "" 0.8124687631582395 ""
79.91143837079 37.32322727657 0.0485 0.0368 13.7328 "" "" 187104138516285056 1493.13416 0.6435 0.0595 2.289 -6.453 0.058 0.043 1.076 5135.0 4.6287 16.24615 1.242925 16.789173 15.546248 "" "" 1380.46497 1593.07141 5977.05259 3.3837 2628.7 11.876 4793.6 18.025 "" "" 0.0028230455284009017 0.005643198 0.0055634 0.011206598 79.91143837079 37.32322727657 1493.13416 2.288999999999999 -6.452999999999999 1.112099970817566 -2.6160001068115237 0.13083535 0.11583537 "" "" 20.118187148458347 "" 2.379069567223501 ""
80.04906979638 37.73760515198 0.044 0.0336 19.8472 "" "" 187494465144205056 1321.59998 0.7424 0.0484 7.292 -3.658 0.058 0.041 0.993 5294.7 4.6071 16.248901 1.132168 16.730692 15.598524 "" "" 1244.72168 1404.60864 5961.92079 2.8666 2774.2 11.951 4568.2 11.82 "" "" 0.00280433894721658 0.0054462585 0.0047091227 0.010155382 80.04906979638 37.73760515198 1321.59998 7.292000000000002 -3.6580000000000004 6.115099970817566 0.17899989318847664 0.13083535 0.113835365 "" "" 38.323741900268296 "" 5.01357880484344 ""
80.2026657069 37.70241588487 0.0472 0.0365 16.9258 "" "" 187492025602749824 1596.24548 0.6108 0.055 2.422 -2.606 0.062 0.044 1.066 5373.3 4.6044 16.25143 1.092489 16.715738 15.623249 "" "" 1473.87891 1744.03833 5948.05108 3.3717 2812.7 16.51 4465.4 17.569 "" "" 0.0028232212382137754 0.0069570784 0.0057036835 0.012660762 80.2026657069 37.70241588487 1596.24548 2.4219999999999984 -2.605999999999999 1.245099970817566 1.2309998931884767 0.13483536 0.11683536 "" "" 13.247630976119549 "" 1.6726325858160476 ""
80.2484115057 37.83547325783 0.0481 0.0348 25.1113 "" "" 187519513393381376 1512.5238 0.6435 0.0568 0.846 -3.895 0.075 0.043 0.901 4974.9 4.3861 16.254572 1.368846 16.87551 15.506663 "" "" 1421.07886 1623.72864 5930.86173 13.234 2427.8 15.35 4971.6 32.813 "" "" 0.00366895222779489 0.007410045 0.00810152 0.015511565 80.2484115057 37.83547325783 1512.5238 0.8460000000000001 -3.8950000000000005 -0.3309000291824341 -0.058000106811523455 0.14783537 0.11583537 "" "" 2.4085094416826918 "" 0.35400828658212813 ""
80.53613683149 37.65348587661 0.2044 0.157 22.242 "" "" 187498446577013760 1351.42468 0.9191 0.2305 -0.866 -0.548 0.282 0.202 4.536 "" "" 16.256859 1.415194 16.733364 15.318171 "" "" 982.699097 2046.67261 5918.38279 8.8056 2767.4 9.4808 5914.1 17.721 "" "" 0.0031939486644684614 0.0046497895 0.00498675 0.00963654 80.53613683149 37.65348587661 1351.42468 -0.8660000000000001 -0.548 -2.042900029182434 3.2889998931884765 0.35483536 0.27483538 "" "" 24.801898289401265 "" 7.422291366167646 ""
79.75406407499 37.60412041596 0.0496 0.0391 22.6959 "" "" 187533807044795008 1527.46667 0.6382 0.0597 0.96 -3.571 0.057 0.046 1.006 "" "" 16.25869 1.317208 16.826757 15.509549 "" "" 1408.19421 1645.25 5908.41509 9.4014 2539.3 36.754 4958.4 26.074 "" "" 0.003252141930648576 0.01596079 0.0068469676 0.022807758 79.75406407499 37.60412041596 1527.46667 0.96 -3.571 -0.21690002918243412 0.2659998931884764 0.12983537 0.11883536 "" "" 2.484995552479122 "" 0.306514436255825 ""
80.16813912715 37.04615937179 0.0462 0.034 22.5147 "" "" 184082882425358976 1377.5625 0.7002 0.0545 -0.513 -4.041 0.06 0.042 1.122 5072.2 4.4126 16.258831 1.217543 16.786127 15.568584 "" "" 1285.28271 1504.68677 5907.6423 3.6276 2636.1 20.884 4696.0 9.8031 "" "" 0.002834832684977801 0.009042759 0.0044069085 0.013449668 80.16813912715 37.04615937179 1377.5625 -0.5130000000000006 -4.041 -1.689900029182434 -0.2040001068115238 0.13283536 0.11483537 "" "" 11.114559217463992 "" 1.473725155176632 ""
80.52141917945 37.12655689729 0.0661 0.0478 24.3288 "" "" 184444930986973056 1302.17603 0.7604 0.0794 -2.763 -4.969 0.068 0.055 1.238 4579.7 4.3829 16.265461 1.409453 16.888355 15.478902 "" "" 1196.54248 1415.57227 5871.67465 4.6826 2399.2 26.212 5100.3 18.344 "" "" 0.002888167042957703 0.012185735 0.005434415 0.01762015 80.52141917945 37.12655689729 1302.17603 -2.7629999999999972 -4.969 -3.939900029182434 -1.1320001068115237 0.14083537 0.12783536 "" "" 25.302150272357117 "" 3.539431841021192 ""
80.43755989836 37.21091263061 0.0497 0.0374 17.9037 "" "" 184458056407345280 1380.14954 0.7147 0.0568 -4.31 -2.825 0.056 0.043 1.039 5357.5 4.6389 16.268288 1.181254 16.7728 15.591546 "" "" 1275.80054 1490.12146 5856.41482 2.8912 2668.7 11.465 4597.7 11.749 "" "" 0.0028069722345754763 0.0054352516 0.0046884506 0.010123702 80.43755989836 37.21091263061 1380.14954 -4.31 -2.825 -5.486900029182434 1.0119998931884764 0.12883537 0.11583537 "" "" 36.5002258510161 "" 4.687673544638133 ""
80.01853873946 37.25848713665 0.0499 0.0414 12.2007 "" "" 187091562852535040 1371.93848 0.7185 0.0609 1.006 -6.358 0.06 0.047 1.06 5350.4 4.6108 16.269852 1.231807 16.807608 15.575801 "" "" 1249.896 1528.93909 5847.98687 3.5772 2584.5 11.788 4664.9 16.203 "" "" 0.0028342325922784467 0.005684028 0.005339057 0.011023086 80.01853873946 37.25848713665 1371.93848 1.0059999999999998 -6.3580000000000005 -0.17090002918243408 -2.521000106811523 0.13283536 0.11983536 "" "" 16.431661153034533 "" 1.9701239677281848 ""
79.64855994628 37.5117400478 0.1614 0.1286 25.4919 "" "" 187156365318604544 1596.18079 0.7834 0.188 5.716 -4.985 0.19 0.162 5.164 "" "" 16.274311 1.240526 16.677029 15.436502 "" "" 1083.72327 2593.77734 5824.01467 14.625 2914.8 14.096 5303.4 16.877 "" "" 0.003876251385877323 0.005945937 0.0051207123 0.011066649 79.64855994628 37.5117400478 1596.18079 5.716000000000003 -4.984999999999998 4.539099970817566 -1.1480001068115238 0.26283535 0.23483536 "" "" 35.42369819199515 "" 9.253973732529992 ""
80.2834184627 37.33163885883 0.047 0.0356 7.5778 "" "" 187465156287641984 1572.35388 0.6209 0.0499 1.199 -3.668 0.059 0.045 0.976 5445.5 4.5845 16.275383 1.214507 16.794586 15.580079 "" "" 1443.06775 1707.4198 5818.26245 10.783 2615.7 34.613 4646.5 25.375 "" "" 0.0034118511041303853 0.014635737 0.007031393 0.02166713 80.2834184627 37.33163885883 1572.35388 1.1990000000000003 -3.668 0.022099970817565984 0.1689998931884764 0.13183537 0.117835365 "" "" 1.2702728532035108 "" 0.1499994937278162 ""
79.71654179391 37.5650354805 0.0493 0.0391 23.3151 "" "" 187158319525758848 1660.14136 0.5836 0.0607 1.072 -3.88 0.06 0.046 0.977 "" "" 16.276936 1.353885 16.872519 15.518634 "" "" 1509.07788 1844.37781 5809.95068 18.531 2434.5 40.342 4917.1 40.1 "" "" 0.00442538825628801 0.018206753 0.009627268 0.02783402 79.71654179391 37.5650354805 1660.14136 1.0719999999999992 -3.88 -0.10490002918243402 -0.04300010681152333 0.13283536 0.11883536 "" "" 0.8921257862900898 "" 0.11679137905390499 ""
80.10936026626 37.16140925913 0.0488 0.0354 15.8796 "" "" 187086958647596928 1855.08459 0.5184 0.0542 -0.408 -5.008 0.06 0.046 1.029 5763.0 4.6199 16.281607 1.185515 16.787895 15.60238 "" "" 1684.2229 2039.54492 5785.00529 3.2294 2631.8 13.263 4552.0 19.342 "" "" 0.0028211953850729846 0.006141929 0.005963842 0.01210577 80.10936026626 37.16140925913 1855.08459 -0.4080000000000005 -5.007999999999999 -1.584900029182434 -1.1710001068115234 0.13283536 0.11883536 "" "" 17.32742815350937 "" 2.2190632992561294 ""
79.80731465997 37.38763820694 0.0484 0.037 17.4807 "" "" 187108399124535936 1303.04736 0.737 0.0568 4.817 -6.033 0.062 0.046 1.109 5240.0 4.655 16.28218 1.131856 16.769766 15.63791 "" "" 1217.88269 1393.31201 5781.95607 2.8882 2676.1 10.55 4405.5 12.219 "" "" 0.0028081896406439736 0.005109406 0.0048324014 0.009941807 79.80731465997 37.38763820694 1303.04736 4.817 -6.033000000000001 3.640099970817566 -2.196000106811524 0.13483536 0.11883536 "" "" 26.257331911369498 "" 3.433347574494606 ""
80.10074630144 37.45085579807 0.056 0.0384 3.8108 "" "" 187470344607986176 1345.29456 0.7246 0.0666 -2.056 -4.255 0.066 0.048 1.041 4740.1 4.3619 16.282701 1.196153 16.801651 15.605498 "" "" 1251.54407 1477.78796 5779.18367 3.2048 2598.7 17.72 4539.0 21.223 "" "" 0.002820336374015235 0.007911735 0.0063289297 0.014240665 80.10074630144 37.45085579807 1345.29456 -2.0559999999999996 -4.255000000000001 -3.232900029182434 -0.41800010681152333 0.13883537 0.120835364 "" "" 20.786823419028085 "" 2.88018722383481 ""
80.15710100538 37.80959376285 0.0458 0.034 23.3021 "" "" 187495839533680640 1315.88049 0.736 0.0512 -3.023 -5.331 0.061 0.043 0.934 5494.3 4.6209 16.286331 1.197979 16.804771 15.606792 "" "" 1231.5166 1394.62769 5759.89508 2.9722 2591.2 9.8418 4533.6 12.548 "" "" 0.002811703743986833 0.004979036 0.0048284796 0.009807516 80.15710100538 37.80959376285 1315.88049 -3.023 -5.331 -4.199900029182434 -1.4940001068115238 0.13383536 0.11583537 "" "" 27.803969238392817 "" 3.6683442878630794 ""
79.7690481482 37.32663933418 0.0519 0.0389 20.0189 "" "" 187106676841058304 1338.92505 0.7222 0.0597 -3.135 -2.573 0.064 0.047 1.061 5762.2 4.6119 16.28646 1.223241 16.812548 15.589307 "" "" 1248.33618 1439.58398 5759.20669 3.2048 2572.8 16.053 4607.2 11.339 "" "" 0.0028207829566902786 0.007326548 0.004628623 0.011955171 79.7690481482 37.32663933418 1338.92505 -3.1349999999999993 -2.573 -4.311900029182434 1.2639998931884766 0.13683537 0.11983536 "" "" 28.51705531510612 "" 3.865994751044969 ""
