Clusters/COIN-Gaia_16/COIN-Gaia_16_stars_in_region.tsv
# %ECSV 1.0
# ---
# datatype:
# - name: RA_ICRS_1
#   unit: deg
#   datatype: float64
#   format: '{:15.11f}'
#   description: Right ascension (ICRS) at Ep=2016.0 (ra)
#   meta: !!omap
#   - {ucd: POS_EQ_RA_MAIN}
#   - {width: 15}
#   - {precision: '11'}
# - name: DE_ICRS_1
#   unit: deg
#   datatype: float64
#   format: '{:15.11f}'
#   description: Declination (ICRS) at Ep=2016.0 (dec)
#   meta: !!omap
#   - {ucd: POS_EQ_DEC_MAIN}
#   - {width: 15}
#   - {precision: '11'}
# - name: e_RA_ICRS
#   unit: mas
#   datatype: float64
#   format: '{:7.4f}'
#   description: Standard error of right ascension (ra_error)
#   meta: !!omap
#   - {ucd: ERROR}
#   - {width: 7}
#   - {precision: '4'}
# - name: e_DE_ICRS
#   unit: mas
#   datatype: float64
#   format: '{:7.4f}'
#   description: Standard error of declination (dec_error)
#   meta: !!omap
#   - {ucd: ERROR}
#   - {width: 7}
#   - {precision: '4'}
# - name: _r_1
#   unit: ''
#   datatype: float64
#   format: '{:7.4f}'
#   description: Distance from center (080.17160899000+37.42139498000)[ICRS], at Epoch=J2016.0
#   meta: !!omap
#   - {ucd: POS_ANG_DIST_GENERAL}
#   - {width: 7}
#   - {precision: '4'}
# - name: HIP
#   datatype: int32
#   description: '? HIP cross-id number, van Leeuwen, Cat. I/311 (hip_original_ext_source_id)'
#   meta: !!omap
#   - {ucd: ID_NUMBER}
#   - {width: 6}
#   - values: {'null': -2147483648}
# - name: TYC2
#   datatype: string
#   description: Tycho-2 cross-id name, Hog et al., Cat. I/259 (tyc2_original_ext_source_id)
#   meta: !!omap
#   - {ucd: ID_CROSSID}
#   - {_votable_string_dtype: char}
# - name: Source
#   datatype: int64
#   description: Source identifier, identical to the Gaia-EDR3 source_id (id)
#   meta: !!omap
#   - {ucd: ID_MAIN}
#   - {width: 19}
# - name: rgeo
#   unit: pc
#   datatype: float64
#   format: '{:15.8f}'
#   description: '? Median of the geometric distance posterior (r_med_geo)'
#   meta: !!omap
#   - {ucd: PHYS_DISTANCE_TRUE}
#   - {width: 15}
#   - {precision: '8'}
#   - values: {'null': .nan}
# - name: Plx
#   unit: mas
#   datatype: float64
#   format: '{:9.4f}'
#   description: '? Parallax (parallax)'
#   meta: !!omap
#   - {ucd: POS_PARLX_TRIG}
#   - {width: 9}
#   - {precision: '4'}
#   - values: {'null': .nan}
# - name: e_Plx
#   unit: mas
#   datatype: float32
#   format: '{:7.4f}'
#   description: '? Standard error of parallax (parallax_error)'
#   meta: !!omap
#   - {ucd: ERROR}
#   - {width: 7}
#   - {precision: '4'}
#   - values: {'null': .nan}
# - name: pmRA
#   unit: mas / yr
#   datatype: float64
#   format: '{:9.3f}'
#   description: '? Proper motion in right ascension direction, pmRA*cosDE (pmra)'
#   meta: !!omap
#   - {ucd: POS_EQ_PMRA}
#   - {width: 9}
#   - {precision: '3'}
#   - values: {'null': .nan}
# - name: pmDE
#   unit: mas / yr
#   datatype: float64
#   format: '{:9.3f}'
#   description: '? Proper motion in declination direction (pmdec)'
#   meta: !!omap
#   - {ucd: POS_EQ_PMDEC}
#   - {width: 9}
#   - {precision: '3'}
#   - values: {'null': .nan}
# - name: e_pmRA
#   unit: mas / yr
#   datatype: float32
#   format: '{:6.3f}'
#   description: '? Standard error of proper motion in right ascension direction (pmra_error)'
#   meta: !!omap
#   - {ucd: ERROR}
#   - {width: 6}
#   - {precision: '3'}
#   - values: {'null': .nan}
# - name: e_pmDE
[...]
#         value: !astropy.table.SerializedColumn {name: SkyCoord.dec}
#       distance: !astropy.table.SerializedColumn
#         __class__: astropy.coordinates.distances.Distance
#         unit: !astropy.units.Unit {unit: pc}
#         value: !astropy.table.SerializedColumn {name: SkyCoord.distance}
#       frame: icrs
#       obstime: !astropy.time.Time {format: jyear_str, in_subfmt: '*', jd1: 367701545.0, jd2: 0.0, out_subfmt: '*', precision: 3, scale: tt}
#       pm_dec: !astropy.table.SerializedColumn
#         __class__: astropy.units.quantity.Quantity
#         unit: !astropy.units.Unit {unit: mas / yr}
#         value: !astropy.table.SerializedColumn {name: SkyCoord.pm_dec}
#       pm_ra_cosdec: !astropy.table.SerializedColumn
#         __class__: astropy.units.quantity.Quantity
#         unit: !astropy.units.Unit {unit: mas / yr}
#         value: !astropy.table.SerializedColumn {name: SkyCoord.pm_ra_cosdec}
#       ra: !astropy.table.SerializedColumn
#         __class__: astropy.coordinates.angles.Longitude
#         unit: *id001
#         value: !astropy.table.SerializedColumn {name: SkyCoord.ra}
#         wrap_angle: !astropy.coordinates.Angle
#           unit: *id001
#           value: 360.0
#       representation_type: spherical
# schema: astropy-2.0
RA_ICRS_1 DE_ICRS_1 e_RA_ICRS e_DE_ICRS _r_1 HIP TYC2 Source rgeo Plx e_Plx pmRA pmDE e_pmRA e_pmDE RUWE Teff logg Gmag BP-RP BPmag RPmag RV e_RV b_rgeo B_rgeo FG e_FG FBP e_FBP FRP e_FRP RAVE5 RAVE6 e_Gmag e_BPmag e_RPmag e_BP-RP SkyCoord.ra SkyCoord.dec SkyCoord.distance SkyCoord.pm_ra_cosdec SkyCoord.pm_dec rmRA rmDE e_rmRA e_rmDE rRV e_rRV v_pec v_pec3d e_vpec e_vpec3d
79.84902587076 37.62201126805 0.0251 0.019 19.5074 "" 2896-538-1 187533360368157824 1514.33044 0.6366 0.0295 0.943 -3.695 0.031 0.024 1.059 15468.0 3.5125 9.964215 0.065283 9.965462 9.900179 "" "" 1452.16943 1586.56836 1946527.55674 841.89 1410000.0 1736.8 869130.0 1641.2 "" "" 0.0027950499892554484 0.003094129 0.0042996677 0.007393797 79.84902587076 37.62201126805 1514.33044 0.9430000000000001 -3.6950000000000003 -0.23390002918243413 0.14199989318847672 0.10383536 0.09683536 "" "" 1.9640935616321928 "" 0.20033259334302425 ""
80.44508692922 37.67684877853 0.0142 0.011 20.1039 "" 2909-1702-1 187502054349423616 1345.91956 0.7115 0.017 3.716 -6.584 0.021 0.015 1.096 "" "" 10.799282 1.647268 11.58332 9.936051 -31.18 0.15 1314.13196 1380.06104 902057.01348 177.84 317750.0 152.57 840890.0 313.79 "" "" 0.0027636222172260473 0.0028384551 0.0038010366 0.0066394918 80.44508692922 37.67684877853 1345.91956 3.716 -6.584 2.539099970817566 -2.747000106811523 0.09383536 0.087835364 -56.55 18.63 23.864561399170885 61.37931077142196 2.1633009856302876 17.184790893734284
80.00818639746 37.80854998208 0.0226 0.0167 24.4934 "" 2909-965-1 187542122101302272 1354.79944 0.7165 0.0246 1.112 -3.687 0.028 0.021 0.924 15431.2 4.0459 10.810975 0.041563 10.81431 10.772747 "" "" 1309.495 1394.00171 892394.46098 304.38 645200.0 516.8 389100.0 132.49 "" "" 0.002780095383734361 0.0029225617 0.0037974205 0.0067199823 80.00818639746 37.80854998208 1354.79944 1.1120000000000005 -3.6869999999999994 -0.06490002918243398 0.14999989318847673 0.10083537 0.09383536 "" "" 1.0495579068817935 "" 0.09968009279793615 ""
80.10047891584 37.46412978182 0.0186 0.0149 4.2493 "" 2402-959-1 187470516403413632 1450.73218 0.6407 0.0239 1.162 -3.798 0.023 0.018 0.976 15002.9 3.9288 11.486762 0.343456 11.604747 11.261291 "" "" 1397.77576 1493.34814 478896.73489 224.83 311540.0 260.74 248110.0 96.418 "" "" 0.0028020724270184493 0.002934412 0.0038028606 0.0067372727 80.10047891584 37.46412978182 1450.73218 1.1620000000000008 -3.798 -0.01490002918243416 0.03899989318847652 0.095835365 0.09083536 "" "" 0.2870877067004336 "" 0.026264911863249935 ""
80.46052483281 37.38565657626 0.0169 0.0132 13.9364 "" "" 184468334265728768 1259.86804 0.7599 0.0204 -3.532 -3.75 0.02 0.015 1.129 "" "" 11.56068 1.426745 12.209686 10.782941 21.69 0.5 1231.85266 1286.50037 447377.79158 118.91 178460.0 127.31 385460.0 187.73 "" "" 0.002770391416839473 0.0028956807 0.0038161944 0.006711875 80.46052483281 37.38565657626 1259.86804 -3.532 -3.75 -4.708900029182434 0.08699989318847656 0.09283537 0.087835364 -3.6799999999999997 18.98 28.125288201940112 28.365017829047662 2.610974749999528 3.5729432291224894
79.88694821624 37.18531985955 0.0148 0.0116 19.6267 "" "" 187090154102856704 1650.65906 0.5839 0.0188 2.304 -2.737 0.018 0.014 0.968 4646.5 2.2757 11.632707 1.950361 12.612987 10.662625 19.44 0.28 1599.22913 1697.10498 418662.39563 108.72 123090.0 91.166 430630.0 190.59 "" "" 0.0027697083536798676 0.0029037385 0.0038098078 0.0067135463 79.88694821624 37.18531985955 1650.65906 2.304 -2.737 1.1270999708175657 1.0999998931884765 0.09083536 0.08683536 -5.93 18.76 12.322322342330427 13.674959886898959 1.0955347179588546 8.19474988697583
79.95002401198 37.66373153266 0.0279 0.0215 17.9595 "" 2896-1250-1 187488069936112640 1612.57581 0.5658 0.0312 2.38 -3.302 0.036 0.03 1.447 10654.0 4.0875 11.650802 0.327894 11.765149 11.437255 -11.15 15.36 1529.25403 1690.57471 411742.80503 262.11 268760.0 494.63 210990.0 510.73 "" "" 0.002840686301175328 0.0034318906 0.00460337 0.008035261 79.95002401198 37.66373153266 1612.57581 2.3799999999999994 -3.302000000000002 1.2030999708175658 0.5349998931884765 0.10883536 0.102835365 -36.52 33.84 10.064269407164979 37.88139277666539 1.0856104262564426 32.625123079643416
79.92542026172 37.36438536025 0.0155 0.0123 12.224 "" 2402-47-1 187104756991551360 1484.7467 0.6113 0.0195 0.926 -3.598 0.019 0.016 0.891 12684.0 4.0245 11.655845 0.267157 11.742805 11.475648 "" "" 1448.19238 1525.66309 409834.70379 197.54 274340.0 302.64 203660.0 173.57 "" "" 0.0028045779302970117 0.003036383 0.0038910087 0.0069273915 79.92542026172 37.36438536025 1484.7467 0.9260000000000002 -3.598000000000001 -0.25090002918243404 0.2389998931884767 0.091835365 0.088835366 "" "" 2.438659541571565 "" 0.22050507992007756 ""
80.13578374074 37.52861564072 0.0257 0.02 6.6556 "" "" 187482817192958720 1319.07922 0.7289 0.0309 6.046 -3.965 0.033 0.025 1.756 "" "" 11.712289 1.444172 12.36353 10.919358 12.42 2.49 1277.73547 1370.68213 389073.04526 83.472 154880.0 186.37 339950.0 366.31 "" "" 0.002765148807583512 0.003080902 0.003956318 0.0070372196 80.13578374074 37.52861564072 1319.07922 6.046000000000001 -3.964999999999999 4.869099970817566 -0.1280001068115233 0.10583536 0.09783536 -12.950000000000001 20.97 30.454251112955593 33.093260807163695 3.2229748321902107 8.725506174941435
80.40758451914 37.18490529429 0.0189 0.0136 18.1156 "" 2402-367-1 184457987686203776 1499.38208 0.6036 0.0216 0.983 -4.183 0.021 0.015 1.002 "" "" 11.761949 0.271384 11.853241 11.581857 -16.98 12.6 1460.28223 1550.02649 371678.54889 120.19 247810.0 103.64 184680.0 85.047 "" "" 0.0027775992123849247 0.0028268776 0.0038123117 0.006639189 80.40758451914 37.18490529429 1499.38208 0.9829999999999995 -4.183 -0.1939000291824341 -0.34600010681152327 0.09383536 0.087835364 -42.35 31.08 2.818859122991224 42.443709389676 0.25174104380132056 31.011384419154197
80.50192242145 37.69766651149 0.014 0.0102 22.8386 "" "" 187499580448260736 1454.77185 0.6564 0.0163 4.919 -1.519 0.02 0.014 1.005 4429.8 2.0845 11.809419 1.426546 12.458603 11.032057 32.69 0.33 1414.83911 1492.32544 355778.21005 74.232 141900.0 94.32 306430.0 144.55 "" "" 0.0027646170985979094 0.0028819912 0.0038139273 0.0066959187 80.50192242145 37.69766651149 1454.77185 4.918999999999998 -1.519000000000002 3.7420999708175655 2.3179998931884764 0.09283537 0.08683536 7.319999999999997 18.81 30.35359786834694 31.22376184179792 2.768585391800824 5.166211696182098
80.67312264141 37.29532385952 0.0143 0.011 25.0855 "" 2402-223-1 184453589639688832 1506.35754 0.6033 0.0179 1.295 -4.076 0.018 0.014 0.95 12601.0 3.7959 11.834161 0.358899 11.955354 11.596455 "" "" 1473.21289 1533.74756 347762.19385 94.491 225570.0 181.46 182210.0 118.17 "" "" 0.0027710681250536725 0.0029236814 0.003844417 0.006768098 80.67312264141 37.29532385952 1506.35754 1.295 -4.076 0.11809997081756585 -0.23900010681152306 0.09083536 0.08683536 "" "" 1.9034674425746443 "" 0.16680995892958897 ""
80.18785971915 37.47503169235 0.0182 0.0146 3.31 "" 2402-365-1 187469962354402304 1523.80481 0.6021 0.0226 1.392 -3.344 0.022 0.017 1.047 "" "" 11.894478 0.270567 11.983649 11.713082 -24.3 27.15 1479.80774 1574.82019 328969.4089 87.607 219760.0 105.05 163650.0 70.196 "" "" 0.002770449624279148 0.0028380302 0.0038079678 0.006645998 80.18785971915 37.47503169235 1523.80481 1.392 -3.3440000000000003 0.21509997081756582 0.4929998931884767 0.09483536 0.08983536 -49.67 45.629997 3.8850317949727087 49.82170583237741 0.35219171171323993 45.491063357489494
80.16138322231 37.44523679235 0.0121 0.0098 1.5112 "" "" 187469824915449600 1651.68274 0.5837 0.0152 7.661 -1.531 0.015 0.012 0.956 5272.9 2.7257 11.942638 1.619932 12.708465 11.088532 33.55 0.36 1605.53601 1695.95569 314696.23084 57.157 112730.0 84.654 290900.0 105.11 "" "" 0.0027623678972436556 0.0029068554 0.0037996883 0.0067065437 80.16138322231 37.44523679235 1651.68274 7.660999999999998 -1.5309999999999997 6.4840999708175655 2.305999893188477 0.087835364 0.084835365 8.179999999999996 18.84 53.87859544921198 54.49601313472248 4.714574033275231 5.451938112599528
80.32487496858 37.47952459535 0.0125 0.009 8.0908 "" "" 187472852869013120 1469.35107 0.6626 0.0137 -2.674 -5.004 0.015 0.011 1.017 "" "" 12.041409 1.454697 12.706996 11.252299 -17.61 0.5 1436.85901 1497.10925 287331.57853 48.93 112880.0 63.527 250170.0 67.349 "" "" 0.002761516638610726 0.0028562932 0.003790668 0.006646961 80.32487496858 37.47952459535 1469.35107 -2.6739999999999986 -5.003999999999996 -3.850900029182434 -1.167000106811523 0.087835364 0.08383536 -42.980000000000004 18.98 28.024962949636354 51.30963796723273 2.4523512308651494 15.955099055720664
79.6619122144 37.45245790631 0.0128 0.0098 24.354 "" "" 187155330227039232 1558.80066 0.6262 0.0151 3.224 -5.105 0.016 0.012 0.941 "" "" 12.123054 1.466839 12.797945 11.331106 10.2 0.64 1516.17188 1601.07666 266517.22696 43.771 103810.0 64.352 232660.0 80.262 "" "" 0.002761084079484675 0.0028701993 0.0037978964 0.0066680955 79.6619122144 37.45245790631 1558.80066 3.224 -5.105 2.047099970817566 -1.2680001068115239 0.088835366 0.084835365 -15.170000000000002 19.119999 17.7919931380142 23.381272844375783 1.5611494834475346 12.461994641260349
80.44382427574 37.51538045307 0.0113 0.0087 14.1367 "" "" 187473570126318208 1541.36609 0.6331 0.0127 -2.868 -1.181 0.015 0.011 1.005 "" "" 12.141599 1.462708 12.812143 11.349436 -30.97 0.51 1514.08997 1574.72961 262003.66774 47.365 102460.0 68.691 228760.0 94.544 "" "" 0.0027623024756391417 0.0028835537 0.0038059268 0.0066894805 80.44382427574 37.51538045307 1541.36609 -2.8679999999999977 -1.181 -4.044900029182434 2.6559998931884765 0.087835364 0.08383536 -56.34 18.99 35.35381940748544 66.51381921598771 3.0633990004646545 16.167530856834112
79.98782237705 37.30941550058 0.012 0.0092 11.0432 "" "" 187092554987097856 1524.31152 0.6417 0.0149 1.239 -3.379 0.014 0.011 1.041 "" "" 12.152333 1.640839 12.932256 11.291417 -4.33 0.56 1489.31042 1555.91577 259426.07362 41.935 91731.0 48.026 241320.0 78.873 "" "" 0.002760904037129123 0.0028474852 0.003796005 0.00664349 79.98782237705 37.30941550058 1524.31152 1.2389999999999999 -3.379000000000001 0.06209997081756602 0.45799989318847656 0.08683536 0.08383536 -29.700000000000003 19.039999 3.3394376749869434 29.887151821227835 0.28014700315427016 18.920797397825822
79.96868748566 37.41336270039 0.0132 0.0103 9.682 "" "" 187480235916373248 1556.45386 0.6284 0.0166 -2.547 -3.744 0.015 0.012 0.938 5284.8 2.8448 12.171022 1.404321 12.805267 11.400947 2.4 0.88 1524.1554 1594.18958 254998.54286 45.995 103110.0 78.563 218160.0 131.29 "" "" 0.0027622711620687926 0.0029102243 0.003835448 0.0067456723 79.96868748566 37.41336270039 1556.45386 -2.547000000000001 -3.744 -3.7239000291824342 0.09299989318847635 0.087835364 0.084835365 -22.970000000000002 19.359999 27.481978556630764 35.817314882429606 2.4138390795764995 12.553140727825
80.14557614877 37.44633973989 0.0152 0.0118 1.9438 "" "" 187470207169017728 1470.58557 0.6443 0.0191 1.167 -3.89 0.019 0.015 0.96 "" "" 12.185155 0.259471 12.270397 12.010926 "" "" 1410.63489 1514.74463 251700.94582 69.042 168760.0 143.41 124390.0 78.529 "" "" 0.0027713689270775473 0.0029387618 0.0038410355 0.0067797974 80.14557614877 37.44633973989 1470.58557 1.1670000000000003 -3.8900000000000006 -0.009900029182434045 -0.05300010681152356 0.091835365 0.087835364 "" "" 0.37583116794471105 "" 0.03306306567546849 ""
79.67640262328 37.37146579186 0.0118 0.009 23.7944 "" "" 187107604550449664 1695.32349 0.5756 0.0132 1.054 -0.331 0.015 0.012 0.954 "" "" 12.215619 1.479234 12.89433 11.415096 22.53 0.55 1655.26672 1735.87939 244736.70849 37.828 94992.0 61.086 215340.0 93.959 "" "" 0.0027604261065782404 0.0028762005 0.0038089573 0.006685158 79.67640262328 37.37146579186 1695.32349 1.054 -0.33100000000000007 -0.12290002918243403 3.5059998931884766 0.087835364 0.084835365 -2.84 19.029999 28.190935364357227 28.333627313095068 2.3916939311442595 3.0497745090999153
79.71194200427 37.43590484504 0.0134 0.0098 21.9189 "" "" 187108257386624512 1369.07153 0.7104 0.0146 3.35 -5.89 0.015 0.012 0.932 "" "" 12.294444 0.947028 12.681266 11.734238 25.89 6.11 1337.58545 1395.52808 227598.32872 43.384 115590.0 68.288 160500.0 90.542 "" "" 0.0027630818899703133 0.0028629494 0.0038286906 0.0066916402 79.71194200427 37.43590484504 1369.07153 3.35 -5.889999999999999 2.173099970817566 -2.053000106811523 0.087835364 0.084835365 0.5199999999999996 24.59 19.400126488158776 19.407094263607824 1.676821346312602 1.8010619405816206
79.85227055211 37.37757364771 0.0277 0.0196 15.4467 "" 2402-751-1 187105439888985216 1557.8252 0.6048 0.034 2.28 -7.1 0.032 0.024 1.941 7641.3 3.4679 12.321375 0.604117 12.529611 11.925493 -2.5 3.19 1490.51135 1631.97424 222022.44705 129.7 132910.0 73.537 134570.0 43.468 "" "" 0.0028273795754679668 0.0028541049 0.003795619 0.0066497237 79.85227055211 37.37757364771 1557.8252 2.28 -7.1 1.1030999708175657 -3.263000106811523 0.10483536 0.09683536 -27.87 21.67 25.433880222454142 37.73087811289507 2.484534936668559 16.093974820692733
79.78051650685 37.4460843709 0.0137 0.0108 18.6918 "" 2402-171-1 187109532995195520 1464.48669 0.6524 0.0163 1.268 -3.207 0.017 0.013 0.906 9513.0 3.8987 12.348555 0.332138 12.466338 12.1342 "" "" 1433.59436 1496.02539 216533.35917 60.462 140890.0 82.396 111040.0 77.658 "" "" 0.0027719487138868535 0.0028615084 0.0038549074 0.0067164158 79.78051650685 37.4460843709 1464.48669 1.2680000000000002 -3.2069999999999976 0.09109997081756593 0.6299998931884767 0.08983536 0.08583537 "" "" 4.418735343471988 "" 0.3796540400886048 ""
80.24855352229 37.66739606778 0.0128 0.0104 15.2072 "" "" 187491029170338048 1473.50061 0.6468 0.016 1.381 -0.335 0.017 0.012 0.98 8359.5 3.8985 12.355131 0.590966 12.580813 11.989847 40.97 5.45 1443.9635 1505.18286 215225.69911 139.68 126790.0 113.24 126830.0 318.92 "" "" 0.0028439937247019724 0.0029538744 0.0046623345 0.007616209 80.24855352229 37.66739606778 1473.50061 1.3810000000000004 -0.33499999999999996 0.20409997081756592 3.5019998931884766 0.08983536 0.084835365 15.599999999999998 23.93 24.50084812950746 29.045680557790156 2.0789652786029604 12.971533426871844
80.00958920095 37.44143821206 0.0152 0.0118 7.8125 "" 2402-63-1 187480755608746112 1304.02527 0.7332 0.0196 1.312 -4.478 0.018 0.014 0.979 7598.5 3.7452 12.360126 0.339715 12.480833 12.141118 "" "" 1270.63855 1329.25232 214237.98908 65.549 139020.0 74.916 110330.0 53.42 "" "" 0.0027752735607504747 0.0028508555 0.0038157678 0.006666623 80.00958920095 37.44143821206 1304.02527 1.3119999999999994 -4.477999999999995 0.13509997081756597 -0.6410001068115232 0.09083536 0.08683536 "" "" 4.049117464901881 "" 0.35231061481307463 ""
80.27856601894 37.57042371556 0.0129 0.0102 10.2897 "" "" 187476559424174720 1473.03601 0.6541 0.0158 1.185 -2.891 0.016 0.012 0.973 8854.2 3.7795 12.388048 0.570146 12.600887 12.030742 -35.7 12.14 1442.28149 1507.16296 208798.4976 56.374 124470.0 89.518 122140.0 59.146 "" "" 0.0027708700334524183 0.002897375 0.0038157774 0.0067131524 80.27856601894 37.57042371556 1473.03601 1.185 -2.891 0.008099970817565971 0.9459998931884765 0.088835366 0.084835365 -61.07000000000001 30.619999 6.605393763892017 61.42618437422322 0.560372976246697 30.44250619265436
79.87497587098 37.24289248693 0.0129 0.0098 17.7477 "" "" 187090635139167232 1715.3999 0.5738 0.0154 1.342 -3.639 0.016 0.011 1.069 5147.5 2.8512 12.433862 1.616018 13.197345 11.581326 -46.96 0.89 1672.94092 1755.19568 200171.33616 34.666 71859.0 55.714 184770.0 62.919 "" "" 0.002761728539081765 0.0029143903 0.003797423 0.0067118136 79.87497587098 37.24289248693 1715.3999 1.342 -3.639 0.165099970817566 0.19799989318847677 0.088835366 0.08383536 -72.33 19.369999 2.0961882784033516 72.36036833307661 0.1801070417558089 19.36187039792486
79.91333628761 37.0473013743 0.0159 0.0121 25.6129 "" "" 187079395207309824 1494.95374 0.6453 0.0181 1.643 -1.264 0.021 0.015 1.171 "" "" 12.469569 0.492669 12.649724 12.157055 "" "" 1455.11389 1546.44104 193695.37371 53.396 118990.0 79.201 108730.0 57.402 "" "" 0.0027715289659851774 0.0028822406 0.0038226012 0.0067048417 79.91333628761 37.0473013743 1494.95374 1.6429999999999998 -1.2640000000000002 0.46609997081756593 2.5729998931884763 0.09383536 0.087835364 "" "" 18.529223970288676 "" 1.631170042783059 ""
