Clusters/COIN-Gaia_16/COIN-Gaia_16_stars_in_region.tsv
# %ECSV 1.0
# ---
# datatype:
# - name: RA_ICRS_1
#   unit: deg
#   datatype: float64
#   format: '{:15.11f}'
#   description: Right ascension (ICRS) at Ep=2016.0 (ra)
#   meta: !!omap
#   - {ucd: POS_EQ_RA_MAIN}
#   - {width: 15}
#   - {precision: '11'}
# - name: DE_ICRS_1
#   unit: deg
#   datatype: float64
#   format: '{:15.11f}'
#   description: Declination (ICRS) at Ep=2016.0 (dec)
#   meta: !!omap
#   - {ucd: POS_EQ_DEC_MAIN}
#   - {width: 15}
#   - {precision: '11'}
# - name: e_RA_ICRS
#   unit: mas
#   datatype: float64
#   format: '{:7.4f}'
#   description: Standard error of right ascension (ra_error)
#   meta: !!omap
#   - {ucd: ERROR}
#   - {width: 7}
#   - {precision: '4'}
# - name: e_DE_ICRS
#   unit: mas
#   datatype: float64
#   format: '{:7.4f}'
#   description: Standard error of declination (dec_error)
#   meta: !!omap
#   - {ucd: ERROR}
#   - {width: 7}
#   - {precision: '4'}
# - name: _r_1
#   unit: ''
#   datatype: float64
#   format: '{:7.4f}'
#   description: Distance from center (080.17160899000+37.42139498000)[ICRS], at Epoch=J2016.0
#   meta: !!omap
#   - {ucd: POS_ANG_DIST_GENERAL}
#   - {width: 7}
#   - {precision: '4'}
# - name: HIP
#   datatype: int32
#   description: '? HIP cross-id number, van Leeuwen, Cat. I/311 (hip_original_ext_source_id)'
#   meta: !!omap
#   - {ucd: ID_NUMBER}
#   - {width: 6}
#   - values: {'null': -2147483648}
# - name: TYC2
#   datatype: string
#   description: Tycho-2 cross-id name, Hog et al., Cat. I/259 (tyc2_original_ext_source_id)
#   meta: !!omap
#   - {ucd: ID_CROSSID}
#   - {_votable_string_dtype: char}
# - name: Source
#   datatype: int64
#   description: Source identifier, identical to the Gaia-EDR3 source_id (id)
#   meta: !!omap
#   - {ucd: ID_MAIN}
#   - {width: 19}
# - name: rgeo
#   unit: pc
#   datatype: float64
#   format: '{:15.8f}'
#   description: '? Median of the geometric distance posterior (r_med_geo)'
#   meta: !!omap
#   - {ucd: PHYS_DISTANCE_TRUE}
#   - {width: 15}
#   - {precision: '8'}
#   - values: {'null': .nan}
# - name: Plx
#   unit: mas
#   datatype: float64
#   format: '{:9.4f}'
#   description: '? Parallax (parallax)'
#   meta: !!omap
#   - {ucd: POS_PARLX_TRIG}
#   - {width: 9}
#   - {precision: '4'}
#   - values: {'null': .nan}
# - name: e_Plx
#   unit: mas
#   datatype: float32
#   format: '{:7.4f}'
#   description: '? Standard error of parallax (parallax_error)'
#   meta: !!omap
#   - {ucd: ERROR}
#   - {width: 7}
#   - {precision: '4'}
#   - values: {'null': .nan}
# - name: pmRA
#   unit: mas / yr
#   datatype: float64
#   format: '{:9.3f}'
#   description: '? Proper motion in right ascension direction, pmRA*cosDE (pmra)'
#   meta: !!omap
#   - {ucd: POS_EQ_PMRA}
#   - {width: 9}
#   - {precision: '3'}
#   - values: {'null': .nan}
# - name: pmDE
#   unit: mas / yr
#   datatype: float64
#   format: '{:9.3f}'
#   description: '? Proper motion in declination direction (pmdec)'
#   meta: !!omap
#   - {ucd: POS_EQ_PMDEC}
#   - {width: 9}
#   - {precision: '3'}
#   - values: {'null': .nan}
# - name: e_pmRA
#   unit: mas / yr
#   datatype: float32
#   format: '{:6.3f}'
#   description: '? Standard error of proper motion in right ascension direction (pmra_error)'
#   meta: !!omap
#   - {ucd: ERROR}
#   - {width: 6}
#   - {precision: '3'}
#   - values: {'null': .nan}
# - name: e_pmDE
[...]
#         value: !astropy.table.SerializedColumn {name: SkyCoord.dec}
#       distance: !astropy.table.SerializedColumn
#         __class__: astropy.coordinates.distances.Distance
#         unit: !astropy.units.Unit {unit: pc}
#         value: !astropy.table.SerializedColumn {name: SkyCoord.distance}
#       frame: icrs
#       obstime: !astropy.time.Time {format: jyear_str, in_subfmt: '*', jd1: 367701545.0, jd2: 0.0, out_subfmt: '*', precision: 3, scale: tt}
#       pm_dec: !astropy.table.SerializedColumn
#         __class__: astropy.units.quantity.Quantity
#         unit: !astropy.units.Unit {unit: mas / yr}
#         value: !astropy.table.SerializedColumn {name: SkyCoord.pm_dec}
#       pm_ra_cosdec: !astropy.table.SerializedColumn
#         __class__: astropy.units.quantity.Quantity
#         unit: !astropy.units.Unit {unit: mas / yr}
#         value: !astropy.table.SerializedColumn {name: SkyCoord.pm_ra_cosdec}
#       ra: !astropy.table.SerializedColumn
#         __class__: astropy.coordinates.angles.Longitude
#         unit: *id001
#         value: !astropy.table.SerializedColumn {name: SkyCoord.ra}
#         wrap_angle: !astropy.coordinates.Angle
#           unit: *id001
#           value: 360.0
#       representation_type: spherical
# schema: astropy-2.0
RA_ICRS_1 DE_ICRS_1 e_RA_ICRS e_DE_ICRS _r_1 HIP TYC2 Source rgeo Plx e_Plx pmRA pmDE e_pmRA e_pmDE RUWE Teff logg Gmag BP-RP BPmag RPmag RV e_RV b_rgeo B_rgeo FG e_FG FBP e_FBP FRP e_FRP RAVE5 RAVE6 e_Gmag e_BPmag e_RPmag e_BP-RP SkyCoord.ra SkyCoord.dec SkyCoord.distance SkyCoord.pm_ra_cosdec SkyCoord.pm_dec rmRA rmDE e_rmRA e_rmDE rRV e_rRV v_pec v_pec3d e_vpec e_vpec3d
[from data line 497]
80.26398444151 37.04310825897 0.0369 0.0278 23.1222 "" "" 184079931782901504 1813.38281 0.5298 0.0436 2.618 -0.303 0.045 0.034 1.033 7553.7 4.4177 15.916 1.283833 16.47539 15.191557 "" "" 1673.03186 1916.45544 8101.15175 3.7225 3509.6 24.532 6645.6 18.853 "" "" 0.002800123069445194 0.008085911 0.004875551 0.012961462 80.26398444151 37.04310825897 1813.38281 2.6179999999999994 -0.3029999999999998 1.4410999708175658 3.5339998931884766 0.117835365 0.106835365 "" "" 32.804759752593064 "" 3.5583952873102236 ""
79.97276922425 37.6351958894 0.0433 0.0314 15.9398 "" "" 187487799351737856 1401.85132 0.6981 0.0511 5.237 -6.243 0.055 0.041 1.126 "" "" 15.923231 0.871728 15.781526 14.909798 "" "" 1295.40796 1523.9093 8047.37882 10.749 6649.8 581.75 8614.7 552.45 "" "" 0.003113674058010333 0.09502534 0.0697294 0.16475475 79.97276922425 37.6351958894 1401.85132 5.237000000000005 -6.243000000000006 4.060099970817566 -2.4060001068115238 0.12783536 0.113835365 "" "" 31.359712733896032 "" 3.899531305830742 ""
79.77904818183 37.47191209992 0.0377 0.0286 18.9437 "" "" 187109837934689152 1625.14563 0.5924 0.0434 0.631 -2.444 0.046 0.035 1.02 5581.4 4.5116 15.926645 1.077581 16.379042 15.301461 "" "" 1501.46704 1751.8949 8022.111 3.8411 3835.3 12.76 6005.8 13.708 "" "" 0.0028039347087179525 0.0045643477 0.0045193974 0.009083745 79.77904818183 37.47191209992 1625.14563 0.631 -2.444 -0.5459000291824341 1.3929998931884766 0.11883536 0.10783537 "" "" 11.525104261414684 "" 1.260427631404795 ""
80.58451510851 37.25273759563 0.0463 0.0353 22.1449 "" "" 184463592621842176 1273.46106 0.7677 0.056 2.375 -3.877 0.055 0.042 1.182 4988.5 4.382 15.928926 1.187202 16.44413 15.256927 "" "" 1177.05835 1365.05786 8005.27739 3.6396 3612.1 10.38 6257.3 9.9443 "" "" 0.002799189171522027 0.004185663 0.00415464 0.008340303 80.58451510851 37.25273759563 1273.46106 2.3750000000000004 -3.877 1.198099970817566 -0.04000010681152322 0.12783536 0.11483537 "" "" 7.236006960521166 "" 0.9249181620026469 ""
80.01395343845 37.79585267291 0.0434 0.033 23.6842 "" "" 187542122101305600 1491.46814 0.6221 0.0486 7.393 0.441 0.056 0.042 1.157 5532.3 4.5651 15.933166 1.071874 16.382761 15.310887 "" "" 1414.41895 1589.71057 7974.08093 3.9251 3822.2 14.49 5953.9 13.713 "" "" 0.00280667231765666 0.0049726055 0.0045317817 0.009504387 80.01395343845 37.79585267291 1491.46814 7.393000000000004 0.4410000000000001 6.216099970817566 4.277999893188476 0.12883537 0.11483537 "" "" 53.34645454276494 "" 6.642031515175864 ""
79.99923800642 37.20680687804 0.0481 0.0369 15.2784 "" "" 187090841298036864 1531.10803 0.6286 0.0558 1.77 -3.811 0.058 0.044 1.185 5732.9 4.5375 15.933448 1.092998 16.390022 15.297025 "" "" 1437.33301 1687.30762 7972.00837 4.2839 3796.7 20.157 6030.4 13.125 "" "" 0.002816414586273312 0.0064040455 0.004457337 0.010861382 79.99923800642 37.20680687804 1531.10803 1.77 -3.811 0.5930999708175659 0.02599989318847662 0.13083535 0.11683536 "" "" 4.308528515266236 "" 0.5635983403311143 ""
80.35170975206 37.45032375738 0.038 0.0286 8.7542 "" "" 187472023938963456 1519.02686 0.6172 0.0407 0.804 -0.696 0.047 0.035 0.953 5099.9 3.3208 15.934378 1.172358 16.441103 15.268745 "" "" 1435.49792 1600.4574 7965.18051 3.2692 3622.2 15.387 6189.6 13.926 "" "" 0.002791123721554679 0.005390474 0.0045001116 0.009890586 80.35170975206 37.45032375738 1519.02686 0.804 -0.6959999999999997 -0.37290002918243403 3.140999893188477 0.11983536 0.10783537 "" "" 22.774608783072296 "" 2.459914797071226 ""
79.66979508775 37.42002539754 0.0454 0.0343 23.9124 "" "" 187155025288850432 1773.24121 0.5473 0.0519 -0.675 -2.673 0.057 0.049 1.131 7092.9 4.3302 15.938733 1.452255 16.596996 15.144741 "" "" 1626.24377 1978.6239 7933.29329 3.6681 3137.7 13.279 6938.4 13.94 "" "" 0.002800679023794836 0.00537572 0.0043637217 0.009739442 79.66979508775 37.42002539754 1773.24121 -0.675 -2.673 -1.8519000291824341 1.1639998931884765 0.12983537 0.121835366 "" "" 18.384898466729275 "" 2.3462948513584516 ""
80.47897695435 37.51964654001 0.0376 0.0284 15.7794 "" "" 187473913723732224 1796.27222 0.5181 0.0421 -0.113 -3.307 0.052 0.035 0.935 5755.7 4.338 15.938772 1.041759 16.370964 15.329206 "" "" 1665.29883 1931.28186 7933.00853 3.3959 3863.9 16.503 5854.3 10.862 "" "" 0.0027942447530409486 0.005411951 0.004282731 0.009694682 80.47897695435 37.51964654001 1796.27222 -0.11300000000000016 -3.307000000000002 -1.289900029182434 0.5299998931884766 0.124835365 0.10783537 "" "" 11.873574698214 "" 1.4548180553435124 ""
80.19228557822 37.29312570477 0.042 0.03 7.7591 "" "" 187463369581256576 1649.26477 0.5794 0.0464 1.172 -3.831 0.049 0.037 1.041 5750.3 4.424 15.939552 1.35084 16.538818 15.187979 "" "" 1503.42346 1807.37598 7927.31175 17.882 3310.5 29.191 6667.6 44.293 "" "" 0.003686475241335718 0.009971997 0.008142779 0.018114775 80.19228557822 37.29312570477 1649.26477 1.1720000000000002 -3.8309999999999986 -0.004900029182434151 0.005999893188476602 0.121835366 0.109835364 "" "" 0.06055875442932288 "" 0.0069513791507352365 ""
80.31013041367 37.05208836841 0.0399 0.031 23.1253 "" "" 184455311924977920 1793.45178 0.5345 0.0482 0.399 -3.344 0.047 0.036 1.094 7123.5 4.3587 15.939634 1.21754 16.457916 15.240376 "" "" 1651.86987 1930.96582 7926.7108 3.862 3566.6 15.436 6353.4 11.425 "" "" 0.002805639814137877 0.00546494 0.004253903 0.009718843 80.31013041367 37.05208836841 1793.45178 0.399 -3.344 -0.7779000291824341 0.4929998931884767 0.11983536 0.10883536 "" "" 7.829091729255003 "" 0.9143535025969263 ""
79.74845778514 37.5949958085 0.0446 0.0331 22.6743 "" "" 187158491324514048 1397.49146 0.6909 0.0503 1.136 -3.694 0.052 0.04 1.023 "" "" 15.940783 1.27568 16.493843 15.218163 "" "" 1312.7832 1502.42126 7918.33033 12.529 3450.5 31.924 6484.7 40.382 "" "" 0.0032470132653275637 0.010425524 0.0077457875 0.01817131 79.74845778514 37.5949958085 1397.49146 1.136 -3.694 -0.04090002918243418 0.1429998931884766 0.124835365 0.11283536 "" "" 0.9852298396217154 "" 0.11210636895205682 ""
80.63566510186 37.54934635758 0.0391 0.0294 23.3897 "" "" 184494619465507840 1678.92578 0.5645 0.0451 2.135 -8.631 0.058 0.038 1.042 6057.0 4.3928 15.942701 1.186136 16.451643 15.265507 "" "" 1566.29907 1784.11255 7904.34774 3.3129 3587.2 11.36 6208.1 13.306 "" "" 0.0027926451665945995 0.004427994 0.004438364 0.008866359 80.63566510186 37.54934635758 1678.92578 2.135 -8.631 0.9580999708175657 -4.794000106811524 0.13083535 0.11083536 "" "" 38.90562144256938 "" 4.344578092865858 ""
79.79091137598 37.7185481323 0.0425 0.0339 25.4098 "" "" 187537792774377728 1475.62097 0.6384 0.0508 1.01 -3.679 0.051 0.041 1.135 "" "" 15.943254 1.430981 16.574675 15.143694 "" "" 1365.39917 1607.22925 7900.32971 10.613 3202.9 18.272 6945.1 42.719 "" "" 0.003117549931240013 0.006793375 0.007673566 0.014466941 79.79091137598 37.7185481323 1475.62097 1.0100000000000002 -3.6790000000000025 -0.16690002918243407 0.15799989318847674 0.12383536 0.113835365 "" "" 1.60749879636199 "" 0.19163584402102754 ""
80.1241934474 37.71415823458 0.0421 0.0315 17.7099 "" "" 187493709229947008 1588.59399 0.6096 0.0451 1.069 -3.795 0.059 0.041 0.977 5626.9 4.5932 15.947257 1.079934 16.3975 15.317565 "" "" 1472.90576 1715.8114 7871.2563 6.0172 3770.7 16.488 5917.4 14.65 "" "" 0.0028776168282449786 0.005506756 0.0046377936 0.010144549 80.1241934474 37.71415823458 1588.59399 1.068999999999999 -3.7949999999999986 -0.10790002918243413 0.041999893188476634 0.13183537 0.113835365 "" "" 0.8718614231260366 "" 0.11300183908875573 ""
80.01927556851 37.7454077625 0.0391 0.0314 20.7462 "" "" 187494636942902016 1455.12598 0.6702 0.0439 4.07 -7.048 0.051 0.039 1.075 5509.3 4.5819 15.956971 1.085631 16.41178 15.326148 "" "" 1361.82141 1532.052 7801.14461 3.5883 3721.4 11.713 5870.8 14.805 "" "" 0.002800213715526417 0.004411706 0.004666952 0.009078657 80.01927556851 37.7454077625 1455.12598 4.07 -7.047999999999999 2.893099970817566 -3.2110001068115235 0.12383536 0.11183536 "" "" 29.810808563441068 "" 3.4987129656141063 ""
80.14606497939 37.00778534895 0.0378 0.0288 24.8466 "" "" 184082508763299456 1264.35388 0.752 0.0439 1.781 -7.991 0.049 0.035 0.97 5471.5 4.5082 15.957417 1.340454 16.55462 15.214167 "" "" 1205.76208 1331.23254 7797.9476 3.3898 3262.6 17.803 6508.7 16.764 "" "" 0.002795451458944226 0.006548669 0.0047014765 0.011250146 80.14606497939 37.00778534895 1264.35388 1.7810000000000008 -7.991000000000006 0.6040999708175658 -4.154000106811523 0.121835366 0.10783537 "" "" 25.156950479547685 "" 2.7205656707280514 ""
80.4973636243 37.22351483669 0.0397 0.0297 19.5589 "" "" 184463180305002368 1772.96436 0.5321 0.044 0.794 -3.091 0.049 0.036 1.029 7332.1 4.2903 15.957788 1.326636 16.540451 15.213815 "" "" 1653.77649 1898.06226 7795.27862 3.4592 3305.5 11.18 6510.8 11.949 "" "" 0.0027971275016697816 0.00461197 0.0042724945 0.008884464 80.4973636243 37.22351483669 1772.96436 0.7939999999999998 -3.0909999999999984 -0.38290002918243404 0.7459998931884764 0.121835366 0.10883536 "" "" 7.046859747669815 "" 0.7869298876865787 ""
80.30544147851 37.37330877466 0.0393 0.0295 7.0014 "" "" 187465328086326016 1755.50085 0.5343 0.0427 0.145 -6.147 0.05 0.038 0.991 5682.8 4.4894 15.962182 1.101368 16.429274 15.327906 "" "" 1655.3363 1894.92615 7763.79081 3.7924 3661.9 16.802 5861.3 12.042 "" "" 0.0028058979210131268 0.0057098623 0.004388561 0.010098424 80.30544147851 37.37330877466 1755.50085 0.14500000000000013 -6.147 -1.031900029182434 -2.3100001068115237 0.12283537 0.11083536 "" "" 21.05234716320231 "" 2.3772324480277924 ""
80.03655356438 37.28970593609 0.0385 0.0324 10.1941 "" "" 187091700291485824 1758.25635 0.5431 0.0477 0.757 -4.486 0.047 0.037 1.048 5830.7 4.4974 15.964207 1.109482 16.423962 15.31448 "" "" 1622.18616 1899.90076 7749.32528 3.7047 3679.9 13.387 5934.3 10.28 "" "" 0.0028037845173740092 0.0048358776 0.004221519 0.009057397 80.03655356438 37.28970593609 1758.25635 0.7570000000000001 -4.486 -0.4199000291824341 -0.6490001068115232 0.11983536 0.109835364 "" "" 6.44222267534096 "" 0.7271874679196434 ""
80.58378842932 37.38024365802 0.0372 0.0279 19.8008 "" "" 184466788077485568 1541.49292 0.613 0.0421 -0.778 -7.247 0.048 0.035 1.02 6038.4 4.4241 15.967741 1.115964 16.435902 15.319938 "" "" 1449.43665 1644.43616 7724.14378 3.4361 3639.6 22.542 5904.5 19.622 "" "" 0.0027973327445102677 0.007280425 0.005225176 0.012505601 80.58378842932 37.38024365802 1541.49292 -0.7780000000000001 -7.246999999999998 -1.954900029182434 -3.4100001068115233 0.120835364 0.10783537 "" "" 28.719732552167496 "" 3.193421925876903 ""
79.88501038365 37.7281402097 0.0411 0.0328 22.9014 "" "" 187536177866638208 1670.58301 0.5685 0.0467 1.687 -2.592 0.051 0.042 1.002 5848.0 4.4942 15.969625 1.030683 16.401587 15.370904 "" "" 1547.97717 1800.13489 7710.75279 9.7259 3756.5 23.331 5633.7 25.947 "" "" 0.0030768943499400233 0.007297775 0.0062681115 0.013565887 79.88501038365 37.7281402097 1670.58301 1.687 -2.5920000000000005 0.510099970817566 1.2449998931884765 0.12383536 0.11483537 "" "" 10.654004767334607 "" 1.2376964211861308 ""
80.25070830989 37.68053097627 0.0385 0.0309 15.997 "" "" 187491132249547008 1761.98547 0.5422 0.0469 1.687 -4.488 0.051 0.037 0.983 5762.9 4.4826 15.971713 1.070381 16.425434 15.355053 "" "" 1618.09387 1937.95911 7695.93521 3.3249 3674.9 11.126 5716.6 14.661 "" "" 0.0027949633175225613 0.004311649 0.0046943873 0.009006036 80.25070830989 37.68053097627 1761.98547 1.6870000000000007 -4.4879999999999995 0.510099970817566 -0.6510001068115239 0.12383536 0.109835364 "" "" 6.907322055167225 "" 0.7968391106496203 ""
79.95115410911 37.38337262688 0.0396 0.0331 10.7524 "" "" 187104894430486272 1495.51685 0.6394 0.0514 0.483 -4.853 0.048 0.037 1.061 5605.5 4.6084 15.973082 1.199005 16.48769 15.288685 "" "" 1403.80115 1594.28674 7686.24433 4.0787 3470.1 16.786 6076.9 14.259 "" "" 0.002814912533203237 0.0059471973 0.00455785 0.010505047 79.95115410911 37.38337262688 1495.51685 0.48299999999999976 -4.853000000000001 -0.6939000291824341 -1.0160001068115232 0.120835364 0.109835364 "" "" 8.721621348996603 "" 0.9894678701772388 ""
80.32409183523 37.1149228034 0.0393 0.0301 19.7773 "" "" 184456029184663040 1662.70068 0.5771 0.0445 2.109 -2.719 0.048 0.037 0.966 6148.2 4.2738 15.975613 1.083922 16.424732 15.34081 "" "" 1544.76868 1793.16357 7668.34281 3.916 3677.3 11.308 5792.1 9.9983 "" "" 0.0028105530718490245 0.0043511093 0.0042185695 0.008569678 80.32409183523 37.1149228034 1662.70068 2.108999999999999 -2.7189999999999994 0.9320999708175659 1.1179998931884767 0.120835364 0.109835364 "" "" 11.471775675160504 "" 1.3132195675564398 ""
80.32297969382 37.32838033345 0.0405 0.0327 9.1235 "" "" 184462802347884416 1701.16406 0.5522 0.0461 -1.417 -2.765 0.052 0.039 1.032 5782.7 4.4445 15.984862 1.234263 16.517464 15.283201 "" "" 1571.55042 1863.32104 7603.29784 3.7563 3376.2 14.852 6107.7 10.111 "" "" 0.002807045799784265 0.0055314535 0.0041850107 0.009716464 80.32297969382 37.32838033345 1701.16406 -1.4169999999999998 -2.7650000000000015 -2.593900029182434 1.0719998931884764 0.124835365 0.11183536 "" "" 22.631783386036673 "" 2.7842641328108977 ""
79.68383227793 37.40173551243 0.0424 0.0318 23.2761 "" "" 187108089886245504 1581.50281 0.5956 0.0473 1.151 -3.644 0.052 0.04 1.046 6008.0 4.4551 15.986786 1.134103 16.464891 15.330789 "" "" 1458.40222 1737.03052 7589.83746 4.3627 3543.7 13.354 5845.8 18.206 "" "" 0.002825115508235228 0.004952285 0.005071243 0.010023528 79.68383227793 37.40173551243 1581.50281 1.1510000000000002 -3.644 -0.02590002918243406 0.19299989318847643 0.124835365 0.11283536 "" "" 1.459758989603489 "" 0.16503847277122655 ""
80.17865934673 37.46952131689 0.0397 0.0314 2.907 "" "" 187469863571608960 1514.23169 0.6295 0.0482 0.92 -3.414 0.048 0.038 0.927 5025.6 4.3069 15.988511 1.218986 16.51653 15.297544 "" "" 1421.16174 1600.36243 7577.78418 3.6082 3379.1 8.5167 6027.5 13.476 "" "" 0.0028034008639993327 0.003908126 0.00449179 0.008399917 80.17865934673 37.46952131689 1514.23169 0.9199999999999996 -3.4140000000000015 -0.25690002918243404 0.4229998931884764 0.120835364 0.11083536 "" "" 3.5521278727479433 "" 0.403580731098299 ""
79.8688103562 37.3300999841 0.0387 0.0293 15.4417 "" "" 187104275955252608 1709.63306 0.5757 0.047 2.275 -1.032 0.046 0.035 1.057 6042.7 4.4526 15.996099 1.047801 16.433447 15.385646 "" "" 1554.0686 1846.86243 7525.01342 3.6947 3647.9 14.486 5557.8 13.244 "" "" 0.0028064156284504658 0.0051355823 0.0045801373 0.009715719 79.8688103562 37.3300999841 1709.63306 2.274999999999998 -1.032 1.0980999708175658 2.8049998931884765 0.11883536 0.10783537 "" "" 24.410518132884604 "" 2.6695567618275935 ""
80.5256659211 37.11364046355 0.0453 0.0325 25.0354 "" "" 184444866564469632 1661.97437 0.571 0.0519 -1.07 -4.387 0.051 0.038 1.024 6021.2 4.4497 15.997592 1.175056 16.48317 15.308113 "" "" 1516.13159 1846.83496 7514.67073 3.6949 3484.6 20.494 5969.2 15.085 "" "" 0.0028065605808308782 0.0069685187 0.004670353 0.011638872 80.5256659211 37.11364046355 1661.97437 -1.0699999999999998 -4.387000000000001 -2.2469000291824344 -0.550000106811523 0.12383536 0.11083536 "" "" 18.22311300464835 "" 2.2439406747102337 ""
80.13875414345 37.09798192339 0.0425 0.0313 19.4681 "" "" 184084158030728192 1701.76562 0.5584 0.0465 1.186 -4.57 0.052 0.039 1.041 5909.7 4.3937 15.998942 1.257629 16.54567 15.28804 "" "" 1574.04346 1833.49402 7505.33205 3.9232 3289.6 10.748 6080.5 14.764 "" "" 0.002813163455928992 0.004513205 0.004607995 0.0091212 80.13875414345 37.09798192339 1701.76562 1.1859999999999995 -4.569999999999996 0.009099970817565861 -0.7330001068115237 0.124835365 0.11183536 "" "" 5.9131049917847545 "" 0.6613067627540153 ""
