Clusters/UBC_552/UBC_552_stars_in_region.tsv
# %ECSV 1.0
# ---
# datatype:
# - name: RA_ICRS_1
#   unit: deg
#   datatype: float64
#   format: '{:15.11f}'
#   description: Right ascension (ICRS) at Ep=2016.0 (ra)
#   meta: !!omap
#   - {ucd: POS_EQ_RA_MAIN}
#   - {width: 15}
#   - {precision: '11'}
# - name: DE_ICRS_1
#   unit: deg
#   datatype: float64
#   format: '{:15.11f}'
#   description: Declination (ICRS) at Ep=2016.0 (dec)
#   meta: !!omap
#   - {ucd: POS_EQ_DEC_MAIN}
#   - {width: 15}
#   - {precision: '11'}
# - name: e_RA_ICRS
#   unit: mas
#   datatype: float64
#   format: '{:7.4f}'
#   description: Standard error of right ascension (ra_error)
#   meta: !!omap
#   - {ucd: ERROR}
#   - {width: 7}
#   - {precision: '4'}
# - name: e_DE_ICRS
#   unit: mas
#   datatype: float64
#   format: '{:7.4f}'
#   description: Standard error of declination (dec_error)
#   meta: !!omap
#   - {ucd: ERROR}
#   - {width: 7}
#   - {precision: '4'}
# - name: _r_1
#   unit: ''
#   datatype: float64
#   format: '{:7.4f}'
#   description: Distance from center (254.68850988000-42.03529534000)[ICRS], at Epoch=J2016.0
#   meta: !!omap
#   - {ucd: POS_ANG_DIST_GENERAL}
#   - {width: 7}
#   - {precision: '4'}
# - name: HIP
#   datatype: int32
#   description: '? HIP cross-id number, van Leeuwen, Cat. I/311 (hip_original_ext_source_id)'
#   meta: !!omap
#   - {ucd: ID_NUMBER}
#   - {width: 6}
#   - values: {'null': -2147483648}
# - name: TYC2
#   datatype: string
#   description: Tycho-2 cross-id name, Hog et al., Cat. I/259 (tyc2_original_ext_source_id)
#   meta: !!omap
#   - {ucd: ID_CROSSID}
#   - {_votable_string_dtype: char}
# - name: Source
#   datatype: int64
#   description: Source identifier, identical to the Gaia-EDR3 source_id (id)
#   meta: !!omap
#   - {ucd: ID_MAIN}
#   - {width: 19}
# - name: rgeo
#   unit: pc
#   datatype: float64
#   format: '{:15.8f}'
#   description: '? Median of the geometric distance posterior (r_med_geo)'
#   meta: !!omap
#   - {ucd: PHYS_DISTANCE_TRUE}
#   - {width: 15}
#   - {precision: '8'}
#   - values: {'null': .nan}
# - name: Plx
#   unit: mas
#   datatype: float64
#   format: '{:9.4f}'
#   description: '? Parallax (parallax)'
#   meta: !!omap
#   - {ucd: POS_PARLX_TRIG}
#   - {width: 9}
#   - {precision: '4'}
#   - values: {'null': .nan}
# - name: e_Plx
#   unit: mas
#   datatype: float32
#   format: '{:7.4f}'
#   description: '? Standard error of parallax (parallax_error)'
#   meta: !!omap
#   - {ucd: ERROR}
#   - {width: 7}
#   - {precision: '4'}
#   - values: {'null': .nan}
# - name: pmRA
#   unit: mas / yr
#   datatype: float64
#   format: '{:9.3f}'
#   description: '? Proper motion in right ascension direction, pmRA*cosDE (pmra)'
#   meta: !!omap
#   - {ucd: POS_EQ_PMRA}
#   - {width: 9}
#   - {precision: '3'}
#   - values: {'null': .nan}
# - name: pmDE
#   unit: mas / yr
#   datatype: float64
#   format: '{:9.3f}'
#   description: '? Proper motion in declination direction (pmdec)'
#   meta: !!omap
#   - {ucd: POS_EQ_PMDEC}
#   - {width: 9}
#   - {precision: '3'}
#   - values: {'null': .nan}
# - name: e_pmRA
#   unit: mas / yr
#   datatype: float32
#   format: '{:6.3f}'
#   description: '? Standard error of proper motion in right ascension direction (pmra_error)'
#   meta: !!omap
#   - {ucd: ERROR}
#   - {width: 6}
#   - {precision: '3'}
#   - values: {'null': .nan}
# - name: e_pmDE
[...]
#         value: !astropy.table.SerializedColumn {name: SkyCoord.dec}
#       distance: !astropy.table.SerializedColumn
#         __class__: astropy.coordinates.distances.Distance
#         unit: !astropy.units.Unit {unit: pc}
#         value: !astropy.table.SerializedColumn {name: SkyCoord.distance}
#       frame: icrs
#       obstime: !astropy.time.Time {format: jyear_str, in_subfmt: '*', jd1: 367701545.0, jd2: 0.0, out_subfmt: '*', precision: 3, scale: tt}
#       pm_dec: !astropy.table.SerializedColumn
#         __class__: astropy.units.quantity.Quantity
#         unit: !astropy.units.Unit {unit: mas / yr}
#         value: !astropy.table.SerializedColumn {name: SkyCoord.pm_dec}
#       pm_ra_cosdec: !astropy.table.SerializedColumn
#         __class__: astropy.units.quantity.Quantity
#         unit: !astropy.units.Unit {unit: mas / yr}
#         value: !astropy.table.SerializedColumn {name: SkyCoord.pm_ra_cosdec}
#       ra: !astropy.table.SerializedColumn
#         __class__: astropy.coordinates.angles.Longitude
#         unit: *id001
#         value: !astropy.table.SerializedColumn {name: SkyCoord.ra}
#         wrap_angle: !astropy.coordinates.Angle
#           unit: *id001
#           value: 360.0
#       representation_type: spherical
# schema: astropy-2.0
RA_ICRS_1 DE_ICRS_1 e_RA_ICRS e_DE_ICRS _r_1 HIP TYC2 Source rgeo Plx e_Plx pmRA pmDE e_pmRA e_pmDE RUWE Teff logg Gmag BP-RP BPmag RPmag RV e_RV b_rgeo B_rgeo FG e_FG FBP e_FBP FRP e_FRP RAVE5 RAVE6 e_Gmag e_BPmag e_RPmag e_BP-RP SkyCoord.ra SkyCoord.dec SkyCoord.distance SkyCoord.pm_ra_cosdec SkyCoord.pm_dec rmRA rmDE e_rmRA e_rmDE rRV e_rRV v_pec v_pec3d e_vpec e_vpec3d
[from data line 491]
254.99259677032 -42.02787417812 0.06 0.0383 13.5594 "" "" 5966359802139886464 2585.4856 0.3817 0.0709 0.269 -1.166 0.083 0.062 1.058 8269.6 3.9709 16.660559 2.140493 17.762194 15.6217 "" "" 2157.91357 3301.26343 4080.59592 2.614 1072.9 5.8577 4471.8 10.424 "" "" 0.002841747722878638 0.0065516136 0.004548541 0.011100154 254.99259677032 -42.02787417812 2585.4856 0.269 -1.166 0.5072272779941559 -0.7964545402526855 0.18726057 0.16626057 "" "" 11.572047471000708 "" 1.9971348812342773 ""
254.97843215487 -42.08428650157 0.0593 0.0381 13.2454 "" "" 5966356293140947200 2316.41357 0.4274 0.0699 -1.758 -5.836 0.086 0.063 1.018 7121.0 4.3079 16.661886 1.856208 17.58009 15.723882 "" "" 1980.19739 2734.07544 4075.60329 2.5664 1268.8 5.7749 4070.1 10.233 "" "" 0.002838875843496557 0.0056749764 0.0046621067 0.010337083 254.97843215487 -42.08428650157 2316.41357 -1.758 -5.836 -1.5197727220058441 -5.466454540252686 0.19026057 0.16726057 "" "" 62.29702457005134 "" 10.529134206366258 ""
254.44345549731 -42.05175065711 0.0575 0.0389 10.9637 "" "" 5966463018785927424 2305.54785 0.4088 0.0624 1.036 -1.361 0.079 0.06 1.023 8362.3 4.2164 16.665094 1.676921 17.43174 15.754819 "" "" 2030.74121 2703.85205 4063.58303 2.4685 1454.5 8.7942 3955.8 9.0226 "" "" 0.0028331601959382625 0.0071329344 0.004518441 0.011651375 254.44345549731 -42.05175065711 2305.54785 1.036 -1.361 1.274227277994156 -0.9914545402526855 0.18326057 0.16426057 "" "" 17.64382661576022 "" 3.1112442837747456 ""
254.63573457374 -42.25027525653 0.0534 0.0345 13.1107 "" "" 5966268645743795712 2399.24658 0.406 0.0579 -2.589 -3.263 0.079 0.061 0.916 "" "" 16.666386 "" "" "" "" "" 2089.67456 2793.10913 4058.75146 4.1562 "" "" "" "" "" "" 0.0029711778418111336 "" "" "" 254.63573457374 -42.25027525653 2399.24658 -2.5889999999999995 -3.262999999999999 -2.350772722005844 -2.8934545402526854 0.18326057 0.16526057 "" "" 42.39676162636745 "" 7.319484331326503 ""
254.67683246596 -41.98935926498 0.0673 0.0448 2.8049 "" "" 5966279258607777536 2553.01733 0.3803 0.0697 -1.672 -4.104 0.106 0.085 1.013 "" "" 16.671432 2.211455 17.823204 15.611749 "" "" 2087.52905 3075.34937 4039.9304 2.4061 1014.2 6.1957 4512.9 10.414 "" "" 0.0028301829697358312 0.007195687 0.004534426 0.011730113 254.67683246596 -41.98935926498 2553.01733 -1.6719999999999997 -4.103999999999999 -1.433772722005844 -3.7344545402526856 0.21026057 0.18926057 "" "" 48.40801438142211 "" 9.298547266523634 ""
254.8621331602 -41.88798667415 0.0597 0.0364 11.7526 "" "" 5966362787131636864 3007.34155 0.3152 0.0692 -0.672 -2.601 0.074 0.06 0.965 7778.3 3.838 16.672428 2.186151 17.805971 15.619821 "" "" 2442.80591 3696.56494 4036.2235 2.2978 1030.5 6.8093 4479.5 11.548 "" "" 0.0028237991377793436 0.007697756 0.004702986 0.012400743 254.8621331602 -41.88798667415 3007.34155 -0.6720000000000003 -2.601000000000001 -0.43377272200584416 -2.2314545402526855 0.17826056 0.16426057 "" "" 32.40435354399836 "" 5.339952155418882 ""
254.78090761904 -41.99810034762 0.1237 0.0812 4.6846 "" "" 5966278713154401664 2343.04907 0.5266 0.1436 0.268 0.63 0.193 0.156 2.029 9360.0 4.1606 16.673203 1.863997 17.490356 15.62636 "" "" 1642.13867 3337.94946 4033.35101 6.5715 1378.1 7.6864 4452.6 9.5246 "" "" 0.0032743056583659867 0.006667603 0.0044359635 0.011103567 254.78090761904 -41.99810034762 2343.04907 0.268 0.63 0.5062272779941559 0.9995454597473145 0.29726058 0.26026058 "" "" 12.443523768236648 "" 3.3377090613147495 ""
254.81126695605 -41.9782702353 0.0582 0.038 6.4545 "" "" 5966372339138833920 2385.40308 0.4092 0.0686 -1.386 -2.209 0.09 0.069 0.914 8282.8 4.107 16.673304 2.115465 17.764442 15.648977 "" "" 2016.08325 2731.41455 4032.97484 2.3044 1070.6 6.1469 4360.8 7.5498 "" "" 0.002824297913832453 0.006829742 0.0042210286 0.01105077 254.81126695605 -41.9782702353 2385.40308 -1.3859999999999997 -2.209 -1.147772722005844 -1.8394545402526856 0.19426057 0.17326057 "" "" 24.51512424494584 "" 4.39785682319893 ""
254.55737243751 -42.06921317099 0.0681 0.0439 6.1867 "" "" 5966280289410197120 2724.13086 0.3305 0.0695 -1.02 -4.889 0.102 0.077 1.048 4661.2 2.9206 16.676086 3.66442 18.909174 15.244754 "" "" 2289.82666 3307.54517 4022.6473 3.9517 373.03 7.0255 6327.9 27.213 "" "" 0.002954555352637436 0.020637808 0.0060070804 0.02664489 254.55737243751 -42.06921317099 2724.13086 -1.0199999999999998 -4.888999999999999 -0.7817727220058441 -4.519454540252686 0.20626056 0.18126057 "" "" 59.22355509935497 "" 10.78077863140625 ""
255.01050705235 -41.92232268634 0.0736 0.0443 15.8814 "" "" 5966362001163206528 2754.05542 0.3337 0.0826 -1.836 -3.977 0.099 0.071 0.972 7115.1 3.4324 16.67728 3.58292 18.89821 15.31529 "" "" 2282.23071 3689.90161 4018.22512 3.2689 376.82 7.9545 5929.8 10.118 "" "" 0.002893432006216451 0.023088614 0.0042090155 0.027297629 255.01050705235 -41.92232268634 2754.05542 -1.8359999999999999 -3.9769999999999985 -1.5977727220058442 -3.6074545402526854 0.20326057 0.17526057 "" "" 51.50483292386614 "" 9.278650539372908 ""
254.88320313819 -42.10519887693 0.062 0.0424 9.6326 "" "" 5966266201907136000 2711.77344 0.3629 0.0696 -1.264 -3.819 0.101 0.078 1.047 9387.9 4.1801 16.677847 1.914009 17.615606 15.701597 "" "" 2306.28076 3232.91528 4016.13267 2.287 1227.9 7.914 4154.5 8.2487 "" "" 0.0028238368628736125 0.0075334795 0.004350957 0.011884436 254.88320313819 -42.10519887693 2711.77344 -1.2639999999999998 -3.8189999999999973 -1.0257727220058441 -3.4494545402526855 0.20526057 0.18226057 "" "" 46.2575360351608 "" 8.522322904440673 ""
254.41584193498 -42.16559135653 0.0558 0.0371 14.4383 "" "" 5966460437509205504 2388.57666 0.4062 0.0608 -0.755 -1.849 0.074 0.057 1.049 6458.0 4.0423 16.678617 2.074418 17.68212 15.607701 "" "" 2050.42139 2731.05566 4013.28408 2.4945 1155.0 12.964 4529.8 33.156 "" "" 0.002836761054076494 0.012501896 0.008799986 0.021301882 254.41584193498 -42.16559135653 2388.57666 -0.7549999999999999 -1.8490000000000006 -0.5167727220058441 -1.4794545402526855 0.17826056 0.16126058 "" "" 17.74261141735215 "" 2.8955060584591226 ""
254.72590764778 -41.909366831 0.0941 0.0608 7.7377 "" "" 5966373614755270528 2649.60156 0.337 0.1017 -4.691 -5.936 0.14 0.112 0.944 4457.8 2.3946 16.683668 4.434862 19.631325 15.196463 "" "" 2167.77441 3331.35303 3994.65905 4.392 191.82 6.3673 6615.7 10.49 "" "" 0.0030027963704106794 0.036147922 0.0041530137 0.040300936 254.72590764778 -41.909366831 2649.60156 -4.691 -5.935999999999998 -4.452772722005844 -5.5664545402526855 0.24426058 0.21626058 "" "" 89.52506104869303 "" 20.375584557434756 ""
254.66580956283 -41.86445666622 0.0634 0.0409 10.3003 "" "" 5966376908986640768 2683.79077 0.3513 0.067 -5.83 -7.069 0.1 0.073 0.976 5466.1 3.7711 16.684671 1.840143 17.578585 15.738441 "" "" 2295.67139 3228.06226 3990.96574 2.1936 1270.5 7.4905 4015.9 10.59 "" "" 0.002819205292437249 0.0069828527 0.0047414238 0.0117242765 254.66580956283 -41.86445666622 2683.79077 -5.830000000000002 -7.069000000000006 -5.591772722005844 -6.6994545402526855 0.20426057 0.17726058 "" "" 111.01040813324485 "" 20.960398511695647 ""
254.38002986667 -41.98865406593 0.0554 0.0364 14.034 "" "" 5966464152667720960 2703.8269 0.3451 0.0597 -0.755 -0.966 0.078 0.059 1.009 8775.5 4.3873 16.688442 1.780626 17.544357 15.763731 "" "" 2302.74023 3220.85376 3977.13268 2.8909 1311.2 7.7163 3923.4 11.307 "" "" 0.0028661169965517575 0.0069721094 0.0049065803 0.01187869 254.38002986667 -41.98865406593 2703.8269 -0.7550000000000001 -0.966 -0.5167727220058441 -0.5964545402526855 0.18226057 0.16326058 "" "" 10.114297752815789 "" 1.7362736223816169 ""
254.49879432133 -42.10514736967 0.0565 0.036 9.4321 "" "" 5966274693064740864 2369.04639 0.4034 0.0612 -0.676 -1.171 0.077 0.06 0.991 8147.2 4.2066 16.689148 2.259819 17.863602 15.603783 "" "" 2125.71338 2816.60229 3974.54631 2.3074 977.18 6.5597 4546.2 20.348 "" "" 0.0028264978369393606 0.0078042424 0.006156225 0.013960468 254.49879432133 -42.10514736967 2369.04639 -0.676 -1.171 -0.43777272200584416 -0.8014545402526856 0.18126057 0.16426057 "" "" 10.25482491546441 "" 1.7260832328527662 ""
254.6333871903 -41.91799966177 0.0762 0.0543 7.4549 "" "" 5966282797660853120 2368.25708 0.4092 0.0857 -3.182 -0.66 0.132 0.1 1.3 5514.5 4.0904 16.689287 2.21949 17.768858 15.549368 "" "" 1938.80212 2916.44849 3974.03536 2.8651 1066.3 21.969 4779.8 33.95 "" "" 0.002864352129334646 0.02254278 0.008588085 0.031130865 254.6333871903 -41.91799966177 2368.25708 -3.181999999999999 -0.66 -2.943772722005844 -0.2904545402526856 0.23626056 0.20426057 "" "" 33.20589764022073 "" 7.835687210758469 ""
254.51944598056 -42.05894520289 0.0633 0.0439 7.6652 "" "" 5966275242820832768 2686.44482 0.3445 0.0684 0.134 -0.788 0.088 0.071 1.113 "" "" 16.692781 1.939985 17.6137 15.673716 "" "" 2286.81763 3284.97388 3961.26843 4.2631 1230.1 8.3625 4262.6 9.3037 "" "" 0.0029928412892795964 0.007890844 0.0044608875 0.012351731 254.51944598056 -42.05894520289 2686.44482 0.1340000000000001 -0.788 0.3722272779941559 -0.4184545402526856 0.19226056 0.17526057 "" "" 7.131551122224723 "" 1.3048236331330345 ""
254.71883863361 -41.90995764354 0.0653 0.0416 7.641 "" "" 5966373717834540800 2439.70264 0.3961 0.0698 -2.036 -7.879 0.104 0.075 0.972 6916.3 4.1767 16.695143 1.993827 17.699013 15.705186 "" "" 2043.97729 2895.97363 3952.65876 2.1848 1137.1 10.566 4140.8 9.7574 "" "" 0.002819919788852756 0.0104674455 0.0045639137 0.015031359 254.71883863361 -41.90995764354 2439.70264 -2.0360000000000005 -7.8790000000000004 -1.7977727220058441 -7.509454540252685 0.20826057 0.17926058 "" "" 89.29464330815948 "" 16.15802093641224 ""
254.91253992317 -42.27122732473 0.0748 0.0539 17.3116 "" "" 5966262491068686208 2649.78711 0.3623 0.0882 0.088 -1.762 0.135 0.106 0.949 7141.1 3.0857 16.6952 3.482961 18.83646 15.353499 "" "" 2213.38916 3128.43823 3952.455 2.9865 398.87 6.369 5724.8 8.6854 "" "" 0.0028748613386555956 0.0175597 0.0041227527 0.021682452 254.91253992317 -42.27122732473 2649.78711 0.08800000000000002 -1.762 0.32622727799415585 -1.3924545402526856 0.23926058 0.21026057 "" "" 17.962780155893 "" 3.8057279508299025 ""
254.39677130152 -42.16178482092 0.0569 0.0386 15.0429 "" "" 5966460476175536000 2455.65723 0.3934 0.0577 -0.926 -1.59 0.075 0.057 0.968 "" "" 16.69583 2.037637 17.726408 15.688771 "" "" 2102.66772 2882.09106 3950.16508 2.2739 1108.8 6.7388 4203.9 13.549 "" "" 0.002825316814554472 0.0071642823 0.0051506036 0.012314886 254.39677130152 -42.16178482092 2455.65723 -0.9259999999999999 -1.5899999999999999 -0.6877727220058442 -1.2204545402526856 0.17926058 0.16126058 "" "" 16.306299435651752 "" 2.703225387066205 ""
254.7056516259 -42.0334632216 0.0801 0.0579 0.7718 "" "" 5966278953672561792 2483.56885 0.3756 0.0928 -3.804 -4.797 0.135 0.115 0.981 4873.0 2.8197 16.696396 3.5104 18.856857 15.346457 "" "" 2104.29126 3311.44849 3948.10323 3.4112 391.45 5.3636 5762.0 12.883 "" "" 0.0029106349911920022 0.015136016 0.0044918507 0.019627865 254.7056516259 -42.0334632216 2483.56885 -3.8040000000000003 -4.797 -3.565772722005844 -4.427454540252685 0.23926058 0.21926057 "" "" 66.92226966913576 "" 15.214065837137234 ""
254.76837181959 -41.82237704896 0.063 0.0396 13.2632 "" "" 5966375710699032704 2523.19946 0.3842 0.075 -0.549 -3.275 0.089 0.066 1.015 "" "" 16.697289 1.934382 17.661165 15.726783 "" "" 2136.06421 3052.36841 3944.85496 2.5462 1177.5 6.2774 4059.2 7.3349 "" "" 0.00284304259655495 0.0064255944 0.0042582625 0.010683857 254.76837181959 -41.82237704896 2523.19946 -0.5489999999999998 -3.2749999999999986 -0.31077272200584416 -2.9054545402526855 0.19326058 0.17026058 "" "" 34.94735008410591 "" 5.959854237016855 ""
254.29616314662 -42.02937211249 0.0587 0.0391 17.4889 "" "" 5966462400320916992 2390.90186 0.3944 0.0628 -0.352 -3.973 0.081 0.063 1.079 "" "" 16.69816 1.911545 17.63469 15.723145 "" "" 2109.09277 2744.44238 3941.68931 2.4002 1206.5 7.473 4072.9 9.3368 "" "" 0.0028335291080432553 0.007280838 0.0045253364 0.011806175 254.29616314662 -42.02937211249 2390.90186 -0.352 -3.973 -0.1137727220058441 -3.6034545402526854 0.18526056 0.16726057 "" "" 40.85784896474986 "" 6.834678975746292 ""
254.7822254871 -42.05647346097 0.0767 0.0447 4.3647 "" "" 5966277987297428224 2547.96948 0.3766 0.0742 -0.159 -0.61 0.123 0.084 1.074 8018.3 4.0629 16.699917 1.984812 17.691488 15.706677 "" "" 2182.62036 3169.27637 3935.31905 2.9891 1145.0 7.4932 4135.1 9.5052 "" "" 0.002876088390916491 0.0076335575 0.0045290673 0.012162625 254.7822254871 -42.05647346097 2547.96948 -0.15900000000000003 -0.6099999999999999 0.07922727799415588 -0.24045454025268553 0.22726057 0.18826057 "" "" 3.057636236056991 "" 0.5883789654402545 ""
254.8373304217 -41.81162372128 0.0623 0.0391 14.9747 "" "" 5966375362795951488 2621.32861 0.3637 0.0732 -1.339 -2.462 0.081 0.067 1.068 "" "" 16.702477 2.33527 17.895264 15.559994 "" "" 2185.61377 3134.51001 3926.0499 2.7349 949.1 7.2534 4733.3 23.47 "" "" 0.0028572400746897752 0.008754181 0.0065777623 0.015331943 254.8373304217 -41.81162372128 2621.32861 -1.339 -2.4619999999999997 -1.100772722005844 -2.0924545402526857 0.18526056 0.17126057 "" "" 29.377057941370076 "" 5.123083695258628 ""
254.4130659962 -42.16866948074 0.0813 0.0461 14.6422 "" "" 5966460407456056320 2587.1167 0.3611 0.0666 0.832 -0.183 0.107 0.072 1.083 "" "" 16.703629 "" "" "" "" "" 2212.48633 3063.0979 3921.88647 4.6737 "" "" "" "" "" "" 0.003043991569060219 "" "" "" 254.4130659962 -42.16866948074 2587.1167 0.8319999999999999 -0.18299999999999994 1.0702272779941557 0.18654545974731446 0.21126057 0.17626056 "" "" 13.32200287845769 "" 2.801775904684176 ""
255.02345349721 -42.03114778998 0.0645 0.0392 14.929 "" "" 5966356812842629248 2667.95142 0.3761 0.0745 -1.654 -1.79 0.087 0.063 1.046 8409.6 4.24 16.709486 1.876183 17.612282 15.736099 "" "" 2199.729 3202.00171 3900.78657 2.4731 1231.7 9.0691 4024.6 10.749 "" "" 0.0028400043718474427 0.008467278 0.004763678 0.013230957 255.02345349721 -42.03114778998 2667.95142 -1.654 -1.79 -1.415772722005844 -1.4204545402526856 0.19126058 0.16726057 "" "" 25.361963904583085 "" 4.5555728263805 ""
254.41855609386 -41.90827595894 0.0676 0.0431 14.2512 "" "" 5966469959463701888 2454.07129 0.3694 0.0756 -1.992 -3.008 0.108 0.078 0.96 6975.2 3.0742 16.711538 4.044848 19.321842 15.276994 "" "" 2093.0769 2886.1604 3893.41942 3.2335 255.08 6.0449 6142.7 13.535 "" "" 0.0028991148524089906 0.02588068 0.0044729216 0.030353602 254.41855609386 -41.90827595894 2454.07129 -1.992 -3.008 -1.753772722005844 -2.6384545402526856 0.21226057 0.18226057 "" "" 36.85284021978241 "" 7.073993362395622 ""
255.03537241538 -42.02426362845 0.0693 0.0424 15.4731 "" "" 5966358286006708224 2593.29614 0.3554 0.0802 0.466 -1.698 0.098 0.073 0.983 8566.7 3.8734 16.712563 2.684975 18.213116 15.528141 "" "" 2140.66138 3107.35449 3889.74905 3.7788 708.22 7.0942 4874.2 17.084 "" "" 0.0029503090232493967 0.0112279635 0.005363345 0.016591309 255.03537241538 -42.02426362845 2593.29614 0.4660000000000002 -1.6980000000000008 0.7042272779941559 -1.3284545402526855 0.20226057 0.17726058 "" "" 18.482238331847082 "" 3.382941446330868 ""
254.92485719637 -42.06685161977 0.0573 0.0425 10.6988 "" "" 5966359385517411328 2526.31323 0.3929 0.0709 -0.168 -0.344 0.083 0.068 0.945 9236.3 3.593 16.71265 1.929989 17.659903 15.729914 "" "" 2113.00293 2963.86768 3889.43568 2.283 1178.8 9.9675 4047.6 7.8208 "" "" 0.0028280629671390734 0.009595218 0.0043225884 0.013917807 254.92485719637 -42.06685161977 2526.31323 -0.16800000000000004 -0.344 0.07022727799415587 0.02554545974731448 0.18726057 0.17226058 "" "" 0.8948606167763702 "" 0.16605956866726676 ""
