Clusters/UBC_552/UBC_552_members.tsv
# %ECSV 1.0
# ---
# datatype:
# - name: RA_ICRS_1
#   unit: deg
#   datatype: float64
#   format: '{:15.11f}'
#   description: Right ascension (ICRS) at Ep=2016.0 (ra)
#   meta: !!omap
#   - {ucd: POS_EQ_RA_MAIN}
#   - {width: 15}
#   - {precision: '11'}
# - name: DE_ICRS_1
#   unit: deg
#   datatype: float64
#   format: '{:15.11f}'
#   description: Declination (ICRS) at Ep=2016.0 (dec)
#   meta: !!omap
#   - {ucd: POS_EQ_DEC_MAIN}
#   - {width: 15}
#   - {precision: '11'}
# - name: e_RA_ICRS
#   unit: mas
#   datatype: float64
#   format: '{:7.4f}'
#   description: Standard error of right ascension (ra_error)
#   meta: !!omap
#   - {ucd: ERROR}
#   - {width: 7}
#   - {precision: '4'}
# - name: e_DE_ICRS
#   unit: mas
#   datatype: float64
#   format: '{:7.4f}'
#   description: Standard error of declination (dec_error)
#   meta: !!omap
#   - {ucd: ERROR}
#   - {width: 7}
#   - {precision: '4'}
# - name: _r_1
#   unit: ''
#   datatype: float64
#   format: '{:7.4f}'
#   description: Distance from center (254.68850988000-42.03529534000)[ICRS], at Epoch=J2016.0
#   meta: !!omap
#   - {ucd: POS_ANG_DIST_GENERAL}
#   - {width: 7}
#   - {precision: '4'}
# - name: HIP
#   datatype: int32
#   description: '? HIP cross-id number, van Leeuwen, Cat. I/311 (hip_original_ext_source_id)'
#   meta: !!omap
#   - {ucd: ID_NUMBER}
#   - {width: 6}
#   - values: {'null': -2147483648}
# - name: TYC2
#   datatype: string
#   description: Tycho-2 cross-id name, Hog et al., Cat. I/259 (tyc2_original_ext_source_id)
#   meta: !!omap
#   - {ucd: ID_CROSSID}
#   - {_votable_string_dtype: char}
# - name: Source
#   datatype: int64
#   description: Source identifier, identical to the Gaia-EDR3 source_id (id)
#   meta: !!omap
#   - {ucd: ID_MAIN}
#   - {width: 19}
# - name: rgeo
#   unit: pc
#   datatype: float64
#   format: '{:15.8f}'
#   description: '? Median of the geometric distance posterior (r_med_geo)'
#   meta: !!omap
#   - {ucd: PHYS_DISTANCE_TRUE}
#   - {width: 15}
#   - {precision: '8'}
#   - values: {'null': .nan}
# - name: Plx
#   unit: mas
#   datatype: float64
#   format: '{:9.4f}'
#   description: '? Parallax (parallax)'
#   meta: !!omap
#   - {ucd: POS_PARLX_TRIG}
#   - {width: 9}
#   - {precision: '4'}
#   - values: {'null': .nan}
# - name: e_Plx
#   unit: mas
#   datatype: float32
#   format: '{:7.4f}'
#   description: '? Standard error of parallax (parallax_error)'
#   meta: !!omap
#   - {ucd: ERROR}
#   - {width: 7}
#   - {precision: '4'}
#   - values: {'null': .nan}
# - name: pmRA
#   unit: mas / yr
#   datatype: float64
#   format: '{:9.3f}'
#   description: '? Proper motion in right ascension direction, pmRA*cosDE (pmra)'
#   meta: !!omap
#   - {ucd: POS_EQ_PMRA}
#   - {width: 9}
#   - {precision: '3'}
#   - values: {'null': .nan}
# - name: pmDE
#   unit: mas / yr
#   datatype: float64
#   format: '{:9.3f}'
#   description: '? Proper motion in declination direction (pmdec)'
#   meta: !!omap
#   - {ucd: POS_EQ_PMDEC}
#   - {width: 9}
#   - {precision: '3'}
#   - values: {'null': .nan}
# - name: e_pmRA
#   unit: mas / yr
#   datatype: float32
#   format: '{:6.3f}'
#   description: '? Standard error of proper motion in right ascension direction (pmra_error)'
#   meta: !!omap
#   - {ucd: ERROR}
#   - {width: 6}
#   - {precision: '3'}
#   - values: {'null': .nan}
# - name: e_pmDE
[...]
#         unit: &id001 !astropy.units.Unit {unit: deg}
#         value: !astropy.table.SerializedColumn {name: SkyCoord.dec}
#       distance: !astropy.table.SerializedColumn
#         __class__: astropy.coordinates.distances.Distance
#         unit: !astropy.units.Unit {unit: pc}
#         value: !astropy.table.SerializedColumn {name: SkyCoord.distance}
#       frame: icrs
#       obstime: !astropy.time.Time {format: jyear_str, in_subfmt: '*', jd1: 367701545.0, jd2: 0.0, out_subfmt: '*', precision: 3, scale: tt}
#       pm_dec: !astropy.table.SerializedColumn
#         __class__: astropy.units.quantity.Quantity
#         unit: !astropy.units.Unit {unit: mas / yr}
#         value: !astropy.table.SerializedColumn {name: SkyCoord.pm_dec}
#       pm_ra_cosdec: !astropy.table.SerializedColumn
#         __class__: astropy.units.quantity.Quantity
#         unit: !astropy.units.Unit {unit: mas / yr}
#         value: !astropy.table.SerializedColumn {name: SkyCoord.pm_ra_cosdec}
#       ra: !astropy.table.SerializedColumn
#         __class__: astropy.coordinates.angles.Longitude
#         unit: *id001
#         value: !astropy.table.SerializedColumn {name: SkyCoord.ra}
#         wrap_angle: !astropy.coordinates.Angle
#           unit: *id001
#           value: 360.0
#       representation_type: spherical
# schema: astropy-2.0
RA_ICRS_1 DE_ICRS_1 e_RA_ICRS e_DE_ICRS _r_1 HIP TYC2 Source rgeo Plx e_Plx pmRA pmDE e_pmRA e_pmDE RUWE Teff logg Gmag BP-RP BPmag RPmag RV e_RV b_rgeo B_rgeo FG e_FG FBP e_FBP FRP e_FRP RAVE5 RAVE6 e_Gmag e_BPmag e_RPmag e_BP-RP SkyCoord.ra SkyCoord.dec SkyCoord.distance SkyCoord.pm_ra_cosdec SkyCoord.pm_dec Pmemb
254.80999313416 -41.9212459359 0.0131 0.0085 8.7286 "" 7876-38-1 5966372961919842560 2499.97339 0.3763 0.0166 -0.134 -0.555 0.018 0.016 0.785 "" "" 11.469454 1.358399 12.067363 10.708963 -50.44 5.47 2408.5249 2601.2002 486592.25629 163.07 203460.0 111.9 412640.0 95.217 "" "" 0.0027792414133650943 0.0028533528 0.0037876768 0.0066410294 254.80999313416 -41.9212459359 2499.97339 -0.134 -0.5550000000000002 0.97
254.73494135769 -42.0695180281 0.013 0.0093 2.9147 "" "" 5966278090376228480 2416.68408 0.4088 0.0148 -0.546 -0.212 0.022 0.019 1.028 6996.1 2.6114 12.154315 1.458014 12.810344 11.35233 "" "" 2334.08643 2502.15747 258952.79667 57.528 102630.0 75.1 228150.0 67.017 "" "" 0.0027658576174178834 0.0029010803 0.0037928142 0.0066938945 254.73494135769 -42.0695180281 2416.68408 -0.546 -0.21200000000000002 0.9
254.73275667799 -42.10165079573 0.0128 0.0088 4.4424 "" "" 5966276406749049344 2552.09204 0.383 0.0145 -0.425 -0.486 0.021 0.016 0.969 22982.6 3.7719 12.44029 1.558375 13.16005 11.601675 "" "" 2472.35962 2656.64746 198989.66741 340.74 74370.0 235.39 181340.0 1057.2 "" "" 0.003323893391426544 0.0044265655 0.0073722242 0.01179879 254.73275667799 -42.10165079573 2552.09204 -0.42500000000000004 -0.4860000000000001 0.91
254.68498320011 -42.06018907235 0.0139 0.0097 1.5019 "" "" 5966277403181460736 2420.80273 0.3993 0.0165 -0.388 -0.385 0.022 0.019 0.937 "" "" 12.890971 1.644052 13.657237 12.013185 "" "" 2326.96948 2532.24146 131388.76956 47.273 47046.0 57.767 124130.0 105.01 "" "" 0.0027828745513978795 0.003092306 0.0038893914 0.0069816974 254.68498320011 -42.06018907235 2420.80273 -0.388 -0.3850000000000001 0.95
254.77577024159 -42.05886756452 0.0154 0.0096 4.1372 "" "" 5966277957240121216 2301.48193 0.3993 0.0163 -0.228 -0.389 0.025 0.018 0.97 "" "" 13.222713 1.508691 13.90641 12.397719 "" "" 2225.32129 2397.646 96796.89083 25.314 37398.0 22.924 87111.0 48.575 "" "" 0.002769911594039714 0.002868445 0.0038275674 0.0066960123 254.77577024159 -42.05886756452 2301.48193 -0.22799999999999992 -0.389 0.98
254.64651296058 -42.1239810634 0.0138 0.0095 5.6402 "" "" 5966276926447687168 2336.31396 0.3875 0.0166 -0.248 -0.358 0.023 0.018 0.955 "" "" 13.370721 1.380892 13.978731 12.597839 "" "" 2264.90356 2418.62769 84461.42941 22.728 34988.0 37.091 72447.0 47.331 "" "" 0.002770766928491627 0.003018251 0.003845371 0.006863622 254.64651296058 -42.1239810634 2336.31396 -0.248 -0.358 0.98
254.73725116241 -42.06760055161 0.0154 0.011 2.9108 "" "" 5966278090376637184 2618.11523 0.3377 0.0175 -0.271 -0.453 0.026 0.022 1.011 "" "" 13.507603 1.58509 14.210489 12.6254 "" "" 2515.58154 2746.81567 74457.00323 24.779 28263.0 43.127 70632.0 93.365 "" "" 0.0027789112739415073 0.0032449728 0.0040427065 0.0072876792 254.73725116241 -42.06760055161 2618.11523 -0.271 -0.45299999999999996 0.99
254.74798777913 -42.05798278265 0.017 0.0119 2.9793 "" "" 5966278056016904832 2279.5127 0.4001 0.0188 -0.165 -0.298 0.029 0.024 1.023 10306.4 3.2954 13.631331 1.597563 14.366793 12.76923 "" "" 2190.22583 2372.93335 66437.60697 40.243 24474.0 34.934 61868.0 140.89 "" "" 0.002832720344314592 0.0031916827 0.004516308 0.0077079907 254.74798777913 -42.05798278265 2279.5127 -0.16499999999999995 -0.29799999999999993 0.98
254.72994927861 -42.06995879467 0.0164 0.0119 2.781 "" "" 5966276612920790784 2449.89673 0.3674 0.0187 -0.212 -0.358 0.028 0.024 1.014 "" "" 13.709537 1.380894 14.319179 12.938285 "" "" 2350.24146 2598.75146 61820.41673 24.667 25571.0 32.479 52947.0 58.361 "" "" 0.0027891699729703737 0.0031123657 0.003964335 0.007076701 254.72994927861 -42.06995879467 2449.89673 -0.21200000000000002 -0.358 0.99
254.75179943388 -41.86614539808 0.0172 0.0122 10.5346 "" "" 5966374160205055616 2591.5415 0.3442 0.0217 -0.058 -0.444 0.025 0.021 1.02 "" "" 14.03294 1.552478 14.741606 13.189128 -54.08 10.57 2466.44165 2727.91919 45895.57255 18.118 17329.0 27.433 42025.0 42.332 "" "" 0.002788457848857596 0.0032770878 0.0039344425 0.0072115306 254.75179943388 -41.86614539808 2591.5415 -0.057999999999999996 -0.44400000000000006 0.92
254.61565046218 -42.02354384285 0.0192 0.013 3.3229 "" "" 5966280598637559168 2396.05347 0.3766 0.0213 -0.219 -0.441 0.032 0.025 1.001 "" "" 14.230212 1.649888 15.003257 13.353369 81.38 6.89 2255.43481 2516.26685 38270.28288 19.025 13618.0 25.783 36125.0 52.97 "" "" 0.0028076880639450697 0.0034656387 0.0041010035 0.007566642 254.61565046218 -42.02354384285 2396.05347 -0.21900000000000008 -0.44100000000000006 0.96
254.73414616218 -42.08391508703 0.0216 0.0151 3.5557 "" "" 5966276612907875840 2337.1394 0.3855 0.0234 -0.198 -0.416 0.037 0.03 0.983 7465.9 3.5163 14.281179 1.49202 14.952138 13.460118 "" "" 2224.98682 2472.46362 36515.29664 12.209 14275.0 18.102 32742.0 40.285 "" "" 0.002779131576594994 0.003111376 0.0040085237 0.0071198996 254.73414616218 -42.08391508703 2337.1394 -0.19799999999999995 -0.4159999999999999 0.98
254.61952852816 -42.09500695321 0.0188 0.0129 4.7198 "" "" 5966279980162228992 2328.65942 0.3847 0.0216 -0.196 -0.363 0.031 0.023 0.915 "" "" 14.409729 1.443978 15.056047 13.612068 "" "" 2245.76123 2462.56519 32438.08387 17.369 12972.0 23.025 28466.0 52.342 "" "" 0.0028159841832118013 0.0033910146 0.0042742663 0.007665281 254.61952852816 -42.09500695321 2328.65942 -0.196 -0.363 0.97
254.70890298362 -41.96693254893 0.0214 0.0142 4.2013 "" "" 5966279503428408576 2351.91162 0.383 0.0236 -0.163 -0.4 0.033 0.027 0.949 "" "" 14.508099 1.42481 15.143462 13.718653 "" "" 2232.97534 2482.89404 29628.32864 7.7017 11968.0 12.181 25805.0 15.819 "" "" 0.0027697370629742547 0.003001034 0.0038375412 0.006838575 254.70890298362 -41.96693254893 2351.91162 -0.163 -0.4 0.98
254.81427925912 -42.06024112935 0.0245 0.0156 5.8001 "" "" 5966266549806973056 2420.12061 0.3731 0.0281 -0.137 -0.404 0.045 0.031 1.035 8392.8 3.1129 14.630798 1.489863 15.305131 13.815268 "" "" 2287.11328 2606.5752 26462.29621 6.5837 10313.0 12.533 23608.0 17.764 "" "" 0.002768529863862377 0.003086423 0.0038666737 0.006953097 254.81427925912 -42.06024112935 2420.12061 -0.137 -0.4039999999999999 0.97
254.77214564772 -42.06296521027 0.0283 0.017 4.0794 "" "" 5966277952937685760 2464.22827 0.3622 0.0282 -0.308 -0.325 0.046 0.032 0.983 "" "" 14.891698 1.525786 15.583976 14.058189 "" "" 2336.64038 2648.70874 20809.78967 5.8527 7976.8 10.668 18875.0 23.952 "" "" 0.0027721894698827837 0.0031453886 0.0040226853 0.007168074 254.77214564772 -42.06296521027 2464.22827 -0.30800000000000005 -0.32499999999999996 0.96
254.72355899217 -42.06851479226 0.0257 0.0184 2.532 "" "" 5966276617210328320 2347.01074 0.3805 0.0311 -0.181 -0.299 0.045 0.037 0.951 "" "" 14.92768 1.524425 15.622116 14.097691 131.39 6.94 2193.7002 2520.08667 20131.43203 18.65 7701.4 24.684 18200.0 60.295 "" "" 0.0029331726013187647 0.004460375 0.0052174483 0.009677824 254.72355899217 -42.06851479226 2347.01074 -0.18100000000000008 -0.29900000000000004 0.98
254.71915895347 -42.02111865761 0.0265 0.0192 1.6092 "" "" 5966278983729856384 2567.36206 0.3523 0.031 -0.243 -0.318 0.046 0.039 0.954 8753.3 3.0419 14.990256 1.794847 15.853508 14.058661 "" "" 2363.39917 2789.27759 19003.95763 5.4742 6223.2 8.6076 18867.0 13.387 "" "" 0.0027730134475237645 0.003168635 0.0038570988 0.0070257336 254.71915895347 -42.02111865761 2567.36206 -0.24300000000000008 -0.318 0.98
254.67308242116 -41.96689171346 0.0289 0.0217 4.1615 "" "" 5966279743946582400 2759.64746 0.3295 0.0323 -0.281 -0.273 0.048 0.042 1.026 "" "" 15.11269 1.980287 16.097992 14.117705 "" "" 2553.33643 2997.86401 16977.38466 7.5287 4968.4 13.409 17868.0 17.652 "" "" 0.002797071206446722 0.0040461575 0.0039286413 0.007974799 254.67308242116 -41.96689171346 2759.64746 -0.2809999999999999 -0.273 0.99
254.74540361878 -42.01740167588 0.0281 0.019 2.7537 "" "" 5966278262189932288 2371.06665 0.3797 0.0334 -0.163 -0.428 0.047 0.037 0.972 "" "" 15.236261 1.634436 15.993953 14.359517 "" "" 2201.01611 2614.49585 15151.02639 5.0785 5468.1 9.8521 14301.0 15.909 "" "" 0.0027792506797119586 0.003407613 0.003967688 0.007375301 254.74540361878 -42.01740167588 2371.06665 -0.16299999999999998 -0.42800000000000005 0.91
254.55617910933 -42.12291409581 0.0299 0.0192 7.8972 "" "" 5966274177668643840 2435.46509 0.3681 0.0328 -0.215 -0.309 0.044 0.032 1.035 9224.2 3.7695 15.35465 1.637427 16.115374 14.477946 "" "" 2284.42505 2634.01294 13585.85414 4.2664 4889.5 11.787 12823.0 11.799 "" "" 0.002776335840760328 0.0038256517 0.0039091934 0.0077348454 254.55617910933 -42.12291409581 2435.46509 -0.21500000000000008 -0.30899999999999994 0.92
254.534087605 -42.15774175122 0.0313 0.0212 10.0619 "" "" 5966273730992033280 2440.63037 0.3849 0.0357 -0.262 -0.216 0.048 0.035 1.042 "" "" 15.656506 1.603951 16.395653 14.791702 "" "" 2188.19702 2799.14404 10288.31798 3.3175 3777.1 9.5465 9604.6 10.795 "" "" 0.002777473441611692 0.0039135 0.003971507 0.007885007 254.534087605 -42.15774175122 2440.63037 -0.262 -0.216 0.84
