Clusters/UBC_552/UBC_552_stars_in_region.tsv
# %ECSV 1.0
# ---
# datatype:
# - name: RA_ICRS_1
#   unit: deg
#   datatype: float64
#   format: '{:15.11f}'
#   description: Right ascension (ICRS) at Ep=2016.0 (ra)
#   meta: !!omap
#   - {ucd: POS_EQ_RA_MAIN}
#   - {width: 15}
#   - {precision: '11'}
# - name: DE_ICRS_1
#   unit: deg
#   datatype: float64
#   format: '{:15.11f}'
#   description: Declination (ICRS) at Ep=2016.0 (dec)
#   meta: !!omap
#   - {ucd: POS_EQ_DEC_MAIN}
#   - {width: 15}
#   - {precision: '11'}
# - name: e_RA_ICRS
#   unit: mas
#   datatype: float64
#   format: '{:7.4f}'
#   description: Standard error of right ascension (ra_error)
#   meta: !!omap
#   - {ucd: ERROR}
#   - {width: 7}
#   - {precision: '4'}
# - name: e_DE_ICRS
#   unit: mas
#   datatype: float64
#   format: '{:7.4f}'
#   description: Standard error of declination (dec_error)
#   meta: !!omap
#   - {ucd: ERROR}
#   - {width: 7}
#   - {precision: '4'}
# - name: _r_1
#   unit: ''
#   datatype: float64
#   format: '{:7.4f}'
#   description: Distance from center (254.68850988000-42.03529534000)[ICRS], at Epoch=J2016.0
#   meta: !!omap
#   - {ucd: POS_ANG_DIST_GENERAL}
#   - {width: 7}
#   - {precision: '4'}
# - name: HIP
#   datatype: int32
#   description: '? HIP cross-id number, van Leeuwen, Cat. I/311 (hip_original_ext_source_id)'
#   meta: !!omap
#   - {ucd: ID_NUMBER}
#   - {width: 6}
#   - values: {'null': -2147483648}
# - name: TYC2
#   datatype: string
#   description: Tycho-2 cross-id name, Hog et al., Cat. I/259 (tyc2_original_ext_source_id)
#   meta: !!omap
#   - {ucd: ID_CROSSID}
#   - {_votable_string_dtype: char}
# - name: Source
#   datatype: int64
#   description: Source identifier, identical to the Gaia-EDR3 source_id (id)
#   meta: !!omap
#   - {ucd: ID_MAIN}
#   - {width: 19}
# - name: rgeo
#   unit: pc
#   datatype: float64
#   format: '{:15.8f}'
#   description: '? Median of the geometric distance posterior (r_med_geo)'
#   meta: !!omap
#   - {ucd: PHYS_DISTANCE_TRUE}
#   - {width: 15}
#   - {precision: '8'}
#   - values: {'null': .nan}
# - name: Plx
#   unit: mas
#   datatype: float64
#   format: '{:9.4f}'
#   description: '? Parallax (parallax)'
#   meta: !!omap
#   - {ucd: POS_PARLX_TRIG}
#   - {width: 9}
#   - {precision: '4'}
#   - values: {'null': .nan}
# - name: e_Plx
#   unit: mas
#   datatype: float32
#   format: '{:7.4f}'
#   description: '? Standard error of parallax (parallax_error)'
#   meta: !!omap
#   - {ucd: ERROR}
#   - {width: 7}
#   - {precision: '4'}
#   - values: {'null': .nan}
# - name: pmRA
#   unit: mas / yr
#   datatype: float64
#   format: '{:9.3f}'
#   description: '? Proper motion in right ascension direction, pmRA*cosDE (pmra)'
#   meta: !!omap
#   - {ucd: POS_EQ_PMRA}
#   - {width: 9}
#   - {precision: '3'}
#   - values: {'null': .nan}
# - name: pmDE
#   unit: mas / yr
#   datatype: float64
#   format: '{:9.3f}'
#   description: '? Proper motion in declination direction (pmdec)'
#   meta: !!omap
#   - {ucd: POS_EQ_PMDEC}
#   - {width: 9}
#   - {precision: '3'}
#   - values: {'null': .nan}
# - name: e_pmRA
#   unit: mas / yr
#   datatype: float32
#   format: '{:6.3f}'
#   description: '? Standard error of proper motion in right ascension direction (pmra_error)'
#   meta: !!omap
#   - {ucd: ERROR}
#   - {width: 6}
#   - {precision: '3'}
#   - values: {'null': .nan}
# - name: e_pmDE
[...]
#         value: !astropy.table.SerializedColumn {name: SkyCoord.dec}
#       distance: !astropy.table.SerializedColumn
#         __class__: astropy.coordinates.distances.Distance
#         unit: !astropy.units.Unit {unit: pc}
#         value: !astropy.table.SerializedColumn {name: SkyCoord.distance}
#       frame: icrs
#       obstime: !astropy.time.Time {format: jyear_str, in_subfmt: '*', jd1: 367701545.0, jd2: 0.0, out_subfmt: '*', precision: 3, scale: tt}
#       pm_dec: !astropy.table.SerializedColumn
#         __class__: astropy.units.quantity.Quantity
#         unit: !astropy.units.Unit {unit: mas / yr}
#         value: !astropy.table.SerializedColumn {name: SkyCoord.pm_dec}
#       pm_ra_cosdec: !astropy.table.SerializedColumn
#         __class__: astropy.units.quantity.Quantity
#         unit: !astropy.units.Unit {unit: mas / yr}
#         value: !astropy.table.SerializedColumn {name: SkyCoord.pm_ra_cosdec}
#       ra: !astropy.table.SerializedColumn
#         __class__: astropy.coordinates.angles.Longitude
#         unit: *id001
#         value: !astropy.table.SerializedColumn {name: SkyCoord.ra}
#         wrap_angle: !astropy.coordinates.Angle
#           unit: *id001
#           value: 360.0
#       representation_type: spherical
# schema: astropy-2.0
RA_ICRS_1 DE_ICRS_1 e_RA_ICRS e_DE_ICRS _r_1 HIP TYC2 Source rgeo Plx e_Plx pmRA pmDE e_pmRA e_pmDE RUWE Teff logg Gmag BP-RP BPmag RPmag RV e_RV b_rgeo B_rgeo FG e_FG FBP e_FBP FRP e_FRP RAVE5 RAVE6 e_Gmag e_BPmag e_RPmag e_BP-RP SkyCoord.ra SkyCoord.dec SkyCoord.distance SkyCoord.pm_ra_cosdec SkyCoord.pm_dec rmRA rmDE e_rmRA e_rmDE rRV e_rRV v_pec v_pec3d e_vpec e_vpec3d
[from data line 30]
254.55932626983 -41.95068157234 0.0166 0.0113 7.6786 "" "" 5966281771171164672 2448.37256 0.3502 0.0189 -3.632 -2.758 0.027 0.02 1.003 "" "" 13.865139 2.968487 15.59192 12.623433 36.69 1.07 2343.4397 2552.68921 53566.25495 16.214 7918.6 13.029 70760.0 34.915 "" "" 0.002774850451430216 0.0033130643 0.0038171634 0.007130228 254.55932626983 -41.95068157234 2448.37256 -3.6320000000000023 -2.758 -3.3937727220058442 -2.3884545402526856 0.13126057 0.124260575 9.627500000000001 8.537499 48.16180852129102 49.11464706471482 6.212102329817624 6.317287015870522
254.59749605118 -42.25528251175 0.0156 0.0105 13.8063 "" "" 5966268714470179200 2338.34277 0.3731 0.0173 -2.128 -2.568 0.024 0.018 0.937 "" "" 13.908113 2.836504 15.530562 12.694058 -15.89 1.22 2253.5144 2415.20215 51487.4899 21.076 8379.0 11.024 66303.0 28.692 "" "" 0.0027909342796743016 0.0031345775 0.0038084746 0.006943052 254.59749605118 -42.25528251175 2338.34277 -2.1280000000000006 -2.5680000000000005 -1.8897727220058442 -2.1984545402526856 0.12826057 0.12226057 -42.9525 8.6875 32.13223917328923 53.64138374929811 4.011560452991424 7.3597313796243125
254.93340202877 -41.84710630757 0.0241 0.0156 15.7146 "" "" 5966363203754142976 2557.26514 0.329 0.0294 -1.953 -2.693 0.03 0.025 0.939 "" "" 14.005577 3.494748 16.15714 12.662393 -88.01 0.86 2345.83667 2785.66138 47066.92492 19.518 4705.0 14.552 68265.0 46.284 "" "" 0.002791864108597473 0.0043659545 0.0038504053 0.00821636 254.93340202877 -41.84710630757 2557.26514 -1.9530000000000007 -2.6929999999999996 -1.7147727220058442 -2.3234545402526856 0.13426057 0.12926057 -115.0725 8.327499 35.00323076939603 120.27845368371509 4.587013674969036 8.078123826574403
254.75179943388 -41.86614539808 0.0172 0.0122 10.5346 "" "" 5966374160205055616 2591.5415 0.3442 0.0217 -0.058 -0.444 0.025 0.021 1.02 "" "" 14.03294 1.552478 14.741606 13.189128 -54.08 10.57 2466.44165 2727.91919 45895.57255 18.118 17329.0 27.433 42025.0 42.332 "" "" 0.002788457848857596 0.0032770878 0.0039344425 0.0072115306 254.75179943388 -41.86614539808 2591.5415 -0.057999999999999996 -0.44400000000000006 0.1802272779941559 -0.07445454025268555 0.12926057 0.12526058 -81.1425 18.037498 2.3953728418113758 81.1778486860873 0.30824897981346466 18.029646385992322
255.02198277799 -41.99800694221 0.0293 0.0179 15.0326 "" "" 5966358389085040512 2652.46948 0.3137 0.0347 3.244 -0.927 0.038 0.029 0.95 "" "" 14.048308 3.81835 16.474419 12.656069 4.42 0.9 2437.46045 2933.62817 45250.49689 16.915 3512.8 10.725 68664.0 35.183 "" "" 0.0027850510351476302 0.0043328395 0.0038201078 0.008152947 255.02198277799 -41.99800694221 2652.46948 3.2439999999999998 -0.927 3.482227277994156 -0.5574545402526856 0.14226057 0.13326058 -22.6425 8.367499 44.33846558662825 49.78536267645961 6.29795225026086 6.77806226425385
254.60641256673 -41.75931829427 0.0176 0.0115 16.9597 "" "" 5966378661330894848 2690.68701 0.3115 0.0214 -0.614 -0.882 0.025 0.02 0.95 4360.3 1.1748 14.073525 3.106974 15.905975 12.799002 -34.67 0.93 2536.74048 2897.01831 44211.6506 17.248 5929.6 13.321 60195.0 28.774 "" "" 0.002787687546216631 0.0037059984 0.0038148505 0.007520849 254.60641256673 -41.75931829427 2690.68701 -0.6140000000000001 -0.8820000000000003 -0.3757727220058441 -0.5124545402526856 0.12926057 0.124260575 -61.7325 8.3975 8.104619622605263 62.26223908178309 1.0214375216148055 8.327114051089925
254.37905811889 -42.12144094579 0.0172 0.0115 14.7184 "" "" 5966461094650835328 2280.39111 0.3992 0.0192 -0.527 -0.488 0.024 0.018 0.985 "" "" 14.137481 1.443137 14.784053 13.340916 "" "" 2191.31323 2374.82764 41682.55855 11.317 16665.0 18.822 36542.0 19.064 "" "" 0.0027710441983766314 0.0030477494 0.0038215925 0.006869342 254.37905811889 -42.12144094579 2280.39111 -0.5270000000000002 -0.4879999999999999 -0.28877272200584414 -0.11845454025268554 0.12826057 0.12226057 "" "" 3.3737611744347427 "" 0.42986377097009026 ""
254.58666834696 -41.83535885624 0.0193 0.0141 12.8285 "" "" 5966377875362850176 2332.34717 0.3705 0.0231 1.366 -8.235 0.037 0.027 0.939 4542.0 2.2029 14.148936 3.065751 15.948149 12.882398 -12.85 1.22 2227.21362 2441.57275 41245.0847 16.199 5703.7 12.693 55744.0 33.222 "" "" 0.0027881222530040106 0.0036909408 0.0038343745 0.0075253155 254.58666834696 -41.83535885624 2332.34717 1.3659999999999983 -8.235 1.604227277994156 -7.865454540252685 0.14126056 0.13126057 -39.912499999999994 8.6875 88.74536190184129 97.3074864300727 11.685502164686472 11.237225604159924
254.64096316334 -41.88615736165 0.019 0.0129 9.1963 "" "" 5966282935099812224 2296.11133 0.3872 0.0222 2.253 -4.066 0.035 0.026 1.014 4688.9 1.9974 14.156945 2.304048 15.376457 13.07241 -27.8 1.94 2196.10376 2452.43213 40941.96881 9.5479 9656.8 15.735 46794.0 20.567 "" "" 0.0027669296295112066 0.0033037616 0.00380939 0.0071131513 254.64096316334 -41.88615736165 2296.11133 2.2529999999999992 -4.065999999999999 2.491227277994156 -3.6964545402526854 0.13926058 0.13026057 -54.8625 9.407499 48.51433717922397 73.23615786064582 6.459053080394558 8.24452430213085
255.0499386864 -41.99636413907 0.0195 0.0126 16.2801 "" "" 5966358255951656960 2519.68994 0.3379 0.0233 -2.169 -3.83 0.026 0.02 1.007 4535.6 1.7787 14.16011 3.108111 15.987354 12.879243 -9.34 1.26 2357.67065 2692.66431 40822.77168 17.688 5501.4 13.396 55906.0 67.044 "" "" 0.0027951921949148687 0.0038437806 0.00399738 0.0078411605 255.0499386864 -41.99636413907 2519.68994 -2.1690000000000005 -3.83 -1.9307727220058442 -3.4604545402526856 0.13026057 0.124260575 -36.402499999999996 8.7275 47.3272889720635 59.707740601158264 5.949557498002319 7.110027726977338
254.96432597034 -42.09148948159 0.0194 0.013 12.7403 "" "" 5966359114945083904 2299.20508 0.3837 0.0241 -5.768 -6.711 0.03 0.022 0.973 4813.4 2.2083 14.193061 2.943705 15.899622 12.955917 -46.99 1.23 2182.80176 2432.33813 39602.47544 13.683 5964.4 10.374 52094.0 29.21 "" "" 0.002780739630030469 0.0033691635 0.0038281004 0.0071972637 254.96432597034 -42.09148948159 2299.20508 -5.768000000000003 -6.710999999999995 -5.529772722005844 -6.341454540252686 0.13426057 0.12626058 -74.0525 8.6975 91.69580516198053 117.86387674157801 11.899973795656695 10.750385235211263
254.61565046218 -42.02354384285 0.0192 0.013 3.3229 "" "" 5966280598637559168 2396.05347 0.3766 0.0213 -0.219 -0.441 0.032 0.025 1.001 "" "" 14.230212 1.649888 15.003257 13.353369 81.38 6.89 2255.43481 2516.26685 38270.28288 19.025 13618.0 25.783 36125.0 52.97 "" "" 0.0028076880639450697 0.0034656387 0.0041010035 0.007566642 254.61565046218 -42.02354384285 2396.05347 -0.21900000000000014 -0.44100000000000006 0.019227277994155884 -0.07145454025268555 0.13626057 0.12926057 54.317499999999995 14.3575 0.8403967053313552 54.32400089161633 0.10903733923296832 14.355782029633666
254.8327946647 -42.07247530086 0.0238 0.0155 6.8041 "" "" 5966266481087484032 2663.15942 0.3155 0.027 -1.731 -3.232 0.039 0.029 1.008 6432.3 1.8125 14.267497 3.276609 16.238596 12.961987 "" "" 2514.60083 2859.60156 36978.38796 13.297 4364.9 9.7699 51804.0 32.151 "" "" 0.00278284310246069 0.0037001176 0.0038389822 0.0075391 254.8327946647 -42.07247530086 2663.15942 -1.731 -3.232000000000001 -1.4927727220058442 -2.8624545402526858 0.14326057 0.13326058 "" "" 40.752230335189054 "" 5.520328663506682 ""
254.73414616218 -42.08391508703 0.0216 0.0151 3.5557 "" "" 5966276612907875840 2337.1394 0.3855 0.0234 -0.198 -0.416 0.037 0.03 0.983 7465.9 3.5163 14.281179 1.49202 14.952138 13.460118 "" "" 2224.98682 2472.46362 36515.29664 12.209 14275.0 18.102 32742.0 40.285 "" "" 0.002779131576594994 0.003111376 0.0040085237 0.0071198996 254.73414616218 -42.08391508703 2337.1394 -0.19799999999999995 -0.4159999999999999 0.040227277994155874 -0.04645454025268553 0.14126056 0.13426057 "" "" 0.6807596393425304 "" 0.09347099978038127 ""
254.62903258105 -42.17099398125 0.0199 0.0134 8.5616 "" "" 5966270874831512832 2388.79297 0.3583 0.022 -3.037 -0.515 0.03 0.024 1.011 4750.3 2.1674 14.308033 3.027719 16.079468 13.051749 -23.77 1.6 2274.91821 2532.16943 35623.23604 14.376 5053.9 9.8466 47693.0 20.9 "" "" 0.0027899409135295947 0.0035013983 0.003809213 0.007310611 254.62903258105 -42.17099398125 2388.79297 -3.037 -0.5149999999999992 -2.798772722005844 -0.14545454025268556 0.13426057 0.12826057 -50.832499999999996 9.0675 31.732932164246005 59.924302582430094 4.259979961086655 8.015748662776597
254.75968251364 -42.10251344644 0.0231 0.0157 5.1298 "" "" 5966276307972650752 2656.37109 0.3146 0.026 2.789 -4.114 0.039 0.031 1.081 4559.8 1.6627 14.314314 3.030794 16.089264 13.05847 7.99 1.3 2521.16284 2821.17603 35417.76 11.849 5008.5 11.977 47399.0 29.988 "" "" 0.002779159472049114 0.0038113156 0.003841299 0.0076526147 254.75968251364 -42.10251344644 2656.37109 2.7890000000000006 -4.114 3.027227277994156 -3.7444545402526854 0.14326057 0.13526057 -19.072499999999998 8.7675 60.627694896608496 63.556885108745284 8.395595203896965 8.429757979505327
254.94083999137 -42.14742081262 0.0222 0.0173 13.0951 "" "" 5966265102395481984 2457.27905 0.3693 0.0272 -0.923 -1.768 0.039 0.029 1.053 "" "" 14.318578 2.581262 15.74016 13.158898 19.36 2.16 2263.35986 2627.84375 35278.95933 13.359 6908.0 13.387 43211.0 25.76 "" "" 0.0027858248100459697 0.0034945756 0.0038344057 0.0073289815 254.94083999137 -42.14742081262 2457.27905 -0.923 -1.7680000000000002 -0.6847727220058442 -1.3984545402526856 0.14326057 0.13326058 -7.702499999999997 9.6275 18.136432563902005 19.704281067701125 2.4529933006888416 4.388754702979442
254.90813529348 -41.88572910253 0.0214 0.0132 13.2872 "" "" 5966363031945444224 2797.94458 0.308 0.0255 -2.126 -4.116 0.026 0.021 0.975 4775.9 2.696 14.33818 2.447986 15.508278 13.060292 -38.5 2.5 2636.28735 2969.21851 34647.73911 21.585 8552.8 226.94 47320.0 475.81 "" "" 0.0028371291462269558 0.028943725 0.011552922 0.040496647 254.90813529348 -41.88572910253 2797.94458 -2.1260000000000003 -4.116 -1.887772722005844 -3.746454540252685 0.13026057 0.12526058 -65.5625 9.9675 55.63767080432004 85.98832373514375 7.026425458366735 8.85586705478409
254.72218214066 -42.08974173681 0.0389 0.026 3.5947 "" "" 5966276582850572928 2841.41479 0.305 0.0439 -4.362 -3.591 0.063 0.05 0.997 "" "" 14.369741 4.204831 17.132893 12.928062 -56.19 1.08 2510.22827 3243.58911 33655.06622 13.2 1915.4 9.2489 53448.0 29.79 "" "" 0.002788033397563407 0.005938934 0.0038275232 0.009766458 254.72218214066 -42.08974173681 2841.41479 -4.362 -3.591000000000001 -4.123772722005844 -3.2214545402526857 0.16726057 0.15426058 -83.2525 8.5475 70.47833557222964 109.07875384914244 11.449647502065089 9.863457992621091
254.94337949151 -41.97429091239 0.0222 0.0136 11.9384 "" "" 5966360180097063680 2605.51782 0.3345 0.0259 -0.535 -0.617 0.03 0.022 1.003 4856.9 2.164 14.403451 2.437747 15.722552 13.284805 -15.32 2.0 2468.12378 2789.04688 32626.1864 11.369 7020.9 11.749 38480.0 30.23 "" "" 0.002781174077066186 0.0033295937 0.0038744372 0.0072040306 254.94337949151 -41.97429091239 2605.51782 -0.535 -0.617 -0.29677272200584415 -0.24745454025268554 0.13426057 0.12626058 -42.38249999999999 9.4675 4.772145040266789 42.65031857484001 0.6253357827672666 9.408309658520041
254.35380789789 -42.03013172299 0.0191 0.0131 14.9195 "" "" 5966463671631374464 2448.85474 0.3657 0.0218 -2.649 -4.196 0.028 0.021 0.936 "" "" 14.409085 1.81399 15.284307 13.470317 "" "" 2337.34619 2565.24658 32457.32751 9.4834 10512.0 14.031 32436.0 17.132 "" "" 0.002773522113736154 0.0031440773 0.0038226412 0.0069667185 254.35380789789 -42.03013172299 2448.85474 -2.649 -4.195999999999998 -2.410772722005844 -3.8264545402526853 0.13226058 0.12526058 "" "" 52.49597757268047 "" 6.682148051555272 ""
254.61952852816 -42.09500695321 0.0188 0.0129 4.7198 "" "" 5966279980162228992 2328.65942 0.3847 0.0216 -0.196 -0.363 0.031 0.023 0.915 "" "" 14.409729 1.443978 15.056047 13.612068 "" "" 2245.76123 2462.56519 32438.08387 17.369 12972.0 23.025 28466.0 52.342 "" "" 0.0028159841832118013 0.0033910146 0.0042742663 0.007665281 254.61952852816 -42.09500695321 2328.65942 -0.196 -0.363 0.042227277994155876 0.006545459747314464 0.13526057 0.12726057 "" "" 0.4716643417503373 "" 0.06371161339622028 ""
254.61882266901 -41.79521806552 0.02 0.0132 14.7368 "" "" 5966378356399010048 2401.677 0.3648 0.0233 -0.866 -2.38 0.029 0.022 1.004 4748.9 2.2394 14.431884 2.478694 15.780933 13.302239 -27.15 1.74 2300.90405 2516.01855 31782.86863 9.1539 6653.4 11.887 37867.0 21.451 "" "" 0.0027730082902819005 0.0033982059 0.0038291009 0.0072273067 254.61882266901 -41.79521806552 2401.677 -0.866 -2.38 -0.6277727220058441 -2.0104545402526854 0.13326058 0.12626058 -54.21249999999999 9.2074995 23.976731755128228 59.2779792326575 3.0426014929997 8.510146403582574
254.76948655336 -41.98606918117 0.0897 0.0565 4.6643 "" "" 5966278743212573696 2584.02905 0.33 0.1024 -1.695 -4.765 0.142 0.111 0.807 3625.9 0.509 14.463392 5.097074 18.025965 12.92889 -74.04 1.09 2119.56787 3347.04907 30873.77081 26.837 841.45 11.859 53407.0 79.472 "" "" 0.0029124733750107946 0.015554156 0.0041102273 0.019664384 254.76948655336 -41.98606918117 2584.02905 -1.6950000000000003 -4.764999999999999 -1.4567727220058442 -4.395454540252685 0.24626058 0.21526057 -101.1025 8.5575 56.71663802771365 115.92451222850453 12.393996800207834 9.616209210218388
254.69167015368 -42.20843028296 0.0198 0.0136 10.389 "" "" 5966269848341538560 2367.44458 0.3787 0.0218 -2.188 -2.144 0.03 0.023 1.052 "" "" 14.47116 2.098112 15.542137 13.444025 "" "" 2260.11548 2512.45312 30653.68611 9.1299 8290.1 12.021 33231.0 22.253 "" "" 0.00277423167016715 0.0032036963 0.0038486805 0.007052377 254.69167015368 -42.20843028296 2367.44458 -2.188 -2.1439999999999984 -1.9497727220058443 -1.7744545402526857 0.13426057 0.12726057 "" "" 29.58421288947712 "" 3.879545442633736 ""
254.54324437166 -42.2779239305 0.0968 0.0696 15.9272 "" "" 5966271257083127040 3011.05859 0.376 0.1175 0.097 -0.932 0.14 0.11 5.597 6707.1 3.5798 14.492342 1.419393 14.891872 13.47248 "" "" 2312.19531 4153.47949 30061.46211 34.782 15089.0 248.15 32372.0 474.5 "" "" 0.003028184332168696 0.018072434 0.016357038 0.034429472 254.54324437166 -42.2779239305 3011.05859 0.097 -0.9319999999999999 0.33522727799415586 -0.5624545402526856 0.24426058 0.21426058 "" "" 9.345245602416293 "" 2.0794622070095223 ""
254.70890298362 -41.96693254893 0.0214 0.0142 4.2013 "" "" 5966279503428408576 2351.91162 0.383 0.0236 -0.163 -0.4 0.033 0.027 0.949 "" "" 14.508099 1.42481 15.143462 13.718653 "" "" 2232.97534 2482.89404 29628.32864 7.7017 11968.0 12.181 25805.0 15.819 "" "" 0.0027697370629742547 0.003001034 0.0038375412 0.006838575 254.70890298362 -41.96693254893 2351.91162 -0.163 -0.4 0.07522727799415588 -0.03045454025268557 0.13726057 0.13126057 "" "" 0.9047544380394572 "" 0.12343714911964633 ""
254.43858142194 -42.03783792104 0.0209 0.0138 11.1386 "" "" 5966463087516021120 2370.30859 0.3873 0.0236 -2.018 -3.6 0.032 0.023 0.998 "" "" 14.51802 1.817237 15.398099 13.580862 7.57 6.7 2239.78418 2497.87939 29358.84595 11.523 9466.2 15.372 29296.0 31.35 "" "" 0.0027880788217270573 0.0033005453 0.0039539402 0.0072544855 254.43858142194 -42.03783792104 2370.30859 -2.0180000000000007 -3.6000000000000014 -1.779772722005844 -3.2304545402526856 0.13626057 0.12726057 -19.492499999999996 14.1675 41.43882237136201 45.79447079916191 5.362687261180084 7.740411478948367
254.99119943128 -41.9587522453 0.024 0.0146 14.2571 "" "" 5966361554486585472 2454.88818 0.3489 0.0282 -0.576 -2.27 0.031 0.023 0.989 6296.6 1.7436 14.519483 3.012591 16.279924 13.267333 13.83 1.57 2325.55859 2590.20947 29319.30363 11.085 4201.9 13.161 39104.0 23.042 "" "" 0.002785730489827439 0.0043988368 0.003833149 0.008231986 254.99119943128 -41.9587522453 2454.88818 -0.5760000000000001 -2.2700000000000005 -0.3377727220058441 -1.9004545402526856 0.13526057 0.12726057 -13.232499999999996 9.037499 22.460574848421622 26.068687707123846 2.8640150096663852 5.209009303080529
