Clusters/UBC_552/UBC_552_stars_in_region.tsv
# %ECSV 1.0
# ---
# datatype:
# - name: RA_ICRS_1
#   unit: deg
#   datatype: float64
#   format: '{:15.11f}'
#   description: Right ascension (ICRS) at Ep=2016.0 (ra)
#   meta: !!omap
#   - {ucd: POS_EQ_RA_MAIN}
#   - {width: 15}
#   - {precision: '11'}
# - name: DE_ICRS_1
#   unit: deg
#   datatype: float64
#   format: '{:15.11f}'
#   description: Declination (ICRS) at Ep=2016.0 (dec)
#   meta: !!omap
#   - {ucd: POS_EQ_DEC_MAIN}
#   - {width: 15}
#   - {precision: '11'}
# - name: e_RA_ICRS
#   unit: mas
#   datatype: float64
#   format: '{:7.4f}'
#   description: Standard error of right ascension (ra_error)
#   meta: !!omap
#   - {ucd: ERROR}
#   - {width: 7}
#   - {precision: '4'}
# - name: e_DE_ICRS
#   unit: mas
#   datatype: float64
#   format: '{:7.4f}'
#   description: Standard error of declination (dec_error)
#   meta: !!omap
#   - {ucd: ERROR}
#   - {width: 7}
#   - {precision: '4'}
# - name: _r_1
#   unit: ''
#   datatype: float64
#   format: '{:7.4f}'
#   description: Distance from center (254.68850988000-42.03529534000)[ICRS], at Epoch=J2016.0
#   meta: !!omap
#   - {ucd: POS_ANG_DIST_GENERAL}
#   - {width: 7}
#   - {precision: '4'}
# - name: HIP
#   datatype: int32
#   description: '? HIP cross-id number, van Leeuwen, Cat. I/311 (hip_original_ext_source_id)'
#   meta: !!omap
#   - {ucd: ID_NUMBER}
#   - {width: 6}
#   - values: {'null': -2147483648}
# - name: TYC2
#   datatype: string
#   description: Tycho-2 cross-id name, Hog et al., Cat. I/259 (tyc2_original_ext_source_id)
#   meta: !!omap
#   - {ucd: ID_CROSSID}
#   - {_votable_string_dtype: char}
# - name: Source
#   datatype: int64
#   description: Source identifier, identical to the Gaia-EDR3 source_id (id)
#   meta: !!omap
#   - {ucd: ID_MAIN}
#   - {width: 19}
# - name: rgeo
#   unit: pc
#   datatype: float64
#   format: '{:15.8f}'
#   description: '? Median of the geometric distance posterior (r_med_geo)'
#   meta: !!omap
#   - {ucd: PHYS_DISTANCE_TRUE}
#   - {width: 15}
#   - {precision: '8'}
#   - values: {'null': .nan}
# - name: Plx
#   unit: mas
#   datatype: float64
#   format: '{:9.4f}'
#   description: '? Parallax (parallax)'
#   meta: !!omap
#   - {ucd: POS_PARLX_TRIG}
#   - {width: 9}
#   - {precision: '4'}
#   - values: {'null': .nan}
# - name: e_Plx
#   unit: mas
#   datatype: float32
#   format: '{:7.4f}'
#   description: '? Standard error of parallax (parallax_error)'
#   meta: !!omap
#   - {ucd: ERROR}
#   - {width: 7}
#   - {precision: '4'}
#   - values: {'null': .nan}
# - name: pmRA
#   unit: mas / yr
#   datatype: float64
#   format: '{:9.3f}'
#   description: '? Proper motion in right ascension direction, pmRA*cosDE (pmra)'
#   meta: !!omap
#   - {ucd: POS_EQ_PMRA}
#   - {width: 9}
#   - {precision: '3'}
#   - values: {'null': .nan}
# - name: pmDE
#   unit: mas / yr
#   datatype: float64
#   format: '{:9.3f}'
#   description: '? Proper motion in declination direction (pmdec)'
#   meta: !!omap
#   - {ucd: POS_EQ_PMDEC}
#   - {width: 9}
#   - {precision: '3'}
#   - values: {'null': .nan}
# - name: e_pmRA
#   unit: mas / yr
#   datatype: float32
#   format: '{:6.3f}'
#   description: '? Standard error of proper motion in right ascension direction (pmra_error)'
#   meta: !!omap
#   - {ucd: ERROR}
#   - {width: 6}
#   - {precision: '3'}
#   - values: {'null': .nan}
# - name: e_pmDE
[...]
#         value: !astropy.table.SerializedColumn {name: SkyCoord.dec}
#       distance: !astropy.table.SerializedColumn
#         __class__: astropy.coordinates.distances.Distance
#         unit: !astropy.units.Unit {unit: pc}
#         value: !astropy.table.SerializedColumn {name: SkyCoord.distance}
#       frame: icrs
#       obstime: !astropy.time.Time {format: jyear_str, in_subfmt: '*', jd1: 367701545.0, jd2: 0.0, out_subfmt: '*', precision: 3, scale: tt}
#       pm_dec: !astropy.table.SerializedColumn
#         __class__: astropy.units.quantity.Quantity
#         unit: !astropy.units.Unit {unit: mas / yr}
#         value: !astropy.table.SerializedColumn {name: SkyCoord.pm_dec}
#       pm_ra_cosdec: !astropy.table.SerializedColumn
#         __class__: astropy.units.quantity.Quantity
#         unit: !astropy.units.Unit {unit: mas / yr}
#         value: !astropy.table.SerializedColumn {name: SkyCoord.pm_ra_cosdec}
#       ra: !astropy.table.SerializedColumn
#         __class__: astropy.coordinates.angles.Longitude
#         unit: *id001
#         value: !astropy.table.SerializedColumn {name: SkyCoord.ra}
#         wrap_angle: !astropy.coordinates.Angle
#           unit: *id001
#           value: 360.0
#       representation_type: spherical
# schema: astropy-2.0
RA_ICRS_1 DE_ICRS_1 e_RA_ICRS e_DE_ICRS _r_1 HIP TYC2 Source rgeo Plx e_Plx pmRA pmDE e_pmRA e_pmDE RUWE Teff logg Gmag BP-RP BPmag RPmag RV e_RV b_rgeo B_rgeo FG e_FG FBP e_FBP FRP e_FRP RAVE5 RAVE6 e_Gmag e_BPmag e_RPmag e_BP-RP SkyCoord.ra SkyCoord.dec SkyCoord.distance SkyCoord.pm_ra_cosdec SkyCoord.pm_dec rmRA rmDE e_rmRA e_rmDE rRV e_rRV v_pec v_pec3d e_vpec e_vpec3d
[from data line 147]
254.67239508063 -41.98946680887 0.0302 0.0214 2.842 "" "" 5966279331624146816 2402.46606 0.3645 0.0336 -1.352 -1.368 0.05 0.042 0.978 15022.5 3.5463 15.244164 2.873009 16.890575 14.017567 -80.51 4.03 2217.47607 2622.56421 15041.15057 5.2808 2394.3 8.1965 19594.0 19.603 "" "" 0.0027815636232731322 0.0046475767 0.0039323824 0.008579959 254.67239508063 -41.98946680887 2402.46606 -1.3520000000000005 -1.3679999999999999 -1.1137727220058442 -0.9984545402526857 0.15426058 0.14626057 -107.5725 11.497499 17.033642603938038 108.91275286489041 2.5677959051917805 11.363112970512763
254.92955233866 -41.91727712081 0.0302 0.0187 12.8741 "" "" 5966362580973183744 2655.06836 0.321 0.0366 -0.992 -2.51 0.04 0.031 1.021 "" "" 15.24875 2.701449 16.762154 14.060704 -36.07 4.18 2437.31567 2917.36694 14977.76168 5.5527 2695.0 8.4993 18831.0 16.375 "" "" 0.0027845659218632924 0.004416971 0.0038955244 0.008312495 254.92955233866 -41.91727712081 2655.06836 -0.9919999999999999 -2.51 -0.7537727220058441 -2.1404545402526853 0.14426057 0.13526057 -63.13249999999999 11.647499 28.55918522186372 69.291699479712 3.8921234217160574 10.732737691930618
254.66269072964 -41.92911512222 0.0352 0.0243 6.4741 "" "" 5966282832020589184 2303.18066 0.3911 0.0371 -2.51 -3.007 0.056 0.046 1.084 "" "" 15.258438 1.647296 16.026415 14.379119 "" "" 2120.8479 2591.80835 14844.70195 4.6094 5307.0 10.726 14045.0 11.614 "" "" 0.0027758685003456177 0.003549701 0.0038845579 0.007434259 254.66269072964 -41.92911512222 2303.18066 -2.51 -3.0070000000000006 -2.271772722005844 -2.6374545402526857 0.16026057 0.15026057 "" "" 38.00196126185846 "" 5.87506115958177 ""
254.52718597351 -42.01743145652 0.0297 0.0196 7.2697 "" "" 5966281251472591360 2299.20752 0.3817 0.0335 -4.512 -4.969 0.046 0.036 1.06 4721.4 2.8175 15.269917 2.658189 16.648031 13.989842 24.8 6.91 2131.4458 2446.65186 14688.58615 7.2998 2993.7 11.818 20101.0 166.43 "" "" 0.0028076565331396795 0.0051142457 0.009751709 0.014865955 254.52718597351 -42.01743145652 2299.20752 -4.512000000000002 -4.968999999999997 -4.273772722005844 -4.599454540252686 0.15026057 0.14026058 -2.2624999999999957 14.3775 68.42510275629178 68.46249771560404 9.920258300883043 9.926217949196205
255.04967948383 -42.13294901937 0.0301 0.019 17.1168 "" "" 5966355949543543424 2420.9646 0.3662 0.0365 -1.721 -1.521 0.046 0.032 0.954 "" "" 15.282142 2.721335 16.79909 14.077755 -12.78 4.11 2238.4126 2633.14478 14524.13064 6.8196 2604.8 10.167 18538.0 18.631 "" "" 0.002802084463816513 0.005073873 0.0039337524 0.009007625 255.04967948383 -42.13294901937 2420.9646 -1.7209999999999994 -1.5210000000000004 -1.4827727220058442 -1.1514545402526855 0.15026057 0.13626057 -39.842499999999994 11.577499 21.54334954594169 45.293936855926155 3.1270712998811723 10.292104847807758
254.59867972569 -42.24012335013 0.0277 0.0181 12.9232 "" "" 5966268886268875904 2390.73486 0.3703 0.0309 1.536 -2.065 0.043 0.032 1.055 "" "" 15.292891 2.640665 16.762037 14.121372 -40.81 5.89 2215.44873 2553.9834 14381.05079 5.7352 2695.3 9.1245 17808.0 17.802 "" "" 0.0027891349058610233 0.0046146465 0.003932144 0.00854679 254.59867972569 -42.24012335013 2390.73486 1.5360000000000003 -2.0649999999999995 1.774227277994156 -1.6954545402526855 0.14726058 0.13626057 -67.8725 13.3575 27.809700034896675 73.34886278791875 3.9522151920260216 12.450703347382213
254.63388030115 -42.15467078024 0.0311 0.0215 7.5642 "" "" 5966270913493464960 2413.94092 0.3718 0.0341 -0.598 -0.973 0.048 0.04 1.011 7283.2 3.4079 15.298361 2.635044 16.756939 14.121895 -9.21 10.21 2241.70654 2594.97461 14308.76775 6.3326 2708.0 12.899 17799.0 16.479 "" "" 0.0027969056268636492 0.0058763362 0.003910778 0.009787114 254.63388030115 -42.15467078024 2413.94092 -0.5980000000000003 -0.9730000000000001 -0.3597727220058441 -0.6034545402526855 0.15226057 0.14426057 -36.272499999999994 17.6775 8.038774081385295 37.152606166748946 1.1768823593604338 17.260616864007524
254.63746222569 -41.95614835728 0.0306 0.0202 5.2662 "" "" 5966282389646443776 2284.38159 0.395 0.0342 -1.49 4.276 0.046 0.036 0.984 6098.7 2.574 15.300718 2.738343 16.84408 14.105737 -118.58 4.63 2107.44678 2456.65869 14277.73451 5.7415 2499.1 7.4415 18066.0 13.464 "" "" 0.0027896979749014055 0.004270494 0.0038650322 0.008135526 254.63746222569 -41.95614835728 2284.38159 -1.4900000000000004 4.275999999999998 -1.251772722005844 4.645545459747314 0.15026057 0.14026058 -145.64249999999998 12.0975 52.09595318561167 154.67943025679736 7.3434394879872515 11.656138138144238
254.79390657414 -42.0760463565 0.0345 0.0247 5.2939 "" "" 5966277888520626688 2807.34912 0.3141 0.0396 0.064 -0.314 0.06 0.044 1.105 8396.1 3.017 15.301462 1.589617 16.032087 14.442471 "" "" 2527.4458 3144.46606 14267.9542 4.8445 5279.4 10.223 13249.0 13.123 "" "" 0.0027798724000931583 0.0034935926 0.0039294064 0.007422999 254.79390657414 -42.0760463565 2807.34912 0.06399999999999997 -0.31400000000000006 0.3022272779941559 0.05554545974731445 0.16426057 0.14826056 "" "" 4.089046049356707 "" 0.6696323537973047 ""
254.46276803658 -42.1246501437 0.0284 0.0202 11.3931 "" "" 5966274727424480512 2369.41162 0.3764 0.0319 -2.744 -3.731 0.041 0.032 1.064 6653.4 2.4699 15.302584 2.486563 16.653389 14.166826 -4.5 4.88 2212.93726 2581.30737 14253.22464 5.8183 2978.9 9.5784 17078.0 13.613 "" "" 0.002790738688122948 0.004469091 0.0038772062 0.008346297 254.46276803658 -42.1246501437 2369.41162 -2.744 -3.731 -2.5057727220058443 -3.3614545402526854 0.14526057 0.13626057 -31.562499999999996 12.3475 47.08764440599568 56.68719133945071 6.570703811850581 8.778033429258615
254.90846406506 -41.88534714046 0.0408 0.0248 13.3135 "" "" 5966363031955428736 2457.17725 0.3715 0.0458 0.008 -0.284 0.051 0.04 1.102 "" "" 15.346687 "" "" "" "" "" 2217.34766 2809.60889 13685.8504 7.0951 "" "" "" "" "" "" 0.0028122262170121597 "" "" "" 254.90846406506 -41.88534714046 2457.17725 0.008000000000000014 -0.28400000000000003 0.2462272779941559 0.08554545974731448 0.15526056 0.14426057 "" "" 3.0359628234756055 "" 0.467883022294777 ""
254.55617910933 -42.12291409581 0.0299 0.0192 7.8972 "" "" 5966274177668643840 2435.46509 0.3681 0.0328 -0.215 -0.309 0.044 0.032 1.035 9224.2 3.7695 15.35465 1.637427 16.115374 14.477946 "" "" 2284.42505 2634.01294 13585.85414 4.2664 4889.5 11.787 12823.0 11.799 "" "" 0.002776335840760328 0.0038256517 0.0039091934 0.0077348454 254.55617910933 -42.12291409581 2435.46509 -0.2150000000000002 -0.3089999999999999 0.023227277994155887 0.060545459747314456 0.14826056 0.13626057 "" "" 0.7486117374231961 "" 0.10320249724013213 ""
254.6467900931 -42.22633733337 0.0276 0.0183 11.6119 "" "" 5966270157579189632 2307.26123 0.3874 0.0304 -4.353 -2.474 0.043 0.033 1.021 "" "" 15.355942 2.840356 16.98072 14.140365 -74.94 4.08 2143.3877 2464.9021 13569.68962 4.994 2203.6 9.4586 17499.0 14.142 "" "" 0.002784143131809607 0.0054317485 0.0038799024 0.009311651 254.6467900931 -42.22633733337 2307.26123 -4.353 -2.474 -4.114772722005844 -2.1044545402526857 0.14726058 0.13726057 -102.0025 11.5475 50.54481168724211 113.83886855880449 7.341320330898837 10.848139020158044
254.9032407447 -42.05324183136 0.0307 0.0215 9.6283 "" "" 5966359458542519168 2370.27661 0.3815 0.0375 0.447 -5.709 0.047 0.038 0.974 5786.3 3.2889 15.357695 2.334034 16.58693 14.252895 -35.45 10.49 2177.00098 2597.91577 13547.80465 5.1947 3167.0 8.9855 15776.0 24.121 "" "" 0.0027865933693380844 0.0041562496 0.0041278945 0.008284144 254.9032407447 -42.05324183136 2370.27661 0.4470000000000002 -5.709 0.685227277994156 -5.339454540252685 0.15126057 0.14226057 -62.5125 17.9575 60.48133962693256 86.9816365638079 8.613203330952764 14.227743365119986
254.69412536458 -41.88543261616 0.0682 0.0464 8.9953 "" "" 5966373889635924608 2636.19067 0.3372 0.0744 -1.886 -4.33 0.103 0.082 0.766 4438.1 1.8787 15.36743 3.86235 17.820911 13.958561 -59.4 3.44 2180.77173 3143.12085 13426.87432 7.9824 1016.4 13.486 20689.0 18.71 "" "" 0.0028299176652685815 0.014673693 0.003904845 0.018578539 254.69412536458 -41.88543261616 2636.19067 -1.8859999999999997 -4.33 -1.647772722005844 -3.9604545402526856 0.20726058 0.18626058 -86.46249999999999 10.907499 53.60042862187852 101.72890373290716 10.157589653750799 10.7045799504273
254.75636761394 -42.22525923713 0.0636 0.0434 11.791 "" "" 5966269642183345664 2773.91821 0.328 0.0761 -1.559 -6.01 0.121 0.086 0.716 6592.0 2.014 15.37034 4.11379 18.04528 13.931491 -51.22 3.17 2275.04858 3523.40161 13390.93143 9.5517 826.62 8.5989 21211.0 19.585 "" "" 0.002862090907750647 0.011633891 0.0039100824 0.015543973 254.75636761394 -42.22525923713 2773.91821 -1.5590000000000008 -6.01 -1.320772722005844 -5.640454540252685 0.22526057 0.19026057 -78.2825 10.6375 76.16888284377909 109.22384593081927 14.64247647263717 12.743390613032636
254.98743556258 -42.23163876708 0.029 0.0212 17.7677 "" "" 5966261322824206336 2599.24756 0.3385 0.0352 -3.032 -3.361 0.049 0.039 1.03 6968.5 2.0351 15.371867 2.921004 17.057398 14.136394 14.81 3.96 2366.29248 2885.19922 13372.10527 6.5352 2053.3 7.5268 17563.0 20.688 "" "" 0.0028059484492155033 0.004860596 0.0039899084 0.008850504 254.98743556258 -42.23163876708 2599.24756 -3.032 -3.3610000000000007 -2.793772722005844 -2.9914545402526858 0.15326057 0.14326057 -12.252499999999996 11.4275 50.429516608416094 51.89662707352487 7.463737716301591 7.738297799587909
254.51091444723 -42.08608360894 0.031 0.0196 8.4778 "" "" 5966275071021867008 2312.18652 0.393 0.0315 -1.706 -3.752 0.042 0.032 0.906 "" "" 15.384894 1.961401 16.355917 14.394516 "" "" 2176.30737 2499.7439 13212.61942 4.524 3917.9 11.209 13847.0 11.831 "" "" 0.0027802863025913655 0.0041753924 0.0038915658 0.008066958 254.51091444723 -42.08608360894 2312.18652 -1.706 -3.752000000000002 -1.467772722005844 -3.3824545402526853 0.14626057 0.13626057 "" "" 40.410710887708035 "" 5.5723767393455965 ""
254.44167951698 -42.20695949127 0.0277 0.0197 15.0583 "" "" 5966272558458668672 2627.75024 0.3385 0.032 -0.69 -1.014 0.039 0.03 1.047 "" "" 15.398584 2.644217 16.86299 14.218773 -46.46 3.65 2417.05225 2809.66895 13047.06589 4.9788 2456.0 8.6643 16280.0 20.035 "" "" 0.002786296939802468 0.004738778 0.004008623 0.008747401 254.44167951698 -42.20695949127 2627.75024 -0.69 -1.0140000000000002 -0.45177272200584406 -0.6444545402526856 0.14326057 0.13426057 -73.5225 11.1175 9.802912463275504 74.17314270686285 1.345854094914292 11.021413610122973
254.6097388395 -42.18617355093 0.092 0.0598 9.708 "" "" 5966270535536336512 2495.91675 0.3587 0.1001 -2.058 -3.273 0.139 0.111 0.98 3917.9 0.4861 15.401196 5.206945 19.040785 13.833839 -23.52 2.16 2093.77124 3083.45288 13015.71545 12.723 330.45 7.2317 23207.0 25.463 "" "" 0.002952657542854123 0.023923943 0.0039626863 0.02788663 254.6097388395 -42.18617355093 2495.91675 -2.058 -3.2729999999999997 -1.819772722005844 -2.9034545402526857 0.24326056 0.21526057 -50.582499999999996 9.6275 40.53894728450473 64.82280118280799 9.060982502451896 9.409995921963446
254.96307623887 -42.23300298846 0.0362 0.0264 17.0284 "" "" 5966260051513885184 2379.50977 0.3564 0.0439 -0.895 -1.25 0.061 0.048 0.998 4557.5 1.9869 15.40342 3.620906 17.655708 14.034802 -17.26 3.04 2173.78687 2590.05835 12989.09196 5.9774 1183.4 8.2495 19286.0 28.306 "" "" 0.0028002553890286667 0.008066599 0.0041015935 0.012168193 254.96307623887 -42.23300298846 2379.50977 -0.8950000000000005 -1.2500000000000004 -0.6567727220058441 -0.8804545402526855 0.16526057 0.15226057 -44.3225 10.5075 12.38906709665708 46.021440544331846 1.945477660453183 10.133145184216207
254.70316102989 -42.07601371933 0.0298 0.0201 2.5288 "" "" 5966277334462387328 2312.91431 0.3903 0.0349 -1.288 -3.972 0.049 0.038 1.023 "" "" 15.403645 2.355632 16.6554 14.299767 "" "" 2182.98975 2550.08887 12986.40095 4.8642 2973.4 7.1419 15110.0 12.929 "" "" 0.002785170291264876 0.0038191618 0.0038918895 0.007711051 254.70316102989 -42.07601371933 2312.91431 -1.2879999999999998 -3.972 -1.0497727220058441 -3.6024545402526855 0.15326057 0.14226057 "" "" 41.137188646377396 "" 5.888872221227105 ""
254.85283594393 -41.8936423487 0.0319 0.0197 11.2242 "" "" 5966374542467808640 2415.30835 0.3733 0.0376 -1.326 -2.781 0.04 0.033 1.051 "" "" 15.416565 1.639753 16.182909 14.543156 "" "" 2219.6272 2665.77148 12832.77623 5.0905 4594.7 8.6301 12075.0 12.062 "" "" 0.002788777995531885 0.0034559844 0.0039319224 0.007387907 254.85283594393 -41.8936423487 2415.30835 -1.3259999999999996 -2.7810000000000006 -1.0877727220058442 -2.4114545402526857 0.14426057 0.13726057 "" "" 30.286503734516526 "" 4.193740582084387 ""
254.37926160192 -41.95056110708 0.062 0.0393 14.6978 "" "" 5966464290106686720 2356.91724 0.3591 0.0696 -4.173 -4.819 0.089 0.066 1.06 4005.1 1.2447 15.426592 4.826738 18.738499 13.91176 -75.35 2.57 2013.98792 2760.72974 12714.81564 9.5167 436.53 9.2001 21600.0 28.091 "" "" 0.0028726608811091964 0.023051944 0.0040345383 0.027086481 254.37926160192 -41.95056110708 2356.91724 -4.173000000000001 -4.818999999999999 -3.934772722005844 -4.4494545402526855 0.19326058 0.17026058 -102.4125 10.037499 66.3571107563984 122.03108744982535 11.991710339553054 10.652731528587237
254.76493283234 -41.76245647113 0.0322 0.0197 16.7223 "" "" 5966376500973077504 2560.81787 0.3548 0.0382 -0.231 -2.255 0.044 0.033 1.03 5002.1 2.668 15.432882 2.659357 16.91592 14.256563 6.04 3.7 2313.1084 2940.91089 12641.35935 4.4096 2339.1 9.4969 15723.0 13.407 "" "" 0.002781227394080944 0.005216984 0.003891124 0.009108108 254.76493283234 -41.76245647113 2560.81787 -0.231 -2.255 0.007227277994155873 -1.8854545402526854 0.14826056 0.13726057 -21.022499999999997 11.1675 22.88633705732065 31.076195554657076 3.141395542556787 7.900921509140416
254.88440712012 -42.14934932371 0.032 0.0222 11.0863 "" "" 5966264934899206528 2708.56055 0.3111 0.0385 -1.295 -6.212 0.06 0.042 0.947 "" "" 15.437526 2.927926 17.130798 14.202872 -26.04 3.72 2455.45825 2975.14502 12587.41051 5.4687 1919.1 7.2992 16520.0 15.529 "" "" 0.002795406334397795 0.004983791 0.0039147623 0.008898553 254.88440712012 -42.14934932371 2708.56055 -1.295 -6.211999999999996 -1.056772722005844 -5.842454540252685 0.16426057 0.14626057 -53.10249999999999 11.1875 76.22595602550228 92.8992566076382 11.19489943670549 11.192482265259601
254.99897738766 -42.13162581355 0.0319 0.0206 14.9847 "" "" 5966262254839496448 2572.19385 0.3515 0.0385 -1.04 -2.592 0.051 0.035 1.032 "" "" 15.447812 1.75473 16.27609 14.52136 "" "" 2380.64453 2744.21826 12468.7242 7.0294 4216.8 10.993 12320.0 19.076 "" "" 0.0028224904970464643 0.00397449 0.004136414 0.008110903 254.99897738766 -42.13162581355 2572.19385 -1.04 -2.5920000000000005 -0.8017727220058442 -2.2224545402526856 0.15526056 0.13926058 "" "" 28.8059725556596 "" 4.067274808568047 ""
254.42047443844 -41.86902736648 0.0296 0.021 15.5747 "" "" 5966470887176646528 2617.81934 0.3387 0.0362 0.042 -1.123 0.053 0.039 0.994 9329.1 3.5477 15.450093 1.334896 16.034733 14.699837 "" "" 2398.93677 2871.29907 12442.55388 5.9931 5266.5 11.792 10453.0 23.885 "" "" 0.0028045095548208166 0.003700667 0.004520904 0.00822157 254.42047443844 -41.86902736648 2617.81934 0.04199999999999979 -1.123 0.28022727799415587 -0.7534545402526855 0.15726057 0.14326057 "" "" 9.974900473031516 "" 1.4466993834880797 ""
254.80910916962 -42.25429680174 0.0316 0.0209 14.1932 "" "" 5966257650634377984 2313.59155 0.3841 0.037 -1.381 -1.264 0.055 0.039 1.015 "" "" 15.469611 2.349393 16.71103 14.361636 "" "" 2116.08398 2542.95459 12220.87583 4.8233 2824.9 8.9984 14273.0 13.659 "" "" 0.002788443058557618 0.0044436697 0.0039196056 0.008363275 254.80910916962 -42.25429680174 2313.59155 -1.3810000000000002 -1.2640000000000002 -1.1427727220058441 -0.8944545402526856 0.15926057 0.14326057 "" "" 15.914463016355223 "" 2.440944176904082 ""
