Clusters/FSR_0686/FSR_0686_stars_in_region.tsv
# %ECSV 1.0
# ---
# datatype:
# - name: RA_ICRS_1
#   unit: deg
#   datatype: float64
#   format: '{:15.11f}'
#   description: Right ascension (ICRS) at Ep=2016.0 (ra)
#   meta: !!omap
#   - {ucd: POS_EQ_RA_MAIN}
#   - {width: 15}
#   - {precision: '11'}
# - name: DE_ICRS_1
#   unit: deg
#   datatype: float64
#   format: '{:15.11f}'
#   description: Declination (ICRS) at Ep=2016.0 (dec)
#   meta: !!omap
#   - {ucd: POS_EQ_DEC_MAIN}
#   - {width: 15}
#   - {precision: '11'}
# - name: e_RA_ICRS
#   unit: mas
#   datatype: float64
#   format: '{:7.4f}'
#   description: Standard error of right ascension (ra_error)
#   meta: !!omap
#   - {ucd: ERROR}
#   - {width: 7}
#   - {precision: '4'}
# - name: e_DE_ICRS
#   unit: mas
#   datatype: float64
#   format: '{:7.4f}'
#   description: Standard error of declination (dec_error)
#   meta: !!omap
#   - {ucd: ERROR}
#   - {width: 7}
#   - {precision: '4'}
# - name: _r_1
#   unit: ''
#   datatype: float64
#   format: '{:7.4f}'
#   description: Distance from center (066.35301107000+46.09809595000)[ICRS], at Epoch=J2016.0
#   meta: !!omap
#   - {ucd: POS_ANG_DIST_GENERAL}
#   - {width: 7}
#   - {precision: '4'}
# - name: HIP
#   datatype: int32
#   description: '? HIP cross-id number, van Leeuwen, Cat. I/311 (hip_original_ext_source_id)'
#   meta: !!omap
#   - {ucd: ID_NUMBER}
#   - {width: 6}
#   - values: {'null': -2147483648}
# - name: TYC2
#   datatype: string
#   description: Tycho-2 cross-id name, Hog et al., Cat. I/259 (tyc2_original_ext_source_id)
#   meta: !!omap
#   - {ucd: ID_CROSSID}
#   - {_votable_string_dtype: char}
# - name: Source
#   datatype: int64
#   description: Source identifier, identical to the Gaia-EDR3 source_id (id)
#   meta: !!omap
#   - {ucd: ID_MAIN}
#   - {width: 19}
# - name: rgeo
#   unit: pc
#   datatype: float64
#   format: '{:15.8f}'
#   description: '? Median of the geometric distance posterior (r_med_geo)'
#   meta: !!omap
#   - {ucd: PHYS_DISTANCE_TRUE}
#   - {width: 15}
#   - {precision: '8'}
#   - values: {'null': .nan}
# - name: Plx
#   unit: mas
#   datatype: float64
#   format: '{:9.4f}'
#   description: '? Parallax (parallax)'
#   meta: !!omap
#   - {ucd: POS_PARLX_TRIG}
#   - {width: 9}
#   - {precision: '4'}
#   - values: {'null': .nan}
# - name: e_Plx
#   unit: mas
#   datatype: float32
#   format: '{:7.4f}'
#   description: '? Standard error of parallax (parallax_error)'
#   meta: !!omap
#   - {ucd: ERROR}
#   - {width: 7}
#   - {precision: '4'}
#   - values: {'null': .nan}
# - name: pmRA
#   unit: mas / yr
#   datatype: float64
#   format: '{:9.3f}'
#   description: '? Proper motion in right ascension direction, pmRA*cosDE (pmra)'
#   meta: !!omap
#   - {ucd: POS_EQ_PMRA}
#   - {width: 9}
#   - {precision: '3'}
#   - values: {'null': .nan}
# - name: pmDE
#   unit: mas / yr
#   datatype: float64
#   format: '{:9.3f}'
#   description: '? Proper motion in declination direction (pmdec)'
#   meta: !!omap
#   - {ucd: POS_EQ_PMDEC}
#   - {width: 9}
#   - {precision: '3'}
#   - values: {'null': .nan}
# - name: e_pmRA
#   unit: mas / yr
#   datatype: float32
#   format: '{:6.3f}'
#   description: '? Standard error of proper motion in right ascension direction (pmra_error)'
#   meta: !!omap
#   - {ucd: ERROR}
#   - {width: 6}
#   - {precision: '3'}
#   - values: {'null': .nan}
# - name: e_pmDE
[...]
#         unit: &id001 !astropy.units.Unit {unit: deg}
#         value: !astropy.table.SerializedColumn {name: SkyCoord.dec}
#       distance: !astropy.table.SerializedColumn
#         __class__: astropy.coordinates.distances.Distance
#         unit: !astropy.units.Unit {unit: pc}
#         value: !astropy.table.SerializedColumn {name: SkyCoord.distance}
#       frame: icrs
#       obstime: !astropy.time.Time {format: jyear_str, in_subfmt: '*', jd1: 367701545.0, jd2: 0.0, out_subfmt: '*', precision: 3, scale: tt}
#       pm_dec: !astropy.table.SerializedColumn
#         __class__: astropy.units.quantity.Quantity
#         unit: !astropy.units.Unit {unit: mas / yr}
#         value: !astropy.table.SerializedColumn {name: SkyCoord.pm_dec}
#       pm_ra_cosdec: !astropy.table.SerializedColumn
#         __class__: astropy.units.quantity.Quantity
#         unit: !astropy.units.Unit {unit: mas / yr}
#         value: !astropy.table.SerializedColumn {name: SkyCoord.pm_ra_cosdec}
#       ra: !astropy.table.SerializedColumn
#         __class__: astropy.coordinates.angles.Longitude
#         unit: *id001
#         value: !astropy.table.SerializedColumn {name: SkyCoord.ra}
#         wrap_angle: !astropy.coordinates.Angle
#           unit: *id001
#           value: 360.0
#       representation_type: spherical
# schema: astropy-2.0
RA_ICRS_1 DE_ICRS_1 e_RA_ICRS e_DE_ICRS _r_1 HIP TYC2 Source rgeo Plx e_Plx pmRA pmDE e_pmRA e_pmDE RUWE Teff logg Gmag BP-RP BPmag RPmag RV e_RV b_rgeo B_rgeo FG e_FG FBP e_FBP FRP e_FRP RAVE5 RAVE6 e_Gmag e_BPmag e_RPmag e_BP-RP SkyCoord.ra SkyCoord.dec SkyCoord.distance SkyCoord.pm_ra_cosdec SkyCoord.pm_dec
[from data line 80]
65.4581382109 46.16976166544 0.0116 0.0082 37.4549 "" "" 257009885220504576 786.87915 1.2429 0.0137 1.534 -0.746 0.015 0.011 1.035 "" "" 12.602124 0.667949 12.858698 12.190749 "" "" 778.315857 795.297485 171434.03829 38.193 98161.0 51.368 105400.0 50.952 "" "" 0.0027659172656107614 0.0028474312 0.0038156528 0.006663084 65.4581382109 46.16976166544 786.87915 1.534 -0.746
65.94307790788 45.88003198984 0.0158 0.0099 21.5227 "" "" 256803383192424320 950.242432 1.0256 0.0189 -1.996 -3.332 0.019 0.014 0.922 "" "" 12.606938 0.723471 12.889423 12.165953 14.36 36.88 932.240967 965.793457 170675.62719 31.791 95422.0 71.156 107840.0 57.125 "" "" 0.0027627320768223544 0.0029052626 0.0038228927 0.0067281555 65.94307790788 45.88003198984 950.242432 -1.9960000000000004 -3.3319999999999994
65.36561812371 46.29416785697 0.0138 0.009 42.6617 "" "" 257058504250272896 751.08075 1.3046 0.0155 0.666 -3.534 0.016 0.012 1.003 "" "" 12.61348 0.791946 12.926327 12.13438 4.43 34.22 741.62561 758.367004 169650.44558 39.187 92233.0 53.809 111020.0 51.824 "" "" 0.0027667102021585333 0.002861166 0.003813213 0.006674379 65.36561812371 46.29416785697 751.08075 0.6660000000000001 -3.534
66.26987300948 46.18059315469 0.0126 0.009 6.0372 "" "" 256833615462148352 858.652161 1.1353 0.0169 -1.712 -2.488 0.016 0.012 1.075 "" "" 12.621152 0.713618 12.895976 12.182358 "" "" 847.245483 870.788513 168455.82821 32.431 94848.0 61.886 106220.0 44.444 "" "" 0.0027632374002483817 0.002878698 0.0038065868 0.006685285 66.26987300948 46.18059315469 858.652161 -1.7120000000000002 -2.4880000000000004
66.07968599537 46.33974892172 0.0152 0.0105 18.4113 "" "" 257027335667072256 875.789612 1.1146 0.0174 1.773 -3.71 0.02 0.014 1.056 9036.9 4.1875 12.643088 0.625296 12.882887 12.257591 "" "" 861.523865 890.103943 165086.44059 35.934 95998.0 51.987 99111.0 46.747 "" "" 0.002765436884258187 0.0028514487 0.0038139187 0.0066653676 66.07968599537 46.33974892172 875.789612 1.773 -3.71
66.11143663463 46.68780002368 0.032 0.0209 36.7674 "" "" 257094444536318464 829.678589 1.1948 0.0404 -0.068 -2.928 0.042 0.031 2.575 6434.0 3.7474 12.644534 1.074758 13.091639 12.016882 -9.87 1.56 799.592285 857.061646 164866.70111 34.521 79207.0 51.894 123710.0 55.021 "" "" 0.002764683093830144 0.0028794191 0.0038101063 0.006689525 66.11143663463 46.68780002368 829.678589 -0.06799999999999984 -2.928
65.91989934909 46.61203097796 0.038 0.0253 35.6727 "" "" 257069087049468032 861.439941 1.1285 0.0476 1.097 -5.0 0.051 0.035 2.661 6591.5 3.6776 12.68201 0.908485 13.049406 12.140921 -2.06 8.04 825.025513 903.365417 159273.30726 29.04 82348.0 51.961 110350.0 43.614 "" "" 0.0027624224250548213 0.002873047 0.0038036655 0.0066767125 65.91989934909 46.61203097796 861.439941 1.0969999999999998 -5.0
65.72539298712 45.96368955208 0.0136 0.0094 27.3596 "" "" 256990059651682816 865.033997 1.1346 0.0168 4.756 -7.99 0.018 0.012 0.996 8179.1 4.0763 12.690692 0.787998 13.00089 12.212892 "" "" 852.496826 878.939575 158004.73915 33.864 86111.0 58.869 103280.0 62.069 "" "" 0.0027651288775240616 0.002887211 0.003835295 0.006722506 65.72539298712 45.96368955208 865.033997 4.756 -7.99
65.92214003769 46.35352528158 0.0139 0.0094 23.5532 "" "" 257016482290134912 981.369934 1.0054 0.0169 5.958 -7.55 0.017 0.012 1.092 "" "" 12.699199 1.423741 13.347624 11.923882 8.27 2.85 967.827148 995.988159 156771.56415 25.467 62570.0 37.162 134770.0 43.937 "" "" 0.0027609594753469644 0.0028637173 0.0037959213 0.0066596386 65.92214003769 46.35352528158 981.369934 5.958 -7.55
65.92507456843 46.58651873814 0.0131 0.009 34.2489 "" "" 257068812171570432 756.296692 1.2986 0.0167 5.437 -6.702 0.017 0.012 1.097 6933.7 3.9532 12.70927 0.917523 13.08199 12.164467 21.12 3.48 748.549927 765.279907 155324.16235 29.071 79914.0 43.463 107990.0 52.153 "" "" 0.0027628036012176467 0.0028519712 0.0038155823 0.0066675534 65.92507456843 46.58651873814 756.296692 5.437000000000001 -6.702000000000002
65.61429187857 46.0058494072 0.0147 0.0097 31.2544 "" "" 256992735410545408 841.784729 1.1675 0.0163 3.613 -1.104 0.02 0.012 0.969 6997.4 3.9019 12.711197 0.981117 13.114113 12.132996 -36.19 3.63 827.705261 855.082397 155048.61153 80.655 77584.0 173.76 111160.0 118.62 "" "" 0.0028126105613429757 0.00370108 0.0039529838 0.007654064 65.61429187857 46.0058494072 841.784729 3.6130000000000004 -1.104
65.82833360729 45.70455948146 0.012 0.0088 32.2095 "" "" 256795407433106688 889.385498 1.0988 0.0166 1.527 -5.018 0.017 0.012 1.029 9832.1 4.1487 12.712115 0.917735 13.081519 12.163784 9.69 38.85 876.64917 902.865723 154917.50741 26.709 79948.0 54.884 108050.0 55.987 "" "" 0.002761671468937693 0.0028880097 0.0038210242 0.0067090336 65.82833360729 45.70455948146 889.385498 1.5270000000000004 -5.018000000000001
65.54680781919 45.58134712301 0.0139 0.0098 45.792 "" "" 232774411260791680 1068.98743 0.9117 0.0179 3.104 -3.965 0.018 0.013 1.112 9227.2 4.0927 12.71268 0.647737 12.960735 12.312998 "" "" 1049.83167 1087.8114 154837.0134 33.27 89356.0 73.646 94180.0 47.161 "" "" 0.00276517905160618 0.002930154 0.0038182877 0.0067484416 65.54680781919 45.58134712301 1068.98743 3.104 -3.965
66.0057277436 46.37786616748 0.0147 0.0106 22.1243 "" "" 257016207412199168 977.535339 0.9962 0.0174 4.363 -7.1 0.019 0.014 1.083 8154.5 4.1398 12.72997 0.639973 12.975228 12.335256 "" "" 961.628662 994.402283 152390.76863 34.895 88171.0 60.901 92269.0 37.367 "" "" 0.002766513918023553 0.0028891952 0.0038048737 0.006694069 66.0057277436 46.37786616748 977.535339 4.363000000000001 -7.1
65.84565438708 45.97968028977 0.0121 0.009 22.2939 "" "" 256989608674354688 723.764221 1.3572 0.0157 -1.429 -3.68 0.015 0.012 0.974 6915.6 4.0078 12.731177 1.0313 13.161705 12.130404 -21.37 6.52 716.738342 731.82019 152221.44976 27.467 74257.0 46.437 111430.0 36.047 "" "" 0.0027622763573422466 0.0028715935 0.003795667 0.0066672605 65.84565438708 45.97968028977 723.764221 -1.4290000000000003 -3.68
66.53634719128 46.78161576327 0.0121 0.0071 41.7058 "" "" 257052078979257856 900.859802 1.0933 0.0136 6.824 -2.547 0.016 0.012 1.013 "" "" 12.734164 1.513273 13.43365 11.920377 -62.21 0.64 890.484741 912.569031 151803.30168 18.16 57804.0 28.411 135210.0 42.107 "" "" 0.0027583798708847194 0.0028407439 0.0037944764 0.0066352203 66.53634719128 46.78161576327 900.859802 6.824000000000001 -2.5469999999999997
66.45566337662 46.81137568393 0.0104 0.0061 43.0066 "" "" 257055033916295808 1011.58508 0.9669 0.0124 -1.361 -1.938 0.014 0.01 0.884 "" "" 12.736814 1.114891 13.210701 12.09581 -47.06 2.24 998.949768 1025.09607 151433.14026 22.134 70980.0 26.454 115040.0 32.56 "" "" 0.0027598865036762136 0.0028193598 0.0037918543 0.006611214 66.45566337662 46.81137568393 1011.58508 -1.3609999999999998 -1.9379999999999997
66.49831350012 46.08952848174 0.0378 0.0233 6.0677 "" "" 256818982512579200 819.577576 1.2065 0.0412 5.284 -5.189 0.047 0.034 2.638 6347.6 3.4622 12.752681 1.363131 13.360871 11.99774 22.98 1.06 788.301208 851.995422 149236.30624 19.928 61811.0 42.542 125910.0 35.111 "" "" 0.002759131951937732 0.0028885044 0.0037914896 0.006679994 66.49831350012 46.08952848174 819.577576 5.283999999999999 -5.189
66.76789296465 46.28557746975 0.013 0.007 20.5786 "" "" 256827396349498496 763.820007 1.298 0.0169 7.517 -5.551 0.018 0.011 0.988 "" "" 12.778463 1.833489 13.680666 11.847177 -52.82 0.51 755.694885 772.897949 145734.22318 16.986 46042.0 30.772 144640.0 33.034 "" "" 0.002758224736322715 0.0028829868 0.0037875078 0.0066704946 66.76789296465 46.28557746975 763.820007 7.517000000000001 -5.551
65.33237374805 45.77166114331 0.014 0.0098 46.877 "" "" 232969746374255232 1013.22803 0.9729 0.0169 6.693 -7.629 0.021 0.013 1.084 4661.3 2.7472 12.781715 1.697065 13.596937 11.899872 -26.92 0.47 1000.74792 1029.97363 145298.30659 31.822 49733.0 57.658 137790.0 78.84 "" "" 0.0027655619455700673 0.0030609635 0.0038300985 0.006891062 65.33237374805 45.77166114331 1013.22803 6.693 -7.629
66.17446689091 45.38247285236 0.0224 0.0159 43.5834 "" "" 256713944792901632 967.783997 1.026 0.0306 3.015 -4.086 0.032 0.021 1.793 "" "" 12.793153 1.528933 13.492894 11.963962 -23.37 12.86 942.701782 996.73114 143775.79567 25.095 54734.0 58.022 129890.0 44.165 "" "" 0.0027618295351741046 0.003018237 0.0037973693 0.0068156063 66.17446689091 45.38247285236 967.783997 3.015 -4.086
66.89705206668 46.51543595101 0.0132 0.0077 33.6969 "" "" 256935633824899200 938.086304 1.0365 0.0152 0.426 -3.808 0.017 0.012 1.008 "" "" 12.803863 0.687785 13.069002 12.381217 "" "" 924.944702 951.771362 142364.506 21.877 80875.0 38.385 88445.0 23.157 "" "" 0.002760367058154107 0.0028373573 0.0037900577 0.0066274153 66.89705206668 46.51543595101 938.086304 0.4259999999999998 -3.8079999999999994
65.62648387417 45.65890530278 0.0106 0.0079 40.1915 "" "" 232775343273205632 875.690918 1.118 0.0145 6.096 -9.725 0.015 0.01 0.879 6285.3 3.6095 12.810131 1.268161 13.366767 12.098606 14.13 1.23 861.29071 887.31427 141544.87735 20.803 61477.0 35.192 114740.0 42.256 "" "" 0.0027599370571287844 0.002858555 0.0038004748 0.00665903 65.62648387417 45.65890530278 875.690918 6.096 -9.725000000000001
66.31863225542 45.99194467036 0.013 0.0101 6.528 "" "" 256816646050429184 863.509155 1.1352 0.0156 -0.985 -3.151 0.017 0.013 1.012 7196.1 3.9614 12.822493 1.066752 13.268419 12.201668 "" "" 852.131226 875.186035 139942.54673 40.998 67305.0 70.566 104350.0 69.598 "" "" 0.002773619419623346 0.003013448 0.0038481322 0.0068615805 66.31863225542 45.99194467036 863.509155 -0.9849999999999998 -3.151
66.70556115959 46.45357623654 0.0141 0.0079 25.8588 "" "" 256844339999370752 1064.73975 0.9159 0.0158 2.244 -9.839 0.018 0.012 0.9 6692.1 3.7141 12.824293 1.150304 13.314435 12.164131 8.29 2.47 1047.25232 1084.53809 139710.67967 18.231 64512.0 26.847 108020.0 27.168 "" "" 0.0027589603687435747 0.0028265177 0.0037892342 0.006615752 66.70556115959 46.45357623654 1064.73975 2.2439999999999998 -9.838999999999999
66.16592788959 46.47059750238 0.0327 0.0207 23.658 "" "" 257040121790033280 833.324219 1.1712 0.04 -0.377 -2.579 0.046 0.029 1.964 9200.4 4.1131 12.834093 0.64296 13.081182 12.438222 "" "" 813.372925 857.74707 138455.25845 28.338 79973.0 42.317 83921.0 34.87 "" "" 0.0027642668706303036 0.0028487027 0.003806212 0.0066549145 66.16592788959 46.47059750238 833.324219 -0.3769999999999998 -2.5790000000000006
66.184504844 46.39536943574 0.0155 0.01 19.1579 "" "" 257027163868377984 1052.72009 0.9247 0.0184 -0.173 -2.19 0.02 0.014 1.018 7428.1 3.7511 12.835563 0.859145 13.180898 12.321753 "" "" 1033.2345 1072.15479 138267.99375 52.492 72955.0 88.658 93424.0 83.907 "" "" 0.0027859807386121467 0.0030864137 0.003903154 0.0069895675 66.184504844 46.39536943574 1052.72009 -0.17300000000000015 -2.19
65.84134553383 46.7970415897 0.0112 0.0083 46.9692 "" "" 257109872058852608 815.546265 1.2048 0.0159 5.856 -9.803 0.015 0.011 0.901 6138.2 3.7343 12.843012 1.158414 13.339844 12.18143 3.86 1.98 803.018494 825.496765 137322.63815 24.301 63020.0 44.799 106310.0 49.256 "" "" 0.0027620110855180752 0.0028949524 0.0038127135 0.006707666 65.84134553383 46.7970415897 815.546265 5.856 -9.803
66.48153598264 46.13989186727 0.0181 0.0104 5.9043 "" "" 256831077140471552 932.16156 1.0443 0.0188 -1.985 -1.643 0.021 0.016 1.126 9235.4 3.9405 12.871799 0.884293 13.225267 12.340975 "" "" 914.501038 945.348267 133729.52909 24.683 70034.0 39.286 91784.0 34.114 "" "" 0.0027625982430349626 0.0028558695 0.0038008648 0.0066567343 66.48153598264 46.13989186727 932.16156 -1.9849999999999999 -1.643
65.62789745183 46.49067156342 0.0142 0.0094 38.1899 "" "" 257070220920943872 956.526367 1.0232 0.0189 3.298 -4.331 0.017 0.012 0.975 7206.5 3.9822 12.8735 0.900768 13.238712 12.337944 "" "" 937.753052 972.543335 133520.17623 32.432 69172.0 63.754 92041.0 52.013 "" "" 0.002767912610493174 0.0029641925 0.0038288615 0.006793054 65.62789745183 46.49067156342 956.526367 3.2979999999999996 -4.331
65.6821830607 46.53267561208 0.0156 0.0103 38.1145 "" "" 257070766377421568 823.995728 1.1901 0.0194 2.022 -4.764 0.019 0.014 1.051 7272.8 4.0945 12.896335 0.852084 13.235193 12.383109 "" "" 811.550964 838.534424 130741.34668 199.53 69397.0 353.64 88291.0 389.35 "" "" 0.003215182874021782 0.0061965254 0.0060998388 0.012296364 65.6821830607 46.53267561208 823.995728 2.0219999999999994 -4.763999999999999
67.02046678857 46.63881654706 0.013 0.0074 42.6162 "" "" 256938107726010240 869.062317 1.1251 0.0145 3.127 -9.653 0.017 0.012 0.927 6837.3 3.7119 12.916371 1.22399 13.446129 12.222139 -10.16 3.49 862.300293 878.782104 128350.70947 16.349 57143.0 20.962 102400.0 30.495 "" "" 0.002758788839491831 0.0028184534 0.0037931877 0.006611641 67.02046678857 46.63881654706 869.062317 3.127 -9.652999999999999
65.36314669227 46.21684959866 0.0144 0.0105 41.7517 "" "" 233038156613595904 898.106384 1.0901 0.0164 3.578 -4.714 0.018 0.014 0.924 7198.9 3.9476 12.920762 0.916987 13.292821 12.375834 "" "" 884.066895 908.994385 127832.72138 25.525 65809.0 44.214 88884.0 42.353 "" "" 0.002763835958639932 0.0028839475 0.003814627 0.0066985744 65.36314669227 46.21684959866 898.106384 3.5780000000000003 -4.714
65.66344847908 45.64046708094 0.0127 0.0093 39.7974 "" "" 232775034035560448 730.40625 1.3442 0.0175 3.955 -3.428 0.019 0.013 0.963 7416.2 4.0469 12.921151 0.986116 13.326765 12.340649 "" "" 720.465271 739.860352 127786.9212 24.648 63784.0 40.447 91812.0 33.58 "" "" 0.0027632673465315233 0.0028738596 0.0038001868 0.0066740466 65.66344847908 45.64046708094 730.40625 3.955 -3.428
66.63920460984 45.92128558683 0.1225 0.0718 15.9618 "" "" 256766343394433408 838.670898 1.2589 0.1478 1.818 -5.245 0.162 0.106 7.841 "" "" 12.922541 0.895468 13.053523 12.158055 -30.44 17.24 745.486938 949.240173 127623.41011 99.355 82037.0 56.945 108630.0 47.66 "" "" 0.0028820534555805315 0.0028901622 0.0038092833 0.0066994457 66.63920460984 45.92128558683 838.670898 1.818 -5.244999999999999
65.7227822724 46.04558499312 0.0145 0.0116 26.4219 "" "" 256993701783732608 788.252319 1.2424 0.0185 1.263 -2.305 0.018 0.015 0.951 "" "" 12.933356 0.9332 13.31305 12.37985 "" "" 778.126404 798.128418 126358.47248 22.329 64595.0 38.04 88556.0 32.703 "" "" 0.0027619921201482967 0.0028624933 0.0038005908 0.006663084 65.7227822724 46.04558499312 788.252319 1.2630000000000001 -2.3050000000000006
66.14464854413 46.8753105228 0.0591 0.0385 47.4206 "" "" 257099770295687808 994.500427 0.9787 0.0754 3.826 -8.998 0.07 0.061 3.008 "" "" 12.939205 1.008237 13.081542 12.073305 "" "" 937.104675 1070.96619 125679.53995 61.363 79947.0 479.11 117450.0 526.01 "" "" 0.002805852165613346 0.0070796553 0.0061585917 0.0132382475 66.14464854413 46.8753105228 994.500427 3.8260000000000005 -8.998000000000001
66.56611882976 46.36105179779 0.0165 0.0093 18.0877 "" "" 256842175335889664 888.921997 1.1001 0.0198 -1.192 -1.938 0.023 0.015 0.968 7199.9 3.7187 12.944214 0.952123 13.332178 12.380055 "" "" 874.483154 904.721069 125101.16419 22.638 63467.0 30.145 88539.0 38.714 "" "" 0.0027623161862820053 0.0028374263 0.003809082 0.0066465084 66.56611882976 46.36105179779 888.921997 -1.192 -1.9379999999999997
65.9665476762 46.57256282134 0.0151 0.0102 32.6609 "" "" 257045275750785152 852.400208 1.1445 0.0195 -1.097 -2.508 0.021 0.014 0.955 8083.3 4.2931 12.953077 0.681918 13.217081 12.535163 "" "" 839.169495 866.410645 124084.05323 34.376 70564.0 45.274 76753.0 32.501 "" "" 0.0027716897623478497 0.0028758154 0.0038072432 0.0066830586 65.9665476762 46.57256282134 852.400208 -1.097 -2.508
