Clusters/FSR_0686/FSR_0686_stars_in_region.tsv
# %ECSV 1.0
# ---
# datatype:
# - name: RA_ICRS_1
#   unit: deg
#   datatype: float64
#   format: '{:15.11f}'
#   description: Right ascension (ICRS) at Ep=2016.0 (ra)
#   meta: !!omap
#   - {ucd: POS_EQ_RA_MAIN}
#   - {width: 15}
#   - {precision: '11'}
# - name: DE_ICRS_1
#   unit: deg
#   datatype: float64
#   format: '{:15.11f}'
#   description: Declination (ICRS) at Ep=2016.0 (dec)
#   meta: !!omap
#   - {ucd: POS_EQ_DEC_MAIN}
#   - {width: 15}
#   - {precision: '11'}
# - name: e_RA_ICRS
#   unit: mas
#   datatype: float64
#   format: '{:7.4f}'
#   description: Standard error of right ascension (ra_error)
#   meta: !!omap
#   - {ucd: ERROR}
#   - {width: 7}
#   - {precision: '4'}
# - name: e_DE_ICRS
#   unit: mas
#   datatype: float64
#   format: '{:7.4f}'
#   description: Standard error of declination (dec_error)
#   meta: !!omap
#   - {ucd: ERROR}
#   - {width: 7}
#   - {precision: '4'}
# - name: _r_1
#   unit: ''
#   datatype: float64
#   format: '{:7.4f}'
#   description: Distance from center (066.35301107000+46.09809595000)[ICRS], at Epoch=J2016.0
#   meta: !!omap
#   - {ucd: POS_ANG_DIST_GENERAL}
#   - {width: 7}
#   - {precision: '4'}
# - name: HIP
#   datatype: int32
#   description: '? HIP cross-id number, van Leeuwen, Cat. I/311 (hip_original_ext_source_id)'
#   meta: !!omap
#   - {ucd: ID_NUMBER}
#   - {width: 6}
#   - values: {'null': -2147483648}
# - name: TYC2
#   datatype: string
#   description: Tycho-2 cross-id name, Hog et al., Cat. I/259 (tyc2_original_ext_source_id)
#   meta: !!omap
#   - {ucd: ID_CROSSID}
#   - {_votable_string_dtype: char}
# - name: Source
#   datatype: int64
#   description: Source identifier, identical to the Gaia-EDR3 source_id (id)
#   meta: !!omap
#   - {ucd: ID_MAIN}
#   - {width: 19}
# - name: rgeo
#   unit: pc
#   datatype: float64
#   format: '{:15.8f}'
#   description: '? Median of the geometric distance posterior (r_med_geo)'
#   meta: !!omap
#   - {ucd: PHYS_DISTANCE_TRUE}
#   - {width: 15}
#   - {precision: '8'}
#   - values: {'null': .nan}
# - name: Plx
#   unit: mas
#   datatype: float64
#   format: '{:9.4f}'
#   description: '? Parallax (parallax)'
#   meta: !!omap
#   - {ucd: POS_PARLX_TRIG}
#   - {width: 9}
#   - {precision: '4'}
#   - values: {'null': .nan}
# - name: e_Plx
#   unit: mas
#   datatype: float32
#   format: '{:7.4f}'
#   description: '? Standard error of parallax (parallax_error)'
#   meta: !!omap
#   - {ucd: ERROR}
#   - {width: 7}
#   - {precision: '4'}
#   - values: {'null': .nan}
# - name: pmRA
#   unit: mas / yr
#   datatype: float64
#   format: '{:9.3f}'
#   description: '? Proper motion in right ascension direction, pmRA*cosDE (pmra)'
#   meta: !!omap
#   - {ucd: POS_EQ_PMRA}
#   - {width: 9}
#   - {precision: '3'}
#   - values: {'null': .nan}
# - name: pmDE
#   unit: mas / yr
#   datatype: float64
#   format: '{:9.3f}'
#   description: '? Proper motion in declination direction (pmdec)'
#   meta: !!omap
#   - {ucd: POS_EQ_PMDEC}
#   - {width: 9}
#   - {precision: '3'}
#   - values: {'null': .nan}
# - name: e_pmRA
#   unit: mas / yr
#   datatype: float32
#   format: '{:6.3f}'
#   description: '? Standard error of proper motion in right ascension direction (pmra_error)'
#   meta: !!omap
#   - {ucd: ERROR}
#   - {width: 6}
#   - {precision: '3'}
#   - values: {'null': .nan}
# - name: e_pmDE
[...]
#         unit: &id001 !astropy.units.Unit {unit: deg}
#         value: !astropy.table.SerializedColumn {name: SkyCoord.dec}
#       distance: !astropy.table.SerializedColumn
#         __class__: astropy.coordinates.distances.Distance
#         unit: !astropy.units.Unit {unit: pc}
#         value: !astropy.table.SerializedColumn {name: SkyCoord.distance}
#       frame: icrs
#       obstime: !astropy.time.Time {format: jyear_str, in_subfmt: '*', jd1: 367701545.0, jd2: 0.0, out_subfmt: '*', precision: 3, scale: tt}
#       pm_dec: !astropy.table.SerializedColumn
#         __class__: astropy.units.quantity.Quantity
#         unit: !astropy.units.Unit {unit: mas / yr}
#         value: !astropy.table.SerializedColumn {name: SkyCoord.pm_dec}
#       pm_ra_cosdec: !astropy.table.SerializedColumn
#         __class__: astropy.units.quantity.Quantity
#         unit: !astropy.units.Unit {unit: mas / yr}
#         value: !astropy.table.SerializedColumn {name: SkyCoord.pm_ra_cosdec}
#       ra: !astropy.table.SerializedColumn
#         __class__: astropy.coordinates.angles.Longitude
#         unit: *id001
#         value: !astropy.table.SerializedColumn {name: SkyCoord.ra}
#         wrap_angle: !astropy.coordinates.Angle
#           unit: *id001
#           value: 360.0
#       representation_type: spherical
# schema: astropy-2.0
RA_ICRS_1 DE_ICRS_1 e_RA_ICRS e_DE_ICRS _r_1 HIP TYC2 Source rgeo Plx e_Plx pmRA pmDE e_pmRA e_pmDE RUWE Teff logg Gmag BP-RP BPmag RPmag RV e_RV b_rgeo B_rgeo FG e_FG FBP e_FBP FRP e_FRP RAVE5 RAVE6 e_Gmag e_BPmag e_RPmag e_BP-RP SkyCoord.ra SkyCoord.dec SkyCoord.distance SkyCoord.pm_ra_cosdec SkyCoord.pm_dec
[from data line 1097]
66.37992218207 46.7311848758 0.0466 0.029 38.0016 "" "" 257050257912711680 1032.51941 0.9518 0.0536 2.241 -1.135 0.059 0.043 1.085 4987.6 4.6267 16.485199 1.404713 17.119194 15.714481 "" "" 979.321472 1087.4563 4795.86676 2.1814 1939.7 8.5726 4105.5 9.0815 "" "" 0.002799227458231128 0.005550704 0.004477925 0.010028629 66.37992218207 46.7311848758 1032.51941 2.241 -1.135
66.23688609171 45.39458332065 0.0517 0.0383 42.4899 "" "" 256719682869200256 1028.32751 0.9433 0.0701 4.579 -7.979 0.071 0.047 1.143 4998.4 4.3585 16.486496 2.141054 17.592169 15.451115 "" "" 961.437012 1143.38477 4790.1419 2.3763 1254.7 11.788 5232.5 10.416 "" "" 0.002807471082530573 0.010575289 0.00435373 0.014929019 66.23688609171 45.39458332065 1028.32751 4.579 -7.979
66.79321873446 45.4649431925 0.0499 0.0302 42.2191 "" "" 253739147365329536 921.724243 1.0503 0.0559 -2.626 0.472 0.058 0.043 1.017 "" "" 16.489227 1.475193 17.162516 15.687323 "" "" 879.417908 976.000854 4778.10857 2.3884 1863.8 15.822 4209.5 9.0375 "" "" 0.0028082616995870574 0.009629998 0.0044404147 0.014070413 66.79321873446 45.4649431925 921.724243 -2.6260000000000003 0.472
66.64997399545 46.70799156515 0.0448 0.026 38.6013 "" "" 257038300724174976 882.964417 1.1189 0.0556 0.414 -3.804 0.06 0.041 0.927 4711.0 4.414 16.492716 1.530502 17.208864 15.678362 "" "" 850.574585 924.076355 4762.77982 4.4721 1786.0 12.468 4244.4 16.298 "" "" 0.002937875488070699 0.008076734 0.0056271767 0.013703911 66.64997399545 46.70799156515 882.964417 0.4139999999999998 -3.8039999999999994
65.8959431537 46.57272915168 0.0544 0.0365 34.198 "" "" 257068880886835712 935.683533 1.0513 0.0654 0.015 -9.914 0.067 0.05 1.082 4435.1 4.3863 16.495867 1.693698 17.307129 15.613431 "" "" 888.170166 997.400024 4748.9785 2.7552 1631.4 13.314 4505.9 9.988 "" "" 0.0028264064965966697 0.009289706 0.0044806153 0.013770321 65.8959431537 46.57272915168 935.683533 0.015000000000000124 -9.913999999999998
65.43937999808 45.67286990742 0.0487 0.0359 45.9017 "" "" 232777572356802816 931.554871 1.0455 0.0679 2.338 -3.274 0.074 0.047 1.011 4611.3 4.4 16.497066 1.484837 17.178293 15.693457 "" "" 882.613037 1001.72485 4743.72923 3.4472 1837.0 10.177 4185.8 12.719 "" "" 0.0028660587718166157 0.006630623 0.0050167674 0.01164739 65.43937999808 45.67286990742 931.554871 2.338 -3.274
65.29112071587 45.92613272928 0.0449 0.0328 45.436 "" "" 232983975605837184 821.276917 1.1855 0.0588 -1.238 -1.089 0.061 0.045 1.011 5016.5 4.7066 16.497807 1.509699 17.181135 15.671436 "" "" 787.713562 868.326233 4740.49836 7.6907 1832.2 16.858 4271.5 22.685 "" "" 0.0032702348757226527 0.010372148 0.006894325 0.017266473 65.29112071587 45.92613272928 821.276917 -1.2379999999999998 -1.089
66.03814622564 45.52431859884 0.0865 0.0658 36.859 "" "" 256731124661816064 855.251709 1.1659 0.1129 -0.579 -2.089 0.116 0.081 2.419 "" "" 16.499239 1.761373 17.220938 15.459564 "" "" 792.388367 937.615601 4734.24894 4.8504 1766.2 8.4659 5192.0 14.844 "" "" 0.002971391062780339 0.0059050145 0.004890744 0.010795759 66.03814622564 45.52431859884 855.251709 -0.5790000000000002 -2.0889999999999995
66.2740470178 45.9701337921 0.0513 0.0359 8.3526 "" "" 256816508611486208 955.325989 1.0156 0.0613 5.192 2.209 0.063 0.048 1.018 5125.8 4.6496 16.500252 1.603052 17.257015 15.653963 "" "" 891.199097 1016.66309 4729.83401 2.3009 1708.5 9.4408 4340.8 13.038 "" "" 0.0028054867791961384 0.0066166115 0.0049918504 0.011608462 66.2740470178 45.9701337921 955.325989 5.192 2.2090000000000005
66.27763731002 46.46249607279 0.0529 0.0331 22.0863 "" "" 257028954875419008 936.584778 1.0374 0.0727 4.128 -3.238 0.078 0.047 1.051 4430.4 4.4031 16.501625 1.759716 17.349382 15.589666 "" "" 874.095886 1007.39294 4723.86005 2.4653 1569.1 7.7124 4605.7 10.592 "" "" 0.0028129797896176848 0.006021973 0.0045297234 0.010551697 66.27763731002 46.46249607279 936.584778 4.128 -3.2380000000000004
65.25657169569 46.33382257899 0.0547 0.0343 47.6665 "" "" 233043555391238912 949.336243 1.0313 0.0568 -0.879 -5.308 0.062 0.044 1.032 4819.1 4.5267 16.502596 1.533641 17.217667 15.684026 "" "" 897.317444 1002.14996 4719.63637 2.347 1771.5 8.285 4222.3 12.946 "" "" 0.0028077218886388942 0.0057938853 0.005036449 0.010830334 65.25657169569 46.33382257899 949.336243 -0.879 -5.308
65.8801811979 46.08098286797 0.0545 0.0381 19.7021 "" "" 256996759800650112 1015.51465 0.9529 0.0666 -2.298 -2.609 0.066 0.048 1.043 4990.2 4.6799 16.506395 1.55194 17.211126 15.659186 "" "" 946.246765 1088.43372 4703.14797 2.6738 1782.2 10.687 4320.0 13.237 "" "" 0.0028236134787224627 0.0070833247 0.0050350274 0.012118353 65.8801811979 46.08098286797 1015.51465 -2.2980000000000005 -2.609
66.18222022146 45.57380602798 0.0456 0.0338 32.2574 "" "" 256736789719629312 997.939453 0.9745 0.0589 2.402 -1.733 0.057 0.043 1.044 5184.9 4.3092 16.507214 2.039597 17.539602 15.500006 "" "" 941.161865 1052.10486 4699.60063 2.7273 1317.0 9.801 5002.1 9.8078 "" "" 0.002826444984183248 0.00854814 0.0043377066 0.012885846 66.18222022146 45.57380602798 997.939453 2.402 -1.733
65.47295342066 45.87108347977 0.1011 0.0529 39.137 "" "" 232971949692934656 994.967834 1.0128 0.0914 5.305 -3.827 0.127 0.071 1.246 "" "" 16.509249 "" "" "" "" "" 918.264526 1094.53735 4690.80332 4.6082 "" "" "" "" "" "" 0.00295456606270587 "" "" "" 65.47295342066 45.87108347977 994.967834 5.304999999999999 -3.8269999999999995
66.5667652069 46.56490467838 0.0482 0.0273 29.3751 "" "" 257034246275078784 720.59845 1.3501 0.0618 1.972 7.446 0.065 0.042 1.063 4646.7 4.6684 16.512554 1.654585 17.300312 15.645727 "" "" 689.615295 751.172546 4676.54638 1.9465 1641.7 9.2555 4373.9 10.355 "" "" 0.0027921342152392725 0.0067270407 0.004570649 0.01129769 66.5667652069 46.56490467838 720.59845 1.9719999999999998 7.446
65.68518752387 46.25959679006 0.0443 0.0339 29.3878 "" "" 257011534487883648 1055.1189 0.9323 0.0559 -0.774 -0.879 0.059 0.043 0.985 5235.7 4.7 16.513926 1.37718 17.129429 15.752249 "" "" 991.108215 1127.23779 4670.6437 2.3329 1921.5 11.61 3965.1 14.182 "" "" 0.002808181659312053 0.0071288906 0.0054188753 0.012547766 65.68518752387 46.25959679006 1055.1189 -0.774 -0.879
66.56981171196 45.6582826739 0.0516 0.0348 27.8994 "" "" 256746895781906560 825.341125 1.1907 0.0624 2.399 -1.093 0.063 0.046 1.105 4686.5 4.3733 16.513933 1.812485 17.395641 15.583157 "" "" 786.974243 870.488281 4670.61181 2.6128 1503.7 9.9506 4633.4 8.4427 "" "" 0.002821470076676743 0.0077075195 0.00426587 0.011973389 66.56981171196 45.6582826739 825.341125 2.399 -1.093
65.48978607028 45.911278628 0.0505 0.0369 37.6813 "" "" 232972155855358336 987.756287 0.9935 0.0614 -1.852 -1.331 0.065 0.046 0.985 4623.7 4.4348 16.514267 1.66351 17.306717 15.643207 "" "" 930.943848 1053.46899 4669.17591 2.3243 1632.0 9.5439 4384.0 9.2425 "" "" 0.0028078289610855606 0.0069353757 0.004418505 0.01135388 65.48978607028 45.911278628 987.756287 -1.8519999999999999 -1.3309999999999997
66.28375021148 46.40739867291 0.051 0.0308 18.7793 "" "" 257028572617973888 951.117676 1.054 0.0639 2.522 -5.819 0.068 0.046 0.981 4964.6 4.5891 16.51769 1.513559 17.21885 15.70529 "" "" 898.498291 1013.34381 4654.47071 2.4984 1769.6 15.322 4140.4 11.601 "" "" 0.0028162811694851402 0.009806122 0.0048516253 0.014657747 66.28375021148 46.40739867291 951.117676 2.522 -5.818999999999999
66.03594359564 45.91428976627 0.0483 0.0351 17.2112 "" "" 256803692429122944 796.630676 1.2325 0.0604 2.577 -10.77 0.062 0.045 1.058 4510.3 4.4839 16.519072 1.576941 17.25704 15.680099 "" "" 754.876953 840.849609 4648.55803 2.6778 1708.4 8.5929 4237.6 8.7045 "" "" 0.0028254135827158453 0.0061325273 0.0043883505 0.010520877 66.03594359564 45.91428976627 796.630676 2.577 -10.77
66.41046494371 45.8779084134 0.0527 0.0369 13.4266 "" "" 256811625230202496 900.95813 1.0922 0.0643 3.927 -5.802 0.061 0.046 0.966 4534.4 4.3771 16.520504 1.771722 17.380253 15.608531 "" "" 855.652588 973.698792 4642.4275 2.3781 1525.2 13.634 4526.3 9.7634 "" "" 0.0028108925459259543 0.010098665 0.004446186 0.014544851 66.41046494371 45.8779084134 900.95813 3.9269999999999996 -5.802
66.60386725291 46.76311462934 0.0465 0.0273 41.2276 "" "" 257051151266319616 987.189697 0.9932 0.0536 0.23 4.553 0.06 0.046 0.983 5074.4 4.6244 16.520567 1.578445 17.249588 15.671144 "" "" 936.269348 1054.01196 4642.15523 1.9096 1720.2 7.8765 4272.7 8.0554 "" "" 0.002791284112608653 0.005700865 0.004298112 0.009998977 66.60386725291 46.76311462934 987.189697 0.22999999999999954 4.553000000000001
66.24725185563 46.59367400623 0.0472 0.0309 30.0556 "" "" 257043282885899392 1072.5448 0.9069 0.0584 6.583 -7.271 0.061 0.047 0.967 4905.3 4.6239 16.521246 1.553889 17.242472 15.688582 "" "" 1002.70239 1147.93091 4639.25915 2.3805 1731.5 8.7437 4204.6 9.2799 "" "" 0.0028110789941940225 0.0061518615 0.0044750446 0.0106269065 66.24725185563 46.59367400623 1072.5448 6.582999999999999 -7.270999999999999
66.29070729368 46.72536848284 0.0453 0.0275 37.7245 "" "" 257053006691800320 1024.23413 0.9466 0.0531 0.184 -4.348 0.062 0.042 0.968 4994.8 4.4702 16.522024 1.400281 17.152538 15.752257 "" "" 966.503662 1088.10718 4635.93097 4.7253 1881.1 13.397 3965.1 12.991 "" "" 0.0029692591345126754 0.0082205 0.00519015 0.01341065 66.29070729368 46.72536848284 1024.23413 0.18399999999999972 -4.347999999999999
67.03467724864 46.62405471566 0.0491 0.0268 42.3383 "" "" 256938039006535296 996.144653 0.984 0.0533 5.138 -2.994 0.06 0.046 1.038 5077.3 4.6552 16.52335 1.606307 17.275389 15.669082 "" "" 954.220642 1044.4696 4630.27681 1.7958 1679.8 9.0406 4280.8 9.62 "" "" 0.0027873116981691304 0.006475346 0.0044985446 0.010973891 67.03467724864 46.62405471566 996.144653 5.138 -2.994
65.40929629399 46.14858908796 0.0538 0.0349 39.3623 "" "" 257009816501037952 1015.64404 0.9634 0.0593 -0.541 -4.657 0.068 0.045 1.049 5086.4 3.8921 16.523613 1.476638 17.210543 15.733905 "" "" 962.077637 1074.67883 4629.15229 2.6459 1783.2 8.6372 4032.7 10.976 "" "" 0.002824341739216542 0.0059532663 0.0047975364 0.010750802 65.40929629399 46.14858908796 1015.64404 -0.5410000000000004 -4.657
66.41972794856 45.46082506485 0.0472 0.0324 38.338 "" "" 256720816740686848 742.704834 1.3289 0.0632 3.59 -3.687 0.058 0.041 1.056 4523.6 4.3853 16.524498 1.914662 17.475527 15.560864 "" "" 708.075378 780.273926 4625.38286 2.3215 1397.0 10.442 4729.5 12.452 "" "" 0.0028086908728704976 0.008581682 0.004738684 0.013320366 66.41972794856 45.46082506485 742.704834 3.59 -3.687
66.30962386971 46.09010876326 0.0528 0.0344 1.8678 "" "" 256829977629451264 990.424561 0.9842 0.0654 -1.185 -12.074 0.066 0.046 0.986 4905.7 4.6221 16.527092 1.591859 17.28092 15.689061 "" "" 935.289001 1057.04785 4614.34119 2.3107 1671.3 12.492 4202.8 10.304 "" "" 0.0028084510847867657 0.00858151 0.004622708 0.013204218 66.30962386971 46.09010876326 990.424561 -1.185 -12.073999999999998
65.69915745475 46.68423653476 0.0498 0.0336 44.3731 "" "" 257085614083636352 847.714905 1.1616 0.066 3.804 -4.452 0.067 0.046 0.984 4738.2 4.6316 16.531973 1.555365 17.26318 15.707815 "" "" 811.961914 890.285278 4593.64768 2.7536 1698.8 10.521 4130.8 10.355 "" "" 0.0028311426782886263 0.0072800815 0.0046574003 0.011937482 65.69915745475 46.68423653476 847.714905 3.8039999999999994 -4.452
65.75661094772 45.54070590013 0.0491 0.0355 41.7178 "" "" 256780259087708800 782.157166 1.2587 0.0623 0.659 -3.033 0.07 0.046 1.059 4637.2 4.491 16.532694 1.783712 17.390045 15.606333 "" "" 747.107239 819.664001 4590.59354 10.355 1511.5 13.994 4535.5 26.567 "" "" 0.0036864418843054773 0.010432178 0.0073980023 0.01783018 65.75661094772 45.54070590013 782.157166 0.659 -3.0330000000000004
67.16854162584 46.08347624356 0.0504 0.0262 33.9463 "" "" 256865711757796096 745.645691 1.3046 0.06 6.532 1.523 0.069 0.043 1.028 4989.6 4.5998 16.533943 1.910308 17.483562 15.573255 "" "" 716.130615 775.130554 4585.32186 1.9167 1386.7 8.5208 4675.8 8.2047 "" "" 0.002792447979719939 0.007231437 0.0042324173 0.011463854 67.16854162584 46.08347624356 745.645691 6.531999999999999 1.5229999999999997
66.2567602688 46.58658276441 0.0485 0.0316 29.5791 "" "" 257043317245638912 917.918335 1.0542 0.0597 0.212 -7.237 0.062 0.047 1.042 4682.0 4.4 16.538332 1.539264 17.256195 15.716931 "" "" 869.767151 961.550049 4566.81728 2.1619 1709.8 13.186 4096.2 8.7096 "" "" 0.002802849428910964 0.008825854 0.0044286773 0.013254532 66.2567602688 46.58658276441 917.918335 0.21199999999999974 -7.237
66.91319192556 46.26593567336 0.0469 0.0277 25.3565 "" "" 256917491883090816 789.220886 1.2473 0.0616 2.803 -14.925 0.064 0.043 1.036 4945.0 4.6805 16.540012 1.740178 17.38112 15.640943 "" "" 741.096191 857.220581 4559.75416 1.9328 1523.9 8.8913 4393.2 9.8401 "" "" 0.0027934917354660847 0.0069220504 0.004494195 0.011416245 66.91319192556 46.26593567336 789.220886 2.803 -14.925
66.16534915537 46.31614926248 0.0595 0.0383 15.2279 "" "" 257023453016886528 984.689819 0.9875 0.0718 3.431 -4.44 0.08 0.054 1.036 4964.2 4.5598 16.540041 1.520575 17.2502 15.729626 "" "" 912.388733 1069.60046 4559.63998 3.8248 1719.2 7.2651 4048.6 8.7752 "" "" 0.0029019420431291233 0.005369949 0.0044521596 0.009822109 66.16534915537 46.31614926248 984.689819 3.431 -4.440000000000001
65.52893254648 45.75602658597 0.0477 0.0352 40.0507 "" "" 232967345492424576 960.850525 1.0122 0.0625 6.902 -5.365 0.061 0.045 1.013 4366.7 4.1915 16.54226 1.797007 17.420786 15.623779 "" "" 908.99939 1016.97058 4550.32834 2.5957 1469.3 9.6786 4463.2 9.2629 "" "" 0.0028240721848939725 0.007676971 0.004400139 0.01207711 65.52893254648 45.75602658597 960.850525 6.902000000000001 -5.365
66.19586515387 46.32020776363 0.055 0.0366 14.8383 "" "" 257023766554955264 1040.21716 0.9561 0.069 -0.669 -4.759 0.074 0.051 0.956 4772.1 4.405 16.543497 1.44185 17.202246 15.760396 "" "" 962.077271 1105.68762 4545.14676 3.1408 1796.9 10.434 3935.5 12.952 "" "" 0.0028556421598185298 0.0068943365 0.005201126 0.0120954625 66.19586515387 46.32020776363 1040.21716 -0.669 -4.759
65.71653426054 46.24625673455 0.0458 0.0342 27.8994 "" "" 257008545190644736 980.106201 0.9922 0.0582 2.295 -8.04 0.062 0.044 0.946 4683.0 4.4748 16.546888 1.52108 17.254942 15.733862 "" "" 930.767517 1038.35779 4530.97157 2.6523 1711.8 9.6552 4032.9 10.996 "" "" 0.002827671143723391 0.0067296335 0.004800765 0.011530398 65.71653426054 46.24625673455 980.106201 2.2950000000000004 -8.04
66.91979277911 46.43316913451 0.0498 0.0275 30.9334 "" "" 256922714563292416 752.423584 1.3076 0.0585 1.475 -0.356 0.066 0.042 1.052 4463.3 4.4478 16.549911 1.917548 17.505156 15.587607 "" "" 716.534424 798.100891 4518.37044 1.9492 1359.4 6.9179 4614.4 11.713 "" "" 0.0027948470058342598 0.0061897775 0.00467752 0.010867298 66.91979277911 46.43316913451 752.423584 1.475 -0.356
67.44334046693 45.92545340459 0.047 0.025 46.6002 "" "" 253851125754887424 1046.85217 0.9205 0.0564 -4.313 -1.427 0.062 0.04 1.025 4705.1 4.4227 16.551374 1.594761 17.30496 15.710199 "" "" 991.777161 1103.27295 4512.2932 1.6919 1634.7 11.829 4121.7 13.667 "" "" 0.0027852325307763364 0.008337332 0.005219659 0.013556991 67.44334046693 45.92545340459 1046.85217 -4.313 -1.427
66.47614368853 45.40133696554 0.0501 0.0366 42.1222 "" "" 256717827443303168 885.482117 1.1056 0.0653 -0.461 -11.409 0.062 0.045 1.119 4486.7 4.3689 16.552488 1.737142 17.39396 15.656819 "" "" 839.572998 940.221802 4507.66058 2.1669 1506.0 8.8353 4329.4 7.916 "" "" 0.0028043180895535617 0.006954023 0.004269041 0.011223065 66.47614368853 45.40133696554 885.482117 -0.4610000000000003 -11.409
66.7695606761 46.0589442968 0.0505 0.0279 17.4953 "" "" 256773318421308928 743.309021 1.3288 0.0591 -5.533 -6.425 0.068 0.044 0.997 4882.2 4.6361 16.552496 1.885096 17.487106 15.602011 "" "" 714.279419 776.800659 4507.63351 1.9193 1382.2 7.3546 4553.6 9.7743 "" "" 0.00279383346273425 0.006415632 0.00444017 0.010855801 66.7695606761 46.0589442968 743.309021 -5.533 -6.425000000000001
