Clusters/Trumpler_3/Trumpler_3_stars_in_region.tsv
# %ECSV 1.0
# ---
# datatype:
# - name: RA_ICRS_1
#   unit: deg
#   datatype: float64
#   format: '{:15.11f}'
#   description: Right ascension (ICRS) at Ep=2016.0 (ra)
#   meta: !!omap
#   - {ucd: POS_EQ_RA_MAIN}
#   - {width: 15}
#   - {precision: '11'}
# - name: DE_ICRS_1
#   unit: deg
#   datatype: float64
#   format: '{:15.11f}'
#   description: Declination (ICRS) at Ep=2016.0 (dec)
#   meta: !!omap
#   - {ucd: POS_EQ_DEC_MAIN}
#   - {width: 15}
#   - {precision: '11'}
# - name: e_RA_ICRS
#   unit: mas
#   datatype: float64
#   format: '{:7.4f}'
#   description: Standard error of right ascension (ra_error)
#   meta: !!omap
#   - {ucd: ERROR}
#   - {width: 7}
#   - {precision: '4'}
# - name: e_DE_ICRS
#   unit: mas
#   datatype: float64
#   format: '{:7.4f}'
#   description: Standard error of declination (dec_error)
#   meta: !!omap
#   - {ucd: ERROR}
#   - {width: 7}
#   - {precision: '4'}
# - name: _r_1
#   unit: ''
#   datatype: float64
#   format: '{:7.4f}'
#   description: Distance from center (048.01711741000+63.22019758000)[ICRS], at Epoch=J2016.0
#   meta: !!omap
#   - {ucd: POS_ANG_DIST_GENERAL}
#   - {width: 7}
#   - {precision: '4'}
# - name: HIP
#   datatype: int32
#   description: '? HIP cross-id number, van Leeuwen, Cat. I/311 (hip_original_ext_source_id)'
#   meta: !!omap
#   - {ucd: ID_NUMBER}
#   - {width: 6}
#   - values: {'null': -2147483648}
# - name: TYC2
#   datatype: string
#   description: Tycho-2 cross-id name, Hog et al., Cat. I/259 (tyc2_original_ext_source_id)
#   meta: !!omap
#   - {ucd: ID_CROSSID}
#   - {_votable_string_dtype: char}
# - name: Source
#   datatype: int64
#   description: Source identifier, identical to the Gaia-EDR3 source_id (id)
#   meta: !!omap
#   - {ucd: ID_MAIN}
#   - {width: 19}
# - name: rgeo
#   unit: pc
#   datatype: float64
#   format: '{:15.8f}'
#   description: '? Median of the geometric distance posterior (r_med_geo)'
#   meta: !!omap
#   - {ucd: PHYS_DISTANCE_TRUE}
#   - {width: 15}
#   - {precision: '8'}
#   - values: {'null': .nan}
# - name: Plx
#   unit: mas
#   datatype: float64
#   format: '{:9.4f}'
#   description: '? Parallax (parallax)'
#   meta: !!omap
#   - {ucd: POS_PARLX_TRIG}
#   - {width: 9}
#   - {precision: '4'}
#   - values: {'null': .nan}
# - name: e_Plx
#   unit: mas
#   datatype: float32
#   format: '{:7.4f}'
#   description: '? Standard error of parallax (parallax_error)'
#   meta: !!omap
#   - {ucd: ERROR}
#   - {width: 7}
#   - {precision: '4'}
#   - values: {'null': .nan}
# - name: pmRA
#   unit: mas / yr
#   datatype: float64
#   format: '{:9.3f}'
#   description: '? Proper motion in right ascension direction, pmRA*cosDE (pmra)'
#   meta: !!omap
#   - {ucd: POS_EQ_PMRA}
#   - {width: 9}
#   - {precision: '3'}
#   - values: {'null': .nan}
# - name: pmDE
#   unit: mas / yr
#   datatype: float64
#   format: '{:9.3f}'
#   description: '? Proper motion in declination direction (pmdec)'
#   meta: !!omap
#   - {ucd: POS_EQ_PMDEC}
#   - {width: 9}
#   - {precision: '3'}
#   - values: {'null': .nan}
# - name: e_pmRA
#   unit: mas / yr
#   datatype: float32
#   format: '{:6.3f}'
#   description: '? Standard error of proper motion in right ascension direction (pmra_error)'
#   meta: !!omap
#   - {ucd: ERROR}
#   - {width: 6}
#   - {precision: '3'}
#   - values: {'null': .nan}
# - name: e_pmDE
[...]
#         value: !astropy.table.SerializedColumn {name: SkyCoord.dec}
#       distance: !astropy.table.SerializedColumn
#         __class__: astropy.coordinates.distances.Distance
#         unit: !astropy.units.Unit {unit: pc}
#         value: !astropy.table.SerializedColumn {name: SkyCoord.distance}
#       frame: icrs
#       obstime: !astropy.time.Time {format: jyear_str, in_subfmt: '*', jd1: 367701545.0, jd2: 0.0, out_subfmt: '*', precision: 3, scale: tt}
#       pm_dec: !astropy.table.SerializedColumn
#         __class__: astropy.units.quantity.Quantity
#         unit: !astropy.units.Unit {unit: mas / yr}
#         value: !astropy.table.SerializedColumn {name: SkyCoord.pm_dec}
#       pm_ra_cosdec: !astropy.table.SerializedColumn
#         __class__: astropy.units.quantity.Quantity
#         unit: !astropy.units.Unit {unit: mas / yr}
#         value: !astropy.table.SerializedColumn {name: SkyCoord.pm_ra_cosdec}
#       ra: !astropy.table.SerializedColumn
#         __class__: astropy.coordinates.angles.Longitude
#         unit: *id001
#         value: !astropy.table.SerializedColumn {name: SkyCoord.ra}
#         wrap_angle: !astropy.coordinates.Angle
#           unit: *id001
#           value: 360.0
#       representation_type: spherical
# schema: astropy-2.0
RA_ICRS_1 DE_ICRS_1 e_RA_ICRS e_DE_ICRS _r_1 HIP TYC2 Source rgeo Plx e_Plx pmRA pmDE e_pmRA e_pmDE RUWE Teff logg Gmag BP-RP BPmag RPmag RV e_RV b_rgeo B_rgeo FG e_FG FBP e_FBP FRP e_FRP RAVE5 RAVE6 e_Gmag e_BPmag e_RPmag e_BP-RP SkyCoord.ra SkyCoord.dec SkyCoord.distance SkyCoord.pm_ra_cosdec SkyCoord.pm_dec rmRA rmDE e_rmRA e_rmDE rRV e_rRV v_pec v_pec3d e_vpec e_vpec3d
[from data line 972]
47.69630025556 63.95177690251 0.0145 0.017 44.7221 "" "" 467136418533538688 527.24823 1.8567 0.0222 1.008 -6.649 0.014 0.023 1.025 4972.9 4.4387 14.966148 1.408966 15.606002 14.197036 2.64 5.0 521.343689 533.436829 19430.6543 6.0451 7816.6 12.542 16609.0 14.219 "" "" 0.0027759481493548305 0.003289371 0.0038920045 0.0071813753 47.69630025556 63.95177690251 527.24823 1.0080000000000018 -6.648999999999999 4.382443769454956 -6.492304634094238 0.21775798 0.22675799 24.988552631578948 8.84 19.57588477091828 31.74339344155664 4.3846000795940965 7.465754219774321
48.51868554434 63.71095521203 0.0141 0.0164 32.3692 "" "" 466950016953574784 701.096436 1.3925 0.022 8.77 -2.497 0.016 0.023 1.0 5356.9 4.3847 14.968268 1.310179 15.547681 14.237502 -35.73 6.94 689.315613 713.253845 19392.74839 3.5678 8247.9 10.789 16001.0 12.264 "" "" 0.002762551215492529 0.0031308357 0.0038699128 0.0070007485 48.51868554434 63.71095521203 701.096436 8.77 -2.497 12.144443769454956 -2.340304634094238 0.21975799 0.22675799 -13.38144736842105 10.780001 41.10091439111073 43.22439470321401 9.042713879462944 9.223404958035049
47.7329105729 63.1176368988 0.0181 0.0195 9.8543 "" "" 466806801262929280 662.497498 1.4705 0.028 -3.497 0.016 0.033 0.034 1.092 5559.5 4.4198 14.968474 1.491942 15.654028 14.162086 -12.21 7.79 649.912781 675.832581 19389.07242 18.079 7478.3 27.549 17152.0 41.932 "" "" 0.0029354205543866796 0.004876745 0.0046183546 0.0094951 47.7329105729 63.1176368988 662.497498 -3.497 0.016000000000001714 -0.12255623054504383 0.17269536590576173 0.236758 0.23775798 10.138552631578946 11.63 0.6649873680642624 10.160337477809554 0.1578836367444106 11.605068755433487
48.12565880364 63.26143502523 0.0163 0.0175 3.8366 "" "" 466900264052874624 666.309143 1.4663 0.0261 -3.408 -0.453 0.023 0.025 1.023 5627.6 4.509 14.96895 1.268662 15.520363 14.251701 "" "" 655.6698 678.414795 19380.57153 22.411 8458.1 31.88 15793.0 55.775 "" "" 0.0030278846991083027 0.0049529937 0.0053839087 0.010336902 48.12565880364 63.26143502523 666.309143 -3.4079999999999995 -0.4529999999999993 -0.033556230545043864 -0.2963046340942383 0.22675799 0.22875799 "" "" 0.9418025041712211 "" 0.21542110099387976 ""
48.52193411284 63.51279028604 0.0152 0.0181 22.1936 "" "" 466912564838922240 679.102966 1.4404 0.0248 2.556 -1.856 0.022 0.024 1.177 5417.4 4.5192 14.973206 1.258472 15.523376 14.264903 "" "" 668.000427 689.150085 19304.77068 4.831 8434.6 12.692 15603.0 12.443 "" "" 0.0027686842876088577 0.0032333017 0.0038772954 0.007110597 48.52193411284 63.51279028604 679.102966 2.556 -1.8559999999999999 5.930443769454956 -1.6993046340942384 0.22575799 0.22775799 "" "" 19.858013704366368 "" 4.486130973491167 ""
48.75531577164 63.90910292508 0.0154 0.0152 45.7959 "" "" 466959500241204480 550.968628 1.7872 0.0222 -6.944 3.512 0.014 0.022 0.917 5052.5 4.5075 14.973749 1.333455 15.568472 14.235017 -24.53 5.69 543.542542 558.608459 19295.09462 6.7559 8091.5 13.012 16038.0 15.034 "" "" 0.0027814217876024707 0.0032914276 0.0039140233 0.007205451 48.75531577164 63.90910292508 550.968628 -6.943999999999997 3.5119999999999987 -3.569556230545044 3.6686953659057617 0.21775798 0.22575799 -2.181447368421054 9.530001 13.367944125804286 13.544764404441166 2.9663944605817867 3.305603877972961
46.69281378048 62.79687627009 0.0139 0.0157 44.1081 "" "" 466783715819069056 545.786621 1.7995 0.0214 5.553 -12.914 0.02 0.021 1.032 4887.3 4.4913 14.976016 1.360892 15.587734 14.226842 -15.71 3.68 538.96228 552.375305 19254.85657 3.491 7949.2 10.691 16159.0 12.444 "" "" 0.0027623430360136326 0.0031491744 0.0038707657 0.00701994 46.69281378048 62.79687627009 545.786621 5.553 -12.913999999999996 8.927443769454957 -12.757304634094238 0.22375798 0.22475798 6.638552631578946 7.5200005 40.28196021619309 40.82531934842895 9.04047018552863 9.003572065272097
46.84414013202 63.50368807045 0.0152 0.0178 35.8462 "" "" 467028941272629504 641.25354 1.5275 0.0242 -2.557 -3.59 0.023 0.029 0.968 5321.9 4.4724 14.978017 1.310689 15.554782 14.244093 -59.09 5.9 632.887451 650.090454 19219.41074 4.7289 8194.2 13.707 15905.0 11.269 "" "" 0.002768240409427963 0.0033292007 0.0038568764 0.007186077 46.84414013202 63.50368807045 641.25354 -2.5569999999999995 -3.589999999999999 0.8174437694549561 -3.433304634094238 0.22675799 0.23275799 -36.741447368421056 9.74 10.727384412704843 38.27545860031461 2.493473620196718 9.375719301635435
50.39491112577 63.17229903183 0.0149 0.0154 64.3944 "" "" 463851696265546496 612.018005 1.6089 0.0229 11.457 -4.657 0.021 0.022 0.933 5138.8 4.447 14.98389 1.330443 15.575496 14.245052 4.99 6.61 601.676758 620.795776 19115.73417 7.5598 8039.3 15.23 15890.0 17.778 "" "" 0.0027885763661596643 0.0034663733 0.003969801 0.0074361744 50.39491112577 63.17229903183 612.018005 11.457 -4.657 14.831443769454957 -4.500304634094238 0.22475798 0.22575799 27.33855263157895 10.450001 44.96257331227289 52.6215683807612 10.109495757863634 10.202522189820407
49.00373460892 62.59269614602 0.1163 0.1263 46.3068 "" "" 463818642197185152 595.503601 1.6568 0.1805 -2.037 -3.595 0.176 0.182 8.273 5226.3 4.3944 14.986654 1.532836 15.59303 14.060194 -19.5 6.9 540.155151 657.376343 19067.12487 20.847 7910.5 18.543 18840.0 21.787 "" "" 0.003000160947976591 0.0037765657 0.0039824843 0.00775905 49.00373460892 62.59269614602 595.503601 -2.037 -3.594999999999999 1.3374437694549561 -3.4383046340942385 0.379758 0.38575798 2.848552631578947 10.74 10.413647629692543 10.796217349158752 4.008991761690062 4.794071665477296
48.12116207501 63.16906108481 0.016 0.0163 4.164 "" "" 466897515273869696 671.558838 1.4518 0.0244 -3.237 -0.166 0.023 0.024 0.955 5554.6 4.4688 14.988179 1.26001 15.519134 14.259124 "" "" 661.831238 682.91626 19040.35366 11.571 8467.7 36.782 15686.0 46.914 "" "" 0.0028332209994095738 0.0054797623 0.0049828007 0.0104625635 48.12116207501 63.16906108481 671.558838 -3.237 -0.1659999999999987 0.13744376945495596 -0.00930463409423829 0.22675799 0.22775799 "" "" 0.43851088397969595 "" 0.09943785082933207 ""
47.0116562765 63.23508732228 0.0159 0.0181 27.1888 "" "" 467004855096094208 646.428162 1.5165 0.0249 1.892 -0.52 0.025 0.027 1.026 5345.1 4.4197 14.989591 1.322075 15.573631 14.251556 -29.54 6.86 636.093445 654.929932 19015.62779 7.135 8053.1 14.271 15796.0 15.628 "" "" 0.0027852744804725436 0.0033892482 0.003929072 0.00731832 47.0116562765 63.23508732228 646.428162 1.8920000000000001 -0.5200000000000001 5.2664437694549555 -0.3633046340942383 0.22875799 0.23075798 -7.191447368421052 10.700001 16.175100714264893 17.70171738474498 3.700337454154892 5.5071410159300145
47.43788614203 64.25514647404 0.0124 0.0168 63.9721 "" "" 467190947439468288 538.258728 1.8309 0.0247 4.768 -5.896 0.011 0.023 1.028 5153.7 4.4411 14.99111 1.547939 15.691535 14.143596 -4.84 3.77 531.454651 546.23761 18989.0357 3.6853 7224.4 14.578 17447.0 34.719 "" "" 0.0027633656961683377 0.0035475409 0.0043533714 0.007900912 47.43788614203 64.25514647404 538.258728 4.768000000000001 -5.896000000000002 8.142443769454957 -5.739304634094238 0.21475798 0.22675799 17.508552631578947 7.61 25.41620063222712 30.86312799815327 5.561421167032371 6.293896124051879
48.18472335742 63.90084700693 0.0165 0.0182 41.0837 "" "" 467143427920834048 728.494019 1.3428 0.0256 -0.478 5.819 0.015 0.024 1.077 5606.8 4.4901 14.993047 1.223219 15.521954 14.298735 "" "" 717.164612 740.036377 18955.18511 3.469 8445.7 7.9361 15124.0 11.271 "" "" 0.0027624756271160417 0.0029708426 0.0038650257 0.0068358686 48.18472335742 63.90084700693 728.494019 -0.47799999999999976 5.819000000000002 2.8964437694549563 5.975695365905762 0.21875799 0.22775799 "" "" 22.9305970361842 "" 5.183998127590244 ""
47.38440867265 63.35187122459 0.0174 0.0178 18.8055 "" "" 466825462901031936 695.588623 1.4039 0.0259 1.538 4.806 0.024 0.026 1.002 5637.7 4.5922 14.99458 1.218732 15.522759 14.304028 "" "" 682.393555 706.349731 18928.42726 4.2819 8439.4 13.359 15050.0 13.79 "" "" 0.0027662454232236133 0.00327701 0.0039081234 0.007185133 47.38440867265 63.35187122459 695.588623 1.5379999999999996 4.806000000000001 4.912443769454956 4.962695365905762 0.22775799 0.229758 "" "" 23.023145608580364 "" 5.267013192475987 ""
46.19682516024 62.95858345419 0.0186 0.0224 51.8621 "" "" 466974068770322432 585.577942 1.6825 0.0318 3.496 4.568 0.027 0.029 1.348 4941.2 4.4682 14.995083 1.316464 15.573368 14.256904 -84.75 8.39 572.838867 594.369812 18919.66529 5.5483 8055.1 8.622 15718.0 10.772 "" "" 0.0027736558719234864 0.0030225215 0.0038519336 0.006874455 46.19682516024 62.95858345419 585.577942 3.496 4.568 6.8704437694549565 4.724695365905761 0.23075798 0.23275799 -62.40144736842105 12.2300005 23.14386422546333 66.5550830888258 5.355536705988563 11.616986718561918
46.890227221 63.27295749742 0.0289 0.0248 30.6001 "" "" 467005851528503296 540.373108 1.8135 0.0365 -0.968 -25.277 0.044 0.036 1.591 5658.2 4.6739 14.998143 1.166719 15.493526 14.326807 "" "" 528.307068 553.884094 18866.42656 4.4545 8669.7 13.733 14738.0 13.566 "" "" 0.0027672196917228626 0.003277631 0.003909286 0.007186917 46.890227221 63.27295749742 540.373108 -0.9680000000000017 -25.276999999999997 2.406443769454956 -25.12030463409424 0.24775799 0.23975798 "" "" 64.63691906805887 "" 15.501997419158684 ""
48.50097777149 63.52852761115 0.0151 0.018 22.6167 "" "" 466912839717680768 671.058655 1.4579 0.0239 1.482 -1.878 0.021 0.025 1.123 5514.3 4.5343 14.998555 1.239224 15.52538 14.286156 "" "" 659.226929 684.028198 18859.25345 5.2129 8419.1 12.159 15300.0 16.218 "" "" 0.0027716159369693717 0.0032005922 0.003950728 0.0071513206 48.50097777149 63.52852761115 671.058655 1.4819999999999995 -1.8779999999999992 4.856443769454956 -1.7213046340942382 0.22475798 0.22875799 "" "" 16.38906593764154 "" 3.690947587989022 ""
50.05542734364 63.36952251968 0.0157 0.0152 55.6839 "" "" 463869528969399424 735.869019 1.3342 0.0229 1.361 -2.917 0.023 0.021 1.045 5299.6 4.3786 14.99906 1.155659 15.456533 14.300875 "" "" 723.877197 747.286804 18850.50015 4.8609 8970.2 36.176 15094.0 27.883 "" "" 0.002769508076423582 0.0051920936 0.0042786025 0.009470696 50.05542734364 63.36952251968 735.869019 1.3609999999999998 -2.9170000000000003 4.735443769454956 -2.760304634094238 0.22675799 0.22475798 "" "" 19.11858017803162 "" 4.325625557471253 ""
49.962217542 63.24420408423 0.0265 0.0277 52.5793 "" "" 463864134490493056 579.342712 1.6934 0.0407 9.656 2.356 0.036 0.039 1.762 5291.6 4.5589 14.999784 1.313527 15.580926 14.267399 "" "" 566.259766 592.250183 18837.91974 3.8204 7999.2 12.111 15567.0 10.095 "" "" 0.002764104488007844 0.0032384002 0.003844407 0.007082807 49.962217542 63.24420408423 579.342712 9.656000000000002 2.3559999999999977 13.030443769454957 2.5126953659057616 0.23975798 0.24275799 "" "" 36.4419067829034 "" 8.741181247515359 ""
46.09154222656 63.33678687516 0.0162 0.0165 52.4174 "" "" 466999941653010944 572.628174 1.7154 0.0241 -0.466 -8.103 0.025 0.023 1.035 4672.9 4.3845 15.000126 1.491975 15.684758 14.192783 4.16 6.8 565.11261 580.444763 18832.00513 5.3986 7269.6 14.221 16674.0 14.908 "" "" 0.002772844345348762 0.0035065943 0.0039020593 0.0074086534 46.09154222656 63.33678687516 572.628174 -0.46600000000000064 -8.102999999999998 2.908443769454956 -7.946304634094238 0.22875799 0.22675799 26.508552631578947 10.64 22.967623697865502 35.07442231809305 5.213539959718049 8.7361807729461
50.39067515941 63.00763341507 0.0162 0.0163 65.6486 "" "" 463846611024343936 728.073669 1.3415 0.0244 3.851 -1.603 0.023 0.023 0.981 5457.7 4.4368 15.001924 1.342303 15.599269 14.256966 -17.96 4.0 713.986694 740.289124 18800.81925 4.1493 7865.2 11.206 15717.0 19.157 "" "" 0.0027657199715489206 0.0031902946 0.004004378 0.0071946727 50.39067515941 63.00763341507 728.073669 3.8510000000000004 -1.6030000000000002 7.225443769454956 -1.4463046340942383 0.22675799 0.22675799 4.388552631578946 7.84 25.43014998035877 25.806044296320962 5.766489652570488 5.836808321277883
47.23548878154 62.93201415091 0.0538 0.0559 27.3845 "" "" 466797459714345856 660.172485 1.4661 0.0796 10.851 -8.516 0.078 0.076 3.789 6307.8 3.9183 15.005744 1.459984 15.656323 14.19634 46.5 7.63 629.114441 692.546997 18734.80411 8.2593 7462.6 11.608 16620.0 10.837 "" "" 0.002796586412717923 0.0032614826 0.0038451164 0.007106599 47.23548878154 62.93201415091 660.172485 10.850999999999999 -8.516000000000002 14.225443769454957 -8.359304634094238 0.28175798 0.27975798 68.84855263157894 11.47 51.63125790118086 86.05759694484587 14.521083880196612 12.653284411333132
48.39968121123 63.94158533288 0.0168 0.0166 44.4716 "" "" 466957571795679872 521.572632 1.8851 0.0231 -10.461 -6.535 0.015 0.023 0.982 5086.9 4.5805 15.010072 1.332213 15.608722 14.276508 "" "" 515.977173 527.979919 18660.28219 2.9885 7797.0 14.624 15437.0 16.774 "" "" 0.0027608015166808914 0.0034542684 0.003959241 0.0074135093 48.39968121123 63.94158533288 521.572632 -10.461 -6.534999999999999 -7.086556230545044 -6.378304634094238 0.21875799 0.22675799 "" "" 23.57110668359019 "" 5.241599652441231 ""
48.70463195465 62.22572237215 0.0175 0.0198 62.5909 "" "" 463702162684154624 589.997559 1.6659 0.0276 13.574 -4.727 0.028 0.029 1.163 4709.2 4.3771 15.017913 1.409594 15.655967 14.246373 -33.15 7.51 580.348816 600.912964 18525.99485 4.0077 7465.0 10.216 15871.0 15.306 "" "" 0.0027653129952167677 0.0031611393 0.0039217486 0.007082888 48.70463195465 62.22572237215 589.997559 13.574000000000003 -4.726999999999996 16.948443769454954 -4.570304634094239 0.23175798 0.23275799 -10.801447368421051 11.35 49.09087634765287 50.26515100776396 11.380536930077477 11.379128634876107
46.93459078463 63.63850622658 0.0142 0.0173 38.3919 "" "" 467032171087982848 648.898254 1.5072 0.0229 4.957 -6.159 0.018 0.026 1.006 5384.2 4.5074 15.020007 1.275405 15.581756 14.306351 "" "" 639.881042 657.516296 18490.29762 3.9186 7993.1 10.289 15018.0 11.251 "" "" 0.002764911232956984 0.0031206293 0.003865921 0.00698655 46.93459078463 63.63850622658 648.898254 4.957000000000001 -6.159000000000005 8.331443769454957 -6.002304634094238 0.22175798 0.229758 "" "" 31.583402493813956 "" 7.091217302637722 ""
47.72666229897 63.18246735417 0.0171 0.0175 8.1768 "" "" 466808008154281344 646.044556 1.5166 0.0271 -3.313 -0.133 0.026 0.026 1.029 5616.2 4.528 15.027181 1.300409 15.589605 14.289196 "" "" 635.062134 655.417969 18368.52974 19.714 7935.5 36.817 15257.0 44.526 "" "" 0.002991593513174834 0.0057584294 0.004931919 0.010690348 47.72666229897 63.18246735417 646.044556 -3.312999999999997 -0.13299999999999912 0.06144376945495589 0.02369536590576171 0.229758 0.229758 "" "" 0.20166283534879553 "" 0.0463336485974541 ""
49.46853172129 62.35839926792 0.0952 0.12 65.2607 "" "" 463754488265096320 691.812256 1.4432 0.1552 1.673 -7.463 0.147 0.181 7.83 6007.6 4.4964 15.032723 1.314709 15.495193 14.180485 -18.58 9.32 629.530334 754.164185 18274.99742 16.285 8656.4 32.243 16864.0 61.94 "" "" 0.002920250313639673 0.0049132304 0.0054942137 0.010407444 49.46853172129 62.35839926792 691.812256 1.6730000000000014 -7.463000000000006 5.047443769454956 -7.306304634094238 0.350758 0.384758 3.768552631578949 13.16 29.12001600137496 29.362856142707138 10.894139873549642 10.935267488688437
47.10076789827 63.42290306811 0.0205 0.022 27.5187 "" "" 467015987651276544 644.402161 1.517 0.0317 -4.621 -6.798 0.03 0.033 1.273 "" "" 15.035967 1.356012 15.639198 14.283186 "" "" 629.51239 657.507874 18220.4818 4.1486 7581.2 11.75 15342.0 12.902 "" "" 0.0027663879318410253 0.0032583363 0.0038881109 0.007146447 47.10076789827 63.42290306811 644.402161 -4.621000000000002 -6.797999999999998 -1.2465562305450444 -6.641304634094238 0.23375799 0.236758 "" "" 20.63988290516151 "" 4.884562951228317 ""
