Clusters/Trumpler_3/Trumpler_3_stars_in_region.tsv
# %ECSV 1.0
# ---
# datatype:
# - name: RA_ICRS_1
#   unit: deg
#   datatype: float64
#   format: '{:15.11f}'
#   description: Right ascension (ICRS) at Ep=2016.0 (ra)
#   meta: !!omap
#   - {ucd: POS_EQ_RA_MAIN}
#   - {width: 15}
#   - {precision: '11'}
# - name: DE_ICRS_1
#   unit: deg
#   datatype: float64
#   format: '{:15.11f}'
#   description: Declination (ICRS) at Ep=2016.0 (dec)
#   meta: !!omap
#   - {ucd: POS_EQ_DEC_MAIN}
#   - {width: 15}
#   - {precision: '11'}
# - name: e_RA_ICRS
#   unit: mas
#   datatype: float64
#   format: '{:7.4f}'
#   description: Standard error of right ascension (ra_error)
#   meta: !!omap
#   - {ucd: ERROR}
#   - {width: 7}
#   - {precision: '4'}
# - name: e_DE_ICRS
#   unit: mas
#   datatype: float64
#   format: '{:7.4f}'
#   description: Standard error of declination (dec_error)
#   meta: !!omap
#   - {ucd: ERROR}
#   - {width: 7}
#   - {precision: '4'}
# - name: _r_1
#   unit: ''
#   datatype: float64
#   format: '{:7.4f}'
#   description: Distance from center (048.01711741000+63.22019758000)[ICRS], at Epoch=J2016.0
#   meta: !!omap
#   - {ucd: POS_ANG_DIST_GENERAL}
#   - {width: 7}
#   - {precision: '4'}
# - name: HIP
#   datatype: int32
#   description: '? HIP cross-id number, van Leeuwen, Cat. I/311 (hip_original_ext_source_id)'
#   meta: !!omap
#   - {ucd: ID_NUMBER}
#   - {width: 6}
#   - values: {'null': -2147483648}
# - name: TYC2
#   datatype: string
#   description: Tycho-2 cross-id name, Hog et al., Cat. I/259 (tyc2_original_ext_source_id)
#   meta: !!omap
#   - {ucd: ID_CROSSID}
#   - {_votable_string_dtype: char}
# - name: Source
#   datatype: int64
#   description: Source identifier, identical to the Gaia-EDR3 source_id (id)
#   meta: !!omap
#   - {ucd: ID_MAIN}
#   - {width: 19}
# - name: rgeo
#   unit: pc
#   datatype: float64
#   format: '{:15.8f}'
#   description: '? Median of the geometric distance posterior (r_med_geo)'
#   meta: !!omap
#   - {ucd: PHYS_DISTANCE_TRUE}
#   - {width: 15}
#   - {precision: '8'}
#   - values: {'null': .nan}
# - name: Plx
#   unit: mas
#   datatype: float64
#   format: '{:9.4f}'
#   description: '? Parallax (parallax)'
#   meta: !!omap
#   - {ucd: POS_PARLX_TRIG}
#   - {width: 9}
#   - {precision: '4'}
#   - values: {'null': .nan}
# - name: e_Plx
#   unit: mas
#   datatype: float32
#   format: '{:7.4f}'
#   description: '? Standard error of parallax (parallax_error)'
#   meta: !!omap
#   - {ucd: ERROR}
#   - {width: 7}
#   - {precision: '4'}
#   - values: {'null': .nan}
# - name: pmRA
#   unit: mas / yr
#   datatype: float64
#   format: '{:9.3f}'
#   description: '? Proper motion in right ascension direction, pmRA*cosDE (pmra)'
#   meta: !!omap
#   - {ucd: POS_EQ_PMRA}
#   - {width: 9}
#   - {precision: '3'}
#   - values: {'null': .nan}
# - name: pmDE
#   unit: mas / yr
#   datatype: float64
#   format: '{:9.3f}'
#   description: '? Proper motion in declination direction (pmdec)'
#   meta: !!omap
#   - {ucd: POS_EQ_PMDEC}
#   - {width: 9}
#   - {precision: '3'}
#   - values: {'null': .nan}
# - name: e_pmRA
#   unit: mas / yr
#   datatype: float32
#   format: '{:6.3f}'
#   description: '? Standard error of proper motion in right ascension direction (pmra_error)'
#   meta: !!omap
#   - {ucd: ERROR}
#   - {width: 6}
#   - {precision: '3'}
#   - values: {'null': .nan}
# - name: e_pmDE
[...]
#         value: !astropy.table.SerializedColumn {name: SkyCoord.dec}
#       distance: !astropy.table.SerializedColumn
#         __class__: astropy.coordinates.distances.Distance
#         unit: !astropy.units.Unit {unit: pc}
#         value: !astropy.table.SerializedColumn {name: SkyCoord.distance}
#       frame: icrs
#       obstime: !astropy.time.Time {format: jyear_str, in_subfmt: '*', jd1: 367701545.0, jd2: 0.0, out_subfmt: '*', precision: 3, scale: tt}
#       pm_dec: !astropy.table.SerializedColumn
#         __class__: astropy.units.quantity.Quantity
#         unit: !astropy.units.Unit {unit: mas / yr}
#         value: !astropy.table.SerializedColumn {name: SkyCoord.pm_dec}
#       pm_ra_cosdec: !astropy.table.SerializedColumn
#         __class__: astropy.units.quantity.Quantity
#         unit: !astropy.units.Unit {unit: mas / yr}
#         value: !astropy.table.SerializedColumn {name: SkyCoord.pm_ra_cosdec}
#       ra: !astropy.table.SerializedColumn
#         __class__: astropy.coordinates.angles.Longitude
#         unit: *id001
#         value: !astropy.table.SerializedColumn {name: SkyCoord.ra}
#         wrap_angle: !astropy.coordinates.Angle
#           unit: *id001
#           value: 360.0
#       representation_type: spherical
# schema: astropy-2.0
RA_ICRS_1 DE_ICRS_1 e_RA_ICRS e_DE_ICRS _r_1 HIP TYC2 Source rgeo Plx e_Plx pmRA pmDE e_pmRA e_pmDE RUWE Teff logg Gmag BP-RP BPmag RPmag RV e_RV b_rgeo B_rgeo FG e_FG FBP e_FBP FRP e_FRP RAVE5 RAVE6 e_Gmag e_BPmag e_RPmag e_BP-RP SkyCoord.ra SkyCoord.dec SkyCoord.distance SkyCoord.pm_ra_cosdec SkyCoord.pm_dec rmRA rmDE e_rmRA e_rmDE rRV e_rRV v_pec v_pec3d e_vpec e_vpec3d
[from data line 400]
49.07156775726 62.90031130876 0.0098 0.0106 34.4952 "" "" 463832725391356416 653.075562 1.4987 0.0163 -3.046 0.626 0.016 0.016 1.085 5960.6 4.0335 13.452004 1.084568 13.905838 12.82127 -18.23 2.83 646.358521 661.024414 78369.14292 18.277 37418.0 36.101 58973.0 55.168 "" "" 0.002766930731452333 0.0029803272 0.0039134817 0.006893809 49.07156775726 62.90031130876 653.075562 -3.046 0.6259999999999999 0.32844376945495624 0.7826953659057617 0.21975799 0.21975799 4.118552631578947 6.67 2.6275739838331473 4.8853475638487245 0.5774303747645314 5.63165948568142
46.99562828023 63.84639555119 0.0086 0.0101 46.4506 "" "" 467131260272122880 558.72345 1.7566 0.0134 31.587 -18.431 0.008 0.014 1.012 5638.8 4.2847 13.460451 1.084183 13.918474 12.834291 76.61 1.86 553.980652 562.296631 77761.77784 8.2264 36985.0 17.172 58270.0 16.474 "" "" 0.00275771321453542 0.0028353427 0.0037918268 0.0066271694 46.99562828023 63.84639555119 558.72345 31.587 -18.431 34.96144376945496 -18.27430463409424 0.21175799 0.21775798 98.95855263157895 5.7000003 104.4757045150878 143.90263365505484 22.25956674751386 16.6293859438598
48.04132866997 62.98017488545 0.0101 0.011 14.4164 "" "" 466754956718299520 699.981567 1.4008 0.0164 -2.458 0.496 0.016 0.016 1.128 6338.5 4.2093 13.46771 0.992424 13.875562 12.883138 -17.87 4.78 689.482056 708.919434 77243.66174 16.232 38476.0 35.534 55706.0 27.272 "" "" 0.00276475043230389 0.0029648761 0.0038165778 0.006781454 48.04132866997 62.98017488545 699.981567 -2.457999999999999 0.4959999999999994 0.9164437694549559 0.6526953659057617 0.21975799 0.21975799 4.478552631578946 8.620001 3.7330283412562943 5.830345982053331 0.8203628013372499 6.642213756140127
46.58530277158 62.72983450008 0.0081 0.0093 48.8795 "" "" 466777290548032640 592.920288 1.6559 0.0126 5.64 -6.945 0.011 0.012 1.029 5938.6 4.2173 13.472232 1.043322 13.908916 12.865594 -33.11 1.99 586.883118 598.684509 76922.61143 10.141 37312.0 17.303 56614.0 21.133 "" "" 0.0027590356151014177 0.002835235 0.0038010504 0.006636285 46.58530277158 62.72983450008 592.920288 5.639999999999998 -6.944999999999994 9.014443769454957 -6.788304634094239 0.21475798 0.21575798 -10.761447368421052 5.83 31.714600982954686 33.49066534082783 6.822457240159586 6.726767341874114
45.90561070232 63.71588356003 0.0086 0.0095 63.927 "" "" 467091372916528384 688.173157 1.4215 0.0131 7.878 -4.705 0.009 0.013 0.991 6305.4 4.1872 13.48138 1.037303 13.909623 12.87232 3.64 2.46 681.851929 693.042725 76277.19073 9.586 37288.0 22.186 56264.0 22.372 "" "" 0.002758696694385109 0.0028639776 0.0038039593 0.006667937 45.90561070232 63.71588356003 688.173157 7.878 -4.705000000000002 11.252443769454956 -4.548304634094238 0.21275799 0.21675798 25.988552631578948 6.3 39.58987899160432 47.35782286438242 8.445481859856798 7.861232774975813
47.73859356449 62.92766435687 0.0092 0.0104 19.1139 "" "" 466800174134070016 708.069153 1.3748 0.0144 11.652 -0.224 0.013 0.014 1.018 6123.5 4.138 13.482076 1.092683 13.94203 12.849347 -10.7 2.11 702.056335 717.769775 76228.32061 9.4213 36191.0 18.715 57467.0 24.605 "" "" 0.0027585859142490307 0.0028460987 0.003807864 0.0066539627 47.73859356449 62.92766435687 708.069153 11.651999999999997 -0.2239999999999998 15.026443769454955 -0.06730463409423829 0.21675798 0.21775798 11.648552631578948 5.95 50.43297451035147 51.76073508338561 10.931750844114687 10.7351680949058
49.2726296 62.67511520429 0.0082 0.0092 47.3631 "" "" 463809090189859072 758.455627 1.2835 0.0125 1.327 -5.024 0.012 0.013 0.948 5830.9 4.0805 13.486344 1.157246 13.98244 12.825194 -45.65 1.86 751.862427 767.066956 75929.22027 10.001 34869.0 24.344 58760.0 21.092 "" "" 0.0027590289142764204 0.0028913028 0.0037994229 0.0066907257 49.2726296 62.67511520429 758.455627 1.326999999999999 -5.024 4.701443769454956 -4.867304634094238 0.21575798 0.21675798 -23.30144736842105 5.7000003 24.328419175933718 33.68722946552945 5.261650452637645 5.475758271708106
48.19263917683 62.7604398914 0.0082 0.0098 27.997 "" "" 466735955783125248 525.449646 1.8661 0.0142 14.407 2.334 0.012 0.013 0.983 5858.9 4.3137 13.488612 1.053998 13.928617 12.874619 -4.4 1.76 521.547852 528.810059 75770.81217 10.698 36641.0 19.394 56145.0 24.408 "" "" 0.0027595812063179685 0.0028487372 0.003808742 0.0066574793 48.19263917683 62.7604398914 525.449646 14.406999999999993 2.3340000000000023 17.781443769454956 2.490695365905762 0.21575798 0.21675798 17.94855263157895 5.6000004 44.71937422950816 48.18685477438176 9.64942437697524 9.194781299137613
49.67406125481 63.16749196096 0.0109 0.011 44.9444 "" "" 463860664156953088 529.695496 1.8615 0.0167 8.389 -11.306 0.014 0.015 1.376 5372.8 4.2728 13.489986 1.146817 13.981256 12.834438 3.52 1.49 524.646301 533.397644 75674.9701 12.464 34907.0 27.764 58262.0 24.763 "" "" 0.002761117158976813 0.0029207512 0.0038074506 0.006728202 49.67406125481 63.16749196096 529.695496 8.388999999999994 -11.305999999999994 11.763443769454955 -11.149304634094237 0.21775798 0.21875799 25.868552631578947 5.33 40.69328569484285 48.21955532659827 8.880567884779209 8.021417064997399
48.45291944739 62.30971687942 0.0126 0.0141 55.9238 "" "" 463715150665244032 724.423645 1.3469 0.0202 -13.067 6.568 0.019 0.02 1.463 5977.3 4.146 13.491922 1.048283 13.927742 12.879459 -86.57 2.36 713.487976 734.155518 75540.11096 11.463 36671.0 20.379 55895.0 16.9 "" "" 0.0027602417309643304 0.0028546636 0.003793612 0.0066482755 48.45291944739 62.30971687942 724.423645 -13.066999999999991 6.568000000000009 -9.692556230545044 6.724695365905761 0.22275798 0.22375798 -64.22144736842105 6.2 40.50786584855109 75.92945079281877 9.036633106908587 7.1232914189122765
47.29243347229 63.29553290744 0.0119 0.0115 20.0806 "" "" 466823774973464064 743.453918 1.3138 0.0157 4.396 -9.151 0.019 0.018 1.04 6526.4 4.1732 13.493718 1.047715 13.929717 12.882002 24.39 2.62 734.775085 750.762024 75415.32891 11.487 36604.0 28.982 55764.0 20.108 "" "" 0.0027602786954248944 0.0029195982 0.0037996059 0.006719204 47.29243347229 63.29553290744 743.453918 4.396 -9.150999999999996 7.770443769454956 -8.994304634094238 0.22275798 0.22175798 46.73855263157895 6.46 41.88597297403649 62.76087183967883 9.306473220062195 7.856274859092599
46.78798023616 62.25286334177 0.0089 0.0097 67.1532 "" "" 466333190930734976 755.693604 1.2877 0.0156 2.151 -5.42 0.014 0.014 1.038 6511.8 4.2507 13.493974 0.913658 13.864023 12.950365 0.85 3.05 747.166504 763.447937 75397.55637 11.163 38887.0 18.787 52362.0 22.553 "" "" 0.0027600053632817964 0.0028390472 0.0038082036 0.0066472506 46.78798023616 62.25286334177 755.693604 2.151000000000002 -5.419999999999998 5.525443769454956 -5.263304634094238 0.21775798 0.21775798 23.19855263157895 6.8900003 27.334322512234774 35.85161128042927 5.952266991490725 6.3617407442043055
49.01627945587 62.43461778263 0.0085 0.0091 54.5073 "" "" 463711233654957440 664.669006 1.4706 0.013 8.244 -2.112 0.013 0.014 1.102 5745.6 4.064 13.502216 1.031891 13.929821 12.89793 -39.32 2.24 658.788879 669.600952 74827.32172 9.2954 36601.0 26.22 54952.0 21.853 "" "" 0.0027586193523326647 0.0028965515 0.0038039652 0.0067005167 49.01627945587 62.43461778263 664.669006 8.244000000000003 -2.1120000000000028 11.618443769454956 -1.9553046340942384 0.21675798 0.21775798 -16.971447368421053 6.08 37.11901282749596 40.81483969179464 8.046866996305054 7.7425999142978545
50.07074894488 62.72428273277 0.0087 0.0104 63.4039 "" "" 463788233829122688 631.106384 1.5518 0.0134 11.755 -9.838 0.014 0.017 0.903 5794.2 4.1413 13.505361 1.026178 13.932844 12.906666 -7.81 2.66 625.536194 636.984436 74610.9365 9.9913 36499.0 23.373 54512.0 39.29 "" "" 0.002759153594712732 0.0028754927 0.0038595488 0.0067350417 50.07074894488 62.72428273277 631.106384 11.754999999999995 -9.837999999999992 15.129443769454957 -9.681304634094237 0.21775798 0.22075799 14.538552631578948 6.5 53.731845835092145 55.66399886342428 11.74759598027009 11.466202927986654
49.53620354037 63.96054242475 0.0097 0.0091 60.1358 "" "" 490963797580058112 661.203552 1.4819 0.0146 -3.584 5.881 0.009 0.012 0.984 6454.1 4.3123 13.505809 0.952676 13.894143 12.941467 25.17 2.7 655.766113 666.611511 74580.17072 7.5574 37823.0 13.78 52792.0 14.948 "" "" 0.002757515892805592 0.0028180701 0.0037918645 0.0066099344 49.53620354037 63.96054242475 661.203552 -3.5839999999999974 5.880999999999995 -0.20955623054504402 6.037695365905762 0.21275799 0.21575798 47.51855263157895 6.54 18.934164418909532 51.15188585421303 4.085129216184306 6.260813556476047
48.6569134925 63.20222217151 0.0182 0.0196 17.335 "" "" 466854256363164544 601.169128 1.6324 0.0307 1.661 -1.956 0.026 0.026 2.254 6142.1 4.2239 13.508483 1.144955 13.997839 12.852884 -12.05 3.13 588.629028 610.839722 74396.70441 7.8277 34378.0 17.639 57280.0 18.678 "" "" 0.0027576873240638747 0.0028452394 0.003795928 0.006641167 48.6569134925 63.20222217151 601.169128 1.6609999999999994 -1.956 5.035443769454956 -1.7993046340942382 0.229758 0.229758 10.298552631578946 6.9700003 15.237240602837682 18.391130674707494 3.5008778413020445 4.862769455574978
49.5956812959 62.91173846806 0.0092 0.0089 46.7222 "" "" 463853276813286272 557.963379 1.7589 0.0129 5.896 -10.452 0.014 0.013 1.057 5648.6 4.286 13.511066 1.026942 13.92166 12.894718 -8.91 3.25 554.279602 561.729492 74219.89581 19.554 36877.0 100.01 55115.0 91.119 "" "" 0.0027701287187474775 0.004056495 0.0041839858 0.008240481 49.5956812959 62.91173846806 557.963379 5.895999999999999 -10.452000000000007 9.270443769454957 -10.295304634094238 0.21775798 0.21675798 13.438552631578947 7.09 36.640422726518956 39.02710948058701 7.958531239126467 7.860566452355911
48.89754170355 62.18921471428 0.009 0.0108 66.4316 "" "" 463704052469763968 684.093201 1.4308 0.0147 1.935 -0.655 0.014 0.016 0.98 6176.7 4.2469 13.51581 0.94592 13.901383 12.955463 -20.35 3.1 676.627075 691.029236 73896.33284 12.816 37572.0 21.046 52116.0 19.827 "" "" 0.0027617470707673353 0.0028556832 0.003801887 0.00665757 48.89754170355 62.18921471428 684.093201 1.935 -0.6550000000000005 5.3094437694549566 -0.4983046340942383 0.21775798 0.21975799 1.9985526315789457 6.94 17.29206914933455 17.407178636601593 3.765789476917192 3.82480321913657
48.84319428389 62.61491204033 0.0084 0.0092 42.7559 "" "" 463819466830909440 625.237427 1.5637 0.0134 -3.631 -0.548 0.013 0.014 0.933 "" "" 13.515997 0.985019 13.921377 12.936358 -16.32 4.42 621.523987 630.151794 73883.61625 29.691 36886.0 59.782 53041.0 67.635 "" "" 0.002789652470817344 0.003298714 0.004024983 0.007323697 48.84319428389 62.61491204033 625.237427 -3.6309999999999993 -0.5480000000000003 -0.25655623054504373 -0.3913046340942383 0.21675798 0.21775798 6.028552631578947 8.26 1.3867120148945746 6.185985535383219 0.3015513898431507 8.050067622859636
47.4004857277 64.13585367713 0.0079 0.0099 57.3358 "" "" 467189195092822784 535.616089 1.8344 0.0138 25.949 5.253 0.007 0.014 0.973 5947.3 4.2678 13.517854 1.155255 14.01067 12.855414 -3.88 1.69 531.404846 539.121094 73757.34771 8.0245 33974.0 13.096 57147.0 15.554 "" "" 0.002757851085661699 0.0028213838 0.003790917 0.006612301 47.4004857277 64.13585367713 535.616089 25.949000000000023 5.25300000000001 29.323443769454958 5.409695365905762 0.21075799 0.21775798 18.468552631578948 5.53 75.70322518281758 77.92346077649393 15.972780935751434 15.572928493528714
50.37323733158 62.95233464791 0.009 0.0098 65.9729 "" "" 463798060714072192 750.384766 1.2958 0.0141 -6.537 1.416 0.014 0.013 1.025 6269.4 4.1815 13.518241 0.982684 13.920342 12.937658 -64.68 3.11 742.744568 760.781494 73731.01058 10.167 36922.0 22.806 52978.0 34.548 "" "" 0.0027593847415224746 0.0028696347 0.003845131 0.006714766 50.37323733158 62.95233464791 750.384766 -6.537000000000001 1.4159999999999977 -3.162556230545044 1.5726953659057616 0.21775798 0.21675798 -42.33144736842106 6.95 12.562756323501253 44.15624851308219 2.7331543439774055 6.708006841491429
47.53158093592 63.39230752906 0.0097 0.0104 16.6704 "" "" 466825840858147072 699.924255 1.3976 0.015 0.591 -1.786 0.014 0.015 1.029 5343.2 3.9384 13.52947 1.276782 14.09184 12.815058 5.36 1.98 692.941284 706.071106 72972.36717 8.4253 31527.0 20.636 59311.0 18.216 "" "" 0.002758170403181522 0.002879253 0.003794064 0.006673317 47.53158093592 63.39230752906 699.924255 0.591 -1.7859999999999996 3.9654437694549562 -1.6293046340942383 0.21775798 0.21875799 27.708552631578947 5.82 14.223117205299241 31.145801514372046 3.099255702410559 5.367657277741731
50.04024166932 62.82135119919 0.0088 0.0092 60.0411 "" "" 463837883651671168 750.195862 1.3002 0.0132 11.982 -4.571 0.014 0.014 0.992 5549.0 4.1411 13.53761 1.103835 14.007808 12.903973 8.86 1.99 741.712402 758.076233 72427.35758 9.1302 34064.0 17.193 54647.0 20.761 "" "" 0.0027587175024011592 0.0028434752 0.0038018245 0.0066452995 50.04024166932 62.82135119919 750.195862 11.982000000000008 -4.571000000000007 15.356443769454955 -4.414304634094238 0.21775798 0.21775798 31.208552631578947 5.83 56.817732785050424 64.82459807967518 12.372515003304771 11.201648372170677
49.93477650952 62.50939773385 0.0095 0.0105 67.6174 "" "" 463759921406323328 710.602539 1.3706 0.0136 5.73 -7.344 0.015 0.016 0.888 "" "" 13.538718 1.07902 13.993102 12.914083 -12.73 1.99 704.123474 717.109131 72353.4635 14.627 34528.0 17.819 54141.0 21.253 "" "" 0.00276404892918807 0.0028458755 0.0038033377 0.006649213 49.93477650952 62.50939773385 710.602539 5.730000000000002 -7.343999999999998 9.104443769454956 -7.187304634094239 0.21875799 0.21975799 9.618552631578947 5.83 39.07006322740216 40.23663001941958 8.561909739029222 8.429680650337342
49.17489810918 63.30384883408 0.0122 0.014 31.6539 "" "" 466867794100465664 589.877747 1.664 0.0201 12.074 -4.102 0.017 0.02 1.478 5941.0 4.2673 13.544304 1.043148 13.974166 12.931018 -5.88 2.23 583.426758 596.247131 71982.23164 15.032 35136.0 17.219 53303.0 20.507 "" "" 0.0027646333388788823 0.002840451 0.0038023952 0.0066428464 49.17489810918 63.30384883408 589.877747 12.074000000000005 -4.1020000000000065 15.448443769454956 -3.9453046340942386 0.22075799 0.22375798 16.468552631578948 6.07 44.58051467712827 47.52510404677443 9.849745783987943 9.475867596039286
48.7291256031 64.16637804638 0.0099 0.0103 59.8436 "" "" 467154148159145984 739.792786 1.3192 0.015 -0.158 -4.53 0.009 0.015 1.121 6580.9 4.1951 13.548515 1.04652 13.983634 12.937114 -34.68 2.15 731.411377 747.873474 71703.5673 7.3121 34831.0 13.312 53004.0 17.351 "" "" 0.0027575438887911577 0.0028208573 0.003796057 0.0066169146 48.7291256031 64.16637804638 739.792786 -0.15800000000000058 -4.53 3.216443769454956 -4.3733046340942385 0.21275799 0.21875799 -12.331447368421053 5.9900002 19.03654410754194 22.681591781850944 4.124661218180989 4.7528618477579965
46.60190995797 62.434858373 0.0096 0.0097 61.0216 "" "" 466385245935700608 671.064392 1.4595 0.0154 6.649 -4.472 0.014 0.013 1.022 5964.4 4.0957 13.549678 1.107843 14.01977 12.911926 1.14 2.2 665.075256 680.201233 71626.80487 8.9846 33691.0 20.167 54248.0 18.731 "" "" 0.002758683981810182 0.002864861 0.0037979295 0.0066627907 46.60190995797 62.434858373 671.064392 6.649 -4.472 10.023443769454957 -4.315304634094239 0.21775798 0.21675798 23.488552631578948 6.04 34.71223013898809 41.912420902979676 7.553447980058974 7.112890632612871
49.28018121588 64.1390100651 0.0089 0.0096 64.5593 "" "" 490982798515315456 549.919983 1.7866 0.0139 -9.201 3.819 0.008 0.012 1.02 5647.6 4.3089 13.55241 1.074864 14.005227 12.930363 -25.65 1.73 546.378906 553.766541 71446.77991 6.1154 34145.0 15.481 53335.0 16.026 "" "" 0.002756886978085185 0.0028332614 0.0037934363 0.0066266977 49.28018121588 64.1390100651 549.919983 -9.201 3.8190000000000026 -5.8265562305450445 3.9756953659057617 0.21175799 0.21575798 -3.3014473684210515 5.57 18.386362596286023 18.680414456016763 3.9169727076639624 3.9790077955911727
