Clusters/Trumpler_3/Trumpler_3_members.tsv
# %ECSV 1.0
# ---
# datatype:
# - name: RA_ICRS_1
#   unit: deg
#   datatype: float64
#   format: '{:15.11f}'
#   description: Right ascension (ICRS) at Ep=2016.0 (ra)
#   meta: !!omap
#   - {ucd: POS_EQ_RA_MAIN}
#   - {width: 15}
#   - {precision: '11'}
# - name: DE_ICRS_1
#   unit: deg
#   datatype: float64
#   format: '{:15.11f}'
#   description: Declination (ICRS) at Ep=2016.0 (dec)
#   meta: !!omap
#   - {ucd: POS_EQ_DEC_MAIN}
#   - {width: 15}
#   - {precision: '11'}
# - name: e_RA_ICRS
#   unit: mas
#   datatype: float64
#   format: '{:7.4f}'
#   description: Standard error of right ascension (ra_error)
#   meta: !!omap
#   - {ucd: ERROR}
#   - {width: 7}
#   - {precision: '4'}
# - name: e_DE_ICRS
#   unit: mas
#   datatype: float64
#   format: '{:7.4f}'
#   description: Standard error of declination (dec_error)
#   meta: !!omap
#   - {ucd: ERROR}
#   - {width: 7}
#   - {precision: '4'}
# - name: _r_1
#   unit: ''
#   datatype: float64
#   format: '{:7.4f}'
#   description: Distance from center (048.01711741000+63.22019758000)[ICRS], at Epoch=J2016.0
#   meta: !!omap
#   - {ucd: POS_ANG_DIST_GENERAL}
#   - {width: 7}
#   - {precision: '4'}
# - name: HIP
#   datatype: int32
#   description: '? HIP cross-id number, van Leeuwen, Cat. I/311 (hip_original_ext_source_id)'
#   meta: !!omap
#   - {ucd: ID_NUMBER}
#   - {width: 6}
#   - values: {'null': -2147483648}
# - name: TYC2
#   datatype: string
#   description: Tycho-2 cross-id name, Hog et al., Cat. I/259 (tyc2_original_ext_source_id)
#   meta: !!omap
#   - {ucd: ID_CROSSID}
#   - {_votable_string_dtype: char}
# - name: Source
#   datatype: int64
#   description: Source identifier, identical to the Gaia-EDR3 source_id (id)
#   meta: !!omap
#   - {ucd: ID_MAIN}
#   - {width: 19}
# - name: rgeo
#   unit: pc
#   datatype: float64
#   format: '{:15.8f}'
#   description: '? Median of the geometric distance posterior (r_med_geo)'
#   meta: !!omap
#   - {ucd: PHYS_DISTANCE_TRUE}
#   - {width: 15}
#   - {precision: '8'}
#   - values: {'null': .nan}
# - name: Plx
#   unit: mas
#   datatype: float64
#   format: '{:9.4f}'
#   description: '? Parallax (parallax)'
#   meta: !!omap
#   - {ucd: POS_PARLX_TRIG}
#   - {width: 9}
#   - {precision: '4'}
#   - values: {'null': .nan}
# - name: e_Plx
#   unit: mas
#   datatype: float32
#   format: '{:7.4f}'
#   description: '? Standard error of parallax (parallax_error)'
#   meta: !!omap
#   - {ucd: ERROR}
#   - {width: 7}
#   - {precision: '4'}
#   - values: {'null': .nan}
# - name: pmRA
#   unit: mas / yr
#   datatype: float64
#   format: '{:9.3f}'
#   description: '? Proper motion in right ascension direction, pmRA*cosDE (pmra)'
#   meta: !!omap
#   - {ucd: POS_EQ_PMRA}
#   - {width: 9}
#   - {precision: '3'}
#   - values: {'null': .nan}
# - name: pmDE
#   unit: mas / yr
#   datatype: float64
#   format: '{:9.3f}'
#   description: '? Proper motion in declination direction (pmdec)'
#   meta: !!omap
#   - {ucd: POS_EQ_PMDEC}
#   - {width: 9}
#   - {precision: '3'}
#   - values: {'null': .nan}
# - name: e_pmRA
#   unit: mas / yr
#   datatype: float32
#   format: '{:6.3f}'
#   description: '? Standard error of proper motion in right ascension direction (pmra_error)'
#   meta: !!omap
#   - {ucd: ERROR}
#   - {width: 6}
#   - {precision: '3'}
#   - values: {'null': .nan}
# - name: e_pmDE
[...]
#       distance: !astropy.table.SerializedColumn
#         __class__: astropy.coordinates.distances.Distance
#         unit: !astropy.units.Unit {unit: pc}
#         value: !astropy.table.SerializedColumn {name: SkyCoord.distance}
#       frame: icrs
#       obstime: !astropy.time.Time {format: jyear_str, in_subfmt: '*', jd1: 367701545.0, jd2: 0.0, out_subfmt: '*', precision: 3, scale: tt}
#       pm_dec: !astropy.table.SerializedColumn
#         __class__: astropy.units.quantity.Quantity
#         unit: !astropy.units.Unit {unit: mas / yr}
#         value: !astropy.table.SerializedColumn {name: SkyCoord.pm_dec}
#       pm_ra_cosdec: !astropy.table.SerializedColumn
#         __class__: astropy.units.quantity.Quantity
#         unit: !astropy.units.Unit {unit: mas / yr}
#         value: !astropy.table.SerializedColumn {name: SkyCoord.pm_ra_cosdec}
#       ra: !astropy.table.SerializedColumn
#         __class__: astropy.coordinates.angles.Longitude
#         unit: *id001
#         value: !astropy.table.SerializedColumn {name: SkyCoord.ra}
#         wrap_angle: !astropy.coordinates.Angle
#           unit: *id001
#           value: 360.0
#       representation_type: spherical
# schema: astropy-2.0
RA_ICRS_1 DE_ICRS_1 e_RA_ICRS e_DE_ICRS _r_1 HIP TYC2 Source rgeo Plx e_Plx pmRA pmDE e_pmRA e_pmDE RUWE Teff logg Gmag BP-RP BPmag RPmag RV e_RV b_rgeo B_rgeo FG e_FG FBP e_FBP FRP e_FRP RAVE5 RAVE6 e_Gmag e_BPmag e_RPmag e_BP-RP SkyCoord.ra SkyCoord.dec SkyCoord.distance SkyCoord.pm_ra_cosdec SkyCoord.pm_dec rmRA rmDE e_rmRA e_rmDE rRV e_rRV v_pec v_pec3d e_vpec e_vpec3d Pmemb
[from data line 85]
47.58309608003 63.71989043575 0.0136 0.0155 32.1587 "" "" 467115184215326464 638.128906 1.5382 0.021 -3.419 -0.019 0.015 0.023 0.966 5481.2 4.4589 14.891518 1.278436 15.4532 14.174765 -35.52 9.91 628.824585 647.979187 20813.23586 17.908 8997.8 31.886 16953.0 36.278 "" "" 0.002909379069585326 0.0047527826 0.004436422 0.009189205 47.58309608003 63.71989043575 638.128906 -3.4189999999999996 -0.018999999999998872 -0.044556230545043984 0.13769536590576173 0.21875799 0.22675799 -13.171447368421056 13.75 0.4377536301728173 13.17871974130323 0.09893751729894208 13.742412772222389 0.8
48.12565880364 63.26143502523 0.0163 0.0175 3.8366 "" "" 466900264052874624 666.309143 1.4663 0.0261 -3.408 -0.453 0.023 0.025 1.023 5627.6 4.509 14.96895 1.268662 15.520363 14.251701 "" "" 655.6698 678.414795 19380.57153 22.411 8458.1 31.88 15793.0 55.775 "" "" 0.0030278846991083027 0.0049529937 0.0053839087 0.010336902 48.12565880364 63.26143502523 666.309143 -3.4079999999999995 -0.4529999999999993 -0.033556230545043864 -0.2963046340942383 0.22675799 0.22875799 "" "" 0.9418025041712211 "" 0.21542110099387976 "" 1.0
48.12116207501 63.16906108481 0.016 0.0163 4.164 "" "" 466897515273869696 671.558838 1.4518 0.0244 -3.237 -0.166 0.023 0.024 0.955 5554.6 4.4688 14.988179 1.26001 15.519134 14.259124 "" "" 661.831238 682.91626 19040.35366 11.571 8467.7 36.782 15686.0 46.914 "" "" 0.0028332209994095738 0.0054797623 0.0049828007 0.0104625635 48.12116207501 63.16906108481 671.558838 -3.237 -0.16599999999999882 0.13744376945495596 -0.00930463409423829 0.22675799 0.22775799 "" "" 0.43851088397969595 "" 0.09943785082933207 "" 1.0
47.72666229897 63.18246735417 0.0171 0.0175 8.1768 "" "" 466808008154281344 646.044556 1.5166 0.0271 -3.313 -0.133 0.026 0.026 1.029 5616.2 4.528 15.027181 1.300409 15.589605 14.289196 "" "" 635.062134 655.417969 18368.52974 19.714 7935.5 36.817 15257.0 44.526 "" "" 0.002991593513174834 0.0057584294 0.004931919 0.010690348 47.72666229897 63.18246735417 646.044556 -3.312999999999998 -0.13299999999999917 0.06144376945495589 0.02369536590576171 0.229758 0.229758 "" "" 0.20166283534879553 "" 0.0463336485974541 "" 1.0
48.03788504295 63.20319047463 0.0162 0.0174 1.1648 "" "" 466898614785481472 666.585083 1.4632 0.0255 -3.255 -0.16 0.023 0.024 1.049 5568.9 4.5011 15.058718 1.28417 15.623054 14.338883 "" "" 655.861755 678.098999 17842.66427 21.066 7694.8 32.745 14575.0 58.169 "" "" 0.0030389143616569975 0.005397443 0.0057498026 0.011147246 48.03788504295 63.20319047463 666.585083 -3.255 -0.15999999999999998 0.11944376945495616 -0.0033046340942382846 0.22675799 0.22775799 "" "" 0.3775405340612202 "" 0.08561062142429848 "" 1.0
47.573375316 62.76470014571 0.0146 0.0177 29.8846 "" "" 466744820595713024 687.440674 1.4233 0.0238 -3.468 -0.238 0.022 0.025 1.045 5469.4 4.4768 15.073152 1.254654 15.622439 14.367785 "" "" 675.877075 699.495667 17607.03429 7.9429 7699.1 15.947 14192.0 16.547 "" "" 0.0027985159787305837 0.003583635 0.003985754 0.0075693894 47.573375316 62.76470014571 687.440674 -3.467999999999999 -0.23799999999999943 -0.09355623054504392 -0.08130463409423827 0.22575799 0.22875799 "" "" 0.40388207159164163 "" 0.09170291054436103 "" 0.9
48.73818873398 63.26750405438 0.0166 0.0182 19.683 "" "" 466856283588343680 659.398499 1.4808 0.0279 -3.286 0.011 0.023 0.026 1.042 5490.3 4.5573 15.093183 1.252634 15.639133 14.386498 "" "" 646.50769 672.552795 17285.17121 22.154 7581.7 32.564 13950.0 49.323 "" "" 0.0030867840755866827 0.0054343003 0.0053870576 0.010821357 48.73818873398 63.26750405438 659.398499 -3.2859999999999996 0.011000000000000001 0.08844376945495602 0.16769536590576173 0.22675799 0.229758 "" "" 0.5925700765157705 "" 0.13576282007562723 "" 1.0
46.87901787691 63.29104277547 0.0199 0.0192 31.0216 "" "" 467008806465999232 672.342712 1.4611 0.0298 -3.471 -0.177 0.03 0.028 1.195 5494.1 4.5168 15.117607 1.316827 15.697458 14.380631 "" "" 656.212219 683.843079 16900.6667 21.207 7185.1 36.024 14025.0 49.165 "" "" 0.0030737405743884133 0.00611698 0.005363762 0.011480742 46.87901787691 63.29104277547 672.342712 -3.471 -0.1770000000000004 -0.09655623054504403 -0.020304634094238272 0.23375799 0.23175798 "" "" 0.3144456437706749 "" 0.0734776574413409 "" 0.8
48.23597423949 63.48388881235 0.0156 0.0168 16.8821 "" "" 466911740205270272 628.059692 1.5543 0.0242 -3.257 -0.302 0.022 0.024 0.999 5444.1 4.6166 15.136743 1.26631 15.690895 14.424585 "" "" 618.63031 636.60321 16605.41521 14.328 7228.7 23.512 13469.0 38.311 "" "" 0.002910229756983598 0.0045006913 0.0048806774 0.009381369 48.23597423949 63.48388881235 628.059692 -3.257 -0.30199999999999977 0.11744376945495594 -0.14530463409423827 0.22575799 0.22775799 "" "" 0.5562016396834888 "" 0.1262409801642067 "" 0.9
47.94013268447 63.36249047044 0.0173 0.0165 8.7864 "" "" 466914935661099264 654.499634 1.4843 0.0267 -3.114 -0.144 0.026 0.024 1.04 5408.0 4.5254 15.137862 1.310733 15.717141 14.406408 "" "" 644.176941 666.549988 16588.2953 13.347 7056.0 22.789 13696.0 29.952 "" "" 0.002890491966323362 0.0044812458 0.0044633583 0.008944605 47.94013268447 63.36249047044 654.499634 -3.114 -0.14400000000000027 0.2604437694549562 0.01269536590576173 0.229758 0.22775799 "" "" 0.8089414161310161 "" 0.18585693889402188 "" 1.0
48.38247087803 63.35281381191 0.0174 0.0182 12.6656 "" "" 466906723683568000 680.269409 1.4441 0.026 -3.174 -0.171 0.023 0.024 1.002 5438.7 4.5207 15.157063 1.261869 15.705131 14.443262 "" "" 666.753723 693.675049 16297.52446 24.862 7134.5 41.463 13239.0 52.309 "" "" 0.0032148274497750704 0.006899254 0.00571724 0.012616494 48.38247087803 63.35281381191 680.269409 -3.174000000000001 -0.17100000000000126 0.20044376945495612 -0.014304634094238294 0.22675799 0.22775799 "" "" 0.6479700838267046 "" 0.14693568326809375 "" 1.0
47.82515148703 63.39557774614 0.018 0.0182 11.7259 "" "" 466916069532453120 687.921753 1.4211 0.0272 -3.323 -0.131 0.024 0.025 1.018 5591.4 4.5065 15.206285 1.345585 15.799663 14.454078 "" "" 676.240356 700.571045 15575.16146 19.454 6539.6 44.856 13108.0 49.833 "" "" 0.003070972559266169 0.007952735 0.005596551 0.013549286 47.82515148703 63.39557774614 687.921753 -3.3230000000000013 -0.13100000000000067 0.0514437694549561 0.025695365905761713 0.22775799 0.22875799 "" "" 0.18750620831971573 "" 0.04274354237252281 "" 1.0
48.57754190559 63.36178360788 0.0176 0.0182 17.3371 "" "" 466907617036724352 655.59137 1.4964 0.026 -3.439 -0.157 0.024 0.023 1.031 "" "" 15.208981 1.279909 15.769568 14.489658 "" "" 644.93042 667.6026 15536.54284 19.761 6723.4 30.815 12685.0 45.643 "" "" 0.0030820155889722737 0.005705049 0.005435613 0.011140661 48.57754190559 63.36178360788 655.59137 -3.4390000000000005 -0.15700000000000086 -0.064556230545044 -0.0003046340942382819 0.22775799 0.22675799 "" "" 0.2006109197047642 "" 0.04569073545897895 "" 1.0
47.27320358149 63.27861658037 0.0192 0.0203 20.3938 "" "" 466823401316739584 644.488892 1.5208 0.0276 -3.426 -0.13 0.03 0.031 0.964 5519.6 4.6004 15.213449 1.354675 15.817254 14.462579 "" "" 632.767151 655.461487 15472.74915 16.178 6434.5 27.347 13005.0 39.914 "" "" 0.002980020688107049 0.0053924136 0.005038621 0.0104310345 47.27320358149 63.27861658037 644.488892 -3.426 -0.13000000000000084 -0.0515562305450441 0.026695365905761714 0.23375799 0.23475799 "" "" 0.17735891424072384 "" 0.041496623990542096 "" 0.8
47.81213918364 63.20245213704 0.0315 0.0347 5.6444 "" "" 466808248672443776 709.297119 1.3898 0.0524 -2.986 -0.401 0.049 0.051 1.958 4757.9 4.2508 15.27007 1.554537 15.982698 14.428162 "" "" 679.353027 735.629272 14686.52011 9.8622 5525.1 13.725 13424.0 25.127 "" "" 0.002850150315869849 0.0038806414 0.0042911395 0.008171781 47.81213918364 63.20245213704 709.297119 -2.986 -0.40100000000000013 0.38844376945495585 -0.2443046340942383 0.252758 0.254758 "" "" 1.5427949403603152 "" 0.3908308109328685 "" 0.9
48.42257376696 62.9706925469 0.0182 0.0178 18.582 "" "" 466844669996338304 597.26709 1.6388 0.0281 -3.819 -0.153 0.029 0.027 1.023 5070.2 4.5596 15.327364 1.426627 15.971634 14.545007 "" "" 587.729553 609.742981 13931.60237 5.9978 5581.7 12.324 12055.0 13.992 "" "" 0.0027946876071986812 0.003678553 0.003983944 0.0076624975 48.42257376696 62.9706925469 597.26709 -3.8190000000000004 -0.1530000000000012 -0.4445562305450439 0.0036953659057617216 0.23275799 0.23075798 "" "" 1.258602622003429 "" 0.29294963778476674 "" 1.0
47.63427049018 63.47377740508 0.0175 0.0195 18.3757 "" "" 466920330139335296 702.311646 1.3885 0.0275 -3.413 -0.215 0.024 0.026 1.021 4671.6 4.1895 15.396864 1.625563 16.157087 14.531525 "" "" 686.740723 718.106934 13067.76273 12.752 4705.2 19.545 12205.0 33.102 "" "" 0.00295200469512018 0.005303362 0.004791135 0.010094497 47.63427049018 63.47377740508 702.311646 -3.4129999999999994 -0.2149999999999995 -0.03855623054504376 -0.05830463409423828 0.22775799 0.229758 "" "" 0.2326941863055507 "" 0.053322183498872536 "" 0.9
49.35490679255 63.41670471633 0.0183 0.0181 37.9212 "" "" 466870164922350080 647.406433 1.5104 0.027 -3.2 0.043 0.025 0.026 1.067 4763.0 4.4246 15.411134 1.304781 15.988775 14.683994 "" "" 636.362 660.152893 12897.13458 4.8745 5494.2 11.193 10606.0 11.839 "" "" 0.002785710273036758 0.0035605573 0.003968951 0.0075295083 49.35490679255 63.41670471633 647.406433 -3.1999999999999984 0.04299999999999935 0.17444376945495588 0.1996953659057617 0.22875799 0.229758 "" "" 0.8136926715650653 "" 0.1866006539017535 "" 0.9
47.15216569894 63.20320475442 0.0192 0.022 23.4118 "" "" 466817010405415936 677.312134 1.4468 0.0304 -3.259 -0.268 0.029 0.032 1.021 5475.0 4.524 15.418029 1.439185 16.07034 14.631154 "" "" 664.225281 690.886169 12815.48721 11.876 5096.6 19.005 11135.0 32.45 "" "" 0.002933276604681197 0.0049169827 0.004929015 0.009845998 47.15216569894 63.20320475442 677.312134 -3.259 -0.268 0.11544376945495616 -0.1113046340942383 0.23275799 0.23575799 "" "" 0.5148358532431617 "" 0.1205786965880088 "" 1.0
47.70431661199 62.66328725946 0.017 0.0213 34.4879 "" "" 466740319470044288 639.51825 1.5311 0.0279 -3.432 -0.311 0.025 0.031 1.002 5013.5 4.5483 15.476538 1.33636 16.071749 14.735389 "" "" 627.687378 648.948914 12143.15457 9.0773 5090.0 17.498 10116.0 21.179 "" "" 0.002872369488478202 0.004660074 0.0044103023 0.009070376 47.70431661199 62.66328725946 639.51825 -3.4319999999999986 -0.311 -0.057556230545043885 -0.15430463409423828 0.22875799 0.23475799 "" "" 0.4992260765551505 "" 0.11683557877896991 "" 1.0
47.70963150669 63.00583147498 0.0224 0.0258 15.331 "" "" 466801411084593024 656.807434 1.4854 0.0371 -3.424 -0.084 0.038 0.038 1.128 4972.4 4.299 15.477633 1.573575 16.199802 14.626227 "" "" 641.501038 674.098267 12130.90947 15.52 4523.7 21.478 11186.0 37.635 "" "" 0.003085659078255179 0.005861616 0.005256199 0.011117815 47.70963150669 63.00583147498 656.807434 -3.4239999999999995 -0.08399999999999999 -0.04955623054504388 0.07269536590576171 0.24175799 0.24175799 "" "" 0.273904469668912 "" 0.06621859374602547 "" 1.0
47.74112345839 63.15840919248 0.0204 0.023 8.3386 "" "" 466807694616172288 688.123047 1.4235 0.0362 -3.471 -0.188 0.034 0.034 0.998 5428.6 4.5567 15.525641 1.408685 16.161512 14.752828 "" "" 671.972046 704.006531 11606.20211 19.427 4686.1 29.355 9954.7 43.87 "" "" 0.0033006924536002178 0.007351418 0.006097379 0.013448797 47.74112345839 63.15840919248 688.123047 -3.471 -0.18800000000000033 -0.09655623054504403 -0.03130463409423828 0.23775798 0.23775798 "" "" 0.331076307653022 "" 0.07871603440608797 "" 0.8
47.88672003379 63.11194191858 0.0198 0.0235 7.3934 "" "" 466803988065802624 652.280029 1.4994 0.0357 -2.892 -0.991 0.033 0.035 1.043 5323.6 4.6102 15.551851 1.593593 16.127108 14.533515 "" "" 635.211121 666.117676 11329.37771 10.497 4837.0 69.779 12183.0 358.7 "" "" 0.002933216241116466 0.015909504 0.032189608 0.04809911 47.88672003379 63.11194191858 652.280029 -2.8920000000000003 -0.9910000000000003 0.48244376945495615 -0.8343046340942383 0.236758 0.23875798 "" "" 2.979732771237557 "" 0.7099463091338459 "" 0.8
48.23936079672 63.12313468359 0.0195 0.0197 8.3746 "" "" 466850304993367424 692.829834 1.4117 0.0313 -3.39 0.005 0.031 0.028 1.017 4600.6 4.228 15.571136 1.420296 16.20915 14.788855 "" "" 677.160217 713.741821 11129.92622 13.322 4484.9 23.782 9629.8 47.557 "" "" 0.003046421691878546 0.0063977893 0.0065600355 0.012957824 48.23936079672 63.12313468359 692.829834 -3.3900000000000023 0.005000000000000256 -0.01555623054504407 0.16169536590576172 0.23475799 0.23175798 "" "" 0.5334615481624656 "" 0.12364874383347031 "" 0.8
47.64186895578 63.27599529303 0.0208 0.0227 10.6732 "" "" 466821305373015040 637.016235 1.5365 0.0332 -3.487 0.078 0.032 0.034 1.039 5195.8 4.5868 15.576531 1.384912 16.198843 14.813931 "" "" 623.798645 653.217773 11074.76082 12.284 4527.7 19.227 9409.9 36.165 "" "" 0.003007007641333954 0.0053891325 0.00562992 0.011019053 47.64186895578 63.27599529303 637.016235 -3.487000000000001 0.07800000000000097 -0.11255623054504404 0.23469536590576173 0.23575799 0.23775798 "" "" 0.7859340776495248 "" 0.186569179820176 "" 0.8
47.82683611911 63.4738469414 0.0198 0.021 16.0576 "" "" 466920845536017920 672.897461 1.4583 0.0308 -3.466 -0.22 0.027 0.03 0.989 4724.4 4.3635 15.606853 1.441708 16.262615 14.820908 "" "" 660.419434 687.493774 10769.7505 13.5 4269.4 21.46 9349.6 30.622 "" "" 0.003073119236105783 0.006129311 0.00518932 0.0113186315 47.82683611911 63.4738469414 672.897461 -3.466 -0.22000000000000014 -0.09155623054504414 -0.06330463409423828 0.23075798 0.23375799 "" "" 0.3550285149667088 "" 0.08227166832843706 "" 0.9
47.99774971234 63.23834052521 0.02 0.0219 1.2079 "" "" 466901638442987776 660.879761 1.4802 0.0314 -3.278 0.064 0.029 0.031 0.967 5177.2 4.6259 15.607478 1.425804 16.253769 14.827965 "" "" 647.191895 673.986816 10763.55087 9.3912 4304.4 16.829 9289.1 21.48 "" "" 0.0029136190780999294 0.005079807 0.004537296 0.009617103 47.99774971234 63.23834052521 660.879761 -3.278000000000001 0.06400000000000038 0.09644376945495603 0.22069536590576172 0.23275799 0.23475799 "" "" 0.7544737954238923 "" 0.17687766189072646 "" 1.0
49.29633311209 63.66871344089 0.0205 0.0225 43.6062 "" "" 466894010579966080 658.802002 1.4801 0.0311 -3.334 -0.106 0.029 0.031 0.993 4626.2 4.2381 15.636003 1.80332 16.506035 14.702715 "" "" 646.702576 669.004395 10484.44486 9.7717 3412.0 12.941 10425.0 25.504 "" "" 0.0029352656838392 0.0049742055 0.0046194145 0.00959362 49.29633311209 63.66871344089 658.802002 -3.3340000000000005 -0.10600000000000043 0.04044376945495598 0.05069536590576172 0.23275799 0.23475799 "" "" 0.20251321022853047 "" 0.04738448131240556 "" 0.9
47.36346435061 63.10921072293 0.0326 0.0382 18.9155 "" "" 466812646718653312 636.132507 1.5414 0.0529 -3.218 -0.253 0.051 0.056 1.727 5215.8 4.6008 15.641558 1.525246 16.332127 14.806881 "" "" 618.974426 656.511353 10430.94092 14.851 4004.7 25.515 9471.2 33.939 "" "" 0.0031593230834446526 0.007459022 0.005424077 0.012883099 47.36346435061 63.10921072293 636.132507 -3.218 -0.2530000000000004 0.15644376945495608 -0.09630463409423828 0.254758 0.259758 "" "" 0.5539338445961344 "" 0.14188559436378956 "" 0.8
48.84959021417 63.20553692749 0.02 0.0216 22.5276 "" "" 466855149716328832 629.94342 1.5584 0.0321 -3.934 -0.207 0.028 0.029 1.025 "" "" 15.643676 1.457234 16.30735 14.850116 "" "" 617.371338 641.688721 10410.62022 14.171 4097.1 22.968 9101.5 31.631 "" "" 0.0031266610367078713 0.0066956026 0.0053405724 0.012036175 48.84959021417 63.20553692749 629.94342 -3.9339999999999993 -0.20699999999999974 -0.5595562305450441 -0.05030463409423827 0.23175798 0.23275799 "" "" 1.677535001182518 "" 0.3887956074831987 "" 1.0
