Clusters/Trumpler_3/Trumpler_3_stars_in_region.tsv
# %ECSV 1.0
# ---
# datatype:
# - name: RA_ICRS_1
#   unit: deg
#   datatype: float64
#   format: '{:15.11f}'
#   description: Right ascension (ICRS) at Ep=2016.0 (ra)
#   meta: !!omap
#   - {ucd: POS_EQ_RA_MAIN}
#   - {width: 15}
#   - {precision: '11'}
# - name: DE_ICRS_1
#   unit: deg
#   datatype: float64
#   format: '{:15.11f}'
#   description: Declination (ICRS) at Ep=2016.0 (dec)
#   meta: !!omap
#   - {ucd: POS_EQ_DEC_MAIN}
#   - {width: 15}
#   - {precision: '11'}
# - name: e_RA_ICRS
#   unit: mas
#   datatype: float64
#   format: '{:7.4f}'
#   description: Standard error of right ascension (ra_error)
#   meta: !!omap
#   - {ucd: ERROR}
#   - {width: 7}
#   - {precision: '4'}
# - name: e_DE_ICRS
#   unit: mas
#   datatype: float64
#   format: '{:7.4f}'
#   description: Standard error of declination (dec_error)
#   meta: !!omap
#   - {ucd: ERROR}
#   - {width: 7}
#   - {precision: '4'}
# - name: _r_1
#   unit: ''
#   datatype: float64
#   format: '{:7.4f}'
#   description: Distance from center (048.01711741000+63.22019758000)[ICRS], at Epoch=J2016.0
#   meta: !!omap
#   - {ucd: POS_ANG_DIST_GENERAL}
#   - {width: 7}
#   - {precision: '4'}
# - name: HIP
#   datatype: int32
#   description: '? HIP cross-id number, van Leeuwen, Cat. I/311 (hip_original_ext_source_id)'
#   meta: !!omap
#   - {ucd: ID_NUMBER}
#   - {width: 6}
#   - values: {'null': -2147483648}
# - name: TYC2
#   datatype: string
#   description: Tycho-2 cross-id name, Hog et al., Cat. I/259 (tyc2_original_ext_source_id)
#   meta: !!omap
#   - {ucd: ID_CROSSID}
#   - {_votable_string_dtype: char}
# - name: Source
#   datatype: int64
#   description: Source identifier, identical to the Gaia-EDR3 source_id (id)
#   meta: !!omap
#   - {ucd: ID_MAIN}
#   - {width: 19}
# - name: rgeo
#   unit: pc
#   datatype: float64
#   format: '{:15.8f}'
#   description: '? Median of the geometric distance posterior (r_med_geo)'
#   meta: !!omap
#   - {ucd: PHYS_DISTANCE_TRUE}
#   - {width: 15}
#   - {precision: '8'}
#   - values: {'null': .nan}
# - name: Plx
#   unit: mas
#   datatype: float64
#   format: '{:9.4f}'
#   description: '? Parallax (parallax)'
#   meta: !!omap
#   - {ucd: POS_PARLX_TRIG}
#   - {width: 9}
#   - {precision: '4'}
#   - values: {'null': .nan}
# - name: e_Plx
#   unit: mas
#   datatype: float32
#   format: '{:7.4f}'
#   description: '? Standard error of parallax (parallax_error)'
#   meta: !!omap
#   - {ucd: ERROR}
#   - {width: 7}
#   - {precision: '4'}
#   - values: {'null': .nan}
# - name: pmRA
#   unit: mas / yr
#   datatype: float64
#   format: '{:9.3f}'
#   description: '? Proper motion in right ascension direction, pmRA*cosDE (pmra)'
#   meta: !!omap
#   - {ucd: POS_EQ_PMRA}
#   - {width: 9}
#   - {precision: '3'}
#   - values: {'null': .nan}
# - name: pmDE
#   unit: mas / yr
#   datatype: float64
#   format: '{:9.3f}'
#   description: '? Proper motion in declination direction (pmdec)'
#   meta: !!omap
#   - {ucd: POS_EQ_PMDEC}
#   - {width: 9}
#   - {precision: '3'}
#   - values: {'null': .nan}
# - name: e_pmRA
#   unit: mas / yr
#   datatype: float32
#   format: '{:6.3f}'
#   description: '? Standard error of proper motion in right ascension direction (pmra_error)'
#   meta: !!omap
#   - {ucd: ERROR}
#   - {width: 6}
#   - {precision: '3'}
#   - values: {'null': .nan}
# - name: e_pmDE
[...]
#         value: !astropy.table.SerializedColumn {name: SkyCoord.dec}
#       distance: !astropy.table.SerializedColumn
#         __class__: astropy.coordinates.distances.Distance
#         unit: !astropy.units.Unit {unit: pc}
#         value: !astropy.table.SerializedColumn {name: SkyCoord.distance}
#       frame: icrs
#       obstime: !astropy.time.Time {format: jyear_str, in_subfmt: '*', jd1: 367701545.0, jd2: 0.0, out_subfmt: '*', precision: 3, scale: tt}
#       pm_dec: !astropy.table.SerializedColumn
#         __class__: astropy.units.quantity.Quantity
#         unit: !astropy.units.Unit {unit: mas / yr}
#         value: !astropy.table.SerializedColumn {name: SkyCoord.pm_dec}
#       pm_ra_cosdec: !astropy.table.SerializedColumn
#         __class__: astropy.units.quantity.Quantity
#         unit: !astropy.units.Unit {unit: mas / yr}
#         value: !astropy.table.SerializedColumn {name: SkyCoord.pm_ra_cosdec}
#       ra: !astropy.table.SerializedColumn
#         __class__: astropy.coordinates.angles.Longitude
#         unit: *id001
#         value: !astropy.table.SerializedColumn {name: SkyCoord.ra}
#         wrap_angle: !astropy.coordinates.Angle
#           unit: *id001
#           value: 360.0
#       representation_type: spherical
# schema: astropy-2.0
RA_ICRS_1 DE_ICRS_1 e_RA_ICRS e_DE_ICRS _r_1 HIP TYC2 Source rgeo Plx e_Plx pmRA pmDE e_pmRA e_pmDE RUWE Teff logg Gmag BP-RP BPmag RPmag RV e_RV b_rgeo B_rgeo FG e_FG FBP e_FBP FRP e_FRP RAVE5 RAVE6 e_Gmag e_BPmag e_RPmag e_BP-RP SkyCoord.ra SkyCoord.dec SkyCoord.distance SkyCoord.pm_ra_cosdec SkyCoord.pm_dec rmRA rmDE e_rmRA e_rmDE rRV e_rRV v_pec v_pec3d e_vpec e_vpec3d
[from data line 1477]
46.67991656228 63.81829075158 0.0356 0.0405 50.67 "" "" 467084844568388480 633.034302 1.5486 0.0565 3.253 0.405 0.036 0.058 1.319 "" "" 16.089264 1.84326 16.972116 15.128857 "" "" 607.048157 656.473389 6906.22978 3.5293 2221.1 6.2948 7040.7 19.378 "" "" 0.0028106302919086324 0.0041537257 0.0048180274 0.008971753 46.67991656228 63.81829075158 633.034302 3.253 0.405 6.627443769454956 0.5616953659057617 0.23975798 0.26175797 "" "" 19.957486472765087 "" 4.788240618161235 ""
45.94154667269 63.72935159817 0.026 0.0299 63.4496 "" "" 467091407276252032 766.637817 1.2769 0.0407 4.645 -5.682 0.026 0.043 1.072 4563.0 4.4332 16.0898 1.704865 16.907898 15.203033 "" "" 745.597473 788.49823 6902.82881 2.4146 2356.4 8.2373 6575.7 9.1178 "" "" 0.002781371801013335 0.004710656 0.0040681898 0.008778846 45.94154667269 63.72935159817 766.637817 4.645 -5.682 8.019443769454956 -5.525304634094239 0.229758 0.24675798 "" "" 35.388766737460685 "" 8.329252745880375 ""
48.76474558383 63.67455307795 0.0234 0.0271 33.8414 "" "" 466938712599644672 656.978699 1.4878 0.0379 8.238 -9.27 0.03 0.037 1.0 4684.5 4.5065 16.090406 1.689564 16.901905 15.212341 "" "" 639.281006 673.494995 6898.97404 2.5665 2369.5 9.7136 6519.6 9.3173 "" "" 0.002784767496709661 0.005253147 0.004085504 0.009338651 48.76474558383 63.67455307795 656.978699 8.237999999999996 -9.269999999999989 11.612443769454956 -9.113304634094238 0.23375799 0.24075799 "" "" 45.96840269575671 "" 10.869249781229433 ""
46.57606855841 63.76894121763 0.2363 0.2573 50.7225 "" "" 467083092214307072 595.87207 1.7975 0.3479 2.614 -8.282 0.244 0.355 10.332 "" "" 16.094198 1.720828 16.675423 14.954595 "" "" 502.667633 729.598938 6874.91233 9.3349 2919.1 11.615 8266.5 36.972 "" "" 0.003124925473145709 0.005142798 0.0061533833 0.011296181 46.57606855841 63.76894121763 595.87207 2.6139999999999963 -8.282000000000002 5.988443769454956 -8.125304634094238 0.447758 0.55875796 "" "" 28.50888124194239 "" 14.892582045129503 ""
48.12223126013 63.70339967369 0.0239 0.0285 29.1287 "" "" 466930088305386368 651.152222 1.4997 0.0388 17.597 -15.239 0.028 0.039 1.022 4687.5 4.5293 16.094633 1.575066 16.834631 15.259565 "" "" 635.099792 665.681946 6872.1634 2.3432 2520.9 7.5812 6242.1 10.17 "" "" 0.0027800791033410536 0.0042949305 0.0041728765 0.0084678065 48.12223126013 63.70339967369 651.152222 17.597 -15.239 20.971443769454957 -15.082304634094239 0.23175798 0.24275799 "" "" 79.72858671525863 "" 18.781313715986773 ""
47.96164180817 64.15254638124 0.0262 0.0286 55.9604 "" "" 467162325776794112 744.053833 1.3198 0.0391 4.66 -8.804 0.023 0.037 1.008 4778.6 4.3647 16.0971 1.622704 16.862148 15.239444 "" "" 726.530701 761.032654 6856.57058 1.9379 2457.9 6.2207 6358.9 7.2164 "" "" 0.002772355697419593 0.0039161136 0.0039751623 0.007891276 47.96164180817 64.15254638124 744.053833 4.66 -8.804 8.034443769454956 -8.647304634094239 0.22675799 0.24075799 "" "" 41.62959226485413 "" 9.75696171646848 ""
49.35307115483 64.10245306637 0.0332 0.0362 63.7696 "" "" 490970772606898048 569.757446 1.7378 0.0517 7.953 0.436 0.03 0.046 1.47 3936.0 4.2291 16.098501 1.820379 16.935284 15.114904 "" "" 551.752319 586.225098 6847.72949 3.6016 2297.8 16.829 7131.8 18.569 "" "" 0.0028138738537339626 0.008427194 0.004719662 0.013146857 49.35307115483 64.10245306637 569.757446 7.9530000000000065 0.43600000000000017 11.327443769454955 0.5926953659057617 0.23375799 0.24975799 "" "" 30.633312139570357 "" 7.162165279328739 ""
47.9584907724 63.02319886326 0.0297 0.0308 11.9264 "" "" 466802201358539264 617.330139 1.585 0.049 -2.976 0.029 0.047 0.044 1.024 "" "" 16.105032 1.992197 17.098528 15.106331 "" "" 599.127686 634.444641 6806.65251 4.978 1977.0 10.933 7188.3 14.976 "" "" 0.0028674550278244312 0.0066208583 0.0044045886 0.011025447 47.9584907724 63.02319886326 617.330139 -2.976 0.02900000000000017 0.3984437694549561 0.18569536590576172 0.250758 0.24775799 "" "" 1.286306808376741 "" 0.3218664971911711 ""
49.06390529606 63.41754698584 0.0276 0.0256 30.5865 "" "" 466881091318572160 737.359192 1.3323 0.0376 -5.178 -8.994 0.038 0.035 1.018 4762.9 4.5619 16.106712 1.494931 16.800785 15.305854 "" "" 715.520813 754.907654 6796.13317 2.1494 2600.8 10.052 5981.6 8.9266 "" "" 0.0027766349722429338 0.0050392705 0.004112064 0.009151334 49.06390529606 63.41754698584 737.359192 -5.1780000000000035 -8.994000000000007 -1.8035562305450439 -8.837304634094238 0.24175799 0.23875798 "" "" 31.523778669084162 "" 7.530358050359998 ""
46.74468471879 63.73445507231 0.0257 0.0298 45.9806 "" "" 467083538896069888 564.313782 1.7368 0.041 18.216 -11.789 0.029 0.045 0.974 4494.4 4.5566 16.110016 1.634172 16.881004 15.246832 "" "" 549.207397 581.273926 6775.48603 2.3839 2415.5 9.5157 6315.8 11.2 "" "" 0.002781675596756383 0.0051067956 0.004241553 0.009348349 46.74468471879 63.73445507231 564.313782 18.216 -11.789000000000012 21.590443769454957 -11.632304634094238 0.23275799 0.24875799 "" "" 65.59965716945698 "" 15.511165328415553 ""
49.38257049667 63.35005833493 0.0259 0.027 37.6448 "" "" 466868927971794432 562.120789 1.7482 0.04 32.612 -11.334 0.036 0.039 0.997 4502.9 4.6115 16.119448 1.657865 16.913868 15.256002 "" "" 552.43988 572.724609 6716.88688 2.431 2343.5 9.5505 6262.6 9.3454 "" "" 0.0027831999387562642 0.005230981 0.0041120267 0.009343008 49.38257049667 63.35005833493 562.120789 32.61200000000001 -11.334000000000007 35.98644376945496 -11.177304634094238 0.23975798 0.24275799 "" "" 100.4027190610772 "" 24.099005922062997 ""
45.6942465458 62.89715463467 0.0238 0.0264 66.0499 "" "" 466610061703170176 716.34845 1.3711 0.0373 18.585 -4.08 0.037 0.037 0.897 4640.9 4.4232 16.1198 1.48503 16.803715 15.318685 "" "" 695.992554 742.637756 6714.69461 2.2865 2593.8 9.6607 5911.3 7.9133 "" "" 0.0027800143773668738 0.004913031 0.004049226 0.008962257 45.6942465458 62.89715463467 716.34845 18.585 -4.080000000000001 21.959443769454957 -3.9233046340942384 0.24075799 0.24075799 "" "" 75.74378339459888 "" 18.23592081051494 ""
48.88880071798 63.01636987623 0.0287 0.0272 26.6228 "" "" 466839584755376128 759.515686 1.2888 0.0444 -3.756 3.352 0.042 0.038 1.004 "" "" 16.120415 1.434005 16.773222 15.339217 "" "" 737.683899 781.623352 6710.89953 2.5906 2667.6 8.2231 5800.6 9.533 "" "" 0.0027870155124568394 0.0043573617 0.004179431 0.008536793 48.88880071798 63.01636987623 759.515686 -3.7559999999999993 3.3519999999999985 -0.38155623054504373 3.5086953659057616 0.24575798 0.24175799 "" "" 12.706138919822676 "" 3.0724094568856204 ""
47.18290984852 62.51850936656 0.0267 0.0283 47.8896 "" "" 466717813841563648 696.199341 1.4177 0.0414 -4.093 2.023 0.036 0.037 1.064 "" "" 16.120504 1.494051 16.822834 15.328783 "" "" 671.909973 717.153076 6710.3421 2.3423 2548.5 7.5777 5856.6 10.469 "" "" 0.0027812621433854477 0.00426698 0.0042485865 0.008515567 47.18290984852 62.51850936656 696.199341 -4.093000000000001 2.022999999999999 -0.7185562305450439 2.179695365905762 0.23975798 0.24075799 "" "" 7.573731258557456 "" 1.8226952850459943 ""
49.12574305232 63.22179997348 0.0247 0.0264 29.9693 "" "" 466866179192793856 532.530884 1.849 0.0399 0.328 -1.6 0.033 0.037 0.972 4118.7 4.3801 16.121128 2.062534 17.17167 15.109137 "" "" 520.540894 546.281128 6706.48857 4.3488 1848.2 7.9703 7169.7 12.677 "" "" 0.0028438467867823998 0.0054505095 0.0042389957 0.009689505 49.12574305232 63.22179997348 532.530884 0.32800000000000074 -1.6 3.702443769454956 -1.4433046340942384 0.236758 0.24075799 "" "" 10.030693441395647 "" 2.380178443137839 ""
46.97596347557 63.09514359191 0.0241 0.028 29.1877 "" "" 466814777024744832 624.696655 1.5687 0.039 8.467 -9.857 0.038 0.039 1.043 4629.1 4.5253 16.122484 1.619915 16.887716 15.267801 "" "" 610.255859 642.987793 6698.11822 2.8522 2400.7 7.5479 6194.9 9.7294 "" "" 0.002793839264539113 0.004408822 0.0041462565 0.008555079 46.97596347557 63.09514359191 624.696655 8.467 -9.857 11.841443769454957 -9.700304634094238 0.24175799 0.24275799 "" "" 45.326085856732675 "" 10.976167825581392 ""
48.28271564031 62.16422736142 0.0263 0.0286 63.7785 "" "" 463712539325198080 577.253662 1.7115 0.0403 11.507 -10.871 0.042 0.041 0.976 4508.1 4.6025 16.123371 1.634484 16.899761 15.265277 "" "" 564.588501 590.365112 6692.65381 2.6138 2374.2 9.1302 6209.4 12.371 "" "" 0.002787757571602843 0.0050217677 0.0043546287 0.009376396 48.28271564031 62.16422736142 577.253662 11.507000000000003 -10.871000000000002 14.881443769454956 -10.714304634094239 0.24575798 0.24475798 "" "" 50.173981969459504 "" 12.31355021904067 ""
50.23978504929 63.44795299973 0.0255 0.0263 61.3872 "" "" 487889253830482944 519.112061 1.9043 0.0371 4.452 -3.099 0.037 0.038 1.002 4499.0 4.5888 16.124474 1.72571 16.954535 15.228825 "" "" 508.926697 528.290466 6685.86585 2.3706 2257.4 8.0267 6421.4 8.8143 "" "" 0.0027820837444264015 0.004763312 0.004062611 0.008825923 50.23978504929 63.44795299973 519.112061 4.452 -3.099 7.826443769454956 -2.9423046340942385 0.24075799 0.24175799 "" "" 20.5735998252833 "" 4.95581079013484 ""
48.83335181632 63.98660151068 0.0284 0.0288 50.8774 "" "" 466960290515128576 582.469238 1.6889 0.0416 18.55 -11.929 0.026 0.042 1.084 4380.1 4.5025 16.126944 1.743367 16.969902 15.226535 "" "" 569.136902 598.060913 6670.66649 1.9844 2225.6 5.5192 6434.9 7.817 "" "" 0.0027741863031237823 0.003877438 0.004002913 0.007880351 48.83335181632 63.98660151068 582.469238 18.549999999999997 -11.928999999999995 21.924443769454957 -11.772304634094239 0.229758 0.24575798 "" "" 68.70538729551764 "" 16.03816854634494 ""
50.07389272116 63.91704389502 0.0284 0.0256 69.0279 "" "" 490920023273885184 568.905212 1.737 0.0409 41.711 -7.211 0.026 0.034 1.029 4676.7 4.6535 16.128168 1.520693 16.836073 15.31538 "" "" 555.126404 580.870544 6663.14293 1.9702 2517.6 5.7168 5929.3 6.2124 "" "" 0.0027739600457955195 0.00372335 0.003946873 0.007670223 50.07389272116 63.91704389502 568.905212 41.711000000000034 -7.210999999999993 45.085443769454955 -7.054304634094239 0.229758 0.23775798 "" "" 123.05708852117688 "" 28.297274180375826 ""
47.65863810117 63.39860536342 0.0276 0.0275 14.4195 "" "" 466918818310855040 774.280151 1.2711 0.0404 -2.472 -3.318 0.038 0.037 1.021 4818.5 4.4894 16.128551 1.438932 16.78968 15.350749 "" "" 750.276428 803.499207 6660.80205 2.4824 2627.5 8.5939 5739.3 8.6744 "" "" 0.002784874051085301 0.0045161797 0.0041202623 0.008636442 47.65863810117 63.39860536342 774.280151 -2.4719999999999978 -3.3180000000000005 0.9024437694549561 -3.1613046340942383 0.24175799 0.24075799 "" "" 12.065746417622593 "" 2.905835722466724 ""
47.79025900961 63.28478239307 0.0276 0.0281 7.2487 "" "" 466914282826152320 624.739014 1.5801 0.0435 11.435 -0.83 0.04 0.041 1.005 4547.6 4.5575 16.130241 1.636452 16.911827 15.275375 "" "" 605.161743 641.00293 6650.43806 2.3956 2347.9 8.6605 6151.9 10.352 "" "" 0.002782938913694703 0.0048809806 0.004197817 0.009078797 47.79025900961 63.28478239307 624.739014 11.435000000000002 -0.830000000000003 14.809443769454957 -0.6733046340942382 0.243758 0.24475798 "" "" 43.89995773131613 "" 10.701056327937863 ""
49.29514263072 63.33241813358 0.0266 0.0273 35.1334 "" "" 466869168489979136 663.121826 1.4793 0.0403 6.121 -11.78 0.037 0.04 1.052 4547.4 4.4716 16.134544 1.461342 16.806925 15.345583 "" "" 646.674805 680.274048 6624.12864 2.2033 2586.1 8.3769 5766.7 7.3871 "" "" 0.002778886042983529 0.0044892943 0.004027171 0.008516465 49.29514263072 63.33241813358 663.121826 6.121000000000005 -11.78 9.495443769454956 -11.623304634094238 0.24075799 0.243758 "" "" 47.17568328078231 "" 11.443012855139836 ""
48.3320355741 63.16419900075 0.0255 0.0264 9.1601 "" "" 466851748102335104 722.506836 1.3691 0.0399 -3.326 0.085 0.038 0.038 0.99 4540.0 4.3604 16.13521 1.655595 16.92604 15.270446 "" "" 699.861633 747.355347 6620.0688 8.177 2317.4 12.673 6179.9 21.112 "" "" 0.0030643586607266974 0.006560398 0.0052954117 0.011855809 48.3320355741 63.16419900075 722.506836 -3.3259999999999996 0.0850000000000007 0.04844376945495599 0.24169536590576174 0.24175799 0.24175799 "" "" 0.8441925391153404 "" 0.2040902905260228 ""
49.02710012163 63.4950438548 0.0436 0.0428 31.7857 "" "" 466885970401357184 707.646606 1.4047 0.0613 8.594 -7.724 0.06 0.059 2.159 4631.5 4.2806 16.135532 1.498888 16.763544 15.264656 "" "" 677.213318 739.464478 6618.1119 3.7002 2691.5 11.742 6212.9 10.545 "" "" 0.0028213974713326797 0.00549736 0.0042047133 0.009702073 49.02710012163 63.4950438548 707.646606 8.593999999999998 -7.724 11.968443769454955 -7.5673046340942385 0.26375797 0.262758 "" "" 47.49636209655917 "" 12.513998054386391 ""
46.29912186445 63.52670764192 0.0261 0.0296 49.7216 "" "" 467073368414361984 760.039551 1.2859 0.0413 4.336 -4.829 0.036 0.041 0.977 4764.9 4.3282 16.135796 1.642813 16.922977 15.280165 "" "" 741.351196 783.964783 6616.50095 4.184 2323.9 8.3976 6124.8 12.364 "" "" 0.0028395728273769225 0.004814362 0.0043689245 0.009183287 46.29912186445 63.52670764192 760.039551 4.335999999999999 -4.828999999999999 7.710443769454956 -4.672304634094238 0.23975798 0.24475798 "" "" 32.47955361437393 "" 7.831179622343491 ""
48.25510797653 62.08471799823 0.0296 0.0328 68.4437 "" "" 463677011355758720 709.474487 1.3873 0.0443 -5.307 3.896 0.047 0.046 1.094 4606.3 4.5577 16.139143 1.47241 16.817911 15.345501 "" "" 688.309692 734.520325 6596.13551 2.7908 2560.1 9.2005 5767.1 12.699 "" "" 0.002793351211853156 0.00479688 0.0044720764 0.009268956 48.25510797653 62.08471799823 709.474487 -5.3069999999999995 3.8960000000000017 -1.9325562305450443 4.052695365905762 0.250758 0.24975799 "" "" 15.099092209333111 "" 3.7739208194682297 ""
49.71924899875 62.75260495724 0.0246 0.0275 54.2085 "" "" 463813449577497856 582.394653 1.6927 0.0383 13.56 -0.223 0.038 0.042 0.988 4516.6 4.5556 16.139574 1.704176 16.959745 15.255569 "" "" 569.522705 594.94281 6593.51214 2.4593 2246.6 7.2254 6265.1 10.664 "" "" 0.002784921400051827 0.004469713 0.004207025 0.008676738 49.71924899875 62.75260495724 582.394653 13.560000000000013 -0.22300000000000292 16.93444376945496 -0.06630463409423829 0.24175799 0.24575798 "" "" 46.74874817167408 "" 11.301886233290567 ""
50.14868477048 63.2696360301 0.0349 0.0393 57.6487 "" "" 463865096564529408 597.977966 1.6618 0.0569 9.633 -9.089 0.048 0.055 1.414 4519.8 4.5523 16.140522 1.690078 16.92882 15.238742 "" "" 579.031189 618.633118 6587.76242 4.2777 2311.5 8.7075 6363.0 12.151 "" "" 0.002844087155051962 0.00495108 0.004310747 0.009261827 50.14868477048 63.2696360301 597.977966 9.632999999999994 -9.088999999999997 13.007443769454955 -8.932304634094239 0.25175798 0.25875798 "" "" 44.724496248078154 "" 11.361012599443386 ""
47.71920123524 63.09674219485 0.0267 0.0303 10.9549 "" "" 466805259375240320 655.548706 1.5026 0.0449 8.973 -10.868 0.043 0.046 0.994 4462.4 4.5004 16.143648 1.894049 17.080772 15.186724 "" "" 637.236694 676.141846 6568.82733 2.5551 2009.6 10.97 6675.3 14.595 "" "" 0.002787498127153017 0.006550739 0.004463071 0.01101381 47.71920123524 63.09674219485 655.548706 8.972999999999997 -10.868000000000002 12.347443769454957 -10.711304634094239 0.24675798 0.24975799 "" "" 50.791911315831115 "" 12.598965721286019 ""
46.1761231697 63.4206701211 0.1159 0.1302 51.0322 "" "" 467048904280105728 654.860901 1.4889 0.1729 2.037 -4.003 0.161 0.173 3.572 "" "" 16.146212 1.861858 16.730528 14.868669 "" "" 588.670227 729.913391 6553.32538 7.9776 2774.6 11.876 8947.3 20.79 "" "" 0.003055927979999335 0.005420497 0.004544047 0.009964544 46.1761231697 63.4206701211 654.860901 2.037 -4.003 5.411443769454956 -3.8463046340942384 0.36475798 0.37675798 "" "" 20.60806778856387 "" 7.600855884113693 ""
