Clusters/Trumpler_3/Trumpler_3_members.tsv
# %ECSV 1.0
# ---
# datatype:
# - name: RA_ICRS_1
#   unit: deg
#   datatype: float64
#   format: '{:15.11f}'
#   description: Right ascension (ICRS) at Ep=2016.0 (ra)
#   meta: !!omap
#   - {ucd: POS_EQ_RA_MAIN}
#   - {width: 15}
#   - {precision: '11'}
# - name: DE_ICRS_1
#   unit: deg
#   datatype: float64
#   format: '{:15.11f}'
#   description: Declination (ICRS) at Ep=2016.0 (dec)
#   meta: !!omap
#   - {ucd: POS_EQ_DEC_MAIN}
#   - {width: 15}
#   - {precision: '11'}
# - name: e_RA_ICRS
#   unit: mas
#   datatype: float64
#   format: '{:7.4f}'
#   description: Standard error of right ascension (ra_error)
#   meta: !!omap
#   - {ucd: ERROR}
#   - {width: 7}
#   - {precision: '4'}
# - name: e_DE_ICRS
#   unit: mas
#   datatype: float64
#   format: '{:7.4f}'
#   description: Standard error of declination (dec_error)
#   meta: !!omap
#   - {ucd: ERROR}
#   - {width: 7}
#   - {precision: '4'}
# - name: _r_1
#   unit: ''
#   datatype: float64
#   format: '{:7.4f}'
#   description: Distance from center (048.01711741000+63.22019758000)[ICRS], at Epoch=J2016.0
#   meta: !!omap
#   - {ucd: POS_ANG_DIST_GENERAL}
#   - {width: 7}
#   - {precision: '4'}
# - name: HIP
#   datatype: int32
#   description: '? HIP cross-id number, van Leeuwen, Cat. I/311 (hip_original_ext_source_id)'
#   meta: !!omap
#   - {ucd: ID_NUMBER}
#   - {width: 6}
#   - values: {'null': -2147483648}
# - name: TYC2
#   datatype: string
#   description: Tycho-2 cross-id name, Hog et al., Cat. I/259 (tyc2_original_ext_source_id)
#   meta: !!omap
#   - {ucd: ID_CROSSID}
#   - {_votable_string_dtype: char}
# - name: Source
#   datatype: int64
#   description: Source identifier, identical to the Gaia-EDR3 source_id (id)
#   meta: !!omap
#   - {ucd: ID_MAIN}
#   - {width: 19}
# - name: rgeo
#   unit: pc
#   datatype: float64
#   format: '{:15.8f}'
#   description: '? Median of the geometric distance posterior (r_med_geo)'
#   meta: !!omap
#   - {ucd: PHYS_DISTANCE_TRUE}
#   - {width: 15}
#   - {precision: '8'}
#   - values: {'null': .nan}
# - name: Plx
#   unit: mas
#   datatype: float64
#   format: '{:9.4f}'
#   description: '? Parallax (parallax)'
#   meta: !!omap
#   - {ucd: POS_PARLX_TRIG}
#   - {width: 9}
#   - {precision: '4'}
#   - values: {'null': .nan}
# - name: e_Plx
#   unit: mas
#   datatype: float32
#   format: '{:7.4f}'
#   description: '? Standard error of parallax (parallax_error)'
#   meta: !!omap
#   - {ucd: ERROR}
#   - {width: 7}
#   - {precision: '4'}
#   - values: {'null': .nan}
# - name: pmRA
#   unit: mas / yr
#   datatype: float64
#   format: '{:9.3f}'
#   description: '? Proper motion in right ascension direction, pmRA*cosDE (pmra)'
#   meta: !!omap
#   - {ucd: POS_EQ_PMRA}
#   - {width: 9}
#   - {precision: '3'}
#   - values: {'null': .nan}
# - name: pmDE
#   unit: mas / yr
#   datatype: float64
#   format: '{:9.3f}'
#   description: '? Proper motion in declination direction (pmdec)'
#   meta: !!omap
#   - {ucd: POS_EQ_PMDEC}
#   - {width: 9}
#   - {precision: '3'}
#   - values: {'null': .nan}
# - name: e_pmRA
#   unit: mas / yr
#   datatype: float32
#   format: '{:6.3f}'
#   description: '? Standard error of proper motion in right ascension direction (pmra_error)'
#   meta: !!omap
#   - {ucd: ERROR}
#   - {width: 6}
#   - {precision: '3'}
#   - values: {'null': .nan}
# - name: e_pmDE
[...]
#       distance: !astropy.table.SerializedColumn
#         __class__: astropy.coordinates.distances.Distance
#         unit: !astropy.units.Unit {unit: pc}
#         value: !astropy.table.SerializedColumn {name: SkyCoord.distance}
#       frame: icrs
#       obstime: !astropy.time.Time {format: jyear_str, in_subfmt: '*', jd1: 367701545.0, jd2: 0.0, out_subfmt: '*', precision: 3, scale: tt}
#       pm_dec: !astropy.table.SerializedColumn
#         __class__: astropy.units.quantity.Quantity
#         unit: !astropy.units.Unit {unit: mas / yr}
#         value: !astropy.table.SerializedColumn {name: SkyCoord.pm_dec}
#       pm_ra_cosdec: !astropy.table.SerializedColumn
#         __class__: astropy.units.quantity.Quantity
#         unit: !astropy.units.Unit {unit: mas / yr}
#         value: !astropy.table.SerializedColumn {name: SkyCoord.pm_ra_cosdec}
#       ra: !astropy.table.SerializedColumn
#         __class__: astropy.coordinates.angles.Longitude
#         unit: *id001
#         value: !astropy.table.SerializedColumn {name: SkyCoord.ra}
#         wrap_angle: !astropy.coordinates.Angle
#           unit: *id001
#           value: 360.0
#       representation_type: spherical
# schema: astropy-2.0
RA_ICRS_1 DE_ICRS_1 e_RA_ICRS e_DE_ICRS _r_1 HIP TYC2 Source rgeo Plx e_Plx pmRA pmDE e_pmRA e_pmDE RUWE Teff logg Gmag BP-RP BPmag RPmag RV e_RV b_rgeo B_rgeo FG e_FG FBP e_FBP FRP e_FRP RAVE5 RAVE6 e_Gmag e_BPmag e_RPmag e_BP-RP SkyCoord.ra SkyCoord.dec SkyCoord.distance SkyCoord.pm_ra_cosdec SkyCoord.pm_dec rmRA rmDE e_rmRA e_rmDE rRV e_rRV v_pec v_pec3d e_vpec e_vpec3d Pmemb
[from data line 116]
47.95103499278 63.4911129385 0.0191 0.0212 16.3519 "" "" 466918367333494528 658.736511 1.4872 0.0307 -3.448 -0.159 0.026 0.03 0.978 5166.4 4.5861 15.666396 1.414349 16.302479 14.88813 "" "" 643.012268 673.104309 10195.02697 15.52 4115.5 26.641 8788.3 41.913 "" "" 0.0032130405829272376 0.007561911 0.006410629 0.013972539 47.95103499278 63.4911129385 658.736511 -3.4479999999999995 -0.15900000000000025 -0.0735562305450439 -0.0023046340942382837 0.229758 0.23375799 "" "" 0.22978549160754894 "" 0.052795962942445394 "" 1.0
48.18145969995 62.99995250749 0.0222 0.022 13.9469 "" "" 466754681840367232 704.764282 1.378 0.0343 -3.063 -0.079 0.036 0.032 0.976 4408.0 4.1537 15.705037 1.840016 16.607847 14.767831 "" "" 687.06665 722.319214 9838.56442 6.2891 3106.5 8.6519 9818.1 20.031 "" "" 0.0028413858097439916 0.0041144737 0.0043807 0.008495174 48.18145969995 62.99995250749 704.764282 -3.0629999999999997 -0.0790000000000009 0.3114437694549559 0.07769536590576172 0.23975798 0.23575799 "" "" 1.0722895358310278 "" 0.2568406597924837 "" 1.0
47.73846753926 63.70348145587 0.0195 0.0214 29.9437 "" "" 467117692476222464 656.342834 1.4915 0.0299 -3.364 0.108 0.022 0.028 1.024 5193.1 4.5872 15.707809 1.463022 16.372398 14.909376 "" "" 643.256897 668.499023 9813.48414 15.209 3858.8 27.913 8618.0 41.35 "" "" 0.00322849868628004 0.008334679 0.0064360136 0.014770692 47.73846753926 63.70348145587 656.342834 -3.3640000000000008 0.10799999999999998 0.010443769454956175 0.2646953659057617 0.22575799 0.23175798 "" "" 0.8241252322144412 "" 0.1909900155356551 "" 0.9
47.77619856468 63.35110926311 0.0228 0.0233 10.1942 "" "" 466915485416947840 661.050598 1.4842 0.0348 -3.401 -0.321 0.031 0.032 0.965 4692.9 4.3961 15.716173 1.488498 16.401104 14.912606 "" "" 641.9422 679.997498 9738.17043 5.5836 3758.2 12.628 8592.4 15.181 "" "" 0.0028247716174105344 0.0045928676 0.0042383363 0.008831204 47.77619856468 63.35110926311 661.050598 -3.4010000000000002 -0.321000000000001 -0.026556230545043746 -0.1643046340942383 0.23475799 0.23575799 "" "" 0.5215100683883688 "" 0.12293691689015349 "" 1.0
49.08981355427 63.21655377801 0.0225 0.024 29.0013 "" "" 466843467406019584 728.758423 1.3491 0.0365 -3.131 0.028 0.03 0.035 1.111 4956.7 4.4592 15.729465 1.437142 16.366285 14.929143 "" "" 708.260986 747.092224 9619.6764 8.3391 3880.6 14.067 8462.5 19.632 "" "" 0.002911640644025666 0.0048244307 0.0045418036 0.009366235 49.08981355427 63.21655377801 728.758423 -3.1309999999999993 0.027999999999999893 0.24344376945495627 0.18469536590576172 0.23375799 0.23875798 "" "" 1.055558876140882 "" 0.24868637508785058 "" 0.9
48.11261921651 63.15398770749 0.0232 0.0245 4.7394 "" "" 466897442255245440 680.562683 1.4338 0.0378 -3.422 -0.235 0.034 0.034 0.975 4375.6 4.2448 15.807782 1.803974 16.67795 14.873976 "" "" 660.866028 701.916199 8950.22168 8.9629 2912.3 12.918 8903.6 22.992 "" "" 0.0029620861913575492 0.0055658408 0.004705805 0.010271646 48.11261921651 63.15398770749 680.562683 -3.4219999999999997 -0.2350000000000002 -0.0475562305450441 -0.07830463409423827 0.23775798 0.23775798 "" "" 0.2955361004589256 "" 0.07026606650557017 "" 1.0
48.34591008202 63.20234558839 0.0217 0.0235 8.9555 "" "" 466852053040347520 650.333679 1.5069 0.0358 -3.619 -0.168 0.033 0.033 1.004 4692.0 4.4132 15.815458 1.478214 16.49598 15.017765 "" "" 638.488953 663.775879 8887.1711 4.0936 3443.7 11.071 7799.2 11.844 "" "" 0.0028003392810089537 0.004468617 0.004123388 0.008592005 48.34591008202 63.20234558839 650.333679 -3.6189999999999998 -0.168 -0.24455623054504416 -0.011304634094238292 0.236758 0.236758 "" "" 0.7546695295172199 "" 0.1786740437136012 "" 1.0
48.65291348952 62.87136445963 0.0218 0.0228 27.1486 "" "" 466828383480723968 664.265869 1.4713 0.0341 -3.398 -0.094 0.032 0.032 0.959 4599.8 4.4001 15.827385 1.508659 16.520096 15.011436 "" "" 646.489807 685.363342 8790.07834 10.814 3368.0 18.309 7844.8 33.581 "" "" 0.0030620185844731553 0.0065285135 0.0059903786 0.012518892 48.65291348952 62.87136445963 664.265869 -3.3979999999999992 -0.09400000000000007 -0.023556230545044077 0.06269536590576172 0.23575799 0.23575799 "" "" 0.21087776444326345 "" 0.04971611823333256 "" 1.0
47.8794991882 62.91161106086 0.0224 0.025 18.8892 "" "" 466753204371714304 674.328857 1.4505 0.036 -3.285 -0.005 0.034 0.036 0.979 4935.9 4.5144 15.827814 1.498325 16.517542 15.019217 "" "" 657.619202 690.282043 8786.60659 14.23 3376.0 21.898 7788.8 32.662 "" "" 0.0032685810548731043 0.0075750737 0.005917215 0.013492288 47.8794991882 62.91161106086 674.328857 -3.285 -0.004999999999999961 0.08944376945495591 0.15169536590576171 0.23775798 0.23975798 "" "" 0.5628759296916211 "" 0.13466448470367728 "" 0.9
47.35495231974 63.06667073091 0.0213 0.0252 20.174 "" "" 466811684645987072 673.499878 1.451 0.0352 -3.383 -0.172 0.034 0.036 0.98 4954.3 4.4909 15.832723 1.529305 16.541912 15.012608 "" "" 657.26001 689.058167 8746.96739 10.954 3301.1 16.609 7836.4 25.468 "" "" 0.0030725466975146574 0.0061340346 0.005170566 0.0113046 47.35495231974 63.06667073091 673.499878 -3.3829999999999996 -0.1720000000000006 -0.008556230545043952 -0.015304634094238267 0.23775798 0.23975798 "" "" 0.05597533335262561 "" 0.013393959804456797 "" 0.9
48.41230889803 63.17618081864 0.0229 0.0236 11.013 "" "" 466852091699703936 698.974792 1.3954 0.0354 -3.419 -0.125 0.033 0.033 1.07 4904.4 4.5193 15.838571 1.482261 16.521881 15.03962 "" "" 681.892822 717.70636 8699.9881 3.9452 3362.5 8.9427 7643.8 9.712 "" "" 0.002798963868766814 0.0040153502 0.0040232777 0.008038628 48.41230889803 63.17618081864 698.974792 -3.4189999999999983 -0.12499999999999985 -0.044556230545043984 0.03169536590576172 0.236758 0.236758 "" "" 0.18116105396984156 "" 0.042891327674136545 "" 0.9
48.31480769427 63.21975027728 0.0249 0.0269 8.0478 "" "" 466898992742558592 689.257446 1.4136 0.0422 -3.518 -0.205 0.039 0.039 1.117 4785.5 4.377 15.839292 1.533801 16.54479 15.010989 "" "" 673.139038 708.633728 8694.21066 9.8218 3292.3 15.249 7848.1 26.033 "" "" 0.0030159930470609127 0.0057510086 0.0052205906 0.010971599 48.31480769427 63.21975027728 689.257446 -3.518 -0.20500000000000007 -0.14355623054504374 -0.04830463409423827 0.24275799 0.24275799 "" "" 0.49484920949431455 "" 0.1201285999231562 "" 0.9
48.09347275099 62.84543231355 0.0211 0.024 22.5817 "" "" 466748978123916672 706.399353 1.3833 0.0339 -3.188 -0.032 0.031 0.032 1.031 4658.7 4.384 15.850994 1.539452 16.559353 15.019901 "" "" 692.671082 721.837219 8601.00635 6.5577 3248.4 18.131 7783.9 17.929 "" "" 0.002876985562106462 0.00667153 0.00453187 0.011203401 48.09347275099 62.84543231355 706.399353 -3.188000000000001 -0.03200000000000086 0.1864437694549559 0.12469536590576172 0.23475799 0.23575799 "" "" 0.7510290127371714 "" 0.17654251671402302 "" 1.0
48.61815106265 63.505041653 0.022 0.0254 23.5264 "" "" 466909472462460032 707.541992 1.3741 0.0338 -3.451 -0.082 0.031 0.033 0.996 4671.3 4.4558 15.869298 1.463802 16.538963 15.075161 "" "" 693.363159 721.220825 8457.2158 6.6349 3310.0 12.138 7397.7 17.349 "" "" 0.002883978402662597 0.004861805 0.0045570987 0.009418904 48.61815106265 63.505041653 707.541992 -3.4509999999999996 -0.08199999999999982 -0.07655623054504401 0.07469536590576172 0.23475799 0.236758 "" "" 0.35871405834314596 "" 0.08456164108819163 "" 0.8
48.41623601124 63.0735392782 0.0212 0.0226 13.9441 "" "" 466847487494834176 692.987976 1.4055 0.0362 -3.38 -0.165 0.034 0.033 1.024 4755.7 4.4074 15.869851 1.504399 16.56081 15.056411 "" "" 678.476135 711.172852 8452.9098 8.5255 3244.1 13.36 7526.5 22.494 "" "" 0.002964952943348539 0.0052704667 0.004981259 0.010251725 48.41623601124 63.0735392782 692.987976 -3.38 -0.1649999999999996 -0.005556230545043839 -0.008304634094238289 0.23775798 0.236758 "" "" 0.03282111876776171 "" 0.0077808256977168755 "" 0.9
47.98566008238 63.2797998023 0.0229 0.0238 3.6757 "" "" 466901947680058112 672.689941 1.4517 0.036 -3.525 -0.316 0.031 0.033 1.004 4542.7 4.3876 15.879127 1.614279 16.638437 15.024159 "" "" 655.261414 689.979797 8380.99656 6.0428 3020.2 10.809 7753.4 17.221 "" "" 0.0028643691283356584 0.0047837277 0.004483207 0.009266935 47.98566008238 63.2797998023 672.689941 -3.5250000000000004 -0.3160000000000003 -0.15055623054504386 -0.15930463409423828 0.23475799 0.236758 "" "" 0.6989048100849421 "" 0.16481330503776612 "" 0.8
46.79293835771 63.13273886244 0.0226 0.0248 33.5565 "" "" 467003274548161152 662.265442 1.478 0.0345 -3.609 -0.183 0.035 0.035 1.027 4692.8 4.3937 15.885546 1.511046 16.585228 15.074182 "" "" 648.107483 676.798035 8331.6012 7.1667 3171.9 13.805 7404.3 19.702 "" "" 0.0029092984577333827 0.005487689 0.0047571175 0.010244806 46.79293835771 63.13273886244 662.265442 -3.609 -0.18300000000000033 -0.23455623054504393 -0.026304634094238277 0.23875798 0.23875798 "" "" 0.7409201360939957 "" 0.17690059714680528 "" 0.9
47.91614308397 63.76642272124 0.0311 0.0326 32.8848 "" "" 467117589396972032 659.495911 1.4913 0.0447 -3.461 -0.037 0.034 0.045 1.327 4959.1 4.402 15.928584 1.583916 16.653833 15.069918 "" "" 639.09314 680.5 8007.79517 6.1614 2977.7 10.932 7433.5 19.145 "" "" 0.002879178792367345 0.0048655584 0.0047013946 0.009566953 47.91614308397 63.76642272124 659.495911 -3.4610000000000003 -0.03699999999999933 -0.0865562305450438 0.11969536590576171 0.23775798 0.24875799 "" "" 0.4617506213201906 "" 0.1131457968597018 "" 0.9
48.17415496405 63.14428272823 0.0241 0.0252 6.2303 "" "" 466897201736404736 730.336731 1.3398 0.0384 -3.43 -0.1 0.035 0.034 0.981 4844.3 4.4776 15.954165 1.495737 16.641459 15.145721 "" "" 712.862793 750.701416 7821.33057 8.9669 3011.8 15.109 6932.2 23.384 "" "" 0.0030234449473750752 0.006119775 0.005262821 0.011382597 48.17415496405 63.14428272823 730.336731 -3.4300000000000015 -0.10000000000000016 -0.055556230545044105 0.05669536590576171 0.23875798 0.23775798 "" "" 0.2747902851356228 "" 0.06546833457292214 "" 1.0
47.6727458636 63.31835941554 0.0275 0.0285 11.0029 "" "" 466821545891179776 670.315552 1.4718 0.0428 -3.413 -0.167 0.038 0.04 0.994 4576.0 4.3661 16.059755 1.647881 16.835659 15.187778 "" "" 653.203491 690.717468 7096.50661 11.729 2518.6 20.714 6668.8 39.189 "" "" 0.00328815726277719 0.009355305 0.007415652 0.016770957 47.6727458636 63.31835941554 670.315552 -3.412999999999999 -0.16699999999999926 -0.03855623054504376 -0.01030463409423829 0.24175799 0.243758 "" "" 0.1268042916530227 "" 0.030672923194966534 "" 0.8
47.9584907724 63.02319886326 0.0297 0.0308 11.9264 "" "" 466802201358539264 617.330139 1.585 0.049 -2.976 0.029 0.047 0.044 1.024 "" "" 16.105032 1.992197 17.098528 15.106331 "" "" 599.127686 634.444641 6806.65251 4.978 1977.0 10.933 7188.3 14.976 "" "" 0.0028674550278244312 0.0066208583 0.0044045886 0.011025447 47.9584907724 63.02319886326 617.330139 -2.976 0.02900000000000017 0.3984437694549561 0.18569536590576172 0.250758 0.24775799 "" "" 1.286306808376741 "" 0.3218664971911711 "" 0.8
48.3320355741 63.16419900075 0.0255 0.0264 9.1601 "" "" 466851748102335104 722.506836 1.3691 0.0399 -3.326 0.085 0.038 0.038 0.99 4540.0 4.3604 16.13521 1.655595 16.92604 15.270446 "" "" 699.861633 747.355347 6620.0688 8.177 2317.4 12.673 6179.9 21.112 "" "" 0.0030643586607266974 0.006560398 0.0052954117 0.011855809 48.3320355741 63.16419900075 722.506836 -3.3259999999999996 0.08500000000000044 0.04844376945495599 0.24169536590576174 0.24175799 0.24175799 "" "" 0.8441925391153404 "" 0.2040902905260228 "" 0.9
48.00787063444 63.34930840795 0.028 0.0281 7.7507 "" "" 466904627739589888 665.619385 1.4625 0.0429 -3.462 -0.137 0.039 0.04 0.998 4558.7 4.5113 16.192562 1.609638 16.952045 15.342407 "" "" 643.009277 688.345276 6279.45089 4.5699 2262.6 8.2271 5783.6 10.057 "" "" 0.0028663785189610267 0.0048343316 0.004224707 0.009059038 48.00787063444 63.34930840795 665.619385 -3.4620000000000006 -0.13699999999999996 -0.08755623054504413 0.019695365905761708 0.24275799 0.243758 "" "" 0.2831458113207402 "" 0.068749572304465 "" 0.8
48.54291077913 63.31274833854 0.0297 0.0293 15.2391 "" "" 466859066726958720 677.545288 1.4533 0.0436 -3.11 -0.112 0.038 0.038 1.032 4461.9 4.4221 16.300863 1.672334 17.093885 15.421552 "" "" 660.377319 699.407104 5683.31121 7.2376 1985.5 13.372 5377.0 21.229 "" "" 0.0030827837968383266 0.007826492 0.005714782 0.013541274 48.54291077913 63.31274833854 677.545288 -3.1099999999999994 -0.11199999999999988 0.2644437694549562 0.044695365905761716 0.24175799 0.24175799 "" "" 0.8613233395687778 "" 0.20823179839240263 "" 0.8
49.21740654526 62.89309773494 0.0326 0.033 38.0781 "" "" 463832141276163968 677.76062 1.4461 0.0501 -3.453 0.484 0.051 0.046 1.114 4592.6 4.4833 16.31551 1.544124 17.036129 15.492005 "" "" 655.003174 703.383972 5607.15942 2.281 2093.9 8.7183 5039.1 9.6706 "" "" 0.002790496314474956 0.0053123687 0.0043157064 0.009628075 49.21740654526 62.89309773494 677.76062 -3.4530000000000003 0.48400000000000104 -0.07855623054504379 0.6406953659057617 0.254758 0.24975799 "" "" 2.0737023937585106 "" 0.518078822157334 "" 0.9
47.51357935222 63.25309976379 0.0299 0.0328 13.7472 "" "" 466821030494789504 656.743958 1.4985 0.0484 -3.271 -0.181 0.047 0.049 1.032 "" "" 16.336613 1.757107 17.18289 15.425783 "" "" 635.97467 674.686523 5499.22739 9.3848 1829.2 14.078 5356.1 22.633 "" "" 0.003320385427282165 0.008809632 0.00594415 0.014753781 47.51357935222 63.25309976379 656.743958 -3.271 -0.1810000000000002 0.10344376945495615 -0.024304634094238275 0.250758 0.252758 "" "" 0.33078587199053927 "" 0.08298194262550777 "" 1.0
48.86665135538 62.66833558111 0.0276 0.0302 40.4212 "" "" 463822937164459648 681.395142 1.4398 0.0445 -3.501 -0.079 0.042 0.044 1.035 4464.5 4.3926 16.378075 1.701152 17.197042 15.495891 "" "" 661.125793 707.648743 5293.18014 7.0898 1805.5 13.723 5021.1 22.272 "" "" 0.0031155508338637722 0.008711244 0.0061218776 0.014833122 48.86665135538 62.66833558111 681.395142 -3.5009999999999994 -0.07900000000000172 -0.12655623054504384 0.07769536590576172 0.24575798 0.24775799 "" "" 0.47963591943803846 "" 0.11813771150272166 "" 0.8
47.56619771256 62.70109376867 0.0284 0.0348 33.4865 "" "" 466743957302195200 663.443115 1.4835 0.0494 -3.198 -0.296 0.041 0.047 1.016 4351.0 4.475 16.532093 1.76321 17.38871 15.6255 "" "" 640.951416 685.050354 4593.13977 5.6359 1513.3 8.2883 4456.1 13.892 "" "" 0.003060492725225473 0.006568595 0.005073525 0.01164212 47.56619771256 62.70109376867 663.443115 -3.1979999999999995 -0.29600000000000015 0.1764437694549561 -0.13930463409423827 0.24475798 0.250758 "" "" 0.7069551344049572 "" 0.17467384750857506 "" 0.8
47.34041945731 62.83083896202 0.0342 0.0384 29.7476 "" "" 466795604288998528 659.822205 1.4919 0.0531 -3.596 -0.246 0.051 0.054 0.964 4413.9 4.5825 16.794096 1.927852 17.763086 15.835235 "" "" 637.067871 682.609436 3608.34898 2.0183 1072.0 7.3214 3673.4 7.9615 "" "" 0.0028214534706073697 0.00792278 0.004452087 0.012374867 47.34041945731 62.83083896202 659.822205 -3.596 -0.24600000000000027 -0.22155623054504403 -0.08930463409423828 0.254758 0.257758 "" "" 0.7471031945902015 "" 0.1906453548772396 "" 0.8
48.16214199655 63.34479577059 0.0388 0.0387 8.4376 "" "" 466904043624015360 643.192322 1.5197 0.0589 -3.495 -0.134 0.052 0.056 0.947 4272.7 4.494 16.830809 1.899283 17.77541 15.876126 "" "" 616.193237 678.610657 3488.37396 4.8362 1059.9 9.4718 3537.6 13.437 "" "" 0.0031396710874910722 0.010095896 0.0055938396 0.015689736 48.16214199655 63.34479577059 643.192322 -3.4950000000000006 -0.13399999999999962 -0.12055623054504405 0.02269536590576171 0.255758 0.259758 "" "" 0.3739997789930541 "" 0.09570502110853939 "" 0.8
