Clusters/Trumpler_3/Trumpler_3_members.tsv
# %ECSV 1.0
# ---
# datatype:
# - name: RA_ICRS_1
#   unit: deg
#   datatype: float64
#   format: '{:15.11f}'
#   description: Right ascension (ICRS) at Ep=2016.0 (ra)
#   meta: !!omap
#   - {ucd: POS_EQ_RA_MAIN}
#   - {width: 15}
#   - {precision: '11'}
# - name: DE_ICRS_1
#   unit: deg
#   datatype: float64
#   format: '{:15.11f}'
#   description: Declination (ICRS) at Ep=2016.0 (dec)
#   meta: !!omap
#   - {ucd: POS_EQ_DEC_MAIN}
#   - {width: 15}
#   - {precision: '11'}
# - name: e_RA_ICRS
#   unit: mas
#   datatype: float64
#   format: '{:7.4f}'
#   description: Standard error of right ascension (ra_error)
#   meta: !!omap
#   - {ucd: ERROR}
#   - {width: 7}
#   - {precision: '4'}
# - name: e_DE_ICRS
#   unit: mas
#   datatype: float64
#   format: '{:7.4f}'
#   description: Standard error of declination (dec_error)
#   meta: !!omap
#   - {ucd: ERROR}
#   - {width: 7}
#   - {precision: '4'}
# - name: _r_1
#   unit: ''
#   datatype: float64
#   format: '{:7.4f}'
#   description: Distance from center (048.01711741000+63.22019758000)[ICRS], at Epoch=J2016.0
#   meta: !!omap
#   - {ucd: POS_ANG_DIST_GENERAL}
#   - {width: 7}
#   - {precision: '4'}
# - name: HIP
#   datatype: int32
#   description: '? HIP cross-id number, van Leeuwen, Cat. I/311 (hip_original_ext_source_id)'
#   meta: !!omap
#   - {ucd: ID_NUMBER}
#   - {width: 6}
#   - values: {'null': -2147483648}
# - name: TYC2
#   datatype: string
#   description: Tycho-2 cross-id name, Hog et al., Cat. I/259 (tyc2_original_ext_source_id)
#   meta: !!omap
#   - {ucd: ID_CROSSID}
#   - {_votable_string_dtype: char}
# - name: Source
#   datatype: int64
#   description: Source identifier, identical to the Gaia-EDR3 source_id (id)
#   meta: !!omap
#   - {ucd: ID_MAIN}
#   - {width: 19}
# - name: rgeo
#   unit: pc
#   datatype: float64
#   format: '{:15.8f}'
#   description: '? Median of the geometric distance posterior (r_med_geo)'
#   meta: !!omap
#   - {ucd: PHYS_DISTANCE_TRUE}
#   - {width: 15}
#   - {precision: '8'}
#   - values: {'null': .nan}
# - name: Plx
#   unit: mas
#   datatype: float64
#   format: '{:9.4f}'
#   description: '? Parallax (parallax)'
#   meta: !!omap
#   - {ucd: POS_PARLX_TRIG}
#   - {width: 9}
#   - {precision: '4'}
#   - values: {'null': .nan}
# - name: e_Plx
#   unit: mas
#   datatype: float32
#   format: '{:7.4f}'
#   description: '? Standard error of parallax (parallax_error)'
#   meta: !!omap
#   - {ucd: ERROR}
#   - {width: 7}
#   - {precision: '4'}
#   - values: {'null': .nan}
# - name: pmRA
#   unit: mas / yr
#   datatype: float64
#   format: '{:9.3f}'
#   description: '? Proper motion in right ascension direction, pmRA*cosDE (pmra)'
#   meta: !!omap
#   - {ucd: POS_EQ_PMRA}
#   - {width: 9}
#   - {precision: '3'}
#   - values: {'null': .nan}
# - name: pmDE
#   unit: mas / yr
#   datatype: float64
#   format: '{:9.3f}'
#   description: '? Proper motion in declination direction (pmdec)'
#   meta: !!omap
#   - {ucd: POS_EQ_PMDEC}
#   - {width: 9}
#   - {precision: '3'}
#   - values: {'null': .nan}
# - name: e_pmRA
#   unit: mas / yr
#   datatype: float32
#   format: '{:6.3f}'
#   description: '? Standard error of proper motion in right ascension direction (pmra_error)'
#   meta: !!omap
#   - {ucd: ERROR}
#   - {width: 6}
#   - {precision: '3'}
#   - values: {'null': .nan}
# - name: e_pmDE
[...]
#       distance: !astropy.table.SerializedColumn
#         __class__: astropy.coordinates.distances.Distance
#         unit: !astropy.units.Unit {unit: pc}
#         value: !astropy.table.SerializedColumn {name: SkyCoord.distance}
#       frame: icrs
#       obstime: !astropy.time.Time {format: jyear_str, in_subfmt: '*', jd1: 367701545.0, jd2: 0.0, out_subfmt: '*', precision: 3, scale: tt}
#       pm_dec: !astropy.table.SerializedColumn
#         __class__: astropy.units.quantity.Quantity
#         unit: !astropy.units.Unit {unit: mas / yr}
#         value: !astropy.table.SerializedColumn {name: SkyCoord.pm_dec}
#       pm_ra_cosdec: !astropy.table.SerializedColumn
#         __class__: astropy.units.quantity.Quantity
#         unit: !astropy.units.Unit {unit: mas / yr}
#         value: !astropy.table.SerializedColumn {name: SkyCoord.pm_ra_cosdec}
#       ra: !astropy.table.SerializedColumn
#         __class__: astropy.coordinates.angles.Longitude
#         unit: *id001
#         value: !astropy.table.SerializedColumn {name: SkyCoord.ra}
#         wrap_angle: !astropy.coordinates.Angle
#           unit: *id001
#           value: 360.0
#       representation_type: spherical
# schema: astropy-2.0
RA_ICRS_1 DE_ICRS_1 e_RA_ICRS e_DE_ICRS _r_1 HIP TYC2 Source rgeo Plx e_Plx pmRA pmDE e_pmRA e_pmDE RUWE Teff logg Gmag BP-RP BPmag RPmag RV e_RV b_rgeo B_rgeo FG e_FG FBP e_FBP FRP e_FRP RAVE5 RAVE6 e_Gmag e_BPmag e_RPmag e_BP-RP SkyCoord.ra SkyCoord.dec SkyCoord.distance SkyCoord.pm_ra_cosdec SkyCoord.pm_dec rmRA rmDE e_rmRA e_rmDE rRV e_rRV v_pec v_pec3d e_vpec e_vpec3d Pmemb
[from data line 57]
47.59717463979 63.24816044954 0.0112 0.013 11.4705 "" "" 466820893056161408 657.311218 1.486 0.0185 -3.357 -0.274 0.017 0.02 0.995 6095.7 4.4786 14.174679 1.111682 14.644149 13.532467 -18.53 5.04 649.365662 666.138428 40278.68316 20.045 18956.0 35.005 30632.0 36.294 "" "" 0.002807799954406572 0.0034358331 0.003992319 0.0074281525 47.59717463979 63.24816044954 657.311218 -3.357 -0.27399999999999985 0.01744376945495585 -0.1173046340942383 0.22075799 0.22375798 3.818552631578946 8.88 0.3694996573340549 3.836388170781012 0.08265467310363597 8.838720184111287 1.0
47.66348117021 63.14716337917 0.0111 0.0127 10.5275 "" "" 466807836355602688 676.32196 1.4411 0.0194 -3.314 -0.143 0.019 0.02 1.077 6152.9 4.4964 14.190503 1.128113 14.67004 13.541927 -17.3 4.5 667.181335 684.720215 39695.89309 16.819 18510.0 33.272 30366.0 32.52 "" "" 0.002793458415113873 0.0034049808 0.003954203 0.0073591834 47.66348117021 63.14716337917 676.32196 -3.314 -0.14299999999999985 0.060443769454956 0.01369536590576173 0.22275798 0.22375798 5.048552631578946 8.34 0.19868024206645324 5.0524605404110075 0.044267332050476574 8.333549623895342 1.0
47.66700398822 63.1305849798 0.0112 0.0132 10.8982 "" "" 466806152729318272 653.96521 1.4909 0.019 -3.322 -0.183 0.019 0.021 1.061 5852.8 4.2915 14.211881 1.167476 14.711761 13.544286 -23.59 5.72 647.026245 662.417175 38921.93974 57.307 17812.0 91.916 30300.0 135.28 "" "" 0.0031854801830063974 0.006259079 0.006146683 0.012405762 47.66700398822 63.1305849798 653.96521 -3.3220000000000005 -0.18299999999999977 0.05244376945495599 -0.026304634094238277 0.22275798 0.22475798 -1.2414473684210527 9.559999 0.18186798527912257 1.2546981838789135 0.04058592161554171 9.459038537658945 1.0
47.62687028707 63.25695454985 0.011 0.013 10.7713 "" "" 466820927415896448 654.938416 1.4909 0.0186 -3.33 -0.343 0.017 0.019 1.079 "" "" 14.270358 1.137047 14.755381 13.618334 -24.23 4.05 646.919312 663.284058 36881.05516 8.271 17111.0 16.577 28303.0 24.163 "" "" 0.00276605788003698 0.002981852 0.0038913891 0.006873241 47.62687028707 63.25695454985 654.938416 -3.33 -0.34300000000000064 0.044443769454955984 -0.1863046340942383 0.22075799 0.22275798 -1.8814473684210533 7.8900003 0.5945947735671299 1.9731667808099378 0.1323869725506904 7.523352425676149 1.0
48.8916379599 62.85752033045 0.0124 0.0134 32.2404 "" "" 466829070675482880 661.437256 1.4798 0.0191 -3.311 -0.128 0.018 0.018 0.957 5850.4 4.3465 14.341888 1.13538 14.825378 13.689999 -20.75 5.76 654.061401 670.637085 34529.58082 16.635 16042.0 32.056 26495.0 35.0 "" "" 0.002804529658844672 0.0035344185 0.0040423796 0.007576798 48.8916379599 62.85752033045 661.437256 -3.311 -0.1279999999999989 0.06344376945495611 0.028695365905761716 0.22175798 0.22175798 1.5985526315789471 9.6 0.2183093331571415 1.613390678314305 0.04841183634331713 9.51171326234808 1.0
48.25216182024 63.06972661901 0.0113 0.0119 11.0496 "" "" 466849136762295552 667.902222 1.4655 0.0182 -3.251 0.007 0.018 0.017 0.998 5818.5 4.3304 14.34601 1.160318 14.842713 13.682395 -23.83 5.35 660.958252 676.133057 34398.74159 12.805 15788.0 26.327 26681.0 33.804 "" "" 0.0027848053327398435 0.0033261026 0.004021938 0.0073480406 48.25216182024 63.06972661901 667.902222 -3.2509999999999994 0.007000000000000849 0.12344376945495616 0.16369536590576172 0.22175798 0.22075799 -1.4814473684210512 9.190001 0.6490742261315331 1.6174002771206348 0.14352396081193794 8.417718862326204 1.0
48.34652782745 63.10909483186 0.0192 0.0193 11.1375 "" "" 466850717310223872 601.845825 1.6302 0.0304 -3.481 -0.024 0.03 0.028 1.712 5804.4 4.4388 14.36054 1.166112 14.851469 13.685357 -25.92 7.16 591.508667 611.265015 33941.46295 12.799 15661.0 15.057 26608.0 18.796 "" "" 0.0027855725965853216 0.002979043 0.003856419 0.0068354616 48.34652782745 63.10909483186 601.845825 -3.481 -0.02399999999999904 -0.10655623054504382 0.13269536590576173 0.23375799 0.23175798 -3.5714473684210546 11.0 0.4854897282638653 3.6042941863354323 0.1128977743281407 10.89976490731585 0.8
48.89465353614 63.27361776692 0.0111 0.0118 23.9167 "" "" 466856489746058112 649.170837 1.5104 0.0177 -3.252 -0.211 0.015 0.016 1.026 5560.7 4.3952 14.36297 1.116613 14.83656 13.719947 -22.37 13.34 641.922363 654.791992 33865.57829 10.054 15878.0 17.533 25774.0 21.719 "" "" 0.002774110292975133 0.0030368438 0.0038885477 0.0069253915 48.89465353614 63.27361776692 649.170837 -3.251999999999997 -0.21099999999999977 0.12244376945495627 -0.054304634094238274 0.21875799 0.21975799 -0.02144736842105388 17.18 0.4121604869342188 0.4127181321459487 0.09023127364275807 0.8973142174939456 1.0
47.7047683438 63.41895411173 0.0131 0.0133 14.5954 "" "" 466919230627712128 654.781982 1.4919 0.0192 -3.432 -0.218 0.018 0.018 0.982 5799.6 4.3578 14.390185 1.185192 14.901462 13.716269 -23.72 6.65 647.364929 663.252808 33027.26686 16.216 14957.0 25.76 25861.0 31.9 "" "" 0.002806415436262435 0.003358823 0.0040096613 0.0073684845 47.7047683438 63.41895411173 654.781982 -3.4319999999999995 -0.21799999999999914 -0.057556230545043885 -0.06130463409423828 0.22175798 0.22175798 -1.3714473684210517 10.49 0.2609845508946221 1.396059031758577 0.057875406348064526 10.305073197356705 1.0
47.75218807705 63.22889629563 0.0117 0.0135 7.18 "" "" 466808489191524736 664.239624 1.4735 0.0199 -3.143 -0.197 0.018 0.02 0.998 5571.0 4.3723 14.406862 1.143689 14.894847 13.751158 -21.65 5.73 655.232422 672.265686 32523.83852 11.09 15048.0 20.667 25043.0 26.335 "" "" 0.002780080679657226 0.003163636 0.0039480785 0.007111714 47.75218807705 63.22889629563 664.239624 -3.1430000000000002 -0.1969999999999995 0.23144376945495626 -0.04030463409423829 0.22175798 0.22375798 0.6985526315789485 9.57 0.7396665873193284 1.0173900134572267 0.16407069973905544 6.571963370422282 1.0
47.62132187201 63.52818696009 0.0128 0.0148 21.3249 "" "" 467108415346930816 656.136353 1.489 0.0209 -3.002 -0.202 0.017 0.02 1.141 5990.2 4.2697 14.410604 1.272489 14.962693 13.690205 -39.65 7.05 647.511108 663.550598 32411.97551 37.855 14136.0 56.536 26490.0 82.739 "" "" 0.0030331142475541113 0.0051614805 0.005077787 0.010239268 47.62132187201 63.52818696009 656.136353 -3.001999999999999 -0.20199999999999912 0.3724437694549563 -0.045304634094238294 0.22075799 0.22375798 -17.30144736842105 10.89 1.1668705283707903 17.34075165245798 0.25764737735301296 10.86533106622717 1.0
47.93841119611 63.26391497592 0.0116 0.0129 3.3765 "" "" 466902291277458816 670.175171 1.4592 0.0187 -3.405 -0.116 0.017 0.018 0.966 5792.2 4.3515 14.443064 1.187568 14.955187 13.767619 -2.3 5.97 662.537048 678.376099 31457.28985 12.023 14234.0 20.312 24667.0 29.068 "" "" 0.0027863935137956834 0.003191479 0.0039900774 0.0071815564 47.93841119611 63.26391497592 670.175171 -3.4050000000000002 -0.11599999999999996 -0.03055623054504375 0.04069536590576171 0.22075799 0.22175798 20.048552631578946 9.809999 0.16165883920296434 20.049204378266076 0.03579094039120744 9.809680573011498 1.0
47.76931353513 63.29239568113 0.0132 0.0136 7.9706 "" "" 466914488984580480 657.603088 1.4912 0.02 -3.224 -0.057 0.018 0.019 0.974 5734.5 4.391 14.472685 1.154689 14.966226 13.811537 -18.7 6.36 648.710693 667.399597 30610.65592 20.006 14091.0 35.998 23689.0 41.173 "" "" 0.0028452271716116217 0.0039342735 0.0042243097 0.008158583 47.76931353513 63.29239568113 657.603088 -3.2240000000000006 -0.0570000000000002 0.15044376945495586 0.09969536590576172 0.22175798 0.22275798 3.648552631578948 10.200001 0.5625584990217708 3.6916674241084197 0.12492376329972579 10.080893456922395 1.0
47.83017580263 63.16820068509 0.0169 0.0186 5.943 "" "" 466807320954523392 689.281677 1.4211 0.0283 -3.703 -0.396 0.026 0.027 1.333 5900.0 4.5218 14.562572 1.205208 15.066763 13.861555 -15.33 7.67 679.891602 701.292358 28178.52691 20.464 12844.0 38.58 22622.0 44.026 "" "" 0.002865921659396533 0.004291958 0.004329961 0.008621919 47.83017580263 63.16820068509 689.281677 -3.7029999999999985 -0.3959999999999996 -0.3285562305450438 -0.2393046340942383 0.229758 0.23075798 7.018552631578947 11.51 1.3280089495531322 7.143086784600687 0.3055816314099748 11.309475039184798 0.8
48.26819375933 63.57667859402 0.0123 0.0146 22.4273 "" "" 466925484100532736 666.245056 1.4676 0.0201 -3.405 -0.121 0.017 0.019 0.965 5824.7 4.3812 14.593019 1.22664 15.124622 13.897983 -0.86 11.01 658.771179 675.481201 27399.28289 26.928 12178.0 42.781 21876.0 56.637 "" "" 0.0029547264259861504 0.004725768 0.0047101267 0.009435895 48.26819375933 63.57667859402 666.245056 -3.4049999999999985 -0.12100000000000008 -0.03055623054504375 0.03569536590576172 0.22075799 0.22275798 21.488552631578948 14.85 0.14838717709408553 21.489064962311982 0.03292925083857193 14.84964633748578 0.8
48.02826547075 63.13347041579 0.014 0.0149 5.2124 "" "" 466897755792075136 689.610352 1.4189 0.0241 -3.221 -0.123 0.023 0.022 0.982 5700.6 4.4117 14.622296 1.186062 15.132327 13.946265 -20.23 8.09 677.333008 700.165894 26670.32567 21.04 12092.0 33.206 20924.0 47.571 "" "" 0.0028853821527249158 0.0040834686 0.004514078 0.008597547 48.02826547075 63.13347041579 689.610352 -3.221 -0.12299999999999925 0.15344376945495597 0.03369536590576172 0.22675799 0.22575799 2.1185526315789467 11.93 0.5135206708227312 2.179901083107284 0.11642134030853052 11.59428950491464 1.0
47.77158819706 63.20033008775 0.0132 0.0145 6.746 "" "" 466808214312706432 659.6651 1.484 0.0217 -3.813 -0.332 0.02 0.021 1.031 5845.9 4.3808 14.667377 1.284386 15.228232 13.943847 "" "" 650.483276 670.884094 25585.60557 27.125 11069.0 43.195 20971.0 65.752 "" "" 0.00298608957327192 0.005073112 0.0050864774 0.010159589 47.77158819706 63.20033008775 659.6651 -3.8130000000000015 -0.3320000000000009 -0.4385562305450441 -0.1753046340942383 0.22375798 0.22475798 "" "" 1.4767803116496416 "" 0.3306452328612835 "" 0.9
48.57613770611 63.04455550071 0.014 0.014 18.4616 "" "" 466846284903990912 653.834412 1.4973 0.0231 -3.393 -0.174 0.023 0.021 0.956 5672.4 4.477 14.693815 1.194718 15.208611 14.013892 -26.74 8.99 644.189453 663.665955 24970.11401 12.222 11271.0 23.285 19661.0 27.097 "" "" 0.0028061017904401453 0.0035799863 0.004064832 0.007644818 48.57613770611 63.04455550071 653.834412 -3.3930000000000007 -0.17399999999999977 -0.01855623054504374 -0.01730463409423827 0.22675799 0.22475798 -4.391447368421051 12.83 0.07863506014624701 4.3921513478358625 0.01775814837900401 12.827943519493553 0.9
47.7922953077 63.32625603565 0.0144 0.0145 8.7919 "" "" 466914626423508992 675.612732 1.4442 0.0216 -2.71 -0.045 0.02 0.02 1.054 5719.8 4.4054 14.699853 1.235455 15.234074 13.998619 3.26 11.16 667.562805 685.311829 24831.64007 22.892 11010.0 49.659 19939.0 50.623 "" "" 0.002931491986990778 0.0056361505 0.0046778624 0.010314013 47.7922953077 63.32625603565 675.612732 -2.71 -0.045000000000000026 0.6644437694549561 0.11169536590576172 0.22375798 0.22375798 25.608552631578945 15.0 2.157672962788653 25.699290272275967 0.48279654851766013 14.947093788077042 0.8
48.5685816764 63.33672112011 0.0146 0.0144 16.4389 "" "" 466859169806163584 681.667236 1.4413 0.0212 -3.452 -0.217 0.019 0.019 1.027 5621.9 4.5029 14.75013 1.159833 15.24874 14.088907 -21.43 7.73 670.813599 689.616943 23707.99476 10.354 10862.0 19.172 18348.0 20.394 "" "" 0.0027958237250077108 0.0033849026 0.003967381 0.0073522837 48.5685816764 63.33672112011 681.667236 -3.452 -0.21700000000000022 -0.0775562305450439 -0.06030463409423828 0.22275798 0.22275798 0.9185526315789474 11.57 0.3174320834881698 0.9718549606851065 0.07071052977722246 10.93545621507326 1.0
48.31371456949 63.32481654288 0.0161 0.0173 10.1715 "" "" 466900710730049280 668.462585 1.4681 0.0242 -3.501 -0.099 0.02 0.024 1.022 "" "" 14.762644 1.330422 15.350004 14.019582 36.72 8.97 658.614258 676.54071 23436.31791 14.472 9895.0 25.547 19558.0 34.313 "" "" 0.0028357162307205102 0.0039550946 0.004232274 0.0081873685 48.31371456949 63.32481654288 668.462585 -3.5009999999999986 -0.09900000000000006 -0.12655623054504384 0.057695365905761714 0.22375798 0.22775799 59.068552631578946 12.81 0.44069938827094995 59.07019659642614 0.09891557075872554 12.80964392961131 0.8
47.0476753511 63.30681041013 0.0158 0.016 26.6792 "" "" 467006229485613312 679.683777 1.4385 0.0229 -3.25 -0.173 0.024 0.024 1.028 5682.1 4.4205 14.777482 1.238304 15.31889 14.080585 -22.68 7.71 667.256409 689.533264 23118.1863 37.143 10183.0 56.768 18489.0 75.947 "" "" 0.003261095087388979 0.006664888 0.005845862 0.01251075 47.0476753511 63.30681041013 679.683777 -3.250000000000001 -0.17300000000000001 0.12444376945495605 -0.01630463409423827 0.22775799 0.22775799 -0.3314473684210526 11.55 0.4043471415528272 0.5228326394891419 0.09209329236798752 7.322416359029793 1.0
46.871701873 63.5516091684 0.0137 0.0163 36.6497 "" "" 467030212582930176 644.610168 1.5157 0.0224 -3.325 -0.017 0.021 0.026 1.043 5672.7 4.4691 14.797018 1.221479 15.326495 14.105016 -10.47 6.82 632.412231 654.573608 22705.94078 11.777 10112.0 25.707 18078.0 22.145 "" "" 0.002812280325365074 0.003924753 0.004006571 0.007931324 46.871701873 63.5516091684 644.610168 -3.325 -0.01700000000000019 0.04944376945495588 0.1396953659057617 0.22475798 0.229758 11.878552631578946 10.66 0.45277927014091923 11.887178878466516 0.10378006637180244 10.65226486901432 0.9
49.16544603321 62.95751983751 0.0164 0.0163 34.9404 "" "" 463833279445567104 654.749023 1.4936 0.0246 -3.324 -0.041 0.025 0.022 1.083 5597.8 4.5111 14.806144 1.213955 15.330683 14.116728 -24.11 7.01 643.993835 665.379517 22515.90238 9.2922 10073.0 15.224 17884.0 21.235 "" "" 0.002791516287974435 0.0032369355 0.0039932067 0.007230142 49.16544603321 62.95751983751 654.749023 -3.3240000000000003 -0.04100000000000048 0.05044376945495621 0.11569536590576171 0.22875799 0.22575799 -1.7614473684210523 10.85 0.3917066762266772 1.8044752566654942 0.08861966412287793 10.591298535966665 1.0
48.22992638999 63.03592514857 0.0154 0.0158 12.472 "" "" 466848655725977728 671.257263 1.4517 0.025 -3.296 -0.123 0.024 0.023 1.007 5504.5 4.4294 14.827085 1.254656 15.368752 14.114096 -27.98 8.61 659.303345 684.453186 22085.78449 20.378 9725.6 33.65 17928.0 47.715 "" "" 0.002931783705438697 0.004679419 0.004757508 0.009436928 48.22992638999 63.03592514857 671.257263 -3.2960000000000016 -0.12299999999999997 0.07844376945495624 0.03369536590576172 0.22775799 0.22675799 -5.631447368421053 12.45 0.271641071711311 5.6379950634189875 0.06182618941915824 12.435541337933563 1.0
47.9720110217 62.99888138384 0.0147 0.0163 13.3353 "" "" 466755265955941504 647.060669 1.5188 0.0243 -3.407 -0.384 0.023 0.023 0.99 5608.3 4.5166 14.837146 1.208144 15.35942 14.151276 -16.71 13.48 636.354248 655.399841 21882.07986 11.587 9809.5 23.29 17324.0 28.017 "" "" 0.002814661845605981 0.0037986883 0.0041673593 0.007966047 47.9720110217 62.99888138384 647.060669 -3.407 -0.384 -0.032556230545043974 -0.2273046340942383 0.22675799 0.22675799 5.638552631578946 17.32 0.7042731484054693 5.682365391863745 0.15969956236986704 17.186468642720627 1.0
48.04242223653 63.15758074465 0.0148 0.0159 3.8189 "" "" 466897858871269888 663.237671 1.4806 0.0244 -3.442 -0.09 0.022 0.023 1.032 5809.1 4.5349 14.83912 1.32578 15.424235 14.098455 -37.43 15.95 652.946289 673.717041 21842.31163 11.353 9241.1 23.252 18188.0 25.254 "" "" 0.002812518879917971 0.0039048935 0.004068957 0.007973851 48.04242223653 63.15758074465 663.237671 -3.442 -0.08999999999999975 -0.06755623054504412 0.06669536590576172 0.22575799 0.22675799 -15.081447368421053 19.79 0.29844266997136554 15.084399979903539 0.06752328905983149 19.786127277616373 0.8
