Clusters/NGC_6318/NGC_6318_stars_in_region.tsv
# %ECSV 1.0
# ---
# datatype:
# - name: RA_ICRS_1
#   unit: deg
#   datatype: float64
#   format: '{:15.11f}'
#   description: Right ascension (ICRS) at Ep=2016.0 (ra)
#   meta: !!omap
#   - {ucd: POS_EQ_RA_MAIN}
#   - {width: 15}
#   - {precision: '11'}
# - name: DE_ICRS_1
#   unit: deg
#   datatype: float64
#   format: '{:15.11f}'
#   description: Declination (ICRS) at Ep=2016.0 (dec)
#   meta: !!omap
#   - {ucd: POS_EQ_DEC_MAIN}
#   - {width: 15}
#   - {precision: '11'}
# - name: e_RA_ICRS
#   unit: mas
#   datatype: float64
#   format: '{:7.4f}'
#   description: Standard error of right ascension (ra_error)
#   meta: !!omap
#   - {ucd: ERROR}
#   - {width: 7}
#   - {precision: '4'}
# - name: e_DE_ICRS
#   unit: mas
#   datatype: float64
#   format: '{:7.4f}'
#   description: Standard error of declination (dec_error)
#   meta: !!omap
#   - {ucd: ERROR}
#   - {width: 7}
#   - {precision: '4'}
# - name: _r_1
#   unit: ''
#   datatype: float64
#   format: '{:7.4f}'
#   description: Distance from center (259.04230927000-39.42409505000)[ICRS], at Epoch=J2016.0
#   meta: !!omap
#   - {ucd: POS_ANG_DIST_GENERAL}
#   - {width: 7}
#   - {precision: '4'}
# - name: HIP
#   datatype: int32
#   description: '? HIP cross-id number, van Leeuwen, Cat. I/311 (hip_original_ext_source_id)'
#   meta: !!omap
#   - {ucd: ID_NUMBER}
#   - {width: 6}
#   - values: {'null': -2147483648}
# - name: TYC2
#   datatype: string
#   description: Tycho-2 cross-id name, Hog et al., Cat. I/259 (tyc2_original_ext_source_id)
#   meta: !!omap
#   - {ucd: ID_CROSSID}
#   - {_votable_string_dtype: char}
# - name: Source
#   datatype: int64
#   description: Source identifier, identical to the Gaia-EDR3 source_id (id)
#   meta: !!omap
#   - {ucd: ID_MAIN}
#   - {width: 19}
# - name: rgeo
#   unit: pc
#   datatype: float64
#   format: '{:15.8f}'
#   description: '? Median of the geometric distance posterior (r_med_geo)'
#   meta: !!omap
#   - {ucd: PHYS_DISTANCE_TRUE}
#   - {width: 15}
#   - {precision: '8'}
#   - values: {'null': .nan}
# - name: Plx
#   unit: mas
#   datatype: float64
#   format: '{:9.4f}'
#   description: '? Parallax (parallax)'
#   meta: !!omap
#   - {ucd: POS_PARLX_TRIG}
#   - {width: 9}
#   - {precision: '4'}
#   - values: {'null': .nan}
# - name: e_Plx
#   unit: mas
#   datatype: float32
#   format: '{:7.4f}'
#   description: '? Standard error of parallax (parallax_error)'
#   meta: !!omap
#   - {ucd: ERROR}
#   - {width: 7}
#   - {precision: '4'}
#   - values: {'null': .nan}
# - name: pmRA
#   unit: mas / yr
#   datatype: float64
#   format: '{:9.3f}'
#   description: '? Proper motion in right ascension direction, pmRA*cosDE (pmra)'
#   meta: !!omap
#   - {ucd: POS_EQ_PMRA}
#   - {width: 9}
#   - {precision: '3'}
#   - values: {'null': .nan}
# - name: pmDE
#   unit: mas / yr
#   datatype: float64
#   format: '{:9.3f}'
#   description: '? Proper motion in declination direction (pmdec)'
#   meta: !!omap
#   - {ucd: POS_EQ_PMDEC}
#   - {width: 9}
#   - {precision: '3'}
#   - values: {'null': .nan}
# - name: e_pmRA
#   unit: mas / yr
#   datatype: float32
#   format: '{:6.3f}'
#   description: '? Standard error of proper motion in right ascension direction (pmra_error)'
#   meta: !!omap
#   - {ucd: ERROR}
#   - {width: 6}
#   - {precision: '3'}
#   - values: {'null': .nan}
# - name: e_pmDE
[...]
#         value: !astropy.table.SerializedColumn {name: SkyCoord.dec}
#       distance: !astropy.table.SerializedColumn
#         __class__: astropy.coordinates.distances.Distance
#         unit: !astropy.units.Unit {unit: pc}
#         value: !astropy.table.SerializedColumn {name: SkyCoord.distance}
#       frame: icrs
#       obstime: !astropy.time.Time {format: jyear_str, in_subfmt: '*', jd1: 367701545.0, jd2: 0.0, out_subfmt: '*', precision: 3, scale: tt}
#       pm_dec: !astropy.table.SerializedColumn
#         __class__: astropy.units.quantity.Quantity
#         unit: !astropy.units.Unit {unit: mas / yr}
#         value: !astropy.table.SerializedColumn {name: SkyCoord.pm_dec}
#       pm_ra_cosdec: !astropy.table.SerializedColumn
#         __class__: astropy.units.quantity.Quantity
#         unit: !astropy.units.Unit {unit: mas / yr}
#         value: !astropy.table.SerializedColumn {name: SkyCoord.pm_ra_cosdec}
#       ra: !astropy.table.SerializedColumn
#         __class__: astropy.coordinates.angles.Longitude
#         unit: *id001
#         value: !astropy.table.SerializedColumn {name: SkyCoord.ra}
#         wrap_angle: !astropy.coordinates.Angle
#           unit: *id001
#           value: 360.0
#       representation_type: spherical
# schema: astropy-2.0
RA_ICRS_1 DE_ICRS_1 e_RA_ICRS e_DE_ICRS _r_1 HIP TYC2 Source rgeo Plx e_Plx pmRA pmDE e_pmRA e_pmDE RUWE Teff logg Gmag BP-RP BPmag RPmag RV e_RV b_rgeo B_rgeo FG e_FG FBP e_FBP FRP e_FRP RAVE5 RAVE6 e_Gmag e_BPmag e_RPmag e_BP-RP SkyCoord.ra SkyCoord.dec SkyCoord.distance SkyCoord.pm_ra_cosdec SkyCoord.pm_dec rmRA rmDE e_rmRA e_rmDE rRV e_rRV v_pec v_pec3d e_vpec e_vpec3d
[from data line 849]
259.31450654241 -39.57540974602 0.0392 0.0216 15.5319 "" "" 5972239917306301568 2064.43994 0.4599 0.0487 -0.788 -2.437 0.064 0.045 1.016 8401.7 3.1879 15.742236 1.602198 16.486559 14.884361 "" "" 1860.96729 2311.82568 9507.19436 3.3844 3473.7 6.5293 8818.9 9.4013 "" "" 0.002782296618890784 0.0034568596 0.0039526434 0.0074095028 259.31450654241 -39.57540974602 2064.43994 -0.788 -2.4370000000000025 -0.05309088277816776 0.04590920257568376 0.15262575 0.13362575 "" "" 0.6868167488617006 "" 0.0994526447400985 ""
259.34267027252 -39.46216433314 0.0374 0.0221 14.1035 "" "" 5972242734804901888 1856.58972 0.4936 0.0439 -0.407 -7.112 0.054 0.041 0.91 4647.4 2.4675 15.742746 2.648072 17.20955 14.561479 "" "" 1710.49609 2031.58813 9502.72917 4.4827 1784.8 10.381 11873.0 28.746 "" "" 0.0028025183817941817 0.006903939 0.0046036723 0.011507612 259.34267027252 -39.46216433314 1856.58972 -0.4069999999999995 -7.111999999999995 0.3279091172218323 -4.6290907974243165 0.14262575 0.12962575 "" "" 40.83916603151769 "" 5.296590525853216 ""
258.75172843325 -39.55775506659 0.034 0.0225 15.6636 "" "" 5972228819104020736 2476.13867 0.3715 0.0384 -2.253 -3.552 0.05 0.035 0.971 8598.1 3.6092 15.743762 1.776403 16.597061 14.820659 "" "" 2283.62402 2757.26587 9493.83819 5.2467 3137.6 10.003 9351.8 12.481 "" "" 0.0028198968655481203 0.0044459673 0.004047645 0.008493612 258.75172843325 -39.55775506659 2476.13867 -2.253 -3.552 -1.5180908827781678 -1.0690907974243165 0.13862576 0.123625755 "" "" 21.792593091365227 "" 2.9167048242713465 ""
259.34714028037 -39.60708676584 0.0369 0.0214 17.8783 "" "" 5972052106971539200 2473.02759 0.3671 0.0456 -1.892 -3.687 0.063 0.045 0.993 9239.8 3.7004 15.744725 1.686692 16.536432 14.84974 "" "" 2230.11328 2783.8811 9485.41873 5.1253 3317.8 9.8561 9104.6 15.827 "" "" 0.002817083654683816 0.0042647445 0.0042244494 0.008489193 259.34714028037 -39.60708676584 2473.02759 -1.8920000000000003 -3.6870000000000003 -1.1570908827781676 -1.2040907974243162 0.15162575 0.13362575 "" "" 19.57526865829918 "" 2.7904846385712148 ""
259.28132359691 -39.21039590144 0.0364 0.0216 16.9557 "" "" 5972635333505695232 2038.95984 0.4492 0.0424 -4.498 -7.237 0.057 0.039 1.06 7499.4 3.1639 15.744879 1.984611 16.736675 14.752064 "" "" 1874.14026 2223.41455 9484.08419 3.8199 2759.0 9.9171 9961.7 16.236 "" "" 0.0027898067958160703 0.004797454 0.0041731447 0.008970599 259.28132359691 -39.21039590144 2038.95984 -4.498000000000003 -7.237000000000007 -3.763090882778168 -4.7540907974243165 0.14562576 0.12762575 "" "" 58.59869590733284 "" 7.9016934535300685 ""
259.01677461813 -39.68806653376 0.0432 0.0244 15.8823 "" "" 5972235317444897920 2266.53418 0.3959 0.0436 -3.153 -1.449 0.062 0.04 1.004 "" "" 15.74567 2.815297 17.349533 14.534236 -8.16 8.51 2099.46533 2500.54614 9477.1695 4.2209 1568.9 8.9201 12175.0 12.895 "" "" 0.002797430972712672 0.0067743207 0.003950455 0.0107247755 259.01677461813 -39.68806653376 2266.53418 -3.153000000000001 -1.4490000000000003 -2.4180908827781677 1.0339092025756835 0.15062575 0.12862575 -23.91 9.253908 28.253499239884253 37.01281290712907 4.165696784131709 6.7710745936110746
259.1455412601 -39.63302924879 0.0481 0.0229 13.4155 "" "" 5972234213589681024 2180.44873 0.4331 0.0531 -0.987 -3.572 0.063 0.04 0.951 7952.9 3.3831 15.748219 2.367948 16.986427 14.618479 "" "" 1993.82092 2453.9834 9454.94534 8.2882 2192.0 11.079 11266.0 54.47 "" "" 0.002915069187396242 0.006156222 0.0064684013 0.012624623 259.1455412601 -39.63302924879 2180.44873 -0.9869999999999999 -3.572 -0.2520908827781677 -1.0890907974243165 0.15162575 0.12862575 "" "" 11.553714882936974 "" 1.5007547777058774 ""
258.9834427778 -39.3484682027 0.0354 0.0199 5.2955 "" "" 5972255452254637312 2510.39258 0.3587 0.0417 0.237 -1.63 0.057 0.038 0.959 "" "" 15.749961 1.858183 16.639593 14.78141 "" "" 2296.60669 2807.0979 9439.78854 3.5031 3017.0 10.897 9696.0 17.924 "" "" 0.002784623985704813 0.004812845 0.004279268 0.009092113 258.9834427778 -39.3484682027 2510.39258 0.23699999999999996 -1.6299999999999986 0.9719091172218323 0.8529092025756837 0.14562576 0.12662575 "" "" 15.38672174573673 "" 2.1184766102848203 ""
258.85453869324 -39.26947283524 0.0355 0.0209 12.727 "" "" 5972303895133085184 2229.41162 0.4158 0.0426 -0.619 -2.434 0.052 0.036 1.024 "" "" 15.750196 2.141514 16.842606 14.701092 "" "" 1989.80249 2507.9043 9437.74182 3.4609 2502.5 10.508 10441.0 8.5644 "" "" 0.0027839381765486864 0.005345053 0.0038828962 0.009227949 258.85453869324 -39.26947283524 2229.41162 -0.6190000000000007 -2.434 0.11590911722183228 0.04890920257568343 0.14062575 0.12462575 "" "" 1.329438842766531 "" 0.18389630831572426 ""
259.19680851256 -39.21581208615 0.1032 0.0632 14.4085 "" "" 5972260949814817920 1956.35034 0.5938 0.1316 -2.725 -2.14 0.177 0.116 3.077 5312.4 4.3083 15.750841 1.577779 16.387386 14.809608 "" "" 1583.34802 3136.71826 9432.14163 9.9416 3805.9 9.3535 9447.5 15.642 "" "" 0.0029835205943848624 0.0038607104 0.0041851155 0.008045826 259.19680851256 -39.21581208615 1956.35034 -2.7250000000000005 -2.14 -1.9900908827781678 0.34290920257568347 0.26562575 0.20462576 "" "" 18.726264877018295 "" 4.944936855952241 ""
259.2772385431 -39.64335153474 0.0364 0.0205 17.0661 "" "" 5972239298830951168 2063.43213 0.4476 0.0435 -2.383 -3.213 0.058 0.042 0.998 7383.3 3.348 15.751629 2.515853 17.12481 14.608956 "" "" 1864.22571 2271.34839 9425.29968 3.5487 1929.7 6.2185 11365.0 13.306 "" "" 0.0027854797178978393 0.0044751214 0.003987429 0.00846255 259.2772385431 -39.64335153474 2063.43213 -2.383 -3.213 -1.6480908827781677 -0.7300907974243165 0.14662576 0.13062575 "" "" 17.63027827768062 "" 2.540925535769017 ""
258.9727013485 -39.39812347865 0.0377 0.022 3.5834 "" "" 5972255246096174208 2206.13574 0.4175 0.0433 -2.887 -2.154 0.056 0.038 1.044 7810.4 2.6036 15.752131 2.897559 17.4042 14.50664 0.14 4.53 2012.30969 2464.65063 9420.93867 4.5697 1491.9 7.0317 12488.0 11.474 "" "" 0.002805199482579614 0.0058285757 0.0039088214 0.009737397 258.9727013485 -39.39812347865 2206.13574 -2.8869999999999996 -2.154 -2.1520908827781677 0.3289092025756837 0.14462575 0.12662575 -15.61 5.273908 22.765904995260346 27.603596328254405 3.2837532735748214 4.028588115136838
258.87822860126 -39.56582473095 0.0383 0.0224 11.4031 "" "" 5972249301861633408 2252.34814 0.3922 0.0443 0.557 -0.739 0.055 0.036 0.98 8404.2 3.1742 15.756058 1.719106 16.572426 14.85332 "" "" 2080.58813 2533.30249 9386.93106 3.8993 3209.6 9.9434 9074.7 11.926 "" "" 0.0027919886305852503 0.004370247 0.004039766 0.008410012 258.87822860126 -39.56582473095 2252.34814 0.5569999999999999 -0.7390000000000001 1.2919091172218322 1.7439092025756837 0.14362575 0.12462575 "" "" 23.170519423143347 "" 3.050913408499024 ""
258.95666653224 -39.47229849712 0.0398 0.0214 4.9102 "" "" 5972251466525275392 1990.65198 0.4796 0.0452 -0.708 -2.575 0.057 0.037 0.999 "" "" 15.756406 1.679703 16.547092 14.86739 "" "" 1856.92285 2162.02002 9383.92171 3.2994 3285.3 9.0353 8957.8 15.941 "" "" 0.002781639748891489 0.004086726 0.0042446307 0.008331357 258.95666653224 -39.47229849712 1990.65198 -0.708 -2.575 0.026909117221832313 -0.09209079742431658 0.14562576 0.12562576 "" "" 0.9052764595223243 "" 0.11525343909964274 ""
259.3875111042 -39.44290953688 0.0451 0.0273 16.037 "" "" 5972242429912201600 2223.44043 0.43 0.0572 -0.481 -1.224 0.067 0.054 1.065 "" "" 15.761947 1.79692 16.355837 14.558917 "" "" 1964.09412 2483.85303 9336.1571 4.4054 3918.2 37.59 11901.0 171.01 "" "" 0.002802545523220884 0.010783442 0.016052602 0.026836045 259.3875111042 -39.44290953688 2223.44043 -0.4810000000000004 -1.224 0.2539091172218323 1.2589092025756836 0.15562576 0.14262575 "" "" 13.534948107977614 "" 1.9376100470264301 ""
258.9202171571 -39.51839858481 0.0496 0.0247 7.9996 "" "" 5972249817257768832 2122.67822 0.4355 0.0589 -2.166 -2.831 0.06 0.042 1.065 "" "" 15.764905 2.704559 17.275967 14.571407 "" "" 1925.04565 2398.58545 9310.74857 4.784 1678.9 7.058 11765.0 11.852 "" "" 0.0028112284318654295 0.0053496305 0.0039344695 0.0092841 258.9202171571 -39.51839858481 2122.67822 -2.166000000000001 -2.8309999999999995 -1.4310908827781677 -0.34809079742431637 0.14862575 0.13062575 "" "" 14.818735075544488 "" 2.1884035467558096 ""
259.02020044975 -39.51324369789 0.0449 0.0241 5.4461 "" "" 5972250397022052224 2437.55469 0.3716 0.0505 -4.878 -4.38 0.065 0.042 1.087 15002.9 3.4751 15.767954 3.00934 17.504414 14.495073 -80.61 6.84 2166.63574 2753.35596 9284.64665 4.9606 1360.4 9.5444 12622.0 12.728 "" "" 0.00281572199260507 0.008112319 0.003934772 0.0120470915 259.02020044975 -39.51324369789 2437.55469 -4.8779999999999974 -4.3799999999999955 -4.143090882778168 -1.8970907974243163 0.15362576 0.13062575 -96.36 7.583908 52.6489660948271 109.80511477547051 7.891676001452809 7.655758530077067
258.77863854484 -39.22480553739 0.0426 0.0244 17.1099 "" "" 5972307610347651840 1911.35413 0.4673 0.0474 -2.818 -6.505 0.056 0.04 0.989 "" "" 15.769661 3.245766 17.712334 14.466568 -72.53 6.31 1728.63538 2098.40503 9270.05446 4.5914 1123.3 8.1131 12958.0 19.742 "" "" 0.0028073071535061633 0.008323386 0.004125527 0.012448913 258.77863854484 -39.22480553739 1911.35413 -2.818 -6.504999999999998 -2.083090882778168 -4.022090797424316 0.14462575 0.12862575 -88.28 7.053908 41.03656000948316 97.35172138905358 5.423858767309492 6.792906798549924
259.1029452628 -39.31934123607 0.0355 0.0208 6.8858 "" "" 5972258647712042240 2015.42822 0.4506 0.0433 -0.224 -1.66 0.057 0.039 1.014 "" "" 15.772922 1.930117 16.718302 14.788185 "" "" 1856.19617 2216.7793 9242.25653 3.3865 2806.1 7.5906 9635.7 12.57 "" "" 0.0027838925940863127 0.0040510185 0.0040360657 0.008087084 259.1029452628 -39.31934123607 2015.42822 -0.224 -1.66 0.5109091172218323 0.8229092025756837 0.14562576 0.12762575 "" "" 9.253268606480237 "" 1.2295628532743188 ""
258.71314555365 -39.54080021985 0.0359 0.0221 16.7747 "" "" 5972229613726705920 2265.71191 0.3967 0.0414 -3.886 -6.502 0.053 0.036 1.029 4672.1 2.2921 15.774696 2.842882 17.394007 14.551125 19.62 7.09 2034.81885 2536.55322 9227.16038 5.6451 1506.0 7.9376 11987.0 17.728 "" "" 0.002834256514637906 0.006366512 0.00410635 0.010472862 258.71314555365 -39.54080021985 2265.71191 -3.8860000000000006 -6.501999999999994 -3.151090882778168 -4.019090797424316 0.14162575 0.12462575 3.870000000000001 7.833908 54.84756386110123 54.98392639215189 7.204617833913746 7.207870711540669
259.17042988875 -39.51158240888 0.0561 0.0301 7.9229 "" "" 5972243971748791424 2225.93286 0.4392 0.0638 0.632 -2.033 0.081 0.055 1.443 7479.8 3.9787 15.775206 1.853356 16.671623 14.818267 "" "" 1956.58752 2516.5542 9222.83518 4.5608 2929.3 8.8228 9372.4 10.875 "" "" 0.002807144627345383 0.0042987075 0.0039838213 0.008282529 259.17042988875 -39.51158240888 2225.93286 0.6319999999999988 -2.0329999999999995 1.3669091172218324 0.4499092025756837 0.16962576 0.14362575 "" "" 15.183281674946741 "" 2.5395962557517815 ""
259.04715516188 -39.35955213644 0.0377 0.0214 3.8791 "" "" 5972258304114656000 2431.54395 0.3749 0.0446 -0.665 -2.572 0.06 0.041 1.056 "" "" 15.776089 1.92595 16.72496 14.79901 "" "" 2241.16699 2691.46191 9215.33707 3.5083 2788.9 7.4897 9540.1 10.714 "" "" 0.0027861516876405484 0.0040356982 0.0039712097 0.008006908 259.04715516188 -39.35955213644 2431.54395 -0.665 -2.572 0.06990911722183224 -0.08909079742431647 0.14862575 0.12962575 "" "" 1.3052085860981735 "" 0.17904483409802088 ""
259.29834495273 -39.43672454436 0.0388 0.023 11.8898 "" "" 5972242975316595584 2218.69922 0.4199 0.0461 0.579 -0.696 0.062 0.043 0.944 6371.0 2.6792 15.779052 2.333921 17.019365 14.685445 "" "" 2042.45288 2444.21851 9190.22517 3.6494 2126.5 7.033 10592.0 11.027 "" "" 0.0027888478292870706 0.0045474595 0.0039447895 0.008492249 259.29834495273 -39.43672454436 2218.69922 0.5789999999999993 -0.6959999999999996 1.3139091172218322 1.7869092025756836 0.15062575 0.13162576 "" "" 23.325604860174398 "" 3.2327041424478686 ""
259.11579110229 -39.5072243272 0.0407 0.022 6.0385 "" "" 5972238955226992640 2093.44775 0.4411 0.0461 -2.493 -4.555 0.058 0.039 1.026 8850.0 3.4921 15.783032 1.697443 16.576385 14.878943 "" "" 1932.58484 2297.39771 9156.59419 3.9933 3197.9 8.3284 8863.0 10.69 "" "" 0.0027957099271172987 0.003972465 0.00399983 0.007972295 259.11579110229 -39.5072243272 2093.44775 -2.493 -4.555 -1.7580908827781676 -2.072090797424316 0.14662576 0.12762575 "" "" 26.964934090172207 "" 3.6645922804173545 ""
259.053252201 -39.63433115584 0.043 0.0233 12.6243 "" "" 5972235867200767104 2300.19116 0.3884 0.0474 -1.211 -4.502 0.059 0.039 1.04 7311.5 2.3127 15.78434 2.724685 17.302273 14.577588 "" "" 2098.93604 2614.54492 9145.57279 5.2409 1638.7 6.7327 11698.0 17.527 "" "" 0.0028246952218563782 0.00526155 0.0041146125 0.009376163 259.053252201 -39.63433115584 2300.19116 -1.2110000000000007 -4.502000000000001 -0.4760908827781678 -2.019090797424316 0.14762574 0.12762575 "" "" 22.617658050824787 "" 2.9121747969964433 ""
259.25959907707 -39.66707704564 0.0358 0.0205 17.7092 "" "" 5972045720409285888 2643.28003 0.3475 0.0407 -1.485 -2.539 0.055 0.038 1.032 9055.6 3.4824 15.785569 1.558858 16.501175 14.942317 "" "" 2327.84741 2994.15942 9135.22196 3.0724 3427.3 7.4919 8360.5 10.355 "" "" 0.0027794120044844035 0.0036630451 0.004011494 0.0076745395 259.25959907707 -39.66707704564 2643.28003 -1.485 -2.539 -0.7500908827781678 -0.05609079742431655 0.14362575 0.12662575 "" "" 9.42423865710018 "" 1.3527249211133525 ""
259.10075230232 -39.33785335713 0.0401 0.0226 5.8414 "" "" 5972258540280678528 2642.93066 0.3484 0.0496 -1.308 -2.469 0.066 0.044 1.138 7998.1 2.7483 15.786823 2.013397 16.768549 14.755152 "" "" 2351.08203 3045.83667 9124.67663 4.0114 2679.2 8.2795 9933.4 18.878 "" "" 0.0027963577458127867 0.00436379 0.004305964 0.0086697545 259.10075230232 -39.33785335713 2642.93066 -1.3079999999999996 -2.4689999999999985 -0.5730908827781678 0.013909202575683732 0.15462574 0.13262576 "" "" 7.181505289069673 "" 1.1103591970302986 ""
259.21087064924 -39.58944763444 0.0422 0.0225 12.6222 "" "" 5972234595890078336 2248.16992 0.425 0.0469 -1.481 -3.804 0.058 0.04 1.003 8601.1 3.0694 15.789371 1.739064 16.613659 14.874595 "" "" 2059.5061 2638.07642 9103.2944 3.3302 3090.0 8.7686 8898.6 15.244 "" "" 0.0027838009360221885 0.0041566575 0.0042122616 0.008368919 259.21087064924 -39.58944763444 2248.16992 -1.4809999999999999 -3.8039999999999994 -0.7460908827781678 -1.3210907974243162 0.14662576 0.12862575 "" "" 16.16790567337541 "" 2.1535919950903573 ""
259.2077598717 -39.32485879964 0.0356 0.0215 9.7128 "" "" 5972259124398808448 2193.73633 0.4334 0.0417 -1.142 -1.495 0.052 0.038 0.917 "" "" 15.790147 1.667569 16.57324 14.905671 "" "" 1982.14355 2443.02759 9096.78886 3.1211 3207.2 7.7097 8647.5 11.85 "" "" 0.0027803879014780485 0.0038206019 0.0040616933 0.007882295 259.2077598717 -39.32485879964 2193.73633 -1.142 -1.495 -0.40709088277816763 0.9879092025756835 0.14062575 0.12662575 "" "" 11.110571726627557 "" 1.4305129444196754 ""
259.06681267542 -39.69982169686 0.0392 0.0225 16.5824 "" "" 5972232499946315520 2197.97266 0.4226 0.0432 -1.961 -2.747 0.054 0.037 0.964 8497.8 3.4102 15.795689 2.132589 16.881512 14.748922 "" "" 2003.89868 2437.3623 9050.47714 4.2293 2414.4 9.5631 9990.5 16.196 "" "" 0.00280164409546919 0.005126296 0.004169147 0.009295443 259.06681267542 -39.69982169686 2197.97266 -1.9609999999999987 -2.7470000000000026 -1.2260908827781678 -0.2640907974243163 0.14262575 0.12562576 "" "" 13.066849758148315 "" 1.8543842120385503 ""
