Clusters/NGC_6318/NGC_6318_stars_in_region.tsv
# %ECSV 1.0
# ---
# datatype:
# - name: RA_ICRS_1
#   unit: deg
#   datatype: float64
#   format: '{:15.11f}'
#   description: Right ascension (ICRS) at Ep=2016.0 (ra)
#   meta: !!omap
#   - {ucd: POS_EQ_RA_MAIN}
#   - {width: 15}
#   - {precision: '11'}
# - name: DE_ICRS_1
#   unit: deg
#   datatype: float64
#   format: '{:15.11f}'
#   description: Declination (ICRS) at Ep=2016.0 (dec)
#   meta: !!omap
#   - {ucd: POS_EQ_DEC_MAIN}
#   - {width: 15}
#   - {precision: '11'}
# - name: e_RA_ICRS
#   unit: mas
#   datatype: float64
#   format: '{:7.4f}'
#   description: Standard error of right ascension (ra_error)
#   meta: !!omap
#   - {ucd: ERROR}
#   - {width: 7}
#   - {precision: '4'}
# - name: e_DE_ICRS
#   unit: mas
#   datatype: float64
#   format: '{:7.4f}'
#   description: Standard error of declination (dec_error)
#   meta: !!omap
#   - {ucd: ERROR}
#   - {width: 7}
#   - {precision: '4'}
# - name: _r_1
#   unit: ''
#   datatype: float64
#   format: '{:7.4f}'
#   description: Distance from center (259.04230927000-39.42409505000)[ICRS], at Epoch=J2016.0
#   meta: !!omap
#   - {ucd: POS_ANG_DIST_GENERAL}
#   - {width: 7}
#   - {precision: '4'}
# - name: HIP
#   datatype: int32
#   description: '? HIP cross-id number, van Leeuwen, Cat. I/311 (hip_original_ext_source_id)'
#   meta: !!omap
#   - {ucd: ID_NUMBER}
#   - {width: 6}
#   - values: {'null': -2147483648}
# - name: TYC2
#   datatype: string
#   description: Tycho-2 cross-id name, Hog et al., Cat. I/259 (tyc2_original_ext_source_id)
#   meta: !!omap
#   - {ucd: ID_CROSSID}
#   - {_votable_string_dtype: char}
# - name: Source
#   datatype: int64
#   description: Source identifier, identical to the Gaia-EDR3 source_id (id)
#   meta: !!omap
#   - {ucd: ID_MAIN}
#   - {width: 19}
# - name: rgeo
#   unit: pc
#   datatype: float64
#   format: '{:15.8f}'
#   description: '? Median of the geometric distance posterior (r_med_geo)'
#   meta: !!omap
#   - {ucd: PHYS_DISTANCE_TRUE}
#   - {width: 15}
#   - {precision: '8'}
#   - values: {'null': .nan}
# - name: Plx
#   unit: mas
#   datatype: float64
#   format: '{:9.4f}'
#   description: '? Parallax (parallax)'
#   meta: !!omap
#   - {ucd: POS_PARLX_TRIG}
#   - {width: 9}
#   - {precision: '4'}
#   - values: {'null': .nan}
# - name: e_Plx
#   unit: mas
#   datatype: float32
#   format: '{:7.4f}'
#   description: '? Standard error of parallax (parallax_error)'
#   meta: !!omap
#   - {ucd: ERROR}
#   - {width: 7}
#   - {precision: '4'}
#   - values: {'null': .nan}
# - name: pmRA
#   unit: mas / yr
#   datatype: float64
#   format: '{:9.3f}'
#   description: '? Proper motion in right ascension direction, pmRA*cosDE (pmra)'
#   meta: !!omap
#   - {ucd: POS_EQ_PMRA}
#   - {width: 9}
#   - {precision: '3'}
#   - values: {'null': .nan}
# - name: pmDE
#   unit: mas / yr
#   datatype: float64
#   format: '{:9.3f}'
#   description: '? Proper motion in declination direction (pmdec)'
#   meta: !!omap
#   - {ucd: POS_EQ_PMDEC}
#   - {width: 9}
#   - {precision: '3'}
#   - values: {'null': .nan}
# - name: e_pmRA
#   unit: mas / yr
#   datatype: float32
#   format: '{:6.3f}'
#   description: '? Standard error of proper motion in right ascension direction (pmra_error)'
#   meta: !!omap
#   - {ucd: ERROR}
#   - {width: 6}
#   - {precision: '3'}
#   - values: {'null': .nan}
# - name: e_pmDE
[...]
#         value: !astropy.table.SerializedColumn {name: SkyCoord.dec}
#       distance: !astropy.table.SerializedColumn
#         __class__: astropy.coordinates.distances.Distance
#         unit: !astropy.units.Unit {unit: pc}
#         value: !astropy.table.SerializedColumn {name: SkyCoord.distance}
#       frame: icrs
#       obstime: !astropy.time.Time {format: jyear_str, in_subfmt: '*', jd1: 367701545.0, jd2: 0.0, out_subfmt: '*', precision: 3, scale: tt}
#       pm_dec: !astropy.table.SerializedColumn
#         __class__: astropy.units.quantity.Quantity
#         unit: !astropy.units.Unit {unit: mas / yr}
#         value: !astropy.table.SerializedColumn {name: SkyCoord.pm_dec}
#       pm_ra_cosdec: !astropy.table.SerializedColumn
#         __class__: astropy.units.quantity.Quantity
#         unit: !astropy.units.Unit {unit: mas / yr}
#         value: !astropy.table.SerializedColumn {name: SkyCoord.pm_ra_cosdec}
#       ra: !astropy.table.SerializedColumn
#         __class__: astropy.coordinates.angles.Longitude
#         unit: *id001
#         value: !astropy.table.SerializedColumn {name: SkyCoord.ra}
#         wrap_angle: !astropy.coordinates.Angle
#           unit: *id001
#           value: 360.0
#       representation_type: spherical
# schema: astropy-2.0
RA_ICRS_1 DE_ICRS_1 e_RA_ICRS e_DE_ICRS _r_1 HIP TYC2 Source rgeo Plx e_Plx pmRA pmDE e_pmRA e_pmDE RUWE Teff logg Gmag BP-RP BPmag RPmag RV e_RV b_rgeo B_rgeo FG e_FG FBP e_FBP FRP e_FRP RAVE5 RAVE6 e_Gmag e_BPmag e_RPmag e_BP-RP SkyCoord.ra SkyCoord.dec SkyCoord.distance SkyCoord.pm_ra_cosdec SkyCoord.pm_dec rmRA rmDE e_rmRA e_rmDE rRV e_rRV v_pec v_pec3d e_vpec e_vpec3d
[from data line 1771]
259.06539927608 -39.31087263883 0.0677 0.0382 6.8773 "" "" 5972258888230257024 2592.68359 0.3918 0.0775 -0.378 -1.607 0.112 0.074 0.969 "" "" 16.852901 1.977715 17.843113 15.865398 "" "" 2161.73877 3223.46338 3418.109 2.073 995.8 7.399 3572.7 9.1582 "" "" 0.002832909373735133 0.008536128 0.0046935803 0.013229709 259.06539927608 -39.31087263883 2592.68359 -0.37799999999999967 -1.6070000000000002 0.3569091172218323 0.8759092025756836 0.20062575 0.16262576 "" "" 11.623651008990683 "" 1.9592888536850843 ""
259.16279148794 -39.27816393371 0.0671 0.0399 10.3881 "" "" 5972260228260006144 2429.98267 0.4113 0.0704 -0.44 -1.602 0.099 0.07 1.05 "" "" 16.853748 1.95651 17.825026 15.868516 "" "" 2082.14209 2961.38477 3415.4463 2.0851 1012.5 6.6393 3562.5 12.175 "" "" 0.0028339259239007837 0.007646752 0.005296406 0.012943158 259.16279148794 -39.27816393371 2429.98267 -0.4399999999999999 -1.6020000000000003 0.2949091172218323 0.8809092025756835 0.18762575 0.15862575 "" "" 10.69990628004333 "" 1.731074958852513 ""
259.21690077028 -39.37204365583 0.0945 0.0534 8.6765 "" "" 5972247274635579136 2157.69678 0.5102 0.0953 -1.392 -1.565 0.13 0.092 0.968 4754.3 3.4839 16.853905 3.212578 18.560074 15.347496 "" "" 1771.58704 2547.36987 3414.95551 3.3941 514.5 5.5184 5756.5 102.83 "" "" 0.002959097480462956 0.01197493 0.01975962 0.03173455 259.21690077028 -39.37204365583 2157.69678 -1.3919999999999986 -1.5650000000000004 -0.6570908827781676 0.9179092025756836 0.21862575 0.18062575 "" "" 11.545399935318121 "" 2.2436757048360243 ""
259.31402044378 -39.3180558909 0.0766 0.0446 14.1178 "" "" 5972246965398019840 2021.7699 0.4773 0.0817 -0.517 -6.219 0.114 0.076 0.926 4828.5 3.5048 16.854761 2.73346 18.397404 15.663943 "" "" 1733.79126 2458.8186 3412.26316 2.2003 597.66 5.915 4301.1 9.3793 "" "" 0.002842874879685045 0.011101796 0.0044597574 0.015561554 259.31402044378 -39.3180558909 2021.7699 -0.5170000000000008 -6.2190000000000065 0.21790911722183226 -3.7360907974243167 0.20262575 0.16462575 "" "" 35.86451320751475 "" 5.909373876489109 ""
259.18927634066 -39.33239776281 0.0612 0.0369 8.7595 "" "" 5972259094388510080 1883.61255 0.5123 0.0696 0.364 -0.392 0.09 0.064 0.93 "" "" 16.854837 2.272391 18.048292 15.775901 "" "" 1677.88684 2120.1228 3412.02207 1.975 824.33 6.4444 3879.7 8.3586 "" "" 0.0028260847217603277 0.008934836 0.0044447035 0.013379539 259.18927634066 -39.33239776281 1883.61255 0.36400000000000005 -0.392 1.0989091172218322 2.0909092025756837 0.17862576 0.15262575 "" "" 21.089566698055 "" 3.345119012068257 ""
259.24292562888 -39.61023982489 0.085 0.0448 14.5246 "" "" 5972233702496910464 2224.98901 0.4494 0.0819 1.08 0.925 0.113 0.076 1.001 7984.1 4.0493 16.858046 1.989445 17.83329 15.843845 "" "" 1884.79175 2563.70386 3401.95397 2.0133 1004.8 8.0748 3644.4 14.032 "" "" 0.0028292499056484476 0.009160488 0.0056355544 0.014796043 259.24292562888 -39.61023982489 2224.98901 1.0799999999999994 0.9249999999999992 1.8149091172218323 3.4079092025756834 0.20162575 0.16462575 "" "" 40.72040794593403 "" 7.064236810647632 ""
259.3136667778 -39.22795526625 0.0641 0.0387 17.2371 "" "" 5972623513754407808 2431.01807 0.4223 0.0741 -0.792 -3.423 0.097 0.069 1.08 9228.6 3.6703 16.861654 2.064233 17.909668 15.845435 "" "" 2037.96912 2830.33032 3390.66511 2.0068 936.59 5.3968 3639.0 9.0504 "" "" 0.0028292630468241616 0.006850195 0.0046449197 0.011495115 259.3136667778 -39.22795526625 2431.01807 -0.792 -3.423 -0.05709088277816776 -0.9400907974243164 0.18562576 0.15762575 "" "" 10.852647609090598 "" 1.7118720342936926 ""
259.20039801118 -39.39292658536 0.1584 0.0838 7.5636 "" "" 5972245556607962368 1986.78992 0.6446 0.1517 -1.599 -3.179 0.229 0.142 1.63 "" "" 16.86302 1.620419 16.949028 15.328608 "" "" 1486.7356 4334.80078 3386.40148 3.1444 2268.9 11.613 5857.5 27.13 "" "" 0.002933964663267432 0.0062182914 0.006290648 0.01250894 259.20039801118 -39.39292658536 1986.78992 -1.598999999999998 -3.1790000000000003 -0.8640908827781677 -0.6960907974243162 0.31762576 0.23062575 "" "" 10.449458629014202 "" 2.994356320699683 ""
259.22185569846 -39.66440649592 0.0744 0.0421 16.6406 "" "" 5972233324579719424 1786.47705 0.5853 0.0886 0.136 -0.323 0.12 0.079 1.172 "" "" 16.86435 2.078448 17.916666 15.838218 "" "" 1545.82532 2091.62891 3382.26142 2.3591 930.57 6.0856 3663.3 9.5243 "" "" 0.00285749557404733 0.0076288767 0.004717213 0.01234609 259.22185569846 -39.66440649592 1786.47705 0.13599999999999995 -0.323 0.8709091172218323 2.1599092025756836 0.20862575 0.16762576 "" "" 19.72074105657572 "" 3.430258659979295 ""
259.01543719037 -39.49572124249 0.0871 0.0464 4.4742 "" "" 5972250706257542400 2403.91895 0.4355 0.0862 -1.932 -4.463 0.124 0.082 0.982 "" "" 16.864597 1.823651 17.748917 15.925265 "" "" 1925.71313 2911.63623 3381.48726 2.2037 1086.1 8.7376 3381.1 12.037 "" "" 0.0028447220960150796 0.009169491 0.0054059564 0.014575448 259.01543719037 -39.49572124249 2403.91895 -1.932 -4.463 -1.1970908827781677 -1.9800907974243165 0.21262574 0.17062575 "" "" 26.365054445635064 "" 4.819950740677779 ""
259.05208922307 -39.28113289233 0.0669 0.039 8.5897 "" "" 5972261907532780032 1909.6908 0.5194 0.0759 -0.972 -2.983 0.098 0.072 1.068 9269.8 3.6457 16.865341 2.144761 17.96745 15.822688 "" "" 1701.83398 2155.30347 3379.17037 2.1315 888.05 4.791 3716.1 8.2351 "" "" 0.002839157933998539 0.0064881025 0.0044802716 0.010968374 259.05208922307 -39.28113289233 1909.6908 -0.972 -2.9829999999999997 -0.2370908827781677 -0.5000907974243165 0.18662575 0.16062576 "" "" 5.009760295325621 "" 0.8301330357221246 ""
259.1069327701 -39.52152599807 0.0797 0.046 6.5675 "" "" 5972238783428260608 2017.78906 0.5005 0.0767 -1.631 -3.277 0.109 0.075 1.015 "" "" 16.865808 1.977987 17.859943 15.881956 "" "" 1716.74768 2472.8313 3377.71827 2.223 980.48 7.7133 3518.6 10.742 "" "" 0.0028464696229705795 0.008985515 0.0050269994 0.014012514 259.1069327701 -39.52152599807 2017.78906 -1.631 -3.277 -0.8960908827781677 -0.7940907974243165 0.19762576 0.16362575 "" "" 11.451487420365098 "" 2.10075367305247 ""
258.86403734119 -39.68578542152 0.0983 0.0561 17.7355 "" "" 5972224146186280448 1920.1842 0.518 0.0752 -1.262 -2.454 0.143 0.087 1.007 "" "" 16.866514 1.808639 17.752592 15.943953 "" "" 1637.93274 2196.72754 3375.52237 2.2194 1082.4 8.4325 3323.4 10.564 "" "" 0.0028462956957705857 0.008906801 0.0051180567 0.014024857 258.86403734119 -39.68578542152 1920.1842 -1.2620000000000002 -2.4540000000000006 -0.5270908827781677 0.028909202575683413 0.23162577 0.17562574 "" "" 4.804619186430071 "" 1.112163973353508 ""
258.88235070059 -39.2307313968 0.0682 0.0394 13.7738 "" "" 5972304140014030464 2391.5813 0.4128 0.0766 0.335 -0.298 0.098 0.07 1.02 9223.3 3.5887 16.86735 2.409576 18.131285 15.721708 "" "" 2052.59106 2916.77881 3372.92864 2.3734 763.67 5.3959 4078.3 8.494 "" "" 0.002859278094792653 0.008163182 0.0044042235 0.012567406 258.88235070059 -39.2307313968 2391.5813 0.3350000000000003 -0.29799999999999993 1.0699091172218322 2.1849092025756836 0.18662575 0.15862575 "" "" 27.578494506964123 "" 4.534279796785241 ""
259.09793161328 -39.31166666836 0.0855 0.048 7.2223 "" "" 5972258647712055936 2022.66479 0.5686 0.0962 -1.259 -2.621 0.151 0.091 1.136 8505.6 2.9876 16.870064 2.497978 18.182093 15.684114 "" "" 1668.75049 3729.21851 3364.50644 4.1902 728.75 7.6448 4221.9 16.518 "" "" 0.0030692355251355856 0.011726468 0.0056858016 0.01741227 259.09793161328 -39.31166666836 2022.66479 -1.259 -2.621 -0.5240908827781676 -0.1380907974243164 0.23962575 0.17962575 "" "" 5.196178232292712 "" 1.2273047381292022 ""
259.28337470589 -39.44814359144 0.0798 0.046 11.2638 "" "" 5972242945308362752 2314.20386 0.4731 0.0892 -0.415 -1.474 0.128 0.084 1.034 9516.6 4.1818 16.870968 1.896293 17.79307 15.896777 "" "" 1855.85864 2905.99048 3361.70373 2.1337 1042.8 6.0504 3470.9 9.7488 "" "" 0.0028401906802513924 0.0068897735 0.004856272 0.011746045 259.28337470589 -39.44814359144 2314.20386 -0.4149999999999999 -1.4739999999999998 0.3199091172218323 1.0089092025756836 0.21662575 0.17262575 "" "" 11.610085553036798 "" 2.05614348798113 ""
259.31353452958 -39.20698146985 0.0645 0.0384 18.1166 "" "" 5972635299145949312 1803.20435 0.5309 0.0715 -0.171 -2.082 0.098 0.068 0.997 7032.6 3.6875 16.871056 2.058755 17.924059 15.865304 "" "" 1634.97815 2056.40259 3361.43411 1.9872 924.26 5.9554 3573.0 7.6858 "" "" 0.0028290944655522164 0.0075317393 0.0044427807 0.01197452 259.31353452958 -39.20698146985 1803.20435 -0.1709999999999997 -2.082 0.5639091172218322 0.40090920257568374 0.18662575 0.15662575 "" "" 5.913775538757064 "" 1.0474534520829768 ""
259.07064002248 -39.56040017511 0.0865 0.045 8.2828 "" "" 5972238336761889920 1823.29993 0.5667 0.0844 -0.606 -5.512 0.12 0.074 0.974 4823.8 4.433 16.871391 1.722376 17.705597 15.983221 "" "" 1545.60327 2184.30444 3360.39598 2.3296 1130.3 9.0257 3205.3 11.587 "" "" 0.002856278905345447 0.00910776 0.005448709 0.014556469 259.07064002248 -39.56040017511 1823.29993 -0.6059999999999994 -5.5120000000000005 0.1289091172218323 -3.029090797424316 0.20862575 0.16262576 "" "" 26.202435972960743 "" 4.263677502402776 ""
259.34693297257 -39.55546754773 0.084 0.0461 16.1584 "" "" 5972239986025792384 2600.24487 0.4188 0.0892 0.503 -2.236 0.123 0.087 1.032 "" "" 16.87252 2.27241 18.035698 15.763288 "" "" 2091.07056 3270.86255 3356.90324 2.2632 833.95 7.925 3925.0 19.912 "" "" 0.002850895802022471 0.010688325 0.0066800127 0.017368339 259.34693297257 -39.55546754773 2600.24487 0.5029999999999999 -2.2359999999999998 1.2379091172218324 0.24690920257568338 0.21162575 0.17562574 "" "" 15.557961706614854 "" 3.27279997031508 ""
258.91733588303 -39.23044755026 0.0724 0.0412 12.9862 "" "" 5972309736288682240 2443.96436 0.4103 0.0772 -0.915 -1.174 0.107 0.073 1.02 "" "" 16.872543 2.126194 17.945385 15.819191 "" "" 2098.58594 2916.31616 3356.83022 2.1673 906.28 7.0027 3728.0 8.7252 "" "" 0.0028430936033732564 0.00884115 0.004554226 0.0133953765 258.91733588303 -39.23044755026 2443.96436 -0.915 -1.174 -0.18009088277816776 1.3089092025756837 0.19562575 0.16162574 "" "" 15.305764750071297 "" 2.484467937478834 ""
259.38956351463 -39.49053987531 0.0797 0.0459 16.5735 "" "" 5972241738372480512 1958.63013 0.5274 0.082 -1.079 -3.373 0.107 0.077 1.012 "" "" 16.876467 2.238936 18.002907 15.763971 "" "" 1697.83569 2248.53613 3344.72091 2.3525 859.52 8.0946 3922.6 8.8833 "" "" 0.002859186921910824 0.010598862 0.0045088204 0.015107682 259.38956351463 -39.49053987531 1958.63013 -1.0790000000000002 -3.3729999999999993 -0.3440908827781677 -0.8900907974243166 0.19562575 0.16562575 "" "" 8.859494485345168 "" 1.5045738499831647 ""
258.89249245827 -39.69431194327 0.0812 0.0474 17.6321 "" "" 5972212708731919360 2051.07739 0.5168 0.0755 -0.787 -3.909 0.117 0.075 0.997 6015.7 4.3774 16.876757 1.895957 17.704865 15.808908 "" "" 1745.66113 2436.58325 3343.82714 2.9993 1131.0 9.296 3763.5 13.348 "" "" 0.002922363701062004 0.009349981 0.0053955745 0.014745556 258.89249245827 -39.69431194327 2051.07739 -0.787 -3.909 -0.05209088277816776 -1.4260907974243162 0.20562574 0.16362575 "" "" 13.87385324957386 "" 2.270995498584947 ""
258.72074337627 -39.33154312804 0.069 0.0405 15.9141 "" "" 5972302422027364096 2363.16138 0.3936 0.0786 -0.71 -1.283 0.094 0.062 1.01 8594.5 3.21 16.878342 2.752709 18.390028 15.637319 "" "" 1991.43054 2899.0376 3338.95148 2.8262 601.74 8.8538 4407.9 15.052 "" "" 0.002904540664596334 0.016216988 0.0052943025 0.02151129 258.72074337627 -39.33154312804 2363.16138 -0.7100000000000001 -1.283 0.02490911722183231 1.1999092025756837 0.18262574 0.15062575 "" "" 13.443540636999558 "" 2.0251483794794307 ""
259.08210647189 -39.68222500591 0.0863 0.0444 15.5968 "" "" 5972232534269755648 1927.40747 0.5683 0.0808 -1.572 -0.758 0.111 0.068 0.981 5907.3 4.5702 16.87835 1.776134 17.651028 15.874894 "" "" 1665.43054 2421.22632 3338.92998 2.7359 1188.5 9.0026 3541.6 29.4 "" "" 0.00289538585701483 0.008684603 0.009773378 0.01845798 259.08210647189 -39.68222500591 1927.40747 -1.5720000000000014 -0.7579999999999999 -0.8370908827781678 1.7249092025756836 0.19962576 0.15662575 "" "" 17.516267725561953 "" 2.90219134239395 ""
259.41422991214 -39.40669092863 0.2034 0.1225 17.2715 "" "" 5972617878757091200 1793.97205 0.9113 0.2553 1.273 -0.734 0.288 0.214 3.08 9116.5 4.1766 16.878576 2.099706 17.87389 15.774184 "" "" 1192.27441 2559.34473 3338.22986 7.4026 967.97 6.4562 3885.8 9.8387 "" "" 0.0036590355465667616 0.0077606053 0.004673432 0.012434037 259.41422991214 -39.40669092863 1793.97205 1.273 -0.7340000000000002 2.007909117221832 1.7489092025756836 0.37662575 0.30262575 "" "" 22.64273292216231 "" 7.849016487914785 ""
259.32565568472 -39.51876905647 0.0872 0.0476 14.3002 "" "" 5972240363982933632 1898.83948 0.5366 0.0925 -0.216 -4.008 0.124 0.09 1.052 "" "" 16.87931 1.849968 17.76563 15.915663 "" "" 1607.27161 2297.09448 3335.97085 2.3313 1069.5 7.1025 3411.1 15.545 "" "" 0.0028578829622722414 0.0077313525 0.006226187 0.01395754 259.32565568472 -39.51876905647 1898.83948 -0.2159999999999993 -4.008 0.5189091172218323 -1.5250907974243164 0.21262574 0.17862576 "" "" 14.499378413052563 "" 2.6453874030934443 ""
258.99165744072 -39.27422755125 0.0684 0.0386 9.2941 "" "" 5972262530320361344 2412.60864 0.4141 0.0794 -0.454 0.147 0.11 0.074 0.981 "" "" 16.880747 2.496847 18.187384 15.690537 "" "" 1978.91064 3073.27393 3331.5648 2.573 725.21 5.9088 4197.0 13.487 "" "" 0.0028800890530230835 0.009275851 0.0051436205 0.014419472 258.99165744072 -39.27422755125 2412.60864 -0.45400000000000024 0.14700000000000019 0.28090911722183226 2.6299092025756834 0.19862574 0.16262576 "" "" 30.246100906203896 "" 4.932418505364654 ""
258.83820536005 -39.29812450343 0.0777 0.0446 12.1151 "" "" 5972303482816163200 2092.88037 0.5154 0.0803 -5.362 -13.049 0.097 0.07 1.137 4908.7 4.3362 16.882322 1.707624 17.684458 15.976833 "" "" 1716.56799 2708.48486 3326.73171 2.3447 1152.5 6.2609 3224.2 12.113 "" "" 0.0028596103352822025 0.0065248692 0.0055607553 0.012085624 258.83820536005 -39.29812450343 2092.88037 -5.362 -13.049 -4.627090882778168 -10.566090797424316 0.18562576 0.15862575 "" "" 114.428406286963 "" 18.682970779342515 ""
259.09929772261 -39.29735779777 0.1021 0.0579 8.0507 "" "" 5972258956966612736 1878.30933 0.56 0.1239 -1.981 0.627 0.177 0.109 1.309 "" "" 16.882639 2.655985 17.936367 15.280382 "" "" 1487.33728 2421.27222 3325.76334 3.0909 913.84 18.654 6123.6 105.28 "" "" 0.002934279419711329 0.022337817 0.01904528 0.041383095 259.09929772261 -39.29735779777 1878.30933 -1.9809999999999999 0.627 -1.2460908827781678 3.1099092025756834 0.26562575 0.19762576 "" "" 29.828036073688438 "" 6.214958434689215 ""
259.40755909283 -39.45591252407 0.0783 0.0443 17.032 "" "" 5972242150689350784 1828.58313 0.5499 0.0818 -2.264 -3.723 0.11 0.074 1.0 6848.2 4.2748 16.883009 1.775313 17.744238 15.968924 "" "" 1572.62292 2130.99365 3324.63055 2.0645 1090.7 6.3963 3247.8 7.6082 "" "" 0.0028366088547453396 0.006951702 0.004555511 0.011507213 259.40755909283 -39.45591252407 1828.58313 -2.2639999999999993 -3.722999999999999 -1.5290908827781675 -1.2400907974243163 0.19862574 0.16262576 "" "" 17.064037767579865 "" 3.1599485464785815 ""
258.67136242239 -39.44102090823 0.0627 0.0392 17.2205 "" "" 5972277579932000128 2523.19238 0.3798 0.0662 -0.308 -2.419 0.084 0.059 1.012 9455.2 4.1674 16.884413 1.761734 17.706034 15.9443 "" "" 2187.40796 2985.09399 3320.33302 2.1143 1129.8 9.7635 3322.3 12.891 "" "" 0.002840735667727333 0.009788783 0.0056596384 0.015448421 258.67136242239 -39.44102090823 2523.19238 -0.30799999999999966 -2.4190000000000005 0.4269091172218323 0.06390920257568355 0.17262575 0.14762574 "" "" 5.162699349260907 "" 0.8885867365833009 ""
