Clusters/NGC_6318/NGC_6318_members.tsv
# %ECSV 1.0
# ---
# datatype:
# - name: RA_ICRS_1
#   unit: deg
#   datatype: float64
#   format: '{:15.11f}'
#   description: Right ascension (ICRS) at Ep=2016.0 (ra)
#   meta: !!omap
#   - {ucd: POS_EQ_RA_MAIN}
#   - {width: 15}
#   - {precision: '11'}
# - name: DE_ICRS_1
#   unit: deg
#   datatype: float64
#   format: '{:15.11f}'
#   description: Declination (ICRS) at Ep=2016.0 (dec)
#   meta: !!omap
#   - {ucd: POS_EQ_DEC_MAIN}
#   - {width: 15}
#   - {precision: '11'}
# - name: e_RA_ICRS
#   unit: mas
#   datatype: float64
#   format: '{:7.4f}'
#   description: Standard error of right ascension (ra_error)
#   meta: !!omap
#   - {ucd: ERROR}
#   - {width: 7}
#   - {precision: '4'}
# - name: e_DE_ICRS
#   unit: mas
#   datatype: float64
#   format: '{:7.4f}'
#   description: Standard error of declination (dec_error)
#   meta: !!omap
#   - {ucd: ERROR}
#   - {width: 7}
#   - {precision: '4'}
# - name: _r_1
#   unit: ''
#   datatype: float64
#   format: '{:7.4f}'
#   description: Distance from center (259.04230927000-39.42409505000)[ICRS], at Epoch=J2016.0
#   meta: !!omap
#   - {ucd: POS_ANG_DIST_GENERAL}
#   - {width: 7}
#   - {precision: '4'}
# - name: HIP
#   datatype: int32
#   description: '? HIP cross-id number, van Leeuwen, Cat. I/311 (hip_original_ext_source_id)'
#   meta: !!omap
#   - {ucd: ID_NUMBER}
#   - {width: 6}
#   - values: {'null': -2147483648}
# - name: TYC2
#   datatype: string
#   description: Tycho-2 cross-id name, Hog et al., Cat. I/259 (tyc2_original_ext_source_id)
#   meta: !!omap
#   - {ucd: ID_CROSSID}
#   - {_votable_string_dtype: char}
# - name: Source
#   datatype: int64
#   description: Source identifier, identical to the Gaia-EDR3 source_id (id)
#   meta: !!omap
#   - {ucd: ID_MAIN}
#   - {width: 19}
# - name: rgeo
#   unit: pc
#   datatype: float64
#   format: '{:15.8f}'
#   description: '? Median of the geometric distance posterior (r_med_geo)'
#   meta: !!omap
#   - {ucd: PHYS_DISTANCE_TRUE}
#   - {width: 15}
#   - {precision: '8'}
#   - values: {'null': .nan}
# - name: Plx
#   unit: mas
#   datatype: float64
#   format: '{:9.4f}'
#   description: '? Parallax (parallax)'
#   meta: !!omap
#   - {ucd: POS_PARLX_TRIG}
#   - {width: 9}
#   - {precision: '4'}
#   - values: {'null': .nan}
# - name: e_Plx
#   unit: mas
#   datatype: float32
#   format: '{:7.4f}'
#   description: '? Standard error of parallax (parallax_error)'
#   meta: !!omap
#   - {ucd: ERROR}
#   - {width: 7}
#   - {precision: '4'}
#   - values: {'null': .nan}
# - name: pmRA
#   unit: mas / yr
#   datatype: float64
#   format: '{:9.3f}'
#   description: '? Proper motion in right ascension direction, pmRA*cosDE (pmra)'
#   meta: !!omap
#   - {ucd: POS_EQ_PMRA}
#   - {width: 9}
#   - {precision: '3'}
#   - values: {'null': .nan}
# - name: pmDE
#   unit: mas / yr
#   datatype: float64
#   format: '{:9.3f}'
#   description: '? Proper motion in declination direction (pmdec)'
#   meta: !!omap
#   - {ucd: POS_EQ_PMDEC}
#   - {width: 9}
#   - {precision: '3'}
#   - values: {'null': .nan}
# - name: e_pmRA
#   unit: mas / yr
#   datatype: float32
#   format: '{:6.3f}'
#   description: '? Standard error of proper motion in right ascension direction (pmra_error)'
#   meta: !!omap
#   - {ucd: ERROR}
#   - {width: 6}
#   - {precision: '3'}
#   - values: {'null': .nan}
# - name: e_pmDE
[...]
#       distance: !astropy.table.SerializedColumn
#         __class__: astropy.coordinates.distances.Distance
#         unit: !astropy.units.Unit {unit: pc}
#         value: !astropy.table.SerializedColumn {name: SkyCoord.distance}
#       frame: icrs
#       obstime: !astropy.time.Time {format: jyear_str, in_subfmt: '*', jd1: 367701545.0, jd2: 0.0, out_subfmt: '*', precision: 3, scale: tt}
#       pm_dec: !astropy.table.SerializedColumn
#         __class__: astropy.units.quantity.Quantity
#         unit: !astropy.units.Unit {unit: mas / yr}
#         value: !astropy.table.SerializedColumn {name: SkyCoord.pm_dec}
#       pm_ra_cosdec: !astropy.table.SerializedColumn
#         __class__: astropy.units.quantity.Quantity
#         unit: !astropy.units.Unit {unit: mas / yr}
#         value: !astropy.table.SerializedColumn {name: SkyCoord.pm_ra_cosdec}
#       ra: !astropy.table.SerializedColumn
#         __class__: astropy.coordinates.angles.Longitude
#         unit: *id001
#         value: !astropy.table.SerializedColumn {name: SkyCoord.ra}
#         wrap_angle: !astropy.coordinates.Angle
#           unit: *id001
#           value: 360.0
#       representation_type: spherical
# schema: astropy-2.0
RA_ICRS_1 DE_ICRS_1 e_RA_ICRS e_DE_ICRS _r_1 HIP TYC2 Source rgeo Plx e_Plx pmRA pmDE e_pmRA e_pmDE RUWE Teff logg Gmag BP-RP BPmag RPmag RV e_RV b_rgeo B_rgeo FG e_FG FBP e_FBP FRP e_FRP RAVE5 RAVE6 e_Gmag e_BPmag e_RPmag e_BP-RP SkyCoord.ra SkyCoord.dec SkyCoord.distance SkyCoord.pm_ra_cosdec SkyCoord.pm_dec rmRA rmDE e_rmRA e_rmDE rRV e_rRV v_pec v_pec3d e_vpec e_vpec3d Pmemb
259.0673191143 -39.41293702035 0.0174 0.0094 1.3387 "" "" 5972257238962647808 2043.10217 0.464 0.0211 -0.86 -2.502 0.025 0.018 1.006 15005.5 3.4236 11.603399 1.549247 12.310393 10.761147 -35.87 9.35 1958.15515 2124.12793 430117.25401 272.79 162650.0 224.87 393280.0 515.82 "" "" 0.0028400628378193894 0.0031683226 0.0040387623 0.007207085 259.0673191143 -39.41293702035 2043.10217 -0.8600000000000001 -2.502 -0.1250908827781677 -0.019090797424316186 0.11362575 0.10662575 -51.62 10.093908 1.2254448195940935 51.63454381521996 0.13905272293182078 10.091065715372142 0.8
259.05120422541 -39.44918410976 0.0214 0.0116 1.5608 "" 7874-811-1 5972251157287201920 2528.22607 0.3649 0.0246 -0.743 -2.583 0.03 0.022 1.272 16233.7 3.3601 11.741923 1.321292 12.318996 10.997704 "" "" 2391.81909 2710.18091 378597.33454 183.49 161370.0 172.89 316280.0 301.54 "" "" 0.0028051179070324363 0.0030229436 0.0039185756 0.006941519 259.05120422541 -39.44918410976 2528.22607 -0.743 -2.583 -0.008090882778167718 -0.10009079742431659 0.11862575 0.11062575 "" "" 1.2033797531642278 "" 0.13318953160081318 "" 0.9
259.05831561228 -39.44780081046 0.02 0.0108 1.6041 "" 7874-928-1 5972251256012426624 2277.97021 0.4157 0.0228 -0.845 -2.501 0.028 0.02 1.143 8057.1 2.7839 11.857184 1.272223 12.40516 11.132936 "" "" 2172.67847 2388.58813 340465.49492 117.31 149060.0 81.885 279240.0 94.449 "" "" 0.0027806005210766604 0.0028532068 0.0037971816 0.0066503882 259.05831561228 -39.44780081046 2277.97021 -0.8450000000000003 -2.501 -0.1100908827781677 -0.018090797424316296 0.116625756 0.108625755 "" "" 1.2046575350399338 "" 0.14024918009445334 "" 1.0
259.05843888059 -39.40486363978 0.0139 0.008 1.3749 "" "" 5972251359091638656 2212.2085 0.4418 0.0167 -0.834 -2.48 0.022 0.015 1.041 "" "" 12.096506 1.649901 12.865474 11.215572 "" "" 2132.51367 2309.03711 273114.21444 81.58 97550.0 67.6 258780.0 94.902 "" "" 0.002774341004257472 0.0028898339 0.0038002983 0.0066901324 259.05843888059 -39.40486363978 2212.2085 -0.8340000000000001 -2.48 -0.09909088277816769 0.0029092025756836115 0.11062575 0.10362575 "" "" 1.0395016537813937 "" 0.11498958298227485 "" 1.0
259.10314965823 -39.36203259151 0.0125 0.0071 4.6717 "" "" 5972257406405588480 2109.02856 0.4657 0.0154 -0.79 -2.545 0.021 0.014 0.955 18054.6 3.3227 12.392909 1.778544 13.24098 11.462437 "" "" 2046.51526 2173.34448 207865.7528 208.74 69028.0 192.09 206150.0 594.08 "" "" 0.002963199135425797 0.004112629 0.0049064737 0.009019103 259.10314965823 -39.36203259151 2109.02856 -0.79 -2.545 -0.05509088277816776 -0.062090797424316335 0.10962575 0.10262575 "" "" 0.8298106439994576 "" 0.08776591266577208 "" 0.8
259.06704172071 -39.37360923053 0.0123 0.0073 3.2389 "" "" 5972258024882154880 2231.94556 0.4402 0.0154 -0.784 -2.381 0.02 0.014 0.936 7880.5 2.4125 12.430214 1.879425 13.342682 11.463257 "" "" 2162.39771 2303.32959 200845.15058 60.993 62856.0 64.026 205990.0 99.279 "" "" 0.0027749781095203208 0.0030013605 0.0038154358 0.006816796 259.06704172071 -39.37360923053 2231.94556 -0.7840000000000003 -2.381000000000001 -0.049090882778167755 0.10190920257568381 0.108625755 0.10262575 "" "" 1.1967098849902036 "" 0.12419733017491238 "" 0.8
259.10525529068 -39.44567112119 0.0148 0.0079 3.1913 "" "" 5972256895365201280 2389.62231 0.4032 0.0162 -0.92 -2.621 0.021 0.014 0.793 "" "" 12.558887 1.376519 13.167633 11.791114 "" "" 2300.75513 2498.5105 178398.90286 40.511 73852.0 78.086 152300.0 66.553 "" "" 0.0027663290363937757 0.003017103 0.003809046 0.0068261493 259.10525529068 -39.44567112119 2389.62231 -0.9199999999999999 -2.621 -0.18509088277816776 -0.1380907974243164 0.10962575 0.10262575 "" "" 2.6156765907810335 "" 0.28033565076224953 "" 0.9
259.04525681398 -39.44976553974 0.0148 0.0079 1.5463 "" "" 5972251157287207936 2186.38745 0.4449 0.0162 -0.751 -2.485 0.02 0.015 0.873 "" "" 12.670146 1.475321 13.330462 11.855142 "" "" 2115.87744 2270.19287 161023.17643 42.317 63567.0 47.565 143580.0 72.892 "" "" 0.002770054850520586 0.0029060408 0.003819365 0.006725406 259.04525681398 -39.44976553974 2186.38745 -0.7510000000000001 -2.4850000000000003 -0.016090882778167725 -0.002090797424316282 0.108625755 0.10362575 "" "" 0.16815932398319786 "" 0.01825278971155748 "" 1.0
259.02375958328 -39.34535706082 0.0132 0.0073 4.802 "" "" 5972258338474435200 2203.80469 0.4434 0.0165 -0.788 -2.507 0.022 0.014 0.882 "" "" 12.673835 1.748755 13.5098 11.761045 "" "" 2111.42432 2303.35425 160477.01474 394.15 53889.0 346.28 156580.0 1021.5 "" "" 0.0038344543230044484 0.007513969 0.00802837 0.0155423395 259.02375958328 -39.34535706082 2203.80469 -0.788 -2.5069999999999997 -0.05309088277816776 -0.024090797424316523 0.11062575 0.10262575 "" "" 0.6090143987874881 "" 0.06656603257417604 "" 0.9
259.02293520159 -39.42219532501 0.0161 0.0093 0.9052 "" "" 5972251981920972800 1836.23328 0.5291 0.0196 -0.79 -2.301 0.026 0.018 1.149 "" "" 12.733616 1.642418 13.499475 11.857057 -23.26 16.62 1772.49121 1916.98181 151879.99285 50.604 54404.0 58.606 143330.0 118.86 "" "" 0.002778966083246426 0.0030253928 0.0038851514 0.006910544 259.02293520159 -39.42219532501 1836.23328 -0.79 -2.300999999999999 -0.05509088277816776 0.18190920257568344 0.11462575 0.10662575 -39.010000000000005 17.363909 1.6543062650057965 39.04506152150919 0.17754145963857015 17.348318028162254 1.0
259.05895502543 -39.40896278598 0.0154 0.0086 1.1915 "" "" 5972251359091639296 2134.54541 0.4535 0.0182 -0.601 -2.478 0.024 0.016 0.958 "" "" 12.869546 1.631505 13.624962 11.993457 3.53 15.3 2039.40332 2231.08154 134007.22777 76.843 48465.0 97.307 126410.0 226.32 "" "" 0.00282478399780151 0.0035407755 0.0042499807 0.0077907564 259.05895502543 -39.40896278598 2134.54541 -0.601 -2.478 0.1339091172218323 0.004909202575683391 0.11262575 0.104625754 -12.22 16.04391 1.355768497819473 12.294978984108907 0.15268039973143277 15.946076719633652 0.9
258.99810105007 -39.37108067606 0.018 0.0101 3.7841 "" "" 5972255383535134848 2105.24756 0.4556 0.0214 -0.69 -2.43 0.033 0.021 1.061 "" "" 12.939569 1.881695 13.858011 11.976316 -37.17 30.24 2029.802 2188.66724 125637.47321 42.906 39103.0 57.074 128420.0 94.736 "" "" 0.0027801567466461488 0.0032087981 0.0038633214 0.0070721195 258.99810105007 -39.37108067606 2105.24756 -0.6899999999999996 -2.429999999999999 0.04490911722183233 0.052909202575683434 0.12162575 0.10962575 -52.92 30.983908 0.6925232138453868 52.924531064542414 0.07950415880306488 30.981255070296914 1.0
259.0338785399 -39.40059547995 0.0162 0.0092 1.4631 "" "" 5972252183726563840 2057.42017 0.4641 0.0195 -0.907 -2.457 0.025 0.017 0.962 "" "" 12.943889 1.709663 13.75444 12.044777 "" "" 1972.81409 2156.12451 125138.57701 101.69 43017.0 111.95 120570.0 254.86 "" "" 0.0028931341241275332 0.003971017 0.0044216346 0.008392652 259.0338785399 -39.40059547995 2057.42017 -0.9070000000000006 -2.456999999999999 -0.17209088277816775 0.025909202575683743 0.11362575 0.10562575 "" "" 1.6971737255288353 "" 0.19255207613922679 "" 0.8
259.09779971259 -39.40649968992 0.0173 0.0084 2.7804 "" "" 5972257200248353024 2188.94434 0.4188 0.0212 -0.72 -2.573 0.022 0.016 0.969 "" "" 13.033367 1.802324 13.899323 12.096999 "" "" 2101.20947 2286.13452 115239.09372 64.01 37643.0 73.555 114910.0 163.38 "" "" 0.0028205479030532173 0.0035051394 0.004082495 0.007587634 259.09779971259 -39.40649968992 2188.94434 -0.7200000000000003 -2.573 0.014909117221832302 -0.09009079742431636 0.11062575 0.104625754 "" "" 0.9474591728645674 "" 0.09928439080213045 "" 1.0
259.16477907809 -39.34797500526 0.0153 0.0092 7.2879 "" "" 5972257681284830208 2194.12256 0.4073 0.0196 -0.651 -2.527 0.024 0.017 1.28 "" "" 13.16882 1.611237 13.914988 12.303751 "" "" 2115.04468 2298.72559 101722.88499 49.615 37104.0 61.772 94986.0 116.38 "" "" 0.0028057490402211105 0.003324509 0.0040066657 0.007331175 259.16477907809 -39.34797500526 2194.12256 -0.6510000000000002 -2.527 0.08390911722183225 -0.04409079742431654 0.11262575 0.10562575 "" "" 0.9858071010641659 "" 0.10957104063930358 "" 0.8
259.04780710776 -39.4307972468 0.0154 0.0084 0.4761 "" "" 5972251324733034240 2163.07788 0.4164 0.0182 -0.785 -2.418 0.021 0.015 1.06 "" "" 13.262349 1.570523 13.982871 12.412348 "" "" 2087.18359 2246.54224 93326.98834 26.473 34855.0 30.15 85945.0 64.375 "" "" 0.0027724790487297316 0.0029439935 0.0038658883 0.006809882 259.04780710776 -39.4307972468 2163.07788 -0.785 -2.418 -0.050090882778167756 0.06490920257568344 0.10962575 0.10362575 "" "" 0.8406388925056817 "" 0.08902787592091148 "" 1.0
259.02560117835 -39.46740539485 0.0162 0.0093 2.7115 "" "" 5972250740617372160 2132.91895 0.4276 0.0178 -0.775 -2.457 0.023 0.017 0.997 "" "" 13.265211 1.61482 14.013277 12.398457 "" "" 2041.20251 2196.58936 93081.2677 27.592 33893.0 29.676 87051.0 79.188 "" "" 0.0027740535043118877 0.0029476737 0.003906304 0.0068539777 259.02560117835 -39.46740539485 2132.91895 -0.7750000000000001 -2.4569999999999985 -0.04009088277816775 0.025909202575683743 0.11162575 0.10562575 "" "" 0.4825957226936703 "" 0.05303347697273443 "" 1.0
259.08915885695 -39.41196268088 0.0172 0.0087 2.2903 "" "" 5972257200248338304 2268.95508 0.3963 0.0193 -0.772 -2.527 0.022 0.016 0.947 "" "" 13.315977 1.727974 14.132463 12.404489 "" "" 2192.44043 2383.94775 88829.20388 120.19 30369.0 119.31 86569.0 397.47 "" "" 0.0031224830156225945 0.0050970186 0.006255724 0.011352742 259.08915885695 -39.41196268088 2268.95508 -0.772 -2.527 -0.037090882778167744 -0.04409079742431654 0.11062575 0.104625754 "" "" 0.6196632667424101 "" 0.06639877327165622 "" 1.0
259.07918007517 -39.42438279911 0.0289 0.0155 1.709 "" "" 5972257165888569344 1952.70837 0.4753 0.0335 -0.595 -2.278 0.046 0.031 1.893 "" "" 13.338551 1.534944 14.034185 12.499242 "" "" 1836.34033 2070.94849 87001.41788 33.38 33246.0 32.201 79334.0 43.675 "" "" 0.002786631845005477 0.0029817661 0.0038263556 0.0068081217 259.07918007517 -39.42438279911 1952.70837 -0.595 -2.278 0.1399091172218323 0.20490920257568357 0.13462575 0.11962575 "" "" 2.296536210069801 "" 0.286128125893443 "" 1.0
259.10015308823 -39.45517530629 0.0172 0.0092 3.2652 "" "" 5972239264464793728 2197.72461 0.4195 0.0189 -0.772 -2.55 0.025 0.017 0.828 6695.7 2.6537 13.474084 1.498497 14.152074 12.653577 "" "" 2088.54712 2290.92969 76791.52199 18.977 29825.0 25.59 68822.0 36.125 "" "" 0.0027683533410518373 0.0029415754 0.0038221097 0.006763685 259.10015308823 -39.45517530629 2197.72461 -0.772 -2.55 -0.037090882778167744 -0.06709079742431623 0.11362575 0.10562575 "" "" 0.7985940763083985 "" 0.08589026090158398 "" 1.0
259.07582215669 -39.43918985234 0.0183 0.0098 1.7979 "" "" 5972251088567718144 2193.70435 0.4197 0.0205 -0.768 -2.567 0.027 0.02 1.01 "" "" 13.564855 1.586787 14.292755 12.705968 "" "" 2085.78735 2297.67188 70632.54397 51.899 26201.0 75.098 65580.0 101.66 "" "" 0.002868488883911323 0.0041796383 0.0041372045 0.008316843 259.07582215669 -39.43918985234 2193.70435 -0.7679999999999996 -2.5669999999999984 -0.03309088277816774 -0.08409079742431658 0.115625754 0.108625755 "" "" 0.9396546599686869 "" 0.10297707158237887 "" 0.8
258.97026699435 -39.39904340518 0.0151 0.0088 3.6623 "" "" 5972255241742073600 2171.16504 0.4216 0.0173 -0.75 -2.419 0.023 0.015 0.976 "" "" 13.571726 1.759209 14.400826 12.641618 "" "" 2091.0249 2250.24878 70186.94618 38.07 23718.0 60.689 69584.0 130.25 "" "" 0.0028175534513747 0.0039374083 0.004291161 0.008228569 258.97026699435 -39.39904340518 2171.16504 -0.75 -2.419 -0.015090882778167725 0.06390920257568355 0.11162575 0.10362575 "" "" 0.6757975987334964 "" 0.07032595618416063 "" 0.9
259.02503234141 -39.43147888696 0.0157 0.0091 0.9151 "" "" 5972251977568055040 2288.90747 0.3901 0.0186 -0.743 -2.377 0.025 0.017 1.049 15027.5 3.4696 13.578609 1.77608 14.390425 12.614345 "" "" 2212.17407 2392.13745 69743.37714 19.426 23947.0 32.422 71354.0 347.87 "" "" 0.0027718666672558617 0.003153713 0.0065040216 0.009657735 259.02503234141 -39.43147888696 2288.90747 -0.7429999999999995 -2.377 -0.008090882778167718 0.10590920257568381 0.11362575 0.10562575 "" "" 1.1524017006607639 "" 0.12177879771800215 "" 0.9
259.08234754938 -39.42757734175 0.0187 0.0099 1.8674 "" "" 5972256964084698496 2076.97021 0.4411 0.0212 -0.767 -2.387 0.03 0.019 0.982 "" "" 13.78869 1.569721 14.452138 12.882417 129.5 7.14 2010.0144 2169.85547 57473.93333 19.41 22624.0 95.814 55743.0 183.87 "" "" 0.0027796112105450423 0.005378485 0.0052066958 0.010585181 259.08234754938 -39.42757734175 2076.97021 -0.7670000000000001 -2.3870000000000005 -0.03209088277816774 0.09590920257568358 0.11862575 0.10762575 113.75 7.883908 0.9956632067921382 113.75435747795053 0.1083118609516169 7.883605850737 1.0
259.0356964995 -39.43937760983 0.0175 0.0097 0.9668 "" "" 5972251221653793920 2018.87317 0.4509 0.0219 -0.613 -2.219 0.026 0.02 0.956 "" "" 13.840603 1.621671 14.591015 12.969344 "" "" 1928.89221 2117.27686 54790.54377 12.601 19907.0 23.365 51454.0 29.826 "" "" 0.002766611822236663 0.0030674066 0.0038314257 0.0068988325 259.0356964995 -39.43937760983 2018.87317 -0.613 -2.219 0.12190911722183229 0.26390920257568373 0.11462575 0.108625755 "" "" 2.7818978075200667 "" 0.30518724029327887 "" 0.8
259.03855912088 -39.4525511765 0.0174 0.01 1.7162 "" "" 5972251157287209600 2105.26782 0.4326 0.0218 -0.71 -2.547 0.028 0.02 1.019 "" "" 13.877152 1.618424 14.616403 12.997979 "" "" 2004.3783 2226.13501 52976.8508 33.091 19447.0 53.693 50115.0 130.92 "" "" 0.0028375559864205467 0.004095278 0.0047253263 0.0088206045 259.03855912088 -39.4525511765 2105.26782 -0.7099999999999996 -2.5469999999999997 0.02490911722183231 -0.06409079742431656 0.116625756 0.108625755 "" "" 0.6861653210000085 "" 0.07527840667855351 "" 1.0
259.02466271273 -39.40939462818 0.0174 0.0098 1.2029 "" "" 5972252153719677440 2107.58765 0.4331 0.0212 -0.792 -2.512 0.027 0.019 1.031 "" "" 13.89597 1.668789 14.676671 13.007882 "" "" 2000.50049 2210.02808 52066.52783 16.627 18397.0 19.267 49660.0 36.142 "" "" 0.0027770496134519253 0.0030129722 0.0038611037 0.006874076 259.02466271273 -39.40939462818 2107.58765 -0.792 -2.5120000000000005 -0.05709088277816776 -0.029090797424316417 0.115625754 0.10762575 "" "" 0.6401099809783218 "" 0.07298706165052912 "" 1.0
259.03280391881 -39.40899403749 0.0174 0.0101 1.0075 "" "" 5972252085000193664 2347.30762 0.3847 0.0205 -0.674 -2.421 0.027 0.019 0.927 "" "" 13.931286 1.73596 14.757507 13.021547 "" "" 2259.87744 2449.05981 50400.23706 15.117 17077.0 16.575 49039.0 34.653 "" "" 0.0027744982192926624 0.0029825466 0.0038564703 0.006839017 259.03280391881 -39.40899403749 2347.30762 -0.674 -2.421 0.06090911722183223 0.061909202575683775 0.115625754 0.10762575 "" "" 0.9662976019136507 "" 0.10787000746648168 "" 1.0
259.10626197423 -39.40008625869 0.0182 0.0098 3.296 "" "" 5972257101523668608 2106.75464 0.4362 0.0225 -0.778 -2.525 0.027 0.019 0.988 "" "" 13.937696 1.654187 14.710786 13.056599 "" "" 2001.43921 2221.2959 50103.53811 23.265 17828.0 42.494 47481.0 53.112 "" "" 0.0028010633106081667 0.0038055656 0.003969727 0.0077752927 259.10626197423 -39.40008625869 2106.75464 -0.778 -2.5250000000000004 -0.04309088277816775 -0.04209079742431632 0.115625754 0.10762575 "" "" 0.6015246584074642 "" 0.06724516988067963 "" 0.8
259.02320046794 -39.48498712728 0.0197 0.0111 3.7592 "" "" 5972250744970321024 2203.19946 0.4105 0.0221 -0.808 -2.489 0.031 0.021 0.919 6220.5 2.6335 13.993841 1.501121 14.658249 13.157128 "" "" 2117.78687 2313.75757 47578.44001 84.678 18712.0 67.984 43282.0 277.09 "" "" 0.003365374717311308 0.004831716 0.007911891 0.012743607 259.02320046794 -39.48498712728 2203.19946 -0.808 -2.489 -0.07309088277816778 -0.0060907974243162855 0.11962575 0.10962575 "" "" 0.7659458485562805 "" 0.09157621630907782 "" 0.9
