Clusters/NGC_6318/NGC_6318_members.tsv
# %ECSV 1.0
# ---
# datatype:
# - name: RA_ICRS_1
#   unit: deg
#   datatype: float64
#   format: '{:15.11f}'
#   description: Right ascension (ICRS) at Ep=2016.0 (ra)
#   meta: !!omap
#   - {ucd: POS_EQ_RA_MAIN}
#   - {width: 15}
#   - {precision: '11'}
# - name: DE_ICRS_1
#   unit: deg
#   datatype: float64
#   format: '{:15.11f}'
#   description: Declination (ICRS) at Ep=2016.0 (dec)
#   meta: !!omap
#   - {ucd: POS_EQ_DEC_MAIN}
#   - {width: 15}
#   - {precision: '11'}
# - name: e_RA_ICRS
#   unit: mas
#   datatype: float64
#   format: '{:7.4f}'
#   description: Standard error of right ascension (ra_error)
#   meta: !!omap
#   - {ucd: ERROR}
#   - {width: 7}
#   - {precision: '4'}
# - name: e_DE_ICRS
#   unit: mas
#   datatype: float64
#   format: '{:7.4f}'
#   description: Standard error of declination (dec_error)
#   meta: !!omap
#   - {ucd: ERROR}
#   - {width: 7}
#   - {precision: '4'}
# - name: _r_1
#   unit: ''
#   datatype: float64
#   format: '{:7.4f}'
#   description: Distance from center (259.04230927000-39.42409505000)[ICRS], at Epoch=J2016.0
#   meta: !!omap
#   - {ucd: POS_ANG_DIST_GENERAL}
#   - {width: 7}
#   - {precision: '4'}
# - name: HIP
#   datatype: int32
#   description: '? HIP cross-id number, van Leeuwen, Cat. I/311 (hip_original_ext_source_id)'
#   meta: !!omap
#   - {ucd: ID_NUMBER}
#   - {width: 6}
#   - values: {'null': -2147483648}
# - name: TYC2
#   datatype: string
#   description: Tycho-2 cross-id name, Hog et al., Cat. I/259 (tyc2_original_ext_source_id)
#   meta: !!omap
#   - {ucd: ID_CROSSID}
#   - {_votable_string_dtype: char}
# - name: Source
#   datatype: int64
#   description: Source identifier, identical to the Gaia-EDR3 source_id (id)
#   meta: !!omap
#   - {ucd: ID_MAIN}
#   - {width: 19}
# - name: rgeo
#   unit: pc
#   datatype: float64
#   format: '{:15.8f}'
#   description: '? Median of the geometric distance posterior (r_med_geo)'
#   meta: !!omap
#   - {ucd: PHYS_DISTANCE_TRUE}
#   - {width: 15}
#   - {precision: '8'}
#   - values: {'null': .nan}
# - name: Plx
#   unit: mas
#   datatype: float64
#   format: '{:9.4f}'
#   description: '? Parallax (parallax)'
#   meta: !!omap
#   - {ucd: POS_PARLX_TRIG}
#   - {width: 9}
#   - {precision: '4'}
#   - values: {'null': .nan}
# - name: e_Plx
#   unit: mas
#   datatype: float32
#   format: '{:7.4f}'
#   description: '? Standard error of parallax (parallax_error)'
#   meta: !!omap
#   - {ucd: ERROR}
#   - {width: 7}
#   - {precision: '4'}
#   - values: {'null': .nan}
# - name: pmRA
#   unit: mas / yr
#   datatype: float64
#   format: '{:9.3f}'
#   description: '? Proper motion in right ascension direction, pmRA*cosDE (pmra)'
#   meta: !!omap
#   - {ucd: POS_EQ_PMRA}
#   - {width: 9}
#   - {precision: '3'}
#   - values: {'null': .nan}
# - name: pmDE
#   unit: mas / yr
#   datatype: float64
#   format: '{:9.3f}'
#   description: '? Proper motion in declination direction (pmdec)'
#   meta: !!omap
#   - {ucd: POS_EQ_PMDEC}
#   - {width: 9}
#   - {precision: '3'}
#   - values: {'null': .nan}
# - name: e_pmRA
#   unit: mas / yr
#   datatype: float32
#   format: '{:6.3f}'
#   description: '? Standard error of proper motion in right ascension direction (pmra_error)'
#   meta: !!omap
#   - {ucd: ERROR}
#   - {width: 6}
#   - {precision: '3'}
#   - values: {'null': .nan}
# - name: e_pmDE
[...]
#       distance: !astropy.table.SerializedColumn
#         __class__: astropy.coordinates.distances.Distance
#         unit: !astropy.units.Unit {unit: pc}
#         value: !astropy.table.SerializedColumn {name: SkyCoord.distance}
#       frame: icrs
#       obstime: !astropy.time.Time {format: jyear_str, in_subfmt: '*', jd1: 367701545.0, jd2: 0.0, out_subfmt: '*', precision: 3, scale: tt}
#       pm_dec: !astropy.table.SerializedColumn
#         __class__: astropy.units.quantity.Quantity
#         unit: !astropy.units.Unit {unit: mas / yr}
#         value: !astropy.table.SerializedColumn {name: SkyCoord.pm_dec}
#       pm_ra_cosdec: !astropy.table.SerializedColumn
#         __class__: astropy.units.quantity.Quantity
#         unit: !astropy.units.Unit {unit: mas / yr}
#         value: !astropy.table.SerializedColumn {name: SkyCoord.pm_ra_cosdec}
#       ra: !astropy.table.SerializedColumn
#         __class__: astropy.coordinates.angles.Longitude
#         unit: *id001
#         value: !astropy.table.SerializedColumn {name: SkyCoord.ra}
#         wrap_angle: !astropy.coordinates.Angle
#           unit: *id001
#           value: 360.0
#       representation_type: spherical
# schema: astropy-2.0
RA_ICRS_1 DE_ICRS_1 e_RA_ICRS e_DE_ICRS _r_1 HIP TYC2 Source rgeo Plx e_Plx pmRA pmDE e_pmRA e_pmDE RUWE Teff logg Gmag BP-RP BPmag RPmag RV e_RV b_rgeo B_rgeo FG e_FG FBP e_FBP FRP e_FRP RAVE5 RAVE6 e_Gmag e_BPmag e_RPmag e_BP-RP SkyCoord.ra SkyCoord.dec SkyCoord.distance SkyCoord.pm_ra_cosdec SkyCoord.pm_dec rmRA rmDE e_rmRA e_rmDE rRV e_rRV v_pec v_pec3d e_vpec e_vpec3d Pmemb
[from data line 31]
259.05397820989 -39.42705297686 0.0193 0.0107 0.5692 "" "" 5972251329085919104 2286.99829 0.3996 0.0238 -0.646 -2.434 0.029 0.022 0.955 8607.1 2.8898 14.121553 1.805086 14.989129 13.184043 "" "" 2163.11035 2411.24854 42298.52748 12.003 13796.0 15.369 42222.0 26.923 "" "" 0.002772492339700943 0.0030410544 0.00384227 0.006883324 259.05397820989 -39.42705297686 2286.99829 -0.646 -2.434 0.08890911722183226 0.04890920257568343 0.11762575 0.11062575 "" "" 1.1000142175176524 "" 0.12764259544398746 "" 1.0
258.97685732224 -39.41998152409 0.0188 0.011 3.0437 "" "" 5972251844482052736 2043.3916 0.4485 0.0216 -0.758 -2.417 0.029 0.019 1.017 "" "" 14.240625 1.657298 15.015127 13.357829 "" "" 1965.12585 2125.04712 37905.01878 15.145 13470.0 18.306 35977.0 46.434 "" "" 0.002789261224267704 0.0031563046 0.0040308074 0.0071871122 258.97685732224 -39.41998152409 2043.3916 -0.7580000000000007 -2.4170000000000003 -0.02309088277816773 0.06590920257568378 0.11762575 0.10762575 "" "" 0.6764189339857575 "" 0.0735698591875417 "" 0.9
259.0866133484 -39.37243484423 0.0199 0.0113 3.7185 "" "" 5972257372047128576 2140.0437 0.4301 0.0245 -0.767 -2.364 0.033 0.022 0.984 "" "" 14.361465 1.762848 15.182702 13.419854 "" "" 2022.56775 2232.35205 33912.58344 8.7718 11543.0 18.746 33979.0 50.858 "" "" 0.0027695952820756976 0.0033006219 0.0041139508 0.007414573 259.0866133484 -39.37243484423 2140.0437 -0.7669999999999997 -2.364 -0.03209088277816774 0.11890920257568371 0.12162575 0.11062575 "" "" 1.249345780800492 "" 0.13918574192568697 "" 0.9
259.03070305928 -39.45315467323 0.0208 0.0122 1.8246 "" "" 5972251191646954368 2066.30322 0.4528 0.025 -0.713 -2.639 0.03 0.023 0.936 "" "" 14.385613 1.68565 15.178441 13.492791 "" "" 1968.68835 2180.54321 33166.64156 10.586 11589.0 14.761 31772.0 24.487 "" "" 0.002777027209623216 0.0031140794 0.0038709096 0.006984989 259.03070305928 -39.45315467323 2066.30322 -0.7129999999999999 -2.639000000000001 0.021909117221832308 -0.1560907974243162 0.11862575 0.11162575 "" "" 1.543782745474313 "" 0.17254111249900606 "" 0.8
259.16268181576 -39.41990231467 0.0237 0.0129 5.5849 "" "" 5972245625368117120 2393.92871 0.3769 0.0277 -0.67 -2.409 0.036 0.023 0.964 8291.1 2.7009 14.417338 1.695417 15.215728 13.52031 "" "" 2273.4502 2536.5249 32211.53592 8.3902 11198.0 12.72 30977.0 13.273 "" "" 0.0027697955448355467 0.003050589 0.0038079065 0.0068584955 259.16268181576 -39.41990231467 2393.92871 -0.6700000000000002 -2.4089999999999994 0.06490911722183224 0.07390920257568379 0.12462575 0.11162575 "" "" 1.116174720318612 "" 0.13110970158641097 "" 0.9
258.99503516547 -39.4116104226 0.0219 0.0132 2.3158 "" "" 5972252218086271104 2226.00488 0.4055 0.0241 -0.747 -2.599 0.033 0.024 1.042 "" "" 14.437622 2.14366 15.537057 13.393397 "" "" 2107.16406 2392.9248 31615.33478 9.805 8329.0 10.454 34818.0 17.494 "" "" 0.0027758192454194574 0.0031051757 0.0038185492 0.006923725 258.99503516547 -39.4116104226 2226.00488 -0.7469999999999997 -2.599 -0.012090882778167722 -0.1160907974243166 0.12162575 0.11262575 "" "" 1.231530066928189 "" 0.13882563053463498 "" 0.9
259.09272087632 -39.41862997922 0.024 0.0129 2.3595 "" "" 5972256964084701952 2316.51392 0.397 0.0268 -0.774 -2.461 0.035 0.024 0.998 9270.4 3.4268 14.496995 1.756013 15.332149 13.576137 21.64 9.83 2175.62671 2474.33643 29932.89667 16.898 10059.0 21.964 29424.0 62.81 "" "" 0.002822671186242378 0.0036613354 0.0044334317 0.008094767 259.09272087632 -39.41862997922 2316.51392 -0.7740000000000004 -2.461000000000001 -0.039090882778167746 0.02190920257568374 0.123625755 0.11262575 5.890000000000001 10.573908 0.4920475060857925 5.910516961167208 0.05958068515170564 10.537204200311036 0.9
259.03627017786 -39.42345145756 0.0213 0.0123 0.2826 "" "" 5972252080647297792 2383.96191 0.3847 0.0253 -0.683 -2.641 0.034 0.024 0.902 "" "" 14.51163 1.455076 15.154886 13.69981 "" "" 2245.28076 2532.95605 29532.12557 7.0325 11843.0 26.428 26256.0 35.083 "" "" 0.002767424055311271 0.0036953022 0.004048259 0.007743561 259.03627017786 -39.42345145756 2383.96191 -0.683 -2.641 0.051909117221832224 -0.15809079742431642 0.12262575 0.11262575 "" "" 1.880258745211476 "" 0.2136681293806406 "" 0.8
259.0314766355 -39.37370448489 0.0219 0.0124 3.0649 "" "" 5972258269754910848 2339.45605 0.3891 0.026 -0.7 -2.527 0.034 0.023 1.041 "" "" 14.524144 1.880687 15.443592 13.562905 "" "" 2189.5957 2474.35352 29193.69597 8.5162 9077.8 12.322 29785.0 20.184 "" "" 0.002773464178037045 0.003155471 0.0038503332 0.007005804 259.0314766355 -39.37370448489 2339.45605 -0.7 -2.527 0.03490911722183232 -0.04409079742431654 0.12262575 0.11162575 "" "" 0.6236177204429888 "" 0.07233213319246197 "" 1.0
259.08179785871 -39.42113265762 0.0224 0.0126 1.8389 "" "" 5972257165888577536 2101.87109 0.4399 0.0272 -0.718 -2.355 0.032 0.024 1.002 "" "" 14.525934 1.685808 15.318781 13.632973 "" "" 1961.60486 2255.28101 29145.60489 10.658 10184.0 13.928 27923.0 24.293 "" "" 0.0027837788821871434 0.003160688 0.0038956357 0.007056324 259.08179785871 -39.42113265762 2101.87109 -0.718 -2.355 0.016909117221832304 0.1279092025756836 0.12062575 0.11262575 "" "" 1.285429506242604 "" 0.14495524227781986 "" 0.8
259.03099240076 -39.41798761702 0.0215 0.0125 0.6399 "" "" 5972252085000186496 2274.19824 0.4018 0.0254 -0.796 -2.584 0.034 0.024 0.967 6996.8 2.7612 14.539709 1.628055 15.286952 13.658897 "" "" 2171.6604 2397.65112 28778.16578 7.6246 10487.0 12.185 27265.0 22.162 "" "" 0.0027702955111249335 0.0030621095 0.003881054 0.0069431635 259.03099240076 -39.41798761702 2274.19824 -0.796 -2.5840000000000005 -0.061090882778167765 -0.10109079742431648 0.12262575 0.11262575 "" "" 1.273257552220174 "" 0.14691577825194105 "" 1.0
259.04841322683 -39.46222929745 0.0235 0.0134 2.3055 "" "" 5972250951128758400 2315.05298 0.391 0.0265 -0.697 -2.482 0.035 0.025 1.024 "" "" 14.557276 1.492675 15.221709 13.729034 "" "" 2178.56396 2428.03247 28316.28693 7.923 11136.0 16.473 25559.0 14.647 "" "" 0.002772017232726284 0.003219402 0.0038302557 0.0070496574 259.04841322683 -39.46222929745 2315.05298 -0.6970000000000004 -2.482 0.03790911722183232 0.0009092025756833877 0.123625755 0.11362575 "" "" 0.41610967981917313 "" 0.051439577987504155 "" 0.9
259.03539650415 -39.43178854608 0.0226 0.0127 0.5619 "" "" 5972251226006710016 2232.198 0.4038 0.0292 -0.699 -2.412 0.033 0.026 1.0 "" "" 14.564155 1.66265 15.343626 13.680976 "" "" 2094.28052 2396.29858 28137.45267 7.4151 9953.3 11.51 26716.0 18.44 "" "" 0.002770136674887724 0.0030596475 0.0038529634 0.006912611 259.03539650415 -39.43178854608 2232.198 -0.6990000000000001 -2.412 0.03590911722183232 0.07090920257568367 0.12162575 0.11462575 "" "" 0.8409814597032599 "" 0.09762852209570323 "" 0.8
259.05344290572 -39.42228641548 0.0242 0.013 0.5273 "" "" 5972251324733051520 2226.04785 0.415 0.031 -0.836 -2.554 0.039 0.029 1.024 "" "" 14.599603 1.647257 15.365965 13.718708 "" "" 2092.30957 2404.78589 27233.64026 7.579 9750.6 13.029 25803.0 31.595 "" "" 0.0027718382616368368 0.003144811 0.004006391 0.007151202 259.05344290572 -39.42228641548 2226.04785 -0.8360000000000001 -2.5540000000000003 -0.10109088277816769 -0.07109079742431623 0.12762575 0.11762575 "" "" 1.3040037015419927 "" 0.16222559879840262 "" 0.8
259.04829833079 -39.43646119626 0.0248 0.0128 0.7922 "" "" 5972251329085911936 2180.13672 0.4224 0.0295 -0.704 -2.307 0.033 0.024 0.961 "" "" 14.625998 1.547369 15.334256 13.786887 "" "" 2066.45972 2327.44629 26579.5326 16.505 10040.0 25.271 24233.0 43.529 "" "" 0.0028366076281349916 0.0039055631 0.0042529167 0.00815848 259.04829833079 -39.43646119626 2180.13672 -0.7039999999999996 -2.307 0.030909117221832316 0.17590920257568365 0.12162575 0.11262575 "" "" 1.8456675309526267 "" 0.2083864138329925 "" 0.9
259.0566209094 -39.47736068136 0.025 0.0138 3.264 "" "" 5972250848049518848 2128.67651 0.4418 0.0271 -0.675 -2.561 0.035 0.025 0.975 "" "" 14.630582 1.473322 15.291889 13.818567 "" "" 1991.48914 2296.89868 26467.56647 7.2481 10439.0 11.24 23536.0 23.66 "" "" 0.00277131607569158 0.0030251807 0.0039338283 0.006959009 259.0566209094 -39.47736068136 2128.67651 -0.675 -2.561 0.05990911722183223 -0.07809079742431635 0.123625755 0.11362575 "" "" 0.9930904898862876 "" 0.11661868115508167 "" 1.0
259.04064687729 -39.51898768864 0.025 0.0137 5.6941 "" "" 5972238684699082240 2284.50586 0.4011 0.0278 -0.661 -2.432 0.035 0.023 1.022 6599.5 2.8911 14.63859 1.479927 15.304907 13.82498 "" "" 2152.57495 2440.0542 26273.06789 6.2961 10315.0 10.567 23397.0 16.301 "" "" 0.0027675777386471975 0.0030036932 0.0038543404 0.0068580336 259.04064687729 -39.51898768864 2284.50586 -0.661 -2.4319999999999995 0.07390911722183224 0.050909202575683654 0.123625755 0.11162575 "" "" 0.971817333005117 "" 0.11651650091536346 "" 0.9
259.05492475252 -39.41086118873 0.0322 0.0177 0.9861 "" "" 5972251363445671040 2152.66602 0.4276 0.0382 -0.557 -2.396 0.05 0.033 1.549 6999.9 2.5597 14.664939 1.732776 15.483216 13.750441 "" "" 1986.52466 2346.41455 25643.14129 11.611 8752.5 10.004 25060.0 19.995 "" "" 0.0027988340453565224 0.0030537006 0.0038773948 0.0069310954 259.05492475252 -39.41086118873 2152.66602 -0.5569999999999999 -2.396 0.17790911722183222 0.08690920257568369 0.13862576 0.12162575 "" "" 2.020342362126876 "" 0.27378970483171144 "" 0.8
259.04881110846 -39.39869875697 0.0225 0.013 1.5533 "" "" 5972252119359931776 2352.16553 0.381 0.0273 -0.733 -2.49 0.036 0.026 0.987 "" "" 14.682984 1.674288 15.468407 13.794119 -40.08 6.89 2215.02515 2529.23022 25220.45666 6.7525 8872.7 11.292 24072.0 15.269 "" "" 0.0027706122711440412 0.003113578 0.0038416167 0.0069551948 259.04881110846 -39.39869875697 2352.16553 -0.733 -2.4900000000000015 0.0019091172218322905 -0.007090797424316619 0.12462575 0.11462575 -55.83 7.633908 0.08187245691678412 55.83006003130573 0.009442266688514826 7.633899586600989 0.8
259.03603182159 -39.45567567101 0.0244 0.0141 1.917 "" "" 5972251122927470208 2186.33691 0.4141 0.029 -0.688 -2.459 0.038 0.027 1.023 "" "" 14.824331 1.575314 15.54815 13.972836 "" "" 2067.34326 2308.84546 22141.86374 6.7452 8244.4 9.7458 20418.0 14.359 "" "" 0.0027751013579523343 0.0030712083 0.0038557397 0.006926948 259.03603182159 -39.45567567101 2186.33691 -0.688 -2.4589999999999996 0.04690911722183233 0.02390920257568352 0.12662575 0.115625754 "" "" 0.5456335532719528 "" 0.06789700238944116 "" 1.0
259.02700171614 -39.41648900174 0.0244 0.014 0.8436 "" "" 5972252080647309056 2268.50269 0.4047 0.0286 -0.74 -2.429 0.038 0.026 1.022 "" "" 14.852009 1.6322 15.60599 13.97379 "" "" 2115.24878 2473.63745 21584.55519 5.4465 7816.6 11.012 20401.0 14.584 "" "" 0.0027689072700633126 0.0031819283 0.0038582569 0.007040185 259.02700171614 -39.41648900174 2268.50269 -0.74 -2.4289999999999994 -0.005090882778167716 0.05390920257568377 0.12662575 0.11462575 "" "" 0.5822485985569771 "" 0.06680564263378111 "" 1.0
259.00890315636 -39.3641505827 0.0249 0.014 3.916 "" "" 5972252462957372928 2563.42017 0.3583 0.0296 -0.735 -2.378 0.043 0.027 1.008 7795.9 2.533 14.871007 1.803454 15.737723 13.934269 "" "" 2364.78369 2775.02783 21210.15366 7.9755 6923.5 13.52 21157.0 18.198 "" "" 0.002785402453567922 0.003504321 0.003893054 0.007397375 259.00890315636 -39.3641505827 2563.42017 -0.7349999999999997 -2.378 -9.088277816771129e-05 0.10490920257568348 0.13162576 0.115625754 "" "" 1.2747114526903585 "" 0.1473894892133981 "" 0.9
258.96678228487 -39.43625301823 0.0247 0.0142 3.5754 "" "" 5972251810122308992 2329.49146 0.3947 0.0303 -0.567 -2.567 0.04 0.025 0.893 "" "" 14.908859 1.605844 15.654653 14.048808 "" "" 2158.59888 2504.62256 20483.44436 8.2491 7474.1 12.659 19039.0 20.317 "" "" 0.0027897984225507683 0.003341662 0.003952989 0.007294651 258.96678228487 -39.43625301823 2329.49146 -0.567 -2.567 0.16790911722183233 -0.08409079742431658 0.12862575 0.11362575 "" "" 2.073527357130693 "" 0.2607698037001736 "" 1.0
258.92534507722 -39.35717232333 0.0231 0.0139 6.7483 "" "" 5972255211736490752 2187.12256 0.4117 0.0273 -0.697 -2.454 0.036 0.025 0.991 "" "" 14.94829 1.955996 15.915915 13.959918 "" "" 2074.51001 2310.78223 19752.89488 6.7176 5875.6 9.6706 20663.0 14.666 "" "" 0.002779950882842723 0.0033133714 0.0038571479 0.0071705193 258.92534507722 -39.35717232333 2187.12256 -0.6970000000000001 -2.4539999999999997 0.03790911722183232 0.028909202575683413 0.12462575 0.11362575 "" "" 0.49423807120103136 "" 0.05965333018915901 "" 0.9
259.02559842458 -39.36429205615 0.0257 0.0145 3.6709 "" "" 5972258338474737152 2021.52917 0.4564 0.0311 -0.862 -2.606 0.042 0.029 1.015 "" "" 14.951016 1.942152 15.907754 13.965602 "" "" 1892.09912 2157.68506 19703.35965 5.8562 5919.9 11.811 20555.0 12.943 "" "" 0.0027741530522553655 0.0035323405 0.003840719 0.007373059 259.02559842458 -39.36429205615 2021.52917 -0.8620000000000008 -2.606 -0.1270908827781677 -0.12309079742431628 0.13062575 0.11762575 "" "" 1.6953304614524496 "" 0.21107401588846383 "" 0.9
259.03714026894 -39.43689946272 0.0297 0.0165 0.8047 "" "" 5972251226006705280 2145.46558 0.4357 0.0369 -0.825 -2.614 0.042 0.033 1.095 7811.1 2.5857 14.991577 1.700853 15.793492 14.092639 "" "" 1935.34814 2343.49194 18980.85409 5.241 6576.9 8.5155 18285.0 12.01 "" "" 0.0027715818152809907 0.0031242964 0.0038460747 0.006970371 259.03714026894 -39.43689946272 2145.46558 -0.8250000000000003 -2.614 -0.09009088277816768 -0.13109079742431629 0.13062575 0.12162575 "" "" 1.6175963072916175 "" 0.2015261575786509 "" 0.8
259.05173426051 -39.41504049972 0.0268 0.0153 0.6971 "" "" 5972251363445668224 2099.74438 0.432 0.0324 -0.716 -2.533 0.044 0.03 1.012 8597.0 3.4992 15.050279 1.652193 15.803723 14.15153 "" "" 1979.98975 2232.88354 17981.8904 6.7516 6515.2 17.722 17320.0 33.957 "" "" 0.002785314020213958 0.004062893 0.0043376153 0.008400508 259.05173426051 -39.41504049972 2099.74438 -0.716 -2.533 0.018909117221832306 -0.050090797424316325 0.13262576 0.11862575 "" "" 0.53288261526104 "" 0.06419147377691324 "" 1.0
259.00199678974 -39.47543877174 0.0315 0.0176 3.6026 "" "" 5972250779330090240 2410.64868 0.3721 0.0372 -0.642 -2.469 0.043 0.03 1.082 "" "" 15.059854 1.581801 15.66945 14.087648 "" "" 2189.74731 2628.62085 17823.99933 9.5703 7372.9 80.35 18370.0 153.81 "" "" 0.00281631692912305 0.012156894 0.009845073 0.022001967 259.00199678974 -39.47543877174 2410.64868 -0.6420000000000001 -2.469000000000001 0.09290911722183226 0.013909202575683732 0.13162576 0.11862575 "" "" 1.0734545111841405 "" 0.14100316219137118 "" 0.8
259.02577624119 -39.36141019319 0.0293 0.0165 3.8384 "" "" 5972258338474737536 2167.76416 0.4351 0.0355 -0.723 -2.479 0.047 0.031 1.006 "" "" 15.197778 1.864524 16.105288 14.240764 "" "" 1993.64355 2380.98438 15697.68196 6.0465 4935.2 9.0574 15953.0 16.692 "" "" 0.0027868777760346863 0.0034286377 0.003946428 0.007375066 259.02577624119 -39.36141019319 2167.76416 -0.7229999999999999 -2.479 0.0119091172218323 0.003909202575683501 0.13562575 0.11962575 "" "" 0.12879257301148084 "" 0.017277942061229682 "" 0.8
259.03614328655 -39.41697033161 0.0278 0.0168 0.5142 "" "" 5972252080647307392 2196.52124 0.4224 0.034 -0.644 -2.696 0.045 0.034 1.005 "" "" 15.20821 1.552145 15.907807 14.355662 "" "" 2044.802 2363.54272 15547.58222 13.181 5919.6 19.291 14351.0 52.244 "" "" 0.002905005158406985 0.0045060134 0.00546868 0.009974694 259.03614328655 -39.41697033161 2196.52124 -0.6439999999999999 -2.6960000000000006 0.09090911722183226 -0.21309079742431658 0.13362575 0.12262575 "" "" 2.412060893616907 "" 0.300019172083077 "" 1.0
