Clusters/NGC_6318/NGC_6318_stars_in_region.tsv
# %ECSV 1.0
# ---
# datatype:
# - name: RA_ICRS_1
#   unit: deg
#   datatype: float64
#   format: '{:15.11f}'
#   description: Right ascension (ICRS) at Ep=2016.0 (ra)
#   meta: !!omap
#   - {ucd: POS_EQ_RA_MAIN}
#   - {width: 15}
#   - {precision: '11'}
# - name: DE_ICRS_1
#   unit: deg
#   datatype: float64
#   format: '{:15.11f}'
#   description: Declination (ICRS) at Ep=2016.0 (dec)
#   meta: !!omap
#   - {ucd: POS_EQ_DEC_MAIN}
#   - {width: 15}
#   - {precision: '11'}
# - name: e_RA_ICRS
#   unit: mas
#   datatype: float64
#   format: '{:7.4f}'
#   description: Standard error of right ascension (ra_error)
#   meta: !!omap
#   - {ucd: ERROR}
#   - {width: 7}
#   - {precision: '4'}
# - name: e_DE_ICRS
#   unit: mas
#   datatype: float64
#   format: '{:7.4f}'
#   description: Standard error of declination (dec_error)
#   meta: !!omap
#   - {ucd: ERROR}
#   - {width: 7}
#   - {precision: '4'}
# - name: _r_1
#   unit: ''
#   datatype: float64
#   format: '{:7.4f}'
#   description: Distance from center (259.04230927000-39.42409505000)[ICRS], at Epoch=J2016.0
#   meta: !!omap
#   - {ucd: POS_ANG_DIST_GENERAL}
#   - {width: 7}
#   - {precision: '4'}
# - name: HIP
#   datatype: int32
#   description: '? HIP cross-id number, van Leeuwen, Cat. I/311 (hip_original_ext_source_id)'
#   meta: !!omap
#   - {ucd: ID_NUMBER}
#   - {width: 6}
#   - values: {'null': -2147483648}
# - name: TYC2
#   datatype: string
#   description: Tycho-2 cross-id name, Hog et al., Cat. I/259 (tyc2_original_ext_source_id)
#   meta: !!omap
#   - {ucd: ID_CROSSID}
#   - {_votable_string_dtype: char}
# - name: Source
#   datatype: int64
#   description: Source identifier, identical to the Gaia-EDR3 source_id (id)
#   meta: !!omap
#   - {ucd: ID_MAIN}
#   - {width: 19}
# - name: rgeo
#   unit: pc
#   datatype: float64
#   format: '{:15.8f}'
#   description: '? Median of the geometric distance posterior (r_med_geo)'
#   meta: !!omap
#   - {ucd: PHYS_DISTANCE_TRUE}
#   - {width: 15}
#   - {precision: '8'}
#   - values: {'null': .nan}
# - name: Plx
#   unit: mas
#   datatype: float64
#   format: '{:9.4f}'
#   description: '? Parallax (parallax)'
#   meta: !!omap
#   - {ucd: POS_PARLX_TRIG}
#   - {width: 9}
#   - {precision: '4'}
#   - values: {'null': .nan}
# - name: e_Plx
#   unit: mas
#   datatype: float32
#   format: '{:7.4f}'
#   description: '? Standard error of parallax (parallax_error)'
#   meta: !!omap
#   - {ucd: ERROR}
#   - {width: 7}
#   - {precision: '4'}
#   - values: {'null': .nan}
# - name: pmRA
#   unit: mas / yr
#   datatype: float64
#   format: '{:9.3f}'
#   description: '? Proper motion in right ascension direction, pmRA*cosDE (pmra)'
#   meta: !!omap
#   - {ucd: POS_EQ_PMRA}
#   - {width: 9}
#   - {precision: '3'}
#   - values: {'null': .nan}
# - name: pmDE
#   unit: mas / yr
#   datatype: float64
#   format: '{:9.3f}'
#   description: '? Proper motion in declination direction (pmdec)'
#   meta: !!omap
#   - {ucd: POS_EQ_PMDEC}
#   - {width: 9}
#   - {precision: '3'}
#   - values: {'null': .nan}
# - name: e_pmRA
#   unit: mas / yr
#   datatype: float32
#   format: '{:6.3f}'
#   description: '? Standard error of proper motion in right ascension direction (pmra_error)'
#   meta: !!omap
#   - {ucd: ERROR}
#   - {width: 6}
#   - {precision: '3'}
#   - values: {'null': .nan}
# - name: e_pmDE
[...]
#         value: !astropy.table.SerializedColumn {name: SkyCoord.dec}
#       distance: !astropy.table.SerializedColumn
#         __class__: astropy.coordinates.distances.Distance
#         unit: !astropy.units.Unit {unit: pc}
#         value: !astropy.table.SerializedColumn {name: SkyCoord.distance}
#       frame: icrs
#       obstime: !astropy.time.Time {format: jyear_str, in_subfmt: '*', jd1: 367701545.0, jd2: 0.0, out_subfmt: '*', precision: 3, scale: tt}
#       pm_dec: !astropy.table.SerializedColumn
#         __class__: astropy.units.quantity.Quantity
#         unit: !astropy.units.Unit {unit: mas / yr}
#         value: !astropy.table.SerializedColumn {name: SkyCoord.pm_dec}
#       pm_ra_cosdec: !astropy.table.SerializedColumn
#         __class__: astropy.units.quantity.Quantity
#         unit: !astropy.units.Unit {unit: mas / yr}
#         value: !astropy.table.SerializedColumn {name: SkyCoord.pm_ra_cosdec}
#       ra: !astropy.table.SerializedColumn
#         __class__: astropy.coordinates.angles.Longitude
#         unit: *id001
#         value: !astropy.table.SerializedColumn {name: SkyCoord.ra}
#         wrap_angle: !astropy.coordinates.Angle
#           unit: *id001
#           value: 360.0
#       representation_type: spherical
# schema: astropy-2.0
RA_ICRS_1 DE_ICRS_1 e_RA_ICRS e_DE_ICRS _r_1 HIP TYC2 Source rgeo Plx e_Plx pmRA pmDE e_pmRA e_pmDE RUWE Teff logg Gmag BP-RP BPmag RPmag RV e_RV b_rgeo B_rgeo FG e_FG FBP e_FBP FRP e_FRP RAVE5 RAVE6 e_Gmag e_BPmag e_RPmag e_BP-RP SkyCoord.ra SkyCoord.dec SkyCoord.distance SkyCoord.pm_ra_cosdec SkyCoord.pm_dec rmRA rmDE e_rmRA e_rmDE rRV e_rRV v_pec v_pec3d e_vpec e_vpec3d
[from data line 31]
259.02988211876 -39.65738374927 0.014 0.0078 14.0091 "" "" 5972235729761790976 2660.5874 0.3619 0.016 -1.484 -2.838 0.019 0.013 0.865 15319.3 3.4168 12.467183 1.475761 13.133191 11.65743 "" "" 2554.24731 2769.36768 194121.50696 139.7 76233.0 218.79 172260.0 390.43 "" "" 0.0028639659979591624 0.004182704 0.004509928 0.0086926315 259.02988211876 -39.65738374927 2660.5874 -1.484 -2.838 -0.7490908827781677 -0.3550907974243165 0.10762575 0.101625755 "" "" 10.454562424783933 "" 1.1139358185240353 ""
259.08321803278 -39.69343001973 0.0145 0.008 16.2705 "" "" 5972232461242960768 2059.9939 0.4744 0.0162 -0.786 -1.782 0.02 0.013 0.935 "" "" 12.516709 1.331 13.095899 11.764898 "" "" 1982.3363 2147.2522 185465.37411 150.74 78896.0 248.69 156030.0 492.06 "" "" 0.002893182853967551 0.00441562 0.0050997576 0.009515378 259.08321803278 -39.69343001973 2059.9939 -0.7859999999999989 -1.782 -0.05109088277816776 0.7009092025756836 0.108625755 0.101625755 "" "" 6.8620953668751765 "" 0.6976281925225746 ""
258.74800504154 -39.53113354901 0.0191 0.0123 15.0672 "" "" 5972229957324057984 2385.35107 0.4111 0.0224 -1.737 -3.755 0.028 0.019 1.011 "" "" 12.544023 2.755531 14.102473 11.346942 -27.06 0.56 2226.28491 2505.23413 180858.05914 45.47 31220.0 35.676 229290.0 146.17 "" "" 0.0027688085551635234 0.0030535865 0.0038422379 0.0068958243 258.74800504154 -39.53113354901 2385.35107 -1.7369999999999997 -3.7550000000000003 -1.0020908827781678 -1.2720907974243163 0.116625756 0.10762575 -42.81 1.3039081 18.309657065204263 46.561138751596104 2.035268812828182 1.4414651690227163
259.08281558541 -39.58406644556 0.022 0.0113 9.7798 "" "" 5972237482108514816 2441.19043 0.4063 0.0255 -0.852 -2.967 0.031 0.019 0.944 "" "" 12.554705 2.6322 14.014348 11.382148 -22.17 0.52 2291.31299 2616.76221 179087.40132 43.962 33859.0 34.634 221970.0 72.384 "" "" 0.0027681807353106182 0.0030030739 0.0037959297 0.0067990036 259.08281558541 -39.58406644556 2441.19043 -0.851999999999999 -2.9669999999999965 -0.1170908827781677 -0.4840907974243165 0.11962575 0.10762575 -37.92 1.263908 5.7630617228932906 38.35543351888853 0.6242762861993753 1.2530750759870837
259.10525529068 -39.44567112119 0.0148 0.0079 3.1913 "" "" 5972256895365201280 2389.62231 0.4032 0.0162 -0.92 -2.621 0.021 0.014 0.793 "" "" 12.558887 1.376519 13.167633 11.791114 "" "" 2300.75513 2498.5105 178398.90286 40.511 73852.0 78.086 152300.0 66.553 "" "" 0.0027663290363937757 0.003017103 0.003809046 0.0068261493 259.10525529068 -39.44567112119 2389.62231 -0.9199999999999999 -2.621 -0.18509088277816776 -0.1380907974243164 0.10962575 0.10262575 "" "" 2.6156765907810335 "" 0.28033565076224953 ""
259.1167921451 -39.3960406965 0.0163 0.0082 3.8413 "" "" 5972257097169168384 2256.63062 0.433 0.0176 -0.799 -2.516 0.021 0.015 0.865 "" "" 12.583888 1.774518 13.432178 11.657661 "" "" 2167.56812 2334.80518 174337.76466 67.619 57882.0 92.755 172220.0 195.89 "" "" 0.002787315548905491 0.003288193 0.003976035 0.0072642276 259.1167921451 -39.3960406965 2256.63062 -0.7989999999999998 -2.515999999999999 -0.06409088277816777 -0.03309079742431642 0.10962575 0.10362575 "" "" 0.7715264068097833 "" 0.08362615465817239 ""
259.10939311476 -39.32717229423 0.0129 0.0074 6.5954 "" "" 5972258578992545536 2285.9751 0.4259 0.0152 -0.513 -1.45 0.021 0.015 0.911 15255.9 3.375 12.605787 1.593093 13.342606 11.749513 "" "" 2203.82227 2375.58276 170856.67823 101.33 62860.0 126.49 158250.0 265.99 "" "" 0.002829561709088285 0.0035437657 0.0041969144 0.00774068 259.10939311476 -39.32717229423 2285.9751 -0.5130000000000001 -1.449999999999998 0.22190911722183226 1.0329092025756836 0.10962575 0.10362575 "" "" 11.447487058904528 "" 1.1893684338848278 ""
258.96133530897 -39.32012322468 0.03 0.0176 7.2816 "" "" 5972255757138144896 2051.15674 0.4867 0.0369 -0.948 -2.23 0.047 0.034 2.353 "" "" 12.637369 1.734528 13.452502 11.717974 "" "" 1899.6604 2249.19434 165958.31891 58.41 56809.0 55.713 162920.0 122.15 "" "" 0.00278169258791422 0.00298644 0.003866055 0.006852495 258.96133530897 -39.32012322468 2051.15674 -0.948 -2.2300000000000004 -0.21309088277816768 0.2529092025756836 0.13562575 0.12262575 "" "" 3.2153471035777033 "" 0.4121533256024503 ""
259.04525681398 -39.44976553974 0.0148 0.0079 1.5463 "" "" 5972251157287207936 2186.38745 0.4449 0.0162 -0.751 -2.485 0.02 0.015 0.873 "" "" 12.670146 1.475321 13.330462 11.855142 "" "" 2115.87744 2270.19287 161023.17643 42.317 63567.0 47.565 143580.0 72.892 "" "" 0.002770054850520586 0.0029060408 0.003819365 0.006725406 259.04525681398 -39.44976553974 2186.38745 -0.7510000000000001 -2.4850000000000003 -0.016090882778167725 -0.002090797424316282 0.108625755 0.10362575 "" "" 0.16815932398319786 "" 0.01825278971155748 ""
259.02375958328 -39.34535706082 0.0132 0.0073 4.802 "" "" 5972258338474435200 2203.80469 0.4434 0.0165 -0.788 -2.507 0.022 0.014 0.882 "" "" 12.673835 1.748755 13.5098 11.761045 "" "" 2111.42432 2303.35425 160477.01474 394.15 53889.0 346.28 156580.0 1021.5 "" "" 0.0038344543230044484 0.007513969 0.00802837 0.0155423395 259.02375958328 -39.34535706082 2203.80469 -0.788 -2.5069999999999997 -0.05309088277816776 -0.024090797424316523 0.11062575 0.10262575 "" "" 0.6090143987874881 "" 0.06656603257417604 ""
259.36039998488 -39.26786916164 0.014 0.008 17.4843 "" "" 5972622448602449280 2122.28906 0.4587 0.0153 -0.635 -1.356 0.019 0.013 0.858 15014.8 3.4138 12.677983 1.750895 13.514669 11.763774 "" "" 2059.7168 2186.41455 159865.06303 157.24 53647.0 148.31 156190.0 506.1 "" "" 0.0029550324277859415 0.00409811 0.005163401 0.009261511 259.36039998488 -39.26786916164 2122.28906 -0.6349999999999993 -1.3560000000000012 0.09990911722183227 1.1269092025756835 0.10762575 0.101625755 "" "" 11.380777834250678 "" 1.1571282791275308 ""
259.07002515744 -39.71222281509 0.0138 0.0077 17.3351 "" "" 5972232048925422336 2229.78906 0.435 0.0153 -0.753 -1.402 0.02 0.012 0.87 "" "" 12.681011 1.299592 13.243918 11.944326 "" "" 2164.7312 2307.62061 159419.85891 52.741 68841.0 74.662 132260.0 110.03 "" "" 0.002778634636039364 0.003028474 0.0038858184 0.0069142925 259.07002515744 -39.71222281509 2229.78906 -0.7530000000000001 -1.4019999999999997 -0.018090882778167727 1.0809092025756837 0.108625755 0.10062575 "" "" 11.425945670614514 "" 1.1497710064210727 ""
259.12808577765 -39.70648207153 0.0137 0.0076 17.4015 "" "" 5972232289443590400 2228.61499 0.4306 0.0158 -0.724 -1.347 0.021 0.013 0.864 "" "" 12.729929 1.338603 13.316596 11.977993 "" "" 2162.63745 2298.0708 152396.52396 46.768 64384.0 75.786 128220.0 98.861 "" "" 0.0027753933225069705 0.0030689356 0.0038709838 0.0069399197 259.12808577765 -39.70648207153 2228.61499 -0.724 -1.347 0.010909117221832298 1.1359092025756836 0.10962575 0.101625755 "" "" 11.999883630448304 "" 1.219506441024037 ""
258.71230694119 -39.28997906857 0.0185 0.0107 17.2956 "" "" 5972305819278386432 2196.81934 0.4512 0.0199 -0.665 -0.982 0.028 0.017 1.022 "" "" 12.730213 2.297031 13.940092 11.643061 "" "" 2097.13599 2297.6377 152356.66381 93.167 36256.0 80.892 174560.0 311.07 "" "" 0.0028341838037070264 0.0036950212 0.004245846 0.007940867 258.71230694119 -39.28997906857 2196.81934 -0.665 -0.982 0.06990911722183224 1.5009092025756836 0.116625756 0.10562575 "" "" 15.645797144037777 "" 1.6529909601832387 ""
259.02293520159 -39.42219532501 0.0161 0.0093 0.9052 "" "" 5972251981920972800 1836.23328 0.5291 0.0196 -0.79 -2.301 0.026 0.018 1.149 "" "" 12.733616 1.642418 13.499475 11.857057 -23.26 16.62 1772.49121 1916.98181 151879.99285 50.604 54404.0 58.606 143330.0 118.86 "" "" 0.002778966083246426 0.0030253928 0.0038851514 0.006910544 259.02293520159 -39.42219532501 1836.23328 -0.79 -2.300999999999999 -0.05509088277816776 0.18190920257568344 0.11462575 0.10662575 -39.010000000000005 17.363909 1.6543062650057965 39.04506152150919 0.17754145963857015 17.348318028162254
259.01378276415 -39.60137360039 0.0713 0.0384 10.7184 "" "" 5972236653131133056 2357.62598 0.438 0.0843 -0.52 0.077 0.098 0.065 0.853 3755.2 0.901 12.74314 5.552179 16.707453 11.155273 "" "" 2027.87695 2962.83887 150553.46124 247.34 2834.2 42.357 273560.0 845.18 "" "" 0.0032822956434532557 0.016464423 0.0050533195 0.021517742 259.01378276415 -39.60137360039 2357.62598 -0.52 0.07700000000000001 0.21490911722183226 2.5599092025756836 0.18662575 0.15362576 "" "" 28.707996117976467 "" 4.417623837240573 ""
259.31136885119 -39.52056870145 0.0144 0.0081 13.7405 "" "" 5972240329622364544 2372.5415 0.4092 0.0179 -0.312 -1.153 0.023 0.017 0.885 12230.1 3.471 12.743959 1.379161 13.35313 11.973969 "" "" 2279.70898 2478.46265 150439.86575 64.7 62254.0 64.055 128700.0 223.39 "" "" 0.0027946067553697137 0.0030055055 0.004223184 0.0072286897 259.31136885119 -39.52056870145 2372.5415 -0.312 -1.153 0.4229091172218323 1.3299092025756836 0.11162575 0.10562575 "" "" 15.693943163465468 "" 1.6665540258440672 ""
259.2286181119 -39.34768092903 0.0135 0.0081 9.7809 "" "" 5972247407723060736 2009.94629 0.486 0.0151 -0.812 -2.583 0.019 0.014 0.913 15003.4 3.4423 12.74773 1.969244 13.723257 11.754013 "" "" 1951.1228 2074.12207 149918.29017 245.01 44270.0 189.51 157600.0 668.33 "" "" 0.003277241668179625 0.0054209814 0.005956749 0.01137773 259.2286181119 -39.34768092903 2009.94629 -0.812 -2.583000000000001 -0.07709088277816778 -0.10009079742431659 0.10762575 0.10262575 "" "" 1.203636036600654 "" 0.1257985166309221 ""
259.25256829553 -39.60036317351 0.0149 0.008 14.3729 "" "" 5972239573708898688 2346.82544 0.4098 0.0169 -0.518 -1.447 0.023 0.015 0.902 6377.3 2.5498 12.766352 1.328356 13.348633 12.020277 "" "" 2241.87549 2440.53516 147368.93934 22.559 62512.0 46.44 123320.0 33.692 "" "" 0.002760328378408269 0.0029044168 0.0037910047 0.0066954214 259.25256829553 -39.60036317351 2346.82544 -0.518 -1.447 0.21690911722183226 1.0359092025756835 0.11162575 0.10362575 "" "" 11.773312269318348 "" 1.224120230585063 ""
258.80278454821 -39.49680385774 0.0358 0.0218 11.9225 "" "" 5972252836561311488 2326.56372 0.4168 0.0412 -0.263 -2.971 0.054 0.036 0.902 "" "" 12.77371 3.847131 15.227631 11.3805 -13.71 0.3 2130.13574 2577.50513 146373.59026 88.341 11076.0 42.464 222310.0 307.66 "" "" 0.0028321679596973073 0.0050111967 0.004067119 0.009078316 258.80278454821 -39.49680385774 2326.56372 -0.2630000000000001 -2.971 0.47190911722183226 -0.4880907974243165 0.14262575 0.12462575 -29.46 1.0439081 7.487057652154877 30.3965069092929 1.0004619303494906 1.0413238853490712
259.21673355663 -39.42834301607 0.0178 0.0098 8.088 "" "" 5972244727663274624 2382.85425 0.4066 0.0196 -0.58 -1.372 0.027 0.018 0.985 15008.5 3.4328 12.805372 1.754789 13.642821 11.888032 "" "" 2252.99707 2493.37427 142166.72745 175.53 47675.0 202.76 139300.0 497.75 "" "" 0.0030641180840150508 0.005395112 0.0054161656 0.010811278 259.21673355663 -39.42834301607 2382.85425 -0.58 -1.3720000000000003 0.15490911722183232 1.1109092025756835 0.115625754 0.10662575 "" "" 12.668820393195617 "" 1.3530871329406833 ""
258.72173122901 -39.42484132841 0.0202 0.0124 14.8581 "" "" 5972277678652360064 1903.87598 0.5051 0.0237 -0.756 -2.697 0.033 0.021 0.968 "" "" 12.822125 2.756461 14.377992 11.621531 -31.14 0.25 1831.45251 1998.87061 139989.81251 38.368 24223.0 27.539 178050.0 59.843 "" "" 0.0027713427290300525 0.003051018 0.0037969584 0.0068479767 258.72173122901 -39.42484132841 1903.87598 -0.756 -2.697 -0.02109088277816773 -0.21409079742431647 0.12162575 0.10962575 -46.89 0.99390805 1.9413875484603242 46.93017244389069 0.21306210911826334 0.9930963706859028
258.89964205015 -39.20041329915 0.0327 0.0186 14.9661 "" "" 5972310045526381824 2653.99341 0.3723 0.0399 -0.682 -2.5 0.049 0.036 0.94 "" "" 12.845113 3.59912 15.087892 11.488771 -27.71 0.32 2402.31372 2979.14551 137057.10531 51.411 12597.0 25.949 201210.0 88.086 "" "" 0.0027852568058209315 0.0035759173 0.0038091538 0.0073850714 258.89964205015 -39.20041329915 2653.99341 -0.682 -2.5 0.052909117221832225 -0.017090797424316406 0.13762575 0.12462575 -43.46 1.0639081 0.6994564880363434 43.465628252432474 0.0954411533396629 1.0637714461262793
259.29122865294 -39.1920418704 0.0144 0.0084 18.0941 "" "" 5972635574023870848 2109.79541 0.4604 0.0162 -0.432 -1.572 0.023 0.015 0.921 "" "" 12.845243 1.569583 13.569401 11.999818 "" "" 2031.73511 2194.85791 137040.58741 40.495 51010.0 55.987 125670.0 124.58 "" "" 0.002773936194219579 0.0030339952 0.003929655 0.00696365 259.29122865294 -39.1920418704 2109.79541 -0.432 -1.572 0.3029091172218323 0.9109092025756835 0.11162575 0.10362575 "" "" 9.599941692613573 "" 1.0027117644104437 ""
258.82147887358 -39.46512165889 0.0139 0.0081 10.524 "" "" 5972253734268094720 2642.26929 0.3602 0.0168 -1.153 -2.532 0.021 0.014 0.919 "" "" 12.862911 1.683777 13.642898 11.959121 "" "" 2522.8728 2805.33325 134828.64553 30.784 47671.0 95.746 130470.0 108.27 "" "" 0.002766449198640226 0.0035412407 0.003885295 0.0074265357 258.82147887358 -39.46512165889 2642.26929 -1.1530000000000005 -2.532000000000004 -0.41809088277816775 -0.049090797424316435 0.10962575 0.10262575 "" "" 5.272291331430636 "" 0.5774928158458403 ""
259.05895502543 -39.40896278598 0.0154 0.0086 1.1915 "" "" 5972251359091639296 2134.54541 0.4535 0.0182 -0.601 -2.478 0.024 0.016 0.958 "" "" 12.869546 1.631505 13.624962 11.993457 3.53 15.3 2039.40332 2231.08154 134007.22777 76.843 48465.0 97.307 126410.0 226.32 "" "" 0.00282478399780151 0.0035407755 0.0042499807 0.0077907564 259.05895502543 -39.40896278598 2134.54541 -0.601 -2.478 0.1339091172218323 0.004909202575683391 0.11262575 0.104625754 -12.22 16.04391 1.355768497819473 12.294978984108907 0.15268039973143277 15.946076719633652
258.7380811453 -39.60222027526 0.0153 0.0096 17.6786 "" "" 5972228612945486336 2620.27393 0.3611 0.0164 -0.574 -1.822 0.023 0.016 0.87 17111.9 3.6582 12.894714 1.099544 13.353569 12.254024 "" "" 2515.77222 2755.84985 130936.60769 30.876 62228.0 45.425 99437.0 37.783 "" "" 0.002767189688200679 0.0029005522 0.0038018313 0.0067023835 258.7380811453 -39.60222027526 2620.27393 -0.574 -1.8219999999999996 0.16090911722183232 0.6609092025756835 0.11162575 0.104625754 "" "" 8.448339734014152 "" 0.8873273436218224 ""
259.03893284156 -39.39572277643 0.0165 0.0096 1.7095 "" "" 5972252183726576640 2439.75073 0.3925 0.0202 -0.837 -2.384 0.027 0.02 1.008 "" "" 12.933547 1.725416 13.747148 12.021731 "" "" 2337.46899 2557.05151 126336.28233 50.373 43307.0 65.553 123160.0 112.58 "" "" 0.0027891212546505145 0.00323821 0.003907521 0.007145731 259.03893284156 -39.39572277643 2439.75073 -0.8370000000000002 -2.384 -0.10209088277816769 0.0989092025756837 0.115625754 0.108625755 "" "" 1.6438396251334935 "" 0.18458845396580095 ""
258.99810105007 -39.37108067606 0.018 0.0101 3.7841 "" "" 5972255383535134848 2105.24756 0.4556 0.0214 -0.69 -2.43 0.033 0.021 1.061 "" "" 12.939569 1.881695 13.858011 11.976316 -37.17 30.24 2029.802 2188.66724 125637.47321 42.906 39103.0 57.074 128420.0 94.736 "" "" 0.0027801567466461488 0.0032087981 0.0038633214 0.0070721195 258.99810105007 -39.37108067606 2105.24756 -0.6899999999999993 -2.429999999999996 0.04490911722183233 0.052909202575683434 0.12162575 0.10962575 -52.92 30.983908 0.6925232138453868 52.924531064542414 0.07950415880306488 30.981255070296914
