Clusters/NGC_6318/NGC_6318_members.tsv
# %ECSV 1.0
# ---
# datatype:
# - name: RA_ICRS_1
#   unit: deg
#   datatype: float64
#   format: '{:15.11f}'
#   description: Right ascension (ICRS) at Ep=2016.0 (ra)
#   meta: !!omap
#   - {ucd: POS_EQ_RA_MAIN}
#   - {width: 15}
#   - {precision: '11'}
# - name: DE_ICRS_1
#   unit: deg
#   datatype: float64
#   format: '{:15.11f}'
#   description: Declination (ICRS) at Ep=2016.0 (dec)
#   meta: !!omap
#   - {ucd: POS_EQ_DEC_MAIN}
#   - {width: 15}
#   - {precision: '11'}
# - name: e_RA_ICRS
#   unit: mas
#   datatype: float64
#   format: '{:7.4f}'
#   description: Standard error of right ascension (ra_error)
#   meta: !!omap
#   - {ucd: ERROR}
#   - {width: 7}
#   - {precision: '4'}
# - name: e_DE_ICRS
#   unit: mas
#   datatype: float64
#   format: '{:7.4f}'
#   description: Standard error of declination (dec_error)
#   meta: !!omap
#   - {ucd: ERROR}
#   - {width: 7}
#   - {precision: '4'}
# - name: _r_1
#   unit: ''
#   datatype: float64
#   format: '{:7.4f}'
#   description: Distance from center (259.04230927000-39.42409505000)[ICRS], at Epoch=J2016.0
#   meta: !!omap
#   - {ucd: POS_ANG_DIST_GENERAL}
#   - {width: 7}
#   - {precision: '4'}
# - name: HIP
#   datatype: int32
#   description: '? HIP cross-id number, van Leeuwen, Cat. I/311 (hip_original_ext_source_id)'
#   meta: !!omap
#   - {ucd: ID_NUMBER}
#   - {width: 6}
#   - values: {'null': -2147483648}
# - name: TYC2
#   datatype: string
#   description: Tycho-2 cross-id name, Hog et al., Cat. I/259 (tyc2_original_ext_source_id)
#   meta: !!omap
#   - {ucd: ID_CROSSID}
#   - {_votable_string_dtype: char}
# - name: Source
#   datatype: int64
#   description: Source identifier, identical to the Gaia-EDR3 source_id (id)
#   meta: !!omap
#   - {ucd: ID_MAIN}
#   - {width: 19}
# - name: rgeo
#   unit: pc
#   datatype: float64
#   format: '{:15.8f}'
#   description: '? Median of the geometric distance posterior (r_med_geo)'
#   meta: !!omap
#   - {ucd: PHYS_DISTANCE_TRUE}
#   - {width: 15}
#   - {precision: '8'}
#   - values: {'null': .nan}
# - name: Plx
#   unit: mas
#   datatype: float64
#   format: '{:9.4f}'
#   description: '? Parallax (parallax)'
#   meta: !!omap
#   - {ucd: POS_PARLX_TRIG}
#   - {width: 9}
#   - {precision: '4'}
#   - values: {'null': .nan}
# - name: e_Plx
#   unit: mas
#   datatype: float32
#   format: '{:7.4f}'
#   description: '? Standard error of parallax (parallax_error)'
#   meta: !!omap
#   - {ucd: ERROR}
#   - {width: 7}
#   - {precision: '4'}
#   - values: {'null': .nan}
# - name: pmRA
#   unit: mas / yr
#   datatype: float64
#   format: '{:9.3f}'
#   description: '? Proper motion in right ascension direction, pmRA*cosDE (pmra)'
#   meta: !!omap
#   - {ucd: POS_EQ_PMRA}
#   - {width: 9}
#   - {precision: '3'}
#   - values: {'null': .nan}
# - name: pmDE
#   unit: mas / yr
#   datatype: float64
#   format: '{:9.3f}'
#   description: '? Proper motion in declination direction (pmdec)'
#   meta: !!omap
#   - {ucd: POS_EQ_PMDEC}
#   - {width: 9}
#   - {precision: '3'}
#   - values: {'null': .nan}
# - name: e_pmRA
#   unit: mas / yr
#   datatype: float32
#   format: '{:6.3f}'
#   description: '? Standard error of proper motion in right ascension direction (pmra_error)'
#   meta: !!omap
#   - {ucd: ERROR}
#   - {width: 6}
#   - {precision: '3'}
#   - values: {'null': .nan}
# - name: e_pmDE
[...]
#       distance: !astropy.table.SerializedColumn
#         __class__: astropy.coordinates.distances.Distance
#         unit: !astropy.units.Unit {unit: pc}
#         value: !astropy.table.SerializedColumn {name: SkyCoord.distance}
#       frame: icrs
#       obstime: !astropy.time.Time {format: jyear_str, in_subfmt: '*', jd1: 367701545.0, jd2: 0.0, out_subfmt: '*', precision: 3, scale: tt}
#       pm_dec: !astropy.table.SerializedColumn
#         __class__: astropy.units.quantity.Quantity
#         unit: !astropy.units.Unit {unit: mas / yr}
#         value: !astropy.table.SerializedColumn {name: SkyCoord.pm_dec}
#       pm_ra_cosdec: !astropy.table.SerializedColumn
#         __class__: astropy.units.quantity.Quantity
#         unit: !astropy.units.Unit {unit: mas / yr}
#         value: !astropy.table.SerializedColumn {name: SkyCoord.pm_ra_cosdec}
#       ra: !astropy.table.SerializedColumn
#         __class__: astropy.coordinates.angles.Longitude
#         unit: *id001
#         value: !astropy.table.SerializedColumn {name: SkyCoord.ra}
#         wrap_angle: !astropy.coordinates.Angle
#           unit: *id001
#           value: 360.0
#       representation_type: spherical
# schema: astropy-2.0
RA_ICRS_1 DE_ICRS_1 e_RA_ICRS e_DE_ICRS _r_1 HIP TYC2 Source rgeo Plx e_Plx pmRA pmDE e_pmRA e_pmDE RUWE Teff logg Gmag BP-RP BPmag RPmag RV e_RV b_rgeo B_rgeo FG e_FG FBP e_FBP FRP e_FRP RAVE5 RAVE6 e_Gmag e_BPmag e_RPmag e_BP-RP SkyCoord.ra SkyCoord.dec SkyCoord.distance SkyCoord.pm_ra_cosdec SkyCoord.pm_dec rmRA rmDE e_rmRA e_rmDE rRV e_rRV v_pec v_pec3d e_vpec e_vpec3d Pmemb
[from data line 62]
259.06309628657 -39.44262196116 0.0341 0.0195 1.4709 "" "" 5972251260366415744 2111.72925 0.4453 0.0391 -0.611 -2.367 0.048 0.036 1.037 "" "" 15.314952 1.47936 15.975211 14.495852 "" "" 1952.60828 2276.03101 14091.78952 4.3554 5563.3 13.639 12613.0 17.537 "" "" 0.002775679779197858 0.0038561889 0.004069719 0.007925908 259.06309628657 -39.44262196116 2111.72925 -0.611 -2.3670000000000018 0.12390911722183229 0.1159092025756836 0.13662575 0.12462575 "" "" 1.6983431196433414 "" 0.2227585916193608 "" 0.9
259.07431089589 -39.4368154014 0.0333 0.0179 1.6679 "" "" 5972251084214844672 2368.66968 0.3861 0.0383 -0.887 -2.541 0.053 0.035 0.926 "" "" 15.338129 1.624405 16.089157 14.464752 "" "" 2152.91162 2626.76123 13794.15222 4.6112 5009.0 9.1871 12979.0 14.506 "" "" 0.002779122153987557 0.0034279146 0.003969414 0.0073973285 259.07431089589 -39.4368154014 2368.66968 -0.887 -2.5409999999999995 -0.15209088277816774 -0.05809079742431633 0.14162575 0.123625755 "" "" 1.8279166658211043 "" 0.2549272139961451 "" 0.8
259.02839476705 -39.39934725713 0.0315 0.0177 1.6189 "" "" 5972252153719685888 1857.88574 0.4951 0.0371 -0.603 -2.528 0.052 0.038 0.937 "" "" 15.460094 1.868703 16.370358 14.501655 "" "" 1749.59363 1980.51416 12328.46297 4.2455 3866.1 7.1714 12546.0 14.22 "" "" 0.0027805724886477644 0.003441099 0.0039746845 0.0074157836 259.02839476705 -39.39934725713 1857.88574 -0.603 -2.5279999999999996 0.1319091172218323 -0.04509079742431643 0.14062575 0.12662575 "" "" 1.2276355315547571 "" 0.170919966012699 "" 0.9
259.04969620024 -39.37256305258 0.0331 0.019 3.1108 "" "" 5972258063553713280 2401.51147 0.3929 0.0377 -0.808 -2.512 0.053 0.036 0.999 "" "" 15.460734 1.878568 16.350668 14.4721 "" "" 2173.9043 2778.88892 12321.20266 4.5492 3936.9 9.4539 12892.0 25.461 "" "" 0.002784329028710178 0.0038187364 0.0043452987 0.008164035 259.04969620024 -39.37256305258 2401.51147 -0.808 -2.5120000000000005 -0.07309088277816778 -0.029090797424316417 0.14162575 0.12462575 "" "" 0.8954833525704139 "" 0.1248513560602621 "" 1.0
259.0135554371 -39.41331631293 0.032 0.0185 1.4814 "" "" 5972252046287574656 2312.9292 0.3954 0.0388 -0.64 -2.503 0.054 0.035 0.978 "" "" 15.462443 1.892071 16.382723 14.490652 "" "" 2094.85107 2515.03906 12301.81622 4.3062 3822.3 8.1388 12674.0 11.299 "" "" 0.0027814084688941743 0.0036234932 0.0039013643 0.0075248573 259.0135554371 -39.41331631293 2312.9292 -0.64 -2.503 0.09490911722183226 -0.02009079742431652 0.14262575 0.123625755 "" "" 1.0635731151230483 "" 0.1508817857012924 "" 1.0
258.9666095847 -39.52102575394 0.0411 0.022 6.7909 "" "" 5972249130062967936 2049.32861 0.4595 0.0421 -0.99 -2.633 0.061 0.038 0.963 "" "" 15.477244 1.757386 16.312351 14.554965 "" "" 1885.74805 2227.49756 12135.25491 4.4325 4078.3 13.199 11945.0 15.641 "" "" 0.0027837133933819947 0.00448691 0.0040379334 0.0085248435 258.9666095847 -39.52102575394 2049.32861 -0.9900000000000007 -2.6330000000000005 -0.2550908827781677 -0.1500907974243164 0.14962575 0.12662575 "" "" 2.8750045889283946 "" 0.4141792815505929 "" 0.8
259.05249135166 -39.43357285064 0.035 0.0186 0.739 "" "" 5972251260366435072 2002.97986 0.4626 0.0407 -0.522 -2.304 0.047 0.035 1.006 "" "" 15.492007 1.514826 16.175697 14.660872 "" "" 1867.30334 2171.92847 11971.36818 4.4156 4625.3 11.529 10835.0 13.784 "" "" 0.0027842711452582196 0.003887044 0.004023874 0.007910918 259.05249135166 -39.43357285064 2002.97986 -0.522 -2.304 0.21290911722183226 0.17890920257568377 0.13562575 0.123625755 "" "" 2.6403021211520974 "" 0.34533270038703656 "" 0.8
259.07605719414 -39.3827390175 0.032 0.0185 2.9335 "" "" 5972257268967887360 2320.32397 0.408 0.0393 -0.715 -2.55 0.053 0.036 0.998 8598.6 3.2999 15.511354 1.851628 16.40213 14.550502 "" "" 2115.17554 2564.53882 11759.93791 4.0216 3754.6 6.2091 11994.0 9.917 "" "" 0.002780224589458824 0.00331797 0.003884537 0.007202507 259.07605719414 -39.3827390175 2320.32397 -0.7150000000000001 -2.55 0.019909117221832306 -0.06709079742431623 0.14162575 0.12462575 "" "" 0.7696908448884794 "" 0.09704792004355793 "" 1.0
259.05445526642 -39.41904490458 0.0348 0.0193 0.6393 "" "" 5972251359092796416 1970.69995 0.4665 0.0402 -0.641 -2.538 0.051 0.037 0.97 "" "" 15.527676 1.637804 16.292757 14.654953 "" "" 1819.77332 2171.54004 11584.47729 3.767 4152.5 9.3104 10894.0 12.708 "" "" 0.0027778477067912865 0.0037028512 0.003985952 0.0076888036 259.05445526642 -39.41904490458 1970.69995 -0.6409999999999993 -2.538 0.09390911722183226 -0.05509079742431622 0.13962576 0.12562576 "" "" 1.0170207441407446 "" 0.13849629963754342 "" 1.0
258.96526393141 -39.48023919023 0.0349 0.0193 4.908 "" "" 5972251397805776384 2092.51685 0.456 0.0412 -0.781 -2.492 0.049 0.033 0.965 8605.6 3.0867 15.536327 1.579532 16.269241 14.68971 "" "" 1920.31519 2302.22314 11492.53383 6.4688 4243.5 16.403 10551.0 21.021 "" "" 0.00282228045284635 0.0050397017 0.00435464 0.009394342 258.96526393141 -39.48023919023 2092.51685 -0.7810000000000004 -2.492 -0.04609088277816775 -0.0090907974243164 0.13762575 0.12162575 "" "" 0.4659610979862752 "" 0.06386476374834443 "" 0.9
259.04159101889 -39.42266206978 0.0328 0.0194 0.0922 "" "" 5972251324735336704 2124.43188 0.4386 0.0399 -0.612 -2.465 0.051 0.037 0.975 "" "" 15.555602 1.578062 16.278803 14.700741 "" "" 1993.64502 2351.07886 11290.31246 3.5405 4206.3 10.706 10444.0 14.88 "" "" 0.0027762765352170237 0.0039270464 0.0040837 0.008010747 259.04159101889 -39.42266206978 2124.43188 -0.6120000000000002 -2.465000000000001 0.12290911722183229 0.017909202575683736 0.13962576 0.12562576 "" "" 1.2507410095475209 "" 0.17428952417589594 "" 1.0
259.05995533721 -39.37278552321 0.0392 0.0217 3.1854 "" "" 5972258097956187904 1824.59985 0.5106 0.0497 -0.928 -2.539 0.062 0.04 1.113 "" "" 15.708774 1.84753 16.607485 14.759954 "" "" 1684.11023 2015.0144 9804.76612 3.6619 3107.6 8.7338 9889.5 11.536 "" "" 0.0027849994055662787 0.004134759 0.003985944 0.008120703 259.05995533721 -39.37278552321 1824.59985 -0.9279999999999999 -2.5389999999999997 -0.19309088277816777 -0.05609079742431655 0.15062575 0.12862575 "" "" 1.7389987862418164 "" 0.2591635849688312 "" 1.0
259.02743278407 -39.40271721375 0.0362 0.0208 1.4563 "" "" 5972252153719682048 1992.83118 0.4591 0.0432 -0.684 -2.522 0.055 0.039 0.968 "" "" 15.730734 1.913043 16.659554 14.74651 "" "" 1865.56201 2180.87256 9608.44617 3.5609 2962.1 8.4899 10013.0 11.437 "" "" 0.002784545741455681 0.0041795974 0.003977648 0.008157246 259.02743278407 -39.40271721375 1992.83118 -0.6840000000000004 -2.5219999999999994 0.05090911722183222 -0.039090797424316204 0.14362575 0.12762575 "" "" 0.6063012009590325 "" 0.08361373394803509 "" 0.9
259.05477696972 -39.4945747323 0.0398 0.0224 4.268 "" "" 5972250848049503616 2174.52612 0.4323 0.0431 -0.794 -2.476 0.057 0.04 0.96 "" "" 15.796413 1.624387 16.552204 14.927817 "" "" 1931.61536 2365.41699 9044.43304 3.2687 3269.9 8.8302 8472.9 9.3244 "" "" 0.0027831204370939925 0.0040474106 0.0039637596 0.00801117 259.05477696972 -39.4945747323 2174.52612 -0.794 -2.476 -0.059090882778167764 0.006909202575683615 0.14562576 0.12862575 "" "" 0.6132139951083863 "" 0.08916726149735399 "" 0.8
259.07549008728 -39.38053318974 0.0371 0.0213 3.0328 "" "" 5972258024882137216 1959.72217 0.4668 0.0457 -0.754 -2.629 0.061 0.042 0.962 "" "" 15.803719 1.954786 16.758224 14.803438 "" "" 1794.86731 2144.15747 8983.77439 3.7221 2704.8 8.7685 9501.3 28.11 "" "" 0.0027917989169383753 0.0044915294 0.0049600336 0.009451563 259.07549008728 -39.38053318974 1959.72217 -0.7540000000000003 -2.629 -0.019090882778167728 -0.1460907974243164 0.14962575 0.13062575 "" "" 1.368587532818933 "" 0.17924051431637344 "" 0.8
