Clusters/Dolidze_16/Dolidze_16_stars_in_region.tsv
# %ECSV 1.0
# ---
# datatype:
# - name: RA_ICRS_1
#   unit: deg
#   datatype: float64
#   format: '{:15.11f}'
#   description: Right ascension (ICRS) at Ep=2016.0 (ra)
#   meta: !!omap
#   - {ucd: POS_EQ_RA_MAIN}
#   - {width: 15}
#   - {precision: '11'}
# - name: DE_ICRS_1
#   unit: deg
#   datatype: float64
#   format: '{:15.11f}'
#   description: Declination (ICRS) at Ep=2016.0 (dec)
#   meta: !!omap
#   - {ucd: POS_EQ_DEC_MAIN}
#   - {width: 15}
#   - {precision: '11'}
# - name: e_RA_ICRS
#   unit: mas
#   datatype: float64
#   format: '{:7.4f}'
#   description: Standard error of right ascension (ra_error)
#   meta: !!omap
#   - {ucd: ERROR}
#   - {width: 7}
#   - {precision: '4'}
# - name: e_DE_ICRS
#   unit: mas
#   datatype: float64
#   format: '{:7.4f}'
#   description: Standard error of declination (dec_error)
#   meta: !!omap
#   - {ucd: ERROR}
#   - {width: 7}
#   - {precision: '4'}
# - name: _r_1
#   unit: ''
#   datatype: float64
#   format: '{:7.4f}'
#   description: Distance from center (078.66410865000+32.69109508000)[ICRS], at Epoch=J2016.0
#   meta: !!omap
#   - {ucd: POS_ANG_DIST_GENERAL}
#   - {width: 7}
#   - {precision: '4'}
# - name: HIP
#   datatype: int32
#   description: '? HIP cross-id number, van Leeuwen, Cat. I/311 (hip_original_ext_source_id)'
#   meta: !!omap
#   - {ucd: ID_NUMBER}
#   - {width: 6}
#   - values: {'null': -2147483648}
# - name: TYC2
#   datatype: string
#   description: Tycho-2 cross-id name, Hog et al., Cat. I/259 (tyc2_original_ext_source_id)
#   meta: !!omap
#   - {ucd: ID_CROSSID}
#   - {_votable_string_dtype: char}
# - name: Source
#   datatype: int64
#   description: Source identifier, identical to the Gaia-EDR3 source_id (id)
#   meta: !!omap
#   - {ucd: ID_MAIN}
#   - {width: 19}
# - name: rgeo
#   unit: pc
#   datatype: float64
#   format: '{:15.8f}'
#   description: '? Median of the geometric distance posterior (r_med_geo)'
#   meta: !!omap
#   - {ucd: PHYS_DISTANCE_TRUE}
#   - {width: 15}
#   - {precision: '8'}
#   - values: {'null': .nan}
# - name: Plx
#   unit: mas
#   datatype: float64
#   format: '{:9.4f}'
#   description: '? Parallax (parallax)'
#   meta: !!omap
#   - {ucd: POS_PARLX_TRIG}
#   - {width: 9}
#   - {precision: '4'}
#   - values: {'null': .nan}
# - name: e_Plx
#   unit: mas
#   datatype: float32
#   format: '{:7.4f}'
#   description: '? Standard error of parallax (parallax_error)'
#   meta: !!omap
#   - {ucd: ERROR}
#   - {width: 7}
#   - {precision: '4'}
#   - values: {'null': .nan}
# - name: pmRA
#   unit: mas / yr
#   datatype: float64
#   format: '{:9.3f}'
#   description: '? Proper motion in right ascension direction, pmRA*cosDE (pmra)'
#   meta: !!omap
#   - {ucd: POS_EQ_PMRA}
#   - {width: 9}
#   - {precision: '3'}
#   - values: {'null': .nan}
# - name: pmDE
#   unit: mas / yr
#   datatype: float64
#   format: '{:9.3f}'
#   description: '? Proper motion in declination direction (pmdec)'
#   meta: !!omap
#   - {ucd: POS_EQ_PMDEC}
#   - {width: 9}
#   - {precision: '3'}
#   - values: {'null': .nan}
# - name: e_pmRA
#   unit: mas / yr
#   datatype: float32
#   format: '{:6.3f}'
#   description: '? Standard error of proper motion in right ascension direction (pmra_error)'
#   meta: !!omap
#   - {ucd: ERROR}
#   - {width: 6}
#   - {precision: '3'}
#   - values: {'null': .nan}
# - name: e_pmDE
[...]
#         value: !astropy.table.SerializedColumn {name: SkyCoord.dec}
#       distance: !astropy.table.SerializedColumn
#         __class__: astropy.coordinates.distances.Distance
#         unit: !astropy.units.Unit {unit: pc}
#         value: !astropy.table.SerializedColumn {name: SkyCoord.distance}
#       frame: icrs
#       obstime: !astropy.time.Time {format: jyear_str, in_subfmt: '*', jd1: 367701545.0, jd2: 0.0, out_subfmt: '*', precision: 3, scale: tt}
#       pm_dec: !astropy.table.SerializedColumn
#         __class__: astropy.units.quantity.Quantity
#         unit: !astropy.units.Unit {unit: mas / yr}
#         value: !astropy.table.SerializedColumn {name: SkyCoord.pm_dec}
#       pm_ra_cosdec: !astropy.table.SerializedColumn
#         __class__: astropy.units.quantity.Quantity
#         unit: !astropy.units.Unit {unit: mas / yr}
#         value: !astropy.table.SerializedColumn {name: SkyCoord.pm_ra_cosdec}
#       ra: !astropy.table.SerializedColumn
#         __class__: astropy.coordinates.angles.Longitude
#         unit: *id001
#         value: !astropy.table.SerializedColumn {name: SkyCoord.ra}
#         wrap_angle: !astropy.coordinates.Angle
#           unit: *id001
#           value: 360.0
#       representation_type: spherical
# schema: astropy-2.0
RA_ICRS_1 DE_ICRS_1 e_RA_ICRS e_DE_ICRS _r_1 HIP TYC2 Source rgeo Plx e_Plx pmRA pmDE e_pmRA e_pmDE RUWE Teff logg Gmag BP-RP BPmag RPmag RV e_RV b_rgeo B_rgeo FG e_FG FBP e_FBP FRP e_FRP RAVE5 RAVE6 e_Gmag e_BPmag e_RPmag e_BP-RP SkyCoord.ra SkyCoord.dec SkyCoord.distance SkyCoord.pm_ra_cosdec SkyCoord.pm_dec rmRA rmDE e_rmRA e_rmDE rRV e_rRV v_pec v_pec3d e_vpec e_vpec3d
[from data line 420]
79.09509182486 33.1312789588 0.0311 0.0197 34.188 "" "" 181093898720022016 1225.13477 0.781 0.0334 -0.572 -5.979 0.045 0.027 0.995 5826.7 4.4434 15.228628 0.965471 15.625551 14.66008 "" "" 1176.67493 1276.16602 15257.91928 4.7462 7677.1 12.764 10842.0 18.634 "" "" 0.002775941963906836 0.0033231948 0.0042149536 0.007538148 79.09509182486 33.1312789588 1225.13477 -0.5719999999999998 -5.979 -0.48217647087574 -3.289941219329834 0.20350523 0.18550523 "" "" 19.309245097782107 "" 3.5896210555974437 ""
78.59504276326 33.2161273921 0.0268 0.0171 31.6933 "" "" 181857269027240832 1171.69543 0.8138 0.0295 0.338 -0.171 0.036 0.027 0.996 5909.1 4.2642 15.232929 1.215333 15.758121 14.542789 "" "" 1132.75806 1212.71289 15197.59731 50.724 6794.7 83.479 12079.0 132.17 "" "" 0.004552321735114926 0.01362793 0.0124669345 0.026094865 78.59504276326 33.2161273921 1171.69543 0.3380000000000002 -0.17099999999999999 0.42782352912425997 2.518058780670166 0.19450523 0.18550523 "" "" 14.185299306491176 "" 2.6351134456804686 ""
79.13575990709 32.9764117255 0.0302 0.0197 29.2995 "" "" 181088779119025280 1506.23596 0.6267 0.0357 2.296 -0.161 0.038 0.026 0.957 5887.1 4.3708 15.235786 0.972859 15.629891 14.657032 "" "" 1435.09131 1585.96521 15157.65854 5.4264 7646.5 12.529 10873.0 14.093 "" "" 0.0027826012568102337 0.0033090662 0.004032883 0.0073419493 79.13575990709 32.9764117255 1506.23596 2.296 -0.1610000000000001 2.3858235291242598 2.528058780670166 0.19650523 0.18450522 "" "" 24.817782057193977 "" 4.72164484225976 ""
78.26514414939 33.14006068684 0.0261 0.0169 33.6075 "" "" 181528377610719104 1465.7229 0.6439 0.0275 2.09 -0.09 0.035 0.026 0.965 6856.6 4.1629 15.237123 1.271168 15.787824 14.516656 "" "" 1412.43286 1530.66284 15139.02522 3.8535 6611.3 12.279 12374.0 11.318 "" "" 0.0027691454564801464 0.0034425806 0.0039076763 0.0073502567 78.26514414939 33.14006068684 1465.7229 2.09 -0.09000000000000012 2.17982352912426 2.599058780670166 0.19350523 0.18450522 "" "" 23.567109050233828 "" 4.437070843880917 ""
78.04430355978 32.56043306359 0.0308 0.0186 32.2866 "" "" 181438763116352256 1279.71484 0.7523 0.0336 0.896 -4.905 0.044 0.028 1.015 6692.6 4.3126 15.244844 1.317683 15.826346 14.508663 "" "" 1219.36951 1349.79773 15031.72386 4.0029 6380.8 11.284 12465.0 10.374 "" "" 0.002770448418643661 0.0033869804 0.003885901 0.0072728815 78.04430355978 32.56043306359 1279.71484 0.8960000000000005 -4.905 0.98582352912426 -2.2159412193298342 0.20250523 0.18650523 "" "" 14.711706354132158 "" 2.784072948512742 ""
78.73624124345 33.15208680397 0.0286 0.0173 27.8971 "" "" 181853347719976192 1008.31854 0.9565 0.0301 9.888 -3.048 0.037 0.027 1.031 5120.7 4.3105 15.245852 1.125741 15.724288 14.598547 "" "" 976.99292 1039.06775 15017.79928 4.0014 7009.7 10.117 11475.0 12.908 "" "" 0.002770465084475808 0.0032000972 0.00397182 0.0071719177 78.73624124345 33.15208680397 1008.31854 9.887999999999998 -3.048 9.97782352912426 -0.358941219329834 0.19550523 0.18550523 "" "" 47.71915516238771 "" 9.328743490461315 ""
78.98791948157 32.46826652962 0.0427 0.024 21.137 "" "" 180684296278576896 1269.48022 0.735 0.0449 0.088 -2.641 0.054 0.036 1.477 "" "" 15.252492 1.247061 15.785705 14.538644 "" "" 1202.95459 1351.41626 14926.22087 4.38 6624.2 12.725 12126.0 15.492 "" "" 0.0027736792665462814 0.0034835513 0.004025895 0.0075094467 78.98791948157 32.46826652962 1269.48022 0.08800000000000019 -2.641 0.17782352912425994 0.048058780670166 0.21250524 0.19450523 "" "" 1.1084131633872745 "" 0.23423942886089802 ""
79.29401452155 32.59682245658 0.0256 0.0194 32.323 "" "" 181014699523522304 1390.46301 0.6782 0.0294 1.235 0.805 0.033 0.025 0.998 6671.3 4.3845 15.255963 1.070325 15.703238 14.632913 "" "" 1340.10461 1438.95337 14878.58255 4.7404 7147.0 21.928 11117.0 26.425 "" "" 0.0027769499766789395 0.0043453285 0.0045764805 0.0089218095 79.29401452155 32.59682245658 1390.46301 1.235000000000001 0.8050000000000002 1.32482352912426 3.494058780670166 0.19150522 0.18350524 "" "" 24.628419698876105 "" 4.544678715914918 ""
78.47077705565 32.16928994982 0.0326 0.0181 32.8035 "" "" 180663646075704192 1109.52808 0.862 0.0348 1.901 -7.694 0.044 0.027 1.002 5232.8 4.3446 15.256434 1.189097 15.76827 14.579173 "" "" 1073.11536 1147.49268 14872.12685 3.7553 6731.5 12.155 11681.0 14.156 "" "" 0.002768925833237285 0.003410076 0.0040018763 0.007411952 78.47077705565 32.16928994982 1109.52808 1.9009999999999987 -7.6939999999999955 1.99082352912426 -5.004941219329834 0.20250523 0.18550523 "" "" 28.327716890730603 "" 5.323295753920164 ""
78.7152999658 32.70689841864 0.0292 0.0166 2.7531 "" "" 180706045992759552 1289.67578 0.7473 0.0304 1.403 -3.567 0.037 0.025 0.982 7868.8 4.1554 15.264708 1.401645 15.886096 14.484451 "" "" 1239.76941 1340.16272 14759.21407 3.9202 6039.2 13.158 12746.0 12.163 "" "" 0.0027703707366757047 0.0036579971 0.003918824 0.007576821 78.7152999658 32.70689841864 1289.67578 1.4029999999999998 -3.567 1.49282352912426 -0.8779412193298342 0.19550523 0.18350524 "" "" 10.586905764612178 "" 2.037903423388899 ""
78.24844937847 33.1139153666 0.03 0.019 32.8944 "" "" 181526865782243200 1202.74268 0.7977 0.0313 1.375 -0.541 0.039 0.029 1.126 "" "" 15.26774 1.133143 15.733322 14.600179 "" "" 1164.1283 1245.87512 14718.0576 3.5522 6951.7 12.525 11457.0 19.862 "" "" 0.002767752792036581 0.0034075982 0.004222153 0.007629751 78.24844937847 33.1139153666 1202.74268 1.3749999999999998 -0.5409999999999997 1.46482352912426 2.148058780670166 0.19750524 0.18750523 "" "" 14.822452229035157 "" 2.827178585821398 ""
78.88230801876 32.34776563924 0.0308 0.0172 23.3712 "" "" 180681753658024448 1315.80762 0.7184 0.0339 8.038 -5.254 0.038 0.027 1.01 5267.4 4.1686 15.270705 1.371797 15.883713 14.511916 "" "" 1252.0835 1368.85083 14677.92249 3.742 6052.5 10.557 12428.0 9.7258 "" "" 0.002769188821851956 0.0033721596 0.003873714 0.0072458736 78.88230801876 32.34776563924 1315.80762 8.038 -5.254 8.12782352912426 -2.5649412193298335 0.19650523 0.18550523 "" "" 53.15693945624751 "" 10.39401385829434 ""
78.66001459934 32.95096118626 0.0287 0.017 15.5933 "" "" 181837718336278528 1036.37231 0.9232 0.0306 3.264 -5.211 0.037 0.026 1.045 5289.1 4.3347 15.271666 1.167314 15.771724 14.60441 "" "" 1007.35583 1069.00842 14664.94924 3.5492 6710.1 10.835 11413.0 10.729 "" "" 0.002767821703404833 0.0032952474 0.003914778 0.0072100256 78.66001459934 32.95096118626 1036.37231 3.264 -5.211 3.3538235291242597 -2.5219412193298343 0.19550523 0.18450522 "" "" 20.613564708437178 "" 3.9496591715256715 ""
78.19233456383 32.43053358489 0.0303 0.0182 28.5233 "" "" 181424508122008576 1481.40698 0.6384 0.0309 4.86 -4.873 0.043 0.027 0.968 5842.2 3.6502 15.273936 1.488616 15.954272 14.465656 "" "" 1405.76062 1543.28235 14634.30533 4.1667 5671.6 10.213 12969.0 14.482 "" "" 0.0027726074722875665 0.003406981 0.003969086 0.007376067 78.19233456383 32.43053358489 1481.40698 4.86 -4.873000000000001 4.94982352912426 -2.183941219329834 0.20150523 0.18550523 "" "" 37.98977334820169 "" 7.559425042657997 ""
78.67070134045 32.15059600096 0.0309 0.0172 32.4317 "" "" 180649661662544384 1144.37427 0.829 0.0321 0.286 -4.77 0.043 0.027 0.978 5946.4 4.3095 15.281266 1.152158 15.768517 14.616359 "" "" 1098.24316 1197.3573 14535.84945 4.8411 6729.9 15.186 11288.0 13.449 "" "" 0.0027789465050280593 0.0037131328 0.003994635 0.0077077677 78.67070134045 32.15059600096 1144.37427 0.28600000000000025 -4.77 0.3758235291242599 -2.0809412193298336 0.20150523 0.18550523 "" "" 11.47033077912094 "" 2.1338447588223817 ""
78.16118893184 32.30955250941 0.0277 0.017 34.2306 "" "" 181414646877110528 1384.14038 0.6815 0.0285 3.849 3.934 0.036 0.025 1.001 6597.8 4.2014 15.284321 1.209397 15.802599 14.593202 "" "" 1331.00745 1443.51746 14495.00839 3.6911 6521.9 11.372 11531.0 8.8806 "" "" 0.002769156886649034 0.0033718091 0.0038707783 0.0072425874 78.16118893184 32.30955250941 1384.14038 3.8490000000000024 3.9340000000000006 3.93882352912426 6.623058780670166 0.19450523 0.18350524 "" "" 50.556359320539975 "" 9.425823984144198 ""
78.28425332511 32.77935595662 0.0304 0.0164 19.8895 "" "" 181466839319402880 1414.06848 0.6633 0.0386 1.876 -3.257 0.035 0.028 0.977 7559.0 4.1507 15.284549 1.498402 15.965739 14.467338 "" "" 1345.03357 1496.91675 14491.96448 4.1018 5612.0 11.16 12949.0 19.291 "" "" 0.0027724044786566087 0.0035279908 0.004110963 0.0076389536 78.28425332511 32.77935595662 1414.06848 1.8759999999999994 -3.2570000000000023 1.9658235291242598 -0.5679412193298341 0.19350523 0.18650523 "" "" 13.71517232977182 "" 2.6466852836257813 ""
78.04574507524 32.85422110496 0.0308 0.0189 32.6954 "" "" 181516592220583552 1111.70447 0.863 0.0323 0.362 -1.605 0.041 0.029 0.974 5928.7 4.3531 15.284968 1.183974 15.792787 14.608812 "" "" 1078.81934 1146.95703 14486.36908 6.3186 6581.2 13.003 11367.0 19.596 "" "" 0.0027957216300144028 0.0035194922 0.004217481 0.007736973 78.04574507524 32.85422110496 1111.70447 0.362 -1.605 0.45182352912425994 1.084058780670166 0.19950524 0.18750523 "" "" 6.188728926840752 "" 1.1717072586710864 ""
79.00765602596 32.32482932747 0.0322 0.0189 28.0199 "" "" 180634234139831296 1210.42688 0.7824 0.0333 1.402 -4.829 0.04 0.028 1.053 5936.6 4.4152 15.288563 1.118657 15.75789 14.639233 "" "" 1160.2179 1264.85901 14438.48954 3.8494 6796.1 13.172 11053.0 13.677 "" "" 0.00277048356972022 0.0034947535 0.0040110718 0.0075058253 79.00765602596 32.32482932747 1210.42688 1.402 -4.829000000000004 1.4918235291242599 -2.1399412193298337 0.19850522 0.18650523 "" "" 14.966743778410901 "" 2.8513595719794034 ""
78.30047481037 32.43569049102 0.0485 0.0276 23.9365 "" "" 181422888916972928 1337.09314 0.7307 0.0486 1.365 -7.788 0.066 0.043 1.426 6503.7 4.1938 15.290674 1.247781 15.735473 14.487692 "" "" 1215.69495 1450.98792 14410.43638 6.242 6937.9 16.058 12708.0 10.646 "" "" 0.0027951685806713866 0.0037550072 0.0038872913 0.0076422985 78.30047481037 32.43569049102 1337.09314 1.365 -7.788 1.45482352912426 -5.098941219329834 0.22450523 0.20150523 "" "" 33.605824382093644 "" 6.832978579677583 ""
78.64158888498 32.12145816665 0.0293 0.0172 34.1972 "" "" 180649489863871872 1129.66907 0.8393 0.0309 -0.239 -2.863 0.043 0.027 0.954 5881.5 4.3907 15.296831 1.121469 15.768139 14.646669 "" "" 1092.57617 1175.60571 14328.95384 33.439 6732.3 54.013 10977.0 70.465 "" "" 0.0037432150309865647 0.009146774 0.007928457 0.017075231 78.64158888498 32.12145816665 1129.66907 -0.23900000000000005 -2.863 -0.14917647087574004 -0.17394121932983397 0.20150523 0.18550523 "" "" 1.2270072959897682 "" 0.23613581682495807 ""
79.12149507653 32.51037948742 0.0283 0.0183 25.5357 "" "" 181059229744533632 1383.42114 0.6882 0.0307 0.835 -2.504 0.037 0.026 0.978 6001.3 4.2991 15.298546 1.099217 15.760262 14.661044 "" "" 1323.66943 1439.07068 14306.33462 4.0804 6781.3 13.068 10833.0 13.212 "" "" 0.0027726674345341334 0.003487506 0.004004642 0.007492148 79.12149507653 32.51037948742 1383.42114 0.8350000000000003 -2.5040000000000004 0.9248235291242599 0.185058780670166 0.19550523 0.18450522 "" "" 6.184673639806387 "" 1.2065878958634737 ""
79.0932180594 32.72533889892 0.0285 0.0188 21.7612 "" "" 181067098124541952 1158.91846 0.8263 0.0313 -0.088 -7.391 0.037 0.027 1.058 5492.8 4.3247 15.300523 1.152844 15.787607 14.634763 "" "" 1118.53735 1202.19604 14280.30785 4.6802 6612.6 16.227 11098.0 15.408 "" "" 0.0027782025482244845 0.0038579497 0.004068901 0.007926851 79.0932180594 32.72533889892 1158.91846 -0.08799999999999975 -7.390999999999998 0.0018235291242599538 -4.701941219329834 0.19550523 0.18550523 "" "" 25.82905104303114 "" 4.791423997571664 ""
79.24206546388 32.81438300415 0.0302 0.0219 30.0876 "" "" 181072969341838080 1448.59143 0.6555 0.0312 3.335 -5.17 0.039 0.028 0.973 5754.8 4.3497 15.31494 1.064497 15.76437 14.699873 "" "" 1392.40173 1518.47937 14091.93849 4.5184 6755.7 16.639 10452.0 13.747 "" "" 0.002777225614166785 0.0038647086 0.0040401677 0.007904876 79.24206546388 32.81438300415 1448.59143 3.335 -5.169999999999996 3.42482352912426 -2.480941219329834 0.19750524 0.18650523 "" "" 29.037717724107253 "" 5.627218915199371 ""
78.85972238836 32.18756354253 0.0513 0.0311 31.7942 "" "" 180627052954623616 1206.19604 0.7939 0.0582 0.717 -4.636 0.07 0.048 1.763 5862.1 4.4519 15.319792 1.137693 15.769087 14.631393 "" "" 1138.38489 1293.19604 14029.1037 8.2952 6726.4 15.931 11133.0 16.368 "" "" 0.0028291212915122713 0.0037944173 0.0041026603 0.007897077 78.85972238836 32.18756354253 1206.19604 0.7169999999999995 -4.636 0.8068235291242599 -1.946941219329834 0.22850522 0.20650524 "" "" 12.0493394673152 "" 2.528841766936992 ""
78.66699431648 32.33457135552 0.0362 0.0177 21.3919 "" "" 180678244668399232 1487.71021 0.6438 0.0425 5.019 -7.654 0.044 0.03 0.977 5839.9 4.3617 15.321727 1.18442 15.828972 14.644552 "" "" 1401.88611 1576.0094 14004.12359 3.7267 6365.4 10.159 10999.0 12.633 "" "" 0.002770427768495234 0.0032844574 0.0039798007 0.0072642583 78.66699431648 32.33457135552 1487.71021 5.018999999999999 -7.654 5.10882352912426 -4.964941219329834 0.20250523 0.18850523 "" "" 50.23631623225659 "" 9.83778771860993 ""
79.03716755893 32.49036497897 0.0293 0.0183 22.3767 "" "" 180684639875947136 1251.57959 0.7628 0.032 -3.981 -4.149 0.038 0.028 0.991 6025.1 4.1864 15.323853 1.03474 15.751364 14.716623 "" "" 1202.64966 1301.46069 13976.7311 3.9741 6837.1 15.526 10292.0 17.833 "" "" 0.0027725609548010246 0.0037234302 0.0042217136 0.007945144 79.03716755893 32.49036497897 1251.57959 -3.980999999999997 -4.149000000000001 -3.89117647087574 -1.459941219329834 0.19650523 0.18650523 "" "" 24.655664479714932 "" 4.815225157267302 ""
78.25095724704 32.31853702273 0.0316 0.02 30.606 "" "" 181419663398906112 1278.51172 0.737 0.0315 3.793 -4.397 0.043 0.029 1.05 6020.1 4.2348 15.327127 1.204019 15.844378 14.64036 "" "" 1234.21265 1333.01831 13934.65093 3.6434 6275.7 13.048 11041.0 14.494 "" "" 0.0027699056574454644 0.0035889896 0.004039206 0.007628196 78.25095724704 32.31853702273 1278.51172 3.7930000000000006 -4.397 3.88282352912426 -1.7079412193298342 0.20150523 0.18750523 "" "" 25.706292948686272 "" 5.123325148906497 ""
78.83019683981 32.47922098746 0.0495 0.0279 15.2352 "" "" 180686701460309120 1102.63623 0.8789 0.0542 1.632 -2.384 0.063 0.042 1.754 5136.3 4.3669 15.328584 1.233827 15.854605 14.620778 "" "" 1037.56958 1191.58899 13915.96447 5.8142 6216.9 14.796 11242.0 13.021 "" "" 0.0027924127195526807 0.0038029165 0.0039831093 0.0077860258 78.83019683981 32.47922098746 1102.63623 1.631999999999999 -2.3840000000000012 1.7218235291242598 0.3050587806701661 0.22150522 0.20050523 "" "" 9.139252433159362 "" 2.018820252993784 ""
78.64508047458 32.54840352421 0.0318 0.0188 8.6153 "" "" 180696734503685632 1100.79919 0.8694 0.0373 0.216 -6.552 0.037 0.028 0.997 5854.2 4.4585 15.345822 1.144589 15.828851 14.684261 "" "" 1063.67432 1150.26208 13696.76497 3.1759 6366.1 12.396 10604.0 15.51 "" "" 0.0027667975224059645 0.0035006583 0.00409947 0.0076001287 78.64508047458 32.54840352421 1100.79919 0.21600000000000025 -6.552000000000005 0.3058235291242599 -3.8629412193298336 0.19550523 0.18650523 "" "" 20.21907582240709 "" 3.77212395429908 ""
79.21706647002 32.704100875 0.0322 0.023 27.9308 "" "" 181068987910128896 1295.34729 0.7293 0.0352 0.664 -1.999 0.042 0.031 1.126 6263.9 4.4252 15.346775 1.037746 15.776547 14.738801 "" "" 1234.69067 1363.44714 13684.74583 4.6145 6680.3 12.719 10084.0 24.22 "" "" 0.002779537069282511 0.0034725121 0.00459174 0.008064252 79.21706647002 32.704100875 1295.34729 0.6640000000000003 -1.999 0.75382352912426 0.6900587806701659 0.20050523 0.18950523 "" "" 6.274865863599487 "" 1.2271555635375757 ""
