Clusters/Dolidze_16/Dolidze_16_stars_in_region.tsv
# %ECSV 1.0
# ---
# datatype:
# - name: RA_ICRS_1
#   unit: deg
#   datatype: float64
#   format: '{:15.11f}'
#   description: Right ascension (ICRS) at Ep=2016.0 (ra)
#   meta: !!omap
#   - {ucd: POS_EQ_RA_MAIN}
#   - {width: 15}
#   - {precision: '11'}
# - name: DE_ICRS_1
#   unit: deg
#   datatype: float64
#   format: '{:15.11f}'
#   description: Declination (ICRS) at Ep=2016.0 (dec)
#   meta: !!omap
#   - {ucd: POS_EQ_DEC_MAIN}
#   - {width: 15}
#   - {precision: '11'}
# - name: e_RA_ICRS
#   unit: mas
#   datatype: float64
#   format: '{:7.4f}'
#   description: Standard error of right ascension (ra_error)
#   meta: !!omap
#   - {ucd: ERROR}
#   - {width: 7}
#   - {precision: '4'}
# - name: e_DE_ICRS
#   unit: mas
#   datatype: float64
#   format: '{:7.4f}'
#   description: Standard error of declination (dec_error)
#   meta: !!omap
#   - {ucd: ERROR}
#   - {width: 7}
#   - {precision: '4'}
# - name: _r_1
#   unit: ''
#   datatype: float64
#   format: '{:7.4f}'
#   description: Distance from center (078.66410865000+32.69109508000)[ICRS], at Epoch=J2016.0
#   meta: !!omap
#   - {ucd: POS_ANG_DIST_GENERAL}
#   - {width: 7}
#   - {precision: '4'}
# - name: HIP
#   datatype: int32
#   description: '? HIP cross-id number, van Leeuwen, Cat. I/311 (hip_original_ext_source_id)'
#   meta: !!omap
#   - {ucd: ID_NUMBER}
#   - {width: 6}
#   - values: {'null': -2147483648}
# - name: TYC2
#   datatype: string
#   description: Tycho-2 cross-id name, Hog et al., Cat. I/259 (tyc2_original_ext_source_id)
#   meta: !!omap
#   - {ucd: ID_CROSSID}
#   - {_votable_string_dtype: char}
# - name: Source
#   datatype: int64
#   description: Source identifier, identical to the Gaia-EDR3 source_id (id)
#   meta: !!omap
#   - {ucd: ID_MAIN}
#   - {width: 19}
# - name: rgeo
#   unit: pc
#   datatype: float64
#   format: '{:15.8f}'
#   description: '? Median of the geometric distance posterior (r_med_geo)'
#   meta: !!omap
#   - {ucd: PHYS_DISTANCE_TRUE}
#   - {width: 15}
#   - {precision: '8'}
#   - values: {'null': .nan}
# - name: Plx
#   unit: mas
#   datatype: float64
#   format: '{:9.4f}'
#   description: '? Parallax (parallax)'
#   meta: !!omap
#   - {ucd: POS_PARLX_TRIG}
#   - {width: 9}
#   - {precision: '4'}
#   - values: {'null': .nan}
# - name: e_Plx
#   unit: mas
#   datatype: float32
#   format: '{:7.4f}'
#   description: '? Standard error of parallax (parallax_error)'
#   meta: !!omap
#   - {ucd: ERROR}
#   - {width: 7}
#   - {precision: '4'}
#   - values: {'null': .nan}
# - name: pmRA
#   unit: mas / yr
#   datatype: float64
#   format: '{:9.3f}'
#   description: '? Proper motion in right ascension direction, pmRA*cosDE (pmra)'
#   meta: !!omap
#   - {ucd: POS_EQ_PMRA}
#   - {width: 9}
#   - {precision: '3'}
#   - values: {'null': .nan}
# - name: pmDE
#   unit: mas / yr
#   datatype: float64
#   format: '{:9.3f}'
#   description: '? Proper motion in declination direction (pmdec)'
#   meta: !!omap
#   - {ucd: POS_EQ_PMDEC}
#   - {width: 9}
#   - {precision: '3'}
#   - values: {'null': .nan}
# - name: e_pmRA
#   unit: mas / yr
#   datatype: float32
#   format: '{:6.3f}'
#   description: '? Standard error of proper motion in right ascension direction (pmra_error)'
#   meta: !!omap
#   - {ucd: ERROR}
#   - {width: 6}
#   - {precision: '3'}
#   - values: {'null': .nan}
# - name: e_pmDE
[...]
#         value: !astropy.table.SerializedColumn {name: SkyCoord.dec}
#       distance: !astropy.table.SerializedColumn
#         __class__: astropy.coordinates.distances.Distance
#         unit: !astropy.units.Unit {unit: pc}
#         value: !astropy.table.SerializedColumn {name: SkyCoord.distance}
#       frame: icrs
#       obstime: !astropy.time.Time {format: jyear_str, in_subfmt: '*', jd1: 367701545.0, jd2: 0.0, out_subfmt: '*', precision: 3, scale: tt}
#       pm_dec: !astropy.table.SerializedColumn
#         __class__: astropy.units.quantity.Quantity
#         unit: !astropy.units.Unit {unit: mas / yr}
#         value: !astropy.table.SerializedColumn {name: SkyCoord.pm_dec}
#       pm_ra_cosdec: !astropy.table.SerializedColumn
#         __class__: astropy.units.quantity.Quantity
#         unit: !astropy.units.Unit {unit: mas / yr}
#         value: !astropy.table.SerializedColumn {name: SkyCoord.pm_ra_cosdec}
#       ra: !astropy.table.SerializedColumn
#         __class__: astropy.coordinates.angles.Longitude
#         unit: *id001
#         value: !astropy.table.SerializedColumn {name: SkyCoord.ra}
#         wrap_angle: !astropy.coordinates.Angle
#           unit: *id001
#           value: 360.0
#       representation_type: spherical
# schema: astropy-2.0
RA_ICRS_1 DE_ICRS_1 e_RA_ICRS e_DE_ICRS _r_1 HIP TYC2 Source rgeo Plx e_Plx pmRA pmDE e_pmRA e_pmDE RUWE Teff logg Gmag BP-RP BPmag RPmag RV e_RV b_rgeo B_rgeo FG e_FG FBP e_FBP FRP e_FRP RAVE5 RAVE6 e_Gmag e_BPmag e_RPmag e_BP-RP SkyCoord.ra SkyCoord.dec SkyCoord.distance SkyCoord.pm_ra_cosdec SkyCoord.pm_dec rmRA rmDE e_rmRA e_rmDE rRV e_rRV v_pec v_pec3d e_vpec e_vpec3d
[from data line 869]
78.38839584051 32.80511619692 0.0511 0.0298 15.5044 "" "" 181466319627032448 1260.22559 0.7571 0.0593 0.816 -5.685 0.064 0.046 1.068 5005.7 3.7554 16.4386 1.624188 17.196177 15.571988 "" "" 1190.55493 1358.65271 5006.18232 2.2549 1807.0 8.4331 4681.3 10.666 "" "" 0.002798383483734876 0.0057844473 0.004516998 0.010301445 78.38839584051 32.80511619692 1260.22559 0.8159999999999996 -5.685000000000002 0.9058235291242599 -2.9959412193298336 0.22250524 0.20450523 "" "" 18.696271894394368 "" 3.8528011907198625 ""
78.97904061926 32.64928373493 0.0483 0.0291 16.103 "" "" 181064723006418816 1122.85706 0.8765 0.0522 -2.476 -3.221 0.06 0.042 1.027 "" "" 16.442045 1.426715 16.83889 15.412175 "" "" 1067.18713 1178.93274 4990.32327 2.5898 2511.1 11.59 5423.6 13.247 "" "" 0.002812343279666027 0.0057356255 0.004616948 0.010352573 78.97904061926 32.64928373493 1122.85706 -2.4759999999999995 -3.221 -2.38617647087574 -0.5319412193298341 0.21850523 0.20050523 "" "" 13.011793527041903 "" 2.832493361435076 ""
78.29373884859 33.12469819265 0.0482 0.029 32.0141 "" "" 181527548682520192 1142.01465 0.8488 0.0509 0.998 -3.802 0.062 0.044 1.005 4665.5 4.3688 16.444859 1.618419 17.208069 15.58965 "" "" 1082.1886 1210.93909 4977.41263 2.3732 1787.3 8.2887 4605.7 9.6518 "" "" 0.0028035288627174123 0.005756551 0.0044114254 0.010167977 78.29373884859 33.12469819265 1142.01465 0.9979999999999999 -3.802 1.08782352912426 -1.112941219329834 0.22050524 0.20250523 "" "" 8.424360124714518 "" 1.781678944085017 ""
78.99089949409 32.25518525472 0.0542 0.035 30.9465 "" "" 180633405209575680 1165.04358 0.8534 0.0657 3.158 -4.82 0.065 0.053 0.977 4786.8 4.4935 16.446995 1.397113 17.079672 15.682559 "" "" 1076.521 1255.83887 4967.62878 2.3682 2011.6 9.1566 4228.0 12.679 "" "" 0.0028035153437687985 0.0056753857 0.004988464 0.01066385 78.99089949409 32.25518525472 1165.04358 3.1580000000000004 -4.82 3.24782352912426 -2.1309412193298343 0.22350523 0.21150523 "" "" 21.45134862304696 "" 4.718500104919966 ""
78.09142563373 32.74679520219 0.0592 0.0348 29.1015 "" "" 181444677288197376 1430.52478 0.7052 0.0725 3.757 -5.006 0.077 0.056 1.02 7187.2 4.3384 16.453218 1.785182 17.308788 15.523606 "" "" 1281.20374 1605.05579 4939.23238 2.6811 1628.9 14.643 4894.6 16.392 "" "" 0.002817646199864134 0.010151211 0.005244535 0.015395746 78.09142563373 32.74679520219 1430.52478 3.757 -5.006 3.84682352912426 -2.316941219329834 0.23550522 0.21450523 "" "" 30.449943615456558 "" 7.006602996436228 ""
78.54222049799 32.72952224369 0.0543 0.0319 6.5713 "" "" 181456153440999808 1441.31494 0.6811 0.0615 0.025 -2.837 0.07 0.052 1.093 7048.1 4.284 16.45391 2.283573 17.650959 15.367386 "" "" 1325.83215 1580.70703 4936.07903 10.618 1188.6 12.676 5652.0 30.711 "" "" 0.0036119905832972614 0.011910421 0.007006281 0.018916702 78.54222049799 32.72952224369 1441.31494 0.024999999999999967 -2.837 0.11482352912425994 -0.14794121932983417 0.22850522 0.21050523 "" "" 1.2794154681898686 "" 0.2782049514919753 ""
78.10713335467 32.5918544481 0.0595 0.0329 28.7635 "" "" 181439592046958080 1139.72644 0.8608 0.0671 -6.609 -5.89 0.083 0.052 0.938 4927.5 4.5092 16.454145 1.477713 17.137388 15.659676 "" "" 1069.76685 1209.21106 4935.01802 2.4188 1907.5 12.755 4318.1 11.979 "" "" 0.0028062385762593427 0.0077777584 0.004832779 0.012610538 78.10713335467 32.5918544481 1139.72644 -6.6090000000000035 -5.89 -6.51917647087574 -3.2009412193298337 0.24150524 0.21050523 "" "" 39.23489004528754 "" 9.251686732992287 ""
78.60085604372 32.65096728578 0.0499 0.0325 4.0004 "" "" 181454744691728896 1228.04089 0.8017 0.0543 0.19 -2.587 0.065 0.048 1.038 5284.3 3.9125 16.454517 1.589389 17.195656 15.606267 "" "" 1138.83545 1324.56006 4933.32379 6.9739 1807.8 9.9414 4535.8 15.84 "" "" 0.003153964737774598 0.006590424 0.0053535188 0.011943943 78.60085604372 32.65096728578 1228.04089 0.19 -2.587 0.27982352912425995 0.10205878067016583 0.22350523 0.20650524 "" "" 1.7337843880034451 "" 0.3841665748630332 ""
78.40968831172 32.53276045169 0.0577 0.0338 15.9873 "" "" 181446700215850240 1263.48938 0.7762 0.0618 1.58 -3.013 0.079 0.053 1.024 4886.9 4.532 16.455793 1.338327 17.049547 15.71122 "" "" 1177.55371 1393.06787 4927.53365 2.3286 2068.2 8.2755 4117.8 9.5117 "" "" 0.002802685490130653 0.00516319 0.0045358012 0.009698991 78.40968831172 32.53276045169 1263.48938 1.5799999999999996 -3.013000000000001 1.66982352912426 -0.3239412193298339 0.23750523 0.21150523 "" "" 10.186917952856279 "" 2.4103485285056383 ""
78.14677769364 32.42645589624 0.0538 0.0313 30.6031 "" "" 181424263306492544 1245.948 0.7824 0.0546 0.936 1.991 0.073 0.047 1.005 5326.0 4.0068 16.457066 1.495253 17.146574 15.651321 "" "" 1159.1488 1322.63782 4921.76401 2.237 1891.4 9.1121 4351.4 11.908 "" "" 0.002799162704505661 0.0059283404 0.0048074783 0.010735819 78.14677769364 32.42645589624 1245.948 0.936 1.991 1.02582352912426 4.680058780670166 0.23150523 0.20550522 "" "" 28.29563247137215 "" 5.8506490740057115 ""
79.26879899763 32.68170191315 0.0505 0.0374 30.541 "" "" 181068060197186688 1023.03778 0.9544 0.0543 -4.731 1.43 0.067 0.05 1.135 5012.2 4.639 16.457197 1.376282 17.07529 15.699009 "" "" 965.36676 1076.97314 4921.16732 2.8253 2019.8 14.003 4164.4 6.8914 "" "" 0.002824948592311674 0.008027747 0.004184724 0.012212471 79.26879899763 32.68170191315 1023.03778 -4.731 1.43 -4.64117647087574 4.119058780670166 0.22550523 0.20850523 "" "" 30.09128837423025 "" 6.565261930273997 ""
78.50130713285 32.38238350554 0.0546 0.0299 20.2708 "" "" 180693775270227968 1499.34045 0.6587 0.0644 5.335 -4.554 0.072 0.047 1.004 5475.8 4.6641 16.458284 1.369986 17.069221 15.699235 "" "" 1372.76196 1649.57153 4916.2352 2.198 2031.1 8.8783 4163.6 8.5549 "" "" 0.002797753341758454 0.005505366 0.004388669 0.009894035 78.50130713285 32.38238350554 1499.34045 5.334999999999997 -4.554000000000004 5.42482352912426 -1.8649412193298343 0.23050523 0.20550522 "" "" 40.76813753628045 "" 9.2948295764074 ""
78.7871044453 32.13723898856 0.0517 0.0306 33.8103 "" "" 180671926773365504 1430.21521 0.675 0.0572 7.366 -4.715 0.076 0.047 0.943 5402.6 4.6949 16.46028 1.243579 16.991184 15.747605 "" "" 1339.31567 1538.13879 4907.21404 2.1718 2182.4 9.714 3982.1 10.161 "" "" 0.0027969065718706923 0.005580309 0.004686049 0.010266358 78.7871044453 32.13723898856 1430.21521 7.365999999999997 -4.715000000000002 7.45582352912426 -2.025941219329834 0.23450524 0.20550522 "" "" 52.377424233094324 "" 12.18440396567178 ""
78.8596277125 32.24237524337 0.0596 0.0357 28.6848 "" "" 180674194515636864 1465.45496 0.6704 0.0658 -1.389 -4.88 0.079 0.058 1.034 5178.4 4.6852 16.462683 1.349546 17.06662 15.717073 "" "" 1357.76782 1608.87866 4896.36623 2.2135 2036.0 8.8241 4095.7 12.988 "" "" 0.0027986965156985007 0.005470641 0.005112539 0.01058318 78.8596277125 32.24237524337 1465.45496 -1.3890000000000011 -4.880000000000003 -1.29917647087574 -2.190941219329834 0.23750523 0.21650523 "" "" 17.69330699488988 "" 3.930735258961414 ""
78.16041237871 32.7885667715 0.101 0.0551 26.0846 "" "" 181468626026043520 1254.41895 0.7743 0.1133 11.824 -8.707 0.128 0.09 1.847 4551.3 4.4707 16.463152 1.737558 17.28547 15.547911 "" "" 1113.5813 1446.17505 4894.24929 6.6331 1664.3 9.8313 4786.2 12.475 "" "" 0.0031236271793243027 0.0069942577 0.004721458 0.011715716 78.16041237871 32.7885667715 1254.41895 11.824 -8.707 11.91382352912426 -6.017941219329835 0.28650522 0.24850523 "" "" 79.36330057394964 "" 22.158205880717254 ""
78.20063438691 32.69736919296 0.0628 0.0316 23.4056 "" "" 181464640296181120 1405.77844 0.6909 0.0808 1.397 -9.107 0.074 0.054 0.985 5200.9 4.6644 16.46446 1.377643 17.075035 15.697392 "" "" 1273.42444 1579.83679 4888.35426 2.3865 2020.2 14.936 4170.6 19.539 "" "" 0.0028058422002573483 0.008498296 0.0063369777 0.014835274 78.20063438691 32.69736919296 1405.77844 1.3969999999999994 -9.106999999999992 1.48682352912426 -6.417941219329833 0.23250523 0.21250524 "" "" 43.89784041904872 "" 9.375227819699333 ""
79.29159913346 32.77994151791 0.0662 0.0501 32.1152 "" "" 181069675104854912 1168.36694 0.835 0.0736 5.959 1.88 0.086 0.062 1.3 5158.3 4.7631 16.465384 1.237068 16.973272 15.736204 "" "" 1088.11829 1264.93787 4884.19797 5.2396 2218.7 14.452 4024.2 18.318 "" "" 0.002991389285051962 0.0076026875 0.0062216837 0.013824372 79.29159913346 32.77994151791 1168.36694 5.959 1.88 6.04882352912426 4.569058780670166 0.24450523 0.22050524 "" "" 41.98147180702615 "" 9.910508770160437 ""
78.234556366 32.26489851062 0.0501 0.0321 33.5653 "" "" 180668795740119808 1013.16833 0.9673 0.0514 5.885 -5.977 0.067 0.047 1.01 4944.9 4.6684 16.467703 1.336337 17.064964 15.728627 "" "" 955.330322 1076.07214 4873.7767 2.1751 2039.1 8.1009 4052.4 9.4485 "" "" 0.002797602078846937 0.0051371595 0.0045488602 0.009686019 78.234556366 32.26489851062 1013.16833 5.885 -5.977 5.97482352912426 -3.2879412193298343 0.22550523 0.20550522 "" "" 32.751318802225846 "" 7.238629006515409 ""
78.79238039642 32.87785341826 0.0507 0.0314 12.9394 "" "" 181833487793527040 1469.96082 0.6619 0.054 -1.338 -4.961 0.067 0.046 1.106 5671.8 4.6469 16.469078 1.256014 16.999275 15.743261 "" "" 1352.625 1580.12695 4867.61053 2.2202 2166.2 8.8684 3998.1 14.732 "" "" 0.0027994704842147374 0.005248143 0.0055035497 0.010751693 78.79238039642 32.87785341826 1469.96082 -1.3380000000000003 -4.961 -1.2481764708757401 -2.2719412193298343 0.22550523 0.20450523 "" "" 18.061665547588213 "" 3.7850302851760524 ""
78.64455257533 33.16039100929 0.0487 0.0289 28.175 "" "" 181853966195281280 1321.86951 0.729 0.0536 -4.199 -6.547 0.062 0.043 1.004 5249.4 4.6253 16.469946 1.292729 17.036589 15.743859 "" "" 1240.28845 1409.74048 4863.71703 2.0576 2093.1 9.0502 3995.9 13.59 "" "" 0.0027933431249781097 0.005461108 0.005283827 0.010744935 78.64455257533 33.16039100929 1321.86951 -4.198999999999996 -6.547 -4.10917647087574 -3.8579412193298337 0.22050524 0.20150523 "" "" 35.31579478353473 "" 7.480453360590407 ""
78.16444401615 32.65478877533 0.0545 0.0306 25.3299 "" "" 181440996499552640 1202.67493 0.8193 0.0654 3.18 -7.897 0.071 0.048 0.98 4789.0 4.3982 16.47163 1.446285 17.12834 15.682054 "" "" 1110.89661 1315.54858 4856.18002 2.9864 1923.4 9.9131 4230.0 11.956 "" "" 0.0028350669677521126 0.0062528644 0.0048684 0.011121264 78.16444401615 32.65478877533 1202.67493 3.1799999999999997 -7.897 3.26982352912426 -5.207941219329834 0.22950524 0.20650524 "" "" 35.05542149095084 "" 7.4759190713941575 ""
79.18762632138 33.04662338862 0.0596 0.039 33.9275 "" "" 181089530736402560 1358.87292 0.72 0.0688 0.56 -4.485 0.083 0.054 1.026 4924.5 4.6706 16.47363 1.354355 17.078943 15.724588 "" "" 1260.89368 1497.91589 4847.23787 3.4299 2013.0 12.289 4067.5 13.916 "" "" 0.0028604233105919414 0.007191549 0.005299238 0.012490787 79.18762632138 33.04662338862 1358.87292 0.5600000000000005 -4.485000000000001 0.64982352912426 -1.7959412193298343 0.24150524 0.21250524 "" "" 12.30170427649824 "" 2.65792728669535 ""
78.33997117338 32.77624938439 0.0533 0.0296 17.139 "" "" 181466220844101376 1233.48975 0.8044 0.0642 8.749 -2.759 0.063 0.047 1.001 6344.8 4.4702 16.477194 1.708572 17.287357 15.578785 "" "" 1140.91968 1369.27649 4831.35795 2.1977 1661.4 13.326 4652.0 8.7759 "" "" 0.0027992336790268824 0.009144688 0.004298712 0.0134434 78.33997117338 32.77624938439 1233.48975 8.749 -2.7590000000000012 8.83882352912426 -0.06994121932983388 0.22150522 0.20550522 "" "" 51.6799334777479 "" 11.447325375737142 ""
78.16344592754 32.29662472737 0.0527 0.0319 34.6719 "" "" 181414612517373312 1375.07617 0.7062 0.0566 2.629 -5.558 0.071 0.049 0.991 5231.9 4.6483 16.478716 1.361381 17.081102 15.719722 "" "" 1283.10742 1475.28784 4824.58843 2.767 2009.0 14.204 4085.7 11.634 "" "" 0.00282480699403889 0.008167708 0.0048828144 0.013050523 78.16344592754 32.29662472737 1375.07617 2.6289999999999996 -5.558 2.71882352912426 -2.868941219329834 0.22950524 0.20750523 "" "" 25.762314811700378 "" 5.621112342838374 ""
78.94611159803 32.37092591159 0.0552 0.0325 23.9276 "" "" 180681478780086656 1400.75012 0.7026 0.0616 0.074 -3.047 0.07 0.051 0.928 5368.5 4.7144 16.479034 1.21426 17.011295 15.797035 "" "" 1285.53833 1533.40515 4823.172 2.4312 2142.4 8.8044 3804.9 10.346 "" "" 0.0028091472864511502 0.005262503 0.004795782 0.010058285 78.94611159803 32.37092591159 1400.75012 0.07399999999999998 -3.047 0.16382352912425996 -0.35794121932983414 0.22850522 0.20950523 "" "" 2.6136588796792264 "" 0.5564933082546742 ""
78.40324682789 32.4725893174 0.0516 0.0302 18.5962 "" "" 181445914238994432 1158.17761 0.8369 0.0574 2.516 -0.699 0.072 0.047 0.98 5132.1 4.6905 16.479193 1.374869 17.093523 15.718654 "" "" 1089.00305 1237.85767 4822.468 1.9713 1986.1 10.726 4089.7 7.9139 "" "" 0.0027908361341544806 0.00649356 0.0043241037 0.010817664 78.40324682789 32.4725893174 1158.17761 2.5160000000000022 -0.699 2.60582352912426 1.9900587806701662 0.23050523 0.20550522 "" "" 17.999932332073282 "" 3.9892175727430432 ""
78.5573888666 32.66138035022 0.1193 0.0649 5.677 "" "" 181454916490422272 1021.56238 0.9757 0.1282 1.478 -1.352 0.146 0.102 2.24 "" "" 16.482481 1.637545 17.109398 15.471853 "" "" 921.020203 1163.49512 4807.89163 5.8895 1957.3 8.707 5133.5 10.326 "" "" 0.0030595195986532426 0.0055778753 0.0043650162 0.009942891 78.5573888666 32.66138035022 1021.56238 1.4780000000000013 -1.3520000000000012 1.56782352912426 1.337058780670166 0.30450523 0.26050523 "" "" 9.977525253784483 "" 2.861580369163237 ""
79.23436515226 32.41591811455 0.0549 0.0378 33.2314 "" "" 181010950013423104 1031.57788 0.9348 0.0621 3.193 -4.391 0.072 0.051 1.08 4707.0 4.6241 16.484526 1.458042 17.084452 15.62641 "" "" 968.203003 1121.90662 4798.84373 2.8739 2002.8 25.288 4452.4 61.235 "" "" 0.0028310022072990685 0.013989917 0.015403265 0.029393181 79.23436515226 32.41591811455 1031.57788 3.193 -4.391 3.28282352912426 -1.701941219329834 0.23050523 0.20950523 "" "" 18.080929545960572 "" 4.090256779863927 ""
78.55358084563 32.42764036441 0.0659 0.0373 16.7664 "" "" 180694428105355264 1135.61621 0.8811 0.0839 4.734 1.758 0.086 0.064 1.021 4985.0 4.6979 16.486412 1.365531 17.103172 15.737641 "" "" 1033.21558 1294.56665 4790.51588 2.335 1968.6 9.8669 4018.8 9.7093 "" "" 0.0028056824010969364 0.0061154654 0.0046004793 0.010715945 78.55358084563 32.42764036441 1135.61621 4.734 1.758 4.82382352912426 4.447058780670166 0.24450523 0.22250524 "" "" 35.31622979787506 "" 8.287098057759312 ""
78.0669015358 32.40202404811 0.051 0.0311 34.8305 "" "" 181419113642952832 1270.77856 0.7562 0.0576 2.351 -7.772 0.068 0.045 0.999 5135.5 4.6217 16.48758 1.444336 17.141233 15.696898 "" "" 1191.46057 1381.47668 4785.36276 2.293 1900.7 9.3659 4172.5 14.303 "" "" 0.0028040062799599198 0.006033938 0.0053043053 0.011338243 78.0669015358 32.40202404811 1270.77856 2.351 -7.772000000000002 2.44082352912426 -5.082941219329834 0.22650523 0.20350523 "" "" 33.96410676121927 "" 7.064831147978449 ""
78.6419654844 32.50327886023 0.0538 0.0302 11.3244 "" "" 180693573407762816 1285.16443 0.7778 0.0638 0.147 -3.913 0.063 0.048 0.999 5416.8 4.6262 16.48761 1.399106 17.120707 15.721601 "" "" 1179.97375 1397.20972 4785.22767 5.1811 1937.0 11.401 4078.7 13.233 "" "" 0.002995617383034786 0.0069730957 0.0051664584 0.012139554 78.6419654844 32.50327886023 1285.16443 0.14700000000000002 -3.9129999999999994 0.23682352912425994 -1.2239412193298338 0.22150522 0.20650524 "" "" 7.594146359689083 "" 1.572485428267867 ""
78.83269522158 32.43495293586 0.0626 0.0339 17.5747 "" "" 180685460213658624 1340.60217 0.7479 0.0635 2.089 -4.935 0.074 0.05 1.101 5106.6 4.66 16.494635 1.406158 17.127428 15.72127 "" "" 1232.46033 1455.54688 4754.3689 2.5798 1925.1 12.596 4079.9 8.7211 "" "" 0.0028176006876880996 0.0076323017 0.0044350927 0.012067394 78.83269522158 32.43495293586 1340.60217 2.0890000000000004 -4.935 2.17882352912426 -2.2459412193298336 0.23250523 0.20850523 "" "" 19.88398398039584 "" 4.383777927072327 ""
