Clusters/Dolidze_16/Dolidze_16_stars_in_region.tsv
# %ECSV 1.0
# ---
# datatype:
# - name: RA_ICRS_1
#   unit: deg
#   datatype: float64
#   format: '{:15.11f}'
#   description: Right ascension (ICRS) at Ep=2016.0 (ra)
#   meta: !!omap
#   - {ucd: POS_EQ_RA_MAIN}
#   - {width: 15}
#   - {precision: '11'}
# - name: DE_ICRS_1
#   unit: deg
#   datatype: float64
#   format: '{:15.11f}'
#   description: Declination (ICRS) at Ep=2016.0 (dec)
#   meta: !!omap
#   - {ucd: POS_EQ_DEC_MAIN}
#   - {width: 15}
#   - {precision: '11'}
# - name: e_RA_ICRS
#   unit: mas
#   datatype: float64
#   format: '{:7.4f}'
#   description: Standard error of right ascension (ra_error)
#   meta: !!omap
#   - {ucd: ERROR}
#   - {width: 7}
#   - {precision: '4'}
# - name: e_DE_ICRS
#   unit: mas
#   datatype: float64
#   format: '{:7.4f}'
#   description: Standard error of declination (dec_error)
#   meta: !!omap
#   - {ucd: ERROR}
#   - {width: 7}
#   - {precision: '4'}
# - name: _r_1
#   unit: ''
#   datatype: float64
#   format: '{:7.4f}'
#   description: Distance from center (078.66410865000+32.69109508000)[ICRS], at Epoch=J2016.0
#   meta: !!omap
#   - {ucd: POS_ANG_DIST_GENERAL}
#   - {width: 7}
#   - {precision: '4'}
# - name: HIP
#   datatype: int32
#   description: '? HIP cross-id number, van Leeuwen, Cat. I/311 (hip_original_ext_source_id)'
#   meta: !!omap
#   - {ucd: ID_NUMBER}
#   - {width: 6}
#   - values: {'null': -2147483648}
# - name: TYC2
#   datatype: string
#   description: Tycho-2 cross-id name, Hog et al., Cat. I/259 (tyc2_original_ext_source_id)
#   meta: !!omap
#   - {ucd: ID_CROSSID}
#   - {_votable_string_dtype: char}
# - name: Source
#   datatype: int64
#   description: Source identifier, identical to the Gaia-EDR3 source_id (id)
#   meta: !!omap
#   - {ucd: ID_MAIN}
#   - {width: 19}
# - name: rgeo
#   unit: pc
#   datatype: float64
#   format: '{:15.8f}'
#   description: '? Median of the geometric distance posterior (r_med_geo)'
#   meta: !!omap
#   - {ucd: PHYS_DISTANCE_TRUE}
#   - {width: 15}
#   - {precision: '8'}
#   - values: {'null': .nan}
# - name: Plx
#   unit: mas
#   datatype: float64
#   format: '{:9.4f}'
#   description: '? Parallax (parallax)'
#   meta: !!omap
#   - {ucd: POS_PARLX_TRIG}
#   - {width: 9}
#   - {precision: '4'}
#   - values: {'null': .nan}
# - name: e_Plx
#   unit: mas
#   datatype: float32
#   format: '{:7.4f}'
#   description: '? Standard error of parallax (parallax_error)'
#   meta: !!omap
#   - {ucd: ERROR}
#   - {width: 7}
#   - {precision: '4'}
#   - values: {'null': .nan}
# - name: pmRA
#   unit: mas / yr
#   datatype: float64
#   format: '{:9.3f}'
#   description: '? Proper motion in right ascension direction, pmRA*cosDE (pmra)'
#   meta: !!omap
#   - {ucd: POS_EQ_PMRA}
#   - {width: 9}
#   - {precision: '3'}
#   - values: {'null': .nan}
# - name: pmDE
#   unit: mas / yr
#   datatype: float64
#   format: '{:9.3f}'
#   description: '? Proper motion in declination direction (pmdec)'
#   meta: !!omap
#   - {ucd: POS_EQ_PMDEC}
#   - {width: 9}
#   - {precision: '3'}
#   - values: {'null': .nan}
# - name: e_pmRA
#   unit: mas / yr
#   datatype: float32
#   format: '{:6.3f}'
#   description: '? Standard error of proper motion in right ascension direction (pmra_error)'
#   meta: !!omap
#   - {ucd: ERROR}
#   - {width: 6}
#   - {precision: '3'}
#   - values: {'null': .nan}
# - name: e_pmDE
[...]
#         value: !astropy.table.SerializedColumn {name: SkyCoord.dec}
#       distance: !astropy.table.SerializedColumn
#         __class__: astropy.coordinates.distances.Distance
#         unit: !astropy.units.Unit {unit: pc}
#         value: !astropy.table.SerializedColumn {name: SkyCoord.distance}
#       frame: icrs
#       obstime: !astropy.time.Time {format: jyear_str, in_subfmt: '*', jd1: 367701545.0, jd2: 0.0, out_subfmt: '*', precision: 3, scale: tt}
#       pm_dec: !astropy.table.SerializedColumn
#         __class__: astropy.units.quantity.Quantity
#         unit: !astropy.units.Unit {unit: mas / yr}
#         value: !astropy.table.SerializedColumn {name: SkyCoord.pm_dec}
#       pm_ra_cosdec: !astropy.table.SerializedColumn
#         __class__: astropy.units.quantity.Quantity
#         unit: !astropy.units.Unit {unit: mas / yr}
#         value: !astropy.table.SerializedColumn {name: SkyCoord.pm_ra_cosdec}
#       ra: !astropy.table.SerializedColumn
#         __class__: astropy.coordinates.angles.Longitude
#         unit: *id001
#         value: !astropy.table.SerializedColumn {name: SkyCoord.ra}
#         wrap_angle: !astropy.coordinates.Angle
#           unit: *id001
#           value: 360.0
#       representation_type: spherical
# schema: astropy-2.0
RA_ICRS_1 DE_ICRS_1 e_RA_ICRS e_DE_ICRS _r_1 HIP TYC2 Source rgeo Plx e_Plx pmRA pmDE e_pmRA e_pmDE RUWE Teff logg Gmag BP-RP BPmag RPmag RV e_RV b_rgeo B_rgeo FG e_FG FBP e_FBP FRP e_FRP RAVE5 RAVE6 e_Gmag e_BPmag e_RPmag e_BP-RP SkyCoord.ra SkyCoord.dec SkyCoord.distance SkyCoord.pm_ra_cosdec SkyCoord.pm_dec rmRA rmDE e_rmRA e_rmDE rRV e_rRV v_pec v_pec3d e_vpec e_vpec3d
[from data line 516]
79.04670025775 32.22910754407 0.0334 0.0204 33.8159 "" "" 180632344354249984 1351.6532 0.7095 0.0387 3.548 -7.716 0.041 0.031 0.974 4872.3 4.2727 15.555944 1.114102 16.02773 14.913629 "" "" 1279.97034 1422.08606 11286.75296 3.4881 5300.6 12.774 8584.3 12.333 "" "" 0.0027756758549672012 0.0038250873 0.0040886328 0.00791372 79.04670025775 32.22910754407 1351.6532 3.548 -7.715999999999995 3.63782352912426 -5.026941219329834 0.19950524 0.18950523 "" "" 39.75538539980456 "" 7.672816218336823 ""
78.66750614206 32.66961914946 0.0366 0.0209 1.2999 "" "" 180704598588248960 1343.67004 0.7035 0.0392 1.631 -3.031 0.048 0.031 1.142 9096.5 4.2333 15.561123 1.257462 16.100533 14.843071 "" "" 1285.45593 1413.09485 11233.04346 4.8473 4956.8 14.034 9160.7 13.03 "" "" 0.002794870123827392 0.0041514514 0.0040827296 0.0082341805 78.66750614206 32.66961914946 1343.67004 1.6309999999999998 -3.031 1.72082352912426 -0.3419412193298341 0.20650524 0.18950523 "" "" 11.174198662743683 "" 2.300601484256824 ""
79.04581233072 32.39027509961 0.0336 0.0206 26.4296 "" "" 180682921889059456 1207.64771 0.783 0.0358 2.557 -4.084 0.042 0.03 1.05 5731.3 4.5062 15.569313 1.150777 16.051748 14.900971 "" "" 1167.33301 1262.39478 11148.62831 3.5566 5184.6 8.5771 8685.0 10.43 "" "" 0.0027770056309326593 0.0033183286 0.0039979797 0.007316308 79.04581233072 32.39027509961 1207.64771 2.557 -4.084 2.64682352912426 -1.3949412193298336 0.20050523 0.18850523 "" "" 17.126451155093445 "" 3.3903280538329703 ""
79.1764247089 32.56503770567 0.0376 0.0257 26.9702 "" "" 181061256969058432 1280.47424 0.7481 0.0414 4.306 -5.13 0.051 0.036 1.221 6014.4 4.409 15.574597 1.206836 16.065132 14.858296 "" "" 1226.9281 1351.89929 11094.50249 4.6234 5121.1 20.849 9033.2 17.146 "" "" 0.0027922226509000695 0.0052271993 0.004304743 0.009531942 79.1764247089 32.56503770567 1280.47424 4.306 -5.130000000000001 4.39582352912426 -2.440941219329834 0.20950523 0.19450523 "" "" 30.517591152274573 "" 6.2887135315521 ""
78.08288714037 32.46573196295 0.0353 0.0208 32.3478 "" "" 181425397177934976 1364.01074 0.6985 0.0396 0.337 -5.98 0.049 0.032 1.059 7321.3 4.1588 15.575945 1.370257 16.184568 14.814311 "" "" 1297.59875 1441.99695 11080.74066 3.2247 4587.6 9.6199 9406.6 12.523 "" "" 0.0027733780788360422 0.0036011795 0.004046359 0.0076475386 78.08288714037 32.46573196295 1364.01074 0.33700000000000047 -5.98 0.42682352912425997 -3.2909412193298344 0.20750523 0.19050524 "" "" 21.455495500586764 "" 4.093682525261538 ""
78.45605828366 32.59056203072 0.0334 0.0194 12.1193 "" "" 181449139757407488 1415.12244 0.6579 0.0356 -3.695 -1.886 0.043 0.03 1.01 7410.8 4.3625 15.579819 1.303296 16.149403 14.846107 "" "" 1332.6709 1485.45801 11041.27656 2.9093 4738.7 10.631 9135.1 9.542 "" "" 0.0027701323866378942 0.0037037956 0.0039458717 0.0076496676 78.45605828366 32.59056203072 1415.12244 -3.695000000000002 -1.886 -3.60517647087574 0.8030587806701661 0.20150523 0.18850523 "" "" 24.775052194745648 "" 4.977546506823348 ""
78.33785454834 32.77996860732 0.0341 0.0198 17.3081 "" "" 181466220844100864 1247.32141 0.7779 0.0404 1.874 -2.239 0.041 0.032 1.029 7820.2 4.0989 15.584488 1.455137 16.239645 14.784508 "" "" 1170.72266 1316.60437 10993.89025 3.2151 4360.7 10.87 9668.4 10.032 "" "" 0.0027735548738496815 0.0038871379 0.0039437143 0.007830853 78.33785454834 32.77996860732 1247.32141 1.8739999999999986 -2.239 1.96382352912426 0.45005878067016614 0.19950524 0.19050524 "" "" 11.911722762229772 "" 2.371216420120494 ""
78.93493274154 33.00318088241 0.0309 0.0198 23.1731 "" "" 181841665408694912 1033.62378 0.9254 0.0339 2.114 4.078 0.042 0.029 0.999 5643.7 4.5485 15.594037 1.131545 16.075455 14.94391 "" "" 1000.34033 1066.09839 10897.62493 3.3674 5072.6 11.237 8348.2 9.8372 "" "" 0.002775670525775247 0.0036837272 0.0039900583 0.0076737856 78.93493274154 33.00318088241 1033.62378 2.114 4.077999999999999 2.20382352912426 6.767058780670166 0.20050523 0.18750523 "" "" 34.86825612240799 "" 6.58279941081836 ""
78.55450098543 32.14448544597 0.0357 0.0208 33.2631 "" "" 180652341722172160 1038.17578 0.9228 0.038 2.669 -8.957 0.05 0.031 1.082 5061.6 4.406 15.599844 1.278358 16.162643 14.884286 "" "" 994.875977 1082.21179 10839.5001 2.8669 4681.2 10.023 8819.5 11.169 "" "" 0.002770243969345734 0.0036316973 0.004021726 0.0076534236 78.55450098543 32.14448544597 1038.17578 2.669 -8.957 2.75882352912426 -6.267941219329835 0.20850523 0.18950523 "" "" 33.69979785021036 "" 6.494494257599791 ""
78.89959525525 33.08142603377 0.033 0.0217 26.2539 "" "" 181842975376218880 1067.45459 0.8944 0.0339 3.827 -3.328 0.044 0.031 0.979 "" "" 15.600573 1.25738 16.151749 14.894369 "" "" 1038.06079 1104.67212 10832.22955 3.3455 4728.4 8.961 8738.0 10.409 "" "" 0.0027756500261608952 0.003466825 0.0039945613 0.0074613863 78.89959525525 33.08142603377 1067.45459 3.8269999999999973 -3.3279999999999976 3.91682352912426 -0.6389412193298338 0.20250523 0.18950523 "" "" 20.080041987042073 "" 4.059759070147678 ""
78.3617617343 33.12596294187 0.0318 0.019 30.2117 "" "" 181527759135411200 1312.22778 0.7273 0.0339 2.002 -7.468 0.041 0.029 0.978 6001.7 4.3877 15.606503 1.261447 16.15457 14.893123 "" "" 1263.20691 1370.62439 10773.22904 3.0178 4716.2 9.2192 8748.0 8.4803 "" "" 0.0027720549326685066 0.0035056511 0.003923201 0.007428852 78.3617617343 33.12596294187 1312.22778 2.002 -7.468000000000002 2.0918235291242597 -4.778941219329834 0.19950524 0.18750523 "" "" 32.447691050346585 "" 6.14838270067592 ""
78.44700077521 32.38596741925 0.0378 0.0227 21.3487 "" "" 180670616806576768 1294.6449 0.7308 0.0422 -0.399 -3.185 0.053 0.034 1.035 5865.9 4.471 15.606668 1.153267 16.094357 14.94109 "" "" 1242.17078 1371.90613 10771.58671 4.8348 4985.1 17.013 8369.9 12.326 "" "" 0.0027980850369129172 0.004638405 0.0041036895 0.008742094 78.44700077521 32.38596741925 1294.6449 -0.39899999999999997 -3.185000000000001 -0.3091764708757401 -0.49594121932983404 0.21150523 0.19250524 "" "" 3.5863671011930203 "" 0.7101245015499507 ""
79.11663662981 32.31443886224 0.0345 0.0201 32.1727 "" "" 180634577737185920 1242.45081 0.7687 0.0398 1.338 -1.43 0.045 0.03 1.032 5570.7 4.52 15.606853 1.188659 16.116995 14.928336 "" "" 1187.2561 1297.4751 10769.75508 3.3657 4882.2 11.583 8468.8 17.758 "" "" 0.0027761338607805736 0.0037974115 0.004412127 0.008209539 79.11663662981 32.31443886224 1242.45081 1.338 -1.4300000000000004 1.42782352912426 1.259058780670166 0.20350523 0.18850523 "" "" 11.211047422077016 "" 2.209520434481482 ""
78.96293229027 33.19507561334 0.0407 0.0241 33.7755 "" "" 181848399917732736 1076.29199 0.8905 0.0392 4.976 -4.186 0.055 0.035 0.993 5449.5 4.5031 15.608648 1.043069 16.042444 14.999375 "" "" 1025.57056 1127.6759 10751.95442 3.454 5229.2 11.247 7932.5 14.865 "" "" 0.0027773082594972263 0.0036384403 0.00429224 0.00793068 78.96293229027 33.19507561334 1076.29199 4.976000000000001 -4.186 5.06582352912426 -1.496941219329834 0.21350524 0.19350523 "" "" 26.94865039742181 "" 5.7122730892033555 ""
78.5678650785 32.34596372696 0.0387 0.021 21.2727 "" "" 180689862556044288 1262.54028 0.7563 0.0473 2.291 -7.521 0.051 0.034 1.096 5291.9 4.3589 15.613359 1.233496 16.147049 14.913553 "" "" 1191.05554 1346.23718 10705.40308 2.692 4748.9 9.5151 8584.9 16.169 "" "" 0.002768813819453207 0.0035380125 0.0042971326 0.007835145 78.5678650785 32.34596372696 1262.54028 2.2909999999999995 -7.521000000000001 2.38082352912426 -4.831941219329834 0.20950523 0.19250524 "" "" 32.23607672272707 "" 6.3164069217931935 ""
78.91826507825 32.97459908813 0.0333 0.0207 21.2963 "" "" 181835759831169920 1348.31555 0.7109 0.0344 3.186 -7.317 0.045 0.031 0.972 5914.0 4.4824 15.613653 1.001512 16.024311 15.022799 "" "" 1296.85242 1436.5061 10702.50709 3.5117 5317.3 18.795 7763.2 14.295 "" "" 0.002778255609832346 0.0047448175 0.004275598 0.009020416 78.91826507825 32.97459908813 1348.31555 3.186000000000001 -7.317 3.27582352912426 -4.627941219329834 0.20350523 0.18950523 "" "" 36.237036359607714 "" 7.040512439726667 ""
78.89608095351 33.21651941508 0.1054 0.0633 33.6192 "" "" 181849361990444288 1087.06885 0.9172 0.1188 1.412 -1.61 0.142 0.098 2.958 "" "" 15.617209 1.240693 16.122904 14.882211 "" "" 959.033447 1241.75452 10667.5146 11.1 4855.7 13.287 8836.4 13.294 "" "" 0.002977941318923477 0.004075752 0.004117265 0.008193017 78.89608095351 33.21651941508 1087.06885 1.4120000000000006 -1.6100000000000012 1.5018235291242599 1.079058780670166 0.30050522 0.25650522 "" "" 9.528804106141491 "" 2.7279501677404396 ""
78.07813713895 32.49451559369 0.036 0.0214 31.8834 "" "" 181437182568244608 1082.06592 0.8913 0.0401 1.572 -5.386 0.049 0.032 0.998 5598.3 4.4824 15.621861 1.368148 16.232492 14.864345 "" "" 1037.13586 1133.36218 10621.9034 3.2679 4389.6 10.21 8983.0 14.25 "" "" 0.0027754942139929712 0.0037633155 0.0041533317 0.007916647 78.07813713895 32.49451559369 1082.06592 1.5719999999999996 -5.385999999999999 1.66182352912426 -2.696941219329834 0.20750523 0.19050524 "" "" 16.247778189559547 "" 3.1736983379290096 ""
79.27448809469 32.64591938137 0.0324 0.0229 30.9482 "" "" 181067682240075776 1184.8468 0.8067 0.0356 2.168 -2.861 0.041 0.03 0.972 5747.8 4.4915 15.623938 1.22965 16.16093 14.931281 "" "" 1138.81226 1229.50806 10601.6052 3.7941 4688.6 16.472 8445.9 16.941 "" "" 0.002782583440551984 0.0047259685 0.0043619405 0.009087909 79.27448809469 32.64591938137 1184.8468 2.168 -2.860999999999997 2.25782352912426 -0.1719412193298342 0.19950524 0.18850523 "" "" 12.717045159648727 "" 2.536332677139984 ""
78.9053865063 32.86243275818 0.032 0.0208 15.9322 "" "" 181083453359621120 1325.5061 0.7303 0.0352 1.958 -6.158 0.045 0.031 1.015 5858.7 4.4645 15.634874 1.128435 16.115604 14.987169 "" "" 1254.28845 1405.58044 10495.35297 3.0261 4888.5 11.823 8022.1 12.789 "" "" 0.0027730467476052745 0.0038314934 0.004156892 0.007988386 78.9053865063 32.86243275818 1325.5061 1.9580000000000015 -6.158000000000002 2.04782352912426 -3.4689412193298343 0.20350523 0.18950523 "" "" 25.309349835211606 "" 4.8902847574466595 ""
78.11964415947 32.92751799356 0.0387 0.0235 30.9045 "" "" 181518683868512128 1488.22583 0.6285 0.0431 3.661 -6.348 0.052 0.038 1.019 6765.2 4.3584 15.635605 1.268705 16.188328 14.919622 "" "" 1399.1543 1591.89844 10488.28999 3.462 4571.8 12.26 8537.1 9.6474 "" "" 0.002778529708113782 0.004032654 0.003973552 0.008006206 78.11964415947 32.92751799356 1488.22583 3.661 -6.348 3.75082352912426 -3.658941219329834 0.21050523 0.19650523 "" "" 36.96323628987138 "" 7.533070094696563 ""
78.99107536261 32.77187904353 0.0409 0.0245 17.2 "" "" 181078952233899520 1181.90698 0.8135 0.0474 8.662 -16.854 0.051 0.036 1.262 5747.2 4.5687 15.638722 1.197442 16.148249 14.950807 "" "" 1114.88977 1252.42395 10458.21988 3.5531 4743.7 10.923 8295.4 13.271 "" "" 0.002779901954842356 0.0037463726 0.0041594193 0.007905792 78.99107536261 32.77187904353 1181.90698 8.662 -16.854000000000006 8.75182352912426 -14.164941219329833 0.20950523 0.19450523 "" "" 93.28022060774326 "" 18.540614906911905 ""
78.08457977255 32.95631073259 0.0339 0.0212 33.2721 "" "" 181519547158050048 1469.86902 0.6358 0.0373 3.214 -0.77 0.043 0.033 0.962 7156.2 4.3614 15.638762 1.217689 16.161364 14.943675 "" "" 1390.22156 1553.33301 10457.8345 3.0539 4686.7 10.64 8350.0 10.811 "" "" 0.0027735022164887256 0.0037230048 0.004032347 0.0077553517 78.08457977255 32.95631073259 1469.86902 3.214000000000001 -0.7699999999999999 3.30382352912426 1.919058780670166 0.20150523 0.19150522 "" "" 26.61976400748394 "" 5.298126995521553 ""
78.07546647375 32.48806583506 0.0357 0.0218 32.1544 "" "" 181437186865307264 1188.16882 0.8057 0.0406 -3.523 -2.032 0.053 0.034 0.927 5764.3 4.498 15.639793 1.255946 16.185196 14.92925 "" "" 1134.25024 1258.18604 10447.90756 3.281 4585.0 10.821 8461.7 10.805 "" "" 0.0027763360617968007 0.0037882854 0.0040256497 0.007813935 78.07546647375 32.48806583506 1188.16882 -3.5229999999999997 -2.032 -3.43317647087574 0.657058780670166 0.21150523 0.19250524 "" "" 19.686301897622688 "" 4.15111400269019 ""
79.05751313578 32.73807365219 0.0354 0.0206 20.059 "" "" 181066990749212928 1428.41199 0.6694 0.0384 10.407 1.389 0.043 0.03 1.049 5806.8 4.4806 15.646577 1.204165 16.164335 14.96017 "" "" 1355.01843 1512.68079 10382.83907 3.2576 4673.9 9.0106 8224.1 12.939 "" "" 0.0027762979868242196 0.003488021 0.0041474868 0.0076355077 79.05751313578 32.73807365219 1428.41199 10.407 1.389 10.49682352912426 4.078058780670166 0.20150523 0.18850523 "" "" 76.24567308671179 "" 15.237588957684352 ""
79.22129664065 32.92510031491 0.0397 0.0244 31.4112 "" "" 181087542168442112 1100.08484 0.8732 0.044 3.398 -6.308 0.052 0.033 1.017 5173.8 4.461 15.65198 1.110493 16.123663 15.01317 "" "" 1061.02417 1154.95532 10331.293 4.1382 4852.3 17.877 7832.3 16.984 "" "" 0.002789430080972947 0.0048770774 0.0044527287 0.009329806 79.22129664065 32.92510031491 1100.08484 3.398000000000002 -6.308 3.48782352912426 -3.618941219329834 0.21050523 0.19150522 "" "" 26.208089646152235 "" 5.264661655026601 ""
78.68020577557 32.71191642512 0.0355 0.0207 1.4904 "" "" 180706179136233600 1028.21606 0.9344 0.039 1.366 -2.958 0.045 0.033 1.016 5461.7 4.5616 15.655694 1.239279 16.193405 14.954126 "" "" 991.172607 1071.40833 10296.01318 3.0053 4550.5 10.163 8270.0 12.375 "" "" 0.0027734860072905747 0.003696621 0.0041137896 0.0078104106 78.68020577557 32.71191642512 1028.21606 1.3659999999999999 -2.958 1.45582352912426 -0.26894121932983417 0.20350523 0.19150522 "" "" 7.215366298364303 "" 1.4655890700754808 ""
79.08631809092 32.56761492367 0.034 0.0217 22.5843 "" "" 181060707213270784 1012.81061 0.9325 0.036 0.82 -3.058 0.046 0.032 1.05 5635.2 4.6362 15.657622 1.125949 16.135622 15.009673 "" "" 982.805298 1061.90125 10277.74183 3.256 4799.2 10.774 7857.6 13.796 "" "" 0.0027767066016755803 0.0037048778 0.004232924 0.007937802 79.08631809092 32.56761492367 1012.81061 0.8199999999999998 -3.058 0.9098235291242599 -0.3689412193298338 0.20450523 0.19050524 "" "" 4.71326415549306 "" 0.9548455027813584 ""
78.64012168974 32.9093480404 0.0352 0.0215 13.1509 "" "" 181837512177852544 1241.32068 0.7566 0.0353 -3.491 -3.038 0.047 0.032 0.993 7198.4 4.3531 15.659504 1.269032 16.210447 14.941416 "" "" 1189.11609 1309.64124 10259.95158 3.2414 4479.6 10.704 8367.4 11.207 "" "" 0.0027765892545043394 0.0038099582 0.004049496 0.007859454 78.64012168974 32.9093480404 1241.32068 -3.4910000000000014 -3.038000000000001 -3.40117647087574 -0.3489412193298338 0.20550522 0.19050524 "" "" 20.117089821864163 "" 4.131137533136212 ""
79.05892491922 32.49236188317 0.0353 0.0213 23.2493 "" "" 181059882579588864 1198.16919 0.7995 0.0371 2.747 -5.312 0.045 0.032 1.056 4903.7 4.3386 15.660153 1.143835 16.140657 14.996822 "" "" 1145.01147 1251.63745 10253.81598 5.2153 4777.0 9.6924 7951.1 16.543 "" "" 0.002810114710696378 0.0035549884 0.0044030324 0.007958021 79.05892491922 32.49236188317 1198.16919 2.7469999999999977 -5.312000000000001 2.83682352912426 -2.6229412193298343 0.20350523 0.19050524 "" "" 21.94261613769331 "" 4.336299606874116 ""
78.30495697456 32.53309565505 0.0464 0.0213 20.4781 "" "" 181426737207863296 1333.14893 0.7042 0.0471 -0.958 -4.748 0.068 0.033 0.987 6980.1 4.4421 15.660678 1.259031 16.204376 14.945345 "" "" 1269.29272 1425.7417 10248.8584 3.2739 4504.7 14.135 8337.2 11.729 "" "" 0.0027770630360785323 0.0044036056 0.0040763724 0.008479978 78.30495697456 32.53309565505 1333.14893 -0.958 -4.748 -0.86817647087574 -2.058941219329834 0.22650523 0.19150522 "" "" 14.120057304761582 "" 2.784295829140914 ""
