Clusters/Dolidze_16/Dolidze_16_members.tsv
# %ECSV 1.0
# ---
# datatype:
# - name: RA_ICRS_1
#   unit: deg
#   datatype: float64
#   format: '{:15.11f}'
#   description: Right ascension (ICRS) at Ep=2016.0 (ra)
#   meta: !!omap
#   - {ucd: POS_EQ_RA_MAIN}
#   - {width: 15}
#   - {precision: '11'}
# - name: DE_ICRS_1
#   unit: deg
#   datatype: float64
#   format: '{:15.11f}'
#   description: Declination (ICRS) at Ep=2016.0 (dec)
#   meta: !!omap
#   - {ucd: POS_EQ_DEC_MAIN}
#   - {width: 15}
#   - {precision: '11'}
# - name: e_RA_ICRS
#   unit: mas
#   datatype: float64
#   format: '{:7.4f}'
#   description: Standard error of right ascension (ra_error)
#   meta: !!omap
#   - {ucd: ERROR}
#   - {width: 7}
#   - {precision: '4'}
# - name: e_DE_ICRS
#   unit: mas
#   datatype: float64
#   format: '{:7.4f}'
#   description: Standard error of declination (dec_error)
#   meta: !!omap
#   - {ucd: ERROR}
#   - {width: 7}
#   - {precision: '4'}
# - name: _r_1
#   unit: ''
#   datatype: float64
#   format: '{:7.4f}'
#   description: Distance from center (078.66410865000+32.69109508000)[ICRS], at Epoch=J2016.0
#   meta: !!omap
#   - {ucd: POS_ANG_DIST_GENERAL}
#   - {width: 7}
#   - {precision: '4'}
# - name: HIP
#   datatype: int32
#   description: '? HIP cross-id number, van Leeuwen, Cat. I/311 (hip_original_ext_source_id)'
#   meta: !!omap
#   - {ucd: ID_NUMBER}
#   - {width: 6}
#   - values: {'null': -2147483648}
# - name: TYC2
#   datatype: string
#   description: Tycho-2 cross-id name, Hog et al., Cat. I/259 (tyc2_original_ext_source_id)
#   meta: !!omap
#   - {ucd: ID_CROSSID}
#   - {_votable_string_dtype: char}
# - name: Source
#   datatype: int64
#   description: Source identifier, identical to the Gaia-EDR3 source_id (id)
#   meta: !!omap
#   - {ucd: ID_MAIN}
#   - {width: 19}
# - name: rgeo
#   unit: pc
#   datatype: float64
#   format: '{:15.8f}'
#   description: '? Median of the geometric distance posterior (r_med_geo)'
#   meta: !!omap
#   - {ucd: PHYS_DISTANCE_TRUE}
#   - {width: 15}
#   - {precision: '8'}
#   - values: {'null': .nan}
# - name: Plx
#   unit: mas
#   datatype: float64
#   format: '{:9.4f}'
#   description: '? Parallax (parallax)'
#   meta: !!omap
#   - {ucd: POS_PARLX_TRIG}
#   - {width: 9}
#   - {precision: '4'}
#   - values: {'null': .nan}
# - name: e_Plx
#   unit: mas
#   datatype: float32
#   format: '{:7.4f}'
#   description: '? Standard error of parallax (parallax_error)'
#   meta: !!omap
#   - {ucd: ERROR}
#   - {width: 7}
#   - {precision: '4'}
#   - values: {'null': .nan}
# - name: pmRA
#   unit: mas / yr
#   datatype: float64
#   format: '{:9.3f}'
#   description: '? Proper motion in right ascension direction, pmRA*cosDE (pmra)'
#   meta: !!omap
#   - {ucd: POS_EQ_PMRA}
#   - {width: 9}
#   - {precision: '3'}
#   - values: {'null': .nan}
# - name: pmDE
#   unit: mas / yr
#   datatype: float64
#   format: '{:9.3f}'
#   description: '? Proper motion in declination direction (pmdec)'
#   meta: !!omap
#   - {ucd: POS_EQ_PMDEC}
#   - {width: 9}
#   - {precision: '3'}
#   - values: {'null': .nan}
# - name: e_pmRA
#   unit: mas / yr
#   datatype: float32
#   format: '{:6.3f}'
#   description: '? Standard error of proper motion in right ascension direction (pmra_error)'
#   meta: !!omap
#   - {ucd: ERROR}
#   - {width: 6}
#   - {precision: '3'}
#   - values: {'null': .nan}
# - name: e_pmDE
[...]
#       distance: !astropy.table.SerializedColumn
#         __class__: astropy.coordinates.distances.Distance
#         unit: !astropy.units.Unit {unit: pc}
#         value: !astropy.table.SerializedColumn {name: SkyCoord.distance}
#       frame: icrs
#       obstime: !astropy.time.Time {format: jyear_str, in_subfmt: '*', jd1: 367701545.0, jd2: 0.0, out_subfmt: '*', precision: 3, scale: tt}
#       pm_dec: !astropy.table.SerializedColumn
#         __class__: astropy.units.quantity.Quantity
#         unit: !astropy.units.Unit {unit: mas / yr}
#         value: !astropy.table.SerializedColumn {name: SkyCoord.pm_dec}
#       pm_ra_cosdec: !astropy.table.SerializedColumn
#         __class__: astropy.units.quantity.Quantity
#         unit: !astropy.units.Unit {unit: mas / yr}
#         value: !astropy.table.SerializedColumn {name: SkyCoord.pm_ra_cosdec}
#       ra: !astropy.table.SerializedColumn
#         __class__: astropy.coordinates.angles.Longitude
#         unit: *id001
#         value: !astropy.table.SerializedColumn {name: SkyCoord.ra}
#         wrap_angle: !astropy.coordinates.Angle
#           unit: *id001
#           value: 360.0
#       representation_type: spherical
# schema: astropy-2.0
RA_ICRS_1 DE_ICRS_1 e_RA_ICRS e_DE_ICRS _r_1 HIP TYC2 Source rgeo Plx e_Plx pmRA pmDE e_pmRA e_pmDE RUWE Teff logg Gmag BP-RP BPmag RPmag RV e_RV b_rgeo B_rgeo FG e_FG FBP e_FBP FRP e_FRP RAVE5 RAVE6 e_Gmag e_BPmag e_RPmag e_BP-RP SkyCoord.ra SkyCoord.dec SkyCoord.distance SkyCoord.pm_ra_cosdec SkyCoord.pm_dec rmRA rmDE e_rmRA e_rmDE rRV e_rRV v_pec v_pec3d e_vpec e_vpec3d Pmemb
78.66862419767 32.7716858876 0.0309 0.0177 4.8408 "" 2393-1322-1 181457252952753920 1137.79834 0.8507 0.0317 -0.048 -2.691 0.043 0.028 1.685 11245.2 3.4841 10.444373 0.652215 10.679919 10.027704 "" "" 1100.97986 1174.07935 1250828.10687 347.26 730210.0 307.75 772820.0 216.22 "" "" 0.0027717588897317284 0.0028274432 0.0037915697 0.006619013 78.66862419767 32.7716858876 1137.79834 -0.04799999999999999 -2.691 0.04182352912425995 -0.001941219329833821 0.20150523 0.18650523 "" "" 0.22580399055610498 "" 0.04549367417354278 "" 1.0
78.81456329876 32.72714808992 0.0176 0.0105 7.8978 "" 2394-660-1 180705530596669056 1170.53076 0.8305 0.0201 -0.121 -2.737 0.022 0.016 1.19 16516.0 4.026 10.675883 0.245189 10.74645 10.501262 "" "" 1137.56104 1196.73926 1010632.59918 538.58 686810.0 1078.7 499640.0 609.09 "" "" 0.002815416787738204 0.0032700044 0.004004445 0.0072744493 78.81456329876 32.72714808992 1170.53076 -0.12099999999999989 -2.737 -0.031176470875740048 -0.047941219329834084 0.18050523 0.17450523 "" "" 0.31729055967102215 "" 0.05594143922511021 "" 1.0
78.61323527968 32.56759851054 0.0301 0.0171 7.843 "" 2393-1326-1 180697009382339968 1432.54724 0.6699 0.0344 -0.014 -2.823 0.04 0.027 1.695 15239.1 3.7958 10.998563 0.261458 11.077014 10.815556 "" "" 1362.40625 1503.48999 750795.12631 317.36 506540.0 502.94 374060.0 297.46 "" "" 0.002793280234891365 0.002991183 0.0038767494 0.006867932 78.61323527968 32.56759851054 1432.54724 -0.014000000000000012 -2.822999999999999 0.07582352912425995 -0.13394121932983394 0.19850522 0.18550523 "" "" 1.0451168611247397 "" 0.1972579734153783 "" 1.0
78.58985666377 32.80495031164 0.0222 0.0132 7.7915 "" 2393-1142-1 181458283744770432 1261.99976 0.748 0.0233 -0.21 -2.835 0.027 0.02 1.502 "" "" 11.64201 0.671383 11.882849 11.211466 "" "" 1221.3927 1298.2959 415090.6867 206.34 241140.0 167.49 259760.0 153.97 "" "" 0.0028076826750359145 0.0028902863 0.0038337833 0.00672407 78.58985666377 32.80495031164 1261.99976 -0.20999999999999996 -2.835 -0.12017647087574004 -0.14594121932983395 0.18550523 0.17850523 "" "" 1.1308951005393488 "" 0.2051062962640106 "" 1.0
79.01951073009 32.57998380997 0.0164 0.0098 19.155 "" 2394-291-1 181063382976544000 1122.98694 0.8529 0.0173 -0.288 -2.843 0.021 0.014 1.153 10131.8 4.0794 12.1327 0.41875 12.281873 11.863123 29.59 29.54 1101.04553 1141.95679 264159.72595 81.694 166980.0 85.769 142530.0 58.831 "" "" 0.0027757042331933656 0.002845358 0.0038058595 0.0066512176 79.01951073009 32.57998380997 1122.98694 -0.2879999999999997 -2.8429999999999995 -0.19817647087574003 -0.15394121932983396 0.17950523 0.17250523 41.251666666666665 31.639118 1.3357529576681595 41.27328722965614 0.23629931834305873 31.62254531106737 1.0
78.76411664274 32.65088719221 0.0209 0.0121 5.5977 "" "" 180704873465298432 1185.10815 0.8072 0.0233 -0.182 -2.709 0.025 0.018 1.418 7161.5 3.5498 12.139822 0.396276 12.276185 11.879909 "" "" 1155.58203 1215.58362 262432.78464 78.519 167860.0 79.64 140340.0 50.593 "" "" 0.0027744037196722957 0.0028373222 0.0037995959 0.006636918 78.76411664274 32.65088719221 1185.10815 -0.182 -2.709 -0.09217647087574005 -0.01994121932983406 0.18350524 0.17650524 "" "" 0.5297715710279346 "" 0.09705308345288245 "" 1.0
78.6215056961 32.47760363471 0.0169 0.0092 12.9893 "" "" 180693161090907776 1231.72266 0.7762 0.0195 -0.169 -2.662 0.021 0.015 0.954 10550.2 4.0709 12.762107 0.400142 12.907556 12.507414 "" "" 1204.99524 1258.34351 147946.22118 30.745 93841.0 54.983 78740.0 35.865 "" "" 0.002764542973450689 0.0028617715 0.0038116 0.0066733714 78.6215056961 32.47760363471 1231.72266 -0.16899999999999998 -2.662 -0.07917647087574006 0.027058780670166094 0.17950523 0.17350523 "" "" 0.48851076553931716 "" 0.0873883079320849 "" 1.0
78.56705228955 32.75510176405 0.0133 0.0075 6.225 "" "" 181456561460333312 1250.2627 0.7591 0.0137 -0.118 -2.76 0.016 0.011 1.034 "" "" 13.28657 0.928738 13.646157 12.71742 "" "" 1229.16345 1272.31042 91268.06605 137.57 47528.0 223.4 64892.0 317.65 "" "" 0.003204697254720638 0.005816316 0.0065215174 0.012337834 78.56705228955 32.75510176405 1250.2627 -0.11799999999999972 -2.7600000000000025 -0.028176470875740045 -0.07094121932983377 0.17450523 0.16950524 "" "" 0.452361988792245 "" 0.07698982518790881 "" 1.0
78.59337611231 32.80714881008 0.0147 0.0084 7.8248 "" "" 181458283744770048 1256.85107 0.7556 0.0144 -0.311 -2.725 0.018 0.012 0.989 "" "" 13.395341 0.97751 13.783802 12.806292 "" "" 1231.53955 1284.78467 82567.73307 13.713 41869.0 23.935 59792.0 24.038 "" "" 0.0027612144223707826 0.0028583715 0.0038045046 0.0066628763 78.59337611231 32.80714881008 1256.85107 -0.3109999999999999 -2.725 -0.22117647087574005 -0.03594121932983407 0.17650524 0.17050523 "" "" 1.3349369133925326 "" 0.23542070900761447 "" 1.0
78.9421071795 32.92742504878 0.0188 0.0122 19.9399 "" "" 181084823453281152 1311.58984 0.7225 0.0205 0.012 -2.899 0.025 0.018 1.484 8203.2 4.2505 13.408773 0.571121 13.622855 13.051734 "" "" 1272.99316 1343.18201 81552.54614 21.51 48560.0 26.618 47694.0 25.682 "" "" 0.002770161919146492 0.0028529358 0.0038243344 0.00667727 78.9421071795 32.92742504878 1311.58984 0.012000000000000066 -2.899 0.10182352912425995 -0.209941219329834 0.18350524 0.17650524 "" "" 1.4506037382362624 "" 0.25800370676887435 "" 1.0
78.58946402493 32.82190002998 0.0166 0.0093 8.7053 "" "" 181461238682267648 1050.67944 0.9144 0.0171 -0.548 -2.867 0.019 0.014 1.123 7484.4 4.1262 13.539552 0.889846 13.89668 13.006834 -69.07 13.22 1032.7583 1072.16724 72297.94147 15.614 37735.0 33.471 49708.0 29.328 "" "" 0.0027652797293312315 0.0029516965 0.0038332862 0.006784983 78.58946402493 32.82190002998 1050.67944 -0.548 -2.867 -0.4581764708757401 -0.17794121932983398 0.17750522 0.17250523 -57.408333333333324 15.3191185 2.447862021885545 57.46049742726998 0.43292389695913236 15.305222528152946 0.9
78.63050910517 32.74827531554 0.016 0.0092 3.8272 "" "" 181457149873406720 1260.11438 0.7509 0.016 -0.012 -2.878 0.02 0.013 1.085 "" "" 13.69483 0.660663 13.945469 13.284806 "" "" 1231.32593 1284.74182 62663.5044 19.503 36077.0 24.065 38480.0 20.774 "" "" 0.0027759643054126185 0.0028826315 0.0038245653 0.006707197 78.63050910517 32.74827531554 1260.11438 -0.01200000000000001 -2.878 0.07782352912425995 -0.1889412193298341 0.17850523 0.17150523 "" "" 1.2205175845802085 "" 0.2105858707703521 "" 1.0
78.63799369882 32.66762252237 0.0191 0.0109 1.9295 "" "" 180704568524020480 1232.31458 0.7698 0.0207 0.005 -2.585 0.026 0.017 1.273 7097.3 4.062 13.698781 0.928388 14.07257 13.144182 "" "" 1203.99316 1260.16919 62435.87393 12.77 32091.0 18.629 43801.0 18.996 "" "" 0.0027642544153130286 0.0028604711 0.0038086018 0.006669073 78.63799369882 32.66762252237 1232.31458 0.0050000000000000044 -2.585 0.09482352912425995 0.10405878067016605 0.18450522 0.17550524 "" "" 0.8223350700727474 "" 0.14772763851523407 "" 1.0
78.6664595584 32.67514504834 0.0164 0.0095 0.9643 "" "" 180704602883755648 1278.80774 0.7387 0.0175 -0.053 -2.476 0.021 0.014 1.007 "" "" 13.916208 0.806294 14.226276 13.419982 "" "" 1250.39111 1308.7876 51105.0228 26.496 27855.0 47.709 33975.0 81.508 "" "" 0.0028122340054176093 0.0033530868 0.004590035 0.007943122 78.6664595584 32.67514504834 1278.80774 -0.05300000000000005 -2.4759999999999995 0.03682352912425995 0.21305878067016604 0.17950523 0.17250523 "" "" 1.3106130296786036 "" 0.22635893580331534 "" 0.8
78.73512246517 32.74024241913 0.0176 0.0101 4.6419 "" "" 180706664468043392 1281.08557 0.7415 0.0189 -0.189 -2.695 0.022 0.015 0.987 9532.9 4.3965 14.123386 0.768348 14.421932 13.653584 "" "" 1251.00146 1310.00989 42227.19172 10.372 23262.0 18.552 27398.0 18.857 "" "" 0.0027681959808200742 0.0029214434 0.00385255 0.0067739934 78.73512246517 32.74024241913 1281.08557 -0.189 -2.695 -0.09917647087574005 -0.0059412193298338245 0.18050523 0.17350523 "" "" 0.6033134490301344 "" 0.10888642384063894 "" 1.0
78.55403122547 32.83097697253 0.0181 0.0104 10.0642 "" "" 181461474903973760 1154.66846 0.8225 0.0191 -0.082 -2.688 0.022 0.015 0.925 8390.9 4.3459 14.133119 0.815513 14.454209 13.638697 "" "" 1135.7937 1178.30017 41850.35925 11.178 22580.0 17.754 27777.0 19.235 "" "" 0.0027705389384700724 0.0029178455 0.0038534408 0.006771286 78.55403122547 32.83097697253 1154.66846 -0.08199999999999996 -2.6879999999999997 0.007823529124259945 0.0010587806701658486 0.18050523 0.17350523 "" "" 0.04320951742963131 "" 0.007794207545593802 "" 1.0
78.62925195558 32.74395507759 0.0397 0.023 3.627 "" "" 181457145576774144 1079.71936 0.8853 0.0414 0.206 -2.653 0.052 0.035 2.056 5862.8 3.7574 14.464862 1.433374 15.106181 13.672807 -2.58 3.97 1035.46399 1127.96619 30832.02428 27.61 12386.0 32.475 26918.0 53.913 "" "" 0.0029218326790630264 0.0039860727 0.0043603345 0.008346407 78.62925195558 32.74395507759 1079.71936 0.20600000000000035 -2.653 0.2958235291242599 0.03605878067016599 0.21050523 0.19350523 9.081666666666667 6.0691175 1.5251921338055658 9.208847945832684 0.3206964462998753 5.985534029719373 0.9
78.61489227423 32.83952487392 0.0228 0.0134 9.2455 "" "" 181461376121217664 1275.19922 0.7496 0.0239 -0.426 -2.605 0.029 0.02 1.031 "" "" 14.778582 1.324103 15.358341 14.034238 -19.45 11.95 1231.32715 1321.63538 23094.80313 5.3328 9819.3 13.929 19296.0 15.362 "" "" 0.0027667025641214004 0.0031870233 0.003876968 0.0070639914 78.61489227423 32.83952487392 1275.19922 -0.42599999999999966 -2.605000000000003 -0.33617647087574004 0.08405878067016603 0.18750523 0.17850523 -7.788333333333332 14.049118 2.094559108071863 8.065067511702422 0.3916566640433155 13.567436272993609 1.0
78.58731490696 32.68719639846 0.0254 0.0154 3.8849 "" "" 181455053929372544 1207.60059 0.7893 0.0278 -0.137 -2.724 0.033 0.023 1.16 7430.3 3.7464 14.811213 1.780004 15.66195 13.881947 -43.31 5.66 1165.26843 1258.99829 22411.01254 14.341 7424.0 21.432 22201.0 35.227 "" "" 0.002841566007310649 0.0041963398 0.0041535124 0.008349853 78.58731490696 32.68719639846 1207.60059 -0.13699999999999968 -2.724 -0.04717647087574006 -0.03494121932983418 0.19150522 0.18150523 -31.648333333333333 7.7591176 0.336040263867854 31.650117311579088 0.06318352512621993 7.758680284887967 0.8
78.62434065799 32.54816266565 0.0258 0.0148 8.8083 "" "" 180696936366470656 1218.04199 0.7801 0.0294 -0.152 -2.644 0.031 0.023 1.01 5368.3 4.1828 14.940806 1.282602 15.500463 14.21786 "" "" 1176.21509 1256.36987 19889.50854 10.328 8614.5 20.287 16293.0 19.856 "" "" 0.0028124095106273287 0.003784539 0.0040043104 0.007788849 78.62434065799 32.54816266565 1218.04199 -0.1520000000000003 -2.644 -0.06217647087574005 0.04505878067016589 0.18950523 0.18150523 "" "" 0.44332984793410285 "" 0.08280922959724944 "" 1.0
79.01479613297 32.53911156202 0.028 0.0163 19.9316 "" "" 181063176818137600 1275.25281 0.7511 0.0289 -0.059 -2.726 0.034 0.025 1.026 5760.3 4.1939 15.086678 1.2154 15.610128 14.394729 "" "" 1225.19885 1327.02258 17389.03615 14.739 7786.9 32.045 13844.0 44.03 "" "" 0.0029049427593379746 0.0052677034 0.0051193503 0.010387054 79.01479613297 32.53911156202 1275.25281 -0.059 -2.726 0.030823529124259952 -0.03694121932983396 0.19250524 0.18350524 "" "" 0.29082121194691685 "" 0.05445675073670205 "" 1.0
78.65528885212 32.51667420378 0.0285 0.0159 10.4747 "" "" 180693710846713344 1265.21741 0.7407 0.033 -0.141 -2.703 0.034 0.024 0.982 5849.0 4.1876 15.096476 1.239205 15.632811 14.393605 "" "" 1213.36072 1312.83301 17232.82501 19.91 7625.9 36.292 13858.0 52.572 "" "" 0.003027429716889849 0.005872276 0.005590065 0.011462341 78.65528885212 32.51667420378 1265.21741 -0.14100000000000013 -2.7030000000000016 -0.05117647087574004 -0.013941219329833832 0.19250524 0.18250524 "" "" 0.3180961228362444 "" 0.06102075211331277 "" 1.0
78.56231831652 32.74988254759 0.032 0.0183 6.2324 "" "" 181456565757858176 1203.12097 0.7955 0.0339 -0.086 -2.743 0.039 0.028 1.059 15011.5 4.4583 15.411773 1.919279 16.305399 14.38612 34.85 7.03 1158.83215 1251.23743 12889.54217 16.092 4104.5 21.683 13954.0 68.959 "" "" 0.0030706915381432096 0.0063783103 0.006563014 0.012941324 78.56231831652 32.74988254759 1203.12097 -0.08599999999999985 -2.743 0.0038235291242599556 -0.05394121932983387 0.19750524 0.18650523 46.51166666666667 9.129118 0.3083874586408769 46.51268900994392 0.05753332984585422 9.128917316759482 0.9
78.63544804756 32.78139723843 0.0335 0.0201 5.6079 "" "" 181458043226600704 1213.4541 0.7882 0.0347 -0.052 -2.572 0.042 0.03 1.058 6385.7 4.158 15.69977 1.365207 16.292805 14.927598 "" "" 1154.62158 1268.32678 9886.41654 3.1712 4152.4 13.352 8474.6 12.709 "" "" 0.0027772427829913953 0.0044691544 0.0041151997 0.008584354 78.63544804756 32.78139723843 1213.4541 -0.05199999999999999 -2.572000000000001 0.03782352912425995 0.11705878067016595 0.20050523 0.18850523 "" "" 0.7075703528385868 "" 0.13420638022629533 "" 1.0
78.50163233719 32.78868978023 0.0361 0.0214 10.076 "" "" 181459829933003776 1192.32263 0.7976 0.0397 -0.01 -2.568 0.045 0.033 1.004 11493.9 4.2537 15.735205 1.691464 16.527744 14.836281 "" "" 1141.09888 1250.82483 9568.96492 6.7641 3344.4 11.094 9218.2 20.189 "" "" 0.0028602134848195364 0.00455593 0.004465212 0.0090211425 78.50163233719 32.78868978023 1192.32263 -0.009999999999999898 -2.5680000000000005 0.07982352912425995 0.12105878067016596 0.20350523 0.19150522 "" "" 0.8195227904768875 "" 0.15998681584154983 "" 1.0
78.76936626909 32.58041873819 0.0395 0.0225 8.5078 "" "" 180700033038554752 1135.6814 0.8369 0.0444 0.028 -2.827 0.047 0.033 0.986 5494.1 4.6015 15.946828 1.267018 16.492935 15.225917 "" "" 1079.51855 1193.09656 7874.36568 7.2996 3453.4 18.013 6438.6 18.617 "" "" 0.00293339457508952 0.0063132495 0.004913184 0.011226433 78.76936626909 32.58041873819 1135.6814 0.02799999999999997 -2.826999999999999 0.11782352912425995 -0.13794121932983394 0.20550522 0.19150522 "" "" 0.9765621281728135 "" 0.19290210601948937 "" 0.9
78.61251147955 32.57003227127 0.042 0.0241 7.7175 "" "" 180697765296583936 1123.61633 0.8627 0.0474 -0.112 -2.696 0.054 0.038 1.013 5225.7 4.3837 16.008263 1.463083 16.632324 15.169241 "" "" 1071.349 1194.46289 7441.17696 10.827 3037.3 37.591 6783.6 35.469 "" "" 0.0031760710732275437 0.01372418 0.0068199113 0.020544091 78.61251147955 32.57003227127 1123.61633 -0.11199999999999999 -2.696 -0.022176470875740054 -0.0069412193298341585 0.21250524 0.19650523 "" "" 0.12376098810115736 "" 0.026129270935439958 "" 0.9
78.57033865936 32.75974195397 0.0429 0.0252 6.2743 "" "" 181456668837072256 1279.62598 0.7599 0.0442 -0.203 -2.657 0.052 0.037 1.002 7497.1 3.8697 16.132158 2.308361 17.335157 15.026796 "" "" 1190.29138 1369.26062 6638.71166 6.3865 1589.8 14.667 7734.6 29.566 "" "" 0.002946649681500898 0.010398009 0.0056132595 0.016011268 78.57033865936 32.75974195397 1279.62598 -0.20300000000000012 -2.656999999999999 -0.11317647087574007 0.03205878067016599 0.21050523 0.19550523 "" "" 0.7134726392016643 "" 0.14942114600027706 "" 1.0
78.61132637012 32.57100967577 0.0461 0.0264 7.6829 "" "" 180697765295837184 1276.13953 0.7629 0.0529 -0.036 -2.693 0.058 0.042 1.023 "" "" 16.188745 1.719064 17.006563 15.287499 "" "" 1203.10559 1345.97815 6301.56963 4.9002 2151.7 12.635 6083.6 18.232 "" "" 0.00288177160073064 0.0069593624 0.0049871122 0.011946475 78.61132637012 32.57100967577 1276.13953 -0.035999999999999976 -2.6930000000000014 0.05382352912425995 -0.003941219329834045 0.21650523 0.20050523 "" "" 0.32644489410377536 "" 0.07065019456317886 "" 0.9
78.60414029518 32.67426404736 0.048 0.03 3.1924 "" "" 181454847770942464 1204.36694 0.8083 0.0518 -0.105 -2.616 0.062 0.045 1.023 4851.4 4.3454 16.395233 1.583986 17.126024 15.542038 "" "" 1138.72791 1306.18896 5210.19323 6.5978 1927.6 14.151 4812.2 22.747 "" "" 0.0030793061366619105 0.008444912 0.0063736443 0.014818557 78.60414029518 32.67426404736 1204.36694 -0.10500000000000015 -2.6160000000000005 -0.015176470875740047 0.07305878067016591 0.22050524 0.20350523 "" "" 0.4259742019451251 "" 0.08699948995062184 "" 0.9
