Clusters/UBC_51/UBC_51_stars_in_region.tsv
# %ECSV 1.0
# ---
# datatype:
# - name: RA_ICRS_1
#   unit: deg
#   datatype: float64
#   format: '{:15.11f}'
#   description: Right ascension (ICRS) at Ep=2016.0 (ra)
#   meta: !!omap
#   - {ucd: POS_EQ_RA_MAIN}
#   - {width: 15}
#   - {precision: '11'}
# - name: DE_ICRS_1
#   unit: deg
#   datatype: float64
#   format: '{:15.11f}'
#   description: Declination (ICRS) at Ep=2016.0 (dec)
#   meta: !!omap
#   - {ucd: POS_EQ_DEC_MAIN}
#   - {width: 15}
#   - {precision: '11'}
# - name: e_RA_ICRS
#   unit: mas
#   datatype: float64
#   format: '{:7.4f}'
#   description: Standard error of right ascension (ra_error)
#   meta: !!omap
#   - {ucd: ERROR}
#   - {width: 7}
#   - {precision: '4'}
# - name: e_DE_ICRS
#   unit: mas
#   datatype: float64
#   format: '{:7.4f}'
#   description: Standard error of declination (dec_error)
#   meta: !!omap
#   - {ucd: ERROR}
#   - {width: 7}
#   - {precision: '4'}
# - name: _r_1
#   unit: ''
#   datatype: float64
#   format: '{:7.4f}'
#   description: Distance from center (059.68931285000+52.54969650000)[ICRS], at Epoch=J2016.0
#   meta: !!omap
#   - {ucd: POS_ANG_DIST_GENERAL}
#   - {width: 7}
#   - {precision: '4'}
# - name: HIP
#   datatype: int32
#   description: '? HIP cross-id number, van Leeuwen, Cat. I/311 (hip_original_ext_source_id)'
#   meta: !!omap
#   - {ucd: ID_NUMBER}
#   - {width: 6}
#   - values: {'null': -2147483648}
# - name: TYC2
#   datatype: string
#   description: Tycho-2 cross-id name, Hog et al., Cat. I/259 (tyc2_original_ext_source_id)
#   meta: !!omap
#   - {ucd: ID_CROSSID}
#   - {_votable_string_dtype: char}
# - name: Source
#   datatype: int64
#   description: Source identifier, identical to the Gaia-EDR3 source_id (id)
#   meta: !!omap
#   - {ucd: ID_MAIN}
#   - {width: 19}
# - name: rgeo
#   unit: pc
#   datatype: float64
#   format: '{:15.8f}'
#   description: '? Median of the geometric distance posterior (r_med_geo)'
#   meta: !!omap
#   - {ucd: PHYS_DISTANCE_TRUE}
#   - {width: 15}
#   - {precision: '8'}
#   - values: {'null': .nan}
# - name: Plx
#   unit: mas
#   datatype: float64
#   format: '{:9.4f}'
#   description: '? Parallax (parallax)'
#   meta: !!omap
#   - {ucd: POS_PARLX_TRIG}
#   - {width: 9}
#   - {precision: '4'}
#   - values: {'null': .nan}
# - name: e_Plx
#   unit: mas
#   datatype: float32
#   format: '{:7.4f}'
#   description: '? Standard error of parallax (parallax_error)'
#   meta: !!omap
#   - {ucd: ERROR}
#   - {width: 7}
#   - {precision: '4'}
#   - values: {'null': .nan}
# - name: pmRA
#   unit: mas / yr
#   datatype: float64
#   format: '{:9.3f}'
#   description: '? Proper motion in right ascension direction, pmRA*cosDE (pmra)'
#   meta: !!omap
#   - {ucd: POS_EQ_PMRA}
#   - {width: 9}
#   - {precision: '3'}
#   - values: {'null': .nan}
# - name: pmDE
#   unit: mas / yr
#   datatype: float64
#   format: '{:9.3f}'
#   description: '? Proper motion in declination direction (pmdec)'
#   meta: !!omap
#   - {ucd: POS_EQ_PMDEC}
#   - {width: 9}
#   - {precision: '3'}
#   - values: {'null': .nan}
# - name: e_pmRA
#   unit: mas / yr
#   datatype: float32
#   format: '{:6.3f}'
#   description: '? Standard error of proper motion in right ascension direction (pmra_error)'
#   meta: !!omap
#   - {ucd: ERROR}
#   - {width: 6}
#   - {precision: '3'}
#   - values: {'null': .nan}
# - name: e_pmDE
[...]
#         value: !astropy.table.SerializedColumn {name: SkyCoord.dec}
#       distance: !astropy.table.SerializedColumn
#         __class__: astropy.coordinates.distances.Distance
#         unit: !astropy.units.Unit {unit: pc}
#         value: !astropy.table.SerializedColumn {name: SkyCoord.distance}
#       frame: icrs
#       obstime: !astropy.time.Time {format: jyear_str, in_subfmt: '*', jd1: 367701545.0, jd2: 0.0, out_subfmt: '*', precision: 3, scale: tt}
#       pm_dec: !astropy.table.SerializedColumn
#         __class__: astropy.units.quantity.Quantity
#         unit: !astropy.units.Unit {unit: mas / yr}
#         value: !astropy.table.SerializedColumn {name: SkyCoord.pm_dec}
#       pm_ra_cosdec: !astropy.table.SerializedColumn
#         __class__: astropy.units.quantity.Quantity
#         unit: !astropy.units.Unit {unit: mas / yr}
#         value: !astropy.table.SerializedColumn {name: SkyCoord.pm_ra_cosdec}
#       ra: !astropy.table.SerializedColumn
#         __class__: astropy.coordinates.angles.Longitude
#         unit: *id001
#         value: !astropy.table.SerializedColumn {name: SkyCoord.ra}
#         wrap_angle: !astropy.coordinates.Angle
#           unit: *id001
#           value: 360.0
#       representation_type: spherical
# schema: astropy-2.0
RA_ICRS_1 DE_ICRS_1 e_RA_ICRS e_DE_ICRS _r_1 HIP TYC2 Source rgeo Plx e_Plx pmRA pmDE e_pmRA e_pmDE RUWE Teff logg Gmag BP-RP BPmag RPmag RV e_RV b_rgeo B_rgeo FG e_FG FBP e_FBP FRP e_FRP RAVE5 RAVE6 e_Gmag e_BPmag e_RPmag e_BP-RP SkyCoord.ra SkyCoord.dec SkyCoord.distance SkyCoord.pm_ra_cosdec SkyCoord.pm_dec rmRA rmDE e_rmRA e_rmDE rRV e_rRV v_pec v_pec3d e_vpec e_vpec3d
[from data line 446]
58.94279759607 52.60049002315 0.0217 0.0168 27.3903 "" "" 251958694443006080 895.885681 1.0785 0.0298 -0.162 -2.004 0.026 0.026 0.991 5878.4 4.32 15.058422 1.267154 15.613771 14.346618 "" "" 872.239136 930.497681 17847.51804 14.632 7760.8 24.152 14471.0 28.395 "" "" 0.0028955325772289696 0.004381984 0.0043384866 0.008720471 58.94279759607 52.60049002315 895.885681 -0.1619999999999997 -2.003999999999998 0.11179998564720153 -0.7229667224884033 0.13493037 0.13493037 "" "" 3.106568417223632 "" 0.4191704329192936 ""
59.11039470932 53.05445615656 0.0215 0.0168 36.8536 "" "" 251988827933378432 1323.41382 0.7279 0.0297 4.199 0.219 0.033 0.024 1.135 7345.7 3.8152 15.058661 1.725484 15.881535 14.156051 8.65 4.26 1274.49683 1384.77075 17843.60039 5.1674 6064.6 13.447 17248.0 13.082 "" "" 0.0027732023081540177 0.003685187 0.0038680574 0.0075532445 59.11039470932 53.05445615656 1323.41382 4.199 0.21900000000000003 4.472799985647201 1.5000332775115968 0.14193037 0.13293037 12.962 7.788936 29.59361021923013 32.30781963871474 4.174077004451548 4.937989821258928
59.16333841156 53.00354321287 0.019 0.0154 33.2558 "" "" 251984807843997952 1291.20874 0.7342 0.0253 5.274 -4.24 0.029 0.022 1.01 5271.6 3.4766 15.062488 1.84535 15.968386 14.123035 33.18 7.03 1245.54773 1332.00305 17780.81538 4.8813 5598.4 13.016 17781.0 13.518 "" "" 0.0027713951315619977 0.0037625853 0.0038684702 0.0076310555 59.16333841156 53.00354321287 1291.20874 5.274000000000001 -4.24 5.547799985647202 -2.9589667224884035 0.13793036 0.13093036 37.492 10.558936 38.482015390634174 53.72630242744242 5.2493720224171 8.272239556867273
59.41674592113 52.64388097032 0.0227 0.0175 11.4286 "" "" 251774698044518272 1321.37036 0.7274 0.0282 -0.277 -1.846 0.031 0.027 0.998 7192.9 3.6853 15.063459 1.399003 15.68793 14.288927 -10.86 9.74 1276.9303 1374.4469 17764.91588 4.3769 7248.4 17.768 15261.0 14.267 "" "" 0.0027682750890932178 0.0038559618 0.0039133094 0.0077692713 59.41674592113 52.64388097032 1321.37036 -0.2769999999999999 -1.846 -0.003200014352798486 -0.5649667224884034 0.13993037 0.13593037 -6.547999999999999 13.268936 3.5386102952755216 7.442987761768113 0.4810050825786504 11.67564252814473
59.19832975823 53.06488639289 0.0201 0.0154 35.6738 "" "" 252079606362147584 1255.36194 0.7616 0.0261 -2.912 -0.074 0.03 0.023 1.005 6451.4 3.9231 15.073375 1.673566 15.867599 14.194033 -29.44 7.64 1219.60474 1295.19763 17603.41565 4.5161 6143.0 14.588 16655.0 11.932 "" "" 0.0027693636688565578 0.0037990613 0.0038585968 0.0076576583 59.19832975823 53.06488639289 1255.36194 -2.911999999999998 -0.0739999999999984 -2.6382000143527984 1.2070332775115966 0.13893037 0.13193037 -25.128 11.168936 17.26341464902185 30.486749077985706 2.377934803460387 9.303695348601053
60.2403488319 52.1347892562 0.0213 0.0153 32.0581 "" "" 251030844067723904 1209.34314 0.7923 0.0272 0.382 -3.171 0.027 0.023 1.085 7781.6 3.9054 15.075785 1.49375 15.754909 14.261159 43.15 6.0 1167.3667 1248.54419 17564.38505 4.7483 6814.8 16.102 15656.0 16.463 "" "" 0.0027709096251352545 0.003790277 0.0039480636 0.0077383406 60.2403488319 52.1347892562 1209.34314 0.3819999999999988 -3.171000000000001 0.6557999856472015 -1.8899667224884031 0.13593037 0.13193037 47.461999999999996 9.528936 11.467507283456127 48.82770901134027 1.5179082719512202 9.269270176124186
60.73025542492 52.73200845265 0.0189 0.0131 39.4458 "" "" 251822836037596928 987.67572 0.9855 0.0254 0.678 -6.943 0.03 0.022 0.984 5627.3 4.394 15.076454 1.202949 15.592937 14.389988 "" "" 966.120483 1010.64276 17553.55456 3.6289 7911.2 10.101 13905.0 14.167 "" "" 0.002764447611890149 0.0031155704 0.0039379424 0.007053513 60.73025542492 52.73200845265 987.67572 0.6779999999999999 -6.943 0.9517999856472016 -5.661966722488403 0.13893037 0.13093036 "" "" 26.878887600093634 "" 3.525347387404578 ""
59.24308571349 52.41208061602 0.055 0.0478 18.2772 "" "" 251764699359472640 1213.97534 0.8039 0.0728 2.194 -0.321 0.073 0.073 2.693 9296.0 4.05 15.079205 1.196418 15.58069 14.384273 "" "" 1105.68762 1316.27881 17509.14546 7.1853 8000.9 11.839 13978.0 12.788 "" "" 0.0027911129187798175 0.0032196466 0.003907733 0.00712738 59.24308571349 52.41208061602 1213.97534 2.194 -0.3210000000000002 2.4677999856472015 0.9600332775115967 0.18193036 0.18193036 "" "" 15.237014827021254 "" 2.772075641232405 ""
60.26200430637 52.95195717437 0.0215 0.0164 31.8605 "" "" 251889528290754816 1141.89722 0.8532 0.0264 3.627 -3.295 0.031 0.026 0.998 6312.1 4.2686 15.079878 1.194797 15.595209 14.400413 "" "" 1109.1864 1170.35095 17498.29376 4.018 7894.7 9.9177 13772.0 9.9746 "" "" 0.0027665763216817066 0.0031057072 0.0038603228 0.00696603 60.26200430637 52.95195717437 1141.89722 3.627 -3.295 3.9007999856472013 -2.0139667224884032 0.13993037 0.13493037 "" "" 23.761407318802014 "" 3.300293631816465 ""
60.15275410607 53.10551672962 0.0188 0.0147 37.3421 "" "" 251904062460048640 1102.82056 0.8744 0.0262 5.686 -7.375 0.027 0.026 1.072 6569.5 4.2535 15.0876 1.295847 15.655491 14.359644 "" "" 1074.28931 1129.92212 17374.27842 3.4415 7468.3 11.307 14299.0 13.911 "" "" 0.002763700672815442 0.0032383853 0.0039242124 0.007162598 60.15275410607 53.10551672962 1102.82056 5.685999999999998 -7.375 5.9597999856472015 -6.093966722488403 0.13593037 0.13493037 "" "" 44.557198891448216 "" 6.033943293573801 ""
59.58413905333 52.50721235052 0.1703 0.1246 4.6083 "" "" 251760335672590976 1314.76965 0.8726 0.2225 4.039 -6.832 0.222 0.179 7.309 "" "" 15.0902 1.476862 15.40612 13.929258 "" "" 1046.14575 1744.3623 17332.71833 18.369 9396.6 33.603 21255.0 51.485 "" "" 0.002985931046008573 0.00478124 0.004604373 0.009385614 59.58413905333 52.50721235052 1314.76965 4.039000000000001 -6.832000000000001 4.312799985647201 -5.550966722488403 0.33093038 0.28793037 "" "" 43.80772614207698 "" 13.353873338508937 ""
60.48635050059 52.87432291829 0.0209 0.0153 34.9101 "" "" 251839912827367168 1183.7572 0.8052 0.0274 0.609 0.316 0.031 0.024 0.963 6923.5 4.2172 15.091753 1.42677 15.731492 14.304722 "" "" 1144.98022 1225.56702 17307.95076 4.3152 6963.4 11.571 15041.0 10.035 "" "" 0.0027685853705564406 0.003322653 0.0038481748 0.007170828 60.48635050059 52.87432291829 1183.7572 0.6090000000000002 0.316 0.8827999856472015 1.5970332775115967 0.13993037 0.13293037 "" "" 10.238901908184097 "" 1.3781697006625155 ""
58.79075594605 52.21943105264 0.0199 0.0162 38.4119 "" "" 251738998274924928 1024.80005 0.9445 0.0265 4.519 2.478 0.029 0.024 1.039 5372.5 4.2362 15.093922 1.320036 15.678827 14.358791 "" "" 995.068054 1058.84131 17273.40646 4.3078 7309.5 11.436 14310.0 10.511 "" "" 0.0027685928247267034 0.0032665809 0.0038626064 0.007129187 58.79075594605 52.21943105264 1024.80005 4.518999999999999 2.4779999999999998 4.792799985647202 3.759033277511597 0.13793036 0.13293037 "" "" 29.58774219753226 "" 4.025345461019796 ""
59.77892343465 51.9173900893 0.0196 0.0154 38.081 "" "" 251683232420445568 955.99176 1.0128 0.0262 1.926 -5.867 0.028 0.024 1.033 5772.9 4.3642 15.094041 1.167301 15.594738 14.427437 "" "" 932.745667 983.304749 17271.51395 4.2244 7898.1 17.74 13433.0 13.312 "" "" 0.0027680878443646618 0.003705701 0.003929556 0.007635257 59.77892343465 51.9173900893 955.99176 1.9259999999999993 -5.867000000000003 2.1997999856472017 -4.585966722488403 0.13693038 0.13293037 "" "" 23.04795907073633 "" 3.0812282863663474 ""
60.59918962552 52.37696417873 0.0219 0.0154 34.8386 "" "" 251040189916472320 1092.54895 0.8795 0.0284 0.651 -4.174 0.029 0.022 1.009 7121.8 4.3347 15.096362 1.182527 15.601092 14.418566 "" "" 1059.15027 1128.93921 17234.62041 4.0499 7852.0 12.533 13544.0 11.936 "" "" 0.002767107212375526 0.0032845614 0.0038986225 0.007183184 60.59918962552 52.37696417873 1092.54895 0.6509999999999987 -4.174 0.9247999856472016 -2.8929667224884037 0.13793036 0.13093036 "" "" 15.728631342408189 "" 2.0698097835228504 ""
59.42204652094 53.11995759949 0.0209 0.0154 35.5606 "" "" 252080671513995008 1026.42407 0.9393 0.0266 2.539 -8.604 0.031 0.023 0.947 5236.3 4.1458 15.096829 1.538403 15.808951 14.270549 -3.53 6.56 1000.46863 1053.21899 17227.20751 4.14 6483.9 11.851 15522.0 12.93 "" "" 0.0027676469051450534 0.0034239073 0.0038860934 0.0073100007 59.42204652094 53.11995759949 1026.42407 2.5390000000000006 -8.604 2.8127999856472017 -7.3229667224884025 0.13993037 0.13193037 0.7820000000000005 10.088936 38.165921091190484 38.17393163847521 5.075528654308971 5.0786705669281185
58.98069950438 52.91031417476 0.0194 0.0155 33.6311 "" "" 251983330375301248 1197.59644 0.797 0.0262 -3.3 -0.161 0.028 0.023 1.027 6642.8 3.979 15.102963 1.738062 15.934113 14.196051 -6.93 6.96 1166.65479 1234.22253 17130.16576 4.4333 5777.9 10.235 16624.0 12.982 "" "" 0.002769610878256901 0.003388812 0.0038733208 0.007262133 58.98069950438 52.91031417476 1197.59644 -3.299999999999999 -0.16100000000000025 -3.0262000143527983 1.1200332775115966 0.13693038 0.13193037 -2.6179999999999994 10.488935 18.317383913877006 18.503526081489444 2.4973498811851536 2.8834511714124313
60.51952997813 52.74108391581 0.0212 0.0171 32.3316 "" "" 251833929934435200 1323.05664 0.7205 0.0299 4.697 1.631 0.032 0.027 1.121 5539.7 4.1476 15.111345 1.361279 15.70414 14.34286 "" "" 1278.65271 1372.60852 16998.41837 4.4346 7141.0 10.004 14522.0 13.285 "" "" 0.0027698411658101454 0.0031778284 0.00390772 0.0070855487 60.51952997813 52.74108391581 1323.05664 4.696999999999998 1.6310000000000038 4.970799985647202 2.912033277511597 0.14093037 0.13593037 "" "" 36.12871290347517 "" 5.046092476325072 ""
60.20521280638 52.84052191804 0.0221 0.0164 25.6205 "" "" 251862487176046208 1137.1416 0.8491 0.0281 3.078 -4.887 0.031 0.026 1.031 6307.9 4.2177 15.111684 1.365883 15.722874 14.356991 "" "" 1109.93127 1171.57373 16993.1179 4.1493 7018.9 10.794 14334.0 14.797 "" "" 0.002768044923675853 0.0032516052 0.0039420724 0.0071936776 60.20521280638 52.84052191804 1137.1416 3.0779999999999994 -4.886999999999999 3.3517999856472014 -3.605966722488403 0.13993037 0.13493037 "" "" 26.53611436463342 "" 3.6426285970593955 ""
59.51197319559 52.65930776109 0.0221 0.0161 9.2201 "" "" 251774594963981312 1207.09338 0.7942 0.0274 2.641 -9.03 0.032 0.024 0.975 5483.7 3.5992 15.113023 1.7493 15.883839 14.134539 -27.6 6.44 1163.83594 1245.03027 16972.17378 5.2424 6051.8 29.603 17593.0 215.9 "" "" 0.0027756546455591927 0.0059993053 0.013849717 0.019849021 59.51197319559 52.65930776109 1207.09338 2.641 -9.03 2.9147999856472016 -7.748966722488403 0.14093037 0.13293037 -23.288 9.968936 47.36955667909066 52.784522769213154 6.345054401344725 7.194951837034616
59.14822065686 52.52837669881 0.0236 0.0181 19.7876 "" "" 251769372283840384 1260.90723 0.7584 0.0328 -9.417 -1.656 0.028 0.027 0.956 6907.8 3.9074 15.114331 1.445664 15.767618 14.321954 "" "" 1209.96899 1319.42444 16951.74258 4.8835 6735.5 16.123 14804.0 13.928 "" "" 0.0027730167176112162 0.003813091 0.003914993 0.007728084 59.14822065686 52.52837669881 1260.90723 -9.416999999999998 -1.6559999999999986 -9.143200014352798 -0.37496672248840324 0.13693038 0.13593037 "" "" 54.692100203337866 "" 7.488918365739913 ""
59.9099571848 52.60354676453 0.0226 0.0168 8.6697 "" "" 251852763370305280 934.641907 1.0376 0.0279 35.18 -10.536 0.031 0.026 0.935 5928.5 4.3509 15.114359 1.228128 15.640182 14.412054 "" "" 911.453186 963.048401 16951.30552 4.3427 7574.3 11.548 13625.0 12.736 "" "" 0.0027693243775216494 0.003244259 0.003913277 0.0071575358 59.9099571848 52.60354676453 934.641907 35.17999999999998 -10.535999999999978 35.4537999856472 -9.254966722488403 0.13993037 0.13493037 "" "" 162.33089136667974 "" 22.664108942831497 ""
59.05768392816 52.09029512274 0.0203 0.0167 36.0052 "" "" 251721887126723456 1238.18323 0.7742 0.0266 6.347 -0.393 0.029 0.025 0.984 6654.2 4.0728 15.12335 1.37153 15.734887 14.363358 -2.44 5.51 1196.03357 1286.38367 16811.50324 4.5471 6941.6 11.619 14250.0 11.035 "" "" 0.0027709255807105847 0.0033298247 0.0038717743 0.007201599 59.05768392816 52.09029512274 1238.18323 6.347000000000001 -0.3930000000000001 6.620799985647202 0.8880332775115967 0.13793036 0.13393037 1.8720000000000003 9.038937 39.20536844525039 39.25003565511547 5.404878816031334 5.415913154219578
59.26756592736 52.25855455835 0.02 0.0169 23.3127 "" "" 251748000526713728 1113.39929 0.8602 0.0256 -4.092 -6.464 0.028 0.026 0.973 6300.6 4.2197 15.124033 1.325299 15.707577 14.382278 "" "" 1085.32886 1152.15369 16800.93243 3.9043 7118.5 13.87 14004.0 15.282 "" "" 0.0027668483198908488 0.0035014814 0.003960748 0.0074622296 59.26756592736 52.25855455835 1113.39929 -4.0920000000000005 -6.4639999999999995 -3.818200014352798 -5.182966722488404 0.13693038 0.13493037 "" "" 33.97414709733437 "" 4.6081618705190825 ""
58.96313644704 52.99262505608 0.0207 0.0167 37.4313 "" "" 251986731989373952 1029.15259 0.9424 0.028 -0.06 -5.856 0.03 0.024 1.073 5669.0 4.1932 15.124293 1.351026 15.677813 14.326786 "" "" 1000.32922 1057.97229 16796.90711 5.4697 7316.3 35.0 14738.0 56.981 "" "" 0.002777911339372286 0.0058959774 0.0056484304 0.011544408 58.96313644704 52.99262505608 1029.15259 -0.05999999999999783 -5.856 0.21379998564720154 -4.574966722488403 0.13893037 0.13293037 "" "" 22.341882865098444 "" 2.970213413877552 ""
59.41173172919 51.91403968716 0.0268 0.0213 39.4799 "" "" 251680380561779200 1135.91003 0.8493 0.0361 1.163 0.755 0.042 0.033 1.329 5391.7 4.2513 15.124989 1.297892 15.694453 14.396562 "" "" 1091.49866 1178.25977 16786.15526 3.9677 7205.0 12.475 13821.0 17.213 "" "" 0.002767245871048143 0.0033643735 0.0040139975 0.007378371 59.41173172919 51.91403968716 1135.91003 1.163 0.7550000000000001 1.4367999856472016 2.0360332775115966 0.15093037 0.14193037 "" "" 13.417202715645496 "" 1.9452842511870845 ""
59.90615733201 52.43438678981 0.022 0.0165 10.5177 "" "" 251802151474546432 1328.65137 0.7218 0.0295 1.573 -2.801 0.027 0.025 1.062 "" "" 15.125038 1.236454 15.65717 14.420716 "" "" 1282.60779 1377.48169 16785.39776 4.1334 7456.7 17.836 13517.0 13.13 "" "" 0.002768261545892509 0.0038117652 0.0039237756 0.007735541 59.90615733201 52.43438678981 1328.65137 1.5730000000000017 -2.8010000000000033 1.8467999856472015 -1.5199667224884035 0.13593037 0.13393037 "" "" 15.06344060980863 "" 2.035466634433507 ""
59.28012496829 52.35911580958 0.0256 0.0219 18.8307 "" "" 251752604731593472 1057.14062 0.9064 0.0326 2.525 -2.632 0.033 0.034 1.2 5714.0 4.2888 15.125908 1.261309 15.671898 14.410589 "" "" 1022.31464 1096.6084 16771.95695 4.9395 7356.3 18.737 13643.0 15.524 "" "" 0.0027738124641319677 0.003928452 0.0039761807 0.007904632 59.28012496829 52.35911580958 1057.14062 2.524999999999999 -2.6320000000000014 2.7987999856472014 -1.3509667224884034 0.14193037 0.14293037 "" "" 15.572685981937694 "" 2.2131882231095403 ""
60.19777211069 52.47195903735 0.0222 0.0161 19.1441 "" "" 251805999765349376 1033.88757 0.9299 0.0279 -0.696 -5.732 0.03 0.025 1.005 5986.2 4.281 15.130856 1.179172 15.63496 14.455788 "" "" 1002.88806 1069.47852 16695.69342 4.1126 7610.8 12.835 13087.0 13.381 "" "" 0.0027682696462854113 0.0033373092 0.0039390493 0.0072763585 60.19777211069 52.47195903735 1033.88757 -0.6960000000000015 -5.732000000000002 -0.4222000143527984 -4.4509667224884035 0.13893037 0.13393037 "" "" 21.910438764920794 "" 2.935468160605716 ""
59.03720741447 52.70607136863 0.0223 0.0172 25.5353 "" "" 251965532030888576 1276.71008 0.753 0.0299 1.107 -0.614 0.028 0.026 1.091 "" "" 15.135407 1.291696 15.695095 14.403399 "" "" 1223.51819 1339.03784 16625.85806 5.0077 7200.8 10.955 13734.0 16.385 "" "" 0.0027746591787475667 0.0032424484 0.003995192 0.00723764 59.03720741447 52.70607136863 1276.71008 1.1069999999999998 -0.6139999999999999 1.3807999856472015 0.6670332775115967 0.13693038 0.13493037 "" "" 9.279979104461487 "" 1.2672201597467279 ""
