Clusters/UBC_51/UBC_51_stars_in_region.tsv
# %ECSV 1.0
# ---
# datatype:
# - name: RA_ICRS_1
#   unit: deg
#   datatype: float64
#   format: '{:15.11f}'
#   description: Right ascension (ICRS) at Ep=2016.0 (ra)
#   meta: !!omap
#   - {ucd: POS_EQ_RA_MAIN}
#   - {width: 15}
#   - {precision: '11'}
# - name: DE_ICRS_1
#   unit: deg
#   datatype: float64
#   format: '{:15.11f}'
#   description: Declination (ICRS) at Ep=2016.0 (dec)
#   meta: !!omap
#   - {ucd: POS_EQ_DEC_MAIN}
#   - {width: 15}
#   - {precision: '11'}
# - name: e_RA_ICRS
#   unit: mas
#   datatype: float64
#   format: '{:7.4f}'
#   description: Standard error of right ascension (ra_error)
#   meta: !!omap
#   - {ucd: ERROR}
#   - {width: 7}
#   - {precision: '4'}
# - name: e_DE_ICRS
#   unit: mas
#   datatype: float64
#   format: '{:7.4f}'
#   description: Standard error of declination (dec_error)
#   meta: !!omap
#   - {ucd: ERROR}
#   - {width: 7}
#   - {precision: '4'}
# - name: _r_1
#   unit: ''
#   datatype: float64
#   format: '{:7.4f}'
#   description: Distance from center (059.68931285000+52.54969650000)[ICRS], at Epoch=J2016.0
#   meta: !!omap
#   - {ucd: POS_ANG_DIST_GENERAL}
#   - {width: 7}
#   - {precision: '4'}
# - name: HIP
#   datatype: int32
#   description: '? HIP cross-id number, van Leeuwen, Cat. I/311 (hip_original_ext_source_id)'
#   meta: !!omap
#   - {ucd: ID_NUMBER}
#   - {width: 6}
#   - values: {'null': -2147483648}
# - name: TYC2
#   datatype: string
#   description: Tycho-2 cross-id name, Hog et al., Cat. I/259 (tyc2_original_ext_source_id)
#   meta: !!omap
#   - {ucd: ID_CROSSID}
#   - {_votable_string_dtype: char}
# - name: Source
#   datatype: int64
#   description: Source identifier, identical to the Gaia-EDR3 source_id (id)
#   meta: !!omap
#   - {ucd: ID_MAIN}
#   - {width: 19}
# - name: rgeo
#   unit: pc
#   datatype: float64
#   format: '{:15.8f}'
#   description: '? Median of the geometric distance posterior (r_med_geo)'
#   meta: !!omap
#   - {ucd: PHYS_DISTANCE_TRUE}
#   - {width: 15}
#   - {precision: '8'}
#   - values: {'null': .nan}
# - name: Plx
#   unit: mas
#   datatype: float64
#   format: '{:9.4f}'
#   description: '? Parallax (parallax)'
#   meta: !!omap
#   - {ucd: POS_PARLX_TRIG}
#   - {width: 9}
#   - {precision: '4'}
#   - values: {'null': .nan}
# - name: e_Plx
#   unit: mas
#   datatype: float32
#   format: '{:7.4f}'
#   description: '? Standard error of parallax (parallax_error)'
#   meta: !!omap
#   - {ucd: ERROR}
#   - {width: 7}
#   - {precision: '4'}
#   - values: {'null': .nan}
# - name: pmRA
#   unit: mas / yr
#   datatype: float64
#   format: '{:9.3f}'
#   description: '? Proper motion in right ascension direction, pmRA*cosDE (pmra)'
#   meta: !!omap
#   - {ucd: POS_EQ_PMRA}
#   - {width: 9}
#   - {precision: '3'}
#   - values: {'null': .nan}
# - name: pmDE
#   unit: mas / yr
#   datatype: float64
#   format: '{:9.3f}'
#   description: '? Proper motion in declination direction (pmdec)'
#   meta: !!omap
#   - {ucd: POS_EQ_PMDEC}
#   - {width: 9}
#   - {precision: '3'}
#   - values: {'null': .nan}
# - name: e_pmRA
#   unit: mas / yr
#   datatype: float32
#   format: '{:6.3f}'
#   description: '? Standard error of proper motion in right ascension direction (pmra_error)'
#   meta: !!omap
#   - {ucd: ERROR}
#   - {width: 6}
#   - {precision: '3'}
#   - values: {'null': .nan}
# - name: e_pmDE
[...]
#         value: !astropy.table.SerializedColumn {name: SkyCoord.dec}
#       distance: !astropy.table.SerializedColumn
#         __class__: astropy.coordinates.distances.Distance
#         unit: !astropy.units.Unit {unit: pc}
#         value: !astropy.table.SerializedColumn {name: SkyCoord.distance}
#       frame: icrs
#       obstime: !astropy.time.Time {format: jyear_str, in_subfmt: '*', jd1: 367701545.0, jd2: 0.0, out_subfmt: '*', precision: 3, scale: tt}
#       pm_dec: !astropy.table.SerializedColumn
#         __class__: astropy.units.quantity.Quantity
#         unit: !astropy.units.Unit {unit: mas / yr}
#         value: !astropy.table.SerializedColumn {name: SkyCoord.pm_dec}
#       pm_ra_cosdec: !astropy.table.SerializedColumn
#         __class__: astropy.units.quantity.Quantity
#         unit: !astropy.units.Unit {unit: mas / yr}
#         value: !astropy.table.SerializedColumn {name: SkyCoord.pm_ra_cosdec}
#       ra: !astropy.table.SerializedColumn
#         __class__: astropy.coordinates.angles.Longitude
#         unit: *id001
#         value: !astropy.table.SerializedColumn {name: SkyCoord.ra}
#         wrap_angle: !astropy.coordinates.Angle
#           unit: *id001
#           value: 360.0
#       representation_type: spherical
# schema: astropy-2.0
RA_ICRS_1 DE_ICRS_1 e_RA_ICRS e_DE_ICRS _r_1 HIP TYC2 Source rgeo Plx e_Plx pmRA pmDE e_pmRA e_pmDE RUWE Teff logg Gmag BP-RP BPmag RPmag RV e_RV b_rgeo B_rgeo FG e_FG FBP e_FBP FRP e_FRP RAVE5 RAVE6 e_Gmag e_BPmag e_RPmag e_BP-RP SkyCoord.ra SkyCoord.dec SkyCoord.distance SkyCoord.pm_ra_cosdec SkyCoord.pm_dec rmRA rmDE e_rmRA e_rmDE rRV e_rRV v_pec v_pec3d e_vpec e_vpec3d
[from data line 1146]
60.1198827514 52.19254510059 0.0509 0.034 26.608 "" "" 251782669503079040 889.141968 1.1076 0.0658 2.39 -10.354 0.064 0.052 1.048 4579.9 4.4078 16.789774 1.736663 17.625193 15.88853 "" "" 842.881226 945.534851 3622.73777 2.1135 1217.1 7.1144 3497.4 6.95 "" "" 0.0028271905539269237 0.0069327834 0.0043518743 0.011284658 60.1198827514 52.19254510059 889.141968 2.3899999999999944 -10.353999999999992 2.6637999856472017 -9.072966722488403 0.17293037 0.16093037 "" "" 39.85231572747192 "" 6.452694210514505 ""
59.31172770711 52.15248486157 0.0462 0.04 27.5588 "" "" 251699587655406208 1163.53198 0.8351 0.0654 0.744 -6.911 0.066 0.063 0.971 8358.3 4.4524 16.790157 2.031941 17.813196 15.781255 "" "" 1074.63672 1255.24414 3621.45988 2.5015 1023.6 6.8658 3860.6 13.988 "" "" 0.002855562499904566 0.0077987816 0.0054552197 0.013254002 59.31172770711 52.15248486157 1163.53198 0.7439999999999998 -6.910999999999999 1.0177999856472015 -5.629966722488403 0.17493036 0.17193037 "" "" 31.55337873983172 "" 5.4280052591715355 ""
59.69700589943 52.02293471283 0.0458 0.037 31.607 "" "" 251687836624879232 1090.7417 0.9005 0.061 3.35 -4.612 0.07 0.055 0.993 4848.4 4.4608 16.790972 1.720768 17.618338 15.89757 "" "" 1025.11975 1168.5238 3618.74272 1.9178 1224.8 7.636 3468.4 8.7912 "" "" 0.0028147601416634092 0.0073215114 0.0046751527 0.011996664 59.69700589943 52.02293471283 1090.7417 3.349999999999999 -4.612000000000001 3.6237999856472016 -3.3309667224884034 0.17893037 0.16393037 "" "" 25.447929865270186 "" 4.38272043238554 ""
59.85566016524 52.1600130861 0.0488 0.0385 24.1626 "" "" 251690997721284224 1186.34302 0.8345 0.0603 -0.556 2.885 0.064 0.055 1.019 5064.8 4.6088 16.797878 1.690292 17.60401 15.913717 "" "" 1109.11658 1275.27124 3595.80243 2.0389 1241.1 8.5393 3417.2 9.862 "" "" 0.0028232601335130164 0.007974389 0.004909385 0.012883774 59.85566016524 52.1600130861 1186.34302 -0.5559999999999983 2.885 -0.2822000143527985 4.1660332775115965 0.17293037 0.16393037 "" "" 23.480397887782917 "" 3.8501419397308765 ""
60.19533636709 52.44491960014 0.053 0.0375 19.5238 "" "" 251794145655620224 928.679443 1.0571 0.0652 -0.792 4.102 0.069 0.057 1.031 4651.3 4.6642 16.798546 1.62101 17.568874 15.947865 "" "" 883.422424 980.727539 3593.58952 2.8877 1281.9 9.0098 3311.4 8.7673 "" "" 0.0028901529779703445 0.008125161 0.004748378 0.012873539 60.19533636709 52.44491960014 928.679443 -0.7919999999999994 4.102 -0.5182000143527985 5.383033277511597 0.17793037 0.16593038 "" "" 23.80533416913487 "" 3.9527448970194725 ""
60.74933842427 52.67741109118 0.0511 0.0389 39.3706 "" "" 251821770885728128 1217.23035 0.8147 0.0644 -3.253 -4.638 0.074 0.058 1.156 "" "" 16.798973 "" "" "" "" "" 1131.8938 1338.60217 3592.17224 9.7678 "" "" "" "" "" "" 0.00403831683785805 "" "" "" 60.74933842427 52.67741109118 1217.23035 -3.253 -4.638000000000002 -2.9792000143527986 -3.356966722488403 0.18293038 0.16693038 "" "" 25.89603196684241 "" 4.510080496022448 ""
59.73064315157 53.00480387718 0.0559 0.042 27.3476 "" "" 251882003507658112 1045.71838 0.9592 0.0726 2.243 -5.167 0.084 0.065 1.173 4537.8 4.4016 16.801014 1.768722 17.63648 15.867758 "" "" 974.751282 1154.53857 3585.43203 3.8527 1204.5 10.501 3565.0 7.5323 "" "" 0.00299214107075535 0.009868264 0.0044211014 0.014289366 59.73064315157 53.00480387718 1045.71838 2.2430000000000003 -5.167 2.5167999856472014 -3.885966722488403 0.19293037 0.17393038 "" "" 22.948538111830494 "" 4.125097296637982 ""
60.19244779506 52.16132784284 0.0785 0.0656 29.7141 "" "" 251781707430405760 920.105286 1.0826 0.1047 -3.604 0.411 0.093 0.096 1.299 "" "" 16.801208 1.796567 17.16872 15.372153 "" "" 841.825562 1013.92407 3584.78954 7.9965 1853.2 30.088 5627.3 55.564 "" "" 0.003668447445192018 0.017847141 0.0113672465 0.029214388 60.19244779506 52.16132784284 920.105286 -3.604 0.4109999999999991 -3.3302000143527986 1.6920332775115967 0.20193037 0.20493037 "" "" 16.291193916687213 "" 3.299773957826859 ""
59.42583843676 52.12730449895 0.0473 0.0397 27.1217 "" "" 251698866100890368 982.416687 0.9797 0.0632 7.712 -1.388 0.063 0.058 1.043 4847.5 4.6032 16.802309 1.635126 17.577663 15.942537 "" "" 928.477539 1053.06116 3581.15671 2.0621 1271.6 8.3193 3327.7 9.9941 "" "" 0.0028253582956471643 0.007631645 0.004991646 0.012623291 59.42583843676 52.12730449895 982.416687 7.712 -1.3880000000000008 7.985799985647201 -0.10696672248840322 0.17193037 0.16693038 "" "" 37.19045202905134 "" 6.394135406997478 ""
59.32964498701 52.68891405573 0.0494 0.0374 15.5377 "" "" 251778408894947200 1021.47729 0.9626 0.0627 7.541 -12.766 0.069 0.057 1.021 4794.5 4.607 16.802633 1.652613 17.592878 15.940266 "" "" 965.991455 1104.64246 3580.087 2.0541 1253.9 7.3716 3334.7 11.041 "" "" 0.0028248636374842238 0.0069661625 0.0052159745 0.012182137 59.32964498701 52.68891405573 1021.47729 7.5409999999999995 -12.765999999999998 7.814799985647202 -11.484966722488403 0.17793037 0.16593038 "" "" 67.26020886426245 "" 11.422112522630504 ""
60.24533047137 52.94991773262 0.0468 0.0358 31.3751 "" "" 251889734449186816 1039.59216 0.9496 0.059 6.236 -3.511 0.066 0.056 0.996 4779.1 4.5106 16.803545 1.562529 17.538145 15.975616 "" "" 978.805786 1104.93335 3577.078 1.7562 1318.7 9.0433 3227.8 7.2553 "" "" 0.0028064094833201514 0.007951316 0.0044988454 0.012450162 60.24533047137 52.94991773262 1039.59216 6.236000000000009 -3.5110000000000046 6.509799985647201 -2.2299667224884034 0.17493036 0.16493037 "" "" 33.90802258310757 "" 5.8968487328227965 ""
59.87285711391 52.30206174751 0.0495 0.0343 16.3052 "" "" 251797444190419328 999.483704 0.9922 0.0623 -1.257 -3.358 0.068 0.054 1.028 4564.9 4.39 16.806108 1.636649 17.566687 15.930037 "" "" 947.283813 1058.96436 3568.64265 2.1773 1284.5 10.393 3366.2 12.663 "" "" 0.002833831673680803 0.009217239 0.0055646645 0.0147819035 59.87285711391 52.30206174751 999.483704 -1.2570000000000001 -3.3579999999999997 -0.9832000143527984 -2.0769667224884034 0.17693037 0.16293037 "" "" 10.886555071251298 "" 1.8026159238102164 ""
59.75964812142 53.19245026515 0.0529 0.0435 38.6493 "" "" 252074761639207680 1219.08167 0.7981 0.0691 5.176 -8.341 0.068 0.065 1.133 4923.2 4.5074 16.808071 1.6934 17.619287 15.925887 "" "" 1119.25537 1337.56201 3562.20018 2.6967 1223.8 12.621 3379.1 10.397 "" "" 0.002875303491185484 0.011539552 0.0050441734 0.016583726 59.75964812142 53.19245026515 1219.08167 5.175999999999996 -8.341000000000005 5.449799985647202 -7.059966722488403 0.17693037 0.17393038 "" "" 51.53631414234903 "" 9.021768967586844 ""
60.29596593697 53.07259487784 0.0429 0.0334 38.3191 "" "" 251891486795796992 919.135193 1.0735 0.0567 6.382 -2.451 0.057 0.052 1.039 4980.6 4.6326 16.808699 1.531957 17.523924 15.991967 "" "" 865.958679 963.60083 3560.14245 1.6937 1336.1 7.7704 3179.6 8.1506 "" "" 0.0028033176789787817 0.0069033382 0.0046935934 0.011596931 60.29596593697 53.07259487784 919.135193 6.382000000000003 -2.4510000000000023 6.655799985647201 -1.1699667224884034 0.16593038 0.16093037 "" "" 29.441917371853314 "" 4.880960624746792 ""
59.38520618917 52.26853035641 0.0453 0.0405 20.211 "" "" 251753326286129792 1027.30029 0.9448 0.0582 -0.186 -1.445 0.061 0.061 1.016 4747.9 4.4004 16.809328 2.002761 17.819256 15.816495 "" "" 972.373535 1091.15234 3558.07744 7.3607 1017.9 10.259 3737.3 20.303 "" "" 0.003554817880915944 0.011292811 0.0070052566 0.018298067 59.38520618917 52.26853035641 1027.30029 -0.186 -1.445 0.08779998564720154 -0.16396672248840338 0.16993037 0.16993037 "" "" 0.9056818471382458 "" 0.153902850174575 ""
59.42452043018 52.71518641233 0.0584 0.0442 13.8409 "" "" 251778129717709184 1256.73364 0.7858 0.0745 1.227 -3.04 0.081 0.068 1.165 4743.8 4.1931 16.810509 1.634317 17.573172 15.938854 "" "" 1173.89941 1375.28394 3554.20852 2.4989 1276.9 10.264 3339.0 8.6455 "" "" 0.00285911003541094 0.009162547 0.0047102864 0.013872834 59.42452043018 52.71518641233 1256.73364 1.226999999999999 -3.040000000000001 1.5007999856472016 -1.7589667224884034 0.18993038 0.17693037 "" "" 13.773707795754497 "" 2.5139788741807707 ""
59.05712726042 52.77068596579 0.0494 0.0391 26.554 "" "" 251968899285225088 1073.53625 0.9159 0.065 18.848 -10.16 0.064 0.056 1.027 4615.3 4.3757 16.810984 1.672867 17.60501 15.932142 "" "" 1002.04834 1144.23108 3552.65841 2.0842 1240.0 14.028 3359.7 9.0787 "" "" 0.002827985830472231 0.012595749 0.0047845147 0.017380264 59.05712726042 52.77068596579 1073.53625 18.848000000000006 -10.16 19.1217999856472 -8.878966722488403 0.17293037 0.16493037 "" "" 107.28050719306088 "" 18.40275420174458 ""
59.99693229344 52.73213358094 0.0465 0.0357 15.6607 "" "" 251860081994432384 973.025818 1.0131 0.0604 -0.13 -1.268 0.07 0.055 0.918 4585.0 4.2874 16.817778 1.990946 17.819021 15.828075 "" "" 916.742981 1030.74121 3530.49422 5.7658 1018.1 11.217 3697.7 20.561 "" "" 0.0032765671434885194 0.0122832805 0.0071226214 0.019405901 59.99693229344 52.73213358094 973.025818 -0.13 -1.2679999999999998 0.14379998564720153 0.013033277511596664 0.17893037 0.16393037 "" "" 0.6659445242784632 "" 0.11907969837258335 ""
59.06838100981 52.33225721455 0.0468 0.0402 26.1909 "" "" 251762740854471680 916.847107 1.0769 0.0622 6.315 -6.956 0.064 0.066 1.061 4437.1 4.4596 16.818985 1.604869 17.583048 15.978179 "" "" 861.098877 962.181213 3526.56996 2.1111 1265.3 7.5226 3220.2 8.7179 "" "" 0.0028309407745052847 0.0070322505 0.0047878586 0.01182011 59.06838100981 52.33225721455 916.847107 6.3149999999999995 -6.956 6.588799985647202 -5.674966722488404 0.17293037 0.17493036 "" "" 37.79083706407806 "" 6.567479756183846 ""
59.60270365925 52.61488903524 0.0591 0.045 5.027 "" "" 251855546509080704 1182.90649 0.823 0.0713 4.563 -8.979 0.08 0.069 1.248 4603.3 4.3806 16.81934 1.660472 17.56356 15.903089 "" "" 1070.32153 1305.84314 3525.41803 2.6036 1288.2 8.6559 3450.8 9.5143 "" "" 0.0028696232334272736 0.0078108213 0.004821292 0.012632113 59.60270365925 52.61488903524 1182.90649 4.563 -8.979 4.836799985647201 -7.6979667224884025 0.18893036 0.17793037 "" "" 50.97519817061054 "" 9.232203124703148 ""
59.39921415853 52.9779002968 0.0564 0.0435 27.7672 "" "" 252065862466803584 889.155457 1.1159 0.0685 -2.165 -5.928 0.091 0.07 1.028 4746.3 4.662 16.8197 1.69924 17.63728 15.93804 "" "" 839.134766 941.851135 3524.24706 2.0425 1203.7 7.4628 3341.5 9.4437 "" "" 0.0028262588553314106 0.00728679 0.0048681996 0.012154989 59.39921415853 52.9779002968 889.155457 -2.165 -5.928000000000001 -1.8912000143527985 -4.646966722488403 0.19993037 0.17893037 "" "" 21.144904746307354 "" 3.8496845853924806 ""
59.83529524584 52.48063905839 0.0509 0.038 6.7513 "" "" 251803422784862592 1211.55896 0.8087 0.0675 -0.132 -1.172 0.064 0.054 1.045 4463.7 4.4708 16.832146 1.868584 17.757368 15.888784 "" "" 1122.5603 1356.3595 3484.08207 6.6007 1077.6 12.059 3496.6 21.831 "" "" 0.003438440765801301 0.012466304 0.0077611646 0.02022747 59.83529524584 52.48063905839 1211.55896 -0.132 -1.172 0.14179998564720153 0.10903327751159675 0.17293037 0.16293037 "" "" 1.0272290403379338 "" 0.17389318561475878 ""
60.53132451342 52.33452610285 0.0549 0.0365 33.3919 "" "" 251039640160673280 1216.10779 0.797 0.0684 -3.704 -3.492 0.068 0.055 1.026 5112.0 4.7095 16.833164 1.473867 17.509794 16.035927 "" "" 1121.50256 1305.32617 3480.81491 2.0906 1353.6 7.8606 3053.4 11.48 "" "" 0.002831434978779503 0.0068948464 0.005563019 0.012457865 60.53132451342 52.33452610285 1216.10779 -3.704 -3.492 -3.4302000143527986 -2.2109667224884033 0.17693037 0.16393037 "" "" 23.524376144231926 "" 4.074795353714998 ""
58.6776424215 52.53171603834 0.0471 0.0376 36.9332 "" "" 251936532411816576 967.157898 1.0021 0.0636 3.424 0.584 0.058 0.054 0.95 5101.6 4.6584 16.833298 1.566653 17.564974 15.998321 "" "" 918.516724 1023.98407 3480.38682 2.0068 1286.6 6.8022 3161.0 10.909 "" "" 0.0028255465420691742 0.0063824304 0.005322011 0.011704441 58.6776424215 52.53171603834 967.157898 3.4240000000000004 0.5840000000000003 3.6977999856472015 1.8650332775115968 0.16693038 0.16293037 "" "" 18.9860247840599 "" 3.154091010884335 ""
58.94540476471 52.54327981796 0.0482 0.0388 27.1456 "" "" 251957766730091008 1307.86731 0.7479 0.0647 2.025 -0.934 0.064 0.056 0.983 5700.3 4.5975 16.836227 1.785358 17.6989 15.913542 "" "" 1197.46204 1455.95496 3471.00705 1.9388 1137.3 9.5571 3417.8 10.626 "" "" 0.002821273216405771 0.009540893 0.005067368 0.014608261 58.94540476471 52.54327981796 1307.86731 2.024999999999999 -0.9339999999999977 2.2987999856472014 0.3470332775115966 0.17293037 0.16493037 "" "" 14.412403060068508 "" 2.4898313284416345 ""
60.27637586838 52.10859670988 0.0491 0.035 34.1146 "" "" 251030328671650304 1243.34229 0.7677 0.0638 1.535 -6.383 0.06 0.052 0.963 7604.5 4.445 16.836857 1.86478 17.749891 15.885111 "" "" 1171.09875 1349.54419 3468.99522 2.0688 1085.1 8.1562 3508.4 7.9751 "" "" 0.002830378840817766 0.008624772 0.0045138593 0.013138631 60.27637586838 52.10859670988 1243.34229 1.534999999999997 -6.383 1.8087999856472015 -5.101966722488403 0.16893037 0.16093037 "" "" 31.901886010796503 "" 5.163104458512016 ""
59.97543288102 52.65525371565 0.0481 0.04 12.1992 "" "" 251858879403623424 1187.92493 0.8104 0.0636 -0.031 -1.128 0.07 0.059 1.025 4964.1 4.2557 16.838152 2.150935 17.94444 15.793506 "" "" 1125.177 1282.42261 3464.86227 5.014 907.07 7.7642 3817.3 15.415 "" "" 0.003171806830742702 0.009703326 0.0057885065 0.015491832 59.97543288102 52.65525371565 1187.92493 -0.03100000000000014 -1.1279999999999994 0.24279998564720154 0.1530332775115968 0.17893037 0.16793036 "" "" 1.6160491028559323 "" 0.28421929568007037 ""
59.57007184045 51.92352455365 0.0469 0.0394 37.8249 "" "" 251681067756508544 1226.89429 0.7919 0.0647 -1.171 -1.613 0.074 0.061 1.004 6015.6 4.487 16.838343 1.638973 17.616026 15.977053 "" "" 1130.32141 1349.99976 3464.25294 1.9152 1227.5 6.8442 3223.6 8.3095 "" "" 0.0028199439660854266 0.006665816 0.0047028195 0.011368636 59.57007184045 51.92352455365 1226.89429 -1.1710000000000007 -1.613 -0.8972000143527985 -0.3319667224884033 0.18293038 0.16993037 "" "" 5.563349193625993 "" 1.0092711007986856 ""
59.00809274832 52.607827817 0.0507 0.0412 25.081 "" "" 251958385205347456 1263.23926 0.7948 0.0688 3.245 -4.47 0.063 0.06 0.995 5172.5 4.3822 16.84049 1.684679 17.635567 15.950888 "" "" 1176.41797 1357.12561 3457.40672 1.9465 1205.6 9.1475 3302.2 10.059 "" "" 0.0028223097073570604 0.008697714 0.005022158 0.013719872 59.00809274832 52.607827817 1263.23926 3.2449999999999983 -4.4699999999999935 3.5187999856472016 -3.188966722488403 0.17193037 0.16893037 "" "" 28.434874008439426 "" 4.8505362925906965 ""
59.45530115948 53.09274767438 0.0559 0.042 33.6697 "" "" 252068748685014784 1232.37439 0.7921 0.0703 0.041 -1.056 0.085 0.067 1.094 5416.7 3.8647 16.841911 1.798675 17.624271 15.825597 "" "" 1146.71204 1357.88733 3452.88512 2.49 1218.2 14.237 3706.1 40.155 "" "" 0.0028644059219821256 0.012992052 0.012355977 0.02534803 59.45530115948 53.09274767438 1232.37439 0.04099999999999998 -1.056 0.3147999856472015 0.22503327751159663 0.19393037 0.17593038 "" "" 2.2604165616854446 "" 0.4250394896763438 ""
58.79221176487 52.91450319199 0.0537 0.0371 39.2611 "" "" 251980409797559296 943.192444 1.03 0.0663 16.011 -2.661 0.073 0.054 1.026 4767.5 4.6394 16.841976 1.770958 17.710245 15.939287 "" "" 882.570801 999.959961 3452.68223 2.0425 1125.4 6.5964 3337.7 10.327 "" "" 0.00282919125797762 0.006948702 0.005056555 0.0120052565 58.79221176487 52.91450319199 943.192444 16.011 -2.6609999999999996 16.2847999856472 -1.3799667224884034 0.18193036 0.16293037 "" "" 73.06591055025343 "" 13.28352348931921 ""
