Clusters/UBC_51/UBC_51_stars_in_region.tsv
# %ECSV 1.0
# ---
# datatype:
# - name: RA_ICRS_1
#   unit: deg
#   datatype: float64
#   format: '{:15.11f}'
#   description: Right ascension (ICRS) at Ep=2016.0 (ra)
#   meta: !!omap
#   - {ucd: POS_EQ_RA_MAIN}
#   - {width: 15}
#   - {precision: '11'}
# - name: DE_ICRS_1
#   unit: deg
#   datatype: float64
#   format: '{:15.11f}'
#   description: Declination (ICRS) at Ep=2016.0 (dec)
#   meta: !!omap
#   - {ucd: POS_EQ_DEC_MAIN}
#   - {width: 15}
#   - {precision: '11'}
# - name: e_RA_ICRS
#   unit: mas
#   datatype: float64
#   format: '{:7.4f}'
#   description: Standard error of right ascension (ra_error)
#   meta: !!omap
#   - {ucd: ERROR}
#   - {width: 7}
#   - {precision: '4'}
# - name: e_DE_ICRS
#   unit: mas
#   datatype: float64
#   format: '{:7.4f}'
#   description: Standard error of declination (dec_error)
#   meta: !!omap
#   - {ucd: ERROR}
#   - {width: 7}
#   - {precision: '4'}
# - name: _r_1
#   unit: ''
#   datatype: float64
#   format: '{:7.4f}'
#   description: Distance from center (059.68931285000+52.54969650000)[ICRS], at Epoch=J2016.0
#   meta: !!omap
#   - {ucd: POS_ANG_DIST_GENERAL}
#   - {width: 7}
#   - {precision: '4'}
# - name: HIP
#   datatype: int32
#   description: '? HIP cross-id number, van Leeuwen, Cat. I/311 (hip_original_ext_source_id)'
#   meta: !!omap
#   - {ucd: ID_NUMBER}
#   - {width: 6}
#   - values: {'null': -2147483648}
# - name: TYC2
#   datatype: string
#   description: Tycho-2 cross-id name, Hog et al., Cat. I/259 (tyc2_original_ext_source_id)
#   meta: !!omap
#   - {ucd: ID_CROSSID}
#   - {_votable_string_dtype: char}
# - name: Source
#   datatype: int64
#   description: Source identifier, identical to the Gaia-EDR3 source_id (id)
#   meta: !!omap
#   - {ucd: ID_MAIN}
#   - {width: 19}
# - name: rgeo
#   unit: pc
#   datatype: float64
#   format: '{:15.8f}'
#   description: '? Median of the geometric distance posterior (r_med_geo)'
#   meta: !!omap
#   - {ucd: PHYS_DISTANCE_TRUE}
#   - {width: 15}
#   - {precision: '8'}
#   - values: {'null': .nan}
# - name: Plx
#   unit: mas
#   datatype: float64
#   format: '{:9.4f}'
#   description: '? Parallax (parallax)'
#   meta: !!omap
#   - {ucd: POS_PARLX_TRIG}
#   - {width: 9}
#   - {precision: '4'}
#   - values: {'null': .nan}
# - name: e_Plx
#   unit: mas
#   datatype: float32
#   format: '{:7.4f}'
#   description: '? Standard error of parallax (parallax_error)'
#   meta: !!omap
#   - {ucd: ERROR}
#   - {width: 7}
#   - {precision: '4'}
#   - values: {'null': .nan}
# - name: pmRA
#   unit: mas / yr
#   datatype: float64
#   format: '{:9.3f}'
#   description: '? Proper motion in right ascension direction, pmRA*cosDE (pmra)'
#   meta: !!omap
#   - {ucd: POS_EQ_PMRA}
#   - {width: 9}
#   - {precision: '3'}
#   - values: {'null': .nan}
# - name: pmDE
#   unit: mas / yr
#   datatype: float64
#   format: '{:9.3f}'
#   description: '? Proper motion in declination direction (pmdec)'
#   meta: !!omap
#   - {ucd: POS_EQ_PMDEC}
#   - {width: 9}
#   - {precision: '3'}
#   - values: {'null': .nan}
# - name: e_pmRA
#   unit: mas / yr
#   datatype: float32
#   format: '{:6.3f}'
#   description: '? Standard error of proper motion in right ascension direction (pmra_error)'
#   meta: !!omap
#   - {ucd: ERROR}
#   - {width: 6}
#   - {precision: '3'}
#   - values: {'null': .nan}
# - name: e_pmDE
[...]
#         value: !astropy.table.SerializedColumn {name: SkyCoord.dec}
#       distance: !astropy.table.SerializedColumn
#         __class__: astropy.coordinates.distances.Distance
#         unit: !astropy.units.Unit {unit: pc}
#         value: !astropy.table.SerializedColumn {name: SkyCoord.distance}
#       frame: icrs
#       obstime: !astropy.time.Time {format: jyear_str, in_subfmt: '*', jd1: 367701545.0, jd2: 0.0, out_subfmt: '*', precision: 3, scale: tt}
#       pm_dec: !astropy.table.SerializedColumn
#         __class__: astropy.units.quantity.Quantity
#         unit: !astropy.units.Unit {unit: mas / yr}
#         value: !astropy.table.SerializedColumn {name: SkyCoord.pm_dec}
#       pm_ra_cosdec: !astropy.table.SerializedColumn
#         __class__: astropy.units.quantity.Quantity
#         unit: !astropy.units.Unit {unit: mas / yr}
#         value: !astropy.table.SerializedColumn {name: SkyCoord.pm_ra_cosdec}
#       ra: !astropy.table.SerializedColumn
#         __class__: astropy.coordinates.angles.Longitude
#         unit: *id001
#         value: !astropy.table.SerializedColumn {name: SkyCoord.ra}
#         wrap_angle: !astropy.coordinates.Angle
#           unit: *id001
#           value: 360.0
#       representation_type: spherical
# schema: astropy-2.0
RA_ICRS_1 DE_ICRS_1 e_RA_ICRS e_DE_ICRS _r_1 HIP TYC2 Source rgeo Plx e_Plx pmRA pmDE e_pmRA e_pmDE RUWE Teff logg Gmag BP-RP BPmag RPmag RV e_RV b_rgeo B_rgeo FG e_FG FBP e_FBP FRP e_FRP RAVE5 RAVE6 e_Gmag e_BPmag e_RPmag e_BP-RP SkyCoord.ra SkyCoord.dec SkyCoord.distance SkyCoord.pm_ra_cosdec SkyCoord.pm_dec rmRA rmDE e_rmRA e_rmDE rRV e_rRV v_pec v_pec3d e_vpec e_vpec3d
[from data line 1018]
59.47287698211 52.4435365891 0.0432 0.0308 10.1527 "" "" 251759648477867008 1321.40857 0.7245 0.0543 5.199 -4.057 0.052 0.045 0.998 5454.3 4.3339 16.512474 1.682012 17.30619 15.624179 "" "" 1240.59912 1425.53369 4676.89038 2.2137 1632.8 9.1414 4461.6 13.514 "" "" 0.00280283632036568 0.0066883857 0.005009884 0.01169827 59.47287698211 52.4435365891 1321.40857 5.199 -4.0569999999999995 5.472799985647201 -2.7759667224884037 0.16093037 0.15393037 "" "" 38.43628292329786 "" 6.131468473164077 ""
60.1716191999 52.26016195937 0.0402 0.0287 24.7683 "" "" 251783494136775680 1120.09045 0.852 0.0523 2.315 -4.35 0.051 0.044 1.058 5308.0 4.6498 16.512497 1.463704 17.181501 15.717797 "" "" 1066.96655 1191.15637 4676.79432 2.0668 1831.5 10.52 4093.0 11.408 "" "" 0.002796786117726065 0.0068320995 0.00484163 0.01167373 60.1716191999 52.26016195937 1120.09045 2.3149999999999995 -4.35 2.5887999856472015 -3.068966722488403 0.15993038 0.15293038 "" "" 21.31669690966164 "" 3.322819618359778 ""
60.51006325985 52.17679793227 0.0448 0.0311 37.4815 "" "" 251033558487540224 1053.00879 0.9268 0.0603 -0.495 -0.966 0.058 0.049 1.0 4709.7 4.3889 16.516405 1.443927 17.170454 15.726527 "" "" 994.947571 1139.43787 4659.98788 2.6328 1850.3 11.522 4060.2 9.2285 "" "" 0.002822777456714585 0.007314095 0.0045137247 0.011827819 60.51006325985 52.17679793227 1053.00879 -0.495000000000001 -0.966 -0.22120001435279846 0.3150332775115967 0.16693038 0.15793037 "" "" 1.9213142786075603 "" 0.3092508131822505 ""
60.63432722971 52.4840489821 0.0412 0.0324 34.7279 "" "" 251815002017339136 1311.8385 0.7434 0.0586 5.044 0.422 0.061 0.049 1.033 5227.3 4.5858 16.51751 1.464205 17.192331 15.728127 "" "" 1230.32605 1418.07178 4655.25 2.1512 1813.4 7.95 4054.2 8.9486 "" "" 0.002800627277204862 0.005517399 0.004475137 0.009992536 60.63432722971 52.4840489821 1311.8385 5.043999999999999 0.4219999999999987 5.317799985647201 1.7030332775115966 0.16993037 0.15793037 "" "" 34.72098419016724 "" 5.86264165549638 ""
60.3573863194 52.5256363601 0.0414 0.0306 24.4235 "" "" 251796271660560384 1006.15344 0.9676 0.0531 2.854 -8.665 0.063 0.048 0.991 4708.1 4.3904 16.51924 1.381775 17.140278 15.758503 "" "" 946.529358 1059.99731 4647.83714 2.1346 1902.4 7.1862 3942.4 7.6181 "" "" 0.0028000775794258833 0.004960416 0.004322665 0.009283081 60.3573863194 52.5256363601 1006.15344 2.854 -8.665 3.1277999856472016 -7.3839667224884025 0.17193037 0.15693037 "" "" 38.244468940626284 "" 6.092477670381167 ""
59.57814983214 52.59207138406 0.0458 0.0346 4.7851 "" "" 251855512149352192 1211.26892 0.7934 0.0558 1.344 -2.535 0.061 0.052 1.085 5478.0 4.5807 16.52057 1.584321 17.259148 15.674827 "" "" 1148.75769 1296.672 4642.14377 2.2554 1705.1 6.966 4258.2 10.146 "" "" 0.002805361724016464 0.0052402383 0.0045799776 0.009820215 59.57814983214 52.59207138406 1211.26892 1.344 -2.535 1.6177999856472016 -1.2539667224884035 0.16993037 0.16093037 "" "" 11.7519751013782 "" 1.9579918022460134 ""
58.76211385575 52.27638094428 0.0397 0.0339 37.6879 "" "" 251742399889015936 1321.14209 0.7448 0.0535 2.011 -3.731 0.055 0.051 1.061 5360.0 4.5409 16.524675 1.523674 17.226793 15.703119 "" "" 1231.4165 1413.5188 4624.62391 2.2456 1756.7 7.4457 4148.7 9.9155 "" "" 0.0028053048863982888 0.00538164 0.004584477 0.009966116 58.76211385575 52.27638094428 1321.14209 2.011000000000002 -3.731000000000005 2.2847999856472017 -2.449966722488403 0.16393037 0.15993038 "" "" 20.978553497368218 "" 3.3943994043822103 ""
59.2765719094 53.03039340864 0.04 0.0326 32.498 "" "" 252078571270280960 997.819824 0.9826 0.0534 1.041 -4.066 0.064 0.048 1.024 5077.4 4.6386 16.525417 1.532484 17.235523 15.703039 "" "" 952.432312 1061.65161 4621.46812 2.4883 1742.6 8.0685 4149.0 9.2066 "" "" 0.0028166519304961973 0.0057495213 0.0044819824 0.010231504 59.2765719094 53.03039340864 997.819824 1.041 -4.065999999999999 1.3147999856472015 -2.784966722488403 0.17293037 0.15693037 "" "" 14.566095527488997 "" 2.3300779097544035 ""
59.36397465777 52.55985334029 0.0415 0.0311 11.884 "" "" 251772395940767616 978.284424 0.9903 0.0528 0.962 -0.599 0.054 0.048 1.018 4717.1 4.3861 16.529263 1.475419 17.204258 15.728839 "" "" 934.809387 1025.17371 4605.12452 2.377 1793.6 12.256 4051.6 7.4234 "" "" 0.002811735732757969 0.007926357 0.004270954 0.012197311 59.36397465777 52.55985334029 978.284424 0.962 -0.5989999999999995 1.2357999856472015 0.6820332775115967 0.16293037 0.15693037 "" "" 6.545285365862186 "" 1.0573873158311125 ""
59.8282482208 52.02036128788 0.0377 0.0292 32.1669 "" "" 251686015559238784 1305.1189 0.7361 0.05 4.293 -1.813 0.051 0.043 0.989 7161.7 4.277 16.531609 1.605319 17.281696 15.676377 "" "" 1204.00989 1401.07971 4595.18819 2.0757 1670.1 7.361 4252.1 9.9579 "" "" 0.0027986283204227613 0.0055394173 0.0045550913 0.0100945085 59.8282482208 52.02036128788 1305.1189 4.293 -1.8129999999999997 4.566799985647202 -0.5319667224884033 0.15993038 0.15193038 "" "" 28.442453179240992 "" 4.5458413777271796 ""
59.9876478382 51.91290144122 0.0441 0.034 39.7494 "" "" 250933571647367040 1273.76819 0.7778 0.0577 1.824 -1.88 0.06 0.051 1.161 5445.1 4.4841 16.533033 1.619299 17.277891 15.658592 "" "" 1200.46179 1432.09045 4589.15979 2.382 1675.9 12.519 4322.4 13.485 "" "" 0.002812361755933647 0.008576987 0.00507517 0.013652157 59.9876478382 51.91290144122 1273.76819 1.8240000000000003 -1.8800000000000012 2.0977999856472014 -0.5989667224884032 0.16893037 0.15993038 "" "" 13.171965621785624 "" 2.21643013319875 ""
59.56254749735 52.12663499328 0.0416 0.0341 25.8056 "" "" 251701511800716672 906.467163 1.0757 0.0537 -0.986 -6.768 0.055 0.05 1.105 4664.4 4.1935 16.533705 1.459047 17.197025 15.737978 "" "" 862.969666 957.937073 4586.32341 2.2261 1805.5 12.356 4017.6 9.9813 "" "" 0.0028052647455863223 0.007936874 0.0046432395 0.0125801135 59.56254749735 52.12663499328 906.467163 -0.9860000000000002 -6.768 -0.7122000143527984 -5.486966722488403 0.16393037 0.15893038 "" "" 23.77336666309652 "" 3.7803100012611153 ""
59.41882808469 52.13281079387 0.0425 0.0333 26.9066 "" "" 251698866100888448 974.921326 1.0023 0.0545 1.934 -3.389 0.056 0.048 0.977 4844.7 4.496 16.534962 1.514284 17.237381 15.723097 "" "" 922.555908 1022.01538 4581.02129 3.037 1739.7 12.919 4073.0 9.4526 "" "" 0.0028477867485308256 0.008531804 0.0045423536 0.013074158 59.41882808469 52.13281079387 974.921326 1.9340000000000004 -3.3890000000000002 2.2077999856472017 -2.107966722488403 0.16493037 0.15693037 "" "" 14.106102628473591 "" 2.273408220253644 ""
59.51416830043 52.20187613475 0.0397 0.0341 21.833 "" "" 251705119573212544 904.684814 1.0942 0.0528 0.12 -6.652 0.052 0.05 1.04 4318.1 4.2229 16.535578 1.54743 17.255228 15.707798 "" "" 858.822937 947.233093 4578.41755 2.72 1711.3 7.2273 4130.8 9.1911 "" "" 0.002829814323976661 0.005367555 0.004485502 0.009853058 59.51416830043 52.20187613475 904.684814 0.1200000000000001 -6.652 0.39379998564720153 -5.3709667224884035 0.16093037 0.15893038 "" "" 23.093636531987855 "" 3.670528853184212 ""
59.15129243649 52.11399121751 0.0403 0.0326 32.7498 "" "" 251744701991940992 1118.45068 0.8753 0.0555 13.412 -10.684 0.059 0.05 0.923 4772.1 4.4005 16.535686 1.532915 17.241636 15.708721 "" "" 1047.61719 1193.59033 4577.95928 2.243 1732.9 9.7337 4127.3 8.01 "" "" 0.0028062028354240982 0.0067065437 0.0043270905 0.011033634 59.15129243649 52.11399121751 1118.45068 13.412000000000003 -10.683999999999997 13.685799985647202 -9.402966722488403 0.16793036 0.15893038 "" "" 88.02922461829837 "" 14.53342533947814 ""
60.61916293027 52.76302532233 0.0392 0.0298 36.1818 "" "" 251834758866815232 1160.76599 0.8263 0.0528 2.152 2.478 0.063 0.049 1.067 6009.2 4.4463 16.53661 1.470778 17.203482 15.732704 "" "" 1092.53174 1222.93518 4574.072 2.1087 1794.8 7.4754 4037.2 10.034 "" "" 0.0028004154350166825 0.005313631 0.0046438654 0.009957496 60.61916293027 52.76302532233 1160.76599 2.152000000000002 2.477999999999998 2.4257999856472017 3.759033277511597 0.17193037 0.15793037 "" "" 24.61495480580254 "" 3.9918553362321028 ""
58.85209070431 52.69812840656 0.0459 0.0353 31.7675 "" "" 251963092489490944 1279.05383 0.7542 0.0599 6.366 -3.612 0.058 0.052 1.162 6811.3 4.1174 16.541033 1.739397 17.363497 15.6241 "" "" 1184.65283 1430.77979 4555.4776 3.7349 1548.9 12.004 4461.9 9.6147 "" "" 0.002895544683154399 0.00886501 0.004444932 0.013309943 58.85209070431 52.69812840656 1279.05383 6.366 -3.611999999999999 6.639799985647201 -2.3309667224884034 0.16693038 0.16093037 "" "" 42.66374900283676 "" 7.0942402424353705 ""
60.34706652282 52.62454124978 0.0473 0.0359 24.3941 "" "" 251809607537817856 996.766052 0.9826 0.0649 2.11 0.432 0.068 0.058 1.18 4997.8 4.4663 16.541096 1.399109 17.158382 15.759274 "" "" 939.22113 1060.5011 4555.21142 2.9099 1871.0 6.6544 3939.6 9.5724 "" "" 0.002841273751351864 0.0047640805 0.0046090516 0.009373132 60.34706652282 52.62454124978 996.766052 2.11 0.4320000000000004 2.3837999856472014 1.7130332775115966 0.17693037 0.16693038 "" "" 13.869131248650817 "" 2.4075370151778555 ""
59.70320816027 52.7709900512 0.0393 0.0312 13.2872 "" "" 251869908879632000 953.752014 1.0116 0.0515 1.263 -8.461 0.06 0.05 1.005 5067.6 4.6752 16.54393 1.490113 17.22488 15.734767 "" "" 910.810669 1015.44666 4543.33338 3.6479 1759.8 10.175 4029.5 10.097 "" "" 0.002889937692031674 0.0068697617 0.0046567605 0.011526522 59.70320816027 52.7709900512 953.752014 1.263 -8.461 1.5367999856472014 -7.179966722488404 0.16893037 0.15893038 "" "" 33.19428230937034 "" 5.29055712788612 ""
59.04809929281 52.77036937043 0.0429 0.0325 26.8299 "" "" 251968899285226368 1314.75146 0.7462 0.0544 -0.849 -1.366 0.055 0.046 0.987 7089.1 4.3265 16.546558 1.708664 17.36202 15.653357 "" "" 1235.01831 1401.75183 4532.34862 2.5458 1551.0 7.494 4343.3 10.185 "" "" 0.0028220046586365753 0.0059418264 0.004556979 0.010498805 59.04809929281 52.77036937043 1314.75146 -0.8489999999999996 -1.366 -0.5752000143527984 -0.08496672248840342 0.16393037 0.15493037 "" "" 3.6234990074078373 "" 0.5933238720660966 ""
59.47537607723 52.95308237902 0.045 0.0341 25.4196 "" "" 252062701370873216 1065.47314 0.9195 0.0583 6.787 -3.248 0.069 0.05 1.077 4995.2 4.6545 16.54792 1.587908 17.292183 15.704275 "" "" 1005.68475 1142.0675 4526.67059 2.3763 1654.0 6.8729 4144.3 9.2519 "" "" 0.0028136537245615086 0.0053046597 0.0044898475 0.009794507 59.47537607723 52.95308237902 1065.47314 6.786999999999999 -3.2479999999999993 7.0607999856472015 -1.9669667224884035 0.17793037 0.15893038 "" "" 37.01727367313805 "" 6.538375108092118 ""
60.5297086136 52.52601795627 0.1402 0.1211 30.7023 "" "" 251818953387251072 1180.80908 0.9105 0.1945 1.58 -0.799 0.206 0.176 3.603 5047.0 4.7725 16.548191 1.368842 17.103794 15.734952 "" "" 968.085571 1464.65222 4525.54143 8.0356 1967.4 10.259 4028.8 7.9554 "" "" 0.003362792633161609 0.0063117654 0.004345131 0.010656897 60.5297086136 52.52601795627 1180.80908 1.58 -0.7989999999999999 1.8537999856472016 0.48203327751159664 0.31493038 0.28493038 "" "" 10.720814123913028 "" 3.3568554495020617 ""
60.325060982 52.71246134965 0.0434 0.0333 25.1272 "" "" 251813318389435392 1048.66687 0.933 0.0553 0.751 -0.269 0.07 0.053 0.908 5197.6 4.6683 16.550737 1.452262 17.207792 15.75553 "" "" 995.651794 1113.04504 4514.93816 4.1792 1787.7 12.282 3953.2 11.52 "" "" 0.002932884701860718 0.007964068 0.004928918 0.012892986 60.325060982 52.71246134965 1048.66687 0.7510000000000001 -0.26899999999999985 1.0247999856472014 1.0120332775115966 0.17893037 0.16193037 "" "" 7.159206695328543 "" 1.2224244243672893 ""
59.43851188592 53.17727858643 0.0391 0.0315 38.7353 "" "" 252081152550309888 1046.99377 0.9252 0.0499 0.052 -8.129 0.054 0.049 0.942 5552.4 4.5636 16.551365 1.748588 17.39172 15.643132 "" "" 987.797913 1129.83789 4512.32889 5.6553 1509.1 9.4408 4384.4 22.346 "" "" 0.00307301764109966 0.0073430245 0.006701144 0.014044168 59.43851188592 53.17727858643 1046.99377 0.05199999999999916 -8.129 0.32579998564720153 -6.847966722488403 0.16293037 0.15793037 "" "" 34.02319042305847 "" 5.373685446549811 ""
60.01879881943 52.20592320277 0.0422 0.0327 23.8974 "" "" 251784421849740672 1164.54565 0.8287 0.0561 -0.014 -2.009 0.055 0.05 1.027 5096.8 4.3644 16.554443 1.602097 17.306007 15.703911 "" "" 1084.16809 1252.78088 4499.55392 2.7794 1633.1 7.0193 4145.7 10.867 "" "" 0.0028357682382128086 0.0054371576 0.004731119 0.010168277 60.01879881943 52.20592320277 1164.54565 -0.014000000000000012 -2.009 0.2597999856472015 -0.7279667224884032 0.16393037 0.15893038 "" "" 4.266570708849394 "" 0.6805313158584615 ""
59.8441315616 52.58065027845 0.0455 0.0335 5.9441 "" "" 251853072607896576 1319.94897 0.7321 0.0559 0.585 -2.123 0.062 0.049 1.039 5700.5 4.594 16.555662 1.488882 17.234444 15.745562 "" "" 1228.58691 1414.66846 4494.50357 2.2268 1744.4 7.4485 3989.6 9.4582 "" "" 0.0028073395654088485 0.005410906 0.004572641 0.009983547 59.8441315616 52.58065027845 1319.94897 0.585 -2.123 0.8587999856472015 -0.8419667224884035 0.17093037 0.15793037 "" "" 7.524653430137707 "" 1.2392148548822755 ""
60.09780517314 52.89187162493 0.0599 0.0452 25.3354 "" "" 251866399887600256 1295.92603 0.7525 0.0756 0.047 -2.028 0.085 0.069 1.486 9186.2 4.2787 16.55631 1.930342 17.446287 15.515945 "" "" 1166.33582 1450.82202 4491.82029 3.9587 1435.2 6.5773 4929.2 11.571 "" "" 0.0029167441270280176 0.005704669 0.0045584645 0.010263134 60.09780517314 52.89187162493 1295.92603 0.04700000000000004 -2.028 0.3207999856472015 -0.7469667224884033 0.19393037 0.17793037 "" "" 4.993639688467307 "" 0.9014277656648213 ""
60.64718487713 52.57003509421 0.0396 0.0306 34.9603 "" "" 251816616925023744 902.426941 1.0832 0.056 1.014 -4.121 0.061 0.048 1.004 4514.3 4.4927 16.557564 1.662667 17.344385 15.681718 "" "" 864.561157 951.990234 4486.63658 2.1167 1576.4 11.243 4231.3 25.558 "" "" 0.0028025285379979083 0.008230894 0.007569166 0.015800059 60.64718487713 52.57003509421 902.426941 1.0140000000000002 -4.121 1.2877999856472016 -2.8399667224884038 0.16993037 0.15693037 "" "" 13.338570582889206 "" 2.123802585699146 ""
59.2145708413 52.96002599127 0.0406 0.0314 30.0554 "" "" 251972713216100352 959.123779 1.0125 0.0542 2.318 -4.92 0.06 0.046 1.019 4867.7 4.5083 16.562037 1.600219 17.318705 15.718486 "" "" 918.362244 1010.01434 4468.1967 3.4908 1614.1 9.7124 4090.4 11.452 "" "" 0.002882931603232781 0.0071039894 0.0048501436 0.0119541325 59.2145708413 52.96002599127 959.123779 2.318 -4.92 2.5917999856472016 -3.6389667224884032 0.16893037 0.15493037 "" "" 20.310840413836434 "" 3.245248132816244 ""
60.56566225988 52.87816854859 0.0399 0.0291 37.4569 "" "" 251839191273025536 1031.75659 0.9413 0.0542 2.701 -3.497 0.059 0.048 1.038 4983.4 4.6896 16.565998 1.401071 17.18767 15.786599 "" "" 980.432861 1097.40527 4451.92055 1.9424 1821.2 9.8983 3841.7 8.6825 "" "" 0.002795745640182848 0.006527413 0.0045061116 0.011033525 60.56566225988 52.87816854859 1031.75659 2.7009999999999996 -3.4970000000000003 2.9747999856472016 -2.215966722488403 0.16793036 0.15693037 "" "" 18.141112559488914 "" 2.9767650560642323 ""
58.60458233756 52.54468777128 0.0891 0.0694 39.5788 "" "" 251937425765022464 953.509766 1.0643 0.1161 -0.488 -3.228 0.114 0.099 2.364 10965.8 4.3386 16.567497 1.641606 17.212706 15.571099 "" "" 841.83606 1087.76868 4445.77485 3.8495 1779.6 7.0142 4685.1 13.819 "" "" 0.0029112894474814773 0.0051086275 0.0049537257 0.010062354 58.60458233756 52.54468777128 953.509766 -0.48800000000000154 -3.228 -0.21420001435279845 -1.9469667224884035 0.22293037 0.20793037 "" "" 8.852675490208398 "" 1.842384690821167 ""
