Clusters/UBC_51/UBC_51_members.tsv
# %ECSV 1.0
# ---
# datatype:
# - name: RA_ICRS_1
#   unit: deg
#   datatype: float64
#   format: '{:15.11f}'
#   description: Right ascension (ICRS) at Ep=2016.0 (ra)
#   meta: !!omap
#   - {ucd: POS_EQ_RA_MAIN}
#   - {width: 15}
#   - {precision: '11'}
# - name: DE_ICRS_1
#   unit: deg
#   datatype: float64
#   format: '{:15.11f}'
#   description: Declination (ICRS) at Ep=2016.0 (dec)
#   meta: !!omap
#   - {ucd: POS_EQ_DEC_MAIN}
#   - {width: 15}
#   - {precision: '11'}
# - name: e_RA_ICRS
#   unit: mas
#   datatype: float64
#   format: '{:7.4f}'
#   description: Standard error of right ascension (ra_error)
#   meta: !!omap
#   - {ucd: ERROR}
#   - {width: 7}
#   - {precision: '4'}
# - name: e_DE_ICRS
#   unit: mas
#   datatype: float64
#   format: '{:7.4f}'
#   description: Standard error of declination (dec_error)
#   meta: !!omap
#   - {ucd: ERROR}
#   - {width: 7}
#   - {precision: '4'}
# - name: _r_1
#   unit: ''
#   datatype: float64
#   format: '{:7.4f}'
#   description: Distance from center (059.68931285000+52.54969650000)[ICRS], at Epoch=J2016.0
#   meta: !!omap
#   - {ucd: POS_ANG_DIST_GENERAL}
#   - {width: 7}
#   - {precision: '4'}
# - name: HIP
#   datatype: int32
#   description: '? HIP cross-id number, van Leeuwen, Cat. I/311 (hip_original_ext_source_id)'
#   meta: !!omap
#   - {ucd: ID_NUMBER}
#   - {width: 6}
#   - values: {'null': -2147483648}
# - name: TYC2
#   datatype: string
#   description: Tycho-2 cross-id name, Hog et al., Cat. I/259 (tyc2_original_ext_source_id)
#   meta: !!omap
#   - {ucd: ID_CROSSID}
#   - {_votable_string_dtype: char}
# - name: Source
#   datatype: int64
#   description: Source identifier, identical to the Gaia-EDR3 source_id (id)
#   meta: !!omap
#   - {ucd: ID_MAIN}
#   - {width: 19}
# - name: rgeo
#   unit: pc
#   datatype: float64
#   format: '{:15.8f}'
#   description: '? Median of the geometric distance posterior (r_med_geo)'
#   meta: !!omap
#   - {ucd: PHYS_DISTANCE_TRUE}
#   - {width: 15}
#   - {precision: '8'}
#   - values: {'null': .nan}
# - name: Plx
#   unit: mas
#   datatype: float64
#   format: '{:9.4f}'
#   description: '? Parallax (parallax)'
#   meta: !!omap
#   - {ucd: POS_PARLX_TRIG}
#   - {width: 9}
#   - {precision: '4'}
#   - values: {'null': .nan}
# - name: e_Plx
#   unit: mas
#   datatype: float32
#   format: '{:7.4f}'
#   description: '? Standard error of parallax (parallax_error)'
#   meta: !!omap
#   - {ucd: ERROR}
#   - {width: 7}
#   - {precision: '4'}
#   - values: {'null': .nan}
# - name: pmRA
#   unit: mas / yr
#   datatype: float64
#   format: '{:9.3f}'
#   description: '? Proper motion in right ascension direction, pmRA*cosDE (pmra)'
#   meta: !!omap
#   - {ucd: POS_EQ_PMRA}
#   - {width: 9}
#   - {precision: '3'}
#   - values: {'null': .nan}
# - name: pmDE
#   unit: mas / yr
#   datatype: float64
#   format: '{:9.3f}'
#   description: '? Proper motion in declination direction (pmdec)'
#   meta: !!omap
#   - {ucd: POS_EQ_PMDEC}
#   - {width: 9}
#   - {precision: '3'}
#   - values: {'null': .nan}
# - name: e_pmRA
#   unit: mas / yr
#   datatype: float32
#   format: '{:6.3f}'
#   description: '? Standard error of proper motion in right ascension direction (pmra_error)'
#   meta: !!omap
#   - {ucd: ERROR}
#   - {width: 6}
#   - {precision: '3'}
#   - values: {'null': .nan}
# - name: e_pmDE
[...]
#         unit: &id001 !astropy.units.Unit {unit: deg}
#         value: !astropy.table.SerializedColumn {name: SkyCoord.dec}
#       distance: !astropy.table.SerializedColumn
#         __class__: astropy.coordinates.distances.Distance
#         unit: !astropy.units.Unit {unit: pc}
#         value: !astropy.table.SerializedColumn {name: SkyCoord.distance}
#       frame: icrs
#       obstime: !astropy.time.Time {format: jyear_str, in_subfmt: '*', jd1: 367701545.0, jd2: 0.0, out_subfmt: '*', precision: 3, scale: tt}
#       pm_dec: !astropy.table.SerializedColumn
#         __class__: astropy.units.quantity.Quantity
#         unit: !astropy.units.Unit {unit: mas / yr}
#         value: !astropy.table.SerializedColumn {name: SkyCoord.pm_dec}
#       pm_ra_cosdec: !astropy.table.SerializedColumn
#         __class__: astropy.units.quantity.Quantity
#         unit: !astropy.units.Unit {unit: mas / yr}
#         value: !astropy.table.SerializedColumn {name: SkyCoord.pm_ra_cosdec}
#       ra: !astropy.table.SerializedColumn
#         __class__: astropy.coordinates.angles.Longitude
#         unit: *id001
#         value: !astropy.table.SerializedColumn {name: SkyCoord.ra}
#         wrap_angle: !astropy.coordinates.Angle
#           unit: *id001
#           value: 360.0
#       representation_type: spherical
# schema: astropy-2.0
RA_ICRS_1 DE_ICRS_1 e_RA_ICRS e_DE_ICRS _r_1 HIP TYC2 Source rgeo Plx e_Plx pmRA pmDE e_pmRA e_pmDE RUWE Teff logg Gmag BP-RP BPmag RPmag RV e_RV b_rgeo B_rgeo FG e_FG FBP e_FBP FRP e_FRP RAVE5 RAVE6 e_Gmag e_BPmag e_RPmag e_BP-RP SkyCoord.ra SkyCoord.dec SkyCoord.distance SkyCoord.pm_ra_cosdec SkyCoord.pm_dec Pmemb
59.84079437399 52.66474783021 0.0252 0.0194 8.8384 "" 3717-149-1 251856508581695744 1084.2262 0.9094 0.0324 -0.38 -1.073 0.034 0.029 1.936 7361.0 3.3149 10.788235 0.330418 10.895562 10.565145 "" "" 1051.67578 1117.99023 911281.96657 303.71 598680.0 461.14 471090.0 375.33 "" "" 0.0027789793197835187 0.0029128073 0.003877114 0.0067899213 59.84079437399 52.66474783021 1084.2262 -0.37999999999999995 -1.073 0.86
59.44267681552 52.6365568231 0.0109 0.0085 10.3909 "" 3717-175-1 251774491884775424 1051.08435 0.917 0.0133 -0.339 -1.276 0.015 0.013 0.942 "" "" 12.144784 0.50953 12.329394 11.819864 -5.86 34.28 1039.13269 1066.37073 261236.0367 63.144 159830.0 100.52 148320.0 85.565 "" "" 0.0027677900977883863 0.0028725108 0.003830933 0.006703444 59.44267681552 52.6365568231 1051.08435 -0.33899999999999997 -1.276 0.95
59.74342608896 52.41909046589 0.0126 0.0089 8.082 "" 3339-242-1 251802769949853568 993.440247 0.9758 0.0166 -0.31 -1.414 0.015 0.013 1.083 "" "" 12.186524 0.548362 12.386058 11.837696 -10.88 30.67 978.385376 1006.45355 251383.63541 101.94 151700.0 128.27 145910.0 203.71 "" "" 0.002790275711244188 0.0029373209 0.004072036 0.007009357 59.74342608896 52.41909046589 993.440247 -0.3099999999999999 -1.4140000000000001 0.94
59.86756854496 52.36241774156 0.0144 0.0101 12.99 "" "" 251798956019043840 1003.46643 0.9732 0.0192 -0.292 -1.39 0.018 0.016 1.316 "" "" 12.554562 0.789819 12.86494 12.075121 -27.17 11.51 985.270996 1016.71002 179110.96795 30.699 97598.0 57.227 117250.0 36.295 "" "" 0.002761597258421817 0.0028618772 0.0037942964 0.0066561736 59.86756854496 52.36241774156 1003.46643 -0.29200000000000004 -1.3900000000000001 0.86
59.40469724761 52.50188590361 0.0127 0.0095 10.7784 "" "" 251759545398635520 1043.69043 0.9351 0.0164 -0.387 -1.322 0.016 0.014 1.013 "" "" 12.885317 0.998115 13.293864 12.29575 "" "" 1025.93933 1066.23682 132074.8085 280.33 65746.0 550.69 95688.0 525.23 "" "" 0.0035919967089259102 0.009512551 0.007056942 0.016569493 59.40469724761 52.50188590361 1043.69043 -0.38699999999999984 -1.322 0.97
59.79081914392 52.64823414737 0.0128 0.0087 6.9742 "" "" 251856439862234368 1106.00793 0.8705 0.0153 -0.256 -1.252 0.017 0.013 0.892 9484.7 4.1391 12.988788 0.556496 13.197588 12.641092 "" "" 1087.11853 1126.54968 120069.193 37.209 71843.0 46.203 69618.0 26.368 "" "" 0.00277578790858957 0.0028762126 0.003801688 0.0066779004 59.79081914392 52.64823414737 1106.00793 -0.256 -1.2519999999999998 0.92
59.6647048215 52.77644756485 0.0094 0.0074 13.6345 "" "" 251870699153617920 1080.00549 0.892 0.0123 -0.19 -1.198 0.014 0.011 0.911 9476.9 4.193 13.028377 0.528944 13.22573 12.696786 "" "" 1063.46741 1094.68274 115769.9913 27.573 70004.0 39.633 66137.0 22.475 "" "" 0.0027674281150391116 0.0028570783 0.0037973488 0.0066544274 59.6647048215 52.77644756485 1080.00549 -0.19 -1.198 0.88
59.47682396675 52.49553903266 0.011 0.0085 8.4104 "" "" 251760816708948352 1085.32178 0.8833 0.0145 -0.233 -1.249 0.014 0.013 0.984 6472.8 3.7556 13.139062 1.214307 13.6614 12.447093 29.07 4.77 1071.60205 1099.57153 104549.51401 20.505 46866.0 37.789 83238.0 33.86 "" "" 0.002763536475316781 0.0029242884 0.0038051007 0.006729389 59.47682396675 52.49553903266 1085.32178 -0.2330000000000001 -1.249 0.83
59.64155509522 52.56390726108 0.0118 0.0083 1.9396 "" "" 251854446997464064 1060.30615 0.9058 0.0144 -0.247 -1.374 0.015 0.012 1.064 8975.2 4.1902 13.369515 0.68668 13.632989 12.946309 "" "" 1041.36938 1078.65051 84555.23298 20.183 48108.0 22.839 52557.0 22.853 "" "" 0.0027674814903512306 0.0028373816 0.0038087543 0.006646136 59.64155509522 52.56390726108 1060.30615 -0.247 -1.374 0.97
59.40236848641 52.5399891896 0.0113 0.0085 10.4863 "" "" 251772842617369088 1045.04883 0.9211 0.0144 -0.28 -1.333 0.015 0.013 1.032 6408.0 3.785 13.390425 1.1582 13.882537 12.724337 4.17 4.35 1030.52063 1060.71582 82942.43503 24.56 38230.0 47.663 64480.0 59.871 "" "" 0.0027740131990657323 0.0031011892 0.003911528 0.007012717 59.40236848641 52.5399891896 1045.04883 -0.27999999999999986 -1.3330000000000002 0.97
59.57400428784 52.5801810228 0.0128 0.0093 4.586 "" "" 251761469543936512 1069.77124 0.8969 0.0152 -0.248 -1.29 0.016 0.014 0.947 "" "" 13.430228 0.751858 13.723484 12.971626 "" "" 1054.02356 1087.41187 79956.78862 16.885 44261.0 28.7 51346.0 20.746 "" "" 0.002764843513590938 0.0028776194 0.0038047563 0.0066823754 59.57400428784 52.5801810228 1069.77124 -0.248 -1.29 0.96
59.35127687197 52.52263956908 0.0118 0.0088 12.4432 "" "" 251771536947325440 1063.44934 0.9047 0.0149 -0.543 -1.253 0.015 0.013 0.989 9032.6 4.325 13.537546 0.750541 13.831783 13.081243 "" "" 1049.23523 1081.08252 72431.61221 18.571 40059.0 28.933 46415.0 21.331 "" "" 0.0027693469403447715 0.002898274 0.003812178 0.006710452 59.35127687197 52.52263956908 1063.44934 -0.5429999999999999 -1.2529999999999997 0.95
59.87343293622 52.53449875412 0.0124 0.0092 6.7803 "" "" 251851973096284160 1075.93628 0.8928 0.0156 -0.622 -1.043 0.016 0.014 0.979 8065.6 4.0817 13.620984 0.815213 13.942263 13.127049 "" "" 1058.73486 1093.39429 67073.8313 13.507 36184.0 25.874 44498.0 24.227 "" "" 0.0027639813595695933 0.0028961708 0.0038253316 0.006721502 59.87343293622 52.53449875412 1075.93628 -0.6220000000000001 -1.0430000000000001 0.82
59.47768603666 52.50456356096 0.0128 0.01 8.1859 "" "" 251760816708944512 1032.94995 0.9279 0.0164 -0.269 -1.332 0.016 0.015 0.979 "" "" 13.73178 0.89685 14.091606 13.194757 "" "" 1014.53754 1048.13513 60566.83286 11.743 31534.0 22.837 41808.0 18.444 "" "" 0.002763349959900332 0.0028988454 0.003809613 0.006708458 59.47768603666 52.50456356096 1032.94995 -0.26899999999999996 -1.3319999999999999 0.96
59.68267048032 52.51528040758 0.0126 0.0094 2.0791 "" "" 251851251541804544 1073.07837 0.8939 0.0159 -0.28 -1.332 0.016 0.014 0.96 "" "" 13.77781 0.981963 14.178835 13.196872 "" "" 1056.91687 1097.1886 58052.72222 11.67 29099.0 21.065 41726.0 26.82 "" "" 0.0027639512448060935 0.0028987585 0.0038432737 0.0067420322 59.68267048032 52.51528040758 1073.07837 -0.27999999999999986 -1.332 0.97
59.72835433679 52.70276932538 0.0137 0.0102 9.2938 "" "" 251857711172539520 1067.2345 0.9034 0.0166 -0.23 -1.253 0.02 0.016 1.021 6737.7 4.0767 13.92087 1.020102 14.342805 13.322702 -16.4 6.04 1042.29639 1087.44934 50886.03816 7.9819 25020.0 19.912 37160.0 21.742 "" "" 0.002760578527656303 0.002920903 0.0038323982 0.0067533012 59.72835433679 52.70276932538 1067.2345 -0.23000000000000004 -1.2530000000000001 0.96
59.55305330174 52.61843880156 0.0131 0.0098 6.4566 "" "" 251867327597935360 1057.49548 0.9102 0.0162 -0.294 -1.303 0.018 0.015 0.981 7537.0 4.3559 13.948879 0.880799 14.303094 13.422295 "" "" 1041.60864 1075.18701 49590.09446 10.729 25953.0 23.904 33903.0 20.099 "" "" 0.0027653153223949254 0.002963964 0.0038338013 0.0067977654 59.55305330174 52.61843880156 1057.49548 -0.29400000000000004 -1.3029999999999997 0.97
60.02124635584 52.45825336032 0.0161 0.0109 13.3067 "" "" 251801086322645120 1033.88916 0.9351 0.0205 -0.126 -1.31 0.02 0.017 1.015 5696.9 4.0812 14.174396 1.161644 14.669207 13.507563 12.08 6.69 1012.84399 1058.59448 40289.18293 24.639 18524.0 45.55 31342.0 50.845 "" "" 0.0028341959727855425 0.0038617165 0.0041696625 0.008031379 60.02124635584 52.45825336032 1033.88916 -0.126 -1.31 0.97
59.44929330285 52.42439155994 0.0147 0.0112 11.5511 "" "" 251758171009130240 1040.62537 0.9229 0.0189 -0.32 -1.304 0.018 0.017 1.003 5669.4 4.0179 14.250783 1.465975 14.914792 13.448817 -39.18 6.86 1020.13989 1059.99658 37552.05088 54.791 14774.0 77.593 33085.0 139.33 "" "" 0.003178263983552156 0.0063483133 0.0059321118 0.012280425 59.44929330285 52.42439155994 1040.62537 -0.32000000000000006 -1.3039999999999998 0.97
59.87286644919 52.55995565751 0.0194 0.014 6.7243 "" "" 251852144895015040 1057.87549 0.9157 0.0242 -0.169 -1.346 0.027 0.022 1.054 5515.3 4.1263 14.598607 1.257696 15.142063 13.884367 -11.38 11.96 1026.19971 1090.71362 27258.61875 30.286 11984.0 49.436 22152.0 67.036 "" "" 0.0030078224819822716 0.005276844 0.005007907 0.010284751 59.87286644919 52.55995565751 1057.87549 -0.1690000000000002 -1.3459999999999999 0.97
59.63004695806 52.63374098642 0.0187 0.0137 5.4859 "" "" 251855683948023168 1047.39954 0.9192 0.0235 -0.234 -1.225 0.025 0.021 1.058 5425.6 3.7836 14.707763 1.505341 15.400054 13.894713 -14.19 6.24 1024.80823 1073.84912 24651.40673 23.329 9449.2 31.332 21942.0 53.012 "" "" 0.002940668391800104 0.004554771 0.0046005016 0.0091552725 59.63004695806 52.63374098642 1047.39954 -0.2340000000000001 -1.225 0.96
59.63463118726 52.73382077954 0.0229 0.0171 11.2254 "" "" 251868362691434496 1079.33459 0.8967 0.0294 -0.246 -1.29 0.034 0.026 1.031 5459.7 3.8853 15.232687 1.511073 15.928495 14.417422 "" "" 1051.85571 1115.43079 15200.98947 21.849 5807.9 34.497 13558.0 45.644 "" "" 0.0031665717616649303 0.00702663 0.005257784 0.012284414 59.63463118726 52.73382077954 1079.33459 -0.24600000000000005 -1.29 0.94
59.78159642932 52.64417288016 0.0244 0.0174 6.5912 "" "" 251856439862237824 1028.8551 0.9402 0.03 -0.217 -1.243 0.033 0.026 0.993 5305.7 3.8205 15.403208 1.612469 16.157907 14.545439 "" "" 997.030762 1055.48853 12991.6332 14.116 4701.7 19.553 12050.0 39.983 "" "" 0.0029972463268774824 0.0053077885 0.005221327 0.010529116 59.78159642932 52.64417288016 1028.8551 -0.21700000000000014 -1.2429999999999999 0.95
59.91830941022 52.52908297523 0.0276 0.0204 8.4478 "" "" 251805072052290048 1050.81812 0.9176 0.0355 -0.113 -1.324 0.037 0.029 0.936 4996.1 4.2913 15.581738 1.480283 16.256313 14.776031 "" "" 1006.50134 1086.505 11021.77401 13.412 4294.3 22.41 9744.2 34.285 "" "" 0.0030557063041966497 0.00631571 0.0053737694 0.011689479 59.91830941022 52.52908297523 1050.81812 -0.1130000000000001 -1.3240000000000003 0.95
59.87108921923 52.44495802087 0.0342 0.026 9.1423 "" "" 251802387693742720 981.76416 0.9942 0.0453 -0.283 -1.177 0.042 0.037 1.147 4811.4 4.2243 15.914242 1.855498 16.789991 14.934493 "" "" 940.838318 1028.25171 8114.28168 9.047 2626.8 18.599 8420.9 35.907 "" "" 0.003009517264050836 0.008178214 0.0059763757 0.014154589 59.87108921923 52.44495802087 981.76416 -0.283 -1.177 0.94
59.77205159127 52.64977237327 0.0329 0.0232 6.7191 "" "" 251856611660928896 1038.17212 0.9366 0.0411 -0.083 -1.305 0.047 0.035 1.022 5464.1 4.346 15.989775 1.847046 16.866339 15.019293 "" "" 1004.08362 1071.49622 7568.96825 9.967 2448.4 18.812 7788.3 37.741 "" "" 0.0031041744263444826 0.008796373 0.0064780596 0.015274433 59.77205159127 52.64977237327 1038.17212 -0.08300000000000002 -1.3050000000000002 0.94
59.76008800965 52.59421939808 0.0354 0.0251 3.7145 "" "" 251851904376799616 1061.9054 0.916 0.0429 -0.337 -1.318 0.05 0.038 1.052 4601.0 4.1813 16.050518 1.769716 16.908258 15.138542 "" "" 1011.50983 1109.14905 7157.14441 10.824 2355.7 15.733 6978.2 29.349 "" "" 0.003207482345480609 0.0077695814 0.005927542 0.013697123 59.76008800965 52.59421939808 1061.9054 -0.33699999999999997 -1.3180000000000003 0.96
59.54088146492 52.62163702272 0.0349 0.0262 6.9217 "" "" 251773564171834752 1063.38501 0.922 0.0429 -0.292 -1.294 0.048 0.04 0.974 5268.3 3.8448 16.207466 1.825091 17.098381 15.27329 "" "" 1015.76276 1104.06641 6193.84466 11.736 1977.3 17.548 6163.7 34.02 "" "" 0.0034386056992400196 0.010031455 0.007084863 0.017116318 59.54088146492 52.62163702272 1063.38501 -0.2919999999999999 -1.2940000000000003 0.93
59.6436392465 52.52244646309 0.0408 0.0287 2.3349 "" "" 251851182822359552 970.104858 1.0 0.0517 -0.182 -1.312 0.052 0.044 0.977 4393.1 4.1622 16.43321 1.857715 17.27642 15.418706 "" "" 917.359985 1026.3457 5031.09846 5.598 1678.2 18.123 5391.1 63.435 "" "" 0.003008527516795847 0.012052356 0.013322747 0.025375104 59.6436392465 52.52244646309 970.104858 -0.18200000000000005 -1.3119999999999998 0.93
59.77884671752 52.64964943155 0.0461 0.032 6.8273 "" "" 251856646020665728 1047.68042 0.9249 0.0569 -0.212 -1.296 0.064 0.048 1.035 4441.9 4.1911 16.605043 1.901832 17.560759 15.658927 "" "" 985.22876 1092.92236 4294.664 7.2551 1291.6 11.628 4321.0 22.039 "" "" 0.003309977686722092 0.01016508 0.0067044916 0.016869571 59.77884671752 52.64964943155 1047.68042 -0.21199999999999997 -1.296 0.92
