Clusters/UBC_166/UBC_166_stars_in_region.tsv
# %ECSV 1.0
# ---
# datatype:
# - name: RA_ICRS_1
#   unit: deg
#   datatype: float64
#   format: '{:15.11f}'
#   description: Right ascension (ICRS) at Ep=2016.0 (ra)
#   meta: !!omap
#   - {ucd: POS_EQ_RA_MAIN}
#   - {width: 15}
#   - {precision: '11'}
# - name: DE_ICRS_1
#   unit: deg
#   datatype: float64
#   format: '{:15.11f}'
#   description: Declination (ICRS) at Ep=2016.0 (dec)
#   meta: !!omap
#   - {ucd: POS_EQ_DEC_MAIN}
#   - {width: 15}
#   - {precision: '11'}
# - name: e_RA_ICRS
#   unit: mas
#   datatype: float64
#   format: '{:7.4f}'
#   description: Standard error of right ascension (ra_error)
#   meta: !!omap
#   - {ucd: ERROR}
#   - {width: 7}
#   - {precision: '4'}
# - name: e_DE_ICRS
#   unit: mas
#   datatype: float64
#   format: '{:7.4f}'
#   description: Standard error of declination (dec_error)
#   meta: !!omap
#   - {ucd: ERROR}
#   - {width: 7}
#   - {precision: '4'}
# - name: _r_1
#   unit: ''
#   datatype: float64
#   format: '{:7.4f}'
#   description: Distance from center (334.25821175000+54.24450468000)[ICRS], at Epoch=J2016.0
#   meta: !!omap
#   - {ucd: POS_ANG_DIST_GENERAL}
#   - {width: 7}
#   - {precision: '4'}
# - name: HIP
#   datatype: int32
#   description: '? HIP cross-id number, van Leeuwen, Cat. I/311 (hip_original_ext_source_id)'
#   meta: !!omap
#   - {ucd: ID_NUMBER}
#   - {width: 6}
#   - values: {'null': -2147483648}
# - name: TYC2
#   datatype: string
#   description: Tycho-2 cross-id name, Hog et al., Cat. I/259 (tyc2_original_ext_source_id)
#   meta: !!omap
#   - {ucd: ID_CROSSID}
#   - {_votable_string_dtype: char}
# - name: Source
#   datatype: int64
#   description: Source identifier, identical to the Gaia-EDR3 source_id (id)
#   meta: !!omap
#   - {ucd: ID_MAIN}
#   - {width: 19}
# - name: rgeo
#   unit: pc
#   datatype: float64
#   format: '{:15.8f}'
#   description: '? Median of the geometric distance posterior (r_med_geo)'
#   meta: !!omap
#   - {ucd: PHYS_DISTANCE_TRUE}
#   - {width: 15}
#   - {precision: '8'}
#   - values: {'null': .nan}
# - name: Plx
#   unit: mas
#   datatype: float64
#   format: '{:9.4f}'
#   description: '? Parallax (parallax)'
#   meta: !!omap
#   - {ucd: POS_PARLX_TRIG}
#   - {width: 9}
#   - {precision: '4'}
#   - values: {'null': .nan}
# - name: e_Plx
#   unit: mas
#   datatype: float32
#   format: '{:7.4f}'
#   description: '? Standard error of parallax (parallax_error)'
#   meta: !!omap
#   - {ucd: ERROR}
#   - {width: 7}
#   - {precision: '4'}
#   - values: {'null': .nan}
# - name: pmRA
#   unit: mas / yr
#   datatype: float64
#   format: '{:9.3f}'
#   description: '? Proper motion in right ascension direction, pmRA*cosDE (pmra)'
#   meta: !!omap
#   - {ucd: POS_EQ_PMRA}
#   - {width: 9}
#   - {precision: '3'}
#   - values: {'null': .nan}
# - name: pmDE
#   unit: mas / yr
#   datatype: float64
#   format: '{:9.3f}'
#   description: '? Proper motion in declination direction (pmdec)'
#   meta: !!omap
#   - {ucd: POS_EQ_PMDEC}
#   - {width: 9}
#   - {precision: '3'}
#   - values: {'null': .nan}
# - name: e_pmRA
#   unit: mas / yr
#   datatype: float32
#   format: '{:6.3f}'
#   description: '? Standard error of proper motion in right ascension direction (pmra_error)'
#   meta: !!omap
#   - {ucd: ERROR}
#   - {width: 6}
#   - {precision: '3'}
#   - values: {'null': .nan}
# - name: e_pmDE
[...]
#         unit: &id001 !astropy.units.Unit {unit: deg}
#         value: !astropy.table.SerializedColumn {name: SkyCoord.dec}
#       distance: !astropy.table.SerializedColumn
#         __class__: astropy.coordinates.distances.Distance
#         unit: !astropy.units.Unit {unit: pc}
#         value: !astropy.table.SerializedColumn {name: SkyCoord.distance}
#       frame: icrs
#       obstime: !astropy.time.Time {format: jyear_str, in_subfmt: '*', jd1: 367701545.0, jd2: 0.0, out_subfmt: '*', precision: 3, scale: tt}
#       pm_dec: !astropy.table.SerializedColumn
#         __class__: astropy.units.quantity.Quantity
#         unit: !astropy.units.Unit {unit: mas / yr}
#         value: !astropy.table.SerializedColumn {name: SkyCoord.pm_dec}
#       pm_ra_cosdec: !astropy.table.SerializedColumn
#         __class__: astropy.units.quantity.Quantity
#         unit: !astropy.units.Unit {unit: mas / yr}
#         value: !astropy.table.SerializedColumn {name: SkyCoord.pm_ra_cosdec}
#       ra: !astropy.table.SerializedColumn
#         __class__: astropy.coordinates.angles.Longitude
#         unit: *id001
#         value: !astropy.table.SerializedColumn {name: SkyCoord.ra}
#         wrap_angle: !astropy.coordinates.Angle
#           unit: *id001
#           value: 360.0
#       representation_type: spherical
# schema: astropy-2.0
RA_ICRS_1 DE_ICRS_1 e_RA_ICRS e_DE_ICRS _r_1 HIP TYC2 Source rgeo Plx e_Plx pmRA pmDE e_pmRA e_pmDE RUWE Teff logg Gmag BP-RP BPmag RPmag RV e_RV b_rgeo B_rgeo FG e_FG FBP e_FBP FRP e_FRP RAVE5 RAVE6 e_Gmag e_BPmag e_RPmag e_BP-RP SkyCoord.ra SkyCoord.dec SkyCoord.distance SkyCoord.pm_ra_cosdec SkyCoord.pm_dec
[from data line 281]
333.82235884588 54.3291297224 0.0532 0.0542 16.0874 "" "" 2005039859352188160 2666.80664 0.3512 0.0636 -4.04 -3.455 0.066 0.062 2.247 7830.2 3.5582 15.769925 0.920744 16.121035 15.200291 "" "" 2289.41187 3221.06055 9267.80264 5.7777 4864.1 7.936 6592.4 7.6331 "" "" 0.0028372410211241887 0.0033049968 0.003982978 0.0072879745 333.82235884588 54.3291297224 2666.80664 -4.04 -3.455
334.07802931114 54.18921086635 0.0257 0.0255 7.1391 "" "" 2005022095367774080 3003.22729 0.3175 0.0291 -2.026 -3.088 0.032 0.031 1.004 7489.0 3.6889 15.778868 1.050912 16.21667 15.165757 "" "" 2743.24023 3283.50708 9191.77984 3.0755 4454.0 9.022 6805.4 9.386 "" "" 0.0027791655440423738 0.0035527174 0.004065227 0.007617945 334.07802931114 54.18921086635 3003.22729 -2.026 -3.088
334.25005637646 54.12923766307 0.0243 0.0267 6.9219 "" "" 2005019655826424192 2486.64282 0.3798 0.0306 -5.8 -5.694 0.03 0.031 1.029 5870.3 4.0067 15.779427 1.172921 16.278675 15.105754 "" "" 2322.03125 2682.43628 9187.05359 2.8402 4206.7 9.1148 7192.1 11.508 "" "" 0.0027756901269936486 0.0036495633 0.0041595493 0.007809113 334.25005637646 54.12923766307 2486.64282 -5.800000000000001 -5.693999999999999
333.95492413315 54.0299654396 0.024 0.0237 16.7137 "" "" 2004642695139198720 2854.61597 0.3244 0.0283 -0.433 -2.458 0.03 0.029 1.007 6562.9 4.0462 15.78257 1.183382 16.28817 15.104788 "" "" 2631.91943 3111.02344 9160.49425 2.8396 4170.1 8.1782 7198.5 7.7953 "" "" 0.002775799357886646 0.0035098344 0.0039580446 0.007467879 333.95492413315 54.0299654396 2854.61597 -0.43299999999999983 -2.4580000000000006
334.74451735273 54.3440258634 0.0258 0.0247 18.0457 "" "" 2005004949856883328 3001.43018 0.3126 0.029 -3.203 -3.228 0.037 0.031 1.028 8392.1 4.2609 15.784093 0.690287 16.049368 15.359081 "" "" 2799.29199 3213.55933 9147.65 3.2314 5196.0 8.5834 5695.4 8.1456 "" "" 0.0027818858408229074 0.0033169088 0.0040859515 0.0074028606 334.74451735273 54.3440258634 3001.43018 -3.2030000000000003 -3.2280000000000006
334.68397811324 54.24970263836 0.0254 0.025 14.9295 "" "" 2004980107770918784 2984.20898 0.3137 0.0298 -1.761 -2.332 0.034 0.031 0.992 6711.2 3.9951 15.784496 1.230745 16.320631 15.089886 "" "" 2788.35986 3219.89819 9144.25603 3.1632 4047.3 8.6002 7298.0 7.4587 "" "" 0.002780800210930541 0.0036204671 0.0039389133 0.0075593805 334.68397811324 54.24970263836 2984.20898 -1.761 -2.3319999999999994
334.01055990786 54.28368404765 0.0255 0.0269 8.9912 "" "" 2005035289507256320 2953.29565 0.3183 0.0293 -3.644 -3.482 0.033 0.035 1.01 7947.2 4.2871 15.790022 1.256385 16.337772 15.081387 "" "" 2742.75757 3169.66968 9097.83652 3.0062 3983.9 8.6281 7355.3 8.7001 "" "" 0.002778578442856276 0.003648869 0.003991618 0.0076404866 334.01055990786 54.28368404765 2953.29565 -3.6440000000000006 -3.482
334.73934839165 54.27658179602 0.025 0.0254 16.9714 "" "" 2005003712906176640 2684.25684 0.3494 0.0295 -6.834 -5.985 0.034 0.031 1.032 5541.4 4.1937 15.793161 1.071918 16.197727 15.12581 "" "" 2529.27124 2879.81152 9071.5638 3.9374 4532.4 31.627 7060.5 28.556 "" "" 0.0027953293730777666 0.008073695 0.0057936716 0.013867367 334.73934839165 54.27658179602 2684.25684 -6.8340000000000005 -5.985
333.93407287673 54.46033850338 0.0273 0.0247 17.2096 "" "" 2005792921737800832 2963.90454 0.3182 0.0309 -2.144 -1.845 0.039 0.032 0.932 6686.4 4.0385 15.794038 1.095619 16.256983 15.161364 "" "" 2736.19751 3215.19116 9064.24349 2.8389 4291.6 11.123 6833.0 8.6593 "" "" 0.002776224673003076 0.0039627957 0.004022052 0.007984848 333.93407287673 54.46033850338 2963.90454 -2.1439999999999997 -1.8449999999999998
333.94077082176 54.10402541894 0.0252 0.0255 13.976 "" "" 2005021373813034624 2641.3291 0.3534 0.0303 -3.186 -3.569 0.031 0.03 0.935 6907.6 4.0893 15.804233 1.094323 16.259409 15.165086 "" "" 2417.81714 2877.05908 8979.5348 2.877 4282.1 11.298 6809.6 9.4365 "" "" 0.0027771926897781243 0.0039988966 0.004067858 0.008066755 333.94077082176 54.10402541894 2641.3291 -3.186 -3.5689999999999995
334.19537258769 54.43566282401 0.0305 0.0298 11.6782 "" "" 2005044429197895296 3005.28491 0.3197 0.0349 -2.155 -4.436 0.038 0.035 1.154 6291.3 4.0775 15.809592 1.30279 16.384844 15.082054 "" "" 2673.90356 3392.63428 8935.31536 2.9826 3814.9 10.256 7350.8 8.5559 "" "" 0.0027790530764019955 0.004037948 0.0039850655 0.008023013 334.19537258769 54.43566282401 3005.28491 -2.1550000000000002 -4.436
334.29531023518 54.47163041561 0.0269 0.0287 13.6891 "" "" 2005044772785324160 2596.36426 0.3643 0.0337 -4.727 -1.376 0.037 0.033 1.004 5318.9 4.1106 15.810749 1.58682 16.318832 14.732013 "" "" 2411.24707 2813.46802 8925.79932 7.9321 4054.0 68.907 10147.0 328.74 "" "" 0.002919374707620794 0.0186643 0.035377864 0.054042164 334.29531023518 54.47163041561 2596.36426 -4.727 -1.3759999999999997
333.78725949847 54.25247519909 0.0262 0.0256 16.5167 "" "" 2004663379701767296 3001.57202 0.3047 0.0307 -1.361 -2.272 0.033 0.029 1.033 5560.1 3.5963 15.816284 1.591396 16.555792 14.964396 "" "" 2774.14404 3292.27637 8880.41303 2.9225 3259.1 10.73 8192.2 12.454 "" "" 0.0027783916412634237 0.004534616 0.004124087 0.008658703 333.78725949847 54.25247519909 3001.57202 -1.3610000000000004 -2.2720000000000002
333.89032587227 54.24808122194 0.033 0.0329 12.8992 "" "" 2005035530025188992 2561.16187 0.3721 0.0385 -4.967 -3.428 0.041 0.038 1.365 7303.9 4.0858 15.816968 1.043132 16.24044 15.197309 "" "" 2312.21973 2818.38354 8874.81868 3.3983 4357.5 9.9396 6610.5 9.7912 "" "" 0.0027865090899690135 0.0037307632 0.004107294 0.007838057 333.89032587227 54.24808122194 2561.16187 -4.966999999999999 -3.428
333.86097685068 54.25126548014 0.026 0.0255 13.9317 "" "" 2005035633104398592 2606.37402 0.3472 0.0304 -4.093 -3.152 0.034 0.031 1.009 6517.2 4.0389 15.831483 1.129529 16.311714 15.182185 "" "" 2381.38403 2823.92017 8756.96673 2.9552 4080.7 10.014 6703.2 8.9056 "" "" 0.002779575435313756 0.003857979 0.0040452974 0.007903276 333.86097685068 54.25126548014 2606.37402 -4.093 -3.152
334.23693409359 54.34958282651 0.0277 0.0271 6.3486 "" "" 2005031269418155008 2892.45972 0.3291 0.0325 -0.786 -0.627 0.036 0.031 1.047 5434.9 3.7383 15.833365 1.379101 16.439194 15.060093 "" "" 2661.34668 3187.69238 8741.80385 3.1091 3628.6 9.0037 7501.0 17.629 "" "" 0.0027822477481179698 0.003878527 0.004560153 0.00843868 334.23693409359 54.34958282651 2892.45972 -0.7860000000000003 -0.627
333.72359438413 54.19561901745 0.0255 0.0244 18.9825 "" "" 2004662761226303616 3075.31372 0.3043 0.0292 -3.26 -3.367 0.032 0.028 0.978 9095.6 4.2332 15.837927 0.756602 16.136864 15.380261 "" "" 2859.78809 3364.78955 8705.14488 2.7027 4793.7 10.029 5585.4 10.291 "" "" 0.0027758636851970674 0.0035978775 0.004276158 0.007874035 333.72359438413 54.19561901745 3075.31372 -3.2600000000000002 -3.367
333.89663582126 54.38559561199 0.0279 0.0276 15.2254 "" "" 2005040477827670912 2876.96021 0.3242 0.0306 -3.334 -4.517 0.039 0.034 0.945 6627.4 4.0992 15.844293 1.194197 16.357618 15.163422 "" "" 2659.08472 3092.30029 8654.2586 2.7692 3911.7 10.285 6820.1 13.22 "" "" 0.002777136420609251 0.0039917985 0.0043258495 0.0083176475 333.89663582126 54.38559561199 2876.96021 -3.3340000000000005 -4.517
333.76726926688 54.34261928827 0.0262 0.0254 18.1717 "" "" 2005040065510604288 2892.7417 0.3257 0.0307 -3.944 -3.306 0.032 0.029 1.004 8040.5 4.3425 15.847711 0.820386 16.170097 15.349711 "" "" 2669.72339 3229.19165 8627.05493 2.8425 4649.2 10.91 5744.8 8.6855 "" "" 0.0027784463629405534 0.003778425 0.0041204724 0.007898897 333.76726926688 54.34261928827 2892.7417 -3.9439999999999995 -3.306
333.97330184123 54.29258411154 0.0271 0.028 10.3915 "" "" 2005036079781227008 2551.06958 0.3678 0.0322 1.743 -2.504 0.034 0.034 1.041 4979.2 3.5896 15.85209 1.60856 16.60988 15.001321 "" "" 2369.12329 2752.16479 8592.32719 3.043 3100.7 7.5314 7918.3 7.6502 "" "" 0.002782021324375677 0.0038392425 0.003922254 0.007761496 333.97330184123 54.29258411154 2551.06958 1.7429999999999999 -2.5039999999999996
333.78598345236 54.40855277052 0.0277 0.0251 19.2327 "" "" 2005791100671652864 2509.5166 0.3749 0.0313 -1.052 -1.316 0.037 0.029 1.01 6852.2 4.2165 15.858835 1.035792 16.278204 15.242412 "" "" 2315.46802 2671.60791 8539.10735 2.7287 4208.6 11.318 6341.5 9.3123 "" "" 0.0027770783391568975 0.004038614 0.0041019195 0.008140534 333.78598345236 54.40855277052 2509.5166 -1.052 -1.316
334.20935856812 54.48889556727 0.0284 0.0266 14.7626 "" "" 2005047659013562880 3036.22412 0.3037 0.0323 -3.531 -2.864 0.037 0.032 1.009 6835.9 4.1928 15.858836 0.968152 16.257645 15.289493 "" "" 2793.48364 3302.89722 8539.10192 2.8947 4289.0 10.612 6072.4 9.1912 "" "" 0.0027797941870248196 0.0038731927 0.0041212137 0.007994406 334.20935856812 54.48889556727 3036.22412 -3.5310000000000006 -2.864
334.01764429598 54.51629769027 0.0492 0.047 18.3468 "" "" 2005793540213342720 3160.15161 0.3204 0.0584 -6.476 -5.234 0.063 0.055 1.785 5558.6 3.7295 15.859157 1.124196 16.32156 15.197364 "" "" 2578.68921 3769.46997 8536.58371 5.3179 4043.8 10.535 6610.2 9.2944 "" "" 0.002837121333382397 0.0039731525 0.0040760636 0.008049216 334.01764429598 54.51629769027 3160.15161 -6.476 -5.233999999999999
334.06972093876 54.4729320255 0.0283 0.0285 15.2077 "" "" 2005042608131707776 2529.77612 0.3723 0.0341 -7.427 -5.383 0.038 0.033 1.033 5462.2 4.3367 15.859758 1.11797 16.33431 15.216341 "" "" 2356.48145 2709.61377 8531.85679 2.9302 3996.6 10.047 6495.6 9.1088 "" "" 0.002780437845712964 0.0039031743 0.0040745344 0.007977709 334.06972093876 54.4729320255 2529.77612 -7.427 -5.383
333.83144526115 54.44075406831 0.028 0.0251 19.0119 "" "" 2005791616067722112 2952.79443 0.3244 0.0316 -2.779 -2.661 0.04 0.031 1.013 7102.2 4.325 15.860464 0.861425 16.205132 15.343706 "" "" 2670.16357 3238.33643 8526.31222 2.9114 4501.6 8.5555 5776.6 7.81 "" "" 0.0027801501252178343 0.0034703095 0.004054445 0.0075247544 333.83144526115 54.44075406831 2952.79443 -2.7789999999999995 -2.6609999999999996
334.22717862053 54.04787905776 0.0283 0.0305 11.8478 "" "" 2004971861427712256 2736.29956 0.3458 0.0354 -2.179 -4.323 0.034 0.035 1.12 4835.5 3.3902 15.861502 1.665978 16.657272 14.991294 "" "" 2469.87256 2988.92285 8518.16298 3.126 2968.3 6.8586 7991.7 12.439 "" "" 0.0027839804339133208 0.0037521617 0.0041400017 0.0078921635 334.22717862053 54.04787905776 2736.29956 -2.179 -4.323
334.13593824519 54.33610818525 0.0342 0.0361 6.9674 "" "" 2005037282372087808 2459.23828 0.3826 0.0419 -3.095 -1.509 0.046 0.046 1.35 5972.1 4.1081 15.871847 1.197698 16.379526 15.181828 "" "" 2254.7002 2711.6145 8437.38636 3.2413 3833.6 10.469 6705.4 11.217 "" "" 0.00278671099080793 0.004071387 0.0041931495 0.008264536 334.13593824519 54.33610818525 2459.23828 -3.095 -1.5089999999999995
334.06364390699 54.2980344917 0.0278 0.0275 7.5358 "" "" 2005036732616274176 2797.17896 0.339 0.0331 -3.704 -3.633 0.035 0.035 1.061 7447.2 4.2168 15.874886 0.985969 16.276354 15.290385 "" "" 2535.96851 3066.48755 8413.80469 3.3189 4215.8 13.746 6067.4 10.137 "" "" 0.0027884066582446734 0.0045075105 0.004192163 0.008699673 334.06364390699 54.2980344917 2797.17896 -3.7039999999999997 -3.633
334.19137373738 54.08456908102 0.0268 0.0301 9.8792 "" "" 2005018899911929216 2748.88916 0.3424 0.0332 -6.75 -7.066 0.033 0.036 1.072 6550.7 3.9784 15.876095 1.302539 16.450817 15.148278 "" "" 2502.38135 3018.30566 8404.44045 3.021 3590.0 8.2819 6915.9 11.909 "" "" 0.002782822452753164 0.0037494919 0.004216535 0.007966027 334.19137373738 54.08456908102 2748.88916 -6.749999999999998 -7.065999999999999
334.2657988034 54.41098595192 0.0279 0.0286 9.9924 "" "" 2005043467127661696 3040.34668 0.3101 0.0337 -1.803 -1.846 0.038 0.034 1.09 7460.9 4.3546 15.876964 0.891973 16.238262 15.34629 "" "" 2758.80493 3398.09912 8397.72047 3.4974 4366.3 11.805 5762.9 8.4196 "" "" 0.0027921771399867447 0.004049938 0.0040987744 0.008148713 334.2657988034 54.41098595192 3040.34668 -1.803 -1.8459999999999999
334.12879807408 54.17748390089 0.0269 0.0262 6.0655 "" "" 2005023332318375040 2914.19385 0.3189 0.0307 -3.341 -3.302 0.034 0.032 0.919 9402.4 4.3746 15.880531 0.71649 16.159485 15.442995 "" "" 2676.69897 3183.52051 8370.17031 3.2475 4694.9 10.728 5271.8 12.58 "" "" 0.002787335706493099 0.0037336478 0.004582177 0.008315825 334.12879807408 54.17748390089 2914.19385 -3.3410000000000006 -3.3020000000000005
333.87666352712 54.43630042272 0.0277 0.0257 17.6221 "" "" 2005791444269046528 2581.59546 0.3701 0.0322 -5.363 -3.448 0.038 0.032 0.979 5415.6 4.2003 15.884125 1.10539 16.339256 15.233867 "" "" 2386.6543 2867.22974 8342.51563 2.6626 3978.5 9.6599 6391.6 17.264 "" "" 0.0027770250662534 0.0038385638 0.0047837226 0.008622287 333.87666352712 54.43630042272 2581.59546 -5.363000000000002 -3.4479999999999995
334.40483145883 54.19104617096 0.027 0.0286 6.0619 "" "" 2005025565701712640 2754.08105 0.3437 0.0335 -3.705 -3.13 0.034 0.032 1.097 7863.2 4.0607 15.890155 1.016155 16.307537 15.291382 "" "" 2514.06104 2977.59106 8296.31034 3.0457 4096.4 8.2281 6061.9 9.2082 "" "" 0.002784001332066 0.003541336 0.004123566 0.007664902 334.40483145883 54.19104617096 2754.08105 -3.7049999999999996 -3.13
334.67875349373 54.13481376727 0.0256 0.0262 16.1641 "" "" 2004975331761793408 3004.37891 0.3131 0.031 -1.707 -1.665 0.032 0.03 0.984 7064.0 4.3584 15.892817 0.944701 16.279001 15.3343 "" "" 2726.11084 3340.06104 8275.99381 2.6582 4205.5 9.9521 5826.9 11.78 "" "" 0.0027773014622006894 0.0037929607 0.0043705488 0.00816351 334.67875349373 54.13481376727 3004.37891 -1.707 -1.6650000000000003
334.42435877374 54.17970417339 0.027 0.0281 7.0072 "" "" 2004978664656333312 2714.15479 0.3476 0.0333 -3.094 -2.747 0.034 0.033 1.044 7404.2 4.1576 15.904748 0.904611 16.263681 15.359071 "" "" 2536.09595 3010.8479 8185.54178 4.2581 4265.3 13.705 5695.5 9.7814 "" "" 0.0028126118785922033 0.0044671604 0.0042143306 0.008681491 334.42435877374 54.17970417339 2714.15479 -3.094 -2.747
334.71285496643 54.07780692118 0.0269 0.0274 18.845 "" "" 2004963237133913856 2627.58154 0.3633 0.0327 -3.487 -4.308 0.034 0.032 1.05 5489.7 3.8672 15.907215 1.279526 16.471224 15.191698 "" "" 2390.47876 2873.88354 8166.96276 2.7217 3523.1 7.6348 6644.8 7.5295 "" "" 0.002778976429273809 0.0036497973 0.0039745877 0.007624385 334.71285496643 54.07780692118 2627.58154 -3.487 -4.308
333.94897002466 54.37082107459 0.0274 0.0258 13.2147 "" "" 2005039618834239104 2504.10913 0.3746 0.0312 -3.405 -4.596 0.037 0.033 0.982 6886.0 4.2588 15.910904 0.99117 16.317734 15.326564 "" "" 2340.17065 2780.07861 8139.26369 2.7573 4058.1 9.0506 5868.6 7.3039 "" "" 0.00277976139114086 0.0036943958 0.0040136864 0.007708082 333.94897002466 54.37082107459 2504.10913 -3.405 -4.596
334.67371987465 54.27092594812 0.0262 0.0276 14.6489 "" "" 2004980932399284736 2521.36401 0.3731 0.0307 -3.655 -3.167 0.035 0.032 1.019 8288.0 4.4209 15.911522 0.989261 16.315264 15.326003 "" "" 2329.94507 2759.23511 8134.63263 2.7319 4067.3 10.734 5871.6 8.4289 "" "" 0.0027793423110922637 0.003999419 0.0040881545 0.008087574 334.67371987465 54.27092594812 2521.36401 -3.6549999999999994 -3.167
334.22469896236 53.98678643073 0.0272 0.0275 15.5079 "" "" 2004969250087617920 2985.5459 0.3141 0.0332 -7.816 -5.007 0.032 0.03 1.011 5114.7 2.9836 15.912099 1.752959 16.750996 14.998036 "" "" 2680.88794 3313.09546 8130.30847 3.4213 2722.8 9.8078 7942.3 15.21 "" "" 0.0027929437450765517 0.00480421 0.0043135853 0.009117795 334.22469896236 53.98678643073 2985.5459 -7.815999999999999 -5.007000000000001
333.91470920352 54.3666400494 0.0286 0.0264 14.0822 "" "" 2005039653193968640 2725.85889 0.3537 0.0316 -5.705 -5.595 0.038 0.034 1.017 6545.1 4.2242 15.91424 1.084859 16.3725 15.287641 "" "" 2517.06641 2943.90967 8114.29261 3.3795 3858.5 10.039 6082.8 10.679 "" "" 0.0027921801559126474 0.003970498 0.0042328523 0.00820335 333.91470920352 54.3666400494 2725.85889 -5.704999999999999 -5.594999999999999
