Clusters/UBC_166/UBC_166_stars_in_region.tsv
# %ECSV 1.0
# ---
# datatype:
# - name: RA_ICRS_1
#   unit: deg
#   datatype: float64
#   format: '{:15.11f}'
#   description: Right ascension (ICRS) at Ep=2016.0 (ra)
#   meta: !!omap
#   - {ucd: POS_EQ_RA_MAIN}
#   - {width: 15}
#   - {precision: '11'}
# - name: DE_ICRS_1
#   unit: deg
#   datatype: float64
#   format: '{:15.11f}'
#   description: Declination (ICRS) at Ep=2016.0 (dec)
#   meta: !!omap
#   - {ucd: POS_EQ_DEC_MAIN}
#   - {width: 15}
#   - {precision: '11'}
# - name: e_RA_ICRS
#   unit: mas
#   datatype: float64
#   format: '{:7.4f}'
#   description: Standard error of right ascension (ra_error)
#   meta: !!omap
#   - {ucd: ERROR}
#   - {width: 7}
#   - {precision: '4'}
# - name: e_DE_ICRS
#   unit: mas
#   datatype: float64
#   format: '{:7.4f}'
#   description: Standard error of declination (dec_error)
#   meta: !!omap
#   - {ucd: ERROR}
#   - {width: 7}
#   - {precision: '4'}
# - name: _r_1
#   unit: ''
#   datatype: float64
#   format: '{:7.4f}'
#   description: Distance from center (334.25821175000+54.24450468000)[ICRS], at Epoch=J2016.0
#   meta: !!omap
#   - {ucd: POS_ANG_DIST_GENERAL}
#   - {width: 7}
#   - {precision: '4'}
# - name: HIP
#   datatype: int32
#   description: '? HIP cross-id number, van Leeuwen, Cat. I/311 (hip_original_ext_source_id)'
#   meta: !!omap
#   - {ucd: ID_NUMBER}
#   - {width: 6}
#   - values: {'null': -2147483648}
# - name: TYC2
#   datatype: string
#   description: Tycho-2 cross-id name, Hog et al., Cat. I/259 (tyc2_original_ext_source_id)
#   meta: !!omap
#   - {ucd: ID_CROSSID}
#   - {_votable_string_dtype: char}
# - name: Source
#   datatype: int64
#   description: Source identifier, identical to the Gaia-EDR3 source_id (id)
#   meta: !!omap
#   - {ucd: ID_MAIN}
#   - {width: 19}
# - name: rgeo
#   unit: pc
#   datatype: float64
#   format: '{:15.8f}'
#   description: '? Median of the geometric distance posterior (r_med_geo)'
#   meta: !!omap
#   - {ucd: PHYS_DISTANCE_TRUE}
#   - {width: 15}
#   - {precision: '8'}
#   - values: {'null': .nan}
# - name: Plx
#   unit: mas
#   datatype: float64
#   format: '{:9.4f}'
#   description: '? Parallax (parallax)'
#   meta: !!omap
#   - {ucd: POS_PARLX_TRIG}
#   - {width: 9}
#   - {precision: '4'}
#   - values: {'null': .nan}
# - name: e_Plx
#   unit: mas
#   datatype: float32
#   format: '{:7.4f}'
#   description: '? Standard error of parallax (parallax_error)'
#   meta: !!omap
#   - {ucd: ERROR}
#   - {width: 7}
#   - {precision: '4'}
#   - values: {'null': .nan}
# - name: pmRA
#   unit: mas / yr
#   datatype: float64
#   format: '{:9.3f}'
#   description: '? Proper motion in right ascension direction, pmRA*cosDE (pmra)'
#   meta: !!omap
#   - {ucd: POS_EQ_PMRA}
#   - {width: 9}
#   - {precision: '3'}
#   - values: {'null': .nan}
# - name: pmDE
#   unit: mas / yr
#   datatype: float64
#   format: '{:9.3f}'
#   description: '? Proper motion in declination direction (pmdec)'
#   meta: !!omap
#   - {ucd: POS_EQ_PMDEC}
#   - {width: 9}
#   - {precision: '3'}
#   - values: {'null': .nan}
# - name: e_pmRA
#   unit: mas / yr
#   datatype: float32
#   format: '{:6.3f}'
#   description: '? Standard error of proper motion in right ascension direction (pmra_error)'
#   meta: !!omap
#   - {ucd: ERROR}
#   - {width: 6}
#   - {precision: '3'}
#   - values: {'null': .nan}
# - name: e_pmDE
[...]
#         unit: &id001 !astropy.units.Unit {unit: deg}
#         value: !astropy.table.SerializedColumn {name: SkyCoord.dec}
#       distance: !astropy.table.SerializedColumn
#         __class__: astropy.coordinates.distances.Distance
#         unit: !astropy.units.Unit {unit: pc}
#         value: !astropy.table.SerializedColumn {name: SkyCoord.distance}
#       frame: icrs
#       obstime: !astropy.time.Time {format: jyear_str, in_subfmt: '*', jd1: 367701545.0, jd2: 0.0, out_subfmt: '*', precision: 3, scale: tt}
#       pm_dec: !astropy.table.SerializedColumn
#         __class__: astropy.units.quantity.Quantity
#         unit: !astropy.units.Unit {unit: mas / yr}
#         value: !astropy.table.SerializedColumn {name: SkyCoord.pm_dec}
#       pm_ra_cosdec: !astropy.table.SerializedColumn
#         __class__: astropy.units.quantity.Quantity
#         unit: !astropy.units.Unit {unit: mas / yr}
#         value: !astropy.table.SerializedColumn {name: SkyCoord.pm_ra_cosdec}
#       ra: !astropy.table.SerializedColumn
#         __class__: astropy.coordinates.angles.Longitude
#         unit: *id001
#         value: !astropy.table.SerializedColumn {name: SkyCoord.ra}
#         wrap_angle: !astropy.coordinates.Angle
#           unit: *id001
#           value: 360.0
#       representation_type: spherical
# schema: astropy-2.0
RA_ICRS_1 DE_ICRS_1 e_RA_ICRS e_DE_ICRS _r_1 HIP TYC2 Source rgeo Plx e_Plx pmRA pmDE e_pmRA e_pmDE RUWE Teff logg Gmag BP-RP BPmag RPmag RV e_RV b_rgeo B_rgeo FG e_FG FBP e_FBP FRP e_FRP RAVE5 RAVE6 e_Gmag e_BPmag e_RPmag e_BP-RP SkyCoord.ra SkyCoord.dec SkyCoord.distance SkyCoord.pm_ra_cosdec SkyCoord.pm_dec
[from data line 566]
333.88789513566 54.42930075835 0.0383 0.035 17.0513 "" "" 2005791371240777984 3100.58423 0.303 0.0423 -3.257 -3.375 0.051 0.043 1.027 6031.6 4.3938 16.472046 1.14072 16.938374 15.797653 "" "" 2791.74805 3479.37964 4854.31907 2.2055 2291.2 11.026 3802.7 13.26 "" "" 0.0027991293648301184 0.005923242 0.0053495048 0.011272747 333.88789513566 54.42930075835 3100.58423 -3.2570000000000006 -3.3749999999999996
334.26845206905 53.9840950289 0.0356 0.0397 15.6287 "" "" 2004970555757685376 2597.0354 0.3684 0.045 -1.716 -1.477 0.042 0.044 1.005 5811.6 4.4975 16.475594 1.108155 16.94665 15.838494 "" "" 2310.20776 2974.8894 4838.48241 2.3391 2273.8 5.9181 3662.4 7.0344 "" "" 0.0028048695803242533 0.00397123 0.004316543 0.008287773 334.26845206905 53.9840950289 2597.0354 -1.7160000000000002 -1.4769999999999999
334.41774661779 54.47228812315 0.1236 0.1364 14.7614 "" "" 2005045322551421056 3093.84253 0.4427 0.1558 -2.364 -0.554 0.166 0.172 4.652 "" "" 16.476873 1.478801 16.991322 15.512521 "" "" 2135.30933 4299.74463 4832.78066 4.378 2182.2 9.1687 4944.8 10.849 "" "" 0.002925609166944849 0.005347447 0.004467468 0.009814914 334.41774661779 54.47228812315 3093.84253 -2.3639999999999994 -0.5540000000000003
333.73527100082 54.23921139647 0.0387 0.0357 18.338 "" "" 2004663448421240832 2529.88184 0.3843 0.0451 -3.057 -3.638 0.046 0.042 0.939 7189.3 4.3443 16.48009 1.112925 16.949007 15.836082 "" "" 2271.52808 2831.40283 4818.49399 2.2684 2268.9 7.168 3670.5 8.0864 "" "" 0.0028023284588267455 0.004421611 0.004472718 0.008894329 333.73527100082 54.23921139647 2529.88184 -3.057 -3.638
333.84020110321 54.31253954208 0.0378 0.0368 15.2015 "" "" 2005039103437950976 2876.86768 0.3303 0.0458 -1.838 -1.138 0.046 0.042 1.042 4952.8 4.1743 16.480965 1.467329 17.142132 15.674803 "" "" 2583.48804 3276.35962 4814.60654 2.6 1899.2 8.6009 4258.3 12.911 "" "" 0.0028170132947560184 0.005653462 0.0050120256 0.0106654875 333.84020110321 54.31253954208 2876.86768 -1.8380000000000003 -1.138
334.15549018163 54.36565212158 0.0384 0.0393 8.1097 "" "" 2005037454171029632 2737.66479 0.3502 0.0463 -6.119 -2.29 0.052 0.048 1.039 5347.5 4.4717 16.490442 1.101746 16.933046 15.831301 "" "" 2427.57837 3128.73804 4772.76274 2.5883 2302.5 10.073 3686.7 9.3719 "" "" 0.002817530279887964 0.0055087656 0.0046799043 0.01018867 334.15549018163 54.36565212158 2737.66479 -6.119 -2.29
334.33113606285 54.28685728564 0.0378 0.041 3.6038 "" "" 2005029959435908736 2477.71484 0.4029 0.0501 -5.257 -7.485 0.048 0.042 1.025 5863.4 4.5196 16.492182 1.121395 16.964035 15.84264 "" "" 2210.2915 2798.06714 4765.12136 2.1845 2237.7 12.175 3648.4 7.9853 "" "" 0.002799916843914774 0.0065331175 0.0044643963 0.010997513 334.33113606285 54.28685728564 2477.71484 -5.2570000000000014 -7.485
334.64596584556 54.42260132731 0.0405 0.0391 17.2684 "" "" 2005053190932242816 2718.021 0.3573 0.0506 -6.497 -4.374 0.052 0.043 0.988 5788.0 4.5593 16.493341 1.064727 16.885569 15.820842 "" "" 2383.74048 3175.57056 4760.03397 2.4914 2405.4 24.913 3722.4 25.524 "" "" 0.0028133120372928356 0.011586076 0.008349132 0.019935207 334.64596584556 54.42260132731 2718.021 -6.497 -4.373999999999999
334.15621272826 54.05988431485 0.0359 0.0351 11.6426 "" "" 2005017422443183872 2931.7146 0.3246 0.0435 -6.753 -3.767 0.043 0.041 1.017 4805.8 4.1498 16.505894 1.590952 17.259527 15.668575 "" "" 2607.56128 3378.37915 4705.32359 2.2874 1704.5 7.403 4282.8 8.4749 "" "" 0.0028054183130075674 0.0054792096 0.0043473775 0.0098265875 334.15621272826 54.05988431485 2931.7146 -6.753000000000001 -3.767000000000001
333.97790408134 54.50641204224 0.0422 0.0368 18.5178 "" "" 2005793334054907520 3141.9104 0.3031 0.0473 -3.742 -2.916 0.054 0.042 1.036 7460.5 4.3659 16.508636 0.905026 16.867044 15.962019 "" "" 2731.36572 3656.05103 4693.44865 2.5957 2446.8 6.9971 3268.5 10.911 "" "" 0.0028199904301203053 0.0041743605 0.0052364357 0.009410797 333.97790408134 54.50641204224 3141.9104 -3.742000000000001 -2.9159999999999995
334.11403790923 54.18358828043 0.0408 0.0388 6.2407 "" "" 2005023504117059456 2506.32178 0.3808 0.046 -1.571 -2.083 0.049 0.049 0.96 5805.0 4.5604 16.510328 1.168962 17.013512 15.844549 "" "" 2221.37085 2856.2085 4686.14497 2.2546 2138.0 9.0735 3642.0 7.9486 "" "" 0.002804400051428229 0.005386711 0.004460799 0.009847511 334.11403790923 54.18358828043 2506.32178 -1.5709999999999997 -2.083
334.15126870279 54.3736611431 0.0377 0.037 8.6062 "" "" 2005038210085269120 2588.59814 0.3644 0.0442 -4.416 -3.262 0.049 0.045 1.005 6699.9 4.3564 16.513083 1.139218 16.993902 15.854684 "" "" 2305.10449 2883.7522 4674.27059 2.3134 2177.0 7.7168 3608.2 8.4369 "" "" 0.002807229893024025 0.0047536087 0.004552898 0.009306507 334.15126870279 54.3736611431 2588.59814 -4.416 -3.2619999999999996
333.83899195063 54.27251220968 0.0379 0.0343 14.7885 "" "" 2005038656761365376 2960.24121 0.3353 0.0432 -4.029 -3.28 0.046 0.04 1.022 7179.0 4.3149 16.51329 1.105495 16.970066 15.864571 "" "" 2578.96655 3398.8772 4673.37784 2.3336 2225.3 11.539 3575.4 7.0553 "" "" 0.0028081518012378613 0.0062834136 0.0043444117 0.010627825 333.83899195063 54.27251220968 2960.24121 -4.029000000000001 -3.2800000000000007
334.52368070031 54.3328207062 0.0398 0.0394 10.7013 "" "" 2005028932956321536 3087.29614 0.3273 0.0508 -5.277 -2.984 0.052 0.043 0.988 5507.0 4.5269 16.513939 1.248294 17.066406 15.818112 "" "" 2616.13184 3717.09009 4670.58344 2.3474 2036.4 7.7163 3731.8 7.7036 "" "" 0.0028088358971896567 0.004970967 0.0043939897 0.009364957 334.52368070031 54.3328207062 3087.29614 -5.277 -2.9839999999999995
334.09011489971 54.4795497468 0.0436 0.0407 15.2781 "" "" 2005042603821803392 2529.22656 0.3833 0.0495 -3.736 -3.378 0.059 0.051 1.009 5446.5 4.5379 16.514727 1.242058 17.054396 15.812338 "" "" 2259.24756 2883.74731 4667.19328 2.4341 2059.0 7.7092 3751.7 9.0745 "" "" 0.002812903580929013 0.0049305726 0.004602214 0.009532787 334.09011489971 54.4795497468 2529.22656 -3.736 -3.3779999999999992
334.52160453217 53.98768359498 0.0363 0.035 17.9792 "" "" 2004972789140950016 2549.44922 0.3759 0.0456 -0.543 0.337 0.043 0.042 0.984 6116.0 4.4462 16.516409 1.167144 17.021069 15.853925 "" "" 2292.16797 2817.91187 4659.97447 2.1293 2123.2 6.7301 3610.7 8.5975 "" "" 0.0027996275042394304 0.0044305036 0.004579009 0.009009512 334.52160453217 53.98768359498 2549.44922 -0.543 0.3370000000000001
334.12367334744 54.13710613969 0.0385 0.0375 7.9894 "" "" 2005018796832678144 2971.05786 0.3214 0.0442 -4.938 -2.239 0.045 0.046 0.981 5363.1 4.3006 16.516872 1.259107 17.06853 15.809423 "" "" 2597.8103 3438.88013 4657.98519 2.2865 2032.4 9.3394 3761.7 11.335 "" "" 0.0028063925928002767 0.0057164263 0.0049987165 0.010715143 334.12367334744 54.13710613969 2971.05786 -4.938000000000001 -2.239
333.98287263465 54.42351913365 0.039 0.0353 14.4273 "" "" 2005041955296425344 3141.57324 0.3135 0.0434 -3.734 -2.893 0.053 0.046 0.994 5956.4 4.4072 16.517555 1.119044 16.992393 15.873349 "" "" 2802.45557 3838.45044 4655.05206 2.889 2180.0 10.149 3546.7 8.1518 "" "" 0.0028365172056986224 0.0057736067 0.004528921 0.010302528 333.98287263465 54.42351913365 3141.57324 -3.7340000000000004 -2.8930000000000002
334.24261547229 54.15176527882 0.038 0.0384 5.5912 "" "" 2005019724545888128 2808.34058 0.3529 0.0465 -3.895 -3.069 0.044 0.045 1.027 5282.6 4.3481 16.524948 1.178816 16.971668 15.792852 "" "" 2503.04834 3122.04443 4623.46313 2.7258 2222.0 18.591 3819.6 22.824 "" "" 0.0028286963759306316 0.009502965 0.007508356 0.017011322 334.24261547229 54.15176527882 2808.34058 -3.895 -3.069
334.35416881642 54.30821383149 0.0535 0.0551 5.0904 "" "" 2005030066827364480 3049.39551 0.3151 0.0676 -2.845 -2.0 0.065 0.06 1.421 "" "" 16.527977 0.894302 16.866222 15.97192 "" "" 2579.32495 3714.67676 4610.5858 3.9602 2448.7 8.0195 3238.8 7.1793 "" "" 0.0029088643258571192 0.0045198104 0.0044806185 0.009000429 334.35416881642 54.30821383149 3049.39551 -2.8449999999999998 -1.9999999999999998
334.60132444956 54.48352207862 0.0375 0.0382 18.6958 "" "" 2005056558186571392 2591.57275 0.3814 0.0471 -0.41 -2.493 0.053 0.046 1.055 5619.3 4.5561 16.529041 1.118762 17.002457 15.883695 "" "" 2272.88013 2964.80566 4606.06426 2.2119 2159.9 9.3999 3513.0 11.505 "" "" 0.0028042170573714304 0.0054874327 0.0051891403 0.010676573 334.60132444956 54.48352207862 2591.57275 -0.41000000000000003 -2.4930000000000003
334.34084503164 54.53692110618 0.0387 0.0401 17.7809 "" "" 2005046662581160192 2645.40356 0.3747 0.0479 -6.558 -8.114 0.05 0.05 1.0 5691.8 4.5786 16.529236 1.15668 17.030645 15.873965 "" "" 2320.11621 3092.88135 4605.24125 2.5242 2104.5 7.0612 3544.6 7.0063 "" "" 0.0028188548622651998 0.004588701 0.004346192 0.008934893 334.34084503164 54.53692110618 2645.40356 -6.557999999999999 -8.114
334.34353095009 54.14078161255 0.038 0.0375 6.9066 "" "" 2004972617342156544 2518.44995 0.3795 0.047 -2.093 0.34 0.047 0.046 1.073 5649.9 4.4544 16.535864 1.201306 17.057772 15.856465 "" "" 2247.06348 2863.1145 4577.21077 2.2543 2052.6 11.39 3602.2 11.442 "" "" 0.0028067287577881153 0.006639536 0.0051163877 0.011755924 334.34353095009 54.14078161255 2518.44995 -2.093 0.3399999999999998
333.99432540258 53.99083556316 0.0333 0.0358 17.8262 "" "" 2004641595627588096 2944.42285 0.3233 0.0413 -4.375 -3.496 0.041 0.043 0.999 6910.0 4.338 16.53752 1.216962 17.062683 15.845721 "" "" 2644.74585 3331.71436 4570.23878 2.0785 2043.4 7.6939 3638.1 8.7889 "" "" 0.0027992160130381125 0.0049494742 0.004600371 0.009549845 333.99432540258 53.99083556316 2944.42285 -4.375000000000001 -3.4960000000000004
333.85053432972 54.43188616066 0.047 0.0462 18.1594 "" "" 2005791341189827072 2802.92603 0.3439 0.0541 -2.453 -2.509 0.068 0.058 1.278 9740.6 4.38 16.545467 0.969958 16.823301 15.853343 "" "" 2456.44653 3265.22998 4536.90731 3.3147 2547.4 11.395 3612.6 9.8378 "" "" 0.002867233984837101 0.005601126 0.0047985003 0.010399627 333.85053432972 54.43188616066 2802.92603 -2.453 -2.509
333.82779302005 54.06243082072 0.4524 0.4072 18.6565 "" "" 2004646268552724608 3014.8667 1.0683 0.5087 4.656 -6.895 0.531 0.484 9.967 "" "" 16.548035 1.254509 16.851683 15.597174 "" "" 1969.78735 4746.80908 4526.188 34.208 2481.7 11.883 4573.9 8.7016 "" "" 0.0086560074225557 0.0059001967 0.0043069995 0.010207197 333.82779302005 54.06243082072 3014.8667 4.656000000000001 -6.895000000000001
334.05962257912 54.29650636007 0.0389 0.0382 7.6256 "" "" 2005036732616274048 2866.43188 0.3399 0.0469 -4.033 -3.428 0.048 0.048 1.035 "" "" 16.548517 1.083528 16.995132 15.911605 "" "" 2557.55859 3241.80615 4524.17941 2.3371 2174.5 9.0185 3423.9 9.6634 "" "" 0.002811825727100219 0.005297339 0.004865567 0.010162907 334.05962257912 54.29650636007 2866.43188 -4.0329999999999995 -3.427999999999999
334.16735392408 54.54237864064 0.0394 0.0359 18.1521 "" "" 2005048754215353984 2505.78564 0.387 0.0454 3.718 1.736 0.053 0.045 0.934 5154.4 4.4264 16.550947 1.246223 17.10618 15.859958 "" "" 2223.73047 2822.65601 4514.06507 2.0597 1963.1 7.8992 3590.7 8.1694 "" "" 0.0027995027382749973 0.0051837927 0.0045150532 0.009698845 334.16735392408 54.54237864064 2505.78564 3.718000000000001 1.7360000000000002
333.9233933482 54.27436500545 0.0382 0.0348 11.8703 "" "" 2005036148500477184 2861.01025 0.3303 0.044 -6.769 -5.31 0.044 0.041 1.004 5900.1 4.4691 16.553736 1.124516 17.033941 15.909426 "" "" 2592.46436 3271.67871 4502.48432 2.2428 2098.2 7.3379 3430.7 6.933 "" "" 0.002807897615634935 0.004711988 0.0043701194 0.009082107 333.9233933482 54.27436500545 2861.01025 -6.769 -5.31
334.02088149027 54.39945694773 0.0399 0.0374 12.4664 "" "" 2005041233741947392 3086.93481 0.3022 0.046 -3.653 -2.951 0.051 0.046 1.049 7691.9 4.2762 16.554695 0.931109 16.931946 16.000837 "" "" 2665.81958 3698.64185 4498.51277 2.5986 2304.8 7.0833 3153.7 8.7803 "" "" 0.0028258005628922743 0.00434961 0.0048395465 0.009189157 334.02088149027 54.39945694773 3086.93481 -3.6529999999999996 -2.951
334.62862535342 54.16327243732 0.0428 0.0423 13.883 "" "" 2004976328194180096 3137.04175 0.3123 0.0536 -5.863 -3.881 0.055 0.048 1.106 6250.7 4.4888 16.55509 1.038984 16.98497 15.945986 "" "" 2741.01904 3754.64966 4496.87403 2.0827 2195.0 7.386 3317.1 9.0435 "" "" 0.002800830173836399 0.004597009 0.0048005995 0.009397609 334.62862535342 54.16327243732 3137.04175 -5.863000000000001 -3.8809999999999993
334.04484785175 54.16613747482 0.0387 0.0359 8.8415 "" "" 2005021957928583552 2457.17969 0.3894 0.0441 -0.491 -1.386 0.045 0.042 1.008 5812.4 4.6221 16.557562 1.138102 17.047403 15.909302 "" "" 2214.26294 2785.86768 4486.64481 2.178 2072.3 8.306 3431.1 8.7717 "" "" 0.002805277556022355 0.005169405 0.0046891696 0.009858575 334.04484785175 54.16613747482 2457.17969 -0.49099999999999994 -1.386
333.74806092895 54.20213454262 0.0386 0.036 18.0745 "" "" 2004660184245927168 2858.78857 0.3433 0.0454 -4.275 -4.075 0.046 0.04 1.02 6279.4 4.5415 16.561693 1.148297 17.026943 15.878646 "" "" 2539.646 3213.45874 4469.60817 2.2292 2111.7 12.711 3529.4 12.219 "" "" 0.002808027589050577 0.007106084 0.0053303796 0.0124364635 333.74806092895 54.20213454262 2858.78857 -4.275000000000002 -4.074999999999999
334.05450398082 54.14217377137 0.0395 0.0363 9.425 "" "" 2005021683050686848 2774.19385 0.3383 0.0444 0.423 -0.379 0.047 0.043 1.045 7110.7 4.3554 16.564283 1.225421 17.096489 15.871068 "" "" 2475.11108 3095.33545 4458.95602 2.1322 1980.7 5.2978 3554.1 6.6726 "" "" 0.002803807886016768 0.0040272125 0.0042940434 0.008321255 334.05450398082 54.14217377137 2774.19385 0.423 -0.379
333.86410136092 54.14088572235 0.0383 0.0387 15.1674 "" "" 2004658912935799040 2537.37939 0.3932 0.0472 -1.691 -3.419 0.046 0.049 1.033 5018.8 4.2292 16.566353 1.657792 17.35299 15.695197 "" "" 2240.0481 2894.29492 4450.46817 2.3035 1563.9 8.4906 4179.1 8.5071 "" "" 0.0028120438308461347 0.0065215984 0.004378187 0.010899786 333.86410136092 54.14088572235 2537.37939 -1.6910000000000003 -3.4189999999999996
333.96958782959 54.10228539822 0.0379 0.0365 13.25 "" "" 2005021339453301632 2788.83276 0.3369 0.0449 -4.7 -3.898 0.044 0.046 0.974 5941.6 4.4565 16.5668 1.108405 17.039356 15.930951 "" "" 2519.39868 3166.38623 4448.63553 2.1974 2087.7 7.7449 3363.4 8.8531 "" "" 0.0028070278836403303 0.0048998496 0.0047382587 0.009638108 333.96958782959 54.10228539822 2788.83276 -4.699999999999999 -3.8980000000000006
334.64959893229 54.43232273431 0.0385 0.0382 17.732 "" "" 2005053190932239232 2675.31714 0.3527 0.0486 -3.617 -1.469 0.053 0.045 1.001 6347.2 4.4451 16.568708 1.095701 17.038635 15.942934 "" "" 2400.98389 3010.95239 4440.82063 2.2156 2089.1 7.6225 3326.5 5.4219 "" "" 0.0028080633296331805 0.004845486 0.0041731764 0.009018662 334.64959893229 54.43232273431 2675.31714 -3.6170000000000004 -1.4690000000000003
334.01947392382 54.00728483468 0.0353 0.0375 16.524 "" "" 2005017010126148480 2482.83838 0.4129 0.0427 -2.885 -3.794 0.045 0.047 0.995 5902.9 4.4792 16.56936 1.173657 17.07541 15.901754 "" "" 2187.97681 2823.79468 4438.15206 2.2219 2019.5 15.605 3455.1 9.9226 "" "" 0.0028084240608274836 0.008841459 0.0048996154 0.013741074 334.01947392382 54.00728483468 2482.83838 -2.8850000000000002 -3.794
334.24060213046 54.41097903285 0.04 0.0416 10.0074 "" "" 2005043497174369536 3003.85889 0.3259 0.051 -1.883 -7.578 0.056 0.049 1.031 6057.6 4.4737 16.569592 1.042458 17.00356 15.961102 "" "" 2573.46167 3551.70142 4437.21207 2.43 2157.7 9.5696 3271.3 9.5412 "" "" 0.00281874639871778 0.0055652987 0.004930691 0.01049599 334.24060213046 54.41097903285 3003.85889 -1.883 -7.578
334.22053820387 54.28791481512 0.0401 0.0376 2.9201 "" "" 2005025015945799936 2766.75659 0.338 0.0492 -3.68 -3.328 0.056 0.046 1.008 7210.3 4.3394 16.570246 1.017137 16.99346 15.976323 "" "" 2409.87134 3136.30884 4434.53558 2.1764 2177.9 9.9939 3225.7 7.2679 "" "" 0.002806373364419489 0.0057102884 0.0045020105 0.0102122985 334.22053820387 54.28791481512 2766.75659 -3.6799999999999997 -3.3280000000000003
