Clusters/UBC_166/UBC_166_stars_in_region.tsv
# %ECSV 1.0
# ---
# datatype:
# - name: RA_ICRS_1
#   unit: deg
#   datatype: float64
#   format: '{:15.11f}'
#   description: Right ascension (ICRS) at Ep=2016.0 (ra)
#   meta: !!omap
#   - {ucd: POS_EQ_RA_MAIN}
#   - {width: 15}
#   - {precision: '11'}
# - name: DE_ICRS_1
#   unit: deg
#   datatype: float64
#   format: '{:15.11f}'
#   description: Declination (ICRS) at Ep=2016.0 (dec)
#   meta: !!omap
#   - {ucd: POS_EQ_DEC_MAIN}
#   - {width: 15}
#   - {precision: '11'}
# - name: e_RA_ICRS
#   unit: mas
#   datatype: float64
#   format: '{:7.4f}'
#   description: Standard error of right ascension (ra_error)
#   meta: !!omap
#   - {ucd: ERROR}
#   - {width: 7}
#   - {precision: '4'}
# - name: e_DE_ICRS
#   unit: mas
#   datatype: float64
#   format: '{:7.4f}'
#   description: Standard error of declination (dec_error)
#   meta: !!omap
#   - {ucd: ERROR}
#   - {width: 7}
#   - {precision: '4'}
# - name: _r_1
#   unit: ''
#   datatype: float64
#   format: '{:7.4f}'
#   description: Distance from center (334.25821175000+54.24450468000)[ICRS], at Epoch=J2016.0
#   meta: !!omap
#   - {ucd: POS_ANG_DIST_GENERAL}
#   - {width: 7}
#   - {precision: '4'}
# - name: HIP
#   datatype: int32
#   description: '? HIP cross-id number, van Leeuwen, Cat. I/311 (hip_original_ext_source_id)'
#   meta: !!omap
#   - {ucd: ID_NUMBER}
#   - {width: 6}
#   - values: {'null': -2147483648}
# - name: TYC2
#   datatype: string
#   description: Tycho-2 cross-id name, Hog et al., Cat. I/259 (tyc2_original_ext_source_id)
#   meta: !!omap
#   - {ucd: ID_CROSSID}
#   - {_votable_string_dtype: char}
# - name: Source
#   datatype: int64
#   description: Source identifier, identical to the Gaia-EDR3 source_id (id)
#   meta: !!omap
#   - {ucd: ID_MAIN}
#   - {width: 19}
# - name: rgeo
#   unit: pc
#   datatype: float64
#   format: '{:15.8f}'
#   description: '? Median of the geometric distance posterior (r_med_geo)'
#   meta: !!omap
#   - {ucd: PHYS_DISTANCE_TRUE}
#   - {width: 15}
#   - {precision: '8'}
#   - values: {'null': .nan}
# - name: Plx
#   unit: mas
#   datatype: float64
#   format: '{:9.4f}'
#   description: '? Parallax (parallax)'
#   meta: !!omap
#   - {ucd: POS_PARLX_TRIG}
#   - {width: 9}
#   - {precision: '4'}
#   - values: {'null': .nan}
# - name: e_Plx
#   unit: mas
#   datatype: float32
#   format: '{:7.4f}'
#   description: '? Standard error of parallax (parallax_error)'
#   meta: !!omap
#   - {ucd: ERROR}
#   - {width: 7}
#   - {precision: '4'}
#   - values: {'null': .nan}
# - name: pmRA
#   unit: mas / yr
#   datatype: float64
#   format: '{:9.3f}'
#   description: '? Proper motion in right ascension direction, pmRA*cosDE (pmra)'
#   meta: !!omap
#   - {ucd: POS_EQ_PMRA}
#   - {width: 9}
#   - {precision: '3'}
#   - values: {'null': .nan}
# - name: pmDE
#   unit: mas / yr
#   datatype: float64
#   format: '{:9.3f}'
#   description: '? Proper motion in declination direction (pmdec)'
#   meta: !!omap
#   - {ucd: POS_EQ_PMDEC}
#   - {width: 9}
#   - {precision: '3'}
#   - values: {'null': .nan}
# - name: e_pmRA
#   unit: mas / yr
#   datatype: float32
#   format: '{:6.3f}'
#   description: '? Standard error of proper motion in right ascension direction (pmra_error)'
#   meta: !!omap
#   - {ucd: ERROR}
#   - {width: 6}
#   - {precision: '3'}
#   - values: {'null': .nan}
# - name: e_pmDE
[...]
#         unit: &id001 !astropy.units.Unit {unit: deg}
#         value: !astropy.table.SerializedColumn {name: SkyCoord.dec}
#       distance: !astropy.table.SerializedColumn
#         __class__: astropy.coordinates.distances.Distance
#         unit: !astropy.units.Unit {unit: pc}
#         value: !astropy.table.SerializedColumn {name: SkyCoord.distance}
#       frame: icrs
#       obstime: !astropy.time.Time {format: jyear_str, in_subfmt: '*', jd1: 367701545.0, jd2: 0.0, out_subfmt: '*', precision: 3, scale: tt}
#       pm_dec: !astropy.table.SerializedColumn
#         __class__: astropy.units.quantity.Quantity
#         unit: !astropy.units.Unit {unit: mas / yr}
#         value: !astropy.table.SerializedColumn {name: SkyCoord.pm_dec}
#       pm_ra_cosdec: !astropy.table.SerializedColumn
#         __class__: astropy.units.quantity.Quantity
#         unit: !astropy.units.Unit {unit: mas / yr}
#         value: !astropy.table.SerializedColumn {name: SkyCoord.pm_ra_cosdec}
#       ra: !astropy.table.SerializedColumn
#         __class__: astropy.coordinates.angles.Longitude
#         unit: *id001
#         value: !astropy.table.SerializedColumn {name: SkyCoord.ra}
#         wrap_angle: !astropy.coordinates.Angle
#           unit: *id001
#           value: 360.0
#       representation_type: spherical
# schema: astropy-2.0
RA_ICRS_1 DE_ICRS_1 e_RA_ICRS e_DE_ICRS _r_1 HIP TYC2 Source rgeo Plx e_Plx pmRA pmDE e_pmRA e_pmDE RUWE Teff logg Gmag BP-RP BPmag RPmag RV e_RV b_rgeo B_rgeo FG e_FG FBP e_FBP FRP e_FRP RAVE5 RAVE6 e_Gmag e_BPmag e_RPmag e_BP-RP SkyCoord.ra SkyCoord.dec SkyCoord.distance SkyCoord.pm_ra_cosdec SkyCoord.pm_dec
[from data line 688]
334.34869624562 54.11528333866 0.0397 0.0388 8.3791 "" "" 2004972548622691968 2771.25879 0.3418 0.048 -7.126 -6.802 0.047 0.045 1.042 5606.4 4.5658 16.728676 1.158445 17.228569 16.070124 "" "" 2461.20972 3120.24512 3832.4518 1.9642 1753.8 6.2268 2958.8 8.0652 "" "" 0.0028109493427109686 0.0047586793 0.00480027 0.00955895 334.34869624562 54.11528333866 2771.25879 -7.1259999999999994 -6.801999999999998
334.14672256723 54.49663827708 0.0444 0.0403 15.6218 "" "" 2005047796452210816 2640.83057 0.3566 0.0511 -6.941 -4.24 0.06 0.049 0.99 5300.0 4.5738 16.728724 1.273306 17.295774 16.022469 "" "" 2356.84229 3069.74268 3832.28173 1.9182 1648.6 7.0201 3091.5 8.0002 "" "" 0.002808403259311088 0.005399998 0.004709352 0.01010935 334.14672256723 54.49663827708 2640.83057 -6.941000000000001 -4.239999999999999
333.84788608691 54.2931400607 0.0406 0.0373 14.6705 "" "" 2005038828560052736 3051.9978 0.3107 0.0467 -1.418 -4.201 0.048 0.043 0.97 6046.5 4.5719 16.72888 1.194046 17.244999 16.050953 "" "" 2699.11035 3568.69507 3831.73145 2.0369 1727.5 7.2689 3011.5 7.2883 "" "" 0.0028151211749273698 0.005353164 0.0046030725 0.009956237 333.84788608691 54.2931400607 3051.9978 -1.418 -4.2010000000000005
334.54342266492 54.13076699131 0.055 0.0581 12.1175 "" "" 2004977732632640512 3421.79077 0.3066 0.0714 -5.221 -1.234 0.068 0.062 1.378 5753.9 4.5459 16.73016 1.405724 17.343718 15.937994 "" "" 2747.38892 4488.89795 3827.2179 2.9803 1577.4 6.0225 3341.6 6.9146 "" "" 0.002882120467650243 0.0049968814 0.004396726 0.009393607 334.54342266492 54.13076699131 3421.79077 -5.220999999999999 -1.2339999999999998
333.79656049181 54.18863108232 0.0442 0.0403 16.5396 "" "" 2004659943727940992 2515.04517 0.3893 0.0498 -3.976 -4.574 0.053 0.048 0.94 6047.2 4.4504 16.730246 1.242079 17.243397 16.001318 "" "" 2258.07886 2864.95483 3826.91333 2.1049 1730.0 13.331 3152.3 12.42 "" "" 0.002819293597645178 0.008819436 0.0057081627 0.014527598 333.79656049181 54.18863108232 2515.04517 -3.976000000000001 -4.574
334.61862801141 54.4017695787 0.0939 0.0954 15.7511 "" "" 2005029512760689152 2515.62671 0.4688 0.1216 -2.903 -3.001 0.132 0.11 2.136 5370.8 4.7151 16.732506 1.400466 17.32848 15.928014 "" "" 1883.46362 3386.46533 3818.95498 3.9727 1599.6 7.1741 3372.5 8.9193 "" "" 0.0029778243701864826 0.005612187 0.004746475 0.010358661 334.61862801141 54.4017695787 2515.62671 -2.9029999999999996 -3.0009999999999994
334.05025046763 54.15737086127 0.0501 0.0474 8.978 "" "" 2005021889209111552 2764.98218 0.3439 0.0583 -0.574 -1.144 0.062 0.056 1.205 6072.0 4.4763 16.7345 1.195414 17.235876 16.040462 "" "" 2397.03271 3275.20557 3811.94436 3.1101 1742.1 8.6994 3040.7 6.6735 "" "" 0.0028942167208339535 0.006097587 0.0044678743 0.010565462 334.05025046763 54.15737086127 2764.98218 -0.574 -1.1440000000000001
334.68124365483 54.18257235211 0.0403 0.0395 15.3005 "" "" 2004976770560274304 3054.75122 0.3014 0.0481 -3.436 -3.129 0.051 0.046 1.039 7185.7 4.3493 16.73506 1.134558 17.216923 16.082365 "" "" 2647.8335 3641.53076 3809.98316 2.6098 1772.8 8.2186 2925.6 10.53 "" "" 0.0028539282298718923 0.0057550217 0.005436451 0.011191472 334.68124365483 54.18257235211 3054.75122 -3.4360000000000004 -3.1290000000000004
334.11385510311 54.48619532721 0.048 0.0444 15.3544 "" "" 2005042642491451520 2678.4873 0.3701 0.0545 -3.072 0.139 0.06 0.052 1.053 5638.2 4.6156 16.736904 1.09379 17.176758 16.082968 "" "" 2366.8103 3148.96289 3803.51402 2.2148 1839.6 11.488 2924.0 10.227 "" "" 0.0028269244325011367 0.0073319 0.005357664 0.012689564 334.11385510311 54.48619532721 2678.4873 -3.0720000000000005 0.13899999999999987
334.40323625785 54.00284243468 0.0419 0.0417 15.3703 "" "" 2004967910058072320 2846.32495 0.3423 0.0497 -3.429 -3.332 0.051 0.05 1.052 8776.7 4.3955 16.737095 1.108248 17.209658 16.10141 "" "" 2522.57788 3207.59937 3802.84381 2.0018 1784.7 6.5505 2874.7 8.5267 "" "" 0.0028139708828783788 0.0048647355 0.0049653645 0.0098301 334.40323625785 54.00284243468 2846.32495 -3.4290000000000007 -3.3319999999999994
333.84107037066 54.214705344 0.0451 0.0389 14.7389 "" "" 2005035392586236928 2909.77686 0.3333 0.0501 -4.074 -3.272 0.054 0.046 1.014 6125.5 4.4835 16.738781 1.06106 17.178526 16.117466 "" "" 2502.31348 3340.81836 3796.94433 2.0137 1836.6 7.1505 2832.5 8.472 "" "" 0.0028148455024549265 0.00506495 0.0049829264 0.010047876 333.84107037066 54.214705344 2909.77686 -4.074 -3.2719999999999994
334.30334423547 54.37999991786 0.0427 0.0438 8.2818 "" "" 2005031441216849920 2479.47852 0.3955 0.0522 -3.317 -2.75 0.057 0.05 1.006 5711.0 4.5921 16.740114 1.059034 17.191772 16.132738 "" "" 2196.33423 2734.39258 3792.28852 1.9452 1814.3 6.0568 2792.9 5.4907 "" "" 0.00281103917907501 0.0045741308 0.004340487 0.008914618 334.30334423547 54.37999991786 2479.47852 -3.317 -2.7500000000000004
334.51708027369 54.44004567509 0.0417 0.0453 14.8199 "" "" 2005032918685913088 3061.78687 0.3146 0.0536 -2.979 -2.448 0.06 0.055 1.027 6905.3 4.4697 16.740608 0.999126 17.136684 16.137558 "" "" 2636.7417 3723.41504 3790.56108 2.0158 1908.7 8.6139 2780.6 13.005 "" "" 0.002815167326452377 0.0056386157 0.006330104 0.01196872 334.51708027369 54.44004567509 3061.78687 -2.979 -2.448
334.3227111943 54.137271463 0.0418 0.0439 6.8208 "" "" 2005019514074591872 2618.56689 0.3682 0.052 -4.062 -1.376 0.053 0.053 1.044 5703.4 4.5695 16.74421 1.195126 17.260103 16.064978 "" "" 2297.44067 2955.06104 3778.01033 2.0355 1703.6 9.0257 2972.8 7.8572 "" "" 0.002816731658068053 0.0063932305 0.0047453684 0.011138599 334.3227111943 54.137271463 2618.56689 -4.062 -1.3759999999999997
334.02479899155 54.52453033864 0.0478 0.045 18.6763 "" "" 2005793540213340544 2503.39697 0.373 0.0529 0.446 -1.01 0.059 0.055 0.984 5360.8 4.6042 16.744452 1.179518 17.199888 16.02037 "" "" 2273.09619 2859.31738 3777.16867 2.491 1800.8 15.5 3097.5 20.492 "" "" 0.0028468384796268733 0.009752875 0.008116476 0.017869351 334.02479899155 54.52453033864 2503.39697 0.44600000000000006 -1.0100000000000002
333.96331413347 53.9840524647 0.0368 0.0389 18.7557 "" "" 2004641629987323648 2703.34692 0.3521 0.0454 -0.74 -3.466 0.047 0.048 0.971 5632.7 4.566 16.746885 1.255332 17.251654 15.996322 "" "" 2394.67822 3181.24243 3768.70893 2.0572 1716.9 11.112 3166.9 13.714 "" "" 0.0028183398396334413 0.007560697 0.006032381 0.013593078 333.96331413347 53.9840524647 2703.34692 -0.7399999999999999 -3.466
334.56449113642 54.09530429083 0.0379 0.0396 13.995 "" "" 2004974507128063488 3003.35913 0.3134 0.048 -1.943 -2.351 0.046 0.046 1.018 5584.3 4.5846 16.747282 1.130735 17.22906 16.098324 "" "" 2639.45654 3377.19141 3767.33222 2.0669 1753.0 9.8095 2882.9 8.724 "" "" 0.002818974787154362 0.0066856546 0.0050078616 0.011693517 334.56449113642 54.09530429083 3003.35913 -1.9430000000000003 -2.351
333.8262748431 54.32362093614 0.042 0.0389 15.8562 "" "" 2005039855040777344 3116.45874 0.3036 0.0491 -3.91 -3.365 0.052 0.044 1.002 "" "" 16.75044 1.287846 17.322968 16.035122 "" "" 2731.73169 3627.09155 3756.38817 2.0555 1607.8 7.4447 3055.7 7.8026 "" "" 0.00281864565845665 0.0057497253 0.004687198 0.010436923 333.8262748431 54.32362093614 3116.45874 -3.91 -3.3650000000000007
334.74105486136 54.40124339179 0.0442 0.0383 19.337 "" "" 2005052052749043456 2721.12476 0.3498 0.0492 -3.4 -3.158 0.059 0.047 0.979 7224.7 4.3235 16.753273 1.056786 17.202042 16.145256 "" "" 2428.59229 3040.36279 3746.60277 2.0664 1797.2 7.1797 2760.9 6.6071 "" "" 0.0028196422958723802 0.005157373 0.004586365 0.009743738 334.74105486136 54.40124339179 2721.12476 -3.4 -3.1580000000000004
333.91828778353 54.49033373072 0.0439 0.0378 18.9404 "" "" 2005793265335424128 2507.63818 0.383 0.0492 -2.244 -3.343 0.058 0.045 1.011 5704.7 4.6142 16.753344 1.076374 17.19995 16.123575 "" "" 2232.35864 2818.23486 3746.36058 1.9583 1800.7 11.14 2816.6 6.9556 "" "" 0.0028131632202990577 0.007273352 0.0046338653 0.011907217 333.91828778353 54.49033373072 2507.63818 -2.2439999999999998 -3.3430000000000004
333.87919088275 54.12521708375 0.0446 0.0412 15.1101 "" "" 2004647093185666432 3232.31836 0.3021 0.0525 -1.872 -0.478 0.054 0.05 1.005 5922.5 4.4549 16.7538 1.37508 17.374287 15.999207 "" "" 2741.31567 3656.43481 3744.7886 2.0232 1533.6 8.422 3158.5 7.8174 "" "" 0.00281706923762995 0.0065830313 0.0046373443 0.011220375 333.87919088275 54.12521708375 3232.31836 -1.8720000000000003 -0.478
334.25613954817 54.36338255556 0.0459 0.0439 7.133 "" "" 2005043050501306368 3133.25415 0.315 0.0547 -2.43 -2.304 0.058 0.049 0.963 8388.6 4.4863 16.757946 0.89846 17.123629 16.225168 "" "" 2636.49902 3578.19727 3730.50833 2.0547 1931.8 8.0158 2565.0 6.6333 "" "" 0.0028194678841912727 0.0052991887 0.0047082356 0.010007424 334.25613954817 54.36338255556 3133.25415 -2.4300000000000006 -2.304
333.92201072525 54.07352698474 0.0949 0.095 15.6445 "" "" 2004645993674064256 3049.6333 0.3356 0.1161 -3.329 -3.721 0.112 0.111 2.353 5617.1 4.6707 16.75845 1.291721 17.270721 15.979 "" "" 2310.06665 4383.04248 3728.78011 3.649 1687.1 7.3006 3217.8 10.574 "" "" 0.002953084546102113 0.005464358 0.005197419 0.010661777 333.92201072525 54.07352698474 3049.6333 -3.3290000000000006 -3.721000000000001
334.22821562104 54.21340299041 0.0441 0.0416 2.1422 "" "" 2005023813354719488 2494.10791 0.3841 0.052 -1.889 0.28 0.052 0.048 1.016 5326.1 4.6217 16.759218 1.22193 17.267761 16.045832 "" "" 2230.02026 2994.66895 3726.13966 2.0779 1691.7 7.141 3025.7 13.238 "" "" 0.0028210598261702202 0.0053656236 0.0060703424 0.011435966 334.22821562104 54.21340299041 2494.10791 -1.889 0.28000000000000014
334.42597516061 54.30095582634 0.0429 0.0425 6.7838 "" "" 2005027489847009920 2850.8916 0.3466 0.0536 -4.05 0.396 0.053 0.047 0.953 5509.1 4.4869 16.759222 1.155407 17.247845 16.092438 "" "" 2501.98267 3407.99829 3726.13108 2.0213 1723.0 9.0735 2898.6 9.8455 "" "" 0.0028175665301400665 0.006362076 0.00528053 0.011642606 334.42597516061 54.30095582634 2850.8916 -4.05 0.39600000000000046
333.81613605254 54.33058260784 0.0413 0.0391 16.3215 "" "" 2005039928071663488 2872.15942 0.3301 0.049 -3.21 -2.805 0.049 0.044 1.015 5708.2 4.5553 16.76111 1.259321 17.295765 16.036444 "" "" 2576.23267 3507.14844 3719.65572 2.0933 1648.6 8.7876 3052.0 9.4692 "" "" 0.002822256323862917 0.0064248266 0.0050627445 0.0114875715 333.81613605254 54.33058260784 2872.15942 -3.21 -2.8049999999999997
333.89966110326 54.36192407508 0.042 0.04 14.3946 "" "" 2005040306028995328 2690.83057 0.3471 0.0486 -2.906 -1.308 0.057 0.053 0.998 5516.0 4.3855 16.761707 1.233482 17.286718 16.053236 "" "" 2389.06787 3136.23608 3717.61178 1.9492 1662.4 8.8019 3005.1 11.346 "" "" 0.0028135129893455475 0.0063899863 0.0055756494 0.011965636 333.89966110326 54.36192407508 2690.83057 -2.9059999999999997 -1.308
334.36466003018 53.9974527321 0.0414 0.0409 15.2884 "" "" 2004967978777543808 2731.32739 0.3507 0.05 -3.801 -3.656 0.05 0.049 1.013 5566.8 4.4323 16.761816 1.536335 17.476135 15.9398 "" "" 2361.12793 3376.82642 3717.23995 2.8186 1396.2 7.9955 3336.1 8.6723 "" "" 0.002875681969299346 0.006814948 0.0047169593 0.011531907 334.36466003018 53.9974527321 2731.32739 -3.8009999999999997 -3.6560000000000006
334.78926260848 54.28215662329 0.041 0.0409 18.7465 "" "" 2005003644186702208 2993.45459 0.3373 0.0483 -6.445 -2.827 0.056 0.052 1.02 5476.3 4.5318 16.763784 1.272953 17.3309 16.057947 "" "" 2576.46411 3632.33154 3710.50678 2.0709 1596.1 5.9246 2992.1 8.397 "" "" 0.0028211677507668275 0.0049017663 0.0048546814 0.009756448 334.78926260848 54.28215662329 2993.45459 -6.445000000000001 -2.8270000000000004
334.406364466 54.36813505251 0.0454 0.0432 9.0511 "" "" 2005030887150052352 2914.62769 0.3252 0.055 -4.673 -1.316 0.059 0.049 0.983 4952.5 4.3186 16.763931 1.260815 17.319145 16.05833 "" "" 2493.20703 3466.14966 3710.002 2.0127 1613.5 6.987 2991.1 8.748 "" "" 0.0028175756696145666 0.0054671867 0.0049363007 0.010403488 334.406364466 54.36813505251 2914.62769 -4.673000000000001 -1.316
334.42900303983 54.44891474001 0.0432 0.0471 13.6418 "" "" 2005033502801437184 2472.87061 0.4091 0.0558 -1.367 -0.896 0.066 0.056 1.021 5713.6 4.6084 16.7643 1.082031 17.220257 16.138226 "" "" 2186.02124 2832.95264 3708.74385 2.1114 1767.3 7.8895 2778.9 9.3157 "" "" 0.0028238012038632695 0.005592623 0.0052470206 0.010839643 334.42900303983 54.44891474001 2472.87061 -1.3669999999999998 -0.8959999999999999
334.31614189414 54.39701289458 0.0453 0.0421 9.3724 "" "" 2005043570204487424 3038.78613 0.3026 0.053 -1.873 -2.562 0.056 0.049 1.016 5766.7 4.5754 16.768633 1.066166 17.228743 16.162577 "" "" 2632.48608 3539.67358 3693.97484 1.9945 1753.6 6.0125 2717.2 7.0468 "" "" 0.002816992954746767 0.004652199 0.0047129816 0.0093651805 334.31614189414 54.39701289458 3038.78613 -1.8729999999999998 -2.562
334.2353903959 54.0286247499 0.0397 0.0432 12.9776 "" "" 2004971586549814912 2845.61499 0.3299 0.0485 -3.032 -3.066 0.048 0.05 0.942 8378.6 4.3007 16.7704 1.166071 17.264597 16.098526 "" "" 2486.67944 3189.90698 3687.96689 2.0671 1696.6 9.6021 2882.4 5.7598 "" "" 0.0028217240771577787 0.006748644 0.004357849 0.011106493 334.2353903959 54.0286247499 2845.61499 -3.032 -3.066
334.00512622293 54.42917753847 0.0521 0.05 14.1829 "" "" 2005042054065562368 2610.4209 0.3807 0.0604 -5.257 -1.394 0.071 0.064 1.2 5283.9 4.5822 16.772005 1.26421 17.299713 16.035503 "" "" 2225.00586 3193.32275 3682.51594 2.4421 1642.6 8.3961 3054.6 9.4926 "" "" 0.0028478438836506644 0.0062116263 0.0050663725 0.011277999 334.00512622293 54.42917753847 2610.4209 -5.256999999999999 -1.3939999999999997
334.37612651213 54.44812258179 0.0426 0.0421 12.8943 "" "" 2005043806412257024 2876.72095 0.3326 0.0528 -2.302 -3.639 0.06 0.052 1.054 6067.8 4.4778 16.7721 1.057268 17.208118 16.15085 "" "" 2455.78638 3405.19458 3682.19305 1.9139 1787.2 7.1017 2746.7 12.904 "" "" 0.002812519054625449 0.005137947 0.0063483687 0.011486316 334.37612651213 54.44812258179 2876.72095 -2.3019999999999996 -3.6390000000000007
333.83795498469 54.35662283037 0.0459 0.0401 16.1789 "" "" 2005039962431593472 2724.24561 0.3341 0.0508 -2.817 -1.533 0.055 0.045 0.987 5942.0 4.5772 16.774502 1.141979 17.151539 16.00956 "" "" 2424.06641 3096.10498 3674.06103 2.5618 1882.8 25.832 3128.5 18.537 "" "" 0.002857430728307665 0.015155347 0.0074612256 0.022616573 333.83795498469 54.35662283037 2724.24561 -2.817 -1.5330000000000004
334.53112657954 54.437886855 0.0433 0.0476 15.025 "" "" 2005032918685918848 3085.521 0.3081 0.0555 -2.714 -2.927 0.06 0.054 1.039 5535.7 4.6275 16.775564 1.055933 17.220444 16.16451 "" "" 2643.79883 3608.03418 3670.46599 1.9847 1767.0 5.0981 2712.4 7.5494 "" "" 0.0028171711687386587 0.0041949768 0.0048389803 0.0090339575 334.53112657954 54.437886855 3085.521 -2.714 -2.927
334.694315738 54.29689920983 0.0441 0.044 15.6 "" "" 2004981138557710464 3023.22412 0.316 0.0532 -0.212 -3.241 0.057 0.052 1.016 5616.9 4.5732 16.776392 1.273182 17.335289 16.062107 "" "" 2616.03394 3615.87427 3667.66962 2.1753 1589.6 6.33 2980.7 6.8388 "" "" 0.0028295694078852586 0.005145688 0.004526495 0.009672184 334.694315738 54.29689920983 3023.22412 -0.2120000000000002 -3.2409999999999997
334.27234508645 54.20007655543 0.041 0.0411 2.7114 "" "" 2005020682306112000 3189.21875 0.3119 0.0501 -2.696 -2.0 0.05 0.05 0.952 5713.1 4.5555 16.7767 1.173435 17.280264 16.106829 "" "" 2700.17383 3839.90112 3666.62933 1.8621 1672.3 12.273 2860.4 9.5955 "" "" 0.002809950585885817 0.008442596 0.005248755 0.013691351 334.27234508645 54.20007655543 3189.21875 -2.696 -2.0
