Clusters/Alessi_Teutsch_5/Alessi_Teutsch_5_members.tsv
# %ECSV 1.0
# ---
# datatype:
# - name: RA_ICRS_1
#   unit: deg
#   datatype: float64
#   format: '{:15.11f}'
#   description: Right ascension (ICRS) at Ep=2016.0 (ra)
#   meta: !!omap
#   - {ucd: POS_EQ_RA_MAIN}
#   - {width: 15}
#   - {precision: '11'}
# - name: DE_ICRS_1
#   unit: deg
#   datatype: float64
#   format: '{:15.11f}'
#   description: Declination (ICRS) at Ep=2016.0 (dec)
#   meta: !!omap
#   - {ucd: POS_EQ_DEC_MAIN}
#   - {width: 15}
#   - {precision: '11'}
# - name: e_RA_ICRS
#   unit: mas
#   datatype: float64
#   format: '{:7.4f}'
#   description: Standard error of right ascension (ra_error)
#   meta: !!omap
#   - {ucd: ERROR}
#   - {width: 7}
#   - {precision: '4'}
# - name: e_DE_ICRS
#   unit: mas
#   datatype: float64
#   format: '{:7.4f}'
#   description: Standard error of declination (dec_error)
#   meta: !!omap
#   - {ucd: ERROR}
#   - {width: 7}
#   - {precision: '4'}
# - name: _r_1
#   unit: ''
#   datatype: float64
#   format: '{:7.4f}'
#   description: Distance from center (332.27441309000+61.09620481000)[ICRS], at Epoch=J2016.0
#   meta: !!omap
#   - {ucd: POS_ANG_DIST_GENERAL}
#   - {width: 7}
#   - {precision: '4'}
# - name: HIP
#   datatype: int32
#   description: '? HIP cross-id number, van Leeuwen, Cat. I/311 (hip_original_ext_source_id)'
#   meta: !!omap
#   - {ucd: ID_NUMBER}
#   - {width: 6}
#   - values: {'null': -2147483648}
# - name: TYC2
#   datatype: string
#   description: Tycho-2 cross-id name, Hog et al., Cat. I/259 (tyc2_original_ext_source_id)
#   meta: !!omap
#   - {ucd: ID_CROSSID}
#   - {_votable_string_dtype: char}
# - name: Source
#   datatype: int64
#   description: Source identifier, identical to the Gaia-EDR3 source_id (id)
#   meta: !!omap
#   - {ucd: ID_MAIN}
#   - {width: 19}
# - name: rgeo
#   unit: pc
#   datatype: float64
#   format: '{:15.8f}'
#   description: '? Median of the geometric distance posterior (r_med_geo)'
#   meta: !!omap
#   - {ucd: PHYS_DISTANCE_TRUE}
#   - {width: 15}
#   - {precision: '8'}
#   - values: {'null': .nan}
# - name: Plx
#   unit: mas
#   datatype: float64
#   format: '{:9.4f}'
#   description: '? Parallax (parallax)'
#   meta: !!omap
#   - {ucd: POS_PARLX_TRIG}
#   - {width: 9}
#   - {precision: '4'}
#   - values: {'null': .nan}
# - name: e_Plx
#   unit: mas
#   datatype: float32
#   format: '{:7.4f}'
#   description: '? Standard error of parallax (parallax_error)'
#   meta: !!omap
#   - {ucd: ERROR}
#   - {width: 7}
#   - {precision: '4'}
#   - values: {'null': .nan}
# - name: pmRA
#   unit: mas / yr
#   datatype: float64
#   format: '{:9.3f}'
#   description: '? Proper motion in right ascension direction, pmRA*cosDE (pmra)'
#   meta: !!omap
#   - {ucd: POS_EQ_PMRA}
#   - {width: 9}
#   - {precision: '3'}
#   - values: {'null': .nan}
# - name: pmDE
#   unit: mas / yr
#   datatype: float64
#   format: '{:9.3f}'
#   description: '? Proper motion in declination direction (pmdec)'
#   meta: !!omap
#   - {ucd: POS_EQ_PMDEC}
#   - {width: 9}
#   - {precision: '3'}
#   - values: {'null': .nan}
# - name: e_pmRA
#   unit: mas / yr
#   datatype: float32
#   format: '{:6.3f}'
#   description: '? Standard error of proper motion in right ascension direction (pmra_error)'
#   meta: !!omap
#   - {ucd: ERROR}
#   - {width: 6}
#   - {precision: '3'}
#   - values: {'null': .nan}
# - name: e_pmDE
[...]
#         unit: &id001 !astropy.units.Unit {unit: deg}
#         value: !astropy.table.SerializedColumn {name: SkyCoord.dec}
#       distance: !astropy.table.SerializedColumn
#         __class__: astropy.coordinates.distances.Distance
#         unit: !astropy.units.Unit {unit: pc}
#         value: !astropy.table.SerializedColumn {name: SkyCoord.distance}
#       frame: icrs
#       obstime: !astropy.time.Time {format: jyear_str, in_subfmt: '*', jd1: 367701545.0, jd2: 0.0, out_subfmt: '*', precision: 3, scale: tt}
#       pm_dec: !astropy.table.SerializedColumn
#         __class__: astropy.units.quantity.Quantity
#         unit: !astropy.units.Unit {unit: mas / yr}
#         value: !astropy.table.SerializedColumn {name: SkyCoord.pm_dec}
#       pm_ra_cosdec: !astropy.table.SerializedColumn
#         __class__: astropy.units.quantity.Quantity
#         unit: !astropy.units.Unit {unit: mas / yr}
#         value: !astropy.table.SerializedColumn {name: SkyCoord.pm_ra_cosdec}
#       ra: !astropy.table.SerializedColumn
#         __class__: astropy.coordinates.angles.Longitude
#         unit: *id001
#         value: !astropy.table.SerializedColumn {name: SkyCoord.ra}
#         wrap_angle: !astropy.coordinates.Angle
#           unit: *id001
#           value: 360.0
#       representation_type: spherical
# schema: astropy-2.0
RA_ICRS_1 DE_ICRS_1 e_RA_ICRS e_DE_ICRS _r_1 HIP TYC2 Source rgeo Plx e_Plx pmRA pmDE e_pmRA e_pmDE RUWE Teff logg Gmag BP-RP BPmag RPmag RV e_RV b_rgeo B_rgeo FG e_FG FBP e_FBP FRP e_FRP RAVE5 RAVE6 e_Gmag e_BPmag e_RPmag e_BP-RP SkyCoord.ra SkyCoord.dec SkyCoord.distance SkyCoord.pm_ra_cosdec SkyCoord.pm_dec Pmemb
[from data line 40]
332.21209809313 60.93083027946 0.0269 0.0283 10.0865 "" "" 2203096881725637632 888.124451 1.0965 0.0302 -2.711 -3.554 0.033 0.034 1.044 4596.6 4.1889 15.949655 1.738028 16.78212 15.044092 "" "" 868.707031 912.012268 7853.89497 15.465 2645.9 24.407 7612.4 54.461 "" "" 0.003487469454598562 0.010396725 0.008638272 0.019034997 332.21209809313 60.93083027946 888.124451 -2.7110000000000007 -3.5540000000000007 0.8
332.6095317161 61.29352500895 0.0286 0.03 15.298 "" "" 2204607919935430528 824.977539 1.1898 0.0335 -1.859 -3.038 0.037 0.036 1.09 4482.1 4.163 16.116743 1.858122 17.018116 15.159994 "" "" 801.451538 848.184265 6733.63655 12.303 2129.0 14.302 6841.6 40.549 "" "" 0.003395148113000922 0.007809129 0.0074627483 0.015271878 332.6095317161 61.29352500895 824.977539 -1.859 -3.038 0.8
332.95143412071 61.37913471037 0.0288 0.0319 25.8885 "" "" 2204613932889982976 890.153992 1.0861 0.0359 -2.515 -3.168 0.04 0.037 0.955 5350.5 3.8428 16.168762 2.360462 17.431412 15.07095 "" "" 861.020081 916.733521 6418.62583 5.9214 1455.0 9.1328 7426.4 22.856 "" "" 0.0029317313848573646 0.007364044 0.005044759 0.012408802 332.95143412071 61.37913471037 890.153992 -2.515 -3.168 0.8
333.19053983459 61.20184157496 0.0386 0.0367 27.2702 "" "" 2204597783813121024 895.417725 1.0852 0.0427 -1.641 -3.07 0.05 0.047 1.33 4924.4 4.2165 16.169651 2.024598 17.162586 15.137988 "" "" 862.713318 927.82019 6413.36646 6.651 1863.7 17.279 6981.7 28.033 "" "" 0.0029765060519611 0.010445768 0.005769629 0.016215397 333.19053983459 61.20184157496 895.417725 -1.641 -3.0699999999999994 0.8
332.29155534825 61.06613895674 0.0337 0.0318 1.8713 "" "" 2203103066478503168 859.796448 1.1348 0.0369 -2.189 -3.38 0.04 0.04 1.035 4754.7 4.3919 16.32022 1.898501 17.258148 15.359647 "" "" 829.82489 890.850708 5582.88005 11.907 1706.7 16.031 5692.5 28.957 "" "" 0.0035991542851348925 0.010573096 0.006692326 0.017265422 332.29155534825 61.06613895674 859.796448 -2.189 -3.379999999999999 0.9
332.99773614088 61.1021919626 0.034 0.0338 20.9777 "" "" 2204592629852046208 903.973938 1.0837 0.0397 -2.602 -3.512 0.045 0.042 1.03 "" "" 16.333868 1.928726 17.282639 15.353912 "" "" 876.482483 940.377014 5513.15092 14.93 1668.6 20.273 5722.6 45.596 "" "" 0.004029498536738971 0.013483228 0.009440368 0.022923596 332.99773614088 61.1021919626 903.973938 -2.6020000000000008 -3.511999999999999 0.9
331.9494666217 61.04403395759 0.0393 0.0355 9.9372 "" "" 2203289571134989056 836.920105 1.1828 0.042 -2.535 -3.415 0.047 0.044 1.159 "" "" 16.36268 1.851175 17.21445 15.363276 "" "" 807.919983 870.07782 5368.76909 9.4602 1776.8 24.442 5673.5 43.555 "" "" 0.003354392202739527 0.015193978 0.009151927 0.024345905 331.9494666217 61.04403395759 836.920105 -2.5349999999999993 -3.414999999999999 1.0
332.67349627632 61.1054719185 0.037 0.0366 11.5852 "" "" 2204600700085061248 812.529236 1.1978 0.0431 -1.875 -3.314 0.043 0.038 0.914 4224.3 4.2031 16.424168 1.953854 17.40311 15.449257 "" "" 785.071838 841.067749 5073.17126 8.6377 1493.4 10.105 5241.5 22.93 "" "" 0.003317997995133951 0.007858568 0.006069931 0.013928499 332.67349627632 61.1054719185 812.529236 -1.874999999999999 -3.314000000000001 0.9
333.406068513 61.4831779117 0.0337 0.0343 40.0366 "" "" 2204636094921833856 790.935608 1.2327 0.0387 -1.563 -2.971 0.045 0.045 0.978 5498.1 4.5329 16.484392 1.95503 17.411058 15.456028 "" "" 764.830078 819.301147 4799.43313 7.2713 1482.5 14.488 5208.9 54.562 "" "" 0.0032089829152592217 0.010971276 0.011984365 0.022955641 333.406068513 61.4831779117 790.935608 -1.5629999999999997 -2.971 0.9
332.07671579926 61.3276832235 0.0345 0.0339 15.0175 "" "" 2203297920551313024 850.32251 1.1452 0.0397 -2.58 -3.114 0.047 0.041 0.974 3868.5 4.0653 16.516146 1.939523 17.481655 15.542132 "" "" 826.480103 878.987549 4661.10022 6.3326 1389.2 10.988 4811.8 18.229 "" "" 0.0031253278351600347 0.009029623 0.005585886 0.01461551 332.07671579926 61.3276832235 850.32251 -2.58 -3.114 0.9
331.61371439349 60.63879104032 0.0384 0.0359 33.5506 "" "" 2203063896375936640 834.045166 1.1637 0.0408 -2.552 -3.422 0.052 0.046 0.949 4791.0 4.2904 16.609707 2.142009 17.71231 15.570302 "" "" 804.118469 866.461304 4276.25674 7.6503 1123.3 9.6403 4688.5 21.184 "" "" 0.0033711590185920245 0.009726701 0.0061926832 0.015919384 331.61371439349 60.63879104032 834.045166 -2.5519999999999996 -3.422000000000001 0.9
332.30455107793 61.01025809244 0.0508 0.0514 5.2305 "" "" 2203099389986525824 824.045898 1.1993 0.0564 -1.445 -3.153 0.064 0.059 1.243 "" "" 16.621279 2.346729 17.852728 15.505999 "" "" 791.896973 861.690247 4230.9229 6.7863 987.02 8.4792 4974.6 14.257 "" "" 0.0032595390321440245 0.00973563 0.004895534 0.014631163 332.30455107793 61.01025809244 824.045898 -1.445 -3.153 0.9
332.05096066083 61.08864975599 0.0424 0.0398 6.4968 "" "" 2203290120890806784 911.405212 1.0879 0.0471 -2.267 -3.408 0.052 0.053 1.018 4134.5 4.2565 16.720665 1.949202 17.693296 15.744094 "" "" 865.876282 953.636841 3860.83277 6.5444 1143.1 9.1319 3995.0 22.48 "" "" 0.003313438746616194 0.009111368 0.0071839686 0.016295336 332.05096066083 61.08864975599 911.405212 -2.2670000000000012 -3.4080000000000004 0.9
332.30895704922 61.26442379208 0.0431 0.0417 10.1425 "" "" 2204794630752114432 876.600098 1.1126 0.0483 -1.935 -3.271 0.054 0.052 1.062 "" "" 16.815983 2.059749 17.867962 15.808213 "" "" 843.922913 919.172363 3536.33471 6.4623 973.27 9.419 3765.9 18.023 "" "" 0.0033953412635879727 0.010871557 0.0064252485 0.017296806 332.30895704922 61.26442379208 876.600098 -1.935 -3.271 0.9
332.06285470526 61.19904146344 0.0412 0.0395 8.6943 "" "" 2203293037162854912 858.016113 1.1411 0.0452 -2.198 -3.222 0.051 0.05 1.032 4171.7 4.2729 16.846416 2.159663 17.970768 15.811105 "" "" 823.043945 890.134338 3438.58994 5.621 885.34 8.3156 3755.9 20.012 "" "" 0.0032774718306054877 0.010572645 0.006910105 0.01748275 332.06285470526 61.19904146344 858.016113 -2.1980000000000004 -3.2220000000000004 1.0
332.49430189127 60.95597135044 0.0444 0.0439 10.566 "" "" 2203086745602950400 892.771851 1.0966 0.05 -2.014 -3.433 0.058 0.053 0.964 4126.5 4.0976 16.892635 2.328575 18.13225 15.803675 "" "" 858.282227 949.69989 3295.28228 4.5782 762.99 8.8774 3781.7 15.005 "" "" 0.0031412041583716317 0.012937022 0.005730827 0.018667849 332.49430189127 60.95597135044 892.771851 -2.0139999999999993 -3.432999999999998 0.9
332.44386952237 61.37117935892 0.0437 0.043 17.2087 "" "" 2204797065990885376 826.43927 1.1946 0.0526 -2.143 -3.086 0.064 0.054 0.994 3958.1 4.1001 16.900845 2.086846 17.970327 15.883481 "" "" 781.121826 869.25946 3270.46181 6.1697 885.7 7.2671 3513.7 15.914 "" "" 0.0034332268034268677 0.009335111 0.0062020104 0.015537121 332.44386952237 61.37117935892 826.43927 -2.143 -3.085999999999999 1.0
332.37989810594 61.42825537677 0.046 0.0458 20.1541 "" "" 2204801189159641856 910.370972 1.0873 0.0543 -2.18 -3.288 0.07 0.06 1.019 "" "" 16.948936 2.094902 18.009176 15.914274 "" "" 862.487061 954.552551 3128.7584 3.8902 854.57 10.174 3415.5 14.853 "" "" 0.003068258286367514 0.0132238325 0.0060478686 0.019271702 332.37989810594 61.42825537677 910.370972 -2.18 -3.2880000000000003 0.8
332.29266597867 61.27196561244 0.0465 0.044 10.5589 "" "" 2204794699471585664 937.551819 1.0427 0.0502 -1.854 -3.152 0.06 0.057 1.027 5129.6 4.5132 16.99829 2.230444 18.16908 15.938637 "" "" 894.819519 982.601501 2989.72555 5.1545 737.54 6.8264 3339.7 17.485 "" "" 0.0033310281533831245 0.010429334 0.0068261125 0.017255446 332.29266597867 61.27196561244 937.551819 -1.8539999999999999 -3.152000000000001 0.9
