Clusters/Alessi_Teutsch_5/Alessi_Teutsch_5_stars_in_region.tsv
# %ECSV 1.0
# ---
# datatype:
# - name: RA_ICRS_1
#   unit: deg
#   datatype: float64
#   format: '{:15.11f}'
#   description: Right ascension (ICRS) at Ep=2016.0 (ra)
#   meta: !!omap
#   - {ucd: POS_EQ_RA_MAIN}
#   - {width: 15}
#   - {precision: '11'}
# - name: DE_ICRS_1
#   unit: deg
#   datatype: float64
#   format: '{:15.11f}'
#   description: Declination (ICRS) at Ep=2016.0 (dec)
#   meta: !!omap
#   - {ucd: POS_EQ_DEC_MAIN}
#   - {width: 15}
#   - {precision: '11'}
# - name: e_RA_ICRS
#   unit: mas
#   datatype: float64
#   format: '{:7.4f}'
#   description: Standard error of right ascension (ra_error)
#   meta: !!omap
#   - {ucd: ERROR}
#   - {width: 7}
#   - {precision: '4'}
# - name: e_DE_ICRS
#   unit: mas
#   datatype: float64
#   format: '{:7.4f}'
#   description: Standard error of declination (dec_error)
#   meta: !!omap
#   - {ucd: ERROR}
#   - {width: 7}
#   - {precision: '4'}
# - name: _r_1
#   unit: ''
#   datatype: float64
#   format: '{:7.4f}'
#   description: Distance from center (332.27441309000+61.09620481000)[ICRS], at Epoch=J2016.0
#   meta: !!omap
#   - {ucd: POS_ANG_DIST_GENERAL}
#   - {width: 7}
#   - {precision: '4'}
# - name: HIP
#   datatype: int32
#   description: '? HIP cross-id number, van Leeuwen, Cat. I/311 (hip_original_ext_source_id)'
#   meta: !!omap
#   - {ucd: ID_NUMBER}
#   - {width: 6}
#   - values: {'null': -2147483648}
# - name: TYC2
#   datatype: string
#   description: Tycho-2 cross-id name, Hog et al., Cat. I/259 (tyc2_original_ext_source_id)
#   meta: !!omap
#   - {ucd: ID_CROSSID}
#   - {_votable_string_dtype: char}
# - name: Source
#   datatype: int64
#   description: Source identifier, identical to the Gaia-EDR3 source_id (id)
#   meta: !!omap
#   - {ucd: ID_MAIN}
#   - {width: 19}
# - name: rgeo
#   unit: pc
#   datatype: float64
#   format: '{:15.8f}'
#   description: '? Median of the geometric distance posterior (r_med_geo)'
#   meta: !!omap
#   - {ucd: PHYS_DISTANCE_TRUE}
#   - {width: 15}
#   - {precision: '8'}
#   - values: {'null': .nan}
# - name: Plx
#   unit: mas
#   datatype: float64
#   format: '{:9.4f}'
#   description: '? Parallax (parallax)'
#   meta: !!omap
#   - {ucd: POS_PARLX_TRIG}
#   - {width: 9}
#   - {precision: '4'}
#   - values: {'null': .nan}
# - name: e_Plx
#   unit: mas
#   datatype: float32
#   format: '{:7.4f}'
#   description: '? Standard error of parallax (parallax_error)'
#   meta: !!omap
#   - {ucd: ERROR}
#   - {width: 7}
#   - {precision: '4'}
#   - values: {'null': .nan}
# - name: pmRA
#   unit: mas / yr
#   datatype: float64
#   format: '{:9.3f}'
#   description: '? Proper motion in right ascension direction, pmRA*cosDE (pmra)'
#   meta: !!omap
#   - {ucd: POS_EQ_PMRA}
#   - {width: 9}
#   - {precision: '3'}
#   - values: {'null': .nan}
# - name: pmDE
#   unit: mas / yr
#   datatype: float64
#   format: '{:9.3f}'
#   description: '? Proper motion in declination direction (pmdec)'
#   meta: !!omap
#   - {ucd: POS_EQ_PMDEC}
#   - {width: 9}
#   - {precision: '3'}
#   - values: {'null': .nan}
# - name: e_pmRA
#   unit: mas / yr
#   datatype: float32
#   format: '{:6.3f}'
#   description: '? Standard error of proper motion in right ascension direction (pmra_error)'
#   meta: !!omap
#   - {ucd: ERROR}
#   - {width: 6}
#   - {precision: '3'}
#   - values: {'null': .nan}
# - name: e_pmDE
[...]
#         unit: &id001 !astropy.units.Unit {unit: deg}
#         value: !astropy.table.SerializedColumn {name: SkyCoord.dec}
#       distance: !astropy.table.SerializedColumn
#         __class__: astropy.coordinates.distances.Distance
#         unit: !astropy.units.Unit {unit: pc}
#         value: !astropy.table.SerializedColumn {name: SkyCoord.distance}
#       frame: icrs
#       obstime: !astropy.time.Time {format: jyear_str, in_subfmt: '*', jd1: 367701545.0, jd2: 0.0, out_subfmt: '*', precision: 3, scale: tt}
#       pm_dec: !astropy.table.SerializedColumn
#         __class__: astropy.units.quantity.Quantity
#         unit: !astropy.units.Unit {unit: mas / yr}
#         value: !astropy.table.SerializedColumn {name: SkyCoord.pm_dec}
#       pm_ra_cosdec: !astropy.table.SerializedColumn
#         __class__: astropy.units.quantity.Quantity
#         unit: !astropy.units.Unit {unit: mas / yr}
#         value: !astropy.table.SerializedColumn {name: SkyCoord.pm_ra_cosdec}
#       ra: !astropy.table.SerializedColumn
#         __class__: astropy.coordinates.angles.Longitude
#         unit: *id001
#         value: !astropy.table.SerializedColumn {name: SkyCoord.ra}
#         wrap_angle: !astropy.coordinates.Angle
#           unit: *id001
#           value: 360.0
#       representation_type: spherical
# schema: astropy-2.0
RA_ICRS_1 DE_ICRS_1 e_RA_ICRS e_DE_ICRS _r_1 HIP TYC2 Source rgeo Plx e_Plx pmRA pmDE e_pmRA e_pmDE RUWE Teff logg Gmag BP-RP BPmag RPmag RV e_RV b_rgeo B_rgeo FG e_FG FBP e_FBP FRP e_FRP RAVE5 RAVE6 e_Gmag e_BPmag e_RPmag e_BP-RP SkyCoord.ra SkyCoord.dec SkyCoord.distance SkyCoord.pm_ra_cosdec SkyCoord.pm_dec
[from data line 635]
332.84442893651 61.49421637638 0.0114 0.0128 28.9846 "" "" 2204803319463619328 963.79657 1.0113 0.0138 -2.651 -0.518 0.017 0.015 0.979 6615.2 3.999 13.931364 1.124206 14.406616 13.282411 13.59 4.71 949.652771 975.528564 50396.60503 9.6354 23592.0 22.908 38565.0 23.333 "" "" 0.002763128715956363 0.0029827014 0.003836046 0.006818747 332.84442893651 61.49421637638 963.79657 -2.651 -0.518
331.67539477558 60.26856621525 0.0114 0.0121 52.684 "" "" 2202996379488190592 973.883301 1.0029 0.0136 -3.782 -1.659 0.017 0.015 0.842 7179.0 4.1983 13.93664 1.071677 14.385854 13.314177 "" "" 960.846985 986.992065 50152.30949 8.3664 24048.0 19.635 37453.0 18.74 "" "" 0.002761266865438403 0.0029276137 0.003818227 0.0067458404 331.67539477558 60.26856621525 973.883301 -3.7820000000000005 -1.6590000000000003
330.85264295929 61.23123557518 0.0108 0.0113 41.9331 "" "" 2203331421296895360 1003.52557 0.9672 0.0128 -3.925 -3.264 0.015 0.013 1.039 7449.4 4.2078 13.937431 1.025336 14.36127 13.335934 "" "" 992.2005 1017.1452 50115.73118 9.5054 24599.0 21.545 36710.0 23.668 "" "" 0.002763005024499259 0.002947768 0.0038436616 0.0067914296 330.85264295929 61.23123557518 1003.52557 -3.924999999999999 -3.2639999999999993
331.29236385814 60.81557000031 0.0116 0.0114 33.1933 "" "" 2203257788376168832 926.911316 1.0544 0.0127 -9.968 -6.214 0.016 0.015 0.99 6643.6 4.1931 13.940017 1.041735 14.373042 13.331307 -11.59 7.97 918.440735 938.782715 49996.57035 8.4674 24333.0 36.155 36867.0 19.749 "" "" 0.00276144911351919 0.003222975 0.003823872 0.0070468467 331.29236385814 60.81557000031 926.911316 -9.968 -6.214
331.46781884662 60.67688924092 0.0116 0.0115 34.4583 "" "" 2203067469788680576 863.511353 1.1339 0.013 -1.548 -3.311 0.016 0.014 0.957 5722.6 4.0341 13.943249 1.359571 14.548395 13.188824 -5.14 7.16 853.776062 872.140015 49847.93201 24.743 20704.0 36.067 42037.0 54.474 "" "" 0.0028075311487714603 0.0033708143 0.004032774 0.007403588 331.46781884662 60.67688924092 863.511353 -1.548 -3.311
332.64238834086 61.49725748871 0.0112 0.0115 26.2958 "" "" 2204806725380372992 764.041504 1.2834 0.0131 -7.186 -3.723 0.016 0.014 0.995 6309.9 4.2024 13.945199 1.00447 14.360101 13.355631 -27.0 3.62 756.146484 771.514587 49758.49005 8.5311 24625.0 22.631 36050.0 15.797 "" "" 0.0027616011809880776 0.002963223 0.00380921 0.006772433 332.64238834086 61.49725748871 764.041504 -7.186 -3.723
331.06692480479 61.52948562298 0.0125 0.0143 43.4191 "" "" 2203370385240717440 708.657654 1.3858 0.015 3.489 9.944 0.016 0.018 1.097 5896.1 4.2036 13.947219 1.029613 14.375784 13.34617 -19.11 4.57 700.971802 716.078064 49665.99974 8.6292 24272.0 21.447 36366.0 26.264 "" "" 0.002761770222585406 0.0029504974 0.0038598692 0.0068103666 331.06692480479 61.52948562298 708.657654 3.488999999999999 9.943999999999999
330.72273189289 60.75325894653 0.0118 0.0116 49.7009 "" "" 2203265450597369472 785.062988 1.2487 0.0129 8.344 -1.115 0.016 0.014 1.019 5865.5 4.0395 13.950889 1.143673 14.439446 13.295773 -11.9 2.91 775.02948 795.487305 49498.41471 7.7024 22890.0 17.992 38093.0 15.578 "" "" 0.002760495177997147 0.0029177659 0.0038053738 0.0067231394 330.72273189289 60.75325894653 785.062988 8.344000000000001 -1.1149999999999987
332.80996476223 60.92253664205 0.0112 0.0111 18.7382 "" "" 2204583387082476928 742.124023 1.3194 0.0127 4.253 -0.045 0.015 0.013 1.014 5858.3 4.1423 13.951102 1.177802 14.457664 13.279861 -10.48 4.38 736.714905 749.475342 49488.67966 7.9083 22509.0 16.956 38656.0 18.914 "" "" 0.0027607774170400855 0.0029075732 0.0038165355 0.006724109 332.80996476223 60.92253664205 742.124023 4.253 -0.04499999999999986
331.87177979153 60.56296375402 0.0122 0.0122 34.0922 "" "" 2203071077561922048 902.065979 1.0829 0.0136 -0.134 -4.751 0.019 0.016 1.015 6036.8 3.9497 13.951372 1.216814 14.472087 13.255273 -15.65 4.44 888.013672 916.649353 49476.37562 9.5483 22212.0 25.83 39541.0 50.312 "" "" 0.0027632758628421614 0.0030625435 0.004023959 0.0070865024 331.87177979153 60.56296375402 902.065979 -0.13399999999999967 -4.751
332.38575948244 61.63145741858 0.0112 0.0106 32.2743 "" "" 2204815315314761472 720.286072 1.361 0.0123 0.003 0.462 0.016 0.013 1.012 5787.6 4.132 13.95391 1.153885 14.450327 13.296442 -60.03 3.3 713.080994 727.152344 49360.85194 7.3018 22661.0 18.369 38070.0 16.785 "" "" 0.002759997256451465 0.0029256828 0.0038095773 0.00673526 332.38575948244 61.63145741858 720.286072 0.002999999999999975 0.4620000000000001
332.66764816136 60.59118794187 0.0187 0.0183 32.4079 "" "" 2203028093527566208 846.045044 1.1587 0.021 4.005 -0.348 0.025 0.022 1.716 5522.4 3.6944 13.954215 1.573105 14.682437 13.109332 -38.89 2.69 831.347778 860.06189 49346.97702 11.256 18300.0 17.252 45230.0 17.918 "" "" 0.0027664277693981508 0.0029719893 0.0038037782 0.0067757675 332.66764816136 60.59118794187 846.045044 4.005 -0.3479999999999996
332.28221640718 60.48025712032 0.0114 0.0118 36.9576 "" "" 2203020877982428672 890.039429 1.0958 0.0139 -2.531 -3.441 0.018 0.015 1.015 5866.1 3.8386 13.959947 1.376242 14.576153 13.199911 -14.99 6.4 880.623596 900.181335 49087.1947 26.547 20182.0 40.079 41610.0 63.774 "" "" 0.0028171919022829256 0.003526186 0.004129508 0.007655694 332.28221640718 60.48025712032 890.039429 -2.5309999999999993 -3.4409999999999994
333.36401338637 60.29860139205 0.0551 0.0528 57.5655 "" "" 2201492419375714176 880.154602 1.0976 0.0603 10.659 4.125 0.069 0.066 4.423 5794.5 3.8611 13.967346 1.61741 14.695939 13.078529 5.46 3.03 837.706604 918.143555 48753.77133 44.49 18073.0 19.696 46531.0 41.168 "" "" 0.0029280437584925305 0.003030693 0.0038995482 0.0069302414 333.36401338637 60.29860139205 880.154602 10.659 4.125000000000001
331.6249353833 60.66916113026 0.0114 0.0113 31.8757 "" "" 2203064686649911168 1038.87976 0.9336 0.0131 -1.31 -1.896 0.018 0.015 0.944 6507.0 3.9345 13.969233 1.28206 14.532338 13.250278 -20.63 4.48 1026.59827 1051.81494 48669.09984 7.6649 21013.0 24.135 39723.0 24.072 "" "" 0.002760620925290381 0.0030561707 0.0038362257 0.006892396 331.6249353833 60.66916113026 1038.87976 -1.31 -1.896
331.68933773312 60.99519444831 0.0129 0.0118 18.0428 "" "" 2203283970497313536 738.958984 1.3271 0.0136 -2.254 -0.772 0.015 0.014 1.048 6265.8 4.254 13.96979 1.143023 14.457788 13.314765 -41.65 3.89 730.530396 747.988037 48644.12859 8.6574 22506.0 18.503 37433.0 22.802 "" "" 0.002762087690385603 0.0029294752 0.003836813 0.006766288 331.68933773312 60.99519444831 738.958984 -2.2540000000000004 -0.772
331.30088940531 61.00046413463 0.0114 0.0114 28.8526 "" "" 2203274659007585408 978.806458 0.9934 0.0123 -2.034 2.493 0.014 0.014 0.999 6051.5 3.9876 13.969987 1.232288 14.504248 13.271959 -20.7 4.58 966.34668 994.329224 48635.33524 8.1325 21563.0 24.571 38938.0 22.048 "" "" 0.002761294956510502 0.0030521627 0.0038290576 0.0068812203 331.30088940531 61.00046413463 978.806458 -2.0340000000000003 2.493
330.51449564773 60.75114098903 0.0126 0.012 55.3334 "" "" 2203267512181639936 935.705688 1.0402 0.0137 -0.976 -4.237 0.017 0.015 1.113 5946.4 4.0938 13.972801 1.082013 14.427177 13.345164 10.45 5.03 923.383057 947.351257 48509.42154 7.5975 23150.0 17.876 36399.0 17.861 "" "" 0.002760562511191507 0.0029134066 0.003816749 0.0067301556 330.51449564773 60.75114098903 935.705688 -0.9759999999999998 -4.237
332.46408369096 61.85481859134 0.0117 0.0112 45.84 "" "" 2204873516405229440 790.048706 1.2352 0.0128 -9.006 -10.732 0.016 0.014 1.003 5919.2 4.2294 13.972974 1.049384 14.411371 13.361987 -19.64 4.22 781.6698 798.636658 48501.71325 7.8317 23489.0 23.488 35840.0 22.412 "" "" 0.0027608921283034374 0.0029939557 0.0038398826 0.0068338383 332.46408369096 61.85481859134 790.048706 -9.006 -10.732
330.70622558048 60.74460892263 0.0117 0.0117 50.3602 "" "" 2203263973128619392 699.969666 1.4015 0.0131 -12.462 -17.843 0.016 0.014 1.061 5910.1 4.1221 13.97703 1.146654 14.463404 13.31675 -35.52 5.11 694.337585 707.95343 48320.88231 8.5605 22390.0 20.279 37364.0 24.978 "" "" 0.0027620259428551334 0.0029583888 0.0038484465 0.0068068355 330.70622558048 60.74460892263 699.969666 -12.462 -17.843
332.85014525222 61.00753965976 0.0131 0.0137 17.5457 "" "" 2204586101501767936 881.706848 1.1058 0.0158 -1.317 -2.796 0.016 0.015 1.146 5582.6 4.062 13.978138 1.360029 14.58236 13.222331 -73.61 6.42 870.21814 893.342224 48271.58211 60.567 20067.0 84.134 40759.0 131.25 "" "" 0.0030736976245295203 0.0053391773 0.0051485295 0.010487707 332.85014525222 61.00753965976 881.706848 -1.3170000000000002 -2.7960000000000003
330.85337516389 61.02722599305 0.0439 0.0442 41.4619 "" "" 2203277785743585792 1001.09222 0.9773 0.0489 -4.195 5.482 0.059 0.054 3.841 5575.3 3.3536 13.979299 1.498747 14.660021 13.161274 -6.24 2.5 957.260559 1048.16272 48220.01918 20.33 18681.0 14.688 43117.0 24.854 "" "" 0.0027930861408212966 0.00291784 0.0038308508 0.0067486907 330.85337516389 61.02722599305 1001.09222 -4.195 5.481999999999999
332.58623015966 61.75000604664 0.0292 0.0305 40.2358 "" "" 2204825039120705792 863.262512 1.1322 0.0335 -1.106 -3.198 0.04 0.039 2.618 5681.5 4.0965 13.983358 1.310962 14.551057 13.240095 -0.64 6.56 839.792847 885.865967 48040.03293 43.82 20654.0 66.251 40098.0 83.869 "" "" 0.0029279008862151284 0.0044625164 0.0044091763 0.008871693 332.58623015966 61.75000604664 863.262512 -1.1060000000000003 -3.1979999999999995
332.49072242671 60.05979152881 0.014 0.014 62.5107 "" "" 2199995949695641216 873.674805 1.1181 0.0161 -5.625 -2.261 0.019 0.017 1.198 6638.8 4.0601 13.987247 1.116703 14.458572 13.341869 -22.69 7.98 863.059937 884.690002 47868.27214 8.059 22490.0 21.047 36510.0 21.264 "" "" 0.0027613769027089313 0.0029694196 0.0038319177 0.006801337 332.49072242671 60.05979152881 873.674805 -5.625000000000001 -2.261
333.44036398507 60.83464471171 0.0115 0.0115 37.4036 "" "" 2204526246836296448 768.90564 1.2724 0.0131 8.157 6.446 0.016 0.015 0.981 5482.5 4.1663 13.988409 1.210905 14.514353 13.303448 -8.27 4.56 756.854797 783.717651 47817.06903 8.0077 21364.0 16.091 37825.0 18.625 "" "" 0.0027613129223415717 0.0029075379 0.003817007 0.006724545 333.44036398507 60.83464471171 768.90564 8.157 6.446
333.35499782209 61.34433548477 0.0114 0.0109 34.5825 "" "" 2204623072581038848 876.943665 1.1091 0.0126 -1.297 -3.105 0.014 0.014 1.072 7047.9 4.0904 13.989185 1.378042 14.604798 13.226756 -10.5 4.57 868.602844 885.968933 47782.92433 8.333 19656.0 19.908 40593.0 16.386 "" "" 0.002761818384517726 0.0029990484 0.003804709 0.0068037575 333.35499782209 61.34433548477 876.943665 -1.297 -3.1050000000000004
331.11703915757 60.83270569038 0.0123 0.0122 37.2272 "" "" 2203260262277254144 933.041321 1.0399 0.0141 -3.304 -4.058 0.017 0.015 1.056 6848.6 4.1803 13.990094 1.128079 14.468096 13.340016 -11.56 7.0 921.324829 945.308594 47742.9166 8.2564 22294.0 19.646 36572.0 18.716 "" "" 0.002761710287765549 0.0029496558 0.0038200074 0.006769663 331.11703915757 60.83270569038 933.041321 -3.3040000000000003 -4.057999999999999
331.53162535367 62.06249565279 0.0122 0.011 61.7348 "" "" 2205642354216831104 952.186584 1.0239 0.013 -2.399 -3.186 0.015 0.013 0.918 6543.2 4.1826 13.99631 0.957644 14.378599 13.420955 "" "" 942.859497 962.712036 47470.36574 7.8122 24209.0 24.971 33945.0 56.729 "" "" 0.0027611077159306664 0.0030065342 0.0041923844 0.0071989186 331.53162535367 62.06249565279 952.186584 -2.399 -3.1859999999999995
332.88200492028 61.31902850553 0.0342 0.0356 22.0688 "" "" 2204610393836945536 707.115112 1.3984 0.04 -1.576 -3.99 0.045 0.042 2.941 5888.7 4.3074 13.996828 1.063792 14.433827 13.370035 -45.75 3.99 687.275269 725.39209 47447.74957 19.315 23008.0 20.003 35575.0 21.916 "" "" 0.0027905441125252047 0.0029455144 0.003838113 0.0067836274 332.88200492028 61.31902850553 707.115112 -1.576 -3.99
332.90587737333 60.86933627288 0.0117 0.0109 22.8702 "" "" 2204537310671836544 752.799133 1.3025 0.0128 9.95 -5.953 0.016 0.013 0.917 5541.9 4.1805 13.997237 1.142953 14.48342 13.340467 -19.86 3.97 744.546753 759.657227 47429.87295 8.0095 21981.0 24.561 36557.0 21.587 "" "" 0.002761413792321548 0.0030425051 0.0038333763 0.0068758815 332.90587737333 60.86933627288 752.799133 9.95 -5.9529999999999985
331.23551471655 60.54612898531 0.0117 0.0117 44.8638 "" "" 2203065064606647680 982.742371 0.9892 0.0134 5.352 2.703 0.016 0.015 0.993 6584.5 4.1161 13.997886 1.054045 14.437465 13.38342 -20.37 8.15 969.039795 996.977539 47401.53749 7.9685 22931.0 13.373 35139.0 22.413 "" "" 0.0027613588405940113 0.0028611135 0.003842306 0.0067034196 331.23551471655 60.54612898531 982.742371 5.351999999999999 2.702999999999999
332.6902255375 61.69113904299 0.012 0.0119 37.6415 "" "" 2204820950311929856 958.059021 1.017 0.0132 -3.749 0.421 0.016 0.014 1.009 5455.8 3.8035 14.001582 1.312918 14.582988 13.27007 -39.35 3.38 946.883728 969.567322 47240.44749 7.692 20055.0 16.629 39006.0 18.141 "" "" 0.0027609858635330975 0.002931811 0.003812966 0.006744777 332.6902255375 61.69113904299 958.059021 -3.7490000000000006 0.4209999999999997
333.28907147277 61.29183022731 0.0127 0.0117 31.5952 "" "" 2204598642806559616 799.062622 1.223 0.0138 2.329 -1.516 0.017 0.014 0.939 5879.7 4.0996 14.001853 1.024743 14.427776 13.403033 -29.55 4.77 790.553162 808.208923 47228.65596 7.6935 23137.0 16.895 34510.0 20.483 "" "" 0.002760990899175375 0.002900623 0.003833929 0.006734552 333.28907147277 61.29183022731 799.062622 2.3290000000000006 -1.5160000000000005
332.92839818152 60.61202221819 0.0177 0.017 34.7729 "" "" 2204517656901678848 898.769043 1.0814 0.0195 -0.463 -3.567 0.024 0.021 1.58 6038.0 3.8705 14.007549 1.682296 14.773529 13.091233 -32.02 7.77 886.478821 912.143616 46981.5018 502.98 16827.0 584.36 45990.0 1185.0 "" "" 0.011945899458964774 0.037808016 0.028229723 0.06603774 332.92839818152 60.61202221819 898.769043 -0.4630000000000003 -3.567
334.34296029729 61.1723773955 0.0121 0.0126 60.088 "" "" 2204559575783197056 771.512878 1.2678 0.0141 -4.897 -6.418 0.015 0.015 1.117 5640.1 4.113 14.007585 1.310515 14.588115 13.277599 -5.14 4.34 763.837524 780.433777 46979.9733 16.768 19960.0 26.911 38736.0 42.959 "" "" 0.0027824378227096973 0.003150853 0.003966559 0.007117412 334.34296029729 61.1723773955 771.512878 -4.897000000000001 -6.418
332.7778031977 60.69921630705 0.0117 0.0113 27.9848 "" "" 2204530782321617920 774.144653 1.2678 0.0128 -4.799 -5.763 0.016 0.013 0.93 6623.6 4.2527 14.009705 1.146073 14.497162 13.351089 -4.15 3.88 766.294067 783.42218 46888.33496 7.4295 21705.0 20.778 36201.0 21.471 "" "" 0.0027606857399587975 0.0029774702 0.00383385 0.00681132 332.7778031977 60.69921630705 774.144653 -4.799 -5.762999999999999
331.13194862763 60.69634422228 0.012 0.0125 41.075 "" "" 2203255314475023488 741.017639 1.323 0.0142 -1.4 19.304 0.017 0.016 0.995 5686.1 4.0976 14.009817 1.384082 14.62167 13.237588 -21.38 2.88 733.545715 748.240479 46883.47773 11.35 19353.0 22.321 40190.0 23.656 "" "" 0.0027678289509278 0.003058295 0.0038330322 0.006891327 331.13194862763 60.69634422228 741.017639 -1.4000000000000012 19.304000000000002
333.30055936158 61.7642791073 0.0133 0.0127 49.7351 "" "" 2204832289026200320 1038.62781 0.937 0.0145 -0.446 -1.438 0.018 0.015 1.009 7967.9 4.1953 14.013423 1.013378 14.430438 13.41706 "" "" 1022.45331 1051.06714 46728.03734 9.5874 23080.0 24.397 34067.0 17.783 "" "" 0.002764310728852152 0.0030169922 0.0038216407 0.0068386327 333.30055936158 61.7642791073 1038.62781 -0.4459999999999999 -1.438
331.27630373211 61.71807847667 0.1023 0.0941 47.0483 "" "" 2203382101911448704 906.695251 1.0872 0.1055 1.556 -3.453 0.137 0.115 9.027 5914.9 3.6672 14.017055 1.167947 14.501207 13.333261 -8.9 6.07 830.928955 994.103394 46571.97439 37.717 21624.0 25.465 36801.0 31.173 "" "" 0.0028922235188728928 0.0030691768 0.0038896739 0.0069588507 331.27630373211 61.71807847667 906.695251 1.556 -3.4529999999999994
