Clusters/Alessi_Teutsch_5/Alessi_Teutsch_5_stars_in_region.tsv
# %ECSV 1.0
# ---
# datatype:
# - name: RA_ICRS_1
#   unit: deg
#   datatype: float64
#   format: '{:15.11f}'
#   description: Right ascension (ICRS) at Ep=2016.0 (ra)
#   meta: !!omap
#   - {ucd: POS_EQ_RA_MAIN}
#   - {width: 15}
#   - {precision: '11'}
# - name: DE_ICRS_1
#   unit: deg
#   datatype: float64
#   format: '{:15.11f}'
#   description: Declination (ICRS) at Ep=2016.0 (dec)
#   meta: !!omap
#   - {ucd: POS_EQ_DEC_MAIN}
#   - {width: 15}
#   - {precision: '11'}
# - name: e_RA_ICRS
#   unit: mas
#   datatype: float64
#   format: '{:7.4f}'
#   description: Standard error of right ascension (ra_error)
#   meta: !!omap
#   - {ucd: ERROR}
#   - {width: 7}
#   - {precision: '4'}
# - name: e_DE_ICRS
#   unit: mas
#   datatype: float64
#   format: '{:7.4f}'
#   description: Standard error of declination (dec_error)
#   meta: !!omap
#   - {ucd: ERROR}
#   - {width: 7}
#   - {precision: '4'}
# - name: _r_1
#   unit: ''
#   datatype: float64
#   format: '{:7.4f}'
#   description: Distance from center (332.27441309000+61.09620481000)[ICRS], at Epoch=J2016.0
#   meta: !!omap
#   - {ucd: POS_ANG_DIST_GENERAL}
#   - {width: 7}
#   - {precision: '4'}
# - name: HIP
#   datatype: int32
#   description: '? HIP cross-id number, van Leeuwen, Cat. I/311 (hip_original_ext_source_id)'
#   meta: !!omap
#   - {ucd: ID_NUMBER}
#   - {width: 6}
#   - values: {'null': -2147483648}
# - name: TYC2
#   datatype: string
#   description: Tycho-2 cross-id name, Hog et al., Cat. I/259 (tyc2_original_ext_source_id)
#   meta: !!omap
#   - {ucd: ID_CROSSID}
#   - {_votable_string_dtype: char}
# - name: Source
#   datatype: int64
#   description: Source identifier, identical to the Gaia-EDR3 source_id (id)
#   meta: !!omap
#   - {ucd: ID_MAIN}
#   - {width: 19}
# - name: rgeo
#   unit: pc
#   datatype: float64
#   format: '{:15.8f}'
#   description: '? Median of the geometric distance posterior (r_med_geo)'
#   meta: !!omap
#   - {ucd: PHYS_DISTANCE_TRUE}
#   - {width: 15}
#   - {precision: '8'}
#   - values: {'null': .nan}
# - name: Plx
#   unit: mas
#   datatype: float64
#   format: '{:9.4f}'
#   description: '? Parallax (parallax)'
#   meta: !!omap
#   - {ucd: POS_PARLX_TRIG}
#   - {width: 9}
#   - {precision: '4'}
#   - values: {'null': .nan}
# - name: e_Plx
#   unit: mas
#   datatype: float32
#   format: '{:7.4f}'
#   description: '? Standard error of parallax (parallax_error)'
#   meta: !!omap
#   - {ucd: ERROR}
#   - {width: 7}
#   - {precision: '4'}
#   - values: {'null': .nan}
# - name: pmRA
#   unit: mas / yr
#   datatype: float64
#   format: '{:9.3f}'
#   description: '? Proper motion in right ascension direction, pmRA*cosDE (pmra)'
#   meta: !!omap
#   - {ucd: POS_EQ_PMRA}
#   - {width: 9}
#   - {precision: '3'}
#   - values: {'null': .nan}
# - name: pmDE
#   unit: mas / yr
#   datatype: float64
#   format: '{:9.3f}'
#   description: '? Proper motion in declination direction (pmdec)'
#   meta: !!omap
#   - {ucd: POS_EQ_PMDEC}
#   - {width: 9}
#   - {precision: '3'}
#   - values: {'null': .nan}
# - name: e_pmRA
#   unit: mas / yr
#   datatype: float32
#   format: '{:6.3f}'
#   description: '? Standard error of proper motion in right ascension direction (pmra_error)'
#   meta: !!omap
#   - {ucd: ERROR}
#   - {width: 6}
#   - {precision: '3'}
#   - values: {'null': .nan}
# - name: e_pmDE
[...]
#         value: !astropy.table.SerializedColumn {name: SkyCoord.dec}
#       distance: !astropy.table.SerializedColumn
#         __class__: astropy.coordinates.distances.Distance
#         unit: !astropy.units.Unit {unit: pc}
#         value: !astropy.table.SerializedColumn {name: SkyCoord.distance}
#       frame: icrs
#       obstime: !astropy.time.Time {format: jyear_str, in_subfmt: '*', jd1: 367701545.0, jd2: 0.0, out_subfmt: '*', precision: 3, scale: tt}
#       pm_dec: !astropy.table.SerializedColumn
#         __class__: astropy.units.quantity.Quantity
#         unit: !astropy.units.Unit {unit: mas / yr}
#         value: !astropy.table.SerializedColumn {name: SkyCoord.pm_dec}
#       pm_ra_cosdec: !astropy.table.SerializedColumn
#         __class__: astropy.units.quantity.Quantity
#         unit: !astropy.units.Unit {unit: mas / yr}
#         value: !astropy.table.SerializedColumn {name: SkyCoord.pm_ra_cosdec}
#       ra: !astropy.table.SerializedColumn
#         __class__: astropy.coordinates.angles.Longitude
#         unit: *id001
#         value: !astropy.table.SerializedColumn {name: SkyCoord.ra}
#         wrap_angle: !astropy.coordinates.Angle
#           unit: *id001
#           value: 360.0
#       representation_type: spherical
# schema: astropy-2.0
RA_ICRS_1 DE_ICRS_1 e_RA_ICRS e_DE_ICRS _r_1 HIP TYC2 Source rgeo Plx e_Plx pmRA pmDE e_pmRA e_pmDE RUWE Teff logg Gmag BP-RP BPmag RPmag RV e_RV b_rgeo B_rgeo FG e_FG FBP e_FBP FRP e_FRP RAVE5 RAVE6 e_Gmag e_BPmag e_RPmag e_BP-RP SkyCoord.ra SkyCoord.dec SkyCoord.distance SkyCoord.pm_ra_cosdec SkyCoord.pm_dec rmRA rmDE e_rmRA e_rmDE rRV e_rRV v_pec v_pec3d e_vpec e_vpec3d
[from data line 2081]
330.87807598981 60.72486385504 0.0271 0.0278 46.426 "" "" 2203253252890608896 699.293579 1.4075 0.0302 1.367 -4.671 0.037 0.033 1.024 5140.3 4.6008 15.892601 1.502727 16.585812 15.083085 "" "" 683.53717 715.87793 8277.63777 3.2711 3170.2 10.394 7343.9 15.468 "" "" 0.0027885258705133433 0.0045229327 0.004417382 0.008940315 330.87807598981 60.72486385504 699.293579 1.367000000000001 -4.671000000000001 3.419050828933716 -1.3653051815032962 0.41578332 0.4117833 "" "" 12.203125876763966 "" 5.067170899257917 ""
331.99393580509 60.04331341094 0.0257 0.0253 63.7122 "" "" 2202976107242849408 802.043823 1.2247 0.0302 -7.097 -6.077 0.034 0.03 0.959 4812.6 4.401 15.892829 1.414735 16.53197 15.117234 "" "" 781.378235 823.666992 8275.89816 3.7217 3331.4 10.858 7116.5 11.671 "" "" 0.0027982470516935485 0.0045064017 0.0041778293 0.008684231 331.99393580509 60.04331341094 802.043823 -7.096999999999998 -6.077000000000004 -5.044949171066285 -2.771305181503296 0.41278332 0.40878332 "" "" 21.882550368612588 "" 9.012537468857285 ""
333.414263875 61.0854020909 0.0244 0.0239 33.0677 "" "" 2204545900606754432 754.853821 1.2953 0.0275 -14.708 4.933 0.032 0.032 0.936 4928.5 4.5673 15.892834 1.40951 16.530895 15.121386 "" "" 736.682068 768.906494 8275.8646 2.9021 3334.7 7.7539 7089.3 8.7356 "" "" 0.0027815011910653957 0.0037627798 0.0040091923 0.007771972 333.414263875 61.0854020909 754.853821 -14.708000000000004 4.933000000000002 -12.655949171066284 8.238694818496704 0.41078332 0.41078332 "" "" 54.032544582560945 "" 22.195668087623467 ""
330.93282240232 61.13769557043 0.0339 0.0383 38.9601 "" "" 2203327091969950848 965.663513 1.0137 0.0432 -1.855 -11.879 0.049 0.049 1.309 7424.3 4.3278 15.894591 1.562455 16.59884 15.036386 "" "" 919.43988 1009.20282 8262.47504 5.108 3132.4 12.738 7666.6 14.578 "" "" 0.0028358994912750066 0.0052229166 0.004306504 0.009529421 330.93282240232 61.13769557043 965.663513 -1.855 -11.879 0.19705082893371584 -8.573305181503295 0.4277833 0.4277833 "" "" 39.25248266239787 "" 16.7915569752636 ""
333.90813787393 61.1791746019 0.0375 0.0479 47.5765 "" "" 2204567817815934080 804.559265 1.2221 0.0424 0.108 0.654 0.044 0.054 1.148 "" "" 15.894806 "" "" "" "" "" 781.897156 836.547668 8260.84468 6.1503 "" "" "" "" "" "" 0.0028714472367882 "" "" "" 333.90813787393 61.1791746019 804.559265 0.10799999999999998 0.6539999999999997 2.160050828933716 3.959694818496704 0.42278332 0.4327833 "" "" 17.20145791807419 "" 7.405408006657275 ""
331.51952119549 60.22174761353 0.0265 0.0285 56.9676 "" "" 2202995864092081280 788.707764 1.2459 0.0329 -1.319 -1.948 0.038 0.034 1.043 5130.2 4.4444 15.896861 1.548339 16.61657 15.068231 "" "" 771.167236 803.901978 8245.2231 3.3538 3081.7 9.2337 7445.0 9.6833 "" "" 0.002790488648061486 0.0042858263 0.0040345895 0.008320415 331.51952119549 60.22174761353 788.707764 -1.3189999999999988 -1.948 0.7330508289337159 1.3576948184967041 0.4167833 0.41278332 "" "" 5.768284583610449 "" 2.386279148252252 ""
331.48794280857 60.10478494957 0.0439 0.0311 63.8352 "" "" 2202985693595812992 915.416626 1.0748 0.0436 -0.24 -6.848 0.056 0.034 1.119 "" "" 15.900764 "" "" "" "" "" 883.102173 947.709167 8215.63562 5.7841 "" "" "" "" "" "" 0.002859386652234341 "" "" "" 331.48794280857 60.10478494957 915.416626 -0.23999999999999755 -6.848000000000009 1.8120508289337158 -3.5423051815032958 0.4347833 0.41278332 "" "" 17.26464060300897 "" 7.206978324132006 ""
332.94748991562 60.27547087095 0.0312 0.0347 53.0645 "" "" 2200006360696389632 854.048096 1.1445 0.0382 1.428 -2.849 0.04 0.041 1.127 "" "" 15.900811 1.606356 16.632353 15.025997 "" "" 828.815002 884.310669 8215.27513 3.5989 3037.2 25.356 7740.3 30.289 "" "" 0.0027960715568803108 0.009483966 0.005686369 0.015170335 332.94748991562 60.27547087095 854.048096 1.428 -2.849 3.4800508289337158 0.4566948184967039 0.4187833 0.41978332 "" "" 14.208692252512742 "" 5.9506039749202175 ""
330.13511487361 61.17734846624 0.0291 0.0277 62.1491 "" "" 2203338258884603392 1003.7077 0.9769 0.0324 -3.44 -3.22 0.04 0.035 1.158 5603.6 4.5061 15.901865 1.403373 16.525229 15.121856 "" "" 974.842957 1034.08289 8207.31034 4.5368 3352.2 15.622 7086.2 10.643 "" "" 0.0028199275614760625 0.0057780924 0.004116178 0.00989427 330.13511487361 61.17734846624 1003.7077 -3.440000000000001 -3.2200000000000015 -1.3879491710662841 0.0856948184967039 0.4187833 0.4137833 "" "" 6.615845708457671 "" 2.770480870330261 ""
330.67939663886 60.69526142561 0.0267 0.0266 52.3959 "" "" 2203263560811769728 937.838135 1.0376 0.0303 6.493 -3.048 0.036 0.032 1.008 5600.2 4.5245 15.902102 1.357817 16.509521 15.151705 "" "" 910.77832 966.901611 8205.51113 3.0287 3401.0 8.772 6894.1 9.5453 "" "" 0.0027843115848943546 0.0039531193 0.0040673753 0.008020494 330.67939663886 60.69526142561 937.838135 6.4929999999999986 -3.048 8.545050828933716 0.25769481849670406 0.4147833 0.41078332 "" "" 38.003034566519496 "" 15.762886591631677 ""
331.52939440401 60.97560350619 0.03 0.0294 22.8243 "" "" 2203285585404982400 978.609436 1.0002 0.0309 -4.118 1.48 0.035 0.037 1.007 5195.2 4.4371 15.902234 1.35451 16.504105 15.149594 "" "" 948.925354 1013.56543 8204.51553 3.2734 3418.0 9.9382 6907.5 9.4503 "" "" 0.002789164047619191 0.0042131967 0.0040608123 0.008274009 331.52939440401 60.97560350619 978.609436 -4.118 1.4800000000000029 -2.0659491710662845 4.7856948184967045 0.4137833 0.41578332 "" "" 24.17913269906297 "" 10.045699031946995 ""
331.04231111188 61.42311142372 0.0274 0.0306 40.5982 "" "" 2203368697307849344 697.256165 1.4127 0.0322 -3.103 -0.089 0.038 0.038 1.047 4634.6 4.3962 15.90312 1.458504 16.572351 15.113848 "" "" 680.315918 713.751892 8197.82449 3.1946 3209.8 9.5347 7138.7 12.373 "" "" 0.0027876158833479952 0.004264599 0.0042219674 0.008486567 331.04231111188 61.42311142372 697.256165 -3.103000000000003 -0.08900000000000058 -1.0509491710662844 3.216694818496704 0.4167833 0.4167833 "" "" 11.184180393933273 "" 4.661379646181706 ""
332.38023897866 60.8258842324 0.0278 0.0252 16.5095 "" "" 2203084855817014784 1021.68518 0.961 0.0297 -4.015 -3.103 0.035 0.029 0.945 5555.7 4.4572 15.903379 1.399275 16.535143 15.135868 "" "" 991.423828 1049.64343 8195.87518 4.5079 3321.7 12.965 6995.4 11.905 "" "" 0.002819292474820945 0.0050738216 0.004206884 0.009280706 332.38023897866 60.8258842324 1021.68518 -4.015 -3.103 -1.9629491710662839 0.2026948184967039 0.4137833 0.40778333 "" "" 9.556692415342456 "" 3.953799229576216 ""
331.67429230154 60.15362521042 0.0278 0.0263 59.248 "" "" 2202991603484638464 980.281311 0.9979 0.0322 -2.452 -5.517 0.039 0.031 0.979 5793.8 4.5119 15.903497 1.382831 16.520147 15.137317 "" "" 946.046204 1013.11792 8194.98201 10.159 3367.9 18.148 6986.0 19.984 "" "" 0.003066489361220186 0.006481786 0.0048918226 0.011373608 331.67429230154 60.15362521042 980.281311 -2.4519999999999955 -5.517 -0.39994917106628414 -2.2113051815032962 0.41778332 0.4097833 "" "" 10.441609356420242 "" 4.2814681811773845 ""
331.20566440347 60.52016058158 0.0305 0.0288 46.6117 "" "" 2203056234153891456 848.214844 1.1558 0.0332 -7.027 -2.614 0.045 0.039 1.138 5414.8 4.5665 15.903721 1.418968 16.542166 15.123198 "" "" 822.859924 875.818115 8193.29463 3.2832 3300.3 9.0202 7077.5 10.561 "" "" 0.0027894585015598044 0.0040732 0.004112 0.0081852 331.20566440347 60.52016058158 848.214844 -7.0269999999999975 -2.614000000000004 -4.974949171066284 0.6916948184967042 0.4237833 0.41778332 "" "" 20.194376541477137 "" 8.55575771582952 ""
330.92700488732 61.78084268166 0.0294 0.0324 56.4016 "" "" 2204131625241268480 882.292847 1.1093 0.0342 -2.118 -1.49 0.041 0.04 1.076 5186.2 4.5975 15.90854 1.358409 16.517342 15.158933 "" "" 853.395569 910.832886 8157.00603 4.007 3376.6 7.5041 6848.3 11.815 "" "" 0.002806466173092907 0.0036887995 0.0042181113 0.007906911 330.92700488732 61.78084268166 882.292847 -2.117999999999996 -1.4899999999999993 -0.06594917106628406 1.815694818496704 0.41978332 0.4187833 "" "" 7.598366556767868 "" 3.182079098195089 ""
333.58979691309 60.71854632612 0.0266 0.0262 44.5637 "" "" 2204521539552222592 943.30188 1.0319 0.0303 8.657 -0.142 0.037 0.031 1.049 7661.3 4.4043 15.911204 1.648418 16.683023 15.034606 "" "" 917.757324 972.749084 8137.0146 3.1969 2898.7 9.8587 7679.2 11.633 "" "" 0.0027881444775207367 0.004628269 0.004121763 0.008750033 333.58979691309 60.71854632612 943.30188 8.657 -0.14199999999999904 10.709050828933716 3.163694818496704 0.41578332 0.4097833 "" "" 49.92862617961268 "" 20.73560312765836 ""
332.66776975309 61.30626421654 0.0286 0.032 16.974 "" "" 2204608229173369600 869.506775 1.1276 0.0354 -0.983 -2.678 0.039 0.037 1.168 5683.0 3.9786 15.911276 2.081197 16.935375 14.854178 "" "" 845.098511 894.619812 8136.47405 15.091 2297.6 18.005 9067.5 51.039 "" "" 0.003412768374050205 0.008954121 0.0071855844 0.016139705 332.66776975309 61.30626421654 869.506775 -0.9829999999999983 -2.6779999999999995 1.0690508289337157 0.6276948184967042 0.41778332 0.41578332 "" "" 5.109400469062239 "" 2.132007204899931 ""
333.84751696325 60.79482115321 0.0266 0.0246 49.2742 "" "" 2201544508739611648 749.541504 1.3144 0.03 3.852 2.423 0.04 0.031 1.025 4767.4 4.4513 15.911374 1.516665 16.614597 15.097933 "" "" 734.223389 768.431824 8135.74094 3.1375 3087.3 9.0319 7244.1 8.8293 "" "" 0.002786952731657826 0.004227774 0.004004362 0.008232136 333.84751696325 60.79482115321 749.541504 3.852000000000001 2.423000000000001 5.904050828933716 5.728694818496704 0.4187833 0.4097833 "" "" 29.227428042222982 "" 12.11311326663274 ""
332.42534254178 61.46416598735 0.0285 0.0265 22.5024 "" "" 2204801330901387264 951.545593 1.0234 0.0303 -4.136 -5.576 0.04 0.035 0.978 5592.7 4.5275 15.911411 1.383361 16.528948 15.145587 "" "" 923.206909 980.944763 8135.46004 3.2305 3340.7 9.5573 6933.0 10.592 "" "" 0.002788846648970877 0.004175308 0.0041273697 0.008302677 332.42534254178 61.46416598735 951.545593 -4.1359999999999975 -5.5760000000000005 -2.0839491710662843 -2.2703051815032955 0.4187833 0.4137833 "" "" 13.899658489735572 "" 5.783330481492927 ""
333.51853534207 60.35908244936 0.03 0.0278 57.3415 "" "" 2201494412240736384 964.548767 1.0151 0.033 -10.885 -2.913 0.035 0.031 1.065 7640.1 4.3528 15.912712 1.7118 16.727613 15.015814 "" "" 932.565308 999.002014 8125.71808 3.2814 2782.1 8.3394 7813.3 10.497 "" "" 0.0027899873234780797 0.004286831 0.004051102 0.008337933 333.51853534207 60.35908244936 964.548767 -10.885000000000002 -2.9129999999999994 -8.832949171066284 0.3926948184967043 0.4137833 0.4097833 "" "" 40.423790377397815 "" 16.726372436101677 ""
332.99928638323 61.18981636072 0.026 0.0266 21.7289 "" "" 2204596856100137856 827.469604 1.1853 0.031 6.22 1.538 0.034 0.033 0.935 4825.9 4.4826 15.914269 1.394791 16.54218 15.147388 "" "" 807.717224 845.127319 8114.08191 2.9227 3300.2 8.6793 6921.5 9.5671 "" "" 0.0027829364811355548 0.003992296 0.0040664403 0.008058736 332.99928638323 61.18981636072 827.469604 6.22 1.5380000000000003 8.272050828933715 4.843694818496704 0.41278332 0.4117833 "" "" 37.59761303689304 "" 15.510076592766621 ""
332.30221069359 61.00417415637 0.0342 0.0341 5.5805 "" "" 2203099389986528768 854.630676 1.1491 0.0379 -2.431 -3.46 0.043 0.041 1.373 5784.6 4.0212 15.919401 1.98659 16.90004 14.913449 "" "" 826.644836 889.809448 8075.81495 8.9849 2373.6 14.86 8585.8 22.587 "" "" 0.0030084792894289995 0.007347663 0.0047373106 0.012084974 332.30221069359 61.00417415637 854.630676 -2.431 -3.46 -0.37894917106628423 -0.15430518150329586 0.42178333 0.41978332 "" "" 1.657489714017364 "" 0.6986310165888573 ""
333.61621817328 60.76955601155 0.0268 0.0264 43.7481 "" "" 2204523326258603392 840.685974 1.1621 0.0309 -0.613 -5.896 0.038 0.033 1.044 6832.4 4.3363 15.919488 1.746947 16.740616 14.993669 "" "" 821.644531 863.486145 8075.17099 3.2778 2749.0 8.8976 7974.3 14.816 "" "" 0.0027903434562438828 0.0044871396 0.0042840494 0.008771189 333.61621817328 60.76955601155 840.685974 -0.6130000000000015 -5.896 1.4390508289337158 -2.590305181503296 0.4167833 0.4117833 "" "" 11.807907967736114 "" 4.876288108955422 ""
331.95915817103 60.21424278558 0.0321 0.032 53.7233 "" "" 2202993042286485120 750.315613 1.2958 0.0384 -12.459 -2.443 0.044 0.038 1.311 4754.4 4.3945 15.920414 1.624786 16.587929 14.963142 "" "" 727.538757 778.862793 8068.28624 5.0475 3164.1 18.706 8201.6 45.955 "" "" 0.002837806907336218 0.006999019 0.007161952 0.014160971 331.95915817103 60.21424278558 750.315613 -12.459 -2.4430000000000023 -10.406949171066284 0.862694818496704 0.42278332 0.4167833 "" "" 37.139225026772834 "" 15.700334577225053 ""
332.10121642457 61.14337494454 0.026 0.0247 5.762 "" "" 2203291941956928512 853.950989 1.1414 0.0282 -2.364 -3.335 0.033 0.032 0.984 4984.7 4.1868 15.92063 2.009325 16.927877 14.918552 "" "" 833.907471 880.74353 8066.67231 5.4611 2313.5 10.921 8545.5 26.759 "" "" 0.0028516785949216326 0.005835537 0.0050835563 0.010919093 332.10121642457 61.14337494454 853.950989 -2.364 -3.335 -0.31194917106628406 -0.029305181503295863 0.4117833 0.41078332 "" "" 1.2682447397292722 "" 0.5222309329948026 ""
332.27416687873 61.14191569538 0.0271 0.0266 2.7427 "" "" 2203104406508259456 695.757629 1.4123 0.03 15.71 -0.158 0.033 0.033 1.067 4626.4 4.5119 15.920841 1.503619 16.620354 15.116734 "" "" 683.351196 708.176636 8065.10705 2.8783 3071.0 9.546 7119.7 10.467 "" "" 0.0027824325327629683 0.0043789567 0.0041026277 0.0084815845 332.27416687873 61.14191569538 695.757629 15.710000000000003 -0.15799999999999784 17.762050828933717 3.147694818496704 0.4117833 0.4117833 "" "" 59.49001068157851 "" 24.496993378967822 ""
330.86305801906 61.21495646666 0.0254 0.0271 41.4689 "" "" 2203331215138595968 871.736572 1.1145 0.0297 -0.249 -5.209 0.034 0.032 1.03 4944.1 4.3894 15.921658 1.449976 16.582577 15.132601 "" "" 853.312927 899.34198 8059.04533 3.9082 3179.7 15.749 7016.5 9.6562 "" "" 0.0028051766554774765 0.006058381 0.004064034 0.010122415 330.86305801906 61.21495646666 871.736572 -0.2490000000000001 -5.209 1.8030508289337157 -1.9033051815032955 0.41278332 0.41078332 "" "" 10.833145191325148 "" 4.460336008551997 ""
333.9328888244 61.36235613284 0.027 0.028 50.4845 "" "" 2204579195193578112 916.024414 1.059 0.0311 -4.333 2.415 0.034 0.034 0.972 6452.9 3.8097 15.923698 2.385941 17.202597 14.816656 "" "" 887.014465 941.940857 8043.91346 4.053 1796.3 7.8283 9386.3 10.435 "" "" 0.002809103418998168 0.005493049 0.0039674523 0.009460501 333.9328888244 61.36235613284 916.024414 -4.333 2.4150000000000005 -2.2809491710662844 5.720694818496704 0.41278332 0.41278332 "" "" 26.740623858396013 "" 11.038083621314891 ""
334.08923545089 61.19719309446 0.0281 0.03 52.893 "" "" 2204561877885563648 957.224487 1.0136 0.0321 -9.739 -8.35 0.036 0.038 1.102 6874.5 4.311 15.926547 2.001802 16.9338 14.931998 "" "" 930.095886 993.548645 8022.83743 3.7111 2300.9 12.189 8440.3 13.871 "" "" 0.0028007177816508693 0.0063927197 0.0041794195 0.010572139 334.08923545089 61.19719309446 957.224487 -9.739000000000003 -8.350000000000003 -7.686949171066285 -5.0443051815032955 0.4147833 0.4167833 "" "" 41.71654869085366 "" 17.32848357827707 ""
332.21353045594 60.90219291653 0.0321 0.0338 11.7747 "" "" 2203096503768219136 893.139954 1.092 0.037 -2.131 -1.119 0.04 0.042 1.299 5574.2 4.5593 15.928132 1.430943 16.520203 15.08926 "" "" 864.683472 920.378967 8011.13513 6.4924 3367.7 23.228 7302.2 33.725 "" "" 0.002892407524485038 0.00799154 0.0062791994 0.01427074 332.21353045594 60.90219291653 893.139954 -2.131 -1.119 -0.07894917106628396 2.1866948184967043 0.4187833 0.4207833 "" "" 9.263367787260458 "" 3.897846508328751 ""
