Clusters/Alessi_Teutsch_5/Alessi_Teutsch_5_stars_in_region.tsv
# %ECSV 1.0
# ---
# datatype:
# - name: RA_ICRS_1
#   unit: deg
#   datatype: float64
#   format: '{:15.11f}'
#   description: Right ascension (ICRS) at Ep=2016.0 (ra)
#   meta: !!omap
#   - {ucd: POS_EQ_RA_MAIN}
#   - {width: 15}
#   - {precision: '11'}
# - name: DE_ICRS_1
#   unit: deg
#   datatype: float64
#   format: '{:15.11f}'
#   description: Declination (ICRS) at Ep=2016.0 (dec)
#   meta: !!omap
#   - {ucd: POS_EQ_DEC_MAIN}
#   - {width: 15}
#   - {precision: '11'}
# - name: e_RA_ICRS
#   unit: mas
#   datatype: float64
#   format: '{:7.4f}'
#   description: Standard error of right ascension (ra_error)
#   meta: !!omap
#   - {ucd: ERROR}
#   - {width: 7}
#   - {precision: '4'}
# - name: e_DE_ICRS
#   unit: mas
#   datatype: float64
#   format: '{:7.4f}'
#   description: Standard error of declination (dec_error)
#   meta: !!omap
#   - {ucd: ERROR}
#   - {width: 7}
#   - {precision: '4'}
# - name: _r_1
#   unit: ''
#   datatype: float64
#   format: '{:7.4f}'
#   description: Distance from center (332.27441309000+61.09620481000)[ICRS], at Epoch=J2016.0
#   meta: !!omap
#   - {ucd: POS_ANG_DIST_GENERAL}
#   - {width: 7}
#   - {precision: '4'}
# - name: HIP
#   datatype: int32
#   description: '? HIP cross-id number, van Leeuwen, Cat. I/311 (hip_original_ext_source_id)'
#   meta: !!omap
#   - {ucd: ID_NUMBER}
#   - {width: 6}
#   - values: {'null': -2147483648}
# - name: TYC2
#   datatype: string
#   description: Tycho-2 cross-id name, Hog et al., Cat. I/259 (tyc2_original_ext_source_id)
#   meta: !!omap
#   - {ucd: ID_CROSSID}
#   - {_votable_string_dtype: char}
# - name: Source
#   datatype: int64
#   description: Source identifier, identical to the Gaia-EDR3 source_id (id)
#   meta: !!omap
#   - {ucd: ID_MAIN}
#   - {width: 19}
# - name: rgeo
#   unit: pc
#   datatype: float64
#   format: '{:15.8f}'
#   description: '? Median of the geometric distance posterior (r_med_geo)'
#   meta: !!omap
#   - {ucd: PHYS_DISTANCE_TRUE}
#   - {width: 15}
#   - {precision: '8'}
#   - values: {'null': .nan}
# - name: Plx
#   unit: mas
#   datatype: float64
#   format: '{:9.4f}'
#   description: '? Parallax (parallax)'
#   meta: !!omap
#   - {ucd: POS_PARLX_TRIG}
#   - {width: 9}
#   - {precision: '4'}
#   - values: {'null': .nan}
# - name: e_Plx
#   unit: mas
#   datatype: float32
#   format: '{:7.4f}'
#   description: '? Standard error of parallax (parallax_error)'
#   meta: !!omap
#   - {ucd: ERROR}
#   - {width: 7}
#   - {precision: '4'}
#   - values: {'null': .nan}
# - name: pmRA
#   unit: mas / yr
#   datatype: float64
#   format: '{:9.3f}'
#   description: '? Proper motion in right ascension direction, pmRA*cosDE (pmra)'
#   meta: !!omap
#   - {ucd: POS_EQ_PMRA}
#   - {width: 9}
#   - {precision: '3'}
#   - values: {'null': .nan}
# - name: pmDE
#   unit: mas / yr
#   datatype: float64
#   format: '{:9.3f}'
#   description: '? Proper motion in declination direction (pmdec)'
#   meta: !!omap
#   - {ucd: POS_EQ_PMDEC}
#   - {width: 9}
#   - {precision: '3'}
#   - values: {'null': .nan}
# - name: e_pmRA
#   unit: mas / yr
#   datatype: float32
#   format: '{:6.3f}'
#   description: '? Standard error of proper motion in right ascension direction (pmra_error)'
#   meta: !!omap
#   - {ucd: ERROR}
#   - {width: 6}
#   - {precision: '3'}
#   - values: {'null': .nan}
# - name: e_pmDE
[...]
#         unit: &id001 !astropy.units.Unit {unit: deg}
#         value: !astropy.table.SerializedColumn {name: SkyCoord.dec}
#       distance: !astropy.table.SerializedColumn
#         __class__: astropy.coordinates.distances.Distance
#         unit: !astropy.units.Unit {unit: pc}
#         value: !astropy.table.SerializedColumn {name: SkyCoord.distance}
#       frame: icrs
#       obstime: !astropy.time.Time {format: jyear_str, in_subfmt: '*', jd1: 367701545.0, jd2: 0.0, out_subfmt: '*', precision: 3, scale: tt}
#       pm_dec: !astropy.table.SerializedColumn
#         __class__: astropy.units.quantity.Quantity
#         unit: !astropy.units.Unit {unit: mas / yr}
#         value: !astropy.table.SerializedColumn {name: SkyCoord.pm_dec}
#       pm_ra_cosdec: !astropy.table.SerializedColumn
#         __class__: astropy.units.quantity.Quantity
#         unit: !astropy.units.Unit {unit: mas / yr}
#         value: !astropy.table.SerializedColumn {name: SkyCoord.pm_ra_cosdec}
#       ra: !astropy.table.SerializedColumn
#         __class__: astropy.coordinates.angles.Longitude
#         unit: *id001
#         value: !astropy.table.SerializedColumn {name: SkyCoord.ra}
#         wrap_angle: !astropy.coordinates.Angle
#           unit: *id001
#           value: 360.0
#       representation_type: spherical
# schema: astropy-2.0
RA_ICRS_1 DE_ICRS_1 e_RA_ICRS e_DE_ICRS _r_1 HIP TYC2 Source rgeo Plx e_Plx pmRA pmDE e_pmRA e_pmDE RUWE Teff logg Gmag BP-RP BPmag RPmag RV e_RV b_rgeo B_rgeo FG e_FG FBP e_FBP FRP e_FRP RAVE5 RAVE6 e_Gmag e_BPmag e_RPmag e_BP-RP SkyCoord.ra SkyCoord.dec SkyCoord.distance SkyCoord.pm_ra_cosdec SkyCoord.pm_dec
[from data line 1272]
331.93600761245 60.89122225275 0.0174 0.018 15.7544 "" "" 2203094236025735808 955.191956 1.024 0.0193 6.633 -3.106 0.022 0.022 0.975 5802.9 4.2192 14.985193 1.260997 15.531809 14.270812 "" "" 939.009949 971.643188 19092.78462 5.1164 8369.4 13.945 15518.0 12.904 "" "" 0.002770639232215624 0.0033253087 0.0038857246 0.0072110333 331.93600761245 60.89122225275 955.191956 6.633000000000001 -3.106
331.21058551148 60.47351276213 0.0171 0.0166 48.6454 "" "" 2203055924916274688 779.750916 1.2565 0.0188 2.386 -13.191 0.024 0.021 0.962 5977.1 4.381 14.987013 1.233833 15.521562 14.287728 "" "" 768.394348 790.763794 19060.82512 4.3889 8448.7 10.406 15278.0 14.306 "" "" 0.0027666385571106806 0.0030940801 0.0039137355 0.007007816 331.21058551148 60.47351276213 779.750916 2.3859999999999992 -13.190999999999999
333.87139446394 61.33198909069 0.0198 0.0199 48.2591 "" "" 2204573250958840064 888.371399 1.0948 0.0229 5.247 2.2 0.025 0.025 1.13 6705.7 4.0291 14.987194 1.971755 15.973508 14.001753 -10.03 8.93 870.216431 905.008911 19057.64732 7.7943 5572.0 13.547 19882.0 17.721 "" "" 0.0027908726283253256 0.0038409792 0.0039013103 0.0077422895 333.87139446394 61.33198909069 888.371399 5.247000000000001 2.2
332.72940686176 61.31037788419 0.0173 0.0186 18.3864 "" "" 2204607610698098304 1022.81 0.9559 0.0209 1.546 0.004 0.023 0.022 0.943 5957.6 4.2222 14.992056 1.174648 15.491783 14.317135 "" "" 1001.68939 1046.61621 18972.49876 5.8377 8683.7 12.539 14870.0 19.439 "" "" 0.002775498920758381 0.0032004612 0.0040371106 0.0072375718 332.72940686176 61.31037788419 1022.81 1.546 0.004000000000000017
331.85637959435 60.75067703958 0.0168 0.0171 24.0494 "" "" 2203088051272552064 913.499329 1.0712 0.0187 -2.822 -2.302 0.022 0.021 0.98 5801.7 4.1374 14.99229 1.412282 15.612742 14.20046 6.98 22.22 898.49353 928.785889 18968.39501 5.1872 7768.2 41.175 16557.0 39.003 "" "" 0.002771271499656325 0.006395614 0.004563473 0.010959087 331.85637959435 60.75067703958 913.499329 -2.8220000000000005 -2.3020000000000005
333.03199171207 60.24580095697 0.0172 0.0179 55.6695 "" "" 2200002718564180096 859.962769 1.1351 0.0198 1.142 -6.344 0.022 0.022 0.998 5506.2 4.1915 14.992383 1.481899 15.669725 14.187826 -9.6 6.28 843.213806 877.933533 18966.76938 5.4591 7371.0 13.207 16751.0 14.052 "" "" 0.002772985130640572 0.0034013982 0.00388758 0.0072889784 333.03199171207 60.24580095697 859.962769 1.1420000000000001 -6.343999999999999
331.79194162483 60.79197452811 0.0165 0.0163 23.0403 "" "" 2203089219503614592 802.807434 1.2235 0.0184 -2.976 -2.434 0.022 0.021 1.02 5714.6 4.3409 14.992493 1.299819 15.562949 14.26313 "" "" 791.998047 813.426025 18964.85505 6.4446 8132.7 11.69 15628.0 17.62 "" "" 0.002779912863036946 0.0031969766 0.0039726836 0.00716966 331.79194162483 60.79197452811 802.807434 -2.976000000000001 -2.4340000000000006
333.50435805208 61.98662530229 0.0163 0.0167 63.9576 "" "" 2204843833898471680 1036.11316 0.9329 0.0181 -3.082 -0.389 0.022 0.02 0.984 6831.1 4.2526 14.993287 1.367797 15.596775 14.228978 -45.02 5.32 1014.31787 1060.36047 18950.98973 4.4338 7883.3 19.492 16127.0 19.924 "" "" 0.0027670048331326262 0.003871937 0.00401036 0.007882297 333.50435805208 61.98662530229 1036.11316 -3.0819999999999994 -0.38899999999999996
333.62777813403 61.72199285087 0.0173 0.0163 54.0336 "" "" 2204648739305717760 983.167236 0.996 0.0191 10.232 7.371 0.023 0.02 1.069 5633.0 4.0764 14.999906 1.403085 15.629263 14.226178 -40.17 5.55 962.363708 1004.09198 18835.82228 4.6277 7650.9 14.017 16169.0 15.964 "" "" 0.0027682025084517824 0.0034266242 0.0039284662 0.00735509 333.62777813403 61.72199285087 983.167236 10.232000000000001 7.371
332.99356988403 60.63960720677 0.0169 0.0165 34.5219 "" "" 2204518103578282752 914.626892 1.0652 0.0191 1.229 0.516 0.024 0.021 1.006 5309.8 4.2382 15.001508 1.328464 15.587133 14.258669 -3.45 9.47 901.229431 926.378235 18808.04188 4.5072 7953.6 12.446 15692.0 17.77 "" "" 0.002767577871707596 0.003266743 0.0039743464 0.0072410894 332.99356988403 60.63960720677 914.626892 1.2290000000000003 0.5160000000000001
334.14392801514 60.77741905818 0.0183 0.0177 57.7468 "" "" 2201542240996973696 697.308655 1.4073 0.0205 -12.83 -9.862 0.027 0.024 1.012 4950.8 4.3379 15.002129 1.478087 15.680743 14.202656 -16.83 3.85 687.809631 708.61792 18797.29463 4.5558 7296.6 11.261 16523.0 13.451 "" "" 0.0027678573323221276 0.0032546609 0.0038813604 0.0071360213 334.14392801514 60.77741905818 697.308655 -12.83 -9.862000000000002
332.32977372454 60.2574447316 0.0181 0.0172 50.3519 "" "" 2203005690978279168 914.526062 1.0653 0.0196 -6.046 -3.443 0.024 0.023 1.007 6108.2 4.3342 15.005024 1.338833 15.596219 14.257386 -8.5 8.85 899.692993 928.982605 18747.22425 6.373 7887.3 13.623 15711.0 14.841 "" "" 0.0027799309699796195 0.0033618098 0.0039160703 0.00727788 332.32977372454 60.2574447316 914.526062 -6.046 -3.4430000000000005
332.80590303147 61.43894734102 0.0169 0.0186 25.6495 "" "" 2204802842730048768 771.168091 1.275 0.0211 -7.601 -3.853 0.024 0.022 0.968 5192.7 4.3089 15.005713 1.259879 15.544681 14.284802 "" "" 757.364929 780.931458 18735.32368 20.807 8270.7 39.414 15319.0 61.457 "" "" 0.003007611151735005 0.005878442 0.005766844 0.011645285 332.80590303147 61.43894734102 771.168091 -7.600999999999999 -3.8529999999999998
332.60988955919 62.07310207663 0.0179 0.0176 59.3911 "" "" 2204880323941228160 1040.34119 0.9345 0.0194 -3.332 -3.659 0.022 0.022 0.983 7630.8 4.4009 15.005904 1.337655 15.59566 14.258005 -29.54 15.09 1021.7619 1065.80188 18732.03415 4.8714 7891.4 13.1 15702.0 14.025 "" "" 0.002769749607347034 0.0033216786 0.0039018195 0.007223498 332.60988955919 62.07310207663 1040.34119 -3.331999999999999 -3.659
332.85607832075 60.33372652124 0.0181 0.0181 48.8296 "" "" 2200007632006632832 830.047729 1.1822 0.0209 -0.318 1.895 0.023 0.022 1.065 5956.5 4.2015 15.00594 1.427812 15.650973 14.223162 -43.52 10.32 817.166077 846.112854 18731.41782 4.354 7499.4 12.578 16214.0 10.552 "" "" 0.002766854044024085 0.0033318284 0.0038448668 0.0071766954 332.85607832075 60.33372652124 830.047729 -0.31800000000000006 1.8950000000000002
333.87549173986 60.83909861208 0.017 0.0158 49.105 "" "" 2201544921056739712 978.955872 0.9913 0.0188 1.604 -4.417 0.025 0.02 0.96 7489.8 4.2669 15.006123 1.46945 15.673256 14.203806 -16.84 7.72 965.032349 994.668274 18728.26409 4.6853 7347.1 8.5897 16506.0 12.982 "" "" 0.002768676154864427 0.0030653442 0.0038746523 0.0069399965 333.87549173986 60.83909861208 978.955872 1.6040000000000003 -4.417000000000001
332.35094322218 60.3589042937 0.0169 0.0181 44.295 "" "" 2203007237166429696 950.956848 1.0287 0.0202 -2.311 -1.945 0.025 0.023 0.943 6283.1 4.3097 15.006346 1.308321 15.583726 14.275405 "" "" 931.247253 965.274292 18724.41572 9.4678 7978.6 16.714 15452.0 29.633 "" "" 0.0028094804477543233 0.0035997513 0.0043149902 0.0079147415 332.35094322218 60.3589042937 950.956848 -2.3110000000000004 -1.9449999999999996
333.61973903836 61.25593996177 0.0179 0.0178 40.0785 "" "" 2204571326813469568 922.300659 1.0529 0.0201 7.518 9.52 0.022 0.023 0.978 6658.0 4.1578 15.008513 1.685911 15.809418 14.123507 -41.44 6.63 908.946655 938.933655 18687.08557 6.837 6481.1 11.588 17773.0 15.381 "" "" 0.0027838077582212125 0.0033990506 0.0038944315 0.0072934823 333.61973903836 61.25593996177 922.300659 7.5180000000000025 9.52
332.94733180841 60.37119216296 0.0187 0.0182 47.7687 "" "" 2200007941244285824 935.211609 1.0372 0.0206 4.233 2.098 0.023 0.022 1.07 6452.4 4.11 15.008615 1.553086 15.720532 14.167446 -36.9 10.39 916.381531 952.948853 18685.3389 5.8548 7034.0 13.833 17068.0 17.701 "" "" 0.002776243148794408 0.0035134202 0.003943553 0.007456973 332.94733180841 60.37119216296 935.211609 4.233 2.098
331.41296960757 61.75250057555 0.0178 0.0169 46.4945 "" "" 2203382479868596224 963.161072 1.0161 0.0188 -6.446 -5.354 0.025 0.021 0.961 5938.4 4.2855 15.008966 1.138774 15.49365 14.354876 "" "" 941.17511 984.355469 18679.3007 8.0831 8668.8 16.36 14362.0 20.087 "" "" 0.002795090440379512 0.0034617307 0.004073042 0.0075347726 331.41296960757 61.75250057555 963.161072 -6.446 -5.354
330.57201672286 60.53571647134 0.017 0.0167 60.0942 "" "" 2203156083551680768 800.462219 1.2257 0.0186 28.077 4.957 0.023 0.02 0.922 5323.1 4.2924 15.010683 1.390495 15.636623 14.246128 -9.79 37.24 790.675659 810.959534 18649.76378 4.0023 7599.2 11.568 15875.0 11.009 "" "" 0.0027651545301046916 0.0032429502 0.0038536529 0.007096603 330.57201672286 60.53571647134 800.462219 28.077000000000005 4.957
333.18619723361 60.83194502348 0.0182 0.0184 30.9259 "" "" 2204532809546239872 1019.43042 0.9556 0.0204 -1.752 -3.524 0.025 0.024 1.105 5158.5 4.1212 15.011588 1.583144 15.750692 14.167548 -51.59 5.85 999.80011 1035.68567 18634.23186 5.496 6841.3 9.9099 17066.0 20.631 "" "" 0.002773866519886753 0.003202895 0.0040008114 0.0072037065 333.18619723361 60.83194502348 1019.43042 -1.7519999999999998 -3.524
334.01627019787 61.18217862498 0.0348 0.0366 50.7075 "" "" 2204567719041298048 918.948242 1.0473 0.0401 -0.542 -3.672 0.045 0.045 2.329 5178.5 3.4476 15.01159 2.509142 16.372917 13.863775 "" "" 885.684631 954.406006 18634.2062 22.719 3857.0 15.815 22576.0 63.837 "" "" 0.003056808196562416 0.005253982 0.004869201 0.010123183 334.01627019787 61.18217862498 918.948242 -0.542 -3.672
332.02225381818 60.62155439513 0.0171 0.0184 29.4165 "" "" 2203073070426761856 1038.88953 0.9329 0.0196 -0.938 1.43 0.025 0.025 1.041 5365.5 4.1963 15.011682 1.327081 15.591098 14.264017 -21.6 7.63 1014.27795 1063.52087 18632.62178 4.9974 7924.6 14.745 15615.0 13.235 "" "" 0.0027706656302862254 0.0034447361 0.0038898056 0.0073345415 332.02225381818 60.62155439513 1038.88953 -0.9379999999999997 1.4300000000000002
333.80796320209 61.74377409059 0.0171 0.0162 58.7102 "" "" 2204646123661891328 974.336609 1.0019 0.0187 -4.584 -4.029 0.023 0.02 1.016 7183.9 4.3553 15.013239 1.303259 15.584204 14.280945 "" "" 958.093811 992.796875 18605.91448 4.7897 7975.1 13.032 15374.0 15.205 "" "" 0.0027694601585916 0.0033064762 0.0039289664 0.0072354423 333.80796320209 61.74377409059 974.336609 -4.583999999999999 -4.029
331.92405746518 61.58169391153 0.0175 0.0173 30.8248 "" "" 2203362723019320576 812.327271 1.2101 0.0196 10.313 10.417 0.026 0.023 0.961 4904.4 4.2572 15.013824 1.140427 15.498136 14.357709 "" "" 799.969788 826.571777 18595.89509 4.6569 8633.0 12.455 14324.0 13.682 "" "" 0.0027687031775359685 0.0031997964 0.003919088 0.0071188845 331.92405746518 61.58169391153 812.327271 10.312999999999999 10.417
331.9571525107 60.056432932 0.018 0.0179 63.0831 "" "" 2202976343453243392 757.141357 1.2964 0.0206 2.958 -1.322 0.024 0.022 1.036 5122.7 4.291 15.014755 1.465519 15.676429 14.21091 -16.03 8.63 744.498596 768.589478 18579.95718 7.6371 7325.6 19.405 16398.0 17.873 "" "" 0.0027912283757810714 0.004007075 0.003960323 0.007967398 331.9571525107 60.056432932 757.141357 2.958 -1.3219999999999998
331.28909526695 61.68824167067 0.0169 0.0175 45.4204 "" "" 2203381827033566208 970.111145 1.0012 0.019 -2.995 -5.049 0.022 0.022 1.027 5909.2 4.2893 15.014915 1.149296 15.503011 14.353715 "" "" 952.246338 987.372864 18577.21028 7.6679 8594.3 18.248 14377.0 17.313 "" "" 0.002791527344472264 0.0036193226 0.003999147 0.0076184697 331.28909526695 61.68824167067 970.111145 -2.995 -5.049000000000001
331.55691823795 61.01554391522 0.02 0.0186 21.3888 "" "" 2203285929002354944 967.414307 1.0087 0.0216 5.96 4.143 0.023 0.023 1.034 5946.9 4.3052 15.019728 1.171057 15.520535 14.349478 "" "" 949.953064 988.065002 18495.05555 4.9227 8456.7 11.679 14433.0 16.617 "" "" 0.002770433264567722 0.0031675491 0.0039807414 0.0071482905 331.55691823795 61.01554391522 967.414307 5.960000000000001 4.143
332.73297642412 60.79361008398 0.0178 0.0178 22.5426 "" "" 2204535146008309632 816.477234 1.1992 0.0202 -15.011 -10.924 0.024 0.021 1.073 5357.4 4.2858 15.020503 1.288593 15.585508 14.296915 "" "" 799.899109 834.358643 18481.84728 4.4912 7965.5 12.354 15149.0 13.811 "" "" 0.002767923621138084 0.0032589263 0.0039068544 0.0071657808 332.73297642412 60.79361008398 816.477234 -15.011 -10.924
331.94535946228 61.48403835291 0.0174 0.0171 25.1284 "" "" 2203314481945088896 1022.88531 0.9529 0.0201 -3.346 -2.856 0.024 0.02 0.928 5412.6 4.2788 15.021108 1.078745 15.472953 14.394208 "" "" 1002.90698 1050.80652 18471.56863 7.6219 8835.6 15.743 13851.0 20.334 "" "" 0.002791504742721814 0.0033952112 0.004101744 0.007496955 331.94535946228 61.48403835291 1022.88531 -3.3460000000000005 -2.856
333.57122683438 60.65777153729 0.0211 0.0199 46.1076 "" "" 2201518704575649920 753.11438 1.2988 0.023 18.032 8.18 0.029 0.024 1.171 5092.2 4.1812 15.02111 1.659351 15.807422 14.14807 -40.15 5.94 740.299988 765.878052 18471.5296 5.3341 6493.0 13.468 17375.0 15.478 "" "" 0.0027731015180816328 0.0035856478 0.0039011785 0.0074868263 333.57122683438 60.65777153729 753.11438 18.032000000000004 8.180000000000001
331.14824892496 61.02923830147 0.0183 0.0185 32.9394 "" "" 2203275518000962688 879.4245 1.1102 0.0208 -2.267 -3.315 0.024 0.024 1.119 5510.5 4.1924 15.021191 1.480203 15.666236 14.186033 -11.25 7.66 864.924683 894.054688 18470.15244 39.608 7394.7 64.6 16778.0 88.929 "" "" 0.003607314265418679 0.0098868515 0.006884841 0.016771693 331.14824892496 61.02923830147 879.4245 -2.2670000000000003 -3.3149999999999995
333.38261213393 61.6633116636 0.0381 0.0378 46.6057 "" "" 2204643173027855488 841.753967 1.1676 0.0421 22.605 9.166 0.052 0.046 2.38 4880.6 4.3104 15.021451 1.412981 15.649241 14.23626 -19.21 10.39 815.701782 873.155029 18465.72025 9.2078 7511.4 11.659 16020.0 15.629 "" "" 0.0028080059660238275 0.0032596197 0.0039250106 0.0071846303 333.38261213393 61.6633116636 841.753967 22.604999999999997 9.166
332.36268214224 60.35224413261 0.0309 0.0318 44.7127 "" "" 2203007031008008960 782.696472 1.2442 0.0368 1.361 3.872 0.047 0.039 1.935 6107.0 4.4448 15.025012 1.414469 15.656073 14.241604 1.95 8.95 763.55188 806.441284 18405.262 7.2397 7464.3 13.314 15941.0 13.082 "" "" 0.0027882219031099133 0.0033964003 0.003882992 0.0072793923 332.36268214224 60.35224413261 782.696472 1.361 3.8719999999999994
332.67593577064 61.15479507362 0.017 0.0186 12.1531 "" "" 2204602559816309888 905.41217 1.0747 0.0208 -2.747 -5.034 0.022 0.02 0.983 5096.0 4.2342 15.02556 1.338992 15.620297 14.281304 "" "" 889.054077 922.868591 18395.95835 4.1171 7714.3 11.211 15369.0 15.795 "" "" 0.0027660142574976185 0.0032054223 0.0039406605 0.007146083 332.67593577064 61.15479507362 905.41217 -2.7470000000000003 -5.034000000000001
332.44877192309 60.33495044448 0.0227 0.0235 45.961 "" "" 2203006343813297152 806.758606 1.2035 0.0258 10.68 -0.091 0.033 0.032 1.317 5586.8 4.232 15.026076 1.485689 15.701799 14.21611 -27.24 6.05 792.726196 821.655029 18387.2277 5.988 7156.4 12.9 16320.0 14.001 "" "" 0.0027779145875247006 0.0034081375 0.0038924722 0.0073006097 332.44877192309 60.33495044448 806.758606 10.68 -0.09099999999999941
332.21240619993 60.02686221104 0.0175 0.017 64.1866 "" "" 2199973100468885376 875.755554 1.1155 0.0196 1.375 6.594 0.023 0.022 1.057 5731.4 4.1399 15.026833 1.462302 15.694047 14.231745 -26.49 4.97 863.601257 893.385681 18374.42012 4.3998 7207.7 10.129 16086.0 12.122 "" "" 0.00276755851625146 0.0031801064 0.0038669305 0.0070470367 332.21240619993 60.02686221104 875.755554 1.375 6.593999999999999
333.63854578203 60.72304168349 0.0283 0.0273 45.6586 "" "" 2201520628720985984 698.500488 1.3983 0.0321 -6.072 -4.999 0.039 0.033 1.645 5077.2 4.3378 15.027888 1.369767 15.627436 14.257668 5.06 15.09 682.86084 713.522522 18356.56037 8.3055 7663.8 12.189 15707.0 15.438 "" "" 0.0027987696893342494 0.0032813062 0.003927151 0.007208457 333.63854578203 60.72304168349 698.500488 -6.072 -4.998999999999999
