Clusters/Alessi_Teutsch_5/Alessi_Teutsch_5_stars_in_region.tsv
# %ECSV 1.0
# ---
# datatype:
# - name: RA_ICRS_1
#   unit: deg
#   datatype: float64
#   format: '{:15.11f}'
#   description: Right ascension (ICRS) at Ep=2016.0 (ra)
#   meta: !!omap
#   - {ucd: POS_EQ_RA_MAIN}
#   - {width: 15}
#   - {precision: '11'}
# - name: DE_ICRS_1
#   unit: deg
#   datatype: float64
#   format: '{:15.11f}'
#   description: Declination (ICRS) at Ep=2016.0 (dec)
#   meta: !!omap
#   - {ucd: POS_EQ_DEC_MAIN}
#   - {width: 15}
#   - {precision: '11'}
# - name: e_RA_ICRS
#   unit: mas
#   datatype: float64
#   format: '{:7.4f}'
#   description: Standard error of right ascension (ra_error)
#   meta: !!omap
#   - {ucd: ERROR}
#   - {width: 7}
#   - {precision: '4'}
# - name: e_DE_ICRS
#   unit: mas
#   datatype: float64
#   format: '{:7.4f}'
#   description: Standard error of declination (dec_error)
#   meta: !!omap
#   - {ucd: ERROR}
#   - {width: 7}
#   - {precision: '4'}
# - name: _r_1
#   unit: ''
#   datatype: float64
#   format: '{:7.4f}'
#   description: Distance from center (332.27441309000+61.09620481000)[ICRS], at Epoch=J2016.0
#   meta: !!omap
#   - {ucd: POS_ANG_DIST_GENERAL}
#   - {width: 7}
#   - {precision: '4'}
# - name: HIP
#   datatype: int32
#   description: '? HIP cross-id number, van Leeuwen, Cat. I/311 (hip_original_ext_source_id)'
#   meta: !!omap
#   - {ucd: ID_NUMBER}
#   - {width: 6}
#   - values: {'null': -2147483648}
# - name: TYC2
#   datatype: string
#   description: Tycho-2 cross-id name, Hog et al., Cat. I/259 (tyc2_original_ext_source_id)
#   meta: !!omap
#   - {ucd: ID_CROSSID}
#   - {_votable_string_dtype: char}
# - name: Source
#   datatype: int64
#   description: Source identifier, identical to the Gaia-EDR3 source_id (id)
#   meta: !!omap
#   - {ucd: ID_MAIN}
#   - {width: 19}
# - name: rgeo
#   unit: pc
#   datatype: float64
#   format: '{:15.8f}'
#   description: '? Median of the geometric distance posterior (r_med_geo)'
#   meta: !!omap
#   - {ucd: PHYS_DISTANCE_TRUE}
#   - {width: 15}
#   - {precision: '8'}
#   - values: {'null': .nan}
# - name: Plx
#   unit: mas
#   datatype: float64
#   format: '{:9.4f}'
#   description: '? Parallax (parallax)'
#   meta: !!omap
#   - {ucd: POS_PARLX_TRIG}
#   - {width: 9}
#   - {precision: '4'}
#   - values: {'null': .nan}
# - name: e_Plx
#   unit: mas
#   datatype: float32
#   format: '{:7.4f}'
#   description: '? Standard error of parallax (parallax_error)'
#   meta: !!omap
#   - {ucd: ERROR}
#   - {width: 7}
#   - {precision: '4'}
#   - values: {'null': .nan}
# - name: pmRA
#   unit: mas / yr
#   datatype: float64
#   format: '{:9.3f}'
#   description: '? Proper motion in right ascension direction, pmRA*cosDE (pmra)'
#   meta: !!omap
#   - {ucd: POS_EQ_PMRA}
#   - {width: 9}
#   - {precision: '3'}
#   - values: {'null': .nan}
# - name: pmDE
#   unit: mas / yr
#   datatype: float64
#   format: '{:9.3f}'
#   description: '? Proper motion in declination direction (pmdec)'
#   meta: !!omap
#   - {ucd: POS_EQ_PMDEC}
#   - {width: 9}
#   - {precision: '3'}
#   - values: {'null': .nan}
# - name: e_pmRA
#   unit: mas / yr
#   datatype: float32
#   format: '{:6.3f}'
#   description: '? Standard error of proper motion in right ascension direction (pmra_error)'
#   meta: !!omap
#   - {ucd: ERROR}
#   - {width: 6}
#   - {precision: '3'}
#   - values: {'null': .nan}
# - name: e_pmDE
[...]
#         value: !astropy.table.SerializedColumn {name: SkyCoord.dec}
#       distance: !astropy.table.SerializedColumn
#         __class__: astropy.coordinates.distances.Distance
#         unit: !astropy.units.Unit {unit: pc}
#         value: !astropy.table.SerializedColumn {name: SkyCoord.distance}
#       frame: icrs
#       obstime: !astropy.time.Time {format: jyear_str, in_subfmt: '*', jd1: 367701545.0, jd2: 0.0, out_subfmt: '*', precision: 3, scale: tt}
#       pm_dec: !astropy.table.SerializedColumn
#         __class__: astropy.units.quantity.Quantity
#         unit: !astropy.units.Unit {unit: mas / yr}
#         value: !astropy.table.SerializedColumn {name: SkyCoord.pm_dec}
#       pm_ra_cosdec: !astropy.table.SerializedColumn
#         __class__: astropy.units.quantity.Quantity
#         unit: !astropy.units.Unit {unit: mas / yr}
#         value: !astropy.table.SerializedColumn {name: SkyCoord.pm_ra_cosdec}
#       ra: !astropy.table.SerializedColumn
#         __class__: astropy.coordinates.angles.Longitude
#         unit: *id001
#         value: !astropy.table.SerializedColumn {name: SkyCoord.ra}
#         wrap_angle: !astropy.coordinates.Angle
#           unit: *id001
#           value: 360.0
#       representation_type: spherical
# schema: astropy-2.0
RA_ICRS_1 DE_ICRS_1 e_RA_ICRS e_DE_ICRS _r_1 HIP TYC2 Source rgeo Plx e_Plx pmRA pmDE e_pmRA e_pmDE RUWE Teff logg Gmag BP-RP BPmag RPmag RV e_RV b_rgeo B_rgeo FG e_FG FBP e_FBP FRP e_FRP RAVE5 RAVE6 e_Gmag e_BPmag e_RPmag e_BP-RP SkyCoord.ra SkyCoord.dec SkyCoord.distance SkyCoord.pm_ra_cosdec SkyCoord.pm_dec rmRA rmDE e_rmRA e_rmDE rRV e_rRV v_pec v_pec3d e_vpec e_vpec3d
[from data line 1236]
330.99687010407 60.60591879459 0.0163 0.0175 47.5312 "" "" 2203248030210129152 796.385315 1.2311 0.0195 -0.343 0.543 0.023 0.022 1.0 5874.0 4.2953 14.938132 1.338452 15.529306 14.190854 6.27 6.14 783.491394 808.772156 19938.56189 4.5846 8388.7 12.009 16704.0 13.348 "" "" 0.0027666070601598436 0.003193887 0.0038776873 0.007071574 330.99687010407 60.60591879459 796.385315 -0.3429999999999999 0.5430000000000003 1.7090508289337158 3.8486948184967043 0.40178332 0.4007833 29.75923076923077 17.276922 15.896314469032353 33.738770423278595 6.373598432406855 15.532144417869155
331.91090108491 60.99739671192 0.0177 0.0173 12.109 "" "" 2203095816573297920 739.715698 1.3293 0.0198 -7.827 1.715 0.021 0.021 1.04 5963.9 4.5137 14.94121 1.205007 15.459205 14.254198 "" "" 727.62323 750.559265 19882.12832 4.6395 8948.2 17.896 15757.0 14.177 "" "" 0.002766943997614124 0.0035355522 0.0039035873 0.0074391393 331.91090108491 60.99739671192 739.715698 -7.827 1.715000000000002 -5.774949171066284 5.020694818496704 0.3997833 0.3997833 "" "" 26.83083095177082 "" 10.72651849580382 ""
334.21177827862 61.28008329738 0.0167 0.017 57.0948 "" "" 2204574316110838016 814.337463 1.2006 0.0188 -8.275 -4.008 0.02 0.02 0.981 4915.5 4.1324 14.941552 1.639146 15.718923 14.079777 -16.58 6.32 803.775635 826.318237 19875.86367 6.6856 7044.5 11.542 18503.0 23.533 "" "" 0.002779418159236349 0.0033090159 0.004023753 0.007332769 334.21177827862 61.28008329738 814.337463 -8.275 -4.007999999999999 -6.2229491710662845 -0.7023051815032959 0.39878333 0.39878333 6.909230769230771 17.456923 24.172818923977207 25.140856082358766 9.6397171329008 10.436578284390462
331.42987347012 61.639342931 0.0174 0.0163 40.639 "" "" 2203377772584521728 949.652344 1.0271 0.0189 -3.583 -2.403 0.024 0.021 0.984 5391.0 3.8311 14.942977 1.485275 15.617972 14.132697 "" "" 931.332642 966.651672 19849.79386 22.626 7730.9 39.986 17623.0 58.849 "" "" 0.0030204988719875277 0.0062706373 0.005237263 0.0115079 331.42987347012 61.639342931 949.652344 -3.583 -2.403 -1.5309491710662844 0.9026948184967041 0.4027833 0.3997833 "" "" 8.000085959052203 "" 3.2161267388218038 ""
330.85330090266 61.39295598526 0.0165 0.0184 44.7158 "" "" 2203345268271353344 698.775085 1.4081 0.0193 1.271 1.377 0.022 0.02 1.051 5699.4 4.4084 14.943529 1.341362 15.534446 14.193084 7.34 6.69 689.407776 707.569702 19839.69665 4.8174 8349.1 11.812 16670.0 10.652 "" "" 0.0027679039850468396 0.0031850475 0.0038425322 0.0070275795 330.85330090266 61.39295598526 698.775085 1.271 1.3770000000000002 3.3230508289337157 4.682694818496704 0.4007833 0.39878333 30.82923076923077 17.826923 19.01854054845159 36.22356076389485 7.597037577919975 15.687723067795057
332.59440164206 60.60332361788 0.0171 0.0176 31.0163 "" "" 2203028849442084352 946.530334 1.0297 0.02 0.472 -0.103 0.023 0.021 0.962 5986.0 4.1956 14.943819 1.257473 15.491455 14.233982 -7.5 6.82 930.455078 963.664368 19834.4005 7.4315 8686.3 11.931 16053.0 13.854 "" "" 0.0027851887238784 0.0031637063 0.0038938043 0.0070575103 332.59440164206 60.60332361788 946.530334 0.47199999999999964 -0.10300000000000015 2.524050828933716 3.202694818496704 0.40178332 0.3997833 15.989230769230769 17.956923 18.29506758824882 24.297427819633675 7.328103384130129 13.041561791363526
332.45509303646 61.62506748077 0.0164 0.0156 32.1543 "" "" 2204815173573904512 979.211609 0.9974 0.0181 -0.435 -0.174 0.023 0.02 0.965 5682.7 4.177 14.945467 1.280859 15.508592 14.227733 -27.69 10.25 961.286194 994.346619 19804.31199 4.3388 8550.3 10.071 16146.0 12.421 "" "" 0.002765568677332268 0.0030692792 0.003870577 0.0069398563 332.45509303646 61.62506748077 979.211609 -0.4349999999999997 -0.174 1.6170508289337158 3.131694818496704 0.40178332 0.39878333 -4.200769230769232 21.386923 16.3590113026468 16.88975171310411 6.534062038710365 8.267271734595266
330.66584529087 60.66260746045 0.0169 0.0169 53.6902 "" "" 2203251397464396032 1022.71991 0.9497 0.0188 -3.28 -1.789 0.024 0.02 1.012 6047.2 4.1559 14.947382 1.238493 15.485188 14.246695 "" "" 1003.27783 1043.55579 19769.4197 8.1 8736.6 17.155 15866.0 15.128 "" "" 0.002791000283654249 0.0035114337 0.003918601 0.0074300347 330.66584529087 60.66260746045 1022.71991 -3.280000000000003 -1.7890000000000006 -1.227949171066284 1.5166948184967042 0.4027833 0.39878333 "" "" 9.460110310534313 "" 3.787562242391501 ""
334.28509038159 60.64781505526 0.0163 0.0174 64.5892 "" "" 2201527981705649024 738.113647 1.3318 0.0191 -6.777 -3.758 0.024 0.024 0.971 6276.3 4.4649 14.947946 1.376628 15.562631 14.186003 -20.67 7.29 727.890381 746.626892 19759.16044 7.4683 8135.1 16.956 16779.0 24.363 "" "" 0.002785712560606454 0.0035925233 0.0040949997 0.007687523 334.28509038159 60.64781505526 738.113647 -6.776999999999999 -3.757999999999999 -4.724949171066284 -0.4523051815032959 0.4027833 0.4027833 2.819230769230767 18.426922 16.60655387277012 16.844159036870728 6.688842644449388 7.280055506239554
331.47010056527 60.46656861972 0.0166 0.0169 44.5204 "" "" 2203049224767684096 800.732605 1.2232 0.0191 6.76 5.573 0.023 0.021 1.028 5510.7 4.3335 14.94814 1.315977 15.530446 14.214469 -15.54 10.4 789.751038 811.381104 19755.62167 4.6467 8379.9 13.687 16344.0 14.876 "" "" 0.0027671295147820942 0.0033060259 0.0039064432 0.0072124694 331.47010056527 60.46656861972 800.732605 6.76 5.573 8.812050828933716 8.878694818496704 0.40178332 0.3997833 7.94923076923077 21.536922 47.478837483796255 48.13969545640294 19.028427406793593 19.10119692179189
330.65635234555 61.05660556965 0.017 0.0163 47.0127 "" "" 2203320013863799296 946.676147 1.0292 0.0194 -2.285 -3.797 0.024 0.02 0.951 5937.4 4.3007 14.949921 1.145646 15.431992 14.286345 "" "" 931.407837 965.743652 19723.24675 7.2278 9175.3 24.204 15297.0 19.466 "" "" 0.0027838997516134293 0.0039985282 0.0040240097 0.008022537 330.65635234555 61.05660556965 946.676147 -2.285 -3.796999999999998 -0.23294917106628432 -0.49130518150329605 0.4027833 0.39878333 "" "" 2.439865306736424 "" 0.9747762458441145 ""
332.27721901606 60.82801083415 0.0176 0.0174 16.0918 "" "" 2203083584506660864 813.010193 1.1981 0.0192 -5.269 2.827 0.022 0.021 0.997 5439.8 4.3344 14.95016 1.358513 15.531382 14.172869 -1.37 8.58 801.14032 828.083862 19718.9021 5.1074 8372.7 29.225 16983.0 62.328 "" "" 0.002769633974119085 0.004706106 0.005491937 0.010198044 332.27721901606 60.82801083415 813.010193 -5.269 2.827 -3.2169491710662843 6.132694818496704 0.4007833 0.3997833 22.119230769230768 19.716923 26.68751080833668 34.66242350107061 10.674985825055026 15.02858273358913
331.51640233212 60.97604579567 0.0184 0.0168 23.1742 "" "" 2203285585404978944 698.701599 1.4059 0.0194 11.034 -0.891 0.021 0.02 1.078 5289.1 4.3882 14.956309 1.240911 15.497821 14.25691 "" "" 690.317078 708.90564 19607.52889 4.7477 8635.5 14.209 15718.0 12.358 "" "" 0.00276783380127605 0.003313094 0.0038745876 0.0071876813 331.51640233212 60.97604579567 698.701599 11.033999999999999 -0.891000000000006 13.086050828933717 2.414694818496704 0.3997833 0.39878333 "" "" 44.07063310073022 "" 17.617254332830502 ""
332.90579722857 61.18936608028 0.0288 0.0312 19.1187 "" "" 2204597027898801408 798.775208 1.2331 0.0349 -1.463 -3.316 0.038 0.036 2.113 5146.8 4.2699 14.958562 1.496478 15.60731 14.110832 -61.53 6.36 778.885986 819.704041 19566.90237 27.108 7807.2 28.473 17981.0 63.684 "" "" 0.0031391631939084183 0.004843993 0.0053917323 0.010235725 332.90579722857 61.18936608028 798.775208 -1.4630000000000003 -3.316 0.5890508289337157 -0.010305181503295735 0.4167833 0.4147833 -38.04076923076923 17.496923 2.2306022705168127 38.10611119174815 0.9296764203306026 17.467005599302208
331.11451765108 60.43968778348 0.0204 0.0207 52.0244 "" "" 2203055375151709440 794.768494 1.2363 0.0236 -0.731 -7.512 0.027 0.025 1.249 6023.6 4.3742 14.958699 1.331597 15.408518 14.07692 "" "" 780.266052 810.886902 19564.42139 8.8271 9375.8 119.62 18552.0 361.02 "" "" 0.00279852745689031 0.014130442 0.021463674 0.035594117 331.11451765108 60.43968778348 794.768494 -0.7310000000000003 -7.511999999999999 1.321050828933716 -4.2063051815032955 0.40578333 0.40378332 "" "" 16.60912555200568 "" 6.709476967892826 ""
330.37100848744 60.96213534977 0.0188 0.0167 55.8962 "" "" 2203320323101401728 743.430359 1.3162 0.0196 5.016 -12.686 0.027 0.02 0.977 5669.7 4.4506 14.959879 1.208457 15.480897 14.27244 "" "" 734.0047 753.992798 19543.18121 5.0038 8771.2 8.8735 15495.0 13.314 "" "" 0.002769308176214997 0.002998588 0.0038928208 0.006891409 330.37100848744 60.96213534977 743.430359 5.015999999999999 -12.686000000000018 7.068050828933716 -9.380305181503296 0.40578333 0.39878333 "" "" 41.38810100358117 "" 16.610388424175294 ""
332.70757164492 62.06678722624 0.018 0.0171 59.5336 "" "" 2204903482405544448 861.448975 1.135 0.019 -5.615 -2.708 0.022 0.022 1.018 5911.9 4.372 14.960876 1.14837 15.44698 14.298611 "" "" 846.16394 879.451538 19525.2556 4.6828 9049.5 12.936 15126.0 16.963 "" "" 0.0027675973567913557 0.0031927794 0.0039706756 0.007163455 332.70757164492 62.06678722624 861.448975 -5.615000000000003 -2.7079999999999993 -3.5629491710662844 0.5976948184967039 0.4007833 0.4007833 "" "" 14.75176104513517 "" 5.912259478378186 ""
333.47993737955 61.51925624674 0.0161 0.0162 43.0134 "" "" 2204637705525603456 912.364929 1.0665 0.0179 -11.454 -13.56 0.021 0.021 1.068 6043.8 4.2186 14.96244 1.240556 15.499084 14.258529 "" "" 900.35614 929.143616 19497.12253 4.4642 8625.5 12.092 15694.0 14.658 "" "" 0.0027665123010351925 0.0031783301 0.0039130617 0.007091392 333.47993737955 61.51925624674 912.364929 -11.454 -13.559999999999997 -9.401949171066285 -10.254305181503296 0.3997833 0.3997833 "" "" 60.16454283909905 "" 24.052780277853604 ""
333.93267998223 60.40659303371 0.0196 0.0181 63.835 "" "" 2201497538976988800 1038.46851 0.9333 0.0214 -3.746 -5.789 0.024 0.023 0.973 6888.7 3.8066 14.962848 1.806437 15.838173 14.031736 -11.55 9.63 1015.30835 1061.38281 19489.80738 6.0662 6311.7 16.355 19340.0 14.984 "" "" 0.0027759664289655995 0.0039623426 0.0038718642 0.007834207 333.93267998223 60.40659303371 1038.46851 -3.7460000000000004 -5.789 -1.6939491710662842 -2.4833051815032956 0.4027833 0.40178332 11.939230769230768 20.766922 14.796746548768423 19.012862482788776 5.949788542324057 13.838377287150626
331.45888915442 60.74521516496 0.0184 0.0176 31.7653 "" "" 2203068981617137536 1010.41431 0.9674 0.0202 -2.673 -3.25 0.026 0.023 1.066 5954.8 4.2008 14.964435 1.207637 15.481012 14.273376 "" "" 986.019104 1031.58228 19461.3473 6.6842 8770.2 18.17 15481.0 21.65 "" "" 0.002780440472494473 0.0035839807 0.0040729884 0.007656969 331.45888915442 60.74521516496 1010.41431 -2.672999999999997 -3.2499999999999973 -0.6209491710662842 0.0556948184967041 0.4047833 0.40178332 "" "" 2.985890020984426 "" 1.2085672166257198 ""
334.23830552088 61.25822959826 0.0179 0.0173 57.6313 "" "" 2204562496360861952 823.81427 1.1889 0.0197 -0.951 -3.138 0.022 0.022 1.049 5358.7 4.1134 14.966389 1.759452 15.787601 14.02815 -12.74 5.43 810.209595 837.709717 19426.36057 20.642 6612.7 59.153 19404.0 102.0 "" "" 0.0029870993421373874 0.010105141 0.0068452447 0.016950386 334.23830552088 61.25822959826 823.81427 -0.9510000000000015 -3.138 1.1010508289337158 0.1676948184967042 0.4007833 0.4007833 10.749230769230769 16.566923 4.349051665630027 11.595698017820954 1.7430272801603637 15.37147216105687
333.8581038623 61.69642751725 0.0176 0.017 58.0182 "" "" 2204645028454041088 997.263977 0.9767 0.0197 1.124 5.937 0.023 0.02 1.147 7990.8 4.0454 14.966915 1.669834 15.753227 14.083393 -24.1 4.93 976.575684 1015.77679 19416.92985 7.4202 6825.4 14.55 18442.0 18.414 "" "" 0.002786385477123845 0.0036251908 0.00393179 0.007556981 333.8581038623 61.69642751725 997.263977 1.124 5.937000000000001 3.176050828933716 9.242694818496705 0.40178332 0.39878333 -0.6107692307692325 16.066923 46.19804483033501 46.202082043982585 18.437696051064535 18.437308377381843
333.66791055561 61.4371579813 0.0169 0.0169 45.0993 "" "" 2204624412610853888 844.218079 1.1474 0.0193 -1.718 -2.766 0.021 0.02 1.07 10021.6 4.1524 14.968032 2.350551 16.217558 13.867007 "" "" 830.794373 858.233093 19396.97385 143.36 4450.3 136.96 22509.0 508.58 "" "" 0.008484367407437994 0.03353032 0.024821104 0.058351427 333.66791055561 61.4371579813 844.218079 -1.7180000000000004 -2.766 0.33405082893371585 0.5396948184967041 0.3997833 0.39878333 "" "" 2.5398631005957886 "" 1.013559210474798 ""
332.25459051945 62.10737440747 0.0253 0.0232 60.6728 "" "" 2204892384209238016 948.502014 1.028 0.0268 3.51 -8.802 0.03 0.028 1.532 5897.8 4.2 14.970038 1.324836 15.54989 14.225054 -58.65 6.34 924.652588 971.208801 19361.16511 6.2923 8231.2 14.174 16186.0 13.127 "" "" 0.0027778227961409623 0.00335865 0.0038806032 0.0072392533 332.25459051945 62.10737440747 948.502014 3.5099999999999967 -8.802 5.562050828933716 -5.4963051815032955 0.40878332 0.4067833 -35.16076923076923 17.476923 35.156031425845576 49.72148668849766 14.336504136478032 15.98423678419968
333.75420188966 60.49548886654 0.0209 0.0212 56.3522 "" "" 2201501421627359488 820.465088 1.1835 0.0237 5.211 -1.702 0.027 0.024 1.271 5412.3 4.1002 14.970562 1.921542 15.918088 13.996546 -69.33 3.24 808.003601 839.506104 19351.82108 8.0491 5863.8 12.643 19977.0 17.533 "" "" 0.0027920831035890634 0.0036421388 0.0038976604 0.0075397994 333.75420188966 60.49548886654 820.465088 5.211 -1.702 7.263050828933716 1.6036948184967041 0.40578333 0.4027833 -45.840769230769226 14.376923 28.92638956389064 54.2043553311964 11.733826639348088 13.676324063985778
334.02677303107 61.02428201812 0.0172 0.0174 51.0581 "" "" 2204550951488858368 739.813232 1.3268 0.0193 4.943 8.252 0.024 0.022 1.044 5332.9 4.3894 14.972152 1.354445 15.577298 14.222854 -28.59 5.52 728.76709 749.154419 19323.51704 4.539 8026.0 12.262 16219.0 12.709 "" "" 0.0027670980850876435 0.0032460082 0.003873956 0.007119964 334.02677303107 61.02428201812 739.813232 4.943000000000002 8.252000000000011 6.995050828933715 11.557694818496705 0.4027833 0.4007833 -5.100769230769231 16.656923 47.374540750649665 47.64834685569404 19.0123731572402 18.987035453942788
330.74461730923 61.41000341172 0.0168 0.0182 47.9905 "" "" 2203345921106335744 755.679199 1.2995 0.0198 4.762 12.43 0.022 0.02 1.026 5874.9 4.3689 14.972559 1.293439 15.540246 14.246807 -13.72 12.01 745.984009 764.680298 19316.26504 4.8591 8304.6 14.532 15865.0 13.408 "" "" 0.002768823781686649 0.0033755994 0.0038891768 0.007264776 330.74461730923 61.41000341172 755.679199 4.762 12.43 6.814050828933715 15.735694818496704 0.4007833 0.39878333 9.769230769230768 23.146923 61.42165478939873 62.193709865954716 24.513370199462535 24.48057313604742
333.0126760709 61.18725387645 0.0176 0.0174 22.0659 "" "" 2204596856100144000 890.293274 1.1019 0.0212 -1.405 -3.705 0.023 0.02 1.032 5159.2 4.1587 14.973357 1.569115 15.693784 14.124669 -28.28 12.01 873.151367 915.453674 19302.06654 37.035 7209.5 55.91 17754.0 100.26 "" "" 0.003454207476115978 0.008870193 0.0072025782 0.01607277 333.0126760709 61.18725387645 890.293274 -1.4049999999999976 -3.7049999999999987 0.6470508289337158 -0.39930518150329597 0.40178332 0.39878333 -4.790769230769232 23.146923 3.208634190146988 5.766004091974392 1.286528077164526 19.2452818114821
