Clusters/Alessi_Teutsch_5/Alessi_Teutsch_5_members.tsv
# %ECSV 1.0
# ---
# datatype:
# - name: RA_ICRS_1
#   unit: deg
#   datatype: float64
#   format: '{:15.11f}'
#   description: Right ascension (ICRS) at Ep=2016.0 (ra)
#   meta: !!omap
#   - {ucd: POS_EQ_RA_MAIN}
#   - {width: 15}
#   - {precision: '11'}
# - name: DE_ICRS_1
#   unit: deg
#   datatype: float64
#   format: '{:15.11f}'
#   description: Declination (ICRS) at Ep=2016.0 (dec)
#   meta: !!omap
#   - {ucd: POS_EQ_DEC_MAIN}
#   - {width: 15}
#   - {precision: '11'}
# - name: e_RA_ICRS
#   unit: mas
#   datatype: float64
#   format: '{:7.4f}'
#   description: Standard error of right ascension (ra_error)
#   meta: !!omap
#   - {ucd: ERROR}
#   - {width: 7}
#   - {precision: '4'}
# - name: e_DE_ICRS
#   unit: mas
#   datatype: float64
#   format: '{:7.4f}'
#   description: Standard error of declination (dec_error)
#   meta: !!omap
#   - {ucd: ERROR}
#   - {width: 7}
#   - {precision: '4'}
# - name: _r_1
#   unit: ''
#   datatype: float64
#   format: '{:7.4f}'
#   description: Distance from center (332.27441309000+61.09620481000)[ICRS], at Epoch=J2016.0
#   meta: !!omap
#   - {ucd: POS_ANG_DIST_GENERAL}
#   - {width: 7}
#   - {precision: '4'}
# - name: HIP
#   datatype: int32
#   description: '? HIP cross-id number, van Leeuwen, Cat. I/311 (hip_original_ext_source_id)'
#   meta: !!omap
#   - {ucd: ID_NUMBER}
#   - {width: 6}
#   - values: {'null': -2147483648}
# - name: TYC2
#   datatype: string
#   description: Tycho-2 cross-id name, Hog et al., Cat. I/259 (tyc2_original_ext_source_id)
#   meta: !!omap
#   - {ucd: ID_CROSSID}
#   - {_votable_string_dtype: char}
# - name: Source
#   datatype: int64
#   description: Source identifier, identical to the Gaia-EDR3 source_id (id)
#   meta: !!omap
#   - {ucd: ID_MAIN}
#   - {width: 19}
# - name: rgeo
#   unit: pc
#   datatype: float64
#   format: '{:15.8f}'
#   description: '? Median of the geometric distance posterior (r_med_geo)'
#   meta: !!omap
#   - {ucd: PHYS_DISTANCE_TRUE}
#   - {width: 15}
#   - {precision: '8'}
#   - values: {'null': .nan}
# - name: Plx
#   unit: mas
#   datatype: float64
#   format: '{:9.4f}'
#   description: '? Parallax (parallax)'
#   meta: !!omap
#   - {ucd: POS_PARLX_TRIG}
#   - {width: 9}
#   - {precision: '4'}
#   - values: {'null': .nan}
# - name: e_Plx
#   unit: mas
#   datatype: float32
#   format: '{:7.4f}'
#   description: '? Standard error of parallax (parallax_error)'
#   meta: !!omap
#   - {ucd: ERROR}
#   - {width: 7}
#   - {precision: '4'}
#   - values: {'null': .nan}
# - name: pmRA
#   unit: mas / yr
#   datatype: float64
#   format: '{:9.3f}'
#   description: '? Proper motion in right ascension direction, pmRA*cosDE (pmra)'
#   meta: !!omap
#   - {ucd: POS_EQ_PMRA}
#   - {width: 9}
#   - {precision: '3'}
#   - values: {'null': .nan}
# - name: pmDE
#   unit: mas / yr
#   datatype: float64
#   format: '{:9.3f}'
#   description: '? Proper motion in declination direction (pmdec)'
#   meta: !!omap
#   - {ucd: POS_EQ_PMDEC}
#   - {width: 9}
#   - {precision: '3'}
#   - values: {'null': .nan}
# - name: e_pmRA
#   unit: mas / yr
#   datatype: float32
#   format: '{:6.3f}'
#   description: '? Standard error of proper motion in right ascension direction (pmra_error)'
#   meta: !!omap
#   - {ucd: ERROR}
#   - {width: 6}
#   - {precision: '3'}
#   - values: {'null': .nan}
# - name: e_pmDE
[...]
#       distance: !astropy.table.SerializedColumn
#         __class__: astropy.coordinates.distances.Distance
#         unit: !astropy.units.Unit {unit: pc}
#         value: !astropy.table.SerializedColumn {name: SkyCoord.distance}
#       frame: icrs
#       obstime: !astropy.time.Time {format: jyear_str, in_subfmt: '*', jd1: 367701545.0, jd2: 0.0, out_subfmt: '*', precision: 3, scale: tt}
#       pm_dec: !astropy.table.SerializedColumn
#         __class__: astropy.units.quantity.Quantity
#         unit: !astropy.units.Unit {unit: mas / yr}
#         value: !astropy.table.SerializedColumn {name: SkyCoord.pm_dec}
#       pm_ra_cosdec: !astropy.table.SerializedColumn
#         __class__: astropy.units.quantity.Quantity
#         unit: !astropy.units.Unit {unit: mas / yr}
#         value: !astropy.table.SerializedColumn {name: SkyCoord.pm_ra_cosdec}
#       ra: !astropy.table.SerializedColumn
#         __class__: astropy.coordinates.angles.Longitude
#         unit: *id001
#         value: !astropy.table.SerializedColumn {name: SkyCoord.ra}
#         wrap_angle: !astropy.coordinates.Angle
#           unit: *id001
#           value: 360.0
#       representation_type: spherical
# schema: astropy-2.0
RA_ICRS_1 DE_ICRS_1 e_RA_ICRS e_DE_ICRS _r_1 HIP TYC2 Source rgeo Plx e_Plx pmRA pmDE e_pmRA e_pmDE RUWE Teff logg Gmag BP-RP BPmag RPmag RV e_RV b_rgeo B_rgeo FG e_FG FBP e_FBP FRP e_FRP RAVE5 RAVE6 e_Gmag e_BPmag e_RPmag e_BP-RP SkyCoord.ra SkyCoord.dec SkyCoord.distance SkyCoord.pm_ra_cosdec SkyCoord.pm_dec rmRA rmDE e_rmRA e_rmDE rRV e_rRV v_pec v_pec3d e_vpec e_vpec3d Pmemb
331.99867408038 61.12277984156 0.0129 0.013 8.1507 "" 4263-2408-1 2203291048603716736 878.744141 1.1222 0.0141 -2.318 -3.558 0.017 0.017 0.905 15167.2 3.8859 9.656996 0.209326 9.713475 9.504149 "" "" 867.915466 888.995728 2583142.44657 583.95 1778400.0 1313.8 1251700.0 542.36 "" "" 0.002766230636730738 0.0029031707 0.0038085494 0.00671172 331.99867408038 61.12277984156 878.744141 -2.318000000000001 -3.5579999999999994 -0.26594917106628424 -0.25230518150329573 0.3957833 0.3957833 "" "" 1.526930244391892 "" 0.604333498886637 "" 0.8
331.97249519318 61.00351092357 0.012 0.0111 10.3836 "" 4263-2227-1 2203101653418751232 868.822205 1.1409 0.0124 -1.674 -3.336 0.014 0.013 0.964 "" "" 10.62009 0.453475 10.780088 10.326613 -18.74 5.77 861.026611 877.71582 1063923.97937 235.09 665860.0 393.38 586830.0 378.05 "" "" 0.0027657451223886257 0.002862951 0.003843562 0.006706513 331.97249519318 61.00351092357 868.822205 -1.674 -3.336 0.3780508289337159 -0.030305181503295753 0.3927833 0.39178333 4.7492307692307705 9.648036 1.561889656138186 4.999469191560216 0.613474235514308 9.167126561282918 0.8
331.86305629498 61.14079727805 0.0113 0.0114 12.2176 "" 4263-1184-1 2203293969181439104 875.670471 1.131 0.0128 -1.78 -3.464 0.015 0.014 0.974 12317.4 3.9883 10.699621 0.324928 10.808018 10.483089 "" "" 864.329224 886.296448 988777.04334 179.68 648950.0 267.82 508070.0 131.29 "" "" 0.002762375144320534 0.0028259202 0.0037897816 0.006615702 331.86305629498 61.14079727805 875.670471 -1.7800000000000007 -3.4639999999999995 0.2720508289337158 -0.15830518150329587 0.3937833 0.3927833 "" "" 1.3064563828535252 "" 0.5141305540562818 "" 0.9
332.09489494045 61.15342087234 0.0133 0.0127 6.2321 "" 4263-1239-1 2203291941956922112 914.692749 1.0401 0.0146 -1.973 -3.363 0.017 0.017 0.972 "" "" 11.1713 0.337646 11.286555 10.94891 -10.62 14.17 903.395996 925.489136 640363.98188 171.25 417630.0 232.42 330820.0 107.52 "" "" 0.0027705766388763367 0.0028548464 0.0037958198 0.0066506662 332.09489494045 61.15342087234 914.692749 -1.9729999999999999 -3.363 0.07905082893371573 -0.05730518150329589 0.3957833 0.3957833 12.86923076923077 18.048037 0.4233177631482443 12.876191149571865 0.16754210343520098 18.03828133255858 0.9
331.57353922614 60.9732157008 0.0254 0.0244 21.6607 "" 4263-420-1 2203282596107756416 820.048645 1.169 0.0277 -1.84 -2.909 0.029 0.028 1.642 12593.7 4.0246 11.241217 0.428362 11.387643 10.959281 "" "" 801.602173 837.65033 600426.89013 233.15 380500.0 362.83 327680.0 249.5 "" "" 0.0027873885838856044 0.002976059 0.0038687403 0.006844799 331.57353922614 60.9732157008 820.048645 -1.8399999999999987 -2.908999999999998 0.21205082893371574 0.3966948184967043 0.40778333 0.4067833 "" "" 1.7484394693067022 "" 0.7116249434033987 "" 1.0
331.74242958784 60.5581072514 0.0118 0.012 35.839 "" 4263-2300-1 2203050667876712832 786.221741 1.2161 0.0134 -2.309 -3.612 0.016 0.015 0.926 "" "" 11.247845 0.49991 11.42727 10.92736 "" "" 777.386414 794.58905 596772.79324 169.05 366870.0 190.94 337450.0 85.619 "" "" 0.0027724326550940437 0.0028468163 0.0037894081 0.0066362247 331.74242958784 60.5581072514 786.221741 -2.309000000000001 -3.6119999999999997 -0.25694917106628434 -0.306305181503296 0.39478332 0.3937833 "" "" 1.4899576518356337 "" 0.5873363251662828 "" 0.8
331.1495004456 61.02805369573 0.0088 0.0094 32.9127 "" 4263-1543-1 2203275518000963584 893.859375 1.0732 0.0102 -2.282 -3.384 0.012 0.012 0.881 "" "" 11.90274 0.508726 12.086914 11.578188 -52.21 21.28 886.229126 902.983337 326475.66589 48.389 199830.0 151.66 185300.0 62.861 "" "" 0.0027600155533693614 0.0029093036 0.0037972871 0.0067065908 331.1495004456 61.02805369573 893.859375 -2.2820000000000005 -3.3840000000000003 -0.2299491710662842 -0.0783051815032958 0.3907833 0.3907833 -28.720769230769232 25.158037 1.029210424296945 28.739204221839238 0.4021982562279339 25.141903488498286 0.9
331.91621709509 61.34325484986 0.0098 0.0103 18.0772 "" "" 2203309534142830976 864.646362 1.1221 0.0117 -2.136 -3.244 0.014 0.012 0.986 "" "" 12.069531 0.437134 12.225947 11.788814 -26.43 30.64 855.040894 873.198059 279984.63509 62.582 175810.0 123.58 152630.0 86.389 "" "" 0.002765987073982514 0.0028926625 0.0038290173 0.00672168 331.91621709509 61.34325484986 864.646362 -2.135999999999999 -3.244 -0.0839491710662843 0.061694818496703885 0.3927833 0.3907833 -2.940769230769231 34.518036 0.4269785381698908 2.971604674363121 0.1674110693708257 34.15986113208021 1.0
332.07491141003 61.04672522486 0.0092 0.0085 6.5069 "" "" 2203102203174564992 857.882935 1.1496 0.0097 -1.355 -3.418 0.011 0.011 0.934 8171.8 4.0511 12.248711 0.698257 12.51746 11.819202 -31.94 7.0 852.059631 864.714111 237390.13964 35.637 134410.0 61.161 148410.0 37.208 "" "" 0.0027601368380076804 0.0028335718 0.0037891718 0.006622744 332.07491141003 61.04672522486 857.882935 -1.355 -3.4179999999999997 0.6970508289337158 -0.11230518150329605 0.38978332 0.38978332 -8.450769230769232 10.878036 2.8710159349487867 8.925146110313593 1.1190741309680319 10.306150168405084 0.9
331.57643221515 60.8589124991 0.0086 0.0087 24.8093 "" "" 2203280775041680768 881.559814 1.1166 0.0099 -1.526 -3.293 0.011 0.011 0.93 8193.4 4.0766 12.641551 0.665007 12.893447 12.22844 "" "" 874.120972 891.994141 165320.37115 23.108 95069.0 63.759 101810.0 41.599 "" "" 0.0027594964790246188 0.00288362 0.0038053293 0.0066889497 331.57643221515 60.8589124991 881.559814 -1.525999999999999 -3.292999999999999 0.5260508289337158 0.012694818496703952 0.38978332 0.38978332 "" "" 2.198792557914077 "" 0.8570526693961255 "" 0.8
331.24432972975 60.90531160558 0.0101 0.0092 32.077 "" "" 2203262083343385728 868.455078 1.1332 0.0103 -1.691 -3.412 0.013 0.012 0.965 "" "" 12.647446 0.587091 12.867765 12.280674 "" "" 859.027527 874.977417 164425.19313 26.794 97344.0 47.652 97026.0 34.988 "" "" 0.002760994835127035 0.00284034 0.0037996073 0.006639947 331.24432972975 60.90531160558 868.455078 -1.691 -3.412 0.36105082893371576 -0.10630518150329582 0.39178333 0.3907833 "" "" 1.5493409824019146 "" 0.6068825091127982 "" 0.8
331.68300199128 60.99982257592 0.0117 0.0115 18.1245 "" "" 2203284172349530624 895.175598 1.0989 0.0123 -1.998 -3.419 0.015 0.014 0.963 9477.0 4.2421 12.820486 0.673816 13.078933 12.405117 "" "" 884.618591 904.498291 140201.36152 42.381 80139.0 87.559 86519.0 59.974 "" "" 0.0027747985458734686 0.0030318755 0.0038535912 0.0068854666 331.68300199128 60.99982257592 895.175598 -1.9979999999999996 -3.418999999999999 0.05405082893371582 -0.11330518150329594 0.3937833 0.3927833 "" "" 0.532670406301341 "" 0.20932289447918107 "" 0.9
330.49411591666 60.89862891515 0.0127 0.0117 53.1281 "" "" 2203316406091313792 818.171692 1.2026 0.0137 -1.693 -3.023 0.016 0.013 1.1 "" "" 12.883947 0.712954 13.154762 12.441809 "" "" 808.751221 828.855164 132241.52335 65.864 74733.0 115.91 83644.0 143.79 "" "" 0.00280788368259477 0.0032589543 0.0042151385 0.0074740928 330.49411591666 60.89862891515 818.171692 -1.6930000000000003 -3.0230000000000006 0.35905082893371576 0.28269481849670397 0.39478332 0.39178333 "" "" 1.7722429072699328 "" 0.6976221262573902 "" 0.8
332.33117310045 60.99326329957 0.0114 0.0115 6.3928 "" "" 2203098565352818304 880.354004 1.1176 0.0128 -1.973 -3.46 0.014 0.013 1.055 "" "" 12.900761 0.81109 13.221249 12.410158 "" "" 871.826294 890.004089 130209.43064 22.854 70294.0 39.562 86118.0 27.923 "" "" 0.0027619023480679066 0.0028562988 0.0037957423 0.0066520413 332.33117310045 60.99326329957 880.354004 -1.972999999999999 -3.4599999999999995 0.07905082893371573 -0.15430518150329586 0.3927833 0.39178333 "" "" 0.7234755111694086 "" 0.28359619704207883 "" 0.8
330.86963810715 60.50994700735 0.0113 0.0121 54.1075 "" "" 2203245968625837184 800.528748 1.233 0.0133 -2.388 -3.004 0.015 0.015 0.99 5896.5 3.7729 12.987084 1.242977 13.527457 12.28448 -22.23 2.48 793.003479 810.096069 120257.74269 21.008 53019.0 33.73 96687.0 33.668 "" "" 0.002761840630521744 0.002874397 0.003798245 0.006672642 330.86963810715 60.50994700735 800.528748 -2.388 -3.003999999999999 -0.3359491710662841 0.3016948184967041 0.3937833 0.3937833 1.2592307692307685 6.358036 1.713342944419741 2.1263128122104753 0.6746858405957612 3.8043581814531815 0.9
333.03264986014 61.14779381496 0.009 0.0088 22.1881 "" "" 2204595820999940992 882.105347 1.1121 0.0105 -2.268 -3.527 0.011 0.01 0.931 8310.3 4.2492 13.037403 0.748628 13.328491 12.579864 "" "" 875.398621 889.067322 114811.50177 24.706 63683.0 44.396 73657.0 54.522 "" "" 0.002765208052762257 0.0028910139 0.0038638874 0.0067549013 333.03264986014 61.14779381496 882.105347 -2.2679999999999985 -3.527 -0.21594917106628397 -0.22130518150329603 0.38978332 0.3887833 "" "" 1.292857081650529 "" 0.5032722702995372 "" 1.0
332.3728146884 61.05604684678 0.0099 0.0095 3.7362 "" "" 2203100111541026944 891.082336 1.094 0.0104 -2.241 -3.244 0.013 0.011 1.009 7356.9 4.1242 13.132544 0.843841 13.467691 12.623851 "" "" 882.5401 899.487427 105179.05133 82.85 56020.0 138.3 70732.0 118.21 "" "" 0.002884999715626872 0.003869072 0.0041924003 0.008061472 332.3728146884 61.05604684678 891.082336 -2.241 -3.244 -0.18894917106628428 0.061694818496703885 0.39178333 0.38978332 "" "" 0.8395352157564837 "" 0.32875450921473254 "" 0.8
330.44377535518 61.01360424297 0.0102 0.0097 53.3873 "" "" 2203320941576685568 892.645142 1.0935 0.0118 -2.004 -3.326 0.014 0.011 0.937 6588.1 4.0133 13.249935 1.006347 13.664703 12.658357 -46.95 4.01 884.876404 902.882996 94400.15915 15.344 46724.0 24.963 68520.0 32.007 "" "" 0.0027609661050453506 0.0028498298 0.0038132593 0.006663089 330.44377535518 61.01360424297 892.645142 -2.0040000000000004 -3.3260000000000005 0.04805082893371582 -0.020305181503295966 0.3927833 0.38978332 -23.460769230769234 7.888036 0.22071712305735447 23.461807452705326 0.08659400283482348 7.887686758290303 0.8
331.84057731965 60.85475517892 0.0102 0.0102 19.219 "" "" 2203093858068269824 866.974792 1.1223 0.0112 -1.54 -3.289 0.013 0.013 1.074 7713.1 4.1364 13.461158 1.047322 13.897465 12.850143 "" "" 859.037354 876.02063 77711.18009 13.809 37708.0 21.316 57425.0 22.385 "" "" 0.0027620666081246436 0.002856877 0.003803006 0.006659883 331.84057731965 60.85475517892 866.974792 -1.5400000000000005 -3.2889999999999997 0.5120508289337158 0.016694818496703956 0.39178333 0.39178333 "" "" 2.105370786210743 "" 0.8248491709044309 "" 0.8
332.01744993397 61.08261481787 0.0167 0.0168 7.4981 "" "" 2203290017811586816 848.015015 1.1508 0.0193 -1.476 -3.178 0.021 0.021 1.71 7048.6 4.1705 13.475171 0.912839 13.843704 12.930865 -22.01 5.06 836.333862 862.838074 76714.63116 11.482 39622.0 29.287 53310.0 19.184 "" "" 0.0027601081330811236 0.0029032924 0.003799524 0.006702816 332.01744993397 61.08261481787 848.015015 -1.4759999999999993 -3.178000000000001 0.5760508289337158 0.12769481849670417 0.3997833 0.3997833 1.4792307692307674 8.938036 2.3716968298645136 2.79518684910838 0.9481648167255872 4.797995547994455 0.8
331.73633565521 60.49692103802 0.0097 0.0104 39.2557 "" "" 2203047300622371712 873.474243 1.1168 0.0114 -1.589 -3.288 0.014 0.013 0.934 7970.4 4.2787 13.479267 0.954644 13.865891 12.911246 "" "" 864.757446 882.804016 76425.80758 22.253 38820.0 42.116 54282.0 55.93 "" "" 0.002773396989123626 0.0030286207 0.0039414736 0.0069700945 331.73633565521 60.49692103802 873.474243 -1.589 -3.288 0.46305082893371585 0.01769481849670429 0.3927833 0.39178333 "" "" 1.9185537650965219 "" 0.753573111981329 "" 0.8
333.39655830269 61.10686617305 0.0171 0.0164 32.5431 "" "" 2204546656520989568 875.736084 1.1101 0.0187 -1.448 -3.588 0.024 0.022 1.867 7379.8 3.9238 13.515976 1.261888 14.065059 12.803171 -8.94 6.7 863.96051 892.639099 73885.00632 15.393 32314.0 38.888 59964.0 34.486 "" "" 0.002764589576102614 0.0030809583 0.003830617 0.0069115753 333.39655830269 61.10686617305 875.736084 -1.4479999999999995 -3.588000000000002 0.6040508289337159 -0.282305181503296 0.4027833 0.4007833 14.54923076923077 10.578035 2.7677281492136045 14.810146355937228 1.113804401398638 10.393762791719755 0.9
331.90079059016 60.91812549598 0.0104 0.0108 15.239 "" "" 2203094579622758400 874.975891 1.1152 0.0116 -2.679 -3.596 0.013 0.013 0.959 6850.2 4.1722 13.705716 1.070086 14.153545 13.08346 -14.65 5.95 866.245178 884.920532 62038.3521 11.812 29785.0 17.653 46321.0 23.851 "" "" 0.00276306415881008 0.002863413 0.0038205062 0.006683919 331.90079059016 60.91812549598 874.975891 -2.679 -3.596 -0.626949171066284 -0.290305181503296 0.39178333 0.39178333 8.839230769230769 9.828035 2.8654274501358694 9.29207592864523 1.1226266993023544 9.355477778922301 0.8
331.46781884662 60.67688924092 0.0116 0.0115 34.4583 "" "" 2203067469788680576 863.511353 1.1339 0.013 -1.548 -3.311 0.016 0.014 0.957 5722.6 4.0341 13.943249 1.359571 14.548395 13.188824 -5.14 7.16 853.776062 872.140015 49847.93201 24.743 20704.0 36.067 42037.0 54.474 "" "" 0.0028075311487714603 0.0033708143 0.004032774 0.007403588 331.46781884662 60.67688924092 863.511353 -1.548 -3.311 0.5040508289337158 -0.005305181503295842 0.39478332 0.3927833 18.34923076923077 11.038035 2.0632163964692287 18.464862082375397 0.8145229589294954 10.969290191517114 0.9
332.28221640718 60.48025712032 0.0114 0.0118 36.9576 "" "" 2203020877982428672 890.039429 1.0958 0.0139 -2.531 -3.441 0.018 0.015 1.015 5866.1 3.8386 13.959947 1.376242 14.576153 13.199911 -14.99 6.4 880.623596 900.181335 49087.1947 26.547 20182.0 40.079 41610.0 63.774 "" "" 0.0028171919022829256 0.003526186 0.004129508 0.007655694 332.28221640718 60.48025712032 890.039429 -2.5309999999999984 -3.440999999999999 -0.4789491710662843 -0.13530518150329574 0.39678332 0.3937833 8.499230769230769 10.278036 2.0996669711439533 8.754743003558236 0.8326489045462608 9.98006379701087 0.8
331.83628401387 61.09716548732 0.0138 0.0139 12.7058 "" "" 2203290808085523200 885.630798 1.1013 0.0153 -1.603 -3.396 0.018 0.017 1.123 5532.7 4.1206 14.20452 1.259813 14.737569 13.477756 -28.06 10.27 874.414551 897.992432 39186.69364 37.894 17394.0 59.1 32215.0 91.809 "" "" 0.002948579501199102 0.0046253647 0.0048844586 0.009509823 331.83628401387 61.09716548732 885.630798 -1.602999999999999 -3.3960000000000004 0.44905082893371584 -0.0903051815032958 0.39678332 0.3957833 -4.57076923076923 14.148036 1.922806252882706 4.958741296646919 0.7628628022356678 13.044447696200287 1.0
331.2994278729 61.28647623885 0.0121 0.0131 30.4135 "" "" 2203351693542923648 884.584229 1.1036 0.0141 -2.243 -3.282 0.017 0.017 1.04 5578.0 4.0805 14.263262 1.391067 14.883844 13.492778 -14.18 5.32 874.07135 896.157104 37122.90654 34.587 15201.0 53.458 31772.0 88.707 "" "" 0.00293514222803157 0.004729071 0.0048448816 0.009573953 331.2994278729 61.28647623885 884.584229 -2.2430000000000003 -3.2819999999999983 -0.19094917106628406 0.023694818496704073 0.3957833 0.3957833 9.30923076923077 9.198036 0.8067770125983111 9.344124713575368 0.31930887257984725 9.163729262238592 0.9
331.98305156498 60.93795160101 0.0143 0.0152 12.7244 "" "" 2203100523857510784 865.067322 1.13 0.0166 -2.142 -3.127 0.018 0.018 1.056 5631.6 3.8924 14.554146 1.46773 15.217905 13.750175 "" "" 852.894226 878.082947 28398.03934 35.198 11175.0 57.561 25066.0 100.85 "" "" 0.0030663896550884853 0.006249878 0.0057763318 0.012026209 331.98305156498 60.93795160101 865.067322 -2.1419999999999995 -3.127 -0.08994917106628408 0.17869481849670432 0.39678332 0.39678332 "" "" 0.8203164002653354 "" 0.32548786646700595 "" 1.0
331.98044990126 60.79852460252 0.0156 0.0171 19.8083 "" "" 2203090078497129728 873.177673 1.1165 0.0183 -2.268 -3.605 0.02 0.021 0.981 5648.9 3.8853 14.665793 1.581091 15.400406 13.819315 -24.4 6.59 862.292419 886.712341 25622.96679 19.867 9446.1 27.671 23520.0 48.395 "" "" 0.002881054706366428 0.00423092 0.0043902826 0.008621203 331.98044990126 60.79852460252 873.177673 -2.268 -3.6050000000000004 -0.21594917106628397 -0.2993051815032959 0.39878333 0.3997833 -0.9107692307692297 10.468036 1.5275577354326584 1.7784637265899257 0.610169571236143 5.386344003385126 1.0
