Clusters/Alessi_Teutsch_5/Alessi_Teutsch_5_stars_in_region.tsv
# %ECSV 1.0
# ---
# datatype:
# - name: RA_ICRS_1
#   unit: deg
#   datatype: float64
#   format: '{:15.11f}'
#   description: Right ascension (ICRS) at Ep=2016.0 (ra)
#   meta: !!omap
#   - {ucd: POS_EQ_RA_MAIN}
#   - {width: 15}
#   - {precision: '11'}
# - name: DE_ICRS_1
#   unit: deg
#   datatype: float64
#   format: '{:15.11f}'
#   description: Declination (ICRS) at Ep=2016.0 (dec)
#   meta: !!omap
#   - {ucd: POS_EQ_DEC_MAIN}
#   - {width: 15}
#   - {precision: '11'}
# - name: e_RA_ICRS
#   unit: mas
#   datatype: float64
#   format: '{:7.4f}'
#   description: Standard error of right ascension (ra_error)
#   meta: !!omap
#   - {ucd: ERROR}
#   - {width: 7}
#   - {precision: '4'}
# - name: e_DE_ICRS
#   unit: mas
#   datatype: float64
#   format: '{:7.4f}'
#   description: Standard error of declination (dec_error)
#   meta: !!omap
#   - {ucd: ERROR}
#   - {width: 7}
#   - {precision: '4'}
# - name: _r_1
#   unit: ''
#   datatype: float64
#   format: '{:7.4f}'
#   description: Distance from center (332.27441309000+61.09620481000)[ICRS], at Epoch=J2016.0
#   meta: !!omap
#   - {ucd: POS_ANG_DIST_GENERAL}
#   - {width: 7}
#   - {precision: '4'}
# - name: HIP
#   datatype: int32
#   description: '? HIP cross-id number, van Leeuwen, Cat. I/311 (hip_original_ext_source_id)'
#   meta: !!omap
#   - {ucd: ID_NUMBER}
#   - {width: 6}
#   - values: {'null': -2147483648}
# - name: TYC2
#   datatype: string
#   description: Tycho-2 cross-id name, Hog et al., Cat. I/259 (tyc2_original_ext_source_id)
#   meta: !!omap
#   - {ucd: ID_CROSSID}
#   - {_votable_string_dtype: char}
# - name: Source
#   datatype: int64
#   description: Source identifier, identical to the Gaia-EDR3 source_id (id)
#   meta: !!omap
#   - {ucd: ID_MAIN}
#   - {width: 19}
# - name: rgeo
#   unit: pc
#   datatype: float64
#   format: '{:15.8f}'
#   description: '? Median of the geometric distance posterior (r_med_geo)'
#   meta: !!omap
#   - {ucd: PHYS_DISTANCE_TRUE}
#   - {width: 15}
#   - {precision: '8'}
#   - values: {'null': .nan}
# - name: Plx
#   unit: mas
#   datatype: float64
#   format: '{:9.4f}'
#   description: '? Parallax (parallax)'
#   meta: !!omap
#   - {ucd: POS_PARLX_TRIG}
#   - {width: 9}
#   - {precision: '4'}
#   - values: {'null': .nan}
# - name: e_Plx
#   unit: mas
#   datatype: float32
#   format: '{:7.4f}'
#   description: '? Standard error of parallax (parallax_error)'
#   meta: !!omap
#   - {ucd: ERROR}
#   - {width: 7}
#   - {precision: '4'}
#   - values: {'null': .nan}
# - name: pmRA
#   unit: mas / yr
#   datatype: float64
#   format: '{:9.3f}'
#   description: '? Proper motion in right ascension direction, pmRA*cosDE (pmra)'
#   meta: !!omap
#   - {ucd: POS_EQ_PMRA}
#   - {width: 9}
#   - {precision: '3'}
#   - values: {'null': .nan}
# - name: pmDE
#   unit: mas / yr
#   datatype: float64
#   format: '{:9.3f}'
#   description: '? Proper motion in declination direction (pmdec)'
#   meta: !!omap
#   - {ucd: POS_EQ_PMDEC}
#   - {width: 9}
#   - {precision: '3'}
#   - values: {'null': .nan}
# - name: e_pmRA
#   unit: mas / yr
#   datatype: float32
#   format: '{:6.3f}'
#   description: '? Standard error of proper motion in right ascension direction (pmra_error)'
#   meta: !!omap
#   - {ucd: ERROR}
#   - {width: 6}
#   - {precision: '3'}
#   - values: {'null': .nan}
# - name: e_pmDE
[...]
#         value: !astropy.table.SerializedColumn {name: SkyCoord.dec}
#       distance: !astropy.table.SerializedColumn
#         __class__: astropy.coordinates.distances.Distance
#         unit: !astropy.units.Unit {unit: pc}
#         value: !astropy.table.SerializedColumn {name: SkyCoord.distance}
#       frame: icrs
#       obstime: !astropy.time.Time {format: jyear_str, in_subfmt: '*', jd1: 367701545.0, jd2: 0.0, out_subfmt: '*', precision: 3, scale: tt}
#       pm_dec: !astropy.table.SerializedColumn
#         __class__: astropy.units.quantity.Quantity
#         unit: !astropy.units.Unit {unit: mas / yr}
#         value: !astropy.table.SerializedColumn {name: SkyCoord.pm_dec}
#       pm_ra_cosdec: !astropy.table.SerializedColumn
#         __class__: astropy.units.quantity.Quantity
#         unit: !astropy.units.Unit {unit: mas / yr}
#         value: !astropy.table.SerializedColumn {name: SkyCoord.pm_ra_cosdec}
#       ra: !astropy.table.SerializedColumn
#         __class__: astropy.coordinates.angles.Longitude
#         unit: *id001
#         value: !astropy.table.SerializedColumn {name: SkyCoord.ra}
#         wrap_angle: !astropy.coordinates.Angle
#           unit: *id001
#           value: 360.0
#       representation_type: spherical
# schema: astropy-2.0
RA_ICRS_1 DE_ICRS_1 e_RA_ICRS e_DE_ICRS _r_1 HIP TYC2 Source rgeo Plx e_Plx pmRA pmDE e_pmRA e_pmDE RUWE Teff logg Gmag BP-RP BPmag RPmag RV e_RV b_rgeo B_rgeo FG e_FG FBP e_FBP FRP e_FRP RAVE5 RAVE6 e_Gmag e_BPmag e_RPmag e_BP-RP SkyCoord.ra SkyCoord.dec SkyCoord.distance SkyCoord.pm_ra_cosdec SkyCoord.pm_dec rmRA rmDE e_rmRA e_rmDE rRV e_rRV v_pec v_pec3d e_vpec e_vpec3d
[from data line 3004]
331.25480261044 61.03857732407 0.0395 0.0391 29.797 "" "" 2203275758519169152 909.124023 1.0692 0.0433 6.978 -1.719 0.051 0.053 0.956 4918.1 4.6596 16.773129 1.459378 17.447922 15.988544 "" "" 880.400757 950.947205 3678.7058 2.2184 1433.0 6.7081 3189.6 7.2834 "" "" 0.0028320441882104487 0.005798007 0.004520007 0.010318014 331.25480261044 61.03857732407 909.124023 6.978 -1.7189999999999994 9.030050828933716 1.586694818496704 0.4297833 0.43178332 "" "" 39.50887522868612 "" 16.98262729351743 ""
334.25740099644 61.28870172089 0.0416 0.0421 58.4818 "" "" 2204564042549075456 848.998352 1.1606 0.0466 -9.71 -9.394 0.051 0.053 1.048 4545.3 4.4001 16.774479 1.696283 17.585625 15.889341 "" "" 818.615295 880.353149 3674.13288 2.1594 1262.3 6.7786 3494.8 9.4247 "" "" 0.002828248025119409 0.0064636786 0.004780884 0.011244562 334.25740099644 61.28870172089 848.998352 -9.709999999999997 -9.394000000000002 -7.657949171066285 -6.088305181503296 0.4297833 0.43178332 "" "" 39.37019630830159 "" 16.951191707099 ""
330.53683839366 60.94352377809 0.0406 0.039 51.3343 "" "" 2203318295876909696 900.846741 1.0897 0.0451 1.35 -3.282 0.054 0.046 1.019 4683.0 4.5554 16.775208 1.620574 17.54837 15.927796 "" "" 865.17041 947.520752 3671.67055 2.0403 1306.4 6.6573 3373.2 7.7654 "" "" 0.0028206020560486962 0.0061965394 0.004531117 0.010727657 330.53683839366 60.94352377809 900.846741 1.35 -3.2819999999999996 3.402050828933716 0.023694818496704073 0.4327833 0.42478332 "" "" 14.52715548368665 "" 6.2871047866128515 ""
332.76925887747 60.92481669228 0.039 0.0401 17.6863 "" "" 2204583421442202112 1041.19971 0.9401 0.045 -2.672 -0.763 0.051 0.047 0.999 4715.5 4.3974 16.775833 1.511445 17.47097 15.959525 "" "" 993.213989 1095.20325 3669.55654 2.2359 1402.9 7.6166 3276.0 9.2543 "" "" 0.002833626401651937 0.006521661 0.004867305 0.011388966 332.76925887747 60.92481669228 1041.19971 -2.672 -0.7629999999999999 -0.6199491710662843 2.542694818496704 0.4297833 0.4257833 "" "" 12.916536054750626 "" 5.502557298157309 ""
331.7410459715 60.14722516858 0.04 0.0397 59.063 "" "" 2202991191167809152 744.777283 1.3253 0.0482 -1.94 -7.982 0.054 0.048 0.972 4439.2 4.3817 16.776281 1.85729 17.691216 15.833925 "" "" 715.112244 767.494202 3668.04439 2.1641 1145.3 5.8118 3677.8 9.4543 "" "" 0.0028288018940912543 0.0061757695 0.0046982565 0.0108740255 331.7410459715 60.14722516858 744.777283 -1.9400000000000008 -7.982 0.11205082893371587 -4.676305181503296 0.4327833 0.42678332 "" "" 16.513238299789815 "" 7.047631972764011 ""
332.42506843267 61.57388823731 0.0452 0.0443 28.9871 "" "" 2204814215803193856 982.979736 0.9936 0.0502 2.496 5.048 0.065 0.055 1.06 4917.0 4.6796 16.777718 1.532005 17.431908 15.899902 "" "" 941.848999 1036.03979 3663.19275 2.1584 1454.3 15.901 3461.0 46.647 "" "" 0.0028286115674996393 0.01219469 0.015113612 0.027308302 332.42506843267 61.57388823731 982.979736 2.496000000000002 5.048000000000001 4.548050828933716 8.353694818496704 0.4437833 0.43378332 "" "" 44.31724576042063 "" 19.326304820927206 ""
333.79638168635 60.66704722873 0.0412 0.0393 51.3564 "" "" 2201516746070609536 805.563477 1.2062 0.046 2.804 6.984 0.055 0.047 1.047 4483.9 4.4095 16.778057 1.774714 17.636257 15.861543 "" "" 779.049866 835.54303 3662.04728 2.3001 1204.8 6.9655 3585.4 8.0648 "" "" 0.0028384561895708695 0.0068693156 0.004499783 0.011369098 333.79638168635 60.66704722873 805.563477 2.8039999999999994 6.983999999999993 4.856050828933716 10.289694818496704 0.43378332 0.4257833 "" "" 43.445451588781616 "" 18.562142330047628 ""
333.40279776104 61.51094740016 0.0383 0.039 40.9389 "" "" 2204636953915279488 930.313843 1.0491 0.0437 0.421 -0.177 0.051 0.051 0.949 5465.5 4.6476 16.779009 1.632323 17.551113 15.91879 "" "" 895.306396 968.315002 3658.84132 2.344 1303.1 7.13 3401.3 12.803 "" "" 0.002841760283949691 0.0065632854 0.00556653 0.012129815 333.40279776104 61.51094740016 930.313843 0.42099999999999993 -0.17699999999999994 2.4730508289337156 3.128694818496704 0.4297833 0.4297833 "" "" 17.586148056430343 "" 7.558233000390816 ""
334.16380090169 60.80513347806 0.0445 0.0435 57.7466 "" "" 2201542447155394432 847.560547 1.1496 0.0504 -0.059 -2.894 0.068 0.059 1.024 4125.7 4.0636 16.779211 2.672934 18.270176 15.597242 "" "" 811.124939 882.284729 3658.15678 33.813 671.96 20.858 4573.6 110.15 "" "" 0.010407024216087229 0.033817135 0.026420444 0.06023758 334.16380090169 60.80513347806 847.560547 -0.05900000000000016 -2.894 1.9930508289337159 0.411694818496704 0.4467833 0.4377833 "" "" 8.175996788807357 "" 3.6499166944520818 ""
331.80511895333 61.93419122079 0.0555 0.0518 52.0413 "" "" 2204886508693937664 879.953918 1.1125 0.0593 0.886 1.675 0.069 0.063 1.27 4580.4 4.5191 16.779327 1.652787 17.554895 15.902108 "" "" 834.824158 923.332092 3657.76592 3.209 1298.5 12.622 3453.9 12.675 "" "" 0.0029153216961051815 0.010916437 0.005491734 0.016408172 331.80511895333 61.93419122079 879.953918 0.8860000000000001 1.674999999999998 2.938050828933716 4.980694818496704 0.44778332 0.4417833 "" "" 24.119478965274478 "" 10.6931283998945 ""
331.26594388669 60.36837161823 0.0408 0.0378 52.7448 "" "" 2203042593337876736 990.62085 0.9857 0.0463 -0.724 -2.452 0.057 0.046 1.002 4911.9 4.6508 16.77977 1.55349 17.496738 15.943249 "" "" 944.427734 1037.74341 3656.27139 2.0746 1370.0 8.5665 3325.5 8.4264 "" "" 0.00282335163606874 0.0073400172 0.0046746535 0.01201467 331.26594388669 60.36837161823 990.62085 -0.7239999999999998 -2.452 1.3280508289337158 0.8536948184967041 0.43578333 0.42478332 "" "" 7.413180865004732 "" 3.2069118897530844 ""
330.54450861047 61.63614936786 0.0447 0.0457 59.3565 "" "" 2204105649278620672 1041.50061 0.9406 0.0487 -0.386 2.693 0.056 0.054 1.077 4805.7 4.6156 16.780123 1.551004 17.512423 15.961418 "" "" 985.848999 1080.09375 3655.08338 2.3021 1350.4 9.7213 3270.3 8.501 "" "" 0.002838911656667536 0.008299119 0.0047169095 0.013016028 330.54450861047 61.63614936786 1041.50061 -0.386 2.693 1.6660508289337157 5.998694818496704 0.4347833 0.4327833 "" "" 30.734780655721107 "" 13.305911440325445 ""
332.58614249457 60.81841503588 0.0403 0.0401 18.9801 "" "" 2203081419843456000 777.75946 1.2576 0.045 9.966 -0.148 0.052 0.047 0.998 4557.0 4.5675 16.781467 1.813209 17.677607 15.864397 "" "" 751.987793 812.687256 3650.56174 2.1927 1159.8 7.8241 3576.0 7.7124 "" "" 0.0028314451826726844 0.007837905 0.0044459994 0.0122839045 332.58614249457 60.81841503588 777.75946 9.966 -0.1480000000000007 12.018050828933715 3.157694818496704 0.43078333 0.4257833 "" "" 45.80930852298205 "" 19.719175601510152 ""
333.89995340434 60.66786587198 0.0406 0.0414 53.9699 "" "" 2201516574271941248 830.930176 1.1724 0.0473 -5.323 -2.374 0.055 0.05 0.999 "" "" 16.781937 2.085891 17.853107 15.767217 "" "" 801.63678 863.851379 3648.98412 2.1286 986.67 7.0314 3910.9 6.9737 "" "" 0.002827176401714526 0.008225094 0.0042464007 0.012471494 333.89995340434 60.66786587198 830.930176 -5.322999999999996 -2.3740000000000006 -3.2709491710662846 0.931694818496704 0.43378332 0.42878333 "" "" 13.395419348893007 "" 5.805710052749846 ""
333.64050244908 61.27612274164 0.0441 0.0409 40.952 "" "" 2204618296577471488 722.051086 1.3581 0.0474 0.291 -1.89 0.053 0.051 1.029 4560.4 4.5641 16.783543 1.7307 17.622986 15.892286 "" "" 699.209473 752.549622 3643.59357 2.4118 1219.6 9.1614 3485.3 10.762 "" "" 0.0028475060292164223 0.008619906 0.0050520706 0.013671977 333.64050244908 61.27612274164 722.051086 0.2909999999999999 -1.8899999999999988 2.3430508289337157 1.4156948184967042 0.43178332 0.4297833 "" "" 9.369262371515342 "" 4.0404883321839735 ""
331.7645075709 61.07576890686 0.0405 0.0395 14.8429 "" "" 2203287750068512640 963.551086 1.0201 0.0449 -3.928 -7.933 0.049 0.048 0.993 4844.0 4.6847 16.785402 1.51277 17.48756 15.974791 "" "" 925.019165 999.852173 3637.35475 2.3752 1381.6 6.7796 3230.3 12.128 "" "" 0.002845075261280745 0.006014172 0.005558803 0.011572976 331.7645075709 61.07576890686 963.551086 -3.9280000000000026 -7.933 -1.8759491710662841 -4.627305181503296 0.4277833 0.42678332 "" "" 22.804688421376497 "" 9.735882930979173 ""
333.14257452595 60.6570368342 0.0472 0.0416 36.5649 "" "" 2204518717747248000 909.438782 1.0781 0.0496 -11.913 -11.862 0.064 0.053 1.059 6068.9 4.4894 16.786852 1.765205 17.616394 15.851189 "" "" 872.360352 950.184692 3632.50567 2.4745 1227.0 8.3929 3619.8 14.03 "" "" 0.002852861564320462 0.007933466 0.005656214 0.01358968 333.14257452595 60.6570368342 909.438782 -11.913 -11.861999999999998 -9.860949171066284 -8.556305181503296 0.44278333 0.43178332 "" "" 56.279292496186564 "" 24.655535472619402 ""
333.63019130025 60.34832207812 0.0417 0.041 59.9659 "" "" 2201493484527828224 961.686523 1.0207 0.0473 16.313 15.787 0.051 0.049 1.014 5941.2 4.5327 16.787539 1.810971 17.667734 15.856763 "" "" 931.365723 1003.61646 3630.20638 2.2196 1170.4 8.676 3601.2 10.511 "" "" 0.002834163304238481 0.0085183205 0.0049321633 0.013450484 333.63019130025 60.34832207812 961.686523 16.31299999999998 15.78700000000001 18.365050828933715 19.092694818496703 0.4297833 0.4277833 "" "" 120.7592583322728 "" 51.77500549959394 ""
331.6165291848 61.22933821323 0.0416 0.043 20.6465 "" "" 2203302112439323008 923.758545 1.062 0.0483 17.289 -5.098 0.057 0.056 0.998 4681.4 4.3888 16.790268 1.652734 17.575832 15.923099 "" "" 891.590393 960.4776 3621.0896 2.1044 1273.8 7.5087 3387.8 8.3444 "" "" 0.002826644831777213 0.0069818706 0.0046298304 0.011611701 331.6165291848 61.22933821323 923.758545 17.289 -5.098000000000001 19.341050828933717 -1.7923051815032958 0.43578333 0.4347833 "" "" 85.04987013074972 "" 37.06259200398604 ""
331.2857278522 60.811386726 0.0412 0.0398 33.489 "" "" 2203257788376168960 725.755554 1.3556 0.0441 -2.617 -2.231 0.054 0.053 0.939 4526.1 4.5887 16.791769 1.822545 17.691605 15.86906 "" "" 702.097717 751.347595 3616.08661 2.1491 1144.9 8.5686 3560.7 10.349 "" "" 0.002829869963740823 0.008591497 0.0049235946 0.013515092 331.2857278522 60.811386726 725.755554 -2.616999999999998 -2.2309999999999994 -0.5649491710662842 1.0746948184967042 0.4327833 0.43178332 "" "" 4.176741161627492 "" 1.8043522804013674 ""
331.75673746702 60.18231221201 0.0444 0.0406 56.9086 "" "" 2202991981441772288 947.488342 1.043 0.0523 -13.176 -0.681 0.061 0.05 0.993 4565.5 4.3973 16.792143 1.608359 17.540937 15.932578 "" "" 899.257202 1006.21741 3614.84541 2.119 1315.4 9.2612 3358.4 9.2818 "" "" 0.0028278720471303967 0.008137523 0.0048257634 0.012963287 331.75673746702 60.18231221201 947.488342 -13.176 -0.6809999999999996 -11.123949171066284 2.624694818496704 0.4397833 0.42878333 "" "" 51.330534676507156 "" 22.544888597626723 ""
330.82216868581 60.53510924483 0.0429 0.0454 54.2074 "" "" 2203246277863458048 956.31665 1.0258 0.0499 -2.647 -5.946 0.056 0.056 0.998 4987.1 4.6558 16.792233 1.618383 17.553999 15.935617 "" "" 912.286011 999.639954 3614.54878 5.6599 1299.6 8.5718 3349.0 18.264 "" "" 0.0032376209683742854 0.007685573 0.0070244987 0.0147100715 330.82216868581 60.53510924483 956.31665 -2.6469999999999976 -5.946000000000001 -0.594949171066284 -2.6403051815032956 0.4347833 0.4347833 "" "" 12.268432838383712 "" 5.334109834281384 ""
333.18090440641 61.34393938544 0.0466 0.0453 30.1099 "" "" 2204611527708385920 850.775085 1.1347 0.0536 -1.079 -3.583 0.061 0.056 1.06 6131.2 4.3968 16.792341 2.282773 17.99829 15.715516 "" "" 816.367126 888.700195 3614.18528 5.4212 863.18 6.9034 4101.6 17.365 "" "" 0.0032006350340989457 0.009120589 0.0059509105 0.0150715 333.18090440641 61.34393938544 850.775085 -1.0790000000000004 -3.5829999999999984 0.9730508289337159 -0.2773051815032961 0.4397833 0.4347833 "" "" 4.080233228095745 "" 1.792894066185788 ""
331.77182531422 60.73573100549 0.2684 0.2566 26.1275 "" "" 2203088738467299840 915.291809 1.2917 0.294 -2.59 -4.179 0.377 0.323 6.249 "" "" 16.798128 2.278839 17.788391 15.509552 "" "" 750.034546 1104.82886 3594.97109 11.496 1047.3 8.1504 4958.4 15.363 "" "" 0.004432420055442203 0.008898283 0.005059681 0.013957964 331.77182531422 60.73573100549 915.291809 -2.59 -4.179 -0.537949171066284 -0.8733051815032962 0.7557833 0.7017833 "" "" 4.449962652094292 "" 3.190813437808526 ""
331.38984926344 60.29297542804 0.0417 0.0402 54.7481 "" "" 2203038332730419072 884.131775 1.1129 0.0487 0.741 -0.868 0.061 0.049 0.978 4937.9 4.6645 16.798374 1.576771 17.546019 15.969248 "" "" 846.473633 933.873657 3594.15859 2.2209 1309.2 7.5216 3246.8 7.3623 "" "" 0.002835823095125561 0.0068333503 0.0045105442 0.0113438945 331.38984926344 60.29297542804 884.131775 0.7410000000000001 -0.868 2.793050828933716 2.437694818496704 0.4397833 0.4277833 "" "" 15.53616552728986 "" 6.752568334861635 ""
331.3258298169 61.56527397041 0.0414 0.0397 39.2123 "" "" 2203371416032936448 948.549438 1.0209 0.0454 -3.919 -3.207 0.056 0.051 1.025 4480.1 4.5091 16.798615 1.698917 17.607597 15.90868 "" "" 911.307129 991.282593 3593.36245 2.2973 1237.0 10.176 3433.1 8.8286 "" "" 0.002841409205408271 0.009357319 0.0046988833 0.014056202 331.3258298169 61.56527397041 948.549438 -3.918999999999997 -3.2069999999999967 -1.8669491710662842 0.09869481849670425 0.4347833 0.4297833 "" "" 8.405756514811275 "" 3.654566182355429 ""
331.57880930585 60.68070362164 0.0402 0.0382 32.1525 "" "" 2203064927168065792 1007.07336 0.9633 0.0437 1.178 -2.777 0.055 0.048 1.049 4672.7 4.4969 16.801182 1.544793 17.521194 15.976401 "" "" 967.036621 1062.14929 3584.87286 2.2574 1339.5 6.8243 3225.5 8.413 "" "" 0.002838876729559462 0.0061953277 0.004722647 0.010917975 331.57880930585 60.68070362164 1007.07336 1.178 -2.777 3.2300508289337158 0.528694818496704 0.43378332 0.42678332 "" "" 15.623914904858308 "" 6.774562525725197 ""
333.91198094102 61.74682104496 0.0394 0.0374 61.095 "" "" 2204647467995457920 885.514709 1.1067 0.0438 7.425 7.854 0.052 0.047 1.006 5167.2 4.617 16.802193 1.803673 17.681595 15.877922 "" "" 847.604553 921.219055 3581.53921 2.1205 1155.5 10.047 3531.7 9.2538 "" "" 0.002829313274296006 0.009844101 0.0047304276 0.014574529 333.91198094102 61.74682104496 885.514709 7.425 7.854000000000002 9.477050828933717 11.159694818496703 0.43078333 0.4257833 "" "" 61.45244810926235 "" 26.294607772989224 ""
333.7872397751 61.04475697694 0.0459 0.0467 44.0157 "" "" 2204553562828879616 987.584473 0.9804 0.0509 -1.406 -2.969 0.063 0.062 1.058 5515.0 4.219 16.802366 2.349197 18.012802 15.663605 "" "" 945.19873 1036.87927 3580.96448 26.833 851.72 26.065 4302.5 80.632 "" "" 0.00858958524860401 0.03334349 0.02069551 0.054039 333.7872397751 61.04475697694 987.584473 -1.4060000000000001 -2.9690000000000003 0.6460508289337159 0.33669481849670424 0.4417833 0.44078332 "" "" 3.410323526642911 "" 1.5058962492707204 ""
331.87129532471 60.63047222427 0.0428 0.0426 30.324 "" "" 2203074788413624704 784.719482 1.2382 0.0479 -1.116 -4.003 0.057 0.05 1.03 "" "" 16.80311 2.367549 18.059578 15.692029 "" "" 754.112854 821.233276 3578.51391 4.2105 815.8 9.7334 4191.3 19.109 "" "" 0.0030370632126043976 0.013251119 0.0062279347 0.019479055 331.87129532471 60.63047222427 784.719482 -1.1159999999999992 -4.002999999999999 0.9360508289337157 -0.697305181503296 0.43578333 0.42878333 "" "" 4.341593770928535 "" 1.8812042577422547 ""
334.140033594 60.89129167818 0.0448 0.0457 55.6519 "" "" 2201546054927870208 779.769348 1.2712 0.0533 7.965 7.19 0.069 0.061 0.997 4517.8 4.5992 16.80496 1.733505 17.647034 15.913528 "" "" 748.468689 812.406738 3572.4181 2.4105 1192.9 10.461 3417.8 9.5843 "" "" 0.002851052033863979 0.009921646 0.0048532104 0.014774856 334.140033594 60.89129167818 779.769348 7.965000000000001 7.190000000000008 10.017050828933716 10.495694818496705 0.44778332 0.4397833 "" "" 53.625517618813475 "" 23.789069909681693 ""
