Clusters/Alessi_Teutsch_5/Alessi_Teutsch_5_stars_in_region.tsv
# %ECSV 1.0
# ---
# datatype:
# - name: RA_ICRS_1
#   unit: deg
#   datatype: float64
#   format: '{:15.11f}'
#   description: Right ascension (ICRS) at Ep=2016.0 (ra)
#   meta: !!omap
#   - {ucd: POS_EQ_RA_MAIN}
#   - {width: 15}
#   - {precision: '11'}
# - name: DE_ICRS_1
#   unit: deg
#   datatype: float64
#   format: '{:15.11f}'
#   description: Declination (ICRS) at Ep=2016.0 (dec)
#   meta: !!omap
#   - {ucd: POS_EQ_DEC_MAIN}
#   - {width: 15}
#   - {precision: '11'}
# - name: e_RA_ICRS
#   unit: mas
#   datatype: float64
#   format: '{:7.4f}'
#   description: Standard error of right ascension (ra_error)
#   meta: !!omap
#   - {ucd: ERROR}
#   - {width: 7}
#   - {precision: '4'}
# - name: e_DE_ICRS
#   unit: mas
#   datatype: float64
#   format: '{:7.4f}'
#   description: Standard error of declination (dec_error)
#   meta: !!omap
#   - {ucd: ERROR}
#   - {width: 7}
#   - {precision: '4'}
# - name: _r_1
#   unit: ''
#   datatype: float64
#   format: '{:7.4f}'
#   description: Distance from center (332.27441309000+61.09620481000)[ICRS], at Epoch=J2016.0
#   meta: !!omap
#   - {ucd: POS_ANG_DIST_GENERAL}
#   - {width: 7}
#   - {precision: '4'}
# - name: HIP
#   datatype: int32
#   description: '? HIP cross-id number, van Leeuwen, Cat. I/311 (hip_original_ext_source_id)'
#   meta: !!omap
#   - {ucd: ID_NUMBER}
#   - {width: 6}
#   - values: {'null': -2147483648}
# - name: TYC2
#   datatype: string
#   description: Tycho-2 cross-id name, Hog et al., Cat. I/259 (tyc2_original_ext_source_id)
#   meta: !!omap
#   - {ucd: ID_CROSSID}
#   - {_votable_string_dtype: char}
# - name: Source
#   datatype: int64
#   description: Source identifier, identical to the Gaia-EDR3 source_id (id)
#   meta: !!omap
#   - {ucd: ID_MAIN}
#   - {width: 19}
# - name: rgeo
#   unit: pc
#   datatype: float64
#   format: '{:15.8f}'
#   description: '? Median of the geometric distance posterior (r_med_geo)'
#   meta: !!omap
#   - {ucd: PHYS_DISTANCE_TRUE}
#   - {width: 15}
#   - {precision: '8'}
#   - values: {'null': .nan}
# - name: Plx
#   unit: mas
#   datatype: float64
#   format: '{:9.4f}'
#   description: '? Parallax (parallax)'
#   meta: !!omap
#   - {ucd: POS_PARLX_TRIG}
#   - {width: 9}
#   - {precision: '4'}
#   - values: {'null': .nan}
# - name: e_Plx
#   unit: mas
#   datatype: float32
#   format: '{:7.4f}'
#   description: '? Standard error of parallax (parallax_error)'
#   meta: !!omap
#   - {ucd: ERROR}
#   - {width: 7}
#   - {precision: '4'}
#   - values: {'null': .nan}
# - name: pmRA
#   unit: mas / yr
#   datatype: float64
#   format: '{:9.3f}'
#   description: '? Proper motion in right ascension direction, pmRA*cosDE (pmra)'
#   meta: !!omap
#   - {ucd: POS_EQ_PMRA}
#   - {width: 9}
#   - {precision: '3'}
#   - values: {'null': .nan}
# - name: pmDE
#   unit: mas / yr
#   datatype: float64
#   format: '{:9.3f}'
#   description: '? Proper motion in declination direction (pmdec)'
#   meta: !!omap
#   - {ucd: POS_EQ_PMDEC}
#   - {width: 9}
#   - {precision: '3'}
#   - values: {'null': .nan}
# - name: e_pmRA
#   unit: mas / yr
#   datatype: float32
#   format: '{:6.3f}'
#   description: '? Standard error of proper motion in right ascension direction (pmra_error)'
#   meta: !!omap
#   - {ucd: ERROR}
#   - {width: 6}
#   - {precision: '3'}
#   - values: {'null': .nan}
# - name: e_pmDE
[...]
#         unit: &id001 !astropy.units.Unit {unit: deg}
#         value: !astropy.table.SerializedColumn {name: SkyCoord.dec}
#       distance: !astropy.table.SerializedColumn
#         __class__: astropy.coordinates.distances.Distance
#         unit: !astropy.units.Unit {unit: pc}
#         value: !astropy.table.SerializedColumn {name: SkyCoord.distance}
#       frame: icrs
#       obstime: !astropy.time.Time {format: jyear_str, in_subfmt: '*', jd1: 367701545.0, jd2: 0.0, out_subfmt: '*', precision: 3, scale: tt}
#       pm_dec: !astropy.table.SerializedColumn
#         __class__: astropy.units.quantity.Quantity
#         unit: !astropy.units.Unit {unit: mas / yr}
#         value: !astropy.table.SerializedColumn {name: SkyCoord.pm_dec}
#       pm_ra_cosdec: !astropy.table.SerializedColumn
#         __class__: astropy.units.quantity.Quantity
#         unit: !astropy.units.Unit {unit: mas / yr}
#         value: !astropy.table.SerializedColumn {name: SkyCoord.pm_ra_cosdec}
#       ra: !astropy.table.SerializedColumn
#         __class__: astropy.coordinates.angles.Longitude
#         unit: *id001
#         value: !astropy.table.SerializedColumn {name: SkyCoord.ra}
#         wrap_angle: !astropy.coordinates.Angle
#           unit: *id001
#           value: 360.0
#       representation_type: spherical
# schema: astropy-2.0
RA_ICRS_1 DE_ICRS_1 e_RA_ICRS e_DE_ICRS _r_1 HIP TYC2 Source rgeo Plx e_Plx pmRA pmDE e_pmRA e_pmDE RUWE Teff logg Gmag BP-RP BPmag RPmag RV e_RV b_rgeo B_rgeo FG e_FG FBP e_FBP FRP e_FRP RAVE5 RAVE6 e_Gmag e_BPmag e_RPmag e_BP-RP SkyCoord.ra SkyCoord.dec SkyCoord.distance SkyCoord.pm_ra_cosdec SkyCoord.pm_dec
[from data line 396]
331.99828388583 61.22439448329 0.0127 0.0131 11.0916 "" "" 2203296236924165376 1033.69739 0.9416 0.0137 -4.321 -7.028 0.016 0.017 1.408 6286.0 3.7497 13.271274 1.14416 13.757858 12.613698 -28.81 2.98 1014.13214 1047.51257 92562.9392 12.004 42882.0 26.799 71397.0 29.607 "" "" 0.002758915548105875 0.002871489 0.0038061053 0.006677594 331.99828388583 61.22439448329 1033.69739 -4.321 -7.027999999999999
332.13066334915 61.80636282964 0.0129 0.0122 42.8084 "" "" 2204870703214502016 953.610596 1.0218 0.014 -6.669 -6.933 0.018 0.015 1.359 7285.6 3.9695 13.273264 1.100542 13.733859 12.633317 -14.92 3.66 940.725159 964.652405 92393.48615 16.455 43840.0 30.399 70118.0 34.401 "" "" 0.002762097017568349 0.0028899556 0.003816736 0.0067066913 332.13066334915 61.80636282964 953.610596 -6.6690000000000005 -6.933
332.03145576431 61.09881395775 0.0095 0.0097 7.0473 "" "" 2203290219662934144 708.996399 1.3847 0.0108 -9.283 -6.229 0.012 0.012 0.981 6241.2 4.1872 13.279335 0.92179 13.653223 12.731433 -12.79 2.59 702.149902 713.864563 91878.2157 17.103 47220.0 34.522 64060.0 26.598 "" "" 0.0027627227782795055 0.0029008822 0.0038061726 0.0067070546 332.03145576431 61.09881395775 708.996399 -9.283000000000001 -6.229
334.32455926323 60.89709487519 0.0138 0.0138 60.8241 "" "" 2201549112944631680 841.628235 1.1532 0.0153 4.485 7.211 0.02 0.017 1.398 "" "" 13.281338 2.054616 14.325409 12.270793 -22.29 1.54 829.383179 853.791992 91708.92008 26.058 25425.0 28.476 97913.0 37.835 "" "" 0.002772536936681156 0.0030436432 0.003802597 0.0068462403 334.32455926323 60.89709487519 841.628235 4.484999999999999 7.210999999999999
332.65523606506 60.3545225312 0.0096 0.0096 45.882 "" "" 2203009607988517760 999.232849 0.9731 0.0115 -4.93 -4.642 0.013 0.012 0.956 9245.1 4.1953 13.282895 0.799122 13.59825 12.799129 "" "" 987.484192 1012.03644 91577.48725 15.56 49673.0 26.002 60188.0 21.388 "" "" 0.002761489023796459 0.002847466 0.003799024 0.0066464897 332.65523606506 60.3545225312 999.232849 -4.930000000000001 -4.6419999999999995
332.41993761767 61.36227838263 0.0092 0.0099 16.5083 "" "" 2204795661544252800 950.154419 1.0252 0.0111 3.674 1.715 0.013 0.012 0.968 6609.1 3.9824 13.283341 1.020233 13.705966 12.685733 -14.56 3.66 940.729309 959.908508 91539.88616 12.465 44981.0 28.468 66814.0 27.312 "" "" 0.0027592838753670527 0.0028735388 0.0038053524 0.0066788914 332.41993761767 61.36227838263 950.154419 3.674 1.7149999999999999
331.4547832079 60.92439351547 0.0273 0.0254 25.9677 "" "" 2203285001289435136 969.668091 1.0107 0.0294 -2.137 -4.761 0.034 0.032 2.802 7867.9 4.198 13.283469 0.893822 13.641938 12.748117 "" "" 941.417603 997.159729 91529.09026 22.06 47714.0 39.357 63083.0 41.24 "" "" 0.002767718531415466 0.0029303748 0.0038454558 0.006775831 331.4547832079 60.92439351547 969.668091 -2.1369999999999996 -4.761
333.40952553097 61.15239087342 0.0118 0.0102 33.0614 "" "" 2204547034478099456 835.389221 1.1693 0.012 12.827 4.193 0.015 0.014 1.162 6257.9 4.0177 13.285345 1.005553 13.699311 12.693758 -0.35 7.52 826.369385 843.689819 91371.04878 20.958 45258.0 40.278 66322.0 35.092 "" "" 0.0027665518794100855 0.0029527477 0.0038227942 0.006775542 333.40952553097 61.15239087342 835.389221 12.827000000000002 4.193
330.63892294821 60.88337434792 0.0118 0.0112 49.2714 "" "" 2203270707637495808 733.630554 1.3364 0.0128 -7.094 -3.803 0.015 0.013 1.26 6242.5 4.0067 13.285416 1.013599 13.674363 12.660764 -32.01 6.75 726.375671 741.983643 91365.14845 20.049 46310.0 68.943 68368.0 185.73 "" "" 0.0027656018131275058 0.0032245445 0.004794109 0.008018654 330.63892294821 60.88337434792 733.630554 -7.093999999999999 -3.803
332.78677112404 61.51930419552 0.0097 0.0094 29.3644 "" "" 2204804251479255040 985.606995 0.9847 0.0109 -3.629 -3.766 0.013 0.011 1.003 6862.0 3.9797 13.286518 1.014447 13.70552 12.691072 -18.38 5.99 974.196228 995.483337 91272.36803 18.959 45000.0 37.219 66486.0 36.598 "" "" 0.0027645347283396645 0.002931118 0.0038263455 0.0067574633 332.78677112404 61.51930419552 985.606995 -3.629 -3.766
331.57979621915 60.53038475451 0.0774 0.0721 39.5674 "" "" 2203050972804840832 922.478271 1.0934 0.0814 -0.327 -3.351 0.105 0.088 8.072 9032.8 4.4613 13.295348 0.862636 13.630649 12.768013 "" "" 847.252502 1016.16968 90533.1375 43.718 48212.0 22.315 61937.0 25.688 "" "" 0.0028047595788418703 0.0028350642 0.0038061135 0.0066411775 331.57979621915 60.53038475451 922.478271 -0.32699999999999974 -3.351
333.31765152812 61.95462709912 0.0096 0.011 59.5248 "" "" 2204849262737100160 931.385437 1.0457 0.0111 -1.319 -4.246 0.013 0.013 1.013 "" "" 13.29713 0.775303 13.605435 12.830132 "" "" 922.032715 941.829529 90384.70929 17.701 49345.0 35.143 58493.0 31.268 "" "" 0.0027635125232265347 0.0028953347 0.0038236866 0.006719021 333.31765152812 61.95462709912 931.385437 -1.319 -4.246
332.48622183328 61.50244868763 0.0093 0.0097 25.127 "" "" 2204801846297457664 702.97876 1.394 0.011 -5.051 -10.276 0.013 0.012 0.914 5617.3 4.1025 13.299592 1.111799 13.772006 12.660207 -49.58 2.03 698.003906 708.33606 90179.90232 13.932 42327.0 23.35 68403.0 35.178 "" "" 0.002760421162457219 0.0028537335 0.003820406 0.0066741398 332.48622183328 61.50244868763 702.97876 -5.051 -10.276000000000002
333.00229389748 61.20530373895 0.0095 0.01 22.0656 "" "" 2204596924819607808 713.298035 1.3714 0.0118 -10.155 -8.772 0.013 0.011 1.044 6632.9 4.2057 13.303039 0.92695 13.678274 12.751324 -18.61 3.24 708.388062 717.814636 89894.15873 12.914 46143.0 32.511 62897.0 25.591 "" "" 0.0027597314088235055 0.0028931366 0.0038051116 0.006698248 333.00229389748 61.20530373895 713.298035 -10.154999999999998 -8.771999999999998
330.47563705674 60.63593611744 0.0358 0.0323 59.3568 "" "" 2203169346410630784 1022.89697 0.9572 0.038 -1.964 -3.411 0.046 0.04 4.291 "" "" 13.303635 1.366964 13.906837 12.539872 -27.33 6.42 983.389404 1064.72668 89844.8229 76.308 37384.0 104.97 76420.0 133.49 "" "" 0.002905537629822071 0.004132693 0.0042285523 0.0083612455 330.47563705674 60.63593611744 1022.89697 -1.9639999999999995 -3.4109999999999996
330.48832537521 60.48412569613 0.0099 0.0096 63.9008 "" "" 2203155529491630208 770.935303 1.2708 0.0107 -4.037 -5.369 0.013 0.012 1.044 7009.1 4.1324 13.303726 1.07492 13.753897 12.678977 "" "" 764.859558 776.359009 89837.18901 12.513 43039.0 28.475 67231.0 31.403 "" "" 0.00275946716529123 0.0028811544 0.0038132553 0.00669441 330.48832537521 60.48412569613 770.935303 -4.037000000000001 -5.369000000000001
332.15799055518 61.02604250011 0.0683 0.0691 5.3988 "" "" 2203101245412355840 788.548401 1.2746 0.076 -2.291 -3.297 0.083 0.092 9.766 6334.6 4.0093 13.30485 0.978906 13.621446 12.64254 -38.05 6.44 736.608154 842.963867 89744.28633 35.72 48623.0 113.64 69525.0 258.36 "" "" 0.002789003092664598 0.003771496 0.00552832 0.009299817 332.15799055518 61.02604250011 788.548401 -2.2910000000000004 -3.297000000000001
333.33501874677 61.42944488628 0.0095 0.0096 36.5491 "" "" 2204635373367335680 706.402039 1.3888 0.0111 2.1 -0.777 0.012 0.012 0.922 5778.2 4.1312 13.306162 1.015755 13.727482 12.711727 3.05 2.37 700.193542 711.924072 89635.9233 11.909 44099.0 25.949 65233.0 28.346 "" "" 0.002759093624818292 0.0028623785 0.0038087154 0.006671094 333.33501874677 61.42944488628 706.402039 2.1000000000000005 -0.777
331.07310437918 61.64367877019 0.0094 0.0101 47.662 "" "" 2203376363835117440 850.166992 1.1484 0.011 5.984 0.879 0.012 0.011 0.935 6722.4 4.1311 13.306745 0.881288 13.660824 12.779536 -9.95 5.24 841.315613 859.2229 89587.8171 17.569 46891.0 24.391 61284.0 25.103 "" "" 0.002763534976835067 0.002846753 0.003805459 0.006652212 331.07310437918 61.64367877019 850.166992 5.984 0.879
331.37945210012 61.75747952209 0.0099 0.0093 47.2623 "" "" 2203382582947795456 904.506165 1.079 0.0105 2.633 0.425 0.014 0.011 0.991 6897.8 4.0648 13.307978 0.944005 13.691218 12.747213 -25.75 4.69 897.210754 912.269165 89486.10653 14.824 45596.0 43.794 63135.0 22.444 "" "" 0.0027611843389106047 0.0029786802 0.0037990394 0.0067777196 331.37945210012 61.75747952209 904.506165 2.633 0.42499999999999977
332.54887384575 61.88866489143 0.0316 0.0296 48.1927 "" "" 2204875135620859520 757.407715 1.2914 0.0337 5.745 1.677 0.044 0.04 3.284 7202.5 4.1614 13.314994 0.865236 13.660511 12.795275 "" "" 737.555298 776.742981 88909.6958 15.334 46904.0 25.221 60402.0 30.306 "" "" 0.0027616758295903885 0.0028505947 0.0038184403 0.006669035 332.54887384575 61.88866489143 757.407715 5.745 1.677
330.91966423207 60.47994236662 0.01 0.0102 54.2285 "" "" 2203058123939440768 808.104309 1.2111 0.0115 1.486 -5.163 0.013 0.012 0.961 7137.3 4.0694 13.31984 0.926549 13.694628 12.768079 "" "" 800.742249 816.491577 88513.68534 24.761 45453.0 56.574 61934.0 39.86 "" "" 0.00277200990708599 0.0031002075 0.0038434363 0.006943644 330.91966423207 60.47994236662 808.104309 1.4860000000000002 -5.163
333.34764426223 61.92039004956 0.0096 0.0103 58.2134 "" "" 2204837374267651456 916.605957 1.063 0.0106 3.079 -1.715 0.013 0.012 0.932 6685.9 3.9088 13.325353 1.098418 13.787363 12.688945 -25.85 3.86 907.924927 925.956665 88065.44499 13.218 41732.0 25.554 66616.0 40.709 "" "" 0.0027601351047111637 0.0028682842 0.0038371799 0.006705464 333.34764426223 61.92039004956 916.605957 3.079 -1.7150000000000003
330.71849513097 60.42230210524 0.01 0.0099 60.9436 "" "" 2203151513706544640 887.107361 1.1001 0.0112 -1.692 -3.733 0.013 0.012 0.974 7075.0 3.9931 13.335937 1.157452 13.828446 12.670995 -17.9 6.34 877.943054 895.755798 87211.19191 12.166 40183.0 25.366 67727.0 29.551 "" "" 0.0027594799767306825 0.0028731166 0.0038089568 0.0066820737 330.71849513097 60.42230210524 887.107361 -1.6919999999999993 -3.7329999999999997
330.95819592583 61.42348002396 0.0089 0.0097 42.7489 "" "" 2203368804692600192 996.184753 0.9765 0.0103 -0.639 -3.427 0.012 0.012 0.966 8409.8 4.2645 13.345499 0.736951 13.630844 12.893893 "" "" 987.810608 1007.73865 86446.43133 18.933 48204.0 47.158 55157.0 29.358 "" "" 0.0027655622027520413 0.0029855093 0.003823309 0.0068088183 330.95819592583 61.42348002396 996.184753 -0.6389999999999998 -3.427
332.23084877614 61.34405581382 0.0096 0.0097 14.9242 "" "" 2204798272884344192 940.548279 1.0369 0.0111 -1.929 -2.144 0.013 0.012 1.024 7852.5 4.204 13.345521 0.738505 13.623589 12.885083 "" "" 931.108704 950.446228 86444.68196 17.722 48527.0 85.727 55606.0 93.108 "" "" 0.0027642963196481962 0.003385844 0.0041938988 0.007579743 332.23084877614 61.34405581382 940.548279 -1.9290000000000005 -2.144
333.5317757434 61.60295915399 0.0098 0.0089 47.2518 "" "" 2204639290377478784 911.122009 1.0688 0.0105 -2.535 -3.16 0.013 0.011 1.002 "" "" 13.352113 1.051106 13.78281 12.731704 "" "" 899.480713 920.825989 85921.4313 17.857 41908.0 23.151 64044.0 32.35 "" "" 0.002764544516095802 0.0028539083 0.003818966 0.006672874 333.5317757434 61.60295915399 911.122009 -2.535 -3.16
331.32128046675 60.93497573577 0.0271 0.0254 29.3513 "" "" 2203262461300515840 806.755371 1.2108 0.0284 11.523 11.04 0.034 0.032 2.702 7734.2 4.1319 13.353922 0.81666 13.676951 12.860292 "" "" 789.609741 824.776123 85778.37672 19.195 46199.0 30.161 56891.0 31.909 "" "" 0.002766011373398761 0.002878798 0.0038281286 0.0067069265 331.32128046675 60.93497573577 806.755371 11.523000000000001 11.039999999999997
333.19606004681 60.4804629476 0.0091 0.009 45.751 "" "" 2201510011561835520 735.599487 1.3303 0.0102 8.813 -0.429 0.012 0.011 0.916 7099.5 4.0025 13.36135 1.484956 14.039551 12.554595 -12.77 3.22 730.634827 739.912903 85193.57445 15.779 33082.0 25.284 75391.0 29.356 "" "" 0.002762648691612684 0.0029109505 0.003802954 0.0067139044 333.19606004681 60.4804629476 735.599487 8.813 -0.429
332.08423021696 60.71009615289 0.0094 0.0104 23.8218 "" "" 2203076918717426688 727.01947 1.3471 0.011 -1.098 -2.377 0.013 0.014 0.952 6181.2 3.9758 13.361942 1.124791 13.838653 12.713861 -34.52 3.12 721.669617 733.205139 85147.08605 13.283 39807.0 32.401 65105.0 24.34 "" "" 0.0027605212325807053 0.00292678 0.003801117 0.0067278966 332.08423021696 60.71009615289 727.01947 -1.0979999999999999 -2.3769999999999993
333.08540756916 61.14582718571 0.0097 0.0095 23.6884 "" "" 2204593175300086784 822.828308 1.1872 0.0115 -1.308 -1.17 0.012 0.012 0.973 6437.4 4.1414 13.366573 0.939265 13.744814 12.805549 -29.18 5.05 815.382568 830.666077 84784.69067 16.326 43400.0 45.682 59833.0 59.148 "" "" 0.0027632406069788857 0.0030151447 0.003928831 0.0069439756 333.08540756916 61.14582718571 822.828308 -1.3080000000000003 -1.1700000000000002
332.61471073303 60.72176198258 0.0095 0.0098 24.562 "" "" 2203032972610284672 822.676819 1.1884 0.011 5.717 3.029 0.012 0.011 0.971 6257.4 3.9099 13.36726 1.151072 13.857883 12.706812 -49.67 3.19 814.947998 829.971375 84731.07583 14.452 39108.0 23.569 65529.0 24.36 "" "" 0.0027615364335759215 0.0028658684 0.0038008727 0.0066667413 332.61471073303 60.72176198258 822.676819 5.717 3.029
332.16059796959 61.36192816919 0.0092 0.0097 16.2787 "" "" 2204799269316744448 862.645691 1.1323 0.0105 -5.658 -5.779 0.013 0.012 0.91 7073.7 4.1332 13.370548 0.878597 13.722137 12.84354 "" "" 854.315002 870.993286 84474.83522 14.629 44316.0 30.041 57775.0 22.985 "" "" 0.002761728109599938 0.00288561 0.0038039852 0.006689595 332.16059796959 61.36192816919 862.645691 -5.658 -5.778999999999999
332.08925491163 62.1204930163 0.0102 0.0097 61.6838 "" "" 2204895888902487680 855.729736 1.1406 0.0112 -1.195 -3.054 0.012 0.012 0.97 6552.1 4.0831 13.37182 0.978876 13.773664 12.794788 -24.01 2.99 848.815674 864.908203 84375.99092 14.03 42262.0 25.824 60429.0 20.771 "" "" 0.0027612284476033365 0.0028679597 0.0037977628 0.0066657225 332.08925491163 62.1204930163 855.729736 -1.1949999999999994 -3.0540000000000003
333.10757004122 60.09996619283 0.0107 0.0104 64.6149 "" "" 2199988837230144000 705.381165 1.3898 0.0119 20.52 11.105 0.015 0.014 1.079 4928.2 3.4676 13.375211 1.759566 14.222183 12.462617 -32.55 1.89 699.30426 710.570312 84112.83512 15.867 27960.0 23.906 82056.0 79.106 "" "" 0.002762921938396497 0.0029405463 0.0039216466 0.006862193 333.10757004122 60.09996619283 705.381165 20.520000000000003 11.105
332.4269055153 61.57271609208 0.0099 0.0103 28.9256 "" "" 2204814215803195392 713.565735 1.3751 0.0114 -19.996 -12.245 0.014 0.013 0.916 6320.9 4.1562 13.377581 1.02483 13.803364 12.778534 -26.63 3.06 708.594788 718.679321 83929.46888 13.16 41122.0 31.161 61340.0 22.89 "" "" 0.0027605745074434688 0.0029089425 0.0038010369 0.0067099794 332.4269055153 61.57271609208 713.565735 -19.996 -12.245000000000001
332.62068162685 60.20322064219 0.0097 0.0103 54.538 "" "" 2199999316944716800 775.330383 1.2623 0.0113 0.753 5.1 0.013 0.014 1.01 6664.1 3.9895 13.382593 1.129967 13.859536 12.729569 -23.26 6.29 768.873962 782.471313 83542.88152 13.621 39048.0 42.745 64170.0 36.46 "" "" 0.0027610008519083416 0.0030327637 0.003829397 0.0068621607 332.62068162685 60.20322064219 775.330383 0.7529999999999997 5.1
330.96268731154 60.70895380094 0.0099 0.0104 44.7728 "" "" 2203252634415361536 704.7901 1.3917 0.0116 -5.899 -16.717 0.013 0.013 0.923 6303.4 3.9709 13.385874 1.204122 13.898245 12.694122 -13.57 3.62 698.580261 710.518799 83290.82985 14.705 37681.0 38.284 66299.0 64.227 "" "" 0.0027619799457023015 0.003000317 0.0039230115 0.006923328 330.96268731154 60.70895380094 704.7901 -5.898999999999999 -16.717
330.62324992292 60.37443300064 0.0107 0.0113 64.9648 "" "" 2203150963950729472 1001.9212 0.9681 0.0129 -7.69 -9.839 0.014 0.013 1.017 "" "" 13.389118 1.737202 14.229116 12.491915 -56.63 1.0 988.631958 1014.20868 83042.33153 16.785 27782.0 23.659 79872.0 33.633 "" "" 0.00276404595473556 0.0029393784 0.0038069342 0.0067463126 330.62324992292 60.37443300064 1001.9212 -7.689999999999999 -9.839
