Clusters/ESO_332_13/ESO_332_13_members.tsv
# %ECSV 1.0
# ---
# datatype:
# - name: RA_ICRS_1
#   unit: deg
#   datatype: float64
#   format: '{:15.11f}'
#   description: Right ascension (ICRS) at Ep=2016.0 (ra)
#   meta: !!omap
#   - {ucd: POS_EQ_RA_MAIN}
#   - {width: 15}
#   - {precision: '11'}
# - name: DE_ICRS_1
#   unit: deg
#   datatype: float64
#   format: '{:15.11f}'
#   description: Declination (ICRS) at Ep=2016.0 (dec)
#   meta: !!omap
#   - {ucd: POS_EQ_DEC_MAIN}
#   - {width: 15}
#   - {precision: '11'}
# - name: e_RA_ICRS
#   unit: mas
#   datatype: float64
#   format: '{:7.4f}'
#   description: Standard error of right ascension (ra_error)
#   meta: !!omap
#   - {ucd: ERROR}
#   - {width: 7}
#   - {precision: '4'}
# - name: e_DE_ICRS
#   unit: mas
#   datatype: float64
#   format: '{:7.4f}'
#   description: Standard error of declination (dec_error)
#   meta: !!omap
#   - {ucd: ERROR}
#   - {width: 7}
#   - {precision: '4'}
# - name: _r_1
#   unit: ''
#   datatype: float64
#   format: '{:7.4f}'
#   description: Distance from center (254.17010974000-40.58869537000)[ICRS], at Epoch=J2016.0
#   meta: !!omap
#   - {ucd: POS_ANG_DIST_GENERAL}
#   - {width: 7}
#   - {precision: '4'}
# - name: HIP
#   datatype: int32
#   description: '? HIP cross-id number, van Leeuwen, Cat. I/311 (hip_original_ext_source_id)'
#   meta: !!omap
#   - {ucd: ID_NUMBER}
#   - {width: 6}
#   - values: {'null': -2147483648}
# - name: TYC2
#   datatype: string
#   description: Tycho-2 cross-id name, Hog et al., Cat. I/259 (tyc2_original_ext_source_id)
#   meta: !!omap
#   - {ucd: ID_CROSSID}
#   - {_votable_string_dtype: char}
# - name: Source
#   datatype: int64
#   description: Source identifier, identical to the Gaia-EDR3 source_id (id)
#   meta: !!omap
#   - {ucd: ID_MAIN}
#   - {width: 19}
# - name: rgeo
#   unit: pc
#   datatype: float64
#   format: '{:15.8f}'
#   description: '? Median of the geometric distance posterior (r_med_geo)'
#   meta: !!omap
#   - {ucd: PHYS_DISTANCE_TRUE}
#   - {width: 15}
#   - {precision: '8'}
#   - values: {'null': .nan}
# - name: Plx
#   unit: mas
#   datatype: float64
#   format: '{:9.4f}'
#   description: '? Parallax (parallax)'
#   meta: !!omap
#   - {ucd: POS_PARLX_TRIG}
#   - {width: 9}
#   - {precision: '4'}
#   - values: {'null': .nan}
# - name: e_Plx
#   unit: mas
#   datatype: float32
#   format: '{:7.4f}'
#   description: '? Standard error of parallax (parallax_error)'
#   meta: !!omap
#   - {ucd: ERROR}
#   - {width: 7}
#   - {precision: '4'}
#   - values: {'null': .nan}
# - name: pmRA
#   unit: mas / yr
#   datatype: float64
#   format: '{:9.3f}'
#   description: '? Proper motion in right ascension direction, pmRA*cosDE (pmra)'
#   meta: !!omap
#   - {ucd: POS_EQ_PMRA}
#   - {width: 9}
#   - {precision: '3'}
#   - values: {'null': .nan}
# - name: pmDE
#   unit: mas / yr
#   datatype: float64
#   format: '{:9.3f}'
#   description: '? Proper motion in declination direction (pmdec)'
#   meta: !!omap
#   - {ucd: POS_EQ_PMDEC}
#   - {width: 9}
#   - {precision: '3'}
#   - values: {'null': .nan}
# - name: e_pmRA
#   unit: mas / yr
#   datatype: float32
#   format: '{:6.3f}'
#   description: '? Standard error of proper motion in right ascension direction (pmra_error)'
#   meta: !!omap
#   - {ucd: ERROR}
#   - {width: 6}
#   - {precision: '3'}
#   - values: {'null': .nan}
# - name: e_pmDE
[...]
#         unit: &id001 !astropy.units.Unit {unit: deg}
#         value: !astropy.table.SerializedColumn {name: SkyCoord.dec}
#       distance: !astropy.table.SerializedColumn
#         __class__: astropy.coordinates.distances.Distance
#         unit: !astropy.units.Unit {unit: pc}
#         value: !astropy.table.SerializedColumn {name: SkyCoord.distance}
#       frame: icrs
#       obstime: !astropy.time.Time {format: jyear_str, in_subfmt: '*', jd1: 367701545.0, jd2: 0.0, out_subfmt: '*', precision: 3, scale: tt}
#       pm_dec: !astropy.table.SerializedColumn
#         __class__: astropy.units.quantity.Quantity
#         unit: !astropy.units.Unit {unit: mas / yr}
#         value: !astropy.table.SerializedColumn {name: SkyCoord.pm_dec}
#       pm_ra_cosdec: !astropy.table.SerializedColumn
#         __class__: astropy.units.quantity.Quantity
#         unit: !astropy.units.Unit {unit: mas / yr}
#         value: !astropy.table.SerializedColumn {name: SkyCoord.pm_ra_cosdec}
#       ra: !astropy.table.SerializedColumn
#         __class__: astropy.coordinates.angles.Longitude
#         unit: *id001
#         value: !astropy.table.SerializedColumn {name: SkyCoord.ra}
#         wrap_angle: !astropy.coordinates.Angle
#           unit: *id001
#           value: 360.0
#       representation_type: spherical
# schema: astropy-2.0
RA_ICRS_1 DE_ICRS_1 e_RA_ICRS e_DE_ICRS _r_1 HIP TYC2 Source rgeo Plx e_Plx pmRA pmDE e_pmRA e_pmDE RUWE Teff logg Gmag BP-RP BPmag RPmag RV e_RV b_rgeo B_rgeo FG e_FG FBP e_FBP FRP e_FRP RAVE5 RAVE6 e_Gmag e_BPmag e_RPmag e_BP-RP SkyCoord.ra SkyCoord.dec SkyCoord.distance SkyCoord.pm_ra_cosdec SkyCoord.pm_dec Pmemb
254.10296320723 -40.55373855737 0.0154 0.01 3.71 "" 7872-753-1 5969675138946197760 1724.87732 0.5575 0.0178 -0.145 -1.007 0.025 0.017 0.719 15242.3 3.7058 9.919582 0.255668 9.989928 9.734261 -39.62 11.53 1670.19824 1772.36926 2028214.40821 475.6 1378600.0 710.96 1012600.0 305.15 "" "" 0.002767057775761491 0.0028457982 0.003793518 0.006639316 254.10296320723 -40.55373855737 1724.87732 -0.14499999999999996 -1.0069999999999997 0.99
254.16811613995 -40.5800889146 0.0154 0.0103 0.5243 "" 7872-632-1 5969697541498740992 1539.49927 0.6218 0.018 -0.053 -1.09 0.023 0.017 0.825 15706.1 3.599 10.092942 0.301507 10.182054 9.880547 "" "" 1499.70874 1581.11768 1728899.88927 904.62 1155000.0 1572.5 884990.0 894.17 "" "" 0.0028132758222481377 0.0031575498 0.003935369 0.007092919 254.16811613995 -40.5800889146 1539.49927 -0.052999999999999964 -1.0899999999999999 0.99
254.13176616064 -40.63547944841 0.0211 0.0141 3.306 "" "" 5969673695837020928 1625.7865 0.5672 0.025 -0.036 -1.079 0.028 0.022 1.085 14093.4 3.7217 11.152624 0.32777 11.258884 10.931114 "" "" 1549.3053 1700.81226 651474.25958 242.14 428410.0 257.85 336290.0 125.29 "" "" 0.002784715276073848 0.0028656733 0.0038009675 0.0066666408 254.13176616064 -40.63547944841 1625.7865 -0.03600000000000003 -1.079 1.0
254.07575243029 -40.59317427277 0.0134 0.0088 4.3075 "" "" 5969674760989036544 1759.14148 0.5313 0.0153 -0.153 -1.219 0.018 0.014 0.849 "" "" 11.999806 0.488532 12.170336 11.681804 "" "" 1700.62158 1806.85095 298554.7791 74.18 185050.0 113.1 168440.0 75.987 "" "" 0.0027684947290234096 0.002867995 0.0038109883 0.0066789836 254.07575243029 -40.59317427277 1759.14148 -0.15300000000000002 -1.219 1.0
254.08391548553 -40.58796875391 0.0136 0.0089 3.9276 "" "" 5969674760989036800 1637.19788 0.5711 0.0149 -0.268 -1.33 0.019 0.014 0.919 9972.3 3.8325 12.172942 0.449531 12.331834 11.882303 "" "" 1604.50061 1673.52405 254548.13733 72.783 159470.0 137.48 140040.0 92.146 "" "" 0.0027727541084691535 0.0029429882 0.0038463115 0.0067892997 254.08391548553 -40.58796875391 1637.19788 -0.268 -1.33 0.97
254.12089104804 -40.61255062844 0.0133 0.0089 2.6601 "" "" 5969673897677714816 1618.43762 0.5807 0.0155 -0.179 -1.13 0.018 0.014 0.965 "" "" 12.369903 0.434929 12.522984 12.088056 "" "" 1581.1333 1659.67395 212317.52069 44.377 133730.0 96.108 115860.0 63.698 "" "" 0.0027646496512702193 0.0028972223 0.0038262308 0.0067234533 254.12089104804 -40.61255062844 1618.43762 -0.179 -1.13 1.0
254.21729565076 -40.56255854696 0.0123 0.0082 2.6615 "" "" 5969697777695876352 1722.11316 0.5482 0.0145 -0.092 -1.023 0.018 0.014 0.93 "" "" 12.503139 0.604494 12.723025 12.118531 -53.41 38.96 1685.47058 1763.92175 187798.02496 138.69 111230.0 319.01 112650.0 219.46 "" "" 0.002869618320204539 0.00418109 0.00433102 0.0085121095 254.21729565076 -40.56255854696 1722.11316 -0.09199999999999998 -1.023 1.0
254.08163586022 -40.56053624265 0.0139 0.009 4.3717 "" "" 5969674997189338112 1668.24792 0.564 0.0153 -0.21 -0.785 0.018 0.014 0.833 "" "" 12.526985 0.405083 12.666022 12.26094 "" "" 1624.83118 1708.41711 183718.43372 51.641 117220.0 115.64 98806.0 84.862 "" "" 0.0027721703745505295 0.0029886966 0.0038927246 0.0068814214 254.08163586022 -40.56053624265 1668.24792 -0.21000000000000002 -0.785 0.99
254.16656569317 -40.63151465248 0.0147 0.0097 2.5742 "" "" 5969673725879024128 1567.76392 0.604 0.0174 -0.247 -1.366 0.021 0.015 1.003 "" "" 12.544118 0.426479 12.69234 12.265861 "" "" 1530.17456 1612.29944 180842.07283 41.787 114410.0 73.21 98359.0 29.451 "" "" 0.002766718303130489 0.0028753662 0.003793338 0.0066687046 254.16656569317 -40.63151465248 1567.76392 -0.24699999999999997 -1.366 0.98
254.13507374605 -40.54555104571 0.0136 0.0087 3.0416 "" "" 5969698434851963392 1670.28406 0.563 0.0149 -0.103 -0.966 0.019 0.014 0.895 "" "" 12.727771 0.448007 12.88555 12.437543 "" "" 1628.8374 1715.90491 152699.76831 31.619 95763.0 61.683 83973.0 47.299 "" "" 0.0027644770262611005 0.0028764792 0.0038285414 0.0067050206 254.13507374605 -40.54555104571 1670.28406 -0.10299999999999998 -0.966 1.0
254.23747264472 -40.63713057 0.015 0.0093 4.226 "" "" 5966694496057960192 1593.10486 0.5997 0.016 -0.015 -1.299 0.022 0.015 0.85 "" "" 12.914228 0.693343 13.179794 12.486451 "" "" 1553.7887 1632.59167 128604.369 28.836 73030.0 37.377 80275.0 33.551 "" "" 0.0027660541610810743 0.0028449662 0.003806527 0.0066514933 254.23747264472 -40.63713057 1593.10486 -0.015000000000000013 -1.2990000000000004 0.99
254.12043173726 -40.6523506549 0.0144 0.0098 4.4391 "" "" 5969673283520149120 1524.8269 0.6206 0.0179 -0.185 -1.202 0.019 0.016 0.934 "" "" 12.997603 0.547369 13.196852 12.649483 "" "" 1484.68335 1560.521 119098.19824 31.593 71891.0 67.201 69082.0 30.363 "" "" 0.002770332125460309 0.0029690203 0.00380939 0.00677841 254.12043173726 -40.6523506549 1524.8269 -0.185 -1.202 1.0
254.17196107108 -40.5850545925 0.0138 0.0091 0.2342 "" "" 5969697335340307968 1589.9469 0.5876 0.0162 -0.19 -1.169 0.02 0.015 0.936 "" "" 13.59847 0.719837 13.873183 13.153346 "" "" 1552.1283 1637.06641 68479.22024 15.079 38561.0 27.31 43433.0 23.724 "" "" 0.0027656730260399052 0.0028941892 0.003825629 0.0067198183 254.17196107108 -40.5850545925 1589.9469 -0.18999999999999997 -1.169 1.0
254.15127012363 -40.64456381802 0.0144 0.0096 3.4602 "" "" 5969673622800036352 1650.57568 0.565 0.0166 -0.261 -1.37 0.02 0.015 0.903 "" "" 13.64457 0.716319 13.91956 13.203241 "" "" 1608.96338 1689.88611 65632.44616 20.165 36948.0 45.416 41482.0 38.217 "" "" 0.0027754399746915295 0.0030929164 0.0039095124 0.007002429 254.15127012363 -40.64456381802 1650.57568 -0.261 -1.37 0.97
254.15111881077 -40.57668488334 0.0176 0.0119 1.1261 "" "" 5969697575858486144 1499.94519 0.6208 0.0218 -0.074 -0.971 0.027 0.019 0.898 "" "" 14.177095 0.855304 14.515381 13.660077 "" "" 1449.34692 1557.73474 40189.13484 11.441 21343.0 23.932 27235.0 20.465 "" "" 0.002772602331848477 0.0030442092 0.003866437 0.0069106463 254.15111881077 -40.57668488334 1499.94519 -0.07400000000000004 -0.971 1.0
254.18560102624 -40.61831265832 0.0191 0.0122 1.912 "" "" 5966694809590767232 1540.85413 0.6008 0.022 -0.047 -1.22 0.026 0.02 0.955 7332.9 4.0627 14.509316 1.004622 14.91796 13.913338 -45.87 8.16 1490.43054 1591.19897 29595.12754 19.341 14731.0 37.962 21569.0 53.974 "" "" 0.0028452153805557244 0.0039514066 0.004654616 0.008606022 254.18560102624 -40.61831265832 1540.85413 -0.04699999999999996 -1.2199999999999998 1.0
254.08336034734 -40.59082784141 0.0241 0.0164 3.9547 "" "" 5969674756671451264 1628.42981 0.5733 0.0268 -0.123 -1.094 0.033 0.026 1.002 5349.1 3.5883 15.045547 1.553108 15.763465 14.210357 -0.49 6.35 1565.83179 1693.75391 18060.41336 19.746 6761.3 41.937 16406.0 41.679 "" "" 0.0030001534563823627 0.0072894194 0.0046788733 0.011968292 254.08336034734 -40.59082784141 1628.42981 -0.123 -1.094 1.0
254.21691769456 -40.62600515386 0.0261 0.0174 3.0915 "" "" 5966694775231021952 1498.17554 0.6262 0.0295 -0.146 -1.419 0.038 0.028 0.974 5934.6 3.6927 15.155228 1.315125 15.729888 14.414763 "" "" 1442.74402 1563.1261 16325.09974 17.564 6973.7 34.308 13591.0 48.378 "" "" 0.0029927113623912046 0.0060262573 0.0054055504 0.011431808 254.21691769456 -40.62600515386 1498.17554 -0.14599999999999996 -1.4189999999999998 0.98
254.19618756588 -40.60030689241 0.0256 0.017 1.3773 "" "" 5969697266601261184 1628.12378 0.5823 0.0298 -0.044 -0.888 0.037 0.029 0.995 5870.7 3.6705 15.214525 1.461614 15.878128 14.416514 "" "" 1560.84717 1695.66309 15457.41211 19.845 6083.7 26.739 13569.0 41.097 "" "" 0.003087848599459985 0.0055278535 0.0050097303 0.010537583 254.19618756588 -40.60030689241 1628.12378 -0.044000000000000025 -0.8880000000000001 0.98
254.14625508332 -40.54527529241 0.0302 0.0201 2.823 "" "" 5969698366132483840 1303.95398 0.7292 0.0328 -0.082 -0.758 0.043 0.033 0.935 6427.4 4.2899 15.429434 1.098068 15.887795 14.789727 "" "" 1254.51624 1370.22559 12681.58045 4.0834 6029.7 16.915 9622.0 11.821 "" "" 0.002777410725615946 0.004130607 0.004007859 0.008138467 254.14625508332 -40.54527529241 1303.95398 -0.08200000000000002 -0.758 0.95
254.124813895 -40.63031248756 0.0276 0.0186 3.2391 "" "" 5969673897677957376 1681.25403 0.5604 0.0325 -0.02 -1.363 0.038 0.029 1.017 5562.9 3.8633 15.444665 1.455428 16.106985 14.651557 "" "" 1595.79626 1784.72021 12504.91492 16.706 4927.5 23.941 10928.0 38.796 "" "" 0.003113795603875055 0.0059676557 0.005398247 0.011365903 254.124813895 -40.63031248756 1681.25403 -0.020000000000000046 -1.3630000000000002 0.99
254.19090781581 -40.56289660875 0.0284 0.0183 1.8151 "" "" 5969697438419528064 1492.1687 0.6337 0.0335 -0.066 -1.077 0.04 0.031 0.996 5113.0 4.1274 15.474707 1.646818 16.237717 14.590898 "" "" 1418.99451 1554.77991 12163.653 36.029 4368.5 46.072 11556.0 90.572 "" "" 0.004234888012404409 0.011785658 0.009311152 0.02109681 254.19090781581 -40.56289660875 1492.1687 -0.06599999999999999 -1.077 1.0
254.24293407593 -40.56617614277 0.0319 0.0199 3.5832 "" "" 5966695389398162048 1338.66968 0.7068 0.0372 -0.032 -1.044 0.045 0.033 1.087 5330.3 3.715 15.567419 1.821197 16.396576 14.575379 "" "" 1270.09937 1411.42603 11168.10028 21.198 3773.9 25.533 11722.0 66.156 "" "" 0.0034407506055491558 0.007857799 0.007199406 0.015057204 254.24293407593 -40.56617614277 1338.66968 -0.032 -1.0440000000000003 1.0
254.15203718744 -40.64000327283 0.0367 0.0246 3.1866 "" "" 5969673622800040320 1257.11072 0.7544 0.0429 0.019 -1.27 0.05 0.039 1.219 4736.6 4.1645 15.735393 1.67635 16.507093 14.830744 "" "" 1200.49561 1316.75562 9567.31112 13.375 3408.6 21.995 9265.3 42.421 "" "" 0.0031457353595193936 0.007541191 0.006244581 0.013785772 254.15203718744 -40.64000327283 1257.11072 0.01899999999999996 -1.2700000000000005 0.99
254.13035413835 -40.65111499009 0.0323 0.0218 4.1599 "" "" 5969673592757788416 1402.86853 0.6758 0.0382 -0.132 -1.149 0.044 0.035 1.045 "" "" 15.744831 1.819723 16.629253 14.80953 "" "" 1325.703 1474.79236 9484.49514 11.88 3045.9 17.091 9448.1 41.438 "" "" 0.0030726672181791764 0.006700768 0.0060794116 0.01278018 254.13035413835 -40.65111499009 1402.86853 -0.13200000000000006 -1.1490000000000002 1.0
254.13590051175 -40.50985283208 0.0336 0.0221 4.981 "" "" 5969698744089755264 1392.18811 0.6797 0.0381 0.078 -1.109 0.048 0.038 0.993 "" "" 15.766577 1.84102 16.641373 14.800353 "" "" 1307.04431 1472.10474 9296.42798 10.098 3012.1 14.186 9528.3 30.511 "" "" 0.002997108795071735 0.005825163 0.0051352764 0.010960439 254.13590051175 -40.50985283208 1392.18811 0.07800000000000001 -1.1089999999999998 0.97
254.26378340548 -40.57265571671 0.0362 0.0227 4.3758 "" "" 5966695324986841728 1608.0658 0.5858 0.0412 0.07 -0.984 0.051 0.038 1.003 "" "" 15.941476 1.909874 16.87031 14.960436 "" "" 1524.05969 1725.57874 7913.27724 27.141 2439.5 33.145 8222.1 88.177 "" "" 0.004632380647738416 0.015013231 0.012241861 0.027255092 254.26378340548 -40.57265571671 1608.0658 0.07 -0.984 0.99
254.10637497834 -40.56492568912 0.0361 0.0234 3.2358 "" "" 5969674894110429952 1573.11243 0.6009 0.0404 -0.124 -1.128 0.051 0.039 1.031 "" "" 15.942438 1.832895 16.804178 14.971283 "" "" 1486.55774 1667.1853 7906.26394 93.739 2592.7 119.44 8140.4 272.82 "" "" 0.013164382848295141 0.05009525 0.03658346 0.08667871 254.10637497834 -40.56492568912 1573.11243 -0.12400000000000003 -1.1280000000000001 0.94
254.26296847401 -40.57374539311 0.0405 0.0261 4.3255 "" "" 5966695320688728320 1626.63171 0.5865 0.0476 -0.219 -0.958 0.057 0.044 1.068 4908.2 4.2541 16.101496 1.571134 16.830015 15.258882 "" "" 1528.58521 1764.06543 6828.86298 5.707 2531.7 11.511 6246.0 16.294 "" "" 0.0029008804318684783 0.005670516 0.004722928 0.010393444 254.26296847401 -40.57374539311 1626.63171 -0.21899999999999997 -0.958 0.94
254.21833013874 -40.60932316781 0.0503 0.0338 2.5214 "" "" 5966694878310240768 1571.30176 0.6017 0.0557 0.051 -0.987 0.071 0.055 1.053 5427.1 3.7267 16.407259 2.152019 17.452991 15.300973 "" "" 1449.57666 1716.4104 5152.80238 10.558 1426.3 14.431 6008.5 44.794 "" "" 0.0035413096510309465 0.01133405 0.008933143 0.020267192 254.21833013874 -40.60932316781 1571.30176 0.05099999999999999 -0.9870000000000001 0.97
254.09166756713 -40.57369937229 0.0505 0.036 3.686 "" "" 5969674791037829248 1675.12146 0.5869 0.0585 0.156 -1.121 0.066 0.056 0.934 4701.1 4.2404 16.478025 1.772215 17.313189 15.540974 "" "" 1527.18347 1837.46338 4827.66075 5.8753 1622.3 13.454 4816.9 21.047 "" "" 0.0030557737150495494 0.009426582 0.006065435 0.015492016 254.09166756713 -40.57369937229 1675.12146 0.15600000000000003 -1.1209999999999998 0.98
254.15774056604 -40.53802173858 0.0674 0.0418 3.0923 "" "" 5969698464890974208 1419.35266 0.688 0.0657 -0.1 -1.022 0.089 0.065 1.038 4602.5 4.4092 16.84205 1.845629 17.744415 15.898787 "" "" 1321.03125 1560.14966 3452.44446 4.9051 1090.6 9.712 3464.5 17.905 "" "" 0.003157739394147704 0.010063227 0.0067653256 0.016828552 254.15774056604 -40.53802173858 1419.35266 -0.1 -1.0219999999999998 0.98
