Clusters/ESO_332_13/ESO_332_13_stars_in_region.tsv
# %ECSV 1.0
# ---
# datatype:
# - name: RA_ICRS_1
#   unit: deg
#   datatype: float64
#   format: '{:15.11f}'
#   description: Right ascension (ICRS) at Ep=2016.0 (ra)
#   meta: !!omap
#   - {ucd: POS_EQ_RA_MAIN}
#   - {width: 15}
#   - {precision: '11'}
# - name: DE_ICRS_1
#   unit: deg
#   datatype: float64
#   format: '{:15.11f}'
#   description: Declination (ICRS) at Ep=2016.0 (dec)
#   meta: !!omap
#   - {ucd: POS_EQ_DEC_MAIN}
#   - {width: 15}
#   - {precision: '11'}
# - name: e_RA_ICRS
#   unit: mas
#   datatype: float64
#   format: '{:7.4f}'
#   description: Standard error of right ascension (ra_error)
#   meta: !!omap
#   - {ucd: ERROR}
#   - {width: 7}
#   - {precision: '4'}
# - name: e_DE_ICRS
#   unit: mas
#   datatype: float64
#   format: '{:7.4f}'
#   description: Standard error of declination (dec_error)
#   meta: !!omap
#   - {ucd: ERROR}
#   - {width: 7}
#   - {precision: '4'}
# - name: _r_1
#   unit: ''
#   datatype: float64
#   format: '{:7.4f}'
#   description: Distance from center (254.17010974000-40.58869537000)[ICRS], at Epoch=J2016.0
#   meta: !!omap
#   - {ucd: POS_ANG_DIST_GENERAL}
#   - {width: 7}
#   - {precision: '4'}
# - name: HIP
#   datatype: int32
#   description: '? HIP cross-id number, van Leeuwen, Cat. I/311 (hip_original_ext_source_id)'
#   meta: !!omap
#   - {ucd: ID_NUMBER}
#   - {width: 6}
#   - values: {'null': -2147483648}
# - name: TYC2
#   datatype: string
#   description: Tycho-2 cross-id name, Hog et al., Cat. I/259 (tyc2_original_ext_source_id)
#   meta: !!omap
#   - {ucd: ID_CROSSID}
#   - {_votable_string_dtype: char}
# - name: Source
#   datatype: int64
#   description: Source identifier, identical to the Gaia-EDR3 source_id (id)
#   meta: !!omap
#   - {ucd: ID_MAIN}
#   - {width: 19}
# - name: rgeo
#   unit: pc
#   datatype: float64
#   format: '{:15.8f}'
#   description: '? Median of the geometric distance posterior (r_med_geo)'
#   meta: !!omap
#   - {ucd: PHYS_DISTANCE_TRUE}
#   - {width: 15}
#   - {precision: '8'}
#   - values: {'null': .nan}
# - name: Plx
#   unit: mas
#   datatype: float64
#   format: '{:9.4f}'
#   description: '? Parallax (parallax)'
#   meta: !!omap
#   - {ucd: POS_PARLX_TRIG}
#   - {width: 9}
#   - {precision: '4'}
#   - values: {'null': .nan}
# - name: e_Plx
#   unit: mas
#   datatype: float32
#   format: '{:7.4f}'
#   description: '? Standard error of parallax (parallax_error)'
#   meta: !!omap
#   - {ucd: ERROR}
#   - {width: 7}
#   - {precision: '4'}
#   - values: {'null': .nan}
# - name: pmRA
#   unit: mas / yr
#   datatype: float64
#   format: '{:9.3f}'
#   description: '? Proper motion in right ascension direction, pmRA*cosDE (pmra)'
#   meta: !!omap
#   - {ucd: POS_EQ_PMRA}
#   - {width: 9}
#   - {precision: '3'}
#   - values: {'null': .nan}
# - name: pmDE
#   unit: mas / yr
#   datatype: float64
#   format: '{:9.3f}'
#   description: '? Proper motion in declination direction (pmdec)'
#   meta: !!omap
#   - {ucd: POS_EQ_PMDEC}
#   - {width: 9}
#   - {precision: '3'}
#   - values: {'null': .nan}
# - name: e_pmRA
#   unit: mas / yr
#   datatype: float32
#   format: '{:6.3f}'
#   description: '? Standard error of proper motion in right ascension direction (pmra_error)'
#   meta: !!omap
#   - {ucd: ERROR}
#   - {width: 6}
#   - {precision: '3'}
#   - values: {'null': .nan}
# - name: e_pmDE
[...]
#         value: !astropy.table.SerializedColumn {name: SkyCoord.dec}
#       distance: !astropy.table.SerializedColumn
#         __class__: astropy.coordinates.distances.Distance
#         unit: !astropy.units.Unit {unit: pc}
#         value: !astropy.table.SerializedColumn {name: SkyCoord.distance}
#       frame: icrs
#       obstime: !astropy.time.Time {format: jyear_str, in_subfmt: '*', jd1: 367701545.0, jd2: 0.0, out_subfmt: '*', precision: 3, scale: tt}
#       pm_dec: !astropy.table.SerializedColumn
#         __class__: astropy.units.quantity.Quantity
#         unit: !astropy.units.Unit {unit: mas / yr}
#         value: !astropy.table.SerializedColumn {name: SkyCoord.pm_dec}
#       pm_ra_cosdec: !astropy.table.SerializedColumn
#         __class__: astropy.units.quantity.Quantity
#         unit: !astropy.units.Unit {unit: mas / yr}
#         value: !astropy.table.SerializedColumn {name: SkyCoord.pm_ra_cosdec}
#       ra: !astropy.table.SerializedColumn
#         __class__: astropy.coordinates.angles.Longitude
#         unit: *id001
#         value: !astropy.table.SerializedColumn {name: SkyCoord.ra}
#         wrap_angle: !astropy.coordinates.Angle
#           unit: *id001
#           value: 360.0
#       representation_type: spherical
# schema: astropy-2.0
RA_ICRS_1 DE_ICRS_1 e_RA_ICRS e_DE_ICRS _r_1 HIP TYC2 Source rgeo Plx e_Plx pmRA pmDE e_pmRA e_pmDE RUWE Teff logg Gmag BP-RP BPmag RPmag RV e_RV b_rgeo B_rgeo FG e_FG FBP e_FBP FRP e_FRP RAVE5 RAVE6 e_Gmag e_BPmag e_RPmag e_BP-RP SkyCoord.ra SkyCoord.dec SkyCoord.distance SkyCoord.pm_ra_cosdec SkyCoord.pm_dec rmRA rmDE e_rmRA e_rmDE rRV e_rRV v_pec v_pec3d e_vpec e_vpec3d
[from data line 1765]
253.98818003643 -40.56465165463 0.036 0.024 8.4155 "" "" 5969677750287063936 1560.5885 0.5973 0.0385 -0.162 -1.101 0.048 0.04 1.027 5314.5 3.7398 15.914669 1.788596 16.786366 14.997769 "" "" 1468.80322 1642.84949 8111.08641 58.072 2635.5 78.473 7944.2 178.13 "" "" 0.008247291935018844 0.03244838 0.024636693 0.057085074 253.98818003643 -40.56465165463 1560.5885 -0.162 -1.101 -0.06912500363588334 0.011406253814697287 0.14906394 0.14106396 "" "" 0.5182452560690575 "" 0.07714466315494962 ""
253.88162853195 -40.96321739202 0.0394 0.026 26.0147 "" "" 5966660170666019456 1382.47278 0.6941 0.0491 -5.832 -6.939 0.054 0.044 1.006 5572.1 4.5283 15.917331 1.305382 16.474335 15.168953 "" "" 1302.17688 1480.57715 8091.22981 3.2465 3513.0 12.62 6785.4 25.064 "" "" 0.002789546444955088 0.0047956137 0.005510707 0.010306321 253.88162853195 -40.96321739202 1382.47278 -5.832 -6.939000000000002 -5.739125003635883 -5.826593746185303 0.15506396 0.14506395 "" "" 53.592618818450255 "" 8.042731592424907 ""
253.97381803963 -40.98873099625 0.0426 0.03 25.605 "" "" 5966659178540215936 1276.5625 0.7501 0.0497 -8.752 -8.944 0.06 0.05 1.035 5561.3 4.5425 15.917688 1.225964 16.44545 15.219486 "" "" 1195.16516 1365.12866 8088.56442 2.932 3607.8 8.3587 6476.8 15.444 "" "" 0.0027832863747320226 0.0037566845 0.0045810905 0.008337775 253.97381803963 -40.98873099625 1276.5625 -8.752 -8.944 -8.659125003635884 -7.831593746185304 0.16106395 0.15106395 "" "" 70.64658013496523 "" 11.066329479991296 ""
253.90512123525 -40.73525786198 0.0394 0.0259 14.9261 "" "" 5969666372895166592 1458.354 0.6594 0.0472 -5.713 -8.005 0.051 0.045 0.973 5845.0 4.4958 15.918239 1.125384 16.395414 15.27003 "" "" 1354.62927 1580.79211 8084.46264 2.99 3777.9 7.9379 6182.2 9.2597 "" "" 0.002784427281675094 0.0036040682 0.004114402 0.00771847 253.90512123525 -40.73525786198 1458.354 -5.713 -8.005000000000003 -5.620125003635883 -6.8925937461853035 0.15206395 0.14606395 "" "" 61.47692232773348 "" 9.12865372148891 ""
254.29966573002 -40.51651662567 0.0352 0.023 7.3239 "" "" 5966696974254292096 1287.59888 0.7375 0.0391 1.467 -0.916 0.049 0.037 1.003 6085.0 4.3082 15.919989 1.407686 16.549732 15.142046 "" "" 1239.68213 1351.31677 8071.44224 3.3918 3277.4 9.8837 6955.7 12.589 "" "" 0.0027928397642436255 0.004301847 0.0042597144 0.008561561 254.29966573002 -40.51651662567 1287.59888 1.467 -0.9159999999999999 1.5598749963641168 0.19640625381469723 0.15006395 0.13806395 "" "" 9.595427206065755 "" 1.4382015042101646 ""
254.54021254075 -40.30970391547 0.0449 0.0307 23.7859 "" "" 5966706045225356416 1581.98975 0.5921 0.0493 1.11 -4.748 0.061 0.051 1.119 "" "" 15.920844 3.101245 17.740355 14.63911 "" "" 1475.19763 1759.10474 8065.08987 4.159 1094.7 12.707 11054.0 16.125 "" "" 0.002811630852139565 0.012908112 0.0040978286 0.01700594 254.54021254075 -40.30970391547 1581.98975 1.11 -4.747999999999999 1.2028749963641168 -3.635593746185303 0.16206396 0.15206395 "" "" 28.715401875639447 "" 4.395744514087227 ""
253.91038601025 -40.91326503104 0.0398 0.0291 22.7729 "" "" 5969662765122523008 1369.86475 0.6932 0.0508 -5.898 -0.493 0.056 0.045 1.028 5063.5 4.3417 15.922921 1.273785 16.464525 15.190741 "" "" 1271.50977 1489.16089 8049.67255 3.2453 3544.9 14.087 6650.6 34.225 "" "" 0.0027898731536097907 0.005138159 0.0067455433 0.011883702 253.91038601025 -40.91326503104 1369.86475 -5.898 -0.493 -5.805125003635883 0.6194062538146973 0.15706396 0.14606395 "" "" 37.90756024931979 "" 5.949380346625712 ""
254.00008818757 -40.82785995788 0.0363 0.0252 16.3009 "" "" 5966662541488118784 1391.31628 0.6861 0.0445 2.733 -1.692 0.051 0.041 0.95 5841.1 4.4487 15.923633 1.335333 16.512638 15.177305 "" "" 1285.19263 1481.85474 8044.40211 3.0214 3391.3 8.9785 6733.4 12.787 "" "" 0.0027853336886140183 0.0040059686 0.004305227 0.008311195 254.00008818757 -40.82785995788 1391.31628 2.7329999999999997 -1.6919999999999997 2.8258749963641168 -0.5795937461853027 0.15206395 0.14206395 "" "" 19.024137478768722 "" 2.8854486475916623 ""
254.0066187347 -40.26896653954 0.0381 0.0247 20.5857 "" "" 5969716881710919040 1499.60303 0.6292 0.0406 -8.906 -5.347 0.056 0.045 1.025 6069.1 4.4647 15.924605 1.228262 16.449005 15.220743 "" "" 1415.05859 1598.30261 8037.19978 2.9555 3596.0 9.6781 6469.4 13.608 "" "" 0.0027840966300123216 0.0040402603 0.004415811 0.008456072 254.0066187347 -40.26896653954 1499.60303 -8.906 -5.347000000000001 -8.813125003635884 -4.234593746185303 0.15706396 0.14606395 "" "" 69.50088142813402 "" 10.776821292338191 ""
254.30206714567 -40.98955186127 0.0346 0.0228 24.7871 "" "" 5966650416806687488 1610.98083 0.5867 0.0399 3.392 -4.042 0.051 0.039 1.046 4761.0 4.1509 15.92563 1.676161 16.718058 15.041897 "" "" 1513.54187 1727.21375 8029.61847 2.6076 2806.7 8.6861 7627.8 8.7467 "" "" 0.002777788566697734 0.004367536 0.0039791646 0.008346701 254.30206714567 -40.98955186127 1610.98083 3.3920000000000017 -4.042 3.4848749963641166 -2.9295937461853025 0.15206395 0.14006396 "" "" 34.764469785750855 "" 5.1178075626849475 ""
254.60506080365 -40.43454294604 0.0419 0.0281 21.8908 "" "" 5966701200502260736 1299.01428 0.7293 0.0462 -4.594 -5.864 0.06 0.047 0.935 6847.0 4.3259 15.926013 1.539394 16.635153 15.095758 "" "" 1222.68188 1388.87793 8026.78412 2.985 3029.4 9.5988 7258.6 13.476 "" "" 0.002784746728981538 0.0044294554 0.0042833276 0.008712783 254.60506080365 -40.43454294604 1299.01428 -4.594000000000001 -5.864000000000001 -4.501125003635884 -4.751593746185303 0.16106395 0.14806396 "" "" 40.30005987788424 "" 6.22026717480805 ""
254.67522343289 -40.39396370969 0.0432 0.0271 25.8407 "" "" 5966700955675825280 1718.20447 0.542 0.0483 0.599 -1.922 0.061 0.048 1.0 "" "" 15.926459 1.584987 16.661283 15.076297 "" "" 1614.15906 1905.42432 8023.48171 3.2104 2957.4 8.7444 7389.9 20.87 "" "" 0.002789358261242435 0.004253353 0.00486679 0.009120143 254.67522343289 -40.39396370969 1718.20447 0.5990000000000004 -1.9219999999999984 0.6918749963641166 -0.8095937461853027 0.16206396 0.14906394 "" "" 8.67331637574832 "" 1.3416254779655912 ""
254.71589030515 -40.7277722428 0.0401 0.0276 26.2061 "" "" 5966681065695437440 1505.12024 0.6355 0.0442 1.817 2.011 0.059 0.046 1.101 6864.5 4.2743 15.926667 1.304749 16.499487 15.194738 "" "" 1397.90515 1612.60315 8021.94541 2.98 3432.6 14.289 6626.2 12.557 "" "" 0.0027846839563134937 0.0053115073 0.0043031555 0.009614663 254.71589030515 -40.7277722428 1505.12024 1.8170000000000002 2.011 1.9098749963641166 3.1234062538146974 0.16006395 0.14706396 "" "" 26.118920928694184 "" 3.936458933804295 ""
253.79711899597 -40.37839530776 0.0406 0.0259 21.1884 "" "" 5969695376832762368 1469.17126 0.6602 0.0408 0.604 -2.228 0.054 0.041 1.064 5724.6 4.4439 15.926759 1.242908 16.46677 15.223862 "" "" 1361.00049 1581.88892 8021.27373 2.7512 3537.6 8.3651 6450.8 11.258 "" "" 0.0027803717335644533 0.0037916203 0.004227781 0.008019402 253.79711899597 -40.37839530776 1469.17126 0.6039999999999995 -2.2279999999999975 0.6968749963641167 -1.115593746185303 0.15506396 0.14206395 "" "" 9.160030768765942 "" 1.335806148141813 ""
254.12523073935 -40.42609580315 0.035 0.0234 9.9685 "" "" 5969702489301132800 1211.55945 0.7936 0.0407 1.8 3.203 0.049 0.039 1.059 5750.1 4.5998 15.929014 1.302534 16.495037 15.192503 "" "" 1147.72156 1279.95972 8004.62703 2.747 3446.7 10.815 6639.8 9.4589 "" "" 0.0027803991678361497 0.0044035637 0.004083632 0.008487196 254.12523073935 -40.42609580315 1211.55945 1.8000000000000003 3.203 1.8928749963641167 4.315406253814697 0.15006395 0.14006396 "" "" 27.06171852295732 "" 3.8353285761244105 ""
254.03750710179 -40.55168147423 0.0356 0.0238 6.4387 "" "" 5969678059524038784 1329.18958 0.7194 0.0393 -4.533 -4.891 0.047 0.039 0.98 5117.5 4.3759 15.9296 1.329218 16.495876 15.166658 "" "" 1270.98315 1392.42126 8000.31294 2.9601 3444.0 25.779 6799.8 28.966 "" "" 0.002784451209403963 0.008592569 0.0059728418 0.014565411 254.03750710179 -40.55168147423 1329.18958 -4.533 -4.891 -4.440125003635884 -3.7785937461853027 0.14806396 0.14006396 "" "" 36.733025459532236 "" 5.317384590871907 ""
253.88049780561 -40.21087721806 0.0365 0.0239 26.2488 "" "" 5969720768682023680 1550.30237 0.6137 0.0403 -9.161 -11.064 0.053 0.04 0.983 5309.4 4.3912 15.93199 1.322205 16.51752 15.195316 "" "" 1453.56677 1634.28357 7982.71953 2.9665 3376.1 8.7906 6622.6 9.8778 "" "" 0.00278470507476235 0.0039720326 0.0041117156 0.008083748 253.88049780561 -40.21087721806 1550.30237 -9.161000000000001 -11.063999999999993 -9.068125003635883 -9.951593746185303 0.15406395 0.14106396 "" "" 98.93543351324814 "" 14.553782761770114 ""
254.30736620601 -40.64324890422 0.0348 0.0229 7.0565 "" "" 5966693980648854784 1389.87927 0.6835 0.0403 -1.799 4.931 0.052 0.039 0.946 5245.7 4.303 15.932178 1.294924 16.502079 15.207155 "" "" 1327.39819 1462.68066 7981.33142 2.8485 3424.4 8.5924 6550.8 12.711 "" "" 0.0027824343931038198 0.0038995945 0.004326899 0.008226493 254.30736620601 -40.64324890422 1389.87927 -1.799 4.930999999999999 -1.7061250036358833 6.043406253814697 0.15306395 0.14006396 "" "" 41.37030778236389 "" 5.835883168985361 ""
253.87620745877 -40.68290151371 0.0459 0.0303 14.5267 "" "" 5969669705796138624 1283.34229 0.7638 0.052 0.591 -5.279 0.058 0.05 1.228 5682.7 4.5513 15.932569 1.323978 16.48425 15.160272 "" "" 1195.97278 1362.54236 7978.46595 3.906 3481.1 25.449 6839.9 23.026 "" "" 0.0028061228953824477 0.008413527 0.005257671 0.013671198 253.87620745877 -40.68290151371 1283.34229 0.5910000000000009 -5.279 0.6838749963641166 -4.166593746185303 0.15906395 0.15106395 "" "" 25.684697523278356 "" 3.8855608950249008 ""
253.73183890442 -40.50944644764 0.0379 0.0273 20.5391 "" "" 5969692834211980800 1661.4126 0.5613 0.0459 0.972 -1.285 0.052 0.044 1.082 7649.8 4.1665 15.934948 1.468372 16.582878 15.114506 "" "" 1530.83423 1785.16931 7960.99657 3.1701 3178.8 11.509 7134.4 9.6513 "" "" 0.0027890340746766777 0.004820529 0.0040547503 0.008875279 253.73183890442 -40.50944644764 1661.4126 0.9719999999999994 -1.2850000000000001 1.0648749963641166 -0.17259374618530265 0.15306395 0.14506395 "" "" 8.49542667290934 "" 1.2986482766219287 ""
253.82583490862 -40.66961348521 0.0389 0.0261 16.4116 "" "" 5969670599143040640 1578.0675 0.6085 0.0454 -2.526 -2.443 0.049 0.044 1.045 6009.7 4.3001 15.937529 1.404658 16.571556 15.166898 "" "" 1477.84924 1729.40063 7942.09891 3.0062 3212.1 9.1638 6798.3 16.674 "" "" 0.0027858002856096745 0.004168877 0.0046233167 0.008792194 253.82583490862 -40.66961348521 1578.0675 -2.526 -2.4429999999999996 -2.433125003635883 -1.3305937461853028 0.15006395 0.14506395 "" "" 20.743564200042286 "" 3.089292387946146 ""
254.50691688005 -40.44535491162 0.0414 0.0259 17.6062 "" "" 5966702849769619584 1436.07068 0.6583 0.0454 -3.886 -6.799 0.06 0.045 0.987 4985.9 4.3177 15.938219 1.250036 16.473675 15.223639 "" "" 1341.99158 1532.19897 7937.05187 3.0816 3515.2 19.412 6452.1 23.954 "" "" 0.0027873800348841627 0.0066131866 0.005525561 0.012138748 254.50691688005 -40.44535491162 1436.07068 -3.886 -6.7989999999999995 -3.7931250036358835 -5.686593746185303 0.16106395 0.14606395 "" "" 46.52961824174229 "" 7.0186130866155745 ""
254.24019453938 -40.34908431861 0.0369 0.0245 14.7283 "" "" 5969704413446695680 1462.77112 0.659 0.042 -3.221 -6.045 0.059 0.045 1.057 5423.3 4.4457 15.938598 1.302615 16.498026 15.195411 "" "" 1393.21387 1556.40222 7934.27992 2.9782 3437.2 11.763 6622.1 23.042 "" "" 0.002785296852129423 0.0046466417 0.0053437944 0.009990436 254.24019453938 -40.34908431861 1462.77112 -3.221 -6.045 -3.1281250036358834 -4.932593746185303 0.16006395 0.14606395 "" "" 40.4978088036868 "" 6.0832971018576085 ""
254.55416362686 -40.73938523592 0.0342 0.0231 19.6792 "" "" 5966678793644432384 1261.2207 0.7585 0.0377 -1.541 -8.053 0.05 0.039 1.039 5383.5 4.2206 15.939396 1.50975 16.630636 15.120886 "" "" 1209.86072 1299.29431 7928.4533 2.7289 3042.0 11.356 7092.6 13.332 "" "" 0.002780546945562117 0.004920661 0.0042952127 0.009215874 254.55416362686 -40.73938523592 1261.2207 -1.541000000000001 -8.053000000000004 -1.4481250036358833 -6.940593746185304 0.15106395 0.14006396 "" "" 42.38568004338303 "" 5.956885715597403 ""
254.41412540843 -40.87798828841 0.0352 0.0231 20.6002 "" "" 5966676049162177408 1368.30322 0.6972 0.0382 -0.431 -3.977 0.05 0.038 1.002 5656.5 4.4289 15.939536 1.352458 16.537724 15.185266 "" "" 1289.74487 1464.47144 7927.42576 2.6728 3313.8 9.833 6684.2 12.203 "" "" 0.0027795311149649343 0.0042619654 0.004267638 0.0085296035 254.41412540843 -40.87798828841 1368.30322 -0.43100000000000016 -3.9769999999999976 -0.3381250036358833 -2.8645937461853026 0.15106395 0.13906395 "" "" 18.70803820933189 "" 2.604829692390565 ""
254.31286640076 -41.01299862869 0.0366 0.0238 26.2709 "" "" 5966650343780768640 1510.04028 0.6294 0.0423 -0.402 -0.225 0.054 0.042 0.986 7869.3 4.1851 15.940198 1.437192 16.590494 15.153302 "" "" 1406.35413 1626.94482 7922.59573 2.8946 3156.6 8.9919 6883.9 11.604 "" "" 0.002783729167265116 0.0041654115 0.0041992073 0.008364619 254.31286640076 -41.01299862869 1510.04028 -0.402 -0.22500000000000003 -0.30912500363588336 0.8874062538146973 0.15506396 0.14306395 "" "" 6.726034037076553 "" 0.9713108846769277 ""
254.26378340548 -40.57265571671 0.0362 0.0227 4.3758 "" "" 5966695324986841728 1608.0658 0.5858 0.0412 0.07 -0.984 0.051 0.038 1.003 "" "" 15.941476 1.909874 16.87031 14.960436 "" "" 1524.05969 1725.57874 7913.27724 27.141 2439.5 33.145 8222.1 88.177 "" "" 0.004632380647738416 0.015013231 0.012241861 0.027255092 254.26378340548 -40.57265571671 1608.0658 0.07 -0.984 0.16287499636411668 0.12840625381469728 0.15206395 0.13906395 "" "" 1.5808815899283002 "" 0.23273233369326093 ""
254.10637497834 -40.56492568912 0.0361 0.0234 3.2358 "" "" 5969674894110429952 1573.11243 0.6009 0.0404 -0.124 -1.128 0.051 0.039 1.031 "" "" 15.942438 1.832895 16.804178 14.971283 "" "" 1486.55774 1667.1853 7906.26394 93.739 2592.7 119.44 8140.4 272.82 "" "" 0.013164382848295141 0.05009525 0.03658346 0.08667871 254.10637497834 -40.56492568912 1573.11243 -0.12400000000000001 -1.128000000000001 -0.03112500363588333 -0.015593746185302626 0.15206395 0.14006396 "" "" 0.25958345625647156 "" 0.0388683090113305 ""
254.6231312901 -40.52233672982 0.0428 0.0288 21.032 "" "" 5966688208212860672 1348.3374 0.7061 0.0483 0.425 -6.446 0.061 0.048 1.044 5418.5 4.2158 15.943238 1.599465 16.683222 15.083756 "" "" 1257.01062 1447.51965 7900.44107 3.5502 2898.2 13.784 7339.3 16.198 "" "" 0.0027981833895855037 0.005869421 0.0044750096 0.010344431 254.6231312901 -40.52233672982 1348.3374 0.4250000000000005 -6.446 0.5178749963641167 -5.3335937461853025 0.16206396 0.14906394 "" "" 34.24794241998999 "" 5.109471152464609 ""
254.36088767593 -40.38840380923 0.0382 0.024 14.8394 "" "" 5969706131433499008 1481.10327 0.6395 0.0414 -5.822 -3.275 0.053 0.041 0.971 5255.0 4.3638 15.943683 1.292423 16.48252 15.190096 "" "" 1389.25891 1568.7019 7897.20838 2.8596 3486.7 17.235 6654.6 29.85 "" "" 0.0027832273892683 0.0060488298 0.0061646216 0.012213452 254.36088767593 -40.38840380923 1481.10327 -5.822000000000001 -3.2750000000000057 -5.729125003635883 -2.1625937461853026 0.15406395 0.14206395 "" "" 42.99099457142123 "" 6.561236961765585 ""
254.01435855351 -40.76110137222 0.0396 0.0242 12.5395 "" "" 5969671045819560576 1426.94055 0.6718 0.044 -2.388 -3.619 0.053 0.04 0.972 5630.7 4.5315 15.943699 1.216628 16.471382 15.254754 "" "" 1332.93445 1515.21533 7897.09456 2.8319 3522.6 9.287 6269.8 9.2471 "" "" 0.0027826927802614134 0.0039973254 0.004104623 0.008101949 254.01435855351 -40.76110137222 1426.94055 -2.3879999999999977 -3.618999999999999 -2.2951250036358832 -2.506593746185303 0.15406395 0.14106396 "" "" 22.987233120719523 "" 3.382228320152622 ""
