Clusters/ESO_332_13/ESO_332_13_stars_in_region.tsv
# %ECSV 1.0
# ---
# datatype:
# - name: RA_ICRS_1
#   unit: deg
#   datatype: float64
#   format: '{:15.11f}'
#   description: Right ascension (ICRS) at Ep=2016.0 (ra)
#   meta: !!omap
#   - {ucd: POS_EQ_RA_MAIN}
#   - {width: 15}
#   - {precision: '11'}
# - name: DE_ICRS_1
#   unit: deg
#   datatype: float64
#   format: '{:15.11f}'
#   description: Declination (ICRS) at Ep=2016.0 (dec)
#   meta: !!omap
#   - {ucd: POS_EQ_DEC_MAIN}
#   - {width: 15}
#   - {precision: '11'}
# - name: e_RA_ICRS
#   unit: mas
#   datatype: float64
#   format: '{:7.4f}'
#   description: Standard error of right ascension (ra_error)
#   meta: !!omap
#   - {ucd: ERROR}
#   - {width: 7}
#   - {precision: '4'}
# - name: e_DE_ICRS
#   unit: mas
#   datatype: float64
#   format: '{:7.4f}'
#   description: Standard error of declination (dec_error)
#   meta: !!omap
#   - {ucd: ERROR}
#   - {width: 7}
#   - {precision: '4'}
# - name: _r_1
#   unit: ''
#   datatype: float64
#   format: '{:7.4f}'
#   description: Distance from center (254.17010974000-40.58869537000)[ICRS], at Epoch=J2016.0
#   meta: !!omap
#   - {ucd: POS_ANG_DIST_GENERAL}
#   - {width: 7}
#   - {precision: '4'}
# - name: HIP
#   datatype: int32
#   description: '? HIP cross-id number, van Leeuwen, Cat. I/311 (hip_original_ext_source_id)'
#   meta: !!omap
#   - {ucd: ID_NUMBER}
#   - {width: 6}
#   - values: {'null': -2147483648}
# - name: TYC2
#   datatype: string
#   description: Tycho-2 cross-id name, Hog et al., Cat. I/259 (tyc2_original_ext_source_id)
#   meta: !!omap
#   - {ucd: ID_CROSSID}
#   - {_votable_string_dtype: char}
# - name: Source
#   datatype: int64
#   description: Source identifier, identical to the Gaia-EDR3 source_id (id)
#   meta: !!omap
#   - {ucd: ID_MAIN}
#   - {width: 19}
# - name: rgeo
#   unit: pc
#   datatype: float64
#   format: '{:15.8f}'
#   description: '? Median of the geometric distance posterior (r_med_geo)'
#   meta: !!omap
#   - {ucd: PHYS_DISTANCE_TRUE}
#   - {width: 15}
#   - {precision: '8'}
#   - values: {'null': .nan}
# - name: Plx
#   unit: mas
#   datatype: float64
#   format: '{:9.4f}'
#   description: '? Parallax (parallax)'
#   meta: !!omap
#   - {ucd: POS_PARLX_TRIG}
#   - {width: 9}
#   - {precision: '4'}
#   - values: {'null': .nan}
# - name: e_Plx
#   unit: mas
#   datatype: float32
#   format: '{:7.4f}'
#   description: '? Standard error of parallax (parallax_error)'
#   meta: !!omap
#   - {ucd: ERROR}
#   - {width: 7}
#   - {precision: '4'}
#   - values: {'null': .nan}
# - name: pmRA
#   unit: mas / yr
#   datatype: float64
#   format: '{:9.3f}'
#   description: '? Proper motion in right ascension direction, pmRA*cosDE (pmra)'
#   meta: !!omap
#   - {ucd: POS_EQ_PMRA}
#   - {width: 9}
#   - {precision: '3'}
#   - values: {'null': .nan}
# - name: pmDE
#   unit: mas / yr
#   datatype: float64
#   format: '{:9.3f}'
#   description: '? Proper motion in declination direction (pmdec)'
#   meta: !!omap
#   - {ucd: POS_EQ_PMDEC}
#   - {width: 9}
#   - {precision: '3'}
#   - values: {'null': .nan}
# - name: e_pmRA
#   unit: mas / yr
#   datatype: float32
#   format: '{:6.3f}'
#   description: '? Standard error of proper motion in right ascension direction (pmra_error)'
#   meta: !!omap
#   - {ucd: ERROR}
#   - {width: 6}
#   - {precision: '3'}
#   - values: {'null': .nan}
# - name: e_pmDE
[...]
#         value: !astropy.table.SerializedColumn {name: SkyCoord.dec}
#       distance: !astropy.table.SerializedColumn
#         __class__: astropy.coordinates.distances.Distance
#         unit: !astropy.units.Unit {unit: pc}
#         value: !astropy.table.SerializedColumn {name: SkyCoord.distance}
#       frame: icrs
#       obstime: !astropy.time.Time {format: jyear_str, in_subfmt: '*', jd1: 367701545.0, jd2: 0.0, out_subfmt: '*', precision: 3, scale: tt}
#       pm_dec: !astropy.table.SerializedColumn
#         __class__: astropy.units.quantity.Quantity
#         unit: !astropy.units.Unit {unit: mas / yr}
#         value: !astropy.table.SerializedColumn {name: SkyCoord.pm_dec}
#       pm_ra_cosdec: !astropy.table.SerializedColumn
#         __class__: astropy.units.quantity.Quantity
#         unit: !astropy.units.Unit {unit: mas / yr}
#         value: !astropy.table.SerializedColumn {name: SkyCoord.pm_ra_cosdec}
#       ra: !astropy.table.SerializedColumn
#         __class__: astropy.coordinates.angles.Longitude
#         unit: *id001
#         value: !astropy.table.SerializedColumn {name: SkyCoord.ra}
#         wrap_angle: !astropy.coordinates.Angle
#           unit: *id001
#           value: 360.0
#       representation_type: spherical
# schema: astropy-2.0
RA_ICRS_1 DE_ICRS_1 e_RA_ICRS e_DE_ICRS _r_1 HIP TYC2 Source rgeo Plx e_Plx pmRA pmDE e_pmRA e_pmDE RUWE Teff logg Gmag BP-RP BPmag RPmag RV e_RV b_rgeo B_rgeo FG e_FG FBP e_FBP FRP e_FRP RAVE5 RAVE6 e_Gmag e_BPmag e_RPmag e_BP-RP SkyCoord.ra SkyCoord.dec SkyCoord.distance SkyCoord.pm_ra_cosdec SkyCoord.pm_dec rmRA rmDE e_rmRA e_rmDE rRV e_rRV v_pec v_pec3d e_vpec e_vpec3d
[from data line 1892]
253.91651466707 -40.34293389531 0.0385 0.0262 18.7467 "" "" 5969692799852336384 1689.35522 0.5688 0.0429 0.072 -4.988 0.055 0.047 0.957 5702.9 4.453 16.018063 1.25474 16.563719 15.308979 "" "" 1579.32117 1802.08411 7374.31577 2.969 3235.4 11.078 5964.4 12.382 "" "" 0.0027897802700887838 0.0046481485 0.0044004675 0.0090486165 253.91651466707 -40.34293389531 1689.35522 0.07199999999999995 -4.988 0.16487499636411668 -3.875593746185303 0.15606394 0.14806396 "" "" 31.062056574609624 "" 4.599632053292281 ""
253.86790686678 -40.83521477898 0.0412 0.0279 20.1911 "" "" 5969665449499766912 1498.65283 0.6639 0.0565 -1.457 -1.388 0.055 0.05 0.96 5771.2 4.5274 16.018167 1.266213 16.570526 15.304313 "" "" 1375.97913 1596.38391 7373.60766 3.0799 3215.2 10.784 5990.1 12.099 "" "" 0.002792392356343024 0.0045876508 0.0043695536 0.008957204 253.86790686678 -40.83521477898 1498.65283 -1.4570000000000003 -1.3880000000000003 -1.3641250036358834 -0.27559374618530263 0.15606394 0.15106395 "" "" 9.885998218019887 "" 1.5409393303906729 ""
254.06848533896 -40.56149553961 0.038 0.0262 4.9105 "" "" 5969675070226749568 1350.50671 0.7062 0.0409 -2.954 -4.298 0.048 0.04 0.94 5081.9 4.3798 16.022198 1.265826 16.569452 15.303626 "" "" 1288.70337 1408.78796 7346.27917 2.7645 3218.4 10.582 5993.9 8.8245 "" "" 0.0027854486562896336 0.0045308936 0.0041035153 0.008634409 254.06848533896 -40.56149553961 1350.50671 -2.954 -4.298 -2.8611250036358835 -3.1855937461853028 0.14906394 0.14106396 "" "" 27.40969609303818 "" 3.965924547243372 ""
254.41583355753 -40.94253834296 0.0384 0.0254 23.988 "" "" 5966652169153325952 1619.3252 0.5965 0.0416 -4.606 -9.324 0.054 0.041 1.044 5143.3 4.2139 16.025118 1.609495 16.7762 15.166704 "" "" 1504.01111 1748.45374 7326.54729 3.1087 2660.3 7.268 6799.5 11.272 "" "" 0.0027935675681974538 0.004072312 0.004186092 0.008258404 254.41583355753 -40.94253834296 1619.3252 -4.6059999999999945 -9.324000000000002 -4.513125003635883 -8.211593746185303 0.15506396 0.14206395 "" "" 71.9210692217439 "" 10.44175547191792 ""
254.49477017358 -40.79907653679 0.0358 0.0241 19.4287 "" "" 5966676770729395328 1508.81067 0.6251 0.0398 0.925 -8.681 0.052 0.041 0.999 7354.7 4.0031 16.025162 1.874879 16.945644 15.070766 "" "" 1414.16138 1615.32581 7326.25359 2.803 2275.9 9.0296 7427.7 13.124 "" "" 0.0027864575619421647 0.005132332 0.004238388 0.00937072 254.49477017358 -40.79907653679 1508.81067 0.9249999999999998 -8.681 1.0178749963641167 -7.568593746185302 0.15306395 0.14206395 "" "" 54.61609653666758 "" 7.7700564821912605 ""
254.11841203366 -40.75785794805 0.0371 0.0257 10.4188 "" "" 5966668863680031488 1517.41711 0.628 0.0428 -0.409 -1.768 0.055 0.041 0.993 "" "" 16.025724 1.83253 16.897356 15.064826 "" "" 1417.43994 1615.34399 7322.4648 70.953 2379.4 69.955 7468.4 202.02 "" "" 0.010875358581631724 0.03204265 0.02961131 0.061653957 254.11841203366 -40.75785794805 1517.41711 -0.409 -1.7679999999999985 -0.3161250036358833 -0.6555937461853028 0.15606394 0.14206395 "" "" 5.2349670820979135 "" 0.7580685934991909 ""
254.11115609639 -40.40607171471 0.0353 0.0242 11.2827 "" "" 5969702558020735872 1243.64246 0.7709 0.04 0.257 -10.118 0.051 0.041 0.949 5586.2 4.4494 16.025793 1.28161 16.584082 15.302472 "" "" 1179.8728 1301.9043 7321.99637 2.6636 3175.3 14.842 6000.3 19.852 "" "" 0.0027834853116775558 0.0057913894 0.0052141477 0.011005538 254.11115609639 -40.40607171471 1243.64246 0.2569999999999999 -10.118 0.3498749963641167 -9.005593746185303 0.15206395 0.14206395 "" "" 53.12681089758303 "" 7.548233186480587 ""
254.01368020324 -40.35445991044 0.0411 0.0287 15.7638 "" "" 5969715266803170432 1290.22412 0.7527 0.0456 -0.028 -2.967 0.06 0.05 1.038 5290.6 3.66 16.025974 1.416122 16.661318 15.245195 "" "" 1221.23621 1369.05615 7320.77538 2.8782 2957.3 16.825 6325.3 15.799 "" "" 0.0027881895854965206 0.006778016 0.004651677 0.011429694 254.01368020324 -40.35445991044 1290.22412 -0.028000000000000025 -2.967 0.06487499636411667 -1.8545937461853028 0.16106395 0.15106395 "" "" 11.349006347014251 "" 1.7145690018279796 ""
253.90978644562 -40.82742965647 0.0435 0.0278 18.5841 "" "" 5969664757987391104 1713.56909 0.5539 0.0508 -4.215 -1.899 0.055 0.045 0.98 7609.1 3.9831 16.026098 1.471501 16.692493 15.220992 "" "" 1580.80945 1897.61621 7319.9369 3.3069 2873.6 13.922 6467.9 10.434 "" "" 0.0027986386995441097 0.005954361 0.0041655134 0.010119874 253.90978644562 -40.82742965647 1713.56909 -4.214999999999998 -1.899 -4.122125003635883 -0.7865937461853028 0.15606394 0.14606395 "" "" 34.08533631705656 "" 5.3078875566588595 ""
254.24341023803 -40.8520690149 0.0506 0.0334 16.1501 "" "" 5966665157125628416 1353.91748 0.7155 0.0543 -4.281 -13.573 0.072 0.055 1.289 "" "" 16.027784 "" "" "" "" "" 1248.24097 1475.47009 7308.57837 20.153 "" "" "" "" "" "" 0.0040687799898982595 "" "" "" 254.24341023803 -40.8520690149 1353.91748 -4.281000000000005 -13.573000000000013 -4.188125003635883 -12.460593746185303 0.17306395 0.15606394 "" "" 84.36279026101397 "" 13.318606015057737 ""
254.17566202253 -40.56380686549 0.0395 0.0253 1.5146 "" "" 5969697644577962368 1761.69592 0.5418 0.0449 0.464 -5.423 0.058 0.042 0.987 5339.9 3.6931 16.027998 1.993172 17.011848 15.018677 "" "" 1651.7168 1879.47559 7307.14726 3.1314 2141.3 11.527 7792.7 28.99 "" "" 0.00279432916559615 0.00647655 0.0055315504 0.012008101 254.17566202253 -40.56380686549 1761.69592 0.4640000000000001 -5.423 0.5568749963641166 -4.310593746185303 0.15906395 0.14306395 "" "" 36.29447651469469 "" 5.202487051461877 ""
254.10111708287 -40.593124932 0.0374 0.0252 3.1547 "" "" 5969674726629270400 1418.5929 0.6852 0.0414 0.02 -3.006 0.049 0.038 0.95 5854.8 4.464 16.028849 1.205395 16.549217 15.343822 "" "" 1329.3269 1496.57996 7301.42506 3.3289 3278.9 9.6904 5776.0 11.122 "" "" 0.002799433550277273 0.0042522014 0.0043190876 0.0085712895 254.10111708287 -40.593124932 1418.5929 0.02000000000000024 -3.006 0.11287499636411667 -1.8935937461853025 0.15006395 0.13906395 "" "" 12.755372269969644 "" 1.7743288631048137 ""
254.69483454126 -40.76239375224 0.0379 0.0247 26.0528 "" "" 5966680477271595776 1244.85693 0.7654 0.0432 -8.031 -8.66 0.058 0.044 0.988 5293.6 3.7938 16.029907 1.490771 16.720428 15.229657 "" "" 1183.45044 1311.4978 7294.3048 2.7754 2800.6 9.4783 6416.5 13.69 "" "" 0.002786117278904837 0.00461382 0.004432813 0.009046633 254.69483454126 -40.76239375224 1244.85693 -8.031000000000002 -8.660000000000002 -7.938125003635884 -7.547593746185303 0.15906395 0.14506395 "" "" 64.63268704209594 "" 9.86146410435875 ""
253.72914261072 -40.52677821695 0.0529 0.0328 20.4419 "" "" 5969686954385051136 1699.79663 0.5763 0.0591 -0.422 -2.943 0.082 0.062 1.083 "" "" 16.030464 1.13589 16.271002 15.135112 "" "" 1554.28564 1877.00745 7290.56454 9.5391 4236.6 87.594 7000.2 142.26 "" "" 0.003099980919933202 0.022620918 0.022385968 0.045006886 253.72914261072 -40.52677821695 1699.79663 -0.4220000000000002 -2.9430000000000005 -0.3291250036358833 -1.8305937461853028 0.18306395 0.16306394 "" "" 14.985646749336615 "" 2.453558812690335 ""
253.83168028137 -40.30032825566 0.041 0.0272 23.1984 "" "" 5969696716862597120 1338.9679 0.7247 0.0438 -11.306 -6.91 0.057 0.042 1.034 5097.5 4.3733 16.031158 1.288855 16.595762 15.306908 "" "" 1270.35059 1415.99329 7285.9036 2.9368 3141.3 11.982 5975.8 12.874 "" "" 0.0027898596086923053 0.004993597 0.0044446527 0.00943825 253.83168028137 -40.30032825566 1338.9679 -11.306 -6.91 -11.213125003635882 -5.797593746185303 0.15806395 0.14306395 "" "" 80.11603583148542 "" 12.41964577264042 ""
254.29395912133 -40.79872500105 0.0378 0.0245 13.8039 "" "" 5966665706890490112 1671.33069 0.5702 0.041 -2.496 -13.361 0.054 0.04 1.02 5282.2 4.2639 16.031496 1.404898 16.656502 15.251604 "" "" 1553.75903 1771.19751 7283.63785 2.6113 2970.4 9.8479 6288.1 12.242 "" "" 0.0027826799742732733 0.004554349 0.0043303277 0.008884677 254.29395912133 -40.79872500105 1671.33069 -2.4960000000000018 -13.360999999999995 -2.4031250036358833 -12.248593746185303 0.15506396 0.14106396 "" "" 98.88461322731354 "" 14.002811433636825 ""
254.27506200209 -40.75821940368 0.0391 0.0252 11.2369 "" "" 5966666840761936256 1624.79797 0.5823 0.0408 4.207 0.966 0.056 0.042 1.019 5552.9 3.8996 16.03163 1.528568 16.737976 15.209408 "" "" 1538.89551 1717.73096 7282.74738 2.82 2755.7 11.444 6537.2 11.646 "" "" 0.002787209740969495 0.0053023766 0.0042455853 0.009547962 254.27506200209 -40.75821940368 1624.79797 4.207 0.9660000000000002 4.2998749963641165 2.0784062538146975 0.15706396 0.14306395 "" "" 36.78137433137033 "" 5.683085827794069 ""
253.9277578435 -40.58094741342 0.0367 0.0254 11.0529 "" "" 5969677093133667584 1774.89246 0.5353 0.0428 0.251 -3.573 0.05 0.042 1.01 4864.4 3.5181 16.032764 2.079814 17.09113 15.011315 "" "" 1654.66028 1904.0415 7275.13446 3.0372 1990.5 6.7824 7845.7 10.667 "" "" 0.0027923543488229084 0.0046337354 0.0040574363 0.008691171 253.9277578435 -40.58094741342 1774.89246 0.25100000000000033 -3.572999999999997 0.34387499636411667 -2.4605937461853027 0.15106395 0.14306395 "" "" 20.902127375167833 "" 2.9936319361420702 ""
254.20811174112 -40.88578347918 0.0396 0.0261 17.9088 "" "" 5966663610946404096 1199.66956 0.8112 0.0438 -1.117 6.454 0.055 0.041 0.923 5896.7 4.5432 16.033663 1.277403 16.590456 15.313053 "" "" 1128.99158 1275.2301 7269.1185 3.1539 3156.7 10.779 5942.1 13.56 "" "" 0.0027952998866714643 0.004640029 0.004519136 0.0091591645 254.20811174112 -40.88578347918 1199.66956 -1.1169999999999993 6.454000000000001 -1.0241250036358833 7.566406253814697 0.15606394 0.14206395 "" "" 43.41819689927952 "" 6.179624129204035 ""
254.08490219915 -40.38820445765 0.0353 0.0241 12.6422 "" "" 5969703378333675904 1594.00781 0.5958 0.04 -3.203 -3.632 0.05 0.04 0.959 5626.8 4.4098 16.036016 1.393324 16.661901 15.268578 "" "" 1503.13074 1669.776 7253.36985 2.8231 2955.7 12.241 6190.5 12.617 "" "" 0.002787537401057411 0.0052918945 0.0043795537 0.009671448 254.08490219915 -40.38820445765 1594.00781 -3.202999999999997 -3.6319999999999957 -3.110125003635883 -2.519593746185303 0.15106395 0.14106396 "" "" 30.24243227013503 "" 4.451165368224314 ""
254.1161553499 -40.70906806189 0.0427 0.0269 7.6286 "" "" 5966670654693044864 1351.36218 0.7185 0.0471 -0.085 -1.276 0.058 0.042 0.98 5307.4 3.8212 16.036524 1.633744 16.804342 15.170598 "" "" 1270.95337 1438.8728 7249.98057 19.775 2592.3 21.887 6775.1 48.025 "" "" 0.0040449915921468875 0.00958218 0.008574096 0.018156275 254.1161553499 -40.70906806189 1351.36218 -0.08500000000000002 -1.2759999999999998 0.007874996364116663 -0.16359374618530276 0.15906395 0.14306395 "" "" 1.0491060595794455 "" 0.15013022494928982 ""
254.02233994916 -40.99075965811 0.0406 0.0275 25.0404 "" "" 5966660411184146944 1284.19507 0.74 0.0484 -2.039 -3.361 0.058 0.044 1.057 5368.3 4.5368 16.037123 1.307329 16.612852 15.305523 "" "" 1208.15784 1375.36157 7245.99354 2.524 3092.3 9.9394 5983.4 9.0589 "" "" 0.002781154580433017 0.004468096 0.004121388 0.008589484 254.02233994916 -40.99075965811 1284.19507 -2.0389999999999984 -3.3610000000000015 -1.9461250036358835 -2.248593746185303 0.15906395 0.14506395 "" "" 18.101864311921094 "" 2.7373356806555855 ""
253.68849430661 -40.53613279388 0.0398 0.027 22.1783 "" "" 5969686885664056448 1536.43054 0.6302 0.046 -0.302 -6.231 0.053 0.041 1.013 5472.3 4.4967 16.0398 1.34537 16.617857 15.272487 "" "" 1438.58337 1644.37512 7228.13646 2.903 3078.0 7.1886 6168.3 29.64 "" "" 0.00278961227454266 0.0037702634 0.00644227 0.010212533 253.68849430661 -40.53613279388 1536.43054 -0.3019999999999998 -6.231000000000003 -0.20912500363588332 -5.118593746185303 0.15406395 0.14206395 "" "" 37.308182833188674 "" 5.3009251631579835 ""
253.87915685075 -40.82875426886 0.0433 0.0299 19.5596 "" "" 5969665449477414656 1615.56384 0.5783 0.0559 -0.421 -0.918 0.058 0.052 1.008 "" "" 16.042772 1.438006 16.300117 14.862111 "" "" 1491.00854 1783.54248 7208.38532 12.145 4124.5 62.927 9001.5 350.33 "" "" 0.003307281509462594 0.01679829 0.042424515 0.059222803 253.87915685075 -40.82875426886 1615.56384 -0.42100000000000004 -0.9179999999999997 -0.3281250036358833 0.19440625381469723 0.15906395 0.15306395 "" "" 2.9206127248738083 "" 0.4600753315413188 ""
254.33712999842 -40.35040012605 0.0429 0.0272 16.2032 "" "" 5969706509390734720 1358.04785 0.7082 0.0455 1.24 -0.277 0.064 0.047 0.983 5326.1 4.4526 16.04341 1.303294 16.623138 15.319844 "" "" 1285.49609 1448.3623 7204.1519 4.2905 3063.1 17.759 5905.0 23.219 "" "" 0.00283017795051222 0.006885456 0.0057017463 0.012587203 254.33712999842 -40.35040012605 1358.04785 1.24 -0.2769999999999997 1.3328749963641167 0.8354062538146972 0.16506395 0.14806396 "" "" 10.125898671369178 "" 1.62471753786605 ""
254.39640781244 -40.56127979763 0.043 0.0264 10.4435 "" "" 5966696115260804992 1248.65503 0.7676 0.0477 -5.253 -7.876 0.067 0.048 1.115 5012.6 4.2786 16.043503 1.514326 16.736467 15.222141 "" "" 1188.73291 1315.2384 7203.53549 2.8906 2759.5 8.5608 6461.0 13.045 "" "" 0.002789552933695852 0.0043738266 0.0043691206 0.008742947 254.39640781244 -40.56127979763 1248.65503 -5.253 -7.876000000000003 -5.1601250036358834 -6.763593746185303 0.16806395 0.14906394 "" "" 50.351147392161806 "" 7.871043245104459 ""
254.46596407202 -40.39749893665 0.0389 0.0255 17.7155 "" "" 5966703949281262080 1441.547 0.6701 0.0435 1.052 -4.189 0.056 0.043 1.014 5470.9 4.5522 16.044016 1.213108 16.575092 15.361984 "" "" 1347.52075 1536.00488 7200.12839 3.3203 3201.7 19.97 5680.2 26.968 "" "" 0.002800441253696949 0.007324346 0.0063918224 0.013716169 254.46596407202 -40.39749893665 1441.547 1.052 -4.189 1.1448749963641167 -3.076593746185303 0.15706396 0.14406395 "" "" 22.430518961426017 "" 3.268287069808398 ""
254.52039801343 -40.48067456931 0.0412 0.0259 17.2382 "" "" 5966699723033419392 1563.55347 0.6083 0.046 3.045 -2.075 0.059 0.044 0.981 5832.3 4.4542 16.044502 1.24652 16.598125 15.351605 "" "" 1469.08362 1659.60083 7196.90436 3.251 3134.5 16.378 5734.8 22.373 "" "" 0.002798630287036741 0.0063220714 0.005676733 0.011998804 254.52039801343 -40.48067456931 1563.55347 3.045 -2.075000000000001 3.1378749963641166 -0.9625937461853029 0.16006395 0.14506395 "" "" 24.325193826537483 "" 3.863557752980628 ""
254.48630690469 -40.91636561459 0.0369 0.0246 24.3531 "" "" 5966672784998353920 1629.62097 0.577 0.042 -2.513 -3.936 0.051 0.04 1.025 "" "" 16.045244 1.820311 16.932629 15.112318 "" "" 1520.97314 1728.56592 7191.99465 3.1112 2303.4 8.4279 7148.8 11.605 "" "" 0.002795065209742118 0.004854541 0.0041701603 0.009024701 254.48630690469 -40.91636561459 1629.62097 -2.5129999999999972 -3.936000000000001 -2.4201250036358832 -2.8235937461853027 0.15206395 0.14106396 "" "" 28.725732814286808 "" 4.188898086798338 ""
254.34320302634 -40.60168198387 0.0392 0.0257 7.9245 "" "" 5966695634224464768 1605.4043 0.5906 0.0441 -0.894 -1.872 0.056 0.043 0.949 "" "" 16.045532 1.73335 16.86106 15.127709 "" "" 1497.9696 1731.43958 7190.07642 3.1387 2460.3 9.0582 7048.1 11.056 "" "" 0.0027957872550929833 0.004874863 0.0041454085 0.009020272 254.34320302634 -40.60168198387 1605.4043 -0.8939999999999999 -1.8720000000000003 -0.8011250036358833 -0.7595937461853028 0.15706396 0.14406395 "" "" 8.400905961851912 "" 1.268949868484168 ""
