Clusters/ESO_332_13/ESO_332_13_stars_in_region.tsv
# %ECSV 1.0
# ---
# datatype:
# - name: RA_ICRS_1
#   unit: deg
#   datatype: float64
#   format: '{:15.11f}'
#   description: Right ascension (ICRS) at Ep=2016.0 (ra)
#   meta: !!omap
#   - {ucd: POS_EQ_RA_MAIN}
#   - {width: 15}
#   - {precision: '11'}
# - name: DE_ICRS_1
#   unit: deg
#   datatype: float64
#   format: '{:15.11f}'
#   description: Declination (ICRS) at Ep=2016.0 (dec)
#   meta: !!omap
#   - {ucd: POS_EQ_DEC_MAIN}
#   - {width: 15}
#   - {precision: '11'}
# - name: e_RA_ICRS
#   unit: mas
#   datatype: float64
#   format: '{:7.4f}'
#   description: Standard error of right ascension (ra_error)
#   meta: !!omap
#   - {ucd: ERROR}
#   - {width: 7}
#   - {precision: '4'}
# - name: e_DE_ICRS
#   unit: mas
#   datatype: float64
#   format: '{:7.4f}'
#   description: Standard error of declination (dec_error)
#   meta: !!omap
#   - {ucd: ERROR}
#   - {width: 7}
#   - {precision: '4'}
# - name: _r_1
#   unit: ''
#   datatype: float64
#   format: '{:7.4f}'
#   description: Distance from center (254.17010974000-40.58869537000)[ICRS], at Epoch=J2016.0
#   meta: !!omap
#   - {ucd: POS_ANG_DIST_GENERAL}
#   - {width: 7}
#   - {precision: '4'}
# - name: HIP
#   datatype: int32
#   description: '? HIP cross-id number, van Leeuwen, Cat. I/311 (hip_original_ext_source_id)'
#   meta: !!omap
#   - {ucd: ID_NUMBER}
#   - {width: 6}
#   - values: {'null': -2147483648}
# - name: TYC2
#   datatype: string
#   description: Tycho-2 cross-id name, Hog et al., Cat. I/259 (tyc2_original_ext_source_id)
#   meta: !!omap
#   - {ucd: ID_CROSSID}
#   - {_votable_string_dtype: char}
# - name: Source
#   datatype: int64
#   description: Source identifier, identical to the Gaia-EDR3 source_id (id)
#   meta: !!omap
#   - {ucd: ID_MAIN}
#   - {width: 19}
# - name: rgeo
#   unit: pc
#   datatype: float64
#   format: '{:15.8f}'
#   description: '? Median of the geometric distance posterior (r_med_geo)'
#   meta: !!omap
#   - {ucd: PHYS_DISTANCE_TRUE}
#   - {width: 15}
#   - {precision: '8'}
#   - values: {'null': .nan}
# - name: Plx
#   unit: mas
#   datatype: float64
#   format: '{:9.4f}'
#   description: '? Parallax (parallax)'
#   meta: !!omap
#   - {ucd: POS_PARLX_TRIG}
#   - {width: 9}
#   - {precision: '4'}
#   - values: {'null': .nan}
# - name: e_Plx
#   unit: mas
#   datatype: float32
#   format: '{:7.4f}'
#   description: '? Standard error of parallax (parallax_error)'
#   meta: !!omap
#   - {ucd: ERROR}
#   - {width: 7}
#   - {precision: '4'}
#   - values: {'null': .nan}
# - name: pmRA
#   unit: mas / yr
#   datatype: float64
#   format: '{:9.3f}'
#   description: '? Proper motion in right ascension direction, pmRA*cosDE (pmra)'
#   meta: !!omap
#   - {ucd: POS_EQ_PMRA}
#   - {width: 9}
#   - {precision: '3'}
#   - values: {'null': .nan}
# - name: pmDE
#   unit: mas / yr
#   datatype: float64
#   format: '{:9.3f}'
#   description: '? Proper motion in declination direction (pmdec)'
#   meta: !!omap
#   - {ucd: POS_EQ_PMDEC}
#   - {width: 9}
#   - {precision: '3'}
#   - values: {'null': .nan}
# - name: e_pmRA
#   unit: mas / yr
#   datatype: float32
#   format: '{:6.3f}'
#   description: '? Standard error of proper motion in right ascension direction (pmra_error)'
#   meta: !!omap
#   - {ucd: ERROR}
#   - {width: 6}
#   - {precision: '3'}
#   - values: {'null': .nan}
# - name: e_pmDE
[...]
#         value: !astropy.table.SerializedColumn {name: SkyCoord.dec}
#       distance: !astropy.table.SerializedColumn
#         __class__: astropy.coordinates.distances.Distance
#         unit: !astropy.units.Unit {unit: pc}
#         value: !astropy.table.SerializedColumn {name: SkyCoord.distance}
#       frame: icrs
#       obstime: !astropy.time.Time {format: jyear_str, in_subfmt: '*', jd1: 367701545.0, jd2: 0.0, out_subfmt: '*', precision: 3, scale: tt}
#       pm_dec: !astropy.table.SerializedColumn
#         __class__: astropy.units.quantity.Quantity
#         unit: !astropy.units.Unit {unit: mas / yr}
#         value: !astropy.table.SerializedColumn {name: SkyCoord.pm_dec}
#       pm_ra_cosdec: !astropy.table.SerializedColumn
#         __class__: astropy.units.quantity.Quantity
#         unit: !astropy.units.Unit {unit: mas / yr}
#         value: !astropy.table.SerializedColumn {name: SkyCoord.pm_ra_cosdec}
#       ra: !astropy.table.SerializedColumn
#         __class__: astropy.coordinates.angles.Longitude
#         unit: *id001
#         value: !astropy.table.SerializedColumn {name: SkyCoord.ra}
#         wrap_angle: !astropy.coordinates.Angle
#           unit: *id001
#           value: 360.0
#       representation_type: spherical
# schema: astropy-2.0
RA_ICRS_1 DE_ICRS_1 e_RA_ICRS e_DE_ICRS _r_1 HIP TYC2 Source rgeo Plx e_Plx pmRA pmDE e_pmRA e_pmDE RUWE Teff logg Gmag BP-RP BPmag RPmag RV e_RV b_rgeo B_rgeo FG e_FG FBP e_FBP FRP e_FRP RAVE5 RAVE6 e_Gmag e_BPmag e_RPmag e_BP-RP SkyCoord.ra SkyCoord.dec SkyCoord.distance SkyCoord.pm_ra_cosdec SkyCoord.pm_dec rmRA rmDE e_rmRA e_rmDE rRV e_rRV v_pec v_pec3d e_vpec e_vpec3d
[from data line 1042]
254.30745670482 -40.59669615454 0.0259 0.0161 6.2761 "" "" 5966694397273891072 1348.46973 0.7016 0.0291 -5.924 -8.933 0.039 0.028 1.033 5623.4 4.1518 15.14674 1.242129 15.685812 14.443683 "" "" 1314.73633 1400.86243 16453.21944 4.7132 7262.6 16.248 13234.0 18.485 "" "" 0.002772818653307808 0.003699353 0.004072298 0.007771651 254.30745670482 -40.59669615454 1348.46973 -5.924 -8.933 -5.831125003635884 -7.820593746185303 0.14006396 0.12906395 "" "" 62.352693026878796 "" 8.299060964029907 ""
254.40378258425 -40.27111074453 0.0301 0.0202 21.8402 "" "" 5969709326889185792 1348.84338 0.704 0.0347 -3.58 1.709 0.044 0.035 0.981 5233.9 4.1746 15.148727 1.239077 15.689792 14.450715 "" "" 1288.48633 1426.12012 16423.12058 3.8621 7236.0 15.236 13148.0 17.054 "" "" 0.0027671248429693303 0.0036071232 0.0040332363 0.0076403595 254.40378258425 -40.27111074453 1348.84338 -3.58 1.7089999999999992 -3.4871250036358834 2.8214062538146973 0.14506395 0.13606395 "" "" 28.678596360716398 "" 4.06007621985201 ""
254.12096217703 -40.9332479782 0.069 0.044 20.7935 "" "" 5966663744078848768 1447.30554 0.675 0.0796 -5.108 -6.109 0.097 0.074 2.362 5783.5 4.0126 15.14898 1.276019 15.697146 14.421127 "" "" 1306.48438 1614.54236 16419.30176 7.0925 7187.2 14.762 13512.0 16.519 "" "" 0.0027949501759613367 0.0035718428 0.004005697 0.00757754 254.12096217703 -40.9332479782 1447.30554 -5.107999999999999 -6.108999999999993 -5.015125003635883 -4.996593746185303 0.19806395 0.17506395 "" "" 48.56606906962044 "" 9.079938511365146 ""
253.64098668471 -40.54290590481 0.0404 0.0275 24.2731 "" "" 5969686718178592640 1492.77258 0.6304 0.0487 -1.017 -4.672 0.053 0.042 1.705 5592.0 4.1942 15.149107 1.187132 15.649252 14.46212 "" "" 1401.28394 1622.25098 16417.38188 7.2559 7511.3 13.906 13011.0 13.61 "" "" 0.0027967931632947927 0.003438813 0.003946339 0.0073851515 253.64098668471 -40.54290590481 1492.77258 -1.016999999999999 -4.672000000000005 -0.9241250036358832 -3.5595937461853024 0.15406395 0.14306395 "" "" 26.02172281644478 "" 3.7414925034837707 ""
253.82835433082 -40.91541673177 0.0291 0.02 25.0116 "" "" 5969663697153041536 1666.5791 0.5648 0.0363 -1.933 -3.749 0.04 0.032 0.987 7947.8 3.6341 15.15195 1.235006 15.683515 14.448508 "" "" 1581.04041 1773.29553 16374.45006 4.4571 7278.0 15.145 13175.0 15.332 "" "" 0.002771124455338807 0.0035902178 0.003984989 0.007575207 253.82835433082 -40.91541673177 1666.5791 -1.9330000000000003 -3.7490000000000006 -1.8401250036358834 -2.636593746185303 0.14106396 0.13306396 "" "" 25.398961163973482 "" 3.4475598900892273 ""
253.93367972416 -40.64439114611 0.0266 0.0175 11.2748 "" "" 5969675684384337792 1554.65735 0.6103 0.0299 -2.251 -2.543 0.034 0.028 0.936 6692.3 4.1815 15.153655 1.048509 15.584224 14.535715 "" "" 1483.56091 1620.45422 16348.74995 4.2905 7974.9 11.732 12158.0 16.169 "" "" 0.0027700140887055177 0.0032150014 0.0040458194 0.007260821 253.93367972416 -40.64439114611 1554.65735 -2.2509999999999994 -2.5429999999999966 -2.158125003635883 -1.4305937461853029 0.13506395 0.12906395 "" "" 19.080218011539063 "" 2.542647853942365 ""
254.21691769456 -40.62600515386 0.0261 0.0174 3.0915 "" "" 5966694775231021952 1498.17554 0.6262 0.0295 -0.146 -1.419 0.038 0.028 0.974 5934.6 3.6927 15.155228 1.315125 15.729888 14.414763 "" "" 1442.74402 1563.1261 16325.09974 17.564 6973.7 34.308 13591.0 48.378 "" "" 0.0029927113623912046 0.0060262573 0.0054055504 0.011431808 254.21691769456 -40.62600515386 1498.17554 -0.1459999999999999 -1.4189999999999996 -0.05312500363588332 -0.3065937461853028 0.13906395 0.12906395 "" "" 2.2096732028095247 "" 0.2858574176650293 ""
253.99618135584 -40.32811477243 0.0243 0.0166 17.5356 "" "" 5969716095757570048 1280.11023 0.752 0.0271 -2.673 0.769 0.034 0.029 0.99 6071.3 4.1466 15.15755 1.115566 15.614446 14.498879 "" "" 1233.29968 1331.86597 16290.21187 4.5736 7756.0 20.765 12578.0 24.589 "" "" 0.0027721309281862087 0.004029226 0.0043346114 0.008363837 253.99618135584 -40.32811477243 1280.11023 -2.673 0.7690000000000001 -2.5801250036358834 1.8814062538146974 0.13506395 0.13006395 "" "" 19.375649347616367 "" 2.5837330810695973 ""
253.84267106065 -40.77489099616 0.0267 0.0191 18.6219 "" "" 5969668846796294144 1637.22607 0.5742 0.034 -1.096 -2.041 0.036 0.033 0.988 5301.9 3.5845 15.15771 1.503862 15.847081 14.343219 "" "" 1534.4574 1729.25476 16287.81365 4.1335 6260.1 11.311 14517.0 10.323 "" "" 0.002769062998132137 0.0034107943 0.0038574357 0.00726823 253.84267106065 -40.77489099616 1637.22607 -1.096 -2.0409999999999995 -1.0031250036358834 -0.9285937461853027 0.13706395 0.13406396 "" "" 10.608131721790409 "" 1.4393937691042042 ""
254.39914049618 -40.69264757332 0.0255 0.0165 12.1504 "" "" 5966690033587077632 1490.2583 0.6246 0.0272 -3.062 -6.84 0.037 0.028 1.034 6329.9 3.6854 15.166079 1.558222 15.88608 14.327858 "" "" 1445.50806 1541.23145 16162.74656 4.501 6039.3 12.173 14724.0 14.46 "" "" 0.0027718600925436283 0.0035460305 0.0039269147 0.0074729454 254.39914049618 -40.69264757332 1490.2583 -3.0619999999999994 -6.84 -2.969125003635883 -5.727593746185303 0.13806395 0.12906395 "" "" 45.57181446057408 "" 5.9709031647541035 ""
254.17207303395 -40.29475723376 0.0251 0.0169 17.6365 "" "" 5969705547317986304 1261.24133 0.7443 0.0277 2.517 -5.625 0.038 0.03 0.988 5873.2 4.0418 15.167355 1.256811 15.710703 14.453892 "" "" 1218.80042 1303.08337 16143.77004 3.8739 7098.0 15.312 13110.0 14.964 "" "" 0.0027676105958914384 0.0036429183 0.003977379 0.0076202974 254.17207303395 -40.29475723376 1261.24133 2.5169999999999995 -5.625 2.6098749963641166 -4.512593746185303 0.13906395 0.13106395 "" "" 31.16455363022617 "" 4.148448581217312 ""
254.05588501257 -40.2875224169 0.0269 0.0174 18.8082 "" "" 5969715889599140736 1552.33911 0.6035 0.029 -1.642 -4.254 0.035 0.029 0.95 5865.9 3.8264 15.170098 1.3821 15.785032 14.402932 "" "" 1495.30444 1619.55017 16103.02164 4.0802 6628.3 12.559 13740.0 12.51 "" "" 0.0027690200672408362 0.0034665738 0.003906525 0.007373099 254.05588501257 -40.2875224169 1552.33911 -1.6419999999999997 -4.253999999999998 -1.5491250036358832 -3.1415937461853023 0.13606395 0.13006395 "" "" 25.77368970111596 "" 3.3830307002439084 ""
254.43364344645 -40.37119547432 0.0258 0.0168 17.7469 "" "" 5966704121079961984 1511.66296 0.6235 0.0285 -1.071 -2.795 0.035 0.029 0.954 6788.3 4.0439 15.170265 1.05786 15.605807 14.547947 "" "" 1449.948 1572.43677 16100.5535 4.6557 7818.0 17.47 12022.0 21.498 "" "" 0.002773149408836185 0.0036974798 0.0042489166 0.007946396 254.43364344645 -40.37119547432 1511.66296 -1.0710000000000008 -2.795 -0.9781250036358833 -1.6825937461853027 0.13606395 0.13006395 "" "" 13.945359461126543 "" 1.835282413870685 ""
253.74058000244 -40.73099004949 0.029 0.0178 21.3331 "" "" 5969668606278162944 1730.80115 0.5409 0.0357 -2.249 -5.401 0.037 0.031 0.971 6730.7 3.9468 15.172625 1.365929 15.779357 14.413428 "" "" 1636.7522 1856.60291 16065.59655 3.9809 6663.1 11.514 13608.0 9.4081 "" "" 0.0027684235964113312 0.003362305 0.003853205 0.00721551 253.74058000244 -40.73099004949 1730.80115 -2.2489999999999997 -5.401000000000002 -2.1561250036358834 -4.2885937461853025 0.13806395 0.13206396 "" "" 39.37996658233752 "" 5.249203902489362 ""
254.02378587888 -40.78496094864 0.0285 0.02 13.5275 "" "" 5969670981417589376 1455.59534 0.6379 0.0335 -3.995 -6.031 0.038 0.032 1.069 5401.4 4.1985 15.174424 1.240992 15.6761 14.435108 "" "" 1381.58643 1550.31213 16038.98863 6.155 7327.9 29.928 13339.0 46.886 "" "" 0.0027866449064954998 0.0052390676 0.0053710323 0.0106101 254.02378587888 -40.78496094864 1455.59534 -3.9949999999999997 -6.030999999999999 -3.9021250036358834 -4.918593746185302 0.13906395 0.13306396 "" "" 43.31841850251785 "" 5.865881961696451 ""
253.7793248617 -40.8165012053 0.0308 0.019 22.4229 "" "" 5969667300608038400 1597.94788 0.5787 0.0364 -0.391 -1.375 0.039 0.033 1.005 "" "" 15.177918 1.464897 15.84179 14.376893 "" "" 1520.84692 1702.25 15987.45514 15.3 6290.7 25.335 14073.0 41.986 "" "" 0.002944726475058664 0.005187026 0.0049775853 0.010164611 253.7793248617 -40.8165012053 1597.94788 -0.3909999999999996 -1.3749999999999982 -0.29812500363588335 -0.26259374618530273 0.14006396 0.13406396 "" "" 3.009131894530993 "" 0.4136799754290994 ""
254.58027220402 -40.52205073757 0.0291 0.0214 19.1207 "" "" 5966698520442626816 1414.5603 0.6646 0.0334 -4.616 -2.197 0.046 0.038 1.053 6796.3 4.1608 15.180203 1.295364 15.74566 14.450295 "" "" 1347.69263 1477.97498 15953.85058 4.3287 6873.1 12.964 13153.0 27.378 "" "" 0.002771023634987453 0.0034610662 0.004403539 0.007864606 254.58027220402 -40.52205073757 1414.5603 -4.615999999999999 -2.197 -4.523125003635883 -1.0845937461853028 0.14706396 0.13906395 "" "" 31.18733683362105 "" 4.573317252944555 ""
254.15758871457 -40.55197107431 0.025 0.0165 2.2762 "" "" 5969697610218234624 1270.14392 0.7471 0.0294 -0.336 -12.807 0.035 0.027 0.954 5648.3 4.047 15.18046 1.267108 15.729741 14.462633 "" "" 1216.26025 1329.28162 15950.06987 4.2844 6974.6 14.757 13005.0 14.045 "" "" 0.0027707120230032463 0.0036141775 0.0039570983 0.007571276 254.15758871457 -40.55197107431 1270.14392 -0.3359999999999981 -12.806999999999988 -0.24312500363588335 -11.694593746185303 0.13606395 0.12806395 "" "" 70.42230673724431 "" 9.018809542967348 ""
254.36765722637 -40.25788599795 0.0255 0.0167 21.8033 "" "" 5969708124298349696 1409.99414 0.6669 0.0282 1.072 0.734 0.036 0.028 0.977 5897.6 4.0714 15.180624 1.181034 15.681432 14.500398 "" "" 1352.89087 1460.99084 15947.66913 3.9502 7292.0 9.5733 12560.0 17.379 "" "" 0.002768413816217244 0.0031331833 0.0040670214 0.007200205 254.36765722637 -40.25788599795 1409.99414 1.072 0.7339999999999998 1.1648749963641167 1.8464062538146973 0.13706395 0.12906395 "" "" 14.590813083739459 "" 1.9171040716759573 ""
253.84018312703 -40.51587514147 0.0643 0.0448 15.6627 "" "" 5969689325200588288 1528.89514 0.6192 0.07 -1.175 -9.55 0.088 0.075 2.734 "" "" 15.184263 2.084238 16.14769 14.063452 11.26 5.7 1367.80676 1654.55042 15894.30094 14.644 4746.1 49.944 18784.0 123.15 "" "" 0.0029312874685446313 0.011761138 0.008059318 0.019820455 253.84018312703 -40.51587514147 1528.89514 -1.1750000000000003 -9.55 -1.0821250036358834 -8.437593746185303 0.18906395 0.17606395 31.618823529411763 7.296274 61.647755968797085 69.28344547850114 10.867386776536174 10.22695418106606
253.85687685064 -40.38093850765 0.0264 0.0171 18.9661 "" "" 5969695200715950336 1332.42053 0.7145 0.0291 -0.693 -6.495 0.035 0.028 1.057 5167.0 4.1553 15.185196 1.295897 15.758078 14.462181 "" "" 1283.54602 1378.21533 15880.65416 3.8335 6794.9 12.131 13010.0 13.786 "" "" 0.0027677573707512206 0.0033974028 0.0039506163 0.007348019 253.85687685064 -40.38093850765 1332.42053 -0.6929999999999998 -6.495000000000001 -0.6001250036358833 -5.382593746185303 0.13606395 0.12906395 "" "" 34.20534233660471 "" 4.417695111753212 ""
254.34988426018 -40.46508209643 0.026 0.0171 11.0557 "" "" 5966697627089403904 1324.58594 0.7136 0.03 -1.672 -2.814 0.041 0.031 0.936 5977.1 4.1813 15.187997 1.115074 15.655115 14.540041 "" "" 1270.99451 1385.74072 15839.73446 4.0291 7470.9 19.623 12110.0 21.202 "" "" 0.002769126587922621 0.0039897026 0.0042304974 0.0082201995 254.34988426018 -40.46508209643 1324.58594 -1.672 -2.814 -1.5791250036358833 -1.7015937461853028 0.14206395 0.13206396 "" "" 14.575211761445416 "" 1.9936277799831812 ""
254.54199939719 -40.88647307108 0.0242 0.0165 24.598 "" "" 5966673059876259712 1383.93018 0.6778 0.0285 -3.941 -3.957 0.036 0.029 1.009 "" "" 15.19059 1.82865 16.08277 14.25412 -28.57 3.94 1337.40125 1436.50574 15801.94685 4.0837 5038.6 10.307 15758.0 15.311 "" "" 0.002769570086539811 0.003566209 0.003923853 0.007490062 254.54199939719 -40.88647307108 1383.93018 -3.941 -3.957000000000003 -3.848125003635883 -2.8445937461853026 0.13706395 0.13006395 -8.211176470588235 5.5362744 31.391218469275366 32.447373021816674 4.2262645494276185 4.3220737771783835
253.62004453506 -40.48880542373 0.0296 0.0191 25.788 "" "" 5969687779017283456 1636.85742 0.5621 0.0327 -2.637 -2.099 0.041 0.03 0.99 6889.5 4.2792 15.193626 1.116376 15.666889 14.550513 "" "" 1536.96155 1731.19543 15757.8155 4.0054 7390.3 10.646 11994.0 13.407 "" "" 0.002769106926454737 0.003198637 0.0039694663 0.007168103 253.62004453506 -40.48880542373 1636.85742 -2.6370000000000013 -2.099000000000002 -2.5441250036358833 -0.9865937461853029 0.14206395 0.13106395 "" "" 21.17136879949639 "" 2.978279255265137 ""
254.05328371305 -40.57917352473 0.0265 0.0177 5.354 "" "" 5969674657909871488 1608.26001 0.5825 0.0293 -0.073 -0.719 0.035 0.028 1.038 "" "" 15.194036 1.590015 15.924332 14.334316 "" "" 1533.12024 1699.06384 15751.88732 26.776 5830.2 37.286 14636.0 73.945 "" "" 0.0033163271532201024 0.0074832523 0.0066613564 0.014144609 254.05328371305 -40.57917352473 1608.26001 -0.07300000000000001 -0.7190000000000003 0.019874996364116673 0.3934062538146973 0.13606395 0.12906395 "" "" 3.002820575142738 "" 0.3876108408882052 ""
254.18772393834 -40.5421590466 0.0273 0.0168 2.9053 "" "" 5969697678937706752 1211.30652 0.7856 0.03 1.811 -3.438 0.04 0.029 0.972 6378.5 4.3747 15.196137 1.062347 15.637671 14.575325 "" "" 1166.33801 1252.96033 15721.41894 3.9952 7591.9 14.817 11723.0 11.156 "" "" 0.0027691003953385597 0.0035036088 0.003918071 0.00742168 254.18772393834 -40.5421590466 1211.30652 1.811 -3.4380000000000006 1.9038749963641166 -2.325593746185303 0.14106396 0.13006395 "" "" 17.256449195504835 "" 2.322476277318939 ""
254.20178583592 -40.21123923314 0.0271 0.0175 22.6936 "" "" 5969711903869597184 1317.86633 0.7126 0.0285 4.133 -9.413 0.039 0.03 0.999 5228.4 4.1572 15.198622 1.387543 15.823847 14.436304 "" "" 1276.61523 1367.11267 15685.48708 3.7479 6395.6 15.596 13324.0 12.979 "" "" 0.0027675063682488245 0.0038464216 0.0039245756 0.0077709975 254.20178583592 -40.21123923314 1317.86633 4.133 -9.412999999999997 4.225874996364117 -8.300593746185303 0.14006396 0.13106395 "" "" 58.184078390190216 "" 7.736521080174595 ""
254.27397405372 -41.02404682494 0.1447 0.0923 26.5436 "" "" 5966649901410599168 1313.45776 0.84 0.1662 -1.351 -4.025 0.192 0.149 5.393 7418.6 4.1432 15.2007 1.238489 15.697589 14.4591 "" "" 1087.29822 1631.0553 15655.48994 20.915 7184.3 12.189 13047.0 16.871 "" "" 0.003113794807210936 0.0033433961 0.0040317276 0.007375124 254.27397405372 -41.02404682494 1313.45776 -1.3509999999999982 -4.025 -1.2581250036358833 -2.912593746185303 0.29306394 0.25006396 "" "" 19.75261776023981 "" 5.082392926292007 ""
253.83480008308 -40.93353478936 0.0655 0.0324 25.6964 "" "" 5969662494563291264 1654.43555 0.5947 0.0717 -1.639 -3.761 0.087 0.054 1.312 10284.1 4.0326 15.20194 1.292473 15.74553 14.453057 "" "" 1451.51038 1864.59741 15637.63259 6.5214 6873.9 30.267 13120.0 70.36 "" "" 0.00279227606828134 0.005535344 0.0069416347 0.012476979 253.83480008308 -40.93353478936 1654.43555 -1.6390000000000016 -3.761 -1.5461250036358833 -2.648593746185303 0.18806395 0.15506396 "" "" 24.050290404348356 "" 3.9462067235381393 ""
253.72489643192 -40.86016840255 0.0294 0.0182 25.9836 "" "" 5969666750852198016 1427.23291 0.6661 0.038 -5.738 -2.502 0.045 0.037 0.998 6034.1 4.4515 15.203612 1.124213 15.676781 14.552568 "" "" 1357.07397 1520.95837 15613.55089 4.1345 7323.3 14.953 11971.0 13.838 "" "" 0.0027702795175151957 0.003563662 0.0039823265 0.0075459885 253.72489643192 -40.86016840255 1427.23291 -5.738000000000001 -2.502 -5.645125003635884 -1.3895937461853025 0.14606395 0.13806395 "" "" 39.32976118314807 "" 5.727150094490788 ""
