Clusters/FSR_0336/FSR_0336_stars_in_region.tsv
# %ECSV 1.0
# ---
# datatype:
# - name: RA_ICRS_1
#   unit: deg
#   datatype: float64
#   format: '{:15.11f}'
#   description: Right ascension (ICRS) at Ep=2016.0 (ra)
#   meta: !!omap
#   - {ucd: POS_EQ_RA_MAIN}
#   - {width: 15}
#   - {precision: '11'}
# - name: DE_ICRS_1
#   unit: deg
#   datatype: float64
#   format: '{:15.11f}'
#   description: Declination (ICRS) at Ep=2016.0 (dec)
#   meta: !!omap
#   - {ucd: POS_EQ_DEC_MAIN}
#   - {width: 15}
#   - {precision: '11'}
# - name: e_RA_ICRS
#   unit: mas
#   datatype: float64
#   format: '{:7.4f}'
#   description: Standard error of right ascension (ra_error)
#   meta: !!omap
#   - {ucd: ERROR}
#   - {width: 7}
#   - {precision: '4'}
# - name: e_DE_ICRS
#   unit: mas
#   datatype: float64
#   format: '{:7.4f}'
#   description: Standard error of declination (dec_error)
#   meta: !!omap
#   - {ucd: ERROR}
#   - {width: 7}
#   - {precision: '4'}
# - name: _r_1
#   unit: ''
#   datatype: float64
#   format: '{:7.4f}'
#   description: Distance from center (327.71341115000+55.24000509000)[ICRS], at Epoch=J2016.0
#   meta: !!omap
#   - {ucd: POS_ANG_DIST_GENERAL}
#   - {width: 7}
#   - {precision: '4'}
# - name: HIP
#   datatype: int32
#   description: '? HIP cross-id number, van Leeuwen, Cat. I/311 (hip_original_ext_source_id)'
#   meta: !!omap
#   - {ucd: ID_NUMBER}
#   - {width: 6}
#   - values: {'null': -2147483648}
# - name: TYC2
#   datatype: string
#   description: Tycho-2 cross-id name, Hog et al., Cat. I/259 (tyc2_original_ext_source_id)
#   meta: !!omap
#   - {ucd: ID_CROSSID}
#   - {_votable_string_dtype: char}
# - name: Source
#   datatype: int64
#   description: Source identifier, identical to the Gaia-EDR3 source_id (id)
#   meta: !!omap
#   - {ucd: ID_MAIN}
#   - {width: 19}
# - name: rgeo
#   unit: pc
#   datatype: float64
#   format: '{:15.8f}'
#   description: '? Median of the geometric distance posterior (r_med_geo)'
#   meta: !!omap
#   - {ucd: PHYS_DISTANCE_TRUE}
#   - {width: 15}
#   - {precision: '8'}
#   - values: {'null': .nan}
# - name: Plx
#   unit: mas
#   datatype: float64
#   format: '{:9.4f}'
#   description: '? Parallax (parallax)'
#   meta: !!omap
#   - {ucd: POS_PARLX_TRIG}
#   - {width: 9}
#   - {precision: '4'}
#   - values: {'null': .nan}
# - name: e_Plx
#   unit: mas
#   datatype: float32
#   format: '{:7.4f}'
#   description: '? Standard error of parallax (parallax_error)'
#   meta: !!omap
#   - {ucd: ERROR}
#   - {width: 7}
#   - {precision: '4'}
#   - values: {'null': .nan}
# - name: pmRA
#   unit: mas / yr
#   datatype: float64
#   format: '{:9.3f}'
#   description: '? Proper motion in right ascension direction, pmRA*cosDE (pmra)'
#   meta: !!omap
#   - {ucd: POS_EQ_PMRA}
#   - {width: 9}
#   - {precision: '3'}
#   - values: {'null': .nan}
# - name: pmDE
#   unit: mas / yr
#   datatype: float64
#   format: '{:9.3f}'
#   description: '? Proper motion in declination direction (pmdec)'
#   meta: !!omap
#   - {ucd: POS_EQ_PMDEC}
#   - {width: 9}
#   - {precision: '3'}
#   - values: {'null': .nan}
# - name: e_pmRA
#   unit: mas / yr
#   datatype: float32
#   format: '{:6.3f}'
#   description: '? Standard error of proper motion in right ascension direction (pmra_error)'
#   meta: !!omap
#   - {ucd: ERROR}
#   - {width: 6}
#   - {precision: '3'}
#   - values: {'null': .nan}
# - name: e_pmDE
[...]
#         value: !astropy.table.SerializedColumn {name: SkyCoord.dec}
#       distance: !astropy.table.SerializedColumn
#         __class__: astropy.coordinates.distances.Distance
#         unit: !astropy.units.Unit {unit: pc}
#         value: !astropy.table.SerializedColumn {name: SkyCoord.distance}
#       frame: icrs
#       obstime: !astropy.time.Time {format: jyear_str, in_subfmt: '*', jd1: 367701545.0, jd2: 0.0, out_subfmt: '*', precision: 3, scale: tt}
#       pm_dec: !astropy.table.SerializedColumn
#         __class__: astropy.units.quantity.Quantity
#         unit: !astropy.units.Unit {unit: mas / yr}
#         value: !astropy.table.SerializedColumn {name: SkyCoord.pm_dec}
#       pm_ra_cosdec: !astropy.table.SerializedColumn
#         __class__: astropy.units.quantity.Quantity
#         unit: !astropy.units.Unit {unit: mas / yr}
#         value: !astropy.table.SerializedColumn {name: SkyCoord.pm_ra_cosdec}
#       ra: !astropy.table.SerializedColumn
#         __class__: astropy.coordinates.angles.Longitude
#         unit: *id001
#         value: !astropy.table.SerializedColumn {name: SkyCoord.ra}
#         wrap_angle: !astropy.coordinates.Angle
#           unit: *id001
#           value: 360.0
#       representation_type: spherical
# schema: astropy-2.0
RA_ICRS_1 DE_ICRS_1 e_RA_ICRS e_DE_ICRS _r_1 HIP TYC2 Source rgeo Plx e_Plx pmRA pmDE e_pmRA e_pmDE RUWE Teff logg Gmag BP-RP BPmag RPmag RV e_RV b_rgeo B_rgeo FG e_FG FBP e_FBP FRP e_FRP RAVE5 RAVE6 e_Gmag e_BPmag e_RPmag e_BP-RP SkyCoord.ra SkyCoord.dec SkyCoord.distance SkyCoord.pm_ra_cosdec SkyCoord.pm_dec rmRA rmDE e_rmRA e_rmDE rRV e_rRV v_pec v_pec3d e_vpec e_vpec3d
[from data line 180]
327.10943419253 55.22198524195 0.0198 0.0184 20.694 "" "" 2174739514770887936 2378.76416 0.394 0.0228 -2.752 -2.656 0.027 0.022 1.135 11019.5 3.8972 14.784615 1.331716 15.196042 13.864327 "" "" 2252.7124 2502.12671 22966.82279 12.296 11403.0 113.76 22565.0 226.8 "" "" 0.0028159685185478907 0.011185247 0.011548621 0.022733867 327.10943419253 55.22198524195 2378.76416 -2.752 -2.6560000000000015 0.29725799369812034 0.24206461334228502 0.10414021 0.099140204 "" "" 4.322407832867418 "" 0.44164603252991363 ""
327.92596368584 55.11273498828 0.0186 0.02 10.5522 "" "" 2174068743955456512 2286.08691 0.3985 0.022 -1.08 -1.359 0.025 0.025 1.133 "" "" 14.79339 2.534535 16.184046 13.64951 -74.96 2.64 2187.04272 2428.16187 22781.94503 6.7984 4589.9 8.8646 27501.0 17.628 "" "" 0.0027743040714798264 0.0034902848 0.0038429252 0.0073332097 327.92596368584 55.11273498828 2286.08691 -1.08 -1.359 1.96925799369812 1.5390646133422852 0.1021402 0.1021402 -98.17249999999999 3.3945162 27.082970489367632 101.8397125230524 2.7662601068315924 3.353953691804178
328.2619714614 55.3458150471 0.0205 0.0173 19.7865 "" "" 2174095338393537408 2329.91089 0.4042 0.0225 -3.243 -2.837 0.026 0.021 1.162 "" "" 14.802052 1.533539 15.504937 13.971398 "" "" 2218.2959 2456.96216 22600.92634 5.749 8579.1 15.084 20446.0 17.759 "" "" 0.002769126964161459 0.0033807121 0.0038952625 0.0072759744 328.2619714614 55.3458150471 2329.91089 -3.243000000000003 -2.837000000000003 -0.19374200630187977 0.06106461334228497 0.103140205 0.0981402 "" "" 2.2434055962424484 "" 0.23039413538651374 ""
327.7369059144 55.51172322754 0.0173 0.0157 16.3228 "" "" 2174830533713422464 2188.55151 0.4268 0.0188 -4.741 -6.102 0.025 0.02 0.994 "" "" 14.805594 1.606758 15.551251 13.944493 "" "" 2108.96948 2304.99072 22527.30242 5.6554 8220.8 17.078 20959.0 20.5 "" "" 0.002768769390571267 0.003587817 0.0039257463 0.007513563 327.7369059144 55.51172322754 2188.55151 -4.7410000000000005 -6.102 -1.6917420063018795 -3.203935386657715 0.1021402 0.09714021 "" "" 37.58556206490339 "" 3.6928566217588505 ""
327.96989537326 55.26366509016 0.0201 0.0176 8.8854 "" "" 2174070805539846272 2463.56201 0.3705 0.0217 -5.005 -5.054 0.028 0.021 1.097 6096.5 2.5471 14.816062 2.301969 16.036306 13.734337 -56.96 3.65 2339.71387 2647.87354 22311.15871 7.7396 5258.9 8.2691 25435.0 19.702 "" "" 0.002780942888602781 0.003271028 0.0038718253 0.007142853 327.96989537326 55.26366509016 2463.56201 -5.004999999999999 -5.054000000000002 -1.9557420063018798 -2.155935386657715 0.10514021 0.0981402 -80.1725 4.404516 33.99069447835026 87.08040576025442 3.4452989788517363 4.272296766000897
327.33620090196 55.32444857653 0.0186 0.0169 13.85 "" "" 2174822390455147648 2264.89697 0.401 0.0207 -0.449 -1.434 0.026 0.021 1.07 "" "" 14.819797 2.511431 16.191023 13.679592 -27.09 2.37 2160.91309 2377.05493 22234.50998 7.106 4560.4 6.8296 26750.0 15.365 "" "" 0.002777083762117469 0.003229377 0.00383049 0.007059867 327.33620090196 55.32444857653 2264.89697 -0.4489999999999992 -1.434000000000001 2.6002579936981203 1.4640646133422852 0.103140205 0.0981402 -50.302499999999995 3.124516 32.036091947944925 59.63767847214696 3.266369875712367 3.166101951118727
327.55437013304 55.16905441257 0.019 0.0182 6.9119 "" "" 2174066373133349376 1867.1283 0.5053 0.0216 -0.247 -1.729 0.025 0.023 1.098 "" "" 14.827499 1.477532 15.495483 14.017951 "" "" 1795.67236 1965.10815 22077.35228 6.0257 8654.1 12.912 19587.0 13.064 "" "" 0.0027712099505677375 0.003226332 0.0038481334 0.007074465 327.55437013304 55.16905441257 1867.1283 -0.247 -1.729 2.8022579936981202 1.169064613342285 0.1021402 0.10014021 "" "" 26.872182212780675 "" 2.7368295331215733 ""
327.3740517536 55.37861952214 0.0283 0.0277 14.2642 "" "" 2174834583859217280 2181.71216 0.4365 0.0307 -5.4 -3.388 0.046 0.036 1.609 7333.1 3.6796 14.831896 1.82188 15.639618 13.817738 53.26 6.87 2021.56812 2319.46143 21988.1293 7.3639 7578.3 15.193 23554.0 24.779 "" "" 0.0027792097009342776 0.0035387871 0.0039482093 0.0074869962 327.3740517536 55.37861952214 2181.71216 -5.3999999999999995 -3.388000000000001 -2.3507420063018802 -0.48993538665771474 0.1231402 0.1131402 30.0475 7.624516 24.832133920037208 38.980599421669524 3.047900080887534 6.189641685256491
327.35318047089 55.31393674733 0.0172 0.017 13.0862 "" "" 2174822356095411200 1976.33545 0.474 0.0205 -2.547 -2.378 0.023 0.021 1.033 "" "" 14.835127 1.733713 15.664124 13.930411 -43.82 7.08 1888.60193 2071.24463 21922.7893 5.5454 7409.1 9.8727 21232.0 14.852 "" "" 0.0027689737631338158 0.0031429518 0.0038549374 0.006997889 327.35318047089 55.31393674733 1976.33545 -2.547 -2.378 0.50225799369812 0.520064613342285 0.10014021 0.0981402 -67.0325 7.834516 6.772949498803609 67.37379981241479 0.6712698577810385 7.79512032848135
327.5878146823 55.26186086805 0.0184 0.0181 4.491 "" "" 2174818988841177088 2695.39502 0.3484 0.0203 -3.028 -2.377 0.025 0.023 1.07 8214.0 3.1042 14.835332 1.411884 15.465101 14.053217 "" "" 2582.21802 2841.80566 21918.65341 7.4257 8899.7 13.758 18961.0 17.61 "" "" 0.0027797641532757798 0.0032561002 0.0039115916 0.007167692 327.5878146823 55.26186086805 2695.39502 -3.028000000000001 -2.3770000000000002 0.021257993698120092 0.5210646133422854 0.1021402 0.10014021 "" "" 6.662749203735878 "" 0.6672314442183559 ""
327.5306324167 55.19844377277 0.017 0.0167 6.7345 "" "" 2174817270854165760 1934.68616 0.4884 0.0191 -0.784 -3.078 0.021 0.02 0.995 9224.5 3.8351 14.837797 1.213977 15.356804 14.142827 "" "" 1863.67163 2010.80139 21868.93793 4.2937 9833.2 10.66 17459.0 13.424 "" "" 0.0027635541109958263 0.0030282738 0.003870482 0.006898756 327.5306324167 55.19844377277 1934.68616 -0.783999999999999 -3.0780000000000003 2.2652579936981203 -0.1799353866577147 0.0981402 0.09714021 "" "" 20.838782101335802 "" 2.044992297975468 ""
327.74929822302 55.53187636062 0.0203 0.0195 17.5549 "" "" 2174831392706880256 2374.85645 0.3852 0.0232 -2.627 -3.003 0.03 0.026 1.248 "" "" 14.853286 2.425426 16.157494 13.732067 -37.82 4.94 2240.8208 2535.74243 21559.19383 7.3578 4703.5 11.738 25488.0 16.986 "" "" 0.0027801245009199758 0.0038893074 0.0038480228 0.00773733 327.74929822302 55.53187636062 2374.85645 -2.6270000000000007 -3.003 0.42225799369812034 -0.10493538665771496 0.107140206 0.103140205 -61.0325 5.694516 4.897858218784568 61.22871116871002 0.5236380763860785 5.676422303666781
327.63094042846 55.26778217895 0.0183 0.0169 3.2759 "" "" 2174819023200918784 2711.61182 0.3315 0.0201 -5.044 -4.681 0.025 0.022 1.011 5565.5 2.8749 14.855437 2.455383 16.18696 13.731577 -53.18 2.77 2589.2478 2824.78833 21516.50967 6.2238 4577.5 8.6424 25499.0 17.407 "" "" 0.0027731608388558973 0.003462238 0.0038513734 0.0073136115 327.63094042846 55.26778217895 2711.61182 -5.044000000000001 -4.681000000000001 -1.9947420063018795 -1.782935386657715 0.1021402 0.099140204 -76.3925 3.524516 34.387237323495604 83.77527169154635 3.466883449202192 3.5148720272872054
327.77461528349 55.31764261531 0.0264 0.0245 5.1063 "" "" 2174825242313655808 2712.0437 0.3222 0.0299 -2.443 -5.396 0.037 0.032 1.124 "" "" 14.868612 3.548416 17.064564 13.516148 -2.91 2.1 2540.58691 2889.36719 21256.98834 10.89 2039.8 9.7958 31096.0 22.68 "" "" 0.0028109029888270846 0.0059136744 0.003861452 0.009775126 327.77461528349 55.31764261531 2712.0437 -2.443 -5.396 0.6062579936981201 -2.4979353866577148 0.114140205 0.1091402 -26.1225 2.854516 33.043400613937806 42.12186285509207 3.615752475752284 3.3435510246586206
327.68646474212 55.3363603788 0.0197 0.0179 5.8542 "" "" 2174820397590535552 2518.0166 0.3737 0.0213 -3.042 -2.986 0.028 0.024 1.014 "" "" 14.870271 1.576563 15.595053 14.01849 "" "" 2389.41284 2660.83447 21224.54046 6.5694 7895.8 16.4 19578.0 13.271 "" "" 0.002775738292720738 0.0035875714 0.0038503737 0.0074379453 327.68646474212 55.3363603788 2518.0166 -3.0420000000000003 -2.9860000000000007 0.007257993698120302 -0.08793538665771505 0.10514021 0.1011402 "" "" 1.0531128333427888 "" 0.10654110656867137 ""
327.83842461135 55.09605864853 0.017 0.0178 9.641 "" "" 2174062971519403392 2471.43921 0.3809 0.0194 -2.986 -2.843 0.023 0.022 1.027 "" "" 14.879881 1.302369 15.445832 14.143463 "" "" 2374.1394 2585.72095 21037.50855 7.1567 9059.1 14.219 17449.0 21.729 "" "" 0.002779966147971296 0.0032694314 0.004013947 0.0072833784 327.83842461135 55.09605864853 2471.43921 -2.9859999999999998 -2.843000000000001 0.06325799369811991 0.055064613342285185 0.10014021 0.099140204 "" "" 0.9824710096940646 "" 0.09796252935027282 ""
328.05087265823 55.02174127589 0.0157 0.0172 17.4784 "" "" 2174052629238190464 1938.51831 0.4869 0.0174 -3.122 -3.799 0.022 0.022 1.028 "" "" 14.882256 1.352413 15.479961 14.127548 "" "" 1882.70679 2025.44519 20991.55125 3.9276 8778.7 12.122 17707.0 13.759 "" "" 0.0027627988449809224 0.00316745 0.0038724004 0.0070398506 328.05087265823 55.02174127589 1938.51831 -3.122 -3.7990000000000004 -0.07274200630187977 -0.9009353866577148 0.099140204 0.099140204 "" "" 8.305253455080818 "" 0.8233845258716055 ""
328.21473675209 55.31818310373 0.0188 0.0162 17.7632 "" "" 2174071733252899840 2195.08618 0.429 0.0211 -2.844 -3.2 0.025 0.02 1.06 5825.2 3.0718 14.89297 2.107638 15.973783 13.866144 -36.56 4.95 2096.70947 2313.78247 20785.4191 5.6636 5570.6 10.604 22527.0 15.236 "" "" 0.0027711570124778853 0.0034722593 0.003850061 0.0073223202 328.21473675209 55.31818310373 2195.08618 -2.8440000000000016 -3.1999999999999997 0.20525799369812026 -0.301935386657715 0.1021402 0.09714021 -59.7725 5.704516 3.7987278892888314 59.89308883190832 0.3751164975710094 5.693080167470569
327.26795743464 55.02129981358 0.018 0.0179 20.1414 "" "" 2174720445116031232 2518.61597 0.3727 0.0207 -5.715 -5.259 0.023 0.022 1.063 "" "" 14.892994 1.570111 15.617334 14.047223 "" "" 2390.96069 2676.81177 20784.96382 6.1082 7735.4 13.723 19066.0 15.741 "" "" 0.002773733251598651 0.003390444 0.0038842298 0.007274674 327.26795743464 55.02129981358 2518.61597 -5.715000000000003 -5.259 -2.6657420063018797 -2.360935386657715 0.10014021 0.099140204 "" "" 42.511192101318294 "" 4.238444783804648 ""
328.03577925721 54.94840981739 0.0158 0.0169 20.7027 "" "" 2174045585491834496 2194.65234 0.4333 0.0177 -4.311 -4.191 0.021 0.021 1.026 "" "" 14.899564 1.171922 15.39683 14.224908 "" "" 2120.56445 2278.21118 20659.56948 4.1652 9477.3 9.3673 16188.0 11.455 "" "" 0.002764001646397729 0.0029894256 0.0038566825 0.006846108 328.03577925721 54.94840981739 2194.65234 -4.311 -4.191 -1.2617420063018798 -1.2929353866577147 0.0981402 0.0981402 "" "" 18.793060569171235 "" 1.8443547691517452 ""
328.29652580186 55.26807382829 0.019 0.0179 20.0113 "" "" 2174083071966842112 2606.86401 0.3518 0.0216 -0.57 -0.35 0.025 0.023 1.153 "" "" 14.910263 2.335547 16.147366 13.811818 -21.72 3.16 2482.23584 2809.56519 20456.98129 6.8676 4747.6 8.9048 23683.0 22.901 "" "" 0.0027793243164399464 0.0034543 0.0039224974 0.0073767975 328.29652580186 55.26807382829 2606.86401 -0.5699999999999997 -0.35 2.4792579936981203 2.548064613342285 0.1021402 0.10014021 -44.9325 3.9145162 43.929792078416696 62.83912943622725 4.442082965265385 4.180673245994375
328.03933150126 54.96040323553 0.016 0.017 20.1647 "" "" 2174046375765815168 2108.11719 0.4483 0.018 -3.394 -4.669 0.021 0.021 0.992 7996.6 4.0578 14.925445 1.295179 15.489807 14.194628 "" "" 2034.26404 2193.43408 20172.92656 4.2292 8699.5 8.1422 16646.0 10.557 "" "" 0.0027647063196600853 0.002969457 0.0038415974 0.0068110544 328.03933150126 54.96040323553 2108.11719 -3.393999999999999 -4.668999999999998 -0.34474200630188 -1.7709353866577144 0.0981402 0.0981402 "" "" 18.02820702781093 "" 1.769291887748352 ""
327.59914980343 55.23400081655 0.0188 0.0181 3.9256 "" "" 2174818679603550336 2302.3457 0.4076 0.0205 -2.971 -3.006 0.024 0.024 1.025 "" "" 14.940862 1.356148 15.536755 14.180607 "" "" 2205.86621 2390.95239 19888.49557 5.4467 8331.3 12.366 16862.0 17.536 "" "" 0.0027713176455025777 0.0032221274 0.003944448 0.0071665756 327.59914980343 55.23400081655 2302.3457 -2.9710000000000005 -3.0060000000000002 0.07825799369812003 -0.10793538665771463 0.1011402 0.1011402 "" "" 1.45494265787674 "" 0.1471531929946425 ""
327.88513117044 55.12962895665 0.0178 0.0188 8.8578 "" "" 2174063143318093696 2657.04395 0.3388 0.0199 -2.402 -0.19 0.023 0.023 1.097 "" "" 14.94485 2.520598 16.323921 13.803323 -53.83 3.11 2532.84595 2804.0271 19815.57775 6.4425 4035.0 10.609 23869.0 22.735 "" "" 0.0027778403217608746 0.0039917617 0.0039183157 0.007910077 327.88513117044 55.12962895665 2657.04395 -2.402 -0.19000000000000006 0.64725799369812 2.708064613342285 0.10014021 0.10014021 -77.04249999999999 3.864516 35.06707642796034 84.64777997947974 3.5116242754009055 3.8062791187044165
327.73777981667 54.99307483416 0.0157 0.0163 14.8394 "" "" 2174060635057095040 2548.82446 0.3642 0.0181 -3.043 -3.012 0.021 0.02 1.0 "" "" 14.952548 1.490091 15.625307 14.135216 "" "" 2460.97314 2634.59521 19675.58826 4.689 7678.8 11.534 17582.0 10.074 "" "" 0.0027674428395980085 0.0032318232 0.0038302392 0.0070620626 327.73777981667 54.99307483416 2548.82446 -3.0430000000000006 -3.0119999999999987 0.006257993698119968 -0.11393538665771485 0.0981402 0.09714021 "" "" 1.378576946881134 "" 0.13391941890647868 ""
328.21662672039 55.02923026704 0.0164 0.0179 21.397 "" "" 2174052148201979904 2607.90796 0.3478 0.0192 -7.056 -3.69 0.021 0.023 1.058 "" "" 14.958941 2.430785 16.269997 13.839211 -89.7 3.45 2511.81079 2738.62817 19560.0539 5.7355 4240.5 9.7563 23093.0 16.827 "" "" 0.0027736520648780558 0.0037450034 0.0038612979 0.0076063015 328.21662672039 55.02923026704 2607.90796 -7.055999999999999 -3.6899999999999995 -4.00674200630188 -0.7919353866577148 0.0981402 0.10014021 -112.9125 4.2045164 50.48745817497828 123.68595752639092 4.958682933233393 4.339285238069637
327.5461593578 55.16074259915 0.0191 0.0181 7.4443 "" "" 2174066338773612032 2181.98706 0.432 0.0209 -1.085 -1.696 0.025 0.022 0.973 "" "" 14.964922 1.46014 15.622776 14.162636 "" "" 2090.86597 2289.89453 19452.61841 4.8406 7696.7 9.9976 17144.0 14.419 "" "" 0.0027685346342990746 0.0031263446 0.0038881346 0.0070144795 327.5461593578 55.16074259915 2181.98706 -1.085 -1.6959999999999997 1.9642579936981202 1.2020646133422852 0.1021402 0.099140204 "" "" 23.81783775325151 "" 2.4134998352014723 ""
328.27649202324 55.32187655172 0.0208 0.0172 19.8593 "" "" 2174083518643495680 1939.71875 0.4851 0.0227 -3.117 -4.899 0.029 0.022 1.047 "" "" 14.967727 1.704149 15.779319 14.07517 -64.1 8.44 1855.77588 2045.12598 19402.422 4.8466 6663.3 12.579 18582.0 16.827 "" "" 0.002768635803347676 0.0034621004 0.0039051753 0.0073672757 328.27649202324 55.32187655172 1939.71875 -3.116999999999996 -4.899 -0.06774200630187988 -2.000935386657715 0.106140204 0.099140204 -87.3125 9.194515 18.40767406963141 89.23180554546558 1.8250932924929102 9.004622980046912
327.92660046515 54.92171302841 0.016 0.0174 20.453 "" "" 2174045860369623936 2052.54639 0.4618 0.0192 -3.309 -2.614 0.021 0.021 1.01 8979.1 3.8835 14.969096 1.549137 15.681567 14.13243 18.65 7.47 1977.26868 2119.64331 19377.97379 4.804 7291.0 14.369 17627.0 10.822 "" "" 0.002768436259011925 0.0035161905 0.0038377151 0.0073539056 327.92660046515 54.92171302841 2052.54639 -3.3090000000000033 -2.613999999999998 -0.25974200630188005 0.2840646133422853 0.0981402 0.0981402 -4.5625 8.224516 3.7448530206667856 5.9025698129202295 0.36752063364119164 6.3615656560614475
