Clusters/FSR_0336/FSR_0336_stars_in_region.tsv
# %ECSV 1.0
# ---
# datatype:
# - name: RA_ICRS_1
#   unit: deg
#   datatype: float64
#   format: '{:15.11f}'
#   description: Right ascension (ICRS) at Ep=2016.0 (ra)
#   meta: !!omap
#   - {ucd: POS_EQ_RA_MAIN}
#   - {width: 15}
#   - {precision: '11'}
# - name: DE_ICRS_1
#   unit: deg
#   datatype: float64
#   format: '{:15.11f}'
#   description: Declination (ICRS) at Ep=2016.0 (dec)
#   meta: !!omap
#   - {ucd: POS_EQ_DEC_MAIN}
#   - {width: 15}
#   - {precision: '11'}
# - name: e_RA_ICRS
#   unit: mas
#   datatype: float64
#   format: '{:7.4f}'
#   description: Standard error of right ascension (ra_error)
#   meta: !!omap
#   - {ucd: ERROR}
#   - {width: 7}
#   - {precision: '4'}
# - name: e_DE_ICRS
#   unit: mas
#   datatype: float64
#   format: '{:7.4f}'
#   description: Standard error of declination (dec_error)
#   meta: !!omap
#   - {ucd: ERROR}
#   - {width: 7}
#   - {precision: '4'}
# - name: _r_1
#   unit: ''
#   datatype: float64
#   format: '{:7.4f}'
#   description: Distance from center (327.71341115000+55.24000509000)[ICRS], at Epoch=J2016.0
#   meta: !!omap
#   - {ucd: POS_ANG_DIST_GENERAL}
#   - {width: 7}
#   - {precision: '4'}
# - name: HIP
#   datatype: int32
#   description: '? HIP cross-id number, van Leeuwen, Cat. I/311 (hip_original_ext_source_id)'
#   meta: !!omap
#   - {ucd: ID_NUMBER}
#   - {width: 6}
#   - values: {'null': -2147483648}
# - name: TYC2
#   datatype: string
#   description: Tycho-2 cross-id name, Hog et al., Cat. I/259 (tyc2_original_ext_source_id)
#   meta: !!omap
#   - {ucd: ID_CROSSID}
#   - {_votable_string_dtype: char}
# - name: Source
#   datatype: int64
#   description: Source identifier, identical to the Gaia-EDR3 source_id (id)
#   meta: !!omap
#   - {ucd: ID_MAIN}
#   - {width: 19}
# - name: rgeo
#   unit: pc
#   datatype: float64
#   format: '{:15.8f}'
#   description: '? Median of the geometric distance posterior (r_med_geo)'
#   meta: !!omap
#   - {ucd: PHYS_DISTANCE_TRUE}
#   - {width: 15}
#   - {precision: '8'}
#   - values: {'null': .nan}
# - name: Plx
#   unit: mas
#   datatype: float64
#   format: '{:9.4f}'
#   description: '? Parallax (parallax)'
#   meta: !!omap
#   - {ucd: POS_PARLX_TRIG}
#   - {width: 9}
#   - {precision: '4'}
#   - values: {'null': .nan}
# - name: e_Plx
#   unit: mas
#   datatype: float32
#   format: '{:7.4f}'
#   description: '? Standard error of parallax (parallax_error)'
#   meta: !!omap
#   - {ucd: ERROR}
#   - {width: 7}
#   - {precision: '4'}
#   - values: {'null': .nan}
# - name: pmRA
#   unit: mas / yr
#   datatype: float64
#   format: '{:9.3f}'
#   description: '? Proper motion in right ascension direction, pmRA*cosDE (pmra)'
#   meta: !!omap
#   - {ucd: POS_EQ_PMRA}
#   - {width: 9}
#   - {precision: '3'}
#   - values: {'null': .nan}
# - name: pmDE
#   unit: mas / yr
#   datatype: float64
#   format: '{:9.3f}'
#   description: '? Proper motion in declination direction (pmdec)'
#   meta: !!omap
#   - {ucd: POS_EQ_PMDEC}
#   - {width: 9}
#   - {precision: '3'}
#   - values: {'null': .nan}
# - name: e_pmRA
#   unit: mas / yr
#   datatype: float32
#   format: '{:6.3f}'
#   description: '? Standard error of proper motion in right ascension direction (pmra_error)'
#   meta: !!omap
#   - {ucd: ERROR}
#   - {width: 6}
#   - {precision: '3'}
#   - values: {'null': .nan}
# - name: e_pmDE
[...]
#         unit: &id001 !astropy.units.Unit {unit: deg}
#         value: !astropy.table.SerializedColumn {name: SkyCoord.dec}
#       distance: !astropy.table.SerializedColumn
#         __class__: astropy.coordinates.distances.Distance
#         unit: !astropy.units.Unit {unit: pc}
#         value: !astropy.table.SerializedColumn {name: SkyCoord.distance}
#       frame: icrs
#       obstime: !astropy.time.Time {format: jyear_str, in_subfmt: '*', jd1: 367701545.0, jd2: 0.0, out_subfmt: '*', precision: 3, scale: tt}
#       pm_dec: !astropy.table.SerializedColumn
#         __class__: astropy.units.quantity.Quantity
#         unit: !astropy.units.Unit {unit: mas / yr}
#         value: !astropy.table.SerializedColumn {name: SkyCoord.pm_dec}
#       pm_ra_cosdec: !astropy.table.SerializedColumn
#         __class__: astropy.units.quantity.Quantity
#         unit: !astropy.units.Unit {unit: mas / yr}
#         value: !astropy.table.SerializedColumn {name: SkyCoord.pm_ra_cosdec}
#       ra: !astropy.table.SerializedColumn
#         __class__: astropy.coordinates.angles.Longitude
#         unit: *id001
#         value: !astropy.table.SerializedColumn {name: SkyCoord.ra}
#         wrap_angle: !astropy.coordinates.Angle
#           unit: *id001
#           value: 360.0
#       representation_type: spherical
# schema: astropy-2.0
RA_ICRS_1 DE_ICRS_1 e_RA_ICRS e_DE_ICRS _r_1 HIP TYC2 Source rgeo Plx e_Plx pmRA pmDE e_pmRA e_pmDE RUWE Teff logg Gmag BP-RP BPmag RPmag RV e_RV b_rgeo B_rgeo FG e_FG FBP e_FBP FRP e_FRP RAVE5 RAVE6 e_Gmag e_BPmag e_RPmag e_BP-RP SkyCoord.ra SkyCoord.dec SkyCoord.distance SkyCoord.pm_ra_cosdec SkyCoord.pm_dec
[from data line 488]
327.55698345377 55.29761105702 0.0323 0.0313 6.3671 "" "" 2174820019633317632 2717.79248 0.3469 0.0368 -3.549 -3.082 0.047 0.04 1.022 8734.7 4.1222 16.147326 1.660598 16.920584 15.259986 "" "" 2487.26904 2959.64453 6546.61301 2.6775 2329.1 9.9837 6239.7 10.034 "" "" 0.002790873438738627 0.0054263147 0.004163185 0.0095895 327.55698345377 55.29761105702 2717.79248 -3.549 -3.0819999999999994
327.85296438262 55.28062441612 0.0377 0.0322 5.3578 "" "" 2174073623038378880 2546.02783 0.3707 0.0414 -2.94 -2.812 0.049 0.042 1.072 9012.7 3.5004 16.149912 1.374709 16.756351 15.381642 "" "" 2341.81714 2785.44189 6531.03709 2.7161 2709.4 9.8341 5578.3 9.5373 "" "" 0.002792072698945417 0.004828566 0.00421065 0.009039216 327.85296438262 55.28062441612 2546.02783 -2.9400000000000004 -2.812
327.25432312819 55.07399989969 0.0845 0.0754 18.6245 "" "" 2174722953376919424 2050.57568 0.4942 0.0905 -1.505 -1.475 0.102 0.09 2.753 7395.5 4.1271 16.154495 1.565065 16.828466 15.263401 "" "" 1778.26672 2500.52246 6503.52241 11.672 2535.3 10.471 6220.1 9.5059 "" "" 0.003374729698540263 0.005281375 0.0041275835 0.009408958 327.25432312819 55.07399989969 2050.57568 -1.5050000000000001 -1.475
327.65338158197 55.17524042638 0.0339 0.0323 4.3959 "" "" 2174067644443677952 2481.20898 0.3764 0.0368 -5.061 -4.225 0.045 0.042 1.109 8291.7 3.6048 16.154661 1.668909 16.943295 15.274385 "" "" 2263.73901 2733.99487 6502.52602 2.7075 2280.9 7.834 6157.5 8.8512 "" "" 0.0027921606968894447 0.0046573686 0.0040889536 0.008746322 327.65338158197 55.17524042638 2481.20898 -5.061 -4.225
327.36754525956 55.04419300244 0.0313 0.0294 16.6945 "" "" 2173971402820714496 1947.8042 0.4929 0.0344 -4.771 -3.652 0.039 0.036 1.015 6683.4 4.1473 16.157475 1.518242 16.857847 15.339605 "" "" 1804.92932 2083.32544 6485.70292 2.4136 2467.6 6.1732 5798.5 10.216 "" "" 0.002784787940591865 0.0038939347 0.004235902 0.008129837 327.36754525956 55.04419300244 1947.8042 -4.771 -3.652
327.20521489199 55.33370005274 0.0315 0.0295 18.2514 "" "" 2174741232757891200 2587.08789 0.3677 0.0348 -2.766 -2.55 0.043 0.037 1.025 "" "" 16.158735 1.809789 17.032377 15.222589 "" "" 2418.18579 2826.49048 6478.17144 2.558 2101.2 6.9962 6458.4 7.4298 "" "" 0.002788474336891357 0.00456661 0.003980431 0.008547041 327.20521489199 55.33370005274 2587.08789 -2.766 -2.55
327.28049953548 55.29386060119 0.0332 0.03 15.1478 "" "" 2174822253016194304 1916.05701 0.4996 0.0379 -2.512 -3.031 0.047 0.038 0.983 5328.6 4.1569 16.159222 1.736451 16.991398 15.254947 "" "" 1766.54395 2063.66748 6475.27273 2.6497 2182.0 6.4056 6268.7 9.6631 "" "" 0.0027909101948189606 0.004236063 0.004133378 0.008369441 327.28049953548 55.29386060119 1916.05701 -2.5120000000000005 -3.0309999999999993
327.28836619284 55.48398687052 0.0362 0.0371 20.6013 "" "" 2174839158007538432 2738.01099 0.3485 0.0414 -3.006 -2.764 0.055 0.048 1.159 8503.0 2.9698 16.159412 1.51901 16.84772 15.32871 "" "" 2449.36719 3221.74707 6474.1392 3.4646 2490.7 8.7633 5857.0 9.4777 "" "" 0.0028159155370838175 0.004730532 0.004167793 0.008898325 327.28836619284 55.48398687052 2738.01099 -3.0060000000000002 -2.7639999999999993
327.69091037634 55.23675739801 0.0334 0.0319 0.794 "" "" 2174068469077494912 2552.39258 0.3602 0.036 -3.15 -2.918 0.046 0.043 0.912 8404.7 3.0006 16.16094 1.585008 16.882732 15.297725 "" "" 2360.479 2817.375 6465.03392 2.6361 2411.7 7.1883 6026.5 11.603 "" "" 0.002790659060188382 0.004272897 0.00431897 0.008591866 327.69091037634 55.23675739801 2552.39258 -3.15 -2.918
328.14979798187 55.05688891344 0.0287 0.0307 18.563 "" "" 2174052904116214272 2599.20825 0.3519 0.0333 -4.135 -3.439 0.038 0.039 1.017 4800.8 3.2378 16.164352 2.508546 17.532406 15.02386 "" "" 2407.46216 2835.9585 6444.74534 2.6572 1325.7 6.9307 7755.6 7.9344 "" "" 0.002791448333245164 0.0063248766 0.00393923 0.010264106 328.14979798187 55.05688891344 2599.20825 -4.135 -3.439
327.57042974309 55.50171180232 0.0327 0.03 16.4418 "" "" 2174836924624665344 2631.23145 0.3562 0.0358 -3.06 -2.899 0.049 0.04 1.003 "" "" 16.164757 1.817268 17.042305 15.225037 "" "" 2389.63232 2892.69092 6442.34426 3.1546 2082.1 11.553 6443.8 9.3769 "" "" 0.0028061431912512853 0.006639206 0.0040963334 0.01073554 327.57042974309 55.50171180232 2631.23145 -3.06 -2.899
327.12916965568 55.24385478185 0.032 0.0299 19.9863 "" "" 2174739549130623488 1914.84473 0.5084 0.0373 -4.342 -5.985 0.043 0.037 1.028 7399.4 4.1075 16.166826 1.604827 16.917406 15.312579 "" "" 1796.35205 2056.89331 6430.07275 2.6774 2335.9 13.034 5944.7 11.809 "" "" 0.0027921625555014746 0.0066698985 0.0043514897 0.011021389 327.12916965568 55.24385478185 1914.84473 -4.342 -5.985000000000001
328.04278194531 55.29830247001 0.0331 0.0288 11.7898 "" "" 2174072351728178048 2201.36426 0.4326 0.0359 -2.68 -5.554 0.045 0.035 1.02 7174.5 3.9807 16.170069 1.614521 16.921955 15.307434 "" "" 2032.07837 2369.33276 6410.90097 2.6541 2326.1 10.73 5972.9 8.3302 "" "" 0.002791743715909109 0.0057331254 0.004071443 0.009804568 328.04278194531 55.29830247001 2201.36426 -2.6800000000000006 -5.553999999999999
327.43906329735 55.4916866022 0.0341 0.0351 17.7639 "" "" 2174837474380470400 1947.1134 0.5048 0.0376 -2.846 -0.011 0.053 0.044 1.063 7348.2 4.0147 16.178665 1.667204 16.967909 15.300705 "" "" 1829.85632 2081.80298 6360.34003 2.7757 2229.7 11.402 6010.0 11.055 "" "" 0.00279576429686286 0.006213783 0.0042746104 0.010488393 327.43906329735 55.4916866022 1947.1134 -2.8459999999999996 -0.010999999999999831
327.87983235728 54.94095547832 0.0273 0.0293 18.8309 "" "" 2174048987105808256 2016.15027 0.4749 0.0322 -1.389 -1.423 0.037 0.038 0.993 7957.2 4.3786 16.182796 1.664798 16.960688 15.29589 "" "" 1885.65308 2150.61353 6336.18696 2.8528 2244.6 8.0094 6036.7 10.044 "" "" 0.00279834860890709 0.0047743795 0.0041889222 0.008963302 327.87983235728 54.94095547832 2016.15027 -1.389 -1.4230000000000003
327.36270860545 54.96669540926 0.0316 0.0315 20.3428 "" "" 2173970131510273664 2186.01855 0.4381 0.0361 -1.871 -3.849 0.04 0.042 1.081 8324.5 4.0686 16.18796 1.491025 16.86911 15.378085 "" "" 2039.08777 2354.21826 6306.13217 2.4082 2442.2 5.8438 5596.6 9.5099 "" "" 0.002786342036996836 0.003812431 0.004205643 0.008018075 327.36270860545 54.96669540926 2186.01855 -1.8710000000000002 -3.849
327.7061148792 54.88930342322 0.0286 0.0301 21.0436 "" "" 2174047234759040896 2356.94751 0.4017 0.0328 -1.587 -3.315 0.036 0.036 0.984 9294.3 3.7833 16.193695 1.728091 17.010914 15.282823 "" "" 2175.41211 2591.30762 6272.90196 2.4173 2143.1 9.8161 6109.8 12.852 "" "" 0.0027869057547129715 0.005702284 0.004415848 0.010118132 327.7061148792 54.88930342322 2356.94751 -1.5870000000000002 -3.3149999999999995
327.11110850792 55.29721881347 0.0308 0.0331 20.8731 "" "" 2174740747416893056 2286.42041 0.4219 0.0369 -0.845 -3.595 0.041 0.039 1.023 7125.3 4.2026 16.196337 1.504201 16.885542 15.381341 "" "" 2071.78418 2494.44434 6257.66518 2.4993 2405.5 8.9062 5579.8 10.875 "" "" 0.00278923536956979 0.0048932973 0.004331464 0.009224761 327.11110850792 55.29721881347 2286.42041 -0.8450000000000004 -3.595000000000001
327.74520306448 55.21768152179 0.0348 0.0325 1.7255 "" "" 2174067468340026752 2067.65234 0.4528 0.0374 0.846 -0.077 0.047 0.043 1.083 5027.6 3.4808 16.19837 2.148546 17.305626 15.15708 "" "" 1930.40332 2251.09619 6245.95389 2.7933 1633.7 8.2648 6860.0 11.607 "" "" 0.0027977773518354306 0.0061607296 0.004202198 0.010362927 327.74520306448 55.21768152179 2067.65234 0.8460000000000001 -0.07700000000000007
327.9181334404 55.36836241941 0.0375 0.0324 10.4019 "" "" 2174075237946179584 2336.94385 0.4088 0.0398 -3.146 -2.801 0.053 0.042 1.074 "" "" 16.199444 1.620881 16.954414 15.333533 "" "" 2127.98926 2588.83813 6239.77673 2.5736 2257.6 7.3856 5831.0 8.7498 "" "" 0.002791473722169854 0.0045167664 0.00411559 0.008632356 327.9181334404 55.36836241941 2336.94385 -3.1459999999999995 -2.801
327.81216437942 55.24649210347 0.0759 0.0599 3.4003 "" "" 2174073485599312000 1975.58191 0.488 0.0569 -4.227 -4.149 0.118 0.078 1.185 "" "" 16.200134 "" "" "" "" "" 1798.83447 2215.73804 6235.81223 6.0189 "" "" "" "" "" "" 0.002947885386678141 "" "" "" 327.81216437942 55.24649210347 1975.58191 -4.227 -4.149
327.75213850208 55.02957655646 0.029 0.0314 12.6954 "" "" 2174060738136305152 2266.67529 0.4272 0.0339 -3.17 -2.951 0.039 0.039 1.03 "" "" 16.201271 1.634254 16.968384 15.33413 "" "" 2096.30371 2500.48511 6229.28478 2.596 2228.8 9.3963 5827.8 9.0112 "" "" 0.0027922248235300938 0.005360671 0.004135473 0.009496144 327.75213850208 55.02957655646 2266.67529 -3.170000000000001 -2.9510000000000005
327.4553112864 55.15349583569 0.0335 0.0308 10.2502 "" "" 2174816721098361728 2207.22168 0.4329 0.0358 -0.099 -1.19 0.045 0.039 1.059 "" "" 16.201809 1.692499 17.008648 15.316149 "" "" 2020.95093 2432.00952 6226.19719 2.8157 2147.6 7.9499 5925.1 8.6353 "" "" 0.0027987278258849928 0.004892698 0.004097267 0.008989966 327.4553112864 55.15349583569 2207.22168 -0.09900000000000003 -1.19
327.38412726436 55.48457282167 0.0511 0.0505 18.4778 "" "" 2174837611822627456 2425.8208 0.3638 0.0531 -1.87 -4.92 0.077 0.063 1.097 9080.8 3.702 16.202898 3.123242 18.044285 14.921042 "" "" 2142.50903 2819.70679 6219.96431 4.0556 827.38 5.491 8525.9 9.2343 "" "" 0.002844812315606765 0.0077269566 0.0039581032 0.01168506 327.38412726436 55.48457282167 2425.8208 -1.8699999999999999 -4.92
328.21629550434 55.2984424543 0.0349 0.0299 17.5441 "" "" 2174071664533426560 2755.48877 0.3166 0.0385 -0.995 -0.975 0.047 0.038 0.998 "" "" 16.20356 3.008793 17.952242 14.943449 "" "" 2461.19165 3221.34448 6216.1676 3.3429 900.58 7.6825 8351.8 14.925 "" "" 0.0028165062468815992 0.009673138 0.004248331 0.013921469 328.21629550434 55.2984424543 2755.48877 -0.9949999999999999 -0.9749999999999999
328.05449138834 55.19272545691 0.0332 0.0295 12.0144 "" "" 2174069431150332928 2325.23193 0.4034 0.0358 -8.061 -4.185 0.043 0.036 1.015 7179.5 4.192 16.204699 1.541371 16.915367 15.373996 "" "" 2144.58789 2546.84399 6209.64833 2.5894 2340.3 7.7944 5617.7 8.8898 "" "" 0.0027922696962938464 0.0045673763 0.0041515925 0.008718969 328.05449138834 55.19272545691 2325.23193 -8.060999999999998 -4.184999999999999
327.09416006879 55.22474419508 0.0318 0.0297 21.2074 "" "" 2174738037302135424 2433.3623 0.4011 0.0371 -3.034 -2.568 0.043 0.036 0.999 9184.1 3.7916 16.20649 1.636172 16.973122 15.336949 "" "" 2258.97583 2624.53345 6199.41919 2.6289 2219.1 7.3278 5812.7 7.7574 "" "" 0.002793522748469431 0.0045430344 0.0040476257 0.00859066 327.09416006879 55.22474419508 2433.3623 -3.0339999999999994 -2.568
327.54299291754 55.44347943591 0.0352 0.0348 13.5225 "" "" 2174824967435720448 2413.93408 0.3823 0.0382 -7.199 -7.187 0.053 0.047 0.994 "" "" 16.206913 3.208075 18.116444 14.908369 "" "" 2207.71875 2691.84082 6196.99957 3.5047 774.18 6.8312 8626.0 16.12 "" "" 0.002822911497448129 0.009978342 0.004289584 0.014267925 327.54299291754 55.44347943591 2413.93408 -7.1990000000000025 -7.187000000000002
327.33722548609 55.09043748056 0.0327 0.0303 15.7086 "" "" 2174722300542008704 2392.22705 0.3963 0.0354 -2.647 -1.257 0.041 0.037 1.015 "" "" 16.211575 3.142458 18.077003 14.934546 "" "" 2158.31836 2622.61011 6170.45536 3.5358 802.82 7.5342 8420.5 9.0783 "" "" 0.0028246874933080895 0.010564392 0.0039565037 0.014520897 327.33722548609 55.09043748056 2392.22705 -2.6470000000000002 -1.2570000000000001
327.23187675615 55.15058099547 0.0331 0.0317 17.3419 "" "" 2174726458070328960 1888.25183 0.5201 0.0383 -4.981 -6.296 0.042 0.04 0.912 5362.9 4.1785 16.211985 1.622504 16.972307 15.349803 "" "" 1749.68433 2033.12415 6168.12208 2.5464 2220.7 9.4292 5744.3 5.7103 "" "" 0.0027915402202215865 0.0053886888 0.0039304756 0.009319164 327.23187675615 55.15058099547 1888.25183 -4.981 -6.296000000000001
327.4273456377 54.9568686681 0.0327 0.0318 19.6225 "" "" 2173969925351854976 2016.01611 0.4702 0.0365 1.566 -1.122 0.043 0.04 1.099 7988.8 4.2937 16.216658 1.588906 16.957407 15.368501 "" "" 1904.46204 2166.02441 6141.62923 2.4409 2251.4 6.8334 5646.2 9.7595 "" "" 0.002788904828716068 0.0043179537 0.004219685 0.008537639 327.4273456377 54.9568686681 2016.01611 1.5660000000000003 -1.1220000000000003
327.37221640534 55.45646932705 0.0338 0.0335 17.4405 "" "" 2174837371301156864 2088.20337 0.4549 0.0366 -4.967 -5.93 0.049 0.043 1.015 7773.1 4.0918 16.21851 1.691682 17.019835 15.328153 "" "" 1932.98682 2260.61499 6131.15884 2.7025 2125.6 8.1626 5860.0 8.8238 "" "" 0.002796573031583774 0.005016847 0.004117829 0.009134676 327.37221640534 55.45646932705 2088.20337 -4.9670000000000005 -5.93
327.70427974458 55.18756295883 0.0337 0.0329 3.162 "" "" 2174067025968499072 1961.29968 0.4776 0.0369 -3.104 -2.902 0.046 0.043 0.896 9108.5 3.4568 16.220455 1.706618 17.02364 15.317021 "" "" 1841.41504 2099.27295 6120.18693 3.2469 2118.2 9.3211 5920.4 10.223 "" "" 0.0028148844862076225 0.0055328165 0.0042188326 0.00975165 327.70427974458 55.18756295883 1961.29968 -3.104 -2.902
327.7581300188 55.1955740706 0.0357 0.0367 3.074 "" "" 2174067403925625728 2337.30566 0.4036 0.0396 -2.847 -2.766 0.049 0.046 1.014 "" "" 16.221191 1.576461 16.948488 15.372027 "" "" 2125.5564 2555.10107 6116.0361 2.6583 2270.0 8.6455 5627.9 13.061 "" "" 0.002795440482034427 0.004988417 0.0045423317 0.009530749 327.7581300188 55.1955740706 2337.30566 -2.8469999999999995 -2.766
327.38616520703 55.27751088562 0.0334 0.031 11.4133 "" "" 2174821325303267200 2377.75732 0.3979 0.0368 -3.608 -3.846 0.046 0.039 1.029 "" "" 16.22564 1.409894 16.849442 15.439548 "" "" 2202.62695 2588.62622 6091.0327 2.5293 2486.8 8.9817 5288.6 7.2797 "" "" 0.0027919628674152003 0.004812742 0.0040641446 0.008876886 327.38616520703 55.27751088562 2377.75732 -3.6080000000000005 -3.8460000000000005
328.00420899321 55.38314925056 0.0356 0.0304 13.1288 "" "" 2174076577975979904 2007.5752 0.4752 0.0384 2.245 -1.172 0.052 0.039 0.982 6720.4 3.9629 16.22589 1.861769 17.141607 15.279839 "" "" 1870.85754 2195.61279 6089.63193 2.6866 1900.1 7.2159 6126.6 9.6212 "" "" 0.0027966464211337705 0.004978568 0.0041461885 0.009124756 328.00420899321 55.38314925056 2007.5752 2.245 -1.1720000000000002
327.85773857289 55.31538415196 0.0411 0.0393 6.6922 "" "" 2174074482031830016 2732.00806 0.3255 0.0477 -4.807 -2.248 0.058 0.052 1.125 "" "" 16.227379 3.37981 18.268555 14.888744 "" "" 2420.46924 3095.63477 6081.28418 4.1149 672.97 6.8557 8783.4 10.747 "" "" 0.002851581916433639 0.0114071425 0.0040060626 0.015413205 327.85773857289 55.31538415196 2732.00806 -4.807 -2.248
327.24421628375 55.03477760988 0.0322 0.0324 20.2625 "" "" 2174720651274455424 2337.81299 0.4012 0.0366 -1.433 -3.0 0.039 0.038 1.013 9213.3 3.8473 16.227829 1.426017 16.855198 15.429181 "" "" 2179.6687 2568.01709 6078.7605 2.7366 2473.6 10.622 5339.3 16.55 "" "" 0.0027983393582232457 0.0054334314 0.005060604 0.010494035 327.24421628375 55.03477760988 2337.81299 -1.4329999999999994 -3.0
327.09503400826 55.27364648774 0.0847 0.0873 21.2408 "" "" 2174740579922766208 2391.99316 0.4324 0.1022 -2.149 0.586 0.109 0.099 3.015 6173.1 3.7591 16.230398 1.630026 16.854717 15.224691 "" "" 1967.35681 3016.13354 6064.39931 7.7289 2474.7 8.9651 6445.9 20.998 "" "" 0.00308326502476262 0.004822436 0.00517621 0.009998646 327.09503400826 55.27364648774 2391.99316 -2.149 0.5859999999999999
327.33660984825 55.22489914639 0.0325 0.0305 12.924 "" "" 2174727042185962752 2589.65576 0.3642 0.0369 -3.233 -1.739 0.041 0.037 0.949 7675.2 3.7917 16.23352 1.775071 17.089952 15.314881 "" "" 2344.50098 2777.90967 6046.97656 2.5965 1992.7 8.5513 5932.1 9.1929 "" "" 0.0027944827587573252 0.0054307925 0.004136992 0.009567784 327.33660984825 55.22489914639 2589.65576 -3.233000000000001 -1.7390000000000003
