Clusters/FSR_0336/FSR_0336_stars_in_region.tsv
# %ECSV 1.0
# ---
# datatype:
# - name: RA_ICRS_1
#   unit: deg
#   datatype: float64
#   format: '{:15.11f}'
#   description: Right ascension (ICRS) at Ep=2016.0 (ra)
#   meta: !!omap
#   - {ucd: POS_EQ_RA_MAIN}
#   - {width: 15}
#   - {precision: '11'}
# - name: DE_ICRS_1
#   unit: deg
#   datatype: float64
#   format: '{:15.11f}'
#   description: Declination (ICRS) at Ep=2016.0 (dec)
#   meta: !!omap
#   - {ucd: POS_EQ_DEC_MAIN}
#   - {width: 15}
#   - {precision: '11'}
# - name: e_RA_ICRS
#   unit: mas
#   datatype: float64
#   format: '{:7.4f}'
#   description: Standard error of right ascension (ra_error)
#   meta: !!omap
#   - {ucd: ERROR}
#   - {width: 7}
#   - {precision: '4'}
# - name: e_DE_ICRS
#   unit: mas
#   datatype: float64
#   format: '{:7.4f}'
#   description: Standard error of declination (dec_error)
#   meta: !!omap
#   - {ucd: ERROR}
#   - {width: 7}
#   - {precision: '4'}
# - name: _r_1
#   unit: ''
#   datatype: float64
#   format: '{:7.4f}'
#   description: Distance from center (327.71341115000+55.24000509000)[ICRS], at Epoch=J2016.0
#   meta: !!omap
#   - {ucd: POS_ANG_DIST_GENERAL}
#   - {width: 7}
#   - {precision: '4'}
# - name: HIP
#   datatype: int32
#   description: '? HIP cross-id number, van Leeuwen, Cat. I/311 (hip_original_ext_source_id)'
#   meta: !!omap
#   - {ucd: ID_NUMBER}
#   - {width: 6}
#   - values: {'null': -2147483648}
# - name: TYC2
#   datatype: string
#   description: Tycho-2 cross-id name, Hog et al., Cat. I/259 (tyc2_original_ext_source_id)
#   meta: !!omap
#   - {ucd: ID_CROSSID}
#   - {_votable_string_dtype: char}
# - name: Source
#   datatype: int64
#   description: Source identifier, identical to the Gaia-EDR3 source_id (id)
#   meta: !!omap
#   - {ucd: ID_MAIN}
#   - {width: 19}
# - name: rgeo
#   unit: pc
#   datatype: float64
#   format: '{:15.8f}'
#   description: '? Median of the geometric distance posterior (r_med_geo)'
#   meta: !!omap
#   - {ucd: PHYS_DISTANCE_TRUE}
#   - {width: 15}
#   - {precision: '8'}
#   - values: {'null': .nan}
# - name: Plx
#   unit: mas
#   datatype: float64
#   format: '{:9.4f}'
#   description: '? Parallax (parallax)'
#   meta: !!omap
#   - {ucd: POS_PARLX_TRIG}
#   - {width: 9}
#   - {precision: '4'}
#   - values: {'null': .nan}
# - name: e_Plx
#   unit: mas
#   datatype: float32
#   format: '{:7.4f}'
#   description: '? Standard error of parallax (parallax_error)'
#   meta: !!omap
#   - {ucd: ERROR}
#   - {width: 7}
#   - {precision: '4'}
#   - values: {'null': .nan}
# - name: pmRA
#   unit: mas / yr
#   datatype: float64
#   format: '{:9.3f}'
#   description: '? Proper motion in right ascension direction, pmRA*cosDE (pmra)'
#   meta: !!omap
#   - {ucd: POS_EQ_PMRA}
#   - {width: 9}
#   - {precision: '3'}
#   - values: {'null': .nan}
# - name: pmDE
#   unit: mas / yr
#   datatype: float64
#   format: '{:9.3f}'
#   description: '? Proper motion in declination direction (pmdec)'
#   meta: !!omap
#   - {ucd: POS_EQ_PMDEC}
#   - {width: 9}
#   - {precision: '3'}
#   - values: {'null': .nan}
# - name: e_pmRA
#   unit: mas / yr
#   datatype: float32
#   format: '{:6.3f}'
#   description: '? Standard error of proper motion in right ascension direction (pmra_error)'
#   meta: !!omap
#   - {ucd: ERROR}
#   - {width: 6}
#   - {precision: '3'}
#   - values: {'null': .nan}
# - name: e_pmDE
[...]
#         unit: &id001 !astropy.units.Unit {unit: deg}
#         value: !astropy.table.SerializedColumn {name: SkyCoord.dec}
#       distance: !astropy.table.SerializedColumn
#         __class__: astropy.coordinates.distances.Distance
#         unit: !astropy.units.Unit {unit: pc}
#         value: !astropy.table.SerializedColumn {name: SkyCoord.distance}
#       frame: icrs
#       obstime: !astropy.time.Time {format: jyear_str, in_subfmt: '*', jd1: 367701545.0, jd2: 0.0, out_subfmt: '*', precision: 3, scale: tt}
#       pm_dec: !astropy.table.SerializedColumn
#         __class__: astropy.units.quantity.Quantity
#         unit: !astropy.units.Unit {unit: mas / yr}
#         value: !astropy.table.SerializedColumn {name: SkyCoord.pm_dec}
#       pm_ra_cosdec: !astropy.table.SerializedColumn
#         __class__: astropy.units.quantity.Quantity
#         unit: !astropy.units.Unit {unit: mas / yr}
#         value: !astropy.table.SerializedColumn {name: SkyCoord.pm_ra_cosdec}
#       ra: !astropy.table.SerializedColumn
#         __class__: astropy.coordinates.angles.Longitude
#         unit: *id001
#         value: !astropy.table.SerializedColumn {name: SkyCoord.ra}
#         wrap_angle: !astropy.coordinates.Angle
#           unit: *id001
#           value: 360.0
#       representation_type: spherical
# schema: astropy-2.0
RA_ICRS_1 DE_ICRS_1 e_RA_ICRS e_DE_ICRS _r_1 HIP TYC2 Source rgeo Plx e_Plx pmRA pmDE e_pmRA e_pmDE RUWE Teff logg Gmag BP-RP BPmag RPmag RV e_RV b_rgeo B_rgeo FG e_FG FBP e_FBP FRP e_FRP RAVE5 RAVE6 e_Gmag e_BPmag e_RPmag e_BP-RP SkyCoord.ra SkyCoord.dec SkyCoord.distance SkyCoord.pm_ra_cosdec SkyCoord.pm_dec
[from data line 651]
327.28394241686 55.34596534983 0.0404 0.0378 15.99 "" "" 2174834313284357504 1905.28467 0.4994 0.0438 -0.794 -0.596 0.054 0.047 1.027 7377.7 3.89 16.554602 1.935408 17.520357 15.58495 "" "" 1757.90833 2114.57642 4498.89415 2.361 1340.5 6.6981 4625.7 8.1169 "" "" 0.002813618596688516 0.006100569 0.004232429 0.010332998 327.28394241686 55.34596534983 1905.28467 -0.794 -0.596
327.72075317653 55.2428711425 0.0455 0.0411 0.3044 "" "" 2174068503437237376 2374.47363 0.3983 0.0482 -2.988 -2.909 0.061 0.051 0.931 "" "" 16.555994 1.526068 17.25964 15.733572 "" "" 2175.03687 2570.05566 4493.12936 2.3428 1704.4 8.7107 4033.9 8.978 "" "" 0.002812878298445038 0.006210893 0.0044858647 0.010696758 327.72075317653 55.2428711425 2374.47363 -2.9880000000000004 -2.9090000000000003
327.79700993906 55.06356562937 0.0358 0.0385 10.9675 "" "" 2174062353044006016 1957.05969 0.4894 0.0414 -1.818 -3.023 0.047 0.049 1.019 6461.7 4.0965 16.557793 1.922956 17.507843 15.584887 "" "" 1837.06848 2255.73608 4485.69404 2.369 1356.1 9.4528 4626.0 8.8688 "" "" 0.0028143525077551058 0.008066153 0.0043146852 0.012380838 327.79700993906 55.06356562937 1957.05969 -1.818 -3.0229999999999997
328.19480859968 55.05041513617 0.0367 0.0391 20.047 "" "" 2174052216921451904 2710.5813 0.3378 0.0437 -2.565 -1.702 0.046 0.049 1.064 "" "" 16.558567 2.973477 18.281876 15.308398 "" "" 2422.36816 3266.94043 4482.49396 2.8567 664.76 9.4879 5967.6 12.381 "" "" 0.0028408752273933577 0.01574554 0.004399755 0.020145293 328.19480859968 55.05041513617 2710.5813 -2.565 -1.7019999999999995
327.9604713941 55.46516569655 0.0404 0.036 15.9227 "" "" 2174827853653852928 2753.77783 0.361 0.0471 -3.032 -2.984 0.06 0.044 0.952 "" "" 16.559181 1.811503 17.434675 15.623172 "" "" 2397.85303 3183.93481 4479.95824 2.2044 1450.6 6.9031 4465.7 7.8077 "" "" 0.0028066363315696363 0.005872032 0.0042293207 0.010101353 327.9604713941 55.46516569655 2753.77783 -3.032 -2.9840000000000004
327.26559833333 55.04976792213 0.0414 0.0389 19.1331 "" "" 2174722128743204736 2625.96753 0.3669 0.0449 -2.153 -5.4 0.051 0.046 1.014 6823.9 3.8495 16.559399 2.231243 17.716806 15.485563 "" "" 2358.3291 3043.48267 4479.06328 2.3305 1118.7 11.496 5069.1 11.81 "" "" 0.0028126362893203766 0.011500844 0.0045477855 0.016048629 327.26559833333 55.04976792213 2625.96753 -2.153 -5.4
327.58149331095 55.17088659096 0.0441 0.0407 6.1317 "" "" 2174066403188082048 2516.47607 0.3832 0.0483 -3.049 -2.81 0.055 0.054 1.067 "" "" 16.559752 1.54248 17.27048 15.727999 "" "" 2241.13184 2914.17383 4477.6122 2.2713 1687.4 7.6342 4054.7 8.5407 "" "" 0.0028098241783326983 0.0056492533 0.0044174567 0.01006671 327.58149331095 55.17088659096 2516.47607 -3.0489999999999995 -2.81
327.80952284015 55.18844810117 0.0442 0.041 4.5159 "" "" 2174067232126939904 2749.28735 0.3185 0.0472 -3.548 -3.572 0.058 0.054 0.941 7259.7 2.8519 16.561024 3.050809 18.345354 15.294545 "" "" 2442.17285 3171.48462 4472.3637 2.472 627.01 9.1364 6044.2 9.8017 "" "" 0.00281991654797088 0.01606483 0.00416939 0.02023422 327.80952284015 55.18844810117 2749.28735 -3.548 -3.5719999999999996
327.29390897111 55.42454513786 0.0397 0.0372 18.0991 "" "" 2174835722033713024 1952.67554 0.4911 0.0432 -3.807 -2.073 0.062 0.05 0.941 6398.6 4.0406 16.56328 1.813673 17.442425 15.628752 "" "" 1793.2533 2151.41064 4463.08068 2.3452 1440.3 7.6322 4442.8 10.026 "" "" 0.002813766220954199 0.006394226 0.004504113 0.010898339 327.29390897111 55.42454513786 1952.67554 -3.8070000000000004 -2.0730000000000004
327.67137035094 55.22413159639 0.0446 0.0397 1.7252 "" "" 2174068056760635776 2471.72217 0.3814 0.0466 -3.072 -2.845 0.057 0.05 1.032 9245.1 4.0547 16.56535 1.52368 17.273428 15.749748 "" "" 2229.08984 2739.38843 4454.57779 2.2707 1682.9 10.604 3974.3 26.334 "" "" 0.002810354974268839 0.007388356 0.008126485 0.015514841 327.67137035094 55.22413159639 2471.72217 -3.0720000000000005 -2.845
327.83955908615 55.44024175765 0.0409 0.0359 12.762 "" "" 2174827029020125696 2710.55225 0.3519 0.0461 -2.879 -2.83 0.062 0.046 0.992 "" "" 16.565405 1.660178 17.343925 15.683747 "" "" 2389.67383 3153.62207 4454.35675 2.5342 1577.1 6.5994 4223.4 8.7259 "" "" 0.0028237116031374254 0.0053316453 0.0043949713 0.009726617 327.83955908615 55.44024175765 2710.55225 -2.8789999999999996 -2.8299999999999996
328.32287128206 55.3108735373 0.0427 0.0378 21.2596 "" "" 2174083278125370624 2397.90601 0.4 0.0469 -2.12 -3.174 0.056 0.047 1.009 7601.4 4.1727 16.56675 1.744041 17.398958 15.654918 "" "" 2185.25171 2650.94678 4448.83843 2.3516 1499.1 9.3472 4337.0 17.987 "" "" 0.002814455194946348 0.0073222346 0.0058787717 0.013201006 328.32287128206 55.3108735373 2397.90601 -2.1200000000000006 -3.1740000000000004
327.43286327895 54.99183015109 0.0358 0.0371 17.7315 "" "" 2173970612546745344 2353.03345 0.3978 0.0413 -5.098 -5.593 0.045 0.046 1.016 8316.3 4.2027 16.5691 1.648892 17.34464 15.695748 "" "" 2141.78003 2558.53247 4439.2237 2.2257 1576.0 6.3166 4176.9 7.5629 "" "" 0.002808578645547259 0.005169302 0.0042600986 0.009429401 327.43286327895 54.99183015109 2353.03345 -5.098 -5.593000000000001
327.31117134755 55.05168361841 0.045 0.037 17.8299 "" "" 2174721956944629376 2214.5957 0.4347 0.046 0.407 -0.523 0.051 0.045 1.033 5639.3 4.2852 16.572826 1.638973 17.341475 15.702501 "" "" 2026.47607 2416.50806 4424.00939 2.1518 1580.6 7.5832 4151.0 9.9986 "" "" 0.0028054716705583358 0.0059092124 0.0045959963 0.010505209 327.31117134755 55.05168361841 2214.5957 0.4069999999999999 -0.523
328.19731243526 55.35574773955 0.0508 0.0402 17.9289 "" "" 2174096231746632960 2182.14282 0.4468 0.0571 1.237 1.833 0.069 0.049 0.996 7196.4 4.1954 16.574337 1.768544 17.424929 15.656384 "" "" 1931.03943 2460.92285 4417.8568 2.6077 1463.7 6.6813 4331.2 9.3158 "" "" 0.002828869819022068 0.00568746 0.004442656 0.010130116 328.19731243526 55.35574773955 2182.14282 1.237 1.8330000000000002
327.80757448896 55.39244590587 0.0452 0.0409 9.695 "" "" 2174826097003845760 2720.31665 0.3499 0.0516 -2.883 -2.969 0.065 0.053 1.087 9246.0 3.8453 16.577408 1.662289 17.36312 15.70083 "" "" 2366.85034 3188.38501 4405.38329 2.3561 1549.4 8.9654 4157.4 11.879 "" "" 0.0028158435224820235 0.006874189 0.0048895734 0.011763763 327.80757448896 55.39244590587 2720.31665 -2.883 -2.9689999999999994
327.44222287618 54.97677652512 0.0377 0.0369 18.3323 "" "" 2173970028431195520 2535.78516 0.3748 0.043 -4.627 -4.351 0.048 0.046 1.036 6792.2 4.0251 16.577724 1.791791 17.446787 15.654996 "" "" 2265.04077 2892.45483 4404.09483 2.2003 1434.5 7.3885 4336.7 8.3696 "" "" 0.002808207192673847 0.0062495894 0.004321398 0.010570988 327.44222287618 54.97677652512 2535.78516 -4.627000000000001 -4.351
327.67977924314 55.03293010569 0.0356 0.0362 12.4779 "" "" 2174061627183953664 2074.81909 0.4593 0.0407 -0.708 -4.883 0.046 0.045 1.003 7809.6 4.1757 16.585108 1.860002 17.49997 15.639968 "" "" 1958.77368 2238.55298 4374.24879 2.1663 1365.9 9.8327 4397.1 10.023 "" "" 0.002807295831211209 0.008298982 0.0045176097 0.012816591 327.67977924314 55.03293010569 2074.81909 -0.7079999999999993 -4.883000000000001
327.43953166565 55.41524728579 0.0441 0.0423 14.0693 "" "" 2174836237429802624 2017.203 0.469 0.0477 -2.634 -1.971 0.064 0.051 1.125 7971.7 4.1041 16.587667 1.878279 17.508114 15.629835 "" "" 1845.16516 2208.99438 4363.95182 2.3984 1355.7 8.0964 4438.4 9.7745 "" "" 0.002819194316575515 0.0070589785 0.0044722417 0.011531221 327.43953166565 55.41524728579 2017.203 -2.634 -1.971
327.53902051153 55.38518735288 0.0461 0.0419 10.5517 "" "" 2174823524326616832 1933.90552 0.5047 0.0514 -3.014 -2.926 0.07 0.053 1.009 9250.9 3.4949 16.593323 2.139024 17.695745 15.556722 "" "" 1758.66248 2160.90503 4341.27498 2.5348 1140.6 6.2922 4747.5 9.2061 "" "" 0.0028273086252476646 0.006607544 0.0043262504 0.010933794 327.53902051153 55.38518735288 1933.90552 -3.0139999999999993 -2.926
327.55731868844 55.09523332096 0.0408 0.038 10.2014 "" "" 2174064861304875136 2100.46094 0.4422 0.0452 -8.056 -6.027 0.052 0.048 1.02 "" "" 16.593952 1.888795 17.51849 15.629695 "" "" 1924.27283 2336.83691 4338.76563 2.4331 1342.8 8.0842 4439.0 7.0235 "" "" 0.0028217903798086635 0.0071071666 0.0041514863 0.011258652 327.55731868844 55.09523332096 2100.46094 -8.056 -6.027000000000001
327.82111038191 54.89019755948 0.0337 0.0349 21.3122 "" "" 2174044485979980544 1961.4574 0.4912 0.0396 -3.501 -2.723 0.044 0.043 1.001 8520.7 4.3106 16.595165 1.724331 17.419878 15.695547 "" "" 1835.41248 2116.4397 4333.91581 2.0996 1470.5 6.5513 4177.7 7.0117 "" "" 0.0028050772956582145 0.0055841533 0.004195755 0.009779908 327.82111038191 54.89019755948 1961.4574 -3.5010000000000003 -2.723
327.94788179199 54.97598861339 0.0361 0.0371 17.7679 "" "" 2174049502501884160 2030.92615 0.48 0.0411 -4.441 -1.723 0.048 0.044 1.006 6899.7 4.2934 16.595911 1.729788 17.420618 15.69083 "" "" 1894.79382 2200.77563 4330.93864 1.9454 1469.5 7.725 4195.9 8.6696 "" "" 0.0027981492077144635 0.006353086 0.0043950398 0.010748126 327.94788179199 54.97598861339 2030.92615 -4.441 -1.7230000000000008
327.848646299 55.26481215926 0.0453 0.0415 4.8584 "" "" 2174073554318904192 2562.8645 0.3789 0.0509 -3.043 -3.016 0.059 0.054 1.055 9246.0 4.1403 16.59689 1.479209 17.263304 15.784095 "" "" 2287.82104 2883.08325 4327.03911 2.3059 1698.6 9.8759 3850.5 12.015 "" "" 0.0028154148009856936 0.006901758 0.0050755898 0.011977348 327.848646299 55.26481215926 2562.8645 -3.0429999999999997 -3.0159999999999996
327.75296609089 55.16940769815 0.0413 0.0407 4.4471 "" "" 2174067163407461248 2522.49414 0.3601 0.0465 -2.55 -2.567 0.055 0.051 0.923 7671.6 3.4822 16.597443 3.160945 18.47171 15.310765 "" "" 2265.34058 2896.75732 4324.83987 3.2188 558.13 6.7048 5954.6 11.491 "" "" 0.0028713697783349554 0.013338019 0.0043213046 0.017659323 327.75296609089 55.16940769815 2522.49414 -2.55 -2.567
327.32083346473 55.30597382239 0.0413 0.0423 13.9899 "" "" 2174822218656456576 2236.34375 0.4455 0.0487 -1.082 -0.52 0.056 0.05 1.04 5253.5 3.7303 16.597786 1.97746 17.59 15.61254 "" "" 1989.65588 2547.69092 4323.47159 2.2958 1257.2 8.5608 4509.6 7.7509 "" "" 0.002814992383722512 0.007902209 0.0042149867 0.012117196 327.32083346473 55.30597382239 2236.34375 -1.082 -0.52
327.63682628529 55.30098941822 0.045 0.0406 4.4991 "" "" 2174819504237249408 2562.91846 0.3735 0.0487 -2.888 -2.95 0.061 0.051 1.065 9144.3 3.6111 16.599447 1.559958 17.3094 15.749443 "" "" 2313.37012 2855.08545 4316.86221 2.3922 1628.0 8.9535 3975.4 11.983 "" "" 0.002820246128793436 0.0065909377 0.004999443 0.01159038 327.63682628529 55.30098941822 2562.91846 -2.888000000000001 -2.9500000000000006
328.00339286532 55.28491083141 0.0422 0.0369 10.2738 "" "" 2174070839899583872 2313.82642 0.4069 0.0465 2.699 -0.891 0.058 0.046 0.981 9108.4 4.0377 16.603619 1.558394 17.328636 15.770242 "" "" 2088.63794 2616.6123 4300.30489 2.2249 1599.4 7.8827 3900.0 7.9549 "" "" 0.0028119995613584805 0.006034833 0.004380429 0.010415262 328.00339286532 55.28491083141 2313.82642 2.6989999999999994 -0.8909999999999999
327.65602973357 55.02657007992 0.0584 0.0602 12.9565 "" "" 2174061597129755520 2392.39062 0.4207 0.0681 -2.143 -2.011 0.078 0.077 1.603 7742.3 4.4075 16.603722 1.690109 17.38942 15.69931 "" "" 2019.5813 2817.41846 4299.89967 3.2664 1512.3 6.1481 4163.3 8.1044 "" "" 0.002876115923451333 0.0052218763 0.00433021 0.009552086 327.65602973357 55.02657007992 2392.39062 -2.1430000000000002 -2.011
327.58608796575 55.53709756573 0.0393 0.0377 18.3461 "" "" 2174843109377568384 2154.78052 0.4351 0.0469 -2.99 -3.71 0.058 0.046 0.954 9246.8 3.928 16.607073 1.882798 17.533194 15.650395 "" "" 1973.74158 2374.39697 4286.64931 2.2301 1324.8 6.0249 4355.1 8.8013 "" "" 0.002812621787443307 0.005671493 0.0043701455 0.010041638 327.58608796575 55.53709756573 2154.78052 -2.9900000000000007 -3.7100000000000004
328.04462845582 55.08297383099 0.0357 0.0379 14.7532 "" "" 2174055996492537728 2381.96606 0.3909 0.0403 -2.814 -4.69 0.047 0.049 0.956 7104.3 4.2855 16.609116 1.561735 17.331482 15.769747 "" "" 2174.57959 2645.18066 4278.58812 1.9388 1595.2 6.4364 3901.8 8.6517 "" "" 0.002798900532475773 0.005193876 0.0044810306 0.009674907 328.04462845582 55.08297383099 2381.96606 -2.813999999999999 -4.6899999999999995
327.79320557001 55.39569768843 0.0473 0.0391 9.7307 "" "" 2174826101307104384 2432.875 0.4021 0.0508 -1.354 -2.176 0.067 0.05 1.074 9306.3 4.0639 16.610214 1.777964 17.459074 15.68111 "" "" 2225.77075 2677.90137 4274.26027 2.1583 1418.4 10.616 4233.6 8.5181 "" "" 0.002809334903074031 0.008591849 0.0043653045 0.012957154 327.79320557001 55.39569768843 2432.875 -1.354 -2.176
328.27410850069 55.09245342522 0.0357 0.0386 21.1574 "" "" 2174053866188893696 2473.43408 0.371 0.0437 -1.789 -2.281 0.05 0.049 0.98 "" "" 16.61097 1.748485 17.443659 15.695174 "" "" 2250.32031 2718.76001 4271.28818 2.0771 1438.6 7.261 4179.2 12.052 "" "" 0.0028054516838985437 0.006149428 0.0049078725 0.0110573005 328.27410850069 55.09245342522 2473.43408 -1.789 -2.2809999999999997
328.06570358281 55.31612008759 0.0466 0.0372 12.8769 "" "" 2174072450503026944 2525.79102 0.372 0.0489 -3.844 -3.971 0.06 0.046 1.009 7200.9 4.2528 16.611752 1.671216 17.40754 15.736323 "" "" 2252.69019 2903.36279 4268.21175 2.4074 1487.3 9.3461 4023.7 8.1377 "" "" 0.0028225535033399147 0.0073711774 0.0043709762 0.011742154 328.06570358281 55.31612008759 2525.79102 -3.8439999999999994 -3.971
327.63086534909 55.00689708772 0.0355 0.0361 14.2703 "" "" 2174061219172539136 2326.4707 0.4019 0.0405 -0.609 -2.039 0.046 0.046 1.007 9362.4 4.0776 16.615103 1.788694 17.465942 15.677248 "" "" 2144.21704 2565.13647 4255.05908 2.0815 1409.4 10.769 4248.7 9.2885 "" "" 0.0028060436728046755 0.008752577 0.004462944 0.013215521 327.63086534909 55.00689708772 2326.4707 -0.609 -2.0389999999999997
327.75788732473 55.33630593945 0.0467 0.041 5.9745 "" "" 2174825311033128320 1908.93311 0.5049 0.053 -5.036 -2.964 0.064 0.051 1.058 7656.8 4.1819 16.61645 1.896295 17.550629 15.654333 "" "" 1761.84607 2114.12354 4249.78459 2.414 1303.7 8.4796 4339.4 9.5722 "" "" 0.0028234986402855757 0.007593127 0.0044743465 0.0120674735 327.75788732473 55.33630593945 1908.93311 -5.036 -2.9639999999999995
327.61454957245 55.39135615188 0.0454 0.048 9.6881 "" "" 2174823760541640448 2511.48364 0.3736 0.0507 -2.818 -3.239 0.069 0.057 1.032 7993.6 2.6547 16.620697 2.143205 17.719612 15.576407 "" "" 2220.14014 2839.63062 4233.19132 2.3203 1115.8 8.6563 4662.2 9.0436 "" "" 0.0028188562786740185 0.0088731665 0.00432658 0.013199747 327.61454957245 55.39135615188 2511.48364 -2.818 -3.239
328.02430525768 54.97744446864 0.0358 0.0373 19.0271 "" "" 2174046440179279360 1850.18677 0.5168 0.0404 -1.839 -1.391 0.051 0.048 0.95 7113.3 4.3356 16.621748 1.644774 17.398935 15.754161 "" "" 1729.40942 2003.69177 4229.09854 1.9972 1499.1 6.3818 3958.2 7.9843 "" "" 0.0028026224759596908 0.005398946 0.0043680947 0.009767041 328.02430525768 54.97744446864 1850.18677 -1.8390000000000004 -1.391
328.15792341959 55.27692568342 0.0416 0.0374 15.3596 "" "" 2174071561454209920 2042.09644 0.4697 0.0466 -5.396 -5.535 0.055 0.047 0.972 5350.5 4.18 16.62214 1.733339 17.45637 15.72303 "" "" 1810.55225 2235.31519 4227.56405 2.1705 1421.9 7.4073 4073.3 10.508 "" "" 0.002811142594027803 0.00630684 0.004704124 0.0110109635 328.15792341959 55.27692568342 2042.09644 -5.395999999999999 -5.535
328.01001404892 55.43319311778 0.0432 0.0364 15.3885 "" "" 2174077265170741504 1866.9093 0.5248 0.049 -1.859 -6.249 0.06 0.046 1.01 7382.1 4.1716 16.622225 2.01028 17.6332 15.62292 "" "" 1729.83081 2073.73706 4227.23684 2.224 1208.2 7.1431 4466.7 8.8458 "" "" 0.002813908370712917 0.006999252 0.004348218 0.01134747 328.01001404892 55.43319311778 1866.9093 -1.8589999999999998 -6.2490000000000006
