Clusters/FSR_0336/FSR_0336_members.tsv
# %ECSV 1.0
# ---
# datatype:
# - name: RA_ICRS_1
#   unit: deg
#   datatype: float64
#   format: '{:15.11f}'
#   description: Right ascension (ICRS) at Ep=2016.0 (ra)
#   meta: !!omap
#   - {ucd: POS_EQ_RA_MAIN}
#   - {width: 15}
#   - {precision: '11'}
# - name: DE_ICRS_1
#   unit: deg
#   datatype: float64
#   format: '{:15.11f}'
#   description: Declination (ICRS) at Ep=2016.0 (dec)
#   meta: !!omap
#   - {ucd: POS_EQ_DEC_MAIN}
#   - {width: 15}
#   - {precision: '11'}
# - name: e_RA_ICRS
#   unit: mas
#   datatype: float64
#   format: '{:7.4f}'
#   description: Standard error of right ascension (ra_error)
#   meta: !!omap
#   - {ucd: ERROR}
#   - {width: 7}
#   - {precision: '4'}
# - name: e_DE_ICRS
#   unit: mas
#   datatype: float64
#   format: '{:7.4f}'
#   description: Standard error of declination (dec_error)
#   meta: !!omap
#   - {ucd: ERROR}
#   - {width: 7}
#   - {precision: '4'}
# - name: _r_1
#   unit: ''
#   datatype: float64
#   format: '{:7.4f}'
#   description: Distance from center (327.71341115000+55.24000509000)[ICRS], at Epoch=J2016.0
#   meta: !!omap
#   - {ucd: POS_ANG_DIST_GENERAL}
#   - {width: 7}
#   - {precision: '4'}
# - name: HIP
#   datatype: int32
#   description: '? HIP cross-id number, van Leeuwen, Cat. I/311 (hip_original_ext_source_id)'
#   meta: !!omap
#   - {ucd: ID_NUMBER}
#   - {width: 6}
#   - values: {'null': -2147483648}
# - name: TYC2
#   datatype: string
#   description: Tycho-2 cross-id name, Hog et al., Cat. I/259 (tyc2_original_ext_source_id)
#   meta: !!omap
#   - {ucd: ID_CROSSID}
#   - {_votable_string_dtype: char}
# - name: Source
#   datatype: int64
#   description: Source identifier, identical to the Gaia-EDR3 source_id (id)
#   meta: !!omap
#   - {ucd: ID_MAIN}
#   - {width: 19}
# - name: rgeo
#   unit: pc
#   datatype: float64
#   format: '{:15.8f}'
#   description: '? Median of the geometric distance posterior (r_med_geo)'
#   meta: !!omap
#   - {ucd: PHYS_DISTANCE_TRUE}
#   - {width: 15}
#   - {precision: '8'}
#   - values: {'null': .nan}
# - name: Plx
#   unit: mas
#   datatype: float64
#   format: '{:9.4f}'
#   description: '? Parallax (parallax)'
#   meta: !!omap
#   - {ucd: POS_PARLX_TRIG}
#   - {width: 9}
#   - {precision: '4'}
#   - values: {'null': .nan}
# - name: e_Plx
#   unit: mas
#   datatype: float32
#   format: '{:7.4f}'
#   description: '? Standard error of parallax (parallax_error)'
#   meta: !!omap
#   - {ucd: ERROR}
#   - {width: 7}
#   - {precision: '4'}
#   - values: {'null': .nan}
# - name: pmRA
#   unit: mas / yr
#   datatype: float64
#   format: '{:9.3f}'
#   description: '? Proper motion in right ascension direction, pmRA*cosDE (pmra)'
#   meta: !!omap
#   - {ucd: POS_EQ_PMRA}
#   - {width: 9}
#   - {precision: '3'}
#   - values: {'null': .nan}
# - name: pmDE
#   unit: mas / yr
#   datatype: float64
#   format: '{:9.3f}'
#   description: '? Proper motion in declination direction (pmdec)'
#   meta: !!omap
#   - {ucd: POS_EQ_PMDEC}
#   - {width: 9}
#   - {precision: '3'}
#   - values: {'null': .nan}
# - name: e_pmRA
#   unit: mas / yr
#   datatype: float32
#   format: '{:6.3f}'
#   description: '? Standard error of proper motion in right ascension direction (pmra_error)'
#   meta: !!omap
#   - {ucd: ERROR}
#   - {width: 6}
#   - {precision: '3'}
#   - values: {'null': .nan}
# - name: e_pmDE
[...]
#         unit: &id001 !astropy.units.Unit {unit: deg}
#         value: !astropy.table.SerializedColumn {name: SkyCoord.dec}
#       distance: !astropy.table.SerializedColumn
#         __class__: astropy.coordinates.distances.Distance
#         unit: !astropy.units.Unit {unit: pc}
#         value: !astropy.table.SerializedColumn {name: SkyCoord.distance}
#       frame: icrs
#       obstime: !astropy.time.Time {format: jyear_str, in_subfmt: '*', jd1: 367701545.0, jd2: 0.0, out_subfmt: '*', precision: 3, scale: tt}
#       pm_dec: !astropy.table.SerializedColumn
#         __class__: astropy.units.quantity.Quantity
#         unit: !astropy.units.Unit {unit: mas / yr}
#         value: !astropy.table.SerializedColumn {name: SkyCoord.pm_dec}
#       pm_ra_cosdec: !astropy.table.SerializedColumn
#         __class__: astropy.units.quantity.Quantity
#         unit: !astropy.units.Unit {unit: mas / yr}
#         value: !astropy.table.SerializedColumn {name: SkyCoord.pm_ra_cosdec}
#       ra: !astropy.table.SerializedColumn
#         __class__: astropy.coordinates.angles.Longitude
#         unit: *id001
#         value: !astropy.table.SerializedColumn {name: SkyCoord.ra}
#         wrap_angle: !astropy.coordinates.Angle
#           unit: *id001
#           value: 360.0
#       representation_type: spherical
# schema: astropy-2.0
RA_ICRS_1 DE_ICRS_1 e_RA_ICRS e_DE_ICRS _r_1 HIP TYC2 Source rgeo Plx e_Plx pmRA pmDE e_pmRA e_pmDE RUWE Teff logg Gmag BP-RP BPmag RPmag RV e_RV b_rgeo B_rgeo FG e_FG FBP e_FBP FRP e_FRP RAVE5 RAVE6 e_Gmag e_BPmag e_RPmag e_BP-RP SkyCoord.ra SkyCoord.dec SkyCoord.distance SkyCoord.pm_ra_cosdec SkyCoord.pm_dec Pmemb
327.73829957215 55.24637810316 0.0125 0.0116 0.9333 "" 3972-2625-1 2174068297278809472 2343.02393 0.3931 0.0135 -2.961 -2.916 0.017 0.015 0.999 "" "" 11.631043 1.279645 12.194921 10.915276 "" "" 2276.47632 2412.60596 419304.33241 787.53 180900.0 802.14 341230.0 1235.7 "" "" 0.0034278519424337395 0.005564425 0.0054536858 0.01101811 327.73829957215 55.24637810316 2343.02393 -2.961 -2.9159999999999995 1.0
327.80006339351 55.25369886108 0.01 0.0093 3.0755 "" 3972-2251-1 2174074237208609792 2514.79663 0.388 0.0108 -3.025 -2.969 0.013 0.012 0.974 "" "" 12.187134 1.386676 12.798528 11.411852 -15.52 9.26 2454.56714 2582.07495 251242.54623 52.425 103750.0 77.234 215980.0 39.405 "" "" 0.0027646185270593163 0.0029048775 0.0037845694 0.006689447 327.80006339351 55.25369886108 2514.79663 -3.0249999999999995 -2.9690000000000007 0.8
327.7438615342 55.2509942023 0.0148 0.0137 1.2327 "" "" 2174068400358023680 2528.82666 0.3736 0.016 -3.085 -3.018 0.02 0.018 1.331 7914.1 2.6744 13.017968 1.436175 13.662634 12.226459 -23.04 23.01 2413.49805 2647.17358 116885.23385 30.996 46813.0 31.202 101990.0 34.774 "" "" 0.00277032249759039 0.0028824895 0.0037974683 0.0066799577 327.7438615342 55.2509942023 2528.82666 -3.085000000000001 -3.018 1.0
327.7377531465 55.21489108009 0.0123 0.0118 1.7217 "" "" 2174068194199601536 2430.27832 0.3889 0.0135 -3.068 -2.949 0.017 0.015 1.353 "" "" 13.055857 1.319241 13.631115 12.311873 "" "" 2358.30005 2501.20679 112876.67089 25.229 48192.0 40.768 94278.0 30.802 "" "" 0.0027659861237601504 0.0029374564 0.0037959924 0.0067334487 327.7377531465 55.21489108009 2430.27832 -3.068 -2.949 0.8
327.66992390304 55.31251486141 0.0114 0.0109 4.5975 "" "" 2174819538596988672 2440.49927 0.3802 0.0126 -3.175 -2.998 0.016 0.014 1.122 "" "" 13.178679 1.522714 13.869181 12.346467 "" "" 2370.32812 2523.59204 100803.3104 23.872 38703.0 39.3 91321.0 36.237 "" "" 0.002767291246984561 0.0030000864 0.0038038588 0.006803945 327.66992390304 55.31251486141 2440.49927 -3.175 -2.9980000000000007 0.8
327.68801836371 55.23602577763 0.0107 0.01 0.9009 "" "" 2174068091120372480 2474.14941 0.3744 0.0116 -3.021 -2.871 0.015 0.014 0.997 "" "" 13.284447 1.490066 13.957004 12.466938 "" "" 2410.06885 2549.95703 91446.74148 18.967 35696.0 33.767 81730.0 58.087 "" "" 0.0027645074147614928 0.0029731982 0.0038573535 0.0068305517 327.68801836371 55.23602577763 2474.14941 -3.021 -2.871 1.0
327.67184304928 55.31395761112 0.0115 0.011 4.659 "" "" 2174819538596988544 2485.06323 0.3717 0.0123 -3.047 -2.858 0.016 0.014 1.078 "" "" 13.408588 1.474895 14.071113 12.596217 "" "" 2419.74341 2566.34888 81566.39592 19.816 32135.0 32.334 72556.0 29.482 "" "" 0.0027679171192922986 0.0029964172 0.003805044 0.0068014613 327.67184304928 55.31395761112 2485.06323 -3.047 -2.8580000000000005 0.9
327.4603551647 55.17525792606 0.0104 0.0102 9.4948 "" "" 2174816892897040384 2499.06274 0.375 0.0117 -3.02 -2.925 0.013 0.012 0.993 11784.6 3.6254 13.49638 1.046914 13.92633 12.879416 "" "" 2404.90283 2580.91113 75230.67084 52.357 36718.0 87.72 55897.0 91.902 "" "" 0.0028570531551190717 0.0038096032 0.004179747 0.00798935 327.4603551647 55.17525792606 2499.06274 -3.020000000000001 -2.9250000000000016 1.0
327.68359075287 55.21966184783 0.0122 0.0113 1.5909 "" "" 2174068091120377600 2490.8999 0.3731 0.0134 -3.053 -2.865 0.017 0.015 1.14 "" "" 13.553034 1.315167 14.12568 12.810513 "" "" 2415.18408 2586.14819 71405.77426 15.288 30559.0 28.769 59560.0 19.13 "" "" 0.0027651085716276407 0.0029715006 0.0037954364 0.0067669367 327.68359075287 55.21966184783 2490.8999 -3.053000000000001 -2.865 0.9
327.75182509356 55.22245770369 0.0134 0.0123 1.6841 "" "" 2174067472645095936 2531.27344 0.3676 0.0147 -2.985 -2.955 0.019 0.015 1.0 "" "" 13.838527 1.353439 14.434749 13.081309 "" "" 2458.67285 2628.63037 54895.41429 11.313 22989.0 23.308 46412.0 24.201 "" "" 0.0027643903765808835 0.002999469 0.0038215504 0.0068210196 327.75182509356 55.22245770369 2531.27344 -2.985 -2.9550000000000014 1.0
327.66746031623 55.26451074431 0.0132 0.0125 2.152 "" "" 2174819229359353600 2557.03394 0.3641 0.014 -3.091 -2.844 0.018 0.016 1.038 9726.6 3.5483 13.902188 1.266752 14.450207 13.183454 "" "" 2469.64453 2659.30981 51769.20125 8.438 22664.0 16.447 42245.0 16.916 "" "" 0.002760997416572335 0.0028992833 0.0038043056 0.006703589 327.66746031623 55.26451074431 2557.03394 -3.091 -2.844 0.9
327.74642884129 55.25868703838 0.0162 0.0148 1.5911 "" "" 2174068606516451072 2506.26196 0.367 0.0169 -3.043 -2.786 0.024 0.02 1.146 "" "" 14.010582 1.439931 14.656157 13.216226 "" "" 2392.55273 2615.59644 46850.4518 10.308 18748.0 15.597 40989.0 19.416 "" "" 0.002765656233632942 0.0029327322 0.0038142144 0.006746947 327.74642884129 55.25868703838 2506.26196 -3.0429999999999997 -2.7859999999999996 0.8
327.71816817415 55.30565731672 0.0141 0.0131 3.9425 "" "" 2174819366798304384 2411.87866 0.3865 0.015 -3.029 -2.805 0.019 0.017 1.083 10396.5 3.7862 14.033497 1.471174 14.697666 13.226492 "" "" 2343.37329 2500.146 45872.04206 10.475 18045.0 17.835 40603.0 23.347 "" "" 0.0027664524269141798 0.0029894134 0.0038305984 0.006820012 327.71816817415 55.30565731672 2411.87866 -3.0290000000000012 -2.8050000000000015 0.9
327.63029180191 55.25789121772 0.0151 0.0129 3.0386 "" "" 2174818817042490624 2437.97729 0.3848 0.0153 -3.132 -3.0 0.02 0.016 1.004 "" "" 14.073481 1.254645 14.612326 13.35768 "" "" 2365.33105 2513.7688 44213.46755 9.0877 19520.0 16.307 35982.0 21.837 "" "" 0.002764342864681555 0.002933895 0.0038363917 0.0067702867 327.63029180191 55.25789121772 2437.97729 -3.1319999999999997 -3.000000000000001 0.9
327.79318815933 55.30179357187 0.0144 0.0133 4.6022 "" "" 2174074550751302144 2523.26416 0.3692 0.0161 -3.1 -2.851 0.019 0.017 1.023 "" "" 14.197328 1.548824 14.903796 13.354972 40.86 4.81 2432.87598 2648.46387 39447.1685 43.23 14924.0 63.77 36072.0 106.92 "" "" 0.0030012567622781277 0.0054137283 0.0049639232 0.010377651 327.79318815933 55.30179357187 2523.26416 -3.1 -2.851 0.9
327.72381100847 55.2145135487 0.0148 0.0138 1.5703 "" "" 2174068194199599744 2584.55225 0.3615 0.016 -3.001 -2.913 0.02 0.018 0.95 "" "" 14.205578 1.364519 14.806199 13.44168 "" "" 2480.00879 2696.43042 39148.53874 19.263 16328.0 30.97 33303.0 67.774 "" "" 0.002806634439055188 0.0034678548 0.004377881 0.007845736 327.72381100847 55.2145135487 2584.55225 -3.001 -2.912999999999999 1.0
327.43536590724 55.21323858015 0.0143 0.0132 9.6493 "" "" 2174817717530751232 2496.18677 0.3765 0.0158 -3.048 -3.02 0.018 0.017 0.985 "" "" 14.293595 1.205296 14.808927 13.60363 "" "" 2401.11108 2589.02979 36100.11742 8.3874 16287.0 22.016 28688.0 26.715 "" "" 0.0027668434984660655 0.0031526238 0.003912286 0.0070649097 327.43536590724 55.21323858015 2496.18677 -3.048 -3.0199999999999982 1.0
327.74408340839 55.30397975614 0.0157 0.0148 3.9791 "" "" 2174819332438656128 2482.77197 0.3694 0.0169 -3.196 -2.937 0.022 0.02 1.083 "" "" 14.345301 1.490665 15.023115 13.532451 "" "" 2401.60498 2582.56299 34421.24276 7.7025 13371.0 14.191 30632.0 15.306 "" "" 0.0027660111205090173 0.0030187566 0.003818121 0.0068368777 327.74408340839 55.30397975614 2482.77197 -3.1959999999999997 -2.9369999999999994 0.8
327.39977052087 55.35917084345 0.015 0.0145 12.8799 "" "" 2174822871491581952 2193.51392 0.4267 0.0171 -3.038 -2.937 0.022 0.018 1.019 "" "" 14.387129 1.492678 15.064322 13.571644 "" "" 2125.7854 2279.41431 33120.37998 6.5396 12873.0 14.508 29546.0 15.139 "" "" 0.0027636474674771943 0.0030466919 0.0038201069 0.0068667987 327.39977052087 55.35917084345 2193.51392 -3.038 -2.937 0.9
327.82366075048 55.29356658067 0.0172 0.0151 4.953 "" "" 2174074447672092416 2447.47729 0.3877 0.0188 -3.157 -2.944 0.023 0.02 1.011 "" "" 14.566239 1.310966 15.134215 13.823249 "" "" 2339.19556 2564.75024 28083.49255 6.4897 12071.0 13.544 23435.0 15.155 "" "" 0.002766719967741174 0.0030445235 0.0038440484 0.006888572 327.82366075048 55.29356658067 2447.47729 -3.1570000000000014 -2.9440000000000004 0.9
327.90546353432 55.39127154701 0.0168 0.015 11.1969 "" "" 2174075306665723136 2556.32104 0.3637 0.0191 -3.082 -2.792 0.026 0.02 1.05 9436.1 3.5981 14.593268 1.502718 15.275964 13.773246 "" "" 2443.64453 2693.64502 27392.97956 6.7585 10593.0 14.103 24539.0 15.876 "" "" 0.002768311302120225 0.0031423727 0.0038441054 0.0069864783 327.90546353432 55.39127154701 2556.32104 -3.0819999999999994 -2.792 0.9
327.77926630116 55.20103893185 0.0175 0.0163 3.2475 "" "" 2174067197767197184 2228.12793 0.4205 0.0189 -3.044 -2.963 0.024 0.022 1.042 "" "" 14.667056 1.302672 15.232414 13.929742 "" "" 2149.72632 2304.0603 25593.18517 5.6896 11027.0 13.085 21245.0 13.311 "" "" 0.002765872096327886 0.003073263 0.0038401156 0.006913379 327.77926630116 55.20103893185 2228.12793 -3.044 -2.963 0.9
327.70032275332 55.14423060222 0.0166 0.0163 5.7639 "" "" 2174066648011277184 2467.64966 0.3789 0.0179 -2.943 -2.849 0.021 0.021 1.034 "" "" 14.709452 1.455183 15.361762 13.906579 "" "" 2366.33252 2585.85229 24613.08832 5.3622 9788.4 13.1 21703.0 18.504 "" "" 0.0027654547000406423 0.00314586 0.0038910985 0.007036959 327.70032275332 55.14423060222 2467.64966 -2.943 -2.849 0.9
327.68774752713 55.11861206983 0.0163 0.0159 7.3365 "" "" 2174066544932065664 2517.39258 0.3729 0.0183 -3.072 -2.853 0.021 0.02 1.113 "" "" 14.714872 1.338237 15.301507 13.96327 "" "" 2427.72803 2636.69214 24490.51441 5.2817 10347.0 12.64 20599.0 15.755 "" "" 0.002765251730934037 0.0030893758 0.0038695375 0.006958913 327.68774752713 55.11861206983 2517.39258 -3.0719999999999987 -2.8529999999999993 0.8
327.65961009666 55.263048091 0.0173 0.0162 2.3015 "" "" 2174818851402230912 2335.74438 0.4043 0.0187 -2.903 -2.705 0.023 0.021 1.056 10656.9 3.6506 14.745748 1.268177 15.29277 14.024593 "" "" 2232.31665 2433.14087 23803.8688 6.4562 10431.0 12.502 19468.0 16.263 "" "" 0.0027710119176928938 0.0030787066 0.0038866904 0.006965397 327.65961009666 55.263048091 2335.74438 -2.903 -2.705 0.8
327.75152583281 55.26382523228 0.0244 0.0229 1.9343 "" "" 2174068606516450816 2482.56665 0.3788 0.0264 -3.194 -2.791 0.033 0.031 1.403 "" "" 14.752545 1.49356 15.424974 13.931415 "" "" 2331.14429 2640.37598 23655.30891 6.422 9234.8 13.202 21213.0 13.024 "" "" 0.0027710416514368113 0.0031928434 0.0038377189 0.0070305625 327.75152583281 55.26382523228 2482.56665 -3.194 -2.790999999999999 0.8
327.68646474212 55.3363603788 0.0197 0.0179 5.8542 "" "" 2174820397590535552 2518.0166 0.3737 0.0213 -3.042 -2.986 0.028 0.024 1.014 "" "" 14.870271 1.576563 15.595053 14.01849 "" "" 2389.41284 2660.83447 21224.54046 6.5694 7895.8 16.4 19578.0 13.271 "" "" 0.002775738292720738 0.0035875714 0.0038503737 0.0074379453 327.68646474212 55.3363603788 2518.0166 -3.0420000000000003 -2.9860000000000007 1.0
327.83842461135 55.09605864853 0.017 0.0178 9.641 "" "" 2174062971519403392 2471.43921 0.3809 0.0194 -2.986 -2.843 0.023 0.022 1.027 "" "" 14.879881 1.302369 15.445832 14.143463 "" "" 2374.1394 2585.72095 21037.50855 7.1567 9059.1 14.219 17449.0 21.729 "" "" 0.002779966147971296 0.0032694314 0.004013947 0.0072833784 327.83842461135 55.09605864853 2471.43921 -2.9859999999999998 -2.8430000000000004 0.9
327.59914980343 55.23400081655 0.0188 0.0181 3.9256 "" "" 2174818679603550336 2302.3457 0.4076 0.0205 -2.971 -3.006 0.024 0.024 1.025 "" "" 14.940862 1.356148 15.536755 14.180607 "" "" 2205.86621 2390.95239 19888.49557 5.4467 8331.3 12.366 16862.0 17.536 "" "" 0.0027713176455025777 0.0032221274 0.003944448 0.0071665756 327.59914980343 55.23400081655 2302.3457 -2.9710000000000005 -3.0060000000000002 1.0
327.73777981667 54.99307483416 0.0157 0.0163 14.8394 "" "" 2174060635057095040 2548.82446 0.3642 0.0181 -3.043 -3.012 0.021 0.02 1.0 "" "" 14.952548 1.490091 15.625307 14.135216 "" "" 2460.97314 2634.59521 19675.58826 4.689 7678.8 11.534 17582.0 10.074 "" "" 0.0027674428395980085 0.0032318232 0.0038302392 0.0070620626 327.73777981667 54.99307483416 2548.82446 -3.0430000000000006 -3.0119999999999987 1.0
327.82162743314 55.03144330057 0.0166 0.0182 13.0525 "" "" 2174050533294016000 2562.90967 0.3639 0.0198 -3.004 -2.842 0.022 0.022 0.998 "" "" 15.023469 1.440764 15.670142 14.229378 "" "" 2445.55762 2677.84497 18431.43524 4.7973 7368.2 11.162 16122.0 14.7 "" "" 0.0027697740763930902 0.0032388752 0.0039068875 0.0071457624 327.82162743314 55.03144330057 2562.90967 -3.003999999999999 -2.842 0.9
327.79862731631 55.42182484083 0.0213 0.0186 11.2902 "" "" 2174826960300561408 2586.93555 0.3618 0.0236 -3.096 -2.798 0.036 0.025 1.083 "" "" 15.056539 1.674727 15.844627 14.169901 90.55 9.7 2453.36182 2782.75073 17878.505 5.6638 6274.3 11.506 17029.0 14.549 "" "" 0.002776705619611096 0.0034277325 0.003891555 0.0073192874 327.79862731631 55.42182484083 2586.93555 -3.096000000000001 -2.798 1.0
327.61794633967 55.16869223566 0.0198 0.0187 5.3844 "" "" 2174066235694402304 2416.85938 0.3893 0.0217 -3.077 -2.891 0.026 0.025 1.036 7948.1 3.923 15.148416 1.221868 15.667017 14.445149 "" "" 2300.58447 2550.06421 16427.84914 3.9097 7389.4 12.984 13216.0 15.171 "" "" 0.0027674100307197446 0.0033800288 0.003979586 0.0073596146 327.61794633967 55.16869223566 2416.85938 -3.077 -2.8910000000000005 1.0
327.28026781788 55.1036271327 0.0205 0.0193 16.9486 "" "" 2174723159535459840 2531.65625 0.3701 0.0231 -3.12 -2.956 0.025 0.023 1.09 "" "" 15.173154 1.201711 15.68334 14.481629 "" "" 2389.71606 2699.40674 16057.77241 3.5203 7279.2 11.362 12779.0 8.9653 "" "" 0.00276558208783598 0.00326452 0.0038553777 0.0071198978 327.28026781788 55.1036271327 2531.65625 -3.1199999999999997 -2.9559999999999995 0.9
327.74380402249 55.28522826142 0.0226 0.0227 2.9055 "" "" 2174068709595659008 2649.87939 0.3437 0.0252 -2.93 -2.876 0.032 0.03 1.139 "" "" 15.237353 1.611341 15.984216 14.372874 "" "" 2469.2085 2821.07544 15135.80053 4.5317 5517.4 10.508 14126.0 8.5076 "" "" 0.002774429934925512 0.0034728765 0.003835533 0.0073084095 327.74380402249 55.28522826142 2649.87939 -2.9300000000000006 -2.876 0.9
327.78977866428 55.18080400769 0.022 0.0219 4.4104 "" "" 2174067129047724032 2332.26172 0.4076 0.024 -3.019 -2.906 0.029 0.028 1.099 "" "" 15.252691 1.358683 15.838187 14.479505 "" "" 2192.76709 2472.45972 14923.48643 4.0067 6311.6 15.163 12804.0 27.81 "" "" 0.0027706971237044077 0.0038195113 0.004454751 0.008274263 327.78977866428 55.18080400769 2332.26172 -3.019 -2.906 1.0
328.14652730583 55.21994284232 0.0211 0.0199 14.8687 "" "" 2174059260667881600 2382.7771 0.395 0.0243 -3.094 -2.917 0.029 0.025 1.07 9219.2 3.608 15.295965 1.198404 15.806313 14.607908 "" "" 2248.677 2515.65015 14340.38523 3.6553 6499.7 12.69 11376.0 10.239 "" "" 0.002769183917852004 0.0035040765 0.0039036758 0.0074077523 328.14652730583 55.21994284232 2382.7771 -3.0940000000000007 -2.9169999999999994 0.9
327.7391615036 55.28680949521 0.0228 0.0218 2.943 "" "" 2174068709595658240 2399.44238 0.3946 0.025 -3.188 -2.873 0.032 0.03 1.003 "" "" 15.376923 1.479111 16.045681 14.56657 "" "" 2259.30933 2552.64844 13309.99473 4.891 5213.7 11.074 11818.0 13.76 "" "" 0.002784056259640769 0.0036198425 0.003985198 0.0076050404 327.7391615036 55.28680949521 2399.44238 -3.188 -2.873 0.8
327.7559974399 55.25244366449 0.0253 0.0233 1.6366 "" "" 2174068400358025344 2281.67285 0.4047 0.0274 -3.009 -3.01 0.034 0.03 0.973 "" "" 15.377213 1.449975 16.026415 14.57644 "" "" 2135.33032 2438.68408 13306.42454 4.0729 5307.0 11.147 11711.0 8.4998 "" "" 0.002775289385381952 0.003603582 0.0038606615 0.0074642436 327.7559974399 55.25244366449 2281.67285 -3.009000000000001 -3.0099999999999993 0.9
327.79519338962 55.39236991428 0.0241 0.0216 9.5588 "" "" 2174826101307105024 2591.37842 0.3653 0.0267 -3.088 -2.884 0.036 0.028 0.964 "" "" 15.378313 1.639592 16.143843 14.504251 "" "" 2407.37622 2739.1106 13292.95663 4.383 4763.0 13.373 12516.0 13.406 "" "" 0.002778479472244059 0.004132531 0.0039542583 0.008086789 327.79519338962 55.39236991428 2591.37842 -3.0880000000000005 -2.8840000000000003 0.9
