Clusters/FSR_0336/FSR_0336_stars_in_region.tsv
# %ECSV 1.0
# ---
# datatype:
# - name: RA_ICRS_1
#   unit: deg
#   datatype: float64
#   format: '{:15.11f}'
#   description: Right ascension (ICRS) at Ep=2016.0 (ra)
#   meta: !!omap
#   - {ucd: POS_EQ_RA_MAIN}
#   - {width: 15}
#   - {precision: '11'}
# - name: DE_ICRS_1
#   unit: deg
#   datatype: float64
#   format: '{:15.11f}'
#   description: Declination (ICRS) at Ep=2016.0 (dec)
#   meta: !!omap
#   - {ucd: POS_EQ_DEC_MAIN}
#   - {width: 15}
#   - {precision: '11'}
# - name: e_RA_ICRS
#   unit: mas
#   datatype: float64
#   format: '{:7.4f}'
#   description: Standard error of right ascension (ra_error)
#   meta: !!omap
#   - {ucd: ERROR}
#   - {width: 7}
#   - {precision: '4'}
# - name: e_DE_ICRS
#   unit: mas
#   datatype: float64
#   format: '{:7.4f}'
#   description: Standard error of declination (dec_error)
#   meta: !!omap
#   - {ucd: ERROR}
#   - {width: 7}
#   - {precision: '4'}
# - name: _r_1
#   unit: ''
#   datatype: float64
#   format: '{:7.4f}'
#   description: Distance from center (327.71341115000+55.24000509000)[ICRS], at Epoch=J2016.0
#   meta: !!omap
#   - {ucd: POS_ANG_DIST_GENERAL}
#   - {width: 7}
#   - {precision: '4'}
# - name: HIP
#   datatype: int32
#   description: '? HIP cross-id number, van Leeuwen, Cat. I/311 (hip_original_ext_source_id)'
#   meta: !!omap
#   - {ucd: ID_NUMBER}
#   - {width: 6}
#   - values: {'null': -2147483648}
# - name: TYC2
#   datatype: string
#   description: Tycho-2 cross-id name, Hog et al., Cat. I/259 (tyc2_original_ext_source_id)
#   meta: !!omap
#   - {ucd: ID_CROSSID}
#   - {_votable_string_dtype: char}
# - name: Source
#   datatype: int64
#   description: Source identifier, identical to the Gaia-EDR3 source_id (id)
#   meta: !!omap
#   - {ucd: ID_MAIN}
#   - {width: 19}
# - name: rgeo
#   unit: pc
#   datatype: float64
#   format: '{:15.8f}'
#   description: '? Median of the geometric distance posterior (r_med_geo)'
#   meta: !!omap
#   - {ucd: PHYS_DISTANCE_TRUE}
#   - {width: 15}
#   - {precision: '8'}
#   - values: {'null': .nan}
# - name: Plx
#   unit: mas
#   datatype: float64
#   format: '{:9.4f}'
#   description: '? Parallax (parallax)'
#   meta: !!omap
#   - {ucd: POS_PARLX_TRIG}
#   - {width: 9}
#   - {precision: '4'}
#   - values: {'null': .nan}
# - name: e_Plx
#   unit: mas
#   datatype: float32
#   format: '{:7.4f}'
#   description: '? Standard error of parallax (parallax_error)'
#   meta: !!omap
#   - {ucd: ERROR}
#   - {width: 7}
#   - {precision: '4'}
#   - values: {'null': .nan}
# - name: pmRA
#   unit: mas / yr
#   datatype: float64
#   format: '{:9.3f}'
#   description: '? Proper motion in right ascension direction, pmRA*cosDE (pmra)'
#   meta: !!omap
#   - {ucd: POS_EQ_PMRA}
#   - {width: 9}
#   - {precision: '3'}
#   - values: {'null': .nan}
# - name: pmDE
#   unit: mas / yr
#   datatype: float64
#   format: '{:9.3f}'
#   description: '? Proper motion in declination direction (pmdec)'
#   meta: !!omap
#   - {ucd: POS_EQ_PMDEC}
#   - {width: 9}
#   - {precision: '3'}
#   - values: {'null': .nan}
# - name: e_pmRA
#   unit: mas / yr
#   datatype: float32
#   format: '{:6.3f}'
#   description: '? Standard error of proper motion in right ascension direction (pmra_error)'
#   meta: !!omap
#   - {ucd: ERROR}
#   - {width: 6}
#   - {precision: '3'}
#   - values: {'null': .nan}
# - name: e_pmDE
[...]
#         unit: &id001 !astropy.units.Unit {unit: deg}
#         value: !astropy.table.SerializedColumn {name: SkyCoord.dec}
#       distance: !astropy.table.SerializedColumn
#         __class__: astropy.coordinates.distances.Distance
#         unit: !astropy.units.Unit {unit: pc}
#         value: !astropy.table.SerializedColumn {name: SkyCoord.distance}
#       frame: icrs
#       obstime: !astropy.time.Time {format: jyear_str, in_subfmt: '*', jd1: 367701545.0, jd2: 0.0, out_subfmt: '*', precision: 3, scale: tt}
#       pm_dec: !astropy.table.SerializedColumn
#         __class__: astropy.units.quantity.Quantity
#         unit: !astropy.units.Unit {unit: mas / yr}
#         value: !astropy.table.SerializedColumn {name: SkyCoord.pm_dec}
#       pm_ra_cosdec: !astropy.table.SerializedColumn
#         __class__: astropy.units.quantity.Quantity
#         unit: !astropy.units.Unit {unit: mas / yr}
#         value: !astropy.table.SerializedColumn {name: SkyCoord.pm_ra_cosdec}
#       ra: !astropy.table.SerializedColumn
#         __class__: astropy.coordinates.angles.Longitude
#         unit: *id001
#         value: !astropy.table.SerializedColumn {name: SkyCoord.ra}
#         wrap_angle: !astropy.coordinates.Angle
#           unit: *id001
#           value: 360.0
#       representation_type: spherical
# schema: astropy-2.0
RA_ICRS_1 DE_ICRS_1 e_RA_ICRS e_DE_ICRS _r_1 HIP TYC2 Source rgeo Plx e_Plx pmRA pmDE e_pmRA e_pmDE RUWE Teff logg Gmag BP-RP BPmag RPmag RV e_RV b_rgeo B_rgeo FG e_FG FBP e_FBP FRP e_FRP RAVE5 RAVE6 e_Gmag e_BPmag e_RPmag e_BP-RP SkyCoord.ra SkyCoord.dec SkyCoord.distance SkyCoord.pm_ra_cosdec SkyCoord.pm_dec
[from data line 529]
327.86634761342 55.46250142418 0.0339 0.0304 14.333 "" "" 2174828570905130624 2012.79614 0.479 0.0391 -2.095 -3.711 0.049 0.039 1.005 7176.8 4.2085 16.238033 1.709074 17.052599 15.343525 "" "" 1889.92932 2214.3645 6021.89729 2.3451 2062.4 7.3428 5777.6 10.615 "" "" 0.002787573049691516 0.0047673527 0.0042735124 0.009040865 327.86634761342 55.46250142418 2012.79614 -2.095 -3.7109999999999994
327.70549497709 55.55395032679 0.0478 0.0467 18.8386 "" "" 2174831736304257920 1975.9187 0.4985 0.0548 0.672 -1.75 0.068 0.058 1.498 7160.4 3.8467 16.245932 1.952488 17.202911 15.250423 "" "" 1784.84412 2261.04565 5978.24941 4.0699 1795.8 7.2438 6294.9 12.097 "" "" 0.002852741788451346 0.00519286 0.0043170713 0.009509931 327.70549497709 55.55395032679 1975.9187 0.672 -1.75
328.28890290087 55.30263784683 0.0416 0.0358 20.0268 "" "" 2174083346844808192 2225.74243 0.429 0.0463 4.59 -1.696 0.053 0.044 1.216 "" "" 16.247229 1.943671 17.137356 15.193685 "" "" 2020.22009 2473.15747 5971.11557 4.0592 1907.5 28.023 6632.6 25.192 "" "" 0.0028524666612939533 0.0161927 0.005593736 0.021786436 328.28890290087 55.30263784683 2225.74243 4.59 -1.6959999999999997
327.54372893084 55.15517596167 0.0341 0.0336 7.7247 "" "" 2174066338773613312 2609.88696 0.3527 0.0382 -3.664 -3.564 0.044 0.041 0.999 "" "" 16.248665 1.340206 16.84 15.499794 "" "" 2386.67847 2859.36816 5963.21746 2.7377 2508.5 6.6024 5003.1 9.1465 "" "" 0.002800044791401626 0.0039939107 0.0042689084 0.008262819 327.54372893084 55.15517596167 2609.88696 -3.6640000000000006 -3.5640000000000005
327.72656956499 55.21960719754 0.0382 0.036 1.3041 "" "" 2174068194199598976 2665.31323 0.3537 0.0398 -3.126 -2.931 0.055 0.05 0.923 8995.8 3.6406 16.250988 1.600112 16.992788 15.392676 "" "" 2444.0144 2889.90186 5950.47487 2.8983 2179.2 13.365 5521.9 13.133 "" "" 0.0028056105352297265 0.0072197444 0.004577312 0.0117970565 327.72656956499 55.21960719754 2665.31323 -3.126 -2.9309999999999996
327.90450192333 55.35342186993 0.0382 0.0333 9.4296 "" "" 2174074997427903488 2232.12598 0.4013 0.043 -0.862 -3.259 0.055 0.045 1.043 "" "" 16.256374 3.187132 18.154543 14.967411 "" "" 2041.6709 2450.80762 5921.02636 3.18 747.48 7.9246 8169.5 10.13 "" "" 0.002816347430164257 0.011844047 0.0040120096 0.015856057 327.90450192333 55.35342186993 2232.12598 -0.8620000000000002 -3.2589999999999995
327.89907616164 55.24649411967 0.0384 0.0343 6.3627 "" "" 2174073313800743296 2732.60913 0.3276 0.043 -3.835 -1.567 0.051 0.043 1.046 6790.3 3.3662 16.258776 3.071523 18.06323 14.991708 "" "" 2477.67407 3104.0542 5907.94062 3.8049 813.06 8.6329 7988.7 10.788 "" "" 0.002842663815509727 0.011860968 0.0040538167 0.015914785 327.89907616164 55.24649411967 2732.60913 -3.834999999999999 -1.5670000000000002
328.11068365742 54.96371837611 0.0317 0.0368 21.4657 "" "" 2174051461007099776 2352.77563 0.4084 0.0365 -0.001 0.38 0.042 0.05 1.017 8426.9 4.1343 16.259113 1.637474 17.027159 15.389685 "" "" 2133.11523 2670.0752 5906.10953 2.6745 2111.3 8.2951 5537.1 10.326 "" "" 0.002798842540129743 0.0050972267 0.0042875856 0.009384813 328.11068365742 54.96371837611 2352.77563 -0.0010000000000000009 0.38
327.69331099132 55.28528086897 0.036 0.034 2.8021 "" "" 2174819263719090560 2580.89673 0.3699 0.0393 -4.493 -4.666 0.051 0.045 0.989 8306.8 4.2442 16.25924 1.549624 16.972052 15.422428 "" "" 2317.71045 2930.67871 5905.42153 2.4642 2221.2 7.9439 5372.6 10.596 "" "" 0.0027923192424391206 0.0047815214 0.004343844 0.009125365 327.69331099132 55.28528086897 2580.89673 -4.492999999999999 -4.666
327.87099310287 55.34033211751 0.0341 0.0319 8.076 "" "" 2174075100507117184 1975.39502 0.4809 0.0395 -7.451 -9.091 0.049 0.042 1.002 7057.7 4.0599 16.25967 1.865906 17.175018 15.309113 "" "" 1825.76306 2147.00708 5903.07572 2.5591 1842.5 11.708 5963.7 9.9353 "" "" 0.0027952346324067526 0.007442055 0.004189925 0.01163198 327.87099310287 55.34033211751 1975.39502 -7.4510000000000005 -9.091
327.76778663471 55.28256049495 0.0378 0.0339 3.1584 "" "" 2174068640876304640 2224.5061 0.429 0.0397 -4.03 -2.32 0.05 0.046 1.014 8598.7 3.5908 16.265938 1.575115 16.991844 15.416729 "" "" 2040.75989 2443.23535 5869.09976 2.7998 2181.1 10.271 5400.9 9.3002 "" "" 0.0028035783724558757 0.0058246106 0.004216534 0.010041145 327.76778663471 55.28256049495 2224.5061 -4.03 -2.3199999999999994
328.12674844531 55.38635465291 0.0355 0.0302 16.6222 "" "" 2174076028220176256 2635.88794 0.357 0.0395 -3.024 -2.792 0.046 0.037 1.052 "" "" 16.266104 1.544528 16.973923 15.429395 "" "" 2447.14624 2907.91284 5868.20899 2.5765 2217.4 7.2407 5338.3 8.8192 "" "" 0.0027962539520409646 0.004511613 0.004183431 0.008695044 328.12674844531 55.38635465291 2635.88794 -3.024000000000001 -2.792
327.73054799893 55.18124551579 0.0361 0.0333 3.5741 "" "" 2174066991608764800 2008.17554 0.4794 0.0386 -2.543 -2.912 0.049 0.043 1.007 9435.2 4.034 16.26911 1.678774 17.061523 15.38275 "" "" 1876.33191 2189.90259 5851.98192 2.6205 2045.5 8.3404 5572.6 7.2177 "" "" 0.002797886623100745 0.0052329316 0.004032529 0.00926546 327.73054799893 55.18124551579 2008.17554 -2.543 -2.9119999999999995
327.66030361762 55.01836359306 0.0299 0.0304 13.4227 "" "" 2174061597129756800 2693.12231 0.3401 0.0344 -4.2 -4.371 0.039 0.038 1.025 6663.6 3.6529 16.270653 2.427074 17.580814 15.15374 "" "" 2480.57153 2926.60791 5843.67337 3.1243 1267.9 6.2313 6881.2 8.3273 "" "" 0.002815804037232035 0.00602148 0.0040012593 0.010022739 327.66030361762 55.01836359306 2693.12231 -4.2 -4.371
328.05513004043 55.09932234651 0.0323 0.0319 14.4354 "" "" 2174056443169135104 2458.88062 0.3873 0.0358 -2.898 -2.935 0.042 0.041 1.046 "" "" 16.273222 1.61807 17.025986 15.407916 "" "" 2238.20435 2689.8584 5829.85647 2.4195 2113.6 9.1521 5444.9 10.628 "" "" 0.002791922386795312 0.0054669646 0.004333016 0.009799981 328.05513004043 55.09932234651 2458.88062 -2.898 -2.935
327.99606827284 54.94480739352 0.0307 0.0324 20.1965 "" "" 2174046238326748160 2006.32471 0.4849 0.0348 -1.993 -2.321 0.04 0.041 1.038 7598.0 3.3771 16.273851 1.622436 17.03119 15.408755 "" "" 1878.14771 2156.92529 5826.47724 2.6674 2103.5 7.2524 5440.7 7.4382 "" "" 0.0027997955740416817 0.004668824 0.0040604225 0.008729246 327.99606827284 54.94480739352 2006.32471 -1.993 -2.3209999999999997
327.43553751417 55.09264063305 0.0326 0.0312 12.995 "" "" 2173971952576526336 2508.68335 0.3809 0.0365 -3.475 -3.318 0.043 0.04 0.99 "" "" 16.276697 1.579726 17.005365 15.425639 "" "" 2283.33203 2794.92749 5811.23113 2.6199 2154.1 8.001 5356.8 9.0612 "" "" 0.002798461468513039 0.004903899 0.0042019845 0.009105884 327.43553751417 55.09264063305 2508.68335 -3.4750000000000005 -3.318
327.66995035514 55.48985926694 0.0352 0.033 15.0643 "" "" 2174830842950983296 2244.54883 0.4226 0.0402 -2.679 -2.701 0.049 0.041 0.929 "" "" 16.279522 1.750139 17.100506 15.350367 "" "" 2059.11841 2420.67896 5796.12801 2.6732 1973.4 9.0783 5741.3 17.206 "" "" 0.002800452870591387 0.005721239 0.0049870927 0.010708332 327.66995035514 55.48985926694 2244.54883 -2.679 -2.7010000000000005
328.07116379353 55.00341260548 0.2935 0.3316 18.7663 "" "" 2174052354360286976 2105.68555 0.9281 0.3383 1.699 -0.399 0.412 0.466 9.822 5589.1 3.9195 16.286152 1.627507 16.947483 15.319976 "" "" 1068.09229 3543.49219 5760.84358 19.486 2272.1 8.4696 5904.3 7.3369 "" "" 0.004591186115903801 0.0049158167 0.004012979 0.008928796 328.07116379353 55.00341260548 2105.68555 1.6990000000000003 -0.39900000000000013
327.82976711932 55.31700822701 0.035 0.0327 6.0958 "" "" 2174074688190256896 2225.32104 0.4297 0.0403 -2.92 -2.852 0.05 0.043 1.066 9230.0 3.666 16.287012 1.571472 17.011333 15.439861 "" "" 2018.70789 2470.62695 5756.28441 2.5426 2142.3 7.7901 5287.1 7.6709 "" "" 0.0027967454927915695 0.0048345076 0.004094531 0.008929038 327.82976711932 55.31700822701 2225.32104 -2.9200000000000004 -2.8520000000000003
327.71340843371 55.20850037524 0.0368 0.035 1.8903 "" "" 2174067816242477824 1956.87769 0.4815 0.0408 -2.587 -2.637 0.051 0.045 1.062 "" "" 16.297419 1.519076 16.988672 15.469596 "" "" 1809.77576 2186.14917 5701.37155 2.6201 2187.5 7.6319 5144.2 10.611 "" "" 0.0028001334165568843 0.00470467 0.0043931035 0.009097774 327.71340843371 55.20850037524 1956.87769 -2.5870000000000006 -2.6370000000000005
327.63887222663 55.27021756582 0.0422 0.0395 3.1278 "" "" 2174819057560657536 2709.69434 0.3524 0.0462 -2.863 -3.119 0.058 0.051 1.233 9446.8 3.7296 16.298008 1.53472 16.95477 15.420049 "" "" 2404.68481 3193.05542 5698.27971 2.999 2256.9 8.5589 5384.4 26.72 "" "" 0.0028139496432370925 0.0049737887 0.006581316 0.0115551045 327.63887222663 55.27021756582 2709.69434 -2.8630000000000004 -3.1189999999999998
327.6366291427 55.23853961908 0.0437 0.0391 2.6281 "" "" 2174818748323018368 2306.52295 0.4087 0.0454 -3.129 -2.858 0.057 0.05 1.175 "" "" 16.298079 1.418343 16.92649 15.508147 "" "" 2062.38184 2595.44531 5697.90804 2.7379 2316.4 9.062 4964.8 11.457 "" "" 0.0028042766109209805 0.0050819702 0.0045344494 0.00961642 327.6366291427 55.23853961908 2306.52295 -3.129 -2.858
327.36106759408 55.50184744558 0.0346 0.0344 19.7773 "" "" 2174837680538791936 2486.55225 0.3815 0.0381 -6.081 -5.103 0.05 0.045 0.993 7669.4 3.5385 16.29985 2.411641 17.597198 15.185557 "" "" 2189.19336 2781.95264 5688.61464 2.6295 1248.9 8.2518 6682.4 8.2299 "" "" 0.002800653950398859 0.0076972404 0.0040089586 0.0117061995 327.36106759408 55.50184744558 2486.55225 -6.081000000000001 -5.103
327.66102548892 55.46791583196 0.0382 0.034 13.7909 "" "" 2174830739871769984 2056.53833 0.4591 0.0416 -1.151 -1.843 0.054 0.042 1.017 "" "" 16.310316 2.058012 17.343067 15.285055 "" "" 1916.61243 2200.66089 5634.04822 3.0968 1578.3 11.084 6097.3 13.667 "" "" 0.002819209129125497 0.0081193205 0.004495156 0.0126144765 327.66102548892 55.46791583196 2056.53833 -1.1510000000000002 -1.843
328.15206965715 55.01087040316 0.0306 0.0356 20.3833 "" "" 2174052045122647552 2429.0625 0.3931 0.0363 -1.7 -1.653 0.043 0.048 1.001 6987.3 3.1132 16.312273 1.966709 17.294428 15.327719 "" "" 2256.53564 2633.82568 5623.90422 2.6793 1650.6 8.8398 5862.3 8.9012 "" "" 0.002803452496895076 0.0064494503 0.004123285 0.010572735 328.15206965715 55.01087040316 2429.0625 -1.7000000000000002 -1.653
328.24712610486 55.10646516231 0.0313 0.0322 19.9663 "" "" 2174054656462871296 1988.91541 0.4831 0.0369 -1.908 -5.307 0.041 0.041 1.037 7900.9 4.2554 16.312504 1.468834 16.981506 15.512672 "" "" 1823.27332 2161.63916 5622.70455 2.1589 2202.0 9.4503 4944.1 9.6725 "" "" 0.0027866788018618277 0.005431143 0.004335383 0.0097665265 328.24712610486 55.10646516231 1988.91541 -1.9079999999999995 -5.307
327.83671837174 55.16096836657 0.0345 0.034 6.3495 "" "" 2174064002311542656 2434.95776 0.4069 0.0385 -3.004 -2.797 0.046 0.044 1.064 7196.9 3.7136 16.323149 1.42246 16.954624 15.532165 "" "" 2175.30078 2824.42896 5567.84591 2.4688 2257.2 6.2804 4856.2 9.4334 "" "" 0.0027970615696798888 0.004112311 0.004328049 0.00844036 327.83671837174 55.16096836657 2434.95776 -3.004 -2.797
327.39479188283 54.94283475398 0.0328 0.0329 20.9189 "" "" 2173969822272638720 1875.81262 0.5099 0.0373 -0.84 -2.775 0.042 0.042 0.997 6477.3 3.9842 16.32627 1.68786 17.119822 15.431962 "" "" 1747.17322 2009.21338 5551.86887 2.4105 1938.6 6.2622 5325.7 7.8897 "" "" 0.002795355090756408 0.0044817007 0.0041074133 0.008589114 327.39479188283 54.94283475398 1875.81262 -0.8399999999999999 -2.7749999999999995
327.61495854411 55.57394373779 0.0332 0.0324 20.3151 "" "" 2174843311233175552 1995.21277 0.4767 0.0381 -0.349 -2.066 0.047 0.04 1.005 7365.5 3.8723 16.326609 1.699725 17.119362 15.419637 "" "" 1845.5647 2180.6228 5550.13118 2.5634 1939.4 9.0589 5386.5 9.1202 "" "" 0.0028005808100675126 0.0057883225 0.0042027566 0.00999108 327.61495854411 55.57394373779 1995.21277 -0.34899999999999987 -2.066
328.06203276664 55.43385276186 0.0368 0.0316 16.6375 "" "" 2174077196451267584 1889.61035 0.488 0.0421 -5.29 -2.015 0.053 0.038 1.023 "" "" 16.328661 2.440075 17.653294 15.213219 "" "" 1771.45349 2042.63049 5539.65049 3.0282 1186.0 6.9503 6514.3 11.805 "" "" 0.002818517513606429 0.0069476124 0.0042608595 0.011208472 328.06203276664 55.43385276186 1889.61035 -5.290000000000001 -2.0150000000000006
327.75098691439 55.14521920345 0.0364 0.0358 5.8309 "" "" 2174063761793448192 2385.21411 0.3975 0.0391 -3.179 -2.819 0.046 0.048 1.082 9192.4 3.6257 16.330416 1.621193 17.078701 15.457508 "" "" 2203.93286 2588.5481 5530.70498 2.8464 2013.4 8.1795 5201.8 6.5662 "" "" 0.0028114094106997845 0.005219246 0.004020205 0.00923945 327.75098691439 55.14521920345 2385.21411 -3.1789999999999994 -2.819
327.20710633784 55.30622153975 0.0361 0.0339 17.7556 "" "" 2174740403819513216 2595.44678 0.3743 0.0419 -2.686 -2.948 0.049 0.042 1.08 "" "" 16.332249 1.761852 17.164577 15.402725 "" "" 2342.37207 2832.93359 5521.37104 4.0731 1860.3 8.0243 5471.0 14.149 "" "" 0.002869373039456663 0.0054514213 0.0047083003 0.010159722 327.20710633784 55.30622153975 2595.44678 -2.686 -2.948
327.80848031724 55.16693375522 0.0352 0.0341 5.4606 "" "" 2174064174110229888 2011.36694 0.4787 0.0386 -3.563 -2.951 0.046 0.043 0.999 6549.6 3.936 16.336287 1.566976 17.057627 15.490651 "" "" 1852.56653 2162.09253 5500.88157 2.3765 2052.9 8.119 5045.4 8.7773 "" "" 0.002794961202695778 0.0051208623 0.004225086 0.009345949 327.80848031724 55.16693375522 2011.36694 -3.5630000000000015 -2.951
327.56573796178 55.26824636009 0.0365 0.0351 5.3266 "" "" 2174819710395678848 2684.2019 0.3514 0.0398 -2.929 -2.91 0.048 0.043 0.985 9111.9 3.7022 16.337246 1.558852 17.054737 15.495885 "" "" 2422.65063 2945.13721 5496.01819 2.5263 2058.4 8.7938 5021.2 7.6663 "" "" 0.0028001535286854406 0.005412956 0.0041269427 0.0095398985 327.56573796178 55.26824636009 2684.2019 -2.9289999999999994 -2.9100000000000006
328.07850693879 55.21792008848 0.4206 0.3827 12.5629 "" "" 2174070942978818304 2218.87988 0.6912 0.4562 -0.277 -3.871 0.58 0.476 10.972 7093.9 2.7678 16.33926 2.588088 17.58971 15.001622 "" "" 1348.71838 5709.49805 5485.83868 36.611 1257.6 8.4306 7916.1 11.716 "" "" 0.007752095236261229 0.007794948 0.0041068112 0.011901759 328.07850693879 55.21792008848 2218.87988 -0.2769999999999999 -3.8709999999999996
328.15999306347 55.0446563888 0.0304 0.0331 19.2849 "" "" 2174052835396741120 2235.47705 0.421 0.0357 -4.082 -9.132 0.041 0.043 0.994 5288.9 3.6492 16.339493 1.693995 17.151735 15.457741 "" "" 2081.17456 2453.62769 5484.66349 2.2624 1882.4 8.0533 5200.7 11.339 "" "" 0.002791481558630251 0.0054185907 0.0044595315 0.009878122 328.15999306347 55.0446563888 2235.47705 -4.081999999999999 -9.132
327.90418581505 55.16129145488 0.0353 0.0369 8.061 "" "" 2174069087552828032 2532.72485 0.3753 0.0406 -2.614 -2.858 0.047 0.046 0.999 "" "" 16.341003 2.252171 17.508724 15.256554 "" "" 2282.95459 2841.52222 5477.03674 2.4862 1355.0 8.9383 6259.5 10.097 "" "" 0.0027990517100504107 0.007686392 0.0041654543 0.011851846 327.90418581505 55.16129145488 2532.72485 -2.614 -2.8580000000000005
327.39503445021 55.3849984444 0.0374 0.0368 13.9236 "" "" 2174834691241577088 2465.77637 0.3687 0.0409 -1.749 -4.475 0.053 0.045 1.043 "" "" 16.34371 1.927671 17.294807 15.367136 "" "" 2235.96851 2766.62915 5463.395 2.5706 1650.0 9.4762 5653.3 12.949 "" "" 0.0028022777369384605 0.006831332 0.004524202 0.011355534 327.39503445021 55.3849984444 2465.77637 -1.7489999999999994 -4.475
