Clusters/FSR_0336/FSR_0336_stars_in_region.tsv
# %ECSV 1.0
# ---
# datatype:
# - name: RA_ICRS_1
#   unit: deg
#   datatype: float64
#   format: '{:15.11f}'
#   description: Right ascension (ICRS) at Ep=2016.0 (ra)
#   meta: !!omap
#   - {ucd: POS_EQ_RA_MAIN}
#   - {width: 15}
#   - {precision: '11'}
# - name: DE_ICRS_1
#   unit: deg
#   datatype: float64
#   format: '{:15.11f}'
#   description: Declination (ICRS) at Ep=2016.0 (dec)
#   meta: !!omap
#   - {ucd: POS_EQ_DEC_MAIN}
#   - {width: 15}
#   - {precision: '11'}
# - name: e_RA_ICRS
#   unit: mas
#   datatype: float64
#   format: '{:7.4f}'
#   description: Standard error of right ascension (ra_error)
#   meta: !!omap
#   - {ucd: ERROR}
#   - {width: 7}
#   - {precision: '4'}
# - name: e_DE_ICRS
#   unit: mas
#   datatype: float64
#   format: '{:7.4f}'
#   description: Standard error of declination (dec_error)
#   meta: !!omap
#   - {ucd: ERROR}
#   - {width: 7}
#   - {precision: '4'}
# - name: _r_1
#   unit: ''
#   datatype: float64
#   format: '{:7.4f}'
#   description: Distance from center (327.71341115000+55.24000509000)[ICRS], at Epoch=J2016.0
#   meta: !!omap
#   - {ucd: POS_ANG_DIST_GENERAL}
#   - {width: 7}
#   - {precision: '4'}
# - name: HIP
#   datatype: int32
#   description: '? HIP cross-id number, van Leeuwen, Cat. I/311 (hip_original_ext_source_id)'
#   meta: !!omap
#   - {ucd: ID_NUMBER}
#   - {width: 6}
#   - values: {'null': -2147483648}
# - name: TYC2
#   datatype: string
#   description: Tycho-2 cross-id name, Hog et al., Cat. I/259 (tyc2_original_ext_source_id)
#   meta: !!omap
#   - {ucd: ID_CROSSID}
#   - {_votable_string_dtype: char}
# - name: Source
#   datatype: int64
#   description: Source identifier, identical to the Gaia-EDR3 source_id (id)
#   meta: !!omap
#   - {ucd: ID_MAIN}
#   - {width: 19}
# - name: rgeo
#   unit: pc
#   datatype: float64
#   format: '{:15.8f}'
#   description: '? Median of the geometric distance posterior (r_med_geo)'
#   meta: !!omap
#   - {ucd: PHYS_DISTANCE_TRUE}
#   - {width: 15}
#   - {precision: '8'}
#   - values: {'null': .nan}
# - name: Plx
#   unit: mas
#   datatype: float64
#   format: '{:9.4f}'
#   description: '? Parallax (parallax)'
#   meta: !!omap
#   - {ucd: POS_PARLX_TRIG}
#   - {width: 9}
#   - {precision: '4'}
#   - values: {'null': .nan}
# - name: e_Plx
#   unit: mas
#   datatype: float32
#   format: '{:7.4f}'
#   description: '? Standard error of parallax (parallax_error)'
#   meta: !!omap
#   - {ucd: ERROR}
#   - {width: 7}
#   - {precision: '4'}
#   - values: {'null': .nan}
# - name: pmRA
#   unit: mas / yr
#   datatype: float64
#   format: '{:9.3f}'
#   description: '? Proper motion in right ascension direction, pmRA*cosDE (pmra)'
#   meta: !!omap
#   - {ucd: POS_EQ_PMRA}
#   - {width: 9}
#   - {precision: '3'}
#   - values: {'null': .nan}
# - name: pmDE
#   unit: mas / yr
#   datatype: float64
#   format: '{:9.3f}'
#   description: '? Proper motion in declination direction (pmdec)'
#   meta: !!omap
#   - {ucd: POS_EQ_PMDEC}
#   - {width: 9}
#   - {precision: '3'}
#   - values: {'null': .nan}
# - name: e_pmRA
#   unit: mas / yr
#   datatype: float32
#   format: '{:6.3f}'
#   description: '? Standard error of proper motion in right ascension direction (pmra_error)'
#   meta: !!omap
#   - {ucd: ERROR}
#   - {width: 6}
#   - {precision: '3'}
#   - values: {'null': .nan}
# - name: e_pmDE
[...]
#         value: !astropy.table.SerializedColumn {name: SkyCoord.dec}
#       distance: !astropy.table.SerializedColumn
#         __class__: astropy.coordinates.distances.Distance
#         unit: !astropy.units.Unit {unit: pc}
#         value: !astropy.table.SerializedColumn {name: SkyCoord.distance}
#       frame: icrs
#       obstime: !astropy.time.Time {format: jyear_str, in_subfmt: '*', jd1: 367701545.0, jd2: 0.0, out_subfmt: '*', precision: 3, scale: tt}
#       pm_dec: !astropy.table.SerializedColumn
#         __class__: astropy.units.quantity.Quantity
#         unit: !astropy.units.Unit {unit: mas / yr}
#         value: !astropy.table.SerializedColumn {name: SkyCoord.pm_dec}
#       pm_ra_cosdec: !astropy.table.SerializedColumn
#         __class__: astropy.units.quantity.Quantity
#         unit: !astropy.units.Unit {unit: mas / yr}
#         value: !astropy.table.SerializedColumn {name: SkyCoord.pm_ra_cosdec}
#       ra: !astropy.table.SerializedColumn
#         __class__: astropy.coordinates.angles.Longitude
#         unit: *id001
#         value: !astropy.table.SerializedColumn {name: SkyCoord.ra}
#         wrap_angle: !astropy.coordinates.Angle
#           unit: *id001
#           value: 360.0
#       representation_type: spherical
# schema: astropy-2.0
RA_ICRS_1 DE_ICRS_1 e_RA_ICRS e_DE_ICRS _r_1 HIP TYC2 Source rgeo Plx e_Plx pmRA pmDE e_pmRA e_pmDE RUWE Teff logg Gmag BP-RP BPmag RPmag RV e_RV b_rgeo B_rgeo FG e_FG FBP e_FBP FRP e_FRP RAVE5 RAVE6 e_Gmag e_BPmag e_RPmag e_BP-RP SkyCoord.ra SkyCoord.dec SkyCoord.distance SkyCoord.pm_ra_cosdec SkyCoord.pm_dec rmRA rmDE e_rmRA e_rmDE rRV e_rRV v_pec v_pec3d e_vpec e_vpec3d
[from data line 365]
328.03992064019 55.39365714159 0.03 0.0251 14.466 "" "" 2174076234378597120 2679.15161 0.3267 0.0328 -0.473 5.482 0.044 0.031 0.95 6729.7 1.9704 15.730519 3.520228 17.89867 14.378442 -238.71 10.02 2485.09009 2946.79517 9610.34999 7.466 946.13 7.3367 14053.0 32.484 "" "" 0.0028815347059837804 0.0088695595 0.004536784 0.013406344 328.03992064019 55.39365714159 2679.15161 -0.47299999999999986 5.481999999999997 2.5762579936981203 8.380064613342284 0.121140204 0.1081402 -261.9225 10.774517 111.33536424920605 284.6031611538308 12.171599642378679 10.99982323712063
327.51102548799 55.28021474177 0.0276 0.0267 7.3283 "" "" 2174818576524304256 2401.6123 0.3847 0.0308 -3.029 -2.925 0.037 0.034 1.063 6868.5 2.7436 15.732079 1.523364 16.426353 14.902989 "" "" 2232.86938 2563.54541 9596.54188 3.3106 3671.8 8.9281 8668.9 10.687 "" "" 0.0027806620198764947 0.0038411797 0.0040094005 0.00785058 327.51102548799 55.28021474177 2401.6123 -3.029 -2.9249999999999994 0.020257993698120202 -0.026935386657714666 0.114140205 0.11114021 "" "" 0.38366444245704506 "" 0.04305993390641394 ""
327.59647351462 55.12048096347 0.0262 0.0244 8.2146 "" "" 2174065273621734784 2223.92773 0.4275 0.0291 -1.059 -2.361 0.033 0.032 1.027 9034.6 3.8149 15.732704 1.678535 16.520079 14.841543 "" "" 2083.84619 2382.41846 9591.02432 3.3806 3368.1 17.025 9173.6 13.087 "" "" 0.002781770134369073 0.0061566955 0.0040844623 0.010241158 327.59647351462 55.12048096347 2223.92773 -1.059000000000001 -2.3610000000000007 1.9902579936981202 0.537064613342285 0.110140204 0.1091402 "" "" 21.73057731213074 "" 2.391941511137291 ""
327.78110159154 55.18131329406 0.0283 0.0269 4.2155 "" "" 2174067129047723264 1965.87695 0.4762 0.03 -0.547 -0.998 0.039 0.037 1.062 4701.4 2.444 15.740714 2.40698 17.037754 14.630774 "" "" 1863.03882 2095.96826 9520.52822 3.7639 2090.8 5.6381 11139.0 9.8835 "" "" 0.0027885547053924397 0.004044402 0.0039002297 0.007944631 327.78110159154 55.18131329406 1965.87695 -0.547 -0.9979999999999998 2.50225799369812 1.9000646133422852 0.1161402 0.114140205 "" "" 29.277038263329526 "" 3.3789443059759985 ""
327.45182340087 55.50701108147 0.0266 0.0273 18.3355 "" "" 2174837921057068288 1982.5835 0.4784 0.0293 -3.488 -3.245 0.039 0.035 1.058 "" "" 15.747617 1.622024 16.49543 14.873405 "" "" 1886.37463 2091.44409 9460.19724 3.3517 3445.4 7.6966 8908.3 10.715 "" "" 0.0027820426043228133 0.0036969741 0.003998649 0.0076956227 327.45182340087 55.50701108147 1982.5835 -3.4879999999999995 -3.245 -0.43874200630187987 -0.34693538665771495 0.1161402 0.11214021 "" "" 5.256346117007727 "" 0.6024709982615969 ""
327.92584208038 55.09912731795 0.0265 0.0292 11.1554 "" "" 2174051117409676160 2337.55347 0.4069 0.0315 -3.069 -2.833 0.034 0.036 1.099 8988.1 3.4418 15.747732 1.549828 16.454418 14.904591 "" "" 2186.96289 2556.72095 9459.18926 3.1961 3578.1 10.556 8656.1 14.302 "" "" 0.0027796348155768257 0.0042479327 0.004183517 0.0084314495 327.92584208038 55.09912731795 2337.55347 -3.068999999999999 -2.833 -0.019742006301879833 0.06506461334228497 0.11114021 0.1131402 "" "" 0.7533710400899638 "" 0.085110558940477 ""
327.41709613932 54.98878713646 0.0238 0.0246 18.1822 "" "" 2173970234589622528 2371.14307 0.3877 0.0274 -2.594 -2.116 0.031 0.032 1.0 "" "" 15.750725 1.642893 16.519783 14.87689 "" "" 2234.54175 2522.00366 9433.15543 3.6453 3369.0 8.9383 8879.8 15.465 "" "" 0.002787081856409768 0.004010327 0.004226023 0.0082363505 327.41709613932 54.98878713646 2371.14307 -2.594 -2.1159999999999983 0.45525799369812026 0.782064613342285 0.1081402 0.1091402 "" "" 10.170622439096784 "" 1.1074584295919905 ""
327.74452877676 55.47487508672 0.03 0.0263 14.1321 "" "" 2174830220172609024 2015.33997 0.4708 0.033 -5.881 -4.696 0.042 0.034 1.072 9510.8 4.0709 15.751992 1.684595 16.53091 14.846315 "" "" 1890.60425 2190.97046 9422.14376 3.6244 3334.7 9.7998 9133.4 34.247 "" "" 0.002786793763788573 0.00423858 0.005554978 0.009793557 327.74452877676 55.47487508672 2015.33997 -5.8809999999999985 -4.695999999999999 -2.83174200630188 -1.7979353866577146 0.11914021 0.11114021 "" "" 32.042668522307395 "" 3.7457183488721033 ""
328.13471961613 54.98763277294 0.026 0.0288 20.9361 "" "" 2174051598446051968 2118.11963 0.4464 0.0288 -0.406 -1.435 0.037 0.038 1.09 6715.9 3.8367 15.758202 1.789907 16.624817 14.834909 "" "" 2014.67383 2229.54761 9368.41116 3.1236 3058.4 6.7177 9229.8 11.117 "" "" 0.002778999196607022 0.0036704612 0.003999237 0.0076696984 328.13471961613 54.98763277294 2118.11963 -0.4060000000000001 -1.435 2.64325799369812 1.463064613342285 0.114140205 0.1151402 "" "" 30.332043899500974 "" 3.469242971112805 ""
327.95771092439 55.29666267409 0.0287 0.0257 9.0165 "" "" 2174073897916292736 1939.81067 0.4916 0.0323 -4.871 -0.34 0.04 0.032 1.1 5307.0 2.8903 15.759054 2.022145 16.773933 14.751788 "" "" 1849.375 2053.38281 9361.06445 3.5046 2665.9 10.256 9964.2 15.45 "" "" 0.002785141670893481 0.005023136 0.004137374 0.009160509 327.95771092439 55.29666267409 1939.81067 -4.871000000000005 -0.3400000000000016 -1.8217420063018803 2.5580646133422853 0.1171402 0.1091402 "" "" 28.87552171186776 "" 3.2310582218712076 ""
327.68701523575 55.21007553175 0.0285 0.0271 2.0102 "" "" 2174067884961951232 2650.03271 0.3564 0.031 -3.097 -2.549 0.038 0.037 1.099 "" "" 15.7627 1.405079 16.388136 14.983057 "" "" 2398.17212 2874.78369 9329.67682 2.9456 3803.3 7.833 8052.6 13.878 "" "" 0.002776561937066404 0.0035756407 0.0042172307 0.0077928714 327.68701523575 55.21007553175 2650.03271 -3.0970000000000013 -2.5489999999999986 -0.04774200630187986 0.3490646133422852 0.1151402 0.114140205 "" "" 4.425475214958284 "" 0.5052062620270699 ""
327.5294389359 54.96960519527 0.0244 0.0242 17.4096 "" "" 2173967245292393728 2161.80542 0.4383 0.0276 -2.445 -2.443 0.031 0.03 1.058 8595.1 4.1363 15.762722 1.223113 16.289331 15.066218 "" "" 2027.06665 2293.04541 9329.48758 2.8038 4165.7 9.3061 7458.8 10.667 "" "" 0.0027745737266787916 0.003697049 0.004085917 0.007782966 327.5294389359 54.96960519527 2161.80542 -2.4450000000000003 -2.4429999999999996 0.6042579936981203 0.4550646133422851 0.1081402 0.107140206 "" "" 7.751276756724357 "" 0.8354277476022369 ""
327.24230506024 55.39843480812 0.0263 0.0248 18.6827 "" "" 2174835515875194112 2055.77563 0.4564 0.0289 -3.776 -4.548 0.037 0.031 1.068 5201.5 3.5892 15.767483 2.026792 16.790636 14.763844 "" "" 1931.06702 2197.6875 9288.6755 3.0707 2625.2 6.5051 9854.2 10.387 "" "" 0.0027786001928073265 0.003875986 0.003948857 0.007824843 327.24230506024 55.39843480812 2055.77563 -3.775999999999997 -4.547999999999998 -0.7267420063018797 -1.6499353866577149 0.114140205 0.1081402 "" "" 17.568115595823986 "" 1.9173414301466989 ""
327.7993133575 55.29373402341 0.0282 0.0265 4.3607 "" "" 2174074550751305472 2571.26709 0.3725 0.0308 -2.682 -2.668 0.04 0.037 0.991 7220.0 2.9954 15.771881 1.737587 16.599094 14.861507 "" "" 2373.53223 2871.15405 9251.11606 3.5346 3131.7 16.144 9006.5 12.658 "" "" 0.0027863728345288072 0.006253915 0.004075804 0.010329719 327.7993133575 55.29373402341 2571.26709 -2.681999999999999 -2.668 0.3672579936981202 0.230064613342285 0.1171402 0.114140205 "" "" 5.281809849786646 "" 0.614287952342238 ""
327.94806295861 55.16810787344 0.0268 0.0266 9.1192 "" "" 2174069156272419712 2472.89136 0.3803 0.0297 -1.085 -1.642 0.036 0.033 1.015 8745.4 3.6352 15.780661 1.475572 16.45166 14.976089 "" "" 2292.32349 2679.92065 9176.61323 3.0258 3587.2 9.7362 8104.4 7.8211 "" "" 0.0027784803124222507 0.004058199 0.0039219353 0.007980134 327.94806295861 55.16810787344 2472.89136 -1.085 -1.642 1.9642579936981202 1.2560646133422853 0.1131402 0.110140204 "" "" 27.328979421647244 "" 3.068436777140518 ""
327.73463787542 55.57339042786 0.0275 0.0272 20.0162 "" "" 2174831770663995904 2620.85938 0.3507 0.0303 -2.593 -2.646 0.039 0.035 0.986 "" "" 15.784621 2.079334 16.837252 14.757917 "" "" 2432.87378 2813.40747 9143.20405 4.2415 2514.9 7.9736 9908.1 13.84 "" "" 0.002800976974181759 0.0044311383 0.00407232 0.008503458 327.73463787542 55.57339042786 2620.85938 -2.593 -2.646 0.45625799369812015 0.25206461334228525 0.1161402 0.11214021 "" "" 6.475498622723934 "" 0.7460893248108175 ""
327.75913914631 55.29173250888 0.0301 0.0284 3.4751 "" "" 2174068709595778560 2087.89282 0.4608 0.0331 -0.293 -0.688 0.044 0.038 1.13 9037.5 3.7199 15.794149 1.878353 16.714773 14.83642 "" "" 1957.89209 2238.69019 9063.31196 3.7802 2815.2 10.324 9217.0 10.802 "" "" 0.002792285882316804 0.0048619527 0.0039878367 0.008849789 327.75913914631 55.29173250888 2087.89282 -0.29300000000000004 -0.688 2.75625799369812 2.2100646133422854 0.121140204 0.1151402 "" "" 34.963686231032696 "" 4.1546746854544425 ""
327.91866124003 55.31396950116 0.0287 0.0256 8.3007 "" "" 2174074069714978048 2210.73145 0.425 0.032 -2.916 -2.821 0.038 0.033 1.007 9225.4 4.0803 15.794183 1.454476 16.447126 14.99265 "" "" 2084.6521 2359.15161 9063.03389 3.704 3602.2 10.288 7981.8 12.352 "" "" 0.0027908221630219866 0.0041714045 0.004136036 0.00830744 327.91866124003 55.31396950116 2210.73145 -2.9159999999999995 -2.821 0.1332579936981202 0.07706461334228498 0.1151402 0.110140204 "" "" 1.6130869788691524 "" 0.18374301393168982 ""
327.28188301452 55.4990628842 0.027 0.0266 21.4031 "" "" 2174839364165965568 2156.9165 0.4386 0.0291 -3.357 -3.428 0.036 0.035 1.075 7961.6 3.9561 15.796618 1.368885 16.402035 15.03315 "" "" 2031.15845 2316.10962 9042.72332 2.9013 3754.9 8.6268 7689.5 11.371 "" "" 0.0027772537120354848 0.00374264 0.0041062795 0.007848919 327.28188301452 55.4990628842 2156.9165 -3.357 -3.428 -0.3077420063018801 -0.5299353866577148 0.1131402 0.11214021 "" "" 6.26524187622021 "" 0.7041707851228657 ""
327.47141690452 55.22994091957 0.0266 0.0254 8.3013 "" "" 2174818129847612416 2571.71606 0.3691 0.0297 -2.825 -2.505 0.035 0.031 0.914 "" "" 15.798669 1.294105 16.360317 15.066213 "" "" 2397.18237 2836.09351 9025.6623 2.9247 3902.0 11.659 7458.9 8.3742 "" "" 0.002777691513487585 0.0042789523 0.0039710975 0.00825005 327.47141690452 55.22994091957 2571.71606 -2.825 -2.505 0.22425799369811994 0.39306461334228526 0.11214021 0.1081402 "" "" 5.516419137111901 "" 0.6020403810440038 ""
327.57563799441 55.1810357994 0.0273 0.0256 5.8961 "" "" 2174066476212564352 2412.56396 0.3957 0.0292 -2.969 -2.966 0.036 0.033 0.962 7519.8 3.2959 15.798824 1.449134 16.449547 15.000413 "" "" 2253.81958 2577.73853 9024.37563 3.1124 3594.2 9.0043 7924.9 10.528 "" "" 0.0027806488156118733 0.003896608 0.0040452634 0.007941872 327.57563799441 55.1810357994 2412.56396 -2.9689999999999994 -2.966 0.08025799369812026 -0.06793538665771504 0.1131402 0.110140204 "" "" 1.2024505807784556 "" 0.13455148715081686 ""
327.72718017883 55.09658131219 0.0256 0.0247 8.6184 "" "" 2174063555634836736 2163.65259 0.4471 0.0284 -3.177 -3.408 0.032 0.031 0.982 7620.2 3.7007 15.80738 1.693085 16.608566 14.915482 "" "" 2010.84961 2260.1416 8953.54197 3.0281 3104.5 10.056 8569.7 10.157 "" "" 0.0027796804412535173 0.0044892663 0.0039924528 0.008481719 327.72718017883 55.09658131219 2163.65259 -3.177000000000002 -3.407999999999996 -0.12774200630187993 -0.5099353866577148 0.1091402 0.1081402 "" "" 5.391346812770262 "" 0.5833410573951084 ""
327.45350807333 55.21080556655 0.0281 0.0255 9.065 "" "" 2174817751890491648 2687.05908 0.3535 0.0301 -1.376 -1.525 0.034 0.031 0.986 8807.0 4.1252 15.813887 1.579197 16.544493 14.965296 "" "" 2469.677 2919.41528 8900.03903 2.9405 3293.2 9.4442 8185.4 9.2975 "" "" 0.00277857305949489 0.004180901 0.0039755036 0.008156405 327.45350807333 55.21080556655 2687.05908 -1.376 -1.525 1.6732579936981202 1.3730646133422852 0.11114021 0.1081402 "" "" 27.56861391611527 "" 3.0309715073623527 ""
328.16418919243 55.35690859098 0.031 0.0256 16.92 "" "" 2174072832764516224 1908.70239 0.5083 0.0337 -1.82 -1.598 0.041 0.034 1.023 7921.5 3.5605 15.826028 1.497386 16.510214 15.012828 "" "" 1796.74036 2040.10925 8801.07252 3.1269 3398.8 12.007 7834.8 12.042 "" "" 0.0027821916249934713 0.004743086 0.004131404 0.008874491 328.16418919243 55.35690859098 1908.70239 -1.82 -1.598 1.22925799369812 1.300064613342285 0.118140206 0.11114021 "" "" 16.187355119568224 "" 1.8534155607643974 ""
328.14101614198 55.44101055779 0.0378 0.0325 18.9298 "" "" 2174099835214956416 2166.61987 0.4409 0.0425 -6.96 -3.355 0.056 0.04 1.296 6705.0 3.8534 15.833431 1.912366 16.741346 14.82898 "" "" 1964.17346 2324.83057 8741.26101 4.602 2747.1 10.654 9280.4 47.259 "" "" 0.0028139870198374117 0.0050513083 0.0066972333 0.011748541 328.14101614198 55.44101055779 2166.61987 -6.959999999999998 -3.355000000000004 -3.91074200630188 -0.4569353866577148 0.1331402 0.1171402 "" "" 40.435669353480236 "" 5.375417294495315 ""
328.16836683472 55.48349453005 0.0332 0.028 21.3111 "" "" 2174100801591867392 2322.9209 0.4099 0.0372 -2.924 -2.813 0.05 0.034 1.119 8993.1 3.5485 15.835551 1.808168 16.707592 14.899424 "" "" 2165.05005 2510.34937 8724.21113 3.1615 2833.9 7.4265 8697.4 10.677 "" "" 0.002783270298858752 0.0039850506 0.004007523 0.007992573 328.16836683472 55.48349453005 2322.9209 -2.924 -2.813 0.12525799369812018 0.08506461334228499 0.12714021 0.11114021 "" "" 1.6671423248602775 "" 0.2039188226604135 ""
327.8731040513 55.48809181528 0.0305 0.0277 15.8501 "" "" 2174828811423359744 2379.18359 0.3759 0.0342 -1.178 -0.717 0.048 0.037 1.04 "" "" 15.835702 2.97274 17.564026 14.591286 -35.94 7.49 2201.60938 2645.05615 8723.00378 4.1084 1287.7 6.7615 11552.0 12.123 "" "" 0.0028023710454012124 0.00634718 0.0039474 0.01029458 327.8731040513 55.48809181528 2379.18359 -1.1779999999999997 -0.7170000000000003 1.8712579936981202 2.181064613342285 0.1251402 0.114140205 -59.152499999999996 8.244516 32.40864027229718 67.44878220212105 3.854308623272432 7.463840225498072
328.29529334172 55.31857311623 0.0297 0.0257 20.4366 "" "" 2174083518643498240 2336.80957 0.3857 0.0331 -3.774 -4.66 0.04 0.032 0.989 15007.7 3.6995 15.836301 2.946922 17.541359 14.594437 "" "" 2190.14722 2495.61206 8718.18776 4.2752 1314.8 6.5245 11518.0 14.575 "" "" 0.0028062894767964864 0.006067411 0.0040213596 0.010088771 328.29529334172 55.31857311623 2336.80957 -3.7740000000000005 -4.66 -0.7247420063018799 -1.761935386657715 0.1171402 0.1091402 "" "" 21.10255654281812 "" 2.328325024618554 ""
327.71590253648 55.55155059926 0.0266 0.0272 18.6929 "" "" 2174831667584782592 2076.6748 0.4747 0.0306 -3.662 -3.153 0.038 0.035 1.098 8312.1 4.2039 15.840118 1.396267 16.46594 15.069674 "" "" 1922.03003 2201.82349 8687.59488 2.6624 3540.3 9.3824 7435.1 13.142 "" "" 0.002775338133166512 0.004008042 0.004238714 0.008246756 327.71590253648 55.55155059926 2076.6748 -3.6620000000000017 -3.152999999999996 -0.6127420063018798 -0.25493538665771487 0.1151402 0.11214021 "" "" 6.532698076201689 "" 0.749316512182628 ""
327.8935104661 55.06070473739 0.0247 0.0272 12.4041 "" "" 2174050911251250048 2433.95459 0.3655 0.0288 -7.541 -4.467 0.033 0.034 0.977 "" "" 15.848785 2.906555 17.526314 14.619759 "" "" 2266.44556 2615.80444 8618.51853 3.912 1333.2 5.642 11253.0 9.9013 "" "" 0.002799046876405248 0.0053755743 0.0038982509 0.009273825 327.8935104661 55.06070473739 2433.95459 -7.541000000000001 -4.4670000000000005 -4.49174200630188 -1.5689353866577145 0.110140204 0.11114021 "" "" 54.89125614483897 "" 6.051727132800017 ""
327.20049418774 55.22032830156 0.027 0.025 17.59 "" "" 2174727798100111872 2240.51562 0.4196 0.0308 -3.436 -1.308 0.037 0.031 0.973 7197.0 3.2822 15.852635 1.512614 16.547434 15.03482 "" "" 2124.55029 2365.03174 8588.01172 3.1058 3284.3 8.9407 7677.7 12.276 "" "" 0.002783157040742443 0.004064593 0.0041590175 0.00822361 327.20049418774 55.22032830156 2240.51562 -3.436 -1.3080000000000018 -0.3867420063018798 1.590064613342285 0.114140205 0.1081402 "" "" 17.378866865678347 "" 1.8853302681049509 ""
