Clusters/FSR_0336/FSR_0336_stars_in_region.tsv
# %ECSV 1.0
# ---
# datatype:
# - name: RA_ICRS_1
#   unit: deg
#   datatype: float64
#   format: '{:15.11f}'
#   description: Right ascension (ICRS) at Ep=2016.0 (ra)
#   meta: !!omap
#   - {ucd: POS_EQ_RA_MAIN}
#   - {width: 15}
#   - {precision: '11'}
# - name: DE_ICRS_1
#   unit: deg
#   datatype: float64
#   format: '{:15.11f}'
#   description: Declination (ICRS) at Ep=2016.0 (dec)
#   meta: !!omap
#   - {ucd: POS_EQ_DEC_MAIN}
#   - {width: 15}
#   - {precision: '11'}
# - name: e_RA_ICRS
#   unit: mas
#   datatype: float64
#   format: '{:7.4f}'
#   description: Standard error of right ascension (ra_error)
#   meta: !!omap
#   - {ucd: ERROR}
#   - {width: 7}
#   - {precision: '4'}
# - name: e_DE_ICRS
#   unit: mas
#   datatype: float64
#   format: '{:7.4f}'
#   description: Standard error of declination (dec_error)
#   meta: !!omap
#   - {ucd: ERROR}
#   - {width: 7}
#   - {precision: '4'}
# - name: _r_1
#   unit: ''
#   datatype: float64
#   format: '{:7.4f}'
#   description: Distance from center (327.71341115000+55.24000509000)[ICRS], at Epoch=J2016.0
#   meta: !!omap
#   - {ucd: POS_ANG_DIST_GENERAL}
#   - {width: 7}
#   - {precision: '4'}
# - name: HIP
#   datatype: int32
#   description: '? HIP cross-id number, van Leeuwen, Cat. I/311 (hip_original_ext_source_id)'
#   meta: !!omap
#   - {ucd: ID_NUMBER}
#   - {width: 6}
#   - values: {'null': -2147483648}
# - name: TYC2
#   datatype: string
#   description: Tycho-2 cross-id name, Hog et al., Cat. I/259 (tyc2_original_ext_source_id)
#   meta: !!omap
#   - {ucd: ID_CROSSID}
#   - {_votable_string_dtype: char}
# - name: Source
#   datatype: int64
#   description: Source identifier, identical to the Gaia-EDR3 source_id (id)
#   meta: !!omap
#   - {ucd: ID_MAIN}
#   - {width: 19}
# - name: rgeo
#   unit: pc
#   datatype: float64
#   format: '{:15.8f}'
#   description: '? Median of the geometric distance posterior (r_med_geo)'
#   meta: !!omap
#   - {ucd: PHYS_DISTANCE_TRUE}
#   - {width: 15}
#   - {precision: '8'}
#   - values: {'null': .nan}
# - name: Plx
#   unit: mas
#   datatype: float64
#   format: '{:9.4f}'
#   description: '? Parallax (parallax)'
#   meta: !!omap
#   - {ucd: POS_PARLX_TRIG}
#   - {width: 9}
#   - {precision: '4'}
#   - values: {'null': .nan}
# - name: e_Plx
#   unit: mas
#   datatype: float32
#   format: '{:7.4f}'
#   description: '? Standard error of parallax (parallax_error)'
#   meta: !!omap
#   - {ucd: ERROR}
#   - {width: 7}
#   - {precision: '4'}
#   - values: {'null': .nan}
# - name: pmRA
#   unit: mas / yr
#   datatype: float64
#   format: '{:9.3f}'
#   description: '? Proper motion in right ascension direction, pmRA*cosDE (pmra)'
#   meta: !!omap
#   - {ucd: POS_EQ_PMRA}
#   - {width: 9}
#   - {precision: '3'}
#   - values: {'null': .nan}
# - name: pmDE
#   unit: mas / yr
#   datatype: float64
#   format: '{:9.3f}'
#   description: '? Proper motion in declination direction (pmdec)'
#   meta: !!omap
#   - {ucd: POS_EQ_PMDEC}
#   - {width: 9}
#   - {precision: '3'}
#   - values: {'null': .nan}
# - name: e_pmRA
#   unit: mas / yr
#   datatype: float32
#   format: '{:6.3f}'
#   description: '? Standard error of proper motion in right ascension direction (pmra_error)'
#   meta: !!omap
#   - {ucd: ERROR}
#   - {width: 6}
#   - {precision: '3'}
#   - values: {'null': .nan}
# - name: e_pmDE
[...]
#         value: !astropy.table.SerializedColumn {name: SkyCoord.dec}
#       distance: !astropy.table.SerializedColumn
#         __class__: astropy.coordinates.distances.Distance
#         unit: !astropy.units.Unit {unit: pc}
#         value: !astropy.table.SerializedColumn {name: SkyCoord.distance}
#       frame: icrs
#       obstime: !astropy.time.Time {format: jyear_str, in_subfmt: '*', jd1: 367701545.0, jd2: 0.0, out_subfmt: '*', precision: 3, scale: tt}
#       pm_dec: !astropy.table.SerializedColumn
#         __class__: astropy.units.quantity.Quantity
#         unit: !astropy.units.Unit {unit: mas / yr}
#         value: !astropy.table.SerializedColumn {name: SkyCoord.pm_dec}
#       pm_ra_cosdec: !astropy.table.SerializedColumn
#         __class__: astropy.units.quantity.Quantity
#         unit: !astropy.units.Unit {unit: mas / yr}
#         value: !astropy.table.SerializedColumn {name: SkyCoord.pm_ra_cosdec}
#       ra: !astropy.table.SerializedColumn
#         __class__: astropy.coordinates.angles.Longitude
#         unit: *id001
#         value: !astropy.table.SerializedColumn {name: SkyCoord.ra}
#         wrap_angle: !astropy.coordinates.Angle
#           unit: *id001
#           value: 360.0
#       representation_type: spherical
# schema: astropy-2.0
RA_ICRS_1 DE_ICRS_1 e_RA_ICRS e_DE_ICRS _r_1 HIP TYC2 Source rgeo Plx e_Plx pmRA pmDE e_pmRA e_pmDE RUWE Teff logg Gmag BP-RP BPmag RPmag RV e_RV b_rgeo B_rgeo FG e_FG FBP e_FBP FRP e_FRP RAVE5 RAVE6 e_Gmag e_BPmag e_RPmag e_BP-RP SkyCoord.ra SkyCoord.dec SkyCoord.distance SkyCoord.pm_ra_cosdec SkyCoord.pm_dec rmRA rmDE e_rmRA e_rmDE rRV e_rRV v_pec v_pec3d e_vpec e_vpec3d
[from data line 271]
327.66660219362 55.17948084747 0.022 0.021 3.9693 "" "" 2174067678803525248 1943.4375 0.4976 0.0237 -1.047 -1.237 0.03 0.027 1.042 8651.9 3.7775 15.328428 1.4159 15.962255 14.546355 "" "" 1848.86072 2031.59985 13917.95726 5.1828 5630.1 12.334 12040.0 10.506 "" "" 0.002784825852538334 0.0036664074 0.0038963188 0.0075627263 327.66660219362 55.17948084747 1943.4375 -1.0470000000000006 -1.2370000000000017 2.0022579936981204 1.661064613342285 0.107140206 0.10414021 "" "" 23.965397502877504 "" 2.53859404982249 ""
327.09621347579 55.17355029263 0.0225 0.021 21.5038 "" "" 2174726183192289920 2209.69653 0.4235 0.0256 -0.662 -2.847 0.028 0.025 1.002 7812.6 3.0939 15.333609 1.775758 16.1867 14.410943 "" "" 2091.82983 2333.73584 13851.70225 4.251 4578.6 11.333 13639.0 13.919 "" "" 0.0027753946295977694 0.0038739264 0.0039384575 0.0078123836 327.09621347579 55.17355029263 2209.69653 -0.662000000000001 -2.847000000000001 2.38725799369812 0.05106461334228518 0.10514021 0.1021402 "" "" 25.009768125357585 "" 2.629498427776441 ""
327.3246878635 55.23285084784 0.0208 0.02 13.3057 "" "" 2174727248344392832 1999.13745 0.4663 0.0239 -2.903 -1.456 0.027 0.025 1.019 4880.2 2.8889 15.347281 2.062042 16.400312 14.33827 -26.9 4.05 1902.50793 2109.09131 13678.37969 4.4152 3760.9 8.2013 14583.0 12.114 "" "" 0.0027775191311078095 0.0036593382 0.0038855083 0.0075448463 327.3246878635 55.23285084784 1999.13745 -2.903 -1.456 0.1462579936981201 1.4420646133422852 0.10414021 0.1021402 -50.1125 4.8045163 13.734979080691444 51.960680390051 1.4031759576544942 4.648446590670318
327.3960749003 55.09454063413 0.0692 0.0579 13.9445 "" "" 2174722433675185024 2304.21802 0.4535 0.0696 -2.936 -2.544 0.098 0.074 3.129 "" "" 15.349234 1.277201 15.255833 13.978632 "" "" 1996.96179 2634.20874 13653.7919 14.347 10792.0 41.326 20310.0 52.865 "" "" 0.0029821719573916512 0.0050070877 0.004719151 0.009726239 327.3960749003 55.09454063413 2304.21802 -2.9359999999999995 -2.544 0.11325799369812017 0.3540646133422851 0.1751402 0.15114021 "" "" 4.060119737026226 "" 0.623334163067827 ""
327.65828514345 55.07307362988 0.0214 0.0204 10.1926 "" "" 2174062078166084480 2343.23218 0.3912 0.0235 -1.52 -3.055 0.027 0.025 1.044 7305.3 3.0483 15.350973 1.772786 16.204191 14.431405 "" "" 2242.23877 2484.38721 13631.93696 4.1596 4505.5 9.3221 13384.0 13.959 "" "" 0.0027751662095948405 0.0035821148 0.003945379 0.007527494 327.65828514345 55.07307362988 2343.23218 -1.52 -3.0550000000000006 1.52925799369812 -0.156935386657715 0.10414021 0.1021402 "" "" 17.07455130175631 "" 1.7777948065552016 ""
327.4070818708 55.52368269122 0.07 0.0864 19.9682 "" "" 2174837817977848064 1971.34265 0.5041 0.0761 -1.852 -1.75 0.097 0.107 3.559 6631.6 4.0207 15.354954 1.503254 16.026764 14.52351 "" "" 1663.57959 2314.06348 13582.0481 11.281 5305.3 8.7568 12296.0 10.632 "" "" 0.0028991411186418815 0.0033161172 0.003894237 0.0072103543 327.4070818708 55.52368269122 1971.34265 -1.8519999999999999 -1.75 1.19725799369812 1.1480646133422852 0.17414021 0.1841402 "" "" 15.49970975177001 "" 2.774452300723337 ""
327.59406520704 55.42656251112 0.0238 0.0232 11.9115 "" "" 2174824795637032448 2394.51904 0.388 0.0249 -2.763 -2.678 0.035 0.03 1.016 "" "" 15.359913 2.21022 16.50397 14.293749 "" "" 2259.17407 2520.48145 13520.14717 5.0135 3418.4 11.404 15194.0 12.492 "" "" 0.00278457963375458 0.0045721494 0.00388337 0.00845552 327.59406520704 55.42656251112 2394.51904 -2.763 -2.678 0.2862579936981202 0.22006461334228522 0.11214021 0.107140206 "" "" 4.0981601117936 "" 0.4520653849092152 ""
327.83848758057 55.17550157548 0.0221 0.0219 5.7719 "" "" 2174064242829708288 2168.89185 0.4337 0.0238 -0.139 -2.408 0.03 0.029 0.936 6993.8 3.7485 15.363066 1.595815 16.10576 14.509946 "" "" 2076.50366 2273.55444 13480.94951 4.2291 4933.0 9.5102 12450.0 12.784 "" "" 0.002776292779002881 0.003488033 0.0039403867 0.00742842 327.83848758057 55.17550157548 2168.89185 -0.13899999999999946 -2.408000000000002 2.91025799369812 0.49006461334228524 0.107140206 0.106140204 "" "" 30.340270962835508 "" 3.2498300673247167 ""
327.21051562735 55.20314369775 0.0235 0.0214 17.3527 "" "" 2174727523222207616 2346.64111 0.3995 0.0268 -3.326 -2.61 0.031 0.026 1.104 "" "" 15.365185 1.246064 15.9005 14.654436 "" "" 2223.8645 2475.34839 13454.65867 3.5338 5959.6 10.31 10899.0 11.652 "" "" 0.0027700374528621115 0.0033634913 0.003953614 0.0073171053 327.21051562735 55.20314369775 2346.64111 -3.3259999999999996 -2.6099999999999994 -0.27674200630187995 0.2880646133422853 0.1081402 0.103140205 "" "" 4.443212104826776 "" 0.4690679763168578 ""
327.76730304949 55.40788433092 0.024 0.021 10.2394 "" "" 2174826547983700608 2427.09814 0.373 0.0268 -4.083 0.843 0.036 0.028 1.107 "" "" 15.366783 2.732296 16.910675 14.178379 -19.34 4.41 2270.0481 2579.3894 13434.87006 5.1953 2350.4 8.7586 16897.0 14.077 "" "" 0.0027871256450047632 0.0049147243 0.0038861174 0.008800842 327.76730304949 55.40788433092 2427.09814 -4.082999999999996 0.8429999999999995 -1.03374200630188 3.741064613342285 0.1131402 0.10514021 -42.552499999999995 5.164516 44.65175445727657 61.680583917168924 4.720925582294744 4.937021512335846
327.6990976775 55.50834292287 0.0234 0.0221 16.1077 "" "" 2174831323987402880 2236.70068 0.4123 0.0264 -3.792 -4.831 0.033 0.028 1.029 "" "" 15.369251 2.494683 16.730497 14.235814 -39.55 7.44 2116.69458 2377.52759 13404.36608 6.7436 2774.7 8.4491 16026.0 18.518 "" "" 0.0028089408567992568 0.004326139 0.0039821677 0.008308306 327.6990976775 55.50834292287 2236.70068 -3.7919999999999994 -4.8309999999999995 -0.7427420063018797 -1.9329353866577152 0.110140204 0.10514021 -62.762499999999996 8.194516 21.95375350431757 66.49134303936367 2.322635457921827 7.772889229176887
327.7391615036 55.28680949521 0.0228 0.0218 2.943 "" "" 2174068709595658240 2399.44238 0.3946 0.025 -3.188 -2.873 0.032 0.03 1.003 "" "" 15.376923 1.479111 16.045681 14.56657 "" "" 2259.30933 2552.64844 13309.99473 4.891 5213.7 11.074 11818.0 13.76 "" "" 0.002784056259640769 0.0036198425 0.003985198 0.0076050404 327.7391615036 55.28680949521 2399.44238 -3.188 -2.873 -0.13874200630188005 0.025064613342284936 0.1091402 0.107140206 "" "" 1.6035053480203036 "" 0.17490644006016412 ""
327.7559974399 55.25244366449 0.0253 0.0233 1.6366 "" "" 2174068400358025344 2281.67285 0.4047 0.0274 -3.009 -3.01 0.034 0.03 0.973 "" "" 15.377213 1.449975 16.026415 14.57644 "" "" 2135.33032 2438.68408 13306.42454 4.0729 5307.0 11.147 11711.0 8.4998 "" "" 0.002775289385381952 0.003603582 0.0038606615 0.0074642436 327.7559974399 55.25244366449 2281.67285 -3.009000000000003 -3.0099999999999993 0.04025799369812022 -0.11193538665771463 0.11114021 0.107140206 "" "" 1.2865111984274318 "" 0.1384361805668745 ""
327.79519338962 55.39236991428 0.0241 0.0216 9.5588 "" "" 2174826101307105024 2591.37842 0.3653 0.0267 -3.088 -2.884 0.036 0.028 0.964 "" "" 15.378313 1.639592 16.143843 14.504251 "" "" 2407.37622 2739.1106 13292.95663 4.383 4763.0 13.373 12516.0 13.406 "" "" 0.002778479472244059 0.004132531 0.0039542583 0.008086789 327.79519338962 55.39236991428 2591.37842 -3.0880000000000005 -2.8840000000000003 -0.03874200630187996 0.01406461334228526 0.1131402 0.10514021 "" "" 0.5062613029729438 "" 0.05682174271215906 ""
327.94883863763 55.50580525903 0.0249 0.0219 17.854 "" "" 2174829056244763520 1968.70007 0.4697 0.0268 1.012 -2.703 0.034 0.027 0.93 5206.6 2.9775 15.383909 2.566104 16.794413 14.228309 -26.68 4.11 1871.82788 2053.88916 13224.61523 4.8083 2616.1 13.995 16137.0 13.999 "" "" 0.002783455520444388 0.006443635 0.003894981 0.010338616 327.94883863763 55.50580525903 1968.70007 1.0120000000000005 -2.7030000000000003 4.061257993698121 0.1950646133422853 0.11114021 0.10414021 -49.8925 4.8645163 37.94187996504725 62.680521787330825 4.2162762853535325 4.637521785606798
327.8176662575 55.35227771379 0.0262 0.0227 7.6198 "" "" 2174825379752607232 2637.75317 0.3479 0.0285 -1.217 -1.845 0.037 0.029 1.032 "" "" 15.384291 1.807739 16.258732 14.450993 "" "" 2449.97095 2858.34375 13219.96878 4.1547 4284.7 13.021 13145.0 14.302 "" "" 0.0027763681261129894 0.004321082 0.0039596967 0.008280778 327.8176662575 55.35227771379 2637.75317 -1.2170000000000005 -1.8450000000000004 1.83225799369812 1.0530646133422852 0.114140205 0.106140204 "" "" 26.4227136798977 "" 2.964814257341513 ""
327.63047797482 55.21911872001 0.0596 0.0563 3.1021 "" "" 2174068022400998400 2263.34473 0.444 0.0645 -3.368 -3.158 0.078 0.074 2.915 9234.4 3.378 15.385424 1.322939 15.948225 14.625286 "" "" 1969.53076 2588.83667 13206.18321 6.7418 5703.3 13.339 11196.0 13.214 "" "" 0.0028105171572664176 0.003772706 0.0039907135 0.0077634193 327.63047797482 55.21911872001 2263.34473 -3.368 -3.1579999999999995 -0.31874200630187977 -0.25993538665771476 0.1551402 0.15114021 "" "" 4.41246803989184 "" 0.6775567144461682 ""
328.30820083292 55.24629140853 0.0216 0.0203 20.3486 "" "" 2174082212973385344 2077.50928 0.4534 0.024 -2.049 -2.818 0.028 0.026 1.068 8864.2 4.23 15.387977 1.189744 15.90099 14.711246 "" "" 1990.20422 2191.20239 13175.16393 3.3988 5956.9 13.981 10343.0 17.671 "" "" 0.0027695195359494535 0.0037787077 0.004210068 0.007988775 328.30820083292 55.24629140853 2077.50928 -2.049 -2.818 1.0002579936981202 0.0800646133422851 0.10514021 0.103140205 "" "" 9.881438613759562 "" 1.0388118965855224 ""
327.67333151346 55.33969340232 0.0593 0.0478 6.136 "" "" 2174820397590534144 2098.93677 0.4647 0.0581 -2.825 -2.885 0.086 0.063 2.33 7475.5 2.3596 15.391659 1.737223 16.19867 14.461447 "" "" 1888.29578 2333.03711 13130.55969 9.6077 4528.4 14.922 13019.0 14.019 "" "" 0.0028675638856036183 0.004537085 0.0039560837 0.008493168 327.67333151346 55.33969340232 2098.93677 -2.8249999999999997 -2.8849999999999993 0.22425799369811994 0.01306461334228537 0.16314021 0.1401402 "" "" 2.2349167740759524 "" 0.36444314044077153 ""
328.31060024822 55.23867704384 0.0214 0.0207 20.4293 "" "" 2174082212973386880 2077.78784 0.4572 0.0241 -0.034 -1.666 0.029 0.028 0.977 7197.4 3.8012 15.394493 1.34163 15.987161 14.645531 "" "" 1965.16406 2193.35645 13096.3261 3.2197 5502.4 11.132 10989.0 10.057 "" "" 0.0027682194061512348 0.0035510527 0.003907822 0.007458875 328.31060024822 55.23867704384 2077.78784 -0.03400000000000025 -1.6659999999999975 3.0152579936981203 1.2320646133422852 0.106140204 0.10514021 "" "" 32.07985550128537 "" 3.4003911787222445 ""
327.66013499056 55.2673683969 0.0227 0.0223 2.4525 "" "" 2174818851402230272 2547.48291 0.3692 0.0247 -3.243 -2.774 0.032 0.03 0.978 "" "" 15.395556 1.406214 16.018538 14.612324 "" "" 2403.15259 2698.99927 13083.50973 3.4985 5345.7 11.647 11330.0 9.7094 "" "" 0.0027705734134411447 0.0036579936 0.003892228 0.007550222 327.66013499056 55.2673683969 2547.48291 -3.243 -2.774 -0.19374200630187977 0.12406461334228513 0.1091402 0.107140206 "" "" 2.778000599346651 "" 0.3015863607609551 ""
328.23893300443 55.18729773368 0.0209 0.0208 18.265 "" "" 2174058367314694272 2477.70508 0.3714 0.0238 1.146 -1.012 0.027 0.026 0.997 "" "" 15.401536 1.811005 16.279219 14.468214 "" "" 2348.74927 2637.80273 13011.64556 3.8294 4204.6 15.221 12938.0 14.021 "" "" 0.0027737869572963692 0.0048201163 0.003958303 0.008778419 328.23893300443 55.18729773368 2477.70508 1.146 -1.012 4.19525799369812 1.8860646133422851 0.10414021 0.103140205 "" "" 54.02059989603116 "" 5.616670192199961 ""
327.6958218885 55.28165912843 0.0243 0.0228 2.5706 "" "" 2174819194999615104 2227.84814 0.4243 0.0266 -3.163 -2.845 0.033 0.032 0.961 7504.4 3.4869 15.401706 1.395913 16.019836 14.623923 "" "" 2102.36011 2362.63013 13009.62053 4.0072 5339.3 11.931 11210.0 13.854 "" "" 0.002775541476898653 0.0036974626 0.0040105116 0.007707974 327.6958218885 55.28165912843 2227.84814 -3.1629999999999994 -2.8450000000000006 -0.1137420063018797 0.05306461334228496 0.110140204 0.1091402 "" "" 1.325399803654846 "" 0.14574377542009276 ""
327.74283110601 55.15506245303 0.0217 0.0216 5.1952 "" "" 2174066716730863872 2356.09766 0.3991 0.0236 -3.068 -2.872 0.027 0.027 1.036 9190.9 3.6201 15.403992 1.435187 16.045628 14.61044 "" "" 2234.75171 2474.92725 12982.25501 3.6369 5213.9 8.238 11350.0 9.1213 "" "" 0.0027720577496159362 0.0032753458 0.0038787953 0.007154141 327.74283110601 55.15506245303 2356.09766 -3.0680000000000014 -2.8720000000000026 -0.018742006301879943 0.02606461334228527 0.10414021 0.10414021 "" "" 0.3585274067774543 "" 0.037337118418443276 ""
327.41173668896 55.48599476328 0.0231 0.0226 17.9911 "" "" 2174837508740108672 2005.77527 0.4639 0.025 -2.648 -3.963 0.034 0.027 0.944 7197.3 3.9109 15.40613 1.653238 16.184027 14.530788 "" "" 1914.92712 2120.67236 12956.71492 3.8498 4589.9 11.15 12214.0 9.2717 "" "" 0.002774141616778309 0.0038394746 0.0038682052 0.0077076796 327.41173668896 55.48599476328 2005.77527 -2.6480000000000006 -3.9630000000000036 0.40125799369812 -1.064935386657715 0.11114021 0.10414021 "" "" 10.819607020012901 "" 1.1364466497464996 ""
327.71095697631 55.14862157006 0.0216 0.0219 5.4837 "" "" 2174066751090600576 2366.80591 0.3961 0.024 -3.084 -3.043 0.027 0.028 1.064 "" "" 15.411397 1.610667 16.157883 14.547215 "" "" 2249.46484 2552.54712 12894.01135 3.6793 4701.8 9.4554 12030.0 12.279 "" "" 0.002772683592389262 0.0035429413 0.003938509 0.00748145 327.71095697631 55.14862157006 2366.80591 -3.083999999999996 -3.043 -0.03474200630187996 -0.144935386657715 0.10414021 0.10514021 "" "" 1.6720423253511818 "" 0.1757084343954529 ""
327.66505826232 55.50288352028 0.0236 0.0221 15.8586 "" "" 2174830941727188864 2351.02808 0.3845 0.0267 -5.115 -5.684 0.034 0.028 1.047 "" "" 15.416989 2.715472 16.931416 14.215943 -67.26 3.43 2187.45435 2489.29272 12827.77026 4.9648 2306.0 10.142 16322.0 15.542 "" "" 0.002787180073632436 0.005530576 0.003918236 0.009448812 327.66505826232 55.50288352028 2351.02808 -5.115000000000004 -5.684000000000006 -2.06574200630188 -2.785935386657715 0.11114021 0.10514021 -90.4725 4.184516 38.64968639054707 98.38227235807088 4.147388151635404 4.178807441896606
327.4700225965 54.92694293013 0.0211 0.0219 20.5595 "" "" 2173966729896200704 2747.88477 0.3355 0.0239 -0.541 -1.509 0.028 0.028 1.064 "" "" 15.422136 1.639649 16.189484 14.549834 "" "" 2618.60547 2948.64258 12767.10116 3.7686 4566.9 10.194 12001.0 10.102 "" "" 0.0027738965542161045 0.0036957436 0.003888316 0.0075840596 327.4700225965 54.92694293013 2747.88477 -0.5409999999999999 -1.5089999999999997 2.50825799369812 1.3890646133422853 0.10514021 0.10514021 "" "" 37.345256746996135 "" 3.926488106932122 ""
328.2515728974 55.15224478602 0.0197 0.0209 19.1674 "" "" 2174055343657630208 2653.46509 0.3539 0.0234 -3.406 -3.586 0.027 0.027 1.071 9130.4 3.4283 15.42416 1.244847 15.959805 14.714958 "" "" 2501.23584 2866.03564 12743.32782 3.5862 5642.8 10.906 10308.0 9.7131 "" "" 0.0027722098552709577 0.0034911989 0.0039154068 0.0074066054 328.2515728974 55.15224478602 2653.46509 -3.405999999999999 -3.5859999999999985 -0.35674200630188 -0.6879353866577147 0.10414021 0.10414021 "" "" 9.746651588852234 "" 1.0150183156909176 ""
327.67832940789 55.29962684202 0.0237 0.0227 3.773 "" "" 2174819469877516288 2445.94653 0.3812 0.0255 -3.163 -2.974 0.034 0.03 1.027 "" "" 15.426153 1.39504 16.044912 14.649872 "" "" 2287.30151 2613.77588 12719.95655 4.0134 5217.4 15.428 10945.0 11.106 "" "" 0.0027765346338177945 0.0042535514 0.0039366847 0.008190236 327.67832940789 55.29962684202 2445.94653 -3.1630000000000003 -2.974000000000002 -0.1137420063018797 -0.07593538665771504 0.11114021 0.107140206 "" "" 1.5855717314364963 "" 0.17429008032448906 ""
