Clusters/FSR_0336/FSR_0336_members.tsv
# %ECSV 1.0
# ---
# datatype:
# - name: RA_ICRS_1
#   unit: deg
#   datatype: float64
#   format: '{:15.11f}'
#   description: Right ascension (ICRS) at Ep=2016.0 (ra)
#   meta: !!omap
#   - {ucd: POS_EQ_RA_MAIN}
#   - {width: 15}
#   - {precision: '11'}
# - name: DE_ICRS_1
#   unit: deg
#   datatype: float64
#   format: '{:15.11f}'
#   description: Declination (ICRS) at Ep=2016.0 (dec)
#   meta: !!omap
#   - {ucd: POS_EQ_DEC_MAIN}
#   - {width: 15}
#   - {precision: '11'}
# - name: e_RA_ICRS
#   unit: mas
#   datatype: float64
#   format: '{:7.4f}'
#   description: Standard error of right ascension (ra_error)
#   meta: !!omap
#   - {ucd: ERROR}
#   - {width: 7}
#   - {precision: '4'}
# - name: e_DE_ICRS
#   unit: mas
#   datatype: float64
#   format: '{:7.4f}'
#   description: Standard error of declination (dec_error)
#   meta: !!omap
#   - {ucd: ERROR}
#   - {width: 7}
#   - {precision: '4'}
# - name: _r_1
#   unit: ''
#   datatype: float64
#   format: '{:7.4f}'
#   description: Distance from center (327.71341115000+55.24000509000)[ICRS], at Epoch=J2016.0
#   meta: !!omap
#   - {ucd: POS_ANG_DIST_GENERAL}
#   - {width: 7}
#   - {precision: '4'}
# - name: HIP
#   datatype: int32
#   description: '? HIP cross-id number, van Leeuwen, Cat. I/311 (hip_original_ext_source_id)'
#   meta: !!omap
#   - {ucd: ID_NUMBER}
#   - {width: 6}
#   - values: {'null': -2147483648}
# - name: TYC2
#   datatype: string
#   description: Tycho-2 cross-id name, Hog et al., Cat. I/259 (tyc2_original_ext_source_id)
#   meta: !!omap
#   - {ucd: ID_CROSSID}
#   - {_votable_string_dtype: char}
# - name: Source
#   datatype: int64
#   description: Source identifier, identical to the Gaia-EDR3 source_id (id)
#   meta: !!omap
#   - {ucd: ID_MAIN}
#   - {width: 19}
# - name: rgeo
#   unit: pc
#   datatype: float64
#   format: '{:15.8f}'
#   description: '? Median of the geometric distance posterior (r_med_geo)'
#   meta: !!omap
#   - {ucd: PHYS_DISTANCE_TRUE}
#   - {width: 15}
#   - {precision: '8'}
#   - values: {'null': .nan}
# - name: Plx
#   unit: mas
#   datatype: float64
#   format: '{:9.4f}'
#   description: '? Parallax (parallax)'
#   meta: !!omap
#   - {ucd: POS_PARLX_TRIG}
#   - {width: 9}
#   - {precision: '4'}
#   - values: {'null': .nan}
# - name: e_Plx
#   unit: mas
#   datatype: float32
#   format: '{:7.4f}'
#   description: '? Standard error of parallax (parallax_error)'
#   meta: !!omap
#   - {ucd: ERROR}
#   - {width: 7}
#   - {precision: '4'}
#   - values: {'null': .nan}
# - name: pmRA
#   unit: mas / yr
#   datatype: float64
#   format: '{:9.3f}'
#   description: '? Proper motion in right ascension direction, pmRA*cosDE (pmra)'
#   meta: !!omap
#   - {ucd: POS_EQ_PMRA}
#   - {width: 9}
#   - {precision: '3'}
#   - values: {'null': .nan}
# - name: pmDE
#   unit: mas / yr
#   datatype: float64
#   format: '{:9.3f}'
#   description: '? Proper motion in declination direction (pmdec)'
#   meta: !!omap
#   - {ucd: POS_EQ_PMDEC}
#   - {width: 9}
#   - {precision: '3'}
#   - values: {'null': .nan}
# - name: e_pmRA
#   unit: mas / yr
#   datatype: float32
#   format: '{:6.3f}'
#   description: '? Standard error of proper motion in right ascension direction (pmra_error)'
#   meta: !!omap
#   - {ucd: ERROR}
#   - {width: 6}
#   - {precision: '3'}
#   - values: {'null': .nan}
# - name: e_pmDE
[...]
#         unit: &id001 !astropy.units.Unit {unit: deg}
#         value: !astropy.table.SerializedColumn {name: SkyCoord.dec}
#       distance: !astropy.table.SerializedColumn
#         __class__: astropy.coordinates.distances.Distance
#         unit: !astropy.units.Unit {unit: pc}
#         value: !astropy.table.SerializedColumn {name: SkyCoord.distance}
#       frame: icrs
#       obstime: !astropy.time.Time {format: jyear_str, in_subfmt: '*', jd1: 367701545.0, jd2: 0.0, out_subfmt: '*', precision: 3, scale: tt}
#       pm_dec: !astropy.table.SerializedColumn
#         __class__: astropy.units.quantity.Quantity
#         unit: !astropy.units.Unit {unit: mas / yr}
#         value: !astropy.table.SerializedColumn {name: SkyCoord.pm_dec}
#       pm_ra_cosdec: !astropy.table.SerializedColumn
#         __class__: astropy.units.quantity.Quantity
#         unit: !astropy.units.Unit {unit: mas / yr}
#         value: !astropy.table.SerializedColumn {name: SkyCoord.pm_ra_cosdec}
#       ra: !astropy.table.SerializedColumn
#         __class__: astropy.coordinates.angles.Longitude
#         unit: *id001
#         value: !astropy.table.SerializedColumn {name: SkyCoord.ra}
#         wrap_angle: !astropy.coordinates.Angle
#           unit: *id001
#           value: 360.0
#       representation_type: spherical
# schema: astropy-2.0
RA_ICRS_1 DE_ICRS_1 e_RA_ICRS e_DE_ICRS _r_1 HIP TYC2 Source rgeo Plx e_Plx pmRA pmDE e_pmRA e_pmDE RUWE Teff logg Gmag BP-RP BPmag RPmag RV e_RV b_rgeo B_rgeo FG e_FG FBP e_FBP FRP e_FRP RAVE5 RAVE6 e_Gmag e_BPmag e_RPmag e_BP-RP SkyCoord.ra SkyCoord.dec SkyCoord.distance SkyCoord.pm_ra_cosdec SkyCoord.pm_dec Pmemb
[from data line 41]
327.71095697631 55.14862157006 0.0216 0.0219 5.4837 "" "" 2174066751090600576 2366.80591 0.3961 0.024 -3.084 -3.043 0.027 0.028 1.064 "" "" 15.411397 1.610667 16.157883 14.547215 "" "" 2249.46484 2552.54712 12894.01135 3.6793 4701.8 9.4554 12030.0 12.279 "" "" 0.002772683592389262 0.0035429413 0.003938509 0.00748145 327.71095697631 55.14862157006 2366.80591 -3.0839999999999983 -3.043 0.9
327.67832940789 55.29962684202 0.0237 0.0227 3.773 "" "" 2174819469877516288 2445.94653 0.3812 0.0255 -3.163 -2.974 0.034 0.03 1.027 "" "" 15.426153 1.39504 16.044912 14.649872 "" "" 2287.30151 2613.77588 12719.95655 4.0134 5217.4 15.428 10945.0 11.106 "" "" 0.0027765346338177945 0.0042535514 0.0039366847 0.008190236 327.67832940789 55.29962684202 2445.94653 -3.1630000000000007 -2.9740000000000015 0.8
327.78580102114 55.16172361125 0.0221 0.0224 5.3108 "" "" 2174064139750489856 2272.28198 0.4179 0.025 -3.007 -2.914 0.029 0.028 1.046 "" "" 15.480255 1.369769 16.08109 14.711322 "" "" 2146.94995 2410.54443 12101.64993 3.59 5046.4 8.9574 10343.0 8.5649 "" "" 0.002774081812590088 0.003391034 0.0038848524 0.0072758864 327.78580102114 55.16172361125 2272.28198 -3.0069999999999997 -2.914 1.0
327.82842215801 55.17916519863 0.0241 0.0241 5.3692 "" "" 2174064277189444864 2663.47925 0.3498 0.0263 -2.948 -3.002 0.032 0.031 1.051 "" "" 15.488174 1.337365 16.075241 14.737876 "" "" 2508.8252 2838.50024 12013.71581 3.4419 5073.7 10.452 10093.0 10.604 "" "" 0.002772823143081836 0.0035759856 0.0039477763 0.007523762 327.82842215801 55.17916519863 2663.47925 -2.9479999999999995 -3.0019999999999984 0.8
327.68701523575 55.21007553175 0.0285 0.0271 2.0102 "" "" 2174067884961951232 2650.03271 0.3564 0.031 -3.097 -2.549 0.038 0.037 1.099 "" "" 15.7627 1.405079 16.388136 14.983057 "" "" 2398.17212 2874.78369 9329.67682 2.9456 3803.3 7.833 8052.6 13.878 "" "" 0.002776561937066404 0.0035756407 0.0042172307 0.0077928714 327.68701523575 55.21007553175 2650.03271 -3.097000000000001 -2.5489999999999995 0.8
327.91866124003 55.31396950116 0.0287 0.0256 8.3007 "" "" 2174074069714978048 2210.73145 0.425 0.032 -2.916 -2.821 0.038 0.033 1.007 9225.4 4.0803 15.794183 1.454476 16.447126 14.99265 "" "" 2084.6521 2359.15161 9063.03389 3.704 3602.2 10.288 7981.8 12.352 "" "" 0.0027908221630219866 0.0041714045 0.004136036 0.00830744 327.91866124003 55.31396950116 2210.73145 -2.9159999999999995 -2.821 0.8
327.57563799441 55.1810357994 0.0273 0.0256 5.8961 "" "" 2174066476212564352 2412.56396 0.3957 0.0292 -2.969 -2.966 0.036 0.033 0.962 7519.8 3.2959 15.798824 1.449134 16.449547 15.000413 "" "" 2253.81958 2577.73853 9024.37563 3.1124 3594.2 9.0043 7924.9 10.528 "" "" 0.0027806488156118733 0.003896608 0.0040452634 0.007941872 327.57563799441 55.1810357994 2412.56396 -2.9689999999999994 -2.966 0.9
327.99965169722 55.21901287037 0.0303 0.0282 9.8751 "" "" 2174069671668490496 2243.97559 0.4288 0.0328 -3.004 -2.85 0.038 0.035 1.087 9166.0 3.6074 15.873227 1.203726 16.387074 15.183348 "" "" 2082.46338 2397.5332 8426.66989 2.8403 3807.0 10.153 6696.1 7.1054 "" "" 0.0027795171284499933 0.0040211244 0.003951084 0.007972209 327.99965169722 55.21901287037 2243.97559 -3.0040000000000004 -2.8499999999999996 0.9
327.89124228189 55.28426811154 0.0296 0.0263 6.6347 "" "" 2174073966635765120 2369.25806 0.3956 0.0331 -3.062 -2.885 0.041 0.034 0.969 "" "" 15.883369 1.420047 16.513947 15.0939 "" "" 2230.88281 2623.18237 8348.31822 2.9368 3387.2 11.612 7271.1 11.771 "" "" 0.002781666878555819 0.004651799 0.004168109 0.008819908 327.89124228189 55.28426811154 2369.25806 -3.062 -2.8849999999999993 1.0
327.27750078016 55.28711818568 0.0296 0.0258 15.1687 "" "" 2174728416575487360 2342.49927 0.3981 0.0319 -3.016 -2.906 0.037 0.032 1.027 9148.0 3.6354 15.89567 1.299424 16.459244 15.15982 "" "" 2146.24146 2553.67749 8254.26947 2.9887 3562.2 11.197 6842.7 9.2085 "" "" 0.00278322380589112 0.0044081835 0.0040519866 0.00846017 327.27750078016 55.28711818568 2342.49927 -3.015999999999999 -2.9059999999999997 0.8
327.61309977121 55.27263980444 0.0292 0.0277 3.9496 "" "" 2174819091920393344 2309.3999 0.4084 0.0324 -2.979 -2.957 0.04 0.036 1.001 8597.3 3.3149 15.915898 1.580688 16.642632 15.061944 "" "" 2162.18408 2503.26245 8101.90771 2.8628 3008.6 9.5898 7488.3 9.4917 "" "" 0.002781900761672618 0.0044454234 0.0040221494 0.008467573 327.61309977121 55.27263980444 2309.3999 -2.979000000000001 -2.956999999999998 0.8
327.67116031634 55.24437833873 0.0292 0.0268 1.4689 "" "" 2174068159839845504 2660.97168 0.3526 0.032 -3.162 -2.879 0.04 0.036 1.058 9072.7 3.6113 15.922409 1.42189 16.555975 15.134085 "" "" 2398.88501 2871.2002 8053.46833 3.0915 3258.6 9.8405 7006.9 12.486 "" "" 0.002786664305641626 0.0043052705 0.0042458135 0.0085510835 327.67116031634 55.24437833873 2660.97168 -3.162 -2.879 0.8
327.4384151429 55.27552409566 0.0312 0.0292 9.6414 "" "" 2174821428382485504 2201.63721 0.426 0.0338 -3.076 -2.894 0.043 0.038 1.004 9031.3 3.6359 15.984497 1.610775 16.732473 15.121698 "" "" 2030.03174 2376.26172 7605.85339 3.1247 2769.7 7.1621 7087.3 10.26 "" "" 0.002791191690453126 0.0039582253 0.0040931907 0.008051416 327.4384151429 55.27552409566 2201.63721 -3.076 -2.8939999999999997 0.8
327.77616846152 55.19703846005 0.0294 0.0281 3.3556 "" "" 2174067197767197824 2445.25293 0.3845 0.0324 -3.068 -2.808 0.041 0.037 0.965 8482.7 3.2681 15.989068 1.394978 16.610687 15.215709 "" "" 2272.13086 2623.63306 7573.89825 2.4492 3098.4 10.668 6499.4 10.284 "" "" 0.002777599614509807 0.004664725 0.00415152 0.008816245 327.77616846152 55.19703846005 2445.25293 -3.0679999999999996 -2.807999999999999 1.0
327.46671796365 55.16668616132 0.0295 0.0281 9.5237 "" "" 2174816824177566080 2731.97217 0.3439 0.033 -2.882 -2.94 0.041 0.035 0.979 9173.2 3.7964 16.010487 1.243153 16.550936 15.307783 "" "" 2481.40576 2986.2019 7425.95382 2.9309 3273.7 8.4063 5971.0 8.8173 "" "" 0.002788444094304298 0.003944351 0.004105396 0.008049747 327.46671796365 55.16668616132 2731.97217 -2.8820000000000006 -2.939999999999999 0.8
327.68224070411 55.3180284004 0.0354 0.0326 4.8011 "" "" 2174819641676204288 2333.58813 0.4139 0.0377 -3.071 -2.933 0.05 0.043 1.082 6899.5 2.7939 16.109343 1.61805 16.860939 15.242889 "" "" 2148.33594 2566.91309 6779.68746 2.8379 2460.6 9.5699 6338.7 8.6729 "" "" 0.002792550547394705 0.0050612525 0.0040608617 0.009122115 327.68224070411 55.3180284004 2333.58813 -3.0710000000000015 -2.9330000000000007 0.9
327.95636198223 55.14413979334 0.0357 0.0355 10.1155 "" "" 2174068877089158400 2315.32471 0.4192 0.0391 -3.022 -2.968 0.048 0.045 1.152 "" "" 16.12703 1.371176 16.717966 15.34679 "" "" 2107.83301 2570.10254 6670.13791 3.1209 2806.9 9.3525 5760.3 15.894 "" "" 0.0028017601781581063 0.0045686266 0.0048227096 0.009391336 327.95636198223 55.14413979334 2315.32471 -3.022 -2.968 0.8
327.69091037634 55.23675739801 0.0334 0.0319 0.794 "" "" 2174068469077494912 2552.39258 0.3602 0.036 -3.15 -2.918 0.046 0.043 0.912 8404.7 3.0006 16.16094 1.585008 16.882732 15.297725 "" "" 2360.479 2817.375 6465.03392 2.6361 2411.7 7.1883 6026.5 11.603 "" "" 0.002790659060188382 0.004272897 0.00431897 0.008591866 327.69091037634 55.23675739801 2552.39258 -3.15 -2.918 0.8
327.70427974458 55.18756295883 0.0337 0.0329 3.162 "" "" 2174067025968499072 1961.29968 0.4776 0.0369 -3.104 -2.902 0.046 0.043 0.896 9108.5 3.4568 16.220455 1.706618 17.02364 15.317021 "" "" 1841.41504 2099.27295 6120.18693 3.2469 2118.2 9.3211 5920.4 10.223 "" "" 0.0028148844862076225 0.0055328165 0.0042188326 0.00975165 327.70427974458 55.18756295883 1961.29968 -3.104 -2.902 1.0
327.7581300188 55.1955740706 0.0357 0.0367 3.074 "" "" 2174067403925625728 2337.30566 0.4036 0.0396 -2.847 -2.766 0.049 0.046 1.014 "" "" 16.221191 1.576461 16.948488 15.372027 "" "" 2125.5564 2555.10107 6116.0361 2.6583 2270.0 8.6455 5627.9 13.061 "" "" 0.002795440482034427 0.004988417 0.0045423317 0.009530749 327.7581300188 55.1955740706 2337.30566 -2.846999999999999 -2.766 1.0
327.75098691439 55.14521920345 0.0364 0.0358 5.8309 "" "" 2174063761793448192 2385.21411 0.3975 0.0391 -3.179 -2.819 0.046 0.048 1.082 9192.4 3.6257 16.330416 1.621193 17.078701 15.457508 "" "" 2203.93286 2588.5481 5530.70498 2.8464 2013.4 8.1795 5201.8 6.5662 "" "" 0.0028114094106997845 0.005219246 0.004020205 0.00923945 327.75098691439 55.14521920345 2385.21411 -3.1789999999999994 -2.819 0.9
