Clusters/FSR_0551/FSR_0551_members.tsv
# %ECSV 1.0
# ---
# datatype:
# - name: RA_ICRS_1
#   unit: deg
#   datatype: float64
#   format: '{:15.11f}'
#   description: Right ascension (ICRS) at Ep=2016.0 (ra)
#   meta: !!omap
#   - {ucd: POS_EQ_RA_MAIN}
#   - {width: 15}
#   - {precision: '11'}
# - name: DE_ICRS_1
#   unit: deg
#   datatype: float64
#   format: '{:15.11f}'
#   description: Declination (ICRS) at Ep=2016.0 (dec)
#   meta: !!omap
#   - {ucd: POS_EQ_DEC_MAIN}
#   - {width: 15}
#   - {precision: '11'}
# - name: e_RA_ICRS
#   unit: mas
#   datatype: float64
#   format: '{:7.4f}'
#   description: Standard error of right ascension (ra_error)
#   meta: !!omap
#   - {ucd: ERROR}
#   - {width: 7}
#   - {precision: '4'}
# - name: e_DE_ICRS
#   unit: mas
#   datatype: float64
#   format: '{:7.4f}'
#   description: Standard error of declination (dec_error)
#   meta: !!omap
#   - {ucd: ERROR}
#   - {width: 7}
#   - {precision: '4'}
# - name: _r_1
#   unit: ''
#   datatype: float64
#   format: '{:7.4f}'
#   description: Distance from center (024.96271932000+64.87019996000)[ICRS], at Epoch=J2016.0
#   meta: !!omap
#   - {ucd: POS_ANG_DIST_GENERAL}
#   - {width: 7}
#   - {precision: '4'}
# - name: HIP
#   datatype: int32
#   description: '? HIP cross-id number, van Leeuwen, Cat. I/311 (hip_original_ext_source_id)'
#   meta: !!omap
#   - {ucd: ID_NUMBER}
#   - {width: 6}
#   - values: {'null': -2147483648}
# - name: TYC2
#   datatype: string
#   description: Tycho-2 cross-id name, Hog et al., Cat. I/259 (tyc2_original_ext_source_id)
#   meta: !!omap
#   - {ucd: ID_CROSSID}
#   - {_votable_string_dtype: char}
# - name: Source
#   datatype: int64
#   description: Source identifier, identical to the Gaia-EDR3 source_id (id)
#   meta: !!omap
#   - {ucd: ID_MAIN}
#   - {width: 19}
# - name: rgeo
#   unit: pc
#   datatype: float64
#   format: '{:15.8f}'
#   description: '? Median of the geometric distance posterior (r_med_geo)'
#   meta: !!omap
#   - {ucd: PHYS_DISTANCE_TRUE}
#   - {width: 15}
#   - {precision: '8'}
#   - values: {'null': .nan}
# - name: Plx
#   unit: mas
#   datatype: float64
#   format: '{:9.4f}'
#   description: '? Parallax (parallax)'
#   meta: !!omap
#   - {ucd: POS_PARLX_TRIG}
#   - {width: 9}
#   - {precision: '4'}
#   - values: {'null': .nan}
# - name: e_Plx
#   unit: mas
#   datatype: float32
#   format: '{:7.4f}'
#   description: '? Standard error of parallax (parallax_error)'
#   meta: !!omap
#   - {ucd: ERROR}
#   - {width: 7}
#   - {precision: '4'}
#   - values: {'null': .nan}
# - name: pmRA
#   unit: mas / yr
#   datatype: float64
#   format: '{:9.3f}'
#   description: '? Proper motion in right ascension direction, pmRA*cosDE (pmra)'
#   meta: !!omap
#   - {ucd: POS_EQ_PMRA}
#   - {width: 9}
#   - {precision: '3'}
#   - values: {'null': .nan}
# - name: pmDE
#   unit: mas / yr
#   datatype: float64
#   format: '{:9.3f}'
#   description: '? Proper motion in declination direction (pmdec)'
#   meta: !!omap
#   - {ucd: POS_EQ_PMDEC}
#   - {width: 9}
#   - {precision: '3'}
#   - values: {'null': .nan}
# - name: e_pmRA
#   unit: mas / yr
#   datatype: float32
#   format: '{:6.3f}'
#   description: '? Standard error of proper motion in right ascension direction (pmra_error)'
#   meta: !!omap
#   - {ucd: ERROR}
#   - {width: 6}
#   - {precision: '3'}
#   - values: {'null': .nan}
# - name: e_pmDE
[...]
#       distance: !astropy.table.SerializedColumn
#         __class__: astropy.coordinates.distances.Distance
#         unit: !astropy.units.Unit {unit: pc}
#         value: !astropy.table.SerializedColumn {name: SkyCoord.distance}
#       frame: icrs
#       obstime: !astropy.time.Time {format: jyear_str, in_subfmt: '*', jd1: 367701545.0, jd2: 0.0, out_subfmt: '*', precision: 3, scale: tt}
#       pm_dec: !astropy.table.SerializedColumn
#         __class__: astropy.units.quantity.Quantity
#         unit: !astropy.units.Unit {unit: mas / yr}
#         value: !astropy.table.SerializedColumn {name: SkyCoord.pm_dec}
#       pm_ra_cosdec: !astropy.table.SerializedColumn
#         __class__: astropy.units.quantity.Quantity
#         unit: !astropy.units.Unit {unit: mas / yr}
#         value: !astropy.table.SerializedColumn {name: SkyCoord.pm_ra_cosdec}
#       ra: !astropy.table.SerializedColumn
#         __class__: astropy.coordinates.angles.Longitude
#         unit: *id001
#         value: !astropy.table.SerializedColumn {name: SkyCoord.ra}
#         wrap_angle: !astropy.coordinates.Angle
#           unit: *id001
#           value: 360.0
#       representation_type: spherical
# schema: astropy-2.0
RA_ICRS_1 DE_ICRS_1 e_RA_ICRS e_DE_ICRS _r_1 HIP TYC2 Source rgeo Plx e_Plx pmRA pmDE e_pmRA e_pmDE RUWE Teff logg Gmag BP-RP BPmag RPmag RV e_RV b_rgeo B_rgeo FG e_FG FBP e_FBP FRP e_FRP RAVE5 RAVE6 e_Gmag e_BPmag e_RPmag e_BP-RP SkyCoord.ra SkyCoord.dec SkyCoord.distance SkyCoord.pm_ra_cosdec SkyCoord.pm_dec rmRA rmDE e_rmRA e_rmDE rRV e_rRV v_pec v_pec3d e_vpec e_vpec3d Pmemb
[from data line 30]
25.07069965029 64.94063003972 0.0333 0.0386 5.0406 "" "" 513070166056995584 902.03009 1.0842 0.0493 -0.011 -1.353 0.039 0.052 0.969 4687.6 4.2811 16.539059 2.058914 17.584019 15.525104 "" "" 862.963013 937.099182 4563.76605 10.653 1264.2 11.521 4887.8 32.912 "" "" 0.003743648540930567 0.010280484 0.00822992 0.018510405 25.07069965029 64.94063003972 902.03009 -0.010999999999999899 -1.3529999999999995 -0.059567567020654674 0.12956754875183107 0.14718191 0.16018191 "" "" 0.609723046494464 "" 0.09633056326983806 "" 1.0
24.90608132836 64.89197885132 0.0322 0.0338 1.9464 "" "" 513069100905139328 924.184265 1.064 0.0452 0.08 -1.41 0.038 0.044 1.001 4657.0 4.3892 16.552248 2.013231 17.560247 15.547016 "" "" 884.726929 961.869995 4508.66166 8.5938 1292.2 9.7735 4790.2 29.804 "" "" 0.0034459468148365364 0.008672986 0.0077406666 0.016413653 24.90608132836 64.89197885132 924.184265 0.08000000000000007 -1.4100000000000001 0.03143243297934532 0.07256754875183113 0.14618191 0.15218192 "" "" 0.3464315852813793 "" 0.0523977387303294 "" 0.9
24.90007164431 64.84553444009 0.0332 0.0366 2.1773 "" "" 513067829589500928 888.329346 1.0965 0.0481 -0.057 -1.378 0.04 0.05 1.051 4774.2 4.2279 16.58364 2.071125 17.624964 15.553839 "" "" 847.124329 933.488831 4380.16959 5.9579 1217.4 7.6831 4760.2 17.984 "" "" 0.0031261441016695165 0.007398456 0.005577574 0.01297603 24.90007164431 64.84553444009 888.329346 -0.056999999999999995 -1.378 -0.10556756702065467 0.10456754875183116 0.14818192 0.15818192 "" "" 0.6256636220115167 "" 0.09586163268263866 "" 0.8
24.91910524214 64.88533089278 0.0319 0.0349 1.4347 "" "" 513069100905143424 885.021973 1.0969 0.0466 0.046 -1.335 0.039 0.046 0.965 4265.6 4.1481 16.611279 2.193539 17.745255 15.551716 "" "" 854.612183 914.972778 4270.07603 6.8112 1089.7 12.135 4769.5 36.256 "" "" 0.0032544004670154903 0.012408623 0.009077546 0.021486169 24.91910524214 64.88533089278 885.021973 0.04600000000000043 -1.3350000000000002 -0.002567567020654679 0.1475675487518311 0.14718191 0.15418191 "" "" 0.6191401759757105 "" 0.09545893458132504 "" 1.0
25.40193661555 64.86788430331 0.036 0.0393 11.1927 "" "" 513042403387649920 918.819214 1.0745 0.0522 0.194 -1.448 0.042 0.052 1.027 4622.7 4.2247 16.65223 2.04907 17.693913 15.644842 "" "" 879.812134 972.776978 4112.01602 6.7447 1142.5 9.9072 4377.5 18.39 "" "" 0.00328074476823505 0.0098197125 0.0059235417 0.015743254 25.40193661555 64.86788430331 918.819214 0.1939999999999999 -1.4480000000000017 0.14543243297934533 0.0345675487518311 0.15018192 0.16018191 "" "" 0.651033784311001 "" 0.09813257133848291 "" 0.8
24.77559157196 64.93083839629 0.0341 0.0374 5.9934 "" "" 513072296360782848 923.394165 1.0591 0.0494 -0.089 -1.369 0.042 0.053 0.969 4586.9 4.2901 16.672981 1.917541 17.627264 15.709723 "" "" 888.300781 970.65155 4034.17113 6.0721 1214.8 9.7736 4123.5 18.665 "" "" 0.003203505034587267 0.009170015 0.006199743 0.015369758 24.77559157196 64.93083839629 923.394165 -0.08899999999999986 -1.3689999999999998 -0.13756756702065467 0.11356754875183106 0.15018192 0.16118191 "" "" 0.7807861374120115 "" 0.12081453114159042 "" 1.0
24.72870869073 64.81883185174 0.0339 0.0368 6.7172 "" "" 513062744353590272 975.765015 1.0117 0.0476 0.1 -1.361 0.041 0.05 1.017 4231.9 4.2106 16.69336 2.040748 17.729683 15.688935 "" "" 919.901794 1033.68384 3959.16229 4.9575 1105.5 9.0985 4203.2 18.462 "" "" 0.0030724693562376748 0.009361318 0.0060849516 0.01544627 24.72870869073 64.81883185174 975.765015 0.09999999999999959 -1.361 0.05143243297934533 0.12156754875183107 0.14918192 0.15818192 "" "" 0.6105160251420587 "" 0.09575870545349117 "" 0.8
