Clusters/FSR_0551/FSR_0551_stars_in_region.tsv
# %ECSV 1.0
# ---
# datatype:
# - name: RA_ICRS_1
#   unit: deg
#   datatype: float64
#   format: '{:15.11f}'
#   description: Right ascension (ICRS) at Ep=2016.0 (ra)
#   meta: !!omap
#   - {ucd: POS_EQ_RA_MAIN}
#   - {width: 15}
#   - {precision: '11'}
# - name: DE_ICRS_1
#   unit: deg
#   datatype: float64
#   format: '{:15.11f}'
#   description: Declination (ICRS) at Ep=2016.0 (dec)
#   meta: !!omap
#   - {ucd: POS_EQ_DEC_MAIN}
#   - {width: 15}
#   - {precision: '11'}
# - name: e_RA_ICRS
#   unit: mas
#   datatype: float64
#   format: '{:7.4f}'
#   description: Standard error of right ascension (ra_error)
#   meta: !!omap
#   - {ucd: ERROR}
#   - {width: 7}
#   - {precision: '4'}
# - name: e_DE_ICRS
#   unit: mas
#   datatype: float64
#   format: '{:7.4f}'
#   description: Standard error of declination (dec_error)
#   meta: !!omap
#   - {ucd: ERROR}
#   - {width: 7}
#   - {precision: '4'}
# - name: _r_1
#   unit: ''
#   datatype: float64
#   format: '{:7.4f}'
#   description: Distance from center (024.96271932000+64.87019996000)[ICRS], at Epoch=J2016.0
#   meta: !!omap
#   - {ucd: POS_ANG_DIST_GENERAL}
#   - {width: 7}
#   - {precision: '4'}
# - name: HIP
#   datatype: int32
#   description: '? HIP cross-id number, van Leeuwen, Cat. I/311 (hip_original_ext_source_id)'
#   meta: !!omap
#   - {ucd: ID_NUMBER}
#   - {width: 6}
#   - values: {'null': -2147483648}
# - name: TYC2
#   datatype: string
#   description: Tycho-2 cross-id name, Hog et al., Cat. I/259 (tyc2_original_ext_source_id)
#   meta: !!omap
#   - {ucd: ID_CROSSID}
#   - {_votable_string_dtype: char}
# - name: Source
#   datatype: int64
#   description: Source identifier, identical to the Gaia-EDR3 source_id (id)
#   meta: !!omap
#   - {ucd: ID_MAIN}
#   - {width: 19}
# - name: rgeo
#   unit: pc
#   datatype: float64
#   format: '{:15.8f}'
#   description: '? Median of the geometric distance posterior (r_med_geo)'
#   meta: !!omap
#   - {ucd: PHYS_DISTANCE_TRUE}
#   - {width: 15}
#   - {precision: '8'}
#   - values: {'null': .nan}
# - name: Plx
#   unit: mas
#   datatype: float64
#   format: '{:9.4f}'
#   description: '? Parallax (parallax)'
#   meta: !!omap
#   - {ucd: POS_PARLX_TRIG}
#   - {width: 9}
#   - {precision: '4'}
#   - values: {'null': .nan}
# - name: e_Plx
#   unit: mas
#   datatype: float32
#   format: '{:7.4f}'
#   description: '? Standard error of parallax (parallax_error)'
#   meta: !!omap
#   - {ucd: ERROR}
#   - {width: 7}
#   - {precision: '4'}
#   - values: {'null': .nan}
# - name: pmRA
#   unit: mas / yr
#   datatype: float64
#   format: '{:9.3f}'
#   description: '? Proper motion in right ascension direction, pmRA*cosDE (pmra)'
#   meta: !!omap
#   - {ucd: POS_EQ_PMRA}
#   - {width: 9}
#   - {precision: '3'}
#   - values: {'null': .nan}
# - name: pmDE
#   unit: mas / yr
#   datatype: float64
#   format: '{:9.3f}'
#   description: '? Proper motion in declination direction (pmdec)'
#   meta: !!omap
#   - {ucd: POS_EQ_PMDEC}
#   - {width: 9}
#   - {precision: '3'}
#   - values: {'null': .nan}
# - name: e_pmRA
#   unit: mas / yr
#   datatype: float32
#   format: '{:6.3f}'
#   description: '? Standard error of proper motion in right ascension direction (pmra_error)'
#   meta: !!omap
#   - {ucd: ERROR}
#   - {width: 6}
#   - {precision: '3'}
#   - values: {'null': .nan}
# - name: e_pmDE
[...]
#         unit: &id001 !astropy.units.Unit {unit: deg}
#         value: !astropy.table.SerializedColumn {name: SkyCoord.dec}
#       distance: !astropy.table.SerializedColumn
#         __class__: astropy.coordinates.distances.Distance
#         unit: !astropy.units.Unit {unit: pc}
#         value: !astropy.table.SerializedColumn {name: SkyCoord.distance}
#       frame: icrs
#       obstime: !astropy.time.Time {format: jyear_str, in_subfmt: '*', jd1: 367701545.0, jd2: 0.0, out_subfmt: '*', precision: 3, scale: tt}
#       pm_dec: !astropy.table.SerializedColumn
#         __class__: astropy.units.quantity.Quantity
#         unit: !astropy.units.Unit {unit: mas / yr}
#         value: !astropy.table.SerializedColumn {name: SkyCoord.pm_dec}
#       pm_ra_cosdec: !astropy.table.SerializedColumn
#         __class__: astropy.units.quantity.Quantity
#         unit: !astropy.units.Unit {unit: mas / yr}
#         value: !astropy.table.SerializedColumn {name: SkyCoord.pm_ra_cosdec}
#       ra: !astropy.table.SerializedColumn
#         __class__: astropy.coordinates.angles.Longitude
#         unit: *id001
#         value: !astropy.table.SerializedColumn {name: SkyCoord.ra}
#         wrap_angle: !astropy.coordinates.Angle
#           unit: *id001
#           value: 360.0
#       representation_type: spherical
# schema: astropy-2.0
RA_ICRS_1 DE_ICRS_1 e_RA_ICRS e_DE_ICRS _r_1 HIP TYC2 Source rgeo Plx e_Plx pmRA pmDE e_pmRA e_pmDE RUWE Teff logg Gmag BP-RP BPmag RPmag RV e_RV b_rgeo B_rgeo FG e_FG FBP e_FBP FRP e_FRP RAVE5 RAVE6 e_Gmag e_BPmag e_RPmag e_BP-RP SkyCoord.ra SkyCoord.dec SkyCoord.distance SkyCoord.pm_ra_cosdec SkyCoord.pm_dec
[from data line 890]
23.70284036757 64.84852226936 0.0253 0.0283 32.1407 "" "" 513173554507938560 1054.25952 0.9215 0.0365 3.662 2.77 0.031 0.041 1.044 6338.6 4.4564 16.239664 1.636668 17.008467 15.371799 "" "" 1019.276 1098.14832 6012.85622 2.3904 2148.0 6.3747 5629.1 9.1594 "" "" 0.002788923795548509 0.004262334 0.0041719065 0.008434241 23.70284036757 64.84852226936 1054.25952 3.662 2.7699999999999996
25.99263395047 64.55369378536 0.027 0.0313 32.5175 "" "" 512999762951702912 844.5 1.1595 0.0392 0.253 0.291 0.031 0.044 1.016 4628.8 4.1991 16.239851 1.534602 16.95308 15.418477 "" "" 821.520691 875.704346 6011.82144 2.8644 2260.4 7.6554 5392.2 7.9609 "" "" 0.0028034621933690253 0.0046158643 0.0041052625 0.008721126 25.99263395047 64.55369378536 844.5 0.25300000000000006 0.29100000000000004
24.22738211292 65.01720664858 0.0277 0.0307 20.6624 "" "" 513080439618623744 956.140442 1.0122 0.0417 -0.193 -0.663 0.033 0.041 1.008 5888.9 4.5939 16.240438 1.62663 16.999115 15.372485 "" "" 918.515015 998.553894 6008.57105 2.4798 2166.6 8.4507 5625.5 10.446 "" "" 0.0027915189812856636 0.0050713923 0.004283504 0.009354897 24.22738211292 65.01720664858 956.140442 -0.19299999999999998 -0.663
26.37128310141 64.63347209674 0.0259 0.031 38.7448 "" "" 512273879119480576 857.614563 1.1346 0.0395 -3.279 2.165 0.03 0.042 1.019 5087.3 4.2514 16.242884 2.011395 17.260683 15.249288 "" "" 826.339233 884.382507 5995.05857 3.7858 1702.7 7.2356 6301.5 11.661 "" "" 0.002839344129444632 0.005391882 0.004280243 0.009672125 26.37128310141 64.63347209674 857.614563 -3.279 2.1650000000000005
25.6472633976 65.53238644873 0.025 0.029 43.3046 "" "" 519113425558710272 951.622131 1.008 0.0378 3.769 0.37 0.029 0.038 0.961 5103.4 4.2804 16.243174 1.951421 17.219622 15.268201 "" "" 917.669922 990.995972 5993.45888 2.7396 1768.3 8.5077 6192.7 10.13 "" "" 0.0027996591503325822 0.0059221936 0.0041758902 0.010098084 25.6472633976 65.53238644873 951.622131 3.769 0.37000000000000016
24.98735184895 64.31039479637 0.0244 0.0296 33.5943 "" "" 512910633790841600 782.827393 1.2595 0.039 -3.49 -3.623 0.032 0.04 0.993 4896.2 4.4714 16.256151 1.66303 17.050226 15.387197 "" "" 756.321228 811.548157 5922.24031 2.3282 2066.9 8.9037 5549.8 9.5849 "" "" 0.002788185128723365 0.0054461164 0.004218992 0.009665108 24.98735184895 64.31039479637 782.827393 -3.49 -3.623
25.27735537038 64.90633892357 0.0398 0.0465 8.2998 "" "" 513045667562777984 809.045654 1.2004 0.059 -0.213 -0.836 0.048 0.06 1.424 "" "" 16.25651 1.885451 17.158707 15.273255 "" "" 776.021729 855.65625 5920.29285 11.661 1870.4 13.146 6163.9 28.213 "" "" 0.0034878550578398234 0.00812513 0.006243417 0.014368547 25.27735537038 64.90633892357 809.045654 -0.21300000000000008 -0.836
26.23401354943 65.22995058534 0.0266 0.0299 38.7442 "" "" 519047729730375680 933.886353 1.053 0.0399 0.6 0.546 0.033 0.042 0.996 5295.8 4.586 16.26293 1.507619 16.956734 15.449115 "" "" 897.296021 967.238159 5885.38723 4.1321 2252.8 7.598 5242.2 12.371 "" "" 0.002858824079957737 0.004603718 0.0045660343 0.009169752 26.23401354943 65.22995058534 933.886353 0.6000000000000001 0.546
26.31192879309 64.78449092498 0.0256 0.0314 34.8142 "" "" 512281644420276736 1049.58264 0.9181 0.0409 8.377 -8.408 0.03 0.042 0.96 4967.0 4.3254 16.26798 1.661348 17.051897 15.390549 "" "" 1003.52246 1098.47791 5858.06998 2.2594 2063.8 6.9038 5532.7 7.0527 "" "" 0.002786960252040104 0.004580002 0.004024828 0.00860483 26.31192879309 64.78449092498 1049.58264 8.377 -8.407999999999998
25.48399154674 64.75905243727 0.0258 0.0335 14.8868 "" "" 513017630015280128 968.377136 1.0094 0.0405 -2.636 -2.596 0.03 0.044 1.016 5508.2 4.5631 16.26819 1.55163 16.989307 15.437677 "" "" 927.620361 1006.80359 5856.93999 2.876 2186.2 8.1024 5297.7 8.7847 "" "" 0.0028064264034044603 0.0048966203 0.0041862978 0.009082918 25.48399154674 64.75905243727 968.377136 -2.636000000000001 -2.596000000000001
25.34980444587 64.9377832573 0.0314 0.0348 10.6526 "" "" 513046148599270912 1087.66809 0.9024 0.0481 7.341 -1.632 0.034 0.047 0.992 4866.5 4.368 16.27683 1.483195 16.95707 15.473874 "" "" 1039.34961 1138.74304 5810.51687 2.8271 2252.1 9.9915 5124.0 8.0325 "" "" 0.002805503851910574 0.0055666454 0.004144951 0.009711596 25.34980444587 64.9377832573 1087.66809 7.341000000000001 -1.6320000000000003
26.08966316769 64.61476676677 0.0293 0.0314 32.6685 "" "" 513023471172067584 1062.84961 0.9135 0.0421 -1.699 -0.919 0.034 0.04 1.044 5585.7 4.2117 16.276999 1.582383 17.019146 15.436763 "" "" 1011.52582 1105.51892 5809.61133 2.8266 2127.0 8.406 5302.2 13.752 "" "" 0.002805501760926072 0.00511827 0.004713134 0.009831404 26.08966316769 64.61476676677 1062.84961 -1.699 -0.9190000000000003
26.30042739441 64.52432855041 0.0265 0.0338 40.0917 "" "" 512271473938180096 920.540894 1.0622 0.0437 8.258 -1.267 0.03 0.047 0.961 4592.1 4.194 16.277851 1.55762 17.003485 15.445865 "" "" 885.066956 962.916138 5805.04973 2.4125 2157.9 7.2406 5257.9 8.4778 "" "" 0.0027920219133075056 0.0045887916 0.0041651465 0.008753939 26.30042739441 64.52432855041 920.540894 8.258 -1.267
24.52990530902 65.30021898366 0.0289 0.0342 28.0245 "" "" 513113424968329088 752.466797 1.29 0.0449 1.715 -0.832 0.034 0.049 1.032 4762.6 4.4371 16.278255 1.58363 17.02067 15.43704 "" "" 728.41626 782.037048 5802.89207 2.4167 2124.0 7.2179 5300.8 8.3321 "" "" 0.002792176187367005 0.0046258275 0.0041468404 0.0087726675 24.52990530902 65.30021898366 752.466797 1.7150000000000003 -0.8320000000000001
25.74303116343 64.64734814091 0.1462 0.1715 24.0286 "" "" 513004367156338944 1080.05322 1.077 0.2235 -1.2 -1.915 0.183 0.236 6.426 9282.1 3.8286 16.281965 1.21209 16.682932 15.470842 "" "" 832.403687 1529.8833 5783.10059 17.255 2899.0 7.289 5138.3 8.0811 "" "" 0.00425278437187051 0.0039034996 0.0041472255 0.008050725 25.74303116343 64.64734814091 1080.05322 -1.1999999999999997 -1.915
23.51083915661 64.56803979557 0.0267 0.0325 41.3832 "" "" 512976398331603712 901.397827 1.0788 0.0387 8.318 -1.045 0.033 0.045 1.044 5095.1 4.34 16.282276 1.841431 17.1796 15.338169 "" "" 868.35199 929.22998 5781.44797 2.6721 1834.8 7.4754 5806.2 6.5057 "" "" 0.0028006434899952256 0.0052299863 0.0039703525 0.009200338 23.51083915661 64.56803979557 901.397827 8.317999999999998 -1.0449999999999997
24.96160882883 64.28855103272 0.0314 0.036 34.8989 "" "" 512910221474000512 925.796936 1.0617 0.0484 6.768 -1.281 0.039 0.048 1.209 4845.3 4.3321 16.289711 1.653897 17.07674 15.422843 "" "" 880.426941 981.968323 5741.98712 2.6285 2017.1 7.0329 5370.6 9.5844 "" "" 0.002799788201034986 0.0047027217 0.004247124 0.008949846 24.96160882883 64.28855103272 925.796936 6.768000000000001 -1.2810000000000001
24.10118234415 65.19368654793 0.0303 0.0346 29.2028 "" "" 513091366015382784 798.540955 1.2341 0.0438 -14.757 8.132 0.034 0.048 1.054 4722.6 4.4233 16.291945 1.461093 16.961946 15.500854 "" "" 778.154053 823.756714 5730.19066 2.4231 2242.0 9.4159 4998.2 9.4745 "" "" 0.002793310027944103 0.005345772 0.00430343 0.009649202 24.10118234415 65.19368654793 798.540955 -14.757000000000003 8.132
25.31109792314 64.96801137038 0.0328 0.035 10.6279 "" "" 513047007592539776 775.232178 1.2761 0.0483 10.05 0.259 0.036 0.045 1.031 4750.9 4.6464 16.297508 1.601468 17.001467 15.399999 "" "" 741.20459 810.802429 5700.90127 3.1533 2161.9 11.707 5484.8 22.652 "" "" 0.002820007904654586 0.006507888 0.0058643324 0.01237222 25.31109792314 64.96801137038 775.232178 10.049999999999999 0.2589999999999993
24.20805151235 65.22085248917 0.0309 0.0328 28.4178 "" "" 513092740405037824 805.113953 1.2216 0.0453 2.576 -1.117 0.035 0.046 1.039 5066.1 4.6595 16.301239 1.452897 16.958174 15.505277 "" "" 777.372314 835.457397 5681.3412 2.6348 2249.8 9.6671 4977.9 11.803 "" "" 0.002800951063849885 0.00543597 0.004572865 0.010008835 24.20805151235 65.22085248917 805.113953 2.5759999999999996 -1.1169999999999998
26.0674977797 65.13239663671 0.0278 0.0311 32.1272 "" "" 519045668153406208 751.855164 1.309 0.0407 -2.696 -1.155 0.033 0.044 0.939 4711.3 4.5983 16.309736 1.618842 17.079266 15.460423 "" "" 733.867249 771.417419 5637.05901 2.3002 2012.4 7.6718 5187.9 9.7051 "" "" 0.002790711157541749 0.004991723 0.0042905854 0.009282309 26.0674977797 65.13239663671 751.855164 -2.6960000000000006 -1.1550000000000002
25.91013920074 65.00379911679 0.0277 0.0316 25.3793 "" "" 513038486377740928 818.851868 1.1945 0.0428 4.993 -2.586 0.033 0.045 0.938 4766.9 4.4851 16.312155 1.556683 17.036997 15.480314 "" "" 789.736023 852.908447 5624.51372 2.9104 2092.3 12.279 5093.7 8.739 "" "" 0.002812014144477662 0.0069559407 0.0042134942 0.011169435 25.91013920074 65.00379911679 818.851868 4.993 -2.586
24.36361266095 64.61094270995 0.0254 0.0294 21.846 "" "" 512968701750170496 855.888367 1.154 0.0374 -0.425 -3.567 0.032 0.039 0.985 5123.5 4.4138 16.31454 1.702571 17.13158 15.429009 "" "" 830.191345 876.654358 5612.16083 2.1823 1917.7 7.1484 5340.2 10.053 "" "" 0.0027874781435645204 0.0049157613 0.0042966628 0.009212424 24.36361266095 64.61094270995 855.888367 -0.42500000000000004 -3.567
24.73077181804 64.33159188539 0.028 0.0314 32.8631 "" "" 512907850652018048 845.460144 1.1543 0.0415 -10.612 0.567 0.034 0.041 1.09 4631.0 4.3333 16.31518 1.712098 17.138262 15.426164 "" "" 817.987122 878.017822 5608.86559 2.1062 1906.0 8.0105 5354.2 7.5199 "" "" 0.002785321336060416 0.005348554 0.00407542 0.009423974 24.73077181804 64.33159188539 845.460144 -10.612 0.5669999999999997
23.42359190139 64.71304309622 0.0259 0.0277 40.4453 "" "" 513165892286255872 876.058594 1.1098 0.0362 -1.075 -2.502 0.031 0.038 0.992 4793.8 4.3857 16.318638 1.5759 17.055908 15.480008 "" "" 852.737488 905.604187 5591.02789 2.3059 2056.1 8.7138 5095.1 8.2074 "" "" 0.002791469887604174 0.005381236 0.0041644387 0.009545675 23.42359190139 64.71304309622 876.058594 -1.075 -2.5019999999999993
24.05836122737 64.52604994588 0.0247 0.0322 31.0509 "" "" 512972927998076672 959.516663 1.024 0.0393 -0.39 -1.581 0.03 0.042 0.921 6546.9 4.3543 16.31939 1.91564 17.262518 15.346878 "" "" 917.87262 989.937073 5587.15441 7.5391 1699.8 9.5438 5759.8 31.156 "" "" 0.0031206037330070457 0.006704234 0.0069839554 0.01368819 24.05836122737 64.52604994588 959.516663 -0.39 -1.581
25.59047368983 65.31170865829 0.0274 0.0331 30.877 "" "" 519063225979372800 969.936584 1.004 0.0421 -1.764 -7.509 0.031 0.043 1.013 6823.6 4.3473 16.323252 1.744245 17.158539 15.414293 "" "" 938.540283 1011.47607 5567.32132 2.8423 1870.7 6.3452 5413.0 10.463 "" "" 0.0028105234735544948 0.004620311 0.0043229745 0.008943286 25.59047368983 65.31170865829 969.936584 -1.7640000000000005 -7.508999999999999
24.33469444695 64.1987150672 0.0339 0.0353 43.4243 "" "" 512929634727045248 755.652039 1.3029 0.0502 9.08 -0.793 0.04 0.047 1.068 4867.4 4.4613 16.326092 1.624449 17.092955 15.468506 "" "" 734.483765 784.561707 5552.77276 2.4867 1987.2 7.4057 5149.4 8.2421 "" "" 0.002797892906850464 0.0049149664 0.0041597784 0.009074745 24.33469444695 64.1987150672 755.652039 9.08 -0.7930000000000001
24.84207802878 64.78794263906 0.0269 0.0307 5.8169 "" "" 513061747921196160 840.320496 1.1722 0.0394 14.719 -4.953 0.031 0.04 1.03 5326.5 4.5811 16.327137 1.544973 17.04626 15.501287 "" "" 814.412537 863.619507 5547.43423 2.0399 2074.5 7.0115 4996.2 7.9216 "" "" 0.002784095382890774 0.004609903 0.00415297 0.008762873 24.84207802878 64.78794263906 840.320496 14.719000000000001 -4.952999999999999
23.56935920305 64.62445139198 0.0258 0.0297 38.5921 "" "" 512976913727634560 967.299683 1.0052 0.0372 7.759 -0.876 0.03 0.041 1.01 5468.8 4.4122 16.328382 1.833014 17.224808 15.391794 "" "" 932.18927 995.680542 5541.06731 2.1357 1759.9 6.8576 5526.4 8.8628 "" "" 0.002786918013666421 0.005067895 0.004161197 0.009229092 23.56935920305 64.62445139198 967.299683 7.759 -0.8760000000000003
25.21679302374 65.25241556134 0.0268 0.0306 23.8167 "" "" 513104212255584384 1008.48834 0.9754 0.0403 -3.893 0.133 0.032 0.043 1.046 5585.7 4.5754 16.330774 1.518644 17.02394 15.505295 "" "" 965.666565 1045.02576 5528.87654 2.2947 2117.6 8.2365 4977.8 8.3142 "" "" 0.0027919259379150323 0.0050615156 0.0041919393 0.009253455 25.21679302374 65.25241556134 1008.48834 -3.893 0.1329999999999997
25.1816284143 64.42311783214 0.026 0.0302 27.4081 "" "" 513006016423982592 1044.37305 0.9303 0.04 -2.035 -6.393 0.03 0.04 0.988 4962.0 4.3659 16.331568 1.555395 17.054754 15.499359 "" "" 994.650024 1088.47717 5524.8391 2.1024 2058.3 5.7936 5005.1 7.9494 "" "" 0.002786124899783049 0.0041381936 0.0041542016 0.008292396 25.1816284143 64.42311783214 1044.37305 -2.035 -6.392999999999999
24.88270306104 64.72431517066 0.0261 0.0311 8.9887 "" "" 513060957648459520 857.067932 1.1295 0.0373 5.859 -2.224 0.032 0.04 0.95 5176.5 4.529 16.335613 1.725126 17.161587 15.436461 "" "" 829.456665 890.311157 5504.29017 2.4574 1865.4 9.2406 5303.6 10.02 "" "" 0.0027976331879585414 0.0060590557 0.0043001636 0.010359219 24.88270306104 64.72431517066 857.067932 5.859000000000001 -2.2239999999999998
26.13216642447 64.75480606121 0.0281 0.0306 30.6534 "" "" 513026426109531008 811.917725 1.2107 0.0409 -5.439 3.963 0.033 0.04 0.997 4982.8 4.4562 16.340672 1.608216 17.09804 15.489823 "" "" 779.987976 851.410583 5478.70386 2.3274 1977.9 6.7453 5049.3 7.9876 "" "" 0.002793657542033826 0.0046362923 0.00415135 0.008787642 26.13216642447 64.75480606121 811.917725 -5.439000000000001 3.9630000000000005
26.49894248272 65.15820226836 0.0493 0.0611 42.5945 "" "" 519043744008036096 883.083557 1.1292 0.0763 -0.801 -0.673 0.057 0.084 2.015 5264.9 4.6586 16.342648 1.526609 16.990732 15.464124 "" "" 814.444763 930.727478 5468.74333 5.5521 2183.4 7.053 5170.2 7.6827 "" "" 0.0029676290932597084 0.0044817124 0.004109337 0.008591049 26.49894248272 65.15820226836 883.083557 -0.8010000000000002 -0.6729999999999999
24.84879319895 64.82990940715 0.0284 0.0298 3.7793 "" "" 513068448070150400 846.787231 1.1415 0.0395 0.39 -1.295 0.035 0.039 0.994 6012.4 4.269 16.352789 2.173527 17.472439 15.298912 "" "" 825.275146 869.036987 5417.9036 4.7766 1401.0 8.0434 6020.0 15.304 "" "" 0.0029168579093960282 0.006829383 0.004679974 0.011509357 24.84879319895 64.82990940715 846.787231 0.39000000000000007 -1.295
24.61071318891 64.63264640922 0.0258 0.0315 16.8615 "" "" 512965849892078080 902.613708 1.0855 0.0381 0.017 -1.731 0.031 0.043 1.006 4801.0 4.2904 16.35567 1.924364 17.310766 15.386402 "" "" 872.064941 940.846802 5403.5356 4.8639 1626.0 10.8 5553.9 17.064 "" "" 0.0029235112620287877 0.0077324794 0.005040997 0.012773477 24.61071318891 64.63264640922 902.613708 0.017000000000000015 -1.7310000000000003
25.48309298232 64.32184656334 0.0265 0.0311 35.5229 "" "" 512992581766335872 987.478516 0.9881 0.0415 1.082 2.641 0.032 0.042 0.98 5272.0 4.569 16.355988 1.517351 17.056643 15.539291 "" "" 943.21759 1031.12244 5401.96348 2.028 2054.8 5.9656 4824.4 7.756 "" "" 0.0027853064654977193 0.004209654 0.0041629896 0.008372644 25.48309298232 64.32184656334 987.478516 1.0820000000000003 2.6410000000000005
26.12206940417 65.13072615521 0.1761 0.1819 33.2941 "" "" 519045492051870336 912.339783 1.2562 0.2528 2.616 -0.292 0.194 0.254 8.412 "" "" 16.357061 1.252131 16.690624 15.438493 "" "" 723.263367 1225.16296 5396.6207 10.649 2878.5 11.208 5293.7 7.2562 "" "" 0.003490256807038627 0.0050652754 0.0040618465 0.009127121 26.12206940417 65.13072615521 912.339783 2.6159999999999997 -0.29200000000000004
26.37749381841 64.68504679246 0.0278 0.0329 37.8394 "" "" 512274394515531264 836.55072 1.1625 0.0419 10.098 -5.31 0.034 0.045 1.034 4712.8 4.4354 16.360191 1.695161 17.152721 15.457561 "" "" 811.967834 867.191833 5381.08912 34.059 1880.7 41.425 5201.6 96.378 "" "" 0.007403835852494147 0.024077047 0.020469029 0.044546075 26.37749381841 64.68504679246 836.55072 10.097999999999999 -5.309999999999999
