Clusters/FSR_0551/FSR_0551_stars_in_region.tsv
# %ECSV 1.0
# ---
# datatype:
# - name: RA_ICRS_1
#   unit: deg
#   datatype: float64
#   format: '{:15.11f}'
#   description: Right ascension (ICRS) at Ep=2016.0 (ra)
#   meta: !!omap
#   - {ucd: POS_EQ_RA_MAIN}
#   - {width: 15}
#   - {precision: '11'}
# - name: DE_ICRS_1
#   unit: deg
#   datatype: float64
#   format: '{:15.11f}'
#   description: Declination (ICRS) at Ep=2016.0 (dec)
#   meta: !!omap
#   - {ucd: POS_EQ_DEC_MAIN}
#   - {width: 15}
#   - {precision: '11'}
# - name: e_RA_ICRS
#   unit: mas
#   datatype: float64
#   format: '{:7.4f}'
#   description: Standard error of right ascension (ra_error)
#   meta: !!omap
#   - {ucd: ERROR}
#   - {width: 7}
#   - {precision: '4'}
# - name: e_DE_ICRS
#   unit: mas
#   datatype: float64
#   format: '{:7.4f}'
#   description: Standard error of declination (dec_error)
#   meta: !!omap
#   - {ucd: ERROR}
#   - {width: 7}
#   - {precision: '4'}
# - name: _r_1
#   unit: ''
#   datatype: float64
#   format: '{:7.4f}'
#   description: Distance from center (024.96271932000+64.87019996000)[ICRS], at Epoch=J2016.0
#   meta: !!omap
#   - {ucd: POS_ANG_DIST_GENERAL}
#   - {width: 7}
#   - {precision: '4'}
# - name: HIP
#   datatype: int32
#   description: '? HIP cross-id number, van Leeuwen, Cat. I/311 (hip_original_ext_source_id)'
#   meta: !!omap
#   - {ucd: ID_NUMBER}
#   - {width: 6}
#   - values: {'null': -2147483648}
# - name: TYC2
#   datatype: string
#   description: Tycho-2 cross-id name, Hog et al., Cat. I/259 (tyc2_original_ext_source_id)
#   meta: !!omap
#   - {ucd: ID_CROSSID}
#   - {_votable_string_dtype: char}
# - name: Source
#   datatype: int64
#   description: Source identifier, identical to the Gaia-EDR3 source_id (id)
#   meta: !!omap
#   - {ucd: ID_MAIN}
#   - {width: 19}
# - name: rgeo
#   unit: pc
#   datatype: float64
#   format: '{:15.8f}'
#   description: '? Median of the geometric distance posterior (r_med_geo)'
#   meta: !!omap
#   - {ucd: PHYS_DISTANCE_TRUE}
#   - {width: 15}
#   - {precision: '8'}
#   - values: {'null': .nan}
# - name: Plx
#   unit: mas
#   datatype: float64
#   format: '{:9.4f}'
#   description: '? Parallax (parallax)'
#   meta: !!omap
#   - {ucd: POS_PARLX_TRIG}
#   - {width: 9}
#   - {precision: '4'}
#   - values: {'null': .nan}
# - name: e_Plx
#   unit: mas
#   datatype: float32
#   format: '{:7.4f}'
#   description: '? Standard error of parallax (parallax_error)'
#   meta: !!omap
#   - {ucd: ERROR}
#   - {width: 7}
#   - {precision: '4'}
#   - values: {'null': .nan}
# - name: pmRA
#   unit: mas / yr
#   datatype: float64
#   format: '{:9.3f}'
#   description: '? Proper motion in right ascension direction, pmRA*cosDE (pmra)'
#   meta: !!omap
#   - {ucd: POS_EQ_PMRA}
#   - {width: 9}
#   - {precision: '3'}
#   - values: {'null': .nan}
# - name: pmDE
#   unit: mas / yr
#   datatype: float64
#   format: '{:9.3f}'
#   description: '? Proper motion in declination direction (pmdec)'
#   meta: !!omap
#   - {ucd: POS_EQ_PMDEC}
#   - {width: 9}
#   - {precision: '3'}
#   - values: {'null': .nan}
# - name: e_pmRA
#   unit: mas / yr
#   datatype: float32
#   format: '{:6.3f}'
#   description: '? Standard error of proper motion in right ascension direction (pmra_error)'
#   meta: !!omap
#   - {ucd: ERROR}
#   - {width: 6}
#   - {precision: '3'}
#   - values: {'null': .nan}
# - name: e_pmDE
[...]
#         unit: &id001 !astropy.units.Unit {unit: deg}
#         value: !astropy.table.SerializedColumn {name: SkyCoord.dec}
#       distance: !astropy.table.SerializedColumn
#         __class__: astropy.coordinates.distances.Distance
#         unit: !astropy.units.Unit {unit: pc}
#         value: !astropy.table.SerializedColumn {name: SkyCoord.distance}
#       frame: icrs
#       obstime: !astropy.time.Time {format: jyear_str, in_subfmt: '*', jd1: 367701545.0, jd2: 0.0, out_subfmt: '*', precision: 3, scale: tt}
#       pm_dec: !astropy.table.SerializedColumn
#         __class__: astropy.units.quantity.Quantity
#         unit: !astropy.units.Unit {unit: mas / yr}
#         value: !astropy.table.SerializedColumn {name: SkyCoord.pm_dec}
#       pm_ra_cosdec: !astropy.table.SerializedColumn
#         __class__: astropy.units.quantity.Quantity
#         unit: !astropy.units.Unit {unit: mas / yr}
#         value: !astropy.table.SerializedColumn {name: SkyCoord.pm_ra_cosdec}
#       ra: !astropy.table.SerializedColumn
#         __class__: astropy.coordinates.angles.Longitude
#         unit: *id001
#         value: !astropy.table.SerializedColumn {name: SkyCoord.ra}
#         wrap_angle: !astropy.coordinates.Angle
#           unit: *id001
#           value: 360.0
#       representation_type: spherical
# schema: astropy-2.0
RA_ICRS_1 DE_ICRS_1 e_RA_ICRS e_DE_ICRS _r_1 HIP TYC2 Source rgeo Plx e_Plx pmRA pmDE e_pmRA e_pmDE RUWE Teff logg Gmag BP-RP BPmag RPmag RV e_RV b_rgeo B_rgeo FG e_FG FBP e_FBP FRP e_FRP RAVE5 RAVE6 e_Gmag e_BPmag e_RPmag e_BP-RP SkyCoord.ra SkyCoord.dec SkyCoord.distance SkyCoord.pm_ra_cosdec SkyCoord.pm_dec
[from data line 931]
23.56794439242 64.54443726478 0.1502 0.1742 40.7469 "" "" 512976123449532416 982.828735 1.1031 0.211 2.48 -4.095 0.188 0.236 5.248 4832.1 4.7326 16.363026 1.804602 17.047665 15.243063 "" "" 788.744812 1313.50732 5367.0645 13.385 2071.8 33.083 6337.7 57.293 "" "" 0.003863108621259952 0.017560378 0.010517589 0.028077967 23.56794439242 64.54443726478 982.828735 2.48 -4.095000000000001
24.6701935082 64.64421699179 0.0282 0.0316 15.4877 "" "" 513059651977211008 1082.97949 0.9009 0.0388 2.708 -0.082 0.034 0.043 1.058 5106.7 4.3024 16.364925 1.771342 17.223421 15.452079 "" "" 1039.38806 1133.20776 5357.67632 2.1446 1762.2 7.5293 5227.9 6.5046 "" "" 0.002789385308140818 0.0054134373 0.0040135537 0.0094269905 24.6701935082 64.64421699179 1082.97949 2.7080000000000006 -0.08199999999999998
26.35027064671 64.78815095543 0.0428 0.0522 35.7489 "" "" 512281610057032960 891.613464 1.117 0.0662 1.739 -8.216 0.049 0.074 1.74 4102.1 4.1833 16.371758 1.790039 17.12129 15.331251 "" "" 843.206421 943.704346 5324.07123 4.1643 1936.0 11.033 5843.3 46.197 "" "" 0.0028832223935151076 0.006787469 0.00937899 0.01616646 26.35027064671 64.78815095543 891.613464 1.7389999999999999 -8.216
25.10826256313 64.25929745468 0.0262 0.0315 36.8455 "" "" 512909534279263616 887.092346 1.1161 0.0418 3.706 -4.019 0.032 0.042 1.041 5295.6 4.6031 16.376982 1.518767 17.07439 15.555623 "" "" 848.380066 916.829407 5298.51698 2.0608 2021.4 6.1026 4752.4 8.4362 "" "" 0.002787492452651419 0.004304561 0.004242448 0.008547009 25.10826256313 64.25929745468 887.092346 3.706 -4.019000000000001
24.0526914947 65.31035462422 0.0298 0.0355 35.0185 "" "" 513281444084644352 842.558655 1.1745 0.0442 9.537 -0.121 0.034 0.049 1.075 5421.3 4.5403 16.377254 1.842012 17.276928 15.434916 "" "" 810.624084 880.690125 5297.18548 2.3173 1677.4 8.5248 5311.2 11.178 "" "" 0.0027959579624084207 0.006183203 0.004416467 0.01059967 24.0526914947 65.31035462422 842.558655 9.537 -0.12100000000000044
23.71331051037 64.45413890045 0.0325 0.0394 40.6485 "" "" 512948493919688192 910.162964 1.067 0.0482 -3.667 -0.768 0.04 0.056 1.17 5730.4 4.423 16.378197 1.900679 17.268663 15.367985 "" "" 871.170349 964.256042 5292.59014 3.5676 1690.3 6.4938 5648.9 9.4595 "" "" 0.002850862808085846 0.0050183497 0.0041939695 0.009212319 23.71331051037 64.45413890045 910.162964 -3.667 -0.7680000000000001
24.12944072439 65.25340625516 0.1254 0.1399 31.1931 "" "" 513093084002289024 916.952209 1.106 0.1796 -1.695 2.681 0.141 0.192 4.071 7454.9 4.3234 16.378218 1.696496 17.100275 15.403779 "" "" 802.374268 1090.83911 5292.4871 10.336 1973.8 12.714 5465.7 11.579 "" "" 0.003476761274281404 0.007529679 0.0044242805 0.011953959 24.12944072439 65.25340625516 916.952209 -1.6950000000000003 2.681
25.17579853261 64.97349705396 0.0351 0.0394 8.2327 "" "" 513046904513321984 828.830139 1.1806 0.0513 -16.02 -6.859 0.04 0.05 1.099 4746.6 4.3638 16.383879 1.716676 17.204453 15.487777 "" "" 789.80249 867.827515 5264.95794 2.3602 1793.2 8.1634 5058.8 6.7635 "" "" 0.0027979786738458893 0.005675879 0.0040485654 0.009724444 25.17579853261 64.97349705396 828.830139 -16.020000000000003 -6.858999999999998
24.59783287393 64.31002458167 0.0306 0.0339 34.8985 "" "" 512908331688374912 1073.53821 0.9017 0.0445 4.607 0.168 0.038 0.046 1.143 4815.4 4.3115 16.39184 1.67097 17.17301 15.50204 "" "" 1031.73987 1113.55347 5226.5014 2.8872 1845.9 7.9339 4992.8 8.0543 "" "" 0.0028198443840632085 0.0054371348 0.004165507 0.009602642 24.59783287393 64.31002458167 1073.53821 4.607 0.16800000000000004
25.70084981385 65.06599789293 0.0294 0.033 22.117 "" "" 513051439998727552 814.829285 1.1968 0.0459 2.63 -3.163 0.034 0.042 1.012 4484.6 4.444 16.391907 1.575337 17.133759 15.558421 "" "" 788.666809 845.989258 5226.17519 2.3581 1913.9 7.9659 4740.1 7.7538 "" "" 0.0027985328304914506 0.005310949 0.004175886 0.009486835 25.70084981385 65.06599789293 814.829285 2.63 -3.1629999999999994
25.97665196939 65.12854788915 0.0319 0.035 30.0217 "" "" 513052638289288192 858.004822 1.1453 0.0452 10.153 -8.004 0.04 0.052 1.076 4808.0 4.6321 16.402811 1.51464 17.043335 15.528695 "" "" 831.556641 891.586121 5173.9512 2.4564 2080.1 36.681 4871.7 32.959 "" "" 0.0028031225180810073 0.019348375 0.008260703 0.027609078 25.97665196939 65.12854788915 858.004822 10.152999999999999 -8.004
24.08163437626 64.48803034252 0.0265 0.0346 32.2018 "" "" 512961039528630784 1067.11914 0.924 0.0419 -0.453 -1.46 0.032 0.045 0.943 5857.9 4.4142 16.406013 1.727014 17.238304 15.511291 "" "" 1010.54279 1135.07019 5158.71417 2.202 1738.2 7.2828 4950.4 7.5889 "" "" 0.002794024442670195 0.0053365827 0.0041296515 0.009466235 24.08163437626 64.48803034252 1067.11914 -0.45300000000000007 -1.46
25.72608611079 65.41455828394 0.0297 0.033 37.9134 "" "" 519065356283129472 1039.3291 0.9415 0.0437 0.862 -0.641 0.036 0.044 1.056 5645.5 4.4102 16.406239 1.846251 17.312881 15.466631 "" "" 994.260986 1097.12854 5157.64531 2.3754 1622.8 6.8459 5158.3 8.4031 "" "" 0.0028003276553813577 0.0053631896 0.0041727773 0.009535966 25.72608611079 65.41455828394 1039.3291 0.862 -0.641
26.62152560677 64.97960649859 0.0289 0.0318 42.6872 "" "" 518289547752376832 996.497559 0.9846 0.0427 2.66 -1.689 0.034 0.041 1.045 4989.6 4.4535 16.407154 1.4827 17.076702 15.594002 "" "" 959.720459 1042.15076 5153.30012 2.1613 2017.1 9.1995 4587.3 11.905 "" "" 0.0027926942555858364 0.0056837616 0.004714152 0.010397913 26.62152560677 64.97960649859 996.497559 2.66 -1.689
24.54055741543 64.28767382072 0.0291 0.0341 36.6036 "" "" 512908228611851648 796.064148 1.2384 0.0443 4.573 -4.576 0.034 0.047 0.994 4518.4 4.2695 16.40953 1.931209 17.018734 15.087525 "" "" 768.641235 820.47345 5142.03298 3.4665 2127.8 37.786 7313.9 143.65 "" "" 0.0028508837850984648 0.019481612 0.021656921 0.041138534 24.54055741543 64.28767382072 796.064148 4.573000000000002 -4.5760000000000005
24.487369536 65.00757192798 0.0318 0.0356 14.6248 "" "" 513085146902885376 1050.16248 0.9349 0.0487 0.533 -3.079 0.038 0.053 0.953 5499.2 4.5608 16.409811 1.583186 17.14755 15.564364 "" "" 1011.83722 1095.46802 5140.70452 2.9952 1889.7 8.8254 4714.2 10.662 "" "" 0.002827007071766257 0.005787642 0.004507064 0.010294706 24.487369536 65.00757192798 1050.16248 0.533 -3.079
25.12076611661 65.02947918899 0.0329 0.0347 10.3659 "" "" 513094527112395008 1022.86957 0.9489 0.0461 -1.714 -7.481 0.037 0.047 0.999 7182.5 4.3452 16.412891 1.522941 17.11158 15.588639 "" "" 974.185669 1085.1897 5126.13495 2.2899 1953.4 7.2937 4610.0 7.2512 "" "" 0.0027976819352716793 0.004921357 0.0041473196 0.009068677 25.12076611661 65.02947918899 1022.86957 -1.714 -7.481000000000002
24.55418724043 65.14342407457 0.0322 0.0381 19.3907 "" "" 513087964402751488 945.34314 1.0277 0.0497 0.296 4.133 0.038 0.054 1.046 4668.3 4.4287 16.414446 1.604282 17.165703 15.56142 "" "" 901.099792 991.650391 5118.80644 2.4452 1858.4 7.0327 4727.0 9.9131 "" "" 0.002803708569633734 0.004966556 0.0044122674 0.009378823 24.55418724043 65.14342407457 945.34314 0.2959999999999998 4.133
24.81119229384 64.54065113881 0.0266 0.0313 20.1509 "" "" 512917643177371136 802.209351 1.2341 0.0393 9.748 -0.874 0.032 0.042 0.961 5026.9 4.5978 16.417042 1.748632 17.269815 15.521183 "" "" 778.769226 829.935547 5106.58299 2.0678 1688.5 5.9944 4905.5 7.0555 "" "" 0.0027901751556665055 0.0047583906 0.004089292 0.008847683 24.81119229384 64.54065113881 802.209351 9.748 -0.8739999999999996
24.14360638849 64.55897821419 0.0264 0.0328 28.0951 "" "" 512961726723326976 953.582214 1.0295 0.0409 -5.318 -0.363 0.032 0.042 1.026 4826.1 4.3076 16.424671 1.693234 17.238117 15.544884 "" "" 920.080078 995.696228 5070.81953 2.418 1738.5 6.869 4799.6 8.6076 "" "" 0.002803539306718055 0.005117416 0.0042514885 0.009368904 24.14360638849 64.55897821419 953.582214 -5.318 -0.3629999999999997
24.36023826146 65.20449947141 0.0575 0.0623 25.2002 "" "" 513092053210147456 1040.0072 0.9431 0.0827 -5.294 -0.848 0.074 0.081 1.749 "" "" 16.424788 1.677885 16.92437 15.246485 "" "" 973.858398 1119.13904 5070.27373 5.3571 2321.0 62.485 6317.8 119.84 "" "" 0.0029845866238232635 0.029362608 0.020938832 0.05030144 24.36023826146 65.20449947141 1040.0072 -5.294 -0.8479999999999998
23.47197607454 64.84900566536 0.0284 0.0312 38.0198 "" "" 513174276062384896 909.61377 1.068 0.0396 2.383 -3.054 0.033 0.042 0.981 5097.0 4.3878 16.428251 1.737613 17.262888 15.525275 "" "" 873.781067 943.527771 5054.12626 2.2112 1699.3 7.4558 4887.1 10.062 "" "" 0.002795966293682735 0.005520717 0.0043909894 0.009911707 23.47197607454 64.84900566536 909.61377 2.383000000000001 -3.054
24.67483656858 65.29001992777 0.0321 0.0363 26.2195 "" "" 513113871644933632 976.700439 1.0016 0.0468 3.084 -0.061 0.037 0.054 1.035 4781.7 4.5276 16.428904 1.716944 17.249533 15.532589 "" "" 932.295593 1021.62549 5051.09047 4.713 1720.3 10.955 4854.3 13.569 "" "" 0.002935657796515279 0.007455812 0.004847102 0.012302914 24.67483656858 65.29001992777 976.700439 3.084 -0.06099999999999994
25.73294452944 64.8255229166 0.0303 0.0349 19.8238 "" "" 513029793363682176 942.475525 1.0463 0.0456 -9.204 8.454 0.034 0.044 1.044 4902.6 4.3876 16.433031 1.5591 17.146564 15.587464 "" "" 905.093384 985.300964 5031.92853 2.1775 1891.4 7.1203 4615.0 11.745 "" "" 0.00279509159561091 0.004948866 0.0046817483 0.009630615 25.73294452944 64.8255229166 942.475525 -9.204000000000002 8.454
24.37266664528 65.11935001484 0.0369 0.0378 21.1522 "" "" 513086998026202880 883.420532 1.1165 0.0507 13.95 -6.797 0.041 0.049 1.012 4934.3 4.6314 16.435818 1.560729 17.160896 15.600167 "" "" 845.514404 926.740051 5019.02448 2.5464 1866.6 10.136 4561.3 10.575 "" "" 0.00280984389068799 0.006522653 0.004540922 0.011063576 24.37266664528 65.11935001484 883.420532 13.95 -6.796999999999999
23.60681423548 64.90509121242 0.0278 0.0301 34.5891 "" "" 513176165847980288 776.088562 1.2667 0.0395 -11.921 -2.165 0.033 0.041 0.965 5016.4 4.6064 16.437857 1.66748 17.235445 15.567965 "" "" 757.699524 795.893738 5009.61538 2.3607 1742.8 9.1496 4698.6 10.588 "" "" 0.002802420440238204 0.0063463096 0.004502196 0.010848505 23.60681423548 64.90509121242 776.088562 -11.921 -2.1650000000000005
25.94241698056 65.37646958578 0.0286 0.0329 39.1675 "" "" 519061679791276416 1038.37878 0.9424 0.0434 -2.349 -6.96 0.034 0.045 1.062 4919.0 4.2944 16.43855 1.727252 17.27432 15.547069 "" "" 993.417236 1087.21777 5006.40742 2.0718 1681.5 8.7831 4789.9 7.2693 "" "" 0.0027917143057162633 0.0063204113 0.0041229594 0.010443371 25.94241698056 65.37646958578 1038.37878 -2.349 -6.96
24.82785376609 64.63652214327 0.0269 0.0318 14.4392 "" "" 513059063555320960 791.571594 1.2244 0.0391 1.523 0.97 0.032 0.042 1.006 5269.8 4.626 16.439995 1.617712 17.198399 15.580687 "" "" 769.935425 818.698364 4999.75189 2.0279 1803.3 7.6886 4643.9 9.2785 "" "" 0.002790290181987412 0.005405026 0.0043577035 0.0097627295 24.82785376609 64.63652214327 791.571594 1.5230000000000001 0.9699999999999996
24.06036907647 64.82553720214 0.0293 0.0355 23.1665 "" "" 512983682595977216 1014.7124 0.9615 0.0426 -5.711 -5.226 0.036 0.049 0.94 5495.5 4.5533 16.440292 1.62914 17.207079 15.577939 "" "" 974.697083 1056.14612 4998.38459 2.3782 1788.9 10.342 4655.7 7.5945 "" "" 0.0028033285516525556 0.006869067 0.004173782 0.011042849 24.06036907647 64.82553720214 1014.7124 -5.711 -5.226000000000001
25.73026345816 64.8182163644 0.0347 0.0391 19.8229 "" "" 513029793363684736 865.195435 1.1366 0.0518 0.6 2.729 0.039 0.05 1.123 4672.4 4.3523 16.441923 1.707663 17.25368 15.546017 "" "" 830.498413 902.223938 4990.88812 2.6629 1713.7 11.026 4794.6 10.36 "" "" 0.002815559353169453 0.0075222678 0.0044483184 0.011970586 25.73026345816 64.8182163644 865.195435 0.6000000000000003 2.729
24.57155882057 64.46794227936 0.0273 0.0311 26.1408 "" "" 512962585716968320 940.429504 1.0463 0.0401 10.085 2.53 0.032 0.044 1.049 5494.3 4.446 16.44259 1.821527 17.336441 15.514914 "" "" 906.844055 977.251099 4987.81398 2.2232 1588.0 7.7025 4933.9 9.5164 "" "" 0.0027974968305091103 0.005959778 0.0043207835 0.010280562 24.57155882057 64.46794227936 940.429504 10.085 2.5299999999999985
25.91989493834 64.71172728757 0.031 0.0345 26.2436 "" "" 513025326597920896 1070.76123 0.9055 0.0453 1.712 -2.211 0.036 0.046 1.128 5597.2 4.5435 16.44511 1.712762 17.268248 15.555486 "" "" 1020.20959 1126.57263 4976.25512 2.7311 1690.9 6.4685 4753.0 9.0441 "" "" 0.0028190181158523047 0.005003626 0.0043071937 0.009310819 25.91989493834 64.71172728757 1070.76123 1.712 -2.211
24.74225032204 65.357513781 0.031 0.0345 29.764 "" "" 513114558839648256 936.519592 1.0393 0.0439 -12.781 9.506 0.037 0.047 0.995 5178.7 4.4896 16.454634 1.661647 17.236244 15.574597 "" "" 901.368469 970.082214 4932.79816 2.2647 1741.5 7.2824 4670.0 7.9429 "" "" 0.0028000472702879235 0.0053290245 0.0042064087 0.009535434 24.74225032204 65.357513781 936.519592 -12.781 9.505999999999998
24.9964645415 64.90495392492 0.032 0.0339 2.2553 "" "" 513069822459635712 934.700867 1.0555 0.0454 0.021 -1.317 0.039 0.047 0.992 4487.0 4.1768 16.457598 2.006993 17.475517 15.468524 "" "" 899.880859 968.860352 4919.34716 6.3506 1397.0 8.9022 5149.3 20.36 "" "" 0.003091332992691855 0.007460136 0.005719526 0.013179662 24.9964645415 64.90495392492 934.700867 0.02100000000000002 -1.317
24.8352833481 65.0621112931 0.0359 0.0343 11.9606 "" "" 513074907700836352 904.097107 1.0709 0.0489 -1.364 -1.742 0.041 0.047 1.033 8314.8 4.0981 16.460505 2.376026 17.726637 15.350611 "" "" 864.052551 939.402588 4906.20054 3.8933 1108.6 7.1418 5740.0 11.398 "" "" 0.002886886526982646 0.007530483 0.00435108 0.011881563 24.8352833481 65.0621112931 904.097107 -1.364 -1.742
23.26269590267 64.82035608004 0.0274 0.0315 43.4588 "" "" 513171080606619648 958.11084 1.0276 0.0409 -0.134 -1.528 0.033 0.045 1.046 4847.2 4.2608 16.460884 1.937494 17.42336 15.485867 "" "" 917.130981 994.700195 4904.48085 3.9219 1465.8 9.0282 5067.7 13.828 "" "" 0.0028888732060208034 0.0072460347 0.004802157 0.012048192 23.26269590267 64.82035608004 958.11084 -0.13399999999999995 -1.528
26.03598092816 64.73546894629 0.0283 0.0314 28.5821 "" "" 513026696684184448 795.854858 1.2225 0.0419 1.924 10.667 0.033 0.041 1.027 "" "" 16.462904 1.634744 17.241669 15.606925 "" "" 773.489197 823.164246 4895.36229 1.9493 1732.8 6.6649 4533.0 6.7681 "" "" 0.0027890322737769 0.0050224243 0.004112376 0.0091348 26.03598092816 64.73546894629 795.854858 1.923999999999999 10.667000000000002
23.48646317145 64.82618316072 0.0296 0.0317 37.7378 "" "" 513174035544222208 876.507141 1.1001 0.041 8.27 -1.38 0.035 0.043 1.093 5522.6 4.5201 16.462936 1.777267 17.316769 15.539502 "" "" 847.55011 910.092957 4895.21909 2.2977 1617.0 8.4271 4823.4 8.382 "" "" 0.0028020529567397666 0.0063089114 0.0042241714 0.010533083 23.48646317145 64.82618316072 876.507141 8.27 -1.38
24.92816340034 64.67937758946 0.0266 0.0328 11.4834 "" "" 513013846139699200 892.355042 1.1086 0.0401 2.916 -0.087 0.032 0.045 1.032 4832.7 4.4274 16.463245 1.649246 17.24539 15.596144 "" "" 861.103333 932.658386 4893.82569 3.7128 1726.9 7.0414 4578.3 10.916 "" "" 0.002875812411528022 0.0052329693 0.0045809555 0.009813925 24.92816340034 64.67937758946 892.355042 2.9160000000000004 -0.08699999999999983
25.62353596456 64.27636873641 0.0308 0.0363 39.4873 "" "" 512989382007324032 1070.06274 0.8911 0.0463 3.09 -7.406 0.037 0.048 1.18 4697.2 4.2879 16.464657 1.723294 17.280384 15.55709 "" "" 1016.44586 1129.37366 4887.46953 2.7545 1672.1 7.3502 4745.9 8.6634 "" "" 0.002822448479208856 0.0055284183 0.004267538 0.009795956 25.62353596456 64.27636873641 1070.06274 3.0899999999999994 -7.406
24.51192123766 65.2645297053 0.095 0.1209 26.2638 "" "" 513113218809925248 745.666077 1.39 0.1479 12.303 -3.467 0.109 0.174 3.13 7638.5 4.1514 16.4655 2.087702 17.491419 15.403717 "" "" 667.610229 853.096497 4883.67506 9.0723 1376.7 11.516 5466.0 10.424 "" "" 0.003414655672121455 0.009501038 0.004309405 0.013810443 24.51192123766 65.2645297053 745.666077 12.303 -3.4669999999999996
