Clusters/FSR_0551/FSR_0551_members.tsv
# %ECSV 1.0
# ---
# datatype:
# - name: RA_ICRS_1
#   unit: deg
#   datatype: float64
#   format: '{:15.11f}'
#   description: Right ascension (ICRS) at Ep=2016.0 (ra)
#   meta: !!omap
#   - {ucd: POS_EQ_RA_MAIN}
#   - {width: 15}
#   - {precision: '11'}
# - name: DE_ICRS_1
#   unit: deg
#   datatype: float64
#   format: '{:15.11f}'
#   description: Declination (ICRS) at Ep=2016.0 (dec)
#   meta: !!omap
#   - {ucd: POS_EQ_DEC_MAIN}
#   - {width: 15}
#   - {precision: '11'}
# - name: e_RA_ICRS
#   unit: mas
#   datatype: float64
#   format: '{:7.4f}'
#   description: Standard error of right ascension (ra_error)
#   meta: !!omap
#   - {ucd: ERROR}
#   - {width: 7}
#   - {precision: '4'}
# - name: e_DE_ICRS
#   unit: mas
#   datatype: float64
#   format: '{:7.4f}'
#   description: Standard error of declination (dec_error)
#   meta: !!omap
#   - {ucd: ERROR}
#   - {width: 7}
#   - {precision: '4'}
# - name: _r_1
#   unit: ''
#   datatype: float64
#   format: '{:7.4f}'
#   description: Distance from center (024.96271932000+64.87019996000)[ICRS], at Epoch=J2016.0
#   meta: !!omap
#   - {ucd: POS_ANG_DIST_GENERAL}
#   - {width: 7}
#   - {precision: '4'}
# - name: HIP
#   datatype: int32
#   description: '? HIP cross-id number, van Leeuwen, Cat. I/311 (hip_original_ext_source_id)'
#   meta: !!omap
#   - {ucd: ID_NUMBER}
#   - {width: 6}
#   - values: {'null': -2147483648}
# - name: TYC2
#   datatype: string
#   description: Tycho-2 cross-id name, Hog et al., Cat. I/259 (tyc2_original_ext_source_id)
#   meta: !!omap
#   - {ucd: ID_CROSSID}
#   - {_votable_string_dtype: char}
# - name: Source
#   datatype: int64
#   description: Source identifier, identical to the Gaia-EDR3 source_id (id)
#   meta: !!omap
#   - {ucd: ID_MAIN}
#   - {width: 19}
# - name: rgeo
#   unit: pc
#   datatype: float64
#   format: '{:15.8f}'
#   description: '? Median of the geometric distance posterior (r_med_geo)'
#   meta: !!omap
#   - {ucd: PHYS_DISTANCE_TRUE}
#   - {width: 15}
#   - {precision: '8'}
#   - values: {'null': .nan}
# - name: Plx
#   unit: mas
#   datatype: float64
#   format: '{:9.4f}'
#   description: '? Parallax (parallax)'
#   meta: !!omap
#   - {ucd: POS_PARLX_TRIG}
#   - {width: 9}
#   - {precision: '4'}
#   - values: {'null': .nan}
# - name: e_Plx
#   unit: mas
#   datatype: float32
#   format: '{:7.4f}'
#   description: '? Standard error of parallax (parallax_error)'
#   meta: !!omap
#   - {ucd: ERROR}
#   - {width: 7}
#   - {precision: '4'}
#   - values: {'null': .nan}
# - name: pmRA
#   unit: mas / yr
#   datatype: float64
#   format: '{:9.3f}'
#   description: '? Proper motion in right ascension direction, pmRA*cosDE (pmra)'
#   meta: !!omap
#   - {ucd: POS_EQ_PMRA}
#   - {width: 9}
#   - {precision: '3'}
#   - values: {'null': .nan}
# - name: pmDE
#   unit: mas / yr
#   datatype: float64
#   format: '{:9.3f}'
#   description: '? Proper motion in declination direction (pmdec)'
#   meta: !!omap
#   - {ucd: POS_EQ_PMDEC}
#   - {width: 9}
#   - {precision: '3'}
#   - values: {'null': .nan}
# - name: e_pmRA
#   unit: mas / yr
#   datatype: float32
#   format: '{:6.3f}'
#   description: '? Standard error of proper motion in right ascension direction (pmra_error)'
#   meta: !!omap
#   - {ucd: ERROR}
#   - {width: 6}
#   - {precision: '3'}
#   - values: {'null': .nan}
# - name: e_pmDE
[...]
#       distance: !astropy.table.SerializedColumn
#         __class__: astropy.coordinates.distances.Distance
#         unit: !astropy.units.Unit {unit: pc}
#         value: !astropy.table.SerializedColumn {name: SkyCoord.distance}
#       frame: icrs
#       obstime: !astropy.time.Time {format: jyear_str, in_subfmt: '*', jd1: 367701545.0, jd2: 0.0, out_subfmt: '*', precision: 3, scale: tt}
#       pm_dec: !astropy.table.SerializedColumn
#         __class__: astropy.units.quantity.Quantity
#         unit: !astropy.units.Unit {unit: mas / yr}
#         value: !astropy.table.SerializedColumn {name: SkyCoord.pm_dec}
#       pm_ra_cosdec: !astropy.table.SerializedColumn
#         __class__: astropy.units.quantity.Quantity
#         unit: !astropy.units.Unit {unit: mas / yr}
#         value: !astropy.table.SerializedColumn {name: SkyCoord.pm_ra_cosdec}
#       ra: !astropy.table.SerializedColumn
#         __class__: astropy.coordinates.angles.Longitude
#         unit: *id001
#         value: !astropy.table.SerializedColumn {name: SkyCoord.ra}
#         wrap_angle: !astropy.coordinates.Angle
#           unit: *id001
#           value: 360.0
#       representation_type: spherical
# schema: astropy-2.0
RA_ICRS_1 DE_ICRS_1 e_RA_ICRS e_DE_ICRS _r_1 HIP TYC2 Source rgeo Plx e_Plx pmRA pmDE e_pmRA e_pmDE RUWE Teff logg Gmag BP-RP BPmag RPmag RV e_RV b_rgeo B_rgeo FG e_FG FBP e_FBP FRP e_FRP RAVE5 RAVE6 e_Gmag e_BPmag e_RPmag e_BP-RP SkyCoord.ra SkyCoord.dec SkyCoord.distance SkyCoord.pm_ra_cosdec SkyCoord.pm_dec rmRA rmDE e_rmRA e_rmDE rRV e_rRV v_pec v_pec3d e_vpec e_vpec3d Pmemb
24.8412988432 64.86528289628 0.0077 0.0087 3.1081 "" 4039-987-1 513068654228557696 912.912109 1.082 0.0116 -0.101 -1.603 0.009 0.012 0.877 15202.5 4.2234 10.682175 0.439658 10.833208 10.39355 "" "" 904.045349 920.6203 1004793.34323 537.44 634060.0 1074.3 551740.0 819.12 "" "" 0.0028158554394855425 0.0033420227 0.0041087638 0.0074507864 24.8412988432 64.86528289628 912.912109 -0.10099999999999965 -1.6029999999999998 -0.14956756702065468 -0.12043245124816893 0.11718191 0.12018192 "" "" 0.8309406042465493 "" 0.09835926105991824 "" 0.9
25.05330636282 64.84357163123 0.0099 0.0116 2.8081 "" 4039-723-1 513021100348816896 921.471436 1.0648 0.0149 0.053 -1.634 0.011 0.015 0.99 14141.5 4.0415 10.884126 0.502692 11.062545 10.559853 "" "" 910.369812 936.526428 834250.44028 155.13 513330.0 197.55 473390.0 110.24 "" "" 0.002762707121123944 0.0028212823 0.0037878298 0.006609112 25.05330636282 64.84357163123 921.471436 0.05300000000000005 -1.634 0.00443243297934532 -0.15143245124816884 0.119181916 0.12318192 "" "" 0.6617060865231821 "" 0.08150799514801707 "" 0.8
24.80498052835 64.82515170123 0.0072 0.0082 4.8463 "" "" 513068482429892736 896.415955 1.095 0.0109 0.094 -1.628 0.009 0.01 0.929 "" "" 12.259151 0.593355 12.479758 11.886403 1.39 35.92 888.98291 906.040771 235118.13349 35.445 139160.0 49.501 139510.0 44.616 "" "" 0.00276017757439893 0.0028167723 0.0037952985 0.006612071 24.80498052835 64.82515170123 896.415955 0.0940000000000003 -1.628 0.04543243297934532 -0.14543245124816884 0.11718191 0.118181914 26.57277777777778 38.86439 0.6473952271127875 26.580662885023187 0.07645306671792072 38.85286231768069 0.8
24.96679714204 64.8628872081 0.0074 0.0087 0.4509 "" "" 513068276271436160 878.588074 1.1179 0.0108 -0.012 -1.552 0.009 0.012 0.929 "" "" 12.275002 0.689577 12.539155 11.849578 "" "" 871.884155 886.782349 231710.43916 34.521 131750.0 60.042 144320.0 44.129 "" "" 0.002760064239992547 0.0028337033 0.003793935 0.0066276384 24.96679714204 64.8628872081 878.588074 -0.011999999999999789 -1.5519999999999996 -0.060567567020654675 -0.06943245124816899 0.11718191 0.12018192 "" "" 0.38370677724077196 "" 0.04562075244513139 "" 0.9
25.3210189861 64.90817579568 0.0072 0.0083 9.4033 "" "" 513045633203038976 874.45105 1.1236 0.0112 0.07 -1.591 0.009 0.011 0.859 9731.8 4.1469 12.547158 0.668834 12.803073 12.134239 "" "" 865.506348 882.28833 180336.38341 29.307 103320.0 51.94 111040.0 30.148 "" "" 0.0027609640820883178 0.0028430542 0.0037908608 0.006633915 25.3210189861 64.90817579568 874.45105 0.07000000000000028 -1.5910000000000002 0.02143243297934533 -0.10843245124816892 0.11718191 0.119181916 "" "" 0.45813678778606975 "" 0.0545674472262493 "" 0.8
24.81026538662 64.74973237093 0.0073 0.0084 8.2099 "" "" 513061228218710400 893.584961 1.0978 0.0104 0.074 -1.696 0.008 0.011 0.931 "" "" 12.63569 0.811335 12.954946 12.143611 -16.64 25.18 886.795288 900.884155 166215.18696 23.309 89834.0 40.471 110080.0 35.152 "" "" 0.0027595237988506526 0.0028327196 0.0037952517 0.0066279713 24.81026538662 64.74973237093 893.584961 0.07399999999999995 -1.6960000000000002 0.025432432979345318 -0.2134324512481689 0.11618192 0.119181916 8.54277777777778 28.124393 0.9104083116372688 8.591152161054538 0.10846644424714677 27.966035204534695 0.8
24.85419220205 64.91672985223 0.0083 0.0093 3.9278 "" "" 513069371476695552 877.762268 1.1167 0.0128 -0.052 -1.572 0.01 0.012 1.046 "" "" 12.6993 0.685645 12.962146 12.276501 "" "" 867.746521 887.207947 156756.94161 25.288 89240.0 40.507 97400.0 31.483 "" "" 0.002760881596781822 0.0028333596 0.003795641 0.0066290004 24.85419220205 64.91672985223 877.762268 -0.051999999999999935 -1.572 -0.10056756702065467 -0.08943245124816901 0.118181914 0.12018192 "" "" 0.5599360650747726 "" 0.06667116584872555 "" 1.0
24.97048952047 64.90246386288 0.0082 0.0089 1.9459 "" "" 513069856819375616 895.744324 1.0963 0.0119 -0.121 -1.334 0.01 0.012 0.971 9735.5 4.1573 12.738648 0.77284 13.036736 12.263896 "" "" 884.842163 908.049255 151177.58633 25.13 83315.0 42.015 98537.0 46.278 "" "" 0.0027612248143854138 0.0028433842 0.003813626 0.00665701 24.97048952047 64.90246386288 895.744324 -0.12099999999999983 -1.3340000000000003 -0.16956756702065467 0.14856754875183098 0.118181914 0.12018192 "" "" 0.9572009815598328 "" 0.11395917652144892 "" 1.0
25.21031479063 64.75403781096 0.0072 0.0088 9.4101 "" "" 513019588520370688 844.315491 1.1645 0.0109 0.029 -1.632 0.009 0.012 0.966 10316.6 4.2218 12.747202 0.848846 13.083938 12.235091 "" "" 837.422729 851.943237 149991.31291 21.903 79770.0 43.809 101190.0 29.064 "" "" 0.0027598780751923097 0.0028531726 0.0037922256 0.006645398 25.21031479063 64.75403781096 844.315491 0.029000000000000137 -1.6319999999999997 -0.019567567020654677 -0.14943245124816884 0.11718191 0.12018192 "" "" 0.6031423787963739 "" 0.07245667947577124 "" 0.8
24.87177906778 64.87952452106 0.0087 0.0095 2.3834 "" "" 513069062239804032 891.537476 1.1027 0.0125 -0.018 -1.507 0.01 0.012 0.918 6465.8 3.7302 12.861788 1.227069 13.394169 12.1671 -25.21 3.9 881.916138 901.124329 134968.22343 21.105 59944.0 37.975 107730.0 30.781 "" "" 0.002760545876508517 0.0028736994 0.0037920922 0.0066657914 24.87177906778 64.87952452106 891.537476 -0.018000000000000127 -1.507 -0.06656756702065468 -0.02443245124816884 0.118181914 0.12018192 -0.02722222222222115 6.8443937 0.29965642746807114 0.30089038519973244 0.035485650052604754 0.6202351538922302 1.0
24.85895603844 64.83953450708 0.0076 0.0086 3.2224 "" "" 513068546843583104 913.156982 1.063 0.0111 -0.01 -1.519 0.009 0.011 1.008 8725.8 4.1892 13.259842 0.992619 13.667167 12.674547 "" "" 904.125366 922.218262 93542.74482 21.103 46618.0 43.797 67506.0 46.07 "" "" 0.002766185938251677 0.0029707775 0.0038513325 0.00682211 24.85895603844 64.83953450708 913.156982 -0.010000000000000009 -1.519 -0.05856756702065468 -0.03643245124816885 0.11718191 0.119181916 "" "" 0.2985468044843828 "" 0.03515189316038023 "" 0.9
24.98814512809 64.82624098463 0.012 0.0144 2.7161 "" "" 513067863954599424 829.938232 1.1745 0.0182 0.155 -1.422 0.014 0.019 1.503 "" "" 13.432899 1.433206 14.082019 12.648813 -8.3 3.6 818.812744 841.873291 79760.43649 45.184 31813.0 60.373 69125.0 97.85 "" "" 0.002823135681744539 0.0034685023 0.004079931 0.0075484333 24.98814512809 64.82624098463 829.938232 0.15500000000000008 -1.422 0.10643243297934532 0.060567548751831124 0.122181915 0.12718192 16.88277777777778 6.5443935 0.481743694568392 16.889649566556542 0.059458609868737036 6.5417310817520145 0.9
25.21852318245 64.94304166674 0.0154 0.0167 7.8403 "" "" 513046732714648192 893.082886 1.0804 0.0226 0.057 -1.505 0.017 0.021 1.594 7162.8 4.0408 13.527976 1.138615 14.002164 12.863549 "" "" 874.97229 912.887695 73072.87174 21.354 34241.0 28.45 56720.0 29.13 "" "" 0.002773528109284633 0.0029323802 0.003820295 0.0067526754 25.21852318245 64.94304166674 893.082886 0.057000000000000606 -1.5049999999999986 0.008432432979345324 -0.02243245124816884 0.12518191 0.12918192 "" "" 0.10144890867846454 "" 0.013055807951909389 "" 0.9
25.09703878635 64.83714240971 0.0092 0.0113 3.9575 "" "" 513021031629342080 912.604736 1.0653 0.0143 0.116 -1.531 0.011 0.015 0.97 "" "" 13.74168 1.042109 14.174607 13.132499 "" "" 899.185425 924.219849 60017.03374 9.9113 29213.0 19.611 44275.0 16.093 "" "" 0.002761147933552611 0.0028837984 0.0037999302 0.0066837287 25.09703878635 64.83714240971 912.604736 0.11600000000000021 -1.5310000000000001 0.06743243297934533 -0.04843245124816886 0.119181916 0.12318192 "" "" 0.35913688565435675 "" 0.04329684458902869 "" 0.8
24.95619927628 64.8919975879 0.0095 0.0104 1.3184 "" "" 513068379350633216 922.029907 1.055 0.0139 -0.027 -1.419 0.011 0.014 0.983 8190.7 4.2671 13.760577 1.020259 14.182524 13.162265 "" "" 909.145142 932.357544 58981.48905 9.2456 29001.0 16.941 43078.0 18.338 "" "" 0.0027605715578946726 0.0028613461 0.0038075382 0.0066688843 24.95619927628 64.8919975879 922.029907 -0.02700000000000019 -1.419 -0.07556756702065467 0.06356754875183102 0.119181916 0.122181915 "" "" 0.43157312833227013 "" 0.05197614373966417 "" 1.0
24.74587967327 64.96470822906 0.0114 0.0117 7.9104 "" "" 513072708677620608 909.416443 1.0699 0.0162 -0.202 -1.352 0.014 0.016 1.003 6683.9 4.0768 14.243806 1.189216 14.753919 13.564703 -19.6 4.6 895.130249 922.046631 37794.12761 5.9693 17134.0 9.1514 29736.0 15.025 "" "" 0.00276065139710439 0.0028497952 0.0038189907 0.0066687856 24.74587967327 64.96470822906 909.416443 -0.202 -1.3519999999999985 -0.2505675670206547 0.13056754875183096 0.122181915 0.12418192 5.582777777777778 7.5443935 1.217950457245907 5.714088819081735 0.14933503597449993 7.371090412824303 0.8
24.73700005651 64.81187498217 0.0105 0.0116 6.7377 "" "" 513062675634119680 902.125977 1.0814 0.0152 0.318 -1.584 0.013 0.016 0.923 6105.0 4.0408 14.260603 1.235565 14.779347 13.543782 -17.69 5.64 889.171448 912.636414 37213.94536 5.8828 16737.0 19.85 30314.0 63.323 "" "" 0.0027606607085353713 0.0030729729 0.0044076685 0.0074806414 24.73700005651 64.81187498217 902.125977 0.318 -1.5840000000000003 0.2694324329793453 -0.10143245124816902 0.12118192 0.12418192 7.492777777777778 8.5843935 1.2310526635056904 7.593234454926632 0.14964472775912907 8.470858769714328 0.9
24.97608722622 64.91976920483 0.0127 0.0143 2.9936 "" "" 513069994258317184 888.531555 1.0958 0.0187 -0.063 -1.451 0.015 0.019 0.931 6363.7 4.217 14.604368 1.35161 15.204445 13.852835 -32.5 22.04 876.351135 905.521179 27114.37377 10.872 11315.0 22.601 22805.0 28.728 "" "" 0.0027895008842723904 0.0035338737 0.0040192544 0.007553128 24.97608722622 64.91976920483 888.531555 -0.06299999999999994 -1.4510000000000005 -0.11156756702065468 0.03156754875183099 0.12318192 0.12718192 -7.31722222222222 24.984394 0.48832924964262336 7.333498926531538 0.06030029188898891 24.928941522490295 1.0
24.83337548287 64.92332441198 0.014 0.0153 4.5826 "" "" 513069444502502272 966.103271 1.003 0.0207 0.167 -1.63 0.017 0.021 1.076 5375.1 4.1163 14.746154 1.505497 15.4146 13.909103 -24.3 5.81 948.874573 983.369629 23794.96556 36.763 9323.5 56.028 21653.0 99.398 "" "" 0.003225776687951278 0.0070961104 0.0062549706 0.013351081 24.83337548287 64.92332441198 966.103271 0.16700000000000004 -1.6300000000000001 0.11843243297934533 -0.14743245124816884 0.12518191 0.12918192 0.882777777777779 8.754394 0.8659967212529913 1.23662723815999 0.1105254670673662 6.24988401291934 0.8
25.00068325573 64.83705456512 0.0139 0.0164 2.2118 "" "" 513067898314331136 896.084412 1.0858 0.021 0.071 -1.423 0.017 0.022 1.028 5364.3 3.8364 14.876617 1.596334 15.622904 14.026569 5.51 13.57 880.126404 913.18396 21100.85218 23.672 7695.8 31.662 19433.0 66.18 "" "" 0.003012539681668023 0.0052667344 0.0052872887 0.010554023 25.00068325573 64.83705456512 896.084412 0.07099999999999984 -1.4229999999999992 0.022432432979345315 0.05956754875183101 0.12518191 0.13018191 30.692777777777778 16.514393 0.27035571618658194 30.69396846172427 0.0350303639761562 16.513752227443305 0.9
25.00896618496 64.82493165952 0.018 0.0214 2.9611 "" "" 513067898314338304 915.787964 1.0592 0.0275 0.202 -1.564 0.023 0.029 1.307 5456.6 3.8194 14.97002 1.733667 15.800305 14.066638 -16.89 9.19 893.93689 940.196777 19361.47903 14.83 6535.7 17.835 18729.0 34.477 "" "" 0.002878087486660054 0.00406981 0.0042753215 0.008345131 25.00896618496 64.82493165952 915.787964 0.20199999999999974 -1.5640000000000005 0.15343243297934533 -0.081432451248169 0.13118191 0.13718191 8.29277777777778 12.134394 0.7540163455570177 8.326986484975949 0.09992515497645627 12.084546881986462 0.9
24.90848027934 64.89231355044 0.0174 0.0182 1.9154 "" "" 513069100905139200 888.27063 1.1029 0.0247 0.191 -1.428 0.021 0.024 0.932 5132.3 4.1292 15.321486 1.82096 16.20927 14.38831 26.07 10.31 866.984253 911.122681 14007.22709 48.199 4484.4 52.575 13926.0 132.39 "" "" 0.004642165173894621 0.013031354 0.010991912 0.024023267 24.90848027934 64.89231355044 888.27063 0.191 -1.4280000000000004 0.14243243297934532 0.05456754875183112 0.12918192 0.13218191 51.25277777777778 13.254395 0.6422018946959814 51.25680104348908 0.08320994786687302 13.253354203953322 1.0
24.91302611158 64.92101843236 0.0177 0.0192 3.3011 "" "" 513070681453084288 928.721191 1.0498 0.0262 0.027 -1.546 0.021 0.026 1.039 4987.5 4.1656 15.442037 1.636869 16.210686 14.573817 "" "" 910.263367 947.41272 12535.22931 15.028 4478.6 20.355 11739.0 38.94 "" "" 0.0030473060366829436 0.0056688143 0.00522062 0.010889434 24.91302611158 64.92101843236 928.721191 0.026999999999999913 -1.546 -0.02156756702065468 -0.06343245124816899 0.12918192 0.13418192 "" "" 0.2949378821354075 "" 0.03942507631221089 "" 1.0
24.89487920159 64.9286311537 0.0185 0.0209 3.908 "" "" 513070681453079680 902.032043 1.0702 0.0284 0.131 -1.407 0.022 0.029 1.01 5014.0 4.1662 15.566069 1.822083 16.452545 14.630463 "" "" 879.655701 927.6922 11181.99416 13.568 3584.3 16.312 11142.0 38.829 "" "" 0.0030540723315574335 0.0056744968 0.0053479113 0.011022408 24.89487920159 64.9286311537 902.032043 0.13100000000000034 -1.4069999999999998 0.08243243297934533 0.07556754875183103 0.13018191 0.13718191 "" "" 0.47813648728550073 "" 0.06379483946673811 "" 1.0
24.99103961623 64.74823106477 0.0228 0.0271 7.3538 "" "" 513014503279097728 877.261536 1.1105 0.0331 0.168 -1.608 0.027 0.037 1.069 5028.3 4.2829 15.898461 1.631789 16.664984 15.033195 "" "" 845.478699 909.284241 8233.07477 14.339 2947.3 18.307 7689.2 36.267 "" "" 0.0033417807828367506 0.00729839 0.006364618 0.013663008 24.99103961623 64.74823106477 877.261536 0.1679999999999997 -1.6079999999999994 0.11943243297934533 -0.12543245124816904 0.13518192 0.14518192 "" "" 0.7201936356805521 "" 0.10119842730237849 "" 0.8
24.89060752705 64.92614025092 0.0238 0.0266 3.8255 "" "" 513070681453081344 929.364319 1.0555 0.0365 -0.036 -1.371 0.028 0.036 1.037 5667.7 4.3957 16.000486 1.76701 16.844475 15.077465 "" "" 896.838806 959.738953 7494.6706 7.5338 2498.2 11.959 7382.0 20.725 "" "" 0.002963604848411826 0.0058990456 0.004855441 0.010754487 24.89060752705 64.92614025092 929.364319 -0.03600000000000014 -1.3709999999999996 -0.08456756702065468 0.11156754875183106 0.13618192 0.1441819 "" "" 0.6167102926120572 "" 0.08715053778219028 "" 1.0
24.8596385543 65.03174928957 0.0262 0.027 10.0404 "" "" 513074598463196160 903.954651 1.0807 0.0376 0.204 -1.64 0.031 0.037 0.974 4946.0 4.385 16.022385 1.798175 16.898323 15.100148 "" "" 875.618042 935.820251 7345.0223 7.7526 2377.3 10.356 7229.3 20.876 "" "" 0.0029841361919578833 0.005491355 0.0049105664 0.010401921 24.8596385543 65.03174928957 903.954651 0.20399999999999985 -1.6400000000000001 0.1554324329793453 -0.15743245124816885 0.13918191 0.14518192 "" "" 0.9479287209191856 "" 0.13484466597452036 "" 0.8
25.13987184104 64.87626264767 0.0285 0.0328 4.528 "" "" 513022680896769152 884.605469 1.0949 0.0428 0.099 -1.371 0.033 0.044 1.067 4795.4 4.276 16.214447 1.754907 17.059513 15.304606 "" "" 852.085754 924.866821 6154.15002 8.349 2049.3 12.596 5988.5 24.529 "" "" 0.0031243235531863275 0.0072332695 0.0058362028 0.013069472 25.13987184104 64.87626264767 884.605469 0.09900000000000009 -1.3710000000000004 0.050432432979345326 0.11156754875183106 0.14118192 0.15218192 "" "" 0.5133807934213573 "" 0.07719824063889359 "" 0.9
24.9964645415 64.90495392492 0.032 0.0339 2.2553 "" "" 513069822459635712 934.700867 1.0555 0.0454 0.021 -1.317 0.039 0.047 0.992 4487.0 4.1768 16.457598 2.006993 17.475517 15.468524 "" "" 899.880859 968.860352 4919.34716 6.3506 1397.0 8.9022 5149.3 20.36 "" "" 0.003091332992691855 0.007460136 0.005719526 0.013179662 24.9964645415 64.90495392492 934.700867 0.02100000000000002 -1.317 -0.027567567020654677 0.1655675487518311 0.14718191 0.15518191 "" "" 0.7436427154662515 "" 0.11524344953331644 "" 0.9
