Clusters/FSR_0551/FSR_0551_stars_in_region.tsv
# %ECSV 1.0
# ---
# datatype:
# - name: RA_ICRS_1
#   unit: deg
#   datatype: float64
#   format: '{:15.11f}'
#   description: Right ascension (ICRS) at Ep=2016.0 (ra)
#   meta: !!omap
#   - {ucd: POS_EQ_RA_MAIN}
#   - {width: 15}
#   - {precision: '11'}
# - name: DE_ICRS_1
#   unit: deg
#   datatype: float64
#   format: '{:15.11f}'
#   description: Declination (ICRS) at Ep=2016.0 (dec)
#   meta: !!omap
#   - {ucd: POS_EQ_DEC_MAIN}
#   - {width: 15}
#   - {precision: '11'}
# - name: e_RA_ICRS
#   unit: mas
#   datatype: float64
#   format: '{:7.4f}'
#   description: Standard error of right ascension (ra_error)
#   meta: !!omap
#   - {ucd: ERROR}
#   - {width: 7}
#   - {precision: '4'}
# - name: e_DE_ICRS
#   unit: mas
#   datatype: float64
#   format: '{:7.4f}'
#   description: Standard error of declination (dec_error)
#   meta: !!omap
#   - {ucd: ERROR}
#   - {width: 7}
#   - {precision: '4'}
# - name: _r_1
#   unit: ''
#   datatype: float64
#   format: '{:7.4f}'
#   description: Distance from center (024.96271932000+64.87019996000)[ICRS], at Epoch=J2016.0
#   meta: !!omap
#   - {ucd: POS_ANG_DIST_GENERAL}
#   - {width: 7}
#   - {precision: '4'}
# - name: HIP
#   datatype: int32
#   description: '? HIP cross-id number, van Leeuwen, Cat. I/311 (hip_original_ext_source_id)'
#   meta: !!omap
#   - {ucd: ID_NUMBER}
#   - {width: 6}
#   - values: {'null': -2147483648}
# - name: TYC2
#   datatype: string
#   description: Tycho-2 cross-id name, Hog et al., Cat. I/259 (tyc2_original_ext_source_id)
#   meta: !!omap
#   - {ucd: ID_CROSSID}
#   - {_votable_string_dtype: char}
# - name: Source
#   datatype: int64
#   description: Source identifier, identical to the Gaia-EDR3 source_id (id)
#   meta: !!omap
#   - {ucd: ID_MAIN}
#   - {width: 19}
# - name: rgeo
#   unit: pc
#   datatype: float64
#   format: '{:15.8f}'
#   description: '? Median of the geometric distance posterior (r_med_geo)'
#   meta: !!omap
#   - {ucd: PHYS_DISTANCE_TRUE}
#   - {width: 15}
#   - {precision: '8'}
#   - values: {'null': .nan}
# - name: Plx
#   unit: mas
#   datatype: float64
#   format: '{:9.4f}'
#   description: '? Parallax (parallax)'
#   meta: !!omap
#   - {ucd: POS_PARLX_TRIG}
#   - {width: 9}
#   - {precision: '4'}
#   - values: {'null': .nan}
# - name: e_Plx
#   unit: mas
#   datatype: float32
#   format: '{:7.4f}'
#   description: '? Standard error of parallax (parallax_error)'
#   meta: !!omap
#   - {ucd: ERROR}
#   - {width: 7}
#   - {precision: '4'}
#   - values: {'null': .nan}
# - name: pmRA
#   unit: mas / yr
#   datatype: float64
#   format: '{:9.3f}'
#   description: '? Proper motion in right ascension direction, pmRA*cosDE (pmra)'
#   meta: !!omap
#   - {ucd: POS_EQ_PMRA}
#   - {width: 9}
#   - {precision: '3'}
#   - values: {'null': .nan}
# - name: pmDE
#   unit: mas / yr
#   datatype: float64
#   format: '{:9.3f}'
#   description: '? Proper motion in declination direction (pmdec)'
#   meta: !!omap
#   - {ucd: POS_EQ_PMDEC}
#   - {width: 9}
#   - {precision: '3'}
#   - values: {'null': .nan}
# - name: e_pmRA
#   unit: mas / yr
#   datatype: float32
#   format: '{:6.3f}'
#   description: '? Standard error of proper motion in right ascension direction (pmra_error)'
#   meta: !!omap
#   - {ucd: ERROR}
#   - {width: 6}
#   - {precision: '3'}
#   - values: {'null': .nan}
# - name: e_pmDE
[...]
#         unit: &id001 !astropy.units.Unit {unit: deg}
#         value: !astropy.table.SerializedColumn {name: SkyCoord.dec}
#       distance: !astropy.table.SerializedColumn
#         __class__: astropy.coordinates.distances.Distance
#         unit: !astropy.units.Unit {unit: pc}
#         value: !astropy.table.SerializedColumn {name: SkyCoord.distance}
#       frame: icrs
#       obstime: !astropy.time.Time {format: jyear_str, in_subfmt: '*', jd1: 367701545.0, jd2: 0.0, out_subfmt: '*', precision: 3, scale: tt}
#       pm_dec: !astropy.table.SerializedColumn
#         __class__: astropy.units.quantity.Quantity
#         unit: !astropy.units.Unit {unit: mas / yr}
#         value: !astropy.table.SerializedColumn {name: SkyCoord.pm_dec}
#       pm_ra_cosdec: !astropy.table.SerializedColumn
#         __class__: astropy.units.quantity.Quantity
#         unit: !astropy.units.Unit {unit: mas / yr}
#         value: !astropy.table.SerializedColumn {name: SkyCoord.pm_ra_cosdec}
#       ra: !astropy.table.SerializedColumn
#         __class__: astropy.coordinates.angles.Longitude
#         unit: *id001
#         value: !astropy.table.SerializedColumn {name: SkyCoord.ra}
#         wrap_angle: !astropy.coordinates.Angle
#           unit: *id001
#           value: 360.0
#       representation_type: spherical
# schema: astropy-2.0
RA_ICRS_1 DE_ICRS_1 e_RA_ICRS e_DE_ICRS _r_1 HIP TYC2 Source rgeo Plx e_Plx pmRA pmDE e_pmRA e_pmDE RUWE Teff logg Gmag BP-RP BPmag RPmag RV e_RV b_rgeo B_rgeo FG e_FG FBP e_FBP FRP e_FRP RAVE5 RAVE6 e_Gmag e_BPmag e_RPmag e_BP-RP SkyCoord.ra SkyCoord.dec SkyCoord.distance SkyCoord.pm_ra_cosdec SkyCoord.pm_dec
[from data line 1055]
23.54849693481 64.79211231222 0.0321 0.0342 36.3891 "" "" 513167335395249408 873.924438 1.127 0.0455 4.307 -5.645 0.04 0.048 0.999 4642.8 4.4108 16.680006 1.834594 17.581367 15.746774 "" "" 836.785339 911.954834 4008.15545 1.9788 1267.3 5.9256 3985.2 7.0601 "" "" 0.0028069748299469044 0.0057928767 0.0042406907 0.010033567 23.54849693481 64.79211231222 873.924438 4.307 -5.645
25.21925843617 64.88850623223 0.0352 0.0403 6.6261 "" "" 513022921414934656 1068.22632 0.9202 0.0528 0.275 0.694 0.041 0.052 0.944 5318.8 4.6708 16.680275 1.550213 17.404457 15.854244 "" "" 1020.90692 1110.47729 4007.16303 1.9859 1491.5 6.4674 3609.6 8.8788 "" "" 0.0028073682663083423 0.005472635 0.004627762 0.010100396 25.21925843617 64.88850623223 1068.22632 0.27499999999999997 0.6939999999999998
24.05079738881 64.73690619713 0.0309 0.0385 24.628 "" "" 512982720523340160 908.862488 1.0739 0.0464 2.426 -0.584 0.036 0.054 0.951 4991.9 4.4046 16.680641 1.867259 17.604612 15.737353 "" "" 872.726807 942.983276 4005.80801 2.1291 1240.4 6.1007 4019.9 8.1395 "" "" 0.00281510246406564 0.0060250126 0.004372264 0.010397276 24.05079738881 64.73690619713 908.862488 2.426 -0.5840000000000001
24.50013851209 65.00893608663 0.0363 0.0396 14.4048 "" "" 513085520557300992 893.495728 1.0969 0.0526 -0.778 -2.453 0.043 0.055 0.97 5438.1 4.6255 16.684263 1.740186 17.522049 15.781863 "" "" 853.142395 934.182068 3992.46541 2.2412 1338.4 7.2199 3858.4 12.167 "" "" 0.002821925332695498 0.006487573 0.0050995797 0.011587152 24.50013851209 65.00893608663 893.495728 -0.7780000000000002 -2.4530000000000007
25.20793419661 64.93175319281 0.0385 0.0431 7.2518 "" "" 513046698354915456 1031.17969 0.9369 0.0575 0.999 -3.666 0.043 0.056 1.039 5132.8 4.5518 16.684355 1.631565 17.458483 15.826918 "" "" 982.620544 1082.98743 3992.13447 2.2972 1419.1 6.6766 3701.6 10.692 "" "" 0.0028252651099719413 0.0058205333 0.004911112 0.010731645 25.20793419661 64.93175319281 1031.17969 0.9990000000000001 -3.6660000000000004
25.03510771478 64.80403433759 0.0336 0.0413 4.3785 "" "" 513020928550143744 940.760803 1.0484 0.0502 -3.988 2.359 0.04 0.055 1.033 4718.8 4.3604 16.686565 1.722218 17.519232 15.797014 "" "" 894.961365 997.202393 3984.01169 2.0687 1341.9 7.2997 3805.0 9.6844 "" "" 0.0028124055460019668 0.006532106 0.0046818857 0.011213992 25.03510771478 64.80403433759 940.760803 -3.9880000000000004 2.359
23.74917444934 64.63078602816 0.0305 0.0375 34.2193 "" "" 512977566562656512 1045.54541 0.9319 0.0464 -0.797 -1.946 0.036 0.052 0.941 4950.9 4.3718 16.688265 2.009462 17.710655 15.701193 "" "" 983.723511 1093.35327 3977.77953 2.1502 1125.0 9.309 4156.1 10.369 "" "" 0.0028171329960101645 0.009407401 0.0046498673 0.014057268 23.74917444934 64.63078602816 1045.54541 -0.7969999999999999 -1.9459999999999997
26.61935206638 64.9411027106 0.0324 0.0365 42.3686 "" "" 518289066716056576 938.014832 1.0528 0.0481 -3.789 2.232 0.038 0.048 0.981 4983.3 4.5787 16.688715 1.56106 17.424358 15.863298 "" "" 896.547852 986.824829 3976.13049 2.6066 1464.4 7.1539 3579.6 9.6151 "" "" 0.00284576916503081 0.005993161 0.0047737802 0.010766941 26.61935206638 64.9411027106 938.014832 -3.789 2.232
24.71128711655 64.19445047243 0.0359 0.0399 41.0605 "" "" 512905273671789952 823.557861 1.1943 0.0532 -2.122 -0.007 0.041 0.055 1.087 4849.1 4.4376 16.689188 1.747513 17.538002 15.790489 "" "" 789.037659 858.399963 3974.40072 3.4844 1318.9 8.1889 3827.9 12.251 "" "" 0.002915108649826743 0.0072958195 0.0051340302 0.01242985 24.71128711655 64.19445047243 823.557861 -2.122 -0.0070000000000000175
24.89099529151 64.35143939329 0.0335 0.0382 31.1803 "" "" 512913932325694464 970.932617 1.0031 0.0505 -0.783 -3.189 0.039 0.052 1.051 4626.7 4.4094 16.690033 1.868682 17.619848 15.751166 "" "" 925.621948 1021.43378 3971.30729 1.8221 1223.1 5.4656 3969.1 7.1963 "" "" 0.002799990379939514 0.005596849 0.0042613177 0.009858167 24.89099529151 64.35143939329 970.932617 -0.7830000000000001 -3.189
25.16364218134 64.9205572427 0.0374 0.0431 5.9405 "" "" 513023196292836864 1076.49915 0.9124 0.0559 9.815 0.087 0.044 0.057 0.973 4983.2 4.4287 16.690187 1.63999 17.462774 15.822784 "" "" 1008.64624 1147.08557 3970.74406 2.1312 1413.5 8.322 3715.7 11.822 "" "" 0.00281627025059366 0.006974695 0.005120226 0.0120949205 25.16364218134 64.9205572427 1076.49915 9.815 0.0869999999999996
23.47038638522 64.54028396683 0.032 0.0378 43.0744 "" "" 512952788887311872 816.621521 1.1971 0.0464 -5.97 -6.091 0.038 0.052 0.998 5105.2 4.5573 16.692383 1.89362 17.63174 15.738121 "" "" 790.031982 845.368896 3962.72049 1.8721 1209.8 8.0328 4017.1 11.095 "" "" 0.0028026574458947843 0.007730159 0.0048245387 0.012554698 23.47038638522 64.54028396683 816.621521 -5.969999999999999 -6.091
24.72870869073 64.81883185174 0.0339 0.0368 6.7172 "" "" 513062744353590272 975.765015 1.0117 0.0476 0.1 -1.361 0.041 0.05 1.017 4231.9 4.2106 16.69336 2.040748 17.729683 15.688935 "" "" 919.901794 1033.68384 3959.16229 4.9575 1105.5 9.0985 4203.2 18.462 "" "" 0.0030724693562376748 0.009361318 0.0060849516 0.01544627 24.72870869073 64.81883185174 975.765015 0.09999999999999981 -1.361
23.740447431 64.95315112785 0.0324 0.0342 31.491 "" "" 513176028409012352 780.895813 1.2489 0.0451 -5.437 0.897 0.039 0.047 0.985 4745.9 4.6337 16.69634 1.652865 17.485756 15.83289 "" "" 755.035034 812.282043 3948.304 1.8035 1383.9 7.5738 3681.3 7.5183 "" "" 0.0027995976012946525 0.0065644905 0.0043818443 0.010946335 23.740447431 64.95315112785 780.895813 -5.437000000000001 0.8970000000000002
24.76474720146 65.34312507118 0.0395 0.0408 28.8126 "" "" 513114485817572352 908.036926 1.0816 0.0547 -2.173 6.493 0.046 0.058 1.104 5552.2 4.6149 16.69789 1.769473 17.55357 15.784097 "" "" 862.355042 955.160034 3942.67452 1.8736 1300.1 7.3105 3850.5 8.336 "" "" 0.00280321191343334 0.0067124967 0.004450696 0.011163193 24.76474720146 65.34312507118 908.036926 -2.173 6.493
24.55001901564 64.63669629831 0.0335 0.0378 17.545 "" "" 512966090410246272 956.473877 1.0228 0.0477 -4.184 2.395 0.039 0.05 0.994 5322.7 4.5771 16.705387 1.76532 17.562315 15.796995 "" "" 911.468994 995.672363 3915.5437 2.0195 1289.7 6.8477 3805.0 8.7355 "" "" 0.0028116493631854802 0.0064044804 0.0045273523 0.010931833 24.55001901564 64.63669629831 956.473877 -4.184 2.3950000000000005
26.40217556352 64.93233669185 0.0325 0.0373 36.8237 "" "" 513034981684289152 803.718201 1.2182 0.0491 2.746 -6.55 0.038 0.051 0.957 4471.6 4.4173 16.707233 1.834144 17.588531 15.754388 "" "" 770.553772 831.743774 3908.8897 1.7992 1258.9 7.3855 3957.3 18.518 "" "" 0.0028002743842528073 0.0069539202 0.0063321986 0.013286119 26.40217556352 64.93233669185 803.718201 2.7459999999999996 -6.550000000000001
25.96887675655 65.12027953563 0.0379 0.0494 29.6019 "" "" 513052608229990528 1064.48438 0.934 0.0596 7.111 -0.758 0.047 0.082 1.056 "" "" 16.708164 1.723043 16.754652 15.031609 "" "" 1001.09229 1140.82788 3905.54155 2.986 2713.7 107.95 7700.4 122.2 "" "" 0.002877648890639306 0.04328022 0.017639514 0.060919736 25.96887675655 65.12027953563 1064.48438 7.111000000000001 -0.758
23.78860518951 64.47339787766 0.0334 0.0396 38.4058 "" "" 512971965925440128 938.055603 1.0398 0.0503 7.613 4.43 0.04 0.054 1.083 4670.4 4.364 16.708984 1.830972 17.60171 15.770738 "" "" 894.421814 982.425842 3902.59127 1.9556 1243.7 7.1582 3898.2 7.7623 "" "" 0.002808522174490195 0.0068436395 0.004354063 0.011197703 23.78860518951 64.47339787766 938.055603 7.6129999999999995 4.429999999999999
25.099756223 64.77688817714 0.0597 0.0746 6.6015 "" "" 513020653672249856 801.637024 1.215 0.0924 -0.178 -1.486 0.07 0.107 1.821 6017.8 4.4548 16.716644 2.220054 17.847061 15.627007 "" "" 749.341919 866.095764 3875.15261 5.448 992.18 10.113 4449.9 13.183 "" "" 0.0031498780539500936 0.011412908 0.0049628443 0.016375752 25.099756223 64.77688817714 801.637024 -0.1780000000000001 -1.4860000000000002
23.611157483 64.79527576292 0.0343 0.0356 34.7772 "" "" 513172970392340864 951.223145 1.0309 0.0489 -1.488 -0.487 0.044 0.049 1.022 5398.6 4.558 16.717247 1.842686 17.621634 15.778948 "" "" 911.065002 996.581116 3873.0033 1.9895 1221.1 6.2883 3868.8 8.5297 "" "" 0.002811200270545207 0.00624874 0.004473684 0.010722424 23.611157483 64.79527576292 951.223145 -1.488 -0.487
25.31424471741 64.98161793926 0.0393 0.0419 11.1617 "" "" 513047110671745536 879.893127 1.117 0.0578 -0.677 -0.935 0.045 0.052 1.012 4843.1 4.6359 16.719883 1.629121 17.496727 15.867606 "" "" 834.458191 927.613647 3863.6133 2.5991 1370.0 8.6012 3565.5 8.7391 "" "" 0.0028504834775522404 0.0073654605 0.0046222815 0.011987742 25.31424471741 64.98161793926 879.893127 -0.677 -0.935
24.08468333133 65.40610065134 0.0388 0.0434 39.0437 "" "" 513306045657979520 1058.22571 0.916 0.0539 -0.726 -0.823 0.046 0.062 0.976 6029.3 4.4617 16.722532 1.840468 17.620178 15.77971 "" "" 997.516418 1111.38977 3854.19729 2.1213 1222.8 8.6177 3866.1 7.6617 "" "" 0.002819376763862769 0.00814458 0.004348957 0.012493537 24.08468333133 65.40610065134 1058.22571 -0.726 -0.8230000000000001
26.38213744635 64.51433472789 0.0325 0.0407 42.2044 "" "" 512268484640619520 946.902771 1.0428 0.0509 -2.082 -0.99 0.037 0.055 0.976 4775.7 4.5081 16.72268 1.84374 17.631472 15.787732 "" "" 903.962036 993.810791 3853.67207 2.773 1210.1 7.0935 3837.6 8.8775 "" "" 0.002863942630839123 0.006949229 0.004537841 0.0114870705 26.38213744635 64.51433472789 946.902771 -2.082 -0.99
25.24918341896 64.16025064573 0.0332 0.0441 43.2341 "" "" 512896202700896128 1004.83417 0.9836 0.0549 -1.771 -1.971 0.038 0.061 1.022 4645.7 4.3555 16.723774 1.69161 17.533186 15.841576 "" "" 946.439026 1065.81555 3849.78892 1.9488 1324.8 8.648 3652.0 7.8485 "" "" 0.0028096015017333217 0.007616883 0.00444165 0.012058534 25.24918341896 64.16025064573 1004.83417 -1.771 -1.971
23.66866844771 64.52473020396 0.0329 0.0381 39.1252 "" "" 512975264460290304 887.558777 1.1005 0.048 2.453 -2.889 0.039 0.052 0.999 4752.1 4.4682 16.73167 1.859197 17.658937 15.799741 "" "" 851.892029 931.715149 3821.89629 1.9148 1179.9 5.3956 3795.4 7.1599 "" "" 0.002808502164801602 0.005695281 0.0042987065 0.009993987 23.66866844771 64.52473020396 887.558777 2.4530000000000003 -2.8890000000000007
24.28104952437 64.75374537093 0.0319 0.0397 18.7566 "" "" 512982235183643520 951.38092 1.017 0.0497 0.912 -2.302 0.04 0.053 0.982 4747.0 4.3333 16.731934 1.769694 17.566355 15.79666 "" "" 913.843628 999.143127 3820.96969 2.2007 1284.9 8.0607 3806.2 15.25 "" "" 0.0028253904355129405 0.007360596 0.005762585 0.013123181 24.28104952437 64.75374537093 951.38092 0.912 -2.302
24.87947306645 65.39432650299 0.0345 0.0391 31.5177 "" "" 513120743592522496 966.721924 1.0158 0.0504 0.072 -1.285 0.045 0.057 1.004 5222.8 4.5959 16.732359 1.835522 17.618422 15.7829 "" "" 926.12616 1022.38849 3819.47276 6.6974 1224.8 9.4348 3854.8 25.359 "" "" 0.0033490805617801952 0.008816711 0.008080845 0.016897555 24.87947306645 65.39432650299 966.721924 0.07200000000000006 -1.285
24.98050875709 64.76681404055 0.0335 0.0391 6.2198 "" "" 513020378797558912 931.845154 1.0441 0.0485 -10.341 -0.307 0.039 0.052 0.972 4900.9 4.4479 16.735847 1.723354 17.56954 15.846186 "" "" 889.474731 977.769226 3807.21811 1.8434 1281.2 5.4668 3636.5 6.1985 "" "" 0.0028050218417841766 0.005408104 0.0042081685 0.0096162725 24.98050875709 64.76681404055 931.845154 -10.340999999999998 -0.3070000000000001
23.52020849969 64.98772821985 0.033 0.0363 37.346 "" "" 513179631880659840 872.920349 1.1248 0.0468 3.672 1.477 0.039 0.049 1.002 4963.9 4.5714 16.737535 1.688432 17.548439 15.860007 "" "" 843.134399 907.022156 3801.30247 1.7922 1306.3 6.9007 3590.5 7.8501 "" "" 0.0028024672748425856 0.006378205 0.0044630333 0.010841238 23.52020849969 64.98772821985 872.920349 3.672 1.4769999999999996
24.65319917841 65.24669000954 0.0519 0.059 23.9083 "" "" 513112256737261440 864.306946 1.1386 0.0752 9.331 3.708 0.062 0.087 1.439 5471.0 3.7894 16.744703 2.136497 17.82537 15.688873 "" "" 814.257812 915.070679 3776.28916 4.3071 1012.2 9.0794 4203.5 9.0924 "" "" 0.00302081185180964 0.010130819 0.00444963 0.014580449 24.65319917841 65.24669000954 864.306946 9.330999999999998 3.708000000000002
24.89151530163 64.51019291565 0.0329 0.0391 21.6775 "" "" 512916612385224576 805.137695 1.2263 0.0488 -1.193 -1.806 0.039 0.054 1.042 4970.2 4.6242 16.74604 1.898185 17.58684 15.688655 "" "" 773.950989 833.81842 3771.64216 2.4682 1260.9 15.871 4204.3 41.586 "" "" 0.002845456563406158 0.013948126 0.011384957 0.025333082 24.89151530163 64.51019291565 805.137695 -1.1929999999999998 -1.8059999999999998
25.18558865761 64.3711946087 0.0315 0.0366 30.4839 "" "" 512911836381638656 847.741333 1.1558 0.0486 2.168 -0.959 0.038 0.048 0.982 4604.7 4.454 16.746685 1.712733 17.578812 15.866078 "" "" 819.181091 881.995728 3769.40256 1.8786 1270.3 7.4985 3570.5 7.1608 "" "" 0.002807951243561005 0.0069900453 0.004361789 0.011351835 25.18558865761 64.3711946087 847.741333 2.1680000000000006 -0.9590000000000002
23.5733761662 65.25229538416 0.0875 0.0906 41.9633 "" "" 513277900730424192 981.064697 1.0353 0.1261 1.928 1.393 0.099 0.127 2.76 5427.0 4.6764 16.748013 1.969836 17.659681 15.689845 "" "" 870.98822 1097.7301 3764.79936 4.7381 1179.1 9.0737 4199.7 11.96 "" "" 0.0030755348262950307 0.008808793 0.0048830407 0.013691833 23.5733761662 65.25229538416 981.064697 1.9279999999999997 1.3930000000000005
23.68396147512 64.73137540793 0.4287 0.4938 33.7117 "" "" 512979211526628608 956.82019 2.0483 0.6138 -6.246 3.605 0.505 0.614 15.478 "" "" 16.750572 1.495103 17.087023 15.59192 "" "" 515.789978 1828.37927 3755.9335 16.986 1998.1 14.9 4596.1 24.458 "" "" 0.005630423523228346 0.008563713 0.0069040325 0.015467746 23.68396147512 64.73137540793 956.82019 -6.2459999999999996 3.6049999999999995
25.52423521061 64.60965111158 0.0329 0.0384 21.2386 "" "" 513003267647884800 1031.22034 0.943 0.0488 -2.704 0.441 0.039 0.049 0.986 4960.1 4.5223 16.750847 1.595422 17.494184 15.898763 "" "" 989.607483 1072.5448 3754.97994 1.9836 1373.2 5.8637 3464.6 6.1036 "" "" 0.0028143823918159315 0.005411045 0.004235838 0.009646883 25.52423521061 64.60965111158 1031.22034 -2.704 0.441
24.7118477793 64.18846734015 0.0343 0.0382 41.4129 "" "" 512905273671799680 870.514099 1.128 0.0511 6.14 1.698 0.04 0.051 1.0 4704.0 4.4871 16.75132 1.713196 17.585749 15.872553 "" "" 837.769531 904.530823 3753.34488 1.8276 1262.2 7.3941 3549.3 10.495 "" "" 0.0028055809306730705 0.006945444 0.0049588936 0.011904337 24.7118477793 64.18846734015 870.514099 6.140000000000001 1.6979999999999993
24.99247984197 64.93613142321 0.0408 0.0446 4.0277 "" "" 513070028618045312 999.119202 0.9463 0.06 0.086 -1.155 0.048 0.062 0.98 6008.4 4.1714 16.75303 2.409918 17.930687 15.520769 "" "" 948.252502 1076.50659 3747.43832 4.6026 918.63 13.825 4907.4 28.995 "" "" 0.003061047540533729 0.016576389 0.0074455235 0.024021912 24.99247984197 64.93613142321 999.119202 0.08600000000000008 -1.155
25.84851920941 64.65422629927 0.036 0.0385 26.1041 "" "" 513001309139908352 758.984131 1.2884 0.0511 11.97 8.99 0.042 0.055 0.975 4729.0 4.4696 16.762056 1.764101 17.622732 15.858631 "" "" 728.780701 783.513794 3716.41401 1.936 1219.9 8.9628 3595.1 8.5159 "" "" 0.0028127721413134348 0.0084509645 0.0045714425 0.013022407 25.84851920941 64.65422629927 758.984131 11.969999999999999 8.989999999999998
24.76576505506 64.77596471211 0.0328 0.0361 7.5658 "" "" 513062435117197184 969.970581 1.0051 0.0475 2.239 -10.913 0.04 0.05 0.993 4668.7 4.3965 16.763222 1.666407 17.557209 15.890802 "" "" 912.514893 1020.40491 3712.42887 1.7361 1295.8 4.5416 3490.1 6.6172 "" "" 0.002801711747992829 0.0047186627 0.0043036425 0.009022305 24.76576505506 64.77596471211 969.970581 2.2389999999999994 -10.912999999999998
