Clusters/UBC_413/UBC_413_stars_in_region.tsv
# %ECSV 1.0
# ---
# datatype:
# - name: RA_ICRS_1
#   unit: deg
#   datatype: float64
#   format: '{:15.11f}'
#   description: Right ascension (ICRS) at Ep=2016.0 (ra)
#   meta: !!omap
#   - {ucd: POS_EQ_RA_MAIN}
#   - {width: 15}
#   - {precision: '11'}
# - name: DE_ICRS_1
#   unit: deg
#   datatype: float64
#   format: '{:15.11f}'
#   description: Declination (ICRS) at Ep=2016.0 (dec)
#   meta: !!omap
#   - {ucd: POS_EQ_DEC_MAIN}
#   - {width: 15}
#   - {precision: '11'}
# - name: e_RA_ICRS
#   unit: mas
#   datatype: float64
#   format: '{:7.4f}'
#   description: Standard error of right ascension (ra_error)
#   meta: !!omap
#   - {ucd: ERROR}
#   - {width: 7}
#   - {precision: '4'}
# - name: e_DE_ICRS
#   unit: mas
#   datatype: float64
#   format: '{:7.4f}'
#   description: Standard error of declination (dec_error)
#   meta: !!omap
#   - {ucd: ERROR}
#   - {width: 7}
#   - {precision: '4'}
# - name: _r_1
#   unit: ''
#   datatype: float64
#   format: '{:7.4f}'
#   description: Distance from center (017.64881701000+60.47230073000)[ICRS], at Epoch=J2016.0
#   meta: !!omap
#   - {ucd: POS_ANG_DIST_GENERAL}
#   - {width: 7}
#   - {precision: '4'}
# - name: HIP
#   datatype: int32
#   description: '? HIP cross-id number, van Leeuwen, Cat. I/311 (hip_original_ext_source_id)'
#   meta: !!omap
#   - {ucd: ID_NUMBER}
#   - {width: 6}
#   - values: {'null': -2147483648}
# - name: TYC2
#   datatype: string
#   description: Tycho-2 cross-id name, Hog et al., Cat. I/259 (tyc2_original_ext_source_id)
#   meta: !!omap
#   - {ucd: ID_CROSSID}
#   - {_votable_string_dtype: char}
# - name: Source
#   datatype: int64
#   description: Source identifier, identical to the Gaia-EDR3 source_id (id)
#   meta: !!omap
#   - {ucd: ID_MAIN}
#   - {width: 19}
# - name: rgeo
#   unit: pc
#   datatype: float64
#   format: '{:15.8f}'
#   description: '? Median of the geometric distance posterior (r_med_geo)'
#   meta: !!omap
#   - {ucd: PHYS_DISTANCE_TRUE}
#   - {width: 15}
#   - {precision: '8'}
#   - values: {'null': .nan}
# - name: Plx
#   unit: mas
#   datatype: float64
#   format: '{:9.4f}'
#   description: '? Parallax (parallax)'
#   meta: !!omap
#   - {ucd: POS_PARLX_TRIG}
#   - {width: 9}
#   - {precision: '4'}
#   - values: {'null': .nan}
# - name: e_Plx
#   unit: mas
#   datatype: float32
#   format: '{:7.4f}'
#   description: '? Standard error of parallax (parallax_error)'
#   meta: !!omap
#   - {ucd: ERROR}
#   - {width: 7}
#   - {precision: '4'}
#   - values: {'null': .nan}
# - name: pmRA
#   unit: mas / yr
#   datatype: float64
#   format: '{:9.3f}'
#   description: '? Proper motion in right ascension direction, pmRA*cosDE (pmra)'
#   meta: !!omap
#   - {ucd: POS_EQ_PMRA}
#   - {width: 9}
#   - {precision: '3'}
#   - values: {'null': .nan}
# - name: pmDE
#   unit: mas / yr
#   datatype: float64
#   format: '{:9.3f}'
#   description: '? Proper motion in declination direction (pmdec)'
#   meta: !!omap
#   - {ucd: POS_EQ_PMDEC}
#   - {width: 9}
#   - {precision: '3'}
#   - values: {'null': .nan}
# - name: e_pmRA
#   unit: mas / yr
#   datatype: float32
#   format: '{:6.3f}'
#   description: '? Standard error of proper motion in right ascension direction (pmra_error)'
#   meta: !!omap
#   - {ucd: ERROR}
#   - {width: 6}
#   - {precision: '3'}
#   - values: {'null': .nan}
# - name: e_pmDE
[...]
#         value: !astropy.table.SerializedColumn {name: SkyCoord.dec}
#       distance: !astropy.table.SerializedColumn
#         __class__: astropy.coordinates.distances.Distance
#         unit: !astropy.units.Unit {unit: pc}
#         value: !astropy.table.SerializedColumn {name: SkyCoord.distance}
#       frame: icrs
#       obstime: !astropy.time.Time {format: jyear_str, in_subfmt: '*', jd1: 367701545.0, jd2: 0.0, out_subfmt: '*', precision: 3, scale: tt}
#       pm_dec: !astropy.table.SerializedColumn
#         __class__: astropy.units.quantity.Quantity
#         unit: !astropy.units.Unit {unit: mas / yr}
#         value: !astropy.table.SerializedColumn {name: SkyCoord.pm_dec}
#       pm_ra_cosdec: !astropy.table.SerializedColumn
#         __class__: astropy.units.quantity.Quantity
#         unit: !astropy.units.Unit {unit: mas / yr}
#         value: !astropy.table.SerializedColumn {name: SkyCoord.pm_ra_cosdec}
#       ra: !astropy.table.SerializedColumn
#         __class__: astropy.coordinates.angles.Longitude
#         unit: *id001
#         value: !astropy.table.SerializedColumn {name: SkyCoord.ra}
#         wrap_angle: !astropy.coordinates.Angle
#           unit: *id001
#           value: 360.0
#       representation_type: spherical
# schema: astropy-2.0
RA_ICRS_1 DE_ICRS_1 e_RA_ICRS e_DE_ICRS _r_1 HIP TYC2 Source rgeo Plx e_Plx pmRA pmDE e_pmRA e_pmDE RUWE Teff logg Gmag BP-RP BPmag RPmag RV e_RV b_rgeo B_rgeo FG e_FG FBP e_FBP FRP e_FRP RAVE5 RAVE6 e_Gmag e_BPmag e_RPmag e_BP-RP SkyCoord.ra SkyCoord.dec SkyCoord.distance SkyCoord.pm_ra_cosdec SkyCoord.pm_dec rmRA rmDE e_rmRA e_rmDE rRV e_rRV v_pec v_pec3d e_vpec e_vpec3d
[from data line 254]
17.54752093994 60.31679668467 0.0268 0.0323 9.8015 "" "" 426336084652540544 2705.81445 0.3509 0.0437 -0.789 -1.02 0.034 0.045 1.009 9131.7 4.4756 16.39286 1.16191 16.884363 15.722453 "" "" 2419.76709 3032.65576 5221.58584 1.9919 2408.1 9.3219 4075.5 8.8316 "" "" 0.0027862761330805673 0.005044783 0.004451892 0.009496675 17.54752093994 60.31679668467 2705.81445 -0.7889999999999999 -1.02 1.5865555152893065 -0.5607777726650238 0.11548771 0.1264877 "" "" 21.58214542287808 "" 2.5199420551065117 ""
17.81919637234 60.29696968114 0.0275 0.0345 11.67 "" "" 426338146236729088 2316.06714 0.4215 0.0459 -1.749 -1.408 0.036 0.048 1.062 7136.5 4.3018 16.398321 1.568384 17.124416 15.556032 "" "" 2142.35522 2581.39575 5195.39612 2.0062 1930.4 6.5242 4750.6 6.4379 "" "" 0.002787035251403437 0.0046097846 0.0040556923 0.008665477 17.81919637234 60.29696968114 2316.06714 -1.749 -1.407999999999999 0.6265555152893065 -0.9487777726650237 0.117487706 0.12948771 "" "" 12.482079389502019 "" 1.57229978498509 ""
17.42160882128 60.3240022195 0.0271 0.0335 11.1588 "" "" 426337012365332096 2909.04858 0.3199 0.0454 -2.011 -1.127 0.035 0.045 1.022 7646.8 4.4436 16.414232 1.238467 16.955042 15.716575 "" "" 2620.3269 3310.67017 5119.81316 4.9492 2256.3 15.554 4097.6 14.977 "" "" 0.0029484496182030267 0.007987774 0.0054801665 0.0134679405 17.42160882128 60.3240022195 2909.04858 -2.011 -1.127 0.3645555152893065 -0.6677777726650238 0.11648771 0.1264877 "" "" 10.490689550686978 "" 1.3036031570247508 ""
17.63799509402 60.63922268945 0.0285 0.0332 10.0204 "" "" 522423299158127360 2972.83032 0.3171 0.0456 -0.151 0.044 0.036 0.044 1.038 9067.7 4.471 16.417774 1.21717 16.94352 15.72635 "" "" 2629.70776 3467.04907 5103.13459 2.1218 2280.4 6.2322 4060.9 8.2909 "" "" 0.0027920565319746265 0.004073038 0.0043814853 0.008454524 17.63799509402 60.63922268945 2972.83032 -0.151 0.044 2.224555515289307 0.5032222273349762 0.117487706 0.12548772 "" "" 32.13872339642959 "" 3.788825292353004 ""
17.46840660689 60.26881302394 0.0287 0.0348 13.3306 "" "" 426335122579761792 2748.9624 0.3472 0.0478 -5.874 -0.865 0.038 0.046 1.06 7080.0 4.3569 16.424988 1.575981 17.158754 15.582773 "" "" 2476.08008 3196.85669 5069.34646 2.12 1870.3 6.5739 4635.0 8.6273 "" "" 0.002792481879631937 0.0047274483 0.0042857733 0.009013222 17.46840660689 60.26881302394 2748.9624 -5.873999999999999 -0.8649999999999971 -3.498444484710693 -0.4057777726650238 0.1194877 0.1274877 "" "" 45.89062614453774 "" 5.4883997881204065 ""
17.68112976151 60.37474573582 0.0256 0.0327 5.931 "" "" 426342372484481920 2399.14771 0.3975 0.0417 -1.447 0.532 0.035 0.044 1.014 9051.5 4.2663 16.430916 1.371015 17.042267 15.671251 "" "" 2156.63623 2707.01855 5041.74182 1.9724 2082.1 6.0807 4272.3 6.8562 "" "" 0.002787867709893397 0.004223667 0.0041616894 0.0083853565 17.68112976151 60.37474573582 2399.14771 -1.4470000000000005 0.5319999999999995 0.9285555152893066 0.9912222273349762 0.11648771 0.12548772 "" "" 15.445520224091895 "" 1.874534521061738 ""
17.58211743251 60.36704718596 0.0266 0.0354 6.617 "" "" 426336634408179328 2881.30005 0.3257 0.0449 -2.393 -0.443 0.035 0.046 1.089 7748.7 4.4055 16.44141 1.42014 17.076681 15.656541 "" "" 2577.82031 3239.95728 4993.24634 2.2093 2017.2 8.2685 4330.5 7.132 "" "" 0.0027968850770566304 0.00525275 0.0041810423 0.009433793 17.58211743251 60.36704718596 2881.30005 -2.393 -0.4429999999999998 -0.017444484710693153 0.01622222733497619 0.11648771 0.1274877 "" "" 0.3253408165067237 "" 0.039598063778413684 ""
17.84722847338 60.46594693778 0.0275 0.0412 5.8801 "" "" 426341719642080768 2871.60181 0.3261 0.0484 -2.188 -0.782 0.036 0.059 0.981 "" "" 16.44931 "" "" "" "" "" 2541.79419 3391.29346 4957.03801 17.023 "" "" "" "" "" "" 0.004636136122907387 "" "" "" 17.84722847338 60.46594693778 2871.60181 -2.1880000000000006 -0.7819999999999998 0.18755551528930647 -0.32277777266502383 0.117487706 0.1404877 "" "" 5.08130917584056 "" 0.6862422722952402 ""
17.67745202126 60.26625959134 0.0269 0.0342 12.3916 "" "" 426332786117660800 2687.75122 0.3528 0.0444 -0.09 -2.753 0.036 0.048 0.98 7028.1 4.314 16.455006 1.565892 17.179428 15.613536 "" "" 2412.84229 3041.24268 4931.10684 2.0099 1835.0 8.1091 4505.5 7.5463 "" "" 0.0027906330283724488 0.005550308 0.004194127 0.009744436 17.67745202126 60.26625959134 2687.75122 -0.08999999999999997 -2.753 2.285555515289307 -2.293777772665024 0.117487706 0.12948771 "" "" 41.25298364151035 "" 5.101133718987396 ""
17.48131787673 60.43796327203 0.0256 0.0315 5.3669 "" "" 426343643794743808 2317.33496 0.4098 0.0415 -2.319 -0.469 0.033 0.043 1.052 8135.4 4.4043 16.458704 1.239343 16.995457 15.756114 "" "" 2096.81152 2584.11816 4914.34046 2.2877 2173.9 7.107 3951.1 7.5051 "" "" 0.0028012935381935803 0.0045148893 0.004305464 0.008820353 17.48131787673 60.43796327203 2317.33496 -2.3189999999999995 -0.46900000000000014 0.05655551528930669 -0.009777772665023776 0.11448771 0.12448771 "" "" 0.6304310545712861 "" 0.07236731376810066 ""
17.98829950792 60.6163787143 0.0267 0.0331 13.231 "" "" 522420275501169664 2311.73047 0.4076 0.0445 -2.412 -0.564 0.036 0.048 1.049 7260.0 4.3577 16.466562 1.41091 17.102625 15.691715 "" "" 2110.70605 2541.44116 4878.89554 2.0091 1969.6 6.0287 4192.5 5.6956 "" "" 0.0027913594324529487 0.0043392847 0.004057011 0.008396296 17.98829950792 60.6163787143 2311.73047 -2.411999999999998 -0.5640000000000011 -0.03644448471069328 -0.10477777266502375 0.117487706 0.12948771 "" "" 1.2155820147715692 "" 0.15589433255691296 ""
17.14519164022 60.4262469817 0.0293 0.0361 15.1571 "" "" 426351752692812544 2644.86963 0.3533 0.0462 3.655 -0.8 0.037 0.049 1.12 4842.4 4.1906 16.467575 1.653893 17.251375 15.597482 "" "" 2350.48901 2977.2876 4874.35275 1.9019 1717.4 5.6917 4572.6 8.126 "" "" 0.0027876977360552424 0.004553313 0.0042434162 0.008796729 17.14519164022 60.4262469817 2644.86963 3.6549999999999994 -0.7999999999999998 6.030555515289306 -0.34077777266502385 0.11848771 0.13048771 "" "" 75.72376933840835 "" 8.975374231310477 ""
18.13344101107 60.43541139561 0.0267 0.035 14.5086 "" "" 510407767371154432 2238.67407 0.4313 0.0435 -2.34 -0.468 0.036 0.055 0.967 5899.1 4.5506 16.469143 1.194353 16.93186 15.737507 "" "" 2042.59106 2445.26074 4867.31947 2.0154 2305.0 15.05 4019.3 25.786 "" "" 0.0027917559121703626 0.007618406 0.0079248445 0.01554325 18.13344101107 60.43541139561 2238.67407 -2.3399999999999976 -0.4680000000000004 0.03555551528930678 -0.00877777266502383 0.117487706 0.13648771 "" "" 0.38861816818832845 "" 0.046114043924326546 ""
17.69185818931 60.2676455116 0.0455 0.0562 12.3455 "" "" 426332579959130112 2555.68262 0.38 0.0759 -0.389 -2.188 0.062 0.077 1.711 5497.3 4.0051 16.46977 2.211616 17.570297 15.358681 "" "" 2147.46973 3210.99976 4864.50422 3.9623 1280.3 7.5692 5697.5 15.745 "" "" 0.002893768541747523 0.0069991206 0.004825585 0.011824706 17.69185818931 60.2676455116 2555.68262 -0.3890000000000007 -2.1880000000000006 1.9865555152893066 -1.728777772665024 0.1434877 0.1584877 "" "" 31.901481705711966 "" 4.78955547653781 ""
17.15209629933 60.55780563765 0.028 0.0345 15.5402 "" "" 426360097806158976 2761.25537 0.3358 0.0443 -1.149 -0.069 0.035 0.049 1.04 7387.9 4.4045 16.474758 1.438322 17.129501 15.691179 "" "" 2496.25732 3175.48071 4842.21131 1.9475 1921.4 7.7853 4194.6 8.4975 "" "" 0.0027897086232861437 0.005209485 0.0043728193 0.009582304 17.15209629933 60.55780563765 2761.25537 -1.149 -0.06899999999999995 1.2265555152893066 0.3902222273349762 0.11648771 0.13048771 "" "" 16.846450118874436 "" 1.9852517953639215 ""
17.96999873028 60.65037483325 0.027 0.0326 14.2781 "" "" 522421443732257152 2631.4021 0.3577 0.0443 -2.309 -0.714 0.037 0.048 0.941 8440.4 4.3305 16.476334 1.292402 17.037048 15.744646 "" "" 2341.51294 2971.30786 4835.18367 1.9635 2092.2 7.1016 3993.0 7.9676 "" "" 0.0027903734707034875 0.00462242 0.0043562963 0.008978716 17.96999873028 60.65037483325 2631.4021 -2.3089999999999997 -0.7140000000000001 0.06655551528930648 -0.25477777266502377 0.11848771 0.12948771 "" "" 3.2844428172648685 "" 0.4230792624426311 ""
17.83573608859 60.71407876822 0.0295 0.0358 15.5167 "" "" 522424914065784960 2291.04395 0.4245 0.0498 1.697 -1.642 0.039 0.05 1.024 6054.7 4.4336 16.480137 1.38266 17.099018 15.716358 "" "" 2080.98657 2546.88354 4818.27809 1.9597 1976.1 6.9473 4098.4 8.4625 "" "" 0.002790482686708576 0.0047281245 0.0043942765 0.0091224015 17.83573608859 60.71407876822 2291.04395 1.6970000000000005 -1.6419999999999997 4.072555515289307 -1.1827777726650237 0.120487705 0.13148771 "" "" 46.05354004875527 "" 5.589938036073382 ""
17.68692102632 60.55408044033 0.028 0.0348 5.0342 "" "" 426345430501060992 2233.77271 0.4274 0.0466 -1.895 1.152 0.037 0.046 1.008 5433.5 4.3257 16.481537 1.435232 17.130863 15.695631 "" "" 2033.95447 2597.40649 4812.06806 1.8475 1919.0 6.1793 4177.4 7.5738 "" "" 0.0027866738356505196 0.004473034 0.004261298 0.008734332 17.68692102632 60.55408044033 2233.77271 -1.8949999999999998 1.152 0.4805555152893066 1.611222227334976 0.11848771 0.1274877 "" "" 17.802376179240348 "" 2.256922349403985 ""
18.14974722976 60.39847457169 0.0265 0.0348 15.4771 "" "" 510406874017998592 2365.56226 0.4036 0.044 -1.067 0.274 0.035 0.052 1.02 7691.5 4.4151 16.485508 1.269804 17.042782 15.772978 "" "" 2189.90967 2595.3147 4794.50302 1.8451 2081.2 5.9517 3890.2 7.0937 "" "" 0.002786821150278032 0.004174401 0.0042665447 0.008440945 18.14974722976 60.39847457169 2365.56226 -1.067 0.27399999999999997 1.3085555152893067 0.7332222273349762 0.11648771 0.1334877 "" "" 16.81889489827901 "" 2.031177465991645 ""
17.69597139874 60.72932159823 0.0301 0.0397 15.4837 "" "" 522425498170431104 2449.64355 0.4006 0.0519 -1.258 -1.757 0.038 0.053 1.082 5717.8 4.3885 16.491272 1.416285 17.075197 15.658913 "" "" 2207.23706 2893.25171 4769.1204 2.0851 2019.9 13.668 4321.1 32.409 "" "" 0.002795911819229595 0.007858804 0.008977504 0.016836308 17.69597139874 60.72932159823 2449.64355 -1.2579999999999996 -1.7570000000000017 1.1175555152893066 -1.2977777726650237 0.1194877 0.1344877 "" "" 19.886068275105142 "" 2.5516864856813424 ""
17.11827105041 60.50322788604 0.0286 0.0344 15.7905 "" "" 426353676838134272 2902.22754 0.3231 0.0445 -0.887 -0.348 0.037 0.047 1.041 5383.6 4.2308 16.50101 1.588121 17.242498 15.654377 "" "" 2588.94727 3306.64893 4726.53202 1.9973 1731.5 5.6129 4339.2 6.7492 "" "" 0.002793257669822915 0.004491369 0.0041395198 0.008630889 17.11827105041 60.50322788604 2902.22754 -0.887 -0.348 1.4885555152893066 0.11122222733497622 0.11848771 0.1284877 "" "" 20.534482281449144 "" 2.434271600848317 ""
17.55726308708 60.6522223921 0.0318 0.0372 11.1278 "" "" 522435290706807296 2627.70972 0.3607 0.0488 0.361 0.284 0.04 0.052 1.082 5117.6 4.3135 16.504446 1.569804 17.217047 15.647243 "" "" 2316.00366 2939.15234 4711.59564 1.9533 1772.6 8.6747 4367.8 11.963 "" "" 0.0027918442964049305 0.00600139 0.0048090336 0.010810424 17.55726308708 60.6522223921 2627.70972 0.361 0.284 2.7365555152893064 0.7432222273349762 0.12148771 0.1334877 "" "" 35.31944542047581 "" 4.321323293503235 ""
17.65093927516 60.40741645479 0.026 0.0352 3.8936 "" "" 426342853520791040 3235.42847 0.3002 0.0455 -1.692 -0.22 0.035 0.046 1.065 8323.7 4.4159 16.507162 1.345504 17.105444 15.75994 "" "" 2821.74878 3760.00952 4699.82328 1.9082 1964.4 6.4295 3937.2 8.0784 "" "" 0.002790361351606342 0.0045181075 0.0043870835 0.008905191 17.65093927516 60.40741645479 3235.42847 -1.6920000000000002 -0.22000000000000045 0.6835555152893067 0.2392222273349762 0.11648771 0.1274877 "" "" 11.10638470768571 "" 1.3076426205449752 ""
17.22815375013 60.53684089213 0.0285 0.0364 13.0163 "" "" 426356906653967872 2409.1875 0.3912 0.0447 -4.912 1.021 0.035 0.051 0.983 7163.4 4.3482 16.513517 1.547531 17.233526 15.685995 "" "" 2187.06372 2609.11255 4672.39793 1.989 1745.8 8.5716 4214.6 8.0982 "" "" 0.0027938159811298413 0.0060168416 0.0043169395 0.010333781 17.22815375013 60.53684089213 2409.1875 -4.912 1.021 -2.5364444847106933 1.480222227334976 0.11648771 0.13248771 "" "" 33.536569582833614 "" 4.049658658886719 ""
17.93141453185 60.58413558837 0.03 0.0367 10.7059 "" "" 522420855315504896 2421.68115 0.4018 0.0497 -5.529 -1.534 0.039 0.051 1.076 "" "" 16.519117 1.600115 17.264666 15.664551 "" "" 2179.32642 2920.15869 4648.35734 1.904 1696.5 6.1883 4298.7 6.7962 "" "" 0.0027909800988292674 0.004844586 0.004150931 0.008995516 17.93141453185 60.58413558837 2421.68115 -5.528999999999996 -1.534000000000001 -3.1534444847106933 -1.0747777726650238 0.120487705 0.13248771 "" "" 38.24232250440988 "" 4.6575982559448486 ""
17.39952279227 60.6675698941 0.0278 0.035 13.8306 "" "" 426359410611897984 3033.92871 0.3154 0.0449 2.463 -0.533 0.036 0.047 1.017 7388.2 4.3716 16.523289 1.382081 17.14197 15.759889 "" "" 2600.63647 3558.18433 4630.53653 1.9393 1899.5 8.2793 3937.3 7.0221 "" "" 0.0027925891048842483 0.0054936656 0.0042465674 0.009740233 17.39952279227 60.6675698941 3033.92871 2.463 -0.5329999999999993 4.838555515289307 -0.07377777266502383 0.117487706 0.1284877 "" "" 69.59049443819681 "" 8.176213830501577 ""
17.24403868994 60.4783639858 0.0288 0.0352 11.974 "" "" 426350790620283904 3194.32861 0.3006 0.0452 -2.275 -0.429 0.037 0.05 0.963 7791.7 4.2339 16.526722 1.256852 17.071674 15.814822 "" "" 2820.95898 3682.86792 4615.91968 1.9752 2026.5 10.252 3743.1 8.7074 "" "" 0.0027942155430275653 0.006160752 0.0045456435 0.010706395 17.24403868994 60.4783639858 3194.32861 -2.275000000000001 -0.42899999999999905 0.10055551528930673 0.030222227334976204 0.11848771 0.13148771 "" "" 1.5898025454544238 "" 0.1901696716839361 ""
17.62248932831 60.50829939108 0.0282 0.0359 2.2958 "" "" 426344915105011328 2540.30249 0.3775 0.0476 -2.059 -1.574 0.037 0.049 1.016 7455.8 4.3788 16.52813 1.491926 17.207594 15.715668 "" "" 2266.29224 2861.52588 4609.93372 1.9736 1788.0 7.4667 4101.0 8.5263 "" "" 0.002794253205034813 0.005323775 0.004402189 0.009725964 17.62248932831 60.50829939108 2540.30249 -2.059 -1.5739999999999992 0.3165555152893065 -1.1147777726650239 0.11848771 0.13048771 "" "" 13.953770487030779 "" 1.80883634914399 ""
17.82012469153 60.46740323451 0.027 0.0353 5.0746 "" "" 426341788368857216 2528.88062 0.3801 0.0445 -2.42 -1.118 0.034 0.047 0.994 7478.0 4.3457 16.529707 1.408858 17.15849 15.749631 "" "" 2299.85156 2849.0022 4603.24154 1.7968 1870.8 10.402 3974.7 8.3368 "" "" 0.0027877222395471884 0.0066505023 0.0044124597 0.011062962 17.82012469153 60.46740323451 2528.88062 -2.4199999999999986 -1.1180000000000003 -0.04444448471069329 -0.6587777726650239 0.11548771 0.1284877 "" "" 7.914650070813197 "" 1.016492532725626 ""
18.01835063532 60.40001894547 0.0268 0.0352 11.7678 "" "" 414331032586704128 2868.67236 0.3364 0.0449 -0.349 -1.193 0.036 0.049 1.048 7131.3 4.3491 16.53355 1.391729 17.158989 15.76726 "" "" 2506.42456 3414.05737 4586.97853 1.8171 1869.9 8.2263 3910.7 6.3921 "" "" 0.002788688108750205 0.0055317334 0.0041752984 0.009707032 18.01835063532 60.40001894547 2868.67236 -0.349 -1.193 2.0265555152893064 -0.7337777726650239 0.117487706 0.13048771 "" "" 29.306829786980238 "" 3.48948345984153 ""
18.11681641633 60.57513766106 0.0301 0.036 15.1322 "" "" 510410687948780928 2657.7312 0.3508 0.0472 -3.572 0.076 0.039 0.056 1.055 7658.7 4.22 16.536795 1.466169 17.201769 15.735599 "" "" 2369.58643 3025.3772 4573.28804 1.8336 1797.7 6.336 4026.4 7.7934 "" "" 0.002789495598596985 0.0047358777 0.0043243645 0.009060242 18.11681641633 60.57513766106 2657.7312 -3.5719999999999983 0.07600000000000144 -1.1964444847106934 0.5352222273349762 0.120487705 0.13748771 "" "" 16.51177169808818 "" 2.038957967029368 ""
