Clusters/UBC_413/UBC_413_stars_in_region.tsv
# %ECSV 1.0
# ---
# datatype:
# - name: RA_ICRS_1
#   unit: deg
#   datatype: float64
#   format: '{:15.11f}'
#   description: Right ascension (ICRS) at Ep=2016.0 (ra)
#   meta: !!omap
#   - {ucd: POS_EQ_RA_MAIN}
#   - {width: 15}
#   - {precision: '11'}
# - name: DE_ICRS_1
#   unit: deg
#   datatype: float64
#   format: '{:15.11f}'
#   description: Declination (ICRS) at Ep=2016.0 (dec)
#   meta: !!omap
#   - {ucd: POS_EQ_DEC_MAIN}
#   - {width: 15}
#   - {precision: '11'}
# - name: e_RA_ICRS
#   unit: mas
#   datatype: float64
#   format: '{:7.4f}'
#   description: Standard error of right ascension (ra_error)
#   meta: !!omap
#   - {ucd: ERROR}
#   - {width: 7}
#   - {precision: '4'}
# - name: e_DE_ICRS
#   unit: mas
#   datatype: float64
#   format: '{:7.4f}'
#   description: Standard error of declination (dec_error)
#   meta: !!omap
#   - {ucd: ERROR}
#   - {width: 7}
#   - {precision: '4'}
# - name: _r_1
#   unit: ''
#   datatype: float64
#   format: '{:7.4f}'
#   description: Distance from center (017.64881701000+60.47230073000)[ICRS], at Epoch=J2016.0
#   meta: !!omap
#   - {ucd: POS_ANG_DIST_GENERAL}
#   - {width: 7}
#   - {precision: '4'}
# - name: HIP
#   datatype: int32
#   description: '? HIP cross-id number, van Leeuwen, Cat. I/311 (hip_original_ext_source_id)'
#   meta: !!omap
#   - {ucd: ID_NUMBER}
#   - {width: 6}
#   - values: {'null': -2147483648}
# - name: TYC2
#   datatype: string
#   description: Tycho-2 cross-id name, Hog et al., Cat. I/259 (tyc2_original_ext_source_id)
#   meta: !!omap
#   - {ucd: ID_CROSSID}
#   - {_votable_string_dtype: char}
# - name: Source
#   datatype: int64
#   description: Source identifier, identical to the Gaia-EDR3 source_id (id)
#   meta: !!omap
#   - {ucd: ID_MAIN}
#   - {width: 19}
# - name: rgeo
#   unit: pc
#   datatype: float64
#   format: '{:15.8f}'
#   description: '? Median of the geometric distance posterior (r_med_geo)'
#   meta: !!omap
#   - {ucd: PHYS_DISTANCE_TRUE}
#   - {width: 15}
#   - {precision: '8'}
#   - values: {'null': .nan}
# - name: Plx
#   unit: mas
#   datatype: float64
#   format: '{:9.4f}'
#   description: '? Parallax (parallax)'
#   meta: !!omap
#   - {ucd: POS_PARLX_TRIG}
#   - {width: 9}
#   - {precision: '4'}
#   - values: {'null': .nan}
# - name: e_Plx
#   unit: mas
#   datatype: float32
#   format: '{:7.4f}'
#   description: '? Standard error of parallax (parallax_error)'
#   meta: !!omap
#   - {ucd: ERROR}
#   - {width: 7}
#   - {precision: '4'}
#   - values: {'null': .nan}
# - name: pmRA
#   unit: mas / yr
#   datatype: float64
#   format: '{:9.3f}'
#   description: '? Proper motion in right ascension direction, pmRA*cosDE (pmra)'
#   meta: !!omap
#   - {ucd: POS_EQ_PMRA}
#   - {width: 9}
#   - {precision: '3'}
#   - values: {'null': .nan}
# - name: pmDE
#   unit: mas / yr
#   datatype: float64
#   format: '{:9.3f}'
#   description: '? Proper motion in declination direction (pmdec)'
#   meta: !!omap
#   - {ucd: POS_EQ_PMDEC}
#   - {width: 9}
#   - {precision: '3'}
#   - values: {'null': .nan}
# - name: e_pmRA
#   unit: mas / yr
#   datatype: float32
#   format: '{:6.3f}'
#   description: '? Standard error of proper motion in right ascension direction (pmra_error)'
#   meta: !!omap
#   - {ucd: ERROR}
#   - {width: 6}
#   - {precision: '3'}
#   - values: {'null': .nan}
# - name: e_pmDE
[...]
#         value: !astropy.table.SerializedColumn {name: SkyCoord.dec}
#       distance: !astropy.table.SerializedColumn
#         __class__: astropy.coordinates.distances.Distance
#         unit: !astropy.units.Unit {unit: pc}
#         value: !astropy.table.SerializedColumn {name: SkyCoord.distance}
#       frame: icrs
#       obstime: !astropy.time.Time {format: jyear_str, in_subfmt: '*', jd1: 367701545.0, jd2: 0.0, out_subfmt: '*', precision: 3, scale: tt}
#       pm_dec: !astropy.table.SerializedColumn
#         __class__: astropy.units.quantity.Quantity
#         unit: !astropy.units.Unit {unit: mas / yr}
#         value: !astropy.table.SerializedColumn {name: SkyCoord.pm_dec}
#       pm_ra_cosdec: !astropy.table.SerializedColumn
#         __class__: astropy.units.quantity.Quantity
#         unit: !astropy.units.Unit {unit: mas / yr}
#         value: !astropy.table.SerializedColumn {name: SkyCoord.pm_ra_cosdec}
#       ra: !astropy.table.SerializedColumn
#         __class__: astropy.coordinates.angles.Longitude
#         unit: *id001
#         value: !astropy.table.SerializedColumn {name: SkyCoord.ra}
#         wrap_angle: !astropy.coordinates.Angle
#           unit: *id001
#           value: 360.0
#       representation_type: spherical
# schema: astropy-2.0
RA_ICRS_1 DE_ICRS_1 e_RA_ICRS e_DE_ICRS _r_1 HIP TYC2 Source rgeo Plx e_Plx pmRA pmDE e_pmRA e_pmDE RUWE Teff logg Gmag BP-RP BPmag RPmag RV e_RV b_rgeo B_rgeo FG e_FG FBP e_FBP FRP e_FRP RAVE5 RAVE6 e_Gmag e_BPmag e_RPmag e_BP-RP SkyCoord.ra SkyCoord.dec SkyCoord.distance SkyCoord.pm_ra_cosdec SkyCoord.pm_dec rmRA rmDE e_rmRA e_rmDE rRV e_rRV v_pec v_pec3d e_vpec e_vpec3d
[from data line 63]
17.76807065089 60.47068030686 0.0117 0.0145 3.5278 "" "" 426341650929898880 2932.34277 0.3069 0.0194 -2.67 -0.817 0.015 0.019 1.03 10100.6 3.6931 14.719676 1.050031 15.151851 14.10182 "" "" 2801.96362 3114.50366 24382.40089 4.7584 11876.0 12.308 18131.0 11.452 "" "" 0.002763455523663522 0.00300852 0.003841096 0.006849616 17.76807065089 60.47068030686 2932.34277 -2.6700000000000004 -0.8169999999999997 -0.2944444847106933 -0.35777777266502375 0.09648771 0.10048771 "" "" 6.440381833446158 "" 0.6369020686264535 ""
17.75375731495 60.69469990006 0.0126 0.0151 13.6976 "" "" 522424634886593024 2740.4834 0.3298 0.0207 -0.651 -2.02 0.017 0.02 1.022 4744.5 2.8343 14.832694 2.054277 15.881811 13.827534 -74.2 1.82 2613.45361 2867.49854 21971.97954 4.5213 6063.1 8.1688 23342.0 14.997 "" "" 0.002764363411621763 0.0031503746 0.0038432197 0.0069935946 17.75375731495 60.69469990006 2740.4834 -0.6509999999999995 -2.019999999999998 1.7245555152893066 -1.5607777726650238 0.098487705 0.10148771 "" "" 30.214048749798497 "" 3.0168631320539796 ""
18.11362662493 60.55880262455 0.0128 0.0161 14.6748 "" "" 510410241272195712 2913.83594 0.3113 0.0212 -1.952 -0.564 0.018 0.025 1.001 5802.3 2.6754 14.848898 2.006361 15.862378 13.856017 -81.24 2.08 2748.64551 3142.86743 21646.49914 5.429 6172.6 9.1533 22738.0 14.627 "" "" 0.0027687433451839705 0.0032213728 0.0038433764 0.0070647495 18.11362662493 60.55880262455 2913.83594 -1.952 -0.5639999999999984 0.4235555152893067 -0.10477777266502375 0.09948771 0.10648771 "" "" 6.0263093996971735 "" 0.6020566232493999 ""
17.53982836317 60.41769675848 0.013 0.0158 4.5976 "" "" 426343368916854656 2525.22949 0.3647 0.0217 -2.344 -0.423 0.017 0.021 1.092 9208.1 3.6301 14.871308 0.890101 15.221647 14.331546 "" "" 2393.67236 2679.54688 21204.26856 4.3971 11137.0 11.141 14674.0 11.991 "" "" 0.002764503725578128 0.0029941138 0.0038821239 0.0068762377 17.53982836317 60.41769675848 2525.22949 -2.344 -0.4229999999999998 0.03155551528930678 0.03622222733497621 0.098487705 0.102487706 "" "" 0.5750138517100496 "" 0.0579506392273168 ""
18.04415351476 60.55496563791 0.0132 0.0157 12.6853 "" "" 522419794464932480 2560.30957 0.3619 0.0211 -1.077 -0.864 0.018 0.024 1.019 9616.2 3.7459 14.886954 1.164045 15.378045 14.214 "" "" 2436.54932 2670.56055 20900.90194 3.8172 9642.7 9.8487 16352.0 11.198 "" "" 0.002762446187902061 0.0030024617 0.0038518247 0.0068542864 18.04415351476 60.55496563791 2560.30957 -1.077 -0.8640000000000002 1.2985555152893067 -0.4047777726650238 0.09948771 0.105487704 "" "" 16.506972272769453 "" 1.6512517816419916 ""
17.32359528774 60.37726791012 0.0124 0.0159 11.1924 "" "" 426349106993187840 2498.44141 0.3666 0.0203 -2.431 -0.481 0.016 0.023 1.039 9678.4 4.2279 14.905138 1.070293 15.348782 14.278488 "" "" 2351.5415 2658.02759 20553.76733 3.4751 9906.1 8.9448 15409.0 10.269 "" "" 0.002761428454818144 0.0029573946 0.003848022 0.0068054167 17.32359528774 60.37726791012 2498.44141 -2.431 -0.4810000000000002 -0.05544448471069341 -0.021777772665023787 0.09748771 0.10448771 "" "" 0.7054422834832335 "" 0.0694523058653074 ""
18.07680542613 60.54907290628 0.0136 0.0161 13.454 "" "" 510410172552725760 2822.36011 0.3276 0.0215 -0.563 -0.745 0.018 0.025 0.987 9251.1 3.7629 14.90892 1.015552 15.322874 14.307322 "" "" 2644.84717 3008.50659 20482.29321 3.7682 10145.0 11.583 15005.0 12.732 "" "" 0.0027625510234921117 0.0030531525 0.003890046 0.0069431984 18.07680542613 60.54907290628 2822.36011 -0.563 -0.7450000000000001 1.8125555152893067 -0.2857777726650238 0.09948771 0.10648771 "" "" 24.5478821621043 "" 2.4465232823313423 ""
17.93146091808 60.44212614934 0.0127 0.0158 8.5556 "" "" 426340998094901120 2343.20532 0.4006 0.0208 -1.284 -1.515 0.017 0.023 0.984 8204.6 3.6699 14.923944 1.094154 15.383138 14.288983 "" "" 2244.25635 2476.68994 20200.84238 3.5787 9597.6 9.1146 15260.0 10.529 "" "" 0.0027620256824262266 0.0029745938 0.0038529108 0.0068275044 17.93146091808 60.44212614934 2343.20532 -1.284 -1.5149999999999997 1.0915555152893066 -1.0557777726650237 0.098487705 0.10448771 "" "" 16.86682806408933 "" 1.7108376446571487 ""
17.53551297978 60.22762797817 0.0138 0.0161 15.0607 "" "" 426334057427898112 2453.22168 0.3792 0.0226 -1.096 -1.136 0.018 0.02 0.965 9178.3 3.8559 14.958466 1.097187 15.413309 14.316122 "" "" 2321.30859 2579.2666 19568.63526 3.8654 9334.5 9.7817 14884.0 12.585 "" "" 0.002763654286798842 0.0030132255 0.0038892815 0.006902507 17.53551297978 60.22762797817 2453.22168 -1.096 -1.136 1.2795555152893066 -0.6767777726650237 0.09948771 0.10148771 "" "" 16.832059380877077 "" 1.6819994911276506 ""
17.25511546255 60.61553831533 0.0199 0.0266 14.4499 "" "" 426360548777859968 2792.52441 0.3307 0.0326 -0.056 -0.85 0.027 0.038 1.53 "" "" 14.968286 0.967402 14.934757 13.967355 "" "" 2585.43408 3045.57056 19392.41953 11.272 14505.0 87.925 20522.0 64.806 "" "" 0.002826670775395983 0.007148427 0.0051028607 0.012251288 17.25511546255 60.61553831533 2792.52441 -0.05600000000000002 -0.85 2.3195555152893066 -0.3907777726650238 0.10848771 0.1194877 "" "" 31.135613181826 "" 3.387748508092484 ""
17.92699171766 60.41583436335 0.0124 0.0158 8.9028 "" "" 426340654497537920 2798.16113 0.3245 0.0208 -2.054 -0.806 0.017 0.023 1.008 9807.8 3.6123 14.987184 0.97325 15.380401 14.40715 "" "" 2648.69458 2932.85669 19057.82981 4.2638 9621.8 12.78 13687.0 9.0466 "" "" 0.0027660071043731117 0.0031408174 0.0038469108 0.006987728 17.92699171766 60.41583436335 2798.16113 -2.0539999999999985 -0.8059999999999995 0.3215555152893068 -0.34677777266502385 0.098487705 0.10448771 "" "" 6.272464394169442 "" 0.6382721819897205 ""
18.03424517934 60.41205919045 0.0149 0.018 11.9668 "" "" 414331066946440448 2408.52148 0.3956 0.0247 -2.274 -0.454 0.021 0.027 1.131 "" "" 14.99161 0.694198 15.222885 14.528688 "" "" 2270.8479 2592.74365 18980.29066 6.0293 11124.0 85.212 12237.0 63.34 "" "" 0.0027768224224181634 0.008772497 0.0067725056 0.015545003 18.03424517934 60.41205919045 2408.52148 -2.274 -0.454 0.10155551528930662 0.005222227334976182 0.102487706 0.10848771 "" "" 1.1609294171148834 "" 0.11899989885736532 ""
17.66429868584 60.41132244049 0.0129 0.0162 3.6873 "" "" 426342853520788608 2884.38965 0.3134 0.0224 0.531 -1.791 0.018 0.021 1.028 5862.0 2.88 14.998073 2.010293 16.012712 14.002419 -20.57 3.17 2643.43774 3117.12769 18867.64265 4.6066 5374.4 6.9082 19870.0 12.965 "" "" 0.002768042649514777 0.0031197327 0.0038452053 0.006964938 17.66429868584 60.41132244049 2884.38965 0.5310000000000001 -1.791 2.906555515289307 -1.3317777726650237 0.09948771 0.102487706 "" "" 43.71130491853696 "" 4.371773424219804 ""
17.70057064928 60.27036900079 0.0138 0.0172 12.2128 "" "" 426332957916251520 2745.22852 0.3221 0.0228 -2.411 -0.197 0.019 0.024 1.021 4546.4 2.3631 15.021438 2.382169 16.302559 13.92039 -98.37 1.83 2593.58936 2921.65479 18465.94855 4.36 4115.2 6.6705 21429.0 12.679 "" "" 0.002767219995773329 0.0032988407 0.0038335896 0.0071324306 17.70057064928 60.27036900079 2745.22852 -2.411 -0.19699999999999995 -0.03544448471069339 0.2622222273349762 0.10048771 0.105487704 "" "" 3.44316628952572 "" 0.36290999950058783 ""
17.75404191466 60.31282270115 0.0143 0.017 10.0642 "" "" 426338936510699264 2964.646 0.3066 0.0237 -1.216 -0.553 0.019 0.024 0.962 9870.7 3.8119 15.043672 0.936336 15.4183 14.481964 "" "" 2765.48438 3165.2356 18091.64141 3.9213 9291.7 12.315 12775.0 10.669 "" "" 0.0027653515848936254 0.003139394 0.0038866336 0.007026028 17.75404191466 60.31282270115 2964.646 -1.2159999999999997 -0.5530000000000005 1.1595555152893067 -0.09377777266502385 0.10048771 0.105487704 "" "" 16.347764635796885 "" 1.6432936856594322 ""
17.92634444422 60.70738509456 0.0145 0.0173 16.3038 "" "" 522427731564340480 2528.49536 0.3641 0.0249 2.534 -1.05 0.019 0.023 1.011 4794.4 3.2152 15.048388 2.034862 16.080486 14.045625 15.85 3.69 2339.85303 2736.48267 18013.22555 4.7885 5049.2 7.9762 19095.0 13.067 "" "" 0.002770395849904277 0.0032751686 0.003851721 0.0071268897 17.92634444422 60.70738509456 2528.49536 2.5340000000000003 -1.0500000000000003 4.9095555152893064 -0.5907777726650238 0.10048771 0.10448771 "" "" 59.26583256102236 "" 5.95893773034091 ""
17.81284219994 60.61559076913 0.0142 0.0182 9.866 "" "" 522422642021924608 2249.06616 0.4115 0.0244 1.43 -0.108 0.019 0.024 1.032 4932.3 3.2798 15.083597 2.241612 16.261604 14.019992 -57.47 2.61 2131.07104 2353.51758 17438.44268 5.2697 4273.4 9.7278 19551.0 11.294 "" "" 0.002774785966353664 0.0037273979 0.0038310706 0.0075584687 17.81284219994 60.61559076913 2249.06616 1.43 -0.10800000000000001 3.8055555152893064 0.3512222273349762 0.10048771 0.105487704 "" "" 40.74181948882554 "" 4.095815025386082 ""
17.67761819488 60.70159665099 0.0136 0.0166 13.7839 "" "" 522425360742389248 2380.85107 0.3955 0.0229 -0.501 -1.402 0.018 0.023 1.041 7857.7 3.8112 15.106138 1.182787 15.602593 14.419806 "" "" 2255.7229 2504.14355 17080.14079 4.3283 7841.1 9.9319 13528.0 13.705 "" "" 0.002769023329046501 0.0031106821 0.003936191 0.007046873 17.67761819488 60.70159665099 2380.85107 -0.501 -1.402 1.8745555152893068 -0.9427777726650237 0.09948771 0.10448771 "" "" 23.67960609219471 "" 2.3802062992924857 ""
18.08212231766 60.46161715746 0.0157 0.0191 12.8312 "" "" 510408420206150784 2585.44531 0.3596 0.0253 3.761 -2.424 0.021 0.028 1.113 "" "" 15.132442 1.305004 15.70224 14.397236 "" "" 2426.78687 2763.90942 16671.30523 3.805 7153.5 8.6182 13812.0 10.521 "" "" 0.0027664411294096125 0.0030815625 0.0038688134 0.0069503756 18.08212231766 60.46161715746 2585.44531 3.761 -2.4240000000000004 6.136555515289307 -1.9647777726650237 0.102487706 0.10948771 "" "" 78.96418528784002 "" 8.14583515216169 ""
17.91921967512 60.55211216077 0.0162 0.0187 9.3118 "" "" 522419244709043328 2527.9104 0.3608 0.0269 -0.83 -2.787 0.021 0.025 1.141 8440.9 3.5849 15.162334 1.342318 15.748992 14.406674 "" "" 2363.53687 2724.20288 16218.59218 3.7851 6852.0 11.365 13693.0 10.414 "" "" 0.002766946984690548 0.003320857 0.0038685363 0.007189393 17.91921967512 60.55211216077 2527.9104 -0.8300000000000006 -2.787 1.5455555152893066 -2.3277777726650237 0.102487706 0.10648771 "" "" 33.480366824951595 "" 3.5248127359374126 ""
17.32225145363 60.27908824799 0.015 0.0181 15.1063 "" "" 426346770531057920 2431.09766 0.3761 0.0253 0.869 -2.758 0.02 0.025 1.041 4962.0 3.3561 15.190893 1.804231 16.07136 14.267129 -57.89 3.75 2313.19434 2579.08325 15797.53657 3.8922 5091.8 7.4766 15571.0 9.7634 "" "" 0.002768275225117442 0.0032135167 0.0038402074 0.007053724 17.32225145363 60.27908824799 2431.09766 0.869 -2.758 3.2445555152893064 -2.298777772665024 0.10148771 0.10648771 "" "" 45.821315597831244 "" 4.728105533547281 ""
17.23534500894 60.53703390521 0.0153 0.0189 12.8171 "" "" 426356906653968256 2757.41772 0.3318 0.0243 -3.092 0.27 0.02 0.027 1.023 8425.2 3.9851 15.216938 1.218222 15.740427 14.522205 "" "" 2574.41626 2972.12085 15423.09777 5.2361 6906.3 13.888 12311.0 12.025 "" "" 0.002779866666783732 0.0035428745 0.0039253556 0.00746823 17.23534500894 60.53703390521 2757.41772 -3.0920000000000005 0.27000000000000013 -0.7164444847106934 0.7292222273349762 0.10148771 0.10848771 "" "" 13.3613718393722 "" 1.4043850382382477 ""
17.29580780568 60.55253402583 0.0149 0.0196 11.4835 "" "" 426357147171834624 2591.74023 0.3535 0.0245 -2.315 -1.712 0.019 0.028 0.986 7817.5 3.9785 15.260736 1.147345 15.746663 14.599318 "" "" 2426.1665 2798.96631 14813.3163 5.1137 6866.8 12.767 11467.0 13.195 "" "" 0.002780695847393379 0.0034438286 0.0039805276 0.0074243564 17.29580780568 60.55253402583 2591.74023 -2.315 -1.7120000000000006 0.060555515289306694 -1.2527777726650238 0.10048771 0.10948771 "" "" 15.40815420667359 "" 1.6866935630043696 ""
17.72841193242 60.58722508594 0.015 0.0185 7.2847 "" "" 522422371445218304 2789.88721 0.3296 0.0255 -2.906 -1.048 0.02 0.025 1.017 8744.1 3.5857 15.261973 1.03493 15.68847 14.65354 "" "" 2563.24536 3045.67603 14796.44485 3.4196 7244.8 11.525 10908.0 9.6012 "" "" 0.0027667222963998345 0.003281496 0.0038983354 0.007179831 17.72841193242 60.58722508594 2789.88721 -2.906 -1.048 -0.5304444847106935 -0.5887777726650238 0.10148771 0.10648771 "" "" 10.479857944602594 "" 1.0928107497280297 ""
18.0423113199 60.33341870051 0.016 0.0199 14.3321 "" "" 414330276672466560 2824.1748 0.3261 0.0253 -1.201 -0.918 0.021 0.026 0.985 10240.2 4.0605 15.27383 0.784627 15.577256 14.792629 "" "" 2636.49658 3089.23315 14635.73186 3.6344 8026.3 10.407 9596.4 9.4546 "" "" 0.0027684799361357656 0.0031252024 0.0039278455 0.007053048 18.0423113199 60.33341870051 2824.1748 -1.2009999999999996 -0.9180000000000001 1.1745555152893066 -0.45877777266502384 0.102487706 0.10748771 "" "" 16.880152185954948 "" 1.7414151799418411 ""
17.33495075187 60.41295688499 0.0146 0.0184 9.9487 "" "" 426349278791849728 2317.97388 0.4004 0.0241 -1.458 -1.01 0.019 0.026 1.011 7563.4 3.5962 15.306877 1.24391 15.844636 14.600726 "" "" 2195.17285 2453.5498 14196.98028 3.3404 6274.3 10.857 11452.0 10.961 "" "" 0.0027671375802510033 0.0033637402 0.003919647 0.0072833872 17.33495075187 60.41295688499 2317.97388 -1.4579999999999997 -1.01 0.9175555152893067 -0.5507777726650238 0.10048771 0.10748771 "" "" 11.758170055905936 "" 1.2039009674395622 ""
18.03965659801 60.4154655009 0.0147 0.0192 12.0597 "" "" 414331066946440064 2428.50122 0.3803 0.0239 -2.285 -0.448 0.019 0.027 0.952 9251.1 4.2102 15.315481 0.770338 15.617656 14.847318 "" "" 2303.34106 2588.95605 14084.91116 3.3528 7733.1 9.4823 9125.0 9.4 "" "" 0.002767415076602663 0.003091517 0.003941405 0.007032922 18.03965659801 60.4154655009 2428.50122 -2.285 -0.4479999999999994 0.0905555152893065 0.011222227334976187 0.10048771 0.10848771 "" "" 1.0503671317852845 "" 0.10568106185290715 ""
17.77532586232 60.27199178596 0.0155 0.0196 12.5907 "" "" 426332270721484416 2738.16333 0.3254 0.0258 -0.884 0.715 0.021 0.027 1.042 5242.4 2.8966 15.317321 2.291382 16.527294 14.235912 -65.37 3.64 2550.42944 2936.62646 14061.07264 3.7817 3345.8 7.2731 16025.0 11.482 "" "" 0.0027707503241805476 0.003654513 0.0038586152 0.007513128 17.77532586232 60.27199178596 2738.16333 -0.8839999999999997 0.7149999999999999 1.4915555152893067 1.174222227334976 0.102487706 0.10848771 "" "" 24.637810231139124 "" 2.5826343209984937 ""
17.98945277817 60.30051369939 0.0154 0.0189 14.4304 "" "" 414328833563459200 2321.26025 0.4015 0.025 -4.238 1.455 0.021 0.027 1.007 8592.5 4.1513 15.317386 1.097688 15.776897 14.67921 "" "" 2198.14307 2456.21533 14060.23768 3.6424 6678.2 11.2 10653.0 8.1158 "" "" 0.002769639094355087 0.0033317676 0.0038688374 0.0072006052 17.98945277817 60.30051369939 2321.26025 -4.238 1.455 -1.8624444847106938 1.9142222273349763 0.102487706 0.10848771 "" "" 29.385741247980196 "" 3.1035026920692856 ""
17.4897324455 60.55868100068 0.017 0.0206 6.9952 "" "" 426357662567911680 2358.86499 0.3993 0.0269 -2.905 -0.814 0.023 0.029 1.112 7117.8 4.0703 15.319601 1.286277 15.879625 14.593348 "" "" 2217.73511 2507.89551 14031.57042 3.4351 6075.3 6.9753 11530.0 10.44 "" "" 0.00276811124010421 0.0030559786 0.0039051508 0.0069611296 17.4897324455 60.55868100068 2358.86499 -2.9049999999999994 -0.8140000000000001 -0.5294444847106932 -0.35477777266502375 0.10448771 0.11048771 "" "" 7.125904787288955 "" 0.7580764691410593 ""
17.70577126873 60.60210944151 0.0157 0.0199 7.9678 "" "" 522422474524427776 2630.68188 0.3538 0.0273 -2.255 -0.399 0.021 0.027 1.007 9414.6 3.9976 15.324104 0.966416 15.714197 14.747781 "" "" 2447.4314 2808.88794 13973.4939 3.3947 7075.2 10.275 10001.0 8.979 "" "" 0.002767916637249 0.0032048775 0.003903067 0.007107944 17.70577126873 60.60210944151 2630.68188 -2.255 -0.3989999999999985 0.12055551528930675 0.060222227334976175 0.102487706 0.10848771 "" "" 1.680384896798574 "" 0.1742789010780824 ""
