Clusters/UBC_413/UBC_413_stars_in_region.tsv
# %ECSV 1.0
# ---
# datatype:
# - name: RA_ICRS_1
#   unit: deg
#   datatype: float64
#   format: '{:15.11f}'
#   description: Right ascension (ICRS) at Ep=2016.0 (ra)
#   meta: !!omap
#   - {ucd: POS_EQ_RA_MAIN}
#   - {width: 15}
#   - {precision: '11'}
# - name: DE_ICRS_1
#   unit: deg
#   datatype: float64
#   format: '{:15.11f}'
#   description: Declination (ICRS) at Ep=2016.0 (dec)
#   meta: !!omap
#   - {ucd: POS_EQ_DEC_MAIN}
#   - {width: 15}
#   - {precision: '11'}
# - name: e_RA_ICRS
#   unit: mas
#   datatype: float64
#   format: '{:7.4f}'
#   description: Standard error of right ascension (ra_error)
#   meta: !!omap
#   - {ucd: ERROR}
#   - {width: 7}
#   - {precision: '4'}
# - name: e_DE_ICRS
#   unit: mas
#   datatype: float64
#   format: '{:7.4f}'
#   description: Standard error of declination (dec_error)
#   meta: !!omap
#   - {ucd: ERROR}
#   - {width: 7}
#   - {precision: '4'}
# - name: _r_1
#   unit: ''
#   datatype: float64
#   format: '{:7.4f}'
#   description: Distance from center (017.64881701000+60.47230073000)[ICRS], at Epoch=J2016.0
#   meta: !!omap
#   - {ucd: POS_ANG_DIST_GENERAL}
#   - {width: 7}
#   - {precision: '4'}
# - name: HIP
#   datatype: int32
#   description: '? HIP cross-id number, van Leeuwen, Cat. I/311 (hip_original_ext_source_id)'
#   meta: !!omap
#   - {ucd: ID_NUMBER}
#   - {width: 6}
#   - values: {'null': -2147483648}
# - name: TYC2
#   datatype: string
#   description: Tycho-2 cross-id name, Hog et al., Cat. I/259 (tyc2_original_ext_source_id)
#   meta: !!omap
#   - {ucd: ID_CROSSID}
#   - {_votable_string_dtype: char}
# - name: Source
#   datatype: int64
#   description: Source identifier, identical to the Gaia-EDR3 source_id (id)
#   meta: !!omap
#   - {ucd: ID_MAIN}
#   - {width: 19}
# - name: rgeo
#   unit: pc
#   datatype: float64
#   format: '{:15.8f}'
#   description: '? Median of the geometric distance posterior (r_med_geo)'
#   meta: !!omap
#   - {ucd: PHYS_DISTANCE_TRUE}
#   - {width: 15}
#   - {precision: '8'}
#   - values: {'null': .nan}
# - name: Plx
#   unit: mas
#   datatype: float64
#   format: '{:9.4f}'
#   description: '? Parallax (parallax)'
#   meta: !!omap
#   - {ucd: POS_PARLX_TRIG}
#   - {width: 9}
#   - {precision: '4'}
#   - values: {'null': .nan}
# - name: e_Plx
#   unit: mas
#   datatype: float32
#   format: '{:7.4f}'
#   description: '? Standard error of parallax (parallax_error)'
#   meta: !!omap
#   - {ucd: ERROR}
#   - {width: 7}
#   - {precision: '4'}
#   - values: {'null': .nan}
# - name: pmRA
#   unit: mas / yr
#   datatype: float64
#   format: '{:9.3f}'
#   description: '? Proper motion in right ascension direction, pmRA*cosDE (pmra)'
#   meta: !!omap
#   - {ucd: POS_EQ_PMRA}
#   - {width: 9}
#   - {precision: '3'}
#   - values: {'null': .nan}
# - name: pmDE
#   unit: mas / yr
#   datatype: float64
#   format: '{:9.3f}'
#   description: '? Proper motion in declination direction (pmdec)'
#   meta: !!omap
#   - {ucd: POS_EQ_PMDEC}
#   - {width: 9}
#   - {precision: '3'}
#   - values: {'null': .nan}
# - name: e_pmRA
#   unit: mas / yr
#   datatype: float32
#   format: '{:6.3f}'
#   description: '? Standard error of proper motion in right ascension direction (pmra_error)'
#   meta: !!omap
#   - {ucd: ERROR}
#   - {width: 6}
#   - {precision: '3'}
#   - values: {'null': .nan}
# - name: e_pmDE
[...]
#         value: !astropy.table.SerializedColumn {name: SkyCoord.dec}
#       distance: !astropy.table.SerializedColumn
#         __class__: astropy.coordinates.distances.Distance
#         unit: !astropy.units.Unit {unit: pc}
#         value: !astropy.table.SerializedColumn {name: SkyCoord.distance}
#       frame: icrs
#       obstime: !astropy.time.Time {format: jyear_str, in_subfmt: '*', jd1: 367701545.0, jd2: 0.0, out_subfmt: '*', precision: 3, scale: tt}
#       pm_dec: !astropy.table.SerializedColumn
#         __class__: astropy.units.quantity.Quantity
#         unit: !astropy.units.Unit {unit: mas / yr}
#         value: !astropy.table.SerializedColumn {name: SkyCoord.pm_dec}
#       pm_ra_cosdec: !astropy.table.SerializedColumn
#         __class__: astropy.units.quantity.Quantity
#         unit: !astropy.units.Unit {unit: mas / yr}
#         value: !astropy.table.SerializedColumn {name: SkyCoord.pm_ra_cosdec}
#       ra: !astropy.table.SerializedColumn
#         __class__: astropy.coordinates.angles.Longitude
#         unit: *id001
#         value: !astropy.table.SerializedColumn {name: SkyCoord.ra}
#         wrap_angle: !astropy.coordinates.Angle
#           unit: *id001
#           value: 360.0
#       representation_type: spherical
# schema: astropy-2.0
RA_ICRS_1 DE_ICRS_1 e_RA_ICRS e_DE_ICRS _r_1 HIP TYC2 Source rgeo Plx e_Plx pmRA pmDE e_pmRA e_pmDE RUWE Teff logg Gmag BP-RP BPmag RPmag RV e_RV b_rgeo B_rgeo FG e_FG FBP e_FBP FRP e_FRP RAVE5 RAVE6 e_Gmag e_BPmag e_RPmag e_BP-RP SkyCoord.ra SkyCoord.dec SkyCoord.distance SkyCoord.pm_ra_cosdec SkyCoord.pm_dec rmRA rmDE e_rmRA e_rmDE rRV e_rRV v_pec v_pec3d e_vpec e_vpec3d
[from data line 381]
17.09935448986 60.49564416867 0.0348 0.0423 16.3024 "" "" 426353642478398720 2717.68921 0.3564 0.0548 -1.679 -0.913 0.044 0.059 1.027 8464.4 4.4938 16.942469 1.277616 17.502045 16.224428 "" "" 2386.28833 3074.14966 3147.45262 1.9546 1363.3 8.7806 2566.8 7.8275 "" "" 0.0028366188805167454 0.007528987 0.005024565 0.012553552 17.09935448986 60.49564416867 2717.68921 -1.679 -0.913 0.6965555152893066 -0.45377777266502384 0.12548772 0.1404877 "" "" 10.709021459734663 "" 1.3936496612011502 ""
17.7182271041 60.28849315142 0.0347 0.0415 11.2189 "" "" 426333095355192320 3118.74976 0.3106 0.0578 0.156 0.206 0.047 0.055 1.018 7693.0 4.257 16.94288 1.942106 17.910694 15.968588 "" "" 2655.8269 3904.03418 3146.26102 2.5337 935.71 6.9636 3248.8 8.1964 "" "" 0.0028907222721241133 0.00854828 0.0046676514 0.013215931 17.7182271041 60.28849315142 3118.74976 0.15599999999999997 0.20600000000000007 2.531555515289307 0.6652222273349762 0.1284877 0.13648771 "" "" 38.694137569597906 "" 4.992294682855639 ""
17.78032635932 60.34229933781 0.0607 0.0827 8.7192 "" "" 426339108309370368 3250.7395 0.3086 0.1011 -1.88 -1.43 0.08 0.117 1.911 5451.8 4.7263 16.944729 1.517384 17.58416 16.066776 "" "" 2496.83496 4901.92627 3140.90983 7.4117 1264.0 6.6556 2967.9 7.3311 "" "" 0.0037624275662268246 0.0063614915 0.00463426 0.010995751 17.78032635932 60.34229933781 3250.7395 -1.8800000000000001 -1.4300000000000006 0.49555551528930675 -0.9707777726650237 0.1614877 0.1984877 "" "" 16.79445609854147 "" 3.2149037258172406 ""
17.90303269487 60.2882589141 0.0376 0.0431 13.3704 "" "" 426338008797783424 2797.7627 0.3439 0.0602 -0.859 -0.552 0.05 0.061 1.051 8500.9 4.4952 16.950346 1.24036 17.486818 16.246458 "" "" 2396.20239 3163.86499 3124.7021 1.5701 1382.6 5.845 2515.2 7.502 "" "" 0.002808812160657435 0.0053715087 0.0049770353 0.0103485435 17.90303269487 60.2882589141 2797.7627 -0.8589999999999999 -0.552 1.5165555152893067 -0.09277777266502385 0.13148771 0.1424877 "" "" 20.149241609951037 "" 2.650238529978094 ""
17.34858103372 60.36646828067 0.0334 0.04 10.9271 "" "" 426348900834767232 3220.34546 0.3026 0.0547 -0.609 0.269 0.042 0.053 1.014 8342.7 4.4505 16.95134 1.292166 17.521065 16.228899 "" "" 2672.39282 3824.26953 3121.84362 1.5385 1339.6 7.397 2556.2 8.1011 "" "" 0.002806793431269246 0.006612689 0.005111125 0.011723814 17.34858103372 60.36646828067 3220.34546 -0.6089999999999999 0.2689999999999999 1.7665555152893067 0.7282222273349762 0.12348771 0.1344877 "" "" 29.16676532759085 "" 3.6500889036654214 ""
17.35619403642 60.49715707524 0.0348 0.0426 8.7774 "" "" 426355807144757504 2865.2666 0.3291 0.0543 -2.733 -0.837 0.044 0.059 1.013 7180.1 4.3512 16.951397 1.551989 17.677374 16.125385 "" "" 2534.3877 3342.33228 3121.67479 1.5509 1160.0 6.8858 2811.9 7.5221 "" "" 0.0028076243477397757 0.007023009 0.0047665024 0.011789512 17.35619403642 60.49715707524 2865.2666 -2.733 -0.8369999999999995 -0.35744448471069346 -0.37777777266502377 0.12548772 0.1404877 "" "" 7.063387774511295 "" 0.9437551249770937 ""
17.70465407164 60.33072308211 0.0355 0.0422 8.6543 "" "" 426339211380921728 2397.81201 0.3972 0.0575 4.0 0.133 0.045 0.056 0.998 "" "" 16.954786 1.694799 17.7659 16.0711 "" "" 2104.41772 2792.32812 3111.94644 1.5593 1069.2 7.168 2956.1 8.805 "" "" 0.002808515028623864 0.0077953096 0.004974155 0.012769464 17.70465407164 60.33072308211 2397.81201 4.000000000000003 0.13299999999999915 6.375555515289307 0.5922222273349762 0.1264877 0.13748771 "" "" 72.77414535965092 "" 9.212177557100183 ""
17.86101097699 60.22258595442 0.0336 0.0409 16.253 "" "" 426331824044910720 2841.61011 0.3433 0.0558 -1.9 0.613 0.043 0.057 0.984 8419.4 4.4707 16.955215 1.748528 17.798222 16.049694 "" "" 2412.8916 3277.67725 3110.71992 2.1547 1037.8 7.1069 3015.0 7.6294 "" "" 0.0028561123482120808 0.007941459 0.0046724854 0.012613945 17.86101097699 60.22258595442 2841.61011 -1.9 0.613 0.47555551528930673 1.0722222273349762 0.12448771 0.13848771 "" "" 15.798746206545156 "" 2.1531357785131866 ""
18.1337855076 60.482301994 0.0354 0.0432 14.3511 "" "" 510408381540202496 2300.59619 0.423 0.0574 1.356 1.788 0.048 0.066 1.007 5702.1 4.6821 16.956045 1.465355 17.61867 16.153315 "" "" 1996.4325 2642.51221 3108.34087 1.6575 1224.5 6.2661 2740.5 8.6486 "" "" 0.0028154902061180765 0.0062172557 0.0051013785 0.011318634 18.1337855076 60.482301994 2300.59619 1.3559999999999999 1.788 3.7315555152893065 2.2472222273349765 0.12948771 0.1474877 "" "" 47.50114429755521 "" 6.389558382596462 ""
17.65900275833 60.68592250518 0.0342 0.0402 12.8208 "" "" 522423848903078656 2567.27026 0.405 0.0559 0.895 -1.342 0.044 0.054 0.951 5609.6 4.6005 16.958717 1.520302 17.645042 16.12474 "" "" 2191.18774 2949.74731 3100.70175 1.598 1195.1 6.3435 2813.6 7.7839 "" "" 0.00281156340468563 0.0064029116 0.004827634 0.011230545 17.65900275833 60.68592250518 2567.27026 0.895 -1.3420000000000005 3.2705555152893067 -0.8827777726650239 0.12548772 0.1354877 "" "" 41.223226834264715 "" 5.202036189151194 ""
17.9793607046 60.59954455914 0.0358 0.0422 12.3876 "" "" 522420241141438848 2244.3291 0.4303 0.0588 -2.56 -2.928 0.048 0.058 1.05 4909.3 4.3393 16.970924 1.621189 17.737324 16.116135 "" "" 1924.80554 2703.19873 3066.03389 1.506 1097.7 5.0316 2836.0 6.0508 "" "" 0.0028064567136800306 0.0057055405 0.0044328165 0.010138357 17.9793607046 60.59954455914 2244.3291 -2.56 -2.9280000000000004 -0.1844444847106934 -2.4687777726650237 0.12948771 0.13948771 "" "" 26.336348708647794 "" 3.672187335870783 ""
17.24970424009 60.41180644691 0.0376 0.0487 12.3581 "" "" 426349965986800128 2898.46216 0.3165 0.0628 -3.026 -1.27 0.049 0.071 1.137 7663.7 4.3781 16.972492 1.455301 17.596657 16.141356 "" "" 2571.08276 3456.94702 3061.61198 2.5926 1249.6 7.4717 2770.9 5.7269 "" "" 0.0029046696792611984 0.0070661157 0.004395369 0.011461485 17.24970424009 60.41180644691 2898.46216 -3.026 -1.27 -0.6504444847106932 -0.8107777726650238 0.13048771 0.15248771 "" "" 14.280585943923864 "" 2.060304887812751 ""
17.74361623551 60.42741151793 0.0374 0.0459 3.8889 "" "" 426341474827188864 3027.30566 0.3227 0.063 -1.087 -1.698 0.049 0.061 1.077 5355.0 4.4939 16.978054 1.578842 17.721884 16.143042 "" "" 2525.30688 3777.74365 3045.96686 1.6021 1113.4 5.0963 2766.6 5.6879 "" "" 0.002813878013669412 0.005699362 0.004389347 0.010088709 17.74361623551 60.42741151793 3027.30566 -1.087000000000001 -1.6980000000000024 1.2885555152893067 -1.2387777726650238 0.13048771 0.1424877 "" "" 25.64875884965667 "" 3.498062119263407 ""
17.99069426396 60.31228844915 0.0376 0.0441 13.96 "" "" 414328867923195520 3163.19604 0.3073 0.0607 0.26 -0.112 0.05 0.062 1.093 4834.9 4.3086 16.979916 1.672253 17.77432 16.102068 "" "" 2704.92969 3902.26147 3040.75063 1.4559 1060.9 5.8779 2873.0 6.119 "" "" 0.00280393110637561 0.006631089 0.0044306964 0.011061786 17.99069426396 60.31228844915 3163.19604 0.25999999999999995 -0.11199999999999993 2.6355555152893064 0.3472222273349762 0.13148771 0.1434877 "" "" 39.857795407687895 "" 5.249335784204069 ""
17.87631499801 60.4008169192 0.0364 0.0447 7.9845 "" "" 426340444034887552 2557.51172 0.3796 0.0614 -1.862 -2.987 0.048 0.06 1.079 6074.7 4.4644 16.98084 1.650354 17.7563 16.105946 "" "" 2113.00464 3243.71191 3038.15773 1.5129 1078.7 6.5404 2862.7 6.3356 "" "" 0.002807864416428514 0.007149948 0.004478579 0.011628527 17.87631499801 60.4008169192 2557.51172 -1.862 -2.9870000000000014 0.5135555152893065 -2.527777772665024 0.12948771 0.1414877 "" "" 31.269272883337845 "" 4.409951265630138 ""
17.99357109576 60.51222731972 0.0353 0.0444 10.4662 "" "" 522418209615594496 3166.59106 0.3009 0.0579 -2.202 -0.814 0.047 0.07 1.014 9221.6 4.4934 16.983692 1.513277 17.678244 16.164967 "" "" 2713.20239 3671.54834 3030.1882 1.4648 1159.1 6.2796 2711.3 8.4386 "" "" 0.0028048625909103545 0.006510347 0.0050698016 0.011580149 17.99357109576 60.51222731972 3166.59106 -2.202 -0.8139999999999997 0.17355551528930668 -0.35477777266502375 0.1284877 0.15148771 "" "" 5.92812033056011 "" 0.8733686119474137 ""
17.73420068895 60.37642618947 0.0347 0.043 6.2837 "" "" 426339761144367744 2947.54468 0.3222 0.0568 -4.216 -1.179 0.047 0.057 1.046 5441.0 4.3901 16.986855 1.682482 17.778215 16.095734 "" "" 2600.76904 3535.2771 3021.37699 1.5606 1057.1 6.5867 2889.8 6.3128 "" "" 0.0028118126461906586 0.007317925 0.0044619697 0.011779895 17.73420068895 60.37642618947 2947.54468 -4.216 -1.1789999999999998 -1.8404444847106936 -0.7197777726650239 0.1284877 0.13848771 "" "" 27.61002665439093 "" 3.585399938037355 ""
17.82230003701 60.64781086916 0.037 0.0453 11.7076 "" "" 522424192511324544 2660.63867 0.3548 0.0624 -0.722 0.914 0.049 0.059 1.033 7455.5 4.3662 16.988657 1.473324 17.669521 16.196198 "" "" 2314.7854 3101.60522 3016.36399 1.5455 1168.4 6.7231 2634.4 8.4745 "" "" 0.0028109179651385208 0.0068421923 0.005146107 0.011988299 17.82230003701 60.64781086916 2660.63867 -0.7219999999999999 0.914 1.6535555152893067 1.3732222273349763 0.13048771 0.1404877 "" "" 27.107191838762166 "" 3.6502309185573916 ""
18.05036630651 60.38475514557 0.0337 0.0428 12.9986 "" "" 414330822122274304 2811.00928 0.3341 0.0566 -4.014 1.555 0.046 0.059 1.002 "" "" 16.996023 1.478283 17.673918 16.195635 "" "" 2388.90479 3255.93555 2995.97159 1.4412 1163.7 7.1232 2635.8 6.816 "" "" 0.0028043849922192764 0.0072079105 0.0047081388 0.011916049 18.05036630651 60.38475514557 2811.00928 -4.013999999999996 1.5549999999999982 -1.6384444847106936 2.014222227334976 0.1274877 0.1404877 "" "" 34.59567734555221 "" 4.686353702318581 ""
17.56034572614 60.68304411445 0.037 0.042 12.9107 "" "" 522435703023648640 2854.05493 0.3339 0.0584 -1.3 -1.66 0.048 0.058 0.954 6077.7 4.4884 16.99828 1.395403 17.619646 16.224243 "" "" 2397.13721 3568.28931 2989.75249 1.4815 1223.4 9.8021 2567.2 7.9048 "" "" 0.002807355457299058 0.0091356225 0.005045826 0.014181448 17.56034572614 60.68304411445 2854.05493 -1.3 -1.6600000000000001 1.0755555152893066 -1.2007777726650237 0.12948771 0.13948771 "" "" 21.808090955955596 "" 2.9468745513450227 ""
