Clusters/Hogg_22/Hogg_22_stars_in_region.tsv
# %ECSV 1.0
# ---
# datatype:
# - name: RA_ICRS_1
#   unit: deg
#   datatype: float64
#   format: '{:15.11f}'
#   description: Right ascension (ICRS) at Ep=2016.0 (ra)
#   meta: !!omap
#   - {ucd: POS_EQ_RA_MAIN}
#   - {width: 15}
#   - {precision: '11'}
# - name: DE_ICRS_1
#   unit: deg
#   datatype: float64
#   format: '{:15.11f}'
#   description: Declination (ICRS) at Ep=2016.0 (dec)
#   meta: !!omap
#   - {ucd: POS_EQ_DEC_MAIN}
#   - {width: 15}
#   - {precision: '11'}
# - name: e_RA_ICRS
#   unit: mas
#   datatype: float64
#   format: '{:7.4f}'
#   description: Standard error of right ascension (ra_error)
#   meta: !!omap
#   - {ucd: ERROR}
#   - {width: 7}
#   - {precision: '4'}
# - name: e_DE_ICRS
#   unit: mas
#   datatype: float64
#   format: '{:7.4f}'
#   description: Standard error of declination (dec_error)
#   meta: !!omap
#   - {ucd: ERROR}
#   - {width: 7}
#   - {precision: '4'}
# - name: _r_1
#   unit: ''
#   datatype: float64
#   format: '{:7.4f}'
#   description: Distance from center (251.65991081000-47.07819555000)[ICRS], at Epoch=J2016.0
#   meta: !!omap
#   - {ucd: POS_ANG_DIST_GENERAL}
#   - {width: 7}
#   - {precision: '4'}
# - name: HIP
#   datatype: int32
#   description: '? HIP cross-id number, van Leeuwen, Cat. I/311 (hip_original_ext_source_id)'
#   meta: !!omap
#   - {ucd: ID_NUMBER}
#   - {width: 6}
#   - values: {'null': -2147483648}
# - name: TYC2
#   datatype: string
#   description: Tycho-2 cross-id name, Hog et al., Cat. I/259 (tyc2_original_ext_source_id)
#   meta: !!omap
#   - {ucd: ID_CROSSID}
#   - {_votable_string_dtype: char}
# - name: Source
#   datatype: int64
#   description: Source identifier, identical to the Gaia-EDR3 source_id (id)
#   meta: !!omap
#   - {ucd: ID_MAIN}
#   - {width: 19}
# - name: rgeo
#   unit: pc
#   datatype: float64
#   format: '{:15.8f}'
#   description: '? Median of the geometric distance posterior (r_med_geo)'
#   meta: !!omap
#   - {ucd: PHYS_DISTANCE_TRUE}
#   - {width: 15}
#   - {precision: '8'}
#   - values: {'null': .nan}
# - name: Plx
#   unit: mas
#   datatype: float64
#   format: '{:9.4f}'
#   description: '? Parallax (parallax)'
#   meta: !!omap
#   - {ucd: POS_PARLX_TRIG}
#   - {width: 9}
#   - {precision: '4'}
#   - values: {'null': .nan}
# - name: e_Plx
#   unit: mas
#   datatype: float32
#   format: '{:7.4f}'
#   description: '? Standard error of parallax (parallax_error)'
#   meta: !!omap
#   - {ucd: ERROR}
#   - {width: 7}
#   - {precision: '4'}
#   - values: {'null': .nan}
# - name: pmRA
#   unit: mas / yr
#   datatype: float64
#   format: '{:9.3f}'
#   description: '? Proper motion in right ascension direction, pmRA*cosDE (pmra)'
#   meta: !!omap
#   - {ucd: POS_EQ_PMRA}
#   - {width: 9}
#   - {precision: '3'}
#   - values: {'null': .nan}
# - name: pmDE
#   unit: mas / yr
#   datatype: float64
#   format: '{:9.3f}'
#   description: '? Proper motion in declination direction (pmdec)'
#   meta: !!omap
#   - {ucd: POS_EQ_PMDEC}
#   - {width: 9}
#   - {precision: '3'}
#   - values: {'null': .nan}
# - name: e_pmRA
#   unit: mas / yr
#   datatype: float32
#   format: '{:6.3f}'
#   description: '? Standard error of proper motion in right ascension direction (pmra_error)'
#   meta: !!omap
#   - {ucd: ERROR}
#   - {width: 6}
#   - {precision: '3'}
#   - values: {'null': .nan}
# - name: e_pmDE
[...]
#         value: !astropy.table.SerializedColumn {name: SkyCoord.dec}
#       distance: !astropy.table.SerializedColumn
#         __class__: astropy.coordinates.distances.Distance
#         unit: !astropy.units.Unit {unit: pc}
#         value: !astropy.table.SerializedColumn {name: SkyCoord.distance}
#       frame: icrs
#       obstime: !astropy.time.Time {format: jyear_str, in_subfmt: '*', jd1: 367701545.0, jd2: 0.0, out_subfmt: '*', precision: 3, scale: tt}
#       pm_dec: !astropy.table.SerializedColumn
#         __class__: astropy.units.quantity.Quantity
#         unit: !astropy.units.Unit {unit: mas / yr}
#         value: !astropy.table.SerializedColumn {name: SkyCoord.pm_dec}
#       pm_ra_cosdec: !astropy.table.SerializedColumn
#         __class__: astropy.units.quantity.Quantity
#         unit: !astropy.units.Unit {unit: mas / yr}
#         value: !astropy.table.SerializedColumn {name: SkyCoord.pm_ra_cosdec}
#       ra: !astropy.table.SerializedColumn
#         __class__: astropy.coordinates.angles.Longitude
#         unit: *id001
#         value: !astropy.table.SerializedColumn {name: SkyCoord.ra}
#         wrap_angle: !astropy.coordinates.Angle
#           unit: *id001
#           value: 360.0
#       representation_type: spherical
# schema: astropy-2.0
RA_ICRS_1 DE_ICRS_1 e_RA_ICRS e_DE_ICRS _r_1 HIP TYC2 Source rgeo Plx e_Plx pmRA pmDE e_pmRA e_pmDE RUWE Teff logg Gmag BP-RP BPmag RPmag RV e_RV b_rgeo B_rgeo FG e_FG FBP e_FBP FRP e_FRP RAVE5 RAVE6 e_Gmag e_BPmag e_RPmag e_BP-RP SkyCoord.ra SkyCoord.dec SkyCoord.distance SkyCoord.pm_ra_cosdec SkyCoord.pm_dec rmRA rmDE e_rmRA e_rmDE rRV e_rRV v_pec v_pec3d e_vpec e_vpec3d
[from data line 979]
251.6578277906 -47.21221651519 0.0227 0.0172 8.0417 "" "" 5939654279642041216 2395.14697 0.3863 0.0297 -0.743 -2.127 0.034 0.027 0.97 9220.7 3.5429 15.054036 0.945227 15.423809 14.478582 "" "" 2231.9231 2552.72388 17919.76806 4.6894 9244.7 11.931 12815.0 32.696 "" "" 0.0027699307441121043 0.0031222561 0.004685867 0.0078081232 251.6578277906 -47.21221651519 2395.14697 -0.7430000000000001 -2.1270000000000002 0.05939284038543702 -0.08271422576904275 0.12840012 0.12140012 "" "" 1.1560647067351415 "" 0.1431507362995341 ""
251.45512808431 -46.85222350614 0.0269 0.0184 15.9417 "" "" 5939680599203067264 2151.00928 0.4328 0.0322 -2.921 -4.384 0.042 0.03 0.957 8866.1 4.1384 15.054767 0.839532 15.378588 14.539056 "" "" 2007.36682 2361.99951 17907.70466 6.2344 9637.9 17.937 12121.0 20.315 "" "" 0.0027811265702359896 0.0034450088 0.004194649 0.0076396577 251.45512808431 -46.85222350614 2151.00928 -2.9209999999999985 -4.383999999999999 -2.118607159614563 -2.3397142257690433 0.13640012 0.12440012 "" "" 32.181807828870966 "" 4.181822686277831 ""
251.34715915855 -47.22234553188 0.0235 0.0201 15.4164 "" "" 5939642906567766912 2747.30811 0.3231 0.0296 -3.774 -5.278 0.035 0.033 1.0 5024.5 2.7352 15.054838 2.208096 16.203037 13.994942 -39.01 5.73 2501.17334 3039.60303 17906.52513 5.9322 4510.3 10.796 20007.0 27.401 "" "" 0.0027786987135881166 0.0038130155 0.004061388 0.007874403 251.34715915855 -47.22234553188 2747.30811 -3.7740000000000022 -5.278000000000002 -2.971607159614563 -3.2337142257690425 0.12940012 0.12740012 -5.560000000000002 6.5454235 57.19025951016893 57.45989368977694 7.338634550703389 7.331605642116412
251.40098734982 -46.91986500986 0.024 0.0173 14.2305 "" "" 5939674173931287936 1900.7406 0.4869 0.0293 -1.674 -5.286 0.034 0.027 0.973 6733.7 4.1067 15.057389 1.126915 15.531688 14.404773 "" "" 1787.88965 1990.21619 17864.50335 4.5055 8370.3 14.935 13717.0 15.844 "" "" 0.002768893399170933 0.0033967684 0.003982019 0.0073787877 251.40098734982 -46.91986500986 1900.7406 -1.6739999999999982 -5.286 -0.8716071596145629 -3.2417142257690426 0.12840012 0.12140012 "" "" 30.243532512949553 "" 3.686223461965907 ""
251.44330181114 -46.96903170405 0.0282 0.0185 11.0179 "" "" 5939670944115764480 2459.20386 0.372 0.0339 -0.744 -2.812 0.037 0.029 0.992 4928.0 3.2629 15.057758 2.306784 16.283115 13.976332 -22.48 3.2 2260.12842 2706.05005 17858.4348 6.4674 4189.6 8.9433 20353.0 20.083 "" "" 0.002783234377716611 0.0036272018 0.0039282925 0.007555494 251.44330181114 -46.96903170405 2459.20386 -0.7439999999999992 -2.811999999999998 0.05839284038543702 -0.7677142257690428 0.13140011 0.123400114 10.969999999999995 4.015424 8.974806354936941 14.173498125325885 1.1079184167386664 3.186053717208152
251.34235780537 -47.09332348095 0.0315 0.0238 13.0051 "" "" 5939648129248113536 2594.77515 0.3523 0.0376 -0.185 -3.045 0.048 0.038 1.326 4810.8 2.1718 15.060195 2.319315 16.275557 13.956242 -26.58 3.6 2362.88843 2836.35254 17818.40175 7.8967 4218.9 8.6676 20733.0 17.054 "" "" 0.002797019267397051 0.0035722088 0.0038834666 0.0074556754 251.34235780537 -47.09332348095 2594.77515 -0.1849999999999996 -3.0450000000000013 0.617392840385437 -1.000714225769043 0.14240012 0.13240011 6.869999999999997 4.4154234 14.46194816200652 16.01077276837579 1.9557021732006676 2.590380424612109
251.70664705821 -47.02151714785 0.0231 0.019 3.9007 "" "" 5939663311920226816 2407.26172 0.3769 0.0278 -0.103 -4.519 0.033 0.031 0.914 5038.4 3.0989 15.061208 2.023745 16.066675 14.04293 21.62 6.65 2241.37329 2583.72656 17801.79007 6.1307 5113.8 10.81 19142.0 22.099 "" "" 0.0027805755572530024 0.0036128445 0.003981819 0.0075946636 251.70664705821 -47.02151714785 2407.26172 -0.10299999999999943 -4.519000000000001 0.699392840385437 -2.474714225769043 0.12740012 0.12540011 55.06999999999999 7.4654236 29.343557259470604 62.39991388327254 3.6840580968868895 6.812447271600119
251.98994050549 -47.16983875166 0.0254 0.018 14.5522 "" "" 5939611497427651968 2213.09644 0.4195 0.0302 -0.954 -2.625 0.038 0.029 0.94 7482.1 3.9221 15.062126 1.222744 15.589204 14.36646 "" "" 2066.27417 2361.76685 17786.74156 4.5673 7938.4 15.401 14209.0 17.566 "" "" 0.0027693892721040113 0.0034959915 0.0040106564 0.007506648 251.98994050549 -47.16983875166 2213.09644 -0.954 -2.625 -0.15160715961456295 -0.580714225769043 0.13240011 0.123400114 "" "" 6.295914480643934 "" 0.7806550213009733 ""
251.47950514561 -47.29818870382 0.026 0.019 15.111 "" "" 5939629811175030656 2501.9082 0.3641 0.0321 -2.455 -4.12 0.036 0.031 0.95 4798.3 2.996 15.064218 1.913075 15.970903 14.057829 -22.52 2.87 2305.55029 2833.15698 17752.51306 7.0933 5585.4 41.722 18881.0 61.368 "" "" 0.0027892636993840547 0.008576799 0.0051707807 0.01374758 251.47950514561 -47.29818870382 2501.9082 -2.455 -4.119999999999999 -1.652607159614563 -2.075714225769043 0.13040012 0.12540011 10.929999999999996 3.6854236 31.464931255663483 33.30925995760982 4.007474744739452 3.9740522244854715
251.90135930613 -47.01233332601 0.0239 0.0182 10.6333 "" "" 5939661117230115200 2624.59521 0.3347 0.0286 -2.169 -3.367 0.031 0.027 0.941 5245.4 2.5022 15.064922 2.659668 16.537346 13.877678 -42.6 3.6 2425.67944 2808.09375 17740.99607 7.6226 3315.0 8.6345 22289.0 46.751 "" "" 0.0027945320612553985 0.003972729 0.004412474 0.008385204 251.90135930613 -47.01233332601 2624.59521 -2.1690000000000005 -3.367 -1.366607159614563 -1.322714225769043 0.12540011 0.12140012 -9.150000000000006 4.4154234 23.66062526984795 25.36824172385953 2.9216509723418262 3.156244270493917
251.58516653977 -47.25081180975 0.024 0.0183 10.7965 "" "" 5939631636571748352 2354.40283 0.3909 0.0302 -0.819 -2.039 0.035 0.031 1.018 9351.8 3.5822 15.066481 0.986724 15.462132 14.475409 "" "" 2165.53491 2542.19287 17715.54524 4.6382 8924.1 14.904 12853.0 11.654 "" "" 0.0027699448441838945 0.0033276118 0.0039054928 0.0072331047 251.58516653977 -47.25081180975 2354.40283 -0.819 -2.039 -0.01660715961456294 0.005285774230956886 0.12940012 0.12540011 "" "" 0.19449483670581946 "" 0.025097099275520268 ""
251.34793725181 -46.99761625227 0.0251 0.0194 13.6423 "" "" 5939672215412449792 1888.99207 0.5003 0.0316 -1.889 -1.478 0.036 0.029 1.041 6157.2 3.6315 15.066967 1.33851 15.640798 14.302288 "" "" 1765.17261 2019.57483 17707.60492 5.2522 7570.0 15.718 15075.0 53.77 "" "" 0.0027740759224561986 0.0035870941 0.005411198 0.008998292 251.34793725181 -46.99761625227 1888.99207 -1.888999999999999 -1.4779999999999998 -1.086607159614563 0.566285774230957 0.13040012 0.123400114 "" "" 10.97124504650822 "" 1.4145986080221993 ""
251.54843051224 -47.04199294434 0.0261 0.0185 5.0479 "" "" 5939669638445506048 2254.23486 0.4109 0.0317 -3.881 -4.597 0.036 0.031 0.923 5870.7 3.3559 15.070109 1.611524 15.82663 14.215106 -25.38 6.67 2110.30469 2389.90771 17656.43612 5.0159 6379.2 10.642 16335.0 15.003 "" "" 0.002772530324250093 0.0033265175 0.003908726 0.0072352435 251.54843051224 -47.04199294434 2254.23486 -3.8810000000000002 -4.5969999999999995 -3.0786071596145628 -2.5527142257690434 0.13040012 0.12540011 8.069999999999997 7.485424 42.7325081095815 43.48783909710218 5.48627817932267 5.5670684524348415
251.70830257669 -47.24671756381 0.0238 0.0178 10.3022 "" "" 5939651251645526016 2049.56421 0.4562 0.03 -1.24 -3.716 0.033 0.028 0.968 "" "" 15.073044 1.121065 15.542108 14.421042 "" "" 1909.77856 2235.99536 17608.77958 4.7957 8290.4 12.075 13513.0 13.982 "" "" 0.0027711416730299616 0.0032071494 0.003942816 0.0071499655 251.70830257669 -47.24671756381 2049.56421 -1.2400000000000004 -3.7159999999999984 -0.437607159614563 -1.6717142257690432 0.12740012 0.12240012 "" "" 16.787812696029693 "" 2.060315907153004 ""
251.64725941741 -47.18382504635 0.0237 0.0176 6.3588 "" "" 5939654623239498368 1977.75427 0.4744 0.0307 -4.086 -4.715 0.035 0.028 0.971 7411.2 3.8877 15.07787 1.369298 15.680792 14.311494 "" "" 1861.09277 2094.07446 17530.67106 5.1534 7296.3 19.536 14947.0 12.826 "" "" 0.0027737443529766404 0.0040294137 0.0038925228 0.007921936 251.64725941741 -47.18382504635 1977.75427 -4.086 -4.715 -3.2836071596145633 -2.670714225769043 0.12940012 0.12240012 "" "" 39.67861813800068 "" 5.025672048012781 ""
251.79537980695 -46.88757016501 0.0248 0.0203 12.7108 "" "" 5939665790154843008 2557.8562 0.3545 0.0307 -2.35 -2.862 0.037 0.033 0.957 8055.9 3.5755 15.078238 1.025419 15.499313 14.473894 "" "" 2388.91455 2773.77563 17524.74385 4.3028 8623.7 10.47 12871.0 14.942 "" "" 0.0027681858805023067 0.003085882 0.003984021 0.007069903 251.79537980695 -46.88757016501 2557.8562 -2.35 -2.862 -1.547607159614563 -0.8177142257690431 0.13140011 0.12740012 "" "" 21.221727689087825 "" 2.7702328447275075 ""
251.27086684862 -46.97150017653 0.0267 0.0203 17.1517 "" "" 5939672971326832512 2602.19043 0.3506 0.0329 -2.06 -4.307 0.04 0.032 1.044 "" "" 15.078547 1.480685 15.634866 14.154181 -32.39 9.9 2400.6499 2818.56421 17519.76176 12.153 7611.5 46.55 17278.0 79.862 "" "" 0.0028563997238322297 0.007202485 0.0062824143 0.013484899 251.27086684862 -46.97150017653 2602.19043 -2.0600000000000005 -4.307 -1.257607159614563 -2.2627142257690434 0.13440011 0.12640011 1.0599999999999952 10.715424 31.930215845826538 31.947805620434593 4.097704241662802 4.110850981077666
251.3705489209 -46.93112560744 0.0249 0.0217 14.7663 "" "" 5939674242650774784 2251.26587 0.4037 0.0355 -1.209 -3.22 0.037 0.035 1.008 8781.4 4.0755 15.078883 0.932194 15.45228 14.520086 "" "" 2105.27686 2439.32495 17514.32524 4.6621 9005.4 14.29 12335.0 22.031 "" "" 0.002770436072418718 0.0032792292 0.004247843 0.007527072 251.3705489209 -46.93112560744 2251.26587 -1.209 -3.2200000000000006 -0.40660715961456306 -1.1757142257690432 0.13140011 0.12940012 "" "" 13.275141688629263 "" 1.7206607392465774 ""
251.66502430378 -46.97369635477 0.0243 0.0199 6.2734 "" "" 5939664175247113856 2204.30688 0.4181 0.0296 -2.931 -4.416 0.036 0.032 0.983 5151.1 3.4949 15.08337 1.688643 15.884258 14.195615 "" "" 2099.0271 2415.87354 17442.09425 5.3048 6049.4 12.744 16631.0 22.559 "" "" 0.002775036988254463 0.003607861 0.004056191 0.007664052 251.66502430378 -46.97369635477 2204.30688 -2.931 -4.416 -2.128607159614563 -2.3717142257690433 0.13040012 0.12640011 "" "" 33.297503688282504 "" 4.268742845258081 ""
251.75697653158 -46.87622039886 0.0257 0.0206 12.7533 "" "" 5939665687075680896 2489.021 0.3683 0.0313 -1.749 -3.172 0.041 0.035 1.005 7930.3 3.5889 15.083384 0.921768 15.455938 14.53417 "" "" 2275.94434 2705.32129 17441.85978 4.8801 8975.1 12.364 12176.0 15.882 "" "" 0.0027720158953285605 0.0031657796 0.004036007 0.0072017866 251.75697653158 -46.87622039886 2489.021 -1.749 -3.172 -0.9466071596145631 -1.1277142257690431 0.13540012 0.12940012 "" "" 17.370685531935862 "" 2.291424793216338 ""
251.71440796861 -47.09970720605 0.0236 0.0196 2.5734 "" "" 5939656616104417024 2423.97339 0.3743 0.0301 -2.445 -3.943 0.032 0.03 1.063 7756.5 3.8138 15.083445 1.359099 15.686708 14.327608 "" "" 2260.38062 2645.0835 17440.90298 4.3563 7256.6 10.535 14727.0 11.149 "" "" 0.002768633818837457 0.0032046246 0.0038677293 0.0070723537 251.71440796861 -47.09970720605 2423.97339 -2.444999999999998 -3.9429999999999987 -1.6426071596145628 -1.898714225769043 0.12640011 0.12440012 "" "" 28.84624463836751 "" 3.6132845676353216 ""
251.83943650739 -47.29899835233 0.0261 0.0197 15.136 "" "" 5939650019034220032 2447.98267 0.3669 0.0323 -0.951 -2.045 0.037 0.031 0.965 9006.6 3.5241 15.084042 1.001708 15.484845 14.483137 "" "" 2269.4707 2695.49268 17431.30742 5.5117 8739.3 11.452 12762.0 18.778 "" "" 0.002776625219341481 0.0031319754 0.004103157 0.0072351326 251.83943650739 -47.29899835233 2447.98267 -0.9510000000000005 -2.045 -0.14860715961456294 -0.0007142257690428977 0.13140011 0.12540011 "" "" 1.724373856751317 "" 0.22658267806602306 ""
251.50374966632 -47.00626101496 0.025 0.0181 7.707 "" "" 5939669943349755008 2042.91724 0.458 0.0303 -2.368 -3.733 0.04 0.029 1.015 5775.7 3.5525 15.086252 1.374839 15.434091 14.059252 -0.99 14.78 1914.61926 2204.9082 17395.86464 12.223 9157.6 81.676 18856.0 95.042 "" "" 0.0028589814376983173 0.010077563 0.00665076 0.016728323 251.50374966632 -47.00626101496 2042.91724 -2.368 -3.7330000000000005 -1.5656071596145629 -1.688714225769043 0.13440011 0.123400114 32.459999999999994 15.595424 22.298984048617914 39.381420614301305 2.867684704052872 12.956625400577078
251.89603735627 -47.24397178841 0.025 0.0191 13.8467 "" "" 5939605076490314752 2187.58398 0.4272 0.0298 -1.619 -3.572 0.037 0.031 1.008 8572.6 3.4675 15.086909 1.163641 15.578287 14.414646 "" "" 2062.55225 2390.56177 17385.332 5.3107 8018.7 14.843 13593.0 13.584 "" "" 0.002775209496059222 0.003438625 0.0039320467 0.0073706717 251.89603735627 -47.24397178841 2187.58398 -1.6189999999999993 -3.5719999999999965 -0.816607159614563 -1.527714225769043 0.13140011 0.12540011 "" "" 17.962160095950622 "" 2.276847749068984 ""
251.63053138231 -46.9052994615 0.0257 0.0201 10.4432 "" "" 5939676716551753728 2520.92529 0.3525 0.032 -0.932 -1.77 0.036 0.032 0.963 "" "" 15.087163 0.985841 15.488152 14.502312 "" "" 2350.25049 2738.72119 17381.26727 7.0485 8712.8 18.601 12538.0 19.288 "" "" 0.002790276933483241 0.0036273834 0.0041320072 0.0077593904 251.63053138231 -46.9052994615 2520.92529 -0.9320000000000006 -1.77 -0.12960715961456304 0.274285774230957 0.13040012 0.12640011 "" "" 3.6249722280355745 "" 0.4608775502458645 ""
251.90863626706 -47.13523345964 0.0232 0.0185 10.7185 "" "" 5939658608950740224 2228.93628 0.421 0.0296 -1.671 -2.534 0.033 0.028 0.968 6525.8 3.7921 15.087836 1.322402 15.605663 14.283261 "" "" 2074.04858 2429.15918 17370.49313 6.9102 7819.0 43.584 15341.0 110.0 "" "" 0.0027889682371060997 0.0066642305 0.008653974 0.015318205 251.90863626706 -47.13523345964 2228.93628 -1.6709999999999994 -2.534 -0.868607159614563 -0.4897142257690428 0.12740012 0.12240012 "" "" 10.534995869619497 "" 1.3296457187517288 ""
251.77295893578 -47.18158544924 0.025 0.0199 7.7316 "" "" 5939653141431198336 2776.15039 0.3263 0.0311 2.042 0.937 0.035 0.031 1.074 4920.3 2.553 15.088264 2.400563 16.376724 13.976161 -65.25 4.91 2578.8042 2982.41626 17363.66916 5.696 3843.5 10.075 20356.0 15.81 "" "" 0.0027782447371359075 0.0039856047 0.0038723147 0.00785792 251.77295893578 -47.18158544924 2776.15039 2.042 0.9369999999999996 2.844392840385437 2.9812857742309573 0.12940012 0.12540011 -31.800000000000004 5.725424 54.22164923659959 62.858788136081984 6.90360061642197 6.622058040173167
251.49125726372 -47.1395871517 0.0256 0.0232 7.8104 "" "" 5939643971719707520 2475.70166 0.3585 0.032 -1.528 -3.41 0.042 0.043 0.941 9224.4 4.321 15.088525 1.002548 15.495688 14.49314 "" "" 2337.66455 2636.84351 17359.48849 5.0592 8652.5 15.142 12645.0 18.991 "" "" 0.002773429908367644 0.0033756858 0.0041161454 0.007491831 251.49125726372 -47.1395871517 2475.70166 -1.528 -3.41 -0.725607159614563 -1.365714225769043 0.13640012 0.13740012 "" "" 18.147979709059165 "" 2.4895508422809196 ""
251.78289897783 -46.81606591894 0.0257 0.019 16.5149 "" "" 5940041548229091968 2047.29053 0.4489 0.0301 -3.627 -5.206 0.038 0.031 0.917 7265.5 3.4449 15.092184 0.992209 15.49925 14.507042 "" "" 1949.79456 2167.44531 17301.07274 4.7482 8624.2 12.677 12484.0 12.142 "" "" 0.0027713856984958084 0.0032143642 0.0039241365 0.007138501 251.78289897783 -46.81606591894 2047.29053 -3.626999999999999 -5.205999999999998 -2.8246071596145628 -3.1617142257690434 0.13240011 0.12540011 "" "" 41.142470411697154 "" 5.289038189617278 ""
251.27576945291 -47.08885995014 0.0254 0.0205 15.7075 "" "" 5939648060528654336 2094.11304 0.4564 0.0312 -0.028 -1.311 0.04 0.033 0.965 7137.8 3.682 15.092284 1.093402 15.543144 14.449742 "" "" 1948.35522 2205.73853 17299.4879 4.8732 8282.5 10.009 13160.0 17.948 "" "" 0.002772243180143227 0.003083269 0.0040591103 0.0071423794 251.27576945291 -47.08885995014 2094.11304 -0.028000000000000025 -1.311 0.774392840385437 0.7332857742309571 0.13440011 0.12740012 "" "" 10.586041795529773 "" 1.3882260531203272 ""
