Clusters/Hogg_22/Hogg_22_members.tsv
# %ECSV 1.0
# ---
# datatype:
# - name: RA_ICRS_1
#   unit: deg
#   datatype: float64
#   format: '{:15.11f}'
#   description: Right ascension (ICRS) at Ep=2016.0 (ra)
#   meta: !!omap
#   - {ucd: POS_EQ_RA_MAIN}
#   - {width: 15}
#   - {precision: '11'}
# - name: DE_ICRS_1
#   unit: deg
#   datatype: float64
#   format: '{:15.11f}'
#   description: Declination (ICRS) at Ep=2016.0 (dec)
#   meta: !!omap
#   - {ucd: POS_EQ_DEC_MAIN}
#   - {width: 15}
#   - {precision: '11'}
# - name: e_RA_ICRS
#   unit: mas
#   datatype: float64
#   format: '{:7.4f}'
#   description: Standard error of right ascension (ra_error)
#   meta: !!omap
#   - {ucd: ERROR}
#   - {width: 7}
#   - {precision: '4'}
# - name: e_DE_ICRS
#   unit: mas
#   datatype: float64
#   format: '{:7.4f}'
#   description: Standard error of declination (dec_error)
#   meta: !!omap
#   - {ucd: ERROR}
#   - {width: 7}
#   - {precision: '4'}
# - name: _r_1
#   unit: ''
#   datatype: float64
#   format: '{:7.4f}'
#   description: Distance from center (251.65991081000-47.07819555000)[ICRS], at Epoch=J2016.0
#   meta: !!omap
#   - {ucd: POS_ANG_DIST_GENERAL}
#   - {width: 7}
#   - {precision: '4'}
# - name: HIP
#   datatype: int32
#   description: '? HIP cross-id number, van Leeuwen, Cat. I/311 (hip_original_ext_source_id)'
#   meta: !!omap
#   - {ucd: ID_NUMBER}
#   - {width: 6}
#   - values: {'null': -2147483648}
# - name: TYC2
#   datatype: string
#   description: Tycho-2 cross-id name, Hog et al., Cat. I/259 (tyc2_original_ext_source_id)
#   meta: !!omap
#   - {ucd: ID_CROSSID}
#   - {_votable_string_dtype: char}
# - name: Source
#   datatype: int64
#   description: Source identifier, identical to the Gaia-EDR3 source_id (id)
#   meta: !!omap
#   - {ucd: ID_MAIN}
#   - {width: 19}
# - name: rgeo
#   unit: pc
#   datatype: float64
#   format: '{:15.8f}'
#   description: '? Median of the geometric distance posterior (r_med_geo)'
#   meta: !!omap
#   - {ucd: PHYS_DISTANCE_TRUE}
#   - {width: 15}
#   - {precision: '8'}
#   - values: {'null': .nan}
# - name: Plx
#   unit: mas
#   datatype: float64
#   format: '{:9.4f}'
#   description: '? Parallax (parallax)'
#   meta: !!omap
#   - {ucd: POS_PARLX_TRIG}
#   - {width: 9}
#   - {precision: '4'}
#   - values: {'null': .nan}
# - name: e_Plx
#   unit: mas
#   datatype: float32
#   format: '{:7.4f}'
#   description: '? Standard error of parallax (parallax_error)'
#   meta: !!omap
#   - {ucd: ERROR}
#   - {width: 7}
#   - {precision: '4'}
#   - values: {'null': .nan}
# - name: pmRA
#   unit: mas / yr
#   datatype: float64
#   format: '{:9.3f}'
#   description: '? Proper motion in right ascension direction, pmRA*cosDE (pmra)'
#   meta: !!omap
#   - {ucd: POS_EQ_PMRA}
#   - {width: 9}
#   - {precision: '3'}
#   - values: {'null': .nan}
# - name: pmDE
#   unit: mas / yr
#   datatype: float64
#   format: '{:9.3f}'
#   description: '? Proper motion in declination direction (pmdec)'
#   meta: !!omap
#   - {ucd: POS_EQ_PMDEC}
#   - {width: 9}
#   - {precision: '3'}
#   - values: {'null': .nan}
# - name: e_pmRA
#   unit: mas / yr
#   datatype: float32
#   format: '{:6.3f}'
#   description: '? Standard error of proper motion in right ascension direction (pmra_error)'
#   meta: !!omap
#   - {ucd: ERROR}
#   - {width: 6}
#   - {precision: '3'}
#   - values: {'null': .nan}
# - name: e_pmDE
[...]
#       distance: !astropy.table.SerializedColumn
#         __class__: astropy.coordinates.distances.Distance
#         unit: !astropy.units.Unit {unit: pc}
#         value: !astropy.table.SerializedColumn {name: SkyCoord.distance}
#       frame: icrs
#       obstime: !astropy.time.Time {format: jyear_str, in_subfmt: '*', jd1: 367701545.0, jd2: 0.0, out_subfmt: '*', precision: 3, scale: tt}
#       pm_dec: !astropy.table.SerializedColumn
#         __class__: astropy.units.quantity.Quantity
#         unit: !astropy.units.Unit {unit: mas / yr}
#         value: !astropy.table.SerializedColumn {name: SkyCoord.pm_dec}
#       pm_ra_cosdec: !astropy.table.SerializedColumn
#         __class__: astropy.units.quantity.Quantity
#         unit: !astropy.units.Unit {unit: mas / yr}
#         value: !astropy.table.SerializedColumn {name: SkyCoord.pm_ra_cosdec}
#       ra: !astropy.table.SerializedColumn
#         __class__: astropy.coordinates.angles.Longitude
#         unit: *id001
#         value: !astropy.table.SerializedColumn {name: SkyCoord.ra}
#         wrap_angle: !astropy.coordinates.Angle
#           unit: *id001
#           value: 360.0
#       representation_type: spherical
# schema: astropy-2.0
RA_ICRS_1 DE_ICRS_1 e_RA_ICRS e_DE_ICRS _r_1 HIP TYC2 Source rgeo Plx e_Plx pmRA pmDE e_pmRA e_pmDE RUWE Teff logg Gmag BP-RP BPmag RPmag RV e_RV b_rgeo B_rgeo FG e_FG FBP e_FBP FRP e_FRP RAVE5 RAVE6 e_Gmag e_BPmag e_RPmag e_BP-RP SkyCoord.ra SkyCoord.dec SkyCoord.distance SkyCoord.pm_ra_cosdec SkyCoord.pm_dec rmRA rmDE e_rmRA e_rmDE rRV e_rRV v_pec v_pec3d e_vpec e_vpec3d Pmemb
251.58227673309 -47.11602188635 0.0173 0.0138 3.8995 "" "" 5939656135068178432 2749.58423 0.3254 0.0219 -0.775 -1.99 0.024 0.022 0.925 15322.8 3.4019 11.208442 0.666467 11.453177 10.786711 "" "" 2606.302 2893.18433 618828.31557 350.2 358220.0 432.74 384130.0 543.96 "" "" 0.002822996623800065 0.0030830738 0.0040801484 0.007163222 251.58227673309 -47.11602188635 2749.58423 -0.7749999999999999 -1.9899999999999998 0.02739284038543699 0.05428577423095704 0.11840011 0.116400115 "" "" 0.7924803056835813 "" 0.09256866016424789 "" 0.91
251.5790668944 -47.10272924751 0.0158 0.0127 3.6157 "" "" 5939656130734315136 2738.51172 0.3241 0.0196 -0.946 -2.056 0.022 0.02 0.886 17589.1 3.3533 11.486912 0.663413 11.733906 11.070493 "" "" 2621.66919 2882.25171 478830.58629 308.46 276600.0 352.74 295770.0 428.13 "" "" 0.0028427073286044924 0.0031148335 0.004093128 0.0072079613 251.5790668944 -47.10272924751 2738.51172 -0.946 -2.056 -0.14360715961456294 -0.011714225769043018 0.116400115 0.11440012 "" "" 1.8702907417326382 "" 0.2176775439881573 "" 0.99
251.62376623733 -47.06538340937 0.0117 0.0099 1.6651 "" "" 5939657676922533632 2784.83105 0.3295 0.014 -0.865 -1.991 0.016 0.015 0.93 6086.6 3.0379 12.660823 0.661935 12.907773 12.245838 "" "" 2692.9187 2877.50488 162411.77774 48.004 93823.0 91.239 100190.0 50.139 "" "" 0.0027739454008148963 0.0029832588 0.0038182393 0.006801498 251.62376623733 -47.06538340937 2784.83105 -0.8649999999999995 -1.9910000000000017 -0.06260715961456298 0.05328577423095693 0.11040012 0.109400116 "" "" 1.085223992520028 "" 0.11935417038666019 "" 0.92
251.65253208194 -47.11205403319 0.0122 0.01 2.0537 "" "" 5939656714849869440 2635.82764 0.356 0.016 -0.87 -1.894 0.017 0.017 0.934 14828.8 3.8048 12.712742 0.743286 12.996408 12.253122 "" "" 2536.22778 2732.23071 154828.13888 52.126 86468.0 99.865 99520.0 91.894 "" "" 0.0027794613030060517 0.0030589954 0.003910091 0.006969086 251.65253208194 -47.11205403319 2635.82764 -0.8699999999999999 -1.8939999999999997 -0.06760715961456298 0.15028577423095713 0.11140011 0.11140011 "" "" 2.058887339997055 "" 0.22936028132052547 "" 0.99
251.57469632759 -47.1007364152 0.015 0.0118 3.7346 "" "" 5939656199453791360 2392.65405 0.3939 0.0183 -0.867 -2.02 0.021 0.018 1.038 6130.1 3.2574 12.874828 0.780877 13.155983 12.375106 "" "" 2297.87402 2494.45825 133356.90048 58.961 74649.0 109.03 88944.0 237.43 "" "" 0.0027968238776339277 0.0032093278 0.004762758 0.007972086 251.57469632759 -47.1007364152 2392.65405 -0.8669999999999999 -2.0200000000000005 -0.06460715961456298 0.024285774230957013 0.11540011 0.112400115 "" "" 0.7827784040087418 "" 0.09004529969683547 "" 0.99
251.58752774406 -47.11427841277 0.013 0.0107 3.6645 "" "" 5939656135068175744 2145.25513 0.4364 0.0165 -1.029 -2.219 0.018 0.017 0.887 10808.1 3.8934 12.925232 0.781548 13.22229 12.440743 "" "" 2075.9458 2224.58423 127307.45091 40.734 70226.0 97.82 83726.0 121.88 "" "" 0.002777134298957635 0.0031736838 0.004096551 0.0072702346 251.58752774406 -47.11427841277 2145.25513 -1.0290000000000008 -2.2190000000000003 -0.2266071596145629 -0.17471422576904283 0.112400115 0.11140011 "" "" 2.909613095697902 "" 0.32595911398677424 "" 0.87
251.64907763953 -47.082325887 0.0127 0.0109 0.5073 "" "" 5939657608203061120 2376.06079 0.3843 0.0156 -0.731 -2.106 0.018 0.017 0.867 13245.3 3.6204 12.972269 0.722295 13.245768 12.523473 "" "" 2290.94995 2451.84668 121909.97687 38.179 68724.0 73.678 77583.0 56.529 "" "" 0.002776221485571757 0.003023235 0.00386129 0.0068845246 251.64907763953 -47.082325887 2376.06079 -0.7310000000000002 -2.1060000000000016 0.07139284038543703 -0.06171422576904284 0.112400115 0.11140011 "" "" 1.0628380034517366 "" 0.1190097307512737 "" 0.97
251.6940462073 -47.06731754694 0.0113 0.0098 1.5401 "" "" 5939657195886197120 2475.78955 0.3671 0.0138 -0.78 -1.96 0.016 0.016 0.889 14819.5 3.9104 13.066455 0.763473 13.358591 12.595118 "" "" 2400.13086 2552.84741 111780.16481 30.047 61941.0 44.56 72629.0 35.136 "" "" 0.0027707338767449683 0.0028974337 0.0038157064 0.00671314 251.6940462073 -47.06731754694 2475.78955 -0.78 -1.96 0.022392840385436985 0.08428577423095707 0.11040012 0.11040012 "" "" 1.023426925465021 "" 0.11298645326791366 "" 1.0
251.73711784836 -47.1070133383 0.0129 0.0103 3.5967 "" "" 5939656921001767040 2374.18042 0.3791 0.0168 -0.768 -1.964 0.017 0.017 1.009 7016.9 3.3592 13.080032 0.750942 13.367142 12.6162 "" "" 2290.26855 2446.79102 110391.02751 40.297 61455.0 66.497 71233.0 58.89 "" "" 0.0027836794777266125 0.0030274142 0.0038845101 0.006911924 251.73711784836 -47.1070133383 2374.18042 -0.768 -1.964 0.034392840385436996 0.08028577423095706 0.11140011 0.11140011 "" "" 0.9829163534777466 "" 0.10949699236507203 "" 1.0
251.65726938889 -47.0704324331 0.012 0.0104 0.4781 "" "" 5939657642562796544 2545.57007 0.352 0.0145 -0.785 -1.976 0.017 0.017 0.915 13176.0 3.7488 13.218128 0.719106 13.489161 12.770055 "" "" 2448.90942 2663.66553 97206.5225 27.788 54923.0 57.111 61821.0 58.3 "" "" 0.0027727462569242943 0.0030099277 0.003915622 0.0069255494 251.65726938889 -47.0704324331 2545.57007 -0.7850000000000008 -1.976 0.01739284038543698 0.06828577423095705 0.11140011 0.11140011 "" "" 0.8502429664068366 "" 0.09471716211832602 "" 1.0
251.69981961724 -47.05598357588 0.0123 0.0106 2.1063 "" "" 5939657234579800832 2411.90869 0.3734 0.0151 -0.785 -1.949 0.018 0.017 0.905 11036.2 3.5406 13.351211 0.936181 13.725314 12.789133 "" "" 2326.27344 2507.78857 85992.85243 18.531 44187.0 37.775 60744.0 23.212 "" "" 0.002765236251870173 0.0029405057 0.0038020865 0.006742592 251.69981961724 -47.05598357588 2411.90869 -0.7850000000000001 -1.948999999999999 0.01739284038543698 0.09528577423095697 0.112400115 0.11140011 "" "" 1.1073486093211402 "" 0.12339462028005173 "" 1.0
251.69337917905 -47.0769109516 0.0134 0.0111 1.3697 "" "" 5939657200220032640 2467.34863 0.3648 0.0165 -0.831 -2.071 0.019 0.018 0.856 11989.4 4.2139 13.582514 0.785467 13.884098 13.098631 "" "" 2383.62231 2551.38281 69493.01484 18.123 38175.0 37.716 45678.0 47.56 "" "" 0.0027698306978879077 0.0029892633 0.0039448305 0.006934094 251.69337917905 -47.0769109516 2467.34863 -0.8310000000000001 -2.0710000000000006 -0.02860715961456295 -0.026714225769043143 0.11340012 0.112400115 "" "" 0.4577633283858399 "" 0.05169768199021883 "" 1.0
251.70334897093 -47.07218965172 0.0133 0.0115 1.8112 "" "" 5939657200220031232 2437.14648 0.3686 0.0165 -0.769 -1.989 0.019 0.018 0.896 10898.6 3.9057 13.583979 0.789057 13.887894 13.098837 "" "" 2344.34839 2522.75098 69399.32343 18.856 38042.0 30.918 45669.0 33.892 "" "" 0.0027710671318492016 0.0029263804 0.0038643186 0.006790699 251.70334897093 -47.07218965172 2437.14648 -0.7690000000000001 -1.9890000000000025 0.033392840385436995 0.05528577423095693 0.11340012 0.112400115 "" "" 0.7461243811801808 "" 0.08406455626701545 "" 1.0
251.64554170658 -47.08311362916 0.0143 0.0123 0.6571 "" "" 5939657505123846400 2363.32373 0.3786 0.0179 -0.798 -1.878 0.022 0.02 0.984 14089.1 4.0277 13.591922 0.781433 13.882997 13.101563 "" "" 2262.28809 2455.73193 68893.46948 29.858 38214.0 101.71 45555.0 116.3 "" "" 0.0027952116072224847 0.0040169517 0.004686877 0.008703829 251.64554170658 -47.08311362916 2363.32373 -0.798 -1.877999999999998 0.004392840385436969 0.16628577423095714 0.116400115 0.11440012 "" "" 1.863408808383143 "" 0.21317681041501274 "" 1.0
251.69907369744 -47.02541723044 0.0136 0.0114 3.5484 "" "" 5939657436404353536 2473.73877 0.3615 0.0163 -0.692 -1.927 0.02 0.019 0.921 12699.7 3.6944 13.681612 0.856756 14.018189 13.161433 "" "" 2375.61816 2591.93311 63431.06441 15.297 33740.0 35.095 43111.0 33.375 "" "" 0.0027677332313751466 0.003010059 0.0038717221 0.006881781 251.69907369744 -47.02541723044 2473.73877 -0.6920000000000002 -1.9269999999999996 0.11039284038543706 0.11728577423095699 0.11440012 0.11340012 "" "" 1.8885929243681203 "" 0.2150558971347504 "" 1.0
251.69025542776 -47.03473183962 0.0146 0.0123 2.8878 "" "" 5939657406378538368 2104.72827 0.4337 0.0177 -0.692 -2.55 0.021 0.02 0.919 11692.3 4.1063 13.953444 0.922026 14.314741 13.392715 "" "" 2023.76599 2188.22437 49382.03042 30.107 25676.0 47.236 34840.0 78.816 "" "" 0.0028337188447270473 0.003431435 0.004507389 0.007938824 251.69025542776 -47.03473183962 2104.72827 -0.692 -2.55 0.11039284038543706 -0.5057142257690428 0.11540011 0.11440012 "" "" 5.164019221782958 "" 0.5910002677718249 "" 0.83
251.5654274163 -47.05968676602 0.0166 0.0124 4.0178 "" "" 5939669569725985152 2639.24072 0.339 0.02 -0.777 -1.911 0.025 0.02 0.946 12349.4 3.8387 13.99856 0.936722 14.33806 13.401339 "" "" 2530.24829 2755.16235 47372.13 12.449 25130.0 36.534 34564.0 318.07 "" "" 0.0027700538398656373 0.003205703 0.010682241 0.013887944 251.5654274163 -47.05968676602 2639.24072 -0.7770000000000004 -1.9110000000000005 0.025392840385436988 0.133285774230957 0.119400114 0.11440012 "" "" 1.697395272612551 "" 0.19448573051383158 "" 0.99
251.63468969374 -47.10584290687 0.0158 0.0132 1.9527 "" "" 5939655997629196544 2588.33643 0.3491 0.0206 -0.748 -2.0 0.023 0.022 1.0 11629.0 3.7494 14.084208 0.813422 14.400525 13.587103 "" "" 2482.92285 2740.21436 43778.77043 12.488 23725.0 22.374 29128.0 23.028 "" "" 0.002772671812527523 0.0029721104 0.0038756304 0.006847741 251.63468969374 -47.10584290687 2588.33643 -0.7480000000000004 -2.0 0.054392840385437013 0.04428577423095703 0.11740012 0.116400115 "" "" 0.8605443768652303 "" 0.10068584483240037 "" 1.0
251.6741806287 -47.08538597942 0.0189 0.0162 0.7253 "" "" 5939656852309212288 2727.12329 0.3274 0.0233 -0.84 -1.969 0.027 0.025 1.033 8959.3 3.5452 14.528341 1.016316 14.943031 13.926715 "" "" 2590.95435 2876.30078 29081.04825 7.197 14395.0 37.454 21305.0 20.626 "" "" 0.0027683909504941646 0.0039705657 0.0039228317 0.0078933975 251.6741806287 -47.08538597942 2727.12329 -0.8400000000000001 -1.9690000000000003 -0.03760715961456296 0.07528577423095695 0.12140012 0.119400114 "" "" 1.0878490222511354 "" 0.13032667928595823 "" 0.99
251.73764339439 -47.0649194978 0.0196 0.0167 3.2749 "" "" 5939657127167274880 2415.96045 0.3759 0.0247 -0.697 -2.457 0.028 0.026 1.026 7970.7 3.9276 14.740504 1.106774 15.202599 14.095824 "" "" 2288.15112 2585.26831 23919.10239 5.0393 11334.0 13.765 18232.0 15.318 "" "" 0.0027647989445210475 0.0030860635 0.00388791 0.0069739735 251.73764339439 -47.0649194978 2415.96045 -0.697 -2.457 0.10539284038543706 -0.4127142257690428 0.12240012 0.120400116 "" "" 4.87792926287515 "" 0.5879051473675618 "" 0.98
251.73919259182 -47.10397007342 0.0216 0.0171 3.5889 "" "" 5939656921002488320 2816.92285 0.3151 0.0282 -1.031 -2.301 0.03 0.028 1.052 4605.2 2.6691 14.761428 2.30922 15.955785 13.646565 -9.7 3.6 2596.79761 3056.29492 23462.56311 9.0752 5663.7 11.139 27576.0 152.14 "" "" 0.002787140731824917 0.0035135155 0.0070827547 0.01059627 251.73919259182 -47.10397007342 2816.92285 -1.031 -2.301 -0.2286071596145629 -0.2567142257690431 0.12440012 0.12240012 23.749999999999996 4.4154234 4.589811329104978 24.189437116989314 0.5658717731014191 4.336540093494966 0.82
251.63733531908 -47.09292327262 0.0203 0.0171 1.2773 "" "" 5939657475097964800 2609.46411 0.3442 0.0263 -0.767 -1.88 0.029 0.028 0.94 9839.9 3.9601 14.847057 0.834897 15.169692 14.334795 "" "" 2459.04321 2791.73315 21683.22217 6.3774 11683.0 19.736 14630.0 19.828 "" "" 0.0027737633514499944 0.0033390215 0.00405574 0.0073947613 251.63733531908 -47.09292327262 2609.46411 -0.7669999999999999 -1.88 0.035392840385437 0.16428577423095714 0.123400114 0.12240012 "" "" 2.0786482226079834 "" 0.2545193463382875 "" 1.0
251.72272665308 -47.06874855107 0.0224 0.0187 2.6287 "" "" 5939657028421326720 2692.58447 0.3378 0.028 -0.799 -1.972 0.032 0.03 1.015 7492.5 3.5399 15.102316 1.031663 15.523544 14.491881 "" "" 2507.85596 2911.14111 17140.37907 5.0501 8433.3 13.947 12659.0 14.91 "" "" 0.002773827773751722 0.003318011 0.0039898693 0.0073078806 251.72272665308 -47.06874855107 2692.58447 -0.7990000000000002 -1.9720000000000004 0.003392840385436968 0.07228577423095706 0.12640011 0.12440012 "" "" 0.9235881918740569 "" 0.11489857167737967 "" 0.98
251.62601860852 -47.09444862297 0.0226 0.021 1.6936 "" "" 5939657543817447168 2560.64575 0.3567 0.0313 -0.731 -1.995 0.034 0.035 0.968 9310.9 3.7064 15.108219 0.903839 15.466512 14.562673 "" "" 2364.40063 2785.48779 17047.43168 5.1032 8888.2 17.962 11860.0 10.681 "" "" 0.00277442360673801 0.0035495518 0.003903822 0.0074533736 251.62601860852 -47.09444862297 2560.64575 -0.731 -1.995 0.07139284038543703 0.049285774230956925 0.12840012 0.12940012 "" "" 1.052957097557071 "" 0.13554056010133442 "" 0.96
251.68749827626 -47.0396991081 0.0239 0.0199 2.5703 "" "" 5939657406378531840 2482.42896 0.3697 0.0298 -0.749 -2.327 0.036 0.032 0.998 9501.3 3.767 15.172845 0.989072 15.54836 14.559288 "" "" 2321.84424 2638.20825 16062.34011 4.7868 8242.8 17.064 11897.0 82.362 "" "" 0.0027742536540662555 0.0035828783 0.008413144 0.011996022 251.68749827626 -47.0396991081 2482.42896 -0.749 -2.327 0.05339284038543701 -0.2827142257690429 0.13040012 0.12640011 "" "" 3.385423257047274 "" 0.428391363044934 "" 0.99
251.69353190322 -47.11820211781 0.0265 0.0214 2.7654 "" "" 5939656478665448704 2494.97168 0.3662 0.0322 -0.687 -2.019 0.036 0.033 0.928 9294.7 4.0697 15.393088 1.087045 15.847912 14.760867 "" "" 2325.31519 2663.60693 13113.28067 4.5078 6255.4 12.294 9881.2 11.309 "" "" 0.0027804838967681383 0.0035125965 0.003978421 0.0074910177 251.69353190322 -47.11820211781 2494.97168 -0.687 -2.019 0.11539284038543696 0.025285774230956903 0.13040012 0.12740012 "" "" 1.397034026202713 "" 0.18198349219699156 "" 0.99
251.64508363148 -47.04325934135 0.0271 0.0228 2.182 "" "" 5939658093573332224 2431.43408 0.3786 0.0334 -0.691 -1.514 0.038 0.037 0.917 9025.8 4.1158 15.508325 1.041406 15.92791 14.886504 "" "" 2267.83862 2644.55688 11792.79681 3.8845 5811.0 14.6 8801.5 19.059 "" "" 0.0027784336830904473 0.0039021038 0.00445099 0.008353094 251.64508363148 -47.04325934135 2431.43408 -0.6910000000000001 -1.514 0.11139284038543706 0.530285774230957 0.13240011 0.13140011 "" "" 6.244925676644527 "" 0.8208487904830394 "" 0.86
251.73314037019 -47.03497784803 0.0289 0.0232 3.9603 "" "" 5939663041375588864 2499.7146 0.3768 0.035 -0.967 -2.355 0.041 0.036 0.953 9019.6 3.7611 15.700018 1.168181 16.19311 15.024928 "" "" 2278.25586 2702.14697 9884.15576 3.1782 4551.7 10.55 7748.0 10.772 "" "" 0.0027773493209465017 0.0037573928 0.00406968 0.007827072 251.73314037019 -47.03497784803 2499.7146 -0.9670000000000001 -2.355 -0.16460715961456296 -0.31071422576904295 0.13540012 0.13040012 "" "" 4.166258779063649 "" 0.5479136024686168 "" 0.92
