Clusters/Hogg_22/Hogg_22_stars_in_region.tsv
# %ECSV 1.0
# ---
# datatype:
# - name: RA_ICRS_1
#   unit: deg
#   datatype: float64
#   format: '{:15.11f}'
#   description: Right ascension (ICRS) at Ep=2016.0 (ra)
#   meta: !!omap
#   - {ucd: POS_EQ_RA_MAIN}
#   - {width: 15}
#   - {precision: '11'}
# - name: DE_ICRS_1
#   unit: deg
#   datatype: float64
#   format: '{:15.11f}'
#   description: Declination (ICRS) at Ep=2016.0 (dec)
#   meta: !!omap
#   - {ucd: POS_EQ_DEC_MAIN}
#   - {width: 15}
#   - {precision: '11'}
# - name: e_RA_ICRS
#   unit: mas
#   datatype: float64
#   format: '{:7.4f}'
#   description: Standard error of right ascension (ra_error)
#   meta: !!omap
#   - {ucd: ERROR}
#   - {width: 7}
#   - {precision: '4'}
# - name: e_DE_ICRS
#   unit: mas
#   datatype: float64
#   format: '{:7.4f}'
#   description: Standard error of declination (dec_error)
#   meta: !!omap
#   - {ucd: ERROR}
#   - {width: 7}
#   - {precision: '4'}
# - name: _r_1
#   unit: ''
#   datatype: float64
#   format: '{:7.4f}'
#   description: Distance from center (251.65991081000-47.07819555000)[ICRS], at Epoch=J2016.0
#   meta: !!omap
#   - {ucd: POS_ANG_DIST_GENERAL}
#   - {width: 7}
#   - {precision: '4'}
# - name: HIP
#   datatype: int32
#   description: '? HIP cross-id number, van Leeuwen, Cat. I/311 (hip_original_ext_source_id)'
#   meta: !!omap
#   - {ucd: ID_NUMBER}
#   - {width: 6}
#   - values: {'null': -2147483648}
# - name: TYC2
#   datatype: string
#   description: Tycho-2 cross-id name, Hog et al., Cat. I/259 (tyc2_original_ext_source_id)
#   meta: !!omap
#   - {ucd: ID_CROSSID}
#   - {_votable_string_dtype: char}
# - name: Source
#   datatype: int64
#   description: Source identifier, identical to the Gaia-EDR3 source_id (id)
#   meta: !!omap
#   - {ucd: ID_MAIN}
#   - {width: 19}
# - name: rgeo
#   unit: pc
#   datatype: float64
#   format: '{:15.8f}'
#   description: '? Median of the geometric distance posterior (r_med_geo)'
#   meta: !!omap
#   - {ucd: PHYS_DISTANCE_TRUE}
#   - {width: 15}
#   - {precision: '8'}
#   - values: {'null': .nan}
# - name: Plx
#   unit: mas
#   datatype: float64
#   format: '{:9.4f}'
#   description: '? Parallax (parallax)'
#   meta: !!omap
#   - {ucd: POS_PARLX_TRIG}
#   - {width: 9}
#   - {precision: '4'}
#   - values: {'null': .nan}
# - name: e_Plx
#   unit: mas
#   datatype: float32
#   format: '{:7.4f}'
#   description: '? Standard error of parallax (parallax_error)'
#   meta: !!omap
#   - {ucd: ERROR}
#   - {width: 7}
#   - {precision: '4'}
#   - values: {'null': .nan}
# - name: pmRA
#   unit: mas / yr
#   datatype: float64
#   format: '{:9.3f}'
#   description: '? Proper motion in right ascension direction, pmRA*cosDE (pmra)'
#   meta: !!omap
#   - {ucd: POS_EQ_PMRA}
#   - {width: 9}
#   - {precision: '3'}
#   - values: {'null': .nan}
# - name: pmDE
#   unit: mas / yr
#   datatype: float64
#   format: '{:9.3f}'
#   description: '? Proper motion in declination direction (pmdec)'
#   meta: !!omap
#   - {ucd: POS_EQ_PMDEC}
#   - {width: 9}
#   - {precision: '3'}
#   - values: {'null': .nan}
# - name: e_pmRA
#   unit: mas / yr
#   datatype: float32
#   format: '{:6.3f}'
#   description: '? Standard error of proper motion in right ascension direction (pmra_error)'
#   meta: !!omap
#   - {ucd: ERROR}
#   - {width: 6}
#   - {precision: '3'}
#   - values: {'null': .nan}
# - name: e_pmDE
[...]
#         value: !astropy.table.SerializedColumn {name: SkyCoord.dec}
#       distance: !astropy.table.SerializedColumn
#         __class__: astropy.coordinates.distances.Distance
#         unit: !astropy.units.Unit {unit: pc}
#         value: !astropy.table.SerializedColumn {name: SkyCoord.distance}
#       frame: icrs
#       obstime: !astropy.time.Time {format: jyear_str, in_subfmt: '*', jd1: 367701545.0, jd2: 0.0, out_subfmt: '*', precision: 3, scale: tt}
#       pm_dec: !astropy.table.SerializedColumn
#         __class__: astropy.units.quantity.Quantity
#         unit: !astropy.units.Unit {unit: mas / yr}
#         value: !astropy.table.SerializedColumn {name: SkyCoord.pm_dec}
#       pm_ra_cosdec: !astropy.table.SerializedColumn
#         __class__: astropy.units.quantity.Quantity
#         unit: !astropy.units.Unit {unit: mas / yr}
#         value: !astropy.table.SerializedColumn {name: SkyCoord.pm_ra_cosdec}
#       ra: !astropy.table.SerializedColumn
#         __class__: astropy.coordinates.angles.Longitude
#         unit: *id001
#         value: !astropy.table.SerializedColumn {name: SkyCoord.ra}
#         wrap_angle: !astropy.coordinates.Angle
#           unit: *id001
#           value: 360.0
#       representation_type: spherical
# schema: astropy-2.0
RA_ICRS_1 DE_ICRS_1 e_RA_ICRS e_DE_ICRS _r_1 HIP TYC2 Source rgeo Plx e_Plx pmRA pmDE e_pmRA e_pmDE RUWE Teff logg Gmag BP-RP BPmag RPmag RV e_RV b_rgeo B_rgeo FG e_FG FBP e_FBP FRP e_FRP RAVE5 RAVE6 e_Gmag e_BPmag e_RPmag e_BP-RP SkyCoord.ra SkyCoord.dec SkyCoord.distance SkyCoord.pm_ra_cosdec SkyCoord.pm_dec rmRA rmDE e_rmRA e_rmDE rRV e_rRV v_pec v_pec3d e_vpec e_vpec3d
[from data line 3094]
251.6853875063 -46.92837132801 0.0545 0.0425 9.0497 "" "" 5939664725003683456 2185.81445 0.4489 0.0649 -1.427 -3.145 0.079 0.072 0.949 5649.5 4.5863 16.677246 1.478874 17.35327 15.874395 "" "" 1913.27466 2595.37939 4018.35398 2.6802 1563.5 9.2198 3543.2 12.685 "" "" 0.0028488977382312344 0.0069840346 0.005421514 0.012405548 251.6853875063 -46.92837132801 2185.81445 -1.427 -3.1450000000000005 -0.624607159614563 -1.100714225769043 0.17340012 0.1664001 "" "" 13.112425190595038 "" 2.204617975482497 ""
251.39401525342 -47.05903356955 0.0589 0.0445 10.9271 "" "" 5939668848157896832 1992.98743 0.5034 0.0684 -2.515 -1.783 0.086 0.069 1.153 4752.4 4.3479 16.677437 1.625174 17.420954 15.795779 "" "" 1783.24878 2303.99634 4017.65096 3.377 1469.0 5.9848 3809.3 10.712 "" "" 0.0029025227874249666 0.0052298326 0.004858551 0.010088384 251.39401525342 -47.05903356955 1992.98743 -2.5149999999999997 -1.7829999999999986 -1.7126071596145631 0.2612857742309571 0.18040012 0.16340011 "" "" 16.365796169874777 "" 2.946354958382656 ""
251.61495076678 -46.97107497333 0.0515 0.0408 6.6851 "" "" 5939658540233277184 2823.04907 0.3369 0.0609 -1.308 -3.192 0.074 0.066 1.005 7062.3 4.3184 16.678358 1.408961 17.294857 15.885896 "" "" 2451.02686 3309.49805 4014.24484 2.4792 1650.0 9.7449 3505.9 20.765 "" "" 0.0028357412445913902 0.006993095 0.007459044 0.014452139 251.61495076678 -46.97107497333 2823.04907 -1.308000000000001 -3.192 -0.505607159614563 -1.1477142257690431 0.16840011 0.16040012 "" "" 16.782067643768837 "" 2.7141181645050065 ""
251.53600735289 -47.34643043454 0.0611 0.0414 16.8678 "" "" 5939629437548379776 2462.01831 0.4245 0.0724 -2.08 -2.239 0.083 0.068 1.049 5609.1 4.6204 16.679173 1.369221 17.286806 15.917585 "" "" 1914.23425 2822.61646 4011.2343 2.4178 1662.2 5.3409 3405.1 17.956 "" "" 0.002831973654171565 0.004467171 0.006860296 0.011327467 251.53600735289 -47.34643043454 2462.01831 -2.080000000000001 -2.239 -1.277607159614563 -0.19471422576904285 0.17740011 0.16240013 "" "" 15.0817951845451 "" 2.670589360190355 ""
252.00322029854 -47.06857979661 0.0518 0.0364 14.0407 "" "" 5939613803864055168 2422.69458 0.4056 0.0611 -0.546 -5.646 0.074 0.059 1.054 "" "" 16.679356 1.653901 17.461079 15.807178 "" "" 2158.87231 2830.24194 4010.55313 2.2282 1415.7 7.7485 3769.5 13.188 "" "" 0.0028205781713792105 0.0065649524 0.0053584343 0.011923387 252.00322029854 -47.06857979661 2422.69458 -0.546 -5.646 0.25639284038543697 -3.601714225769043 0.16840011 0.15340012 "" "" 41.46521048801136 "" 6.364056843533192 ""
251.89779097495 -46.95783529096 0.0485 0.0374 12.1177 "" "" 5939662418562247936 2551.94067 0.3689 0.0586 -1.568 -4.411 0.068 0.056 0.982 6651.2 4.3587 16.67979 1.363265 17.290918 15.927653 "" "" 2215.20093 3062.55371 4008.94628 2.1468 1656.0 5.6352 3373.6 10.948 "" "" 0.0028159957257045238 0.0046298476 0.0051670377 0.009796886 251.89779097495 -46.95783529096 2551.94067 -1.568 -4.411 -0.765607159614563 -2.3667142257690426 0.16240013 0.15040012 "" "" 30.08889156798949 "" 4.560803316614192 ""
251.72249759335 -47.34800055835 0.0539 0.0394 16.388 "" "" 5939626929287421312 2735.2478 0.3718 0.0646 -7.561 -2.685 0.082 0.064 0.985 5080.9 4.3785 16.68027 1.538948 17.403912 15.864964 "" "" 2326.23022 3159.08179 4007.18237 2.4956 1492.3 6.7153 3574.2 8.3084 "" "" 0.0028370767034594947 0.005626354 0.0045446153 0.010170969 251.72249759335 -47.34800055835 2735.2478 -7.561 -2.6849999999999996 -6.758607159614563 -0.640714225769043 0.17640013 0.15840012 "" "" 88.01871149222433 "" 15.513114305787829 ""
251.40288668113 -47.16700066476 0.0527 0.0398 11.7686 "" "" 5939644487115771520 2664.33105 0.3857 0.0619 -0.904 -1.837 0.081 0.062 1.024 4913.3 4.2713 16.682556 1.733487 17.513798 15.780311 "" "" 2306.90601 3227.22632 3998.74801 2.2588 1348.6 6.2111 3864.0 9.3619 "" "" 0.0028227531013149372 0.005726222 0.0046047443 0.010330966 251.40288668113 -47.16700066476 2664.33105 -0.9040000000000001 -1.8370000000000006 -0.10160715961456301 0.20728577423095707 0.17540011 0.15640011 "" "" 2.915379672875718 "" 0.4672098863622588 ""
251.69651633848 -46.96160792226 0.0504 0.0384 7.1537 "" "" 5939664239633925760 2223.03223 0.452 0.06 2.794 0.96 0.07 0.059 0.951 5023.7 4.2826 16.682573 1.655528 17.438404 15.782876 "" "" 1929.89905 2515.45825 3998.6873 2.4748 1445.6 12.641 3854.9 22.779 "" "" 0.0028360759987559473 0.009895683 0.007446158 0.017341841 251.69651633848 -46.96160792226 2223.03223 2.7939999999999983 0.9599999999999991 3.596392840385437 3.004285774230957 0.16440012 0.15340012 "" "" 49.37851657284205 "" 7.899109218150881 ""
251.29046849709 -47.14525649874 0.0667 0.0544 15.6133 "" "" 5939646170719825792 2811.27173 0.3443 0.0783 -2.563 -3.55 0.099 0.083 1.26 "" "" 16.683916 1.390069 17.240402 15.850333 "" "" 2317.59229 3645.07178 3993.74414 3.6814 1734.8 17.256 3622.6 32.801 "" "" 0.0029314561427531386 0.011154387 0.010532298 0.021686684 251.29046849709 -47.14525649874 2811.27173 -2.563000000000001 -3.5500000000000016 -1.7606071596145632 -1.5057142257690428 0.19340011 0.17740011 "" "" 30.870484145924703 "" 5.766865579177297 ""
251.63521142473 -47.23767200892 0.0741 0.054 9.6215 "" "" 5939630979405510400 2620.39502 0.4165 0.0905 -6.028 -7.129 0.104 0.087 1.13 5378.2 2.8227 16.684248 3.964578 19.154425 15.189847 "" "" 2160.79443 3254.33594 3992.52533 6.2695 297.61 6.2068 6656.1 14.721 "" "" 0.0032401566789918325 0.022814807 0.0044777053 0.027292512 251.63521142473 -47.23767200892 2620.39502 -6.027999999999996 -7.1289999999999925 -5.225607159614563 -5.0847142257690425 0.19840011 0.18140012 "" "" 90.56134380102259 "" 17.235829022378717 ""
251.58679021399 -47.20799519212 0.0546 0.0397 8.3401 "" "" 5939631808348700800 2476.72485 0.4118 0.068 -3.919 -6.061 0.08 0.066 1.06 5968.2 4.6897 16.684591 1.414665 17.182232 15.767567 "" "" 2109.06104 2982.23901 3991.26167 3.3714 1830.3 18.272 3909.6 36.243 "" "" 0.0029039441489898386 0.011192334 0.010751234 0.02194357 251.58679021399 -47.20799519212 2476.72485 -3.9189999999999996 -6.0609999999999955 -3.116607159614563 -4.016714225769043 0.17440012 0.16040012 "" "" 59.68471648427933 "" 9.895722916449548 ""
251.63309923546 -46.90572228258 0.0553 0.0413 10.4064 "" "" 5939664961188512128 2693.19824 0.3595 0.0655 -0.185 -4.957 0.075 0.065 0.968 5896.1 4.5597 16.68468 1.455605 17.312881 15.857277 "" "" 2229.22852 3230.05225 3990.93239 2.6299 1622.8 11.211 3599.5 12.086 "" "" 0.0028466965698980026 0.008002876 0.005251082 0.013253959 251.63309923546 -46.90572228258 2693.19824 -0.18499999999999972 -4.957 0.617392840385437 -2.912714225769043 0.16940013 0.1594001 "" "" 38.00913150027594 "" 6.075491739609493 ""
251.48009699607 -46.99514979071 0.0536 0.0377 8.8822 "" "" 5939670664904948864 2697.59204 0.3689 0.0627 -3.331 -5.513 0.075 0.057 1.015 5601.2 4.5877 16.684944 1.408774 17.325174 15.9164 "" "" 2295.35107 3111.15063 3989.9652 2.0805 1604.5 8.9043 3408.8 12.093 "" "" 0.0028128815291277114 0.0066400478 0.00539626 0.012036308 251.48009699607 -46.99514979071 2697.59204 -3.330999999999998 -5.513 -2.528607159614563 -3.468714225769043 0.16940013 0.15140012 "" "" 54.886833081328106 "" 8.665472197035882 ""
251.32201474287 -47.12001151041 0.3345 0.289 14.0272 "" "" 5939647785650841728 2275.67407 1.0935 0.4037 -1.075 8.518 0.526 0.48 5.115 "" "" 16.686207 1.555582 17.102247 15.546665 "" "" 1423.43726 3250.7041 3985.32866 4.7489 1970.2 14.77 4791.7 42.703 "" "" 0.003043944859091355 0.008604391 0.010387853 0.018992243 251.32201474287 -47.12001151041 2275.67407 -1.0749999999999997 8.518 -0.27260715961456294 10.562285774230958 0.62040013 0.5744001 "" "" 113.9700965887604 "" 65.46806753265618 ""
251.3661282968 -46.91309876466 0.0552 0.0399 15.5777 "" "" 5939674277010555264 2374.27734 0.4041 0.0666 -7.592 -4.04 0.076 0.061 1.043 4756.7 4.3354 16.686543 1.387744 17.322475 15.934731 "" "" 2063.09497 2863.58325 3984.09768 2.3641 1608.5 7.6845 3351.7 10.567 "" "" 0.0028296392803812266 0.0058898507 0.005099105 0.010988956 251.3661282968 -46.91309876466 2374.27734 -7.592000000000002 -4.040000000000004 -6.789607159614563 -1.995714225769043 0.17040011 0.15540011 "" "" 79.64326636207699 "" 13.480089636216544 ""
251.62569016421 -47.17934955757 0.0509 0.0382 6.2279 "" "" 5939654657599270272 2251.06128 0.4346 0.064 -4.711 -6.452 0.069 0.061 1.036 5380.6 4.5936 16.687893 1.471508 17.36574 15.894232 "" "" 1963.10681 2633.31543 3979.14179 2.0676 1545.7 7.7458 3479.1 17.561 "" "" 0.0028124837080385594 0.006114549 0.006657157 0.012771706 251.62569016421 -47.17934955757 2251.06128 -4.711000000000003 -6.4520000000000035 -3.9086071596145633 -4.407714225769043 0.16340011 0.15540011 "" "" 62.858302892963636 "" 9.992667667395045 ""
251.6196353583 -47.02019849456 0.0542 0.0438 3.8497 "" "" 5939658299731817728 2601.23218 0.3714 0.0635 -1.07 -2.961 0.079 0.07 1.05 7596.1 4.2534 16.68924 2.068325 17.754082 15.685757 "" "" 2260.15527 3090.34058 3974.21124 2.5819 1080.9 6.764 4215.6 9.7953 "" "" 0.0028441741366869015 0.007344866 0.0045440337 0.0118889 251.6196353583 -47.02019849456 2601.23218 -1.0699999999999998 -2.9609999999999994 -0.26760715961456305 -0.9167142257690428 0.17340012 0.16440012 "" "" 11.774697939236383 "" 1.9442922171166162 ""
251.33394658755 -46.98663037497 0.0546 0.0388 14.4181 "" "" 5939672211092509952 2117.79395 0.4503 0.0644 1.45 -3.138 0.077 0.061 0.934 5312.0 4.6121 16.689257 1.285153 17.253387 15.968234 "" "" 1879.17236 2466.60059 3974.14766 2.3581 1714.2 6.3944 3249.9 14.553 "" "" 0.002829633312854255 0.004918142 0.0061580753 0.0110762175 251.33394658755 -46.98663037497 2117.79395 1.4500000000000002 -3.138 2.252392840385437 -1.0937142257690429 0.17140011 0.15540011 "" "" 25.134945916209926 "" 4.234350676698759 ""
251.29199054652 -46.97947563288 0.0574 0.0408 16.171 "" "" 5939673001367621120 2573.45972 0.3914 0.0682 -1.411 -5.671 0.089 0.064 1.011 5357.4 4.636 16.68981 1.280466 17.252588 15.972122 "" "" 2209.72681 3004.12036 3972.12521 2.4778 1715.5 9.1106 3238.2 13.009 "" "" 0.002837339646074793 0.0064056786 0.005771388 0.012177067 251.29199054652 -46.97947563288 2573.45972 -1.4110000000000014 -5.671000000000001 -0.608607159614563 -3.6267142257690432 0.18340012 0.15840012 "" "" 44.8579690575905 "" 7.138570715531164 ""
251.58595363137 -47.30593595343 0.0537 0.0402 13.9932 "" "" 5939630330901622912 2413.39062 0.4168 0.0654 -0.365 -1.042 0.078 0.065 1.01 4915.5 4.3126 16.690172 1.576184 17.368702 15.792518 "" "" 2053.90161 2736.58594 3970.80038 2.6343 1541.5 16.834 3820.8 14.44 "" "" 0.0028479144685007052 0.012180687 0.0055786287 0.017759316 251.58595363137 -47.30593595343 2413.39062 -0.365 -1.042 0.437392840385437 1.002285774230957 0.17240012 0.1594001 "" "" 12.509831117133974 "" 2.020964330531385 ""
251.70110911178 -47.04608826543 0.0481 0.0398 2.5586 "" "" 5939657337659031424 2812.86035 0.3522 0.0608 -2.733 -5.257 0.069 0.064 1.013 6874.0 4.3327 16.691006 1.429574 17.340763 15.911189 "" "" 2419.71997 3342.92554 3967.7494 2.2542 1581.7 7.4393 3425.2 8.4034 "" "" 0.0028235227887115615 0.005819146 0.0046237744 0.01044292 251.70110911178 -47.04608826543 2812.86035 -2.7329999999999988 -5.257 -1.930607159614563 -3.2127142257690426 0.16340011 0.15840012 "" "" 49.97419047743435 "" 7.982972503482762 ""
251.87988056391 -46.88827420563 0.0513 0.0374 14.5232 "" "" 5940038176666314368 2456.36475 0.3865 0.0605 -2.57 -4.314 0.074 0.06 0.932 "" "" 16.691088 1.446674 17.316708 15.870033 "" "" 2158.86206 2903.74048 3967.45458 2.5392 1617.1 8.5576 3557.5 8.6948 "" "" 0.002841592223888938 0.0063872985 0.004617947 0.011005245 251.87988056391 -46.88827420563 2456.36475 -2.5699999999999994 -4.314 -1.7676071596145628 -2.269714225769043 0.16840011 0.15440011 "" "" 33.495188735254075 "" 5.353524507236101 ""
251.46837635918 -47.14872383657 0.0526 0.0397 8.8923 "" "" 5939644139186750848 2146.5686 0.4482 0.0622 -1.965 -5.732 0.075 0.066 1.079 5556.7 4.5814 16.691345 1.532221 17.405235 15.873014 "" "" 1901.604 2509.84692 3966.5142 2.1725 1490.5 7.5892 3547.7 8.8894 "" "" 0.002818762184127468 0.00619247 0.004656703 0.010849173 251.46837635918 -47.14872383657 2146.5686 -1.9650000000000007 -5.732000000000001 -1.162607159614563 -3.687714225769043 0.16940013 0.16040012 "" "" 39.34202051367289 "" 6.343288527434741 ""
251.91057812108 -47.15206809811 0.0569 0.0414 11.1537 "" "" 5939658570269880704 2252.29932 0.4409 0.0694 0.61 -2.214 0.077 0.065 1.033 4695.4 4.3011 16.691946 1.726543 17.47829 15.751748 "" "" 1960.25342 2622.57593 3964.31541 2.5523 1393.5 11.033 3967.0 21.732 "" "" 0.002842606963059926 0.009037766 0.007047052 0.016084818 251.91057812108 -47.15206809811 2252.29932 0.6100000000000003 -2.2140000000000004 1.4123928403854369 -0.16971422576904294 0.17140011 0.1594001 "" "" 15.187029641965523 "" 2.600554317298231 ""
251.90859005313 -46.92409827127 0.0508 0.0397 13.7488 "" "" 5939662555999661312 2408.54199 0.3971 0.0611 -4.764 -3.273 0.074 0.06 1.035 6852.0 4.3323 16.692142 1.408874 17.336563 15.92769 "" "" 2168.45703 2700.0437 3963.59696 2.2115 1587.8 7.78 3373.5 7.6265 "" "" 0.002821129262854426 0.006007245 0.0045064907 0.010513736 251.90859005313 -46.92409827127 2408.54199 -4.764 -3.2729999999999997 -3.9616071596145632 -1.228714225769043 0.16840011 0.15440011 "" "" 47.353072503754035 "" 7.918308121382045 ""
251.95548122786 -46.92238011874 0.0496 0.0382 15.2867 "" "" 5940037081462945792 2587.24146 0.3643 0.0618 -1.336 -4.118 0.073 0.06 1.056 5078.0 4.3443 16.692772 1.374894 17.211712 15.836818 "" "" 2221.52832 2951.89746 3961.30397 2.5743 1781.3 23.482 3668.0 61.839 "" "" 0.0028442275402576307 0.014582152 0.01869058 0.033272732 251.95548122786 -46.92238011874 2587.24146 -1.336 -4.118 -0.5336071596145631 -2.0737142257690433 0.16740012 0.15440011 "" "" 26.259488737182586 "" 4.07650035168407 ""
251.4444653653 -47.16806299761 0.0492 0.0376 10.3169 "" "" 5939644070466597504 2212.30396 0.4547 0.0592 -4.852 -8.152 0.07 0.063 0.99 "" "" 16.692846 1.591772 17.410717 15.818945 "" "" 2003.54639 2509.20581 3961.02872 2.06 1483.0 9.2452 3728.9 11.597 "" "" 0.002812583360287449 0.0073211426 0.005068102 0.0123892445 251.4444653653 -47.16806299761 2212.30396 -4.852 -8.152 -4.049607159614563 -6.107714225769042 0.16440012 0.15740012 "" "" 76.84655415142214 "" 12.262424800355856 ""
251.84873534039 -47.18877575195 0.0532 0.0411 10.1698 "" "" 5939652424197700864 2478.5542 0.416 0.0673 -3.436 -4.132 0.076 0.07 1.112 5613.8 4.4143 16.693785 1.621887 17.409134 15.787247 "" "" 2071.28687 2923.86304 3957.60586 2.9038 1485.1 8.4397 3839.4 14.238 "" "" 0.0028681726012610245 0.0067716897 0.005522237 0.012293927 251.84873534039 -47.18877575195 2478.5542 -3.4359999999999995 -4.132 -2.633607159614563 -2.0877142257690426 0.17040011 0.16440012 "" "" 39.482901696130675 "" 6.637473588416855 ""
251.77876856992 -47.18234520179 0.0511 0.0399 7.9113 "" "" 5939653145770609408 2583.70605 0.3773 0.0634 -1.475 1.456 0.072 0.063 1.04 4926.8 4.1864 16.69482 1.745421 17.548512 15.803091 "" "" 2181.91113 3037.0752 3953.83579 2.3158 1306.2 7.2235 3783.7 10.922 "" "" 0.002827753798256143 0.0066209254 0.0049098036 0.011530729 251.77876856992 -47.18234520179 2583.70605 -1.4750000000000003 1.456 -0.6726071596145631 3.500285774230957 0.1664001 0.15740012 "" "" 43.65143634137683 "" 6.885115808567206 ""
