Clusters/Hogg_22/Hogg_22_stars_in_region.tsv
# %ECSV 1.0
# ---
# datatype:
# - name: RA_ICRS_1
#   unit: deg
#   datatype: float64
#   format: '{:15.11f}'
#   description: Right ascension (ICRS) at Ep=2016.0 (ra)
#   meta: !!omap
#   - {ucd: POS_EQ_RA_MAIN}
#   - {width: 15}
#   - {precision: '11'}
# - name: DE_ICRS_1
#   unit: deg
#   datatype: float64
#   format: '{:15.11f}'
#   description: Declination (ICRS) at Ep=2016.0 (dec)
#   meta: !!omap
#   - {ucd: POS_EQ_DEC_MAIN}
#   - {width: 15}
#   - {precision: '11'}
# - name: e_RA_ICRS
#   unit: mas
#   datatype: float64
#   format: '{:7.4f}'
#   description: Standard error of right ascension (ra_error)
#   meta: !!omap
#   - {ucd: ERROR}
#   - {width: 7}
#   - {precision: '4'}
# - name: e_DE_ICRS
#   unit: mas
#   datatype: float64
#   format: '{:7.4f}'
#   description: Standard error of declination (dec_error)
#   meta: !!omap
#   - {ucd: ERROR}
#   - {width: 7}
#   - {precision: '4'}
# - name: _r_1
#   unit: ''
#   datatype: float64
#   format: '{:7.4f}'
#   description: Distance from center (251.65991081000-47.07819555000)[ICRS], at Epoch=J2016.0
#   meta: !!omap
#   - {ucd: POS_ANG_DIST_GENERAL}
#   - {width: 7}
#   - {precision: '4'}
# - name: HIP
#   datatype: int32
#   description: '? HIP cross-id number, van Leeuwen, Cat. I/311 (hip_original_ext_source_id)'
#   meta: !!omap
#   - {ucd: ID_NUMBER}
#   - {width: 6}
#   - values: {'null': -2147483648}
# - name: TYC2
#   datatype: string
#   description: Tycho-2 cross-id name, Hog et al., Cat. I/259 (tyc2_original_ext_source_id)
#   meta: !!omap
#   - {ucd: ID_CROSSID}
#   - {_votable_string_dtype: char}
# - name: Source
#   datatype: int64
#   description: Source identifier, identical to the Gaia-EDR3 source_id (id)
#   meta: !!omap
#   - {ucd: ID_MAIN}
#   - {width: 19}
# - name: rgeo
#   unit: pc
#   datatype: float64
#   format: '{:15.8f}'
#   description: '? Median of the geometric distance posterior (r_med_geo)'
#   meta: !!omap
#   - {ucd: PHYS_DISTANCE_TRUE}
#   - {width: 15}
#   - {precision: '8'}
#   - values: {'null': .nan}
# - name: Plx
#   unit: mas
#   datatype: float64
#   format: '{:9.4f}'
#   description: '? Parallax (parallax)'
#   meta: !!omap
#   - {ucd: POS_PARLX_TRIG}
#   - {width: 9}
#   - {precision: '4'}
#   - values: {'null': .nan}
# - name: e_Plx
#   unit: mas
#   datatype: float32
#   format: '{:7.4f}'
#   description: '? Standard error of parallax (parallax_error)'
#   meta: !!omap
#   - {ucd: ERROR}
#   - {width: 7}
#   - {precision: '4'}
#   - values: {'null': .nan}
# - name: pmRA
#   unit: mas / yr
#   datatype: float64
#   format: '{:9.3f}'
#   description: '? Proper motion in right ascension direction, pmRA*cosDE (pmra)'
#   meta: !!omap
#   - {ucd: POS_EQ_PMRA}
#   - {width: 9}
#   - {precision: '3'}
#   - values: {'null': .nan}
# - name: pmDE
#   unit: mas / yr
#   datatype: float64
#   format: '{:9.3f}'
#   description: '? Proper motion in declination direction (pmdec)'
#   meta: !!omap
#   - {ucd: POS_EQ_PMDEC}
#   - {width: 9}
#   - {precision: '3'}
#   - values: {'null': .nan}
# - name: e_pmRA
#   unit: mas / yr
#   datatype: float32
#   format: '{:6.3f}'
#   description: '? Standard error of proper motion in right ascension direction (pmra_error)'
#   meta: !!omap
#   - {ucd: ERROR}
#   - {width: 6}
#   - {precision: '3'}
#   - values: {'null': .nan}
# - name: e_pmDE
[...]
#         value: !astropy.table.SerializedColumn {name: SkyCoord.dec}
#       distance: !astropy.table.SerializedColumn
#         __class__: astropy.coordinates.distances.Distance
#         unit: !astropy.units.Unit {unit: pc}
#         value: !astropy.table.SerializedColumn {name: SkyCoord.distance}
#       frame: icrs
#       obstime: !astropy.time.Time {format: jyear_str, in_subfmt: '*', jd1: 367701545.0, jd2: 0.0, out_subfmt: '*', precision: 3, scale: tt}
#       pm_dec: !astropy.table.SerializedColumn
#         __class__: astropy.units.quantity.Quantity
#         unit: !astropy.units.Unit {unit: mas / yr}
#         value: !astropy.table.SerializedColumn {name: SkyCoord.pm_dec}
#       pm_ra_cosdec: !astropy.table.SerializedColumn
#         __class__: astropy.units.quantity.Quantity
#         unit: !astropy.units.Unit {unit: mas / yr}
#         value: !astropy.table.SerializedColumn {name: SkyCoord.pm_ra_cosdec}
#       ra: !astropy.table.SerializedColumn
#         __class__: astropy.coordinates.angles.Longitude
#         unit: *id001
#         value: !astropy.table.SerializedColumn {name: SkyCoord.ra}
#         wrap_angle: !astropy.coordinates.Angle
#           unit: *id001
#           value: 360.0
#       representation_type: spherical
# schema: astropy-2.0
RA_ICRS_1 DE_ICRS_1 e_RA_ICRS e_DE_ICRS _r_1 HIP TYC2 Source rgeo Plx e_Plx pmRA pmDE e_pmRA e_pmDE RUWE Teff logg Gmag BP-RP BPmag RPmag RV e_RV b_rgeo B_rgeo FG e_FG FBP e_FBP FRP e_FRP RAVE5 RAVE6 e_Gmag e_BPmag e_RPmag e_BP-RP SkyCoord.ra SkyCoord.dec SkyCoord.distance SkyCoord.pm_ra_cosdec SkyCoord.pm_dec rmRA rmDE e_rmRA e_rmDE rRV e_rRV v_pec v_pec3d e_vpec e_vpec3d
[from data line 3125]
251.85296166442 -46.84291439546 0.0555 0.0389 16.1797 "" "" 5940041238991389568 2350.68872 0.4132 0.0629 -2.7 -2.94 0.079 0.063 0.915 "" "" 16.695114 1.763205 17.544783 15.781578 "" "" 2087.89404 2689.67358 3952.76259 2.3034 1310.7 8.849 3859.5 13.364 "" "" 0.0028270284209249473 0.00784326 0.005330811 0.01317407 251.85296166442 -46.84291439546 2350.68872 -2.6999999999999993 -2.939999999999996 -1.8976071596145632 -0.8957142257690429 0.17340012 0.15740012 "" "" 23.38075358858981 "" 3.988677534576177 ""
251.4468053825 -46.97853923824 0.0571 0.0384 10.5695 "" "" 5939670944115746304 2787.6875 0.3513 0.067 -3.14 -6.011 0.078 0.058 0.976 6427.3 3.7113 16.69609 2.18328 17.81416 15.630879 "" "" 2299.49243 3630.10083 3949.21247 2.6337 1022.7 13.699 4434.1 10.662 "" "" 0.0028488709461653413 0.014808596 0.004593419 0.019402016 251.4468053825 -46.97853923824 2787.6875 -3.1399999999999997 -6.011000000000006 -2.337607159614563 -3.966714225769043 0.17240012 0.1524001 "" "" 60.83905537665716 "" 9.600285764835148 ""
251.82180227123 -46.94248589613 0.0496 0.04 10.4962 "" "" 5939662354180896384 2575.08301 0.3792 0.06 1.852 2.586 0.068 0.06 0.989 4739.9 4.1678 16.69625 1.965459 17.64163 15.676171 "" "" 2159.65942 3055.26611 3948.62679 2.5513 1198.8 12.621 4252.9 17.453 "" "" 0.002843223343779387 0.011766267 0.0058426345 0.017608901 251.82180227123 -46.94248589613 2575.08301 1.8520000000000005 2.586000000000002 2.6543928403854373 4.630285774230957 0.16240013 0.15440011 "" "" 65.14488737872553 "" 10.189767294758024 ""
251.59999270904 -47.18933982825 0.0516 0.0421 7.103 "" "" 5939655310420671104 2635.21753 0.3782 0.0641 -2.412 -2.867 0.07 0.064 0.981 5641.2 4.5609 16.696505 1.530725 17.34998 15.819254 "" "" 2298.79224 3126.06641 3947.71036 2.3407 1568.3 9.6793 3727.8 43.847 "" "" 0.002829526076838138 0.007258674 0.013318114 0.020576788 251.59999270904 -47.18933982825 2635.21753 -2.412 -2.867 -1.609607159614563 -0.822714225769043 0.16440012 0.15840012 "" "" 22.57956113673681 "" 3.6844292493332276 ""
252.00839424897 -47.09118836871 0.0534 0.0379 14.2586 "" "" 5939613559025323776 2421.448 0.4073 0.0608 -0.714 -1.714 0.074 0.06 1.015 5682.8 4.5926 16.697258 1.372061 17.311352 15.939291 "" "" 2121.83423 2783.6687 3944.96815 2.2745 1625.1 7.9369 3337.7 14.347 "" "" 0.002825535640532223 0.005991947 0.0060053845 0.011997331 252.00839424897 -47.09118836871 2421.448 -0.714 -1.714 0.08839284038543704 0.33028577423095706 0.16840011 0.15440011 "" "" 3.92432019289038 "" 0.6097418829252115 ""
251.78951564602 -47.06031920809 0.05 0.0425 5.404 "" "" 5939660052060748032 1997.1582 0.494 0.0674 -0.61 -0.374 0.066 0.062 1.024 5003.0 4.28 16.697607 1.826311 17.460234 15.633923 "" "" 1753.81445 2283.91187 3943.70193 3.7729 1416.8 14.18 4421.7 32.444 "" "" 0.00294460759278274 0.011219052 0.008817562 0.020036614 251.78951564602 -47.06031920809 1997.1582 -0.6100000000000001 -0.37400000000000033 0.19239284038543703 1.670285774230957 0.16040012 0.15640011 "" "" 15.916357858273619 "" 2.4901643417157326 ""
251.32276653188 -47.07604049708 0.0662 0.0434 13.7766 "" "" 5939648227995038848 2618.36768 0.4085 0.0751 -1.787 -3.314 0.112 0.069 0.991 5468.9 4.6025 16.697699 1.426583 17.345913 15.91933 "" "" 2153.44312 3786.67822 3943.36893 2.6244 1574.2 15.74 3399.6 12.585 "" "" 0.0028484932068124857 0.011208809 0.005517105 0.016725915 251.32276653188 -47.07604049708 2618.36768 -1.787 -3.314 -0.9846071596145629 -1.269714225769043 0.20640013 0.16340011 "" "" 19.941397573370793 "" 3.6044257831516395 ""
251.83966975049 -46.9001397478 0.0555 0.0415 12.9716 "" "" 5939662796520396160 2257.49463 0.4365 0.0641 -2.883 -3.501 0.083 0.067 1.032 5033.7 4.3719 16.698313 1.33752 17.294575 15.957055 "" "" 1986.05762 2537.71143 3941.1347 2.2974 1650.4 9.8691 3283.5 7.1695 "" "" 0.0028270762614037194 0.007066664 0.0044613825 0.011528047 251.83966975049 -46.9001397478 2257.49463 -2.8829999999999987 -3.501 -2.080607159614563 -1.4567142257690429 0.17740011 0.16140011 "" "" 27.17794732757357 "" 4.682788242482498 ""
251.76248193899 -47.13982100015 0.0496 0.039 5.5872 "" "" 5939653489350274432 2509.46118 0.3923 0.0632 -0.811 -1.06 0.07 0.063 1.052 "" "" 16.69854 1.481974 17.337975 15.856001 "" "" 2176.2522 3141.50391 3940.31284 2.4609 1585.7 7.6119 3603.8 9.767 "" "" 0.00283753342312873 0.0059117666 0.004789819 0.010701586 251.76248193899 -47.13982100015 2509.46118 -0.8109999999999999 -1.0599999999999996 -0.008607159614563042 0.984285774230957 0.16440012 0.15740012 "" "" 11.708375327615883 "" 1.8429060445712686 ""
251.66013375829 -46.86122779872 0.0602 0.0486 13.0181 "" "" 5939666614788713728 2614.40894 0.4001 0.0764 -2.156 -3.089 0.081 0.071 1.032 "" "" 16.698555 2.261824 17.821775 15.559952 "" "" 2104.57324 3372.53052 3940.26126 3.5724 1015.6 12.624 4733.4 47.321 "" "" 0.002925880761740341 0.013781206 0.011493533 0.025274739 251.66013375829 -46.86122779872 2614.40894 -2.1559999999999997 -3.089000000000003 -1.3536071596145631 -1.044714225769043 0.17540011 0.16540012 "" "" 21.1893088720281 "" 3.6389497020959065 ""
251.78695905763 -47.28496348189 0.0543 0.0399 13.4445 "" "" 5939650259552424704 1947.44556 0.5286 0.0675 -4.211 -5.78 0.077 0.066 0.952 5278.7 4.5962 16.698986 1.548116 17.41413 15.866014 "" "" 1700.4397 2300.28101 3938.69421 2.2369 1478.3 5.1948 3570.7 10.483 "" "" 0.002823475057485283 0.004726699 0.0049441056 0.009670805 251.78695905763 -47.28496348189 1947.44556 -4.211 -5.779999999999998 -3.4086071596145633 -3.735714225769043 0.17140011 0.16040012 "" "" 46.68145529724016 "" 7.725229483879795 ""
251.5735983558 -47.06037779985 0.0691 0.0491 3.6858 "" "" 5939657818695455232 2146.41797 0.4711 0.0829 -1.468 -6.77 0.096 0.079 1.257 "" "" 16.699295 1.914057 17.633207 15.719151 "" "" 1868.40332 2597.90039 3937.57483 3.5483 1208.2 6.9026 4087.9 12.856 "" "" 0.002923876395674649 0.00680159 0.0050933966 0.011894986 251.5735983558 -47.06037779985 2146.41797 -1.4680000000000002 -6.770000000000001 -0.665607159614563 -4.7257142257690425 0.19040012 0.17340012 "" "" 48.55407877296456 "" 8.436109558086535 ""
251.92162712904 -47.01393930714 0.0502 0.0371 11.3735 "" "" 5939661082852735104 2642.43579 0.367 0.0606 -1.096 -2.737 0.064 0.056 0.892 "" "" 16.700008 1.478796 17.34796 15.869164 "" "" 2307.30054 3163.16943 3934.98536 2.3822 1571.2 8.5551 3560.3 18.81 "" "" 0.0028326355638684637 0.0065371357 0.006869356 0.013406492 251.92162712904 -47.01393930714 2642.43579 -1.0960000000000005 -2.737 -0.2936071596145631 -0.6927142257690431 0.15840012 0.15040012 "" "" 9.423523400847785 "" 1.4290366524677522 ""
251.98604010676 -47.22717952991 0.0694 0.0464 16.0307 "" "" 5939605385697859456 2551.69019 0.4006 0.0765 -5.264 -5.545 0.094 0.082 1.11 "" "" 16.70005 "" "" 14.652931 "" "" 2121.59521 3207.40308 3934.83849 33.202 "" "" 10914.0 2451.0 "" "" 0.009566762905828594 "" 0.24385734 "" 251.98604010676 -47.22717952991 2551.69019 -5.263999999999999 -5.544999999999998 -4.461607159614563 -3.500714225769043 0.18840012 0.17640013 "" "" 68.59155406358275 "" 12.615348119917003 ""
251.61877426639 -47.32808646843 0.0548 0.0398 15.0869 "" "" 5939630056023673472 2372.59253 0.4156 0.0658 -3.02 -4.504 0.079 0.064 1.045 4912.1 4.3315 16.700167 1.859865 17.61731 15.757444 "" "" 2035.25562 3360.05762 3934.4155 2.3843 1226.0 7.5248 3946.2 13.874 "" "" 0.0028327922141633023 0.00722445 0.0053716735 0.012596123 251.61877426639 -47.32808646843 2372.59253 -3.0199999999999996 -4.504 -2.217607159614563 -2.4597142257690425 0.17340012 0.15840012 "" "" 37.24472208165035 "" 6.156336091782545 ""
251.69053185585 -47.03562296894 0.0506 0.04 2.8445 "" "" 5939657406383519744 2296.68433 0.4355 0.0589 -0.719 -1.445 0.073 0.064 1.03 "" "" 16.70044 1.37518 17.221243 15.846063 "" "" 1998.8302 2641.02759 3933.42289 2.8076 1765.7 33.204 3636.9 21.003 "" "" 0.0028622332196851243 0.020607041 0.0073210555 0.027928097 251.69053185585 -47.03562296894 2296.68433 -0.7189999999999999 -1.4449999999999998 0.08339284038543704 0.599285774230957 0.16740012 0.15840012 "" "" 6.586856642174205 "" 1.044516332675142 ""
251.65926989879 -47.08911726551 0.0879 0.0684 0.6558 "" "" 5939656856605334144 2653.5481 0.4236 0.1175 -0.57 -1.555 0.131 0.133 1.314 "" "" 16.700514 1.425233 16.773014 15.347781 "" "" 2051.02026 3461.37207 3933.15619 12.823 2668.2 210.5 5755.0 149.07 "" "" 0.00448571384496419 0.08570148 0.028376302 0.114077784 251.65926989879 -47.08911726551 2653.5481 -0.5699999999999996 -1.5549999999999995 0.23239284038543706 0.4892857742309571 0.22540012 0.22740012 "" "" 6.813033780900011 "" 1.5467856318538473 ""
251.61167190655 -47.04050262446 0.0554 0.0427 3.0004 "" "" 5939657917441968256 2541.05908 0.4072 0.0664 0.187 -2.857 0.074 0.068 1.015 7139.5 4.2981 16.700624 1.997042 17.697662 15.700621 "" "" 2161.98291 2932.28247 3932.75619 2.5518 1138.5 8.8265 4158.2 11.297 "" "" 0.0028439573558845304 0.008867822 0.0047942284 0.01366205 251.61167190655 -47.04050262446 2541.05908 0.1869999999999995 -2.857000000000002 0.9893928403854371 -0.8127142257690432 0.16840011 0.16240013 "" "" 15.421830116536897 "" 2.560160162970958 ""
251.41718574498 -46.87434224464 0.0525 0.0367 15.7588 "" "" 5939674723687176064 2223.42358 0.4259 0.0599 -2.211 -2.848 0.073 0.056 1.006 4868.1 4.3579 16.701775 1.443805 17.366692 15.922887 "" "" 1982.80884 2540.69702 3928.59452 2.3022 1544.3 8.4751 3388.5 8.8623 "" "" 0.002827827409183957 0.0065794266 0.004727291 0.011306718 251.41718574498 -46.87434224464 2223.42358 -2.211 -2.848 -1.4086071596145628 -0.8037142257690428 0.16740012 0.15040012 "" "" 17.091855521016463 "" 2.7926192345619945 ""
251.41033520609 -46.85682253633 0.0615 0.0394 16.7584 "" "" 5939674719354676224 2214.98584 0.4443 0.063 0.878 2.509 0.083 0.06 1.111 5496.7 4.6505 16.702364 1.345281 17.280806 15.935525 "" "" 1976.72229 2515.3938 3926.45895 2.3474 1671.5 9.5634 3349.3 12.074 "" "" 0.002830745081009826 0.0068098297 0.005440879 0.012250708 251.41033520609 -46.85682253633 2214.98584 0.8779999999999994 2.5089999999999977 1.6803928403854371 4.553285774230957 0.17740011 0.15440011 "" "" 50.956698287299865 "" 8.017253264164113 ""
251.49224771219 -46.9650114309 0.1587 0.1046 9.6514 "" "" 5939670841019979008 2169.23218 0.6724 0.1878 -0.426 -7.82 0.212 0.161 3.26 "" "" 16.703085 1.654592 17.196821 15.542229 "" "" 1514.56885 3069.02148 3923.85679 6.9316 1805.9 19.755 4811.3 33.292 "" "" 0.003357148571782709 0.012200358 0.008409868 0.020610226 251.49224771219 -46.9650114309 2169.23218 -0.42600000000000016 -7.82 0.376392840385437 -5.775714225769043 0.30640012 0.25540012 "" "" 59.512791993900976 "" 15.213684730218333 ""
251.94942860962 -46.94554796502 0.0515 0.0375 14.27 "" "" 5939661765725675136 2012.81287 0.4943 0.0617 -2.01 -5.415 0.069 0.058 1.003 5433.1 4.6423 16.703093 1.408089 17.334187 15.926098 "" "" 1768.67175 2244.67456 3923.8289 2.3191 1591.3 8.5592 3378.5 9.7236 "" "" 0.002829058395050721 0.0064722085 0.0049039107 0.011376119 251.94942860962 -46.94554796502 2012.81287 -2.0100000000000016 -5.4150000000000045 -1.2076071596145628 -3.370714225769043 0.16340011 0.1524001 "" "" 34.160660061793315 "" 5.250188686329672 ""
251.4343440282 -46.93338777247 0.0521 0.0364 12.6754 "" "" 5939671150274255488 2096.70874 0.4693 0.0628 -1.817 -1.974 0.076 0.058 1.0 5635.7 4.6626 16.703733 1.344444 17.313639 15.969194 "" "" 1852.15381 2378.65723 3921.5103 2.1006 1621.7 7.7578 3247.0 9.664 "" "" 0.002816031290763031 0.005895888 0.0049725315 0.010868419 251.4343440282 -46.93338777247 2096.70874 -1.8170000000000002 -1.9739999999999998 -1.014607159614563 0.07028577423095705 0.17040011 0.1524001 "" "" 10.107737132471684 "" 1.721536312427723 ""
251.38497404896 -47.03134029063 0.0591 0.04 11.5851 "" "" 5939671906189156224 2683.25098 0.3798 0.0649 -0.516 -2.948 0.086 0.063 1.052 4994.4 4.3863 16.704292 1.280453 17.273651 15.993198 "" "" 2258.09009 3144.8584 3919.49472 2.0797 1682.5 7.771 3176.0 9.3101 "" "" 0.0028149024938639343 0.005738676 0.004940994 0.01067967 251.38497404896 -47.03134029063 2683.25098 -0.516 -2.948 0.286392840385437 -0.9037142257690429 0.18040012 0.15740012 "" "" 12.057351023220932 "" 1.924795281108181 ""
251.46471290501 -47.22153856 0.0649 0.0432 11.7223 "" "" 5939643284524871552 2140.97754 0.4623 0.0784 -0.318 -0.832 0.08 0.072 1.093 "" "" 16.704918 "" "" "" "" "" 1892.90552 2502.46777 3917.23303 2.9306 "" "" "" "" "" "" 0.0028725554890890663 "" "" "" 251.46471290501 -47.22153856 2140.97754 -0.31799999999999995 -0.8319999999999999 0.484392840385437 1.2122857742309572 0.17440012 0.1664001 "" "" 13.248297232911879 "" 2.2194102521951447 ""
251.4403491424 -47.04438766389 0.0558 0.0399 9.2005 "" "" 5939668706399135872 2712.15601 0.3431 0.061 -1.404 -3.282 0.081 0.062 0.998 "" "" 16.704967 1.513709 17.4076 15.893891 "" "" 2372.42944 3154.79858 3917.05523 2.3194 1487.2 11.089 3480.2 8.0086 "" "" 0.0028293292103773746 0.008562901 0.00453058 0.013093481 251.4403491424 -47.04438766389 2712.15601 -1.4040000000000001 -3.2819999999999996 -0.6016071596145629 -1.237714225769043 0.17540011 0.15640011 "" "" 17.69162908254935 "" 2.83429462836276 ""
251.79093114377 -47.32456321154 0.0579 0.0425 15.7174 "" "" 5939650053375243520 2413.20166 0.4138 0.0723 -1.714 -3.322 0.08 0.069 1.07 "" "" 16.705177 1.490756 17.379015 15.888259 "" "" 2071.12231 2943.99365 3916.29614 2.3205 1526.9 6.9024 3498.3 12.372 "" "" 0.002829426846472825 0.0056457543 0.0053877356 0.01103349 251.79093114377 -47.32456321154 2413.20166 -1.7140000000000009 -3.3220000000000027 -0.911607159614563 -1.277714225769043 0.17440012 0.16340011 "" "" 17.953759473509418 "" 3.001717775379215 ""
251.41620498646 -47.19976147429 0.0519 0.0402 12.3342 "" "" 5939643525043064192 2799.69775 0.3339 0.0624 -1.968 -0.7 0.072 0.065 0.99 4819.3 3.6358 16.705242 2.440948 17.967472 15.526525 "" "" 2420.12939 3255.44873 3916.06522 2.8872 888.03 38.955 4881.4 36.688 "" "" 0.0028692437899336095 0.047709387 0.008992973 0.05670236 251.41620498646 -47.19976147429 2799.69775 -1.968 -0.7 -1.165607159614563 1.344285774230957 0.1664001 0.1594001 "" "" 23.611708136615327 "" 3.8355152251024593 ""
251.53234085428 -47.3298749747 0.056 0.04 15.9711 "" "" 5939629536297769600 2485.74243 0.3923 0.0679 0.12 -1.854 0.081 0.068 1.06 4738.9 4.1144 16.706768 2.21572 17.859842 15.644122 "" "" 2121.99634 3002.69263 3910.56449 2.3479 980.57 8.3392 4380.4 9.7762 "" "" 0.0028313831633560976 0.009645933 0.004489476 0.014135409 251.53234085428 -47.3298749747 2485.74243 0.12000000000000005 -1.854 0.922392840385437 0.19028577423095694 0.17540011 0.16240013 "" "" 11.096869906033893 "" 1.9407133633370905 ""
251.38707154341 -46.93826001373 0.0655 0.0452 13.9679 "" "" 5939674036492313216 2762.58496 0.366 0.078 -1.354 -4.346 0.093 0.068 1.163 "" "" 16.706987 1.70362 17.502592 15.798972 "" "" 2345.67651 3426.92871 3909.77818 3.4907 1362.6 6.6315 3798.1 12.531 "" "" 0.0029208640073526662 0.0059754774 0.005207256 0.011182733 251.38707154341 -46.93826001373 2762.58496 -1.354000000000001 -4.346 -0.5516071596145631 -2.301714225769043 0.18740012 0.16240013 "" "" 30.993576450447108 "" 5.0784816013341505 ""
251.59739877562 -46.88755567032 0.057 0.0421 11.7211 "" "" 5939676785271283328 2151.45337 0.4582 0.0654 3.166 -6.982 0.079 0.067 0.957 5268.7 3.8562 16.707323 1.567282 17.445593 15.878311 "" "" 1887.71692 2510.93408 3908.56658 2.3283 1436.1 9.6139 3530.5 8.7299 "" "" 0.002830210746479601 0.00778555 0.004635881 0.012421431 251.59739877562 -46.88755567032 2151.45337 3.1659999999999977 -6.981999999999999 3.968392840385437 -4.937714225769043 0.17340012 0.16140011 "" "" 64.60116245640128 "" 10.737531348827245 ""
