Clusters/Teutsch_30/Teutsch_30_stars_in_region.tsv
# %ECSV 1.0
# ---
# datatype:
# - name: RA_ICRS_1
#   unit: deg
#   datatype: float64
#   format: '{:15.11f}'
#   description: Right ascension (ICRS) at Ep=2016.0 (ra)
#   meta: !!omap
#   - {ucd: POS_EQ_RA_MAIN}
#   - {width: 15}
#   - {precision: '11'}
# - name: DE_ICRS_1
#   unit: deg
#   datatype: float64
#   format: '{:15.11f}'
#   description: Declination (ICRS) at Ep=2016.0 (dec)
#   meta: !!omap
#   - {ucd: POS_EQ_DEC_MAIN}
#   - {width: 15}
#   - {precision: '11'}
# - name: e_RA_ICRS
#   unit: mas
#   datatype: float64
#   format: '{:7.4f}'
#   description: Standard error of right ascension (ra_error)
#   meta: !!omap
#   - {ucd: ERROR}
#   - {width: 7}
#   - {precision: '4'}
# - name: e_DE_ICRS
#   unit: mas
#   datatype: float64
#   format: '{:7.4f}'
#   description: Standard error of declination (dec_error)
#   meta: !!omap
#   - {ucd: ERROR}
#   - {width: 7}
#   - {precision: '4'}
# - name: _r_1
#   unit: ''
#   datatype: float64
#   format: '{:7.4f}'
#   description: Distance from center (306.92860731000+36.07800594000)[ICRS], at Epoch=J2016.0
#   meta: !!omap
#   - {ucd: POS_ANG_DIST_GENERAL}
#   - {width: 7}
#   - {precision: '4'}
# - name: HIP
#   datatype: int32
#   description: '? HIP cross-id number, van Leeuwen, Cat. I/311 (hip_original_ext_source_id)'
#   meta: !!omap
#   - {ucd: ID_NUMBER}
#   - {width: 6}
#   - values: {'null': -2147483648}
# - name: TYC2
#   datatype: string
#   description: Tycho-2 cross-id name, Hog et al., Cat. I/259 (tyc2_original_ext_source_id)
#   meta: !!omap
#   - {ucd: ID_CROSSID}
#   - {_votable_string_dtype: char}
# - name: Source
#   datatype: int64
#   description: Source identifier, identical to the Gaia-EDR3 source_id (id)
#   meta: !!omap
#   - {ucd: ID_MAIN}
#   - {width: 19}
# - name: rgeo
#   unit: pc
#   datatype: float64
#   format: '{:15.8f}'
#   description: '? Median of the geometric distance posterior (r_med_geo)'
#   meta: !!omap
#   - {ucd: PHYS_DISTANCE_TRUE}
#   - {width: 15}
#   - {precision: '8'}
#   - values: {'null': .nan}
# - name: Plx
#   unit: mas
#   datatype: float64
#   format: '{:9.4f}'
#   description: '? Parallax (parallax)'
#   meta: !!omap
#   - {ucd: POS_PARLX_TRIG}
#   - {width: 9}
#   - {precision: '4'}
#   - values: {'null': .nan}
# - name: e_Plx
#   unit: mas
#   datatype: float32
#   format: '{:7.4f}'
#   description: '? Standard error of parallax (parallax_error)'
#   meta: !!omap
#   - {ucd: ERROR}
#   - {width: 7}
#   - {precision: '4'}
#   - values: {'null': .nan}
# - name: pmRA
#   unit: mas / yr
#   datatype: float64
#   format: '{:9.3f}'
#   description: '? Proper motion in right ascension direction, pmRA*cosDE (pmra)'
#   meta: !!omap
#   - {ucd: POS_EQ_PMRA}
#   - {width: 9}
#   - {precision: '3'}
#   - values: {'null': .nan}
# - name: pmDE
#   unit: mas / yr
#   datatype: float64
#   format: '{:9.3f}'
#   description: '? Proper motion in declination direction (pmdec)'
#   meta: !!omap
#   - {ucd: POS_EQ_PMDEC}
#   - {width: 9}
#   - {precision: '3'}
#   - values: {'null': .nan}
# - name: e_pmRA
#   unit: mas / yr
#   datatype: float32
#   format: '{:6.3f}'
#   description: '? Standard error of proper motion in right ascension direction (pmra_error)'
#   meta: !!omap
#   - {ucd: ERROR}
#   - {width: 6}
#   - {precision: '3'}
#   - values: {'null': .nan}
# - name: e_pmDE
[...]
#         value: !astropy.table.SerializedColumn {name: SkyCoord.dec}
#       distance: !astropy.table.SerializedColumn
#         __class__: astropy.coordinates.distances.Distance
#         unit: !astropy.units.Unit {unit: pc}
#         value: !astropy.table.SerializedColumn {name: SkyCoord.distance}
#       frame: icrs
#       obstime: !astropy.time.Time {format: jyear_str, in_subfmt: '*', jd1: 367701545.0, jd2: 0.0, out_subfmt: '*', precision: 3, scale: tt}
#       pm_dec: !astropy.table.SerializedColumn
#         __class__: astropy.units.quantity.Quantity
#         unit: !astropy.units.Unit {unit: mas / yr}
#         value: !astropy.table.SerializedColumn {name: SkyCoord.pm_dec}
#       pm_ra_cosdec: !astropy.table.SerializedColumn
#         __class__: astropy.units.quantity.Quantity
#         unit: !astropy.units.Unit {unit: mas / yr}
#         value: !astropy.table.SerializedColumn {name: SkyCoord.pm_ra_cosdec}
#       ra: !astropy.table.SerializedColumn
#         __class__: astropy.coordinates.angles.Longitude
#         unit: *id001
#         value: !astropy.table.SerializedColumn {name: SkyCoord.ra}
#         wrap_angle: !astropy.coordinates.Angle
#           unit: *id001
#           value: 360.0
#       representation_type: spherical
# schema: astropy-2.0
RA_ICRS_1 DE_ICRS_1 e_RA_ICRS e_DE_ICRS _r_1 HIP TYC2 Source rgeo Plx e_Plx pmRA pmDE e_pmRA e_pmDE RUWE Teff logg Gmag BP-RP BPmag RPmag RV e_RV b_rgeo B_rgeo FG e_FG FBP e_FBP FRP e_FRP RAVE5 RAVE6 e_Gmag e_BPmag e_RPmag e_BP-RP SkyCoord.ra SkyCoord.dec SkyCoord.distance SkyCoord.pm_ra_cosdec SkyCoord.pm_dec rmRA rmDE e_rmRA e_rmDE rRV e_rRV v_pec v_pec3d e_vpec e_vpec3d
[from data line 382]
306.754881161 36.17856022748 0.0363 0.0413 10.3577 "" "" 2057599263927286912 1945.45251 0.4916 0.0523 -1.399 -8.08 0.049 0.053 0.971 "" "" 16.80062 2.068972 17.853304 15.784332 "" "" 1756.92273 2128.50073 3586.73352 2.0919 986.5 8.7339 3849.7 10.664 "" "" 0.002827150200661988 0.010009236 0.004830039 0.014839275 306.754881161 36.17856022748 1945.45251 -1.399 -8.08 1.8086189517974853 -2.333142833709717 0.12081954 0.12481953 "" "" 27.222258235994865 "" 3.357411442940535 ""
306.58757715797 36.08195424376 0.0512 0.0651 16.5388 "" "" 2057608609772062208 2173.12793 0.4626 0.0765 -2.782 -4.74 0.084 0.128 1.113 "" "" 16.801117 2.61871 17.56453 14.94582 "" "" 1814.02063 2566.77808 3585.08642 8.1768 1287.1 89.562 8333.6 635.62 "" "" 0.0037045897740252474 0.075601734 0.082897425 0.15849915 306.58757715797 36.08195424376 2173.12793 -2.7820000000000005 -4.74 0.4256189517974853 1.006857166290283 0.15581954 0.19981954 "" "" 11.259827836836797 "" 2.1820708616908493 ""
307.04907923659 36.19793388066 0.0336 0.0407 9.2658 "" "" 2057620017209767680 1654.45667 0.5809 0.0482 -2.911 -0.49 0.045 0.054 0.954 "" "" 16.805325 2.053879 17.852169 15.79829 "" "" 1547.47583 1775.08789 3571.22194 1.8529 987.53 9.0685 3800.5 12.11 "" "" 0.002812316669817257 0.010353381 0.005123735 0.015477115 307.04907923659 36.19793388066 1654.45667 -2.911 -0.4899999999999995 0.2966189517974853 5.256857166290283 0.11681954 0.12581953 "" "" 41.29050274656129 "" 5.194014483867894 ""
306.80568441514 36.04924400476 0.0384 0.0429 6.2067 "" "" 2057594316124942848 1964.04285 0.4872 0.0554 -3.375 -4.617 0.056 0.054 1.03 4800.1 4.1098 16.806755 2.301089 18.024353 15.723264 "" "" 1776.0293 2152.28613 3566.51745 2.1648 842.7 9.0804 4072.4 9.6676 "" "" 0.0028330363625818132 0.012027319 0.004574609 0.016601928 306.80568441514 36.04924400476 1964.04285 -3.375 -4.617 -0.16738104820251465 1.1298571662902832 0.12781954 0.12581953 "" "" 10.633272100404128 "" 1.3383335962324872 ""
306.82357620066 36.13251704036 0.0348 0.0414 6.0515 "" "" 2057595243837885184 1795.75366 0.5382 0.0516 -2.334 -5.774 0.045 0.053 1.0 "" "" 16.807625 2.227128 17.966368 15.73924 "" "" 1633.0835 1980.9563 3563.66483 2.0358 888.93 8.3451 4012.9 8.7903 "" "" 0.0028242684028324224 0.010567674 0.004465436 0.015033111 306.82357620066 36.13251704036 1795.75366 -2.334 -5.773999999999999 0.8736189517974853 -0.027142833709716818 0.11681954 0.12481953 "" "" 7.4397212155364825 "" 0.8691641574487294 ""
307.02119817226 35.93562073803 0.0374 0.0433 9.653 "" "" 2056838711119601280 2160.8811 0.4486 0.051 -1.632 -4.298 0.049 0.053 0.965 9317.0 4.2506 16.818462 2.201014 17.959461 15.758448 "" "" 1939.97034 2426.22656 3528.26832 2.3451 894.61 8.8694 3942.6 11.065 "" "" 0.0028482559496438337 0.011120013 0.0048547722 0.015974786 307.02119817226 35.93562073803 2160.8811 -1.6319999999999995 -4.298 1.5756189517974855 1.4488571662902832 0.12081954 0.12481953 "" "" 21.924287258139042 "" 2.689416641588572 ""
306.64700475921 36.11967512429 0.0385 0.0485 13.8792 "" "" 2057597408501420544 2077.10815 0.4608 0.0591 -2.689 -8.363 0.056 0.061 0.957 7920.1 3.9623 16.829477 2.346042 18.07851 15.732469 "" "" 1816.54944 2390.34253 3492.65565 2.1492 801.7 8.9625 4038.0 11.758 "" "" 0.002835164018645205 0.01245441 0.004927345 0.017381756 306.64700475921 36.11967512429 2077.10815 -2.689000000000001 -8.363000000000003 0.5186189517974853 -2.6161428337097163 0.12781954 0.13281953 "" "" 26.25844556132862 "" 3.4827600606186984 ""
307.14071152173 36.22989910766 0.033 0.0406 13.7348 "" "" 2056875201162364928 2022.15442 0.4583 0.0472 -0.7 -1.508 0.044 0.05 0.967 9472.0 3.9855 16.82962 2.227986 17.981976 15.753989 "" "" 1842.18237 2278.3623 3492.19526 1.9021 876.25 9.3412 3958.8 8.7512 "" "" 0.002818068058796426 0.011905967 0.004477073 0.01638304 307.14071152173 36.22989910766 2022.15442 -0.7000000000000006 -1.508 2.507618951797485 4.238857166290283 0.115819536 0.12181954 "" "" 47.206609959297175 "" 5.6786169655232674 ""
306.84042150975 36.14917294013 0.0363 0.0405 6.0419 "" "" 2057618711539762816 1715.36694 0.5404 0.0515 -7.437 -2.067 0.049 0.051 0.965 5075.8 3.5558 16.830774 2.377638 18.104681 15.727043 "" "" 1563.5011 1888.95276 3488.48653 2.1683 782.61 6.3821 4058.3 8.8748 "" "" 0.0028367605718686824 0.009283289 0.0044633066 0.013746596 306.84042150975 36.14917294013 1715.36694 -7.437000000000001 -2.067 -4.229381048202515 3.679857166290283 0.12081954 0.122819535 "" "" 45.58277360295981 "" 5.546752473028751 ""
306.72809837004 36.25504428835 0.0347 0.041 14.3931 "" "" 2057634929336344448 1997.97498 0.4861 0.0482 -1.384 -4.798 0.044 0.05 0.901 "" "" 16.834291 1.852606 17.745949 15.893343 "" "" 1815.7301 2213.18164 3477.20203 1.9514 1089.0 7.8822 3481.9 6.496 "" "" 0.002821888042732307 0.008339201 0.004287982 0.0126271825 306.72809837004 36.25504428835 1997.97498 -1.3839999999999995 -4.798 1.8236189517974855 0.9488571662902832 0.115819536 0.12181954 "" "" 19.468335296019678 "" 2.2802016029153807 ""
306.77488528525 36.3091619815 0.0473 0.0487 15.7405 "" "" 2057635479094524288 1640.04822 0.5796 0.0609 -2.805 -5.728 0.059 0.059 1.012 "" "" 16.834772 "" "" "" "" "" 1494.02759 1780.44275 3475.66433 9.9562 "" "" "" "" "" "" 0.0041550891651444145 "" "" "" 306.77488528525 36.3091619815 1640.04822 -2.8050000000000006 -5.728 0.4026189517974852 0.018857166290283445 0.13081953 0.13081953 "" "" 3.133321746259509 "" 0.40989967597535504 ""
306.66441119418 35.82988239165 0.0367 0.0435 19.6543 "" "" 2057584489239697152 1943.21936 0.4917 0.0533 -4.844 -9.656 0.048 0.054 1.017 8402.0 4.1922 16.839542 2.255136 18.027905 15.772768 "" "" 1776.59802 2136.82666 3460.42515 2.0696 839.95 6.4579 3890.9 8.7453 "" "" 0.0028308036867296217 0.008801571 0.004498772 0.0133003425 306.66441119418 35.82988239165 1943.21936 -4.843999999999997 -9.656 -1.636381048202515 -3.9091428337097174 0.11981954 0.12581953 "" "" 39.03398994450538 "" 4.877031680459506 ""
306.76062587794 36.26922139409 0.0337 0.0425 14.0649 "" "" 2057634998055813760 1967.51672 0.4925 0.0485 -1.47 -3.723 0.044 0.054 0.941 "" "" 16.841845 1.954728 17.82227 15.867541 "" "" 1794.93054 2157.35156 3453.09514 2.0131 1015.1 6.6739 3565.7 5.9389 "" "" 0.0028270897895745976 0.007664233 0.0041897376 0.011853971 306.76062587794 36.26922139409 1967.51672 -1.4699999999999984 -3.7229999999999985 1.7376189517974854 2.0238571662902833 0.115819536 0.12581953 "" "" 24.876765587913393 "" 3.0269189445077997 ""
307.11572544933 36.33833390868 0.0471 0.0586 18.0565 "" "" 2057626992236672896 2190.11719 0.4256 0.0675 0.761 -0.48 0.064 0.08 1.018 8464.1 3.4627 16.845442 3.95897 19.371616 15.412646 "" "" 1868.08618 2569.65332 3441.6736 3.0674 243.65 7.8534 5421.3 12.553 "" "" 0.0029203022060008 0.03510683 0.0045391647 0.039645996 307.11572544933 36.33833390868 2190.11719 0.7609999999999998 -0.4799999999999998 3.9686189517974855 5.266857166290283 0.13581954 0.15181953 "" "" 68.46033269703852 "" 10.01077823355704 ""
307.19189674092 35.87849263957 0.0399 0.04 17.5136 "" "" 2056848538005297408 1955.03088 0.5014 0.0531 -2.445 -7.316 0.049 0.05 0.991 9260.0 3.7961 16.847733 2.499216 18.199394 15.700178 "" "" 1740.16223 2156.60352 3434.4204 2.2427 717.23 6.5482 4159.9 10.965 "" "" 0.002845076577123151 0.010297805 0.0047406787 0.015038484 307.19189674092 35.87849263957 1955.03088 -2.445 -7.315999999999999 0.7626189517974855 -1.5691428337097166 0.12081954 0.12181954 "" "" 16.167385663240513 "" 1.9664246125331148 ""
306.93767342787 35.97037910734 0.0376 0.0433 6.4726 "" "" 2056841940935012736 1888.05457 0.5206 0.0534 -2.637 -3.483 0.049 0.055 0.987 "" "" 16.851772 1.983432 17.844225 15.860793 "" "" 1709.45056 2156.29175 3421.66486 2.1169 994.78 9.5878 3587.9 9.5641 "" "" 0.0028360174338627896 0.010830035 0.004760263 0.015590299 306.93767342787 35.97037910734 1888.05457 -2.6370000000000005 -3.4829999999999997 0.5706189517974853 2.263857166290283 0.12081954 0.12681954 "" "" 20.893790774617305 "" 2.6424190944467125 ""
307.00137872778 36.33508802936 0.0365 0.0432 15.8222 "" "" 2057630458270189568 1642.51331 0.5711 0.0501 -2.779 -7.943 0.046 0.058 1.023 9446.8 3.9594 16.85183 2.254162 18.034304 15.780142 "" "" 1530.85815 1850.82227 3421.48819 2.1054 835.02 9.8878 3864.6 8.6306 "" "" 0.002835163481281623 0.013155909 0.0044903196 0.017646229 307.00137872778 36.33508802936 1642.51331 -2.7789999999999995 -7.943000000000001 0.42861895179748544 -2.1961428337097164 0.11781953 0.12981954 "" "" 17.42069671463185 "" 2.2542188529635983 ""
306.78744964724 36.13329233321 0.0368 0.0469 7.6044 "" "" 2057598130055913088 1654.3147 0.5797 0.0574 3.589 2.205 0.051 0.056 0.969 "" "" 16.863949 2.052895 17.897701 15.844806 "" "" 1515.6449 1788.82776 3383.50923 2.3938 946.97 7.5991 3641.1 10.702 "" "" 0.0028603916670336695 0.009148515 0.004946474 0.014094989 306.78744964724 36.13329233321 1654.3147 3.5889999999999995 2.204999999999999 6.796618951797486 7.951857166290283 0.122819535 0.12781954 "" "" 82.02700500827059 "" 10.313505471901188 ""
306.82050373219 36.0721162901 0.0378 0.0431 5.2544 "" "" 2057594792859615104 2208.802 0.427 0.0556 -1.497 -3.833 0.051 0.055 0.985 "" "" 16.863995 1.877223 17.787477 15.910255 "" "" 1948.50232 2544.44604 3383.36626 2.0438 1048.2 11.954 3428.1 5.4026 "" "" 0.0028323041586572895 0.01269255 0.0041486826 0.016841233 306.82050373219 36.0721162901 2208.802 -1.4970000000000003 -3.833000000000001 1.7106189517974852 1.913857166290283 0.122819535 0.12681954 "" "" 26.87491332527747 "" 3.3609476790984707 ""
306.97161502074 36.27083469098 0.0348 0.0424 11.7557 "" "" 2057621391599347328 1648.82056 0.58 0.0494 5.692 9.912 0.049 0.054 0.992 5834.5 4.0243 16.864298 2.003063 17.873192 15.870129 "" "" 1495.99927 1838.49756 3382.4189 1.9438 968.59 9.7716 3557.2 10.597 "" "" 0.0028250841819825413 0.011303211 0.004974467 0.016277678 306.97161502074 36.27083469098 1648.82056 5.692 9.912 8.899618951797486 15.658857166290284 0.12081954 0.12581953 "" "" 140.76483763408902 "" 17.541733153428083 ""
306.93709185181 36.27440407336 0.0347 0.0453 11.7911 "" "" 2057623998639359488 1523.9292 0.6266 0.0497 -1.662 -4.872 0.048 0.057 0.979 "" "" 16.874008 2.112506 17.931932 15.819427 "" "" 1433.79358 1638.88721 3352.30639 2.1125 917.58 5.7366 3727.2 16.548 "" "" 0.002838997459705126 0.007338973 0.0061253915 0.013464365 306.93709185181 36.27440407336 1523.9292 -1.662 -4.872 1.5456189517974854 0.8748571662902833 0.11981954 0.12881954 "" "" 12.829080363077589 "" 1.5659729897225094 ""
306.7848391659 36.19936595406 0.0359 0.0442 10.0773 "" "" 2057622761687081088 1551.23657 0.6123 0.0544 -6.149 -4.911 0.049 0.058 0.966 "" "" 16.874565 1.984891 17.868553 15.883662 "" "" 1449.57324 1687.21594 3350.58507 1.9415 972.74 6.6464 3513.1 8.4304 "" "" 0.002826233378829428 0.007925822 0.0045904326 0.012516255 306.7848391659 36.19936595406 1551.23657 -6.148999999999997 -4.910999999999999 -2.9413810482025147 0.8358571662902836 0.12081954 0.12981954 "" "" 22.483866561182154 "" 2.7321284149779577 ""
306.83023937805 35.998122898 0.0404 0.0497 6.7639 "" "" 2057593182253571328 1550.85229 0.614 0.0614 -4.238 -6.82 0.054 0.061 1.009 9304.2 4.0673 16.879505 2.415726 18.166525 15.750799 "" "" 1390.36328 1711.41321 3335.37784 2.2713 739.28 9.8816 3970.4 13.882 "" "" 0.0028527946109742474 0.014778298 0.005356715 0.020135013 306.83023937805 35.998122898 1550.85229 -4.238 -6.82 -1.030381048202515 -1.073142833709717 0.12581953 0.13281953 "" "" 10.936313341759416 "" 1.4163510035525162 ""
307.18130942036 35.98413160107 0.0375 0.0411 13.4934 "" "" 2056863037814915328 1518.64368 0.6367 0.0543 -3.948 -3.944 0.05 0.054 0.98 4733.6 4.2734 16.880241 1.785409 17.744339 15.95893 "" "" 1414.0083 1631.49426 3333.11512 2.3721 1090.6 6.0007 3277.8 7.0134 "" "" 0.002861615626792895 0.006593405 0.0044362806 0.011029685 307.18130942036 35.98413160107 1518.64368 -3.947999999999997 -3.9439999999999995 -0.7403810482025146 1.8028571662902833 0.12181954 0.12581953 "" "" 14.029361193200272 "" 1.7571799239338393 ""
306.57230948492 36.18960612779 0.0388 0.0458 18.5186 "" "" 2057610323461801344 1679.94812 0.5857 0.0548 -1.361 -1.798 0.05 0.06 0.966 4817.5 4.263 16.88144 1.899615 17.825361 15.925746 "" "" 1536.00183 1839.31384 3329.44163 1.9706 1012.2 7.7894 3379.6 9.5951 "" "" 0.002829265701610542 0.008808863 0.004877066 0.013685929 306.57230948492 36.18960612779 1679.94812 -1.3610000000000002 -1.7979999999999996 1.8466189517974854 3.948857166290283 0.12181954 0.13181953 "" "" 34.71288565043411 "" 4.5155122755401536 ""
306.90988381302 36.13563623326 0.0397 0.0478 3.575 "" "" 2057617783826802304 1773.90479 0.5465 0.0569 -0.079 -0.865 0.052 0.06 1.205 "" "" 16.88423 2.179166 17.970778 15.791612 "" "" 1584.13342 1986.66724 3320.89503 2.4912 885.33 7.7908 3824.0 15.089 "" "" 0.002873179224093328 0.009953425 0.0057129553 0.01566638 306.90988381302 36.13563623326 1773.90479 -0.07899999999999979 -0.865 3.128618951797485 4.881857166290283 0.12381954 0.13181953 "" "" 48.75426110359474 "" 6.315696545175177 ""
306.82268730133 36.33847331144 0.0364 0.0424 16.4478 "" "" 2057637059640260480 1627.69373 0.6069 0.0489 -7.498 -4.034 0.047 0.057 0.996 4938.2 4.1838 16.889906 2.179076 18.021303 15.842227 "" "" 1496.12183 1773.40503 3303.57551 2.0143 845.08 7.3371 3649.8 10.013 "" "" 0.0028337335762036323 0.009830774 0.0048120767 0.0146428505 306.82268730133 36.33847331144 1627.69373 -7.4979999999999976 -4.033999999999999 -4.290381048202515 1.7128571662902834 0.118819535 0.12881954 "" "" 35.641908493433604 "" 4.285711315687427 ""
307.20063321636 36.32379396261 0.0351 0.0413 19.7724 "" "" 2056877571984317568 1655.55164 0.5742 0.049 -2.955 -3.256 0.048 0.053 0.99 8083.0 4.188 16.895313 1.901199 17.838743 15.937544 "" "" 1538.26636 1767.17322 3287.16455 2.0825 999.82 6.3982 3343.0 7.7531 "" "" 0.002839879255782408 0.0074873134 0.0045413957 0.012028709 307.20063321636 36.32379396261 1655.55164 -2.955 -3.256000000000001 0.2526189517974853 2.4908571662902834 0.11981954 0.12481953 "" "" 19.646808074889666 "" 2.4513251064700188 ""
306.74665239123 35.93317126574 0.0403 0.0459 12.3901 "" "" 2057591326827800960 2183.98999 0.4494 0.0589 -5.094 -8.07 0.054 0.058 0.955 8484.3 3.5794 16.898306 2.460419 18.231342 15.770924 "" "" 1927.53955 2528.85889 3278.11822 2.1266 696.43 8.2841 3897.5 12.704 "" "" 0.00284392184446939 0.013212893 0.0051776576 0.018390551 306.74665239123 35.93317126574 2183.98999 -5.094 -8.07 -1.886381048202515 -2.323142833709717 0.12581953 0.12981954 "" "" 30.97933650159263 "" 3.9729474874601722 ""
306.91763739226 35.75910257239 0.0376 0.0462 19.1416 "" "" 2056834931548470912 1540.30249 0.6334 0.054 -0.568 -3.426 0.052 0.061 1.028 7170.9 4.2927 16.903633 2.172929 18.034328 15.8614 "" "" 1417.97009 1774.26819 3262.07097 1.9426 835.0 6.979 3585.9 7.5926 "" "" 0.002830166028777938 0.009493933 0.0044236393 0.013917573 306.91763739226 35.75910257239 1540.30249 -0.5679999999999997 -3.426 2.6396189517974853 2.320857166290283 0.12381954 0.13281953 "" "" 25.66182644810338 "" 3.280133386050649 ""
306.89367170729 36.33189023484 0.036 0.043 15.3267 "" "" 2057625136810872448 1561.05688 0.6047 0.0493 -2.164 -4.239 0.048 0.056 1.073 9596.7 4.452 16.90412 2.026671 17.930315 15.903644 "" "" 1466.68262 1697.09521 3260.61278 1.7455 918.95 6.2859 3449.1 7.9718 "" "" 0.0028159568353572444 0.007933595 0.0045366245 0.012470219 306.89367170729 36.33189023484 1561.05688 -2.164 -4.239 1.0436189517974852 1.5078571662902833 0.11981954 0.12781954 "" "" 13.568939113210869 "" 1.6999767979367322 ""
306.53162023092 36.16402671397 0.0388 0.0507 19.9208 "" "" 2057610018525428480 1662.86304 0.5526 0.0567 4.01 2.191 0.051 0.067 1.004 8243.6 4.0868 16.905062 2.368119 18.1768 15.808681 "" "" 1539.87231 1888.3479 3257.7825 2.0063 732.31 7.1995 3764.3 7.842 "" "" 0.002835291977663754 0.0110327555 0.0044045164 0.015437271 306.53162023092 36.16402671397 1662.86304 4.01 2.1910000000000016 7.217618951797485 7.937857166290283 0.122819535 0.13881955 "" "" 84.5627845036284 "" 11.146981226646806 ""
