Clusters/Teutsch_30/Teutsch_30_stars_in_region.tsv
# %ECSV 1.0
# ---
# datatype:
# - name: RA_ICRS_1
#   unit: deg
#   datatype: float64
#   format: '{:15.11f}'
#   description: Right ascension (ICRS) at Ep=2016.0 (ra)
#   meta: !!omap
#   - {ucd: POS_EQ_RA_MAIN}
#   - {width: 15}
#   - {precision: '11'}
# - name: DE_ICRS_1
#   unit: deg
#   datatype: float64
#   format: '{:15.11f}'
#   description: Declination (ICRS) at Ep=2016.0 (dec)
#   meta: !!omap
#   - {ucd: POS_EQ_DEC_MAIN}
#   - {width: 15}
#   - {precision: '11'}
# - name: e_RA_ICRS
#   unit: mas
#   datatype: float64
#   format: '{:7.4f}'
#   description: Standard error of right ascension (ra_error)
#   meta: !!omap
#   - {ucd: ERROR}
#   - {width: 7}
#   - {precision: '4'}
# - name: e_DE_ICRS
#   unit: mas
#   datatype: float64
#   format: '{:7.4f}'
#   description: Standard error of declination (dec_error)
#   meta: !!omap
#   - {ucd: ERROR}
#   - {width: 7}
#   - {precision: '4'}
# - name: _r_1
#   unit: ''
#   datatype: float64
#   format: '{:7.4f}'
#   description: Distance from center (306.92860731000+36.07800594000)[ICRS], at Epoch=J2016.0
#   meta: !!omap
#   - {ucd: POS_ANG_DIST_GENERAL}
#   - {width: 7}
#   - {precision: '4'}
# - name: HIP
#   datatype: int32
#   description: '? HIP cross-id number, van Leeuwen, Cat. I/311 (hip_original_ext_source_id)'
#   meta: !!omap
#   - {ucd: ID_NUMBER}
#   - {width: 6}
#   - values: {'null': -2147483648}
# - name: TYC2
#   datatype: string
#   description: Tycho-2 cross-id name, Hog et al., Cat. I/259 (tyc2_original_ext_source_id)
#   meta: !!omap
#   - {ucd: ID_CROSSID}
#   - {_votable_string_dtype: char}
# - name: Source
#   datatype: int64
#   description: Source identifier, identical to the Gaia-EDR3 source_id (id)
#   meta: !!omap
#   - {ucd: ID_MAIN}
#   - {width: 19}
# - name: rgeo
#   unit: pc
#   datatype: float64
#   format: '{:15.8f}'
#   description: '? Median of the geometric distance posterior (r_med_geo)'
#   meta: !!omap
#   - {ucd: PHYS_DISTANCE_TRUE}
#   - {width: 15}
#   - {precision: '8'}
#   - values: {'null': .nan}
# - name: Plx
#   unit: mas
#   datatype: float64
#   format: '{:9.4f}'
#   description: '? Parallax (parallax)'
#   meta: !!omap
#   - {ucd: POS_PARLX_TRIG}
#   - {width: 9}
#   - {precision: '4'}
#   - values: {'null': .nan}
# - name: e_Plx
#   unit: mas
#   datatype: float32
#   format: '{:7.4f}'
#   description: '? Standard error of parallax (parallax_error)'
#   meta: !!omap
#   - {ucd: ERROR}
#   - {width: 7}
#   - {precision: '4'}
#   - values: {'null': .nan}
# - name: pmRA
#   unit: mas / yr
#   datatype: float64
#   format: '{:9.3f}'
#   description: '? Proper motion in right ascension direction, pmRA*cosDE (pmra)'
#   meta: !!omap
#   - {ucd: POS_EQ_PMRA}
#   - {width: 9}
#   - {precision: '3'}
#   - values: {'null': .nan}
# - name: pmDE
#   unit: mas / yr
#   datatype: float64
#   format: '{:9.3f}'
#   description: '? Proper motion in declination direction (pmdec)'
#   meta: !!omap
#   - {ucd: POS_EQ_PMDEC}
#   - {width: 9}
#   - {precision: '3'}
#   - values: {'null': .nan}
# - name: e_pmRA
#   unit: mas / yr
#   datatype: float32
#   format: '{:6.3f}'
#   description: '? Standard error of proper motion in right ascension direction (pmra_error)'
#   meta: !!omap
#   - {ucd: ERROR}
#   - {width: 6}
#   - {precision: '3'}
#   - values: {'null': .nan}
# - name: e_pmDE
[...]
#         value: !astropy.table.SerializedColumn {name: SkyCoord.dec}
#       distance: !astropy.table.SerializedColumn
#         __class__: astropy.coordinates.distances.Distance
#         unit: !astropy.units.Unit {unit: pc}
#         value: !astropy.table.SerializedColumn {name: SkyCoord.distance}
#       frame: icrs
#       obstime: !astropy.time.Time {format: jyear_str, in_subfmt: '*', jd1: 367701545.0, jd2: 0.0, out_subfmt: '*', precision: 3, scale: tt}
#       pm_dec: !astropy.table.SerializedColumn
#         __class__: astropy.units.quantity.Quantity
#         unit: !astropy.units.Unit {unit: mas / yr}
#         value: !astropy.table.SerializedColumn {name: SkyCoord.pm_dec}
#       pm_ra_cosdec: !astropy.table.SerializedColumn
#         __class__: astropy.units.quantity.Quantity
#         unit: !astropy.units.Unit {unit: mas / yr}
#         value: !astropy.table.SerializedColumn {name: SkyCoord.pm_ra_cosdec}
#       ra: !astropy.table.SerializedColumn
#         __class__: astropy.coordinates.angles.Longitude
#         unit: *id001
#         value: !astropy.table.SerializedColumn {name: SkyCoord.ra}
#         wrap_angle: !astropy.coordinates.Angle
#           unit: *id001
#           value: 360.0
#       representation_type: spherical
# schema: astropy-2.0
RA_ICRS_1 DE_ICRS_1 e_RA_ICRS e_DE_ICRS _r_1 HIP TYC2 Source rgeo Plx e_Plx pmRA pmDE e_pmRA e_pmDE RUWE Teff logg Gmag BP-RP BPmag RPmag RV e_RV b_rgeo B_rgeo FG e_FG FBP e_FBP FRP e_FRP RAVE5 RAVE6 e_Gmag e_BPmag e_RPmag e_BP-RP SkyCoord.ra SkyCoord.dec SkyCoord.distance SkyCoord.pm_ra_cosdec SkyCoord.pm_dec rmRA rmDE e_rmRA e_rmDE rRV e_rRV v_pec v_pec3d e_vpec e_vpec3d
[from data line 222]
306.57348903089 36.00913371619 0.03 0.0399 17.7169 "" "" 2057590536553934208 1942.29236 0.4681 0.0451 -0.002 -5.196 0.041 0.053 1.143 "" "" 16.144371 2.940693 17.649416 14.708723 "" "" 1802.10132 2135.40527 6564.44528 13.793 1190.3 48.7 10367.0 114.07 "" "" 0.003577175114534717 0.04450941 0.012530118 0.05703953 306.57348903089 36.00913371619 1942.29236 -0.002000000000000668 -5.195999999999996 3.2056189517974856 0.5508571662902835 0.11281954 0.12481953 "" "" 29.944992680474805 "" 3.3892177034541904 ""
306.9039954285 36.17194355381 0.0268 0.0321 5.7611 "" "" 2057618986417657856 1918.81812 0.4979 0.0379 -3.102 -5.771 0.036 0.042 1.164 8098.2 3.8249 16.148527 1.740146 16.97999 15.239844 "" "" 1805.18555 2049.48438 6539.36971 2.6561 2205.1 8.622 6356.5 10.81 "" "" 0.0027903880117828798 0.005080084 0.0042063068 0.009286391 306.9039954285 36.17194355381 1918.81812 -3.102 -5.771 0.10561895179748548 -0.024142833709716705 0.107819535 0.11381954 "" "" 0.9854024414628826 "" 0.10654696274679604 ""
306.67492776918 35.95309379451 0.0279 0.0329 14.4133 "" "" 2057592254540738176 1554.9342 0.6235 0.0412 -3.245 -5.721 0.037 0.039 1.075 7997.2 3.8669 16.151644 1.776569 17.0052 15.22863 "" "" 1450.85828 1643.85315 6520.62184 3.0498 2154.5 8.3718 6422.5 10.229 "" "" 0.0028017256836806626 0.0050580585 0.0041561965 0.009214255 306.67492776918 35.95309379451 1554.9342 -3.245 -5.721 -0.037381048202514755 0.025857166290283118 0.10881954 0.11081953 "" "" 0.33500305657005897 "" 0.036673049039300444 ""
306.83919586877 36.33512675959 0.0263 0.0304 16.023 "" "" 2057625304308231424 1855.88464 0.517 0.0356 -2.708 -8.016 0.033 0.04 1.079 8476.1 3.9714 16.153791 2.185245 17.2872 15.101956 "" "" 1745.64319 1995.27612 6507.73431 2.9145 1661.6 7.4218 7217.3 10.819 "" "" 0.0027978969404524375 0.0055949795 0.004114933 0.009709912 306.83919586877 36.33512675959 1855.88464 -2.708 -8.016 0.49961895179748517 -2.269142833709717 0.104819536 0.111819535 "" "" 20.439535991187675 "" 2.279121967771168 ""
306.74347092579 35.85524210886 0.0273 0.0301 16.1082 "" "" 2056834381792689152 1534.97302 0.6242 0.0376 -8.445 -12.636 0.037 0.037 0.975 7495.8 3.9695 16.155577 2.11725 17.244226 15.126976 "" "" 1457.08557 1626.53271 6497.04352 2.8801 1728.7 10.856 7052.9 11.778 "" "" 0.00279704117597593 0.007367084 0.004191796 0.011558879 306.74347092579 35.85524210886 1534.97302 -8.445 -12.636 -5.237381048202515 -6.889142833709716 0.10881954 0.10881954 "" "" 62.96399936540103 "" 6.851713250095829 ""
307.1014918475 36.02505159719 0.0273 0.0315 8.9682 "" "" 2056862900375993856 1547.7085 0.6056 0.0384 2.147 -5.922 0.035 0.038 0.977 8883.2 3.6802 16.167936 1.964673 17.141304 15.176631 "" "" 1466.87146 1651.53149 6423.51271 3.2746 1900.6 9.2529 6737.6 15.753 "" "" 0.0028103631215357808 0.005977025 0.0045527862 0.010529811 307.1014918475 36.02505159719 1547.7085 2.146999999999999 -5.922 5.354618951797486 -0.1751428337097165 0.10681954 0.10981953 "" "" 39.30323277556187 "" 4.198481035333915 ""
307.1986702972 35.97041130961 0.0277 0.0286 14.6089 "" "" 2056851286784385920 1813.70007 0.5224 0.0382 -2.498 -8.104 0.036 0.036 1.039 "" "" 16.178818 2.15398 17.289398 15.135418 "" "" 1689.25012 1981.19971 6359.44589 3.1052 1658.3 11.698 6998.3 10.843 "" "" 0.0028058587017363488 0.008151412 0.0041368552 0.012288267 307.1986702972 35.97041130961 1813.70007 -2.498 -8.104 0.7096189517974851 -2.357142833709716 0.107819535 0.107819535 "" "" 21.162584572159705 "" 2.281740024544319 ""
306.92564481288 36.09114118523 0.027 0.0335 0.8011 "" "" 2057617474589140352 1923.05164 0.4963 0.038 -0.861 -3.906 0.037 0.044 1.033 8647.5 4.056 16.188404 2.179145 17.312355 15.13321 "" "" 1800.92688 2031.64697 6303.55195 3.1483 1623.6 11.601 7012.5 12.962 "" "" 0.002808174758417462 0.008244337 0.0042791744 0.012523511 306.92564481288 36.09114118523 1923.05164 -0.8609999999999991 -3.906000000000002 2.3466189517974856 1.840857166290283 0.10881954 0.115819536 "" "" 27.186383180267104 "" 3.0323161235076226 ""
306.91915409382 36.40725201441 0.0244 0.0305 19.7601 "" "" 2057626030164083200 2048.23657 0.4563 0.0333 -1.582 -3.93 0.032 0.041 0.998 9224.8 3.6005 16.189816 2.323927 17.416822 15.092895 "" "" 1916.39453 2182.74561 6295.36262 3.8687 1474.6 7.5617 7277.8 13.454 "" "" 0.00283495520365484 0.006227634 0.0042792875 0.010506921 306.91915409382 36.40725201441 2048.23657 -1.5819999999999987 -3.9299999999999997 1.6256189517974853 1.816857166290283 0.103819534 0.11281954 "" "" 23.66919557289565 "" 2.5778081972852758 ""
307.26824404256 36.08006496076 0.0462 0.0527 16.4702 "" "" 2056869703604156544 1886.16248 0.4838 0.0657 -4.246 -8.627 0.063 0.067 1.14 "" "" 16.191053 3.479938 18.320198 14.84026 "" "" 1686.91235 2132.25269 6288.19043 4.7102 641.71 9.9299 9184.5 12.022 "" "" 0.0028728395724505426 0.017030926 0.0040377527 0.02106868 307.26824404256 36.08006496076 1886.16248 -4.246 -8.627000000000002 -1.038381048202515 -2.8801428337097175 0.13481954 0.13881955 "" "" 27.37205227697451 "" 3.787342438686606 ""
307.06863355281 35.82760355945 0.0271 0.0313 16.4918 "" "" 2056825448260721024 1616.57251 0.5944 0.0386 -4.669 -4.894 0.036 0.042 0.968 "" "" 16.19582 2.124587 17.28563 15.161042 "" "" 1506.37341 1720.22314 6260.64033 2.7537 1664.0 6.3334 6835.0 7.9134 "" "" 0.0027963989149883896 0.0049862023 0.003982948 0.0089691505 307.06863355281 35.82760355945 1616.57251 -4.669 -4.894 -1.4613810482025142 0.8528571662902831 0.107819535 0.11381954 "" "" 12.965348609257772 "" 1.418085926675567 ""
307.11017707956 36.30034442645 0.0248 0.0296 15.9772 "" "" 2057626300741838592 1633.5177 0.5916 0.0339 -4.514 -7.233 0.035 0.038 0.968 6767.0 3.9621 16.196587 1.963738 17.180977 15.217238 "" "" 1544.9447 1740.87195 6256.21919 2.7961 1832.4 9.2214 6490.3 9.2151 "" "" 0.0027977234309946 0.006135063 0.004081682 0.010216745 307.11017707956 36.30034442645 1633.5177 -4.514 -7.232999999999999 -1.3063810482025149 -1.4861428337097164 0.10681954 0.10981953 "" "" 15.320821207479806 "" 1.6626469626738285 ""
306.84077926897 36.06392724324 0.0282 0.0321 4.3424 "" "" 2057594006887294848 2005.35779 0.4781 0.04 0.071 -1.843 0.039 0.041 1.026 "" "" 16.198627 1.716641 17.015942 15.2993 "" "" 1816.66882 2149.41406 6244.47101 2.9148 2133.2 10.605 6017.8 13.534 "" "" 0.0028015418200877237 0.0060761417 0.0044995765 0.010575718 306.84077926897 36.06392724324 2005.35779 0.0710000000000004 -1.8430000000000004 3.2786189517974855 3.9038571662902832 0.11081953 0.11281954 "" "" 48.45835833384949 "" 5.427174220096447 ""
307.06473865698 36.0808498906 0.0271 0.0313 6.6035 "" "" 2056867676379651584 2195.4834 0.4382 0.0381 -2.599 -4.292 0.036 0.039 1.049 "" "" 16.224615 1.747417 17.056322 15.308905 "" "" 2019.9436 2378.56152 6096.77903 2.6688 2055.4 10.046 5964.8 9.7476 "" "" 0.0027960097377621655 0.005995471 0.004175147 0.010170618 307.06473865698 36.0808498906 2195.4834 -2.599 -4.292 0.6086189517974852 1.4548571662902834 0.107819535 0.11081953 "" "" 16.411515881723176 "" 1.8114683693534883 ""
306.81977386766 36.33933795127 0.0261 0.0293 16.5415 "" "" 2057637059640260864 1556.34424 0.6163 0.0345 0.257 -5.398 0.033 0.038 0.956 6388.7 4.1036 16.225573 1.890599 17.157892 15.267293 "" "" 1481.00562 1644.68774 6091.40555 2.7253 1871.8 6.8576 6197.9 12.922 "" "" 0.0027978119082148426 0.004858756 0.0044054333 0.00926419 306.81977386766 36.33933795127 1556.34424 0.25700000000000145 -5.398000000000001 3.4646189517974855 0.3488571662902835 0.104819536 0.10981953 "" "" 25.687982484127897 "" 2.6939219819732756 ""
306.67025069513 36.09310884701 0.027 0.0339 12.56 "" "" 2057597060602645504 1882.23926 0.5058 0.0405 1.573 -2.749 0.038 0.043 0.977 7150.5 3.8424 16.228582 2.048059 17.267488 15.219429 "" "" 1769.15417 2042.24841 6074.54644 2.7661 1692.1 8.3866 6477.2 13.194 "" "" 0.002799325022962629 0.0060616033 0.0043789335 0.010440537 306.67025069513 36.09310884701 1882.23926 1.5729999999999995 -2.7489999999999997 4.780618951797486 2.997857166290283 0.10981953 0.11481954 "" "" 50.34422862633414 "" 5.60097322793787 ""
306.74864791786 36.20084871765 0.0257 0.0309 11.4176 "" "" 2057599332646765824 1946.54175 0.4824 0.0379 -0.684 -3.793 0.035 0.038 1.023 "" "" 16.230684 1.753655 17.067509 15.313853 "" "" 1827.86914 2111.85767 6062.79719 2.8391 2034.3 9.8637 5937.7 12.873 "" "" 0.0028018371415770922 0.0059581026 0.004452473 0.010410575 306.74864791786 36.20084871765 1946.54175 -0.6840000000000012 -3.7930000000000006 2.523618951797485 1.953857166290283 0.10681954 0.10981953 "" "" 29.447497038888343 "" 3.1789643753476313 ""
306.77164993037 35.92736172257 0.0292 0.0324 11.8212 "" "" 2057591498626492288 1999.39941 0.4766 0.0405 -3.888 -1.175 0.04 0.04 1.043 "" "" 16.231842 2.07514 17.286966 15.211826 "" "" 1828.71069 2254.92529 6056.34015 2.9561 1662.0 5.1512 6522.7 12.393 "" "" 0.0028058214779768885 0.0043714 0.0043057157 0.008677116 306.77164993037 35.92736172257 1999.39941 -3.888 -1.1750000000000003 -0.6803810482025145 4.571857166290283 0.111819535 0.111819535 "" "" 43.805362614696534 "" 4.898295299715059 ""
307.04394670793 36.27244792752 0.0253 0.0306 12.935 "" "" 2057620532605866624 1650.87 0.5772 0.0361 -1.367 -4.885 0.034 0.039 0.934 "" "" 16.236105 1.775269 17.089218 15.31395 "" "" 1555.44214 1756.41138 6032.5985 2.6245 1994.0 10.567 5937.2 15.114 "" "" 0.0027955154308121743 0.0063945814 0.0046821856 0.011076767 307.04394670793 36.27244792752 1650.87 -1.3670000000000002 -4.885000000000003 1.8406189517974854 0.8618571662902834 0.10581954 0.11081953 "" "" 15.90383193455244 "" 1.697510371953502 ""
306.70796382217 36.07565859476 0.0269 0.0339 10.7007 "" "" 2057596274630045056 1611.47803 0.6055 0.0414 -2.473 -5.082 0.037 0.042 0.987 "" "" 16.242716 1.654349 17.023535 15.369185 "" "" 1514.39648 1741.8501 5995.97899 2.7327 2118.4 6.6201 5642.7 9.4401 "" "" 0.002799401064825213 0.004392874 0.0041932175 0.008586092 306.70796382217 36.07565859476 1611.47803 -2.4729999999999985 -5.081999999999997 0.7346189517974855 0.6648571662902834 0.10881954 0.11381954 "" "" 7.568191951207083 "" 0.840816792865541 ""
307.02112242467 36.10487703821 0.0263 0.0305 4.7665 "" "" 2056867092264115072 1899.52673 0.4883 0.037 -2.72 -5.464 0.035 0.038 0.979 9003.9 3.5361 16.25414 2.108985 17.329645 15.22066 "" "" 1794.47266 2026.30298 5933.22346 2.7548 1597.9 6.9305 6469.8 11.35 "" "" 0.002801055943496734 0.005473647 0.004232216 0.009705863 307.02112242467 36.10487703821 1899.52673 -2.72 -5.464 0.48761895179748516 0.2828571662902828 0.10681954 0.10981953 "" "" 5.075599166706818 "" 0.5460468334186416 ""
307.14136192519 35.99919239922 0.0325 0.0373 11.3539 "" "" 2056861869583826304 2217.80249 0.413 0.0467 0.386 -0.387 0.042 0.046 1.134 8898.2 3.6426 16.262754 2.723878 17.791485 15.067607 "" "" 2019.10535 2474.39893 5886.33447 3.6679 1044.3 10.497 7449.3 11.506 "" "" 0.0028371645919031472 0.011264528 0.004134738 0.015399266 307.14136192519 35.99919239922 2217.80249 0.386 -0.387 3.5936189517974855 5.359857166290283 0.11381954 0.11781953 "" "" 67.83719219453111 "" 7.909391455973391 ""
306.90227451013 36.34467514906 0.0387 0.0483 16.0509 "" "" 2057625583487472128 1505.34912 0.6368 0.0531 -5.522 -8.064 0.05 0.063 1.53 6377.0 4.2841 16.266972 1.581142 16.987743 15.406601 "" "" 1397.73706 1635.56079 5863.51694 3.452 2189.4 7.118 5451.5 9.8116 "" "" 0.0028284918713158943 0.004499438 0.0042546745 0.008754113 306.90227451013 36.34467514906 1505.34912 -5.522000000000001 -8.064 -2.314381048202515 -2.317142833709717 0.12181954 0.13481954 "" "" 23.368162383837827 "" 3.0026173271959107 ""
307.0173940633 36.2354865371 0.0264 0.0317 10.3818 "" "" 2057620360807172992 1874.93628 0.4965 0.0367 0.313 -3.873 0.035 0.04 1.062 9064.2 3.7696 16.267855 2.608177 17.707869 15.099691 "" "" 1740.21106 2016.40076 5858.74777 2.8325 1127.9 8.2644 7232.4 10.901 "" "" 0.00280487534713985 0.008430557 0.0041184663 0.012549024 307.0173940633 36.2354865371 1874.93628 0.31299999999999994 -3.8729999999999984 3.5206189517974855 1.873857166290283 0.10681954 0.111819535 "" "" 35.44432319472268 "" 3.82597484591836 ""
306.98064606926 35.92449143192 0.0285 0.032 9.551 "" "" 2056838642400125440 1561.0636 0.6128 0.0386 -1.277 -3.679 0.037 0.04 0.977 6820.1 3.9369 16.268326 2.119835 17.3608 15.240965 "" "" 1471.60986 1653.23938 5856.20496 2.7897 1552.7 7.5652 6350.0 9.5801 "" "" 0.0028034432223249923 0.0059807473 0.004119084 0.010099832 306.98064606926 35.92449143192 1561.0636 -1.2769999999999997 -3.6789999999999976 1.9306189517974854 2.0678571662902834 0.10881954 0.111819535 "" "" 20.93312687446933 "" 2.3116980075876117 ""
306.83245681593 36.09794671079 0.0292 0.0324 4.8131 "" "" 2057594934600235904 1695.10339 0.5556 0.0428 -7.845 -10.047 0.038 0.039 0.942 "" "" 16.272985 2.249697 17.456522 15.206825 "" "" 1598.50891 1820.76489 5831.12496 2.8592 1421.7 8.0113 6552.8 9.4884 "" "" 0.002806280636205946 0.006724335 0.004093329 0.010817664 306.83245681593 36.09794671079 1695.10339 -7.845000000000003 -10.047 -4.637381048202514 -4.300142833709717 0.10981953 0.11081953 "" "" 50.81427093819622 "" 5.603949235715062 ""
307.25972744266 36.12685333002 0.037 0.0415 16.3174 "" "" 2056870081562146688 1704.24646 0.5329 0.05 -3.518 -5.645 0.048 0.052 1.047 8924.2 3.5582 16.29093 3.035747 18.06491 15.029163 "" "" 1579.77661 1861.96252 5735.54321 3.3239 811.81 5.831 7717.8 8.3774 "" "" 0.002826251653556346 0.008282643 0.0039588707 0.0122415135 307.25972744266 36.12685333002 1704.24646 -3.518 -5.645 -0.31038104820251444 0.10185716629028363 0.11981954 0.12381954 "" "" 2.6388572748378123 "" 0.3172283100315411 ""
307.10512458028 35.86768403754 0.0291 0.0324 15.255 "" "" 2056849053401394176 1610.69885 0.594 0.0399 -1.033 -4.871 0.036 0.041 0.96 8800.4 3.6233 16.294043 2.066126 17.340796 15.27467 "" "" 1520.70972 1711.11267 5719.12234 2.6358 1581.6 8.6962 6155.9 9.1717 "" "" 0.0028003889182467816 0.006589623 0.0041110213 0.010700645 307.10512458028 35.86768403754 1610.69885 -1.033 -4.871 2.1746189517974854 0.8758571662902828 0.107819535 0.11281954 "" "" 17.898627963016434 "" 1.9425604790190343 ""
306.63810536981 35.90896554555 0.0322 0.0363 17.3709 "" "" 2057586241586628224 1602.62683 0.6067 0.0448 -3.244 -5.215 0.045 0.048 1.108 9259.5 3.8977 16.295486 1.969727 17.276407 15.306681 "" "" 1502.83777 1691.35889 5711.52702 3.1199 1678.2 8.6435 5977.0 9.3532 "" "" 0.002818427294685711 0.0062494767 0.004143722 0.010393199 306.63810536981 35.90896554555 1602.62683 -3.2440000000000024 -5.215 -0.036381048202514865 0.5318571662902833 0.11681954 0.11981954 "" "" 4.049668234981497 "" 0.485173495865996 ""
306.86679842754 36.12404300349 0.0287 0.0329 4.0753 "" "" 2057618432359627776 2199.02344 0.4241 0.0398 -2.478 -5.452 0.039 0.043 1.072 8031.4 3.6693 16.302101 2.150598 17.406551 15.255954 "" "" 2043.09021 2423.95752 5676.83748 2.6944 1488.7 8.3883 6262.9 11.488 "" "" 0.002803096090757676 0.0067239725 0.004272006 0.0109959785 306.86679842754 36.12404300349 2199.02344 -2.4780000000000006 -5.452 0.7296189517974851 0.29485716629028325 0.11081953 0.11481954 "" "" 8.202633883046076 "" 0.9136894052350554 ""
306.94689455597 35.95526473342 0.0347 0.0404 7.4178 "" "" 2056841872215535104 1525.52551 0.6058 0.0489 -2.247 -5.665 0.046 0.051 1.206 8427.6 3.3429 16.314417 1.956369 17.277264 15.320894 "" "" 1441.95251 1662.40747 5612.80413 3.1913 1676.9 9.0743 5899.3 8.0874 "" "" 0.0028236282274262236 0.00650417 0.00406192 0.01056609 306.94689455597 35.95526473342 1525.52551 -2.2469999999999986 -5.665000000000002 0.9606189517974855 0.08185716629028317 0.11781953 0.122819535 "" "" 6.971400429380432 "" 0.8216237138156768 ""
