Clusters/Collinder_104/Collinder_104_members.tsv
# %ECSV 1.0
# ---
# datatype:
# - name: RA_ICRS_1
#   unit: deg
#   datatype: float64
#   format: '{:15.11f}'
#   description: Right ascension (ICRS) at Ep=2016.0 (ra)
#   meta: !!omap
#   - {ucd: POS_EQ_RA_MAIN}
#   - {width: 15}
#   - {precision: '11'}
# - name: DE_ICRS_1
#   unit: deg
#   datatype: float64
#   format: '{:15.11f}'
#   description: Declination (ICRS) at Ep=2016.0 (dec)
#   meta: !!omap
#   - {ucd: POS_EQ_DEC_MAIN}
#   - {width: 15}
#   - {precision: '11'}
# - name: e_RA_ICRS
#   unit: mas
#   datatype: float64
#   format: '{:7.4f}'
#   description: Standard error of right ascension (ra_error)
#   meta: !!omap
#   - {ucd: ERROR}
#   - {width: 7}
#   - {precision: '4'}
# - name: e_DE_ICRS
#   unit: mas
#   datatype: float64
#   format: '{:7.4f}'
#   description: Standard error of declination (dec_error)
#   meta: !!omap
#   - {ucd: ERROR}
#   - {width: 7}
#   - {precision: '4'}
# - name: _r_1
#   unit: ''
#   datatype: float64
#   format: '{:7.4f}'
#   description: Distance from center (099.15710650000+04.81549414000)[ICRS], at Epoch=J2016.0
#   meta: !!omap
#   - {ucd: POS_ANG_DIST_GENERAL}
#   - {width: 7}
#   - {precision: '4'}
# - name: HIP
#   datatype: int32
#   description: '? HIP cross-id number, van Leeuwen, Cat. I/311 (hip_original_ext_source_id)'
#   meta: !!omap
#   - {ucd: ID_NUMBER}
#   - {width: 6}
#   - values: {'null': -2147483648}
# - name: TYC2
#   datatype: string
#   description: Tycho-2 cross-id name, Hog et al., Cat. I/259 (tyc2_original_ext_source_id)
#   meta: !!omap
#   - {ucd: ID_CROSSID}
#   - {_votable_string_dtype: char}
# - name: Source
#   datatype: int64
#   description: Source identifier, identical to the Gaia-EDR3 source_id (id)
#   meta: !!omap
#   - {ucd: ID_MAIN}
#   - {width: 19}
# - name: rgeo
#   unit: pc
#   datatype: float64
#   format: '{:15.8f}'
#   description: '? Median of the geometric distance posterior (r_med_geo)'
#   meta: !!omap
#   - {ucd: PHYS_DISTANCE_TRUE}
#   - {width: 15}
#   - {precision: '8'}
#   - values: {'null': .nan}
# - name: Plx
#   unit: mas
#   datatype: float64
#   format: '{:9.4f}'
#   description: '? Parallax (parallax)'
#   meta: !!omap
#   - {ucd: POS_PARLX_TRIG}
#   - {width: 9}
#   - {precision: '4'}
#   - values: {'null': .nan}
# - name: e_Plx
#   unit: mas
#   datatype: float32
#   format: '{:7.4f}'
#   description: '? Standard error of parallax (parallax_error)'
#   meta: !!omap
#   - {ucd: ERROR}
#   - {width: 7}
#   - {precision: '4'}
#   - values: {'null': .nan}
# - name: pmRA
#   unit: mas / yr
#   datatype: float64
#   format: '{:9.3f}'
#   description: '? Proper motion in right ascension direction, pmRA*cosDE (pmra)'
#   meta: !!omap
#   - {ucd: POS_EQ_PMRA}
#   - {width: 9}
#   - {precision: '3'}
#   - values: {'null': .nan}
# - name: pmDE
#   unit: mas / yr
#   datatype: float64
#   format: '{:9.3f}'
#   description: '? Proper motion in declination direction (pmdec)'
#   meta: !!omap
#   - {ucd: POS_EQ_PMDEC}
#   - {width: 9}
#   - {precision: '3'}
#   - values: {'null': .nan}
# - name: e_pmRA
#   unit: mas / yr
#   datatype: float32
#   format: '{:6.3f}'
#   description: '? Standard error of proper motion in right ascension direction (pmra_error)'
#   meta: !!omap
#   - {ucd: ERROR}
#   - {width: 6}
#   - {precision: '3'}
#   - values: {'null': .nan}
# - name: e_pmDE
[...]
#       distance: !astropy.table.SerializedColumn
#         __class__: astropy.coordinates.distances.Distance
#         unit: !astropy.units.Unit {unit: pc}
#         value: !astropy.table.SerializedColumn {name: SkyCoord.distance}
#       frame: icrs
#       obstime: !astropy.time.Time {format: jyear_str, in_subfmt: '*', jd1: 367701545.0, jd2: 0.0, out_subfmt: '*', precision: 3, scale: tt}
#       pm_dec: !astropy.table.SerializedColumn
#         __class__: astropy.units.quantity.Quantity
#         unit: !astropy.units.Unit {unit: mas / yr}
#         value: !astropy.table.SerializedColumn {name: SkyCoord.pm_dec}
#       pm_ra_cosdec: !astropy.table.SerializedColumn
#         __class__: astropy.units.quantity.Quantity
#         unit: !astropy.units.Unit {unit: mas / yr}
#         value: !astropy.table.SerializedColumn {name: SkyCoord.pm_ra_cosdec}
#       ra: !astropy.table.SerializedColumn
#         __class__: astropy.coordinates.angles.Longitude
#         unit: *id001
#         value: !astropy.table.SerializedColumn {name: SkyCoord.ra}
#         wrap_angle: !astropy.coordinates.Angle
#           unit: *id001
#           value: 360.0
#       representation_type: spherical
# schema: astropy-2.0
RA_ICRS_1 DE_ICRS_1 e_RA_ICRS e_DE_ICRS _r_1 HIP TYC2 Source rgeo Plx e_Plx pmRA pmDE e_pmRA e_pmDE RUWE Teff logg Gmag BP-RP BPmag RPmag RV e_RV b_rgeo B_rgeo FG e_FG FBP e_FBP FRP e_FRP RAVE5 RAVE6 e_Gmag e_BPmag e_RPmag e_BP-RP SkyCoord.ra SkyCoord.dec SkyCoord.distance SkyCoord.pm_ra_cosdec SkyCoord.pm_dec rmRA rmDE e_rmRA e_rmDE rRV e_rRV v_pec v_pec3d e_vpec e_vpec3d Pmemb
[from data line 32]
99.29323060963 4.79209517006 0.033 0.0311 8.259 "" "" 3130904135130434816 1527.68726 0.6248 0.0381 -1.522 1.158 0.039 0.038 1.02 6112.2 4.3342 15.638103 1.135939 16.11691 14.980972 "" "" 1451.04309 1600.03992 10464.18781 4.6652 4882.6 16.388 8068.1 17.251 "" "" 0.0027975154238610257 0.004589668 0.0044354317 0.0090251 99.29323060963 4.79209517006 1527.68726 -1.5220000000000005 1.1580000000000006 -0.09669224929809572 0.536865361213684 0.190825 0.189825 "" "" 3.950118727150142 "" 0.7499557055204292 "" 0.94
99.2210630763 4.86604928967 0.04 0.0364 4.8807 "" "" 3130953918093766656 1554.26135 0.605 0.0433 -1.385 0.866 0.049 0.04 1.049 5429.1 4.2438 15.660296 1.332528 16.245428 14.9129 "" "" 1462.44507 1668.8584 10252.46762 8.5084 4337.6 27.141 8590.1 33.48 "" "" 0.002898906950142188 0.0073442627 0.005673688 0.013017951 99.2210630763 4.86604928967 1554.26135 -1.385 0.8660000000000004 0.04030775070190429 0.24486536121368407 0.20082499 0.191825 "" "" 1.8282496097644598 "" 0.35114798681734904 "" 0.97
99.17158403289 4.74240782063 0.0341 0.0314 4.4698 "" "" 3130880976666842240 1481.10022 0.6334 0.0391 -1.416 0.687 0.041 0.036 1.013 7627.8 4.3696 15.736394 1.349295 16.332186 14.982891 "" "" 1411.01843 1562.02563 9558.48865 5.0381 4004.4 17.963 8053.8 17.797 "" "" 0.0028141221789992547 0.0056130174 0.0044766045 0.010089622 99.17158403289 4.74240782063 1481.10022 -1.415999999999999 0.6869999999999999 0.009307750701904371 0.06586536121368414 0.19282499 0.187825 "" "" 0.46699640609303994 "" 0.08775990989763484 "" 0.99
99.1725938418 4.72886627664 0.0401 0.0369 5.2795 "" "" 3130880186392864000 1397.9165 0.6722 0.0461 -1.418 0.651 0.046 0.041 1.193 6754.7 4.1581 15.752555 1.694896 16.550095 14.855199 "" "" 1307.42773 1485.92371 9417.26671 8.3267 3276.3 12.143 9059.0 21.782 "" "" 0.002917772138653943 0.004896761 0.0045933654 0.009490127 99.1725938418 4.72886627664 1397.9165 -1.418 0.6510000000000006 0.00730775070190437 0.029865361213684105 0.197825 0.19282499 "" "" 0.20372967098260727 "" 0.03934241898639661 "" 0.99
99.28431785184 4.75519771568 0.0332 0.0314 8.4226 "" "" 3130903928972025088 1324.28906 0.7217 0.0368 -1.345 0.272 0.039 0.034 1.069 8077.8 4.4048 15.771516 1.603253 16.515074 14.91182 "" "" 1263.65637 1380.90625 9254.22906 6.5134 3383.7 14.576 8598.6 24.656 "" "" 0.002859326865875813 0.005446074 0.0048965584 0.010342632 99.28431785184 4.75519771568 1324.28906 -1.345 0.272 0.08030775070190432 -0.3491346387863159 0.190825 0.18582499 "" "" 2.248792985760176 "" 0.4184541575544462 "" 0.93
99.07208675962 4.64262542137 0.0348 0.0328 11.551 "" "" 3130877884290461824 1626.12988 0.5761 0.0392 -1.589 0.558 0.042 0.038 1.114 "" "" 15.799949 1.502816 16.48225 14.979434 "" "" 1531.72107 1738.75244 9015.02945 12.724 3487.5 24.481 8079.5 41.266 "" "" 0.0031527976429206214 0.008116157 0.0067108185 0.014826976 99.07208675962 4.64262542137 1626.12988 -1.589 0.558 -0.16369224929809567 -0.06313463878631587 0.19382499 0.189825 "" "" 1.3523088404978958 "" 0.2614170940963597 "" 0.98
99.12418920196 4.79207784972 0.037 0.0343 2.4181 "" "" 3130928324386656384 1440.7915 0.6619 0.0415 -1.329 0.654 0.048 0.04 0.974 "" "" 15.859565 1.452089 16.513603 15.061514 "" "" 1364.51697 1512.83813 8533.37474 4.6774 3388.2 13.781 7491.2 16.761 "" "" 0.002818858435223987 0.0052236696 0.004492772 0.009716442 99.12418920196 4.79207784972 1440.7915 -1.329 0.654 0.09630775070190434 0.03286536121368411 0.19982499 0.191825 "" "" 0.6949621188065843 "" 0.1383013240269251 "" 0.99
99.14300734585 5.00363046036 0.0374 0.0348 11.3196 "" "" 3130959213791002496 1699.45081 0.5565 0.0442 -1.431 0.864 0.048 0.039 1.033 5208.9 4.243 15.907076 1.559859 16.628658 15.068799 "" "" 1578.16479 1854.15283 8168.01474 10.986 3047.6 21.209 7441.1 31.202 "" "" 0.0031183838010749236 0.00805461 0.0059169973 0.013971608 99.14300734585 5.00363046036 1699.45081 -1.4310000000000003 0.864 -0.005692249298095753 0.24286536121368407 0.19982499 0.190825 "" "" 1.9569141417421552 "" 0.373438039463305 "" 0.95
99.04045265241 4.82850973588 0.0408 0.0367 7.018 "" "" 3130929664416120448 1721.81458 0.5408 0.0474 -1.46 0.502 0.052 0.046 1.035 "" "" 16.058245 1.56325 16.781033 15.217783 "" "" 1605.4165 1851.21497 7106.38595 4.1297 2648.5 13.493 6487.0 16.562 "" "" 0.0028266385705007684 0.00619525 0.004686972 0.010882222 99.04045265241 4.82850973588 1721.81458 -1.4599999999999993 0.502 -0.03469224929809567 -0.11913463878631592 0.203825 0.197825 "" "" 1.01269190440817 "" 0.20081737179423323 "" 0.98
99.18436438144 4.72884412365 0.0455 0.0414 5.4485 "" "" 3130880220752599168 1722.74475 0.5534 0.051 -1.492 0.582 0.054 0.046 1.062 6383.3 4.0757 16.10071 1.777882 16.959023 15.181141 "" "" 1592.28455 1907.54504 6833.81037 10.591 2248.1 12.25 6709.7 29.148 "" "" 0.003228491837485182 0.0065411604 0.006044016 0.012585176 99.18436438144 4.72884412365 1722.74475 -1.4920000000000007 0.5819999999999997 -0.0666922492980957 -0.039134638786315956 0.205825 0.197825 "" "" 0.6314329069116196 "" 0.12868971927967177 "" 0.99
99.06761839944 4.99730881298 0.0437 0.0401 12.15 "" "" 3130959694827373952 1535.10278 0.6382 0.0459 -1.579 0.869 0.051 0.045 1.007 6168.4 4.3064 16.14672 1.540876 16.851067 15.31019 "" "" 1430.94543 1640.47949 6550.25428 5.6523 2483.1 22.719 5957.7 23.436 "" "" 0.002910251409351182 0.010318294 0.005703081 0.016021375 99.06761839944 4.99730881298 1535.10278 -1.5790000000000002 0.869 -0.15369224929809566 0.24786536121368408 0.202825 0.196825 "" "" 2.1221436287371427 "" 0.42126551096728954 "" 0.96
99.17285017265 4.82429456324 0.0516 0.047 1.0793 "" "" 3130951895166800640 1719.75781 0.553 0.0512 -1.325 0.79 0.06 0.052 1.019 6031.3 4.463 16.213951 1.348445 16.80962 15.461175 "" "" 1586.45728 1899.3252 6156.95598 4.0522 2579.7 12.862 5184.3 22.982 "" "" 0.0028464732402861273 0.0060900794 0.006119588 0.012209667 99.17285017265 4.82429456324 1719.75781 -1.325 0.7900000000000006 0.10030775070190434 0.16886536121368412 0.211825 0.203825 "" "" 1.6010715131542967 "" 0.32972707895482045 "" 0.9
99.07820553664 4.86817157257 0.0436 0.0393 5.6781 "" "" 3130953200836874112 1653.82812 0.592 0.0502 -1.599 0.55 0.054 0.046 0.934 9531.1 4.3623 16.244137 1.605485 16.984756 15.379271 "" "" 1530.70752 1812.84753 5988.13676 3.8486 2195.4 13.021 5590.5 12.922 "" "" 0.0028423096399212517 0.0070180306 0.0045367153 0.011554746 99.07820553664 4.86817157257 1653.82812 -1.599 0.55 -0.17369224929809568 -0.07113463878631587 0.205825 0.197825 "" "" 1.4713625544789035 "" 0.3011807801338776 "" 0.98
99.08958031387 4.82172071059 0.0444 0.0405 4.0545 "" "" 3130929355178461696 1533.01892 0.6165 0.0515 -1.371 0.63 0.055 0.047 0.953 5090.0 4.2512 16.274483 1.728469 17.102062 15.373593 "" "" 1442.58923 1686.66174 5823.09498 8.5646 1970.6 16.528 5619.8 22.043 "" "" 0.003184631301381485 0.00952425 0.005693857 0.015218107 99.08958031387 4.82172071059 1533.01892 -1.371 0.6300000000000003 0.0543077507019043 0.008865361213684086 0.20682499 0.198825 "" "" 0.3998513023340508 "" 0.08261777648058422 "" 0.99
99.28603685056 4.67818703562 0.0486 0.0456 11.2829 "" "" 3130899324767115776 1661.37549 0.58 0.0568 -1.284 0.777 0.062 0.05 1.15 "" "" 16.294928 2.064712 17.332695 15.267983 "" "" 1511.46289 1862.23401 5714.4676 9.1255 1593.5 12.56 6193.9 24.22 "" "" 0.003255447312882188 0.009001162 0.005684052 0.014685214 99.28603685056 4.67818703562 1661.37549 -1.2840000000000011 0.7769999999999996 0.14130775070190427 0.1558653612136841 0.21382499 0.201825 "" "" 1.6567658118255022 "" 0.34348824763004754 "" 0.99
99.03018032543 4.79572761769 0.0469 0.0431 7.6809 "" "" 3130928874142157440 1758.92651 0.5529 0.0542 -1.544 0.751 0.055 0.049 1.012 "" "" 16.355942 1.677417 17.138557 15.461141 "" "" 1613.99402 1936.73633 5402.18987 8.0814 1905.4 17.539 5184.4 19.918 "" "" 0.0031984111530237508 0.010376259 0.005628808 0.016005067 99.03018032543 4.79572761769 1758.92651 -1.5440000000000005 0.7509999999999997 -0.11869224929809574 0.12986536121368408 0.20682499 0.20082499 "" "" 1.4668187152469279 "" 0.29861165445931087 "" 0.93
98.99000431407 4.84682895669 0.0479 0.0434 10.1659 "" "" 3130932752494904448 1386.03101 0.6955 0.0555 -1.636 0.146 0.062 0.054 1.029 5667.6 4.5967 16.443222 1.5137 17.14246 15.628759 "" "" 1296.21252 1467.83069 4984.9194 3.2334 1898.6 13.53 4442.8 13.296 "" "" 0.002843897786023023 0.008225 0.0049841367 0.013209137 98.99000431407 4.84682895669 1386.03101 -1.636 0.14599999999999994 -0.2106922492980956 -0.4751346387863159 0.21382499 0.205825 "" "" 3.4146726131591136 "" 0.7073863289620314 "" 0.83
99.25598562932 4.69408481393 0.0474 0.044 9.3819 "" "" 3130900316901710720 1405.61963 0.6757 0.0531 -1.294 0.546 0.057 0.049 1.029 6701.5 4.3521 16.615313 1.993266 17.629047 15.635781 "" "" 1310.99353 1537.12976 4254.23786 6.5068 1212.8 13.64 4414.1 29.427 "" "" 0.0032170553048842423 0.012525667 0.008165456 0.020691123 99.25598562932 4.69408481393 1405.61963 -1.2939999999999994 0.546 0.13130775070190426 -0.07513463878631588 0.20882499 0.20082499 "" "" 1.007952379782661 "" 0.2085256754232192 "" 0.98
99.00137192143 4.90391571306 0.052 0.0468 10.7159 "" "" 3130957220926276352 1492.87695 0.6473 0.0584 -1.184 0.706 0.066 0.059 0.992 7586.5 4.3697 16.692932 1.820212 17.575506 15.755294 "" "" 1370.21863 1652.23193 3960.71793 2.8571 1274.1 12.349 3954.0 15.994 "" "" 0.002864472120078635 0.010886929 0.00579412 0.016681049 99.00137192143 4.90391571306 1492.87695 -1.1840000000000006 0.7060000000000004 0.24130775070190436 0.08486536121368404 0.217825 0.210825 "" "" 1.810072590087141 "" 0.3929044090334131 "" 0.99
99.16329388226 4.70428158287 0.0576 0.0531 6.683 "" "" 3130879975936553728 1421.93127 0.6655 0.0651 -1.431 0.55 0.07 0.06 0.941 5747.9 4.4604 16.822193 2.034747 17.845291 15.810544 "" "" 1299.97571 1567.58435 3516.16601 8.2304 993.8 16.501 3757.9 28.967 "" "" 0.0037484113851059208 0.018242147 0.009182962 0.027425108 99.16329388226 4.70428158287 1421.93127 -1.4309999999999998 0.55 -0.005692249298095753 -0.07113463878631587 0.221825 0.211825 "" "" 0.4809767780013411 "" 0.10191422527013279 "" 0.98
