Clusters/Collinder_104/Collinder_104_stars_in_region.tsv
# %ECSV 1.0
# ---
# datatype:
# - name: RA_ICRS_1
#   unit: deg
#   datatype: float64
#   format: '{:15.11f}'
#   description: Right ascension (ICRS) at Ep=2016.0 (ra)
#   meta: !!omap
#   - {ucd: POS_EQ_RA_MAIN}
#   - {width: 15}
#   - {precision: '11'}
# - name: DE_ICRS_1
#   unit: deg
#   datatype: float64
#   format: '{:15.11f}'
#   description: Declination (ICRS) at Ep=2016.0 (dec)
#   meta: !!omap
#   - {ucd: POS_EQ_DEC_MAIN}
#   - {width: 15}
#   - {precision: '11'}
# - name: e_RA_ICRS
#   unit: mas
#   datatype: float64
#   format: '{:7.4f}'
#   description: Standard error of right ascension (ra_error)
#   meta: !!omap
#   - {ucd: ERROR}
#   - {width: 7}
#   - {precision: '4'}
# - name: e_DE_ICRS
#   unit: mas
#   datatype: float64
#   format: '{:7.4f}'
#   description: Standard error of declination (dec_error)
#   meta: !!omap
#   - {ucd: ERROR}
#   - {width: 7}
#   - {precision: '4'}
# - name: _r_1
#   unit: ''
#   datatype: float64
#   format: '{:7.4f}'
#   description: Distance from center (099.15710650000+04.81549414000)[ICRS], at Epoch=J2016.0
#   meta: !!omap
#   - {ucd: POS_ANG_DIST_GENERAL}
#   - {width: 7}
#   - {precision: '4'}
# - name: HIP
#   datatype: int32
#   description: '? HIP cross-id number, van Leeuwen, Cat. I/311 (hip_original_ext_source_id)'
#   meta: !!omap
#   - {ucd: ID_NUMBER}
#   - {width: 6}
#   - values: {'null': -2147483648}
# - name: TYC2
#   datatype: string
#   description: Tycho-2 cross-id name, Hog et al., Cat. I/259 (tyc2_original_ext_source_id)
#   meta: !!omap
#   - {ucd: ID_CROSSID}
#   - {_votable_string_dtype: char}
# - name: Source
#   datatype: int64
#   description: Source identifier, identical to the Gaia-EDR3 source_id (id)
#   meta: !!omap
#   - {ucd: ID_MAIN}
#   - {width: 19}
# - name: rgeo
#   unit: pc
#   datatype: float64
#   format: '{:15.8f}'
#   description: '? Median of the geometric distance posterior (r_med_geo)'
#   meta: !!omap
#   - {ucd: PHYS_DISTANCE_TRUE}
#   - {width: 15}
#   - {precision: '8'}
#   - values: {'null': .nan}
# - name: Plx
#   unit: mas
#   datatype: float64
#   format: '{:9.4f}'
#   description: '? Parallax (parallax)'
#   meta: !!omap
#   - {ucd: POS_PARLX_TRIG}
#   - {width: 9}
#   - {precision: '4'}
#   - values: {'null': .nan}
# - name: e_Plx
#   unit: mas
#   datatype: float32
#   format: '{:7.4f}'
#   description: '? Standard error of parallax (parallax_error)'
#   meta: !!omap
#   - {ucd: ERROR}
#   - {width: 7}
#   - {precision: '4'}
#   - values: {'null': .nan}
# - name: pmRA
#   unit: mas / yr
#   datatype: float64
#   format: '{:9.3f}'
#   description: '? Proper motion in right ascension direction, pmRA*cosDE (pmra)'
#   meta: !!omap
#   - {ucd: POS_EQ_PMRA}
#   - {width: 9}
#   - {precision: '3'}
#   - values: {'null': .nan}
# - name: pmDE
#   unit: mas / yr
#   datatype: float64
#   format: '{:9.3f}'
#   description: '? Proper motion in declination direction (pmdec)'
#   meta: !!omap
#   - {ucd: POS_EQ_PMDEC}
#   - {width: 9}
#   - {precision: '3'}
#   - values: {'null': .nan}
# - name: e_pmRA
#   unit: mas / yr
#   datatype: float32
#   format: '{:6.3f}'
#   description: '? Standard error of proper motion in right ascension direction (pmra_error)'
#   meta: !!omap
#   - {ucd: ERROR}
#   - {width: 6}
#   - {precision: '3'}
#   - values: {'null': .nan}
# - name: e_pmDE
[...]
#         unit: &id001 !astropy.units.Unit {unit: deg}
#         value: !astropy.table.SerializedColumn {name: SkyCoord.dec}
#       distance: !astropy.table.SerializedColumn
#         __class__: astropy.coordinates.distances.Distance
#         unit: !astropy.units.Unit {unit: pc}
#         value: !astropy.table.SerializedColumn {name: SkyCoord.distance}
#       frame: icrs
#       obstime: !astropy.time.Time {format: jyear_str, in_subfmt: '*', jd1: 367701545.0, jd2: 0.0, out_subfmt: '*', precision: 3, scale: tt}
#       pm_dec: !astropy.table.SerializedColumn
#         __class__: astropy.units.quantity.Quantity
#         unit: !astropy.units.Unit {unit: mas / yr}
#         value: !astropy.table.SerializedColumn {name: SkyCoord.pm_dec}
#       pm_ra_cosdec: !astropy.table.SerializedColumn
#         __class__: astropy.units.quantity.Quantity
#         unit: !astropy.units.Unit {unit: mas / yr}
#         value: !astropy.table.SerializedColumn {name: SkyCoord.pm_ra_cosdec}
#       ra: !astropy.table.SerializedColumn
#         __class__: astropy.coordinates.angles.Longitude
#         unit: *id001
#         value: !astropy.table.SerializedColumn {name: SkyCoord.ra}
#         wrap_angle: !astropy.coordinates.Angle
#           unit: *id001
#           value: 360.0
#       representation_type: spherical
# schema: astropy-2.0
RA_ICRS_1 DE_ICRS_1 e_RA_ICRS e_DE_ICRS _r_1 HIP TYC2 Source rgeo Plx e_Plx pmRA pmDE e_pmRA e_pmDE RUWE Teff logg Gmag BP-RP BPmag RPmag RV e_RV b_rgeo B_rgeo FG e_FG FBP e_FBP FRP e_FRP RAVE5 RAVE6 e_Gmag e_BPmag e_RPmag e_BP-RP SkyCoord.ra SkyCoord.dec SkyCoord.distance SkyCoord.pm_ra_cosdec SkyCoord.pm_dec
[from data line 326]
99.15155591916 4.76099759821 0.0293 0.0274 3.2866 "" "" 3130881251544748672 1654.43372 0.5692 0.0336 5.275 0.879 0.036 0.031 1.205 6072.3 4.1257 15.014172 1.26674 15.566593 14.299853 "" "" 1575.32324 1744.80164 18589.95079 7.4486 8105.5 20.18 15108.0 20.085 "" "" 0.002789451885984884 0.0038848317 0.004045634 0.007930466 99.15155591916 4.76099759821 1654.43372 5.275 0.879
99.23387096551 4.96768952731 0.0264 0.0252 10.22 "" "" 3130955777817145216 1651.73047 0.5612 0.0331 0.461 -1.296 0.032 0.026 0.989 7945.8 4.1088 15.017916 1.070678 15.460454 14.389776 "" "" 1567.71521 1756.14453 18525.9433 21.848 8937.9 42.352 13907.0 56.983 "" "" 0.003038303621891759 0.005852633 0.005837374 0.0116900075 99.23387096551 4.96768952731 1651.73047 0.4610000000000001 -1.2960000000000003
99.27827684215 5.25531403563 0.026 0.0269 27.3649 "" "" 3130981375822066432 1707.2699 0.5363 0.0327 -1.447 -2.949 0.032 0.03 1.072 6378.2 3.957 15.020352 0.981258 15.165783 14.184525 "" "" 1620.56958 1798.34338 18484.41832 15.213 11725.0 220.77 16802.0 370.77 "" "" 0.002896597056877401 0.02063285 0.024255212 0.044888064 99.27827684215 5.25531403563 1707.2699 -1.447 -2.9489999999999994
99.40359514914 5.17670995033 0.0295 0.0298 26.2065 "" "" 3131061777611804672 1880.84583 0.4968 0.0362 1.659 -3.835 0.035 0.029 1.005 6438.7 4.2572 15.023829 0.998056 15.43788 14.439823 "" "" 1785.40283 1982.42627 18425.32491 6.3016 9125.7 28.276 13281.0 37.203 "" "" 0.0027802293682850153 0.004370651 0.00485116 0.009221811 99.40359514914 5.17670995033 1880.84583 1.659 -3.8349999999999995
99.09197373196 4.82194635214 0.0397 0.0364 3.9133 "" "" 3130952822879765760 1544.22437 0.6208 0.0462 -1.549 0.399 0.049 0.049 1.476 "" "" 15.024561 1.194767 15.366062 14.171295 "" "" 1442.22522 1646.99451 18412.9108 12.569 9749.7 20.297 17007.0 44.289 "" "" 0.002853258452230089 0.0035908183 0.0047199694 0.008310787 99.09197373196 4.82194635214 1544.22437 -1.5489999999999997 0.399
99.07017015447 4.69876714818 0.0246 0.0235 8.7219 "" "" 3130880525692359424 1436.93616 0.6611 0.0288 -0.13 -2.766 0.029 0.026 1.121 7475.7 3.7533 15.027432 1.368107 15.632706 14.264599 "" "" 1372.28784 1503.22681 18364.29313 6.2447 7626.7 13.665 15607.0 23.032 "" "" 0.002779945687368382 0.0034013859 0.0041049975 0.0075063836 99.07017015447 4.69876714818 1436.93616 -0.13 -2.766
99.0655433954 5.03323006678 0.0389 0.0344 14.1644 "" "" 3130971652016308608 1510.7467 0.6168 0.0415 -1.538 0.513 0.047 0.043 1.468 9336.8 4.0151 15.031786 1.200833 15.542839 14.342006 "" "" 1427.22095 1600.56567 18290.78981 7.2698 8284.8 22.583 14533.0 20.398 "" "" 0.002788908460139562 0.004067421 0.004075046 0.008142468 99.0655433954 5.03323006678 1510.7467 -1.538 0.5130000000000001
99.07370584852 4.80752067369 0.0273 0.0252 5.0093 "" "" 3130929320818733184 1574.00244 0.5934 0.0318 -1.533 0.594 0.034 0.029 1.029 9363.7 4.1828 15.038971 1.075516 15.482283 14.406767 "" "" 1481.98193 1688.92712 18170.13718 9.3109 8760.0 41.507 13692.0 23.883 "" "" 0.002810930181107077 0.0058524124 0.00422734 0.010079753 99.07370584852 4.80752067369 1574.00244 -1.5329999999999997 0.5940000000000001
99.50262418031 4.67392177273 0.0282 0.027 22.3381 "" "" 3130888157852456960 1901.9679 0.496 0.0346 1.369 -4.664 0.035 0.03 1.068 6988.4 4.1584 15.049788 1.116307 15.512857 14.39655 "" "" 1772.44702 2026.55396 17990.01895 6.617 8516.8 20.986 13821.0 16.594 "" "" 0.00278411025640951 0.0038655458 0.0039978786 0.007863425 99.50262418031 4.67392177273 1901.9679 1.369 -4.664
98.91545567348 4.54052335441 0.0244 0.0223 21.9321 "" "" 3130871523440633856 1482.55701 0.6349 0.0279 -1.358 0.674 0.029 0.025 0.974 7924.2 3.9729 15.055413 1.277456 15.602384 14.324927 "" "" 1430.38135 1546.88367 17897.05758 13.033 7842.7 20.195 14763.0 32.174 "" "" 0.0028665178937014894 0.003949863 0.004459004 0.008408867 98.91545567348 4.54052335441 1482.55701 -1.3580000000000003 0.6739999999999999
98.72564998469 5.03254214054 0.0301 0.0298 28.8932 "" "" 3131701727739101056 1458.70288 0.6346 0.0367 -1.198 1.466 0.038 0.033 1.307 7619.0 4.3535 15.061368 1.138748 15.527304 14.388556 "" "" 1391.1936 1551.09277 17799.16869 25.715 8404.2 53.359 13923.0 52.865 "" "" 0.003170533564897993 0.007436698 0.0055927327 0.01302943 98.72564998469 5.03254214054 1458.70288 -1.1980000000000002 1.466
99.47950390938 5.06474496902 0.0286 0.0288 24.3939 "" "" 3130916470276296064 1834.57788 0.5007 0.0333 0.926 0.739 0.035 0.03 1.048 6978.8 4.3381 15.068038 1.042755 15.500751 14.457995 "" "" 1701.88623 1958.16711 17690.15612 5.6332 8612.2 17.331 13061.0 15.678 "" "" 0.002776927177911585 0.0035438517 0.003997783 0.007541635 99.47950390938 5.06474496902 1834.57788 0.9259999999999999 0.7390000000000001
99.12546859054 4.99662126707 0.0273 0.0259 11.031 "" "" 3130959557388396672 1299.02234 0.7232 0.0325 2.545 -4.802 0.036 0.03 1.044 5094.4 3.6347 15.068701 1.712115 15.890145 14.17803 35.72 4.42 1250.53967 1362.90674 17679.35974 6.6768 6016.7 24.035 16902.0 16.728 "" "" 0.0027856636765196106 0.0051571704 0.0039291736 0.009086344 99.12546859054 4.99662126707 1299.02234 2.545 -4.802
99.50785770378 4.81280723148 0.0277 0.0278 20.9714 "" "" 3130907949061715584 1321.98962 0.7156 0.0332 4.873 -3.696 0.032 0.029 0.991 5747.7 4.2304 15.074047 1.127771 15.554006 14.426234 "" "" 1272.94189 1387.58789 17592.5138 5.6091 8200.0 19.236 13448.0 18.284 "" "" 0.002776980942228318 0.0037778493 0.00405744 0.007835289 99.50785770378 4.81280723148 1321.98962 4.872999999999999 -3.6959999999999997
99.44093932538 5.21281220682 0.0252 0.0265 29.2593 "" "" 3131062293007842432 1523.67249 0.6135 0.0329 0.829 -0.942 0.031 0.027 0.978 6661.8 4.2452 15.075911 0.961462 15.468738 14.507276 "" "" 1461.94092 1603.45044 17562.33875 6.2634 8870.0 18.594 12481.0 20.21 "" "" 0.002782395515919406 0.0036007294 0.004168286 0.0077690156 99.44093932538 5.21281220682 1523.67249 0.829 -0.9419999999999998
99.40534415299 4.99605916767 0.0281 0.0318 18.3736 "" "" 3130914305612843264 1329.92212 0.7167 0.04 -0.907 -1.886 0.033 0.028 0.93 5410.8 4.3392 15.07636 0.96511 15.47338 14.50827 "" "" 1257.09851 1408.78455 17555.08028 11.345 8832.1 23.447 12470.0 18.834 "" "" 0.0028432577221610316 0.0040116115 0.0041198046 0.0081314165 99.40534415299 4.99605916767 1329.92212 -0.9069999999999999 -1.8860000000000001
99.50782635935 4.60630706896 0.0292 0.0277 24.441 "" "" 3130883244409884928 1605.40686 0.5858 0.0354 2.483 -6.047 0.037 0.03 1.083 6025.5 4.1224 15.098521 1.274419 15.635739 14.36132 "" "" 1497.93481 1715.24573 17200.3884 7.4954 7605.4 18.76 14277.0 20.871 "" "" 0.0027956469394474926 0.003867498 0.004099136 0.007966634 99.50782635935 4.60630706896 1605.40686 2.4830000000000005 -6.047000000000001
99.49254089391 5.05217054982 0.0279 0.0282 24.5707 "" "" 3130916401556819584 1332.32654 0.7086 0.0318 -0.157 -3.201 0.035 0.03 1.006 5514.4 4.2799 15.099197 0.977366 15.496516 14.51915 "" "" 1265.63318 1395.69128 17189.67493 6.0565 8645.9 24.376 12345.0 13.366 "" "" 0.0027817489573522605 0.0041419 0.00395798 0.00809988 99.49254089391 5.05217054982 1332.32654 -0.15700000000000003 -3.201
99.48568622385 4.66344611196 0.0258 0.0252 21.6621 "" "" 3130888260931678720 1690.6908 0.5506 0.0317 0.483 -2.717 0.033 0.028 1.019 7452.2 4.3468 15.111666 1.00945 15.526425 14.516975 "" "" 1588.14819 1793.01282 16993.40462 11.478 8411.0 30.184 12370.0 25.317 "" "" 0.0028512433555642346 0.0047923145 0.0043842364 0.00917655 99.48568622385 4.66344611196 1690.6908 0.483 -2.7169999999999996
99.37052944048 5.08521817583 0.031 0.0675 20.6073 "" "" 3130964024154234752 1337.65369 0.736 0.0888 -1.72 -3.615 0.043 0.035 1.016 5784.8 4.5238 15.120491 1.06346 15.564016 14.500556 "" "" 1193.4646 1536.59937 16855.83703 6.6602 8124.8 17.159 12558.0 15.423 "" "" 0.0027885182036720313 0.0036114939 0.0040077157 0.0076192096 99.37052944048 5.08521817583 1337.65369 -1.72 -3.6150000000000007
99.41985105541 4.98473914317 0.0311 0.0345 18.7037 "" "" 3130914236893365376 1635.48523 0.5703 0.0416 -1.306 0.837 0.036 0.031 1.022 7055.7 4.206 15.121761 1.067632 15.567334 14.499702 "" "" 1498.07861 1775.95874 16836.12965 6.5437 8100.0 16.579 12568.0 19.361 "" "" 0.0027874482337522048 0.0035670085 0.0041329456 0.0076999543 99.41985105541 4.98473914317 1635.48523 -1.306 0.8369999999999999
98.77037707345 4.73980382196 0.0314 0.029 23.5649 "" "" 3130925060211289856 1545.91663 0.6225 0.0345 -1.946 -0.013 0.041 0.035 1.337 "" "" 15.125666 1.179709 15.614627 14.434918 "" "" 1459.16101 1625.32471 16775.69535 6.5065 7754.7 21.791 13341.0 11.923 "" "" 0.0027873140242449493 0.004134417 0.003901958 0.008036375 98.77037707345 4.73980382196 1545.91663 -1.9459999999999997 -0.013000000000000005
99.08658767173 5.06042321652 0.0278 0.0257 15.2884 "" "" 3130972128755316224 1734.79797 0.5317 0.0305 -1.263 0.809 0.035 0.032 1.082 9170.9 3.7056 15.126004 1.420513 15.739781 14.319268 "" "" 1641.31433 1854.0719 16770.47058 11.175 6910.4 25.255 14841.0 94.092 "" "" 0.0028487212633775153 0.0048507564 0.007852852 0.012703609 99.08658767173 5.06042321652 1734.79797 -1.2630000000000001 0.8089999999999999
99.51813081011 4.57977440759 0.0311 0.0319 25.8089 "" "" 3130883141330673408 1334.05823 0.7153 0.0422 -2.445 -0.205 0.041 0.031 1.052 5871.5 4.1384 15.127765 1.515429 15.817448 14.302018 "" "" 1260.46765 1395.82129 16743.29444 52.666 6433.4 72.549 15078.0 108.37 "" "" 0.00438808053018287 0.012557666 0.008670548 0.021228213 99.51813081011 4.57977440759 1334.05823 -2.4449999999999994 -0.205
99.16758895268 4.94780539303 0.028 0.0263 7.9634 "" "" 3130955502939273856 1337.86658 0.7019 0.0323 0.347 -0.974 0.035 0.029 0.935 6902.2 4.4092 15.133142 1.020726 15.554029 14.533303 "" "" 1290.65088 1388.73792 16660.5719 6.5104 8199.8 19.097 12185.0 11.937 "" "" 0.002787793788648898 0.0037655074 0.003926201 0.0076917084 99.16758895268 4.94780539303 1337.86658 0.3470000000000001 -0.9739999999999999
99.05697637058 5.11017685361 0.0253 0.0241 18.6665 "" "" 3130973266923980544 1461.17139 0.6402 0.0297 -1.455 0.609 0.032 0.029 0.996 7332.9 4.2628 15.136292 1.315174 15.714291 14.399116 "" "" 1407.83081 1533.02319 16612.31727 5.369 7074.6 15.524 13788.0 16.043 "" "" 0.0027775749416768408 0.0036689474 0.0039849305 0.007653878 99.05697637058 5.11017685361 1461.17139 -1.4550000000000003 0.609
99.1896427608 5.15628066065 0.027 0.0261 20.5395 "" "" 3130978867561251584 1404.99426 0.6648 0.0336 -0.607 -2.399 0.03 0.026 0.954 7156.9 4.2932 15.136735 1.278052 15.689797 14.411745 "" "" 1332.74561 1482.25879 16605.53103 7.8305 7236.0 21.89 13629.0 34.774 "" "" 0.002802485077196158 0.004309652 0.0046859225 0.008995574 99.1896427608 5.15628066065 1404.99426 -0.607 -2.3990000000000005
99.19091419027 5.05683191408 0.0278 0.0294 14.6206 "" "" 3130966051378889728 1912.23608 0.4778 0.0363 -0.943 0.77 0.034 0.029 1.044 7769.4 4.2268 15.138981 1.123247 15.613291 14.490044 "" "" 1789.32751 2029.53162 16571.21099 8.0103 7764.3 21.553 12681.0 27.56 "" "" 0.0028048593808941476 0.00410715 0.0044555287 0.0085626785 99.19091419027 5.05683191408 1912.23608 -0.943 0.7700000000000002
99.46967689453 4.57212715608 0.045 0.0408 23.7189 "" "" 3130882694654087552 1513.02356 0.6233 0.0506 -0.808 -3.929 0.054 0.045 1.665 7183.6 4.3536 15.13943 1.123926 15.602483 14.478557 "" "" 1397.23914 1610.01599 16564.36249 9.1515 7841.9 20.856 12815.0 35.077 "" "" 0.002819859586057467 0.004015366 0.004807876 0.008823242 99.46967689453 4.57212715608 1513.02356 -0.8079999999999998 -3.929
99.28464702498 4.41573993273 0.0277 0.0264 25.1689 "" "" 3130856302076421376 1843.11536 0.4998 0.0317 -1.004 2.329 0.036 0.029 0.906 9192.7 3.511 15.140173 1.691382 15.935649 14.244267 "" "" 1716.04114 1960.08691 16553.03669 7.7107 5769.8 24.634 15902.0 23.792 "" "" 0.0028013528576251796 0.0054104617 0.0041137002 0.009524162 99.28464702498 4.41573993273 1843.11536 -1.0039999999999998 2.329
99.56348769323 4.67228674313 0.033 0.0338 25.7738 "" "" 3130885512152587392 1441.07642 0.6599 0.0422 -2.74 -0.073 0.037 0.033 1.106 6053.9 4.1637 15.144718 1.18308 15.65027 14.46719 "" "" 1352.27844 1530.51111 16483.88553 14.972 7504.3 28.338 12950.0 43.259 "" "" 0.0029264805130558053 0.0049593356 0.0052381153 0.010197451 99.56348769323 4.67228674313 1441.07642 -2.74 -0.07300000000000001
99.56173604696 4.56496121726 0.0593 0.0544 28.4856 "" "" 3130882144898256512 1856.87073 0.5087 0.0714 -1.929 0.693 0.081 0.062 2.059 6168.0 4.2655 15.14526 1.128469 15.594234 14.465766 "" "" 1655.13916 2103.3501 16475.65622 20.261 7901.7 27.483 12967.0 24.349 "" "" 0.003061783253630911 0.004695272 0.0042942134 0.008989485 99.56173604696 4.56496121726 1856.87073 -1.9290000000000003 0.693
98.98587070365 5.24346543388 0.0257 0.0243 27.6427 "" "" 3130983987162133248 1784.31775 0.5221 0.0282 0.889 1.218 0.032 0.029 1.013 6937.0 4.0197 15.147773 1.338157 15.736269 14.398112 "" "" 1705.21216 1883.51904 16437.56915 6.581 6932.8 16.858 13801.0 20.497 "" "" 0.0027893984781802795 0.003841252 0.0041090064 0.007950258 98.98587070365 5.24346543388 1784.31775 0.8890000000000001 1.218
98.9799218707 5.16964080463 0.0266 0.0247 23.7418 "" "" 3130977596251019136 1399.77673 0.6728 0.0284 3.12 5.446 0.034 0.031 1.034 6136.6 4.0947 15.149085 1.174521 15.651144 14.476624 "" "" 1337.81177 1452.33911 16417.71836 29.17 7498.2 46.371 12838.0 64.034 "" "" 0.0033634951106500995 0.0072711464 0.00660388 0.013875026 98.9799218707 5.16964080463 1399.77673 3.119999999999999 5.446
99.40151315369 4.74390944241 0.0261 0.0246 15.2315 "" "" 3130901455071345024 1874.16296 0.491 0.0303 4.208 -4.935 0.034 0.029 1.009 5087.3 3.4767 15.149326 1.968225 16.138494 14.170269 35.67 5.08 1791.09949 1971.71655 16414.07023 6.5328 4786.5 18.711 17024.0 20.255 "" "" 0.0027889997668161005 0.0050792615 0.0039940546 0.009073316 99.40151315369 4.74390944241 1874.16296 4.207999999999999 -4.934999999999998
99.5847889033 4.87113612849 0.0295 0.03 25.7863 "" "" 3130909976286244864 1809.78882 0.508 0.0371 -0.207 0.2 0.039 0.035 1.031 6913.2 4.167 15.154038 1.197194 15.665804 14.46861 "" "" 1714.41284 1920.06458 16342.97813 5.5663 7397.7 29.637 12933.0 17.392 "" "" 0.002780024621846241 0.0051677036 0.0040516094 0.009219313 99.5847889033 4.87113612849 1809.78882 -0.207 0.2
98.88983838418 4.65858500306 0.0267 0.0246 18.5482 "" "" 3130920524725818624 1493.70581 0.6346 0.0301 -1.512 0.732 0.034 0.029 1.068 "" "" 15.156604 1.531332 15.856031 14.324699 "" "" 1420.92554 1562.09888 16304.41218 10.545 6208.8 21.691 14767.0 27.585 "" "" 0.002843393295090712 0.0047087986 0.0042891973 0.008997995 98.88983838418 4.65858500306 1493.70581 -1.512 0.732
99.05344996621 4.67571386432 0.0248 0.0234 10.4286 "" "" 3130879018161821824 1600.91028 0.5867 0.0286 0.939 -1.984 0.03 0.027 1.032 "" "" 15.157882 1.432519 15.801296 14.368777 "" "" 1530.00317 1674.64587 16285.23006 6.7542 6529.8 17.656 14179.0 24.693 "" "" 0.0027918742286565023 0.0040501337 0.004225987 0.008276121 99.05344996621 4.67571386432 1600.91028 0.939 -1.984
99.26317415629 5.03921021687 0.0282 0.03 14.8451 "" "" 3130965089306190848 1374.92554 0.6804 0.0382 -0.871 -1.407 0.035 0.028 0.992 6478.8 4.3572 15.159145 1.055811 15.59957 14.543759 "" "" 1311.25757 1445.29297 16266.28775 5.8364 7863.0 14.069 12069.0 13.636 "" "" 0.00278272366085515 0.0033998557 0.0039734785 0.007373334 99.26317415629 5.03921021687 1374.92554 -0.871 -1.407
99.64820907913 4.79735463124 0.0311 0.0309 29.3827 "" "" 3130896816506453248 1482.78186 0.6436 0.0362 -1.764 -4.666 0.04 0.035 1.033 5196.6 4.1618 15.163366 1.272819 15.721849 14.44903 "" "" 1404.25867 1575.44177 16203.17937 5.6897 7025.5 13.261 13169.0 19.207 "" "" 0.0027815721034072146 0.0034619393 0.004097725 0.007559664 99.64820907913 4.79735463124 1482.78186 -1.764 -4.666000000000001
