Clusters/Collinder_104/Collinder_104_stars_in_region.tsv
# %ECSV 1.0
# ---
# datatype:
# - name: RA_ICRS_1
#   unit: deg
#   datatype: float64
#   format: '{:15.11f}'
#   description: Right ascension (ICRS) at Ep=2016.0 (ra)
#   meta: !!omap
#   - {ucd: POS_EQ_RA_MAIN}
#   - {width: 15}
#   - {precision: '11'}
# - name: DE_ICRS_1
#   unit: deg
#   datatype: float64
#   format: '{:15.11f}'
#   description: Declination (ICRS) at Ep=2016.0 (dec)
#   meta: !!omap
#   - {ucd: POS_EQ_DEC_MAIN}
#   - {width: 15}
#   - {precision: '11'}
# - name: e_RA_ICRS
#   unit: mas
#   datatype: float64
#   format: '{:7.4f}'
#   description: Standard error of right ascension (ra_error)
#   meta: !!omap
#   - {ucd: ERROR}
#   - {width: 7}
#   - {precision: '4'}
# - name: e_DE_ICRS
#   unit: mas
#   datatype: float64
#   format: '{:7.4f}'
#   description: Standard error of declination (dec_error)
#   meta: !!omap
#   - {ucd: ERROR}
#   - {width: 7}
#   - {precision: '4'}
# - name: _r_1
#   unit: ''
#   datatype: float64
#   format: '{:7.4f}'
#   description: Distance from center (099.15710650000+04.81549414000)[ICRS], at Epoch=J2016.0
#   meta: !!omap
#   - {ucd: POS_ANG_DIST_GENERAL}
#   - {width: 7}
#   - {precision: '4'}
# - name: HIP
#   datatype: int32
#   description: '? HIP cross-id number, van Leeuwen, Cat. I/311 (hip_original_ext_source_id)'
#   meta: !!omap
#   - {ucd: ID_NUMBER}
#   - {width: 6}
#   - values: {'null': -2147483648}
# - name: TYC2
#   datatype: string
#   description: Tycho-2 cross-id name, Hog et al., Cat. I/259 (tyc2_original_ext_source_id)
#   meta: !!omap
#   - {ucd: ID_CROSSID}
#   - {_votable_string_dtype: char}
# - name: Source
#   datatype: int64
#   description: Source identifier, identical to the Gaia-EDR3 source_id (id)
#   meta: !!omap
#   - {ucd: ID_MAIN}
#   - {width: 19}
# - name: rgeo
#   unit: pc
#   datatype: float64
#   format: '{:15.8f}'
#   description: '? Median of the geometric distance posterior (r_med_geo)'
#   meta: !!omap
#   - {ucd: PHYS_DISTANCE_TRUE}
#   - {width: 15}
#   - {precision: '8'}
#   - values: {'null': .nan}
# - name: Plx
#   unit: mas
#   datatype: float64
#   format: '{:9.4f}'
#   description: '? Parallax (parallax)'
#   meta: !!omap
#   - {ucd: POS_PARLX_TRIG}
#   - {width: 9}
#   - {precision: '4'}
#   - values: {'null': .nan}
# - name: e_Plx
#   unit: mas
#   datatype: float32
#   format: '{:7.4f}'
#   description: '? Standard error of parallax (parallax_error)'
#   meta: !!omap
#   - {ucd: ERROR}
#   - {width: 7}
#   - {precision: '4'}
#   - values: {'null': .nan}
# - name: pmRA
#   unit: mas / yr
#   datatype: float64
#   format: '{:9.3f}'
#   description: '? Proper motion in right ascension direction, pmRA*cosDE (pmra)'
#   meta: !!omap
#   - {ucd: POS_EQ_PMRA}
#   - {width: 9}
#   - {precision: '3'}
#   - values: {'null': .nan}
# - name: pmDE
#   unit: mas / yr
#   datatype: float64
#   format: '{:9.3f}'
#   description: '? Proper motion in declination direction (pmdec)'
#   meta: !!omap
#   - {ucd: POS_EQ_PMDEC}
#   - {width: 9}
#   - {precision: '3'}
#   - values: {'null': .nan}
# - name: e_pmRA
#   unit: mas / yr
#   datatype: float32
#   format: '{:6.3f}'
#   description: '? Standard error of proper motion in right ascension direction (pmra_error)'
#   meta: !!omap
#   - {ucd: ERROR}
#   - {width: 6}
#   - {precision: '3'}
#   - values: {'null': .nan}
# - name: e_pmDE
[...]
#         unit: &id001 !astropy.units.Unit {unit: deg}
#         value: !astropy.table.SerializedColumn {name: SkyCoord.dec}
#       distance: !astropy.table.SerializedColumn
#         __class__: astropy.coordinates.distances.Distance
#         unit: !astropy.units.Unit {unit: pc}
#         value: !astropy.table.SerializedColumn {name: SkyCoord.distance}
#       frame: icrs
#       obstime: !astropy.time.Time {format: jyear_str, in_subfmt: '*', jd1: 367701545.0, jd2: 0.0, out_subfmt: '*', precision: 3, scale: tt}
#       pm_dec: !astropy.table.SerializedColumn
#         __class__: astropy.units.quantity.Quantity
#         unit: !astropy.units.Unit {unit: mas / yr}
#         value: !astropy.table.SerializedColumn {name: SkyCoord.pm_dec}
#       pm_ra_cosdec: !astropy.table.SerializedColumn
#         __class__: astropy.units.quantity.Quantity
#         unit: !astropy.units.Unit {unit: mas / yr}
#         value: !astropy.table.SerializedColumn {name: SkyCoord.pm_ra_cosdec}
#       ra: !astropy.table.SerializedColumn
#         __class__: astropy.coordinates.angles.Longitude
#         unit: *id001
#         value: !astropy.table.SerializedColumn {name: SkyCoord.ra}
#         wrap_angle: !astropy.coordinates.Angle
#           unit: *id001
#           value: 360.0
#       representation_type: spherical
# schema: astropy-2.0
RA_ICRS_1 DE_ICRS_1 e_RA_ICRS e_DE_ICRS _r_1 HIP TYC2 Source rgeo Plx e_Plx pmRA pmDE e_pmRA e_pmDE RUWE Teff logg Gmag BP-RP BPmag RPmag RV e_RV b_rgeo B_rgeo FG e_FG FBP e_FBP FRP e_FRP RAVE5 RAVE6 e_Gmag e_BPmag e_RPmag e_BP-RP SkyCoord.ra SkyCoord.dec SkyCoord.distance SkyCoord.pm_ra_cosdec SkyCoord.pm_dec
[from data line 81]
99.45021890057 5.07782964097 0.014 0.0133 23.553 "" "" 3130963371319174272 1547.646 0.6022 0.0165 -1.371 0.625 0.018 0.014 1.1 "" "" 13.166872 0.453984 13.331537 12.877553 "" "" 1506.43066 1593.02539 101905.61074 48.105 63504.0 60.787 55993.0 31.336 "" "" 0.0028025832576617092 0.0029774415 0.0038279148 0.0068053566 99.45021890057 5.07782964097 1547.646 -1.371 0.6250000000000001
99.46739225371 5.13869481103 0.0136 0.0135 26.8336 "" "" 3131058513436649472 1545.32776 0.6013 0.0159 -0.047 1.817 0.017 0.014 1.067 8876.3 3.8438 13.178227 0.743622 13.464651 12.721029 "" "" 1508.20996 1578.7179 100845.32514 45.983 56177.0 108.17 64677.0 134.03 "" "" 0.002799443310424827 0.003486501 0.0043984186 0.00788492 99.46739225371 5.13869481103 1545.32776 -0.047000000000000014 1.8170000000000004
99.29729960109 4.76872720265 0.0148 0.0141 8.8394 "" "" 3130904032051230848 1671.41309 0.5561 0.0163 0.373 2.607 0.017 0.017 1.188 4931.3 2.6713 13.178859 1.879252 14.109455 12.230203 54.29 0.92 1622.87268 1726.82202 100786.72927 26.595 31019.0 31.321 101640.0 53.951 "" "" 0.0027701751315871675 0.0029978221 0.00382307 0.006820892 99.29729960109 4.76872720265 1671.41309 0.37300000000000005 2.607
99.29367772859 5.19729193706 0.014 0.014 24.3188 "" "" 3130969143755229568 1406.69165 0.6622 0.0169 -1.233 0.479 0.018 0.016 1.139 "" "" 13.220459 0.497506 13.403512 12.906006 "" "" 1380.36743 1443.95996 96998.08551 40.237 59431.0 24.82 54545.0 27.899 "" "" 0.0027918880103713194 0.0028267738 0.0038199644 0.0066467384 99.29367772859 5.19729193706 1406.69165 -1.2330000000000003 0.479
98.97893190953 5.1018614308 0.0136 0.0124 20.2152 "" "" 3130975946983608832 1510.4917 0.6189 0.0143 -1.299 -3.651 0.017 0.015 1.013 "" "" 13.227174 0.916706 13.59292 12.676214 "" "" 1470.64417 1541.30493 96400.07201 21.084 49917.0 46.581 67402.0 48.273 "" "" 0.0027655341468539466 0.0029684291 0.0038585474 0.0068269763 98.97893190953 5.1018614308 1510.4917 -1.2989999999999997 -3.6510000000000002
99.15813917228 4.56011369965 0.0124 0.0117 15.323 "" "" 3130873481945557632 1310.10315 0.7204 0.0144 1.484 -3.756 0.015 0.013 1.182 "" "" 13.240108 0.796744 13.550544 12.753799 "" "" 1289.49341 1335.5697 95258.40139 24.031 51904.0 43.532 62754.0 29.729 "" "" 0.0027689006663063876 0.0029350056 0.0038142218 0.0067492276 99.15813917228 4.56011369965 1310.10315 1.484 -3.756
99.44172136452 4.96645204772 0.0138 0.016 19.2753 "" "" 3130913957716440064 1596.85242 0.5853 0.02 -2.082 -3.06 0.016 0.014 1.06 4692.0 2.691 13.28984 1.690192 14.100483 12.410291 21.55 1.31 1549.33752 1643.56165 90993.56191 21.929 31277.0 44.745 86108.0 45.574 "" "" 0.002767716355850136 0.0031933775 0.0038228184 0.007016196 99.44172136452 4.96645204772 1596.85242 -2.082 -3.0599999999999996
99.10487222711 4.75437945262 0.0215 0.0197 4.8166 "" "" 3130928083868164608 1515.43225 0.6211 0.0238 -1.322 0.457 0.027 0.023 1.977 "" "" 13.289916 1.04886 13.717033 12.668174 "" "" 1449.5675 1605.83789 90987.21021 37.396 44525.0 45.973 67903.0 58.235 "" "" 0.002791221969997399 0.003006957 0.0038923987 0.006899356 99.10487222711 4.75437945262 1515.43225 -1.322 0.4570000000000001
99.56781434661 4.62811888737 0.0164 0.0179 27.0098 "" "" 3130884824957831424 1343.23608 0.7005 0.0223 -2.411 -0.129 0.022 0.017 1.02 10116.0 4.0861 13.295813 0.477034 13.471078 12.994044 "" "" 1298.16345 1390.36035 90494.39158 61.124 55845.0 36.196 50297.0 25.139 "" "" 0.002851245232327594 0.002877546 0.0038181422 0.0066956882 99.56781434661 4.62811888737 1343.23608 -2.4110000000000005 -0.12899999999999995
99.55637326653 5.06089445885 0.0129 0.0136 28.0434 "" "" 3131010027545217024 1300.84729 0.7224 0.0166 1.788 -1.621 0.016 0.014 1.037 7285.2 3.918 13.322359 0.677253 13.483972 12.806719 "" "" 1271.05408 1330.75305 88308.61934 34.768 55186.0 74.531 59768.0 85.934 "" "" 0.002788281913284011 0.0031520117 0.0040890886 0.0072411 99.55637326653 5.06089445885 1300.84729 1.7879999999999998 -1.621
99.48675813482 5.15505534518 0.0134 0.0134 28.3433 "" "" 3131058547796369024 1642.65686 0.5661 0.0163 0.662 -2.5 0.016 0.014 0.988 "" "" 13.327165 0.573651 13.541108 12.967457 "" "" 1591.71191 1688.17664 87918.64197 32.254 52357.0 68.529 51544.0 26.147 "" "" 0.0027839620059481054 0.0031312245 0.0038193024 0.006950527 99.48675813482 5.15505534518 1642.65686 0.662 -2.5
99.35805330671 4.71063403786 0.0132 0.012 13.5628 "" "" 3130899908883119360 1471.52209 0.6377 0.0146 -2.001 0.852 0.016 0.014 1.034 13486.0 4.0418 13.33604 0.950597 13.716939 12.766342 "" "" 1443.83728 1502.58606 87202.8179 49.468 44529.0 97.304 62033.0 130.93 "" "" 0.0028233200382885657 0.0036625068 0.0044198646 0.008082371 99.35805330671 4.71063403786 1471.52209 -2.001 0.852
99.29441016781 4.80731237555 0.0292 0.0271 8.2239 "" "" 3130905818757608064 1495.73425 0.6218 0.0328 -1.253 0.516 0.035 0.033 2.007 10337.4 3.8904 13.343147 0.501932 13.511324 13.009392 "" "" 1417.16138 1586.2229 86633.89505 59.595 53813.0 40.568 49591.0 32.571 "" "" 0.0028547517295848084 0.0029077476 0.0038460686 0.0067538163 99.29441016781 4.80731237555 1495.73425 -1.2530000000000001 0.516
99.50966428555 5.06400125542 0.015 0.0144 25.8161 "" "" 3130916435916545920 1475.58203 0.6356 0.0158 1.227 1.622 0.018 0.015 1.059 4788.4 3.0079 13.352959 1.469413 14.030127 12.560714 18.81 2.13 1439.60864 1507.60413 85854.53408 14.692 33371.0 42.82 74967.0 43.39 "" "" 0.002761577530213313 0.0031186456 0.0038312697 0.0069499156 99.50966428555 5.06400125542 1475.58203 1.227 1.6219999999999999
99.36778600943 5.23472760451 0.0141 0.0139 28.1298 "" "" 3131062975901990784 1429.25269 0.6569 0.0159 2.291 -1.331 0.018 0.015 0.939 6157.5 3.6376 13.353877 0.951818 13.742764 12.790946 36.72 3.94 1399.01306 1458.77307 85781.91712 19.403 43482.0 33.992 60643.0 28.261 "" "" 0.0027662429701593733 0.0029164127 0.003813101 0.0067295134 99.36778600943 5.23472760451 1429.25269 2.2910000000000004 -1.3309999999999997
99.22089189998 5.14105945709 0.0803 0.0802 19.9025 "" "" 3130967047811246592 1533.98401 0.6743 0.1002 1.132 -3.248 0.094 0.082 5.946 7168.3 3.9869 13.37891 0.844776 13.694312 12.849536 "" "" 1316.48035 1812.43665 83826.78899 102.04 45467.0 46.057 57457.0 29.015 "" "" 0.003055897856816296 0.0029991104 0.003818945 0.006818055 99.22089189998 5.14105945709 1533.98401 1.1320000000000001 -3.248
99.44112043294 4.46324404375 0.0182 0.0157 27.1142 "" "" 3130857783843796992 1520.66028 0.6151 0.0199 1.355 -3.018 0.022 0.017 1.265 7499.1 3.7418 13.429989 0.85493 13.767437 12.912507 "" "" 1485.29065 1561.36938 79974.44227 20.77 42505.0 32.082 54220.0 41.334 "" "" 0.0027697109844380067 0.0029080266 0.003868955 0.0067769815 99.44112043294 4.46324404375 1520.66028 1.3549999999999998 -3.0179999999999993
98.88275412501 5.1052464273 0.0125 0.0119 23.8995 "" "" 3130975465947026688 1418.65991 0.6628 0.0138 1.602 -3.55 0.015 0.014 0.966 9253.6 3.9822 13.434911 0.809751 13.753737 12.943987 "" "" 1392.34338 1446.17847 79612.71469 19.084 43045.0 42.622 52670.0 24.692 "" "" 0.002767584843996186 0.0029901199 0.0038135033 0.0068036234 98.88275412501 5.1052464273 1418.65991 1.602 -3.55
99.05208090964 4.48343368007 0.0127 0.0119 20.8902 "" "" 3130867610728740864 1331.77795 0.7087 0.0144 -5.749 6.981 0.016 0.015 1.052 5257.8 3.1984 13.4377 1.778417 14.300786 12.522369 59.61 1.34 1306.59875 1355.83789 79408.40091 18.682 26008.0 25.375 77662.0 49.706 "" "" 0.0027671351036824016 0.0029844912 0.0038427357 0.006827227 99.05208090964 4.48343368007 1331.77795 -5.7490000000000006 6.981
99.34199271681 4.72017117919 0.0139 0.0123 12.4467 "" "" 3130899874523264256 1732.05359 0.5378 0.0153 -1.6 -1.355 0.018 0.014 1.083 5464.7 2.9219 13.45217 1.948137 14.4274 12.479262 44.42 1.87 1683.50842 1776.84631 78357.15815 20.527 23145.0 35.554 80808.0 52.869 "" "" 0.002769961775436467 0.0032506543 0.0038455587 0.0070962133 99.34199271681 4.72017117919 1732.05359 -1.6 -1.355
99.22328977244 4.9701876957 0.0142 0.0135 10.0897 "" "" 3130955880896363904 1441.43567 0.6533 0.0174 0.367 -1.953 0.018 0.014 1.039 7986.1 3.4976 13.464399 1.004063 13.873409 12.869347 "" "" 1410.71814 1473.77148 77479.5304 16.74 38553.0 35.539 56418.0 26.402 "" "" 0.002765287983187601 0.002964247 0.0038133825 0.0067776293 99.22328977244 4.9701876957 1441.43567 0.36699999999999994 -1.953
99.02997038989 5.15004118058 0.0135 0.0126 21.4632 "" "" 3130976599818595328 1391.16516 0.6775 0.0155 -1.002 0.724 0.017 0.015 1.083 9249.6 4.1769 13.496952 0.765229 13.794868 13.029639 "" "" 1363.86829 1418.08386 75191.03172 24.263 41445.0 37.342 48675.0 35.461 "" "" 0.00277750515408245 0.0029566907 0.0038612676 0.0068179583 99.02997038989 5.15004118058 1391.16516 -1.002 0.7239999999999999
99.35155200256 4.90767508241 0.0167 0.0177 12.8734 "" "" 3130913304882300416 1725.76208 0.5363 0.022 -1.414 0.634 0.019 0.016 1.241 "" "" 13.4985 0.537914 13.695853 13.157939 "" "" 1673.44629 1799.07214 75083.87156 35.177 45402.0 42.275 43250.0 28.789 "" "" 0.0028018806071480797 0.0029676731 0.0038478614 0.0068155346 99.35155200256 4.90767508241 1725.76208 -1.4139999999999997 0.634
99.37788710526 4.37285781047 0.014 0.0132 29.6595 "" "" 3130667877570085632 1651.8833 0.5623 0.0159 0.65 -4.407 0.017 0.014 1.098 "" "" 13.515502 2.173333 14.64459 12.471257 40.8 0.8 1606.18665 1696.63745 73917.24406 18.376 18949.0 26.306 81406.0 57.754 "" "" 0.0027685094079327234 0.0031712663 0.0038570794 0.007028346 99.37788710526 4.37285781047 1651.8833 0.6500000000000001 -4.406999999999999
98.9103433417 5.20243161312 0.0175 0.0163 27.5052 "" "" 3131728597054398208 1310.89978 0.723 0.0191 -0.958 -3.067 0.021 0.02 1.225 6756.7 3.9845 13.524074 0.829564 13.855041 13.025476 23.4 11.94 1280.43323 1345.16248 73335.99238 16.936 39210.0 40.128 48862.0 25.986 "" "" 0.00276670531990512 0.003003284 0.0038232373 0.0068265214 98.9103433417 5.20243161312 1310.89978 -0.958 -3.067
98.92776246412 4.99867453881 0.0125 0.0116 17.5718 "" "" 3130970518145012736 1706.95459 0.5406 0.0138 -0.421 -0.852 0.016 0.015 1.062 "" "" 13.546603 1.996245 14.551455 12.555209 50.73 1.5 1664.67578 1747.99036 71829.92677 18.886 20646.0 29.315 75349.0 36.822 "" "" 0.002770068937422819 0.0031877344 0.0038164442 0.0070041786 98.92776246412 4.99867453881 1706.95459 -0.421 -0.8519999999999999
98.80723111634 4.92329621523 0.013 0.0136 21.894 "" "" 3130946500687965824 1687.75684 0.5466 0.0165 -0.094 -1.59 0.015 0.014 1.175 "" "" 13.549377 1.975011 14.540459 12.565448 51.82 1.31 1642.4939 1732.52466 71646.62852 16.497 20856.0 28.041 74641.0 49.407 "" "" 0.002766638308333393 0.003148968 0.0038471064 0.0069960747 98.80723111634 4.92329621523 1687.75684 -0.094 -1.59
98.96222889575 4.77625334861 0.0138 0.0129 11.8872 "" "" 3130927499752651648 1310.87268 0.7213 0.0157 -3.324 0.683 0.017 0.015 1.006 "" "" 13.554669 0.666024 13.812276 13.146252 "" "" 1283.6593 1338.89075 71298.28334 29.808 40786.0 65.185 43718.0 59.313 "" "" 0.002792459775347982 0.0032857456 0.0040562996 0.007342045 98.96222889575 4.77625334861 1310.87268 -3.324 0.6830000000000002
98.8988020666 5.20327872192 0.0169 0.0162 27.9235 "" "" 3131728219097279104 1812.23438 0.5068 0.0199 2.734 -2.337 0.02 0.018 1.184 4886.0 2.6068 13.558335 1.875727 14.48871 12.612984 5.97 1.72 1743.03284 1875.96008 71057.958 25.104 21874.0 33.189 71444.0 56.839 "" "" 0.0027818918100898414 0.003240195 0.0038768349 0.00711703 98.8988020666 5.20327872192 1812.23438 2.734 -2.3370000000000006
99.47490176874 4.99780869303 0.2011 0.2104 21.9221 "" "" 3130915572624142080 1368.18347 0.8603 0.2585 -1.93 1.224 0.261 0.215 13.547 9659.9 4.3418 13.590341 0.60252 13.750394 13.147874 "" "" 1039.21753 1842.55493 68993.86072 249.05 43178.0 55.005 43652.0 48.573 "" "" 0.004790837933538238 0.003114178 0.003967785 0.007081963 99.47490176874 4.99780869303 1368.18347 -1.93 1.224
99.42734941502 5.21463166702 0.0159 0.016 28.8863 "" "" 3131062499166278400 1589.28271 0.5841 0.0185 -0.809 -0.927 0.02 0.017 0.988 9480.7 4.2958 13.609796 0.533614 13.812174 13.27856 "" "" 1539.77307 1641.35144 67768.58113 28.301 40789.0 38.347 38702.0 43.161 "" "" 0.002792378247187228 0.0029710177 0.003968606 0.0069396235 99.42734941502 5.21463166702 1589.28271 -0.8090000000000002 -0.9269999999999999
98.91478699964 5.21614150833 0.0205 0.0218 28.0649 "" "" 3131728631414130048 1401.67664 0.6764 0.0283 -1.036 0.439 0.024 0.024 1.273 "" "" 13.630885 0.656851 13.872619 13.215768 "" "" 1350.59912 1460.07178 66464.97224 32.211 38581.0 56.066 41006.0 36.9 "" "" 0.002805112559365694 0.0032053834 0.0039036258 0.007109009 98.91478699964 5.21614150833 1401.67664 -1.036 0.4389999999999999
99.03211378415 5.27242181553 0.0139 0.0137 28.4153 "" "" 3130984536917945088 1633.35059 0.5698 0.016 4.101 -1.831 0.016 0.015 1.051 4841.4 2.8954 13.652073 1.896049 14.593637 12.697589 29.27 1.43 1588.80188 1676.06482 65180.51076 13.071 19859.0 34.227 66088.0 39.303 "" "" 0.0027639093905434038 0.0033595667 0.0038341426 0.0071937093 99.03211378415 5.27242181553 1633.35059 4.101 -1.831
99.14938694451 5.13476655698 0.0144 0.0147 19.1619 "" "" 3130978558323633408 1907.69641 0.4858 0.0178 -1.651 -1.91 0.016 0.014 1.047 5202.4 2.6402 13.656351 1.739135 14.492436 12.753302 55.19 2.39 1850.44885 1963.00537 64924.18251 14.369 21799.0 34.805 62782.0 36.941 "" "" 0.0027657785515616904 0.003284836 0.0038329954 0.007117831 99.14938694451 5.13476655698 1907.69641 -1.6509999999999998 -1.9099999999999997
99.39622814003 5.16028305619 0.0155 0.0162 25.1447 "" "" 3130967838085144832 1303.03577 0.7283 0.0201 0.593 2.226 0.02 0.016 1.062 8123.2 4.1587 13.665307 0.722223 13.94723 13.225007 "" "" 1266.34827 1342.34253 64390.79259 25.27 36018.0 53.114 40659.0 28.237 "" "" 0.0027880720602954357 0.0032169106 0.003853866 0.0070707765 99.39622814003 5.16028305619 1303.03577 0.5929999999999999 2.2259999999999995
99.51133085884 4.91634584857 0.0306 0.0329 22.0244 "" "" 3130911316316044928 1557.99854 0.6029 0.0394 -1.38 0.584 0.035 0.03 1.756 9897.6 4.0746 13.666817 0.787768 13.971723 13.183954 "" "" 1475.67432 1659.55371 64301.3552 25.442 35215.0 74.471 42226.0 69.636 "" "" 0.0027886086197991397 0.0036134406 0.004182066 0.007795506 99.51133085884 4.91634584857 1557.99854 -1.38 0.584
99.52835849554 4.50016089508 0.0158 0.0165 29.1697 "" "" 3130693819172522624 1631.04675 0.5685 0.0206 -1.242 -3.366 0.019 0.015 1.025 "" "" 13.704261 0.675952 13.960739 13.284787 "" "" 1583.31226 1683.25586 62121.54228 22.158 35573.0 38.361 38481.0 22.788 "" "" 0.002782403031009892 0.0030258703 0.003833683 0.006859553 99.52835849554 4.50016089508 1631.04675 -1.2420000000000002 -3.366
99.22723405386 5.06488506448 0.0169 0.0202 15.5396 "" "" 3130965428604897408 1370.28442 0.6864 0.0247 1.217 -3.379 0.02 0.017 0.941 5867.5 3.9155 13.705336 1.079212 14.161523 13.082311 44.52 8.66 1325.91821 1418.84705 62060.07754 14.25 29567.0 28.618 46370.0 34.755 "" "" 0.002766575717306199 0.0029815119 0.003866 0.006847512 99.22723405386 5.06488506448 1370.28442 1.2169999999999999 -3.379
99.59317904257 4.98860590034 0.0157 0.0149 28.0617 "" "" 3130912037870513664 1396.81592 0.6723 0.0168 -0.4 2.741 0.02 0.017 1.028 6319.4 3.7857 13.728493 1.095183 14.190969 13.095785 27.7 5.82 1363.49402 1425.2998 60750.44477 13.774 28776.0 36.364 45798.0 27.327 "" "" 0.002766295179344124 0.0031092654 0.0038345049 0.00694377 99.59317904257 4.98860590034 1396.81592 -0.4000000000000001 2.7410000000000005
98.81696815965 4.58682100058 0.0147 0.0142 24.5347 "" "" 3130918325702599808 1493.13293 0.6253 0.0174 -1.17 -3.47 0.019 0.016 1.007 "" "" 13.729192 1.445671 14.372868 12.927197 "" "" 1458.37097 1529.15283 60711.35033 17.615 24337.0 20.356 53491.0 32.539 "" "" 0.002773270003726988 0.0029342382 0.003836657 0.006770895 98.81696815965 4.58682100058 1493.13293 -1.1700000000000004 -3.47
