Clusters/Collinder_104/Collinder_104_stars_in_region.tsv
# %ECSV 1.0
# ---
# datatype:
# - name: RA_ICRS_1
#   unit: deg
#   datatype: float64
#   format: '{:15.11f}'
#   description: Right ascension (ICRS) at Ep=2016.0 (ra)
#   meta: !!omap
#   - {ucd: POS_EQ_RA_MAIN}
#   - {width: 15}
#   - {precision: '11'}
# - name: DE_ICRS_1
#   unit: deg
#   datatype: float64
#   format: '{:15.11f}'
#   description: Declination (ICRS) at Ep=2016.0 (dec)
#   meta: !!omap
#   - {ucd: POS_EQ_DEC_MAIN}
#   - {width: 15}
#   - {precision: '11'}
# - name: e_RA_ICRS
#   unit: mas
#   datatype: float64
#   format: '{:7.4f}'
#   description: Standard error of right ascension (ra_error)
#   meta: !!omap
#   - {ucd: ERROR}
#   - {width: 7}
#   - {precision: '4'}
# - name: e_DE_ICRS
#   unit: mas
#   datatype: float64
#   format: '{:7.4f}'
#   description: Standard error of declination (dec_error)
#   meta: !!omap
#   - {ucd: ERROR}
#   - {width: 7}
#   - {precision: '4'}
# - name: _r_1
#   unit: ''
#   datatype: float64
#   format: '{:7.4f}'
#   description: Distance from center (099.15710650000+04.81549414000)[ICRS], at Epoch=J2016.0
#   meta: !!omap
#   - {ucd: POS_ANG_DIST_GENERAL}
#   - {width: 7}
#   - {precision: '4'}
# - name: HIP
#   datatype: int32
#   description: '? HIP cross-id number, van Leeuwen, Cat. I/311 (hip_original_ext_source_id)'
#   meta: !!omap
#   - {ucd: ID_NUMBER}
#   - {width: 6}
#   - values: {'null': -2147483648}
# - name: TYC2
#   datatype: string
#   description: Tycho-2 cross-id name, Hog et al., Cat. I/259 (tyc2_original_ext_source_id)
#   meta: !!omap
#   - {ucd: ID_CROSSID}
#   - {_votable_string_dtype: char}
# - name: Source
#   datatype: int64
#   description: Source identifier, identical to the Gaia-EDR3 source_id (id)
#   meta: !!omap
#   - {ucd: ID_MAIN}
#   - {width: 19}
# - name: rgeo
#   unit: pc
#   datatype: float64
#   format: '{:15.8f}'
#   description: '? Median of the geometric distance posterior (r_med_geo)'
#   meta: !!omap
#   - {ucd: PHYS_DISTANCE_TRUE}
#   - {width: 15}
#   - {precision: '8'}
#   - values: {'null': .nan}
# - name: Plx
#   unit: mas
#   datatype: float64
#   format: '{:9.4f}'
#   description: '? Parallax (parallax)'
#   meta: !!omap
#   - {ucd: POS_PARLX_TRIG}
#   - {width: 9}
#   - {precision: '4'}
#   - values: {'null': .nan}
# - name: e_Plx
#   unit: mas
#   datatype: float32
#   format: '{:7.4f}'
#   description: '? Standard error of parallax (parallax_error)'
#   meta: !!omap
#   - {ucd: ERROR}
#   - {width: 7}
#   - {precision: '4'}
#   - values: {'null': .nan}
# - name: pmRA
#   unit: mas / yr
#   datatype: float64
#   format: '{:9.3f}'
#   description: '? Proper motion in right ascension direction, pmRA*cosDE (pmra)'
#   meta: !!omap
#   - {ucd: POS_EQ_PMRA}
#   - {width: 9}
#   - {precision: '3'}
#   - values: {'null': .nan}
# - name: pmDE
#   unit: mas / yr
#   datatype: float64
#   format: '{:9.3f}'
#   description: '? Proper motion in declination direction (pmdec)'
#   meta: !!omap
#   - {ucd: POS_EQ_PMDEC}
#   - {width: 9}
#   - {precision: '3'}
#   - values: {'null': .nan}
# - name: e_pmRA
#   unit: mas / yr
#   datatype: float32
#   format: '{:6.3f}'
#   description: '? Standard error of proper motion in right ascension direction (pmra_error)'
#   meta: !!omap
#   - {ucd: ERROR}
#   - {width: 6}
#   - {precision: '3'}
#   - values: {'null': .nan}
# - name: e_pmDE
[...]
#         unit: &id001 !astropy.units.Unit {unit: deg}
#         value: !astropy.table.SerializedColumn {name: SkyCoord.dec}
#       distance: !astropy.table.SerializedColumn
#         __class__: astropy.coordinates.distances.Distance
#         unit: !astropy.units.Unit {unit: pc}
#         value: !astropy.table.SerializedColumn {name: SkyCoord.distance}
#       frame: icrs
#       obstime: !astropy.time.Time {format: jyear_str, in_subfmt: '*', jd1: 367701545.0, jd2: 0.0, out_subfmt: '*', precision: 3, scale: tt}
#       pm_dec: !astropy.table.SerializedColumn
#         __class__: astropy.units.quantity.Quantity
#         unit: !astropy.units.Unit {unit: mas / yr}
#         value: !astropy.table.SerializedColumn {name: SkyCoord.pm_dec}
#       pm_ra_cosdec: !astropy.table.SerializedColumn
#         __class__: astropy.units.quantity.Quantity
#         unit: !astropy.units.Unit {unit: mas / yr}
#         value: !astropy.table.SerializedColumn {name: SkyCoord.pm_ra_cosdec}
#       ra: !astropy.table.SerializedColumn
#         __class__: astropy.coordinates.angles.Longitude
#         unit: *id001
#         value: !astropy.table.SerializedColumn {name: SkyCoord.ra}
#         wrap_angle: !astropy.coordinates.Angle
#           unit: *id001
#           value: 360.0
#       representation_type: spherical
# schema: astropy-2.0
RA_ICRS_1 DE_ICRS_1 e_RA_ICRS e_DE_ICRS _r_1 HIP TYC2 Source rgeo Plx e_Plx pmRA pmDE e_pmRA e_pmDE RUWE Teff logg Gmag BP-RP BPmag RPmag RV e_RV b_rgeo B_rgeo FG e_FG FBP e_FBP FRP e_FRP RAVE5 RAVE6 e_Gmag e_BPmag e_RPmag e_BP-RP SkyCoord.ra SkyCoord.dec SkyCoord.distance SkyCoord.pm_ra_cosdec SkyCoord.pm_dec
[from data line 615]
99.63502606348 4.87868504856 0.0399 0.042 28.8231 "" "" 3130898289675957760 1582.62146 0.6006 0.0515 -0.004 -2.506 0.049 0.043 0.983 5767.7 4.5837 15.949801 1.169239 16.434206 15.264967 "" "" 1469.23547 1751.35083 7852.83112 4.3848 3645.3 23.779 6211.1 21.663 "" "" 0.002821227010821321 0.007612253 0.0053501134 0.012962366 99.63502606348 4.87868504856 1582.62146 -0.003999999999999997 -2.5060000000000002
98.67973948808 4.71419017939 0.0405 0.0383 29.183 "" "" 3130934917158222464 1456.00012 0.6601 0.0452 -4.747 -0.113 0.05 0.044 1.106 9287.8 3.7835 15.950015 2.272331 17.135967 14.863636 "" "" 1366.98193 1565.46997 7851.28459 5.1693 1910.0 15.172 8988.8 15.019 "" "" 0.0028465419121372934 0.009064602 0.004192222 0.013256824 98.67973948808 4.71419017939 1456.00012 -4.746999999999999 -0.11299999999999999
99.42349621762 4.5888206799 0.0402 0.0384 20.9457 "" "" 3130885890109761536 1364.72522 0.7169 0.0491 -0.3 -5.953 0.048 0.04 1.012 5317.9 4.5507 15.950246 1.292749 16.518991 15.226242 "" "" 1263.64587 1490.65002 7849.61437 4.0716 3371.5 26.475 6436.7 18.249 "" "" 0.002812285931011076 0.008970785 0.0048743393 0.013845124 99.42349621762 4.5888206799 1364.72522 -0.30000000000000004 -5.953000000000001
99.1177035482 4.86268434851 0.0395 0.0376 3.6833 "" "" 3130953063397909504 1486.91516 0.6334 0.0463 -0.327 -2.385 0.047 0.041 1.009 8495.0 4.4816 15.957797 1.449951 16.608698 15.158747 "" "" 1390.10107 1605.70911 7795.21133 4.8884 3104.1 13.572 6849.5 19.57 "" "" 0.002838198571142322 0.005506399 0.004889455 0.010395855 99.1177035482 4.86268434851 1486.91516 -0.327 -2.3850000000000002
99.34269651136 4.88384002149 0.0501 0.0525 11.8291 "" "" 3130907330582758912 1814.01135 0.532 0.0633 -2.652 2.177 0.061 0.054 1.17 5702.6 4.5957 15.958048 1.315646 16.425297 15.109651 "" "" 1640.42749 2126.99658 7793.41161 7.3235 3675.3 25.415 7166.3 142.05 "" "" 0.002938152740588128 0.008009646 0.021850731 0.029860377 99.34269651136 4.88384002149 1814.01135 -2.6519999999999997 2.1769999999999996
99.0178741633 4.97350612821 0.0376 0.0338 12.616 "" "" 3130958114279440768 1819.72656 0.5162 0.0403 0.022 -2.872 0.048 0.041 0.986 9447.4 4.2502 15.961517 1.591837 16.698395 15.106558 "" "" 1702.88049 1917.37915 7768.5481 3.8444 2858.0 9.8403 7186.8 15.91 "" "" 0.002807218481321538 0.004664729 0.004478943 0.009143672 99.0178741633 4.97350612821 1819.72656 0.022 -2.8720000000000008
99.65582488429 4.87476916036 0.0432 0.0462 30.0275 "" "" 3130898461474640128 1386.15955 0.6803 0.052 1.246 -5.493 0.056 0.05 0.913 5548.3 4.5851 15.964858 1.131359 16.447956 15.316597 "" "" 1290.08838 1475.91772 7744.67899 5.6629 3599.4 13.979 5922.7 16.262 "" "" 0.0028674115632370363 0.0050562248 0.0048136017 0.009869827 99.65582488429 4.87476916036 1386.15955 1.246 -5.493
99.30233891007 4.77466145016 0.0376 0.0345 9.0224 "" "" 3130904066410963456 1547.0636 0.6213 0.0419 4.68 -4.093 0.045 0.044 1.038 5568.7 4.4619 15.970849 1.378089 16.588877 15.210788 "" "" 1456.66516 1671.56958 7702.06276 4.1903 3161.3 18.001 6528.9 21.637 "" "" 0.0028179262712607635 0.00678283 0.0052182884 0.012001119 99.30233891007 4.77466145016 1547.0636 4.680000000000001 -4.093
99.25054737942 5.11736889779 0.0391 0.0428 18.9541 "" "" 3130966807293077120 1305.53296 0.7235 0.0524 -3.129 -6.351 0.048 0.042 0.969 5214.4 4.5944 15.970922 1.219633 16.500355 15.280722 "" "" 1229.20447 1481.18396 7701.54651 4.1392 3429.8 19.323 6121.7 14.512 "" "" 0.00281643320717794 0.0067231897 0.0045725615 0.011295751 99.25054737942 5.11736889779 1305.53296 -3.1289999999999996 -6.351000000000001
98.94916847936 4.72940730432 0.0397 0.0397 13.4633 "" "" 3130927259234502656 1775.99023 0.5223 0.0498 0.931 1.183 0.052 0.045 1.091 8070.7 4.3585 15.973743 1.372242 16.579767 15.207525 "" "" 1658.88184 1957.14038 7681.56631 4.7973 3187.9 12.91 6548.6 14.687 "" "" 0.002837527386802119 0.005207467 0.0044959118 0.009703379 98.94916847936 4.72940730432 1775.99023 0.9310000000000003 1.1830000000000003
99.00439501271 4.86834918692 0.0389 0.0351 9.6651 "" "" 3130932894231523968 1686.66272 0.5498 0.0443 0.281 -2.11 0.051 0.044 1.008 "" "" 15.975827 1.742144 16.803045 15.060902 "" "" 1550.11475 1872.52795 7666.82785 4.7478 2595.4 10.366 7495.4 12.601 "" "" 0.0028361691723917436 0.005156508 0.0041970764 0.009353585 99.00439501271 4.86834918692 1686.66272 0.2810000000000001 -2.11
99.40026547017 4.66021936222 0.041 0.0375 17.2684 "" "" 3130887505017453312 1601.46631 0.589 0.049 0.436 -2.504 0.051 0.043 1.017 6147.3 4.3805 15.976165 1.377897 16.588524 15.210627 "" "" 1495.98413 1701.72266 7664.44734 4.3918 3162.3 17.746 6529.9 16.387 "" "" 0.002824684721760305 0.006701349 0.004659149 0.011360498 99.40026547017 4.66021936222 1601.46631 0.43600000000000005 -2.504
99.26892934333 5.17132136829 0.046 0.0433 22.3714 "" "" 3130968697078655104 1283.40649 0.7481 0.0485 -4.035 5.503 0.054 0.045 0.97 5409.7 4.6651 15.977628 1.065208 16.425467 15.360259 "" "" 1189.98315 1363.6958 7654.12789 4.2731 3674.8 16.843 5689.2 18.931 "" "" 0.002821204156971555 0.0057051736 0.0052284044 0.010933578 99.26892934333 5.17132136829 1283.40649 -4.035 5.503000000000001
99.47948664684 5.16879464444 0.039 0.0412 28.6473 "" "" 3131058990172796672 1547.09509 0.6104 0.0506 -2.146 -2.922 0.048 0.041 1.006 5594.7 4.6451 15.982102 1.168463 16.481829 15.313366 "" "" 1419.25525 1706.72375 7622.64699 3.575 3488.9 16.337 5940.3 14.399 "" "" 0.00280197812310822 0.0057993457 0.0046054265 0.010404772 99.47948664684 5.16879464444 1547.09509 -2.1460000000000004 -2.9220000000000006
98.73125650611 4.90856064103 0.0345 0.0323 26.0642 "" "" 3130947943797003648 1491.59167 0.6255 0.039 -2.042 0.579 0.043 0.037 0.966 9398.4 4.3537 15.984128 1.513714 16.666595 15.152882 "" "" 1413.45386 1583.89526 7608.43748 4.0417 2942.9 21.091 6886.6 14.201 "" "" 0.0028150378471079535 0.008266314 0.004392776 0.01265909 98.73125650611 4.90856064103 1491.59167 -2.0420000000000003 0.579
99.08549096899 5.18147874083 0.0368 0.038 22.3724 "" "" 3130979692195004544 1330.58752 0.7098 0.0443 -0.105 -2.779 0.043 0.039 0.971 6302.2 4.3781 15.985549 1.353596 16.587265 15.233669 "" "" 1265.15454 1422.53564 7598.48621 3.6117 3166.0 13.954 6392.8 18.857 "" "" 0.002803233489633697 0.005539355 0.004953839 0.010493194 99.08549096899 5.18147874083 1330.58752 -0.10500000000000001 -2.7790000000000004
98.79216332213 5.04511132592 0.0338 0.0309 25.8017 "" "" 3130951585928868224 1378.65942 0.6931 0.0373 -1.413 0.522 0.041 0.036 0.94 6067.0 4.3951 15.991005 1.325102 16.577831 15.252729 "" "" 1299.83667 1447.94751 7560.39761 3.5911 3193.6 11.958 6281.5 15.994 "" "" 0.002803167525068357 0.004930766 0.004682546 0.009613312 98.79216332213 5.04511132592 1378.65942 -1.413 0.5220000000000001
99.6395989747 4.93389729387 0.041 0.0428 29.7068 "" "" 3130910697840722048 1762.36182 0.5547 0.0506 2.64 4.368 0.054 0.047 0.942 5704.8 4.5534 15.992746 1.170383 16.493258 15.322875 "" "" 1621.91089 1901.72009 7548.28326 3.898 3452.3 17.073 5888.5 14.147 "" "" 0.0028117886936735352 0.006051073 0.004592144 0.010643217 99.6395989747 4.93389729387 1762.36182 2.6400000000000006 4.367999999999999
99.02375802946 4.61772944065 0.0449 0.0434 14.2962 "" "" 3130878193528127872 1794.44373 0.52 0.053 0.435 -2.493 0.059 0.052 1.219 "" "" 15.993987 1.439191 16.627777 15.188586 "" "" 1625.06958 1994.12573 7539.66441 6.5978 3050.0 18.672 6663.8 21.303 "" "" 0.0029145305185617225 0.007208714 0.005131367 0.012340081 99.02375802946 4.61772944065 1794.44373 0.43499999999999994 -2.4929999999999994
98.74085494374 4.58711710765 0.0416 0.0416 28.4135 "" "" 3130918153903924224 1372.16211 0.6905 0.052 0.302 -3.525 0.055 0.05 1.078 5710.3 4.5014 15.994618 1.383481 16.614614 15.231133 "" "" 1280.09094 1468.09338 7535.28066 3.6227 3087.2 13.48 6407.7 16.737 "" "" 0.0028043282208638615 0.0055009094 0.00472508 0.010225989 98.74085494374 4.58711710765 1372.16211 0.302 -3.5250000000000004
99.63399100391 4.96862021063 0.0461 0.0471 29.9527 "" "" 3131004839224855296 1533.81311 0.6238 0.0579 0.164 -2.241 0.059 0.051 1.273 6370.7 4.4851 15.995444 1.16266 16.483328 15.320668 "" "" 1418.70251 1677.26904 7529.55264 4.6937 3484.1 14.575 5900.5 20.603 "" "" 0.00283722908656716 0.0053305114 0.00535315 0.010683661 99.63399100391 4.96862021063 1533.81311 0.164 -2.2410000000000005
98.73747485526 4.91193332809 0.035 0.0352 25.7459 "" "" 3130947943797001088 1412.77405 0.6644 0.0436 -1.155 0.769 0.045 0.039 1.009 9107.0 4.4597 15.996649 1.496825 16.673473 15.176648 "" "" 1343.5 1492.20923 7521.20391 3.7163 2924.3 18.044 6737.5 13.862 "" "" 0.002807061176395825 0.0072571943 0.0043901885 0.011647383 98.73747485526 4.91193332809 1412.77405 -1.155 0.7689999999999999
99.07763879638 4.97621155842 0.0414 0.0381 10.7498 "" "" 3130958011200200064 1466.30664 0.6439 0.0435 -2.729 0.047 0.049 0.043 1.043 5295.3 4.3827 15.99718 1.335696 16.58365 15.247954 "" "" 1370.88098 1562.71899 7517.52513 5.7918 3176.6 23.511 6309.2 30.946 "" "" 0.002879498583130311 0.0085064825 0.0065302304 0.015036713 99.07763879638 4.97621155842 1466.30664 -2.728999999999999 0.046999999999999986
98.80751207778 5.14547975012 0.0387 0.0357 28.7866 "" "" 3131726604189624320 1517.54907 0.618 0.0451 -1.987 0.538 0.047 0.048 0.996 8253.7 4.4327 15.997956 1.501369 16.67608 15.174712 "" "" 1398.40857 1670.41541 7512.14802 4.2357 2917.3 15.726 6749.5 14.781 "" "" 0.0028225103172633027 0.0064838235 0.004465106 0.01094893 98.80751207778 5.14547975012 1517.54907 -1.9869999999999999 0.5379999999999999
99.02758098217 4.87378092043 0.0485 0.0435 8.4968 "" "" 3130932928591253120 1293.34497 0.7532 0.0572 1.232 -10.658 0.06 0.053 1.123 4859.1 4.3576 15.999497 1.125892 16.47663 15.350738 "" "" 1205.5968 1392.26331 7501.49752 4.327 3505.6 14.539 5739.4 20.033 "" "" 0.0028255984230131253 0.005297315 0.005352148 0.010649463 99.02758098217 4.87378092043 1293.34497 1.232 -10.657999999999998
99.24312797691 4.9735723563 0.0436 0.0433 10.7891 "" "" 3130955777817138688 1534.72302 0.6483 0.0574 -0.024 -4.22 0.055 0.048 1.032 6025.2 4.4508 16.005234 1.353641 16.611929 15.258287 "" "" 1393.26709 1753.1825 7461.96861 4.6783 3094.9 11.682 6249.5 11.458 "" "" 0.0028381593940258816 0.004957865 0.0042715673 0.009229433 99.24312797691 4.9735723563 1534.72302 -0.024000000000000007 -4.22
99.1526148159 4.93080110998 0.0468 0.0434 6.9236 "" "" 3130955365500336128 1521.33728 0.6164 0.0532 -1.458 -1.061 0.057 0.051 0.872 "" "" 16.005642 1.588446 16.745459 15.157013 "" "" 1408.50488 1661.32312 7459.16087 5.0602 2736.7 14.213 6860.5 21.925 "" "" 0.0028520685133709344 0.006291308 0.0051306374 0.011421945 99.1526148159 4.93080110998 1521.33728 -1.4579999999999997 -1.061
99.22016136131 4.3231834842 0.0442 0.0419 29.7784 "" "" 3130848884671599360 1346.24866 0.7151 0.0532 0.717 -2.896 0.06 0.046 0.915 9211.8 3.6082 16.006855 2.246213 17.168753 14.92254 "" "" 1249.2146 1456.76501 7450.82564 6.2972 1853.2 23.4 8514.2 17.594 "" "" 0.002904106313467185 0.013990432 0.004395163 0.018385595 99.22016136131 4.3231834842 1346.24866 0.717 -2.8959999999999995
99.42080065631 4.59923529707 0.1394 0.128 20.4206 "" "" 3130885993188975488 1428.66235 0.7472 0.1591 -1.471 -6.278 0.168 0.138 3.702 4639.0 4.5905 16.009306 1.430217 16.616106 15.185889 "" "" 1120.28748 1844.54053 7434.0277 15.151 3083.0 11.045 6680.4 21.108 "" "" 0.003533872814121792 0.004786945 0.0051041828 0.009891128 99.42080065631 4.59923529707 1428.66235 -1.4709999999999999 -6.278
99.03261093785 5.18163408121 0.0407 0.0381 23.1945 "" "" 3130982784571483648 1778.22095 0.5393 0.0456 0.283 0.056 0.051 0.043 0.892 6270.1 4.405 16.012026 1.157554 16.506216 15.348662 "" "" 1662.59155 1934.01587 7415.43368 3.5045 3411.4 19.506 5750.3 11.832 "" "" 0.002802690722778042 0.0068063033 0.004390294 0.0111965975 99.03261093785 5.18163408121 1778.22095 0.28300000000000003 0.056
99.50990915222 4.71499366644 0.0432 0.0518 21.9399 "" "" 3130888879406948224 1591.91638 0.5996 0.0647 -0.834 -5.084 0.054 0.05 0.999 5448.9 4.6223 16.013914 1.121909 16.488531 15.366622 "" "" 1439.14307 1764.03955 7402.5477 4.3807 3467.4 16.417 5656.0 14.178 "" "" 0.0028292439474579276 0.0058490047 0.0046573626 0.010506367 99.50990915222 4.71499366644 1591.91638 -0.834 -5.0840000000000005
98.92233929303 5.10906316229 0.0434 0.04 22.5209 "" "" 3130974778752525824 1451.61169 0.6519 0.0421 -1.308 0.359 0.052 0.048 1.047 5777.8 4.507 16.017477 1.22602 16.541191 15.315171 "" "" 1367.41821 1543.4032 7378.29393 4.3396 3303.2 12.775 5930.5 18.667 "" "" 0.002828352700906095 0.0050415285 0.0050953883 0.010136917 98.92233929303 5.10906316229 1451.61169 -1.3079999999999998 0.359
99.1275856966 5.1065170225 0.038 0.0366 17.5503 "" "" 3130978382227732992 1545.20349 0.616 0.0462 0.655 -2.904 0.047 0.042 1.038 5147.9 4.1861 16.020363 1.589036 16.767889 15.178853 "" "" 1455.4071 1650.04309 7358.71199 3.6391 2680.8 13.809 6723.8 20.661 "" "" 0.0028071483151183366 0.006250074 0.0050412705 0.011291345 99.1275856966 5.1065170225 1545.20349 0.6550000000000002 -2.9039999999999995
99.35306805672 4.75735291211 0.0382 0.0357 12.225 "" "" 3130902314064293504 1356.50818 0.7015 0.0424 -1.426 3.188 0.048 0.042 0.93 5816.4 4.577 16.022291 1.23794 16.561283 15.323343 "" "" 1290.65588 1439.01282 7345.65472 5.1771 3242.7 20.728 5886.0 12.044 "" "" 0.002859603998987532 0.007480113 0.004383998 0.011864111 99.35306805672 4.75735291211 1356.50818 -1.426 3.188
99.22167519768 5.1193722317 0.0389 0.0395 18.6367 "" "" 3130966876012565120 1626.64905 0.5852 0.0487 2.092 -6.528 0.046 0.04 0.975 5707.5 4.5274 16.023575 1.220814 16.556849 15.336035 "" "" 1485.85046 1761.63391 7336.97398 3.8337 3255.9 12.73 5817.6 17.053 "" "" 0.0028131188063350095 0.005079902 0.004940914 0.010020816 99.22167519768 5.1193722317 1626.64905 2.092 -6.528
99.18412522825 5.12690267372 0.0451 0.0458 18.7542 "" "" 3130978661402838528 1595.5105 0.5865 0.0584 -3.659 -1.227 0.049 0.042 0.957 8504.3 4.4348 16.028915 1.445798 16.68262 15.236821 "" "" 1457.55469 1753.27283 7300.97493 3.9354 2899.8 10.145 6374.3 17.854 "" "" 0.0028167876442578474 0.0047131088 0.0048509664 0.009564076 99.18412522825 5.12690267372 1595.5105 -3.6589999999999994 -1.2269999999999999
98.78557480387 5.03625776083 0.0345 0.0322 25.8595 "" "" 3130951272394110080 1444.50708 0.6552 0.0386 -1.38 0.942 0.042 0.037 1.041 6123.4 4.3078 16.0294 1.449014 16.68289 15.233876 "" "" 1358.9281 1522.49463 7297.70783 3.5933 2899.1 14.765 6391.6 17.544 "" "" 0.0028067044136151284 0.006193678 0.0048130276 0.011006705 98.78557480387 5.03625776083 1444.50708 -1.38 0.942
99.64960722951 4.82124322302 0.0398 0.042 29.4476 "" "" 3130897121444789632 1529.87769 0.6345 0.0509 -6.242 -6.858 0.049 0.043 0.972 4960.1 4.3275 16.030014 1.269805 16.59069 15.320886 "" "" 1419.02405 1635.51636 7293.58032 3.9204 3156.0 11.451 5899.3 16.029 "" "" 0.0028164474387531967 0.0048274184 0.00479443 0.009621848 99.64960722951 4.82124322302 1529.87769 -6.242 -6.8580000000000005
99.098257057 4.7630793421 0.0514 0.0478 4.7192 "" "" 3130928186947714432 1694.4823 0.5612 0.0599 3.153 3.367 0.068 0.075 1.156 "" "" 16.038527 1.555846 16.244957 14.689111 "" "" 1527.12097 1870.35254 7236.62352 7.9942 4339.4 28.854 10556.0 70.805 "" "" 0.0030050532582493205 0.007739811 0.008204912 0.015944723 99.098257057 4.7630793421 1694.4823 3.153 3.3670000000000004
99.34631764191 5.00345039901 0.0444 0.0453 15.9724 "" "" 3130961378454429696 1526.37781 0.655 0.0562 0.229 -8.686 0.052 0.045 1.083 5034.6 4.314 16.039343 1.352011 16.644073 15.292063 "" "" 1399.26111 1671.0813 7231.18903 3.887 3004.6 13.045 6058.1 19.242 "" "" 0.0028164516790381237 0.005477777 0.005116279 0.010594056 99.34631764191 5.00345039901 1526.37781 0.22899999999999998 -8.685999999999998
