Clusters/Collinder_104/Collinder_104_members.tsv
# %ECSV 1.0
# ---
# datatype:
# - name: RA_ICRS_1
#   unit: deg
#   datatype: float64
#   format: '{:15.11f}'
#   description: Right ascension (ICRS) at Ep=2016.0 (ra)
#   meta: !!omap
#   - {ucd: POS_EQ_RA_MAIN}
#   - {width: 15}
#   - {precision: '11'}
# - name: DE_ICRS_1
#   unit: deg
#   datatype: float64
#   format: '{:15.11f}'
#   description: Declination (ICRS) at Ep=2016.0 (dec)
#   meta: !!omap
#   - {ucd: POS_EQ_DEC_MAIN}
#   - {width: 15}
#   - {precision: '11'}
# - name: e_RA_ICRS
#   unit: mas
#   datatype: float64
#   format: '{:7.4f}'
#   description: Standard error of right ascension (ra_error)
#   meta: !!omap
#   - {ucd: ERROR}
#   - {width: 7}
#   - {precision: '4'}
# - name: e_DE_ICRS
#   unit: mas
#   datatype: float64
#   format: '{:7.4f}'
#   description: Standard error of declination (dec_error)
#   meta: !!omap
#   - {ucd: ERROR}
#   - {width: 7}
#   - {precision: '4'}
# - name: _r_1
#   unit: ''
#   datatype: float64
#   format: '{:7.4f}'
#   description: Distance from center (099.15710650000+04.81549414000)[ICRS], at Epoch=J2016.0
#   meta: !!omap
#   - {ucd: POS_ANG_DIST_GENERAL}
#   - {width: 7}
#   - {precision: '4'}
# - name: HIP
#   datatype: int32
#   description: '? HIP cross-id number, van Leeuwen, Cat. I/311 (hip_original_ext_source_id)'
#   meta: !!omap
#   - {ucd: ID_NUMBER}
#   - {width: 6}
#   - values: {'null': -2147483648}
# - name: TYC2
#   datatype: string
#   description: Tycho-2 cross-id name, Hog et al., Cat. I/259 (tyc2_original_ext_source_id)
#   meta: !!omap
#   - {ucd: ID_CROSSID}
#   - {_votable_string_dtype: char}
# - name: Source
#   datatype: int64
#   description: Source identifier, identical to the Gaia-EDR3 source_id (id)
#   meta: !!omap
#   - {ucd: ID_MAIN}
#   - {width: 19}
# - name: rgeo
#   unit: pc
#   datatype: float64
#   format: '{:15.8f}'
#   description: '? Median of the geometric distance posterior (r_med_geo)'
#   meta: !!omap
#   - {ucd: PHYS_DISTANCE_TRUE}
#   - {width: 15}
#   - {precision: '8'}
#   - values: {'null': .nan}
# - name: Plx
#   unit: mas
#   datatype: float64
#   format: '{:9.4f}'
#   description: '? Parallax (parallax)'
#   meta: !!omap
#   - {ucd: POS_PARLX_TRIG}
#   - {width: 9}
#   - {precision: '4'}
#   - values: {'null': .nan}
# - name: e_Plx
#   unit: mas
#   datatype: float32
#   format: '{:7.4f}'
#   description: '? Standard error of parallax (parallax_error)'
#   meta: !!omap
#   - {ucd: ERROR}
#   - {width: 7}
#   - {precision: '4'}
#   - values: {'null': .nan}
# - name: pmRA
#   unit: mas / yr
#   datatype: float64
#   format: '{:9.3f}'
#   description: '? Proper motion in right ascension direction, pmRA*cosDE (pmra)'
#   meta: !!omap
#   - {ucd: POS_EQ_PMRA}
#   - {width: 9}
#   - {precision: '3'}
#   - values: {'null': .nan}
# - name: pmDE
#   unit: mas / yr
#   datatype: float64
#   format: '{:9.3f}'
#   description: '? Proper motion in declination direction (pmdec)'
#   meta: !!omap
#   - {ucd: POS_EQ_PMDEC}
#   - {width: 9}
#   - {precision: '3'}
#   - values: {'null': .nan}
# - name: e_pmRA
#   unit: mas / yr
#   datatype: float32
#   format: '{:6.3f}'
#   description: '? Standard error of proper motion in right ascension direction (pmra_error)'
#   meta: !!omap
#   - {ucd: ERROR}
#   - {width: 6}
#   - {precision: '3'}
#   - values: {'null': .nan}
# - name: e_pmDE
[...]
#       distance: !astropy.table.SerializedColumn
#         __class__: astropy.coordinates.distances.Distance
#         unit: !astropy.units.Unit {unit: pc}
#         value: !astropy.table.SerializedColumn {name: SkyCoord.distance}
#       frame: icrs
#       obstime: !astropy.time.Time {format: jyear_str, in_subfmt: '*', jd1: 367701545.0, jd2: 0.0, out_subfmt: '*', precision: 3, scale: tt}
#       pm_dec: !astropy.table.SerializedColumn
#         __class__: astropy.units.quantity.Quantity
#         unit: !astropy.units.Unit {unit: mas / yr}
#         value: !astropy.table.SerializedColumn {name: SkyCoord.pm_dec}
#       pm_ra_cosdec: !astropy.table.SerializedColumn
#         __class__: astropy.units.quantity.Quantity
#         unit: !astropy.units.Unit {unit: mas / yr}
#         value: !astropy.table.SerializedColumn {name: SkyCoord.pm_ra_cosdec}
#       ra: !astropy.table.SerializedColumn
#         __class__: astropy.coordinates.angles.Longitude
#         unit: *id001
#         value: !astropy.table.SerializedColumn {name: SkyCoord.ra}
#         wrap_angle: !astropy.coordinates.Angle
#           unit: *id001
#           value: 360.0
#       representation_type: spherical
# schema: astropy-2.0
RA_ICRS_1 DE_ICRS_1 e_RA_ICRS e_DE_ICRS _r_1 HIP TYC2 Source rgeo Plx e_Plx pmRA pmDE e_pmRA e_pmDE RUWE Teff logg Gmag BP-RP BPmag RPmag RV e_RV b_rgeo B_rgeo FG e_FG FBP e_FBP FRP e_FRP RAVE5 RAVE6 e_Gmag e_BPmag e_RPmag e_BP-RP SkyCoord.ra SkyCoord.dec SkyCoord.distance SkyCoord.pm_ra_cosdec SkyCoord.pm_dec rmRA rmDE e_rmRA e_rmDE rRV e_rRV v_pec v_pec3d e_vpec e_vpec3d Pmemb
99.19416320336 4.69448302656 0.0165 0.0157 7.5912 31598 154-214-1 3130879739716270848 1459.31042 0.6582 0.0183 -1.595 0.686 0.019 0.018 1.205 18944.9 3.3447 8.689985 0.666836 8.930953 8.264117 "" "" 1416.36243 1493.77319 6294377.4262 2253.1 3656200.0 4055.3 3922000.0 1452.0 "" "" 0.0027825947580475095 0.0030389589 0.0038006972 0.0068396563 99.19416320336 4.69448302656 1459.31042 -1.594999999999999 0.686 -0.16969224929809568 0.06486536121368414 0.17082499 0.16982499 "" "" 1.256615948938941 "" 0.21450161095275083 "" 0.98
99.13937369479 4.84734803692 0.0155 0.0159 2.1856 "" 154-2424-1 3130952238764186880 1478.09729 0.6518 0.021 -1.518 0.853 0.018 0.015 0.99 "" "" 10.826711 0.676054 11.077319 10.401265 "" "" 1429.97351 1522.15125 879554.2026 292.69 506390.0 443.98 547840.0 203.2 "" "" 0.002778907711363847 0.0029480855 0.0038007768 0.0067488626 99.13937369479 4.84734803692 1478.09729 -1.518 0.8530000000000004 -0.09269224929809572 0.23186536121368406 0.16982499 0.166825 "" "" 1.7494898536459658 "" 0.29258743083554106 "" 0.97
99.30876431594 4.87372346292 0.013 0.0124 9.7168 "" "" 3130907261866582784 1499.5697 0.6124 0.0156 -1.361 0.786 0.016 0.013 0.833 13213.3 4.0052 11.763037 0.383186 11.890901 11.507714 "" "" 1455.8877 1537.46326 371306.0513 94.93 239360.0 222.53 197730.0 116.67 "" "" 0.002769267547390461 0.002967141 0.0038332937 0.0068004346 99.30876431594 4.87372346292 1499.5697 -1.361 0.786 0.06430775070190431 0.16486536121368411 0.167825 0.16482499 "" "" 1.2578494217606395 "" 0.2078272701344915 "" 0.98
99.11043630917 4.73643939395 0.0142 0.0126 5.5032 "" "" 3130881148465559296 1453.92358 0.6432 0.0153 -1.463 0.648 0.018 0.015 1.018 "" "" 11.783265 0.664273 12.029812 11.365539 "" "" 1418.75476 1488.76501 364452.33686 72.499 210620.0 122.65 225390.0 97.747 "" "" 0.002763772277143761 0.002860908 0.0038086004 0.0066695083 99.11043630917 4.73643939395 1453.92358 -1.4629999999999999 0.648 -0.03769224929809578 0.026865361213684102 0.16982499 0.166825 "" "" 0.31898892341532353 "" 0.05385180835164194 "" 0.99
99.10854718765 4.9038232236 0.0126 0.0118 6.0428 "" "" 3130956701231859840 1533.89941 0.6082 0.0143 -1.423 1.145 0.015 0.013 0.794 "" "" 11.87056 0.770494 12.162769 11.392275 -41.9 34.12 1501.67651 1561.29846 336296.9203 115.95 186340.0 203.1 219910.0 204.89 "" "" 0.0027806336798510607 0.0030307528 0.003912419 0.006943172 99.10854718765 4.9038232236 1533.89941 -1.423 1.145 0.0023077507019042542 0.5238653612136841 0.166825 0.16482499 -31.42 56.714996 3.8088960400031757 31.650025103363692 0.6278014096415622 56.30285547962835 0.86
98.97635967343 4.71077386807 0.0187 0.0198 12.5011 "" "" 3130926224143943680 1517.98059 0.6329 0.0247 -1.497 0.574 0.023 0.02 1.545 "" "" 12.434903 0.777387 12.728348 11.950961 "" "" 1466.14075 1576.36633 199979.57473 50.005 110680.0 80.175 131450.0 79.351 "" "" 0.0027686631488126013 0.0028988994 0.0038357913 0.0067346906 98.97635967343 4.71077386807 1517.98059 -1.4970000000000003 0.5739999999999997 -0.07169224929809581 -0.04713463878631596 0.174825 0.17182499 "" "" 0.6173427120032732 "" 0.10737136388023907 "" 0.96
98.91516685882 4.78312911556 0.0146 0.0143 14.5952 "" "" 3130930587830709760 1324.86157 0.728 0.0183 -1.048 0.61 0.021 0.017 1.173 "" "" 12.522963 0.81906 12.838655 12.019594 "" "" 1297.87915 1353.19531 184400.33501 65.512 99990.0 99.444 123400.0 139.41 "" "" 0.002782189256241985 0.0029918277 0.0039734463 0.006965274 98.91516685882 4.78312911556 1324.86157 -1.0480000000000007 0.61 0.37730775070190425 -0.011134638786315931 0.172825 0.168825 "" "" 2.3704652823348016 "" 0.409667492539979 "" 0.98
99.10184543196 4.83912333786 0.0145 0.0133 3.5952 "" "" 3130952857239494400 1567.30945 0.6088 0.0167 -1.978 0.616 0.018 0.015 1.031 "" "" 12.928999 0.919436 13.292598 12.373161 "" "" 1515.93579 1610.25439 126866.61142 35.215 65823.0 82.074 89103.0 46.87 "" "" 0.0027717530957551135 0.0031012583 0.0038222906 0.006923549 99.10184543196 4.83912333786 1567.30945 -1.978 0.6160000000000001 -0.5526922492980957 -0.005134638786315926 0.16982499 0.166825 "" "" 4.106153768467331 "" 0.697326459315935 "" 0.89
99.31388879382 4.83316190682 0.0122 0.0116 9.4334 "" "" 3130905956196540416 1428.67688 0.6555 0.0143 -1.131 0.279 0.015 0.013 0.976 "" "" 13.128674 0.444585 13.287286 12.842701 "" "" 1401.78052 1461.56128 105554.67203 50.21 66146.0 61.162 57820.0 49.042 "" "" 0.00280330533329458 0.0029652854 0.0038899605 0.0068552457 99.31388879382 4.83316190682 1428.67688 -1.1309999999999993 0.279 0.2943077507019043 -0.3421346387863159 0.166825 0.16482499 "" "" 3.0561823447730387 "" 0.5063436887400152 "" 0.99
99.10487222711 4.75437945262 0.0215 0.0197 4.8166 "" "" 3130928083868164608 1515.43225 0.6211 0.0238 -1.322 0.457 0.027 0.023 1.977 "" "" 13.289916 1.04886 13.717033 12.668174 "" "" 1449.5675 1605.83789 90987.21021 37.396 44525.0 45.973 67903.0 58.235 "" "" 0.002791221969997399 0.003006957 0.0038923987 0.006899356 99.10487222711 4.75437945262 1515.43225 -1.322 0.4570000000000002 0.10330775070190423 -0.1641346387863159 0.17882499 0.174825 "" "" 1.3930989168636851 "" 0.24514253613538692 "" 0.99
99.29441016781 4.80731237555 0.0292 0.0271 8.2239 "" "" 3130905818757608064 1495.73425 0.6218 0.0328 -1.253 0.516 0.035 0.033 2.007 10337.4 3.8904 13.343147 0.501932 13.511324 13.009392 "" "" 1417.16138 1586.2229 86633.89505 59.595 53813.0 40.568 49591.0 32.571 "" "" 0.0028547517295848084 0.0029077476 0.0038460686 0.0067538163 99.29441016781 4.80731237555 1495.73425 -1.2530000000000006 0.516 0.1723077507019044 -0.1051346387863159 0.18682499 0.184825 "" "" 1.4310691898215744 "" 0.2665860585837267 "" 0.99
99.1127887354 4.73389151326 0.0178 0.016 5.5672 "" "" 3130881079743261184 1383.29871 0.6785 0.0195 -1.385 0.528 0.021 0.019 1.183 6860.4 3.7435 13.826314 0.896392 14.089929 13.193537 "" "" 1351.16248 1416.03113 55516.39379 30.48 31582.0 54.119 41855.0 74.417 "" "" 0.0028190641747263146 0.0033535927 0.004243843 0.0075974353 99.1127887354 4.73389151326 1383.29871 -1.3850000000000002 0.5279999999999997 0.04030775070190429 -0.0931346387863159 0.172825 0.17082499 "" "" 0.6654066143874648 "" 0.11387905817714664 "" 0.98
99.17228436476 4.84712370868 0.017 0.0156 2.1036 "" "" 3130952582361558016 1506.20911 0.6195 0.0182 -1.333 0.666 0.02 0.017 1.018 "" "" 13.830907 0.764255 14.124893 13.360639 "" "" 1473.96509 1544.3866 55282.02276 19.176 30582.0 30.776 35884.0 41.821 "" "" 0.0027809402713287377 0.002996477 0.003985585 0.006982062 99.17228436476 4.84712370868 1506.20911 -1.333 0.6659999999999999 0.09230775070190433 0.04486536121368412 0.17182499 0.168825 "" "" 0.7327443285836321 "" 0.1254866988469259 "" 0.99
99.23102233643 4.64185147531 0.0163 0.0151 11.3173 "" "" 3130876402523646464 1518.0166 0.6203 0.018 -1.471 0.581 0.019 0.018 1.009 7344.8 3.9674 14.187578 0.910027 14.557729 13.647701 "" "" 1476.13916 1552.52856 39802.98341 14.93 20527.0 36.097 27547.0 33.761 "" "" 0.002785255395114947 0.0033808881 0.00400679 0.007387678 99.23102233643 4.64185147531 1518.0166 -1.4709999999999988 0.5810000000000003 -0.04569224929809579 -0.04013463878631596 0.17082499 0.16982499 "" "" 0.4375944802168891 "" 0.07456180817973511 "" 0.99
99.14494274251 4.74715679165 0.0205 0.0188 4.1642 "" "" 3130881217185016960 1631.00256 0.5714 0.0231 -1.661 0.294 0.025 0.022 1.158 7984.4 3.9195 14.305661 0.999431 14.711155 13.711724 "" "" 1578.14966 1701.12781 35701.16186 18.619 17822.0 19.491 25970.0 49.519 "" "" 0.002812901313904236 0.0030323255 0.004309256 0.0073415814 99.14494274251 4.74715679165 1631.00256 -1.661 0.2939999999999998 -0.23569224929809574 -0.32713463878631593 0.176825 0.173825 "" "" 3.1170975462571358 "" 0.5450429357835893 "" 0.97
99.20283577423 4.84904915727 0.02 0.0189 3.3953 "" "" 3130952410562855040 1460.20483 0.6465 0.0225 -1.457 0.762 0.023 0.019 0.966 9428.4 4.1792 14.32735 0.743441 14.612011 13.86857 "" "" 1417.61096 1500.13501 34995.07243 13.6 19526.0 26.806 22477.0 56.664 "" "" 0.0027874410095917123 0.003163345 0.0046664258 0.00782977 99.20283577423 4.84904915727 1460.20483 -1.4569999999999999 0.762 -0.031692249298095776 0.1408653612136841 0.174825 0.17082499 "" "" 0.9993522135764163 "" 0.17090906484892443 "" 0.99
99.19285955981 4.69923067504 0.0184 0.0174 7.296 "" "" 3130879907216624640 1479.02271 0.6381 0.0208 -1.473 0.467 0.022 0.02 0.888 "" "" 14.497141 1.040633 14.927233 13.8866 "" "" 1430.3324 1522.88745 29928.8702 7.4373 14606.0 24.819 22106.0 24.308 "" "" 0.0027684984922182448 0.0033449624 0.00396347 0.0073084324 99.19285955981 4.69923067504 1479.02271 -1.4730000000000003 0.4669999999999998 -0.04769224929809579 -0.1541346387863159 0.173825 0.17182499 "" "" 1.1311163106597388 "" 0.19455276258191087 "" 0.98
99.03621625274 5.00885160287 0.0219 0.0199 13.6682 "" "" 3130970037108630784 1493.0769 0.6287 0.0229 -1.457 0.815 0.025 0.022 1.013 10116.0 4.2273 14.577933 1.043735 15.004051 13.960316 "" "" 1447.46375 1537.19971 27782.64189 8.8849 13608.0 31.262 20655.0 29.128 "" "" 0.002777111869352646 0.0037425293 0.004077752 0.007820281 99.03621625274 5.00885160287 1493.0769 -1.4570000000000003 0.815 -0.031692249298095776 0.19386536121368403 0.176825 0.173825 "" "" 1.3902331777671684 "" 0.24176674617312996 "" 0.99
99.20640160231 4.67403904773 0.0184 0.0175 8.9846 "" "" 3130876784778776064 1568.85181 0.5959 0.0207 -1.489 0.633 0.022 0.02 1.019 7148.0 4.0052 14.583807 1.34932 15.179781 13.830461 20.94 11.07 1514.77124 1616.61243 27632.72789 9.1703 11575.0 22.117 23280.0 18.557 "" "" 0.002778779828025671 0.0034769122 0.0038772097 0.0073541217 99.20640160231 4.67403904773 1568.85181 -1.488999999999999 0.633 -0.0636922492980958 0.01186536121368409 0.173825 0.17182499 31.42 33.665 0.4817869915811781 31.423693587884557 0.0837144825029102 33.661043905501764 0.99
99.08895115993 5.02706682021 0.0244 0.0229 13.3322 "" "" 3130959896688428928 1597.32483 0.5817 0.0266 -1.262 0.717 0.031 0.027 1.051 7980.9 4.1081 14.756065 1.009058 15.156799 14.147741 "" "" 1537.36206 1659.18457 23578.74677 8.212 11822.0 22.256 17380.0 26.794 "" "" 0.0027811471009586727 0.0034587537 0.004133454 0.0075922078 99.08895115993 5.02706682021 1597.32483 -1.2619999999999998 0.7169999999999999 0.1633077507019043 0.09586536121368405 0.182825 0.17882499 "" "" 1.4337526635514493 "" 0.2606680714887765 "" 0.99
99.31302755045 4.92922139398 0.0285 0.0281 11.5521 "" "" 3130954643945762560 1322.30432 0.7208 0.0352 -1.292 0.045 0.034 0.028 1.098 7437.7 4.2521 14.791894 1.023272 15.213426 14.190154 "" "" 1270.04883 1375.79504 22813.35525 8.4356 11221.0 21.59 16715.0 22.888 "" "" 0.002784414859438105 0.0034855572 0.004061284 0.007546841 99.31302755045 4.92922139398 1322.30432 -1.292 0.04499999999999999 0.13330775070190426 -0.5761346387863159 0.18582499 0.179825 "" "" 3.706456139156931 "" 0.6676614289281522 "" 0.93
99.32134169136 4.86382229827 0.0238 0.0232 10.2382 "" "" 3130907193147633024 1600.53162 0.5737 0.0285 -1.159 0.851 0.03 0.025 0.97 8061.0 4.2505 14.888407 0.995513 15.294433 14.29892 "" "" 1539.61426 1686.96301 20872.95706 7.48 10415.0 17.626 15121.0 18.712 "" "" 0.0027826560601947217 0.0033408564 0.004011102 0.007351958 99.32134169136 4.86382229827 1600.53162 -1.159 0.8509999999999995 0.26630775070190427 0.22986536121368406 0.181825 0.176825 "" "" 2.66888014010119 "" 0.479617196719657 "" 0.97
99.10703590416 4.75693532951 0.023 0.021 4.616 "" "" 3130928118227900672 1520.5354 0.6151 0.0259 -1.537 0.635 0.029 0.025 0.981 9411.3 4.2127 14.926342 1.076477 15.374393 14.297915 "" "" 1453.9137 1573.14954 20156.26819 8.8738 9675.2 15.201 15135.0 32.348 "" "" 0.002796474405133914 0.003270308 0.004434934 0.007705242 99.10703590416 4.75693532951 1520.5354 -1.537 0.6349999999999997 -0.11169224929809562 0.013865361213684091 0.180825 0.176825 "" "" 0.8111828046100809 "" 0.14663341926789658 "" 0.99
99.27322925891 4.7145242762 0.0219 0.0208 9.2147 "" "" 3130900458638472448 1347.6228 0.6948 0.0249 -1.225 0.763 0.026 0.023 1.001 7937.0 4.1805 14.936141 1.259512 15.480318 14.220806 "" "" 1304.37378 1386.46375 19975.17075 6.5932 8775.9 24.531 16249.0 16.235 "" "" 0.0027785279423010534 0.004122598 0.0039319866 0.008054584 99.27322925891 4.7145242762 1347.6228 -1.2249999999999999 0.7630000000000001 0.2003077507019042 0.1418653612136841 0.177825 0.174825 "" "" 1.567911428360401 "" 0.27725147705041303 "" 0.98
99.27322795647 4.73591678931 0.0221 0.0208 8.4264 "" "" 3130900561717678592 1518.02258 0.6222 0.0244 -1.507 0.747 0.027 0.023 0.982 9546.5 4.3009 14.942098 1.071036 15.386761 14.315724 "" "" 1467.5614 1567.27197 19865.87152 5.7729 9565.6 26.438 14889.0 16.12 "" "" 0.00277332559710087 0.0040975604 0.003957971 0.008055531 99.27322795647 4.73591678931 1518.02258 -1.507 0.747 -0.0816922492980956 0.12586536121368408 0.17882499 0.174825 "" "" 1.0796908550661817 "" 0.19004725806648834 "" 0.99
99.07370584852 4.80752067369 0.0273 0.0252 5.0093 "" "" 3130929320818733184 1574.00244 0.5934 0.0318 -1.533 0.594 0.034 0.029 1.029 9363.7 4.1828 15.038971 1.075516 15.482283 14.406767 "" "" 1481.98193 1688.92712 18170.13718 9.3109 8760.0 41.507 13692.0 23.883 "" "" 0.002810930181107077 0.0058524124 0.00422734 0.010079753 99.07370584852 4.80752067369 1574.00244 -1.5329999999999995 0.5940000000000001 -0.10769224929809562 -0.027134638786315946 0.18582499 0.180825 "" "" 0.8285793700689714 "" 0.15372657168108017 "" 0.99
99.17870538887 4.91739547033 0.0294 0.0266 6.2489 "" "" 3130955124982161792 1423.16772 0.665 0.033 -1.538 0.101 0.035 0.029 0.993 6780.9 4.1204 15.171297 1.049986 15.60546 14.555474 "" "" 1356.43201 1479.43884 16085.25485 5.8379 7820.5 20.999 11939.0 18.255 "" "" 0.0027833551732281037 0.0040353714 0.0041279183 0.00816329 99.17870538887 4.91739547033 1423.16772 -1.538 0.101 -0.11269224929809574 -0.5201346387863159 0.18682499 0.180825 "" "" 3.5901401393057477 "" 0.6501681759893041 "" 0.88
99.15823825466 4.85238475072 0.0297 0.0276 2.2145 "" "" 3130952612423689344 1454.82849 0.6503 0.0336 -1.408 0.552 0.036 0.034 1.048 6025.4 4.111 15.207321 1.41397 15.84032 14.42635 "" "" 1388.2915 1524.40552 15560.31291 6.06 6299.3 18.047 13447.0 16.654 "" "" 0.002787576934146136 0.004178584 0.0040114685 0.008190053 99.15823825466 4.85238475072 1454.82849 -1.408 0.5520000000000002 0.01730775070190438 -0.06913463878631587 0.187825 0.18582499 "" "" 0.49145746579423816 "" 0.09138334260231984 "" 0.99
99.22333714451 4.88590274534 0.0345 0.0303 5.7901 "" "" 3130954025470529408 1579.66602 0.5876 0.035 -1.439 0.531 0.044 0.033 1.007 7125.8 4.3519 15.32596 1.242286 15.860466 14.61818 "" "" 1496.85193 1668.94653 13949.62973 6.3964 6183.4 21.436 11269.0 24.85 "" "" 0.0027999361726499983 0.004685314 0.00447393 0.009159245 99.22333714451 4.88590274534 1579.66602 -1.439 0.5310000000000004 -0.01369224929809576 -0.09013463878631589 0.195825 0.184825 "" "" 0.6826362585271404 "" 0.1263425396921761 "" 0.99
99.0182508995 4.80255700037 0.0335 0.033 8.3382 "" "" 3130929080300589184 1453.5686 0.6524 0.041 -1.33 0.558 0.042 0.037 1.244 9392.4 3.984 15.454408 1.421324 16.089542 14.668219 "" "" 1362.49048 1547.92432 12393.20457 5.4484 5007.3 14.92 10761.0 13.981 "" "" 0.002796359030886162 0.00427212 0.0040340517 0.008306172 99.0182508995 4.80255700037 1453.5686 -1.33 0.558 0.09530775070190423 -0.06313463878631587 0.19382499 0.188825 "" "" 0.7876697936654035 "" 0.15147981766108554 "" 0.88
99.18964018977 4.6415106672 0.0291 0.0268 10.6187 "" "" 3130876269382720384 1529.07922 0.6145 0.0314 -1.408 0.448 0.036 0.033 0.932 5877.0 3.9805 15.540624 1.433733 16.184887 14.751154 "" "" 1444.35339 1603.11987 11447.14591 5.6483 4586.3 16.501 9970.0 25.271 "" "" 0.002806919049485231 0.0048004882 0.0046751834 0.009475672 99.18964018977 4.6415106672 1529.07922 -1.408 0.44800000000000023 0.01730775070190438 -0.1731346387863159 0.187825 0.184825 "" "" 1.2611059113745393 "" 0.23312163879810602 "" 0.99
