Clusters/LP_0288/LP_0288_stars_in_region.tsv
# %ECSV 1.0
# ---
# datatype:
# - name: RA_ICRS_1
#   unit: deg
#   datatype: float64
#   format: '{:15.11f}'
#   description: Right ascension (ICRS) at Ep=2016.0 (ra)
#   meta: !!omap
#   - {ucd: POS_EQ_RA_MAIN}
#   - {width: 15}
#   - {precision: '11'}
# - name: DE_ICRS_1
#   unit: deg
#   datatype: float64
#   format: '{:15.11f}'
#   description: Declination (ICRS) at Ep=2016.0 (dec)
#   meta: !!omap
#   - {ucd: POS_EQ_DEC_MAIN}
#   - {width: 15}
#   - {precision: '11'}
# - name: e_RA_ICRS
#   unit: mas
#   datatype: float64
#   format: '{:7.4f}'
#   description: Standard error of right ascension (ra_error)
#   meta: !!omap
#   - {ucd: ERROR}
#   - {width: 7}
#   - {precision: '4'}
# - name: e_DE_ICRS
#   unit: mas
#   datatype: float64
#   format: '{:7.4f}'
#   description: Standard error of declination (dec_error)
#   meta: !!omap
#   - {ucd: ERROR}
#   - {width: 7}
#   - {precision: '4'}
# - name: _r_1
#   unit: ''
#   datatype: float64
#   format: '{:7.4f}'
#   description: Distance from center (273.48350714000-19.51389433000)[ICRS], at Epoch=J2016.0
#   meta: !!omap
#   - {ucd: POS_ANG_DIST_GENERAL}
#   - {width: 7}
#   - {precision: '4'}
# - name: HIP
#   datatype: int32
#   description: '? HIP cross-id number, van Leeuwen, Cat. I/311 (hip_original_ext_source_id)'
#   meta: !!omap
#   - {ucd: ID_NUMBER}
#   - {width: 6}
#   - values: {'null': -2147483648}
# - name: TYC2
#   datatype: string
#   description: Tycho-2 cross-id name, Hog et al., Cat. I/259 (tyc2_original_ext_source_id)
#   meta: !!omap
#   - {ucd: ID_CROSSID}
#   - {_votable_string_dtype: char}
# - name: Source
#   datatype: int64
#   description: Source identifier, identical to the Gaia-EDR3 source_id (id)
#   meta: !!omap
#   - {ucd: ID_MAIN}
#   - {width: 19}
# - name: rgeo
#   unit: pc
#   datatype: float64
#   format: '{:15.8f}'
#   description: '? Median of the geometric distance posterior (r_med_geo)'
#   meta: !!omap
#   - {ucd: PHYS_DISTANCE_TRUE}
#   - {width: 15}
#   - {precision: '8'}
#   - values: {'null': .nan}
# - name: Plx
#   unit: mas
#   datatype: float64
#   format: '{:9.4f}'
#   description: '? Parallax (parallax)'
#   meta: !!omap
#   - {ucd: POS_PARLX_TRIG}
#   - {width: 9}
#   - {precision: '4'}
#   - values: {'null': .nan}
# - name: e_Plx
#   unit: mas
#   datatype: float32
#   format: '{:7.4f}'
#   description: '? Standard error of parallax (parallax_error)'
#   meta: !!omap
#   - {ucd: ERROR}
#   - {width: 7}
#   - {precision: '4'}
#   - values: {'null': .nan}
# - name: pmRA
#   unit: mas / yr
#   datatype: float64
#   format: '{:9.3f}'
#   description: '? Proper motion in right ascension direction, pmRA*cosDE (pmra)'
#   meta: !!omap
#   - {ucd: POS_EQ_PMRA}
#   - {width: 9}
#   - {precision: '3'}
#   - values: {'null': .nan}
# - name: pmDE
#   unit: mas / yr
#   datatype: float64
#   format: '{:9.3f}'
#   description: '? Proper motion in declination direction (pmdec)'
#   meta: !!omap
#   - {ucd: POS_EQ_PMDEC}
#   - {width: 9}
#   - {precision: '3'}
#   - values: {'null': .nan}
# - name: e_pmRA
#   unit: mas / yr
#   datatype: float32
#   format: '{:6.3f}'
#   description: '? Standard error of proper motion in right ascension direction (pmra_error)'
#   meta: !!omap
#   - {ucd: ERROR}
#   - {width: 6}
#   - {precision: '3'}
#   - values: {'null': .nan}
# - name: e_pmDE
[...]
#         unit: &id001 !astropy.units.Unit {unit: deg}
#         value: !astropy.table.SerializedColumn {name: SkyCoord.dec}
#       distance: !astropy.table.SerializedColumn
#         __class__: astropy.coordinates.distances.Distance
#         unit: !astropy.units.Unit {unit: pc}
#         value: !astropy.table.SerializedColumn {name: SkyCoord.distance}
#       frame: icrs
#       obstime: !astropy.time.Time {format: jyear_str, in_subfmt: '*', jd1: 367701545.0, jd2: 0.0, out_subfmt: '*', precision: 3, scale: tt}
#       pm_dec: !astropy.table.SerializedColumn
#         __class__: astropy.units.quantity.Quantity
#         unit: !astropy.units.Unit {unit: mas / yr}
#         value: !astropy.table.SerializedColumn {name: SkyCoord.pm_dec}
#       pm_ra_cosdec: !astropy.table.SerializedColumn
#         __class__: astropy.units.quantity.Quantity
#         unit: !astropy.units.Unit {unit: mas / yr}
#         value: !astropy.table.SerializedColumn {name: SkyCoord.pm_ra_cosdec}
#       ra: !astropy.table.SerializedColumn
#         __class__: astropy.coordinates.angles.Longitude
#         unit: *id001
#         value: !astropy.table.SerializedColumn {name: SkyCoord.ra}
#         wrap_angle: !astropy.coordinates.Angle
#           unit: *id001
#           value: 360.0
#       representation_type: spherical
# schema: astropy-2.0
RA_ICRS_1 DE_ICRS_1 e_RA_ICRS e_DE_ICRS _r_1 HIP TYC2 Source rgeo Plx e_Plx pmRA pmDE e_pmRA e_pmDE RUWE Teff logg Gmag BP-RP BPmag RPmag RV e_RV b_rgeo B_rgeo FG e_FG FBP e_FBP FRP e_FRP RAVE5 RAVE6 e_Gmag e_BPmag e_RPmag e_BP-RP SkyCoord.ra SkyCoord.dec SkyCoord.distance SkyCoord.pm_ra_cosdec SkyCoord.pm_dec
[from data line 2558]
273.63086261122 -19.7323588927 0.0583 0.0533 15.5296 "" "" 4094633051924005760 2320.72095 0.4179 0.0657 -0.628 0.815 0.069 0.053 1.038 5413.9 3.718 16.568907 1.951054 17.543892 15.592838 "" "" 2040.27502 2916.64307 4440.00848 2.9226 1311.8 9.5658 4592.2 17.054 "" "" 0.0028464983384128887 0.008394578 0.0055264314 0.013921009 273.63086261122 -19.7323588927 2320.72095 -0.628 0.815
273.56297430309 -19.48058859662 0.0721 0.062 4.9188 "" "" 4094674863409736320 2274.86914 0.4454 0.0755 -0.025 -1.777 0.074 0.06 0.977 "" "" 16.569178 1.526606 17.258665 15.73206 "" "" 1941.61804 2898.82007 4438.90586 3.9168 1705.9 12.273 4039.6 21.06 "" "" 0.0029171241921968506 0.008294633 0.0068061324 0.015100765 273.56297430309 -19.48058859662 2274.86914 -0.024999999999999994 -1.777
273.4024998787 -19.30078861102 0.056 0.048 13.5833 "" "" 4094727781719518080 2433.25635 0.4032 0.0604 -2.388 -2.096 0.071 0.051 0.907 "" "" 16.570145 1.477451 17.232695 15.755243 "" "" 2142.85571 2767.94971 4434.95424 3.7934 1747.2 13.991 3954.2 12.05 "" "" 0.0029076153043665442 0.009130961 0.0050230455 0.014154007 273.4024998787 -19.30078861102 2433.25635 -2.388 -2.096
273.53492939562 -19.24918150577 0.061 0.0542 16.1472 "" "" 4094729465353944832 2112.77417 0.4562 0.0698 -0.204 -1.18 0.079 0.059 1.069 4740.2 2.4601 16.570547 3.449978 18.681498 15.23152 "" "" 1826.41504 2454.32324 4433.3056 4.0821 460.06 8.8483 6405.5 18.419 "" "" 0.0029310814048559863 0.021067465 0.004902123 0.025969587 273.53492939562 -19.24918150577 2112.77417 -0.20400000000000001 -1.18
273.52144678903 -19.68075962321 0.0605 0.0583 10.239 "" "" 4094644626839160320 1724.34082 0.591 0.0734 0.236 -0.384 0.072 0.055 0.999 5647.6 4.6327 16.571102 1.465632 17.215189 15.749557 "" "" 1545.91382 1905.14075 4431.04096 3.7074 1775.6 10.394 3975.0 30.879 "" "" 0.0029012103248923803 0.0069411597 0.00924238 0.01618354 273.52144678903 -19.68075962321 1724.34082 0.23600000000000002 -0.384
273.5552932441 -19.68867720554 0.0621 0.0559 11.2446 "" "" 4094643909578552832 2178.42896 0.4821 0.0651 -2.226 -1.05 0.072 0.055 1.041 8489.5 4.2493 16.571304 1.663583 17.357954 15.694371 "" "" 1852.40686 2670.42603 4430.21734 3.2836 1556.8 10.578 4182.2 14.551 "" "" 0.002870431637654865 0.0078872675 0.005343571 0.013230838 273.5552932441 -19.68867720554 2178.42896 -2.2260000000000004 -1.05
273.82296178539 -19.52428813912 0.0503 0.0465 19.2069 "" "" 4094659886880646400 1825.19678 0.5403 0.0582 3.421 -0.448 0.06 0.048 0.978 4993.6 4.3314 16.571312 1.421598 17.18348 15.761882 "" "" 1619.95007 2079.70532 4430.18603 2.7411 1828.2 8.1481 3930.1 33.297 "" "" 0.0028360321028825025 0.0055857953 0.009944825 0.015530621 273.82296178539 -19.52428813912 1825.19678 3.4209999999999994 -0.44800000000000006
273.3473717447 -19.72483952636 0.0585 0.0607 14.8118 "" "" 4094641122145664768 1908.02844 0.5184 0.0829 2.689 0.136 0.075 0.056 0.994 "" "" 16.571646 1.623543 17.324108 15.700565 "" "" 1665.41858 2242.6416 4428.82147 4.1467 1606.1 12.189 4158.5 14.852 "" "" 0.002936870930837502 0.008699444 0.00541481 0.014114254 273.3473717447 -19.72483952636 1908.02844 2.6889999999999996 0.13600000000000004
273.39788046903 -19.68609331654 0.0694 0.0696 11.4094 "" "" 4094641676218131840 2002.57507 0.49 0.0943 3.447 -0.537 0.089 0.064 1.141 5615.3 4.5996 16.57168 1.633 17.288034 15.655034 "" "" 1684.2522 2534.73584 4428.68559 8.5523 1660.4 11.144 4336.6 11.735 "" "" 0.003462349085685964 0.007802972 0.004787047 0.012590019 273.39788046903 -19.68609331654 2002.57507 3.4470000000000005 -0.5369999999999999
273.37829356398 -19.58997868918 0.0649 0.0631 7.4985 "" "" 4094695822849716736 2317.19971 0.4313 0.0789 -0.829 -0.655 0.086 0.061 0.963 "" "" 16.571936 1.737982 17.404032 15.66605 "" "" 2018.59692 2653.63867 4427.63807 3.6768 1492.1 12.142 4292.8 10.798 "" "" 0.0028990865792306924 0.0092653055 0.0046628607 0.013928166 273.37829356398 -19.58997868918 2317.19971 -0.8289999999999998 -0.6549999999999999
273.22983951516 -19.57549159543 0.0599 0.0544 14.8116 "" "" 4094691085525144320 2131.01001 0.4812 0.0821 0.266 -2.589 0.084 0.053 1.05 5427.9 4.6413 16.572985 1.440935 17.231106 15.790171 "" "" 1795.19507 2452.07422 4423.3645 3.14 1749.7 7.1488 3829.0 14.525 "" "" 0.0028610856889976378 0.0052405493 0.0055899033 0.010830453 273.22983951516 -19.57549159543 2131.01001 0.266 -2.589
273.71268483144 -19.63615538934 0.0747 0.0652 14.8885 "" "" 4094657447339939840 2408.48853 0.4149 0.0828 0.375 0.38 0.086 0.065 1.106 5404.9 4.6105 16.57375 1.52152 17.274515 15.752996 "" "" 2019.95398 3200.71313 4420.25278 3.1567 1681.2 12.603 3962.4 9.2603 "" "" 0.002862340328709346 0.008604112 0.004552163 0.013156275 273.71268483144 -19.63615538934 2408.48853 0.375 0.38
273.16596611355 -19.63660279729 0.063 0.0542 19.4024 "" "" 4094689023940840320 2390.18335 0.4452 0.0713 -2.264 -0.684 0.082 0.058 1.051 4697.4 4.2796 16.573887 1.685823 17.379288 15.693465 "" "" 1992.13599 2971.21191 4419.68942 3.0676 1526.5 10.963 4185.7 7.6873 "" "" 0.002856514879153541 0.008281696 0.004273155 0.01255485 273.16596611355 -19.63660279729 2390.18335 -2.264 -0.6839999999999999
273.46395450051 -19.45024074573 0.0723 0.0626 3.9761 "" "" 4094698880866984448 1886.4751 0.5302 0.0736 0.734 -2.723 0.093 0.068 1.094 5412.2 4.6353 16.57425 1.479308 17.245453 15.766145 "" "" 1701.88306 2127.66333 4418.21498 3.6806 1726.8 10.553 3914.7 11.86 "" "" 0.002899976309060067 0.00719804 0.0050103464 0.012208386 273.46395450051 -19.45024074573 1886.4751 0.7340000000000001 -2.723
273.21936530887 -19.33824804588 0.0623 0.0563 18.2882 "" "" 4094716580451135360 1980.5343 0.5086 0.069 1.22 -2.621 0.079 0.058 0.886 5365.4 4.6155 16.575258 1.457788 17.237667 15.77988 "" "" 1739.94373 2261.19824 4414.11163 3.5884 1739.2 10.719 3865.5 14.971 "" "" 0.0028932397694996868 0.007249991 0.0056538503 0.012903841 273.21936530887 -19.33824804588 1980.5343 1.2200000000000002 -2.621
273.54828419267 -19.21538706949 0.0682 0.064 18.2819 "" "" 4094729667189479936 1860.71008 0.5243 0.0717 -1.109 1.787 0.07 0.057 0.911 5205.0 4.6925 16.575533 1.248406 17.12417 15.875765 "" "" 1670.0282 2172.81543 4412.99607 2.9909 1930.9 9.9504 3538.8 12.136 "" "" 0.0028518893746925134 0.006252183 0.0053054406 0.011557624 273.54828419267 -19.21538706949 1860.71008 -1.1090000000000002 1.7869999999999995
273.47159666433 -19.23965775979 0.0559 0.0497 16.468 "" "" 4094729843311789696 2302.22168 0.4205 0.0666 0.235 -2.037 0.077 0.054 0.971 5535.4 4.6604 16.57567 1.248466 17.116152 15.867685 "" "" 1931.77795 2677.64453 4412.43499 3.1928 1945.2 11.737 3565.2 9.7328 "" "" 0.0028651357522355265 0.007120572 0.004803022 0.011923594 273.47159666433 -19.23965775979 2302.22168 0.23500000000000004 -2.0369999999999995
273.49605053871 -19.47335337685 0.0694 0.0603 2.5338 "" "" 4094698537269496960 1895.87671 0.5149 0.0713 -4.567 -7.613 0.087 0.067 1.069 5216.9 4.6016 16.576025 1.495296 17.260082 15.764787 "" "" 1679.8009 2157.125 4410.99986 3.5618 1703.7 10.043 3919.6 10.128 "" "" 0.002891437838889622 0.006981964 0.004706847 0.011688812 273.49605053871 -19.47335337685 1895.87671 -4.566999999999999 -7.613
273.35954430629 -19.62090407929 0.0633 0.0649 9.5047 "" "" 4094648750008030848 2321.85913 0.4466 0.0893 -1.159 -0.744 0.081 0.058 0.978 "" "" 16.576582 1.62097 17.34368 15.72271 "" "" 1966.94873 2945.22876 4408.73115 3.6119 1577.4 16.006 4074.5 13.814 "" "" 0.0028953413169878904 0.011364877 0.005275767 0.016640645 273.35954430629 -19.62090407929 2321.85913 -1.159 -0.744
273.75657299574 -19.5583590341 0.0613 0.0546 15.6695 "" "" 4094669949966836864 2107.88037 0.4782 0.0661 -0.317 -3.062 0.073 0.057 1.121 5412.9 4.6658 16.576797 1.328871 17.16888 15.84001 "" "" 1869.7533 2451.31934 4407.86006 3.2926 1853.0 9.5125 3657.2 11.322 "" "" 0.002872203791672497 0.006233071 0.0050578276 0.011290899 273.75657299574 -19.5583590341 2107.88037 -0.31699999999999995 -3.062
273.79654251805 -19.50243753444 0.0913 0.0811 17.7173 "" "" 4094671702313710464 2241.13867 0.4914 0.0997 1.153 -1.897 0.105 0.083 1.796 5260.9 4.6554 16.576967 1.596185 17.244478 15.648293 "" "" 1780.53625 3289.02344 4407.17433 7.6209 1728.3 9.045 4363.6 19.628 "" "" 0.0033341625775918367 0.0063302475 0.006175351 0.012505598 273.79654251805 -19.50243753444 2241.13867 1.153 -1.897
273.55422079594 -19.47384225351 0.0649 0.0553 4.666 "" "" 4094675073885910656 1995.01404 0.4665 0.0701 -3.606 -2.117 0.073 0.057 1.062 4915.1 4.3393 16.578287 1.387328 17.20165 15.814322 "" "" 1797.12219 2249.08862 4401.81774 2.9758 1797.9 14.154 3744.8 10.801 "" "" 0.0028514110926801547 0.008991352 0.0049081915 0.013899544 273.55422079594 -19.47384225351 1995.01404 -3.6060000000000003 -2.117
273.38195071834 -19.31119075754 0.0585 0.0498 13.4517 "" "" 4094727953518240896 2468.4043 0.4033 0.0621 -1.063 -2.833 0.074 0.053 1.035 6068.9 4.4757 16.578424 1.367628 17.179703 15.812075 "" "" 2114.77808 3101.88306 4401.26034 3.8542 1834.6 21.63 3752.6 12.118 "" "" 0.0029147517948215538 0.013101422 0.005155229 0.018256651 273.38195071834 -19.31119075754 2468.4043 -1.0630000000000002 -2.8329999999999997
273.68395822218 -19.24304954527 0.0536 0.0467 19.8194 "" "" 4094731350827748224 2156.20557 0.4527 0.0599 2.375 0.786 0.066 0.049 0.965 5420.5 4.6684 16.578764 1.226547 17.085793 15.859245 "" "" 1919.80774 2430.10962 4399.88232 3.3096 2000.3 7.6392 3593.0 16.666 "" "" 0.002873808737901839 0.004997814 0.0062965476 0.011294361 273.68395822218 -19.24304954527 2156.20557 2.3749999999999996 0.7859999999999999
273.4103820226 -19.19859489916 0.0576 0.0498 19.3656 "" "" 4094742139786041600 2035.96436 0.4895 0.0602 -3.144 -4.669 0.077 0.053 0.894 5333.9 4.6097 16.578814 1.310921 17.156483 15.845562 "" "" 1796.54871 2265.90137 4399.68321 3.0276 1874.2 10.912 3638.6 17.858 "" "" 0.0028548215528772093 0.006909779 0.0065329145 0.013442693 273.4103820226 -19.19859489916 2035.96436 -3.1439999999999997 -4.669
273.64929842748 -19.64687971498 0.0695 0.0596 12.3087 "" "" 4094645726350940928 1848.7251 0.5407 0.0713 1.865 -0.258 0.077 0.058 0.846 5026.0 4.2862 16.578978 1.688302 17.370668 15.682366 "" "" 1665.95178 2123.76025 4399.01971 4.0672 1538.7 9.8937 4228.7 13.878 "" "" 0.0029324872774638805 0.00751811 0.005194262 0.0127123725 273.64929842748 -19.64687971498 1848.7251 1.8650000000000002 -0.25799999999999995
273.59284931718 -19.33492111503 0.0563 0.049 12.3933 "" "" 4094724723709845632 2310.16284 0.4285 0.0596 2.24 0.02 0.072 0.055 0.902 7136.3 4.3261 16.579634 1.650643 17.359535 15.708892 "" "" 2018.60291 2642.20386 4396.35783 3.0077 1554.5 8.1966 4126.7 13.252 "" "" 0.002853686329339344 0.0063686296 0.005141998 0.011510627 273.59284931718 -19.33492111503 2310.16284 2.2399999999999998 0.019999999999999997
273.48718355012 -19.40148517925 0.0608 0.052 6.7478 "" "" 4094723280601659648 1974.78235 0.497 0.0654 -1.176 -5.297 0.072 0.054 0.972 4976.7 4.3272 16.58027 1.492254 17.264399 15.772144 "" "" 1748.59863 2232.96069 4393.78423 3.3343 1696.9 14.781 3893.1 13.377 "" "" 0.002875873754675355 0.009860401 0.005310524 0.015170924 273.48718355012 -19.40148517925 1974.78235 -1.176 -5.296999999999999
273.49293151665 -19.21644471952 0.0584 0.0518 17.8549 "" "" 4094729976427124096 2233.04004 0.447 0.064 1.068 -23.213 0.078 0.058 1.054 6084.3 4.487 16.581043 1.097268 17.048618 15.95135 "" "" 1946.30371 2539.03247 4390.66015 3.4375 2070.0 10.531 3300.8 14.5 "" "" 0.0028834614883959868 0.006188327 0.006085383 0.01227371 273.49293151665 -19.21644471952 2233.04004 1.0680000000000003 -23.213
273.1709522013 -19.37761200579 0.0656 0.0583 19.4826 "" "" 4094714926861017984 2292.38281 0.4335 0.0794 -0.024 -3.846 0.086 0.062 0.985 5625.4 4.5914 16.581472 1.556725 17.308372 15.751648 "" "" 1931.30542 2718.33618 4388.91815 3.2649 1629.6 7.9027 3967.3 9.9736 "" "" 0.0028712590347283675 0.005958849 0.004661956 0.0106208045 273.1709522013 -19.37761200579 2292.38281 -0.02400000000000002 -3.846000000000001
273.52472086886 -19.76757536786 0.0595 0.0561 15.398 "" "" 4094642908851905536 2415.03345 0.42 0.0731 0.6 -3.974 0.072 0.054 0.914 5638.2 3.9045 16.581663 1.67635 17.38078 15.70443 "" "" 2054.31714 2930.57886 4388.15036 3.0091 1524.4 10.464 4143.7 9.6566 "" "" 0.0028541386128117037 0.0079580275 0.004548164 0.012506192 273.52472086886 -19.76757536786 2415.03345 0.6 -3.9740000000000006
273.23827943563 -19.34412472405 0.0571 0.0508 17.2132 "" "" 4094715824536879872 2479.13892 0.3926 0.0629 -1.714 -3.98 0.079 0.058 1.011 5082.0 4.3477 16.58281 1.33495 17.186146 15.851196 "" "" 2141.13232 2865.10571 4383.52323 3.3009 1823.7 8.1462 3619.8 11.045 "" "" 0.002874062624448318 0.005595163 0.005025822 0.010620985 273.23827943563 -19.34412472405 2479.13892 -1.7139999999999997 -3.9800000000000004
273.73075303818 -19.29724012583 0.0596 0.0554 19.0986 "" "" 4094684041758944896 1773.48328 0.5452 0.0687 0.851 0.361 0.068 0.052 1.083 5785.1 4.5687 16.583838 1.510012 17.258272 15.748261 "" "" 1587.70374 2066.63306 4379.36733 2.8988 1706.5 10.195 3979.7 34.131 "" "" 0.002847504156815325 0.007061071 0.010049333 0.017110404 273.73075303818 -19.29724012583 1773.48328 0.851 0.36099999999999993
273.40066743212 -19.26587762993 0.0623 0.0542 15.6021 "" "" 4094728468922280832 2115.92847 0.4651 0.0723 -1.149 -6.314 0.078 0.055 1.088 "" "" 16.583862 1.508942 16.904167 15.395226 "" "" 1842.4906 2443.11084 4379.27132 5.4629 2364.6 66.052 5508.9 95.852 "" "" 0.003070208190887782 0.030456692 0.019265588 0.04972228 273.40066743212 -19.26587762993 2115.92847 -1.1490000000000002 -6.314
273.49480384938 -19.35447025174 0.0671 0.0555 9.5868 "" "" 4094723967796450432 2139.41406 0.4761 0.0738 5.896 -2.823 0.086 0.061 1.132 "" "" 16.584488 "" "" "" "" "" 1759.86536 2589.11157 4376.74723 5.9551 "" "" "" "" "" "" 0.003126361498534171 "" "" "" 273.49480384938 -19.35447025174 2139.41406 5.896000000000001 -2.8229999999999995
273.67879524513 -19.74067081144 0.0648 0.0591 17.5198 "" "" 4094632192930512768 2005.25293 0.4923 0.0731 0.364 -0.893 0.085 0.063 1.037 8897.0 4.3045 16.584925 1.577921 17.32187 15.74395 "" "" 1710.27747 2451.42773 4374.98822 3.3164 1609.4 11.517 3995.6 12.094 "" "" 0.0028756153425508906 0.008255423 0.0050083674 0.01326379 273.67879524513 -19.74067081144 2005.25293 0.364 -0.893
273.45009373644 -19.78313495168 0.0651 0.0687 16.2644 "" "" 4094637205135285760 1715.19861 0.5985 0.1069 0.432 -2.816 0.086 0.059 0.978 5353.3 4.6968 16.58538 1.583762 17.327692 15.74393 "" "" 1490.71643 2009.52417 4373.1498 3.3414 1600.8 11.713 3995.6 15.861 "" "" 0.002877497659622207 0.008420028 0.005732316 0.014152344 273.45009373644 -19.78313495168 1715.19861 0.432 -2.816
273.29197455535 -19.24936117481 0.0694 0.0575 19.2208 "" "" 4094740838427033728 2282.51099 0.4291 0.0758 -4.313 -2.394 0.085 0.059 1.044 5066.7 4.4226 16.586126 1.539713 17.302834 15.763121 "" "" 1956.22058 2633.25537 4370.14644 3.1566 1637.9 8.6199 3925.6 21.37 "" "" 0.0028647545364226612 0.006358827 0.007015519 0.013374345 273.29197455535 -19.24936117481 2282.51099 -4.312999999999999 -2.394
273.49261305737 -19.45196608334 0.0653 0.0563 3.7512 "" "" 4094698846513090560 2225.3103 0.4272 0.0667 0.204 -2.222 0.086 0.066 1.075 "" "" 16.58718 1.461597 17.240755 15.779158 "" "" 1968.97632 2687.40503 4365.91363 4.6104 1734.3 13.426 3868.1 19.097 "" "" 0.002984348294574319 0.008856184 0.0065587265 0.01541491 273.49261305737 -19.45196608334 2225.3103 0.20400000000000001 -2.222
273.66528069495 -19.46342678706 0.0646 0.0554 10.7182 "" "" 4094674451092944256 2026.44861 0.4939 0.0727 -4.744 -7.941 0.074 0.055 1.134 5033.2 4.3091 16.587236 1.572299 17.314157 15.741858 "" "" 1743.25 2356.17456 4365.67926 2.8123 1620.9 10.916 4003.3 12.472 "" "" 0.0028427045033499886 0.007826191 0.0050720084 0.012898199 273.66528069495 -19.46342678706 2026.44861 -4.744 -7.940999999999999
