Clusters/LP_0288/LP_0288_stars_in_region.tsv
# %ECSV 1.0
# ---
# datatype:
# - name: RA_ICRS_1
#   unit: deg
#   datatype: float64
#   format: '{:15.11f}'
#   description: Right ascension (ICRS) at Ep=2016.0 (ra)
#   meta: !!omap
#   - {ucd: POS_EQ_RA_MAIN}
#   - {width: 15}
#   - {precision: '11'}
# - name: DE_ICRS_1
#   unit: deg
#   datatype: float64
#   format: '{:15.11f}'
#   description: Declination (ICRS) at Ep=2016.0 (dec)
#   meta: !!omap
#   - {ucd: POS_EQ_DEC_MAIN}
#   - {width: 15}
#   - {precision: '11'}
# - name: e_RA_ICRS
#   unit: mas
#   datatype: float64
#   format: '{:7.4f}'
#   description: Standard error of right ascension (ra_error)
#   meta: !!omap
#   - {ucd: ERROR}
#   - {width: 7}
#   - {precision: '4'}
# - name: e_DE_ICRS
#   unit: mas
#   datatype: float64
#   format: '{:7.4f}'
#   description: Standard error of declination (dec_error)
#   meta: !!omap
#   - {ucd: ERROR}
#   - {width: 7}
#   - {precision: '4'}
# - name: _r_1
#   unit: ''
#   datatype: float64
#   format: '{:7.4f}'
#   description: Distance from center (273.48350714000-19.51389433000)[ICRS], at Epoch=J2016.0
#   meta: !!omap
#   - {ucd: POS_ANG_DIST_GENERAL}
#   - {width: 7}
#   - {precision: '4'}
# - name: HIP
#   datatype: int32
#   description: '? HIP cross-id number, van Leeuwen, Cat. I/311 (hip_original_ext_source_id)'
#   meta: !!omap
#   - {ucd: ID_NUMBER}
#   - {width: 6}
#   - values: {'null': -2147483648}
# - name: TYC2
#   datatype: string
#   description: Tycho-2 cross-id name, Hog et al., Cat. I/259 (tyc2_original_ext_source_id)
#   meta: !!omap
#   - {ucd: ID_CROSSID}
#   - {_votable_string_dtype: char}
# - name: Source
#   datatype: int64
#   description: Source identifier, identical to the Gaia-EDR3 source_id (id)
#   meta: !!omap
#   - {ucd: ID_MAIN}
#   - {width: 19}
# - name: rgeo
#   unit: pc
#   datatype: float64
#   format: '{:15.8f}'
#   description: '? Median of the geometric distance posterior (r_med_geo)'
#   meta: !!omap
#   - {ucd: PHYS_DISTANCE_TRUE}
#   - {width: 15}
#   - {precision: '8'}
#   - values: {'null': .nan}
# - name: Plx
#   unit: mas
#   datatype: float64
#   format: '{:9.4f}'
#   description: '? Parallax (parallax)'
#   meta: !!omap
#   - {ucd: POS_PARLX_TRIG}
#   - {width: 9}
#   - {precision: '4'}
#   - values: {'null': .nan}
# - name: e_Plx
#   unit: mas
#   datatype: float32
#   format: '{:7.4f}'
#   description: '? Standard error of parallax (parallax_error)'
#   meta: !!omap
#   - {ucd: ERROR}
#   - {width: 7}
#   - {precision: '4'}
#   - values: {'null': .nan}
# - name: pmRA
#   unit: mas / yr
#   datatype: float64
#   format: '{:9.3f}'
#   description: '? Proper motion in right ascension direction, pmRA*cosDE (pmra)'
#   meta: !!omap
#   - {ucd: POS_EQ_PMRA}
#   - {width: 9}
#   - {precision: '3'}
#   - values: {'null': .nan}
# - name: pmDE
#   unit: mas / yr
#   datatype: float64
#   format: '{:9.3f}'
#   description: '? Proper motion in declination direction (pmdec)'
#   meta: !!omap
#   - {ucd: POS_EQ_PMDEC}
#   - {width: 9}
#   - {precision: '3'}
#   - values: {'null': .nan}
# - name: e_pmRA
#   unit: mas / yr
#   datatype: float32
#   format: '{:6.3f}'
#   description: '? Standard error of proper motion in right ascension direction (pmra_error)'
#   meta: !!omap
#   - {ucd: ERROR}
#   - {width: 6}
#   - {precision: '3'}
#   - values: {'null': .nan}
# - name: e_pmDE
[...]
#         unit: &id001 !astropy.units.Unit {unit: deg}
#         value: !astropy.table.SerializedColumn {name: SkyCoord.dec}
#       distance: !astropy.table.SerializedColumn
#         __class__: astropy.coordinates.distances.Distance
#         unit: !astropy.units.Unit {unit: pc}
#         value: !astropy.table.SerializedColumn {name: SkyCoord.distance}
#       frame: icrs
#       obstime: !astropy.time.Time {format: jyear_str, in_subfmt: '*', jd1: 367701545.0, jd2: 0.0, out_subfmt: '*', precision: 3, scale: tt}
#       pm_dec: !astropy.table.SerializedColumn
#         __class__: astropy.units.quantity.Quantity
#         unit: !astropy.units.Unit {unit: mas / yr}
#         value: !astropy.table.SerializedColumn {name: SkyCoord.pm_dec}
#       pm_ra_cosdec: !astropy.table.SerializedColumn
#         __class__: astropy.units.quantity.Quantity
#         unit: !astropy.units.Unit {unit: mas / yr}
#         value: !astropy.table.SerializedColumn {name: SkyCoord.pm_ra_cosdec}
#       ra: !astropy.table.SerializedColumn
#         __class__: astropy.coordinates.angles.Longitude
#         unit: *id001
#         value: !astropy.table.SerializedColumn {name: SkyCoord.ra}
#         wrap_angle: !astropy.coordinates.Angle
#           unit: *id001
#           value: 360.0
#       representation_type: spherical
# schema: astropy-2.0
RA_ICRS_1 DE_ICRS_1 e_RA_ICRS e_DE_ICRS _r_1 HIP TYC2 Source rgeo Plx e_Plx pmRA pmDE e_pmRA e_pmDE RUWE Teff logg Gmag BP-RP BPmag RPmag RV e_RV b_rgeo B_rgeo FG e_FG FBP e_FBP FRP e_FRP RAVE5 RAVE6 e_Gmag e_BPmag e_RPmag e_BP-RP SkyCoord.ra SkyCoord.dec SkyCoord.distance SkyCoord.pm_ra_cosdec SkyCoord.pm_dec
[from data line 924]
273.55389129013 -19.8040783148 0.0356 0.0318 17.8594 "" "" 4094630852900390272 2226.50562 0.4086 0.0378 -0.279 -3.293 0.045 0.033 1.115 "" "" 15.228952 2.652053 16.692684 14.040631 79.38 7.42 2043.44128 2424.96362 15253.3677 8.5911 2873.1 22.892 19183.0 28.109 "" "" 0.0028223643151573897 0.00908965 0.0041005863 0.013190236 273.55389129013 -19.8040783148 2226.50562 -0.279 -3.293
273.5689373994 -19.27605326627 0.0267 0.0234 15.0673 "" "" 4094726231215355264 2118.72266 0.4386 0.0308 -0.444 -2.511 0.034 0.029 1.003 7106.4 4.1381 15.228976 1.178738 15.730344 14.551606 "" "" 1993.89856 2240.29248 15253.02888 5.5662 6970.8 12.172 11982.0 14.512 "" "" 0.0027836617769672885 0.0033733202 0.004001615 0.0073749353 273.5689373994 -19.27605326627 2118.72266 -0.44400000000000006 -2.511
273.65527458832 -19.57940983405 0.0311 0.0273 10.4775 "" "" 4094670366601655424 2111.02759 0.439 0.0331 0.186 -0.697 0.038 0.029 0.952 9401.8 3.8192 15.230863 1.228591 15.739046 14.510455 "" "" 1970.6687 2293.83667 15226.55407 7.3196 6915.1 18.281 12444.0 15.59 "" "" 0.0028043176584292336 0.0040029506 0.004016707 0.008019658 273.65527458832 -19.57940983405 2111.02759 0.186 -0.697
273.3394987183 -19.30976011786 0.0314 0.0267 14.7114 "" "" 4094739635836184576 1767.86963 0.5276 0.0316 0.216 -1.616 0.042 0.03 0.985 7705.6 4.2968 15.231948 1.024578 15.652226 14.627647 "" "" 1665.17065 1869.13892 15211.34785 6.1295 7490.8 15.173 11171.0 20.019 "" "" 0.0027898384940091706 0.003552688 0.004250818 0.007803506 273.3394987183 -19.30976011786 1767.86963 0.21600000000000003 -1.6160000000000003
273.36480565186 -19.2524766853 0.0292 0.0249 17.0634 "" "" 4094740249988737664 2214.09351 0.4193 0.0307 0.132 -2.206 0.038 0.028 1.089 7671.9 4.0038 15.231954 1.104111 15.662691 14.55858 "" "" 2066.18945 2388.91699 15211.2689 6.4855 7418.9 21.128 11905.0 37.037 "" "" 0.0027939364234886377 0.004164814 0.0050688353 0.00923365 273.36480565186 -19.2524766853 2214.09351 0.132 -2.206
273.47995596852 -19.2749945065 0.0274 0.0237 14.3354 "" "" 4094728979994427008 2364.23364 0.3802 0.0297 0.075 -6.951 0.037 0.028 0.952 4748.4 3.1522 15.237574 1.761067 16.093142 14.332074 18.74 5.02 2215.44727 2532.56152 15132.73619 5.9897 4990.7 14.762 14667.0 19.139 "" "" 0.0027886324765758197 0.0042542666 0.00403621 0.008290477 273.47995596852 -19.2749945065 2364.23364 0.07499999999999998 -6.9510000000000005
273.69454171156 -19.45052474016 0.0316 0.0267 12.528 "" "" 4094675898519587712 2295.51099 0.3855 0.0348 1.872 -3.721 0.036 0.027 1.044 6733.8 3.1322 15.238287 2.453597 16.562378 14.108781 44.05 5.9 2115.00317 2520.31055 15122.78894 7.4163 3239.4 11.814 18015.0 41.933 "" "" 0.0028062953401299983 0.004843952 0.004546499 0.009390451 273.69454171156 -19.45052474016 2295.51099 1.8719999999999997 -3.7209999999999996
273.79525128557 -19.58114926197 0.0277 0.0243 18.0826 "" "" 4094657962736001920 1826.42517 0.5132 0.0303 0.727 -2.449 0.036 0.028 0.945 6993.9 3.7043 15.238689 1.106647 15.701337 14.59469 "" "" 1730.90662 1914.46277 15117.18738 33.613 7159.5 62.706 11515.0 68.351 "" "" 0.0036633060660036755 0.009910235 0.007471169 0.017381404 273.79525128557 -19.58114926197 1826.42517 0.727 -2.4489999999999994
273.71018429362 -19.54848058171 0.0289 0.0257 12.9849 "" "" 4094670160443211008 2402.93335 0.3708 0.0311 -0.555 -1.257 0.035 0.028 1.046 7991.9 3.0808 15.239794 1.046466 15.6721 14.625634 "" "" 2261.93652 2576.83911 15101.81304 5.2948 7354.9 13.874 11192.0 15.978 "" "" 0.0027814917663536954 0.0034611737 0.004084888 0.0075460616 273.71018429362 -19.54848058171 2402.93335 -0.555 -1.257
273.58824618748 -19.4425784216 0.033 0.0287 7.3083 "" "" 4094675584964401280 2250.61475 0.4049 0.036 1.226 0.663 0.04 0.032 1.149 6091.5 3.1653 15.240212 2.288095 16.441204 14.15311 -12.83 4.98 2087.83301 2485.09766 15095.99678 7.7768 3621.9 10.972 17295.0 16.494 "" "" 0.002811517867077386 0.0043131257 0.003918659 0.008231785 273.58824618748 -19.4425784216 2250.61475 1.226 0.663
273.67668108592 -19.25842176529 0.028 0.0236 18.828 "" "" 4094731320779613440 2146.73364 0.4282 0.0312 -0.751 -0.574 0.037 0.027 0.931 6843.6 4.1274 15.240756 1.195033 15.748591 14.553558 "" "" 2020.00256 2290.3689 15088.44129 5.657 6854.6 14.919 11960.0 29.849 "" "" 0.0027852276603402394 0.0036564032 0.004650404 0.008306807 273.67668108592 -19.25842176529 2146.73364 -0.751 -0.5739999999999998
273.53700820143 -19.64933053672 0.0319 0.028 8.6707 "" "" 4094644974753322368 1960.39575 0.4713 0.0352 1.462 0.157 0.038 0.03 1.017 8472.6 3.1417 15.241986 1.862376 16.147514 14.285138 79.18 20.82 1849.02405 2097.63574 15071.35566 7.7059 4746.9 22.866 15315.0 15.877 "" "" 0.0028106866867539763 0.005927756 0.0039434317 0.009871188 273.53700820143 -19.64933053672 1960.39575 1.4620000000000002 0.15700000000000003
273.61800218008 -19.32909884406 0.0282 0.0242 13.4483 "" "" 4094724689350084480 1897.81311 0.4811 0.0307 -0.803 -0.616 0.038 0.029 1.014 7176.1 4.2996 15.242211 1.018448 15.665024 14.646576 "" "" 1783.19812 2003.47571 15068.23372 5.2702 7403.0 12.184 10978.0 19.486 "" "" 0.002781365429330116 0.0033133293 0.0042423788 0.0075557083 273.61800218008 -19.32909884406 1897.81311 -0.803 -0.616
273.72444056368 -19.68095441381 0.0387 0.0326 16.9097 "" "" 4094632910168372608 2087.01245 0.4455 0.0398 0.354 -0.285 0.048 0.037 1.182 9236.9 3.4778 15.243339 1.090015 15.683846 14.593831 "" "" 1957.94189 2224.47607 15052.59761 6.371 7275.8 14.926 11525.0 20.781 "" "" 0.0027933785311630415 0.0035701685 0.004256334 0.007826502 273.72444056368 -19.68095441381 2087.01245 0.35400000000000004 -0.285
273.53195812221 -19.26753757072 0.0263 0.0227 15.0336 "" "" 4094728876915248256 2025.10742 0.4624 0.0287 -1.982 -5.282 0.034 0.026 1.041 6900.4 3.9286 15.243442 1.471934 15.909482 14.437548 "" "" 1906.54358 2161.03516 15051.16562 5.503 5910.5 12.649 13309.0 17.538 "" "" 0.0027837693266423522 0.0036309832 0.0040411293 0.0076721124 273.53195812221 -19.26753757072 2025.10742 -1.9819999999999995 -5.282
273.43306944184 -19.28766574437 0.0264 0.0229 13.8706 "" "" 4094728194044339456 2075.91724 0.4457 0.028 -0.831 -3.204 0.036 0.027 0.966 9274.2 4.124 15.243508 0.979253 15.630724 14.651471 "" "" 1948.04822 2202.37671 15050.24429 8.0228 7640.6 24.169 10929.0 21.675 "" "" 0.002815451164264337 0.004424975 0.004349758 0.008774733 273.43306944184 -19.28766574437 2075.91724 -0.8310000000000001 -3.204
273.64355498313 -19.30902427884 0.0296 0.026 15.2685 "" "" 4094725204746156032 2074.82593 0.4444 0.0319 -0.078 -1.437 0.037 0.028 1.05 9225.9 3.5801 15.245832 1.146533 15.7294 14.582867 "" "" 1943.12756 2214.05371 15018.06363 5.1672 6976.8 13.44 11642.0 19.76 "" "" 0.0027805287043117894 0.0034870633 0.0042047263 0.0076917894 273.64355498313 -19.30902427884 2074.82593 -0.078 -1.4370000000000003
273.74686349337 -19.40256191511 0.0314 0.0284 16.3278 "" "" 4094676448274895744 2028.35767 0.4439 0.0359 -0.037 -0.852 0.034 0.028 1.031 7299.3 3.3711 15.247265 1.472475 15.909942 14.437467 "" "" 1883.48145 2232.30176 14998.25459 5.1893 5908.0 10.848 13310.0 17.244 "" "" 0.0027808107001972312 0.003429199 0.0040326635 0.0074618626 273.74686349337 -19.40256191511 2028.35767 -0.03699999999999999 -0.852
273.54603620163 -19.60821223361 0.0361 0.0318 6.6725 "" "" 4094646658380514944 1991.69507 0.4546 0.0381 -1.192 -2.243 0.041 0.032 0.979 7896.9 2.5685 15.249687 2.258853 16.422756 14.163903 22.79 10.59 1854.49683 2128.73145 14964.83216 7.0143 3684.0 14.076 17124.0 24.755 "" "" 0.002801923225784464 0.004999453 0.0040923455 0.009091798 273.54603620163 -19.60821223361 1991.69507 -1.1920000000000004 -2.2429999999999994
273.3187794404 -19.54375214357 0.0321 0.0286 9.4858 "" "" 4094696995399595776 2195.98389 0.4153 0.0344 -0.188 -1.547 0.041 0.03 1.04 7896.1 3.5722 15.252397 1.626111 16.011816 14.385705 "" "" 2027.31799 2381.70337 14927.53172 6.1786 5378.9 11.119 13960.0 13.842 "" "" 0.0027917276961559137 0.003580823 0.0039297207 0.007510544 273.3187794404 -19.54375214357 2195.98389 -0.18799999999999997 -1.5469999999999997
273.46079690246 -19.24404524717 0.0265 0.023 16.2419 "" "" 4094729808952054912 1925.52698 0.4813 0.0283 -0.824 -3.048 0.035 0.027 0.991 7354.9 4.0551 15.25535 1.059469 15.697698 14.638228 "" "" 1829.86218 2069.73999 14886.98426 5.5501 7183.5 18.732 11063.0 17.674 "" "" 0.0027848942079715016 0.003975023 0.004158411 0.008133434 273.46079690246 -19.24404524717 1925.52698 -0.8239999999999998 -3.048
273.77989937464 -19.52460867192 0.0296 0.0258 16.7738 "" "" 4094671569192450688 2003.03955 0.4651 0.0314 -2.814 -5.086 0.035 0.028 1.021 5007.6 3.4965 15.256005 1.71447 16.033484 14.319014 -20.23 9.92 1894.3103 2110.83862 14878.00567 6.3746 5272.6 35.587 14844.0 73.767 "" "" 0.002794314454490682 0.007841299 0.0065875375 0.014428837 273.77989937464 -19.52460867192 2003.03955 -2.8140000000000005 -5.085999999999999
273.72764607708 -19.58661747426 0.0282 0.0249 14.477 "" "" 4094669438888660864 1933.49585 0.4759 0.0298 -1.944 -3.856 0.034 0.027 0.909 6927.2 3.5214 15.256784 1.341171 15.850258 14.509087 "" "" 1829.26782 2049.44629 14867.32374 7.0229 6241.9 18.923 12460.0 18.0 "" "" 0.002802646230684858 0.0043149972 0.0040919255 0.008406922 273.72764607708 -19.58661747426 1933.49585 -1.9439999999999997 -3.856
273.72747773316 -19.64651556109 0.0305 0.0272 15.9226 "" "" 4094657241181492480 1985.00745 0.4636 0.0342 -0.907 -1.31 0.038 0.029 0.948 6446.6 3.9645 15.259336 1.371298 15.870278 14.498981 "" "" 1866.68152 2101.05127 14832.42307 5.9212 6127.8 10.158 12577.0 25.685 "" "" 0.002789203024820772 0.0033202986 0.0043818033 0.007702102 273.72747773316 -19.64651556109 1985.00745 -0.907 -1.31
273.46947344857 -19.19656355647 0.0327 0.0293 19.0564 "" "" 4094730255618137728 1699.34412 0.5429 0.0355 0.334 -0.114 0.038 0.031 1.042 "" "" 15.25978 0.927562 15.483039 14.555477 "" "" 1609.13098 1792.97229 14826.36613 9.6178 8753.9 374.2 11939.0 180.78 "" "" 0.0028439137366363383 0.04649539 0.016869009 0.0633644 273.46947344857 -19.19656355647 1699.34412 0.3340000000000001 -0.114
273.56361690409 -19.59708521599 0.0331 0.0285 6.7401 "" "" 4094646688423824128 1946.32373 0.4696 0.0344 0.483 4.474 0.04 0.031 1.057 7556.2 3.6353 15.265375 2.353089 16.517712 14.164622 -80.3 7.65 1825.44592 2052.24219 14750.15504 6.8898 3375.5 15.695 17112.0 18.809 "" "" 0.002801604547741895 0.005768072 0.003963326 0.009731398 273.56361690409 -19.59708521599 1946.32373 0.48300000000000004 4.474000000000001
273.35891836851 -19.68842313407 0.0296 0.0277 12.6194 "" "" 4094642363413252736 2407.0144 0.3816 0.0375 0.672 -0.59 0.037 0.029 0.987 7548.2 3.3958 15.26606 2.378671 16.534195 14.155524 -13.29 4.93 2204.94922 2592.42456 14740.85559 7.1833 3324.6 10.947 17256.0 19.752 "" "" 0.002805658667336892 0.004534965 0.0039784717 0.008513437 273.35891836851 -19.68842313407 2407.0144 0.6720000000000002 -0.59
273.75888013393 -19.32139184465 0.0286 0.0259 19.3965 "" "" 4094683698179796608 2099.12744 0.4438 0.0325 -1.555 -5.942 0.036 0.029 0.956 5635.1 3.9843 15.267505 1.175654 15.768666 14.593012 "" "" 1937.49475 2270.40918 14721.26192 5.2721 6729.0 15.101 11533.0 18.129 "" "" 0.0027826211310953393 0.0037043134 0.00414687 0.007851183 273.75888013393 -19.32139184465 2099.12744 -1.5549999999999997 -5.942
273.22793357643 -19.59141148506 0.0285 0.0261 15.1802 "" "" 4094691051164895232 1793.46667 0.5115 0.036 0.38 -1.671 0.035 0.027 0.996 7493.3 3.8424 15.268706 1.062603 15.71204 14.649437 "" "" 1676.20789 1900.65735 14704.96909 5.0232 7089.3 16.108 10949.0 14.603 "" "" 0.002780170132094025 0.0037243727 0.0040473025 0.0077716755 273.22793357643 -19.59141148506 1793.46667 0.37999999999999995 -1.6710000000000005
273.38004762747 -19.27315553902 0.0288 0.0245 15.586 "" "" 4094739803312036992 2362.71606 0.3767 0.0306 1.312 2.98 0.039 0.028 1.022 4827.7 3.2276 15.268991 2.221316 16.43481 14.213494 -24.43 11.3 2207.11035 2576.68921 14701.10886 6.6267 3643.3 11.78 16359.0 21.284 "" "" 0.0027984477985046417 0.0044843038 0.0040347464 0.00851905 273.38004762747 -19.27315553902 2362.71606 1.3119999999999998 2.98
273.66873896445 -19.28099617503 0.0279 0.0245 17.4689 "" "" 4094731114621162112 1912.90942 0.4897 0.0317 -1.092 -7.344 0.035 0.027 0.944 5611.1 3.6398 15.269438 1.287377 15.830243 14.542866 "" "" 1796.81543 1991.42053 14695.06367 5.0709 6358.0 17.911 12078.0 21.537 "" "" 0.002780676154890031 0.0041400627 0.004246408 0.00838647 273.66873896445 -19.28099617503 1912.90942 -1.0919999999999996 -7.344
273.53466689976 -19.22750254629 0.0774 0.0669 17.4258 "" "" 4094729568422925056 2301.95728 0.4613 0.0863 0.825 0.884 0.101 0.078 3.398 "" "" 15.269834 1.271088 15.75109 14.480002 "" "" 1896.93079 3884.89111 14689.69421 14.137 6838.8 52.129 12798.0 106.38 "" "" 0.0029467907415579924 0.008733744 0.009784297 0.018518042 273.53466689976 -19.22750254629 2301.95728 0.8250000000000001 0.8839999999999999
273.56947240619 -19.2414840936 0.027 0.0238 17.0535 "" "" 4094729392311453312 2411.33521 0.3808 0.03 -0.708 -1.793 0.034 0.029 0.948 7879.6 4.2888 15.27076 1.163638 15.765182 14.601543 "" "" 2212.0686 2584.56079 14677.1841 5.1213 6750.6 13.181 11443.0 12.055 "" "" 0.0027812430853653815 0.0035041878 0.0039486727 0.0074528605 273.56947240619 -19.2414840936 2411.33521 -0.7079999999999999 -1.7930000000000001
273.61420496265 -19.40091056567 0.0355 0.0288 10.0313 "" "" 4094677307268976000 2435.36011 0.3665 0.0365 -2.65 -1.487 0.043 0.033 1.059 7229.3 3.459 15.274211 2.725082 16.8088 14.083717 35.37 5.34 2255.71118 2625.39844 14630.61385 9.4101 2581.6 9.5396 18436.0 28.744 "" "" 0.0028424362080722485 0.004886873 0.0041411696 0.009028043 273.61420496265 -19.40091056567 2435.36011 -2.65 -1.487
273.78529502771 -19.49976403877 0.0282 0.0248 17.089 "" "" 4094671874112418176 1709.20471 0.5426 0.0306 -0.867 -6.138 0.035 0.028 0.964 7380.9 4.1518 15.275084 1.231414 15.797092 14.565679 "" "" 1614.17834 1831.04553 14618.85265 5.4761 6555.1 21.18 11827.0 19.631 "" "" 0.002785175135698827 0.004482383 0.004187062 0.008669445 273.78529502771 -19.49976403877 1709.20471 -0.8670000000000002 -6.138
273.48631579172 -19.60767510998 0.0525 0.0469 5.6291 "" "" 4094648273288236288 1775.49658 0.5361 0.057 1.015 -0.121 0.064 0.052 1.617 8195.7 4.1436 15.275176 1.228547 15.791251 14.562704 "" "" 1602.18713 1960.23279 14617.60525 7.0489 6590.5 23.834 11860.0 20.622 "" "" 0.0028046226556266715 0.004816872 0.0042246603 0.009041533 273.48631579172 -19.60767510998 1775.49658 1.0150000000000001 -0.121
273.76290456143 -19.36333716619 0.037 0.0335 18.2073 "" "" 4094682731790315520 2406.47583 0.394 0.0421 0.738 -3.081 0.044 0.035 1.316 7830.1 3.6288 15.276539 1.246769 15.802608 14.55584 "" "" 2166.94678 2596.4812 14599.271 5.9312 6521.9 24.902 11935.0 29.6 "" "" 0.002790404521641279 0.00499708 0.004640533 0.009637613 273.76290456143 -19.36333716619 2406.47583 0.738 -3.081
273.51743858474 -19.5266550422 0.0345 0.0287 2.066 "" "" 4094651223909560704 2459.76465 0.3765 0.035 0.16 -2.043 0.041 0.033 1.002 6997.0 2.683 15.279936 1.515358 15.968162 14.452804 "" "" 2243.45752 2706.12524 14553.67045 7.6744 5599.5 11.631 13123.0 17.241 "" "" 0.0028141742859161085 0.003587637 0.004039611 0.0076272483 273.51743858474 -19.5266550422 2459.76465 0.16000000000000003 -2.043
273.42151883957 -19.23693259382 0.0276 0.0239 16.9841 "" "" 4094740357391763456 2163.4834 0.4206 0.0295 -1.427 -5.61 0.037 0.027 1.103 4720.2 3.134 15.282447 1.712025 16.097418 14.385393 "" "" 2043.0542 2310.73218 14520.04573 4.999 4971.1 21.649 13964.0 19.144 "" "" 0.0027805603661498137 0.005490205 0.0040619383 0.0095521435 273.42151883957 -19.23693259382 2163.4834 -1.4269999999999998 -5.609999999999999
