Clusters/LP_0288/LP_0288_stars_in_region.tsv
# %ECSV 1.0
# ---
# datatype:
# - name: RA_ICRS_1
#   unit: deg
#   datatype: float64
#   format: '{:15.11f}'
#   description: Right ascension (ICRS) at Ep=2016.0 (ra)
#   meta: !!omap
#   - {ucd: POS_EQ_RA_MAIN}
#   - {width: 15}
#   - {precision: '11'}
# - name: DE_ICRS_1
#   unit: deg
#   datatype: float64
#   format: '{:15.11f}'
#   description: Declination (ICRS) at Ep=2016.0 (dec)
#   meta: !!omap
#   - {ucd: POS_EQ_DEC_MAIN}
#   - {width: 15}
#   - {precision: '11'}
# - name: e_RA_ICRS
#   unit: mas
#   datatype: float64
#   format: '{:7.4f}'
#   description: Standard error of right ascension (ra_error)
#   meta: !!omap
#   - {ucd: ERROR}
#   - {width: 7}
#   - {precision: '4'}
# - name: e_DE_ICRS
#   unit: mas
#   datatype: float64
#   format: '{:7.4f}'
#   description: Standard error of declination (dec_error)
#   meta: !!omap
#   - {ucd: ERROR}
#   - {width: 7}
#   - {precision: '4'}
# - name: _r_1
#   unit: ''
#   datatype: float64
#   format: '{:7.4f}'
#   description: Distance from center (273.48350714000-19.51389433000)[ICRS], at Epoch=J2016.0
#   meta: !!omap
#   - {ucd: POS_ANG_DIST_GENERAL}
#   - {width: 7}
#   - {precision: '4'}
# - name: HIP
#   datatype: int32
#   description: '? HIP cross-id number, van Leeuwen, Cat. I/311 (hip_original_ext_source_id)'
#   meta: !!omap
#   - {ucd: ID_NUMBER}
#   - {width: 6}
#   - values: {'null': -2147483648}
# - name: TYC2
#   datatype: string
#   description: Tycho-2 cross-id name, Hog et al., Cat. I/259 (tyc2_original_ext_source_id)
#   meta: !!omap
#   - {ucd: ID_CROSSID}
#   - {_votable_string_dtype: char}
# - name: Source
#   datatype: int64
#   description: Source identifier, identical to the Gaia-EDR3 source_id (id)
#   meta: !!omap
#   - {ucd: ID_MAIN}
#   - {width: 19}
# - name: rgeo
#   unit: pc
#   datatype: float64
#   format: '{:15.8f}'
#   description: '? Median of the geometric distance posterior (r_med_geo)'
#   meta: !!omap
#   - {ucd: PHYS_DISTANCE_TRUE}
#   - {width: 15}
#   - {precision: '8'}
#   - values: {'null': .nan}
# - name: Plx
#   unit: mas
#   datatype: float64
#   format: '{:9.4f}'
#   description: '? Parallax (parallax)'
#   meta: !!omap
#   - {ucd: POS_PARLX_TRIG}
#   - {width: 9}
#   - {precision: '4'}
#   - values: {'null': .nan}
# - name: e_Plx
#   unit: mas
#   datatype: float32
#   format: '{:7.4f}'
#   description: '? Standard error of parallax (parallax_error)'
#   meta: !!omap
#   - {ucd: ERROR}
#   - {width: 7}
#   - {precision: '4'}
#   - values: {'null': .nan}
# - name: pmRA
#   unit: mas / yr
#   datatype: float64
#   format: '{:9.3f}'
#   description: '? Proper motion in right ascension direction, pmRA*cosDE (pmra)'
#   meta: !!omap
#   - {ucd: POS_EQ_PMRA}
#   - {width: 9}
#   - {precision: '3'}
#   - values: {'null': .nan}
# - name: pmDE
#   unit: mas / yr
#   datatype: float64
#   format: '{:9.3f}'
#   description: '? Proper motion in declination direction (pmdec)'
#   meta: !!omap
#   - {ucd: POS_EQ_PMDEC}
#   - {width: 9}
#   - {precision: '3'}
#   - values: {'null': .nan}
# - name: e_pmRA
#   unit: mas / yr
#   datatype: float32
#   format: '{:6.3f}'
#   description: '? Standard error of proper motion in right ascension direction (pmra_error)'
#   meta: !!omap
#   - {ucd: ERROR}
#   - {width: 6}
#   - {precision: '3'}
#   - values: {'null': .nan}
# - name: e_pmDE
[...]
#         unit: &id001 !astropy.units.Unit {unit: deg}
#         value: !astropy.table.SerializedColumn {name: SkyCoord.dec}
#       distance: !astropy.table.SerializedColumn
#         __class__: astropy.coordinates.distances.Distance
#         unit: !astropy.units.Unit {unit: pc}
#         value: !astropy.table.SerializedColumn {name: SkyCoord.distance}
#       frame: icrs
#       obstime: !astropy.time.Time {format: jyear_str, in_subfmt: '*', jd1: 367701545.0, jd2: 0.0, out_subfmt: '*', precision: 3, scale: tt}
#       pm_dec: !astropy.table.SerializedColumn
#         __class__: astropy.units.quantity.Quantity
#         unit: !astropy.units.Unit {unit: mas / yr}
#         value: !astropy.table.SerializedColumn {name: SkyCoord.pm_dec}
#       pm_ra_cosdec: !astropy.table.SerializedColumn
#         __class__: astropy.units.quantity.Quantity
#         unit: !astropy.units.Unit {unit: mas / yr}
#         value: !astropy.table.SerializedColumn {name: SkyCoord.pm_ra_cosdec}
#       ra: !astropy.table.SerializedColumn
#         __class__: astropy.coordinates.angles.Longitude
#         unit: *id001
#         value: !astropy.table.SerializedColumn {name: SkyCoord.ra}
#         wrap_angle: !astropy.coordinates.Angle
#           unit: *id001
#           value: 360.0
#       representation_type: spherical
# schema: astropy-2.0
RA_ICRS_1 DE_ICRS_1 e_RA_ICRS e_DE_ICRS _r_1 HIP TYC2 Source rgeo Plx e_Plx pmRA pmDE e_pmRA e_pmDE RUWE Teff logg Gmag BP-RP BPmag RPmag RV e_RV b_rgeo B_rgeo FG e_FG FBP e_FBP FRP e_FRP RAVE5 RAVE6 e_Gmag e_BPmag e_RPmag e_BP-RP SkyCoord.ra SkyCoord.dec SkyCoord.distance SkyCoord.pm_ra_cosdec SkyCoord.pm_dec
[from data line 2394]
273.26957136655 -19.58870340825 0.0697 0.0642 12.902 "" "" 4094690913725904512 1880.60193 0.5344 0.0915 0.209 -3.412 0.092 0.062 1.324 5468.0 4.633 16.46566 1.482546 17.118605 15.636059 "" "" 1619.49915 2252.45068 4882.95674 5.504 1940.8 8.4827 4413.0 14.402 "" "" 0.0030148865338501646 0.0055049397 0.005180638 0.010685578 273.26957136655 -19.58870340825 1880.60193 0.209 -3.412
273.50453246294 -19.27764119827 0.0502 0.0441 14.225 "" "" 4094728949958552320 2385.51343 0.4184 0.0554 -2.695 -5.071 0.067 0.049 0.916 5777.3 4.5378 16.466333 1.331144 17.052124 15.72098 "" "" 2078.39917 2796.14038 4879.92667 3.2477 2063.3 11.077 4081.0 15.655 "" "" 0.002848493210945928 0.006462254 0.0056241103 0.012086364 273.50453246294 -19.27764119827 2385.51343 -2.695 -5.071
273.667525527 -19.34986186616 0.0551 0.0503 14.3275 "" "" 4094677891384090240 1793.91284 0.5413 0.0628 -1.095 -1.581 0.063 0.047 1.054 5080.1 4.1949 16.466345 1.236303 17.007019 15.770716 "" "" 1602.474 1997.39868 4879.87671 3.3515 2150.8 13.617 3898.3 10.554 "" "" 0.00285444103958809 0.007418631 0.004787911 0.012206542 273.667525527 -19.34986186616 1793.91284 -1.0950000000000002 -1.5810000000000002
273.7358508269 -19.4720463167 0.0571 0.0502 14.492 "" "" 4094672668703569408 2353.49878 0.4161 0.061 -0.529 -2.209 0.064 0.051 1.014 5360.5 4.3414 16.466824 1.537473 17.162405 15.624932 "" "" 2079.59131 2759.0127 4877.72767 3.5464 1864.0 6.8803 4458.5 18.273 "" "" 0.0028661706483667304 0.0048832376 0.005838227 0.010721465 273.7358508269 -19.4720463167 2353.49878 -0.5290000000000001 -2.209
273.48864093746 -19.27232091093 0.0502 0.044 14.4973 "" "" 4094728984318302720 2142.88062 0.4508 0.0549 -0.426 -0.034 0.068 0.05 0.926 5019.5 4.3411 16.467337 1.284608 17.037134 15.752526 "" "" 1913.82849 2456.67798 4875.42071 3.5799 2092.0 13.696 3964.1 10.951 "" "" 0.002868338116963297 0.0076361503 0.0048249443 0.012461094 273.48864093746 -19.27232091093 2142.88062 -0.42600000000000005 -0.03400000000000001
273.44432150651 -19.58898635186 0.0585 0.0539 5.0208 "" "" 4094649132281721472 2227.79492 0.4165 0.0668 0.119 -2.202 0.069 0.052 0.99 "" "" 16.46805 1.796185 17.343191 15.547006 "" "" 1957.17139 2586.58813 4872.21672 3.8068 1578.1 10.667 4790.2 12.947 "" "" 0.002882955028943196 0.007851418 0.0047848974 0.012636315 273.44432150651 -19.58898635186 2227.79492 0.119 -2.202
273.35338542698 -19.5143133697 0.0609 0.0556 7.3589 "" "" 4094697510796502656 2053.68286 0.481 0.0681 -0.901 -1.876 0.073 0.052 0.943 5722.7 3.9313 16.46843 2.019688 17.495754 15.476067 "" "" 1791.77844 2490.70776 4870.51135 3.8849 1371.2 7.2343 5113.7 15.507 "" "" 0.0028882149941549576 0.0063716252 0.0050123683 0.011383994 273.35338542698 -19.5143133697 2053.68286 -0.901 -1.8759999999999997
273.2005718651 -19.67339053057 0.0523 0.0463 18.6376 "" "" 4094688676020313984 2439.23291 0.3914 0.0628 -0.842 -1.517 0.065 0.045 0.94 8831.4 4.3068 16.468433 1.6799 17.26714 15.587239 "" "" 2153.64697 2807.98218 4870.50186 3.0632 1692.6 8.7975 4616.0 11.528 "" "" 0.0028386748390076873 0.00629534 0.004651457 0.010946797 273.2005718651 -19.67339053057 2439.23291 -0.8420000000000001 -1.5170000000000001
273.21964397953 -19.31483590582 0.0659 0.0594 19.1206 "" "" 4094716752250025344 1955.62109 0.5083 0.0741 0.117 1.206 0.081 0.058 1.031 5647.9 4.6269 16.469057 1.384811 17.069683 15.684872 "" "" 1743.19458 2225.40186 4867.70524 4.4492 2030.2 15.148 4219.0 25.321 "" "" 0.0029285876243038524 0.008568075 0.007532916 0.016100992 273.21964397953 -19.31483590582 1955.62109 0.11699999999999998 1.2060000000000002
273.73282257281 -19.34626481177 0.0562 0.0512 17.3253 "" "" 4094683560740841216 2085.47144 0.4755 0.065 -7.058 -0.175 0.067 0.051 0.957 4935.5 4.326 16.470407 1.308988 17.053772 15.744784 "" "" 1841.99597 2362.75781 4861.65135 3.3223 2060.2 12.656 3992.5 17.24 "" "" 0.002853470014253113 0.0072298674 0.006021961 0.013251828 273.73282257281 -19.34626481177 2085.47144 -7.057999999999999 -0.17499999999999996
273.45844903893 -19.54144500562 0.0572 0.0529 2.1773 "" "" 4094650953347874432 1908.33276 0.4988 0.0649 0.082 -2.301 0.068 0.052 1.041 9139.7 3.7423 16.471378 1.954523 17.433544 15.479021 "" "" 1685.54736 2180.99683 4857.30149 3.495 1452.1 18.002 5099.8 13.253 "" "" 0.002863931328948362 0.013746257 0.004716438 0.018462695 273.45844903893 -19.54144500562 1908.33276 0.082 -2.301
273.56702960554 -19.79273467074 0.0584 0.0549 17.3833 "" "" 4094630986022614016 1833.46362 0.5337 0.0701 1.699 -0.499 0.072 0.054 1.032 5201.0 4.3303 16.47146 1.697386 17.260605 15.563219 "" "" 1633.72998 2090.27637 4856.93565 3.528 1702.8 10.312 4719.2 14.815 "" "" 0.0028659686090689003 0.0071426346 0.0050893314 0.0122319665 273.56702960554 -19.79273467074 1833.46362 1.6989999999999998 -0.49900000000000005
273.36453496967 -19.36928841784 0.0594 0.0529 10.9813 "" "" 4094704039146547328 2000.89758 0.5114 0.0634 0.094 -1.326 0.075 0.053 1.007 6940.8 4.4426 16.471636 1.361735 17.077757 15.716022 "" "" 1716.521 2481.37891 4856.15348 3.3292 2015.2 12.921 4099.7 15.944 "" "" 0.002854090491308222 0.007499827 0.0056668525 0.013166679 273.36453496967 -19.36928841784 2000.89758 0.09400000000000001 -1.326
273.294835936 -19.60490573543 0.0524 0.0489 11.9835 "" "" 4094690123451884800 1741.18677 0.5547 0.0697 -4.961 -3.87 0.071 0.047 0.993 4864.8 4.1732 16.472029 2.110512 17.551563 15.441052 "" "" 1541.42859 2002.71423 4854.39538 3.0842 1302.5 12.269 5281.3 11.114 "" "" 0.0028403577292170587 0.010600952 0.004416353 0.0150173055 273.294835936 -19.60490573543 1741.18677 -4.961 -3.87
273.63752768478 -19.37635804267 0.0538 0.0492 12.0014 "" "" 4094677444707492352 1880.97339 0.5202 0.0603 -0.751 -2.584 0.063 0.051 1.001 5411.9 4.6109 16.472246 1.282074 17.025225 15.743151 "" "" 1716.24146 2128.33765 4853.42619 3.2609 2115.1 14.318 3998.5 12.212 "" "" 0.0028502509336638406 0.007861594 0.005027878 0.012889472 273.63752768478 -19.37635804267 1880.97339 -0.751 -2.584
273.54908365696 -19.8352119784 0.0587 0.0609 19.6318 "" "" 4094624908665630720 1705.72815 0.6026 0.0852 -2.742 -2.712 0.076 0.053 1.083 5574.7 4.6243 16.474346 1.621203 17.233213 15.612011 "" "" 1472.33118 1996.48242 4844.04831 3.4197 1746.4 8.4337 4511.8 10.555 "" "" 0.0028599456494937145 0.0059394008 0.0045536025 0.010493003 273.54908365696 -19.8352119784 1705.72815 -2.742 -2.712
273.59779107277 -19.80800789098 0.0565 0.0553 18.7911 "" "" 4094630165705587840 2424.80396 0.3948 0.0702 -0.571 -0.535 0.07 0.053 1.027 9429.2 3.7235 16.475296 1.737419 17.276258 15.538839 "" "" 2125.19019 2840.29077 4839.80684 3.4303 1678.5 13.555 4826.4 14.227 "" "" 0.002860764499470105 0.00920128 0.0049524503 0.01415373 273.59779107277 -19.80800789098 2424.80396 -0.571 -0.535
273.7185014188 -19.46739600674 0.0561 0.0531 13.5813 "" "" 4094672874846146176 1940.52612 0.5009 0.0669 0.733 -1.09 0.069 0.052 1.022 5661.1 4.6303 16.475403 1.262195 17.016184 15.753989 "" "" 1733.02112 2224.4834 4839.33148 3.276 2132.8 9.5068 3958.8 13.876 "" "" 0.0028516667354246297 0.0055862935 0.005363436 0.010949729 273.7185014188 -19.46739600674 1940.52612 0.7330000000000001 -1.09
273.70390758059 -19.37292535835 0.055 0.0497 15.0678 "" "" 4094677547786625920 1733.5946 0.5686 0.0611 3.139 -3.118 0.06 0.046 0.984 5642.4 4.6047 16.476027 1.296436 17.033117 15.736681 "" "" 1544.10925 1958.18152 4836.55711 3.32 2099.8 11.266 4022.4 16.132 "" "" 0.002854338551158539 0.006459011 0.0057657985 0.01222481 273.70390758059 -19.37292535835 1733.5946 3.139 -3.118
273.56945008888 -19.64176158573 0.0697 0.0605 9.081 "" "" 4094646207391608704 1830.06726 0.5376 0.0718 -1.454 -3.713 0.081 0.059 0.97 5639.7 4.2803 16.476833 1.715287 17.269236 15.553948 "" "" 1634.50171 2090.63989 4832.9617 4.1909 1689.4 12.62 4759.7 18.471 "" "" 0.002911735406716292 0.008577082 0.0056600943 0.014237177 273.56945008888 -19.64176158573 1830.06726 -1.4540000000000002 -3.713
273.27953757412 -19.49483451983 0.0564 0.0531 11.5924 "" "" 4094700671891693056 1696.3822 0.5591 0.0678 -1.216 -0.162 0.074 0.051 0.972 5711.4 4.5914 16.476883 1.485626 17.137178 15.651552 "" "" 1524.44202 1928.48035 4832.73837 3.4058 1907.9 8.459 4350.5 31.171 "" "" 0.0028595897655836196 0.0055639627 0.008648696 0.014212659 273.27953757412 -19.49483451983 1696.3822 -1.2160000000000004 -0.16200000000000003
273.64553228504 -19.44035469809 0.0573 0.0513 10.172 "" "" 4094674725970947200 2070.24951 0.4656 0.0627 -0.011 -2.352 0.065 0.049 0.996 4828.9 4.292 16.477055 1.559515 17.207901 15.648386 "" "" 1862.90442 2336.45264 4831.97942 3.1418 1787.5 10.213 4363.2 13.842 "" "" 0.002844321277050184 0.0068020253 0.005113498 0.011915524 273.64553228504 -19.44035469809 2070.24951 -0.010999999999999996 -2.3519999999999994
273.48347384168 -19.80592076438 0.0523 0.0512 17.5216 "" "" 4094636861537835136 1675.84656 0.5757 0.0686 -5.617 -7.928 0.065 0.051 0.998 5358.3 4.5994 16.477833 1.488387 17.155739 15.667352 "" "" 1522.95068 1864.97717 4828.51469 3.2831 1875.5 9.0192 4287.6 10.341 "" "" 0.0028525043080298825 0.0059200167 0.0045979237 0.01051794 273.48347384168 -19.80592076438 1675.84656 -5.617000000000001 -7.928000000000001
273.75392520195 -19.71348073452 0.0563 0.0481 19.4164 "" "" 4094632570887614208 2026.37732 0.4834 0.0572 0.65 -0.624 0.073 0.055 1.01 5057.6 4.2988 16.478844 1.466519 17.1381 15.67158 "" "" 1819.41663 2260.54272 4824.02171 3.3669 1906.2 8.4661 4271.0 12.183 "" "" 0.0028576258575082275 0.0055711777 0.004886254 0.010457432 273.75392520195 -19.71348073452 2026.37732 0.65 -0.624
273.31810762913 -19.26188946916 0.0631 0.0539 17.7836 "" "" 4094740013794617216 2390.77124 0.4202 0.0618 1.386 -0.851 0.084 0.059 1.006 8464.3 4.4811 16.478853 1.405449 17.109325 15.703876 "" "" 2096.21655 2683.06226 4823.98092 3.682 1957.4 9.8403 4145.8 11.817 "" "" 0.0028772468425357378 0.006130048 0.0048847827 0.01101483 273.31810762913 -19.26188946916 2390.77124 1.3859999999999997 -0.8509999999999999
273.34785442472 -19.45424230184 0.0548 0.0487 8.4668 "" "" 4094702286799858048 2346.01978 0.4182 0.0603 3.466 3.396 0.07 0.049 0.998 5022.7 4.2914 16.479202 1.59529 17.17555 15.58026 "" "" 2062.229 2694.52344 4822.42763 4.3095 1841.6 17.75 4645.7 49.098 "" "" 0.0029211611546979526 0.010830294 0.012080968 0.022911262 273.34785442472 -19.45424230184 2346.01978 3.466 3.3959999999999995
273.35657164289 -19.44665039703 0.0574 0.0499 8.2361 "" "" 4094702385556308992 1688.79358 0.5708 0.0613 2.197 -1.976 0.073 0.051 0.985 5246.6 4.325 16.480341 1.567059 17.20144 15.634382 "" "" 1545.99316 1864.86414 4817.3761 3.1669 1798.2 13.82 4419.8 15.72 "" "" 0.002846266511526097 0.008798513 0.005403347 0.014201859 273.35657164289 -19.44665039703 1688.79358 2.1970000000000005 -1.9759999999999998
273.7135842595 -19.44905021944 0.0561 0.0502 13.5834 "" "" 4094676001579247616 2435.06763 0.391 0.0631 0.198 -2.49 0.064 0.05 1.045 "" "" 16.482666 1.540386 17.161247 15.620861 "" "" 2164.7915 2809.89941 4807.07196 3.7715 1866.0 11.586 4475.2 42.37 "" "" 0.0028839937543008085 0.007295938 0.010952215 0.018248152 273.7135842595 -19.44905021944 2435.06763 0.198 -2.49
273.26639900399 -19.61623188131 0.0512 0.048 13.7245 "" "" 4094690741927190272 2376.17383 0.4009 0.0691 -0.055 -1.196 0.069 0.047 0.958 9489.4 4.1804 16.486612 1.344914 17.080946 15.736033 "" "" 2092.78247 2895.23975 4789.62586 2.7876 2009.3 9.0395 4024.8 13.343 "" "" 0.0028268526472659795 0.005625283 0.005219158 0.010844441 273.26639900399 -19.61623188131 2376.17383 -0.055 -1.1959999999999997
273.31262202229 -19.28803591381 0.0606 0.0528 16.6484 "" "" 4094739906391168128 2463.50317 0.3814 0.0632 -0.838 -1.853 0.081 0.057 1.092 7204.2 4.343 16.486748 1.260247 17.038498 15.778251 "" "" 2209.69116 2767.22632 4789.02918 3.4677 2089.4 11.752 3871.3 14.613 "" "" 0.0028652849750037527 0.0067140297 0.0055749468 0.012288976 273.31262202229 -19.28803591381 2463.50317 -0.8380000000000001 -1.8529999999999998
273.21024186818 -19.54100497128 0.1149 0.1101 15.5382 "" "" 4094694418420019968 2304.87842 0.5181 0.1532 -0.64 -0.712 0.162 0.11 2.151 5318.7 4.7009 16.487614 1.497946 17.110577 15.612631 "" "" 1779.60046 3006.44189 4785.21085 7.6038 1955.2 9.8279 4509.3 18.633 "" "" 0.003250892537591532 0.006129386 0.0058661317 0.011995518 273.21024186818 -19.54100497128 2304.87842 -0.64 -0.712
273.77256894847 -19.37368276748 0.0652 0.0638 18.3914 "" "" 4094682525631835136 2318.27954 0.4233 0.0696 -0.53 -4.597 0.067 0.055 0.973 5581.6 4.6088 16.488512 1.2708 17.047762 15.776962 "" "" 1964.01758 2801.9104 4781.25142 2.8908 2071.6 12.462 3875.9 11.036 "" "" 0.002832439630103611 0.0071024084 0.0048827087 0.011985118 273.77256894847 -19.37368276748 2318.27954 -0.5300000000000001 -4.5969999999999995
273.79095860385 -19.4048363416 0.0523 0.0473 18.5835 "" "" 4094673562056802560 1797.10449 0.5307 0.0601 -4.112 -4.108 0.06 0.048 0.995 "" "" 16.488543 1.437413 16.886679 15.449265 "" "" 1647.01147 1980.35498 4781.12078 4.2198 2403.0 25.015 5241.5 31.729 "" "" 0.0029172015064288788 0.011641713 0.007581582 0.019223295 273.79095860385 -19.4048363416 1797.10449 -4.111999999999999 -4.108
273.52235806592 -19.56404291851 0.068 0.0653 3.7255 "" "" 4094649986958829568 2426.25464 0.4298 0.0739 2.214 0.341 0.084 0.062 0.981 6097.7 4.3634 16.488855 1.673459 17.278587 15.605128 "" "" 2057.33618 2921.17676 4779.74441 4.1352 1674.9 12.479 4540.5 15.057 "" "" 0.0029110345079599127 0.0085570505 0.005219876 0.013776926 273.52235806592 -19.56404291851 2426.25464 2.214 0.34099999999999997
273.48278469218 -19.54750769025 0.0611 0.0549 2.0172 "" "" 4094650777232868608 2285.12598 0.4281 0.0659 -1.406 -1.206 0.074 0.058 0.981 7836.1 4.1714 16.48947 1.588018 17.226849 15.638831 "" "" 2008.87976 2611.48267 4777.03701 4.2056 1756.6 16.562 4401.8 14.461 "" "" 0.0029164113157627448 0.010610237 0.005196786 0.015807023 273.48278469218 -19.54750769025 2285.12598 -1.4059999999999997 -1.2060000000000002
273.46478209586 -19.24085894442 0.0564 0.049 16.4164 "" "" 4094729843311793152 2118.36646 0.4479 0.0605 -1.469 -5.09 0.074 0.055 1.069 5258.7 4.3556 16.48949 1.349522 17.066391 15.716869 "" "" 1869.02234 2479.81372 4776.94511 4.3128 2036.4 12.478 4096.5 13.439 "" "" 0.002924493807336496 0.007214232 0.0051933285 0.01240756 273.46478209586 -19.24085894442 2118.36646 -1.4689999999999999 -5.09
273.49068992752 -19.35340718484 0.0532 0.0467 9.6378 "" "" 4094724032191783808 2442.26099 0.3956 0.0566 0.462 -1.034 0.071 0.053 1.003 7145.0 4.3375 16.489685 1.368798 17.107058 15.738259 "" "" 2161.82593 3076.01416 4776.09656 3.3896 1961.5 10.661 4016.6 12.477 "" "" 0.0028610371394004134 0.0065274946 0.0050654453 0.0115929395 273.49068992752 -19.35340718484 2442.26099 0.46199999999999997 -1.034
273.2592770694 -19.70814320408 0.0648 0.0589 17.2178 "" "" 4094642122894800256 2359.18311 0.424 0.0718 -0.462 -3.079 0.076 0.056 0.992 9419.6 4.2924 16.489964 1.584333 17.215693 15.631359 "" "" 1977.12646 2859.29248 4774.87062 3.0876 1774.8 12.176 4432.2 11.868 "" "" 0.0028433605493305186 0.007954114 0.004768211 0.012722325 273.2592770694 -19.70814320408 2359.18311 -0.46199999999999997 -3.079
273.78203681915 -19.44666504524 0.0541 0.0485 17.3615 "" "" 4094673218459352832 2063.80347 0.483 0.0603 -0.748 -3.493 0.066 0.052 1.069 "" "" 16.490002 1.447702 16.89361 15.445908 "" "" 1809.48901 2341.19604 4774.70344 3.6174 2387.7 14.252 5257.7 12.556 "" "" 0.002875485296292811 0.0070557934 0.004583304 0.011639098 273.78203681915 -19.44666504524 2063.80347 -0.748 -3.4930000000000003
273.59935901081 -19.63828594689 0.0605 0.0538 9.9296 "" "" 4094645593228591232 2145.19214 0.4257 0.0627 -0.717 -2.473 0.072 0.054 0.982 4756.9 2.3992 16.490374 3.358313 18.508904 15.150591 "" "" 1889.73914 2613.43945 4773.06818 4.2566 539.33 10.489 6901.2 15.588 "" "" 0.002920497564785556 0.021299163 0.0045053256 0.025804488 273.59935901081 -19.63828594689 2145.19214 -0.717 -2.4730000000000003
