Clusters/LP_0288/LP_0288_members.tsv
# %ECSV 1.0
# ---
# datatype:
# - name: RA_ICRS_1
#   unit: deg
#   datatype: float64
#   format: '{:15.11f}'
#   description: Right ascension (ICRS) at Ep=2016.0 (ra)
#   meta: !!omap
#   - {ucd: POS_EQ_RA_MAIN}
#   - {width: 15}
#   - {precision: '11'}
# - name: DE_ICRS_1
#   unit: deg
#   datatype: float64
#   format: '{:15.11f}'
#   description: Declination (ICRS) at Ep=2016.0 (dec)
#   meta: !!omap
#   - {ucd: POS_EQ_DEC_MAIN}
#   - {width: 15}
#   - {precision: '11'}
# - name: e_RA_ICRS
#   unit: mas
#   datatype: float64
#   format: '{:7.4f}'
#   description: Standard error of right ascension (ra_error)
#   meta: !!omap
#   - {ucd: ERROR}
#   - {width: 7}
#   - {precision: '4'}
# - name: e_DE_ICRS
#   unit: mas
#   datatype: float64
#   format: '{:7.4f}'
#   description: Standard error of declination (dec_error)
#   meta: !!omap
#   - {ucd: ERROR}
#   - {width: 7}
#   - {precision: '4'}
# - name: _r_1
#   unit: ''
#   datatype: float64
#   format: '{:7.4f}'
#   description: Distance from center (273.48350714000-19.51389433000)[ICRS], at Epoch=J2016.0
#   meta: !!omap
#   - {ucd: POS_ANG_DIST_GENERAL}
#   - {width: 7}
#   - {precision: '4'}
# - name: HIP
#   datatype: int32
#   description: '? HIP cross-id number, van Leeuwen, Cat. I/311 (hip_original_ext_source_id)'
#   meta: !!omap
#   - {ucd: ID_NUMBER}
#   - {width: 6}
#   - values: {'null': -2147483648}
# - name: TYC2
#   datatype: string
#   description: Tycho-2 cross-id name, Hog et al., Cat. I/259 (tyc2_original_ext_source_id)
#   meta: !!omap
#   - {ucd: ID_CROSSID}
#   - {_votable_string_dtype: char}
# - name: Source
#   datatype: int64
#   description: Source identifier, identical to the Gaia-EDR3 source_id (id)
#   meta: !!omap
#   - {ucd: ID_MAIN}
#   - {width: 19}
# - name: rgeo
#   unit: pc
#   datatype: float64
#   format: '{:15.8f}'
#   description: '? Median of the geometric distance posterior (r_med_geo)'
#   meta: !!omap
#   - {ucd: PHYS_DISTANCE_TRUE}
#   - {width: 15}
#   - {precision: '8'}
#   - values: {'null': .nan}
# - name: Plx
#   unit: mas
#   datatype: float64
#   format: '{:9.4f}'
#   description: '? Parallax (parallax)'
#   meta: !!omap
#   - {ucd: POS_PARLX_TRIG}
#   - {width: 9}
#   - {precision: '4'}
#   - values: {'null': .nan}
# - name: e_Plx
#   unit: mas
#   datatype: float32
#   format: '{:7.4f}'
#   description: '? Standard error of parallax (parallax_error)'
#   meta: !!omap
#   - {ucd: ERROR}
#   - {width: 7}
#   - {precision: '4'}
#   - values: {'null': .nan}
# - name: pmRA
#   unit: mas / yr
#   datatype: float64
#   format: '{:9.3f}'
#   description: '? Proper motion in right ascension direction, pmRA*cosDE (pmra)'
#   meta: !!omap
#   - {ucd: POS_EQ_PMRA}
#   - {width: 9}
#   - {precision: '3'}
#   - values: {'null': .nan}
# - name: pmDE
#   unit: mas / yr
#   datatype: float64
#   format: '{:9.3f}'
#   description: '? Proper motion in declination direction (pmdec)'
#   meta: !!omap
#   - {ucd: POS_EQ_PMDEC}
#   - {width: 9}
#   - {precision: '3'}
#   - values: {'null': .nan}
# - name: e_pmRA
#   unit: mas / yr
#   datatype: float32
#   format: '{:6.3f}'
#   description: '? Standard error of proper motion in right ascension direction (pmra_error)'
#   meta: !!omap
#   - {ucd: ERROR}
#   - {width: 6}
#   - {precision: '3'}
#   - values: {'null': .nan}
# - name: e_pmDE
[...]
#         unit: &id001 !astropy.units.Unit {unit: deg}
#         value: !astropy.table.SerializedColumn {name: SkyCoord.dec}
#       distance: !astropy.table.SerializedColumn
#         __class__: astropy.coordinates.distances.Distance
#         unit: !astropy.units.Unit {unit: pc}
#         value: !astropy.table.SerializedColumn {name: SkyCoord.distance}
#       frame: icrs
#       obstime: !astropy.time.Time {format: jyear_str, in_subfmt: '*', jd1: 367701545.0, jd2: 0.0, out_subfmt: '*', precision: 3, scale: tt}
#       pm_dec: !astropy.table.SerializedColumn
#         __class__: astropy.units.quantity.Quantity
#         unit: !astropy.units.Unit {unit: mas / yr}
#         value: !astropy.table.SerializedColumn {name: SkyCoord.pm_dec}
#       pm_ra_cosdec: !astropy.table.SerializedColumn
#         __class__: astropy.units.quantity.Quantity
#         unit: !astropy.units.Unit {unit: mas / yr}
#         value: !astropy.table.SerializedColumn {name: SkyCoord.pm_ra_cosdec}
#       ra: !astropy.table.SerializedColumn
#         __class__: astropy.coordinates.angles.Longitude
#         unit: *id001
#         value: !astropy.table.SerializedColumn {name: SkyCoord.ra}
#         wrap_angle: !astropy.coordinates.Angle
#           unit: *id001
#           value: 360.0
#       representation_type: spherical
# schema: astropy-2.0
RA_ICRS_1 DE_ICRS_1 e_RA_ICRS e_DE_ICRS _r_1 HIP TYC2 Source rgeo Plx e_Plx pmRA pmDE e_pmRA e_pmDE RUWE Teff logg Gmag BP-RP BPmag RPmag RV e_RV b_rgeo B_rgeo FG e_FG FBP e_FBP FRP e_FRP RAVE5 RAVE6 e_Gmag e_BPmag e_RPmag e_BP-RP SkyCoord.ra SkyCoord.dec SkyCoord.distance SkyCoord.pm_ra_cosdec SkyCoord.pm_dec Pmemb
273.61295992707 -19.52526205493 0.0177 0.0146 7.3525 "" "" 4094673695177161984 1831.20752 0.4998 0.0194 -0.172 -2.2 0.022 0.016 0.955 6794.0 2.7702 11.64573 0.767672 11.936259 11.168588 "" "" 1778.41553 1892.09558 413670.64684 334.96 229570.0 508.28 270220.0 540.03 "" "" 0.002892177809153776 0.003682889 0.004357966 0.008040855 273.61295992707 -19.52526205493 1831.20752 -0.17199999999999996 -2.2 0.91
273.52335909703 -19.49364419769 0.0146 0.0119 2.5605 "" "" 4094651567505650176 2399.54736 0.4031 0.0149 0.068 -2.204 0.017 0.013 0.896 "" "" 12.392472 1.409216 13.016956 11.60774 4.05 8.03 2316.29712 2498.62329 207949.39245 55.571 84847.0 74.714 180330.0 63.281 "" "" 0.002770554714892075 0.0029494269 0.0037985381 0.006747965 273.52335909703 -19.49364419769 2399.54736 0.068 -2.204 0.97
273.50073475366 -19.49432620458 0.0177 0.0149 1.5257 "" "" 4094651601866807040 2202.31567 0.4162 0.018 0.154 -2.12 0.021 0.017 0.972 10589.4 3.3713 13.030499 0.982908 13.426312 12.443403 "" "" 2105.66699 2316.40918 115543.97879 37.527 58196.0 57.868 83521.0 41.97 "" "" 0.0027777937711429166 0.0029917588 0.0038185597 0.0068103187 273.50073475366 -19.49432620458 2202.31567 0.154 -2.12 0.96
273.39214134071 -19.49993176376 0.0154 0.013 5.2348 "" "" 4094698953905197056 2000.63489 0.4635 0.016 -0.239 -2.126 0.019 0.015 0.903 "" "" 13.378152 0.903589 13.735369 12.831779 "" "" 1938.36438 2053.02637 83885.29212 19.639 43779.0 54.038 58405.0 36.462 "" "" 0.0027670203798138 0.0030953328 0.0038396833 0.0069350163 273.39214134071 -19.49993176376 2000.63489 -0.23900000000000002 -2.126 0.95
273.45575959507 -19.49203513272 0.0175 0.0146 2.0452 "" "" 4094698468549950720 2387.88794 0.3662 0.0174 0.481 -1.855 0.023 0.017 0.947 "" "" 13.644298 2.704353 15.163872 12.459518 -10.41 1.19 2298.27539 2503.03418 65648.91046 28.385 11745.0 35.321 82291.0 41.147 "" "" 0.0027950257572684216 0.0042949165 0.0038181741 0.008113091 273.45575959507 -19.49203513272 2387.88794 0.48100000000000004 -1.855 0.96
273.4873242897 -19.54697481823 0.0209 0.0182 1.9965 "" "" 4094650777232872320 2414.86987 0.3738 0.0222 0.224 -2.13 0.025 0.02 0.957 6696.3 2.6661 14.051295 1.4328 14.690749 13.257949 "" "" 2272.57739 2557.72729 45126.17892 19.791 18160.0 29.916 39444.0 23.779 "" "" 0.0027961632263906622 0.00331423 0.0038356422 0.0071498724 273.4873242897 -19.54697481823 2414.86987 0.22399999999999998 -2.13 0.98
273.49865748687 -19.53736270969 0.0216 0.0184 1.6483 "" "" 4094650815908902912 2380.49854 0.3794 0.0224 0.18 -2.204 0.026 0.021 1.024 "" "" 14.170538 1.463197 14.829118 13.365921 "" "" 2284.07422 2499.88281 40432.57962 20.342 15987.0 29.466 35710.0 48.487 "" "" 0.0028089449353250976 0.0034336029 0.004056726 0.007490329 273.49865748687 -19.53736270969 2380.49854 0.17999999999999997 -2.2040000000000006 0.98
273.49935250272 -19.53391821494 0.0229 0.0196 1.4988 "" "" 4094651193866026368 2432.61133 0.3772 0.0241 0.144 -2.233 0.028 0.022 0.955 "" "" 14.341738 1.598105 15.083992 13.485887 "" "" 2295.4021 2611.47363 34534.38798 20.761 12642.0 25.378 31974.0 29.47 "" "" 0.0028315756727519737 0.003540546 0.003909622 0.007450168 273.49935250272 -19.53391821494 2432.61133 0.14399999999999996 -2.233 0.98
273.50082035241 -19.47242390911 0.0253 0.0213 2.674 "" "" 4094698575948036864 2126.13354 0.4242 0.0259 0.245 -2.193 0.031 0.024 1.058 "" "" 14.377543 1.204434 14.870343 13.665909 "" "" 2037.87244 2252.34644 33414.10102 14.251 15391.0 63.393 27089.0 129.37 "" "" 0.002793960724265607 0.0052710106 0.0064163813 0.011687392 273.50082035241 -19.47242390911 2126.13354 0.245 -2.193 0.98
273.50445956055 -19.52215890164 0.0253 0.0213 1.2845 "" "" 4094651193866029440 2408.20728 0.3759 0.0276 0.094 -2.026 0.034 0.026 0.989 "" "" 14.491445 1.934792 15.446752 13.51196 "" "" 2265.35278 2587.01855 30086.30734 16.576 9051.4 22.35 31216.0 34.957 "" "" 0.002819505996953419 0.0038694255 0.003970142 0.007839568 273.50445956055 -19.52215890164 2408.20728 0.094 -2.026 0.98
273.45447078898 -19.44464618939 0.0237 0.0199 4.4677 "" "" 4094699641099963008 2456.34375 0.364 0.0235 -0.028 -1.617 0.03 0.023 0.945 "" "" 14.530252 1.056315 14.9618 13.905484 "" "" 2342.29883 2605.48706 29029.90928 9.8564 14148.0 22.401 21725.0 23.401 "" "" 0.0027798707507563246 0.0032772385 0.0039561912 0.0072334297 273.45447078898 -19.44464618939 2456.34375 -0.028000000000000004 -1.6169999999999998 0.96
273.49981765817 -19.51640220427 0.0283 0.0237 0.9346 "" "" 4094651400024465408 2481.96558 0.3516 0.0289 0.114 -2.293 0.033 0.027 1.042 9777.2 3.128 14.767316 2.242308 15.929546 13.687239 "" "" 2308.43579 2676.72314 23335.67093 15.345 5802.3 20.683 26562.0 43.713 "" "" 0.002846317148882996 0.0047711413 0.0041804733 0.008951615 273.49981765817 -19.51640220427 2481.96558 0.11400000000000002 -2.2929999999999997 0.91
273.50287788957 -19.52111811067 0.0287 0.0238 1.1781 "" "" 4094651400024460800 2428.50146 0.3709 0.0293 0.231 -2.095 0.034 0.027 0.949 7497.7 2.9499 14.808291 2.027979 15.829278 13.801299 "" "" 2240.53418 2655.40894 22471.41478 12.795 6363.6 17.15 23913.0 20.974 "" "" 0.0028238218375687967 0.004043138 0.0038975112 0.007940649 273.50287788957 -19.52111811067 2428.50146 0.23099999999999998 -2.095 0.98
273.49776083401 -19.49483731366 0.028 0.0234 1.399 "" "" 4094651503103694464 2371.9126 0.3777 0.028 0.225 -2.346 0.035 0.028 0.903 9318.8 3.6624 14.843001 1.011157 15.255402 14.244245 "" "" 2225.26685 2546.25586 21764.38368 7.3348 10796.0 21.576 15902.0 16.873 "" "" 0.0027795097675149586 0.003534594 0.003951064 0.007485658 273.49776083401 -19.49483731366 2371.9126 0.225 -2.346 0.97
273.46003934172 -19.41456567128 0.0272 0.0228 6.1058 "" "" 4094723211881237760 2181.54492 0.4128 0.0273 -0.21 -1.924 0.036 0.028 0.969 4998.6 2.9597 14.86922 2.141129 15.973824 13.832694 -5.99 3.32 2054.6228 2311.04028 21245.10315 8.3914 5570.4 21.43 23232.0 18.012 "" "" 0.00278849368751337 0.0050231493 0.0038719922 0.008895142 273.46003934172 -19.41456567128 2181.54492 -0.21000000000000002 -1.924 0.88
273.44297002546 -19.49424043826 0.0329 0.0276 2.5782 "" "" 4094698301070146688 2314.55029 0.3762 0.0347 0.801 -1.578 0.044 0.032 1.105 "" "" 14.934788 2.720983 16.465185 13.744203 28.79 4.32 2166.34277 2568.10669 20000.08054 10.262 3542.8 11.095 25204.0 23.944 "" "" 0.002811074091932588 0.0043984586 0.0039176056 0.008316064 273.44297002546 -19.49424043826 2314.55029 0.8009999999999999 -1.578 0.85
273.47706408791 -19.4702373584 0.0292 0.0245 2.6446 "" "" 4094698605988988160 2214.27075 0.4125 0.029 0.173 -2.032 0.037 0.027 0.962 "" "" 14.953474 1.082923 15.398623 14.3157 "" "" 2094.27393 2350.13574 19658.80988 7.2602 9461.7 16.431 14889.0 20.949 "" "" 0.0027843435766594263 0.0033674971 0.0040764473 0.0074439445 273.47706408791 -19.4702373584 2214.27075 0.173 -2.032 0.98
273.50263789803 -19.48620292728 0.0318 0.0264 1.9827 "" "" 4094651606182911744 2472.38477 0.3565 0.0316 0.044 -2.09 0.04 0.031 1.023 9524.4 3.8159 14.968826 1.35444 15.562707 14.208267 "" "" 2313.823 2689.12793 19382.78588 8.2533 8134.6 22.756 16438.0 21.05 "" "" 0.0027938364911994883 0.004124328 0.0040270123 0.00815134 273.50263789803 -19.48620292728 2472.38477 0.04399999999999999 -2.09 0.98
273.49607686245 -19.54620329597 0.0442 0.0371 2.0647 "" "" 4094650811592617856 1821.85034 0.516 0.0487 -0.025 -2.04 0.053 0.042 1.718 7960.4 3.9135 14.970787 1.462001 15.615057 14.153056 "" "" 1690.17883 2031.396 19347.82201 14.063 7751.7 13.27 17296.0 14.3 "" "" 0.002866108441535949 0.003352557 0.0038845246 0.0072370814 273.49607686245 -19.54620329597 1821.85034 -0.02500000000000001 -2.04 0.94
273.39780731711 -19.56286626165 0.0272 0.0237 5.6671 "" "" 4094696338245890688 2220.08203 0.4167 0.0292 0.195 -2.086 0.034 0.026 0.893 "" "" 15.001741 1.401105 15.620889 14.219784 "" "" 2062.20312 2445.46851 18804.00352 6.3372 7710.1 16.308 16265.0 12.499 "" "" 0.0027795103461779624 0.0036137137 0.0038703822 0.007484096 273.39780731711 -19.56286626165 2220.08203 0.195 -2.0860000000000003 0.95
273.42371097899 -19.56960357984 0.0293 0.0258 4.7544 "" "" 4094649407159650176 2090.13647 0.4364 0.0325 0.273 -2.016 0.036 0.028 0.987 7976.0 3.959 15.111686 1.28896 15.669095 14.380135 "" "" 1959.07788 2246.66528 16993.09495 6.6319 7375.3 14.88 14032.0 23.578 "" "" 0.0027877117815273697 0.0035473136 0.0041966694 0.007743983 273.42371097899 -19.56960357984 2090.13647 0.273 -2.016 0.98
273.51677938635 -19.40663312372 0.0275 0.0233 6.7053 "" "" 4094722559047135104 2247.92798 0.4092 0.0286 0.214 -2.159 0.036 0.029 1.043 9406.5 3.6822 15.143698 1.11099 15.604232 14.493242 "" "" 2096.77612 2384.95605 16499.38794 6.2199 7829.3 19.925 12643.0 24.961 "" "" 0.0027855546047501753 0.0039268155 0.0043449495 0.008271765 273.51677938635 -19.40663312372 2247.92798 0.21399999999999997 -2.1590000000000003 0.98
273.43762660024 -19.42967675376 0.0304 0.0256 5.6806 "" "" 4094699705496754944 2211.35352 0.418 0.0307 0.076 -2.02 0.039 0.029 0.99 9240.9 3.5091 15.148614 1.203303 15.659384 14.45608 "" "" 2032.30127 2347.35571 16424.83774 6.5193 7441.6 16.689 13084.0 19.682 "" "" 0.002788817850458229 0.0037032394 0.004117188 0.007820427 273.43762660024 -19.42967675376 2211.35352 0.07599999999999998 -2.02 0.98
273.5558609775 -19.44264951424 0.0292 0.025 5.9181 "" "" 4094675280044355968 2127.4397 0.4275 0.0306 0.405 -2.304 0.037 0.03 0.983 7684.9 3.6937 15.188724 1.735218 16.015697 14.280479 26.68 7.88 1995.76941 2240.47339 15829.13265 6.3494 5359.7 19.554 15380.0 21.53 "" "" 0.0027895268198882156 0.004845165 0.0040735477 0.008918713 273.5558609775 -19.44264951424 2127.4397 0.40500000000000014 -2.3040000000000003 0.95
273.51864590635 -19.50737919632 0.0347 0.0298 2.0253 "" "" 4094651533147271936 2213.55176 0.4128 0.0365 0.096 -2.178 0.041 0.033 1.002 "" "" 15.224236 1.993753 16.160658 14.166904 "" "" 2076.90088 2392.0166 15319.76607 12.632 4689.8 37.137 17076.0 192.97 "" "" 0.002897112667720991 0.009039006 0.012838423 0.02187743 273.51864590635 -19.50737919632 2213.55176 0.096 -2.178 0.95
273.51743858474 -19.5266550422 0.0345 0.0287 2.066 "" "" 4094651223909560704 2459.76465 0.3765 0.035 0.16 -2.043 0.041 0.033 1.002 6997.0 2.683 15.279936 1.515358 15.968162 14.452804 "" "" 2243.45752 2706.12524 14553.67045 7.6744 5599.5 11.631 13123.0 17.241 "" "" 0.0028141742859161085 0.003587637 0.004039611 0.0076272483 273.51743858474 -19.5266550422 2459.76465 0.16000000000000003 -2.043 0.98
273.4796146366 -19.57053770376 0.0352 0.0297 3.4057 "" "" 4094650609750590592 2258.06519 0.4124 0.0382 0.181 -2.158 0.042 0.033 1.021 9251.3 3.5943 15.392052 1.310953 15.947684 14.636731 "" "" 2072.96558 2462.72681 13125.80832 7.2644 5706.1 22.815 11078.0 19.316 "" "" 0.00282008212979633 0.0051604924 0.004227016 0.009387508 273.4796146366 -19.57053770376 2258.06519 0.18100000000000002 -2.158 0.92
273.43083252968 -19.46818275057 0.0339 0.0286 4.0496 "" "" 4094699503661008384 2093.09399 0.436 0.0344 0.36 -1.784 0.044 0.033 0.971 6686.1 3.9513 15.482528 1.630106 16.242899 14.612793 "" "" 1966.25635 2254.2666 12076.34979 5.9712 4347.7 23.822 11325.0 13.811 "" "" 0.0028071326478766624 0.0065708053 0.004004609 0.010575414 273.43083252968 -19.46818275057 2093.09399 0.36 -1.784 0.96
273.54341680353 -19.41323793059 0.0352 0.0301 6.9254 "" "" 4094722657806083072 2230.46265 0.4149 0.0371 0.122 -1.977 0.046 0.037 0.969 9307.1 3.8774 15.661648 1.34763 16.254314 14.906685 "" "" 2049.68359 2390.14624 10239.709 5.1503 4302.2 12.24 8639.4 16.238 "" "" 0.0028089162588250676 0.0041625528 0.004295122 0.008457675 273.54341680353 -19.41323793059 2230.46265 0.122 -1.9769999999999999 0.97
273.55129512502 -19.4717800927 0.0385 0.0326 4.5919 "" "" 4094675069568198144 2057.36084 0.4485 0.0412 -0.019 -2.232 0.045 0.037 0.981 "" "" 15.708712 1.363802 16.300499 14.936697 "" "" 1875.26245 2248.66895 9805.33075 5.7352 4123.0 15.993 8403.9 28.257 "" "" 0.0028275577645118784 0.0050519416 0.00525461 0.010306552 273.55129512502 -19.4717800927 2057.36084 -0.01900000000000001 -2.232 0.97
273.44047160335 -19.61271792301 0.0382 0.034 6.4092 "" "" 4094648956166501888 2054.66724 0.4537 0.0426 -0.209 -1.957 0.046 0.035 0.998 7192.6 4.0405 15.738258 1.361469 16.343954 14.982485 "" "" 1879.56079 2293.96265 9542.08728 4.5633 3961.3 12.131 8056.8 10.066 "" "" 0.0028038169328691884 0.0043405346 0.004015446 0.008355981 273.44047160335 -19.61271792301 2054.66724 -0.209 -1.957 0.96
273.43602541958 -19.51214793289 0.0431 0.0374 2.6873 "" "" 4094698060551970816 2135.65503 0.4452 0.0425 0.046 -2.304 0.059 0.044 0.978 "" "" 15.884497 1.438356 16.528326 15.08997 "" "" 1946.53076 2303.43359 8339.65795 4.2416 3342.6 12.097 7297.4 20.56 "" "" 0.0028101116349098817 0.0048191925 0.0048622214 0.009681414 273.43602541958 -19.51214793289 2135.65503 0.04599999999999999 -2.304 0.92
273.40963166054 -19.49805164219 0.0471 0.0405 4.2849 "" "" 4094698232350682240 1948.59814 0.4913 0.0478 0.224 -2.041 0.058 0.045 1.078 9704.5 3.9488 16.009026 1.560929 16.700994 15.140065 "" "" 1774.50977 2143.59399 7435.95734 4.3013 2851.1 26.889 6968.4 32.14 "" "" 0.002825990683273396 0.010613018 0.006273807 0.016886825 273.40963166054 -19.49805164219 1948.59814 0.22399999999999998 -2.041 0.93
