Clusters/NGC_1444/NGC_1444_stars_in_region.tsv
# %ECSV 1.0
# ---
# datatype:
# - name: RA_ICRS_1
#   unit: deg
#   datatype: float64
#   format: '{:15.11f}'
#   description: Right ascension (ICRS) at Ep=2016.0 (ra)
#   meta: !!omap
#   - {ucd: POS_EQ_RA_MAIN}
#   - {width: 15}
#   - {precision: '11'}
# - name: DE_ICRS_1
#   unit: deg
#   datatype: float64
#   format: '{:15.11f}'
#   description: Declination (ICRS) at Ep=2016.0 (dec)
#   meta: !!omap
#   - {ucd: POS_EQ_DEC_MAIN}
#   - {width: 15}
#   - {precision: '11'}
# - name: e_RA_ICRS
#   unit: mas
#   datatype: float64
#   format: '{:7.4f}'
#   description: Standard error of right ascension (ra_error)
#   meta: !!omap
#   - {ucd: ERROR}
#   - {width: 7}
#   - {precision: '4'}
# - name: e_DE_ICRS
#   unit: mas
#   datatype: float64
#   format: '{:7.4f}'
#   description: Standard error of declination (dec_error)
#   meta: !!omap
#   - {ucd: ERROR}
#   - {width: 7}
#   - {precision: '4'}
# - name: _r_1
#   unit: ''
#   datatype: float64
#   format: '{:7.4f}'
#   description: Distance from center (057.34401306000+52.65089671000)[ICRS], at Epoch=J2016.0
#   meta: !!omap
#   - {ucd: POS_ANG_DIST_GENERAL}
#   - {width: 7}
#   - {precision: '4'}
# - name: HIP
#   datatype: int32
#   description: '? HIP cross-id number, van Leeuwen, Cat. I/311 (hip_original_ext_source_id)'
#   meta: !!omap
#   - {ucd: ID_NUMBER}
#   - {width: 6}
#   - values: {'null': -2147483648}
# - name: TYC2
#   datatype: string
#   description: Tycho-2 cross-id name, Hog et al., Cat. I/259 (tyc2_original_ext_source_id)
#   meta: !!omap
#   - {ucd: ID_CROSSID}
#   - {_votable_string_dtype: char}
# - name: Source
#   datatype: int64
#   description: Source identifier, identical to the Gaia-EDR3 source_id (id)
#   meta: !!omap
#   - {ucd: ID_MAIN}
#   - {width: 19}
# - name: rgeo
#   unit: pc
#   datatype: float64
#   format: '{:15.8f}'
#   description: '? Median of the geometric distance posterior (r_med_geo)'
#   meta: !!omap
#   - {ucd: PHYS_DISTANCE_TRUE}
#   - {width: 15}
#   - {precision: '8'}
#   - values: {'null': .nan}
# - name: Plx
#   unit: mas
#   datatype: float64
#   format: '{:9.4f}'
#   description: '? Parallax (parallax)'
#   meta: !!omap
#   - {ucd: POS_PARLX_TRIG}
#   - {width: 9}
#   - {precision: '4'}
#   - values: {'null': .nan}
# - name: e_Plx
#   unit: mas
#   datatype: float32
#   format: '{:7.4f}'
#   description: '? Standard error of parallax (parallax_error)'
#   meta: !!omap
#   - {ucd: ERROR}
#   - {width: 7}
#   - {precision: '4'}
#   - values: {'null': .nan}
# - name: pmRA
#   unit: mas / yr
#   datatype: float64
#   format: '{:9.3f}'
#   description: '? Proper motion in right ascension direction, pmRA*cosDE (pmra)'
#   meta: !!omap
#   - {ucd: POS_EQ_PMRA}
#   - {width: 9}
#   - {precision: '3'}
#   - values: {'null': .nan}
# - name: pmDE
#   unit: mas / yr
#   datatype: float64
#   format: '{:9.3f}'
#   description: '? Proper motion in declination direction (pmdec)'
#   meta: !!omap
#   - {ucd: POS_EQ_PMDEC}
#   - {width: 9}
#   - {precision: '3'}
#   - values: {'null': .nan}
# - name: e_pmRA
#   unit: mas / yr
#   datatype: float32
#   format: '{:6.3f}'
#   description: '? Standard error of proper motion in right ascension direction (pmra_error)'
#   meta: !!omap
#   - {ucd: ERROR}
#   - {width: 6}
#   - {precision: '3'}
#   - values: {'null': .nan}
# - name: e_pmDE
[...]
#         value: !astropy.table.SerializedColumn {name: SkyCoord.dec}
#       distance: !astropy.table.SerializedColumn
#         __class__: astropy.coordinates.distances.Distance
#         unit: !astropy.units.Unit {unit: pc}
#         value: !astropy.table.SerializedColumn {name: SkyCoord.distance}
#       frame: icrs
#       obstime: !astropy.time.Time {format: jyear_str, in_subfmt: '*', jd1: 367701545.0, jd2: 0.0, out_subfmt: '*', precision: 3, scale: tt}
#       pm_dec: !astropy.table.SerializedColumn
#         __class__: astropy.units.quantity.Quantity
#         unit: !astropy.units.Unit {unit: mas / yr}
#         value: !astropy.table.SerializedColumn {name: SkyCoord.pm_dec}
#       pm_ra_cosdec: !astropy.table.SerializedColumn
#         __class__: astropy.units.quantity.Quantity
#         unit: !astropy.units.Unit {unit: mas / yr}
#         value: !astropy.table.SerializedColumn {name: SkyCoord.pm_ra_cosdec}
#       ra: !astropy.table.SerializedColumn
#         __class__: astropy.coordinates.angles.Longitude
#         unit: *id001
#         value: !astropy.table.SerializedColumn {name: SkyCoord.ra}
#         wrap_angle: !astropy.coordinates.Angle
#           unit: *id001
#           value: 360.0
#       representation_type: spherical
# schema: astropy-2.0
RA_ICRS_1 DE_ICRS_1 e_RA_ICRS e_DE_ICRS _r_1 HIP TYC2 Source rgeo Plx e_Plx pmRA pmDE e_pmRA e_pmDE RUWE Teff logg Gmag BP-RP BPmag RPmag RV e_RV b_rgeo B_rgeo FG e_FG FBP e_FBP FRP e_FRP RAVE5 RAVE6 e_Gmag e_BPmag e_RPmag e_BP-RP SkyCoord.ra SkyCoord.dec SkyCoord.distance SkyCoord.pm_ra_cosdec SkyCoord.pm_dec rmRA rmDE e_rmRA e_rmDE rRV e_rRV v_pec v_pec3d e_vpec e_vpec3d
[from data line 635]
57.25457476512 52.37130407253 0.0431 0.0329 17.0905 "" "" 251622896719859456 1196.85449 0.8093 0.0558 1.899 -9.235 0.068 0.052 0.931 5528.7 4.4268 16.510374 1.948757 17.483902 15.535145 "" "" 1121.23303 1264.23401 4685.94838 2.5252 1386.3 13.868 4842.8 11.712 "" "" 0.0028167569207007952 0.011213936 0.004602006 0.015815942 57.25457476512 52.37130407253 1196.85449 1.8989999999999951 -9.234999999999985 2.699499975681305 -7.3158999538421625 0.18116294 0.16516294 "" "" 44.239081127263105 "" 7.395054663571565 ""
57.65425227348 52.41426228429 0.0406 0.0322 18.1604 "" "" 251617399161608192 1219.81091 0.7978 0.0538 -2.461 -9.604 0.061 0.046 0.986 6011.8 4.4758 16.515558 1.61956 17.273708 15.654148 "" "" 1142.95813 1332.40527 4663.62625 2.3593 1682.4 8.4194 4340.1 9.314 "" "" 0.002809534472630416 0.006107986 0.004439904 0.010547889 57.65425227348 52.41426228429 1219.81091 -2.460999999999999 -9.603999999999987 -1.660500024318695 -7.684899953842162 0.17416294 0.15916294 "" "" 45.45876238422639 "" 7.267129009247493 ""
57.1157860223 53.05298651046 0.0406 0.0328 25.5032 "" "" 443813337366548480 954.641174 1.0107 0.0531 5.697 -0.308 0.051 0.046 1.032 4767.4 4.3232 16.520073 1.812543 17.405151 15.592608 "" "" 895.405518 998.63031 4644.27522 2.5106 1490.6 10.465 4593.2 15.727 "" "" 0.0028171390490595266 0.008117198 0.0053012995 0.0134184975 57.1157860223 53.05298651046 954.641174 5.696999999999999 -0.30799999999999794 6.497499975681305 1.6111000461578369 0.16416293 0.15916294 "" "" 30.291531840556402 "" 4.964100174720603 ""
57.77629364824 52.46125058663 0.0387 0.0326 19.4459 "" "" 251616437088878464 1159.8562 0.8392 0.0514 5.732 -12.369 0.056 0.049 0.997 "" "" 16.52455 1.701309 17.337948 15.636639 "" "" 1099.08228 1230.41199 4625.16068 2.1269 1585.8 12.224 4410.7 11.162 "" "" 0.0028001911297061456 0.008822146 0.0046726028 0.013494749 57.77629364824 52.46125058663 1159.8562 5.732000000000007 -12.369000000000007 6.532499975681305 -10.449899953842163 0.16916293 0.16216293 "" "" 67.75231759223894 "" 11.122216709688301 ""
57.92550110052 52.29525884822 0.0433 0.0363 30.1159 "" "" 251566684187795456 1291.81494 0.776 0.0572 -3.993 -2.24 0.071 0.054 1.088 5573.0 4.6072 16.53241 1.490554 17.209074 15.71852 "" "" 1195.63403 1401.22473 4591.7958 2.3681 1785.6 12.28 4090.3 18.104 "" "" 0.0028116405513600013 0.007971146 0.0061136815 0.014084827 57.92550110052 52.29525884822 1291.81494 -3.9929999999999994 -2.24 -3.192500024318695 -0.3208999538421633 0.18416294 0.16716294 "" "" 19.64683148022455 "" 3.6150303066306213 ""
57.16621908001 53.16027505909 0.0405 0.0331 31.2326 "" "" 443862299993692032 1065.81042 0.9167 0.0544 -13.315 -22.927 0.053 0.047 1.033 5046.9 4.395 16.538528 1.832745 17.43886 15.606115 "" "" 1011.13446 1140.41821 4565.99184 2.488 1445.0 11.399 4536.4 10.267 "" "" 0.0028181196308343253 0.0090079345 0.0045079933 0.013515928 57.16621908001 53.16027505909 1065.81042 -13.314999999999998 -22.927000000000014 -12.514500024318695 -21.007899953842163 0.16616294 0.16016293 "" "" 123.53464376151221 "" 19.98246405129555 ""
57.47075838995 52.58730561097 0.0383 0.0328 5.9895 "" "" 251634849608785536 1054.5863 0.9253 0.0506 -0.957 -7.613 0.057 0.05 1.001 5061.4 4.4259 16.53918 1.604879 17.291615 15.686735 "" "" 1001.55621 1126.55505 4563.25075 2.1122 1654.9 9.9653 4211.8 11.573 "" "" 0.0028007771419412365 0.0071084523 0.00481498 0.011923432 57.47075838995 52.58730561097 1054.5863 -0.9570000000000003 -7.612999999999999 -0.15650002431869503 -5.6938999538421635 0.17016293 0.16316293 "" "" 28.47306909943339 "" 4.645903113885705 ""
58.05276997883 52.29774876084 0.0506 0.0414 33.4651 "" "" 251938834514027264 960.107727 1.018 0.0686 0.532 -10.72 0.077 0.059 1.323 4648.1 4.3764 16.539331 1.677908 17.304306 15.626398 "" "" 908.605713 1019.26038 4562.61896 3.6257 1635.7 8.7119 4452.4 10.118 "" "" 0.0028872452609756873 0.006420678 0.004513466 0.010934144 58.05276997883 52.29774876084 960.107727 0.5319999999999978 -10.719999999999988 1.332499975681305 -8.800899953842164 0.19016293 0.17216294 "" "" 40.5085745454184 "" 6.991248309719385 ""
57.85328874495 52.88446922552 0.0406 0.032 23.1994 "" "" 252015181852463232 1119.63977 0.8745 0.0517 -0.041 -3.059 0.051 0.046 1.021 5413.2 4.5814 16.539516 1.546319 17.260176 15.713857 "" "" 1051.14148 1175.83423 4561.8392 2.802 1703.5 9.6524 4107.9 9.2599 "" "" 0.002834877089380727 0.0067551723 0.0045026275 0.011257799 57.85328874495 52.88446922552 1119.63977 -0.04100000000000015 -3.059 0.7594999756813049 -1.1398999538421632 0.16416293 0.15916294 "" "" 7.269384260737091 "" 1.1683117784832506 ""
57.96045668063 52.37100951415 0.0469 0.0372 28.0842 "" "" 251943198200796288 1193.85645 0.818 0.0581 0.788 -0.81 0.063 0.054 0.996 4756.1 4.3241 16.540756 1.615925 17.293232 15.677307 "" "" 1117.94348 1281.9137 4556.63528 2.4575 1652.4 10.283 4248.5 11.49 "" "" 0.002816855222139098 0.007310051 0.004786012 0.012096063 57.96045668063 52.37100951415 1193.85645 0.788 -0.8100000000000007 1.588499975681305 1.1091000461578369 0.17616293 0.16716294 "" "" 10.963391082637312 "" 1.8995707933272368 ""
56.67330167101 52.71665154882 0.0421 0.0371 24.7125 "" "" 443779939701022592 1064.47583 0.9118 0.0597 7.531 -6.324 0.062 0.054 1.078 6333.8 4.4222 16.543602 1.798122 17.418379 15.620256 "" "" 994.07373 1141.16101 4544.70944 2.3392 1472.5 10.73 4477.7 12.051 "" "" 0.002811421131424612 0.0083892625 0.004777268 0.01316653 56.67330167101 52.71665154882 1064.47583 7.531000000000004 -6.323999999999996 8.331499975681304 -4.404899953842163 0.17516294 0.16716294 "" "" 47.55128778695066 "" 8.247616233121278 ""
56.52294829585 52.42577647809 0.0393 0.033 32.8673 "" "" 443766058366847616 932.721619 1.0617 0.0533 7.753 -5.933 0.052 0.047 0.945 4675.0 4.5024 16.547247 1.61501 17.315948 15.700938 "" "" 887.47998 990.828735 4529.4764 2.537 1618.2 9.5091 4157.0 10.19 "" "" 0.002821632870521751 0.0069635822 0.00462245 0.011586033 56.52294829585 52.42577647809 932.721619 7.753000000000002 -5.933 8.553499975681305 -4.013899953842163 0.16516294 0.16016293 "" "" 41.77267481291521 "" 6.8620737325856505 ""
57.64723553903 52.43381226668 0.0411 0.0328 17.0903 "" "" 251617605320025600 926.58374 1.0395 0.0571 3.386 -2.708 0.062 0.048 0.968 4643.7 4.4463 16.547888 1.604442 17.301325 15.696883 "" "" 881.873962 985.206116 4526.80347 2.3957 1640.2 9.4526 4172.6 8.551 "" "" 0.0028145965516914923 0.0068510855 0.00438571 0.011236796 57.64723553903 52.43381226668 926.58374 3.386 -2.708 4.186499975681305 -0.7888999538421633 0.17516294 0.16116294 "" "" 18.7107460271172 "" 3.268794206946059 ""
57.55782976313 52.09368866654 0.0436 0.0369 34.3377 "" "" 251557647576817536 1130.34766 0.8592 0.0578 2.759 -4.448 0.055 0.053 1.104 5108.0 4.516 16.56695 1.625031 17.299366 15.674335 "" "" 1067.05701 1198.43884 4448.01827 2.7532 1643.1 8.4342 4260.1 15.081 "" "" 0.0028360937815966603 0.00623262 0.0053904313 0.011623051 57.55782976313 52.09368866654 1130.34766 2.7590000000000003 -4.448 3.559499975681305 -2.5288999538421635 0.16816294 0.16616294 "" "" 23.394461763177556 "" 3.9184487675863537 ""
57.77444602573 52.29529879107 0.0425 0.0329 26.5084 "" "" 251565962633324160 1211.81653 0.8111 0.0524 3.306 -4.909 0.062 0.047 0.99 7137.6 4.3316 16.567041 1.724685 17.387417 15.662732 "" "" 1146.02393 1314.39648 4447.64668 2.1329 1515.1 10.015 4305.9 14.627 "" "" 0.0028040843572926678 0.0077001457 0.0052807783 0.012980924 57.77444602573 52.29529879107 1211.81653 3.3059999999999996 -4.908999999999999 4.106499975681305 -2.989899953842163 0.17516294 0.16016293 "" "" 29.177561994311464 "" 4.963568014485557 ""
57.28164142115 52.7164362635 0.0383 0.0356 4.5399 "" "" 443790797378277632 1248.86157 0.7776 0.0531 -0.657 2.625 0.051 0.05 1.009 5027.7 4.3325 16.568577 1.654916 17.356634 15.701718 "" "" 1186.56689 1324.74731 4441.3606 2.2541 1558.7 7.7965 4154.0 9.7187 "" "" 0.002809881161313271 0.006105597 0.0045537115 0.010659309 57.28164142115 52.7164362635 1248.86157 -0.657 2.625 0.1434999756813049 4.544100046157837 0.16416293 0.16316293 "" "" 26.912681516592762 "" 4.391178913150379 ""
57.21050485224 52.48213254097 0.0405 0.0345 11.2357 "" "" 251628737875325568 1310.23877 0.7267 0.0555 0.291 -3.201 0.065 0.055 0.927 5082.0 4.497 16.574303 1.671532 17.373016 15.701485 "" "" 1221.36792 1427.17639 4417.99618 2.3284 1535.4 12.533 4154.9 9.4158 "" "" 0.0028141100459837414 0.009291369 0.0045097363 0.013801105 57.21050485224 52.48213254097 1310.23877 0.29099999999999937 -3.2010000000000014 1.0914999756813049 -1.2818999538421632 0.17816293 0.16816294 "" "" 10.456292403278479 "" 1.803046524034816 ""
57.37436006989 52.16293606472 0.0402 0.0348 29.2987 "" "" 251605373253407104 1188.53467 0.8258 0.0565 12.172 -4.562 0.053 0.053 0.996 4598.0 4.1856 16.574701 1.734575 17.4124 15.677824 "" "" 1113.14514 1260.58789 4416.37891 2.1412 1480.7 7.1598 4246.5 8.7589 "" "" 0.0028051533863031005 0.005945368 0.004393051 0.010338419 57.37436006989 52.16293606472 1188.53467 12.172000000000004 -4.5619999999999985 12.972499975681306 -2.6428999538421634 0.16616294 0.16616294 "" "" 74.58385502438786 "" 12.393072469235646 ""
56.79910729354 52.93308184273 0.0442 0.0332 26.0295 "" "" 443851923352815232 985.202148 0.9871 0.0554 4.579 -8.998 0.057 0.049 0.99 4899.2 4.3253 16.575615 1.907155 17.52122 15.614064 "" "" 925.969971 1037.79187 4412.66175 2.3972 1339.5 7.4824 4503.3 9.8825 "" "" 0.0028177456615003428 0.0066759167 0.0044677453 0.011143662 56.79910729354 52.93308184273 985.202148 4.578999999999999 -8.998000000000001 5.379499975681305 -7.078899953842162 0.17016293 0.16216293 "" "" 41.51969951814866 "" 6.856421676252665 ""
57.37831170751 52.65693372306 0.0392 0.0341 1.2999 "" "" 443789457348784000 1082.96973 0.8928 0.0542 -0.88 -1.735 0.056 0.05 1.031 7441.7 4.2093 16.583553 2.185937 17.699974 15.514037 "" "" 1037.09167 1147.99866 4380.52096 3.7388 1136.1 11.169 4937.9 17.341 "" "" 0.0029069793898917878 0.011032525 0.005368611 0.016401136 57.37831170751 52.65693372306 1082.96973 -0.8800000000000011 -1.7350000000000017 -0.07950002431869507 0.18410004615783682 0.16916293 0.16316293 "" "" 1.029386179476875 "" 0.1689433487396929 ""
57.39454518623 52.51141959289 0.04 0.0324 8.569 "" "" 251625404980640896 894.386597 1.0833 0.0535 4.588 -5.891 0.058 0.047 1.002 4992.3 4.6377 16.58547 1.670281 17.38179 15.711509 "" "" 847.815613 935.633911 4372.79075 2.2881 1523.0 11.859 4116.8 10.86 "" "" 0.0028132810983254736 0.008902726 0.004742049 0.013644775 57.39454518623 52.51141959289 894.386597 4.588 -5.891 5.388499975681305 -3.971899953842163 0.17116293 0.16016293 "" "" 28.379216815999253 "" 4.749910891896205 ""
56.86896017755 52.61035824183 0.0454 0.039 17.4701 "" "" 443786330612379392 1091.69507 0.9005 0.064 3.394 -5.103 0.072 0.059 1.14 4708.5 4.2791 16.585802 1.866496 17.496271 15.629775 "" "" 1012.37012 1187.27734 4371.45625 3.7443 1370.6 8.9749 4438.6 14.229 "" "" 0.0029080290705339753 0.0076374733 0.0051379204 0.012775393 56.86896017755 52.61035824183 1091.69507 3.394 -5.103 4.194499975681305 -3.183899953842163 0.18516293 0.17216294 "" "" 27.249769910258554 "" 4.919109803622155 ""
56.59282835738 52.92253438701 0.0395 0.0362 31.7589 "" "" 443832063423640576 1038.68323 0.9268 0.0526 0.779 -7.362 0.054 0.052 0.957 5497.9 4.5093 16.58725 1.882781 17.517876 15.635095 "" "" 982.280334 1094.41943 4365.62907 2.2034 1343.6 7.9067 4416.9 10.597 "" "" 0.002809284585060482 0.0069719083 0.004590119 0.011562027 56.59282835738 52.92253438701 1038.68323 0.7789999999999973 -7.362 1.5794999756813048 -5.442899953842163 0.16716294 0.16516294 "" "" 27.90288409624204 "" 4.6128809883328135 ""
57.02301987611 52.85033263884 0.0412 0.0351 16.7059 "" "" 443802273530877440 1189.3075 0.8076 0.052 -2.092 -1.465 0.06 0.052 0.911 6485.5 4.3158 16.587452 2.111522 17.673801 15.56228 "" "" 1112.83289 1283.56567 4364.81796 2.4594 1163.8 10.799 4723.3 10.133 "" "" 0.002822419259716592 0.01045387 0.004439499 0.014893369 57.02301987611 52.85033263884 1189.3075 -2.092000000000001 -1.4649999999999985 -1.2915000243186952 0.45410004615783683 0.17316294 0.16516294 "" "" 7.717525125561196 "" 1.3297366988411994 ""
56.42600414645 52.56120180447 0.0425 0.0348 33.8799 "" "" 443771349766521216 1120.08679 0.8901 0.0562 -0.125 -4.653 0.06 0.05 1.054 4901.7 4.3739 16.591879 1.63379 17.36665 15.73286 "" "" 1028.0332 1195.70166 4347.05875 2.1105 1544.4 8.1328 4036.6 10.912 "" "" 0.0028052898005485054 0.0063619665 0.0047852 0.011147167 56.42600414645 52.56120180447 1120.08679 -0.12499999999999889 -4.6530000000000005 0.6754999756813049 -2.7338999538421627 0.17316294 0.16316293 "" "" 14.951354985504368 "" 2.448357093762125 ""
56.50353542172 52.84693669894 0.0403 0.037 32.7125 "" "" 443831273149698048 1069.11731 0.9188 0.057 3.342 -2.513 0.059 0.057 1.029 5085.9 4.3408 16.605978 1.84959 17.511318 15.661728 "" "" 1013.81116 1136.13306 4290.96979 2.6142 1351.7 6.9268 4309.9 9.4251 "" "" 0.00283360671327221 0.0062242793 0.0044633197 0.010687599 56.50353542172 52.84693669894 1069.11731 3.3419999999999996 -2.512999999999999 4.1424999756813055 -0.593899953842163 0.17216294 0.17016293 "" "" 21.20724552674727 "" 3.650252257732618 ""
56.73237128436 52.89816795421 0.0408 0.0354 26.7018 "" "" 443851751554142720 900.192993 1.0836 0.056 6.067 -0.733 0.055 0.052 1.092 5354.8 4.5624 16.606277 1.893581 17.544552 15.65097 "" "" 865.172119 943.871887 4289.78847 2.1807 1311.0 9.6658 4352.8 9.9214 "" "" 0.002810056335558592 0.008477293 0.0045175254 0.012994818 56.73237128436 52.89816795421 900.192993 6.066999999999999 -0.7329999999999999 6.867499975681305 1.1861000461578368 0.16816294 0.16516294 "" "" 29.736872508823705 "" 4.9980783289556365 ""
57.004828867 52.42288211302 0.0488 0.0415 18.4497 "" "" 443757090475078784 1198.53137 0.8274 0.0634 4.629 -1.588 0.071 0.061 1.074 5629.5 4.5927 16.608152 1.683265 17.40862 15.725356 "" "" 1114.42346 1317.52966 4282.38209 2.5441 1485.8 10.487 4064.6 9.4392 "" "" 0.0028298127104431645 0.008155431 0.004543257 0.012698688 57.004828867 52.42288211302 1198.53137 4.6290000000000004 -1.5880000000000023 5.4294999756813045 0.33110004615783684 0.18416294 0.17416294 "" "" 30.90249926231812 "" 5.689981299677885 ""
57.97535733239 52.35218436221 0.0484 0.0376 29.2054 "" "" 251942373567076480 935.585266 1.0306 0.0624 -2.808 -2.164 0.074 0.054 0.975 4892.5 4.65 16.615925 1.769786 17.474194 15.704408 "" "" 894.713867 983.721008 4251.83597 2.5297 1398.7 10.902 4143.8 12.076 "" "" 0.0028300309627373376 0.0089107435 0.0049290145 0.013839758 57.97535733239 52.35218436221 935.585266 -2.8080000000000007 -2.1640000000000015 -2.007500024318695 -0.24489995384216323 0.18716294 0.16716294 "" "" 8.968608905789116 "" 1.676099556186721 ""
57.17908158295 52.2369672121 0.0429 0.0371 25.5577 "" "" 251597642312270464 997.749817 0.9795 0.0589 4.113 -5.753 0.056 0.057 1.057 4762.2 4.4902 16.618202 1.665117 17.416285 15.751167 "" "" 951.36676 1054.66833 4242.92754 2.3074 1475.4 8.3077 3969.1 7.8779 "" "" 0.0028178747491809063 0.006720184 0.0043505924 0.011070777 57.17908158295 52.2369672121 997.749817 4.1129999999999995 -5.753 4.913499975681305 -3.833899953842163 0.16916293 0.17016293 "" "" 29.474518162803427 "" 4.997170401795365 ""
56.5778764012 52.32431283112 0.044 0.0382 34.1683 "" "" 443752795507860096 1173.81921 0.8154 0.0612 6.19 0.322 0.058 0.056 1.068 "" "" 16.624355 2.240098 17.79925 15.559152 "" "" 1086.78687 1268.41833 4218.95092 2.3166 1036.9 10.51 4736.9 7.6874 "" "" 0.0028190795149210827 0.011353198 0.004169943 0.015523141 56.5778764012 52.32431283112 1173.81921 6.1899999999999995 0.32200000000000184 6.990499975681305 2.241100046157837 0.17116293 0.16916293 "" "" 40.84436158072365 "" 6.983467678105152 ""
