Clusters/NGC_1444/NGC_1444_stars_in_region.tsv
# %ECSV 1.0
# ---
# datatype:
# - name: RA_ICRS_1
#   unit: deg
#   datatype: float64
#   format: '{:15.11f}'
#   description: Right ascension (ICRS) at Ep=2016.0 (ra)
#   meta: !!omap
#   - {ucd: POS_EQ_RA_MAIN}
#   - {width: 15}
#   - {precision: '11'}
# - name: DE_ICRS_1
#   unit: deg
#   datatype: float64
#   format: '{:15.11f}'
#   description: Declination (ICRS) at Ep=2016.0 (dec)
#   meta: !!omap
#   - {ucd: POS_EQ_DEC_MAIN}
#   - {width: 15}
#   - {precision: '11'}
# - name: e_RA_ICRS
#   unit: mas
#   datatype: float64
#   format: '{:7.4f}'
#   description: Standard error of right ascension (ra_error)
#   meta: !!omap
#   - {ucd: ERROR}
#   - {width: 7}
#   - {precision: '4'}
# - name: e_DE_ICRS
#   unit: mas
#   datatype: float64
#   format: '{:7.4f}'
#   description: Standard error of declination (dec_error)
#   meta: !!omap
#   - {ucd: ERROR}
#   - {width: 7}
#   - {precision: '4'}
# - name: _r_1
#   unit: ''
#   datatype: float64
#   format: '{:7.4f}'
#   description: Distance from center (057.34401306000+52.65089671000)[ICRS], at Epoch=J2016.0
#   meta: !!omap
#   - {ucd: POS_ANG_DIST_GENERAL}
#   - {width: 7}
#   - {precision: '4'}
# - name: HIP
#   datatype: int32
#   description: '? HIP cross-id number, van Leeuwen, Cat. I/311 (hip_original_ext_source_id)'
#   meta: !!omap
#   - {ucd: ID_NUMBER}
#   - {width: 6}
#   - values: {'null': -2147483648}
# - name: TYC2
#   datatype: string
#   description: Tycho-2 cross-id name, Hog et al., Cat. I/259 (tyc2_original_ext_source_id)
#   meta: !!omap
#   - {ucd: ID_CROSSID}
#   - {_votable_string_dtype: char}
# - name: Source
#   datatype: int64
#   description: Source identifier, identical to the Gaia-EDR3 source_id (id)
#   meta: !!omap
#   - {ucd: ID_MAIN}
#   - {width: 19}
# - name: rgeo
#   unit: pc
#   datatype: float64
#   format: '{:15.8f}'
#   description: '? Median of the geometric distance posterior (r_med_geo)'
#   meta: !!omap
#   - {ucd: PHYS_DISTANCE_TRUE}
#   - {width: 15}
#   - {precision: '8'}
#   - values: {'null': .nan}
# - name: Plx
#   unit: mas
#   datatype: float64
#   format: '{:9.4f}'
#   description: '? Parallax (parallax)'
#   meta: !!omap
#   - {ucd: POS_PARLX_TRIG}
#   - {width: 9}
#   - {precision: '4'}
#   - values: {'null': .nan}
# - name: e_Plx
#   unit: mas
#   datatype: float32
#   format: '{:7.4f}'
#   description: '? Standard error of parallax (parallax_error)'
#   meta: !!omap
#   - {ucd: ERROR}
#   - {width: 7}
#   - {precision: '4'}
#   - values: {'null': .nan}
# - name: pmRA
#   unit: mas / yr
#   datatype: float64
#   format: '{:9.3f}'
#   description: '? Proper motion in right ascension direction, pmRA*cosDE (pmra)'
#   meta: !!omap
#   - {ucd: POS_EQ_PMRA}
#   - {width: 9}
#   - {precision: '3'}
#   - values: {'null': .nan}
# - name: pmDE
#   unit: mas / yr
#   datatype: float64
#   format: '{:9.3f}'
#   description: '? Proper motion in declination direction (pmdec)'
#   meta: !!omap
#   - {ucd: POS_EQ_PMDEC}
#   - {width: 9}
#   - {precision: '3'}
#   - values: {'null': .nan}
# - name: e_pmRA
#   unit: mas / yr
#   datatype: float32
#   format: '{:6.3f}'
#   description: '? Standard error of proper motion in right ascension direction (pmra_error)'
#   meta: !!omap
#   - {ucd: ERROR}
#   - {width: 6}
#   - {precision: '3'}
#   - values: {'null': .nan}
# - name: e_pmDE
[...]
#         value: !astropy.table.SerializedColumn {name: SkyCoord.dec}
#       distance: !astropy.table.SerializedColumn
#         __class__: astropy.coordinates.distances.Distance
#         unit: !astropy.units.Unit {unit: pc}
#         value: !astropy.table.SerializedColumn {name: SkyCoord.distance}
#       frame: icrs
#       obstime: !astropy.time.Time {format: jyear_str, in_subfmt: '*', jd1: 367701545.0, jd2: 0.0, out_subfmt: '*', precision: 3, scale: tt}
#       pm_dec: !astropy.table.SerializedColumn
#         __class__: astropy.units.quantity.Quantity
#         unit: !astropy.units.Unit {unit: mas / yr}
#         value: !astropy.table.SerializedColumn {name: SkyCoord.pm_dec}
#       pm_ra_cosdec: !astropy.table.SerializedColumn
#         __class__: astropy.units.quantity.Quantity
#         unit: !astropy.units.Unit {unit: mas / yr}
#         value: !astropy.table.SerializedColumn {name: SkyCoord.pm_ra_cosdec}
#       ra: !astropy.table.SerializedColumn
#         __class__: astropy.coordinates.angles.Longitude
#         unit: *id001
#         value: !astropy.table.SerializedColumn {name: SkyCoord.ra}
#         wrap_angle: !astropy.coordinates.Angle
#           unit: *id001
#           value: 360.0
#       representation_type: spherical
# schema: astropy-2.0
RA_ICRS_1 DE_ICRS_1 e_RA_ICRS e_DE_ICRS _r_1 HIP TYC2 Source rgeo Plx e_Plx pmRA pmDE e_pmRA e_pmDE RUWE Teff logg Gmag BP-RP BPmag RPmag RV e_RV b_rgeo B_rgeo FG e_FG FBP e_FBP FRP e_FRP RAVE5 RAVE6 e_Gmag e_BPmag e_RPmag e_BP-RP SkyCoord.ra SkyCoord.dec SkyCoord.distance SkyCoord.pm_ra_cosdec SkyCoord.pm_dec rmRA rmDE e_rmRA e_rmDE rRV e_rRV v_pec v_pec3d e_vpec e_vpec3d
[from data line 221]
58.04903542312 52.41645967999 0.018 0.0154 29.3252 "" "" 251942992042351232 997.5354 0.9658 0.0243 -1.486 3.1 0.026 0.022 0.988 5505.8 4.054 14.819376 1.858569 15.724381 13.865811 -76.37 17.27 974.224243 1017.41595 22243.1549 72.833 7009.1 78.756 22534.0 211.86 "" "" 0.004497863464278021 0.012514605 0.010885048 0.023399653 58.04903542312 52.41645967999 997.5354 -1.4860000000000015 3.1000000000000023 -0.6855000243186951 5.019100046157837 0.13916293 0.13516293 "" "" 23.95222035563692 "" 3.239232319148732 ""
57.01530634438 53.17361177727 0.0183 0.0139 33.5422 "" "" 443864739535123072 1060.4967 0.9002 0.0236 1.63 -1.698 0.024 0.021 1.026 7119.2 4.166 14.8244 1.511647 15.517948 14.006301 -6.29 6.68 1034.68457 1097.03577 22140.46537 5.7685 8476.9 13.567 19799.0 19.47 "" "" 0.0027698032114676116 0.0032870346 0.0039273016 0.007214336 57.01530634438 53.17361177727 1060.4967 1.630000000000002 -1.6979999999999988 2.430499975681305 0.22110004615783696 0.13716294 0.13416293 "" "" 12.267974350697699 "" 1.6824126245612854 ""
57.95169229141 52.32909965747 0.0196 0.0156 29.4222 "" "" 251567027785148288 1107.56165 0.8747 0.0261 -0.595 -1.938 0.031 0.023 1.017 6481.7 3.8905 14.825489 1.496116 15.506704 14.010589 1.8 7.14 1075.53516 1139.4248 22118.25912 18.788 8565.2 30.278 19721.0 44.712 "" "" 0.002905573102511088 0.0047450927 0.00451035 0.009255443 57.95169229141 52.32909965747 1107.56165 -0.5950000000000002 -1.938000000000002 0.20549997568130496 -0.01889995384216303 0.14416294 0.13616294 "" "" 1.083395583330904 "" 0.15611479430596212 ""
56.73975463233 52.24481869128 0.018 0.0157 32.8923 "" "" 443754169897490688 1158.25964 0.8398 0.0244 2.538 -5.481 0.023 0.023 1.032 7218.4 4.1173 14.831201 1.348955 15.428314 14.079359 -16.75 21.35 1125.50525 1195.89417 22002.22067 5.0423 9206.4 9.2463 18510.0 14.017 "" "" 0.0027665323302642057 0.0029956822 0.0038677806 0.0068634627 56.73975463233 52.24481869128 1158.25964 2.5379999999999994 -5.481 3.3384999756813047 -3.561899953842163 0.13616294 0.13616294 "" "" 26.802234957754987 "" 3.649471021635473 ""
56.7136757392 52.90619765405 0.0164 0.0143 27.5319 "" "" 443852129511264128 1094.27502 0.8824 0.0227 -0.844 -1.809 0.022 0.021 1.009 "" "" 14.831864 1.440488 15.479546 14.039058 "" "" 1060.74658 1119.65137 21988.77047 5.8875 8782.1 14.505 19210.0 18.489 "" "" 0.0027706135582223996 0.0033167507 0.003921189 0.0072379396 56.7136757392 52.90619765405 1094.27502 -0.8440000000000003 -1.809 -0.04350002431869504 0.11010004615783697 0.13516293 0.13416293 "" "" 0.6140307242812604 "" 0.08246333826436081 ""
56.80541815487 52.62594763686 0.0177 0.0151 19.6676 "" "" 443774923179242624 1283.99304 0.7451 0.0249 -3.808 -2.883 0.029 0.024 0.986 7619.7 3.9401 14.836329 1.619671 15.594029 13.974359 -26.3 7.59 1243.49231 1331.23474 21898.53223 6.3137 7903.2 12.024 20390.0 16.437 "" "" 0.0027730453421412737 0.0032424764 0.0038794046 0.007121881 56.80541815487 52.62594763686 1283.99304 -3.807999999999997 -2.883 -3.007500024318695 -0.9638999538421631 0.14216293 0.13716294 "" "" 19.221141067825595 "" 2.723724703577699 ""
57.77191532006 52.41864226996 0.0189 0.0151 20.9304 "" "" 251615749894137088 1133.92493 0.8513 0.0248 4.881 -2.448 0.027 0.021 1.049 7230.0 4.0693 14.837234 1.33683 15.425593 14.088763 "" "" 1104.7218 1160.64612 21880.29042 5.3724 9229.5 17.953 18351.0 13.84 "" "" 0.002768186811393947 0.0034993386 0.0038670702 0.0073664086 57.77191532006 52.41864226996 1133.92493 4.881 -2.4480000000000004 5.681499975681305 -0.528899953842163 0.14016293 0.13416293 "" "" 30.668981640177808 "" 4.297106912041998 ""
57.33694664276 52.45716987555 0.019 0.0148 11.6265 "" "" 251625233182001280 1138.66455 0.8398 0.0252 7.929 -2.767 0.03 0.022 1.057 5546.6 4.0681 14.842734 1.603559 15.592324 13.988766 -13.28 4.27 1107.27258 1171.26611 21769.7363 5.5507 7915.7 12.869 20121.0 15.382 "" "" 0.0027691923528833846 0.0033016324 0.0038694518 0.007171084 57.33694664276 52.45716987555 1138.66455 7.929 -2.7669999999999986 8.729499975681305 -0.847899953842163 0.14316294 0.13516293 "" "" 47.33719744892025 "" 6.773490821887981 ""
57.11525809942 52.67007279746 0.0181 0.0166 8.404 "" "" 443787498843702272 1133.42444 0.8405 0.0253 -1.33 -1.51 0.027 0.027 1.032 6919.8 3.9694 14.849128 1.622008 15.606947 13.984939 -41.87 8.41 1095.2439 1166.10632 21641.91613 7.1383 7809.8 18.047 20192.0 18.374 "" "" 0.0027784953256920412 0.0037523066 0.0039063836 0.00765869 57.11525809942 52.67007279746 1133.42444 -1.3300000000000003 -1.5100000000000007 -0.5295000243186951 0.4091000461578369 0.14016293 0.14016293 "" "" 3.59484796075186 "" 0.5038644226972032 ""
57.69181700436 52.63359132875 0.0181 0.0162 12.7051 "" "" 251633067202196864 902.979187 1.0718 0.0239 6.698 -6.646 0.026 0.023 0.975 5555.0 4.1641 14.850713 1.454194 15.510748 14.056554 "" "" 882.523193 923.316223 21610.34454 4.9098 8533.3 11.015 18903.0 12.616 "" "" 0.0027663402398006545 0.003122377 0.003848222 0.0069705993 57.69181700436 52.63359132875 902.979187 6.698 -6.645999999999994 7.498499975681305 -4.726899953842163 0.13916293 0.13616294 "" "" 37.939137832213724 "" 5.247606064323512 ""
56.82248532197 53.00616932869 0.0191 0.0144 28.4927 "" "" 443854569052637568 974.648376 0.9852 0.0239 7.22 -0.541 0.026 0.021 0.986 4732.4 3.245 14.860603 2.23892 16.040377 13.801456 -38.17 2.57 949.800598 999.662781 21414.36695 6.654 5239.2 13.486 23910.0 18.372 "" "" 0.002775897243073528 0.0039491337 0.0038703638 0.007819498 56.82248532197 53.00616932869 974.648376 7.220000000000004 -0.541 8.020499975681304 1.378100046157837 0.13916293 0.13416293 "" "" 37.59635543896873 "" 5.226722448519121 ""
57.52076289311 52.57192888031 0.0184 0.0146 7.9948 "" "" 251631898971130496 905.86377 1.0722 0.0238 7.733 -4.665 0.026 0.021 1.016 5407.1 4.1972 14.861461 1.453053 15.520137 14.067084 -39.07 6.73 886.366272 926.111816 21397.47853 4.8682 8459.8 15.483 18721.0 15.331 "" "" 0.0027663708570964812 0.0034254354 0.003882561 0.0073079965 57.52076289311 52.57192888031 905.86377 7.732999999999999 -4.665 8.533499975681305 -2.745899953842163 0.13916293 0.13416293 "" "" 38.49131833818457 "" 5.3388019577650345 ""
57.02554740879 52.95373103904 0.0192 0.0146 21.5313 "" "" 443812375293915264 991.806946 0.9736 0.0238 0.97 -4.733 0.026 0.021 0.979 7129.1 4.2354 14.863512 1.526673 15.567544 14.040871 -36.2 7.56 970.047668 1016.34009 21357.08904 5.8888 8098.4 10.326 19178.0 16.31 "" "" 0.0027715360594961973 0.0031147348 0.0038905444 0.007005279 57.02554740879 52.95373103904 991.806946 0.97 -4.7330000000000005 1.770499975681305 -2.8138999538421627 0.13916293 0.13416293 "" "" 15.62930763181391 "" 2.11932970451554 ""
57.15103632053 52.63216750998 0.0185 0.0155 7.1152 "" "" 443784269028031360 1129.03845 0.8488 0.0248 -0.708 -1.99 0.026 0.023 0.989 6884.4 4.0465 14.866962 1.401593 15.495506 14.093913 "" "" 1098.02942 1159.87439 21289.34438 5.2851 8653.9 17.329 18264.0 14.947 "" "" 0.0027684722385722255 0.0035372162 0.0038824284 0.007419645 57.15103632053 52.63216750998 1129.03845 -0.7080000000000011 -1.9899999999999993 0.09249997568130497 -0.07089995384216308 0.13916293 0.13616294 "" "" 0.6237143081280049 "" 0.08611017964794684 ""
57.11172492152 52.64704015967 0.0178 0.0153 8.4589 "" "" 443787189605791744 1048.76392 0.915 0.0246 -0.59 -2.204 0.026 0.023 1.015 6235.8 3.7129 14.867061 1.916387 15.818212 13.901825 24.37 5.18 1028.05774 1071.73645 21287.39723 14.549 6428.8 17.936 21799.0 42.521 "" "" 0.002853494689091584 0.004118345 0.004332313 0.008450658 57.11172492152 52.64704015967 1048.76392 -0.5899999999999999 -2.204 0.21049997568130496 -0.28489995384216327 0.13916293 0.13616294 "" "" 1.7609225722858082 "" 0.24165108246512068 ""
57.24269409363 53.16118887611 0.0173 0.0142 30.8363 "" "" 443815605109246080 1007.56256 0.9558 0.0232 7.838 -15.546 0.023 0.021 0.987 5645.2 3.9027 14.873849 1.516097 15.569095 14.052998 -8.54 7.29 982.070496 1028.92554 21154.70698 5.0304 8086.8 12.949 18965.0 13.779 "" "" 0.002767389647071231 0.003287485 0.0038608285 0.0071483133 57.24269409363 53.16118887611 1007.56256 7.837999999999998 -15.545999999999996 8.638499975681306 -13.626899953842162 0.13616294 0.13416293 "" "" 77.05500699963856 "" 10.382337741689058 ""
57.9450504968 52.48078631496 0.0194 0.0162 24.18 "" "" 251990889518751744 1258.1626 0.7515 0.0257 -0.46 -0.595 0.027 0.023 1.028 6944.3 4.0191 14.874327 1.432244 15.520245 14.088 -53.66 9.66 1216.56531 1302.14685 21145.40228 4.5716 8459.0 15.657 18364.0 15.441 "" "" 0.00276530099685449 0.0034385489 0.0038880778 0.0073266267 57.9450504968 52.48078631496 1258.1626 -0.4600000000000001 -0.5950000000000001 0.3404999756813049 1.324100046157837 0.14016293 0.13616294 "" "" 8.153438712989503 "" 1.112246917875116 ""
57.07721976599 52.51010466458 0.0199 0.0166 12.8831 "" "" 443781382810066560 1022.89935 0.9415 0.0257 1.31 -4.285 0.03 0.025 1.073 6570.4 4.0192 14.877108 1.3886 15.500085 14.111485 -5.63 5.38 1000.7887 1046.2041 21091.31908 4.6426 8617.5 14.791 17971.0 15.988 "" "" 0.0027656655946800344 0.0033552733 0.0039008653 0.0072561386 57.07721976599 52.51010466458 1022.89935 1.31 -4.285 2.110499975681305 -2.3658999538421632 0.14316294 0.13816294 "" "" 15.372016664264201 "" 2.1582397767873482 ""
57.08378636154 52.68935617834 0.0173 0.0153 9.7453 "" "" 443788323477144192 1161.88391 0.8276 0.0241 1.57 0.172 0.025 0.023 1.017 7625.2 3.9394 14.882322 1.516382 15.573226 14.056844 -39.53 9.3 1132.29773 1193.43762 20990.26726 4.9193 8056.1 16.161 18898.0 16.991 "" "" 0.002767044696830402 0.003539625 0.0039034144 0.0074430397 57.08378636154 52.68935617834 1161.88391 1.5699999999999994 0.17200000000000032 2.370499975681305 2.091100046157837 0.13816294 0.13616294 "" "" 17.40871157026525 "" 2.390064320663819 ""
56.89411494193 52.48010730184 0.0191 0.016 19.3453 "" "" 443761282363153664 1067.22327 0.8947 0.0251 5.111 -6.738 0.028 0.024 0.975 7391.8 4.1712 14.883596 1.460432 15.546411 14.085978 21.94 13.27 1043.42603 1097.24219 20965.63879 5.0226 8257.6 12.465 18398.0 15.39 "" "" 0.0027675698363933496 0.0032359185 0.0038869777 0.007122896 56.89411494193 52.48010730184 1067.22327 5.111 -6.738000000000001 5.911499975681305 -4.8188999538421635 0.14116293 0.13716294 "" "" 38.581073510274265 "" 5.385138289127014 ""
57.18447471583 52.57377572523 0.02 0.0158 7.4293 "" "" 443783100796942336 1123.29712 0.8536 0.0258 -0.463 -3.681 0.03 0.024 1.01 7191.3 3.9799 14.893189 1.433002 15.539418 14.106416 -11.22 10.37 1089.67017 1159.43628 20781.21488 5.0346 8310.9 12.212 18055.0 13.974 "" "" 0.0027678472393466284 0.003214074 0.0038716758 0.00708575 57.18447471583 52.57377572523 1123.29712 -0.4630000000000003 -3.681 0.3374999756813049 -1.7618999538421631 0.14316294 0.13716294 "" "" 9.551670796575898 "" 1.3122064188838147 ""
57.63063283912 52.74992438786 0.0195 0.0156 11.996 "" "" 251638255522677632 1095.7749 0.8745 0.0245 5.325 -1.091 0.027 0.023 0.95 7403.7 4.2158 14.9116 1.415828 15.547713 14.131886 "" "" 1066.85461 1127.51392 20431.801 5.2699 8247.7 14.631 17636.0 24.277 "" "" 0.002769514719702407 0.0033903806 0.0040641725 0.007454553 57.63063283912 52.74992438786 1095.7749 5.324999999999999 -1.0910000000000013 6.125499975681305 0.8281000461578369 0.14016293 0.13616294 "" "" 32.10509790950023 "" 4.497672012045354 ""
57.84378145819 52.55014706708 0.0306 0.0306 19.1896 "" "" 251994978321889024 943.442505 1.0297 0.0442 -4.492 5.946 0.041 0.043 1.662 "" "" 14.912155 1.487904 15.126728 13.638824 -45.09 7.03 908.513916 984.130432 20421.35567 9.2682 12154.0 272.0 27773.0 632.76 "" "" 0.0027990358069605002 0.024457864 0.025023682 0.04948155 57.84378145819 52.55014706708 943.442505 -4.492000000000004 5.9460000000000015 -3.691500024318695 7.865100046157837 0.15416294 0.15616293 "" "" 38.85346720161072 "" 6.053517306624428 ""
57.70444174555 53.07839205197 0.0187 0.0157 28.781 "" "" 444174630014582144 990.557739 0.975 0.0267 6.591 -9.773 0.025 0.023 0.967 6667.6 3.942 14.914553 1.464518 15.57826 14.113743 4.25 4.91 966.883545 1018.31732 20376.32408 4.9241 8018.9 12.949 17933.0 18.301 "" "" 0.0027677844852150727 0.0032952935 0.0039384547 0.007233748 57.70444174555 53.07839205197 990.557739 6.591000000000005 -9.772999999999994 7.391499975681305 -7.853899953842163 0.13816294 0.13616294 "" "" 50.63859305529286 "" 6.9428532637324185 ""
57.52779683272 52.70888390938 0.0189 0.0158 7.5365 "" "" 251637740126610944 903.431763 1.0709 0.0252 4.621 -8.243 0.027 0.024 1.071 6378.8 4.2799 14.918363 1.359807 15.52391 14.164103 -8.76 6.42 883.009399 920.110474 20304.94563 4.6154 8430.5 12.499 17121.0 10.557 "" "" 0.00276635064638388 0.0032212106 0.0038382192 0.00705943 57.52779683272 52.70888390938 903.431763 4.621 -8.243000000000006 5.421499975681305 -6.323899953842163 0.14016293 0.13716294 "" "" 35.670116683375824 "" 4.938232806786928 ""
56.77844746941 52.29617915773 0.0241 0.0216 29.6684 "" "" 443754547854506752 1156.87671 0.8292 0.0327 3.353 -3.65 0.03 0.031 1.316 6519.5 3.9328 14.929361 1.339901 15.523035 14.183134 -18.89 6.91 1123.76062 1200.71387 20100.27778 5.8158 8437.3 12.022 16823.0 16.753 "" "" 0.00277317096420648 0.0031903507 0.003931 0.0071213506 56.77844746941 52.29617915773 1156.87671 3.353 -3.65 4.153499975681305 -1.730899953842163 0.14316294 0.14416294 "" "" 24.674703690444066 "" 3.5361649778907203 ""
56.54148213983 52.59016039749 0.025 0.0181 29.4587 "" "" 443776538086990976 1075.22705 0.8964 0.0301 -4.711 -3.258 0.034 0.027 1.145 7185.1 4.1215 14.929824 1.469745 15.589691 14.119946 "" "" 1047.57654 1105.88306 20091.72589 6.5625 7934.9 16.008 17831.0 20.808 "" "" 0.0027780483010602943 0.0035472275 0.003986105 0.0075333323 56.54148213983 52.59016039749 1075.22705 -4.711 -3.258000000000001 -3.9105000243186954 -1.338899953842163 0.14716294 0.14016293 "" "" 21.06598343198293 "" 3.0849903016914184 ""
57.03814668553 52.35730880106 0.0187 0.0161 20.8587 "" "" 251603036791139584 1000.25842 0.9641 0.0264 -2.112 0.646 0.026 0.025 1.019 6880.4 4.3295 14.930199 1.323154 15.515576 14.192422 -44.0 5.83 969.846375 1028.85327 20084.79083 5.1333 8495.4 11.674 16680.0 13.219 "" "" 0.002769258443747116 0.0031640201 0.0038760942 0.007040114 57.03814668553 52.35730880106 1000.25842 -2.1120000000000028 0.646000000000001 -1.3115000243186952 2.565100046157837 0.13916293 0.13816294 "" "" 13.65914769365836 "" 1.8900267874303665 ""
57.61829924172 52.97391193197 0.0193 0.0154 21.7845 "" "" 444172499710819072 992.392883 0.9725 0.0258 -7.783 -2.529 0.025 0.023 0.994 6478.0 4.0098 14.936988 1.435851 15.585979 14.150128 -7.97 6.58 971.503845 1019.76233 19959.59122 4.7734 7962.1 14.704 17342.0 18.085 "" "" 0.00276752801286094 0.0034358993 0.0039453423 0.007381242 57.61829924172 52.97391193197 992.392883 -7.783000000000003 -2.5290000000000026 -6.982500024318695 -0.609899953842163 0.13816294 0.13616294 "" "" 32.970335202186455 "" 4.554782770330428 ""
58.05903356894 52.97327767188 0.0183 0.0155 32.3502 "" "" 252021847641645568 933.674805 1.0334 0.0249 6.519 -4.864 0.025 0.024 0.997 6281.8 4.1145 14.938116 1.349096 15.541321 14.192225 -15.09 6.95 911.564819 957.353943 19938.86229 4.8376 8296.4 15.851 16683.0 11.718 "" "" 0.0027678838756620733 0.0034768027 0.003855555 0.0073323576 58.05903356894 52.97327767188 933.674805 6.518999999999997 -4.863999999999993 7.319499975681305 -2.944899953842163 0.13816294 0.13716294 "" "" 34.91684481847673 "" 4.819364441527112 ""
58.00830136141 52.79204820119 0.0199 0.0157 25.5835 "" "" 252010955604660736 910.931763 1.0641 0.0258 1.891 -2.195 0.025 0.024 1.03 6509.1 4.2818 14.939137 1.452306 15.599688 14.147382 -35.58 8.65 891.746094 934.534485 19920.11714 5.0222 7862.2 13.895 17386.0 12.895 "" "" 0.0027688840536352097 0.0033862952 0.0038642206 0.0072505157 58.00830136141 52.79204820119 910.931763 1.891 -2.1950000000000003 2.691499975681305 -0.2758999538421629 0.13816294 0.13716294 "" "" 11.682301666111067 "" 1.6139401080886455 ""
