Clusters/NGC_1444/NGC_1444_stars_in_region.tsv
# %ECSV 1.0
# ---
# datatype:
# - name: RA_ICRS_1
#   unit: deg
#   datatype: float64
#   format: '{:15.11f}'
#   description: Right ascension (ICRS) at Ep=2016.0 (ra)
#   meta: !!omap
#   - {ucd: POS_EQ_RA_MAIN}
#   - {width: 15}
#   - {precision: '11'}
# - name: DE_ICRS_1
#   unit: deg
#   datatype: float64
#   format: '{:15.11f}'
#   description: Declination (ICRS) at Ep=2016.0 (dec)
#   meta: !!omap
#   - {ucd: POS_EQ_DEC_MAIN}
#   - {width: 15}
#   - {precision: '11'}
# - name: e_RA_ICRS
#   unit: mas
#   datatype: float64
#   format: '{:7.4f}'
#   description: Standard error of right ascension (ra_error)
#   meta: !!omap
#   - {ucd: ERROR}
#   - {width: 7}
#   - {precision: '4'}
# - name: e_DE_ICRS
#   unit: mas
#   datatype: float64
#   format: '{:7.4f}'
#   description: Standard error of declination (dec_error)
#   meta: !!omap
#   - {ucd: ERROR}
#   - {width: 7}
#   - {precision: '4'}
# - name: _r_1
#   unit: ''
#   datatype: float64
#   format: '{:7.4f}'
#   description: Distance from center (057.34401306000+52.65089671000)[ICRS], at Epoch=J2016.0
#   meta: !!omap
#   - {ucd: POS_ANG_DIST_GENERAL}
#   - {width: 7}
#   - {precision: '4'}
# - name: HIP
#   datatype: int32
#   description: '? HIP cross-id number, van Leeuwen, Cat. I/311 (hip_original_ext_source_id)'
#   meta: !!omap
#   - {ucd: ID_NUMBER}
#   - {width: 6}
#   - values: {'null': -2147483648}
# - name: TYC2
#   datatype: string
#   description: Tycho-2 cross-id name, Hog et al., Cat. I/259 (tyc2_original_ext_source_id)
#   meta: !!omap
#   - {ucd: ID_CROSSID}
#   - {_votable_string_dtype: char}
# - name: Source
#   datatype: int64
#   description: Source identifier, identical to the Gaia-EDR3 source_id (id)
#   meta: !!omap
#   - {ucd: ID_MAIN}
#   - {width: 19}
# - name: rgeo
#   unit: pc
#   datatype: float64
#   format: '{:15.8f}'
#   description: '? Median of the geometric distance posterior (r_med_geo)'
#   meta: !!omap
#   - {ucd: PHYS_DISTANCE_TRUE}
#   - {width: 15}
#   - {precision: '8'}
#   - values: {'null': .nan}
# - name: Plx
#   unit: mas
#   datatype: float64
#   format: '{:9.4f}'
#   description: '? Parallax (parallax)'
#   meta: !!omap
#   - {ucd: POS_PARLX_TRIG}
#   - {width: 9}
#   - {precision: '4'}
#   - values: {'null': .nan}
# - name: e_Plx
#   unit: mas
#   datatype: float32
#   format: '{:7.4f}'
#   description: '? Standard error of parallax (parallax_error)'
#   meta: !!omap
#   - {ucd: ERROR}
#   - {width: 7}
#   - {precision: '4'}
#   - values: {'null': .nan}
# - name: pmRA
#   unit: mas / yr
#   datatype: float64
#   format: '{:9.3f}'
#   description: '? Proper motion in right ascension direction, pmRA*cosDE (pmra)'
#   meta: !!omap
#   - {ucd: POS_EQ_PMRA}
#   - {width: 9}
#   - {precision: '3'}
#   - values: {'null': .nan}
# - name: pmDE
#   unit: mas / yr
#   datatype: float64
#   format: '{:9.3f}'
#   description: '? Proper motion in declination direction (pmdec)'
#   meta: !!omap
#   - {ucd: POS_EQ_PMDEC}
#   - {width: 9}
#   - {precision: '3'}
#   - values: {'null': .nan}
# - name: e_pmRA
#   unit: mas / yr
#   datatype: float32
#   format: '{:6.3f}'
#   description: '? Standard error of proper motion in right ascension direction (pmra_error)'
#   meta: !!omap
#   - {ucd: ERROR}
#   - {width: 6}
#   - {precision: '3'}
#   - values: {'null': .nan}
# - name: e_pmDE
[...]
#         value: !astropy.table.SerializedColumn {name: SkyCoord.dec}
#       distance: !astropy.table.SerializedColumn
#         __class__: astropy.coordinates.distances.Distance
#         unit: !astropy.units.Unit {unit: pc}
#         value: !astropy.table.SerializedColumn {name: SkyCoord.distance}
#       frame: icrs
#       obstime: !astropy.time.Time {format: jyear_str, in_subfmt: '*', jd1: 367701545.0, jd2: 0.0, out_subfmt: '*', precision: 3, scale: tt}
#       pm_dec: !astropy.table.SerializedColumn
#         __class__: astropy.units.quantity.Quantity
#         unit: !astropy.units.Unit {unit: mas / yr}
#         value: !astropy.table.SerializedColumn {name: SkyCoord.pm_dec}
#       pm_ra_cosdec: !astropy.table.SerializedColumn
#         __class__: astropy.units.quantity.Quantity
#         unit: !astropy.units.Unit {unit: mas / yr}
#         value: !astropy.table.SerializedColumn {name: SkyCoord.pm_ra_cosdec}
#       ra: !astropy.table.SerializedColumn
#         __class__: astropy.coordinates.angles.Longitude
#         unit: *id001
#         value: !astropy.table.SerializedColumn {name: SkyCoord.ra}
#         wrap_angle: !astropy.coordinates.Angle
#           unit: *id001
#           value: 360.0
#       representation_type: spherical
# schema: astropy-2.0
RA_ICRS_1 DE_ICRS_1 e_RA_ICRS e_DE_ICRS _r_1 HIP TYC2 Source rgeo Plx e_Plx pmRA pmDE e_pmRA e_pmDE RUWE Teff logg Gmag BP-RP BPmag RPmag RV e_RV b_rgeo B_rgeo FG e_FG FBP e_FBP FRP e_FRP RAVE5 RAVE6 e_Gmag e_BPmag e_RPmag e_BP-RP SkyCoord.ra SkyCoord.dec SkyCoord.distance SkyCoord.pm_ra_cosdec SkyCoord.pm_dec rmRA rmDE e_rmRA e_rmDE rRV e_rRV v_pec v_pec3d e_vpec e_vpec3d
[from data line 32]
57.77029049664 52.7189004933 0.0099 0.0076 16.0324 "" "" 252009409416512640 1294.37451 0.7664 0.0124 0.561 -2.044 0.014 0.012 0.997 "" "" 12.250217 2.046296 13.289182 11.242886 -17.49 0.25 1277.29126 1311.71118 237060.83875 39.885 66030.0 42.952 252350.0 69.387 "" "" 0.002761369005235995 0.0028781688 0.0037911544 0.006669323 57.77029049664 52.7189004933 1294.37451 0.5610000000000002 -2.0440000000000005 1.3614999756813049 -0.12489995384216313 0.12716293 0.12516293 "" "" 8.388334234746884 "" 1.0665462700761998 ""
57.65915713012 52.88186006557 0.0131 0.0103 17.9704 "" "" 444168337885116800 898.939819 1.0912 0.0173 -0.263 -4.532 0.017 0.016 1.314 "" "" 12.266123 0.795473 12.577655 11.782182 "" "" 882.826477 913.482544 233613.34164 36.923 127160.0 67.423 153560.0 47.829 "" "" 0.0027606587673334286 0.0028489395 0.003794481 0.0066434206 57.65915713012 52.88186006557 898.939819 -0.2629999999999999 -4.532 0.5374999756813049 -2.612899953842163 0.13016294 0.12916294 "" "" 11.366626243574395 "" 1.468610017992857 ""
57.12654537438 52.64870781589 0.0087 0.0074 7.9172 "" "" 443787219667071232 1179.6145 0.8319 0.0118 1.6 -4.014 0.012 0.011 0.95 "" "" 12.285144 1.153406 12.771428 11.618022 -23.87 9.0 1165.34375 1198.71057 229556.24373 31.053 106380.0 68.614 178630.0 44.297 "" "" 0.0027592319149824553 0.0028767085 0.0037889602 0.0066656685 57.12654537438 52.64870781589 1179.6145 1.5999999999999979 -4.013999999999999 2.400499975681305 -2.0948999538421633 0.12516293 0.124162935 "" "" 17.81447324146023 "" 2.2220274534524442 ""
57.15890475894 52.09634582544 0.0094 0.008 33.9569 "" "" 251584070215737984 1138.53162 0.8598 0.0129 -0.67 -2.772 0.012 0.012 0.939 "" "" 12.372213 0.986142 12.772802 11.78666 -46.25 17.63 1119.58057 1153.15076 211866.1394 27.273 106240.0 58.291 152930.0 47.983 "" "" 0.0027588627024351955 0.002853055 0.0037947036 0.0066477587 57.15890475894 52.09634582544 1138.53162 -0.6699999999999996 -2.7719999999999976 0.1304999756813049 -0.8528999538421629 0.12516293 0.12516293 "" "" 4.656360789265158 "" 0.5828037562457599 ""
57.2346472301 52.44904860262 0.01 0.0081 12.7513 "" "" 251627913241619328 1244.31348 0.7958 0.0131 2.994 -0.563 0.015 0.013 1.056 "" "" 12.375927 2.012388 13.391611 11.379223 -16.27 0.38 1225.45227 1261.80627 211142.67156 35.762 60086.0 52.073 222570.0 93.345 "" "" 0.0027614501271363335 0.0029445582 0.0038067142 0.0067512724 57.2346472301 52.44904860262 1244.31348 2.9940000000000007 -0.563 3.794499975681305 1.356100046157837 0.12816294 0.12616293 "" "" 23.766444635422218 "" 3.0406311005131568 ""
57.40189361528 53.13416842931 0.0092 0.0078 29.0719 "" "" 444189640922902400 973.688599 1.0086 0.0122 1.379 -3.664 0.012 0.012 1.012 "" "" 12.393074 0.947907 12.777204 11.829296 -23.1 10.26 961.567566 985.510681 207834.25277 32.942 105810.0 60.852 147040.0 57.473 "" "" 0.0027606891498621706 0.0028591852 0.0038031333 0.0066623185 57.40189361528 53.13416842931 973.688599 1.379 -3.664 2.179499975681305 -1.7448999538421632 0.12516293 0.12516293 "" "" 12.885568645691823 "" 1.6127955173458395 ""
57.44132655861 53.21259176968 0.0093 0.0076 33.885 "" "" 444190538573273088 925.245056 1.0616 0.0119 4.465 -5.035 0.013 0.012 0.949 "" "" 12.398436 0.954442 12.785492 11.83105 -10.19 6.81 917.296204 934.998291 206810.37767 31.888 105010.0 84.61 146800.0 53.12 "" "" 0.0027604012821123227 0.0029240975 0.0037997472 0.0067238444 57.44132655861 53.21259176968 925.245056 4.465 -5.035 5.265499975681305 -3.1158999538421632 0.12616293 0.12516293 "" "" 26.83305393962662 "" 3.378397871569134 ""
57.02386856086 52.12223141036 0.01 0.0084 33.817 "" "" 251595340209937408 1072.16589 0.9269 0.0136 7.849 8.391 0.013 0.013 1.083 "" "" 12.417335 1.952284 13.394271 11.441987 -71.4 0.66 1058.50977 1093.33545 203241.69812 33.354 59939.0 43.298 210070.0 57.002 "" "" 0.0027610754391472698 0.0028983057 0.0037908473 0.0066891527 57.02386856086 52.12223141036 1072.16589 7.849000000000001 8.391000000000002 8.649499975681305 10.310100046157837 0.12616293 0.12616293 "" "" 68.39336260930259 "" 8.628707109829996 ""
57.01603744505 52.59932877973 0.0199 0.0174 12.3396 "" "" 443785746497668352 1050.06714 0.9348 0.028 0.468 -4.097 0.029 0.026 2.003 "" "" 12.418615 0.976261 12.816957 11.840696 -19.19 16.31 1019.54071 1080.75781 203002.10625 32.143 102010.0 77.204 145510.0 46.486 "" "" 0.002760678120271914 0.0029086533 0.0037952652 0.006703919 57.01603744505 52.59932877973 1050.06714 0.46799999999999997 -4.097 1.268499975681305 -2.1778999538421635 0.14216293 0.13916293 "" "" 12.544758092320397 "" 1.755374616924225 ""
58.13621354724 52.5322996771 0.008 0.0067 29.739 "" "" 251945839601824256 904.894714 1.0892 0.0106 6.517 -7.988 0.011 0.01 0.86 6497.9 3.6309 12.437609 1.129312 12.917551 11.788239 -0.34 1.79 896.634705 916.378662 199481.80502 80.677 92981.0 146.54 152710.0 154.31 "" "" 0.0027900904520835293 0.0032730808 0.003935401 0.0072084814 58.13621354724 52.5322996771 904.894714 6.5169999999999995 -7.988000000000001 7.317499975681305 -6.0688999538421635 0.124162935 0.12316293 "" "" 40.77614834436437 "" 5.046308456245214 ""
57.07986157848 52.54189686594 0.0112 0.0093 11.6384 "" "" 443782173084035072 1130.77039 0.8623 0.015 -0.965 -1.523 0.016 0.014 1.075 6597.1 3.4037 12.576989 0.926595 12.949141 12.022546 "" "" 1114.29395 1151.27759 175449.14755 36.714 90315.0 59.379 123070.0 45.912 "" "" 0.002764671479975417 0.002880036 0.003801024 0.00668106 57.07986157848 52.54189686594 1130.77039 -0.9650000000000001 -1.5229999999999997 -0.16450002431869504 0.396100046157837 0.12916294 0.12716293 "" "" 2.2988422126479358 "" 0.2930083756365585 ""
57.4144421061 52.62047842764 0.0102 0.008 3.1477 "" "" 251635506743654144 1089.65625 0.8932 0.0132 -0.804 -1.899 0.015 0.012 1.012 "" "" 12.594404 0.73662 12.877486 12.140866 "" "" 1075.45813 1104.27722 172657.31198 27.094 96477.0 55.831 110360.0 57.376 "" "" 0.0027605828957414633 0.0028600395 0.003821303 0.0066813426 57.4144421061 52.62047842764 1089.65625 -0.8039999999999998 -1.899 -0.0035000243186951163 0.020100046157836893 0.12816294 0.12516293 "" "" 0.10537831564843614 "" 0.013198870360877087 ""
57.30507266485 52.34816701202 0.0124 0.0098 18.2194 "" "" 251622037726404480 1102.59607 0.8983 0.0157 -1.014 -5.524 0.018 0.015 1.13 5131.8 2.845 12.598461 2.146708 13.708756 11.562047 -32.88 0.33 1082.34912 1124.66113 172013.47552 30.317 44866.0 32.538 188080.0 66.959 "" "" 0.0027619571921115586 0.002899147 0.003799097 0.0066982443 57.30507266485 52.34816701202 1102.59607 -1.0139999999999971 -5.524000000000002 -0.21350002431869508 -3.604899953842163 0.13116294 0.12816294 "" "" 18.87332115345128 "" 2.419060453426754 ""
57.35220033099 52.67175167272 0.0095 0.0082 1.2863 "" "" 443789526068260352 1107.42102 0.8824 0.0129 -0.918 -1.959 0.013 0.012 1.039 "" "" 12.608307 0.810553 12.904015 12.093462 -15.12 23.49 1089.0343 1122.95093 170460.60327 67.097 94148.0 244.29 115290.0 189.23 "" "" 0.0027882672001169474 0.0039650607 0.0041784532 0.008143514 57.35220033099 52.67175167272 1107.42102 -0.9179999999999992 -1.959000000000002 -0.1175000243186951 -0.03989995384216316 0.12616293 0.12516293 "" "" 0.6513688071271801 "" 0.08211149326469312 ""
57.36830458365 52.65798682866 0.0113 0.0107 0.9812 "" "" 443789457348784256 1103.1355 0.8849 0.016 -1.142 -1.837 0.017 0.017 1.202 9582.5 3.845 12.620033 0.866117 12.954762 12.088645 -25.22 33.28 1085.11584 1119.58508 168629.45845 58.639 89849.0 321.01 115800.0 365.5 "" "" 0.0027810673001476193 0.004778323 0.005101712 0.009880035 57.36830458365 52.65798682866 1103.1355 -1.1419999999999997 -1.8369999999999997 -0.341500024318695 0.08210004615783695 0.13016294 0.13016294 "" "" 1.8365345701044442 "" 0.23904873800828932 ""
57.32640791406 52.6580509474 0.0167 0.0132 0.7713 "" "" 443789594787738880 1100.93848 0.88 0.0207 -0.975 -2.208 0.025 0.019 1.708 "" "" 12.631223 0.958979 13.018409 12.05943 -31.86 32.29 1078.30652 1127.23657 166900.48432 37.034 84733.0 65.051 118960.0 84.06 "" "" 0.0027658326723554076 0.0029120157 0.0038564664 0.006768482 57.32640791406 52.6580509474 1100.93848 -0.9750000000000002 -2.2079999999999984 -0.17450002431869505 -0.28889995384216327 0.13816294 0.13216293 "" "" 1.7612819326906703 "" 0.2356474527713661 ""
58.25616962127 52.6625664242 0.0114 0.0092 33.2054 "" "" 251999513811806464 1017.85272 0.9576 0.015 0.198 -1.202 0.015 0.014 1.157 "" "" 12.637403 0.698747 12.905794 12.207047 "" "" 1002.75879 1032.27893 165953.27574 24.215 93994.0 37.817 103830.0 32.453 "" "" 0.0027598709746730443 0.002824158 0.003794587 0.0066187447 58.25616962127 52.6625664242 1017.85272 0.198 -1.202 0.9984999756813049 0.717100046157837 0.12816294 0.12716293 "" "" 5.931017951329909 "" 0.7581237087335206 ""
57.71877306235 52.55999293358 0.0089 0.0078 14.7045 "" "" 251620796475757056 991.087646 0.9873 0.0122 -2.763 -1.753 0.013 0.012 0.928 "" "" 12.638469 0.98187 13.040669 12.0588 -3.38 8.87 979.403198 1004.96045 165790.31889 29.68 83014.0 55.461 119020.0 58.887 "" "" 0.002762167457292938 0.0028829174 0.0038173674 0.006700285 57.71877306235 52.55999293358 991.087646 -2.763 -1.753 -1.962500024318695 0.16610004615783702 0.12616293 0.12516293 "" "" 9.252307246062761 "" 1.167232655769036 ""
57.68399490321 52.24971170102 0.0106 0.0084 27.0919 "" "" 251565442936735232 1208.2583 0.805 0.0134 0.925 -0.636 0.016 0.012 1.025 "" "" 12.690254 0.817572 13.010907 12.193336 "" "" 1190.60852 1225.40027 158068.41271 26.114 85321.0 65.621 105150.0 33.451 "" "" 0.002761152552497732 0.0029124478 0.0037951323 0.00670758 57.68399490321 52.24971170102 1208.2583 0.9250000000000003 -0.6359999999999999 1.725499975681305 1.2831000461578368 0.12916294 0.12516293 "" "" 12.314953037077917 "" 1.5732725046528173 ""
57.33675937954 52.66389899726 0.0107 0.0092 0.8236 "" "" 443789697866953344 1082.53052 0.8961 0.0148 -0.768 -1.795 0.016 0.014 0.99 "" "" 12.7609 0.8191 13.082948 12.263847 "" "" 1063.69336 1101.13928 148110.89479 30.29 79843.0 59.805 98542.0 35.671 "" "" 0.002764252589598734 0.0029062736 0.0037997623 0.0067060357 57.33675937954 52.66389899726 1082.53052 -0.7679999999999991 -1.794999999999999 0.032499975681304916 0.12410004615783699 0.12916294 0.12716293 "" "" 0.6582558805639428 "" 0.08379086645659017 ""
56.48091835962 52.51119163698 0.0094 0.008 32.5641 "" "" 443770215895165696 1095.56628 0.8988 0.0127 -0.849 -4.716 0.013 0.012 0.986 "" "" 12.787109 1.96228 13.769482 11.807201 -7.78 0.38 1082.70251 1109.79749 144578.29212 24.577 42425.0 34.709 150060.0 63.305 "" "" 0.0027614948412563556 0.0029281513 0.003807036 0.006735187 56.48091835962 52.51119163698 1095.56628 -0.8490000000000024 -4.715999999999999 -0.048500024318695045 -2.7968999538421633 0.12616293 0.12516293 "" "" 14.526440718487505 "" 1.8181762567793345 ""
56.71908133829 52.24486237439 0.0107 0.0092 33.403 "" "" 443748500540573440 1037.9574 0.9421 0.0145 1.79 -3.307 0.014 0.014 0.974 "" "" 12.80264 0.897268 13.162319 12.265051 "" "" 1024.37476 1051.8396 142524.85435 21.414 74215.0 52.524 98432.0 46.82 "" "" 0.0027601450169648187 0.0028940446 0.0038145033 0.006708548 56.71908133829 52.24486237439 1037.9574 1.7900000000000003 -3.3070000000000004 2.590499975681305 -1.387899953842163 0.12716293 0.12716293 "" "" 14.458999241750298 "" 1.8386487568807457 ""
57.90276006071 53.02208850776 0.0105 0.0085 30.1024 "" "" 444176348001499520 1077.46924 0.9112 0.0143 -2.968 3.015 0.015 0.013 1.029 "" "" 12.820395 1.996379 13.829235 11.832856 -89.62 0.5 1060.22363 1094.07874 140213.09135 21.339 40153.0 29.477 146560.0 39.638 "" "" 0.002760270454986841 0.0029017837 0.003790772 0.0066925557 57.90276006071 53.02208850776 1077.46924 -2.968 3.0149999999999997 -2.167500024318695 4.9341000461578375 0.12816294 0.12616293 "" "" 27.52370836719391 "" 3.4814352197710092 ""
57.30803341072 52.812159309 0.0281 0.0216 9.7637 "" "" 443794542590663808 1242.47314 0.7964 0.0346 2.365 0.054 0.036 0.03 1.081 "" "" 12.823611 2.238521 13.992226 11.753705 -37.63 0.4 1180.19739 1302.50793 139798.39396 33.891 34556.0 39.412 157640.0 55.587 "" "" 0.002767863837471496 0.003052615 0.003798724 0.006851339 57.30803341072 52.812159309 1242.47314 2.3650000000000007 0.053999999999999465 3.165499975681305 1.973100046157837 0.14916293 0.14316294 "" "" 21.967658240624417 "" 3.240420126329526 ""
57.22795810467 52.23697068982 0.0108 0.0095 25.1956 "" "" 251609324623302400 971.287292 1.0072 0.0146 3.873 -2.083 0.015 0.015 0.982 "" "" 12.823626 0.824795 13.154449 12.329654 "" "" 959.895447 984.58783 139796.59365 26.631 74755.0 39.138 92746.0 54.287 "" "" 0.0027630722719754106 0.0028474848 0.003832441 0.006679926 57.22795810467 52.23697068982 971.287292 3.873000000000004 -2.0829999999999993 4.673499975681305 -0.16389995384216327 0.12816294 0.12816294 "" "" 21.529562289350082 "" 2.7592919003671432 ""
58.17272640627 52.46078027306 0.0104 0.0089 32.3111 "" "" 251944503870798464 930.190674 1.0517 0.0142 3.417 -4.342 0.015 0.014 1.012 "" "" 12.851884 0.851181 13.189638 12.338457 "" "" 917.956848 940.553406 136205.00558 25.166 72371.0 59.052 91997.0 48.922 "" "" 0.002762613337682839 0.0029274395 0.0038232296 0.0067506693 58.17272640627 52.46078027306 930.190674 3.4170000000000003 -4.342000000000002 4.217499975681305 -2.4228999538421627 0.12816294 0.12716293 "" "" 21.445542843942246 "" 2.743217844159234 ""
57.31447270432 52.67596968083 0.0105 0.009 1.849 "" "" 443789766586429696 1124.01526 0.8682 0.0144 -0.759 -1.782 0.015 0.013 0.903 11053.2 4.0293 12.892273 0.877966 13.242317 12.364351 "" "" 1107.31055 1138.59558 131231.29085 26.131 68943.0 40.656 89829.0 52.223 "" "" 0.002763788902999544 0.0028626886 0.0038317286 0.0066944174 57.31447270432 52.67596968083 1124.01526 -0.7590000000000001 -1.782 0.041499975681304924 0.13710004615783689 0.12816294 0.12616293 "" "" 0.7631767992229316 "" 0.0964136668554894 ""
57.54297921576 52.61062114425 0.0134 0.0111 7.6381 "" "" 251633479519076864 936.71698 1.0405 0.0182 2.526 -4.509 0.019 0.016 1.16 "" "" 12.946549 0.870116 13.29368 12.423564 "" "" 920.168091 955.48053 124832.33764 23.943 65757.0 40.159 85061.0 31.981 "" "" 0.002763178535807399 0.0028678775 0.0038013635 0.006669241 57.54297921576 52.61062114425 936.71698 2.5259999999999994 -4.509 3.3264999756813047 -2.5898999538421634 0.13216293 0.12916294 "" "" 18.71842705228552 "" 2.4528402971136702 ""
56.70050324252 52.24231927513 0.0124 0.0109 33.9818 "" "" 443748466180838784 1084.79199 0.8937 0.017 0.679 -4.432 0.016 0.016 0.971 "" "" 12.978833 1.02024 13.397653 12.377413 "" "" 1065.7301 1100.84253 121175.09375 24.04 59752.0 53.557 88755.0 41.512 "" "" 0.002763726923378473 0.0029550137 0.0038133452 0.006768359 56.70050324252 52.24231927513 1084.79199 0.679 -4.432 1.479499975681305 -2.5128999538421635 0.12916294 0.12916294 "" "" 14.994288912125763 "" 1.936706400155277 ""
57.64027626313 52.99533110534 0.0191 0.0154 23.2909 "" "" 444172637150218368 1256.59009 0.7665 0.0262 4.517 -5.47 0.025 0.023 1.906 7879.0 3.6199 12.999687 1.146571 13.485991 12.339419 "" "" 1219.74231 1290.96472 118869.94406 29.49 55083.0 37.212 91916.0 35.744 "" "" 0.0027684548368770304 0.0028849686 0.003802893 0.006687862 57.64027626313 52.99533110534 1256.59009 4.5169999999999995 -5.470000000000001 5.317499975681305 -3.550899953842163 0.13816294 0.13616294 "" "" 38.08485978338297 "" 5.238543456859539 ""
