Clusters/BH_245/BH_245_stars_in_region.tsv
# %ECSV 1.0
# ---
# datatype:
# - name: RA_ICRS_1
#   unit: deg
#   datatype: float64
#   format: '{:15.11f}'
#   description: Right ascension (ICRS) at Ep=2016.0 (ra)
#   meta: !!omap
#   - {ucd: POS_EQ_RA_MAIN}
#   - {width: 15}
#   - {precision: '11'}
# - name: DE_ICRS_1
#   unit: deg
#   datatype: float64
#   format: '{:15.11f}'
#   description: Declination (ICRS) at Ep=2016.0 (dec)
#   meta: !!omap
#   - {ucd: POS_EQ_DEC_MAIN}
#   - {width: 15}
#   - {precision: '11'}
# - name: e_RA_ICRS
#   unit: mas
#   datatype: float64
#   format: '{:7.4f}'
#   description: Standard error of right ascension (ra_error)
#   meta: !!omap
#   - {ucd: ERROR}
#   - {width: 7}
#   - {precision: '4'}
# - name: e_DE_ICRS
#   unit: mas
#   datatype: float64
#   format: '{:7.4f}'
#   description: Standard error of declination (dec_error)
#   meta: !!omap
#   - {ucd: ERROR}
#   - {width: 7}
#   - {precision: '4'}
# - name: _r_1
#   unit: ''
#   datatype: float64
#   format: '{:7.4f}'
#   description: Distance from center (266.56020799000-29.69939463000)[ICRS], at Epoch=J2016.0
#   meta: !!omap
#   - {ucd: POS_ANG_DIST_GENERAL}
#   - {width: 7}
#   - {precision: '4'}
# - name: HIP
#   datatype: int32
#   description: '? HIP cross-id number, van Leeuwen, Cat. I/311 (hip_original_ext_source_id)'
#   meta: !!omap
#   - {ucd: ID_NUMBER}
#   - {width: 6}
#   - values: {'null': -2147483648}
# - name: TYC2
#   datatype: string
#   description: Tycho-2 cross-id name, Hog et al., Cat. I/259 (tyc2_original_ext_source_id)
#   meta: !!omap
#   - {ucd: ID_CROSSID}
#   - {_votable_string_dtype: char}
# - name: Source
#   datatype: int64
#   description: Source identifier, identical to the Gaia-EDR3 source_id (id)
#   meta: !!omap
#   - {ucd: ID_MAIN}
#   - {width: 19}
# - name: rgeo
#   unit: pc
#   datatype: float64
#   format: '{:15.8f}'
#   description: '? Median of the geometric distance posterior (r_med_geo)'
#   meta: !!omap
#   - {ucd: PHYS_DISTANCE_TRUE}
#   - {width: 15}
#   - {precision: '8'}
#   - values: {'null': .nan}
# - name: Plx
#   unit: mas
#   datatype: float64
#   format: '{:9.4f}'
#   description: '? Parallax (parallax)'
#   meta: !!omap
#   - {ucd: POS_PARLX_TRIG}
#   - {width: 9}
#   - {precision: '4'}
#   - values: {'null': .nan}
# - name: e_Plx
#   unit: mas
#   datatype: float32
#   format: '{:7.4f}'
#   description: '? Standard error of parallax (parallax_error)'
#   meta: !!omap
#   - {ucd: ERROR}
#   - {width: 7}
#   - {precision: '4'}
#   - values: {'null': .nan}
# - name: pmRA
#   unit: mas / yr
#   datatype: float64
#   format: '{:9.3f}'
#   description: '? Proper motion in right ascension direction, pmRA*cosDE (pmra)'
#   meta: !!omap
#   - {ucd: POS_EQ_PMRA}
#   - {width: 9}
#   - {precision: '3'}
#   - values: {'null': .nan}
# - name: pmDE
#   unit: mas / yr
#   datatype: float64
#   format: '{:9.3f}'
#   description: '? Proper motion in declination direction (pmdec)'
#   meta: !!omap
#   - {ucd: POS_EQ_PMDEC}
#   - {width: 9}
#   - {precision: '3'}
#   - values: {'null': .nan}
# - name: e_pmRA
#   unit: mas / yr
#   datatype: float32
#   format: '{:6.3f}'
#   description: '? Standard error of proper motion in right ascension direction (pmra_error)'
#   meta: !!omap
#   - {ucd: ERROR}
#   - {width: 6}
#   - {precision: '3'}
#   - values: {'null': .nan}
# - name: e_pmDE
[...]
#         value: !astropy.table.SerializedColumn {name: SkyCoord.dec}
#       distance: !astropy.table.SerializedColumn
#         __class__: astropy.coordinates.distances.Distance
#         unit: !astropy.units.Unit {unit: pc}
#         value: !astropy.table.SerializedColumn {name: SkyCoord.distance}
#       frame: icrs
#       obstime: !astropy.time.Time {format: jyear_str, in_subfmt: '*', jd1: 367701545.0, jd2: 0.0, out_subfmt: '*', precision: 3, scale: tt}
#       pm_dec: !astropy.table.SerializedColumn
#         __class__: astropy.units.quantity.Quantity
#         unit: !astropy.units.Unit {unit: mas / yr}
#         value: !astropy.table.SerializedColumn {name: SkyCoord.pm_dec}
#       pm_ra_cosdec: !astropy.table.SerializedColumn
#         __class__: astropy.units.quantity.Quantity
#         unit: !astropy.units.Unit {unit: mas / yr}
#         value: !astropy.table.SerializedColumn {name: SkyCoord.pm_ra_cosdec}
#       ra: !astropy.table.SerializedColumn
#         __class__: astropy.coordinates.angles.Longitude
#         unit: *id001
#         value: !astropy.table.SerializedColumn {name: SkyCoord.ra}
#         wrap_angle: !astropy.coordinates.Angle
#           unit: *id001
#           value: 360.0
#       representation_type: spherical
# schema: astropy-2.0
RA_ICRS_1 DE_ICRS_1 e_RA_ICRS e_DE_ICRS _r_1 HIP TYC2 Source rgeo Plx e_Plx pmRA pmDE e_pmRA e_pmDE RUWE Teff logg Gmag BP-RP BPmag RPmag RV e_RV b_rgeo B_rgeo FG e_FG FBP e_FBP FRP e_FRP RAVE5 RAVE6 e_Gmag e_BPmag e_RPmag e_BP-RP SkyCoord.ra SkyCoord.dec SkyCoord.distance SkyCoord.pm_ra_cosdec SkyCoord.pm_dec rmRA rmDE e_rmRA e_rmDE rRV e_rRV v_pec v_pec3d e_vpec e_vpec3d
[from data line 181]
266.81333046097 -29.75295844282 0.0315 0.0238 13.5747 "" "" 4056827512820812416 2115.7644 0.4292 0.0385 -2.683 -3.775 0.038 0.023 0.976 "" "" 15.353812 2.8032 16.948835 14.145636 -36.53 3.67 1964.79443 2292.54199 13596.3332 6.8975 2269.3 8.2102 17414.0 18.124 "" "" 0.0028098345954173415 0.004818223 0.0039446973 0.00876292 266.81333046097 -29.75295844282 2115.7644 -2.683 -3.774999999999999 -2.2504000084400175 -1.4840001106262206 0.14679816 0.13179816 -201.94 13.2300005 27.03397919273798 203.74150198472915 3.8501548748346233 13.122967194472029
266.71903935081 -29.88102932473 0.0329 0.0282 13.681 "" "" 4056824351724849792 2828.92798 0.3022 0.0391 0.835 -2.654 0.044 0.028 1.055 "" "" 15.359679 2.162074 16.467892 14.305818 "" "" 2501.6416 3176.729 13523.06258 5.2195 3533.9 13.856 15026.0 15.77 "" "" 0.0027870059653156837 0.005089937 0.0039474266 0.009037363 266.71903935081 -29.88102932473 2828.92798 0.835 -2.653999999999998 1.2675999915599823 -0.3630001106262206 0.15279816 0.13679816 "" "" 17.68061734526765 "" 2.68117080320838 ""
266.62079710671 -29.86304357413 0.0348 0.0299 10.3134 "" "" 4056866403740447616 2441.36792 0.3538 0.0428 4.672 -0.294 0.048 0.029 1.035 15003.0 3.4471 15.393424 3.185661 17.288082 14.102421 -0.41 4.5 2213.552 2660.29785 13109.22638 6.0336 1660.3 8.6771 18121.0 16.512 "" "" 0.002800268924858633 0.0063231904 0.0039067254 0.010229915 266.62079710671 -29.86304357413 2441.36792 4.672 -0.29400000000000004 5.104599991559982 1.9969998893737793 0.15679815 0.13779816 -165.82 14.06 63.43038032168278 177.5378425794155 9.794337019534689 13.590249504802792
266.49754549563 -29.62370994663 0.0344 0.0281 5.5942 "" "" 4056890184984021632 2224.80127 0.4078 0.0414 0.271 0.889 0.044 0.027 0.966 8441.9 4.0356 15.403362 1.689987 16.20897 14.518982 "" "" 2058.50073 2418.79419 12989.78156 4.2516 4485.7 10.418 12347.0 12.369 "" "" 0.0027781421469672955 0.003760795 0.0039327797 0.0076935748 266.49754549563 -29.62370994663 2224.80127 0.271 0.8890000000000001 0.7035999915599823 3.1799998893737795 0.15279816 0.13579816 "" "" 34.34591636551017 "" 4.692978328390398 ""
266.47329976017 -29.73941855247 0.0511 0.0406 5.1259 "" "" 4056871527645840000 2499.51245 0.3875 0.0598 -2.146 -2.91 0.064 0.04 1.237 9377.1 3.5241 15.42057 1.670116 16.105015 14.434899 "" "" 2148.07446 3012.78735 12785.52485 7.9808 4936.4 90.667 13341.0 73.995 "" "" 0.0028374456334670675 0.020135995 0.007109698 0.027245693 266.47329976017 -29.73941855247 2499.51245 -2.1460000000000017 -2.91 -1.7134000084400176 -0.6190001106262208 0.17279816 0.14879817 "" "" 21.5839425826522 "" 3.67359324942919 ""
266.66138763362 -29.56101213537 0.0369 0.0281 9.8379 "" "" 4056880701695996928 2362.45825 0.3854 0.0455 -0.493 -1.542 0.043 0.027 1.089 9428.5 4.189 15.431274 1.455102 16.071009 14.615907 "" "" 2140.26831 2562.5271 12660.09202 4.0256 5093.5 17.079 11293.0 39.772 "" "" 0.002776864848578135 0.004586814 0.0053763357 0.009963149 266.66138763362 -29.56101213537 2362.45825 -0.4930000000000001 -1.5419999999999998 -0.060400008440017694 0.7489998893737793 0.15179816 0.13579816 "" "" 8.41456682600347 "" 1.1436033896016582 ""
266.49004567269 -29.61815024924 0.0383 0.0315 6.0947 "" "" 4056890249397625600 2146.00073 0.4308 0.0473 -0.283 -4.574 0.049 0.031 1.13 4899.4 3.37 15.437531 2.583819 16.866251 14.282432 5.58 6.42 1919.53516 2373.95239 12587.35109 4.7997 2448.6 8.9527 15353.0 12.236 "" "" 0.002786249863420664 0.004852192 0.0038771748 0.008729367 266.49004567269 -29.61815024924 2146.00073 -0.2830000000000002 -4.574 0.14959999155998233 -2.2830001106262205 0.15779816 0.13979816 -159.82999999999998 15.9800005 23.272581002931833 161.51545414150937 3.2553698994705598 15.820200483940562
266.70611605681 -29.61850799595 0.039 0.0325 9.0237 "" "" 4056876269289690624 2126.72437 0.4578 0.0559 -1.444 -6.793 0.044 0.031 1.002 5129.5 3.4379 15.440471 2.220626 16.60206 14.381434 -43.79 6.72 1855.47388 2530.53857 12553.32113 4.6923 3123.2 10.655 14015.0 11.511 "" "" 0.002785048099369933 0.0046373596 0.0038831623 0.008520522 266.70611605681 -29.61850799595 2126.72437 -1.4440000000000008 -6.792999999999998 -1.0114000084400177 -4.502000110626221 0.15279816 0.13979816 -209.2 16.28 46.514345680042936 214.30871273478948 6.532952558076708 15.955047746585308
266.77403893032 -29.76191911897 0.0328 0.0257 11.7557 "" "" 4056827439797363328 2325.3269 0.3913 0.0386 0.335 -1.29 0.04 0.025 0.934 8771.7 3.6719 15.440774 1.532468 16.144897 14.61243 "" "" 2141.83423 2553.70093 12549.81283 5.1605 4758.4 16.424 11329.0 11.962 "" "" 0.0027912564422525937 0.004672135 0.0039494256 0.00862156 266.77403893032 -29.76191911897 2325.3269 0.3350000000000002 -1.2899999999999994 0.7675999915599823 1.0009998893737793 0.14879817 0.13379817 "" "" 13.903565231350628 "" 1.9401123605022905 ""
266.54003172453 -29.6239150711 0.3065 0.2508 4.6493 "" "" 4056878777550668544 3028.74658 0.4245 0.4303 3.206 -2.093 0.387 0.259 9.086 5251.1 4.3253 15.456513 1.866787 16.265242 14.398455 -47.34 9.51 1707.03735 4646.64014 12369.19626 43.786 4259.1 10.919 13797.0 10.013 "" "" 0.004729025610397525 0.003941174 0.0038606485 0.0078018224 266.54003172453 -29.6239150711 3028.74658 3.2060000000000013 -2.0929999999999995 3.6385999915599823 0.19799988937377933 0.49579817 0.36779815 -212.75 19.07 52.313966419649034 219.08745647014155 25.91994520623089 19.52526942535596
266.74551598655 -29.7981156455 0.0342 0.0283 11.3256 "" "" 4056825829193639296 2267.74292 0.4079 0.0423 -0.121 -1.409 0.044 0.028 0.971 7278.4 3.615 15.45758 1.426533 16.10143 14.674898 "" "" 2088.65796 2458.85742 12357.04976 3.863 4952.7 13.785 10695.0 11.423 "" "" 0.0027761472629864634 0.004113065 0.0039532892 0.008066354 266.74551598655 -29.7981156455 2267.74292 -0.121 -1.409 0.3115999915599823 0.8819998893737793 0.15279816 0.13679816 "" "" 10.054969188795038 "" 1.3942688590389758 ""
266.5742349248 -29.52433831578 0.0372 0.0302 10.5288 "" "" 4056892654581127552 2798.90771 0.3179 0.0425 0.236 -0.588 0.045 0.029 0.943 "" "" 15.464087 2.061478 16.504175 14.442698 "" "" 2520.57422 3133.14429 12283.20686 6.9747 3417.8 18.755 13246.0 26.148 "" "" 0.002823450082051659 0.006578895 0.004344808 0.010923702 266.5742349248 -29.52433831578 2798.90771 0.2360000000000002 -0.588 0.6685999915599823 1.7029998893737792 0.15379816 0.13779816 "" "" 24.27224763883216 "" 3.399104484066023 ""
266.62616331121 -29.92213415897 0.034 0.0272 13.7984 "" "" 4056818785447258752 2365.18994 0.3797 0.0372 -1.292 -3.163 0.046 0.026 1.026 4695.1 2.3168 15.473327 2.557735 16.881056 14.323321 -53.9 5.35 2142.65259 2561.66699 12179.12479 4.8672 2415.4 6.9783 14785.0 17.725 "" "" 0.0027892752937583765 0.0041981516 0.0039972467 0.008195398 266.62616331121 -29.92213415897 2365.18994 -1.292 -3.163 -0.8594000084400177 -0.8720001106262205 0.15479816 0.13479817 -219.31 14.91 13.725820338055174 219.7391049493753 1.9902137130004185 14.881402978736686
266.78489258714 -29.63723018083 0.0373 0.0289 12.2933 "" "" 4056875680870258432 2183.68213 0.4071 0.0452 7.068 0.008 0.044 0.029 1.102 4807.7 2.5512 15.474726 2.755818 17.028759 14.272941 47.06 4.52 1986.42224 2414.84717 12163.43961 6.0532 2108.2 10.008 15488.0 14.095 "" "" 0.0028077994251793875 0.0058609424 0.0039064097 0.009767352 266.78489258714 -29.63723018083 2183.68213 7.067999999999993 0.008000000000000139 7.500599991559982 2.2989998893737793 0.15279816 0.13779816 -118.35 14.08 81.20112297296448 143.52820235783105 12.307512022852931 13.53794926597162
266.74493702781 -29.6890905155 0.035 0.0269 9.6481 "" "" 4056875062394884608 2625.87231 0.345 0.0406 -2.341 -3.069 0.044 0.026 1.06 4580.9 2.2673 15.47565 2.483723 16.815884 14.332161 49.4 5.94 2361.20459 2928.98511 12153.09154 5.1371 2564.9 11.901 14665.0 19.194 "" "" 0.0027932803315741123 0.0057588243 0.004037709 0.009796534 266.74493702781 -29.6890905155 2625.87231 -2.341 -3.0690000000000004 -1.908400008440018 -0.7780001106262207 0.15279816 0.13479817 -116.00999999999999 15.5 25.651166746886428 118.81204676074127 3.857029378853348 15.157341657596218
266.59399836642 -29.54109013264 0.0389 0.0308 9.6604 "" "" 4056892379703207680 2468.6582 0.3603 0.046 0.608 -5.619 0.047 0.03 1.106 6382.7 2.5367 15.476079 2.156039 16.585583 14.429543 "" "" 2246.25684 2708.31616 12148.2887 4.6248 3170.9 7.7247 13407.0 13.989 "" "" 0.0027861506085282883 0.0038446065 0.0039455188 0.007790125 266.59399836642 -29.54109013264 2468.6582 0.6079999999999998 -5.619000000000003 1.0405999915599824 -3.3280001106262205 0.15579817 0.13879816 "" "" 40.801686023557835 "" 5.728382677355385 ""
266.73471292733 -29.6239194366 0.0408 0.0302 10.163 "" "" 4056876578527315328 2474.00366 0.3685 0.0515 -0.598 -1.933 0.04 0.029 0.994 7568.4 2.4284 15.476749 2.175591 16.595032 14.419441 "" "" 2193.79712 2834.69092 12140.79539 5.2252 3143.4 12.589 13533.0 14.28 "" "" 0.002794663291692695 0.005166473 0.003949213 0.009115686 266.73471292733 -29.6239194366 2474.00366 -0.5979999999999999 -1.9330000000000005 -0.16540000844001768 0.35799988937377925 0.14879817 0.13779816 "" "" 4.624590856807108 "" 0.646498763100241 ""
266.39059599909 -29.72397501718 0.0355 0.0277 8.961 "" "" 4056883514888768640 2477.70215 0.3603 0.0409 -0.784 -1.848 0.046 0.026 0.967 7761.4 2.5236 15.482544 2.70893 16.997461 14.288531 "" "" 2278.53076 2717.8623 12076.16381 5.4684 2169.9 7.5231 15267.0 14.859 "" "" 0.0027988405840353846 0.004685597 0.0039243326 0.00860993 266.39059599909 -29.72397501718 2477.70215 -0.7839999999999996 -1.848 -0.35140000844001773 0.4429998893737792 0.15479816 0.13479817 "" "" 6.640789629610781 "" 0.9486670157884018 ""
266.73167091797 -29.853408626 0.0346 0.0282 12.8502 "" "" 4056824557883292032 2533.37817 0.3526 0.0435 -1.902 -2.688 0.043 0.028 1.067 "" "" 15.488765 1.926534 16.441078 14.514544 "" "" 2244.00146 2833.98218 12007.18017 3.9572 3622.3 7.8359 12398.0 12.407 "" "" 0.002778457930983595 0.003647118 0.0039324625 0.007579581 266.73167091797 -29.853408626 2533.37817 -1.9019999999999997 -2.688 -1.4694000084400176 -0.39700011062622087 0.15179816 0.13679816 "" "" 18.277530913164863 "" 2.7567086377141967 ""
266.78841440923 -29.81127155013 0.0357 0.0295 13.6514 "" "" 4056825034615577984 2164.20679 0.4013 0.044 -2.224 -2.501 0.045 0.029 0.98 4825.3 2.4874 15.49012 2.900397 17.159975 14.259578 17.89 5.82 1981.68408 2361.00024 11992.20207 5.7513 1868.2 9.3635 15679.0 14.306 "" "" 0.0028040903415082015 0.0061153714 0.0039070616 0.0100224335 266.78841440923 -29.81127155013 2164.20679 -2.224 -2.5009999999999986 -1.791400008440018 -0.2100001106262206 0.15379816 0.13779816 -147.51999999999998 15.380001 18.50262793052003 148.67581390507084 2.841863286065252 15.264533772047903
266.65663180597 -29.50330578769 0.1007 0.0768 12.7956 "" "" 4056881178428528640 2919.41333 0.3366 0.1263 0.573 -5.742 0.113 0.073 2.981 5004.2 4.2411 15.49309 1.705167 16.29452 14.589353 "" "" 2218.77832 4073.90234 11959.43655 7.9658 4145.8 8.1123 11572.0 15.641 "" "" 0.00284864361610916 0.0035069382 0.0040542944 0.007561233 266.65663180597 -29.50330578769 2919.41333 0.573 -5.742000000000001 1.0055999915599823 -3.4510001106262207 0.22179815 0.18179816 "" "" 49.74115043222871 "" 9.214078800144286 ""
266.72073720073 -29.68693084997 0.0386 0.0306 8.4004 "" "" 4056875032339059456 2448.52368 0.3602 0.0441 -1.541 -4.488 0.046 0.029 0.986 "" "" 15.500448 2.321044 16.729652 14.408608 "" "" 2210.87939 2686.25781 11878.65663 6.1479 2776.9 13.236 13668.0 20.248 "" "" 0.0028120378699620155 0.0058793677 0.0041074036 0.009986771 266.72073720073 -29.68693084997 2448.52368 -1.541 -4.488 -1.1084000084400176 -2.197000110626221 0.15479816 0.13779816 "" "" 28.559633921519367 "" 4.03869158172064 ""
266.73861313043 -29.78970743413 0.0391 0.0316 10.7583 "" "" 4056826035352077952 2692.97021 0.3117 0.0493 -1.413 -2.508 0.045 0.031 0.936 7495.5 2.8642 15.505777 3.318787 17.508945 14.190159 -41.08 8.45 2352.75024 3024.0542 11820.49536 6.0041 1354.7 8.9436 16715.0 15.469 "" "" 0.002809969587254247 0.0076918276 0.0039106715 0.011602499 266.73861313043 -29.78970743413 2692.97021 -1.4129999999999994 -2.508 -0.9804000084400177 -0.2170001106262207 0.15379816 0.13979816 -206.49 18.01 12.817372560114915 206.88742141402602 1.9632730128810312 17.975815337353122
266.7779566141 -29.78547087913 0.037 0.0309 12.4641 "" "" 4056825893609091328 2472.00757 0.3492 0.0463 0.187 -1.067 0.047 0.03 1.032 6994.7 3.2098 15.506615 2.694995 17.018509 14.323514 -36.31 5.74 2245.67822 2777.54395 11811.38109 5.291 2128.2 8.3893 14783.0 20.793 "" "" 0.002797916955163329 0.0051091025 0.0040762587 0.009185361 266.7779566141 -29.78547087913 2472.00757 0.18699999999999994 -1.067 0.6195999915599824 1.2239998893737793 0.15579817 0.13879816 -201.72 15.3 16.07485869123232 202.35948083038534 2.289552195841155 15.2527347010226
266.36872520302 -29.68884573045 0.0351 0.0277 10.0003 "" "" 4056883828432251136 2622.65112 0.3348 0.0396 -2.452 -5.918 0.046 0.027 0.972 4973.4 2.6616 15.506653 2.901311 17.179804 14.278493 -5.27 3.75 2365.66675 2891.78931 11810.9684 5.506 1834.4 7.0874 15409.0 10.547 "" "" 0.0028014232470115973 0.0050380435 0.0038517534 0.008889797 266.36872520302 -29.68884573045 2622.65112 -2.452 -5.918000000000003 -2.0194000084400177 -3.627000110626221 0.15479816 0.13579816 -170.68 13.31 51.606053220268194 178.31109648300958 7.252016035712365 12.912103228992665
266.56666468721 -29.6996144744 0.0386 0.0346 0.3368 "" "" 4056877162642908288 2134.20776 0.4248 0.0548 -0.366 -2.049 0.044 0.032 1.0 7825.4 2.2838 15.507813 2.563226 16.910898 14.347672 "" "" 1934.12561 2376.94873 11798.35667 5.6656 2349.9 14.671 14457.0 18.495 "" "" 0.0028042145767983176 0.007330302 0.004026541 0.011356844 266.56666468721 -29.6996144744 2134.20776 -0.36599999999999977 -2.049 0.06659999155998231 0.24199988937377936 0.15279816 0.14079817 "" "" 2.539122220142606 "" 0.3597334571632574 ""
266.74559246486 -29.76969298972 0.0363 0.03 10.5393 "" "" 4056826134127291904 2651.43286 0.3341 0.0442 -0.337 -2.061 0.046 0.03 1.02 8124.2 2.9215 15.524644 2.267501 16.708153 14.440652 "" "" 2376.54199 3023.8103 11616.87053 6.2046 2832.4 11.261 13271.0 16.325 "" "" 0.0028156823234844123 0.0051398934 0.004008433 0.009148326 266.74559246486 -29.76969298972 2651.43286 -0.337 -2.061 0.09559999155998228 0.22999988937377935 0.15479816 0.13879816 "" "" 3.1303467463765653 "" 0.44222118464752713 ""
266.60333271878 -29.91066355687 0.0468 0.0366 12.8734 "" "" 4056818884222150656 2890.30933 0.3091 0.0559 -0.385 -2.96 0.061 0.036 1.405 "" "" 15.537739 1.970013 16.504126 14.534113 "" "" 2496.08862 3403.56665 11477.60838 5.3962 3418.0 10.857 12176.0 20.794 "" "" 0.002802205896570285 0.0044360957 0.004209727 0.008645823 266.60333271878 -29.91066355687 2890.30933 -0.3849999999999997 -2.9599999999999995 0.04759999155998229 -0.6690001106262207 0.16979817 0.14479816 "" "" 9.188516117815016 "" 1.3317365697764803 ""
266.50045448312 -29.63052561376 0.035 0.029 5.1749 "" "" 4056890081904604544 2389.51465 0.3882 0.0444 -0.227 -0.809 0.045 0.029 0.969 7971.4 4.1331 15.542218 1.540124 16.243797 14.703673 "" "" 2123.85352 2718.83179 11430.34846 4.2426 4344.1 8.8838 10416.0 12.494 "" "" 0.002784635043560779 0.003565816 0.003997477 0.007563293 266.50045448312 -29.63052561376 2389.51465 -0.2270000000000001 -0.8090000000000005 0.2055999915599823 1.4819998893737791 0.15379816 0.13779816 "" "" 16.94633575101768 "" 2.340584824963498 ""
