Clusters/BH_245/BH_245_stars_in_region.tsv
# %ECSV 1.0
# ---
# datatype:
# - name: RA_ICRS_1
#   unit: deg
#   datatype: float64
#   format: '{:15.11f}'
#   description: Right ascension (ICRS) at Ep=2016.0 (ra)
#   meta: !!omap
#   - {ucd: POS_EQ_RA_MAIN}
#   - {width: 15}
#   - {precision: '11'}
# - name: DE_ICRS_1
#   unit: deg
#   datatype: float64
#   format: '{:15.11f}'
#   description: Declination (ICRS) at Ep=2016.0 (dec)
#   meta: !!omap
#   - {ucd: POS_EQ_DEC_MAIN}
#   - {width: 15}
#   - {precision: '11'}
# - name: e_RA_ICRS
#   unit: mas
#   datatype: float64
#   format: '{:7.4f}'
#   description: Standard error of right ascension (ra_error)
#   meta: !!omap
#   - {ucd: ERROR}
#   - {width: 7}
#   - {precision: '4'}
# - name: e_DE_ICRS
#   unit: mas
#   datatype: float64
#   format: '{:7.4f}'
#   description: Standard error of declination (dec_error)
#   meta: !!omap
#   - {ucd: ERROR}
#   - {width: 7}
#   - {precision: '4'}
# - name: _r_1
#   unit: ''
#   datatype: float64
#   format: '{:7.4f}'
#   description: Distance from center (266.56020799000-29.69939463000)[ICRS], at Epoch=J2016.0
#   meta: !!omap
#   - {ucd: POS_ANG_DIST_GENERAL}
#   - {width: 7}
#   - {precision: '4'}
# - name: HIP
#   datatype: int32
#   description: '? HIP cross-id number, van Leeuwen, Cat. I/311 (hip_original_ext_source_id)'
#   meta: !!omap
#   - {ucd: ID_NUMBER}
#   - {width: 6}
#   - values: {'null': -2147483648}
# - name: TYC2
#   datatype: string
#   description: Tycho-2 cross-id name, Hog et al., Cat. I/259 (tyc2_original_ext_source_id)
#   meta: !!omap
#   - {ucd: ID_CROSSID}
#   - {_votable_string_dtype: char}
# - name: Source
#   datatype: int64
#   description: Source identifier, identical to the Gaia-EDR3 source_id (id)
#   meta: !!omap
#   - {ucd: ID_MAIN}
#   - {width: 19}
# - name: rgeo
#   unit: pc
#   datatype: float64
#   format: '{:15.8f}'
#   description: '? Median of the geometric distance posterior (r_med_geo)'
#   meta: !!omap
#   - {ucd: PHYS_DISTANCE_TRUE}
#   - {width: 15}
#   - {precision: '8'}
#   - values: {'null': .nan}
# - name: Plx
#   unit: mas
#   datatype: float64
#   format: '{:9.4f}'
#   description: '? Parallax (parallax)'
#   meta: !!omap
#   - {ucd: POS_PARLX_TRIG}
#   - {width: 9}
#   - {precision: '4'}
#   - values: {'null': .nan}
# - name: e_Plx
#   unit: mas
#   datatype: float32
#   format: '{:7.4f}'
#   description: '? Standard error of parallax (parallax_error)'
#   meta: !!omap
#   - {ucd: ERROR}
#   - {width: 7}
#   - {precision: '4'}
#   - values: {'null': .nan}
# - name: pmRA
#   unit: mas / yr
#   datatype: float64
#   format: '{:9.3f}'
#   description: '? Proper motion in right ascension direction, pmRA*cosDE (pmra)'
#   meta: !!omap
#   - {ucd: POS_EQ_PMRA}
#   - {width: 9}
#   - {precision: '3'}
#   - values: {'null': .nan}
# - name: pmDE
#   unit: mas / yr
#   datatype: float64
#   format: '{:9.3f}'
#   description: '? Proper motion in declination direction (pmdec)'
#   meta: !!omap
#   - {ucd: POS_EQ_PMDEC}
#   - {width: 9}
#   - {precision: '3'}
#   - values: {'null': .nan}
# - name: e_pmRA
#   unit: mas / yr
#   datatype: float32
#   format: '{:6.3f}'
#   description: '? Standard error of proper motion in right ascension direction (pmra_error)'
#   meta: !!omap
#   - {ucd: ERROR}
#   - {width: 6}
#   - {precision: '3'}
#   - values: {'null': .nan}
# - name: e_pmDE
[...]
#         value: !astropy.table.SerializedColumn {name: SkyCoord.dec}
#       distance: !astropy.table.SerializedColumn
#         __class__: astropy.coordinates.distances.Distance
#         unit: !astropy.units.Unit {unit: pc}
#         value: !astropy.table.SerializedColumn {name: SkyCoord.distance}
#       frame: icrs
#       obstime: !astropy.time.Time {format: jyear_str, in_subfmt: '*', jd1: 367701545.0, jd2: 0.0, out_subfmt: '*', precision: 3, scale: tt}
#       pm_dec: !astropy.table.SerializedColumn
#         __class__: astropy.units.quantity.Quantity
#         unit: !astropy.units.Unit {unit: mas / yr}
#         value: !astropy.table.SerializedColumn {name: SkyCoord.pm_dec}
#       pm_ra_cosdec: !astropy.table.SerializedColumn
#         __class__: astropy.units.quantity.Quantity
#         unit: !astropy.units.Unit {unit: mas / yr}
#         value: !astropy.table.SerializedColumn {name: SkyCoord.pm_ra_cosdec}
#       ra: !astropy.table.SerializedColumn
#         __class__: astropy.coordinates.angles.Longitude
#         unit: *id001
#         value: !astropy.table.SerializedColumn {name: SkyCoord.ra}
#         wrap_angle: !astropy.coordinates.Angle
#           unit: *id001
#           value: 360.0
#       representation_type: spherical
# schema: astropy-2.0
RA_ICRS_1 DE_ICRS_1 e_RA_ICRS e_DE_ICRS _r_1 HIP TYC2 Source rgeo Plx e_Plx pmRA pmDE e_pmRA e_pmDE RUWE Teff logg Gmag BP-RP BPmag RPmag RV e_RV b_rgeo B_rgeo FG e_FG FBP e_FBP FRP e_FRP RAVE5 RAVE6 e_Gmag e_BPmag e_RPmag e_BP-RP SkyCoord.ra SkyCoord.dec SkyCoord.distance SkyCoord.pm_ra_cosdec SkyCoord.pm_dec rmRA rmDE e_rmRA e_rmDE rRV e_rRV v_pec v_pec3d e_vpec e_vpec3d
[from data line 369]
266.34138586502 -29.74074997064 0.0501 0.04 11.6691 "" "" 4056882106139472896 2306.37671 0.3981 0.0553 2.816 -1.409 0.064 0.039 1.05 7426.3 3.4152 16.245169 3.093262 18.072182 14.97892 "" "" 2059.57837 2872.36304 5982.45688 3.2418 806.39 6.9307 8083.3 9.4164 "" "" 0.002817434556504242 0.009739808 0.0039854026 0.01372521 266.34138586502 -29.74074997064 2306.37671 2.816 -1.4089999999999996 3.248599991559982 0.8819998893737793 0.17279816 0.14779817 "" "" 36.8000956192687 "" 6.300124750469308 ""
266.53352800059 -29.6756487146 0.0482 0.0404 1.991 "" "" 4056877987276661632 2372.66943 0.3802 0.0615 -0.349 -2.204 0.062 0.04 0.967 "" "" 16.24816 2.554046 17.641241 15.087195 "" "" 2102.86914 2750.52002 5965.99356 3.1753 1199.3 10.874 7316.1 15.162 "" "" 0.0028152650274771082 0.010232092 0.0043984842 0.014630577 266.53352800059 -29.6756487146 2372.66943 -0.34899999999999975 -2.204 0.08359999155998232 0.08699988937377912 0.17079815 0.14879817 "" "" 1.356955260969079 "" 0.21675797876453315 ""
266.62260485077 -29.71330283658 0.0543 0.0452 3.3572 "" "" 4056874065962430976 3091.3689 0.3042 0.0735 1.058 -1.947 0.06 0.043 0.937 "" "" 16.250813 1.56646 16.956802 15.390343 "" "" 2513.52686 3976.53784 5951.43833 3.1471 2252.7 15.397 5533.8 12.151 "" "" 0.0028145014999480986 0.00792811 0.004468485 0.0123965945 266.62260485077 -29.71330283658 3091.3689 1.058 -1.9470000000000007 1.4905999915599824 0.34399988937377923 0.16879816 0.15179816 "" "" 22.415989454423123 "" 3.765434408942 ""
266.38825705876 -29.72815773897 0.0511 0.0405 9.1252 "" "" 4056883514888763392 2946.92358 0.3264 0.0607 -0.026 -1.103 0.063 0.039 1.096 "" "" 16.25605 2.258147 17.434914 15.176766 "" "" 2422.67627 3685.53076 5922.79846 2.8763 1450.3 6.4367 6736.8 9.2263 "" "" 0.00280531658252918 0.005568204 0.004061375 0.009629579 266.38825705876 -29.72815773897 2946.92358 -0.025999999999999985 -1.1029999999999993 0.4065999915599823 1.1879998893737793 0.17179817 0.14779817 "" "" 17.539501439783404 "" 2.639597577964612 ""
266.74977538684 -29.59457240762 0.0552 0.044 11.7162 "" "" 4056876715966280320 2525.33301 0.3968 0.0671 0.625 -4.866 0.058 0.041 1.035 6908.6 4.0888 16.257195 2.024147 17.282955 15.258808 "" "" 2138.27197 3119.37329 5916.55465 3.0576 1668.1 8.6242 6246.5 11.805 "" "" 0.0028118706540059784 0.0062685395 0.0043004616 0.010569001 266.74977538684 -29.59457240762 2525.33301 0.6249999999999998 -4.866 1.0575999915599823 -2.5750001106262204 0.16679816 0.14979815 "" "" 33.321446319773976 "" 5.077159542581422 ""
266.58099500621 -29.79231771184 0.0491 0.0425 5.6796 "" "" 4056867713714795264 3019.95166 0.3086 0.0638 -2.641 -4.746 0.061 0.04 0.991 6932.6 4.0225 16.257664 1.703675 17.065266 15.36159 "" "" 2556.80981 3799.06177 5913.99766 2.6051 2038.5 8.1159 5682.3 11.392 "" "" 0.00279652028299632 0.0051449365 0.004361397 0.009506334 266.58099500621 -29.79231771184 3019.95166 -2.6409999999999996 -4.746 -2.2084000084400177 -2.455000110626221 0.16979817 0.14879817 "" "" 47.268560037525546 "" 7.493721476613872 ""
266.78939233507 -29.7986935423 0.0504 0.0394 13.3428 "" "" 4056825141998847488 2287.4231 0.4 0.0597 0.159 -1.9 0.062 0.038 1.069 8396.2 3.2052 16.258198 2.504068 17.615997 15.111929 "" "" 2080.18164 2619.34839 5911.0934 6.5562 1227.5 10.578 7151.3 22.374 "" "" 0.0030069842234956125 0.009763518 0.005081601 0.01484512 266.78939233507 -29.7986935423 2287.4231 0.15899999999999992 -1.9000000000000008 0.5915999915599823 0.3909998893737794 0.17079815 0.14679816 "" "" 7.68870750929298 "" 1.2599796844326507 ""
266.46941570424 -29.58197662935 0.0526 0.0416 8.4883 "" "" 4056891280189812352 2698.62231 0.3953 0.0663 -0.01 -0.882 0.068 0.041 0.991 9248.3 3.7673 16.260994 1.848296 17.155928 15.307631 "" "" 2288.63354 3753.25317 5895.88812 3.0169 1875.2 8.1015 5971.8 11.245 "" "" 0.0028107727519901234 0.005457854 0.0042969226 0.009754777 266.46941570424 -29.58197662935 2698.62231 -0.010000000000000002 -0.882 0.4225999915599823 1.4089998893737792 0.17679816 0.14979815 "" "" 18.816384355316895 "" 2.864004001082776 ""
266.82335771314 -29.72632500918 0.0542 0.0407 13.8079 "" "" 4056827993857159808 2264.70581 0.41 0.0661 0.335 -1.209 0.065 0.039 1.017 7929.6 2.5512 16.262705 3.449753 18.366995 14.917242 "" "" 1925.45752 2725.52539 5886.60728 3.6551 614.64 7.4965 8555.8 12.038 "" "" 0.0028365951016207655 0.013533012 0.004076442 0.017609455 266.82335771314 -29.72632500918 2264.70581 0.33500000000000024 -1.209 0.7675999915599823 1.0819998893737792 0.17379816 0.14779817 "" "" 14.240927186730158 "" 2.235583039581663 ""
266.78139464034 -29.63233567783 0.0511 0.0399 12.2135 "" "" 4056875680870264960 2121.23438 0.4555 0.0616 0.88 -1.441 0.059 0.039 1.023 9017.9 4.2452 16.26491 1.667703 17.055552 15.387849 "" "" 1912.34265 2404.17334 5874.65881 3.2437 2056.8 11.059 5546.5 11.517 "" "" 0.0028197833819047498 0.0064703003 0.004400723 0.010871023 266.78139464034 -29.63233567783 2121.23438 0.8800000000000003 -1.441000000000001 1.3125999915599822 0.8499998893737792 0.16779816 0.14779817 "" "" 15.72329635485139 "" 2.549471407320033 ""
266.64082118523 -29.87854044147 0.1267 0.115 11.5393 "" "" 4056819403914801792 2501.83838 0.3841 0.1094 -1.648 -10.492 0.156 0.124 1.593 "" "" 16.265717 "" "" "" "" "" 1996.78137 3336.40405 5870.29947 11.729 "" "" "" "" "" "" 0.0035068175058105707 "" "" "" 266.64082118523 -29.87854044147 2501.83838 -1.648 -10.492 -1.2154000084400176 -8.201000110626222 0.26479816 0.23279816 "" "" 98.31553296827012 "" 22.959823242170277 ""
266.77316314101 -29.81971985006 0.053 0.0427 13.2347 "" "" 4056825000255821440 2157.12573 0.4478 0.0625 -0.021 -0.08 0.064 0.041 1.018 8015.9 4.2634 16.26931 1.796512 17.141836 15.345325 "" "" 1918.54919 2421.01758 5850.90469 2.7587 1899.7 9.3968 5768.0 11.309 "" "" 0.002802473171210127 0.0060521006 0.0043376577 0.010389758 266.77316314101 -29.81971985006 2157.12573 -0.020999999999999998 -0.08000000000000006 0.4115999915599823 2.2109998893737792 0.17279816 0.14979815 "" "" 22.99537124911291 "" 3.4636868402830925 ""
266.62071636557 -29.50555495114 0.0531 0.0404 12.0511 "" "" 4056892830683688064 2184.65088 0.4293 0.0659 -0.379 -2.263 0.061 0.038 0.893 9024.1 3.5066 16.270824 2.625925 17.723806 15.097881 "" "" 1913.0929 2482.43628 5842.74957 4.5473 1111.5 10.059 7244.5 18.674 "" "" 0.0028819832071080406 0.010214311 0.004702801 0.014917112 266.62071636557 -29.50555495114 2184.65088 -0.3789999999999997 -2.2629999999999995 0.053599991559982296 0.027999889373779396 0.16979817 0.14679816 "" "" 0.626210101706916 "" 0.10341065020845043 ""
266.6639500477 -29.75685692174 0.049 0.0381 6.4113 "" "" 4056872966450715392 2605.96313 0.3929 0.0626 0.263 -0.584 0.063 0.038 1.03 "" "" 16.276178 1.81187 17.154596 15.342727 "" "" 2137.05176 3495.97119 5814.00211 2.7264 1877.5 11.565 5781.9 7.8661 "" "" 0.002801966217148374 0.007246592 0.004057781 0.011304373 266.6639500477 -29.75685692174 2605.96313 0.263 -0.5840000000000001 0.6955999915599823 1.7069998893737792 0.17179817 0.14679816 "" "" 22.76877330185916 "" 3.429249717210275 ""
266.53696375018 -29.72977957077 0.0547 0.0497 2.1888 "" "" 4056871214104116736 2143.08545 0.4482 0.0738 0.514 -0.457 0.066 0.045 0.923 7976.1 4.2166 16.278942 1.708688 17.09529 15.386601 "" "" 1886.29871 2473.3374 5799.22683 2.8308 1982.9 8.7649 5552.9 8.9225 "" "" 0.0028058284500865264 0.005551355 0.004162606 0.009713961 266.53696375018 -29.72977957077 2143.08545 0.514 -0.4570000000000001 0.9465999915599823 1.8339998893737792 0.17479816 0.15379816 "" "" 20.965373437540915 "" 3.3219017087319744 ""
266.61865317964 -29.79403399693 0.0495 0.0395 6.4431 "" "" 4056866923440793344 2704.75488 0.3475 0.0593 0.336 -0.084 0.066 0.039 1.032 7973.7 4.1696 16.279274 1.865526 17.194654 15.329128 "" "" 2419.7334 3309.16943 5797.45263 2.6453 1809.5 8.7314 5854.7 10.963 "" "" 0.002799503053940618 0.0059356815 0.004291508 0.010227189 266.61865317964 -29.79403399693 2704.75488 0.336 -0.08400000000000002 0.7685999915599824 2.2069998893737792 0.17479816 0.14779817 "" "" 29.961667444478813 "" 4.522764446991676 ""
266.728691621 -29.85573863699 0.049 0.0395 12.8446 "" "" 4056824450499917824 2830.42407 0.3214 0.0606 0.854 -0.321 0.062 0.039 1.075 "" "" 16.280594 1.712358 17.093729 15.381371 "" "" 2364.40356 3439.68188 5790.41136 2.7747 1985.8 9.8063 5579.7 11.893 "" "" 0.0028040101514852857 0.00604415 0.00443163 0.01047578 266.728691621 -29.85573863699 2830.42407 0.854 -0.32099999999999995 1.2865999915599824 1.9699998893737793 0.17079815 0.14779817 "" "" 31.567287797215542 "" 4.893977202258532 ""
266.65503424626 -29.5816620335 0.0589 0.0455 8.6228 "" "" 4056879563520758016 2295.05786 0.4345 0.071 1.462 1.175 0.062 0.043 0.992 8484.7 4.4079 16.282383 1.70377 17.099607 15.395838 "" "" 1954.47681 2618.09106 5780.87595 2.7373 1975.0 9.7705 5505.8 11.013 "" "" 0.002802872605098356 0.0060527017 0.004358924 0.010411626 266.65503424626 -29.5816620335 2295.05786 1.462 1.1750000000000003 1.8945999915599823 3.465999889373779 0.17079815 0.15179816 "" "" 42.97059464320465 "" 6.719476992681894 ""
266.47859458259 -29.75397324841 0.0555 0.0439 5.3672 "" "" 4056870767425792896 2347.4021 0.3887 0.0666 -1.757 -8.464 0.066 0.041 1.016 4756.4 3.482 16.286446 2.259387 17.4797 15.220313 "" "" 2074.20898 2710.69092 5759.28829 2.9789 1391.7 7.0886 6471.9 14.607 "" "" 0.0028119674909330675 0.006194185 0.004504292 0.010698477 266.47859458259 -29.75397324841 2347.4021 -1.757000000000001 -8.464 -1.3244000084400176 -6.173000110626221 0.17479816 0.14979815 "" "" 70.2480528742687 "" 10.606428569718824 ""
266.52492704032 -29.56083241172 0.055 0.0456 8.5149 "" "" 4056891009610317824 2335.45239 0.4033 0.0675 1.49 -0.467 0.071 0.045 1.024 7857.4 4.0758 16.290113 1.906475 17.235468 15.328993 "" "" 2025.71716 2784.55176 5739.86242 2.974 1742.7 8.4812 5855.5 9.456 "" "" 0.002812162117893106 0.0059753843 0.0041662874 0.010141672 266.52492704032 -29.56083241172 2335.45239 1.49 -0.46699999999999997 1.9225999915599823 1.8239998893737792 0.17979816 0.15379816 "" "" 29.337426895153985 "" 4.9282275893307315 ""
266.52493474791 -29.73514481566 0.0629 0.0566 2.8248 "" "" 4056871214104115584 2164.43921 0.456 0.0765 -1.894 -4.284 0.074 0.053 0.952 7964.4 4.0626 16.294228 1.928744 17.25206 15.323316 "" "" 1847.28857 2582.41553 5718.15436 3.011 1716.3 8.665 5886.2 7.9858 "" "" 0.0028140090283650387 0.0061507663 0.004056292 0.010207059 266.52493474791 -29.73514481566 2164.43921 -1.8940000000000008 -4.283999999999999 -1.4614000084400176 -1.9930001106262205 0.18279816 0.16179816 "" "" 25.35502159232171 "" 4.296089254297833 ""
266.74203952443 -29.80998301551 0.0522 0.0425 11.5645 "" "" 4056825794826100608 2222.95386 0.4366 0.0643 0.989 -1.307 0.067 0.043 1.033 5387.8 4.217 16.29583 1.701112 17.050175 15.349063 "" "" 1968.14685 2506.19531 5709.72162 3.2986 2067.0 15.017 5748.2 29.292 "" "" 0.0028258147433102105 0.008366937 0.006700381 0.015067318 266.74203952443 -29.80998301551 2222.95386 0.989 -1.307 1.4215999915599822 0.9839998893737794 0.17579816 0.15179816 "" "" 18.217402144788913 "" 3.0677938109738463 ""
266.49319055145 -29.54299801883 0.0528 0.0427 10.0137 "" "" 4056891726866449408 2242.94946 0.4402 0.066 -0.134 -1.758 0.068 0.042 1.01 8956.1 4.2469 16.296734 1.678824 17.092852 15.414028 "" "" 1919.13953 2715.16284 5704.96867 2.7679 1987.4 8.6182 5414.4 11.679 "" "" 0.002805223086639457 0.005472867 0.004446179 0.0099190455 266.49319055145 -29.54299801883 2242.94946 -0.13399999999999992 -1.7580000000000007 0.2985999915599823 0.5329998893737793 0.17679816 0.15079816 "" "" 6.495285192219178 "" 1.0223575075713842 ""
266.4269635623 -29.76348128751 0.0486 0.0383 7.936 "" "" 4056871424566633984 2397.74268 0.3926 0.0569 -1.466 -3.922 0.063 0.037 0.978 "" "" 16.29737 2.214145 17.441858 15.227714 "" "" 2138.73584 2714.93433 5701.61703 3.5005 1441.0 12.677 6428.0 11.656 "" "" 0.0028348062716644106 0.009950799 0.004261436 0.014212235 266.4269635623 -29.76348128751 2397.74268 -1.4659999999999989 -3.9220000000000006 -1.0334000084400177 -1.6310001106262209 0.17179817 0.14579816 "" "" 21.944381699778486 "" 3.372765404746246 ""
266.63103210296 -29.81865673239 0.0486 0.0398 8.0507 "" "" 4056866648562864128 2501.65796 0.3771 0.0589 0.546 -2.389 0.062 0.038 1.029 8930.2 4.2271 16.297718 1.979325 17.29363 15.314305 "" "" 2127.74609 2920.2168 5699.80237 2.53 1651.8 7.604 5935.2 9.3673 "" "" 0.0027971498112104513 0.005724204 0.004149707 0.009873911 266.63103210296 -29.81865673239 2501.65796 0.5460000000000002 -2.389000000000002 0.9785999915599823 -0.0980001106262205 0.17079815 0.14679816 "" "" 11.662142060099216 "" 1.9892868315621846 ""
266.39069831253 -29.58601166883 0.05 0.0417 11.1543 "" "" 4056885576473240192 2188.63623 0.4555 0.062 0.013 -3.448 0.066 0.04 0.974 7651.6 3.8872 16.298592 1.754619 17.146967 15.392348 "" "" 1918.79968 2573.55566 5695.21503 2.7336 1890.7 8.8773 5523.6 9.2469 "" "" 0.002804170053877534 0.005811419 0.004193733 0.010005152 266.39069831253 -29.58601166883 2188.63623 0.013000000000000012 -3.448 0.4455999915599823 -1.1570001106262207 0.17479816 0.14879817 "" "" 12.862290963793253 "" 1.960293171720819 ""
266.48701206051 -29.67452017589 0.0549 0.048 4.0968 "" "" 4056872420999067136 2273.97607 0.4145 0.0784 -0.207 -0.722 0.076 0.044 0.943 "" "" 16.29965 1.755221 17.132772 15.377551 "" "" 1896.18188 2722.25171 5689.66705 3.0256 1915.6 9.9248 5599.4 10.214 "" "" 0.002815162060663829 0.0062792036 0.0042668697 0.010546073 266.48701206051 -29.67452017589 2273.97607 -0.207 -0.722 0.2255999915599823 1.5689998893737793 0.18479815 0.15279816 "" "" 17.085620272120828 "" 2.6228570147984986 ""
266.72442350025 -29.51709289416 0.0511 0.0406 13.8933 "" "" 4057255463391582336 2223.0896 0.4207 0.0607 -0.243 -1.964 0.06 0.039 0.983 8389.2 3.3588 16.303747 2.308773 17.52603 15.217257 "" "" 1973.06067 2586.05225 5668.23902 2.8383 1333.5 10.474 6490.2 20.323 "" "" 0.002808445339913212 0.008972776 0.0050835423 0.014056318 266.72442350025 -29.51709289416 2223.0896 -0.24299999999999997 -1.964 0.1895999915599823 0.32699988937377933 0.16879816 0.14779817 "" "" 3.9830577051127993 "" 0.6108130236293531 ""
266.7299379995 -29.53848574774 0.06 0.0477 13.0991 "" "" 4057255355980303744 2435.4624 0.3969 0.0762 -1.089 1.791 0.064 0.045 1.024 7051.2 4.1929 16.30397 1.671475 17.09647 15.424994 "" "" 2082.55225 3071.72852 5667.07488 2.9113 1980.7 12.299 5359.9 10.47 "" "" 0.0028112084074119344 0.007296357 0.0043338 0.011630157 266.7299379995 -29.53848574774 2435.4624 -1.0890000000000006 1.791 -0.6564000084400177 4.08199988937378 0.17279816 0.15379816 "" "" 47.72834077771142 "" 7.364760817987607 ""
266.56809454563 -29.91711202245 0.048 0.0354 13.0695 "" "" 4056864376515726976 2915.77173 0.3023 0.0546 -0.838 -0.092 0.061 0.034 0.982 8603.1 3.8229 16.306923 1.792378 17.173216 15.380837 "" "" 2590.89136 3318.42456 5651.67767 2.5098 1845.6 6.971 5582.4 10.24 "" "" 0.0027971882590920347 0.004960104 0.0042720274 0.009232132 266.56809454563 -29.91711202245 2915.77173 -0.838 -0.092 -0.40540000844001767 2.198999889373779 0.16979817 0.14279816 "" "" 30.903998879880227 "" 4.4429526938216775 ""
266.56146383813 -29.47624720084 0.0573 0.0455 13.389 "" "" 4056893513574621440 2380.0957 0.4154 0.0646 0.195 -0.96 0.067 0.043 0.955 9331.3 4.1599 16.307648 1.610042 17.0578 15.447759 "" "" 2090.15039 2729.32251 5647.90884 2.6582 2052.6 11.408 5248.7 10.378 "" "" 0.0028023052059224104 0.006648177 0.0043465346 0.010994712 266.56146383813 -29.47624720084 2380.0957 0.19499999999999998 -0.9600000000000004 0.6275999915599824 1.3309998893737793 0.17579816 0.15179816 "" "" 16.601452417036814 "" 2.5970950161702393 ""
