Clusters/BH_245/BH_245_stars_in_region.tsv
# %ECSV 1.0
# ---
# datatype:
# - name: RA_ICRS_1
#   unit: deg
#   datatype: float64
#   format: '{:15.11f}'
#   description: Right ascension (ICRS) at Ep=2016.0 (ra)
#   meta: !!omap
#   - {ucd: POS_EQ_RA_MAIN}
#   - {width: 15}
#   - {precision: '11'}
# - name: DE_ICRS_1
#   unit: deg
#   datatype: float64
#   format: '{:15.11f}'
#   description: Declination (ICRS) at Ep=2016.0 (dec)
#   meta: !!omap
#   - {ucd: POS_EQ_DEC_MAIN}
#   - {width: 15}
#   - {precision: '11'}
# - name: e_RA_ICRS
#   unit: mas
#   datatype: float64
#   format: '{:7.4f}'
#   description: Standard error of right ascension (ra_error)
#   meta: !!omap
#   - {ucd: ERROR}
#   - {width: 7}
#   - {precision: '4'}
# - name: e_DE_ICRS
#   unit: mas
#   datatype: float64
#   format: '{:7.4f}'
#   description: Standard error of declination (dec_error)
#   meta: !!omap
#   - {ucd: ERROR}
#   - {width: 7}
#   - {precision: '4'}
# - name: _r_1
#   unit: ''
#   datatype: float64
#   format: '{:7.4f}'
#   description: Distance from center (266.56020799000-29.69939463000)[ICRS], at Epoch=J2016.0
#   meta: !!omap
#   - {ucd: POS_ANG_DIST_GENERAL}
#   - {width: 7}
#   - {precision: '4'}
# - name: HIP
#   datatype: int32
#   description: '? HIP cross-id number, van Leeuwen, Cat. I/311 (hip_original_ext_source_id)'
#   meta: !!omap
#   - {ucd: ID_NUMBER}
#   - {width: 6}
#   - values: {'null': -2147483648}
# - name: TYC2
#   datatype: string
#   description: Tycho-2 cross-id name, Hog et al., Cat. I/259 (tyc2_original_ext_source_id)
#   meta: !!omap
#   - {ucd: ID_CROSSID}
#   - {_votable_string_dtype: char}
# - name: Source
#   datatype: int64
#   description: Source identifier, identical to the Gaia-EDR3 source_id (id)
#   meta: !!omap
#   - {ucd: ID_MAIN}
#   - {width: 19}
# - name: rgeo
#   unit: pc
#   datatype: float64
#   format: '{:15.8f}'
#   description: '? Median of the geometric distance posterior (r_med_geo)'
#   meta: !!omap
#   - {ucd: PHYS_DISTANCE_TRUE}
#   - {width: 15}
#   - {precision: '8'}
#   - values: {'null': .nan}
# - name: Plx
#   unit: mas
#   datatype: float64
#   format: '{:9.4f}'
#   description: '? Parallax (parallax)'
#   meta: !!omap
#   - {ucd: POS_PARLX_TRIG}
#   - {width: 9}
#   - {precision: '4'}
#   - values: {'null': .nan}
# - name: e_Plx
#   unit: mas
#   datatype: float32
#   format: '{:7.4f}'
#   description: '? Standard error of parallax (parallax_error)'
#   meta: !!omap
#   - {ucd: ERROR}
#   - {width: 7}
#   - {precision: '4'}
#   - values: {'null': .nan}
# - name: pmRA
#   unit: mas / yr
#   datatype: float64
#   format: '{:9.3f}'
#   description: '? Proper motion in right ascension direction, pmRA*cosDE (pmra)'
#   meta: !!omap
#   - {ucd: POS_EQ_PMRA}
#   - {width: 9}
#   - {precision: '3'}
#   - values: {'null': .nan}
# - name: pmDE
#   unit: mas / yr
#   datatype: float64
#   format: '{:9.3f}'
#   description: '? Proper motion in declination direction (pmdec)'
#   meta: !!omap
#   - {ucd: POS_EQ_PMDEC}
#   - {width: 9}
#   - {precision: '3'}
#   - values: {'null': .nan}
# - name: e_pmRA
#   unit: mas / yr
#   datatype: float32
#   format: '{:6.3f}'
#   description: '? Standard error of proper motion in right ascension direction (pmra_error)'
#   meta: !!omap
#   - {ucd: ERROR}
#   - {width: 6}
#   - {precision: '3'}
#   - values: {'null': .nan}
# - name: e_pmDE
[...]
#         value: !astropy.table.SerializedColumn {name: SkyCoord.dec}
#       distance: !astropy.table.SerializedColumn
#         __class__: astropy.coordinates.distances.Distance
#         unit: !astropy.units.Unit {unit: pc}
#         value: !astropy.table.SerializedColumn {name: SkyCoord.distance}
#       frame: icrs
#       obstime: !astropy.time.Time {format: jyear_str, in_subfmt: '*', jd1: 367701545.0, jd2: 0.0, out_subfmt: '*', precision: 3, scale: tt}
#       pm_dec: !astropy.table.SerializedColumn
#         __class__: astropy.units.quantity.Quantity
#         unit: !astropy.units.Unit {unit: mas / yr}
#         value: !astropy.table.SerializedColumn {name: SkyCoord.pm_dec}
#       pm_ra_cosdec: !astropy.table.SerializedColumn
#         __class__: astropy.units.quantity.Quantity
#         unit: !astropy.units.Unit {unit: mas / yr}
#         value: !astropy.table.SerializedColumn {name: SkyCoord.pm_ra_cosdec}
#       ra: !astropy.table.SerializedColumn
#         __class__: astropy.coordinates.angles.Longitude
#         unit: *id001
#         value: !astropy.table.SerializedColumn {name: SkyCoord.ra}
#         wrap_angle: !astropy.coordinates.Angle
#           unit: *id001
#           value: 360.0
#       representation_type: spherical
# schema: astropy-2.0
RA_ICRS_1 DE_ICRS_1 e_RA_ICRS e_DE_ICRS _r_1 HIP TYC2 Source rgeo Plx e_Plx pmRA pmDE e_pmRA e_pmDE RUWE Teff logg Gmag BP-RP BPmag RPmag RV e_RV b_rgeo B_rgeo FG e_FG FBP e_FBP FRP e_FRP RAVE5 RAVE6 e_Gmag e_BPmag e_RPmag e_BP-RP SkyCoord.ra SkyCoord.dec SkyCoord.distance SkyCoord.pm_ra_cosdec SkyCoord.pm_dec rmRA rmDE e_rmRA e_rmDE rRV e_rRV v_pec v_pec3d e_vpec e_vpec3d
[from data line 689]
266.80345862477 -29.71970326672 0.0712 0.0548 12.7349 "" "" 4056827822050747392 2426.40625 0.3885 0.0907 -1.585 -8.016 0.086 0.054 0.951 6012.1 4.4635 16.968002 1.693985 17.773674 16.079689 "" "" 2079.23706 2978.55029 3074.29502 1.9889 1061.6 6.4506 2932.8 8.9353 "" "" 0.0028434435924183004 0.0071630212 0.005022535 0.012185557 266.80345862477 -29.71970326672 2426.40625 -1.585 -8.016 -1.1524000084400177 -5.725000110626221 0.19479817 0.16279817 "" "" 67.16488909417122 "" 11.025857948570884 ""
266.4672142967 -29.52834959139 0.0746 0.0601 11.3513 "" "" 4056892006042849792 2346.604 0.3975 0.094 -2.561 -4.597 0.096 0.059 1.02 9302.1 3.9971 16.968563 2.386267 18.180843 15.794577 "" "" 1926.15686 2926.83618 3072.71132 2.1472 729.59 10.331 3813.5 32.836 "" "" 0.0028578712924008623 0.015625168 0.010083737 0.025708904 266.4672142967 -29.52834959139 2346.604 -2.561 -4.597 -2.1284000084400176 -2.306000110626221 0.20479816 0.16779816 "" "" 34.90487304192415 "" 6.4831045001446075 ""
266.62223984377 -29.49976460779 0.0769 0.0644 12.4073 "" "" 4056892899403167872 2785.51855 0.3634 0.0972 -2.094 -1.249 0.09 0.061 0.99 4754.4 4.3335 16.969772 1.790611 17.82825 16.03764 "" "" 2189.18506 3353.47583 3069.28702 2.2616 1009.5 15.159 3048.6 11.897 "" "" 0.0028691159848085613 0.016540814 0.005677687 0.022218501 266.62223984377 -29.49976460779 2785.51855 -2.093999999999999 -1.249 -1.6614000084400176 1.0419998893737792 0.19879816 0.16979817 "" "" 25.893443702912194 "" 4.947140670258267 ""
266.42584894587 -29.71602286143 0.0733 0.0563 7.0727 "" "" 4056871836883519488 2757.79346 0.351 0.0811 1.907 -4.073 0.094 0.055 1.007 4802.2 3.5256 16.97019 2.793344 18.572529 15.779185 "" "" 2239.53247 3659.51489 3068.11118 2.6328 508.63 5.3427 3868.0 8.8947 "" "" 0.002908579426226889 0.011741029 0.004529604 0.016270634 266.42584894587 -29.71602286143 2757.79346 1.907000000000001 -4.073000000000002 2.3395999915599823 -1.782000110626221 0.20279816 0.16379815 "" "" 38.44407070165128 "" 7.2818727811678094 ""
266.53543047545 -29.67737937151 0.0709 0.0594 1.8474 "" "" 4056877987276659200 3131.10913 0.3199 0.0877 -2.63 -0.683 0.093 0.06 1.012 4855.3 4.3654 16.97309 2.038315 17.991392 15.953077 "" "" 2432.09253 4419.68262 3059.92756 2.1181 868.68 8.2165 3295.5 12.679 "" "" 0.0028559799136623695 0.010641837 0.0056332005 0.016275037 266.53543047545 -29.67737937151 3131.10913 -2.6300000000000017 -0.683 -2.1974000084400176 1.6079998893737792 0.20179817 0.16879816 "" "" 40.41192946647864 "" 7.7161900881386485 ""
266.82091479937 -29.69868052181 0.0727 0.0541 13.5877 "" "" 4056828230071468416 2331.97095 0.4155 0.0874 -0.849 0.774 0.086 0.052 0.971 4900.7 4.3383 16.973356 1.742521 17.817549 16.075027 "" "" 1972.35681 2722.94116 3059.17584 2.0802 1019.5 7.5311 2945.4 9.3136 "" "" 0.0028525175508585365 0.008491861 0.005105929 0.01359779 266.82091479937 -29.69868052181 2331.97095 -0.8490000000000004 0.7740000000000006 -0.4164000084400177 3.0649998893737793 0.19479817 0.16079816 "" "" 34.190329353114194 "" 5.52098710772865 ""
266.63284609583 -29.75055769384 0.0731 0.0604 4.8732 "" "" 4056873688005234432 2383.04126 0.447 0.0894 -3.168 -6.185 0.088 0.057 1.002 4809.9 4.2984 16.97785 1.900276 17.924858 16.024582 "" "" 1967.92773 2959.44702 3046.53938 1.9379 923.58 7.3096 3085.5 8.4057 "" "" 0.0028405574615142063 0.009034612 0.0047992147 0.013833826 266.63284609583 -29.75055769384 2383.04126 -3.168 -6.184999999999999 -2.735400008440018 -3.8940001106262203 0.19679816 0.16579816 "" "" 53.752949489797416 "" 9.49512495582766 ""
266.54102623072 -29.70403521378 0.0761 0.0682 1.0377 "" "" 4056877197002657920 2290.04614 0.436 0.0986 0.302 -1.622 0.093 0.066 1.006 "" "" 16.978542 1.875395 17.902205 16.02681 "" "" 1859.32141 3049.51489 3044.59812 2.119 943.05 9.9109 3079.2 9.8637 "" "" 0.002857062899571264 0.011746632 0.005136149 0.016882781 266.54102623072 -29.70403521378 2290.04614 0.30200000000000043 -1.622 0.7345999915599823 0.6689998893737792 0.20179817 0.17479816 "" "" 10.785113195709826 "" 2.0495302421110146 ""
266.51035163252 -29.4832079949 0.0758 0.0611 13.2294 "" "" 4056893651011847680 2470.19067 0.4036 0.0859 1.694 -0.833 0.094 0.059 1.013 7107.2 4.3309 16.979212 1.773266 17.839783 16.066517 "" "" 2091.35522 2985.16504 3042.72114 2.1743 998.86 7.0329 2968.6 11.319 "" "" 0.002862471535154834 0.008137861 0.0056055128 0.0137433745 266.51035163252 -29.4832079949 2470.19067 1.694 -0.833 2.1265999915599823 1.4579998893737793 0.20279816 0.16779816 "" "" 30.18982317555601 "" 5.805531127030785 ""
266.7298030882 -29.60834470988 0.0872 0.0664 10.3944 "" "" 4056876677302707072 2280.72461 0.4633 0.1048 -0.731 -6.891 0.086 0.062 0.941 4934.9 4.3502 16.979578 1.880651 17.911287 16.030636 "" "" 1874.37964 2910.85278 3041.69333 2.153 935.19 8.7003 3068.3 12.802 "" "" 0.0028604905594507356 0.01047915 0.0058995932 0.016378744 266.7298030882 -29.60834470988 2280.72461 -0.731 -6.891 -0.2984000084400177 -4.600000110626221 0.19479817 0.17079815 "" "" 49.83344190371421 "" 8.516822014263056 ""
266.61271576909 -29.81481323022 0.0792 0.0621 7.4456 "" "" 4056866816057431552 2847.02222 0.4139 0.0928 -1.233 -2.608 0.104 0.06 1.071 "" "" 16.982437 2.63918 18.440496 15.801316 "" "" 2135.40039 4708.70117 3033.69419 2.4575 574.4 6.638 3789.9 9.4364 "" "" 0.0028922907830685463 0.012853695 0.004646703 0.017500399 266.61271576909 -29.81481323022 2847.02222 -1.233 -2.608000000000001 -0.8004000084400178 -0.3170001106262208 0.21279816 0.16879816 "" "" 11.617593418943981 "" 2.40925708572424 ""
266.64214977444 -29.76302788553 0.0863 0.0717 5.7275 "" "" 4056872936387403392 2343.68726 0.4844 0.0985 -0.754 0.016 0.111 0.071 1.05 4862.2 4.558 16.984512 1.73347 17.72647 15.993001 "" "" 1862.1637 2805.15137 3027.9003 2.3969 1108.7 11.166 3176.6 24.941 "" "" 0.0028862578957621877 0.011285091 0.009324864 0.020609954 266.64214977444 -29.76302788553 2343.68726 -0.7539999999999999 0.015999999999999986 -0.3214000084400177 2.3069998893737793 0.21979816 0.17979816 "" "" 25.876155011404652 "" 4.674332159292179 ""
266.45445472684 -29.68953427848 0.0821 0.0668 5.5436 "" "" 4056872279254370944 2923.41382 0.367 0.099 -0.542 -2.595 0.107 0.064 1.065 7927.0 4.1299 16.985407 2.090942 18.052223 15.961281 "" "" 2346.69165 3753.13306 3025.41018 2.2977 821.35 7.829 3270.7 8.1993 "" "" 0.0028760603804481063 0.010718619 0.004657474 0.015376093 266.45445472684 -29.68953427848 2923.41382 -0.542 -2.595 -0.10940000844001774 -0.3040001106262209 0.21579817 0.17279816 "" "" 4.476993847323477 "" 0.7980494133599288 ""
266.51737575937 -29.68391438602 0.0696 0.0592 2.418 "" "" 4056878017332398720 2134.81934 0.4578 0.0873 -0.269 -0.786 0.093 0.058 0.997 "" "" 16.986532 2.169312 18.11051 15.941198 "" "" 1791.60535 2477.67017 3022.2759 2.2897 778.42 13.755 3331.8 11.105 "" "" 0.0028754822317656977 0.019387232 0.005232533 0.024619766 266.51737575937 -29.68391438602 2134.81934 -0.269 -0.786 0.16359999155998228 1.5049998893737793 0.20179817 0.16679816 "" "" 15.318874022303543 "" 2.5620692248588695 ""
266.4799642624 -29.61650790116 0.0746 0.0612 6.499 "" "" 4056890356782529920 2579.00415 0.3603 0.0901 -0.498 -1.612 0.097 0.06 1.006 "" "" 16.98753 2.691462 18.488708 15.797247 "" "" 2127.06567 3263.24219 3019.49651 2.125 549.46 7.3554 3804.2 8.3876 "" "" 0.002859306583199639 0.014799707 0.0044737337 0.019273441 266.4799642624 -29.61650790116 2579.00415 -0.49799999999999967 -1.612000000000001 -0.0654000084400177 0.6789998893737792 0.20579816 0.16879816 "" "" 8.338833724122326 "" 1.410723177297147 ""
266.64399728702 -29.91845333463 0.0686 0.0528 13.8485 "" "" 4056818751087512960 3096.06519 0.3308 0.0772 -0.537 -2.089 0.091 0.052 1.006 "" "" 16.990898 1.873545 17.901318 16.027773 "" "" 2402.33228 4643.31592 3010.14557 2.1203 943.82 10.012 3076.4 9.3585 "" "" 0.0028594879543644884 0.01185059 0.005019212 0.016869802 266.64399728702 -29.91845333463 3096.06519 -0.537 -2.089 -0.10440000844001773 0.20199988937377933 0.19979817 0.16079816 "" "" 3.3369341878543892 "" 0.5664996537442158 ""
266.53013144627 -29.83508344903 0.0711 0.0556 8.2907 "" "" 4056867060879765888 2246.00562 0.4755 0.0778 2.201 -0.683 0.088 0.053 0.989 7100.7 4.3098 16.991816 1.925356 17.955656 16.0303 "" "" 1822.94653 2668.49658 3007.60512 2.0629 897.75 7.7572 3069.3 10.32 "" "" 0.0028541843500180498 0.009787657 0.005254582 0.01504224 266.53013144627 -29.83508344903 2246.00562 2.201000000000002 -0.683 2.6335999915599824 1.6079998893737792 0.19679816 0.16179816 "" "" 32.85051274557562 "" 6.173904034564126 ""
266.46526883872 -29.86751672275 0.0793 0.067 11.2337 "" "" 4056865686490241024 2154.49121 0.4508 0.0982 0.49 -0.765 0.09 0.063 0.982 "" "" 16.991894 1.811245 17.86855 16.057304 "" "" 1836.04138 2632.48682 3007.38904 2.1553 972.74 7.213 2993.9 6.8598 "" "" 0.002863083727781675 0.0085206665 0.0045246426 0.013045309 266.46526883872 -29.86751672275 2154.49121 0.49 -0.7650000000000002 0.9225999915599823 1.5259998893737792 0.19879816 0.17179817 "" "" 18.210736298612208 "" 3.2674474561238145 ""
266.7245987325 -29.85825175252 0.0702 0.0562 12.8116 "" "" 4056824454804077056 2716.39404 0.3817 0.0874 -0.551 -2.317 0.092 0.056 1.027 8965.3 3.6343 16.993042 1.95538 17.963724 16.008345 "" "" 2091.26147 3897.08691 3004.20743 1.7703 891.1 5.8911 3132.0 9.0032 "" "" 0.002828626491526463 0.0077010747 0.004901492 0.012602567 266.7245987325 -29.85825175252 2716.39404 -0.551 -2.3169999999999984 -0.11840000844001775 -0.026000110626220874 0.20079815 0.16479817 "" "" 1.5608081293533673 "" 0.3110452968217632 ""
266.32604640342 -29.76079856717 0.0743 0.0583 12.7445 "" "" 4056881698128979712 2470.02612 0.4266 0.0759 -1.913 -5.136 0.097 0.056 1.014 "" "" 16.996382 1.969723 17.980698 16.010975 "" "" 2033.06482 3762.45972 2994.97841 2.1731 877.28 6.6723 3124.4 7.544 "" "" 0.002865728880752803 0.00871639 0.004599597 0.013315987 266.32604640342 -29.76079856717 2470.02612 -1.9129999999999996 -5.136 -1.4804000084400177 -2.845000110626221 0.20579816 0.16479817 "" "" 37.54870039709086 "" 6.546404706661899 ""
266.38050550472 -29.56958871313 0.0685 0.0564 12.1856 "" "" 4056888570076207488 2284.24658 0.4537 0.0854 -1.812 -0.687 0.092 0.055 1.003 6777.1 4.3313 16.997366 2.124147 18.07973 15.955582 "" "" 1871.40466 2734.66919 2992.26946 1.9041 800.8 8.9044 3288.0 15.603 "" "" 0.002840621083706627 0.012390941 0.006389824 0.018780766 266.38050550472 -29.56958871313 2284.24658 -1.8119999999999992 -0.6870000000000003 -1.3794000084400178 1.6039998893737792 0.20079815 0.16379815 "" "" 22.905776469939678 "" 4.133525872778164 ""
266.67823511822 -29.7172711582 0.0797 0.0655 6.2436 "" "" 4056874138985865472 2462.23877 0.411 0.0995 1.442 -0.711 0.099 0.064 0.971 5322.4 4.6525 16.999578 1.812437 17.890776 16.078339 "" "" 1984.07739 3202.63428 2986.17739 2.2502 953.03 8.6323 2936.5 10.193 "" "" 0.0028742215056893946 0.010222468 0.0053373342 0.015559802 266.67823511822 -29.7172711582 2462.23877 1.4420000000000006 -0.711 1.8745999915599822 1.5799998893737794 0.20779815 0.17279816 "" "" 28.613086184116888 "" 5.551779975136207 ""
