Clusters/UBC_379/UBC_379_stars_in_region.tsv
# %ECSV 1.0
# ---
# datatype:
# - name: RA_ICRS_1
#   unit: deg
#   datatype: float64
#   format: '{:15.11f}'
#   description: Right ascension (ICRS) at Ep=2016.0 (ra)
#   meta: !!omap
#   - {ucd: POS_EQ_RA_MAIN}
#   - {width: 15}
#   - {precision: '11'}
# - name: DE_ICRS_1
#   unit: deg
#   datatype: float64
#   format: '{:15.11f}'
#   description: Declination (ICRS) at Ep=2016.0 (dec)
#   meta: !!omap
#   - {ucd: POS_EQ_DEC_MAIN}
#   - {width: 15}
#   - {precision: '11'}
# - name: e_RA_ICRS
#   unit: mas
#   datatype: float64
#   format: '{:7.4f}'
#   description: Standard error of right ascension (ra_error)
#   meta: !!omap
#   - {ucd: ERROR}
#   - {width: 7}
#   - {precision: '4'}
# - name: e_DE_ICRS
#   unit: mas
#   datatype: float64
#   format: '{:7.4f}'
#   description: Standard error of declination (dec_error)
#   meta: !!omap
#   - {ucd: ERROR}
#   - {width: 7}
#   - {precision: '4'}
# - name: _r_1
#   unit: ''
#   datatype: float64
#   format: '{:7.4f}'
#   description: Distance from center (313.26900857000+48.53430576000)[ICRS], at Epoch=J2016.0
#   meta: !!omap
#   - {ucd: POS_ANG_DIST_GENERAL}
#   - {width: 7}
#   - {precision: '4'}
# - name: HIP
#   datatype: int32
#   description: '? HIP cross-id number, van Leeuwen, Cat. I/311 (hip_original_ext_source_id)'
#   meta: !!omap
#   - {ucd: ID_NUMBER}
#   - {width: 6}
#   - values: {'null': -2147483648}
# - name: TYC2
#   datatype: string
#   description: Tycho-2 cross-id name, Hog et al., Cat. I/259 (tyc2_original_ext_source_id)
#   meta: !!omap
#   - {ucd: ID_CROSSID}
#   - {_votable_string_dtype: char}
# - name: Source
#   datatype: int64
#   description: Source identifier, identical to the Gaia-EDR3 source_id (id)
#   meta: !!omap
#   - {ucd: ID_MAIN}
#   - {width: 19}
# - name: rgeo
#   unit: pc
#   datatype: float64
#   format: '{:15.8f}'
#   description: '? Median of the geometric distance posterior (r_med_geo)'
#   meta: !!omap
#   - {ucd: PHYS_DISTANCE_TRUE}
#   - {width: 15}
#   - {precision: '8'}
#   - values: {'null': .nan}
# - name: Plx
#   unit: mas
#   datatype: float64
#   format: '{:9.4f}'
#   description: '? Parallax (parallax)'
#   meta: !!omap
#   - {ucd: POS_PARLX_TRIG}
#   - {width: 9}
#   - {precision: '4'}
#   - values: {'null': .nan}
# - name: e_Plx
#   unit: mas
#   datatype: float32
#   format: '{:7.4f}'
#   description: '? Standard error of parallax (parallax_error)'
#   meta: !!omap
#   - {ucd: ERROR}
#   - {width: 7}
#   - {precision: '4'}
#   - values: {'null': .nan}
# - name: pmRA
#   unit: mas / yr
#   datatype: float64
#   format: '{:9.3f}'
#   description: '? Proper motion in right ascension direction, pmRA*cosDE (pmra)'
#   meta: !!omap
#   - {ucd: POS_EQ_PMRA}
#   - {width: 9}
#   - {precision: '3'}
#   - values: {'null': .nan}
# - name: pmDE
#   unit: mas / yr
#   datatype: float64
#   format: '{:9.3f}'
#   description: '? Proper motion in declination direction (pmdec)'
#   meta: !!omap
#   - {ucd: POS_EQ_PMDEC}
#   - {width: 9}
#   - {precision: '3'}
#   - values: {'null': .nan}
# - name: e_pmRA
#   unit: mas / yr
#   datatype: float32
#   format: '{:6.3f}'
#   description: '? Standard error of proper motion in right ascension direction (pmra_error)'
#   meta: !!omap
#   - {ucd: ERROR}
#   - {width: 6}
#   - {precision: '3'}
#   - values: {'null': .nan}
# - name: e_pmDE
[...]
#         value: !astropy.table.SerializedColumn {name: SkyCoord.dec}
#       distance: !astropy.table.SerializedColumn
#         __class__: astropy.coordinates.distances.Distance
#         unit: !astropy.units.Unit {unit: pc}
#         value: !astropy.table.SerializedColumn {name: SkyCoord.distance}
#       frame: icrs
#       obstime: !astropy.time.Time {format: jyear_str, in_subfmt: '*', jd1: 367701545.0, jd2: 0.0, out_subfmt: '*', precision: 3, scale: tt}
#       pm_dec: !astropy.table.SerializedColumn
#         __class__: astropy.units.quantity.Quantity
#         unit: !astropy.units.Unit {unit: mas / yr}
#         value: !astropy.table.SerializedColumn {name: SkyCoord.pm_dec}
#       pm_ra_cosdec: !astropy.table.SerializedColumn
#         __class__: astropy.units.quantity.Quantity
#         unit: !astropy.units.Unit {unit: mas / yr}
#         value: !astropy.table.SerializedColumn {name: SkyCoord.pm_ra_cosdec}
#       ra: !astropy.table.SerializedColumn
#         __class__: astropy.coordinates.angles.Longitude
#         unit: *id001
#         value: !astropy.table.SerializedColumn {name: SkyCoord.ra}
#         wrap_angle: !astropy.coordinates.Angle
#           unit: *id001
#           value: 360.0
#       representation_type: spherical
# schema: astropy-2.0
RA_ICRS_1 DE_ICRS_1 e_RA_ICRS e_DE_ICRS _r_1 HIP TYC2 Source rgeo Plx e_Plx pmRA pmDE e_pmRA e_pmDE RUWE Teff logg Gmag BP-RP BPmag RPmag RV e_RV b_rgeo B_rgeo FG e_FG FBP e_FBP FRP e_FRP RAVE5 RAVE6 e_Gmag e_BPmag e_RPmag e_BP-RP SkyCoord.ra SkyCoord.dec SkyCoord.distance SkyCoord.pm_ra_cosdec SkyCoord.pm_dec rmRA rmDE e_rmRA e_rmDE rRV e_rRV v_pec v_pec3d e_vpec e_vpec3d
[from data line 523]
313.63837963345 48.44957338242 0.0435 0.0469 15.5425 "" "" 2167226345657123840 2636.28076 0.3374 0.0525 -3.24 -2.319 0.058 0.063 1.584 "" "" 16.31178 3.204517 18.187809 14.983292 "" "" 2374.47119 3054.32544 5626.44423 6.5654 724.92 7.5145 8050.8 9.662 "" "" 0.003032637880755853 0.011595411 0.003997699 0.01559311 313.63837963345 48.44957338242 2636.28076 -3.2400000000000007 -2.319 -0.7230000400543215 0.11782599067687993 0.11736182 0.122361824 "" "" 9.153774317292752 "" 1.0755122791795673 ""
313.25439125669 48.57973974534 0.0281 0.0297 2.7872 "" "" 2167238337205931904 2795.6228 0.3276 0.0339 -4.378 -4.646 0.039 0.038 0.99 7968.3 4.2134 16.312487 1.431734 16.961613 15.529879 "" "" 2562.85059 2996.02783 5622.79687 2.5542 2242.7 9.791 4866.4 7.4077 "" "" 0.0027991141116363288 0.005500258 0.0041249506 0.009625209 313.25439125669 48.57973974534 2795.6228 -4.378 -4.645999999999997 -1.8610000400543214 -2.20917400932312 0.09836182 0.09736182 "" "" 38.27701851620902 "" 3.7426556363263255 ""
313.57780040288 48.71973273994 0.0303 0.0313 16.5451 "" "" 2167234145318032640 2377.5376 0.4045 0.0352 -6.182 -6.277 0.045 0.044 0.98 7468.3 4.3163 16.312782 1.498771 16.997696 15.498925 "" "" 2197.97437 2641.71289 5621.26602 2.4946 2169.4 8.0918 5007.1 9.6435 "" "" 0.0027971318560925805 0.0049178903 0.0043193037 0.009237194 313.57780040288 48.71973273994 2377.5376 -6.182000000000001 -6.277000000000001 -3.6650000400543217 -3.8401740093231203 0.104361825 0.10336182 "" "" 59.82321792481026 "" 6.212024827775487 ""
313.66772989821 48.70711037602 0.0304 0.0319 18.9101 "" "" 2167256650946979456 2805.80542 0.3179 0.0368 -4.258 -5.142 0.044 0.042 0.972 6536.3 3.4053 16.313528 2.979137 18.052544 15.073406 "" "" 2547.16113 3121.25049 5617.40305 4.3045 821.11 6.8159 7409.6 13.173 "" "" 0.002878189631401765 0.00943454 0.0042437725 0.013678312 313.66772989821 48.70711037602 2805.80542 -4.258000000000002 -5.142 -1.7410000400543213 -2.7051740093231205 0.10336182 0.101361826 "" "" 42.78446275229136 "" 4.361946913261346 ""
313.47533893622 48.28664429219 0.0293 0.0302 16.9805 "" "" 2167219095752203008 2008.49829 0.4835 0.0334 -4.03 -4.345 0.038 0.039 0.999 6342.5 4.2601 16.316397 1.520856 17.022606 15.50175 "" "" 1860.53296 2225.91968 5602.57982 2.4392 2120.2 6.6575 4994.1 8.1474 "" "" 0.0027955737671993184 0.004405454 0.004173864 0.0085793175 313.47533893622 48.28664429219 2008.49829 -4.03 -4.344999999999999 -1.5130000400543215 -1.9081740093231199 0.09736182 0.09836182 "" "" 23.18398228795741 "" 2.271497407442488 ""
313.17016239063 48.42114983065 0.0288 0.0315 7.8455 "" "" 2167234695073259776 2893.1604 0.3208 0.0346 -3.098 -4.012 0.039 0.04 0.976 8894.0 3.66 16.320126 1.615031 17.016138 15.401107 "" "" 2631.36255 3242.00562 5583.36736 2.9413 2132.9 11.527 5479.2 37.165 "" "" 0.0028140593978858612 0.0064973305 0.008277627 0.014774958 313.17016239063 48.42114983065 2893.1604 -3.097999999999999 -4.011999999999997 -0.5810000400543212 -1.5751740093231197 0.09836182 0.09936182 "" "" 23.02384838189796 "" 2.2849464974444706 ""
313.57944034565 48.49721875129 0.0302 0.0319 12.5371 "" "" 2167227445168738304 2360.76025 0.4036 0.0363 -1.819 -3.796 0.039 0.045 1.034 8995.5 4.3409 16.32215 1.651893 17.10192 15.450026 "" "" 2148.64893 2615.92505 5572.9718 2.6669 1970.8 5.4044 5237.8 9.8749 "" "" 0.002803879908553173 0.004080396 0.0042981096 0.008378506 313.57944034565 48.49721875129 2360.76025 -1.8189999999999997 -3.7959999999999967 0.6979999599456788 -1.35917400932312 0.09836182 0.104361825 "" "" 17.097497674776278 "" 1.7634101857034332 ""
312.94261946815 48.33319620915 0.0339 0.0353 17.7321 "" "" 2167142576618204160 2096.38696 0.4563 0.0395 -4.09 -5.654 0.043 0.047 1.066 5520.1 4.1798 16.327545 1.600662 17.076939 15.476276 "" "" 1949.6261 2276.41357 5545.34391 2.9089 2016.7 10.677 5112.7 8.5375 "" "" 0.0028135681617022304 0.006389594 0.004191754 0.010581348 312.94261946815 48.33319620915 2096.38696 -4.089999999999999 -5.654 -1.5730000400543211 -3.21717400932312 0.10236183 0.10636182 "" "" 35.585301611389205 "" 3.7578744304237457 ""
313.39647675631 48.79376218177 0.0299 0.0295 16.3664 "" "" 2167249813358673792 2415.37354 0.3896 0.0352 -2.247 -2.745 0.041 0.037 0.952 7490.1 4.1516 16.32845 1.950504 17.30461 15.354105 "" "" 2218.05811 2614.15552 5540.72725 2.6903 1635.2 6.9797 5721.6 10.48 "" "" 0.0028052998526809383 0.005409471 0.004270671 0.009680143 313.39647675631 48.79376218177 2415.37354 -2.247 -2.745 0.2699999599456788 -0.3081740093231202 0.100361824 0.09636182 "" "" 4.690841313301271 "" 0.4602602006067308 ""
313.48606006459 48.31495092695 0.0305 0.0328 15.745 "" "" 2167219301910650112 2263.61816 0.4223 0.0359 -1.969 -3.602 0.04 0.041 1.074 9294.6 4.0959 16.33068 1.595226 17.054543 15.459316 "" "" 2089.30762 2534.78979 5529.35821 3.542 2058.7 8.0364 5193.2 9.37 "" "" 0.002841744519372508 0.0050742803 0.004256913 0.009331193 313.48606006459 48.31495092695 2263.61816 -1.9689999999999972 -3.6019999999999968 0.5479999599456786 -1.16517400932312 0.09936182 0.100361824 "" "" 13.81545479416255 "" 1.3840520527762818 ""
313.24897535316 48.35501187 0.0313 0.0327 10.7871 "" "" 2167222531725905024 2168.91821 0.4351 0.0368 -0.709 -5.477 0.041 0.043 1.014 7511.6 4.0675 16.333733 1.663781 17.120296 15.456515 "" "" 2017.01392 2332.0354 5513.83544 2.6872 1937.8 8.6265 5206.6 9.5315 "" "" 0.002805668983896933 0.0055809054 0.0042701666 0.009851072 313.24897535316 48.35501187 2168.91821 -0.7090000000000003 -5.477 1.8079999599456786 -3.0401740093231204 0.100361824 0.10236183 "" "" 36.364413400083876 "" 3.7034638933044364 ""
313.41484049014 48.74008747137 0.0301 0.0299 13.6338 "" "" 2167246686622474624 2138.2041 0.4446 0.0355 -4.324 -6.257 0.043 0.037 0.975 6637.8 3.7354 16.333984 1.641628 17.098648 15.45702 "" "" 2006.20264 2273.13135 5512.55564 2.5523 1976.8 8.7749 5204.2 9.5733 "" "" 0.0028008016497454015 0.005568915 0.004274661 0.009843577 313.41484049014 48.74008747137 2138.2041 -4.323999999999998 -6.257 -1.8070000400543211 -3.82017400932312 0.10236183 0.09636182 "" "" 42.830762707705674 "" 4.175417966312685 ""
312.88099840074 48.67773814762 0.0309 0.0351 17.6361 "" "" 2167291560441748992 2155.1355 0.4414 0.0373 -3.212 -2.076 0.04 0.043 0.973 7181.4 4.3372 16.335335 1.519014 17.039328 15.520313 "" "" 1987.07983 2366.37329 5505.69989 2.6288 2087.8 6.5769 4909.5 7.465 "" "" 0.0028036642644551253 0.0044139656 0.004124215 0.008538181 312.88099840074 48.67773814762 2155.1355 -3.2120000000000006 -2.076 -0.6950000400543215 0.3608259906768798 0.09936182 0.10236183 "" "" 7.99947043500218 "" 0.7999973708145787 ""
312.94664368671 48.64535510793 0.0318 0.036 14.4247 "" "" 2167288291958090368 2240.36035 0.4282 0.0389 -0.778 -1.188 0.042 0.044 1.123 "" "" 16.341219 1.599982 17.089815 15.489833 "" "" 2091.66943 2430.91992 5475.95089 2.5251 1992.9 8.4194 5049.2 8.712 "" "" 0.0028004375298270835 0.0053688698 0.004218196 0.009587066 312.94664368671 48.64535510793 2240.36035 -0.7779999999999996 -1.1880000000000002 1.7389999599456787 1.24882599067688 0.101361826 0.10336182 "" "" 22.735457966479622 "" 2.320078685787776 ""
313.39190341621 48.49318625304 0.0293 0.0314 5.4723 "" "" 2167225039986962944 2330.94507 0.4059 0.0353 -5.249 -2.994 0.039 0.041 0.996 6693.5 3.9236 16.34416 1.868195 17.257195 15.388999 "" "" 2124.4939 2531.12866 5461.13403 2.4186 1708.2 8.0691 5540.6 10.319 "" "" 0.0027969629542609832 0.005838581 0.0042863344 0.010124915 313.39190341621 48.49318625304 2330.94507 -5.249000000000001 -2.994000000000002 -2.732000040054321 -0.5571740093231203 0.09836182 0.100361824 "" "" 30.80634037667872 "" 3.0326520303847873 ""
313.22339484172 48.48583296751 0.0294 0.0311 3.4272 "" "" 2167236000743383296 2546.25513 0.3713 0.0363 -2.756 -4.63 0.039 0.04 0.98 8288.8 4.2515 16.345428 1.615177 17.099682 15.484505 "" "" 2298.17114 2829.05688 5454.7582 2.3573 1974.9 6.9996 5074.1 8.5311 "" "" 0.0027949854678952567 0.0047532446 0.0041971416 0.008950386 313.22339484172 48.48583296751 2546.25513 -2.7560000000000007 -4.630000000000001 -0.23900004005432107 -2.19317400932312 0.09836182 0.09936182 "" "" 26.626671297695317 "" 2.645363635282746 ""
313.04873330998 48.76382256869 0.0299 0.0327 16.3059 "" "" 2167291079405496448 2509.69678 0.3736 0.0365 -4.585 -6.098 0.04 0.04 0.97 "" "" 16.348196 1.706397 17.162178 15.455781 "" "" 2336.62964 2735.55005 5440.8697 2.374 1864.4 9.99 5210.1 8.1021 "" "" 0.0027957495484688525 0.0064521763 0.0041393754 0.010591552 313.04873330998 48.76382256869 2509.69678 -4.585000000000003 -6.098000000000002 -2.0680000400543213 -3.66117400932312 0.09936182 0.09936182 "" "" 50.02081780463665 "" 4.970159595453257 ""
313.44440895991 48.56065048972 0.0283 0.0299 7.144 "" "" 2167231327819131904 2792.87085 0.3417 0.0336 -2.993 -3.643 0.039 0.039 1.031 7972.4 4.2841 16.348843 1.591015 17.093489 15.502474 "" "" 2565.61475 3054.44751 5437.63326 2.4292 1986.2 8.2273 4990.8 9.1995 "" "" 0.0027976871366830903 0.005292578 0.004276569 0.009569148 313.44440895991 48.56065048972 2792.87085 -2.9929999999999986 -3.6430000000000016 -0.47600004005432117 -1.20617400932312 0.09836182 0.09836182 "" "" 17.165988629312903 "" 1.68847788337861 ""
313.53208467418 48.36272559708 0.0307 0.0305 14.6833 "" "" 2167219817306765184 2512.52783 0.3769 0.0348 -3.443 -2.621 0.039 0.039 1.039 9313.2 4.3791 16.349304 1.531519 17.045015 15.513496 "" "" 2270.87378 2764.49487 5435.32147 2.721 2076.9 6.6539 4940.4 8.8922 "" "" 0.0028084194506661766 0.0044592177 0.004254723 0.00871394 313.53208467418 48.36272559708 2512.52783 -3.443 -2.621 -0.9260000400543213 -0.1841740093231201 0.09836182 0.09836182 "" "" 11.2440973528755 "" 1.1059898796895673 ""
313.31621167641 48.46610172892 0.0291 0.0313 4.502 "" "" 2167224765097153920 2524.26782 0.3653 0.0362 -1.388 -3.834 0.039 0.039 1.032 8700.7 3.9192 16.349688 1.547894 17.036392 15.488499 "" "" 2303.07544 2803.27539 5433.40354 2.9211 2093.4 6.643 5055.4 9.2165 "" "" 0.0028164710749564795 0.0044334694 0.004266354 0.008699823 313.31621167641 48.46610172892 2524.26782 -1.387999999999999 -3.834000000000002 1.1289999599456788 -1.3971740093231202 0.09836182 0.09836182 "" "" 21.49292374866814 "" 2.114083096664711 ""
312.99067037388 48.52779296546 0.0318 0.0334 11.0661 "" "" 2167240020833037696 2601.83569 0.3611 0.0369 -2.586 -3.729 0.045 0.043 1.04 "" "" 16.350832 1.3637 16.950205 15.586505 "" "" 2377.71289 2868.35229 5427.68085 2.5058 2266.4 7.0175 4619.1 8.6918 "" "" 0.0028005433904955686 0.004368828 0.0042962465 0.008665075 312.99067037388 48.52779296546 2601.83569 -2.5860000000000003 -3.729 -0.06900004005432114 -1.2921740093231202 0.104361825 0.10236183 "" "" 15.95869961751312 "" 1.633653300805168 ""
313.27174731998 48.619485374 0.0283 0.0313 5.1119 "" "" 2167238543364382720 2331.35425 0.4128 0.035 -2.296 -4.65 0.04 0.038 0.986 9246.1 4.3872 16.353096 1.559391 17.077253 15.517862 "" "" 2152.13623 2517.354 5416.3671 2.4635 2016.1 7.1927 4920.5 11.475 "" "" 0.0027992226964082545 0.0047737923 0.0045491615 0.009322954 313.27174731998 48.619485374 2331.35425 -2.2959999999999985 -4.650000000000002 0.2209999599456789 -2.2131740093231205 0.09936182 0.09736182 "" "" 24.578574798139584 "" 2.3935049836773903 ""
312.94828481476 48.33884258278 0.0318 0.0342 17.336 "" "" 2167142572308997120 1981.5791 0.4909 0.0375 -6.573 -6.081 0.041 0.045 0.977 6451.6 4.3342 16.353775 1.460951 17.022327 15.561377 "" "" 1849.30286 2136.04834 5412.98823 2.8229 2120.7 7.4641 4727.2 11.279 "" "" 0.0028128972317289407 0.0047316113 0.004581991 0.009313602 312.94828481476 48.33884258278 1981.5791 -6.573000000000003 -6.081000000000005 -4.056000040054322 -3.6441740093231205 0.100361824 0.104361825 "" "" 51.21480690001179 "" 5.232507145120386 ""
313.0954102381 48.43429831806 0.0285 0.0305 9.1471 "" "" 2167235622786175872 2097.12695 0.4567 0.0341 -0.36 -1.624 0.037 0.038 1.032 6590.0 4.2753 16.358967 1.552018 17.076206 15.524188 "" "" 1938.08801 2259.91772 5387.16604 2.2944 2018.1 6.4834 4892.0 7.4456 "" "" 0.0027938536403069765 0.004466726 0.0041248556 0.008591581 313.0954102381 48.43429831806 2097.12695 -0.3600000000000005 -1.6239999999999992 2.156999959945679 0.8128259906768798 0.09636182 0.09736182 "" "" 22.913248173914404 "" 2.2108244321179154 ""
313.35446305692 48.23216109565 0.0319 0.0324 18.4457 "" "" 2167217893161792640 1981.84509 0.4783 0.036 -2.143 -4.536 0.04 0.04 1.022 6522.9 4.3137 16.360048 1.422137 17.00338 15.581243 "" "" 1851.86731 2142.54883 5381.79395 2.4244 2158.1 8.1768 4641.5 9.9268 "" "" 0.0027983946256164766 0.004970698 0.004435734 0.0094064325 313.35446305692 48.23216109565 1981.84509 -2.143 -4.535999999999999 0.3739999599456789 -2.0991740093231197 0.09936182 0.09936182 "" "" 20.030058885188126 "" 1.9902231457815864 ""
313.64187040498 48.66850171268 0.0318 0.0335 16.8434 "" "" 2167256513507998592 2424.12622 0.3871 0.0382 -3.615 -4.902 0.044 0.044 1.094 7894.3 3.8941 16.364077 1.922117 17.316538 15.394421 "" "" 2237.22778 2681.57397 5361.8693 2.7046 1617.3 8.8638 5513.0 9.9237 "" "" 0.0028092207200247307 0.0065721786 0.0042548026 0.010826981 313.64187040498 48.66850171268 2424.12622 -3.614999999999997 -4.9019999999999975 -1.0980000400543215 -2.4651740093231203 0.10336182 0.10336182 "" "" 31.008402501366366 "" 3.20508500046304 ""
313.20730814267 48.41535554577 0.0339 0.0347 7.5472 "" "" 2167235004310928128 2478.31128 0.3721 0.0395 1.497 -2.218 0.046 0.044 1.195 5528.1 4.1938 16.36507 1.56564 17.028101 15.462461 "" "" 2255.80518 2775.25537 5356.96667 3.6287 2109.5 23.096 5178.1 24.411 "" "" 0.0028517861488498567 0.012210317 0.006362576 0.018572893 313.20730814267 48.41535554577 2478.31128 1.497 -2.218 4.013999959945679 0.2188259906768799 0.10536182 0.10336182 "" "" 47.22325894556099 "" 4.975251263536181 ""
313.10565414595 48.62816814438 0.0302 0.0303 8.5884 "" "" 2167242185496584320 2888.8811 0.3212 0.0347 -7.608 -6.514 0.044 0.037 1.009 6639.5 4.0097 16.367916 1.81045 17.24936 15.43891 "" "" 2611.72363 3155.79248 5342.93838 2.5547 1720.6 8.6385 5291.7 10.172 "" "" 0.0028038001289135022 0.006123671 0.0043173553 0.010441026 313.10565414595 48.62816814438 2888.8811 -7.608 -6.514000000000001 -5.091000040054321 -4.07717400932312 0.10336182 0.09636182 "" "" 89.31308047907254 "" 8.992441529437537 ""
313.57053335916 48.71911121273 0.0311 0.0318 16.3076 "" "" 2167234145318031104 2488.19897 0.3813 0.0365 -3.564 -5.03 0.046 0.043 1.064 9124.5 4.2538 16.369852 1.414041 17.006475 15.592434 "" "" 2295.02441 2744.59839 5333.42371 2.513 2151.9 7.2462 4593.9 10.81 "" "" 0.002802409691588484 0.004599106 0.004561916 0.009161022 313.57053335916 48.71911121273 2488.19897 -3.5639999999999996 -5.030000000000001 -1.0470000400543213 -2.5931740093231204 0.10536182 0.10236183 "" "" 32.98283191788963 "" 3.390226231119663 ""
313.22178292929 48.62029614922 0.0297 0.0309 5.4895 "" "" 2167241429582381824 1964.98523 0.4822 0.0357 -6.694 -7.656 0.04 0.039 0.973 6473.5 3.9897 16.373335 1.671748 17.165113 15.493365 "" "" 1829.86401 2124.2749 5316.34444 2.5839 1859.4 12.727 5032.8 7.5984 "" "" 0.002805397727029521 0.007938041 0.0041195587 0.012057601 313.22178292929 48.62029614922 1964.98523 -6.693999999999998 -7.655999999999997 -4.177000040054321 -5.21917400932312 0.09936182 0.09836182 "" "" 62.26281476393562 "" 6.148668322907937 ""
