Clusters/UBC_379/UBC_379_stars_in_region.tsv
# %ECSV 1.0
# ---
# datatype:
# - name: RA_ICRS_1
#   unit: deg
#   datatype: float64
#   format: '{:15.11f}'
#   description: Right ascension (ICRS) at Ep=2016.0 (ra)
#   meta: !!omap
#   - {ucd: POS_EQ_RA_MAIN}
#   - {width: 15}
#   - {precision: '11'}
# - name: DE_ICRS_1
#   unit: deg
#   datatype: float64
#   format: '{:15.11f}'
#   description: Declination (ICRS) at Ep=2016.0 (dec)
#   meta: !!omap
#   - {ucd: POS_EQ_DEC_MAIN}
#   - {width: 15}
#   - {precision: '11'}
# - name: e_RA_ICRS
#   unit: mas
#   datatype: float64
#   format: '{:7.4f}'
#   description: Standard error of right ascension (ra_error)
#   meta: !!omap
#   - {ucd: ERROR}
#   - {width: 7}
#   - {precision: '4'}
# - name: e_DE_ICRS
#   unit: mas
#   datatype: float64
#   format: '{:7.4f}'
#   description: Standard error of declination (dec_error)
#   meta: !!omap
#   - {ucd: ERROR}
#   - {width: 7}
#   - {precision: '4'}
# - name: _r_1
#   unit: ''
#   datatype: float64
#   format: '{:7.4f}'
#   description: Distance from center (313.26900857000+48.53430576000)[ICRS], at Epoch=J2016.0
#   meta: !!omap
#   - {ucd: POS_ANG_DIST_GENERAL}
#   - {width: 7}
#   - {precision: '4'}
# - name: HIP
#   datatype: int32
#   description: '? HIP cross-id number, van Leeuwen, Cat. I/311 (hip_original_ext_source_id)'
#   meta: !!omap
#   - {ucd: ID_NUMBER}
#   - {width: 6}
#   - values: {'null': -2147483648}
# - name: TYC2
#   datatype: string
#   description: Tycho-2 cross-id name, Hog et al., Cat. I/259 (tyc2_original_ext_source_id)
#   meta: !!omap
#   - {ucd: ID_CROSSID}
#   - {_votable_string_dtype: char}
# - name: Source
#   datatype: int64
#   description: Source identifier, identical to the Gaia-EDR3 source_id (id)
#   meta: !!omap
#   - {ucd: ID_MAIN}
#   - {width: 19}
# - name: rgeo
#   unit: pc
#   datatype: float64
#   format: '{:15.8f}'
#   description: '? Median of the geometric distance posterior (r_med_geo)'
#   meta: !!omap
#   - {ucd: PHYS_DISTANCE_TRUE}
#   - {width: 15}
#   - {precision: '8'}
#   - values: {'null': .nan}
# - name: Plx
#   unit: mas
#   datatype: float64
#   format: '{:9.4f}'
#   description: '? Parallax (parallax)'
#   meta: !!omap
#   - {ucd: POS_PARLX_TRIG}
#   - {width: 9}
#   - {precision: '4'}
#   - values: {'null': .nan}
# - name: e_Plx
#   unit: mas
#   datatype: float32
#   format: '{:7.4f}'
#   description: '? Standard error of parallax (parallax_error)'
#   meta: !!omap
#   - {ucd: ERROR}
#   - {width: 7}
#   - {precision: '4'}
#   - values: {'null': .nan}
# - name: pmRA
#   unit: mas / yr
#   datatype: float64
#   format: '{:9.3f}'
#   description: '? Proper motion in right ascension direction, pmRA*cosDE (pmra)'
#   meta: !!omap
#   - {ucd: POS_EQ_PMRA}
#   - {width: 9}
#   - {precision: '3'}
#   - values: {'null': .nan}
# - name: pmDE
#   unit: mas / yr
#   datatype: float64
#   format: '{:9.3f}'
#   description: '? Proper motion in declination direction (pmdec)'
#   meta: !!omap
#   - {ucd: POS_EQ_PMDEC}
#   - {width: 9}
#   - {precision: '3'}
#   - values: {'null': .nan}
# - name: e_pmRA
#   unit: mas / yr
#   datatype: float32
#   format: '{:6.3f}'
#   description: '? Standard error of proper motion in right ascension direction (pmra_error)'
#   meta: !!omap
#   - {ucd: ERROR}
#   - {width: 6}
#   - {precision: '3'}
#   - values: {'null': .nan}
# - name: e_pmDE
[...]
#         value: !astropy.table.SerializedColumn {name: SkyCoord.dec}
#       distance: !astropy.table.SerializedColumn
#         __class__: astropy.coordinates.distances.Distance
#         unit: !astropy.units.Unit {unit: pc}
#         value: !astropy.table.SerializedColumn {name: SkyCoord.distance}
#       frame: icrs
#       obstime: !astropy.time.Time {format: jyear_str, in_subfmt: '*', jd1: 367701545.0, jd2: 0.0, out_subfmt: '*', precision: 3, scale: tt}
#       pm_dec: !astropy.table.SerializedColumn
#         __class__: astropy.units.quantity.Quantity
#         unit: !astropy.units.Unit {unit: mas / yr}
#         value: !astropy.table.SerializedColumn {name: SkyCoord.pm_dec}
#       pm_ra_cosdec: !astropy.table.SerializedColumn
#         __class__: astropy.units.quantity.Quantity
#         unit: !astropy.units.Unit {unit: mas / yr}
#         value: !astropy.table.SerializedColumn {name: SkyCoord.pm_ra_cosdec}
#       ra: !astropy.table.SerializedColumn
#         __class__: astropy.coordinates.angles.Longitude
#         unit: *id001
#         value: !astropy.table.SerializedColumn {name: SkyCoord.ra}
#         wrap_angle: !astropy.coordinates.Angle
#           unit: *id001
#           value: 360.0
#       representation_type: spherical
# schema: astropy-2.0
RA_ICRS_1 DE_ICRS_1 e_RA_ICRS e_DE_ICRS _r_1 HIP TYC2 Source rgeo Plx e_Plx pmRA pmDE e_pmRA e_pmDE RUWE Teff logg Gmag BP-RP BPmag RPmag RV e_RV b_rgeo B_rgeo FG e_FG FBP e_FBP FRP e_FRP RAVE5 RAVE6 e_Gmag e_BPmag e_RPmag e_BP-RP SkyCoord.ra SkyCoord.dec SkyCoord.distance SkyCoord.pm_ra_cosdec SkyCoord.pm_dec rmRA rmDE e_rmRA e_rmDE rRV e_rRV v_pec v_pec3d e_vpec e_vpec3d
[from data line 649]
313.43278480592 48.515980422 0.0332 0.0345 6.6003 "" "" 2167230979917610112 2327.29028 0.4093 0.0384 -3.257 -5.449 0.045 0.045 1.009 "" "" 16.562832 1.518309 17.258265 15.739956 "" "" 2161.26318 2541.42554 4464.92297 2.3228 1706.5 6.5542 4010.3 6.8823 "" "" 0.0028126195556471352 0.005017378 0.004213738 0.009231116 313.43278480592 48.515980422 2327.29028 -3.257000000000001 -5.449000000000002 -0.7400000400543214 -3.01217400932312 0.104361825 0.104361825 "" "" 34.216400234909585 "" 3.57088596288284 ""
313.18593741311 48.70424850016 0.0335 0.0346 10.7157 "" "" 2167242872691398528 2687.74121 0.3443 0.0394 -4.196 -7.819 0.047 0.042 1.004 6334.7 4.0514 16.563131 2.02015 17.554096 15.533946 "" "" 2433.90894 2984.4375 4463.69071 12.652 1299.5 12.883 4848.2 43.96 "" "" 0.004130668003619246 0.011119538 0.010545207 0.021664746 313.18593741311 48.70424850016 2687.74121 -4.196 -7.818999999999999 -1.679000040054321 -5.38217400932312 0.10636182 0.101361826 "" "" 71.82728610815094 "" 7.313107889154806 ""
313.2237965255 48.43805122457 0.0313 0.033 6.0487 "" "" 2167235038670687232 2336.07837 0.4101 0.0375 -0.027 -0.121 0.041 0.042 1.027 7400.9 3.97 16.564411 1.768002 17.418018 15.650017 "" "" 2124.56152 2554.91211 4458.43024 2.0282 1473.0 6.0045 4356.6 8.1489 "" "" 0.0027992396143188057 0.0052319546 0.0042904587 0.009522414 313.2237965255 48.43805122457 2336.07837 -0.02700000000000002 -0.12099999999999997 2.4899999599456786 2.31582599067688 0.100361824 0.101361826 "" "" 37.653367777583156 "" 3.7964709742563603 ""
313.34347108277 48.66037692933 0.0331 0.034 8.1209 "" "" 2167244899916025216 2139.19458 0.4415 0.0407 -2.94 -4.102 0.049 0.043 1.03 6691.3 4.3122 16.565931 1.636606 17.33792 15.701313 "" "" 1961.79993 2341.83496 4452.19844 2.1913 1585.8 7.7653 4155.6 8.6964 "" "" 0.002806662295485529 0.0060042734 0.0044097877 0.010414061 313.34347108277 48.66037692933 2139.19458 -2.94 -4.102 -0.42300004005432124 -1.6651740093231204 0.108361825 0.10236183 "" "" 17.420764284543274 "" 1.7897311917953909 ""
313.63862451537 48.35363932369 0.0352 0.0361 18.2735 "" "" 2167037779418865664 2370.62378 0.4031 0.0403 -3.584 -4.529 0.044 0.046 1.001 9196.9 4.2449 16.566824 1.539943 17.278662 15.738719 "" "" 2136.35229 2595.93457 4448.53527 2.4216 1674.8 8.5737 4014.9 10.872 "" "" 0.0028179968302737357 0.006219163 0.004788297 0.01100746 313.63862451537 48.35363932369 2370.62378 -3.584 -4.529 -1.0670000400543214 -2.09217400932312 0.10336182 0.10536182 "" "" 26.390070797828066 "" 2.76969394268702 ""
313.68000922544 48.37773511938 0.038 0.0397 18.8605 "" "" 2167038019937061120 2667.80273 0.3551 0.0442 -3.542 -4.265 0.047 0.051 1.125 "" "" 16.567226 1.79902 17.413734 15.614715 "" "" 2378.96826 3041.396 4446.88454 2.6189 1478.8 13.653 4500.6 25.859 "" "" 0.0028285419466047425 0.0104051195 0.0072938325 0.017698951 313.68000922544 48.37773511938 2667.80273 -3.5419999999999994 -4.264999999999995 -1.025000040054321 -1.8281740093231198 0.10636182 0.11036182 "" "" 26.503608546603836 "" 2.8999839662453724 ""
313.15306598927 48.25455441425 0.0365 0.0357 17.4091 "" "" 2167127767571121280 1967.28369 0.4867 0.0419 2.323 3.475 0.044 0.044 0.998 5370.8 4.2576 16.567709 1.558149 17.265484 15.707334 "" "" 1826.19653 2111.69287 4444.91546 2.4928 1695.2 6.9507 4132.6 16.887 "" "" 0.0028217995132637157 0.0052538775 0.0058281585 0.011082036 313.15306598927 48.25455441425 1967.28369 2.323 3.475 4.839999959945679 5.9118259906768795 0.10336182 0.10336182 "" "" 71.24589464195427 "" 7.364105527572263 ""
313.23716444456 48.31099544013 0.0346 0.0358 13.4585 "" "" 2167222119409616256 2628.94019 0.3735 0.0412 -0.156 -0.893 0.044 0.044 0.99 7108.4 4.3028 16.570507 1.698836 17.381626 15.68279 "" "" 2341.61206 2925.72485 4433.4683 2.3171 1523.2 7.7769 4227.1 8.3947 "" "" 0.002813145169341289 0.0062059658 0.004351193 0.010557159 313.23716444456 48.31099544013 2628.94019 -0.15600000000000003 -0.8929999999999999 2.3609999599456786 1.5438259906768799 0.10336182 0.10336182 "" "" 35.152268822352426 "" 3.6334025762791797 ""
313.19863093059 48.28542721464 0.0348 0.0347 15.1935 "" "" 2167128282967241728 2236.64331 0.4298 0.0399 3.755 -2.861 0.043 0.043 0.968 4824.8 4.1876 16.570787 1.566561 17.302814 15.736254 "" "" 2057.5752 2409.14014 4432.32309 2.32 1637.9 8.061 4024.0 8.1707 "" "" 0.0028133181578690624 0.0060281046 0.0043753735 0.0104034785 313.19863093059 48.28542721464 2236.64331 3.755 -2.8609999999999998 6.271999959945679 -0.4241740093231203 0.10236183 0.10236183 "" "" 66.64568557228617 "" 6.821974209407934 ""
313.08770555319 48.71898902659 0.0338 0.0359 13.2093 "" "" 2167289979893874816 2610.61548 0.3609 0.0407 -1.479 -3.014 0.045 0.043 0.932 8241.9 4.3401 16.575079 1.841867 17.48883 15.646963 "" "" 2391.66895 2849.88379 4414.83909 2.3433 1380.0 12.413 4368.9 12.733 "" "" 0.002814941178291257 0.0101568755 0.004929175 0.015086051 313.08770555319 48.71898902659 2610.61548 -1.4789999999999999 -3.0140000000000016 1.0379999599456786 -0.5771740093231199 0.104361825 0.10236183 "" "" 14.696677017046568 "" 1.5268813626220974 ""
313.36105579815 48.49147068769 0.0337 0.0354 4.4711 "" "" 2167225211785634944 2507.80908 0.3679 0.0414 -2.684 -2.774 0.045 0.044 0.957 "" "" 16.578566 1.695478 17.386 15.690521 "" "" 2284.62451 2725.68433 4400.68459 2.2458 1517.1 5.7097 4197.1 7.0673 "" "" 0.0028104800026643928 0.004947966 0.0041983468 0.009146312 313.36105579815 48.49147068769 2507.80908 -2.684 -2.774 -0.16700004005432145 -0.33717400932312014 0.104361825 0.10336182 "" "" 4.4726673301355815 "" 0.4631875387639894 ""
313.11092818116 48.25357339403 0.038 0.0381 17.9828 "" "" 2167127905010036480 2467.06396 0.3983 0.0445 -11.253 -10.882 0.049 0.049 1.077 5386.9 4.3 16.579433 1.665922 17.365723 15.699801 "" "" 2233.97949 2730.16357 4397.16963 2.4942 1545.7 5.9775 4161.4 7.0102 "" "" 0.002823308974097398 0.005041274 0.0041986895 0.009239963 313.11092818116 48.25357339403 2467.06396 -11.252999999999998 -10.882000000000001 -8.736000040054321 -8.44517400932312 0.108361825 0.108361825 "" "" 142.0884573402059 "" 15.396964598116481 ""
313.5212099535 48.53703601171 0.0348 0.0345 10.0211 "" "" 2167230640624390656 2447.96143 0.3888 0.0396 -3.776 -5.412 0.048 0.049 1.042 8838.1 4.243 16.58114 1.507312 17.27512 15.767808 "" "" 2248.34766 2671.30762 4390.25922 2.3126 1680.2 7.4632 3908.7 7.2648 "" "" 0.002814050624581985 0.0055716503 0.004284384 0.009856034 313.5212099535 48.53703601171 2447.96143 -3.7760000000000002 -5.411999999999997 -1.259000040054321 -2.97517400932312 0.10736182 0.108361825 "" "" 37.48567846050836 "" 4.056345700647866 ""
313.41182534433 48.25486059086 0.0391 0.0389 17.7058 "" "" 2167217510899424896 2175.88794 0.4351 0.0425 -0.471 -2.729 0.048 0.048 0.975 8492.6 4.3713 16.582922 1.735389 17.40802 15.672631 "" "" 2006.76575 2411.60767 4383.06383 2.5525 1486.7 7.5394 4266.8 13.151 "" "" 0.002826936961748738 0.0061726253 0.005047997 0.011220623 313.41182534433 48.25486059086 2175.88794 -0.471 -2.729 2.0459999599456786 -0.2921740093231202 0.10736182 0.10736182 "" "" 21.31592242348408 "" 2.288516297141211 ""
313.31091622271 48.46849566763 0.0336 0.0351 4.2857 "" "" 2167236516139516800 2697.06763 0.3565 0.0412 -2.767 -2.316 0.044 0.044 1.03 "" "" 16.583338 1.546367 17.29775 15.751384 "" "" 2418.36304 3022.83569 4381.3852 2.2562 1645.6 6.1931 3968.3 8.3607 "" "" 0.0028114735636245963 0.004947847 0.0044177384 0.009365586 313.31091622271 48.46849566763 2697.06763 -2.766999999999997 -2.3160000000000007 -0.2500000400543212 0.12082599067688005 0.10336182 0.10336182 "" "" 3.5497223261532835 "" 0.3669057695849159 ""
313.28810939298 48.56841349833 0.0344 0.0357 2.1826 "" "" 2167238062328038400 2205.8689 0.4266 0.0415 -3.24 -5.23 0.047 0.045 1.086 6210.2 4.245 16.587729 1.45347 17.174301 15.720831 "" "" 2022.35461 2385.27637 4363.70632 2.6064 1843.7 17.188 4081.6 43.028 "" "" 0.0028306079632942674 0.010499365 0.012053604 0.022552969 313.28810939298 48.56841349833 2205.8689 -3.240000000000002 -5.230000000000003 -0.7230000400543215 -2.7931740093231205 0.10636182 0.104361825 "" "" 30.16743774686972 "" 3.152151473609183 ""
312.80673724452 48.60045333992 0.0322 0.0424 18.7783 "" "" 2167197414762426624 2096.57251 0.4495 0.0423 1.419 6.348 0.044 0.053 0.945 6314.8 4.4242 16.587866 1.439123 17.245764 15.806641 "" "" 1901.38269 2318.76685 4363.15274 2.1606 1726.3 8.7364 3771.4 10.266 "" "" 0.002807286062821407 0.0061624907 0.0047977483 0.010960239 312.80673724452 48.60045333992 2096.57251 1.4190000000000011 6.348000000000004 3.9359999599456788 8.784825990676879 0.10336182 0.11236182 "" "" 95.66359797573153 "" 10.609860569853854 ""
313.36486660453 48.61738197797 0.0358 0.0363 6.2711 "" "" 2167243491166750336 2826.86841 0.3093 0.0425 -3.48 -4.828 0.053 0.047 1.016 6635.8 3.2754 16.589466 3.276044 18.558426 15.282382 "" "" 2518.24292 3134.73877 4356.72347 3.3865 515.28 6.3295 6112.3 9.9459 "" "" 0.002881672529452921 0.013625501 0.0041719265 0.017797427 313.36486660453 48.61738197797 2826.86841 -3.480000000000001 -4.828000000000001 -0.9630000400543213 -2.3911740093231204 0.11236182 0.10636182 "" "" 34.54093693407208 "" 3.703455950352329 ""
313.47069500937 48.7049505632 0.0346 0.0352 12.9932 "" "" 2167245655830344064 2155.84912 0.4345 0.0409 -2.558 -2.393 0.049 0.046 1.032 8609.1 4.3311 16.591372 1.575709 17.327385 15.751676 "" "" 1989.31677 2337.54468 4349.08388 2.2628 1601.3 6.8705 3967.2 6.4959 "" "" 0.002812632762199524 0.0054301065 0.0041766316 0.009606738 313.47069500937 48.7049505632 2155.84912 -2.5580000000000007 -2.393 -0.04100004005432112 0.04382599067688009 0.108361825 0.10536182 "" "" 0.6132700039050198 "" 0.0654803587517856 ""
313.36189423076 48.70811419035 0.0337 0.0336 11.0601 "" "" 2167245106077053184 2696.79565 0.3425 0.0395 -2.944 -4.6 0.047 0.042 1.0 8886.0 4.2428 16.592773 1.67734 17.385735 15.708395 "" "" 2419.56763 3031.0874 4343.47253 2.0099 1517.5 7.4077 4128.6 8.4707 "" "" 0.0028007515380550725 0.005989612 0.0043870276 0.01037664 313.36189423076 48.70811419035 2696.79565 -2.944 -4.5999999999999925 -0.42700004005432124 -2.1631740093231198 0.10636182 0.101361826 "" "" 28.185014502888254 "" 2.8622949503316297 ""
313.01593920974 48.70546271798 0.0326 0.037 14.3601 "" "" 2167290357850969088 2487.10864 0.3912 0.0399 -3.059 -4.399 0.045 0.045 1.06 7607.4 4.2355 16.593775 1.748917 17.420134 15.671217 "" "" 2243.55835 2782.06079 4339.47266 2.4621 1470.2 10.676 4272.4 11.427 "" "" 0.002823343223319599 0.008363332 0.0047661806 0.013129512 313.01593920974 48.70546271798 2487.10864 -3.0589999999999993 -4.399 -0.5420000400543215 -1.9621740093231201 0.104361825 0.104361825 "" "" 23.99812181954317 "" 2.5044877822515206 ""
313.52472464568 48.74030528022 0.0366 0.0375 15.9865 "" "" 2167246132559564928 2280.91821 0.408 0.0433 -5.51 -6.352 0.052 0.05 1.087 7195.6 4.2532 16.595432 1.767671 17.439245 15.671575 "" "" 2086.86523 2508.78711 4332.85556 2.2494 1444.5 7.4119 4271.0 10.708 "" "" 0.0028123835670167594 0.0062306933 0.0046576303 0.010888323 313.52472464568 48.74030528022 2280.91821 -5.510000000000003 -6.351999999999995 -2.993000040054321 -3.9151740093231204 0.111361824 0.10936183 "" "" 53.28092339681388 "" 5.866429394135269 ""
312.98704890543 48.32934178294 0.0352 0.0368 16.6504 "" "" 2167139587321004160 2713.94727 0.3408 0.0419 -1.566 -3.182 0.044 0.046 1.016 5293.2 3.7644 16.598507 1.851832 17.509983 15.658151 "" "" 2447.26709 3034.27661 4320.59879 2.4626 1353.4 7.5669 4324.1 8.3298 "" "" 0.0028239591131040626 0.006680913 0.004319514 0.0110004265 312.98704890543 48.32934178294 2713.94727 -1.5659999999999994 -3.1820000000000004 0.9509999599456787 -0.7451740093231201 0.10336182 0.10536182 "" "" 15.542087639410203 "" 1.6183536959299005 ""
312.92040717173 48.38980037119 0.037 0.0404 16.3568 "" "" 2167143637461046144 2025.07666 0.4745 0.0449 -0.614 0.263 0.049 0.053 1.061 5010.8 4.2702 16.599863 1.575334 17.334415 15.759082 "" "" 1852.75439 2267.73511 4315.20323 2.543 1590.9 8.1782 3940.3 12.331 "" "" 0.00282863587481243 0.0062399115 0.005082178 0.0113220895 312.92040717173 48.38980037119 2025.07666 -0.6140000000000001 0.26300000000000034 1.9029999599456788 2.69982599067688 0.108361825 0.11236182 "" "" 31.70600503636842 "" 3.520955488280296 ""
313.20678036839 48.22298691388 0.0359 0.0375 18.843 "" "" 2167127252175072640 2204.34302 0.4286 0.0427 2.369 -0.018 0.046 0.047 1.021 6706.7 4.0328 16.602558 2.132863 17.688225 15.555362 "" "" 2024.42749 2412.76343 4304.51121 2.4599 1148.5 10.461 4753.5 9.3316 "" "" 0.0028243171419352867 0.010275395 0.004338967 0.014614362 313.20678036839 48.22298691388 2204.34302 2.3690000000000024 -0.018000000000000065 4.8859999599456785 2.41882599067688 0.10536182 0.10636182 "" "" 56.965125795615045 "" 6.013204798602085 ""
313.30439547965 48.22943763567 0.0362 0.0392 18.3464 "" "" 2167217957575994240 2194.85327 0.4334 0.0421 -6.001 -7.786 0.045 0.047 1.015 6497.3 4.3344 16.60338 1.484803 17.281614 15.796811 "" "" 2016.4646 2481.40088 4301.24898 2.5013 1670.2 8.6107 3805.7 8.8929 "" "" 0.002826736406607798 0.0062543647 0.0045519746 0.010806339 313.30439547965 48.22943763567 2194.85327 -6.001000000000004 -7.786 -3.4840000400543216 -5.34917400932312 0.104361825 0.10636182 "" "" 66.4137289374626 "" 7.024584251456912 ""
313.19610364034 48.52798561656 0.0342 0.0349 2.9214 "" "" 2167237821809821696 2563.99658 0.3677 0.0407 -3.688 -4.508 0.046 0.045 1.024 6858.1 4.0109 16.604605 2.044253 17.645058 15.600804 "" "" 2282.69238 2848.74341 4296.3983 2.4091 1195.1 7.6827 4558.7 11.33 "" "" 0.002821777238856444 0.00751669 0.0046438477 0.012160538 313.19610364034 48.52798561656 2563.99658 -3.6879999999999984 -4.508000000000002 -1.1710000400543215 -2.07117400932312 0.10536182 0.104361825 "" "" 28.916283287136118 "" 3.0247856895735636 ""
313.61825192802 48.5941630401 0.0348 0.0366 14.3248 "" "" 2167232530410048896 1983.93103 0.4789 0.0427 -2.536 -3.292 0.048 0.047 1.001 4884.4 4.1688 16.611418 1.912226 17.553772 15.641546 "" "" 1832.24719 2162.79614 4269.52811 2.0904 1299.9 8.2818 4390.8 11.266 "" "" 0.002806131400473657 0.0074588633 0.004695149 0.012154013 313.61825192802 48.5941630401 1983.93103 -2.5359999999999996 -3.292000000000002 -0.01900004005432132 -0.8551740093231199 0.10736182 0.10636182 "" "" 8.043898253088617 "" 0.8555676558930769 ""
313.25730882103 48.25487933033 0.0412 0.0413 16.7721 "" "" 2167127217815372032 2049.91064 0.468 0.0469 -4.509 -5.586 0.051 0.051 1.085 6854.0 4.332 16.615025 1.530514 17.322634 15.79212 "" "" 1868.90381 2253.27051 4255.36459 2.2502 1608.3 6.5221 3822.2 8.5597 "" "" 0.0028145003573907482 0.0052125906 0.0044939723 0.009706562 313.25730882103 48.25487933033 2049.91064 -4.509 -5.586 -1.9920000400543216 -3.1491740093231204 0.11036182 0.11036182 "" "" 36.20694318515258 "" 3.9958642171348178 ""
312.92907596897 48.33573829125 0.0385 0.0431 18.0294 "" "" 2167142679697705984 2530.3103 0.3714 0.0463 -1.292 -2.858 0.047 0.057 1.046 5322.1 4.2912 16.61613 1.483439 17.293058 15.809619 "" "" 2208.89282 2865.45312 4251.03535 2.7096 1652.7 9.0936 3761.1 10.224 "" "" 0.002840900677322469 0.0065934723 0.004795266 0.011388738 312.92907596897 48.33573829125 2530.3103 -1.2919999999999998 -2.8580000000000005 1.2249999599456787 -0.4211740093231202 0.10636182 0.11636183 "" "" 15.536375677191847 "" 1.6695847003083981 ""
313.0309115437 48.26528401812 0.0388 0.0419 18.7217 "" "" 2167138449140118528 2776.33008 0.3304 0.0468 0.314 -4.574 0.05 0.052 1.063 6780.7 4.3149 16.621372 1.680318 17.377726 15.697408 "" "" 2481.94678 3055.17432 4230.56329 2.8267 1528.7 10.013 4170.6 14.609 "" "" 0.002849221481561928 0.0076393485 0.005361703 0.013001052 313.0309115437 48.26528401812 2776.33008 0.31400000000000006 -4.574 2.8309999599456788 -2.13717400932312 0.10936183 0.111361824 "" "" 46.679430551206934 "" 5.1390347603671085 ""
