Clusters/UBC_379/UBC_379_stars_in_region.tsv
# %ECSV 1.0
# ---
# datatype:
# - name: RA_ICRS_1
#   unit: deg
#   datatype: float64
#   format: '{:15.11f}'
#   description: Right ascension (ICRS) at Ep=2016.0 (ra)
#   meta: !!omap
#   - {ucd: POS_EQ_RA_MAIN}
#   - {width: 15}
#   - {precision: '11'}
# - name: DE_ICRS_1
#   unit: deg
#   datatype: float64
#   format: '{:15.11f}'
#   description: Declination (ICRS) at Ep=2016.0 (dec)
#   meta: !!omap
#   - {ucd: POS_EQ_DEC_MAIN}
#   - {width: 15}
#   - {precision: '11'}
# - name: e_RA_ICRS
#   unit: mas
#   datatype: float64
#   format: '{:7.4f}'
#   description: Standard error of right ascension (ra_error)
#   meta: !!omap
#   - {ucd: ERROR}
#   - {width: 7}
#   - {precision: '4'}
# - name: e_DE_ICRS
#   unit: mas
#   datatype: float64
#   format: '{:7.4f}'
#   description: Standard error of declination (dec_error)
#   meta: !!omap
#   - {ucd: ERROR}
#   - {width: 7}
#   - {precision: '4'}
# - name: _r_1
#   unit: ''
#   datatype: float64
#   format: '{:7.4f}'
#   description: Distance from center (313.26900857000+48.53430576000)[ICRS], at Epoch=J2016.0
#   meta: !!omap
#   - {ucd: POS_ANG_DIST_GENERAL}
#   - {width: 7}
#   - {precision: '4'}
# - name: HIP
#   datatype: int32
#   description: '? HIP cross-id number, van Leeuwen, Cat. I/311 (hip_original_ext_source_id)'
#   meta: !!omap
#   - {ucd: ID_NUMBER}
#   - {width: 6}
#   - values: {'null': -2147483648}
# - name: TYC2
#   datatype: string
#   description: Tycho-2 cross-id name, Hog et al., Cat. I/259 (tyc2_original_ext_source_id)
#   meta: !!omap
#   - {ucd: ID_CROSSID}
#   - {_votable_string_dtype: char}
# - name: Source
#   datatype: int64
#   description: Source identifier, identical to the Gaia-EDR3 source_id (id)
#   meta: !!omap
#   - {ucd: ID_MAIN}
#   - {width: 19}
# - name: rgeo
#   unit: pc
#   datatype: float64
#   format: '{:15.8f}'
#   description: '? Median of the geometric distance posterior (r_med_geo)'
#   meta: !!omap
#   - {ucd: PHYS_DISTANCE_TRUE}
#   - {width: 15}
#   - {precision: '8'}
#   - values: {'null': .nan}
# - name: Plx
#   unit: mas
#   datatype: float64
#   format: '{:9.4f}'
#   description: '? Parallax (parallax)'
#   meta: !!omap
#   - {ucd: POS_PARLX_TRIG}
#   - {width: 9}
#   - {precision: '4'}
#   - values: {'null': .nan}
# - name: e_Plx
#   unit: mas
#   datatype: float32
#   format: '{:7.4f}'
#   description: '? Standard error of parallax (parallax_error)'
#   meta: !!omap
#   - {ucd: ERROR}
#   - {width: 7}
#   - {precision: '4'}
#   - values: {'null': .nan}
# - name: pmRA
#   unit: mas / yr
#   datatype: float64
#   format: '{:9.3f}'
#   description: '? Proper motion in right ascension direction, pmRA*cosDE (pmra)'
#   meta: !!omap
#   - {ucd: POS_EQ_PMRA}
#   - {width: 9}
#   - {precision: '3'}
#   - values: {'null': .nan}
# - name: pmDE
#   unit: mas / yr
#   datatype: float64
#   format: '{:9.3f}'
#   description: '? Proper motion in declination direction (pmdec)'
#   meta: !!omap
#   - {ucd: POS_EQ_PMDEC}
#   - {width: 9}
#   - {precision: '3'}
#   - values: {'null': .nan}
# - name: e_pmRA
#   unit: mas / yr
#   datatype: float32
#   format: '{:6.3f}'
#   description: '? Standard error of proper motion in right ascension direction (pmra_error)'
#   meta: !!omap
#   - {ucd: ERROR}
#   - {width: 6}
#   - {precision: '3'}
#   - values: {'null': .nan}
# - name: e_pmDE
[...]
#         value: !astropy.table.SerializedColumn {name: SkyCoord.dec}
#       distance: !astropy.table.SerializedColumn
#         __class__: astropy.coordinates.distances.Distance
#         unit: !astropy.units.Unit {unit: pc}
#         value: !astropy.table.SerializedColumn {name: SkyCoord.distance}
#       frame: icrs
#       obstime: !astropy.time.Time {format: jyear_str, in_subfmt: '*', jd1: 367701545.0, jd2: 0.0, out_subfmt: '*', precision: 3, scale: tt}
#       pm_dec: !astropy.table.SerializedColumn
#         __class__: astropy.units.quantity.Quantity
#         unit: !astropy.units.Unit {unit: mas / yr}
#         value: !astropy.table.SerializedColumn {name: SkyCoord.pm_dec}
#       pm_ra_cosdec: !astropy.table.SerializedColumn
#         __class__: astropy.units.quantity.Quantity
#         unit: !astropy.units.Unit {unit: mas / yr}
#         value: !astropy.table.SerializedColumn {name: SkyCoord.pm_ra_cosdec}
#       ra: !astropy.table.SerializedColumn
#         __class__: astropy.coordinates.angles.Longitude
#         unit: *id001
#         value: !astropy.table.SerializedColumn {name: SkyCoord.ra}
#         wrap_angle: !astropy.coordinates.Angle
#           unit: *id001
#           value: 360.0
#       representation_type: spherical
# schema: astropy-2.0
RA_ICRS_1 DE_ICRS_1 e_RA_ICRS e_DE_ICRS _r_1 HIP TYC2 Source rgeo Plx e_Plx pmRA pmDE e_pmRA e_pmDE RUWE Teff logg Gmag BP-RP BPmag RPmag RV e_RV b_rgeo B_rgeo FG e_FG FBP e_FBP FRP e_FRP RAVE5 RAVE6 e_Gmag e_BPmag e_RPmag e_BP-RP SkyCoord.ra SkyCoord.dec SkyCoord.distance SkyCoord.pm_ra_cosdec SkyCoord.pm_dec rmRA rmDE e_rmRA e_rmDE rRV e_rRV v_pec v_pec3d e_vpec e_vpec3d
[from data line 459]
312.94249006541 48.44473612369 0.0264 0.0294 14.0524 "" "" 2167145359757252992 2180.82812 0.4319 0.0319 1.012 -2.077 0.034 0.038 0.912 6315.0 4.0576 16.13342 1.454374 16.792757 15.338383 "" "" 2047.15039 2347.23804 6630.99415 2.7055 2620.1 13.305 5805.0 10.215 "" "" 0.0027907040083711325 0.0061792294 0.004234851 0.010414081 312.94249006541 48.44473612369 2180.82812 1.0119999999999996 -2.076999999999998 3.5289999599456787 0.3598259906768799 0.093361825 0.09736182 "" "" 36.668852730992334 "" 3.4250121847861026 ""
313.21821060184 48.55325261755 0.0347 0.0358 2.316 "" "" 2167237959248789248 2744.10034 0.3552 0.0422 -5.392 -6.423 0.048 0.042 1.325 6730.0 3.892 16.142265 1.784651 16.992651 15.208 "" "" 2420.95581 3200.79224 6577.19502 3.8229 2179.5 6.1857 6545.7 10.641 "" "" 0.0028266653378579347 0.0041569737 0.0041712155 0.008328189 313.21821060184 48.55325261755 2744.10034 -5.392000000000002 -6.423 -2.8750000400543216 -3.98617400932312 0.10736182 0.101361826 "" "" 63.926911697640016 "" 6.613502750416237 ""
313.33024355445 48.39050264903 0.0311 0.0306 8.9656 "" "" 2167224284072638336 1967.31042 0.4829 0.0349 -0.749 -2.837 0.039 0.038 1.047 4921.9 4.0754 16.143164 1.907675 17.09168 15.184006 "" "" 1847.55115 2105.17139 6571.75477 3.0006 1989.5 5.3555 6692.0 9.9677 "" "" 0.0027995614421813886 0.004040677 0.004110846 0.008151524 313.33024355445 48.39050264903 1967.31042 -0.7490000000000001 -2.837 1.7679999599456786 -0.4001740093231203 0.09836182 0.09736182 "" "" 16.9037310718894 "" 1.6618619443738312 ""
313.11562217368 48.39103850979 0.0272 0.028 10.542 "" "" 2167141442747023488 2679.09766 0.3481 0.0319 -3.913 -4.916 0.035 0.035 0.98 9214.1 3.4705 16.143991 1.680002 16.934078 15.254076 "" "" 2472.23706 2951.97681 6566.74255 2.7722 2300.3 9.1845 6273.8 9.8952 "" "" 0.0027931837978447016 0.0051553673 0.004149243 0.00930461 313.11562217368 48.39103850979 2679.09766 -3.9129999999999994 -4.916000000000004 -1.396000040054321 -2.4791740093231205 0.09436183 0.09436183 "" "" 36.13087914202659 "" 3.4093757589171907 ""
312.812255957 48.50362765724 0.0274 0.0328 18.2455 "" "" 2167193566471700736 2239.29077 0.4145 0.0335 0.282 -1.235 0.037 0.04 0.967 6446.3 4.2409 16.1444 1.366006 16.754534 15.388528 "" "" 2093.23242 2429.01807 6564.27718 2.8648 2714.0 9.862 5543.0 9.5378 "" "" 0.00279576710758285 0.004832225 0.0042159185 0.009048143 312.812255957 48.50362765724 2239.29077 0.28200000000000003 -1.2349999999999999 2.7989999599456787 1.2018259906768798 0.09636182 0.09936182 "" "" 32.332137894545944 "" 3.1308802221257364 ""
313.12543345121 48.79585775082 0.0267 0.0284 16.6926 "" "" 2167296886201314560 2015.31396 0.4671 0.0318 -5.483 -6.482 0.035 0.035 1.028 7637.0 4.2902 16.146692 1.528825 16.850105 15.321281 "" "" 1901.89832 2180.92017 6550.4304 2.5431 2485.3 6.6208 5897.2 8.6572 "" "" 0.002787376599651205 0.004018822 0.0041017295 0.008120552 313.12543345121 48.79585775082 2015.31396 -5.482999999999999 -6.481999999999999 -2.966000040054321 -4.04517400932312 0.09436183 0.09436183 "" "" 47.91609935133402 "" 4.521450666842057 ""
313.19282333965 48.82199516675 0.0296 0.0283 17.5233 "" "" 2167296611323435904 2251.89453 0.4233 0.0329 -2.226 -3.919 0.04 0.034 1.1 8921.7 4.2805 16.148924 1.525058 16.85287 15.327813 "" "" 2107.021 2429.61963 6536.97842 2.7543 2479.0 8.9003 5861.8 8.0457 "" "" 0.002793038532876905 0.004793766 0.0040625795 0.008856345 313.19282333965 48.82199516675 2251.89453 -2.225999999999998 -3.9189999999999987 0.29099995994567873 -1.4821740093231202 0.09936182 0.093361825 "" "" 16.12273074193054 "" 1.5089488522711954 ""
312.98800479878 48.42285301148 0.0277 0.0298 13.0244 "" "" 2167144535123384960 2316.94141 0.401 0.0327 -5.13 -0.853 0.037 0.039 1.015 4954.2 3.4211 16.154669 2.068249 17.215923 15.147675 "" "" 2177.92603 2554.24487 6502.48658 3.0513 1774.4 7.4756 6919.7 9.662 "" "" 0.002802028263613461 0.0053580506 0.0040721046 0.009430155 312.98800479878 48.42285301148 2316.94141 -5.130000000000001 -0.8530000000000001 -2.613000040054321 1.58382599067688 0.09636182 0.09836182 "" "" 33.55677278093966 "" 3.2517601879307554 ""
312.91630853163 48.47831938406 0.0291 0.0316 14.4174 "" "" 2167192570039333120 2395.96362 0.3887 0.0351 -4.325 -7.368 0.038 0.041 0.978 6298.8 3.7765 16.167927 2.178718 17.302425 15.123708 "" "" 2208.07031 2621.12207 6423.5636 2.9253 1638.5 8.7611 7074.2 9.1541 "" "" 0.002799333138609744 0.006441149 0.004032075 0.010473223 312.91630853163 48.47831938406 2395.96362 -4.325 -7.368 -1.8080000400543215 -4.93117400932312 0.09736182 0.100361824 "" "" 59.64825481590028 "" 5.965483007904156 ""
313.27091605103 48.57896863333 0.0604 0.0661 2.6808 "" "" 2167238337205939840 2616.75537 0.3905 0.0735 -1.454 -4.286 0.083 0.083 2.592 5592.2 3.9606 16.168108 1.585996 16.864437 15.278441 "" "" 2240.24194 3139.16626 6422.49176 8.502 2452.7 8.5892 6134.5 8.1418 "" "" 0.0031076626970912564 0.004716102 0.0040447772 0.008760879 313.27091605103 48.57896863333 2616.75537 -1.4539999999999997 -4.286 1.0629999599456788 -1.8491740093231197 0.14236182 0.14236182 "" "" 26.455694599057566 "" 3.7662808257162603 ""
313.43303624057 48.5319228154 0.0269 0.0296 6.5186 "" "" 2167231087289438080 2463.05542 0.3804 0.0326 -1.218 -3.914 0.037 0.038 0.958 6030.2 3.8393 16.17365 1.668247 16.781008 15.112761 "" "" 2295.22656 2678.5061 6389.78898 3.6552 2648.6 19.491 7145.8 60.601 "" "" 0.002824452556761396 0.008463082 0.009953205 0.018416286 313.43303624057 48.5319228154 2463.05542 -1.218 -3.914 1.2989999599456787 -1.4771740093231203 0.09636182 0.09736182 "" "" 22.965547608613182 "" 2.2259817550332976 ""
313.6135111914 48.68689521209 0.0286 0.0285 16.4498 "" "" 2167233797413180800 2423.07568 0.3905 0.0337 -4.859 -6.947 0.041 0.04 1.001 6930.2 4.1712 16.174202 1.568033 16.900724 15.332691 "" "" 2221.73779 2603.00952 6386.54945 2.4807 2372.1 11.555 5835.6 10.887 "" "" 0.002787408072364443 0.0059797144 0.0042879665 0.0102676805 313.6135111914 48.68689521209 2423.07568 -4.858999999999998 -6.946999999999998 -2.3420000400543213 -4.51017400932312 0.100361824 0.09936182 "" "" 58.368592724338825 "" 5.812054876486892 ""
312.99531682432 48.54590633117 0.0275 0.0317 10.8949 "" "" 2167240055192777216 2486.27734 0.3862 0.0335 3.142 -4.969 0.038 0.039 1.042 7142.9 4.0962 16.177822 1.665332 16.961689 15.296357 "" "" 2311.45117 2714.61768 6365.28295 2.8919 2242.5 8.7981 6034.1 12.45 "" "" 0.0027991267334252436 0.0050921743 0.0043934146 0.009485589 312.99531682432 48.54590633117 2486.27734 3.142000000000002 -4.969000000000001 5.658999959945678 -2.5321740093231204 0.09736182 0.09836182 "" "" 73.06309332610743 "" 7.125796027103945 ""
313.15916745654 48.42063580191 0.0266 0.0276 8.0995 "" "" 2167235416627760512 2679.39038 0.3399 0.0313 -2.771 -3.689 0.036 0.035 0.995 "" "" 16.179535 1.377205 16.79396 15.416756 "" "" 2510.23022 2881.65112 6355.25563 2.5951 2617.2 9.4279 5400.8 9.7129 "" "" 0.0027907610795861737 0.0048043723 0.004253987 0.00905836 313.15916745654 48.42063580191 2679.39038 -2.771 -3.6890000000000005 -0.2540000400543212 -1.2521740093231202 0.09536182 0.09436183 "" "" 16.22688084285761 "" 1.5318426780752383 ""
313.41884469971 48.81228142787 0.0281 0.029 17.7036 "" "" 2167250225675550336 2432.90649 0.3827 0.0334 -2.882 -5.063 0.039 0.037 0.997 6580.5 3.9946 16.184298 1.874461 17.106924 15.232463 "" "" 2288.04419 2632.35571 6327.43622 2.858 1961.8 7.5317 6399.9 8.399 "" "" 0.0027986230107185177 0.0050159805 0.004039061 0.009055041 313.41884469971 48.81228142787 2432.90649 -2.8820000000000006 -5.063000000000002 -0.3650000400543214 -2.62617400932312 0.09836182 0.09636182 "" "" 30.57608542674961 "" 2.947538023351959 ""
313.26482746951 48.53889961578 0.0329 0.0346 0.3218 "" "" 2167237650000439808 2179.16626 0.438 0.0402 -1.253 -2.996 0.045 0.045 1.32 7466.6 4.3371 16.19132 1.332758 16.762922 15.430164 "" "" 2010.67944 2320.98657 6286.64397 3.3546 2693.1 6.516 5334.5 7.6628 "" "" 0.0028155716662290288 0.003832225 0.004088537 0.007920762 313.26482746951 48.53889961578 2179.16626 -1.2529999999999997 -2.9959999999999996 1.2639999599456788 -0.5591740093231201 0.104361825 0.104361825 "" "" 14.276692968065612 "" 1.4899417287047163 ""
313.65105098418 48.41058365457 0.0277 0.0283 16.9133 "" "" 2167225963395395584 2192.84131 0.4384 0.0321 -0.284 -1.855 0.035 0.037 1.009 6602.5 3.9946 16.193933 1.560555 16.912489 15.351934 "" "" 2052.7168 2363.50513 6271.53129 2.627 2346.5 6.2958 5733.0 8.5893 "" "" 0.0027926015160527344 0.004033754 0.0041145827 0.008148337 313.65105098418 48.41058365457 2192.84131 -0.2840000000000007 -1.855 2.232999959945679 0.5818259906768799 0.09436183 0.09636182 "" "" 23.98488365408324 "" 2.2663373023999833 ""
313.0100679668 48.29047938075 0.0295 0.0319 17.8989 "" "" 2167139312443097856 2270.84204 0.4203 0.036 -0.636 -3.585 0.038 0.04 1.007 6969.2 4.1897 16.194723 1.566795 16.891209 15.324413 "" "" 2103.56836 2474.63184 6266.96512 2.6838 2392.9 9.7942 5880.2 44.011 "" "" 0.0027942760743410937 0.0052472563 0.0089621795 0.014209436 313.0100679668 48.29047938075 2270.84204 -0.6359999999999997 -3.584999999999999 1.8809999599456786 -1.14817400932312 0.09736182 0.09936182 "" "" 23.720583738838634 "" 2.3224530749897343 ""
313.5465959872 48.45140076445 0.0269 0.0274 12.1067 "" "" 2167226925468223104 2214.06152 0.4293 0.0313 -2.588 -2.265 0.035 0.037 0.979 9244.1 4.2147 16.195347 1.449286 16.849981 15.400695 "" "" 2120.58862 2318.20508 6263.36835 2.557 2485.6 10.186 5481.3 9.5717 "" "" 0.002790745140729092 0.005251835 0.004228286 0.009480121 313.5465959872 48.45140076445 2214.06152 -2.5880000000000005 -2.2650000000000006 -0.07100004005432137 0.17182599067687976 0.09436183 0.09636182 "" "" 1.9511354370678968 "" 0.18745091973238798 ""
313.65758795759 48.56069450398 0.0493 0.0536 15.5153 "" "" 2167229506753079296 2884.10791 0.3258 0.0603 -3.277 1.107 0.068 0.073 2.011 6413.4 4.117 16.19811 1.586315 16.810204 15.223888 "" "" 2528.7063 3522.14819 6247.44839 5.0729 2578.3 8.7793 6450.6 18.897 "" "" 0.0028929276825576397 0.0046317317 0.0049396674 0.0095714 313.65758795759 48.56069450398 2884.10791 -3.2770000000000015 1.1070000000000004 -0.7600000400543214 3.54382599067688 0.12736183 0.13236183 "" "" 49.54803334642696 "" 6.547572287690769 ""
313.19057457842 48.80979895178 0.0278 0.0277 16.8192 "" "" 2167296576963693696 2701.16675 0.3408 0.0319 -2.488 -3.369 0.037 0.034 1.015 9081.3 4.3694 16.202 1.376911 16.813227 15.436316 "" "" 2502.82715 2999.31396 6225.11121 2.4855 2571.1 5.7409 5304.3 7.8915 "" "" 0.002789213739938128 0.0036962482 0.004110104 0.0078063523 313.19057457842 48.80979895178 2701.16675 -2.4879999999999995 -3.3690000000000007 0.02899995994567872 -0.9321740093231203 0.09636182 0.093361825 "" "" 11.940892470863876 "" 1.1148587030343107 ""
313.15807249994 48.44354002401 0.0261 0.0301 7.0085 "" "" 2167235519706981120 2069.49634 0.4595 0.032 -0.018 -1.585 0.034 0.039 1.03 6357.0 4.0402 16.20512 1.65294 16.987597 15.334657 "" "" 1961.10071 2201.21021 6207.23889 2.6476 2189.7 7.2428 5825.0 8.5504 "" "" 0.002793967499146355 0.004547764 0.004101671 0.008649435 313.15807249994 48.44354002401 2069.49634 -0.017999999999999905 -1.5849999999999995 2.498999959945679 0.8518259906768799 0.093361825 0.09836182 "" "" 25.898722629694216 "" 2.4317532306581557 ""
313.2218758162 48.48761944743 0.0276 0.0296 3.3699 "" "" 2167236000743383040 2871.35596 0.3197 0.0339 -4.103 -4.321 0.036 0.036 0.978 8097.4 3.9671 16.208176 1.722308 17.033047 15.310739 "" "" 2650.0752 3158.97998 6189.79743 2.5714 2099.9 7.3382 5954.7 8.6516 "" "" 0.00279199368746399 0.004709636 0.0040953797 0.008805016 313.2218758162 48.48761944743 2871.35596 -4.103 -4.321 -1.586000040054321 -1.8841740093231198 0.09536182 0.09536182 "" "" 33.51961025959779 "" 3.1964910854125486 ""
313.12433415456 48.44831485148 0.0272 0.0314 7.7276 "" "" 2167235691505660672 2253.11694 0.4139 0.0333 -1.452 -3.824 0.036 0.038 1.058 5249.1 3.4659 16.208473 2.024522 17.224827 15.200305 "" "" 2085.38403 2419.81787 6188.09923 3.0117 1759.9 7.0711 6592.3 8.3351 "" "" 0.002805533182911394 0.005178358 0.0040209736 0.0091993315 313.12433415456 48.44831485148 2253.11694 -1.4520000000000002 -3.824 1.0649999599456788 -1.38717400932312 0.09536182 0.09736182 "" "" 18.677324267147124 "" 1.804695635355806 ""
313.18711719828 48.64483839291 0.0269 0.0306 7.3855 "" "" 2167241704460280576 2268.073 0.4147 0.0337 -2.519 -2.685 0.039 0.037 0.942 7065.5 4.0559 16.209114 1.643413 16.978918 15.335506 "" "" 2109.20825 2482.8645 6184.44939 2.8592 2207.2 6.612 5820.4 7.604 "" "" 0.0028006698676738308 0.0042852904 0.0040367963 0.008322086 313.18711719828 48.64483839291 2268.073 -2.519 -2.685 -0.002000040054321417 -0.24817400932312017 0.09836182 0.09636182 "" "" 2.668122529270576 "" 0.2571055020724545 ""
313.00103256086 48.40670208936 0.0276 0.0299 13.1247 "" "" 2167144260245481216 2787.08521 0.3222 0.0326 -2.623 -3.477 0.036 0.037 0.966 4696.1 3.2724 16.210907 2.178043 17.345257 15.167213 "" "" 2579.92603 2987.33569 6174.24321 2.9171 1575.1 7.0737 6796.3 8.8556 "" "" 0.0028026643579252687 0.005617858 0.004035487 0.009653345 313.00103256086 48.40670208936 2787.08521 -2.6229999999999998 -3.4770000000000003 -0.10600004005432151 -1.04017400932312 0.09536182 0.09636182 "" "" 13.812681516187185 "" 1.3308739372773608 ""
313.19602849855 48.47935050488 0.027 0.0297 4.3919 "" "" 2167236035103096576 2031.55566 0.468 0.0326 -3.334 -4.88 0.036 0.037 1.061 7141.3 4.1349 16.21184 1.535567 16.918306 15.382739 "" "" 1893.30945 2173.38721 6168.94674 2.4918 2334.0 7.7393 5572.7 10.078 "" "" 0.002790003946778594 0.0045548216 0.004259002 0.008813824 313.19602849855 48.47935050488 2031.55566 -3.333999999999998 -4.880000000000001 -0.8170000400543214 -2.44317400932312 0.09536182 0.09636182 "" "" 24.80730041066642 "" 2.3879933046780435 ""
313.40020744527 48.23387636529 0.0297 0.0304 18.7686 "" "" 2167217480844425728 2802.07178 0.326 0.0336 -1.485 -3.541 0.038 0.038 0.967 4943.1 3.3362 16.216293 2.376472 17.491747 15.115275 "" "" 2584.82935 3049.78394 6143.6911 3.0156 1376.3 9.0478 7129.3 13.546 "" "" 0.0028063858968236186 0.007663605 0.00430575 0.011969355 313.40020744527 48.23387636529 2802.07178 -1.4849999999999999 -3.5410000000000004 1.0319999599456786 -1.10417400932312 0.09736182 0.09736182 "" "" 20.073678229471362 "" 1.9544098054845247 ""
313.16022120437 48.57043951798 0.0273 0.0274 4.834 "" "" 2167241085984963072 2775.73315 0.3429 0.0322 -2.33 -3.507 0.038 0.034 1.018 7972.9 4.2168 16.223148 1.599009 16.96266 15.363651 "" "" 2561.86255 3006.27344 6105.02683 2.5827 2240.5 6.7752 5671.5 10.94 "" "" 0.0027933420365340504 0.004308672 0.0043208697 0.008629542 313.16022120437 48.57043951798 2775.73315 -2.3300000000000014 -3.5070000000000014 0.18699995994567864 -1.0701740093231202 0.09736182 0.093361825 "" "" 14.293595089768734 "" 1.3362052864315115 ""
313.568954864 48.49998897589 0.0339 0.0339 12.0975 "" "" 2167227513888537472 2918.09155 0.332 0.0391 -2.629 -2.966 0.045 0.047 1.2 8556.3 4.1253 16.226147 1.726031 17.03693 15.310899 "" "" 2621.87061 3334.49097 6088.18963 4.2204 2092.4 8.2099 5953.9 9.0931 "" "" 0.0028562672648770084 0.0050924756 0.004127145 0.00921962 313.568954864 48.49998897589 2918.09155 -2.629 -2.9659999999999975 -0.11200004005432129 -0.5291740093231203 0.104361825 0.10636182 "" "" 7.4815487999028445 "" 0.7951153870191462 ""
313.35091383838 48.52109254152 0.0273 0.0283 3.3497 "" "" 2167237065895376256 2381.81836 0.3967 0.0329 -2.565 -2.405 0.037 0.035 1.003 8519.9 3.8099 16.229216 1.441717 16.885904 15.444187 "" "" 2220.00073 2590.47754 6071.008 2.5468 2404.7 7.2747 5266.0 7.5414 "" "" 0.002792712109552686 0.004309692 0.00408673 0.0083964225 313.35091383838 48.52109254152 2381.81836 -2.565 -2.405 -0.048000040054321236 0.03182599067688008 0.09636182 0.09436183 "" "" 0.6502090465095716 "" 0.06226109711274946 ""
