Clusters/NGC_3228/NGC_3228_members.tsv
# %ECSV 1.0
# ---
# datatype:
# - name: RA_ICRS_1
#   unit: deg
#   datatype: float64
#   format: '{:15.11f}'
#   description: Right ascension (ICRS) at Ep=2016.0 (ra)
#   meta: !!omap
#   - {ucd: POS_EQ_RA_MAIN}
#   - {width: 15}
#   - {precision: '11'}
# - name: DE_ICRS_1
#   unit: deg
#   datatype: float64
#   format: '{:15.11f}'
#   description: Declination (ICRS) at Ep=2016.0 (dec)
#   meta: !!omap
#   - {ucd: POS_EQ_DEC_MAIN}
#   - {width: 15}
#   - {precision: '11'}
# - name: e_RA_ICRS
#   unit: mas
#   datatype: float64
#   format: '{:7.4f}'
#   description: Standard error of right ascension (ra_error)
#   meta: !!omap
#   - {ucd: ERROR}
#   - {width: 7}
#   - {precision: '4'}
# - name: e_DE_ICRS
#   unit: mas
#   datatype: float64
#   format: '{:7.4f}'
#   description: Standard error of declination (dec_error)
#   meta: !!omap
#   - {ucd: ERROR}
#   - {width: 7}
#   - {precision: '4'}
# - name: _r_1
#   unit: ''
#   datatype: float64
#   format: '{:8.4f}'
#   description: Distance from center (155.46341141000-51.75700460000)[ICRS], at Epoch=J2016.0
#   meta: !!omap
#   - {ucd: POS_ANG_DIST_GENERAL}
#   - {width: 8}
#   - {precision: '4'}
# - name: HIP
#   datatype: int32
#   description: '? HIP cross-id number, van Leeuwen, Cat. I/311 (hip_original_ext_source_id)'
#   meta: !!omap
#   - {ucd: ID_NUMBER}
#   - {width: 6}
#   - values: {'null': -2147483648}
# - name: TYC2
#   datatype: string
#   description: Tycho-2 cross-id name, Hog et al., Cat. I/259 (tyc2_original_ext_source_id)
#   meta: !!omap
#   - {ucd: ID_CROSSID}
#   - {_votable_string_dtype: char}
# - name: Source
#   datatype: int64
#   description: Source identifier, identical to the Gaia-EDR3 source_id (id)
#   meta: !!omap
#   - {ucd: ID_MAIN}
#   - {width: 19}
# - name: rgeo
#   unit: pc
#   datatype: float64
#   format: '{:15.8f}'
#   description: '? Median of the geometric distance posterior (r_med_geo)'
#   meta: !!omap
#   - {ucd: PHYS_DISTANCE_TRUE}
#   - {width: 15}
#   - {precision: '8'}
#   - values: {'null': .nan}
# - name: Plx
#   unit: mas
#   datatype: float64
#   format: '{:9.4f}'
#   description: '? Parallax (parallax)'
#   meta: !!omap
#   - {ucd: POS_PARLX_TRIG}
#   - {width: 9}
#   - {precision: '4'}
#   - values: {'null': .nan}
# - name: e_Plx
#   unit: mas
#   datatype: float32
#   format: '{:7.4f}'
#   description: '? Standard error of parallax (parallax_error)'
#   meta: !!omap
#   - {ucd: ERROR}
#   - {width: 7}
#   - {precision: '4'}
#   - values: {'null': .nan}
# - name: pmRA
#   unit: mas / yr
#   datatype: float64
#   format: '{:9.3f}'
#   description: '? Proper motion in right ascension direction, pmRA*cosDE (pmra)'
#   meta: !!omap
#   - {ucd: POS_EQ_PMRA}
#   - {width: 9}
#   - {precision: '3'}
#   - values: {'null': .nan}
# - name: pmDE
#   unit: mas / yr
#   datatype: float64
#   format: '{:9.3f}'
#   description: '? Proper motion in declination direction (pmdec)'
#   meta: !!omap
#   - {ucd: POS_EQ_PMDEC}
#   - {width: 9}
#   - {precision: '3'}
#   - values: {'null': .nan}
# - name: e_pmRA
#   unit: mas / yr
#   datatype: float32
#   format: '{:6.3f}'
#   description: '? Standard error of proper motion in right ascension direction (pmra_error)'
#   meta: !!omap
#   - {ucd: ERROR}
#   - {width: 6}
#   - {precision: '3'}
#   - values: {'null': .nan}
# - name: e_pmDE
[...]
#         unit: &id001 !astropy.units.Unit {unit: deg}
#         value: !astropy.table.SerializedColumn {name: SkyCoord.dec}
#       distance: !astropy.table.SerializedColumn
#         __class__: astropy.coordinates.distances.Distance
#         unit: !astropy.units.Unit {unit: pc}
#         value: !astropy.table.SerializedColumn {name: SkyCoord.distance}
#       frame: icrs
#       obstime: !astropy.time.Time {format: jyear_str, in_subfmt: '*', jd1: 367701545.0, jd2: 0.0, out_subfmt: '*', precision: 3, scale: tt}
#       pm_dec: !astropy.table.SerializedColumn
#         __class__: astropy.units.quantity.Quantity
#         unit: !astropy.units.Unit {unit: mas / yr}
#         value: !astropy.table.SerializedColumn {name: SkyCoord.pm_dec}
#       pm_ra_cosdec: !astropy.table.SerializedColumn
#         __class__: astropy.units.quantity.Quantity
#         unit: !astropy.units.Unit {unit: mas / yr}
#         value: !astropy.table.SerializedColumn {name: SkyCoord.pm_ra_cosdec}
#       ra: !astropy.table.SerializedColumn
#         __class__: astropy.coordinates.angles.Longitude
#         unit: *id001
#         value: !astropy.table.SerializedColumn {name: SkyCoord.ra}
#         wrap_angle: !astropy.coordinates.Angle
#           unit: *id001
#           value: 360.0
#       representation_type: spherical
# schema: astropy-2.0
RA_ICRS_1 DE_ICRS_1 e_RA_ICRS e_DE_ICRS _r_1 HIP TYC2 Source rgeo Plx e_Plx pmRA pmDE e_pmRA e_pmDE RUWE Teff logg Gmag BP-RP BPmag RPmag RV e_RV b_rgeo B_rgeo FG e_FG FBP e_FBP FRP e_FRP RAVE5 RAVE6 e_Gmag e_BPmag e_RPmag e_BP-RP SkyCoord.ra SkyCoord.dec SkyCoord.distance SkyCoord.pm_ra_cosdec SkyCoord.pm_dec Pmemb
[from data line 39]
156.01178405933 -51.69857562848 0.0115 0.0118 20.6789 "" "" 5357567979150752768 472.405182 2.0811 0.0145 -14.79 -0.797 0.016 0.015 0.979 5491.0 4.4393 13.767202 1.075726 14.222055 13.14633 8.14 3.81 469.140533 475.938232 58622.68479 53.963 27964.0 89.141 43715.0 120.7 "" "" 0.00293098282536685 0.004445629 0.0048239473 0.0092695765 156.01178405933 -51.69857562848 472.405182 -14.789999999999997 -0.7969999999999977 1.0
155.23411507637 -51.82704597308 0.0129 0.0145 9.4906 "" "" 5358302001933724672 474.331299 2.0788 0.017 -14.176 -0.635 0.017 0.017 1.321 5156.6 4.423 13.813596 0.94768 14.148281 13.200602 9.0 6.37 470.508636 478.576477 56170.51551 16.37 29930.0 193.96 41583.0 222.0 "" "" 0.0027734295257851784 0.007569098 0.0069197156 0.0144888135 155.23411507637 -51.82704597308 474.331299 -14.176000000000002 -0.6349999999999991 1.0
155.27200419725 -51.02759788433 0.0174 0.0204 44.3472 "" "" 5358363785049990656 502.300995 1.9595 0.0196 -15.014 -0.586 0.024 0.027 1.464 5125.2 4.3969 13.929568 1.054651 14.372532 13.317881 11.3 3.11 497.059235 508.141541 50480.00972 24.371 24345.0 43.619 37326.0 57.816 "" "" 0.002804737289189605 0.003401368 0.0041366657 0.0075380336 155.27200419725 -51.02759788433 502.300995 -15.013999999999996 -0.5859999999999993 0.9
154.98509198032 -51.0194500652 0.0125 0.0135 47.7396 "" "" 5358413056918084992 476.441833 2.0613 0.0155 -14.955 -0.626 0.017 0.017 0.945 5024.7 4.4909 14.158355 1.107468 14.631773 13.524305 12.89 5.83 473.467468 480.418152 40888.83799 17.628 19174.0 35.341 30863.0 43.132 "" "" 0.002794797093529181 0.0034336348 0.004072601 0.0075062355 154.98509198032 -51.0194500652 476.441833 -14.955000000000004 -0.6259999999999999 1.0
155.23630729996 -52.05081277684 0.0133 0.013 19.5306 "" "" 5358204458946053760 482.754211 2.0387 0.0161 -14.701 -0.297 0.018 0.015 0.894 4939.3 4.4769 14.293869 1.179487 14.805233 13.625746 11.09 6.58 478.724548 485.717651 36091.00413 29.558 16343.0 44.586 28110.0 66.834 "" "" 0.00289524946082691 0.004069242 0.0045768465 0.008646089 155.23630729996 -52.05081277684 482.754211 -14.701 -0.29700000000000026 1.0
155.21542344487 -51.64723794559 0.0151 0.0148 11.3318 "" "" 5358312485959634432 476.205017 2.0663 0.0182 -14.619 -0.717 0.02 0.018 1.202 "" "" 14.300168 1.290397 14.863606 13.573209 -47.92 5.93 473.272827 480.079803 35882.24907 49.711 15487.0 83.132 29504.0 100.85 "" "" 0.003139158979658393 0.006461542 0.00529689 0.011758432 155.21542344487 -51.64723794559 476.205017 -14.618999999999996 -0.7170000000000012 1.0
155.67525228446 -51.92482844579 0.0134 0.0134 12.7697 "" "" 5357552379828258816 470.674622 2.088 0.0162 -14.877 -0.752 0.019 0.017 1.035 4788.5 4.3798 14.414891 1.319654 15.000257 13.680603 20.6 4.5 467.496185 474.076965 32284.22485 69.897 13656.0 103.95 26725.0 144.73 "" "" 0.003621803373983851 0.008722943 0.0069897203 0.015712664 155.67525228446 -51.92482844579 470.674622 -14.877000000000004 -0.7520000000000017 1.0
156.9972003293 -51.41140149555 0.0147 0.0146 60.8247 "" "" 5357917383325866112 478.075195 2.0534 0.0189 -14.707 -1.115 0.019 0.018 1.118 4701.4 4.4635 14.508075 1.290622 15.080046 13.789424 12.45 4.99 474.026703 482.830566 29628.98514 15.789 12688.0 21.372 24176.0 32.05 "" "" 0.0028154115532807136 0.0033361225 0.0040441896 0.0073803123 156.9972003293 -51.41140149555 478.075195 -14.707 -1.1150000000000002 0.9
155.90446613802 -53.20430419737 0.017 0.0161 88.3205 "" "" 5357321963423670528 486.027588 2.024 0.0207 -14.54 -0.697 0.024 0.02 1.027 4245.6 4.2758 14.945618 1.569997 15.674184 14.104187 50.59 4.85 480.117188 490.514099 19801.57015 23.005 7340.8 29.12 18092.0 62.7 "" "" 0.0030303260457507954 0.0051317713 0.005333105 0.010464877 155.90446613802 -53.20430419737 486.027588 -14.54 -0.6970000000000001 1.0
156.58169171983 -52.28630891987 0.0177 0.0174 52.0889 "" "" 5357470397490586752 473.497345 2.0836 0.0217 -15.371 -0.761 0.023 0.021 1.014 4508.8 4.3799 14.954676 1.478124 15.63343 14.155307 -1.97 6.2 468.529663 478.199493 19637.06699 30.159 7621.6 39.427 17260.0 62.838 "" "" 0.003220610180486034 0.006271444 0.00546886 0.011740304 156.58169171983 -52.28630891987 473.497345 -15.370999999999995 -0.7609999999999976 1.0
154.61208908963 -52.10099567925 0.0165 0.0176 37.657 "" "" 5358212052447560832 470.185791 2.0985 0.0217 -14.851 -0.445 0.022 0.022 1.01 4621.5 4.4535 14.964128 1.429488 15.611239 14.181751 17.71 7.41 465.599762 474.666565 19466.83969 25.649 7779.0 34.528 16844.0 51.512 "" "" 0.0031045494673370166 0.0055686096 0.005030769 0.0105993785 154.61208908963 -52.10099567925 470.185791 -14.851000000000003 -0.4449999999999986 1.0
154.92047397374 -50.93959205012 0.0181 0.018 53.0974 "" "" 5358414293868685312 470.161652 2.089 0.0217 -15.324 -0.645 0.025 0.022 0.985 4271.0 4.3991 15.258766 1.582297 15.991726 14.409429 "" "" 465.655884 475.129791 14840.2161 17.439 5479.3 25.82 13658.0 35.553 "" "" 0.003036384005735065 0.0058276504 0.0047192713 0.010546922 154.92047397374 -50.93959205012 470.161652 -15.324000000000003 -0.645 1.0
155.35533479289 -51.66484709022 0.0213 0.0204 6.8352 "" "" 5358310767972743040 477.712311 2.0564 0.0252 -14.76 -0.543 0.028 0.026 1.077 4209.6 4.3977 15.300168 1.605696 16.05433 14.448635 "" "" 470.988586 483.711975 14284.98096 20.621 5172.3 28.125 13174.0 41.74 "" "" 0.003169896515349595 0.006529942 0.005110515 0.011640457 155.35533479289 -51.66484709022 477.712311 -14.76 -0.5430000000000003 1.0
155.64921618165 -52.14686149167 0.0217 0.0213 24.3796 "" "" 5357542518583463808 471.557037 2.0865 0.0255 -15.109 -0.692 0.029 0.026 1.039 4072.2 4.3045 15.313522 1.637945 16.085066 14.447121 "" "" 465.514832 476.660217 14110.35632 31.605 5027.9 37.826 13192.0 70.293 "" "" 0.0036750276824229124 0.008631632 0.0069103832 0.015542015 155.64921618165 -52.14686149167 471.557037 -15.109 -0.6919999999999998 1.0
154.4756206323 -51.16855058596 0.0188 0.0192 51.0878 "" "" 5358395808327588736 480.745148 2.0418 0.0244 -14.805 -0.431 0.027 0.023 1.023 4282.9 4.4973 15.352823 1.649546 16.134037 14.484491 "" "" 475.843292 485.66687 13608.73094 13.924 4806.2 21.594 12746.0 32.928 "" "" 0.0029708355545033423 0.0056197364 0.004706499 0.010326236 154.4756206323 -51.16855058596 480.745148 -14.804999999999996 -0.4309999999999987 1.0
156.3484555075 -52.38069335293 0.0224 0.0225 49.6572 "" "" 5357480636692298496 494.858063 1.9884 0.028 -14.546 -0.828 0.03 0.028 1.044 4030.7 4.2515 15.450557 1.680483 16.235823 14.55534 "" "" 488.380219 502.459045 12437.24056 19.769 4376.1 33.114 11940.0 41.782 "" "" 0.0032511689109087174 0.008676638 0.0053589907 0.014035629 156.3484555075 -52.38069335293 494.858063 -14.546 -0.8280000000000016 1.0
156.06909946082 -52.04172832257 0.0225 0.0254 28.19 "" "" 5357535852794526848 490.976624 2.004 0.0275 -14.39 -0.734 0.03 0.035 1.026 4192.5 4.3956 15.470934 1.659292 16.256506 14.597214 "" "" 484.212036 498.039246 12205.98952 18.313 4293.5 23.721 11489.0 52.103 "" "" 0.0032008287218803773 0.0066157067 0.0062070945 0.012822801 156.06909946082 -52.04172832257 490.976624 -14.39 -0.7339999999999994 1.0
155.50871126483 -51.56177340232 0.0223 0.0219 11.8346 "" "" 5358334029517182592 479.792267 2.0542 0.0268 -14.897 -0.683 0.029 0.029 0.99 4289.9 4.5018 15.635917 1.745527 16.481869 14.736341 "" "" 473.051758 486.119232 10485.2808 3.1212 3488.7 7.4355 10107.0 8.9654 "" "" 0.002774210696448832 0.0036248902 0.0039001654 0.0075250557 155.50871126483 -51.56177340232 479.792267 -14.897 -0.6829999999999988 1.0
157.77367169766 -52.15237659637 0.0267 0.0298 88.6548 "" "" 5357674356899370624 469.518829 2.105 0.0359 -14.307 -0.873 0.036 0.034 1.051 4436.3 4.6766 15.879172 1.63989 16.658775 15.018886 "" "" 460.55127 477.517334 8380.65411 3.0498 2964.2 9.7396 7791.2 9.3744 "" "" 0.0027835051849757655 0.00452899 0.0039987885 0.008527778 157.77367169766 -52.15237659637 469.518829 -14.307000000000004 -0.8729999999999989 1.0
156.4844371391 -51.66447676083 0.0283 0.0285 38.3631 "" "" 5357899310102052352 484.291901 2.0211 0.0344 -14.597 -0.897 0.04 0.033 0.994 3637.2 4.145 15.921385 1.929521 16.883286 14.953765 "" "" 477.700806 491.79718 8061.07227 11.216 2410.5 17.607 8272.8 31.922 "" "" 0.0031422781197187437 0.008407048 0.0056423056 0.014049353 156.4844371391 -51.66447676083 484.291901 -14.597 -0.8970000000000002 1.0
155.33561575412 -50.44750342597 0.0256 0.0264 78.7174 "" "" 5358826438925704960 473.479767 2.094 0.0322 -15.472 -0.1 0.035 0.034 1.008 4334.0 4.593 16.06259 1.710098 16.884306 15.174208 "" "" 466.190094 481.611389 7078.0027 2.6099 2408.2 9.0651 6752.7 8.6685 "" "" 0.0027842535370529798 0.004948595 0.0040281904 0.0089767855 155.33561575412 -50.44750342597 473.479767 -15.472 -0.1000000000000014 1.0
155.52347834255 -51.92882997615 0.0349 0.033 10.5472 "" "" 5357549283136663424 475.577942 2.0675 0.0414 -14.837 -0.82 0.049 0.04 1.298 5621.6 4.634 16.093506 1.993102 17.073523 15.080421 "" "" 466.253998 485.553711 6879.29848 5.3123 2023.1 9.5264 7361.9 15.75 "" "" 0.0028800592293631968 0.005824345 0.004436125 0.01026047 155.52347834255 -51.92882997615 475.577942 -14.837 -0.819999999999999 1.0
155.53033005277 -51.81372964315 0.0292 0.0275 4.2134 "" "" 5357556812234315904 468.515656 2.0906 0.0363 -14.856 -0.689 0.037 0.034 1.034 3608.8 4.0892 16.099827 2.385973 17.371355 14.985382 "" "" 460.495789 477.534454 6839.36859 6.2178 1537.7 7.6954 8035.4 16.49 "" "" 0.002926787234180166 0.006108072 0.0043872795 0.010495352 155.53033005277 -51.81372964315 468.515656 -14.856 -0.6889999999999992 1.0
155.11977288084 -51.56752289265 0.0304 0.0297 17.112 "" "" 5358325370861288960 475.221161 2.0765 0.0362 -14.752 -0.721 0.039 0.036 1.019 3921.7 4.4686 16.160328 2.072257 17.211353 15.139096 "" "" 468.602722 482.284729 6468.67636 9.7352 1781.9 12.44 6974.6 28.084 "" "" 0.003203399180447132 0.008077089 0.005778986 0.013856075 155.11977288084 -51.56752289265 475.221161 -14.752000000000004 -0.7210000000000012 1.0
155.13919271173 -51.57772535888 0.0312 0.0307 16.1641 "" "" 5358313619830766720 468.571838 2.0972 0.0373 -14.769 -0.625 0.041 0.037 1.036 4074.0 4.4701 16.16396 2.01819 17.174063 15.155872 "" "" 460.772827 475.822693 6447.08332 8.6593 1844.1 9.9073 6867.7 27.72 "" "" 0.0031174345685118835 0.0064660218 0.005786937 0.0122529585 155.13919271173 -51.57772535888 468.571838 -14.769 -0.625 1.0
155.25428096542 -51.27047702303 0.0303 0.0308 30.218 "" "" 5358354198683095296 512.1604 1.9197 0.0381 -14.262 -0.597 0.04 0.037 1.006 "" "" 16.32562 2.033011 17.34681 15.313798 "" "" 503.087921 522.16925 5555.18706 7.0032 1572.9 9.5294 5938.0 16.733 "" "" 0.003076564466009521 0.0071452158 0.00486257 0.012007786 155.25428096542 -51.27047702303 512.1604 -14.262 -0.597 1.0
155.32655139379 -51.64669119541 0.0342 0.032 8.3491 "" "" 5358310836692459264 458.295013 2.1386 0.0396 -14.948 -0.456 0.044 0.04 1.026 3810.5 4.4967 16.370628 2.192703 17.506935 15.314232 "" "" 448.862335 468.760651 5329.60867 7.4104 1357.2 9.2212 5935.6 23.419 "" "" 0.003141778683425624 0.007886837 0.005712668 0.013599506 155.32655139379 -51.64669119541 458.295013 -14.947999999999997 -0.4560000000000026 1.0
155.94207995152 -51.99028852848 0.0354 0.0393 22.5904 "" "" 5357539838523984256 478.951141 2.049 0.0465 -14.474 -0.558 0.046 0.048 1.028 3522.7 4.1748 16.432486 2.797734 18.01134 15.213605 "" "" 469.556702 490.987488 5034.4545 3.7573 852.87 7.459 6512.0 13.406 "" "" 0.0028719995179490496 0.0098970365 0.0043908632 0.0142879 155.94207995152 -51.99028852848 478.951141 -14.474 -0.5580000000000008 1.0
154.727072693 -51.23721214936 0.0362 0.0412 41.5828 "" "" 5358381274158559104 490.013519 2.018 0.0457 -14.735 -0.466 0.046 0.049 0.975 3654.1 4.28 16.54303 2.1908 17.671173 15.480373 "" "" 477.764343 500.194946 4547.10373 4.7279 1166.7 12.586 5093.4 17.655 "" "" 0.0029776195011203144 0.0120403385 0.005333588 0.017373927 154.727072693 -51.23721214936 490.013519 -14.734999999999998 -0.4659999999999996 1.0
156.14065218257 -52.05189749821 0.0367 0.0379 30.6851 "" "" 5357535921514008576 479.9711 2.0522 0.0467 -14.464 -0.887 0.048 0.049 1.01 3622.9 4.2524 16.616299 2.267117 17.799772 15.532656 "" "" 468.762329 490.026245 4250.37345 6.9089 1036.4 8.7577 4854.0 18.544 "" "" 0.003272072812969045 0.009589488 0.0056114863 0.015200974 156.14065218257 -52.05189749821 479.9711 -14.464 -0.887 1.0
155.4952757906 -51.80013977461 0.0405 0.0383 2.8456 "" "" 5357556880953789824 465.078552 2.1137 0.0506 -14.813 -0.649 0.05 0.047 0.997 3614.9 4.2539 16.72193 2.26307 17.901512 15.638442 "" "" 454.865631 477.006989 3856.33915 3.755 943.65 7.9332 4403.3 9.9598 "" "" 0.0029511812927173636 0.009544637 0.0045071924 0.014051829 155.4952757906 -51.80013977461 465.078552 -14.812999999999997 -0.649 1.0
154.78583504173 -51.97337825427 0.0399 0.0376 28.2628 "" "" 5358219572914095616 509.144135 1.9424 0.0477 -13.869 -0.456 0.052 0.047 0.969 3675.0 4.3509 16.731403 2.251188 17.912386 15.661198 "" "" 497.34552 519.088074 3822.8349 5.0123 934.25 8.6493 4312.0 12.122 "" "" 0.0031013404742599236 0.010431823 0.0048579774 0.0152898 154.78583504173 -51.97337825427 509.144135 -13.868999999999996 -0.4560000000000015 1.0
155.4348186568 -52.06903978643 0.0414 0.0389 18.752 "" "" 5357546744831063168 490.1521 2.019 0.0488 -15.038 -0.711 0.056 0.048 0.978 "" "" 16.810352 2.355053 18.06016 15.705107 "" "" 476.999939 503.078888 3554.72328 4.492 815.37 6.6462 4141.1 12.572 "" "" 0.0030780203356115146 0.00927941 0.005014841 0.014294252 155.4348186568 -52.06903978643 490.1521 -15.038000000000004 -0.7110000000000002 1.0
154.89545803825 -51.06220084743 0.0479 0.0506 46.794 "" "" 5358407421920952064 460.071503 2.1552 0.0562 -14.758 -0.414 0.065 0.064 0.922 3749.6 4.6723 16.88871 2.32272 18.113823 15.791103 "" "" 447.989197 473.208252 3307.21507 2.9933 776.05 9.5788 3825.8 7.8324 "" "" 0.002925311829465433 0.013688642 0.004384574 0.018073216 154.89545803825 -51.06220084743 460.071503 -14.758 -0.4139999999999997 1.0
155.33150039997 -51.8711094915 0.0424 0.0424 8.415 "" "" 5358301009807197440 456.755371 2.1635 0.0527 -15.121 -0.618 0.055 0.052 0.991 3554.0 4.3519 16.936695 2.143268 17.930777 15.787509 "" "" 445.120667 468.509155 3164.23602 2.492 918.56 23.368 3838.4 32.587 "" "" 0.002884950646283627 0.0277615 0.009962335 0.037723836 155.33150039997 -51.8711094915 456.755371 -15.121 -0.618 1.0
155.97665013793 -52.43984142862 0.0449 0.0451 45.1264 "" "" 5357383501715836800 474.094818 2.0663 0.0557 -14.529 -1.014 0.059 0.054 1.038 3435.9 4.4043 16.963102 2.752216 18.502048 15.749832 "" "" 463.118286 488.505157 3088.20345 2.8873 542.75 5.9006 3974.0 10.081 "" "" 0.002936362446272529 0.012129054 0.0046764845 0.016805539 155.97665013793 -52.43984142862 474.094818 -14.529000000000003 -1.0140000000000007 1.0
154.91124127438 -51.93853588741 0.0457 0.0435 23.184 "" "" 5358208199840786560 462.654297 2.1297 0.0561 -14.985 -0.497 0.063 0.053 0.974 3550.0 4.2407 16.966639 2.410878 18.237852 15.826974 "" "" 451.298126 476.14682 3078.16202 3.2352 692.27 6.4897 3701.4 9.4629 "" "" 0.0029822743006347407 0.010553764 0.0046892 0.015242964 154.91124127438 -51.93853588741 462.654297 -14.985 -0.49700000000000144 1.0
156.11189920059 -51.32522091372 0.0421 0.0446 35.4511 "" "" 5357966410364154240 483.878296 2.0227 0.0552 -14.752 -0.349 0.059 0.058 1.012 3440.5 4.134 16.980074 2.723618 18.508951 15.785334 "" "" 470.211487 504.283966 3040.30571 4.0593 539.31 6.668 3846.1 12.783 "" "" 0.003113394659480948 0.013710886 0.005225475 0.018936362 156.11189920059 -51.32522091372 483.878296 -14.751999999999997 -0.34899999999999926 1.0
