Clusters/NGC_3228/NGC_3228_stars_in_region.tsv
# %ECSV 1.0
# ---
# datatype:
# - name: RA_ICRS_1
#   unit: deg
#   datatype: float64
#   format: '{:15.11f}'
#   description: Right ascension (ICRS) at Ep=2016.0 (ra)
#   meta: !!omap
#   - {ucd: POS_EQ_RA_MAIN}
#   - {width: 15}
#   - {precision: '11'}
# - name: DE_ICRS_1
#   unit: deg
#   datatype: float64
#   format: '{:15.11f}'
#   description: Declination (ICRS) at Ep=2016.0 (dec)
#   meta: !!omap
#   - {ucd: POS_EQ_DEC_MAIN}
#   - {width: 15}
#   - {precision: '11'}
# - name: e_RA_ICRS
#   unit: mas
#   datatype: float64
#   format: '{:7.4f}'
#   description: Standard error of right ascension (ra_error)
#   meta: !!omap
#   - {ucd: ERROR}
#   - {width: 7}
#   - {precision: '4'}
# - name: e_DE_ICRS
#   unit: mas
#   datatype: float64
#   format: '{:7.4f}'
#   description: Standard error of declination (dec_error)
#   meta: !!omap
#   - {ucd: ERROR}
#   - {width: 7}
#   - {precision: '4'}
# - name: _r_1
#   unit: ''
#   datatype: float64
#   format: '{:8.4f}'
#   description: Distance from center (155.46341141000-51.75700460000)[ICRS], at Epoch=J2016.0
#   meta: !!omap
#   - {ucd: POS_ANG_DIST_GENERAL}
#   - {width: 8}
#   - {precision: '4'}
# - name: HIP
#   datatype: int32
#   description: '? HIP cross-id number, van Leeuwen, Cat. I/311 (hip_original_ext_source_id)'
#   meta: !!omap
#   - {ucd: ID_NUMBER}
#   - {width: 6}
#   - values: {'null': -2147483648}
# - name: TYC2
#   datatype: string
#   description: Tycho-2 cross-id name, Hog et al., Cat. I/259 (tyc2_original_ext_source_id)
#   meta: !!omap
#   - {ucd: ID_CROSSID}
#   - {_votable_string_dtype: char}
# - name: Source
#   datatype: int64
#   description: Source identifier, identical to the Gaia-EDR3 source_id (id)
#   meta: !!omap
#   - {ucd: ID_MAIN}
#   - {width: 19}
# - name: rgeo
#   unit: pc
#   datatype: float64
#   format: '{:15.8f}'
#   description: '? Median of the geometric distance posterior (r_med_geo)'
#   meta: !!omap
#   - {ucd: PHYS_DISTANCE_TRUE}
#   - {width: 15}
#   - {precision: '8'}
#   - values: {'null': .nan}
# - name: Plx
#   unit: mas
#   datatype: float64
#   format: '{:9.4f}'
#   description: '? Parallax (parallax)'
#   meta: !!omap
#   - {ucd: POS_PARLX_TRIG}
#   - {width: 9}
#   - {precision: '4'}
#   - values: {'null': .nan}
# - name: e_Plx
#   unit: mas
#   datatype: float32
#   format: '{:7.4f}'
#   description: '? Standard error of parallax (parallax_error)'
#   meta: !!omap
#   - {ucd: ERROR}
#   - {width: 7}
#   - {precision: '4'}
#   - values: {'null': .nan}
# - name: pmRA
#   unit: mas / yr
#   datatype: float64
#   format: '{:9.3f}'
#   description: '? Proper motion in right ascension direction, pmRA*cosDE (pmra)'
#   meta: !!omap
#   - {ucd: POS_EQ_PMRA}
#   - {width: 9}
#   - {precision: '3'}
#   - values: {'null': .nan}
# - name: pmDE
#   unit: mas / yr
#   datatype: float64
#   format: '{:9.3f}'
#   description: '? Proper motion in declination direction (pmdec)'
#   meta: !!omap
#   - {ucd: POS_EQ_PMDEC}
#   - {width: 9}
#   - {precision: '3'}
#   - values: {'null': .nan}
# - name: e_pmRA
#   unit: mas / yr
#   datatype: float32
#   format: '{:6.3f}'
#   description: '? Standard error of proper motion in right ascension direction (pmra_error)'
#   meta: !!omap
#   - {ucd: ERROR}
#   - {width: 6}
#   - {precision: '3'}
#   - values: {'null': .nan}
# - name: e_pmDE
[...]
#         unit: &id001 !astropy.units.Unit {unit: deg}
#         value: !astropy.table.SerializedColumn {name: SkyCoord.dec}
#       distance: !astropy.table.SerializedColumn
#         __class__: astropy.coordinates.distances.Distance
#         unit: !astropy.units.Unit {unit: pc}
#         value: !astropy.table.SerializedColumn {name: SkyCoord.distance}
#       frame: icrs
#       obstime: !astropy.time.Time {format: jyear_str, in_subfmt: '*', jd1: 367701545.0, jd2: 0.0, out_subfmt: '*', precision: 3, scale: tt}
#       pm_dec: !astropy.table.SerializedColumn
#         __class__: astropy.units.quantity.Quantity
#         unit: !astropy.units.Unit {unit: mas / yr}
#         value: !astropy.table.SerializedColumn {name: SkyCoord.pm_dec}
#       pm_ra_cosdec: !astropy.table.SerializedColumn
#         __class__: astropy.units.quantity.Quantity
#         unit: !astropy.units.Unit {unit: mas / yr}
#         value: !astropy.table.SerializedColumn {name: SkyCoord.pm_ra_cosdec}
#       ra: !astropy.table.SerializedColumn
#         __class__: astropy.coordinates.angles.Longitude
#         unit: *id001
#         value: !astropy.table.SerializedColumn {name: SkyCoord.ra}
#         wrap_angle: !astropy.coordinates.Angle
#           unit: *id001
#           value: 360.0
#       representation_type: spherical
# schema: astropy-2.0
RA_ICRS_1 DE_ICRS_1 e_RA_ICRS e_DE_ICRS _r_1 HIP TYC2 Source rgeo Plx e_Plx pmRA pmDE e_pmRA e_pmDE RUWE Teff logg Gmag BP-RP BPmag RPmag RV e_RV b_rgeo B_rgeo FG e_FG FBP e_FBP FRP e_FRP RAVE5 RAVE6 e_Gmag e_BPmag e_RPmag e_BP-RP SkyCoord.ra SkyCoord.dec SkyCoord.distance SkyCoord.pm_ra_cosdec SkyCoord.pm_dec
[from data line 1060]
155.06009587346 -53.13855679995 0.0149 0.0146 84.1946 "" "" 5355885898170281088 460.037354 2.1376 0.0184 -9.659 8.473 0.019 0.017 0.98 4850.2 4.5597 14.577694 1.194282 15.079147 13.884865 2.54 4.61 456.562897 463.96579 27788.75316 5.3694 12699.0 14.015 22142.0 92.783 "" "" 0.00276329522224368 0.0030365859 0.0059146294 0.008951215 155.06009587346 -53.13855679995 460.037354 -9.659000000000002 8.473
154.47234141444 -51.03050811939 0.0271 0.0281 57.2418 "" "" 5358399106862268800 455.439117 2.1581 0.0367 -16.382 9.029 0.038 0.032 1.98 4941.6 4.491 14.577767 1.155952 15.074443 13.918491 "" "" 446.989624 464.263611 27786.87643 6.0289 12754.0 13.558 21467.0 14.191 "" "" 0.002765372183964189 0.0030194668 0.0038469306 0.0068663973 154.47234141444 -51.03050811939 455.439117 -16.382000000000005 9.029
156.11476936543 -51.83080929961 0.0163 0.0161 24.5738 "" "" 5357563134427807488 482.544128 2.0281 0.0195 -15.502 -2.113 0.022 0.019 1.011 4802.8 4.5408 14.57931 1.201141 15.105293 13.904152 47.84 4.49 476.963074 488.217896 27747.42023 4.6575 12397.0 10.428 21752.0 15.178 "" "" 0.0027613407034210425 0.0029358384 0.0038545667 0.006790405 156.11476936543 -51.83080929961 482.544128 -15.501999999999997 -2.1129999999999995
155.55124696865 -51.08297345772 0.0143 0.0144 40.5752 "" "" 5358725490010945664 550.825195 1.779 0.0177 -19.865 -16.462 0.02 0.018 0.938 4986.2 4.4935 14.581258 1.098597 15.050281 13.951683 27.37 9.25 546.314941 556.45697 27697.69845 4.5868 13041.0 14.385 20820.0 11.211 "" "" 0.0027611804644288285 0.0030363414 0.003824334 0.0068606753 155.55124696865 -51.08297345772 550.825195 -19.865 -16.462
153.37820105744 -52.74066374698 0.0611 0.0647 96.6918 "" "" 5356707439509225728 552.751587 1.7819 0.0734 -21.708 8.852 0.081 0.087 4.345 4900.6 4.4585 14.583838 1.238806 15.096433 13.857627 2.91 5.92 534.521362 573.03125 27631.93196 18.544 12498.0 14.96 22704.0 12.684 "" "" 0.0028500375705181893 0.0030779948 0.0038277474 0.006905742 153.37820105744 -52.74066374698 552.751587 -21.708 8.852
154.21746107131 -51.70867719582 0.016 0.0162 46.3893 "" "" 5358271357359042944 401.207642 2.4561 0.0204 -0.466 -1.32 0.021 0.021 1.011 5482.1 4.5121 14.584558 1.544076 15.289597 13.745521 60.98 21.72 397.832581 404.314545 27613.64646 84.802 10461.0 108.89 25174.0 198.78 "" "" 0.004325441862471728 0.011640906 0.009369317 0.021010224 154.21746107131 -51.70867719582 401.207642 -0.4660000000000001 -1.3200000000000003
156.410743855 -50.17894154574 0.014 0.0159 101.2218 "" "" 5358121755048058112 516.099854 1.9003 0.0177 -1.793 -2.385 0.018 0.019 0.971 5107.0 4.5706 14.586414 1.057453 15.032596 13.975143 -8.94 4.13 512.118408 520.350647 27566.45785 7.1567 13255.0 17.13 20375.0 18.95 "" "" 0.002769700844953973 0.0031231167 0.0039119595 0.007035076 156.410743855 -50.17894154574 516.099854 -1.7930000000000001 -2.385
155.38991268075 -53.27316235641 0.0175 0.0148 91.009 "" "" 5355881671923025536 558.296204 1.7606 0.0189 -4.316 3.035 0.023 0.019 1.022 5057.1 4.5426 14.589081 1.086195 15.051635 13.96544 16.21 4.75 553.566101 563.741028 27498.83673 5.6532 13025.0 13.39 20558.0 23.284 "" "" 0.0027643462103877758 0.00300514 0.003974406 0.006979546 155.38991268075 -53.27316235641 558.296204 -4.316 3.035
156.71698838016 -50.70051810003 0.0305 0.0404 78.9698 "" "" 5358092274385243776 425.241272 2.3135 0.0291 -19.711 14.117 0.037 0.046 1.179 "" "" 14.5909 "" "" "" 57.94 5.93 420.009277 431.018158 27452.80669 149.89 "" "" "" "" "" "" 0.006537071309388679 "" "" "" 156.71698838016 -50.70051810003 425.241272 -19.711 14.116999999999999
153.68262527304 -52.92984522116 0.0854 0.0793 95.9782 "" "" 5356689812964081920 473.000305 2.0918 0.0986 -14.988 7.187 0.106 0.095 5.749 4914.7 4.4491 14.591098 1.22439 15.09872 13.87433 3.21 4.8 452.079132 494.777649 27447.80396 22.105 12472.0 16.567 22358.0 25.315 "" "" 0.0028907359544733027 0.003140868 0.0039742906 0.0071151583 153.68262527304 -52.92984522116 473.000305 -14.988 7.187000000000001
156.18712565099 -50.97456130264 0.0141 0.0138 54.2117 "" "" 5358000705693179904 451.496979 2.1803 0.0178 -7.784 -10.103 0.018 0.017 0.984 4828.3 4.6169 14.594037 1.19491 15.11276 13.91785 80.96 4.04 446.254395 455.627838 27373.59643 4.7614 12312.0 11.542 21479.0 11.958 "" "" 0.0027617848199439853 0.0029700224 0.0038274145 0.0067974366 156.18712565099 -50.97456130264 451.496979 -7.784000000000001 -10.102999999999998
156.26344655084 -52.63651117277 0.0145 0.0145 60.4178 "" "" 5357365943890011776 528.786194 1.8487 0.018 4.096 -11.093 0.019 0.019 1.01 5059.4 4.549 14.594133 1.100837 15.064375 13.963538 50.39 5.75 522.811035 533.980835 27371.18254 13.712 12873.0 29.289 20594.0 28.594 "" "" 0.002808493123941148 0.0037265818 0.0040689427 0.007795525 156.26344655084 -52.63651117277 528.786194 4.096 -11.093000000000002
154.8967357531 -53.21610685966 0.0165 0.0165 89.9603 "" "" 5355890876020115968 474.411896 2.0765 0.0202 -18.776 17.149 0.021 0.02 1.012 4817.5 4.5558 14.59734 1.230288 15.111877 13.88159 17.22 5.5 469.551483 478.562622 27290.45603 6.2514 12322.0 40.555 22209.0 138.9 "" "" 0.0027665222524101882 0.004533716 0.0077713397 0.012305056 154.8967357531 -53.21610685966 474.411896 -18.775999999999996 17.148999999999994
156.05514671987 -52.07505122507 0.0153 0.0174 29.0471 "" "" 5357535680995827840 416.792114 2.3636 0.0201 20.345 -21.932 0.021 0.021 0.971 4588.9 4.6023 14.606128 1.361184 15.219467 13.858283 41.67 4.93 413.467468 420.122681 27070.46203 4.8966 11159.0 14.72 22691.0 21.654 "" "" 0.002762310468163154 0.0031362837 0.0039188345 0.007055118 156.05514671987 -52.07505122507 416.792114 20.345 -21.931999999999995
153.64435484326 -51.41761450973 0.0489 0.0502 70.8024 "" "" 5358479714808937216 402.989349 2.45 0.0608 -11.731 9.164 0.069 0.07 3.222 4506.8 4.4173 14.608162 1.40456 15.244327 13.839766 80.77 4.9 392.900879 411.93338 27019.79863 5.0187 10907.0 12.714 23081.0 15.176 "" "" 0.0027626904859089766 0.0030637928 0.0038462132 0.006910006 153.64435484326 -51.41761450973 402.989349 -11.731000000000002 9.164
158.00598212957 -51.29534187711 0.033 0.0323 98.8661 "" "" 5357820110905539328 576.987061 1.7081 0.0413 -24.508 -6.893 0.045 0.039 2.347 4702.6 4.3879 14.621774 1.259397 15.157948 13.898551 47.82 3.55 563.736938 591.288025 26683.16032 15.303 11810.0 11.156 21864.0 13.86 "" "" 0.0028248039712357536 0.002972697 0.0038415415 0.0068142386 158.00598212957 -51.29534187711 576.987061 -24.508000000000003 -6.893
153.38809108341 -52.58847939987 0.0719 0.0404 91.2115 "" "" 5356710085194854400 553.111694 1.7799 0.0411 -5.916 1.043 0.077 0.043 1.346 "" "" 14.62221 "" "" "" "" "" 543.744812 562.242126 26672.42229 31.027 "" "" "" "" "" "" 0.003030997513586547 "" "" "" 153.38809108341 -52.58847939987 553.111694 -5.916 1.043
156.19530135773 -52.32114320963 0.0166 0.0169 43.305 "" "" 5357478849985684480 489.476562 2.0107 0.022 -24.453 7.367 0.023 0.021 1.142 4900.4 4.5647 14.622783 1.140594 15.093769 13.953176 9.61 5.74 484.746002 495.324585 26658.37541 11.027 12529.0 23.378 20792.0 31.157 "" "" 0.002791681360623497 0.0034480817 0.0041147065 0.007562788 156.19530135773 -52.32114320963 489.476562 -24.453000000000003 7.367
154.59527208082 -52.51000177578 0.0174 0.0184 55.3479 "" "" 5358165769878846208 512.634155 1.9188 0.0216 -20.728 11.616 0.023 0.023 1.126 "" "" 14.626543 "" "" "" 18.39 4.55 506.814575 518.837219 26566.21201 9.5172 "" "" "" "" "" "" 0.002782638776190299 "" "" "" 154.59527208082 -52.51000177578 512.634155 -20.728000000000005 11.616
156.39216789285 -50.80671377616 0.381 0.5373 66.8261 "" "" 5358008539715353984 571.816345 2.0116 0.5427 -5.041 9.022 0.476 0.63 20.126 "" "" 14.639734 0.817032 14.323998 13.506967 "" "" 420.507446 756.421631 26245.38661 95.046 25458.0 38.401 31360.0 39.435 "" "" 0.004801231027434985 0.0032353068 0.004018431 0.007253738 156.39216789285 -50.80671377616 571.816345 -5.041000000000002 9.022
156.38059561912 -52.94334073207 0.0161 0.0158 78.7167 "" "" 5357352440513226368 524.430786 1.8667 0.0204 -10.312 3.874 0.022 0.019 1.11 5009.7 4.5549 14.641338 1.103541 15.11427 14.010729 9.92 4.61 518.593262 529.839722 26206.64776 12.969 12294.0 24.251 19718.0 23.87 "" "" 0.0028072199711665696 0.0035173814 0.004001408 0.0075187893 156.38059561912 -52.94334073207 524.430786 -10.311999999999998 3.8739999999999997
154.53420846094 -52.03777926169 0.0187 0.0199 38.306 "" "" 5358215350982196224 532.46344 1.8384 0.0244 -9.243 5.992 0.025 0.024 1.354 4995.0 4.6102 14.647979 1.146884 15.141372 13.994488 -32.29 5.56 524.40802 540.044495 26046.84704 9.8997 11991.0 18.821 20015.0 33.447 "" "" 0.0027860503861532786 0.0032694382 0.004192334 0.0074617723 154.53420846094 -52.03777926169 532.46344 -9.242999999999999 5.992
157.00852723444 -51.06200277253 0.0149 0.0159 71.2908 "" "" 5357941366423023616 391.490784 2.5201 0.0188 -59.23 7.498 0.02 0.02 0.99 4622.0 4.5716 14.648031 1.343693 15.250335 13.906642 -6.96 3.38 388.61203 394.813782 26045.58602 4.9216 10846.0 10.814 21702.0 12.004 "" "" 0.002762947838901356 0.0029928123 0.0038267989 0.0068196114 157.00852723444 -51.06200277253 391.490784 -59.23 7.4979999999999976
154.25929004225 -50.54349347268 0.0154 0.0154 85.7599 "" "" 5358628389394209920 428.769104 2.2939 0.0197 -24.776 15.72 0.021 0.018 1.044 4637.8 4.5711 14.649464 1.276751 15.216972 13.940222 -8.32 5.78 425.047119 432.071472 26011.26338 7.0667 11185.0 15.515 21041.0 18.378 "" "" 0.002771064302746496 0.003170685 0.0038965424 0.0070672273 154.25929004225 -50.54349347268 428.769104 -24.776 15.719999999999999
154.77728772139 -50.15935243436 0.0147 0.0161 99.3032 "" "" 5358825889168205184 494.843964 1.9858 0.0181 -8.312 1.732 0.021 0.022 0.994 4861.7 4.5341 14.653175 1.138278 15.143995 14.005717 -9.71 4.33 490.811981 498.403473 25922.48871 8.972 11962.0 17.262 19809.0 17.819 "" "" 0.0027808275949829787 0.0031999825 0.0039035368 0.0071035195 154.77728772139 -50.15935243436 494.843964 -8.311999999999998 1.7320000000000002
156.58087890936 -52.95621445778 0.0146 0.0145 82.7866 "" "" 5357169852871750400 459.803986 2.1345 0.0186 -13.793 -14.347 0.021 0.018 0.986 4806.6 4.4299 14.657872 1.307027 15.233614 13.926587 12.68 7.44 456.133331 463.520721 25810.58991 21.251 11015.0 34.672 21307.0 51.81 "" "" 0.0028967064826010565 0.0044119046 0.004610174 0.0090220785 156.58087890936 -52.95621445778 459.803986 -13.793 -14.346999999999998
154.93107390321 -51.3325093788 0.0171 0.0191 32.2996 "" "" 5358333101802023168 462.204865 2.1238 0.0212 -29.382 20.962 0.022 0.022 1.186 4444.1 4.4381 14.659457 1.526175 15.3683 13.842125 1.64 4.94 456.747864 468.167419 25772.93797 5.3333 9729.6 7.9791 23031.0 14.66 "" "" 0.0027644653452213934 0.0029287974 0.0038420511 0.0067708483 154.93107390321 -51.3325093788 462.204865 -29.38200000000001 20.961999999999996
156.5404375392 -52.76578415763 0.0145 0.0144 72.3022 "" "" 5357454248413767552 486.569 2.0253 0.0185 23.153 -18.313 0.018 0.017 1.049 4753.2 4.5235 14.659925 1.22216 15.198805 13.976645 7.99 5.59 482.062897 491.448303 25761.8159 4.4624 11374.0 10.192 20347.0 10.488 "" "" 0.0027617311971591886 0.0029549268 0.0038205935 0.0067755203 156.5404375392 -52.76578415763 486.569 23.153000000000002 -18.312999999999995
156.56299424712 -51.65880891265 0.0247 0.0236 41.3047 "" "" 5357898794706166784 478.043457 2.0605 0.0286 -15.36 1.704 0.033 0.029 1.822 4570.8 4.2984 14.660498 1.480326 15.333158 13.852833 28.1 8.01 471.812134 482.601959 25748.24857 7.7542 10050.0 18.251 22805.0 23.532 "" "" 0.0027746534164827356 0.0034165364 0.003941942 0.0073584784 156.56299424712 -51.65880891265 478.043457 -15.36 1.7040000000000006
154.28904692136 -50.59895915279 0.0155 0.0155 82.3327 "" "" 5358619352783255040 550.781555 1.7829 0.0194 -3.335 -13.807 0.021 0.019 1.05 4893.6 4.4444 14.663352 1.158612 15.162114 14.003502 45.48 5.78 543.565796 558.350647 25680.65083 7.8672 11764.0 14.941 19850.0 17.721 "" "" 0.0027753234804974687 0.0031123231 0.0039016975 0.0070140203 154.28904692136 -50.59895915279 550.781555 -3.335 -13.807000000000002
157.74015883183 -50.99430327494 0.0146 0.0144 96.7678 "" "" 5357839936474318080 485.954742 2.0218 0.0185 -17.398 1.113 0.021 0.018 0.942 4893.8 4.6304 14.670831 1.217765 15.205461 13.987696 26.95 4.0 481.052887 490.343506 25504.35093 10.458 11304.0 18.561 20141.0 28.207 "" "" 0.0027910563663188924 0.003311086 0.0040737935 0.0073848795 157.74015883183 -50.99430327494 485.954742 -17.398000000000003 1.1130000000000004
156.27382508258 -51.94786584451 0.0153 0.0156 32.1439 "" "" 5357514721553673600 541.209534 1.8098 0.0198 -22.123 6.16 0.02 0.019 1.027 4971.1 4.5252 14.672347 1.108237 15.14551 14.037272 "" "" 535.675537 546.659302 25468.76376 10.065 11946.0 18.463 19242.0 24.624 "" "" 0.002788528679330065 0.0032559007 0.004026687 0.0072825877 156.27382508258 -51.94786584451 541.209534 -22.122999999999998 6.160000000000001
155.46968329099 -51.33169648222 0.0581 0.168 25.5196 "" "" 5358346845684971520 522.657776 1.8853 0.0779 18.632 -3.061 0.062 0.148 1.92 "" "" 14.672848 "" "" "" "" "" 503.708099 541.547913 25457.03179 20.366 "" "" "" "" "" "" 0.0028889901131450057 "" "" "" 155.46968329099 -51.33169648222 522.657776 18.632 -3.0610000000000017
154.84966066387 -52.55035171663 0.116 0.1106 52.6903 "" "" 5358167556585689472 498.664734 1.9755 0.1398 -5.795 -12.111 0.149 0.138 7.522 4922.1 4.2674 14.674857 1.168997 15.133342 13.964345 -28.16 5.43 469.533997 538.544128 25409.95798 26.275 12080.0 12.849 20579.0 9.7082 "" "" 0.0029752715779333967 0.003019724 0.0038139317 0.0068336558 154.84966066387 -52.55035171663 498.664734 -5.794999999999998 -12.110999999999997
153.64990680323 -51.13531866437 0.0153 0.0154 77.3944 "" "" 5358502976351697664 554.542053 1.7698 0.0183 -19.108 10.436 0.019 0.019 1.013 5088.0 4.5442 14.685267 1.065123 15.133669 14.068546 -18.78 4.83 548.59613 561.177307 25167.48942 8.7403 12077.0 23.51 18696.0 24.901 "" "" 0.0027810005122181967 0.0035003216 0.004046588 0.00754691 153.64990680323 -51.13531866437 554.542053 -19.108 10.436
156.30578413952 -53.04028780428 0.0636 0.0675 82.9418 "" "" 5357350271533526144 398.695923 2.495 0.0808 -50.576 21.362 0.085 0.078 4.416 4556.0 4.4742 14.686971 1.409948 15.255456 13.845508 58.93 6.82 387.020447 409.263397 25128.02711 37.227 10795.0 12.373 22959.0 20.536 "" "" 0.003190469583868567 0.00305511 0.0039021613 0.006957271 156.30578413952 -53.04028780428 398.695923 -50.57600000000001 21.362
156.59437305853 -50.60782241515 0.0198 0.0219 81.0134 "" "" 5358093820580983424 473.483093 2.0728 0.026 -18.943 7.945 0.027 0.029 1.547 "" "" 14.687185 "" "" "" 50.22 4.37 467.762451 479.355652 25123.06014 8.9368 "" "" "" "" "" "" 0.002782257110794349 "" "" "" 156.59437305853 -50.60782241515 473.483093 -18.942999999999998 7.9449999999999985
156.34375092887 -50.75201112358 0.1186 0.1063 68.7657 "" "" 5358009467428292608 574.63501 1.7216 0.1433 -16.836 11.58 0.156 0.129 7.055 "" "" 14.689988 1.121902 14.806582 13.684681 "" "" 529.829773 620.017639 25058.2845 18.549 16322.0 91.611 26625.0 100.36 "" "" 0.0028701431370081304 0.0067023295 0.005570709 0.012273038 156.34375092887 -50.75201112358 574.63501 -16.836 11.580000000000002
154.55584922421 -51.82863537715 0.0163 0.0159 33.9529 "" "" 5358225104836691456 498.774811 1.9674 0.0198 13.108 -7.705 0.021 0.02 0.989 4436.7 4.3321 14.693281 1.398108 15.326609 13.928501 43.21 5.29 494.165009 504.178711 24982.40517 12.394 10111.0 18.766 21270.0 35.669 "" "" 0.0028074768690828345 0.0034417692 0.0041950946 0.0076368637 154.55584922421 -51.82863537715 498.774811 13.108 -7.705
