Clusters/NGC_3228/NGC_3228_stars_in_region.tsv
# %ECSV 1.0
# ---
# datatype:
# - name: RA_ICRS_1
#   unit: deg
#   datatype: float64
#   format: '{:15.11f}'
#   description: Right ascension (ICRS) at Ep=2016.0 (ra)
#   meta: !!omap
#   - {ucd: POS_EQ_RA_MAIN}
#   - {width: 15}
#   - {precision: '11'}
# - name: DE_ICRS_1
#   unit: deg
#   datatype: float64
#   format: '{:15.11f}'
#   description: Declination (ICRS) at Ep=2016.0 (dec)
#   meta: !!omap
#   - {ucd: POS_EQ_DEC_MAIN}
#   - {width: 15}
#   - {precision: '11'}
# - name: e_RA_ICRS
#   unit: mas
#   datatype: float64
#   format: '{:7.4f}'
#   description: Standard error of right ascension (ra_error)
#   meta: !!omap
#   - {ucd: ERROR}
#   - {width: 7}
#   - {precision: '4'}
# - name: e_DE_ICRS
#   unit: mas
#   datatype: float64
#   format: '{:7.4f}'
#   description: Standard error of declination (dec_error)
#   meta: !!omap
#   - {ucd: ERROR}
#   - {width: 7}
#   - {precision: '4'}
# - name: _r_1
#   unit: ''
#   datatype: float64
#   format: '{:8.4f}'
#   description: Distance from center (155.46341141000-51.75700460000)[ICRS], at Epoch=J2016.0
#   meta: !!omap
#   - {ucd: POS_ANG_DIST_GENERAL}
#   - {width: 8}
#   - {precision: '4'}
# - name: HIP
#   datatype: int32
#   description: '? HIP cross-id number, van Leeuwen, Cat. I/311 (hip_original_ext_source_id)'
#   meta: !!omap
#   - {ucd: ID_NUMBER}
#   - {width: 6}
#   - values: {'null': -2147483648}
# - name: TYC2
#   datatype: string
#   description: Tycho-2 cross-id name, Hog et al., Cat. I/259 (tyc2_original_ext_source_id)
#   meta: !!omap
#   - {ucd: ID_CROSSID}
#   - {_votable_string_dtype: char}
# - name: Source
#   datatype: int64
#   description: Source identifier, identical to the Gaia-EDR3 source_id (id)
#   meta: !!omap
#   - {ucd: ID_MAIN}
#   - {width: 19}
# - name: rgeo
#   unit: pc
#   datatype: float64
#   format: '{:15.8f}'
#   description: '? Median of the geometric distance posterior (r_med_geo)'
#   meta: !!omap
#   - {ucd: PHYS_DISTANCE_TRUE}
#   - {width: 15}
#   - {precision: '8'}
#   - values: {'null': .nan}
# - name: Plx
#   unit: mas
#   datatype: float64
#   format: '{:9.4f}'
#   description: '? Parallax (parallax)'
#   meta: !!omap
#   - {ucd: POS_PARLX_TRIG}
#   - {width: 9}
#   - {precision: '4'}
#   - values: {'null': .nan}
# - name: e_Plx
#   unit: mas
#   datatype: float32
#   format: '{:7.4f}'
#   description: '? Standard error of parallax (parallax_error)'
#   meta: !!omap
#   - {ucd: ERROR}
#   - {width: 7}
#   - {precision: '4'}
#   - values: {'null': .nan}
# - name: pmRA
#   unit: mas / yr
#   datatype: float64
#   format: '{:9.3f}'
#   description: '? Proper motion in right ascension direction, pmRA*cosDE (pmra)'
#   meta: !!omap
#   - {ucd: POS_EQ_PMRA}
#   - {width: 9}
#   - {precision: '3'}
#   - values: {'null': .nan}
# - name: pmDE
#   unit: mas / yr
#   datatype: float64
#   format: '{:9.3f}'
#   description: '? Proper motion in declination direction (pmdec)'
#   meta: !!omap
#   - {ucd: POS_EQ_PMDEC}
#   - {width: 9}
#   - {precision: '3'}
#   - values: {'null': .nan}
# - name: e_pmRA
#   unit: mas / yr
#   datatype: float32
#   format: '{:6.3f}'
#   description: '? Standard error of proper motion in right ascension direction (pmra_error)'
#   meta: !!omap
#   - {ucd: ERROR}
#   - {width: 6}
#   - {precision: '3'}
#   - values: {'null': .nan}
# - name: e_pmDE
[...]
#         unit: &id001 !astropy.units.Unit {unit: deg}
#         value: !astropy.table.SerializedColumn {name: SkyCoord.dec}
#       distance: !astropy.table.SerializedColumn
#         __class__: astropy.coordinates.distances.Distance
#         unit: !astropy.units.Unit {unit: pc}
#         value: !astropy.table.SerializedColumn {name: SkyCoord.distance}
#       frame: icrs
#       obstime: !astropy.time.Time {format: jyear_str, in_subfmt: '*', jd1: 367701545.0, jd2: 0.0, out_subfmt: '*', precision: 3, scale: tt}
#       pm_dec: !astropy.table.SerializedColumn
#         __class__: astropy.units.quantity.Quantity
#         unit: !astropy.units.Unit {unit: mas / yr}
#         value: !astropy.table.SerializedColumn {name: SkyCoord.pm_dec}
#       pm_ra_cosdec: !astropy.table.SerializedColumn
#         __class__: astropy.units.quantity.Quantity
#         unit: !astropy.units.Unit {unit: mas / yr}
#         value: !astropy.table.SerializedColumn {name: SkyCoord.pm_ra_cosdec}
#       ra: !astropy.table.SerializedColumn
#         __class__: astropy.coordinates.angles.Longitude
#         unit: *id001
#         value: !astropy.table.SerializedColumn {name: SkyCoord.ra}
#         wrap_angle: !astropy.coordinates.Angle
#           unit: *id001
#           value: 360.0
#       representation_type: spherical
# schema: astropy-2.0
RA_ICRS_1 DE_ICRS_1 e_RA_ICRS e_DE_ICRS _r_1 HIP TYC2 Source rgeo Plx e_Plx pmRA pmDE e_pmRA e_pmDE RUWE Teff logg Gmag BP-RP BPmag RPmag RV e_RV b_rgeo B_rgeo FG e_FG FBP e_FBP FRP e_FRP RAVE5 RAVE6 e_Gmag e_BPmag e_RPmag e_BP-RP SkyCoord.ra SkyCoord.dec SkyCoord.distance SkyCoord.pm_ra_cosdec SkyCoord.pm_dec
[from data line 1986]
155.16124609704 -50.24030804576 0.0344 0.0351 91.7141 "" "" 5358832417519829632 453.16568 2.178 0.0443 -4.507 6.468 0.045 0.042 1.026 "" "" 16.6068 1.974885 17.601189 15.626304 "" "" 444.804565 461.31308 4287.72031 2.3226 1244.3 6.0554 4452.8 10.4 "" "" 0.0028173896743939057 0.0059752013 0.004551295 0.010526497 155.16124609704 -50.24030804576 453.16568 -4.507000000000001 6.468
155.17778365628 -51.03097250031 0.0379 0.0448 44.8551 "" "" 5358365365597938304 538.988403 1.8211 0.0464 -14.271 3.464 0.049 0.052 1.018 4104.9 4.6554 16.606993 1.962282 17.58908 15.626799 "" "" 523.699341 557.297241 4286.96171 2.4678 1258.3 8.005 4450.8 7.8261 "" "" 0.0028253181562216045 0.007449452 0.004234199 0.01168365 155.17778365628 -51.03097250031 538.988403 -14.271000000000003 3.4639999999999995
153.26777168718 -51.07413749485 0.337 0.3814 91.805 "" "" 5358547570980669952 449.786652 2.4149 0.4177 1.802 0.069 0.466 0.497 10.268 "" "" 16.608686 1.172211 16.898695 15.726484 "" "" 371.928894 613.513794 4280.27964 10.884 2376.5 9.2998 4060.4 6.3141 "" "" 0.0039005137198219997 0.0050829947 0.004139361 0.009222356 153.26777168718 -51.07413749485 449.786652 1.8020000000000003 0.069
155.25092386143 -52.09218798341 0.0481 0.0463 21.5933 "" "" 5358203977909707648 517.892761 1.914 0.0581 -13.52 8.258 0.064 0.054 1.282 4079.9 4.7058 16.609919 1.748408 17.436363 15.687955 "" "" 501.91571 537.662292 4275.42426 2.4314 1448.3 6.1335 4207.0 11.853 "" "" 0.0028236560346604745 0.005378397 0.004862225 0.010240622 155.25092386143 -52.09218798341 517.892761 -13.52 8.258
153.12122885962 -52.607437108 0.0378 0.0385 100.1345 "" "" 5356893944162072960 572.052246 1.7193 0.0451 -10.39 -0.648 0.049 0.045 0.964 4242.3 4.6762 16.611835 1.733375 17.453447 15.720073 "" "" 556.751709 590.118164 4267.88405 2.2568 1425.7 6.2824 4084.4 7.6479 "" "" 0.0028144993010476285 0.0055384953 0.0042914837 0.009829979 153.12122885962 -52.607437108 572.052246 -10.390000000000002 -0.6479999999999998
157.1590428505 -52.82108879464 0.5541 0.5674 89.1517 "" "" 5357256542484582528 560.767151 3.0345 0.6596 -2.521 7.379 0.734 0.716 14.498 "" "" 16.612604 1.286221 16.572544 15.286323 "" "" 324.279694 800.555481 4264.86592 14.274 3209.2 7.7444 6090.2 9.9621 "" "" 0.00456031909873497 0.0038275176 0.0041758725 0.00800339 157.1590428505 -52.82108879464 560.767151 -2.521000000000001 7.3790000000000004
156.14065218257 -52.05189749821 0.0367 0.0379 30.6851 "" "" 5357535921514008576 479.9711 2.0522 0.0467 -14.464 -0.887 0.048 0.049 1.01 3622.9 4.2524 16.616299 2.267117 17.799772 15.532656 "" "" 468.762329 490.026245 4250.37345 6.9089 1036.4 8.7577 4854.0 18.544 "" "" 0.003272072812969045 0.009589488 0.0056114863 0.015200974 156.14065218257 -52.05189749821 479.9711 -14.464 -0.887
153.30403729073 -52.15018254023 0.0365 0.0364 83.2575 "" "" 5356936167969402368 517.86438 1.9127 0.0436 4.066 -12.679 0.049 0.043 0.986 4161.7 4.6287 16.61672 1.790306 17.491367 15.701061 "" "" 503.548492 528.348083 4248.72726 1.999 1376.8 6.4355 4156.6 6.5678 "" "" 0.00280227388155977 0.0057914276 0.004150527 0.009941954 153.30403729073 -52.15018254023 517.86438 4.066000000000001 -12.679
156.51369195231 -52.63614518478 0.0374 0.0372 65.3773 "" "" 5357456065166714368 511.606201 1.9336 0.0462 -15.804 7.758 0.047 0.045 1.019 4200.9 4.5406 16.62531 1.926863 17.588991 15.662128 "" "" 500.407654 525.309631 4215.2405 2.248 1258.4 6.3754 4308.3 6.8397 "" "" 0.0028155036481506087 0.006167825 0.0041538877 0.010321712 156.51369195231 -52.63614518478 511.606201 -15.804 7.758
154.6798749774 -50.97756522464 0.0372 0.0363 55.2131 "" "" 5358411923046380544 545.799438 1.8055 0.0453 -1.626 -2.844 0.05 0.043 1.04 4164.8 4.6639 16.62647 1.848423 17.5364 15.687977 "" "" 534.773865 558.529358 4210.74107 2.1549 1320.9 5.6107 4207.0 8.2677 "" "" 0.0028107871463352416 0.0053901616 0.0043401 0.009730262 154.6798749774 -50.97756522464 545.799438 -1.6259999999999994 -2.8439999999999994
152.99552968779 -51.36594290296 0.0421 0.045 94.9912 "" "" 5358518816192768256 404.373169 2.4391 0.0546 2.7 -14.147 0.052 0.05 1.074 4005.4 4.7044 16.627003 2.006118 17.639486 15.633368 "" "" 395.298798 414.322296 4208.68095 2.4779 1201.2 7.1738 4424.0 11.591 "" "" 0.0028285002572145937 0.007059055 0.0047303075 0.011789363 152.99552968779 -51.36594290296 404.373169 2.6999999999999993 -14.147000000000002
155.71543792035 -50.96633881488 0.0394 0.0377 48.3704 "" "" 5358727929552644224 435.260376 2.2589 0.0474 -27.537 8.445 0.052 0.049 1.012 3706.0 4.4758 16.633427 2.074776 17.6885 15.613724 "" "" 426.70874 443.715302 4183.85286 2.2189 1148.2 7.8942 4504.7 14.422 "" "" 0.0028148457058406865 0.007969156 0.005134835 0.013103991 155.71543792035 -50.96633881488 435.260376 -27.537 8.445
157.72579165773 -52.38104212586 0.0365 0.0379 91.4529 "" "" 5357665217209043712 430.650024 2.297 0.0481 -31.373 20.573 0.044 0.044 0.983 4091.5 4.626 16.63349 1.978464 17.628803 15.650339 "" "" 421.470001 439.123535 4183.61057 2.3076 1213.1 4.7837 4355.3 6.1296 "" "" 0.0028196518174111265 0.005110374 0.0040766005 0.009186975 157.72579165773 -52.38104212586 430.650024 -31.373000000000005 20.573
153.85107745135 -52.78027957306 0.0731 0.0728 85.2853 "" "" 5356691908907960960 397.883026 2.4855 0.088 -16.136 -0.046 0.091 0.082 2.282 "" "" 16.634624 2.587441 17.937563 15.350122 "" "" 383.583405 410.931793 4179.23599 6.4462 912.83 8.458 5742.6 21.847 "" "" 0.0032243346559610647 0.010439854 0.005598673 0.016038528 153.85107745135 -52.78027957306 397.883026 -16.136 -0.046000000000000735
153.18615741167 -50.99710057455 0.0393 0.0406 96.703 "" "" 5358548777885843328 501.126923 1.9678 0.0493 0.706 -4.88 0.055 0.051 0.956 4203.0 4.5751 16.635029 1.920133 17.591934 15.671802 "" "" 492.007172 510.915894 4177.68328 2.3412 1255.0 7.7687 4270.1 8.5566 "" "" 0.0028217024941917315 0.007277077 0.0043608653 0.011637943 153.18615741167 -50.99710057455 501.126923 0.7059999999999997 -4.879999999999999
154.63854674082 -51.96359782032 0.0364 0.0357 32.9829 "" "" 5358217653084727040 535.905762 1.8397 0.0443 -9.118 2.67 0.046 0.044 1.0 4153.4 4.6214 16.636349 1.808876 17.52706 15.718184 "" "" 523.61731 547.615845 4172.60667 2.1181 1332.3 7.0224 4091.5 8.0238 "" "" 0.002809901529500063 0.0063667395 0.0043378947 0.010704635 154.63854674082 -51.96359782032 535.905762 -9.117999999999999 2.669999999999999
154.8495726633 -52.91723163781 0.0383 0.0401 73.1599 "" "" 5355904143191129472 474.968109 2.0816 0.0463 -18.826 4.78 0.054 0.05 1.02 4097.5 4.6699 16.636484 1.869422 17.562 15.692578 "" "" 463.82901 489.226562 4172.084 2.2206 1290.1 6.5308 4189.2 6.7022 "" "" 0.002815269200936551 0.006163921 0.0041594524 0.010323374 154.8495726633 -52.91723163781 474.968109 -18.826 4.779999999999999
156.87686499031 -50.31449668439 0.0394 0.0373 101.6569 "" "" 5358127286967149312 548.246216 1.793 0.045 -38.302 -9.152 0.052 0.049 1.006 "" "" 16.63735 1.951511 17.611748 15.660236 "" "" 534.957825 562.048096 4168.7565 2.2269 1232.3 6.9183 4315.8 8.2714 "" "" 0.0028157014585055884 0.006703716 0.0043143583 0.011018074 156.87686499031 -50.31449668439 548.246216 -38.302 -9.151999999999996
153.8544029632 -51.01015888245 0.0591 0.0617 75.0851 "" "" 5358586092539248128 553.137146 1.7902 0.0733 -31.968 13.835 0.081 0.076 1.185 "" "" 16.637554 1.569861 17.056597 15.486735 "" "" 530.436096 577.861267 4167.97144 5.5965 2054.8 34.09 5063.7 37.669 "" "" 0.003117233941704633 0.018227635 0.008917328 0.027144963 153.8544029632 -51.01015888245 553.137146 -31.967999999999993 13.835
158.03155261449 -51.68402040798 0.0367 0.0383 95.5529 "" "" 5357711598546212992 459.480499 2.1663 0.0459 -11.473 13.189 0.049 0.05 1.097 4128.7 4.5502 16.639458 1.994214 17.617296 15.623082 "" "" 450.003937 469.760498 4160.67454 2.364 1226.0 12.015 4466.1 11.913 "" "" 0.0028235338220584374 0.011000136 0.004761434 0.01576157 158.03155261449 -51.68402040798 459.480499 -11.472999999999999 13.189
154.11888484173 -51.17120653187 0.0383 0.0394 61.328 "" "" 5358392922109202560 531.225098 1.8541 0.0463 -16.731 6.779 0.051 0.05 0.999 4137.6 4.6597 16.641758 1.877019 17.565666 15.688647 "" "" 520.102173 543.749146 4151.8718 2.2606 1285.7 8.1529 4204.4 10.791 "" "" 0.0028180237873262834 0.0074287755 0.00469565 0.012124426 154.11888484173 -51.17120653187 531.225098 -16.731 6.778999999999999
156.18713829884 -51.4499428067 0.0407 0.0444 32.6622 "" "" 5357952224101569152 489.128296 2.0271 0.0541 0.056 2.32 0.056 0.055 1.176 "" "" 16.642462 1.964791 17.480341 15.51555 "" "" 476.288879 502.393707 4149.17762 2.4355 1390.9 8.6833 4931.0 14.941 "" "" 0.0028280652006668523 0.0073299925 0.005010637 0.0123406295 156.18713829884 -51.4499428067 489.128296 0.05600000000000005 2.32
156.66634383811 -53.07085370837 0.0444 0.0447 90.2877 "" "" 5357165175621897216 535.426453 1.8442 0.054 -8.241 -4.447 0.07 0.062 1.083 4179.6 4.6667 16.644644 1.93264 17.61321 15.680571 "" "" 522.228149 551.322144 4140.84803 2.2712 1230.6 7.1406 4235.7 8.4037 "" "" 0.002818940170723062 0.0068902345 0.0043501672 0.011240402 156.66634383811 -53.07085370837 535.426453 -8.241 -4.447000000000001
156.89969420293 -50.47215492531 0.0392 0.038 94.175 "" "" 5358099696096507776 473.49585 2.0787 0.0488 5.69 8.42 0.05 0.048 1.007 3652.1 4.3732 16.644867 1.966768 17.621939 15.65517 "" "" 462.176971 485.621521 4139.99735 2.1725 1220.8 8.1551 4336.0 8.5927 "" "" 0.0028136104915856656 0.0077710343 0.004348928 0.012119962 156.89969420293 -50.47215492531 473.49585 5.6899999999999995 8.420000000000002
153.23220404288 -51.48386976888 0.0402 0.0381 84.7137 "" "" 5358470467724775296 520.420471 1.9005 0.0484 -12.803 4.997 0.056 0.047 1.048 3979.0 4.5409 16.645739 1.85647 17.513426 15.656956 "" "" 507.225952 534.673035 4136.67592 2.6369 1349.1 8.0703 4328.9 16.602 "" "" 0.0028409129684499744 0.0070688236 0.005623374 0.012692198 153.23220404288 -51.48386976888 520.420471 -12.803000000000003 4.997
157.24397232577 -51.76547156109 0.0352 0.0349 66.1239 "" "" 5357697962038917376 530.677856 1.855 0.0444 -11.705 -3.449 0.047 0.044 1.014 4099.7 4.6723 16.64579 1.837646 17.547125 15.709479 "" "" 520.578857 543.066467 4136.47815 2.0619 1307.9 7.9754 4124.5 8.4348 "" "" 0.0028079692562793562 0.0071845925 0.0043833577 0.01156795 157.24397232577 -51.76547156109 530.677856 -11.704999999999998 -3.4489999999999994
155.06738941082 -50.47846369003 0.0421 0.0396 78.1487 "" "" 5358805067167121280 501.660583 1.9571 0.0509 -26.93 1.514 0.057 0.05 1.119 3700.5 4.3964 16.648857 2.275733 17.841215 15.565482 "" "" 489.7883 516.656921 4124.80617 2.5843 997.54 5.5658 4709.4 7.0516 "" "" 0.002838048463591354 0.0066695665 0.0041142073 0.010783774 155.06738941082 -50.47846369003 501.660583 -26.930000000000003 1.5140000000000011
156.82747067302 -52.99581324623 0.0412 0.0434 89.5566 "" "" 5357166794855285376 436.48291 2.2581 0.0514 -17.278 14.211 0.055 0.047 0.97 3901.2 4.7208 16.65044 1.981788 17.638275 15.656487 "" "" 425.978485 447.804321 4118.79815 2.3826 1202.6 6.0904 4330.8 8.7742 "" "" 0.00282599640113781 0.0061659715 0.004372918 0.010538889 156.82747067302 -52.99581324623 436.48291 -17.278000000000002 14.211
154.58137886054 -50.15662339325 0.0936 0.1041 101.6428 "" "" 5359012634344685312 430.700287 2.2958 0.1219 -14.607 -5.554 0.127 0.123 2.527 "" "" 16.653723 2.329141 17.814714 15.485574 "" "" 406.418335 452.972656 4106.36939 11.177 1022.2 6.5555 5069.1 6.3963 "" "" 0.004040443513499466 0.0075011957 0.00402003 0.011521226 154.58137886054 -50.15662339325 430.700287 -14.607000000000001 -5.553999999999999
153.52148959283 -51.2478114151 0.0381 0.0391 78.6975 "" "" 5358495039252047360 424.739471 2.3322 0.0469 -19.677 20.535 0.048 0.052 0.997 3733.5 4.6103 16.6551 1.925077 17.599272 15.674194 "" "" 417.336761 432.635376 4101.15755 2.0826 1246.5 8.9984 4260.7 9.5539 "" "" 0.0028099414776040182 0.008319678 0.004495654 0.012815332 153.52148959283 -51.2478114151 424.739471 -19.676999999999996 20.534999999999997
155.85281297553 -51.81587750753 0.0443 0.0449 14.8783 "" "" 5357577153200812672 416.235291 2.3804 0.0564 -17.19 -0.84 0.059 0.056 1.09 3514.2 4.2571 16.658693 2.499721 18.004694 15.504973 "" "" 406.821014 429.583923 4087.6116 3.7322 858.1 8.6996 4979.3 10.127 "" "" 0.0029282299555371026 0.011355546 0.004377195 0.015732741 155.85281297553 -51.81587750753 416.235291 -17.189999999999998 -0.8399999999999999
154.77055245798 -53.27633934948 0.1115 0.1281 94.6039 "" "" 5355889780820563840 533.197937 1.9017 0.1455 -14.5 10.743 0.136 0.146 3.022 3904.3 4.1982 16.660269 2.111473 17.657097 15.545624 "" "" 489.84903 579.267822 4081.68565 5.8951 1181.9 6.5434 4796.3 7.4383 "" "" 0.0031702920274078207 0.006627007 0.004137502 0.010764509 154.77055245798 -53.27633934948 533.197937 -14.5 10.743
156.17334331644 -52.45967446197 0.0394 0.0384 49.6168 "" "" 5357473524226384768 449.215179 2.1817 0.0481 -26.807 11.625 0.053 0.049 1.059 3832.5 4.4829 16.661093 2.163562 17.778204 15.614642 "" "" 439.106873 459.416351 4078.58962 2.3287 1057.1 7.5132 4500.9 7.8859 "" "" 0.002824194827896502 0.008205664 0.004231126 0.01243679 156.17334331644 -52.45967446197 449.215179 -26.807000000000002 11.624999999999998
156.88431527051 -52.91988086831 0.0411 0.041 87.0685 "" "" 5357260940530992512 480.924805 2.0564 0.049 -23.816 8.564 0.055 0.051 1.069 4130.9 4.5657 16.661673 1.960872 17.638065 15.677194 "" "" 470.85434 490.787537 4076.40608 2.5173 1202.8 6.4385 4248.9 7.7675 "" "" 0.0028357229312383336 0.0064469245 0.004268885 0.01071581 156.88431527051 -52.91988086831 480.924805 -23.816000000000003 8.564
155.85529210407 -53.09901407798 0.0418 0.0412 81.7867 "" "" 5357340139725062656 515.136475 1.9066 0.0501 -11.208 -2.157 0.059 0.052 1.126 4118.7 4.4164 16.663054 1.962746 17.640463 15.677717 "" "" 504.354797 526.588928 4071.22813 2.0199 1200.1 7.3298 4246.9 7.1927 "" "" 0.002807483344268253 0.0071943905 0.004202983 0.011397373 155.85529210407 -53.09901407798 515.136475 -11.208000000000002 -2.156999999999999
153.02499044417 -52.49625836422 0.0393 0.0394 100.1674 "" "" 5356901327190792960 548.697815 1.795 0.0479 4.795 -14.246 0.048 0.046 1.066 3702.5 4.3704 16.663118 1.921745 17.615583 15.693838 "" "" 530.41333 563.189636 4070.98049 2.5921 1228.0 5.3839 4184.3 6.8326 "" "" 0.002840723164265024 0.0055176374 0.00417456 0.009692198 153.02499044417 -52.49625836422 548.697815 4.795000000000002 -14.246000000000002
157.72662395697 -51.56849237259 0.035 0.0386 84.9832 "" "" 5357727270897130624 552.353516 1.8009 0.0475 -23.859 4.027 0.05 0.052 1.021 4139.9 4.6884 16.663385 1.812809 17.550776 15.737967 "" "" 537.355347 567.561462 4069.98128 2.1193 1303.5 8.3923 4017.6 7.0296 "" "" 0.0028127246962535678 0.0075265523 0.0042299693 0.011756522 157.72662395697 -51.56849237259 552.353516 -23.859 4.027000000000003
153.35526500916 -51.7296165852 0.0366 0.0364 78.3345 "" "" 5358447073056079104 413.013763 2.4016 0.044 -6.174 -17.164 0.045 0.043 1.002 "" "" 16.66635 2.059955 17.718943 15.658988 "" "" 405.34436 420.558868 4058.88684 2.2067 1116.5 5.5907 4320.8 7.0228 "" "" 0.0028178403166204923 0.006110832 0.0041710776 0.010281909 153.35526500916 -51.7296165852 413.013763 -6.174000000000001 -17.164000000000005
156.91297034429 -50.70322058155 0.0394 0.0395 83.446 "" "" 5358090105418775680 482.328339 2.0506 0.0474 4.571 -7.249 0.054 0.054 0.959 3807.0 4.5489 16.670393 2.14566 17.774872 15.629211 "" "" 468.854797 493.363556 4043.79842 2.6629 1060.4 5.1377 4440.9 7.8791 "" "" 0.002846572643409503 0.0059546144 0.004241988 0.010196602 156.91297034429 -50.70322058155 482.328339 4.571000000000001 -7.2490000000000006
153.37704978769 -51.93639115196 0.0422 0.0377 78.0758 "" "" 5356939367737420288 410.562958 2.4044 0.047 3.754 -0.24 0.056 0.045 1.008 "" "" 16.671436 2.139253 17.76785 15.628598 "" "" 402.377014 417.256927 4039.91521 2.2753 1067.3 6.4106 4443.4 7.9386 "" "" 0.00282235925808096 0.0070931553 0.004248115 0.01134127 153.37704978769 -51.93639115196 410.562958 3.754 -0.23999999999999977
