Clusters/NGC_3228/NGC_3228_members.tsv
# %ECSV 1.0
# ---
# datatype:
# - name: RA_ICRS_1
#   unit: deg
#   datatype: float64
#   format: '{:15.11f}'
#   description: Right ascension (ICRS) at Ep=2016.0 (ra)
#   meta: !!omap
#   - {ucd: POS_EQ_RA_MAIN}
#   - {width: 15}
#   - {precision: '11'}
# - name: DE_ICRS_1
#   unit: deg
#   datatype: float64
#   format: '{:15.11f}'
#   description: Declination (ICRS) at Ep=2016.0 (dec)
#   meta: !!omap
#   - {ucd: POS_EQ_DEC_MAIN}
#   - {width: 15}
#   - {precision: '11'}
# - name: e_RA_ICRS
#   unit: mas
#   datatype: float64
#   format: '{:7.4f}'
#   description: Standard error of right ascension (ra_error)
#   meta: !!omap
#   - {ucd: ERROR}
#   - {width: 7}
#   - {precision: '4'}
# - name: e_DE_ICRS
#   unit: mas
#   datatype: float64
#   format: '{:7.4f}'
#   description: Standard error of declination (dec_error)
#   meta: !!omap
#   - {ucd: ERROR}
#   - {width: 7}
#   - {precision: '4'}
# - name: _r_1
#   unit: ''
#   datatype: float64
#   format: '{:8.4f}'
#   description: Distance from center (155.46341141000-51.75700460000)[ICRS], at Epoch=J2016.0
#   meta: !!omap
#   - {ucd: POS_ANG_DIST_GENERAL}
#   - {width: 8}
#   - {precision: '4'}
# - name: HIP
#   datatype: int32
#   description: '? HIP cross-id number, van Leeuwen, Cat. I/311 (hip_original_ext_source_id)'
#   meta: !!omap
#   - {ucd: ID_NUMBER}
#   - {width: 6}
#   - values: {'null': -2147483648}
# - name: TYC2
#   datatype: string
#   description: Tycho-2 cross-id name, Hog et al., Cat. I/259 (tyc2_original_ext_source_id)
#   meta: !!omap
#   - {ucd: ID_CROSSID}
#   - {_votable_string_dtype: char}
# - name: Source
#   datatype: int64
#   description: Source identifier, identical to the Gaia-EDR3 source_id (id)
#   meta: !!omap
#   - {ucd: ID_MAIN}
#   - {width: 19}
# - name: rgeo
#   unit: pc
#   datatype: float64
#   format: '{:15.8f}'
#   description: '? Median of the geometric distance posterior (r_med_geo)'
#   meta: !!omap
#   - {ucd: PHYS_DISTANCE_TRUE}
#   - {width: 15}
#   - {precision: '8'}
#   - values: {'null': .nan}
# - name: Plx
#   unit: mas
#   datatype: float64
#   format: '{:9.4f}'
#   description: '? Parallax (parallax)'
#   meta: !!omap
#   - {ucd: POS_PARLX_TRIG}
#   - {width: 9}
#   - {precision: '4'}
#   - values: {'null': .nan}
# - name: e_Plx
#   unit: mas
#   datatype: float32
#   format: '{:7.4f}'
#   description: '? Standard error of parallax (parallax_error)'
#   meta: !!omap
#   - {ucd: ERROR}
#   - {width: 7}
#   - {precision: '4'}
#   - values: {'null': .nan}
# - name: pmRA
#   unit: mas / yr
#   datatype: float64
#   format: '{:9.3f}'
#   description: '? Proper motion in right ascension direction, pmRA*cosDE (pmra)'
#   meta: !!omap
#   - {ucd: POS_EQ_PMRA}
#   - {width: 9}
#   - {precision: '3'}
#   - values: {'null': .nan}
# - name: pmDE
#   unit: mas / yr
#   datatype: float64
#   format: '{:9.3f}'
#   description: '? Proper motion in declination direction (pmdec)'
#   meta: !!omap
#   - {ucd: POS_EQ_PMDEC}
#   - {width: 9}
#   - {precision: '3'}
#   - values: {'null': .nan}
# - name: e_pmRA
#   unit: mas / yr
#   datatype: float32
#   format: '{:6.3f}'
#   description: '? Standard error of proper motion in right ascension direction (pmra_error)'
#   meta: !!omap
#   - {ucd: ERROR}
#   - {width: 6}
#   - {precision: '3'}
#   - values: {'null': .nan}
# - name: e_pmDE
[...]
#         unit: &id001 !astropy.units.Unit {unit: deg}
#         value: !astropy.table.SerializedColumn {name: SkyCoord.dec}
#       distance: !astropy.table.SerializedColumn
#         __class__: astropy.coordinates.distances.Distance
#         unit: !astropy.units.Unit {unit: pc}
#         value: !astropy.table.SerializedColumn {name: SkyCoord.distance}
#       frame: icrs
#       obstime: !astropy.time.Time {format: jyear_str, in_subfmt: '*', jd1: 367701545.0, jd2: 0.0, out_subfmt: '*', precision: 3, scale: tt}
#       pm_dec: !astropy.table.SerializedColumn
#         __class__: astropy.units.quantity.Quantity
#         unit: !astropy.units.Unit {unit: mas / yr}
#         value: !astropy.table.SerializedColumn {name: SkyCoord.pm_dec}
#       pm_ra_cosdec: !astropy.table.SerializedColumn
#         __class__: astropy.units.quantity.Quantity
#         unit: !astropy.units.Unit {unit: mas / yr}
#         value: !astropy.table.SerializedColumn {name: SkyCoord.pm_ra_cosdec}
#       ra: !astropy.table.SerializedColumn
#         __class__: astropy.coordinates.angles.Longitude
#         unit: *id001
#         value: !astropy.table.SerializedColumn {name: SkyCoord.ra}
#         wrap_angle: !astropy.coordinates.Angle
#           unit: *id001
#           value: 360.0
#       representation_type: spherical
# schema: astropy-2.0
RA_ICRS_1 DE_ICRS_1 e_RA_ICRS e_DE_ICRS _r_1 HIP TYC2 Source rgeo Plx e_Plx pmRA pmDE e_pmRA e_pmDE RUWE Teff logg Gmag BP-RP BPmag RPmag RV e_RV b_rgeo B_rgeo FG e_FG FBP e_FBP FRP e_FRP RAVE5 RAVE6 e_Gmag e_BPmag e_RPmag e_BP-RP SkyCoord.ra SkyCoord.dec SkyCoord.distance SkyCoord.pm_ra_cosdec SkyCoord.pm_dec Pmemb
155.39744181689 -52.02975750447 0.0268 0.0256 16.5465 50735 8196-4222-1 5357547603824325376 487.292969 2.0437 0.0314 -14.911 -0.564 0.036 0.031 0.939 9982.6 3.7038 8.149077 -0.14461 8.086439 8.23105 "" "" 478.719635 494.187225 10358949.34886 3634.4 7958700.0 4715.6 4043300.0 1227.0 "" "" 0.002781527363281487 0.002863371 0.0037937167 0.0066570877 155.39744181689 -52.02975750447 487.292969 -14.911 -0.5640000000000001 1.0
155.29687883864 -51.74901427858 0.0202 0.0203 6.2041 50702 8196-5008-1 5358308568949684992 480.316681 2.069 0.0244 -14.872 -0.421 0.026 0.025 0.904 13380.3 3.9996 8.360495 -0.101664 8.31172 8.413384 "" "" 474.597351 484.157593 8526071.79301 2483.1 6467400.0 3182.6 3418300.0 943.2 "" "" 0.0027734050140156953 0.002840865 0.0037912368 0.0066321017 155.29687883864 -51.74901427858 480.316681 -14.871999999999996 -0.4210000000000016 1.0
155.03447932805 -50.76949734937 0.02 0.0196 61.3997 50595 8196-474-1 5358792388423766656 463.985443 2.1435 0.0251 -15.301 -0.6 0.026 0.024 0.987 "" "" 9.062054 -0.094096 9.019986 9.114082 8.07 2.36 458.418823 469.929749 4468124.39188 1208.8 3368400.0 1239.6 1792800.0 550.06 "" "" 0.002770932835733088 0.0028186338 0.0037940345 0.0066126683 155.03447932805 -50.76949734937 463.985443 -15.301 -0.5999999999999979 1.0
155.37837646436 -51.75494066392 0.019 0.0188 3.1607 "" 8196-2849-1 5358307709956238592 469.156342 2.121 0.0235 -14.73 -0.571 0.025 0.024 0.946 "" "" 9.261507 -0.074363 9.226693 9.301056 6.09 2.52 464.254578 474.240662 3718294.90788 1201.2 2784500.0 1674.5 1509200.0 819.2 "" "" 0.002777555377709421 0.0028655466 0.0038250557 0.0066906023 155.37837646436 -51.75494066392 469.156342 -14.73 -0.5709999999999993 1.0
155.35589996479 -51.73660949854 0.0171 0.0167 4.1771 "" 8196-5011-1 5358308465870484608 475.887909 2.0874 0.0208 -14.127 0.019 0.024 0.022 0.925 10918.5 4.0162 9.320131 -0.048049 9.294535 9.342584 5.35 2.85 470.317963 480.73999 3522850.7701 843.26 2615800.0 1221.2 1452500.0 387.31 "" "" 0.0027675499693022307 0.002835838 0.0037904545 0.006626292 155.35589996479 -51.73660949854 475.887909 -14.127 0.01900000000000005 1.0
155.13677388107 -52.0439446053 0.0173 0.0166 21.0389 "" 8196-4787-1 5358205043061356416 475.243835 2.0882 0.0197 -15.035 -0.475 0.025 0.022 0.959 10242.5 4.1101 9.865156 0.012397 9.8642 9.851803 14.24 1.19 471.166351 479.520233 2132476.96064 553.98 1547900.0 717.07 908730.0 152.79 "" "" 0.0027697192101307838 0.0028351415 0.003783788 0.0066189296 155.13677388107 -52.0439446053 475.243835 -15.035 -0.4750000000000017 1.0
156.10012570594 -52.03156291873 0.0151 0.0186 28.7606 "" 8196-4328-1 5357536196391915392 488.730164 2.0357 0.019 -14.58 -0.457 0.021 0.024 1.053 "" "" 10.056196 0.085634 10.079275 9.993641 2.34 4.28 484.897675 492.928436 1788414.53585 478.07 1269700.0 370.59 797450.0 232.53 "" "" 0.0027705640049722775 0.002808108 0.0037926189 0.006600727 156.10012570594 -52.03156291873 488.730164 -14.58 -0.4570000000000008 1.0
154.96249999926 -51.56861986824 0.0136 0.0131 21.8014 "" "" 5358320285619971328 471.946991 2.1104 0.0163 -14.679 -0.786 0.017 0.015 0.883 8706.6 4.1519 10.383563 0.149791 10.40582 10.256029 12.98 0.95 468.38913 475.586212 1322882.99904 417.17 939920.0 1907.8 626250.0 4992.1 "" "" 0.0027765117583234615 0.00355551 0.00944406 0.01299957 154.96249999926 -51.56861986824 471.946991 -14.679000000000002 -0.7860000000000025 1.0
155.4510231693 -51.83613732319 0.0113 0.0116 4.7702 "" 8196-3168-1 5357556537356380160 478.305237 2.0778 0.0144 -15.003 -0.568 0.015 0.014 0.912 8549.9 4.2354 10.597648 0.186603 10.662178 10.475575 12.98 0.42 474.988037 482.542877 1086144.63706 233.87 742240.0 327.69 511600.0 97.482 "" "" 0.0027652203254130993 0.0028310448 0.0037850398 0.006616085 155.4510231693 -51.83613732319 478.305237 -15.003000000000004 -0.568 1.0
154.22287319477 -50.59605189816 0.018 0.0185 83.8398 "" 8191-567-1 5358622239001014912 486.463226 2.0427 0.0232 -14.966 -0.374 0.026 0.023 1.413 7910.6 4.1192 10.810738 0.309726 10.918456 10.60873 6.93 2.38 481.380615 492.844025 892589.28443 188.67 586180.0 235.34 452550.0 108.39 "" "" 0.002764861281507654 0.0028240148 0.0037883176 0.0066123325 154.22287319477 -50.59605189816 486.463226 -14.966 -0.3740000000000008 0.9
155.49878574257 -51.94797263925 0.0122 0.0118 11.5328 "" 8196-4847-1 5357549356171028608 474.603424 2.0931 0.0147 -14.881 -0.453 0.016 0.014 0.918 8286.6 4.318 10.885102 0.260738 10.97606 10.715322 12.6 1.06 470.593903 478.555176 833500.59006 211.91 555900.0 285.46 410230.0 114.86 "" "" 0.0027691129852492283 0.0028453285 0.0037915881 0.0066369167 155.49878574257 -51.94797263925 474.603424 -14.881000000000004 -0.4530000000000004 1.0
156.04737551123 -51.93360104434 0.0113 0.0126 24.1 "" 8196-3348-1 5357560935404497664 471.768463 2.0995 0.0142 -14.962 -0.569 0.015 0.016 0.909 7827.9 4.2791 10.90332 0.288575 11.003567 10.714992 5.45 2.63 469.696198 474.357544 819631.30621 181.73 541990.0 287.59 410360.0 153.24 "" "" 0.002765816499958133 0.0028490266 0.0038010674 0.006650094 156.04737551123 -51.93360104434 471.768463 -14.961999999999996 -0.5689999999999997 1.0
156.275955216 -50.83280055244 0.0112 0.0113 63.2787 "" 8196-1812-1 5358003454472317056 483.797882 2.0429 0.0146 -14.778 -0.912 0.016 0.014 0.846 "" "" 10.981167 0.340016 11.101183 10.761167 10.16 2.45 480.32431 487.33075 762921.61294 209.78 495390.0 270.4 393270.0 147.25 "" "" 0.0027714469096176463 0.0028524129 0.0038011828 0.0066535957 156.275955216 -50.83280055244 483.797882 -14.778000000000004 -0.9119999999999979 0.8
155.37753668079 -51.67905898838 0.0122 0.0121 5.6623 "" "" 5358310493095073792 472.783264 2.0873 0.0148 -14.848 -0.586 0.016 0.015 0.879 7776.7 4.1875 10.989082 0.323977 11.102542 10.778565 15.23 0.76 469.878845 476.132416 757379.95866 227.15 494770.0 378.69 387020.0 171.38 "" "" 0.002774495218095032 0.002911292 0.0038098402 0.0067211324 155.37753668079 -51.67905898838 472.783264 -14.848000000000003 -0.5860000000000006 1.0
155.07967585058 -51.89449619106 0.0123 0.0126 16.4484 "" "" 5358303071391421312 482.093262 2.0488 0.0154 -14.99 -0.624 0.015 0.015 0.829 7602.4 4.2203 11.064616 0.373712 11.195218 10.821506 15.27 2.91 478.727386 485.287323 706480.38984 193.81 454290.0 221.82 372010.0 132.59 "" "" 0.0027713724327439442 0.0028400877 0.0037991414 0.006639229 155.07967585058 -51.89449619106 482.093262 -14.99 -0.6239999999999997 1.0
155.43577433805 -51.8442004955 0.0117 0.0123 5.3313 "" 8196-3294-1 5357556571715986048 476.313324 2.0694 0.015 -15.396 -1.265 0.015 0.015 0.968 7272.4 4.1611 11.12731 0.44142 11.287742 10.846322 4.16 6.91 473.275909 479.607941 666841.79262 189.57 417180.0 195.13 363600.0 76.529 "" "" 0.002772554120413853 0.002836009 0.0037862845 0.0066222935 155.43577433805 -51.8442004955 476.313324 -15.395999999999997 -1.2650000000000001 0.8
154.79357814137 -51.26834429405 0.0114 0.0126 38.5384 "" 8196-2752-1 5358380277726362752 469.115295 2.0991 0.0144 -14.951 -0.606 0.015 0.015 0.809 7513.9 4.3106 11.217365 0.428126 11.371505 10.943378 14.53 0.86 465.703522 472.644379 613762.71692 139.26 386200.0 201.56 332510.0 97.47 "" "" 0.002766311092570278 0.0028471288 0.003792759 0.0066398876 154.79357814137 -51.26834429405 469.115295 -14.951 -0.6060000000000024 1.0
154.04851093989 -51.14758458242 0.0133 0.0128 64.3079 "" 8195-193-1 5358580835515224064 467.210297 2.1056 0.0161 -14.93 0.01 0.019 0.017 0.948 7197.3 4.1961 11.249171 0.450453 11.412038 10.961585 16.22 1.01 463.058472 470.941956 596043.66919 342.44 372050.0 503.3 326980.0 259.06 "" "" 0.002825046830456665 0.0031531404 0.0038760398 0.0070291804 154.04851093989 -51.14758458242 467.210297 -14.93 0.009999999999999069 1.0
155.19010247987 -51.67810445086 0.0133 0.0132 11.2083 "" 8196-2943-1 5358311970563538816 481.633118 2.0418 0.0163 -14.848 -0.482 0.018 0.017 0.939 7255.3 4.2304 11.360503 0.451112 11.524713 11.073601 12.02 1.92 478.112488 485.275604 537954.61642 494.49 335380.0 1014.5 294930.0 552.16 "" "" 0.0029304981283988178 0.004309466 0.0042913333 0.008600799 155.19010247987 -51.67810445086 481.633118 -14.848000000000003 -0.4820000000000022 1.0
154.96326005445 -51.56896409603 0.023 0.0245 21.7665 "" "" 5358320285601767040 463.416779 2.123 0.0264 -15.138 -0.432 0.026 0.027 1.157 "" "" 11.414289 0.482959 11.555155 11.072196 14.83 1.57 456.254364 469.96637 511953.83557 346.75 326100.0 2595.5 295310.0 1237.5 "" "" 0.0028517658617585265 0.009080882 0.0059147542 0.014995636 154.96326005445 -51.56896409603 463.416779 -15.138 -0.4320000000000014 0.8
155.79118726731 -52.47665677815 0.0111 0.0116 44.836 "" 8196-752-1 5357429371970162048 479.07663 2.0537 0.0138 -14.831 -0.559 0.015 0.014 0.976 6934.6 4.2695 11.542145 0.533963 11.741211 11.207248 12.19 1.75 476.003876 482.794067 455081.1118 95.12 274750.0 124.7 260770.0 68.031 "" "" 0.00276465011994888 0.0028333515 0.0037899814 0.006623333 155.79118726731 -52.47665677815 479.07663 -14.830999999999996 -0.5590000000000024 1.0
156.03255980212 -50.71064446309 0.0092 0.0094 66.3223 "" 8196-1803-1 5358758406641629696 442.128601 2.2243 0.0119 -14.383 -0.127 0.012 0.011 0.886 6471.1 4.2346 11.758225 0.602794 11.986257 11.383463 4.83 0.77 439.818207 444.56485 372955.56614 59.473 219240.0 92.509 221700.0 73.54 "" "" 0.002760754503962875 0.002827531 0.003796503 0.0066240337 156.03255980212 -50.71064446309 442.128601 -14.383000000000003 -0.1269999999999985 1.0
157.10191978389 -51.67565256676 0.008 0.0086 61.1028 "" "" 5357886867567204864 484.617554 2.0302 0.0101 -14.61 -1.05 0.011 0.011 0.808 6436.3 4.2334 11.968701 0.61246 12.201918 11.589457 12.88 2.09 482.21698 486.867249 307231.89565 39.587 179740.0 81.92 183390.0 43.663 "" "" 0.002758869474241001 0.0028337112 0.0037882118 0.0066219233 157.10191978389 -51.67565256676 484.617554 -14.61 -1.049999999999999 0.9
155.18137471593 -52.0497149514 0.0092 0.0089 20.4317 "" "" 5358204321507093248 475.700775 2.069 0.0114 -14.867 -0.483 0.013 0.01 0.845 "" "" 11.994781 0.634887 12.237791 11.602904 15.35 3.36 473.135376 478.311066 299940.17517 43.306 173900.0 70.572 181130.0 38.564 "" "" 0.002759775966053654 0.0028247456 0.0037864447 0.0066111903 155.18137471593 -52.0497149514 475.700775 -14.867 -0.48299999999999965 1.0
155.15372721344 -51.91548852328 0.0102 0.0107 14.9079 "" "" 5358299875935763328 479.226532 2.067 0.013 -14.975 -0.367 0.013 0.013 1.137 6042.5 4.287 12.437606 0.724504 12.718576 11.994072 15.85 2.18 476.29953 482.242401 199482.23104 49.081 111680.0 78.046 126340.0 68.83 "" "" 0.002768239765463418 0.0028914965 0.0038253902 0.0067168865 155.15372721344 -51.91548852328 479.226532 -14.975000000000001 -0.3669999999999992 1.0
154.93809332194 -52.19058643288 0.0083 0.0083 32.4617 "" "" 5358199541185157888 478.805969 2.0688 0.0104 -14.935 -0.304 0.012 0.01 0.952 6007.9 4.2892 12.666567 0.74681 12.959959 12.213149 14.45 2.1 476.301483 481.20575 161554.83992 53.405 89420.0 90.179 103250.0 95.183 "" "" 0.0027785978827586104 0.0029973267 0.0039096726 0.0069069993 154.93809332194 -52.19058643288 478.805969 -14.934999999999999 -0.30399999999999827 1.0
156.19672547086 -51.92276764218 0.0135 0.0146 28.9472 "" "" 5357560312616368128 490.312866 2.0181 0.017 -15.172 -0.813 0.019 0.017 1.269 6147.0 4.3558 12.72756 0.786225 13.037836 12.251611 9.57 4.07 486.890472 493.382538 152729.39026 137.37 83231.0 249.69 99658.0 219.33 "" "" 0.002923257641142705 0.0042888457 0.0044714115 0.008760257 156.19672547086 -51.92276764218 490.312866 -15.172000000000002 -0.8129999999999977 1.0
155.42807077657 -52.13859367624 0.0096 0.0085 22.9326 "" "" 5357452461713665280 477.79126 2.0708 0.0118 -14.737 -0.52 0.013 0.01 0.878 6096.9 4.434 12.762089 0.767274 13.065317 12.298043 15.03 2.61 475.22644 480.439941 147948.68722 65.165 81150.0 105.6 95486.0 93.425 "" "" 0.0027965127621306313 0.0031274953 0.003925839 0.0070533343 155.42807077657 -52.13859367624 477.79126 -14.737000000000005 -0.5200000000000002 1.0
155.28488976082 -52.12357955765 0.0122 0.0115 22.9643 "" "" 5357453286347163520 476.638977 2.0738 0.015 -14.91 -0.457 0.017 0.013 0.972 5814.7 4.2953 12.947026 0.823315 13.278118 12.454803 25.27 7.15 474.271454 480.539856 124777.48951 97.669 66707.0 168.95 82649.0 161.95 "" "" 0.0028834081884604617 0.0039174985 0.004337043 0.008254541 155.28488976082 -52.12357955765 476.638977 -14.91 -0.4570000000000005 1.0
156.69605416399 -52.68918398617 0.0124 0.0129 71.9762 "" "" 5357268637111992960 460.729004 2.1466 0.016 -15.213 -0.732 0.016 0.017 1.035 5784.9 4.3237 12.973098 0.836966 13.303857 12.466891 0.27 4.96 456.767029 464.522827 121816.87064 164.14 65144.0 288.6 81734.0 270.12 "" "" 0.0031196201775802513 0.00556069 0.00521143 0.01077212 156.69605416399 -52.68918398617 460.729004 -15.213 -0.7319999999999993 1.0
155.58420242076 -51.094350001 0.0094 0.0102 40.0152 "" "" 5358725421291673728 482.609741 2.038 0.0119 -14.747 -0.697 0.013 0.014 1.116 5746.6 4.3263 13.049017 0.834123 13.383959 12.549836 12.25 2.4 479.925201 485.227325 113589.92098 65.889 60511.0 123.4 75722.0 127.67 "" "" 0.0028263807052124864 0.0035619468 0.004199379 0.0077613257 155.58420242076 -51.094350001 482.609741 -14.746999999999995 -0.6969999999999996 1.0
155.82708643333 -52.09637466669 0.0102 0.0114 24.4066 "" "" 5357532004503580800 459.73111 2.1416 0.0126 -15.496 -0.77 0.014 0.014 1.028 5734.4 4.3759 13.19333 0.894599 13.556934 12.662335 8.56 5.86 457.075104 461.905212 99452.33386 143.35 51599.0 280.92 68269.0 261.88 "" "" 0.0031687429940172817 0.006536492 0.0056240554 0.012160547 155.82708643333 -52.09637466669 459.73111 -15.496000000000004 -0.7700000000000004 0.9
156.36843860926 -52.27188043363 0.0146 0.0151 45.5108 "" "" 5357482904435079168 465.2612 2.1207 0.0188 -15.033 -0.629 0.022 0.02 1.585 5215.6 4.2864 13.193497 0.956287 13.584052 12.627765 11.95 6.56 461.472412 470.308258 99437.03072 177.57 50326.0 291.74 70478.0 296.26 "" "" 0.0033691179149487826 0.0068847435 0.0059256763 0.01281042 156.36843860926 -52.27188043363 465.2612 -15.033000000000001 -0.6290000000000004 1.0
156.50251762168 -51.05765247447 0.0088 0.0087 57.2107 "" "" 5357986927438481664 481.525269 2.0412 0.0107 -14.708 -0.997 0.011 0.01 0.988 5498.7 4.3726 13.194201 0.867294 13.546094 12.6788 11.64 3.35 478.630554 483.981537 99372.44859 69.579 52117.0 120.16 67242.0 103.81 "" "" 0.002858271590244329 0.0037485098 0.0041344087 0.007882918 156.50251762168 -51.05765247447 481.525269 -14.708000000000002 -0.996999999999998 1.0
155.18856954847 -51.58959173723 0.0094 0.0092 14.3345 "" "" 5358313448032079488 478.416901 2.0573 0.0114 -14.928 -0.797 0.013 0.011 1.008 5790.0 4.3985 13.25349 0.887238 13.613506 12.726269 8.98 4.52 475.73587 480.961365 94091.60755 108.79 48980.0 181.69 64365.0 202.66 "" "" 0.003027816944998566 0.00489958 0.005096101 0.009995681 155.18856954847 -51.58959173723 478.416901 -14.928000000000003 -0.7969999999999988 1.0
155.10587961352 -52.62939205586 0.0114 0.011 53.9696 "" "" 5357415043957185536 468.188232 2.1036 0.0133 -15.222 -0.547 0.016 0.013 0.958 5334.2 4.3863 13.432689 0.95616 13.825686 12.869526 21.32 3.94 464.61087 471.408203 79775.80597 34.834 40285.0 60.482 56409.0 68.452 "" "" 0.002795808691366838 0.0032314372 0.0040024524 0.00723389 155.10587961352 -52.62939205586 468.188232 -15.222000000000003 -0.5469999999999989 1.0
155.42491877237 -51.74477900706 0.0095 0.0096 1.607 "" "" 5358307847395203840 481.459534 2.0426 0.012 -14.703 -0.765 0.013 0.012 0.986 5799.6 4.4861 13.438225 0.911941 13.809783 12.897841 18.71 3.81 477.494934 484.181274 79370.056 57.731 40879.0 98.84 54957.0 118.29 "" "" 0.0028662619018390385 0.003830998 0.0044435416 0.008274539 155.42491877237 -51.74477900706 481.459534 -14.703 -0.7650000000000021 1.0
155.14714610092 -51.88090258591 0.0098 0.0105 13.8872 "" "" 5358302968312231552 477.640533 2.0558 0.0127 -14.908 -0.815 0.013 0.012 0.904 5755.1 4.5286 13.534759 0.938769 13.920818 12.982049 13.4 2.87 474.944702 480.322784 72617.82018 82.936 36905.0 163.46 50856.0 163.9 "" "" 0.003021490833043384 0.005559774 0.005150504 0.0107102785 155.14714610092 -51.88090258591 477.640533 -14.908000000000001 -0.8149999999999997 1.0
