Clusters/NGC_3228/NGC_3228_stars_in_region.tsv
# %ECSV 1.0
# ---
# datatype:
# - name: RA_ICRS_1
#   unit: deg
#   datatype: float64
#   format: '{:15.11f}'
#   description: Right ascension (ICRS) at Ep=2016.0 (ra)
#   meta: !!omap
#   - {ucd: POS_EQ_RA_MAIN}
#   - {width: 15}
#   - {precision: '11'}
# - name: DE_ICRS_1
#   unit: deg
#   datatype: float64
#   format: '{:15.11f}'
#   description: Declination (ICRS) at Ep=2016.0 (dec)
#   meta: !!omap
#   - {ucd: POS_EQ_DEC_MAIN}
#   - {width: 15}
#   - {precision: '11'}
# - name: e_RA_ICRS
#   unit: mas
#   datatype: float64
#   format: '{:7.4f}'
#   description: Standard error of right ascension (ra_error)
#   meta: !!omap
#   - {ucd: ERROR}
#   - {width: 7}
#   - {precision: '4'}
# - name: e_DE_ICRS
#   unit: mas
#   datatype: float64
#   format: '{:7.4f}'
#   description: Standard error of declination (dec_error)
#   meta: !!omap
#   - {ucd: ERROR}
#   - {width: 7}
#   - {precision: '4'}
# - name: _r_1
#   unit: ''
#   datatype: float64
#   format: '{:8.4f}'
#   description: Distance from center (155.46341141000-51.75700460000)[ICRS], at Epoch=J2016.0
#   meta: !!omap
#   - {ucd: POS_ANG_DIST_GENERAL}
#   - {width: 8}
#   - {precision: '4'}
# - name: HIP
#   datatype: int32
#   description: '? HIP cross-id number, van Leeuwen, Cat. I/311 (hip_original_ext_source_id)'
#   meta: !!omap
#   - {ucd: ID_NUMBER}
#   - {width: 6}
#   - values: {'null': -2147483648}
# - name: TYC2
#   datatype: string
#   description: Tycho-2 cross-id name, Hog et al., Cat. I/259 (tyc2_original_ext_source_id)
#   meta: !!omap
#   - {ucd: ID_CROSSID}
#   - {_votable_string_dtype: char}
# - name: Source
#   datatype: int64
#   description: Source identifier, identical to the Gaia-EDR3 source_id (id)
#   meta: !!omap
#   - {ucd: ID_MAIN}
#   - {width: 19}
# - name: rgeo
#   unit: pc
#   datatype: float64
#   format: '{:15.8f}'
#   description: '? Median of the geometric distance posterior (r_med_geo)'
#   meta: !!omap
#   - {ucd: PHYS_DISTANCE_TRUE}
#   - {width: 15}
#   - {precision: '8'}
#   - values: {'null': .nan}
# - name: Plx
#   unit: mas
#   datatype: float64
#   format: '{:9.4f}'
#   description: '? Parallax (parallax)'
#   meta: !!omap
#   - {ucd: POS_PARLX_TRIG}
#   - {width: 9}
#   - {precision: '4'}
#   - values: {'null': .nan}
# - name: e_Plx
#   unit: mas
#   datatype: float32
#   format: '{:7.4f}'
#   description: '? Standard error of parallax (parallax_error)'
#   meta: !!omap
#   - {ucd: ERROR}
#   - {width: 7}
#   - {precision: '4'}
#   - values: {'null': .nan}
# - name: pmRA
#   unit: mas / yr
#   datatype: float64
#   format: '{:9.3f}'
#   description: '? Proper motion in right ascension direction, pmRA*cosDE (pmra)'
#   meta: !!omap
#   - {ucd: POS_EQ_PMRA}
#   - {width: 9}
#   - {precision: '3'}
#   - values: {'null': .nan}
# - name: pmDE
#   unit: mas / yr
#   datatype: float64
#   format: '{:9.3f}'
#   description: '? Proper motion in declination direction (pmdec)'
#   meta: !!omap
#   - {ucd: POS_EQ_PMDEC}
#   - {width: 9}
#   - {precision: '3'}
#   - values: {'null': .nan}
# - name: e_pmRA
#   unit: mas / yr
#   datatype: float32
#   format: '{:6.3f}'
#   description: '? Standard error of proper motion in right ascension direction (pmra_error)'
#   meta: !!omap
#   - {ucd: ERROR}
#   - {width: 6}
#   - {precision: '3'}
#   - values: {'null': .nan}
# - name: e_pmDE
[...]
#         unit: &id001 !astropy.units.Unit {unit: deg}
#         value: !astropy.table.SerializedColumn {name: SkyCoord.dec}
#       distance: !astropy.table.SerializedColumn
#         __class__: astropy.coordinates.distances.Distance
#         unit: !astropy.units.Unit {unit: pc}
#         value: !astropy.table.SerializedColumn {name: SkyCoord.distance}
#       frame: icrs
#       obstime: !astropy.time.Time {format: jyear_str, in_subfmt: '*', jd1: 367701545.0, jd2: 0.0, out_subfmt: '*', precision: 3, scale: tt}
#       pm_dec: !astropy.table.SerializedColumn
#         __class__: astropy.units.quantity.Quantity
#         unit: !astropy.units.Unit {unit: mas / yr}
#         value: !astropy.table.SerializedColumn {name: SkyCoord.pm_dec}
#       pm_ra_cosdec: !astropy.table.SerializedColumn
#         __class__: astropy.units.quantity.Quantity
#         unit: !astropy.units.Unit {unit: mas / yr}
#         value: !astropy.table.SerializedColumn {name: SkyCoord.pm_ra_cosdec}
#       ra: !astropy.table.SerializedColumn
#         __class__: astropy.coordinates.angles.Longitude
#         unit: *id001
#         value: !astropy.table.SerializedColumn {name: SkyCoord.ra}
#         wrap_angle: !astropy.coordinates.Angle
#           unit: *id001
#           value: 360.0
#       representation_type: spherical
# schema: astropy-2.0
RA_ICRS_1 DE_ICRS_1 e_RA_ICRS e_DE_ICRS _r_1 HIP TYC2 Source rgeo Plx e_Plx pmRA pmDE e_pmRA e_pmDE RUWE Teff logg Gmag BP-RP BPmag RPmag RV e_RV b_rgeo B_rgeo FG e_FG FBP e_FBP FRP e_FRP RAVE5 RAVE6 e_Gmag e_BPmag e_RPmag e_BP-RP SkyCoord.ra SkyCoord.dec SkyCoord.distance SkyCoord.pm_ra_cosdec SkyCoord.pm_dec
[from data line 862]
153.78347096162 -52.87139544953 0.0323 0.0334 90.9222 "" "" 5356689709884904192 430.207397 2.2966 0.0396 -39.396 2.887 0.04 0.04 2.756 5506.5 4.6419 14.02609 1.015457 14.4436 13.428143 21.21 5.26 423.433563 436.234894 46186.07 12.796 22802.0 16.99 33721.0 13.641 "" "" 0.0027716915559311385 0.0029050848 0.0038048169 0.0067099016 153.78347096162 -52.87139544953 430.207397 -39.396 2.886999999999998
154.22869984815 -52.21755806172 0.0118 0.0118 53.3378 "" "" 5358231190823804160 542.680664 1.8056 0.0142 -25.151 15.141 0.015 0.015 0.991 5493.3 4.531 14.039567 0.931983 14.423913 13.49193 42.24 3.68 538.862183 546.486816 45616.27159 7.1296 23219.0 17.178 31797.0 12.513 "" "" 0.0027605408679203637 0.0029034922 0.003803457 0.0067069493 154.22869984815 -52.21755806172 542.680664 -25.151000000000003 15.141000000000002
156.55913515728 -50.70056789789 0.0137 0.0137 75.5806 "" "" 5357999228224594432 577.671814 1.6934 0.0168 -27.013 11.628 0.019 0.017 1.279 5569.8 4.486 14.056365 0.916935 14.418707 13.501772 29.76 3.31 572.583923 583.089905 44915.94845 9.7044 23331.0 19.269 31510.0 35.831 "" "" 0.002765287967671747 0.0029307217 0.0039759306 0.0069066524 156.55913515728 -50.70056789789 577.671814 -27.012999999999998 11.628
153.07944850634 -51.47534383378 0.0126 0.0125 90.4051 "" "" 5358465421155758976 470.660767 2.0901 0.015 7.203 -6.516 0.019 0.016 0.971 5343.2 4.5672 14.060016 0.977042 14.465116 13.488073 7.04 6.28 467.216431 474.279144 44765.1773 8.983 22355.0 17.97 31910.0 16.298 "" "" 0.00276392085326436 0.0029234856 0.0038198482 0.006743334 153.07944850634 -51.47534383378 470.660767 7.203000000000001 -6.516000000000001
155.54370106123 -52.13817524541 0.013 0.0124 23.0622 "" "" 5357543171418268160 389.972717 2.5285 0.0162 31.127 -38.879 0.017 0.015 0.957 4871.6 4.5112 14.063916 1.127942 14.536731 13.408789 328.68 5.23 387.88147 392.304993 44604.66634 6.6943 20928.0 17.284 34328.0 23.837 "" "" 0.0027601343217978696 0.002930716 0.0038538459 0.006784562 155.54370106123 -52.13817524541 389.972717 31.126999999999995 -38.87899999999999
156.97047548313 -51.97598892623 0.0125 0.0113 57.3603 "" "" 5357877285510303488 459.59903 2.14 0.0146 26.322 -22.816 0.017 0.014 0.982 5652.5 4.5997 14.064793 0.838777 14.396322 13.557546 328.13 7.81 456.148895 462.868866 44568.69051 8.592 23817.0 16.977 29932.0 14.18 "" "" 0.0027632589127632315 0.0028955147 0.003814222 0.006709737 156.97047548313 -51.97598892623 459.59903 26.322 -22.816000000000006
157.87558917656 -51.80654521819 0.0124 0.0122 89.5841 "" "" 5357704009354575872 451.058868 2.1822 0.0149 -24.734 10.33 0.016 0.015 1.008 "" "" 14.065258 1.077725 14.526245 13.44852 22.58 3.37 447.922546 453.947418 44549.58352 9.081 21131.0 18.582 33094.0 19.515 "" "" 0.0027641943714058607 0.002949004 0.0038332278 0.006782232 157.87558917656 -51.80654521819 451.058868 -24.734 10.33
154.22578749034 -52.95911549789 0.0124 0.0122 85.1965 "" "" 5356662462610242176 532.668579 1.8411 0.0149 -14.936 3.588 0.017 0.015 1.012 5493.8 4.5954 14.070113 0.980358 14.477246 13.496888 42.77 4.02 528.441528 537.208618 44350.78726 6.1915 22106.0 14.667 31652.0 15.52 "" "" 0.0027594860869401268 0.0028816627 0.003816693 0.006698356 154.22578749034 -52.95911549789 532.668579 -14.936 3.5879999999999996
154.15125430406 -50.53910705497 0.0115 0.0118 88.195 "" "" 5358623441591864832 504.863892 1.9471 0.0152 -10.204 21.172 0.015 0.014 0.91 5391.8 4.5891 14.072968 0.996153 14.489094 13.492941 7.27 6.05 500.652863 508.89328 44234.30654 6.5832 21867.0 15.174 31767.0 15.373 "" "" 0.0027600542109386173 0.0028901012 0.0038157296 0.006705831 154.15125430406 -50.53910705497 504.863892 -10.203999999999999 21.171999999999997
157.29626378376 -52.98667811174 0.0112 0.0111 99.7507 "" "" 5357245994045115520 462.101013 2.1293 0.0136 -7.335 2.226 0.016 0.015 0.959 5221.4 4.5495 14.075209 1.026108 14.50548 13.479372 -0.33 5.17 459.274231 464.511383 44143.12838 15.167 21539.0 34.106 32167.0 37.585 "" "" 0.002780458908811079 0.0032773067 0.003986615 0.007263922 157.29626378376 -52.98667811174 462.101013 -7.334999999999999 2.2259999999999995
154.63997968489 -52.21071529678 0.0125 0.0128 40.8279 "" "" 5358187175995414528 458.044769 2.1504 0.016 -22.132 20.159 0.019 0.017 0.925 5368.5 4.6144 14.075463 0.996886 14.49075 13.493864 36.56 3.09 455.389069 461.281433 44132.79967 6.6097 21833.0 12.327 31740.0 16.25 "" "" 0.0027601143260881466 0.0028567167 0.0038200412 0.0066767577 154.63997968489 -52.21071529678 458.044769 -22.131999999999998 20.159
157.84384653819 -51.26960984842 0.0119 0.0115 93.5673 "" "" 5357826123859582336 409.40506 2.4036 0.0149 -25.628 3.834 0.016 0.014 1.014 5148.8 4.5712 14.079523 1.050674 14.522574 13.4719 26.34 3.38 406.489319 412.220581 43968.06706 6.4663 21202.0 13.465 32389.0 19.826 "" "" 0.002759943151063609 0.0028741087 0.003837372 0.0067114807 157.84384653819 -51.26960984842 409.40506 -25.628 3.8340000000000014
153.96881947464 -51.65608423812 0.0123 0.0123 55.8989 "" "" 5358285857168082304 490.154083 2.0098 0.0152 -15.635 7.072 0.016 0.016 0.993 5071.8 4.4836 14.079891 1.087818 14.545477 13.457659 61.62 2.9 485.822388 493.550232 43953.18373 6.6303 20760.0 21.626 32817.0 16.173 "" "" 0.002760183702211638 0.0030106928 0.0038170714 0.006827764 153.96881947464 -51.65608423812 490.154083 -15.635 7.072000000000001
156.07352608054 -51.04320813861 0.0147 0.0142 48.5362 "" "" 5357979608812786304 538.796143 1.8145 0.0179 -25.962 6.775 0.018 0.016 1.256 5161.1 4.405 14.081918 0.963594 14.476811 13.513217 31.75 3.36 533.331726 543.841614 43871.21471 7.5553 22115.0 18.397 31180.0 19.705 "" "" 0.0027616573146225054 0.0029327155 0.003841164 0.0067738798 156.07352608054 -51.04320813861 538.796143 -25.962 6.775000000000002
155.09290636998 -51.57478318327 0.0166 0.0165 17.5969 "" "" 5358325027245738752 419.282532 2.3535 0.0196 -12.004 2.907 0.021 0.019 1.388 "" "" 14.087986 1.073565 14.520848 13.447284 18.36 4.64 415.886719 422.513794 43626.68308 28.194 21236.0 15.422 33132.0 60.135 "" "" 0.0028432588538196074 0.0028994402 0.0042622867 0.007161727 155.09290636998 -51.57478318327 419.282532 -12.004 2.9070000000000005
154.33871629135 -53.23374107566 0.0164 0.016 97.6629 "" "" 5356620303209805312 545.489807 1.7971 0.0195 -17.324 11.223 0.021 0.019 1.335 4830.4 4.3893 14.09045 1.177418 14.601811 13.424394 1.4 4.38 539.331055 551.001648 43527.80068 7.5344 19710.0 18.069 33838.0 15.991 "" "" 0.002761722059975225 0.0029623895 0.0038140516 0.006776441 154.33871629135 -53.23374107566 545.489807 -17.324000000000005 11.223000000000003
157.06297587473 -51.00556667586 0.0125 0.0131 74.9695 "" "" 5357941847459387520 482.418549 2.0398 0.0155 -35.384 11.915 0.017 0.016 0.959 5237.8 4.5105 14.098285 0.939999 14.483763 13.543764 81.87 4.19 478.609955 486.076263 43214.85087 7.1688 21974.0 15.835 30315.0 15.752 "" "" 0.002761200645455848 0.0028977941 0.0038212568 0.006719051 157.06297587473 -51.00556667586 482.418549 -35.384 11.915
155.39054952213 -51.95805894493 0.0498 0.0504 12.3617 "" "" 5357548428458070016 418.959717 2.3641 0.0619 -22.072 24.506 0.069 0.065 4.433 "" "" 14.105303 1.162845 14.609586 13.446741 83.85 3.52 409.817596 430.044556 42936.39816 5.333 19570.0 13.623 33148.0 16.589 "" "" 0.002758618412767369 0.002890723 0.0038182412 0.0067089642 155.39054952213 -51.95805894493 418.959717 -22.071999999999996 24.506000000000004
156.99904897942 -50.45573035884 0.0119 0.0126 97.1689 "" "" 5358099318139403264 462.615601 2.1269 0.0158 -17.45 10.118 0.016 0.016 1.056 5076.7 4.523 14.107107 1.087247 14.571756 13.484509 2.8 4.81 458.296356 466.57077 42865.0907 10.756 20263.0 21.586 32015.0 34.625 "" "" 0.002768756601313579 0.0030204023 0.003957599 0.0069780014 156.99904897942 -50.45573035884 462.615601 -17.45 10.117999999999999
157.29882979187 -50.70461614778 0.0182 0.0196 93.4953 "" "" 5358045923103838592 551.926147 1.7746 0.0241 -4.471 -1.399 0.023 0.024 1.609 4762.8 4.3166 14.107191 1.183304 14.623782 13.440478 7.14 2.64 544.42511 560.440979 42861.80633 6.1792 19315.0 13.577 33340.0 13.885 "" "" 0.002759762625469787 0.0028926649 0.0038063352 0.006699 157.29882979187 -50.70461614778 551.926147 -4.470999999999999 -1.3989999999999998
155.37069274553 -51.01948833328 0.0119 0.0123 44.3869 "" "" 5358363991208638336 417.535858 2.3605 0.0145 -24.741 -8.802 0.015 0.015 1.014 5126.4 4.6094 14.110222 1.095669 14.573417 13.477748 12.64 4.76 415.259613 420.146393 42742.30551 6.8781 20233.0 16.648 32215.0 14.583 "" "" 0.0027608541046257916 0.0029296994 0.0038112055 0.006740905 155.37069274553 -51.01948833328 417.535858 -24.741 -8.802000000000001
157.27363098437 -52.4415585493 0.0123 0.0127 78.346 "" "" 5357286779055545856 564.175598 1.7378 0.0158 -33.965 44.651 0.016 0.015 1.055 5622.7 4.5282 14.111776 0.882891 14.468987 13.586097 19.01 4.11 558.487366 570.004028 42681.17057 7.8293 22275.0 13.217 29155.0 17.458 "" "" 0.0027625089532459218 0.0028635778 0.0038348932 0.006698471 157.27363098437 -52.4415585493 564.175598 -33.96500000000001 44.65100000000001
154.69657463379 -53.17288491268 0.0338 0.0346 89.4567 "" "" 5355893697830505472 436.141083 2.2658 0.0401 -16.249 30.996 0.043 0.041 2.368 4951.5 4.4384 14.111905 1.09219 14.578735 13.486546 44.55 4.26 430.00412 444.355743 42676.08523 6.7671 20134.0 11.39 31955.0 19.54 "" "" 0.0027606937246684384 0.0028569745 0.0038372523 0.0066942265 154.69657463379 -53.17288491268 436.141083 -16.249 30.995999999999995
154.41886070698 -50.80072357343 0.0119 0.0123 69.4897 "" "" 5358429240354036352 545.099426 1.7967 0.015 -15.588 12.602 0.016 0.015 0.959 5192.5 4.4773 14.114384 1.002534 14.53401 13.531476 50.3 4.55 540.235413 550.298523 42578.77815 6.6683 20980.0 17.532 30660.0 13.521 "" "" 0.0027605619645478746 0.00293398 0.003809591 0.006743571 154.41886070698 -50.80072357343 545.099426 -15.588000000000003 12.602
156.9329413064 -51.52736619078 0.0115 0.0118 56.4238 "" "" 5357893159709198848 537.6203 1.8268 0.0143 -1.191 -4.212 0.016 0.014 0.955 5418.8 4.5796 14.115527 0.97859 14.523939 13.545349 15.05 6.73 533.859741 541.639343 42533.9786 10.272 21176.0 23.834 30270.0 19.86 "" "" 0.002767768345039135 0.0030460423 0.0038459282 0.0068919705 156.9329413064 -51.52736619078 537.6203 -1.191 -4.211999999999999
155.54490880984 -50.86948663608 0.0137 0.0128 53.3387 "" "" 5358741089332042112 390.751038 2.5243 0.0162 -65.432 38.295 0.019 0.016 1.149 4539.4 4.3631 14.116183 1.318857 14.70296 13.384103 61.99 2.96 387.932892 393.055054 42508.27666 6.0322 17957.0 12.688 35117.0 14.647 "" "" 0.0027596245925689184 0.0028937133 0.003806416 0.0067001292 155.54490880984 -50.86948663608 390.751038 -65.43199999999999 38.295
155.71676390237 -51.88259426715 0.0119 0.0129 12.0447 "" "" 5357553273181483264 540.28302 1.8153 0.0161 -23.857 -11.127 0.016 0.016 1.028 5610.2 4.5024 14.116683 1.01787 14.540581 13.522711 -15.37 4.56 535.575989 545.15979 42488.71771 7.0167 20854.0 16.64 30908.0 14.213 "" "" 0.002761148018634644 0.0029215736 0.0038122174 0.006733791 155.71676390237 -51.88259426715 540.28302 -23.856999999999996 -11.126999999999999
155.85888578941 -51.65891158333 0.0127 0.0127 15.838 "" "" 5357579798900529920 555.53363 1.764 0.0162 -12.372 7.915 0.016 0.015 0.978 5426.9 4.4856 14.118276 0.954252 14.510391 13.556139 23.25 6.7 550.788147 560.129883 42426.4426 17.812 21442.0 31.634 29971.0 33.429 "" "" 0.002792770660979833 0.0032172764 0.0039686603 0.007185937 155.85888578941 -51.65891158333 555.53363 -12.372 7.915
155.0931484107 -50.44865289373 0.0125 0.012 79.7306 "" "" 5358805238965831680 487.21048 2.015 0.0147 -23.993 -1.728 0.016 0.015 0.941 5096.9 4.5344 14.118404 1.078921 14.581166 13.502245 36.56 2.99 484.435791 490.890961 42421.4023 6.5265 20089.0 18.23 31496.0 17.867 "" "" 0.002760378897366019 0.0029590188 0.0038292399 0.0067882584 155.0931484107 -50.44865289373 487.21048 -23.993000000000002 -1.7280000000000004
155.08374529949 -51.90528128377 0.0121 0.0125 16.6531 "" "" 5358209234949493376 451.224121 2.1799 0.0151 -31.763 19.329 0.016 0.015 1.092 4961.7 4.4549 14.11875 1.15578 14.617818 13.462038 26.9 3.18 448.685394 453.830444 42407.92979 8.6424 19422.0 15.834 32685.0 20.28 "" "" 0.0027641901787608114 0.002927209 0.003838952 0.006766161 155.08374529949 -51.90528128377 451.224121 -31.76300000000001 19.329
156.19108026053 -52.14872437778 0.0692 0.0744 35.7271 "" "" 5357488092755371648 535.8573 1.8656 0.0925 -9.608 0.135 0.089 0.096 7.56 6037.6 4.4269 14.119135 1.011114 14.437964 13.426849 -35.58 4.36 509.519379 561.74585 42392.84855 26.046 22921.0 21.959 33761.0 22.1 "" "" 0.0028349205436272304 0.0029777503 0.0038456284 0.0068233786 156.19108026053 -52.14872437778 535.8573 -9.607999999999999 0.13500000000000026
158.02654871748 -51.51091146369 0.0122 0.0123 96.5838 "" "" 5357807432162183552 440.960327 2.2333 0.0147 -27.123 -4.834 0.016 0.015 0.939 4951.7 4.5079 14.121168 1.102817 14.593594 13.490777 48.12 4.11 438.132477 443.836334 42313.54667 6.3754 19860.0 15.896 31831.0 13.43 "" "" 0.0027601721948653343 0.0029223713 0.0038070425 0.0067294138 158.02654871748 -51.51091146369 440.960327 -27.122999999999998 -4.834000000000002
154.71728366358 -53.1988759658 0.0139 0.0139 90.7061 "" "" 5355893319873377920 493.07547 1.9898 0.0168 -1.132 -2.544 0.017 0.016 1.04 5386.0 4.5637 14.125091 0.957522 14.519515 13.561993 38.92 4.0 488.851227 497.744995 42160.94342 6.0793 21262.0 13.796 29810.0 17.834 "" "" 0.0027597642910140883 0.0028777337 0.003834793 0.006712527 154.71728366358 -53.1988759658 493.07547 -1.132 -2.544
154.0254803474 -51.5422498331 0.0248 0.0233 55.0594 "" "" 5358288159270618368 553.045593 1.7721 0.0296 -10.261 -0.093 0.032 0.029 2.111 5417.1 4.538 14.126221 0.943105 14.515405 13.5723 -3.98 3.46 544.17627 563.082092 42117.08909 6.9722 21343.0 15.065 29528.0 18.105 "" "" 0.002761176296646661 0.0028935047 0.003837565 0.0067310696 154.0254803474 -51.5422498331 553.045593 -10.261 -0.09300000000000004
156.45850871836 -53.06615620954 0.053 0.0535 86.5793 "" "" 5357163084003226112 447.280212 2.2 0.0657 -22.688 9.594 0.072 0.065 5.384 4727.2 4.4295 14.127912 1.285799 14.685153 13.399354 5.93 2.6 437.430847 462.315186 42051.55525 19.029 18254.0 24.045 34627.0 33.686 "" "" 0.0027987814850139307 0.0031353575 0.003924201 0.0070595583 156.45850871836 -53.06615620954 447.280212 -22.688 9.594
156.27988995739 -52.6799595009 0.0119 0.0124 62.9865 "" "" 5357365737731562880 423.594666 2.3238 0.0155 -68.843 2.902 0.017 0.015 0.928 5074.9 4.5342 14.130824 1.037646 14.566659 13.529013 60.9 4.69 421.337769 426.333954 41938.89417 5.785 20359.0 13.278 30729.0 16.948 "" "" 0.0027593874311514586 0.0028786224 0.003826527 0.006705149 156.27988995739 -52.6799595009 423.594666 -68.843 2.9020000000000046
156.93767636615 -50.77757234133 0.0119 0.0125 80.7222 "" "" 5358042487129751168 459.513184 2.1411 0.0146 -13.194 3.542 0.015 0.016 0.993 5112.3 4.5109 14.133058 1.056796 14.579134 13.522338 4.16 3.17 456.803558 462.187225 41852.73242 17.836 20126.0 30.29 30919.0 34.005 "" "" 0.0027939003514156607 0.0032334465 0.0039635347 0.0071969815 156.93767636615 -50.77757234133 459.513184 -13.193999999999999 3.541999999999999
154.71982365409 -51.85459464625 0.0122 0.0114 28.2013 "" "" 5358224215794828160 513.216125 1.9139 0.0145 -18.895 6.758 0.016 0.013 0.974 5163.0 4.4906 14.136301 1.02637 14.570886 13.544516 14.04 5.71 509.065063 517.109375 41727.8639 20.869 20280.0 37.093 30294.0 37.072 "" "" 0.0028083159273603036 0.0034247164 0.0040061283 0.007430845 154.71982365409 -51.85459464625 513.216125 -18.894999999999996 6.757999999999999
