Clusters/FSR_0968/FSR_0968_members.tsv
# %ECSV 1.0
# ---
# datatype:
# - name: RA_ICRS_1
#   unit: deg
#   datatype: float64
#   format: '{:15.11f}'
#   description: Right ascension (ICRS) at Ep=2016.0 (ra)
#   meta: !!omap
#   - {ucd: POS_EQ_RA_MAIN}
#   - {width: 15}
#   - {precision: '11'}
# - name: DE_ICRS_1
#   unit: deg
#   datatype: float64
#   format: '{:15.11f}'
#   description: Declination (ICRS) at Ep=2016.0 (dec)
#   meta: !!omap
#   - {ucd: POS_EQ_DEC_MAIN}
#   - {width: 15}
#   - {precision: '11'}
# - name: e_RA_ICRS
#   unit: mas
#   datatype: float64
#   format: '{:7.4f}'
#   description: Standard error of right ascension (ra_error)
#   meta: !!omap
#   - {ucd: ERROR}
#   - {width: 7}
#   - {precision: '4'}
# - name: e_DE_ICRS
#   unit: mas
#   datatype: float64
#   format: '{:7.4f}'
#   description: Standard error of declination (dec_error)
#   meta: !!omap
#   - {ucd: ERROR}
#   - {width: 7}
#   - {precision: '4'}
# - name: _r_1
#   unit: ''
#   datatype: float64
#   format: '{:7.4f}'
#   description: Distance from center (092.84870683000+11.85279435000)[ICRS], at Epoch=J2016.0
#   meta: !!omap
#   - {ucd: POS_ANG_DIST_GENERAL}
#   - {width: 7}
#   - {precision: '4'}
# - name: HIP
#   datatype: int32
#   description: '? HIP cross-id number, van Leeuwen, Cat. I/311 (hip_original_ext_source_id)'
#   meta: !!omap
#   - {ucd: ID_NUMBER}
#   - {width: 6}
#   - values: {'null': -2147483648}
# - name: TYC2
#   datatype: string
#   description: Tycho-2 cross-id name, Hog et al., Cat. I/259 (tyc2_original_ext_source_id)
#   meta: !!omap
#   - {ucd: ID_CROSSID}
#   - {_votable_string_dtype: char}
# - name: Source
#   datatype: int64
#   description: Source identifier, identical to the Gaia-EDR3 source_id (id)
#   meta: !!omap
#   - {ucd: ID_MAIN}
#   - {width: 19}
# - name: rgeo
#   unit: pc
#   datatype: float64
#   format: '{:15.8f}'
#   description: '? Median of the geometric distance posterior (r_med_geo)'
#   meta: !!omap
#   - {ucd: PHYS_DISTANCE_TRUE}
#   - {width: 15}
#   - {precision: '8'}
#   - values: {'null': .nan}
# - name: Plx
#   unit: mas
#   datatype: float64
#   format: '{:9.4f}'
#   description: '? Parallax (parallax)'
#   meta: !!omap
#   - {ucd: POS_PARLX_TRIG}
#   - {width: 9}
#   - {precision: '4'}
#   - values: {'null': .nan}
# - name: e_Plx
#   unit: mas
#   datatype: float32
#   format: '{:7.4f}'
#   description: '? Standard error of parallax (parallax_error)'
#   meta: !!omap
#   - {ucd: ERROR}
#   - {width: 7}
#   - {precision: '4'}
#   - values: {'null': .nan}
# - name: pmRA
#   unit: mas / yr
#   datatype: float64
#   format: '{:9.3f}'
#   description: '? Proper motion in right ascension direction, pmRA*cosDE (pmra)'
#   meta: !!omap
#   - {ucd: POS_EQ_PMRA}
#   - {width: 9}
#   - {precision: '3'}
#   - values: {'null': .nan}
# - name: pmDE
#   unit: mas / yr
#   datatype: float64
#   format: '{:9.3f}'
#   description: '? Proper motion in declination direction (pmdec)'
#   meta: !!omap
#   - {ucd: POS_EQ_PMDEC}
#   - {width: 9}
#   - {precision: '3'}
#   - values: {'null': .nan}
# - name: e_pmRA
#   unit: mas / yr
#   datatype: float32
#   format: '{:6.3f}'
#   description: '? Standard error of proper motion in right ascension direction (pmra_error)'
#   meta: !!omap
#   - {ucd: ERROR}
#   - {width: 6}
#   - {precision: '3'}
#   - values: {'null': .nan}
# - name: e_pmDE
[...]
#       distance: !astropy.table.SerializedColumn
#         __class__: astropy.coordinates.distances.Distance
#         unit: !astropy.units.Unit {unit: pc}
#         value: !astropy.table.SerializedColumn {name: SkyCoord.distance}
#       frame: icrs
#       obstime: !astropy.time.Time {format: jyear_str, in_subfmt: '*', jd1: 367701545.0, jd2: 0.0, out_subfmt: '*', precision: 3, scale: tt}
#       pm_dec: !astropy.table.SerializedColumn
#         __class__: astropy.units.quantity.Quantity
#         unit: !astropy.units.Unit {unit: mas / yr}
#         value: !astropy.table.SerializedColumn {name: SkyCoord.pm_dec}
#       pm_ra_cosdec: !astropy.table.SerializedColumn
#         __class__: astropy.units.quantity.Quantity
#         unit: !astropy.units.Unit {unit: mas / yr}
#         value: !astropy.table.SerializedColumn {name: SkyCoord.pm_ra_cosdec}
#       ra: !astropy.table.SerializedColumn
#         __class__: astropy.coordinates.angles.Longitude
#         unit: *id001
#         value: !astropy.table.SerializedColumn {name: SkyCoord.ra}
#         wrap_angle: !astropy.coordinates.Angle
#           unit: *id001
#           value: 360.0
#       representation_type: spherical
# schema: astropy-2.0
RA_ICRS_1 DE_ICRS_1 e_RA_ICRS e_DE_ICRS _r_1 HIP TYC2 Source rgeo Plx e_Plx pmRA pmDE e_pmRA e_pmDE RUWE Teff logg Gmag BP-RP BPmag RPmag RV e_RV b_rgeo B_rgeo FG e_FG FBP e_FBP FRP e_FRP RAVE5 RAVE6 e_Gmag e_BPmag e_RPmag e_BP-RP SkyCoord.ra SkyCoord.dec SkyCoord.distance SkyCoord.pm_ra_cosdec SkyCoord.pm_dec rmRA rmDE e_rmRA e_rmDE rRV e_rRV v_pec v_pec3d e_vpec e_vpec3d Pmemb
92.85003499009 11.91591747203 0.0209 0.0186 3.7882 "" 738-1148-1 3330410275174659328 2161.04956 0.4105 0.0228 -0.26 -1.197 0.028 0.021 1.16 12144.8 3.4296 11.505373 0.427568 11.652897 11.225328 "" "" 2058.07422 2272.58569 470757.98219 209.97 298030.0 144.53 256460.0 157.08 "" "" 0.002797553005761253 0.0028394156 0.0038374418 0.0066768574 92.85003499009 11.91591747203 2161.04956 -0.26000000000000006 -1.197 0.15244998574256896 0.010149982452392514 0.12072727 0.11372727 "" "" 1.5650596494417812 "" 0.18889842742882734 "" 0.8
92.84309342157 11.87808150437 0.0164 0.0142 1.5526 "" 738-420-1 3330406740419714816 2330.35986 0.3729 0.0183 -0.236 -1.374 0.02 0.016 1.123 "" "" 11.845112 0.437423 11.997749 11.560327 "" "" 2246.33691 2440.3313 344272.28385 82.827 216930.0 156.05 188380.0 70.59 "" "" 0.002767674376398059 0.0028974228 0.0038012173 0.00669864 92.84309342157 11.87808150437 2330.35986 -0.236 -1.374 0.17644998574256898 -0.16685001754760753 0.11272727 0.10872728 "" "" 2.682439153211456 "" 0.29736722909112506 "" 1.0
92.8340190474 11.81317256953 0.0163 0.0142 2.5289 "" "" 3330404060360163200 2433.74072 0.3786 0.0184 -0.387 -1.144 0.02 0.016 1.212 11616.3 3.6015 12.498964 0.453324 12.659304 12.205979 "" "" 2324.08838 2541.40454 188521.61299 50.082 117950.0 62.764 103940.0 60.424 "" "" 0.0027703759588924848 0.0028493577 0.0038317244 0.006681082 92.8340190474 11.81317256953 2433.74072 -0.387 -1.144 0.02544998574256896 0.06314998245239267 0.11272727 0.10872728 "" "" 0.7854285082898268 "" 0.08584338120980259 "" 0.8
92.78367678956 11.83959487383 0.0146 0.0132 3.9 "" "" 3330405125512062976 2336.53491 0.3802 0.0166 -0.453 -1.22 0.019 0.016 1.019 12683.4 3.995 13.777617 0.588796 13.997186 13.40839 "" "" 2267.71362 2430.24097 58063.09557 24.066 34399.0 36.37 34340.0 35.383 "" "" 0.0027918280506637606 0.0030170898 0.0039414777 0.0069585675 92.78367678956 11.83959487383 2336.53491 -0.453 -1.2199999999999993 -0.040550014257431044 -0.012850017547607395 0.111727275 0.10872728 "" "" 0.47110867559724273 "" 0.05250829000899684 "" 0.9
92.89213358568 11.84287441152 0.0155 0.0137 2.6186 "" "" 3330405739689197312 2387.34814 0.381 0.0172 -0.363 -1.312 0.019 0.016 1.021 9641.7 3.8049 13.831313 0.619654 14.066179 13.446526 "" "" 2285.10498 2483.59253 55261.36198 19.858 32281.0 32.812 33155.0 34.14 "" "" 0.0027828063289080766 0.0030004953 0.003941273 0.0069417683 92.89213358568 11.84287441152 2387.34814 -0.363 -1.312 0.04944998574256898 -0.10485001754760748 0.111727275 0.10872728 "" "" 1.3118216169224557 "" 0.1433549210727724 "" 0.8
92.88635068655 11.88675432473 0.0261 0.0229 3.0062 "" "" 3330407049657331072 2497.62671 0.3675 0.0298 -0.417 -1.197 0.032 0.025 1.969 9571.8 3.6831 13.872103 0.643061 14.113399 13.470339 "" "" 2317.92456 2678.32837 53223.79148 21.041 30907.0 27.138 32436.0 22.358 "" "" 0.002788552202508973 0.002948541 0.0038527679 0.006801309 92.88635068655 11.88675432473 2497.62671 -0.4169999999999998 -1.197 -0.004550014257431012 0.010149982452392514 0.12472728 0.11772727 "" "" 0.13168436249321192 "" 0.015660862586058418 "" 0.8
92.80983109314 11.81730377813 0.0161 0.0142 3.1219 "" "" 3330404880695739392 2322.52759 0.3885 0.0182 -0.433 -1.197 0.02 0.016 1.15 7498.6 3.9252 13.914854 0.493394 14.096102 13.602708 "" "" 2225.0061 2415.58569 51168.78695 20.756 31403.0 26.967 28713.0 18.512 "" "" 0.0027902966574263792 0.002941828 0.003843661 0.0067854887 92.80983109314 11.81730377813 2322.52759 -0.433 -1.1969999999999998 -0.020550014257431026 0.010149982452392514 0.11272727 0.10872728 "" "" 0.25232097435967826 "" 0.028248365619530216 "" 0.9
92.93054299021 11.84406300108 0.0182 0.0163 4.834 "" "" 3330405572188583040 2481.97681 0.3657 0.0213 -0.437 -1.294 0.021 0.017 1.128 9865.2 3.9416 14.027198 0.642591 14.269022 13.62643 "" "" 2364.7998 2634.89062 46138.93996 17.894 26780.0 43.911 28092.0 20.357 "" "" 0.002787310055797645 0.0033097472 0.0038604087 0.0071701556 92.93054299021 11.84406300108 2481.97681 -0.437 -1.2940000000000003 -0.02455001425743103 -0.08685001754760746 0.11372727 0.10972728 "" "" 1.0617893557556304 "" 0.11682679671947814 "" 0.9
92.87610118929 11.80407751944 0.0199 0.0172 3.3365 "" "" 3330403922921193472 2363.54321 0.3836 0.0212 -0.391 -1.169 0.025 0.02 1.103 "" "" 14.380714 0.59143 14.598599 14.00717 "" "" 2267.61182 2516.4126 33316.62502 17.717 19769.0 54.846 19783.0 24.319 "" "" 0.002815163294544855 0.004105902 0.0040081297 0.0081140315 92.87610118929 11.80407751944 2363.54321 -0.391 -1.1689999999999994 0.021449985742568956 0.03814998245239254 0.11772727 0.11272727 "" "" 0.4903267411740262 "" 0.0558718861583038 "" 0.8
92.90973328773 11.92160945475 0.021 0.0184 5.4668 "" "" 3330407427614423680 2477.09644 0.3636 0.0223 -0.389 -1.108 0.027 0.021 1.15 10587.1 3.8402 14.401261 0.650998 14.645382 13.994384 "" "" 2344.77051 2620.27026 32692.0427 11.021 18935.0 21.855 20017.0 25.21 "" "" 0.002779524974357286 0.003058673 0.004019146 0.0070778187 92.90973328773 11.92160945475 2477.09644 -0.38900000000000023 -1.1080000000000005 0.023449985742568957 0.09914998245239248 0.119727276 0.11372727 "" "" 1.1962802182518035 "" 0.13643938713551151 "" 1.0
92.84513874262 11.81426419572 0.0195 0.0172 2.3213 "" "" 3330404163439372160 2551.20874 0.3421 0.0221 -0.424 -1.178 0.023 0.019 1.07 9655.1 4.1036 14.462947 0.704031 14.7337 14.029669 "" "" 2420.76099 2696.30664 30886.44701 10.308 17456.0 18.883 19377.0 18.937 "" "" 0.002779044515608959 0.0030272896 0.0039255093 0.006952799 92.84513874262 11.81426419572 2551.20874 -0.424 -1.178 -0.011550014257431018 0.029149982452392642 0.115727276 0.111727275 "" "" 0.3791652714156222 "" 0.04257207103290053 "" 1.0
92.81820133898 11.94136432773 0.0233 0.0205 5.6079 "" "" 3330410245113003776 2328.88257 0.3838 0.025 -0.405 -1.221 0.03 0.024 1.16 10391.9 4.0 14.568401 0.690918 14.829419 14.138501 "" "" 2179.90015 2485.4646 28027.611 8.2739 15983.0 26.991 17529.0 24.128 "" "" 0.0027738996618634623 0.0033386874 0.0040641334 0.0074028205 92.81820133898 11.94136432773 2328.88257 -0.40499999999999986 -1.2209999999999994 0.007449985742568943 -0.013850017547607507 0.122727275 0.11672728 "" "" 0.17360418140092393 "" 0.02050270035326994 "" 0.8
92.83888541368 11.878030311 0.0203 0.0184 1.6203 "" "" 3330406809139193728 2407.59229 0.375 0.0239 -0.569 -1.29 0.026 0.02 1.041 9823.1 3.9449 14.569655 0.590553 14.792078 14.201525 "" "" 2285.28955 2551.94897 27995.2737 13.866 16542.0 16.562 16540.0 18.749 "" "" 0.0028073080142147393 0.0029944489 0.003974727 0.0069691758 92.83888541368 11.878030311 2407.59229 -0.569 -1.29 -0.15655001425743098 -0.08285001754760746 0.118727274 0.11272727 "" "" 2.0213085488623626 "" 0.23738386680192927 "" 0.9
92.80662315595 11.77754032361 0.0225 0.0201 5.1474 "" "" 3330403613683596160 2320.58252 0.3904 0.025 -0.368 -1.209 0.027 0.022 1.024 "" "" 14.586506 0.582912 14.80461 14.221699 "" "" 2179.28296 2446.87061 27564.13682 12.595 16352.0 21.626 16236.0 19.649 "" "" 0.002799627594748779 0.0031379783 0.0040012808 0.007139259 92.80662315595 11.77754032361 2320.58252 -0.368 -1.2089999999999999 0.044449985742568976 -0.0018500175476074965 0.119727276 0.11472727 "" "" 0.48935362554407624 "" 0.05858483385229781 "" 0.8
92.85712420901 11.87420794073 0.0235 0.0212 1.3766 "" "" 3330406843499763456 2398.80908 0.378 0.0266 -0.385 -1.181 0.029 0.023 0.992 9840.1 3.9296 14.732304 0.660871 14.976975 14.316105 "" "" 2258.62231 2595.46973 24100.46098 9.6462 13952.0 20.795 14884.0 18.64 "" "" 0.0027893792433301163 0.0032254914 0.0040165377 0.007242029 92.85712420901 11.87420794073 2398.80908 -0.385 -1.1809999999999996 0.02744998574256896 0.02614998245239253 0.12172727 0.115727276 "" "" 0.43107343342280985 "" 0.05125914546924613 "" 0.9
92.79284230017 11.88549209608 0.0228 0.0203 3.8221 "" "" 3330408320967701760 2153.62842 0.4195 0.0263 -0.418 -1.166 0.029 0.023 1.144 9977.5 4.0273 14.738617 0.710605 15.011238 14.300633 "" "" 2015.16028 2318.49609 23960.71946 9.6643 13518.0 15.792 15097.0 24.817 "" "" 0.002789903831581422 0.003064936 0.0041796104 0.0072445464 92.79284230017 11.88549209608 2153.62842 -0.41799999999999965 -1.166 -0.005550014257431013 0.04114998245239265 0.12172727 0.115727276 "" "" 0.42387063259741625 "" 0.049099985667900255 "" 0.8
92.85707970943 11.82603728771 0.0214 0.0187 1.679 "" "" 3330404193501321344 2555.88477 0.3513 0.0236 -0.458 -1.136 0.026 0.021 0.958 9443.9 3.9827 14.771722 0.613534 15.003456 14.389922 "" "" 2409.76782 2705.05542 23241.17914 10.926 13616.0 33.391 13906.0 16.397 "" "" 0.002802198699773752 0.003856738 0.003990326 0.007847064 92.85707970943 11.82603728771 2555.88477 -0.4579999999999998 -1.1360000000000006 -0.04555001425743105 0.07114998245239268 0.118727274 0.11372727 "" "" 1.0234843984942994 "" 0.11790865428708035 "" 0.9
92.83229715407 11.80801680498 0.0237 0.0211 2.8543 "" "" 3330404060360167808 1939.38 0.473 0.0269 -0.378 -1.13 0.029 0.023 1.018 9535.0 4.0997 14.87277 0.7 15.138798 14.438798 "" "" 1829.82166 2031.92688 21175.74392 8.3046 12020.0 21.285 13293.0 22.383 "" "" 0.002788026891033345 0.0033884386 0.0041983305 0.007586769 92.83229715407 11.80801680498 1939.38 -0.3779999999999998 -1.1300000000000006 0.03444998574256897 0.07714998245239268 0.12172727 0.115727276 "" "" 0.7767075946860443 "" 0.09067759066203085 "" 0.8
92.87651201937 11.83173603871 0.025 0.0218 2.0646 "" "" 3330405606548357504 2314.0166 0.3937 0.0285 -0.694 -1.167 0.029 0.024 0.955 "" "" 15.024906 0.701768 15.267023 14.565255 "" "" 2149.5708 2504.47192 18407.0614 7.425 10681.0 69.265 11832.0 57.502 "" "" 0.00278991039455433 0.007573564 0.0064904224 0.014063986 92.87651201937 11.83173603871 2314.0166 -0.694 -1.167 -0.281550014257431 0.04014998245239254 0.12172727 0.11672728 "" "" 3.119406059275054 "" 0.37941219952776517 "" 0.9
92.93989166034 11.87785191779 0.0423 0.0362 5.5613 "" "" 3330406293743065728 2144.07935 0.4475 0.0441 -0.384 -1.253 0.051 0.04 0.954 9768.6 4.528 16.058743 1.056014 16.490774 15.43476 "" "" 1967.63794 2377.34766 7103.12982 3.5841 3460.3 13.736 5312.0 12.459 "" "" 0.002809256014926566 0.0051342575 0.0045572533 0.00969151 92.93989166034 11.87785191779 2144.07935 -0.3840000000000002 -1.253 0.02844998574256896 -0.045850017547607314 0.14372727 0.13272727 "" "" 0.5483867780125853 "" 0.07451180779547883 "" 0.8
