Clusters/FSR_0968/FSR_0968_stars_in_region.tsv
# %ECSV 1.0
# ---
# datatype:
# - name: RA_ICRS_1
#   unit: deg
#   datatype: float64
#   format: '{:15.11f}'
#   description: Right ascension (ICRS) at Ep=2016.0 (ra)
#   meta: !!omap
#   - {ucd: POS_EQ_RA_MAIN}
#   - {width: 15}
#   - {precision: '11'}
# - name: DE_ICRS_1
#   unit: deg
#   datatype: float64
#   format: '{:15.11f}'
#   description: Declination (ICRS) at Ep=2016.0 (dec)
#   meta: !!omap
#   - {ucd: POS_EQ_DEC_MAIN}
#   - {width: 15}
#   - {precision: '11'}
# - name: e_RA_ICRS
#   unit: mas
#   datatype: float64
#   format: '{:7.4f}'
#   description: Standard error of right ascension (ra_error)
#   meta: !!omap
#   - {ucd: ERROR}
#   - {width: 7}
#   - {precision: '4'}
# - name: e_DE_ICRS
#   unit: mas
#   datatype: float64
#   format: '{:7.4f}'
#   description: Standard error of declination (dec_error)
#   meta: !!omap
#   - {ucd: ERROR}
#   - {width: 7}
#   - {precision: '4'}
# - name: _r_1
#   unit: ''
#   datatype: float64
#   format: '{:7.4f}'
#   description: Distance from center (092.84870683000+11.85279435000)[ICRS], at Epoch=J2016.0
#   meta: !!omap
#   - {ucd: POS_ANG_DIST_GENERAL}
#   - {width: 7}
#   - {precision: '4'}
# - name: HIP
#   datatype: int32
#   description: '? HIP cross-id number, van Leeuwen, Cat. I/311 (hip_original_ext_source_id)'
#   meta: !!omap
#   - {ucd: ID_NUMBER}
#   - {width: 6}
#   - values: {'null': -2147483648}
# - name: TYC2
#   datatype: string
#   description: Tycho-2 cross-id name, Hog et al., Cat. I/259 (tyc2_original_ext_source_id)
#   meta: !!omap
#   - {ucd: ID_CROSSID}
#   - {_votable_string_dtype: char}
# - name: Source
#   datatype: int64
#   description: Source identifier, identical to the Gaia-EDR3 source_id (id)
#   meta: !!omap
#   - {ucd: ID_MAIN}
#   - {width: 19}
# - name: rgeo
#   unit: pc
#   datatype: float64
#   format: '{:15.8f}'
#   description: '? Median of the geometric distance posterior (r_med_geo)'
#   meta: !!omap
#   - {ucd: PHYS_DISTANCE_TRUE}
#   - {width: 15}
#   - {precision: '8'}
#   - values: {'null': .nan}
# - name: Plx
#   unit: mas
#   datatype: float64
#   format: '{:9.4f}'
#   description: '? Parallax (parallax)'
#   meta: !!omap
#   - {ucd: POS_PARLX_TRIG}
#   - {width: 9}
#   - {precision: '4'}
#   - values: {'null': .nan}
# - name: e_Plx
#   unit: mas
#   datatype: float32
#   format: '{:7.4f}'
#   description: '? Standard error of parallax (parallax_error)'
#   meta: !!omap
#   - {ucd: ERROR}
#   - {width: 7}
#   - {precision: '4'}
#   - values: {'null': .nan}
# - name: pmRA
#   unit: mas / yr
#   datatype: float64
#   format: '{:9.3f}'
#   description: '? Proper motion in right ascension direction, pmRA*cosDE (pmra)'
#   meta: !!omap
#   - {ucd: POS_EQ_PMRA}
#   - {width: 9}
#   - {precision: '3'}
#   - values: {'null': .nan}
# - name: pmDE
#   unit: mas / yr
#   datatype: float64
#   format: '{:9.3f}'
#   description: '? Proper motion in declination direction (pmdec)'
#   meta: !!omap
#   - {ucd: POS_EQ_PMDEC}
#   - {width: 9}
#   - {precision: '3'}
#   - values: {'null': .nan}
# - name: e_pmRA
#   unit: mas / yr
#   datatype: float32
#   format: '{:6.3f}'
#   description: '? Standard error of proper motion in right ascension direction (pmra_error)'
#   meta: !!omap
#   - {ucd: ERROR}
#   - {width: 6}
#   - {precision: '3'}
#   - values: {'null': .nan}
# - name: e_pmDE
[...]
#         value: !astropy.table.SerializedColumn {name: SkyCoord.dec}
#       distance: !astropy.table.SerializedColumn
#         __class__: astropy.coordinates.distances.Distance
#         unit: !astropy.units.Unit {unit: pc}
#         value: !astropy.table.SerializedColumn {name: SkyCoord.distance}
#       frame: icrs
#       obstime: !astropy.time.Time {format: jyear_str, in_subfmt: '*', jd1: 367701545.0, jd2: 0.0, out_subfmt: '*', precision: 3, scale: tt}
#       pm_dec: !astropy.table.SerializedColumn
#         __class__: astropy.units.quantity.Quantity
#         unit: !astropy.units.Unit {unit: mas / yr}
#         value: !astropy.table.SerializedColumn {name: SkyCoord.pm_dec}
#       pm_ra_cosdec: !astropy.table.SerializedColumn
#         __class__: astropy.units.quantity.Quantity
#         unit: !astropy.units.Unit {unit: mas / yr}
#         value: !astropy.table.SerializedColumn {name: SkyCoord.pm_ra_cosdec}
#       ra: !astropy.table.SerializedColumn
#         __class__: astropy.coordinates.angles.Longitude
#         unit: *id001
#         value: !astropy.table.SerializedColumn {name: SkyCoord.ra}
#         wrap_angle: !astropy.coordinates.Angle
#           unit: *id001
#           value: 360.0
#       representation_type: spherical
# schema: astropy-2.0
RA_ICRS_1 DE_ICRS_1 e_RA_ICRS e_DE_ICRS _r_1 HIP TYC2 Source rgeo Plx e_Plx pmRA pmDE e_pmRA e_pmDE RUWE Teff logg Gmag BP-RP BPmag RPmag RV e_RV b_rgeo B_rgeo FG e_FG FBP e_FBP FRP e_FRP RAVE5 RAVE6 e_Gmag e_BPmag e_RPmag e_BP-RP SkyCoord.ra SkyCoord.dec SkyCoord.distance SkyCoord.pm_ra_cosdec SkyCoord.pm_dec rmRA rmDE e_rmRA e_rmDE rRV e_rRV v_pec v_pec3d e_vpec e_vpec3d
92.8435107225 11.89443512393 0.0181 0.0163 2.517 "" 738-658-1 3330406907920300160 2282.23999 0.3975 0.0203 -0.412 -1.185 0.023 0.018 1.041 "" "" 11.142373 0.444149 11.294454 10.850305 52.95 12.0 2186.10962 2395.20142 657654.13634 204.03 414610.0 279.58 362270.0 158.35 "" "" 0.0027758330435960505 0.0028846264 0.003809062 0.006693688 92.8435107225 11.89443512393 2282.23999 -0.4120000000000003 -1.185 0.0004499857425689924 0.022149982452392525 0.115727276 0.11072727 "" "" 0.23966391016005464 "" 0.026537836709340148 ""
92.85003499009 11.91591747203 0.0209 0.0186 3.7882 "" 738-1148-1 3330410275174659328 2161.04956 0.4105 0.0228 -0.26 -1.197 0.028 0.021 1.16 12144.8 3.4296 11.505373 0.427568 11.652897 11.225328 "" "" 2058.07422 2272.58569 470757.98219 209.97 298030.0 144.53 256460.0 157.08 "" "" 0.002797553005761253 0.0028394156 0.0038374418 0.0066768574 92.85003499009 11.91591747203 2161.04956 -0.26000000000000006 -1.197 0.15244998574256896 0.010149982452392514 0.12072727 0.11372727 "" "" 1.5650596494417812 "" 0.18889842742882734 ""
92.86316722593 11.83552228609 0.0136 0.0117 1.3398 "" 738-1772-1 3330405670969720704 2326.22388 0.3811 0.0151 0.166 -0.82 0.017 0.013 0.959 "" "" 11.803651 0.512096 11.986067 11.47397 40.28 7.72 2249.97046 2400.53809 357673.22427 85.637 219280.0 130.74 203970.0 98.438 "" "" 0.0027675560267543613 0.00286428 0.0038155327 0.0066798124 92.86316722593 11.83552228609 2326.22388 0.166 -0.8200000000000001 0.578449985742569 0.3871499824523926 0.10972728 0.10572727 "" "" 7.674887774457415 "" 0.8327680075652517 ""
92.84309342157 11.87808150437 0.0164 0.0142 1.5526 "" 738-420-1 3330406740419714816 2330.35986 0.3729 0.0183 -0.236 -1.374 0.02 0.016 1.123 "" "" 11.845112 0.437423 11.997749 11.560327 "" "" 2246.33691 2440.3313 344272.28385 82.827 216930.0 156.05 188380.0 70.59 "" "" 0.002767674376398059 0.0028974228 0.0038012173 0.00669864 92.84309342157 11.87808150437 2330.35986 -0.236 -1.374 0.17644998574256898 -0.16685001754760753 0.11272727 0.10872728 "" "" 2.682439153211456 "" 0.29736722909112506 ""
92.62516623223 11.82352072619 0.0143 0.0126 13.2441 "" 738-1754-1 3330402647316844800 1935.16943 0.4858 0.0158 0.16 -2.58 0.018 0.015 1.167 10555.4 3.5265 12.1079 0.613049 12.324676 11.711627 1.74 9.83 1875.98889 1999.99573 270263.10515 58.939 160530.0 92.728 163870.0 117.44 "" "" 0.0027654751770092995 0.0028597866 0.0038586503 0.006718437 92.62516623223 11.82352072619 1935.16943 0.16 -2.58 0.572449985742569 -1.3728500175476075 0.11072727 0.107727274 "" "" 13.643655568535154 "" 1.4759280575562859 ""
92.8340190474 11.81317256953 0.0163 0.0142 2.5289 "" "" 3330404060360163200 2433.74072 0.3786 0.0184 -0.387 -1.144 0.02 0.016 1.212 11616.3 3.6015 12.498964 0.453324 12.659304 12.205979 "" "" 2324.08838 2541.40454 188521.61299 50.082 117950.0 62.764 103940.0 60.424 "" "" 0.0027703759588924848 0.0028493577 0.0038317244 0.006681082 92.8340190474 11.81317256953 2433.74072 -0.387 -1.144 0.02544998574256896 0.06314998245239267 0.11272727 0.10872728 "" "" 0.7854285082898268 "" 0.08584338120980259 ""
92.86691620513 11.92341886306 0.0517 0.045 4.3703 "" "" 3330410309534829056 2542.16504 0.405 0.0577 2.399 -4.797 0.07 0.052 1.162 "" "" 12.528044 4.555218 15.612375 11.057158 -35.94 0.98 2182.09253 2886.69141 183539.38873 1160.5 7770.8 293.24 299430.0 5046.2 "" "" 0.007397292329171963 0.041066386 0.018683812 0.0597502 92.86691620513 11.92341886306 2542.16504 2.3989999999999996 -4.7970000000000015 2.811449985742569 -3.589850017547607 0.16272727 0.14472727 "" "" 54.944298936947995 "" 8.341753696134985 ""
92.71833269088 11.67243616883 0.0133 0.011 13.2572 "" "" 3330396638656803072 2533.72632 0.3858 0.0146 -0.04 -1.193 0.016 0.013 1.123 5024.2 2.6238 12.619818 1.865522 13.541072 11.67555 40.17 0.8 2422.82397 2649.26758 168662.88513 32.501 52359.0 46.749 169410.0 64.87 "" "" 0.002763252081932928 0.0029537764 0.00380218 0.0067559564 92.71833269088 11.67243616883 2533.72632 -0.04 -1.193 0.372449985742569 0.014149982452392518 0.10872728 0.10572727 "" "" 4.47630018502947 "" 0.48667683888327623 ""
92.85745822468 11.84543461399 0.0154 0.0136 0.6776 "" "" 3330406431182079872 2231.49292 0.4129 0.0176 -0.424 -1.2 0.019 0.015 1.137 13299.2 3.9123 12.68996 0.44353 12.846436 12.402906 "" "" 2144.20337 2307.5105 158111.35405 148.8 99276.0 251.49 86695.0 371.6 "" "" 0.002938682759975964 0.003917897 0.0059951153 0.009913012 92.85745822468 11.84543461399 2231.49292 -0.4239999999999998 -1.199999999999999 -0.011550014257431018 0.0071499824523926225 0.111727275 0.107727274 "" "" 0.1436817318991632 "" 0.015896022686006057 ""
92.68193967925 11.87391490674 0.0132 0.0117 9.874 "" 738-1830-1 3330409042522039040 2297.82104 0.4035 0.0139 -0.121 -1.09 0.018 0.015 1.052 12813.4 3.7297 12.700954 0.599065 12.921152 12.322087 "" "" 2222.76953 2378.72583 156518.36202 53.38 92674.0 92.603 93395.0 72.201 "" "" 0.002780090161658995 0.0029936708 0.0038714646 0.0068651354 92.68193967925 11.87391490674 2297.82104 -0.121 -1.09 0.291449985742569 0.1171499824523925 0.11072727 0.107727274 "" "" 3.4212197702611165 "" 0.37741142422299473 ""
92.64439459588 11.95945182504 0.0146 0.0141 13.5953 "" "" 3342420244982324096 2105.77026 0.4466 0.0176 -0.188 -3.21 0.018 0.016 1.187 "" "" 12.795685 0.571963 13.006647 12.434684 "" "" 1996.05823 2203.11133 143440.89211 31.084 85656.0 39.055 84195.0 41.611 "" "" 0.002765347519604238 0.002833746 0.0038172845 0.0066510304 92.64439459588 11.95945182504 2105.77026 -0.18799999999999992 -3.209999999999998 0.22444998574256897 -2.0028500175476074 0.11072727 0.10872728 "" "" 20.116288156791704 "" 2.187692751035577 ""
92.91065415964 11.9153048122 0.1388 0.1212 5.2246 "" "" 3330407187096257792 2819.98779 0.4022 0.1554 0.003 -2.208 0.171 0.136 10.838 8586.5 3.3685 12.971586 0.923074 13.33118 12.408106 "" "" 1985.33655 3940.21338 121986.63681 115.38 63525.0 60.939 86281.0 44.514 "" "" 0.002940473255379332 0.0029782292 0.003820667 0.006798896 92.91065415964 11.9153048122 2819.98779 0.003000000000000006 -2.2079999999999984 0.415449985742569 -1.0008500175476076 0.26372728 0.22872728 "" "" 14.484883213976968 "" 3.392355478858208 ""
92.66487103879 12.05439928342 0.0137 0.0129 16.21 "" "" 3342425330223568896 2070.49146 0.4447 0.0163 1.072 -0.241 0.017 0.014 1.035 7855.4 3.3591 13.017299 0.668316 13.272606 12.60429 "" "" 1997.00854 2157.13916 116957.31742 45.232 67046.0 53.394 72018.0 51.501 "" "" 0.002787131646922423 0.002921075 0.0038583106 0.0067793857 92.66487103879 12.05439928342 2070.49146 1.072 -0.24099999999999988 1.484449985742569 0.9661499824523926 0.10972728 0.10672727 "" "" 17.3824762119313 "" 1.891965188199974 ""
93.09256954959 11.86015151185 0.0171 0.0151 14.3264 "" "" 3331894895048656000 2164.83911 0.4285 0.0208 -1.556 1.406 0.02 0.017 1.411 4805.9 2.1531 13.043901 1.571931 13.777686 12.205755 75.09 1.51 2072.21338 2258.28003 114126.3754 25.804 42106.0 38.222 103960.0 52.035 "" "" 0.0027662343337931023 0.0029591254 0.003818253 0.0067773787 93.09256954959 11.86015151185 2164.83911 -1.556 1.406 -1.143550014257431 2.6131499824523923 0.11272727 0.10972728 "" "" 29.269571322673823 "" 3.2259446899504867 ""
92.82275460141 11.80772943179 0.0128 0.0116 3.1038 "" "" 3330404816274416256 2133.68018 0.4294 0.015 0.626 -0.487 0.015 0.012 1.199 5466.0 2.8507 13.084921 1.525081 13.791516 12.266436 15.46 1.55 2066.2998 2185.58423 109895.1219 22.522 41573.0 29.093 98307.0 41.585 "" "" 0.002764290299088493 0.002891773 0.003807186 0.0066989586 92.82275460141 11.80772943179 2133.68018 0.626 -0.48699999999999977 1.0384499857425689 0.7201499824523926 0.107727274 0.104727276 "" "" 12.780838799168981 "" 1.3645115269626025 ""
92.97022782175 11.76938883544 0.0117 0.0106 8.7166 "" "" 3330392515488027136 2490.33496 0.3603 0.0142 0.457 -2.181 0.015 0.012 1.032 "" "" 13.120826 0.510224 13.307123 12.796899 "" "" 2398.47461 2579.87817 106320.36028 49.976 64948.0 45.65 60311.0 37.335 "" "" 0.0028021862967312714 0.0028926488 0.0038386805 0.0067313295 92.97022782175 11.76938883544 2490.33496 0.4570000000000001 -2.181000000000002 0.869449985742569 -0.9738500175476075 0.107727274 0.104727276 "" "" 15.410352970397366 "" 1.6345511333132288 ""
92.97207416983 11.74019809326 0.0123 0.0114 9.9066 "" "" 3330392206250397184 2096.16968 0.4372 0.0147 0.594 1.206 0.016 0.013 1.179 4958.8 2.8934 13.125929 1.586997 13.869474 12.282477 6.06 0.93 2039.04846 2174.87842 105821.77413 23.245 38693.0 35.221 96865.0 44.492 "" "" 0.002765622742156874 0.0029600349 0.0038121422 0.0067721773 92.97207416983 11.74019809326 2096.16968 0.594 1.206 1.0064499857425688 2.4131499824523925 0.10872728 0.10572727 "" "" 25.978450847257157 "" 2.7583175602709455 ""
92.8859470418 11.84042660256 0.0154 0.014 2.3093 "" "" 3330405636610348032 2121.84277 0.4267 0.0172 -1.857 -0.342 0.018 0.016 1.169 4835.1 1.9675 13.155443 1.599549 13.905986 12.306437 44.29 1.12 2037.95691 2206.24414 102983.95424 26.389 37413.0 28.66 94751.0 54.057 "" "" 0.002769330598897354 0.002911496 0.0038298068 0.006741303 92.8859470418 11.84042660256 2121.84277 -1.857 -0.3419999999999998 -1.444550014257431 0.8651499824523925 0.11072727 0.10872728 "" "" 16.93495700516017 "" 1.866279810512772 ""
93.10039495499 11.80011897478 0.0121 0.0108 15.1149 "" "" 3331891149837205120 1950.31018 0.4698 0.0144 4.957 1.982 0.015 0.012 1.042 5333.5 2.7907 13.195704 1.597855 13.946609 12.348754 104.08 0.94 1897.97949 2016.65991 99235.13006 19.006 36039.0 26.23 91129.0 43.287 "" "" 0.002763155939969644 0.002899914 0.0038144079 0.0067143217 93.10039495499 11.80011897478 1950.31018 4.957 1.981999999999999 5.369449985742569 3.189149982452393 0.107727274 0.104727276 "" "" 57.73293482719529 "" 6.174714009656463 ""
92.80941413695 11.88553402454 0.0126 0.0112 3.0301 "" "" 3330409729716965504 2072.37915 0.4402 0.0134 -0.404 -2.192 0.016 0.013 1.025 5003.0 2.886 13.237892 1.691194 14.046608 12.355413 41.15 1.13 2023.86145 2129.95068 95453.06093 19.575 32868.0 18.41 90572.0 43.442 "" "" 0.0027643019945364413 0.0028556758 0.0038150912 0.006670767 92.80941413695 11.88553402454 2072.37915 -0.404 -2.192 0.008449985742568944 -0.9848500175476076 0.10872728 0.10572727 "" "" 9.674613807380796 "" 1.0228726753069444 ""
92.90207279072 11.70830553251 0.0181 0.0164 9.2186 "" "" 3330390449610347392 2491.2876 0.357 0.0206 -0.394 -1.196 0.025 0.02 1.375 11766.4 3.7938 13.241509 0.433984 13.396146 12.962162 "" "" 2367.52148 2649.97827 95135.57195 42.902 59835.0 46.057 51796.0 32.795 "" "" 0.0027984847489649772 0.002912643 0.0038413934 0.006754036 92.90207279072 11.70830553251 2491.2876 -0.394 -1.196 0.018449985742568953 0.011149982452392626 0.11772727 0.11272727 "" "" 0.2545656476601757 "" 0.029634171324168696 ""
92.9454703293 11.79827742042 0.0122 0.0112 6.5568 "" "" 3330393649359388544 2586.48169 0.3435 0.0145 0.993 -3.329 0.015 0.013 0.932 5011.7 2.7578 13.244398 1.658422 14.033342 12.37492 36.17 1.25 2513.55786 2661.80054 94882.76659 21.642 33272.0 27.405 88959.0 45.536 "" "" 0.0027664270821173664 0.0029299816 0.003820026 0.0067500076 92.9454703293 11.79827742042 2586.48169 0.9930000000000001 -3.329 1.4054499857425689 -2.1218500175476076 0.107727274 0.10572727 "" "" 31.202738148713543 "" 3.318134963208472 ""
92.72823879288 11.97063756027 0.0118 0.0108 10.0006 "" "" 3342420829097852032 2028.41223 0.4521 0.0129 0.489 0.419 0.015 0.012 1.066 5478.3 2.8997 13.253606 1.514778 13.953379 12.438601 29.18 1.55 1979.60547 2075.70532 94081.57389 24.929 35815.0 45.544 83892.0 61.263 "" "" 0.0027702986970691524 0.0031130856 0.0038616539 0.0069747395 92.72823879288 11.97063756027 2028.41223 0.4890000000000002 0.419 0.901449985742569 1.6261499824523926 0.107727274 0.104727276 "" "" 17.876509926593915 "" 1.884901760608006 ""
92.77165382568 11.68046531301 0.0136 0.0117 11.2869 "" "" 3330385334302850048 1963.81519 0.4623 0.0148 -0.069 -1.62 0.017 0.014 1.153 8601.0 3.6404 13.261408 0.590744 13.481029 12.890285 "" "" 1910.72388 2018.93042 93407.89128 31.381 55336.0 22.314 55341.0 40.027 "" "" 0.002779359540866626 0.0028243111 0.0038601046 0.006684416 92.77165382568 11.68046531301 1963.81519 -0.069 -1.6199999999999992 0.34344998574256896 -0.41285001754760753 0.10972728 0.10672727 "" "" 4.998950838985813 "" 0.5397085340326903 ""
92.77360423163 11.6614196121 0.0129 0.0115 12.3008 "" "" 3330384887626262272 2463.11987 0.3672 0.0149 -0.584 -2.712 0.016 0.013 1.082 5027.1 2.471 13.267653 1.742519 14.108652 12.366133 -14.39 1.72 2376.51807 2561.39233 92872.19346 19.979 31042.0 35.428 89682.0 47.8 "" "" 0.0027652021927835747 0.0030529532 0.003823429 0.006876382 92.77360423163 11.6614196121 2463.11987 -0.5839999999999997 -2.712 -0.171550014257431 -1.5048500175476076 0.10872728 0.10572727 "" "" 17.683200797655648 "" 1.8702866441738122 ""
92.86392049189 12.00940005708 0.0139 0.0125 9.4387 "" "" 3331912796472380160 2363.29443 0.3832 0.0149 -0.432 -1.165 0.018 0.015 1.143 7112.0 3.7998 13.268496 0.527676 13.45725 12.929574 "" "" 2282.41943 2455.08472 92800.00155 24.265 56561.0 50.684 53374.0 36.293 "" "" 0.0027699071009082577 0.0029549324 0.003850815 0.0068057473 92.86392049189 12.00940005708 2363.29443 -0.4320000000000002 -1.165 -0.019550014257431025 0.04214998245239254 0.11072727 0.107727274 "" "" 0.5204809033494081 "" 0.05634958231875857 ""
92.69084772155 11.78829905663 0.0127 0.0112 10.0459 "" "" 3330401689538296704 2853.32373 0.3033 0.014 1.311 -0.952 0.017 0.015 1.017 4648.9 1.9664 13.3166 2.015317 14.337368 12.322051 50.06 1.07 2757.48682 2974.94507 88778.27038 25.254 25146.0 25.417 93398.0 51.123 "" "" 0.002772576023182355 0.0029982356 0.0038258221 0.0068240575 92.69084772155 11.78829905663 2853.32373 1.3110000000000002 -0.9519999999999994 1.723449985742569 0.2551499824523926 0.10972728 0.107727274 "" "" 23.563295077861465 "" 2.58453450309603 ""
92.87587791112 12.09091878442 0.0142 0.0133 14.3762 "" "" 3343923414816603264 2303.06128 0.395 0.0166 -0.082 -1.639 0.017 0.014 1.278 "" "" 13.382734 1.72306 14.204759 12.481699 30.54 1.73 2201.14844 2389.23413 83532.02161 16.525 28413.0 31.266 80627.0 38.634 "" "" 0.002763679408786539 0.0030352087 0.0038150216 0.0068502305 92.87587791112 12.09091878442 2303.06128 -0.08200000000000005 -1.639 0.33044998574256895 -0.43185001754760743 0.10972728 0.10672727 "" "" 5.936129294715296 "" 0.6401811293331748 ""
92.97836380594 11.71134155045 0.0131 0.0123 11.403 "" "" 3330390660062993280 1953.30212 0.4702 0.0158 -0.446 -2.94 0.017 0.014 1.15 9536.1 3.7942 13.443478 0.546071 13.647887 13.101816 "" "" 1879.66541 2017.99634 78987.01215 40.946 47453.0 39.807 45544.0 31.104 "" "" 0.002812218191059397 0.0029350629 0.0038514342 0.0067864973 92.97836380594 11.71134155045 1953.30212 -0.4459999999999998 -2.94 -0.03355001425743104 -1.7328500175476074 0.10972728 0.10672727 "" "" 16.046862144288735 "" 1.7126561176397448 ""
92.75078805911 11.89593521119 0.0124 0.0115 6.3052 "" "" 3330409313101985792 2459.21826 0.3646 0.0142 0.876 -1.27 0.015 0.013 1.066 5345.8 2.8611 13.493868 1.699413 14.30589 12.606477 86.59 2.27 2383.39282 2539.44556 75404.93216 14.284 25886.0 21.909 71873.0 31.657 "" "" 0.002762985744666084 0.0029375975 0.0038095172 0.0067471145 92.75078805911 11.89593521119 2459.21826 0.8759999999999998 -1.2700000000000002 1.2884499857425689 -0.06285001754760744 0.107727274 0.10572727 "" "" 15.03692583646323 "" 1.619816305981727 ""
92.6748192139 11.95592948044 0.0131 0.0124 11.9379 "" "" 3342419557787787776 2286.80298 0.3985 0.0158 1.918 -3.617 0.017 0.014 1.134 4857.2 2.593 13.534598 1.693757 14.346326 12.652569 76.68 1.45 2210.55957 2368.64917 72628.54179 14.383 24939.0 22.458 68886.0 35.192 "" "" 0.002763696865644373 0.002956517 0.0038198677 0.006776385 92.6748192139 11.95592948044 2286.80298 1.9180000000000001 -3.617 2.330449985742569 -2.4098500175476074 0.10972728 0.10672727 "" "" 36.337817235611155 "" 3.931294942184102 ""
