Clusters/FSR_0968/FSR_0968_stars_in_region.tsv
# %ECSV 1.0
# ---
# datatype:
# - name: RA_ICRS_1
#   unit: deg
#   datatype: float64
#   format: '{:15.11f}'
#   description: Right ascension (ICRS) at Ep=2016.0 (ra)
#   meta: !!omap
#   - {ucd: POS_EQ_RA_MAIN}
#   - {width: 15}
#   - {precision: '11'}
# - name: DE_ICRS_1
#   unit: deg
#   datatype: float64
#   format: '{:15.11f}'
#   description: Declination (ICRS) at Ep=2016.0 (dec)
#   meta: !!omap
#   - {ucd: POS_EQ_DEC_MAIN}
#   - {width: 15}
#   - {precision: '11'}
# - name: e_RA_ICRS
#   unit: mas
#   datatype: float64
#   format: '{:7.4f}'
#   description: Standard error of right ascension (ra_error)
#   meta: !!omap
#   - {ucd: ERROR}
#   - {width: 7}
#   - {precision: '4'}
# - name: e_DE_ICRS
#   unit: mas
#   datatype: float64
#   format: '{:7.4f}'
#   description: Standard error of declination (dec_error)
#   meta: !!omap
#   - {ucd: ERROR}
#   - {width: 7}
#   - {precision: '4'}
# - name: _r_1
#   unit: ''
#   datatype: float64
#   format: '{:7.4f}'
#   description: Distance from center (092.84870683000+11.85279435000)[ICRS], at Epoch=J2016.0
#   meta: !!omap
#   - {ucd: POS_ANG_DIST_GENERAL}
#   - {width: 7}
#   - {precision: '4'}
# - name: HIP
#   datatype: int32
#   description: '? HIP cross-id number, van Leeuwen, Cat. I/311 (hip_original_ext_source_id)'
#   meta: !!omap
#   - {ucd: ID_NUMBER}
#   - {width: 6}
#   - values: {'null': -2147483648}
# - name: TYC2
#   datatype: string
#   description: Tycho-2 cross-id name, Hog et al., Cat. I/259 (tyc2_original_ext_source_id)
#   meta: !!omap
#   - {ucd: ID_CROSSID}
#   - {_votable_string_dtype: char}
# - name: Source
#   datatype: int64
#   description: Source identifier, identical to the Gaia-EDR3 source_id (id)
#   meta: !!omap
#   - {ucd: ID_MAIN}
#   - {width: 19}
# - name: rgeo
#   unit: pc
#   datatype: float64
#   format: '{:15.8f}'
#   description: '? Median of the geometric distance posterior (r_med_geo)'
#   meta: !!omap
#   - {ucd: PHYS_DISTANCE_TRUE}
#   - {width: 15}
#   - {precision: '8'}
#   - values: {'null': .nan}
# - name: Plx
#   unit: mas
#   datatype: float64
#   format: '{:9.4f}'
#   description: '? Parallax (parallax)'
#   meta: !!omap
#   - {ucd: POS_PARLX_TRIG}
#   - {width: 9}
#   - {precision: '4'}
#   - values: {'null': .nan}
# - name: e_Plx
#   unit: mas
#   datatype: float32
#   format: '{:7.4f}'
#   description: '? Standard error of parallax (parallax_error)'
#   meta: !!omap
#   - {ucd: ERROR}
#   - {width: 7}
#   - {precision: '4'}
#   - values: {'null': .nan}
# - name: pmRA
#   unit: mas / yr
#   datatype: float64
#   format: '{:9.3f}'
#   description: '? Proper motion in right ascension direction, pmRA*cosDE (pmra)'
#   meta: !!omap
#   - {ucd: POS_EQ_PMRA}
#   - {width: 9}
#   - {precision: '3'}
#   - values: {'null': .nan}
# - name: pmDE
#   unit: mas / yr
#   datatype: float64
#   format: '{:9.3f}'
#   description: '? Proper motion in declination direction (pmdec)'
#   meta: !!omap
#   - {ucd: POS_EQ_PMDEC}
#   - {width: 9}
#   - {precision: '3'}
#   - values: {'null': .nan}
# - name: e_pmRA
#   unit: mas / yr
#   datatype: float32
#   format: '{:6.3f}'
#   description: '? Standard error of proper motion in right ascension direction (pmra_error)'
#   meta: !!omap
#   - {ucd: ERROR}
#   - {width: 6}
#   - {precision: '3'}
#   - values: {'null': .nan}
# - name: e_pmDE
[...]
#         value: !astropy.table.SerializedColumn {name: SkyCoord.dec}
#       distance: !astropy.table.SerializedColumn
#         __class__: astropy.coordinates.distances.Distance
#         unit: !astropy.units.Unit {unit: pc}
#         value: !astropy.table.SerializedColumn {name: SkyCoord.distance}
#       frame: icrs
#       obstime: !astropy.time.Time {format: jyear_str, in_subfmt: '*', jd1: 367701545.0, jd2: 0.0, out_subfmt: '*', precision: 3, scale: tt}
#       pm_dec: !astropy.table.SerializedColumn
#         __class__: astropy.units.quantity.Quantity
#         unit: !astropy.units.Unit {unit: mas / yr}
#         value: !astropy.table.SerializedColumn {name: SkyCoord.pm_dec}
#       pm_ra_cosdec: !astropy.table.SerializedColumn
#         __class__: astropy.units.quantity.Quantity
#         unit: !astropy.units.Unit {unit: mas / yr}
#         value: !astropy.table.SerializedColumn {name: SkyCoord.pm_ra_cosdec}
#       ra: !astropy.table.SerializedColumn
#         __class__: astropy.coordinates.angles.Longitude
#         unit: *id001
#         value: !astropy.table.SerializedColumn {name: SkyCoord.ra}
#         wrap_angle: !astropy.coordinates.Angle
#           unit: *id001
#           value: 360.0
#       representation_type: spherical
# schema: astropy-2.0
RA_ICRS_1 DE_ICRS_1 e_RA_ICRS e_DE_ICRS _r_1 HIP TYC2 Source rgeo Plx e_Plx pmRA pmDE e_pmRA e_pmDE RUWE Teff logg Gmag BP-RP BPmag RPmag RV e_RV b_rgeo B_rgeo FG e_FG FBP e_FBP FRP e_FRP RAVE5 RAVE6 e_Gmag e_BPmag e_RPmag e_BP-RP SkyCoord.ra SkyCoord.dec SkyCoord.distance SkyCoord.pm_ra_cosdec SkyCoord.pm_dec rmRA rmDE e_rmRA e_rmDE rRV e_rRV v_pec v_pec3d e_vpec e_vpec3d
[from data line 95]
92.68439277893 11.73026001452 0.0558 0.0478 12.1322 "" "" 3330398047406063360 1928.12744 0.5058 0.0626 1.85 -0.892 0.073 0.056 2.401 5604.0 3.5085 14.970129 1.856439 15.811575 13.955136 11.11 6.76 1735.37317 2241.70288 19359.53942 13.605 6468.2 15.899 20754.0 17.649 "" "" 0.0028590150667779377 0.003861006 0.003890528 0.0077515338 92.68439277893 11.73026001452 1928.12744 1.85 -0.8919999999999997 2.262449985742569 0.31514998245239256 0.16572727 0.14872727 "" "" 20.876903869260698 "" 3.453457550471422 ""
92.57921271481 11.89195331826 0.0247 0.0225 15.9972 "" "" 3342413029437304832 2287.90381 0.3944 0.0292 1.531 -2.54 0.031 0.026 1.061 7381.8 4.1491 15.002599 1.053557 15.438694 14.385137 "" "" 2160.64844 2460.20728 18789.16072 5.5266 9118.8 18.885 13967.0 20.73 "" "" 0.002773765957921414 0.003583441 0.004108594 0.007692035 92.57921271481 11.89195331826 2287.90381 1.531 -2.54 1.9434499857425689 -1.3328500175476075 0.12372728 0.118727274 "" "" 25.556359201502822 "" 3.1217119818795815 ""
92.76129257578 12.0155077383 0.0241 0.0225 11.0293 "" "" 3342421447573118464 2437.06348 0.3661 0.0282 -0.51 -1.971 0.032 0.025 1.059 9081.9 4.4486 15.006901 0.941622 15.386897 14.445275 "" "" 2281.14062 2693.12671 18714.85426 5.8598 9564.4 25.182 13214.0 15.966 "" "" 0.002776212955917956 0.0039945925 0.0040005865 0.007995179 92.76129257578 12.0155077383 2437.06348 -0.5099999999999999 -1.9710000000000016 -0.09755001425743104 -0.7638500175476075 0.12472728 0.11772727 "" "" 8.895415767445977 "" 1.0482614932694936 ""
92.82519665307 11.6701044126 0.0255 0.0229 11.048 "" "" 3330385020767129856 2013.75696 0.456 0.0293 -1.371 -2.883 0.032 0.026 1.036 6377.1 3.9214 15.010501 1.382925 15.627949 14.245024 32.31 11.43 1888.40674 2140.09058 18652.90412 5.9461 7660.2 17.629 15891.0 22.776 "" "" 0.0027769730431505286 0.0037454618 0.004087214 0.007832676 92.82519665307 11.6701044126 2013.75696 -1.371 -2.883 -0.958550014257431 -1.6758500175476074 0.12472728 0.118727274 "" "" 18.428164078019087 "" 2.2156946728823157 ""
92.90694662855 11.79756766017 0.024 0.022 4.7621 "" "" 3330393580639932416 1943.81714 0.4635 0.028 1.642 -0.656 0.029 0.023 0.915 6387.9 3.7946 15.012699 1.140967 15.495196 14.354229 "" "" 1843.53809 2044.83765 18615.17263 6.3792 8656.4 15.204 14370.0 24.027 "" "" 0.002780328166803651 0.0033795857 0.0041927705 0.007572356 92.90694662855 11.79756766017 1943.81714 1.642 -0.6560000000000002 2.054449985742569 0.5511499824523926 0.12172727 0.115727276 "" "" 19.59839629926479 "" 2.377946698687166 ""
92.73826637004 11.98865052798 0.0216 0.0201 10.4154 "" "" 3342421000896534400 2274.92822 0.394 0.0254 -0.265 -3.543 0.027 0.023 1.014 9000.8 4.2955 15.015835 0.75516 15.312226 14.557066 "" "" 2138.62695 2429.15015 18561.48696 6.6703 10245.0 22.556 11922.0 18.632 "" "" 0.002782808682788242 0.0036741206 0.0041428143 0.007816935 92.73826637004 11.98865052798 2274.92822 -0.265 -3.543 0.14744998574256896 -2.3358500175476076 0.119727276 0.115727276 "" "" 25.2379774837932 "" 2.9211299422755945 ""
92.87651201937 11.83173603871 0.025 0.0218 2.0646 "" "" 3330405606548357504 2314.0166 0.3937 0.0285 -0.694 -1.167 0.029 0.024 0.955 "" "" 15.024906 0.701768 15.267023 14.565255 "" "" 2149.5708 2504.47192 18407.0614 7.425 10681.0 69.265 11832.0 57.502 "" "" 0.00278991039455433 0.007573564 0.0064904224 0.014063986 92.87651201937 11.83173603871 2314.0166 -0.694 -1.167 -0.281550014257431 0.04014998245239254 0.12172727 0.11672728 "" "" 3.119406059275054 "" 0.37941219952776517 ""
92.88690985382 11.99290779292 0.0234 0.0216 8.7008 "" "" 3331911971838656256 2220.78906 0.4144 0.0272 -1.018 -0.283 0.03 0.024 0.989 7981.8 4.0042 15.039507 1.007161 15.452199 14.445038 "" "" 2094.89429 2377.98804 18161.18088 7.4774 9006.1 24.297 13217.0 18.942 "" "" 0.002791347318469406 0.004045357 0.0040871687 0.008132526 92.88690985382 11.99290779292 2220.78906 -1.018 -0.28300000000000003 -0.605550014257431 0.9241499824523927 0.122727275 0.11672728 "" "" 11.630488386958827 "" 1.3789279728395059 ""
92.92919231928 11.96059868774 0.0247 0.0223 8.0104 "" "" 3331908742023246720 1968.8147 0.4693 0.029 1.196 0.429 0.032 0.025 0.96 5477.5 3.5863 15.071404 1.539219 15.772126 14.232907 "" "" 1848.49939 2100.69824 17635.3894 43.269 6707.6 104.56 16069.0 110.99 "" "" 0.0038325048461477795 0.017153215 0.008397789 0.025551002 92.92919231928 11.96059868774 1968.8147 1.196 0.429 1.608449985742569 1.6361499824523926 0.12472728 0.11772727 "" "" 21.411405326701335 "" 2.5954486672137835 ""
93.01652738325 11.67993494924 0.0247 0.0225 14.3088 "" "" 3330387361527299072 1914.86914 0.4801 0.0297 1.816 0.026 0.032 0.023 1.073 6980.3 3.6971 15.11071 1.065974 15.554836 14.488862 "" "" 1817.84631 2060.00732 17008.36888 5.3455 8193.7 18.318 12694.0 19.782 "" "" 0.002776369714775146 0.003698216 0.0041408376 0.007839054 93.01652738325 11.67993494924 1914.86914 1.816 0.026000000000000013 2.228449985742569 1.2331499824523926 0.12472728 0.115727276 "" "" 23.116794634407984 "" 2.8358916444980404 ""
92.81721225298 11.8816447513 0.025 0.0225 2.533 "" "" 3330409729716963456 2467.22559 0.3651 0.0284 -0.669 -0.992 0.033 0.026 1.048 8188.5 4.2197 15.111476 0.926188 15.485847 14.55966 "" "" 2307.9353 2649.59595 16996.38498 5.4587 8731.3 23.362 11893.0 13.636 "" "" 0.002777297952452736 0.004027956 0.0039791204 0.008007077 92.81721225298 11.8816447513 2467.22559 -0.669 -0.992 -0.25655001425743107 0.21514998245239259 0.12572727 0.118727274 "" "" 3.915654736048676 "" 0.48117635692154237 ""
92.86297351104 11.88768963171 0.0272 0.0249 2.2551 "" "" 3330406877858650880 2257.09009 0.4138 0.0317 2.39 0.665 0.035 0.027 1.039 6505.1 3.8994 15.119382 1.306812 15.693744 14.386931 "" "" 2068.99219 2445.67798 16873.06801 6.9606 7209.7 18.952 13944.0 14.528 "" "" 0.0027914870554983425 0.003991325 0.0039450424 0.007936368 92.86297351104 11.88768963171 2257.09009 2.39 0.665 2.802449985742569 1.8721499824523926 0.12772727 0.119727276 "" "" 36.05711749311289 "" 4.5184329860890475 ""
92.60877939189 11.71753103766 0.0259 0.0217 16.2621 "" "" 3330399490515113088 1946.78723 0.4738 0.0291 1.461 0.637 0.037 0.026 0.945 6655.1 3.9883 15.143014 1.238866 15.6795 14.440634 "" "" 1833.34851 2054.75488 16509.77824 5.7508 7304.9 17.064 13271.0 20.772 "" "" 0.002781154065150633 0.00377062 0.004143879 0.007914498 92.60877939189 11.71753103766 1946.78723 1.4610000000000005 0.6370000000000005 1.873449985742569 1.8441499824523926 0.12972727 0.118727274 "" "" 24.258166719757448 "" 3.018578138735348 ""
92.65919445092 11.91003138441 0.0237 0.0218 11.645 "" "" 3342418767513584384 2139.38379 0.4249 0.0274 -1.515 -1.251 0.031 0.026 1.039 9651.4 4.3824 15.160444 0.967018 15.549203 14.582185 "" "" 2019.62134 2285.65137 16246.84097 5.2233 8236.4 19.407 11649.0 25.065 "" "" 0.002777342690678026 0.0037854668 0.0044431286 0.008228595 92.65919445092 11.91003138441 2139.38379 -1.5149999999999997 -1.251 -1.102550014257431 -0.04385001754760731 0.12372728 0.118727274 "" "" 11.189445029154875 "" 1.3843529904543859 ""
93.02914911231 11.68399151208 0.0288 0.0283 14.6601 "" "" 3330387361527289088 2355.98853 0.3898 0.0383 0.77 0.084 0.035 0.026 1.075 "" "" 15.165219 1.073803 15.262332 14.188529 "" "" 2152.27539 2682.17725 16175.5448 10.383 10727.0 30.491 16740.0 54.093 "" "" 0.0028420940900717342 0.0041604564 0.0051568053 0.009317262 93.02914911231 11.68399151208 2355.98853 0.7699999999999995 0.08399999999999999 1.182449985742569 1.2911499824523927 0.12772727 0.118727274 "" "" 19.55171718184961 "" 2.4031857473575173 ""
92.89838187332 11.73664437292 0.034 0.0318 7.5551 "" "" 3330391587775145856 2652.0835 0.3433 0.0421 -0.269 -1.552 0.042 0.034 1.428 6661.8 4.0125 15.168893 1.102138 15.628099 14.525961 "" "" 2404.66064 2967.76294 16120.90796 7.7114 7659.1 23.346 12268.0 19.208 "" "" 0.0028038408768053004 0.004328703 0.0041440935 0.0084727965 92.89838187332 11.73664437292 2652.0835 -0.26899999999999996 -1.552 0.14344998574256895 -0.34485001754760747 0.13472727 0.12672728 "" "" 4.695174701696986 "" 0.6006951919770991 ""
92.59826560598 11.75379099272 0.0254 0.0218 15.863 "" "" 3330401277221178880 2671.83691 0.3297 0.0287 1.907 -2.485 0.034 0.027 1.07 5214.8 3.5098 15.176794 1.722433 16.002699 14.280266 3.46 4.8 2453.17114 2880.01074 16004.02276 5.3444 5424.2 14.124 15383.0 20.897 "" "" 0.002779073180974922 0.003972119 0.004056982 0.008029101 92.59826560598 11.75379099272 2671.83691 1.9069999999999987 -2.485 2.319449985742569 -1.2778500175476073 0.12672728 0.119727276 "" "" 33.53763479903921 "" 4.19664233917594 ""
92.64107789854 11.79767551377 0.0249 0.022 12.6339 "" "" 3330401826976987392 2624.89648 0.3346 0.0273 0.208 -4.17 0.032 0.026 0.982 6739.2 3.8829 15.191024 1.267602 15.742655 14.475053 "" "" 2442.06641 2865.42725 15795.64641 4.8317 6892.2 17.036 12857.0 16.27 "" "" 0.0027752637603648956 0.003871343 0.004021378 0.00789272 92.64107789854 11.79767551377 2624.89648 0.20800000000000002 -4.17 0.6204499857425689 -2.9628500175476074 0.12472728 0.118727274 "" "" 37.663420130879466 "" 4.481398024213189 ""
92.65000816815 12.0635724236 0.0252 0.0239 17.2037 "" "" 3342425398943047296 2554.104 0.3447 0.0308 -0.939 0.447 0.031 0.025 0.99 7319.9 3.8823 15.19262 1.080113 15.636086 14.555973 "" "" 2379.79565 2797.23218 15772.43472 4.7827 7603.0 18.841 11934.0 15.875 "" "" 0.0027749200806314166 0.0038761036 0.0040459456 0.00792205 92.65000816815 12.0635724236 2554.104 -0.9390000000000006 0.44700000000000006 -0.526550014257431 1.6541499824523926 0.12372728 0.11772727 "" "" 21.01600411330314 "" 2.486025517480921 ""
93.00215250209 11.88678851543 0.0251 0.0223 9.2379 "" "" 3331907298914614528 2192.19946 0.4103 0.0283 1.09 -0.395 0.03 0.024 1.014 7945.4 4.0638 15.220819 0.853673 15.557973 14.7043 "" "" 2081.27417 2301.10181 15368.05657 5.0125 8170.1 20.638 10410.0 26.198 "" "" 0.0027779841114244945 0.003912413 0.004663652 0.008576065 93.00215250209 11.88678851543 2192.19946 1.09 -0.3950000000000003 1.502449985742569 0.8121499824523926 0.122727275 0.11672728 "" "" 17.74689666954371 "" 2.154410926789134 ""
92.90673893661 11.79550366638 0.0263 0.0243 4.8405 "" "" 3330393580639933312 2335.4126 0.3949 0.0313 1.759 -3.884 0.032 0.026 1.091 6571.8 4.038 15.233058 1.153647 15.720808 14.567162 "" "" 2171.2478 2569.33716 15195.79933 5.6522 7032.2 15.795 11811.0 18.933 "" "" 0.0027847590314825643 0.0037056915 0.004160869 0.0078665605 92.90673893661 11.79550366638 2335.4126 1.7589999999999995 -3.8839999999999995 2.171449985742569 -2.6768500175476073 0.12472728 0.118727274 "" "" 38.15604570536626 "" 4.622380361045544 ""
92.8744463708 11.9090257681 0.0269 0.0242 3.6969 "" "" 3330407324535231616 2828.65039 0.3146 0.0308 0.429 -1.615 0.035 0.029 1.043 9598.6 4.1896 15.249431 0.88763 15.604295 14.716664 "" "" 2601.44385 3090.82349 14968.37251 5.9793 7828.9 12.444 10292.0 14.694 "" "" 0.002789246192591569 0.0032807528 0.0040849224 0.007365675 92.8744463708 11.9090257681 2828.65039 0.429 -1.6150000000000004 0.841449985742569 -0.4078500175476074 0.12772727 0.12172727 "" "" 12.537404915170686 "" 1.5873324551932806 ""
92.98486625736 11.8856598577 0.0256 0.0224 8.2345 "" "" 3331907260254937344 2710.3894 0.3259 0.029 -0.409 -1.165 0.031 0.024 0.971 9603.0 4.3299 15.251644 0.714469 15.509328 14.794859 "" "" 2504.88379 2930.2063 14937.88571 5.7926 8544.5 28.043 9576.7 57.623 "" "" 0.002787301947457102 0.0045257844 0.0075473287 0.012073113 92.98486625736 11.8856598577 2710.3894 -0.40900000000000003 -1.1649999999999996 0.003449985742568995 0.04214998245239254 0.12372728 0.11672728 "" "" 0.5433220715263875 "" 0.06344657002919803 ""
92.84758419597 11.75980484462 0.0277 0.0246 5.5798 "" "" 3330403304445940992 2488.13086 0.36 0.0314 -0.488 -1.163 0.035 0.03 0.996 8362.2 4.425 15.315136 0.892916 15.67407 14.781155 "" "" 2281.24121 2717.41406 14089.39301 5.8208 7341.6 16.674 9698.3 12.533 "" "" 0.0027915927437302426 0.0037236612 0.004031423 0.007755084 92.84758419597 11.75980484462 2488.13086 -0.4879999999999999 -1.1630000000000003 -0.07555001425743102 0.044149982452392544 0.12772727 0.122727275 "" "" 1.0320045430446754 "" 0.13052091305986668 ""
92.88533235607 11.97387542138 0.0283 0.025 7.5764 "" "" 3331911937478932352 2129.69653 0.4317 0.0302 -1.863 1.294 0.037 0.029 1.015 7445.5 4.0873 15.316519 1.169118 15.812626 14.643508 "" "" 2007.38269 2355.71948 14071.4574 5.2339 6462.0 18.235 11009.0 15.821 "" "" 0.002784758001289137 0.0041439156 0.0040888004 0.0082327165 92.88533235607 11.97387542138 2129.69653 -1.862999999999999 1.2939999999999992 -1.450550014257431 2.5011499824523926 0.12972727 0.12172727 "" "" 29.18738713835737 "" 3.6130919222046165 ""
93.07146228553 11.91461495079 0.0267 0.0255 13.5947 "" "" 3331896131999216896 2087.44507 0.4445 0.0329 0.144 -3.023 0.032 0.026 0.985 9010.0 4.3449 15.319838 0.822173 15.643764 14.821591 "" "" 1963.12891 2190.97314 14028.51444 5.6183 7549.4 16.66 9343.8 14.846 "" "" 0.0027894201586847103 0.0036777528 0.0041544726 0.007832225 93.07146228553 11.91461495079 2087.44507 0.14399999999999996 -3.023000000000002 0.556449985742569 -1.8158500175476076 0.12472728 0.118727274 "" "" 18.791581451437633 "" 2.2409747696722992 ""
92.94257552343 11.73297068391 0.0277 0.0255 9.06 "" "" 3330390896281851136 2065.54541 0.4481 0.033 0.043 0.508 0.034 0.027 1.001 7583.0 4.4088 15.334863 1.01177 15.751754 14.739984 "" "" 1940.97144 2232.91138 13835.71734 8.083 6834.6 29.87 10073.0 16.784 "" "" 0.0028273886950834124 0.0055046463 0.0041900533 0.009694699 92.94257552343 11.73297068391 2065.54541 0.043000000000000024 0.508 0.45544998574256895 1.7151499824523926 0.12672728 0.119727276 "" "" 17.37446449476452 "" 2.088426369732992 ""
92.75162465695 11.89481514376 0.0255 0.0235 6.233 "" "" 3330408557190027776 2543.53394 0.3537 0.0293 1.002 -2.497 0.033 0.026 0.988 6584.6 3.6679 15.337608 1.269957 15.866094 14.596137 "" "" 2365.54712 2752.03833 13800.77254 5.3483 6151.5 17.454 11500.0 25.035 "" "" 0.0027872621326633443 0.0041563534 0.0044576153 0.008613968 92.75162465695 11.89481514376 2543.53394 1.002 -2.497 1.414449985742569 -1.2898500175476073 0.12572727 0.118727274 "" "" 23.07896025512991 "" 2.8294495340560566 ""
92.56546737332 11.83405029516 0.029 0.0262 16.6706 "" "" 3342412200506689280 2608.01489 0.3365 0.0329 0.258 -0.621 0.037 0.03 1.112 9264.4 4.1049 15.339635 0.926854 15.715235 14.788381 "" "" 2398.09912 2857.97656 13775.03455 5.1749 7068.4 17.378 9634.0 13.358 "" "" 0.002785346726121909 0.003861398 0.004068173 0.007929571 92.56546737332 11.83405029516 2608.01489 0.258 -0.6209999999999999 0.670449985742569 0.5861499824523926 0.12972727 0.122727275 "" "" 11.008940745637423 "" 1.395297856076949 ""
92.97785944554 11.87237935957 0.0283 0.0247 7.6742 "" "" 3330406053224882944 2494.97095 0.3555 0.0309 1.772 -1.416 0.034 0.027 1.075 6529.8 4.0603 15.346659 1.320916 15.924239 14.603323 "" "" 2313.48193 2687.31982 13686.20757 4.7964 5830.7 17.339 11424.0 14.145 "" "" 0.002781469203428598 0.004267265 0.004011356 0.008278621 92.97785944554 11.87237935957 2494.97095 1.7719999999999998 -1.4159999999999993 2.184449985742569 -0.20885001754760735 0.12672728 0.119727276 "" "" 25.9514618125761 "" 3.287157818830335 ""
92.7879823525 11.7824732992 0.0281 0.0248 5.5245 "" "" 3330404369597847808 2544.84009 0.3585 0.0322 1.036 -1.238 0.036 0.028 1.016 6588.2 4.0637 15.360496 1.177756 15.860129 14.682373 "" "" 2340.99487 2789.15112 13512.9013 5.1651 6185.4 16.372 10622.0 28.749 "" "" 0.002786399008218242 0.0040054764 0.0047873906 0.008792867 92.7879823525 11.7824732992 2544.84009 1.036000000000001 -1.238 1.448449985742569 -0.03085001754760741 0.12872727 0.12072727 "" "" 17.47595130501966 "" 2.24957011627676 ""
