Clusters/FSR_0968/FSR_0968_stars_in_region.tsv
# %ECSV 1.0
# ---
# datatype:
# - name: RA_ICRS_1
#   unit: deg
#   datatype: float64
#   format: '{:15.11f}'
#   description: Right ascension (ICRS) at Ep=2016.0 (ra)
#   meta: !!omap
#   - {ucd: POS_EQ_RA_MAIN}
#   - {width: 15}
#   - {precision: '11'}
# - name: DE_ICRS_1
#   unit: deg
#   datatype: float64
#   format: '{:15.11f}'
#   description: Declination (ICRS) at Ep=2016.0 (dec)
#   meta: !!omap
#   - {ucd: POS_EQ_DEC_MAIN}
#   - {width: 15}
#   - {precision: '11'}
# - name: e_RA_ICRS
#   unit: mas
#   datatype: float64
#   format: '{:7.4f}'
#   description: Standard error of right ascension (ra_error)
#   meta: !!omap
#   - {ucd: ERROR}
#   - {width: 7}
#   - {precision: '4'}
# - name: e_DE_ICRS
#   unit: mas
#   datatype: float64
#   format: '{:7.4f}'
#   description: Standard error of declination (dec_error)
#   meta: !!omap
#   - {ucd: ERROR}
#   - {width: 7}
#   - {precision: '4'}
# - name: _r_1
#   unit: ''
#   datatype: float64
#   format: '{:7.4f}'
#   description: Distance from center (092.84870683000+11.85279435000)[ICRS], at Epoch=J2016.0
#   meta: !!omap
#   - {ucd: POS_ANG_DIST_GENERAL}
#   - {width: 7}
#   - {precision: '4'}
# - name: HIP
#   datatype: int32
#   description: '? HIP cross-id number, van Leeuwen, Cat. I/311 (hip_original_ext_source_id)'
#   meta: !!omap
#   - {ucd: ID_NUMBER}
#   - {width: 6}
#   - values: {'null': -2147483648}
# - name: TYC2
#   datatype: string
#   description: Tycho-2 cross-id name, Hog et al., Cat. I/259 (tyc2_original_ext_source_id)
#   meta: !!omap
#   - {ucd: ID_CROSSID}
#   - {_votable_string_dtype: char}
# - name: Source
#   datatype: int64
#   description: Source identifier, identical to the Gaia-EDR3 source_id (id)
#   meta: !!omap
#   - {ucd: ID_MAIN}
#   - {width: 19}
# - name: rgeo
#   unit: pc
#   datatype: float64
#   format: '{:15.8f}'
#   description: '? Median of the geometric distance posterior (r_med_geo)'
#   meta: !!omap
#   - {ucd: PHYS_DISTANCE_TRUE}
#   - {width: 15}
#   - {precision: '8'}
#   - values: {'null': .nan}
# - name: Plx
#   unit: mas
#   datatype: float64
#   format: '{:9.4f}'
#   description: '? Parallax (parallax)'
#   meta: !!omap
#   - {ucd: POS_PARLX_TRIG}
#   - {width: 9}
#   - {precision: '4'}
#   - values: {'null': .nan}
# - name: e_Plx
#   unit: mas
#   datatype: float32
#   format: '{:7.4f}'
#   description: '? Standard error of parallax (parallax_error)'
#   meta: !!omap
#   - {ucd: ERROR}
#   - {width: 7}
#   - {precision: '4'}
#   - values: {'null': .nan}
# - name: pmRA
#   unit: mas / yr
#   datatype: float64
#   format: '{:9.3f}'
#   description: '? Proper motion in right ascension direction, pmRA*cosDE (pmra)'
#   meta: !!omap
#   - {ucd: POS_EQ_PMRA}
#   - {width: 9}
#   - {precision: '3'}
#   - values: {'null': .nan}
# - name: pmDE
#   unit: mas / yr
#   datatype: float64
#   format: '{:9.3f}'
#   description: '? Proper motion in declination direction (pmdec)'
#   meta: !!omap
#   - {ucd: POS_EQ_PMDEC}
#   - {width: 9}
#   - {precision: '3'}
#   - values: {'null': .nan}
# - name: e_pmRA
#   unit: mas / yr
#   datatype: float32
#   format: '{:6.3f}'
#   description: '? Standard error of proper motion in right ascension direction (pmra_error)'
#   meta: !!omap
#   - {ucd: ERROR}
#   - {width: 6}
#   - {precision: '3'}
#   - values: {'null': .nan}
# - name: e_pmDE
[...]
#         value: !astropy.table.SerializedColumn {name: SkyCoord.dec}
#       distance: !astropy.table.SerializedColumn
#         __class__: astropy.coordinates.distances.Distance
#         unit: !astropy.units.Unit {unit: pc}
#         value: !astropy.table.SerializedColumn {name: SkyCoord.distance}
#       frame: icrs
#       obstime: !astropy.time.Time {format: jyear_str, in_subfmt: '*', jd1: 367701545.0, jd2: 0.0, out_subfmt: '*', precision: 3, scale: tt}
#       pm_dec: !astropy.table.SerializedColumn
#         __class__: astropy.units.quantity.Quantity
#         unit: !astropy.units.Unit {unit: mas / yr}
#         value: !astropy.table.SerializedColumn {name: SkyCoord.pm_dec}
#       pm_ra_cosdec: !astropy.table.SerializedColumn
#         __class__: astropy.units.quantity.Quantity
#         unit: !astropy.units.Unit {unit: mas / yr}
#         value: !astropy.table.SerializedColumn {name: SkyCoord.pm_ra_cosdec}
#       ra: !astropy.table.SerializedColumn
#         __class__: astropy.coordinates.angles.Longitude
#         unit: *id001
#         value: !astropy.table.SerializedColumn {name: SkyCoord.ra}
#         wrap_angle: !astropy.coordinates.Angle
#           unit: *id001
#           value: 360.0
#       representation_type: spherical
# schema: astropy-2.0
RA_ICRS_1 DE_ICRS_1 e_RA_ICRS e_DE_ICRS _r_1 HIP TYC2 Source rgeo Plx e_Plx pmRA pmDE e_pmRA e_pmDE RUWE Teff logg Gmag BP-RP BPmag RPmag RV e_RV b_rgeo B_rgeo FG e_FG FBP e_FBP FRP e_FRP RAVE5 RAVE6 e_Gmag e_BPmag e_RPmag e_BP-RP SkyCoord.ra SkyCoord.dec SkyCoord.distance SkyCoord.pm_ra_cosdec SkyCoord.pm_dec rmRA rmDE e_rmRA e_rmDE rRV e_rRV v_pec v_pec3d e_vpec e_vpec3d
[from data line 287]
92.93909720668 11.87635404977 0.0592 0.0502 5.4926 "" "" 3330406190665179136 2188.65503 0.433 0.0625 -0.159 1.629 0.067 0.055 1.17 5555.1 4.6064 16.455503 1.266576 16.98874 15.722165 "" "" 1949.72107 2480.79395 4928.85118 5.9827 2187.4 13.935 4076.5 11.755 "" "" 0.0030542751473885237 0.0074583315 0.004907731 0.012366062 92.93909720668 11.87635404977 2188.65503 -0.15899999999999992 1.6290000000000004 0.25344998574256894 2.8361499824523926 0.15972728 0.14772728 "" "" 29.540108597782137 "" 4.366801444924474 ""
92.56597993096 11.88984259059 0.1116 0.1016 16.749 "" "" 3342413682272337536 2136.71143 0.4719 0.1238 1.163 -3.034 0.14 0.113 2.7 5234.8 4.7242 16.456846 1.241031 16.948845 15.707814 "" "" 1746.16357 2672.80713 4922.75534 16.79 2269.2 10.157 4130.8 11.869 "" "" 0.004615714810044191 0.0056037977 0.0049005994 0.010504397 92.56597993096 11.88984259059 2136.71143 1.1629999999999991 -3.033999999999998 1.575449985742569 -1.8268500175476072 0.23272727 0.20572728 "" "" 24.432291540721646 "" 5.317763034674964 ""
93.01324561656 11.90649039393 0.0477 0.0425 10.1839 "" "" 3331907401993436672 2153.47583 0.4246 0.0546 0.568 0.22 0.056 0.042 1.025 5552.3 4.6335 16.458832 1.22966 16.993982 15.764322 "" "" 1932.73657 2501.52441 4913.75734 2.7979 2176.8 11.805 3921.3 9.1118 "" "" 0.0028238245189659526 0.0065156906 0.0045440844 0.011059775 93.01324561656 11.90649039393 2153.47583 0.5679999999999995 0.2200000000000001 0.9804499857425689 1.4271499824523926 0.14872727 0.13472727 "" "" 17.674087482825527 "" 2.4632276865823854 ""
92.65790233714 11.7282587287 0.0503 0.0436 13.4694 "" "" 3330398008748293504 2700.87939 0.3609 0.0554 0.447 -1.632 0.066 0.05 1.029 "" "" 16.460842 1.397012 17.088158 15.691146 "" "" 2411.81055 3053.59717 4904.67489 3.1437 1996.0 19.318 4194.7 8.8923 "" "" 0.0028418453040877614 0.010872263 0.0044250735 0.0152973365 92.65790233714 11.7282587287 2700.87939 0.447 -1.6320000000000001 0.859449985742569 -0.4248500175476073 0.15872727 0.14272727 "" "" 12.27374672541424 "" 1.9112072781044387 ""
92.66165423493 11.80723247569 0.0465 0.0416 11.3198 "" "" 3330401857039089024 2412.01904 0.3946 0.0508 -1.786 -2.275 0.058 0.047 0.954 5810.4 4.5775 16.47927 1.207789 17.000843 15.793054 "" "" 2150.98975 2691.4502 4822.12254 2.9243 2163.1 8.8656 3818.9 14.103 "" "" 0.0028328988991415116 0.0052523483 0.0055100233 0.010762371 92.66165423493 11.80723247569 2412.01904 -1.7860000000000014 -2.2749999999999995 -1.373550014257431 -1.0678500175476073 0.15072727 0.13972726 "" "" 19.891210642363795 "" 2.917647776906329 ""
92.82643610027 11.93047873657 0.0606 0.0551 4.841 "" "" 3330410172095880064 2763.54517 0.3614 0.0699 -1.396 0.893 0.079 0.061 1.174 6093.7 4.4852 16.494324 1.277913 17.027365 15.749452 "" "" 2311.16309 3318.7832 4755.73477 4.5374 2110.9 23.669 3975.4 11.427 "" "" 0.0029436130515722125 0.012489738 0.004901383 0.017391121 92.82643610027 11.93047873657 2763.54517 -1.396 0.8929999999999999 -0.9835500142574309 2.1001499824523924 0.17172727 0.15372728 "" "" 30.37773096294781 "" 4.772864466836525 ""
92.66180423878 11.66457649012 0.0566 0.0484 15.7502 "" "" 3330395367346510976 2022.32471 0.4624 0.0634 1.331 -3.26 0.078 0.065 1.132 "" "" 16.504818 1.480607 17.184502 15.703895 "" "" 1815.2229 2233.52148 4709.98504 3.4384 1826.5 23.903 4145.7 20.194 "" "" 0.002867058553558334 0.014480148 0.0065003117 0.02098046 92.66180423878 11.66457649012 2022.32471 1.3309999999999995 -3.2599999999999967 1.743449985742569 -2.052850017547607 0.17072728 0.15772727 "" "" 25.817390833589812 "" 4.216000095205947 ""
92.7864780159 11.75731858902 0.0492 0.0437 6.7951 "" "" 3330403476244665472 2622.25195 0.3515 0.0543 -0.702 -3.591 0.061 0.05 1.04 "" "" 16.523106 1.242726 17.0535 15.810773 "" "" 2336.03906 2936.9187 4631.32067 2.9771 2060.7 13.371 3757.1 18.78 "" "" 0.0028423402225202106 0.007577291 0.006613399 0.014190691 92.7864780159 11.75731858902 2622.25195 -0.7020000000000003 -3.5910000000000024 -0.289550014257431 -2.3838500175476076 0.15372728 0.14272727 "" "" 29.847772360071602 "" 4.2650456158698695 ""
92.84964017838 11.70267021275 0.048 0.0445 9.0076 "" "" 3330391102440854656 2393.64233 0.3952 0.0589 -0.393 0.958 0.061 0.049 0.908 5939.4 4.5383 16.523563 1.307747 17.095692 15.787945 "" "" 2105.01465 2738.83667 4629.36472 2.9754 1982.2 11.72 3836.9 10.996 "" "" 0.0028423147263585964 0.0069996887 0.004895462 0.011895151 92.84964017838 11.70267021275 2393.64233 -0.393 0.9579999999999999 0.019449985742568954 2.1651499824523928 0.15372728 0.14172727 "" "" 24.56648980822092 "" 3.48176629661239 ""
92.87963841354 11.83140521607 0.0505 0.0448 2.224 "" "" 3330405606548356480 2104.76392 0.4571 0.0585 1.384 1.01 0.059 0.048 0.954 5690.1 4.6367 16.530125 1.192608 17.0464 15.853792 "" "" 1882.40662 2418.26245 4601.4701 3.384 2074.2 11.461 3611.1 15.342 "" "" 0.002868682994462119 0.0066163377 0.0059633767 0.012579715 92.87963841354 11.83140521607 2104.76392 1.384 1.01 1.7964499857425689 2.2171499824523924 0.15172727 0.14072728 "" "" 28.46909043914706 "" 4.133328602124115 ""
93.04740899206 11.82519052454 0.0491 0.0444 11.7855 "" "" 3331894345292888704 2483.93701 0.3995 0.0571 0.792 -1.698 0.062 0.052 1.092 5798.2 4.6195 16.530407 1.231672 16.898607 15.666935 "" "" 2140.11475 2791.57007 4600.2732 4.9368 2376.7 36.641 4289.3 73.22 "" "" 0.002991553305831113 0.016969481 0.018915351 0.035884835 93.04740899206 11.82519052454 2483.93701 0.7920000000000007 -1.6979999999999997 1.204449985742569 -0.4908500175476074 0.15472728 0.14472727 "" "" 15.313415259556722 "" 2.3482026478588374 ""
92.63172688164 11.95316829779 0.0461 0.0424 14.0907 "" "" 3342420244982328576 2493.57812 0.394 0.0524 -1.408 0.687 0.06 0.049 0.959 6042.7 4.4908 16.53296 1.139609 17.001972 15.862363 "" "" 2203.75024 2838.97534 4589.46643 3.2335 2160.9 9.349 3582.7 10.004 "" "" 0.0028595354668585573 0.005463546 0.004845099 0.010308646 92.63172688164 11.95316829779 2493.57812 -1.4080000000000004 0.687 -0.995550014257431 1.8941499824523926 0.15272728 0.14172727 "" "" 25.291992085244026 "" 3.646585088069466 ""
92.78770908849 12.07640539146 0.0463 0.0438 13.8862 "" "" 3343923101281545600 2235.271 0.4217 0.0545 1.291 -1.745 0.06 0.05 0.919 5704.2 4.609 16.536137 1.142384 17.020018 15.877633 "" "" 2009.01868 2518.88281 4576.06178 2.8376 2125.2 15.536 3532.7 21.466 "" "" 0.0028363832734496757 0.008413272 0.0076031955 0.016016468 92.78770908849 12.07640539146 2235.271 1.2910000000000004 -1.745 1.703449985742569 -0.5378500175476075 0.15272728 0.14272727 "" "" 18.926643172269944 "" 2.8739704819924725 ""
92.66958538942 11.84988033082 0.0457 0.0416 10.5196 "" "" 3330408698924657536 2546.35059 0.389 0.0508 0.031 -2.585 0.059 0.048 1.017 6134.8 4.4683 16.53636 1.305032 17.054539 15.749507 "" "" 2283.16138 2883.96118 4575.12248 3.0416 2058.7 13.52 3975.2 49.087 "" "" 0.0028482979038183726 0.0076567787 0.013929521 0.021586299 92.66958538942 11.84988033082 2546.35059 0.030999999999999975 -2.585 0.443449985742569 -1.3778500175476074 0.15172727 0.14072728 "" "" 17.47031929325148 "" 2.4772219909140207 ""
92.91443123109 11.58500273603 0.0504 0.046 16.5249 "" "" 3330380627018678144 2116.44385 0.441 0.0604 -0.289 -1.646 0.064 0.051 1.029 5506.5 4.5431 16.553797 1.175344 17.05821 15.882867 "" "" 1882.33069 2383.30347 4502.23217 3.0413 2051.8 12.63 3515.7 16.775 "" "" 0.002851263151646597 0.0072423676 0.006412622 0.01365499 92.91443123109 11.58500273603 2116.44385 -0.289 -1.6460000000000008 0.12344998574256899 -0.43885001754760733 0.15672728 0.14372727 "" "" 4.573391856628672 "" 0.6618623280426756 ""
92.80294892601 11.88250148606 0.0481 0.0434 3.2243 "" "" 3330409725419247488 1966.96655 0.4843 0.0552 0.69 -0.946 0.063 0.05 1.071 "" "" 16.554237 1.406653 17.193861 15.787208 "" "" 1736.51892 2234.08105 4500.40863 3.0233 1810.8 11.411 3839.5 14.711 "" "" 0.002850225240576527 0.0073889657 0.0056204274 0.013009394 92.80294892601 11.88250148606 1966.96655 0.6899999999999998 -0.946 1.102449985742569 0.2611499824523926 0.15572727 0.14272727 "" "" 10.563050901041954 "" 1.6379486671938335 ""
92.80200418793 11.86639571418 0.0503 0.0472 2.8612 "" "" 3330408252248230144 2502.68115 0.3847 0.0601 1.421 -0.741 0.063 0.05 1.02 5680.0 4.6179 16.558197 1.193207 17.075035 15.881828 "" "" 2141.42041 2937.72876 4484.02144 3.1324 2020.2 12.364 3519.1 9.7863 "" "" 0.002857805809272421 0.0072069303 0.0048373654 0.012044296 92.80200418793 11.86639571418 2502.68115 1.4210000000000003 -0.741 1.833449985742569 0.4661499824523926 0.15572727 0.14272727 "" "" 22.44164465355924 "" 3.477760299037437 ""
92.8201223299 11.59895921885 0.051 0.0462 15.3224 "" "" 3330383547596476160 2859.24463 0.3271 0.059 -0.711 -5.799 0.064 0.054 1.045 "" "" 16.559069 1.645472 17.33359 15.688118 "" "" 2464.448 3358.17334 4480.42252 3.1139 1592.1 10.949 4206.4 10.609 "" "" 0.002856780121094331 0.007970984 0.004667147 0.012638131 92.8201223299 11.59895921885 2859.24463 -0.7109999999999999 -5.799000000000003 -0.298550014257431 -4.591850017547608 0.15672728 0.14672728 "" "" 62.363912417037135 "" 9.153201409464499 ""
92.74172662609 11.91859832388 0.0454 0.0421 7.419 "" "" 3330409420479156224 2621.8501 0.3492 0.0522 1.766 -2.258 0.058 0.048 0.984 5351.6 4.3749 16.564314 1.227466 17.08984 15.862374 "" "" 2340.70337 3070.6875 4458.83241 2.9034 1992.9 11.331 3582.7 9.0807 "" "" 0.002844576732478858 0.0067744274 0.004675115 0.011449542 92.74172662609 11.91859832388 2621.8501 1.7659999999999996 -2.258 2.178449985742569 -1.0508500175476074 0.15072727 0.14072728 "" "" 30.05810090517585 "" 4.4753812247886335 ""
92.82748188348 11.85187145357 0.0534 0.0481 1.2476 "" "" 3330405228591249920 2047.9762 0.4722 0.0611 0.963 -3.721 0.071 0.054 0.957 5517.9 4.6729 16.564585 1.336676 17.160238 15.823563 "" "" 1812.46472 2270.36133 4457.7231 3.3861 1867.8 10.094 3713.1 13.544 "" "" 0.0028761026500690357 0.0064971726 0.005474319 0.011971492 92.82748188348 11.85187145357 2047.9762 0.963 -3.721 1.375449985742569 -2.5138500175476075 0.16372728 0.14672728 "" "" 27.81693832579442 "" 4.1951843301980105 ""
92.92089072882 11.93666836201 0.0537 0.0477 6.5792 "" "" 3331908634647607168 2130.87378 0.4585 0.0599 -0.32 -0.945 0.067 0.054 1.126 6058.4 4.5299 16.565384 1.295715 17.057043 15.761328 "" "" 1832.38928 2442.80273 4454.44127 3.3944 2054.0 15.546 3932.1 19.904 "" "" 0.0028768581015459673 0.008678319 0.0066699935 0.015348312 92.92089072882 11.93666836201 2130.87378 -0.32 -0.9449999999999995 0.09244998574256896 0.2621499824523926 0.15972728 0.14672728 "" "" 2.807633632764256 "" 0.41615121475667116 ""
92.76756972672 12.13010882824 0.0485 0.0432 17.3069 "" "" 3343924338232149632 2760.28589 0.3311 0.0567 -0.367 -2.789 0.06 0.049 0.987 6035.7 4.482 16.57134 1.23853 17.108608 15.870078 "" "" 2366.70752 3202.72339 4430.06901 2.7301 1958.7 15.14 3557.4 20.128 "" "" 0.0028353988964719087 0.00884399 0.0072126426 0.016056633 92.76756972672 12.13010882824 2760.28589 -0.36699999999999994 -2.789 0.04544998574256898 -1.5818500175476076 0.15272728 0.14172727 "" "" 20.705079387543254 "" 2.93466949983742 ""
93.08186982924 11.86397806004 0.0513 0.0474 13.7077 "" "" 3331894585811013376 2111.1582 0.447 0.0603 1.171 -3.442 0.064 0.049 1.007 5433.9 4.6634 16.57598 1.180213 17.08765 15.907437 "" "" 1940.51013 2382.50073 4411.18496 2.9812 1996.9 9.4953 3437.0 11.097 "" "" 0.002851352011410129 0.005868432 0.0051548304 0.0110232625 93.08186982924 11.86397806004 2111.1582 1.171 -3.442 1.583449985742569 -2.2348500175476076 0.15672728 0.14172727 "" "" 27.40841001613357 "" 4.026601030913523 ""
92.97115718315 12.06007013219 0.0517 0.0469 14.3642 "" "" 3331914166562717184 2193.51636 0.4257 0.0585 1.11 -3.646 0.065 0.05 1.044 6085.8 4.4227 16.579874 1.531373 17.291668 15.760295 "" "" 1975.61047 2474.27319 4395.38502 2.9848 1654.8 12.434 3935.9 17.322 "" "" 0.0028522616828076494 0.008622055 0.0060923225 0.014714377 92.97115718315 12.06007013219 2193.51636 1.1099999999999992 -3.646 1.522449985742569 -2.4388500175476073 0.15772727 0.14272727 "" "" 29.892539049290182 "" 4.39683039991848 ""
92.6978548 11.62227088058 0.0549 0.0464 16.4268 "" "" 3330394916375816832 2007.87622 0.4865 0.0613 -4.166 -5.278 0.069 0.055 1.026 5554.9 4.5414 16.583757 1.324552 17.149534 15.824983 "" "" 1767.25085 2273.5022 4379.69531 3.388 1886.3 16.085 3708.2 21.618 "" "" 0.002880487663298112 0.009669668 0.0073720855 0.017041754 92.6978548 11.62227088058 2007.87622 -4.166 -5.278 -3.7535500142574314 -4.070850017547607 0.16172728 0.14772728 "" "" 52.69969904010878 "" 8.132526807156584 ""
93.10594797109 11.87659038442 0.0507 0.0483 15.1721 "" "" 3331894929408379264 2695.82593 0.3647 0.0624 -0.258 0.028 0.062 0.05 1.001 9080.7 4.4725 16.5892 1.226219 17.117115 15.890896 "" "" 2362.72827 3127.39697 4357.8005 3.4102 1943.4 10.913 3489.8 11.532 "" "" 0.002883345931914534 0.00670498 0.005211146 0.011916126 93.10594797109 11.87659038442 2695.82593 -0.258 0.028 0.15444998574256896 1.2351499824523926 0.15472728 0.14272727 "" "" 15.905927917450132 "" 2.273269738686317 ""
93.02869080876 12.05269607193 0.1081 0.0967 15.9836 "" "" 3331911078485355904 1920.7417 0.5543 0.122 -4.301 3.885 0.127 0.101 2.124 4439.2 4.4825 16.590775 1.579981 17.272749 15.692768 "" "" 1583.33435 2572.92114 4351.47841 16.268 1683.9 13.464 4188.4 16.739 "" "" 0.004905860421660195 0.009118612 0.005754306 0.014872918 93.02869080876 12.05269607193 1920.7417 -4.301 3.884999999999998 -3.888550014257431 5.092149982452392 0.21972728 0.19372728 "" "" 58.332177190520866 "" 11.881720554539344 ""
93.03617918097 11.900510477 0.0531 0.0512 11.3738 "" "" 3331895685322644864 2142.08545 0.4494 0.0698 0.27 -0.044 0.063 0.049 1.033 5556.5 4.5633 16.623154 1.155181 17.126846 15.971665 "" "" 1885.72961 2453.46802 4223.62278 3.0667 1926.1 10.16 3239.6 10.348 "" "" 0.002865878660379101 0.0063706664 0.0051294556 0.011500122 93.03617918097 11.900510477 2142.08545 0.27 -0.044 0.682449985742569 1.1631499824523925 0.15572727 0.14172727 "" "" 13.692741100605632 "" 1.991485124934382 ""
92.78417663568 11.6017338639 0.0525 0.0475 15.5333 "" "" 3330383685035443712 2579.73462 0.3811 0.0616 0.472 -2.71 0.064 0.053 1.004 5652.2 4.6525 16.625452 1.263949 17.176907 15.912957 "" "" 2248.10278 3129.4646 4214.6895 2.953 1839.3 14.62 3419.6 13.588 "" "" 0.0028584046624159512 0.009069994 0.00573554 0.014805534 92.78417663568 11.6017338639 2579.73462 0.472 -2.71 0.884449985742569 -1.5028500175476074 0.15672728 0.14572728 "" "" 21.32298555115666 "" 3.169338448880316 ""
92.6646997748 11.92754111059 0.049 0.0447 11.6974 "" "" 3342419214190176768 2776.24902 0.3356 0.0557 -0.263 0.522 0.063 0.055 1.054 6994.7 4.3462 16.635895 1.505561 17.326595 15.821034 "" "" 2421.62646 3176.25879 4174.34809 4.2991 1602.4 8.104 3721.7 11.705 "" "" 0.0029735709834566183 0.0061592464 0.005093525 0.011252772 92.6646997748 11.92754111059 2776.24902 -0.263 0.522 0.14944998574256896 1.7291499824523926 0.15572727 0.14772728 "" "" 22.839442959184215 "" 3.3753999817817943 ""
92.80672130712 11.61634259569 0.052 0.0471 14.3999 "" "" 3330383753754903424 2374.49634 0.4041 0.0595 2.909 -3.192 0.064 0.053 0.997 4759.0 4.3562 16.6368 1.495392 17.330835 15.835444 "" "" 2074.25928 2743.19922 4170.8708 2.7474 1596.2 11.519 3672.7 13.197 "" "" 0.0028466263417018813 0.008317204 0.005431777 0.013748981 92.80672130712 11.61634259569 2374.49634 2.908999999999998 -3.192000000000002 3.3214499857425688 -1.9848500175476076 0.15672728 0.14572728 "" "" 43.549664972906655 "" 6.702684931641819 ""
