Clusters/Bica_2/Bica_2_stars_in_region.tsv
# %ECSV 1.0
# ---
# datatype:
# - name: RA_ICRS_1
#   unit: deg
#   datatype: float64
#   format: '{:15.11f}'
#   description: Right ascension (ICRS) at Ep=2016.0 (ra)
#   meta: !!omap
#   - {ucd: POS_EQ_RA_MAIN}
#   - {width: 15}
#   - {precision: '11'}
# - name: DE_ICRS_1
#   unit: deg
#   datatype: float64
#   format: '{:15.11f}'
#   description: Declination (ICRS) at Ep=2016.0 (dec)
#   meta: !!omap
#   - {ucd: POS_EQ_DEC_MAIN}
#   - {width: 15}
#   - {precision: '11'}
# - name: e_RA_ICRS
#   unit: mas
#   datatype: float64
#   format: '{:7.4f}'
#   description: Standard error of right ascension (ra_error)
#   meta: !!omap
#   - {ucd: ERROR}
#   - {width: 7}
#   - {precision: '4'}
# - name: e_DE_ICRS
#   unit: mas
#   datatype: float64
#   format: '{:7.4f}'
#   description: Standard error of declination (dec_error)
#   meta: !!omap
#   - {ucd: ERROR}
#   - {width: 7}
#   - {precision: '4'}
# - name: _r_1
#   unit: ''
#   datatype: float64
#   format: '{:7.4f}'
#   description: Distance from center (308.31530763000+41.30680590000)[ICRS], at Epoch=J2016.0
#   meta: !!omap
#   - {ucd: POS_ANG_DIST_GENERAL}
#   - {width: 7}
#   - {precision: '4'}
# - name: HIP
#   datatype: int32
#   description: '? HIP cross-id number, van Leeuwen, Cat. I/311 (hip_original_ext_source_id)'
#   meta: !!omap
#   - {ucd: ID_NUMBER}
#   - {width: 6}
#   - values: {'null': -2147483648}
# - name: TYC2
#   datatype: string
#   description: Tycho-2 cross-id name, Hog et al., Cat. I/259 (tyc2_original_ext_source_id)
#   meta: !!omap
#   - {ucd: ID_CROSSID}
#   - {_votable_string_dtype: char}
# - name: Source
#   datatype: int64
#   description: Source identifier, identical to the Gaia-EDR3 source_id (id)
#   meta: !!omap
#   - {ucd: ID_MAIN}
#   - {width: 19}
# - name: rgeo
#   unit: pc
#   datatype: float64
#   format: '{:15.8f}'
#   description: '? Median of the geometric distance posterior (r_med_geo)'
#   meta: !!omap
#   - {ucd: PHYS_DISTANCE_TRUE}
#   - {width: 15}
#   - {precision: '8'}
#   - values: {'null': .nan}
# - name: Plx
#   unit: mas
#   datatype: float64
#   format: '{:9.4f}'
#   description: '? Parallax (parallax)'
#   meta: !!omap
#   - {ucd: POS_PARLX_TRIG}
#   - {width: 9}
#   - {precision: '4'}
#   - values: {'null': .nan}
# - name: e_Plx
#   unit: mas
#   datatype: float32
#   format: '{:7.4f}'
#   description: '? Standard error of parallax (parallax_error)'
#   meta: !!omap
#   - {ucd: ERROR}
#   - {width: 7}
#   - {precision: '4'}
#   - values: {'null': .nan}
# - name: pmRA
#   unit: mas / yr
#   datatype: float64
#   format: '{:9.3f}'
#   description: '? Proper motion in right ascension direction, pmRA*cosDE (pmra)'
#   meta: !!omap
#   - {ucd: POS_EQ_PMRA}
#   - {width: 9}
#   - {precision: '3'}
#   - values: {'null': .nan}
# - name: pmDE
#   unit: mas / yr
#   datatype: float64
#   format: '{:9.3f}'
#   description: '? Proper motion in declination direction (pmdec)'
#   meta: !!omap
#   - {ucd: POS_EQ_PMDEC}
#   - {width: 9}
#   - {precision: '3'}
#   - values: {'null': .nan}
# - name: e_pmRA
#   unit: mas / yr
#   datatype: float32
#   format: '{:6.3f}'
#   description: '? Standard error of proper motion in right ascension direction (pmra_error)'
#   meta: !!omap
#   - {ucd: ERROR}
#   - {width: 6}
#   - {precision: '3'}
#   - values: {'null': .nan}
# - name: e_pmDE
[...]
#         value: !astropy.table.SerializedColumn {name: SkyCoord.dec}
#       distance: !astropy.table.SerializedColumn
#         __class__: astropy.coordinates.distances.Distance
#         unit: !astropy.units.Unit {unit: pc}
#         value: !astropy.table.SerializedColumn {name: SkyCoord.distance}
#       frame: icrs
#       obstime: !astropy.time.Time {format: jyear_str, in_subfmt: '*', jd1: 367701545.0, jd2: 0.0, out_subfmt: '*', precision: 3, scale: tt}
#       pm_dec: !astropy.table.SerializedColumn
#         __class__: astropy.units.quantity.Quantity
#         unit: !astropy.units.Unit {unit: mas / yr}
#         value: !astropy.table.SerializedColumn {name: SkyCoord.pm_dec}
#       pm_ra_cosdec: !astropy.table.SerializedColumn
#         __class__: astropy.units.quantity.Quantity
#         unit: !astropy.units.Unit {unit: mas / yr}
#         value: !astropy.table.SerializedColumn {name: SkyCoord.pm_ra_cosdec}
#       ra: !astropy.table.SerializedColumn
#         __class__: astropy.coordinates.angles.Longitude
#         unit: *id001
#         value: !astropy.table.SerializedColumn {name: SkyCoord.ra}
#         wrap_angle: !astropy.coordinates.Angle
#           unit: *id001
#           value: 360.0
#       representation_type: spherical
# schema: astropy-2.0
RA_ICRS_1 DE_ICRS_1 e_RA_ICRS e_DE_ICRS _r_1 HIP TYC2 Source rgeo Plx e_Plx pmRA pmDE e_pmRA e_pmDE RUWE Teff logg Gmag BP-RP BPmag RPmag RV e_RV b_rgeo B_rgeo FG e_FG FBP e_FBP FRP e_FRP RAVE5 RAVE6 e_Gmag e_BPmag e_RPmag e_BP-RP SkyCoord.ra SkyCoord.dec SkyCoord.distance SkyCoord.pm_ra_cosdec SkyCoord.pm_dec rmRA rmDE e_rmRA e_rmDE rRV e_rRV v_pec v_pec3d e_vpec e_vpec3d
[from data line 1134]
308.52738978024 41.33336899851 0.0405 0.0461 9.6888 "" "" 2067874543681750400 1242.78943 0.7752 0.0521 -0.492 2.636 0.054 0.057 0.987 7655.7 4.2172 16.84769 1.952496 17.82827 15.875774 "" "" 1158.90247 1356.30298 3434.5574 2.1933 1009.5 8.9172 3538.7 8.3955 "" "" 0.002841218307549247 0.009988241 0.004573722 0.014561962 308.52738978024 41.33336899851 1242.78943 -0.4919999999999999 2.636 2.1826058464050293 7.026326976776123 0.22454824 0.22754823 "" "" 43.34181531832992 "" 9.850979736308762 ""
308.31348983281 40.9496781565 0.0406 0.0485 21.4278 "" "" 2067758717003859328 1563.776 0.5854 0.056 -2.538 -4.39 0.059 0.062 0.887 "" "" 16.848043 3.375325 18.902004 15.526679 "" "" 1429.4812 1757.01025 3433.43793 3.0423 375.5 6.6267 4880.8 11.107 "" "" 0.002918446072023286 0.019362798 0.004515348 0.023878146 308.31348983281 40.9496781565 1563.776 -2.5380000000000003 -4.39 0.13660584640502949 0.0003269767761233666 0.22954823 0.23254824 "" "" 1.0125661754747204 "" 0.2324327916322758 ""
308.38875251887 41.35067812985 0.0419 0.0525 4.2284 "" "" 2067878185814073600 1359.55383 0.7066 0.0559 -2.241 -4.404 0.054 0.063 1.049 9241.9 3.6248 16.85002 2.396073 18.134302 15.738229 "" "" 1252.3335 1452.31482 3427.19383 2.313 761.55 10.057 4016.7 11.11 "" "" 0.0028510919680103416 0.014607147 0.0048272456 0.019434392 308.38875251887 41.35067812985 1359.55383 -2.2410000000000005 -4.404000000000001 0.4336058464050292 -0.013673023223876868 0.22454824 0.23354822 "" "" 2.795668618217245 "" 0.6277879496773048 ""
308.0416344789 41.20719143193 0.0376 0.0443 13.715 "" "" 2067824206665395712 1290.97888 0.7405 0.0506 0.367 -3.253 0.049 0.052 1.052 "" "" 16.850967 2.361116 18.116995 15.755878 "" "" 1215.90979 1378.05481 3424.20817 1.897 773.78 7.6978 3951.9 10.305 "" "" 0.0028202100417801437 0.0111557925 0.00472221 0.015878003 308.0416344789 41.20719143193 1290.97888 0.3669999999999992 -3.253 3.0416058464050293 1.137326976776123 0.21954823 0.22254823 "" "" 19.870933723260404 "" 4.36998455589968 ""
308.56490401742 41.10232101989 0.0386 0.0438 16.6577 "" "" 2067766443648600576 1694.56384 0.5346 0.0512 -2.795 -4.299 0.051 0.055 0.979 "" "" 16.851599 3.119355 18.682318 15.562963 "" "" 1540.77063 1848.52014 3422.21606 2.3657 459.72 8.514 4720.3 11.662 "" "" 0.0028557147457156464 0.02030046 0.0046345587 0.024935018 308.56490401742 41.10232101989 1694.56384 -2.795 -4.2989999999999995 -0.12039415359497063 0.09132697677612267 0.22154823 0.22554824 "" "" 1.21378088146439 "" 0.2706944370268844 ""
308.70076996764 41.40957840592 0.0367 0.0418 18.4222 "" "" 2067870523591870976 1351.7677 0.7045 0.0476 2.186 -2.406 0.05 0.055 0.963 "" "" 16.856293 2.21704 18.017086 15.800046 "" "" 1270.96912 1436.87769 3407.4526 2.1587 848.36 7.3544 3794.4 7.5708 "" "" 0.0028398788393701577 0.009817059 0.0043562227 0.014173282 308.70076996764 41.40957840592 1351.7677 2.1859999999999995 -2.4059999999999997 4.860605846405029 1.984326976776123 0.22054823 0.22554824 "" "" 33.63907041020441 "" 7.443297859893056 ""
308.56042650634 41.32446024088 0.042 0.0436 11.097 "" "" 2067874298864951296 1439.79321 0.6562 0.0507 -2.727 -6.166 0.055 0.055 0.97 9227.2 3.6341 16.856758 2.415747 18.155714 15.739967 "" "" 1340.37512 1545.94824 3405.99317 2.3174 746.67 8.2018 4010.2 8.0209 "" "" 0.002852630509254288 0.012248309 0.0043588537 0.016607163 308.56042650634 41.32446024088 1439.79321 -2.7269999999999994 -6.166 -0.05239415359497057 -1.7756730232238773 0.22554824 0.22554824 "" "" 12.123567500400469 "" 2.7344492826814446 ""
308.51665470297 41.09518598779 0.0697 0.0833 15.6154 "" "" 2067766585384352256 1534.70667 0.6312 0.0925 -0.476 -1.627 0.093 0.102 1.855 8508.6 2.9932 16.861677 2.671477 18.316465 15.644988 "" "" 1384.72595 1732.17346 3390.59756 3.9983 643.92 9.8408 4376.9 11.381 "" "" 0.003038263591332808 0.016825873 0.0047174203 0.021543294 308.51665470297 41.09518598779 1534.70667 -0.47600000000000015 -1.6269999999999998 2.1986058464050293 2.7633269767761233 0.26354823 0.27254823 "" "" 25.688232681245182 "" 6.912578936856659 ""
308.60433363148 41.28140202193 0.0496 0.057 13.1181 "" "" 2067862208535662080 1709.43274 0.5494 0.0656 -4.886 -4.035 0.066 0.071 1.015 7959.5 3.3542 16.862364 3.406755 18.926619 15.519863 "" "" 1553.97473 1878.74133 3388.45059 2.7636 367.09 6.8023 4911.5 8.9878 "" "" 0.0028941207530100415 0.020311605 0.0042698095 0.024581414 308.60433363148 41.28140202193 1709.43274 -4.886000000000001 -4.034999999999997 -2.211394153594971 0.3553269767761229 0.23654823 0.24154824 "" "" 18.148122088345946 "" 4.2952134659414085 ""
308.48600200503 40.91685496168 0.0791 0.0909 24.6366 "" "" 2067760430693382016 1627.16333 0.5751 0.1044 -2.944 -5.354 0.109 0.109 1.074 4444.5 1.9354 16.86293 4.36289 19.710722 15.347832 "" "" 1366.16321 1862.75427 3386.68201 4.4962 178.29 8.5316 5754.7 12.911 "" "" 0.0031095865760909403 0.052029926 0.004496375 0.056526303 308.48600200503 40.91685496168 1627.16333 -2.9440000000000004 -5.353999999999999 -0.26939415359497065 -0.963673023223877 0.27954823 0.27954823 "" "" 7.717530392825831 "" 2.1574219442069085 ""
308.43322498003 41.557713377 0.0388 0.0483 15.9616 "" "" 2067928660269311744 1470.01648 0.6551 0.0507 -2.447 -3.536 0.05 0.057 1.025 "" "" 16.86345 2.54064 18.246954 15.706314 "" "" 1363.06262 1616.29822 3385.06645 2.1716 686.49 7.6994 4136.5 10.57 "" "" 0.002841995255306682 0.012492755 0.0046883817 0.017181138 308.43322498003 41.557713377 1470.01648 -2.4470000000000027 -3.5360000000000005 0.22760584640502923 0.854326976776123 0.22054823 0.22754823 "" "" 6.16048307611509 "" 1.3989902013306563 ""
308.33628601727 41.31289732255 0.0408 0.0501 1.0137 "" "" 2067784246289929600 1708.74927 0.5609 0.0531 -2.835 -4.119 0.054 0.063 1.033 "" "" 16.86769 2.284616 18.047539 15.762922 "" "" 1561.4989 1879.32483 3371.87272 2.7341 824.9 6.8209 3926.4 17.22 "" "" 0.00289255059925481 0.009401277 0.006079277 0.015480554 308.33628601727 41.31289732255 1708.74927 -2.835000000000003 -4.119 -0.16039415359497067 0.2713269767761233 0.22454824 0.23354822 "" "" 2.5528708508381466 "" 0.5903544405834968 ""
307.9357242324 41.30146694653 0.045 0.0517 17.1119 "" "" 2067828639071705984 1592.24097 0.5724 0.0594 -2.72 -3.741 0.055 0.068 0.995 "" "" 16.86874 "" "" "" "" "" 1442.8584 1749.91272 3368.60894 4.5617 "" "" "" "" "" "" 0.0031230620297350146 "" "" "" 307.9357242324 41.30146694653 1592.24097 -2.719999999999999 -3.740999999999995 -0.0453941535949709 0.6493269767761229 0.22554824 0.23854823 "" "" 4.912575873129406 "" 1.1715841191439849 ""
308.33112911511 41.62742341487 0.083 0.1044 19.2502 "" "" 2067932920876930176 1703.96167 0.6379 0.109 -2.449 -4.454 0.109 0.134 2.349 7998.9 3.0915 16.868889 2.580875 18.229595 15.64872 "" "" 1343.82373 2341.17212 3368.14876 4.5649 697.56 9.3121 4361.8 11.459 "" "" 0.003123642399896615 0.014760187 0.0047349464 0.019495133 308.33112911511 41.62742341487 1703.96167 -2.449 -4.454000000000005 0.22560584640502945 -0.06367302322387669 0.27954823 0.30454823 "" "" 1.8933500248135808 "" 0.5329184876338138 ""
308.44640138297 41.22124429436 0.0366 0.0456 7.8302 "" "" 2067779916964624000 1251.38086 0.766 0.0497 -0.268 -3.085 0.048 0.056 0.964 7138.2 4.3295 16.869125 1.985914 17.836103 15.850189 "" "" 1174.00745 1328.88306 3367.41554 2.5981 1002.2 10.656 3623.1 18.14 "" "" 0.0028798462321229595 0.011876605 0.00662073 0.018497335 308.44640138297 41.22124429436 1251.38086 -0.26800000000000057 -3.085 2.4066058464050295 1.305326976776123 0.21854824 0.22654822 "" "" 16.239472809821457 "" 3.5790542635301485 ""
307.99622416565 41.20106996995 0.0376 0.0406 15.7293 "" "" 2067824309744625152 1711.54871 0.5419 0.0477 -2.986 -4.027 0.049 0.053 1.015 8996.6 3.2058 16.870575 2.939805 18.559145 15.61934 "" "" 1582.47559 1868.95374 3362.92159 1.9943 514.94 6.2112 4481.5 9.2664 "" "" 0.002829550800878556 0.013390065 0.004395867 0.017785933 307.99622416565 41.20106996995 1711.54871 -2.986 -4.027 -0.3113941535949709 0.3633269767761229 0.21954823 0.22354823 "" "" 3.8820360405539045 "" 0.8612805417140872 ""
308.39522781726 41.30168274205 0.0399 0.0509 3.6153 "" "" 2067784074491221120 1583.02344 0.5925 0.0547 -2.812 -4.061 0.053 0.063 0.946 "" "" 16.873384 2.629784 18.307968 15.678185 "" "" 1475.10144 1747.44739 3354.23181 2.4883 648.98 8.9467 4245.1 14.005 "" "" 0.002870631516386943 0.015225568 0.005207119 0.020432686 308.39522781726 41.30168274205 1583.02344 -2.8120000000000007 -4.061000000000002 -0.13739415359497054 0.3293269767761231 0.22354823 0.23354822 "" "" 2.677545588116428 "" 0.6214394053756565 ""
308.14782561375 40.99166235072 0.0524 0.0643 20.3664 "" "" 2067770055717611008 1483.50781 0.6026 0.0701 -2.241 -4.376 0.07 0.081 0.98 8595.2 3.0584 16.87423 3.250953 18.811852 15.560899 "" "" 1349.74744 1622.7655 3351.61876 2.9029 408.01 6.4592 4729.3 9.576 "" "" 0.0029113737885758596 0.017413262 0.0043722764 0.021785539 308.14782561375 40.99166235072 1483.50781 -2.2410000000000005 -4.376 0.4336058464050292 0.014326976776122713 0.24054822 0.25154823 "" "" 3.0507052312719334 "" 0.733879155251336 ""
308.05384010098 41.27382075522 0.0405 0.0493 11.9526 "" "" 2067824996939682816 1691.66333 0.5533 0.0547 -2.45 -4.452 0.056 0.063 1.08 "" "" 16.874952 2.583366 18.28739 15.704023 "" "" 1531.80273 1893.32666 3349.39291 2.4338 661.4 8.7721 4145.2 10.33 "" "" 0.002866044867413353 0.014667863 0.0046480666 0.01931593 308.05384010098 41.27382075522 1691.66333 -2.4499999999999997 -4.452 0.22460584640502912 -0.06167302322387691 0.22654822 0.23354822 "" "" 1.867658823355515 "" 0.4240445206964263 ""
308.44886121971 41.09486194074 0.0379 0.0471 14.0735 "" "" 2067766963341481472 1674.48853 0.549 0.0513 -3.817 -5.68 0.051 0.059 0.985 8398.7 2.9968 16.878096 3.119639 18.707865 15.588225 "" "" 1562.56116 1802.28613 3339.70758 2.3864 449.03 8.209 4611.8 9.5788 "" "" 0.0028624606375559185 0.020044172 0.0044010435 0.024445215 308.44886121971 41.09486194074 1674.48853 -3.817000000000001 -5.68 -1.1423941535949709 -1.2896730232238767 0.22154823 0.22954823 "" "" 13.67464133736334 "" 3.0913686243854714 ""
308.15412754999 41.4405890699 0.0587 0.0681 10.8212 "" "" 2067836163854842624 1466.56152 0.6833 0.0744 -2.692 -3.864 0.083 0.091 1.335 "" "" 16.88118 2.094281 17.93134 15.837058 "" "" 1274.63708 1672.67297 3330.23274 3.1497 918.08 12.203 3667.2 7.7401 "" "" 0.0029404537119525754 0.014698714 0.0044198525 0.019118566 308.15412754999 41.4405890699 1466.56152 -2.692 -3.8640000000000008 -0.017394153594970874 0.5263269767761232 0.25354823 0.26154822 "" "" 3.66076029740546 "" 0.9574338810190531 ""
307.7860473655 41.30295494416 0.0443 0.0518 23.8562 "" "" 2067838843914045184 1540.64502 0.6089 0.0571 -2.719 -3.39 0.057 0.07 0.987 8568.4 3.4065 16.881588 2.931053 18.557695 15.626642 "" "" 1415.25647 1685.52002 3328.98549 2.5763 515.63 11.662 4451.4 14.252 "" "" 0.002880592017101549 0.024714092 0.0051349415 0.029849034 307.7860473655 41.30295494416 1540.64502 -2.719 -3.39 -0.044394153594970565 1.000326976776123 0.22754823 0.24054822 "" "" 7.312235491118419 "" 1.7587634394149279 ""
308.24578591125 41.18103465607 0.0477 0.0664 8.1721 "" "" 2067781596291477504 1617.10425 0.5667 0.0668 -2.854 -4.12 0.064 0.075 1.075 "" "" 16.881626 3.173005 18.759087 15.586082 "" "" 1451.2312 1748.49231 3328.86367 2.6625 428.33 9.3791 4620.9 9.2509 "" "" 0.002888927352949054 0.023937427 0.004359852 0.028297279 308.24578591125 41.18103465607 1617.10425 -2.8539999999999988 -4.119999999999995 -0.1793941535949708 0.27032697677612294 0.23454824 0.24554823 "" "" 2.4868285778583377 "" 0.6024045653350003 ""
308.22105752643 41.29048190275 0.0401 0.0534 4.3599 "" "" 2067783284217275904 1616.12988 0.5836 0.0557 -2.533 -3.928 0.056 0.062 1.004 8589.1 3.3756 16.883757 2.734445 18.417004 15.682559 "" "" 1510.59778 1760.40991 3322.33737 2.4779 586.97 7.9381 4228.0 11.088 "" "" 0.002871850442673171 0.01494609 0.004731933 0.019678023 308.22105752643 41.29048190275 1616.12988 -2.532999999999999 -3.928 0.14160584640502938 0.4623269767761231 0.22654822 0.23254824 "" "" 3.7040378386548887 "" 0.8594838876455506 ""
308.58256905022 41.48675656578 0.0364 0.0449 16.164 "" "" 2067877842216194560 1544.94165 0.616 0.049 -2.345 -3.498 0.049 0.055 1.038 "" "" 16.88488 2.58895 18.30447 15.71552 "" "" 1426.87122 1669.13196 3318.907 2.1022 651.07 11.608 4101.6 11.958 "" "" 0.0028398468024234355 0.019557761 0.004929861 0.024487622 308.58256905022 41.48675656578 1544.94165 -2.3449999999999998 -3.4979999999999993 0.3296058464050291 0.8923269767761228 0.21954823 0.22554824 "" "" 6.966067927059119 "" 1.5662252111206265 ""
308.12477764651 41.46611951604 0.5425 0.7211 12.8427 "" "" 2067836507449955456 1784.1355 1.2847 0.8037 5.448 9.805 0.764 0.802 11.505 "" "" 16.885962 2.184692 17.469782 15.285089 "" "" 919.531677 3435.04712 3315.5977 9.0179 1404.4 11.726 6097.1 12.373 "" "" 0.00403883365790735 0.009484996 0.0043747355 0.013859732 308.12477764651 41.46611951604 1784.1355 5.448 9.805 8.12260584640503 14.195326976776123 0.93454826 0.97254825 "" "" 138.3104863002205 "" 133.23650724993402 ""
308.70463187699 41.45544207933 0.038 0.0442 19.6657 "" "" 2067882480780833408 1288.24438 0.7408 0.0501 0.47 -3.047 0.05 0.057 0.971 9426.4 3.9768 16.88737 2.527144 18.266495 15.73935 "" "" 1200.82678 1410.28076 3311.30157 2.2065 674.25 7.3638 4012.5 7.4547 "" "" 0.002848722499228078 0.012181677 0.0042839986 0.016465675 308.70463187699 41.45544207933 1288.24438 0.4700000000000001 -3.0469999999999997 3.144605846405029 1.343326976776123 0.22054823 0.22754823 "" "" 20.880501932932532 "" 4.62801552916676 ""
308.14672652513 41.63152028573 0.0414 0.0466 20.9052 "" "" 2067943877335385216 1492.15796 0.6378 0.0551 -5.402 -7.114 0.056 0.055 0.99 "" "" 16.889215 2.324957 18.126266 15.80131 "" "" 1399.27661 1645.36963 3305.67873 2.0002 767.2 7.9039 3790.0 13.019 "" "" 0.0028325575358856443 0.01152829 0.0053097717 0.016838063 308.14672652513 41.63152028573 1492.15796 -5.402000000000001 -7.114000000000002 -2.727394153594971 -2.723673023223877 0.22654822 0.22554824 "" "" 27.26212967301389 "" 6.162589874237184 ""
308.45606713794 41.02168980225 0.06 0.0665 18.2503 "" "" 2067764523795971200 1636.09766 0.5578 0.0794 0.422 0.55 0.087 0.079 0.933 5135.2 2.5813 16.88928 4.174969 19.621092 15.446123 "" "" 1467.68713 1907.48218 3305.48171 3.2729 193.63 8.7513 5256.6 13.883 "" "" 0.002957615245999963 0.049150188 0.0047440757 0.053894263 308.45606713794 41.02168980225 1636.09766 0.42200000000000004 0.5500000000000003 3.0966058464050294 4.940326976776123 0.2575482 0.24954823 "" "" 45.21683787449426 "" 11.386977199466703 ""
308.57391788593 41.67685304783 0.0417 0.0454 25.061 "" "" 2067888837332533760 1375.547 0.689 0.0519 -3.434 -3.71 0.052 0.053 0.953 "" "" 16.892368 2.356165 18.142456 15.786291 "" "" 1270.42554 1487.33179 3296.09134 2.3011 755.85 7.3474 3842.7 11.486 "" "" 0.002857679226914089 0.0109167155 0.0049815443 0.01589826 308.57391788593 41.67685304783 1375.547 -3.434 -3.71 -0.7593941535949709 0.6803269767761231 0.22254823 0.22354823 "" "" 6.647695123459038 "" 1.482396345463641 ""
308.81699384159 41.25715164172 0.0403 0.046 22.8155 "" "" 2067865056097905024 1443.04456 0.6587 0.0516 -4.014 -4.295 0.053 0.06 1.034 6825.5 3.9007 16.894764 2.898782 18.545116 15.646335 "" "" 1326.59473 1575.60828 3288.82958 2.5066 521.64 11.523 4371.4 12.503 "" "" 0.0028768985859838453 0.024145605 0.0048915497 0.029037155 308.81699384159 41.25715164172 1443.04456 -4.014000000000001 -4.294999999999998 -1.339394153594971 0.09532697677612312 0.22354823 0.23054823 "" "" 9.184671893560534 "" 2.053546251672625 ""
