Clusters/Bica_2/Bica_2_members.tsv
# %ECSV 1.0
# ---
# datatype:
# - name: RA_ICRS_1
#   unit: deg
#   datatype: float64
#   format: '{:15.11f}'
#   description: Right ascension (ICRS) at Ep=2016.0 (ra)
#   meta: !!omap
#   - {ucd: POS_EQ_RA_MAIN}
#   - {width: 15}
#   - {precision: '11'}
# - name: DE_ICRS_1
#   unit: deg
#   datatype: float64
#   format: '{:15.11f}'
#   description: Declination (ICRS) at Ep=2016.0 (dec)
#   meta: !!omap
#   - {ucd: POS_EQ_DEC_MAIN}
#   - {width: 15}
#   - {precision: '11'}
# - name: e_RA_ICRS
#   unit: mas
#   datatype: float64
#   format: '{:7.4f}'
#   description: Standard error of right ascension (ra_error)
#   meta: !!omap
#   - {ucd: ERROR}
#   - {width: 7}
#   - {precision: '4'}
# - name: e_DE_ICRS
#   unit: mas
#   datatype: float64
#   format: '{:7.4f}'
#   description: Standard error of declination (dec_error)
#   meta: !!omap
#   - {ucd: ERROR}
#   - {width: 7}
#   - {precision: '4'}
# - name: _r_1
#   unit: ''
#   datatype: float64
#   format: '{:7.4f}'
#   description: Distance from center (308.31530763000+41.30680590000)[ICRS], at Epoch=J2016.0
#   meta: !!omap
#   - {ucd: POS_ANG_DIST_GENERAL}
#   - {width: 7}
#   - {precision: '4'}
# - name: HIP
#   datatype: int32
#   description: '? HIP cross-id number, van Leeuwen, Cat. I/311 (hip_original_ext_source_id)'
#   meta: !!omap
#   - {ucd: ID_NUMBER}
#   - {width: 6}
#   - values: {'null': -2147483648}
# - name: TYC2
#   datatype: string
#   description: Tycho-2 cross-id name, Hog et al., Cat. I/259 (tyc2_original_ext_source_id)
#   meta: !!omap
#   - {ucd: ID_CROSSID}
#   - {_votable_string_dtype: char}
# - name: Source
#   datatype: int64
#   description: Source identifier, identical to the Gaia-EDR3 source_id (id)
#   meta: !!omap
#   - {ucd: ID_MAIN}
#   - {width: 19}
# - name: rgeo
#   unit: pc
#   datatype: float64
#   format: '{:15.8f}'
#   description: '? Median of the geometric distance posterior (r_med_geo)'
#   meta: !!omap
#   - {ucd: PHYS_DISTANCE_TRUE}
#   - {width: 15}
#   - {precision: '8'}
#   - values: {'null': .nan}
# - name: Plx
#   unit: mas
#   datatype: float64
#   format: '{:9.4f}'
#   description: '? Parallax (parallax)'
#   meta: !!omap
#   - {ucd: POS_PARLX_TRIG}
#   - {width: 9}
#   - {precision: '4'}
#   - values: {'null': .nan}
# - name: e_Plx
#   unit: mas
#   datatype: float32
#   format: '{:7.4f}'
#   description: '? Standard error of parallax (parallax_error)'
#   meta: !!omap
#   - {ucd: ERROR}
#   - {width: 7}
#   - {precision: '4'}
#   - values: {'null': .nan}
# - name: pmRA
#   unit: mas / yr
#   datatype: float64
#   format: '{:9.3f}'
#   description: '? Proper motion in right ascension direction, pmRA*cosDE (pmra)'
#   meta: !!omap
#   - {ucd: POS_EQ_PMRA}
#   - {width: 9}
#   - {precision: '3'}
#   - values: {'null': .nan}
# - name: pmDE
#   unit: mas / yr
#   datatype: float64
#   format: '{:9.3f}'
#   description: '? Proper motion in declination direction (pmdec)'
#   meta: !!omap
#   - {ucd: POS_EQ_PMDEC}
#   - {width: 9}
#   - {precision: '3'}
#   - values: {'null': .nan}
# - name: e_pmRA
#   unit: mas / yr
#   datatype: float32
#   format: '{:6.3f}'
#   description: '? Standard error of proper motion in right ascension direction (pmra_error)'
#   meta: !!omap
#   - {ucd: ERROR}
#   - {width: 6}
#   - {precision: '3'}
#   - values: {'null': .nan}
# - name: e_pmDE
[...]
#         unit: &id001 !astropy.units.Unit {unit: deg}
#         value: !astropy.table.SerializedColumn {name: SkyCoord.dec}
#       distance: !astropy.table.SerializedColumn
#         __class__: astropy.coordinates.distances.Distance
#         unit: !astropy.units.Unit {unit: pc}
#         value: !astropy.table.SerializedColumn {name: SkyCoord.distance}
#       frame: icrs
#       obstime: !astropy.time.Time {format: jyear_str, in_subfmt: '*', jd1: 367701545.0, jd2: 0.0, out_subfmt: '*', precision: 3, scale: tt}
#       pm_dec: !astropy.table.SerializedColumn
#         __class__: astropy.units.quantity.Quantity
#         unit: !astropy.units.Unit {unit: mas / yr}
#         value: !astropy.table.SerializedColumn {name: SkyCoord.pm_dec}
#       pm_ra_cosdec: !astropy.table.SerializedColumn
#         __class__: astropy.units.quantity.Quantity
#         unit: !astropy.units.Unit {unit: mas / yr}
#         value: !astropy.table.SerializedColumn {name: SkyCoord.pm_ra_cosdec}
#       ra: !astropy.table.SerializedColumn
#         __class__: astropy.coordinates.angles.Longitude
#         unit: *id001
#         value: !astropy.table.SerializedColumn {name: SkyCoord.ra}
#         wrap_angle: !astropy.coordinates.Angle
#           unit: *id001
#           value: 360.0
#       representation_type: spherical
# schema: astropy-2.0
RA_ICRS_1 DE_ICRS_1 e_RA_ICRS e_DE_ICRS _r_1 HIP TYC2 Source rgeo Plx e_Plx pmRA pmDE e_pmRA e_pmDE RUWE Teff logg Gmag BP-RP BPmag RPmag RV e_RV b_rgeo B_rgeo FG e_FG FBP e_FBP FRP e_FRP RAVE5 RAVE6 e_Gmag e_BPmag e_RPmag e_BP-RP SkyCoord.ra SkyCoord.dec SkyCoord.distance SkyCoord.pm_ra_cosdec SkyCoord.pm_dec Pmemb
308.31280972749 41.31400377589 0.0145 0.0178 0.4463 101425 3161-1325-1 2067784624247057920 1593.54834 0.6058 0.0191 -2.664 -4.106 0.018 0.019 1.14 "" "" 8.429846 1.769661 9.271031 7.501371 -7.85 12.15 1538.4635 1649.51624 7998500.41458 3112.0 2673000.0 2481.8 7917900.0 4829.3 "" "" 0.002787514481627316 0.0029666917 0.003836959 0.0068036504 308.31280972749 41.31400377589 1593.54834 -2.6639999999999993 -4.106 0.97
308.32490974999 41.30864567108 0.0095 0.0116 0.4466 "" 3161-1340-1 2067784246289931776 1607.5592 0.5932 0.0125 -2.631 -4.4 0.012 0.014 0.972 "" "" 9.484826 1.797776 10.349748 8.551971 28.06 5.98 1562.87927 1644.43872 3027027.64441 1199.9 989730.0 868.54 3008600.0 2960.7 "" "" 0.0027887303732535775 0.0029483652 0.003927507 0.006875872 308.32490974999 41.30864567108 1607.5592 -2.630999999999999 -4.4 1.0
308.31146905322 41.31157741298 0.0112 0.0132 0.3345 "" 3161-1456-1 2067784619950644480 1587.73511 0.6044 0.0147 -2.524 -4.484 0.014 0.016 1.148 "" "" 9.664779 1.937667 10.62126 8.683593 32.36 7.19 1551.24719 1625.87732 2564691.92015 1214.2 770750.0 879.62 2665100.0 2408.4 "" "" 0.0028028565962762066 0.0030529352 0.003904664 0.006957599 308.31146905322 41.31157741298 1587.73511 -2.524 -4.484 1.0
308.30877378415 41.33939781864 0.0105 0.013 1.9776 "" 3161-1335-1 2067785070923663104 1633.01099 0.5832 0.0138 -2.735 -4.498 0.014 0.016 1.091 "" "" 9.743243 1.977927 10.727723 8.749796 "" "" 1596.79956 1662.73438 2385884.25363 781.67 698760.0 499.88 2507500.0 1963.8 "" "" 0.002778186521361616 0.0028962623 0.0038738567 0.006770119 308.30877378415 41.33939781864 1633.01099 -2.735 -4.497999999999999 1.0
308.31805308327 41.31716882253 0.011 0.0135 0.634 "" "" 2067785002204178688 1617.11035 0.5936 0.0143 -2.612 -4.709 0.015 0.017 0.977 "" "" 11.262936 1.946895 12.230119 10.283224 "" "" 1581.64307 1649.43091 588535.20736 215.23 175130.0 161.37 610760.0 207.63 "" "" 0.002783782491598923 0.0029641031 0.0037973626 0.0067614657 308.31805308327 41.31716882253 1617.11035 -2.612000000000001 -4.709 1.0
308.40412759678 41.26979399533 0.0149 0.0193 4.5789 "" "" 2067781016474500864 1753.09814 0.5465 0.0201 -2.387 -4.216 0.02 0.024 1.43 "" "" 11.450368 2.223272 12.607429 10.384156 "" "" 1699.13318 1811.77673 495221.40037 175.53 123720.0 142.65 556540.0 257.21 "" "" 0.0027820655158807394 0.0030581374 0.0038125468 0.006870684 308.40412759678 41.26979399533 1753.09814 -2.387 -4.216 0.95
308.26212227557 41.29530202821 0.0117 0.0148 2.4947 "" "" 2067784516868550016 1758.86804 0.5482 0.0156 -2.662 -4.625 0.015 0.018 1.009 "" "" 11.755434 2.523143 13.132122 10.608979 "" "" 1707.00562 1807.42468 373915.26557 112.43 76308.0 85.299 452450.0 241.83 "" "" 0.0027745931538862246 0.0030427005 0.0038236752 0.006866376 308.26212227557 41.29530202821 1758.86804 -2.6619999999999986 -4.625 1.0
308.31543567243 41.33808453669 0.009 0.0109 1.8767 "" "" 2067785070923661440 1604.65393 0.5998 0.0116 -2.634 -4.366 0.012 0.013 1.028 "" "" 11.776769 1.937176 12.735377 10.798202 "" "" 1576.42261 1635.33325 366639.55168 61.894 109970.0 74.387 380080.0 95.845 "" "" 0.0027614097521431007 0.0028852085 0.0037892861 0.0066744946 308.31543567243 41.33808453669 1604.65393 -2.6340000000000003 -4.366 1.0
308.33755337097 41.29445745085 0.0088 0.0111 1.2468 "" "" 2067784173274044928 1675.83618 0.5784 0.0117 -2.608 -4.619 0.012 0.014 1.034 "" "" 11.872807 2.032015 12.896961 10.864946 "" "" 1640.33203 1712.13025 335601.6873 87.51 94762.0 77.131 357420.0 103.04 "" "" 0.0027698270075361664 0.0029267771 0.003792321 0.0067190984 308.33755337097 41.29445745085 1675.83618 -2.608 -4.619 1.0
308.2484493598 41.25405833287 0.0135 0.017 4.3708 "" "" 2067782936320586240 1856.92334 0.5332 0.0181 -2.74 -4.358 0.017 0.02 1.217 "" "" 12.162325 2.642824 13.630044 10.98722 "" "" 1803.40137 1923.05859 257049.4397 65.916 48239.0 51.453 319350.0 137.49 "" "" 0.002769351260309866 0.0030209578 0.0038081794 0.006829137 308.2484493598 41.25405833287 1856.92334 -2.7399999999999998 -4.357999999999999 1.0
308.39304662577 41.30315500846 0.0104 0.013 3.5107 "" "" 2067784035835091072 1706.65564 0.578 0.0137 -2.85 -4.326 0.014 0.016 1.103 24571.9 3.5102 12.184132 2.470575 13.520648 11.050073 "" "" 1664.61914 1747.17761 251938.18903 298.09 53353.0 199.59 301390.0 968.36 "" "" 0.003040075818014608 0.0049276953 0.005143248 0.010070943 308.39304662577 41.30315500846 1706.65564 -2.8499999999999996 -4.325999999999999 1.0
308.34723146134 41.33808883941 0.0124 0.0158 2.3648 "" "" 2067784383729101696 1707.18066 0.5722 0.0166 -2.69 -4.522 0.016 0.019 1.273 "" "" 12.946031 2.001885 13.947463 11.945579 "" "" 1669.20239 1749.41089 124891.91655 30.89 36011.0 32.163 132110.0 52.97 "" "" 0.0027683754726948563 0.002953879 0.003804371 0.0067582503 308.34723146134 41.33808883941 1707.18066 -2.69 -4.522 1.0
308.3818157927 41.36275160754 0.0085 0.0115 4.4995 "" "" 2067878254533644288 1724.44604 0.552 0.0113 -2.715 -4.173 0.012 0.015 1.023 "" "" 13.067839 1.791657 13.929241 12.137584 "" "" 1690.53589 1755.54675 111637.83548 35.704 36620.0 31.392 110690.0 55.59 "" "" 0.002777114513090493 0.0029413113 0.0038185138 0.006759825 308.3818157927 41.36275160754 1724.44604 -2.714999999999999 -4.173 1.0
308.26837788384 41.28580173813 0.0097 0.0117 2.4624 "" "" 2067784521167847424 1604.91333 0.5853 0.0126 -2.618 -4.51 0.012 0.013 1.187 "" "" 13.122765 2.307028 14.338314 12.031286 "" "" 1569.02856 1641.08032 106130.70072 27.728 25124.0 22.144 122080.0 47.8 "" "" 0.0027698833518853988 0.0029497137 0.003803216 0.0067529297 308.26837788384 41.28580173813 1604.91333 -2.6180000000000008 -4.510000000000002 1.0
308.29921015252 41.40148404689 0.0088 0.0102 5.7268 "" "" 2067832418643353344 1657.21814 0.5655 0.0108 -2.753 -4.327 0.012 0.012 1.057 "" "" 13.223475 2.24199 14.391208 12.149218 "" "" 1627.18701 1685.05078 96728.95456 49.359 23930.0 33.732 109510.0 152.88 "" "" 0.002810469691021656 0.0031823537 0.004071997 0.007254351 308.29921015252 41.40148404689 1657.21814 -2.7530000000000006 -4.327000000000001 1.0
308.27159947163 41.29754713584 0.0082 0.0107 2.0469 "" "" 2067784555527587072 1646.2832 0.5756 0.0111 -2.736 -4.345 0.011 0.013 1.066 "" "" 13.26842 2.116824 14.349006 12.232182 "" "" 1617.58936 1680.27661 92806.56173 23.653 24878.0 32.092 101460.0 32.009 "" "" 0.0027691804379011233 0.0031219628 0.0037948722 0.006916835 308.27159947163 41.29754713584 1646.2832 -2.736 -4.345000000000001 1.0
308.35306739611 41.36788991626 0.0094 0.0115 4.0406 "" "" 2067785174003089664 1678.32141 0.5634 0.0114 -2.676 -4.382 0.013 0.014 1.056 "" "" 13.366503 1.91992 14.311792 12.391872 "" "" 1648.23901 1709.11523 84790.16381 36.316 25745.0 31.807 87581.0 76.133 "" "" 0.0027942867075215444 0.003095863 0.003895448 0.006991311 308.35306739611 41.36788991626 1678.32141 -2.676 -4.382 1.0
308.34678621657 41.22832158439 0.0096 0.013 4.9184 "" "" 2067780432358951296 1586.4292 0.5876 0.0131 -2.715 -4.318 0.012 0.016 1.129 "" "" 13.374794 2.579519 14.791797 12.212277 "" "" 1559.02148 1618.36536 84145.14842 26.996 16546.0 17.587 103330.0 44.284 "" "" 0.002777251392322765 0.0030194153 0.0038079184 0.006827334 308.34678621657 41.22832158439 1586.4292 -2.7149999999999994 -4.317999999999998 1.0
308.34352120884 41.37135058969 0.0098 0.0113 4.0759 "" "" 2067785242722566784 1592.52051 0.5922 0.0119 -2.82 -4.381 0.013 0.013 1.08 "" "" 13.473519 1.967696 14.449592 12.481895 "" "" 1564.073 1629.302 76831.46146 19.567 22677.0 21.485 80612.0 31.699 "" "" 0.0027691599245686558 0.0029737519 0.0038034206 0.0067771724 308.34352120884 41.37135058969 1592.52051 -2.8200000000000003 -4.381 1.0
308.32719690548 41.25974459154 0.01 0.0125 2.8741 "" "" 2067783559095152768 1666.98364 0.5539 0.0135 -2.604 -4.31 0.013 0.016 1.088 33804.2 4.1182 13.558911 3.001449 15.305485 12.304036 "" "" 1623.92969 1711.07605 71020.26765 317.09 10309.0 95.517 94961.0 1205.9 "" "" 0.005575909894802674 0.01043955 0.014296262 0.024735812 308.32719690548 41.25974459154 1666.98364 -2.604 -4.31 1.0
308.20128354019 41.29587175023 0.0095 0.0118 5.1813 "" "" 2067830116540864640 1641.31592 0.57 0.0126 -2.614 -4.448 0.013 0.014 1.096 "" "" 13.587655 2.565517 14.996053 12.430536 "" "" 1609.20032 1672.74963 69164.722 22.794 13709.0 14.375 84517.0 36.265 "" "" 0.002778456759071639 0.0030135014 0.003807987 0.0068214885 308.20128354019 41.29587175023 1641.31592 -2.614 -4.448 1.0
308.29737625487 41.2995791666 0.0092 0.0129 0.9172 "" "" 2067784589887320576 1579.39355 0.6002 0.013 -2.574 -4.282 0.012 0.015 1.148 "" "" 13.588475 2.014336 14.598694 12.584358 "" "" 1543.43066 1609.87891 69112.50516 20.102 19767.0 19.876 73353.0 23.172 "" "" 0.002773358371853702 0.0029961488 0.0037949127 0.0067910617 308.29737625487 41.2995791666 1579.39355 -2.5740000000000007 -4.282000000000002 1.0
308.24896553006 41.23878610674 0.0134 0.0172 5.0603 "" "" 2067782837540661248 1644.90808 0.5701 0.018 -2.354 -4.122 0.018 0.02 1.377 "" "" 13.945592 2.634585 15.399223 12.764638 "" "" 1595.20398 1684.89978 49740.46997 79.705 9456.4 62.254 62130.0 201.62 "" "" 0.0032586351275108996 0.0076729734 0.005166988 0.012839962 308.24896553006 41.23878610674 1644.90808 -2.354 -4.122 1.0
308.32974381456 41.29581080628 0.0101 0.0134 0.9266 "" "" 2067783799613328768 1612.27539 0.5808 0.0135 -2.722 -4.24 0.013 0.018 1.078 "" "" 13.949847 2.152044 15.054618 12.902574 "" "" 1571.85132 1654.05469 49545.92014 15.868 12989.0 12.905 54718.0 26.709 "" "" 0.0027771754687101135 0.0029914335 0.003816359 0.0068077925 308.32974381456 41.29581080628 1612.27539 -2.7220000000000004 -4.24 1.0
308.28813472445 41.22869624495 0.0166 0.0214 4.8441 "" "" 2067782150345882112 1807.10083 0.504 0.0231 -2.377 -4.344 0.021 0.024 1.57 "" "" 14.084291 2.673504 15.573358 12.899854 -253.46 10.28 1733.86145 1889.38013 43775.3903 17.509 8055.2 16.61 54855.0 29.591 "" "" 0.0027893325700438687 0.0035773353 0.0038244945 0.0074018296 308.28813472445 41.22869624495 1807.10083 -2.3770000000000002 -4.344 0.93
308.29517695368 41.22771845356 0.0121 0.0153 4.8313 "" "" 2067781944187450240 1594.41089 0.5856 0.0161 -2.548 -4.531 0.015 0.018 1.074 "" "" 14.206029 2.698294 15.713964 13.015671 -85.73 11.02 1560.42737 1627.6731 39132.28141 14.032 7076.7 13.01 49305.0 29.976 "" "" 0.0027826894991727505 0.0034306345 0.003836594 0.0072672283 308.29517695368 41.22771845356 1594.41089 -2.548 -4.530999999999998 1.0
308.2631664694 41.35953252818 0.0114 0.0152 3.9404 "" "" 2067831903247069952 1622.00916 0.58 0.0154 -2.713 -4.048 0.015 0.018 1.06 "" "" 14.216613 2.19916 15.355173 13.156014 -71.4 7.81 1581.00073 1672.44531 38752.67749 11.525 9848.0 12.472 43326.0 23.728 "" "" 0.002774175849189952 0.003110588 0.003825872 0.00693646 308.2631664694 41.35953252818 1622.00916 -2.7130000000000005 -4.048 0.99
308.35678557461 41.25687388258 0.0116 0.0151 3.5317 "" "" 2067783524735406336 1655.20239 0.5697 0.0158 -2.636 -4.481 0.015 0.019 1.105 8555.5 3.064 14.235859 2.399857 15.518417 13.118561 "" "" 1611.15308 1694.43005 38071.77176 15.195 8473.2 14.962 44847.0 26.015 "" "" 0.0027891875202621656 0.0033853636 0.0038315007 0.0072168643 308.35678557461 41.25687388258 1655.20239 -2.6359999999999992 -4.481000000000002 1.0
308.33988469997 41.38834177425 0.0251 0.0297 5.0158 "" "" 2067785448881002240 1676.76465 0.5667 0.0316 -2.704 -4.272 0.035 0.036 2.074 "" "" 14.309102 2.104247 15.374546 13.270299 "" "" 1607.20703 1750.87805 35588.1809 11.882 9673.8 13.076 38998.0 26.134 "" "" 0.002779063813424168 0.003152593 0.003848781 0.007001374 308.33988469997 41.38834177425 1676.76465 -2.703999999999999 -4.272 1.0
308.32616271717 41.29427032467 0.0126 0.0151 0.8973 "" "" 2067783868332806016 1661.5249 0.5612 0.0161 -2.502 -4.301 0.017 0.018 1.031 "" "" 14.357052 2.254833 15.533147 13.278314 "" "" 1626.76111 1703.15417 34050.68842 21.824 8359.1 17.635 38711.0 78.124 "" "" 0.002841836512423924 0.0036099418 0.004368629 0.007978571 308.32616271717 41.29427032467 1661.5249 -2.501999999999999 -4.301 1.0
308.29063542379 41.22818643802 0.0122 0.0157 4.8466 "" "" 2067781944187451264 1625.57959 0.5757 0.0166 -2.843 -4.542 0.015 0.019 1.047 8365.4 3.0057 14.364437 2.602749 15.800612 13.197863 "" "" 1571.66772 1668.25415 33819.88075 12.085 6533.9 14.144 41688.0 28.452 "" "" 0.0027825007882157655 0.0036481472 0.003851341 0.007499488 308.29063542379 41.22818643802 1625.57959 -2.8430000000000004 -4.542 1.0
308.33544022593 41.28908886342 0.0134 0.0156 1.3977 "" "" 2067783799613326208 1585.89038 0.5997 0.0174 -2.762 -4.451 0.018 0.021 0.981 "" "" 14.367305 2.167561 15.48254 13.31498 "" "" 1535.02966 1629.10901 33730.6617 11.772 8757.9 20.041 37425.0 28.533 "" "" 0.002781253531554353 0.0037360303 0.0038689703 0.0076050004 308.33544022593 41.28908886342 1585.89038 -2.762 -4.451 1.0
308.3225096787 41.24833048328 0.0129 0.0167 3.5235 "" "" 2067783456015936256 1649.66809 0.5682 0.0172 -2.367 -4.411 0.017 0.021 1.144 "" "" 14.374421 2.446376 15.691921 13.245545 "" "" 1599.2002 1704.52173 33510.29148 13.089 7221.9 16.577 39897.0 26.049 "" "" 0.002787765629864421 0.0037411216 0.0038452884 0.0075864103 308.3225096787 41.24833048328 1649.66809 -2.3670000000000004 -4.411 0.97
308.19658566043 41.29721933743 0.0152 0.0181 5.3822 "" "" 2067830185260341504 1653.19434 0.5635 0.019 -2.968 -4.259 0.02 0.022 1.156 "" "" 14.545799 2.593438 15.972817 13.379379 "" "" 1594.32629 1706.64197 28617.20151 13.699 5575.6 12.559 35270.0 33.882 "" "" 0.002803911359290835 0.0037102657 0.003920662 0.007630928 308.19658566043 41.29721933743 1653.19434 -2.968 -4.259 1.0
308.3898151142 41.36447155679 0.0148 0.0188 4.8206 "" "" 2067878215875146752 1572.62891 0.6043 0.0194 -2.435 -4.629 0.02 0.023 1.158 "" "" 14.565299 1.963184 15.52374 13.560555 "" "" 1527.07288 1611.40234 28107.8268 10.267 8431.8 12.791 29849.0 36.957 "" "" 0.002783715536153024 0.0032400375 0.004011337 0.0072513744 308.3898151142 41.36447155679 1572.62891 -2.435 -4.629 1.0
308.33163580599 41.31842939479 0.0141 0.0178 1.0138 "" "" 2067784241993109376 1508.05444 0.627 0.0187 -2.595 -4.354 0.018 0.022 1.066 "" "" 14.588334 2.064713 15.630137 13.565424 "" "" 1471.35168 1554.4989 27517.75968 9.9006 7644.7 12.779 29716.0 27.653 "" "" 0.002782873739034119 0.003328518 0.003912104 0.007240622 308.33163580599 41.31842939479 1508.05444 -2.5950000000000006 -4.354000000000001 1.0
308.35227958258 41.30968528732 0.0134 0.0178 1.6753 "" "" 2067784211930187392 1646.07825 0.5761 0.0182 -2.587 -4.486 0.018 0.022 1.056 "" "" 14.653529 2.035569 15.674256 13.638687 "" "" 1597.57202 1687.04211 25914.02664 9.9801 7340.3 18.367 27777.0 17.957 "" "" 0.0027868678722776192 0.0038943226 0.0038440065 0.007738329 308.35227958258 41.30968528732 1646.07825 -2.5870000000000006 -4.486 1.0
308.25529870867 41.26674159456 0.0139 0.0189 3.6192 "" "" 2067783043699299968 1583.16223 0.5904 0.0194 -2.705 -4.425 0.019 0.022 1.067 "" "" 14.703869 2.49681 16.059637 13.562827 "" "" 1536.5321 1638.78223 24739.98182 8.8009 5147.1 8.5115 29787.0 15.172 "" "" 0.0027822593641875335 0.0033179221 0.003819628 0.00713755 308.25529870867 41.26674159456 1583.16223 -2.7049999999999996 -4.425 1.0
308.26993732865 41.22757953605 0.0135 0.0177 5.1752 "" "" 2067782115986147840 1640.63135 0.5716 0.0185 -2.977 -4.147 0.017 0.02 1.012 "" "" 14.704422 2.594088 16.121511 13.527424 "" "" 1595.39624 1688.03003 24727.3649 9.2388 4862.0 17.39 30774.0 68.756 "" "" 0.0027850223186772377 0.004781801 0.0044908933 0.009272695 308.26993732865 41.22757953605 1640.63135 -2.977 -4.147 1.0
308.31797040351 41.22096221991 0.0144 0.0186 5.152 "" "" 2067783352936716544 1608.33936 0.5832 0.0197 -2.683 -4.386 0.019 0.022 1.057 "" "" 14.784246 2.62361 16.231989 13.608378 37.46 10.64 1554.89697 1661.21313 22974.63814 14.753 4391.6 12.587 28563.0 51.172 "" "" 0.0028421601141026534 0.0041795797 0.0042505683 0.008430148 308.31797040351 41.22096221991 1608.33936 -2.683 -4.386 1.0
