Clusters/Bica_2/Bica_2_stars_in_region.tsv
# %ECSV 1.0
# ---
# datatype:
# - name: RA_ICRS_1
#   unit: deg
#   datatype: float64
#   format: '{:15.11f}'
#   description: Right ascension (ICRS) at Ep=2016.0 (ra)
#   meta: !!omap
#   - {ucd: POS_EQ_RA_MAIN}
#   - {width: 15}
#   - {precision: '11'}
# - name: DE_ICRS_1
#   unit: deg
#   datatype: float64
#   format: '{:15.11f}'
#   description: Declination (ICRS) at Ep=2016.0 (dec)
#   meta: !!omap
#   - {ucd: POS_EQ_DEC_MAIN}
#   - {width: 15}
#   - {precision: '11'}
# - name: e_RA_ICRS
#   unit: mas
#   datatype: float64
#   format: '{:7.4f}'
#   description: Standard error of right ascension (ra_error)
#   meta: !!omap
#   - {ucd: ERROR}
#   - {width: 7}
#   - {precision: '4'}
# - name: e_DE_ICRS
#   unit: mas
#   datatype: float64
#   format: '{:7.4f}'
#   description: Standard error of declination (dec_error)
#   meta: !!omap
#   - {ucd: ERROR}
#   - {width: 7}
#   - {precision: '4'}
# - name: _r_1
#   unit: ''
#   datatype: float64
#   format: '{:7.4f}'
#   description: Distance from center (308.31530763000+41.30680590000)[ICRS], at Epoch=J2016.0
#   meta: !!omap
#   - {ucd: POS_ANG_DIST_GENERAL}
#   - {width: 7}
#   - {precision: '4'}
# - name: HIP
#   datatype: int32
#   description: '? HIP cross-id number, van Leeuwen, Cat. I/311 (hip_original_ext_source_id)'
#   meta: !!omap
#   - {ucd: ID_NUMBER}
#   - {width: 6}
#   - values: {'null': -2147483648}
# - name: TYC2
#   datatype: string
#   description: Tycho-2 cross-id name, Hog et al., Cat. I/259 (tyc2_original_ext_source_id)
#   meta: !!omap
#   - {ucd: ID_CROSSID}
#   - {_votable_string_dtype: char}
# - name: Source
#   datatype: int64
#   description: Source identifier, identical to the Gaia-EDR3 source_id (id)
#   meta: !!omap
#   - {ucd: ID_MAIN}
#   - {width: 19}
# - name: rgeo
#   unit: pc
#   datatype: float64
#   format: '{:15.8f}'
#   description: '? Median of the geometric distance posterior (r_med_geo)'
#   meta: !!omap
#   - {ucd: PHYS_DISTANCE_TRUE}
#   - {width: 15}
#   - {precision: '8'}
#   - values: {'null': .nan}
# - name: Plx
#   unit: mas
#   datatype: float64
#   format: '{:9.4f}'
#   description: '? Parallax (parallax)'
#   meta: !!omap
#   - {ucd: POS_PARLX_TRIG}
#   - {width: 9}
#   - {precision: '4'}
#   - values: {'null': .nan}
# - name: e_Plx
#   unit: mas
#   datatype: float32
#   format: '{:7.4f}'
#   description: '? Standard error of parallax (parallax_error)'
#   meta: !!omap
#   - {ucd: ERROR}
#   - {width: 7}
#   - {precision: '4'}
#   - values: {'null': .nan}
# - name: pmRA
#   unit: mas / yr
#   datatype: float64
#   format: '{:9.3f}'
#   description: '? Proper motion in right ascension direction, pmRA*cosDE (pmra)'
#   meta: !!omap
#   - {ucd: POS_EQ_PMRA}
#   - {width: 9}
#   - {precision: '3'}
#   - values: {'null': .nan}
# - name: pmDE
#   unit: mas / yr
#   datatype: float64
#   format: '{:9.3f}'
#   description: '? Proper motion in declination direction (pmdec)'
#   meta: !!omap
#   - {ucd: POS_EQ_PMDEC}
#   - {width: 9}
#   - {precision: '3'}
#   - values: {'null': .nan}
# - name: e_pmRA
#   unit: mas / yr
#   datatype: float32
#   format: '{:6.3f}'
#   description: '? Standard error of proper motion in right ascension direction (pmra_error)'
#   meta: !!omap
#   - {ucd: ERROR}
#   - {width: 6}
#   - {precision: '3'}
#   - values: {'null': .nan}
# - name: e_pmDE
[...]
#         value: !astropy.table.SerializedColumn {name: SkyCoord.dec}
#       distance: !astropy.table.SerializedColumn
#         __class__: astropy.coordinates.distances.Distance
#         unit: !astropy.units.Unit {unit: pc}
#         value: !astropy.table.SerializedColumn {name: SkyCoord.distance}
#       frame: icrs
#       obstime: !astropy.time.Time {format: jyear_str, in_subfmt: '*', jd1: 367701545.0, jd2: 0.0, out_subfmt: '*', precision: 3, scale: tt}
#       pm_dec: !astropy.table.SerializedColumn
#         __class__: astropy.units.quantity.Quantity
#         unit: !astropy.units.Unit {unit: mas / yr}
#         value: !astropy.table.SerializedColumn {name: SkyCoord.pm_dec}
#       pm_ra_cosdec: !astropy.table.SerializedColumn
#         __class__: astropy.units.quantity.Quantity
#         unit: !astropy.units.Unit {unit: mas / yr}
#         value: !astropy.table.SerializedColumn {name: SkyCoord.pm_ra_cosdec}
#       ra: !astropy.table.SerializedColumn
#         __class__: astropy.coordinates.angles.Longitude
#         unit: *id001
#         value: !astropy.table.SerializedColumn {name: SkyCoord.ra}
#         wrap_angle: !astropy.coordinates.Angle
#           unit: *id001
#           value: 360.0
#       representation_type: spherical
# schema: astropy-2.0
RA_ICRS_1 DE_ICRS_1 e_RA_ICRS e_DE_ICRS _r_1 HIP TYC2 Source rgeo Plx e_Plx pmRA pmDE e_pmRA e_pmDE RUWE Teff logg Gmag BP-RP BPmag RPmag RV e_RV b_rgeo B_rgeo FG e_FG FBP e_FBP FRP e_FRP RAVE5 RAVE6 e_Gmag e_BPmag e_RPmag e_BP-RP SkyCoord.ra SkyCoord.dec SkyCoord.distance SkyCoord.pm_ra_cosdec SkyCoord.pm_dec rmRA rmDE e_rmRA e_rmDE rRV e_rRV v_pec v_pec3d e_vpec e_vpec3d
[from data line 814]
308.62205678172 41.39896460748 0.0312 0.0377 14.8812 "" "" 2067876364747901184 1829.36475 0.5067 0.0419 -1.524 -5.703 0.042 0.044 1.098 "" "" 16.240686 2.366471 17.493208 15.126737 "" "" 1664.302 2000.75879 6007.20291 3.01 1374.5 9.0981 7054.5 10.488 "" "" 0.0028085142207449057 0.0077093374 0.004109658 0.011818996 308.62205678172 41.39896460748 1829.36475 -1.5240000000000031 -5.702999999999998 1.1506058464050293 -1.3126730232238772 0.21254823 0.21454823 "" "" 15.136141539190165 "" 3.234314148610667 ""
308.52770245203 41.04332589811 0.0285 0.0319 18.4913 "" "" 2067762938955278720 1450.53528 0.6531 0.0377 -2.417 -4.749 0.04 0.04 0.939 6953.7 2.8166 16.241476 2.748913 17.784163 15.03525 "" "" 1372.6825 1542.42517 6002.83294 3.4763 1051.4 11.831 7674.6 17.949 "" "" 0.0028261509626107636 0.012531928 0.0045531983 0.017085126 308.52770245203 41.04332589811 1450.53528 -2.4170000000000007 -4.749000000000002 0.2576058464050295 -0.3586730232238766 0.21054822 0.21054822 "" "" 3.036210379436856 "" 0.6392686972056437 ""
308.37876415142 41.24349235803 0.0325 0.041 4.7559 "" "" 2067780496781612160 1763.17786 0.5422 0.0448 -2.514 -4.137 0.042 0.051 1.139 "" "" 16.2441 2.532541 17.623598 15.091057 "" "" 1644.26099 1920.99609 5988.34245 3.6249 1218.9 6.5153 7290.1 10.303 "" "" 0.002832619529832673 0.006439391 0.004079005 0.010518396 308.37876415142 41.24349235803 1763.17786 -2.5139999999999985 -4.136999999999999 0.1606058464050295 0.2533269767761235 0.21254823 0.22154823 "" "" 2.506804222376481 "" 0.5490044926772616 ""
308.30215609923 41.25057454131 0.0426 0.0576 3.4256 "" "" 2067783623516105856 1466.63708 0.6445 0.0593 -2.53 -4.691 0.055 0.067 1.417 "" "" 16.244892 3.225678 18.13679 14.911112 "" "" 1333.15784 1613.05884 5983.98033 5.0015 759.8 10.134 8604.3 16.381 "" "" 0.0029009135273419646 0.014747593 0.0043077124 0.019055305 308.30215609923 41.25057454131 1466.63708 -2.529999999999998 -4.691000000000001 0.1446058464050295 -0.3006730232238768 0.22554824 0.23754823 "" "" 2.3194129487045028 "" 0.5458522207556485 ""
307.82556024958 41.51522010161 0.034 0.0363 25.3387 "" "" 2067845784581500928 1852.87549 0.5074 0.0395 -4.109 -6.439 0.047 0.049 1.055 9038.6 3.4635 16.247427 2.267902 17.42441 15.156508 "" "" 1715.92676 2039.2998 5970.01994 3.453 1464.4 16.461 6863.7 11.928 "" "" 0.002825977177123896 0.0125194015 0.0042242003 0.016743602 307.82556024958 41.51522010161 1852.87549 -4.109 -6.439 -1.4343941535949707 -2.048673023223877 0.21754822 0.21954823 "" "" 21.964561334224285 "" 4.807873876767203 ""
308.45762354154 41.39959598011 0.029 0.0356 8.4901 "" "" 2067878563771153024 1419.92932 0.6654 0.0376 1.644 -0.596 0.04 0.043 0.987 9742.5 4.0839 16.247822 2.846552 17.876522 15.02997 "" "" 1332.86096 1520.2417 5967.85064 3.6693 965.62 7.9635 7712.1 10.714 "" "" 0.0028350351445642847 0.009378753 0.004069258 0.013448011 308.45762354154 41.39959598011 1419.92932 1.644 -0.5960000000000001 4.318605846405029 3.794326976776123 0.21054822 0.21354823 "" "" 38.69126125768671 "" 8.197145519895795 ""
308.30206126334 41.21582475598 0.0293 0.0382 5.4915 "" "" 2067781875467969536 1582.50256 0.5979 0.0421 -2.451 -4.561 0.039 0.047 1.019 "" "" 16.254604 2.676023 17.737024 15.061002 "" "" 1432.56177 1746.07764 5930.68212 3.0861 1098.0 7.3249 7494.8 13.345 "" "" 0.002812647644361476 0.0077619166 0.0042451257 0.012007043 308.30206126334 41.21582475598 1582.50256 -2.451 -4.561 0.22360584640502923 -0.1706730232238769 0.20954823 0.21754822 "" "" 2.1100376508181933 "" 0.4484426162698352 ""
308.62419540911 41.64062754246 0.0332 0.0366 24.3721 "" "" 2067887772180613760 1648.84583 0.5824 0.0434 -0.352 -5.338 0.043 0.046 1.084 "" "" 16.255575 2.467758 17.585556 15.117798 "" "" 1529.95337 1744.68066 5925.38747 3.2409 1262.4 8.2172 7112.8 9.9447 "" "" 0.002818588550040954 0.007598107 0.004072848 0.0116709545 308.62419540911 41.64062754246 1648.84583 -0.3519999999999992 -5.337999999999999 2.3226058464050294 -0.947673023223877 0.21354823 0.21654823 "" "" 19.60527039211105 "" 4.1951154743478 ""
307.82391725175 41.12714730317 0.0293 0.0338 24.6589 "" "" 2067801872835503488 1558.09729 0.5935 0.0386 -3.159 -4.02 0.041 0.046 1.107 "" "" 16.257114 2.658852 17.724665 15.065813 "" "" 1473.68286 1648.15784 5916.99412 3.646 1110.6 8.7328 7461.6 12.711 "" "" 0.0028353798019065163 0.00898167 0.0042076902 0.0131893605 307.82391725175 41.12714730317 1558.09729 -3.159 -4.02 -0.4843941535949705 0.3703269767761235 0.21154824 0.21654823 "" "" 4.503143519919809 "" 0.9609990770366402 ""
308.87083344791 41.32871908722 0.0298 0.034 25.0684 "" "" 2067865644508955392 1253.21899 0.7737 0.0371 2.742 2.337 0.04 0.045 1.042 7488.1 4.0182 16.259457 2.114825 17.343252 15.228427 "" "" 1189.9292 1319.23462 5904.24112 2.7953 1578.0 11.041 6423.7 10.887 "" "" 0.0028028586249985686 0.008092904 0.0042035445 0.012296449 308.87083344791 41.32871908722 1253.21899 2.7419999999999995 2.337 5.416605846405029 6.727326976776123 0.21054822 0.21554823 "" "" 51.305588277263006 "" 10.958649944628684 ""
308.20519758034 41.21748666163 0.0391 0.0497 7.3064 "" "" 2067782459585281664 1695.60596 0.5382 0.0536 -3.223 -5.082 0.053 0.065 1.13 8554.5 2.8006 16.259623 3.197957 18.153952 14.955995 "" "" 1578.729 1849.229 5903.33797 4.2383 747.89 11.98 8255.8 13.0 "" "" 0.0028634622185724026 0.017614145 0.0041480893 0.021762233 308.20519758034 41.21748666163 1695.60596 -3.2229999999999976 -5.081999999999999 -0.5483941535949706 -0.6916730232238768 0.22354823 0.23554823 "" "" 7.094359265892468 "" 1.6387284876092236 ""
308.32091719972 41.12716593216 0.0282 0.04 10.7814 "" "" 2067778405134007808 1567.59546 0.5874 0.0401 -2.582 -4.816 0.038 0.05 1.035 "" "" 16.26131 3.170975 18.143312 14.972338 "" "" 1474.49585 1664.37378 5894.17278 3.8446 755.25 10.325 8132.5 14.063 "" "" 0.0028448776643295016 0.015103035 0.0042200363 0.019323071 308.32091719972 41.12716593216 1567.59546 -2.5820000000000003 -4.816 0.09260584640502945 -0.4256730232238768 0.20854823 0.22054823 "" "" 3.2369051118181718 "" 0.7121840857583026 ""
308.05668760076 41.30933128009 0.0308 0.035 11.6571 "" "" 2067825100018904192 1732.12244 0.542 0.0399 -2.531 -4.524 0.04 0.045 1.071 7490.6 2.8599 16.261467 3.060477 18.04883 14.988353 "" "" 1620.50732 1875.40808 5893.32201 3.5209 823.92 9.276 8013.4 10.621 "" "" 0.002830644902457662 0.012538025 0.0040440774 0.016582102 308.05668760076 41.30933128009 1732.12244 -2.5309999999999997 -4.523999999999998 0.14360584640502916 -0.13367302322387697 0.21054822 0.21554823 "" "" 1.610783538970684 "" 0.3429099600649503 ""
308.15238442998 41.53846031567 0.0297 0.036 15.7137 "" "" 2067837813122391040 1667.35229 0.5656 0.04 -3.06 -4.959 0.039 0.045 1.043 "" "" 16.26441 2.547288 17.648022 15.100734 "" "" 1538.86536 1790.07092 5877.36133 4.4703 1191.8 8.045 7225.4 17.887 "" "" 0.0028764121317272273 0.007842183 0.004637682 0.012479865 308.15238442998 41.53846031567 1667.35229 -3.06 -4.959 -0.38539415359497076 -0.5686730232238766 0.20954823 0.21554823 "" "" 5.429237339896598 "" 1.1601085580980572 ""
308.08416026153 41.66974300504 0.0297 0.0338 24.1275 "" "" 2067851213420315776 1524.83765 0.6268 0.04 -0.113 -6.469 0.042 0.047 1.076 8167.1 3.6329 16.266096 2.065987 17.316002 15.250015 "" "" 1444.22119 1600.95044 5868.24694 3.0462 1618.1 6.6147 6297.3 8.5636 "" "" 0.002812372532539947 0.005242584 0.0040575494 0.009300133 308.08416026153 41.66974300504 1524.83765 -0.11299999999999999 -6.469 2.5616058464050293 -2.0786730232238773 0.21254823 0.21754822 "" "" 23.843521500628917 "" 5.115565021882438 ""
308.55232284485 41.11406890009 0.029 0.0328 15.7539 "" "" 2067766516665105536 1532.67078 0.6081 0.0379 -2.123 -4.332 0.04 0.041 0.99 "" "" 16.27044 2.894713 17.927193 15.032479 "" "" 1444.87329 1616.8999 5844.82245 3.2636 921.6 8.5324 7694.3 10.674 "" "" 0.0028212276334714666 0.010432066 0.0040684594 0.014500526 308.55232284485 41.11406890009 1532.67078 -2.122999999999999 -4.331999999999999 0.5516058464050291 0.058326976776123196 0.21054822 0.21154824 "" "" 4.029679755039449 "" 0.848486571018115 ""
308.24916098199 41.63362440513 0.0289 0.0354 19.8333 "" "" 2067932366823035520 1539.0304 0.6194 0.0384 -2.71 -3.723 0.039 0.042 0.992 "" "" 16.270567 2.190656 17.400034 15.209378 "" "" 1459.02026 1612.14355 5844.13555 2.9598 1497.6 10.118 6537.4 10.941 "" "" 0.0028096539391983203 0.007848119 0.004193512 0.012041631 308.24916098199 41.63362440513 1539.0304 -2.71 -3.723 -0.03539415359497067 0.6673269767761232 0.20954823 0.21254823 "" "" 4.8749955291421445 "" 1.036130914712909 ""
308.34061660172 41.4515135306 0.0304 0.0364 8.7569 "" "" 2067926426886763136 1517.53845 0.6095 0.0385 -2.633 -4.25 0.041 0.046 1.033 7934.6 3.6904 16.271822 3.030375 18.032001 15.001626 "" "" 1429.24292 1618.14429 5837.37672 3.2997 836.79 10.511 7916.0 11.287 "" "" 0.0028228461393390203 0.013920527 0.0040841545 0.018004682 308.34061660172 41.4515135306 1517.53845 -2.632999999999999 -4.249999999999995 0.04160584640502929 0.14032697677612305 0.21154824 0.21654823 "" "" 1.0528226459583263 "" 0.2275660447419179 ""
308.3723602423 41.64436200627 0.0308 0.0357 20.4151 "" "" 2067930034658897280 1599.88562 0.5962 0.0399 -2.484 -4.102 0.039 0.045 1.046 "" "" 16.271914 2.43401 17.566772 15.132762 "" "" 1511.69458 1694.52588 5836.88493 3.0696 1284.4 10.077 7015.4 9.5054 "" "" 0.002813860992222495 0.008963663 0.0040555964 0.01301926 308.3723602423 41.64436200627 1599.88562 -2.484 -4.102 0.1906058464050293 0.28832697677612273 0.20954823 0.21554823 "" "" 2.621102756459951 "" 0.5602380717360421 ""
308.32565989214 41.4461981589 0.0311 0.036 8.3765 "" "" 2067926392527021312 1508.66052 0.6096 0.0381 -2.412 -4.203 0.041 0.044 1.023 "" "" 16.274193 2.903133 17.932978 15.029844 "" "" 1428.04944 1591.89319 5824.65152 5.4783 916.7 8.1278 7712.9 21.351 "" "" 0.0029384669103323033 0.010022737 0.0048287776 0.014851514 308.32565989214 41.4461981589 1508.66052 -2.412 -4.203 0.2626058464050294 0.18732697677612276 0.21154824 0.21454823 "" "" 2.306734672146432 "" 0.4903303676759164 ""
308.03141578329 40.9380785159 0.03 0.0298 25.5754 "" "" 2067749164996713472 1499.12476 0.6298 0.0374 -3.009 -4.616 0.042 0.041 0.956 "" "" 16.276197 2.669522 17.758554 15.089032 "" "" 1429.80444 1590.55591 5813.89852 2.9534 1076.5 9.9412 7303.7 11.618 "" "" 0.0028099801978054115 0.0104074795 0.004155302 0.014562782 308.03141578329 40.9380785159 1499.12476 -3.009000000000001 -4.616 -0.3343941535949706 -0.2256730232238766 0.21254823 0.21154824 "" "" 2.8666431464206967 "" 0.6084043266379676 ""
308.10193289996 41.605692973 0.0291 0.0346 20.3387 "" "" 2067849976469722496 1319.91675 0.7364 0.0399 -0.113 -3.309 0.04 0.045 1.022 4921.3 4.1782 16.27659 1.733085 17.10581 15.372725 "" "" 1245.45459 1389.38062 5811.80371 3.392 1963.8 8.4296 5624.3 12.986 "" "" 0.0028272492401046514 0.0054318924 0.0045352075 0.0099671 308.10193289996 41.605692973 1319.91675 -0.1130000000000001 -3.309 2.5616058464050293 1.0813269767761229 0.21054822 0.21554823 "" "" 17.395836525765553 "" 3.6759495064394936 ""
308.60925077785 41.19376745149 0.0306 0.0328 14.8937 "" "" 2067861143383206016 1539.90173 0.6201 0.0387 0.291 -2.722 0.04 0.04 1.083 "" "" 16.27682 2.457464 17.591183 15.133719 "" "" 1456.94897 1639.21326 5810.57908 3.6851 1255.9 8.6162 7009.2 11.154 "" "" 0.002840058320012071 0.007954203 0.0041555893 0.012109792 308.60925077785 41.19376745149 1539.90173 0.2909999999999998 -2.7219999999999995 2.9656058464050292 1.668326976776123 0.21054822 0.21054822 "" "" 24.836512587074107 "" 5.229283567502749 ""
308.18951033367 40.90022070968 0.0304 0.0349 25.0493 "" "" 2067768612608541312 1407.44226 0.66 0.0406 -2.476 -4.206 0.04 0.044 0.976 "" "" 16.278847 2.854678 17.907677 15.052999 "" "" 1337.13843 1477.83093 5799.73245 3.4761 938.31 6.8939 7550.2 12.269 "" "" 0.0028311224106179066 0.00845095 0.0041709132 0.012621863 308.18951033367 40.90022070968 1407.44226 -2.4759999999999995 -4.206000000000001 0.19860584640502932 0.18432697677612264 0.21054822 0.21454823 "" "" 1.8076662025192376 "" 0.3839639268997539 ""
308.03071746434 41.43533328104 0.0291 0.0328 14.9557 "" "" 2067835476659929472 1523.47217 0.6299 0.0364 -2.916 -4.326 0.04 0.043 1.018 8891.7 3.7317 16.279839 2.558827 17.646612 15.087785 "" "" 1434.41028 1605.30664 5794.43348 3.8339 1193.4 10.466 7312.1 27.901 "" "" 0.0028474302299554255 0.009922181 0.0056077754 0.015529957 308.03071746434 41.43533328104 1523.47217 -2.915999999999999 -4.326 -0.24139415359497063 0.06432697677612342 0.21054822 0.21354823 "" "" 1.804001180464185 "" 0.3801904629362083 ""
308.44296536041 41.35472790914 0.0305 0.0375 6.4302 "" "" 2067878082734805504 1548.52136 0.6153 0.04 -2.542 -3.872 0.042 0.047 0.973 "" "" 16.280285 2.271205 17.469585 15.19838 "" "" 1476.81494 1641.31287 5792.05908 3.2474 1404.7 6.5543 6604.0 13.205 "" "" 0.002821762870730433 0.005783565 0.0043585408 0.010142106 308.44296536041 41.35472790914 1548.52136 -2.542 -3.8719999999999994 0.13260584640502948 0.5183269767761232 0.21254823 0.21754822 "" "" 3.9270473638890597 "" 0.853128995717203 ""
308.45771125518 41.46539561817 0.0291 0.0362 11.4733 "" "" 2067880449258216832 1720.27844 0.5501 0.039 -2.316 -4.315 0.04 0.042 0.999 "" "" 16.281328 2.806132 17.863672 15.05754 "" "" 1589.38513 1877.51941 5786.49642 3.0617 977.12 11.524 7518.7 9.8515 "" "" 0.0028145712141435446 0.013105462 0.004038258 0.01714372 308.45771125518 41.46539561817 1720.27844 -2.315999999999998 -4.315000000000001 0.35860584640502946 0.07532697677612266 0.21054822 0.21254823 "" "" 2.9879292701505578 "" 0.6293568753908482 ""
308.68995641269 41.31069714635 0.0424 0.046 16.8869 "" "" 2067863406827883520 1602.82227 0.5574 0.053 -2.882 -6.607 0.057 0.055 1.059 "" "" 16.282473 4.0845 18.869688 14.785188 "" "" 1464.07581 1755.46411 5780.40102 4.4306 386.85 11.307 9662.4 18.497 "" "" 0.002878254688503282 0.031856734 0.0043132007 0.036169935 308.68995641269 41.31069714635 1602.82227 -2.882000000000002 -6.6069999999999975 -0.20739415359497082 -2.216673023223877 0.22754823 0.22554824 "" "" 16.9144510555921 "" 3.8153194705051283 ""
307.93097062512 41.15139045453 0.0273 0.0324 19.6911 "" "" 2067822351239544320 1252.96997 0.772 0.0366 -5.504 -12.038 0.037 0.044 0.982 5699.3 4.3794 16.287708 1.562593 17.011951 15.449358 "" "" 1202.10498 1311.43701 5752.58666 2.5535 2141.1 10.625 5241.0 8.0789 "" "" 0.0027971521008459616 0.006067461 0.0041333768 0.010200838 307.93097062512 41.15139045453 1252.96997 -5.504 -12.038 -2.8293941535949703 -7.647673023223877 0.20754823 0.21454823 "" "" 48.4289355315952 "" 10.350115534131874 ""
308.38273998414 41.01703449233 0.0332 0.038 17.6511 "" "" 2067764867397024256 1594.35828 0.5881 0.0446 -2.722 -4.705 0.045 0.044 1.032 8433.5 2.7745 16.28812 3.1608 18.146908 14.986108 "" "" 1493.45129 1670.90662 5750.40912 6.2175 752.75 10.388 8030.0 24.872 "" "" 0.0029949784070512236 0.015240808 0.0050589633 0.020299772 308.38273998414 41.01703449233 1594.35828 -2.7220000000000004 -4.705 -0.04739415359497068 -0.314673023223877 0.21554823 0.21454823 "" "" 2.4048867370419353 "" 0.5160176585871646 ""
307.82543797533 41.35501423776 0.0295 0.0378 22.2595 "" "" 2067840149584606592 1831.65149 0.5012 0.0402 -2.914 -4.111 0.039 0.057 1.016 7981.9 2.6147 16.291656 2.80827 17.749207 14.940936 "" "" 1714.52417 1972.81177 5731.70666 5.6003 1085.8 19.438 8371.1 103.36 "" "" 0.00295248708099572 0.0196361 0.013928405 0.033564504 307.82543797533 41.35501423776 1831.65149 -2.9140000000000006 -4.111000000000001 -0.23939415359497085 0.2793269767761233 0.20954823 0.22754823 "" "" 3.193914114012834 "" 0.7029981574278326 ""
