Clusters/Bica_2/Bica_2_members.tsv
# %ECSV 1.0
# ---
# datatype:
# - name: RA_ICRS_1
#   unit: deg
#   datatype: float64
#   format: '{:15.11f}'
#   description: Right ascension (ICRS) at Ep=2016.0 (ra)
#   meta: !!omap
#   - {ucd: POS_EQ_RA_MAIN}
#   - {width: 15}
#   - {precision: '11'}
# - name: DE_ICRS_1
#   unit: deg
#   datatype: float64
#   format: '{:15.11f}'
#   description: Declination (ICRS) at Ep=2016.0 (dec)
#   meta: !!omap
#   - {ucd: POS_EQ_DEC_MAIN}
#   - {width: 15}
#   - {precision: '11'}
# - name: e_RA_ICRS
#   unit: mas
#   datatype: float64
#   format: '{:7.4f}'
#   description: Standard error of right ascension (ra_error)
#   meta: !!omap
#   - {ucd: ERROR}
#   - {width: 7}
#   - {precision: '4'}
# - name: e_DE_ICRS
#   unit: mas
#   datatype: float64
#   format: '{:7.4f}'
#   description: Standard error of declination (dec_error)
#   meta: !!omap
#   - {ucd: ERROR}
#   - {width: 7}
#   - {precision: '4'}
# - name: _r_1
#   unit: ''
#   datatype: float64
#   format: '{:7.4f}'
#   description: Distance from center (308.31530763000+41.30680590000)[ICRS], at Epoch=J2016.0
#   meta: !!omap
#   - {ucd: POS_ANG_DIST_GENERAL}
#   - {width: 7}
#   - {precision: '4'}
# - name: HIP
#   datatype: int32
#   description: '? HIP cross-id number, van Leeuwen, Cat. I/311 (hip_original_ext_source_id)'
#   meta: !!omap
#   - {ucd: ID_NUMBER}
#   - {width: 6}
#   - values: {'null': -2147483648}
# - name: TYC2
#   datatype: string
#   description: Tycho-2 cross-id name, Hog et al., Cat. I/259 (tyc2_original_ext_source_id)
#   meta: !!omap
#   - {ucd: ID_CROSSID}
#   - {_votable_string_dtype: char}
# - name: Source
#   datatype: int64
#   description: Source identifier, identical to the Gaia-EDR3 source_id (id)
#   meta: !!omap
#   - {ucd: ID_MAIN}
#   - {width: 19}
# - name: rgeo
#   unit: pc
#   datatype: float64
#   format: '{:15.8f}'
#   description: '? Median of the geometric distance posterior (r_med_geo)'
#   meta: !!omap
#   - {ucd: PHYS_DISTANCE_TRUE}
#   - {width: 15}
#   - {precision: '8'}
#   - values: {'null': .nan}
# - name: Plx
#   unit: mas
#   datatype: float64
#   format: '{:9.4f}'
#   description: '? Parallax (parallax)'
#   meta: !!omap
#   - {ucd: POS_PARLX_TRIG}
#   - {width: 9}
#   - {precision: '4'}
#   - values: {'null': .nan}
# - name: e_Plx
#   unit: mas
#   datatype: float32
#   format: '{:7.4f}'
#   description: '? Standard error of parallax (parallax_error)'
#   meta: !!omap
#   - {ucd: ERROR}
#   - {width: 7}
#   - {precision: '4'}
#   - values: {'null': .nan}
# - name: pmRA
#   unit: mas / yr
#   datatype: float64
#   format: '{:9.3f}'
#   description: '? Proper motion in right ascension direction, pmRA*cosDE (pmra)'
#   meta: !!omap
#   - {ucd: POS_EQ_PMRA}
#   - {width: 9}
#   - {precision: '3'}
#   - values: {'null': .nan}
# - name: pmDE
#   unit: mas / yr
#   datatype: float64
#   format: '{:9.3f}'
#   description: '? Proper motion in declination direction (pmdec)'
#   meta: !!omap
#   - {ucd: POS_EQ_PMDEC}
#   - {width: 9}
#   - {precision: '3'}
#   - values: {'null': .nan}
# - name: e_pmRA
#   unit: mas / yr
#   datatype: float32
#   format: '{:6.3f}'
#   description: '? Standard error of proper motion in right ascension direction (pmra_error)'
#   meta: !!omap
#   - {ucd: ERROR}
#   - {width: 6}
#   - {precision: '3'}
#   - values: {'null': .nan}
# - name: e_pmDE
[...]
#         unit: &id001 !astropy.units.Unit {unit: deg}
#         value: !astropy.table.SerializedColumn {name: SkyCoord.dec}
#       distance: !astropy.table.SerializedColumn
#         __class__: astropy.coordinates.distances.Distance
#         unit: !astropy.units.Unit {unit: pc}
#         value: !astropy.table.SerializedColumn {name: SkyCoord.distance}
#       frame: icrs
#       obstime: !astropy.time.Time {format: jyear_str, in_subfmt: '*', jd1: 367701545.0, jd2: 0.0, out_subfmt: '*', precision: 3, scale: tt}
#       pm_dec: !astropy.table.SerializedColumn
#         __class__: astropy.units.quantity.Quantity
#         unit: !astropy.units.Unit {unit: mas / yr}
#         value: !astropy.table.SerializedColumn {name: SkyCoord.pm_dec}
#       pm_ra_cosdec: !astropy.table.SerializedColumn
#         __class__: astropy.units.quantity.Quantity
#         unit: !astropy.units.Unit {unit: mas / yr}
#         value: !astropy.table.SerializedColumn {name: SkyCoord.pm_ra_cosdec}
#       ra: !astropy.table.SerializedColumn
#         __class__: astropy.coordinates.angles.Longitude
#         unit: *id001
#         value: !astropy.table.SerializedColumn {name: SkyCoord.ra}
#         wrap_angle: !astropy.coordinates.Angle
#           unit: *id001
#           value: 360.0
#       representation_type: spherical
# schema: astropy-2.0
RA_ICRS_1 DE_ICRS_1 e_RA_ICRS e_DE_ICRS _r_1 HIP TYC2 Source rgeo Plx e_Plx pmRA pmDE e_pmRA e_pmDE RUWE Teff logg Gmag BP-RP BPmag RPmag RV e_RV b_rgeo B_rgeo FG e_FG FBP e_FBP FRP e_FRP RAVE5 RAVE6 e_Gmag e_BPmag e_RPmag e_BP-RP SkyCoord.ra SkyCoord.dec SkyCoord.distance SkyCoord.pm_ra_cosdec SkyCoord.pm_dec Pmemb
[from data line 82]
308.3015588487 41.29725095205 0.0292 0.0392 0.8442 "" "" 2067784589887318144 1631.32776 0.5897 0.0411 -2.874 -4.268 0.04 0.048 1.066 "" "" 16.163216 2.225385 17.317375 15.09199 "" "" 1531.44897 1717.47034 6451.49686 3.6491 1616.1 8.154 7283.9 12.466 "" "" 0.0028229286951331053 0.0061476985 0.004211479 0.010359177 308.3015588487 41.29725095205 1631.32776 -2.8740000000000014 -4.268 1.0
308.28633839522 41.31430369068 0.0272 0.0346 1.3809 "" "" 2067784658606802560 1742.16919 0.5334 0.0359 -2.709 -4.467 0.036 0.041 1.011 "" "" 16.17054 2.403646 17.453444 15.049798 "" "" 1650.67273 1849.09424 6408.12064 6.3811 1425.7 10.256 7572.5 30.878 "" "" 0.002959846638489968 0.008293832 0.0058210203 0.014114852 308.28633839522 41.31430369068 1742.16919 -2.708999999999999 -4.467 1.0
308.37876415142 41.24349235803 0.0325 0.041 4.7559 "" "" 2067780496781612160 1763.17786 0.5422 0.0448 -2.514 -4.137 0.042 0.051 1.139 "" "" 16.2441 2.532541 17.623598 15.091057 "" "" 1644.26099 1920.99609 5988.34245 3.6249 1218.9 6.5153 7290.1 10.303 "" "" 0.002832619529832673 0.006439391 0.004079005 0.010518396 308.37876415142 41.24349235803 1763.17786 -2.5139999999999993 -4.136999999999999 0.94
308.30215609923 41.25057454131 0.0426 0.0576 3.4256 "" "" 2067783623516105856 1466.63708 0.6445 0.0593 -2.53 -4.691 0.055 0.067 1.417 "" "" 16.244892 3.225678 18.13679 14.911112 "" "" 1333.15784 1613.05884 5983.98033 5.0015 759.8 10.134 8604.3 16.381 "" "" 0.0029009135273419646 0.014747593 0.0043077124 0.019055305 308.30215609923 41.25057454131 1466.63708 -2.5299999999999985 -4.691000000000001 1.0
308.27031007738 41.27030229802 0.0295 0.0412 2.9854 "" "" 2067784452448367360 1407.97742 0.6824 0.0431 -2.672 -4.492 0.039 0.045 1.036 "" "" 16.306288 2.608463 17.739977 15.131514 "" "" 1321.20789 1511.0481 5654.99042 3.1375 1095.0 10.278 7023.5 9.6984 "" "" 0.0028204007634608495 0.0105661005 0.0040658875 0.0146319885 308.27031007738 41.27030229802 1407.97742 -2.672 -4.492000000000001 1.0
308.32224953563 41.23960677523 0.0307 0.0384 4.0441 "" "" 2067783456015934976 1750.74512 0.5306 0.0423 -2.587 -4.501 0.04 0.045 0.959 7989.0 2.6936 16.34193 2.721081 17.864334 15.143253 "" "" 1628.77917 1871.0271 5472.35832 3.4091 976.53 8.9945 6948.0 14.112 "" "" 0.002837124721789426 0.010382307 0.0043757 0.014758007 308.32224953563 41.23960677523 1750.74512 -2.587 -4.501 1.0
308.2626971838 41.35360988524 0.0317 0.0421 3.6749 "" "" 2067831903247069312 1766.06763 0.5245 0.0439 -3.122 -4.331 0.043 0.049 1.092 "" "" 16.353634 2.818441 17.954124 15.135683 "" "" 1642.54578 1943.08655 5413.68548 3.196 899.02 10.182 6996.6 14.581 "" "" 0.0028288924753572964 0.012609262 0.0044049383 0.0170142 308.2626971838 41.35360988524 1766.06763 -3.1220000000000008 -4.331000000000001 1.0
308.25930495783 41.3135820725 0.0363 0.0479 2.5565 "" "" 2067784761686023040 1796.89319 0.5269 0.0508 -2.88 -4.534 0.047 0.054 1.135 7998.6 2.8781 16.374468 2.481868 17.69853 15.216662 "" "" 1649.01099 1988.81873 5310.79594 3.3802 1137.6 12.383 6493.7 11.834 "" "" 0.0028406573617358794 0.0121433465 0.004265992 0.016409338 308.25930495783 41.3135820725 1796.89319 -2.8799999999999994 -4.533999999999999 0.99
308.34356141336 41.34794133677 0.0312 0.0411 2.7771 "" "" 2067785139643347072 1675.1134 0.5575 0.0414 -2.709 -4.351 0.041 0.049 1.002 "" "" 16.447468 2.393132 17.720552 15.32742 "" "" 1581.83191 1785.58655 4965.46004 2.8698 1114.8 7.7978 5863.9 8.4383 "" "" 0.0028258716503741176 0.00809083 0.0040896 0.012180431 308.34356141336 41.34794133677 1675.1134 -2.709000000000001 -4.351000000000002 1.0
308.41992174688 41.31762813964 0.0317 0.0399 4.7592 "" "" 2067874955998599424 1797.12439 0.5127 0.0435 -2.816 -4.11 0.042 0.046 0.94 9196.3 3.7838 16.464956 2.705856 17.976198 15.270342 "" "" 1677.97766 1967.60852 4886.12314 3.1013 880.92 10.765 6180.5 13.141 "" "" 0.0028401927821273773 0.013558096 0.0044286433 0.017986739 308.41992174688 41.31762813964 1797.12439 -2.816 -4.11 1.0
308.21736178125 41.30446498045 0.0326 0.0453 4.4168 "" "" 2067830253979627776 1504.30969 0.6393 0.046 -3.019 -4.184 0.043 0.05 1.026 "" "" 16.509073 2.778765 18.075382 15.296617 "" "" 1418.00012 1624.98291 4691.55836 3.024 804.01 9.6616 6032.7 14.355 "" "" 0.0028428055355383132 0.013342046 0.004578037 0.017920084 308.21736178125 41.30446498045 1504.30969 -3.0189999999999992 -4.184 1.0
308.24441741821 41.26179737259 0.0316 0.0428 4.1843 "" "" 2067783009339359744 1846.33105 0.5131 0.0446 -2.748 -4.579 0.041 0.048 1.009 "" "" 16.509392 2.679367 17.99943 15.320063 "" "" 1709.39893 1995.46887 4690.18674 2.7117 862.27 7.5999 5903.8 9.0325 "" "" 0.0028259227983732393 0.00996796 0.004128322 0.014096282 308.24441741821 41.26179737259 1846.33105 -2.7480000000000016 -4.579000000000001 1.0
308.21354117682 41.26431864773 0.0324 0.0411 5.2488 "" "" 2067783112418581632 1592.04675 0.585 0.0439 -2.763 -4.44 0.042 0.047 0.995 "" "" 16.514227 2.91569 18.187336 15.271646 "" "" 1482.6958 1709.20251 4669.34558 2.8209 725.24 9.458 6173.0 11.416 "" "" 0.002832318928282406 0.014431593 0.004279648 0.018711241 308.21354117682 41.26431864773 1592.04675 -2.763 -4.44 0.99
308.3823755021 41.34648698589 0.0357 0.0466 3.8471 "" "" 2067878185814073344 1674.42505 0.5587 0.0491 -2.646 -4.387 0.047 0.055 0.974 9359.2 3.906 16.636362 2.688348 18.127516 15.439168 "" "" 1548.72925 1808.56726 4172.55667 6.2494 766.32 12.684 5290.4 25.983 "" "" 0.003199398472718635 0.018186234 0.0065359413 0.024722176 308.3823755021 41.34648698589 1674.42505 -2.6459999999999986 -4.387 1.0
308.22861322025 41.34458949886 0.0371 0.0505 4.5165 "" "" 2067831834527597056 1572.81873 0.6055 0.0516 -2.761 -4.409 0.048 0.055 0.965 "" "" 16.732864 2.680203 18.194426 15.514222 "" "" 1459.10107 1709.90564 3817.69459 2.4628 720.52 7.1407 4937.1 19.642 "" "" 0.0028429497807124773 0.011116035 0.00573953 0.016855566 308.22861322025 41.34458949886 1572.81873 -2.7609999999999997 -4.408999999999999 1.0
308.22749874848 41.32556260284 0.0408 0.057 4.114 "" "" 2067831731445622272 1518.07886 0.6345 0.0584 -2.684 -4.366 0.055 0.066 1.079 7998.1 3.0745 16.795298 2.637165 18.133465 15.4963 "" "" 1386.24854 1653.33484 3604.35663 3.1857 762.13 11.913 5019.2 67.844 "" "" 0.002917647847992886 0.01719918 0.015154612 0.032353792 308.22749874848 41.32556260284 1518.07886 -2.684 -4.366 1.0
308.34266370119 41.29570800862 0.0386 0.0502 1.4014 "" "" 2067784177570447616 1567.96191 0.5909 0.0528 -2.415 -5.034 0.052 0.063 0.994 9556.2 3.9404 16.820532 3.113344 18.647745 15.534401 "" "" 1426.28467 1725.42334 3521.55293 4.1937 474.59 7.9138 4846.2 15.785 "" "" 0.0030436085621216072 0.018318415 0.005175926 0.02349434 308.34266370119 41.29570800862 1567.96191 -2.415000000000001 -5.034000000000001 0.92
308.27960013459 41.38314400441 0.0412 0.0546 4.8545 "" "" 2067832315564131584 1469.39294 0.6362 0.0548 -2.484 -4.25 0.056 0.061 1.03 "" "" 16.841646 2.532462 18.215733 15.68327 "" "" 1349.1394 1624.61157 3453.73132 2.3102 706.52 7.4119 4225.2 10.806 "" "" 0.0028494256399752083 0.011726915 0.004689803 0.016416717 308.27960013459 41.38314400441 1469.39294 -2.484000000000001 -4.250000000000001 0.99
308.38875251887 41.35067812985 0.0419 0.0525 4.2284 "" "" 2067878185814073600 1359.55383 0.7066 0.0559 -2.241 -4.404 0.054 0.063 1.049 9241.9 3.6248 16.85002 2.396073 18.134302 15.738229 "" "" 1252.3335 1452.31482 3427.19383 2.313 761.55 10.057 4016.7 11.11 "" "" 0.0028510919680103416 0.014607147 0.0048272456 0.019434392 308.38875251887 41.35067812985 1359.55383 -2.2410000000000005 -4.404000000000001 0.96
308.33628601727 41.31289732255 0.0408 0.0501 1.0137 "" "" 2067784246289929600 1708.74927 0.5609 0.0531 -2.835 -4.119 0.054 0.063 1.033 "" "" 16.86769 2.284616 18.047539 15.762922 "" "" 1561.4989 1879.32483 3371.87272 2.7341 824.9 6.8209 3926.4 17.22 "" "" 0.00289255059925481 0.009401277 0.006079277 0.015480554 308.33628601727 41.31289732255 1708.74927 -2.835000000000001 -4.119 1.0
308.39522781726 41.30168274205 0.0399 0.0509 3.6153 "" "" 2067784074491221120 1583.02344 0.5925 0.0547 -2.812 -4.061 0.053 0.063 0.946 "" "" 16.873384 2.629784 18.307968 15.678185 "" "" 1475.10144 1747.44739 3354.23181 2.4883 648.98 8.9467 4245.1 14.005 "" "" 0.002870631516386943 0.015225568 0.005207119 0.020432686 308.39522781726 41.30168274205 1583.02344 -2.8120000000000007 -4.061000000000002 0.9
308.25092846168 41.30987472696 0.0429 0.056 2.9074 "" "" 2067784791747254784 1539.58594 0.6063 0.0576 -2.949 -4.517 0.057 0.065 1.016 8577.8 3.367 16.990974 2.727456 18.519016 15.79156 "" "" 1412.24915 1669.95801 3009.93594 2.1107 534.33 9.8256 3824.1 10.993 "" "" 0.0028585779215612546 0.020159228 0.004901546 0.025060773 308.25092846168 41.30987472696 1539.58594 -2.949 -4.517 0.99
