Clusters/Bica_2/Bica_2_stars_in_region.tsv
# %ECSV 1.0
# ---
# datatype:
# - name: RA_ICRS_1
#   unit: deg
#   datatype: float64
#   format: '{:15.11f}'
#   description: Right ascension (ICRS) at Ep=2016.0 (ra)
#   meta: !!omap
#   - {ucd: POS_EQ_RA_MAIN}
#   - {width: 15}
#   - {precision: '11'}
# - name: DE_ICRS_1
#   unit: deg
#   datatype: float64
#   format: '{:15.11f}'
#   description: Declination (ICRS) at Ep=2016.0 (dec)
#   meta: !!omap
#   - {ucd: POS_EQ_DEC_MAIN}
#   - {width: 15}
#   - {precision: '11'}
# - name: e_RA_ICRS
#   unit: mas
#   datatype: float64
#   format: '{:7.4f}'
#   description: Standard error of right ascension (ra_error)
#   meta: !!omap
#   - {ucd: ERROR}
#   - {width: 7}
#   - {precision: '4'}
# - name: e_DE_ICRS
#   unit: mas
#   datatype: float64
#   format: '{:7.4f}'
#   description: Standard error of declination (dec_error)
#   meta: !!omap
#   - {ucd: ERROR}
#   - {width: 7}
#   - {precision: '4'}
# - name: _r_1
#   unit: ''
#   datatype: float64
#   format: '{:7.4f}'
#   description: Distance from center (308.31530763000+41.30680590000)[ICRS], at Epoch=J2016.0
#   meta: !!omap
#   - {ucd: POS_ANG_DIST_GENERAL}
#   - {width: 7}
#   - {precision: '4'}
# - name: HIP
#   datatype: int32
#   description: '? HIP cross-id number, van Leeuwen, Cat. I/311 (hip_original_ext_source_id)'
#   meta: !!omap
#   - {ucd: ID_NUMBER}
#   - {width: 6}
#   - values: {'null': -2147483648}
# - name: TYC2
#   datatype: string
#   description: Tycho-2 cross-id name, Hog et al., Cat. I/259 (tyc2_original_ext_source_id)
#   meta: !!omap
#   - {ucd: ID_CROSSID}
#   - {_votable_string_dtype: char}
# - name: Source
#   datatype: int64
#   description: Source identifier, identical to the Gaia-EDR3 source_id (id)
#   meta: !!omap
#   - {ucd: ID_MAIN}
#   - {width: 19}
# - name: rgeo
#   unit: pc
#   datatype: float64
#   format: '{:15.8f}'
#   description: '? Median of the geometric distance posterior (r_med_geo)'
#   meta: !!omap
#   - {ucd: PHYS_DISTANCE_TRUE}
#   - {width: 15}
#   - {precision: '8'}
#   - values: {'null': .nan}
# - name: Plx
#   unit: mas
#   datatype: float64
#   format: '{:9.4f}'
#   description: '? Parallax (parallax)'
#   meta: !!omap
#   - {ucd: POS_PARLX_TRIG}
#   - {width: 9}
#   - {precision: '4'}
#   - values: {'null': .nan}
# - name: e_Plx
#   unit: mas
#   datatype: float32
#   format: '{:7.4f}'
#   description: '? Standard error of parallax (parallax_error)'
#   meta: !!omap
#   - {ucd: ERROR}
#   - {width: 7}
#   - {precision: '4'}
#   - values: {'null': .nan}
# - name: pmRA
#   unit: mas / yr
#   datatype: float64
#   format: '{:9.3f}'
#   description: '? Proper motion in right ascension direction, pmRA*cosDE (pmra)'
#   meta: !!omap
#   - {ucd: POS_EQ_PMRA}
#   - {width: 9}
#   - {precision: '3'}
#   - values: {'null': .nan}
# - name: pmDE
#   unit: mas / yr
#   datatype: float64
#   format: '{:9.3f}'
#   description: '? Proper motion in declination direction (pmdec)'
#   meta: !!omap
#   - {ucd: POS_EQ_PMDEC}
#   - {width: 9}
#   - {precision: '3'}
#   - values: {'null': .nan}
# - name: e_pmRA
#   unit: mas / yr
#   datatype: float32
#   format: '{:6.3f}'
#   description: '? Standard error of proper motion in right ascension direction (pmra_error)'
#   meta: !!omap
#   - {ucd: ERROR}
#   - {width: 6}
#   - {precision: '3'}
#   - values: {'null': .nan}
# - name: e_pmDE
[...]
#         value: !astropy.table.SerializedColumn {name: SkyCoord.dec}
#       distance: !astropy.table.SerializedColumn
#         __class__: astropy.coordinates.distances.Distance
#         unit: !astropy.units.Unit {unit: pc}
#         value: !astropy.table.SerializedColumn {name: SkyCoord.distance}
#       frame: icrs
#       obstime: !astropy.time.Time {format: jyear_str, in_subfmt: '*', jd1: 367701545.0, jd2: 0.0, out_subfmt: '*', precision: 3, scale: tt}
#       pm_dec: !astropy.table.SerializedColumn
#         __class__: astropy.units.quantity.Quantity
#         unit: !astropy.units.Unit {unit: mas / yr}
#         value: !astropy.table.SerializedColumn {name: SkyCoord.pm_dec}
#       pm_ra_cosdec: !astropy.table.SerializedColumn
#         __class__: astropy.units.quantity.Quantity
#         unit: !astropy.units.Unit {unit: mas / yr}
#         value: !astropy.table.SerializedColumn {name: SkyCoord.pm_ra_cosdec}
#       ra: !astropy.table.SerializedColumn
#         __class__: astropy.coordinates.angles.Longitude
#         unit: *id001
#         value: !astropy.table.SerializedColumn {name: SkyCoord.ra}
#         wrap_angle: !astropy.coordinates.Angle
#           unit: *id001
#           value: 360.0
#       representation_type: spherical
# schema: astropy-2.0
RA_ICRS_1 DE_ICRS_1 e_RA_ICRS e_DE_ICRS _r_1 HIP TYC2 Source rgeo Plx e_Plx pmRA pmDE e_pmRA e_pmDE RUWE Teff logg Gmag BP-RP BPmag RPmag RV e_RV b_rgeo B_rgeo FG e_FG FBP e_FBP FRP e_FRP RAVE5 RAVE6 e_Gmag e_BPmag e_RPmag e_BP-RP SkyCoord.ra SkyCoord.dec SkyCoord.distance SkyCoord.pm_ra_cosdec SkyCoord.pm_dec rmRA rmDE e_rmRA e_rmDE rRV e_rRV v_pec v_pec3d e_vpec e_vpec3d
[from data line 372]
308.3051118596 41.31843187941 0.0166 0.021 0.8353 "" "" 2067784624247061120 1661.80835 0.5659 0.0217 -2.779 -4.279 0.022 0.025 1.091 "" "" 15.03003 1.95254 15.998368 14.045828 "" "" 1609.25549 1710.36072 18320.39492 5.9159 5445.9 12.052 19091.0 22.057 "" "" 0.0027775364721348214 0.0036821724 0.003982121 0.0076642935 308.3051118596 41.31843187941 1661.80835 -2.779 -4.279 -0.10439415359497062 0.11132697677612313 0.19254823 0.19554824 "" "" 1.2021568391957589 "" 0.2333991331368544 ""
307.8948649742 41.49247536669 0.0179 0.0186 21.9585 "" "" 2067842623485550592 1585.16528 0.5963 0.022 -2.863 -4.033 0.025 0.025 1.108 "" "" 15.0346 2.031136 16.05466 14.023525 90.24 8.52 1539.75586 1640.92285 18243.44195 6.1209 5170.7 13.758 19487.0 16.396 "" "" 0.002779296277212529 0.004016305 0.0038882184 0.007904523 307.8948649742 41.49247536669 1585.16528 -2.8629999999999995 -4.033000000000003 -0.1883941535949707 0.3573269767761227 0.19554824 0.19554824 102.28142857142856 9.509207 3.0351461235808266 102.32645182260417 0.5935174715917357 9.505039059868231
308.35337450203 41.46695811105 0.0155 0.0197 9.7607 "" "" 2067926461246503808 1705.76514 0.5529 0.0202 -2.731 -4.174 0.021 0.024 1.036 "" "" 15.035324 2.024246 16.050417 14.026171 "" "" 1652.40967 1764.44128 18231.27856 5.9277 5191.0 9.9782 19440.0 14.976 "" "" 0.0027778425317983866 0.0034843476 0.00387083 0.007355178 308.35337450203 41.46695811105 1705.76514 -2.731 -4.174 -0.056394153594970575 0.21632697677612267 0.19154823 0.19454823 "" "" 1.8075301148387946 "" 0.3513092218059968 ""
308.49915684404 41.49582926156 0.0155 0.0179 14.0389 "" "" 2067880625355028352 1485.94714 0.6293 0.0197 -2.776 -3.939 0.02 0.023 1.087 "" "" 15.03991 2.69896 16.54332 13.844359 "" "" 1445.89917 1536.9928 18154.43231 6.4175 3296.8 11.334 22983.0 16.956 "" "" 0.002781922639081514 0.0046602115 0.0038633344 0.008523546 308.49915684404 41.49582926156 1485.94714 -2.776000000000001 -3.9389999999999965 -0.1013941535949705 0.451326976776123 0.19054823 0.19354823 "" "" 3.258104883837177 "" 0.6301342885385075 ""
308.10651233401 41.34456097545 0.0159 0.0192 9.6768 "" "" 2067831147333151744 1607.42188 0.5939 0.0209 -2.975 -4.048 0.021 0.025 1.01 "" "" 15.046344 1.887122 15.969382 14.08226 "" "" 1551.24548 1656.46338 18047.17123 5.5814 5593.2 10.197 18461.0 13.805 "" "" 0.002775705209588954 0.0034209827 0.003865607 0.0072865896 308.10651233401 41.34456097545 1607.42188 -2.9749999999999996 -4.048000000000001 -0.3003941535949708 0.342326976776123 0.19154823 0.19554824 "" "" 3.4700692783525633 "" 0.6725627282160732 ""
308.3709859571 41.5742833291 0.0151 0.0195 16.2429 "" "" 2067929587982279552 1602.87439 0.585 0.0203 -2.548 -3.91 0.02 0.025 0.985 "" "" 15.053601 2.365104 16.30957 13.944467 -251.33 7.38 1555.14209 1656.77795 17926.94726 7.1042 4088.7 14.532 20959.0 14.594 "" "" 0.0027887120544297997 0.0047619557 0.0038542547 0.008616211 308.3709859571 41.5742833291 1602.87439 -2.5480000000000005 -3.91 0.12660584640502925 0.4803269767761229 0.19054823 0.19554824 -239.28857142857143 8.369206 3.7739860595171586 239.3183306541811 0.736785156072535 8.368173784233633
307.9730370265 41.60817778062 0.0167 0.0188 23.7454 "" "" 2067850766743700992 1714.46033 0.535 0.0214 -2.413 -5.593 0.022 0.023 1.027 "" "" 15.056757 2.971863 16.779982 13.808119 -24.71 2.85 1660.27234 1775.65735 17874.91622 6.5063 2651.1 8.2982 23764.0 19.675 "" "" 0.0027835176656377998 0.0043971096 0.0038848137 0.008281924 307.9730370265 41.60817778062 1714.46033 -2.4130000000000003 -5.593000000000002 0.2616058464050295 -1.202673023223877 0.19254823 0.19354823 -12.66857142857143 3.8392062 10.002119390964106 16.14109953974377 1.9354417705409588 3.243162625418425
308.5436665382 41.1005003394 0.0167 0.0196 16.1087 "" "" 2067766413585658496 1560.80774 0.6052 0.0217 -2.056 -4.554 0.022 0.025 1.108 "" "" 15.062241 2.435442 16.370705 13.935263 "" "" 1504.50476 1617.88599 17784.86484 6.4636 3864.9 9.9983 21137.0 19.438 "" "" 0.002783431733430304 0.0039590523 0.003909048 0.0078681 308.5436665382 41.1005003394 1560.80774 -2.056 -4.554 0.6186058464050292 -0.16367302322387722 0.19254823 0.19554824 "" "" 4.734068970427334 "" 0.9124725348243347 ""
308.26975909385 41.62650285266 0.0158 0.0186 19.2908 "" "" 2067931649566629760 1370.1842 0.6934 0.0203 0.203 -5.304 0.021 0.023 0.996 "" "" 15.064706 2.296294 16.275137 13.978843 -8.15 6.48 1337.80286 1404.11963 17744.52434 5.4615 4220.5 8.2754 20306.0 13.559 "" "" 0.0027755109920263696 0.0035095785 0.003848289 0.0073578674 308.26975909385 41.62650285266 1370.1842 0.20299999999999918 -5.304 2.877605846405029 -0.9136730232238772 0.19154823 0.19354823 3.8914285714285697 7.4692063 19.608550507637595 19.990959690247617 3.75959167246547 3.963951867766097
307.92288949491 41.57659111231 0.0176 0.0185 23.9488 "" "" 2067852072413746432 1434.95361 0.6584 0.0217 -2.533 -3.471 0.024 0.024 1.001 "" "" 15.073311 2.337852 16.309608 13.971757 "" "" 1388.21216 1477.81006 17604.45177 6.5512 4088.6 8.8779 20439.0 11.153 "" "" 0.002784786604458352 0.003652816 0.003825537 0.0074783526 307.92288949491 41.57659111231 1434.95361 -2.5330000000000004 -3.471 0.14160584640502938 0.919326976776123 0.19454823 0.19454823 "" "" 6.326711758678123 "" 1.2308506018512706 ""
308.45406802022 41.32078887123 0.0166 0.0202 6.3094 "" "" 2067875024715952000 1371.06677 0.6929 0.0221 0.176 -6.375 0.022 0.024 1.095 "" "" 15.075365 2.028561 16.093727 14.065166 -31.67 3.86 1334.5802 1415.58545 17571.16973 6.4095 4988.0 9.952 18754.0 23.104 "" "" 0.002783638516069981 0.003532376 0.004009093 0.0075414693 308.45406802022 41.32078887123 1371.06677 0.17600000000000104 -6.374999999999998 2.8506058464050295 -1.984673023223877 0.19254823 0.19454823 -19.628571428571433 4.8492064 22.573477208789136 29.913921334760733 4.3612740221128075 4.577736783660919
308.29690193569 41.21137513852 0.0186 0.0213 5.7857 "" "" 2067781909827708160 1544.07996 0.6039 0.0237 -2.791 -4.329 0.023 0.026 1.069 "" "" 15.089357 2.669289 16.556429 13.88714 "" "" 1482.80933 1602.79077 17346.17316 6.89 3257.2 11.899 22095.0 90.534 "" "" 0.0027888662848337977 0.004849426 0.00583742 0.010686846 308.29690193569 41.21137513852 1544.07996 -2.791 -4.329 -0.11639415359497063 0.06132697677612331 0.19354823 0.19654822 "" "" 0.962895289591578 "" 0.1869981587818732 ""
308.45690636657 41.55276723382 0.0154 0.0203 16.0737 "" "" 2067881724866692224 1638.18506 0.5778 0.0205 -2.403 -3.606 0.021 0.026 1.043 "" "" 15.089566 2.219464 16.236334 14.01687 "" "" 1588.38623 1695.24402 17342.84431 6.3127 4374.0 9.4928 19607.0 20.81 "" "" 0.0027835182771300125 0.0036520453 0.003951157 0.007603202 308.45690636657 41.55276723382 1638.18506 -2.4030000000000005 -3.606 0.27160584640502927 0.7843269767761232 0.19154823 0.19654822 "" "" 6.445127950200417 "" 1.263367112098045 ""
308.32266199228 41.54591768698 0.0169 0.02 14.3505 "" "" 2067928041794489216 1532.04651 0.613 0.0219 -2.09 -3.838 0.022 0.025 1.034 "" "" 15.098059 2.317349 16.319038 14.00169 "" "" 1492.07837 1573.58118 17207.72374 6.813 4053.2 12.872 19883.0 17.102 "" "" 0.0027886519025602974 0.0044355416 0.0038930518 0.008328593 308.32266199228 41.54591768698 1532.04651 -2.0900000000000003 -3.838 0.5846058464050294 0.552326976776123 0.19254823 0.19554824 "" "" 5.840433205634513 "" 1.1328624601481982 ""
308.27484756159 41.51483679454 0.0164 0.0222 12.6139 "" "" 2067927801276372224 1639.83398 0.5831 0.022 -2.672 -4.097 0.021 0.027 0.99 "" "" 15.098943 1.925261 16.044987 14.119725 "" "" 1572.74121 1688.06213 17193.71801 5.9675 5217.0 10.201 17835.0 14.323 "" "" 0.0027809694743390592 0.003506009 0.0038786598 0.007384669 308.27484756159 41.51483679454 1639.83398 -2.671999999999999 -4.096999999999998 0.002605846405029144 0.2933269767761226 0.19154823 0.19754823 "" "" 2.280065724883953 "" 0.4504218748306988 ""
307.9874590798 41.45816230024 0.0171 0.0179 17.3294 "" "" 2067847326471192192 1257.49426 0.7666 0.0215 -2.653 -5.137 0.024 0.023 1.022 6674.4 3.934 15.099415 1.434992 15.740478 14.305486 "" "" 1226.17285 1291.46619 17186.23812 5.0672 6906.0 11.526 15030.0 17.543 "" "" 0.002773853927474617 0.0033269604 0.0039861887 0.007313149 307.9874590798 41.45816230024 1257.49426 -2.6530000000000005 -5.136999999999999 0.021605846405029272 -0.7466730232238765 0.19454823 0.19354823 "" "" 4.452424413525667 "" 0.8617626092858519 ""
308.33059253509 41.28585357635 0.0183 0.0234 1.4336 "" "" 2067783799613326848 1775.47644 0.5283 0.0244 -2.524 -4.212 0.024 0.031 1.116 "" "" 15.111959 2.30262 16.324146 14.021526 "" "" 1702.01672 1842.02698 16988.81949 7.6341 4034.2 10.792 19523.0 26.603 "" "" 0.002798182049062776 0.0040275385 0.004058643 0.008086181 308.33059253509 41.28585357635 1775.47644 -2.524 -4.212 0.15060584640502928 0.1783269767761233 0.19454823 0.20154823 "" "" 1.964365480539692 "" 0.3902486544833919 ""
308.05525836029 41.15318526416 0.0161 0.018 14.9217 "" "" 2067823038434266752 1555.70764 0.6048 0.021 -2.565 -3.164 0.022 0.023 1.091 "" "" 15.112678 2.521156 16.487309 13.966152 "" "" 1505.48767 1597.7699 16977.57185 5.9181 3471.3 8.5203 20545.0 17.913 "" "" 0.0027811919489580195 0.0038583598 0.0038961342 0.007754494 308.05525836029 41.15318526416 1555.70764 -2.5650000000000004 -3.164 0.10960584640502935 1.226326976776123 0.19254823 0.19354823 "" "" 9.079048911585817 "" 1.7571621007400908 ""
308.03275287192 41.42555322436 0.017 0.0195 14.5825 "" "" 2067835270501496704 1700.98596 0.5481 0.0219 -4.031 -5.185 0.023 0.025 1.076 7440.5 2.9184 15.1157 2.808739 16.71035 13.901611 -9.05 3.05 1638.91553 1753.87695 16930.38239 6.1893 2826.7 14.228 21803.0 18.35 "" "" 0.0027837622120776818 0.0061360444 0.003888281 0.010024326 308.03275287192 41.42555322436 1700.98596 -4.031 -5.185 -1.3563941535949704 -0.7946730232238766 0.19354823 0.19554824 2.9914285714285693 4.0392065 12.674846586890014 13.0230711009023 2.459696738128264 2.5674356331856494
308.35667119889 41.3239218618 0.0173 0.021 2.1282 "" "" 2067784315009404032 1565.20752 0.6098 0.0223 -2.56 -4.301 0.023 0.026 1.056 "" "" 15.118554 2.175126 16.23867 14.063544 "" "" 1502.6593 1616.12036 16885.93024 7.1655 4364.6 9.4687 18782.0 12.074 "" "" 0.0027935749261928165 0.0036514516 0.0038432905 0.007494742 308.35667119889 41.3239218618 1565.20752 -2.5599999999999996 -4.301 0.11460584640502924 0.08932697677612289 0.19354823 0.19654822 "" "" 1.0780367343083774 "" 0.20988019039339528 ""
308.24248164841 41.30214862122 0.0166 0.0212 3.2943 "" "" 2067784796045763200 1606.34143 0.5877 0.0222 -2.746 -4.357 0.022 0.025 1.003 "" "" 15.119075 2.330878 16.351578 14.020699 "" "" 1554.05261 1663.51367 16877.83183 6.3687 3933.6 12.649 19538.0 20.361 "" "" 0.0027856126198889867 0.0044692727 0.003945118 0.0084143905 308.24248164841 41.30214862122 1606.34143 -2.7459999999999996 -4.356999999999999 -0.0713941535949707 0.03332697677612284 0.19254823 0.19554824 "" "" 0.5999091687163113 "" 0.11583550642106809 ""
308.41191042509 41.16314682955 0.0163 0.02 9.659 "" "" 2067779161048612992 1620.86694 0.5659 0.0217 -3.937 -6.414 0.021 0.024 0.975 4927.7 2.2244 15.13004 3.098407 16.952238 13.853831 -13.44 3.53 1576.65845 1683.90894 16708.24379 7.0345 2262.2 10.451 22784.0 16.094 "" "" 0.002792981334415747 0.0057397354 0.0038564124 0.009596148 308.41191042509 41.16314682955 1620.86694 -3.937000000000004 -6.414000000000006 -1.2623941535949705 -2.0236730232238767 0.19154823 0.19454823 -1.3985714285714295 4.5192065 18.32481215835774 18.378104980653255 3.5497455804051428 3.5561208457181723
308.03878794408 41.25262823822 0.0179 0.0207 12.885 "" "" 2067824859500440192 1623.90356 0.5619 0.0235 -3.055 -4.372 0.024 0.027 1.067 "" "" 15.150849 3.110889 16.985922 13.875032 "" "" 1572.67725 1683.70862 16391.06201 7.2532 2193.0 11.354 22343.0 29.968 "" "" 0.0027968947399827616 0.006275647 0.004050239 0.010325886 308.03878794408 41.25262823822 1623.90356 -3.0549999999999997 -4.372 -0.38039415359497086 0.01832697677612316 0.19454823 0.19754823 "" "" 2.931405300590755 "" 0.5703202478975202 ""
308.63612795397 41.30230849861 0.0208 0.0227 14.4627 "" "" 2067863720364159872 1512.77771 0.6204 0.026 -2.461 -4.065 0.027 0.028 1.237 "" "" 15.152834 2.665598 16.598883 13.933285 3.57 6.73 1460.08325 1579.61157 16361.12235 8.1428 3132.3 25.955 21176.0 48.687 "" "" 0.002807807109319268 0.009419405 0.0045293644 0.013948769 308.63612795397 41.30230849861 1512.77771 -2.4609999999999994 -4.065000000000005 0.21360584640502944 0.32532697677612266 0.19754823 0.19854823 15.61142857142857 7.7192063 2.790678108742957 15.858896126383875 0.553245006073755 7.599376856122313
308.65220294551 41.19613385609 0.0169 0.0194 16.5845 "" "" 2067861005944981120 1612.5072 0.5744 0.0221 -2.25 -4.339 0.022 0.025 0.927 7845.0 3.1015 15.153012 3.173862 17.032139 13.858276 "" "" 1565.48511 1668.67725 16358.43774 7.276 2101.7 7.2447 22691.0 18.058 "" "" 0.0027973203457483833 0.0046682055 0.003876895 0.008545101 308.65220294551 41.19613385609 1612.5072 -2.25 -4.339 0.4246058464050293 0.051326976776122635 0.19254823 0.19554824 "" "" 3.2690084366031984 "" 0.6295841134017455 ""
308.24810323657 40.91952076042 0.0171 0.0199 23.4349 "" "" 2067758407766230528 1249.13782 0.7722 0.0225 -2.112 -3.301 0.023 0.025 0.995 "" "" 15.159474 1.542424 15.870047 14.327622 "" "" 1219.18335 1278.85095 16261.35787 5.3658 6129.1 18.34 14727.0 12.162 "" "" 0.0027785143119695424 0.0042825155 0.0038842862 0.008166801 308.24810323657 40.91952076042 1249.13782 -2.112000000000001 -3.301 0.5626058464050292 1.089326976776123 0.19354823 0.19554824 "" "" 7.2592391206865985 "" 1.4164865632973915 ""
308.55789888268 41.49854313597 0.0179 0.0222 15.8602 "" "" 2067880797153704448 1553.67322 0.597 0.0241 -2.556 -4.229 0.024 0.028 1.228 "" "" 15.167027 2.66156 16.64289 13.981331 "" "" 1500.33386 1604.30933 16148.63603 6.9651 3007.9 13.622 20259.0 21.73 "" "" 0.0027948319893227568 0.0056535047 0.003954738 0.009608243 308.55789888268 41.49854313597 1553.67322 -2.556 -4.229 0.11860584640502925 0.16132697677612295 0.19454823 0.19854823 "" "" 1.4746070567049834 "" 0.29072471834882685 ""
308.61654282463 41.42397058249 0.016 0.0197 15.2782 "" "" 2067876639625326976 1738.9447 0.5334 0.0215 -2.862 -4.625 0.022 0.024 0.981 "" "" 15.168246 2.138053 16.258165 14.120112 "" "" 1674.4967 1794.39258 16130.51004 5.8924 4287.0 10.882 17828.0 17.014 "" "" 0.0027837191559313057 0.00392181 0.0039188466 0.007840657 308.61654282463 41.42397058249 1738.9447 -2.8620000000000005 -4.625 -0.1873941535949708 -0.23467302322387695 0.19254823 0.19454823 "" "" 2.475360650502764 "" 0.47965544857075865 ""
308.2902741265 41.01121522962 0.0186 0.0229 17.7715 "" "" 2067770914711011840 1260.5155 0.7656 0.0253 3.408 -0.951 0.026 0.028 1.039 6530.3 3.7014 15.17007 1.796661 16.041002 14.244341 -32.4 5.83 1226.97937 1297.25586 16103.44793 5.0723 5236.2 13.382 15901.0 15.537 "" "" 0.002776462661824145 0.003935031 0.0039254553 0.007860486 308.2902741265 41.01121522962 1260.5155 3.4079999999999995 -0.9509999999999988 6.082605846405029 3.439326976776123 0.19654822 0.19854823 -20.35857142857143 6.819206 41.750034346862 46.449292767235995 8.22620185935166 7.975197902132926
308.50865586135 41.49600740901 0.016 0.0188 14.3035 "" "" 2067880556635548928 1491.61304 0.6289 0.0207 -2.459 -4.328 0.022 0.025 1.066 "" "" 15.187726 2.707474 16.69782 13.990347 -174.25 10.78 1446.63477 1526.97583 15843.69024 5.8209 2859.5 9.29 20092.0 15.059 "" "" 0.002784044945660776 0.0044974796 0.0038659973 0.008363477 308.50865586135 41.49600740901 1491.61304 -2.4589999999999996 -4.327999999999999 0.21560584640502922 0.062326976776122756 0.19254823 0.19554824 -162.20857142857142 11.769206 1.5868021726621195 162.21633267347997 0.3059057169903692 11.768643329500744
