Clusters/Bica_2/Bica_2_members.tsv
# %ECSV 1.0
# ---
# datatype:
# - name: RA_ICRS_1
#   unit: deg
#   datatype: float64
#   format: '{:15.11f}'
#   description: Right ascension (ICRS) at Ep=2016.0 (ra)
#   meta: !!omap
#   - {ucd: POS_EQ_RA_MAIN}
#   - {width: 15}
#   - {precision: '11'}
# - name: DE_ICRS_1
#   unit: deg
#   datatype: float64
#   format: '{:15.11f}'
#   description: Declination (ICRS) at Ep=2016.0 (dec)
#   meta: !!omap
#   - {ucd: POS_EQ_DEC_MAIN}
#   - {width: 15}
#   - {precision: '11'}
# - name: e_RA_ICRS
#   unit: mas
#   datatype: float64
#   format: '{:7.4f}'
#   description: Standard error of right ascension (ra_error)
#   meta: !!omap
#   - {ucd: ERROR}
#   - {width: 7}
#   - {precision: '4'}
# - name: e_DE_ICRS
#   unit: mas
#   datatype: float64
#   format: '{:7.4f}'
#   description: Standard error of declination (dec_error)
#   meta: !!omap
#   - {ucd: ERROR}
#   - {width: 7}
#   - {precision: '4'}
# - name: _r_1
#   unit: ''
#   datatype: float64
#   format: '{:7.4f}'
#   description: Distance from center (308.31530763000+41.30680590000)[ICRS], at Epoch=J2016.0
#   meta: !!omap
#   - {ucd: POS_ANG_DIST_GENERAL}
#   - {width: 7}
#   - {precision: '4'}
# - name: HIP
#   datatype: int32
#   description: '? HIP cross-id number, van Leeuwen, Cat. I/311 (hip_original_ext_source_id)'
#   meta: !!omap
#   - {ucd: ID_NUMBER}
#   - {width: 6}
#   - values: {'null': -2147483648}
# - name: TYC2
#   datatype: string
#   description: Tycho-2 cross-id name, Hog et al., Cat. I/259 (tyc2_original_ext_source_id)
#   meta: !!omap
#   - {ucd: ID_CROSSID}
#   - {_votable_string_dtype: char}
# - name: Source
#   datatype: int64
#   description: Source identifier, identical to the Gaia-EDR3 source_id (id)
#   meta: !!omap
#   - {ucd: ID_MAIN}
#   - {width: 19}
# - name: rgeo
#   unit: pc
#   datatype: float64
#   format: '{:15.8f}'
#   description: '? Median of the geometric distance posterior (r_med_geo)'
#   meta: !!omap
#   - {ucd: PHYS_DISTANCE_TRUE}
#   - {width: 15}
#   - {precision: '8'}
#   - values: {'null': .nan}
# - name: Plx
#   unit: mas
#   datatype: float64
#   format: '{:9.4f}'
#   description: '? Parallax (parallax)'
#   meta: !!omap
#   - {ucd: POS_PARLX_TRIG}
#   - {width: 9}
#   - {precision: '4'}
#   - values: {'null': .nan}
# - name: e_Plx
#   unit: mas
#   datatype: float32
#   format: '{:7.4f}'
#   description: '? Standard error of parallax (parallax_error)'
#   meta: !!omap
#   - {ucd: ERROR}
#   - {width: 7}
#   - {precision: '4'}
#   - values: {'null': .nan}
# - name: pmRA
#   unit: mas / yr
#   datatype: float64
#   format: '{:9.3f}'
#   description: '? Proper motion in right ascension direction, pmRA*cosDE (pmra)'
#   meta: !!omap
#   - {ucd: POS_EQ_PMRA}
#   - {width: 9}
#   - {precision: '3'}
#   - values: {'null': .nan}
# - name: pmDE
#   unit: mas / yr
#   datatype: float64
#   format: '{:9.3f}'
#   description: '? Proper motion in declination direction (pmdec)'
#   meta: !!omap
#   - {ucd: POS_EQ_PMDEC}
#   - {width: 9}
#   - {precision: '3'}
#   - values: {'null': .nan}
# - name: e_pmRA
#   unit: mas / yr
#   datatype: float32
#   format: '{:6.3f}'
#   description: '? Standard error of proper motion in right ascension direction (pmra_error)'
#   meta: !!omap
#   - {ucd: ERROR}
#   - {width: 6}
#   - {precision: '3'}
#   - values: {'null': .nan}
# - name: e_pmDE
[...]
#         unit: &id001 !astropy.units.Unit {unit: deg}
#         value: !astropy.table.SerializedColumn {name: SkyCoord.dec}
#       distance: !astropy.table.SerializedColumn
#         __class__: astropy.coordinates.distances.Distance
#         unit: !astropy.units.Unit {unit: pc}
#         value: !astropy.table.SerializedColumn {name: SkyCoord.distance}
#       frame: icrs
#       obstime: !astropy.time.Time {format: jyear_str, in_subfmt: '*', jd1: 367701545.0, jd2: 0.0, out_subfmt: '*', precision: 3, scale: tt}
#       pm_dec: !astropy.table.SerializedColumn
#         __class__: astropy.units.quantity.Quantity
#         unit: !astropy.units.Unit {unit: mas / yr}
#         value: !astropy.table.SerializedColumn {name: SkyCoord.pm_dec}
#       pm_ra_cosdec: !astropy.table.SerializedColumn
#         __class__: astropy.units.quantity.Quantity
#         unit: !astropy.units.Unit {unit: mas / yr}
#         value: !astropy.table.SerializedColumn {name: SkyCoord.pm_ra_cosdec}
#       ra: !astropy.table.SerializedColumn
#         __class__: astropy.coordinates.angles.Longitude
#         unit: *id001
#         value: !astropy.table.SerializedColumn {name: SkyCoord.ra}
#         wrap_angle: !astropy.coordinates.Angle
#           unit: *id001
#           value: 360.0
#       representation_type: spherical
# schema: astropy-2.0
RA_ICRS_1 DE_ICRS_1 e_RA_ICRS e_DE_ICRS _r_1 HIP TYC2 Source rgeo Plx e_Plx pmRA pmDE e_pmRA e_pmDE RUWE Teff logg Gmag BP-RP BPmag RPmag RV e_RV b_rgeo B_rgeo FG e_FG FBP e_FBP FRP e_FRP RAVE5 RAVE6 e_Gmag e_BPmag e_RPmag e_BP-RP SkyCoord.ra SkyCoord.dec SkyCoord.distance SkyCoord.pm_ra_cosdec SkyCoord.pm_dec Pmemb
[from data line 41]
308.27552337526 41.31018834367 0.0162 0.0203 1.8045 "" "" 2067784551230753280 1578.84131 0.5956 0.0206 -2.423 -4.402 0.021 0.023 1.095 "" "" 14.858312 2.247284 16.027142 13.779858 "" "" 1530.45325 1636.06787 21459.61894 7.5919 5303.5 19.265 24390.0 18.67 "" "" 0.002781964763727133 0.0048311222 0.0038696853 0.008700808 308.27552337526 41.31018834367 1578.84131 -2.423 -4.402000000000002 1.0
308.31010065805 41.32325865145 0.0258 0.029 1.0147 "" "" 2067784624247060992 1388.60022 0.6833 0.0326 -2.609 -4.346 0.037 0.035 1.616 "" "" 14.870075 2.339692 16.098179 13.758487 -6.29 9.15 1321.55188 1460.79211 21228.36505 63.743 4967.6 65.545 24875.0 229.86 "" "" 0.004268547421992999 0.014594931 0.010721098 0.02531603 308.31010065805 41.32325865145 1388.60022 -2.609 -4.346 0.99
308.27841866595 41.39330013639 0.0166 0.0205 5.4491 "" "" 2067832384283611648 1591.05591 0.5817 0.0207 -2.755 -4.607 0.023 0.024 1.062 "" "" 14.913877 2.641704 16.36853 13.726827 "" "" 1546.35803 1645.49719 20388.99973 8.1569 3872.6 13.275 25611.0 47.033 "" "" 0.00278934781313097 0.0046515632 0.0042730914 0.008924655 308.27841866595 41.39330013639 1591.05591 -2.755 -4.607 0.92
308.3051118596 41.31843187941 0.0166 0.021 0.8353 "" "" 2067784624247061120 1661.80835 0.5659 0.0217 -2.779 -4.279 0.022 0.025 1.091 "" "" 15.03003 1.95254 15.998368 14.045828 "" "" 1609.25549 1710.36072 18320.39492 5.9159 5445.9 12.052 19091.0 22.057 "" "" 0.0027775364721348214 0.0036821724 0.003982121 0.0076642935 308.3051118596 41.31843187941 1661.80835 -2.779 -4.279 1.0
308.33059253509 41.28585357635 0.0183 0.0234 1.4336 "" "" 2067783799613326848 1775.47644 0.5283 0.0244 -2.524 -4.212 0.024 0.031 1.116 "" "" 15.111959 2.30262 16.324146 14.021526 "" "" 1702.01672 1842.02698 16988.81949 7.6341 4034.2 10.792 19523.0 26.603 "" "" 0.002798182049062776 0.0040275385 0.004058643 0.008086181 308.33059253509 41.28585357635 1775.47644 -2.524 -4.212 1.0
308.35667119889 41.3239218618 0.0173 0.021 2.1282 "" "" 2067784315009404032 1565.20752 0.6098 0.0223 -2.56 -4.301 0.023 0.026 1.056 "" "" 15.118554 2.175126 16.23867 14.063544 "" "" 1502.6593 1616.12036 16885.93024 7.1655 4364.6 9.4687 18782.0 12.074 "" "" 0.0027935749261928165 0.0036514516 0.0038432905 0.007494742 308.35667119889 41.3239218618 1565.20752 -2.5599999999999996 -4.301 1.0
308.24248164841 41.30214862122 0.0166 0.0212 3.2943 "" "" 2067784796045763200 1606.34143 0.5877 0.0222 -2.746 -4.357 0.022 0.025 1.003 "" "" 15.119075 2.330878 16.351578 14.020699 "" "" 1554.05261 1663.51367 16877.83183 6.3687 3933.6 12.649 19538.0 20.361 "" "" 0.0027856126198889867 0.0044692727 0.003945118 0.0084143905 308.24248164841 41.30214862122 1606.34143 -2.7459999999999996 -4.356999999999999 1.0
308.22537509159 41.26259776618 0.0176 0.023 4.8453 "" "" 2067783112418579456 1556.61243 0.6007 0.0236 -2.804 -4.506 0.023 0.027 1.054 "" "" 15.252041 2.564915 16.657831 14.092916 "" "" 1501.47095 1603.87097 14932.42395 6.4877 2966.8 13.33 18281.0 15.21 "" "" 0.002795408670854715 0.00561984 0.003885841 0.009505682 308.22537509159 41.26259776618 1556.61243 -2.803999999999999 -4.5059999999999985 1.0
308.42296749692 41.34464946893 0.0198 0.0255 5.3561 "" "" 2067877945295998592 1678.5592 0.5621 0.0257 -2.497 -4.407 0.027 0.036 1.121 "" "" 15.254187 2.154979 16.355568 14.200589 "" "" 1598.20532 1760.59839 14902.95042 5.0411 3919.1 13.36 16555.0 17.397 "" "" 0.0027796891260282175 0.0046350886 0.003947849 0.0085829375 308.42296749692 41.34464946893 1678.5592 -2.497 -4.406999999999998 1.0
308.31410108457 41.32020704109 0.0196 0.0233 0.8059 "" "" 2067785002204181888 1576.80225 0.5979 0.0259 -2.645 -4.445 0.025 0.029 1.018 "" "" 15.302316 1.935624 16.253443 14.317819 "" "" 1526.94092 1635.90662 14256.74807 6.6716 4305.7 15.016 14860.0 35.207 "" "" 0.0028017738524441557 0.0047034477 0.0045717447 0.009275192 308.31410108457 41.32020704109 1576.80225 -2.6450000000000005 -4.445 1.0
308.25966153191 41.36903102165 0.0178 0.0232 4.497 "" "" 2067831971966549248 1597.35046 0.5932 0.0241 -2.715 -4.271 0.024 0.029 1.069 "" "" 15.339251 2.15036 16.441736 14.291376 "" "" 1540.38062 1659.06372 13779.92008 4.5664 3620.1 9.1792 15227.0 10.271 "" "" 0.002778711882812611 0.003919712 0.0038496847 0.0077693965 308.25966153191 41.36903102165 1597.35046 -2.7150000000000003 -4.270999999999999 1.0
308.28896714525 41.24136876035 0.0196 0.0248 4.102 "" "" 2067782150345885568 1782.43408 0.5216 0.0259 -2.72 -4.515 0.025 0.029 1.062 5439.7 2.4587 15.357986 2.966111 17.073502 14.10739 "" "" 1704.82166 1876.3197 13544.16135 7.2924 2023.1 10.186 18039.0 24.893 "" "" 0.0028166506937420993 0.006137413 0.0040655294 0.010202942 308.28896714525 41.24136876035 1782.43408 -2.7200000000000006 -4.514999999999999 1.0
308.2859321951 41.30866550618 0.0201 0.025 1.3287 "" "" 2067784658606801664 1552.06995 0.6089 0.0257 -2.653 -4.595 0.027 0.03 1.105 "" "" 15.420147 2.225025 16.57233 14.347305 "" "" 1510.63684 1601.93628 12790.51582 5.1466 3209.9 10.119 14462.0 14.457 "" "" 0.002789739897052467 0.0044158814 0.0039321412 0.008348023 308.2859321951 41.30866550618 1552.06995 -2.6530000000000014 -4.594999999999999 1.0
308.3810008004 41.34932652158 0.0194 0.0243 3.9077 "" "" 2067878185814073472 1802.06372 0.5192 0.0253 -2.59 -4.505 0.026 0.03 0.977 "" "" 15.423474 2.417915 16.712814 14.294899 "" "" 1718.67322 1887.86108 12751.36996 30.734 2820.3 25.9 15177.0 97.651 "" "" 0.0037999916339032064 0.010353807 0.007942599 0.018296406 308.3810008004 41.34932652158 1802.06372 -2.5899999999999994 -4.504999999999999 0.97
308.3418359722 41.29933257469 0.0205 0.0259 1.277 "" "" 2067784177570667648 1634.47461 0.5878 0.0274 -2.729 -4.47 0.027 0.032 0.996 "" "" 15.624202 2.189204 16.752066 14.562861 "" "" 1562.75916 1713.03625 10599.0293 4.3262 2720.1 7.7791 11858.0 13.362 "" "" 0.0027907318069933487 0.004174493 0.0039724736 0.008146966 308.3418359722 41.29933257469 1634.47461 -2.729 -4.469999999999998 1.0
308.32543860659 41.29207307291 0.0242 0.0276 0.995 "" "" 2067783799613329152 1528.53491 0.6148 0.0295 -2.582 -4.457 0.033 0.033 1.059 7598.5 3.2971 15.723376 2.827013 17.329948 14.502935 -12.34 5.36 1468.39917 1595.40515 9673.77963 5.2509 1597.5 14.411 12531.0 16.477 "" "" 0.0028176416590898006 0.010184066 0.0040400326 0.014224099 308.32543860659 41.29207307291 1528.53491 -2.5819999999999994 -4.456999999999999 1.0
308.35033844341 41.33365533098 0.0238 0.0313 2.2554 "" "" 2067784383729101312 1467.03149 0.6437 0.0312 -2.654 -4.566 0.031 0.038 1.12 "" "" 15.736428 2.627609 17.19081 14.5632 "" "" 1406.56299 1541.8363 9558.18412 5.1192 1815.9 12.198 11854.0 14.131 "" "" 0.0028160137923241182 0.0078087463 0.0039948616 0.011803608 308.35033844341 41.33365533098 1467.03149 -2.6539999999999995 -4.566 0.99
308.32086844867 41.35844335168 0.0235 0.0285 3.1084 "" "" 2067785105283609984 1486.52759 0.6322 0.0304 -2.666 -4.522 0.032 0.036 1.011 "" "" 15.765851 2.315496 16.975037 14.65954 "" "" 1430.52551 1550.1908 9302.64396 3.9998 2215.1 9.9394 10848.0 14.562 "" "" 0.002794587104066182 0.005614238 0.0040506674 0.009664905 308.32086844867 41.35844335168 1486.52759 -2.666 -4.522 0.89
308.30915267628 41.40389080707 0.0336 0.0403 5.8317 "" "" 2067832453003092864 1648.69287 0.5654 0.0422 -2.258 -4.254 0.047 0.051 1.43 8320.0 3.0224 15.79118 2.759011 17.312399 14.553388 "" "" 1558.35205 1776.96594 9088.14118 6.5212 1623.5 9.1378 11962.0 12.475 "" "" 0.0028633442427155246 0.0067178574 0.0039453553 0.010663213 308.30915267628 41.40389080707 1648.69287 -2.2579999999999996 -4.253999999999998 0.92
308.29634994514 41.31942308151 0.0261 0.0351 1.1415 "" "" 2067784692963750016 1428.11829 0.6617 0.0378 -2.516 -4.516 0.034 0.041 1.16 "" "" 15.815915 2.390806 16.942879 14.552073 "" "" 1358.56763 1518.2915 8883.43385 5.2792 2281.7 31.337 11976.0 303.76 "" "" 0.0028298596029479534 0.015170358 0.02779681 0.04296717 308.29634994514 41.31942308151 1428.11829 -2.516 -4.516 1.0
308.33858319917 41.3109712055 0.0241 0.0287 1.0784 "" "" 2067784246289928960 1710.0835 0.5602 0.0315 -2.684 -4.522 0.032 0.035 1.085 "" "" 15.816944 2.151127 16.914755 14.763628 "" "" 1618.56848 1804.42017 8875.0143 4.0093 2341.6 11.655 9856.1 12.838 "" "" 0.0027986358838835573 0.0060818917 0.0040353118 0.010117203 308.33858319917 41.3109712055 1710.0835 -2.684 -4.522 1.0
308.25728201603 41.24102085741 0.0239 0.0301 4.7356 "" "" 2067782940619874944 1640.88464 0.5709 0.0319 -2.99 -3.816 0.031 0.036 1.039 "" "" 15.852211 2.812079 17.448513 14.636434 "" "" 1563.80127 1727.9845 8591.36479 5.0665 1432.2 8.8138 11081.0 14.254 "" "" 0.0028287361871005526 0.0072408225 0.0040291823 0.011270005 308.25728201603 41.24102085741 1640.88464 -2.99 -3.816 0.97
308.32084842124 41.3558475028 0.0237 0.0279 2.9531 "" "" 2067785105283609600 1646.2345 0.5756 0.0299 -2.616 -4.501 0.031 0.034 0.99 "" "" 15.857499 2.397341 17.13559 14.738249 "" "" 1554.15405 1734.51758 8549.62411 4.283 1910.7 8.7672 10089.0 13.645 "" "" 0.0028084916228471373 0.0057100016 0.0040546246 0.009764627 308.32084842124 41.3558475028 1646.2345 -2.616 -4.5009999999999994 1.0
308.315149649 41.36943733715 0.0242 0.0304 3.7579 "" "" 2067785414521257600 1743.57532 0.5311 0.0313 -2.595 -4.404 0.033 0.039 1.052 "" "" 15.85901 2.895371 17.519392 14.624021 "" "" 1662.94067 1833.43359 8537.73684 4.1223 1341.7 6.2209 11209.0 14.56 "" "" 0.0028047469748711715 0.0057556275 0.0040339488 0.009789577 308.315149649 41.36943733715 1743.57532 -2.594999999999999 -4.404 1.0
308.35068075704 41.30420642845 0.0256 0.0309 1.6019 "" "" 2067784211930185856 1483.15698 0.6487 0.0332 -2.829 -4.527 0.032 0.039 1.115 "" "" 15.874804 2.133427 16.960594 14.827167 "" "" 1408.60303 1545.37036 8414.43144 3.9899 2244.8 10.853 9295.9 15.333 "" "" 0.0028030049101390904 0.0059447093 0.00418221 0.0101269195 308.35068075704 41.30420642845 1483.15698 -2.8289999999999997 -4.526999999999998 1.0
308.34090634257 41.22566555858 0.0251 0.0303 5.0034 "" "" 2067780432358951680 1534.64331 0.6096 0.033 -2.52 -4.321 0.033 0.038 1.037 "" "" 15.87897 2.804519 17.466326 14.661807 "" "" 1454.11975 1619.48889 8382.21322 4.6301 1408.9 9.5577 10825.0 18.037 "" "" 0.002819834349706034 0.007876196 0.004190053 0.012066249 308.34090634257 41.22566555858 1534.64331 -2.52 -4.321 1.0
308.33491039485 41.28711282359 0.025 0.0304 1.4755 "" "" 2067783795316503040 1665.91467 0.5697 0.0325 -2.454 -4.386 0.035 0.038 0.989 "" "" 15.904181 2.757275 17.436 14.678726 "" "" 1574.16321 1755.62061 8189.82351 5.5077 1448.8 11.515 10658.0 19.121 "" "" 0.0028504259186012204 0.009069252 0.0042518126 0.013321064 308.33491039485 41.28711282359 1665.91467 -2.454 -4.385999999999999 0.96
308.24336203185 41.37414087763 0.0237 0.0297 5.1794 "" "" 2067832178124982528 1650.61975 0.5775 0.031 -2.823 -4.349 0.032 0.036 1.048 "" "" 15.92119 2.039365 16.946503 14.907138 "" "" 1560.57922 1774.32056 8062.51802 3.1559 2274.1 9.7687 8635.8 16.387 "" "" 0.0027879032179055547 0.005434817 0.0043044607 0.009739278 308.24336203185 41.37414087763 1650.61975 -2.8229999999999995 -4.349 1.0
308.23628345645 41.26144763051 0.0323 0.0437 4.4834 "" "" 2067783009339361536 1693.2135 0.5463 0.0436 -2.31 -4.087 0.042 0.051 1.453 "" "" 15.924893 2.710623 17.425774 14.715151 "" "" 1598.88525 1810.48792 8035.06526 7.1635 1462.5 7.4601 10306.0 18.52 "" "" 0.0029204019918338407 0.006201398 0.004253286 0.0104546845 308.23628345645 41.26144763051 1693.2135 -2.31 -4.087 1.0
308.35468703782 41.30518568278 0.025 0.0319 1.7776 "" "" 2067784211930185216 1558.33545 0.6093 0.0334 -2.753 -4.36 0.034 0.038 1.077 "" "" 15.941928 2.121741 17.018957 14.897216 "" "" 1498.30481 1636.98108 7909.9816 3.8428 2127.3 14.2 8715.1 14.307 "" "" 0.0028053542617271832 0.0077659674 0.004178589 0.011944557 308.35468703782 41.30518568278 1558.33545 -2.753000000000001 -4.360000000000002 1.0
308.2861126362 41.30218357442 0.0246 0.0307 1.3448 "" "" 2067784658606800256 1442.20984 0.663 0.0321 -2.754 -4.674 0.033 0.038 0.996 "" "" 15.979661 2.157139 17.083757 14.926619 "" "" 1380.20081 1521.40686 7639.80855 3.4925 2004.1 10.449 8482.2 10.117 "" "" 0.0027996681277648195 0.0063110995 0.003995089 0.010306189 308.2861126362 41.30218357442 1442.20984 -2.7539999999999996 -4.674000000000001 1.0
308.3268305369 41.38676013866 0.0276 0.0323 4.8253 "" "" 2067785448881001216 1620.52856 0.5758 0.0348 -2.602 -4.167 0.039 0.041 1.059 "" "" 16.000216 2.30096 17.208838 14.907877 "" "" 1537.95044 1718.58801 7496.52861 3.2345 1786.0 6.9216 8629.9 10.349 "" "" 0.0027948600819225886 0.005048778 0.0039973715 0.009046149 308.3268305369 41.38676013866 1620.52856 -2.602000000000001 -4.167 1.0
308.3664427981 41.27946961378 0.0245 0.0319 2.8292 "" "" 2067783902692531456 1734.94019 0.5457 0.0328 -2.569 -4.389 0.033 0.038 1.053 "" "" 16.024834 2.4352 17.329466 14.894266 "" "" 1645.99231 1848.12671 7328.47261 3.4137 1598.2 8.4359 8738.8 9.4932 "" "" 0.002801351966952865 0.0063740513 0.0039591496 0.010333201 308.3664427981 41.27946961378 1734.94019 -2.569000000000001 -4.389000000000002 1.0
308.28143415629 41.22822671243 0.0262 0.0332 4.9561 "" "" 2067782111687596032 1743.83154 0.5218 0.0361 -2.833 -4.61 0.036 0.04 0.988 8467.5 3.0482 16.03597 3.238919 17.965326 14.726407 "" "" 1634.59851 1867.9624 7253.67892 3.8982 889.79 8.0365 10200.0 15.783 "" "" 0.0028164241084588245 0.010195485 0.004135962 0.014331447 308.28143415629 41.22822671243 1743.83154 -2.8330000000000006 -4.61 0.99
308.40753685412 41.32169937129 0.0266 0.0355 4.2514 "" "" 2067877910936163840 1735.53955 0.5449 0.0367 -2.989 -4.205 0.036 0.05 0.999 "" "" 16.05478 2.333908 17.28591 14.952002 "" "" 1598.4209 1857.99854 7129.10326 3.9132 1663.6 12.428 8286.2 22.811 "" "" 0.0028190361425130357 0.008577532 0.0048184358 0.013395968 308.40753685412 41.32169937129 1735.53955 -2.9889999999999994 -4.205 0.99
308.39751338055 41.28287734238 0.0265 0.0326 3.9742 "" "" 2067781085193980160 1658.92578 0.5673 0.0333 -2.977 -4.326 0.035 0.041 0.978 "" "" 16.07067 2.422929 17.36034 14.937411 "" "" 1574.00757 1756.79895 7025.53393 3.7436 1553.4 8.5038 8398.3 10.928 "" "" 0.0028154039659565866 0.006565985 0.004034807 0.010600792 308.39751338055 41.28287734238 1658.92578 -2.977 -4.3260000000000005 1.0
308.30014388214 41.33985844402 0.029 0.0355 2.0976 "" "" 2067785272785268352 1517.70984 0.6201 0.0379 -2.532 -4.525 0.038 0.042 1.089 "" "" 16.093151 2.622516 17.529318 14.906802 "" "" 1442.19067 1610.56519 6881.55634 4.4934 1329.5 14.73 8638.5 21.488 "" "" 0.0028450646402506078 0.0123486025 0.00464518 0.016993783 308.30014388214 41.33985844402 1517.70984 -2.5319999999999996 -4.524999999999997 1.0
308.31906909753 41.28441715116 0.0268 0.0321 1.354 "" "" 2067783765253590528 1631.76233 0.5591 0.0348 -2.823 -4.383 0.037 0.043 1.021 7408.8 3.4772 16.09731 2.992725 17.822617 14.829891 "" "" 1527.14539 1730.74524 6855.25071 3.446 1014.8 10.193 9272.6 26.889 "" "" 0.0028088544533833837 0.011256781 0.0049189935 0.016175775 308.31906909753 41.28441715116 1631.76233 -2.823 -4.383000000000001 1.0
308.23336720958 41.24689719112 0.0271 0.0353 5.1548 "" "" 2067782906260144000 1627.64185 0.5775 0.0367 -2.681 -4.455 0.036 0.042 1.093 "" "" 16.11745 2.612802 17.55363 14.940828 "" "" 1528.453 1758.71936 6729.24214 3.6562 1300.1 8.1114 8372.0 13.547 "" "" 0.0028177627512152486 0.0073260996 0.004167769 0.011493869 308.23336720958 41.24689719112 1627.64185 -2.681 -4.454999999999998 0.99
308.32441104245 41.3499353938 0.0289 0.0331 2.6201 "" "" 2067785105283608576 1651.40601 0.5731 0.0357 -2.577 -4.352 0.038 0.041 1.076 "" "" 16.134153 2.278476 17.32451 15.046035 "" "" 1560.91821 1736.21997 6626.51553 3.3922 1605.5 11.408 7598.8 9.5931 "" "" 0.002810819430545235 0.008203832 0.0040202625 0.012224095 308.32441104245 41.3499353938 1651.40601 -2.576999999999999 -4.352 1.0
