Clusters/UPK_220/UPK_220_members.tsv
# %ECSV 1.0
# ---
# datatype:
# - name: RA_ICRS_1
#   unit: deg
#   datatype: float64
#   format: '{:15.11f}'
#   description: Right ascension (ICRS) at Ep=2016.0 (ra)
#   meta: !!omap
#   - {ucd: POS_EQ_RA_MAIN}
#   - {width: 15}
#   - {precision: '11'}
# - name: DE_ICRS_1
#   unit: deg
#   datatype: float64
#   format: '{:15.11f}'
#   description: Declination (ICRS) at Ep=2016.0 (dec)
#   meta: !!omap
#   - {ucd: POS_EQ_DEC_MAIN}
#   - {width: 15}
#   - {precision: '11'}
# - name: e_RA_ICRS
#   unit: mas
#   datatype: float64
#   format: '{:7.4f}'
#   description: Standard error of right ascension (ra_error)
#   meta: !!omap
#   - {ucd: ERROR}
#   - {width: 7}
#   - {precision: '4'}
# - name: e_DE_ICRS
#   unit: mas
#   datatype: float64
#   format: '{:7.4f}'
#   description: Standard error of declination (dec_error)
#   meta: !!omap
#   - {ucd: ERROR}
#   - {width: 7}
#   - {precision: '4'}
# - name: _r_1
#   unit: ''
#   datatype: float64
#   format: '{:7.4f}'
#   description: Distance from center (350.98851801000+66.50860336000)[ICRS], at Epoch=J2016.0
#   meta: !!omap
#   - {ucd: POS_ANG_DIST_GENERAL}
#   - {width: 7}
#   - {precision: '4'}
# - name: HIP
#   datatype: int32
#   description: '? HIP cross-id number, van Leeuwen, Cat. I/311 (hip_original_ext_source_id)'
#   meta: !!omap
#   - {ucd: ID_NUMBER}
#   - {width: 6}
#   - values: {'null': -2147483648}
# - name: TYC2
#   datatype: string
#   description: Tycho-2 cross-id name, Hog et al., Cat. I/259 (tyc2_original_ext_source_id)
#   meta: !!omap
#   - {ucd: ID_CROSSID}
#   - {_votable_string_dtype: char}
# - name: Source
#   datatype: int64
#   description: Source identifier, identical to the Gaia-EDR3 source_id (id)
#   meta: !!omap
#   - {ucd: ID_MAIN}
#   - {width: 19}
# - name: rgeo
#   unit: pc
#   datatype: float64
#   format: '{:15.8f}'
#   description: '? Median of the geometric distance posterior (r_med_geo)'
#   meta: !!omap
#   - {ucd: PHYS_DISTANCE_TRUE}
#   - {width: 15}
#   - {precision: '8'}
#   - values: {'null': .nan}
# - name: Plx
#   unit: mas
#   datatype: float64
#   format: '{:9.4f}'
#   description: '? Parallax (parallax)'
#   meta: !!omap
#   - {ucd: POS_PARLX_TRIG}
#   - {width: 9}
#   - {precision: '4'}
#   - values: {'null': .nan}
# - name: e_Plx
#   unit: mas
#   datatype: float32
#   format: '{:7.4f}'
#   description: '? Standard error of parallax (parallax_error)'
#   meta: !!omap
#   - {ucd: ERROR}
#   - {width: 7}
#   - {precision: '4'}
#   - values: {'null': .nan}
# - name: pmRA
#   unit: mas / yr
#   datatype: float64
#   format: '{:9.3f}'
#   description: '? Proper motion in right ascension direction, pmRA*cosDE (pmra)'
#   meta: !!omap
#   - {ucd: POS_EQ_PMRA}
#   - {width: 9}
#   - {precision: '3'}
#   - values: {'null': .nan}
# - name: pmDE
#   unit: mas / yr
#   datatype: float64
#   format: '{:9.3f}'
#   description: '? Proper motion in declination direction (pmdec)'
#   meta: !!omap
#   - {ucd: POS_EQ_PMDEC}
#   - {width: 9}
#   - {precision: '3'}
#   - values: {'null': .nan}
# - name: e_pmRA
#   unit: mas / yr
#   datatype: float32
#   format: '{:6.3f}'
#   description: '? Standard error of proper motion in right ascension direction (pmra_error)'
#   meta: !!omap
#   - {ucd: ERROR}
#   - {width: 6}
#   - {precision: '3'}
#   - values: {'null': .nan}
# - name: e_pmDE
[...]
#         unit: &id001 !astropy.units.Unit {unit: deg}
#         value: !astropy.table.SerializedColumn {name: SkyCoord.dec}
#       distance: !astropy.table.SerializedColumn
#         __class__: astropy.coordinates.distances.Distance
#         unit: !astropy.units.Unit {unit: pc}
#         value: !astropy.table.SerializedColumn {name: SkyCoord.distance}
#       frame: icrs
#       obstime: !astropy.time.Time {format: jyear_str, in_subfmt: '*', jd1: 367701545.0, jd2: 0.0, out_subfmt: '*', precision: 3, scale: tt}
#       pm_dec: !astropy.table.SerializedColumn
#         __class__: astropy.units.quantity.Quantity
#         unit: !astropy.units.Unit {unit: mas / yr}
#         value: !astropy.table.SerializedColumn {name: SkyCoord.pm_dec}
#       pm_ra_cosdec: !astropy.table.SerializedColumn
#         __class__: astropy.units.quantity.Quantity
#         unit: !astropy.units.Unit {unit: mas / yr}
#         value: !astropy.table.SerializedColumn {name: SkyCoord.pm_ra_cosdec}
#       ra: !astropy.table.SerializedColumn
#         __class__: astropy.coordinates.angles.Longitude
#         unit: *id001
#         value: !astropy.table.SerializedColumn {name: SkyCoord.ra}
#         wrap_angle: !astropy.coordinates.Angle
#           unit: *id001
#           value: 360.0
#       representation_type: spherical
# schema: astropy-2.0
RA_ICRS_1 DE_ICRS_1 e_RA_ICRS e_DE_ICRS _r_1 HIP TYC2 Source rgeo Plx e_Plx pmRA pmDE e_pmRA e_pmDE RUWE Teff logg Gmag BP-RP BPmag RPmag RV e_RV b_rgeo B_rgeo FG e_FG FBP e_FBP FRP e_FRP RAVE5 RAVE6 e_Gmag e_BPmag e_RPmag e_BP-RP SkyCoord.ra SkyCoord.dec SkyCoord.distance SkyCoord.pm_ra_cosdec SkyCoord.pm_dec Pmemb
[from data line 120]
352.50445707514 66.3907861591 0.0287 0.0288 37.0221 "" "" 2210363382262877440 959.578857 1.007 0.0342 -2.491 -2.649 0.036 0.039 0.998 6564.3 4.2667 16.227594 1.956622 17.20281 15.246188 "" "" 928.408752 993.242065 6080.07257 2.942 1795.9 9.0651 6319.5 13.041 "" "" 0.002804958828018384 0.0061498107 0.0043936023 0.010543413 352.50445707514 66.3907861591 959.578857 -2.491 -2.6490000000000005 0.8
351.21588896694 66.46484282168 0.0288 0.0309 6.043 "" "" 2210473642664867584 928.470215 1.0525 0.0352 -2.264 -2.533 0.04 0.035 1.03 7098.2 4.3622 16.24908 2.117011 17.33702 15.22001 "" "" 900.675903 950.869873 5960.93225 2.5874 1587.1 6.2316 6473.7 11.505 "" "" 0.0027953333951504043 0.0050949557 0.004243457 0.009338412 351.21588896694 66.46484282168 928.470215 -2.264 -2.533 1.0
350.02600336659 66.48807978547 0.0298 0.0306 23.0623 "" "" 2210506318775887616 976.176025 0.9885 0.0349 -2.594 -3.123 0.042 0.043 0.971 6180.5 4.2604 16.261198 1.941529 17.228176 15.286647 "" "" 944.737854 1016.50391 5894.78345 2.94 1754.5 9.4708 6088.3 12.404 "" "" 0.0028080275690196715 0.0064910813 0.00437913 0.010870211 350.02600336659 66.48807978547 976.176025 -2.594 -3.1229999999999998 0.8
351.87872357153 66.62159939983 0.0332 0.0296 22.2979 "" "" 2210567307309183872 925.889771 1.0618 0.037 -2.261 -2.701 0.041 0.039 0.99 6371.0 4.4401 16.278528 1.992419 17.283487 15.291068 "" "" 892.215759 968.157837 5801.43759 3.1898 1667.3 10.929 6063.6 10.535 "" "" 0.0028192484741647143 0.0076443013 0.004223996 0.011868297 351.87872357153 66.62159939983 925.889771 -2.261000000000001 -2.7010000000000005 1.0
351.41948231509 66.46903705308 0.031 0.0332 10.585 "" "" 2210470893885820288 870.319519 1.1305 0.0381 -2.438 -2.667 0.045 0.041 1.043 5504.3 4.2306 16.35144 2.135748 17.378323 15.242575 "" "" 839.356628 905.329285 5424.63245 4.0895 1527.9 18.571 6340.6 42.387 "" "" 0.0028743257656114797 0.013488417 0.008183192 0.021671608 351.41948231509 66.46903705308 870.319519 -2.438000000000001 -2.667 0.9
350.955411314 66.66762286402 0.0395 0.0367 9.5738 "" "" 2210490959972856704 935.165344 1.0499 0.0456 -2.343 -2.624 0.05 0.042 1.14 6018.6 4.4061 16.373009 1.92597 17.336048 15.410078 "" "" 899.350586 979.362854 5317.93824 3.0794 1588.5 8.4968 5434.1 12.23 "" "" 0.0028261386666741935 0.0064430283 0.004500524 0.0109435525 350.955411314 66.66762286402 935.165344 -2.343 -2.624 1.0
350.81413174567 66.45915197393 0.0335 0.035 5.1218 "" "" 2210478968424261888 933.813477 1.0565 0.0408 -2.531 -2.446 0.044 0.042 0.977 5267.9 4.3092 16.45098 1.936379 17.399714 15.463335 "" "" 903.323547 973.953064 4949.42898 3.1408 1498.1 14.815 5174.0 18.208 "" "" 0.0028401565346605224 0.011093664 0.0053742565 0.016467921 350.81413174567 66.45915197393 933.813477 -2.5310000000000006 -2.4459999999999997 0.8
349.26544658958 66.29013035766 0.0338 0.0326 43.4153 "" "" 2210500099662805376 991.111023 0.9806 0.037 -2.449 -2.664 0.043 0.041 0.985 4907.9 4.3199 16.457176 1.681497 17.253216 15.571719 "" "" 956.663635 1029.16003 4921.25916 2.5226 1714.5 10.189 4682.4 15.129 "" "" 0.0028109653636027333 0.007029791 0.005156564 0.012186355 349.26544658958 66.29013035766 991.111023 -2.449 -2.664 0.8
350.83583081968 66.51245364952 0.0336 0.0378 3.6588 "" "" 2210485737292694784 920.133423 1.0643 0.0417 -2.475 -2.811 0.045 0.044 1.046 7828.5 4.3053 16.458258 2.33204 17.698359 15.366319 "" "" 883.755554 949.471313 4916.36161 2.5212 1137.8 7.2008 5657.6 9.3123 "" "" 0.002811013922146308 0.0074161883 0.0041806046 0.011596793 350.83583081968 66.51245364952 920.133423 -2.474999999999999 -2.811 1.0
351.41423331041 66.40491223711 0.0327 0.0354 11.9501 "" "" 2210469721354066176 958.842041 1.0201 0.0398 -2.421 -2.481 0.044 0.042 0.968 6657.8 4.3622 16.500084 2.039757 17.534363 15.494606 "" "" 914.56189 998.61377 4730.56854 2.7627 1323.3 7.8015 5027.1 11.288 "" "" 0.0028273393981304968 0.0069826315 0.0044974773 0.011480109 351.41423331041 66.40491223711 958.842041 -2.4210000000000003 -2.481 1.0
350.87241171186 66.65934427136 0.0366 0.0366 9.4587 "" "" 2210537483058600832 935.402161 1.0448 0.0452 -2.364 -2.758 0.049 0.043 1.012 5650.3 4.4912 16.513014 1.886635 17.442646 15.556011 "" "" 894.103638 970.539429 4674.56823 3.0963 1440.0 9.1626 4750.7 12.965 "" "" 0.002847627289734666 0.007450618 0.004802437 0.012253055 350.87241171186 66.65934427136 935.402161 -2.3640000000000003 -2.7580000000000005 1.0
351.41709295211 66.70751776098 0.0367 0.0323 15.7056 "" "" 2210488898388849664 941.203674 1.0312 0.041 -2.246 -2.701 0.049 0.043 0.991 6156.7 4.2551 16.53526 2.181938 17.662004 15.480066 "" "" 909.146301 989.678101 4579.76078 2.6608 1176.6 10.565 5094.9 12.346 "" "" 0.002826606057307882 0.010140522 0.0046049645 0.014745487 351.41709295211 66.70751776098 941.203674 -2.2459999999999996 -2.701 1.0
349.12659474758 66.50495183284 0.0363 0.0353 44.5332 "" "" 2210518688281155840 961.612915 1.0239 0.0418 -2.357 -2.576 0.049 0.044 0.992 4896.1 4.4405 16.598923 1.690456 17.39936 15.708904 "" "" 918.698364 997.54248 4318.94129 3.3494 1498.6 9.8866 4126.6 12.275 "" "" 0.002881103904340511 0.0076870923 0.0049713445 0.012658437 349.12659474758 66.50495183284 961.612915 -2.3570000000000007 -2.5759999999999996 0.9
350.94051389578 66.65351828923 0.0389 0.0389 8.7699 "" "" 2210490513296264448 884.064392 1.104 0.0463 -2.307 -2.942 0.053 0.049 0.946 5744.1 4.5039 16.60371 1.995416 17.602158 15.606742 "" "" 845.619873 930.569214 4299.93907 2.7365 1243.2 8.7432 4533.8 14.633 "" "" 0.0028406381549780256 0.008129592 0.00515398 0.013283572 350.94051389578 66.65351828923 884.064392 -2.307 -2.942 0.9
352.78992774289 66.77523444467 0.0383 0.038 45.7398 "" "" 2210387674598123520 914.01178 1.0516 0.0464 -2.4 -2.52 0.054 0.054 0.975 5136.9 4.2499 16.61425 2.330316 17.855202 15.524886 "" "" 877.043945 959.86969 4258.40346 2.4378 984.77 11.099 4888.8 16.786 "" "" 0.0028245553387548084 0.01255102 0.005308605 0.017859625 352.78992774289 66.77523444467 914.01178 -2.4 -2.52 1.0
352.52806308643 66.75549413246 0.0403 0.0391 39.5183 "" "" 2210575003890840064 999.705811 0.9717 0.0476 -2.404 -2.485 0.055 0.05 1.009 4808.5 4.177 16.632668 2.291752 17.83857 15.546818 "" "" 958.742188 1044.22095 4186.77693 2.7617 999.98 8.8647 4791.1 10.772 "" "" 0.0028468755344291047 0.010021183 0.004499188 0.014520371 352.52806308643 66.75549413246 999.705811 -2.404 -2.485 1.0
351.08192174217 66.61242100742 0.0365 0.038 6.6159 "" "" 2210486699365344384 961.206787 1.0175 0.0448 -2.421 -2.588 0.047 0.044 0.978 6370.1 4.4204 16.6374 2.182201 17.769335 15.587133 "" "" 922.090515 999.815552 4168.56642 2.2659 1065.8 9.8176 4616.4 11.088 "" "" 0.0028178168736255967 0.010383153 0.004591769 0.014974922 351.08192174217 66.61242100742 961.206787 -2.421 -2.5880000000000005 1.0
352.68970965832 66.83492346454 0.0389 0.0373 44.9105 "" "" 2210576446999842816 962.738892 1.0077 0.0467 -2.34 -2.447 0.053 0.049 1.01 5874.6 4.2876 16.642437 2.265465 17.837559 15.572094 "" "" 923.929993 1009.7146 4149.27024 2.5223 1000.9 10.267 4680.8 7.4246 "" "" 0.0028332667033889166 0.011481416 0.0041532656 0.015634682 352.68970965832 66.83492346454 962.738892 -2.34 -2.447 1.0
350.56364522924 66.64675116406 0.043 0.0394 13.0916 "" "" 2210532294738077440 879.185669 1.1074 0.0481 -2.299 -2.624 0.056 0.049 0.973 5565.3 4.522 16.69913 2.02426 17.724892 15.700632 "" "" 846.339233 921.311707 3938.17621 2.4597 1110.4 6.3108 4158.2 11.65 "" "" 0.002837542289375362 0.0067721256 0.004851482 0.011623608 350.56364522924 66.64675116406 879.185669 -2.2989999999999995 -2.624 1.0
351.21380340395 66.52465935242 0.0382 0.0397 5.4718 "" "" 2210474948334887808 937.70752 1.0317 0.0467 -2.453 -2.745 0.054 0.048 1.012 5477.5 4.513 16.702698 1.966487 17.686293 15.719806 "" "" 901.207886 980.98468 3925.2537 2.9318 1150.5 7.9111 4085.4 12.877 "" "" 0.002872180305760213 0.007970116 0.0050985417 0.013068657 351.21380340395 66.52465935242 937.70752 -2.453 -2.745 0.9
351.05280376286 66.48105267819 0.037 0.0403 2.2581 "" "" 2210473299067450880 1002.72345 0.9788 0.0467 -2.388 -2.667 0.052 0.046 0.922 5440.5 4.5259 16.718624 1.93268 17.68456 15.751881 "" "" 952.155762 1046.15332 3868.09277 2.9314 1152.4 8.0937 3966.5 10.167 "" "" 0.0028755547163623243 0.00811993 0.004693473 0.012813402 351.05280376286 66.48105267819 1002.72345 -2.388 -2.6669999999999994 1.0
350.86659972877 66.8062714533 0.0446 0.0401 18.0937 "" "" 2210542259062154880 954.689453 1.033 0.0511 -2.525 -2.839 0.054 0.047 0.942 5466.9 4.5529 16.726532 1.965192 17.714323 15.749131 "" "" 911.797607 1001.06995 3840.02535 3.4303 1121.2 10.47 3976.5 14.087 "" "" 0.0029210401050470546 0.0105157485 0.0053923707 0.015908118 350.86659972877 66.8062714533 954.689453 -2.525 -2.8390000000000004 0.8
351.42750499842 66.39412016717 0.0375 0.0398 12.5666 "" "" 2210282052763948160 958.943787 1.0141 0.0456 -2.309 -2.647 0.05 0.047 0.956 5852.3 4.4487 16.738707 2.082684 17.800995 15.718311 "" "" 923.173645 997.234375 3797.20614 2.4599 1035.2 11.361 4091.0 11.801 "" "" 0.0028436779860277392 0.012237934 0.00490844 0.017146375 351.42750499842 66.39412016717 958.943787 -2.309 -2.6469999999999994 1.0
350.9544098721 66.53001970956 0.0398 0.0421 1.5219 "" "" 2210485806012176128 1002.11395 0.9687 0.0498 -2.417 -2.5 0.052 0.048 0.913 7757.6 4.4187 16.73898 2.509525 18.11093 15.601404 "" "" 954.170837 1054.74353 3796.25054 2.3598 778.12 8.782 4556.1 8.898 "" "" 0.0028367746357080567 0.012567454 0.0043335827 0.016901037 350.9544098721 66.53001970956 1002.11395 -2.416999999999999 -2.5 0.9
351.1858070064 66.17499712394 0.0435 0.0411 20.5722 "" "" 2210274390542367616 987.440552 0.9907 0.0474 -2.296 -2.623 0.055 0.048 0.95 5412.4 4.5948 16.776001 1.899803 17.715317 15.815514 "" "" 951.131165 1037.96265 3668.98694 2.6663 1120.2 6.2478 3740.7 10.357 "" "" 0.0028660669095840192 0.006667467 0.004829125 0.011496592 351.1858070064 66.17499712394 987.440552 -2.296 -2.623 0.9
351.1042953896 66.38421454218 0.0413 0.0403 7.9629 "" "" 2210468729222311424 953.953674 1.0253 0.0463 -2.286 -2.503 0.053 0.047 0.982 5034.2 4.3009 16.782555 2.091319 17.855837 15.764518 "" "" 905.554932 1002.50122 3646.90833 2.6483 984.2 10.917 3920.6 9.7093 "" "" 0.00286590670553217 0.012362251 0.0046382556 0.017000508 351.1042953896 66.38421454218 953.953674 -2.2860000000000005 -2.503 0.9
351.77002959287 66.47047126631 0.0402 0.0403 18.8447 "" "" 2210376335884179584 954.634949 1.0175 0.0476 -2.436 -2.725 0.052 0.052 1.046 4940.9 4.2391 16.799452 2.329925 18.045393 15.715468 "" "" 914.641785 1000.12537 3590.58942 2.607 826.53 11.024 4101.8 8.3749 "" "" 0.002865873229971543 0.014747559 0.004381552 0.01912911 351.77002959287 66.47047126631 954.634949 -2.436 -2.7250000000000005 1.0
349.97115682949 66.35550647644 0.044 0.0423 26.0777 "" "" 2210457287429303040 946.313782 1.0346 0.0469 -2.634 -2.719 0.06 0.059 0.967 5352.1 4.5793 16.832148 1.893145 17.772352 15.879208 "" "" 898.924255 999.859619 3484.07759 2.8371 1062.9 10.558 3527.6 9.5857 "" "" 0.002893692668888624 0.011139916 0.0047945906 0.015934506 349.97115682949 66.35550647644 946.313782 -2.634 -2.718999999999999 0.8
351.23079674578 66.66158714527 0.0433 0.0427 10.8455 "" "" 2210491303570535680 896.371277 1.0763 0.0513 -2.168 -2.685 0.058 0.053 1.01 7476.9 4.3841 16.840326 2.344074 18.084106 15.740032 "" "" 856.342957 936.561462 3457.92893 2.1785 797.58 8.4423 4010.0 11.977 "" "" 0.0028389551348248923 0.011826256 0.0049799457 0.016806202 351.23079674578 66.66158714527 896.371277 -2.1679999999999997 -2.685 0.8
350.0762355289 66.30161185371 0.043 0.0408 25.1843 "" "" 2210453507858123776 980.690918 0.9838 0.05 -2.079 -2.56 0.058 0.062 1.011 5490.3 4.5796 16.852575 1.927688 17.808846 15.881158 "" "" 941.891785 1029.30811 3419.13903 4.9372 1027.7 10.62 3521.2 18.349 "" "" 0.003170135494449941 0.011561463 0.0068039843 0.018365446 350.0762355289 66.30161185371 980.690918 -2.079 -2.5600000000000005 1.0
351.17682979576 66.42053220148 0.0407 0.0431 6.9483 "" "" 2210469072819684224 968.697388 1.0028 0.0486 -2.43 -2.507 0.055 0.05 0.948 5396.3 4.5573 16.923954 2.003668 17.937195 15.933527 "" "" 923.797668 1021.52026 3201.58397 2.3276 913.14 5.7989 3355.4 9.2244 "" "" 0.0028661572662359402 0.0074381246 0.0048158984 0.012254023 351.17682979576 66.42053220148 968.697388 -2.43 -2.5070000000000006 1.0
351.27438068637 66.49830143507 0.0419 0.0436 6.8662 "" "" 2210473883183024128 885.090393 1.1099 0.0513 -2.483 -2.684 0.059 0.053 1.024 5341.5 4.5382 16.924902 2.1436 18.031782 15.888182 "" "" 846.400513 927.051392 3198.79226 2.2223 836.96 10.707 3498.5 16.04 "" "" 0.0028567025854366887 0.0141670015 0.0062500634 0.020417064 351.27438068637 66.49830143507 885.090393 -2.483 -2.684 1.0
351.01561174292 66.46868013874 0.0424 0.0454 2.4816 "" "" 2210472921110331264 901.718933 1.0805 0.0525 -2.275 -2.24 0.058 0.052 0.997 4719.9 4.3792 16.934238 2.194302 18.07902 15.884718 "" "" 864.31311 942.981506 3171.40325 1.936 801.33 11.579 3509.7 8.3963 "" "" 0.002833916817101472 0.01593477 0.004585883 0.020520654 351.01561174292 66.46868013874 901.718933 -2.2750000000000004 -2.2400000000000007 0.8
351.71162180872 66.56196173518 0.05 0.0466 17.5698 "" "" 2210565451883316224 1037.53979 0.9316 0.0568 -2.37 -2.657 0.066 0.061 1.057 5664.4 4.4281 16.996716 2.276871 18.200401 15.923531 "" "" 984.684021 1097.3783 2994.05832 2.1852 716.57 10.124 3386.5 8.8864 "" "" 0.002867005118331602 0.015591421 0.004732946 0.020324368 351.71162180872 66.56196173518 1037.53979 -2.3700000000000006 -2.6570000000000005 0.8
