Clusters/UPK_220/UPK_220_members.tsv
# %ECSV 1.0
# ---
# datatype:
# - name: RA_ICRS_1
#   unit: deg
#   datatype: float64
#   format: '{:15.11f}'
#   description: Right ascension (ICRS) at Ep=2016.0 (ra)
#   meta: !!omap
#   - {ucd: POS_EQ_RA_MAIN}
#   - {width: 15}
#   - {precision: '11'}
# - name: DE_ICRS_1
#   unit: deg
#   datatype: float64
#   format: '{:15.11f}'
#   description: Declination (ICRS) at Ep=2016.0 (dec)
#   meta: !!omap
#   - {ucd: POS_EQ_DEC_MAIN}
#   - {width: 15}
#   - {precision: '11'}
# - name: e_RA_ICRS
#   unit: mas
#   datatype: float64
#   format: '{:7.4f}'
#   description: Standard error of right ascension (ra_error)
#   meta: !!omap
#   - {ucd: ERROR}
#   - {width: 7}
#   - {precision: '4'}
# - name: e_DE_ICRS
#   unit: mas
#   datatype: float64
#   format: '{:7.4f}'
#   description: Standard error of declination (dec_error)
#   meta: !!omap
#   - {ucd: ERROR}
#   - {width: 7}
#   - {precision: '4'}
# - name: _r_1
#   unit: ''
#   datatype: float64
#   format: '{:7.4f}'
#   description: Distance from center (350.98851801000+66.50860336000)[ICRS], at Epoch=J2016.0
#   meta: !!omap
#   - {ucd: POS_ANG_DIST_GENERAL}
#   - {width: 7}
#   - {precision: '4'}
# - name: HIP
#   datatype: int32
#   description: '? HIP cross-id number, van Leeuwen, Cat. I/311 (hip_original_ext_source_id)'
#   meta: !!omap
#   - {ucd: ID_NUMBER}
#   - {width: 6}
#   - values: {'null': -2147483648}
# - name: TYC2
#   datatype: string
#   description: Tycho-2 cross-id name, Hog et al., Cat. I/259 (tyc2_original_ext_source_id)
#   meta: !!omap
#   - {ucd: ID_CROSSID}
#   - {_votable_string_dtype: char}
# - name: Source
#   datatype: int64
#   description: Source identifier, identical to the Gaia-EDR3 source_id (id)
#   meta: !!omap
#   - {ucd: ID_MAIN}
#   - {width: 19}
# - name: rgeo
#   unit: pc
#   datatype: float64
#   format: '{:15.8f}'
#   description: '? Median of the geometric distance posterior (r_med_geo)'
#   meta: !!omap
#   - {ucd: PHYS_DISTANCE_TRUE}
#   - {width: 15}
#   - {precision: '8'}
#   - values: {'null': .nan}
# - name: Plx
#   unit: mas
#   datatype: float64
#   format: '{:9.4f}'
#   description: '? Parallax (parallax)'
#   meta: !!omap
#   - {ucd: POS_PARLX_TRIG}
#   - {width: 9}
#   - {precision: '4'}
#   - values: {'null': .nan}
# - name: e_Plx
#   unit: mas
#   datatype: float32
#   format: '{:7.4f}'
#   description: '? Standard error of parallax (parallax_error)'
#   meta: !!omap
#   - {ucd: ERROR}
#   - {width: 7}
#   - {precision: '4'}
#   - values: {'null': .nan}
# - name: pmRA
#   unit: mas / yr
#   datatype: float64
#   format: '{:9.3f}'
#   description: '? Proper motion in right ascension direction, pmRA*cosDE (pmra)'
#   meta: !!omap
#   - {ucd: POS_EQ_PMRA}
#   - {width: 9}
#   - {precision: '3'}
#   - values: {'null': .nan}
# - name: pmDE
#   unit: mas / yr
#   datatype: float64
#   format: '{:9.3f}'
#   description: '? Proper motion in declination direction (pmdec)'
#   meta: !!omap
#   - {ucd: POS_EQ_PMDEC}
#   - {width: 9}
#   - {precision: '3'}
#   - values: {'null': .nan}
# - name: e_pmRA
#   unit: mas / yr
#   datatype: float32
#   format: '{:6.3f}'
#   description: '? Standard error of proper motion in right ascension direction (pmra_error)'
#   meta: !!omap
#   - {ucd: ERROR}
#   - {width: 6}
#   - {precision: '3'}
#   - values: {'null': .nan}
# - name: e_pmDE
[...]
#         unit: &id001 !astropy.units.Unit {unit: deg}
#         value: !astropy.table.SerializedColumn {name: SkyCoord.dec}
#       distance: !astropy.table.SerializedColumn
#         __class__: astropy.coordinates.distances.Distance
#         unit: !astropy.units.Unit {unit: pc}
#         value: !astropy.table.SerializedColumn {name: SkyCoord.distance}
#       frame: icrs
#       obstime: !astropy.time.Time {format: jyear_str, in_subfmt: '*', jd1: 367701545.0, jd2: 0.0, out_subfmt: '*', precision: 3, scale: tt}
#       pm_dec: !astropy.table.SerializedColumn
#         __class__: astropy.units.quantity.Quantity
#         unit: !astropy.units.Unit {unit: mas / yr}
#         value: !astropy.table.SerializedColumn {name: SkyCoord.pm_dec}
#       pm_ra_cosdec: !astropy.table.SerializedColumn
#         __class__: astropy.units.quantity.Quantity
#         unit: !astropy.units.Unit {unit: mas / yr}
#         value: !astropy.table.SerializedColumn {name: SkyCoord.pm_ra_cosdec}
#       ra: !astropy.table.SerializedColumn
#         __class__: astropy.coordinates.angles.Longitude
#         unit: *id001
#         value: !astropy.table.SerializedColumn {name: SkyCoord.ra}
#         wrap_angle: !astropy.coordinates.Angle
#           unit: *id001
#           value: 360.0
#       representation_type: spherical
# schema: astropy-2.0
RA_ICRS_1 DE_ICRS_1 e_RA_ICRS e_DE_ICRS _r_1 HIP TYC2 Source rgeo Plx e_Plx pmRA pmDE e_pmRA e_pmDE RUWE Teff logg Gmag BP-RP BPmag RPmag RV e_RV b_rgeo B_rgeo FG e_FG FBP e_FBP FRP e_FRP RAVE5 RAVE6 e_Gmag e_BPmag e_RPmag e_BP-RP SkyCoord.ra SkyCoord.dec SkyCoord.distance SkyCoord.pm_ra_cosdec SkyCoord.pm_dec Pmemb
[from data line 40]
350.84552852946 66.78430131071 0.0126 0.0109 16.8878 "" "" 2210542155982947072 966.643372 1.0051 0.0147 -2.33 -2.643 0.017 0.014 0.93 "" "" 13.576518 1.318197 14.154436 12.836239 "" "" 951.701904 980.986816 69877.82971 11.989 29761.0 32.902 58165.0 22.545 "" "" 0.0027616100206404597 0.0030374052 0.0038027398 0.006840145 350.84552852946 66.78430131071 966.643372 -2.3299999999999996 -2.6429999999999993 1.0
350.89216705799 66.51475352058 0.0109 0.0115 2.3335 "" "" 2210485702932961664 957.854614 1.0122 0.0129 -2.319 -2.541 0.014 0.013 1.037 "" "" 13.729967 1.788759 14.589531 12.800772 "" "" 941.966431 972.210449 60668.05253 14.86 19934.0 26.721 60097.0 39.64 "" "" 0.0027681245070978705 0.0031469413 0.0038466349 0.006993576 350.89216705799 66.51475352058 957.854614 -2.319 -2.541 1.0
349.80598285326 66.14540830161 0.011 0.0102 35.8664 "" "" 2210450037524155904 942.577637 1.0286 0.0122 -2.322 -2.749 0.014 0.014 0.932 "" "" 13.735443 1.039186 14.166539 13.127354 "" "" 931.482666 954.402039 60362.79849 14.002 29431.0 36.785 44485.0 24.474 "" "" 0.002766806591907368 0.0031026737 0.003826295 0.0069289687 349.80598285326 66.14540830161 942.577637 -2.322 -2.749 1.0
350.96133138314 66.40559564812 0.0107 0.0119 6.2147 "" "" 2210471684159781760 948.262695 1.0238 0.0129 -2.557 -2.734 0.014 0.014 1.081 9096.3 4.1723 13.810313 1.231423 14.338973 13.10755 "" "" 935.733276 958.65741 56340.57702 9.2719 25109.0 17.799 45304.0 22.297 "" "" 0.0027611076276977033 0.0028943743 0.003816971 0.006711345 350.96133138314 66.40559564812 948.262695 -2.5570000000000004 -2.7340000000000004 1.0
349.96625754992 66.44573302671 0.0111 0.0113 24.7686 "" "" 2210505631581136512 938.051025 1.0352 0.013 -2.427 -2.674 0.016 0.016 1.014 "" "" 13.815796 1.312855 14.390368 13.077514 "" "" 927.455933 949.680603 56056.8044 8.4294 23948.0 26.435 46575.0 17.817 "" "" 0.002760153040632207 0.0030366802 0.0038021358 0.006838816 349.96625754992 66.44573302671 938.051025 -2.4269999999999996 -2.674 1.0
351.20761797613 66.53485408159 0.0253 0.0278 5.4691 "" "" 2210475017054357632 983.522888 0.9802 0.0316 -2.467 -2.656 0.034 0.032 2.769 8562.9 4.1247 13.851094 1.605369 14.593431 12.988063 8.8 5.06 957.015625 1009.92145 54263.64352 17.254 19863.0 27.69 50575.0 33.008 "" "" 0.00277686357233654 0.0031742624 0.0038452381 0.0070195002 351.20761797613 66.53485408159 983.522888 -2.467 -2.656 1.0
349.13670063002 66.42287660801 0.0108 0.0105 44.661 "" "" 2210514324594417280 966.258728 1.0065 0.0123 -2.344 -2.759 0.014 0.013 0.988 9297.4 4.115 13.862925 1.203271 14.378876 13.175605 "" "" 954.759094 977.31311 53675.58171 9.4965 24203.0 21.958 42552.0 18.223 "" "" 0.0027620081562516594 0.0029589399 0.0038078765 0.0067668166 349.13670063002 66.42287660801 966.258728 -2.3439999999999994 -2.759 1.0
350.91369560868 66.77712567157 0.0128 0.0115 16.2093 "" "" 2210542293421912064 963.682983 1.0096 0.0145 -2.556 -2.59 0.016 0.014 0.963 9230.3 4.1489 13.884877 1.273192 14.439709 13.166517 "" "" 951.078491 976.397034 52601.22885 8.9786 22884.0 21.853 42909.0 16.228 "" "" 0.0027615458054346433 0.0029765826 0.003801623 0.0067782057 350.91369560868 66.77712567157 963.682983 -2.556 -2.59 1.0
350.08449022012 66.72256345289 0.0117 0.0119 25.0651 "" "" 2210547550461817728 938.968872 1.0381 0.0138 -2.288 -2.653 0.015 0.016 1.016 "" "" 13.935104 1.385447 14.552316 13.166869 "" "" 928.519958 948.475708 50223.27978 9.433 20630.0 18.213 42895.0 17.26 "" "" 0.002762856228244951 0.0029502257 0.0038045484 0.006754774 350.08449022012 66.72256345289 938.968872 -2.288 -2.6529999999999996 1.0
351.24936847885 66.56468721274 0.011 0.0117 7.0821 "" "" 2210486802444605952 965.373108 1.0057 0.0138 -2.42 -2.602 0.015 0.014 0.981 8313.8 4.1172 13.972195 1.387638 14.590651 13.203012 "" "" 950.488586 978.621582 48536.52956 7.3861 19914.0 22.853 41491.0 23.514 "" "" 0.0027602695659299137 0.0030557322 0.0038291432 0.0068848757 351.24936847885 66.56468721274 965.373108 -2.4200000000000004 -2.6020000000000003 1.0
349.34548730582 66.16154271413 0.0119 0.0107 44.7124 "" "" 2210448491335853568 948.133606 1.0213 0.0131 -2.447 -2.56 0.015 0.014 1.051 9031.9 4.1831 14.000705 1.181026 14.506372 13.325347 "" "" 936.325928 960.378845 47278.61703 7.23 21521.0 17.928 37070.0 18.205 "" "" 0.002760318241952449 0.0029331062 0.0038168093 0.0067499154 349.34548730582 66.16154271413 948.133606 -2.447 -2.5599999999999996 1.0
351.86330904706 66.64370913104 0.0117 0.0112 22.3845 "" "" 2210570330966152576 925.767517 1.0477 0.0134 -2.386 -2.581 0.015 0.015 0.982 "" "" 14.027405 1.442956 14.677867 13.234911 "" "" 917.265808 935.937195 46130.15382 7.2665 18377.0 17.053 40290.0 22.693 "" "" 0.0027606230523986876 0.0029665013 0.0038285372 0.0067950385 351.86330904706 66.64370913104 925.767517 -2.386 -2.5809999999999995 1.0
351.33498895222 66.29965559448 0.0123 0.0122 15.047 "" "" 2210280369136794112 955.827637 1.0177 0.0141 -2.358 -2.717 0.016 0.014 1.007 "" "" 14.037048 1.279349 14.595581 13.316232 "" "" 941.130066 968.493713 45722.21672 7.7147 19824.0 15.798 37382.0 19.313 "" "" 0.002761403663802031 0.002921247 0.0038207818 0.0067420285 351.33498895222 66.29965559448 955.827637 -2.3580000000000005 -2.7169999999999996 1.0
351.47456814115 66.43046192043 0.0115 0.0119 12.5515 "" "" 2210469760014482304 953.568298 1.0192 0.0135 -2.494 -2.445 0.016 0.014 0.98 "" "" 14.066038 1.597206 14.808242 13.211036 "" "" 941.246155 967.326965 44517.56165 8.3603 16297.0 17.929 41185.0 25.076 "" "" 0.002762854347755676 0.003035093 0.0038367608 0.006871854 351.47456814115 66.43046192043 953.568298 -2.494 -2.445 1.0
350.80329554478 66.62039368741 0.016 0.0179 8.0328 "" "" 2210490341492729216 961.743958 1.0133 0.0199 -2.258 -2.665 0.021 0.021 1.042 7330.0 3.9468 14.134975 1.634713 14.689939 13.055226 7.7 7.16 944.250793 981.305725 41778.90851 24.204 18174.0 446.49 47541.0 997.83 "" "" 0.0028262054339677697 0.026819373 0.023099607 0.04991898 350.80329554478 66.62039368741 961.743958 -2.2579999999999996 -2.665 1.0
350.67026343674 66.42062167511 0.0118 0.0125 9.274 "" "" 2210478418668451200 970.635376 1.0006 0.0138 -2.361 -2.746 0.015 0.015 1.011 "" "" 14.140256 1.347469 14.735449 13.38798 "" "" 957.76239 987.126526 41576.15237 6.3677 17428.0 20.861 34992.0 17.821 "" "" 0.0027603335524715193 0.0030779904 0.0038196181 0.0068976087 350.67026343674 66.42062167511 970.635376 -2.3610000000000007 -2.7460000000000004 1.0
351.16444373554 66.54811548906 0.0117 0.0125 4.8266 "" "" 2210485359335592448 923.478027 1.0548 0.0147 -2.384 -2.817 0.015 0.014 1.022 "" "" 14.150873 1.560684 14.871372 13.310688 13.15 9.94 906.363708 935.391785 41171.5781 8.009 15377.0 20.895 37574.0 24.905 "" "" 0.0027634031800423155 0.003156217 0.0038472884 0.0070035057 351.16444373554 66.54811548906 923.478027 -2.3839999999999995 -2.8170000000000006 1.0
350.80052580615 66.41964996537 0.0117 0.0126 6.9838 "" "" 2210466908156116992 966.746582 1.0028 0.0139 -2.465 -2.556 0.015 0.016 1.045 8577.0 4.196 14.15256 1.285448 14.716204 13.430756 "" "" 956.256287 980.167664 41107.63902 7.2972 17739.0 28.407 33640.0 21.061 "" "" 0.0027620528135954983 0.0032875626 0.003840024 0.0071275868 350.80052580615 66.41964996537 966.746582 -2.465 -2.556 1.0
350.39508856855 66.51135230188 0.012 0.0119 14.193 "" "" 2210482301318807680 938.011658 1.0343 0.0138 -2.369 -2.651 0.016 0.016 1.055 "" "" 14.164133 1.477283 14.835962 13.35868 57.11 6.26 922.933716 952.438599 40671.82513 6.7506 15887.0 18.262 35949.0 27.096 "" "" 0.002761207013313584 0.0030565779 0.0038669673 0.006923545 350.39508856855 66.51135230188 938.011658 -2.3689999999999998 -2.6510000000000007 1.0
351.95061849666 66.49386720443 0.0113 0.0123 23.0338 "" "" 2210377194877642880 940.70813 1.0329 0.0139 -2.41 -2.473 0.015 0.017 0.935 9262.0 4.0737 14.198186 1.495809 14.880582 13.384773 "" "" 929.817322 953.398987 39415.99888 8.4606 15247.0 18.881 35095.0 21.062 "" "" 0.0027651587037977564 0.0030972185 0.0038351407 0.006932359 351.95061849666 66.49386720443 940.70813 -2.4100000000000006 -2.473 1.0
351.69654297913 66.29063546197 0.0125 0.0127 21.4543 "" "" 2210370322929864064 931.220154 1.0447 0.015 -2.427 -2.633 0.016 0.016 1.003 8311.1 4.1594 14.209548 1.399271 14.835501 13.43623 "" "" 920.676147 942.626587 39005.64773 6.4686 15893.0 18.467 33471.0 17.383 "" "" 0.0027611971124086006 0.0030621288 0.0038212142 0.0068833428 351.69654297913 66.29063546197 931.220154 -2.4269999999999996 -2.6329999999999996 1.0
350.43600957816 66.46374558192 0.0112 0.0112 13.4971 "" "" 2210481201807207424 941.947937 1.0292 0.0131 -2.545 -2.403 0.015 0.015 0.921 8195.6 4.2031 14.210982 1.412519 14.844863 13.432343 "" "" 931.844788 950.977783 38954.15764 6.9121 15757.0 17.842 33591.0 20.773 "" "" 0.002762047318473878 0.003049013 0.0038385603 0.0068875733 350.43600957816 66.46374558192 941.947937 -2.544999999999999 -2.4029999999999996 1.0
350.0329619757 66.17222831596 0.0124 0.012 30.605 "" "" 2210439901401353856 931.850769 1.0468 0.0142 -2.333 -2.734 0.016 0.015 0.963 7499.5 4.1214 14.213851 1.26288 14.75824 13.495359 "" "" 919.568054 945.65686 38851.35854 9.9822 17066.0 19.542 31697.0 30.136 "" "" 0.002769405882630467 0.003054626 0.0039178184 0.0069724442 350.0329619757 66.17222831596 931.850769 -2.3329999999999997 -2.734000000000001 1.0
351.09311265693 66.61966748355 0.0124 0.0134 7.1159 "" "" 2210489654302841344 961.082214 1.007 0.0149 -2.242 -2.575 0.016 0.015 1.056 9257.5 3.9721 14.22937 1.587919 14.966235 13.378316 "" "" 946.948547 977.113403 38300.00382 8.3622 14090.0 19.538 35305.0 20.367 "" "" 0.0027654988112404775 0.0031704432 0.0038309316 0.007001375 351.09311265693 66.61966748355 961.082214 -2.242 -2.5750000000000006 1.0
350.62761789441 66.53796538191 0.0133 0.0143 8.8045 "" "" 2210483641348617216 926.077026 1.0537 0.0159 -2.397 -2.765 0.019 0.018 1.108 9033.8 4.2851 14.238858 1.393829 14.863629 13.4698 "" "" 913.953369 939.545654 37966.73645 7.3427 15487.0 21.728 32452.0 20.874 "" "" 0.002763309750486673 0.003178899 0.003843365 0.007022264 350.62761789441 66.53796538191 926.077026 -2.397 -2.7649999999999992 1.0
352.58402577121 66.81212722226 0.0129 0.0129 42.0707 "" "" 2210575931603767680 958.410278 1.0146 0.0154 -2.428 -2.565 0.017 0.016 1.014 9241.7 3.8886 14.246801 1.894509 15.177918 13.283409 98.93 7.59 946.184631 970.233398 37690.00722 9.5781 11594.0 15.921 38530.0 31.073 "" "" 0.002769100801584303 0.0031635363 0.0038794861 0.0070430227 352.58402577121 66.81212722226 958.410278 -2.428 -2.565 1.0
350.06860938937 66.37255408854 0.0128 0.013 23.5227 "" "" 2210457665386428032 945.071594 1.0319 0.0147 -2.243 -2.737 0.017 0.018 1.017 8146.7 4.2059 14.36855 1.439856 15.016209 13.576353 "" "" 931.779785 959.793152 33691.98221 6.526 13457.0 16.358 29418.0 16.223 "" "" 0.0027633343302405867 0.0030865686 0.0038265157 0.0069130845 350.06860938937 66.37255408854 945.071594 -2.2429999999999994 -2.7370000000000005 1.0
350.83755448111 66.43378221493 0.0127 0.0142 5.7644 "" "" 2210466942515851520 937.779602 1.0417 0.0156 -2.227 -2.518 0.017 0.017 0.982 7893.4 4.231 14.45288 1.427885 15.095928 13.668043 "" "" 927.652344 948.788391 31174.15078 6.0143 12504.0 11.929 27036.0 15.642 "" "" 0.002763270825652888 0.0029762303 0.0038312294 0.0068074595 350.83755448111 66.43378221493 937.779602 -2.2269999999999994 -2.5180000000000007 1.0
351.2261207655 66.71462101962 0.0146 0.0139 13.5949 "" "" 2210492403082301056 928.812561 1.0446 0.0169 -2.547 -2.711 0.02 0.018 0.98 8748.9 4.2802 14.456506 1.50035 15.142193 13.641843 -7.27 6.36 911.996155 943.471802 31070.24048 6.4423 11982.0 22.551 27696.0 20.211 "" "" 0.002764501753792065 0.0034584207 0.0038615388 0.00731996 351.2261207655 66.71462101962 928.812561 -2.547 -2.7109999999999994 1.0
351.29758863283 66.35523966085 0.0136 0.0153 11.8174 "" "" 2210281537367874432 938.529846 1.035 0.0168 -2.31 -2.69 0.018 0.017 1.012 6613.4 3.9946 14.561702 1.560957 15.284247 13.72329 -9.54 5.16 923.912659 957.172424 28201.10592 7.3932 10513.0 12.479 25695.0 19.488 "" "" 0.0027699832754854658 0.0030734332 0.0038680504 0.0069414834 351.29758863283 66.35523966085 938.529846 -2.3099999999999996 -2.6899999999999995 1.0
350.79928588745 66.4237622172 0.0134 0.0146 6.8166 "" "" 2210466908156113920 945.063843 1.03 0.0162 -2.445 -2.614 0.018 0.018 1.082 7865.8 4.2012 14.567941 1.425043 15.207951 13.782908 "" "" 932.413818 957.084351 28039.5126 20.097 11278.0 33.691 24322.0 43.742 "" "" 0.0028631045204987465 0.0042784302 0.004254005 0.008532435 350.79928588745 66.4237622172 945.063843 -2.445 -2.6140000000000003 1.0
351.1118812074 66.35934332052 0.0139 0.0151 9.4319 "" "" 2210467904588604416 933.185486 1.0391 0.0162 -2.239 -2.485 0.019 0.018 0.974 "" "" 14.593005 1.476049 15.263318 13.78727 5.19 11.14 922.135193 945.049438 27399.64047 6.6084 10717.0 13.425 24224.0 27.335 "" "" 0.0027677359240507915 0.0031040094 0.0039730063 0.007077016 351.1118812074 66.35934332052 933.185486 -2.239 -2.4850000000000003 1.0
351.99306783798 66.37632296555 0.0135 0.0146 25.3628 "" "" 2210372453234441472 932.510071 1.044 0.0166 -2.405 -2.521 0.018 0.019 1.014 7979.8 4.0475 14.619358 1.623586 15.380366 13.756781 "" "" 919.776428 944.783386 26742.58411 6.6775 9622.1 10.83 24914.0 16.163 "" "" 0.0027686253637826197 0.0030460486 0.0038444593 0.006890508 351.99306783798 66.37632296555 932.510071 -2.405 -2.5210000000000004 1.0
351.35416923847 66.52471731837 0.0185 0.0203 8.7956 "" "" 2210474089341449600 947.619873 1.0246 0.0234 -2.363 -2.705 0.025 0.024 1.412 15019.3 4.6061 14.679967 1.687454 15.478181 13.790727 18.57 4.61 925.784668 973.357361 25290.65743 6.8482 8793.2 11.145 24147.0 21.794 "" "" 0.0027709606140640247 0.0031110712 0.003904357 0.0070154285 351.35416923847 66.52471731837 947.619873 -2.3629999999999995 -2.704999999999999 1.0
352.05584847549 66.79417018022 0.0151 0.0154 30.622 "" "" 2210584109221218432 930.385681 1.0387 0.0183 -2.387 -2.773 0.02 0.019 0.982 7123.4 3.9722 14.711724 1.967537 15.696209 13.728672 31.48 11.49 913.550049 946.541565 24561.62002 6.0452 7193.4 14.199 25568.0 19.039 "" "" 0.002768248344436682 0.003518244 0.00386489 0.007383134 352.05584847549 66.79417018022 930.385681 -2.387 -2.773 1.0
351.49314021045 66.56269408998 0.015 0.0144 12.4849 "" "" 2210474570377962112 956.869446 1.0175 0.0176 -2.476 -2.609 0.02 0.019 1.103 "" "" 14.753952 1.720756 15.573465 13.85271 13.69 5.57 940.042419 973.433472 23624.67516 6.6547 8054.4 14.298 22807.0 15.389 "" "" 0.0027722417541133216 0.0033911392 0.003849731 0.00724087 351.49314021045 66.56269408998 956.869446 -2.476000000000001 -2.609000000000001 1.0
350.7048820791 66.51511238994 0.0189 0.0201 6.794 "" "" 2210483022873345152 874.874756 1.1125 0.0226 -2.45 -2.388 0.025 0.025 1.242 7743.1 4.0982 14.765094 1.794882 15.632189 13.837307 3.53 10.03 858.52356 896.868774 23383.49075 6.6014 7630.3 14.031 23133.0 19.047 "" "" 0.0027723168160984283 0.0034309032 0.0038836703 0.0073145735 350.7048820791 66.51511238994 874.874756 -2.4500000000000006 -2.3880000000000003 1.0
350.11489883938 66.66605795589 0.024 0.0239 22.8702 "" "" 2210546244791789312 943.831055 1.0298 0.0281 -2.351 -2.497 0.031 0.031 1.534 7480.8 4.0355 14.78071 1.785347 15.639733 13.854386 -8.19 6.33 923.102905 967.241333 23049.55278 6.772 7577.5 14.538 22772.0 13.715 "" "" 0.0027737239949778263 0.003481984 0.0038355347 0.007317519 350.11489883938 66.66605795589 943.831055 -2.351 -2.497 1.0
350.68200000216 66.65861429348 0.0163 0.0159 11.5944 "" "" 2210532432177039104 947.468445 1.0199 0.0193 -2.374 -2.596 0.022 0.019 0.98 7896.3 4.2316 14.780771 1.537252 15.488812 13.95156 18.3 9.29 933.168091 964.218689 23048.26815 5.4812 8707.5 15.055 20823.0 15.288 "" "" 0.0027673919685622934 0.0033628775 0.0038625316 0.007225409 350.68200000216 66.65861429348 947.468445 -2.374 -2.596 1.0
