Clusters/UPK_220/UPK_220_members.tsv
# %ECSV 1.0
# ---
# datatype:
# - name: RA_ICRS_1
#   unit: deg
#   datatype: float64
#   format: '{:15.11f}'
#   description: Right ascension (ICRS) at Ep=2016.0 (ra)
#   meta: !!omap
#   - {ucd: POS_EQ_RA_MAIN}
#   - {width: 15}
#   - {precision: '11'}
# - name: DE_ICRS_1
#   unit: deg
#   datatype: float64
#   format: '{:15.11f}'
#   description: Declination (ICRS) at Ep=2016.0 (dec)
#   meta: !!omap
#   - {ucd: POS_EQ_DEC_MAIN}
#   - {width: 15}
#   - {precision: '11'}
# - name: e_RA_ICRS
#   unit: mas
#   datatype: float64
#   format: '{:7.4f}'
#   description: Standard error of right ascension (ra_error)
#   meta: !!omap
#   - {ucd: ERROR}
#   - {width: 7}
#   - {precision: '4'}
# - name: e_DE_ICRS
#   unit: mas
#   datatype: float64
#   format: '{:7.4f}'
#   description: Standard error of declination (dec_error)
#   meta: !!omap
#   - {ucd: ERROR}
#   - {width: 7}
#   - {precision: '4'}
# - name: _r_1
#   unit: ''
#   datatype: float64
#   format: '{:7.4f}'
#   description: Distance from center (350.98851801000+66.50860336000)[ICRS], at Epoch=J2016.0
#   meta: !!omap
#   - {ucd: POS_ANG_DIST_GENERAL}
#   - {width: 7}
#   - {precision: '4'}
# - name: HIP
#   datatype: int32
#   description: '? HIP cross-id number, van Leeuwen, Cat. I/311 (hip_original_ext_source_id)'
#   meta: !!omap
#   - {ucd: ID_NUMBER}
#   - {width: 6}
#   - values: {'null': -2147483648}
# - name: TYC2
#   datatype: string
#   description: Tycho-2 cross-id name, Hog et al., Cat. I/259 (tyc2_original_ext_source_id)
#   meta: !!omap
#   - {ucd: ID_CROSSID}
#   - {_votable_string_dtype: char}
# - name: Source
#   datatype: int64
#   description: Source identifier, identical to the Gaia-EDR3 source_id (id)
#   meta: !!omap
#   - {ucd: ID_MAIN}
#   - {width: 19}
# - name: rgeo
#   unit: pc
#   datatype: float64
#   format: '{:15.8f}'
#   description: '? Median of the geometric distance posterior (r_med_geo)'
#   meta: !!omap
#   - {ucd: PHYS_DISTANCE_TRUE}
#   - {width: 15}
#   - {precision: '8'}
#   - values: {'null': .nan}
# - name: Plx
#   unit: mas
#   datatype: float64
#   format: '{:9.4f}'
#   description: '? Parallax (parallax)'
#   meta: !!omap
#   - {ucd: POS_PARLX_TRIG}
#   - {width: 9}
#   - {precision: '4'}
#   - values: {'null': .nan}
# - name: e_Plx
#   unit: mas
#   datatype: float32
#   format: '{:7.4f}'
#   description: '? Standard error of parallax (parallax_error)'
#   meta: !!omap
#   - {ucd: ERROR}
#   - {width: 7}
#   - {precision: '4'}
#   - values: {'null': .nan}
# - name: pmRA
#   unit: mas / yr
#   datatype: float64
#   format: '{:9.3f}'
#   description: '? Proper motion in right ascension direction, pmRA*cosDE (pmra)'
#   meta: !!omap
#   - {ucd: POS_EQ_PMRA}
#   - {width: 9}
#   - {precision: '3'}
#   - values: {'null': .nan}
# - name: pmDE
#   unit: mas / yr
#   datatype: float64
#   format: '{:9.3f}'
#   description: '? Proper motion in declination direction (pmdec)'
#   meta: !!omap
#   - {ucd: POS_EQ_PMDEC}
#   - {width: 9}
#   - {precision: '3'}
#   - values: {'null': .nan}
# - name: e_pmRA
#   unit: mas / yr
#   datatype: float32
#   format: '{:6.3f}'
#   description: '? Standard error of proper motion in right ascension direction (pmra_error)'
#   meta: !!omap
#   - {ucd: ERROR}
#   - {width: 6}
#   - {precision: '3'}
#   - values: {'null': .nan}
# - name: e_pmDE
[...]
#         unit: &id001 !astropy.units.Unit {unit: deg}
#         value: !astropy.table.SerializedColumn {name: SkyCoord.dec}
#       distance: !astropy.table.SerializedColumn
#         __class__: astropy.coordinates.distances.Distance
#         unit: !astropy.units.Unit {unit: pc}
#         value: !astropy.table.SerializedColumn {name: SkyCoord.distance}
#       frame: icrs
#       obstime: !astropy.time.Time {format: jyear_str, in_subfmt: '*', jd1: 367701545.0, jd2: 0.0, out_subfmt: '*', precision: 3, scale: tt}
#       pm_dec: !astropy.table.SerializedColumn
#         __class__: astropy.units.quantity.Quantity
#         unit: !astropy.units.Unit {unit: mas / yr}
#         value: !astropy.table.SerializedColumn {name: SkyCoord.pm_dec}
#       pm_ra_cosdec: !astropy.table.SerializedColumn
#         __class__: astropy.units.quantity.Quantity
#         unit: !astropy.units.Unit {unit: mas / yr}
#         value: !astropy.table.SerializedColumn {name: SkyCoord.pm_ra_cosdec}
#       ra: !astropy.table.SerializedColumn
#         __class__: astropy.coordinates.angles.Longitude
#         unit: *id001
#         value: !astropy.table.SerializedColumn {name: SkyCoord.ra}
#         wrap_angle: !astropy.coordinates.Angle
#           unit: *id001
#           value: 360.0
#       representation_type: spherical
# schema: astropy-2.0
RA_ICRS_1 DE_ICRS_1 e_RA_ICRS e_DE_ICRS _r_1 HIP TYC2 Source rgeo Plx e_Plx pmRA pmDE e_pmRA e_pmDE RUWE Teff logg Gmag BP-RP BPmag RPmag RV e_RV b_rgeo B_rgeo FG e_FG FBP e_FBP FRP e_FRP RAVE5 RAVE6 e_Gmag e_BPmag e_RPmag e_BP-RP SkyCoord.ra SkyCoord.dec SkyCoord.distance SkyCoord.pm_ra_cosdec SkyCoord.pm_dec Pmemb
[from data line 80]
349.75222269595 66.32364852581 0.0169 0.0168 31.6841 "" "" 2210502745362703616 967.338257 1.0082 0.0188 -2.337 -2.539 0.023 0.021 0.886 7226.6 4.2629 14.803556 1.34804 15.400573 14.052533 -4.26 11.85 950.945007 984.52002 22569.62538 5.3068 9444.7 11.968 18973.0 16.455 "" "" 0.002767121617639794 0.0031109315 0.003894922 0.0070058536 349.75222269595 66.32364852581 967.338257 -2.337 -2.539 1.0
351.57630723893 66.31239670553 0.0163 0.0175 18.3785 "" "" 2210277551638271232 1108.24524 0.8711 0.0202 -2.411 -2.813 0.021 0.022 1.01 6807.6 3.8884 14.944775 1.925664 15.900251 13.974587 6.99 5.17 1085.3634 1137.74927 19816.9514 6.3976 5961.0 13.412 20386.0 16.659 "" "" 0.002777525699387486 0.003708452 0.0038821285 0.0075905807 351.57630723893 66.31239670553 1108.24524 -2.411 -2.813 0.8
351.3552220893 66.62878595184 0.0173 0.0169 11.3378 "" "" 2210487661438390016 960.595337 1.0096 0.0197 -2.286 -2.519 0.022 0.021 1.073 8503.9 4.1144 14.954266 1.839645 15.851356 14.01171 26.49 14.05 941.853882 977.379028 19644.48408 5.5823 6235.5 15.451 19700.0 12.613 "" "" 0.0027725403376263054 0.0038759592 0.0038427797 0.007718739 351.3552220893 66.62878595184 960.595337 -2.2859999999999996 -2.5189999999999997 1.0
350.49503358269 66.62165080678 0.0178 0.0179 13.5894 "" "" 2210531951140698624 1054.52246 0.9224 0.021 -2.882 -2.481 0.024 0.023 0.994 7904.7 4.2244 15.013786 1.621425 15.770425 14.149 -16.58 25.02 1031.69336 1076.28748 18596.54325 4.6266 6718.1 21.963 17360.0 18.905 "" "" 0.002768529086843475 0.004514879 0.003960014 0.008474893 350.49503358269 66.62165080678 1054.52246 -2.8819999999999997 -2.481 0.9
350.70119451525 66.75690223885 0.0215 0.0188 16.392 "" "" 2210536211748206976 982.048767 0.9958 0.0243 -2.449 -2.577 0.027 0.023 0.986 7624.4 4.3142 15.124557 1.697627 15.932054 14.234426 "" "" 961.618164 1004.7218 16792.83099 4.8469 5788.9 10.558 16047.0 16.447 "" "" 0.0027730837232478613 0.0034214405 0.0039398037 0.0073612444 350.70119451525 66.75690223885 982.048767 -2.449 -2.5769999999999995 1.0
352.01473769891 66.31135107118 0.0192 0.0196 27.3354 "" "" 2210359602692293120 868.091492 1.1286 0.0227 -2.421 -2.758 0.025 0.028 1.139 7174.1 4.1263 15.176965 1.772619 16.029066 14.256447 8.12 6.73 849.838867 887.952087 16001.50894 4.7437 5294.1 10.232 15725.0 13.009 "" "" 0.002774056550954118 0.003491192 0.0038846503 0.007375842 352.01473769891 66.31135107118 868.091492 -2.4210000000000003 -2.758 1.0
351.01646738716 66.56244719841 0.0193 0.0217 3.2989 "" "" 2210486287048502656 936.877502 1.0175 0.0247 -2.336 -2.842 0.026 0.025 1.074 5195.7 2.773 15.197236 3.059849 16.984625 13.924776 "" "" 916.626953 957.121582 15705.52656 7.5982 2195.7 12.216 21343.0 39.158 "" "" 0.0028049416890564985 0.0066538667 0.0042722113 0.010926078 351.01646738716 66.56244719841 936.877502 -2.336 -2.8419999999999996 0.8
351.54188195548 66.48240523098 0.0184 0.0177 13.3345 "" "" 2210470241050931456 939.902222 1.0348 0.0212 -2.548 -2.688 0.027 0.024 0.983 7997.1 4.0727 15.206918 1.955986 16.18332 14.227333 -18.66 8.29 918.137756 961.930847 15566.091 4.4942 4592.9 9.3726 16152.0 14.136 "" "" 0.002773094548177137 0.0035628737 0.003897005 0.007459879 351.54188195548 66.48240523098 939.902222 -2.548 -2.6880000000000006 1.0
350.84480154474 66.50096723706 0.0198 0.0217 3.4681 "" "" 2210485668573224704 926.425476 1.0503 0.0239 -2.575 -2.577 0.026 0.026 1.105 "" "" 15.216594 2.258473 16.390938 14.132464 "" "" 908.289978 948.3255 15427.98124 7.739 3793.5 15.191 17627.0 32.216 "" "" 0.0028086311854043345 0.0051660915 0.0042686486 0.00943474 350.84480154474 66.50096723706 926.425476 -2.5749999999999997 -2.577 1.0
351.40650997438 66.17174504691 0.0223 0.0223 22.5786 "" "" 2210263979541666304 854.126709 1.1434 0.026 -2.446 -2.585 0.029 0.026 1.049 5907.1 4.2782 15.275125 1.486279 15.954472 14.468192 "" "" 838.639832 873.649902 14618.29243 6.7993 5670.6 15.052 12938.0 20.382 "" "" 0.0028012166965039964 0.0040113344 0.004148407 0.008159742 351.40650997438 66.17174504691 854.126709 -2.446 -2.5849999999999995 0.9
351.16575086135 66.63543969872 0.0185 0.0201 8.7058 "" "" 2210488211193830016 947.756042 1.0226 0.0232 -2.344 -2.589 0.024 0.023 1.034 8934.2 4.2053 15.277525 1.977274 16.264824 14.28755 -28.34 7.51 926.548523 965.512573 14586.02159 5.3055 4260.8 11.977 15281.0 11.739 "" "" 0.00278347885559296 0.0041351677 0.0038703233 0.0080054905 351.16575086135 66.63543969872 947.756042 -2.344 -2.589 1.0
351.18466931194 66.52145223016 0.0192 0.0203 4.753 "" "" 2210474948334886016 892.061035 1.0853 0.023 -2.624 -2.771 0.026 0.024 0.945 7345.7 4.3411 15.291804 1.758657 16.140203 14.381547 "" "" 872.3927 910.101868 14395.44582 3.8478 4779.0 14.384 14013.0 14.978 "" "" 0.0027705614924262724 0.0042969906 0.0039535426 0.008250533 351.18466931194 66.52145223016 892.061035 -2.6240000000000006 -2.771 1.0
350.43049233843 66.10780368638 0.02 0.0197 27.5552 "" "" 2210458352581377152 923.175964 1.0545 0.0229 -2.459 -2.6 0.026 0.026 1.011 7110.5 4.3474 15.310204 1.458802 15.972727 14.513925 "" "" 903.648865 943.746277 14153.55148 4.0338 5576.0 9.8862 12405.0 13.759 "" "" 0.002772641537912908 0.00338979 0.003966602 0.007356392 350.43049233843 66.10780368638 923.175964 -2.4589999999999996 -2.6 1.0
352.63583774694 66.66879451168 0.0194 0.019 40.4294 "" "" 2210385819172275072 935.548523 1.0441 0.023 -2.376 -2.464 0.025 0.026 1.045 7578.7 4.2305 15.333053 1.923083 16.285616 14.362533 "" "" 914.643799 956.476562 13858.80448 4.3763 4179.9 10.781 14261.0 13.544 "" "" 0.0027765691605478354 0.0039531244 0.003917524 0.007870648 352.63583774694 66.66879451168 935.548523 -2.3760000000000003 -2.4640000000000004 1.0
350.90262891352 66.72809734953 0.0235 0.0224 13.3275 "" "" 2210538616929934208 969.756287 1.0036 0.0286 -2.44 -2.621 0.032 0.028 1.057 6845.3 4.2938 15.35858 1.696821 16.166958 14.470137 "" "" 942.626099 995.764832 13536.76807 4.7865 4662.7 13.645 12915.0 15.65 "" "" 0.0027819372563713577 0.00422852 0.0040018363 0.0082303565 350.90262891352 66.72809734953 969.756287 -2.4400000000000004 -2.621 1.0
350.85732046703 66.51931672435 0.0322 0.0341 3.2023 "" "" 2210485737292693120 940.95929 1.0255 0.0384 -2.48 -2.522 0.043 0.041 1.587 9220.6 4.0177 15.364783 2.140948 16.436771 14.295823 -46.36 5.77 903.779541 971.97583 13459.63779 7.1456 3636.7 10.702 15165.0 15.249 "" "" 0.00281496625027654 0.0042418847 0.00393391 0.008175794 350.85732046703 66.51931672435 940.95929 -2.48 -2.5219999999999994 1.0
350.8914378296 66.01632810301 0.0289 0.0268 29.6294 "" "" 2210255630125262976 936.024414 1.0368 0.032 -2.265 -3.092 0.036 0.034 1.502 6450.1 4.0443 15.431792 1.669019 16.21478 14.545762 "" "" 911.140503 966.049561 12654.06171 4.9121 4461.7 10.915 12046.0 14.232 "" "" 0.002787368322345853 0.0038522747 0.0039911424 0.007843417 350.8914378296 66.01632810301 936.024414 -2.2649999999999997 -3.092 0.8
351.02034000947 66.77942460638 0.0232 0.0215 16.2669 "" "" 2210539407203902336 905.0271 1.0749 0.0262 -2.355 -2.607 0.03 0.026 0.985 6863.5 4.3629 15.450208 1.723515 16.27364 14.550124 "" "" 882.877502 927.92511 12441.24074 4.6146 4226.3 16.325 11998.0 12.942 "" "" 0.0027845944837773147 0.0050372393 0.003956684 0.008993924 351.02034000947 66.77942460638 905.0271 -2.355 -2.607 1.0
350.88099553154 66.93153738073 0.0201 0.0206 25.5038 "" "" 2210556655792870016 947.664856 1.0179 0.024 -2.339 -2.642 0.026 0.025 0.999 8051.0 4.2843 15.450708 1.96735 16.43342 14.46607 "" "" 927.843201 971.890442 12435.50072 6.5351 3648.0 15.479 12964.0 18.989 "" "" 0.0028137778870827093 0.0053859935 0.004100351 0.009486345 350.88099553154 66.93153738073 947.664856 -2.339 -2.642 1.0
349.4124622982 66.08078907601 0.0193 0.0198 45.8698 "" "" 2210444127649138688 983.497742 0.9951 0.0233 -2.408 -2.765 0.026 0.026 0.998 6007.7 4.2691 15.492988 1.467907 16.154278 14.686371 "" "" 957.583191 1008.5661 11960.56823 5.7315 4717.4 12.626 10583.0 16.481 "" "" 0.0028040123502454735 0.0040285937 0.004140365 0.008168958 349.4124622982 66.08078907601 983.497742 -2.4080000000000004 -2.7649999999999997 1.0
351.30612546556 66.49477759346 0.0217 0.022 7.6434 "" "" 2210473780103814784 958.215149 1.0112 0.0261 -2.464 -2.61 0.03 0.026 1.059 6886.3 4.2289 15.533673 1.83686 16.43189 14.595031 "" "" 932.751831 986.617432 11520.65709 3.5046 3653.1 8.187 11512.0 11.672 "" "" 0.0027750452073612934 0.003702131 0.003936438 0.007638569 351.30612546556 66.49477759346 958.215149 -2.4640000000000004 -2.6099999999999994 1.0
351.43202492157 66.63755729566 0.0202 0.0195 13.107 "" "" 2210487730157748992 921.025635 1.0524 0.0234 -2.273 -2.334 0.027 0.026 0.979 7612.2 4.225 15.535068 1.94786 16.507595 14.559735 "" "" 902.298157 940.228394 11505.86694 3.4095 3407.1 8.4756 11892.0 12.808 "" "" 0.002774040651867372 0.0038832917 0.0039561526 0.007839444 351.43202492157 66.63755729566 921.025635 -2.2729999999999997 -2.3339999999999996 1.0
349.93889409823 66.55794876662 0.022 0.0221 25.2525 "" "" 2210510476304180608 895.662415 1.0898 0.0253 -2.441 -2.93 0.03 0.029 1.016 7661.6 4.342 15.539236 1.887744 16.46768 14.579936 "" "" 873.698608 919.211731 11461.78268 4.2009 3534.6 9.4495 11673.0 17.811 "" "" 0.0027839079315618623 0.0040262085 0.004126525 0.008152734 349.93889409823 66.55794876662 895.662415 -2.4409999999999994 -2.93 1.0
350.81957627499 66.4993158873 0.0229 0.0241 4.0795 "" "" 2210479861777438592 905.053589 1.0737 0.0269 -2.51 -2.936 0.029 0.029 1.109 5527.5 4.161 15.596446 1.923552 16.551582 14.62803 "" "" 879.794434 929.376709 10873.47644 4.083 3271.8 10.357 11167.0 18.142 "" "" 0.002785319470633336 0.0044269157 0.004170738 0.008597653 350.81957627499 66.4993158873 905.053589 -2.51 -2.936 0.8
349.06129023504 66.54315633523 0.0224 0.0201 46.1057 "" "" 2213521420174484736 943.919983 1.0354 0.0247 -2.376 -2.716 0.031 0.027 0.954 5660.1 4.3063 15.631554 1.623249 16.392794 14.769545 "" "" 924.577393 966.624878 10527.49733 4.4746 3787.0 10.19 9802.6 13.623 "" "" 0.00279369892250855 0.0040398147 0.004069454 0.008109269 349.06129023504 66.54315633523 943.919983 -2.3759999999999994 -2.716 1.0
351.00373760376 66.60430234745 0.0235 0.0241 5.7534 "" "" 2210489585583362816 914.509888 1.0673 0.0286 -2.405 -2.64 0.032 0.029 0.988 5567.2 4.1933 15.704809 1.855933 16.612019 14.756085 "" "" 893.205566 939.060852 9840.63516 3.5256 3094.6 11.91 9924.9 13.193 "" "" 0.002782642569926566 0.00502452 0.0040455777 0.009070098 351.00373760376 66.60430234745 914.509888 -2.405 -2.6399999999999997 1.0
350.40192854097 66.37146439127 0.0221 0.0214 16.2975 "" "" 2210477417935373440 968.669556 0.9988 0.0249 -2.374 -2.586 0.029 0.028 0.993 7591.8 4.4022 15.717255 1.734669 16.548582 14.813913 "" "" 945.089905 992.229187 9728.47636 3.0436 3280.8 8.6298 9410.1 9.7219 "" "" 0.0027761790923489862 0.003992656 0.00394233 0.007934986 350.40192854097 66.37146439127 968.669556 -2.374 -2.5860000000000003 1.0
350.78474303414 66.45485333845 0.0225 0.0251 5.8484 "" "" 2210478934064521984 921.020569 1.0582 0.0274 -2.269 -2.705 0.031 0.031 1.041 7348.3 4.364 15.726092 1.860003 16.63965 14.779647 "" "" 900.693115 939.976501 9649.61433 3.4477 3016.9 9.2146 9711.8 12.97 "" "" 0.002782493930084252 0.004333842 0.004047986 0.008381829 350.78474303414 66.45485333845 921.020569 -2.269 -2.7049999999999996 1.0
350.06393019985 66.2924797332 0.041 0.0414 25.7172 "" "" 2210453507858396928 1106.79968 0.8717 0.0489 -2.64 -2.777 0.056 0.063 1.878 6272.8 4.1848 15.791612 1.738377 16.578362 14.839985 "" "" 1055.29846 1172.37585 9084.52151 5.9159 3192.1 9.5907 9186.8 13.568 "" "" 0.002844590107115784 0.0042925966 0.004105487 0.008398084 350.06393019985 66.2924797332 1106.79968 -2.64 -2.777000000000001 0.9
351.33309359313 66.69155514983 0.0259 0.0224 13.7081 "" "" 2210491715887395584 958.318665 1.0079 0.029 -2.252 -2.359 0.034 0.03 1.002 8102.5 4.186 15.792593 2.209015 16.941158 14.732143 "" "" 935.177002 986.120911 9076.31388 4.0752 2285.4 10.464 10146.0 15.466 "" "" 0.0027981125300743236 0.0057006767 0.004125878 0.009826555 351.33309359313 66.69155514983 958.318665 -2.252 -2.3590000000000004 1.0
350.22364844078 66.34163555906 0.0247 0.0254 20.9103 "" "" 2210477147358117632 947.694763 1.0287 0.028 -2.545 -2.862 0.033 0.034 1.022 7553.8 4.4026 15.842486 1.679123 16.636724 14.957602 "" "" 921.122986 969.356689 8668.66524 3.528 3025.0 10.816 8243.6 13.915 "" "" 0.0027905275522089254 0.0047807605 0.0042002983 0.008981058 350.22364844078 66.34163555906 947.694763 -2.5450000000000004 -2.862 0.8
350.98930966662 66.55403904903 0.0273 0.0295 2.7262 "" "" 2210485909091381760 901.311829 1.0644 0.0347 -2.425 -2.716 0.036 0.035 1.115 7863.8 3.9245 15.862023 2.899898 17.530985 14.631086 "" "" 876.643921 932.120056 8514.07019 5.0267 1327.5 9.0072 11136.0 16.868 "" "" 0.002828903162514621 0.007877497 0.0041217003 0.011999197 350.98930966662 66.55403904903 901.311829 -2.425 -2.7159999999999997 1.0
349.81114241929 66.84067670477 0.026 0.0268 34.3409 "" "" 2213532140413044352 921.967957 1.0595 0.0309 -2.584 -2.787 0.034 0.038 0.982 7538.0 4.1163 15.898359 1.989295 16.895388 14.906093 "" "" 890.201416 948.187927 8233.85419 3.5548 2383.8 9.878 8644.1 9.8594 "" "" 0.0027949080385182945 0.0052940296 0.0039770994 0.009271129 349.81114241929 66.84067670477 921.967957 -2.584 -2.787 0.9
349.78909357164 66.52863159793 0.0255 0.0257 28.6994 "" "" 2210510132706794624 945.098267 1.0292 0.0295 -2.256 -2.956 0.036 0.034 0.94 5094.7 4.2587 15.941034 1.670055 16.730501 15.060446 "" "" 924.832581 968.545959 7916.49486 11.852 2774.7 17.072 7498.6 31.727 "" "" 0.0031990610248404366 0.0072395294 0.005948683 0.013188212 349.78909357164 66.52863159793 945.098267 -2.2559999999999993 -2.9559999999999995 0.9
351.07475263374 66.41792843764 0.0248 0.0266 5.8196 "" "" 2210471993397434240 948.829956 1.0223 0.0297 -2.406 -2.629 0.033 0.031 1.05 6110.0 4.3094 15.953931 1.758686 16.797148 15.038462 "" "" 923.59314 976.42395 7823.02226 3.5683 2609.5 9.3289 7652.0 12.459 "" "" 0.0027994726001908357 0.004780266 0.0041723894 0.008952655 351.07475263374 66.41792843764 948.829956 -2.406 -2.629 1.0
350.61306588978 66.56264439475 0.0272 0.0276 9.5379 "" "" 2210483916226510336 890.065918 1.1004 0.0315 -2.411 -2.633 0.036 0.033 0.933 6709.1 4.37 15.996228 1.806082 16.875689 15.069607 "" "" 862.782898 913.035034 7524.11841 3.4492 2427.4 7.9063 7435.6 12.583 "" "" 0.002799913716435415 0.00450454 0.004202332 0.008706871 350.61306588978 66.56264439475 890.065918 -2.411 -2.6329999999999996 1.0
351.85505612307 66.9054456204 0.0277 0.0261 31.4579 "" "" 2210589228822208512 956.956177 1.0008 0.032 -2.368 -2.695 0.034 0.033 1.012 7735.3 4.2068 16.02899 2.372318 17.299128 14.926809 "" "" 929.548157 999.578491 7300.46779 3.2298 1643.5 11.55 8480.8 13.432 "" "" 0.0027968761903713183 0.008124357 0.0041521997 0.012276556 351.85505612307 66.9054456204 956.956177 -2.3680000000000003 -2.695 0.8
351.18425825166 66.44769424894 0.0274 0.0288 5.9435 "" "" 2210472096476646144 894.626831 1.0907 0.0331 -2.386 -2.688 0.038 0.033 1.006 6711.5 4.3599 16.102032 2.049403 17.143482 15.094079 "" "" 866.233643 936.106018 6825.49611 3.5482 1896.8 9.8249 7269.9 14.038 "" "" 0.0028125349984929613 0.006277923 0.0043219402 0.010599863 351.18425825166 66.44769424894 894.626831 -2.386 -2.688 1.0
351.03634486048 66.5997523558 0.0302 0.0336 5.5869 "" "" 2210489551223630976 972.483276 0.9989 0.0367 -2.346 -2.568 0.04 0.039 1.03 6835.6 4.3028 16.183838 2.228342 17.349913 15.121571 "" "" 939.137756 1014.52649 6330.11209 3.101 1568.4 6.9158 7088.1 10.945 "" "" 0.002806187278739232 0.005541238 0.0041345456 0.009675784 351.03634486048 66.5997523558 972.483276 -2.3459999999999996 -2.5679999999999996 1.0
