Clusters/UPK_220/UPK_220_stars_in_region.tsv
# %ECSV 1.0
# ---
# datatype:
# - name: RA_ICRS_1
#   unit: deg
#   datatype: float64
#   format: '{:15.11f}'
#   description: Right ascension (ICRS) at Ep=2016.0 (ra)
#   meta: !!omap
#   - {ucd: POS_EQ_RA_MAIN}
#   - {width: 15}
#   - {precision: '11'}
# - name: DE_ICRS_1
#   unit: deg
#   datatype: float64
#   format: '{:15.11f}'
#   description: Declination (ICRS) at Ep=2016.0 (dec)
#   meta: !!omap
#   - {ucd: POS_EQ_DEC_MAIN}
#   - {width: 15}
#   - {precision: '11'}
# - name: e_RA_ICRS
#   unit: mas
#   datatype: float64
#   format: '{:7.4f}'
#   description: Standard error of right ascension (ra_error)
#   meta: !!omap
#   - {ucd: ERROR}
#   - {width: 7}
#   - {precision: '4'}
# - name: e_DE_ICRS
#   unit: mas
#   datatype: float64
#   format: '{:7.4f}'
#   description: Standard error of declination (dec_error)
#   meta: !!omap
#   - {ucd: ERROR}
#   - {width: 7}
#   - {precision: '4'}
# - name: _r_1
#   unit: ''
#   datatype: float64
#   format: '{:7.4f}'
#   description: Distance from center (350.98851801000+66.50860336000)[ICRS], at Epoch=J2016.0
#   meta: !!omap
#   - {ucd: POS_ANG_DIST_GENERAL}
#   - {width: 7}
#   - {precision: '4'}
# - name: HIP
#   datatype: int32
#   description: '? HIP cross-id number, van Leeuwen, Cat. I/311 (hip_original_ext_source_id)'
#   meta: !!omap
#   - {ucd: ID_NUMBER}
#   - {width: 6}
#   - values: {'null': -2147483648}
# - name: TYC2
#   datatype: string
#   description: Tycho-2 cross-id name, Hog et al., Cat. I/259 (tyc2_original_ext_source_id)
#   meta: !!omap
#   - {ucd: ID_CROSSID}
#   - {_votable_string_dtype: char}
# - name: Source
#   datatype: int64
#   description: Source identifier, identical to the Gaia-EDR3 source_id (id)
#   meta: !!omap
#   - {ucd: ID_MAIN}
#   - {width: 19}
# - name: rgeo
#   unit: pc
#   datatype: float64
#   format: '{:15.8f}'
#   description: '? Median of the geometric distance posterior (r_med_geo)'
#   meta: !!omap
#   - {ucd: PHYS_DISTANCE_TRUE}
#   - {width: 15}
#   - {precision: '8'}
#   - values: {'null': .nan}
# - name: Plx
#   unit: mas
#   datatype: float64
#   format: '{:9.4f}'
#   description: '? Parallax (parallax)'
#   meta: !!omap
#   - {ucd: POS_PARLX_TRIG}
#   - {width: 9}
#   - {precision: '4'}
#   - values: {'null': .nan}
# - name: e_Plx
#   unit: mas
#   datatype: float32
#   format: '{:7.4f}'
#   description: '? Standard error of parallax (parallax_error)'
#   meta: !!omap
#   - {ucd: ERROR}
#   - {width: 7}
#   - {precision: '4'}
#   - values: {'null': .nan}
# - name: pmRA
#   unit: mas / yr
#   datatype: float64
#   format: '{:9.3f}'
#   description: '? Proper motion in right ascension direction, pmRA*cosDE (pmra)'
#   meta: !!omap
#   - {ucd: POS_EQ_PMRA}
#   - {width: 9}
#   - {precision: '3'}
#   - values: {'null': .nan}
# - name: pmDE
#   unit: mas / yr
#   datatype: float64
#   format: '{:9.3f}'
#   description: '? Proper motion in declination direction (pmdec)'
#   meta: !!omap
#   - {ucd: POS_EQ_PMDEC}
#   - {width: 9}
#   - {precision: '3'}
#   - values: {'null': .nan}
# - name: e_pmRA
#   unit: mas / yr
#   datatype: float32
#   format: '{:6.3f}'
#   description: '? Standard error of proper motion in right ascension direction (pmra_error)'
#   meta: !!omap
#   - {ucd: ERROR}
#   - {width: 6}
#   - {precision: '3'}
#   - values: {'null': .nan}
# - name: e_pmDE
[...]
#         value: !astropy.table.SerializedColumn {name: SkyCoord.dec}
#       distance: !astropy.table.SerializedColumn
#         __class__: astropy.coordinates.distances.Distance
#         unit: !astropy.units.Unit {unit: pc}
#         value: !astropy.table.SerializedColumn {name: SkyCoord.distance}
#       frame: icrs
#       obstime: !astropy.time.Time {format: jyear_str, in_subfmt: '*', jd1: 367701545.0, jd2: 0.0, out_subfmt: '*', precision: 3, scale: tt}
#       pm_dec: !astropy.table.SerializedColumn
#         __class__: astropy.units.quantity.Quantity
#         unit: !astropy.units.Unit {unit: mas / yr}
#         value: !astropy.table.SerializedColumn {name: SkyCoord.pm_dec}
#       pm_ra_cosdec: !astropy.table.SerializedColumn
#         __class__: astropy.units.quantity.Quantity
#         unit: !astropy.units.Unit {unit: mas / yr}
#         value: !astropy.table.SerializedColumn {name: SkyCoord.pm_ra_cosdec}
#       ra: !astropy.table.SerializedColumn
#         __class__: astropy.coordinates.angles.Longitude
#         unit: *id001
#         value: !astropy.table.SerializedColumn {name: SkyCoord.ra}
#         wrap_angle: !astropy.coordinates.Angle
#           unit: *id001
#           value: 360.0
#       representation_type: spherical
# schema: astropy-2.0
RA_ICRS_1 DE_ICRS_1 e_RA_ICRS e_DE_ICRS _r_1 HIP TYC2 Source rgeo Plx e_Plx pmRA pmDE e_pmRA e_pmDE RUWE Teff logg Gmag BP-RP BPmag RPmag RV e_RV b_rgeo B_rgeo FG e_FG FBP e_FBP FRP e_FRP RAVE5 RAVE6 e_Gmag e_BPmag e_RPmag e_BP-RP SkyCoord.ra SkyCoord.dec SkyCoord.distance SkyCoord.pm_ra_cosdec SkyCoord.pm_dec rmRA rmDE e_rmRA e_rmDE rRV e_rRV v_pec v_pec3d e_vpec e_vpec3d
[from data line 1208]
352.62890303458 66.68204952271 0.0347 0.0333 40.4559 "" "" 2210385917954185472 810.134949 1.2072 0.0395 -1.207 3.225 0.044 0.045 1.022 5815.6 4.4058 16.439854 2.071444 17.49611 15.424667 "" "" 782.27417 838.833435 5000.40275 2.6797 1370.8 9.3129 5361.6 9.4465 "" "" 0.0028160841831727955 0.007886317 0.0042359247 0.012122242 352.62890303458 66.68204952271 810.134949 -1.2070000000000003 3.2250000000000005 1.1932728462219238 5.880779123306274 0.15401536 0.15501536 "" "" 23.042626068907072 "" 3.571052684991655 ""
348.88462368205 66.31568455689 0.0345 0.0337 51.8196 "" "" 2210511335297200128 787.23468 1.2395 0.0394 -4.074 -0.298 0.045 0.044 0.996 4710.7 4.3759 16.445913 1.815421 17.331375 15.515954 "" "" 766.543274 811.594116 4972.57745 2.7726 1595.4 11.715 4929.2 13.314 "" "" 0.0028210419261792347 0.008446688 0.0047837235 0.013230411 348.88462368205 66.31568455689 787.23468 -4.073999999999999 -0.2979999999999988 -1.673727153778076 2.3577791233062744 0.15501536 0.15401536 "" "" 10.789424862622528 "" 1.6653602050106961 ""
350.81413174567 66.45915197393 0.0335 0.035 5.1218 "" "" 2210478968424261888 933.813477 1.0565 0.0408 -2.531 -2.446 0.044 0.042 0.977 5267.9 4.3092 16.45098 1.936379 17.399714 15.463335 "" "" 903.323547 973.953064 4949.42898 3.1408 1498.1 14.815 5174.0 18.208 "" "" 0.0028401565346605224 0.011093664 0.0053742565 0.016467921 350.81413174567 66.45915197393 933.813477 -2.531000000000003 -2.445999999999998 -0.1307271537780763 0.20977912330627424 0.15401536 0.15201536 "" "" 1.0940771747201823 "" 0.16693147951153767 ""
351.62543505752 67.26902599331 0.0335 0.0327 48.0272 "" "" 2210659666285957632 1084.94983 0.8807 0.0377 2.142 0.452 0.043 0.042 0.924 "" "" 16.451117 2.432351 17.756388 15.324037 "" "" 1037.82312 1135.26416 4948.80561 2.9527 1078.6 8.0963 5882.3 12.267 "" "" 0.0028304484838178904 0.008614254 0.0044057174 0.013019972 351.62543505752 67.26902599331 1084.94983 2.142 0.452 4.542272846221923 3.1077791233062744 0.15301536 0.15201536 "" "" 28.303585821444816 "" 4.3218787482440035 ""
350.65465731977 66.49781983603 0.0337 0.036 8.0127 "" "" 2210482541837010304 1049.08789 0.9409 0.0407 -12.296 -6.34 0.046 0.045 1.038 5012.8 4.2817 16.452126 1.898573 17.390942 15.492369 "" "" 1002.44531 1097.56946 4944.20998 2.3931 1510.2 9.5038 5037.4 11.348 "" "" 0.0028049883048033948 0.0073803607 0.00450179 0.011882151 350.65465731977 66.49781983603 1049.08789 -12.296 -6.34 -9.895727153778076 -3.6842208766937254 0.15601537 0.15501536 "" "" 52.508003522942936 "" 8.18568125756697 ""
351.11014212634 66.5974555863 0.0344 0.0358 6.0706 "" "" 2210486665005617280 763.535828 1.2868 0.0425 7.489 0.645 0.043 0.042 1.048 4924.8 4.303 16.452286 2.221271 17.610401 15.38913 "" "" 742.767151 790.599976 4943.47599 2.6878 1233.8 10.092 5540.0 10.892 "" "" 0.002817848327666903 0.009308886 0.0043405485 0.013649434 351.11014212634 66.5974555863 763.535828 7.489 0.6450000000000001 9.889272846221925 3.3007791233062744 0.15301536 0.15201536 "" "" 37.731864917134565 "" 5.769783859813734 ""
352.79854648146 66.67470743635 0.0328 0.0317 44.2798 "" "" 2210383173472431360 1122.23499 0.8658 0.0384 8.043 3.228 0.042 0.042 0.948 7113.0 4.37 16.452787 2.152287 17.567488 15.4152 "" "" 1082.30737 1168.13135 4941.18971 2.2652 1283.6 6.9267 5408.5 9.304 "" "" 0.002799916217880074 0.006489417 0.004215708 0.010705125 352.79854648146 66.67470743635 1122.23499 8.043000000000006 3.228000000000002 10.443272846221923 5.883779123306274 0.15201536 0.15201536 "" "" 63.76194004456273 "" 9.692794156013878 ""
351.30593795135 66.9985724358 0.0369 0.0344 30.3438 "" "" 2210557824023979392 1100.9032 0.8873 0.0414 1.924 2.55 0.045 0.045 1.035 6817.2 4.3411 16.454983 2.090151 17.524803 15.434652 "" "" 1050.14832 1171.34998 4931.20942 2.5752 1335.0 7.0221 5312.5 11.951 "" "" 0.0028130546721635468 0.006356119 0.0044999328 0.010856052 351.30593795135 66.9985724358 1100.9032 1.9240000000000002 2.55 4.324272846221923 5.205779123306274 0.15501536 0.15501536 "" "" 35.31487806496037 "" 5.4743486880714665 ""
351.07267914627 67.26630051204 0.0336 0.0317 45.505 "" "" 2213570245363088256 848.011963 1.1562 0.037 -4.024 -3.163 0.043 0.043 1.047 5553.6 4.3088 16.455008 2.197674 17.6054 15.407726 "" "" 825.120911 877.094116 4931.09577 2.3672 1239.5 7.6226 5445.9 9.5694 "" "" 0.0028041849215514844 0.007236524 0.0042336197 0.011470144 351.07267914627 67.26630051204 848.011963 -4.024000000000005 -3.1629999999999985 -1.6237271537780762 -0.5072208766937254 0.15301536 0.15301536 "" "" 6.837727543567327 "" 1.046277343275722 ""
351.88244290149 65.95163792621 0.0415 0.0332 39.8001 "" "" 2210300297783112192 1066.43066 0.9203 0.0434 -2.182 -0.181 0.054 0.043 0.903 5296.6 4.6099 16.455175 1.528444 17.159306 15.630861 "" "" 1021.75793 1128.17883 4930.33575 2.5036 1869.4 9.0654 4434.2 9.2122 "" "" 0.0028099387363582514 0.005958744 0.004401329 0.010360073 351.88244290149 65.95163792621 1066.43066 -2.182000000000001 -0.18099999999999997 0.2182728462219239 2.4747791233062744 0.16401537 0.15301536 "" "" 12.55827736791393 "" 1.9227136576338666 ""
349.26544658958 66.29013035766 0.0338 0.0326 43.4153 "" "" 2210500099662805376 991.111023 0.9806 0.037 -2.449 -2.664 0.043 0.041 0.985 4907.9 4.3199 16.457176 1.681497 17.253216 15.571719 "" "" 956.663635 1029.16003 4921.25916 2.5226 1714.5 10.189 4682.4 15.129 "" "" 0.0028109653636027333 0.007029791 0.005156564 0.012186355 349.26544658958 66.29013035766 991.111023 -2.449 -2.664 -0.048727153778076016 -0.008220876693725732 0.15301536 0.15101537 "" "" 0.2321486782535378 "" 0.03550954543629923 ""
350.83583081968 66.51245364952 0.0336 0.0378 3.6588 "" "" 2210485737292694784 920.133423 1.0643 0.0417 -2.475 -2.811 0.045 0.044 1.046 7828.5 4.3053 16.458258 2.33204 17.698359 15.366319 "" "" 883.755554 949.471313 4916.36161 2.5212 1137.8 7.2008 5657.6 9.3123 "" "" 0.002811013922146308 0.0074161883 0.0041806046 0.011596793 350.83583081968 66.51245364952 920.133423 -2.474999999999997 -2.811 -0.07472715377807626 -0.15522087669372553 0.15501536 0.15401536 "" "" 0.7513530169765769 "" 0.11586165405372652 ""
352.12646619839 66.04567732742 0.0361 0.0332 39.0631 "" "" 2210303184001360640 913.880798 1.0672 0.0391 2.542 -1.642 0.047 0.046 0.94 4952.7 4.5024 16.45876 1.621101 17.225922 15.60482 "" "" 888.464294 946.566956 4914.09159 4.1243 1758.1 11.811 4541.8 10.979 "" "" 0.0029020927009592743 0.007809474 0.004601318 0.012410792 352.12646619839 66.04567732742 913.880798 2.5420000000000007 -1.6420000000000001 4.942272846221924 1.0137791233062745 0.15701535 0.15601537 "" "" 21.854671571389733 "" 3.43063926386067 ""
352.39974678165 66.36149759361 0.0319 0.0334 34.9825 "" "" 2210362935586279680 833.704834 1.1665 0.0391 -7.486 -4.05 0.043 0.049 0.96 5438.3 4.5415 16.459627 1.867148 17.386124 15.518975 "" "" 807.27179 856.834656 4910.166 2.8696 1516.9 9.2702 4915.5 15.59 "" "" 0.0028274392611941108 0.007198015 0.0051128822 0.012310898 352.39974678165 66.36149759361 833.704834 -7.486000000000001 -4.05 -5.085727153778076 -1.3942208766937254 0.15301536 0.15901536 "" "" 20.83911295085285 "" 3.1976034127822315 ""
351.48209802046 66.42627438869 0.0345 0.0344 12.8146 "" "" 2210469863093700608 802.845581 1.2286 0.0407 10.222 -10.307 0.045 0.042 1.092 5780.3 4.4515 16.460289 2.022987 17.48361 15.460623 "" "" 774.776123 831.305908 4907.17071 2.2939 1386.7 6.6891 5186.9 9.6449 "" "" 0.0028016750489852013 0.0059341905 0.004284819 0.01021901 351.48209802046 66.42627438869 802.845581 10.222 -10.306999999999995 12.622272846221923 -7.651220876693726 0.15501536 0.15201536 "" "" 56.16969370131872 "" 8.662208045074037 ""
352.49583656899 66.88635739948 0.0352 0.036 42.35 "" "" 2210580295290517888 798.544067 1.2174 0.0418 -1.806 -1.923 0.043 0.047 0.95 6016.2 4.3146 16.46846 2.236359 17.640617 15.404259 "" "" 767.480835 828.633484 4870.38067 2.3842 1200.0 11.225 5463.3 10.439 "" "" 0.0028061152406947 0.010532454 0.00431133 0.014843784 352.49583656899 66.88635739948 798.544067 -1.8060000000000003 -1.923 0.5942728462219238 0.7327791233062744 0.15301536 0.15701535 "" "" 3.571106814257386 "" 0.5550952051074456 ""
350.72527822096 66.85322491319 0.0391 0.0386 21.6018 "" "" 2210555212683481728 865.041992 1.1292 0.0461 -21.461 -6.236 0.048 0.048 1.151 5672.0 4.5153 16.468735 1.890157 17.384628 15.494472 "" "" 834.382812 900.051331 4869.14971 2.6476 1519.0 7.6786 5027.7 11.553 "" "" 0.002817858217157117 0.0061569447 0.0045285933 0.010685538 350.72527822096 66.85322491319 865.041992 -21.46100000000001 -6.235999999999998 -19.060727153778075 -3.5802208766937254 0.15801537 0.15801537 "" "" 79.5214179305547 "" 12.565606306561264 ""
350.72164242581 66.30527143517 0.0376 0.0336 13.7808 "" "" 2210464949651085824 886.107239 1.0942 0.0404 -3.894 -3.82 0.05 0.042 1.021 5216.7 4.4969 16.470167 1.894834 17.405943 15.511108 "" "" 851.400757 919.63916 4862.72537 2.4092 1489.5 8.319 4951.3 8.332 "" "" 0.0028073380560214565 0.0066750594 0.0041978443 0.010872904 350.72164242581 66.30527143517 886.107239 -3.894000000000002 -3.8200000000000007 -1.4937271537780763 -1.1642208766937254 0.16001536 0.15201536 "" "" 7.954410116208706 "" 1.2491607341146347 ""
352.1821218688 66.26647217379 0.034 0.0354 32.1541 "" "" 2210356475955481856 1014.19818 0.9726 0.0409 -7.202 -0.311 0.044 0.051 1.01 "" "" 16.474817 1.742589 17.292856 15.550267 "" "" 974.797546 1057.53577 4841.94159 2.4588 1653.0 16.596 4775.9 41.326 "" "" 0.0028099425352770507 0.011252136 0.010126599 0.021378735 352.1821218688 66.26647217379 1014.19818 -7.201999999999995 -0.3110000000000003 -4.801727153778076 2.3447791233062745 0.15401536 0.16101536 "" "" 25.688515163048564 "" 3.9916787625725965 ""
352.68890452184 66.5959975272 0.032 0.0337 40.9322 "" "" 2210381627284228480 1119.68433 0.8658 0.0395 -12.095 -0.377 0.041 0.045 1.085 6520.5 4.3729 16.475538 2.100875 17.553495 15.452621 "" "" 1069.9408 1176.7561 4838.72969 2.4801 1300.2 8.2942 5225.3 11.659 "" "" 0.0028109566562034742 0.007466987 0.004489156 0.011956142 352.68890452184 66.5959975272 1119.68433 -12.094999999999999 -0.3769999999999999 -9.694727153778077 2.2787791233062746 0.15101537 0.15501536 "" "" 52.8551414553198 "" 7.9931469380747755 ""
351.09041269662 66.72304779445 0.0392 0.0351 13.0935 "" "" 2210538067174144000 944.5979 1.0388 0.0444 -2.468 -3.303 0.054 0.043 1.059 5584.4 4.4552 16.476118 1.957249 17.409931 15.452682 "" "" 914.207153 984.996521 4836.15038 3.4542 1484.0 8.5086 5225.0 21.149 "" "" 0.0028623700738258755 0.006821826 0.005796291 0.012618117 351.09041269662 66.72304779445 944.5979 -2.467999999999998 -3.303000000000003 -0.06772715377807614 -0.6472208766937255 0.16401537 0.15301536 "" "" 2.9136857387014192 "" 0.4461981637635939 ""
348.93084870851 66.78562835511 0.0367 0.034 51.6815 "" "" 2213538703122814592 986.517883 0.987 0.0401 5.13 -2.322 0.043 0.044 1.114 5530.9 4.4984 16.476955 1.680548 17.196274 15.515726 "" "" 943.818848 1027.53308 4832.41481 2.7782 1806.8 26.494 4930.2 34.951 "" "" 0.0028251397665361683 0.016163329 0.008574786 0.024738114 348.93084870851 66.78562835511 986.517883 5.13 -2.3219999999999996 7.530272846221924 0.33377912330627435 0.15301536 0.15401536 "" "" 35.24684329109084 "" 5.393377762700325 ""
352.10561884548 67.24589008995 0.0367 0.0338 51.4738 "" "" 2210660903236576896 970.156738 1.0095 0.0394 3.099 3.257 0.047 0.045 0.979 5681.5 4.4421 16.480759 1.922831 17.43766 15.51483 "" "" 930.499451 1005.21844 4815.52056 3.0625 1446.6 6.9838 4934.3 11.987 "" "" 0.0028405220195051174 0.005938004 0.0046087606 0.010546764 352.10561884548 67.24589008995 970.156738 3.0990000000000046 3.257000000000001 5.499272846221924 5.912779123306274 0.15701535 0.15501536 "" "" 37.132475044588844 "" 5.790667465164337 ""
351.68521856604 66.35267993563 0.0328 0.0328 19.1548 "" "" 2210371731679264896 1133.87769 0.8644 0.0382 -5.124 -2.558 0.043 0.044 1.017 5387.8 4.2374 16.487757 2.035106 17.517982 15.482877 "" "" 1084.33411 1176.25659 4784.58391 2.3374 1343.5 8.4587 5081.7 10.566 "" "" 0.0028059091298620795 0.0073833195 0.004402271 0.011785591 351.68521856604 66.35267993563 1133.87769 -5.123999999999997 -2.5579999999999994 -2.723727153778076 0.09777912330627458 0.15301536 0.15401536 "" "" 14.648319988187005 "" 2.241436874981037 ""
350.74880898481 66.03382957002 0.0343 0.0338 29.0684 "" "" 2210267243716805248 884.525574 1.1072 0.04 5.302 2.557 0.045 0.043 1.041 4790.3 4.3129 16.489819 1.8488 17.394314 15.545514 "" "" 853.482361 917.572693 4775.5029 2.5271 1505.5 7.5714 4796.8 7.8472 "" "" 0.0028145864353445117 0.006131914 0.004175949 0.010307863 350.74880898481 66.03382957002 884.525574 5.302 2.557 7.702272846221923 5.212779123306275 0.15501536 0.15301536 "" "" 38.99347609841297 "" 6.020197361224145 ""
352.98860510618 66.65111185591 0.0358 0.0334 48.4567 "" "" 2210393683254530176 1128.66553 0.8646 0.0421 -1.28 -0.196 0.046 0.045 1.076 6792.9 4.3448 16.490032 2.192121 17.62785 15.435729 "" "" 1088.88953 1183.44348 4774.56935 2.579 1214.2 10.601 5307.2 9.8684 "" "" 0.002817042691575302 0.009881503 0.0042848 0.014166303 352.98860510618 66.65111185591 1128.66553 -1.2799999999999996 -0.196 1.1202728462219238 2.4597791233062742 0.15601537 0.15501536 "" "" 14.460033751979012 "" 2.244018112991376 ""
351.11784204439 65.82321816129 0.0385 0.0342 41.2425 "" "" 2210207767009848448 763.321716 1.2807 0.0422 -4.087 -1.562 0.047 0.045 0.969 5021.5 4.4792 16.49042 1.796474 17.36565 15.569176 "" "" 741.36322 787.57312 4772.86304 2.4742 1545.8 7.3595 4693.4 11.733 "" "" 0.002812218205717449 0.005874111 0.004653036 0.010527147 351.11784204439 65.82321816129 763.321716 -4.087 -1.562 -1.686727153778076 1.0937791233062744 0.15701535 0.15501536 "" "" 7.273642405328329 "" 1.1377865875311726 ""
351.39786045403 67.05874501692 0.0465 0.0401 34.3989 "" "" 2210652072779499648 895.852905 1.079 0.0492 11.564 7.44 0.059 0.054 1.228 5227.3 4.316 16.4907 2.132874 17.560778 15.427904 "" "" 850.235291 934.150879 4771.62808 3.1421 1291.5 8.7043 5345.6 11.896 "" "" 0.002846567712644022 0.007831417 0.004485715 0.012317132 351.39786045403 67.05874501692 895.852905 11.564 7.440000000000005 13.964272846221924 10.095779123306276 0.16901536 0.16401537 "" "" 73.17098850524505 "" 12.24266780501721 ""
350.19954489937 66.67053570173 0.0367 0.0352 21.1693 "" "" 2210546313511273984 892.036743 1.1077 0.042 -2.649 -2.034 0.048 0.048 0.957 5125.0 4.4209 16.492085 1.89955 17.434488 15.534939 "" "" 851.962585 924.5755 4765.54871 3.0056 1450.8 7.768 4843.8 9.9847 "" "" 0.002839136255153001 0.0064482563 0.0043923426 0.0108405985 350.19954489937 66.67053570173 892.036743 -2.6489999999999982 -2.033999999999999 -0.2487271537780762 0.6217791233062746 0.15801537 0.15801537 "" "" 2.8315872633690584 "" 0.4474343101532846 ""
350.68246703792 66.33347114963 0.0351 0.0348 12.8207 "" "" 2210465258888711040 917.092529 1.0637 0.0393 -4.402 -7.264 0.047 0.046 0.941 5018.2 4.3311 16.493694 1.871475 17.417236 15.545761 "" "" 888.205017 947.277771 4758.49215 2.2168 1474.1 7.804 4795.7 7.413 "" "" 0.002801361479118543 0.0063893837 0.00413526 0.010524644 350.68246703792 66.33347114963 917.092529 -4.402 -7.264 -2.0017271537780763 -4.608220876693726 0.15701535 0.15601537 "" "" 21.84030186472097 "" 3.4108988309707953 ""
352.05562556978 65.77405611169 0.037 0.035 51.1168 "" "" 2210282946115277056 922.943665 1.0503 0.0428 -2.046 -1.655 0.045 0.042 0.973 5414.6 4.4834 16.494486 1.945539 17.465197 15.519658 "" "" 882.009277 962.769836 4755.02083 3.3892 1410.4 7.573 4912.4 10.85 "" "" 0.0028619341520153565 0.006463052 0.0044759833 0.010939036 352.05562556978 65.77405611169 922.943665 -2.045999999999999 -1.6549999999999994 0.354272846221924 1.0007791233062744 0.15501536 0.15201536 "" "" 4.644389285020076 "" 0.7075836638191904 ""
