Clusters/UPK_220/UPK_220_stars_in_region.tsv
# %ECSV 1.0
# ---
# datatype:
# - name: RA_ICRS_1
#   unit: deg
#   datatype: float64
#   format: '{:15.11f}'
#   description: Right ascension (ICRS) at Ep=2016.0 (ra)
#   meta: !!omap
#   - {ucd: POS_EQ_RA_MAIN}
#   - {width: 15}
#   - {precision: '11'}
# - name: DE_ICRS_1
#   unit: deg
#   datatype: float64
#   format: '{:15.11f}'
#   description: Declination (ICRS) at Ep=2016.0 (dec)
#   meta: !!omap
#   - {ucd: POS_EQ_DEC_MAIN}
#   - {width: 15}
#   - {precision: '11'}
# - name: e_RA_ICRS
#   unit: mas
#   datatype: float64
#   format: '{:7.4f}'
#   description: Standard error of right ascension (ra_error)
#   meta: !!omap
#   - {ucd: ERROR}
#   - {width: 7}
#   - {precision: '4'}
# - name: e_DE_ICRS
#   unit: mas
#   datatype: float64
#   format: '{:7.4f}'
#   description: Standard error of declination (dec_error)
#   meta: !!omap
#   - {ucd: ERROR}
#   - {width: 7}
#   - {precision: '4'}
# - name: _r_1
#   unit: ''
#   datatype: float64
#   format: '{:7.4f}'
#   description: Distance from center (350.98851801000+66.50860336000)[ICRS], at Epoch=J2016.0
#   meta: !!omap
#   - {ucd: POS_ANG_DIST_GENERAL}
#   - {width: 7}
#   - {precision: '4'}
# - name: HIP
#   datatype: int32
#   description: '? HIP cross-id number, van Leeuwen, Cat. I/311 (hip_original_ext_source_id)'
#   meta: !!omap
#   - {ucd: ID_NUMBER}
#   - {width: 6}
#   - values: {'null': -2147483648}
# - name: TYC2
#   datatype: string
#   description: Tycho-2 cross-id name, Hog et al., Cat. I/259 (tyc2_original_ext_source_id)
#   meta: !!omap
#   - {ucd: ID_CROSSID}
#   - {_votable_string_dtype: char}
# - name: Source
#   datatype: int64
#   description: Source identifier, identical to the Gaia-EDR3 source_id (id)
#   meta: !!omap
#   - {ucd: ID_MAIN}
#   - {width: 19}
# - name: rgeo
#   unit: pc
#   datatype: float64
#   format: '{:15.8f}'
#   description: '? Median of the geometric distance posterior (r_med_geo)'
#   meta: !!omap
#   - {ucd: PHYS_DISTANCE_TRUE}
#   - {width: 15}
#   - {precision: '8'}
#   - values: {'null': .nan}
# - name: Plx
#   unit: mas
#   datatype: float64
#   format: '{:9.4f}'
#   description: '? Parallax (parallax)'
#   meta: !!omap
#   - {ucd: POS_PARLX_TRIG}
#   - {width: 9}
#   - {precision: '4'}
#   - values: {'null': .nan}
# - name: e_Plx
#   unit: mas
#   datatype: float32
#   format: '{:7.4f}'
#   description: '? Standard error of parallax (parallax_error)'
#   meta: !!omap
#   - {ucd: ERROR}
#   - {width: 7}
#   - {precision: '4'}
#   - values: {'null': .nan}
# - name: pmRA
#   unit: mas / yr
#   datatype: float64
#   format: '{:9.3f}'
#   description: '? Proper motion in right ascension direction, pmRA*cosDE (pmra)'
#   meta: !!omap
#   - {ucd: POS_EQ_PMRA}
#   - {width: 9}
#   - {precision: '3'}
#   - values: {'null': .nan}
# - name: pmDE
#   unit: mas / yr
#   datatype: float64
#   format: '{:9.3f}'
#   description: '? Proper motion in declination direction (pmdec)'
#   meta: !!omap
#   - {ucd: POS_EQ_PMDEC}
#   - {width: 9}
#   - {precision: '3'}
#   - values: {'null': .nan}
# - name: e_pmRA
#   unit: mas / yr
#   datatype: float32
#   format: '{:6.3f}'
#   description: '? Standard error of proper motion in right ascension direction (pmra_error)'
#   meta: !!omap
#   - {ucd: ERROR}
#   - {width: 6}
#   - {precision: '3'}
#   - values: {'null': .nan}
# - name: e_pmDE
[...]
#         value: !astropy.table.SerializedColumn {name: SkyCoord.dec}
#       distance: !astropy.table.SerializedColumn
#         __class__: astropy.coordinates.distances.Distance
#         unit: !astropy.units.Unit {unit: pc}
#         value: !astropy.table.SerializedColumn {name: SkyCoord.distance}
#       frame: icrs
#       obstime: !astropy.time.Time {format: jyear_str, in_subfmt: '*', jd1: 367701545.0, jd2: 0.0, out_subfmt: '*', precision: 3, scale: tt}
#       pm_dec: !astropy.table.SerializedColumn
#         __class__: astropy.units.quantity.Quantity
#         unit: !astropy.units.Unit {unit: mas / yr}
#         value: !astropy.table.SerializedColumn {name: SkyCoord.pm_dec}
#       pm_ra_cosdec: !astropy.table.SerializedColumn
#         __class__: astropy.units.quantity.Quantity
#         unit: !astropy.units.Unit {unit: mas / yr}
#         value: !astropy.table.SerializedColumn {name: SkyCoord.pm_ra_cosdec}
#       ra: !astropy.table.SerializedColumn
#         __class__: astropy.coordinates.angles.Longitude
#         unit: *id001
#         value: !astropy.table.SerializedColumn {name: SkyCoord.ra}
#         wrap_angle: !astropy.coordinates.Angle
#           unit: *id001
#           value: 360.0
#       representation_type: spherical
# schema: astropy-2.0
RA_ICRS_1 DE_ICRS_1 e_RA_ICRS e_DE_ICRS _r_1 HIP TYC2 Source rgeo Plx e_Plx pmRA pmDE e_pmRA e_pmDE RUWE Teff logg Gmag BP-RP BPmag RPmag RV e_RV b_rgeo B_rgeo FG e_FG FBP e_FBP FRP e_FRP RAVE5 RAVE6 e_Gmag e_BPmag e_RPmag e_BP-RP SkyCoord.ra SkyCoord.dec SkyCoord.distance SkyCoord.pm_ra_cosdec SkyCoord.pm_dec rmRA rmDE e_rmRA e_rmDE rRV e_rRV v_pec v_pec3d e_vpec e_vpec3d
[from data line 1080]
349.69760261188 66.3510938924 0.0302 0.0307 32.3811 "" "" 2210503050300158976 985.5849 0.9912 0.0341 2.348 -2.298 0.04 0.037 1.016 5547.6 4.5006 16.197182 1.578081 16.900883 15.322802 "" "" 954.904358 1012.13928 6252.79446 2.7559 2371.7 18.146 5888.9 28.523 "" "" 0.002796566647668145 0.008763087 0.006475997 0.015239084 349.69760261188 66.3510938924 985.5849 2.3480000000000025 -2.298 4.748272846221924 0.35777912330627437 0.15001535 0.14701536 "" "" 22.245256638320935 "" 3.3367570456759883 ""
349.88694426336 65.9147802704 0.0298 0.0285 44.498 "" "" 2210244394490342912 831.914001 1.1731 0.0336 5.477 -0.368 0.039 0.037 1.099 5096.7 4.4295 16.19797 1.694533 17.005169 15.310636 "" "" 811.320374 856.472961 6248.26007 3.3834 2154.5 8.8243 5955.3 8.4723 "" "" 0.0028173462337403522 0.005249765 0.00408284 0.009332605 349.88694426336 65.9147802704 831.914001 5.4769999999999985 -0.3680000000000014 7.877272846221924 2.2877791233062745 0.14901537 0.14701536 "" "" 32.34573826130591 "" 4.815011061298361 ""
350.37808605588 66.29968170269 0.0345 0.0294 19.289 "" "" 2210464193736800768 909.021973 1.0788 0.0359 -2.119 -2.088 0.046 0.041 1.125 5204.9 4.3011 16.199718 1.808564 17.079744 15.27118 "" "" 881.456543 941.014648 6238.2027 3.4923 2011.5 11.15 6175.7 11.092 "" "" 0.0028215663894255016 0.0066336915 0.004252818 0.010886509 350.37808605588 66.29968170269 909.021973 -2.1190000000000024 -2.0880000000000005 0.2812728462219236 0.5677791233062743 0.15601537 0.15101537 "" "" 2.7301641676261545 "" 0.4150222130949551 ""
351.36109844002 66.7414424406 0.0309 0.0274 16.5479 "" "" 2210492093844514560 1098.58899 0.8852 0.0347 -4.808 1.874 0.04 0.038 0.914 7433.0 4.3677 16.200502 2.001983 17.206804 15.204822 "" "" 1057.2196 1131.97083 6233.69747 2.8843 1789.3 8.6363 6564.9 15.833 "" "" 0.0028007426796126215 0.0059369523 0.004597878 0.01053483 351.36109844002 66.7414424406 1098.58899 -4.8080000000000025 1.8739999999999997 -2.407727153778076 4.529779123306275 0.15001535 0.14801537 "" "" 26.713077658772438 "" 3.9657769112288848 ""
351.13354141964 67.15054509391 0.0307 0.0273 38.6683 "" "" 2213565950395811840 996.242737 0.9721 0.0333 0.614 7.09 0.038 0.037 1.014 5274.5 4.1642 16.201197 2.167513 17.325888 15.158375 "" "" 958.554932 1027.33521 6229.71525 2.8472 1603.5 9.1653 6851.9 8.9549 "" "" 0.0027996470252972584 0.0068042455 0.00403698 0.010841226 351.13354141964 67.15054509391 996.242737 0.6140000000000005 7.090000000000007 3.0142728462219237 9.745779123306274 0.14801537 0.14701536 "" "" 48.17237387313808 "" 7.086297939587556 ""
349.88556775476 66.97528072687 0.0303 0.03 38.2989 "" "" 2213536675898474496 1136.84106 0.8542 0.0348 4.411 3.508 0.038 0.039 0.955 7090.3 4.29 16.204733 2.203704 17.344479 15.140775 "" "" 1096.27954 1182.88953 6209.45612 18.75 1576.3 16.125 6963.8 77.82 "" "" 0.004282545381120894 0.011451807 0.012708034 0.024159841 349.88556775476 66.97528072687 1136.84106 4.411 3.508 6.811272846221923 6.163779123306274 0.14801537 0.14901537 "" "" 49.50080844374185 "" 7.349207841822 ""
350.94457565631 66.19468676219 0.0334 0.03 18.8647 "" "" 2210272260238550016 868.789673 1.1266 0.0349 0.612 -1.787 0.041 0.036 0.976 4905.2 4.3635 16.206541 1.723721 17.031702 15.307981 "" "" 835.842529 894.585144 6199.12273 2.7324 2102.5 9.5026 5969.9 9.8256 "" "" 0.0027965713179977795 0.0056449375 0.0041805473 0.009825485 350.94457565631 66.19468676219 868.789673 0.612 -1.787 3.012272846221924 0.8687791233062745 0.15101537 0.14601536 "" "" 12.910350879378125 "" 1.9447801703445569 ""
349.69191266782 66.51563210464 0.0296 0.0327 31.0084 "" "" 2210520440627865088 904.064758 1.0836 0.0364 -1.48 -3.292 0.04 0.043 1.004 5607.5 4.5006 16.207178 1.739939 17.032827 15.292889 "" "" 876.244446 933.467651 6195.48771 3.4667 2100.3 8.9926 6053.4 13.512 "" "" 0.002821502714054439 0.0054217284 0.004489668 0.009911397 349.69191266782 66.51563210464 904.064758 -1.4800000000000002 -3.292 0.9202728462219238 -0.6362208766937254 0.15001535 0.15301536 "" "" 4.794290930899314 "" 0.7238997632072628 ""
350.36886392629 65.81530965938 0.0335 0.0382 44.2278 "" "" 2210228344193786496 1043.85181 0.9355 0.0421 -2.746 -1.357 0.04 0.045 1.113 5728.2 4.4471 16.20888 1.72442 17.035973 15.311552 "" "" 998.092407 1077.76562 6185.78743 4.4541 2094.2 11.051 5950.3 14.635 "" "" 0.0028640849643476467 0.006372665 0.004627615 0.01100028 350.36886392629 65.81530965938 1043.85181 -2.7460000000000035 -1.3569999999999998 -0.34572715377807617 1.2987791233062744 0.15001535 0.15501536 "" "" 6.649954595776703 "" 1.0286781830713658 ""
349.7110585358 66.5749501609 0.0293 0.0307 30.7699 "" "" 2210521574499639552 802.663452 1.2196 0.0347 17.341 -1.583 0.04 0.04 0.967 5743.5 4.4956 16.210182 1.768369 17.063581 15.295213 "" "" 786.046692 825.068237 6178.36523 2.6806 2041.7 7.8813 6040.5 9.5243 "" "" 0.002795298474664795 0.005034933 0.0041490253 0.009183958 349.7110585358 66.5749501609 802.663452 17.34099999999998 -1.583000000000003 19.741272846221925 1.0727791233062745 0.15001535 0.15001535 "" "" 75.21895268021025 "" 11.283997825602317 ""
349.53463862968 66.09928714421 0.0286 0.0285 42.8022 "" "" 2210444574325743872 984.930237 0.9938 0.0346 -1.637 -2.764 0.038 0.038 1.037 4893.2 4.3798 16.215055 1.670479 17.007523 15.337044 "" "" 957.062866 1010.22321 6150.69711 2.6485 2149.8 8.9693 5812.2 11.612 "" "" 0.0027947028634959983 0.0053202147 0.004357633 0.009677848 349.53463862968 66.09928714421 984.930237 -1.637000000000001 -2.7639999999999993 0.7632728462219238 -0.10822087669372538 0.14801537 0.14801537 "" "" 3.599031539851313 "" 0.5327119670339419 ""
351.73181216681 66.35875761229 0.064 0.0604 19.9689 "" "" 2210371559881240704 977.521851 1.0102 0.0718 0.72 -2.957 0.081 0.082 2.129 6717.7 4.35 16.215258 2.113053 17.277052 15.163999 "" "" 917.988586 1040.67029 6149.55348 5.2985 1677.2 7.3934 6816.5 7.08 "" "" 0.002909795334189143 0.005540036 0.00394404 0.009484076 351.73181216681 66.35875761229 977.521851 0.7199999999999998 -2.957 3.1202728462219236 -0.30122087669372544 0.19101536 0.19201536 "" "" 14.524850944766431 "" 2.7746041321555985 ""
351.73771824127 67.25973926084 0.0305 0.0296 48.3994 "" "" 2210658772932770176 1090.30591 0.8847 0.0347 -12.692 -2.955 0.04 0.041 1.023 7876.3 4.3694 16.220276 2.006073 17.227922 15.221849 "" "" 1043.6344 1133.17749 6121.19373 3.0557 1754.9 12.218 6462.8 17.384 "" "" 0.0028081226578416875 0.00805764 0.0047762846 0.012833925 351.73771824127 67.25973926084 1090.30591 -12.69200000000001 -2.955 -10.291727153778076 -0.29922087669372566 0.15001535 0.15101537 "" "" 53.210635695483695 "" 7.982457449763266 ""
351.39787606451 66.78982600743 0.0354 0.0291 19.4803 "" "" 2210493262076688256 803.943726 1.2026 0.0375 -1.487 -0.953 0.044 0.04 1.007 5222.6 4.3773 16.22197 1.954056 17.193901 15.239845 "" "" 780.852234 831.659119 6111.65204 2.8816 1810.7 9.6844 6356.5 12.082 "" "" 0.0028024717968893505 0.0064425226 0.004306107 0.010748629 351.39787606451 66.78982600743 803.943726 -1.487 -0.953 0.9132728462219237 1.7027791233062746 0.15401536 0.15001535 "" "" 7.363146944988449 "" 1.1112325209184664 ""
351.31983813899 66.30011319362 0.0345 0.0325 14.8257 "" "" 2210280369136791552 1067.2262 0.917 0.0375 3.068 1.995 0.043 0.037 1.083 4920.9 4.3195 16.222271 1.824534 17.107588 15.283053 "" "" 1017.07831 1108.31897 6109.9639 3.4966 1960.6 9.3692 6108.5 17.311 "" "" 0.0028245100255027407 0.0058911024 0.0048734974 0.0107646 351.31983813899 66.30011319362 1067.2262 3.0679999999999996 1.995 5.4682728462219234 4.6507791233062745 0.15301536 0.14701536 "" "" 36.31384906798411 "" 5.466181035141345 ""
349.96707188443 67.24317926712 0.1072 0.1081 50.2167 "" "" 2213625014785761280 847.023743 1.1841 0.1209 -1.427 -2.436 0.134 0.122 3.5 8179.4 4.1643 16.225798 2.581019 17.587238 15.006219 "" "" 768.885132 940.345215 6090.14624 12.979 1260.4 8.7881 7882.6 14.58 "" "" 0.0035980210276153656 0.00806808 0.0042798007 0.012347881 349.96707188443 67.24317926712 847.023743 -1.4270000000000014 -2.435999999999998 0.9732728462219238 0.21977912330627447 0.24401537 0.23201537 "" "" 4.0059753918348555 "" 0.9752418976971461 ""
350.06927922474 66.47537389233 0.0328 0.0335 22.0898 "" "" 2210506142677094272 877.480408 1.1109 0.0382 9.402 4.346 0.045 0.045 1.12 5535.5 4.3709 16.22602 1.944625 17.172482 15.227857 "" "" 849.306824 912.161438 6088.89486 3.3667 1846.8 10.323 6427.1 15.209 "" "" 0.0028199620251990565 0.0066795703 0.0045699975 0.011249568 350.06927922474 66.47537389233 877.480408 9.402000000000008 4.346000000000004 11.802272846221923 7.0017791233062745 0.15501536 0.15501536 "" "" 57.07715622730882 "" 8.84783616517264 ""
351.87138077643 65.79093663845 0.0383 0.0368 48.0919 "" "" 2210283667669774080 1080.89209 0.9152 0.0444 -3.344 -2.461 0.049 0.045 1.222 5844.1 4.3706 16.226357 1.892463 17.15501 15.262548 "" "" 1015.95129 1142.41492 6087.01031 3.1504 1876.8 7.7485 6225.0 7.9429 "" "" 0.002812038435778141 0.00527998 0.0040252903 0.00930527 351.87138077643 65.79093663845 1080.89209 -3.344 -2.461 -0.943727153778076 0.19477912330627456 0.15901536 0.15501536 "" "" 4.93702845632496 "" 0.7842662254907027 ""
352.50445707514 66.3907861591 0.0287 0.0288 37.0221 "" "" 2210363382262877440 959.578857 1.007 0.0342 -2.491 -2.649 0.036 0.039 0.998 6564.3 4.2667 16.227594 1.956622 17.20281 15.246188 "" "" 928.408752 993.242065 6080.07257 2.942 1795.9 9.0651 6319.5 13.041 "" "" 0.002804958828018384 0.0061498107 0.0043936023 0.010543413 352.50445707514 66.3907861591 959.578857 -2.4910000000000005 -2.6490000000000005 -0.09072715377807627 0.006779123306274393 0.14601536 0.14901537 "" "" 0.4138140896983199 "" 0.060430176661949116 ""
350.77003206518 66.64187064385 0.0337 0.0339 9.5444 "" "" 2210531538823858816 766.69397 1.2785 0.0428 3.802 -0.498 0.045 0.04 1.071 4834.4 4.4032 16.227774 1.770344 17.083426 15.313082 "" "" 742.901611 791.069153 6079.06734 3.0803 2004.7 9.9208 5941.9 8.761 "" "" 0.0028097069963816668 0.0060543222 0.004104445 0.010158768 350.77003206518 66.64187064385 766.69397 3.802 -0.498 6.202272846221923 2.157779123306274 0.15501536 0.15001535 "" "" 23.86497100221066 "" 3.686739928715938 ""
349.64881717296 66.57448535087 0.0295 0.03 32.2414 "" "" 2210521505780156928 771.294067 1.2731 0.0342 -4.315 -4.914 0.039 0.04 1.036 5049.7 4.405 16.228735 1.841005 17.13065 15.289644 "" "" 750.197754 788.874268 6073.69577 3.3314 1919.4 9.0291 6071.6 19.038 "" "" 0.0028189423945335942 0.005819879 0.0050866264 0.010906505 349.64881717296 66.57448535087 771.294067 -4.315 -4.913999999999999 -1.9147271537780766 -2.2582208766937253 0.14901537 0.15001535 "" "" 10.824121647868731 "" 1.619266226949849 ""
352.60214509185 66.59107835573 0.0305 0.0312 38.8441 "" "" 2210381558564745472 763.162781 1.2852 0.0369 9.787 -1.935 0.039 0.042 1.06 5612.6 4.2983 16.235918 2.201687 17.385504 15.183817 "" "" 739.169678 786.400818 6033.63806 2.3948 1517.8 9.1131 6693.2 11.143 "" "" 0.0027888163289267937 0.0070909387 0.004189391 0.01128033 352.60214509185 66.59107835573 763.162781 9.787 -1.9349999999999992 12.187272846221925 0.7207791233062744 0.14901537 0.15201536 "" "" 44.16317249775345 "" 6.5814577923033015 ""
351.2406775627 65.94374701862 0.0321 0.0293 34.4357 "" "" 2210256420399330432 960.52594 1.0241 0.0361 -3.613 -3.768 0.038 0.035 1.01 5039.3 4.3229 16.236137 1.694904 17.044273 15.349369 "" "" 925.347168 993.137329 6032.42288 2.7352 2078.3 7.595 5746.6 9.7749 "" "" 0.002798953283371727 0.0048505724 0.004206482 0.009057054 351.2406775627 65.94374701862 960.52594 -3.612999999999995 -3.768 -1.2127271537780762 -1.1122208766937254 0.14801537 0.14501536 "" "" 7.4918852116179595 "" 1.0987031193849957 ""
350.08828327236 66.37427947048 0.0313 0.0311 23.0437 "" "" 2210457665386428800 1108.35437 0.8731 0.0352 12.323 1.81 0.042 0.043 1.1 6683.9 4.3073 16.238407 1.972389 17.22075 15.248362 "" "" 1059.677 1153.94507 6019.82813 2.5524 1766.5 9.3568 6306.9 8.3566 "" "" 0.002793512542064693 0.006392045 0.0040439186 0.010435963 350.08828327236 66.37427947048 1108.35437 12.323 1.8099999999999987 14.723272846221924 4.465779123306275 0.15201536 0.15301536 "" "" 80.82999872767158 "" 12.294231548256835 ""
351.68187470419 65.72026770927 0.0334 0.0335 50.2093 "" "" 2210189414607398784 886.630676 1.1079 0.0402 -7.08 14.721 0.041 0.04 1.14 4977.1 4.3077 16.238916 1.784128 17.093248 15.30912 "" "" 855.717285 919.650085 6017.00029 3.5268 1986.6 9.2112 5963.6 12.296 "" "" 0.0028278587143076954 0.005755708 0.004392622 0.01014833 351.68187470419 65.72026770927 886.630676 -7.079999999999995 14.720999999999986 -4.679727153778076 17.376779123306274 0.15101537 0.15001535 "" "" 75.63008473181445 "" 11.350804248253304 ""
350.7505926753 66.00696355958 0.0312 0.0291 30.6422 "" "" 2210266900119435904 821.648193 1.1969 0.0349 6.07 -0.651 0.039 0.037 0.96 4860.4 4.3431 16.239332 1.796984 17.111727 15.314743 "" "" 798.079529 841.733521 6014.69459 3.133 1953.1 6.9182 5932.8 12.526 "" "" 0.0028127631180016183 0.0047513843 0.0044202376 0.009171622 350.7505926753 66.00696355958 821.648193 6.0700000000000065 -0.6509999999999998 8.470272846221924 2.0047791233062746 0.14901537 0.14701536 "" "" 33.899835403284136 "" 5.048022664386934 ""
352.11138096813 66.35397438257 0.0295 0.0311 28.4909 "" "" 2210360496044839424 875.442383 1.1081 0.035 -1.665 9.589 0.039 0.044 1.027 4804.3 4.3254 16.246735 1.927098 17.209946 15.282847 "" "" 848.356201 903.711731 5973.82742 2.8518 1784.2 9.4387 6109.7 16.918 "" "" 0.0028036469126502374 0.0063855555 0.0048293313 0.011214887 352.11138096813 66.35397438257 875.442383 -1.665 9.589 0.7352728462219238 12.244779123306275 0.14901537 0.15401536 "" "" 50.902420605104254 "" 7.838855132691957 ""
351.21588896694 66.46484282168 0.0288 0.0309 6.043 "" "" 2210473642664867584 928.470215 1.0525 0.0352 -2.264 -2.533 0.04 0.035 1.03 7098.2 4.3622 16.24908 2.117011 17.33702 15.22001 "" "" 900.675903 950.869873 5960.93225 2.5874 1587.1 6.2316 6473.7 11.505 "" "" 0.0027953333951504043 0.0050949557 0.004243457 0.009338412 351.21588896694 66.46484282168 928.470215 -2.264 -2.533 0.13627284622192404 0.1227791233062745 0.15001535 0.14501536 "" "" 0.8072472895595865 "" 0.11930793097354747 ""
352.61150069387 66.39752165244 0.0292 0.0293 39.4685 "" "" 2210363244823927808 914.232544 1.0603 0.0343 -3.458 -1.486 0.037 0.037 1.004 6601.7 4.29 16.25079 2.295148 17.461655 15.166507 "" "" 891.47522 943.630005 5951.5647 2.8684 1415.0 8.504 6800.7 11.991 "" "" 0.0028045694460609666 0.0070966715 0.004236572 0.011333244 352.61150069387 66.39752165244 914.232544 -3.458 -1.4859999999999993 -1.0577271537780764 1.1697791233062744 0.14701536 0.14701536 "" "" 6.834201000185401 "" 1.0047325407067413 ""
352.58287068474 66.9098691886 0.0346 0.0312 44.8346 "" "" 2210580432729469568 832.47699 1.1683 0.0384 6.972 -1.182 0.042 0.038 0.995 5667.4 4.0705 16.251673 2.394244 17.540026 15.145782 "" "" 805.32312 863.037964 5946.72705 2.9899 1316.5 8.646 6931.8 13.372 "" "" 0.0028088756374586832 0.0076569426 0.004320942 0.011977885 352.58287068474 66.9098691886 832.47699 6.97200000000001 -1.1820000000000006 9.372272846221925 1.4737791233062745 0.15201536 0.14801537 "" "" 37.43687897592897 "" 5.687413511411542 ""
350.50924433814 65.86776595619 0.0323 0.0309 40.1645 "" "" 2210251953632877184 1010.63788 0.9608 0.0367 -6.713 -4.608 0.039 0.038 0.996 6545.4 4.3812 16.25399 1.849153 17.160835 15.311682 "" "" 977.048584 1051.2699 5934.03857 3.0182 1866.7 7.714 5949.6 7.727 "" "" 0.002810115672791236 0.0052835355 0.0040338673 0.009317403 350.50924433814 65.86776595619 1010.63788 -6.712999999999999 -4.608000000000002 -4.312727153778076 -1.9522208766937252 0.14901537 0.14801537 "" "" 22.677878172619998 "" 3.3755064948705447 ""
