Clusters/UPK_220/UPK_220_stars_in_region.tsv
# %ECSV 1.0
# ---
# datatype:
# - name: RA_ICRS_1
#   unit: deg
#   datatype: float64
#   format: '{:15.11f}'
#   description: Right ascension (ICRS) at Ep=2016.0 (ra)
#   meta: !!omap
#   - {ucd: POS_EQ_RA_MAIN}
#   - {width: 15}
#   - {precision: '11'}
# - name: DE_ICRS_1
#   unit: deg
#   datatype: float64
#   format: '{:15.11f}'
#   description: Declination (ICRS) at Ep=2016.0 (dec)
#   meta: !!omap
#   - {ucd: POS_EQ_DEC_MAIN}
#   - {width: 15}
#   - {precision: '11'}
# - name: e_RA_ICRS
#   unit: mas
#   datatype: float64
#   format: '{:7.4f}'
#   description: Standard error of right ascension (ra_error)
#   meta: !!omap
#   - {ucd: ERROR}
#   - {width: 7}
#   - {precision: '4'}
# - name: e_DE_ICRS
#   unit: mas
#   datatype: float64
#   format: '{:7.4f}'
#   description: Standard error of declination (dec_error)
#   meta: !!omap
#   - {ucd: ERROR}
#   - {width: 7}
#   - {precision: '4'}
# - name: _r_1
#   unit: ''
#   datatype: float64
#   format: '{:7.4f}'
#   description: Distance from center (350.98851801000+66.50860336000)[ICRS], at Epoch=J2016.0
#   meta: !!omap
#   - {ucd: POS_ANG_DIST_GENERAL}
#   - {width: 7}
#   - {precision: '4'}
# - name: HIP
#   datatype: int32
#   description: '? HIP cross-id number, van Leeuwen, Cat. I/311 (hip_original_ext_source_id)'
#   meta: !!omap
#   - {ucd: ID_NUMBER}
#   - {width: 6}
#   - values: {'null': -2147483648}
# - name: TYC2
#   datatype: string
#   description: Tycho-2 cross-id name, Hog et al., Cat. I/259 (tyc2_original_ext_source_id)
#   meta: !!omap
#   - {ucd: ID_CROSSID}
#   - {_votable_string_dtype: char}
# - name: Source
#   datatype: int64
#   description: Source identifier, identical to the Gaia-EDR3 source_id (id)
#   meta: !!omap
#   - {ucd: ID_MAIN}
#   - {width: 19}
# - name: rgeo
#   unit: pc
#   datatype: float64
#   format: '{:15.8f}'
#   description: '? Median of the geometric distance posterior (r_med_geo)'
#   meta: !!omap
#   - {ucd: PHYS_DISTANCE_TRUE}
#   - {width: 15}
#   - {precision: '8'}
#   - values: {'null': .nan}
# - name: Plx
#   unit: mas
#   datatype: float64
#   format: '{:9.4f}'
#   description: '? Parallax (parallax)'
#   meta: !!omap
#   - {ucd: POS_PARLX_TRIG}
#   - {width: 9}
#   - {precision: '4'}
#   - values: {'null': .nan}
# - name: e_Plx
#   unit: mas
#   datatype: float32
#   format: '{:7.4f}'
#   description: '? Standard error of parallax (parallax_error)'
#   meta: !!omap
#   - {ucd: ERROR}
#   - {width: 7}
#   - {precision: '4'}
#   - values: {'null': .nan}
# - name: pmRA
#   unit: mas / yr
#   datatype: float64
#   format: '{:9.3f}'
#   description: '? Proper motion in right ascension direction, pmRA*cosDE (pmra)'
#   meta: !!omap
#   - {ucd: POS_EQ_PMRA}
#   - {width: 9}
#   - {precision: '3'}
#   - values: {'null': .nan}
# - name: pmDE
#   unit: mas / yr
#   datatype: float64
#   format: '{:9.3f}'
#   description: '? Proper motion in declination direction (pmdec)'
#   meta: !!omap
#   - {ucd: POS_EQ_PMDEC}
#   - {width: 9}
#   - {precision: '3'}
#   - values: {'null': .nan}
# - name: e_pmRA
#   unit: mas / yr
#   datatype: float32
#   format: '{:6.3f}'
#   description: '? Standard error of proper motion in right ascension direction (pmra_error)'
#   meta: !!omap
#   - {ucd: ERROR}
#   - {width: 6}
#   - {precision: '3'}
#   - values: {'null': .nan}
# - name: e_pmDE
[...]
#         value: !astropy.table.SerializedColumn {name: SkyCoord.dec}
#       distance: !astropy.table.SerializedColumn
#         __class__: astropy.coordinates.distances.Distance
#         unit: !astropy.units.Unit {unit: pc}
#         value: !astropy.table.SerializedColumn {name: SkyCoord.distance}
#       frame: icrs
#       obstime: !astropy.time.Time {format: jyear_str, in_subfmt: '*', jd1: 367701545.0, jd2: 0.0, out_subfmt: '*', precision: 3, scale: tt}
#       pm_dec: !astropy.table.SerializedColumn
#         __class__: astropy.units.quantity.Quantity
#         unit: !astropy.units.Unit {unit: mas / yr}
#         value: !astropy.table.SerializedColumn {name: SkyCoord.pm_dec}
#       pm_ra_cosdec: !astropy.table.SerializedColumn
#         __class__: astropy.units.quantity.Quantity
#         unit: !astropy.units.Unit {unit: mas / yr}
#         value: !astropy.table.SerializedColumn {name: SkyCoord.pm_ra_cosdec}
#       ra: !astropy.table.SerializedColumn
#         __class__: astropy.coordinates.angles.Longitude
#         unit: *id001
#         value: !astropy.table.SerializedColumn {name: SkyCoord.ra}
#         wrap_angle: !astropy.coordinates.Angle
#           unit: *id001
#           value: 360.0
#       representation_type: spherical
# schema: astropy-2.0
RA_ICRS_1 DE_ICRS_1 e_RA_ICRS e_DE_ICRS _r_1 HIP TYC2 Source rgeo Plx e_Plx pmRA pmDE e_pmRA e_pmDE RUWE Teff logg Gmag BP-RP BPmag RPmag RV e_RV b_rgeo B_rgeo FG e_FG FBP e_FBP FRP e_FRP RAVE5 RAVE6 e_Gmag e_BPmag e_RPmag e_BP-RP SkyCoord.ra SkyCoord.dec SkyCoord.distance SkyCoord.pm_ra_cosdec SkyCoord.pm_dec rmRA rmDE e_rmRA e_rmDE rRV e_rRV v_pec v_pec3d e_vpec e_vpec3d
[from data line 144]
351.71594323811 66.82283405394 0.027 0.0238 25.5796 "" "" 2210586686201577344 860.783752 1.1333 0.0299 -0.98 -2.042 0.035 0.03 2.964 "" "" 13.249889 1.313198 13.827992 12.514794 "" "" 838.753357 877.939941 94404.15652 13.339 40199.0 25.802 78206.0 34.555 "" "" 0.002759587710969969 0.0028758824 0.0038097068 0.0066855894 351.71594323811 66.82283405394 860.783752 -0.9800000000000014 -2.0420000000000007 1.4202728462219238 0.6137791233062746 0.14501536 0.14001536 "" "" 6.312848746330961 "" 0.9105653560344141 ""
350.98013374695 66.5623142724 0.0091 0.0098 3.2289 "" "" 2210486115249807104 938.80188 1.0344 0.0113 -2.516 -2.644 0.012 0.012 1.095 "" "" 13.257998 1.750203 14.093928 12.343725 "" "" 928.894836 948.682922 93701.66611 20.084 31466.0 33.16 91552.0 41.466 "" "" 0.002765130445709216 0.0030156614 0.00381124 0.0068269013 350.98013374695 66.5623142724 938.80188 -2.5159999999999973 -2.6440000000000006 -0.11572715377807619 0.011779123306274286 0.122015364 0.122015364 "" "" 0.5176373606660765 "" 0.06315971122397546 ""
350.8837297959 66.44164355797 0.0089 0.0101 4.737 "" "" 2210472818031114752 955.86145 1.0161 0.0107 -2.29 -2.564 0.012 0.012 0.947 9242.1 3.9745 13.25903 1.153739 13.748106 12.594367 "" "" 948.689819 964.051392 93612.68052 14.419 43269.0 27.011 72679.0 28.572 "" "" 0.002760390667768279 0.002871312 0.003803408 0.00667472 350.8837297959 66.44164355797 955.86145 -2.290000000000001 -2.564 0.11027284622192379 0.09177912330627436 0.122015364 0.122015364 "" "" 0.6500293790840156 "" 0.0793135716039074 ""
350.94676890346 66.55421661725 0.0174 0.0181 2.9129 "" "" 2210486080890069248 918.135864 1.0622 0.0213 -2.461 -2.588 0.023 0.021 1.867 "" "" 13.25969 1.769486 14.106301 12.336816 "" "" 900.417908 940.036987 93555.75664 24.209 31110.0 30.307 92137.0 43.294 "" "" 0.0027696069909571262 0.002983924 0.0038136602 0.0067975842 350.94676890346 66.55421661725 918.135864 -2.461000000000004 -2.588 -0.060727153778076026 0.06777912330627434 0.13301536 0.13101536 "" "" 0.3960477752085361 "" 0.052242536843719475 ""
350.47428390769 66.47030285016 0.0092 0.009 12.5209 "" "" 2210481167447470464 939.023132 1.0379 0.0107 -2.367 -2.731 0.012 0.012 1.163 "" "" 13.264916 1.222059 13.790181 12.568122 "" "" 929.903687 946.971436 93106.50366 11.166 41624.0 26.199 74458.0 32.941 "" "" 0.0027583951600885807 0.0028726405 0.003809784 0.006682425 350.47428390769 66.47030285016 939.023132 -2.3669999999999987 -2.7310000000000016 0.033272846221923835 -0.07522087669372546 0.122015364 0.122015364 "" "" 0.3660976671649358 "" 0.044669540290049964 ""
352.36890624564 66.9576544738 0.0099 0.0099 42.381 "" "" 2210591977601534848 772.009827 1.2628 0.0118 -1.358 -0.069 0.012 0.012 0.95 6593.9 3.474 13.277926 1.650157 14.054627 12.40447 "" "" 765.816711 778.763 91997.57184 48.878 32626.0 54.03 86571.0 137.86 "" "" 0.0028150564767453856 0.0033193277 0.004156092 0.00747542 352.36890624564 66.9576544738 772.009827 -1.358 -0.06900000000000005 1.0422728462219237 2.5867791233062745 0.122015364 0.122015364 "" "" 10.205361872349277 "" 1.2452109483835248 ""
350.93437254406 66.4185402931 0.0085 0.0104 5.5573 "" "" 2210472508793490816 951.831482 1.024 0.0106 -2.43 -2.569 0.012 0.012 0.924 "" "" 13.289423 1.146963 13.771794 12.624831 "" "" 942.077515 960.112183 91028.55737 13.728 42335.0 37.949 70668.0 63.693 "" "" 0.0027601811683658876 0.002955041 0.0039040148 0.0068590557 350.93437254406 66.4185402931 951.831482 -2.43 -2.569 -0.029727153778076332 0.08677912330627446 0.122015364 0.122015364 "" "" 0.4138547238401594 "" 0.05049663496620097 ""
351.48382724694 66.75849770065 0.2923 0.2571 19.0717 "" "" 2210585999006812288 1073.36646 1.2455 0.3226 3.533 -0.94 0.375 0.336 30.426 7744.1 3.31 13.291882 1.537445 13.913011 12.375566 "" "" 772.437683 1468.39062 90822.54341 258.95 37172.0 35.256 88906.0 45.99 "" "" 0.0041442256156162816 0.002974135 0.0038208852 0.0067950203 351.48382724694 66.75849770065 1073.36646 3.5329999999999986 -0.9400000000000004 5.933272846221923 1.7157791233062745 0.48501536 0.44601536 "" "" 31.42390207391375 "" 15.15002992899963 ""
350.85631990383 66.83433436632 0.0097 0.0098 19.7947 "" "" 2210543289854290048 867.555908 1.1236 0.0116 -4.022 -2.066 0.012 0.011 1.044 "" "" 13.292344 1.372729 13.904345 12.531616 "" "" 858.608276 875.382263 90783.95333 15.361 37470.0 26.76 77004.0 27.555 "" "" 0.0027614378622267967 0.0028959103 0.003799299 0.006695209 350.85631990383 66.83433436632 867.555908 -4.022000000000006 -2.066000000000002 -1.6217271537780764 0.5897791233062746 0.122015364 0.12101536 "" "" 7.096208616359422 "" 0.8650205781850924 ""
352.19958140055 65.89756907539 0.0099 0.0097 46.9423 "" "" 2210285969772236544 948.277344 1.0268 0.0117 -2.614 -0.063 0.015 0.015 1.001 "" "" 13.310257 0.832852 13.639404 12.806552 "" "" 939.02478 959.566528 89298.45646 15.106 47825.0 33.696 59777.0 23.176 "" "" 0.0027614349114465997 0.002893136 0.0038027524 0.0066958885 352.19958140055 65.89756907539 948.277344 -2.614000000000001 -0.06300000000000006 -0.21372715377807605 2.5927791233062742 0.12501536 0.12501536 "" "" 11.693641057009387 "" 1.4618847826702472 ""
350.85217346571 66.35245660427 0.0089 0.0097 9.9234 "" "" 2210465568126367488 937.768433 1.0361 0.0107 -2.408 -2.723 0.013 0.012 0.966 "" "" 13.319523 1.216721 13.839924 12.623203 "" "" 929.099426 946.258789 88539.60674 11.792 39760.0 25.227 70775.0 25.795 "" "" 0.0027591120185013187 0.0028739525 0.0038000415 0.006673994 350.85217346571 66.35245660427 937.768433 -2.408000000000001 -2.723 -0.00772715377807609 -0.06722087669372545 0.12301536 0.122015364 "" "" 0.3007659662972588 "" 0.036702007296387354 ""
351.29926771569 66.24993319613 0.0104 0.0098 17.2246 "" "" 2210277104961672704 879.755615 1.1074 0.0112 -1.93 -1.65 0.013 0.011 1.008 6458.3 3.7331 13.327227 1.404409 13.957489 12.55308 -9.4 4.04 871.48822 887.915405 87913.59633 15.058 35680.0 31.238 75496.0 35.766 "" "" 0.0027615888674022695 0.0029476476 0.003814223 0.0067618703 351.29926771569 66.24993319613 879.755615 -1.93 -1.65 0.4702728462219239 1.0057791233062745 0.12301536 0.12101536 -5.349230769230769 7.562053 4.629963599862034 7.074661317584935 0.5619691940375615 5.7295690901932845
349.69825299681 66.19841377763 0.0331 0.0332 36.2004 "" "" 2210450995295573888 1045.52173 0.9417 0.0381 -2.366 -1.767 0.044 0.043 3.926 8311.4 4.0593 13.33428 1.217288 13.849015 12.631727 "" "" 1009.47601 1088.95496 87344.34578 31.902 39429.0 28.996 70221.0 30.699 "" "" 0.002783711218362971 0.002902166 0.0038090718 0.006711238 349.69825299681 66.19841377763 1045.52173 -2.366000000000001 -1.7670000000000026 0.034272846221923725 0.8887791233062745 0.15401536 0.15301536 "" "" 4.407861189491156 "" 0.6744770339313454 ""
352.53423763056 66.90203880403 0.0096 0.0098 43.6146 "" "" 2210580329650253696 777.061584 1.2566 0.0114 -1.371 -0.229 0.012 0.012 1.088 7720.3 3.7828 13.339266 1.798266 14.210767 12.412501 "" "" 770.787964 784.607849 86944.1495 19.145 28256.0 21.823 85933.0 25.736 "" "" 0.002765673085361261 0.0029134534 0.0037933441 0.0067067975 352.53423763056 66.90203880403 777.061584 -1.371 -0.22900000000000004 1.0292728462219238 2.4267791233062743 0.122015364 0.122015364 "" "" 9.709218981867298 "" 1.1846738927731106 ""
351.34828183109 66.47830357078 0.0091 0.0097 8.7994 "" "" 2210470790806592384 951.912231 1.0187 0.0114 -2.277 -2.8 0.013 0.012 1.067 "" "" 13.341002 1.714781 14.154213 12.439432 "" "" 943.324402 961.161499 86805.28102 19.284 29767.0 28.536 83827.0 31.085 "" "" 0.0027658572452226994 0.002977984 0.0038007668 0.0067787506 351.34828183109 66.47830357078 951.912231 -2.2769999999999997 -2.8 0.1232728462219237 -0.1442208766937254 0.12301536 0.122015364 "" "" 0.8560546702873983 "" 0.10481406983638773 ""
353.0407279793 66.48251026809 0.0098 0.0098 49.1305 "" "" 2210387915116429312 960.136475 1.0116 0.0115 0.964 0.35 0.013 0.013 1.218 9007.8 3.7925 13.345194 1.565314 14.068005 12.50269 "" "" 948.966797 969.360901 86470.73361 12.186 32227.0 26.587 79083.0 23.961 "" "" 0.0027595653803204785 0.0029304211 0.0037936715 0.0067240926 353.0407279793 66.48251026809 960.136475 0.9639999999999994 0.35 3.364272846221924 3.0057791233062745 0.12301536 0.12301536 "" "" 20.5317492886799 "" 2.52572051054989 ""
351.04713625185 66.40255891675 0.0107 0.0121 6.5159 "" "" 2210471542419106688 953.8526 1.0186 0.0128 3.685 0.508 0.014 0.014 1.262 "" "" 13.345465 1.600061 14.091122 12.491061 9.93 3.87 944.151245 964.184204 86449.20321 16.359 31548.0 31.724 79934.0 47.063 "" "" 0.0027629697439518074 0.0029961744 0.0038330627 0.006829237 351.04713625185 66.40255891675 953.8526 3.6849999999999974 0.5079999999999992 6.085272846221924 3.1637791233062744 0.12401536 0.12401536 13.98076923076923 7.392053 31.009407552763232 34.01536807176122 3.845642874242344 4.639126545295281
351.11639043044 67.16982371204 0.0135 0.013 39.7878 "" "" 2213565847317250688 774.01062 1.2619 0.0152 -13.435 -3.871 0.018 0.017 1.038 "" "" 13.352414 1.675151 14.146956 12.471805 -16.42 3.71 764.797302 784.141357 85897.57616 15.196 29966.0 23.481 81365.0 32.746 "" "" 0.002762006973061541 0.0029169947 0.0038045582 0.006721553 351.11639043044 67.16982371204 774.01062 -13.435 -3.871 -11.034727153778077 -1.2152208766937256 0.12801537 0.12701537 -12.369230769230771 7.2320533 40.72907703192189 42.565896979797245 5.213461673909372 5.413093887167592
351.99056140875 65.96151445029 0.0104 0.009 40.7975 "" "" 2210300538301284608 844.363464 1.1556 0.0116 -5.812 -4.885 0.014 0.011 0.981 7798.6 4.244 13.373029 1.000576 13.785059 12.784483 "" "" 834.187073 854.097107 84282.10463 11.68 41821.0 38.225 61005.0 21.021 "" "" 0.002759425435379763 0.0029613955 0.0037978538 0.0067592496 351.99056140875 65.96151445029 844.363464 -5.812 -4.885 -3.4117271537780764 -2.2292208766937254 0.12401536 0.12101536 "" "" 16.311110973043895 "" 2.0083127044978446 ""
351.50060681371 66.54270489667 0.0089 0.0086 12.4089 "" "" 2210474364219532928 835.315735 1.1663 0.0104 1.906 -2.934 0.012 0.011 1.046 "" "" 13.378165 1.732714 14.206332 12.473619 -2.69 3.04 828.482117 841.411255 83884.27279 15.506 28372.0 28.36 81229.0 26.603 "" "" 0.002762619984894793 0.0029938058 0.0037960727 0.0067898785 351.50060681371 66.54270489667 835.315735 1.9059999999999993 -2.933999999999999 4.3062728462219235 -0.27822087669372575 0.122015364 0.12101536 1.3607692307692312 6.562053 17.08579075133024 17.139893188046717 2.0846582519034755 2.142387009719228
351.61928576795 67.25913972048 0.0094 0.0093 47.4195 "" "" 2210658188817209856 1135.27539 0.8371 0.0108 4.491 -0.566 0.012 0.012 1.072 "" "" 13.379931 2.753588 14.938037 12.184449 -27.13 0.71 1123.56921 1147.82007 83748.0009 25.144 14461.0 14.102 106020.0 52.858 "" "" 0.002774535828661252 0.0029843037 0.0038179504 0.0068022544 351.61928576795 67.25913972048 1135.27539 4.491 -0.5660000000000002 6.8912728462219235 2.0897791233062746 0.122015364 0.122015364 -23.07923076923077 4.2320533 38.750962883858556 45.10308212667502 4.728212859763728 4.6034709193444865
351.30530470207 65.67365652285 0.0109 0.0103 50.6854 "" "" 2210190346622571136 867.052368 1.125 0.0123 -3.291 -2.068 0.014 0.013 1.105 8925.3 4.2599 13.387022 1.214507 13.909753 12.695246 "" "" 858.509827 876.876221 83202.79644 11.445 37283.0 23.102 66231.0 29.475 "" "" 0.002759364874493643 0.0028701324 0.0038101443 0.0066802767 351.30530470207 65.67365652285 867.052368 -3.291 -2.068 -0.8907271537780761 0.5877791233062744 0.12401536 0.12301536 "" "" 4.385938052904921 "" 0.5425969399655615 ""
351.14020969325 66.41945571532 0.0089 0.0094 6.4668 "" "" 2210469107179419008 933.830261 1.0422 0.0106 -2.388 -2.617 0.012 0.011 0.976 "" "" 13.409846 1.250729 13.951381 12.700652 "" "" 922.929138 943.507935 81472.00276 10.892 35881.0 28.936 65902.0 25.735 "" "" 0.0027591409092902726 0.0029243284 0.0038030895 0.006727418 351.14020969325 66.41945571532 933.830261 -2.3879999999999963 -2.6169999999999978 0.012272846221923928 0.03877912330627442 0.122015364 0.12101536 "" "" 0.18004132910229706 "" 0.02180421944825141 ""
350.4434984215 66.75046648495 0.0277 0.0249 19.4641 "" "" 2210548375095564288 820.612488 1.1906 0.0298 1.282 1.011 0.034 0.029 2.813 7497.4 4.04 13.425939 1.290207 13.990817 12.70061 "" "" 799.205505 839.924133 80273.34476 11.479 34601.0 29.448 65904.0 31.356 "" "" 0.002759691066950894 0.0029392007 0.0038145217 0.006753722 350.4434984215 66.75046648495 820.612488 1.2820000000000003 1.0110000000000001 3.682272846221924 3.6667791233062745 0.14401537 0.13901536 "" "" 20.213138383756597 "" 2.861129044166264 ""
350.25762159506 67.32165455577 0.0099 0.0107 51.7239 "" "" 2213627110730042496 896.035278 1.0685 0.0117 1.531 0.423 0.013 0.013 1.109 "" "" 13.427453 2.950827 15.139317 12.18849 20.38 0.59 887.549622 904.567078 80161.45245 31.814 12014.0 18.931 105620.0 62.419 "" "" 0.00278881061633353 0.0032729243 0.0038334625 0.007106387 350.25762159506 67.32165455577 896.035278 1.5310000000000001 0.423 3.9312728462219235 3.0787791233062745 0.12301536 0.12301536 24.43076923076923 4.1120534 21.207895444989543 32.3517745172148 2.608896872734592 3.5450730523089624
350.90748956138 65.85720870532 0.01 0.0102 39.1329 "" "" 2210249892049045504 1107.0105 0.8735 0.012 4.099 5.056 0.013 0.013 1.016 5417.2 3.2875 13.442167 1.962393 14.426135 12.463742 -11.38 0.77 1090.12488 1121.21985 79082.42469 15.99 23172.0 20.382 81971.0 36.829 "" "" 0.0027640518405117067 0.002949083 0.0038107333 0.0067598163 350.90748956138 65.85720870532 1107.0105 4.099 5.056000000000002 6.499272846221924 7.7117791233062745 0.12301536 0.12301536 -7.32923076923077 4.292053 52.91957648718129 53.42470588829919 6.509920702030996 6.475197054639602
350.11813722721 66.40418732306 0.0101 0.0103 21.7805 "" "" 2210457837185109504 777.616516 1.2555 0.0114 -6.305 -13.695 0.014 0.014 1.108 6674.4 3.8886 13.454308 1.528349 14.15198 12.623632 -26.56 2.0 770.897644 784.667419 78203.03854 16.143 29828.0 52.249 70747.0 69.999 "" "" 0.0027644204046834565 0.0033767016 0.0039290907 0.0073057925 350.11813722721 66.40418732306 777.616516 -6.304999999999999 -13.695 -3.904727153778076 -11.039220876693726 0.12401536 0.12401536 -22.50923076923077 5.5220532 43.1598999171306 48.67691887002725 5.352490571995332 5.389197151489353
350.34637252099 65.70528475946 0.0098 0.0109 50.6618 "" "" 2210223813007211136 998.296814 0.9729 0.0124 0.04 1.548 0.013 0.014 0.98 "" "" 13.46992 1.038017 13.9001 12.862082 "" "" 986.775696 1012.35065 77086.59557 11.821 37616.0 22.815 56797.0 30.967 "" "" 0.0027603459551023067 0.002866828 0.003825461 0.0066922894 350.34637252099 65.70528475946 998.296814 0.04000000000000031 1.548 2.440272846221924 4.2037791233062745 0.12301536 0.12401536 "" "" 23.00061628186881 "" 2.846650104437986 ""
351.47513099356 66.82662800813 0.01 0.0093 22.3118 "" "" 2210587197300396672 760.161621 1.2871 0.0114 -0.999 -5.966 0.013 0.013 0.974 6666.9 4.0101 13.479109 1.312541 14.057838 12.745297 "" "" 752.556519 766.216736 76436.92512 18.528 32530.0 38.141 63247.0 33.357 "" "" 0.0027678605607633013 0.0030668562 0.003822516 0.006889372 351.47513099356 66.82662800813 760.161621 -0.9990000000000007 -5.966000000000004 1.4012728462219237 -3.3102208766937258 0.12301536 0.12301536 "" "" 12.951930119516634 "" 1.5932863339661079 ""
351.87208035286 65.71202380493 0.0103 0.0098 52.3941 "" "" 2209531670435743104 902.654907 1.078 0.0122 -1.805 -1.55 0.012 0.011 1.006 "" "" 13.480038 1.059656 13.919753 12.860097 "" "" 894.040405 911.455261 76371.57749 10.513 36942.0 19.044 56901.0 24.899 "" "" 0.002759370779844863 0.002845755 0.003809127 0.006654882 351.87208035286 65.71202380493 902.654907 -1.805000000000001 -1.5500000000000012 0.5952728462219239 1.1057791233062744 0.122015364 0.12101536 "" "" 5.373154440701199 "" 0.6514453607873181 ""
