Clusters/UPK_540/UPK_540_stars_in_region.tsv
# %ECSV 1.0
# ---
# datatype:
# - name: RA_ICRS_1
#   unit: deg
#   datatype: float64
#   format: '{:15.11f}'
#   description: Right ascension (ICRS) at Ep=2016.0 (ra)
#   meta: !!omap
#   - {ucd: POS_EQ_RA_MAIN}
#   - {width: 15}
#   - {precision: '11'}
# - name: DE_ICRS_1
#   unit: deg
#   datatype: float64
#   format: '{:15.11f}'
#   description: Declination (ICRS) at Ep=2016.0 (dec)
#   meta: !!omap
#   - {ucd: POS_EQ_DEC_MAIN}
#   - {width: 15}
#   - {precision: '11'}
# - name: e_RA_ICRS
#   unit: mas
#   datatype: float64
#   format: '{:7.4f}'
#   description: Standard error of right ascension (ra_error)
#   meta: !!omap
#   - {ucd: ERROR}
#   - {width: 7}
#   - {precision: '4'}
# - name: e_DE_ICRS
#   unit: mas
#   datatype: float64
#   format: '{:7.4f}'
#   description: Standard error of declination (dec_error)
#   meta: !!omap
#   - {ucd: ERROR}
#   - {width: 7}
#   - {precision: '4'}
# - name: _r_1
#   unit: ''
#   datatype: float64
#   format: '{:8.4f}'
#   description: Distance from center (114.53540635000-58.43480608000)[ICRS], at Epoch=J2016.0
#   meta: !!omap
#   - {ucd: POS_ANG_DIST_GENERAL}
#   - {width: 8}
#   - {precision: '4'}
# - name: HIP
#   datatype: int32
#   description: '? HIP cross-id number, van Leeuwen, Cat. I/311 (hip_original_ext_source_id)'
#   meta: !!omap
#   - {ucd: ID_NUMBER}
#   - {width: 6}
#   - values: {'null': -2147483648}
# - name: TYC2
#   datatype: string
#   description: Tycho-2 cross-id name, Hog et al., Cat. I/259 (tyc2_original_ext_source_id)
#   meta: !!omap
#   - {ucd: ID_CROSSID}
#   - {_votable_string_dtype: char}
# - name: Source
#   datatype: int64
#   description: Source identifier, identical to the Gaia-EDR3 source_id (id)
#   meta: !!omap
#   - {ucd: ID_MAIN}
#   - {width: 19}
# - name: rgeo
#   unit: pc
#   datatype: float64
#   format: '{:15.8f}'
#   description: '? Median of the geometric distance posterior (r_med_geo)'
#   meta: !!omap
#   - {ucd: PHYS_DISTANCE_TRUE}
#   - {width: 15}
#   - {precision: '8'}
#   - values: {'null': .nan}
# - name: Plx
#   unit: mas
#   datatype: float64
#   format: '{:9.4f}'
#   description: '? Parallax (parallax)'
#   meta: !!omap
#   - {ucd: POS_PARLX_TRIG}
#   - {width: 9}
#   - {precision: '4'}
#   - values: {'null': .nan}
# - name: e_Plx
#   unit: mas
#   datatype: float32
#   format: '{:7.4f}'
#   description: '? Standard error of parallax (parallax_error)'
#   meta: !!omap
#   - {ucd: ERROR}
#   - {width: 7}
#   - {precision: '4'}
#   - values: {'null': .nan}
# - name: pmRA
#   unit: mas / yr
#   datatype: float64
#   format: '{:9.3f}'
#   description: '? Proper motion in right ascension direction, pmRA*cosDE (pmra)'
#   meta: !!omap
#   - {ucd: POS_EQ_PMRA}
#   - {width: 9}
#   - {precision: '3'}
#   - values: {'null': .nan}
# - name: pmDE
#   unit: mas / yr
#   datatype: float64
#   format: '{:9.3f}'
#   description: '? Proper motion in declination direction (pmdec)'
#   meta: !!omap
#   - {ucd: POS_EQ_PMDEC}
#   - {width: 9}
#   - {precision: '3'}
#   - values: {'null': .nan}
# - name: e_pmRA
#   unit: mas / yr
#   datatype: float32
#   format: '{:6.3f}'
#   description: '? Standard error of proper motion in right ascension direction (pmra_error)'
#   meta: !!omap
#   - {ucd: ERROR}
#   - {width: 6}
#   - {precision: '3'}
#   - values: {'null': .nan}
# - name: e_pmDE
[...]
#         value: !astropy.table.SerializedColumn {name: SkyCoord.dec}
#       distance: !astropy.table.SerializedColumn
#         __class__: astropy.coordinates.distances.Distance
#         unit: !astropy.units.Unit {unit: pc}
#         value: !astropy.table.SerializedColumn {name: SkyCoord.distance}
#       frame: icrs
#       obstime: !astropy.time.Time {format: jyear_str, in_subfmt: '*', jd1: 367701545.0, jd2: 0.0, out_subfmt: '*', precision: 3, scale: tt}
#       pm_dec: !astropy.table.SerializedColumn
#         __class__: astropy.units.quantity.Quantity
#         unit: !astropy.units.Unit {unit: mas / yr}
#         value: !astropy.table.SerializedColumn {name: SkyCoord.pm_dec}
#       pm_ra_cosdec: !astropy.table.SerializedColumn
#         __class__: astropy.units.quantity.Quantity
#         unit: !astropy.units.Unit {unit: mas / yr}
#         value: !astropy.table.SerializedColumn {name: SkyCoord.pm_ra_cosdec}
#       ra: !astropy.table.SerializedColumn
#         __class__: astropy.coordinates.angles.Longitude
#         unit: *id001
#         value: !astropy.table.SerializedColumn {name: SkyCoord.ra}
#         wrap_angle: !astropy.coordinates.Angle
#           unit: *id001
#           value: 360.0
#       representation_type: spherical
# schema: astropy-2.0
RA_ICRS_1 DE_ICRS_1 e_RA_ICRS e_DE_ICRS _r_1 HIP TYC2 Source rgeo Plx e_Plx pmRA pmDE e_pmRA e_pmDE RUWE Teff logg Gmag BP-RP BPmag RPmag RV e_RV b_rgeo B_rgeo FG e_FG FBP e_FBP FRP e_FRP RAVE5 RAVE6 e_Gmag e_BPmag e_RPmag e_BP-RP SkyCoord.ra SkyCoord.dec SkyCoord.distance SkyCoord.pm_ra_cosdec SkyCoord.pm_dec rmRA rmDE e_rmRA e_rmDE rRV e_rRV v_pec v_pec3d e_vpec e_vpec3d
[from data line 1591]
114.34951593684 -57.31489008931 0.0418 0.0438 67.4561 "" "" 5486139130808447616 370.131958 2.6751 0.0449 -10.012 2.774 0.056 0.059 1.273 "" "" 16.241392 2.207079 17.37283 15.16575 "" "" 365.088348 376.396881 6003.30228 4.9173 1535.6 9.7559 6805.5 11.226 "" "" 0.002895287459285749 0.007440789 0.004182262 0.011623051 114.34951593684 -57.31489008931 370.131958 -10.012 2.773999999999999 -5.188034450531006 -4.954827476501465 0.28931427 0.2923143 "" "" 12.586216703743956 "" 3.659432450414714 ""
116.66457389529 -57.18640925754 0.0323 0.033 101.1934 "" "" 5295534873124370304 373.207336 2.6512 0.0342 -4.588 -39.103 0.046 0.042 0.94 3667.5 4.383 16.24642 2.024949 17.272364 15.247415 "" "" 368.493652 377.798798 5975.56527 2.7893 1684.5 10.125 6312.4 11.613 "" "" 0.0028015424824795057 0.0070974617 0.0042747515 0.011372213 116.66457389529 -57.18640925754 373.207336 -4.587999999999992 -39.10300000000004 0.23596554946899406 -46.831827476501466 0.27931428 0.27531427 "" "" 82.84668425683293 "" 22.80888299212279 ""
116.0381959664 -58.4987437126 0.0683 0.0695 47.3117 "" "" 5295122075226887168 431.729095 2.2712 0.0688 -5.104 6.318 0.089 0.092 2.168 "" "" 16.251612 2.462278 17.462826 15.000547 "" "" 420.393005 445.542664 5947.05583 16.858 1413.5 19.528 7923.9 49.695 "" "" 0.004130873389340999 0.015257124 0.0077877687 0.023044892 116.0381959664 -58.4987437126 431.729095 -5.104000000000004 6.318000000000007 -0.28003445053100595 -1.4108274765014652 0.32231426 0.32531428 "" "" 2.9434355063296644 "" 0.9572083851925048 ""
110.70362113767 -57.25215300224 0.0653 0.0637 141.4202 "" "" 5487075605477517696 430.084625 2.3078 0.0662 -12.422 39.361 0.079 0.084 1.905 4185.3 4.4425 16.252506 1.97897 17.207012 15.228043 "" "" 418.095154 444.493042 5942.16263 6.134 1789.0 11.651 6426.0 12.565 "" "" 0.0029745513058886675 0.007601529 0.004334833 0.011936362 110.70362113767 -57.25215300224 430.084625 -12.421999999999999 39.361 -7.5980344505310065 31.632172523498532 0.31231427 0.31731427 "" "" 66.31956624212097 "" 21.02619122882598 ""
112.34207963121 -58.37652093094 0.032 0.0358 69.0308 "" "" 5485984615064612224 348.143127 2.8426 0.0348 -2.44 -2.054 0.045 0.045 1.042 "" "" 16.252905 2.078373 17.317001 15.238628 "" "" 344.113983 352.373474 5939.97434 3.1371 1616.7 9.1792 6363.7 13.986 "" "" 0.002814354759103718 0.006766567 0.0044696433 0.01123621 112.34207963121 -58.37652093094 348.143127 -2.4400000000000013 -2.0539999999999994 2.383965549468994 -9.782827476501465 0.2783143 0.2783143 "" "" 16.616031807792087 "" 4.624479135594612 ""
116.77534707229 -57.38498957505 0.0391 0.0363 95.2032 "" "" 5295341393436236928 420.487946 2.3518 0.0405 -20.564 6.436 0.054 0.045 1.034 4357.0 4.6725 16.25988 1.865218 17.18418 15.318961 "" "" 412.932251 428.128296 5901.94322 2.962 1827.0 11.997 5909.8 13.004 "" "" 0.002808683325370584 0.0076560215 0.004471171 0.012127193 116.77534707229 -57.38498957505 420.487946 -20.564 6.435999999999996 -15.740034450531006 -1.292827476501465 0.28731427 0.2783143 "" "" 31.477309605385017 "" 9.042011240397773 ""
111.23200312673 -56.84821501164 0.0322 0.0312 142.5034 "" "" 5487113298110441856 336.5466 2.9459 0.0318 -20.359 24.926 0.041 0.039 0.949 "" "" 16.264507 2.06736 17.31952 15.252161 "" "" 333.53302 339.87619 5876.839 3.1021 1612.9 9.8127 6284.8 10.975 "" "" 0.002814292434345487 0.007170608 0.004228301 0.011398909 111.23200312673 -56.84821501164 336.5466 -20.359 24.926000000000005 -15.535034450531008 17.197172523498534 0.27431428 0.27231428 "" "" 36.96945554014768 "" 10.100602209453204 ""
112.39453125997 -58.58207192923 0.0493 0.0559 67.6764 "" "" 5293827606442157056 295.705414 3.3586 0.0521 -2.863 -13.133 0.067 0.069 1.349 3726.7 4.596 16.264633 2.232591 17.4109 15.178309 "" "" 292.308167 299.295013 5876.1572 3.6292 1482.7 12.959 6727.2 17.841 "" "" 0.0028357448251433454 0.009891173 0.0047513098 0.014642483 112.39453125997 -58.58207192923 295.705414 -2.863000000000001 -13.132999999999981 1.9609655494689942 -20.861827476501464 0.30031428 0.30231428 "" "" 29.369744152520354 "" 8.878380333949806 ""
115.39883589062 -56.39642931022 0.0353 0.0377 125.4417 "" "" 5487750705617249792 399.095673 2.4816 0.0369 28.544 52.26 0.045 0.051 1.062 4057.5 4.5279 16.265795 2.097725 17.330107 15.232382 "" "" 393.648926 407.433716 5869.87266 3.598 1597.3 9.703 6400.4 15.653 "" "" 0.002834554185284343 0.0071613467 0.0046189157 0.011780262 115.39883589062 -56.39642931022 399.095673 28.543999999999993 52.26 33.36796554946899 44.53117252349853 0.2783143 0.28431427 "" "" 105.26576423269823 "" 29.70299749764155 ""
113.90894363944 -57.97338124875 0.036 0.0364 34.0396 "" "" 5293940306384737664 328.473328 3.0149 0.037 -2.299 12.751 0.047 0.045 1.003 5117.2 4.7241 16.265818 2.11399 17.353672 15.239682 "" "" 324.507996 332.270721 5869.75421 3.2147 1563.0 6.703 6357.5 10.814 "" "" 0.0028187534466985196 0.005428217 0.004206479 0.009634696 113.90894363944 -57.97338124875 328.473328 -2.2990000000000026 12.750999999999985 2.524965549468994 5.022172523498535 0.28031427 0.2783143 "" "" 8.7519729624947 "" 2.439340996829013 ""
112.4046812799 -57.54469743896 0.0337 0.0339 86.2747 "" "" 5486085941933249408 404.902924 2.4424 0.0347 -16.597 -3.492 0.048 0.052 0.992 4259.6 4.661 16.267208 1.924988 17.230692 15.305704 "" "" 400.92337 410.94223 5862.2382 3.2324 1750.4 15.274 5982.4 12.645 "" "" 0.002819608584851247 0.009876455 0.004421582 0.014298037 112.4046812799 -57.54469743896 404.902924 -16.597 -3.492 -11.773034450531007 -11.220827476501466 0.28131428 0.28531426 "" "" 31.21414025202885 "" 8.840634620310436 ""
114.1314622839 -56.95721677255 0.0462 0.0483 89.5961 "" "" 5486209568272306944 426.130859 2.318 0.0486 -7.223 33.215 0.063 0.059 1.314 3653.7 4.3228 16.268217 1.945264 17.238632 15.293368 "" "" 418.242859 434.810364 5856.79547 3.3901 1737.7 13.597 6050.8 14.224 "" "" 0.002826083821712671 0.008942024 0.004560483 0.013502507 114.1314622839 -56.95721677255 426.130859 -7.223000000000004 33.215000000000025 -2.3990344505310057 25.48617252349854 0.29631427 0.2923143 "" "" 51.70606992913206 "" 15.116251973981326 ""
111.24302881861 -56.86343614925 0.033 0.0337 141.6145 "" "" 5487113023232537344 334.795288 2.9626 0.0328 -11.553 20.777 0.043 0.042 0.975 "" "" 16.270346 2.108359 17.34401 15.23565 "" "" 330.349731 338.131012 5845.31856 3.0653 1576.9 19.568 6381.1 13.286 "" "" 0.00281353219937412 0.013758949 0.0044038645 0.018162813 111.24302881861 -56.86343614925 334.795288 -11.553 20.776999999999976 -6.729034450531007 13.048172523498536 0.2763143 0.27531427 "" "" 23.29787384321798 "" 6.419138720292673 ""
117.04056571025 -56.50596069259 0.0327 0.0346 141.1406 "" "" 5295636955906659200 373.056824 2.6521 0.0364 -10.537 -0.6 0.046 0.046 0.972 3816.9 4.5905 16.270367 1.988578 17.272491 15.283914 "" "" 367.098663 378.571838 5845.20491 2.8553 1684.3 10.673 6103.7 15.477 "" "" 0.00280590062386157 0.0074242903 0.004675804 0.012100095 117.04056571025 -56.50596069259 373.056824 -10.537 -0.6000000000000012 -5.713034450531007 -8.328827476501464 0.27931428 0.27931428 "" "" 17.859558672892852 "" 4.98842976391208 ""
117.47454943749 -60.2574704592 0.0353 0.0365 141.5479 "" "" 5290987529252147712 389.778992 2.5362 0.0397 19.898 10.175 0.047 0.051 0.989 "" "" 16.271297 2.030441 17.30883 15.278389 "" "" 384.35318 396.102509 5840.1965 3.273 1628.9 11.731 6134.8 15.427 "" "" 0.0028217071781966255 0.008302148 0.0046624127 0.012964562 117.47454943749 -60.2574704592 389.778992 19.897999999999996 10.175 24.721965549468994 2.446172523498536 0.28031427 0.28431427 "" "" 45.89817558360066 "" 12.867706060210606 ""
118.78240852618 -59.21525002451 0.0349 0.0363 139.9438 "" "" 5294149007435871872 409.264557 2.4171 0.0394 -4.736 10.658 0.045 0.044 0.915 4378.8 4.6695 16.272154 1.979631 17.275839 15.296207 "" "" 402.863586 416.14093 5835.59109 5.7957 1679.1 12.512 6035.0 20.401 "" "" 0.002958809060329539 0.0085580945 0.005268267 0.013826361 118.78240852618 -59.21525002451 409.264557 -4.736000000000001 10.658000000000001 0.08796554946899438 2.9291725234985346 0.2783143 0.27731428 "" "" 5.68490452630881 "" 1.5765103116559067 ""
112.60760980799 -57.8410067414 0.0312 0.0337 70.6889 "" "" 5486063986060435584 302.026062 3.2891 0.033 13.93 -16.363 0.041 0.044 1.031 "" "" 16.272818 2.34789 17.519049 15.171159 "" "" 299.170715 305.200958 5832.03421 2.6684 1342.1 7.8072 6771.7 12.734 "" "" 0.0027997445649694313 0.0069047487 0.004295609 0.011200357 112.60760980799 -57.8410067414 302.026062 13.93000000000001 -16.363000000000028 18.753965549468994 -24.091827476501464 0.27431428 0.27731428 "" "" 43.70794552132445 "" 12.071528935193033 ""
115.62380092833 -57.13002686047 0.0356 0.0349 85.6766 "" "" 5295502265731349504 323.332397 3.0616 0.0371 -20.015 36.481 0.052 0.046 1.179 3575.2 4.3569 16.27444 2.535621 17.66116 15.125539 "" "" 319.619751 326.964447 5823.31603 3.4918 1177.5 10.918 7062.2 9.3769 "" "" 0.0028311895019225903 0.010446652 0.0040449877 0.01449164 115.62380092833 -57.13002686047 323.332397 -20.015 36.48099999999998 -15.191034450531006 28.752172523498537 0.28531426 0.27931428 "" "" 49.83775850367441 "" 13.986199104354503 ""
114.97217022907 -56.75213636257 0.0367 0.0373 101.9317 "" "" 5487669754073647616 350.235443 2.8079 0.0396 -8.938 -0.529 0.048 0.049 1.07 3607.7 4.3573 16.276035 2.404418 17.53038 15.125962 "" "" 345.864044 354.126434 5814.77276 3.4249 1328.2 10.236 7059.5 22.895 "" "" 0.0028285592786737603 0.008820352 0.0051655197 0.013985872 114.97217022907 -56.75213636257 350.235443 -8.938 -0.5290000000000012 -4.1140344505310065 -8.257827476501465 0.28131428 0.28231427 "" "" 15.316042905092836 "" 4.320896293899887 ""
111.69407987864 -58.81291240451 0.038 0.0339 91.6064 "" "" 5293795961123198592 298.360291 3.311 0.0371 -48.268 41.716 0.05 0.041 1.121 3545.6 4.4053 16.277012 2.494965 17.625189 15.130224 "" "" 295.294403 302.123932 5809.54022 5.1316 1217.1 12.099 7031.8 19.862 "" "" 0.0029174545877821757 0.011147949 0.0048671127 0.016015062 111.69407987864 -58.81291240451 298.360291 -48.268 41.71600000000001 -43.44403445053101 33.987172523498536 0.2833143 0.27431428 "" "" 78.00734834629549 "" 21.83670622927517 ""
117.37830320947 -59.10739785136 0.0315 0.0324 97.1977 "" "" 5294301113699699840 322.191467 3.0672 0.0331 -3.585 -8.829 0.041 0.043 1.014 3650.6 4.4556 16.281048 2.517215 17.660378 15.143163 "" "" 318.090607 326.163757 5787.98869 4.0572 1178.3 9.4308 6948.5 11.073 "" "" 0.002858498350405029 0.009126892 0.0041566035 0.013283496 117.37830320947 -59.10739785136 322.191467 -3.5850000000000057 -8.828999999999997 1.2389655494689942 -16.557827476501465 0.27431428 0.2763143 "" "" 25.357600131897264 "" 7.0063858768971725 ""
116.38721764548 -58.78418277088 0.0337 0.0369 61.55 "" "" 5294360663424422016 391.660797 2.5264 0.0352 -1.793 -22.379 0.048 0.047 1.041 4002.1 4.6 16.28164 2.057989 17.330545 15.272556 "" "" 386.423615 396.269012 5784.83398 3.2545 1596.6 9.0188 6167.9 8.6811 "" "" 0.0028222151029112523 0.0067379093 0.0040766313 0.01081454 116.38721764548 -58.78418277088 391.660797 -1.7929999999999975 -22.37899999999999 3.030965549468994 -30.107827476501466 0.28131428 0.28031427 "" "" 56.17686121385008 "" 15.747740273958284 ""
112.28902770728 -60.11778166202 0.0336 0.0345 122.2077 "" "" 5293440681427198080 397.94281 2.4893 0.0355 10.697 -8.703 0.044 0.043 0.949 3700.8 4.3332 16.284529 2.55499 17.664576 15.109586 "" "" 392.425446 404.110626 5769.45653 3.2724 1173.8 13.858 7166.8 14.198 "" "" 0.002823300746518809 0.013118464 0.004348589 0.017467052 112.28902770728 -60.11778166202 397.94281 10.696999999999996 -8.702999999999996 15.520965549468993 -16.431827476501464 0.27731428 0.2763143 "" "" 42.63528976311293 "" 11.800861932825038 ""
114.12559958831 -59.44420478361 0.0343 0.0396 61.878 "" "" 5293565544718551168 397.056763 2.4893 0.037 -18.926 8.1 0.05 0.054 0.958 4313.2 4.6813 16.286072 1.976662 17.273264 15.296602 "" "" 391.545349 402.091156 5761.26458 3.1988 1683.1 13.541 6032.8 18.24 "" "" 0.0028204948661019517 0.009169845 0.005005976 0.014175821 114.12559958831 -59.44420478361 397.056763 -18.926 8.1 -14.102034450531004 0.3711725234985348 0.2833143 0.28731427 "" "" 26.5499123292468 "" 7.522043538132023 ""
113.48508495228 -56.42858151339 0.4183 0.4565 125.0583 "" "" 5486437201538712704 334.568481 3.1404 0.4608 16.942 -24.432 0.558 0.537 12.872 "" "" 16.292803 1.532724 16.832754 15.30003 "" "" 292.572632 394.030182 5725.66539 39.909 2525.3 12.747 6013.8 9.3857 "" "" 0.008053773641582235 0.0061498624 0.004141867 0.010291729 113.48508495228 -56.42858151339 334.568481 16.942 -24.431999999999988 21.765965549468994 -32.16082747650147 0.7913143 0.7703143 "" "" 61.58500656534024 "" 47.84985748857708 ""
114.38210370938 -57.09660162664 0.0363 0.0403 80.442 "" "" 5487655219904826624 410.776428 2.4089 0.0399 -3.003 0.929 0.049 0.048 1.058 4197.9 4.6738 16.29715 1.973586 17.286627 15.313041 "" "" 404.075806 418.541504 5702.78044 3.173 1662.5 9.7817 5942.1 15.639 "" "" 0.0028207666274532466 0.00697093 0.004738069 0.011708999 114.38210370938 -57.09660162664 410.776428 -3.002999999999997 0.9290000000000005 1.820965549468994 -6.799827476501465 0.28231427 0.28131428 "" "" 13.706334497834984 "" 3.856706349035806 ""
111.43634607658 -58.44593499485 0.0338 0.0326 97.3139 "" "" 5485972898394112896 369.970123 2.6742 0.0337 10.215 20.405 0.047 0.04 0.988 3902.9 4.6012 16.298494 2.052948 17.341879 15.288931 "" "" 365.46109 373.425995 5695.72149 3.1761 1580.0 11.145 6075.6 16.547 "" "" 0.0028210538236708997 0.00815099 0.0047987187 0.012949709 111.43634607658 -58.44593499485 369.970123 10.214999999999998 20.405 15.038965549468994 12.676172523498536 0.28031427 0.27331427 "" "" 34.4920948195732 "" 9.56907896936372 ""
113.39653530361 -57.49271724403 0.0421 0.0451 67.1468 "" "" 5486122535054604544 385.143616 2.5718 0.0453 -7.978 9.983 0.053 0.055 1.305 4013.6 4.5849 16.302439 2.046299 17.344835 15.298536 "" "" 378.412292 393.599792 5675.06748 5.0166 1575.7 10.801 6022.0 13.514 "" "" 0.002917692418645855 0.007948257 0.0044966973 0.012444954 113.39653530361 -57.49271724403 385.143616 -7.978 9.983 -3.1540344505310056 2.2541725234985357 0.28631428 0.28831428 "" "" 7.0773287315010736 "" 2.031136925861336 ""
114.3400696108 -57.45115687253 0.0742 0.0844 59.3458 "" "" 5486134560963283200 432.978638 2.3175 0.0809 -3.214 8.31 0.096 0.114 2.326 4142.1 4.5825 16.303493 1.876642 17.188295 15.311653 "" "" 418.916046 448.496826 5669.5636 6.3403 1820.1 9.6885 5949.7 14.39 "" "" 0.0030109852241913637 0.006417706 0.004602114 0.01101982 114.3400696108 -57.45115687253 432.978638 -3.2140000000000004 8.31 1.6099655494689942 0.5811725234985357 0.3293143 0.34731427 "" "" 3.512854286046163 "" 1.1642979923490153 ""
112.64603781717 -56.98490881625 0.0318 0.0354 105.9877 "" "" 5486391056410275712 412.523468 2.4062 0.0346 -15.211 17.12 0.042 0.044 0.95 "" "" 16.30688 1.975539 17.29924 15.323701 "" "" 406.63739 418.639252 5651.90243 3.1872 1643.3 8.1106 5884.1 11.458 "" "" 0.0028225267083848158 0.006041593 0.0043305554 0.010372149 112.64603781717 -56.98490881625 412.523468 -15.211 17.119999999999983 -10.387034450531006 9.391172523498536 0.27531427 0.27731428 "" "" 27.380965105302842 "" 7.563050168207686 ""
115.30990981347 -58.1724666464 0.0392 0.0422 29.0499 "" "" 5295200277992204928 396.970703 2.4927 0.0413 -13.959 -0.288 0.052 0.049 1.043 4230.1 4.6805 16.309483 1.956781 17.300777 15.343996 "" "" 389.193054 402.383057 5638.37515 2.8725 1641.0 9.4383 5775.1 14.563 "" "" 0.002810292980035181 0.00683966 0.004666879 0.011506539 115.30990981347 -58.1724666464 396.970703 -13.958999999999998 -0.28800000000000003 -9.135034450531005 -8.016827476501465 0.28531426 0.28231427 "" "" 22.869362686554542 "" 6.495194378590688 ""
