Clusters/UPK_540/UPK_540_stars_in_region.tsv
# %ECSV 1.0
# ---
# datatype:
# - name: RA_ICRS_1
#   unit: deg
#   datatype: float64
#   format: '{:15.11f}'
#   description: Right ascension (ICRS) at Ep=2016.0 (ra)
#   meta: !!omap
#   - {ucd: POS_EQ_RA_MAIN}
#   - {width: 15}
#   - {precision: '11'}
# - name: DE_ICRS_1
#   unit: deg
#   datatype: float64
#   format: '{:15.11f}'
#   description: Declination (ICRS) at Ep=2016.0 (dec)
#   meta: !!omap
#   - {ucd: POS_EQ_DEC_MAIN}
#   - {width: 15}
#   - {precision: '11'}
# - name: e_RA_ICRS
#   unit: mas
#   datatype: float64
#   format: '{:7.4f}'
#   description: Standard error of right ascension (ra_error)
#   meta: !!omap
#   - {ucd: ERROR}
#   - {width: 7}
#   - {precision: '4'}
# - name: e_DE_ICRS
#   unit: mas
#   datatype: float64
#   format: '{:7.4f}'
#   description: Standard error of declination (dec_error)
#   meta: !!omap
#   - {ucd: ERROR}
#   - {width: 7}
#   - {precision: '4'}
# - name: _r_1
#   unit: ''
#   datatype: float64
#   format: '{:8.4f}'
#   description: Distance from center (114.53540635000-58.43480608000)[ICRS], at Epoch=J2016.0
#   meta: !!omap
#   - {ucd: POS_ANG_DIST_GENERAL}
#   - {width: 8}
#   - {precision: '4'}
# - name: HIP
#   datatype: int32
#   description: '? HIP cross-id number, van Leeuwen, Cat. I/311 (hip_original_ext_source_id)'
#   meta: !!omap
#   - {ucd: ID_NUMBER}
#   - {width: 6}
#   - values: {'null': -2147483648}
# - name: TYC2
#   datatype: string
#   description: Tycho-2 cross-id name, Hog et al., Cat. I/259 (tyc2_original_ext_source_id)
#   meta: !!omap
#   - {ucd: ID_CROSSID}
#   - {_votable_string_dtype: char}
# - name: Source
#   datatype: int64
#   description: Source identifier, identical to the Gaia-EDR3 source_id (id)
#   meta: !!omap
#   - {ucd: ID_MAIN}
#   - {width: 19}
# - name: rgeo
#   unit: pc
#   datatype: float64
#   format: '{:15.8f}'
#   description: '? Median of the geometric distance posterior (r_med_geo)'
#   meta: !!omap
#   - {ucd: PHYS_DISTANCE_TRUE}
#   - {width: 15}
#   - {precision: '8'}
#   - values: {'null': .nan}
# - name: Plx
#   unit: mas
#   datatype: float64
#   format: '{:9.4f}'
#   description: '? Parallax (parallax)'
#   meta: !!omap
#   - {ucd: POS_PARLX_TRIG}
#   - {width: 9}
#   - {precision: '4'}
#   - values: {'null': .nan}
# - name: e_Plx
#   unit: mas
#   datatype: float32
#   format: '{:7.4f}'
#   description: '? Standard error of parallax (parallax_error)'
#   meta: !!omap
#   - {ucd: ERROR}
#   - {width: 7}
#   - {precision: '4'}
#   - values: {'null': .nan}
# - name: pmRA
#   unit: mas / yr
#   datatype: float64
#   format: '{:9.3f}'
#   description: '? Proper motion in right ascension direction, pmRA*cosDE (pmra)'
#   meta: !!omap
#   - {ucd: POS_EQ_PMRA}
#   - {width: 9}
#   - {precision: '3'}
#   - values: {'null': .nan}
# - name: pmDE
#   unit: mas / yr
#   datatype: float64
#   format: '{:9.3f}'
#   description: '? Proper motion in declination direction (pmdec)'
#   meta: !!omap
#   - {ucd: POS_EQ_PMDEC}
#   - {width: 9}
#   - {precision: '3'}
#   - values: {'null': .nan}
# - name: e_pmRA
#   unit: mas / yr
#   datatype: float32
#   format: '{:6.3f}'
#   description: '? Standard error of proper motion in right ascension direction (pmra_error)'
#   meta: !!omap
#   - {ucd: ERROR}
#   - {width: 6}
#   - {precision: '3'}
#   - values: {'null': .nan}
# - name: e_pmDE
[...]
#         value: !astropy.table.SerializedColumn {name: SkyCoord.dec}
#       distance: !astropy.table.SerializedColumn
#         __class__: astropy.coordinates.distances.Distance
#         unit: !astropy.units.Unit {unit: pc}
#         value: !astropy.table.SerializedColumn {name: SkyCoord.distance}
#       frame: icrs
#       obstime: !astropy.time.Time {format: jyear_str, in_subfmt: '*', jd1: 367701545.0, jd2: 0.0, out_subfmt: '*', precision: 3, scale: tt}
#       pm_dec: !astropy.table.SerializedColumn
#         __class__: astropy.units.quantity.Quantity
#         unit: !astropy.units.Unit {unit: mas / yr}
#         value: !astropy.table.SerializedColumn {name: SkyCoord.pm_dec}
#       pm_ra_cosdec: !astropy.table.SerializedColumn
#         __class__: astropy.units.quantity.Quantity
#         unit: !astropy.units.Unit {unit: mas / yr}
#         value: !astropy.table.SerializedColumn {name: SkyCoord.pm_ra_cosdec}
#       ra: !astropy.table.SerializedColumn
#         __class__: astropy.coordinates.angles.Longitude
#         unit: *id001
#         value: !astropy.table.SerializedColumn {name: SkyCoord.ra}
#         wrap_angle: !astropy.coordinates.Angle
#           unit: *id001
#           value: 360.0
#       representation_type: spherical
# schema: astropy-2.0
RA_ICRS_1 DE_ICRS_1 e_RA_ICRS e_DE_ICRS _r_1 HIP TYC2 Source rgeo Plx e_Plx pmRA pmDE e_pmRA e_pmDE RUWE Teff logg Gmag BP-RP BPmag RPmag RV e_RV b_rgeo B_rgeo FG e_FG FBP e_FBP FRP e_FRP RAVE5 RAVE6 e_Gmag e_BPmag e_RPmag e_BP-RP SkyCoord.ra SkyCoord.dec SkyCoord.distance SkyCoord.pm_ra_cosdec SkyCoord.pm_dec rmRA rmDE e_rmRA e_rmDE rRV e_rRV v_pec v_pec3d e_vpec e_vpec3d
[from data line 360]
116.82235028581 -57.43296170049 0.018 0.0192 94.4375 "" "" 5295338026181895424 363.70755 2.7398 0.0185 6.307 -5.882 0.022 0.023 1.808 5830.3 4.2748 12.517815 0.946379 12.89218 11.945802 2.11 1.52 361.093964 365.941742 185276.75563 48.379 95180.0 56.357 132080.0 50.882 "" "" 0.002769867203354758 0.0028632737 0.0038024562 0.00666573 116.82235028581 -57.43296170049 363.70755 6.307 -5.882 11.130965549468995 -13.610827476501465 0.2553143 0.25631428 -14.878181818181815 3.348372 30.312196235141315 33.766692683953984 7.757314926239398 7.1182744059169005
111.20927875354 -57.00782293751 0.0092 0.0101 136.6818 "" "" 5487084981387817088 301.065216 3.3086 0.01 -7.708 19.309 0.012 0.012 1.11 5574.3 4.4179 12.519484 0.929157 12.898454 11.969296 26.96 0.83 300.274658 301.789703 184992.18578 47.861 94631.0 74.752 129250.0 100.41 "" "" 0.00276960187629859 0.0029190108 0.00387236 0.006791371 111.20927875354 -57.00782293751 301.065216 -7.708000000000002 19.30900000000001 -2.884034450531006 11.580172523498536 0.24531427 0.24531427 9.971818181818186 2.658372 17.030266392474392 19.734921617525682 4.1777673723683435 3.8473140141001925
115.31119148199 -57.11466483366 0.0092 0.0094 83.005 "" "" 5295492851163200640 421.997437 2.3563 0.0098 8.845 27.128 0.013 0.011 1.021 5722.1 4.1906 12.530228 0.898791 12.893353 11.994562 30.82 0.99 419.914948 423.543884 183170.49413 28.786 95077.0 62.925 126280.0 37.633 "" "" 0.00276059835729344 0.0028812147 0.003793207 0.006674422 115.31119148199 -57.11466483366 421.997437 8.845000000000006 27.127999999999975 13.668965549468995 19.399172523498535 0.24631427 0.24431428 13.831818181818186 2.818372 47.468699976033186 49.44286269654629 11.62886422726996 11.192350899560251
113.99178115925 -57.20184435255 0.0144 0.0152 75.9894 "" "" 5486155348604812800 433.655579 2.2925 0.0154 -18.202 28.184 0.02 0.022 1.631 5237.8 4.1665 12.533677 0.98178 12.937768 11.955988 25.09 0.99 430.620911 436.879272 182589.62053 28.187 91266.0 37.936 130850.0 53.849 "" "" 0.002760413401586811 0.0028264327 0.0038057026 0.0066321352 113.99178115925 -57.20184435255 433.655579 -18.202000000000005 28.183999999999997 -13.378034450531008 20.455172523498536 0.2533143 0.2553143 8.101818181818185 2.818372 50.24013057411001 50.88919510028492 12.79700296475168 12.64174946763983
112.66835642693 -56.45702790853 0.0094 0.0102 133.0868 "" "" 5486469667193099520 328.826477 3.0272 0.01 -19.521 20.578 0.013 0.013 1.121 5693.5 4.3859 12.537598 0.891073 12.897664 12.006591 13.39 1.29 327.888184 329.806427 181931.46065 42.875 94700.0 74.115 124890.0 82.458 "" "" 0.00276717531801684 0.0029166914 0.0038467653 0.0067634564 112.66835642693 -56.45702790853 328.826477 -19.52099999999998 20.57799999999998 -14.697034450531007 12.849172523498535 0.24631427 0.24631427 -3.598181818181814 3.118372 30.427544534877068 30.63955578690105 7.494738489512695 7.451882192940649
113.79253558931 -56.78098584218 0.0105 0.0106 102.06 "" 8560-2271-1 5486226232745432704 401.811646 2.4721 0.0111 2.581 -22.542 0.014 0.013 1.053 5883.6 4.2824 12.541044 0.814733 12.861799 12.047066 -11.04 1.07 400.006744 403.576141 181354.85087 29.885 97881.0 57.108 120320.0 45.637 "" "" 0.0027611229997141578 0.0028611757 0.003801752 0.0066629276 113.79253558931 -56.78098584218 401.811646 2.5809999999999977 -22.54200000000001 7.404965549468994 -30.270827476501466 0.24731427 0.24631427 -28.028181818181814 2.8983722 59.35338260052516 65.6384262620409 14.622942882169381 13.280553344087073
115.02667108123 -57.96834397291 0.0118 0.0119 32.0084 "" 8560-1401-1 5295394543653359744 315.696838 3.1518 0.0117 -4.129 -8.611 0.017 0.015 1.282 5691.8 4.3717 12.541379 0.956669 12.910341 11.953672 5.39 1.54 314.60199 316.650513 181298.94626 47.473 93601.0 62.525 131130.0 102.4 "" "" 0.0027699486385038483 0.0028828909 0.0038733173 0.006756208 115.02667108123 -57.96834397291 315.696838 -4.128999999999998 -8.611 0.6949655494689946 -16.339827476501465 0.25031427 0.24831428 -11.598181818181814 3.368372 24.473072606713213 27.08226549425029 6.077102051171385 5.677915358241025
114.80326835509 -56.38951861594 0.0219 0.024 123.0219 "" 8560-2043-1 5487736996081508864 420.430573 2.3611 0.0245 -5.421 24.395 0.03 0.032 2.259 6139.7 4.2792 12.545464 0.789564 12.854183 12.064619 26.47 1.8 415.940033 424.758545 180617.89909 28.466 98570.0 57.991 118390.0 38.417 "" "" 0.0027606285515417365 0.0028623536 0.003795768 0.0066581215 114.80326835509 -56.38951861594 420.430573 -5.420999999999999 24.395000000000003 -0.5970344505310061 16.666172523498535 0.26331428 0.26531428 9.481818181818184 3.628372 33.23433476980658 34.56046706317252 8.817458764342598 8.537355024048592
116.75078791284 -60.15019554937 0.0101 0.0102 123.2758 "" "" 5294000401568162432 412.689575 2.4057 0.0105 -3.895 11.352 0.013 0.012 1.104 5989.5 4.2341 12.546364 0.847115 12.881198 12.034083 26.5 3.94 410.890411 414.207275 180468.39639 51.23 96147.0 90.149 121770.0 99.954 "" "" 0.0027725048491514183 0.0029700808 0.0038830398 0.0068531204 116.75078791284 -60.15019554937 412.689575 -3.8950000000000036 11.351999999999997 0.9289655494689941 3.6231725234985355 0.24631427 0.24531427 9.511818181818185 5.768372 7.316716448893211 12.000376024003227 1.795347142364022 4.701374959817022
117.94349017974 -59.80733823552 0.0097 0.0104 133.373 "" "" 5294023388232823808 399.485229 2.4903 0.0103 -3.892 11.328 0.014 0.014 1.019 5956.3 4.1983 12.553419 0.931422 12.930388 11.998965 26.27 2.19 397.904694 400.994049 179299.43623 62.273 91889.0 109.63 125770.0 110.57 "" "" 0.002781004559589078 0.0030761994 0.003898055 0.0069742547 117.94349017974 -59.80733823552 399.485229 -3.8920000000000043 11.328 0.9319655494689942 3.5991725234985346 0.24731427 0.24731427 9.281818181818185 4.018372 7.040021399687141 11.649637336345863 1.741097783597998 3.3700851794391964
115.34843632944 -58.05501655517 0.0453 0.0526 34.3272 "" "" 5295203301647925504 427.968445 2.3309 0.0504 -3.165 10.74 0.058 0.066 5.646 5980.6 4.1489 12.556553 0.88734 12.90903 12.02169 24.79 3.17 418.360291 439.127838 178782.80283 64.424 93714.0 113.25 123160.0 103.16 "" "" 0.0027829589068590183 0.003083275 0.0038872585 0.006970533 115.34843632944 -58.05501655517 427.968445 -3.165 10.74 1.658965549468994 3.0111725234985354 0.29131427 0.29931426 7.801818181818184 4.998372 6.974072507821496 10.46451404922849 2.0745819215242247 3.9747537289903856
118.00937441827 -58.97390489278 0.0678 0.0739 112.9872 "" "" 5294214630237809920 394.193451 2.5276 0.0753 -5.385 20.537 0.092 0.098 8.4 6004.7 4.4068 12.557098 1.095965 12.933916 11.837951 39.95 1.04 381.56015 405.931915 178693.01394 119.97 91591.0 75.325 145870.0 83.99 "" "" 0.002850111764870578 0.0029295643 0.0038307365 0.006760301 118.00937441827 -58.97390489278 394.193451 -5.384999999999998 20.53699999999997 -0.5610344505310056 12.808172523498534 0.32531428 0.33131427 22.961818181818188 2.868372 23.95472305293098 33.18243286375336 7.936268725416377 6.063354743634424
115.12664157309 -58.21320235474 0.0087 0.0084 22.8864 "" "" 5293699509040185600 397.449738 2.501 0.0088 5.137 -10.059 0.012 0.01 0.985 5571.3 4.3036 12.560811 0.849261 12.898846 12.049584 13.65 1.5 395.81723 398.839722 178082.96168 31.544 94597.0 52.36 120040.0 40.261 "" "" 0.0027620237887379896 0.0028541554 0.0037968848 0.00665104 115.12664157309 -58.21320235474 397.449738 5.137000000000005 -10.058999999999994 9.960965549468995 -17.787827476501462 0.24531427 0.24331428 -3.3381818181818144 3.328372 38.40721069161451 38.55200761259143 9.363417566124737 9.332700626230384
115.19960163898 -56.97793738699 0.0098 0.0093 89.9665 "" "" 5487649000791779328 416.70163 2.3863 0.0097 -11.761 21.449 0.015 0.012 1.051 5777.4 4.2414 12.567211 0.854794 12.908697 12.053904 51.94 2.01 414.352478 418.510315 177036.33995 28.36 93743.0 71.502 119560.0 35.055 "" "" 0.0027608042593667333 0.0029104748 0.0037927649 0.00670324 115.19960163898 -56.97793738699 416.70163 -11.761 21.449 -6.937034450531005 13.720172523498537 0.24831428 0.24531427 34.95181818181818 3.838372 30.366564348394014 46.30073244064321 7.467988992904172 5.690809780693175
110.52478644829 -59.53688942668 0.0121 0.0121 140.487 "" "" 5293376939817233792 301.753296 3.3021 0.0122 -26.938 63.987 0.015 0.015 1.234 5847.1 4.4003 12.581255 0.986345 12.983879 11.997534 4.94 2.39 300.757568 302.946594 174761.09064 30.97 87471.0 65.787 125930.0 42.537 "" "" 0.00276203002117898 0.0029072077 0.0037971342 0.0067043416 110.52478644829 -59.53688942668 301.753296 -26.938 63.986999999999995 -22.114034450531005 56.25817252349854 0.24831428 0.24831428 -12.048181818181813 4.2183723 86.46002927870249 87.29544860986773 21.469259602470757 21.271767206454864
115.45937153906 -56.47706394008 0.0097 0.0106 121.1882 "" "" 5487702528966262016 404.768768 2.4513 0.0104 -3.016 11.103 0.013 0.013 1.049 5607.6 4.3077 12.582817 0.829483 12.908255 12.078772 25.07 2.41 403.302948 406.081207 174509.88646 70.292 93781.0 155.26 116860.0 127.46 "" "" 0.002789811412791158 0.0033190446 0.0039605685 0.007279613 115.45937153906 -56.47706394008 404.768768 -3.016000000000001 11.103 1.8079655494689941 3.374172523498535 0.24631427 0.24631427 8.081818181818186 4.238372 7.3444649891937015 10.920483098355083 1.8090465491322918 3.3643478932225794
114.08455093223 -56.20383538291 0.0096 0.01 134.652 "" "" 5487939409300777856 374.538147 2.6569 0.01 11.352 1.037 0.014 0.013 1.154 5667.5 4.2813 12.586256 0.961147 12.983224 12.022077 -23.7 1.01 372.922974 376.109741 173958.01729 27.422 87524.0 48.814 123120.0 35.162 "" "" 0.0027606307266565037 0.0028551226 0.0037920806 0.006647203 114.08455093223 -56.20383538291 374.538147 11.351999999999999 1.0370000000000066 16.175965549468994 -6.691827476501465 0.24731427 0.24631427 -40.68818181818182 2.838372 31.07769773179029 51.19913510966708 7.6814247003862395 5.179561295541873
113.49537117437 -56.7355709095 0.0113 0.0105 107.298 "" "" 5486412153289890176 311.216278 3.1988 0.0112 -19.967 42.56 0.015 0.014 1.145 5040.7 4.3045 12.591657 1.041451 13.026938 11.985488 -1.34 6.12 310.187988 312.354126 173094.78117 33.157 84070.0 56.845 127340.0 47.513 "" "" 0.002763158318167822 0.0028851344 0.0038010315 0.006686166 113.49537117437 -56.7355709095 311.216278 -19.967 42.56 -15.143034450531005 34.83117252349854 0.24831428 0.24731427 -18.328181818181815 7.948372 56.02758196143631 58.94923400016148 13.8653423888317 13.407858986931966
115.85796353989 -60.06753351885 0.0092 0.0118 106.0274 "" "" 5292559972615055104 406.739044 2.4435 0.0105 1.603 13.663 0.011 0.014 1.042 5907.4 4.2471 12.594673 0.868674 12.941004 12.07233 -14.46 1.98 405.069458 408.491821 172614.51634 28.641 90995.0 51.033 117550.0 39.335 "" "" 0.0027612032819909326 0.0028558408 0.0037968042 0.006652645 115.85796353989 -60.06753351885 406.739044 1.6030000000000024 13.662999999999988 6.426965549468994 5.934172523498535 0.24431428 0.24731427 -31.448181818181816 3.808372 16.8648509784523 35.68488949394162 4.143684098256388 3.8857761961004824
114.07191758089 -60.59037460933 0.0107 0.0123 130.1005 "" "" 5292615875908837888 297.894379 3.3433 0.0116 0.847 -19.795 0.014 0.015 1.148 5862.0 4.4208 12.594688 0.957932 12.984059 12.026128 3.73 1.13 296.736725 298.939941 172612.17553 31.682 87457.0 41.759 122660.0 64.179 "" "" 0.00276251737406946 0.0028379227 0.0038218384 0.006659761 114.07191758089 -60.59037460933 297.894379 0.8469999999999995 -19.795 5.670965549468994 -27.523827476501467 0.24731427 0.24831428 -13.258181818181814 2.958372 39.68053090414627 41.83687270768304 9.851629522152557 9.390774998651851
115.1660353238 -56.34130363609 0.0179 0.0194 127.2532 "" "" 5487749945405795456 337.668274 2.9496 0.019 -2.172 9.238 0.025 0.028 1.973 5198.3 4.2912 12.595014 0.967739 12.989681 12.021942 22.31 2.0 335.565918 339.716736 172560.52926 28.524 87005.0 55.988 123130.0 44.391 "" "" 0.00276115901253401 0.0028763162 0.003799598 0.006675914 115.1660353238 -56.34130363609 337.668274 -2.1720000000000006 9.238000000000001 2.651965549468994 1.5091725234985347 0.25831428 0.26131427 5.321818181818184 3.828372 4.883774892300696 7.223088394793274 1.2651485731493473 2.947518778190256
111.13561294847 -58.2147377111 0.0194 0.0207 107.9136 "" "" 5486037219824116608 356.117706 2.7959 0.0207 0.385 -3.741 0.026 0.027 1.817 5069.9 4.267 12.601672 1.076068 13.056454 11.980386 -9.76 3.26 353.90976 358.62851 171505.46273 26.912 81815.0 46.99 127940.0 44.887 "" "" 0.0027605824085244154 0.002859005 0.00379853 0.006657535 111.13561294847 -58.2147377111 356.117706 0.3849999999999999 -3.740999999999999 5.208965549468994 -11.469827476501465 0.25931427 0.2603143 -26.748181818181813 5.088372 21.264102189958173 34.17056148973113 5.531719507755758 5.264489431304578
118.4023624198 -58.1988106109 0.0386 0.0366 122.6631 "" "" 5294460993861625472 302.227905 3.2993 0.0374 -21.898 44.033 0.044 0.051 3.239 5295.6 4.388 12.602342 1.041999 13.011426 11.969427 32.62 3.16 299.377075 304.850861 171399.75921 86.459 85280.0 54.161 129240.0 65.966 "" "" 0.002809223949183274 0.0028741125 0.0038197956 0.006693908 118.4023624198 -58.1988106109 302.227905 -21.898000000000028 44.03300000000006 -17.074034450531006 36.304172523498536 0.27731428 0.28431427 15.631818181818183 4.988372 57.472553984457434 59.560458369339266 16.26813754036064 15.752354626106376
115.25582010118 -57.00599041517 0.0107 0.0102 88.7812 "" "" 5487647935639911424 329.265778 3.0215 0.0109 8.157 -16.226 0.015 0.013 1.061 5882.1 4.4797 12.603193 0.903605 12.968069 12.064465 45.77 1.17 328.16626 330.616119 171265.313 31.149 88754.0 53.272 118410.0 43.123 "" "" 0.002762387268755411 0.0028652637 0.0038000096 0.0066652736 115.25582010118 -57.00599041517 329.265778 8.15699999999999 -16.226 12.980965549468994 -23.954827476501464 0.24831428 0.24631427 28.78181818181819 2.998372 42.52321982438868 51.34800173409402 10.493441365884786 8.851044348970287
116.71625636097 -59.18103041436 0.0098 0.0107 81.2175 "" "" 5294290221663544064 413.276794 2.4041 0.01 -4.853 6.826 0.013 0.013 1.063 5965.6 4.2623 12.605821 0.852001 12.943913 12.091912 9.75 2.89 411.395355 414.956299 170851.44388 108.64 90751.0 191.45 115450.0 177.86 "" "" 0.002840498153482842 0.0036099015 0.004132981 0.0077428827 116.71625636097 -59.18103041436 413.276794 -4.853 6.825999999999995 -0.029034450531005618 -0.9028274765014652 0.24631427 0.24631427 -7.238181818181815 4.7183723 1.7694919602639196 7.451333963156962 0.43585112450569446 4.584567548075805
116.48436623167 -58.67410061183 0.0108 0.0103 62.6693 "" 8564-810-1 5294363824520349568 426.473724 2.3292 0.0105 -9.492 18.279 0.015 0.013 1.103 5781.9 4.233 12.611475 0.871477 12.951138 12.07966 21.56 4.48 424.740875 428.590118 169963.87503 31.63 90149.0 131.58 116760.0 202.51 "" "" 0.0027627187903565458 0.0032087995 0.00422254 0.0074313395 116.48436623167 -58.67410061183 426.473724 -9.492 18.279 -4.668034450531007 10.550172523498535 0.24831428 0.24631427 4.571818181818184 6.308372 23.321379762675917 23.765274572841633 5.752050929971077 5.773594369478375
113.87690153398 -57.17070419636 0.0094 0.0097 78.7127 "" "" 5486202726385733632 315.619171 3.1579 0.0102 -9.357 10.085 0.013 0.013 1.032 5362.5 4.384 12.615927 0.976366 13.017594 12.041228 32.65 1.06 314.694641 316.516602 169268.4695 25.031 84797.0 53.812 120970.0 49.103 "" "" 0.0027599941340155304 0.0028739828 0.0038049908 0.0066789733 113.87690153398 -57.17070419636 315.619171 -9.357 10.085 -4.533034450531005 2.356172523498536 0.24631427 0.24631427 15.661818181818184 2.888372 7.642959469833266 17.427202248721525 1.8825699999119678 2.7239180081952123
