Clusters/UPK_540/UPK_540_stars_in_region.tsv
# %ECSV 1.0
# ---
# datatype:
# - name: RA_ICRS_1
#   unit: deg
#   datatype: float64
#   format: '{:15.11f}'
#   description: Right ascension (ICRS) at Ep=2016.0 (ra)
#   meta: !!omap
#   - {ucd: POS_EQ_RA_MAIN}
#   - {width: 15}
#   - {precision: '11'}
# - name: DE_ICRS_1
#   unit: deg
#   datatype: float64
#   format: '{:15.11f}'
#   description: Declination (ICRS) at Ep=2016.0 (dec)
#   meta: !!omap
#   - {ucd: POS_EQ_DEC_MAIN}
#   - {width: 15}
#   - {precision: '11'}
# - name: e_RA_ICRS
#   unit: mas
#   datatype: float64
#   format: '{:7.4f}'
#   description: Standard error of right ascension (ra_error)
#   meta: !!omap
#   - {ucd: ERROR}
#   - {width: 7}
#   - {precision: '4'}
# - name: e_DE_ICRS
#   unit: mas
#   datatype: float64
#   format: '{:7.4f}'
#   description: Standard error of declination (dec_error)
#   meta: !!omap
#   - {ucd: ERROR}
#   - {width: 7}
#   - {precision: '4'}
# - name: _r_1
#   unit: ''
#   datatype: float64
#   format: '{:8.4f}'
#   description: Distance from center (114.53540635000-58.43480608000)[ICRS], at Epoch=J2016.0
#   meta: !!omap
#   - {ucd: POS_ANG_DIST_GENERAL}
#   - {width: 8}
#   - {precision: '4'}
# - name: HIP
#   datatype: int32
#   description: '? HIP cross-id number, van Leeuwen, Cat. I/311 (hip_original_ext_source_id)'
#   meta: !!omap
#   - {ucd: ID_NUMBER}
#   - {width: 6}
#   - values: {'null': -2147483648}
# - name: TYC2
#   datatype: string
#   description: Tycho-2 cross-id name, Hog et al., Cat. I/259 (tyc2_original_ext_source_id)
#   meta: !!omap
#   - {ucd: ID_CROSSID}
#   - {_votable_string_dtype: char}
# - name: Source
#   datatype: int64
#   description: Source identifier, identical to the Gaia-EDR3 source_id (id)
#   meta: !!omap
#   - {ucd: ID_MAIN}
#   - {width: 19}
# - name: rgeo
#   unit: pc
#   datatype: float64
#   format: '{:15.8f}'
#   description: '? Median of the geometric distance posterior (r_med_geo)'
#   meta: !!omap
#   - {ucd: PHYS_DISTANCE_TRUE}
#   - {width: 15}
#   - {precision: '8'}
#   - values: {'null': .nan}
# - name: Plx
#   unit: mas
#   datatype: float64
#   format: '{:9.4f}'
#   description: '? Parallax (parallax)'
#   meta: !!omap
#   - {ucd: POS_PARLX_TRIG}
#   - {width: 9}
#   - {precision: '4'}
#   - values: {'null': .nan}
# - name: e_Plx
#   unit: mas
#   datatype: float32
#   format: '{:7.4f}'
#   description: '? Standard error of parallax (parallax_error)'
#   meta: !!omap
#   - {ucd: ERROR}
#   - {width: 7}
#   - {precision: '4'}
#   - values: {'null': .nan}
# - name: pmRA
#   unit: mas / yr
#   datatype: float64
#   format: '{:9.3f}'
#   description: '? Proper motion in right ascension direction, pmRA*cosDE (pmra)'
#   meta: !!omap
#   - {ucd: POS_EQ_PMRA}
#   - {width: 9}
#   - {precision: '3'}
#   - values: {'null': .nan}
# - name: pmDE
#   unit: mas / yr
#   datatype: float64
#   format: '{:9.3f}'
#   description: '? Proper motion in declination direction (pmdec)'
#   meta: !!omap
#   - {ucd: POS_EQ_PMDEC}
#   - {width: 9}
#   - {precision: '3'}
#   - values: {'null': .nan}
# - name: e_pmRA
#   unit: mas / yr
#   datatype: float32
#   format: '{:6.3f}'
#   description: '? Standard error of proper motion in right ascension direction (pmra_error)'
#   meta: !!omap
#   - {ucd: ERROR}
#   - {width: 6}
#   - {precision: '3'}
#   - values: {'null': .nan}
# - name: e_pmDE
[...]
#         value: !astropy.table.SerializedColumn {name: SkyCoord.dec}
#       distance: !astropy.table.SerializedColumn
#         __class__: astropy.coordinates.distances.Distance
#         unit: !astropy.units.Unit {unit: pc}
#         value: !astropy.table.SerializedColumn {name: SkyCoord.distance}
#       frame: icrs
#       obstime: !astropy.time.Time {format: jyear_str, in_subfmt: '*', jd1: 367701545.0, jd2: 0.0, out_subfmt: '*', precision: 3, scale: tt}
#       pm_dec: !astropy.table.SerializedColumn
#         __class__: astropy.units.quantity.Quantity
#         unit: !astropy.units.Unit {unit: mas / yr}
#         value: !astropy.table.SerializedColumn {name: SkyCoord.pm_dec}
#       pm_ra_cosdec: !astropy.table.SerializedColumn
#         __class__: astropy.units.quantity.Quantity
#         unit: !astropy.units.Unit {unit: mas / yr}
#         value: !astropy.table.SerializedColumn {name: SkyCoord.pm_ra_cosdec}
#       ra: !astropy.table.SerializedColumn
#         __class__: astropy.coordinates.angles.Longitude
#         unit: *id001
#         value: !astropy.table.SerializedColumn {name: SkyCoord.ra}
#         wrap_angle: !astropy.coordinates.Angle
#           unit: *id001
#           value: 360.0
#       representation_type: spherical
# schema: astropy-2.0
RA_ICRS_1 DE_ICRS_1 e_RA_ICRS e_DE_ICRS _r_1 HIP TYC2 Source rgeo Plx e_Plx pmRA pmDE e_pmRA e_pmDE RUWE Teff logg Gmag BP-RP BPmag RPmag RV e_RV b_rgeo B_rgeo FG e_FG FBP e_FBP FRP e_FRP RAVE5 RAVE6 e_Gmag e_BPmag e_RPmag e_BP-RP SkyCoord.ra SkyCoord.dec SkyCoord.distance SkyCoord.pm_ra_cosdec SkyCoord.pm_dec rmRA rmDE e_rmRA e_rmDE rRV e_rRV v_pec v_pec3d e_vpec e_vpec3d
[from data line 249]
116.13309492494 -59.33701339965 0.0113 0.0127 73.3725 "" 8564-1226-1 5294285239500148480 401.825836 2.4583 0.013 -3.776 11.409 0.015 0.016 1.006 6571.6 4.2441 11.842655 0.729124 12.122336 11.393212 22.79 2.77 399.895691 404.131104 345052.20314 47.863 193410.0 104.2 219720.0 67.072 J074432.0-592014 20051207_0736m57_136 0.0027594331429777693 0.0028508254 0.0037938866 0.006644712 116.13309492494 -59.33701339965 401.825836 -3.7759999999999976 11.409000000000002 1.0479655494689943 3.680172523498536 0.24831428 0.24931428 5.801818181818184 4.598372 7.288110362884579 9.315452048959388 1.816484336380736 3.1971642058897807
112.74979803566 -56.8775096691 0.0131 0.0131 109.6087 "" "" 5486400432320301824 397.830597 2.4905 0.0133 -1.383 -32.447 0.018 0.017 1.357 5770.8 3.889 11.853762 0.934335 12.195211 11.260877 38.62 4.02 395.76355 400.029236 341540.47173 114.18 180860.0 306.6 248200.0 595.05 "" "" 0.002779125310594534 0.0033425696 0.0045890515 0.007931621 112.74979803566 -56.8775096691 397.830597 -1.3829999999999973 -32.447000000000024 3.440965549468994 -40.17582747650147 0.25131428 0.25031427 21.631818181818183 5.848372 76.0376047756379 79.05474620708962 19.03385201005986 18.37723063772317
116.57717855519 -56.89201746397 0.0463 0.0679 113.4022 "" "" 5295555592043731840 360.378967 2.7673 0.0585 -8.466 17.834 0.063 0.067 4.494 "" "" 11.87079 0.89716 11.722338 10.825178 24.59 1.9 351.22345 369.861359 336225.72648 150.91 279560.0 2355.2 370750.0 1978.0 "" "" 0.002798082750997149 0.009563056 0.0069164517 0.016479507 116.57717855519 -56.89201746397 360.378967 -8.465999999999996 17.834 -3.642034450531005 10.105172523498535 0.29631427 0.30031428 7.601818181818185 3.728372 18.348519383624264 19.86091144033065 5.501934459935473 5.279489237988762
115.65013311743 -58.17665688146 0.0112 0.0118 38.4013 "" "" 5295186323638859264 430.529999 2.2939 0.0119 -3.793 11.066 0.015 0.015 1.065 6661.7 4.226 11.895042 0.702541 12.151958 11.449417 25.36 2.16 428.29184 432.73175 328798.54029 67.096 188210.0 96.255 208640.0 66.958 "" "" 0.0027642138436356455 0.0028448857 0.00379541 0.0066402955 115.65013311743 -58.17665688146 430.529999 -3.793000000000002 11.066000000000011 1.030965549468994 3.337172523498536 0.24831428 0.24831428 8.371818181818185 3.988372 7.127787454285489 10.995121357351685 1.7699313835992936 3.246325029535078
113.86241069762 -59.82271108429 0.0105 0.0116 85.812 "" 8564-1925-1 5292712319397669888 329.579437 3.0132 0.0119 -13.566 50.878 0.013 0.015 0.955 5388.1 4.1713 11.899762 0.952889 12.288141 11.335253 44.85 0.96 328.421722 330.847534 327372.27793 50.809 166020.0 93.564 231770.0 60.838 "" "" 0.0027604681988882434 0.0028564762 0.0037901122 0.0066465884 113.86241069762 -59.82271108429 329.579437 -13.565999999999992 50.87799999999996 -8.742034450531007 43.149172523498535 0.24631427 0.24831428 27.861818181818187 2.788372 68.77744890879069 74.20659263702927 17.073019852686112 15.858509431214069
114.3464183014 -57.57221955065 0.0091 0.0096 52.1027 "" "" 5293977895938319488 293.62204 3.3835 0.0094 1.991 34.812 0.011 0.013 0.948 5582.6 4.3252 11.903747 0.830818 12.23383 11.403011 42.31 0.72 292.698334 294.824677 326173.14476 47.869 174540.0 74.575 217750.0 108.19 "" "" 0.0027599237848787346 0.0028284711 0.0038176873 0.006646158 114.3464183014 -57.57221955065 293.62204 1.9909999999999997 34.812 6.814965549468994 27.083172523498533 0.24431428 0.24631427 25.321818181818188 2.548372 38.86853253229843 46.38919375509128 9.569262949321761 8.137658088856837
115.24666024552 -57.86500664725 0.0121 0.0132 40.9379 "" "" 5295396639597639808 433.207062 2.2859 0.013 -10.162 8.261 0.016 0.016 1.325 6056.8 3.9619 11.906915 0.859587 12.248656 11.38907 1.88 1.11 430.583862 435.90564 325222.59389 46.332 172170.0 78.287 220560.0 49.27 "" "" 0.0027596583590691064 0.0028335103 0.0037871562 0.0066206665 115.24666024552 -57.86500664725 433.207062 -10.162000000000003 8.261000000000003 -5.338034450531007 0.5321725234985344 0.24931428 0.24931428 -15.108181818181816 2.9383721 11.015464386480305 18.697529609578254 2.7463125543616793 2.873166004898264
116.97982903666 -60.32681133557 0.0095 0.0097 135.8736 "" 8911-230-1 5293982873803548160 398.230988 2.4916 0.0101 -1.784 22.401 0.012 0.011 0.983 5796.9 4.0288 11.908022 0.922549 12.282679 11.360129 0.45 0.48 396.903534 400.039856 324891.2268 44.395 166860.0 97.465 226520.0 64.156 "" "" 0.002759311590489381 0.0028613368 0.0037918712 0.0066532083 116.97982903666 -60.32681133557 398.230988 -1.783999999999998 22.400999999999996 3.0399655494689943 14.672172523498535 0.24531427 0.24431428 -16.538181818181815 2.308372 28.283629691935566 32.76393087530522 6.9112611853405514 6.078897290193258
117.19685275037 -59.52424946023 0.0105 0.01 105.0821 "" 8565-789-1 5294080872074866432 336.643677 2.9459 0.0102 20.831 21.125 0.013 0.012 1.004 5734.1 4.2006 11.909177 0.847178 12.242378 11.395201 -0.4 0.86 335.583221 337.634583 324545.81832 45.638 173170.0 104.22 219320.0 67.63 "" "" 0.0027595470293869284 0.0028656633 0.003794182 0.0066598454 117.19685275037 -59.52424946023 336.643677 20.831 21.125 25.654965549468994 13.396172523498535 0.24631427 0.24531427 -17.388181818181813 2.6883721 46.18236106720665 49.34733367350249 11.36549618266839 10.6786502016388
116.25516870692 -60.49244660622 0.0107 0.0111 134.1178 "" 8911-197-1 5292488328262728704 321.473877 3.0853 0.0111 8.249 15.053 0.014 0.016 0.921 5734.5 4.279 11.920783 0.845823 12.257216 11.411393 20.1 0.74 320.440338 322.577271 321094.98879 46.662 170820.0 98.404 216070.0 66.548 "" "" 0.0027598340859147598 0.0028594136 0.0037941467 0.0066535603 116.25516870692 -60.49244660622 321.473877 8.248999999999995 15.053000000000015 13.072965549468995 7.324172523498536 0.24731427 0.24931428 3.1118181818181867 2.568372 22.833717559010005 23.04478400769545 5.658047664580981 5.616943038320928
111.44957543024 -60.04326864557 0.0102 0.011 135.1812 "" 8910-2111-1 5293123128726210048 354.556854 2.7998 0.011 13.134 17.305 0.013 0.013 1.063 5561.0 4.1963 11.924975 0.910594 12.293282 11.382688 43.52 0.74 353.472961 355.654205 319857.55166 43.059 165240.0 95.329 221860.0 78.116 "" "" 0.002759194167056769 0.002859614 0.0037986666 0.0066582807 111.44957543024 -60.04326864557 354.556854 13.134 17.305000000000025 17.957965549468994 9.576172523498535 0.24631427 0.24631427 26.53181818181819 2.568372 34.20305304767864 43.28725232462067 8.42470012134738 6.840313087408451
110.91185644689 -58.94008619092 0.0088 0.0095 116.9709 "" "" 5485574840824244224 385.260101 2.5746 0.0096 -1.1 -23.934 0.011 0.011 0.904 5661.7 4.1577 11.932097 0.876484 12.281416 11.404932 29.55 0.72 383.892578 386.664032 317766.58141 49.609 167050.0 93.341 217360.0 51.374 "" "" 0.0027605290365077203 0.0028553621 0.003788084 0.006643446 110.91185644689 -58.94008619092 385.260101 -1.099999999999997 -23.934000000000033 3.723965549468994 -31.662827476501466 0.24431428 0.24431428 12.561818181818186 2.548372 58.219068385817884 59.55887171316795 14.223749957326183 13.91416551926201
117.7552961047 -57.6500088097 0.0091 0.0103 112.5614 "" "" 5295265144878666368 373.301849 2.6647 0.01 15.108 19.936 0.012 0.012 0.931 5319.2 4.0807 11.940125 1.132993 12.423319 11.290326 24.22 0.49 372.120361 374.361664 315425.44236 45.211 146580.0 81.08 241560.0 68.147 "" "" 0.002759711522536531 0.002854073 0.0037917735 0.006645846 117.7552961047 -57.6500088097 373.301849 15.108 19.936 19.931965549468995 12.207172523498535 0.24531427 0.24531427 7.231818181818184 2.318372 41.35741748050294 41.98493985790007 10.145564688982954 10.001900417802188
115.55792127358 -60.69757786968 0.0108 0.0104 139.2732 "" "" 5292464104647171712 325.90451 3.0451 0.011 -13.47 2.992 0.014 0.013 0.963 5888.3 4.2971 11.940759 0.819922 12.263999 11.444077 8.09 0.76 324.801758 326.976929 315241.5236 57.775 169750.0 67.878 209670.0 71.232 "" "" 0.0027624960684995963 0.0028237454 0.0037973393 0.0066210846 115.55792127358 -60.69757786968 325.90451 -13.469999999999999 2.9920000000000004 -8.646034450531006 -4.736827476501465 0.24731427 0.24631427 -8.898181818181815 2.588372 15.229397928164213 17.638372967022608 3.7629371160529455 3.5015895021293546
114.52385047576 -58.01762572763 0.009 0.0105 25.0335 "" 8560-1440-1 5293906908719092096 347.493164 2.8572 0.0101 -9.375 9.864 0.012 0.015 0.951 5699.5 4.0978 11.942002 0.912792 12.312002 11.39921 71.76 0.54 346.099609 348.824402 314880.6472 42.268 162410.0 89.504 218510.0 60.659 "" "" 0.0027591720963045996 0.0028536064 0.0037913811 0.0066449875 114.52385047576 -58.01762572763 347.493164 -9.375 9.864 -4.551034450531006 2.135172523498536 0.24531427 0.24831428 54.77181818181819 2.368372 8.280084289532546 55.39415007727723 2.0357265283321753 2.361451497029886
110.84935283121 -57.11904922188 0.0089 0.0094 141.8828 "" 8559-1739-1 5487083194681424896 338.968323 2.9292 0.0096 14.142 -6.21 0.012 0.013 0.887 5908.1 4.1681 11.94485 0.835509 12.275532 11.440022 94.82 0.65 337.461884 340.158691 314055.65199 45.23 167960.0 86.39 210450.0 58.496 "" "" 0.0027597536029123826 0.002845507 0.0037914116 0.0066369185 110.84935283121 -57.11904922188 338.968323 14.142 -6.210000000000002 18.965965549468994 -13.938827476501466 0.24531427 0.24631427 77.83181818181818 2.478372 37.8174161823923 86.53293528015718 9.290432217507847 4.631880683709263
115.32757710635 -59.62844889268 0.0734 0.0759 75.6781 "" "" 5292820453789456000 430.979553 2.3083 0.0768 -7.05 24.0 0.11 0.095 5.446 "" "" 11.949691 0.85638 11.518343 10.661962 33.52 1.69 419.210388 443.22699 312658.71015 520.43 337350.0 17782.0 430900.0 2706.9 J074118.6-593743 20060203_0736m57_149 0.0032951342809356284 0.057298034 0.0077976766 0.06509571 115.32757710635 -59.62844889268 430.979553 -7.050000000000004 24.0 -2.2260344505310057 16.271172523498535 0.3433143 0.32831427 16.53181818181819 3.518372 33.5490742877711 37.4010881922315 11.024092951005157 10.01024125455424
112.9729678801 -58.847013306 0.0094 0.0098 54.6948 "" "" 5293756958523379584 312.344269 3.1798 0.0106 -2.296 22.935 0.013 0.011 0.93 5794.2 4.2348 11.957631 0.868291 12.305125 11.436834 16.95 0.77 311.321411 313.355591 310380.29681 49.873 163440.0 91.079 211070.0 55.603 "" "" 0.0027608378562415993 0.0028550168 0.0037901893 0.0066452064 112.9729678801 -58.847013306 312.344269 -2.296000000000001 22.934999999999995 2.5279655494689943 15.206172523498534 0.24631427 0.24431428 -0.03818181818181543 2.598372 22.821901097393855 22.82193303711293 5.576948852228756 5.576942741464133
116.85477950053 -56.86047148624 0.0189 0.0207 120.27 "" "" 5295557889849802496 428.116791 2.3229 0.0204 -12.789 23.95 0.025 0.024 1.97 "" "" 11.963363 1.281279 12.528704 11.247425 14.37 0.6 424.798279 432.80011 308746.25304 36.81 133030.0 91.468 251300.0 67.801 "" "" 0.0027583592327331775 0.002888312 0.003790717 0.006679029 116.85477950053 -56.86047148624 428.116791 -12.789000000000005 23.94999999999998 -7.965034450531006 16.221172523498534 0.25831428 0.25731426 -2.6181818181818155 2.428372 36.67140565336884 36.76475035447664 9.4432111332874 9.420822470365536
111.80704541503 -56.81692299776 0.0342 0.0343 130.7705 "" 8559-1937-1 5486366076879612928 298.578064 3.331 0.0356 18.188 -17.363 0.044 0.044 3.418 5571.8 4.3145 11.968286 0.823461 12.293848 11.470387 15.64 0.9 295.626709 302.136017 307349.23276 42.396 165150.0 87.108 204650.0 53.462 J072713.6-564901 20060307_0736m57_058 0.0027593875502299214 0.0028483325 0.00379001 0.0066383425 111.80704541503 -56.81692299776 298.578064 18.187999999999995 -17.363 23.011965549468993 -25.091827476501464 0.27731428 0.27731428 -1.3481818181818142 2.728372 48.18436361023147 48.20322075067054 13.3622118851521 13.357202553330454
112.99884187047 -59.66414642203 0.0131 0.0125 87.6806 "" "" 5293500737953739392 315.254608 3.1554 0.013 -1.892 28.661 0.017 0.015 1.345 5957.9 4.2144 11.98698 0.994708 12.397712 11.403004 7.64 0.49 313.933044 316.627319 302102.5911 38.159 150080.0 73.61 217750.0 69.216 "" "" 0.0027587310521166495 0.0028405332 0.003795107 0.00663564 112.99884187047 -59.66414642203 315.254608 -1.892000000000003 28.661 2.9319655494689942 20.932172523498537 0.25031427 0.24831428 -9.348181818181814 2.318372 31.58443905631386 32.93881135997153 7.844087418865199 7.55027918060093
112.5001762151 -57.39023328781 0.009 0.0101 90.1924 "" "" 5486369508557417728 295.587006 3.3614 0.0097 0.375 2.071 0.012 0.014 0.919 5726.9 4.3002 11.987915 0.874226 12.34007 11.465844 -7.05 0.94 294.878357 296.278656 301842.63236 42.325 158270.0 89.155 205500.0 88.385 "" "" 0.002759523092088495 0.0028564155 0.0038081217 0.006664537 112.5001762151 -57.39023328781 295.587006 0.3749999999999998 2.071000000000001 5.198965549468994 -5.657827476501465 0.24531427 0.24731427 -24.038181818181815 2.768372 10.765588880447474 26.338794373827763 2.6526482746690148 2.74937766394192
112.70247650879 -58.7756639462 0.0093 0.0109 60.8284 "" 8563-1220-1 5293808017094589952 320.591003 3.0955 0.0106 2.348 22.887 0.013 0.013 0.902 5810.7 4.223 11.999065 0.872139 12.347339 11.4752 24.25 0.86 319.632507 321.641541 298758.74593 47.053 157210.0 145.03 203740.0 102.19 "" "" 0.0027606212552074 0.0029645043 0.0038184142 0.0067829182 112.70247650879 -58.7756639462 320.591003 2.347999999999999 22.887 7.171965549468994 15.158172523498536 0.24631427 0.24631427 7.261818181818185 2.6883721 25.4825541005353 26.497067135675483 6.2767167692239525 6.081193321576761
110.33795127503 -58.21075258994 0.0538 0.0598 132.9128 "" 8563-1434-1 5485850264191032576 399.666229 2.491 0.0556 -9.384 -21.021 0.076 0.083 5.334 "" "" 12.000146 1.064972 12.446648 11.381676 39.87 1.31 390.471558 410.578766 298461.59556 42.027 143470.0 62.502 222070.0 86.098 J072121.1-581238 20060307_0736m57_034 0.002759558507956164 0.0028299775 0.0038027521 0.0066327294 110.33795127503 -58.21075258994 399.666229 -9.383999999999999 -21.021 -4.560034450531006 -28.749827476501466 0.30931428 0.31631428 22.881818181818183 3.138372 55.14502182247906 59.70386114069572 17.433787349417496 16.147445971522004
117.70828621736 -59.43786986888 0.0093 0.0095 115.1835 "" "" 5294091175700384896 332.553619 2.9883 0.0099 10.281 15.383 0.012 0.011 0.908 5804.3 4.1432 12.001082 0.933807 12.378118 11.444311 64.21 0.63 331.337006 333.531342 298204.30023 37.025 152820.0 83.786 209620.0 62.854 "" "" 0.0027586159118725825 0.0028529628 0.0037933777 0.0066463407 117.70828621736 -59.43786986888 332.553619 10.281000000000006 15.383 15.104965549468995 7.654172523498534 0.24531427 0.24431428 47.22181818181818 2.458372 26.692482255173186 54.24378970296443 6.5426020738409605 3.8659265779609817
113.76551192868 -59.43842469118 0.0084 0.0083 64.7617 "" 8564-1654-1 5293486787899977472 341.977509 2.907 0.0087 -3.273 23.9 0.011 0.01 0.812 5833.0 4.1379 12.005318 0.909308 12.37291 11.463601 41.73 0.68 341.108246 342.849091 297043.34933 39.907 153550.0 102.46 205930.0 67.716 "" "" 0.0027591785455318607 0.0028826941 0.0037962077 0.0066789016 113.76551192868 -59.43842469118 341.977509 -3.2730000000000006 23.89999999999997 1.550965549468994 16.171172523498534 0.24431428 0.24331428 24.741818181818182 2.508372 26.3333259186408 36.13310975932612 6.407514775850932 4.975570073446097
