Clusters/UBC_377/UBC_377_stars_in_region.tsv
# %ECSV 1.0
# ---
# datatype:
# - name: RA_ICRS_1
#   unit: deg
#   datatype: float64
#   format: '{:15.11f}'
#   description: Right ascension (ICRS) at Ep=2016.0 (ra)
#   meta: !!omap
#   - {ucd: POS_EQ_RA_MAIN}
#   - {width: 15}
#   - {precision: '11'}
# - name: DE_ICRS_1
#   unit: deg
#   datatype: float64
#   format: '{:15.11f}'
#   description: Declination (ICRS) at Ep=2016.0 (dec)
#   meta: !!omap
#   - {ucd: POS_EQ_DEC_MAIN}
#   - {width: 15}
#   - {precision: '11'}
# - name: e_RA_ICRS
#   unit: mas
#   datatype: float64
#   format: '{:7.4f}'
#   description: Standard error of right ascension (ra_error)
#   meta: !!omap
#   - {ucd: ERROR}
#   - {width: 7}
#   - {precision: '4'}
# - name: e_DE_ICRS
#   unit: mas
#   datatype: float64
#   format: '{:7.4f}'
#   description: Standard error of declination (dec_error)
#   meta: !!omap
#   - {ucd: ERROR}
#   - {width: 7}
#   - {precision: '4'}
# - name: _r_1
#   unit: ''
#   datatype: float64
#   format: '{:7.4f}'
#   description: Distance from center (314.85380853000+45.85340570000)[ICRS], at Epoch=J2016.0
#   meta: !!omap
#   - {ucd: POS_ANG_DIST_GENERAL}
#   - {width: 7}
#   - {precision: '4'}
# - name: HIP
#   datatype: int32
#   description: '? HIP cross-id number, van Leeuwen, Cat. I/311 (hip_original_ext_source_id)'
#   meta: !!omap
#   - {ucd: ID_NUMBER}
#   - {width: 6}
#   - values: {'null': -2147483648}
# - name: TYC2
#   datatype: string
#   description: Tycho-2 cross-id name, Hog et al., Cat. I/259 (tyc2_original_ext_source_id)
#   meta: !!omap
#   - {ucd: ID_CROSSID}
#   - {_votable_string_dtype: char}
# - name: Source
#   datatype: int64
#   description: Source identifier, identical to the Gaia-EDR3 source_id (id)
#   meta: !!omap
#   - {ucd: ID_MAIN}
#   - {width: 19}
# - name: rgeo
#   unit: pc
#   datatype: float64
#   format: '{:15.8f}'
#   description: '? Median of the geometric distance posterior (r_med_geo)'
#   meta: !!omap
#   - {ucd: PHYS_DISTANCE_TRUE}
#   - {width: 15}
#   - {precision: '8'}
#   - values: {'null': .nan}
# - name: Plx
#   unit: mas
#   datatype: float64
#   format: '{:9.4f}'
#   description: '? Parallax (parallax)'
#   meta: !!omap
#   - {ucd: POS_PARLX_TRIG}
#   - {width: 9}
#   - {precision: '4'}
#   - values: {'null': .nan}
# - name: e_Plx
#   unit: mas
#   datatype: float32
#   format: '{:7.4f}'
#   description: '? Standard error of parallax (parallax_error)'
#   meta: !!omap
#   - {ucd: ERROR}
#   - {width: 7}
#   - {precision: '4'}
#   - values: {'null': .nan}
# - name: pmRA
#   unit: mas / yr
#   datatype: float64
#   format: '{:9.3f}'
#   description: '? Proper motion in right ascension direction, pmRA*cosDE (pmra)'
#   meta: !!omap
#   - {ucd: POS_EQ_PMRA}
#   - {width: 9}
#   - {precision: '3'}
#   - values: {'null': .nan}
# - name: pmDE
#   unit: mas / yr
#   datatype: float64
#   format: '{:9.3f}'
#   description: '? Proper motion in declination direction (pmdec)'
#   meta: !!omap
#   - {ucd: POS_EQ_PMDEC}
#   - {width: 9}
#   - {precision: '3'}
#   - values: {'null': .nan}
# - name: e_pmRA
#   unit: mas / yr
#   datatype: float32
#   format: '{:6.3f}'
#   description: '? Standard error of proper motion in right ascension direction (pmra_error)'
#   meta: !!omap
#   - {ucd: ERROR}
#   - {width: 6}
#   - {precision: '3'}
#   - values: {'null': .nan}
# - name: e_pmDE
[...]
#         value: !astropy.table.SerializedColumn {name: SkyCoord.dec}
#       distance: !astropy.table.SerializedColumn
#         __class__: astropy.coordinates.distances.Distance
#         unit: !astropy.units.Unit {unit: pc}
#         value: !astropy.table.SerializedColumn {name: SkyCoord.distance}
#       frame: icrs
#       obstime: !astropy.time.Time {format: jyear_str, in_subfmt: '*', jd1: 367701545.0, jd2: 0.0, out_subfmt: '*', precision: 3, scale: tt}
#       pm_dec: !astropy.table.SerializedColumn
#         __class__: astropy.units.quantity.Quantity
#         unit: !astropy.units.Unit {unit: mas / yr}
#         value: !astropy.table.SerializedColumn {name: SkyCoord.pm_dec}
#       pm_ra_cosdec: !astropy.table.SerializedColumn
#         __class__: astropy.units.quantity.Quantity
#         unit: !astropy.units.Unit {unit: mas / yr}
#         value: !astropy.table.SerializedColumn {name: SkyCoord.pm_ra_cosdec}
#       ra: !astropy.table.SerializedColumn
#         __class__: astropy.coordinates.angles.Longitude
#         unit: *id001
#         value: !astropy.table.SerializedColumn {name: SkyCoord.ra}
#         wrap_angle: !astropy.coordinates.Angle
#           unit: *id001
#           value: 360.0
#       representation_type: spherical
# schema: astropy-2.0
RA_ICRS_1 DE_ICRS_1 e_RA_ICRS e_DE_ICRS _r_1 HIP TYC2 Source rgeo Plx e_Plx pmRA pmDE e_pmRA e_pmDE RUWE Teff logg Gmag BP-RP BPmag RPmag RV e_RV b_rgeo B_rgeo FG e_FG FBP e_FBP FRP e_FRP RAVE5 RAVE6 e_Gmag e_BPmag e_RPmag e_BP-RP SkyCoord.ra SkyCoord.dec SkyCoord.distance SkyCoord.pm_ra_cosdec SkyCoord.pm_dec rmRA rmDE e_rmRA e_rmDE rRV e_rRV v_pec v_pec3d e_vpec e_vpec3d
[from data line 1663]
314.48297479208 46.01231931529 0.0436 0.0448 18.1765 "" "" 2163519376577166848 3139.1355 0.3064 0.0541 -2.619 -4.851 0.058 0.058 0.929 9425.7 3.8497 16.948168 1.795837 17.812613 16.016775 "" "" 2734.06665 3881.9668 3130.97435 1.9795 1024.2 5.7209 3107.8 7.6783 "" "" 0.00283953945710101 0.006675681 0.0046345894 0.01131027 314.48297479208 46.01231931529 3139.1355 -2.6189999999999998 -4.850999999999999 0.28986950492858865 -1.9720434436798095 0.15554789 0.15554789 "" "" 29.65832197031926 "" 4.613289317025205 ""
314.99403341521 45.96901073896 0.0421 0.0442 9.0763 "" "" 2163524393099549824 2485.7041 0.3889 0.052 -4.217 -8.29 0.053 0.056 0.948 4916.8 4.3464 16.948704 1.414961 17.547802 16.132841 "" "" 2246.13623 2758.06152 3129.43008 1.884 1307.1 13.05 2792.7 23.296 "" "" 0.002831790456212222 0.01119325 0.009813859 0.02100711 314.99403341521 45.96901073896 2485.7041 -4.216999999999999 -8.29 -1.3081304950714108 -5.411043443679809 0.15054789 0.1535479 "" "" 65.59077136959368 "" 10.060560272458671 ""
314.59119072868 45.79203516395 0.1948 0.3607 11.5817 "" "" 2163507625546114432 2520.83569 0.4217 0.1177 -4.506 -4.665 0.178 0.341 1.356 "" "" 16.948994 "" "" "" "" "" 2010.58691 3186.46094 3128.59287 7.5258 "" "" "" "" "" "" 0.003796434246069242 "" "" "" 314.59119072868 45.79203516395 2520.83569 -4.506000000000001 -4.665000000000001 -1.5971304950714114 -1.7860434436798096 0.2755479 0.43854788 "" "" 28.629134521321877 "" 10.73515286625352 ""
314.48075362025 45.80067516296 0.0375 0.0433 15.9149 "" "" 2163508347103947008 2672.48242 0.3554 0.0481 -3.18 -4.14 0.05 0.055 0.989 5499.6 4.6695 16.949394 1.13545 17.439503 16.304052 "" "" 2363.03125 2989.78198 3127.44106 1.9208 1444.2 7.0096 2385.3 8.1302 "" "" 0.0028348643832397584 0.0059628296 0.005289501 0.011252331 314.48075362025 45.80067516296 2672.48242 -3.1800000000000006 -4.140000000000001 -0.2711304950714113 -1.2610434436798093 0.1475479 0.1525479 "" "" 16.339404696227497 "" 2.4889886870853264 ""
314.73905628134 45.64540939422 0.0386 0.0464 13.3726 "" "" 2163491132871812352 2674.8645 0.3543 0.0473 -3.061 -3.356 0.053 0.061 0.996 5547.7 4.5816 16.950605 1.31012 17.527267 16.217148 "" "" 2419.84326 3011.68115 3123.953 1.7947 1332.0 7.2225 2584.0 7.8937 "" "" 0.0028250407928896762 0.0065149046 0.0050283736 0.011543278 314.73905628134 45.64540939422 2674.8645 -3.061 -3.356 -0.15213049507141108 -0.47704344367980944 0.15054789 0.1585479 "" "" 6.34847682026542 "" 1.0019572053555976 ""
314.59653935992 45.64053795792 0.0393 0.0451 16.708 "" "" 2163494019089569024 2981.62061 0.3146 0.0502 -2.387 -7.327 0.054 0.062 0.97 4752.7 4.1817 16.9514 1.866598 17.871168 16.00457 "" "" 2649.43262 3445.09521 3121.66481 2.0446 970.4 5.9256 3142.9 7.5434 "" "" 0.0028456087517394397 0.007193079 0.0045907013 0.0117837805 314.59653935992 45.64053795792 2981.62061 -2.387 -7.327 0.5218695049285889 -4.4480434436798095 0.1515479 0.1595479 "" "" 63.294861722393755 "" 10.091856572596713 ""
315.07882970512 45.66568090278 0.0394 0.0436 14.683 "" "" 2163447392921920000 2858.69067 0.3368 0.0488 -4.019 -3.968 0.056 0.062 1.026 5629.3 4.6062 16.95169 1.217125 17.476189 16.259064 "" "" 2488.25439 3294.55347 3120.83177 1.8146 1396.2 6.1857 2486.2 9.4065 "" "" 0.002826716710743349 0.005560875 0.0055819615 0.011142837 315.07882970512 45.66568090278 2858.69067 -4.019 -3.968 -1.1101304950714113 -1.0890434436798095 0.1535479 0.1595479 "" "" 21.072208380903138 "" 3.298203357582069 ""
315.08297677561 45.94188174829 0.1075 0.1143 10.9431 "" "" 2163524736697001472 2884.9436 0.3643 0.1325 -3.818 -5.831 0.139 0.174 2.453 5770.0 4.6279 16.952402 1.306385 17.434662 16.128277 "" "" 2133.95654 3973.39868 3118.78627 6.5726 1450.6 7.1177 2804.4 9.4702 "" "" 0.0035815097755570948 0.0060138484 0.0052655903 0.011279439 315.08297677561 45.94188174829 2884.9436 -3.8180000000000014 -5.831000000000001 -0.9091304950714112 -2.95204344367981 0.23654789 0.27154788 "" "" 42.23907598904608 "" 11.349485574959322 ""
314.69359271477 45.73342330673 0.0389 0.0466 9.8361 "" "" 2163500547440132992 3106.42871 0.3152 0.0489 -1.263 -3.128 0.053 0.061 1.051 8450.3 4.4437 16.953003 1.456125 17.616537 16.160412 "" "" 2715.66626 3528.15674 3117.06169 1.662 1226.9 6.0927 2722.7 7.193 "" "" 0.002815479430958735 0.0060708625 0.0047446024 0.010815465 314.69359271477 45.73342330673 3106.42871 -1.2629999999999995 -3.127999999999997 1.645869504928589 -0.24904344367980968 0.15054789 0.1585479 "" "" 24.510426574294254 "" 3.694495950092196 ""
314.70960123988 45.85382687737 0.0393 0.0458 6.0264 "" "" 2163502368506706944 2455.896 0.3849 0.0487 2.679 2.177 0.051 0.057 0.976 5610.8 4.578 16.954372 1.307444 17.543829 16.236385 "" "" 2183.79932 2784.3855 3113.13595 1.8109 1311.9 6.6224 2538.7 6.3037 "" "" 0.002826777064486935 0.0061500836 0.0046423874 0.0107924715 314.70960123988 45.85382687737 2455.896 2.6790000000000016 2.1770000000000027 5.587869504928589 5.05595655632019 0.14854789 0.1545479 "" "" 87.72284512154502 "" 13.270558579722431 ""
314.80195097246 45.8023323638 0.0408 0.0456 3.7538 "" "" 2163502505945452800 3154.64111 0.3022 0.0493 -2.858 -3.062 0.055 0.062 1.067 5750.9 4.5922 16.9547 1.272482 17.500383 16.227901 "" "" 2748.42114 3691.27124 3112.19331 1.9769 1365.4 8.1668 2558.6 12.674 "" "" 0.0028403233187120256 0.0070680873 0.0065733236 0.013641411 314.80195097246 45.8023323638 3154.64111 -2.858 -3.0619999999999994 0.05086950492858877 -0.1830434436798094 0.1525479 0.1595479 "" "" 2.840778925309571 "" 0.45184370917184263 ""
315.04773953693 45.97665970064 0.0494 0.0452 10.9647 "" "" 2163525630050184704 3104.11743 0.3157 0.0579 -0.71 -3.056 0.066 0.063 1.044 "" "" 16.956072 1.841722 17.861898 16.020176 "" "" 2623.4751 3807.34473 3108.26338 1.993 978.72 6.2854 3098.0 7.5597 "" "" 0.002841907585566014 0.0075101997 0.004615522 0.012125721 315.04773953693 45.97665970064 3104.11743 -0.7100000000000001 -3.056 2.198869504928589 -0.17704344367980962 0.1635479 0.1605479 "" "" 32.45780249438139 "" 5.307784074564563 ""
315.14406235595 45.79349616076 0.04 0.0448 12.6573 "" "" 2163474811994318720 2740.00049 0.3395 0.0496 -2.081 -4.033 0.051 0.058 0.993 5507.6 4.5868 16.956688 1.381699 17.580112 16.198414 "" "" 2450.16528 3176.17554 3106.50004 1.7522 1268.7 8.8245 2629.0 9.3175 "" "" 0.0028225565825464767 0.008050841 0.005393579 0.01344442 315.14406235595 45.79349616076 2740.00049 -2.081 -4.033 0.8278695049285889 -1.15404344367981 0.14854789 0.15554789 "" "" 18.445981115013748 "" 2.8260241354692064 ""
314.95070860833 45.87516345322 0.0397 0.0442 4.2539 "" "" 2163523431026780288 2788.66235 0.3375 0.048 -1.065 -3.165 0.052 0.061 0.951 5693.3 4.5603 16.957838 1.347899 17.552032 16.204134 "" "" 2468.56494 3136.3584 3103.21417 1.8154 1302.0 6.2275 2615.2 6.374 "" "" 0.002827582155970071 0.0058951997 0.004613717 0.010508917 314.95070860833 45.87516345322 2788.66235 -1.065 -3.165 1.843869504928589 -0.2860434436798096 0.1495479 0.1585479 "" "" 24.66427914957163 "" 3.693860912723596 ""
314.54372021219 45.88334158392 0.0565 0.0559 13.079 "" "" 2163514875454277760 2501.6521 0.3778 0.067 -3.937 -5.561 0.079 0.071 1.447 5675.4 4.3984 16.959095 1.454822 17.300741 15.84592 "" "" 2184.46362 3068.69434 3099.62069 2.6258 1641.0 25.944 3637.4 73.658 "" "" 0.0029047820946306474 0.017390639 0.022308817 0.039699458 314.54372021219 45.88334158392 2501.6521 -3.9369999999999976 -5.561 -1.028130495071411 -2.6820434436798095 0.1765479 0.1685479 "" "" 34.059871343934695 "" 5.776348014533192 ""
314.8984799133 46.03064097372 0.0793 0.0838 10.7962 "" "" 2163528584987568128 2738.78247 0.3734 0.0967 -2.2 -3.53 0.101 0.11 1.865 5073.3 4.7355 16.959309 1.411594 17.553938 16.142344 "" "" 2174.90771 3493.08643 3099.00972 4.8148 1299.7 5.5746 2768.3 9.5078 "" "" 0.0032306799758371717 0.0054287724 0.00530934 0.010738112 314.8984799133 46.03064097372 2738.78247 -2.2000000000000006 -3.5300000000000002 0.7088695049285887 -0.6510434436798094 0.1985479 0.2075479 "" "" 12.494654856507948 "" 2.5328600568497923 ""
315.06565910358 45.64617810667 0.0431 0.047 15.2731 "" "" 2163447289842669568 2789.98535 0.3467 0.0528 -3.012 -4.687 0.062 0.063 1.054 5648.1 4.6043 16.959461 1.288464 17.527668 16.239204 "" "" 2436.86084 3218.35327 3098.57741 1.9186 1331.5 5.3963 2532.1 7.2302 "" "" 0.0028361491318939537 0.005210318 0.004888266 0.010098584 315.06565910358 45.64617810667 2789.98535 -3.0120000000000005 -4.687 -0.10313049507141114 -1.8080434436798098 0.1595479 0.1605479 "" "" 23.94939114180013 "" 3.844946960787782 ""
314.80727447709 46.04276554708 0.0456 0.0431 11.5263 "" "" 2163540232938803584 2572.20361 0.3657 0.0531 -1.86 -1.484 0.055 0.055 1.025 5804.9 4.6086 16.959497 1.254854 17.51304 16.258186 "" "" 2234.2522 2908.3606 3098.47111 2.0031 1349.6 6.8036 2488.2 9.7467 "" "" 0.0028433189439052665 0.006143555 0.0056896256 0.011833181 314.80727447709 46.04276554708 2572.20361 -1.8600000000000012 -1.4840000000000009 1.0488695049285888 1.3949565563201904 0.1525479 0.1525479 "" "" 21.27898198315912 "" 3.246063928602734 ""
314.63718910298 45.76750808937 0.0359 0.0402 10.4229 "" "" 2163501608279305600 2601.60693 0.3651 0.045 -0.328 -2.927 0.048 0.051 0.989 6034.8 4.459 16.959684 1.293613 17.528109 16.234495 "" "" 2333.65015 2861.94385 3097.93843 1.701 1331.0 6.959 2543.1 6.2724 "" "" 0.002819075145597737 0.00632531 0.0046319417 0.010957252 314.63718910298 45.76750808937 2601.60693 -0.3280000000000004 -2.927 2.580869504928589 -0.048043443679809616 0.1455479 0.14854789 "" "" 31.831807715837215 "" 4.633086079678228 ""
314.55528900066 45.89671115008 0.0402 0.0413 12.738 "" "" 2163514909810690432 2700.81104 0.3559 0.0487 -4.454 -4.35 0.053 0.054 0.981 5813.6 4.6023 16.95974 1.179602 17.468409 16.288807 "" "" 2415.55859 3026.19531 3097.78248 1.8878 1406.2 9.0952 2419.0 9.4627 "" "" 0.0028336499743017588 0.007556456 0.005685288 0.013241744 314.55528900066 45.89671115008 2700.81104 -4.454000000000001 -4.35 -1.5451304950714109 -1.4710434436798092 0.15054789 0.1515479 "" "" 27.31145919325495 "" 4.124690457983288 ""
315.23710468851 45.67146200545 0.0427 0.0473 19.4057 "" "" 2163470104710200704 2733.05469 0.3465 0.0526 4.471 4.609 0.059 0.057 1.023 4853.5 4.2905 16.96027 1.625174 17.732624 16.10745 "" "" 2441.45703 3091.82861 3096.26719 1.8164 1102.5 7.3792 2858.8 9.5976 "" "" 0.0028279815841626373 0.007784234 0.0052507236 0.013034957 315.23710468851 45.67146200545 2733.05469 4.471 4.609 7.379869504928589 7.48795655632019 0.1565479 0.1545479 "" "" 136.19796351009768 "" 21.183765045072942 ""
315.04417115357 45.96950323089 0.0424 0.0451 10.5677 "" "" 2163525630050178048 2973.20752 0.3215 0.055 -2.083 -4.639 0.054 0.06 0.975 5267.2 4.5908 16.96038 1.341833 17.558926 16.217093 "" "" 2629.20337 3394.66846 3095.95342 1.8414 1293.7 8.8747 2584.2 6.8206 "" "" 0.00282998385494509 0.00795355 0.004742951 0.012696501 315.04417115357 45.96950323089 2973.20752 -2.083 -4.639 0.8258695049285887 -1.7600434436798098 0.1515479 0.15754789 "" "" 27.39925424208915 "" 4.287495985671662 ""
314.86422122395 45.8969474131 0.0407 0.0476 2.6485 "" "" 2163503399288677760 2939.90479 0.3209 0.0508 -1.092 -2.223 0.057 0.064 1.046 5287.5 4.3752 16.960842 1.500951 17.407986 15.907035 "" "" 2589.8457 3430.88135 3094.6408 2.8716 1486.7 46.522 3438.3 79.218 "" "" 0.002933736959400801 0.034089368 0.025299115 0.05938848 314.86422122395 45.8969474131 2939.90479 -1.092 -2.223 1.8168695049285888 0.6559565563201906 0.1545479 0.1615479 "" "" 26.917909636154697 "" 4.182267969998557 ""
315.05613720892 46.12252785963 0.0451 0.0446 18.2176 "" "" 2163535761851818496 2902.63818 0.3367 0.0542 -4.224 -5.311 0.055 0.057 0.981 5576.6 4.6371 16.962217 1.235603 17.49694 16.261337 "" "" 2512.13477 3309.04761 3090.72244 1.9056 1369.7 7.1568 2481.0 8.6479 "" "" 0.002835472988792878 0.006322081 0.0053484715 0.011670552 315.05613720892 46.12252785963 2902.63818 -4.224 -5.311 -1.3151304950714113 -2.4320434436798095 0.1525479 0.1545479 "" "" 38.04022240121189 "" 5.861909464599989 ""
315.1593210468 45.88134146812 0.0412 0.0469 12.8737 "" "" 2163477354615050880 2940.56519 0.3252 0.0522 -1.135 -2.109 0.053 0.056 0.983 6740.5 4.345 16.962233 1.455227 17.62392 16.168694 "" "" 2541.03857 3444.83252 3090.6788 1.8632 1218.6 7.0627 2702.0 6.5047 "" "" 0.002831995685288336 0.0068834987 0.0045951586 0.011478657 315.1593210468 45.88134146812 2940.56519 -1.135000000000001 -2.109 1.7738695049285889 0.7699565563201904 0.15054789 0.1535479 "" "" 26.953352645924387 "" 4.070696731360255 ""
314.62688307225 45.73922274969 0.036 0.041 11.7069 "" "" 2163495496558481920 2744.78809 0.3471 0.0454 -2.71 -5.083 0.049 0.053 0.961 "" "" 16.962683 1.352797 17.543785 16.190989 "" "" 2406.61377 3106.38501 3089.39881 1.8752 1311.9 12.481 2647.1 12.102 "" "" 0.00283303642399177 0.010699556 0.006238804 0.01693836 314.62688307225 45.73922274969 2744.78809 -2.7100000000000044 -5.082999999999998 0.1988695049285889 -2.2040434436798098 0.1465479 0.15054789 "" "" 28.791747540577905 "" 4.333619112625263 ""
314.76690875911 45.8144731639 0.0432 0.0501 4.319 "" "" 2163501299041774976 2505.83179 0.3944 0.0526 -4.191 -4.795 0.057 0.064 1.075 5341.6 4.6121 16.962952 1.256588 17.483225 16.226637 "" "" 2192.64404 2930.04272 3088.62944 2.7641 1387.2 8.9348 2561.6 11.123 "" "" 0.0029216268683713645 0.007529181 0.0060423636 0.013571545 314.76690875911 45.8144731639 2505.83179 -4.191000000000001 -4.795 -1.282130495071411 -1.9160434436798095 0.1545479 0.1615479 "" "" 27.383263367243394 "" 4.365323760135993 ""
314.76595431929 45.93371410598 0.0521 0.0536 6.0562 "" "" 2163504425772673920 2956.16797 0.3303 0.0616 -3.503 -4.664 0.07 0.069 1.294 6029.4 4.4839 16.963642 1.240126 17.419914 16.179789 "" "" 2564.32129 3585.70728 3086.66841 2.7073 1470.5 8.8841 2674.5 14.966 "" "" 0.0029152447363614336 0.007128287 0.0071551623 0.014283449 314.76595431929 45.93371410598 2956.16797 -3.5030000000000006 -4.6640000000000015 -0.5941304950714112 -1.7850434436798093 0.1675479 0.1665479 "" "" 26.361523249859335 "" 4.393092405276319 ""
315.07530436818 45.5758414025 0.0387 0.0437 19.0645 "" "" 2163446495256784128 3198.93091 0.3027 0.0474 -2.207 -3.738 0.052 0.057 0.99 "" "" 16.963757 1.328545 17.541328 16.212784 "" "" 2798.78564 3915.02051 3086.34185 1.8028 1314.9 7.9098 2594.4 9.0768 "" "" 0.0028273666165897857 0.007102283 0.0053584385 0.012460722 315.07530436818 45.5758414025 3198.93091 -2.2070000000000003 -3.738000000000002 0.701869504928589 -0.8590434436798096 0.1495479 0.1545479 "" "" 16.820445728473043 "" 2.5662278937547716 ""
314.57650509567 45.86974808594 0.0409 0.0427 11.6282 "" "" 2163514630614589312 2866.64258 0.3452 0.0511 -1.945 -3.809 0.053 0.056 1.063 5531.1 4.6164 16.963905 1.287745 17.532993 16.245249 "" "" 2507.49609 3366.91943 3085.91707 1.7942 1325.0 9.7081 2518.0 8.6487 "" "" 0.0028267089321719666 0.008430172 0.0053095105 0.013739683 314.57650509567 45.86974808594 2866.64258 -1.945 -3.809 0.9638695049285888 -0.9300434436798097 0.15054789 0.1535479 "" "" 18.199781006218295 "" 2.76639806475843 ""
314.42493414333 45.74940536083 0.0376 0.0416 18.9936 "" "" 2163506697832844672 2679.26123 0.3435 0.0458 -3.657 -4.022 0.05 0.051 1.032 "" "" 16.966074 1.348169 17.563395 16.215225 "" "" 2420.53662 2940.83691 3079.75981 1.6404 1288.4 5.4437 2588.6 6.8478 "" "" 0.00281535548379583 0.0053693014 0.004746904 0.010116206 314.42493414333 45.74940536083 2679.26123 -3.657 -4.022 -0.7481304950714112 -1.1430434436798098 0.1475479 0.14854789 "" "" 17.349143007635135 "" 2.5719877855365176 ""
