Clusters/UBC_377/UBC_377_stars_in_region.tsv
# %ECSV 1.0
# ---
# datatype:
# - name: RA_ICRS_1
#   unit: deg
#   datatype: float64
#   format: '{:15.11f}'
#   description: Right ascension (ICRS) at Ep=2016.0 (ra)
#   meta: !!omap
#   - {ucd: POS_EQ_RA_MAIN}
#   - {width: 15}
#   - {precision: '11'}
# - name: DE_ICRS_1
#   unit: deg
#   datatype: float64
#   format: '{:15.11f}'
#   description: Declination (ICRS) at Ep=2016.0 (dec)
#   meta: !!omap
#   - {ucd: POS_EQ_DEC_MAIN}
#   - {width: 15}
#   - {precision: '11'}
# - name: e_RA_ICRS
#   unit: mas
#   datatype: float64
#   format: '{:7.4f}'
#   description: Standard error of right ascension (ra_error)
#   meta: !!omap
#   - {ucd: ERROR}
#   - {width: 7}
#   - {precision: '4'}
# - name: e_DE_ICRS
#   unit: mas
#   datatype: float64
#   format: '{:7.4f}'
#   description: Standard error of declination (dec_error)
#   meta: !!omap
#   - {ucd: ERROR}
#   - {width: 7}
#   - {precision: '4'}
# - name: _r_1
#   unit: ''
#   datatype: float64
#   format: '{:7.4f}'
#   description: Distance from center (314.85380853000+45.85340570000)[ICRS], at Epoch=J2016.0
#   meta: !!omap
#   - {ucd: POS_ANG_DIST_GENERAL}
#   - {width: 7}
#   - {precision: '4'}
# - name: HIP
#   datatype: int32
#   description: '? HIP cross-id number, van Leeuwen, Cat. I/311 (hip_original_ext_source_id)'
#   meta: !!omap
#   - {ucd: ID_NUMBER}
#   - {width: 6}
#   - values: {'null': -2147483648}
# - name: TYC2
#   datatype: string
#   description: Tycho-2 cross-id name, Hog et al., Cat. I/259 (tyc2_original_ext_source_id)
#   meta: !!omap
#   - {ucd: ID_CROSSID}
#   - {_votable_string_dtype: char}
# - name: Source
#   datatype: int64
#   description: Source identifier, identical to the Gaia-EDR3 source_id (id)
#   meta: !!omap
#   - {ucd: ID_MAIN}
#   - {width: 19}
# - name: rgeo
#   unit: pc
#   datatype: float64
#   format: '{:15.8f}'
#   description: '? Median of the geometric distance posterior (r_med_geo)'
#   meta: !!omap
#   - {ucd: PHYS_DISTANCE_TRUE}
#   - {width: 15}
#   - {precision: '8'}
#   - values: {'null': .nan}
# - name: Plx
#   unit: mas
#   datatype: float64
#   format: '{:9.4f}'
#   description: '? Parallax (parallax)'
#   meta: !!omap
#   - {ucd: POS_PARLX_TRIG}
#   - {width: 9}
#   - {precision: '4'}
#   - values: {'null': .nan}
# - name: e_Plx
#   unit: mas
#   datatype: float32
#   format: '{:7.4f}'
#   description: '? Standard error of parallax (parallax_error)'
#   meta: !!omap
#   - {ucd: ERROR}
#   - {width: 7}
#   - {precision: '4'}
#   - values: {'null': .nan}
# - name: pmRA
#   unit: mas / yr
#   datatype: float64
#   format: '{:9.3f}'
#   description: '? Proper motion in right ascension direction, pmRA*cosDE (pmra)'
#   meta: !!omap
#   - {ucd: POS_EQ_PMRA}
#   - {width: 9}
#   - {precision: '3'}
#   - values: {'null': .nan}
# - name: pmDE
#   unit: mas / yr
#   datatype: float64
#   format: '{:9.3f}'
#   description: '? Proper motion in declination direction (pmdec)'
#   meta: !!omap
#   - {ucd: POS_EQ_PMDEC}
#   - {width: 9}
#   - {precision: '3'}
#   - values: {'null': .nan}
# - name: e_pmRA
#   unit: mas / yr
#   datatype: float32
#   format: '{:6.3f}'
#   description: '? Standard error of proper motion in right ascension direction (pmra_error)'
#   meta: !!omap
#   - {ucd: ERROR}
#   - {width: 6}
#   - {precision: '3'}
#   - values: {'null': .nan}
# - name: e_pmDE
[...]
#         value: !astropy.table.SerializedColumn {name: SkyCoord.dec}
#       distance: !astropy.table.SerializedColumn
#         __class__: astropy.coordinates.distances.Distance
#         unit: !astropy.units.Unit {unit: pc}
#         value: !astropy.table.SerializedColumn {name: SkyCoord.distance}
#       frame: icrs
#       obstime: !astropy.time.Time {format: jyear_str, in_subfmt: '*', jd1: 367701545.0, jd2: 0.0, out_subfmt: '*', precision: 3, scale: tt}
#       pm_dec: !astropy.table.SerializedColumn
#         __class__: astropy.units.quantity.Quantity
#         unit: !astropy.units.Unit {unit: mas / yr}
#         value: !astropy.table.SerializedColumn {name: SkyCoord.pm_dec}
#       pm_ra_cosdec: !astropy.table.SerializedColumn
#         __class__: astropy.units.quantity.Quantity
#         unit: !astropy.units.Unit {unit: mas / yr}
#         value: !astropy.table.SerializedColumn {name: SkyCoord.pm_ra_cosdec}
#       ra: !astropy.table.SerializedColumn
#         __class__: astropy.coordinates.angles.Longitude
#         unit: *id001
#         value: !astropy.table.SerializedColumn {name: SkyCoord.ra}
#         wrap_angle: !astropy.coordinates.Angle
#           unit: *id001
#           value: 360.0
#       representation_type: spherical
# schema: astropy-2.0
RA_ICRS_1 DE_ICRS_1 e_RA_ICRS e_DE_ICRS _r_1 HIP TYC2 Source rgeo Plx e_Plx pmRA pmDE e_pmRA e_pmDE RUWE Teff logg Gmag BP-RP BPmag RPmag RV e_RV b_rgeo B_rgeo FG e_FG FBP e_FBP FRP e_FRP RAVE5 RAVE6 e_Gmag e_BPmag e_RPmag e_BP-RP SkyCoord.ra SkyCoord.dec SkyCoord.distance SkyCoord.pm_ra_cosdec SkyCoord.pm_dec rmRA rmDE e_rmRA e_rmDE rRV e_rRV v_pec v_pec3d e_vpec e_vpec3d
[from data line 1504]
314.86625493494 46.16448249069 0.0422 0.0391 18.6718 "" "" 2163543222236598016 2493.09839 0.3913 0.0484 2.057 -0.368 0.054 0.049 1.008 5330.7 4.5738 16.81432 1.361242 17.434504 16.073261 "" "" 2239.00342 2963.11499 3541.76 2.112 1450.8 7.0114 2950.2 9.7211 "" "" 0.0028303651948473557 0.0059428425 0.005204108 0.011146951 314.86625493494 46.16448249069 2493.09839 2.0570000000000013 -0.3680000000000004 4.965869504928589 2.5109565563201905 0.1515479 0.1465479 "" "" 65.75846069189217 "" 9.899494533516634 ""
314.75355751036 45.95233331522 0.0391 0.0402 7.2631 "" "" 2163516249840846208 2880.13208 0.3189 0.0473 -5.208 -7.18 0.052 0.05 0.986 4550.9 4.3048 16.814405 1.391905 17.450516 16.05861 "" "" 2631.82324 3349.75757 3541.47965 2.004 1429.6 6.6352 2990.3 8.0132 "" "" 0.002822986446957767 0.005760108 0.004769571 0.010529679 314.75355751036 45.95233331522 2880.13208 -5.207999999999994 -7.179999999999998 -2.2991304950714113 -4.301043443679809 0.1495479 0.1475479 "" "" 66.5797411825756 "" 9.853450144440849 ""
314.88671412215 46.0195111386 0.0403 0.0421 10.0605 "" "" 2163528550627813632 2704.59473 0.3396 0.0489 -6.813 -5.867 0.051 0.055 1.004 "" "" 16.816074 1.436777 17.468485 16.031708 "" "" 2422.15137 3073.37573 3536.04114 2.0441 1406.1 8.8027 3065.3 10.674 "" "" 0.0028259014028721202 0.0073474953 0.0053458237 0.0126933195 314.88671412215 46.0195111386 2704.59473 -6.812999999999998 -5.8669999999999956 -3.904130495071411 -2.9880434436798096 0.14854789 0.1525479 "" "" 63.0267047087384 "" 9.456392757527691 ""
314.52801354765 46.04542929009 0.0406 0.0413 17.8176 "" "" 2163519891973255296 2960.40186 0.3206 0.05 -5.626 -6.992 0.054 0.053 1.003 5802.5 4.5824 16.816122 1.210997 17.337809 16.126812 "" "" 2600.38159 3465.80493 3535.88437 1.9906 1586.0 6.9896 2808.2 8.2669 "" "" 0.0028223042185952373 0.005538987 0.004949713 0.0104887 314.52801354765 46.04542929009 2960.40186 -5.626 -6.99199999999999 -2.7171304950714115 -4.11304344367981 0.1515479 0.15054789 "" "" 69.17218147199277 "" 10.434790510549306 ""
315.06329337776 45.82409661641 0.0371 0.0409 8.9315 "" "" 2163475774066905216 2717.85181 0.3693 0.0474 -0.448 -0.477 0.049 0.057 0.97 5690.9 4.5799 16.816784 1.236948 17.350683 16.113735 "" "" 2398.74658 3119.05347 3533.73118 1.8663 1567.3 8.6036 2842.3 10.473 "" "" 0.002814355884240108 0.0065808543 0.0055035036 0.012084357 315.06329337776 45.82409661641 2717.85181 -0.4479999999999999 -0.47700000000000053 2.460869504928589 2.4019565563201906 0.1465479 0.1545479 "" "" 44.30061155074969 "" 6.667424854237289 ""
315.25895569096 45.89068233592 0.039 0.0462 17.0725 "" "" 2163476839219140992 2627.12866 0.368 0.0507 -3.679 -3.663 0.051 0.054 1.036 5718.6 4.6099 16.81699 1.2288 17.34575 16.116951 "" "" 2319.16553 3005.7998 3533.05585 1.8521 1574.4 13.498 2833.9 11.754 "" "" 0.00281349218236555 0.0097176535 0.005879025 0.0155966785 315.25895569096 45.89068233592 2627.12866 -3.6790000000000016 -3.662999999999997 -0.770130495071411 -0.7840434436798094 0.14854789 0.1515479 "" "" 13.685532785053514 "" 2.0539553943221245 ""
314.91422018424 45.6409262916 0.037 0.0409 12.9973 "" "" 2163449312755771520 2750.03027 0.3533 0.0461 -3.809 -4.86 0.052 0.059 1.033 4806.7 4.1598 16.817455 1.653947 17.604258 15.950311 "" "" 2420.13281 3096.01221 3531.54266 1.9007 1240.8 7.2022 3304.0 6.8426 "" "" 0.002816603434950324 0.0068921656 0.0043977005 0.011289867 314.91422018424 45.6409262916 2750.03027 -3.809000000000006 -4.860000000000003 -0.9001304950714113 -1.98104344367981 0.1495479 0.1565479 "" "" 28.363849303574284 "" 4.406959350321371 ""
314.96581056388 45.66925589278 0.0352 0.04 12.0025 "" "" 2163450790224709888 2487.27368 0.3911 0.044 -1.3 -2.997 0.05 0.055 0.971 5153.8 4.3744 16.818226 1.177588 17.33124 16.153652 "" "" 2202.74756 2765.34692 3529.04034 1.8137 1595.6 7.8193 2739.7 8.4039 "" "" 0.002811254501121798 0.0060078963 0.0050374186 0.011045314 314.96581056388 45.66925589278 2487.27368 -1.2999999999999985 -2.997 1.6088695049285888 -0.11804344367980946 0.1475479 0.1525479 "" "" 19.01903826005727 "" 2.8067369245079283 ""
314.95916977493 46.12374441191 0.041 0.0409 16.8045 "" "" 2163530818370673408 3114.67896 0.3078 0.0487 -0.628 -2.303 0.051 0.052 0.983 "" "" 16.819542 1.283092 17.385202 16.10211 "" "" 2674.7251 3650.12402 3524.76048 2.1377 1518.2 10.121 2872.9 8.7421 "" "" 0.0028329106992155025 0.0077571734 0.0050198715 0.012777045 314.95916977493 46.12374441191 3114.67896 -0.628 -2.303 2.2808695049285888 0.5759565563201905 0.14854789 0.1495479 "" "" 34.73080139767146 "" 5.161275652069088 ""
315.00332490536 45.98965656607 0.2619 0.2642 10.2848 "" "" 2163528825505820288 3322.06177 0.4455 0.3135 -3.998 -3.87 0.326 0.37 6.297 "" "" 16.82003 1.354313 17.283936 15.929623 "" "" 1838.04358 5756.81641 3523.17915 15.414 1666.6 9.8568 3367.5 9.7269 "" "" 0.005491399094816203 0.0070013762 0.0049111005 0.011912476 315.00332490536 45.98965656607 3322.06177 -3.998 -3.8700000000000006 -1.0891304950714114 -0.9910434436798097 0.4235479 0.4675479 "" "" 23.187449158074745 "" 10.295651232181273 ""
314.7642579819 45.69157191473 0.0359 0.0454 10.4082 "" "" 2163497347670373376 2953.00317 0.3214 0.0461 -3.684 -6.225 0.051 0.058 1.052 5427.1 4.3064 16.820787 1.471041 17.459864 15.988823 "" "" 2605.15918 3380.72461 3520.71952 2.2654 1417.3 8.484 3188.8 12.521 "" "" 0.002842508048909987 0.0070728557 0.0056972476 0.012770103 314.7642579819 45.69157191473 2953.00317 -3.6839999999999997 -6.225 -0.7751304950714113 -3.346043443679809 0.14854789 0.15554789 "" "" 48.07563056322368 "" 7.461289753867386 ""
314.7483627842 45.84169247199 0.0379 0.0407 4.4627 "" "" 2163502059268808832 2609.7583 0.3677 0.0461 -6.461 -6.859 0.049 0.055 1.06 5654.3 4.5553 16.822893 1.242296 17.367512 16.125216 "" "" 2268.25317 3001.43945 3513.89827 1.9301 1543.2 7.1464 2812.4 7.542 "" "" 0.0028191213491232997 0.0057502305 0.004770872 0.010521103 314.7483627842 45.84169247199 2609.7583 -6.4609999999999985 -6.858999999999987 -3.5521304950714114 -3.9800434436798096 0.1465479 0.1525479 "" "" 65.99084543512498 "" 9.893169570810166 ""
315.02062493903 45.55182494661 0.038 0.0385 19.3981 "" "" 2163444953380335616 2568.20605 0.3786 0.0442 -4.986 -4.109 0.051 0.053 0.997 "" "" 16.82427 1.278891 17.380754 16.101864 "" "" 2273.49121 2968.20312 3509.4438 1.9203 1524.5 5.8053 2873.5 9.9587 "" "" 0.002818640983904922 0.004987888 0.0053331694 0.010321057 315.02062493903 45.55182494661 2568.20605 -4.986 -4.109000000000002 -2.077130495071411 -1.2300434436798096 0.14854789 0.15054789 "" "" 29.38654484849866 "" 4.380644432768709 ""
315.04890975751 45.57526278728 0.0362 0.0388 18.5827 "" "" 2163446465208874496 2419.25757 0.3938 0.0431 -4.041 -6.999 0.048 0.052 1.04 "" "" 16.825716 1.396093 17.443102 16.047009 "" "" 2193.90039 2697.65918 3504.77644 1.8311 1439.4 6.482 3022.4 7.5643 "" "" 0.0028131058003021277 0.0056294645 0.0046548434 0.010284308 315.04890975751 45.57526278728 2419.25757 -4.040999999999995 -6.998999999999996 -1.1321304950714115 -4.120043443679809 0.1455479 0.1495479 "" "" 48.99693827963757 "" 7.313801275070043 ""
314.59934625243 45.6654138173 0.0468 0.0554 15.5142 "" "" 2163494873770002432 3020.55713 0.3304 0.0597 -5.529 -7.133 0.063 0.075 1.436 "" "" 16.825748 1.456007 17.363993 15.907986 "" "" 2587.21973 3480.8833 3504.66993 3.14 1548.2 15.482 3435.3 38.021 "" "" 0.00292199527220042 0.011210145 0.012596961 0.023807107 314.59934625243 45.6654138173 3020.55713 -5.529000000000002 -7.133000000000006 -2.620130495071411 -4.25404344367981 0.1605479 0.1725479 "" "" 71.53273321687922 "" 12.112812468397223 ""
315.01984117776 45.6902433922 0.0379 0.0712 12.0051 "" "" 2163450588356840832 2777.37695 0.3349 0.055 0.436 -3.688 0.056 0.095 1.002 "" "" 16.82706 "" "" "" "" "" 2410.8147 3209.34692 3500.43894 2.8466 "" "" "" "" "" "" 0.002893330578185924 "" "" "" 315.01984117776 45.6902433922 2777.37695 0.4359999999999977 -3.6880000000000024 3.344869504928589 -0.8090434436798097 0.1535479 0.19254789 "" "" 45.30421325952861 "" 7.065566784913898 ""
314.59051943843 46.12046955778 0.0429 0.0452 19.4227 "" "" 2163521953557586688 3141.72363 0.3233 0.0536 -3.944 -5.561 0.054 0.058 1.093 6067.1 4.4624 16.828127 1.259943 17.387823 16.12788 "" "" 2614.69385 3911.71948 3497.0051 1.9279 1514.6 7.8535 2805.5 11.716 "" "" 0.0028195871069168613 0.0062832483 0.005902712 0.01218596 314.59051943843 46.12046955778 3141.72363 -3.9439999999999955 -5.561000000000005 -1.035130495071411 -2.6820434436798095 0.1515479 0.15554789 "" "" 42.81183720398904 "" 6.637338805009429 ""
315.12844500132 45.92695029639 0.0421 0.0451 12.289 "" "" 2163524599258078848 2764.3855 0.3427 0.0535 -0.038 -2.663 0.054 0.06 1.094 5672.7 4.5906 16.829395 1.25235 17.38175 16.1294 "" "" 2433.79175 3097.90723 3492.91964 2.0036 1523.1 7.8036 2801.5 8.8071 "" "" 0.0028248302409312445 0.0062232977 0.005092536 0.011315834 315.12844500132 45.92695029639 2764.3855 -0.037999999999999035 -2.6629999999999994 2.870869504928589 0.21595655632019062 0.1515479 0.15754789 "" "" 37.72382115968395 "" 5.718264277374449 ""
314.53804493313 45.95772280379 0.0395 0.0423 14.5937 "" "" 2163518272747383552 2612.69263 0.3623 0.048 1.347 -2.729 0.054 0.054 1.031 5535.7 4.6376 16.830029 1.246727 17.376099 16.129372 "" "" 2292.552 2975.52197 3490.88458 2.147 1531.0 9.2439 2801.6 11.43 "" "" 0.002835082681267889 0.007124559 0.0058228066 0.012947366 314.53804493313 45.95772280379 2612.69263 1.3470000000000015 -2.729 4.255869504928588 0.14995655632019034 0.1515479 0.1515479 "" "" 52.73808922635715 "" 7.992346349604758 ""
314.99632946944 45.95430021248 0.0397 0.0402 8.4886 "" "" 2163524358739804672 2546.10107 0.3782 0.0473 -3.998 -5.761 0.049 0.053 1.008 5751.4 4.6087 16.83052 1.229555 17.30654 16.076984 "" "" 2270.06201 2829.59937 3489.30038 2.1978 1632.3 16.627 2940.1 24.283 "" "" 0.0028389203571955665 0.011406099 0.009731251 0.02113735 314.99632946944 45.95430021248 2546.10107 -3.997999999999994 -5.760999999999996 -1.0891304950714114 -2.8820434436798097 0.1465479 0.15054789 "" "" 37.18275207066757 "" 5.579415726616712 ""
314.68424305159 45.60064321958 0.0384 0.0425 16.7464 "" "" 2163490583115858944 2706.80249 0.3547 0.0455 -2.02 -4.464 0.052 0.057 0.961 6318.3 4.4508 16.832031 1.197613 17.346811 16.149199 "" "" 2435.87769 3077.55103 3484.44841 2.0793 1572.9 10.703 2750.9 6.748 "" "" 0.0028304704086816426 0.007897344 0.004623531 0.012520876 314.68424305159 45.60064321958 2706.80249 -2.020000000000001 -4.464 0.8888695049285888 -1.58504344367981 0.1495479 0.1545479 "" "" 23.315951715161695 "" 3.575886379630906 ""
314.59345070568 45.89945647576 0.0369 0.0396 11.2213 "" "" 2163514772371808128 2624.34521 0.3799 0.0452 -7.112 -6.216 0.049 0.052 0.955 5070.3 4.297 16.832476 1.309931 17.415823 16.105892 "" "" 2322.98413 3057.26685 3483.02633 1.905 1476.0 7.2225 2862.9 7.3232 "" "" 0.002818585482430139 0.0060009295 0.004690095 0.010691024 314.59345070568 45.89945647576 2624.34521 -7.112000000000007 -6.216000000000003 -4.203130495071411 -3.3370434436798098 0.1465479 0.1495479 "" "" 66.75931473358395 "" 9.861353765492881 ""
315.30194343292 45.85085507767 0.0408 0.0465 18.7285 "" "" 2163473746842720512 2701.42383 0.3566 0.0525 -1.673 -1.279 0.053 0.055 1.067 7182.2 4.3377 16.832598 1.506151 17.52346 16.01731 "" "" 2341.19238 3033.95068 3482.6341 2.2232 1336.7 7.5863 3106.2 7.0866 "" "" 0.0028411573478578627 0.006764249 0.0045187883 0.011283037 315.30194343292 45.85085507767 2701.42383 -1.6729999999999992 -1.2790000000000006 1.2358695049285888 1.5999565563201905 0.15054789 0.1525479 "" "" 25.887245451454955 "" 3.9297768138867792 ""
314.44556303271 45.79366155141 0.036 0.0397 17.442 "" "" 2163508308422239872 2801.24683 0.3385 0.044 -2.863 -3.448 0.047 0.047 0.951 7205.5 4.3422 16.834034 1.226402 17.351624 16.125221 "" "" 2465.09912 3187.61401 3478.02737 1.8411 1565.9 11.204 2812.4 12.617 "" "" 0.0028146245389504823 0.008254307 0.006165124 0.014419431 314.44556303271 45.79366155141 2801.24683 -2.8629999999999995 -3.4480000000000044 0.04586950492858888 -0.5690434436798095 0.1445479 0.1445479 "" "" 7.580215095842041 "" 1.0957041326967694 ""
314.9316041932 45.76115859989 0.0414 0.0457 6.4204 "" "" 2163498653335484672 2635.16602 0.367 0.0513 -3.16 -5.899 0.058 0.067 1.08 "" "" 16.8341 1.323585 17.224686 15.901101 "" "" 2385.66943 3028.88794 3477.81261 2.2523 1760.1 13.763 3457.1 42.044 "" "" 0.002843624640118831 0.008936589 0.013734557 0.022671144 314.9316041932 45.76115859989 2635.16602 -3.160000000000003 -5.899000000000001 -0.2511304950714113 -3.0200434436798096 0.15554789 0.16454789 "" "" 37.852611861835044 "" 6.226291517512612 ""
314.51074647213 45.86937442433 0.0382 0.0402 14.3664 "" "" 2163508961257751680 2849.53467 0.3227 0.046 -3.963 -8.147 0.05 0.052 1.024 "" "" 16.834354 1.283487 17.380194 16.096706 "" "" 2577.59082 3224.36841 3477.00138 2.0049 1525.2 10.386 2887.2 12.423 "" "" 0.0028255501499153727 0.007902393 0.006009027 0.0139114205 314.51074647213 45.86937442433 2849.53467 -3.9629999999999965 -8.147000000000007 -1.0541304950714112 -5.26804344367981 0.1475479 0.1495479 "" "" 72.56489629447151 "" 10.846376895023703 ""
314.87549434016 45.86958230285 0.0385 0.0424 1.3278 "" "" 2163503120102205824 2722.75537 0.3516 0.0477 -6.567 -6.115 0.053 0.062 1.035 6021.9 4.4838 16.834846 1.216196 17.362347 16.14615 "" "" 2420.2605 3218.04297 3475.42425 1.9906 1550.5 5.984 2758.7 10.312 "" "" 0.0028246262092263175 0.005034241 0.005545713 0.010579954 314.87549434016 45.86958230285 2722.75537 -6.567 -6.114999999999999 -3.6581304950714113 -3.23604344367981 0.15054789 0.1595479 "" "" 63.03280365123483 "" 9.742569685393459 ""
315.07938344503 45.714110253 0.0375 0.0403 12.607 "" "" 2163473918622862080 2945.17847 0.333 0.046 -2.323 -6.567 0.053 0.06 1.019 5631.1 4.4747 16.835176 1.42271 17.283312 15.860602 "" "" 2594.53442 3380.31372 3474.36827 2.7636 1667.6 31.475 3588.5 66.227 "" "" 0.0028874958311518395 0.020681728 0.02039094 0.041072667 315.07938344503 45.714110253 2945.17847 -2.323000000000005 -6.567000000000004 0.5858695049285889 -3.6880434436798097 0.15054789 0.15754789 "" "" 52.13120671044491 "" 8.20437433890028 ""
314.71736497253 45.96483215759 0.0406 0.0409 8.7832 "" "" 2163516142443634688 3314.3418 0.3004 0.0481 -2.926 -3.106 0.054 0.052 1.005 4889.6 4.3422 16.83744 1.579056 17.58744 16.008385 "" "" 2789.29004 4061.91748 3467.13573 2.1271 1260.2 7.2756 3131.9 7.4337 "" "" 0.0028346926803505604 0.0068612928 0.004574371 0.011435663 314.71736497253 45.96483215759 3314.3418 -2.925999999999998 -3.1060000000000008 -0.01713049507141129 -0.22704344367980944 0.1515479 0.1495479 "" "" 3.576986163212353 "" 0.5349715501913609 ""
314.5441958115 45.95282420576 0.0383 0.0407 14.237 "" "" 2163518070906658176 2682.4314 0.361 0.0467 0.615 -2.345 0.051 0.054 0.992 4996.2 4.3254 16.83908 1.287222 17.405355 16.118134 "" "" 2362.0271 3101.28101 3461.89807 1.9947 1490.3 7.6352 2830.8 8.3914 "" "" 0.0028254465641180905 0.00622307 0.0049640993 0.01118717 314.5441958115 45.95282420576 2682.4314 0.6150000000000001 -2.3450000000000006 3.523869504928589 0.5339565563201902 0.14854789 0.1515479 "" "" 45.316474233804705 "" 6.734747985042098 ""
