Clusters/UBC_377/UBC_377_stars_in_region.tsv
# %ECSV 1.0
# ---
# datatype:
# - name: RA_ICRS_1
#   unit: deg
#   datatype: float64
#   format: '{:15.11f}'
#   description: Right ascension (ICRS) at Ep=2016.0 (ra)
#   meta: !!omap
#   - {ucd: POS_EQ_RA_MAIN}
#   - {width: 15}
#   - {precision: '11'}
# - name: DE_ICRS_1
#   unit: deg
#   datatype: float64
#   format: '{:15.11f}'
#   description: Declination (ICRS) at Ep=2016.0 (dec)
#   meta: !!omap
#   - {ucd: POS_EQ_DEC_MAIN}
#   - {width: 15}
#   - {precision: '11'}
# - name: e_RA_ICRS
#   unit: mas
#   datatype: float64
#   format: '{:7.4f}'
#   description: Standard error of right ascension (ra_error)
#   meta: !!omap
#   - {ucd: ERROR}
#   - {width: 7}
#   - {precision: '4'}
# - name: e_DE_ICRS
#   unit: mas
#   datatype: float64
#   format: '{:7.4f}'
#   description: Standard error of declination (dec_error)
#   meta: !!omap
#   - {ucd: ERROR}
#   - {width: 7}
#   - {precision: '4'}
# - name: _r_1
#   unit: ''
#   datatype: float64
#   format: '{:7.4f}'
#   description: Distance from center (314.85380853000+45.85340570000)[ICRS], at Epoch=J2016.0
#   meta: !!omap
#   - {ucd: POS_ANG_DIST_GENERAL}
#   - {width: 7}
#   - {precision: '4'}
# - name: HIP
#   datatype: int32
#   description: '? HIP cross-id number, van Leeuwen, Cat. I/311 (hip_original_ext_source_id)'
#   meta: !!omap
#   - {ucd: ID_NUMBER}
#   - {width: 6}
#   - values: {'null': -2147483648}
# - name: TYC2
#   datatype: string
#   description: Tycho-2 cross-id name, Hog et al., Cat. I/259 (tyc2_original_ext_source_id)
#   meta: !!omap
#   - {ucd: ID_CROSSID}
#   - {_votable_string_dtype: char}
# - name: Source
#   datatype: int64
#   description: Source identifier, identical to the Gaia-EDR3 source_id (id)
#   meta: !!omap
#   - {ucd: ID_MAIN}
#   - {width: 19}
# - name: rgeo
#   unit: pc
#   datatype: float64
#   format: '{:15.8f}'
#   description: '? Median of the geometric distance posterior (r_med_geo)'
#   meta: !!omap
#   - {ucd: PHYS_DISTANCE_TRUE}
#   - {width: 15}
#   - {precision: '8'}
#   - values: {'null': .nan}
# - name: Plx
#   unit: mas
#   datatype: float64
#   format: '{:9.4f}'
#   description: '? Parallax (parallax)'
#   meta: !!omap
#   - {ucd: POS_PARLX_TRIG}
#   - {width: 9}
#   - {precision: '4'}
#   - values: {'null': .nan}
# - name: e_Plx
#   unit: mas
#   datatype: float32
#   format: '{:7.4f}'
#   description: '? Standard error of parallax (parallax_error)'
#   meta: !!omap
#   - {ucd: ERROR}
#   - {width: 7}
#   - {precision: '4'}
#   - values: {'null': .nan}
# - name: pmRA
#   unit: mas / yr
#   datatype: float64
#   format: '{:9.3f}'
#   description: '? Proper motion in right ascension direction, pmRA*cosDE (pmra)'
#   meta: !!omap
#   - {ucd: POS_EQ_PMRA}
#   - {width: 9}
#   - {precision: '3'}
#   - values: {'null': .nan}
# - name: pmDE
#   unit: mas / yr
#   datatype: float64
#   format: '{:9.3f}'
#   description: '? Proper motion in declination direction (pmdec)'
#   meta: !!omap
#   - {ucd: POS_EQ_PMDEC}
#   - {width: 9}
#   - {precision: '3'}
#   - values: {'null': .nan}
# - name: e_pmRA
#   unit: mas / yr
#   datatype: float32
#   format: '{:6.3f}'
#   description: '? Standard error of proper motion in right ascension direction (pmra_error)'
#   meta: !!omap
#   - {ucd: ERROR}
#   - {width: 6}
#   - {precision: '3'}
#   - values: {'null': .nan}
# - name: e_pmDE
[...]
#         value: !astropy.table.SerializedColumn {name: SkyCoord.dec}
#       distance: !astropy.table.SerializedColumn
#         __class__: astropy.coordinates.distances.Distance
#         unit: !astropy.units.Unit {unit: pc}
#         value: !astropy.table.SerializedColumn {name: SkyCoord.distance}
#       frame: icrs
#       obstime: !astropy.time.Time {format: jyear_str, in_subfmt: '*', jd1: 367701545.0, jd2: 0.0, out_subfmt: '*', precision: 3, scale: tt}
#       pm_dec: !astropy.table.SerializedColumn
#         __class__: astropy.units.quantity.Quantity
#         unit: !astropy.units.Unit {unit: mas / yr}
#         value: !astropy.table.SerializedColumn {name: SkyCoord.pm_dec}
#       pm_ra_cosdec: !astropy.table.SerializedColumn
#         __class__: astropy.units.quantity.Quantity
#         unit: !astropy.units.Unit {unit: mas / yr}
#         value: !astropy.table.SerializedColumn {name: SkyCoord.pm_ra_cosdec}
#       ra: !astropy.table.SerializedColumn
#         __class__: astropy.coordinates.angles.Longitude
#         unit: *id001
#         value: !astropy.table.SerializedColumn {name: SkyCoord.ra}
#         wrap_angle: !astropy.coordinates.Angle
#           unit: *id001
#           value: 360.0
#       representation_type: spherical
# schema: astropy-2.0
RA_ICRS_1 DE_ICRS_1 e_RA_ICRS e_DE_ICRS _r_1 HIP TYC2 Source rgeo Plx e_Plx pmRA pmDE e_pmRA e_pmDE RUWE Teff logg Gmag BP-RP BPmag RPmag RV e_RV b_rgeo B_rgeo FG e_FG FBP e_FBP FRP e_FRP RAVE5 RAVE6 e_Gmag e_BPmag e_RPmag e_BP-RP SkyCoord.ra SkyCoord.dec SkyCoord.distance SkyCoord.pm_ra_cosdec SkyCoord.pm_dec rmRA rmDE e_rmRA e_rmDE rRV e_rRV v_pec v_pec3d e_vpec e_vpec3d
[from data line 612]
315.00986562425 45.64674770331 0.0201 0.0217 14.0156 "" "" 2163450072981404544 2508.82764 0.3757 0.0241 -2.779 -2.863 0.029 0.03 1.006 7991.6 4.0306 15.665401 0.857603 16.009607 15.152004 "" "" 2342.08887 2665.05347 10204.36631 3.0162 5389.8 7.6099 6892.2 9.2319 "" "" 0.00277394661421303 0.0031835535 0.004049537 0.0072330902 315.00986562425 45.64674770331 2508.82764 -2.779 -2.8629999999999995 0.12986950492858895 0.01595655632019044 0.1265479 0.12754789 "" "" 1.5560011944737315 "" 0.1969319178887446 ""
315.01548401944 45.92279502996 0.0219 0.0226 7.9325 "" "" 2163524015142423424 2663.92114 0.3597 0.027 -0.129 -4.953 0.03 0.032 1.004 5910.4 3.9509 15.665976 1.241212 16.112564 14.871352 "" "" 2450.59326 2920.11548 10198.97382 3.6036 4902.2 38.825 8925.2 160.52 "" "" 0.0027818978862801757 0.009040285 0.01988938 0.028929666 315.01548401944 45.92279502996 2663.92114 -0.12899999999999978 -4.953 2.779869504928589 -2.07404344367981 0.12754789 0.1295479 "" "" 43.79458724617542 "" 5.61738578266245 ""
314.91295715866 46.03959828291 0.0236 0.0234 11.4408 "" "" 2163528688066801408 2764.96045 0.3276 0.0276 -5.272 -6.542 0.029 0.031 0.987 6096.5 2.9277 15.66869 2.441101 16.989388 14.548286 "" "" 2582.91162 2969.24414 10173.50663 4.4717 2186.1 13.842 12018.0 11.018 "" "" 0.002796343397784056 0.007419327 0.003908265 0.011327592 314.91295715866 46.03959828291 2764.96045 -5.272 -6.542 -2.3631304950714114 -3.6630434436798094 0.1265479 0.12854789 "" "" 57.130765320032296 "" 7.310645760789099 ""
314.75722740103 46.01192215771 0.0247 0.0245 10.3297 "" "" 2163516696517492864 2982.49072 0.3099 0.0291 -3.296 -3.343 0.032 0.031 1.101 7711.0 3.8578 15.671792 1.143387 16.15047 15.007084 "" "" 2730.83228 3264.41528 10144.48276 3.3092 4734.0 9.6073 7876.3 9.3441 "" "" 0.00277799011052535 0.0035552932 0.0039928504 0.0075481436 314.75722740103 46.01192215771 2982.49072 -3.296000000000001 -3.3430000000000035 -0.38713049507141095 -0.46404344367980954 0.1295479 0.12854789 "" "" 8.543318463740428 "" 1.1017395295834813 ""
314.86473840607 45.74566136489 0.0211 0.0236 6.4808 "" "" 2163499134377192704 2728.21875 0.3409 0.0261 -3.216 -4.76 0.029 0.032 0.991 6623.1 4.0285 15.672946 1.192514 16.182783 14.990269 "" "" 2546.26855 2975.23828 10133.70895 3.0947 4595.2 9.5495 7999.3 9.6003 "" "" 0.0027751986723719402 0.0035883177 0.0039977035 0.007586021 314.86473840607 45.74566136489 2728.21875 -3.2160000000000006 -4.76 -0.3071304950714113 -1.8810434436798094 0.1265479 0.1295479 "" "" 24.647309751076328 "" 3.1911086933740274 ""
314.95596226903 45.94819689583 0.0234 0.0242 7.1092 "" "" 2163527176238306304 2600.18604 0.363 0.0278 -3.232 -3.116 0.03 0.033 1.094 7101.9 4.1127 15.673269 1.138587 16.148968 15.010381 "" "" 2452.46631 2793.33813 10130.68954 2.909 4740.6 8.5843 7852.5 9.0684 "" "" 0.002772902371657797 0.0034132719 0.003981944 0.0073952163 314.95596226903 45.94819689583 2600.18604 -3.231999999999998 -3.1159999999999997 -0.32313049507141134 -0.23704344367980967 0.12754789 0.1305479 "" "" 4.939232507162562 "" 0.6352122248765799 ""
315.14658399615 46.08696533206 0.0243 0.0249 18.5862 "" "" 2163532536357719296 2890.56006 0.3193 0.0326 -1.915 -4.411 0.033 0.033 1.048 9594.8 4.1855 15.674607 0.953341 16.053482 15.100142 "" "" 2659.09644 3164.44824 10118.21768 3.8867 5176.4 13.752 7229.4 11.419 "" "" 0.0027867060584267187 0.0040131127 0.0041502723 0.008163385 315.14658399615 46.08696533206 2890.56006 -1.9150000000000025 -4.411 0.9938695049285888 -1.5320434436798092 0.1305479 0.1305479 "" "" 25.020958456538715 "" 3.2664334830942394 ""
315.10318184437 45.74538518096 0.0811 0.0701 12.2809 "" "" 2163474262238411008 2448.11157 0.4391 0.0854 -3.42 -4.533 0.117 0.097 3.158 "" "" 15.676602 1.223691 15.850032 14.626341 "" "" 2017.26721 3097.19751 10099.63418 10.563 6243.2 24.786 11185.0 18.003 "" "" 0.0029801444977785585 0.005134696 0.0041638575 0.009298554 315.10318184437 45.74538518096 2448.11157 -3.42 -4.533 -0.5111304950714111 -1.65404344367981 0.2145479 0.19454789 "" "" 20.08913264116032 "" 3.9449496344923625 ""
314.56860880043 45.99866202293 0.1842 0.1967 14.7525 "" "" 2163518792461246720 3562.43994 0.379 0.2287 -5.284 -8.09 0.26 0.253 9.189 5331.5 4.6919 15.67837 1.176128 16.138214 14.962086 "" "" 2346.95801 5356.84619 10083.20294 21.841 4787.7 9.6539 8209.6 10.846 "" "" 0.0036225266261274624 0.0035465434 0.004042431 0.007588974 314.56860880043 45.99866202293 3562.43994 -5.283999999999997 -8.09 -2.375130495071411 -5.211043443679809 0.35754788 0.35054788 "" "" 96.70251727401678 "" 34.01625759141154 ""
314.65042124605 45.66882874328 0.0204 0.0233 13.9688 "" "" 2163494465766302464 2936.15698 0.3152 0.0248 -1.747 -3.285 0.029 0.031 0.965 6936.0 3.2525 15.678597 1.323482 16.257078 14.933596 "" "" 2763.90186 3137.20532 10081.09309 3.2253 4291.3 9.0577 8427.9 9.2156 "" "" 0.002777130219868952 0.0036106552 0.0039614644 0.0075721196 314.65042124605 45.66882874328 2936.15698 -1.7470000000000014 -3.285000000000002 1.1618695049285888 -0.4060434436798097 0.1265479 0.12854789 "" "" 17.12919623737165 "" 2.1714187166004426 ""
314.707032721 46.01965746432 0.0255 0.0249 11.7052 "" "" 2163517383712202624 2691.93701 0.3476 0.0304 -0.543 -3.305 0.034 0.031 1.164 8388.6 4.0985 15.680644 0.935863 16.055532 15.119669 "" "" 2501.90894 2923.68335 10062.10876 3.4597 5166.6 10.742 7100.5 9.4275 "" "" 0.0027804949924195082 0.0035889845 0.0040449738 0.007633958 314.707032721 46.01965746432 2691.93701 -0.5429999999999999 -3.3050000000000006 2.3658695049285887 -0.42604344367980973 0.1315479 0.12854789 "" "" 30.673547282828626 "" 4.0321822535498955 ""
315.00502877575 45.81202537852 0.0214 0.026 6.7919 "" "" 2163522262795693696 2740.14307 0.3414 0.0276 -3.123 -3.032 0.028 0.038 0.935 9147.9 4.1702 15.681289 1.006965 16.095613 15.088649 "" "" 2508.24341 2967.50269 10056.143 3.5464 4979.3 10.913 7306.3 12.628 "" "" 0.002781797726234924 0.003667076 0.004219619 0.007886695 315.00502877575 45.81202537852 2740.14307 -3.123 -3.0320000000000005 -0.21413049507141135 -0.1530434436798096 0.1255479 0.13554789 "" "" 3.4185129484815993 "" 0.44104203953530063 ""
314.91407768001 45.86081483594 0.021 0.023 2.5574 "" "" 2163500135123654016 2586.32959 0.3607 0.0251 -2.973 -2.869 0.028 0.031 1.012 7671.8 4.2372 15.685329 0.88241 15.977342 15.094932 "" "" 2429.45679 2830.0603 10018.78579 3.3441 5552.4 42.97 7264.2 27.676 "" "" 0.002779050796626531 0.008853653 0.0056031146 0.014456768 314.91407768001 45.86081483594 2586.32959 -2.9729999999999963 -2.8690000000000024 -0.064130495071411 0.009956556320190213 0.1255479 0.12854789 "" "" 0.7956074370580858 "" 0.09994367629004713 ""
315.00033623919 45.85758680735 0.0233 0.0246 6.1283 "" "" 2163522675112572544 2793.69287 0.3288 0.0286 -4.473 -6.529 0.032 0.036 1.053 7415.3 4.0948 15.686478 1.103936 16.15154 15.047605 "" "" 2634.40649 3046.11157 10008.19752 3.0098 4729.3 9.0292 7587.8 10.032 "" "" 0.0027745995914494085 0.003475907 0.0040428108 0.007518718 315.00033623919 45.85758680735 2793.69287 -4.473000000000002 -6.529000000000002 -1.564130495071411 -3.6500434436798095 0.1295479 0.1335479 "" "" 52.58519669333312 "" 6.990424480128518 ""
315.21769595328 45.69687372739 0.0751 0.0828 17.8915 "" "" 2163470379588099200 2920.08179 0.3677 0.0944 -4.04 -5.385 0.105 0.101 3.965 7770.2 4.1523 15.686564 1.113493 16.120256 15.006763 "" "" 2274.76855 4124.26758 10007.39145 12.643 4867.6 12.282 7878.7 12.337 "" "" 0.0030778729404660047 0.003910263 0.0041441685 0.0080544315 315.21769595328 45.69687372739 2920.08179 -4.04 -5.385 -1.1311304950714112 -2.5060434436798094 0.2025479 0.1985479 "" "" 38.05624407310394 "" 7.581965728689943 ""
314.86621531282 45.6246772701 0.1145 0.1186 13.7335 "" "" 2163449076548820736 3138.19507 0.3201 0.1347 -3.243 -3.566 0.171 0.166 6.601 6899.8 4.0382 15.686582 1.159461 16.141912 14.982451 "" "" 2292.29858 4673.23145 10007.2349 15.794 4771.5 11.155 8057.1 9.6214 "" "" 0.003244706188136368 0.0037719884 0.0039955885 0.0077675767 314.86621531282 45.6246772701 3138.19507 -3.243 -3.566 -0.334130495071411 -0.6870434436798094 0.2685479 0.2635479 "" "" 11.364299300700095 "" 3.0059889142246674 ""
315.13767034212 45.78048615841 0.0217 0.0245 12.6509 "" "" 2163474708915080832 2507.19189 0.376 0.0263 -3.568 -3.742 0.03 0.033 0.902 "" "" 15.686696 0.855689 16.026968 15.171279 "" "" 2333.18652 2671.78149 10006.18369 3.3458 5304.3 8.7712 6770.9 12.508 "" "" 0.002779134440685108 0.0033178942 0.004278616 0.0075965105 315.13767034212 45.78048615841 2507.19189 -3.5680000000000005 -3.7420000000000018 -0.6591304950714112 -0.8630434436798096 0.12754789 0.1305479 "" "" 12.905579544956813 "" 1.6706373721527876 ""
315.06089291093 45.98029171999 0.0601 0.0589 11.5187 "" "" 2163525733129413632 2853.52148 0.3445 0.0712 -4.421 -3.208 0.075 0.083 3.051 6798.8 4.2108 15.690517 1.084801 16.09091 15.006109 "" "" 2320.11279 3601.46924 9971.02239 11.318 5001.0 9.0577 7883.4 10.647 "" "" 0.0030183799209741956 0.0034135052 0.0040538763 0.0074673817 315.06089291093 45.98029171999 2853.52148 -4.420999999999994 -3.2079999999999966 -1.5121304950714114 -0.32904344367980976 0.1725479 0.1805479 "" "" 20.93123520932515 "" 3.6193784448224697 ""
314.41231425304 45.79593472108 0.021 0.0224 18.7788 "" "" 2163509824569055872 2513.18433 0.3689 0.0253 -0.736 -6.054 0.027 0.027 1.025 6765.6 3.8083 15.696807 1.800731 16.567198 14.766467 "" "" 2369.66357 2764.8313 9913.43196 3.6627 3225.1 8.9837 9830.4 10.592 "" "" 0.002784368310731398 0.0041148416 0.0039562965 0.008071138 314.41231425304 45.79593472108 2513.18433 -0.7360000000000009 -6.054 2.172869504928589 -3.17504344367981 0.1245479 0.1245479 "" "" 45.83178156551361 "" 5.708252090841864 ""
315.24856725886 45.69671280582 0.0232 0.0276 19.008 "" "" 2163470413947881216 2521.18164 0.3742 0.0291 -2.192 -3.87 0.032 0.032 1.058 7943.7 4.0342 15.69977 1.17227 16.201069 15.028799 "" "" 2355.51807 2700.10645 9886.41169 3.5248 4518.4 12.13 7720.4 9.4026 "" "" 0.0027823791410236448 0.004034945 0.004004026 0.008038971 315.24856725886 45.69671280582 2521.18164 -2.192 -3.87 0.7168695049285887 -0.9910434436798097 0.1295479 0.1295479 "" "" 14.617001403807851 "" 1.8936017484730716 ""
314.99788839064 45.99122415202 0.0247 0.0241 10.2246 "" "" 2163528825505816192 3023.35815 0.3009 0.0285 -4.2 -3.192 0.032 0.032 1.076 "" "" 15.70164 1.797187 16.574425 14.777238 "" "" 2801.71289 3337.03613 9869.40135 3.2608 3203.7 11.838 9733.4 10.698 "" "" 0.0027785734927223524 0.004886762 0.0039633038 0.008850066 314.99788839064 45.99122415202 3023.35815 -4.2 -3.192 -1.2911304950714113 -0.31304344367980974 0.1295479 0.1295479 "" "" 19.038907985541456 "" 2.466450433605852 ""
315.02949743299 45.96089303997 0.0225 0.023 9.767 "" "" 2163525595690423040 2668.96753 0.3498 0.0277 -2.107 -3.607 0.028 0.032 1.023 6707.6 4.2128 15.702367 1.071884 16.148212 15.076328 "" "" 2532.60522 2857.21753 9862.79485 2.9675 4743.9 10.539 7389.7 13.185 "" "" 0.002774618086118344 0.0036882358 0.004246943 0.007935179 315.02949743299 45.96089303997 2668.96753 -2.1069999999999998 -3.607 0.8018695049285887 -0.7280434436798098 0.1255479 0.1295479 "" "" 13.70182465176651 "" 1.7452135093353058 ""
314.75954530661 45.55720386965 0.022 0.0245 18.2057 "" "" 2163489792841964032 2493.28174 0.3785 0.0267 -1.553 -2.666 0.03 0.033 0.951 6482.1 4.0605 15.703299 1.290478 16.269451 14.978973 "" "" 2322.93066 2675.44897 9854.33818 3.2654 4242.6 8.36 8082.9 9.5096 "" "" 0.0027787099135261712 0.0035159946 0.0039894134 0.007505408 314.75954530661 45.55720386965 2493.28174 -1.5529999999999975 -2.6659999999999986 1.355869504928589 0.2129565563201905 0.12754789 0.1305479 "" "" 16.22031657017748 "" 2.070052095982869 ""
314.71190294042 45.9231821941 0.0244 0.0272 7.2561 "" "" 2163515734447826432 2674.06763 0.3472 0.0299 -5.628 -7.066 0.033 0.035 1.087 4737.6 2.9339 15.704525 1.609579 16.464777 14.855198 "" "" 2478.96484 2898.15405 9843.21226 3.3581 3544.1 9.8856 9059.0 12.994 "" "" 0.002780106460177886 0.004117839 0.0040876735 0.008205513 314.71190294042 45.9231821941 2674.06763 -5.628000000000001 -7.066000000000001 -2.7191304950714112 -4.187043443679809 0.1305479 0.1325479 "" "" 63.28027269983756 "" 8.35032479768661 ""
314.48681458735 45.90775980523 0.0218 0.0241 15.6722 "" "" 2163512229750987904 2870.66455 0.3203 0.0267 -0.805 -2.333 0.028 0.03 1.005 7658.4 4.2656 15.707973 0.982906 16.104582 15.121676 "" "" 2707.92065 3063.9397 9812.00114 3.5904 4938.4 7.4195 7087.4 10.458 "" "" 0.0027838157497973174 0.0032320162 0.004104925 0.007336941 314.48681458735 45.90775980523 2870.66455 -0.8050000000000014 -2.333 2.1038695049285887 0.5459565563201902 0.1255479 0.12754789 "" "" 29.575435721470797 "" 3.7168936279261264 ""
314.65077272556 46.00344740946 0.0235 0.0225 12.363 "" "" 2163517211913421312 2441.99585 0.392 0.0274 -3.05 -4.871 0.031 0.028 0.964 6276.0 4.1101 15.708147 1.154785 16.188702 15.033916 "" "" 2262.66333 2603.87158 9810.42398 3.1482 4570.2 12.781 7684.1 21.653 "" "" 0.002777261877892675 0.0041236584 0.004862532 0.00898619 314.65077272556 46.00344740946 2441.99585 -3.0499999999999985 -4.870999999999997 -0.14113049507141096 -1.99204344367981 0.12854789 0.1255479 "" "" 23.115818302352487 "" 2.902492916832843 ""
314.49329363291 45.92479710865 0.036 0.0373 15.6536 "" "" 2163518105266280448 2660.12427 0.3567 0.0443 -1.611 -3.521 0.047 0.047 1.7 "" "" 15.712884 0.897474 15.751048 14.853574 "" "" 2358.83887 3048.53882 9767.72172 6.215 6839.1 41.096 9072.5 48.556 "" "" 0.002840605155005561 0.0070957574 0.0069317957 0.014027553 314.49329363291 45.92479710865 2660.12427 -1.6109999999999984 -3.5210000000000017 1.2978695049285889 -0.6420434436798095 0.1445479 0.1445479 "" "" 18.257733558833745 "" 2.639116946043387 ""
315.03701041463 45.5722175529 0.0216 0.0227 18.5351 "" "" 2163446430849119232 2590.07202 0.3706 0.0257 -4.062 -6.797 0.028 0.03 0.995 7084.9 3.726 15.714276 1.048686 16.149694 15.101008 "" "" 2434.78857 2757.29712 9755.20406 2.9416 4737.4 7.652 7223.6 8.9421 "" "" 0.0027747029864277485 0.0032955376 0.0040112534 0.007306791 315.03701041463 45.5722175529 2590.07202 -4.062000000000001 -6.797000000000001 -1.1531304950714114 -3.9180434436798093 0.1255479 0.12754789 "" "" 50.14161130311186 "" 6.3875204248199875 ""
314.47279761932 45.87816386501 0.0221 0.0241 15.988 "" "" 2163511886153544960 2462.39136 0.3876 0.0264 -4.203 -4.367 0.029 0.03 0.955 6332.4 4.0893 15.714933 1.088025 16.171192 15.083167 "" "" 2285.375 2710.76953 9749.29786 3.2931 4644.5 10.466 7343.3 6.9056 "" "" 0.002779619784978334 0.0037109277 0.0039148703 0.0076257978 314.47279761932 45.87816386501 2462.39136 -4.202999999999998 -4.366999999999999 -1.2941304950714114 -1.4880434436798096 0.1265479 0.12754789 "" "" 23.01743989579624 "" 2.925936018245494 ""
314.97444235693 46.0794549499 0.0246 0.0247 14.466 "" "" 2163530131175897216 2670.66748 0.3558 0.0301 -6.566 -7.214 0.03 0.032 0.933 5914.6 4.1088 15.715302 1.130911 16.178753 15.047842 "" "" 2439.32104 2959.5542 9745.98175 3.8235 4612.3 20.831 7586.2 14.078 "" "" 0.0027880501724316547 0.0056418567 0.0042829094 0.009924766 314.97444235693 46.0794549499 2670.66748 -6.566000000000001 -7.2139999999999995 -3.657130495071411 -4.33504344367981 0.12754789 0.1295479 "" "" 71.79675634940747 "" 9.24168558109655 ""
315.01810144113 46.12312298533 0.0298 0.03 17.5727 "" "" 2163530676610540672 2512.80444 0.3884 0.0361 1.631 -0.75 0.038 0.041 1.246 5968.0 4.0477 15.717986 1.207677 16.222258 15.014581 "" "" 2277.94922 2775.67188 9721.92818 4.1655 4431.1 10.973 7822.1 13.802 "" "" 0.0027943156189760236 0.003874792 0.004237204 0.008111996 315.01810144113 46.12312298533 2512.80444 1.6309999999999998 -0.7500000000000007 4.539869504928589 2.1289565563201904 0.13554789 0.1385479 "" "" 59.72339222716082 "" 8.127970419667278 ""
