Clusters/UBC_377/UBC_377_members.tsv
# %ECSV 1.0
# ---
# datatype:
# - name: RA_ICRS_1
#   unit: deg
#   datatype: float64
#   format: '{:15.11f}'
#   description: Right ascension (ICRS) at Ep=2016.0 (ra)
#   meta: !!omap
#   - {ucd: POS_EQ_RA_MAIN}
#   - {width: 15}
#   - {precision: '11'}
# - name: DE_ICRS_1
#   unit: deg
#   datatype: float64
#   format: '{:15.11f}'
#   description: Declination (ICRS) at Ep=2016.0 (dec)
#   meta: !!omap
#   - {ucd: POS_EQ_DEC_MAIN}
#   - {width: 15}
#   - {precision: '11'}
# - name: e_RA_ICRS
#   unit: mas
#   datatype: float64
#   format: '{:7.4f}'
#   description: Standard error of right ascension (ra_error)
#   meta: !!omap
#   - {ucd: ERROR}
#   - {width: 7}
#   - {precision: '4'}
# - name: e_DE_ICRS
#   unit: mas
#   datatype: float64
#   format: '{:7.4f}'
#   description: Standard error of declination (dec_error)
#   meta: !!omap
#   - {ucd: ERROR}
#   - {width: 7}
#   - {precision: '4'}
# - name: _r_1
#   unit: ''
#   datatype: float64
#   format: '{:7.4f}'
#   description: Distance from center (314.85380853000+45.85340570000)[ICRS], at Epoch=J2016.0
#   meta: !!omap
#   - {ucd: POS_ANG_DIST_GENERAL}
#   - {width: 7}
#   - {precision: '4'}
# - name: HIP
#   datatype: int32
#   description: '? HIP cross-id number, van Leeuwen, Cat. I/311 (hip_original_ext_source_id)'
#   meta: !!omap
#   - {ucd: ID_NUMBER}
#   - {width: 6}
#   - values: {'null': -2147483648}
# - name: TYC2
#   datatype: string
#   description: Tycho-2 cross-id name, Hog et al., Cat. I/259 (tyc2_original_ext_source_id)
#   meta: !!omap
#   - {ucd: ID_CROSSID}
#   - {_votable_string_dtype: char}
# - name: Source
#   datatype: int64
#   description: Source identifier, identical to the Gaia-EDR3 source_id (id)
#   meta: !!omap
#   - {ucd: ID_MAIN}
#   - {width: 19}
# - name: rgeo
#   unit: pc
#   datatype: float64
#   format: '{:15.8f}'
#   description: '? Median of the geometric distance posterior (r_med_geo)'
#   meta: !!omap
#   - {ucd: PHYS_DISTANCE_TRUE}
#   - {width: 15}
#   - {precision: '8'}
#   - values: {'null': .nan}
# - name: Plx
#   unit: mas
#   datatype: float64
#   format: '{:9.4f}'
#   description: '? Parallax (parallax)'
#   meta: !!omap
#   - {ucd: POS_PARLX_TRIG}
#   - {width: 9}
#   - {precision: '4'}
#   - values: {'null': .nan}
# - name: e_Plx
#   unit: mas
#   datatype: float32
#   format: '{:7.4f}'
#   description: '? Standard error of parallax (parallax_error)'
#   meta: !!omap
#   - {ucd: ERROR}
#   - {width: 7}
#   - {precision: '4'}
#   - values: {'null': .nan}
# - name: pmRA
#   unit: mas / yr
#   datatype: float64
#   format: '{:9.3f}'
#   description: '? Proper motion in right ascension direction, pmRA*cosDE (pmra)'
#   meta: !!omap
#   - {ucd: POS_EQ_PMRA}
#   - {width: 9}
#   - {precision: '3'}
#   - values: {'null': .nan}
# - name: pmDE
#   unit: mas / yr
#   datatype: float64
#   format: '{:9.3f}'
#   description: '? Proper motion in declination direction (pmdec)'
#   meta: !!omap
#   - {ucd: POS_EQ_PMDEC}
#   - {width: 9}
#   - {precision: '3'}
#   - values: {'null': .nan}
# - name: e_pmRA
#   unit: mas / yr
#   datatype: float32
#   format: '{:6.3f}'
#   description: '? Standard error of proper motion in right ascension direction (pmra_error)'
#   meta: !!omap
#   - {ucd: ERROR}
#   - {width: 6}
#   - {precision: '3'}
#   - values: {'null': .nan}
# - name: e_pmDE
[...]
#       distance: !astropy.table.SerializedColumn
#         __class__: astropy.coordinates.distances.Distance
#         unit: !astropy.units.Unit {unit: pc}
#         value: !astropy.table.SerializedColumn {name: SkyCoord.distance}
#       frame: icrs
#       obstime: !astropy.time.Time {format: jyear_str, in_subfmt: '*', jd1: 367701545.0, jd2: 0.0, out_subfmt: '*', precision: 3, scale: tt}
#       pm_dec: !astropy.table.SerializedColumn
#         __class__: astropy.units.quantity.Quantity
#         unit: !astropy.units.Unit {unit: mas / yr}
#         value: !astropy.table.SerializedColumn {name: SkyCoord.pm_dec}
#       pm_ra_cosdec: !astropy.table.SerializedColumn
#         __class__: astropy.units.quantity.Quantity
#         unit: !astropy.units.Unit {unit: mas / yr}
#         value: !astropy.table.SerializedColumn {name: SkyCoord.pm_ra_cosdec}
#       ra: !astropy.table.SerializedColumn
#         __class__: astropy.coordinates.angles.Longitude
#         unit: *id001
#         value: !astropy.table.SerializedColumn {name: SkyCoord.ra}
#         wrap_angle: !astropy.coordinates.Angle
#           unit: *id001
#           value: 360.0
#       representation_type: spherical
# schema: astropy-2.0
RA_ICRS_1 DE_ICRS_1 e_RA_ICRS e_DE_ICRS _r_1 HIP TYC2 Source rgeo Plx e_Plx pmRA pmDE e_pmRA e_pmDE RUWE Teff logg Gmag BP-RP BPmag RPmag RV e_RV b_rgeo B_rgeo FG e_FG FBP e_FBP FRP e_FRP RAVE5 RAVE6 e_Gmag e_BPmag e_RPmag e_BP-RP SkyCoord.ra SkyCoord.dec SkyCoord.distance SkyCoord.pm_ra_cosdec SkyCoord.pm_dec rmRA rmDE e_rmRA e_rmDE rRV e_rRV v_pec v_pec3d e_vpec e_vpec3d Pmemb
314.90870634932 45.85569888299 0.0091 0.0099 2.2982 "" "" 2163500130810679552 3015.65601 0.3104 0.011 -2.901 -2.928 0.012 0.013 0.935 "" "" 12.171096 0.526662 12.359367 11.832705 -57.28 22.29 2902.8374 3111.98877 254981.27256 40.227 155480.0 109.08 146580.0 77.825 "" "" 0.0027606393997375417 0.0028922765 0.003823092 0.0067153685 314.90870634932 45.85569888299 3015.65601 -2.901 -2.928 0.007869504928589066 -0.049043443679809506 0.1095479 0.1105479 -19.975 23.276089 0.7100048354497711 19.98761446162003 0.07847180036475009 23.261399018136025 0.96
314.93746977743 45.94675310767 0.009 0.0095 6.6009 "" "" 2163526862680512384 2739.44824 0.3488 0.0108 -2.807 -2.898 0.011 0.013 0.973 "" "" 12.55012 0.571223 12.759364 12.188141 "" "" 2661.86646 2808.8833 179845.16687 27.124 107570.0 58.007 105660.0 33.956 "" "" 0.0027601817361918796 0.0028509363 0.0037954545 0.006646391 314.93746977743 45.94675310767 2739.44824 -2.8070000000000013 -2.8980000000000015 0.10186950492858893 -0.019043443679809702 0.108547896 0.1105479 "" "" 1.3456885829522873 "" 0.14616335128624516 "" 0.88
315.1467508436 45.88193872793 0.0094 0.01 12.358 "" "" 2163477350297608832 3132.771 0.3135 0.0114 -2.848 -2.842 0.012 0.013 1.102 4730.3 1.924 12.5765 2.036295 13.613585 11.577291 -17.33 0.39 3018.75537 3236.95825 175528.13755 30.054 48976.0 35.335 185460.0 68.638 "" "" 0.0027615843796263474 0.0028980437 0.003800683 0.0066987267 315.1467508436 45.88193872793 3132.771 -2.8480000000000034 -2.842000000000004 0.060869504928589 0.03695655632019035 0.1095479 0.1105479 19.975 1.376087 1.0574231546406894 20.00296899782556 0.11612423747419483 1.3741765587613723 0.95
314.85542623837 45.81040812246 0.0094 0.0108 2.5807 "" "" 2163499654087242880 2627.37061 0.3577 0.0117 -2.945 -2.867 0.013 0.015 0.986 9243.4 3.3987 13.00737 0.709013 13.276187 12.567174 "" "" 2551.27197 2697.30005 118031.72581 27.492 66825.0 46.835 74523.0 27.301 "" "" 0.0027669013030740073 0.0028920742 0.0038002543 0.0066923285 314.85542623837 45.81040812246 2627.37061 -2.9449999999999967 -2.8669999999999987 -0.03613049507141097 0.011956556320190437 0.1105479 0.1125479 "" "" 0.47395785619640934 "" 0.05248936958187148 "" 0.98
314.78418069701 46.05575284479 0.0091 0.0087 12.4834 "" "" 2163541057572515200 2842.50049 0.3224 0.0107 -2.945 -2.865 0.012 0.011 0.928 "" "" 13.141138 0.600138 13.3629 12.762762 "" "" 2766.56958 2931.80811 104349.78566 25.846 61696.0 35.37 62238.0 26.777 "" "" 0.0027684126075335595 0.0028587563 0.00380814 0.0066668964 314.78418069701 46.05575284479 2842.50049 -2.9450000000000003 -2.865 -0.03613049507141097 0.013956556320190217 0.1095479 0.108547896 "" "" 0.5218590279743732 "" 0.05710107086258155 "" 0.92
314.76564984918 45.71192303601 0.0084 0.0103 9.2558 "" "" 2163497386344302464 2698.69312 0.34 0.0113 -3.005 -2.88 0.012 0.012 0.918 11513.3 3.6358 13.210379 0.696159 13.472559 12.7764 "" "" 2611.74219 2803.03711 97902.81123 20.781 55769.0 38.657 61461.0 29.321 "" "" 0.0027649414499978093 0.0028898863 0.0038147108 0.006704597 314.76564984918 45.71192303601 2698.69312 -3.004999999999999 -2.8800000000000003 -0.09613049507141103 -0.0010434436798094637 0.1095479 0.1095479 "" "" 1.229755022791112 "" 0.13471707801486457 "" 0.97
314.66639739111 45.79299843715 0.0092 0.0096 8.6337 "" "" 2163501750030985856 2558.23047 0.3645 0.0112 -2.971 -2.875 0.012 0.012 1.001 7489.2 3.4841 13.596748 0.631848 13.833663 13.201815 "" "" 2472.82227 2633.95557 68587.8766 14.879 39990.0 29.973 41537.0 18.975 "" "" 0.002765368859142341 0.0029064193 0.0038117885 0.006718208 314.66639739111 45.79299843715 2558.23047 -2.971 -2.875 -0.06213049507141122 0.00395655632019043 0.1095479 0.1095479 "" "" 0.7549212387898994 "" 0.0827000349958417 "" 0.98
314.91315470122 45.86134719381 0.0106 0.0113 2.5252 "" "" 2163500135123654144 2703.88379 0.3412 0.0119 -2.949 -2.857 0.014 0.015 0.994 9799.5 3.7186 13.607285 0.606064 13.831553 13.225489 "" "" 2628.58594 2788.27979 67925.46298 15.276 40068.0 27.834 40641.0 24.483 "" "" 0.0027661183760352946 0.0028903126 0.003835562 0.0067258747 314.91315470122 45.86134719381 2703.88379 -2.949000000000003 -2.857000000000001 -0.040130495071410976 0.021956556320190224 0.111547895 0.1125479 "" "" 0.586278508742094 "" 0.06553366813946282 "" 0.97
314.81635358637 45.89548818028 0.012 0.0128 2.9704 "" "" 2163504086493503360 2562.34766 0.3652 0.0145 -2.93 -2.846 0.017 0.018 1.037 9748.9 3.8996 14.19911 0.542596 14.400179 13.857583 "" "" 2457.90601 2668.63086 39382.45893 10.638 23733.0 14.052 22705.0 14.886 "" "" 0.0027708847245204037 0.0028632681 0.003845834 0.006709102 314.81635358637 45.89548818028 2562.34766 -2.9299999999999984 -2.8460000000000036 -0.021130495071411293 0.032956556320190344 0.11454789 0.115547895 "" "" 0.4754834456227636 "" 0.05480301567686026 "" 0.98
314.90572575802 45.86076166019 0.0123 0.0133 2.2139 "" "" 2163500203843127040 2679.43848 0.3459 0.0149 -3.005 -2.838 0.016 0.018 0.965 "" "" 14.238157 0.610033 14.465117 13.855084 "" "" 2566.91699 2772.41455 37991.26321 8.7413 22355.0 23.751 22758.0 16.064 "" "" 0.002766621834569172 0.003019221 0.0038563018 0.0068755224 314.90572575802 45.86076166019 2679.43848 -3.0049999999999986 -2.837999999999997 -0.09613049507141103 0.04095655632019035 0.1135479 0.115547895 "" "" 1.327100618071078 "" 0.15110028912623852 "" 0.97
314.5671884559 45.81573532469 0.0117 0.0125 12.1932 "" "" 2163507900424005248 2533.53931 0.3684 0.015 -2.886 -2.937 0.016 0.016 1.04 "" "" 14.319136 0.568975 14.530721 13.961746 "" "" 2446.00562 2634.16113 35260.83982 8.7427 21044.0 16.756 20628.0 12.773 "" "" 0.0027684397694563625 0.0029210295 0.0038387117 0.0067597413 314.5671884559 45.81573532469 2533.53931 -2.8860000000000054 -2.937000000000002 0.022869504928588746 -0.0580434436798094 0.1135479 0.1135479 "" "" 0.7491960987493773 "" 0.08506964282386328 "" 0.98
314.96035322157 45.86222848936 0.0138 0.015 4.4835 "" "" 2163523362307304832 2651.11841 0.3521 0.0171 -3.012 -2.878 0.019 0.021 0.964 "" "" 14.656105 0.689595 14.919062 14.229466 "" "" 2539.43408 2761.95337 25852.62919 6.014 14716.0 12.722 16120.0 12.215 "" "" 0.0027668721285754247 0.0029438166 0.0038678932 0.00681171 314.96035322157 45.86222848936 2651.11841 -3.0120000000000005 -2.878 -0.10313049507141114 0.000956556320190316 0.1165479 0.118547894 "" "" 1.2960246150231944 "" 0.15104916882071423 "" 0.98
314.81062929931 45.91075514523 0.0154 0.0154 3.885 "" "" 2163504189572722688 2589.15308 0.3627 0.0175 -2.746 -2.841 0.02 0.021 0.984 9819.5 4.2193 14.700128 0.556033 14.906703 14.35067 "" "" 2495.64722 2689.71411 24825.36982 8.0362 14885.0 17.86 14418.0 11.315 "" "" 0.002777645666748202 0.0030793138 0.0038742414 0.006953555 314.81062929931 45.91075514523 2589.15308 -2.7459999999999996 -2.841 0.16286950492858887 0.03795655632019024 0.1175479 0.118547894 "" "" 2.052392297584503 "" 0.24136055615447014 "" 0.83
314.77679586981 46.00536112375 0.018 0.017 9.6672 "" "" 2163516623480189824 2823.53516 0.3293 0.0208 -2.969 -2.794 0.022 0.021 0.924 8627.7 3.5869 15.106564 0.829414 15.42018 14.590766 "" "" 2673.97046 2957.41675 17073.44308 4.9404 9275.7 12.538 11557.0 13.228 "" "" 0.0027731737186651147 0.0031525989 0.003978452 0.0071310513 314.77679586981 46.00536112375 2823.53516 -2.969000000000004 -2.7940000000000005 -0.060130495071410994 0.08495655632019039 0.119547896 0.118547894 "" "" 1.3930021427786043 "" 0.16560369697997843 "" 0.97
314.85380405418 45.79476184513 0.0173 0.0194 3.5186 "" "" 2163499546688960256 2604.51978 0.3579 0.0212 -2.693 -2.989 0.023 0.025 0.927 9095.7 4.2682 15.249394 0.840543 15.583405 14.742862 "" "" 2469.46899 2752.88989 14968.87351 4.2712 7981.0 10.589 10046.0 10.698 "" "" 0.002772682288359349 0.003140091 0.0039522815 0.0070923725 314.85380405418 45.79476184513 2604.51978 -2.693000000000003 -2.989 0.2158695049285888 -0.11004344367980945 0.1205479 0.122547895 "" "" 2.991293951212471 "" 0.36183628251730093 "" 0.83
314.62446973087 45.94329440086 0.0182 0.0185 10.9906 "" "" 2163515493926406144 2883.83032 0.3202 0.0214 -2.764 -2.843 0.024 0.023 0.995 7948.8 3.6236 15.284183 0.786483 15.579445 14.792962 "" "" 2738.3457 3074.15308 14496.83434 3.9244 8010.1 12.886 9593.4 35.406 "" "" 0.0027709522723644298 0.00329178 0.0055082175 0.008799997 314.62446973087 45.94329440086 2883.83032 -2.7639999999999993 -2.843 0.14486950492858908 0.03595655632019046 0.12154789 0.1205479 "" "" 2.040356709633663 "" 0.24788311953700953 "" 0.95
314.95638486026 45.87356459143 0.0184 0.0196 4.4533 "" "" 2163523426707614848 2582.32324 0.3665 0.0224 -3.002 -2.876 0.025 0.028 0.98 9242.6 4.1353 15.345946 0.859391 15.678989 14.819598 "" "" 2432.51465 2748.68579 13695.18965 3.6423 7308.4 15.309 9360.9 20.457 "" "" 0.0027704096795476297 0.0035996549 0.004462464 0.008062119 314.95638486026 45.87356459143 2582.32324 -3.002000000000002 -2.8759999999999986 -0.09313049507141091 0.00295655632019054 0.122547895 0.1255479 "" "" 1.1405113063160568 "" 0.139770746480557 "" 0.96
314.79232039566 45.93740468099 0.0224 0.0227 5.6563 "" "" 2163504395731148160 2864.1709 0.3242 0.0266 -2.998 -2.842 0.03 0.031 0.956 7594.2 4.0398 15.665071 0.919526 16.029078 15.109551 "" "" 2671.05933 3190.42407 10207.47981 3.6808 5294.0 10.609 7167.0 14.643 "" "" 0.0027829971455225963 0.0035382288 0.0043822946 0.007920523 314.79232039566 45.93740468099 2864.1709 -2.9980000000000007 -2.8419999999999987 -0.08913049507141135 0.03695655632019035 0.12754789 0.12854789 "" "" 1.3099443961793045 "" 0.16727345573730365 "" 0.95
314.91407768001 45.86081483594 0.021 0.023 2.5574 "" "" 2163500135123654016 2586.32959 0.3607 0.0251 -2.973 -2.869 0.028 0.031 1.012 7671.8 4.2372 15.685329 0.88241 15.977342 15.094932 "" "" 2429.45679 2830.0603 10018.78579 3.3441 5552.4 42.97 7264.2 27.676 "" "" 0.002779050796626531 0.008853653 0.0056031146 0.014456768 314.91407768001 45.86081483594 2586.32959 -2.9729999999999963 -2.8690000000000024 -0.064130495071411 0.009956556320190213 0.1255479 0.12854789 "" "" 0.7956074370580858 "" 0.09994367629004713 "" 0.89
314.98190383991 45.85631968452 0.025 0.0271 5.3558 "" "" 2163522709472293888 2697.91016 0.3532 0.0316 -3.017 -2.878 0.033 0.038 0.944 8305.2 4.373 15.914853 1.018361 16.334555 15.316194 "" "" 2500.60156 2927.19946 8109.71035 3.2539 3995.7 8.4165 5924.9 9.1067 "" "" 0.002789546130161078 0.003607678 0.0041314187 0.007739097 314.98190383991 45.85631968452 2697.91016 -3.0170000000000012 -2.878 -0.10813049507141104 0.000956556320190316 0.1305479 0.13554789 "" "" 1.3828370577203677 "" 0.18052701983691213 "" 0.94
314.7966885278 45.8560865876 0.0232 0.0253 2.3924 "" "" 2163502918262346112 2807.76074 0.3344 0.0274 -2.764 -2.939 0.031 0.034 0.979 7171.3 4.344 15.947124 1.018383 16.371431 15.353048 "" "" 2621.0957 3017.57593 7872.21864 2.6582 3862.3 8.4754 5727.2 7.4935 "" "" 0.0027796040720269367 0.0036689916 0.0040375465 0.007706538 314.7966885278 45.8560865876 2807.76074 -2.764 -2.939 0.14486950492858908 -0.06004344367980963 0.12854789 0.1315479 "" "" 2.0870785522346473 "" 0.2692165491087676 "" 0.88
314.73733097852 45.74873934832 0.0242 0.0309 7.9483 "" "" 2163500474407946752 2755.50757 0.3432 0.0307 -2.972 -2.88 0.033 0.038 1.063 15047.4 4.3269 16.117807 1.095708 16.524227 15.428519 "" "" 2575.68237 3004.13403 6727.03185 2.8044 3355.3 30.283 5342.6 26.716 "" "" 0.002792250149873152 0.010188715 0.006615204 0.016803918 314.73733097852 45.74873934832 2755.50757 -2.9719999999999995 -2.88 -0.06313049507141111 -0.0010434436798094637 0.1305479 0.13554789 "" "" 0.8246667014328035 "" 0.10765965048676149 "" 0.8
314.63777960358 45.75271868671 0.0299 0.0329 10.8695 "" "" 2163495530918251392 2496.66284 0.3802 0.0366 -2.802 -2.954 0.042 0.042 0.97 7436.8 4.3579 16.546022 1.207547 17.065882 15.858335 "" "" 2301.82446 2741.07251 4534.58827 1.9725 2037.3 7.0678 3596.0 8.0558 "" "" 0.0027955038506851885 0.0046874927 0.004494408 0.009181901 314.63777960358 45.75271868671 2496.66284 -2.8019999999999987 -2.9539999999999997 0.10686950492858882 -0.07504344367980975 0.1395479 0.1395479 "" "" 1.5453742190157038 "" 0.21565372599712584 "" 0.81
