Clusters/ASCC_9/ASCC_9_stars_in_region.tsv
# %ECSV 1.0
# ---
# datatype:
# - name: RA_ICRS_1
#   unit: deg
#   datatype: float64
#   format: '{:15.11f}'
#   description: Right ascension (ICRS) at Ep=2016.0 (ra)
#   meta: !!omap
#   - {ucd: POS_EQ_RA_MAIN}
#   - {width: 15}
#   - {precision: '11'}
# - name: DE_ICRS_1
#   unit: deg
#   datatype: float64
#   format: '{:15.11f}'
#   description: Declination (ICRS) at Ep=2016.0 (dec)
#   meta: !!omap
#   - {ucd: POS_EQ_DEC_MAIN}
#   - {width: 15}
#   - {precision: '11'}
# - name: e_RA_ICRS
#   unit: mas
#   datatype: float64
#   format: '{:7.4f}'
#   description: Standard error of right ascension (ra_error)
#   meta: !!omap
#   - {ucd: ERROR}
#   - {width: 7}
#   - {precision: '4'}
# - name: e_DE_ICRS
#   unit: mas
#   datatype: float64
#   format: '{:7.4f}'
#   description: Standard error of declination (dec_error)
#   meta: !!omap
#   - {ucd: ERROR}
#   - {width: 7}
#   - {precision: '4'}
# - name: _r_1
#   unit: ''
#   datatype: float64
#   format: '{:7.4f}'
#   description: Distance from center (041.67951557000+57.76269821000)[ICRS], at Epoch=J2016.0
#   meta: !!omap
#   - {ucd: POS_ANG_DIST_GENERAL}
#   - {width: 7}
#   - {precision: '4'}
# - name: HIP
#   datatype: int32
#   description: '? HIP cross-id number, van Leeuwen, Cat. I/311 (hip_original_ext_source_id)'
#   meta: !!omap
#   - {ucd: ID_NUMBER}
#   - {width: 6}
#   - values: {'null': -2147483648}
# - name: TYC2
#   datatype: string
#   description: Tycho-2 cross-id name, Hog et al., Cat. I/259 (tyc2_original_ext_source_id)
#   meta: !!omap
#   - {ucd: ID_CROSSID}
#   - {_votable_string_dtype: char}
# - name: Source
#   datatype: int64
#   description: Source identifier, identical to the Gaia-EDR3 source_id (id)
#   meta: !!omap
#   - {ucd: ID_MAIN}
#   - {width: 19}
# - name: rgeo
#   unit: pc
#   datatype: float64
#   format: '{:15.8f}'
#   description: '? Median of the geometric distance posterior (r_med_geo)'
#   meta: !!omap
#   - {ucd: PHYS_DISTANCE_TRUE}
#   - {width: 15}
#   - {precision: '8'}
#   - values: {'null': .nan}
# - name: Plx
#   unit: mas
#   datatype: float64
#   format: '{:9.4f}'
#   description: '? Parallax (parallax)'
#   meta: !!omap
#   - {ucd: POS_PARLX_TRIG}
#   - {width: 9}
#   - {precision: '4'}
#   - values: {'null': .nan}
# - name: e_Plx
#   unit: mas
#   datatype: float32
#   format: '{:7.4f}'
#   description: '? Standard error of parallax (parallax_error)'
#   meta: !!omap
#   - {ucd: ERROR}
#   - {width: 7}
#   - {precision: '4'}
#   - values: {'null': .nan}
# - name: pmRA
#   unit: mas / yr
#   datatype: float64
#   format: '{:9.3f}'
#   description: '? Proper motion in right ascension direction, pmRA*cosDE (pmra)'
#   meta: !!omap
#   - {ucd: POS_EQ_PMRA}
#   - {width: 9}
#   - {precision: '3'}
#   - values: {'null': .nan}
# - name: pmDE
#   unit: mas / yr
#   datatype: float64
#   format: '{:9.3f}'
#   description: '? Proper motion in declination direction (pmdec)'
#   meta: !!omap
#   - {ucd: POS_EQ_PMDEC}
#   - {width: 9}
#   - {precision: '3'}
#   - values: {'null': .nan}
# - name: e_pmRA
#   unit: mas / yr
#   datatype: float32
#   format: '{:6.3f}'
#   description: '? Standard error of proper motion in right ascension direction (pmra_error)'
#   meta: !!omap
#   - {ucd: ERROR}
#   - {width: 6}
#   - {precision: '3'}
#   - values: {'null': .nan}
# - name: e_pmDE
[...]
#         value: !astropy.table.SerializedColumn {name: SkyCoord.dec}
#       distance: !astropy.table.SerializedColumn
#         __class__: astropy.coordinates.distances.Distance
#         unit: !astropy.units.Unit {unit: pc}
#         value: !astropy.table.SerializedColumn {name: SkyCoord.distance}
#       frame: icrs
#       obstime: !astropy.time.Time {format: jyear_str, in_subfmt: '*', jd1: 367701545.0, jd2: 0.0, out_subfmt: '*', precision: 3, scale: tt}
#       pm_dec: !astropy.table.SerializedColumn
#         __class__: astropy.units.quantity.Quantity
#         unit: !astropy.units.Unit {unit: mas / yr}
#         value: !astropy.table.SerializedColumn {name: SkyCoord.pm_dec}
#       pm_ra_cosdec: !astropy.table.SerializedColumn
#         __class__: astropy.units.quantity.Quantity
#         unit: !astropy.units.Unit {unit: mas / yr}
#         value: !astropy.table.SerializedColumn {name: SkyCoord.pm_ra_cosdec}
#       ra: !astropy.table.SerializedColumn
#         __class__: astropy.coordinates.angles.Longitude
#         unit: *id001
#         value: !astropy.table.SerializedColumn {name: SkyCoord.ra}
#         wrap_angle: !astropy.coordinates.Angle
#           unit: *id001
#           value: 360.0
#       representation_type: spherical
# schema: astropy-2.0
RA_ICRS_1 DE_ICRS_1 e_RA_ICRS e_DE_ICRS _r_1 HIP TYC2 Source rgeo Plx e_Plx pmRA pmDE e_pmRA e_pmDE RUWE Teff logg Gmag BP-RP BPmag RPmag RV e_RV b_rgeo B_rgeo FG e_FG FBP e_FBP FRP e_FRP RAVE5 RAVE6 e_Gmag e_BPmag e_RPmag e_BP-RP SkyCoord.ra SkyCoord.dec SkyCoord.distance SkyCoord.pm_ra_cosdec SkyCoord.pm_dec rmRA rmDE e_rmRA e_rmDE rRV e_rRV v_pec v_pec3d e_vpec e_vpec3d
[from data line 662]
42.28716331769 58.04323730716 0.0308 0.0327 25.6635 "" "" 460992141400709632 2514.62134 0.3785 0.0431 0.143 -1.137 0.041 0.045 1.034 8726.5 4.2821 16.225687 1.379582 16.8374 15.457819 "" "" 2259.10767 2755.1001 6090.76813 2.6903 2514.5 11.351 5200.3 9.4058 "" "" 0.0027967441373126633 0.005639795 0.004259124 0.00989892 42.28716331769 58.04323730716 2514.62134 0.14300000000000024 -1.137000000000001 0.044947371661663044 -0.0009473915100097763 0.15818742 0.16218743 "" "" 0.5358604332352724 "" 0.08476734285445292 ""
41.23136589292 57.63878728696 0.0311 0.0368 16.1774 "" "" 460877684811159936 2102.32837 0.4516 0.049 1.706 -3.257 0.042 0.048 0.926 8064.9 4.4096 16.226719 1.822329 17.114855 15.292526 "" "" 1923.67786 2313.16846 6084.97794 2.9306 1947.5 7.6331 6055.5 11.387 "" "" 0.0028044995677058778 0.005088624 0.0042955917 0.009384216 41.23136589292 57.63878728696 2102.32837 1.7059999999999989 -3.2570000000000046 1.607947371661663 -2.12094739151001 0.15918742 0.16518742 "" "" 26.522562983383107 "" 4.3237911000777105 ""
42.19548461035 57.88226380629 0.0288 0.0333 17.9797 "" "" 460896346449511808 2766.4397 0.3349 0.042 -1.279 -0.458 0.04 0.046 0.982 8529.6 4.1885 16.229094 1.655479 17.007952 15.352473 "" "" 2483.72241 3067.18457 6071.69032 2.725 2149.0 8.1778 5730.2 8.5061 "" "" 0.002798076849678977 0.004985544 0.0041086874 0.009094231 42.19548461035 57.88226380629 2766.4397 -1.279 -0.4580000000000002 -1.3770526283383369 0.6780526084899903 0.15718743 0.16318743 "" "" 20.127502619589205 "" 3.187715818795902 ""
41.38280642703 57.79794783415 0.0287 0.0341 9.7245 "" "" 463905950294967936 2036.48352 0.4607 0.0439 2.559 -0.607 0.039 0.046 1.011 5757.5 4.1929 16.230537 1.636163 16.865646 15.229484 "" "" 1852.76196 2250.92749 6063.62003 3.7622 2450.0 34.643 6417.5 115.23 "" "" 0.0028364755513258723 0.015603797 0.019857999 0.035461795 41.38280642703 57.79794783415 2036.48352 2.5589999999999975 -0.6069999999999992 2.460947371661663 0.5290526084899903 0.15618743 0.16318743 "" "" 24.29809705065677 "" 3.802731437336881 ""
41.34854116589 57.55690391098 0.0311 0.0369 16.2885 "" "" 460876246002411008 2314.42261 0.4276 0.0478 0.033 -1.255 0.048 0.05 0.98 9363.5 4.176 16.230965 1.377494 16.843004 15.46551 "" "" 2032.42847 2564.47021 6061.23262 2.8097 2501.6 12.555 5163.6 8.6004 "" "" 0.002800909863475416 0.0061218883 0.0041897465 0.010311635 41.34854116589 57.55690391098 2314.42261 0.03300000000000014 -1.255 -0.06505262833833694 -0.11894739151000966 0.16518742 0.16718742 "" "" 1.4872967013572853 "" 0.24797559896295102 ""
41.34845750836 57.96852082523 0.029 0.0335 16.2523 "" "" 463911069895879424 2334.96558 0.3986 0.0429 -0.809 1.184 0.041 0.045 0.991 9159.8 4.4924 16.232008 1.501356 16.916075 15.414719 "" "" 2138.32837 2582.42798 6055.40999 2.8463 2338.8 12.142 5410.9 10.499 "" "" 0.0028021845862016698 0.0062894295 0.0043268823 0.010616312 41.34845750836 57.96852082523 2334.96558 -0.809 1.1840000000000006 -0.907052628338337 2.3200526084899904 0.15818742 0.16218743 "" "" 27.570415778430405 "" 4.4571099382003965 ""
41.6871555042 57.99395909024 0.0298 0.0354 13.8778 "" "" 460912426806823936 2470.56787 0.3791 0.042 -0.187 -1.112 0.041 0.049 1.051 7712.6 4.2202 16.232124 1.498228 16.91764 15.419413 "" "" 2218.84033 2791.06128 6054.75604 2.6882 2335.4 8.2315 5387.6 10.029 "" "" 0.0027971697377750064 0.004736018 0.0042858548 0.009021873 41.6871555042 57.99395909024 2470.56787 -0.18700000000000006 -1.112 -0.28505262833833694 0.024052608489990135 0.15818742 0.16618742 "" "" 3.3499688640835563 "" 0.5301171469665915 ""
41.61941086612 57.79222134343 0.03 0.0357 2.6145 "" "" 460902874799932416 2358.50049 0.4005 0.043 0.215 -1.016 0.042 0.052 1.063 9485.0 4.2411 16.232588 1.319554 16.800898 15.481343 "" "" 2147.70435 2631.31982 6052.17835 2.556 2600.5 10.794 5088.9 11.691 "" "" 0.0027932140407670412 0.005300431 0.004528284 0.009828715 41.61941086612 57.79222134343 2358.50049 0.21500000000000014 -1.0160000000000005 0.11694737166166305 0.12005260848999022 0.15918742 0.16918743 "" "" 1.8736346034532843 "" 0.30801508558970003 ""
42.16122735245 57.51240024153 0.032 0.0363 21.5611 "" "" 460835628493798144 2547.99414 0.3669 0.0469 -0.181 -1.158 0.045 0.048 1.08 "" "" 16.23848 1.787677 17.061056 15.273379 "" "" 2292.4834 2864.44434 6019.42208 3.7314 2046.4 7.5957 6163.2 14.917 "" "" 0.0028363309272599257 0.0049016005 0.0046031824 0.009504783 42.16122735245 57.51240024153 2547.99414 -0.18100000000000016 -1.158 -0.27905262833833694 -0.021947391510009684 0.16218743 0.16518742 "" "" 3.380663688306884 "" 0.5483640692799727 ""
40.9830034317 57.63220161976 0.0297 0.0392 23.6652 "" "" 463874889091585920 2447.94629 0.3817 0.0459 -0.923 -0.166 0.043 0.054 0.945 9400.5 4.186 16.240622 1.431344 16.886673 15.455329 "" "" 2199.1709 2738.95312 6007.55481 2.6908 2403.0 9.2322 5212.3 10.806 "" "" 0.0027979065604708344 0.005018479 0.0043989047 0.009417384 40.9830034317 57.63220161976 2447.94629 -0.923 -0.16600000000000006 -1.021052628338337 0.9700526084899902 0.16018742 0.17118743 "" "" 16.34187412587722 "" 2.704531720261912 ""
41.6946243044 57.37591651574 0.0336 0.0409 23.212 "" "" 460855801958752256 2359.7229 0.412 0.0515 0.284 -1.519 0.046 0.059 1.001 9316.8 4.0206 16.24254 1.751343 17.077347 15.326004 "" "" 2113.69116 2635.02686 5996.95064 3.4736 2015.9 8.9926 5871.6 10.553 "" "" 0.0028261794187601345 0.0055895015 0.0042534275 0.0098429285 41.6946243044 57.37591651574 2359.7229 0.28400000000000003 -1.519 0.18594737166166303 -0.38294739151000967 0.16318743 0.17618743 "" "" 4.761552295212257 "" 0.8274730770634185 ""
41.20728956462 57.92293209066 0.0321 0.0407 17.8842 "" "" 463910657579061376 2548.62891 0.3709 0.0471 0.987 0.012 0.045 0.056 1.011 8308.9 4.3171 16.244295 1.500686 16.931376 15.43069 "" "" 2261.38232 2865.60669 5987.27074 3.4832 2306.0 10.584 5331.9 10.714 "" "" 0.0028267943350309627 0.0057112235 0.004363888 0.010075111 41.20728956462 57.92293209066 2548.62891 0.9870000000000001 0.011999999999999813 0.888947371661663 1.1480526084899902 0.16218743 0.17318743 "" "" 17.540672102862647 "" 2.96697281194843 ""
42.0848394946 58.05609908796 0.0287 0.0378 21.8363 "" "" 461004545266274048 2440.79956 0.3916 0.0436 0.769 -0.655 0.04 0.053 0.99 9564.1 4.3236 16.252462 1.289618 16.804617 15.514999 "" "" 2189.55884 2783.40308 5942.39645 2.9129 2591.6 15.182 4933.5 15.208 "" "" 0.0028062508253027317 0.0069454946 0.0050483057 0.0119938 42.0848394946 58.05609908796 2440.79956 0.7689999999999997 -0.6549999999999998 0.6709473716616631 0.4810526084899902 0.15718743 0.17018743 "" "" 9.551454482072854 "" 1.544646148237661 ""
41.16979568528 57.4246194606 0.0319 0.0371 26.0787 "" "" 460869133536615936 2690.47266 0.3522 0.0455 1.461 0.396 0.044 0.052 1.043 8659.3 4.3968 16.253065 1.634412 17.021854 15.387443 "" "" 2425.88721 3005.27148 5939.1013 2.557 2121.7 11.347 5548.6 13.776 "" "" 0.0027946910410595978 0.006442171 0.004642227 0.011084398 41.16979568528 57.4246194606 2690.47266 1.4610000000000003 0.3959999999999998 1.3629473716616631 1.5320526084899901 0.16118743 0.16918743 "" "" 26.150509266680526 "" 4.333159574879155 ""
41.78824179135 57.42314373951 0.0348 0.0402 20.6711 "" "" 460857623024830720 2134.19629 0.4549 0.0519 0.811 -2.095 0.054 0.056 0.986 7981.2 4.191 16.254673 2.061899 17.292593 15.230694 "" "" 1903.64087 2422.09546 5930.31511 3.5186 1653.4 10.583 6410.3 13.333 "" "" 0.0028296245060511253 0.007488722 0.0044026654 0.011891387 41.78824179135 57.42314373951 2134.19629 0.8109999999999998 -2.0950000000000006 0.7129473716616631 -0.95894739151001 0.17118743 0.17318743 "" "" 12.08808912525685 "" 2.08493103873427 ""
41.73715981232 57.39737122118 0.0366 0.0438 21.9979 "" "" 460857313787214336 2295.76221 0.4042 0.0546 3.502 -5.669 0.05 0.064 0.933 6713.7 3.8876 16.255037 2.463795 17.591803 15.128008 "" "" 2048.0769 2573.10156 5928.32339 3.7049 1255.2 9.6168 7046.2 14.765 "" "" 0.0028376384641990407 0.008773912 0.0044113332 0.013185245 41.73715981232 57.39737122118 2295.76221 3.5019999999999976 -5.669000000000002 3.403947371661663 -4.532947391510009 0.16718742 0.18118742 "" "" 61.68659713191574 "" 10.873349418905562 ""
42.08739059594 58.0087105913 0.0307 0.0379 19.6757 "" "" 461003583194491264 2464.66187 0.3833 0.0437 -1.253 1.044 0.043 0.057 0.999 8577.4 4.2578 16.256151 1.621306 17.022726 15.401421 "" "" 2247.99902 2789.24902 5922.2477 2.9694 2120.0 8.3496 5477.6 14.347 "" "" 0.0028085841320233174 0.0051059383 0.0047297757 0.0098357145 42.08739059594 58.0087105913 2464.66187 -1.252999999999999 1.0439999999999985 -1.3510526283383368 2.1800526084899903 0.16018742 0.17418742 "" "" 29.96275322320413 "" 5.106187950938671 ""
41.11391245665 57.56931886819 0.032 0.0359 21.5424 "" "" 463873652141019392 2027.98145 0.4655 0.0488 -0.104 -1.485 0.047 0.048 1.02 9424.3 4.2714 16.258032 1.752838 17.098318 15.34548 "" "" 1828.34155 2281.12817 5911.98972 2.7554 1977.4 10.017 5767.2 13.522 "" "" 0.0028014022523417015 0.00616731 0.004556765 0.010724075 41.11391245665 57.56931886819 2027.98145 -0.1040000000000002 -1.4849999999999985 -0.20205262833833693 -0.34894739151000986 0.16418743 0.16518742 "" "" 3.876043388626867 "" 0.6393025718824382 ""
41.09308322429 57.66938522476 0.0374 0.0508 19.6095 "" "" 463880798966564992 2117.77539 0.4471 0.0597 -3.161 0.199 0.054 0.07 1.224 "" "" 16.259539 1.934245 17.199398 15.265153 "" "" 1916.09644 2393.18994 5903.798 4.4594 1801.6 9.2481 6210.1 10.772 "" "" 0.00287478016463798 0.006232783 0.004222628 0.010455411 41.09308322429 57.66938522476 2117.77539 -3.1610000000000005 0.19900000000000057 -3.259052628338337 1.3350526084899903 0.17118743 0.18718743 "" "" 35.353745609105445 "" 6.136608281666972 ""
42.33110996759 57.56861022945 0.0299 0.0347 23.9345 "" "" 460841336508624384 2538.74585 0.3711 0.0423 0.249 -1.248 0.044 0.049 0.973 9390.9 4.2723 16.26019 1.415431 16.89327 15.477839 "" "" 2295.36743 2822.40723 5900.26392 2.6301 2388.4 11.086 5105.3 10.244 "" "" 0.0027975030953007974 0.0057603954 0.0043623294 0.010122725 42.33110996759 57.56861022945 2538.74585 0.2490000000000001 -1.248 0.15094737166166305 -0.11194739151000976 0.16118743 0.16618742 "" "" 2.26147340259436 "" 0.3685731566997415 ""
41.63757226706 57.52537793119 0.0514 0.0647 14.3028 "" "" 460862227229699968 2248.64429 0.4287 0.0735 1.67 -1.418 0.066 0.085 1.365 "" "" 16.26438 1.444943 16.540392 15.095448 "" "" 1913.2063 2642.75415 5877.53466 4.5938 3305.7 18.879 7260.7 16.587 "" "" 0.0028830375015190548 0.0067995274 0.0045206062 0.011320134 41.63757226706 57.52537793119 2248.64429 1.6700000000000002 -1.4179999999999986 1.571947371661663 -0.2819473915100097 0.18318743 0.20218742 "" "" 17.022089193436436 "" 3.1288178191558287 ""
41.58977755167 57.71936428121 0.0652 0.0758 3.8755 "" "" 460899301381472000 2264.63354 0.4543 0.0965 0.225 -1.21 0.094 0.11 2.178 "" "" 16.26488 1.932599 16.99965 15.06705 "" "" 1858.80566 2765.80322 5874.82253 4.9075 2165.5 17.097 7453.1 20.873 "" "" 0.0029007537461883527 0.009014741 0.004850724 0.013865464 41.58977755167 57.71936428121 2264.63354 0.22499999999999998 -1.21 0.12694737166166306 -0.07394739151000973 0.21118742 0.22718742 "" "" 1.5770328967671123 "" 0.33961946966684065 ""
41.51270070665 57.52865848935 0.0312 0.0389 15.0292 "" "" 460873772101806976 2251.05566 0.4218 0.0507 0.176 0.491 0.045 0.054 0.983 7827.9 4.2966 16.26708 1.743732 17.107931 15.364199 "" "" 2067.09277 2515.49731 5862.93267 2.7304 1959.9 8.9559 5668.6 8.9112 "" "" 0.00280133083336558 0.005692101 0.004146917 0.009839018 41.51270070665 57.52865848935 2251.05566 0.176 0.4910000000000001 0.07794737166166305 1.6270526084899903 0.16218743 0.17118743 "" "" 17.3805682815175 "" 2.974986034257087 ""
42.35006985839 57.94936692599 0.0302 0.0342 24.1589 "" "" 460990629572279936 1916.64697 0.5093 0.0424 -0.977 -1.079 0.041 0.045 1.026 8219.2 4.1597 16.27453 1.636362 17.042297 15.405935 "" "" 1768.52234 2068.49219 5822.83685 2.71 2082.1 10.848 5454.9 13.853 "" "" 0.002801272720197502 0.0063075083 0.0046782834 0.010985792 42.35006985839 57.94936692599 1916.64697 -0.9770000000000001 -1.0789999999999997 -1.0750526283383368 0.057052608489990275 0.15818742 0.16218743 "" "" 9.780496542389495 "" 1.5472627646924801 ""
41.66778551648 57.51682168138 0.0327 0.0417 14.7574 "" "" 460861986711535744 2261.79785 0.4157 0.0532 0.048 -2.259 0.049 0.059 0.966 7958.5 4.1218 16.275326 1.775471 17.133894 15.358423 "" "" 2052.67065 2573.00562 5818.56874 3.2739 1913.6 11.339 5698.9 9.0994 "" "" 0.0028222321124759028 0.007012495 0.004158011 0.0111705065 41.66778551648 57.51682168138 2261.79785 0.04799999999999982 -2.259 -0.050052628338336944 -1.1229473915100097 0.16618742 0.17618743 "" "" 12.050984291039978 "" 2.122999725694488 ""
41.23554880079 57.97202888351 0.0312 0.0394 18.9337 "" "" 463911241694579840 1955.54053 0.4922 0.0454 -1.453 -1.884 0.044 0.057 1.023 7315.0 4.2916 16.280151 1.608151 17.032963 15.424812 "" "" 1800.6394 2150.17236 5792.76978 3.0749 2100.1 10.594 5360.8 7.861 "" "" 0.00281494978675297 0.0061467704 0.004101041 0.010247812 41.23554880079 57.97202888351 1955.54053 -1.4529999999999998 -1.8839999999999997 -1.551052628338337 -0.7479473915100097 0.16118743 0.17418742 "" "" 15.961415167315115 "" 2.6131882511294084 ""
41.51964897383 57.47771411402 0.033 0.0398 17.8539 "" "" 460860234364934656 2249.57886 0.419 0.0541 -0.866 -0.157 0.047 0.056 1.035 6678.1 4.0641 16.280281 2.141484 17.386225 15.244741 "" "" 1997.70166 2532.99976 5792.07897 2.9148 1516.8 10.97 6327.9 10.942 "" "" 0.0028089723560784188 0.008333384 0.0042200037 0.012553388 41.51964897383 57.47771411402 2249.57886 -0.866 -0.15700000000000003 -0.9640526283383369 0.9790526084899902 0.16418743 0.17318743 "" "" 14.651221296191267 "" 2.473373435965177 ""
41.57671387391 57.82941349289 0.0298 0.0364 5.1797 "" "" 460904627146229888 2453.79858 0.3834 0.0443 0.094 -1.111 0.042 0.05 1.03 8992.9 4.4803 16.282991 1.542444 16.995771 15.453327 "" "" 2204.29102 2672.60083 5777.63647 2.7161 2173.2 9.3754 5221.9 9.2946 "" "" 0.0028021970966083465 0.005452032 0.004244809 0.009696841 41.57671387391 57.82941349289 2453.79858 0.09399999999999925 -1.1109999999999998 -0.004052628338336944 0.025052608489990247 0.15918742 0.16718742 "" "" 0.29517488384791607 "" 0.04929071673855466 ""
41.66345903014 57.98859103259 0.0308 0.0369 13.5632 "" "" 460912461166562560 2411.58398 0.3923 0.0427 -0.171 -0.737 0.042 0.05 1.058 9357.6 4.2994 16.287966 1.315139 16.868807 15.553668 "" "" 2207.22534 2676.37769 5751.22697 2.5566 2442.8 9.3108 4760.9 10.004 "" "" 0.0027972726503551555 0.0049910606 0.0044146 0.00940566 41.66345903014 57.98859103259 2411.58398 -0.1710000000000001 -0.737 -0.269052628338337 0.39905260848999025 0.15918742 0.16718742 "" "" 5.501489554814584 "" 0.906254972461932 ""
41.24158234361 57.43041470483 0.032 0.0371 24.4079 "" "" 460866247318587264 2705.89551 0.3706 0.0469 -1.356 -0.578 0.044 0.052 0.979 9537.6 4.3461 16.290642 1.651047 17.068304 15.417257 "" "" 2349.29321 3334.35474 5737.0731 2.7283 2032.8 8.9213 5398.3 9.5194 "" "" 0.002803281017046622 0.005521751 0.004236673 0.009758424 41.24158234361 57.43041470483 2705.89551 -1.3559999999999999 -0.577999999999999 -1.454052628338337 0.5580526084899903 0.16118743 0.16918743 "" "" 19.975937480963715 "" 3.2408277749583894 ""
