Clusters/ASCC_9/ASCC_9_stars_in_region.tsv
# %ECSV 1.0
# ---
# datatype:
# - name: RA_ICRS_1
#   unit: deg
#   datatype: float64
#   format: '{:15.11f}'
#   description: Right ascension (ICRS) at Ep=2016.0 (ra)
#   meta: !!omap
#   - {ucd: POS_EQ_RA_MAIN}
#   - {width: 15}
#   - {precision: '11'}
# - name: DE_ICRS_1
#   unit: deg
#   datatype: float64
#   format: '{:15.11f}'
#   description: Declination (ICRS) at Ep=2016.0 (dec)
#   meta: !!omap
#   - {ucd: POS_EQ_DEC_MAIN}
#   - {width: 15}
#   - {precision: '11'}
# - name: e_RA_ICRS
#   unit: mas
#   datatype: float64
#   format: '{:7.4f}'
#   description: Standard error of right ascension (ra_error)
#   meta: !!omap
#   - {ucd: ERROR}
#   - {width: 7}
#   - {precision: '4'}
# - name: e_DE_ICRS
#   unit: mas
#   datatype: float64
#   format: '{:7.4f}'
#   description: Standard error of declination (dec_error)
#   meta: !!omap
#   - {ucd: ERROR}
#   - {width: 7}
#   - {precision: '4'}
# - name: _r_1
#   unit: ''
#   datatype: float64
#   format: '{:7.4f}'
#   description: Distance from center (041.67951557000+57.76269821000)[ICRS], at Epoch=J2016.0
#   meta: !!omap
#   - {ucd: POS_ANG_DIST_GENERAL}
#   - {width: 7}
#   - {precision: '4'}
# - name: HIP
#   datatype: int32
#   description: '? HIP cross-id number, van Leeuwen, Cat. I/311 (hip_original_ext_source_id)'
#   meta: !!omap
#   - {ucd: ID_NUMBER}
#   - {width: 6}
#   - values: {'null': -2147483648}
# - name: TYC2
#   datatype: string
#   description: Tycho-2 cross-id name, Hog et al., Cat. I/259 (tyc2_original_ext_source_id)
#   meta: !!omap
#   - {ucd: ID_CROSSID}
#   - {_votable_string_dtype: char}
# - name: Source
#   datatype: int64
#   description: Source identifier, identical to the Gaia-EDR3 source_id (id)
#   meta: !!omap
#   - {ucd: ID_MAIN}
#   - {width: 19}
# - name: rgeo
#   unit: pc
#   datatype: float64
#   format: '{:15.8f}'
#   description: '? Median of the geometric distance posterior (r_med_geo)'
#   meta: !!omap
#   - {ucd: PHYS_DISTANCE_TRUE}
#   - {width: 15}
#   - {precision: '8'}
#   - values: {'null': .nan}
# - name: Plx
#   unit: mas
#   datatype: float64
#   format: '{:9.4f}'
#   description: '? Parallax (parallax)'
#   meta: !!omap
#   - {ucd: POS_PARLX_TRIG}
#   - {width: 9}
#   - {precision: '4'}
#   - values: {'null': .nan}
# - name: e_Plx
#   unit: mas
#   datatype: float32
#   format: '{:7.4f}'
#   description: '? Standard error of parallax (parallax_error)'
#   meta: !!omap
#   - {ucd: ERROR}
#   - {width: 7}
#   - {precision: '4'}
#   - values: {'null': .nan}
# - name: pmRA
#   unit: mas / yr
#   datatype: float64
#   format: '{:9.3f}'
#   description: '? Proper motion in right ascension direction, pmRA*cosDE (pmra)'
#   meta: !!omap
#   - {ucd: POS_EQ_PMRA}
#   - {width: 9}
#   - {precision: '3'}
#   - values: {'null': .nan}
# - name: pmDE
#   unit: mas / yr
#   datatype: float64
#   format: '{:9.3f}'
#   description: '? Proper motion in declination direction (pmdec)'
#   meta: !!omap
#   - {ucd: POS_EQ_PMDEC}
#   - {width: 9}
#   - {precision: '3'}
#   - values: {'null': .nan}
# - name: e_pmRA
#   unit: mas / yr
#   datatype: float32
#   format: '{:6.3f}'
#   description: '? Standard error of proper motion in right ascension direction (pmra_error)'
#   meta: !!omap
#   - {ucd: ERROR}
#   - {width: 6}
#   - {precision: '3'}
#   - values: {'null': .nan}
# - name: e_pmDE
[...]
#         value: !astropy.table.SerializedColumn {name: SkyCoord.dec}
#       distance: !astropy.table.SerializedColumn
#         __class__: astropy.coordinates.distances.Distance
#         unit: !astropy.units.Unit {unit: pc}
#         value: !astropy.table.SerializedColumn {name: SkyCoord.distance}
#       frame: icrs
#       obstime: !astropy.time.Time {format: jyear_str, in_subfmt: '*', jd1: 367701545.0, jd2: 0.0, out_subfmt: '*', precision: 3, scale: tt}
#       pm_dec: !astropy.table.SerializedColumn
#         __class__: astropy.units.quantity.Quantity
#         unit: !astropy.units.Unit {unit: mas / yr}
#         value: !astropy.table.SerializedColumn {name: SkyCoord.pm_dec}
#       pm_ra_cosdec: !astropy.table.SerializedColumn
#         __class__: astropy.units.quantity.Quantity
#         unit: !astropy.units.Unit {unit: mas / yr}
#         value: !astropy.table.SerializedColumn {name: SkyCoord.pm_ra_cosdec}
#       ra: !astropy.table.SerializedColumn
#         __class__: astropy.coordinates.angles.Longitude
#         unit: *id001
#         value: !astropy.table.SerializedColumn {name: SkyCoord.ra}
#         wrap_angle: !astropy.coordinates.Angle
#           unit: *id001
#           value: 360.0
#       representation_type: spherical
# schema: astropy-2.0
RA_ICRS_1 DE_ICRS_1 e_RA_ICRS e_DE_ICRS _r_1 HIP TYC2 Source rgeo Plx e_Plx pmRA pmDE e_pmRA e_pmDE RUWE Teff logg Gmag BP-RP BPmag RPmag RV e_RV b_rgeo B_rgeo FG e_FG FBP e_FBP FRP e_FRP RAVE5 RAVE6 e_Gmag e_BPmag e_RPmag e_BP-RP SkyCoord.ra SkyCoord.dec SkyCoord.distance SkyCoord.pm_ra_cosdec SkyCoord.pm_dec rmRA rmDE e_rmRA e_rmDE rRV e_rRV v_pec v_pec3d e_vpec e_vpec3d
[from data line 789]
42.07743105569 57.57615629466 0.0343 0.04 16.9795 "" "" 460883117950513024 2707.43262 0.3477 0.0504 1.056 0.296 0.049 0.053 0.928 9508.1 4.3047 16.510326 1.58362 17.243214 15.659594 "" "" 2407.7146 3097.69873 4686.1492 3.2163 1730.3 9.1182 4318.4 11.859 "" "" 0.0028543110790146607 0.006365605 0.004813904 0.011179509 42.07743105569 57.57615629466 2707.43262 1.056 0.2959999999999998 0.9579473716616631 1.4320526084899903 0.16618742 0.17018743 "" "" 22.110572023495937 "" 3.735823880132964 ""
41.52834345571 57.49009531056 0.037 0.0454 17.062 "" "" 460872019755181440 1954.24658 0.4966 0.0583 0.149 -1.682 0.054 0.064 1.03 9462.5 4.3868 16.513128 1.42734 17.133562 15.706222 "" "" 1774.52393 2160.79443 4674.07061 3.0336 1914.2 15.693 4136.8 11.928 "" "" 0.002844002954611614 0.00932815 0.004907584 0.014235734 41.52834345571 57.49009531056 1954.24658 0.14900000000000024 -1.682 0.05094737166166305 -0.5459473915100097 0.17118743 0.18118742 "" "" 5.079153427266574 "" 0.9198522149918203 ""
41.57378263325 57.99364885906 0.0344 0.0422 14.2617 "" "" 463909145750486656 1965.3407 0.4866 0.0484 2.301 -4.291 0.047 0.056 0.961 6907.0 4.2092 16.513357 1.748823 17.351542 15.602718 "" "" 1790.3457 2190.84888 4673.08908 2.4294 1566.0 7.1815 4550.6 12.495 "" "" 0.002812540506905505 0.00570755 0.004813659 0.010521209 41.57378263325 57.99364885906 1965.3407 2.3009999999999993 -4.291000000000002 2.202947371661663 -3.15494739151001 0.16418743 0.17318743 "" "" 35.846345860484895 "" 6.104275593523392 ""
41.36244211476 57.81636926187 0.0333 0.0396 10.6396 "" "" 463906053374173312 2090.04468 0.4644 0.05 -0.782 -0.525 0.047 0.055 0.942 8427.3 4.4841 16.515995 1.495293 17.202429 15.707136 "" "" 1899.97083 2349.82788 4661.75025 2.4042 1796.6 8.0034 4133.4 10.389 "" "" 0.002811641618538563 0.005583774 0.0046616225 0.010245396 41.36244211476 57.81636926187 2090.04468 -0.7819999999999995 -0.5249999999999999 -0.880052628338337 0.6110526084899902 0.16418743 0.17218742 "" "" 10.614065488461108 "" 1.770763589216975 ""
42.28734825942 58.08947406175 0.0355 0.0454 27.5581 "" "" 461005472979158528 2571.56909 0.3744 0.0551 0.968 -2.025 0.048 0.062 1.041 8505.8 4.4481 16.51871 1.563041 17.242682 15.679641 "" "" 2287.38232 2898.2229 4650.11082 2.6886 1731.2 8.2573 4239.4 11.922 "" "" 0.002825926456819286 0.0058824564 0.0048586368 0.010741093 42.28734825942 58.08947406175 2571.56909 0.9679999999999995 -2.0249999999999995 0.869947371661663 -0.8889473915100097 0.16518742 0.17918742 "" "" 15.160961112064605 "" 2.6149727099872018 ""
41.24327679242 58.12608309414 0.0336 0.0426 25.8525 "" "" 463925982022230784 1897.14343 0.5094 0.0509 1.019 0.294 0.047 0.059 0.978 8404.5 4.4886 16.520536 1.462351 17.182625 15.720274 "" "" 1714.15747 2066.85083 4642.29095 2.5555 1829.6 9.534 4083.7 10.364 "" "" 0.002819398755108203 0.0063083377 0.0046772235 0.010985561 41.24327679242 58.12608309414 1897.14343 1.0190000000000001 0.29400000000000004 0.920947371661663 1.4300526084899903 0.16418743 0.17618743 "" "" 15.295628434996202 "" 2.6424114795645655 ""
41.3645836862 58.14832664973 0.0341 0.0433 25.2164 "" "" 463920518823801472 2462.41406 0.3732 0.0499 -0.242 -0.833 0.047 0.06 0.983 "" "" 16.52098 1.996633 17.499483 15.502851 "" "" 2208.48047 2694.36694 4640.38915 2.7648 1366.5 9.5336 4989.1 21.889 "" "" 0.002830240668663993 0.0080723455 0.006080695 0.014153041 41.3645836862 58.14832664973 2462.41406 -0.24199999999999974 -0.8330000000000007 -0.34005262833833694 0.30305260848999027 0.16418743 0.17718743 "" "" 5.31647850244569 "" 0.9041447431087534 ""
41.15647935817 57.54825932292 0.035 0.041 21.1526 "" "" 460870954602711680 2532.12524 0.3762 0.0533 -0.78 -1.921 0.051 0.055 0.98 6759.7 4.1015 16.52103 2.183834 17.653 15.469166 "" "" 2202.1333 2858.32593 4640.18124 2.5374 1186.4 8.4512 5146.3 13.64 "" "" 0.0028185612201232675 0.008222033 0.0047502434 0.012972277 41.15647935817 57.54825932292 2532.12524 -0.78 -1.9210000000000003 -0.878052628338337 -0.7849473915100098 0.16818742 0.17218742 "" "" 14.135798859107455 "" 2.4027436655286487 ""
41.88228003063 57.77369903498 0.0332 0.0414 6.5221 "" "" 460900607057179776 2693.5166 0.3607 0.0497 -2.812 0.58 0.047 0.06 1.006 8187.6 4.4271 16.539017 1.688259 17.341522 15.653263 "" "" 2380.00488 3000.50415 4563.94157 2.3723 1580.5 6.5541 4343.6 10.171 "" "" 0.002812523433080324 0.0052968427 0.0045549264 0.009851769 41.88228003063 57.77369903498 2693.5166 -2.8120000000000003 0.5799999999999996 -2.9100526283383368 1.7160526084899903 0.16418743 0.17718743 "" "" 43.13229107115834 "" 7.230620021306563 ""
41.21739466937 58.12318953244 0.0351 0.0451 26.1612 "" "" 463926153820926464 2171.62549 0.4517 0.0508 1.521 -0.767 0.049 0.065 1.071 7145.0 4.3534 16.54036 1.69194 17.344799 15.652859 "" "" 1928.10193 2605.23853 4558.29685 2.5784 1575.8 9.3764 4345.3 9.5877 "" "" 0.002822935588063108 0.007037173 0.004474679 0.011511852 41.21739466937 58.12318953244 2171.62549 1.5209999999999997 -0.7670000000000017 1.422947371661663 0.3690526084899902 0.16618742 0.18218742 "" "" 15.131728857160414 "" 2.5306463041932177 ""
41.38625922826 57.81993466309 0.0341 0.0394 9.9874 "" "" 463906156453382528 2685.83252 0.3636 0.0498 -1.5 0.087 0.048 0.055 0.998 8939.3 4.3541 16.542904 1.39666 17.167545 15.770885 "" "" 2357.47705 3046.03516 4547.63397 2.2703 1855.2 8.9831 3897.7 7.3424 "" "" 0.0028081282354463226 0.005951796 0.004297315 0.010249112 41.38625922826 57.81993466309 2685.83252 -1.5000000000000004 0.08700000000000005 -1.598052628338337 1.2230526084899902 0.16518742 0.17218742 "" "" 25.619162953142503 "" 4.299077445997187 ""
41.32492040458 58.10547560759 0.0329 0.0421 23.4641 "" "" 463914505869620480 1988.70642 0.4947 0.0483 -0.777 -0.933 0.046 0.06 0.977 7981.5 4.4246 16.54981 1.598879 17.296177 15.697298 "" "" 1816.37061 2185.0166 4518.79392 2.3205 1648.0 8.4585 4171.0 8.733 "" "" 0.002811165362435425 0.006232118 0.004410374 0.010642491 41.32492040458 58.10547560759 1988.70642 -0.7770000000000001 -0.9330000000000003 -0.875052628338337 0.20305260848999018 0.16318743 0.17718743 "" "" 8.46782059131446 "" 1.388144521498985 ""
41.1691340197 57.75070331552 0.0673 0.1069 16.3536 "" "" 463882929270304128 2746.52588 0.3485 0.1055 -0.414 -0.596 0.097 0.153 1.905 "" "" 16.55 1.709656 17.32942 15.619764 "" "" 2260.89307 3567.22705 4518.01082 9.3374 1598.3 6.3536 4479.7 13.629 "" "" 0.0035534300356368613 0.0051393854 0.00501947 0.0101588555 41.1691340197 57.75070331552 2746.52588 -0.4139999999999999 -0.596 -0.5120526283383369 0.5400526084899903 0.21418743 0.27018744 "" "" 9.688576340415729 "" 2.376371521589232 ""
41.84184496446 57.87389421259 0.0335 0.0402 8.4512 "" "" 460907788242422400 2640.12646 0.3561 0.0486 0.206 -1.139 0.047 0.058 0.933 8760.4 4.3364 16.550781 1.432241 17.196896 15.764654 "" "" 2338.05566 3039.45654 4514.75705 2.2835 1805.8 7.6929 3920.1 7.7776 "" "" 0.002809511534315858 0.005401752 0.0043501747 0.009751927 41.84184496446 57.87389421259 2640.12646 0.20600000000000052 -1.1389999999999993 0.10794737166166304 -0.002947391510009778 0.16418743 0.17518742 "" "" 1.351378385180467 "" 0.22189079029744513 ""
40.96542403398 57.89559102884 0.0346 0.0436 24.1661 "" "" 463899421944655488 2045.63171 0.463 0.0527 0.411 -0.313 0.047 0.061 1.027 "" "" 16.551075 1.441632 17.206009 15.764377 "" "" 1869.90613 2282.31104 4513.53496 2.6874 1790.7 8.4666 3921.1 10.654 "" "" 0.002830140696884811 0.005842731 0.004794425 0.010637156 40.96542403398 57.89559102884 2045.63171 0.411 -0.313 0.31294737166166303 0.8230526084899903 0.16418743 0.17818743 "" "" 8.537980285279044 "" 1.5067858106370042 ""
41.24360433187 57.63042930778 0.0368 0.0435 16.073 "" "" 460877620391929984 1951.58887 0.4895 0.0562 2.667 -0.499 0.053 0.056 0.993 6315.6 4.0688 16.560623 2.101608 17.64096 15.539352 "" "" 1770.54224 2228.14331 4474.0116 2.4218 1199.6 8.0457 4824.1 7.1887 "" "" 0.0028173030076911335 0.0077982573 0.004111132 0.01190939 41.24360433187 57.63042930778 1951.58887 2.667 -0.4990000000000001 2.568947371661663 0.6370526084899902 0.17018743 0.17318743 "" "" 24.48391532609352 "" 4.171145138639074 ""
42.22189826151 57.82366060435 0.0341 0.0401 17.7261 "" "" 460893077974390400 2638.02832 0.372 0.0504 -4.181 -0.897 0.048 0.055 0.936 7887.9 4.2416 16.560675 1.865195 17.478704 15.613509 "" "" 2300.96631 3017.71704 4473.80456 2.2471 1392.9 9.6509 4505.6 8.9427 "" "" 0.0028087698996563768 0.008023444 0.0043505863 0.01237403 42.22189826151 57.82366060435 2638.02832 -4.180999999999999 -0.8970000000000005 -4.279052628338337 0.23905260848999021 0.16518742 0.17218742 "" "" 53.58979319478509 "" 8.853551370617406 ""
41.65933685031 58.00181736826 0.0352 0.0421 14.3616 "" "" 460912461166561920 2217.61133 0.4345 0.0485 -0.001 -3.123 0.047 0.056 1.045 7373.7 4.3369 16.561295 1.654071 17.345087 15.691016 "" "" 2019.16528 2472.50513 4471.24971 2.456 1575.4 7.5283 4195.2 9.2864 "" "" 0.0028191239087708383 0.0058910237 0.004478825 0.010369848 41.65933685031 58.00181736826 2217.61133 -0.001000000000000112 -3.123 -0.09905262833833695 -1.98694739151001 0.16418743 0.17318743 "" "" 20.91168961405972 "" 3.621187407393601 ""
41.37813543081 57.66470152684 0.035 0.0441 11.3078 "" "" 460878376306156160 2442.0752 0.3778 0.0539 -0.062 -0.948 0.051 0.06 0.974 9318.2 4.3576 16.561462 1.499956 17.246437 15.746481 "" "" 2180.79419 2810.64795 4470.55575 2.1755 1725.2 10.581 3986.3 11.281 "" "" 0.0028055201462220745 0.0072199623 0.004870772 0.012090734 41.37813543081 57.66470152684 2442.0752 -0.062000000000000666 -0.9480000000000004 -0.16005262833833694 0.18805260848999028 0.16818742 0.17718743 "" "" 2.8584678968960895 "" 0.4958400724221625 ""
41.60651130683 57.66620302433 0.0364 0.0416 6.2446 "" "" 460898820350934016 2333.3269 0.4049 0.0506 1.022 0.033 0.051 0.06 0.961 5428.2 4.2467 16.561844 1.811869 17.411379 15.59951 "" "" 2098.60352 2631.8623 4468.98803 2.8139 1482.1 15.363 4564.1 17.003 "" "" 0.0028388633418808804 0.011595121 0.0055356985 0.017130818 41.60651130683 57.66620302433 2333.3269 1.022 0.03299999999999989 0.9239473716616631 1.1690526084899902 0.16818742 0.17718743 "" "" 16.480329694151155 "" 2.8639894901703715 ""
41.2010943397 57.80228139329 0.0386 0.0495 15.4869 "" "" 463883307227396992 1969.92358 0.5111 0.059 -0.241 -1.001 0.055 0.069 1.111 8990.5 4.3985 16.562515 1.421258 17.201632 15.780374 "" "" 1777.59497 2534.84521 4466.22357 2.4729 1797.9 9.229 3863.7 11.52 "" "" 0.0028201388667085468 0.0062327255 0.0049762814 0.011209007 41.2010943397 57.80228139329 1969.92358 -0.241 -1.001 -0.33905262833833694 0.13505260848999034 0.17218742 0.18618742 "" "" 3.40779244267381 "" 0.5935386896265654 ""
41.17397139927 57.61791401246 0.0369 0.0458 18.3933 "" "" 463879699454951552 2661.1521 0.3648 0.0625 -0.287 -1.175 0.053 0.062 1.021 9367.6 4.3814 16.565872 1.436814 17.213615 15.776801 "" "" 2293.16943 3130.58594 4452.4417 2.591 1778.2 9.5153 3876.5 10.672 "" "" 0.002826833237131696 0.0064451224 0.004818509 0.011263631 41.17397139927 57.61791401246 2661.1521 -0.2869999999999997 -1.1749999999999996 -0.3850526283383369 -0.03894739151000981 0.17018743 0.17918742 "" "" 4.881782985821124 "" 0.8312746883102866 ""
41.57990636392 57.60666374936 0.0354 0.0421 9.8922 "" "" 460874528015968000 2760.4314 0.3405 0.0539 -1.724 -0.658 0.052 0.06 0.97 9580.9 4.3231 16.569756 1.425828 17.207306 15.781478 "" "" 2455.96973 3122.63721 4436.53897 2.6516 1788.5 6.7594 3859.8 10.671 "" "" 0.0028307031731400925 0.0049621477 0.004826367 0.009788515 41.57990636392 57.60666374936 2760.4314 -1.724 -0.6579999999999998 -1.822052628338337 0.4780526084899902 0.16918743 0.17718743 "" "" 24.647461817527073 "" 4.183019981036904 ""
41.24758816625 57.96912903027 0.0369 0.0474 18.5316 "" "" 463911241694580864 2394.97778 0.4039 0.057 0.687 -0.189 0.054 0.064 1.02 8505.2 4.262 16.570385 1.434412 17.21759 15.783178 "" "" 2086.2876 2788.08398 4433.97124 2.5986 1771.7 9.0242 3853.8 11.985 "" "" 0.002827840830119313 0.006194227 0.0050680186 0.0112622455 41.24758816625 57.96912903027 2394.97778 0.687 -0.189 0.5889473716616631 0.9470526084899902 0.17118743 0.18118742 "" "" 12.660459215076559 "" 2.2593222756486555 ""
41.3034861721 57.87613043638 0.0338 0.0406 13.8097 "" "" 463907462123412480 2022.22632 0.465 0.0509 0.398 -3.966 0.048 0.057 0.933 5052.8 4.2608 16.57567 1.712873 17.403175 15.690303 "" "" 1836.94324 2262.18335 4412.43506 2.4318 1493.3 9.0013 4197.9 10.742 "" "" 0.0028195465356823956 0.007114542 0.0046906946 0.011805236 41.3034861721 57.87613043638 2022.22632 0.39799999999999924 -3.9659999999999993 0.2999473716616631 -2.82994739151001 0.16518742 0.17418742 "" "" 27.27798512766911 "" 4.7488242925804665 ""
41.97472836122 57.65048963884 0.0363 0.0462 11.6137 "" "" 460887241119064448 2466.29102 0.3904 0.0551 -2.332 0.35 0.05 0.064 0.999 9037.9 4.3756 16.577469 1.482673 17.257902 15.775229 "" "" 2188.93335 2868.09375 4405.13185 2.5127 1707.1 11.03 3882.1 10.208 "" "" 0.0028240627960793396 0.0075497194 0.004736502 0.012286222 41.97472836122 57.65048963884 2466.29102 -2.332 0.35 -2.430052628338337 1.4860526084899903 0.16718742 0.18118742 "" "" 33.29867871870807 "" 5.6977857577588935 ""
40.89579917702 57.81871876025 0.0367 0.0487 25.2881 "" "" 463897291640928000 2487.73096 0.4077 0.0599 -0.49 -1.684 0.053 0.066 0.968 8498.1 4.4204 16.578325 1.601432 17.331253 15.729821 "" "" 2165.44531 2885.07935 4401.65902 2.7024 1595.6 9.0735 4047.9 12.335 "" "" 0.0028348066976331453 0.00677531 0.00502295 0.01179826 40.89579917702 57.81871876025 2487.73096 -0.49000000000000005 -1.6840000000000015 -0.5880526283383369 -0.5479473915100097 0.17018743 0.18318743 "" "" 9.477975247813719 "" 1.6714246650886542 ""
41.15203665299 57.65198867159 0.0363 0.0445 18.1661 "" "" 463880008692586368 2370.86206 0.4042 0.058 -1.733 1.037 0.053 0.06 0.99 8161.7 4.4053 16.582552 1.963512 17.560633 15.597121 "" "" 2104.75171 2753.92798 4384.56285 2.4973 1291.7 11.02 4574.1 14.229 "" "" 0.0028238637727236566 0.009673949 0.00506864 0.01474259 41.15203665299 57.65198867159 2370.86206 -1.733 1.037 -1.831052628338337 2.17305260848999 0.17018743 0.17718743 "" "" 31.93401394269924 "" 5.566581302326661 ""
40.9755005975 57.93773175544 0.0363 0.0444 24.81 "" "" 463899765542011776 1998.62537 0.4768 0.0538 0.852 -0.76 0.051 0.062 0.955 6368.3 4.2938 16.583012 1.6793 17.371304 15.692003 "" "" 1816.18799 2309.36572 4382.69988 2.2055 1537.8 10.643 4191.4 8.6931 "" "" 0.002808970158548501 0.0080155935 0.004399382 0.012414975 40.9755005975 57.93773175544 1998.62537 0.8519999999999998 -0.7599999999999998 0.753947371661663 0.3760526084899902 0.16818742 0.17918742 "" "" 7.981668842012371 "" 1.3603594238170607 ""
41.85640490397 57.75051760111 0.0347 0.0426 5.7094 "" "" 460900469618251008 2716.25684 0.3653 0.0511 -0.086 -1.255 0.047 0.061 0.956 8771.4 4.3471 16.587214 1.686953 17.383034 15.696081 "" "" 2353.05298 3085.2998 4365.77297 2.499 1521.3 19.882 4175.7 10.935 "" "" 0.0028245408141230276 0.014461299 0.004729456 0.019190755 41.85640490397 57.75051760111 2716.25684 -0.08600000000000008 -1.254999999999999 -0.18405262833833694 -0.11894739151000966 0.16418743 0.17818743 "" "" 2.8214845101721364 "" 0.47523104392138216 ""
