Clusters/ASCC_9/ASCC_9_stars_in_region.tsv
# %ECSV 1.0
# ---
# datatype:
# - name: RA_ICRS_1
#   unit: deg
#   datatype: float64
#   format: '{:15.11f}'
#   description: Right ascension (ICRS) at Ep=2016.0 (ra)
#   meta: !!omap
#   - {ucd: POS_EQ_RA_MAIN}
#   - {width: 15}
#   - {precision: '11'}
# - name: DE_ICRS_1
#   unit: deg
#   datatype: float64
#   format: '{:15.11f}'
#   description: Declination (ICRS) at Ep=2016.0 (dec)
#   meta: !!omap
#   - {ucd: POS_EQ_DEC_MAIN}
#   - {width: 15}
#   - {precision: '11'}
# - name: e_RA_ICRS
#   unit: mas
#   datatype: float64
#   format: '{:7.4f}'
#   description: Standard error of right ascension (ra_error)
#   meta: !!omap
#   - {ucd: ERROR}
#   - {width: 7}
#   - {precision: '4'}
# - name: e_DE_ICRS
#   unit: mas
#   datatype: float64
#   format: '{:7.4f}'
#   description: Standard error of declination (dec_error)
#   meta: !!omap
#   - {ucd: ERROR}
#   - {width: 7}
#   - {precision: '4'}
# - name: _r_1
#   unit: ''
#   datatype: float64
#   format: '{:7.4f}'
#   description: Distance from center (041.67951557000+57.76269821000)[ICRS], at Epoch=J2016.0
#   meta: !!omap
#   - {ucd: POS_ANG_DIST_GENERAL}
#   - {width: 7}
#   - {precision: '4'}
# - name: HIP
#   datatype: int32
#   description: '? HIP cross-id number, van Leeuwen, Cat. I/311 (hip_original_ext_source_id)'
#   meta: !!omap
#   - {ucd: ID_NUMBER}
#   - {width: 6}
#   - values: {'null': -2147483648}
# - name: TYC2
#   datatype: string
#   description: Tycho-2 cross-id name, Hog et al., Cat. I/259 (tyc2_original_ext_source_id)
#   meta: !!omap
#   - {ucd: ID_CROSSID}
#   - {_votable_string_dtype: char}
# - name: Source
#   datatype: int64
#   description: Source identifier, identical to the Gaia-EDR3 source_id (id)
#   meta: !!omap
#   - {ucd: ID_MAIN}
#   - {width: 19}
# - name: rgeo
#   unit: pc
#   datatype: float64
#   format: '{:15.8f}'
#   description: '? Median of the geometric distance posterior (r_med_geo)'
#   meta: !!omap
#   - {ucd: PHYS_DISTANCE_TRUE}
#   - {width: 15}
#   - {precision: '8'}
#   - values: {'null': .nan}
# - name: Plx
#   unit: mas
#   datatype: float64
#   format: '{:9.4f}'
#   description: '? Parallax (parallax)'
#   meta: !!omap
#   - {ucd: POS_PARLX_TRIG}
#   - {width: 9}
#   - {precision: '4'}
#   - values: {'null': .nan}
# - name: e_Plx
#   unit: mas
#   datatype: float32
#   format: '{:7.4f}'
#   description: '? Standard error of parallax (parallax_error)'
#   meta: !!omap
#   - {ucd: ERROR}
#   - {width: 7}
#   - {precision: '4'}
#   - values: {'null': .nan}
# - name: pmRA
#   unit: mas / yr
#   datatype: float64
#   format: '{:9.3f}'
#   description: '? Proper motion in right ascension direction, pmRA*cosDE (pmra)'
#   meta: !!omap
#   - {ucd: POS_EQ_PMRA}
#   - {width: 9}
#   - {precision: '3'}
#   - values: {'null': .nan}
# - name: pmDE
#   unit: mas / yr
#   datatype: float64
#   format: '{:9.3f}'
#   description: '? Proper motion in declination direction (pmdec)'
#   meta: !!omap
#   - {ucd: POS_EQ_PMDEC}
#   - {width: 9}
#   - {precision: '3'}
#   - values: {'null': .nan}
# - name: e_pmRA
#   unit: mas / yr
#   datatype: float32
#   format: '{:6.3f}'
#   description: '? Standard error of proper motion in right ascension direction (pmra_error)'
#   meta: !!omap
#   - {ucd: ERROR}
#   - {width: 6}
#   - {precision: '3'}
#   - values: {'null': .nan}
# - name: e_pmDE
[...]
#         value: !astropy.table.SerializedColumn {name: SkyCoord.dec}
#       distance: !astropy.table.SerializedColumn
#         __class__: astropy.coordinates.distances.Distance
#         unit: !astropy.units.Unit {unit: pc}
#         value: !astropy.table.SerializedColumn {name: SkyCoord.distance}
#       frame: icrs
#       obstime: !astropy.time.Time {format: jyear_str, in_subfmt: '*', jd1: 367701545.0, jd2: 0.0, out_subfmt: '*', precision: 3, scale: tt}
#       pm_dec: !astropy.table.SerializedColumn
#         __class__: astropy.units.quantity.Quantity
#         unit: !astropy.units.Unit {unit: mas / yr}
#         value: !astropy.table.SerializedColumn {name: SkyCoord.pm_dec}
#       pm_ra_cosdec: !astropy.table.SerializedColumn
#         __class__: astropy.units.quantity.Quantity
#         unit: !astropy.units.Unit {unit: mas / yr}
#         value: !astropy.table.SerializedColumn {name: SkyCoord.pm_ra_cosdec}
#       ra: !astropy.table.SerializedColumn
#         __class__: astropy.coordinates.angles.Longitude
#         unit: *id001
#         value: !astropy.table.SerializedColumn {name: SkyCoord.ra}
#         wrap_angle: !astropy.coordinates.Angle
#           unit: *id001
#           value: 360.0
#       representation_type: spherical
# schema: astropy-2.0
RA_ICRS_1 DE_ICRS_1 e_RA_ICRS e_DE_ICRS _r_1 HIP TYC2 Source rgeo Plx e_Plx pmRA pmDE e_pmRA e_pmDE RUWE Teff logg Gmag BP-RP BPmag RPmag RV e_RV b_rgeo B_rgeo FG e_FG FBP e_FBP FRP e_FRP RAVE5 RAVE6 e_Gmag e_BPmag e_RPmag e_BP-RP SkyCoord.ra SkyCoord.dec SkyCoord.distance SkyCoord.pm_ra_cosdec SkyCoord.pm_dec rmRA rmDE e_rmRA e_rmDE rRV e_rRV v_pec v_pec3d e_vpec e_vpec3d
[from data line 1011]
41.05727522605 57.66912276838 0.0446 0.0616 20.7162 "" "" 463880730247091072 2069.37231 0.4718 0.0728 -2.39 2.607 0.063 0.083 0.949 7130.2 4.3301 16.914816 2.076077 17.978027 15.901951 "" "" 1758.57275 2345.64893 3228.64739 2.1724 879.44 8.3086 3454.4 7.697 "" "" 0.002850522206252248 0.0106303105 0.0044873483 0.015117658 41.05727522605 57.66912276838 2069.37231 -2.389999999999999 2.6069999999999993 -2.488052628338337 3.7430526084899904 0.18018743 0.20018741 "" "" 44.086110340774944 "" 8.56493852493263 ""
41.49102588414 57.61450460006 0.0447 0.0671 10.7519 "" "" 460875043411543680 2042.41309 0.4669 0.0677 -1.258 -0.403 0.067 0.101 1.053 "" "" 16.916088 1.417433 17.5082 16.090767 "" "" 1772.74915 2410.42847 3224.86695 2.5543 1355.6 8.8035 2903.0 10.4 "" "" 0.002886406340865537 0.007582945 0.0054233856 0.0130063305 41.49102588414 57.61450460006 2042.41309 -1.257999999999999 -0.4029999999999995 -1.356052628338337 0.7330526084899902 0.18418743 0.21818742 "" "" 14.923391139711677 "" 2.8713001537093437 ""
41.67705716473 57.69102184961 0.041 0.0493 4.3013 "" "" 460898609891954944 2296.22217 0.4058 0.0622 0.294 -1.177 0.058 0.07 0.974 8574.0 4.4921 16.91871 1.58519 17.65639 16.0712 "" "" 2023.06763 2598.86157 3217.08691 1.982 1182.7 5.7857 2955.8 11.186 "" "" 0.002835352678088839 0.0059996317 0.0055827117 0.011582343 41.67705716473 57.69102184961 2296.22217 0.2940000000000005 -1.177 0.19594737166166304 -0.04094739151000981 0.17518742 0.18718743 "" "" 2.1787785404698536 "" 0.3828243652184488 ""
41.48575385138 57.66841878735 0.0431 0.0487 8.3998 "" "" 460878582464581376 2002.75488 0.4776 0.0622 -0.688 -1.118 0.062 0.067 0.966 8292.9 4.4438 16.919876 1.729387 17.748796 16.01941 "" "" 1776.00256 2335.96191 3213.63293 2.1423 1086.2 9.0696 3100.2 11.058 "" "" 0.0028487981832369356 0.009485382 0.005411224 0.014896605 41.48575385138 57.66841878735 2002.75488 -0.688 -1.118 -0.7860526283383369 0.01805260848999013 0.17918742 0.18418743 "" "" 7.464010942019898 "" 1.3374767896430166 ""
42.44532609885 57.63858232893 0.0388 0.0434 25.6567 "" "" 460842912758456448 2703.15283 0.3407 0.053 0.514 -0.8 0.053 0.06 0.99 "" "" 16.92046 1.400146 17.549816 16.14967 "" "" 2371.95483 3041.39624 3211.90402 1.7575 1304.6 7.8514 2749.7 9.8229 "" "" 0.0028186415511476637 0.007105008 0.005415489 0.012520497 42.44532609885 57.63858232893 2703.15283 0.514 -0.8 0.41594737166166307 0.3360526084899902 0.17018743 0.17718743 "" "" 6.851554408867282 "" 1.185222138489653 ""
42.25515558018 57.51986477377 0.0414 0.0454 23.5371 "" "" 460834911237608448 1934.92871 0.4799 0.0593 0.245 -1.235 0.061 0.065 1.016 9399.4 4.2812 16.9226 1.75009 17.762184 16.012094 "" "" 1740.41016 2180.21802 3205.58111 1.9031 1072.9 12.375 3121.2 8.4929 "" "" 0.0028297132667748147 0.012830118 0.0047970596 0.017627178 42.25515558018 57.51986477377 1934.92871 0.24499999999999955 -1.2350000000000014 0.14694737166166305 -0.09894739151000986 0.17818743 0.18218742 "" "" 1.6247938356173501 "" 0.2915608646355713 ""
41.89325669374 58.11105930148 0.0425 0.053 21.9824 "" "" 460914930768279808 2617.01025 0.4045 0.0613 -0.233 -0.273 0.058 0.074 0.995 9519.3 4.3893 16.92637 1.502453 17.627356 16.124903 "" "" 2184.13916 3331.03149 3194.46876 2.2907 1214.7 10.295 2813.2 12.808 "" "" 0.002863206256477495 0.009615697 0.006222427 0.015838124 41.89325669374 58.11105930148 2617.01025 -0.233 -0.273 -0.33105262833833693 0.8630526084899902 0.17518742 0.19118743 "" "" 11.466438014249878 "" 2.169574582459117 ""
41.03335243912 57.5818663563 0.0482 0.0581 23.3999 "" "" 463873858299449472 2667.89233 0.3611 0.0726 0.781 -0.254 0.075 0.079 1.015 7972.0 4.3378 16.931948 1.821349 17.819006 15.997657 "" "" 2285.32666 3117.21338 3178.10175 1.9868 1018.2 14.194 3163.0 9.9356 "" "" 0.0028376914289514723 0.015390504 0.005090707 0.02048121 41.03335243912 57.5818663563 2667.89233 0.7809999999999989 -0.25400000000000017 0.6829473716616631 0.8820526084899902 0.19218743 0.19618744 "" "" 14.106931571484411 "" 2.746589268966317 ""
42.10075291119 57.8970200974 0.0424 0.0509 15.6856 "" "" 460897033644279424 2482.13452 0.4135 0.0613 -0.757 -0.984 0.059 0.074 1.05 6169.6 4.4444 16.933155 1.686123 17.709166 16.023043 "" "" 2155.99683 2895.88452 3174.56857 1.9945 1126.6 14.814 3089.9 17.024 "" "" 0.002838503950004104 0.014546764 0.007075821 0.021622585 42.10075291119 57.8970200974 2482.13452 -0.757 -0.9839999999999999 -0.855052628338337 0.15205260848999025 0.17618743 0.19118743 "" "" 10.217790527635486 "" 1.805137735562107 ""
41.34231870568 57.45705385302 0.0433 0.0502 21.3017 "" "" 460872397711741952 2085.05298 0.4462 0.0645 0.518 -0.524 0.064 0.069 0.988 7092.4 4.3283 16.9336 1.990967 17.939856 15.948889 "" "" 1846.57983 2432.18555 3173.26701 2.0103 910.91 7.3348 3308.3 9.5098 "" "" 0.002839875686619739 0.009176976 0.004901452 0.014078428 41.34231870568 57.45705385302 2085.05298 0.5179999999999999 -0.5240000000000002 0.41994737166166307 0.6120526084899902 0.18118742 0.18618742 "" "" 7.335962841755174 "" 1.3542314030843081 ""
41.76011038541 57.66670787326 0.044 0.0534 6.3121 "" "" 460886618343222528 1945.73108 0.4822 0.0641 -2.001 -1.299 0.061 0.078 1.025 7726.0 4.4136 16.934061 1.801521 17.809578 16.008057 "" "" 1757.23486 2339.24097 3171.92165 2.0268 1027.0 5.1137 3132.8 8.8366 "" "" 0.002841320115572831 0.0060837194 0.0048644287 0.010948148 41.76011038541 57.66670787326 1945.73108 -2.0010000000000003 -1.2990000000000004 -2.099052628338337 -0.1629473915100097 0.17818743 0.19518742 "" "" 19.41731360235381 "" 3.4619922283892963 ""
41.80020769198 58.00010761114 0.0415 0.0477 14.7557 "" "" 460911911410967680 2044.69836 0.4718 0.0576 -1.084 2.324 0.057 0.072 1.006 4739.4 4.1765 16.935328 2.029053 17.968803 15.939751 "" "" 1843.32214 2283.72705 3168.22223 2.1 886.94 6.8624 3336.2 9.3381 "" "" 0.0028477537208701493 0.008851766 0.004849665 0.0137014305 41.80020769198 58.00010761114 2044.69836 -1.0840000000000007 2.324 -1.182052628338337 3.46005260848999 0.17418742 0.18918742 "" "" 35.4372900300947 "" 6.6507233833703 ""
42.00752678942 57.90865267451 0.0421 0.0497 13.6549 "" "" 460908780374951808 2489.24902 0.3802 0.0586 0.042 -1.763 0.059 0.075 0.964 "" "" 16.93675 1.658888 17.717085 16.058197 "" "" 2207.60254 2841.30811 3164.07086 2.0521 1118.4 11.156 2991.4 9.8181 "" "" 0.0028438781054471326 0.01118382 0.005194448 0.016378269 42.00752678942 57.90865267451 2489.24902 0.04200000000000037 -1.7630000000000017 -0.05605262833833694 -0.6269473915100097 0.17618743 0.19218743 "" "" 7.426883704399816 "" 1.4264502991533226 ""
41.51356774396 57.6156246413 0.0431 0.0528 10.3051 "" "" 460875210909952000 2334.59229 0.4061 0.064 0.457 -0.74 0.064 0.077 0.973 "" "" 16.939262 1.647991 17.71603 16.068039 "" "" 2044.21204 2571.93652 3156.76045 2.0206 1119.5 9.9663 2964.4 7.9833 "" "" 0.0028416132753803667 0.0100603765 0.0047784112 0.014838788 41.51356774396 57.6156246413 2334.59229 0.4570000000000003 -0.7399999999999991 0.3589473716616631 0.39605260848999024 0.18118742 0.19418743 "" "" 5.914869686694684 "" 1.1145734865411363 ""
42.31735623097 57.69378681487 0.0457 0.0526 20.848 "" "" 460844188368327296 2058.22144 0.4541 0.0636 0.374 -1.445 0.061 0.069 1.103 5064.8 4.3337 16.946507 1.791736 17.669195 15.87746 "" "" 1827.46033 2362.95557 3135.76909 2.692 1168.8 19.95 3533.2 74.673 "" "" 0.0029087060527029016 0.018741064 0.023255827 0.04199689 42.31735623097 57.69378681487 2058.22144 0.37400000000000005 -1.4449999999999996 0.27594737166166305 -0.30894739151000983 0.17818743 0.18618742 "" "" 4.041320689134816 "" 0.7382708753089291 ""
41.79547583441 57.84572063172 0.0427 0.0512 6.2094 "" "" 460901775288234624 2668.89185 0.3644 0.0616 0.924 -1.282 0.06 0.073 0.998 5878.6 4.4648 16.9473 1.768286 17.80021 16.031925 "" "" 2350.23193 3104.87231 3133.47734 2.1286 1035.9 6.749 3064.7 9.2398 "" "" 0.002852327152157643 0.007604085 0.0049998867 0.012603972 41.79547583441 57.84572063172 2668.89185 0.924 -1.282 0.8259473716616631 -0.1459473915100098 0.17718743 0.19018742 "" "" 10.610557160484518 "" 1.884382107992673 ""
41.47034176887 57.51512353433 0.0458 0.054 16.3028 "" "" 460872260273338880 2754.80762 0.3466 0.0708 -0.172 -0.772 0.07 0.078 1.008 "" "" 16.948664 1.857674 17.865236 16.007563 "" "" 2395.06934 3297.22412 3129.54286 2.2439 975.71 8.3201 3134.2 13.373 "" "" 0.002863183356864285 0.009669617 0.005978701 0.015648318 41.47034176887 57.51512353433 2754.80762 -0.17200000000000004 -0.772 -0.27005262833833693 0.3640526084899902 0.18718743 0.19518742 "" "" 5.918833700422515 "" 1.138700348327657 ""
41.5855155143 57.40843464144 0.0468 0.0575 21.4697 "" "" 460859031774146816 2493.13354 0.3663 0.0724 -0.917 -2.66 0.065 0.08 0.95 "" "" 16.952745 2.078453 18.011042 15.932589 "" "" 2125.13452 2973.2124 3117.80167 2.2952 853.1 11.009 3358.3 8.0142 "" "" 0.0028689075182036948 0.014286217 0.004582241 0.018868458 41.5855155143 57.40843464144 2493.13354 -0.9169999999999984 -2.66 -1.015052628338337 -1.52394739151001 0.18218742 0.19718742 "" "" 21.638358210871335 "" 4.169756903658643 ""
41.10449508544 57.80572054653 0.0535 0.077 18.5731 "" "" 463886227805163520 2784.052 0.3587 0.0847 -4.681 1.916 0.08 0.108 1.012 5195.8 4.4773 16.954865 1.716665 17.743643 16.026978 "" "" 2267.01367 3659.88623 3111.7251 4.7021 1091.3 26.961 3078.7 29.781 "" "" 0.003206791115813612 0.026968269 0.011161901 0.03813017 41.10449508544 57.80572054653 2784.052 -4.681 1.9160000000000004 -4.779052628338337 3.05205260848999 0.19718742 0.22518742 "" "" 74.82998894350229 "" 15.391890336296626 ""
41.33276099616 57.8902781454 0.0476 0.0551 13.4658 "" "" 463907290324710272 2740.50952 0.3606 0.071 0.081 -1.077 0.068 0.076 1.118 8690.2 4.3331 16.956354 1.617069 17.71445 16.097382 "" "" 2310.54541 3511.60962 3107.45688 2.1123 1121.1 8.186 2885.4 8.5284 "" "" 0.0028524514950356186 0.00840445 0.0049580415 0.0133624915 41.33276099616 57.8902781454 2740.50952 0.08100000000000013 -1.077 -0.017052628338336942 0.05905260848999028 0.18518743 0.19318742 "" "" 0.7984372476248688 "" 0.15376581058176814 ""
41.58714511246 57.86987800349 0.0428 0.0521 7.076 "" "" 460905589218897920 2081.56274 0.4583 0.0604 0.126 -0.539 0.06 0.07 1.027 6134.4 4.4416 16.959732 1.757467 17.814316 16.056849 "" "" 1846.65808 2365.23657 3097.80614 2.0669 1022.6 10.117 2995.2 11.883 "" "" 0.0028489597248146834 0.011098094 0.0057304646 0.01682856 41.58714511246 57.86987800349 2081.56274 0.126 -0.5390000000000001 0.027947371661663056 0.5970526084899902 0.17718743 0.18718743 "" "" 5.897333822967532 "" 1.103781285678387 ""
41.51818949301 57.38818009746 0.0477 0.0557 23.0626 "" "" 460859341011817984 2354.28271 0.4121 0.0708 -0.383 -1.321 0.066 0.075 1.03 "" "" 16.96278 1.692513 17.76876 16.076248 "" "" 2049.58887 2774.14551 3089.1195 3.4009 1066.4 9.0201 2942.1 10.366 "" "" 0.0030034271229575924 0.009598154 0.005377499 0.014975652 41.51818949301 57.38818009746 2354.28271 -0.38299999999999945 -1.3210000000000002 -0.48105262833833695 -0.18494739151000972 0.18318743 0.19218743 "" "" 5.751286817949103 "" 1.0603709082724406 ""
42.05441002445 57.74081610785 0.0474 0.0579 12.0739 "" "" 460893528951081728 2621.58813 0.3781 0.0696 0.381 -0.488 0.065 0.087 1.088 6184.0 4.6486 16.963202 1.649481 17.724628 16.075148 "" "" 2179.21582 3203.64355 3087.92112 2.2196 1110.6 8.3156 2945.1 9.9746 "" "" 0.002863713880604087 0.008594925 0.0052731093 0.013868034 42.05441002445 57.74081610785 2621.58813 0.3809999999999999 -0.48799999999999966 0.28294737166166306 0.6480526084899902 0.18218742 0.20418742 "" "" 8.787016493665446 "" 1.7646714544297537 ""
42.1082648283 57.84156613327 0.0445 0.0535 14.5012 "" "" 460895865413202304 1907.79651 0.5093 0.0647 -0.547 0.486 0.064 0.078 0.997 "" "" 16.963728 1.789789 17.829964 16.040174 "" "" 1714.49963 2189.40112 3086.42269 2.0949 1007.9 10.228 3041.5 10.749 "" "" 0.002852169355867216 0.01136567 0.0053858296 0.0167515 42.1082648283 57.84156613327 1907.79651 -0.5469999999999997 0.48600000000000065 -0.645052628338337 1.6220526084899902 0.18118742 0.19518742 "" "" 15.785456085217227 "" 3.0518885982522455 ""
42.17391195556 57.54713840564 0.138 0.145 20.4732 "" "" 460835976389484160 2180.77686 0.6015 0.1905 4.016 -1.832 0.2 0.185 3.398 4964.9 4.7455 16.96376 1.796689 17.73332 15.936631 "" "" 1514.91882 3470.5105 3086.33227 13.452 1101.8 7.9404 3345.8 11.978 "" "" 0.005475953078792958 0.00830722 0.0054214466 0.013728667 42.17391195556 57.54713840564 2180.77686 4.016 -1.831999999999999 3.917947371661663 -0.6959473915100098 0.31718743 0.30218744 "" "" 41.13332965995346 "" 13.028535796059938 ""
41.97780002653 57.8939976357 0.0413 0.0513 12.3641 "" "" 460907272846322816 2029.12244 0.4878 0.0598 -4.134 3.357 0.057 0.077 0.939 6353.0 4.2659 16.964808 2.02877 17.990442 15.961672 "" "" 1801.21265 2297.81421 3083.35588 1.9891 869.44 8.0573 3269.6 10.359 "" "" 0.0028429517507272996 0.010441463 0.005110453 0.015551916 41.97780002653 57.8939976357 2029.12244 -4.134000000000005 3.3570000000000015 -4.232052628338337 4.49305260848999 0.17418742 0.19418743 "" "" 59.36582315189413 "" 10.985917929423668 ""
41.01681556205 57.6324624712 0.0456 0.0606 22.6395 "" "" 463874820372107520 1965.3551 0.4987 0.0726 -0.034 -0.911 0.064 0.085 0.982 8545.0 4.48 16.964933 1.841202 17.865063 16.02386 "" "" 1714.97705 2321.79346 3083.00019 2.3258 975.87 8.7328 3087.5 11.961 "" "" 0.0028744863081562114 0.010108658 0.0056546824 0.01576334 41.01681556205 57.6324624712 1965.3551 -0.0339999999999997 -0.9110000000000008 -0.13205262833833695 0.2250526084899902 0.18118742 0.20218742 "" "" 2.4308049395073996 "" 0.47892295435122184 ""
41.23348463129 58.08769730476 0.0454 0.0556 24.1289 "" "" 463925775863826816 2004.23206 0.4789 0.0675 1.784 2.343 0.061 0.078 1.021 4668.1 4.3087 16.965742 1.814114 17.86167 16.047556 "" "" 1786.8385 2304.77368 3080.70172 2.1285 978.92 8.129 3020.9 7.1719 "" "" 0.0028556111266311926 0.009437871 0.0045747077 0.014012579 41.23348463129 58.08769730476 2004.23206 1.7840000000000023 2.3429999999999978 1.685947371661663 3.47905260848999 0.17818743 0.19518742 "" "" 36.727563060708285 "" 7.05427494369105 ""
42.3193184201 57.74081652073 0.0445 0.0488 20.5254 "" "" 460891329927787904 2390.89697 0.4005 0.0609 2.248 -0.729 0.057 0.064 1.029 8287.1 4.4429 16.965855 1.768536 17.82312 16.054585 "" "" 2083.26318 2732.72925 3080.38621 1.8822 1014.3 8.52 3001.4 8.9624 "" "" 0.002834062122037714 0.00953732 0.004979444 0.014516763 42.3193184201 57.74081652073 2390.89697 2.248 -0.7290000000000002 2.1499473716616633 0.40705260848999025 0.17418742 0.18118742 "" "" 24.79788894580188 "" 4.32560377414819 ""
42.16863107045 57.9438278093 0.0515 0.0626 19.0247 "" "" 460897583400067712 2309.13281 0.4316 0.0736 0.0 -0.243 0.07 0.089 1.19 7715.7 4.3919 16.96752 1.731033 17.778406 16.047373 "" "" 1969.61157 3040.02881 3075.66258 2.7289 1056.9 7.5803 3021.4 8.0073 "" "" 0.002918867271746686 0.008271895 0.004750077 0.013021972 42.16863107045 57.9438278093 2309.13281 0.0 -0.24300000000000002 -0.09805262833833694 0.8930526084899902 0.18718743 0.20618743 "" "" 9.833459597104333 "" 2.0254116962701727 ""
42.08096594541 57.64592979529 0.0602 0.0709 14.6529 "" "" 460884178801760384 2602.82837 0.3821 0.0858 -0.978 -0.002 0.084 0.098 1.381 "" "" 16.968782 1.721762 17.791594 16.069832 "" "" 2201.20508 3156.69727 3072.08929 2.8044 1044.2 10.782 2959.6 13.925 "" "" 0.0029281610541508373 0.011552879 0.0063545 0.01790738 42.08096594541 57.64592979529 2602.82837 -0.9779999999999991 -0.0019999999999998786 -1.076052628338337 1.1340526084899902 0.20118743 0.21518743 "" "" 19.287295172216403 "" 4.02471268268015 ""
