Clusters/ASCC_9/ASCC_9_members.tsv
# %ECSV 1.0
# ---
# datatype:
# - name: RA_ICRS_1
#   unit: deg
#   datatype: float64
#   format: '{:15.11f}'
#   description: Right ascension (ICRS) at Ep=2016.0 (ra)
#   meta: !!omap
#   - {ucd: POS_EQ_RA_MAIN}
#   - {width: 15}
#   - {precision: '11'}
# - name: DE_ICRS_1
#   unit: deg
#   datatype: float64
#   format: '{:15.11f}'
#   description: Declination (ICRS) at Ep=2016.0 (dec)
#   meta: !!omap
#   - {ucd: POS_EQ_DEC_MAIN}
#   - {width: 15}
#   - {precision: '11'}
# - name: e_RA_ICRS
#   unit: mas
#   datatype: float64
#   format: '{:7.4f}'
#   description: Standard error of right ascension (ra_error)
#   meta: !!omap
#   - {ucd: ERROR}
#   - {width: 7}
#   - {precision: '4'}
# - name: e_DE_ICRS
#   unit: mas
#   datatype: float64
#   format: '{:7.4f}'
#   description: Standard error of declination (dec_error)
#   meta: !!omap
#   - {ucd: ERROR}
#   - {width: 7}
#   - {precision: '4'}
# - name: _r_1
#   unit: ''
#   datatype: float64
#   format: '{:7.4f}'
#   description: Distance from center (041.67951557000+57.76269821000)[ICRS], at Epoch=J2016.0
#   meta: !!omap
#   - {ucd: POS_ANG_DIST_GENERAL}
#   - {width: 7}
#   - {precision: '4'}
# - name: HIP
#   datatype: int32
#   description: '? HIP cross-id number, van Leeuwen, Cat. I/311 (hip_original_ext_source_id)'
#   meta: !!omap
#   - {ucd: ID_NUMBER}
#   - {width: 6}
#   - values: {'null': -2147483648}
# - name: TYC2
#   datatype: string
#   description: Tycho-2 cross-id name, Hog et al., Cat. I/259 (tyc2_original_ext_source_id)
#   meta: !!omap
#   - {ucd: ID_CROSSID}
#   - {_votable_string_dtype: char}
# - name: Source
#   datatype: int64
#   description: Source identifier, identical to the Gaia-EDR3 source_id (id)
#   meta: !!omap
#   - {ucd: ID_MAIN}
#   - {width: 19}
# - name: rgeo
#   unit: pc
#   datatype: float64
#   format: '{:15.8f}'
#   description: '? Median of the geometric distance posterior (r_med_geo)'
#   meta: !!omap
#   - {ucd: PHYS_DISTANCE_TRUE}
#   - {width: 15}
#   - {precision: '8'}
#   - values: {'null': .nan}
# - name: Plx
#   unit: mas
#   datatype: float64
#   format: '{:9.4f}'
#   description: '? Parallax (parallax)'
#   meta: !!omap
#   - {ucd: POS_PARLX_TRIG}
#   - {width: 9}
#   - {precision: '4'}
#   - values: {'null': .nan}
# - name: e_Plx
#   unit: mas
#   datatype: float32
#   format: '{:7.4f}'
#   description: '? Standard error of parallax (parallax_error)'
#   meta: !!omap
#   - {ucd: ERROR}
#   - {width: 7}
#   - {precision: '4'}
#   - values: {'null': .nan}
# - name: pmRA
#   unit: mas / yr
#   datatype: float64
#   format: '{:9.3f}'
#   description: '? Proper motion in right ascension direction, pmRA*cosDE (pmra)'
#   meta: !!omap
#   - {ucd: POS_EQ_PMRA}
#   - {width: 9}
#   - {precision: '3'}
#   - values: {'null': .nan}
# - name: pmDE
#   unit: mas / yr
#   datatype: float64
#   format: '{:9.3f}'
#   description: '? Proper motion in declination direction (pmdec)'
#   meta: !!omap
#   - {ucd: POS_EQ_PMDEC}
#   - {width: 9}
#   - {precision: '3'}
#   - values: {'null': .nan}
# - name: e_pmRA
#   unit: mas / yr
#   datatype: float32
#   format: '{:6.3f}'
#   description: '? Standard error of proper motion in right ascension direction (pmra_error)'
#   meta: !!omap
#   - {ucd: ERROR}
#   - {width: 6}
#   - {precision: '3'}
#   - values: {'null': .nan}
# - name: e_pmDE
[...]
#       distance: !astropy.table.SerializedColumn
#         __class__: astropy.coordinates.distances.Distance
#         unit: !astropy.units.Unit {unit: pc}
#         value: !astropy.table.SerializedColumn {name: SkyCoord.distance}
#       frame: icrs
#       obstime: !astropy.time.Time {format: jyear_str, in_subfmt: '*', jd1: 367701545.0, jd2: 0.0, out_subfmt: '*', precision: 3, scale: tt}
#       pm_dec: !astropy.table.SerializedColumn
#         __class__: astropy.units.quantity.Quantity
#         unit: !astropy.units.Unit {unit: mas / yr}
#         value: !astropy.table.SerializedColumn {name: SkyCoord.pm_dec}
#       pm_ra_cosdec: !astropy.table.SerializedColumn
#         __class__: astropy.units.quantity.Quantity
#         unit: !astropy.units.Unit {unit: mas / yr}
#         value: !astropy.table.SerializedColumn {name: SkyCoord.pm_ra_cosdec}
#       ra: !astropy.table.SerializedColumn
#         __class__: astropy.coordinates.angles.Longitude
#         unit: *id001
#         value: !astropy.table.SerializedColumn {name: SkyCoord.ra}
#         wrap_angle: !astropy.coordinates.Angle
#           unit: *id001
#           value: 360.0
#       representation_type: spherical
# schema: astropy-2.0
RA_ICRS_1 DE_ICRS_1 e_RA_ICRS e_DE_ICRS _r_1 HIP TYC2 Source rgeo Plx e_Plx pmRA pmDE e_pmRA e_pmDE RUWE Teff logg Gmag BP-RP BPmag RPmag RV e_RV b_rgeo B_rgeo FG e_FG FBP e_FBP FRP e_FRP RAVE5 RAVE6 e_Gmag e_BPmag e_RPmag e_BP-RP SkyCoord.ra SkyCoord.dec SkyCoord.distance SkyCoord.pm_ra_cosdec SkyCoord.pm_dec rmRA rmDE e_rmRA e_rmDE rRV e_rRV v_pec v_pec3d e_vpec e_vpec3d Pmemb
41.67712800744 57.62346427244 0.009 0.011 8.3544 "" 3708-773-1 460897823912903168 2133.86279 0.4236 0.014 0.145 -1.141 0.013 0.016 0.947 5751.5 2.6842 11.692473 0.924024 12.062764 11.138741 "" "" 2076.44482 2202.14966 396239.3032 118.48 204320.0 181.36 277760.0 195.65 "" "" 0.002774380159073065 0.0029519182 0.0038559835 0.006807902 41.67712800744 57.62346427244 2133.86279 0.14500000000000002 -1.141 0.046947371661663045 -0.00494739151000978 0.13018742 0.13318743 "" "" 0.47747903466292585 "" 0.06217767678190291 "" 0.9
41.17821705854 57.41806677535 0.0101 0.0123 26.2192 "" 3708-185-1 460869133536617856 2096.70972 0.4642 0.0149 -0.26 -1.048 0.014 0.018 1.131 11787.9 3.6055 12.310472 1.074388 12.75515 11.680761 "" "" 2043.93091 2172.18433 224262.99288 355.47 107980.0 611.8 168600.0 693.33 "" "" 0.003248611571273314 0.0067548235 0.0058496664 0.01260449 41.17821705854 57.41806677535 2096.70972 -0.2600000000000002 -1.0480000000000007 -0.35805262833833695 0.08805260848999019 0.13118742 0.13518742 "" "" 3.664495197623486 "" 0.48158359793882055 "" 0.8
41.8165029264 58.05600978814 0.0084 0.0103 18.1323 "" "" 460914277931724672 2230.57446 0.4274 0.0124 0.084 -1.154 0.012 0.016 0.981 "" "" 12.69845 1.003684 13.106749 12.103065 "" "" 2170.48218 2285.88672 156879.62027 33.425 78112.0 81.875 114270.0 54.972 "" "" 0.00276501397576563 0.0030133345 0.0038153036 0.006828638 41.8165029264 58.05600978814 2230.57446 0.0839999999999998 -1.1540000000000001 -0.01405262833833694 -0.01794739151000968 0.12918742 0.13318743 "" "" 0.24100356312553414 "" 0.031735705534634874 "" 0.8
41.61274909167 57.74306741212 0.0094 0.0116 2.4405 "" "" 460899713704054016 2514.01465 0.3774 0.0147 0.076 -1.157 0.014 0.017 1.022 14167.8 3.7685 12.831006 0.960536 13.218039 12.257504 "" "" 2425.6958 2598.32202 138849.4602 26.418 70502.0 88.228 99119.0 34.99 "" "" 0.0027630532175075798 0.0031034113 0.0037987665 0.006902178 41.61274909167 57.74306741212 2514.01465 0.07600000000000007 -1.157 -0.022052628338336946 -0.020947391510009794 0.13118742 0.13418743 "" "" 0.36244592024669575 "" 0.04806715359893799 "" 0.8
41.51244537473 57.65654841918 0.0111 0.0133 8.3211 "" "" 460875627527083648 2513.38086 0.3739 0.0169 0.093 -1.152 0.017 0.019 1.088 14216.9 4.0213 12.967109 1.027303 13.388925 12.361622 "" "" 2404.46729 2632.99805 122490.74292 31.011 60235.0 64.809 90055.0 59.66 "" "" 0.002768997331165324 0.0030248468 0.003847219 0.006872066 41.51244537473 57.65654841918 2513.38086 0.09300000000000014 -1.152 -0.005052628338336945 -0.01594739151000968 0.13418743 0.13618742 "" "" 0.19929574190485982 "" 0.0271054545761245 "" 0.9
41.75995691097 58.21884988565 0.0086 0.0104 27.4884 "" "" 463918835196525184 2280.02637 0.4044 0.0125 0.151 -1.155 0.012 0.015 0.926 13853.1 3.8279 13.223743 0.785765 13.526321 12.740557 "" "" 2223.33154 2340.44043 96705.15257 21.717 53075.0 47.465 63524.0 40.047 "" "" 0.002766087311792116 0.0029542916 0.0038408632 0.006795155 41.75995691097 58.21884988565 2280.02637 0.1510000000000002 -1.1550000000000005 0.05294737166166305 -0.018947391510009792 0.12918742 0.13218743 "" "" 0.6077549740242726 "" 0.07872340214491047 "" 0.8
41.74396607127 57.39991707176 0.0099 0.012 21.8654 "" "" 460857210707995520 2335.36108 0.3954 0.0154 0.193 -1.129 0.014 0.017 1.051 "" "" 13.314408 1.371927 13.920565 12.548637 "" "" 2255.89307 2412.3728 88957.70039 25.071 36914.0 48.698 75806.0 54.195 "" "" 0.002772259278106877 0.00313634 0.0038582678 0.006994608 41.74396607127 57.39991707176 2335.36108 0.193 -1.1290000000000004 0.09494737166166306 0.007052608489990231 0.13118742 0.13418743 "" "" 1.0539260031410154 "" 0.1382793838376114 "" 0.8
41.43908931176 57.77368821881 0.01 0.0125 7.722 "" "" 460903287116447872 2354.84595 0.3888 0.0153 0.162 -1.205 0.015 0.017 0.928 14055.8 4.2015 13.614359 0.899416 13.973543 13.074127 "" "" 2272.22437 2445.198 67484.37525 14.141 35156.0 31.09 46720.0 25.841 "" "" 0.0027646971567318475 0.0029507566 0.0038267947 0.006777551 41.43908931176 57.77368821881 2354.84595 0.16200000000000003 -1.2049999999999998 0.06394737166166306 -0.06894739151000984 0.13218743 0.13418743 "" "" 1.0496412268170912 "" 0.13988180312930787 "" 0.8
41.55648402801 57.74303962952 0.0123 0.0147 4.1116 "" "" 460902325043776128 2347.33569 0.3924 0.018 0.102 -1.068 0.017 0.022 1.237 12434.5 3.8226 13.807505 1.193014 14.313517 13.120502 "" "" 2237.59302 2442.76099 56486.53264 12.257 25705.0 31.356 44767.0 20.67 "" "" 0.0027653740739978774 0.0030885513 0.0038124847 0.006901036 41.55648402801 57.74303962952 2347.33569 0.10199999999999992 -1.068 0.003947371661663049 0.06805260848999017 0.13418743 0.13918743 "" "" 0.758451292687648 "" 0.10555439394270368 "" 0.8
41.58424455441 57.72197780175 0.0108 0.0128 3.9086 "" "" 460899301387220864 2294.19971 0.4072 0.0165 0.228 -1.152 0.015 0.02 1.005 12475.9 4.0792 13.909362 1.031498 14.332457 13.300959 "" "" 2207.23877 2419.8208 51428.26704 10.743 25260.0 27.072 37912.0 27.334 "" "" 0.002764639002310174 0.003023088 0.003859599 0.006882687 41.58424455441 57.72197780175 2294.19971 0.2280000000000001 -1.152 0.12994737166166306 -0.01594739151000968 0.13218743 0.13718742 "" "" 1.4237150059695534 "" 0.18830480861685123 "" 0.8
41.50905576754 57.73680971349 0.0121 0.0146 5.6744 "" "" 460902496842471808 2233.09961 0.4148 0.0179 0.099 -1.098 0.017 0.021 0.995 15001.6 4.005 14.295933 1.153777 14.782233 13.628456 "" "" 2164.23706 2330.43945 36022.48013 8.991 16693.0 24.246 28040.0 21.129 "" "" 0.0027686146038110905 0.0032049895 0.0038669202 0.0070719095 41.50905576754 57.73680971349 2233.09961 0.09899999999999998 -1.0980000000000008 0.0009473716616630601 0.03805260848999015 0.13418743 0.13818742 "" "" 0.4029075658320031 "" 0.055675774495156 "" 1.0
41.62463083199 58.13435132788 0.0125 0.0144 22.3676 "" "" 463916842331776256 2254.38745 0.409 0.0181 0.183 -1.095 0.017 0.02 1.0 10100.8 3.9377 14.433163 1.021465 14.850347 13.828882 "" "" 2172.36133 2335.06226 31745.46098 6.1498 15678.0 17.368 23313.0 17.28 "" "" 0.002763336499224983 0.0030383728 0.003864114 0.006902487 41.62463083199 58.13435132788 2254.38745 0.1830000000000001 -1.0950000000000002 0.08494737166166305 0.04105260848999026 0.13418743 0.13718742 "" "" 1.0081737614219881 "" 0.13586205107290733 "" 0.8
41.62041231667 57.90960726955 0.0133 0.0163 9.0144 "" "" 460906035895491840 2324.90234 0.4018 0.0192 0.112 -1.232 0.019 0.023 1.055 8987.6 3.5839 14.513003 0.987054 14.911359 13.924305 "" "" 2219.2627 2448.30103 29494.78455 7.094 14821.0 18.7 21352.0 14.457 "" "" 0.0027676673423220714 0.0031083229 0.0038502133 0.006958536 41.62041231667 57.90960726955 2324.90234 0.11199999999999966 -1.2319999999999993 0.013947371661663058 -0.09594739151000975 0.13618742 0.14018743 "" "" 1.0684567373049358 "" 0.14969699643344267 "" 0.8
41.89745719066 57.8211105762 0.0165 0.0199 7.8013 "" "" 460906585651612288 2073.94604 0.4498 0.0247 0.149 -1.072 0.024 0.029 0.98 10390.7 3.9408 15.064315 1.200522 15.574697 14.374175 "" "" 1981.16235 2196.00879 17750.91745 5.0457 8045.2 17.486 14109.0 16.057 "" "" 0.0027725504668692762 0.0036542816 0.0039762463 0.007630528 41.89745719066 57.8211105762 2073.94604 0.14900000000000008 -1.0720000000000005 0.05094737166166305 0.06405260848999017 0.14118743 0.14618742 "" "" 0.8045636441244671 "" 0.11607478339002877 "" 1.0
41.49193050679 57.56824489391 0.0198 0.0226 13.1287 "" "" 460874631095231616 2288.2312 0.4029 0.0294 0.104 -1.126 0.029 0.034 1.118 9324.6 3.5036 15.140653 1.140887 15.615541 14.474654 "" "" 2152.94019 2462.65015 16545.72738 4.8672 7748.2 22.486 12862.0 12.462 "" "" 0.0027737695722011447 0.0042087133 0.003923056 0.0081317695 41.49193050679 57.56824489391 2288.2312 0.10399999999999998 -1.126 0.005947371661663051 0.010052608489990345 0.14618742 0.15118742 "" "" 0.12668555066761028 "" 0.01899106165414119 "" 0.8
41.70991938528 57.72578282835 0.0201 0.0237 2.4195 "" "" 460898751631382016 2083.68872 0.4449 0.0297 0.117 -1.142 0.028 0.034 0.996 "" "" 15.368401 1.089868 15.818146 14.728277 "" "" 1947.72131 2213.8894 13414.86562 3.7317 6429.2 17.665 10182.0 15.101 "" "" 0.0027718241748024217 0.0040846635 0.004108123 0.008192787 41.70991938528 57.72578282835 2083.68872 0.11699999999999994 -1.1420000000000006 0.018947371661663062 -0.00594739151000967 0.14518742 0.15118742 "" "" 0.19613970489009694 "" 0.02858454686348811 "" 0.8
41.75439112965 58.05138670937 0.0205 0.0241 17.485 "" "" 460912972263164288 2062.00708 0.4568 0.0285 0.227 -1.106 0.029 0.035 0.915 "" "" 15.480413 1.085561 15.924347 14.838786 "" "" 1952.0426 2213.23633 12099.8844 3.6638 5830.1 15.049 9196.9 14.901 "" "" 0.0027748640471998314 0.003954672 0.004168725 0.008123397 41.75439112965 58.05138670937 2062.00708 0.22700000000000004 -1.1060000000000003 0.12894737166166306 0.03005260848999014 0.14618742 0.15218742 "" "" 1.294096566793087 "" 0.1895884376492163 "" 0.9
41.45056618746 58.12570354874 0.0205 0.0257 22.9682 "" "" 463919522391395200 2020.99512 0.4607 0.0301 -0.164 -1.229 0.028 0.037 1.046 8836.5 3.72 15.484931 1.309071 16.058794 14.749723 "" "" 1923.81714 2152.17041 12049.65002 3.7262 5151.1 19.447 9983.2 11.634 "" "" 0.002775701257189189 0.004958505 0.0039855535 0.008944059 41.45056618746 58.12570354874 2020.99512 -0.1639999999999997 -1.2290000000000003 -0.262052628338337 -0.09294739151000986 0.14518742 0.15418743 "" "" 2.663567354786314 "" 0.3894685168537365 "" 0.8
41.31440332342 57.84343503185 0.026 0.031 12.6378 "" "" 463907049806572544 2267.98096 0.4074 0.0382 0.062 -1.124 0.036 0.042 1.155 7468.7 4.269 15.824159 1.425208 16.438084 15.012876 "" "" 2072.16284 2462.80054 8816.23799 3.636 3632.3 11.161 7834.4 15.325 "" "" 0.0027914685168707277 0.0043491325 0.004335247 0.00868438 41.31440332342 57.84343503185 2267.98096 0.062000000000000166 -1.124 -0.036052628338336945 0.012052608489990124 0.15318742 0.15918742 "" "" 0.408658270174027 "" 0.06285211613957437 "" 0.8
