Clusters/FSR_0224/FSR_0224_stars_in_region.tsv
# %ECSV 1.0
# ---
# datatype:
# - name: RA_ICRS_1
#   unit: deg
#   datatype: float64
#   format: '{:15.11f}'
#   description: Right ascension (ICRS) at Ep=2016.0 (ra)
#   meta: !!omap
#   - {ucd: POS_EQ_RA_MAIN}
#   - {width: 15}
#   - {precision: '11'}
# - name: DE_ICRS_1
#   unit: deg
#   datatype: float64
#   format: '{:15.11f}'
#   description: Declination (ICRS) at Ep=2016.0 (dec)
#   meta: !!omap
#   - {ucd: POS_EQ_DEC_MAIN}
#   - {width: 15}
#   - {precision: '11'}
# - name: e_RA_ICRS
#   unit: mas
#   datatype: float64
#   format: '{:7.4f}'
#   description: Standard error of right ascension (ra_error)
#   meta: !!omap
#   - {ucd: ERROR}
#   - {width: 7}
#   - {precision: '4'}
# - name: e_DE_ICRS
#   unit: mas
#   datatype: float64
#   format: '{:7.4f}'
#   description: Standard error of declination (dec_error)
#   meta: !!omap
#   - {ucd: ERROR}
#   - {width: 7}
#   - {precision: '4'}
# - name: _r_1
#   unit: ''
#   datatype: float64
#   format: '{:7.4f}'
#   description: Distance from center (306.35090741000+40.22430595000)[ICRS], at Epoch=J2016.0
#   meta: !!omap
#   - {ucd: POS_ANG_DIST_GENERAL}
#   - {width: 7}
#   - {precision: '4'}
# - name: HIP
#   datatype: int32
#   description: '? HIP cross-id number, van Leeuwen, Cat. I/311 (hip_original_ext_source_id)'
#   meta: !!omap
#   - {ucd: ID_NUMBER}
#   - {width: 6}
#   - values: {'null': -2147483648}
# - name: TYC2
#   datatype: string
#   description: Tycho-2 cross-id name, Hog et al., Cat. I/259 (tyc2_original_ext_source_id)
#   meta: !!omap
#   - {ucd: ID_CROSSID}
#   - {_votable_string_dtype: char}
# - name: Source
#   datatype: int64
#   description: Source identifier, identical to the Gaia-EDR3 source_id (id)
#   meta: !!omap
#   - {ucd: ID_MAIN}
#   - {width: 19}
# - name: rgeo
#   unit: pc
#   datatype: float64
#   format: '{:15.8f}'
#   description: '? Median of the geometric distance posterior (r_med_geo)'
#   meta: !!omap
#   - {ucd: PHYS_DISTANCE_TRUE}
#   - {width: 15}
#   - {precision: '8'}
#   - values: {'null': .nan}
# - name: Plx
#   unit: mas
#   datatype: float64
#   format: '{:9.4f}'
#   description: '? Parallax (parallax)'
#   meta: !!omap
#   - {ucd: POS_PARLX_TRIG}
#   - {width: 9}
#   - {precision: '4'}
#   - values: {'null': .nan}
# - name: e_Plx
#   unit: mas
#   datatype: float32
#   format: '{:7.4f}'
#   description: '? Standard error of parallax (parallax_error)'
#   meta: !!omap
#   - {ucd: ERROR}
#   - {width: 7}
#   - {precision: '4'}
#   - values: {'null': .nan}
# - name: pmRA
#   unit: mas / yr
#   datatype: float64
#   format: '{:9.3f}'
#   description: '? Proper motion in right ascension direction, pmRA*cosDE (pmra)'
#   meta: !!omap
#   - {ucd: POS_EQ_PMRA}
#   - {width: 9}
#   - {precision: '3'}
#   - values: {'null': .nan}
# - name: pmDE
#   unit: mas / yr
#   datatype: float64
#   format: '{:9.3f}'
#   description: '? Proper motion in declination direction (pmdec)'
#   meta: !!omap
#   - {ucd: POS_EQ_PMDEC}
#   - {width: 9}
#   - {precision: '3'}
#   - values: {'null': .nan}
# - name: e_pmRA
#   unit: mas / yr
#   datatype: float32
#   format: '{:6.3f}'
#   description: '? Standard error of proper motion in right ascension direction (pmra_error)'
#   meta: !!omap
#   - {ucd: ERROR}
#   - {width: 6}
#   - {precision: '3'}
#   - values: {'null': .nan}
# - name: e_pmDE
[...]
#         unit: &id001 !astropy.units.Unit {unit: deg}
#         value: !astropy.table.SerializedColumn {name: SkyCoord.dec}
#       distance: !astropy.table.SerializedColumn
#         __class__: astropy.coordinates.distances.Distance
#         unit: !astropy.units.Unit {unit: pc}
#         value: !astropy.table.SerializedColumn {name: SkyCoord.distance}
#       frame: icrs
#       obstime: !astropy.time.Time {format: jyear_str, in_subfmt: '*', jd1: 367701545.0, jd2: 0.0, out_subfmt: '*', precision: 3, scale: tt}
#       pm_dec: !astropy.table.SerializedColumn
#         __class__: astropy.units.quantity.Quantity
#         unit: !astropy.units.Unit {unit: mas / yr}
#         value: !astropy.table.SerializedColumn {name: SkyCoord.pm_dec}
#       pm_ra_cosdec: !astropy.table.SerializedColumn
#         __class__: astropy.units.quantity.Quantity
#         unit: !astropy.units.Unit {unit: mas / yr}
#         value: !astropy.table.SerializedColumn {name: SkyCoord.pm_ra_cosdec}
#       ra: !astropy.table.SerializedColumn
#         __class__: astropy.coordinates.angles.Longitude
#         unit: *id001
#         value: !astropy.table.SerializedColumn {name: SkyCoord.ra}
#         wrap_angle: !astropy.coordinates.Angle
#           unit: *id001
#           value: 360.0
#       representation_type: spherical
# schema: astropy-2.0
RA_ICRS_1 DE_ICRS_1 e_RA_ICRS e_DE_ICRS _r_1 HIP TYC2 Source rgeo Plx e_Plx pmRA pmDE e_pmRA e_pmDE RUWE Teff logg Gmag BP-RP BPmag RPmag RV e_RV b_rgeo B_rgeo FG e_FG FBP e_FBP FRP e_FRP RAVE5 RAVE6 e_Gmag e_BPmag e_RPmag e_BP-RP SkyCoord.ra SkyCoord.dec SkyCoord.distance SkyCoord.pm_ra_cosdec SkyCoord.pm_dec
[from data line 123]
306.46181496115 40.33874060129 0.0174 0.0194 8.539 "" "" 2067485076050079360 1639.14893 0.5793 0.0228 -2.74 -5.977 0.024 0.025 1.03 "" "" 15.270878 1.739238 16.10115 14.361913 "" "" 1578.87329 1696.28296 14675.59367 4.8748 4954.0 9.3071 14269.0 13.516 "" "" 0.0027788230494533227 0.0034562608 0.003916812 0.007373073 306.46181496115 40.33874060129 1639.14893 -2.7399999999999998 -5.977
305.94461493267 40.20554373718 0.0189 0.0221 18.6494 "" "" 2067491363882319104 1446.96338 0.6595 0.0242 -3.399 -9.447 0.026 0.029 1.002 5035.9 3.3741 15.303599 2.215903 16.462214 14.24631 -9.74 4.91 1403.03015 1514.73499 14239.90057 8.2396 3552.5 11.85 15872.0 21.686 "" "" 0.002826034511153255 0.0045718183 0.0040600915 0.008631909 305.94461493267 40.20554373718 1446.96338 -3.398999999999999 -9.447
305.98063676993 40.33356418531 0.0259 0.0326 18.1725 "" "" 2067494490618025856 1803.1886 0.4976 0.0352 -4.443 -7.065 0.036 0.042 1.027 6805.9 2.1501 15.304333 4.026987 17.905031 13.878044 -7.72 3.07 1702.55457 1957.9386 14230.28436 8.7744 940.6 12.288 22281.0 17.112 "" "" 0.00283548466959489 0.014455885 0.0038702767 0.018326161 305.98063676993 40.33356418531 1803.1886 -4.442999999999999 -7.064999999999999
305.96150665724 40.1962351558 0.0189 0.0217 17.922 "" "" 2067491329522576128 1402.75232 0.6885 0.0242 3.301 -2.358 0.025 0.028 0.975 7457.8 3.6865 15.309643 1.785816 16.172424 14.386608 1.01 6.85 1359.08374 1454.21411 14160.85596 4.9015 4639.2 12.244 13948.0 17.142 "" "" 0.0027808307426254275 0.003999537 0.004008023 0.00800756 305.96150665724 40.1962351558 1402.75232 3.301 -2.358
306.38268714042 40.20681651574 0.0187 0.0197 1.7948 "" "" 2067479819009599488 1671.71606 0.558 0.0235 -3.127 -4.469 0.024 0.025 1.035 "" "" 15.333284 1.816102 16.206764 14.390662 "" "" 1601.67004 1741.10803 13855.84739 4.418 4494.8 10.051 13896.0 15.282 "" "" 0.0027769836611186436 0.0036985863 0.0039635124 0.007662099 306.38268714042 40.20681651574 1671.71606 -3.127 -4.469
306.53556548729 40.30524263567 0.017 0.0199 9.7498 "" "" 2067575579599330432 1531.79407 0.6202 0.0229 4.151 -2.128 0.024 0.027 1.041 7756.2 3.5765 15.333412 1.960669 16.305796 14.345127 -44.92 11.88 1474.13904 1604.18799 13854.21497 4.449 4103.0 13.553 14491.0 17.766 "" "" 0.002777292689397285 0.0045439284 0.004006943 0.008550871 306.53556548729 40.30524263567 1531.79407 4.151 -2.128
306.4773570852 40.2826274127 0.0182 0.0208 6.7656 "" "" 2067481949313372672 1554.88708 0.6106 0.0242 -0.88 0.644 0.024 0.028 0.986 5522.6 3.6568 15.339319 1.952955 16.310474 14.357519 27.94 12.45 1499.52258 1624.84937 13779.0462 4.0434 4085.3 13.381 14327.0 25.352 "" "" 0.002773679539682805 0.0045201513 0.00423968 0.008759831 306.4773570852 40.2826274127 1554.88708 -0.8799999999999999 0.6439999999999998
306.15261607396 40.22438607718 0.0229 0.0278 9.084 "" "" 2067489542815615232 1675.97266 0.544 0.0302 -2.487 -5.073 0.031 0.034 0.971 "" "" 15.342157 3.604134 17.572924 13.96879 -24.06 2.38 1610.67896 1760.43298 13743.06634 7.7897 1277.2 14.671 20495.0 21.088 "" "" 0.002823209757650922 0.012779982 0.0039410344 0.016721016 306.15261607396 40.22438607718 1675.97266 -2.4870000000000005 -5.073000000000001
306.47037277528 40.38252128896 0.0196 0.0218 10.9543 "" "" 2067579256091396224 1399.80127 0.6834 0.026 -1.006 -4.52 0.027 0.028 1.118 6500.3 3.737 15.349115 1.659673 16.132402 14.47273 "" "" 1360.56836 1457.46716 13655.27974 11.742 4813.4 17.93 12884.0 28.667 "" "" 0.0029091954385739123 0.0049134623 0.0044854963 0.009398959 306.47037277528 40.38252128896 1399.80127 -1.0059999999999998 -4.52
306.31334666126 40.26343578661 0.0204 0.0226 2.9105 "" "" 2067483873458754048 1420.2605 0.6722 0.0265 -1.042 -7.119 0.027 0.029 1.077 7197.7 3.7166 15.362335 1.634983 16.115143 14.48016 "" "" 1366.50903 1485.03564 13490.02758 4.4996 4890.6 16.795 12797.0 13.419 "" "" 0.0027790178374732136 0.00465696 0.0039471416 0.008604102 306.31334666126 40.26343578661 1420.2605 -1.042 -7.118999999999999
306.70405950942 40.39117711679 0.0186 0.0219 19.0089 "" "" 2067577228866724224 1372.48877 0.7008 0.024 -2.505 -3.543 0.025 0.029 1.137 6476.5 3.9997 15.37163 1.703106 16.181927 14.478821 "" "" 1337.42297 1406.39087 13375.03047 6.9411 4598.8 16.173 12812.0 22.664 "" "" 0.002812342241793418 0.0047291103 0.0042394046 0.008968515 306.70405950942 40.39117711679 1372.48877 -2.505 -3.5429999999999993
306.28852576104 40.22628260854 0.0199 0.0216 2.8602 "" "" 2067483358062676864 1815.57056 0.5079 0.0258 -4.733 -4.638 0.029 0.029 0.986 "" "" 15.371731 2.956604 17.085794 14.12919 -12.11 3.83 1734.83887 1898.22009 13373.78299 5.1175 2000.3 11.971 17680.0 25.789 "" "" 0.0027864664593730314 0.0070714313 0.004097789 0.01116922 306.28852576104 40.22628260854 1815.57056 -4.733 -4.637999999999998
306.14276348406 40.48154074401 0.0181 0.0215 18.1325 "" "" 2067501568724118784 1640.16113 0.5882 0.0232 -3.821 -3.202 0.024 0.027 1.03 7985.4 4.1345 15.395414 1.509496 16.08236 14.572864 "" "" 1557.625 1709.00427 13085.21556 4.1043 5040.5 9.6729 11749.0 14.577 "" "" 0.0027762861112870427 0.0034822833 0.004012273 0.0074945567 306.14276348406 40.48154074401 1640.16113 -3.8210000000000006 -3.202
306.52527141904 40.43875621509 0.0182 0.0216 15.1381 "" "" 2067579805847205632 1458.53271 0.6602 0.0246 -2.423 -10.277 0.024 0.028 1.032 5108.8 3.499 15.403442 2.20632 16.552511 14.346191 -15.65 4.15 1402.36255 1517.33594 12988.81715 4.2235 3269.0 20.337 14477.0 10.655 "" "" 0.0027778460226033186 0.007308143 0.003862937 0.01117108 306.52527141904 40.43875621509 1458.53271 -2.423 -10.276999999999997
305.91394163773 40.19587082126 0.0204 0.0231 20.0947 "" "" 2067492016717338752 1743.06018 0.5249 0.0254 -4.413 -7.435 0.026 0.03 0.996 4781.2 1.9681 15.413343 3.163788 17.286293 14.122505 -21.13 3.71 1669.8772 1825.37964 12870.91566 6.4849 1663.0 7.9732 17789.0 17.171 "" "" 0.0028090996510932295 0.005906146 0.0039219977 0.009828144 305.91394163773 40.19587082126 1743.06018 -4.413 -7.434999999999999
306.67747073331 40.310806137 0.0229 0.0272 15.8259 "" "" 2067388903140182016 1511.36377 0.6272 0.0296 -1.923 -9.049 0.031 0.033 1.26 7227.4 3.3642 15.420153 2.030796 16.41877 14.387974 -25.33 8.09 1442.14856 1582.50208 12790.44091 5.6851 3697.5 25.809 13931.0 25.242 "" "" 0.0027972631253059964 0.008075876 0.0042607407 0.012336617 306.67747073331 40.310806137 1511.36377 -1.923 -9.049
306.62337422029 40.45412068208 0.0181 0.0216 18.5851 "" "" 2067578568896588544 1529.25134 0.627 0.0239 -6.459 -8.87 0.024 0.028 1.02 6773.8 3.7591 15.421592 1.767064 16.263626 14.496562 "" "" 1480.948 1575.80505 12773.5049 3.9205 4265.5 9.879 12605.0 13.688 "" "" 0.0027753986304876656 0.0037560905 0.0039590173 0.007715108 306.62337422029 40.45412068208 1529.25134 -6.458999999999999 -8.87
306.51382180006 40.04439087105 0.0275 0.0295 13.1293 "" "" 2067289534778727168 1583.98682 0.5985 0.0335 -2.958 -4.528 0.035 0.038 1.082 "" "" 15.430289 2.254471 16.603626 14.349155 "" "" 1510.9176 1676.51721 12671.58263 5.0129 3118.6 9.5281 14438.0 15.567 "" "" 0.0027885975054893226 0.004334608 0.0039565284 0.0082911365 306.51382180006 40.04439087105 1583.98682 -2.9579999999999993 -4.527999999999999
306.31428235308 40.48562216949 0.0189 0.0193 15.7681 "" "" 2067499369700807552 1915.04138 0.4927 0.023 -1.282 -1.73 0.026 0.025 0.997 "" "" 15.440948 1.503818 16.121574 14.617757 "" "" 1848.77905 1994.64966 12547.79317 3.7326 4861.7 9.671 11273.0 9.4828 "" "" 0.0027741849294046035 0.0035284068 0.0038881712 0.007416578 306.31428235308 40.48562216949 1915.04138 -1.282 -1.73
306.41739392647 40.20814126265 0.0472 0.034 3.1969 "" "" 2067481055962383744 1842.24524 0.5078 0.0429 -2.972 -6.036 0.059 0.048 1.201 "" "" 15.448235 "" "" "" "" "" 1683.58167 2061.30493 12463.87274 8.7928 "" "" "" "" "" "" 0.0028598013102457795 "" "" "" 306.41739392647 40.20814126265 1842.24524 -2.9719999999999995 -6.036
306.05771151132 40.30763198839 0.0242 0.0301 14.3242 "" "" 2067493906502444032 1420.23853 0.6535 0.0324 0.353 -0.239 0.033 0.037 1.001 "" "" 15.449918 3.764778 17.828793 14.064014 1.13 3.04 1351.89771 1499.4624 12444.55892 8.3265 1009.0 8.5428 18774.0 22.158 "" "" 0.0028494776377705547 0.009606612 0.003990716 0.013597328 306.05771151132 40.30763198839 1420.23853 0.35300000000000004 -0.23900000000000005
306.38053036856 40.45591716351 0.0209 0.0213 13.9626 "" "" 2067592140993343360 1583.89722 0.5992 0.0258 -2.493 -2.347 0.03 0.027 1.069 8718.4 4.132 15.46626 1.665321 16.249372 14.584051 "" "" 1520.95154 1651.47375 12258.65745 3.7287 4321.8 8.3311 11629.0 12.903 "" "" 0.0027750409817014756 0.0034879153 0.003966735 0.0074546505 306.38053036856 40.45591716351 1583.89722 -2.4929999999999994 -2.347
306.5555001798 40.39771795259 0.0191 0.0221 13.9957 "" "" 2067576571735474560 1454.12708 0.6504 0.0247 -4.773 -6.171 0.025 0.029 0.984 "" "" 15.46967 1.688517 16.263502 14.574986 "" "" 1417.36035 1507.85767 12220.20833 3.9201 4266.0 12.622 11726.0 19.043 "" "" 0.0027772461793529376 0.0042549567 0.004170458 0.008425415 306.5555001798 40.39771795259 1454.12708 -4.773 -6.170999999999999
306.15826276501 40.45879118766 0.0192 0.0226 16.5999 "" "" 2067500744090387712 1899.70349 0.4782 0.0244 -0.735 -7.992 0.027 0.03 1.001 "" "" 15.474355 3.092947 17.295702 14.202755 -20.78 3.96 1807.81384 1989.81738 12167.59475 5.3332 1648.7 9.1609 16522.0 19.82 "" "" 0.0027961154479032306 0.006646807 0.0039975164 0.010644323 306.15826276501 40.45879118766 1899.70349 -0.7349999999999992 -7.992
306.28144435748 40.48645301959 0.0184 0.0209 16.0463 "" "" 2067499507139771648 1410.35449 0.6859 0.0237 -5.697 -7.043 0.026 0.027 1.005 6903.9 3.9221 15.479518 1.751258 16.320042 14.568784 "" "" 1364.47766 1456.8916 12109.86962 3.6852 4049.5 13.09 11794.0 17.034 "" "" 0.002775059730874693 0.0044835946 0.0040917885 0.008575384 306.28144435748 40.48645301959 1410.35449 -5.697 -7.043000000000001
306.32208125713 40.49694158044 0.0188 0.0195 16.4111 "" "" 2067593206145263488 1876.46753 0.5065 0.0232 -2.968 -4.936 0.026 0.025 1.004 "" "" 15.481858 1.57608 16.207853 14.631773 "" "" 1808.96521 1956.72327 12083.80046 5.0963 4490.3 10.454 11129.0 14.638 "" "" 0.0027931105882001367 0.0037649025 0.004040187 0.0078050895 306.32208125713 40.49694158044 1876.46753 -2.968 -4.935999999999999
306.5552493531 40.3884836896 0.1183 0.1356 13.5814 "" "" 2067576507312599808 1705.03638 0.5804 0.1516 -0.104 -7.267 0.163 0.195 7.294 5241.7 4.3556 15.487844 1.484282 16.07522 14.590939 "" "" 1416.68103 2054.56104 12017.35324 15.726 5073.7 12.064 11555.0 22.161 "" "" 0.003100075740190047 0.0038012846 0.004315056 0.00811634 306.5552493531 40.3884836896 1705.03638 -0.10400000000000009 -7.267
306.39813142565 40.34786408235 0.0208 0.0223 7.7221 "" "" 2067485969402792064 1648.72144 0.573 0.027 -2.212 -4.108 0.029 0.028 1.056 "" "" 15.489206 2.018239 16.49586 14.47762 "" "" 1573.56873 1726.17578 12002.29678 4.3694 3444.1 8.5242 12827.0 12.266 "" "" 0.002783526373701665 0.003873779 0.0039193993 0.0077931783 306.39813142565 40.34786408235 1648.72144 -2.212 -4.107999999999999
305.97908448927 40.42697661329 0.0213 0.024 20.9081 "" "" 2067542319373859584 1589.90173 0.5957 0.0276 -2.944 -5.896 0.03 0.03 1.051 "" "" 15.495731 1.924745 16.441998 14.517253 "" "" 1535.53638 1649.17175 11930.3761 3.9155 3619.2 15.64 12367.0 15.371 "" "" 0.0027782662559411933 0.005458841 0.004013077 0.0094719175 305.97908448927 40.42697661329 1589.90173 -2.9440000000000004 -5.896000000000001
306.49000519844 40.28118738339 0.0192 0.0225 7.2263 "" "" 2067481743154939776 1840.82227 0.5133 0.0267 -1.629 -2.223 0.026 0.029 1.04 8599.8 3.4738 15.495741 1.753057 16.329754 14.576696 "" "" 1751.95325 1936.4917 11930.27013 3.6332 4013.4 11.232 11708.0 16.576 "" "" 0.0027750885031075576 0.0041252812 0.004080026 0.008205308 306.49000519844 40.28118738339 1840.82227 -1.629 -2.223
306.59849997213 40.28393456945 0.0264 0.0306 11.8886 "" "" 2067574617526615296 1844.6532 0.5255 0.0351 -3.243 -4.035 0.036 0.04 1.406 7968.9 3.4993 15.511802 1.449721 16.123806 14.674085 "" "" 1728.01575 1984.41589 11755.09471 4.0071 4851.7 27.537 10703.0 66.657 "" "" 0.002780066415881782 0.0067645926 0.007746362 0.014510955 306.59849997213 40.28393456945 1844.6532 -3.2430000000000003 -4.034999999999999
306.44269642358 40.41054472687 0.0193 0.0244 11.9373 "" "" 2067580080725136128 1576.89148 0.6014 0.0271 -0.946 -4.612 0.025 0.031 0.988 "" "" 15.51252 1.990155 16.510561 14.520406 "" "" 1521.40515 1641.68738 11747.32097 4.0851 3397.8 12.007 12331.0 13.842 "" "" 0.0027810685709740517 0.0047439993 0.003971039 0.008715038 306.44269642358 40.41054472687 1576.89148 -0.9459999999999996 -4.612
306.61882925081 40.29374093037 0.0192 0.0223 12.9557 "" "" 2067575025547207168 1888.48828 0.4994 0.0257 -3.478 -5.29 0.027 0.029 1.006 "" "" 15.512847 1.45044 16.154215 14.703775 "" "" 1807.53772 1993.20776 11743.78185 3.4691 4717.7 16.751 10415.0 16.242 "" "" 0.0027739239522647577 0.0047588632 0.004141329 0.008900192 306.61882925081 40.29374093037 1888.48828 -3.4780000000000006 -5.289999999999999
306.38444721394 40.27545903529 0.0198 0.0216 3.432 "" "" 2067484595013245824 1807.91162 0.522 0.026 -2.117 -3.571 0.027 0.028 0.99 "" "" 15.529831 1.97582 16.48963 14.51381 "" "" 1731.92078 1910.30652 11561.50495 4.0323 3463.9 16.628 12406.0 29.727 "" "" 0.0027812194481149446 0.0059117945 0.0045882617 0.010500057 306.38444721394 40.27545903529 1807.91162 -2.117 -3.5709999999999997
306.33812301487 40.10836037524 0.02 0.0219 6.9814 "" "" 2067478856936917632 1597.52393 0.5885 0.0256 -2.802 -4.866 0.026 0.031 0.985 "" "" 15.538116 2.352999 16.781364 14.428366 "" "" 1540.67676 1670.49463 11473.60812 4.4295 2647.7 8.674 13422.0 14.473 "" "" 0.0027870206035964583 0.004520705 0.0039565633 0.008477269 306.33812301487 40.10836037524 1597.52393 -2.8019999999999996 -4.865999999999999
306.53392958619 39.99720781867 0.0302 0.0333 16.0062 "" "" 2067286201882849920 1642.59656 0.5419 0.0377 3.617 -7.002 0.039 0.043 0.934 4660.9 2.2268 15.548737 4.163906 18.260357 14.096451 -14.77 3.77 1532.8678 1741.78333 11361.93476 8.4452 678.07 9.5069 18221.0 22.241 "" "" 0.002871073605898034 0.01547619 0.0040050074 0.019481197 306.53392958619 39.99720781867 1642.59656 3.616999999999999 -7.002
306.47885926026 40.48714124335 0.0202 0.0233 16.8203 "" "" 2067580905358870016 1625.8219 0.5784 0.0267 -4.158 -8.328 0.027 0.029 0.99 "" "" 15.553043 2.000202 16.551218 14.551016 "" "" 1571.67517 1705.17444 11316.94864 4.7089 3272.9 11.052 11988.0 12.952 "" "" 0.002792110802088804 0.0046072854 0.0039572413 0.008564526 306.47885926026 40.48714124335 1625.8219 -4.158 -8.328
306.45188571792 40.26197455651 0.0203 0.0211 5.1474 "" "" 2067481811874420736 1583.60156 0.6013 0.0257 1.19 3.231 0.026 0.027 1.02 6892.8 3.8879 15.554345 1.797701 16.4243 14.626598 "" "" 1528.91602 1653.1062 11303.39195 3.3927 3678.7 9.5067 11182.0 14.598 "" "" 0.00277452496396634 0.0039569777 0.0040364345 0.007993412 306.45188571792 40.26197455651 1583.60156 1.1900000000000004 3.231
306.59774669167 40.23147127576 0.0215 0.0243 11.3156 "" "" 2067386738476669440 1693.85144 0.56 0.0282 -2.969 -5.02 0.029 0.033 0.977 "" "" 15.566414 2.103169 16.632137 14.528968 "" "" 1622.99121 1758.08264 11178.43557 4.2128 3037.8 12.374 12234.0 19.872 "" "" 0.0027855371953068066 0.00522917 0.0041706082 0.009399778 306.59774669167 40.23147127576 1693.85144 -2.969 -5.02
306.28483107741 40.44845472709 0.0289 0.0338 13.7843 "" "" 2067499197902115072 1600.13062 0.5991 0.0372 -4.933 -5.91 0.041 0.044 1.658 7197.0 3.4738 15.57002 1.759208 16.404408 14.6452 "" "" 1510.65015 1689.32898 11141.37759 6.7792 3746.7 10.063 10992.0 11.173 "" "" 0.002833413592929485 0.004035927 0.003937219 0.007973146 306.28483107741 40.44845472709 1600.13062 -4.933 -5.91
