Clusters/FSR_0224/FSR_0224_stars_in_region.tsv
# %ECSV 1.0
# ---
# datatype:
# - name: RA_ICRS_1
#   unit: deg
#   datatype: float64
#   format: '{:15.11f}'
#   description: Right ascension (ICRS) at Ep=2016.0 (ra)
#   meta: !!omap
#   - {ucd: POS_EQ_RA_MAIN}
#   - {width: 15}
#   - {precision: '11'}
# - name: DE_ICRS_1
#   unit: deg
#   datatype: float64
#   format: '{:15.11f}'
#   description: Declination (ICRS) at Ep=2016.0 (dec)
#   meta: !!omap
#   - {ucd: POS_EQ_DEC_MAIN}
#   - {width: 15}
#   - {precision: '11'}
# - name: e_RA_ICRS
#   unit: mas
#   datatype: float64
#   format: '{:7.4f}'
#   description: Standard error of right ascension (ra_error)
#   meta: !!omap
#   - {ucd: ERROR}
#   - {width: 7}
#   - {precision: '4'}
# - name: e_DE_ICRS
#   unit: mas
#   datatype: float64
#   format: '{:7.4f}'
#   description: Standard error of declination (dec_error)
#   meta: !!omap
#   - {ucd: ERROR}
#   - {width: 7}
#   - {precision: '4'}
# - name: _r_1
#   unit: ''
#   datatype: float64
#   format: '{:7.4f}'
#   description: Distance from center (306.35090741000+40.22430595000)[ICRS], at Epoch=J2016.0
#   meta: !!omap
#   - {ucd: POS_ANG_DIST_GENERAL}
#   - {width: 7}
#   - {precision: '4'}
# - name: HIP
#   datatype: int32
#   description: '? HIP cross-id number, van Leeuwen, Cat. I/311 (hip_original_ext_source_id)'
#   meta: !!omap
#   - {ucd: ID_NUMBER}
#   - {width: 6}
#   - values: {'null': -2147483648}
# - name: TYC2
#   datatype: string
#   description: Tycho-2 cross-id name, Hog et al., Cat. I/259 (tyc2_original_ext_source_id)
#   meta: !!omap
#   - {ucd: ID_CROSSID}
#   - {_votable_string_dtype: char}
# - name: Source
#   datatype: int64
#   description: Source identifier, identical to the Gaia-EDR3 source_id (id)
#   meta: !!omap
#   - {ucd: ID_MAIN}
#   - {width: 19}
# - name: rgeo
#   unit: pc
#   datatype: float64
#   format: '{:15.8f}'
#   description: '? Median of the geometric distance posterior (r_med_geo)'
#   meta: !!omap
#   - {ucd: PHYS_DISTANCE_TRUE}
#   - {width: 15}
#   - {precision: '8'}
#   - values: {'null': .nan}
# - name: Plx
#   unit: mas
#   datatype: float64
#   format: '{:9.4f}'
#   description: '? Parallax (parallax)'
#   meta: !!omap
#   - {ucd: POS_PARLX_TRIG}
#   - {width: 9}
#   - {precision: '4'}
#   - values: {'null': .nan}
# - name: e_Plx
#   unit: mas
#   datatype: float32
#   format: '{:7.4f}'
#   description: '? Standard error of parallax (parallax_error)'
#   meta: !!omap
#   - {ucd: ERROR}
#   - {width: 7}
#   - {precision: '4'}
#   - values: {'null': .nan}
# - name: pmRA
#   unit: mas / yr
#   datatype: float64
#   format: '{:9.3f}'
#   description: '? Proper motion in right ascension direction, pmRA*cosDE (pmra)'
#   meta: !!omap
#   - {ucd: POS_EQ_PMRA}
#   - {width: 9}
#   - {precision: '3'}
#   - values: {'null': .nan}
# - name: pmDE
#   unit: mas / yr
#   datatype: float64
#   format: '{:9.3f}'
#   description: '? Proper motion in declination direction (pmdec)'
#   meta: !!omap
#   - {ucd: POS_EQ_PMDEC}
#   - {width: 9}
#   - {precision: '3'}
#   - values: {'null': .nan}
# - name: e_pmRA
#   unit: mas / yr
#   datatype: float32
#   format: '{:6.3f}'
#   description: '? Standard error of proper motion in right ascension direction (pmra_error)'
#   meta: !!omap
#   - {ucd: ERROR}
#   - {width: 6}
#   - {precision: '3'}
#   - values: {'null': .nan}
# - name: e_pmDE
[...]
#         value: !astropy.table.SerializedColumn {name: SkyCoord.dec}
#       distance: !astropy.table.SerializedColumn
#         __class__: astropy.coordinates.distances.Distance
#         unit: !astropy.units.Unit {unit: pc}
#         value: !astropy.table.SerializedColumn {name: SkyCoord.distance}
#       frame: icrs
#       obstime: !astropy.time.Time {format: jyear_str, in_subfmt: '*', jd1: 367701545.0, jd2: 0.0, out_subfmt: '*', precision: 3, scale: tt}
#       pm_dec: !astropy.table.SerializedColumn
#         __class__: astropy.units.quantity.Quantity
#         unit: !astropy.units.Unit {unit: mas / yr}
#         value: !astropy.table.SerializedColumn {name: SkyCoord.pm_dec}
#       pm_ra_cosdec: !astropy.table.SerializedColumn
#         __class__: astropy.units.quantity.Quantity
#         unit: !astropy.units.Unit {unit: mas / yr}
#         value: !astropy.table.SerializedColumn {name: SkyCoord.pm_ra_cosdec}
#       ra: !astropy.table.SerializedColumn
#         __class__: astropy.coordinates.angles.Longitude
#         unit: *id001
#         value: !astropy.table.SerializedColumn {name: SkyCoord.ra}
#         wrap_angle: !astropy.coordinates.Angle
#           unit: *id001
#           value: 360.0
#       representation_type: spherical
# schema: astropy-2.0
RA_ICRS_1 DE_ICRS_1 e_RA_ICRS e_DE_ICRS _r_1 HIP TYC2 Source rgeo Plx e_Plx pmRA pmDE e_pmRA e_pmDE RUWE Teff logg Gmag BP-RP BPmag RPmag RV e_RV b_rgeo B_rgeo FG e_FG FBP e_FBP FRP e_FRP RAVE5 RAVE6 e_Gmag e_BPmag e_RPmag e_BP-RP SkyCoord.ra SkyCoord.dec SkyCoord.distance SkyCoord.pm_ra_cosdec SkyCoord.pm_dec rmRA rmDE e_rmRA e_rmDE rRV e_rRV v_pec v_pec3d e_vpec e_vpec3d
[from data line 319]
305.99576710047 40.24745796166 0.0308 0.0371 16.3259 "" "" 2067491840617457280 1861.38196 0.5037 0.0399 -2.571 -5.157 0.041 0.045 0.934 "" "" 16.442965 2.268757 17.629646 15.360889 "" "" 1727.30139 1985.62451 4986.10327 2.7564 1212.2 9.2206 5685.9 12.341 "" "" 0.002819937031780016 0.008717247 0.0044538775 0.013171125 305.99576710047 40.24745796166 1861.38196 -2.571 -5.157 0.5898333587646483 -0.7843331642150879 0.23228115 0.23628114 "" "" 8.658555667601277 "" 2.0334102445813866 ""
306.79432582155 40.2694928105 0.0339 0.0386 20.487 "" "" 2067385123568902528 1610.28064 0.5842 0.0451 -2.755 -4.69 0.047 0.047 1.091 9224.7 3.7566 16.445477 2.559018 17.847548 15.288529 "" "" 1485.90674 1745.26904 4974.58009 2.9512 991.74 8.3713 6077.8 10.646 "" "" 0.002829607654120304 0.009580042 0.004230906 0.013810948 306.79432582155 40.2694928105 1610.28064 -2.755 -4.69 0.40583335876464854 -0.3173331642150883 0.23828113 0.23828113 "" "" 3.9321604741960874 "" 0.93695964424198 ""
305.98046175683 40.29932459958 0.0316 0.0375 17.5483 "" "" 2067494250099849088 1618.5498 0.5803 0.0402 -3.269 -4.137 0.042 0.046 0.99 7490.4 3.7311 16.452017 2.897554 18.114666 15.217112 "" "" 1534.78235 1732.05981 4944.69713 2.9408 775.44 10.209 6491.0 16.609 "" "" 0.0028299743739296874 0.014563951 0.004690614 0.019254565 305.98046175683 40.29932459958 1618.5498 -3.2689999999999984 -4.1370000000000005 -0.10816664123535169 0.23566683578491254 0.23328114 0.23728114 "" "" 1.9893657780362655 "" 0.47066399994372565 ""
306.28048724124 40.34668692912 0.0413 0.0804 8.0191 "" "" 2067497548634648192 1989.38965 0.4523 0.0595 -0.056 -2.455 0.058 0.094 1.08 "" "" 16.458382 "" "" "" "" "" 1755.34277 2240.34644 4915.79939 6.5794 "" "" "" "" "" "" 0.0031150429769924437 "" "" "" 306.28048724124 40.34668692912 1989.38965 -0.05600000000000149 -2.455 3.1048333587646484 1.917666835784912 0.24928114 0.28528112 "" "" 34.41188869829892 "" 8.93749981289172 ""
306.28001373957 40.51381485019 0.0303 0.0338 17.6703 "" "" 2067502565156495616 1731.3407 0.5529 0.0386 -2.564 -4.552 0.041 0.042 1.035 8118.6 4.331 16.462608 1.714128 17.282574 15.568446 "" "" 1616.47876 1857.50977 4896.69934 2.3204 1668.7 10.211 4696.6 8.5398 "" "" 0.002802944457464863 0.007205878 0.004263935 0.011469813 306.28001373957 40.51381485019 1731.3407 -2.564 -4.552000000000001 0.5968333587646484 -0.1793331642150875 0.23228115 0.23328114 "" "" 5.11427368048235 "" 1.1883736997311674 ""
306.56046679297 40.25768408373 0.032 0.0352 9.8045 "" "" 2067574548807146112 1687.32007 0.5622 0.0422 -3.388 -5.05 0.044 0.047 0.988 8903.4 3.4071 16.465939 1.856892 17.358828 15.501936 "" "" 1595.18372 1826.22876 4881.70575 2.2899 1555.6 9.0499 4993.3 11.562 "" "" 0.002801994036612644 0.006905219 0.0045391684 0.011444388 306.56046679297 40.25768408373 1687.32007 -3.387999999999999 -5.049999999999997 -0.22716664123535146 -0.6773331642150877 0.23528114 0.23828113 "" "" 5.713795882710834 "" 1.3597664142772943 ""
306.32005961399 40.4260835441 0.0305 0.0339 12.1886 "" "" 2067498407628115584 1765.22949 0.5315 0.0396 1.973 0.194 0.041 0.041 1.065 5345.8 4.1784 16.467627 1.774352 17.327423 15.553071 "" "" 1665.50366 1890.98584 4874.12125 2.2862 1601.2 6.7855 4763.5 6.522 "" "" 0.0028019882802134436 0.0053809914 0.0040612253 0.009442217 306.32005961399 40.4260835441 1765.22949 1.9730000000000003 0.19400000000000023 5.133833358764648 4.566666835784912 0.23228115 0.23228115 "" "" 57.49097766436864 "" 13.354070316454898 ""
306.51770889035 40.53748203865 0.0316 0.0365 20.2782 "" "" 2067582554626582016 2032.88245 0.4622 0.0403 -1.876 -3.672 0.046 0.05 1.019 8528.4 3.8414 16.471598 1.873869 17.390913 15.517044 "" "" 1908.78088 2213.72632 4856.32312 2.4739 1510.3 7.6422 4924.3 11.434 "" "" 0.0028102850878912356 0.006161802 0.0045430516 0.010704854 306.51770889035 40.53748203865 2032.88245 -1.8760000000000003 -3.6719999999999997 1.2848333587646485 0.700666835784912 0.23728114 0.24128114 "" "" 14.10175115953173 "" 3.3590930820739335 ""
306.19797073426 40.51910612678 0.032 0.0402 19.0194 "" "" 2067503149272076928 1741.45142 0.5515 0.0416 -3.487 -3.912 0.045 0.051 1.041 7496.7 3.6313 16.472607 2.130301 17.533056 15.402755 "" "" 1634.22949 1886.21973 4851.80928 2.8086 1324.9 22.803 5470.9 19.229 "" "" 0.0028260946651669054 0.01889388 0.005370895 0.024264775 306.19797073426 40.51910612678 1741.45142 -3.487000000000001 -3.9119999999999964 -0.32616664123535166 0.4606668357849122 0.23628114 0.24228114 "" "" 4.659203127085157 "" 1.1195800213305718 ""
306.674778979 40.16427704321 0.0346 0.0377 15.2743 "" "" 2067385467166293760 1510.34216 0.6341 0.0457 -1.093 -2.814 0.043 0.048 1.071 7056.0 4.0175 16.472723 2.548646 17.868496 15.31985 "" "" 1419.56799 1600.01501 4851.29586 2.7492 972.79 12.152 5905.0 11.725 "" "" 0.0028231824322264083 0.013846937 0.0043510217 0.018197957 306.674778979 40.16427704321 1510.34216 -1.093 -2.814 2.0678333587646485 1.558666835784912 0.23428114 0.23928115 "" "" 18.538103000413372 "" 4.3769376291081965 ""
306.13010397804 40.49756716436 0.05 0.0588 19.2542 "" "" 2067501770583581568 1941.43237 0.5003 0.0644 -2.312 -4.447 0.07 0.076 1.649 "" "" 16.473656 1.868825 17.363758 15.494933 "" "" 1721.06567 2226.71387 4847.12685 4.5354 1548.5 7.8362 5025.6 8.7385 "" "" 0.0029366415909267926 0.006162244 0.004224666 0.01038691 306.13010397804 40.49756716436 1941.43237 -2.312 -4.447 0.8488333587646486 -0.07433316421508795 0.26128113 0.26728114 "" "" 7.841189073406326 "" 2.049116886042095 ""
306.25126973983 40.378857504 0.0317 0.0348 10.3333 "" "" 2067497101953363328 1523.23621 0.6352 0.042 -0.955 -0.229 0.044 0.044 0.946 6031.4 4.2583 16.474104 1.787519 17.272116 15.484596 "" "" 1425.16882 1628.00671 4845.12612 2.7759 1684.9 9.7346 5073.6 16.204 "" "" 0.002824664851385377 0.0068654427 0.0051291375 0.01199458 306.25126973983 40.378857504 1523.23621 -0.9549999999999998 -0.22900000000000018 2.2058333587646484 4.143666835784912 0.23528114 0.23528114 "" "" 33.89290407191118 "" 7.9743610948061665 ""
306.08524931895 40.23306029318 0.0331 0.0376 12.1807 "" "" 2067489989492237824 1785.95593 0.5398 0.0421 -2.821 -5.552 0.045 0.047 0.995 9253.4 3.8347 16.474636 1.943213 17.433523 15.49031 "" "" 1686.26904 1894.10913 4842.75223 2.8043 1452.1 10.391 5047.0 11.504 "" "" 0.0028261416956514578 0.008255178 0.004517561 0.012772739 306.08524931895 40.23306029318 1785.95593 -2.821 -5.552 0.33983335876464826 -1.1793331642150875 0.23628114 0.23828113 "" "" 10.389789602253494 "" 2.4741038629236627 ""
306.20444951567 40.18687976425 0.0326 0.0364 7.077 "" "" 2067477551266905088 1424.72522 0.6762 0.0422 3.001 -5.492 0.043 0.046 0.95 4823.9 4.1134 16.481476 2.283155 17.682657 15.399503 "" "" 1339.49329 1504.88318 4812.34226 2.4551 1154.4 14.354 5487.3 13.943 "" "" 0.002810445264534824 0.013785537 0.004679184 0.018464722 306.20444951567 40.18687976425 1424.72522 3.0010000000000003 -5.492 6.161833358764648 -1.1193331642150879 0.23428114 0.23728114 "" "" 42.29308083801989 "" 9.912549331262133 ""
306.29340823707 40.38071987566 0.0521 0.0485 9.7467 "" "" 2067497789148093952 1648.33447 0.572 0.0569 -5.655 -7.513 0.079 0.066 1.085 "" "" 16.483023 "" "" "" "" "" 1500.63879 1783.87268 4805.48759 4.5704 "" "" "" "" "" "" 0.002942464296553686 "" "" "" 306.29340823707 40.38071987566 1648.33447 -5.654999999999996 -7.512999999999998 -2.494166641235352 -3.140333164215088 0.27028114 0.25728112 "" "" 31.332948678428973 "" 8.221328103294248 ""
306.47926301739 40.41860058616 0.0321 0.0364 13.0529 "" "" 2067579732829918976 2041.45813 0.4614 0.0426 -2.738 -4.788 0.044 0.049 1.027 7982.1 4.0327 16.488522 2.043518 17.511978 15.46846 "" "" 1891.18713 2221.62183 4781.20937 2.361 1350.9 6.4107 5149.6 12.843 "" "" 0.0028069986173194492 0.005859343 0.0046492936 0.010508636 306.47926301739 40.41860058616 2041.45813 -2.7379999999999978 -4.788 0.42283335876464845 -0.41533316421508815 0.23528114 0.24028113 "" "" 5.7352389724442725 "" 1.3635504240064196 ""
306.50075259224 40.16609124411 0.0618 0.0671 7.7048 "" "" 2067480025168003456 1453.44348 0.6636 0.078 -8.072 -6.584 0.082 0.094 1.188 "" "" 16.492474 2.795819 17.45695 14.66113 "" "" 1308.34863 1582.27026 4763.83739 4.9198 1421.1 16.522 10832.0 72.627 "" "" 0.002974737389517766 0.012927681 0.008202306 0.021129988 306.50075259224 40.16609124411 1453.44348 -8.072 -6.584 -4.911166641235351 -2.2113331642150875 0.27328116 0.28528112 "" "" 37.10624448772933 "" 10.216854938589277 ""
306.44711788616 40.43424204726 0.0305 0.0348 13.3428 "" "" 2067580183804357376 1891.28271 0.4996 0.04 -3.088 -4.215 0.042 0.046 0.91 "" "" 16.49664 1.889268 17.41388 15.524611 "" "" 1760.45569 2022.23511 4745.60293 2.3001 1478.6 8.4306 4890.1 12.167 "" "" 0.0028051225569994454 0.006790321 0.004645571 0.011435892 306.44711788616 40.43424204726 1891.28271 -3.0879999999999987 -4.215000000000002 0.07283335876464836 0.15766683578491225 0.23328114 0.23728114 "" "" 1.556954321087594 "" 0.3683482776271584 ""
306.30147768484 40.34725912538 0.0331 0.0385 7.7163 "" "" 2067497479915165952 1533.63477 0.6226 0.0446 -6.304 -4.339 0.048 0.05 1.04 6417.2 4.0395 16.498491 2.274937 17.695396 15.42046 "" "" 1432.66467 1627.34546 4737.51516 2.7498 1140.9 10.302 5382.4 15.676 "" "" 0.0028264703896555203 0.010193196 0.0049277754 0.015120972 306.30147768484 40.34725912538 1533.63477 -6.303999999999996 -4.339 -3.143166641235352 0.0336668357849117 0.23928115 0.24128114 "" "" 22.850336810844524 "" 5.467660082279757 ""
306.13768717463 40.449401161 0.0319 0.038 16.6583 "" "" 2067501362565682176 1691.86194 0.5607 0.0411 -3.615 -1.757 0.044 0.048 0.978 "" "" 16.506916 2.101576 17.587257 15.485682 "" "" 1581.28223 1818.89478 4700.89327 2.5225 1260.4 6.6621 5068.6 10.13 "" "" 0.002816242067104676 0.006381205 0.0043580183 0.010739223 306.13768717463 40.449401161 1691.86194 -3.6150000000000007 -1.7569999999999997 -0.4541666412353518 2.6156668357849124 0.23528114 0.23928115 "" "" 21.28999719116017 "" 5.091822883590353 ""
306.2486070467 40.4480350815 0.031 0.0359 14.2158 "" "" 2067499060463172736 1406.15076 0.6868 0.0399 -3.533 -2.319 0.044 0.047 0.992 5756.8 4.4727 16.510365 1.513928 17.167013 15.653085 "" "" 1313.23853 1504.7478 4685.98621 2.6174 1856.1 10.221 4344.3 14.03 "" "" 0.002821270680540198 0.006597839 0.0051554446 0.011753283 306.2486070467 40.4480350815 1406.15076 -3.5330000000000004 -2.3190000000000004 -0.3721666412353515 2.053666835784912 0.23528114 0.23828113 "" "" 13.91095445976467 "" 3.3133990882787527 ""
306.59571433009 40.38674001782 0.0352 0.0401 14.8478 "" "" 2067576266794101632 1964.37317 0.4726 0.0466 -1.445 -3.325 0.047 0.053 1.109 9383.1 3.8731 16.510527 2.085006 17.5619 15.476893 "" "" 1810.17578 2167.40967 4685.28601 2.4611 1290.2 8.9815 5109.8 13.971 "" "" 0.0028137257509541717 0.008056727 0.0048058466 0.012862574 306.59571433009 40.38674001782 1964.37317 -1.445 -3.325 1.7158333587646484 1.047666835784912 0.23828113 0.24428114 "" "" 18.71905113800201 "" 4.491175865226695 ""
305.95273293514 40.31423924771 0.0345 0.0415 19.0106 "" "" 2067493047509017472 1810.45984 0.4909 0.0449 -0.317 -2.289 0.047 0.053 1.012 7925.7 3.6089 16.514614 3.584848 18.738094 15.153246 "" "" 1697.72998 1947.9198 4667.67865 3.2121 436.7 10.955 6884.3 14.236 "" "" 0.002854826501089499 0.02737918 0.0043959743 0.031775154 305.95273293514 40.31423924771 1810.45984 -0.31700000000000017 -2.2890000000000006 2.8438333587646483 2.083666835784912 0.23828113 0.24428114 "" "" 30.2542438972158 "" 7.272940237928551 ""
306.00647818486 40.4498346507 0.0325 0.0396 20.7665 "" "" 2067542456812810624 1439.28442 0.6762 0.0432 4.394 -5.227 0.046 0.049 1.022 5696.9 4.4517 16.516657 1.595438 17.269913 15.674475 "" "" 1356.50769 1525.94409 4658.90506 2.3837 1688.3 12.072 4259.6 10.94 "" "" 0.0028107616347675286 0.008249603 0.004696758 0.012946362 306.00647818486 40.4498346507 1439.28442 4.394 -5.227 7.554833358764649 -0.8543331642150882 0.23728114 0.24028113 "" "" 51.869151317939725 "" 12.309548593658416 ""
306.57165032318 40.25599888784 0.0364 0.0402 10.2874 "" "" 2067574480087662720 1832.02673 0.5184 0.0488 -1.612 -3.295 0.05 0.054 1.131 9275.7 3.5824 16.517555 1.966464 17.473988 15.507524 "" "" 1700.74146 2015.21643 4655.05067 2.8608 1399.0 7.6126 4967.6 11.225 "" "" 0.00283496199980966 0.0065337103 0.0045058606 0.011039571 306.57165032318 40.25599888784 1832.02673 -1.6120000000000005 -3.295 1.5488333587646483 1.0776668357849122 0.24128114 0.24528114 "" "" 16.38515034341775 "" 3.9749260770138326 ""
306.188803567 40.38423814077 0.0316 0.0369 12.1285 "" "" 2067497308116518528 1926.43347 0.4858 0.0416 -1.387 -1.648 0.042 0.048 1.013 8156.2 3.5872 16.518942 2.115401 17.610695 15.495294 "" "" 1774.50928 2116.14771 4649.11137 2.4455 1233.5 6.6978 5023.9 9.689 "" "" 0.002813886880154969 0.00652238 0.0043206797 0.010843059 306.188803567 40.38423814077 1926.43347 -1.387 -1.6480000000000001 1.7738333587646484 2.7246668357849124 0.23328114 0.23928115 "" "" 29.687654922579764 "" 7.0511432546037165 ""
306.05363349565 40.31445162369 0.0486 0.0614 14.6448 "" "" 2067493906502446720 1847.89929 0.4847 0.066 -0.903 -1.559 0.065 0.075 0.937 6449.1 2.9619 16.52699 3.845732 18.970188 15.124456 "" "" 1670.43359 2036.89001 4614.77428 4.1485 352.65 6.4562 7069.3 17.987 "" "" 0.0029230860029944095 0.020072171 0.0046813767 0.024753548 306.05363349565 40.31445162369 1847.89929 -0.903000000000001 -1.5589999999999997 2.2578333587646484 2.813666835784912 0.25628114 0.26628113 "" "" 31.598824515721578 "" 8.291832422030058 ""
306.68847257766 40.40756029647 0.0314 0.0376 18.9577 "" "" 2067577293289983872 1613.55225 0.5967 0.0417 -0.24 -3.326 0.041 0.047 0.992 7061.2 4.116 16.527527 1.711718 17.342152 15.630434 "" "" 1519.1189 1690.3949 4612.49278 2.5342 1579.6 5.827 4435.9 8.9485 "" "" 0.002819154630329355 0.0048812423 0.0043681692 0.0092494115 306.68847257766 40.40756029647 1613.55225 -0.240000000000001 -3.3260000000000005 2.9208333587646482 1.046666835784912 0.23228115 0.23828113 "" "" 23.7302260551043 "" 5.528471778166339 ""
306.478839877 40.27934700938 0.0317 0.0367 6.7251 "" "" 2067481738856725504 1416.94238 0.6783 0.0431 0.727 -0.463 0.042 0.048 1.006 7087.8 4.3096 16.539839 1.702983 17.358713 15.65573 "" "" 1339.15125 1502.55969 4560.48846 2.291 1555.7 12.563 4333.8 18.218 "" "" 0.002808786557226271 0.009201075 0.005925777 0.015126852 306.478839877 40.27934700938 1416.94238 0.7270000000000001 -0.4630000000000001 3.8878333587646483 3.909666835784912 0.23328114 0.23928115 "" "" 37.03161312176547 "" 8.751199139474105 ""
306.42931866137 40.01819161855 0.036 0.0408 12.8795 "" "" 2067289770995757056 1743.95667 0.538 0.0458 -4.402 -6.083 0.045 0.057 0.953 8598.8 3.0415 16.54111 3.642181 18.797255 15.155073 "" "" 1623.43909 1897.69702 4555.15813 3.8841 413.54 11.094 6872.7 20.748 "" "" 0.0029066942772623745 0.02926028 0.005002723 0.034263004 306.42931866137 40.01819161855 1743.95667 -4.401999999999999 -6.083 -1.2411666412353517 -1.710333164215088 0.23628114 0.24828114 "" "" 17.468695130012453 "" 4.265999661441 ""
306.28619969642 40.47554396378 0.032 0.0359 15.3619 "" "" 2067499434121352576 1716.0166 0.5614 0.0405 -0.926 -1.613 0.044 0.045 1.029 7392.6 3.7081 16.543465 1.810253 17.414877 15.604624 "" "" 1591.31543 1812.30444 4545.28439 2.242 1477.3 8.2814 4542.6 11.712 "" "" 0.002806884692088781 0.006695455 0.0047031753 0.01139863 306.28619969642 40.47554396378 1716.0166 -0.9260000000000008 -1.6130000000000015 2.2348333587646483 2.759666835784912 0.23528114 0.23628114 "" "" 28.884278442406423 "" 6.813384844476212 ""
