Clusters/FSR_0224/FSR_0224_stars_in_region.tsv
# %ECSV 1.0
# ---
# datatype:
# - name: RA_ICRS_1
#   unit: deg
#   datatype: float64
#   format: '{:15.11f}'
#   description: Right ascension (ICRS) at Ep=2016.0 (ra)
#   meta: !!omap
#   - {ucd: POS_EQ_RA_MAIN}
#   - {width: 15}
#   - {precision: '11'}
# - name: DE_ICRS_1
#   unit: deg
#   datatype: float64
#   format: '{:15.11f}'
#   description: Declination (ICRS) at Ep=2016.0 (dec)
#   meta: !!omap
#   - {ucd: POS_EQ_DEC_MAIN}
#   - {width: 15}
#   - {precision: '11'}
# - name: e_RA_ICRS
#   unit: mas
#   datatype: float64
#   format: '{:7.4f}'
#   description: Standard error of right ascension (ra_error)
#   meta: !!omap
#   - {ucd: ERROR}
#   - {width: 7}
#   - {precision: '4'}
# - name: e_DE_ICRS
#   unit: mas
#   datatype: float64
#   format: '{:7.4f}'
#   description: Standard error of declination (dec_error)
#   meta: !!omap
#   - {ucd: ERROR}
#   - {width: 7}
#   - {precision: '4'}
# - name: _r_1
#   unit: ''
#   datatype: float64
#   format: '{:7.4f}'
#   description: Distance from center (306.35090741000+40.22430595000)[ICRS], at Epoch=J2016.0
#   meta: !!omap
#   - {ucd: POS_ANG_DIST_GENERAL}
#   - {width: 7}
#   - {precision: '4'}
# - name: HIP
#   datatype: int32
#   description: '? HIP cross-id number, van Leeuwen, Cat. I/311 (hip_original_ext_source_id)'
#   meta: !!omap
#   - {ucd: ID_NUMBER}
#   - {width: 6}
#   - values: {'null': -2147483648}
# - name: TYC2
#   datatype: string
#   description: Tycho-2 cross-id name, Hog et al., Cat. I/259 (tyc2_original_ext_source_id)
#   meta: !!omap
#   - {ucd: ID_CROSSID}
#   - {_votable_string_dtype: char}
# - name: Source
#   datatype: int64
#   description: Source identifier, identical to the Gaia-EDR3 source_id (id)
#   meta: !!omap
#   - {ucd: ID_MAIN}
#   - {width: 19}
# - name: rgeo
#   unit: pc
#   datatype: float64
#   format: '{:15.8f}'
#   description: '? Median of the geometric distance posterior (r_med_geo)'
#   meta: !!omap
#   - {ucd: PHYS_DISTANCE_TRUE}
#   - {width: 15}
#   - {precision: '8'}
#   - values: {'null': .nan}
# - name: Plx
#   unit: mas
#   datatype: float64
#   format: '{:9.4f}'
#   description: '? Parallax (parallax)'
#   meta: !!omap
#   - {ucd: POS_PARLX_TRIG}
#   - {width: 9}
#   - {precision: '4'}
#   - values: {'null': .nan}
# - name: e_Plx
#   unit: mas
#   datatype: float32
#   format: '{:7.4f}'
#   description: '? Standard error of parallax (parallax_error)'
#   meta: !!omap
#   - {ucd: ERROR}
#   - {width: 7}
#   - {precision: '4'}
#   - values: {'null': .nan}
# - name: pmRA
#   unit: mas / yr
#   datatype: float64
#   format: '{:9.3f}'
#   description: '? Proper motion in right ascension direction, pmRA*cosDE (pmra)'
#   meta: !!omap
#   - {ucd: POS_EQ_PMRA}
#   - {width: 9}
#   - {precision: '3'}
#   - values: {'null': .nan}
# - name: pmDE
#   unit: mas / yr
#   datatype: float64
#   format: '{:9.3f}'
#   description: '? Proper motion in declination direction (pmdec)'
#   meta: !!omap
#   - {ucd: POS_EQ_PMDEC}
#   - {width: 9}
#   - {precision: '3'}
#   - values: {'null': .nan}
# - name: e_pmRA
#   unit: mas / yr
#   datatype: float32
#   format: '{:6.3f}'
#   description: '? Standard error of proper motion in right ascension direction (pmra_error)'
#   meta: !!omap
#   - {ucd: ERROR}
#   - {width: 6}
#   - {precision: '3'}
#   - values: {'null': .nan}
# - name: e_pmDE
[...]
#         value: !astropy.table.SerializedColumn {name: SkyCoord.dec}
#       distance: !astropy.table.SerializedColumn
#         __class__: astropy.coordinates.distances.Distance
#         unit: !astropy.units.Unit {unit: pc}
#         value: !astropy.table.SerializedColumn {name: SkyCoord.distance}
#       frame: icrs
#       obstime: !astropy.time.Time {format: jyear_str, in_subfmt: '*', jd1: 367701545.0, jd2: 0.0, out_subfmt: '*', precision: 3, scale: tt}
#       pm_dec: !astropy.table.SerializedColumn
#         __class__: astropy.units.quantity.Quantity
#         unit: !astropy.units.Unit {unit: mas / yr}
#         value: !astropy.table.SerializedColumn {name: SkyCoord.pm_dec}
#       pm_ra_cosdec: !astropy.table.SerializedColumn
#         __class__: astropy.units.quantity.Quantity
#         unit: !astropy.units.Unit {unit: mas / yr}
#         value: !astropy.table.SerializedColumn {name: SkyCoord.pm_ra_cosdec}
#       ra: !astropy.table.SerializedColumn
#         __class__: astropy.coordinates.angles.Longitude
#         unit: *id001
#         value: !astropy.table.SerializedColumn {name: SkyCoord.ra}
#         wrap_angle: !astropy.coordinates.Angle
#           unit: *id001
#           value: 360.0
#       representation_type: spherical
# schema: astropy-2.0
RA_ICRS_1 DE_ICRS_1 e_RA_ICRS e_DE_ICRS _r_1 HIP TYC2 Source rgeo Plx e_Plx pmRA pmDE e_pmRA e_pmDE RUWE Teff logg Gmag BP-RP BPmag RPmag RV e_RV b_rgeo B_rgeo FG e_FG FBP e_FBP FRP e_FRP RAVE5 RAVE6 e_Gmag e_BPmag e_RPmag e_BP-RP SkyCoord.ra SkyCoord.dec SkyCoord.distance SkyCoord.pm_ra_cosdec SkyCoord.pm_dec rmRA rmDE e_rmRA e_rmDE rRV e_rRV v_pec v_pec3d e_vpec e_vpec3d
[from data line 351]
306.16954397975 40.2373095032 0.0335 0.0394 8.3443 "" "" 2067489645895420160 1590.59961 0.6033 0.0432 -1.041 -2.776 0.046 0.05 0.993 7958.6 3.965 16.546701 2.419538 17.856203 15.436666 "" "" 1479.52942 1706.56946 4531.75376 2.6756 983.87 8.4344 5302.6 12.24 "" "" 0.0028289062268640505 0.009716877 0.0045348424 0.014251719 306.16954397975 40.2373095032 1590.59961 -1.0410000000000004 -2.775999999999997 2.1198333587646485 1.5966668357849123 0.23728114 0.24128114 "" "" 20.008717064758365 "" 4.776816020426412 ""
306.46826376554 40.35690572258 0.0343 0.0375 9.5992 "" "" 2067578912496374912 1792.38196 0.5158 0.0442 -3.035 -5.148 0.048 0.05 0.978 9259.3 3.6168 16.546942 1.979718 17.52163 15.541911 "" "" 1678.83008 1930.08069 4530.74907 2.6024 1339.0 12.049 4812.8 12.494 "" "" 0.0028250143702836994 0.010160612 0.0047146617 0.014875274 306.46826376554 40.35690572258 1792.38196 -3.0350000000000006 -5.148 0.1258333587646483 -0.7753331642150876 0.23928115 0.24128114 "" "" 6.673334320113174 "" 1.6098085484654308 ""
306.64297159722 40.2875708266 0.0342 0.0371 13.9019 "" "" 2067387391311699968 1607.86755 0.6047 0.0444 -4.252 -7.803 0.046 0.049 0.985 7101.9 4.3184 16.550386 1.94467 17.512695 15.568026 "" "" 1502.4375 1712.92615 4516.40152 2.5237 1350.0 8.6309 4698.4 13.428 "" "" 0.0028213235588439066 0.007481175 0.004890042 0.012371217 306.64297159722 40.2875708266 1607.86755 -4.252 -7.803000000000001 -1.0911666412353513 -3.430333164215088 0.23728114 0.24028113 "" "" 27.434355075745106 "" 6.584438406145153 ""
306.2660835529 40.43885964213 0.0897 0.0574 13.4452 "" "" 2067499026098750720 1534.44568 0.6556 0.0722 -1.752 -4.663 0.118 0.08 1.407 "" "" 16.554348 "" "" "" "" "" 1380.15552 1715.60229 4499.95175 5.1908 "" "" "" "" "" "" 0.0030266071378581235 "" "" "" 306.2660835529 40.43885964213 1534.44568 -1.752000000000002 -4.662999999999997 1.4088333587646484 -0.29033316421508815 0.30928114 0.27128112 "" "" 10.462153854986912 "" 3.22050968876101 ""
306.14825734972 40.37042569399 0.0325 0.0376 12.7618 "" "" 2067499816377430016 1732.50183 0.5533 0.0432 -3.198 -5.799 0.043 0.05 0.973 "" "" 16.555315 2.07463 17.60538 15.530749 "" "" 1626.75842 1889.54614 4495.94613 2.3983 1239.6 12.353 4862.5 12.917 "" "" 0.002815533391154946 0.011173671 0.0047541955 0.015927866 306.14825734972 40.37042569399 1732.50183 -3.1979999999999986 -5.799000000000001 -0.037166641235351516 -1.4263331642150883 0.23428114 0.24128114 "" "" 11.717107520164117 "" 2.827062177098001 ""
306.57719592862 40.21556655697 0.0609 0.0672 10.3805 "" "" 2067386704116934272 1779.78662 0.5223 0.0828 1.809 -11.974 0.078 0.092 1.814 7748.0 4.1107 16.557627 2.297685 17.713926 15.416242 "" "" 1518.896 2136.92456 4486.38093 5.2964 1121.6 8.593 5403.3 10.552 "" "" 0.003038867374169428 0.008773714 0.004333527 0.013107241 306.57719592862 40.21556655697 1779.78662 1.8090000000000002 -11.974 4.969833358764649 -7.601333164215088 0.26928115 0.28328115 "" "" 76.61597169205922 "" 21.38829654611925 ""
306.70431027985 40.15181158829 0.0373 0.0418 16.7723 "" "" 2067382477866178816 1955.17114 0.4695 0.0505 -2.511 -5.258 0.046 0.052 1.069 "" "" 16.566122 2.838801 18.144665 15.305863 "" "" 1800.11475 2148.06055 4451.41099 2.8547 754.31 10.536 5981.5 33.222 "" "" 0.002841936367970268 0.015419809 0.0071167704 0.02253658 306.70431027985 40.15181158829 1955.17114 -2.511 -5.257999999999999 0.6498333587646483 -0.8853331642150879 0.23728114 0.24328114 "" "" 10.17781272446893 "" 2.454861780410142 ""
306.46795440078 40.3049472576 0.0338 0.0384 7.22 "" "" 2067482018032854784 1786.3219 0.546 0.0453 -4.893 -8.4 0.048 0.051 1.045 9163.7 4.1348 16.579268 2.092444 17.643116 15.550672 "" "" 1652.25525 1945.00586 4397.84049 2.2961 1197.2 6.3763 4774.1 9.9097 "" "" 0.002813026730539711 0.006420592 0.0044003213 0.010820913 306.46795440078 40.3049472576 1786.3219 -4.892999999999999 -8.4 -1.7321666412353514 -4.027333164215088 0.23928115 0.24228114 "" "" 37.120400308028636 "" 8.97627934255843 ""
305.96629465041 40.38380627584 0.0369 0.0458 20.0326 "" "" 2067541700898560128 1485.23401 0.63 0.0481 0.153 -7.641 0.051 0.055 1.053 6466.1 3.2707 16.57985 3.284505 18.554636 15.270131 "" "" 1378.23938 1569.72034 4395.48627 2.9502 517.09 8.0033 6181.7 12.897 "" "" 0.002850060027808284 0.017034622 0.0044062254 0.021440847 305.96629465041 40.38380627584 1485.23401 0.1530000000000009 -7.641000000000004 3.3138333587646485 -3.268333164215088 0.24228114 0.24628115 "" "" 32.7670595742125 "" 8.003737025901755 ""
306.58542317772 40.32025906418 0.0385 0.0453 12.1821 "" "" 2067575270361668352 1777.24243 0.5446 0.0517 -2.51 -4.799 0.054 0.061 1.177 "" "" 16.584171 1.814702 17.443638 15.628936 "" "" 1641.53186 1954.98718 4378.02867 2.7596 1438.7 12.212 4442.1 9.6194 "" "" 0.00283904095979276 0.0096290745 0.0044510365 0.014080111 306.58542317772 40.32025906418 1777.24243 -2.510000000000002 -4.799000000000001 0.6508333587646487 -0.42633316421508827 0.24528114 0.25228113 "" "" 6.554297434243136 "" 1.6215578293300195 ""
306.49140068131 40.51435973896 0.0321 0.0368 18.5504 "" "" 2067582417187362816 1587.51965 0.5973 0.0415 -2.006 -4.771 0.043 0.048 0.958 4891.9 4.1724 16.594591 2.010656 17.609325 15.598669 "" "" 1477.83948 1680.22168 4336.21298 2.3585 1235.1 8.9166 4567.6 8.3759 "" "" 0.0028178941282042034 0.008320089 0.0042717378 0.012591828 306.49140068131 40.51435973896 1587.51965 -2.006000000000002 -4.771 1.1548333587646487 -0.3983331642150878 0.23428114 0.23928115 "" "" 9.19235711638042 "" 2.158529261206665 ""
306.43331369234 40.49159691925 0.0339 0.0381 16.4741 "" "" 2067592587669935104 1640.849 0.5815 0.0434 -3.351 -6.354 0.047 0.051 0.957 9208.5 4.1742 16.602137 2.150215 17.71489 15.564674 "" "" 1522.01294 1811.2793 4306.17778 2.4799 1120.6 6.6803 4712.9 8.2437 "" "" 0.002825376084802826 0.0070482516 0.004229714 0.011277966 306.43331369234 40.49159691925 1640.849 -3.351 -6.354000000000001 -0.19016664123535154 -1.981333164215088 0.23828113 0.24228114 "" "" 15.480880883740594 "" 3.750164842316594 ""
306.09714439395 40.13078495802 0.0381 0.0466 12.9158 "" "" 2067487240713681664 1553.07996 0.6245 0.0492 -2.652 -5.898 0.046 0.053 1.058 9393.8 4.1732 16.60214 2.071814 17.638979 15.567164 "" "" 1428.27905 1670.46948 4306.16376 2.5223 1201.8 10.05 4702.1 15.194 "" "" 0.0028277616295887906 0.00949847 0.0051567764 0.014655247 306.09714439395 40.13078495802 1553.07996 -2.652 -5.898 0.5088333587646483 -1.5253331642150876 0.23728114 0.24428114 "" "" 11.837196317128155 "" 2.8834136811985003 ""
306.5531522119 40.4304554823 0.032 0.0408 15.4458 "" "" 2067579565329020672 1402.56702 0.6825 0.0441 -2.111 -0.652 0.043 0.057 0.998 4837.0 4.176 16.612389 1.9702 17.603422 15.633223 "" "" 1326.66223 1490.07349 4265.70906 2.3207 1241.8 7.7675 4424.5 9.5972 "" "" 0.002817923339029102 0.0073421393 0.0044531007 0.0117952395 306.5531522119 40.4304554823 1402.56702 -2.111 -0.6519999999999986 1.0498333587646482 3.720666835784912 0.23428114 0.24828114 "" "" 25.70143427994492 "" 6.355342338641034 ""
306.3112761083 40.18211354787 0.0349 0.0401 3.1156 "" "" 2067482292910773504 1515.427 0.6265 0.0457 -7.045 -8.934 0.046 0.053 0.943 6747.6 4.0958 16.617785 2.216995 17.770159 15.553164 "" "" 1436.37427 1617.66785 4244.55892 2.5109 1065.0 7.7691 4763.1 10.953 "" "" 0.002829188365493879 0.008397458 0.0045296 0.012927058 306.3112761083 40.18211354787 1515.427 -7.044999999999989 -8.93400000000001 -3.8841666412353515 -4.561333164215087 0.23728114 0.24428114 "" "" 43.0343533846061 "" 10.386924600171167 ""
306.27656624012 40.48591731381 0.0322 0.037 16.0605 "" "" 2067499507139773696 1598.26782 0.6085 0.0418 -0.819 -2.996 0.044 0.045 1.023 8250.4 4.2278 16.61826 1.984485 17.618515 15.63403 "" "" 1510.15051 1686.33118 4242.70788 2.0844 1224.6 8.3976 4421.3 10.032 "" "" 0.0028064776965554122 0.007950995 0.00451141 0.0124624055 306.27656624012 40.48591731381 1598.26782 -0.8189999999999993 -2.9959999999999996 2.3418333587646485 1.3766668357849121 0.23528114 0.23628114 "" "" 20.57966388864061 "" 4.847300489385862 ""
306.62646989662 40.16285426657 0.0374 0.0421 13.1568 "" "" 2067385604605264384 1490.33081 0.6312 0.0499 -3.064 -4.514 0.047 0.056 1.024 8197.5 3.96 16.620895 3.028495 18.399078 15.370584 "" "" 1366.42407 1648.25269 4232.41526 14.221 596.74 21.86 5635.4 54.351 "" "" 0.004571694113526146 0.03987084 0.011132617 0.051003456 306.62646989662 40.16285426657 1490.33081 -3.063999999999999 -4.513999999999999 0.09683335876464838 -0.14133316421508813 0.23828113 0.24728113 "" "" 1.2102584265476313 "" 0.295838015348892 ""
306.24057944988 40.44269949008 0.0337 0.0385 14.0416 "" "" 2067499060463174528 2009.03406 0.4675 0.0438 -0.526 -5.818 0.047 0.051 1.037 6857.7 4.0749 16.63363 2.126679 17.73337 15.60669 "" "" 1855.98657 2231.16113 4183.05972 2.1413 1101.7 8.4592 4534.0 10.161 "" "" 0.002810816195832898 0.008791151 0.0044949115 0.013286063 306.24057944988 40.44269949008 2009.03406 -0.526 -5.818 2.6348333587646486 -1.4453331642150875 0.23828113 0.24228114 "" "" 28.618153712847594 "" 6.845814281264984 ""
306.12622668817 40.26840549355 0.0344 0.0418 10.6243 "" "" 2067490436168832896 1936.78809 0.4818 0.0448 -7.085 -9.87 0.047 0.052 0.984 8372.1 3.9982 16.637802 2.483381 17.985611 15.50223 "" "" 1780.10193 2132.0481 4167.02193 2.4774 873.32 8.1402 4991.9 10.341 "" "" 0.002829921664537647 0.010497714 0.0043980065 0.01489572 306.12622668817 40.26840549355 1936.78809 -7.0850000000000035 -9.870000000000015 -3.9241666412353515 -5.497333164215087 0.23828113 0.24328114 "" "" 62.006458215653026 "" 14.981066743275923 ""
306.27679300004 40.28901194584 0.0358 0.0385 5.1565 "" "" 2067484113976935680 1590.80225 0.597 0.0471 -1.947 -3.547 0.048 0.05 1.017 6855.2 4.1683 16.643984 2.26576 17.83817 15.57241 "" "" 1467.38013 1720.25635 4143.3636 2.4727 1000.3 8.0451 4679.4 8.364 "" "" 0.0028304824630987113 0.00916717 0.0042485134 0.013415683 306.27679300004 40.28901194584 1590.80225 -1.947 -3.5470000000000006 1.2138333587646484 0.825666835784912 0.23928115 0.24128114 "" "" 11.069550333956068 "" 2.655757863358009 ""
305.95844840324 40.19855068464 0.0365 0.0421 18.0487 "" "" 2067491329522578176 1739.34595 0.536 0.0473 -3.357 -4.074 0.048 0.055 0.999 "" "" 16.65372 2.69554 18.15363 15.458089 "" "" 1609.49426 1939.16284 4106.37662 3.12 748.11 11.434 5199.0 12.684 "" "" 0.002876162083239919 0.016827164 0.0046152184 0.021442384 305.95844840324 40.19855068464 1739.34595 -3.357 -4.074 -0.19616664123535177 0.29866683578491227 0.23928115 0.24628115 "" "" 2.9459898220708447 "" 0.7193889230049387 ""
306.3787224339 40.31465590498 0.0522 0.0577 5.5685 "" "" 2067484801171685888 1858.07166 0.4738 0.0686 -1.716 -3.105 0.07 0.073 0.961 6546.4 3.1264 16.668547 4.178097 19.402622 15.224525 "" "" 1674.90576 2113.23242 4050.682 3.7555 236.79 9.7402 6446.9 11.156 "" "" 0.002933439215146438 0.044748116 0.0042206207 0.048968736 306.3787224339 40.31465590498 1858.07166 -1.7160000000000002 -3.1050000000000004 1.4448333587646485 1.2676668357849121 0.26128113 0.26428115 "" "" 16.928558054521652 "" 4.445274147744922 ""
306.7812849287 40.33694753517 0.0357 0.0407 20.8268 "" "" 2067388490823285760 1485.47522 0.642 0.047 -1.18 -5.153 0.049 0.051 1.064 6533.9 4.2007 16.677795 2.221171 17.843836 15.622664 "" "" 1393.1051 1592.43604 4016.31981 2.1299 995.14 9.7544 4467.8 10.49 "" "" 0.002814837457758671 0.011002105 0.0045587514 0.015560856 306.7812849287 40.33694753517 1485.47522 -1.1800000000000002 -5.1530000000000005 1.9808333587646485 -0.7803331642150875 0.24028113 0.24228114 "" "" 14.990580099612782 "" 3.6059958201744604 ""
306.51573957166 39.96987811587 0.0567 0.0625 17.0375 "" "" 2067285789565988864 1683.90356 0.554 0.0706 -3.481 -5.763 0.073 0.08 1.164 9027.9 3.5222 16.678509 3.809646 19.094967 15.285321 "" "" 1481.60925 1869.14612 4013.68466 4.3279 314.36 10.984 6095.8 14.387 "" "" 0.002993728061367688 0.038038995 0.0045661945 0.04260519 306.51573957166 39.96987811587 1683.90356 -3.481 -5.763 -0.32016664123535143 -1.3903331642150878 0.26428115 0.27128112 "" "" 11.387663592922179 "" 3.085293162347046 ""
306.47436639222 40.52636324662 0.034 0.0414 18.9817 "" "" 2067594236937372672 1576.04285 0.604 0.0449 0.111 -5.271 0.046 0.053 1.016 8420.8 4.1899 16.68056 2.265435 17.868958 15.603522 "" "" 1469.89905 1719.99792 4006.11196 2.3729 972.37 7.4537 4547.3 10.37 "" "" 0.0028293764491250377 0.0087779565 0.0045182155 0.013296172 306.47436639222 40.52636324662 1576.04285 0.11099999999999999 -5.270999999999999 3.2718333587646486 -0.8983331642150878 0.23728114 0.24428114 "" "" 25.34660468696414 "" 6.02687946019531 ""
306.62830069261 40.45213923484 0.0341 0.0408 18.6497 "" "" 2067578568896584832 1695.51306 0.5602 0.0445 -3.057 -4.053 0.045 0.052 1.024 "" "" 16.691004 2.106302 17.770617 15.664314 "" "" 1566.39551 1869.52527 3967.75721 2.1014 1064.6 7.4981 4299.6 9.4329 "" "" 0.0028146838162630334 0.008140093 0.004467398 0.012607491 306.62830069261 40.45213923484 1695.51306 -3.0570000000000004 -4.053000000000001 0.1038333587646485 0.3196668357849122 0.23628114 0.24328114 "" "" 2.70120587736744 "" 0.6553714286472045 ""
306.02324437966 40.41467045862 0.0362 0.0463 18.8453 "" "" 2067542181934888320 1899.32349 0.4769 0.05 1.528 -2.0 0.049 0.056 0.971 "" "" 16.698338 2.437433 18.013405 15.575972 "" "" 1725.72803 2141.87183 3941.05019 2.488 851.25 8.3686 4664.1 9.7103 "" "" 0.002839296172745251 0.011032476 0.0044037737 0.01543625 306.02324437966 40.41467045862 1899.32349 1.5279999999999998 -2.0 4.688833358764649 2.372666835784912 0.24028113 0.24728113 "" "" 47.30940591547923 "" 11.435847639405177 ""
306.55302602092 40.41960530691 0.0361 0.0427 14.9264 "" "" 2067579565329017088 1799.8988 0.5296 0.0483 -2.6 -5.264 0.048 0.055 1.065 "" "" 16.6986 2.191304 17.831867 15.640563 "" "" 1671.15625 1982.61206 3940.09468 2.2673 1006.2 7.4531 4394.7 11.55 "" "" 0.00282526787029853 0.008512499 0.0047356263 0.013248125 306.55302602092 40.41960530691 1799.8988 -2.6 -5.264 0.5608333587646483 -0.8913331642150881 0.23928115 0.24628115 "" "" 8.984500519795883 "" 2.195059043377294 ""
306.11799664237 40.3045891114 0.0386 0.0435 11.7011 "" "" 2067490814125967616 1654.89478 0.577 0.0498 -3.341 -8.871 0.054 0.053 1.056 6728.8 3.8237 16.701448 2.85488 18.337385 15.482505 "" "" 1499.16455 1789.44531 3929.7689 2.7545 631.63 7.1233 5083.4 11.73 "" "" 0.0028584876213498603 0.012558424 0.0045343684 0.017092792 306.11799664237 40.3045891114 1654.89478 -3.341000000000003 -8.871000000000002 -0.18016664123535175 -4.498333164215088 0.24528114 0.24428114 "" "" 35.31412123967013 "" 8.626630572888947 ""
306.12574469905 40.43350462902 0.0347 0.0404 16.2364 "" "" 2067501328205942784 1660.25037 0.5787 0.0449 -1.993 -2.91 0.048 0.053 0.951 "" "" 16.72106 1.860496 17.624123 15.763626 "" "" 1566.26575 1770.85669 3859.42549 2.2231 1218.3 11.118 3923.8 18.7 "" "" 0.002825406086967857 0.010293608 0.0064076534 0.01670126 306.12574469905 40.43350462902 1660.25037 -1.9930000000000003 -2.91 1.1678333587646483 1.462666835784912 0.23928115 0.24428114 "" "" 14.729438541368747 "" 3.5696333026722957 ""
306.58046154844 40.18013755333 0.0384 0.0408 10.8483 "" "" 2067292627153934848 1672.38306 0.5636 0.0502 -2.459 -4.502 0.049 0.054 0.995 8578.7 2.9858 16.722816 2.824923 18.329067 15.504145 "" "" 1537.52014 1794.74512 3853.18975 2.5838 636.49 13.795 4983.1 11.822 "" "" 0.002849885991479085 0.0236966 0.0045736833 0.028270282 306.58046154844 40.18013755333 1672.38306 -2.4589999999999996 -4.501999999999999 0.7018333587646484 -0.12933316421508767 0.24028113 0.24528114 "" "" 5.657176338895056 "" 1.3602511001102306 ""
