Clusters/FSR_0224/FSR_0224_stars_in_region.tsv
# %ECSV 1.0
# ---
# datatype:
# - name: RA_ICRS_1
#   unit: deg
#   datatype: float64
#   format: '{:15.11f}'
#   description: Right ascension (ICRS) at Ep=2016.0 (ra)
#   meta: !!omap
#   - {ucd: POS_EQ_RA_MAIN}
#   - {width: 15}
#   - {precision: '11'}
# - name: DE_ICRS_1
#   unit: deg
#   datatype: float64
#   format: '{:15.11f}'
#   description: Declination (ICRS) at Ep=2016.0 (dec)
#   meta: !!omap
#   - {ucd: POS_EQ_DEC_MAIN}
#   - {width: 15}
#   - {precision: '11'}
# - name: e_RA_ICRS
#   unit: mas
#   datatype: float64
#   format: '{:7.4f}'
#   description: Standard error of right ascension (ra_error)
#   meta: !!omap
#   - {ucd: ERROR}
#   - {width: 7}
#   - {precision: '4'}
# - name: e_DE_ICRS
#   unit: mas
#   datatype: float64
#   format: '{:7.4f}'
#   description: Standard error of declination (dec_error)
#   meta: !!omap
#   - {ucd: ERROR}
#   - {width: 7}
#   - {precision: '4'}
# - name: _r_1
#   unit: ''
#   datatype: float64
#   format: '{:7.4f}'
#   description: Distance from center (306.35090741000+40.22430595000)[ICRS], at Epoch=J2016.0
#   meta: !!omap
#   - {ucd: POS_ANG_DIST_GENERAL}
#   - {width: 7}
#   - {precision: '4'}
# - name: HIP
#   datatype: int32
#   description: '? HIP cross-id number, van Leeuwen, Cat. I/311 (hip_original_ext_source_id)'
#   meta: !!omap
#   - {ucd: ID_NUMBER}
#   - {width: 6}
#   - values: {'null': -2147483648}
# - name: TYC2
#   datatype: string
#   description: Tycho-2 cross-id name, Hog et al., Cat. I/259 (tyc2_original_ext_source_id)
#   meta: !!omap
#   - {ucd: ID_CROSSID}
#   - {_votable_string_dtype: char}
# - name: Source
#   datatype: int64
#   description: Source identifier, identical to the Gaia-EDR3 source_id (id)
#   meta: !!omap
#   - {ucd: ID_MAIN}
#   - {width: 19}
# - name: rgeo
#   unit: pc
#   datatype: float64
#   format: '{:15.8f}'
#   description: '? Median of the geometric distance posterior (r_med_geo)'
#   meta: !!omap
#   - {ucd: PHYS_DISTANCE_TRUE}
#   - {width: 15}
#   - {precision: '8'}
#   - values: {'null': .nan}
# - name: Plx
#   unit: mas
#   datatype: float64
#   format: '{:9.4f}'
#   description: '? Parallax (parallax)'
#   meta: !!omap
#   - {ucd: POS_PARLX_TRIG}
#   - {width: 9}
#   - {precision: '4'}
#   - values: {'null': .nan}
# - name: e_Plx
#   unit: mas
#   datatype: float32
#   format: '{:7.4f}'
#   description: '? Standard error of parallax (parallax_error)'
#   meta: !!omap
#   - {ucd: ERROR}
#   - {width: 7}
#   - {precision: '4'}
#   - values: {'null': .nan}
# - name: pmRA
#   unit: mas / yr
#   datatype: float64
#   format: '{:9.3f}'
#   description: '? Proper motion in right ascension direction, pmRA*cosDE (pmra)'
#   meta: !!omap
#   - {ucd: POS_EQ_PMRA}
#   - {width: 9}
#   - {precision: '3'}
#   - values: {'null': .nan}
# - name: pmDE
#   unit: mas / yr
#   datatype: float64
#   format: '{:9.3f}'
#   description: '? Proper motion in declination direction (pmdec)'
#   meta: !!omap
#   - {ucd: POS_EQ_PMDEC}
#   - {width: 9}
#   - {precision: '3'}
#   - values: {'null': .nan}
# - name: e_pmRA
#   unit: mas / yr
#   datatype: float32
#   format: '{:6.3f}'
#   description: '? Standard error of proper motion in right ascension direction (pmra_error)'
#   meta: !!omap
#   - {ucd: ERROR}
#   - {width: 6}
#   - {precision: '3'}
#   - values: {'null': .nan}
# - name: e_pmDE
[...]
#         unit: &id001 !astropy.units.Unit {unit: deg}
#         value: !astropy.table.SerializedColumn {name: SkyCoord.dec}
#       distance: !astropy.table.SerializedColumn
#         __class__: astropy.coordinates.distances.Distance
#         unit: !astropy.units.Unit {unit: pc}
#         value: !astropy.table.SerializedColumn {name: SkyCoord.distance}
#       frame: icrs
#       obstime: !astropy.time.Time {format: jyear_str, in_subfmt: '*', jd1: 367701545.0, jd2: 0.0, out_subfmt: '*', precision: 3, scale: tt}
#       pm_dec: !astropy.table.SerializedColumn
#         __class__: astropy.units.quantity.Quantity
#         unit: !astropy.units.Unit {unit: mas / yr}
#         value: !astropy.table.SerializedColumn {name: SkyCoord.pm_dec}
#       pm_ra_cosdec: !astropy.table.SerializedColumn
#         __class__: astropy.units.quantity.Quantity
#         unit: !astropy.units.Unit {unit: mas / yr}
#         value: !astropy.table.SerializedColumn {name: SkyCoord.pm_ra_cosdec}
#       ra: !astropy.table.SerializedColumn
#         __class__: astropy.coordinates.angles.Longitude
#         unit: *id001
#         value: !astropy.table.SerializedColumn {name: SkyCoord.ra}
#         wrap_angle: !astropy.coordinates.Angle
#           unit: *id001
#           value: 360.0
#       representation_type: spherical
# schema: astropy-2.0
RA_ICRS_1 DE_ICRS_1 e_RA_ICRS e_DE_ICRS _r_1 HIP TYC2 Source rgeo Plx e_Plx pmRA pmDE e_pmRA e_pmDE RUWE Teff logg Gmag BP-RP BPmag RPmag RV e_RV b_rgeo B_rgeo FG e_FG FBP e_FBP FRP e_FRP RAVE5 RAVE6 e_Gmag e_BPmag e_RPmag e_BP-RP SkyCoord.ra SkyCoord.dec SkyCoord.distance SkyCoord.pm_ra_cosdec SkyCoord.pm_dec
306.36365920774 40.40001133715 0.0081 0.0098 10.5585 "" 3156-1889-1 2067498064030714368 1656.76465 0.5768 0.0114 -3.149 -5.298 0.011 0.011 0.921 "" "" 9.410727 1.715501 10.221437 8.505937 "" "" 1628.66418 1688.74756 3240828.43708 1697.7 1113900.0 1896.3 3138900.0 4904.5 "" "" 0.002813410312151773 0.0033468583 0.0041426653 0.007489524 306.36365920774 40.40001133715 1656.76465 -3.149 -5.298000000000001
306.37037520407 40.21501450649 0.01 0.0109 1.0518 "" 3156-375-1 2067482773947102208 1586.5592 0.6064 0.0127 -3.101 -4.341 0.013 0.014 1.024 "" "" 10.929809 1.489837 11.6059 10.116063 "" "" 1554.12708 1625.90991 799876.96697 190.05 311210.0 251.57 712410.0 170.58 "" "" 0.0027673702067944035 0.0029249524 0.0037883124 0.0067132646 306.37037520407 40.21501450649 1586.5592 -3.101 -4.341
306.34039730645 40.23266244324 0.0126 0.0136 0.6951 "" "" 2067483044525974784 1682.17236 0.5583 0.0164 -3.054 -4.335 0.017 0.018 1.124 "" "" 11.389203 1.046558 11.821337 10.774778 "" "" 1640.52087 1726.82275 523920.48677 209.33 255200.0 131.6 388370.0 98.647 "" "" 0.0027892602191654492 0.0028457898 0.0037894303 0.00663522 306.34039730645 40.23266244324 1682.17236 -3.0540000000000003 -4.335
306.55471764185 40.33212689281 0.0158 0.019 11.3529 "" "" 2067575712738609536 1697.70068 0.557 0.0213 -0.298 -0.191 0.022 0.026 1.044 "" "" 11.422725 3.067059 13.227064 10.160006 -10.45 0.17 1639.93945 1765.58691 507992.0501 202.06 69918.0 134.05 684160.0 495.55 "" "" 0.0027889597613559415 0.003481121 0.0038603344 0.0073414557 306.55471764185 40.33212689281 1697.70068 -0.29800000000000004 -0.191
306.63280079609 40.44764758518 0.0105 0.0126 18.5955 "" "" 2067578362738149888 1428.36658 0.6694 0.0135 0.313 -2.821 0.014 0.017 1.156 "" "" 11.538836 1.266299 12.086834 10.820535 -17.89 1.06 1402.71277 1453.07275 456470.47005 83.068 199840.0 116.65 372340.0 82.214 "" "" 0.0027623952816901946 0.0028612416 0.0037869776 0.006648219 306.63280079609 40.44764758518 1428.36658 0.31299999999999983 -2.8209999999999997
306.43997441027 40.29736695841 0.0111 0.0131 5.9873 "" "" 2067484865592107136 1598.04517 0.5941 0.0151 -3.422 -5.21 0.015 0.017 1.242 "" "" 11.5785 1.330564 12.161941 10.831377 "" "" 1562.46375 1643.2384 440095.55298 97.112 186480.0 101.31 368640.0 104.31 "" "" 0.0027657165242099572 0.002851837 0.003791848 0.006643685 306.43997441027 40.29736695841 1598.04517 -3.422 -5.210000000000001
306.60367006131 40.02810713061 0.0108 0.0125 16.5242 "" "" 2067287576272381568 1660.05298 0.5773 0.014 -3.1 -4.459 0.014 0.016 1.051 "" "" 11.672116 2.128154 12.759535 10.631381 "" "" 1626.71277 1697.07458 403738.52847 136.36 107550.0 124.45 443210.0 229.42 "" "" 0.0027796147944892254 0.0030599756 0.0038209404 0.0068809157 306.60367006131 40.02810713061 1660.05298 -3.1000000000000005 -4.459
306.54956565985 40.03950708026 0.0105 0.0117 14.3524 "" "" 2067289294259304320 1849.29626 0.5185 0.0132 -2.155 -4.79 0.014 0.016 1.137 18762.6 3.2964 11.848745 2.14583 12.937909 10.792079 "" "" 1812.4978 1892.79333 343122.07722 1591.3 91254.0 1213.5 382230.0 5164.5 "" "" 0.005739887904164189 0.0147052985 0.015148939 0.029854238 306.54956565985 40.03950708026 1849.29626 -2.155 -4.789999999999999
306.5004420748 40.51790514682 0.0097 0.0113 18.8957 "" "" 2067582451547098496 1973.6167 0.4781 0.0128 -2.378 -4.506 0.013 0.015 1.169 "" "" 11.859664 1.290239 12.410122 11.119883 "" "" 1922.66394 2028.74854 339688.62179 59.256 148380.0 113.26 282620.0 103.36 "" "" 0.0027618220517095704 0.0029106496 0.0038001838 0.0067108334 306.5004420748 40.51790514682 1973.6167 -2.3780000000000006 -4.506
306.31157007851 40.45957491643 0.0227 0.0235 14.2303 "" "" 2067499262323398400 1915.66455 0.5095 0.0279 -1.509 -4.442 0.031 0.029 1.118 "" "" 12.067742 3.682757 14.38271 10.699953 -27.1 0.18 1817.98157 1996.9353 280446.38734 146.8 24118.0 65.549 416080.0 513.11 "" "" 0.0028133233590824443 0.0040611136 0.0040095462 0.00807066 306.31157007851 40.45957491643 1915.66455 -1.509 -4.442
306.43498284437 40.19465125971 0.0232 0.0237 4.2435 "" "" 2067480982941673856 1659.26343 0.5948 0.0283 -3.196 -4.429 0.032 0.033 2.018 6179.6 2.5605 12.235632 1.636985 12.785679 11.148694 "" "" 1576.97205 1752.59888 240266.90245 125.1 104990.0 708.22 275220.0 1989.2 "" "" 0.002812715104067278 0.007837416 0.008710027 0.016547441 306.43498284437 40.19465125971 1659.26343 -3.1960000000000006 -4.429000000000001
306.41017530613 40.43232711964 0.0121 0.0138 12.7723 "" "" 2067580321243325824 1749.91357 0.5633 0.016 -3.082 -4.163 0.016 0.017 1.642 "" "" 12.285768 1.362671 12.840079 11.477408 "" "" 1702.6532 1801.0658 229424.38052 58.253 99859.0 151.84 203330.0 254.74 "" "" 0.0027690771175214674 0.003241998 0.0040167174 0.007258715 306.41017530613 40.43232711964 1749.91357 -3.082 -4.163
306.50845050084 40.29787148693 0.0069 0.0084 8.4567 "" 3156-2098-1 2067575613959078272 1405.58923 0.6972 0.0093 -2.265 -4.163 0.009 0.011 0.96 "" "" 12.298169 0.954506 12.682693 11.728187 -13.73 12.14 1385.00293 1423.36377 226818.76763 41.447 115440.0 94.367 161390.0 81.814 "" "" 0.002762453867452509 0.0029279303 0.003819249 0.0067471797 306.50845050084 40.29787148693 1405.58923 -2.2649999999999997 -4.163
306.43727360776 40.12089308107 0.0272 0.0304 7.3605 "" "" 2067478341540826752 1751.46948 0.5679 0.0343 -1.929 -7.726 0.035 0.041 1.17 "" "" 12.381009 4.047988 15.021006 10.973018 -7.81 0.18 1645.22705 1843.52441 210156.63826 114.63 13397.0 59.233 323560.0 380.67 "" "" 0.0028182455734288895 0.005552406 0.0039894124 0.009541819 306.43727360776 40.12089308107 1751.46948 -1.929 -7.726
306.59315042587 40.2479550766 0.0157 0.0182 11.1859 "" "" 2067386910275371264 1491.85913 0.6638 0.0214 4.857 -1.233 0.021 0.025 1.698 4834.1 2.3811 12.415691 2.355241 13.674612 11.319371 -1.21 0.4 1456.7041 1531.62659 203549.63702 36.943 46299.0 43.899 235190.0 72.505 "" "" 0.002762357659867377 0.002974025 0.0037941746 0.0067681996 306.59315042587 40.2479550766 1491.85913 4.857 -1.233
306.63372117177 40.45277549147 0.0075 0.0091 18.8469 "" "" 2067578362738151808 1399.56238 0.7007 0.0097 -2.567 -6.378 0.009 0.012 0.957 "" "" 12.454419 0.909988 12.817882 11.907893 23.44 22.28 1378.86987 1417.99597 196417.03944 36.222 101920.0 69.147 136770.0 88.211 "" "" 0.002762585621572047 0.0028857659 0.003843707 0.006729473 306.63372117177 40.45277549147 1399.56238 -2.567 -6.378
306.37664793936 40.09926509424 0.0302 0.0329 7.5947 "" "" 2067478165445909248 1714.25403 0.5776 0.0381 -3.476 -7.045 0.039 0.046 1.137 "" "" 12.690636 4.206071 15.462997 11.256927 -9.68 0.28 1604.63831 1817.58154 158012.82409 108.67 8917.0 60.764 249110.0 466.76 "" "" 0.0028547046560160583 0.0079072695 0.004292124 0.0121993935 306.37664793936 40.09926509424 1714.25403 -3.4759999999999995 -7.045
306.30502477494 40.21446397427 0.0083 0.0097 2.1835 "" "" 2067482602148428288 1690.89124 0.5782 0.0109 -3.15 -4.232 0.011 0.013 0.891 11146.3 3.5809 12.845952 1.283685 13.391839 12.108154 "" "" 1666.39185 1722.71582 136951.21258 30.461 60073.0 94.524 113740.0 155.62 "" "" 0.002765882814537789 0.0032716426 0.0040608468 0.0073324894 306.30502477494 40.21446397427 1690.89124 -3.1499999999999995 -4.231999999999999
306.32888425854 40.2118976756 0.0111 0.012 1.2539 "" "" 2067482705227636480 1664.22815 0.585 0.0142 -3.158 -4.216 0.015 0.017 1.044 "" "" 12.947926 1.372505 13.554911 12.182405 "" "" 1617.69043 1697.25256 124674.15184 54.136 51695.0 72.058 106220.0 131.74 "" "" 0.002795362743882037 0.0031741885 0.004012111 0.0071862997 306.32888425854 40.2118976756 1664.22815 -3.158 -4.216
306.69494136834 40.09909758962 0.0254 0.03 17.4727 "" "" 2067382031192434816 1646.44592 0.5876 0.0336 -2.929 -4.714 0.033 0.039 1.327 "" "" 12.989028 3.581029 15.211563 11.630534 "" "" 1542.62048 1758.99365 120042.63359 88.439 11241.0 26.08 176580.0 251.27 "" "" 0.0028690800549986527 0.0037590389 0.0040829764 0.0078420155 306.69494136834 40.09909758962 1646.44592 -2.9289999999999994 -4.714
306.27498900922 40.42205508189 0.0174 0.0197 12.3627 "" "" 2067498785585690880 2018.05396 0.4533 0.0225 -3.22 -4.444 0.024 0.027 1.097 "" "" 13.007999 3.455262 15.128555 11.673293 -12.48 0.37 1933.95447 2132.34839 117963.31046 63.152 12134.0 34.671 169760.0 143.98 "" "" 0.0028159622385548434 0.0041724625 0.0038899486 0.008062411 306.27498900922 40.42205508189 2018.05396 -3.2200000000000006 -4.444000000000001
306.32363684041 40.32574933051 0.0097 0.0116 6.2133 "" "" 2067485694524898176 1836.27502 0.5172 0.0134 -3.15 -3.99 0.013 0.014 1.205 "" "" 13.039598 2.257892 14.22153 11.963638 "" "" 1797.21289 1886.93103 114579.62304 57.369 27977.0 50.051 129930.0 165.21 "" "" 0.002808435583948797 0.0033996939 0.004023635 0.0074233287 306.32363684041 40.32574933051 1836.27502 -3.1500000000000004 -3.9900000000000007
306.41783379526 40.45136688656 0.0082 0.0091 13.9633 "" "" 2067580424322545536 1620.95361 0.5874 0.0104 -2.926 -4.195 0.012 0.011 0.994 "" "" 13.130658 1.431754 13.770234 12.33848 "" "" 1597.45007 1644.58789 105361.91136 23.598 42396.0 38.71 91995.0 30.124 "" "" 0.0027660301234743376 0.0029610475 0.0037960673 0.006757115 306.41783379526 40.45136688656 1620.95361 -2.926000000000001 -4.195
306.23595782956 40.46574959501 0.0078 0.0096 15.4108 "" "" 2067502015400683008 1687.76404 0.5638 0.0101 -2.709 -6.058 0.011 0.013 0.999 12284.1 3.7465 13.169012 1.313325 13.741773 12.428448 "" "" 1662.23792 1715.2356 101704.91534 148.63 43522.0 197.1 84680.0 332.73 "" "" 0.003179518370842007 0.0056535075 0.0056994474 0.011352954 306.23595782956 40.46574959501 1687.76404 -2.708999999999999 -6.058
306.54923889656 40.27807206698 0.0082 0.0096 9.6381 "" "" 2067574754965592704 1640.35657 0.5794 0.011 -3.324 -5.101 0.011 0.013 1.03 "" "" 13.378605 1.233979 13.903538 12.669559 "" "" 1610.45593 1670.52063 83850.33424 20.031 37497.0 28.937 67816.0 34.668 "" "" 0.00276750120876686 0.0029132608 0.0038199204 0.006733181 306.54923889656 40.27807206698 1640.35657 -3.324 -5.101000000000001
306.33492777255 40.219723344 0.0087 0.0104 0.782 "" "" 2067482945745805312 1593.68738 0.5993 0.0116 -3.303 -4.413 0.012 0.014 0.937 "" "" 13.432379 1.459847 14.087853 12.628007 "" "" 1569.81982 1621.89441 79798.59152 32.396 31643.0 48.92 70462.0 90.092 "" "" 0.0027903539447871393 0.0032561577 0.004026271 0.0072824284 306.33492777255 40.219723344 1593.68738 -3.3030000000000004 -4.413
306.14360246535 40.53192904832 0.0086 0.0103 20.7474 "" "" 2067503355430526848 1387.84045 0.6855 0.0109 1.949 -0.8 0.012 0.014 1.047 "" "" 13.475867 2.375225 14.748932 12.373707 -1.98 0.63 1363.23938 1414.70203 76665.44866 22.702 17213.0 18.575 89059.0 36.488 "" "" 0.0027740143021609503 0.0030261863 0.0038054702 0.006831656 306.14360246535 40.53192904832 1387.84045 1.949 -0.8
306.02827397118 40.20871385927 0.0146 0.0168 14.8115 "" "" 2067488615102715008 1605.10657 0.5693 0.0187 -4.342 -5.982 0.02 0.02 1.036 6404.0 2.1937 13.509326 3.481278 15.645354 12.164076 -14.32 0.41 1563.9585 1656.65442 74338.9656 38.783 7538.3 29.968 108030.0 133.2 "" "" 0.0028129409314393483 0.005139576 0.0040094703 0.009149047 306.02827397118 40.20871385927 1605.10657 -4.341999999999999 -5.982000000000001
305.93025850167 40.16968440246 0.0102 0.0121 19.5548 "" "" 2067491153422340736 1442.15247 0.6549 0.0132 -1.566 -3.887 0.013 0.015 1.145 4926.4 2.6404 13.525994 2.498298 14.890642 12.392344 -0.16 1.02 1407.31738 1476.18787 73206.3642 25.003 15106.0 19.313 87543.0 43.945 "" "" 0.002780161810243834 0.0031163928 0.003818478 0.006934871 305.93025850167 40.16968440246 1442.15247 -1.566 -3.8870000000000005
306.23340122387 40.51654008837 0.0086 0.0104 18.3384 "" "" 2067502698296316288 1791.95642 0.5275 0.011 -2.222 -5.56 0.012 0.013 1.018 "" "" 13.533565 1.641085 14.297963 12.656878 104.41 5.0 1760.99792 1826.90454 72697.68349 15.672 26075.0 16.13 68613.0 21.069 "" "" 0.00276524388262959 0.0028698682 0.0037940587 0.006663927 306.23340122387 40.51654008837 1791.95642 -2.222 -5.5600000000000005
306.67589778442 40.38307679867 0.0554 0.0636 17.6604 "" "" 2067576885269350912 1372.88379 0.7004 0.0703 -0.361 -4.975 0.071 0.084 7.31 "" "" 13.579365 1.651002 14.344838 12.693836 "" "" 1239.62683 1521.18884 69694.84711 33.888 24974.0 33.414 66317.0 23.348 "" "" 0.002805439500630974 0.0031456759 0.0037986634 0.0069443393 306.67589778442 40.38307679867 1372.88379 -0.36099999999999977 -4.975
306.43508285278 40.19438867998 0.1923 0.056 4.2543 "" "" 2067480987242904704 1894.10657 0.4943 0.0501 -3.043 -4.931 0.168 0.084 1.409 "" "" 13.599576 "" "" "" "" "" 1732.46899 2135.99292 68409.47655 81.204 "" "" "" "" "" "" 0.0030418406322945063 "" "" "" 306.43508285278 40.19438867998 1894.10657 -3.0429999999999993 -4.931
306.62780168677 40.47041831552 0.0095 0.0117 19.4519 "" "" 2067578568896592512 1690.70947 0.5611 0.0126 -2.029 -5.486 0.012 0.015 1.023 "" "" 13.681373 1.375204 14.287041 12.911837 "" "" 1644.97009 1737.14673 63445.0533 14.678 26339.0 24.49 54253.0 24.933 "" "" 0.0027667459640275437 0.0029671828 0.0038121776 0.0067793606 306.62780168677 40.47041831552 1690.70947 -2.029 -5.486000000000001
305.90837020441 40.25382487054 0.0143 0.0164 20.346 "" "" 2067492429033725440 1727.69104 0.5262 0.0179 -1.167 -5.219 0.019 0.022 1.046 4659.5 1.8671 13.708964 3.462753 15.831372 12.368619 -10.22 0.55 1675.54749 1786.61182 61853.05926 28.711 6351.4 21.79 89477.0 70.402 "" "" 0.0028010325002393237 0.004654005 0.0038747275 0.008528733 305.90837020441 40.25382487054 1727.69104 -1.1669999999999998 -5.218999999999999
306.12191307377 40.2284226125 0.0242 0.028 10.4931 "" "" 2067489955132485760 1669.76306 0.5398 0.0313 1.037 -3.655 0.033 0.035 1.114 "" "" 13.724339 4.053269 16.346489 12.29322 -32.6 0.64 1594.76843 1757.40918 60983.37457 31.774 3952.0 13.153 95911.0 89.688 "" "" 0.0028127928768954926 0.004565378 0.0039133797 0.008478758 306.12191307377 40.2284226125 1669.76306 1.0370000000000001 -3.6549999999999994
306.33678833245 40.21637706612 0.0104 0.0127 0.803 "" "" 2067482735291629056 1543.29199 0.6175 0.0139 -3.525 -3.864 0.014 0.015 0.964 "" "" 13.824711 1.457027 14.479343 13.022316 "" "" 1516.57751 1570.20093 55598.43887 11.138 22064.0 25.416 49004.0 24.115 "" "" 0.0027638917769612905 0.0030576554 0.0038169618 0.006874617 306.33678833245 40.21637706612 1543.29199 -3.5250000000000004 -3.8639999999999994
306.15582737166 40.41094227305 0.0101 0.0123 14.3194 "" "" 2067500297413776640 1624.41467 0.5832 0.0134 -3.56 -3.131 0.015 0.015 1.018 10511.2 4.087 13.864408 1.345625 14.456405 13.11078 "" "" 1593.72815 1662.70557 53602.34874 9.8587 22535.0 22.004 45170.0 26.418 "" "" 0.002762547049618992 0.0029847901 0.003832356 0.006817146 306.15582737166 40.41094227305 1624.41467 -3.56 -3.1310000000000002
306.60154288327 40.32151457818 0.0094 0.0115 12.871 "" "" 2067575304721397376 1812.60889 0.5226 0.0126 -3.009 -5.233 0.013 0.015 0.999 7142.8 3.5385 13.892571 1.381574 14.50187 13.120297 "" "" 1775.2113 1858.85657 52229.78351 13.356 21611.0 24.339 44775.0 20.275 "" "" 0.0027692731053740134 0.0030463529 0.0038112255 0.0068575786 306.60154288327 40.32151457818 1812.60889 -3.0089999999999995 -5.2330000000000005
306.36722639008 40.23921171839 0.0112 0.0115 1.1656 "" "" 2067482877026323712 1579.49866 0.6057 0.0139 -2.883 -4.457 0.016 0.015 0.972 "" "" 13.922245 1.339948 14.508697 13.168749 "" "" 1546.36719 1617.76306 50821.65395 8.9381 21475.0 18.535 42821.0 16.288 "" "" 0.002761928942346625 0.0029433307 0.003801879 0.00674521 306.36722639008 40.23921171839 1579.49866 -2.883 -4.457
306.3448524779 40.20521299176 0.0109 0.0115 1.1787 "" "" 2067482670867892352 1660.98755 0.5774 0.0137 -3.248 -4.329 0.015 0.016 1.01 "" "" 13.935499 1.443793 14.583314 13.139521 "" "" 1622.77319 1701.63879 50204.99388 18.928 20049.0 32.7 43990.0 43.307 "" "" 0.002785560452331427 0.003304682 0.003927624 0.0072323056 306.3448524779 40.20521299176 1660.98755 -3.2479999999999998 -4.329
