Clusters/FSR_0224/FSR_0224_stars_in_region.tsv
# %ECSV 1.0
# ---
# datatype:
# - name: RA_ICRS_1
#   unit: deg
#   datatype: float64
#   format: '{:15.11f}'
#   description: Right ascension (ICRS) at Ep=2016.0 (ra)
#   meta: !!omap
#   - {ucd: POS_EQ_RA_MAIN}
#   - {width: 15}
#   - {precision: '11'}
# - name: DE_ICRS_1
#   unit: deg
#   datatype: float64
#   format: '{:15.11f}'
#   description: Declination (ICRS) at Ep=2016.0 (dec)
#   meta: !!omap
#   - {ucd: POS_EQ_DEC_MAIN}
#   - {width: 15}
#   - {precision: '11'}
# - name: e_RA_ICRS
#   unit: mas
#   datatype: float64
#   format: '{:7.4f}'
#   description: Standard error of right ascension (ra_error)
#   meta: !!omap
#   - {ucd: ERROR}
#   - {width: 7}
#   - {precision: '4'}
# - name: e_DE_ICRS
#   unit: mas
#   datatype: float64
#   format: '{:7.4f}'
#   description: Standard error of declination (dec_error)
#   meta: !!omap
#   - {ucd: ERROR}
#   - {width: 7}
#   - {precision: '4'}
# - name: _r_1
#   unit: ''
#   datatype: float64
#   format: '{:7.4f}'
#   description: Distance from center (306.35090741000+40.22430595000)[ICRS], at Epoch=J2016.0
#   meta: !!omap
#   - {ucd: POS_ANG_DIST_GENERAL}
#   - {width: 7}
#   - {precision: '4'}
# - name: HIP
#   datatype: int32
#   description: '? HIP cross-id number, van Leeuwen, Cat. I/311 (hip_original_ext_source_id)'
#   meta: !!omap
#   - {ucd: ID_NUMBER}
#   - {width: 6}
#   - values: {'null': -2147483648}
# - name: TYC2
#   datatype: string
#   description: Tycho-2 cross-id name, Hog et al., Cat. I/259 (tyc2_original_ext_source_id)
#   meta: !!omap
#   - {ucd: ID_CROSSID}
#   - {_votable_string_dtype: char}
# - name: Source
#   datatype: int64
#   description: Source identifier, identical to the Gaia-EDR3 source_id (id)
#   meta: !!omap
#   - {ucd: ID_MAIN}
#   - {width: 19}
# - name: rgeo
#   unit: pc
#   datatype: float64
#   format: '{:15.8f}'
#   description: '? Median of the geometric distance posterior (r_med_geo)'
#   meta: !!omap
#   - {ucd: PHYS_DISTANCE_TRUE}
#   - {width: 15}
#   - {precision: '8'}
#   - values: {'null': .nan}
# - name: Plx
#   unit: mas
#   datatype: float64
#   format: '{:9.4f}'
#   description: '? Parallax (parallax)'
#   meta: !!omap
#   - {ucd: POS_PARLX_TRIG}
#   - {width: 9}
#   - {precision: '4'}
#   - values: {'null': .nan}
# - name: e_Plx
#   unit: mas
#   datatype: float32
#   format: '{:7.4f}'
#   description: '? Standard error of parallax (parallax_error)'
#   meta: !!omap
#   - {ucd: ERROR}
#   - {width: 7}
#   - {precision: '4'}
#   - values: {'null': .nan}
# - name: pmRA
#   unit: mas / yr
#   datatype: float64
#   format: '{:9.3f}'
#   description: '? Proper motion in right ascension direction, pmRA*cosDE (pmra)'
#   meta: !!omap
#   - {ucd: POS_EQ_PMRA}
#   - {width: 9}
#   - {precision: '3'}
#   - values: {'null': .nan}
# - name: pmDE
#   unit: mas / yr
#   datatype: float64
#   format: '{:9.3f}'
#   description: '? Proper motion in declination direction (pmdec)'
#   meta: !!omap
#   - {ucd: POS_EQ_PMDEC}
#   - {width: 9}
#   - {precision: '3'}
#   - values: {'null': .nan}
# - name: e_pmRA
#   unit: mas / yr
#   datatype: float32
#   format: '{:6.3f}'
#   description: '? Standard error of proper motion in right ascension direction (pmra_error)'
#   meta: !!omap
#   - {ucd: ERROR}
#   - {width: 6}
#   - {precision: '3'}
#   - values: {'null': .nan}
# - name: e_pmDE
[...]
#         unit: &id001 !astropy.units.Unit {unit: deg}
#         value: !astropy.table.SerializedColumn {name: SkyCoord.dec}
#       distance: !astropy.table.SerializedColumn
#         __class__: astropy.coordinates.distances.Distance
#         unit: !astropy.units.Unit {unit: pc}
#         value: !astropy.table.SerializedColumn {name: SkyCoord.distance}
#       frame: icrs
#       obstime: !astropy.time.Time {format: jyear_str, in_subfmt: '*', jd1: 367701545.0, jd2: 0.0, out_subfmt: '*', precision: 3, scale: tt}
#       pm_dec: !astropy.table.SerializedColumn
#         __class__: astropy.units.quantity.Quantity
#         unit: !astropy.units.Unit {unit: mas / yr}
#         value: !astropy.table.SerializedColumn {name: SkyCoord.pm_dec}
#       pm_ra_cosdec: !astropy.table.SerializedColumn
#         __class__: astropy.units.quantity.Quantity
#         unit: !astropy.units.Unit {unit: mas / yr}
#         value: !astropy.table.SerializedColumn {name: SkyCoord.pm_ra_cosdec}
#       ra: !astropy.table.SerializedColumn
#         __class__: astropy.coordinates.angles.Longitude
#         unit: *id001
#         value: !astropy.table.SerializedColumn {name: SkyCoord.ra}
#         wrap_angle: !astropy.coordinates.Angle
#           unit: *id001
#           value: 360.0
#       representation_type: spherical
# schema: astropy-2.0
RA_ICRS_1 DE_ICRS_1 e_RA_ICRS e_DE_ICRS _r_1 HIP TYC2 Source rgeo Plx e_Plx pmRA pmDE e_pmRA e_pmDE RUWE Teff logg Gmag BP-RP BPmag RPmag RV e_RV b_rgeo B_rgeo FG e_FG FBP e_FBP FRP e_FRP RAVE5 RAVE6 e_Gmag e_BPmag e_RPmag e_BP-RP SkyCoord.ra SkyCoord.dec SkyCoord.distance SkyCoord.pm_ra_cosdec SkyCoord.pm_dec
[from data line 287]
306.03289546728 40.14271264846 0.0328 0.0387 15.3774 "" "" 2067488134066881664 1638.24695 0.5904 0.042 -3.088 -5.939 0.041 0.045 1.03 6954.2 3.9413 16.32019 2.329802 17.558485 15.228682 "" "" 1520.77649 1748.67981 5583.03573 2.7699 1294.3 9.9924 6422.2 13.542 "" "" 0.002807480788883581 0.008834405 0.0044187238 0.013253128 306.03289546728 40.14271264846 1638.24695 -3.088 -5.939
306.48436074393 40.54926233255 0.031 0.0353 20.429 "" "" 2067594271297114880 2005.99243 0.4523 0.0401 -3.85 -6.794 0.043 0.049 1.062 6899.6 2.793 16.321064 2.211846 17.470032 15.258185 "" "" 1867.23096 2203.78638 5578.54928 2.7596 1404.1 6.4562 6250.1 9.1588 "" "" 0.002807179696968534 0.0057191257 0.004100619 0.009819744 306.48436074393 40.54926233255 2005.99243 -3.85 -6.793999999999999
306.50045499099 40.42023321414 0.0291 0.0335 13.6013 "" "" 2067579702767996032 1389.22986 0.6944 0.0384 -2.146 -11.36 0.038 0.043 0.987 5732.2 4.3632 16.324678 1.574136 17.05704 15.482904 "" "" 1314.43152 1472.15771 5560.00783 2.4605 2054.0 12.468 5081.6 15.643 "" "" 0.002796899565124845 0.007156829 0.005045257 0.012202086 306.50045499099 40.42023321414 1389.22986 -2.1460000000000004 -11.36
306.29794320302 40.48927942633 0.0281 0.0311 16.0818 "" "" 2067499541499505792 1409.70361 0.685 0.0349 -3.311 -2.948 0.038 0.04 0.947 7101.1 4.3086 16.326849 1.8018 17.201044 15.399244 "" "" 1345.27905 1497.16882 5548.90122 2.4723 1798.9 6.8689 5488.6 9.5145 "" "" 0.0027974632777473846 0.0049972394 0.0042220997 0.009219339 306.29794320302 40.48927942633 1409.70361 -3.310999999999999 -2.9479999999999995
306.76545473376 40.28244088501 0.03 0.0347 19.3006 "" "" 2067387700549512832 1768.01526 0.532 0.0397 -3.96 -4.774 0.041 0.044 1.002 9224.8 3.5841 16.334785 2.02539 17.347769 15.322379 "" "" 1637.42126 1900.37988 5508.48851 2.8784 1571.5 9.0666 5891.2 12.652 "" "" 0.002813123443862543 0.0068573477 0.0044408026 0.01129815 306.76545473376 40.28244088501 1768.01526 -3.9600000000000004 -4.774000000000001
306.27967435844 40.43458648787 0.0288 0.033 13.0307 "" "" 2067498819944990720 1402.06421 0.6893 0.0376 -6.179 -5.448 0.041 0.044 0.993 6592.9 4.3188 16.344412 1.667212 17.130669 15.463456 "" "" 1332.16125 1473.099 5459.86814 2.7919 1919.3 8.6035 5173.4 11.123 "" "" 0.0028106984627269756 0.0056100106 0.0044421866 0.010052197 306.27967435844 40.43458648787 1402.06421 -6.179 -5.448
306.47867651536 40.02626969288 0.0377 0.04 13.2494 "" "" 2067289088100878976 1723.71631 0.5228 0.0463 -3.861 -2.71 0.046 0.053 1.007 7494.9 2.9025 16.349825 3.71318 18.667654 14.954474 "" "" 1615.21619 1890.64941 5432.7104 3.6478 465.97 9.4971 8267.4 14.006 "" "" 0.0028501329650433282 0.022303984 0.004203215 0.026507199 306.47867651536 40.02626969288 1723.71631 -3.8609999999999998 -2.71
306.37403031339 40.46540300171 0.0306 0.0323 14.5044 "" "" 2067592342852140416 1847.23511 0.519 0.0383 -4.286 -2.614 0.041 0.04 0.952 7977.1 3.9778 16.35403 1.984465 17.349161 15.364697 "" "" 1721.87695 2016.37036 5411.71398 2.6114 1569.5 10.617 5666.0 9.911 "" "" 0.002804688734670007 0.007856676 0.0042297277 0.0120864045 306.37403031339 40.46540300171 1847.23511 -4.286 -2.6140000000000003
306.70869712937 40.39649976583 0.0298 0.0358 19.3576 "" "" 2067577228866724096 1611.42859 0.5846 0.0393 -0.771 -2.224 0.04 0.046 1.05 9503.2 4.0829 16.356009 1.916315 17.30123 15.384914 "" "" 1521.59973 1704.67249 5401.85866 2.8143 1640.3 6.8878 5561.5 13.584 "" "" 0.00281278416515655 0.0053451546 0.004616968 0.009962123 306.70869712937 40.39649976583 1611.42859 -0.771 -2.224
306.58989742926 39.96076391268 0.0298 0.0349 19.245 "" "" 2067285205450431744 1652.07715 0.562 0.0388 -2.273 -4.226 0.038 0.047 0.943 7858.2 3.1841 16.370113 3.043743 18.140575 15.096832 "" "" 1550.802 1755.76233 5332.13747 3.04 757.16 10.463 7251.5 14.215 "" "" 0.002823997312599963 0.015260747 0.0043374654 0.019598212 306.58989742926 39.96076391268 1652.07715 -2.273 -4.226
306.29430593452 40.23222131699 0.0368 0.0415 2.636 "" "" 2067483358062676736 1617.3623 0.6008 0.0486 4.478 -1.841 0.05 0.056 1.225 7898.7 4.1443 16.370674 1.902977 17.298807 15.39583 "" "" 1499.38037 1749.55298 5329.38178 3.0827 1644.0 8.5227 5505.9 9.9589 "" "" 0.002825987984763468 0.006282204 0.004259157 0.010541361 306.29430593452 40.23222131699 1617.3623 4.478 -1.8410000000000002
306.75785629701 40.18331719213 0.0834 0.0954 18.81 "" "" 2067382821466419200 1898.42725 0.4779 0.1121 -5.473 -7.696 0.105 0.115 0.999 "" "" 16.373016 6.218957 20.919538 14.700582 "" "" 1557.77014 2290.63184 5317.8985 15.94 58.56 8.3666 10445.0 58.37 "" "" 0.004264151409181225 0.15514669 0.0071482556 0.16229494 306.75785629701 40.18331719213 1898.42725 -5.473000000000001 -7.6960000000000015
306.2740754865 40.44028642998 0.034 0.0382 13.4269 "" "" 2067498819944993792 1693.11194 0.5493 0.0428 -2.744 -4.765 0.048 0.049 1.133 8896.2 4.0347 16.374327 1.826087 17.198929 15.372842 "" "" 1567.99597 1804.83386 5311.4899 3.7432 1802.4 15.478 5623.7 49.191 "" "" 0.002859590132297802 0.009732229 0.010221415 0.019953644 306.2740754865 40.44028642998 1693.11194 -2.744 -4.764999999999999
306.56107452333 39.95139462792 0.0335 0.0387 19.0053 "" "" 2067285823925723520 1564.59302 0.5949 0.0428 -3.187 -5.283 0.042 0.048 1.101 "" "" 16.374565 3.054928 18.160643 15.105715 "" "" 1483.66931 1678.27954 5310.32154 3.129 743.29 8.6395 7192.4 14.665 "" "" 0.0028286157532043197 0.012924627 0.004380012 0.01730464 306.56107452333 39.95139462792 1564.59302 -3.1870000000000007 -5.283
306.1160567243 40.19445105986 0.0357 0.0407 10.9093 "" "" 2067489091838304000 1573.427 0.6184 0.0454 -0.001 -1.046 0.047 0.052 1.117 6802.0 3.9576 16.378456 1.934654 17.33738 15.402725 "" "" 1469.44226 1736.54443 5291.32673 2.7794 1586.6 9.602 5471.0 13.868 "" "" 0.0028137239750383905 0.0071386644 0.0046752575 0.011813922 306.1160567243 40.19445105986 1573.427 -0.0010000000000000564 -1.0459999999999998
306.66231937303 40.28491231211 0.0321 0.0366 14.7162 "" "" 2067387185153259392 1687.63086 0.5542 0.0421 -5.496 -2.613 0.044 0.047 1.064 15006.9 4.0973 16.380732 3.012455 18.13565 15.123196 "" "" 1567.78333 1783.29761 5280.24346 10.225 760.6 10.182 7077.5 45.35 "" "" 0.003465869023545569 0.014799923 0.0079172915 0.022717215 306.66231937303 40.28491231211 1687.63086 -5.496 -2.6130000000000004
306.46384868697 40.29016537471 0.0297 0.0351 6.5084 "" "" 2067482018032852992 1632.04199 0.5851 0.0411 2.289 -2.754 0.04 0.044 0.975 8850.4 3.9124 16.385647 2.638775 17.847948 15.209173 "" "" 1520.10779 1742.849 5256.39344 2.9184 991.37 9.4121 6538.7 14.259 "" "" 0.002820491209962138 0.010678962 0.004459777 0.015138739 306.46384868697 40.29016537471 1632.04199 2.289 -2.754
306.62944153839 40.43612665319 0.0347 0.0376 17.9954 "" "" 2067577980481464960 1447.77759 0.6614 0.0432 3.43 -2.486 0.044 0.048 1.052 9704.2 4.2907 16.386414 1.95263 17.315502 15.362872 "" "" 1365.90027 1540.33459 5252.68599 3.0389 1618.9 12.325 5675.6 19.766 "" "" 0.002826013864046586 0.008724133 0.005346149 0.014070282 306.62944153839 40.43612665319 1447.77759 3.43 -2.4859999999999998
306.4586864816 40.502758776 0.0295 0.032 17.4186 "" "" 2067580969778792576 1424.89026 0.6808 0.0373 -2.296 0.002 0.04 0.041 0.991 "" "" 16.38752 1.854481 17.292137 15.437656 "" "" 1362.03979 1501.38879 5247.33315 2.4174 1654.1 10.419 5297.8 10.683 "" "" 0.002800353271474039 0.00738621 0.0043677376 0.0117539475 306.4586864816 40.502758776 1424.89026 -2.2959999999999994 0.0019999999999998908
306.5702110541 40.27757502272 0.0312 0.0352 10.539 "" "" 2067574651886365312 1384.24817 0.7043 0.0418 -1.478 -3.65 0.042 0.047 1.037 8166.4 4.3242 16.395452 1.755736 17.24068 15.484944 "" "" 1310.38208 1460.67603 5209.13856 2.577 1734.4 7.7031 5072.0 10.167 "" "" 0.0028071852880602634 0.00557119 0.004361241 0.00993243 306.5702110541 40.27757502272 1384.24817 -1.4779999999999998 -3.6500000000000004
306.26931078685 40.52911703219 0.0295 0.0338 18.6651 "" "" 2067502633875980416 1493.99597 0.6351 0.0378 -1.4 -1.247 0.039 0.041 1.004 "" "" 16.39581 2.011395 17.403994 15.392598 "" "" 1427.17261 1561.87292 5207.4252 2.6765 1492.2 8.332 5522.3 10.417 "" "" 0.00281126352953267 0.006673685 0.0042986465 0.010972331 306.26931078685 40.52911703219 1493.99597 -1.4 -1.2470000000000003
306.12946193182 40.32666983766 0.0436 0.0516 11.8525 "" "" 2067496724003119744 1964.82788 0.4624 0.0574 -2.192 -6.837 0.057 0.063 0.906 6538.3 3.0293 16.397074 3.780489 18.78385 15.003361 "" "" 1781.1272 2230.04346 5201.36748 4.44 418.67 9.0794 7903.4 12.861 "" "" 0.002907019499178217 0.023710333 0.0041719633 0.027882297 306.12946193182 40.32666983766 1964.82788 -2.192 -6.836999999999999
306.6641120389 40.07664711858 0.057 0.0668 16.8764 "" "" 2067288229107409664 1586.78699 0.5624 0.0766 -3.276 -4.808 0.072 0.085 1.19 8009.1 2.3186 16.397774 3.963916 18.919384 14.955468 "" "" 1438.10815 1795.60364 5198.01415 4.9808 369.54 10.106 8259.8 14.712 "" "" 0.002945190986142893 0.02982299 0.004245417 0.034068406 306.6641120389 40.07664711858 1586.78699 -3.276 -4.808
306.2262606826 40.39820984296 0.0311 0.037 11.891 "" "" 2067497376835986816 1876.57422 0.5008 0.0418 -3.13 -4.349 0.042 0.044 1.029 9389.1 3.958 16.400913 1.65536 17.176373 15.521012 "" "" 1769.8717 2022.56677 5183.00586 2.5558 1840.2 6.8441 4906.3 10.754 "" "" 0.0028068542579864604 0.0049082777 0.0044662254 0.009374503 306.2262606826 40.39820984296 1876.57422 -3.13 -4.349
306.50506617165 40.44524467076 0.0288 0.034 15.0147 "" "" 2067579874566695040 1567.87415 0.6052 0.0381 -7.779 -8.536 0.039 0.045 0.991 6970.3 4.0505 16.40656 2.020651 17.42593 15.405279 "" "" 1481.95825 1654.91479 5156.11554 2.4002 1462.3 8.6732 5458.2 9.4563 "" "" 0.002801291634997657 0.007018196 0.004221612 0.011239808 306.50506617165 40.44524467076 1567.87415 -7.779 -8.536
306.41797418563 40.39242871455 0.0289 0.0341 10.5438 "" "" 2067580012005661952 1655.44226 0.5821 0.0394 -5.674 -8.807 0.04 0.042 0.935 6933.1 4.1783 16.410927 2.135105 17.508175 15.37307 "" "" 1552.22766 1765.25391 5135.42216 2.3539 1355.6 10.055 5622.5 10.59 "" "" 0.0027999033538103433 0.008522968 0.004297174 0.012820141 306.41797418563 40.39242871455 1655.44226 -5.6739999999999995 -8.807
306.32152856505 40.27322588399 0.0307 0.0343 3.2288 "" "" 2067483873458754176 1366.6062 0.7034 0.0409 -1.416 -6.282 0.04 0.047 1.004 6706.4 4.293 16.414606 1.730152 17.245855 15.515703 "" "" 1306.578 1434.54114 5118.0472 2.4488 1726.1 9.9883 4930.3 11.154 "" "" 0.002803864205053612 0.006874447 0.004507454 0.011381902 306.32152856505 40.27322588399 1366.6062 -1.4159999999999995 -6.281999999999999
306.42078654267 39.9979437085 0.0341 0.0375 13.9551 "" "" 2067289740935912448 1795.23865 0.5188 0.0433 -3.014 -4.301 0.043 0.053 1.036 7959.8 3.0215 16.420912 2.459007 17.73464 15.275633 "" "" 1694.53589 1931.48401 5088.4066 3.5714 1100.4 8.9209 6150.4 17.553 "" "" 0.0028587589889553225 0.009233668 0.0048872638 0.014120933 306.42078654267 39.9979437085 1795.23865 -3.014 -4.301
306.23051563626 40.18510366269 0.0329 0.0358 5.9974 "" "" 2067477379468206720 1624.2334 0.577 0.0416 -5.518 -7.648 0.043 0.046 0.975 "" "" 16.42461 2.392975 17.705168 15.312193 "" "" 1517.30713 1761.76428 5071.10317 2.6553 1130.7 10.935 5946.8 15.823 "" "" 0.0028133590307851813 0.010864544 0.004757033 0.015621576 306.23051563626 40.18510366269 1624.2334 -5.518 -7.648
306.64189609154 40.16113342643 0.0582 0.0621 13.8649 "" "" 2067385398446827776 1888.94922 0.4851 0.0744 -2.544 -2.131 0.072 0.078 0.945 4821.5 2.1107 16.428719 4.286884 19.256083 14.969198 "" "" 1638.17175 2169.73584 5051.95129 4.8302 271.01 8.8139 8156.0 14.673 "" "" 0.0029443839234814203 0.035420824 0.0042542988 0.039675124 306.64189609154 40.16113342643 1888.94922 -2.5439999999999996 -2.1309999999999993
306.40165695244 40.44963485221 0.0312 0.0343 13.7175 "" "" 2067592067974212992 1641.09521 0.5723 0.0406 0.135 -2.876 0.043 0.044 1.038 9715.6 4.1422 16.439064 2.228124 17.597404 15.369281 "" "" 1534.57556 1721.62842 5004.04618 2.6188 1248.7 6.3462 5642.2 9.0829 "" "" 0.0028132981949814395 0.006183294 0.004163971 0.010347266 306.40165695244 40.44963485221 1641.09521 0.135 -2.876
306.49234202914 40.53956844894 0.0344 0.0379 19.9898 "" "" 2067582520266586624 1767.88208 0.5479 0.044 -3.154 -4.857 0.05 0.052 1.056 "" "" 16.439095 1.866388 17.350769 15.484381 "" "" 1657.02283 1906.26355 5003.90471 2.5584 1567.1 8.5601 5074.6 9.2374 "" "" 0.002810683749428642 0.00655426 0.0042649545 0.010819214 306.49234202914 40.53956844894 1767.88208 -3.154 -4.857000000000001
305.99576710047 40.24745796166 0.0308 0.0371 16.3259 "" "" 2067491840617457280 1861.38196 0.5037 0.0399 -2.571 -5.157 0.041 0.045 0.934 "" "" 16.442965 2.268757 17.629646 15.360889 "" "" 1727.30139 1985.62451 4986.10327 2.7564 1212.2 9.2206 5685.9 12.341 "" "" 0.002819937031780016 0.008717247 0.0044538775 0.013171125 305.99576710047 40.24745796166 1861.38196 -2.571 -5.157
306.79432582155 40.2694928105 0.0339 0.0386 20.487 "" "" 2067385123568902528 1610.28064 0.5842 0.0451 -2.755 -4.69 0.047 0.047 1.091 9224.7 3.7566 16.445477 2.559018 17.847548 15.288529 "" "" 1485.90674 1745.26904 4974.58009 2.9512 991.74 8.3713 6077.8 10.646 "" "" 0.002829607654120304 0.009580042 0.004230906 0.013810948 306.79432582155 40.2694928105 1610.28064 -2.755 -4.69
305.98046175683 40.29932459958 0.0316 0.0375 17.5483 "" "" 2067494250099849088 1618.5498 0.5803 0.0402 -3.269 -4.137 0.042 0.046 0.99 7490.4 3.7311 16.452017 2.897554 18.114666 15.217112 "" "" 1534.78235 1732.05981 4944.69713 2.9408 775.44 10.209 6491.0 16.609 "" "" 0.0028299743739296874 0.014563951 0.004690614 0.019254565 305.98046175683 40.29932459958 1618.5498 -3.2689999999999997 -4.137
306.28048724124 40.34668692912 0.0413 0.0804 8.0191 "" "" 2067497548634648192 1989.38965 0.4523 0.0595 -0.056 -2.455 0.058 0.094 1.08 "" "" 16.458382 "" "" "" "" "" 1755.34277 2240.34644 4915.79939 6.5794 "" "" "" "" "" "" 0.0031150429769924437 "" "" "" 306.28048724124 40.34668692912 1989.38965 -0.05600000000000027 -2.455
306.28001373957 40.51381485019 0.0303 0.0338 17.6703 "" "" 2067502565156495616 1731.3407 0.5529 0.0386 -2.564 -4.552 0.041 0.042 1.035 8118.6 4.331 16.462608 1.714128 17.282574 15.568446 "" "" 1616.47876 1857.50977 4896.69934 2.3204 1668.7 10.211 4696.6 8.5398 "" "" 0.002802944457464863 0.007205878 0.004263935 0.011469813 306.28001373957 40.51381485019 1731.3407 -2.5640000000000005 -4.5520000000000005
306.56046679297 40.25768408373 0.032 0.0352 9.8045 "" "" 2067574548807146112 1687.32007 0.5622 0.0422 -3.388 -5.05 0.044 0.047 0.988 8903.4 3.4071 16.465939 1.856892 17.358828 15.501936 "" "" 1595.18372 1826.22876 4881.70575 2.2899 1555.6 9.0499 4993.3 11.562 "" "" 0.002801994036612644 0.006905219 0.0045391684 0.011444388 306.56046679297 40.25768408373 1687.32007 -3.3879999999999995 -5.049999999999999
306.32005961399 40.4260835441 0.0305 0.0339 12.1886 "" "" 2067498407628115584 1765.22949 0.5315 0.0396 1.973 0.194 0.041 0.041 1.065 5345.8 4.1784 16.467627 1.774352 17.327423 15.553071 "" "" 1665.50366 1890.98584 4874.12125 2.2862 1601.2 6.7855 4763.5 6.522 "" "" 0.0028019882802134436 0.0053809914 0.0040612253 0.009442217 306.32005961399 40.4260835441 1765.22949 1.9730000000000003 0.194
306.51770889035 40.53748203865 0.0316 0.0365 20.2782 "" "" 2067582554626582016 2032.88245 0.4622 0.0403 -1.876 -3.672 0.046 0.05 1.019 8528.4 3.8414 16.471598 1.873869 17.390913 15.517044 "" "" 1908.78088 2213.72632 4856.32312 2.4739 1510.3 7.6422 4924.3 11.434 "" "" 0.0028102850878912356 0.006161802 0.0045430516 0.010704854 306.51770889035 40.53748203865 2032.88245 -1.8760000000000001 -3.6719999999999997
306.19797073426 40.51910612678 0.032 0.0402 19.0194 "" "" 2067503149272076928 1741.45142 0.5515 0.0416 -3.487 -3.912 0.045 0.051 1.041 7496.7 3.6313 16.472607 2.130301 17.533056 15.402755 "" "" 1634.22949 1886.21973 4851.80928 2.8086 1324.9 22.803 5470.9 19.229 "" "" 0.0028260946651669054 0.01889388 0.005370895 0.024264775 306.19797073426 40.51910612678 1741.45142 -3.487 -3.9119999999999995
