Clusters/FSR_0224/FSR_0224_stars_in_region.tsv
# %ECSV 1.0
# ---
# datatype:
# - name: RA_ICRS_1
#   unit: deg
#   datatype: float64
#   format: '{:15.11f}'
#   description: Right ascension (ICRS) at Ep=2016.0 (ra)
#   meta: !!omap
#   - {ucd: POS_EQ_RA_MAIN}
#   - {width: 15}
#   - {precision: '11'}
# - name: DE_ICRS_1
#   unit: deg
#   datatype: float64
#   format: '{:15.11f}'
#   description: Declination (ICRS) at Ep=2016.0 (dec)
#   meta: !!omap
#   - {ucd: POS_EQ_DEC_MAIN}
#   - {width: 15}
#   - {precision: '11'}
# - name: e_RA_ICRS
#   unit: mas
#   datatype: float64
#   format: '{:7.4f}'
#   description: Standard error of right ascension (ra_error)
#   meta: !!omap
#   - {ucd: ERROR}
#   - {width: 7}
#   - {precision: '4'}
# - name: e_DE_ICRS
#   unit: mas
#   datatype: float64
#   format: '{:7.4f}'
#   description: Standard error of declination (dec_error)
#   meta: !!omap
#   - {ucd: ERROR}
#   - {width: 7}
#   - {precision: '4'}
# - name: _r_1
#   unit: ''
#   datatype: float64
#   format: '{:7.4f}'
#   description: Distance from center (306.35090741000+40.22430595000)[ICRS], at Epoch=J2016.0
#   meta: !!omap
#   - {ucd: POS_ANG_DIST_GENERAL}
#   - {width: 7}
#   - {precision: '4'}
# - name: HIP
#   datatype: int32
#   description: '? HIP cross-id number, van Leeuwen, Cat. I/311 (hip_original_ext_source_id)'
#   meta: !!omap
#   - {ucd: ID_NUMBER}
#   - {width: 6}
#   - values: {'null': -2147483648}
# - name: TYC2
#   datatype: string
#   description: Tycho-2 cross-id name, Hog et al., Cat. I/259 (tyc2_original_ext_source_id)
#   meta: !!omap
#   - {ucd: ID_CROSSID}
#   - {_votable_string_dtype: char}
# - name: Source
#   datatype: int64
#   description: Source identifier, identical to the Gaia-EDR3 source_id (id)
#   meta: !!omap
#   - {ucd: ID_MAIN}
#   - {width: 19}
# - name: rgeo
#   unit: pc
#   datatype: float64
#   format: '{:15.8f}'
#   description: '? Median of the geometric distance posterior (r_med_geo)'
#   meta: !!omap
#   - {ucd: PHYS_DISTANCE_TRUE}
#   - {width: 15}
#   - {precision: '8'}
#   - values: {'null': .nan}
# - name: Plx
#   unit: mas
#   datatype: float64
#   format: '{:9.4f}'
#   description: '? Parallax (parallax)'
#   meta: !!omap
#   - {ucd: POS_PARLX_TRIG}
#   - {width: 9}
#   - {precision: '4'}
#   - values: {'null': .nan}
# - name: e_Plx
#   unit: mas
#   datatype: float32
#   format: '{:7.4f}'
#   description: '? Standard error of parallax (parallax_error)'
#   meta: !!omap
#   - {ucd: ERROR}
#   - {width: 7}
#   - {precision: '4'}
#   - values: {'null': .nan}
# - name: pmRA
#   unit: mas / yr
#   datatype: float64
#   format: '{:9.3f}'
#   description: '? Proper motion in right ascension direction, pmRA*cosDE (pmra)'
#   meta: !!omap
#   - {ucd: POS_EQ_PMRA}
#   - {width: 9}
#   - {precision: '3'}
#   - values: {'null': .nan}
# - name: pmDE
#   unit: mas / yr
#   datatype: float64
#   format: '{:9.3f}'
#   description: '? Proper motion in declination direction (pmdec)'
#   meta: !!omap
#   - {ucd: POS_EQ_PMDEC}
#   - {width: 9}
#   - {precision: '3'}
#   - values: {'null': .nan}
# - name: e_pmRA
#   unit: mas / yr
#   datatype: float32
#   format: '{:6.3f}'
#   description: '? Standard error of proper motion in right ascension direction (pmra_error)'
#   meta: !!omap
#   - {ucd: ERROR}
#   - {width: 6}
#   - {precision: '3'}
#   - values: {'null': .nan}
# - name: e_pmDE
[...]
#         value: !astropy.table.SerializedColumn {name: SkyCoord.dec}
#       distance: !astropy.table.SerializedColumn
#         __class__: astropy.coordinates.distances.Distance
#         unit: !astropy.units.Unit {unit: pc}
#         value: !astropy.table.SerializedColumn {name: SkyCoord.distance}
#       frame: icrs
#       obstime: !astropy.time.Time {format: jyear_str, in_subfmt: '*', jd1: 367701545.0, jd2: 0.0, out_subfmt: '*', precision: 3, scale: tt}
#       pm_dec: !astropy.table.SerializedColumn
#         __class__: astropy.units.quantity.Quantity
#         unit: !astropy.units.Unit {unit: mas / yr}
#         value: !astropy.table.SerializedColumn {name: SkyCoord.pm_dec}
#       pm_ra_cosdec: !astropy.table.SerializedColumn
#         __class__: astropy.units.quantity.Quantity
#         unit: !astropy.units.Unit {unit: mas / yr}
#         value: !astropy.table.SerializedColumn {name: SkyCoord.pm_ra_cosdec}
#       ra: !astropy.table.SerializedColumn
#         __class__: astropy.coordinates.angles.Longitude
#         unit: *id001
#         value: !astropy.table.SerializedColumn {name: SkyCoord.ra}
#         wrap_angle: !astropy.coordinates.Angle
#           unit: *id001
#           value: 360.0
#       representation_type: spherical
# schema: astropy-2.0
RA_ICRS_1 DE_ICRS_1 e_RA_ICRS e_DE_ICRS _r_1 HIP TYC2 Source rgeo Plx e_Plx pmRA pmDE e_pmRA e_pmDE RUWE Teff logg Gmag BP-RP BPmag RPmag RV e_RV b_rgeo B_rgeo FG e_FG FBP e_FBP FRP e_FRP RAVE5 RAVE6 e_Gmag e_BPmag e_RPmag e_BP-RP SkyCoord.ra SkyCoord.dec SkyCoord.distance SkyCoord.pm_ra_cosdec SkyCoord.pm_dec rmRA rmDE e_rmRA e_rmDE rRV e_rRV v_pec v_pec3d e_vpec e_vpec3d
[from data line 255]
306.5497703536 40.23359232251 0.0276 0.0308 9.1266 "" "" 2067480609283556864 1838.95044 0.517 0.0368 -0.585 -3.469 0.037 0.044 1.051 "" "" 16.157717 1.964478 17.125128 15.16065 "" "" 1728.3667 1951.44385 6484.25016 3.1683 1929.1 7.931 6837.5 13.754 "" "" 0.0028059270678679584 0.005264019 0.0043650493 0.009629069 306.5497703536 40.23359232251 1838.95044 -0.5850000000000009 -3.4689999999999985 2.5758333587646485 0.9036668357849122 0.22828114 0.23528114 "" "" 23.79420122796925 "" 5.450268991492916 ""
306.25017472833 40.51097303073 0.0284 0.0331 17.8058 "" "" 2067502530796766464 1845.30945 0.5271 0.0366 -1.79 -5.117 0.039 0.043 1.1 9249.6 3.9673 16.159483 1.654913 16.938118 15.283205 "" "" 1721.51013 1971.21716 6473.71098 2.7097 2291.8 8.3222 6107.7 9.475 "" "" 0.002792547230521951 0.004830047 0.004137714 0.008967761 306.25017472833 40.51097303073 1845.30945 -1.7899999999999996 -5.117 1.3708333587646484 -0.7443331642150879 0.23028114 0.23428114 "" "" 13.643879508494733 "" 3.15443777688104 ""
306.60455500072 40.39758137338 0.0261 0.0314 15.5809 "" "" 2067577812977622784 1534.2179 0.6156 0.0345 -1.706 -10.245 0.035 0.044 0.953 6855.5 3.9856 16.160559 1.844323 17.060066 15.215743 "" "" 1465.70862 1632.18933 6467.29872 2.6284 2048.3 9.4 6499.2 14.365 "" "" 0.002790429763366865 0.00571066 0.0044768997 0.01018756 306.60455500072 40.39758137338 1534.2179 -1.706 -10.245 1.4548333587646485 -5.872333164215087 0.22628114 0.23528114 "" "" 43.995767167066546 "" 10.328890206752966 ""
306.54790990841 40.28496080467 0.0313 0.0353 9.7273 "" "" 2067574750669296384 1658.96216 0.5745 0.0418 -2.94 -4.423 0.045 0.052 1.146 7905.3 3.4894 16.16783 1.948546 17.125418 15.176871 "" "" 1523.75122 1801.6333 6424.14106 2.7484 1928.6 10.064 6736.1 12.275 "" "" 0.0027941998985261977 0.0063154637 0.004265936 0.0105814 306.54790990841 40.28496080467 1658.96216 -2.9400000000000004 -4.4229999999999965 0.2208333587646485 -0.05033316421508793 0.23628114 0.24328114 "" "" 1.781053190227275 "" 0.4214536239500643 ""
306.04924867728 40.40705918557 0.0274 0.0355 17.6265 "" "" 2067495177812790912 1803.79138 0.5305 0.0364 -3.61 -5.611 0.037 0.046 1.0 9220.0 3.6387 16.174612 1.966653 17.1496 15.182946 "" "" 1686.7749 1960.5282 6384.13112 3.3021 1886.2 10.545 6698.5 14.58 "" "" 0.002811967831784302 0.0066804946 0.0044574137 0.011137908 306.04924867728 40.40705918557 1803.79138 -3.610000000000001 -5.611000000000006 -0.44916664123535144 -1.2383331642150877 0.22828114 0.23728114 "" "" 11.262683588284586 "" 2.6608354116504174 ""
306.12977692602 40.38090308075 0.0269 0.031 13.8082 "" "" 2067499885096916608 1586.11743 0.5917 0.0361 -2.23 -5.158 0.037 0.038 0.976 6940.3 4.0382 16.177292 2.118998 17.267162 15.148165 "" "" 1479.03467 1683.8302 6368.39756 2.981 1692.6 9.5448 6916.6 11.236 "" "" 0.002801799804741724 0.006728405 0.0041706874 0.010899093 306.12977692602 40.38090308075 1586.11743 -2.2300000000000004 -5.158 0.9308333587646485 -0.7853331642150883 0.22828114 0.22928114 "" "" 9.156160137491213 "" 2.093990889313094 ""
306.51819578956 40.49147208319 0.0306 0.0366 17.7612 "" "" 2067582142309436672 1510.0553 0.6386 0.0403 -5.863 -7.128 0.039 0.05 1.142 7056.5 4.1188 16.184359 1.841795 17.086615 15.24482 "" "" 1427.95032 1601.35803 6327.0834 2.8239 1998.8 9.1521 6327.5 9.239 "" "" 0.0027976082834327677 0.0057008355 0.0040984103 0.009799246 306.51819578956 40.49147208319 1510.0553 -5.863000000000001 -7.128 -2.702166641235352 -2.755333164215088 0.23028114 0.24128114 "" "" 27.622980197393932 "" 6.517707856736849 ""
306.34890316136 40.45989475287 0.0261 0.0295 14.1356 "" "" 2067498540768889856 1792.06995 0.5347 0.0339 -2.75 -6.011 0.036 0.039 0.986 8294.0 4.2462 16.198168 1.606871 16.947948 15.341078 "" "" 1696.5116 1900.58179 6247.1132 2.6032 2271.1 8.1196 5790.6 8.3226 "" "" 0.0027922183499468935 0.004780449 0.004088868 0.008869316 306.34890316136 40.45989475287 1792.06995 -2.7499999999999982 -6.010999999999999 0.41083335876464844 -1.638333164215088 0.22728114 0.23028114 "" "" 14.347560540413363 "" 3.301441787743379 ""
306.41104292699 40.19585687752 0.0305 0.0345 3.2413 "" "" 2067479578491423872 1596.26025 0.5982 0.0395 -3.845 -4.888 0.043 0.052 1.114 "" "" 16.199717 2.217154 17.338692 15.121538 "" "" 1491.95825 1691.20288 6238.20927 3.3625 1584.7 11.848 7088.3 19.029 "" "" 0.002816786053931022 0.008583639 0.004772774 0.013356413 306.41104292699 40.19585687752 1596.26025 -3.8450000000000006 -4.888 -0.6841666412353518 -0.5153331642150878 0.23428114 0.24328114 "" "" 6.480778396417795 "" 1.5396925888425232 ""
306.36400772434 40.39943265195 0.1584 0.1246 10.5247 "" "" 2067498064025952768 1539.55469 0.7683 0.1488 -4.168 -4.735 0.252 0.189 2.177 "" "" 16.206821 "" "" "" "" "" 1212.39136 2017.6355 6197.51963 15.374 "" "" "" "" "" "" 0.0038530429331560174 "" "" "" 306.36400772434 40.39943265195 1539.55469 -4.167999999999999 -4.734999999999999 -1.0071666412353517 -0.3623331642150882 0.44328114 0.38028115 "" "" 7.810938648568962 "" 3.4096568009367565 ""
306.17948797073 40.37726658601 0.0272 0.0316 12.073 "" "" 2067497273756781184 2021.49426 0.4674 0.0357 -2.567 -4.666 0.037 0.041 0.986 "" "" 16.213871 1.759385 17.034985 15.2756 "" "" 1867.48914 2179.31812 6157.41506 2.7769 2096.2 7.6221 6150.6 35.37 "" "" 0.0027984901154102728 0.004834353 0.0072984574 0.01213281 306.17948797073 40.37726658601 2021.49426 -2.5669999999999993 -4.666 0.5938333587646483 -0.29333316421508826 0.22828114 0.23228115 "" "" 6.346378370907884 "" 1.4537726308561159 ""
306.40270476728 40.43602033241 0.1364 0.1598 12.9219 "" "" 2067580321243331328 1816.97791 0.5948 0.1843 -1.473 -1.516 0.186 0.212 5.686 "" "" 16.215801 1.935107 17.097778 15.162671 "" "" 1368.58582 2426.70068 6146.47222 16.681 1978.4 11.033 6824.8 14.854 "" "" 0.0040341307972679855 0.006666808 0.004457338 0.011124145 306.40270476728 40.43602033241 1816.97791 -1.473 -1.516 1.6878333587646484 2.856666835784912 0.37728113 0.40328115 "" "" 28.576456299314454 "" 11.336760775139702 ""
306.3316055248 40.49775094136 0.0265 0.0301 16.4304 "" "" 2067593206145261312 1502.21289 0.6304 0.0339 -2.911 -5.536 0.036 0.04 0.965 9646.2 4.2782 16.221777 1.935445 17.17766 15.242215 "" "" 1445.47827 1568.92151 6112.73597 3.4368 1838.0 6.6372 6342.7 10.873 "" "" 0.0028221315133994747 0.004812166 0.004212825 0.009024991 306.3316055248 40.49775094136 1502.21289 -2.9109999999999996 -5.536 0.2498333587646484 -1.1633331642150875 0.22728114 0.23128113 "" "" 8.472367021941167 "" 1.9580169072524842 ""
306.09797993768 40.47471091759 0.0278 0.0322 18.9602 "" "" 2067501671803345792 1903.21716 0.4981 0.0351 -1.163 -2.021 0.038 0.043 1.091 "" "" 16.24378 1.882352 17.159742 15.27739 "" "" 1785.89539 2031.61523 5990.11009 3.119 1868.6 7.3345 6140.5 9.821 "" "" 0.0028127196036512943 0.005093797 0.0041592284 0.009253025 306.09797993768 40.47471091759 1903.21716 -1.1629999999999994 -2.021 1.9978333587646484 2.351666835784912 0.22928114 0.23428114 "" "" 27.83705991269506 "" 6.463718667953869 ""
306.57617840308 40.50397376072 0.0306 0.0389 19.6884 "" "" 2067581489474389248 1803.06616 0.5223 0.0409 -2.805 -7.638 0.042 0.053 1.116 "" "" 16.244625 2.099494 17.315159 15.215665 "" "" 1673.09436 1954.93701 5985.45384 3.2501 1619.4 6.4416 6499.7 13.599 "" "" 0.0028176876768293666 0.005141707 0.0044095395 0.009551247 306.57617840308 40.50397376072 1803.06616 -2.804999999999999 -7.638 0.3558333587646483 -3.265333164215088 0.23328114 0.24428114 "" "" 28.072491833430874 "" 6.8540370929105965 ""
306.23502798725 40.18875531215 0.0293 0.0311 5.7224 "" "" 2067477379468206208 1463.71313 0.6479 0.0368 5.104 -2.707 0.038 0.039 0.988 5145.9 3.6412 16.249453 2.197364 17.389513 15.192149 "" "" 1394.62671 1556.2865 5958.89215 2.8734 1512.2 9.7785 6642.0 13.903 "" "" 0.0028046193766022667 0.007554922 0.004410068 0.01196499 306.23502798725 40.18875531215 1463.71313 5.104000000000003 -2.7070000000000043 8.264833358764648 1.6656668357849123 0.22928114 0.23028114 "" "" 58.4943439549329 "" 13.413937923637771 ""
306.4635855463 40.52927504804 0.0268 0.0317 19.0091 "" "" 2067592759468627840 1785.90466 0.5257 0.0349 -3.116 -4.197 0.037 0.043 0.982 "" "" 16.259779 1.888089 17.181229 15.293139 "" "" 1670.90857 1919.44519 5902.48502 2.6611 1832.0 9.6058 6052.0 10.449 "" "" 0.0027984633879351733 0.0063398723 0.004218734 0.010558606 306.4635855463 40.52927504804 1785.90466 -3.115999999999999 -4.197 0.044833358764648334 0.17566683578491205 0.22828114 0.23428114 "" "" 1.534719392612922 "" 0.3589994695658014 ""
306.25418840877 40.24044559642 0.0282 0.0311 4.5349 "" "" 2067483598580856320 1642.60913 0.5826 0.037 -2.555 -7.562 0.039 0.042 0.996 9085.5 4.4458 16.268213 1.918046 17.219091 15.301045 "" "" 1542.78223 1788.29797 5856.81726 2.6385 1769.2 9.0676 6008.1 13.727 "" "" 0.002798398206642162 0.006225002 0.0045207604 0.010745762 306.25418840877 40.24044559642 1642.60913 -2.5550000000000006 -7.561999999999998 0.6058333587646483 -3.189333164215088 0.23028114 0.23328114 "" "" 25.276084914472257 "" 5.893809350293961 ""
306.41083087293 40.32521654834 0.028 0.0318 6.6471 "" "" 2067485144769064576 1733.77197 0.5384 0.0382 -2.575 -5.321 0.039 0.039 1.028 9243.4 3.519 16.269081 2.295322 17.474224 15.178903 "" "" 1650.50623 1824.89868 5852.13844 2.6857 1398.7 7.8411 6723.5 9.5932 "" "" 0.002800011643609762 0.0066956766 0.004084554 0.01078023 306.41083087293 40.32521654834 1733.77197 -2.575 -5.321 0.5858333587646483 -0.9483331642150876 0.23028114 0.23028114 "" "" 9.160620655181782 "" 2.1095182077115426 ""
306.62038650277 40.34409551911 0.0268 0.0332 14.2756 "" "" 2067575442160351104 1826.31995 0.5295 0.0368 -2.91 -4.907 0.037 0.048 1.042 "" "" 16.272919 1.732632 17.086546 15.353914 "" "" 1710.02759 1939.83484 5831.48862 2.6971 1998.9 14.803 5722.6 10.508 "" "" 0.002800705954333207 0.008510856 0.0042729853 0.012783841 306.62038650277 40.34409551911 1826.31995 -2.910000000000002 -4.907000000000004 0.2508333587646483 -0.5343331642150879 0.22828114 0.23928115 "" "" 5.109901654241375 "" 1.2127459977640256 ""
305.91907836233 40.19004893344 0.0635 0.0615 19.8941 "" "" 2067491260803090048 1714.86865 0.5288 0.0668 -2.694 -5.095 0.084 0.086 1.098 "" "" 16.274015 "" "" "" "" "" 1527.57227 1938.49719 5825.6034 6.8592 "" "" "" "" "" "" 0.0030374366401080405 "" "" "" 305.91907836233 40.19004893344 1714.86865 -2.694000000000001 -5.095000000000001 0.4668333587646485 -0.7223331642150876 0.27528113 0.27728114 "" "" 6.990956448048204 "" 1.9343514190413076 ""
306.47411101001 40.49870447419 0.0283 0.0325 17.4008 "" "" 2067581008438091392 2012.48523 0.4639 0.0367 -1.637 -5.782 0.039 0.046 0.915 8072.0 3.7143 16.28135 2.468293 17.614105 15.145812 "" "" 1858.87329 2157.48267 5786.38161 2.8921 1229.6 6.399 6931.6 10.103 "" "" 0.0028082508753280765 0.0063016736 0.004097317 0.0103989905 306.47411101001 40.49870447419 2012.48523 -1.637 -5.782 1.5238333587646484 -1.409333164215088 0.23028114 0.23728114 "" "" 19.799918866698295 "" 4.623961670581246 ""
306.5087925194 40.24826190417 0.0288 0.0335 7.3731 "" "" 2067480918521211008 1699.26917 0.576 0.0405 -0.054 -3.582 0.04 0.049 0.958 "" "" 16.283705 1.708767 17.097685 15.388918 "" "" 1591.57239 1811.10669 5773.84372 2.5845 1978.5 8.5072 5541.0 13.113 "" "" 0.002797853625530523 0.0054387217 0.004570092 0.010008814 306.5087925194 40.24826190417 1699.26917 -0.053999999999999826 -3.582 3.1068333587646486 0.7906668357849123 0.23128113 0.24028113 "" "" 25.821751063436725 "" 5.9864774511450385 ""
306.16462351388 40.33464814941 0.0294 0.0365 10.7954 "" "" 2067496792720437120 1903.48022 0.498 0.0397 -2.677 -4.193 0.04 0.044 1.07 9242.4 3.6394 16.287914 2.110908 17.357927 15.247019 "" "" 1755.33191 2020.0249 5751.50155 3.1207 1556.8 7.6304 6314.7 15.994 "" "" 0.0028175943442425282 0.0060086627 0.0046739797 0.010682642 306.16462351388 40.33464814941 1903.48022 -2.677 -4.193 0.4838333587646484 0.1796668357849125 0.23128113 0.23528114 "" "" 4.656647376487325 "" 1.0792690272689893 ""
306.36729545267 40.23626585827 0.0314 0.033 1.0385 "" "" 2067482877026323200 1518.8999 0.6293 0.0403 -3.071 -4.498 0.043 0.044 1.059 6886.8 4.0091 16.29087 2.230603 17.449217 15.218614 "" "" 1448.71301 1622.10791 5735.86208 8.361 1431.3 11.725 6482.1 27.58 "" "" 0.0031775081648580117 0.009321572 0.0059686075 0.01529018 306.36729545267 40.23626585827 1518.8999 -3.070999999999997 -4.498 0.08983335876464826 -0.1253331642150881 0.23428114 0.23528114 "" "" 1.1101946331692634 "" 0.2608316045820546 ""
306.13029273529 40.2746851965 0.0281 0.0328 10.5454 "" "" 2067490539248048384 1724.03674 0.5478 0.036 -3.894 -4.846 0.039 0.041 0.998 9245.1 3.5889 16.296942 2.140496 17.39544 15.254943 "" "" 1635.2677 1819.39783 5703.87323 2.8572 1504.0 12.078 6268.8 11.973 "" "" 0.0028084842748424487 0.009154655 0.0043109045 0.013465559 306.13029273529 40.2746851965 1724.03674 -3.8939999999999984 -4.846 -0.7331666412353517 -0.473333164215088 0.23028114 0.23228115 "" "" 7.131517323541358 "" 1.6464627697623524 ""
306.65421056666 40.1741401841 0.0316 0.0331 14.222 "" "" 2067385432806565504 2035.92957 0.4532 0.0405 -3.904 -4.575 0.039 0.042 0.987 "" "" 16.29782 2.658746 17.77099 15.112245 "" "" 1860.30457 2211.09473 5699.26482 3.2072 1064.2 11.695 7149.2 15.677 "" "" 0.0028222497612665804 0.012253564 0.004466779 0.016720343 306.65421056666 40.1741401841 2035.92957 -3.904 -4.575 -0.7431666412353515 -0.20233316421508807 0.23028114 0.23328114 "" "" 7.432836995832251 "" 1.7131903309477023 ""
305.9871818872 40.25754412138 0.0287 0.0342 16.7776 "" "" 2067491947997365376 1842.10461 0.5089 0.037 -3.277 -5.512 0.04 0.042 0.969 9062.2 3.4472 16.298145 1.955402 17.257515 15.302113 "" "" 1745.87 1982.43481 5697.55958 2.7174 1707.7 13.879 6002.2 12.929 "" "" 0.002803558373779353 0.009254727 0.0044444744 0.013699201 305.9871818872 40.25754412138 1842.10461 -3.2769999999999992 -5.5120000000000005 -0.1161666412353517 -1.1393331642150875 0.23128113 0.23328114 "" "" 9.999750271209795 "" 2.3325481979709526 ""
306.39485645219 40.24212820928 0.0304 0.0336 2.2795 "" "" 2067484285776096640 1731.43494 0.5341 0.04 -2.346 -4.538 0.041 0.045 0.957 "" "" 16.306232 1.911125 17.22989 15.318766 "" "" 1625.26831 1854.36218 5655.27525 2.744 1751.7 10.003 5910.9 11.201 "" "" 0.002805230650564936 0.0067989416 0.004303114 0.011102056 306.39485645219 40.24212820928 1731.43494 -2.3460000000000023 -4.537999999999998 0.8148333587646484 -0.16533316421508815 0.23228115 0.23628114 "" "" 6.823609603338018 "" 1.5860840742918536 ""
306.3700514904 40.47535516018 0.0302 0.0308 15.0884 "" "" 2067592347151784192 1705.16943 0.5617 0.037 -1.273 -1.767 0.045 0.041 0.951 7831.0 4.5791 16.30879 1.588289 17.039688 15.451399 "" "" 1597.82544 1820.83313 5641.97114 2.5572 2087.1 8.0554 5231.2 10.101 "" "" 0.002798920707002586 0.0050344337 0.0043219076 0.009356341 306.3700514904 40.47535516018 1705.16943 -1.273 -1.7669999999999997 1.8878333587646485 2.605666835784912 0.23628114 0.23228115 "" "" 26.006845604518123 "" 6.076909831975607 ""
306.3044661651 40.46343623085 0.0277 0.0283 14.5041 "" "" 2067499232261851008 1882.03174 0.5108 0.0338 -3.358 -5.184 0.039 0.035 0.983 "" "" 16.311708 1.674707 17.104868 15.430161 "" "" 1791.98047 1986.2085 5626.82473 2.3807 1965.5 8.1374 5334.5 12.511 "" "" 0.0027933515871661637 0.005290628 0.004557166 0.009847794 306.3044661651 40.46343623085 1882.03174 -3.3579999999999997 -5.183999999999994 -0.19716664123535166 -0.811333164215088 0.23028114 0.22628114 "" "" 7.448418990173798 "" 1.6871119644485413 ""
