Clusters/NGC_2362/NGC_2362_members.tsv
# %ECSV 1.0
# ---
# datatype:
# - name: RA_ICRS_1
#   unit: deg
#   datatype: float64
#   format: '{:15.11f}'
#   description: Right ascension (ICRS) at Ep=2016.0 (ra)
#   meta: !!omap
#   - {ucd: POS_EQ_RA_MAIN}
#   - {width: 15}
#   - {precision: '11'}
# - name: DE_ICRS_1
#   unit: deg
#   datatype: float64
#   format: '{:15.11f}'
#   description: Declination (ICRS) at Ep=2016.0 (dec)
#   meta: !!omap
#   - {ucd: POS_EQ_DEC_MAIN}
#   - {width: 15}
#   - {precision: '11'}
# - name: e_RA_ICRS
#   unit: mas
#   datatype: float64
#   format: '{:7.4f}'
#   description: Standard error of right ascension (ra_error)
#   meta: !!omap
#   - {ucd: ERROR}
#   - {width: 7}
#   - {precision: '4'}
# - name: e_DE_ICRS
#   unit: mas
#   datatype: float64
#   format: '{:7.4f}'
#   description: Standard error of declination (dec_error)
#   meta: !!omap
#   - {ucd: ERROR}
#   - {width: 7}
#   - {precision: '4'}
# - name: _r_1
#   unit: ''
#   datatype: float64
#   format: '{:7.4f}'
#   description: Distance from center (109.67180612000-24.94870606000)[ICRS], at Epoch=J2016.0
#   meta: !!omap
#   - {ucd: POS_ANG_DIST_GENERAL}
#   - {width: 7}
#   - {precision: '4'}
# - name: HIP
#   datatype: int32
#   description: '? HIP cross-id number, van Leeuwen, Cat. I/311 (hip_original_ext_source_id)'
#   meta: !!omap
#   - {ucd: ID_NUMBER}
#   - {width: 6}
#   - values: {'null': -2147483648}
# - name: TYC2
#   datatype: string
#   description: Tycho-2 cross-id name, Hog et al., Cat. I/259 (tyc2_original_ext_source_id)
#   meta: !!omap
#   - {ucd: ID_CROSSID}
#   - {_votable_string_dtype: char}
# - name: Source
#   datatype: int64
#   description: Source identifier, identical to the Gaia-EDR3 source_id (id)
#   meta: !!omap
#   - {ucd: ID_MAIN}
#   - {width: 19}
# - name: rgeo
#   unit: pc
#   datatype: float64
#   format: '{:15.8f}'
#   description: '? Median of the geometric distance posterior (r_med_geo)'
#   meta: !!omap
#   - {ucd: PHYS_DISTANCE_TRUE}
#   - {width: 15}
#   - {precision: '8'}
#   - values: {'null': .nan}
# - name: Plx
#   unit: mas
#   datatype: float64
#   format: '{:9.4f}'
#   description: '? Parallax (parallax)'
#   meta: !!omap
#   - {ucd: POS_PARLX_TRIG}
#   - {width: 9}
#   - {precision: '4'}
#   - values: {'null': .nan}
# - name: e_Plx
#   unit: mas
#   datatype: float32
#   format: '{:7.4f}'
#   description: '? Standard error of parallax (parallax_error)'
#   meta: !!omap
#   - {ucd: ERROR}
#   - {width: 7}
#   - {precision: '4'}
#   - values: {'null': .nan}
# - name: pmRA
#   unit: mas / yr
#   datatype: float64
#   format: '{:9.3f}'
#   description: '? Proper motion in right ascension direction, pmRA*cosDE (pmra)'
#   meta: !!omap
#   - {ucd: POS_EQ_PMRA}
#   - {width: 9}
#   - {precision: '3'}
#   - values: {'null': .nan}
# - name: pmDE
#   unit: mas / yr
#   datatype: float64
#   format: '{:9.3f}'
#   description: '? Proper motion in declination direction (pmdec)'
#   meta: !!omap
#   - {ucd: POS_EQ_PMDEC}
#   - {width: 9}
#   - {precision: '3'}
#   - values: {'null': .nan}
# - name: e_pmRA
#   unit: mas / yr
#   datatype: float32
#   format: '{:6.3f}'
#   description: '? Standard error of proper motion in right ascension direction (pmra_error)'
#   meta: !!omap
#   - {ucd: ERROR}
#   - {width: 6}
#   - {precision: '3'}
#   - values: {'null': .nan}
# - name: e_pmDE
[...]
#         unit: &id001 !astropy.units.Unit {unit: deg}
#         value: !astropy.table.SerializedColumn {name: SkyCoord.dec}
#       distance: !astropy.table.SerializedColumn
#         __class__: astropy.coordinates.distances.Distance
#         unit: !astropy.units.Unit {unit: pc}
#         value: !astropy.table.SerializedColumn {name: SkyCoord.distance}
#       frame: icrs
#       obstime: !astropy.time.Time {format: jyear_str, in_subfmt: '*', jd1: 367701545.0, jd2: 0.0, out_subfmt: '*', precision: 3, scale: tt}
#       pm_dec: !astropy.table.SerializedColumn
#         __class__: astropy.units.quantity.Quantity
#         unit: !astropy.units.Unit {unit: mas / yr}
#         value: !astropy.table.SerializedColumn {name: SkyCoord.pm_dec}
#       pm_ra_cosdec: !astropy.table.SerializedColumn
#         __class__: astropy.units.quantity.Quantity
#         unit: !astropy.units.Unit {unit: mas / yr}
#         value: !astropy.table.SerializedColumn {name: SkyCoord.pm_ra_cosdec}
#       ra: !astropy.table.SerializedColumn
#         __class__: astropy.coordinates.angles.Longitude
#         unit: *id001
#         value: !astropy.table.SerializedColumn {name: SkyCoord.ra}
#         wrap_angle: !astropy.coordinates.Angle
#           unit: *id001
#           value: 360.0
#       representation_type: spherical
# schema: astropy-2.0
RA_ICRS_1 DE_ICRS_1 e_RA_ICRS e_DE_ICRS _r_1 HIP TYC2 Source rgeo Plx e_Plx pmRA pmDE e_pmRA e_pmDE RUWE Teff logg Gmag BP-RP BPmag RPmag RV e_RV b_rgeo B_rgeo FG e_FG FBP e_FBP FRP e_FRP RAVE5 RAVE6 e_Gmag e_BPmag e_RPmag e_BP-RP SkyCoord.ra SkyCoord.dec SkyCoord.distance SkyCoord.pm_ra_cosdec SkyCoord.pm_dec Pmemb
[from data line 40]
109.67320832386 -24.88352701434 0.0101 0.0137 3.9115 "" "" 5616544130452288128 1296.42334 0.7328 0.0176 -2.978 2.994 0.013 0.018 1.031 6160.6 4.2637 14.495309 0.78827 14.800524 14.012254 45.4 8.66 1269.93555 1323.75073 29979.40804 8.3835 16414.0 15.994 19690.0 19.033 "" "" 0.0027719980005259746 0.0029840101 0.0039223963 0.0069064065 109.67320832386 -24.88352701434 1296.42334 -2.9779999999999998 2.9940000000000007 0.9
109.70236736457 -25.0301668397 0.0103 0.0141 5.1625 "" "" 5616523995645679616 1222.79211 0.7775 0.0173 -2.513 3.389 0.013 0.018 1.087 5210.9 3.6701 14.507304 1.295701 15.070073 13.774372 81.27 7.02 1202.23901 1249.17188 29650.01338 20.432 12805.0 38.774 24514.0 45.997 "" "" 0.002855096049229553 0.0043120384 0.0042934865 0.008605525 109.70236736457 -25.0301668397 1222.79211 -2.513000000000001 3.3890000000000002 0.9
109.65733035812 -24.89553747999 0.0105 0.014 3.2859 "" "" 5616544027373104512 1302.9314 0.7301 0.0186 -2.87 2.935 0.015 0.02 1.037 5530.6 3.9489 14.622932 1.177672 15.12637 13.948698 32.37 12.37 1273.80579 1336.44263 26654.68888 39.832 12158.0 62.345 20878.0 72.894 "" "" 0.003197541654670524 0.006227569 0.00535291 0.011580479 109.65733035812 -24.89553747999 1302.9314 -2.870000000000001 2.934999999999999 0.9
109.63199162684 -25.02989921748 0.0107 0.0159 5.3311 "" "" 5616524511041846784 1253.70337 0.7656 0.0195 -2.812 3.054 0.014 0.021 0.989 5063.6 3.7396 14.798947 1.340216 15.394436 14.05422 73.42 5.44 1220.05566 1278.38123 22665.63458 17.586 9498.2 32.403 18944.0 36.74 "" "" 0.0028812226399210503 0.0046372935 0.0043263845 0.008963678 109.63199162684 -25.02989921748 1253.70337 -2.812 3.054 0.8
109.65813370528 -24.98150159891 0.0134 0.0179 2.1036 "" "" 5616525129517070336 1226.02979 0.7823 0.0215 -2.636 3.061 0.016 0.021 0.985 "" "" 14.810098 1.230835 15.337447 14.106612 153.84 9.25 1199.24084 1254.40759 22434.0563 19.62 10010.0 43.24 18052.0 56.322 "" "" 0.0029143481309138967 0.005457239 0.0050753094 0.010532549 109.65813370528 -24.98150159891 1226.02979 -2.6359999999999992 3.061 1.0
109.5957324387 -24.81288916305 0.0109 0.0156 9.1407 "" "" 5616547703865129216 1266.04785 0.7535 0.0209 -2.853 2.961 0.014 0.021 0.997 "" "" 14.8262 1.215321 15.357291 14.141971 -11.09 4.29 1232.7489 1303.07935 22103.79321 23.913 9828.8 36.862 17473.0 50.908 "" "" 0.0029952436490988496 0.0049361773 0.00492852 0.009864697 109.5957324387 -24.81288916305 1266.04785 -2.8529999999999998 2.9609999999999994 0.8
109.69013658756 -24.95491335223 0.0159 0.0218 1.0645 "" "" 5616531142465969920 1299.77698 0.7379 0.0297 -2.686 3.111 0.021 0.031 1.317 4955.9 4.1724 14.998541 1.224604 15.52013 14.295526 "" "" 1253.96692 1341.40588 18859.50989 15.594 8459.9 44.569 15169.0 42.645 "" "" 0.0028978836480451115 0.0063641835 0.004858047 0.01122223 109.69013658756 -24.95491335223 1299.77698 -2.6859999999999986 3.1110000000000007 1.0
109.74848169788 -24.98087934608 0.012 0.0166 4.5958 "" "" 5616530077319272192 1256.77051 0.759 0.0205 -2.913 3.184 0.015 0.021 1.014 5276.7 4.3108 15.02728 1.014026 15.441129 14.427103 "" "" 1220.03333 1291.39624 18366.85046 26.342 9098.4 59.972 13437.0 54.686 "" "" 0.0031649002363396987 0.00768129 0.005814547 0.013495837 109.74848169788 -24.98087934608 1256.77051 -2.912999999999999 3.184 0.9
109.65764594801 -24.89844209496 0.013 0.0177 3.1127 "" "" 5616544027373107840 1313.35779 0.7259 0.0229 -2.939 3.17 0.018 0.025 1.031 5140.2 4.1959 15.078097 1.181967 15.586793 14.404826 "" "" 1278.24207 1347.26624 17527.0121 24.663 7956.1 38.063 13716.0 50.533 "" "" 0.0031505423905830144 0.005896253 0.005503145 0.011399398 109.65764594801 -24.89844209496 1313.35779 -2.939000000000001 3.1699999999999995 1.0
109.68078859551 -24.93829582215 0.0142 0.018 0.7931 "" "" 5616542957917216512 1229.42419 0.7753 0.0242 -2.666 2.859 0.019 0.024 1.035 "" "" 15.078835 1.362542 15.677101 14.314559 "" "" 1195.04883 1265.50623 17515.11306 19.272 7321.1 46.337 14905.0 47.264 "" "" 0.003003158546488504 0.0074167275 0.005112455 0.012529183 109.68078859551 -24.93829582215 1229.42419 -2.6659999999999995 2.859 0.8
109.68407972928 -24.95255001099 0.0158 0.0233 0.7064 "" "" 5616537013682481408 1303.22534 0.7306 0.0298 -2.84 3.262 0.021 0.03 1.008 5654.9 4.2445 15.303813 1.235826 15.789177 14.55335 "" "" 1256.68457 1349.52173 14237.09937 18.571 6603.1 90.782 11962.0 75.143 "" "" 0.0030979890865859574 0.015185654 0.0077975257 0.02298318 109.68407972928 -24.95255001099 1303.22534 -2.84 3.2620000000000005 1.0
109.6676272135 -24.92029543332 0.0156 0.0202 1.7197 "" "" 5616543168379651328 1310.39465 0.7319 0.0276 -2.56 3.11 0.022 0.028 1.049 5277.4 3.9007 15.3796 1.265133 15.930297 14.665164 "" "" 1268.27979 1356.32336 13277.2137 18.195 5798.3 31.824 10792.0 39.837 "" "" 0.003131388114282802 0.0065799356 0.005508757 0.012088693 109.6676272135 -24.92029543332 1310.39465 -2.5600000000000005 3.1100000000000003 1.0
109.67739271647 -24.95981205278 0.0194 0.0244 0.7324 "" "" 5616537017982743680 1250.32849 0.7528 0.0346 -2.567 2.861 0.026 0.037 1.022 5375.0 4.2651 15.494601 1.151895 15.892875 14.74098 "" "" 1185.95679 1312.8125 11942.79831 17.184 6001.6 104.88 10064.0 80.591 "" "" 0.0031673843537698993 0.019177666 0.009480324 0.02865799 109.67739271647 -24.95981205278 1250.32849 -2.567 2.8610000000000015 0.8
109.64708715334 -25.0097903576 0.0154 0.0226 3.9039 "" "" 5616524717200244608 1161.87634 0.8208 0.0284 -2.778 2.9 0.02 0.031 1.002 4822.8 4.1922 15.520931 1.351602 16.11707 14.765468 "" "" 1132.83704 1202.65039 11656.66014 28.439 4881.9 48.533 9839.5 68.747 "" "" 0.0038220969423821433 0.0111485515 0.008475202 0.019623753 109.64708715334 -25.0097903576 1161.87634 -2.778 2.9 0.8
109.67413851986 -24.93121632459 0.0194 0.0285 1.057 "" "" 5616542962221220480 1255.28711 0.7597 0.0355 -2.668 2.933 0.026 0.04 1.202 5304.0 3.8507 15.685648 1.442186 16.322102 14.879915 "" "" 1198.88379 1313.53381 10015.84755 16.391 4041.8 36.604 8855.1 48.16 "" "" 0.003278545263341266 0.010221026 0.007010873 0.017231898 109.67413851986 -24.93121632459 1255.28711 -2.668 2.9330000000000003 0.9
109.71369047292 -24.97588822971 0.017 0.023 2.8019 "" "" 5616530867593293952 1326.70752 0.7176 0.0288 -2.495 2.844 0.022 0.03 1.03 4773.4 4.2281 15.712158 1.406706 16.342072 14.935366 "" "" 1288.61487 1380.02148 9774.24861 10.855 3968.1 27.474 8414.2 33.802 "" "" 0.003007609114055404 0.008018434 0.005771307 0.013789741 109.71369047292 -24.97588822971 1326.70752 -2.495 2.844 1.0
109.68116839461 -24.96313165123 0.0181 0.0253 1.0043 "" "" 5616525262651957376 1339.78979 0.7096 0.0335 -2.458 2.888 0.023 0.033 1.004 6019.7 4.1904 15.774393 1.560404 16.466764 14.906361 "" "" 1272.94653 1401.23596 9229.73927 37.518 3537.6 77.246 8642.0 102.24 "" "" 0.005202884023434067 0.023871439 0.013389372 0.03726081 109.68116839461 -24.96313165123 1339.78979 -2.458 2.888000000000001 0.9
109.70710576551 -24.97399190631 0.0194 0.0255 2.4472 "" "" 5616525198236849152 1203.16406 0.8027 0.0333 -2.791 2.816 0.024 0.032 1.0 4812.8 4.2936 15.846728 1.411918 16.469713 15.057796 "" "" 1165.01086 1248.0791 8634.86336 18.139 3528.0 27.352 7516.9 47.857 "" "" 0.003576830644629189 0.008867914 0.007878165 0.016746078 109.70710576551 -24.97399190631 1203.16406 -2.7910000000000004 2.816 0.9
109.6935554411 -24.9526794705 0.0224 0.0279 1.2069 "" "" 5616531142471211904 1245.25098 0.7655 0.036 -2.74 3.063 0.028 0.034 1.017 4643.9 4.1447 15.891929 1.513871 16.595722 15.081851 "" "" 1200.84448 1298.86182 8282.76039 10.495 3141.4 26.204 7352.2 31.654 "" "" 0.003079676749308386 0.009476728 0.006011216 0.015487944 109.6935554411 -24.9526794705 1245.25098 -2.7400000000000007 3.0630000000000006 1.0
109.65630737482 -24.91089554894 0.0194 0.0261 2.4203 "" "" 5616543237099135616 1284.8667 0.7435 0.0343 -2.631 3.276 0.026 0.037 1.023 5179.8 3.8118 15.967748 1.525991 16.67046 15.144468 "" "" 1235.29382 1332.73218 7724.09903 7.6328 2932.5 15.232 6940.2 21.365 "" "" 0.0029568411511331286 0.00629201 0.005045315 0.011337325 109.65630737482 -24.91089554894 1284.8667 -2.631000000000001 3.276 0.9
109.72161930696 -24.96562213445 0.0203 0.0261 2.8936 "" "" 5616530867593677696 1196.33496 0.7999 0.0345 -2.797 2.974 0.025 0.035 1.055 4629.4 4.1891 15.990291 1.507221 16.664318 15.157097 "" "" 1151.12988 1241.68787 7565.37292 13.803 2949.1 31.753 6859.9 43.01 "" "" 0.0033935001149425163 0.012018498 0.0077860956 0.019804593 109.72161930696 -24.96562213445 1196.33496 -2.7970000000000006 2.974 0.9
109.7350267781 -25.08764889723 0.0185 0.0251 9.0174 "" "" 5616520319153674752 1244.09863 0.7746 0.0316 -2.77 3.051 0.024 0.033 1.049 4705.6 4.2881 16.051804 1.460948 16.660204 15.199256 "" "" 1200.20398 1295.9967 7148.67313 7.5579 2960.3 34.739 6598.7 37.638 "" "" 0.0029848683557778346 0.013043001 0.007255029 0.02029803 109.7350267781 -25.08764889723 1244.09863 -2.770000000000001 3.051 0.8
109.68985204677 -24.93514241226 0.0207 0.0297 1.2752 "" "" 5616542893501723392 1263.95129 0.7703 0.0391 -2.759 2.874 0.028 0.04 1.053 4569.7 4.1849 16.109596 1.56198 16.831987 15.270007 "" "" 1207.04297 1327.77063 6778.10417 9.5385 2527.1 15.458 6182.4 22.709 "" "" 0.0031506000350387075 0.0072036334 0.0054944158 0.012698049 109.68985204677 -24.93514241226 1263.95129 -2.759 2.8739999999999997 1.0
109.64119744728 -24.98924512462 0.0211 0.0331 2.9476 "" "" 5616536846187881600 1230.50549 0.7769 0.0416 -2.865 2.815 0.028 0.043 1.079 4643.3 4.2606 16.159119 1.611437 16.913553 15.302116 "" "" 1161.50134 1292.73035 6475.89079 21.221 2344.2 31.341 6002.2 49.685 "" "" 0.0045000289869509096 0.014781576 0.009749819 0.024531394 109.64119744728 -24.98924512462 1230.50549 -2.865 2.8149999999999995 0.9
109.66422948384 -24.88729450437 0.0218 0.0296 3.7077 "" "" 5616544130452678784 1207.34033 0.8003 0.0391 -2.838 3.001 0.028 0.04 0.979 4448.6 4.1669 16.171782 1.587832 16.921717 15.333885 "" "" 1155.28687 1257.39905 6400.79691 11.459 2326.6 20.875 5829.1 34.831 "" "" 0.0033719272554477418 0.010133276 0.0075082346 0.01764151 109.66422948384 -24.88729450437 1207.34033 -2.838 3.001 0.8
109.60271130718 -24.80991471961 0.0201 0.0291 9.1374 "" "" 5616547738224856832 1285.67175 0.7507 0.039 -2.692 3.055 0.027 0.039 1.013 5225.5 3.8725 16.196735 1.46567 16.861446 15.395777 "" "" 1224.26477 1362.97485 6255.36253 9.8027 2459.5 19.769 5506.1 27.346 "" "" 0.0032383173400361777 0.009162128 0.0065848785 0.015747007 109.60271130718 -24.80991471961 1285.67175 -2.692 3.055 0.9
109.63763559958 -25.06313298356 0.0216 0.0308 7.1126 "" "" 5616524201804222208 1296.6051 0.7393 0.0381 -2.811 2.83 0.028 0.04 0.985 4650.1 4.403 16.330961 1.347343 16.906528 15.559186 "" "" 1230.89917 1373.19348 5527.92753 4.2978 2359.4 10.89 4736.8 25.328 "" "" 0.0028817253570452973 0.005735696 0.0069273114 0.012663007 109.63763559958 -25.06313298356 1296.6051 -2.811 2.83 0.8
109.80895184511 -24.86427640397 0.0226 0.0304 9.0203 "" "" 5616533307134525696 1325.58667 0.7367 0.0405 -2.702 2.761 0.029 0.039 1.037 4575.5 4.1803 16.335037 1.685191 17.101591 15.4164 "" "" 1255.87708 1414.89563 5507.21673 5.9302 1971.4 11.23 5402.5 24.514 "" "" 0.0029930997229692703 0.0067850896 0.006209244 0.012994334 109.80895184511 -24.86427640397 1325.58667 -2.702 2.761000000000001 0.8
109.71579712026 -24.88435499648 0.0231 0.0314 4.5429 "" "" 5616543718135373952 1209.62634 0.8026 0.0413 -2.8 3.229 0.03 0.042 0.971 5086.2 4.2529 16.347141 1.909067 17.28247 15.373404 "" "" 1148.33594 1282.94983 5446.15511 10.904 1668.9 16.446 5620.8 34.572 "" "" 0.0035095880080149326 0.0110571 0.0076733488 0.018730449 109.71579712026 -24.88435499648 1209.62634 -2.8 3.229 1.0
109.63270696535 -24.94800434473 0.0228 0.0357 2.1275 "" "" 5616537155425507072 1293.25208 0.7433 0.0432 -2.685 2.777 0.031 0.051 0.985 4536.0 4.2765 16.362566 1.49995 17.013372 15.513423 "" "" 1235.14673 1353.42932 5369.33525 31.383 2138.3 45.135 4940.7 81.764 "" "" 0.006918321052417766 0.02308682 0.0183611 0.041447923 109.63270696535 -24.94800434473 1293.25208 -2.6850000000000005 2.7769999999999997 0.9
109.7110723789 -24.99089846537 0.0223 0.0332 3.3121 "" "" 5616524992078050944 1124.25439 0.8635 0.0407 -2.603 2.916 0.028 0.041 1.027 4860.2 4.5121 16.382996 1.118942 16.84867 15.729727 "" "" 1072.78064 1185.33801 5269.24465 1.9774 2488.6 17.732 4048.3 11.604 "" "" 0.002785283097659311 0.008223966 0.00489583 0.013119796 109.7110723789 -24.99089846537 1124.25439 -2.603 2.9160000000000004 0.8
109.70150736652 -24.95409793495 0.0264 0.0354 1.6478 "" "" 5616531142471200384 1268.18335 0.7606 0.0462 -2.79 2.875 0.033 0.046 1.075 4875.5 4.2563 16.400867 1.678956 17.172058 15.493102 "" "" 1184.6427 1346.23303 5183.22207 8.7829 1847.5 21.195 5034.0 33.292 "" "" 0.003313083967490193 0.012764528 0.008114334 0.020878863 109.70150736652 -24.95409793495 1268.18335 -2.7900000000000005 2.875 0.9
109.61940694518 -24.97540173257 0.0233 0.036 3.2695 "" "" 5616536743108680448 1333.52612 0.7202 0.0435 -2.802 2.965 0.031 0.047 1.032 4427.7 4.1509 16.415022 1.605689 17.171942 15.566253 "" "" 1264.99731 1407.77283 5116.08403 5.1994 1847.7 9.2682 4706.1 12.558 "" "" 0.0029680497772993104 0.0061192657 0.0047621103 0.0108813755 109.61940694518 -24.97540173257 1333.52612 -2.8020000000000014 2.965 0.8
109.68103688388 -24.96085914849 0.0258 0.0412 0.8854 "" "" 5616525266950780672 1323.99512 0.7386 0.051 -2.652 2.744 0.034 0.065 1.008 5668.1 4.6262 16.446117 1.323919 16.929527 15.605608 "" "" 1243.09424 1430.05566 4971.63803 5.9993 2310.0 65.071 4538.5 70.915 "" "" 0.0030509534515841276 0.030711394 0.017380733 0.048092127 109.68103688388 -24.96085914849 1323.99512 -2.652 2.744000000000001 0.9
109.66245674393 -24.97973278387 0.0251 0.0449 1.9298 "" "" 5616525129517062528 1219.0885 0.7957 0.0466 -2.669 3.057 0.033 0.059 0.987 "" "" 16.492476 1.793098 17.339651 15.546553 "" "" 1156.27637 1306.67407 4763.83441 8.6232 1583.3 18.827 4792.2 33.687 "" "" 0.003384423522962471 0.013208535 0.008516733 0.021725267 109.66245674393 -24.97973278387 1219.0885 -2.669000000000001 3.057000000000001 1.0
109.66961768734 -24.9435426998 0.028 0.0432 0.3319 "" "" 5616537086705974528 1295.17053 0.7465 0.0542 -2.563 2.934 0.035 0.055 0.984 6115.2 4.5119 16.591267 1.65462 17.32966 15.67504 "" "" 1217.72241 1386.78345 4349.50709 18.323 1597.9 33.832 4257.4 42.659 "" "" 0.005339643219924686 0.023156773 0.011516823 0.034673598 109.66961768734 -24.9435426998 1295.17053 -2.563 2.934 1.0
109.71080379695 -24.91717167508 0.0348 0.0483 2.8429 "" "" 5616543030940637696 1319.67834 0.7313 0.0621 -2.702 3.099 0.046 0.062 1.208 6051.5 4.2959 16.678295 2.126825 17.763805 15.63698 "" "" 1241.53296 1430.45764 4014.47433 3.0964 1071.3 6.3338 4409.3 13.127 "" "" 0.0028797728769283655 0.0069993236 0.0049731177 0.011972441 109.71080379695 -24.91717167508 1319.67834 -2.701999999999999 3.0989999999999993 0.9
109.71335522941 -24.90949512343 0.0272 0.038 3.2628 "" "" 5616543060996450048 1102.10376 0.8836 0.0494 -2.71 2.922 0.036 0.049 0.993 "" "" 16.697563 1.611457 17.446938 15.835481 "" "" 1045.1582 1150.57373 3943.86246 5.0019 1434.3 9.8197 3672.5 17.034 "" "" 0.0030802515950552603 0.007939724 0.0062963683 0.014236093 109.71335522941 -24.90949512343 1102.10376 -2.709999999999999 2.922000000000001 0.9
109.68640054108 -24.87995866515 0.028 0.0408 4.2006 "" "" 5616543404591705600 1349.35828 0.7304 0.0504 -2.663 3.027 0.036 0.054 1.001 4491.4 4.2973 16.70864 1.747007 17.528683 15.781675 "" "" 1250.84412 1435.23706 3903.82937 11.881 1330.3 17.731 3859.1 34.964 "" "" 0.0043023875449637525 0.014737841 0.010537971 0.025275812 109.68640054108 -24.87995866515 1349.35828 -2.6630000000000003 3.027 0.9
