Clusters/NGC_2362/NGC_2362_stars_in_region.tsv
# %ECSV 1.0
# ---
# datatype:
# - name: RA_ICRS_1
#   unit: deg
#   datatype: float64
#   format: '{:15.11f}'
#   description: Right ascension (ICRS) at Ep=2016.0 (ra)
#   meta: !!omap
#   - {ucd: POS_EQ_RA_MAIN}
#   - {width: 15}
#   - {precision: '11'}
# - name: DE_ICRS_1
#   unit: deg
#   datatype: float64
#   format: '{:15.11f}'
#   description: Declination (ICRS) at Ep=2016.0 (dec)
#   meta: !!omap
#   - {ucd: POS_EQ_DEC_MAIN}
#   - {width: 15}
#   - {precision: '11'}
# - name: e_RA_ICRS
#   unit: mas
#   datatype: float64
#   format: '{:7.4f}'
#   description: Standard error of right ascension (ra_error)
#   meta: !!omap
#   - {ucd: ERROR}
#   - {width: 7}
#   - {precision: '4'}
# - name: e_DE_ICRS
#   unit: mas
#   datatype: float64
#   format: '{:7.4f}'
#   description: Standard error of declination (dec_error)
#   meta: !!omap
#   - {ucd: ERROR}
#   - {width: 7}
#   - {precision: '4'}
# - name: _r_1
#   unit: ''
#   datatype: float64
#   format: '{:7.4f}'
#   description: Distance from center (109.67180612000-24.94870606000)[ICRS], at Epoch=J2016.0
#   meta: !!omap
#   - {ucd: POS_ANG_DIST_GENERAL}
#   - {width: 7}
#   - {precision: '4'}
# - name: HIP
#   datatype: int32
#   description: '? HIP cross-id number, van Leeuwen, Cat. I/311 (hip_original_ext_source_id)'
#   meta: !!omap
#   - {ucd: ID_NUMBER}
#   - {width: 6}
#   - values: {'null': -2147483648}
# - name: TYC2
#   datatype: string
#   description: Tycho-2 cross-id name, Hog et al., Cat. I/259 (tyc2_original_ext_source_id)
#   meta: !!omap
#   - {ucd: ID_CROSSID}
#   - {_votable_string_dtype: char}
# - name: Source
#   datatype: int64
#   description: Source identifier, identical to the Gaia-EDR3 source_id (id)
#   meta: !!omap
#   - {ucd: ID_MAIN}
#   - {width: 19}
# - name: rgeo
#   unit: pc
#   datatype: float64
#   format: '{:15.8f}'
#   description: '? Median of the geometric distance posterior (r_med_geo)'
#   meta: !!omap
#   - {ucd: PHYS_DISTANCE_TRUE}
#   - {width: 15}
#   - {precision: '8'}
#   - values: {'null': .nan}
# - name: Plx
#   unit: mas
#   datatype: float64
#   format: '{:9.4f}'
#   description: '? Parallax (parallax)'
#   meta: !!omap
#   - {ucd: POS_PARLX_TRIG}
#   - {width: 9}
#   - {precision: '4'}
#   - values: {'null': .nan}
# - name: e_Plx
#   unit: mas
#   datatype: float32
#   format: '{:7.4f}'
#   description: '? Standard error of parallax (parallax_error)'
#   meta: !!omap
#   - {ucd: ERROR}
#   - {width: 7}
#   - {precision: '4'}
#   - values: {'null': .nan}
# - name: pmRA
#   unit: mas / yr
#   datatype: float64
#   format: '{:9.3f}'
#   description: '? Proper motion in right ascension direction, pmRA*cosDE (pmra)'
#   meta: !!omap
#   - {ucd: POS_EQ_PMRA}
#   - {width: 9}
#   - {precision: '3'}
#   - values: {'null': .nan}
# - name: pmDE
#   unit: mas / yr
#   datatype: float64
#   format: '{:9.3f}'
#   description: '? Proper motion in declination direction (pmdec)'
#   meta: !!omap
#   - {ucd: POS_EQ_PMDEC}
#   - {width: 9}
#   - {precision: '3'}
#   - values: {'null': .nan}
# - name: e_pmRA
#   unit: mas / yr
#   datatype: float32
#   format: '{:6.3f}'
#   description: '? Standard error of proper motion in right ascension direction (pmra_error)'
#   meta: !!omap
#   - {ucd: ERROR}
#   - {width: 6}
#   - {precision: '3'}
#   - values: {'null': .nan}
# - name: e_pmDE
[...]
#         value: !astropy.table.SerializedColumn {name: SkyCoord.dec}
#       distance: !astropy.table.SerializedColumn
#         __class__: astropy.coordinates.distances.Distance
#         unit: !astropy.units.Unit {unit: pc}
#         value: !astropy.table.SerializedColumn {name: SkyCoord.distance}
#       frame: icrs
#       obstime: !astropy.time.Time {format: jyear_str, in_subfmt: '*', jd1: 367701545.0, jd2: 0.0, out_subfmt: '*', precision: 3, scale: tt}
#       pm_dec: !astropy.table.SerializedColumn
#         __class__: astropy.units.quantity.Quantity
#         unit: !astropy.units.Unit {unit: mas / yr}
#         value: !astropy.table.SerializedColumn {name: SkyCoord.pm_dec}
#       pm_ra_cosdec: !astropy.table.SerializedColumn
#         __class__: astropy.units.quantity.Quantity
#         unit: !astropy.units.Unit {unit: mas / yr}
#         value: !astropy.table.SerializedColumn {name: SkyCoord.pm_ra_cosdec}
#       ra: !astropy.table.SerializedColumn
#         __class__: astropy.coordinates.angles.Longitude
#         unit: *id001
#         value: !astropy.table.SerializedColumn {name: SkyCoord.ra}
#         wrap_angle: !astropy.coordinates.Angle
#           unit: *id001
#           value: 360.0
#       representation_type: spherical
# schema: astropy-2.0
RA_ICRS_1 DE_ICRS_1 e_RA_ICRS e_DE_ICRS _r_1 HIP TYC2 Source rgeo Plx e_Plx pmRA pmDE e_pmRA e_pmDE RUWE Teff logg Gmag BP-RP BPmag RPmag RV e_RV b_rgeo B_rgeo FG e_FG FBP e_FBP FRP e_FRP RAVE5 RAVE6 e_Gmag e_BPmag e_RPmag e_BP-RP SkyCoord.ra SkyCoord.dec SkyCoord.distance SkyCoord.pm_ra_cosdec SkyCoord.pm_dec rmRA rmDE e_rmRA e_rmDE rRV e_rRV v_pec v_pec3d e_vpec e_vpec3d
[from data line 683]
109.63974052323 -24.47245818629 0.0336 0.0477 28.6283 "" "" 5617682640378971776 1016.39764 0.9606 0.062 -2.818 3.43 0.041 0.062 2.52 4765.4 4.2 15.344914 1.424092 15.966454 14.542361 "" "" 948.267517 1085.86963 13708.22859 22.166 5608.4 32.69 12084.0 54.991 "" "" 0.0032671069231394257 0.006916275 0.006220621 0.013136895 109.63974052323 -24.47245818629 1016.39764 -2.8179999999999987 3.4299999999999984 -0.07568971443176276 0.4199654388427736 0.17785728 0.19885728 "" "" 2.055875667880575 "" 0.40753727446651095 ""
110.00399339753 -24.83781493598 0.0132 0.0176 19.2649 "" "" 5616905526178520448 1444.54663 0.6532 0.0236 -6.776 5.859 0.017 0.022 1.002 6117.6 4.3989 15.345526 0.820168 15.667521 14.847353 "" "" 1393.44739 1508.99487 13700.50478 3.0066 7386.0 11.036 9124.7 9.2641 "" "" 0.0027656030864171605 0.0032275147 0.003936857 0.0071643717 110.00399339753 -24.83781493598 1444.54663 -6.776 5.859 -4.0336897144317625 2.8489654388427734 0.15385729 0.15885729 "" "" 33.81359780930616 "" 5.259341408824462 ""
109.52478077563 -24.69143909848 0.2127 0.3181 17.389 "" "" 5617301041126104192 1077.9408 1.1972 0.413 -2.551 1.277 0.276 0.434 17.297 5348.7 4.4914 15.346186 0.998993 15.693477 14.694484 "" "" 754.62323 1552.95691 13692.17103 31.865 7211.5 8.5192 10504.0 6.8882 "" "" 0.003738497188032087 0.0030708562 0.0038458628 0.006916719 109.52478077563 -24.69143909848 1077.9408 -2.5510000000000006 1.276999999999999 0.19131028556823715 -1.7330345611572266 0.4128573 0.5708573 "" "" 8.9086243178463 "" 5.070931133074775 ""
109.87642251502 -25.16729117683 0.0134 0.0194 17.1957 "" "" 5616472112438733056 1168.53613 0.8204 0.0252 -1.08 0.163 0.018 0.026 1.058 5496.4 4.3901 15.349613 0.895036 15.710285 14.815249 "" "" 1139.78503 1197.34851 13649.01476 6.0945 7100.7 17.574 9398.5 12.038 "" "" 0.0027976452237421425 0.003873743 0.0040271147 0.007900857 109.87642251502 -25.16729117683 1168.53613 -1.08 0.163 1.6623102855682372 -2.8470345611572268 0.15485728 0.1628573 "" "" 18.260510260977053 "" 2.9374060036612244 ""
109.17291917147 -25.15705767194 0.0193 0.0274 29.8598 "" "" 5616507365531440000 1128.41699 0.8446 0.0354 -0.326 5.109 0.025 0.036 1.405 5137.9 4.3562 15.34976 1.045843 15.785934 14.740091 "" "" 1090.0011 1166.60132 13647.16993 4.5031 6622.8 10.288 10072.0 11.84 "" "" 0.0027785133882623795 0.0032603203 0.003989076 0.0072493963 109.17291917147 -25.15705767194 1128.41699 -0.32600000000000023 5.109 2.4163102855682372 2.0989654388427734 0.16185729 0.17285728 "" "" 17.119348076447178 "" 2.8534011359289178 ""
109.25900854773 -24.85293555429 0.0132 0.0195 23.1886 "" "" 5617294993812488704 1381.39478 0.6882 0.0249 0.563 5.835 0.017 0.028 0.97 "" "" 15.350244 0.923953 15.723604 14.799651 "" "" 1341.81421 1425.71643 13641.09607 3.0188 7014.2 11.842 9534.5 9.6695 "" "" 0.002765776869166922 0.0033384238 0.0039365175 0.0072749415 109.25900854773 -24.85293555429 1381.39478 0.5630000000000003 5.835 3.305310285568237 2.8249654388427734 0.15385729 0.16485728 "" "" 28.470185898258684 "" 4.515192476420217 ""
110.04421612515 -24.69821034823 0.0141 0.018 25.2423 "" "" 5616911779651023488 1471.49463 0.6395 0.0239 -6.304 3.002 0.018 0.023 1.042 6017.8 4.3726 15.352292 0.850599 15.682729 14.83213 "" "" 1415.56213 1532.58105 13615.38933 3.2406 7283.2 9.694 9253.5 13.033 "" "" 0.0027674118446482736 0.0031422016 0.0040770285 0.00721923 110.04421612515 -24.69821034823 1471.49463 -6.304 3.002 -3.561689714431763 -0.008034561157226783 0.15485728 0.15985729 "" "" 24.84243775593759 "" 3.8470329288324625 ""
109.46369887305 -24.93753957856 0.0137 0.0186 11.3416 "" "" 5616539457528170112 1423.61902 0.6738 0.0255 -2.233 2.923 0.019 0.027 1.004 5880.0 4.3655 15.355369 0.891578 15.708926 14.817348 "" "" 1374.21582 1480.95874 13576.86345 4.3481 7109.6 11.063 9380.3 10.448 "" "" 0.002777174042667206 0.0032618057 0.003968145 0.007229951 109.46369887305 -24.93753957856 1423.61902 -2.233 2.9229999999999996 0.5093102855682372 -0.08703456115722652 0.15585728 0.16385728 "" "" 3.4866228020756216 "" 0.5442266828370826 ""
109.36261149281 -24.63255859484 0.0348 0.0462 25.3667 "" "" 5617305129935105024 1155.14771 0.8393 0.0591 -3.367 4.066 0.044 0.063 2.632 5640.2 3.6297 15.36236 1.030456 15.776956 14.7465 "" "" 1078.04565 1235.72095 13489.71971 4.8724 6677.8 9.9193 10013.0 9.736 "" "" 0.0027830881366568685 0.0032227426 0.003924058 0.0071468004 109.36261149281 -24.63255859484 1155.14771 -3.366999999999998 4.065999999999996 -0.6246897144317627 1.0559654388427733 0.18085729 0.1998573 "" "" 6.717805562803123 "" 1.3107072099649522 ""
109.5107414649 -24.96147263617 0.0464 0.0682 8.7951 "" "" 5616536262073822336 1153.6449 0.8567 0.085 -4.238 9.185 0.064 0.099 3.317 6369.2 4.4422 15.364287 0.933187 15.730557 14.797371 "" "" 1061.05408 1281.55579 13465.79156 8.4151 6969.4 9.2096 9554.5 8.3804 "" "" 0.0028376320380466167 0.0031374344 0.0038975163 0.007034951 109.5107414649 -24.96147263617 1153.6449 -4.238000000000001 9.185 -1.4956897144317631 6.174965438842774 0.20085728 0.23585728 "" "" 34.74283608877305 "" 8.131722843518137 ""
109.81352338114 -25.0126227858 0.0141 0.0186 8.609 "" "" 5616526881863549184 1359.04614 0.6948 0.024 -0.228 5.951 0.018 0.025 0.993 5928.3 4.3753 15.366117 0.848566 15.701988 14.853422 "" "" 1320.09424 1400.40967 13443.11137 3.035 7155.2 8.7689 9073.8 8.8074 "" "" 0.0027662021721071677 0.0030912044 0.0039235633 0.0070147677 109.81352338114 -25.0126227858 1359.04614 -0.22800000000000098 5.9510000000000005 2.514310285568237 2.940965438842773 0.15485728 0.16185729 "" "" 24.92518786365029 "" 3.9615853094560216 ""
109.87708441942 -25.41001921692 0.0135 0.0194 29.8388 "" "" 5616463934821482752 1255.54297 0.7662 0.0241 -2.678 2.762 0.017 0.023 1.043 4941.9 4.1647 15.366165 1.224536 15.898559 14.674023 "" "" 1215.38232 1297.46826 13442.514 17.489 5970.3 29.183 10704.0 36.841 "" "" 0.003096309478749595 0.005995871 0.0053148875 0.011310758 109.87708441942 -25.41001921692 1255.54297 -2.678 2.762 0.06431028556823737 -0.24803456115722655 0.15385729 0.15985729 "" "" 1.5249313594716174 "" 0.24320520648522703 ""
109.96558835265 -25.20699233596 0.014 0.0185 22.2498 "" "" 5616473967864895104 1086.3916 0.8857 0.0259 -5.549 -0.129 0.018 0.024 0.98 4905.3 4.317 15.373398 1.143882 15.861354 14.717472 "" "" 1056.85059 1119.11975 13353.27535 9.4788 6178.4 23.251 10284.0 26.154 "" "" 0.002861080238047802 0.004947706 0.0046806023 0.009628309 109.96558835265 -25.20699233596 1086.3916 -5.549 -0.1290000000000004 -2.806689714431763 -3.1390345611572266 0.15485728 0.16085729 "" "" 21.68362601465125 "" 3.4307770095162056 ""
109.12994353441 -25.07033299727 0.0152 0.0231 30.3536 "" "" 5617264516723599616 1301.4834 0.7247 0.0285 -4.378 4.102 0.021 0.032 1.181 5193.5 4.3156 15.3772 0.993664 15.787995 14.794332 "" "" 1258.61902 1356.99402 13306.58452 3.9331 6610.3 11.192 9581.3 12.173 "" "" 0.0027739461269359828 0.0033413034 0.0040232493 0.0073645525 109.12994353441 -25.07033299727 1301.4834 -4.378 4.101999999999999 -1.6356897144317628 1.0919654388427738 0.15785728 0.16885729 "" "" 12.132571893696584 "" 1.9573279258465266 ""
109.30294493056 -25.23187025942 0.0145 0.0201 26.2753 "" "" 5616508052726132736 1169.3031 0.8145 0.0264 -1.58 0.098 0.018 0.026 0.973 5460.2 4.4317 15.378462 0.913663 15.750442 14.836779 "" "" 1137.4812 1205.86523 13291.12906 4.2249 6842.9 12.961 9214.0 9.3937 "" "" 0.0027768510918032654 0.0034661395 0.003938144 0.0074042836 109.30294493056 -25.23187025942 1169.3031 -1.5800000000000007 0.09799999999999981 1.1623102855682372 -2.9120345611572267 0.15485728 0.1628573 "" "" 17.37810086405486 "" 2.8114531147868047 ""
109.6676272135 -24.92029543332 0.0156 0.0202 1.7197 "" "" 5616543168379651328 1310.39465 0.7319 0.0276 -2.56 3.11 0.022 0.028 1.049 5277.4 3.9007 15.3796 1.265133 15.930297 14.665164 "" "" 1268.27979 1356.32336 13277.2137 18.195 5798.3 31.824 10792.0 39.837 "" "" 0.003131388114282802 0.0065799356 0.005508757 0.012088693 109.6676272135 -24.92029543332 1310.39465 -2.5600000000000005 3.1100000000000003 0.18231028556823725 0.09996543884277331 0.15885729 0.16485728 "" "" 1.2914384712641056 "" 0.20697136558411836 ""
109.56736655639 -24.45323694806 0.014 0.0187 30.2683 "" "" 5617683293214049408 1404.04626 0.6747 0.0251 -3.267 1.659 0.017 0.024 0.993 6024.3 4.3922 15.384021 0.828093 15.711965 14.883872 "" "" 1350.98584 1460.89648 13223.25087 3.2117 7089.8 9.5635 8822.9 9.1941 "" "" 0.002767910870923096 0.003151188 0.003945102 0.0070962897 109.56736655639 -24.45323694806 1404.04626 -3.266999999999999 1.6589999999999998 -0.5246897144317626 -1.3510345611572265 0.15385729 0.16085729 "" "" 9.645634163610895 "" 1.5428898762700185 ""
110.00760882462 -24.74591743198 0.0134 0.0192 21.9616 "" "" 5616910473980787712 1450.85339 0.6548 0.0242 -1.404 3.192 0.017 0.023 0.986 5895.4 3.9426 15.385 0.929265 15.76165 14.832385 "" "" 1399.88013 1502.15295 13211.32893 3.9912 6772.6 9.5384 9251.3 11.26 "" "" 0.0027747751433593744 0.0031817113 0.004003752 0.0071854633 110.00760882462 -24.74591743198 1450.85339 -1.4040000000000008 3.192 1.3383102855682374 0.1819654388427736 0.15385729 0.15985729 "" "" 9.288303778682579 "" 1.4301041779466597 ""
109.2648120736 -24.72096916264 0.0133 0.0196 26.0353 "" "" 5617298532865472256 1323.75537 0.7218 0.0249 2.321 -0.463 0.017 0.028 1.04 6006.7 4.4255 15.38972 0.881855 15.742935 14.86108 "" "" 1278.99329 1362.2395 13154.02774 2.7774 6890.4 11.225 9010.0 9.592 "" "" 0.002764840623042627 0.003303562 0.003952184 0.007255746 109.2648120736 -24.72096916264 1323.75537 2.3209999999999997 -0.4629999999999998 5.063310285568237 -3.4730345611572266 0.15385729 0.16485728 "" "" 38.525781142405464 "" 6.066285078745614 ""
109.85635567715 -25.41386481611 0.0143 0.0195 29.6539 "" "" 5616463831742280704 1156.71167 0.8319 0.0249 1.57 -2.978 0.019 0.025 1.066 5580.1 4.4797 15.390167 0.906737 15.757988 14.851251 "" "" 1122.62695 1192.90466 13148.61181 3.1804 6795.5 9.6997 9092.0 10.273 "" "" 0.0027678074606299207 0.0031916716 0.0039734975 0.0071651693 109.85635567715 -25.41386481611 1156.71167 1.5699999999999998 -2.978 4.312310285568238 -5.988034561157226 0.15585728 0.16185729 "" "" 40.4587705456938 "" 6.466669499876846 ""
109.9038142858 -25.30831588858 0.0165 0.0216 24.9877 "" "" 5616467027197855616 1336.95422 0.7023 0.0289 -2.563 11.811 0.021 0.028 1.226 5558.6 4.3362 15.393866 0.889207 15.735057 14.84585 "" "" 1286.39954 1389.69104 13103.89836 4.09 6940.6 9.2657 9137.3 10.256 "" "" 0.002776081712278287 0.0031441972 0.003971004 0.007115201 109.9038142858 -25.30831588858 1336.95422 -2.563 11.811 0.17931028556823714 8.800965438842773 0.15785728 0.16485728 "" "" 55.78472700587036 "" 9.196359953375726 ""
109.4214185903 -24.60061259753 0.0145 0.0213 24.9454 "" "" 5617305507892150912 1330.16968 0.7198 0.0282 -0.361 2.17 0.018 0.028 1.146 5845.7 4.434 15.394558 0.890067 15.736385 14.846318 "" "" 1283.80579 1383.70337 13095.54718 5.0698 6932.1 16.501 9133.4 20.179 "" "" 0.002787197086061441 0.0038032196 0.004476371 0.008279591 109.4214185903 -24.60061259753 1330.16968 -0.361 2.17 2.3813102855682375 -0.8400345611572266 0.15485728 0.16485728 "" "" 15.920974471040806 "" 2.483600649992406 ""
109.19193156891 -24.93587297534 0.014 0.0206 26.1184 "" "" 5617267952697383296 1460.9209 0.6463 0.0266 -6.045 7.854 0.019 0.03 0.976 5318.1 4.2808 15.396295 0.973896 15.792254 14.818358 "" "" 1414.55151 1539.42029 13074.61676 3.1784 6584.4 8.8964 9371.6 9.1213 "" "" 0.0027679330385703763 0.0031523104 0.003924337 0.0070766476 109.19193156891 -24.93587297534 1460.9209 -6.045 7.8540000000000045 -3.3026897144317626 4.8439654388427735 0.15585728 0.16685729 "" "" 40.59812089292301 "" 6.635628134924253 ""
109.6780300988 -24.9488214835 0.0274 0.0325 0.3387 "" "" 5616537013682477568 1094.43628 0.8831 0.0417 -2.665 2.802 0.035 0.045 1.585 5502.7 4.2322 15.39718 1.378331 15.907965 14.529633 "" "" 1043.91858 1161.36597 13063.95824 14.006 5918.8 117.51 12227.0 75.557 "" "" 0.0029911121495584374 0.021735694 0.0077005727 0.029436268 109.6780300988 -24.9488214835 1094.43628 -2.664999999999999 2.8020000000000005 0.07731028556823727 -0.20803456115722652 0.17185728 0.18185729 "" "" 1.1513175530265232 "" 0.20801239449852282 ""
109.71382570078 -24.55265570871 0.0166 0.0245 23.8731 "" "" 5617678414131129600 1154.88611 0.8184 0.0323 0.125 4.513 0.021 0.032 1.243 6037.2 4.5771 15.406896 0.941751 15.779518 14.837767 "" "" 1116.55542 1199.75891 12947.57859 4.7184 6662.1 10.832 9205.6 8.9601 "" "" 0.002783584429212884 0.0033017236 0.003924349 0.0072260723 109.71382570078 -24.55265570871 1154.88611 0.12500000000000033 4.5130000000000035 2.8673102855682373 1.5029654388427733 0.15785728 0.16885729 "" "" 17.721720285040114 "" 2.8406503280924076 ""
109.29763357931 -24.96237637356 0.0138 0.02 20.3708 "" "" 5617267024984418560 1075.1698 0.8904 0.0263 -1.125 3.282 0.018 0.027 1.002 5253.7 4.4669 15.409026 1.009297 15.833246 14.823949 "" "" 1042.16748 1108.2439 12922.19326 3.0073 6340.4 8.93 9323.5 8.2476 "" "" 0.0027668817844567137 0.0031817362 0.0038995107 0.007081247 109.29763357931 -24.96237637356 1075.1698 -1.125 3.282 1.6173102855682373 0.27196543884277347 0.15485728 0.16385728 "" "" 8.358029701063735 "" 1.296428694030686 ""
109.609854361 -25.01092826558 0.0139 0.0211 5.029 "" "" 5616536330791862656 1033.35437 0.9284 0.0258 12.037 14.189 0.019 0.03 1.017 5554.4 4.5637 15.411361 0.884594 15.769255 14.884661 "" "" 1005.88153 1063.57898 12894.43698 3.0333 6725.4 10.058 8816.5 7.8129 "" "" 0.0027671327185061715 0.0032282497 0.0038999293 0.007128179 109.609854361 -25.01092826558 1033.35437 12.036999999999999 14.189 14.779310285568238 11.178965438842773 0.15585728 0.16685729 "" "" 90.76659590140466 "" 14.517934443147396 ""
109.7517253771 -25.35892276082 0.0139 0.0194 24.9928 "" "" 5616444723420558336 1284.81714 0.747 0.0258 1.808 -1.583 0.018 0.026 0.971 5285.9 4.3837 15.412776 0.966808 15.810606 14.843798 "" "" 1240.63367 1329.77014 12877.63767 2.9579 6474.0 10.553 9154.6 9.2371 "" "" 0.002766583207345535 0.003304132 0.0039349576 0.0072390893 109.7517253771 -25.35892276082 1284.81714 1.8079999999999998 -1.5829999999999997 4.550310285568237 -4.593034561157227 0.15485728 0.1628573 "" "" 39.374450546263255 "" 6.258372145893575 ""
109.97729974992 -25.03879581579 0.0144 0.0188 17.4704 "" "" 5616480530574581632 1119.92407 0.8548 0.0249 -0.813 1.601 0.018 0.023 0.993 5543.4 4.5562 15.422021 0.905175 15.790569 14.885394 "" "" 1087.06335 1152.71057 12768.45419 3.0504 6594.6 11.437 8810.5 10.53 "" "" 0.0027675023651898088 0.0033661104 0.0039959457 0.007362056 109.97729974992 -25.03879581579 1119.92407 -0.813 1.601 1.9293102855682374 -1.4090345611572266 0.15485728 0.15985729 "" "" 12.68219176122327 "" 1.9862166964947612 ""
109.74403309631 -24.8803573015 0.0183 0.0252 5.6802 "" "" 5616543580696387712 1122.53845 0.856 0.0324 -0.015 -0.596 0.023 0.034 1.245 5648.2 4.5651 15.423657 0.901675 15.759176 14.857501 "" "" 1086.38721 1164.10901 12749.22824 4.5462 6788.1 13.846 9039.8 15.844 "" "" 0.002782387680313442 0.0035622488 0.004231429 0.007793678 109.74403309631 -24.8803573015 1122.53845 -0.015 -0.596 2.727310285568237 -3.6060345611572266 0.15985729 0.17085728 "" "" 24.0568158175035 "" 4.016010393054204 ""
109.42296107506 -24.71723551607 0.0134 0.0193 19.4033 "" "" 5617294925092796544 1108.76025 0.8673 0.0243 -2.564 9.048 0.017 0.025 0.979 5713.1 4.3541 15.433031 0.909678 15.804895 14.895217 "" "" 1076.90735 1141.17896 12639.62867 2.9764 6508.2 8.5066 8731.2 7.7037 "" "" 0.002767156845041645 0.003130328 0.0038989005 0.0070292284 109.42296107506 -24.71723551607 1108.76025 -2.563999999999999 9.048 0.17831028556823725 6.0379654388427735 0.15385729 0.16185729 "" "" 31.74650395188626 "" 5.138187327621675 ""
