Clusters/NGC_2362/NGC_2362_stars_in_region.tsv
# %ECSV 1.0
# ---
# datatype:
# - name: RA_ICRS_1
#   unit: deg
#   datatype: float64
#   format: '{:15.11f}'
#   description: Right ascension (ICRS) at Ep=2016.0 (ra)
#   meta: !!omap
#   - {ucd: POS_EQ_RA_MAIN}
#   - {width: 15}
#   - {precision: '11'}
# - name: DE_ICRS_1
#   unit: deg
#   datatype: float64
#   format: '{:15.11f}'
#   description: Declination (ICRS) at Ep=2016.0 (dec)
#   meta: !!omap
#   - {ucd: POS_EQ_DEC_MAIN}
#   - {width: 15}
#   - {precision: '11'}
# - name: e_RA_ICRS
#   unit: mas
#   datatype: float64
#   format: '{:7.4f}'
#   description: Standard error of right ascension (ra_error)
#   meta: !!omap
#   - {ucd: ERROR}
#   - {width: 7}
#   - {precision: '4'}
# - name: e_DE_ICRS
#   unit: mas
#   datatype: float64
#   format: '{:7.4f}'
#   description: Standard error of declination (dec_error)
#   meta: !!omap
#   - {ucd: ERROR}
#   - {width: 7}
#   - {precision: '4'}
# - name: _r_1
#   unit: ''
#   datatype: float64
#   format: '{:7.4f}'
#   description: Distance from center (109.67180612000-24.94870606000)[ICRS], at Epoch=J2016.0
#   meta: !!omap
#   - {ucd: POS_ANG_DIST_GENERAL}
#   - {width: 7}
#   - {precision: '4'}
# - name: HIP
#   datatype: int32
#   description: '? HIP cross-id number, van Leeuwen, Cat. I/311 (hip_original_ext_source_id)'
#   meta: !!omap
#   - {ucd: ID_NUMBER}
#   - {width: 6}
#   - values: {'null': -2147483648}
# - name: TYC2
#   datatype: string
#   description: Tycho-2 cross-id name, Hog et al., Cat. I/259 (tyc2_original_ext_source_id)
#   meta: !!omap
#   - {ucd: ID_CROSSID}
#   - {_votable_string_dtype: char}
# - name: Source
#   datatype: int64
#   description: Source identifier, identical to the Gaia-EDR3 source_id (id)
#   meta: !!omap
#   - {ucd: ID_MAIN}
#   - {width: 19}
# - name: rgeo
#   unit: pc
#   datatype: float64
#   format: '{:15.8f}'
#   description: '? Median of the geometric distance posterior (r_med_geo)'
#   meta: !!omap
#   - {ucd: PHYS_DISTANCE_TRUE}
#   - {width: 15}
#   - {precision: '8'}
#   - values: {'null': .nan}
# - name: Plx
#   unit: mas
#   datatype: float64
#   format: '{:9.4f}'
#   description: '? Parallax (parallax)'
#   meta: !!omap
#   - {ucd: POS_PARLX_TRIG}
#   - {width: 9}
#   - {precision: '4'}
#   - values: {'null': .nan}
# - name: e_Plx
#   unit: mas
#   datatype: float32
#   format: '{:7.4f}'
#   description: '? Standard error of parallax (parallax_error)'
#   meta: !!omap
#   - {ucd: ERROR}
#   - {width: 7}
#   - {precision: '4'}
#   - values: {'null': .nan}
# - name: pmRA
#   unit: mas / yr
#   datatype: float64
#   format: '{:9.3f}'
#   description: '? Proper motion in right ascension direction, pmRA*cosDE (pmra)'
#   meta: !!omap
#   - {ucd: POS_EQ_PMRA}
#   - {width: 9}
#   - {precision: '3'}
#   - values: {'null': .nan}
# - name: pmDE
#   unit: mas / yr
#   datatype: float64
#   format: '{:9.3f}'
#   description: '? Proper motion in declination direction (pmdec)'
#   meta: !!omap
#   - {ucd: POS_EQ_PMDEC}
#   - {width: 9}
#   - {precision: '3'}
#   - values: {'null': .nan}
# - name: e_pmRA
#   unit: mas / yr
#   datatype: float32
#   format: '{:6.3f}'
#   description: '? Standard error of proper motion in right ascension direction (pmra_error)'
#   meta: !!omap
#   - {ucd: ERROR}
#   - {width: 6}
#   - {precision: '3'}
#   - values: {'null': .nan}
# - name: e_pmDE
[...]
#         unit: &id001 !astropy.units.Unit {unit: deg}
#         value: !astropy.table.SerializedColumn {name: SkyCoord.dec}
#       distance: !astropy.table.SerializedColumn
#         __class__: astropy.coordinates.distances.Distance
#         unit: !astropy.units.Unit {unit: pc}
#         value: !astropy.table.SerializedColumn {name: SkyCoord.distance}
#       frame: icrs
#       obstime: !astropy.time.Time {format: jyear_str, in_subfmt: '*', jd1: 367701545.0, jd2: 0.0, out_subfmt: '*', precision: 3, scale: tt}
#       pm_dec: !astropy.table.SerializedColumn
#         __class__: astropy.units.quantity.Quantity
#         unit: !astropy.units.Unit {unit: mas / yr}
#         value: !astropy.table.SerializedColumn {name: SkyCoord.pm_dec}
#       pm_ra_cosdec: !astropy.table.SerializedColumn
#         __class__: astropy.units.quantity.Quantity
#         unit: !astropy.units.Unit {unit: mas / yr}
#         value: !astropy.table.SerializedColumn {name: SkyCoord.pm_ra_cosdec}
#       ra: !astropy.table.SerializedColumn
#         __class__: astropy.coordinates.angles.Longitude
#         unit: *id001
#         value: !astropy.table.SerializedColumn {name: SkyCoord.ra}
#         wrap_angle: !astropy.coordinates.Angle
#           unit: *id001
#           value: 360.0
#       representation_type: spherical
# schema: astropy-2.0
RA_ICRS_1 DE_ICRS_1 e_RA_ICRS e_DE_ICRS _r_1 HIP TYC2 Source rgeo Plx e_Plx pmRA pmDE e_pmRA e_pmDE RUWE Teff logg Gmag BP-RP BPmag RPmag RV e_RV b_rgeo B_rgeo FG e_FG FBP e_FBP FRP e_FRP RAVE5 RAVE6 e_Gmag e_BPmag e_RPmag e_BP-RP SkyCoord.ra SkyCoord.dec SkyCoord.distance SkyCoord.pm_ra_cosdec SkyCoord.pm_dec
[from data line 319]
109.52394749237 -25.14886956211 0.0167 0.0228 14.451 "" "" 5616498603797838336 1159.9574 0.8202 0.0296 -4.714 3.623 0.022 0.03 1.79 "" "" 13.947892 0.782675 13.843145 13.060471 22.11 3.24 1119.48572 1204.51978 49635.19014 26.055 39642.0 718.63 47312.0 887.6 "" "" 0.0028136481424331644 0.019879004 0.020716684 0.040595688 109.52394749237 -25.14886956211 1159.9574 -4.7139999999999995 3.623
109.70845532366 -24.92692527044 0.0083 0.0113 2.384 "" "" 5616543030940645376 1328.27808 0.7123 0.0142 -3.974 5.145 0.011 0.015 0.995 6583.3 4.0453 13.949622 0.707685 14.221646 13.513961 40.92 3.62 1306.66028 1348.67493 49556.20867 8.6612 27974.0 15.761 31158.0 18.739 "" "" 0.002761846880791329 0.0028564401 0.0038353766 0.0066918167 109.70845532366 -24.92692527044 1328.27808 -3.974 5.1450000000000005
110.03366660179 -24.65164940359 0.0078 0.01 26.5731 "" "" 5616912191967630208 1418.58118 0.6693 0.0132 -1.521 3.865 0.01 0.013 1.039 5785.1 3.7088 13.954677 0.810736 14.275591 13.464855 26.47 3.02 1394.20471 1450.18555 49326.02167 6.9222 26618.0 17.023 32600.0 14.72 "" "" 0.002759529898930113 0.0028752713 0.0038110455 0.006686317 110.03366660179 -24.65164940359 1418.58118 -1.521 3.865
109.11653753312 -25.06304797267 0.0074 0.0117 30.9628 "" "" 5617265272637848960 1421.90869 0.6614 0.0141 0.583 -2.538 0.01 0.016 1.019 6555.1 3.8544 13.959173 0.738958 14.246973 13.508015 5.84 4.31 1395.79993 1451.39978 49122.15437 7.6643 27329.0 12.982 31329.0 15.39 "" "" 0.002760522876800501 0.0028374372 0.0038168305 0.0066542677 109.11653753312 -25.06304797267 1421.90869 0.583 -2.538
109.50418439452 -25.26646282588 0.008 0.0113 21.1288 "" "" 5616496782731776256 1439.50244 0.6537 0.0143 -2.475 4.494 0.01 0.015 1.027 7469.8 4.1397 13.960388 0.608423 14.184827 13.576404 "" "" 1408.09131 1475.93225 49067.20461 9.6916 28939.0 24.632 29417.0 18.388 "" "" 0.002763653146531306 0.0029392336 0.003839834 0.006779067 109.50418439452 -25.26646282588 1439.50244 -2.4750000000000005 4.494
109.48577427974 -24.60218587025 0.0077 0.0107 23.1297 "" "" 5617304751977834752 1253.11768 0.7534 0.0138 -2.94 3.338 0.01 0.014 1.038 6801.3 4.237 13.96213 0.642802 14.208335 13.565533 46.25 5.82 1232.87976 1278.56763 48988.57291 8.4257 28319.0 17.482 29713.0 13.3 "" "" 0.00276164098641028 0.0028695443 0.0038105007 0.0066800453 109.48577427974 -24.60218587025 1253.11768 -2.9399999999999995 3.3379999999999996
109.33289070352 -24.64481292743 0.0076 0.0113 25.9468 "" "" 5617299288779617024 1114.11145 0.8586 0.0138 -5.775 3.366 0.01 0.017 0.982 5621.8 3.7135 13.96432 1.279085 14.528618 13.249533 23.76 6.8 1098.93604 1133.2489 48889.84817 132.11 21085.0 182.17 39751.0 273.52 "" "" 0.004024847759842456 0.009786699 0.008372343 0.018159043 109.33289070352 -24.64481292743 1114.11145 -5.775 3.366
109.18690194734 -24.87373169743 0.0077 0.0112 26.768 "" "" 5617271629189040896 1153.52686 0.8326 0.0138 -4.688 7.927 0.01 0.015 0.991 5648.4 4.1245 13.975111 0.823281 14.303724 13.480443 59.81 5.05 1134.68665 1170.93994 48406.35825 7.04 25937.0 17.289 32135.0 11.874 "" "" 0.002759841161955158 0.0028825037 0.003800615 0.0066831186 109.18690194734 -24.87373169743 1153.52686 -4.688000000000001 7.927
109.47922478063 -25.41872365681 0.0083 0.012 30.0772 "" "" 5616484516305599232 1205.04822 0.7905 0.0155 -3.648 2.06 0.011 0.017 1.048 6615.9 4.1597 13.994716 0.686729 14.258878 13.572148 55.34 5.22 1182.80896 1227.41064 47540.13264 8.7198 27031.0 13.31 29532.0 11.363 "" "" 0.00276250761557295 0.002840926 0.0038024003 0.006643326 109.47922478063 -25.41872365681 1205.04822 -3.648 2.06
110.05755329779 -24.85122036301 0.0079 0.0107 21.793 "" "" 5616905216940828416 997.101379 0.9674 0.0145 -2.19 -5.025 0.01 0.013 0.996 6047.8 4.2138 14.001326 0.703957 14.273785 13.569828 31.62 3.56 983.97876 1011.12268 47251.61742 8.2827 26663.0 14.427 29596.0 12.72 "" "" 0.0027618852782786496 0.0028513467 0.0038080805 0.006659427 110.05755329779 -24.85122036301 997.101379 -2.19 -5.0249999999999995
109.63953571079 -24.72385845536 0.0076 0.0115 13.6048 "" "" 5616550658802507520 1312.00989 0.7257 0.0147 -3.2 1.823 0.01 0.015 0.974 6648.1 3.9947 14.006122 0.67751 14.26441 13.5869 30.69 4.82 1287.66553 1335.34351 47043.31796 8.6165 26894.0 13.938 29134.0 15.904 "" "" 0.002762487373949695 0.002846343 0.0038255735 0.0066719167 109.63953571079 -24.72385845536 1312.00989 -3.2 1.823
109.39975368021 -24.80352197444 0.0084 0.0113 17.1808 "" "" 5617293997380179328 1078.19666 0.8861 0.0151 0.095 0.207 0.011 0.016 0.954 6395.6 4.289 14.026704 0.653082 14.277563 13.624481 0.87 4.7 1062.05371 1096.7478 46159.94942 9.886 26570.0 16.281 28143.0 14.259 "" "" 0.002765114780394925 0.0028683906 0.0038192065 0.0066875974 109.39975368021 -24.80352197444 1078.19666 0.095 0.20699999999999996
109.41861665776 -24.71475354569 0.0083 0.0117 19.6753 "" "" 5617294925092799232 1054.47644 0.9068 0.015 -1.36 2.876 0.01 0.015 1.072 6174.8 4.1969 14.037492 0.69603 14.30546 13.60943 32.19 4.88 1039.83203 1075.21033 45703.56421 7.7892 25896.0 15.166 28536.0 12.684 "" "" 0.002761526649637787 0.0028617072 0.0038100695 0.006671777 109.41861665776 -24.71475354569 1054.47644 -1.3600000000000003 2.8759999999999994
109.68210671979 -24.97642568721 0.0092 0.0121 1.755 "" "" 5616525228292219520 1251.12952 0.7633 0.0153 -2.697 2.955 0.011 0.015 0.985 5681.0 4.036 14.037907 1.070935 14.487433 13.416498 105.92 7.11 1226.09717 1274.58044 45686.10065 99.601 21900.0 197.59 34085.0 229.19 "" "" 0.0036324404795216253 0.010185532 0.008220828 0.018406361 109.68210671979 -24.97642568721 1251.12952 -2.697 2.955
109.27411337087 -24.86829161182 0.0083 0.0117 22.1733 "" "" 5617291970155658752 1413.21863 0.675 0.0149 -2.984 2.547 0.011 0.017 0.991 6708.4 3.9242 14.048593 0.728538 14.331232 13.602695 61.57 9.97 1388.36377 1439.80652 45238.66018 8.9991 25289.0 13.41 28713.0 15.662 "" "" 0.002763772202211059 0.0028489502 0.0038255022 0.0066744527 109.27411337087 -24.86829161182 1413.21863 -2.984 2.5470000000000006
109.6376497358 -24.98395329093 0.0092 0.0129 2.815 "" "" 5616536846187882752 1270.16467 0.7501 0.0159 -0.287 -6.954 0.011 0.016 1.06 6342.7 4.0239 14.050793 0.729591 14.334085 13.604494 44.26 5.24 1243.82861 1293.98352 45147.08386 10.972 25222.0 17.52 28666.0 17.699 "" "" 0.0027679258829262374 0.002890302 0.0038383726 0.0067286748 109.6376497358 -24.98395329093 1270.16467 -0.28700000000000003 -6.953999999999999
109.70657139814 -25.36069256788 0.0105 0.0144 24.7912 "" "" 5616444865165420672 1406.8396 0.6721 0.0188 -2.166 3.984 0.014 0.02 1.319 7852.4 4.1073 14.051156 0.482922 14.229257 13.746335 "" "" 1374.1239 1446.52966 45131.98062 10.937 27779.0 19.366 25155.0 12.207 "" "" 0.0027678541372517075 0.0028910153 0.0038159306 0.0067069456 109.70657139814 -25.36069256788 1406.8396 -2.1659999999999995 3.984
109.21119586861 -24.73064518279 0.0078 0.0114 28.2874 "" "" 5617308737707818880 1413.14343 0.665 0.0149 -2.581 -2.311 0.01 0.016 0.985 6861.4 4.1894 14.056812 0.655581 14.307528 13.651947 3.85 5.3 1384.70129 1440.21265 44897.47204 8.1827 25847.0 21.861 27440.0 10.723 "" "" 0.002762416584321584 0.0029374005 0.003803123 0.0067405235 109.21119586861 -24.73064518279 1413.14343 -2.5810000000000004 -2.311
109.67741496061 -24.4512867847 0.008 0.0117 29.8467 "" "" 5617682709098407808 1334.81091 0.709 0.015 -0.927 -3.893 0.01 0.015 1.006 "" "" 14.056941 0.80265 14.376151 13.573502 39.76 3.36 1303.20007 1359.27405 44892.15883 6.9955 24264.0 12.853 29496.0 15.73 "" "" 0.0027605098046031467 0.0028488284 0.0038234782 0.006672307 109.67741496061 -24.4512867847 1334.81091 -0.927 -3.892999999999999
109.24556493341 -25.21962200659 0.0119 0.0164 28.297 "" "" 5616503242362805632 1429.14502 0.6613 0.0222 0.922 -7.292 0.015 0.022 1.462 6213.9 3.8566 14.062304 0.782409 14.36934 13.586931 29.7 6.96 1386.85657 1469.16431 44670.96396 7.15 24416.0 15.334 29133.0 12.52 "" "" 0.0027607951068735997 0.0028722817 0.0038080758 0.0066803573 109.24556493341 -25.21962200659 1429.14502 0.9219999999999999 -7.292
109.12478326401 -25.01920488315 0.011 0.0167 30.0493 "" "" 5617265719314432000 1063.54211 0.9058 0.0204 -5.051 3.106 0.015 0.022 1.455 6102.9 4.2103 14.064817 0.7337 14.349917 13.616218 16.04 7.29 1041.81763 1088.98315 44567.64043 7.2709 24857.0 14.986 28358.0 12.092 "" "" 0.0027610078854650964 0.002865924 0.003807632 0.006673556 109.12478326401 -25.01920488315 1063.54211 -5.051 3.106
109.94792370962 -24.87592404097 0.0086 0.0117 15.6473 "" "" 5616529665002155520 1311.75879 0.7278 0.0149 0.091 9.012 0.011 0.015 0.945 5970.2 4.0659 14.089178 0.918937 14.466297 13.54736 28.88 2.03 1287.93433 1337.01062 43578.83478 6.1259 22330.0 10.302 30214.0 11.628 "" "" 0.0027595439903975575 0.0028347762 0.0038024106 0.0066371867 109.94792370962 -24.87592404097 1311.75879 0.09100000000000041 9.012
109.48297379898 -24.85576749897 0.0091 0.0116 11.692 "" "" 5616542240667068928 1076.38123 0.8901 0.016 -1.517 4.991 0.012 0.017 0.933 6043.0 4.2788 14.09995 0.712409 14.378705 13.666296 54.26 3.25 1056.47827 1095.01099 43148.61348 9.1711 24207.0 18.655 27079.0 13.522 "" "" 0.0027649672838000266 0.002912927 0.0038180717 0.006730999 109.48297379898 -24.85576749897 1076.38123 -1.517 4.991
109.83818453389 -24.4602158301 0.0095 0.0133 30.6804 "" "" 5617680540130058112 1084.2019 0.8825 0.0177 3.364 -3.274 0.012 0.017 1.179 "" "" 14.114484 0.872283 14.465778 13.593495 32.06 3.98 1067.57349 1106.7179 42574.84312 6.6922 22341.0 12.197 28957.0 10.795 "" "" 0.0027606005450164115 0.0028524387 0.0038009938 0.0066534327 109.83818453389 -24.4602158301 1084.2019 3.364 -3.274000000000001
109.83822174835 -25.18368979494 0.0082 0.0117 16.7507 "" "" 5616471665762144256 1406.30127 0.677 0.015 1.032 1.258 0.011 0.015 1.026 6172.6 4.0687 14.118909 0.8149 14.441207 13.626307 62.0 4.85 1376.61804 1432.70825 42401.6934 6.8685 22853.0 13.016 28095.0 14.64 "" "" 0.002760927609128375 0.0028578746 0.003821494 0.0066793687 109.83822174835 -25.18368979494 1406.30127 1.0319999999999998 1.258
109.69207859133 -24.80624203463 0.0104 0.0151 8.6188 "" "" 5616544989445672832 1426.67285 0.6644 0.0199 -3.3 7.917 0.013 0.02 1.298 "" "" 14.122614 0.750929 14.415713 13.664784 30.59 4.12 1393.24194 1464.90393 42257.24231 7.5407 23395.0 17.8 27117.0 10.949 "" "" 0.002762123689852401 0.002909889 0.003804722 0.0067146113 109.69207859133 -24.80624203463 1426.67285 -3.3000000000000003 7.917000000000001
109.56843722064 -25.14617406204 0.0075 0.0115 13.1129 "" "" 5616522037140832512 1019.74408 0.9428 0.0138 -3.452 4.574 0.009 0.015 1.006 5977.4 4.2932 14.123375 0.743589 14.41559 13.672001 40.73 3.59 1004.93353 1035.58875 42227.64065 6.9208 23398.0 13.789 26938.0 13.592 "" "" 0.0027610602196994315 0.0028625962 0.0038188794 0.006681476 109.56843722064 -25.14617406204 1019.74408 -3.452 4.574
109.1782813829 -24.77277409997 0.0089 0.0119 28.8667 "" "" 5617296436921528576 1268.64514 0.7497 0.0158 -1.294 5.216 0.012 0.017 0.983 6430.2 4.2106 14.123598 0.738014 14.412009 13.673995 55.41 3.07 1242.18738 1295.37683 42218.95276 8.2373 23475.0 19.889 26888.0 13.097 "" "" 0.002763451518487073 0.0029378955 0.0038162044 0.0067541 109.1782813829 -24.77277409997 1268.64514 -1.2940000000000005 5.216000000000001
110.04078267542 -24.85159201926 0.0082 0.011 20.909 "" "" 5616905216940843904 1074.99634 0.8921 0.015 2.138 1.478 0.01 0.014 1.005 6038.2 4.3044 14.13002 0.779307 14.437988 13.658681 35.8 3.23 1059.99731 1091.95825 41969.98996 6.6527 22920.0 9.8218 27270.0 11.545 "" "" 0.0027606897970018926 0.0028286958 0.0038072313 0.006635927 110.04078267542 -24.85159201926 1074.99634 2.138 1.478
109.19959598946 -25.11159842893 0.0082 0.0119 27.4693 "" "" 5616513619003778432 1098.37671 0.8703 0.0153 -1.299 1.984 0.011 0.016 0.99 6311.0 4.2719 14.132942 0.689879 14.399755 13.709875 36.5 4.65 1077.80334 1119.94592 41857.16103 8.2233 23742.0 13.343 26014.0 14.271 "" "" 0.002763564428621063 0.0028561114 0.0038260284 0.00668214 109.19959598946 -25.11159842893 1098.37671 -1.2990000000000002 1.9839999999999998
109.29288461229 -24.88032341694 0.0085 0.0121 21.0237 "" "" 5617291763997224448 1039.45935 0.9256 0.0156 2.648 1.459 0.011 0.017 0.989 5826.2 4.2927 14.133968 0.764378 14.436151 13.671773 41.93 3.42 1020.23859 1055.43506 41817.63626 7.1241 22959.0 14.593 26943.0 12.075 "" "" 0.0027615217343617223 0.0028742468 0.0038105773 0.006684824 109.29288461229 -24.88032341694 1039.45935 2.6479999999999997 1.459
109.50521580939 -24.48099193929 0.0081 0.0112 29.4952 "" "" 5617308084872369664 1135.9989 0.8421 0.0148 -5.585 9.341 0.01 0.014 1.002 6289.3 4.111 14.142 0.702015 14.413059 13.711044 71.34 4.36 1113.98755 1158.54846 41509.42757 6.6917 23453.0 19.407 25986.0 14.382 "" "" 0.002760873977391391 0.0029312498 0.0038268538 0.0067581036 109.50521580939 -24.48099193929 1135.9989 -5.585 9.341
110.10737079248 -24.79836694498 0.0084 0.0113 25.3676 "" "" 5616906969287408384 1034.46851 0.9288 0.0154 -1.794 3.604 0.011 0.014 0.975 6093.9 4.3235 14.158968 0.690114 14.42654 13.736426 32.01 4.27 1021.35858 1051.88623 40865.76922 8.2751 23163.0 15.105 25386.0 15.001 "" "" 0.0027640777784547397 0.0028786024 0.0038334515 0.006712054 110.10737079248 -24.79836694498 1034.46851 -1.794 3.604
109.45857072095 -25.10225338632 0.0078 0.0119 14.8079 "" "" 5616510938943938048 1314.34131 0.7225 0.0148 -3.642 -1.12 0.01 0.016 1.022 6245.3 4.1405 14.162752 0.76381 14.461149 13.697339 61.12 4.91 1289.97412 1339.02161 40723.57786 6.3335 22437.0 13.221 26316.0 11.911 "" "" 0.0027604895386530667 0.002862578 0.0038111967 0.0066737747 109.45857072095 -25.10225338632 1314.34131 -3.642 -1.1200000000000003
109.91402915635 -25.14323065661 0.0082 0.0121 17.5951 "" "" 5616478056673456896 1240.12378 0.7664 0.0154 -2.792 2.867 0.011 0.016 1.022 "" "" 14.169909 1.045469 14.607354 13.561885 29.33 7.32 1219.04736 1267.84216 40455.99386 32.701 19610.0 57.348 29813.0 68.706 "" "" 0.002891710891958181 0.0042268974 0.0045326017 0.008759499 109.91402915635 -25.14323065661 1240.12378 -2.792 2.8669999999999995
109.52405203946 -25.14918571355 0.0172 0.0168 14.4636 "" "" 5616498603789666432 1358.37183 0.7142 0.029 -4.334 3.715 0.027 0.028 1.174 "" "" 14.17358 "" "" "" 23.4 3.69 1304.68347 1413.03052 40319.45808 21.482 "" "" "" "" "" "" 0.002815390258936193 "" "" "" 109.52405203946 -25.14918571355 1358.37183 -4.333999999999999 3.7150000000000007
109.41111850302 -25.1397579608 0.0593 0.0871 18.2267 "" "" 5616510389188190208 1049.37988 0.9385 0.1107 -1.419 3.61 0.076 0.115 7.433 5823.1 3.0336 14.176892 1.42391 14.789224 13.365314 63.95 1.87 956.354065 1149.87085 40196.63379 33.96 16585.0 9.8155 35730.0 14.169 "" "" 0.002903996096524582 0.0028632055 0.0038038278 0.0066670333 109.41111850302 -25.1397579608 1049.37988 -1.419 3.6099999999999994
109.60933515059 -24.84215262705 0.0087 0.0123 7.2411 "" "" 5616547325908011392 1179.63574 0.8073 0.0163 0.538 3.971 0.012 0.016 1.058 5854.9 4.184 14.182034 0.807702 14.504663 13.696961 42.06 3.65 1156.54285 1204.88464 40006.75534 6.363 21555.0 17.152 26325.0 12.732 "" "" 0.002760726223026099 0.0029208674 0.0038156875 0.006736555 109.60933515059 -24.84215262705 1179.63574 0.5380000000000003 3.971
110.17682762402 -25.0394938866 0.0088 0.0123 27.9986 "" "" 5616852062423897856 997.36908 0.966 0.0155 0.05 1.505 0.011 0.015 1.059 6175.9 4.4007 14.183068 0.752881 14.47982 13.726939 36.41 3.89 983.640747 1010.26117 39968.65849 7.1725 22054.0 14.73 25608.0 14.291 "" "" 0.002762200487921139 0.0028828664 0.003827644 0.0067105107 110.17682762402 -25.0394938866 997.36908 0.05000000000000002 1.505
