Clusters/NGC_2362/NGC_2362_stars_in_region.tsv
# %ECSV 1.0
# ---
# datatype:
# - name: RA_ICRS_1
#   unit: deg
#   datatype: float64
#   format: '{:15.11f}'
#   description: Right ascension (ICRS) at Ep=2016.0 (ra)
#   meta: !!omap
#   - {ucd: POS_EQ_RA_MAIN}
#   - {width: 15}
#   - {precision: '11'}
# - name: DE_ICRS_1
#   unit: deg
#   datatype: float64
#   format: '{:15.11f}'
#   description: Declination (ICRS) at Ep=2016.0 (dec)
#   meta: !!omap
#   - {ucd: POS_EQ_DEC_MAIN}
#   - {width: 15}
#   - {precision: '11'}
# - name: e_RA_ICRS
#   unit: mas
#   datatype: float64
#   format: '{:7.4f}'
#   description: Standard error of right ascension (ra_error)
#   meta: !!omap
#   - {ucd: ERROR}
#   - {width: 7}
#   - {precision: '4'}
# - name: e_DE_ICRS
#   unit: mas
#   datatype: float64
#   format: '{:7.4f}'
#   description: Standard error of declination (dec_error)
#   meta: !!omap
#   - {ucd: ERROR}
#   - {width: 7}
#   - {precision: '4'}
# - name: _r_1
#   unit: ''
#   datatype: float64
#   format: '{:7.4f}'
#   description: Distance from center (109.67180612000-24.94870606000)[ICRS], at Epoch=J2016.0
#   meta: !!omap
#   - {ucd: POS_ANG_DIST_GENERAL}
#   - {width: 7}
#   - {precision: '4'}
# - name: HIP
#   datatype: int32
#   description: '? HIP cross-id number, van Leeuwen, Cat. I/311 (hip_original_ext_source_id)'
#   meta: !!omap
#   - {ucd: ID_NUMBER}
#   - {width: 6}
#   - values: {'null': -2147483648}
# - name: TYC2
#   datatype: string
#   description: Tycho-2 cross-id name, Hog et al., Cat. I/259 (tyc2_original_ext_source_id)
#   meta: !!omap
#   - {ucd: ID_CROSSID}
#   - {_votable_string_dtype: char}
# - name: Source
#   datatype: int64
#   description: Source identifier, identical to the Gaia-EDR3 source_id (id)
#   meta: !!omap
#   - {ucd: ID_MAIN}
#   - {width: 19}
# - name: rgeo
#   unit: pc
#   datatype: float64
#   format: '{:15.8f}'
#   description: '? Median of the geometric distance posterior (r_med_geo)'
#   meta: !!omap
#   - {ucd: PHYS_DISTANCE_TRUE}
#   - {width: 15}
#   - {precision: '8'}
#   - values: {'null': .nan}
# - name: Plx
#   unit: mas
#   datatype: float64
#   format: '{:9.4f}'
#   description: '? Parallax (parallax)'
#   meta: !!omap
#   - {ucd: POS_PARLX_TRIG}
#   - {width: 9}
#   - {precision: '4'}
#   - values: {'null': .nan}
# - name: e_Plx
#   unit: mas
#   datatype: float32
#   format: '{:7.4f}'
#   description: '? Standard error of parallax (parallax_error)'
#   meta: !!omap
#   - {ucd: ERROR}
#   - {width: 7}
#   - {precision: '4'}
#   - values: {'null': .nan}
# - name: pmRA
#   unit: mas / yr
#   datatype: float64
#   format: '{:9.3f}'
#   description: '? Proper motion in right ascension direction, pmRA*cosDE (pmra)'
#   meta: !!omap
#   - {ucd: POS_EQ_PMRA}
#   - {width: 9}
#   - {precision: '3'}
#   - values: {'null': .nan}
# - name: pmDE
#   unit: mas / yr
#   datatype: float64
#   format: '{:9.3f}'
#   description: '? Proper motion in declination direction (pmdec)'
#   meta: !!omap
#   - {ucd: POS_EQ_PMDEC}
#   - {width: 9}
#   - {precision: '3'}
#   - values: {'null': .nan}
# - name: e_pmRA
#   unit: mas / yr
#   datatype: float32
#   format: '{:6.3f}'
#   description: '? Standard error of proper motion in right ascension direction (pmra_error)'
#   meta: !!omap
#   - {ucd: ERROR}
#   - {width: 6}
#   - {precision: '3'}
#   - values: {'null': .nan}
# - name: e_pmDE
[...]
#         value: !astropy.table.SerializedColumn {name: SkyCoord.dec}
#       distance: !astropy.table.SerializedColumn
#         __class__: astropy.coordinates.distances.Distance
#         unit: !astropy.units.Unit {unit: pc}
#         value: !astropy.table.SerializedColumn {name: SkyCoord.distance}
#       frame: icrs
#       obstime: !astropy.time.Time {format: jyear_str, in_subfmt: '*', jd1: 367701545.0, jd2: 0.0, out_subfmt: '*', precision: 3, scale: tt}
#       pm_dec: !astropy.table.SerializedColumn
#         __class__: astropy.units.quantity.Quantity
#         unit: !astropy.units.Unit {unit: mas / yr}
#         value: !astropy.table.SerializedColumn {name: SkyCoord.pm_dec}
#       pm_ra_cosdec: !astropy.table.SerializedColumn
#         __class__: astropy.units.quantity.Quantity
#         unit: !astropy.units.Unit {unit: mas / yr}
#         value: !astropy.table.SerializedColumn {name: SkyCoord.pm_ra_cosdec}
#       ra: !astropy.table.SerializedColumn
#         __class__: astropy.coordinates.angles.Longitude
#         unit: *id001
#         value: !astropy.table.SerializedColumn {name: SkyCoord.ra}
#         wrap_angle: !astropy.coordinates.Angle
#           unit: *id001
#           value: 360.0
#       representation_type: spherical
# schema: astropy-2.0
RA_ICRS_1 DE_ICRS_1 e_RA_ICRS e_DE_ICRS _r_1 HIP TYC2 Source rgeo Plx e_Plx pmRA pmDE e_pmRA e_pmDE RUWE Teff logg Gmag BP-RP BPmag RPmag RV e_RV b_rgeo B_rgeo FG e_FG FBP e_FBP FRP e_FRP RAVE5 RAVE6 e_Gmag e_BPmag e_RPmag e_BP-RP SkyCoord.ra SkyCoord.dec SkyCoord.distance SkyCoord.pm_ra_cosdec SkyCoord.pm_dec rmRA rmDE e_rmRA e_rmDE rRV e_rRV v_pec v_pec3d e_vpec e_vpec3d
[from data line 1257]
109.8643458853 -24.59841163894 0.0269 0.0379 23.4897 "" "" 5616927825648723712 1426.6615 0.6997 0.0493 -5.229 0.206 0.035 0.049 1.042 5143.0 4.6393 16.71009 1.184597 17.221394 16.036797 "" "" 1331.77966 1526.77966 3898.61847 1.6234 1765.5 6.1355 3051.0 5.43 "" "" 0.00279216549419251 0.004692747 0.0042447187 0.008937465 109.8643458853 -24.59841163894 1426.6615 -5.229 0.2059999999999992 -2.486689714431763 -2.8040345611572266 0.17185728 0.18585728 "" "" 25.344239082755866 "" 4.557612822833444 ""
109.86431574008 -25.21756361532 0.0262 0.0375 19.2266 "" "" 5616470841128422400 1264.52185 0.7519 0.0473 5.905 -2.294 0.033 0.047 1.005 4241.3 4.3777 16.71355 1.545307 17.435074 15.889767 "" "" 1183.82031 1334.66394 3886.21055 1.6829 1450.1 7.619 3493.4 7.7393 "" "" 0.002795147688888612 0.006350384 0.0044798907 0.010830275 109.86431574008 -25.21756361532 1264.52185 5.905000000000004 -2.293999999999999 8.647310285568238 -5.304034561157227 0.1698573 0.18385729 "" "" 60.80381761757546 "" 10.567496909797397 ""
109.65967177073 -24.89946760544 0.0282 0.0386 3.0272 "" "" 5616543271458859904 1094.32349 0.8909 0.0523 -2.715 2.853 0.039 0.053 0.961 4461.4 4.293 16.715906 1.789068 17.57452 15.785452 "" "" 1034.33606 1169.00293 3877.79282 5.9613 1275.3 15.267 3845.7 15.586 "" "" 0.0032214379535367775 0.0132937785 0.005800559 0.019094337 109.65967177073 -24.89946760544 1094.32349 -2.715 2.8530000000000006 0.027310285568237447 -0.15703456115722636 0.17585729 0.18985729 "" "" 0.8267794805783943 "" 0.1566424856861292 ""
109.40077842064 -25.12245824111 0.0255 0.04 18.049 "" "" 5616511145102434944 1103.45496 0.8916 0.0498 1.877 0.835 0.033 0.054 1.049 4690.0 4.5913 16.716951 1.28195 17.288742 16.006792 "" "" 1049.98792 1173.28186 3874.05565 1.7238 1659.3 6.4593 3136.5 6.2692 "" "" 0.0027973530173364455 0.005064452 0.0043581314 0.0094225835 109.40077842064 -25.12245824111 1103.45496 1.877 0.835 4.619310285568237 -2.1750345611572266 0.1698573 0.19085729 "" "" 26.705056226976712 "" 4.64285329250472 ""
109.45874784633 -25.30669974975 0.0267 0.0417 24.3993 "" "" 5616495133464401664 1456.51978 0.6609 0.05 -0.194 3.602 0.035 0.057 0.956 5075.1 4.5015 16.717068 1.090862 17.179453 16.08859 "" "" 1352.83191 1560.47168 3873.64439 1.668 1835.0 7.0318 2908.9 6.9877 "" "" 0.0027947029804426824 0.005009545 0.0045919586 0.009601504 109.45874784633 -25.30669974975 1456.51978 -0.19399999999999995 3.6020000000000003 2.5483102855682374 0.5919654388427733 0.17185728 0.19385728 "" "" 18.061736971053293 "" 3.125612674716475 ""
109.44303380964 -25.2206219296 0.0276 0.0421 20.5116 "" "" 5616496606626402432 1175.96814 0.8194 0.0521 5.902 -10.54 0.034 0.06 1.024 4488.3 4.5858 16.721903 1.512649 17.424473 15.911823 "" "" 1094.9801 1269.08679 3856.43225 1.6636 1464.3 6.6183 3423.2 5.5729 "" "" 0.0027948449474794516 0.0056450358 0.0041722874 0.009817323 109.44303380964 -25.2206219296 1175.96814 5.901999999999999 -10.540000000000003 8.644310285568238 -13.550034561157226 0.17085728 0.19685729 "" "" 89.58994066687461 "" 16.99549461053935 ""
109.4989668498 -25.04376820201 0.0262 0.0397 10.9943 "" "" 5616535364412318464 1291.47913 0.7635 0.0505 0.601 -14.471 0.035 0.057 0.995 4890.2 4.5768 16.722826 1.182983 17.237663 16.05468 "" "" 1219.82031 1352.81055 3853.15262 1.6638 1739.2 8.8619 3001.1 6.0204 "" "" 0.002794921237612397 0.0061960327 0.0043620705 0.010558103 109.4989668498 -25.04376820201 1291.47913 0.6010000000000002 -14.471 3.3433102855682373 -17.481034561157227 0.17185728 0.19385728 "" "" 108.95165815257894 "" 21.041139311797735 ""
110.14768400519 -25.22448826764 0.0282 0.0389 30.7001 "" "" 5616461216101787008 1336.17712 0.7341 0.05 -2.602 2.736 0.036 0.049 1.07 3760.9 4.0413 16.72522 2.007633 17.718723 15.71109 "" "" 1253.99915 1422.91296 3844.66518 20.497 1116.7 27.037 4118.3 61.953 "" "" 0.006410692884745767 0.026434982 0.016764663 0.043199643 110.14768400519 -25.22448826764 1336.17712 -2.6020000000000016 2.736 0.14031028556823744 -0.27403456115722635 0.17285728 0.18585728 "" "" 1.9498675713924032 "" 0.3572800512777991 ""
109.74433653535 -24.87382149901 0.0268 0.0383 5.9805 "" "" 5616543649415859456 1084.88928 0.9002 0.051 -0.067 -0.583 0.035 0.051 1.021 4785.7 4.6336 16.728453 1.216576 17.248648 16.032072 "" "" 1032.10999 1154.59985 3833.23889 1.9235 1721.7 9.0947 3064.3 8.5163 "" "" 0.0028086678160838944 0.0063779755 0.0048362063 0.011214182 109.74433653535 -24.87382149901 1084.88928 -0.06699999999999999 -0.583 2.675310285568237 -3.5930345611572267 0.17185728 0.18785729 "" "" 23.035994147891827 "" 4.199733466241428 ""
109.42973944393 -24.87294742806 0.0279 0.0378 13.935 "" "" 5616542137587759488 1385.4613 0.6982 0.0528 -0.097 -0.665 0.037 0.052 1.049 4955.2 4.7416 16.729809 1.075394 17.158804 16.08341 "" "" 1280.96912 1518.87195 3828.45398 1.7246 1870.2 13.385 2922.8 9.2729 "" "" 0.0027983922035859808 0.008256349 0.0051136194 0.013369968 109.42973944393 -24.87294742806 1385.4613 -0.09700000000000002 -0.665 2.6453102855682373 -3.6750345611572266 0.17385729 0.18885729 "" "" 29.73632018377448 "" 5.467781506131117 ""
110.17459553651 -24.99314285755 0.026 0.0373 27.477 "" "" 5616852749618655232 1373.8125 0.7094 0.0468 -7.257 -1.349 0.033 0.047 0.951 4981.8 4.573 16.7312 1.16223 17.230902 16.068672 "" "" 1301.06384 1458.03296 3823.55539 1.6435 1750.1 6.4992 2962.7 6.1156 "" "" 0.002794563845031958 0.004903278 0.004393927 0.009297205 110.17459553651 -24.99314285755 1373.8125 -7.256999999999996 -1.3489999999999989 -4.514689714431762 -4.359034561157227 0.1698573 0.18385729 "" "" 40.86613277144732 "" 7.223100808875053 ""
109.45142009408 -24.82590339595 0.039 0.0533 14.0775 "" "" 5617292932228281600 1132.00623 0.8571 0.0718 -0.937 3.478 0.052 0.073 1.411 5030.8 4.5431 16.73672 1.174099 17.223034 16.048935 "" "" 1040.40454 1240.80957 3804.16426 2.7122 1762.8 6.1991 3017.1 6.6711 "" "" 0.002861990872361665 0.004728965 0.0044773803 0.009206345 109.45142009408 -24.82590339595 1132.00623 -0.9369999999999998 3.478 1.8053102855682372 0.46796543884277364 0.18885729 0.20985729 "" "" 10.006921508678769 "" 1.9037956840520252 ""
110.02501797112 -24.87670345121 0.0262 0.0357 19.7003 "" "" 5616904804624016128 1469.45435 0.66 0.0479 -2.265 5.599 0.032 0.045 0.986 4939.3 4.7008 16.73939 1.099331 17.204014 16.104683 "" "" 1361.4563 1585.85657 3794.82143 1.606 1794.0 9.5343 2866.1 6.1294 "" "" 0.0027933712256260875 0.0064093857 0.0044356654 0.010845051 110.02501797112 -24.87670345121 1469.45435 -2.2649999999999997 5.599 0.4773102855682372 2.5889654388427736 0.16885729 0.18185729 "" "" 18.336600726205067 "" 3.3270799660628416 ""
110.05681916734 -25.01669877458 0.0293 0.0393 21.3331 "" "" 5616480805452457728 1353.68188 0.731 0.0513 3.157 -2.637 0.037 0.048 1.053 4742.7 4.6398 16.743666 1.177065 17.259188 16.082123 "" "" 1262.06714 1460.20703 3779.89828 1.6183 1705.1 8.5418 2926.2 7.7336 "" "" 0.002794255779296951 0.0061129713 0.004745271 0.010858242 110.05681916734 -25.01669877458 1353.68188 3.1570000000000005 -2.637 5.899310285568237 -5.647034561157227 0.17385729 0.18485728 "" "" 52.39961789205435 "" 9.390080692049429 ""
110.04089534911 -24.74414175193 0.0254 0.0357 23.5473 "" "" 5616910542700232704 1436.01843 0.6642 0.0462 -2.437 2.159 0.032 0.046 0.994 5214.0 4.7046 16.744432 1.168619 17.227823 16.059204 "" "" 1358.82544 1543.8949 3777.23553 1.5565 1755.0 8.3134 2988.7 6.9822 "" "" 0.002791408117478105 0.005851208 0.004551653 0.010402861 110.04089534911 -24.74414175193 1436.01843 -2.4370000000000003 2.1589999999999994 0.30531028556823747 -0.8510345611572268 0.16885729 0.18285729 "" "" 6.154253502238034 "" 1.1158616717572956 ""
109.62009056722 -25.15447398083 0.0257 0.0387 12.662 "" "" 5616521143787586176 1204.08643 0.8016 0.0469 -8.288 6.003 0.033 0.052 1.028 4747.8 4.6445 16.744686 1.277237 17.301386 16.024149 "" "" 1130.56433 1280.09167 3776.34725 1.6387 1640.1 7.9211 3086.7 9.3869 "" "" 0.0027953111125254416 0.005939835 0.005018533 0.010958368 109.62009056722 -25.15447398083 1204.08643 -8.288 6.003 -5.545689714431763 2.9929654388427736 0.1698573 0.18885729 "" "" 35.96662674421315 "" 6.269847625421859 ""
109.56275952846 -25.30193633001 0.0272 0.0395 22.0061 "" "" 5616493449837115904 1068.28088 0.9024 0.0505 3.292 -6.764 0.036 0.054 0.975 4674.3 4.4831 16.748594 1.359957 17.362267 16.00231 "" "" 1010.59131 1132.77258 3762.78223 1.7322 1550.6 6.5697 3149.4 6.8149 "" "" 0.002800287305833901 0.005380171 0.004450099 0.00983027 109.56275952846 -25.30193633001 1068.28088 3.292 -6.764000000000002 6.034310285568237 -9.774034561157226 0.17285728 0.19085729 "" "" 58.164726934514874 "" 10.822353709606425 ""
109.92805361912 -24.57811629462 0.0288 0.0385 26.2549 "" "" 5616925351747486848 1335.84509 0.7242 0.0504 -1.818 2.345 0.037 0.052 1.081 5106.7 4.7163 16.748825 1.08909 17.209126 16.120035 "" "" 1250.5791 1435.19275 3761.97916 1.6245 1785.5 9.7623 2825.8 7.9745 "" "" 0.002794924574248582 0.006559331 0.004865359 0.0114246905 109.92805361912 -24.57811629462 1335.84509 -1.818 2.3449999999999993 0.9243102855682372 -0.6650345611572264 0.17385729 0.18885729 "" "" 7.2100931778565736 "" 1.2914353510282681 ""
109.12824173357 -24.79968824724 0.0271 0.0403 30.9098 "" "" 5617284651529888128 1429.5824 0.6779 0.0501 -8.013 -1.658 0.034 0.053 0.968 4881.1 4.4863 16.753359 1.16783 17.26102 16.093191 "" "" 1321.29224 1565.71411 3746.30261 1.6978 1702.2 5.4109 2896.6 6.8769 "" "" 0.0027989107206554714 0.0044380794 0.004574729 0.009012809 109.12824173357 -24.79968824724 1429.5824 -8.013 -1.658 -5.270689714431763 -4.668034561157226 0.17085728 0.18985729 "" "" 47.70898022241041 "" 8.561727323024925 ""
109.21787380367 -24.88375975363 0.0292 0.0444 25.0064 "" "" 5617271354311128064 1351.10132 0.7148 0.0555 -3.053 2.994 0.038 0.062 1.119 "" "" 16.754253 1.907153 17.680199 15.773046 "" "" 1259.88318 1446.12573 3743.21728 4.479 1157.0 9.4665 3889.9 15.466 "" "" 0.0030462416464016252 0.009311298 0.005737478 0.015048776 109.21787380367 -24.88375975363 1351.10132 -3.053 2.9940000000000007 -0.31068971443176263 -0.016034561157226346 0.17485729 0.19885728 "" "" 1.9923734643369055 "" 0.3485167371088982 ""
109.68311162146 -24.92327643198 0.0337 0.0445 1.6451 "" "" 5616542996580938240 1299.32788 0.7645 0.0583 -3.511 -2.207 0.042 0.059 1.1 4977.5 4.6414 16.7588 1.209768 17.290367 16.080599 "" "" 1211.23218 1394.46765 3727.57322 2.0518 1656.8 7.097 2930.3 8.8376 "" "" 0.00281938862664459 0.0054235714 0.0050006155 0.010424187 109.68311162146 -24.92327643198 1299.32788 -3.511 -2.207 -0.7686897144317628 -5.217034561157226 0.17885728 0.19585729 "" "" 32.47764874709667 "" 6.349751684099125 ""
109.84661469812 -25.25192182806 0.0277 0.0399 20.5231 "" "" 5616470600610671104 1355.98206 0.7202 0.0488 3.936 0.259 0.036 0.051 1.008 5108.3 4.5888 16.7605 1.071362 17.214252 16.14289 "" "" 1266.79431 1448.8335 3721.74414 1.7212 1777.1 7.784 2767.0 7.095 "" "" 0.0028006991548402815 0.005513784 0.004694073 0.010207857 109.84661469812 -25.25192182806 1355.98206 3.9360000000000004 0.259 6.678310285568237 -2.7510345611572267 0.17285728 0.18785729 "" "" 46.42313440486909 "" 8.129298223629155 ""
109.58535164091 -25.23453195476 0.0269 0.0379 17.7813 "" "" 5616494274471282688 1087.53711 0.8978 0.0478 -4.123 4.219 0.034 0.05 1.018 4808.8 4.6603 16.760595 1.420589 17.40679 15.986201 "" "" 1029.72192 1135.95593 3721.41703 4.2882 1488.3 7.0223 3196.5 13.874 "" "" 0.0030260590133938657 0.005833423 0.006040809 0.011874232 109.58535164091 -25.23453195476 1087.53711 -4.123 4.219 -1.380689714431763 1.2089654388427737 0.17085728 0.18685728 "" "" 9.460239229224031 "" 1.6837115363650104 ""
109.6887314609 -24.56837170417 0.0305 0.0447 22.8387 "" "" 5617678001814297344 1405.00952 0.7012 0.0551 -1.104 1.432 0.038 0.055 1.05 4812.4 4.6907 16.760622 1.231716 17.295855 16.064138 "" "" 1294.11743 1537.50122 3721.32509 1.967 1648.4 7.2395 2975.1 7.8975 "" "" 0.0028144524797132915 0.005524711 0.004752931 0.010277642 109.6887314609 -24.56837170417 1405.00952 -1.104 1.432 1.6383102855682372 -1.5780345611572266 0.17485729 0.19185728 "" "" 15.14891283439325 "" 2.775822968813705 ""
109.64705521115 -24.75120327546 0.0264 0.0389 11.9265 "" "" 5616548356700045184 1079.44666 0.905 0.0518 -5.368 -8.728 0.034 0.052 1.03 4598.5 4.6355 16.762629 1.190193 17.253136 16.062943 "" "" 1020.64746 1152.42249 3714.45651 1.6047 1714.6 9.0616 2978.4 8.1477 "" "" 0.0027949599404994046 0.0063804844 0.0048068115 0.011187296 109.64705521115 -24.75120327546 1079.44666 -5.3679999999999986 -8.727999999999996 -2.625689714431763 -11.738034561157226 0.17085728 0.18885729 "" "" 61.54281078571725 "" 11.572426012698728 ""
109.5312187324 -24.83307819794 0.0289 0.0438 10.3286 "" "" 5616542476878922496 1297.33911 0.7566 0.0592 -0.141 1.954 0.039 0.063 0.929 4857.8 4.5713 16.76355 1.265366 17.285267 16.019901 "" "" 1205.10876 1431.62549 3711.30928 1.8989 1664.6 9.4559 3098.8 15.59 "" "" 0.0028107634614236068 0.006769382 0.006642336 0.0134117175 109.5312187324 -24.83307819794 1297.33911 -0.14099999999999974 1.953999999999999 2.6013102855682373 -1.0560345611572266 0.17585729 0.1998573 "" "" 17.264369968797943 "" 3.0980575011892477 ""
109.89405705774 -24.6963335135 0.025 0.0362 19.3849 "" "" 5616922053212703360 1345.86926 0.7204 0.0471 4.267 1.662 0.032 0.049 1.049 4908.6 4.6502 16.76649 1.20369 17.28818 16.08449 "" "" 1255.37927 1441.85767 3701.26831 1.5784 1660.1 6.5459 2919.9 6.4695 "" "" 0.0027939520550678406 0.0051101083 0.0044800374 0.009590145 109.89405705774 -24.6963335135 1345.86926 4.267000000000002 1.662 7.009310285568238 -1.3480345611572266 0.16885729 0.18585728 "" "" 45.534775472870706 "" 7.717824441479955 ""
109.59041549803 -25.23663190846 0.0289 0.0412 17.8327 "" "" 5616494274470793984 1144.68848 0.8549 0.0518 -5.686 10.215 0.036 0.056 1.048 4534.9 4.6342 16.768982 1.327333 17.358093 16.03076 "" "" 1093.55164 1204.58057 3692.78779 1.901 1556.6 11.127 3068.0 8.7881 "" "" 0.002811438143491874 0.008247442 0.004894485 0.013141926 109.59041549803 -25.23663190846 1144.68848 -5.686 10.215 -2.9436897144317626 7.204965438842773 0.17285728 0.1928573 "" "" 42.22979246856985 "" 8.028954371217955 ""
109.20122941163 -24.73245548667 0.0259 0.0399 28.7203 "" "" 5617308703348089472 1121.16528 0.8741 0.0509 -9.852 7.095 0.033 0.055 0.992 4643.3 4.5652 16.775944 1.322584 17.376118 16.053534 "" "" 1056.2312 1185.69434 3669.18493 1.8716 1531.0 5.6512 3004.3 6.1056 "" "" 0.0028104278511128762 0.004883268 0.004376356 0.009259624 109.20122941163 -24.73245548667 1121.16528 -9.852 7.094999999999999 -7.109689714431763 4.084965438842773 0.1698573 0.19185728 "" "" 43.57571210438434 "" 7.650798505407183 ""
110.00645966835 -24.56963322359 0.0383 0.0515 29.1507 "" "" 5616931055463972480 1053.604 0.9291 0.068 -9.963 7.726 0.051 0.07 1.39 4380.3 4.4544 16.776127 1.436727 17.417675 15.980948 "" "" 978.740295 1136.59863 3668.56272 2.4828 1473.5 5.5038 3212.0 6.3073 "" "" 0.0028516175809405503 0.0049225553 0.0043392694 0.009261824 110.00645966835 -24.56963322359 1053.604 -9.963 7.7260000000000035 -7.220689714431762 4.715965438842773 0.18785729 0.2068573 "" "" 43.07051005704047 "" 8.344220245786955 ""
110.06418976546 -25.01801130555 0.028 0.0384 21.7415 "" "" 5616480049538210560 1120.42468 0.863 0.0486 -1.828 2.175 0.035 0.047 1.014 4755.4 4.5515 16.777023 1.284424 17.3465 16.062077 "" "" 1059.01025 1168.87158 3665.5356 4.3757 1573.3 13.507 2980.8 12.897 "" "" 0.0030449356241531826 0.009729838 0.006029228 0.015759066 110.06418976546 -25.01801130555 1120.42468 -1.8279999999999998 2.175 0.9143102855682372 -0.8350345611572267 0.17185728 0.18385729 "" "" 6.576077621746434 "" 1.1666964443838879 ""
