Clusters/NGC_2362/NGC_2362_stars_in_region.tsv
# %ECSV 1.0
# ---
# datatype:
# - name: RA_ICRS_1
#   unit: deg
#   datatype: float64
#   format: '{:15.11f}'
#   description: Right ascension (ICRS) at Ep=2016.0 (ra)
#   meta: !!omap
#   - {ucd: POS_EQ_RA_MAIN}
#   - {width: 15}
#   - {precision: '11'}
# - name: DE_ICRS_1
#   unit: deg
#   datatype: float64
#   format: '{:15.11f}'
#   description: Declination (ICRS) at Ep=2016.0 (dec)
#   meta: !!omap
#   - {ucd: POS_EQ_DEC_MAIN}
#   - {width: 15}
#   - {precision: '11'}
# - name: e_RA_ICRS
#   unit: mas
#   datatype: float64
#   format: '{:7.4f}'
#   description: Standard error of right ascension (ra_error)
#   meta: !!omap
#   - {ucd: ERROR}
#   - {width: 7}
#   - {precision: '4'}
# - name: e_DE_ICRS
#   unit: mas
#   datatype: float64
#   format: '{:7.4f}'
#   description: Standard error of declination (dec_error)
#   meta: !!omap
#   - {ucd: ERROR}
#   - {width: 7}
#   - {precision: '4'}
# - name: _r_1
#   unit: ''
#   datatype: float64
#   format: '{:7.4f}'
#   description: Distance from center (109.67180612000-24.94870606000)[ICRS], at Epoch=J2016.0
#   meta: !!omap
#   - {ucd: POS_ANG_DIST_GENERAL}
#   - {width: 7}
#   - {precision: '4'}
# - name: HIP
#   datatype: int32
#   description: '? HIP cross-id number, van Leeuwen, Cat. I/311 (hip_original_ext_source_id)'
#   meta: !!omap
#   - {ucd: ID_NUMBER}
#   - {width: 6}
#   - values: {'null': -2147483648}
# - name: TYC2
#   datatype: string
#   description: Tycho-2 cross-id name, Hog et al., Cat. I/259 (tyc2_original_ext_source_id)
#   meta: !!omap
#   - {ucd: ID_CROSSID}
#   - {_votable_string_dtype: char}
# - name: Source
#   datatype: int64
#   description: Source identifier, identical to the Gaia-EDR3 source_id (id)
#   meta: !!omap
#   - {ucd: ID_MAIN}
#   - {width: 19}
# - name: rgeo
#   unit: pc
#   datatype: float64
#   format: '{:15.8f}'
#   description: '? Median of the geometric distance posterior (r_med_geo)'
#   meta: !!omap
#   - {ucd: PHYS_DISTANCE_TRUE}
#   - {width: 15}
#   - {precision: '8'}
#   - values: {'null': .nan}
# - name: Plx
#   unit: mas
#   datatype: float64
#   format: '{:9.4f}'
#   description: '? Parallax (parallax)'
#   meta: !!omap
#   - {ucd: POS_PARLX_TRIG}
#   - {width: 9}
#   - {precision: '4'}
#   - values: {'null': .nan}
# - name: e_Plx
#   unit: mas
#   datatype: float32
#   format: '{:7.4f}'
#   description: '? Standard error of parallax (parallax_error)'
#   meta: !!omap
#   - {ucd: ERROR}
#   - {width: 7}
#   - {precision: '4'}
#   - values: {'null': .nan}
# - name: pmRA
#   unit: mas / yr
#   datatype: float64
#   format: '{:9.3f}'
#   description: '? Proper motion in right ascension direction, pmRA*cosDE (pmra)'
#   meta: !!omap
#   - {ucd: POS_EQ_PMRA}
#   - {width: 9}
#   - {precision: '3'}
#   - values: {'null': .nan}
# - name: pmDE
#   unit: mas / yr
#   datatype: float64
#   format: '{:9.3f}'
#   description: '? Proper motion in declination direction (pmdec)'
#   meta: !!omap
#   - {ucd: POS_EQ_PMDEC}
#   - {width: 9}
#   - {precision: '3'}
#   - values: {'null': .nan}
# - name: e_pmRA
#   unit: mas / yr
#   datatype: float32
#   format: '{:6.3f}'
#   description: '? Standard error of proper motion in right ascension direction (pmra_error)'
#   meta: !!omap
#   - {ucd: ERROR}
#   - {width: 6}
#   - {precision: '3'}
#   - values: {'null': .nan}
# - name: e_pmDE
[...]
#         unit: &id001 !astropy.units.Unit {unit: deg}
#         value: !astropy.table.SerializedColumn {name: SkyCoord.dec}
#       distance: !astropy.table.SerializedColumn
#         __class__: astropy.coordinates.distances.Distance
#         unit: !astropy.units.Unit {unit: pc}
#         value: !astropy.table.SerializedColumn {name: SkyCoord.distance}
#       frame: icrs
#       obstime: !astropy.time.Time {format: jyear_str, in_subfmt: '*', jd1: 367701545.0, jd2: 0.0, out_subfmt: '*', precision: 3, scale: tt}
#       pm_dec: !astropy.table.SerializedColumn
#         __class__: astropy.units.quantity.Quantity
#         unit: !astropy.units.Unit {unit: mas / yr}
#         value: !astropy.table.SerializedColumn {name: SkyCoord.pm_dec}
#       pm_ra_cosdec: !astropy.table.SerializedColumn
#         __class__: astropy.units.quantity.Quantity
#         unit: !astropy.units.Unit {unit: mas / yr}
#         value: !astropy.table.SerializedColumn {name: SkyCoord.pm_ra_cosdec}
#       ra: !astropy.table.SerializedColumn
#         __class__: astropy.coordinates.angles.Longitude
#         unit: *id001
#         value: !astropy.table.SerializedColumn {name: SkyCoord.ra}
#         wrap_angle: !astropy.coordinates.Angle
#           unit: *id001
#           value: 360.0
#       representation_type: spherical
# schema: astropy-2.0
RA_ICRS_1 DE_ICRS_1 e_RA_ICRS e_DE_ICRS _r_1 HIP TYC2 Source rgeo Plx e_Plx pmRA pmDE e_pmRA e_pmDE RUWE Teff logg Gmag BP-RP BPmag RPmag RV e_RV b_rgeo B_rgeo FG e_FG FBP e_FBP FRP e_FRP RAVE5 RAVE6 e_Gmag e_BPmag e_RPmag e_BP-RP SkyCoord.ra SkyCoord.dec SkyCoord.distance SkyCoord.pm_ra_cosdec SkyCoord.pm_dec
[from data line 600]
109.7084659483 -24.93586272311 0.0191 0.0264 2.1381 "" "" 5616531172526972160 1448.16211 0.6594 0.0343 -1.053 5.194 0.025 0.036 1.661 5437.0 4.294 15.073169 0.946834 15.425766 14.478932 "" "" 1369.90955 1516.84167 17606.74985 5.671 9228.1 10.29 12811.0 14.338 "" "" 0.002777424100997625 0.0030415095 0.0039699264 0.007011436 109.7084659483 -24.93586272311 1448.16211 -1.053 5.194000000000001
109.94084982461 -24.61779147601 0.0169 0.0238 24.6781 "" "" 5616924591530150912 1055.36963 0.9127 0.0312 5.27 -8.623 0.022 0.033 1.54 5549.9 4.4261 15.077901 0.865496 15.427761 14.562265 "" "" 1028.00293 1090.71643 17530.18671 3.6062 9211.1 10.895 11865.0 8.3341 "" "" 0.0027643579717010172 0.0030715263 0.003855559 0.006927085 109.94084982461 -24.61779147601 1055.36963 5.27 -8.623000000000001
109.65764594801 -24.89844209496 0.013 0.0177 3.1127 "" "" 5616544027373107840 1313.35779 0.7259 0.0229 -2.939 3.17 0.018 0.025 1.031 5140.2 4.1959 15.078097 1.181967 15.586793 14.404826 "" "" 1278.24207 1347.26624 17527.0121 24.663 7956.1 38.063 13716.0 50.533 "" "" 0.0031505423905830144 0.005896253 0.005503145 0.011399398 109.65764594801 -24.89844209496 1313.35779 -2.9390000000000005 3.1699999999999995
109.68078859551 -24.93829582215 0.0142 0.018 0.7931 "" "" 5616542957917216512 1229.42419 0.7753 0.0242 -2.666 2.859 0.019 0.024 1.035 "" "" 15.078835 1.362542 15.677101 14.314559 "" "" 1195.04883 1265.50623 17515.11306 19.272 7321.1 46.337 14905.0 47.264 "" "" 0.003003158546488504 0.0074167275 0.005112455 0.012529183 109.68078859551 -24.93829582215 1229.42419 -2.6659999999999995 2.859
110.1907346446 -24.77616236356 0.0122 0.0178 30.0872 "" "" 5616906522610718208 1224.04797 0.7735 0.0237 -3.463 1.979 0.016 0.024 0.992 5879.2 4.414 15.087712 0.814525 15.408539 14.594014 "" "" 1188.94519 1263.57593 17372.48259 3.7906 9375.6 10.134 11523.0 9.4927 "" "" 0.0027654859227826552 0.0030269285 0.003883779 0.006910708 110.1907346446 -24.77616236356 1224.04797 -3.463000000000001 1.979
109.78564889188 -25.28153072061 0.0121 0.0168 20.9053 "" "" 5616469020062771328 1397.62781 0.6762 0.0217 -8.225 7.584 0.016 0.022 0.976 6075.3 4.2841 15.089696 0.821683 15.418241 14.596558 "" "" 1358.12292 1439.82544 17340.77508 3.6503 9292.2 10.286 11496.0 8.995 "" "" 0.0027647830407265834 0.00303801 0.003873684 0.006911694 109.78564889188 -25.28153072061 1397.62781 -8.225 7.584
109.8256933094 -24.71576933285 0.0119 0.0168 16.2957 "" "" 5616922328090669440 1050.96753 0.9166 0.0216 2.503 3.317 0.016 0.022 0.987 "" "" 15.09009 0.990637 15.489735 14.499098 "" "" 1027.91296 1074.6543 17334.48782 3.8354 8700.1 8.6516 12575.0 9.9051 "" "" 0.002765772765520566 0.002991783 0.0038749347 0.0068667177 109.8256933094 -24.71576933285 1050.96753 2.503 3.317
109.5603389508 -24.94415426271 0.0128 0.0182 6.0702 "" "" 5616537808260626560 1428.17419 0.6592 0.0225 -1.208 -0.9 0.017 0.026 1.017 5941.7 4.229 15.091782 0.84906 15.431551 14.582491 "" "" 1381.50427 1469.39001 17307.48667 4.099 9179.0 13.172 11646.0 12.599 "" "" 0.0027672928908430592 0.0031957095 0.0039576977 0.007153407 109.5603389508 -24.94415426271 1428.17419 -1.2080000000000002 -0.8999999999999999
109.55097497691 -25.22846339245 0.012 0.0167 18.0239 "" "" 5616497263768053760 1381.64087 0.6914 0.021 -2.812 1.846 0.015 0.022 1.003 5744.6 4.3043 15.097867 0.876205 15.44808 14.571876 "" "" 1337.53296 1419.39185 17210.75438 3.49 9040.3 10.179 11760.0 10.132 "" "" 0.0027641024537202194 0.0030462337 0.0038934252 0.006939659 109.55097497691 -25.22846339245 1381.64087 -2.8119999999999994 1.8460000000000003
109.22573524603 -24.91090674635 0.0121 0.0183 24.3762 "" "" 5617268399373966464 1144.66406 0.8336 0.024 -0.336 -2.155 0.016 0.026 0.973 5391.0 4.3683 15.100122 0.910183 15.463745 14.553562 "" "" 1115.91931 1177.46875 17175.05164 3.4957 8910.8 11.476 11960.0 10.506 "" "" 0.002764167728988316 0.0031209406 0.0038978646 0.0070188055 109.22573524603 -24.91090674635 1144.66406 -0.336 -2.155
109.20192267834 -24.70002345857 0.0547 0.0841 29.6205 "" "" 5617309111358700544 1099.97461 0.886 0.1043 -3.198 3.288 0.07 0.116 4.806 7255.3 4.1015 15.104057 0.80392 15.381958 14.578038 "" "" 994.441528 1230.1311 17112.9103 8.9043 9608.0 15.081 11693.0 13.262 "" "" 0.002812639944693767 0.0032694584 0.003974938 0.007244396 109.20192267834 -24.70002345857 1099.97461 -3.198 3.288
109.94508016191 -25.17916851586 0.0121 0.0166 20.2929 "" "" 5616476991521565312 1007.02057 0.9536 0.0223 -2.82 -7.462 0.016 0.022 1.058 5368.2 4.4789 15.104607 0.96573 15.504917 14.539187 "" "" 980.774536 1030.44739 17104.24696 3.1441 8579.3 9.268 12119.0 10.114 "" "" 0.002762538962253643 0.0030266694 0.0038864843 0.0069131535 109.94508016191 -25.17916851586 1007.02057 -2.8199999999999994 -7.462000000000001
109.91729176639 -24.5782808073 0.0123 0.0166 25.9395 "" "" 5616925317387756544 1375.98889 0.6836 0.0215 -4.603 3.617 0.016 0.022 1.012 5809.2 4.3335 15.107504 0.910245 15.475254 14.565009 "" "" 1332.06592 1425.07593 17058.67187 3.2105 8816.9 11.083 11835.0 10.335 "" "" 0.002762886882689771 0.0031060744 0.0038964949 0.0070025693 109.91729176639 -24.5782808073 1375.98889 -4.603 3.6170000000000004
110.01540821405 -24.62423225528 0.0122 0.0168 27.0063 "" "" 5616924080437107712 1316.9469 0.7196 0.0214 -3.024 -2.919 0.016 0.023 0.984 5979.6 4.3462 15.116684 0.823505 15.441586 14.618081 "" "" 1281.31995 1355.29919 16915.03995 3.6656 9094.6 9.2153 11270.0 9.8498 "" "" 0.0027653478942917635 0.002999228 0.003896687 0.0068959147 110.01540821405 -24.62423225528 1316.9469 -3.0240000000000005 -2.919
109.63848655351 -24.96967013933 0.0133 0.0186 2.2062 "" "" 5616536914907347968 1432.79968 0.6642 0.0231 0.344 -2.134 0.017 0.024 0.999 5522.1 4.3113 15.121963 0.958465 15.512376 14.553911 "" "" 1390.24072 1487.71411 16832.99483 3.5975 8520.5 11.607 11956.0 9.237 "" "" 0.0027650736307452592 0.0031579423 0.0038713496 0.007029292 109.63848655351 -24.96967013933 1432.79968 0.344 -2.134
110.10673729646 -24.75525679244 0.012 0.0169 26.371 "" "" 5616907656482150912 1064.03979 0.9031 0.0218 -5.337 -1.95 0.016 0.021 1.047 5604.8 4.4426 15.124894 0.827819 15.455633 14.627814 "" "" 1040.60132 1087.75867 16787.61261 3.4525 8977.7 8.6946 11169.0 7.2424 "" "" 0.002764353048943987 0.0029817275 0.003844397 0.006826124 110.10673729646 -24.75525679244 1064.03979 -5.337 -1.9500000000000002
110.04315982521 -24.65635887266 0.013 0.0173 26.7725 "" "" 5616912191967622528 1238.64233 0.7695 0.0228 -2.756 6.017 0.017 0.022 1.093 5664.2 4.3911 15.125542 0.831357 15.45741 14.626053 "" "" 1211.83325 1270.97998 16777.60216 4.8782 8963.0 12.637 11188.0 10.454 "" "" 0.002773345715348519 0.0031825083 0.0039131762 0.0070956843 110.04315982521 -24.65635887266 1238.64233 -2.7559999999999993 6.0169999999999995
109.71238957706 -24.99191574187 0.0124 0.0174 3.405 "" "" 5616524923358572032 1340.17163 0.7048 0.0213 -3.45 1.312 0.016 0.022 1.014 5891.7 4.266 15.127075 0.841204 15.462509 14.621305 "" "" 1300.40051 1379.92224 16753.93411 3.6398 8921.0 13.188 11237.0 13.232 "" "" 0.002765398202584447 0.0032188892 0.003989772 0.007208661 109.71238957706 -24.99191574187 1340.17163 -3.45 1.3120000000000003
109.83344964378 -25.04817753926 0.0124 0.0167 10.6247 "" "" 5616526538266166016 1052.63513 0.9139 0.0212 4.956 -7.334 0.016 0.022 0.99 5828.0 4.4841 15.130966 0.839653 15.466844 14.627191 "" "" 1031.00293 1078.55225 16693.9919 3.4838 8885.4 10.119 11176.0 11.58 "" "" 0.0027646205698255346 0.0030518707 0.003943262 0.006995133 109.83344964378 -25.04817753926 1052.63513 4.956 -7.334
109.63215164926 -24.60435291252 0.0116 0.0175 20.7738 "" "" 5617302583012632448 1013.98773 0.9458 0.0218 1.188 6.604 0.015 0.023 0.997 5548.4 4.5335 15.133751 0.854815 15.471539 14.616724 "" "" 993.611206 1035.58423 16651.23016 3.3548 8847.1 12.646 11284.0 15.279 "" "" 0.002763989907238909 0.0031927393 0.0040552453 0.0072479844 109.63215164926 -24.60435291252 1013.98773 1.1880000000000002 6.604000000000001
109.96543973094 -24.95644519067 0.0123 0.017 15.9802 "" "" 5616528393691849984 1457.19897 0.6469 0.022 -4.025 3.866 0.016 0.021 1.012 5606.6 4.2431 15.137673 0.911794 15.500191 14.588397 "" "" 1416.36157 1493.6156 16591.18742 3.5448 8616.7 17.257 11582.0 8.0946 "" "" 0.0027650680211613148 0.0035374092 0.0038548058 0.007392215 109.96543973094 -24.95644519067 1457.19897 -4.025 3.8659999999999997
109.39962926734 -25.10400218121 0.0705 0.1074 17.4867 "" "" 5616511248181640960 1121.49573 0.9004 0.1356 -8.333 -6.921 0.092 0.142 6.973 4936.9 4.454 15.139555 1.125188 15.591947 14.466759 "" "" 980.726685 1386.57776 16562.45516 14.517 7918.4 7.1594 12956.0 9.5359 "" "" 0.002915034108438578 0.0029578228 0.003862943 0.006820766 109.39962926734 -25.10400218121 1121.49573 -8.333 -6.921
109.13060942104 -25.04434597841 0.0121 0.0185 29.9845 "" "" 5617265410076790144 1053.62695 0.9083 0.0225 -0.743 -2.435 0.016 0.024 1.013 5278.5 4.4323 15.140389 0.991569 15.556386 14.564816 "" "" 1027.5343 1078.42529 16549.75334 3.2181 8182.1 10.268 11837.0 8.8135 "" "" 0.002763396761711015 0.0031050814 0.0038648741 0.0069699557 109.13060942104 -25.04434597841 1053.62695 -0.743 -2.435
109.34381212494 -24.65181255381 0.0122 0.0173 25.2284 "" "" 5617299254419870848 1175.47522 0.8086 0.0216 -1.555 4.575 0.015 0.023 0.989 5965.3 4.301 15.143538 0.887791 15.502287 14.614496 "" "" 1146.41772 1202.60559 16501.80643 6.4517 8600.1 13.668 11307.0 15.236 "" "" 0.0027878272493922075 0.0032806322 0.0040526697 0.007333302 109.34381212494 -24.65181255381 1175.47522 -1.5550000000000002 4.575
109.39280206971 -25.021963243 0.0128 0.0173 15.7974 "" "" 5616515302630727552 1401.1134 0.6756 0.0241 1.886 -4.295 0.017 0.025 0.928 5716.8 4.3016 15.146736 1.041907 15.580346 14.538439 "" "" 1349.46973 1446.83899 16453.27049 3.5551 8003.5 8.8162 12128.0 9.1425 "" "" 0.0027652894090139124 0.0030356925 0.00386699 0.0069026826 109.39280206971 -25.021963243 1401.1134 1.8859999999999997 -4.295
109.58145067932 -24.93602145552 0.1451 0.2 4.9743 "" "" 5616537636461898496 1219.3501 0.9667 0.2542 -1.554 5.361 0.194 0.275 11.402 9629.1 4.199 15.146954 0.557653 15.319506 14.761852 "" "" 879.425781 1874.42627 16449.98123 21.198 10177.0 12.219 9872.3 9.9804 "" "" 0.003090196657454337 0.0030796733 0.0039355443 0.0070152176 109.58145067932 -24.93602145552 1219.3501 -1.554 5.361
109.70282812238 -25.04235701343 0.0211 0.0304 5.8668 "" "" 5616523922619455744 1109.91064 0.8682 0.0365 5.003 -2.701 0.028 0.041 1.676 5368.1 4.3666 15.151194 0.90778 15.507359 14.59958 "" "" 1062.68494 1148.96948 16385.86721 5.2724 8560.0 8.9466 11464.0 11.888 "" "" 0.0027773793795493515 0.0030121014 0.0039435215 0.0069556227 109.70282812238 -25.04235701343 1109.91064 5.003 -2.7009999999999996
109.47303222941 -24.54902120667 0.0124 0.0169 26.3135 "" "" 5617307157159505408 1036.85425 0.9264 0.0224 3.241 -4.294 0.016 0.022 0.979 5104.4 4.3869 15.151736 1.018371 15.554208 14.535837 "" "" 1014.07501 1065.70935 16377.67533 3.129 8198.5 32.235 12157.0 22.085 "" "" 0.002763117406582331 0.0050998717 0.0042631086 0.009362981 109.47303222941 -24.54902120667 1036.85425 3.241 -4.294
109.9449245074 -24.97383309532 0.0125 0.0172 14.9327 "" "" 5616527981375004672 1198.42407 0.8024 0.0222 -0.678 3.077 0.016 0.021 1.041 5157.6 4.3546 15.16289 1.022995 15.590156 14.567161 "" "" 1165.82581 1230.86755 16210.29723 4.5589 7931.5 8.3226 11811.0 10.648 "" "" 0.0027721879574121484 0.0030138004 0.0039040784 0.006917879 109.9449245074 -24.97383309532 1198.42407 -0.678 3.077
109.57445787777 -24.89713300679 0.0135 0.0186 6.1346 "" "" 5616538323656645632 1450.00183 0.6556 0.0248 -0.786 6.693 0.018 0.026 0.985 5389.6 4.2717 15.166985 0.943335 15.543708 14.600373 "" "" 1387.06396 1519.91577 16149.2524 3.68 8278.2 11.599 11455.0 21.107 "" "" 0.0027664059364908363 0.0031779457 0.0042762184 0.0074541643 109.57445787777 -24.89713300679 1450.00183 -0.7859999999999999 6.6930000000000005
110.00303270787 -25.16069245169 0.0126 0.0177 22.0433 "" "" 5616474517620381440 1409.82043 0.6703 0.0232 0.676 -0.286 0.016 0.022 0.968 6369.2 4.435 15.167527 0.820682 15.493975 14.673293 "" "" 1363.43933 1455.29797 16141.19999 3.5658 8666.2 11.514 10711.0 8.5851 "" "" 0.0027657402164800913 0.0031410048 0.003878279 0.0070192837 110.00303270787 -25.16069245169 1409.82043 0.676 -0.28600000000000003
109.23597571991 -24.64443207566 0.0128 0.019 29.9471 "" "" 5617310833651795840 1280.22168 0.7472 0.0246 -5.692 -0.447 0.017 0.026 1.031 5198.3 4.2803 15.170514 0.982471 15.563786 14.581314 "" "" 1244.24829 1325.03223 16096.85706 3.4814 8126.5 15.003 11658.0 16.986 "" "" 0.002765308366438196 0.00343554 0.004097106 0.007532646 109.23597571991 -24.64443207566 1280.22168 -5.691999999999999 -0.447
110.09468048817 -25.1355378913 0.0199 0.0281 25.575 "" "" 5616475857650365824 989.964355 0.9777 0.0351 -2.959 2.411 0.026 0.036 1.609 5106.6 4.4089 15.171156 1.03619 15.605085 14.568895 "" "" 957.911987 1021.19733 16087.34557 7.379 7823.2 14.256 11792.0 16.741 "" "" 0.0027999647564903407 0.0034204586 0.0040816264 0.007502085 110.09468048817 -25.1355378913 989.964355 -2.959 2.411
109.88860485499 -25.12861458867 0.0171 0.0241 15.9818 "" "" 5616478297191630720 1116.63965 0.8583 0.0304 -4.077 8.984 0.022 0.031 1.328 5774.7 4.3855 15.176828 0.896394 15.536562 14.640168 "" "" 1080.71997 1147.96753 16003.50997 3.3551 8332.8 8.738 11043.0 9.8016 "" "" 0.002764706358394386 0.0030135203 0.0039003093 0.0069138296 109.88860485499 -25.12861458867 1116.63965 -4.077 8.984
109.82123189006 -25.38667628266 0.0127 0.0179 27.5025 "" "" 5616464862537889792 1306.69177 0.7326 0.0225 3.603 0.06 0.016 0.023 0.983 6107.6 4.257 15.179726 0.882013 15.535832 14.653819 "" "" 1266.06067 1347.66797 15960.86477 3.7702 8338.4 9.3695 10905.0 7.1723 "" "" 0.0027672305582195538 0.0030452316 0.003846253 0.0068914844 109.82123189006 -25.38667628266 1306.69177 3.603000000000001 0.060000000000000095
109.81887708374 -25.40996555686 0.0129 0.0182 28.8047 "" "" 5616440604557789056 1205.85962 0.7973 0.0225 -1.783 -0.297 0.016 0.023 0.999 5562.8 4.4078 15.19766 0.857383 15.54318 14.685797 "" "" 1172.1781 1230.19336 15699.39874 4.1157 8282.2 9.1198 10589.0 10.196 "" "" 0.0027699828958036455 0.003035517 0.00392131 0.006956827 109.81887708374 -25.40996555686 1205.85962 -1.7829999999999995 -0.29699999999999993
109.33133323065 -24.9889946115 0.0129 0.019 18.6762 "" "" 5616516367782659968 1127.42371 0.8482 0.0243 -2.474 6.457 0.018 0.028 0.966 5488.1 4.404 15.201366 0.862785 15.547929 14.685143 "" "" 1100.12659 1153.29846 15645.88657 3.8198 8246.0 11.368 10595.0 8.4309 "" "" 0.0027680413399245344 0.0031663023 0.0038768759 0.007043178 109.33133323065 -24.9889946115 1127.42371 -2.474 6.457000000000001
109.50139111231 -25.32180885225 0.0134 0.02 24.2245 "" "" 5616492075447655424 1108.37085 0.8625 0.0254 -2.261 -7.173 0.018 0.028 1.091 5369.3 4.418 15.210409 0.940536 15.592498 14.651961 "" "" 1076.34436 1131.99219 15516.1142 3.7275 7914.4 8.6223 10924.0 9.3819 "" "" 0.002767638369452992 0.0030305414 0.003892714 0.0069232555 109.50139111231 -25.32180885225 1108.37085 -2.261 -7.173
109.22621886923 -25.01427072692 0.0128 0.0192 24.5512 "" "" 5617266647027327744 1301.45825 0.7273 0.0238 -2.174 2.527 0.017 0.026 0.98 6279.5 4.4449 15.210731 0.884912 15.566204 14.681292 "" "" 1265.72205 1347.32654 15511.50882 3.3957 8108.4 9.7238 10633.0 10.066 "" "" 0.0027655529270929117 0.0030790197 0.0039166543 0.006995674 109.22621886923 -25.01427072692 1301.45825 -2.1739999999999995 2.527
109.65301521709 -24.53361355191 0.0128 0.0182 24.9266 "" "" 5617678895167505920 1128.42371 0.8491 0.0233 -2.463 2.89 0.016 0.024 1.01 5250.1 4.3825 15.213077 0.982952 15.623071 14.640119 "" "" 1104.14783 1160.00623 15478.04384 3.2802 7694.6 10.156 11044.0 10.26 "" "" 0.0027649111097886665 0.0031366665 0.003911665 0.0070483317 109.65301521709 -24.53361355191 1128.42371 -2.4629999999999996 2.8900000000000006
