Clusters/NGC_2362/NGC_2362_stars_in_region.tsv
# %ECSV 1.0
# ---
# datatype:
# - name: RA_ICRS_1
#   unit: deg
#   datatype: float64
#   format: '{:15.11f}'
#   description: Right ascension (ICRS) at Ep=2016.0 (ra)
#   meta: !!omap
#   - {ucd: POS_EQ_RA_MAIN}
#   - {width: 15}
#   - {precision: '11'}
# - name: DE_ICRS_1
#   unit: deg
#   datatype: float64
#   format: '{:15.11f}'
#   description: Declination (ICRS) at Ep=2016.0 (dec)
#   meta: !!omap
#   - {ucd: POS_EQ_DEC_MAIN}
#   - {width: 15}
#   - {precision: '11'}
# - name: e_RA_ICRS
#   unit: mas
#   datatype: float64
#   format: '{:7.4f}'
#   description: Standard error of right ascension (ra_error)
#   meta: !!omap
#   - {ucd: ERROR}
#   - {width: 7}
#   - {precision: '4'}
# - name: e_DE_ICRS
#   unit: mas
#   datatype: float64
#   format: '{:7.4f}'
#   description: Standard error of declination (dec_error)
#   meta: !!omap
#   - {ucd: ERROR}
#   - {width: 7}
#   - {precision: '4'}
# - name: _r_1
#   unit: ''
#   datatype: float64
#   format: '{:7.4f}'
#   description: Distance from center (109.67180612000-24.94870606000)[ICRS], at Epoch=J2016.0
#   meta: !!omap
#   - {ucd: POS_ANG_DIST_GENERAL}
#   - {width: 7}
#   - {precision: '4'}
# - name: HIP
#   datatype: int32
#   description: '? HIP cross-id number, van Leeuwen, Cat. I/311 (hip_original_ext_source_id)'
#   meta: !!omap
#   - {ucd: ID_NUMBER}
#   - {width: 6}
#   - values: {'null': -2147483648}
# - name: TYC2
#   datatype: string
#   description: Tycho-2 cross-id name, Hog et al., Cat. I/259 (tyc2_original_ext_source_id)
#   meta: !!omap
#   - {ucd: ID_CROSSID}
#   - {_votable_string_dtype: char}
# - name: Source
#   datatype: int64
#   description: Source identifier, identical to the Gaia-EDR3 source_id (id)
#   meta: !!omap
#   - {ucd: ID_MAIN}
#   - {width: 19}
# - name: rgeo
#   unit: pc
#   datatype: float64
#   format: '{:15.8f}'
#   description: '? Median of the geometric distance posterior (r_med_geo)'
#   meta: !!omap
#   - {ucd: PHYS_DISTANCE_TRUE}
#   - {width: 15}
#   - {precision: '8'}
#   - values: {'null': .nan}
# - name: Plx
#   unit: mas
#   datatype: float64
#   format: '{:9.4f}'
#   description: '? Parallax (parallax)'
#   meta: !!omap
#   - {ucd: POS_PARLX_TRIG}
#   - {width: 9}
#   - {precision: '4'}
#   - values: {'null': .nan}
# - name: e_Plx
#   unit: mas
#   datatype: float32
#   format: '{:7.4f}'
#   description: '? Standard error of parallax (parallax_error)'
#   meta: !!omap
#   - {ucd: ERROR}
#   - {width: 7}
#   - {precision: '4'}
#   - values: {'null': .nan}
# - name: pmRA
#   unit: mas / yr
#   datatype: float64
#   format: '{:9.3f}'
#   description: '? Proper motion in right ascension direction, pmRA*cosDE (pmra)'
#   meta: !!omap
#   - {ucd: POS_EQ_PMRA}
#   - {width: 9}
#   - {precision: '3'}
#   - values: {'null': .nan}
# - name: pmDE
#   unit: mas / yr
#   datatype: float64
#   format: '{:9.3f}'
#   description: '? Proper motion in declination direction (pmdec)'
#   meta: !!omap
#   - {ucd: POS_EQ_PMDEC}
#   - {width: 9}
#   - {precision: '3'}
#   - values: {'null': .nan}
# - name: e_pmRA
#   unit: mas / yr
#   datatype: float32
#   format: '{:6.3f}'
#   description: '? Standard error of proper motion in right ascension direction (pmra_error)'
#   meta: !!omap
#   - {ucd: ERROR}
#   - {width: 6}
#   - {precision: '3'}
#   - values: {'null': .nan}
# - name: e_pmDE
[...]
#         value: !astropy.table.SerializedColumn {name: SkyCoord.dec}
#       distance: !astropy.table.SerializedColumn
#         __class__: astropy.coordinates.distances.Distance
#         unit: !astropy.units.Unit {unit: pc}
#         value: !astropy.table.SerializedColumn {name: SkyCoord.distance}
#       frame: icrs
#       obstime: !astropy.time.Time {format: jyear_str, in_subfmt: '*', jd1: 367701545.0, jd2: 0.0, out_subfmt: '*', precision: 3, scale: tt}
#       pm_dec: !astropy.table.SerializedColumn
#         __class__: astropy.units.quantity.Quantity
#         unit: !astropy.units.Unit {unit: mas / yr}
#         value: !astropy.table.SerializedColumn {name: SkyCoord.pm_dec}
#       pm_ra_cosdec: !astropy.table.SerializedColumn
#         __class__: astropy.units.quantity.Quantity
#         unit: !astropy.units.Unit {unit: mas / yr}
#         value: !astropy.table.SerializedColumn {name: SkyCoord.pm_ra_cosdec}
#       ra: !astropy.table.SerializedColumn
#         __class__: astropy.coordinates.angles.Longitude
#         unit: *id001
#         value: !astropy.table.SerializedColumn {name: SkyCoord.ra}
#         wrap_angle: !astropy.coordinates.Angle
#           unit: *id001
#           value: 360.0
#       representation_type: spherical
# schema: astropy-2.0
RA_ICRS_1 DE_ICRS_1 e_RA_ICRS e_DE_ICRS _r_1 HIP TYC2 Source rgeo Plx e_Plx pmRA pmDE e_pmRA e_pmDE RUWE Teff logg Gmag BP-RP BPmag RPmag RV e_RV b_rgeo B_rgeo FG e_FG FBP e_FBP FRP e_FRP RAVE5 RAVE6 e_Gmag e_BPmag e_RPmag e_BP-RP SkyCoord.ra SkyCoord.dec SkyCoord.distance SkyCoord.pm_ra_cosdec SkyCoord.pm_dec rmRA rmDE e_rmRA e_rmDE rRV e_rRV v_pec v_pec3d e_vpec e_vpec3d
[from data line 620]
109.96543973094 -24.95644519067 0.0123 0.017 15.9802 "" "" 5616528393691849984 1457.19897 0.6469 0.022 -4.025 3.866 0.016 0.021 1.012 5606.6 4.2431 15.137673 0.911794 15.500191 14.588397 "" "" 1416.36157 1493.6156 16591.18742 3.5448 8616.7 17.257 11582.0 8.0946 "" "" 0.0027650680211613148 0.0035374092 0.0038548058 0.007392215 109.96543973094 -24.95644519067 1457.19897 -4.025 3.8659999999999997 -1.282689714431763 0.8559654388427735 0.15285729 0.15785728 "" "" 10.65124461715483 "" 1.6447129634255144 ""
109.39962926734 -25.10400218121 0.0705 0.1074 17.4867 "" "" 5616511248181640960 1121.49573 0.9004 0.1356 -8.333 -6.921 0.092 0.142 6.973 4936.9 4.454 15.139555 1.125188 15.591947 14.466759 "" "" 980.726685 1386.57776 16562.45516 14.517 7918.4 7.1594 12956.0 9.5359 "" "" 0.002915034108438578 0.0029578228 0.003862943 0.006820766 109.39962926734 -25.10400218121 1121.49573 -8.333 -6.921 -5.590689714431763 -9.931034561157226 0.22885728 0.2788573 "" "" 60.582781765073214 "" 16.216770886845858 ""
109.13060942104 -25.04434597841 0.0121 0.0185 29.9845 "" "" 5617265410076790144 1053.62695 0.9083 0.0225 -0.743 -2.435 0.016 0.024 1.013 5278.5 4.4323 15.140389 0.991569 15.556386 14.564816 "" "" 1027.5343 1078.42529 16549.75334 3.2181 8182.1 10.268 11837.0 8.8135 "" "" 0.002763396761711015 0.0031050814 0.0038648741 0.0069699557 109.13060942104 -25.04434597841 1053.62695 -0.743 -2.435 1.9993102855682374 -5.445034561157227 0.15285729 0.16085729 "" "" 28.96874150536338 "" 4.632907258271864 ""
109.34381212494 -24.65181255381 0.0122 0.0173 25.2284 "" "" 5617299254419870848 1175.47522 0.8086 0.0216 -1.555 4.575 0.015 0.023 0.989 5965.3 4.301 15.143538 0.887791 15.502287 14.614496 "" "" 1146.41772 1202.60559 16501.80643 6.4517 8600.1 13.668 11307.0 15.236 "" "" 0.0027878272493922075 0.0032806322 0.0040526697 0.007333302 109.34381212494 -24.65181255381 1175.47522 -1.5550000000000006 4.575 1.1873102855682374 1.5649654388427736 0.15185729 0.15985729 "" "" 10.945087130550244 "" 1.7181816357737072 ""
109.39280206971 -25.021963243 0.0128 0.0173 15.7974 "" "" 5616515302630727552 1401.1134 0.6756 0.0241 1.886 -4.295 0.017 0.025 0.928 5716.8 4.3016 15.146736 1.041907 15.580346 14.538439 "" "" 1349.46973 1446.83899 16453.27049 3.5551 8003.5 8.8162 12128.0 9.1425 "" "" 0.0027652894090139124 0.0030356925 0.00386699 0.0069026826 109.39280206971 -25.021963243 1401.1134 1.8859999999999997 -4.295 4.628310285568237 -7.3050345611572265 0.15385729 0.16185729 "" "" 57.432570718613285 "" 9.166626902381932 ""
109.58145067932 -24.93602145552 0.1451 0.2 4.9743 "" "" 5616537636461898496 1219.3501 0.9667 0.2542 -1.554 5.361 0.194 0.275 11.402 9629.1 4.199 15.146954 0.557653 15.319506 14.761852 "" "" 879.425781 1874.42627 16449.98123 21.198 10177.0 12.219 9872.3 9.9804 "" "" 0.003090196657454337 0.0030796733 0.0039355443 0.0070152176 109.58145067932 -24.93602145552 1219.3501 -1.554 5.361 1.1883102855682373 2.350965438842773 0.33085728 0.4118573 "" "" 15.22505792167915 "" 6.04003506306442 ""
109.70282812238 -25.04235701343 0.0211 0.0304 5.8668 "" "" 5616523922619455744 1109.91064 0.8682 0.0365 5.003 -2.701 0.028 0.041 1.676 5368.1 4.3666 15.151194 0.90778 15.507359 14.59958 "" "" 1062.68494 1148.96948 16385.86721 5.2724 8560.0 8.9466 11464.0 11.888 "" "" 0.0027773793795493515 0.0030121014 0.0039435215 0.0069556227 109.70282812238 -25.04235701343 1109.91064 5.003 -2.7009999999999996 7.745310285568237 -5.711034561157227 0.16485728 0.17785728 "" "" 50.62736525543279 "" 8.583852172520999 ""
109.47303222941 -24.54902120667 0.0124 0.0169 26.3135 "" "" 5617307157159505408 1036.85425 0.9264 0.0224 3.241 -4.294 0.016 0.022 0.979 5104.4 4.3869 15.151736 1.018371 15.554208 14.535837 "" "" 1014.07501 1065.70935 16377.67533 3.129 8198.5 32.235 12157.0 22.085 "" "" 0.002763117406582331 0.0050998717 0.0042631086 0.009362981 109.47303222941 -24.54902120667 1036.85425 3.241 -4.294 5.983310285568237 -7.304034561157226 0.15285729 0.15885729 "" "" 46.40385957531747 "" 7.2610662956986 ""
109.9449245074 -24.97383309532 0.0125 0.0172 14.9327 "" "" 5616527981375004672 1198.42407 0.8024 0.0222 -0.678 3.077 0.016 0.021 1.041 5157.6 4.3546 15.16289 1.022995 15.590156 14.567161 "" "" 1165.82581 1230.86755 16210.29723 4.5589 7931.5 8.3226 11811.0 10.648 "" "" 0.0027721879574121484 0.0030138004 0.0039040784 0.006917879 109.9449245074 -24.97383309532 1198.42407 -0.678 3.077 2.0643102855682374 0.0669654388427734 0.15285729 0.15785728 "" "" 11.732545075992023 "" 1.7934677050905978 ""
109.57445787777 -24.89713300679 0.0135 0.0186 6.1346 "" "" 5616538323656645632 1450.00183 0.6556 0.0248 -0.786 6.693 0.018 0.026 0.985 5389.6 4.2717 15.166985 0.943335 15.543708 14.600373 "" "" 1387.06396 1519.91577 16149.2524 3.68 8278.2 11.599 11455.0 21.107 "" "" 0.0027664059364908363 0.0031779457 0.0042762184 0.0074541643 109.57445787777 -24.89713300679 1450.00183 -0.7860000000000001 6.6930000000000005 1.9563102855682373 3.682965438842773 0.15485728 0.1628573 "" "" 28.662493461374783 "" 4.618413344682385 ""
110.00303270787 -25.16069245169 0.0126 0.0177 22.0433 "" "" 5616474517620381440 1409.82043 0.6703 0.0232 0.676 -0.286 0.016 0.022 0.968 6369.2 4.435 15.167527 0.820682 15.493975 14.673293 "" "" 1363.43933 1455.29797 16141.19999 3.5658 8666.2 11.514 10711.0 8.5851 "" "" 0.0027657402164800913 0.0031410048 0.003878279 0.0070192837 110.00303270787 -25.16069245169 1409.82043 0.676 -0.28600000000000014 3.4183102855682375 -3.2960345611572266 0.15285729 0.15885729 "" "" 31.732390501011537 "" 4.943173698893512 ""
109.23597571991 -24.64443207566 0.0128 0.019 29.9471 "" "" 5617310833651795840 1280.22168 0.7472 0.0246 -5.692 -0.447 0.017 0.026 1.031 5198.3 4.2803 15.170514 0.982471 15.563786 14.581314 "" "" 1244.24829 1325.03223 16096.85706 3.4814 8126.5 15.003 11658.0 16.986 "" "" 0.002765308366438196 0.00343554 0.004097106 0.007532646 109.23597571991 -24.64443207566 1280.22168 -5.691999999999999 -0.44700000000000045 -2.949689714431763 -3.4570345611572266 0.15385729 0.1628573 "" "" 27.5766829588765 "" 4.38821193141678 ""
110.09468048817 -25.1355378913 0.0199 0.0281 25.575 "" "" 5616475857650365824 989.964355 0.9777 0.0351 -2.959 2.411 0.026 0.036 1.609 5106.6 4.4089 15.171156 1.03619 15.605085 14.568895 "" "" 957.911987 1021.19733 16087.34557 7.379 7823.2 14.256 11792.0 16.741 "" "" 0.0027999647564903407 0.0034204586 0.0040816264 0.007502085 110.09468048817 -25.1355378913 989.964355 -2.959 2.411 -0.21668971443176277 -0.5990345611572265 0.1628573 0.17285728 "" "" 2.9891811053795503 "" 0.5133320329111216 ""
109.88860485499 -25.12861458867 0.0171 0.0241 15.9818 "" "" 5616478297191630720 1116.63965 0.8583 0.0304 -4.077 8.984 0.022 0.031 1.328 5774.7 4.3855 15.176828 0.896394 15.536562 14.640168 "" "" 1080.71997 1147.96753 16003.50997 3.3551 8332.8 8.738 11043.0 9.8016 "" "" 0.002764706358394386 0.0030135203 0.0039003093 0.0069138296 109.88860485499 -25.12861458867 1116.63965 -4.077 8.984 -1.3346897144317627 5.973965438842773 0.15885729 0.16785729 "" "" 32.39897426944477 "" 5.424895942761503 ""
109.82123189006 -25.38667628266 0.0127 0.0179 27.5025 "" "" 5616464862537889792 1306.69177 0.7326 0.0225 3.603 0.06 0.016 0.023 0.983 6107.6 4.257 15.179726 0.882013 15.535832 14.653819 "" "" 1266.06067 1347.66797 15960.86477 3.7702 8338.4 9.3695 10905.0 7.1723 "" "" 0.0027672305582195538 0.0030452316 0.003846253 0.0068914844 109.82123189006 -25.38667628266 1306.69177 3.6030000000000033 0.060000000000000164 6.345310285568237 -2.9500345611572265 0.15285729 0.15985729 "" "" 43.34084084894381 "" 6.679891347024375 ""
109.81887708374 -25.40996555686 0.0129 0.0182 28.8047 "" "" 5616440604557789056 1205.85962 0.7973 0.0225 -1.783 -0.297 0.016 0.023 0.999 5562.8 4.4078 15.19766 0.857383 15.54318 14.685797 "" "" 1172.1781 1230.19336 15699.39874 4.1157 8282.2 9.1198 10589.0 10.196 "" "" 0.0027699828958036455 0.003035517 0.00392131 0.006956827 109.81887708374 -25.40996555686 1205.85962 -1.7829999999999993 -0.2969999999999998 0.9593102855682374 -3.3070345611572267 0.15285729 0.15985729 "" "" 19.68149097191501 "" 3.1357532335492784 ""
109.33133323065 -24.9889946115 0.0129 0.019 18.6762 "" "" 5616516367782659968 1127.42371 0.8482 0.0243 -2.474 6.457 0.018 0.028 0.966 5488.1 4.404 15.201366 0.862785 15.547929 14.685143 "" "" 1100.12659 1153.29846 15645.88657 3.8198 8246.0 11.368 10595.0 8.4309 "" "" 0.0027680413399245344 0.0031663023 0.0038768759 0.007043178 109.33133323065 -24.9889946115 1127.42371 -2.474 6.4570000000000025 0.2683102855682371 3.4469654388427733 0.15485728 0.16485728 "" "" 18.47626400888249 "" 3.0448675111561925 ""
109.50139111231 -25.32180885225 0.0134 0.02 24.2245 "" "" 5616492075447655424 1108.37085 0.8625 0.0254 -2.261 -7.173 0.018 0.028 1.091 5369.3 4.418 15.210409 0.940536 15.592498 14.651961 "" "" 1076.34436 1131.99219 15516.1142 3.7275 7914.4 8.6223 10924.0 9.3819 "" "" 0.002767638369452992 0.0030305414 0.003892714 0.0069232555 109.50139111231 -25.32180885225 1108.37085 -2.261 -7.173 0.4813102855682372 -10.183034561157227 0.15485728 0.16485728 "" "" 53.55810900509445 "" 8.82828662209152 ""
109.22621886923 -25.01427072692 0.0128 0.0192 24.5512 "" "" 5617266647027327744 1301.45825 0.7273 0.0238 -2.174 2.527 0.017 0.026 0.98 6279.5 4.4449 15.210731 0.884912 15.566204 14.681292 "" "" 1265.72205 1347.32654 15511.50882 3.3957 8108.4 9.7238 10633.0 10.066 "" "" 0.0027655529270929117 0.0030790197 0.0039166543 0.006995674 109.22621886923 -25.01427072692 1301.45825 -2.173999999999998 2.527 0.5683102855682374 -0.4830345611572264 0.15385729 0.1628573 "" "" 4.601110989198968 "" 0.7255704252076447 ""
109.65301521709 -24.53361355191 0.0128 0.0182 24.9266 "" "" 5617678895167505920 1128.42371 0.8491 0.0233 -2.463 2.89 0.016 0.024 1.01 5250.1 4.3825 15.213077 0.982952 15.623071 14.640119 "" "" 1104.14783 1160.00623 15478.04384 3.2802 7694.6 10.156 11044.0 10.26 "" "" 0.0027649111097886665 0.0031366665 0.003911665 0.0070483317 109.65301521709 -24.53361355191 1128.42371 -2.462999999999999 2.8900000000000006 0.2793102855682372 -0.12003456115722644 0.15285729 0.16085729 "" "" 1.6260708873574092 "" 0.2506291990268092 ""
109.62859531725 -24.78345575215 0.0131 0.0183 10.1902 "" "" 5616548150542059648 1361.0575 0.7012 0.024 -1.355 -0.245 0.017 0.025 1.036 5456.9 4.3982 15.214903 0.975535 15.619171 14.643636 "" "" 1317.15894 1409.68201 15452.02978 2.9266 7722.3 8.4247 11008.0 10.069 "" "" 0.0027629831979597303 0.0030311828 0.0039076866 0.006938869 109.62859531725 -24.78345575215 1361.0575 -1.355 -0.2449999999999999 1.3873102855682373 -3.2550345611572267 0.15385729 0.16185729 "" "" 22.827318310377088 "" 3.6672862939335777 ""
109.7750362465 -25.28236361439 0.013 0.0173 20.7902 "" "" 5616469398019897984 1384.13049 0.6797 0.0226 -9.224 12.579 0.017 0.023 0.992 5736.9 4.2939 15.22103 1.016023 15.643929 14.627906 "" "" 1346.28247 1431.57971 15365.07103 3.146 7548.2 10.872 11169.0 10.308 "" "" 0.0027642736367891373 0.0031985343 0.0039099627 0.007108497 109.7750362465 -25.28236361439 1384.13049 -9.224000000000007 12.579000000000008 -6.481689714431763 9.568965438842774 0.15385729 0.15985729 "" "" 75.826650449985 "" 11.980212977328343 ""
110.08363825075 -24.71755655053 0.0122 0.0169 26.3673 "" "" 5616910783218343296 1291.00879 0.7369 0.022 1.999 -0.864 0.016 0.021 0.99 5670.8 4.379 15.222539 0.920647 15.592141 14.671494 "" "" 1259.70679 1329.05042 15343.74164 2.9902 7917.0 8.694 10729.0 10.789 "" "" 0.0027634325293029185 0.00303424 0.0039339256 0.0069681657 110.08363825075 -24.71755655053 1291.00879 1.999 -0.8640000000000002 4.741310285568238 -3.8740345611572264 0.15285729 0.15785728 "" "" 37.46749378083122 "" 5.802904777993533 ""
109.15656289716 -25.02911511475 0.0125 0.0186 28.433 "" "" 5617265822393634816 1138.24048 0.848 0.0233 0.139 3.665 0.017 0.025 1.011 5716.5 4.4648 15.224694 0.872765 15.576643 14.703878 "" "" 1103.56677 1175.76611 15313.31238 4.2781 8030.8 11.117 10414.0 11.794 "" "" 0.002771965830720175 0.0031692265 0.0039743767 0.007143603 109.15656289716 -25.02911511475 1138.24048 0.13900000000000012 3.6649999999999987 2.8813102855682375 0.6549654388427735 0.15385729 0.16185729 "" "" 15.941992072520465 "" 2.45921248471299 ""
109.28734354658 -24.91711213617 0.0137 0.0194 21.0036 "" "" 5617267437301274752 1220.67249 0.7815 0.0253 -4.324 -0.207 0.018 0.028 1.038 5550.7 4.3688 15.226015 1.015925 15.566209 14.550283 "" "" 1177.96655 1258.28247 15294.69238 4.0894 8108.4 37.017 11996.0 148.28 "" "" 0.002770570694465834 0.005688028 0.013942559 0.019630587 109.28734354658 -24.91711213617 1220.67249 -4.324 -0.20699999999999974 -1.5816897144317625 -3.2170345611572264 0.15485728 0.16485728 "" "" 20.741820344226888 "" 3.3800594655705325 ""
109.72385633863 -25.17310086802 0.0126 0.0173 13.7577 "" "" 5616517536014944768 1443.53943 0.6554 0.0219 -6.919 9.658 0.017 0.023 0.938 6118.1 4.225 15.229978 0.92929 15.60311 14.67382 "" "" 1404.63965 1492.14551 15238.97148 3.3985 7837.4 8.5165 10706.0 8.9727 "" "" 0.0027659389566493903 0.0030293579 0.003887383 0.006916741 109.72385633863 -25.17310086802 1443.53943 -6.918999999999999 9.657999999999998 -4.176689714431762 6.647965438842773 0.15385729 0.15985729 "" "" 53.72036402953992 "" 8.497612116300688 ""
109.46206054692 -24.78233142504 0.0134 0.0181 15.1665 "" "" 5617293722502257664 1269.81628 0.7446 0.0238 -3.73 5.963 0.018 0.025 1.066 6123.0 4.4031 15.230104 0.825776 15.555007 14.729231 "" "" 1235.55115 1308.76685 15237.20619 3.3433 8192.5 12.842 10173.0 8.7882 "" "" 0.002765599822245803 0.0032682715 0.0038940287 0.0071623 109.46206054692 -24.78233142504 1269.81628 -3.7300000000000004 5.963 -0.9876897144317627 2.9529654388427735 0.15485728 0.16185729 "" "" 18.74153424486477 "" 3.0205118289556556 ""
109.41712729986 -24.6246995081 0.0132 0.0181 23.8828 "" "" 5617305026855830528 1414.27173 0.6655 0.0232 0.483 -0.936 0.016 0.024 1.054 6051.2 4.3297 15.237229 0.853726 15.56718 14.713453 "" "" 1366.22424 1457.89331 15137.53185 3.3428 8101.1 12.286 10322.0 17.692 "" "" 0.0027657322770466256 0.0032398107 0.0042127077 0.0074525187 109.41712729986 -24.6246995081 1414.27173 0.48300000000000004 -0.9359999999999999 3.2253102855682374 -3.9460345611572265 0.15285729 0.16085729 "" "" 34.164815133114566 "" 5.38785906024013 ""
110.16275753034 -24.87971171353 0.0126 0.0184 27.0346 "" "" 5616858556414415488 1016.26575 0.9472 0.024 -3.202 -0.44 0.016 0.023 1.018 4915.3 4.3835 15.239321 1.098955 15.708664 14.609709 "" "" 991.46167 1043.11694 15108.39343 4.0279 7111.3 8.7849 11357.0 9.6262 "" "" 0.0027704828141701747 0.0030958068 0.0038898103 0.006985617 110.16275753034 -24.87971171353 1016.26575 -3.2020000000000004 -0.4400000000000003 -0.45968971443176265 -3.4500345611572265 0.15285729 0.15985729 "" "" 16.76603496783716 "" 2.678169716650647 ""
109.56614381614 -25.26766194807 0.0129 0.0184 19.9798 "" "" 5616493862153960448 1353.79126 0.6994 0.0233 -5.736 2.439 0.017 0.025 1.018 6099.9 4.1552 15.24058 0.848294 15.577059 14.728765 "" "" 1313.99426 1398.979 15090.89801 3.4303 8027.7 10.516 10178.0 8.4859 "" "" 0.002766351129087141 0.0031317594 0.0038862799 0.007018039 109.56614381614 -25.26766194807 1353.79126 -5.736 2.439 -2.9936897144317625 -0.5710345611572265 0.15385729 0.16185729 "" "" 19.556773065498263 "" 3.0145822465718357 ""
109.31836673425 -24.84787824658 0.013 0.0184 20.1643 "" "" 5617292279393287168 1478.22009 0.649 0.0239 -0.211 -1.325 0.017 0.027 1.027 5680.0 4.3272 15.244309 0.867474 15.567712 14.700238 "" "" 1423.79346 1537.27795 15039.14191 3.7506 8097.2 20.436 10449.0 28.409 "" "" 0.0027685928358314534 0.0039107352 0.0047955806 0.008706316 109.31836673425 -24.84787824658 1478.22009 -0.21099999999999994 -1.325 2.5313102855682375 -4.335034561157227 0.15385729 0.16385728 "" "" 35.17371160926141 "" 5.676100694271474 ""
