Clusters/NGC_2362/NGC_2362_members.tsv
# %ECSV 1.0
# ---
# datatype:
# - name: RA_ICRS_1
#   unit: deg
#   datatype: float64
#   format: '{:15.11f}'
#   description: Right ascension (ICRS) at Ep=2016.0 (ra)
#   meta: !!omap
#   - {ucd: POS_EQ_RA_MAIN}
#   - {width: 15}
#   - {precision: '11'}
# - name: DE_ICRS_1
#   unit: deg
#   datatype: float64
#   format: '{:15.11f}'
#   description: Declination (ICRS) at Ep=2016.0 (dec)
#   meta: !!omap
#   - {ucd: POS_EQ_DEC_MAIN}
#   - {width: 15}
#   - {precision: '11'}
# - name: e_RA_ICRS
#   unit: mas
#   datatype: float64
#   format: '{:7.4f}'
#   description: Standard error of right ascension (ra_error)
#   meta: !!omap
#   - {ucd: ERROR}
#   - {width: 7}
#   - {precision: '4'}
# - name: e_DE_ICRS
#   unit: mas
#   datatype: float64
#   format: '{:7.4f}'
#   description: Standard error of declination (dec_error)
#   meta: !!omap
#   - {ucd: ERROR}
#   - {width: 7}
#   - {precision: '4'}
# - name: _r_1
#   unit: ''
#   datatype: float64
#   format: '{:7.4f}'
#   description: Distance from center (109.67180612000-24.94870606000)[ICRS], at Epoch=J2016.0
#   meta: !!omap
#   - {ucd: POS_ANG_DIST_GENERAL}
#   - {width: 7}
#   - {precision: '4'}
# - name: HIP
#   datatype: int32
#   description: '? HIP cross-id number, van Leeuwen, Cat. I/311 (hip_original_ext_source_id)'
#   meta: !!omap
#   - {ucd: ID_NUMBER}
#   - {width: 6}
#   - values: {'null': -2147483648}
# - name: TYC2
#   datatype: string
#   description: Tycho-2 cross-id name, Hog et al., Cat. I/259 (tyc2_original_ext_source_id)
#   meta: !!omap
#   - {ucd: ID_CROSSID}
#   - {_votable_string_dtype: char}
# - name: Source
#   datatype: int64
#   description: Source identifier, identical to the Gaia-EDR3 source_id (id)
#   meta: !!omap
#   - {ucd: ID_MAIN}
#   - {width: 19}
# - name: rgeo
#   unit: pc
#   datatype: float64
#   format: '{:15.8f}'
#   description: '? Median of the geometric distance posterior (r_med_geo)'
#   meta: !!omap
#   - {ucd: PHYS_DISTANCE_TRUE}
#   - {width: 15}
#   - {precision: '8'}
#   - values: {'null': .nan}
# - name: Plx
#   unit: mas
#   datatype: float64
#   format: '{:9.4f}'
#   description: '? Parallax (parallax)'
#   meta: !!omap
#   - {ucd: POS_PARLX_TRIG}
#   - {width: 9}
#   - {precision: '4'}
#   - values: {'null': .nan}
# - name: e_Plx
#   unit: mas
#   datatype: float32
#   format: '{:7.4f}'
#   description: '? Standard error of parallax (parallax_error)'
#   meta: !!omap
#   - {ucd: ERROR}
#   - {width: 7}
#   - {precision: '4'}
#   - values: {'null': .nan}
# - name: pmRA
#   unit: mas / yr
#   datatype: float64
#   format: '{:9.3f}'
#   description: '? Proper motion in right ascension direction, pmRA*cosDE (pmra)'
#   meta: !!omap
#   - {ucd: POS_EQ_PMRA}
#   - {width: 9}
#   - {precision: '3'}
#   - values: {'null': .nan}
# - name: pmDE
#   unit: mas / yr
#   datatype: float64
#   format: '{:9.3f}'
#   description: '? Proper motion in declination direction (pmdec)'
#   meta: !!omap
#   - {ucd: POS_EQ_PMDEC}
#   - {width: 9}
#   - {precision: '3'}
#   - values: {'null': .nan}
# - name: e_pmRA
#   unit: mas / yr
#   datatype: float32
#   format: '{:6.3f}'
#   description: '? Standard error of proper motion in right ascension direction (pmra_error)'
#   meta: !!omap
#   - {ucd: ERROR}
#   - {width: 6}
#   - {precision: '3'}
#   - values: {'null': .nan}
# - name: e_pmDE
[...]
#         unit: &id001 !astropy.units.Unit {unit: deg}
#         value: !astropy.table.SerializedColumn {name: SkyCoord.dec}
#       distance: !astropy.table.SerializedColumn
#         __class__: astropy.coordinates.distances.Distance
#         unit: !astropy.units.Unit {unit: pc}
#         value: !astropy.table.SerializedColumn {name: SkyCoord.distance}
#       frame: icrs
#       obstime: !astropy.time.Time {format: jyear_str, in_subfmt: '*', jd1: 367701545.0, jd2: 0.0, out_subfmt: '*', precision: 3, scale: tt}
#       pm_dec: !astropy.table.SerializedColumn
#         __class__: astropy.units.quantity.Quantity
#         unit: !astropy.units.Unit {unit: mas / yr}
#         value: !astropy.table.SerializedColumn {name: SkyCoord.pm_dec}
#       pm_ra_cosdec: !astropy.table.SerializedColumn
#         __class__: astropy.units.quantity.Quantity
#         unit: !astropy.units.Unit {unit: mas / yr}
#         value: !astropy.table.SerializedColumn {name: SkyCoord.pm_ra_cosdec}
#       ra: !astropy.table.SerializedColumn
#         __class__: astropy.coordinates.angles.Longitude
#         unit: *id001
#         value: !astropy.table.SerializedColumn {name: SkyCoord.ra}
#         wrap_angle: !astropy.coordinates.Angle
#           unit: *id001
#           value: 360.0
#       representation_type: spherical
# schema: astropy-2.0
RA_ICRS_1 DE_ICRS_1 e_RA_ICRS e_DE_ICRS _r_1 HIP TYC2 Source rgeo Plx e_Plx pmRA pmDE e_pmRA e_pmDE RUWE Teff logg Gmag BP-RP BPmag RPmag RV e_RV b_rgeo B_rgeo FG e_FG FBP e_FBP FRP e_FRP RAVE5 RAVE6 e_Gmag e_BPmag e_RPmag e_BP-RP SkyCoord.ra SkyCoord.dec SkyCoord.distance SkyCoord.pm_ra_cosdec SkyCoord.pm_dec Pmemb
109.67113002584 -25.0031571278 0.0219 0.0323 3.2673 "" 6541-4206-1 5616525026437853952 1261.79114 0.7932 0.0381 -2.798 3.072 0.028 0.041 1.215 19819.6 4.041 8.745402 -0.248617 8.646096 8.894713 "" "" 1204.93591 1316.09436 5981164.20476 2472.3 4753100.0 4669.2 2194200.0 1283.2 "" "" 0.0027916301166961708 0.0029870758 0.0038323484 0.006819424 109.67113002584 -25.0031571278 1261.79114 -2.7979999999999987 3.071999999999999 0.8
109.70759145519 -24.96350735362 0.017 0.0247 2.1397 "" 6541-4220-1 5616531073751723136 1316.66858 0.7497 0.03 -2.622 3.045 0.021 0.031 1.088 "" "" 9.297044 -0.189745 9.218244 9.407989 "" "" 1248.00879 1367.29761 3598562.43988 977.57 2806200.0 1346.5 1367600.0 460.57 "" "" 0.0027710616713906683 0.00283839 0.0037970282 0.006635418 109.70759145519 -24.96350735362 1316.66858 -2.6220000000000008 3.045 0.8
109.64977602984 -24.99302931211 0.0196 0.0278 2.9169 "" 6541-4228-1 5616525090847458816 1308.5564 0.7602 0.0339 -2.885 2.881 0.025 0.035 1.231 "" "" 9.806545 -0.118619 9.754322 9.872941 "" "" 1246.57068 1352.13147 2250756.26946 664.4 1712700.0 694.28 891210.0 263.17 "" "" 0.002773897697076489 0.00282467 0.0037929567 0.0066176266 109.64977602984 -24.99302931211 1308.5564 -2.885 2.8810000000000002 0.9
109.67013168668 -24.97427543659 0.0207 0.0307 1.5369 "" "" 5616525228292081408 1235.61511 0.7961 0.0366 -2.995 3.524 0.026 0.04 1.478 9999.8 3.8234 10.411326 -0.074402 10.375676 10.450078 "" "" 1180.28979 1281.66858 1289485.04466 463.98 966380.0 665.57 523750.0 374.1 "" "" 0.00278287809532245 0.0028886353 0.003858127 0.0067467624 109.67013168668 -24.97427543659 1235.61511 -2.995 3.523999999999999 0.9
109.72175266603 -24.9564367334 0.0142 0.0214 2.7564 "" "" 5616531103807341312 1281.20178 0.7721 0.0249 -2.644 3.147 0.018 0.029 1.182 9999.8 3.426 10.492805 -0.008494 10.468101 10.476595 33.52 13.59 1230.96033 1343.19666 1196256.77334 1678.7 887520.0 3383.5 511120.0 2533.0 "" "" 0.003148518353697556 0.0049917633 0.006575361 0.011567124 109.72175266603 -24.9564367334 1281.20178 -2.644 3.1470000000000002 1.0
109.66168491994 -24.93763933558 0.0089 0.0123 0.8626 "" "" 5616537086705980672 1230.04346 0.796 0.0164 -2.783 3.079 0.012 0.017 0.975 11675.4 3.8297 10.526547 0.143665 10.56715 10.423485 41.24 5.81 1203.98645 1254.49377 1159653.44873 451.49 810130.0 878.0 536740.0 521.9 "" "" 0.0027875570901297582 0.0030281446 0.0039240625 0.006952207 109.66168491994 -24.93763933558 1230.04346 -2.7829999999999995 3.078999999999999 0.8
109.70074593426 -24.89006550032 0.0078 0.0114 3.8548 "" "" 5616543340172815360 1274.35974 0.7691 0.0141 -2.597 3.044 0.01 0.015 1.049 8111.7 3.4684 10.661953 0.453423 10.824165 10.370742 34.68 0.92 1250.38562 1298.74805 1023683.46396 234.9 639370.0 369.28 563460.0 297.99 "" "" 0.00276656097278202 0.0028597703 0.003822752 0.0066825226 109.70074593426 -24.89006550032 1274.35974 -2.597 3.0439999999999996 1.0
109.67974964242 -24.89857828141 0.0358 0.05 3.0386 "" "" 5616543305818569600 1233.82959 0.796 0.0643 -3.208 3.441 0.047 0.067 1.326 12737.4 3.7661 10.793445 -0.010044 10.780701 10.790745 "" "" 1141.88757 1366.43835 906920.04516 216.72 665480.0 254.56 382700.0 136.23 "" "" 0.0027675086080626086 0.0028209107 0.0037990923 0.006620003 109.67974964242 -24.89857828141 1233.82959 -3.208 3.441 1.0
109.71300528162 -24.83117118578 0.0133 0.0191 7.4 "" "" 5616544714567757312 1240.53381 0.7835 0.0243 -2.74 2.962 0.018 0.026 1.081 9998.7 4.0325 11.009839 -0.062868 10.978188 11.041056 "" "" 1209.27563 1280.06311 743037.92147 191.98 554810.0 195.24 303900.0 72.452 "" "" 0.0027695636579885825 0.0028162084 0.0037882356 0.0066044442 109.71300528162 -24.83117118578 1240.53381 -2.74 2.962 0.8
109.64338092241 -24.95751289143 0.0137 0.0193 1.6341 "" "" 5616536949267070208 1227.18555 0.778 0.0243 -2.966 3.314 0.018 0.024 1.254 10882.0 3.9135 11.114283 0.07878 11.134505 11.055725 21.96 12.18 1194.81775 1265.61316 674891.39643 220.4 480410.0 195.99 299830.0 105.98 "" "" 0.0027780405498729808 0.0028251098 0.0037988166 0.0066239266 109.64338092241 -24.95751289143 1227.18555 -2.966 3.314 1.0
109.64278589959 -24.94585431536 0.0143 0.0203 1.588 "" "" 5616537258504706944 1223.40881 0.7895 0.0258 -2.639 3.231 0.019 0.027 1.13 "" "" 11.144483 -0.023704 11.1293 11.153004 "" "" 1178.77734 1261.33142 656377.68623 226.74 482720.0 190.85 274130.0 68.9 "" "" 0.0027807297689610134 0.002822997 0.003789221 0.006612218 109.64278589959 -24.94585431536 1223.40881 -2.6390000000000002 3.231 0.9
109.68611354833 -24.96043955021 0.0114 0.0181 1.0495 "" "" 5616525266950749440 1252.18298 0.7651 0.0221 -2.812 2.933 0.015 0.021 1.229 12855.4 3.7781 11.167644 0.392494 11.300128 10.907634 31.8 3.88 1220.97449 1289.43787 642523.73756 200.56 412440.0 245.03 343640.0 136.01 "" "" 0.0027760847915614113 0.0028637594 0.0038037337 0.006667493 109.68611354833 -24.96043955021 1252.18298 -2.8119999999999994 2.932999999999999 0.9
109.770559158 -24.93751336819 0.0147 0.0204 5.4143 "" "" 5616531348629536768 1169.58862 0.8063 0.0259 -3.023 2.903 0.019 0.026 1.284 9999.1 3.7985 11.304862 0.021762 11.304166 11.282404 "" "" 1130.84741 1205.50842 566241.61635 186.81 410910.0 163.67 243330.0 62.785 "" "" 0.002778505875953392 0.0028234855 0.0037897506 0.006613236 109.770559158 -24.93751336819 1169.58862 -3.023 2.903 0.8
109.70768283168 -24.98924480511 0.0146 0.0204 3.1184 "" "" 5616524992078053376 1211.23804 0.7839 0.0255 -2.571 3.044 0.019 0.027 1.21 "" "" 11.311295 -0.021111 11.297892 11.319002 "" "" 1176.84692 1244.79993 562896.6066 189.56 413300.0 231.32 235270.0 75.284 "" "" 0.0027794738787766896 0.0028555768 0.003795317 0.006650894 109.70768283168 -24.98924480511 1211.23804 -2.571 3.043999999999999 0.8
109.63778319444 -25.0158431936 0.0134 0.0197 4.4329 "" "" 5616524682840518656 1222.6593 0.7717 0.0239 -2.826 2.887 0.017 0.026 1.149 "" "" 11.364953 0.02222 11.36613 11.34391 18.87 15.48 1194.93774 1268.88379 535754.21958 220.42 388120.0 160.0 229930.0 58.539 "" "" 0.002791294421250634 0.002825842 0.003789477 0.0066153193 109.63778319444 -25.0158431936 1222.6593 -2.8260000000000005 2.8870000000000005 0.9
109.66351028669 -24.94822123984 0.0103 0.0155 0.4522 "" "" 5616537086705986304 1251.44104 0.7595 0.0184 -2.728 2.916 0.014 0.02 1.145 "" "" 11.566915 0.393019 11.706215 11.313196 36.16 28.17 1220.83508 1274.56177 444816.69652 116.66 283750.0 129.76 236530.0 68.506 "" "" 0.0027699950399526748 0.002834003 0.0037924415 0.0066264444 109.66351028669 -24.94822123984 1251.44104 -2.7279999999999998 2.916000000000001 0.9
109.62762777055 -24.93819718786 0.0112 0.0157 2.4848 "" "" 5616537224144983040 1262.34619 0.7421 0.0196 -2.805 2.952 0.015 0.021 1.223 9046.1 3.9729 11.695296 0.237023 11.774812 11.537788 38.09 7.06 1234.35754 1303.72852 395210.3782 100.08 266370.0 111.11 192330.0 49.686 "" "" 0.002769004020586808 0.0028266867 0.0037897755 0.006616462 109.62762777055 -24.93819718786 1262.34619 -2.805 2.952 0.9
109.64842655951 -24.92285830174 0.018 0.025 2.0058 "" "" 5616537361583893760 1159.60303 0.8073 0.0321 -2.839 3.395 0.025 0.034 1.618 "" "" 11.908439 0.050739 11.916182 11.865443 36.9 31.1 1111.0426 1206.10559 324766.42729 89.411 233850.0 100.68 142230.0 46.269 "" "" 0.0027714866252853037 0.002829055 0.0037958503 0.0066249054 109.64842655951 -24.92285830174 1159.60303 -2.838999999999999 3.395000000000001 1.0
109.71992554559 -24.92003449678 0.0104 0.0141 3.1327 "" "" 5616543065300366208 1174.74341 0.8019 0.0181 -2.524 3.081 0.013 0.019 1.175 9388.7 4.1027 11.996957 0.184308 12.060171 11.875863 "" "" 1148.24878 1197.4021 299339.44788 62.747 204810.0 86.561 140870.0 46.112 "" "" 0.002764703717361751 0.0028276518 0.0037960554 0.0066237072 109.71992554559 -24.92003449678 1174.74341 -2.524 3.0810000000000004 0.9
109.70710437439 -24.97686653 0.0104 0.0146 2.5576 "" "" 5616524992078044672 1140.79456 0.8271 0.0179 -2.553 2.91 0.013 0.019 1.0 "" "" 12.02981 0.044557 12.041495 11.996939 "" "" 1119.13232 1161.51953 290417.54824 55.227 208360.0 97.187 126000.0 38.396 "" "" 0.0027630451445159834 0.002835757 0.003793836 0.006629593 109.70710437439 -24.97686653 1140.79456 -2.552999999999999 2.91 0.8
109.69015804902 -24.81619436295 0.0112 0.0167 8.0132 "" 6541-4062-1 5616544950776214528 1113.5647 0.8496 0.0217 -2.882 3.049 0.015 0.022 1.143 "" "" 12.039137 0.063798 12.0575 11.993702 "" "" 1085.26135 1139.82727 287933.34896 56.559 205310.0 73.744 126380.0 47.671 "" "" 0.0027635619031896675 0.0028172915 0.0038015067 0.0066187982 109.69015804902 -24.81619436295 1113.5647 -2.8820000000000006 3.049 0.8
109.68021755223 -24.98499661944 0.0115 0.0165 2.225 "" "" 5616525163877112320 1207.50049 0.7929 0.0206 -2.542 2.663 0.015 0.022 1.572 "" "" 12.074745 0.640886 12.317906 11.67702 12.57 7.96 1178.12366 1237.75098 278643.2987 44.919 161530.0 79.563 169180.0 43.812 "" "" 0.00276087376651625 0.0028409588 0.0037898263 0.006630785 109.68021755223 -24.98499661944 1207.50049 -2.5420000000000003 2.6629999999999994 1.0
109.80259292513 -24.86583310008 0.0102 0.0143 8.6822 "" "" 5616533302824912256 1167.63672 0.8052 0.0175 -2.78 3.039 0.013 0.019 1.026 "" "" 12.107738 0.094996 12.138849 12.043853 "" "" 1146.94678 1191.70288 270303.35239 58.297 190490.0 94.759 120670.0 40.588 "" "" 0.0027652525960669212 0.002841963 0.003796985 0.006638948 109.80259292513 -24.86583310008 1167.63672 -2.7800000000000002 3.0389999999999993 0.8
109.72794830663 -24.93836134043 0.0102 0.0145 3.1168 "" "" 5616531206886718208 1116.1272 0.849 0.0182 -2.626 2.989 0.013 0.019 0.953 "" "" 12.133461 0.039268 12.145944 12.106675 "" "" 1095.37292 1139.20654 263974.62007 51.426 189250.0 112.3 113890.0 42.747 "" "" 0.0027634269960578593 0.0028635873 0.0038012888 0.006664876 109.72794830663 -24.93836134043 1116.1272 -2.626 2.988999999999999 0.9
109.72736740438 -24.95807420478 0.0093 0.0132 3.0743 "" "" 5616530897649072384 1121.44873 0.8501 0.0168 -2.611 3.528 0.012 0.018 1.001 9978.8 4.3475 12.192282 0.141192 12.237799 12.096606 "" "" 1103.4928 1144.25745 250054.14015 43.169 173900.0 79.29 114950.0 42.921 "" "" 0.002761688460330449 0.002833746 0.0038010627 0.0066348086 109.72736740438 -24.95807420478 1121.44873 -2.6110000000000007 3.527999999999999 1.0
109.67540217713 -24.81686688144 0.009 0.013 7.9128 "" 6541-3629-1 5616545023805434496 1129.51953 0.8414 0.0169 -2.752 2.856 0.012 0.017 0.964 "" "" 12.257928 0.104397 12.293222 12.188826 "" "" 1107.83899 1154.8075 235383.18584 38.279 165240.0 55.915 105590.0 33.829 "" "" 0.0027609718029295675 0.0028142547 0.0037953558 0.0066096103 109.67540217713 -24.81686688144 1129.51953 -2.7520000000000002 2.856 1.0
109.81227696679 -24.95184105834 0.0121 0.0172 7.644 "" "" 5616530558355512960 1186.79822 0.816 0.022 -2.695 3.311 0.016 0.023 1.959 7714.9 3.8018 12.290677 0.529138 12.485312 11.956175 42.88 19.11 1159.39978 1218.35132 228389.4415 79.484 138450.0 142.83 130820.0 89.441 "" "" 0.0027811087104405025 0.0030065991 0.0038515914 0.0068581905 109.81227696679 -24.95184105834 1186.79822 -2.6949999999999994 3.311 0.9
109.64791092705 -24.98315095471 0.0086 0.0127 2.4414 "" "" 5616536846187867904 1183.58374 0.8162 0.0158 -2.738 3.023 0.011 0.018 1.301 7111.7 3.6432 12.35464 0.598945 12.580543 11.981598 30.91 25.6 1160.36304 1203.99951 215323.20037 38.114 126820.0 56.616 127800.0 43.232 "" "" 0.002762014522071432 0.0028319578 0.003797186 0.006629144 109.64791092705 -24.98315095471 1183.58374 -2.738 3.023 1.0
109.71744554507 -24.9315070688 0.007 0.0098 2.6889 "" "" 5616531279910116864 1175.70081 0.8238 0.0128 -2.69 3.218 0.009 0.013 1.051 "" "" 12.406041 0.564621 12.617235 12.052614 37.51 26.14 1159.61072 1193.48267 205366.78736 39.477 122610.0 65.882 119710.0 45.04 "" "" 0.0027632133940964716 0.002850509 0.0038013945 0.0066519035 109.71744554507 -24.9315070688 1175.70081 -2.69 3.218 1.0
109.64448301968 -24.93661150138 0.0099 0.0135 1.6542 "" "" 5616537254200630144 1233.50183 0.7703 0.0183 -2.622 2.923 0.013 0.018 1.047 "" "" 12.4266 0.118224 12.466399 12.348175 "" "" 1203.23816 1260.95044 201514.61753 47.504 140880.0 68.788 91178.0 27.789 "" "" 0.0027671822561309285 0.0028400868 0.0037938408 0.0066339276 109.64448301968 -24.93661150138 1233.50183 -2.622 2.923 0.8
109.67209541362 -24.95726337572 0.0074 0.0111 0.5137 "" "" 5616537013682475520 1181.42505 0.8117 0.0138 -2.954 2.943 0.009 0.015 0.985 7898.8 3.9076 12.591348 0.370874 12.718678 12.347803 "" "" 1162.58435 1204.39685 173144.13543 33.372 111670.0 104.57 91209.0 49.886 "" "" 0.0027632556310598472 0.0029696359 0.0038257504 0.0067953863 109.67209541362 -24.95726337572 1181.42505 -2.9540000000000015 2.9429999999999996 0.9
109.60001944191 -24.91080125498 0.0088 0.0118 4.5198 "" "" 5616538358016636032 1142.75598 0.8359 0.0154 -2.951 3.071 0.012 0.016 0.963 9594.2 4.2485 12.626163 0.138855 12.674733 12.535878 "" "" 1123.69678 1163.77332 167680.15815 35.596 116280.0 47.936 76702.0 30.299 "" "" 0.002764943584556772 0.0028258425 0.0038036394 0.006629482 109.60001944191 -24.91080125498 1142.75598 -2.951 3.071000000000001 0.9
109.72952728755 -24.94569690867 0.0086 0.0122 3.1453 "" "" 5616531211190636672 1196.0636 0.8017 0.0152 -2.603 2.987 0.011 0.016 0.977 9367.6 4.2259 12.739799 0.168055 12.79987 12.631815 "" "" 1172.07385 1225.04016 151017.47558 29.278 103630.0 60.346 70215.0 26.636 "" "" 0.002763348852324988 0.0028609065 0.0038017584 0.006662665 109.72952728755 -24.94569690867 1196.0636 -2.603 2.9870000000000005 0.9
109.69367724358 -24.88681113092 0.0078 0.0112 3.8997 "" "" 5616543340178282880 1218.7384 0.7983 0.014 -2.851 3.07 0.01 0.015 1.031 6164.5 3.8548 12.913262 0.781283 13.221851 12.440568 35.96 2.81 1197.19812 1237.78992 128718.76063 25.991 70255.0 32.953 83740.0 29.426 "" "" 0.002764028292832808 0.0028362647 0.0037985903 0.0066348547 109.69367724358 -24.88681113092 1218.7384 -2.851 3.0700000000000007 0.8
109.61934722502 -24.95478005562 0.0068 0.0094 2.8769 "" "" 5616537189785268864 1144.01208 0.837 0.012 -2.661 2.783 0.009 0.013 1.036 6433.7 4.0565 13.27446 0.66674 13.530563 12.863823 40.01 3.83 1129.35327 1157.30334 92291.72216 18.843 52868.0 26.847 56706.0 22.664 "" "" 0.002764222866003071 0.002844123 0.0038042124 0.0066483356 109.61934722502 -24.95478005562 1144.01208 -2.660999999999999 2.783 0.8
109.67832000257 -24.97198198541 0.0079 0.0102 1.4408 "" "" 5616525228292217600 1215.89197 0.7844 0.0133 -2.813 2.889 0.01 0.014 1.08 5641.3 3.6057 13.388333 0.919998 13.725944 12.805945 38.83 3.47 1200.57922 1235.45679 83102.36867 92.192 44161.0 293.03 59811.0 327.96 "" "" 0.0030070902752770607 0.007725823 0.007051705 0.014777528 109.67832000257 -24.97198198541 1215.89197 -2.813 2.8889999999999985 0.8
109.63381388118 -24.93125647116 0.0076 0.0104 2.317 "" "" 5616537327224185472 1239.13293 0.7675 0.0133 -2.993 2.873 0.01 0.014 1.021 7028.8 4.0659 13.651221 0.577674 13.86902 13.291346 "" "" 1219.02417 1259.51709 65231.6273 17.151 38709.0 26.572 38249.0 22.985 "" "" 0.0027700687110463382 0.0028879982 0.0038352862 0.0067232847 109.63381388118 -24.93125647116 1239.13293 -2.9929999999999986 2.873 0.9
109.50734686985 -24.94330162804 0.0076 0.0108 8.9528 "" "" 5616540694478707200 1257.19531 0.7577 0.0143 -2.607 2.851 0.01 0.016 0.993 6777.6 4.092 13.793289 0.676289 14.052876 13.376588 27.17 16.36 1236.35425 1282.37634 57230.96756 10.829 32679.0 14.238 35361.0 13.174 "" "" 0.0027629683920915955 0.0028299862 0.0038009665 0.0066309525 109.50734686985 -24.94330162804 1257.19531 -2.607 2.851 0.9
109.61679897005 -25.02496687483 0.0131 0.0186 5.4668 "" "" 5616524579761342976 1333.00061 0.7088 0.0231 -2.626 3.195 0.017 0.025 1.738 6625.9 4.0828 13.927538 0.721528 14.203608 13.482079 19.38 6.53 1287.73633 1375.96997 50574.49272 10.262 28443.0 16.802 32087.0 13.484 "" "" 0.0027641135639276553 0.0028629366 0.003806823 0.0066697598 109.61679897005 -25.02496687483 1333.00061 -2.626 3.1949999999999994 0.9
