Clusters/NGC_2362/NGC_2362_stars_in_region.tsv
# %ECSV 1.0
# ---
# datatype:
# - name: RA_ICRS_1
#   unit: deg
#   datatype: float64
#   format: '{:15.11f}'
#   description: Right ascension (ICRS) at Ep=2016.0 (ra)
#   meta: !!omap
#   - {ucd: POS_EQ_RA_MAIN}
#   - {width: 15}
#   - {precision: '11'}
# - name: DE_ICRS_1
#   unit: deg
#   datatype: float64
#   format: '{:15.11f}'
#   description: Declination (ICRS) at Ep=2016.0 (dec)
#   meta: !!omap
#   - {ucd: POS_EQ_DEC_MAIN}
#   - {width: 15}
#   - {precision: '11'}
# - name: e_RA_ICRS
#   unit: mas
#   datatype: float64
#   format: '{:7.4f}'
#   description: Standard error of right ascension (ra_error)
#   meta: !!omap
#   - {ucd: ERROR}
#   - {width: 7}
#   - {precision: '4'}
# - name: e_DE_ICRS
#   unit: mas
#   datatype: float64
#   format: '{:7.4f}'
#   description: Standard error of declination (dec_error)
#   meta: !!omap
#   - {ucd: ERROR}
#   - {width: 7}
#   - {precision: '4'}
# - name: _r_1
#   unit: ''
#   datatype: float64
#   format: '{:7.4f}'
#   description: Distance from center (109.67180612000-24.94870606000)[ICRS], at Epoch=J2016.0
#   meta: !!omap
#   - {ucd: POS_ANG_DIST_GENERAL}
#   - {width: 7}
#   - {precision: '4'}
# - name: HIP
#   datatype: int32
#   description: '? HIP cross-id number, van Leeuwen, Cat. I/311 (hip_original_ext_source_id)'
#   meta: !!omap
#   - {ucd: ID_NUMBER}
#   - {width: 6}
#   - values: {'null': -2147483648}
# - name: TYC2
#   datatype: string
#   description: Tycho-2 cross-id name, Hog et al., Cat. I/259 (tyc2_original_ext_source_id)
#   meta: !!omap
#   - {ucd: ID_CROSSID}
#   - {_votable_string_dtype: char}
# - name: Source
#   datatype: int64
#   description: Source identifier, identical to the Gaia-EDR3 source_id (id)
#   meta: !!omap
#   - {ucd: ID_MAIN}
#   - {width: 19}
# - name: rgeo
#   unit: pc
#   datatype: float64
#   format: '{:15.8f}'
#   description: '? Median of the geometric distance posterior (r_med_geo)'
#   meta: !!omap
#   - {ucd: PHYS_DISTANCE_TRUE}
#   - {width: 15}
#   - {precision: '8'}
#   - values: {'null': .nan}
# - name: Plx
#   unit: mas
#   datatype: float64
#   format: '{:9.4f}'
#   description: '? Parallax (parallax)'
#   meta: !!omap
#   - {ucd: POS_PARLX_TRIG}
#   - {width: 9}
#   - {precision: '4'}
#   - values: {'null': .nan}
# - name: e_Plx
#   unit: mas
#   datatype: float32
#   format: '{:7.4f}'
#   description: '? Standard error of parallax (parallax_error)'
#   meta: !!omap
#   - {ucd: ERROR}
#   - {width: 7}
#   - {precision: '4'}
#   - values: {'null': .nan}
# - name: pmRA
#   unit: mas / yr
#   datatype: float64
#   format: '{:9.3f}'
#   description: '? Proper motion in right ascension direction, pmRA*cosDE (pmra)'
#   meta: !!omap
#   - {ucd: POS_EQ_PMRA}
#   - {width: 9}
#   - {precision: '3'}
#   - values: {'null': .nan}
# - name: pmDE
#   unit: mas / yr
#   datatype: float64
#   format: '{:9.3f}'
#   description: '? Proper motion in declination direction (pmdec)'
#   meta: !!omap
#   - {ucd: POS_EQ_PMDEC}
#   - {width: 9}
#   - {precision: '3'}
#   - values: {'null': .nan}
# - name: e_pmRA
#   unit: mas / yr
#   datatype: float32
#   format: '{:6.3f}'
#   description: '? Standard error of proper motion in right ascension direction (pmra_error)'
#   meta: !!omap
#   - {ucd: ERROR}
#   - {width: 6}
#   - {precision: '3'}
#   - values: {'null': .nan}
# - name: e_pmDE
[...]
#         unit: &id001 !astropy.units.Unit {unit: deg}
#         value: !astropy.table.SerializedColumn {name: SkyCoord.dec}
#       distance: !astropy.table.SerializedColumn
#         __class__: astropy.coordinates.distances.Distance
#         unit: !astropy.units.Unit {unit: pc}
#         value: !astropy.table.SerializedColumn {name: SkyCoord.distance}
#       frame: icrs
#       obstime: !astropy.time.Time {format: jyear_str, in_subfmt: '*', jd1: 367701545.0, jd2: 0.0, out_subfmt: '*', precision: 3, scale: tt}
#       pm_dec: !astropy.table.SerializedColumn
#         __class__: astropy.units.quantity.Quantity
#         unit: !astropy.units.Unit {unit: mas / yr}
#         value: !astropy.table.SerializedColumn {name: SkyCoord.pm_dec}
#       pm_ra_cosdec: !astropy.table.SerializedColumn
#         __class__: astropy.units.quantity.Quantity
#         unit: !astropy.units.Unit {unit: mas / yr}
#         value: !astropy.table.SerializedColumn {name: SkyCoord.pm_ra_cosdec}
#       ra: !astropy.table.SerializedColumn
#         __class__: astropy.coordinates.angles.Longitude
#         unit: *id001
#         value: !astropy.table.SerializedColumn {name: SkyCoord.ra}
#         wrap_angle: !astropy.coordinates.Angle
#           unit: *id001
#           value: 360.0
#       representation_type: spherical
# schema: astropy-2.0
RA_ICRS_1 DE_ICRS_1 e_RA_ICRS e_DE_ICRS _r_1 HIP TYC2 Source rgeo Plx e_Plx pmRA pmDE e_pmRA e_pmDE RUWE Teff logg Gmag BP-RP BPmag RPmag RV e_RV b_rgeo B_rgeo FG e_FG FBP e_FBP FRP e_FRP RAVE5 RAVE6 e_Gmag e_BPmag e_RPmag e_BP-RP SkyCoord.ra SkyCoord.dec SkyCoord.distance SkyCoord.pm_ra_cosdec SkyCoord.pm_dec
[from data line 439]
109.71786792131 -24.49871451999 0.0311 0.0451 27.1159 "" "" 5617679410563514240 1244.4458 0.7878 0.0612 -0.189 0.958 0.04 0.058 3.461 5869.4 4.0327 14.524282 0.936655 14.880683 13.944028 44.58 4.68 1160.92432 1378.06189 29190.01588 17.695 15246.0 11.149 20968.0 14.308 "" "" 0.0028328399238530242 0.0029009373 0.0038513148 0.006752252 109.71786792131 -24.49871451999 1244.4458 -0.18899999999999997 0.9580000000000001
109.94179801596 -24.60483991313 0.0096 0.014 25.3379 "" "" 5616925042509842432 1059.28125 0.9043 0.0176 -2.2 3.609 0.013 0.019 0.997 5647.0 4.3166 14.525518 0.846126 14.866671 14.020545 45.89 4.0 1043.86414 1076.94653 29156.779 5.0459 15444.0 13.473 19541.0 10.584 "" "" 0.0027617196209119253 0.0029465545 0.0038248596 0.006771414 109.94179801596 -24.60483991313 1059.28125 -2.2 3.609
109.95472646916 -25.32157674909 0.0104 0.0135 27.1419 "" "" 5616466129537807488 1432.39917 0.6579 0.0176 -6.385 3.195 0.013 0.016 1.088 5633.1 3.7893 14.532306 0.953791 14.924129 13.970339 16.37 3.81 1401.74243 1465.54578 28975.05641 4.6449 14648.0 14.636 20466.0 17.204 "" "" 0.002760812042189795 0.00299365 0.0038880226 0.006881673 109.95472646916 -25.32157674909 1432.39917 -6.384999999999998 3.1950000000000003
109.91602582934 -25.00981063306 0.0102 0.0135 13.7792 "" "" 5616526297747869952 1037.72595 0.9212 0.0178 -7.436 9.058 0.014 0.018 1.033 5804.4 4.3449 14.532472 0.832882 14.866487 14.033605 34.65 6.36 1017.57489 1055.7251 28970.64115 6.081 15446.0 13.052 19307.0 11.598 "" "" 0.002764729111624261 0.002937137 0.0038352464 0.006772383 109.91602582934 -25.00981063306 1037.72595 -7.436 9.058
109.23803871291 -24.62984503924 0.0096 0.014 30.4022 "" "" 5617311623925768576 1284.51831 0.7401 0.0185 -1.764 5.942 0.012 0.019 0.97 6673.9 4.2599 14.536721 0.78024 14.841753 14.061513 21.8 6.76 1250.34009 1314.75366 28857.46518 5.0496 15802.0 13.499 18817.0 11.068 "" "" 0.002761862475919382 0.0029402897 0.0038329575 0.0067732474 109.23803871291 -24.62984503924 1284.51831 -1.764 5.942
109.99511154763 -24.63138570592 0.016 0.0213 25.9351 "" "" 5616923973051480064 1139.39539 0.8364 0.0277 -6.507 5.502 0.02 0.029 1.77 5570.3 4.3061 14.538965 0.832516 14.871161 14.038645 77.79 7.06 1108.87512 1173.93945 28797.87713 4.3895 15380.0 10.159 19218.0 10.833 "" "" 0.002760285718156683 0.0028808634 0.0038286152 0.006709479 109.99511154763 -24.63138570592 1139.39539 -6.507000000000001 5.502
109.86457748869 -24.86837954202 0.0102 0.0131 11.5446 "" "" 5616533547652634496 1240.68359 0.7677 0.017 -1.571 5.493 0.013 0.017 0.992 6135.0 4.2071 14.548996 0.772664 14.850759 14.078095 "" "" 1212.70068 1271.24719 28533.05422 5.7247 15672.0 15.494 18532.0 12.976 "" "" 0.0027639178232387075 0.0029895226 0.0038550838 0.0068446063 109.86457748869 -24.86837954202 1240.68359 -1.5710000000000002 5.493
109.525400505 -24.92479262668 0.01 0.014 8.0936 "" "" 5616540728838414464 1209.81079 0.7833 0.0183 1.862 -6.154 0.013 0.02 0.976 5307.0 4.1956 14.551744 1.002114 14.969668 13.967554 34.8 4.43 1182.86267 1234.70459 28460.91145 4.5163 14046.0 10.024 20518.0 13.84 "" "" 0.002760701542749998 0.0028957601 0.0038496857 0.0067454455 109.525400505 -24.92479262668 1209.81079 1.862 -6.154
109.39438958666 -25.12749842553 0.0094 0.0142 18.507 "" "" 5616511145102444288 1136.23474 0.8398 0.0185 -8.874 4.941 0.012 0.019 0.898 6069.9 4.306 14.556466 0.778715 14.862362 14.083647 -3.73 5.11 1111.61096 1160.25549 28337.41228 5.2221 15505.0 11.43 18437.0 11.314 "" "" 0.002762575328426503 0.0029026994 0.0038376611 0.0067403605 109.39438958666 -25.12749842553 1136.23474 -8.874 4.941
109.95068227667 -25.25805701914 0.0107 0.0141 23.9603 "" "" 5616467680032812160 1255.99866 0.7602 0.0191 -2.153 2.953 0.014 0.018 1.069 6309.8 4.3304 14.561856 0.752096 14.847755 14.095658 "" "" 1225.02808 1284.29065 28197.08942 6.0916 15715.0 12.881 18235.0 11.934 "" "" 0.002765286087690876 0.002928658 0.003845599 0.006774257 109.95068227667 -25.25805701914 1255.99866 -2.153 2.9529999999999994
109.49880822667 -24.78449422264 0.0401 0.0548 13.6296 "" "" 5617293481984085376 1467.7229 0.6425 0.0715 -3.623 4.045 0.053 0.079 4.059 6636.0 4.0266 14.567175 0.723846 14.82892 14.105074 30.48 6.66 1323.62854 1620.63208 28059.29646 16.497 15990.0 10.999 18077.0 10.188 "" "" 0.002828297745630265 0.0028883943 0.0038285977 0.006716992 109.49880822667 -24.78449422264 1467.7229 -3.623 4.045
109.71757922309 -25.1020049579 0.0097 0.013 9.5286 "" "" 5616520284793971712 1385.79675 0.6827 0.0172 1.699 -2.035 0.013 0.017 0.976 "" "" 14.572593 1.16175 15.073375 13.911625 36.58 9.31 1352.03601 1411.38855 27919.62482 4.3476 12766.0 10.267 21603.0 11.563 "" "" 0.0027605024492820983 0.0029236148 0.0038238005 0.0067474153 109.71757922309 -25.1020049579 1385.79675 1.6989999999999996 -2.035
109.61676971278 -24.59431081014 0.0106 0.0153 21.4741 "" "" 5617303343228450432 1397.38245 0.6822 0.0193 3.193 -2.834 0.013 0.02 1.152 5808.2 3.9752 14.573657 0.851728 14.913676 14.061948 41.18 5.85 1362.61011 1436.43958 27892.27815 4.217 14789.0 10.041 18810.0 10.499 "" "" 0.0027602056087937007 0.0028859063 0.0038276599 0.0067135664 109.61676971278 -24.59431081014 1397.38245 3.193000000000001 -2.834
109.32577084109 -24.94034056246 0.0104 0.0138 18.832 "" "" 5617290630125858688 1472.48108 0.6435 0.0191 0.392 4.858 0.013 0.019 0.914 6304.2 4.1895 14.577175 0.857956 14.920146 14.06219 72.53 8.64 1429.83789 1514.18933 27802.04908 5.1301 14701.0 12.429 18805.0 12.818 "" "" 0.0027625941726173845 0.0029372878 0.003851159 0.0067884466 109.32577084109 -24.94034056246 1472.48108 0.3919999999999999 4.857999999999999
109.5267404837 -24.69116348243 0.0094 0.0138 17.3548 "" "" 5617301041126101632 1227.38062 0.7787 0.0181 1.282 -6.817 0.012 0.019 0.98 6014.0 4.2479 14.580607 0.837351 14.914182 14.076831 -12.21 14.22 1201.06958 1257.54089 27714.28722 5.0045 14782.0 11.971 18554.0 9.2574 "" "" 0.0027622866545008304 0.0029254335 0.0038180086 0.0067434423 109.5267404837 -24.69116348243 1227.38062 1.2820000000000003 -6.817
109.77726575149 -24.87461736248 0.0101 0.014 7.2592 "" "" 5616531864025559552 1401.06726 0.6803 0.0181 -3.657 2.065 0.013 0.018 1.059 "" "" 14.583042 1.330406 15.182126 13.85172 38.97 2.31 1360.75928 1434.6925 27652.20654 4.1645 11550.0 9.6688 22828.0 11.281 "" "" 0.0027601678450366444 0.002934475 0.0038172773 0.0067517525 109.77726575149 -24.87461736248 1401.06726 -3.657 2.065
109.29608591053 -24.71298378476 0.0096 0.0141 24.8718 "" "" 5617298361066750208 1458.73657 0.6462 0.0176 -2.717 1.951 0.013 0.02 1.007 6757.4 4.286 14.593021 0.781711 14.89462 14.112909 34.29 8.83 1420.73206 1492.64856 27399.20802 4.9739 15051.0 19.548 17947.0 23.879 "" "" 0.0027623608064905646 0.0031262652 0.00404606 0.0071723256 109.29608591053 -24.71298378476 1458.73657 -2.7169999999999996 1.951
109.58130598472 -24.60693085395 0.0095 0.0138 21.0908 "" "" 5617303274508995072 1395.59729 0.6814 0.0171 -2.945 4.217 0.012 0.018 0.975 6457.5 4.2436 14.593749 0.732785 14.878083 14.145298 "" "" 1367.5166 1431.65771 27380.85582 5.2765 15282.0 14.782 17420.0 10.078 "" "" 0.0027632528755151056 0.0029812742 0.0038312238 0.006812498 109.58130598472 -24.60693085395 1395.59729 -2.945 4.217
109.94963630238 -24.86900946452 0.0098 0.014 15.8573 "" "" 5616907931360269696 1164.92261 0.8207 0.0176 3.845 -4.074 0.012 0.017 1.016 "" "" 14.596365 0.817087 14.921457 14.10437 -7.68 4.54 1142.04431 1184.77087 27314.97102 4.7044 14684.0 11.79 18089.0 11.122 "" "" 0.0027616582300076264 0.0029231836 0.003837886 0.0067610694 109.94963630238 -24.86900946452 1164.92261 3.8449999999999998 -4.074
109.45128510472 -24.68426394134 0.0146 0.0236 19.8991 "" "" 5617300938037699456 1031.00635 0.9327 0.0293 1.149 1.974 0.018 0.03 1.596 "" "" 14.597259 0.847798 14.682595 13.834797 "" "" 996.310181 1067.47485 27292.48239 8.6416 18297.0 16.847 23187.0 18.189 "" "" 0.002776683498745721 0.002963855 0.0038741613 0.006838016 109.45128510472 -24.68426394134 1031.00635 1.149 1.9739999999999998
109.99701704193 -24.54676661997 0.0202 0.028 29.9269 "" "" 5616931119877555968 1134.70215 0.8448 0.0365 -3.153 3.911 0.026 0.038 2.188 5879.0 4.3662 14.601716 0.741529 14.852132 14.110602 136.01 9.16 1091.63647 1186.33337 27180.68156 7.1893 15652.0 51.806 17985.0 76.859 "" "" 0.0027702455457097636 0.004549647 0.005984346 0.010533993 109.99701704193 -24.54676661997 1134.70215 -3.153 3.9110000000000005
109.76743651088 -24.67184480653 0.0101 0.0151 17.409 "" "" 5616925832783996288 1382.98413 0.6848 0.0193 -1.706 2.845 0.013 0.02 0.991 "" "" 14.604883 0.796148 14.916367 14.120218 82.31 6.94 1338.07764 1435.776 27101.51854 4.7751 14753.0 11.308 17827.0 10.041 "" "" 0.0027619530749173633 0.0029116338 0.003828538 0.006740172 109.76743651088 -24.67184480653 1382.98413 -1.706 2.845
109.39525169603 -24.73326752689 0.0094 0.0136 19.8452 "" "" 5617294787653880320 1164.39502 0.8251 0.0171 2.319 -1.191 0.012 0.018 0.982 5585.1 4.2517 14.605084 0.84742 14.943698 14.096278 17.89 9.32 1139.45972 1191.45435 27096.48044 4.3583 14386.0 11.133 18224.0 10.681 "" "" 0.0027608488557464934 0.002913937 0.003832579 0.0067465156 109.39525169603 -24.73326752689 1164.39502 2.319 -1.1909999999999998
110.02204252366 -25.18571804953 0.0102 0.0143 23.7604 "" "" 5616473864785617664 1078.57593 0.8951 0.0195 -5.427 15.174 0.013 0.019 1.033 6102.2 4.3304 14.608096 0.737583 14.893628 14.156045 "" "" 1052.62512 1098.09998 27021.43268 5.4736 15065.0 9.7972 17248.0 12.967 "" "" 0.0027640838652170157 0.0028781253 0.0038665226 0.006744648 110.02204252366 -25.18571804953 1078.57593 -5.427 15.174
109.9499904998 -24.59354560762 0.0124 0.0168 26.1492 "" "" 5616925076869567488 1171.45056 0.8239 0.0221 0.323 -9.078 0.016 0.022 1.304 5671.5 4.011 14.608134 0.846706 14.947056 14.100349 12.69 6.25 1143.11877 1203.18872 27020.47173 4.8026 14342.0 13.045 18156.0 9.1304 "" "" 0.002762069859827635 0.0029597806 0.0038186181 0.0067783985 109.9499904998 -24.59354560762 1171.45056 0.32299999999999995 -9.078
109.60792845802 -25.34914567212 0.0124 0.0177 24.2756 "" "" 5616492350325475584 1120.33203 0.8594 0.0222 9.24 4.011 0.017 0.024 1.325 5387.2 4.1908 14.613758 0.908684 14.982314 14.07363 19.56 5.27 1093.76611 1154.15649 26880.87208 4.2131 13883.0 11.604 18608.0 9.3989 "" "" 0.0027605700853848497 0.0029340435 0.0038189625 0.006753006 109.60792845802 -25.34914567212 1120.33203 9.239999999999998 4.011
109.55989025583 -24.65505686745 0.0096 0.0134 18.6436 "" "" 5617302656033752576 1198.5083 0.7897 0.017 -1.165 0.68 0.012 0.017 1.01 5829.2 4.3072 14.618924 0.806982 14.93828 14.131298 65.55 3.91 1174.55042 1219.80603 26753.27846 4.4915 14458.0 13.057 17646.0 10.231 "" "" 0.002761343034580463 0.002957445 0.0038314485 0.0067888936 109.55989025583 -24.65505686745 1198.5083 -1.165 0.6800000000000002
109.67234977968 -24.7474427005 0.0097 0.0145 12.0758 "" "" 5616549799809027200 1387.40613 0.6845 0.0189 -5.316 3.45 0.013 0.019 0.994 6261.0 4.2449 14.619173 0.853816 14.959441 14.105625 48.9 4.86 1344.53906 1425.422 26747.16064 4.7528 14179.0 11.528 18068.0 13.198 "" "" 0.0027620663952926654 0.0029264786 0.0038616988 0.0067881774 109.67234977968 -24.7474427005 1387.40613 -5.316 3.4500000000000006
109.65733035812 -24.89553747999 0.0105 0.014 3.2859 "" "" 5616544027373104512 1302.9314 0.7301 0.0186 -2.87 2.935 0.015 0.02 1.037 5530.6 3.9489 14.622932 1.177672 15.12637 13.948698 32.37 12.37 1273.80579 1336.44263 26654.68888 39.832 12158.0 62.345 20878.0 72.894 "" "" 0.003197541654670524 0.006227569 0.00535291 0.011580479 109.65733035812 -24.89553747999 1302.9314 -2.8700000000000006 2.9349999999999996
109.60680554144 -24.67064574155 0.0093 0.0146 17.0551 "" "" 5617301758378786688 1423.1427 0.6613 0.0175 -3.208 4.508 0.012 0.019 1.008 "" "" 14.624908 0.789405 14.927228 14.137823 67.51 4.25 1385.76904 1453.01599 26606.25199 4.9519 14606.0 12.141 17540.0 8.9123 "" "" 0.002762720341500787 0.0029324999 0.0038194337 0.0067519336 109.60680554144 -24.67064574155 1423.1427 -3.208 4.508
109.39153713206 -24.54706220118 0.0099 0.0138 28.5301 "" "" 5617317705599269504 1249.38025 0.7637 0.0178 -3.515 4.031 0.013 0.019 1.0 6196.0 4.2392 14.637075 0.771066 14.936556 14.16549 "" "" 1215.85864 1273.59717 26309.74365 5.0755 14481.0 13.134 17099.0 9.4469 "" "" 0.002763269793482173 0.0029588453 0.003826689 0.0067855343 109.39153713206 -24.54706220118 1249.38025 -3.5149999999999997 4.031
109.61430576706 -24.58813090258 0.0112 0.0159 21.8601 "" "" 5617303411948456192 1335.4552 0.7109 0.0203 -0.673 8.049 0.014 0.021 1.161 5989.5 4.1645 14.650893 0.906707 14.996225 14.089519 6.8 10.34 1303.45056 1369.01575 25977.01851 5.0503 13707.0 13.051 18338.0 26.004 "" "" 0.002763393786378177 0.002975523 0.004080949 0.007056472 109.61430576706 -24.58813090258 1335.4552 -0.673 8.049000000000001
109.54798090281 -24.77524485245 0.0102 0.0148 12.4 "" "" 5616548803376795008 1432.5061 0.6579 0.0188 -1.927 3.659 0.013 0.02 1.012 6330.3 4.2124 14.659154 0.823068 14.983039 14.159971 "" "" 1397.34351 1470.34363 25780.14334 5.3497 13874.0 14.014 17186.0 10.149 "" "" 0.002764516445202724 0.002997963 0.003833383 0.006831346 109.54798090281 -24.77524485245 1432.5061 -1.927 3.659
109.83420962214 -25.25041798376 0.0106 0.0144 20.1388 "" "" 5616470600610682240 992.581665 0.9711 0.0185 -2.014 10.794 0.013 0.018 1.01 5834.3 4.521 14.659718 0.817129 14.985519 14.16839 "" "" 976.567261 1008.83337 25766.75346 5.5878 13842.0 11.816 17053.0 11.178 "" "" 0.002765362151796685 0.002940076 0.0038458058 0.0067858817 109.83420962214 -25.25041798376 992.581665 -2.0139999999999993 10.794
109.40970119849 -25.07786626767 0.01 0.0152 16.2221 "" "" 5616511866656904448 1473.97058 0.6402 0.0196 0.835 3.317 0.013 0.021 1.019 6463.9 4.2559 14.661214 0.787208 14.96989 14.182682 "" "" 1430.31738 1512.51587 25731.27864 5.0987 14043.0 12.94 16830.0 11.572 "" "" 0.002763706729220984 0.0029641127 0.0038524067 0.0068165194 109.40970119849 -25.07786626767 1473.97058 0.835 3.3169999999999997
109.74989755453 -24.51633969418 0.0102 0.0155 26.2887 "" "" 5617680063398525696 1281.85559 0.7393 0.0203 -1.16 -0.444 0.013 0.02 1.031 6370.6 4.4798 14.667787 0.774509 14.970319 14.195809 "" "" 1253.60388 1312.43054 25575.96221 4.7418 14037.0 11.942 16628.0 10.135 "" "" 0.002762663489771877 0.0029390908 0.0038368828 0.0067759734 109.74989755453 -24.51633969418 1281.85559 -1.16 -0.44400000000000006
109.34352165385 -24.67004238118 0.0832 0.1218 24.4789 "" "" 5617299013901714816 1089.37866 0.9294 0.1523 -2.056 2.442 0.104 0.17 8.664 5921.9 3.6999 14.669428 0.909548 15.016337 14.10679 68.72 6.11 940.88385 1239.40234 25537.32888 22.073 13455.0 10.575 18049.0 11.227 "" "" 0.0029107514444833543 0.0029177445 0.0038392495 0.006756994 109.34352165385 -24.67004238118 1089.37866 -2.056 2.4420000000000006
109.7016501324 -25.14836060742 0.01 0.0145 12.0886 "" "" 5616518395008414080 1234.33167 0.7697 0.0182 -0.891 -3.876 0.013 0.019 1.034 5529.3 4.2678 14.680678 0.911027 15.050908 14.139881 63.46 5.08 1205.88428 1261.51184 25274.09095 4.3187 13033.0 10.996 17507.0 11.036 "" "" 0.002761559129627826 0.002936695 0.0038408542 0.006777549 109.7016501324 -25.14836060742 1234.33167 -0.8910000000000001 -3.8760000000000003
109.98759384971 -25.0750983277 0.0102 0.014 18.7705 "" "" 5616478743868191104 1349.81042 0.7089 0.0185 -3.665 3.23 0.013 0.017 1.029 5497.7 4.2281 14.683316 0.937446 15.067386 14.12994 101.37 7.26 1314.55627 1382.41541 25212.76007 7.3525 12837.0 17.917 17668.0 18.767 "" "" 0.0027734523431276396 0.0031751334 0.0039514257 0.007126559 109.98759384971 -25.0750983277 1349.81042 -3.6650000000000005 3.23
