Clusters/UBC_342/UBC_342_members.tsv
# %ECSV 1.0
# ---
# datatype:
# - name: RA_ICRS_1
#   unit: deg
#   datatype: float64
#   format: '{:15.11f}'
#   description: Right ascension (ICRS) at Ep=2016.0 (ra)
#   meta: !!omap
#   - {ucd: POS_EQ_RA_MAIN}
#   - {width: 15}
#   - {precision: '11'}
# - name: DE_ICRS_1
#   unit: deg
#   datatype: float64
#   format: '{:15.11f}'
#   description: Declination (ICRS) at Ep=2016.0 (dec)
#   meta: !!omap
#   - {ucd: POS_EQ_DEC_MAIN}
#   - {width: 15}
#   - {precision: '11'}
# - name: e_RA_ICRS
#   unit: mas
#   datatype: float64
#   format: '{:7.4f}'
#   description: Standard error of right ascension (ra_error)
#   meta: !!omap
#   - {ucd: ERROR}
#   - {width: 7}
#   - {precision: '4'}
# - name: e_DE_ICRS
#   unit: mas
#   datatype: float64
#   format: '{:7.4f}'
#   description: Standard error of declination (dec_error)
#   meta: !!omap
#   - {ucd: ERROR}
#   - {width: 7}
#   - {precision: '4'}
# - name: _r_1
#   unit: ''
#   datatype: float64
#   format: '{:7.4f}'
#   description: Distance from center (273.87000693000-14.90879431000)[ICRS], at Epoch=J2016.0
#   meta: !!omap
#   - {ucd: POS_ANG_DIST_GENERAL}
#   - {width: 7}
#   - {precision: '4'}
# - name: HIP
#   datatype: int32
#   description: '? HIP cross-id number, van Leeuwen, Cat. I/311 (hip_original_ext_source_id)'
#   meta: !!omap
#   - {ucd: ID_NUMBER}
#   - {width: 6}
#   - values: {'null': -2147483648}
# - name: TYC2
#   datatype: string
#   description: Tycho-2 cross-id name, Hog et al., Cat. I/259 (tyc2_original_ext_source_id)
#   meta: !!omap
#   - {ucd: ID_CROSSID}
#   - {_votable_string_dtype: char}
# - name: Source
#   datatype: int64
#   description: Source identifier, identical to the Gaia-EDR3 source_id (id)
#   meta: !!omap
#   - {ucd: ID_MAIN}
#   - {width: 19}
# - name: rgeo
#   unit: pc
#   datatype: float64
#   format: '{:15.8f}'
#   description: '? Median of the geometric distance posterior (r_med_geo)'
#   meta: !!omap
#   - {ucd: PHYS_DISTANCE_TRUE}
#   - {width: 15}
#   - {precision: '8'}
#   - values: {'null': .nan}
# - name: Plx
#   unit: mas
#   datatype: float64
#   format: '{:9.4f}'
#   description: '? Parallax (parallax)'
#   meta: !!omap
#   - {ucd: POS_PARLX_TRIG}
#   - {width: 9}
#   - {precision: '4'}
#   - values: {'null': .nan}
# - name: e_Plx
#   unit: mas
#   datatype: float32
#   format: '{:7.4f}'
#   description: '? Standard error of parallax (parallax_error)'
#   meta: !!omap
#   - {ucd: ERROR}
#   - {width: 7}
#   - {precision: '4'}
#   - values: {'null': .nan}
# - name: pmRA
#   unit: mas / yr
#   datatype: float64
#   format: '{:9.3f}'
#   description: '? Proper motion in right ascension direction, pmRA*cosDE (pmra)'
#   meta: !!omap
#   - {ucd: POS_EQ_PMRA}
#   - {width: 9}
#   - {precision: '3'}
#   - values: {'null': .nan}
# - name: pmDE
#   unit: mas / yr
#   datatype: float64
#   format: '{:9.3f}'
#   description: '? Proper motion in declination direction (pmdec)'
#   meta: !!omap
#   - {ucd: POS_EQ_PMDEC}
#   - {width: 9}
#   - {precision: '3'}
#   - values: {'null': .nan}
# - name: e_pmRA
#   unit: mas / yr
#   datatype: float32
#   format: '{:6.3f}'
#   description: '? Standard error of proper motion in right ascension direction (pmra_error)'
#   meta: !!omap
#   - {ucd: ERROR}
#   - {width: 6}
#   - {precision: '3'}
#   - values: {'null': .nan}
# - name: e_pmDE
[...]
#       distance: !astropy.table.SerializedColumn
#         __class__: astropy.coordinates.distances.Distance
#         unit: !astropy.units.Unit {unit: pc}
#         value: !astropy.table.SerializedColumn {name: SkyCoord.distance}
#       frame: icrs
#       obstime: !astropy.time.Time {format: jyear_str, in_subfmt: '*', jd1: 367701545.0, jd2: 0.0, out_subfmt: '*', precision: 3, scale: tt}
#       pm_dec: !astropy.table.SerializedColumn
#         __class__: astropy.units.quantity.Quantity
#         unit: !astropy.units.Unit {unit: mas / yr}
#         value: !astropy.table.SerializedColumn {name: SkyCoord.pm_dec}
#       pm_ra_cosdec: !astropy.table.SerializedColumn
#         __class__: astropy.units.quantity.Quantity
#         unit: !astropy.units.Unit {unit: mas / yr}
#         value: !astropy.table.SerializedColumn {name: SkyCoord.pm_ra_cosdec}
#       ra: !astropy.table.SerializedColumn
#         __class__: astropy.coordinates.angles.Longitude
#         unit: *id001
#         value: !astropy.table.SerializedColumn {name: SkyCoord.ra}
#         wrap_angle: !astropy.coordinates.Angle
#           unit: *id001
#           value: 360.0
#       representation_type: spherical
# schema: astropy-2.0
RA_ICRS_1 DE_ICRS_1 e_RA_ICRS e_DE_ICRS _r_1 HIP TYC2 Source rgeo Plx e_Plx pmRA pmDE e_pmRA e_pmDE RUWE Teff logg Gmag BP-RP BPmag RPmag RV e_RV b_rgeo B_rgeo FG e_FG FBP e_FBP FRP e_FRP RAVE5 RAVE6 e_Gmag e_BPmag e_RPmag e_BP-RP SkyCoord.ra SkyCoord.dec SkyCoord.distance SkyCoord.pm_ra_cosdec SkyCoord.pm_dec rmRA rmDE e_rmRA e_rmDE rRV e_rRV v_pec v_pec3d e_vpec e_vpec3d Pmemb
273.79796419512 -14.97565241113 0.0192 0.0174 5.7909 "" 5688-335-1 4146227806855438848 1657.0376 0.5744 0.0201 -0.081 -1.148 0.023 0.017 0.903 "" "" 9.93587 0.508723 10.111077 9.602354 "" "" 1606.53296 1726.33533 1998015.46143 1348.0 1233100.0 1811.2 1143400.0 1596.8 "" "" 0.0028510287203428685 0.003213763 0.0040721986 0.007285962 273.79796419512 -14.97565241113 1657.0376 -0.08099999999999995 -1.148 0.07874999964237213 -0.06791066932678214 0.11967587 0.11367586 "" "" 0.8167558800736906 "" 0.0956866171179214 "" 0.87
273.86446492242 -15.00292620557 0.0261 0.0232 5.657 "" 6264-145-1 4146224813239879552 1486.69263 0.6355 0.0301 -0.007 -1.206 0.03 0.023 0.99 6794.0 2.7811 11.400137 0.759162 11.688811 10.929649 "" "" 1426.07568 1552.03015 518671.05186 232.43 288330.0 283.91 336740.0 181.97 "" "" 0.002797948717307504 0.002987977 0.0038246524 0.0068126293 273.86446492242 -15.00292620557 1486.69263 -0.007000000000000013 -1.2059999999999993 0.15274999964237213 -0.1259106693267822 0.12667586 0.11967587 "" "" 1.3949714665392288 "" 0.17282513566631236 "" 0.87
273.87930483311 -15.08464199719 0.0133 0.0113 10.5646 "" 6264-208-1 4146211447301657216 1618.60632 0.5687 0.0147 -0.225 -1.21 0.018 0.013 0.798 "" "" 11.943811 0.57544 12.152482 11.577042 "" "" 1577.47607 1661.51843 314356.39763 225.11 188120.0 451.74 185500.0 323.03 "" "" 0.002862915575227419 0.0038187236 0.0042259297 0.008044654 273.87930483311 -15.08464199719 1618.60632 -0.22499999999999998 -1.2100000000000006 -0.06525000035762787 -0.1299106693267822 0.114675865 0.10967587 "" "" 1.1153571744379516 "" 0.12347148492105067 "" 0.91
273.98302432677 -14.96982894694 0.0154 0.0123 7.5058 "" "" 4146225603513860224 1547.03113 0.6081 0.0157 -0.166 -1.221 0.02 0.014 0.938 "" "" 12.043186 0.767767 12.335022 11.567255 "" "" 1515.17017 1582.89221 286861.58609 83.161 159000.0 252.69 187180.0 130.0 "" "" 0.00277323992008208 0.00328061 0.0038538733 0.007134483 273.98302432677 -14.96982894694 1547.03113 -0.16600000000000004 -1.2210000000000008 -0.006250000357627877 -0.1409106693267823 0.11667587 0.110675864 "" "" 1.0343036282087634 "" 0.11448496200922345 "" 0.92
274.16134859573 -15.07112261716 0.0162 0.0142 19.4933 "" 6265-268-1 4146208801601818112 1521.10547 0.622 0.0167 -0.072 -1.195 0.021 0.017 0.989 6201.9 3.3299 12.102407 0.66595 12.348118 11.682168 -40.71 30.6 1487.85022 1554.4729 271634.04825 330.38 157100.0 654.89 168380.0 585.78 "" "" 0.0030554269044501888 0.005316945 0.0053433008 0.010660246 274.16134859573 -15.07112261716 1521.10547 -0.07199999999999997 -1.1949999999999998 0.08774999964237214 -0.11491066932678229 0.11767586 0.11367586 -38.215 31.557238 1.0424561961561825 38.229215790032946 0.12005488836669324 31.54550302474315 0.92
273.73587257542 -15.02728301219 0.0139 0.0129 10.5353 "" "" 4146221617784212480 1623.99829 0.5891 0.0164 -0.212 -1.131 0.017 0.013 0.926 "" "" 12.494789 0.750636 12.780098 12.029462 54.62 34.2 1585.15857 1669.99524 189247.83911 60.984 105530.0 120.12 122290.0 109.1 "" "" 0.0027774448447398193 0.0030516158 0.0039015345 0.00695315 273.73587257542 -15.02728301219 1623.99829 -0.21200000000000008 -1.1309999999999998 -0.05225000035762786 -0.05091066932678223 0.11367586 0.10967587 57.114999999999995 35.157238 0.5615645224579284 57.117760632861675 0.06275240720606781 35.155538781757464 0.84
273.8834812241 -14.61268821191 0.0144 0.013 17.7836 "" "" 4146449702040696448 1564.3783 0.6041 0.0177 -0.151 -1.056 0.018 0.014 0.885 7301.8 3.7442 12.968344 0.724696 13.243636 12.51894 "" "" 1520.20483 1624.52954 122351.5392 33.801 68859.0 64.478 77908.0 27.4 "" "" 0.002771598375951839 0.0029696198 0.0037986229 0.0067682425 273.8834812241 -14.61268821191 1564.3783 -0.151 -1.0560000000000007 0.008749999642372136 0.024089330673217724 0.114675865 0.110675864 "" "" 0.19004479781871794 "" 0.021123386183748587 "" 0.94
274.1877247096 -15.10896335161 0.0152 0.0133 21.9835 "" "" 4146208359243029760 1520.60999 0.6175 0.0172 -0.347 -0.918 0.018 0.014 1.205 "" "" 13.103057 0.814964 13.399502 12.584537 "" "" 1479.23816 1555.16797 108074.68604 38.582 59651.0 104.48 73340.0 392.82 "" "" 0.0027824492919969095 0.0033766066 0.0069355746 0.010312181 274.1877247096 -15.10896335161 1520.60999 -0.3469999999999998 -0.918 -0.18725000035762784 0.16208933067321774 0.114675865 0.110675864 "" "" 1.785057395557261 "" 0.20167544887847674 "" 0.86
274.05685090035 -14.68149480272 0.0155 0.014 17.4206 "" "" 4146257940347424768 1515.07349 0.6173 0.0177 -0.322 -1.028 0.019 0.015 0.945 10567.2 3.7508 13.230422 1.060612 13.664459 12.603848 "" "" 1478.18958 1556.91602 96112.08684 24.543 46734.0 48.479 72048.0 81.817 "" "" 0.0027692341562067435 0.0030089112 0.0039754114 0.0069843223 274.05685090035 -14.68149480272 1515.07349 -0.322 -1.028 -0.16225000035762788 0.05208933067321775 0.11567587 0.111675866 "" "" 1.2237651765930744 "" 0.14110990275741056 "" 0.86
274.01242355838 -14.94898759709 0.0137 0.0117 8.6016 "" "" 4146226050193109632 1533.64355 0.613 0.0147 -0.139 -1.101 0.018 0.014 0.935 "" "" 13.232484 0.866394 13.571123 12.704729 "" "" 1497.27307 1565.30554 95929.6892 22.333 50929.0 40.813 65655.0 36.066 "" "" 0.0027668899433863684 0.0029226842 0.0038261532 0.0067488374 274.01242355838 -14.94898759709 1533.64355 -0.13899999999999993 -1.1010000000000002 0.02074999964237212 -0.020910669326782205 0.114675865 0.110675864 "" "" 0.21414958909208257 "" 0.02412998765517893 "" 0.96
273.58549385357 -14.77654600147 0.0154 0.013 18.3099 "" "" 4146422420406704128 1525.24536 0.612 0.0157 -0.371 -1.102 0.02 0.014 0.97 "" "" 13.234317 0.829704 13.555211 12.725507 "" "" 1491.85876 1572.35034 95767.87496 22.073 51681.0 45.295 64410.0 37.624 "" "" 0.0027666608177982716 0.002947973 0.003832226 0.006780199 273.58549385357 -14.77654600147 1525.24536 -0.371 -1.1020000000000008 -0.21125000035762787 -0.021910669326782317 0.11667587 0.110675864 "" "" 1.5354592440214774 "" 0.17905548376604394 "" 0.84
273.88305177464 -15.26087098584 0.0138 0.0126 21.1381 "" "" 4146200349106172032 1387.36108 0.6749 0.0163 -0.188 -0.989 0.019 0.015 0.989 9098.9 4.0353 13.307015 0.608346 13.535645 12.927299 "" "" 1361.09143 1427.46851 89565.46791 33.356 52621.0 49.449 53486.0 37.835 "" "" 0.002784831856520241 0.0029708645 0.00385663 0.0068274946 273.88305177464 -15.26087098584 1387.36108 -0.18799999999999994 -0.9889999999999999 -0.02825000035762787 0.09108933067321778 0.11567587 0.111675866 "" "" 0.6271581171963778 "" 0.07026212869423205 "" 0.95
274.09756135699 -15.06090683494 0.0155 0.0132 16.0389 "" "" 4146209767992422272 1455.00439 0.6465 0.0168 -0.052 -1.232 0.019 0.014 1.085 "" "" 13.390274 0.862858 13.726477 12.863619 "" "" 1410.82874 1497.17651 82953.98361 24.271 44139.0 39.922 56717.0 33.129 "" "" 0.002773572235293266 0.0029579357 0.0038322217 0.0067901574 274.09756135699 -15.06090683494 1455.00439 -0.052 -1.232 0.10774999964237214 -0.1519106693267822 0.11567587 0.110675864 "" "" 1.2844744689269698 "" 0.14434177571948711 "" 0.89
273.99524450911 -14.98180207753 0.0158 0.0131 8.4792 "" "" 4146225539112495872 1512.44128 0.6176 0.0166 0.063 -1.172 0.023 0.016 1.069 7015.9 3.6296 13.494086 1.143415 13.959723 12.816308 "" "" 1476.21436 1552.08081 75389.74459 18.797 35606.0 46.992 59243.0 37.853 "" "" 0.002768586652309117 0.0031366122 0.0038425229 0.006979135 273.99524450911 -14.98180207753 1512.44128 0.06300000000000004 -1.172 0.22274999964237213 -0.09191066932678216 0.11967587 0.11267587 "" "" 1.7274861667644272 "" 0.20502348722010919 "" 0.82
274.13037638769 -15.1496335872 0.0169 0.0144 20.8915 "" "" 4146207873890602496 1522.19189 0.6207 0.0182 -0.214 -1.243 0.021 0.017 0.968 "" "" 13.544202 0.956592 13.926232 12.969641 "" "" 1479.03699 1566.27808 71988.98515 67.061 36722.0 112.87 51440.0 152.38 "" "" 0.002935088464856599 0.004349903 0.004962667 0.00931257 274.13037638769 -15.1496335872 1522.19189 -0.21400000000000002 -1.2429999999999999 -0.054250000357627864 -0.16291066932678233 0.11767586 0.11367586 "" "" 1.238891302280647 "" 0.1413345214029663 "" 0.9
273.82850098929 -15.09992817326 0.0183 0.0146 11.7176 "" "" 4146217224055851136 1505.47852 0.6279 0.0196 -0.15 -1.216 0.025 0.017 0.952 7377.2 3.9067 13.607564 0.718507 13.878862 13.160356 "" "" 1465.16345 1561.62524 67908.05845 60.979 38359.0 146.28 43153.0 118.43 "" "" 0.002922724943960393 0.0049927887 0.0048127375 0.009805527 273.82850098929 -15.09992817326 1505.47852 -0.15000000000000013 -1.216 0.009749999642372137 -0.1359106693267822 0.121675864 0.11367586 "" "" 0.9723466302479121 "" 0.1105735632326169 "" 0.86
273.90886587491 -15.01879295421 0.0208 0.0163 6.9737 "" "" 4146224022965897728 1548.90601 0.6101 0.0229 -0.09 -1.054 0.027 0.018 0.99 "" "" 13.775009 0.705142 14.042594 13.337452 "" "" 1484.84717 1622.44312 58202.70955 21.718 32990.0 39.956 36659.0 32.347 "" "" 0.002784946079801508 0.0030845194 0.0038989156 0.006983435 273.90886587491 -15.01879295421 1548.90601 -0.09000000000000001 -1.0540000000000007 0.06974999964237213 0.026089330673217725 0.12367587 0.114675865 "" "" 0.5467417072205139 "" 0.06703426450790545 "" 0.94
273.82333187832 -14.80700952693 0.0168 0.0146 6.6801 "" "" 4146419426803224832 1528.56482 0.6075 0.0183 -0.061 -1.076 0.02 0.015 0.904 "" "" 13.78471 0.871917 14.129456 13.257539 "" "" 1492.23926 1572.79675 57684.99052 13.359 30453.0 32.039 39459.0 26.179 "" "" 0.0027667691969664025 0.0030149387 0.0038474149 0.0068623535 273.82333187832 -14.80700952693 1528.56482 -0.06099999999999996 -1.076 0.09874999964237213 0.004089330673217706 0.11667587 0.111675866 "" "" 0.7160961915528845 "" 0.08354514675605902 "" 0.94
273.83495454276 -14.86533020267 0.0179 0.0155 3.3064 "" "" 4146231071030662912 1544.82727 0.6017 0.0188 -0.225 -0.905 0.022 0.016 0.869 "" "" 13.812679 0.965878 14.202432 13.236554 "" "" 1501.24768 1588.59802 56217.96437 12.48 28474.0 30.105 40229.0 28.665 "" "" 0.0027658421684613878 0.003017082 0.0038577507 0.006874833 273.83495454276 -14.86533020267 1544.82727 -0.22499999999999992 -0.9049999999999998 -0.06525000035762787 0.17508933067321775 0.118675865 0.11267587 "" "" 1.3682235280318098 "" 0.15519011093992705 "" 0.86
273.83412906402 -14.60126152624 0.0167 0.0142 18.569 "" "" 4146450011278375168 1619.47668 0.577 0.0195 -0.219 -1.083 0.021 0.016 0.92 "" "" 13.829721 0.8314 14.154517 13.323117 "" "" 1566.22327 1677.90137 55342.45015 17.514 29758.0 25.352 37146.0 37.167 "" "" 0.0027766615450881224 0.0029394962 0.0039324146 0.0068719108 273.83412906402 -14.60126152624 1619.47668 -0.21900000000000003 -1.083 -0.05925000035762787 -0.0029106693267821893 0.11767586 0.11267587 "" "" 0.4553704082213044 "" 0.05358074058550487 "" 0.94
273.89731768248 -15.27012064965 0.018 0.0155 21.7372 "" "" 4146200147265655808 1380.73486 0.6806 0.0203 -0.237 -0.963 0.023 0.017 0.984 "" "" 13.951415 0.797624 14.265921 13.468297 "" "" 1344.15186 1419.30713 49474.40511 14.285 26856.0 26.362 32497.0 26.731 "" "" 0.0027730967357678595 0.002986788 0.00388347 0.006870258 273.89731768248 -15.27012064965 1380.73486 -0.237 -0.9630000000000001 -0.07725000035762786 0.1170893306732178 0.11967587 0.11367586 "" "" 0.9180647322139811 "" 0.10606255180265715 "" 0.91
274.14562008332 -14.82476736172 0.017 0.0145 16.7595 "" "" 4146251957436178688 1517.64697 0.6086 0.0191 -0.21 -0.774 0.025 0.017 1.046 5360.2 2.7602 13.986351 2.252667 15.170216 12.917548 74.18 2.11 1461.42944 1566.37476 47907.82936 12.788 11677.0 15.014 53968.0 25.113 "" "" 0.0027705201625135593 0.00311992 0.0038130016 0.0069329217 274.14562008332 -14.82476736172 1517.64697 -0.21 -0.7739999999999997 -0.05025000035762786 0.30608933067321775 0.121675864 0.11367586 76.67500000000001 3.0672367 2.231372955312753 76.70746150320517 0.25413774426853986 3.065947563904273 0.83
273.93342630116 -14.90143955413 0.019 0.0177 3.7035 "" "" 4146227325819050112 1569.33813 0.5986 0.0228 -0.066 -1.097 0.023 0.018 0.952 "" "" 14.003131 0.916052 14.365719 13.449667 "" "" 1516.18921 1622.71326 47173.08008 16.744 24498.0 49.458 33059.0 23.744 "" "" 0.0027821407605441405 0.0035481944 0.0038589933 0.0074071875 273.93342630116 -14.90143955413 1569.33813 -0.066 -1.0969999999999998 0.09374999964237213 -0.0169106693267822 0.11967587 0.114675865 "" "" 0.708629094021965 "" 0.0846964122135544 "" 0.91
273.85789067768 -14.77632472591 0.0178 0.0152 7.9792 "" "" 4146443070611107200 1585.65356 0.5883 0.0194 -0.133 -1.063 0.022 0.016 0.992 "" "" 14.092385 0.953977 14.474834 13.520858 "" "" 1543.60706 1632.66443 43450.30341 10.562 22156.0 37.038 30961.0 14.655 "" "" 0.0027679315181358493 0.003328563 0.0038141632 0.0071427263 273.85789067768 -14.77632472591 1585.65356 -0.133 -1.0629999999999997 0.026749999642372124 0.01708933067321783 0.118675865 0.11267587 "" "" 0.23857909576475703 "" 0.027906239960842304 "" 0.94
273.88903898786 -15.12502236676 0.0207 0.017 13.0205 "" "" 4146205266866804224 1524.08191 0.6192 0.0224 -0.143 -1.279 0.026 0.019 1.004 "" "" 14.19066 0.813734 14.509045 13.695311 "" "" 1473.52161 1572.52246 39690.13404 9.9843 21468.0 19.241 26365.0 15.305 "" "" 0.002768823927373814 0.0029549932 0.0038315759 0.006786569 273.88903898786 -15.12502236676 1524.08191 -0.14299999999999982 -1.279 0.016749999642372143 -0.19891066932678214 0.122675866 0.11567587 "" "" 1.4420459765248892 "" 0.16688312829512794 "" 0.86
273.90954996886 -15.01697530458 0.0227 0.0182 6.8837 "" "" 4146224022968277248 1507.85132 0.6281 0.0251 -0.191 -0.985 0.032 0.021 0.977 "" "" 14.239202 0.966505 14.624127 13.657622 "" "" 1441.93945 1580.74854 37954.71399 12.639 19309.0 31.131 27297.0 48.914 "" "" 0.0027789403670924065 0.0032938176 0.0042507523 0.0075445697 273.90954996886 -15.01697530458 1507.85132 -0.19099999999999998 -0.9849999999999999 -0.03125000035762787 0.09508933067321779 0.12867586 0.11767586 "" "" 0.7153838846274388 "" 0.08498253085936139 "" 0.95
273.69812494775 -15.05189200316 0.0216 0.0205 13.1517 "" "" 4146221171109825792 1695.85522 0.553 0.026 -0.104 -1.129 0.026 0.021 0.917 "" "" 14.3062 0.888009 14.63581 13.747801 "" "" 1629.79968 1768.01782 35683.4517 11.956 19103.0 78.611 25121.0 114.12 "" "" 0.002779231559866279 0.005267582 0.006213797 0.011481378 273.69812494775 -15.05189200316 1695.85522 -0.10400000000000002 -1.1289999999999993 0.055749999642372136 -0.04891066932678223 0.122675866 0.11767586 "" "" 0.5961573957480107 "" 0.07185288667057838 "" 0.81
273.97215004148 -14.88472096266 0.0211 0.0187 6.0962 "" "" 4146227463257982720 1473.58325 0.6399 0.0233 -0.142 -1.156 0.026 0.02 1.005 "" "" 14.355218 1.026785 14.764412 13.737627 "" "" 1427.72327 1532.83838 34108.27185 9.2078 16969.0 20.051 25358.0 89.617 "" "" 0.002770866082220227 0.0030709878 0.005385799 0.008456787 273.97215004148 -14.88472096266 1473.58325 -0.14200000000000002 -1.156 0.017749999642372144 -0.07591066932678214 0.122675866 0.11667587 "" "" 0.5445217395189257 "" 0.06370603578572702 "" 0.93
273.52707875483 -14.94457603506 0.0209 0.0183 19.997 "" "" 4146411528370064384 1709.98108 0.5471 0.0235 -0.185 -1.114 0.029 0.021 1.044 9368.7 3.8074 14.392366 0.987149 14.780901 13.793752 "" "" 1643.7323 1775.36877 32960.99016 10.08 16713.0 25.924 24080.0 24.412 "" "" 0.0027752544049024497 0.0032590327 0.0039364044 0.0071954373 273.52707875483 -14.94457603506 1709.98108 -0.18500000000000003 -1.1139999999999999 -0.025250000357627866 -0.03391066932678233 0.12567586 0.11767586 "" "" 0.34268270600573925 "" 0.041324175693659225 "" 0.89
273.71230529566 -14.74044800222 0.022 0.0184 13.627 "" "" 4146423519918273024 1525.84558 0.6203 0.0236 -0.243 -0.902 0.029 0.02 1.025 "" "" 14.400392 0.934518 14.769216 13.834698 "" "" 1468.03369 1584.65967 32718.25379 8.9134 16894.0 16.761 23189.0 50.58 "" "" 0.0027711511570189056 0.0029908833 0.0044600638 0.007450947 273.71230529566 -14.74044800222 1525.84558 -0.24300000000000016 -0.9020000000000002 -0.08325000035762786 0.17808933067321775 0.12567586 0.11667587 "" "" 1.4218156561342075 "" 0.16825800574304609 "" 0.92
