Clusters/UBC_342/UBC_342_stars_in_region.tsv
# %ECSV 1.0
# ---
# datatype:
# - name: RA_ICRS_1
#   unit: deg
#   datatype: float64
#   format: '{:15.11f}'
#   description: Right ascension (ICRS) at Ep=2016.0 (ra)
#   meta: !!omap
#   - {ucd: POS_EQ_RA_MAIN}
#   - {width: 15}
#   - {precision: '11'}
# - name: DE_ICRS_1
#   unit: deg
#   datatype: float64
#   format: '{:15.11f}'
#   description: Declination (ICRS) at Ep=2016.0 (dec)
#   meta: !!omap
#   - {ucd: POS_EQ_DEC_MAIN}
#   - {width: 15}
#   - {precision: '11'}
# - name: e_RA_ICRS
#   unit: mas
#   datatype: float64
#   format: '{:7.4f}'
#   description: Standard error of right ascension (ra_error)
#   meta: !!omap
#   - {ucd: ERROR}
#   - {width: 7}
#   - {precision: '4'}
# - name: e_DE_ICRS
#   unit: mas
#   datatype: float64
#   format: '{:7.4f}'
#   description: Standard error of declination (dec_error)
#   meta: !!omap
#   - {ucd: ERROR}
#   - {width: 7}
#   - {precision: '4'}
# - name: _r_1
#   unit: ''
#   datatype: float64
#   format: '{:7.4f}'
#   description: Distance from center (273.87000693000-14.90879431000)[ICRS], at Epoch=J2016.0
#   meta: !!omap
#   - {ucd: POS_ANG_DIST_GENERAL}
#   - {width: 7}
#   - {precision: '4'}
# - name: HIP
#   datatype: int32
#   description: '? HIP cross-id number, van Leeuwen, Cat. I/311 (hip_original_ext_source_id)'
#   meta: !!omap
#   - {ucd: ID_NUMBER}
#   - {width: 6}
#   - values: {'null': -2147483648}
# - name: TYC2
#   datatype: string
#   description: Tycho-2 cross-id name, Hog et al., Cat. I/259 (tyc2_original_ext_source_id)
#   meta: !!omap
#   - {ucd: ID_CROSSID}
#   - {_votable_string_dtype: char}
# - name: Source
#   datatype: int64
#   description: Source identifier, identical to the Gaia-EDR3 source_id (id)
#   meta: !!omap
#   - {ucd: ID_MAIN}
#   - {width: 19}
# - name: rgeo
#   unit: pc
#   datatype: float64
#   format: '{:15.8f}'
#   description: '? Median of the geometric distance posterior (r_med_geo)'
#   meta: !!omap
#   - {ucd: PHYS_DISTANCE_TRUE}
#   - {width: 15}
#   - {precision: '8'}
#   - values: {'null': .nan}
# - name: Plx
#   unit: mas
#   datatype: float64
#   format: '{:9.4f}'
#   description: '? Parallax (parallax)'
#   meta: !!omap
#   - {ucd: POS_PARLX_TRIG}
#   - {width: 9}
#   - {precision: '4'}
#   - values: {'null': .nan}
# - name: e_Plx
#   unit: mas
#   datatype: float32
#   format: '{:7.4f}'
#   description: '? Standard error of parallax (parallax_error)'
#   meta: !!omap
#   - {ucd: ERROR}
#   - {width: 7}
#   - {precision: '4'}
#   - values: {'null': .nan}
# - name: pmRA
#   unit: mas / yr
#   datatype: float64
#   format: '{:9.3f}'
#   description: '? Proper motion in right ascension direction, pmRA*cosDE (pmra)'
#   meta: !!omap
#   - {ucd: POS_EQ_PMRA}
#   - {width: 9}
#   - {precision: '3'}
#   - values: {'null': .nan}
# - name: pmDE
#   unit: mas / yr
#   datatype: float64
#   format: '{:9.3f}'
#   description: '? Proper motion in declination direction (pmdec)'
#   meta: !!omap
#   - {ucd: POS_EQ_PMDEC}
#   - {width: 9}
#   - {precision: '3'}
#   - values: {'null': .nan}
# - name: e_pmRA
#   unit: mas / yr
#   datatype: float32
#   format: '{:6.3f}'
#   description: '? Standard error of proper motion in right ascension direction (pmra_error)'
#   meta: !!omap
#   - {ucd: ERROR}
#   - {width: 6}
#   - {precision: '3'}
#   - values: {'null': .nan}
# - name: e_pmDE
[...]
#         unit: &id001 !astropy.units.Unit {unit: deg}
#         value: !astropy.table.SerializedColumn {name: SkyCoord.dec}
#       distance: !astropy.table.SerializedColumn
#         __class__: astropy.coordinates.distances.Distance
#         unit: !astropy.units.Unit {unit: pc}
#         value: !astropy.table.SerializedColumn {name: SkyCoord.distance}
#       frame: icrs
#       obstime: !astropy.time.Time {format: jyear_str, in_subfmt: '*', jd1: 367701545.0, jd2: 0.0, out_subfmt: '*', precision: 3, scale: tt}
#       pm_dec: !astropy.table.SerializedColumn
#         __class__: astropy.units.quantity.Quantity
#         unit: !astropy.units.Unit {unit: mas / yr}
#         value: !astropy.table.SerializedColumn {name: SkyCoord.pm_dec}
#       pm_ra_cosdec: !astropy.table.SerializedColumn
#         __class__: astropy.units.quantity.Quantity
#         unit: !astropy.units.Unit {unit: mas / yr}
#         value: !astropy.table.SerializedColumn {name: SkyCoord.pm_ra_cosdec}
#       ra: !astropy.table.SerializedColumn
#         __class__: astropy.coordinates.angles.Longitude
#         unit: *id001
#         value: !astropy.table.SerializedColumn {name: SkyCoord.ra}
#         wrap_angle: !astropy.coordinates.Angle
#           unit: *id001
#           value: 360.0
#       representation_type: spherical
# schema: astropy-2.0
RA_ICRS_1 DE_ICRS_1 e_RA_ICRS e_DE_ICRS _r_1 HIP TYC2 Source rgeo Plx e_Plx pmRA pmDE e_pmRA e_pmDE RUWE Teff logg Gmag BP-RP BPmag RPmag RV e_RV b_rgeo B_rgeo FG e_FG FBP e_FBP FRP e_FRP RAVE5 RAVE6 e_Gmag e_BPmag e_RPmag e_BP-RP SkyCoord.ra SkyCoord.dec SkyCoord.distance SkyCoord.pm_ra_cosdec SkyCoord.pm_dec
[from data line 5471]
273.55490902708 -14.7966385481 0.0625 0.0538 19.4738 "" "" 4146422282951065472 1664.91626 0.5619 0.0687 2.46 -3.007 0.081 0.054 0.989 5511.4 4.6172 16.699495 1.662634 17.46762 15.804987 "" "" 1501.81299 1900.15527 3936.84725 3.1078 1407.2 10.427 3777.1 71.249 "" "" 0.002885550332069589 0.00851514 0.020826481 0.029341621 273.55490902708 -14.7966385481 1664.91626 2.4600000000000004 -3.0069999999999997
273.80100104331 -14.96309136359 0.07 0.0704 5.1592 "" "" 4146227806855449088 1465.51233 0.6608 0.0785 -3.529 -5.466 0.08 0.059 0.98 5422.5 4.6505 16.699684 1.68012 17.468441 15.788321 "" "" 1304.29382 1645.97559 3936.15972 12.782 1406.2 21.408 3835.6 49.631 "" "" 0.004474666243661645 0.016763095 0.014548432 0.031311527 273.80100104331 -14.96309136359 1465.51233 -3.5290000000000004 -5.466
273.81835731278 -14.97499956277 0.0743 0.0695 4.9744 "" "" 4146227738135944448 1298.83093 0.7532 0.0836 0.601 2.506 0.088 0.063 1.083 4383.5 4.3758 16.700212 1.540961 17.425264 15.884303 "" "" 1194.05688 1448.16162 3934.25165 2.8564 1463.2 9.861 3511.1 11.682 "" "" 0.0028658640364551636 0.007831069 0.005228127 0.013059195 273.81835731278 -14.97499956277 1298.83093 0.601 2.5060000000000002
274.26758845915 -14.69781954289 0.056 0.0515 26.3086 "" "" 4146259310420412032 1780.47815 0.5354 0.0666 -4.958 -7.008 0.073 0.058 1.01 "" "" 16.700327 2.055834 17.728361 15.672527 "" "" 1616.98401 1987.37939 3933.83532 7.0034 1106.8 14.611 4267.2 28.586 "" "" 0.003365712977169857 0.014601987 0.00819667 0.022798657 274.26758845915 -14.69781954289 1780.47815 -4.958 -7.008000000000001
273.71404967604 -14.51706119195 0.0767 0.0703 25.1863 "" "" 4146462445191743616 1404.08679 0.7063 0.0926 -0.213 -0.904 0.101 0.078 1.216 5131.7 4.5274 16.701092 1.564289 17.422207 15.857918 "" "" 1212.27026 1600.12231 3931.06456 4.0847 1467.4 13.376 3597.4 15.583 "" "" 0.0029773403313166844 0.010282751 0.0060335007 0.016316252 273.71404967604 -14.51706119195 1404.08679 -0.21300000000000002 -0.9039999999999999
274.07908593815 -15.04269120104 0.0587 0.0513 14.5397 "" "" 4146212791649906048 1929.18823 0.5092 0.064 -5.42 -2.111 0.073 0.053 0.91 8289.4 4.1071 16.701586 2.47864 18.041595 15.562956 "" "" 1673.71155 2150.94409 3929.27508 3.3581 829.43 13.418 4720.4 9.7362 "" "" 0.002907370778223089 0.017784595 0.0043930304 0.022177625 274.07908593815 -15.04269120104 1929.18823 -5.42 -2.111
274.27567183177 -14.86375473475 0.0747 0.0688 23.6777 "" "" 4146239317369024768 1916.7771 0.5014 0.0833 -0.341 -17.322 0.1 0.076 1.313 4679.6 4.3892 16.701586 1.533009 17.312538 15.779529 "" "" 1703.09448 2282.5105 3929.27327 4.1435 1623.3 18.633 3866.8 42.277 "" "" 0.0029837320610221494 0.012771105 0.01245783 0.025228936 274.27567183177 -14.86375473475 1916.7771 -0.3410000000000002 -17.321999999999996
273.72314488531 -15.30457243067 0.0652 0.0577 25.2245 "" "" 4145826171562484608 1585.12305 0.6151 0.0701 -0.06 -3.703 0.083 0.061 0.873 5269.6 4.633 16.701714 1.441902 17.354979 15.913076 "" "" 1457.95605 1773.63098 3928.81371 2.9366 1561.1 7.5695 3419.2 11.241 "" "" 0.002872347420984318 0.0059582274 0.005198548 0.011156775 273.72314488531 -15.30457243067 1585.12305 -0.06 -3.703
273.56857314967 -14.54912086422 0.0715 0.0591 27.779 "" "" 4146441623190114560 1629.14661 0.6116 0.0756 -3.053 -7.069 0.093 0.062 1.112 8788.5 4.2033 16.702175 2.262714 17.898535 15.63582 "" "" 1450.76282 1824.11157 3927.14141 9.1024 946.24 9.3955 4414.0 34.635 "" "" 0.003731589258816759 0.011135816 0.009320047 0.020455863 273.56857314967 -14.54912086422 1629.14661 -3.0529999999999995 -7.068999999999999
273.64308290984 -15.37542234572 0.0714 0.0621 30.929 "" "" 4145824011234004736 1760.32983 0.5827 0.0723 0.567 -1.142 0.095 0.069 1.125 5277.7 4.5201 16.70251 1.472912 17.329508 15.856596 "" "" 1519.80652 2029.83093 3925.92765 4.6684 1598.1 10.925 3601.8 21.416 "" "" 0.0030428034793219755 0.007929466 0.007480624 0.01541009 273.64308290984 -15.37542234572 1760.32983 0.5670000000000001 -1.142
273.58216427117 -15.34652085797 0.0656 0.0598 31.1084 "" "" 4145825072050711936 1530.50464 0.6504 0.0724 -0.037 0.385 0.1 0.074 1.008 5231.0 4.7278 16.70312 1.233643 17.231852 15.998208 "" "" 1386.88794 1728.78296 3923.72978 3.173 1748.5 7.2598 3161.4 13.713 "" "" 0.002891829209467687 0.0053016087 0.0060384916 0.0113401 273.58216427117 -15.34652085797 1530.50464 -0.037 0.38499999999999995
274.24732361519 -15.27157246722 0.07 0.0563 30.8476 "" "" 4146156162483836032 1722.89197 0.5568 0.0691 0.314 -2.505 0.091 0.062 1.034 4905.9 4.3379 16.703201 1.536679 17.421474 15.884795 "" "" 1537.19019 1942.85144 3923.42982 3.9947 1468.3 9.8038 3509.5 20.541 "" "" 0.002968809296093607 0.007767837 0.007393712 0.01516155 274.24732361519 -15.27157246722 1722.89197 0.31399999999999995 -2.5050000000000003
274.00122492263 -15.18558363939 0.1088 0.1044 18.265 "" "" 4146206774378804224 1352.66077 0.7638 0.1261 -0.658 -1.819 0.129 0.102 1.56 5983.7 4.6999 16.70404 1.610471 17.423685 15.813214 "" "" 1189.13989 1607.94995 3920.40295 6.8303 1465.4 8.395 3748.6 26.894 "" "" 0.003342156023572864 0.006817124 0.008657962 0.015475086 274.00122492263 -15.18558363939 1352.66077 -0.6579999999999999 -1.819
274.22443304796 -14.53821952822 0.074 0.0712 30.2883 "" "" 4146266629044808192 1661.72754 0.5998 0.0715 -0.348 -4.27 0.084 0.069 1.065 6039.0 4.4995 16.704075 1.77558 17.566578 15.790997 "" "" 1453.83252 1847.66394 3920.27975 3.1643 1284.7 11.167 3826.1 14.938 "" "" 0.002891332650604916 0.009841357 0.0056791375 0.015520494 274.22443304796 -14.53821952822 1661.72754 -0.34799999999999986 -4.2700000000000005
274.1624220399 -14.48951244617 0.0626 0.0605 30.3459 "" "" 4146454679894838016 1632.50232 0.5915 0.0667 0.241 -5.401 0.073 0.063 0.961 5085.4 4.6682 16.704214 1.377341 17.32891 15.95157 "" "" 1497.15918 1858.2207 3919.77554 3.0439 1599.0 9.3829 3300.1 12.088 "" "" 0.002881432651810153 0.006955263 0.005486344 0.012441607 274.1624220399 -14.48951244617 1632.50232 0.24099999999999994 -5.400999999999999
274.13322109252 -15.22488799364 0.1181 0.1177 24.3363 "" "" 4146158945622833024 1411.04541 0.7096 0.1411 0.527 -2.637 0.13 0.099 1.746 "" "" 16.704403 1.637636 17.294773 15.657137 "" "" 1182.672 1705.51965 3919.09501 8.9031 1650.1 6.3985 4328.2 14.725 "" "" 0.003698022848320519 0.0050507393 0.0052846777 0.010335417 274.13322109252 -15.22488799364 1411.04541 0.5269999999999999 -2.637
273.87346118059 -15.34235446871 0.0649 0.0581 26.0144 "" "" 4146197226688466688 1615.37354 0.6181 0.0756 0.119 4.736 0.078 0.058 0.981 4490.4 4.3867 16.704443 1.546868 17.433258 15.88639 "" "" 1430.90442 1990.46069 3918.9492 3.125 1452.5 10.74 3504.3 11.823 "" "" 0.0028881403261080134 0.008499137 0.005263283 0.01376242 273.87346118059 -15.34235446871 1615.37354 0.11899999999999997 4.736000000000001
273.55728438759 -15.17860606832 0.0684 0.0624 24.2985 "" "" 4145843385791700864 1863.96582 0.561 0.075 3.093 -0.826 0.077 0.064 1.017 4654.2 4.3675 16.704607 1.499168 17.396513 15.897345 "" "" 1636.03064 2137.2229 3918.35715 3.1203 1502.5 10.219 3469.1 10.93 "" "" 0.0028877893681607627 0.007893995 0.005097607 0.0129916025 273.55728438759 -15.17860606832 1863.96582 3.093 -0.8259999999999997
273.8480847247 -15.34508357835 0.0621 0.0557 26.2081 "" "" 4146197256730613248 1471.02686 0.6792 0.074 1.439 -2.45 0.076 0.056 0.968 4840.6 4.7087 16.704668 1.345725 17.29296 15.947234 "" "" 1315.21204 1645.78027 3918.13455 3.9152 1652.8 11.392 3313.3 9.8682 "" "" 0.0029612239333057723 0.007986715 0.004973995 0.01296071 273.8480847247 -15.34508357835 1471.02686 1.439 -2.4500000000000006
274.2660841409 -14.51512126085 0.0628 0.0606 32.9584 "" "" 4146359847014650624 1588.18066 0.6233 0.0679 0.979 2.029 0.075 0.067 0.955 5883.8 4.5941 16.704935 1.670498 17.43581 15.765312 "" "" 1428.14746 1755.0907 3917.17314 2.8611 1449.1 12.734 3917.7 85.318 "" "" 0.0028671713225197487 0.009940545 0.023944844 0.03388539 274.2660841409 -14.51512126085 1588.18066 0.9789999999999999 2.029
273.75097368508 -15.35398087375 0.0757 0.0682 27.5866 "" "" 4145822769948218880 1719.27258 0.5721 0.0785 -0.377 -1.288 0.093 0.078 1.053 5557.0 4.6454 16.705093 1.484893 17.382456 15.897563 "" "" 1513.11914 1947.61255 3916.6025 6.3283 1522.1 8.6632 3468.4 15.737 "" "" 0.0032663939384834106 0.006780291 0.0062090047 0.012989296 273.75097368508 -15.35398087375 1719.27258 -0.377 -1.288
273.93359577666 -15.32498983493 0.0633 0.0566 25.2419 "" "" 4146197565968349312 1890.46411 0.5079 0.0677 4.101 -1.99 0.075 0.057 0.969 5439.1 4.6208 16.7053 1.484686 17.327032 15.842346 "" "" 1675.13513 2147.96313 3915.85746 3.0798 1601.8 9.5031 3649.4 21.093 "" "" 0.0028846105435619746 0.0070197494 0.007325595 0.014345344 273.93359577666 -15.32498983493 1890.46411 4.101000000000001 -1.99
274.23141015897 -15.15714089947 0.0832 0.0803 25.7022 "" "" 4146161080240609792 1800.86304 0.5252 0.0758 0.595 -1.737 0.085 0.075 1.006 9460.9 4.3777 16.705616 1.598119 17.455585 15.857467 "" "" 1581.85974 2133.41626 3914.71436 4.1223 1422.9 9.1328 3598.9 15.944 "" "" 0.002983110154432192 0.0075065508 0.0061172335 0.013623784 274.23141015897 -15.15714089947 1800.86304 0.5949999999999999 -1.7370000000000003
273.9724654469 -15.16318575807 0.061 0.0552 16.3775 "" "" 4146207049256814848 1480.19849 0.6567 0.0711 -4.796 1.434 0.08 0.056 1.026 5453.7 4.6369 16.705671 1.531729 17.415482 15.883753 "" "" 1336.84424 1627.22229 3914.51965 2.7462 1476.5 7.4928 3512.8 9.6452 "" "" 0.0028586640873930237 0.006175988 0.0048136176 0.010989605 273.9724654469 -15.16318575807 1480.19849 -4.796 1.4339999999999997
273.75151046533 -15.1043665627 0.0668 0.0622 13.5961 "" "" 4146217808171476992 1444.37964 0.6875 0.0744 -7.134 -15.96 0.08 0.058 1.019 4633.0 4.4421 16.705744 1.332017 17.289621 15.957604 "" "" 1303.62366 1614.55774 3914.25329 3.1502 1657.9 11.573 3281.8 13.478 "" "" 0.002890557202541708 0.008076279 0.005845205 0.013921484 273.75151046533 -15.1043665627 1444.37964 -7.134000000000001 -15.959999999999999
273.783891386 -15.09967288455 0.0672 0.0647 12.4929 "" "" 4146217082315276672 1858.73413 0.5817 0.0805 -2.204 3.328 0.079 0.057 0.896 4517.5 4.3618 16.705935 1.338705 17.27441 15.935705 "" "" 1583.27258 2271.76782 3913.56627 2.9893 1681.3 11.33 3348.7 22.555 "" "" 0.00287742208224435 0.007830556 0.008231801 0.016062357 273.783891386 -15.09967288455 1858.73413 -2.2039999999999997 3.3279999999999994
273.83684613005 -15.27206943076 0.0608 0.0557 21.881 "" "" 4146201762173972864 1934.58606 0.5227 0.0675 0.156 -1.146 0.08 0.06 0.944 5314.0 4.4769 16.706171 1.566334 17.42938 15.863047 "" "" 1681.34351 2292.14258 3912.71886 3.3656 1457.7 8.7152 3580.5 18.958 "" "" 0.0029092937233054163 0.0070655774 0.0068798116 0.01394539 273.83684613005 -15.27206943076 1934.58606 0.15599999999999997 -1.146
274.03769739574 -15.05705712619 0.0663 0.0575 13.1758 "" "" 4146212482411802752 1726.33997 0.5972 0.0671 1.435 -2.511 0.082 0.061 0.961 5610.1 4.5735 16.706762 1.699962 17.52419 15.824229 "" "" 1511.35205 1901.96729 3910.58483 3.4412 1335.8 11.317 3710.8 9.7603 "" "" 0.0029162663062502502 0.009612301 0.0047369846 0.0143492855 274.03769739574 -15.05705712619 1726.33997 1.435 -2.5109999999999997
274.41221762336 -15.096059771 0.0623 0.0534 33.3721 "" "" 4146182829956565248 1629.27356 0.6006 0.0661 0.674 -1.07 0.089 0.061 0.953 "" "" 16.706984 1.581263 17.441523 15.860259 "" "" 1444.93701 1813.87878 3909.79159 2.9482 1441.5 7.2161 3589.7 9.8486 "" "" 0.00287438130089141 0.006109501 0.004812167 0.010921668 274.41221762336 -15.096059771 1629.27356 0.6739999999999999 -1.07
273.81963224826 -14.58961823464 0.0602 0.0521 19.3723 "" "" 4146450767192632960 1454.3562 0.6629 0.0689 0.156 -0.531 0.08 0.061 1.078 4932.2 4.4262 16.707333 1.49899 17.410925 15.911935 "" "" 1327.4281 1600.2019 3908.53276 3.3604 1482.7 11.206 3422.8 10.248 "" "" 0.0029091511315876882 0.008667204 0.00498508 0.013652284 273.81963224826 -14.58961823464 1454.3562 0.156 -0.5309999999999999
273.79842028488 -14.80820256439 0.0659 0.0581 7.3255 "" "" 4146419121871634560 1301.02112 0.7592 0.0707 -6.333 -7.416 0.079 0.057 1.104 4920.4 4.3306 16.707726 1.645395 17.483307 15.837912 "" "" 1202.2749 1396.36194 3907.11668 2.8159 1387.1 6.8613 3664.3 12.783 "" "" 0.002864279664431085 0.0060521406 0.005350679 0.011402819 273.79842028488 -14.80820256439 1301.02112 -6.333 -7.416
274.25615377262 -14.59356596487 0.0612 0.0604 29.321 "" "" 4146265117216295808 1932.04749 0.5021 0.0698 0.476 -1.654 0.071 0.061 0.987 "" "" 16.708235 2.013952 17.729336 15.715384 "" "" 1714.04248 2253.6792 3905.28605 2.8272 1105.8 6.1377 4102.1 12.26 "" "" 0.0028652401023395347 0.0066409167 0.0049813106 0.011622228 274.25615377262 -14.59356596487 1932.04749 0.476 -1.654
274.05705166092 -15.23800481046 0.0664 0.0603 22.5299 "" "" 4146158675059001216 1623.69629 0.6063 0.0735 -0.46 -3.249 0.079 0.056 1.068 4646.1 4.3245 16.708384 1.640006 17.34441 15.704404 "" "" 1401.51624 1878.19861 3904.75102 4.5352 1576.3 26.064 4143.8 66.978 "" "" 0.003030181622281425 0.018168092 0.017951565 0.036119655 274.05705166092 -15.23800481046 1623.69629 -0.46 -3.2489999999999997
274.340835421 -14.86764544653 0.0832 0.0699 27.4127 "" "" 4146242164910667136 1563.79358 0.654 0.1016 0.363 -2.208 0.093 0.076 1.062 4673.5 4.7678 16.708813 1.417241 17.345724 15.928483 "" "" 1351.26892 1800.41736 3903.20675 3.3832 1574.4 9.4849 3371.0 14.641 "" "" 0.0029116038160399435 0.00711121 0.0060432227 0.013154432 274.340835421 -14.86764544653 1563.79358 0.363 -2.2080000000000006
273.63048135938 -15.42144105285 0.0753 0.0695 33.7418 "" "" 4145823564557383040 1565.84302 0.6364 0.0716 0.208 -1.508 0.111 0.09 0.933 4730.0 4.389 16.709112 1.399482 17.296755 15.897273 "" "" 1411.26208 1758.58643 3902.13336 4.0818 1647.1 12.832 3469.4 23.174 "" "" 0.002980212250098402 0.008906909 0.008177922 0.017084831 273.63048135938 -15.42144105285 1565.84302 0.208 -1.508
274.36842669642 -15.25138725999 0.0605 0.0527 35.4445 "" "" 4146155750167074688 1628.84387 0.6025 0.0629 -1.209 1.364 0.081 0.059 0.955 8488.7 4.4694 16.709238 1.606093 17.464287 15.858193 "" "" 1486.05273 1812.36829 3901.68146 2.7689 1411.6 9.255 3596.5 9.9254 "" "" 0.0028610276251312796 0.0076457984 0.004823052 0.01246885 274.36842669642 -15.25138725999 1628.84387 -1.209 1.364
273.83543923975 -15.18261940163 0.0624 0.054 16.5511 "" "" 4146204614031766528 1752.65991 0.5428 0.0667 -1.487 -2.946 0.079 0.059 1.023 "" "" 16.70955 1.901351 17.605482 15.704131 "" "" 1574.31506 1982.63428 3900.55771 3.1387 1239.4 9.235 4144.8 17.947 "" "" 0.0028905170208703077 0.008557658 0.0060320315 0.01458969 273.83543923975 -15.18261940163 1752.65991 -1.487 -2.946
273.38727262856 -14.86598700628 0.0592 0.0534 28.1094 "" "" 4146426234338187392 1736.13159 0.5689 0.071 -0.55 -2.041 0.08 0.058 0.997 5808.4 4.5891 16.709593 1.67082 17.510012 15.839191 "" "" 1549.5332 1949.94482 3900.40455 2.9684 1353.4 10.879 3660.0 17.295 "" "" 0.0028765533093714018 0.009162605 0.0063723037 0.0155349085 273.38727262856 -14.86598700628 1736.13159 -0.5500000000000002 -2.041
274.02309423425 -14.7390769612 0.0649 0.0639 13.5107 "" "" 4146256527281546368 1465.59656 0.6572 0.0851 2.691 -4.893 0.082 0.061 0.988 4696.0 4.371 16.709938 1.409393 17.346004 15.936611 "" "" 1302.66528 1639.62427 3899.16148 2.8269 1574.0 19.505 3345.9 14.301 "" "" 0.002865556090503343 0.0137407025 0.0059849187 0.01972562 274.02309423425 -14.7390769612 1465.59656 2.691 -4.893000000000001
