Clusters/UBC_342/UBC_342_stars_in_region.tsv
# %ECSV 1.0
# ---
# datatype:
# - name: RA_ICRS_1
#   unit: deg
#   datatype: float64
#   format: '{:15.11f}'
#   description: Right ascension (ICRS) at Ep=2016.0 (ra)
#   meta: !!omap
#   - {ucd: POS_EQ_RA_MAIN}
#   - {width: 15}
#   - {precision: '11'}
# - name: DE_ICRS_1
#   unit: deg
#   datatype: float64
#   format: '{:15.11f}'
#   description: Declination (ICRS) at Ep=2016.0 (dec)
#   meta: !!omap
#   - {ucd: POS_EQ_DEC_MAIN}
#   - {width: 15}
#   - {precision: '11'}
# - name: e_RA_ICRS
#   unit: mas
#   datatype: float64
#   format: '{:7.4f}'
#   description: Standard error of right ascension (ra_error)
#   meta: !!omap
#   - {ucd: ERROR}
#   - {width: 7}
#   - {precision: '4'}
# - name: e_DE_ICRS
#   unit: mas
#   datatype: float64
#   format: '{:7.4f}'
#   description: Standard error of declination (dec_error)
#   meta: !!omap
#   - {ucd: ERROR}
#   - {width: 7}
#   - {precision: '4'}
# - name: _r_1
#   unit: ''
#   datatype: float64
#   format: '{:7.4f}'
#   description: Distance from center (273.87000693000-14.90879431000)[ICRS], at Epoch=J2016.0
#   meta: !!omap
#   - {ucd: POS_ANG_DIST_GENERAL}
#   - {width: 7}
#   - {precision: '4'}
# - name: HIP
#   datatype: int32
#   description: '? HIP cross-id number, van Leeuwen, Cat. I/311 (hip_original_ext_source_id)'
#   meta: !!omap
#   - {ucd: ID_NUMBER}
#   - {width: 6}
#   - values: {'null': -2147483648}
# - name: TYC2
#   datatype: string
#   description: Tycho-2 cross-id name, Hog et al., Cat. I/259 (tyc2_original_ext_source_id)
#   meta: !!omap
#   - {ucd: ID_CROSSID}
#   - {_votable_string_dtype: char}
# - name: Source
#   datatype: int64
#   description: Source identifier, identical to the Gaia-EDR3 source_id (id)
#   meta: !!omap
#   - {ucd: ID_MAIN}
#   - {width: 19}
# - name: rgeo
#   unit: pc
#   datatype: float64
#   format: '{:15.8f}'
#   description: '? Median of the geometric distance posterior (r_med_geo)'
#   meta: !!omap
#   - {ucd: PHYS_DISTANCE_TRUE}
#   - {width: 15}
#   - {precision: '8'}
#   - values: {'null': .nan}
# - name: Plx
#   unit: mas
#   datatype: float64
#   format: '{:9.4f}'
#   description: '? Parallax (parallax)'
#   meta: !!omap
#   - {ucd: POS_PARLX_TRIG}
#   - {width: 9}
#   - {precision: '4'}
#   - values: {'null': .nan}
# - name: e_Plx
#   unit: mas
#   datatype: float32
#   format: '{:7.4f}'
#   description: '? Standard error of parallax (parallax_error)'
#   meta: !!omap
#   - {ucd: ERROR}
#   - {width: 7}
#   - {precision: '4'}
#   - values: {'null': .nan}
# - name: pmRA
#   unit: mas / yr
#   datatype: float64
#   format: '{:9.3f}'
#   description: '? Proper motion in right ascension direction, pmRA*cosDE (pmra)'
#   meta: !!omap
#   - {ucd: POS_EQ_PMRA}
#   - {width: 9}
#   - {precision: '3'}
#   - values: {'null': .nan}
# - name: pmDE
#   unit: mas / yr
#   datatype: float64
#   format: '{:9.3f}'
#   description: '? Proper motion in declination direction (pmdec)'
#   meta: !!omap
#   - {ucd: POS_EQ_PMDEC}
#   - {width: 9}
#   - {precision: '3'}
#   - values: {'null': .nan}
# - name: e_pmRA
#   unit: mas / yr
#   datatype: float32
#   format: '{:6.3f}'
#   description: '? Standard error of proper motion in right ascension direction (pmra_error)'
#   meta: !!omap
#   - {ucd: ERROR}
#   - {width: 6}
#   - {precision: '3'}
#   - values: {'null': .nan}
# - name: e_pmDE
[...]
#         unit: &id001 !astropy.units.Unit {unit: deg}
#         value: !astropy.table.SerializedColumn {name: SkyCoord.dec}
#       distance: !astropy.table.SerializedColumn
#         __class__: astropy.coordinates.distances.Distance
#         unit: !astropy.units.Unit {unit: pc}
#         value: !astropy.table.SerializedColumn {name: SkyCoord.distance}
#       frame: icrs
#       obstime: !astropy.time.Time {format: jyear_str, in_subfmt: '*', jd1: 367701545.0, jd2: 0.0, out_subfmt: '*', precision: 3, scale: tt}
#       pm_dec: !astropy.table.SerializedColumn
#         __class__: astropy.units.quantity.Quantity
#         unit: !astropy.units.Unit {unit: mas / yr}
#         value: !astropy.table.SerializedColumn {name: SkyCoord.pm_dec}
#       pm_ra_cosdec: !astropy.table.SerializedColumn
#         __class__: astropy.units.quantity.Quantity
#         unit: !astropy.units.Unit {unit: mas / yr}
#         value: !astropy.table.SerializedColumn {name: SkyCoord.pm_ra_cosdec}
#       ra: !astropy.table.SerializedColumn
#         __class__: astropy.coordinates.angles.Longitude
#         unit: *id001
#         value: !astropy.table.SerializedColumn {name: SkyCoord.ra}
#         wrap_angle: !astropy.coordinates.Angle
#           unit: *id001
#           value: 360.0
#       representation_type: spherical
# schema: astropy-2.0
RA_ICRS_1 DE_ICRS_1 e_RA_ICRS e_DE_ICRS _r_1 HIP TYC2 Source rgeo Plx e_Plx pmRA pmDE e_pmRA e_pmDE RUWE Teff logg Gmag BP-RP BPmag RPmag RV e_RV b_rgeo B_rgeo FG e_FG FBP e_FBP FRP e_FRP RAVE5 RAVE6 e_Gmag e_BPmag e_RPmag e_BP-RP SkyCoord.ra SkyCoord.dec SkyCoord.distance SkyCoord.pm_ra_cosdec SkyCoord.pm_dec
[from data line 5511]
273.88698146813 -14.88237964919 0.1301 0.1241 1.8656 "" "" 4146230212025956224 1717.57178 0.6423 0.1531 -2.835 -4.45 0.151 0.115 1.156 "" "" 16.710085 5.601663 20.6514 15.049737 "" "" 1295.47559 2280.59717 3898.63594 9.142 74.965 9.2471 7572.9 30.349 "" "" 0.0037514983431720253 0.13395703 0.005763371 0.1397204 273.88698146813 -14.88237964919 1717.57178 -2.835 -4.45
273.5335150906 -14.94845163957 0.0638 0.0552 19.6526 "" "" 4146411459650582912 1407.74939 0.7161 0.068 0.381 -8.089 0.081 0.06 0.942 "" "" 16.710165 1.583137 17.291393 15.708257 "" "" 1288.43774 1547.18005 3898.35161 3.7954 1655.2 16.018 4129.1 20.7 "" "" 0.002951130527544841 0.010871238 0.0066264695 0.017497707 273.5335150906 -14.94845163957 1407.74939 0.3810000000000001 -8.089
273.66135533809 -14.8083506802 0.0627 0.0562 13.5182 "" "" 4146421664492382720 1406.20959 0.7268 0.0693 1.186 -6.521 0.079 0.064 0.888 4912.4 4.7195 16.710209 1.567399 17.339111 15.771712 "" "" 1284.65967 1554.15198 3898.19087 3.946 1584.1 13.219 3894.7 143.13 "" "" 0.002966429682721944 0.009480149 0.040079337 0.049559485 273.66135533809 -14.8083506802 1406.20959 1.186 -6.521
273.88957605124 -15.28461040429 0.0598 0.0529 22.5774 "" "" 4146198665480151680 1377.05444 0.7187 0.0682 -1.868 1.535 0.076 0.056 1.067 4911.9 4.385 16.710886 1.210878 17.249958 16.03908 "" "" 1243.96265 1511.86182 3895.76065 2.8227 1719.6 10.27 3044.6 9.5224 "" "" 0.0028654233547813664 0.0070591797 0.005080856 0.012140036 273.88957605124 -15.28461040429 1377.05444 -1.868 1.5350000000000001
273.74115247572 -14.53746026148 0.0584 0.0508 23.5013 "" "" 4146461654917656192 1744.22278 0.5556 0.0682 -2.224 -12.665 0.075 0.059 0.999 7093.9 4.3201 16.711271 1.790471 17.553036 15.762565 "" "" 1550.8551 1953.6886 3894.37585 2.8007 1300.8 13.464 3927.6 42.666 "" "" 0.0028638217815973826 0.011579162 0.0123852175 0.023964379 273.74115247572 -14.53746026148 1744.22278 -2.224 -12.665
273.3647586637 -14.81858853089 0.0636 0.0546 29.7962 "" "" 4146427368209602304 1378.78247 0.7154 0.0704 3.204 -1.042 0.086 0.062 1.079 4992.5 4.6804 16.711441 1.479661 17.369837 15.890176 "" "" 1254.34998 1555.32129 3893.76792 2.8077 1539.9 10.498 3492.1 27.239 "" "" 0.002864387890211359 0.007910242 0.009273973 0.017184217 273.3647586637 -14.81858853089 1378.78247 3.204 -1.0419999999999998
273.66478585794 -15.02522713722 0.0595 0.0553 13.7952 "" "" 4146222206218157824 1896.0481 0.5215 0.0681 3.099 0.679 0.074 0.06 0.971 4734.3 4.3265 16.711912 1.551876 17.438671 15.886795 "" "" 1619.02173 2276.79541 3892.07869 3.0201 1445.3 8.7477 3503.0 13.609 "" "" 0.002881245646233807 0.007139243 0.005663529 0.012802772 273.66478585794 -15.02522713722 1896.0481 3.099000000000001 0.679
273.89807430555 -14.46783129874 0.0568 0.0518 26.5079 "" "" 4146457742219543552 1510.42542 0.6301 0.0671 -1.682 -9.266 0.079 0.058 1.015 5666.1 4.5661 16.712872 1.775011 17.567188 15.792177 "" "" 1381.79358 1676.10938 3888.64174 2.6308 1283.9 10.329 3822.0 15.191 "" "" 0.002851549635190533 0.009169581 0.0057364022 0.014905984 273.89807430555 -14.46783129874 1510.42542 -1.682 -9.265999999999998
274.39538205373 -14.7207950246 0.0593 0.0576 32.4952 "" "" 4146247868627507584 1654.86523 0.5751 0.0704 0.418 -1.14 0.074 0.062 0.944 "" "" 16.713343 2.872708 18.19234 15.319633 "" "" 1485.32996 1865.67456 3886.95879 4.0374 721.91 11.078 5906.2 13.718 "" "" 0.0029771847132019254 0.016893074 0.004543467 0.02143654 274.39538205373 -14.7207950246 1654.86523 0.418 -1.14
274.46632263852 -14.77406951143 0.0594 0.0562 35.5174 "" "" 4146244295211077120 1508.55945 0.6379 0.0663 0.159 1.168 0.069 0.055 0.957 9274.5 4.1877 16.713358 1.966468 17.675402 15.708934 "" "" 1369.24255 1729.19666 3886.89853 3.5887 1162.1 12.365 4126.5 13.495 "" "" 0.0029320086540274844 0.011884639 0.00518568 0.01707032 274.46632263852 -14.77406951143 1508.55945 0.159 1.1679999999999997
273.96054096399 -14.9590119926 0.0655 0.056 6.0519 "" "" 4146225809674900992 1524.11011 0.6473 0.0675 0.626 -2.019 0.083 0.059 0.994 4402.8 4.3714 16.71343 1.669312 17.511946 15.842633 "" "" 1384.19568 1701.5741 3886.64261 3.0982 1350.9 13.408 3648.4 21.163 "" "" 0.002888053389808072 0.011131542 0.007344922 0.018476464 273.96054096399 -14.9590119926 1524.11011 0.6259999999999999 -2.0190000000000006
273.73194575932 -14.32175611069 0.0581 0.0531 36.1228 "" "" 4146475261374916096 1624.39246 0.6216 0.0695 -1.694 -1.941 0.08 0.061 0.962 5075.7 4.5954 16.713863 1.505844 17.410019 15.904175 "" "" 1445.96472 1818.51221 3885.093 3.56 1483.9 10.068 3447.4 12.88 "" "" 0.002929434324916561 0.0078772325 0.005544249 0.0134214815 273.73194575932 -14.32175611069 1624.39246 -1.694 -1.941
273.72516690824 -14.97192433013 0.0604 0.0576 9.2114 "" "" 4146222790333707264 1355.63904 0.7245 0.0715 -1.56 -3.199 0.072 0.058 0.982 5050.9 4.6546 16.714186 1.423582 17.338835 15.915253 "" "" 1209.15955 1491.67566 3883.93728 2.9112 1584.5 15.408 3412.4 34.172 "" "" 0.002872991396229554 0.01092038 0.011510773 0.022431154 273.72516690824 -14.97192433013 1355.63904 -1.5599999999999998 -3.1990000000000003
274.20940650673 -14.4261997103 0.0624 0.0589 35.0219 "" "" 4146549100452837248 1726.70447 0.5526 0.0709 -4.742 -5.841 0.071 0.057 0.954 5039.9 4.2859 16.714306 1.833018 17.614042 15.781024 "" "" 1538.78577 1966.39062 3883.50951 3.3233 1229.7 8.3207 3861.4 11.533 "" "" 0.002907755837430744 0.007858577 0.0049799155 0.012838492 274.20940650673 -14.4261997103 1726.70447 -4.741999999999999 -5.840999999999999
273.31801353402 -14.72845867982 0.0619 0.056 33.7969 "" "" 4146432449139198720 1482.73328 0.6615 0.0738 1.665 -1.587 0.08 0.059 1.105 4710.3 4.3873 16.714397 1.453058 17.388914 15.935856 "" "" 1351.43359 1618.12122 3883.1827 3.6246 1513.0 11.788 3348.2 11.217 "" "" 0.0029357866109586818 0.008907406 0.0052454094 0.014152816 273.31801353402 -14.72845867982 1482.73328 1.665 -1.587
274.29714785234 -15.24478538587 0.0621 0.0528 31.9183 "" "" 4146156269877052800 1943.54785 0.4842 0.0631 -0.609 -6.17 0.078 0.059 0.951 "" "" 16.714624 2.079678 17.776003 15.696324 "" "" 1759.7373 2219.36401 3882.37186 3.161 1059.3 15.038 4174.7 16.084 "" "" 0.0028936556965373427 0.015663799 0.0056375205 0.02130132 274.29714785234 -15.24478538587 1943.54785 -0.6090000000000001 -6.170000000000001
274.26134718052 -14.5291214579 0.0631 0.0616 32.1665 "" "" 4146266014886105472 1780.18738 0.5583 0.0695 -2.693 -0.837 0.073 0.061 0.984 5037.6 4.3166 16.71479 1.745831 17.556988 15.811156 "" "" 1567.37781 2078.39429 3881.78013 3.3543 1296.0 15.759 3755.7 14.855 "" "" 0.0029106714018014026 0.013493866 0.005720656 0.019214522 274.26134718052 -14.5291214579 1780.18738 -2.693 -0.8369999999999999
273.82791925666 -14.77545011413 0.0626 0.0555 8.3647 "" "" 4146419839115032960 1830.2251 0.5401 0.068 0.482 -0.099 0.071 0.054 0.923 5408.8 4.6305 16.71486 1.483359 17.401333 15.917974 "" "" 1622.27698 2066.23682 3881.52492 3.0601 1495.8 6.4112 3403.8 11.866 "" "" 0.0028852158895197244 0.0054259696 0.0053488193 0.010774789 273.82791925666 -14.77545011413 1830.2251 0.482 -0.09900000000000002
273.6380445091 -15.22997965536 0.0703 0.0657 23.4944 "" "" 4145839365702210560 1628.96008 0.6202 0.0828 -0.358 -4.506 0.085 0.067 1.031 5116.2 4.7343 16.714952 1.413904 17.359447 15.945543 "" "" 1439.70911 1883.68652 3881.19552 3.4678 1554.7 11.293 3318.5 14.097 "" "" 0.002921107221561863 0.008365568 0.0059629036 0.014328471 273.6380445091 -15.22997965536 1628.96008 -0.358 -4.506000000000001
274.15576924932 -15.37232294575 0.1065 0.0758 32.3637 "" "" 4146147989180107648 1810.60034 0.5404 0.0891 -1.848 0.842 0.102 0.088 1.02 6068.7 4.4885 16.715416 1.499804 17.402813 15.903009 "" "" 1583.31128 2088.41406 3879.54073 3.22 1493.8 9.0022 3451.1 14.386 "" "" 0.0028989430947314525 0.0071131294 0.0058964114 0.013009541 274.15576924932 -15.37232294575 1810.60034 -1.848 0.842
273.41762785086 -14.70552272244 0.0657 0.0547 28.9371 "" "" 4146432797047894016 1413.80713 0.7041 0.0738 7.446 -5.099 0.083 0.056 1.038 5514.1 4.7038 16.715635 1.519137 17.418804 15.899667 "" "" 1270.02368 1596.92603 3878.75424 3.3548 1472.0 11.953 3461.7 14.588 "" "" 0.0029109525494296134 0.009247417 0.0059344894 0.0151819065 273.41762785086 -14.70552272244 1413.80713 7.446000000000001 -5.099
273.71559032298 -14.50554639515 0.0581 0.0503 25.8011 "" "" 4146462552582982400 1476.73291 0.6689 0.069 -0.142 1.625 0.082 0.062 0.96 "" "" 16.715742 1.813371 17.39601 15.582639 "" "" 1350.21094 1655.94397 3878.37321 4.2808 1503.2 16.02 4635.6 367.72 "" "" 0.0030046526414464043 0.0119026285 0.08620914 0.09811177 273.71559032298 -14.50554639515 1476.73291 -0.14200000000000002 1.625
273.97771515044 -15.37446575746 0.0702 0.0655 28.6282 "" "" 4146150183888925184 1768.48523 0.5602 0.0832 -2.639 -3.464 0.091 0.061 1.033 "" "" 16.715796 1.560145 17.40998 15.849835 "" "" 1558.0105 2140.03613 3878.18544 3.4774 1484.0 10.041 3624.3 14.937 "" "" 0.002922251633415928 0.007858299 0.0058571864 0.013715485 273.97771515044 -15.37446575746 1768.48523 -2.6389999999999993 -3.4639999999999995
274.023637548 -14.63835706637 0.0602 0.0552 18.5131 "" "" 4146445956829123072 1865.7373 0.5358 0.0661 4.315 -5.71 0.074 0.058 0.993 7155.3 4.3325 16.716694 1.785152 17.581507 15.796355 "" "" 1614.39197 2190.802 3874.98087 2.8086 1267.1 9.1799 3807.3 10.726 "" "" 0.0028654969007188866 0.008346153 0.0048620696 0.0132082235 274.023637548 -14.63835706637 1865.7373 4.315 -5.709999999999999
274.32430753649 -14.63626142733 0.054 0.0499 31.0174 "" "" 4146261372004783488 1443.07385 0.6582 0.0607 6.238 -2.935 0.069 0.057 0.961 5163.1 4.6612 16.717285 1.461039 17.376001 15.914963 "" "" 1347.56531 1551.1167 3872.86807 2.9032 1531.1 18.464 3413.3 11.928 "" "" 0.00287301496254314 0.013387215 0.0053553246 0.018742539 274.32430753649 -14.63626142733 1443.07385 6.2379999999999995 -2.935
274.11824154384 -15.43295045111 0.0658 0.0542 34.5789 "" "" 4146146576122205696 1916.1012 0.5062 0.0696 0.304 -1.856 0.081 0.06 0.968 5160.3 4.7108 16.717339 1.359757 17.282354 15.922597 "" "" 1662.99451 2204.19531 3872.6759 4.2071 1669.1 10.453 3389.4 55.96 "" "" 0.002997164834310665 0.0073497966 0.018319907 0.025669703 274.11824154384 -15.43295045111 1916.1012 0.30400000000000005 -1.8559999999999999
273.98491107166 -15.09884915663 0.0751 0.0667 13.2053 "" "" 4146210828828388352 1516.05945 0.6609 0.0754 -1.323 -3.411 0.093 0.066 1.028 "" "" 16.717552 1.683863 17.528957 15.845095 "" "" 1326.20789 1679.57715 3871.91287 3.3902 1329.9 11.861 3640.2 17.858 "" "" 0.0029147107777435684 0.010077338 0.0065310043 0.016608343 273.98491107166 -15.09884915663 1516.05945 -1.323 -3.4109999999999996
273.77090169299 -15.28390721438 0.0681 0.0593 23.2275 "" "" 4146201482978680320 1422.15918 0.7036 0.0728 0.134 -1.871 0.084 0.065 0.935 5049.8 4.7085 16.717754 1.357777 17.33233 15.974554 "" "" 1284.31177 1607.49915 3871.19136 4.0975 1594.0 12.784 3231.0 12.644 "" "" 0.0029853757427921604 0.009143787 0.0056865183 0.014830306 273.77090169299 -15.28390721438 1422.15918 0.134 -1.871
273.64635511392 -15.12988071049 0.0811 0.0783 18.5457 "" "" 4146219315690045824 1573.1488 0.6293 0.0889 6.356 -2.25 0.102 0.082 1.224 5342.0 4.7206 16.718863 1.425445 17.310604 15.88516 "" "" 1385.17798 1772.22937 3867.24582 3.208 1626.2 17.797 3508.3 18.5 "" "" 0.002898786451351443 0.012205406 0.0068602436 0.01906565 273.64635511392 -15.12988071049 1573.1488 6.356000000000001 -2.25
273.62057711908 -15.22875078819 0.0695 0.0667 24.0286 "" "" 4145840022872190592 1701.69177 0.5867 0.0815 5.758 2.694 0.082 0.068 1.101 5106.8 4.7285 16.718979 1.31963 17.275743 15.956114 "" "" 1506.23975 1984.42346 3866.83035 3.2662 1679.3 8.7679 3286.3 14.744 "" "" 0.002903935864014382 0.0063182604 0.0061653815 0.0124836415 273.62057711908 -15.22875078819 1701.69177 5.758 2.694
273.85158097075 -14.73111895619 0.0661 0.0552 10.714 "" "" 4146443547334707840 1451.81323 0.673 0.0696 0.559 -4.638 0.08 0.057 1.026 5190.9 4.6787 16.71908 1.433815 17.3802 15.946384 "" "" 1334.21582 1583.37244 3866.47302 3.0155 1525.2 8.0889 3315.9 16.002 "" "" 0.002882502272418266 0.0063985894 0.0064604194 0.012859009 273.85158097075 -14.73111895619 1451.81323 0.559 -4.638
273.54277889995 -14.43797390875 0.0846 0.0729 34.0406 "" "" 4146513611156462336 1678.88782 0.6028 0.09 0.433 -2.81 0.099 0.078 1.446 9253.7 3.8216 16.719496 2.158098 17.778807 15.620708 "" "" 1444.6123 1947.85425 3864.9924 4.9043 1056.6 11.084 4475.8 15.112 "" "" 0.003080556717012987 0.011726425 0.0052651917 0.016991617 273.54277889995 -14.43797390875 1678.88782 0.43300000000000005 -2.81
273.54724660726 -15.17583557728 0.0671 0.0643 24.6269 "" "" 4145843591950137216 1478.64148 0.6687 0.081 0.591 -4.626 0.079 0.065 0.928 4757.6 4.706 16.7202 1.367745 17.333302 15.965556 "" "" 1358.55811 1640.10486 3862.48399 3.6432 1592.6 9.9165 3257.9 12.654 "" "" 0.002939483234424699 0.0073136054 0.0056628347 0.01297644 273.54724660726 -15.17583557728 1478.64148 0.591 -4.626000000000001
273.57962575689 -14.54794558122 0.0588 0.0503 27.4353 "" "" 4146441661860402688 1585.36658 0.6241 0.0692 -0.576 -2.356 0.073 0.052 1.034 "" "" 16.720558 1.710188 17.52885 15.818663 "" "" 1402.54968 1758.84656 3861.21268 3.0184 1330.1 13.848 3729.9 11.347 "" "" 0.002883081320731703 0.011643129 0.005019314 0.016662443 273.57962575689 -14.54794558122 1585.36658 -0.576 -2.3559999999999994
273.67349675743 -14.79180077354 0.0644 0.0567 13.3851 "" "" 4146421767571602816 1842.85205 0.537 0.0695 0.784 -0.087 0.083 0.06 1.045 9288.4 4.1487 16.721432 2.481072 18.079054 15.597981 "" "" 1603.31531 2211.62939 3858.10749 3.0356 801.3 10.511 4570.5 14.182 "" "" 0.0028847121940424104 0.014512811 0.005062977 0.019575788 273.67349675743 -14.79180077354 1842.85205 0.7839999999999998 -0.087
274.22535585955 -15.27962309291 0.0751 0.0654 30.3118 "" "" 4146154856813746048 1385.65515 0.7042 0.0703 -2.475 -3.197 0.096 0.069 1.017 4360.9 4.5353 16.721588 1.346532 17.328897 15.982366 "" "" 1260.40735 1583.44531 3857.5491 3.5657 1599.0 18.111 3207.8 11.18 "" "" 0.0029324031762720483 0.0126100965 0.005348167 0.017958263 274.22535585955 -15.27962309291 1385.65515 -2.475 -3.1969999999999996
273.42547679141 -15.2568092895 0.0644 0.0623 33.1546 "" "" 4145841053651346048 1692.255 0.5807 0.0792 0.704 -1.297 0.085 0.062 1.03 5011.7 4.333 16.721643 1.367055 17.339312 15.972257 "" "" 1521.93652 1922.16821 3857.35306 3.0223 1583.8 9.2666 3237.8 10.145 "" "" 0.0028836551041584216 0.0069382447 0.0050849686 0.012023213 273.42547679141 -15.2568092895 1692.255 0.704 -1.2969999999999997
273.35225739217 -14.83190702672 0.0627 0.0562 30.3769 "" "" 4146427329537774464 1653.53345 0.5822 0.0677 -0.6 -0.587 0.085 0.071 1.016 4458.9 4.367 16.72177 1.537309 17.43454 15.897231 "" "" 1464.13611 1890.2915 3856.90329 2.967 1450.8 7.6269 3469.5 20.492 "" "" 0.0028791299042103973 0.006353223 0.007443561 0.013796784 273.35225739217 -14.83190702672 1653.53345 -0.6 -0.5869999999999999
273.66775911109 -14.38347610678 0.0588 0.0497 33.6347 "" "" 4146468595585492608 1450.22705 0.6601 0.067 1.398 -2.029 0.077 0.06 0.997 "" "" 16.721848 1.895518 17.64731 15.751792 "" "" 1329.10266 1587.86682 3856.62593 3.036 1192.6 8.6221 3966.8 15.897 "" "" 0.002884842765467327 0.008330657 0.0057633156 0.014093973 273.66775911109 -14.38347610678 1450.22705 1.3979999999999995 -2.029
273.51969694742 -14.75875851664 0.0629 0.0553 22.223 "" "" 4146434377596166784 1473.76074 0.6533 0.0723 -1.884 -3.002 0.086 0.06 0.99 5219.1 4.5162 16.72209 1.491122 17.405155 15.914033 "" "" 1341.724 1631.60938 3855.76792 2.8385 1490.6 9.7402 3416.2 11.029 "" "" 0.002868910574551188 0.0076235905 0.005154649 0.012778239 273.51969694742 -14.75875851664 1473.76074 -1.884 -3.002
