Clusters/UBC_342/UBC_342_stars_in_region.tsv
# %ECSV 1.0
# ---
# datatype:
# - name: RA_ICRS_1
#   unit: deg
#   datatype: float64
#   format: '{:15.11f}'
#   description: Right ascension (ICRS) at Ep=2016.0 (ra)
#   meta: !!omap
#   - {ucd: POS_EQ_RA_MAIN}
#   - {width: 15}
#   - {precision: '11'}
# - name: DE_ICRS_1
#   unit: deg
#   datatype: float64
#   format: '{:15.11f}'
#   description: Declination (ICRS) at Ep=2016.0 (dec)
#   meta: !!omap
#   - {ucd: POS_EQ_DEC_MAIN}
#   - {width: 15}
#   - {precision: '11'}
# - name: e_RA_ICRS
#   unit: mas
#   datatype: float64
#   format: '{:7.4f}'
#   description: Standard error of right ascension (ra_error)
#   meta: !!omap
#   - {ucd: ERROR}
#   - {width: 7}
#   - {precision: '4'}
# - name: e_DE_ICRS
#   unit: mas
#   datatype: float64
#   format: '{:7.4f}'
#   description: Standard error of declination (dec_error)
#   meta: !!omap
#   - {ucd: ERROR}
#   - {width: 7}
#   - {precision: '4'}
# - name: _r_1
#   unit: ''
#   datatype: float64
#   format: '{:7.4f}'
#   description: Distance from center (273.87000693000-14.90879431000)[ICRS], at Epoch=J2016.0
#   meta: !!omap
#   - {ucd: POS_ANG_DIST_GENERAL}
#   - {width: 7}
#   - {precision: '4'}
# - name: HIP
#   datatype: int32
#   description: '? HIP cross-id number, van Leeuwen, Cat. I/311 (hip_original_ext_source_id)'
#   meta: !!omap
#   - {ucd: ID_NUMBER}
#   - {width: 6}
#   - values: {'null': -2147483648}
# - name: TYC2
#   datatype: string
#   description: Tycho-2 cross-id name, Hog et al., Cat. I/259 (tyc2_original_ext_source_id)
#   meta: !!omap
#   - {ucd: ID_CROSSID}
#   - {_votable_string_dtype: char}
# - name: Source
#   datatype: int64
#   description: Source identifier, identical to the Gaia-EDR3 source_id (id)
#   meta: !!omap
#   - {ucd: ID_MAIN}
#   - {width: 19}
# - name: rgeo
#   unit: pc
#   datatype: float64
#   format: '{:15.8f}'
#   description: '? Median of the geometric distance posterior (r_med_geo)'
#   meta: !!omap
#   - {ucd: PHYS_DISTANCE_TRUE}
#   - {width: 15}
#   - {precision: '8'}
#   - values: {'null': .nan}
# - name: Plx
#   unit: mas
#   datatype: float64
#   format: '{:9.4f}'
#   description: '? Parallax (parallax)'
#   meta: !!omap
#   - {ucd: POS_PARLX_TRIG}
#   - {width: 9}
#   - {precision: '4'}
#   - values: {'null': .nan}
# - name: e_Plx
#   unit: mas
#   datatype: float32
#   format: '{:7.4f}'
#   description: '? Standard error of parallax (parallax_error)'
#   meta: !!omap
#   - {ucd: ERROR}
#   - {width: 7}
#   - {precision: '4'}
#   - values: {'null': .nan}
# - name: pmRA
#   unit: mas / yr
#   datatype: float64
#   format: '{:9.3f}'
#   description: '? Proper motion in right ascension direction, pmRA*cosDE (pmra)'
#   meta: !!omap
#   - {ucd: POS_EQ_PMRA}
#   - {width: 9}
#   - {precision: '3'}
#   - values: {'null': .nan}
# - name: pmDE
#   unit: mas / yr
#   datatype: float64
#   format: '{:9.3f}'
#   description: '? Proper motion in declination direction (pmdec)'
#   meta: !!omap
#   - {ucd: POS_EQ_PMDEC}
#   - {width: 9}
#   - {precision: '3'}
#   - values: {'null': .nan}
# - name: e_pmRA
#   unit: mas / yr
#   datatype: float32
#   format: '{:6.3f}'
#   description: '? Standard error of proper motion in right ascension direction (pmra_error)'
#   meta: !!omap
#   - {ucd: ERROR}
#   - {width: 6}
#   - {precision: '3'}
#   - values: {'null': .nan}
# - name: e_pmDE
[...]
#         unit: &id001 !astropy.units.Unit {unit: deg}
#         value: !astropy.table.SerializedColumn {name: SkyCoord.dec}
#       distance: !astropy.table.SerializedColumn
#         __class__: astropy.coordinates.distances.Distance
#         unit: !astropy.units.Unit {unit: pc}
#         value: !astropy.table.SerializedColumn {name: SkyCoord.distance}
#       frame: icrs
#       obstime: !astropy.time.Time {format: jyear_str, in_subfmt: '*', jd1: 367701545.0, jd2: 0.0, out_subfmt: '*', precision: 3, scale: tt}
#       pm_dec: !astropy.table.SerializedColumn
#         __class__: astropy.units.quantity.Quantity
#         unit: !astropy.units.Unit {unit: mas / yr}
#         value: !astropy.table.SerializedColumn {name: SkyCoord.pm_dec}
#       pm_ra_cosdec: !astropy.table.SerializedColumn
#         __class__: astropy.units.quantity.Quantity
#         unit: !astropy.units.Unit {unit: mas / yr}
#         value: !astropy.table.SerializedColumn {name: SkyCoord.pm_ra_cosdec}
#       ra: !astropy.table.SerializedColumn
#         __class__: astropy.coordinates.angles.Longitude
#         unit: *id001
#         value: !astropy.table.SerializedColumn {name: SkyCoord.ra}
#         wrap_angle: !astropy.coordinates.Angle
#           unit: *id001
#           value: 360.0
#       representation_type: spherical
# schema: astropy-2.0
RA_ICRS_1 DE_ICRS_1 e_RA_ICRS e_DE_ICRS _r_1 HIP TYC2 Source rgeo Plx e_Plx pmRA pmDE e_pmRA e_pmDE RUWE Teff logg Gmag BP-RP BPmag RPmag RV e_RV b_rgeo B_rgeo FG e_FG FBP e_FBP FRP e_FRP RAVE5 RAVE6 e_Gmag e_BPmag e_RPmag e_BP-RP SkyCoord.ra SkyCoord.dec SkyCoord.distance SkyCoord.pm_ra_cosdec SkyCoord.pm_dec
[from data line 520]
274.31705049196 -14.73005071992 0.0159 0.0149 28.0607 "" "" 4146247254468642688 1579.40051 0.5812 0.0194 1.288 -0.417 0.022 0.017 1.022 "" "" 13.433176 2.33196 14.671093 12.339133 12.96 1.36 1534.76477 1628.90112 79740.05068 30.098 18492.0 37.173 91940.0 67.033 "" "" 0.0027856302442629036 0.0035424083 0.0038613942 0.0074038026 274.31705049196 -14.73005071992 1579.40051 1.288 -0.417
273.92982432331 -14.71832854356 0.0145 0.0127 11.9431 "" "" 4146443757805870592 1763.65356 0.5218 0.0169 -2.8 -3.014 0.017 0.014 0.967 5875.2 2.9704 13.437823 1.959925 14.419706 12.459782 -26.64 1.93 1716.4906 1808.86462 79399.46413 86.628 23310.0 90.393 82271.0 256.94 "" "" 0.002999170423506572 0.0050509386 0.0050775614 0.0101285 273.92982432331 -14.71832854356 1763.65356 -2.8 -3.014
274.03407420831 -14.67336786615 0.0164 0.0149 17.0329 "" "" 4146258112146131456 1477.03394 0.6346 0.0189 1.644 -3.553 0.02 0.016 0.957 4908.9 2.7664 13.43831 2.14704 14.550168 12.403128 -37.19 1.2 1444.60071 1515.39709 79363.84345 26.443 20670.0 43.991 86678.0 60.117 "" "" 0.002778966490130944 0.0036227729 0.0038536713 0.0074764444 274.03407420831 -14.67336786615 1477.03394 1.644 -3.5530000000000004
273.46921796184 -15.2482378524 0.016 0.0145 30.8859 "" "" 4145841392926727552 1446.29602 0.6511 0.0184 2.753 -0.375 0.02 0.015 0.94 9052.1 3.9981 13.438917 0.74635 13.728635 12.982285 "" "" 1409.55908 1491.54468 79319.4596 30.102 44052.0 42.464 50845.0 45.626 "" "" 0.0027859588634322517 0.0029800022 0.0039029436 0.006882946 273.46921796184 -15.2482378524 1446.29602 2.753 -0.37500000000000006
273.82809592079 -15.43741368449 0.0161 0.0144 31.8099 "" "" 4145821296814475264 1497.63013 0.6231 0.019 -2.235 -3.635 0.02 0.015 0.959 9061.3 4.0035 13.441988 0.696526 13.709492 13.012966 "" "" 1451.94006 1539.26062 79095.44302 30.842 44835.0 58.934 49428.0 39.635 "" "" 0.002787656305126477 0.003133981 0.0038783646 0.007012346 273.82809592079 -15.43741368449 1497.63013 -2.2350000000000003 -3.635
274.05861664221 -15.04751360833 0.0383 0.0351 13.7399 "" "" 4146212413692316928 1502.15979 0.6428 0.0456 -0.452 0.135 0.049 0.036 2.57 "" "" 13.44814 0.829273 13.370334 12.54106 "" "" 1418.14722 1594.58398 78648.5413 56.995 61275.0 460.83 76337.0 422.05 "" "" 0.002865459966716048 0.008629027 0.007093462 0.015722489 274.05861664221 -15.04751360833 1502.15979 -0.452 0.135
273.37380985305 -14.6222446312 0.0159 0.0146 33.5318 "" "" 4146440184391747584 1505.60303 0.6247 0.0185 1.215 -3.532 0.019 0.015 0.925 "" "" 13.45169 1.238397 13.986706 12.748309 12.72 9.99 1471.31128 1543.86731 78391.85876 17.965 34732.0 41.999 63072.0 19.001 "" "" 0.0027665320267732047 0.003083629 0.0037935094 0.0068771383 273.37380985305 -14.6222446312 1505.60303 1.215 -3.532
274.27647219131 -14.5853752333 0.014 0.0125 30.5416 "" "" 4146262574595661312 1609.75073 0.5711 0.0154 1.665 -1.308 0.018 0.015 1.013 "" "" 13.452115 2.070336 14.508162 12.437826 -9.89 1.66 1565.86975 1651.57666 78361.11239 19.557 21486.0 23.523 83951.0 29.784 "" "" 0.0027686126027230288 0.003032818 0.0037989607 0.0068317787 274.27647219131 -14.5853752333 1609.75073 1.665 -1.3080000000000003
273.74904964263 -14.36624635754 0.0151 0.0134 33.3016 "" "" 4146474200534345728 1608.86963 0.5802 0.0169 -0.834 -2.209 0.02 0.015 0.986 7979.6 3.8532 13.453869 1.026442 13.874414 12.847972 "" "" 1566.39233 1657.14331 78234.65818 17.639 38517.0 43.13 57540.0 45.606 "" "" 0.002766172995466298 0.0030435415 0.003876116 0.0069196573 273.74904964263 -14.36624635754 1608.86963 -0.8340000000000001 -2.209
274.19503502806 -14.94610523522 0.0197 0.0182 18.9761 "" "" 4146237049626286592 1320.52478 0.711 0.024 2.628 -0.295 0.024 0.021 1.378 4907.4 2.6542 13.455049 2.204725 14.605576 12.400851 -40.21 1.74 1280.53076 1363.41187 78149.60657 26.695 19642.0 24.218 86860.0 69.107 "" "" 0.002780168625514412 0.0030946913 0.0038768444 0.0069715357 274.19503502806 -14.94610523522 1320.52478 2.6279999999999997 -0.29500000000000004
274.14469769474 -15.31816849619 0.0198 0.0204 29.2658 "" "" 4146154277012309888 1582.75635 0.5907 0.0219 -1.5 -0.942 0.022 0.018 0.956 7965.7 4.0074 13.458696 0.733182 13.741713 13.008531 "" "" 1532.31873 1634.68616 77887.55996 24.047 43524.0 46.11 49630.0 37.137 "" "" 0.0027756360037623504 0.003017965 0.0038657174 0.0068836827 274.14469769474 -15.31816849619 1582.75635 -1.5 -0.942
273.44886728209 -15.32447924689 0.0169 0.0156 34.8873 "" "" 4145837613355298688 1728.29382 0.5307 0.0198 -3.294 -5.269 0.022 0.018 1.146 4842.7 2.6063 13.46496 2.060475 14.515861 12.455386 -0.4 1.93 1677.43738 1777.1991 77439.54965 20.045 21334.0 25.276 82604.0 50.544 "" "" 0.002769615980070117 0.0030724183 0.003837327 0.0069097453 273.44886728209 -15.32447924689 1728.29382 -3.2939999999999996 -5.269
273.6222644293 -14.48067570727 0.0147 0.0121 29.4375 "" "" 4146465885477661568 1721.68518 0.5408 0.016 -0.333 -0.873 0.02 0.014 1.002 "" "" 13.472594 0.82721 13.794847 12.967637 "" "" 1683.32739 1764.02136 76896.90551 60.255 41446.0 128.17 51535.0 136.14 "" "" 0.0028836759436997443 0.004365602 0.0047444953 0.009110097 273.6222644293 -14.48067570727 1721.68518 -0.333 -0.8730000000000001
273.79738358069 -15.50067593909 0.0159 0.0143 35.761 "" "" 4145772265462364032 1371.3114 0.6873 0.0189 1.456 -1.808 0.021 0.016 1.025 "" "" 13.47788 0.72892 13.753747 13.024827 "" "" 1336.81848 1398.38794 76523.43855 23.244 43045.0 34.053 48891.0 56.074 "" "" 0.0027749869281318636 0.0029193847 0.0039792433 0.006898628 273.79738358069 -15.50067593909 1371.3114 1.456 -1.8080000000000003
273.81176294845 -15.16940729553 0.0151 0.0131 15.9968 "" "" 4146204785830495104 1487.46289 0.6284 0.0168 -0.036 -1.534 0.021 0.015 0.939 7282.0 3.8304 13.479444 0.679801 13.732056 13.052255 "" "" 1455.38672 1522.89697 76413.29707 26.446 43913.0 49.426 47671.0 49.071 "" "" 0.0027808250744739468 0.003046053 0.003941168 0.006987221 273.81176294845 -15.16940729553 1487.46289 -0.036 -1.5340000000000003
274.05545371359 -15.39189286735 0.0197 0.0193 30.9117 "" "" 4146150630565478144 1937.59143 0.4771 0.0212 2.051 0.579 0.024 0.018 0.972 4891.4 2.7088 13.480532 1.915855 14.432725 12.51687 -53.15 1.6 1853.76074 2034.82971 76336.84238 25.41 23032.0 24.06 78057.0 46.01 "" "" 0.0027789212574516773 0.0030118846 0.0038331838 0.006845068 274.05545371359 -15.39189286735 1937.59143 2.051 0.5790000000000001
274.13694254079 -15.17665269882 0.0177 0.0167 22.3054 "" "" 4146160839722511616 1757.37573 0.5271 0.0212 -1.192 -2.995 0.021 0.016 0.898 "" "" 13.485589 1.19607 13.992002 12.795932 "" "" 1706.14307 1824.80933 75982.09465 20.2 34563.0 61.144 60365.0 29.826 "" "" 0.0027703980743311804 0.0033873676 0.003817265 0.0072046323 274.13694254079 -15.17665269882 1757.37573 -1.1919999999999995 -2.9950000000000006
274.11147186593 -15.16941519458 0.0166 0.0141 20.9831 "" "" 4146206366378213760 1656.41895 0.5612 0.0178 -1.211 -0.255 0.021 0.016 1.026 "" "" 13.486102 2.079534 14.548618 12.469085 10.75 1.81 1612.13354 1696.70935 75946.1518 19.69 20700.0 33.449 81569.0 40.34 "" "" 0.002769661800879814 0.0032959199 0.0038173348 0.0071132546 274.11147186593 -15.16941519458 1656.41895 -1.2110000000000003 -0.255
273.50720073551 -14.82834312746 0.0153 0.0129 21.5861 "" "" 4146416441812244096 1394.86621 0.6762 0.017 -3.5 -3.974 0.02 0.014 0.948 "" "" 13.487668 1.045428 13.918254 12.872826 -18.6 8.6 1363.52258 1422.15234 75836.72654 19.264 36993.0 39.212 56238.0 64.229 "" "" 0.0027690890136138086 0.0030182006 0.0039776065 0.0069958074 273.50720073551 -14.82834312746 1394.86621 -3.5 -3.9740000000000006
274.28551559519 -14.69396981598 0.0234 0.0215 27.3332 "" "" 4146259142938156672 1682.19824 0.5448 0.0282 -2.441 -2.322 0.03 0.025 1.745 "" "" 13.487703 2.301923 14.704454 12.402532 6.16 3.81 1625.36487 1773.38403 75834.23691 24.748 17932.0 22.273 86725.0 52.585 "" "" 0.002778009004422958 0.003098983 0.0038362902 0.0069352733 274.28551559519 -14.69396981598 1682.19824 -2.4409999999999994 -2.3219999999999996
273.99524450911 -14.98180207753 0.0158 0.0131 8.4792 "" "" 4146225539112495872 1512.44128 0.6176 0.0166 0.063 -1.172 0.023 0.016 1.069 7015.9 3.6296 13.494086 1.143415 13.959723 12.816308 "" "" 1476.21436 1552.08081 75389.74459 18.797 35606.0 46.992 59243.0 37.853 "" "" 0.002768586652309117 0.0031366122 0.0038425229 0.006979135 273.99524450911 -14.98180207753 1512.44128 0.06300000000000001 -1.172
273.57669035402 -15.09124570946 0.0153 0.0139 20.2192 "" "" 4146220075914713472 1815.90857 0.5104 0.0183 1.023 -1.734 0.019 0.015 1.007 "" "" 13.494589 1.766 14.350046 12.584046 27.86 1.82 1764.47595 1895.11157 75354.85438 16.663 24854.0 26.003 73374.0 29.968 "" "" 0.0027657603905456097 0.003012538 0.0038053081 0.006817846 273.57669035402 -15.09124570946 1815.90857 1.023 -1.734
274.04829583725 -14.65065488636 0.0159 0.0146 18.6246 "" "" 4146258249585090944 1559.09082 0.6027 0.0181 -0.458 -1.006 0.02 0.015 0.914 "" "" 13.497104 0.889404 13.84802 12.958615 "" "" 1512.87573 1618.58472 75180.48261 17.165 39465.0 41.713 51965.0 22.516 "" "" 0.002766448985411352 0.0030169508 0.0038085484 0.0068254992 274.04829583725 -14.65065488636 1559.09082 -0.458 -1.0060000000000002
273.3830675747 -15.1302422879 0.0149 0.0139 31.1899 "" "" 4146032952805867392 1700.23779 0.5449 0.0172 0.515 -1.819 0.02 0.016 1.104 6099.0 3.5216 13.504203 0.711913 13.504449 12.792536 "" "" 1654.02795 1748.84399 74690.53075 60.184 54155.0 1290.6 60554.0 1784.8 "" "" 0.0028908776714362187 0.026024826 0.03222395 0.058248777 273.3830675747 -15.1302422879 1700.23779 0.515 -1.819
273.94624433928 -15.09841407856 0.0159 0.0136 12.205 "" "" 4146211241143228160 1638.23608 0.5666 0.0172 -0.655 -2.753 0.021 0.015 1.089 5286.7 3.1077 13.508045 1.824596 14.400008 12.575412 -28.6 2.02 1591.88306 1683.04736 74426.70683 21.103 23736.0 23.201 73959.0 44.671 "" "" 0.002772464835827998 0.002985185 0.0038358541 0.006821039 273.94624433928 -15.09841407856 1638.23608 -0.655 -2.7529999999999992
273.52950840372 -15.34823058908 0.0177 0.0153 32.9261 "" "" 4145836586898330240 1615.75317 0.5784 0.0204 0.636 0.352 0.023 0.017 0.935 6897.5 3.5795 13.514029 0.887395 13.871272 12.983877 19.65 7.39 1565.30786 1664.99463 74017.5956 16.651 38629.0 30.005 50770.0 30.707 "" "" 0.002766124746152326 0.002914837 0.003836008 0.0067508454 273.52950840372 -15.34823058908 1615.75317 0.636 0.35200000000000004
273.65675528984 -14.65232367595 0.0154 0.0128 19.7448 "" "" 4146437053343353472 1385.43298 0.6799 0.016 1.488 -0.793 0.021 0.015 0.91 7513.8 3.7379 13.514756 1.156389 14.004055 12.847666 26.74 9.59 1358.20789 1412.85864 73968.07675 32.362 34182.0 64.372 57556.0 59.078 "" "" 0.0027959679832419366 0.0034591523 0.003940269 0.007399421 273.65675528984 -14.65232367595 1385.43298 1.4880000000000002 -0.7929999999999999
273.4459140343 -15.1141076796 0.015 0.0136 27.4917 "" "" 4146032299970802048 1644.26611 0.5643 0.0175 -0.598 0.909 0.019 0.014 1.044 "" "" 13.518403 1.850001 14.416835 12.566833 8.33 1.29 1596.78357 1701.07153 73720.019 17.779 23371.0 27.517 74546.0 31.461 "" "" 0.0027677342372489956 0.003069074 0.003807058 0.006876132 273.4459140343 -15.1141076796 1644.26611 -0.5980000000000001 0.9090000000000001
274.23382196454 -14.90961556988 0.0157 0.0138 21.0941 "" "" 4146238694576963712 1404.85413 0.6723 0.018 0.028 -2.303 0.022 0.017 1.076 "" "" 13.518751 0.614099 13.748541 13.134442 "" "" 1370.73096 1444.95178 73696.4322 20.219 43251.0 34.73 44196.0 28.971 "" "" 0.0027713751698363294 0.0029232071 0.003845811 0.0067690182 274.23382196454 -14.90961556988 1404.85413 0.028000000000000004 -2.3030000000000004
274.01324767007 -15.26439408963 0.0175 0.0155 22.8929 "" "" 4146199563150654464 1357.18665 0.6927 0.0201 -0.829 -0.795 0.022 0.015 0.948 8427.5 4.0857 13.518906 0.595977 13.741887 13.14591 "" "" 1317.14856 1409.69006 73685.90399 30.184 43517.0 33.459 43731.0 47.214 "" "" 0.0027909841715451 0.0029123747 0.0039569945 0.006869369 274.01324767007 -15.26439408963 1357.18665 -0.829 -0.7950000000000002
274.19560542614 -14.98878149888 0.0149 0.0131 19.4753 "" "" 4146233888530330240 1319.8938 0.7173 0.0172 -0.331 -0.363 0.019 0.015 0.907 "" "" 13.520468 0.88535 13.875359 12.990008 "" "" 1291.17126 1353.51111 73579.96144 15.93 38483.0 47.772 50484.0 41.683 "" "" 0.002765328743460348 0.0030986515 0.0038842454 0.006982897 274.19560542614 -14.98878149888 1319.8938 -0.331 -0.36300000000000004
273.64160252581 -15.11189974697 0.0332 0.0302 17.9921 "" "" 4146219384403133312 1416.64282 0.6717 0.0363 0.361 -1.587 0.042 0.035 2.139 8600.1 3.5359 13.522909 0.769505 13.812579 13.043074 "" "" 1341.16956 1507.35596 73414.69076 44.016 40774.0 29.1 48076.0 36.208 "" "" 0.0028311717715382833 0.0028957704 0.0038668308 0.0067626014 273.64160252581 -15.11189974697 1416.64282 0.361 -1.5869999999999997
273.56940572413 -15.42543753245 0.0168 0.0155 35.552 "" "" 4145824079952865408 1543.6626 0.6072 0.0212 -0.3 -1.004 0.027 0.019 0.88 9548.1 3.9927 13.524641 0.563483 13.732265 13.168782 "" "" 1502.34912 1600.71106 73297.71265 24.65 43905.0 35.428 42820.0 38.496 "" "" 0.0027794084494478263 0.0029244847 0.0039033953 0.0068278797 273.56940572413 -15.42543753245 1543.6626 -0.30000000000000004 -1.004
273.68751133318 -15.47307764068 0.0161 0.0137 35.4677 "" "" 4145820197302938112 1838.86353 0.5051 0.0189 0.225 -3.065 0.022 0.015 1.0 9036.8 3.807 13.526614 0.980653 13.923237 12.942584 "" "" 1785.72327 1904.11633 73164.5832 14.104 36823.0 34.238 52738.0 37.448 "" "" 0.0027632580738898753 0.0029671825 0.003857214 0.0068243966 273.68751133318 -15.47307764068 1838.86353 0.22499999999999998 -3.065
273.78822541951 -15.1406042076 0.0163 0.0135 14.6938 "" "" 4146216777379246720 1914.52087 0.4753 0.0176 2.825 -0.012 0.022 0.015 1.011 "" "" 13.527822 2.216291 14.684108 12.467816 8.75 1.11 1850.80884 1980.13794 73083.2885 31.748 18271.0 22.73 81664.0 48.708 "" "" 0.0027953972792181484 0.0030999128 0.0038344606 0.0069343736 273.78822541951 -15.1406042076 1914.52087 2.8249999999999997 -0.012000000000000002
274.3126259773 -15.15452118792 0.0174 0.0154 29.584 "" "" 4146183615915302912 1580.35559 0.594 0.0173 2.534 -1.703 0.022 0.017 0.987 "" "" 13.529558 1.016493 13.945297 12.928804 "" "" 1540.30139 1620.87012 72966.46567 18.361 36083.0 39.155 53412.0 34.132 "" "" 0.0027688324904084 0.003028719 0.00384254 0.006871259 274.3126259773 -15.15452118792 1580.35559 2.5339999999999994 -1.7030000000000003
273.77689601053 -14.81721348071 0.0163 0.0142 7.7039 "" "" 4146419289359058304 1761.64929 0.5228 0.0176 -1.797 1.992 0.02 0.016 1.018 "" "" 13.533744 2.194087 14.675555 12.481468 29.44 1.71 1704.6604 1810.84619 72685.70797 29.825 18416.0 21.211 80644.0 44.154 "" "" 0.0027911049738320415 0.0030575881 0.0038258475 0.006883436 273.77689601053 -14.81721348071 1761.64929 -1.7969999999999997 1.992
273.85394478483 -15.11340721938 0.0242 0.0216 12.312 "" "" 4146205503068845184 1743.15515 0.5289 0.0285 -4.058 -4.95 0.032 0.023 1.639 5982.2 3.0803 13.534414 1.913286 14.48166 12.568374 -1.33 2.67 1673.11646 1843.26831 72640.85481 18.001 22017.0 27.846 74440.0 34.238 "" "" 0.0027684254794953845 0.0031097725 0.0038122307 0.006922003 273.85394478483 -15.11340721938 1743.15515 -4.058000000000001 -4.950000000000001
273.51249365128 -15.2695837176 0.0173 0.0164 29.9593 "" "" 4145838270525576704 1759.4812 0.5236 0.0197 -2.441 -2.091 0.023 0.018 1.055 4926.3 2.8828 13.534789 1.903625 14.481262 12.577638 19.7 1.85 1699.6488 1822.19995 72615.76994 19.23 22025.0 19.338 73808.0 31.333 "" "" 0.0027702813747996742 0.0029485233 0.0038073838 0.006755907 273.51249365128 -15.2695837176 1759.4812 -2.4410000000000003 -2.091
