Clusters/UBC_342/UBC_342_members.tsv
# %ECSV 1.0
# ---
# datatype:
# - name: RA_ICRS_1
#   unit: deg
#   datatype: float64
#   format: '{:15.11f}'
#   description: Right ascension (ICRS) at Ep=2016.0 (ra)
#   meta: !!omap
#   - {ucd: POS_EQ_RA_MAIN}
#   - {width: 15}
#   - {precision: '11'}
# - name: DE_ICRS_1
#   unit: deg
#   datatype: float64
#   format: '{:15.11f}'
#   description: Declination (ICRS) at Ep=2016.0 (dec)
#   meta: !!omap
#   - {ucd: POS_EQ_DEC_MAIN}
#   - {width: 15}
#   - {precision: '11'}
# - name: e_RA_ICRS
#   unit: mas
#   datatype: float64
#   format: '{:7.4f}'
#   description: Standard error of right ascension (ra_error)
#   meta: !!omap
#   - {ucd: ERROR}
#   - {width: 7}
#   - {precision: '4'}
# - name: e_DE_ICRS
#   unit: mas
#   datatype: float64
#   format: '{:7.4f}'
#   description: Standard error of declination (dec_error)
#   meta: !!omap
#   - {ucd: ERROR}
#   - {width: 7}
#   - {precision: '4'}
# - name: _r_1
#   unit: ''
#   datatype: float64
#   format: '{:7.4f}'
#   description: Distance from center (273.87000693000-14.90879431000)[ICRS], at Epoch=J2016.0
#   meta: !!omap
#   - {ucd: POS_ANG_DIST_GENERAL}
#   - {width: 7}
#   - {precision: '4'}
# - name: HIP
#   datatype: int32
#   description: '? HIP cross-id number, van Leeuwen, Cat. I/311 (hip_original_ext_source_id)'
#   meta: !!omap
#   - {ucd: ID_NUMBER}
#   - {width: 6}
#   - values: {'null': -2147483648}
# - name: TYC2
#   datatype: string
#   description: Tycho-2 cross-id name, Hog et al., Cat. I/259 (tyc2_original_ext_source_id)
#   meta: !!omap
#   - {ucd: ID_CROSSID}
#   - {_votable_string_dtype: char}
# - name: Source
#   datatype: int64
#   description: Source identifier, identical to the Gaia-EDR3 source_id (id)
#   meta: !!omap
#   - {ucd: ID_MAIN}
#   - {width: 19}
# - name: rgeo
#   unit: pc
#   datatype: float64
#   format: '{:15.8f}'
#   description: '? Median of the geometric distance posterior (r_med_geo)'
#   meta: !!omap
#   - {ucd: PHYS_DISTANCE_TRUE}
#   - {width: 15}
#   - {precision: '8'}
#   - values: {'null': .nan}
# - name: Plx
#   unit: mas
#   datatype: float64
#   format: '{:9.4f}'
#   description: '? Parallax (parallax)'
#   meta: !!omap
#   - {ucd: POS_PARLX_TRIG}
#   - {width: 9}
#   - {precision: '4'}
#   - values: {'null': .nan}
# - name: e_Plx
#   unit: mas
#   datatype: float32
#   format: '{:7.4f}'
#   description: '? Standard error of parallax (parallax_error)'
#   meta: !!omap
#   - {ucd: ERROR}
#   - {width: 7}
#   - {precision: '4'}
#   - values: {'null': .nan}
# - name: pmRA
#   unit: mas / yr
#   datatype: float64
#   format: '{:9.3f}'
#   description: '? Proper motion in right ascension direction, pmRA*cosDE (pmra)'
#   meta: !!omap
#   - {ucd: POS_EQ_PMRA}
#   - {width: 9}
#   - {precision: '3'}
#   - values: {'null': .nan}
# - name: pmDE
#   unit: mas / yr
#   datatype: float64
#   format: '{:9.3f}'
#   description: '? Proper motion in declination direction (pmdec)'
#   meta: !!omap
#   - {ucd: POS_EQ_PMDEC}
#   - {width: 9}
#   - {precision: '3'}
#   - values: {'null': .nan}
# - name: e_pmRA
#   unit: mas / yr
#   datatype: float32
#   format: '{:6.3f}'
#   description: '? Standard error of proper motion in right ascension direction (pmra_error)'
#   meta: !!omap
#   - {ucd: ERROR}
#   - {width: 6}
#   - {precision: '3'}
#   - values: {'null': .nan}
# - name: e_pmDE
[...]
#       distance: !astropy.table.SerializedColumn
#         __class__: astropy.coordinates.distances.Distance
#         unit: !astropy.units.Unit {unit: pc}
#         value: !astropy.table.SerializedColumn {name: SkyCoord.distance}
#       frame: icrs
#       obstime: !astropy.time.Time {format: jyear_str, in_subfmt: '*', jd1: 367701545.0, jd2: 0.0, out_subfmt: '*', precision: 3, scale: tt}
#       pm_dec: !astropy.table.SerializedColumn
#         __class__: astropy.units.quantity.Quantity
#         unit: !astropy.units.Unit {unit: mas / yr}
#         value: !astropy.table.SerializedColumn {name: SkyCoord.pm_dec}
#       pm_ra_cosdec: !astropy.table.SerializedColumn
#         __class__: astropy.units.quantity.Quantity
#         unit: !astropy.units.Unit {unit: mas / yr}
#         value: !astropy.table.SerializedColumn {name: SkyCoord.pm_ra_cosdec}
#       ra: !astropy.table.SerializedColumn
#         __class__: astropy.coordinates.angles.Longitude
#         unit: *id001
#         value: !astropy.table.SerializedColumn {name: SkyCoord.ra}
#         wrap_angle: !astropy.coordinates.Angle
#           unit: *id001
#           value: 360.0
#       representation_type: spherical
# schema: astropy-2.0
RA_ICRS_1 DE_ICRS_1 e_RA_ICRS e_DE_ICRS _r_1 HIP TYC2 Source rgeo Plx e_Plx pmRA pmDE e_pmRA e_pmDE RUWE Teff logg Gmag BP-RP BPmag RPmag RV e_RV b_rgeo B_rgeo FG e_FG FBP e_FBP FRP e_FRP RAVE5 RAVE6 e_Gmag e_BPmag e_RPmag e_BP-RP SkyCoord.ra SkyCoord.dec SkyCoord.distance SkyCoord.pm_ra_cosdec SkyCoord.pm_dec rmRA rmDE e_rmRA e_rmDE rRV e_rRV v_pec v_pec3d e_vpec e_vpec3d Pmemb
[from data line 31]
273.95374206379 -14.72342415142 0.0222 0.0197 12.1365 "" "" 4146256119281318912 1519.27966 0.6184 0.0252 -0.036 -0.912 0.026 0.021 0.99 "" "" 14.472009 1.013494 14.883409 13.869915 "" "" 1465.93713 1592.20532 30629.72858 8.1557 15207.0 25.815 22449.0 21.643 "" "" 0.0027704450949840266 0.003343969 0.0039216606 0.0072656292 273.95374206379 -14.72342415142 1519.27966 -0.036000000000000004 -0.9119999999999999 0.12374999964237213 0.16808933067321774 0.122675866 0.11767586 "" "" 1.5031430161134995 "" 0.17956126370538636 "" 0.87
273.94304013596 -14.82921687767 0.0234 0.0209 6.3824 "" "" 4146254263855399424 1565.40515 0.6022 0.0251 -0.144 -1.053 0.029 0.022 0.975 "" "" 14.639578 1.419243 15.258333 13.83909 "" "" 1500.11462 1634.11389 26249.16594 19.604 10767.0 32.153 23095.0 60.166 "" "" 0.0028721605707063675 0.0042775525 0.004720613 0.008998165 273.94304013596 -14.82921687767 1565.40515 -0.14400000000000002 -1.0530000000000002 0.015749999642372142 0.027089330673217837 0.12567586 0.118675865 "" "" 0.2325077722003259 "" 0.02801316887621937 "" 0.94
273.89905439842 -14.90314734453 0.0249 0.0224 1.7179 "" "" 4146229937159197952 1571.71875 0.5977 0.0272 -0.263 -1.088 0.03 0.023 0.927 "" "" 14.662704 1.12942 15.132813 14.003393 "" "" 1501.96851 1639.42053 25695.97678 8.035 12086.0 16.725 19852.0 16.566 "" "" 0.0027761578594326483 0.003168988 0.0038864636 0.0070554516 273.89905439842 -14.90314734453 1571.71875 -0.263 -1.088 -0.10325000035762788 -0.007910669326782305 0.12667586 0.11967587 "" "" 0.7714613794261322 "" 0.09769488401670022 "" 0.93
274.24471974828 -14.96275919202 0.0233 0.0204 21.9632 "" "" 4146235327322426880 1526.45007 0.6102 0.0272 -0.255 -1.322 0.03 0.024 1.048 "" "" 14.688664 1.106082 15.147116 14.041034 "" "" 1462.87195 1605.11267 25088.8598 8.584 11928.0 21.05 19175.0 22.235 "" "" 0.0027802491410110894 0.0033847198 0.0039835675 0.007368287 274.24471974828 -14.96275919202 1526.45007 -0.255 -1.3220000000000003 -0.09525000035762787 -0.2419106693267823 0.12667586 0.12067586 "" "" 1.8811043190497705 "" 0.22855119356779482 "" 0.87
273.9887950544 -14.8418386494 0.0261 0.0231 7.9743 "" "" 4146251137119182336 1460.25403 0.6528 0.0303 -0.044 -1.082 0.034 0.025 1.012 7484.7 3.803 14.708488 1.458413 15.365031 13.906618 -20.92 14.18 1390.71899 1527.18811 24634.92606 7.8617 9759.0 18.605 21703.0 24.909 "" "" 0.0027770207183761934 0.0034741214 0.003979516 0.0074536377 273.9887950544 -14.8418386494 1460.25403 -0.044 -1.082 0.11574999964237213 -0.0019106693267822994 0.13067587 0.121675864 -18.425 15.137238 0.8012848156952432 18.442415306999887 0.1047066913492514 15.122944029500049 0.85
274.09976514111 -14.87117239241 0.0224 0.0195 13.5125 "" "" 4146250243765913856 1543.05078 0.6121 0.0266 -0.264 -1.112 0.03 0.022 1.051 7977.7 3.8825 14.728697 1.514705 15.415116 13.900412 "" "" 1491.05371 1597.68616 24180.65058 11.447 9319.0 15.697 21827.0 36.265 "" "" 0.002802849796282957 0.0033361118 0.0041878233 0.0075239353 274.09976514111 -14.87117239241 1543.05078 -0.26400000000000007 -1.112 -0.10425000035762788 -0.031910669326782326 0.12667586 0.118675865 "" "" 0.7974122059962901 "" 0.10048223230758087 "" 0.89
273.79073900282 -14.7639639879 0.0259 0.0227 9.8311 "" "" 4146420564980688512 1553.96912 0.6053 0.0278 -0.205 -0.903 0.031 0.023 1.073 9519.4 4.0079 14.794224 1.077557 15.231039 14.153482 "" "" 1494.2301 1625.71252 22764.45078 8.1486 11041.0 26.824 17289.0 20.291 "" "" 0.002782594519286434 0.003839656 0.0039884164 0.007828073 273.79073900282 -14.7639639879 1553.96912 -0.20499999999999996 -0.9029999999999999 -0.045250000357627856 0.17708933067321775 0.12767586 0.11967587 "" "" 1.3463166684456755 "" 0.16180235752378844 "" 0.93
274.19005253095 -15.17740462687 0.0343 0.0348 24.5693 "" "" 4146160702283507840 1616.14832 0.5768 0.0383 -0.083 -0.933 0.035 0.029 0.951 "" "" 14.816373 1.504733 15.499143 13.99441 "" "" 1534.84473 1708.67517 22304.77201 8.0148 8625.0 18.87 20017.0 32.465 "" "" 0.0027828039359998557 0.0036643667 0.0041694823 0.007833849 274.19005253095 -15.17740462687 1616.14832 -0.08300000000000003 -0.9330000000000002 0.07674999964237213 0.14708933067321772 0.13167587 0.12567586 "" "" 1.270953897252971 "" 0.16139044431620966 "" 0.88
273.82949923252 -14.73784794244 0.0252 0.0216 10.5225 "" "" 4146444170122776192 1443.1615 0.6502 0.0271 -0.12 -0.96 0.03 0.024 1.021 7988.9 4.0651 14.915238 1.104984 15.364213 14.259229 "" "" 1386.90466 1500.71094 20363.45658 8.8017 9766.3 11.89 15684.0 71.755 "" "" 0.002794999195752566 0.00308744 0.006241611 0.009329051 273.82949923252 -14.73784794244 1443.1615 -0.12 -0.9600000000000001 0.039749999642372136 0.12008933067321781 0.12667586 0.12067586 "" "" 0.8653140536937881 "" 0.10494661915549862 "" 0.91
273.80866779338 -14.73478797214 0.0255 0.0227 11.03 "" "" 4146420771139131264 1486.18457 0.6347 0.027 -0.189 -1.041 0.031 0.024 0.989 "" "" 14.955394 1.188464 15.460769 14.272305 "" "" 1428.93933 1547.3197 19624.07914 6.3168 8935.3 18.165 15497.0 22.861 "" "" 0.0027773964794351653 0.003557665 0.004104761 0.0076624257 273.80866779338 -14.73478797214 1486.18457 -0.18900000000000003 -1.041 -0.02925000035762787 0.03908933067321785 0.12767586 0.12067586 "" "" 0.3439237412854308 "" 0.04238318140357485 "" 0.88
273.91801703467 -14.89929590421 0.029 0.0262 2.8414 "" "" 4146227360178805120 1532.44775 0.6112 0.031 -0.08 -1.136 0.035 0.027 0.971 7458.5 3.8361 14.971696 1.18596 15.469308 14.283348 "" "" 1482.96167 1606.85535 19331.62739 7.4545 8865.3 14.267 15340.0 19.638 "" "" 0.0027869474423653233 0.0032921194 0.0040268674 0.0073189866 273.91801703467 -14.89929590421 1532.44775 -0.07999999999999997 -1.1360000000000003 0.07974999964237213 -0.055910669326782125 0.13167587 0.12367587 "" "" 0.7074684458886354 "" 0.091330184316573 "" 0.92
273.71903109603 -14.96016157171 0.0269 0.0246 9.2793 "" "" 4146228734568779008 1604.02307 0.5861 0.0313 -0.215 -1.02 0.034 0.025 0.979 7265.6 3.7313 14.988343 1.380365 15.605216 14.224851 -4.54 10.87 1524.53247 1682.17334 19037.47504 6.3275 7822.2 18.98 16189.0 22.426 "" "" 0.0027788512665615998 0.0038373722 0.0040676566 0.007905029 273.71903109603 -14.96016157171 1604.02307 -0.21500000000000008 -1.0199999999999994 -0.055250000357627865 0.060089330673217756 0.13067587 0.121675864 -2.0449999999999995 11.827237 0.6206307878803727 2.1371026121515575 0.07812426411966625 11.317541980049864 0.93
274.07829167846 -15.14719697034 0.0279 0.0239 18.7159 "" "" 4146206606896427904 1648.32812 0.5779 0.0299 -0.158 -1.219 0.035 0.025 0.979 "" "" 14.993701 1.615225 15.749468 14.134243 -28.96 7.45 1567.1283 1750.16089 18943.77317 16.276 6849.0 25.002 17598.0 34.101 "" "" 0.0029089470691456096 0.0048470483 0.0043255268 0.009172576 274.07829167846 -15.14719697034 1648.32812 -0.15800000000000008 -1.2190000000000005 0.0017499996423721298 -0.1389106693267823 0.13167587 0.121675864 -26.465 8.407237 1.0854056400644763 26.48724844908364 0.13206946203720876 8.400176983691612 0.81
273.49828157069 -14.86593213305 0.0307 0.0267 21.7077 "" "" 4146415754617453056 1649.79333 0.573 0.0348 -0.336 -1.176 0.039 0.027 1.103 7017.3 3.2304 15.045217 1.843306 15.942399 14.099092 -11.13 9.32 1551.16553 1749.18945 18065.92378 6.3943 5734.0 13.647 18177.0 9.1069 "" "" 0.002781989733271399 0.003802953 0.0038183278 0.007621281 273.49828157069 -14.86593213305 1649.79333 -0.336 -1.176 -0.1762500003576279 -0.09591066932678216 0.13567586 0.12367587 -8.635 10.277237 1.5691357402053794 8.776412249386983 0.20874160245175047 10.111711130223698 0.83
274.23098048438 -15.02129066652 0.0268 0.0237 21.9856 "" "" 4146232857738139136 1579.30383 0.5938 0.0306 -0.187 -1.297 0.033 0.026 1.034 9498.4 4.0809 15.049653 1.207572 15.563837 14.356265 "" "" 1506.37305 1668.73303 17992.25376 6.6023 8126.1 14.597 14343.0 16.807 "" "" 0.0027839760566128508 0.0034042317 0.0039877766 0.0073920083 274.23098048438 -15.02129066652 1579.30383 -0.18700000000000008 -1.297 -0.027250000357627868 -0.21691066932678216 0.12967587 0.122675866 "" "" 1.6365349034315058 "" 0.20094632032703336 "" 0.89
273.52089468442 -14.85716151778 0.0291 0.0261 20.4797 "" "" 4146416132574566912 1549.94214 0.608 0.0349 -0.213 -1.118 0.038 0.026 0.996 "" "" 15.180804 1.389813 15.797369 14.407556 "" "" 1458.37451 1622.2262 15945.01686 7.253 6553.4 15.582 13682.0 26.162 "" "" 0.0027992323680445957 0.003801244 0.004312061 0.008113305 273.52089468442 -14.85716151778 1549.94214 -0.21299999999999997 -1.1179999999999994 -0.053250000357627864 -0.03791066932678233 0.13467586 0.122675866 "" "" 0.4802298643444914 "" 0.06279602763007698 "" 0.9
274.06401787828 -15.03685034032 0.0298 0.026 13.6196 "" "" 4146212619850752128 1636.58838 0.5882 0.0324 -0.016 -1.119 0.037 0.028 1.082 9733.9 4.0261 15.205407 1.353507 15.77849 14.424983 "" "" 1554.34204 1734.36414 15587.76008 6.1999 6668.4 19.485 13464.0 39.396 "" "" 0.0027889563043120985 0.004224911 0.0049372427 0.009162154 274.06401787828 -15.03685034032 1636.58838 -0.015999999999999993 -1.119 0.14374999964237212 -0.03891066932678222 0.13367587 0.12467587 "" "" 1.155260698201757 "" 0.15374304752950738 "" 0.8
273.8796408874 -14.69507022911 0.0302 0.0264 12.8356 "" "" 4146444749925698560 1426.36768 0.6608 0.0349 -0.186 -1.05 0.037 0.029 0.997 7198.7 4.3269 15.365023 1.291865 15.934551 14.642686 "" "" 1349.60095 1509.61096 13456.66996 4.8725 5775.6 15.325 11018.0 16.837 "" "" 0.0027832251575367734 0.004010563 0.0041275313 0.008138094 273.8796408874 -14.69507022911 1426.36768 -0.186 -1.05 -0.026250000357627867 0.03008933067321773 0.13367587 0.12567586 "" "" 0.2699681970117973 "" 0.034878273703023085 "" 0.92
273.68830429877 -14.71538114079 0.0347 0.0285 15.6767 "" "" 4146423794796215296 1467.75098 0.653 0.0355 -0.144 -0.979 0.045 0.031 1.051 7668.3 4.0728 15.377986 1.32948 15.94076 14.61128 "" "" 1371.68054 1551.31738 13296.95532 8.776 5742.7 15.001 11341.0 23.342 "" "" 0.0028469783644789726 0.0039785383 0.0043906057 0.008369144 273.68830429877 -14.71538114079 1467.75098 -0.14400000000000007 -0.979 0.015749999642372142 0.10108933067321779 0.14167586 0.12767586 "" "" 0.7117774485960296 "" 0.091125565952901 "" 0.91
274.2082124391 -15.04733794619 0.0327 0.0288 21.2926 "" "" 4146232273622584448 1516.26709 0.6321 0.0382 -0.127 -1.184 0.044 0.032 0.998 7951.1 3.8819 15.410327 1.392063 16.029613 14.63755 "" "" 1441.48401 1600.07886 12906.72718 4.2142 5291.4 9.2473 11070.0 26.99 "" "" 0.0027780323542896963 0.0033742164 0.004614235 0.007988451 274.2082124391 -15.04733794619 1516.26709 -0.127 -1.184 0.03274999964237213 -0.10391066932678217 0.14067587 0.12867586 "" "" 0.7830314780961155 "" 0.10164200656820388 "" 0.89
273.53363159212 -14.81197436142 0.0349 0.0305 20.3541 "" "" 4146416368781325312 1545.76099 0.6147 0.0404 -0.292 -0.954 0.045 0.031 0.962 7533.1 3.8451 15.609493 1.792701 16.478514 14.685813 "" "" 1470.79163 1638.49927 10743.5866 5.9421 3499.5 15.293 10588.0 40.848 "" "" 0.0028199987427632136 0.005504313 0.0056417272 0.011146041 273.53363159212 -14.81197436142 1545.76099 -0.292 -0.9539999999999997 -0.13225000035762785 0.12608933067321781 0.14167586 0.12767586 "" "" 1.338812231733621 "" 0.18099465013488808 "" 0.81
273.64726916039 -14.7769235231 0.0367 0.0311 15.1488 "" "" 4146422042449540608 1688.3407 0.5539 0.0389 -0.162 -1.212 0.048 0.035 1.01 "" "" 15.689914 1.977529 16.663847 14.686317 "" "" 1590.12927 1783.08618 9976.56619 5.2816 2950.4 10.471 10584.0 13.023 "" "" 0.0028146353609433497 0.004757403 0.004008547 0.00876595 273.64726916039 -14.7769235231 1688.3407 -0.16199999999999984 -1.212 -0.0022500003576278738 -0.1319106693267822 0.14467587 0.13167587 "" "" 1.0557996738201123 "" 0.13902752890324954 "" 0.87
274.08467584356 -14.93177487006 0.0439 0.0384 12.522 "" "" 4146237869943182592 1613.90063 0.5892 0.0473 -0.223 -0.903 0.063 0.044 1.056 8359.1 4.4228 16.024347 1.592669 16.760973 15.168304 "" "" 1509.65662 1746.45959 7331.75276 3.7693 2697.9 18.569 6789.5 16.236 "" "" 0.0028112912560407377 0.007976761 0.0045852843 0.012562046 274.08467584356 -14.93177487006 1613.90063 -0.22299999999999992 -0.903 -0.06325000035762787 0.17708933067321775 0.15967587 0.14067587 "" "" 1.438528898057525 "" 0.2056408244577967 "" 0.86
273.78050042979 -14.67318596446 0.0448 0.0385 15.0599 "" "" 4146447567424333824 1801.14734 0.5429 0.0489 0.114 -1.155 0.057 0.044 0.952 9396.0 3.7743 16.194159 1.824918 17.057968 15.23305 "" "" 1641.76099 1947.40942 6270.23283 3.8697 2052.2 15.433 6396.4 27.264 "" "" 0.002835626663817106 0.008628552 0.0059749996 0.0146035515 273.78050042979 -14.67318596446 1801.14734 0.11400000000000006 -1.155 0.2737499996423721 -0.07491066932678225 0.15367587 0.14067587 "" "" 2.423048812497848 "" 0.3702565460326234 "" 0.85
274.13326009474 -14.93238865829 0.0483 0.0428 15.3281 "" "" 4146238007382119424 1345.78455 0.7202 0.0564 -0.022 -0.799 0.063 0.047 0.917 9270.5 3.9572 16.270561 1.895246 17.16506 15.269815 "" "" 1252.51208 1437.21082 5844.1594 3.6543 1859.5 12.006 6183.5 16.03 "" "" 0.002837727251880598 0.007545002 0.004712319 0.012257321 274.13326009474 -14.93238865829 1345.78455 -0.022 -0.7990000000000003 0.13774999964237214 0.28108933067321773 0.15967587 0.14367586 "" "" 1.9968088927855059 "" 0.29335195482738674 "" 0.86
