Clusters/Collinder_419/Collinder_419_stars_in_region.tsv
# %ECSV 1.0
# ---
# datatype:
# - name: RA_ICRS_1
#   unit: deg
#   datatype: float64
#   format: '{:15.11f}'
#   description: Right ascension (ICRS) at Ep=2016.0 (ra)
#   meta: !!omap
#   - {ucd: POS_EQ_RA_MAIN}
#   - {width: 15}
#   - {precision: '11'}
# - name: DE_ICRS_1
#   unit: deg
#   datatype: float64
#   format: '{:15.11f}'
#   description: Declination (ICRS) at Ep=2016.0 (dec)
#   meta: !!omap
#   - {ucd: POS_EQ_DEC_MAIN}
#   - {width: 15}
#   - {precision: '11'}
# - name: e_RA_ICRS
#   unit: mas
#   datatype: float64
#   format: '{:7.4f}'
#   description: Standard error of right ascension (ra_error)
#   meta: !!omap
#   - {ucd: ERROR}
#   - {width: 7}
#   - {precision: '4'}
# - name: e_DE_ICRS
#   unit: mas
#   datatype: float64
#   format: '{:7.4f}'
#   description: Standard error of declination (dec_error)
#   meta: !!omap
#   - {ucd: ERROR}
#   - {width: 7}
#   - {precision: '4'}
# - name: _r_1
#   unit: ''
#   datatype: float64
#   format: '{:7.4f}'
#   description: Distance from center (304.53230727000+40.74720599000)[ICRS], at Epoch=J2016.0
#   meta: !!omap
#   - {ucd: POS_ANG_DIST_GENERAL}
#   - {width: 7}
#   - {precision: '4'}
# - name: HIP
#   datatype: int32
#   description: '? HIP cross-id number, van Leeuwen, Cat. I/311 (hip_original_ext_source_id)'
#   meta: !!omap
#   - {ucd: ID_NUMBER}
#   - {width: 6}
#   - values: {'null': -2147483648}
# - name: TYC2
#   datatype: string
#   description: Tycho-2 cross-id name, Hog et al., Cat. I/259 (tyc2_original_ext_source_id)
#   meta: !!omap
#   - {ucd: ID_CROSSID}
#   - {_votable_string_dtype: char}
# - name: Source
#   datatype: int64
#   description: Source identifier, identical to the Gaia-EDR3 source_id (id)
#   meta: !!omap
#   - {ucd: ID_MAIN}
#   - {width: 19}
# - name: rgeo
#   unit: pc
#   datatype: float64
#   format: '{:15.8f}'
#   description: '? Median of the geometric distance posterior (r_med_geo)'
#   meta: !!omap
#   - {ucd: PHYS_DISTANCE_TRUE}
#   - {width: 15}
#   - {precision: '8'}
#   - values: {'null': .nan}
# - name: Plx
#   unit: mas
#   datatype: float64
#   format: '{:9.4f}'
#   description: '? Parallax (parallax)'
#   meta: !!omap
#   - {ucd: POS_PARLX_TRIG}
#   - {width: 9}
#   - {precision: '4'}
#   - values: {'null': .nan}
# - name: e_Plx
#   unit: mas
#   datatype: float32
#   format: '{:7.4f}'
#   description: '? Standard error of parallax (parallax_error)'
#   meta: !!omap
#   - {ucd: ERROR}
#   - {width: 7}
#   - {precision: '4'}
#   - values: {'null': .nan}
# - name: pmRA
#   unit: mas / yr
#   datatype: float64
#   format: '{:9.3f}'
#   description: '? Proper motion in right ascension direction, pmRA*cosDE (pmra)'
#   meta: !!omap
#   - {ucd: POS_EQ_PMRA}
#   - {width: 9}
#   - {precision: '3'}
#   - values: {'null': .nan}
# - name: pmDE
#   unit: mas / yr
#   datatype: float64
#   format: '{:9.3f}'
#   description: '? Proper motion in declination direction (pmdec)'
#   meta: !!omap
#   - {ucd: POS_EQ_PMDEC}
#   - {width: 9}
#   - {precision: '3'}
#   - values: {'null': .nan}
# - name: e_pmRA
#   unit: mas / yr
#   datatype: float32
#   format: '{:6.3f}'
#   description: '? Standard error of proper motion in right ascension direction (pmra_error)'
#   meta: !!omap
#   - {ucd: ERROR}
#   - {width: 6}
#   - {precision: '3'}
#   - values: {'null': .nan}
# - name: e_pmDE
[...]
#         unit: &id001 !astropy.units.Unit {unit: deg}
#         value: !astropy.table.SerializedColumn {name: SkyCoord.dec}
#       distance: !astropy.table.SerializedColumn
#         __class__: astropy.coordinates.distances.Distance
#         unit: !astropy.units.Unit {unit: pc}
#         value: !astropy.table.SerializedColumn {name: SkyCoord.distance}
#       frame: icrs
#       obstime: !astropy.time.Time {format: jyear_str, in_subfmt: '*', jd1: 367701545.0, jd2: 0.0, out_subfmt: '*', precision: 3, scale: tt}
#       pm_dec: !astropy.table.SerializedColumn
#         __class__: astropy.units.quantity.Quantity
#         unit: !astropy.units.Unit {unit: mas / yr}
#         value: !astropy.table.SerializedColumn {name: SkyCoord.pm_dec}
#       pm_ra_cosdec: !astropy.table.SerializedColumn
#         __class__: astropy.units.quantity.Quantity
#         unit: !astropy.units.Unit {unit: mas / yr}
#         value: !astropy.table.SerializedColumn {name: SkyCoord.pm_ra_cosdec}
#       ra: !astropy.table.SerializedColumn
#         __class__: astropy.coordinates.angles.Longitude
#         unit: *id001
#         value: !astropy.table.SerializedColumn {name: SkyCoord.ra}
#         wrap_angle: !astropy.coordinates.Angle
#           unit: *id001
#           value: 360.0
#       representation_type: spherical
# schema: astropy-2.0
RA_ICRS_1 DE_ICRS_1 e_RA_ICRS e_DE_ICRS _r_1 HIP TYC2 Source rgeo Plx e_Plx pmRA pmDE e_pmRA e_pmDE RUWE Teff logg Gmag BP-RP BPmag RPmag RV e_RV b_rgeo B_rgeo FG e_FG FBP e_FBP FRP e_FRP RAVE5 RAVE6 e_Gmag e_BPmag e_RPmag e_BP-RP SkyCoord.ra SkyCoord.dec SkyCoord.distance SkyCoord.pm_ra_cosdec SkyCoord.pm_dec
[from data line 640]
304.28792699943 41.25525630647 0.0168 0.0187 32.4294 "" "" 2068577406494621184 1006.56152 0.9651 0.0215 0.334 -8.707 0.022 0.025 0.945 6693.8 4.2748 15.245263 1.35144 15.843286 14.491846 "" "" 986.324036 1028.58582 15025.93158 3.7504 6282.1 11.529 12660.0 10.765 "" "" 0.002768614711345808 0.0034286056 0.003890509 0.0073191146 304.28792699943 41.25525630647 1006.56152 0.3340000000000001 -8.706999999999999
304.67070910919 40.56389362635 0.0171 0.02 12.6752 "" "" 2062341835538864000 850.092041 1.1474 0.0214 -10.764 5.192 0.023 0.025 1.036 5578.6 4.5097 15.24943 1.124706 15.729127 14.604421 "" "" 836.2146 864.022827 14968.37837 3.6215 6978.6 11.927 11413.0 9.7575 "" "" 0.002767813883131702 0.0033508723 0.003891705 0.007242577 304.67070910919 40.56389362635 850.092041 -10.764 5.192
304.78651670306 40.43468350394 0.0175 0.0214 22.0401 "" "" 2062293182148033408 990.583435 0.9839 0.0232 -0.212 -4.019 0.023 0.026 0.996 5538.6 4.3063 15.249571 1.272634 15.806868 14.534234 "" "" 968.559631 1020.41876 14966.44271 5.4839 6496.4 11.382 12175.0 16.8 "" "" 0.0027838923205621693 0.0033769284 0.0040654982 0.007442427 304.78651670306 40.43468350394 990.583435 -0.2120000000000002 -4.019
304.23694468463 40.22750461202 0.0206 0.0204 33.9703 "" "" 2062310739974747648 918.542908 1.0605 0.0242 -3.817 -9.28 0.026 0.027 1.126 5617.7 4.3908 15.251277 1.242366 15.777988 14.535623 "" "" 900.493774 940.248474 14942.9304 37.282 6671.5 58.062 12159.0 90.537 "" "" 0.0038639036977767553 0.009852488 0.008924275 0.018776763 304.23694468463 40.22750461202 918.542908 -3.8170000000000006 -9.28
304.56920243835 40.91928474086 0.0176 0.0205 10.4597 "" "" 2068367502848915712 912.857605 1.0662 0.0223 -10.915 -11.409 0.024 0.026 0.92 5219.9 4.4313 15.255677 1.199658 15.779069 14.579411 "" "" 894.036133 937.362061 14882.50452 3.3689 6664.8 11.332 11679.0 14.503 "" "" 0.0027662600007148496 0.0033455873 0.0040126746 0.007358262 304.56920243835 40.91928474086 912.857605 -10.915 -11.409000000000002
304.90756698815 40.90921332669 0.0174 0.0197 19.6149 "" "" 2068358741115511168 942.436829 1.0354 0.0214 0.877 0.215 0.023 0.025 0.993 6136.1 4.2658 15.260018 1.556512 15.98581 14.429298 "" "" 924.70874 958.388306 14823.11337 4.1379 5509.3 13.09 13410.0 10.386 "" "" 0.002771939772076462 0.00379998 0.0038718004 0.0076717804 304.90756698815 40.90921332669 942.436829 0.877 0.21500000000000002
304.09840461959 40.81231535364 0.0191 0.0207 20.0971 "" "" 2062545245191873024 1073.13782 0.9052 0.024 1.334 -2.151 0.028 0.027 1.132 6851.3 4.1895 15.279181 1.576183 16.000404 14.424221 "" "" 1048.55872 1098.25 14563.78391 4.6127 5435.7 17.8 13473.0 24.81 "" "" 0.002776696234515754 0.0045195064 0.004275639 0.008795146 304.09840461959 40.81231535364 1073.13782 1.3339999999999999 -2.151
303.99415000122 40.45353269377 0.0176 0.0196 30.1914 "" "" 2062329500392203520 934.058777 1.0437 0.0213 1.022 -1.612 0.023 0.025 0.966 5483.9 4.4929 15.280584 1.073832 15.735505 14.661673 "" "" 917.211914 950.380981 14544.98052 6.7324 6937.7 17.741 10827.0 16.999 "" "" 0.0028007763165339996 0.0039361934 0.004146036 0.00808223 303.99415000122 40.45353269377 934.058777 1.022 -1.612
304.37315235101 40.41949953718 0.0184 0.0198 20.9572 "" "" 2062337261388775680 900.888367 1.0858 0.0228 0.97 -6.97 0.023 0.024 1.026 5611.5 4.4899 15.28175 1.104081 15.737488 14.633407 "" "" 878.229065 924.592102 14529.37711 5.7915 6925.0 12.372 11112.0 14.87 "" "" 0.002789101820102156 0.003398184 0.004049039 0.007447223 304.37315235101 40.41949953718 900.888367 0.9699999999999998 -6.97
304.44555119439 40.3975821166 0.0174 0.0203 21.3468 "" "" 2062334104597629568 1114.17505 0.8691 0.0222 -1.271 -3.098 0.022 0.025 1.023 6784.6 4.3007 15.294374 1.340882 15.887407 14.546525 "" "" 1090.38855 1146.30811 14361.41364 4.3765 6031.9 9.4058 12038.0 14.639 "" "" 0.002775114893286891 0.0032636507 0.0040033725 0.0072670234 304.44555119439 40.3975821166 1114.17505 -1.2710000000000001 -3.0979999999999994
305.20003742235 41.10901352419 0.0182 0.0205 37.249 "" "" 2068384339120546944 1009.57544 0.9526 0.0228 -2.041 -5.824 0.023 0.027 1.087 "" "" 15.296281 2.134061 16.392164 14.258103 "" "" 990.241394 1033.01721 14336.21596 10.836 3789.2 12.958 15701.0 34.967 "" "" 0.0028749362315216007 0.0046444344 0.004486694 0.009131128 305.20003742235 41.10901352419 1009.57544 -2.0409999999999995 -5.823999999999998
304.31952624162 40.74431722336 0.0252 0.0296 9.6739 "" "" 2062357194342048896 930.384521 1.0455 0.0326 -2.476 -6.781 0.035 0.035 1.584 5318.4 3.6003 15.296401 2.119379 16.347195 14.227816 20.63 7.01 906.338074 953.266724 14334.62195 24.748 3949.5 55.591 16145.0 96.144 "" "" 0.0033324797700391173 0.015534849 0.007489168 0.023024017 304.31952624162 40.74431722336 930.384521 -2.4759999999999995 -6.781
303.98826163667 40.56425607021 0.0175 0.0188 27.0878 "" "" 2062519166149538816 890.152283 1.1022 0.0214 7.154 2.194 0.023 0.024 0.963 5350.8 4.4782 15.301857 1.030182 15.729831 14.699649 "" "" 873.369202 907.284546 14262.7783 3.7656 6974.0 8.0566 10454.0 10.544 "" "" 0.0027701910651391428 0.003059128 0.003934836 0.0069939643 303.98826163667 40.56425607021 890.152283 7.153999999999999 2.194
304.3739458462 41.00687065513 0.0175 0.0192 17.1566 "" "" 2062554968997910144 943.817688 1.0363 0.0211 -10.041 7.429 0.025 0.024 0.932 5794.3 4.447 15.308809 1.098254 15.776328 14.678074 "" "" 925.906067 962.018677 14171.7298 3.7722 6681.7 14.219 10664.0 11.009 "" "" 0.0027704349394575838 0.0036226327 0.0039420878 0.0075647207 304.3739458462 41.00687065513 943.817688 -10.041 7.428999999999999
305.05817879604 40.97259219645 0.0172 0.0205 27.4287 "" "" 2068359806267362816 1030.11694 0.9405 0.0218 -2.226 -6.349 0.023 0.027 0.991 5387.3 3.9977 15.312204 2.115783 16.401155 14.285373 -37.0 7.4 1010.05316 1054.30774 14127.49159 12.353 3758.0 13.701 15311.0 41.652 "" "" 0.0029142883934378133 0.004842932 0.004796632 0.009639564 305.05817879604 40.97259219645 1030.11694 -2.2259999999999995 -6.348999999999998
304.91481843918 40.7999074877 0.0189 0.0213 17.6658 "" "" 2068351525571941120 985.417053 0.9888 0.024 -2.348 -6.461 0.025 0.027 0.996 "" "" 15.314045 1.531229 15.875357 14.344128 "" "" 959.398315 1011.27423 14103.55501 22.721 6099.2 129.31 14505.0 163.16 "" "" 0.0032636268576415033 0.02318733 0.0127843525 0.035971683 304.91481843918 40.7999074877 985.417053 -2.347999999999999 -6.4609999999999985
304.56831146684 40.75082179712 0.0186 0.0215 1.6509 "" "" 2062360699035466240 1153.09753 0.8361 0.0224 -2.299 -2.625 0.026 0.027 1.003 "" "" 15.314936 1.393043 15.939296 14.546253 "" "" 1124.80176 1186.45508 14092.00061 3.7709 5750.4 12.84 12041.0 12.439 "" "" 0.00277059547656727 0.0036962698 0.0039423048 0.0076385746 304.56831146684 40.75082179712 1153.09753 -2.2990000000000004 -2.625
303.89113070586 41.13394274578 0.0184 0.0187 37.1876 "" "" 2062568815972677120 1154.65308 0.8402 0.0216 -2.64 -10.842 0.026 0.024 0.973 5613.5 4.1069 15.316674 1.676698 16.110926 14.434228 "" "" 1127.8186 1182.26953 14069.44844 4.2002 4909.6 9.5897 13350.0 11.155 "" "" 0.002774319497802861 0.0035046395 0.0038867434 0.007391383 303.89113070586 41.13394274578 1154.65308 -2.6400000000000006 -10.841999999999999
305.17381307846 40.63959119588 0.0201 0.0265 29.8894 "" "" 2068292804773783936 930.987427 1.0464 0.0281 5.346 2.723 0.029 0.032 1.068 "" "" 15.330559 1.085072 15.694835 14.609763 "" "" 908.415161 952.186218 13890.67282 6.1605 7202.5 128.01 11357.0 145.57 "" "" 0.0027970795051736794 0.019497458 0.014420643 0.0339181 305.17381307846 40.63959119588 930.987427 5.346 2.723
304.17831837397 40.39330054674 0.0195 0.0207 26.6681 "" "" 2062325858259754496 1124.56824 0.8612 0.0237 0.319 0.804 0.024 0.026 1.144 "" "" 15.332298 1.578723 16.0634 14.484677 "" "" 1100.11536 1154.94678 13868.43862 5.3329 5129.3 15.434 12743.0 15.091 "" "" 0.002786772080374391 0.004296291 0.0039921156 0.008288407 304.17831837397 40.39330054674 1124.56824 0.31900000000000006 0.804
304.84479198377 40.93639151174 0.0178 0.0204 18.1668 "" "" 2068356129775425024 1011.06921 0.9605 0.0224 -2.604 -6.211 0.023 0.025 1.051 5363.3 3.7349 15.335772 1.845794 16.213514 14.367721 -1.59 5.22 984.047852 1031.10266 13824.13254 252.25 4467.0 267.16 14193.0 772.43 "" "" 0.020002193763156866 0.06499506 0.05921009 0.12420515 304.84479198377 40.93639151174 1011.06921 -2.604 -6.211
304.50520220535 41.00473811969 0.0189 0.0207 15.5008 "" "" 2068371694737048576 869.954102 1.1249 0.0233 -5.304 -0.583 0.026 0.027 1.065 4994.7 4.3762 15.339849 1.321356 15.929718 14.608362 "" "" 854.846924 896.782593 13772.32255 3.57 5801.4 9.9815 11371.0 12.681 "" "" 0.002769656601716027 0.0033577732 0.003968603 0.007326376 304.50520220535 41.00473811969 869.954102 -5.304 -0.5829999999999997
304.56520900086 41.06128789481 0.0193 0.0219 18.9039 "" "" 2068372278852595968 1056.98865 0.9161 0.0232 -3.355 -7.08 0.025 0.026 0.966 "" "" 15.34133 1.539293 16.047615 14.508322 "" "" 1030.47327 1084.52869 13753.55588 4.4342 5204.4 15.341 12469.0 15.05 "" "" 0.002777466704660714 0.0042459103 0.0040001343 0.008246045 304.56520900086 41.06128789481 1056.98865 -3.355000000000001 -7.080000000000002
304.09890925719 40.97374712081 0.0199 0.0206 23.9069 "" "" 2062551739182640896 904.43573 1.0813 0.0235 -1.27 -9.147 0.027 0.027 1.004 5048.6 4.3464 15.345057 1.162076 15.842648 14.680572 "" "" 884.547424 928.390076 13706.41868 6.649 6285.8 14.823 10640.0 13.601 "" "" 0.0028052083311344723 0.0037868794 0.0040261582 0.007813037 304.09890925719 40.97374712081 904.43573 -1.27 -9.147000000000002
304.31335780007 40.35526416938 0.0184 0.0206 25.5472 "" "" 2062313213876264192 1132.90063 0.8524 0.0231 -5.184 -6.823 0.024 0.027 0.989 6638.9 3.9711 15.348917 1.810587 16.228231 14.417644 "" "" 1102.13403 1162.80957 13657.77842 4.7026 4406.8 11.695 13555.0 8.9418 "" "" 0.0027805653222276335 0.004010913 0.0038466486 0.007857561 304.31335780007 40.35526416938 1132.90063 -5.184000000000001 -6.823
304.80702686932 40.83382303823 0.0188 0.022 13.5184 "" "" 2068355098983258496 994.072083 0.9809 0.0235 -2.386 -6.421 0.025 0.029 0.976 5004.7 3.7284 15.354898 2.002303 16.36562 14.363317 "" "" 972.044006 1015.22797 13582.73471 20.008 3883.0 48.009 14251.0 63.969 "" "" 0.00318585578611169 0.013710829 0.0061672973 0.019878127 304.80702686932 40.83382303823 994.072083 -2.3859999999999997 -6.421000000000001
304.45789985767 41.09205009963 0.02 0.0208 20.9638 "" "" 2068560054826627072 1120.62524 0.8622 0.0226 -5.141 -4.407 0.026 0.027 1.03 5154.8 3.5838 15.356525 1.967678 16.342594 14.374916 -48.29 3.91 1097.703 1143.24976 13562.39644 4.1173 3966.2 11.617 14099.0 17.088 "" "" 0.002774965254433398 0.0042306287 0.0040019187 0.008232547 304.45789985767 41.09205009963 1120.62524 -5.141 -4.407
304.87291103838 41.02377793048 0.0379 0.0463 22.6733 "" "" 2068363036082852480 806.276794 1.2024 0.0484 -5.693 -8.699 0.05 0.056 2.176 5111.1 4.5731 15.363912 1.196911 15.871496 14.674585 "" "" 781.459351 840.269348 13470.45519 10.59 6120.9 17.114 10699.0 20.412 "" "" 0.002884504682777404 0.004123178 0.004309812 0.00843299 304.87291103838 41.02377793048 806.276794 -5.693 -8.699
304.38628264254 40.21065752642 0.02 0.0211 32.8755 "" "" 2062308609670861568 803.263123 1.2245 0.0243 35.824 -30.336 0.026 0.029 1.026 5474.4 4.5725 15.365383 1.095127 15.828344 14.733217 "" "" 786.463318 818.164856 13452.20832 7.0661 6369.1 10.718 10136.0 14.748 "" "" 0.0028137238970983598 0.0033351623 0.0040962626 0.007431425 304.38628264254 40.21065752642 803.263123 35.824 -30.336
304.13508320775 40.54944134977 0.0184 0.0193 21.6285 "" "" 2062330806062214272 1145.28479 0.8528 0.0228 2.363 -0.461 0.024 0.024 0.984 6317.8 3.9497 15.36546 1.639143 16.13733 14.498186 "" "" 1108.57605 1177.58252 13451.24519 3.6337 4791.7 11.05 12586.0 10.681 "" "" 0.0027708868289423308 0.0037488644 0.0038900778 0.0076389425 304.13508320775 40.54944134977 1145.28479 2.363 -0.46100000000000013
304.5116450626 40.70723307222 0.0182 0.0216 2.5758 "" "" 2062359049767853056 1143.94275 0.8469 0.0242 6.351 -3.989 0.026 0.027 1.072 6647.3 4.177 15.369076 1.578753 16.105621 14.526869 "" "" 1112.46643 1177.28601 13406.53483 3.7421 4933.7 11.49 12258.0 12.476 "" "" 0.0027719365906104486 0.0037654499 0.0039376197 0.0077030696 304.5116450626 40.70723307222 1143.94275 6.351 -3.9890000000000003
305.30638817534 40.6147464686 0.0208 0.0236 36.1069 "" "" 2068292014503362304 891.033569 1.1021 0.0263 4.764 -13.102 0.029 0.032 1.192 4760.5 4.3564 15.373422 1.318559 15.963178 14.644619 "" "" 872.101685 914.140808 13352.97441 3.874 5625.3 15.68 10998.0 14.94 "" "" 0.0027732674378551183 0.004116318 0.004056975 0.0081732925 305.30638817534 40.6147464686 891.033569 4.764 -13.102
304.26296562761 40.48908838902 0.0185 0.0194 19.7566 "" "" 2062350047516278272 998.345154 0.9745 0.0226 -3.214 -15.176 0.024 0.023 0.987 5677.1 4.3638 15.374011 1.222536 15.90695 14.684414 "" "" 975.496826 1028.16138 13345.72534 3.5797 5924.3 12.949 10602.0 11.305 "" "" 0.0027706680504466777 0.0036629012 0.0039527286 0.0076156296 304.26296562761 40.48908838902 998.345154 -3.214000000000001 -15.176000000000002
304.76500479982 40.85939350671 0.0185 0.0233 12.5301 "" "" 2068353965111913728 1049.68774 0.9298 0.0241 -1.661 -9.621 0.026 0.032 1.05 6305.8 4.2784 15.383384 1.505707 16.074001 14.568295 "" "" 1027.69617 1074.67529 13231.01204 4.0358 5079.4 12.218 11799.0 13.577 "" "" 0.0027751518817392983 0.0038217367 0.0039805267 0.0078022634 304.76500479982 40.85939350671 1049.68774 -1.6610000000000003 -9.621000000000002
305.14421972057 40.37755814927 0.02 0.0209 35.6351 "" "" 2068280091674019328 810.639771 1.2089 0.0245 -13.762 -22.344 0.026 0.028 0.962 4913.0 4.4117 15.384577 1.204427 15.909111 14.704684 "" "" 797.384949 828.06604 13216.48377 3.6366 5912.5 16.653 10406.0 15.598 "" "" 0.00277146880195967 0.0041396576 0.004114893 0.00825455 305.14421972057 40.37755814927 810.639771 -13.762 -22.344000000000005
304.65499773334 40.62447552223 0.0184 0.0215 9.2405 "" "" 2062344373854999808 911.53302 1.0751 0.0231 9.464 11.557 0.025 0.028 1.01 5536.0 4.5464 15.385024 1.207274 15.901025 14.69375 "" "" 893.973389 928.885315 13211.04708 3.6965 5956.7 9.9348 10511.0 19.927 "" "" 0.0027720172446979966 0.0033262821 0.0043035555 0.007629838 304.65499773334 40.62447552223 911.53302 9.464 11.556999999999999
305.24430450638 40.81183609635 0.0176 0.0206 32.5802 "" "" 2068307235867549312 864.967957 1.1227 0.0224 2.252 6.006 0.023 0.028 1.077 4989.0 4.4104 15.387775 1.146211 15.879568 14.733357 "" "" 848.846497 881.291809 13177.61105 3.3585 6075.6 11.702 10135.0 15.321 "" "" 0.0027691805080731825 0.003486855 0.004120387 0.007607242 305.24430450638 40.81183609635 864.967957 2.252 6.006
304.43517763178 41.32151284121 0.0184 0.0213 34.7377 "" "" 2068567545249675136 1083.32324 0.889 0.0239 0.44 -1.935 0.024 0.028 1.011 "" "" 15.388484 2.007712 16.394833 14.38712 6.96 10.74 1060.27905 1106.62878 13169.01483 4.3977 3779.9 9.0932 13942.0 15.42 "" "" 0.0027790734552405457 0.003821937 0.0039655687 0.0077875056 304.43517763178 41.32151284121 1083.32324 0.4400000000000002 -1.935
304.2162223529 40.43235598984 0.0255 0.0291 23.7546 "" "" 2062326304936349952 963.443054 1.0159 0.0322 -7.103 -2.948 0.033 0.036 1.513 5749.8 4.4656 15.39401 1.197701 15.908455 14.710753 "" "" 934.716675 995.017456 13102.15944 3.2996 5916.1 12.286 10348.0 14.884 "" "" 0.0027688539471531597 0.0035873342 0.0040893178 0.0076766517 304.2162223529 40.43235598984 963.443054 -7.1030000000000015 -2.9480000000000004
304.93670296228 40.58740838994 0.0184 0.0218 20.7519 "" "" 2068300673158033920 897.693237 1.0907 0.0247 3.997 -8.302 0.026 0.027 1.002 4960.7 4.3854 15.395164 1.170079 15.900067 14.729988 "" "" 876.581482 916.423035 13088.23548 3.4697 5962.0 11.567 10166.0 12.779 "" "" 0.002770313188001428 0.003496029 0.004018261 0.00751429 304.93670296228 40.58740838994 897.693237 3.9970000000000008 -8.302000000000001
