Clusters/Collinder_419/Collinder_419_stars_in_region.tsv
# %ECSV 1.0
# ---
# datatype:
# - name: RA_ICRS_1
#   unit: deg
#   datatype: float64
#   format: '{:15.11f}'
#   description: Right ascension (ICRS) at Ep=2016.0 (ra)
#   meta: !!omap
#   - {ucd: POS_EQ_RA_MAIN}
#   - {width: 15}
#   - {precision: '11'}
# - name: DE_ICRS_1
#   unit: deg
#   datatype: float64
#   format: '{:15.11f}'
#   description: Declination (ICRS) at Ep=2016.0 (dec)
#   meta: !!omap
#   - {ucd: POS_EQ_DEC_MAIN}
#   - {width: 15}
#   - {precision: '11'}
# - name: e_RA_ICRS
#   unit: mas
#   datatype: float64
#   format: '{:7.4f}'
#   description: Standard error of right ascension (ra_error)
#   meta: !!omap
#   - {ucd: ERROR}
#   - {width: 7}
#   - {precision: '4'}
# - name: e_DE_ICRS
#   unit: mas
#   datatype: float64
#   format: '{:7.4f}'
#   description: Standard error of declination (dec_error)
#   meta: !!omap
#   - {ucd: ERROR}
#   - {width: 7}
#   - {precision: '4'}
# - name: _r_1
#   unit: ''
#   datatype: float64
#   format: '{:7.4f}'
#   description: Distance from center (304.53230727000+40.74720599000)[ICRS], at Epoch=J2016.0
#   meta: !!omap
#   - {ucd: POS_ANG_DIST_GENERAL}
#   - {width: 7}
#   - {precision: '4'}
# - name: HIP
#   datatype: int32
#   description: '? HIP cross-id number, van Leeuwen, Cat. I/311 (hip_original_ext_source_id)'
#   meta: !!omap
#   - {ucd: ID_NUMBER}
#   - {width: 6}
#   - values: {'null': -2147483648}
# - name: TYC2
#   datatype: string
#   description: Tycho-2 cross-id name, Hog et al., Cat. I/259 (tyc2_original_ext_source_id)
#   meta: !!omap
#   - {ucd: ID_CROSSID}
#   - {_votable_string_dtype: char}
# - name: Source
#   datatype: int64
#   description: Source identifier, identical to the Gaia-EDR3 source_id (id)
#   meta: !!omap
#   - {ucd: ID_MAIN}
#   - {width: 19}
# - name: rgeo
#   unit: pc
#   datatype: float64
#   format: '{:15.8f}'
#   description: '? Median of the geometric distance posterior (r_med_geo)'
#   meta: !!omap
#   - {ucd: PHYS_DISTANCE_TRUE}
#   - {width: 15}
#   - {precision: '8'}
#   - values: {'null': .nan}
# - name: Plx
#   unit: mas
#   datatype: float64
#   format: '{:9.4f}'
#   description: '? Parallax (parallax)'
#   meta: !!omap
#   - {ucd: POS_PARLX_TRIG}
#   - {width: 9}
#   - {precision: '4'}
#   - values: {'null': .nan}
# - name: e_Plx
#   unit: mas
#   datatype: float32
#   format: '{:7.4f}'
#   description: '? Standard error of parallax (parallax_error)'
#   meta: !!omap
#   - {ucd: ERROR}
#   - {width: 7}
#   - {precision: '4'}
#   - values: {'null': .nan}
# - name: pmRA
#   unit: mas / yr
#   datatype: float64
#   format: '{:9.3f}'
#   description: '? Proper motion in right ascension direction, pmRA*cosDE (pmra)'
#   meta: !!omap
#   - {ucd: POS_EQ_PMRA}
#   - {width: 9}
#   - {precision: '3'}
#   - values: {'null': .nan}
# - name: pmDE
#   unit: mas / yr
#   datatype: float64
#   format: '{:9.3f}'
#   description: '? Proper motion in declination direction (pmdec)'
#   meta: !!omap
#   - {ucd: POS_EQ_PMDEC}
#   - {width: 9}
#   - {precision: '3'}
#   - values: {'null': .nan}
# - name: e_pmRA
#   unit: mas / yr
#   datatype: float32
#   format: '{:6.3f}'
#   description: '? Standard error of proper motion in right ascension direction (pmra_error)'
#   meta: !!omap
#   - {ucd: ERROR}
#   - {width: 6}
#   - {precision: '3'}
#   - values: {'null': .nan}
# - name: e_pmDE
[...]
#         unit: &id001 !astropy.units.Unit {unit: deg}
#         value: !astropy.table.SerializedColumn {name: SkyCoord.dec}
#       distance: !astropy.table.SerializedColumn
#         __class__: astropy.coordinates.distances.Distance
#         unit: !astropy.units.Unit {unit: pc}
#         value: !astropy.table.SerializedColumn {name: SkyCoord.distance}
#       frame: icrs
#       obstime: !astropy.time.Time {format: jyear_str, in_subfmt: '*', jd1: 367701545.0, jd2: 0.0, out_subfmt: '*', precision: 3, scale: tt}
#       pm_dec: !astropy.table.SerializedColumn
#         __class__: astropy.units.quantity.Quantity
#         unit: !astropy.units.Unit {unit: mas / yr}
#         value: !astropy.table.SerializedColumn {name: SkyCoord.pm_dec}
#       pm_ra_cosdec: !astropy.table.SerializedColumn
#         __class__: astropy.units.quantity.Quantity
#         unit: !astropy.units.Unit {unit: mas / yr}
#         value: !astropy.table.SerializedColumn {name: SkyCoord.pm_ra_cosdec}
#       ra: !astropy.table.SerializedColumn
#         __class__: astropy.coordinates.angles.Longitude
#         unit: *id001
#         value: !astropy.table.SerializedColumn {name: SkyCoord.ra}
#         wrap_angle: !astropy.coordinates.Angle
#           unit: *id001
#           value: 360.0
#       representation_type: spherical
# schema: astropy-2.0
RA_ICRS_1 DE_ICRS_1 e_RA_ICRS e_DE_ICRS _r_1 HIP TYC2 Source rgeo Plx e_Plx pmRA pmDE e_pmRA e_pmDE RUWE Teff logg Gmag BP-RP BPmag RPmag RV e_RV b_rgeo B_rgeo FG e_FG FBP e_FBP FRP e_FRP RAVE5 RAVE6 e_Gmag e_BPmag e_RPmag e_BP-RP SkyCoord.ra SkyCoord.dec SkyCoord.distance SkyCoord.pm_ra_cosdec SkyCoord.pm_dec
[from data line 479]
303.9747856141 40.83814135983 0.0147 0.0157 25.9063 "" "" 2062549024763121280 908.868469 1.0761 0.0183 -0.887 -3.323 0.02 0.02 1.023 5731.9 4.3027 14.733879 1.098142 15.198426 14.100285 -75.09 5.16 894.786804 923.475769 24065.51472 4.9734 11377.0 13.297 18157.0 11.528 "" "" 0.0027644412487858932 0.0030651793 0.0038417338 0.006906913 303.9747856141 40.83814135983 908.868469 -0.8869999999999998 -3.3229999999999995
304.19674398366 40.69885272882 0.0143 0.0168 15.5322 "" "" 2062356060470711552 1047.10327 0.927 0.0185 4.208 0.947 0.019 0.02 1.111 5482.7 4.129 14.735058 1.345377 15.322892 13.977515 -67.78 6.6 1025.25037 1068.13184 24039.40601 5.4744 10145.0 27.279 20331.0 22.825 "" "" 0.002766391547583383 0.004038344 0.003971083 0.008009427 304.19674398366 40.69885272882 1047.10327 4.208 0.947
305.02445514855 41.12478060609 0.0138 0.0148 31.7936 "" "" 2068364857148962944 808.783325 1.2082 0.0167 -0.17 0.025 0.018 0.019 0.942 5612.1 4.5501 14.736287 0.999837 15.154779 14.154943 -21.53 7.99 797.820862 820.448486 24012.20667 8.9808 11844.0 20.102 17266.0 23.079 "" "" 0.0027850829548423557 0.0033437638 0.004048447 0.007392211 305.02445514855 41.12478060609 808.783325 -0.16999999999999998 0.024999999999999998
304.00290267037 40.94589547916 0.0149 0.0168 26.8232 "" "" 2062562940457167360 1146.4054 0.8461 0.0189 -0.433 -4.57 0.02 0.022 1.056 "" "" 14.7388 1.381915 15.352674 13.970758 "" "" 1120.95935 1174.71399 23956.67855 5.835 9870.7 13.007 20458.0 14.919 "" "" 0.0027679815010476995 0.0031356015 0.0038614287 0.00699703 304.00290267037 40.94589547916 1146.4054 -0.43299999999999983 -4.57
305.28762518274 40.60083459968 0.0149 0.0168 35.4755 "" "" 2068291980143627136 960.083923 1.0123 0.0184 -2.34 0.1 0.021 0.023 1.028 6309.9 4.0114 14.740845 1.541017 15.453116 13.9121 -25.58 5.14 940.948547 977.381287 23911.60573 5.276 8998.5 15.762 21593.0 16.964 "" "" 0.0027657150964980584 0.0033766702 0.0038744425 0.0072511127 305.28762518274 40.60083459968 960.083923 -2.34 0.09999999999999984
304.67088049632 40.73390695957 0.0136 0.0179 6.3499 "" "" 2062348329529649152 946.155701 1.0318 0.0174 -1.494 -6.358 0.019 0.023 0.982 5881.7 4.2858 14.744164 1.110225 15.213698 14.103474 -32.17 7.6 930.964355 959.223511 23838.62966 7.2054 11219.0 22.705 18104.0 16.714 "" "" 0.0027747947791017112 0.0035515106 0.003910049 0.0074615595 304.67088049632 40.73390695957 946.155701 -1.4940000000000002 -6.3580000000000005
304.86055537254 40.91953734126 0.0164 0.0193 18.1374 "" "" 2068355854897507968 1112.3844 0.868 0.0204 -5.036 -9.131 0.021 0.024 1.239 5079.3 3.6175 14.755581 1.671411 15.550084 13.878674 -14.57 6.18 1085.67175 1131.73462 23589.25635 5.2084 8229.7 10.544 22268.0 14.831 "" "" 0.002765729153415519 0.0031177066 0.0038479394 0.006965646 304.86055537254 40.91953734126 1112.3844 -5.035999999999999 -9.131
304.22200749842 40.66437819378 0.0147 0.0164 14.9631 "" "" 2062355785592787840 1102.77979 0.8777 0.0186 2.218 -0.081 0.02 0.019 0.972 5992.1 4.0975 14.759377 1.391722 15.38535 13.993628 -20.31 3.95 1081.33899 1121.97644 23506.94749 5.1114 9578.0 12.643 20031.0 12.474 "" "" 0.002765415957636837 0.003136725 0.0038393845 0.0069761095 304.22200749842 40.66437819378 1102.77979 2.218 -0.08099999999999993
304.48471204644 40.70525759322 0.0213 0.0275 3.3194 "" "" 2062359187206814848 1101.68384 0.8833 0.0277 -2.682 -7.017 0.029 0.036 1.652 5429.6 3.6968 14.760087 1.711779 15.468538 13.75676 37.74 11.47 1069.70166 1133.0448 23491.56841 71.503 8871.6 90.408 24915.0 206.17 "" "" 0.004302680365116318 0.0114108175 0.009746954 0.021157771 304.48471204644 40.70525759322 1101.68384 -2.682 -7.017000000000001
304.65857197403 40.80242670935 0.0215 0.027 6.6251 "" "" 2068354274347719040 1017.23749 0.9535 0.0281 -2.544 -6.111 0.03 0.034 1.439 5213.5 3.7651 14.762499 1.769871 15.453557 13.683686 "" "" 986.652954 1035.58655 23439.44282 34.891 8994.9 80.51 26649.0 665.36 "" "" 0.0031943443135853005 0.010110635 0.027370352 0.037480988 304.65857197403 40.80242670935 1017.23749 -2.5440000000000005 -6.111000000000001
304.0131241694 40.44112090614 0.014 0.0173 29.9464 "" "" 2062329225514274560 1040.34937 0.9378 0.018 -5.694 -11.804 0.019 0.025 1.094 5565.8 4.0655 14.762759 1.279836 15.325007 14.045171 -14.28 20.81 1024.94067 1054.755 23433.8253 5.3212 10125.0 17.38 19102.0 13.677 "" "" 0.002766328306214025 0.003355365 0.0038585044 0.007213869 304.0131241694 40.44112090614 1040.34937 -5.694000000000001 -11.803999999999998
304.50402510343 40.5409726752 0.0143 0.0163 12.4408 "" "" 2062339563491467776 1063.65198 0.9125 0.0178 -4.67 -12.159 0.019 0.021 1.038 "" "" 14.762763 1.449467 15.417126 13.967659 -25.8 9.07 1045.48059 1084.15186 23433.74068 5.7236 9301.8 14.383 20516.0 15.594 "" "" 0.0027680522855124986 0.0032563047 0.0038684332 0.007124738 304.50402510343 40.5409726752 1063.65198 -4.67 -12.159000000000002
304.26613377533 40.62239286064 0.014 0.0157 14.2389 "" "" 2062354686081132544 1139.49487 0.8488 0.018 -3.146 -6.625 0.019 0.02 0.963 6905.1 4.1634 14.766281 1.141976 15.251471 14.109494 "" "" 1117.53491 1164.06421 23357.93222 4.8999 10835.0 11.843 18004.0 11.955 "" "" 0.0027647176973511103 0.0030320636 0.003847531 0.0068795946 304.26613377533 40.62239286064 1139.49487 -3.145999999999999 -6.625
304.51299340735 40.72815484079 0.0473 0.0562 1.4414 "" "" 2062359152847221248 1028.03308 0.958 0.0636 -2.915 -5.618 0.075 0.069 3.777 5858.6 3.1588 14.767694 1.698913 15.557396 13.858483 "" "" 966.212097 1090.74585 23327.5492 25.939 8174.4 36.128 22686.0 57.488 "" "" 0.0030082082683941095 0.0055507994 0.0046747806 0.01022558 304.51299340735 40.72815484079 1028.03308 -2.915 -5.618
304.90462176844 41.22600615213 0.0187 0.022 33.3114 "" "" 2068378016928827776 1099.36914 0.8553 0.0239 -0.501 -2.859 0.025 0.027 1.078 "" "" 14.774456 3.277241 16.736515 13.459274 30.46 2.06 1071.75928 1123.94482 23182.71503 12.459 2759.4 10.588 32768.0 36.372 "" "" 0.0028164277529714467 0.0050140754 0.0039668777 0.008980953 304.90462176844 41.22600615213 1099.36914 -0.5009999999999999 -2.8590000000000004
304.53383302883 40.71442825524 0.0143 0.0175 1.9679 "" "" 2062359084127738368 1055.92383 0.9168 0.0185 -0.628 3.887 0.021 0.021 0.988 5521.1 4.1486 14.775295 1.456614 15.43742 13.980806 "" "" 1038.85339 1073.84778 23164.81041 5.1993 9129.5 20.745 20269.0 14.784 "" "" 0.002766075732499623 0.003724479 0.00386146 0.007585939 304.53383302883 40.71442825524 1055.92383 -0.628 3.8869999999999996
304.68924614352 40.62434394179 0.0139 0.017 10.2629 "" "" 2062344275080294528 1054.66699 0.9204 0.018 -2.836 -6.718 0.019 0.021 0.998 6471.9 4.0245 14.775733 1.523395 15.477081 13.953687 18.03 8.54 1035.80615 1074.15295 23155.47714 30.829 8802.1 41.46 20782.0 73.737 "" "" 0.0031114906856038547 0.005825705 0.0053966753 0.01122238 304.68924614352 40.62434394179 1054.66699 -2.836 -6.717999999999999
305.20373303025 40.67226042267 0.0149 0.0165 30.8666 "" "" 2068293320173482624 980.257385 0.9871 0.0191 -2.037 -6.559 0.021 0.021 0.982 5553.3 4.0551 14.775764 1.676158 15.569976 13.893818 -21.02 10.07 961.618103 1002.74084 23154.79764 24.205 8080.3 41.154 21960.0 64.082 "" "" 0.0029799278604274245 0.0061938404 0.004931727 0.011125567 305.20373303025 40.67226042267 980.257385 -2.037 -6.559
304.29901184846 40.84562863412 0.0144 0.0149 12.1312 "" "" 2062552014060483072 1137.37573 0.8509 0.0173 -2.986 -8.106 0.02 0.018 1.022 "" "" 14.775915 1.221075 15.299262 14.078187 18.99 8.32 1119.89783 1159.72058 23151.59125 5.073 10368.0 21.594 18530.0 13.445 "" "" 0.002765572169937942 0.0035914655 0.0038606138 0.007452079 304.29901184846 40.84562863412 1137.37573 -2.986 -8.106
304.08926675144 40.93054162372 0.0149 0.016 22.9228 "" "" 2062551395585237632 942.720154 1.0352 0.0181 -2.058 -4.2 0.021 0.021 1.013 5885.0 4.3162 14.776588 1.035512 15.206131 14.170619 19.02 8.11 928.729858 959.192078 23137.2214 5.3257 11297.0 16.743 17018.0 12.908 "" "" 0.002766630835318445 0.0032209295 0.0038680632 0.0070889927 304.08926675144 40.93054162372 942.720154 -2.0579999999999994 -4.199999999999999
303.82111219034 40.84216752913 0.0153 0.0173 32.8034 "" "" 2062538201445061120 1154.45947 0.834 0.0198 -37.117 -16.507 0.022 0.021 1.097 15453.3 4.6001 14.776663 1.308369 15.347711 14.039342 "" "" 1121.55457 1182.56177 23135.65434 6.179 9915.9 11.491 19205.0 13.529 "" "" 0.002770536944548346 0.003060738 0.0038559982 0.0069167363 303.82111219034 40.84216752913 1154.45947 -37.117000000000004 -16.507000000000005
304.58668955935 40.96359193019 0.0139 0.0175 13.2156 "" "" 2068368086964475648 873.227112 1.1179 0.0177 -8.617 -6.039 0.019 0.022 1.009 5532.9 4.4173 14.779083 0.978791 15.183885 14.205093 "" "" 861.952148 885.316223 23084.12646 5.9621 11531.0 15.904 16486.0 19.761 "" "" 0.0027695532472614397 0.0031666262 0.003997177 0.007163803 304.58668955935 40.96359193019 873.227112 -8.617 -6.039000000000001
305.28315802746 41.00721960509 0.0145 0.0183 37.4661 "" "" 2068335960608869248 1062.53882 0.9094 0.0189 -2.626 -6.405 0.019 0.024 1.037 "" "" 14.779791 1.487866 15.457514 13.969647 -6.09 10.98 1046.89807 1084.57849 23069.08842 5.9034 8962.1 13.507 20479.0 16.228 "" "" 0.002769293219855769 0.0032346027 0.0038760738 0.0071106767 305.28315802746 41.00721960509 1062.53882 -2.625999999999999 -6.404999999999999
304.92087727267 40.54624392281 0.0155 0.0183 21.408 "" "" 2068297305903666560 876.634399 1.1199 0.0209 -0.831 2.744 0.022 0.024 1.125 5785.5 4.4195 14.784881 0.992228 15.193675 14.201447 "" "" 857.800659 892.960754 22961.20499 5.221 11427.0 15.281 16542.0 14.631 "" "" 0.0027663583311808085 0.0031453348 0.0038994765 0.0070448113 304.92087727267 40.54624392281 876.634399 -0.831 2.7439999999999998
304.97935050182 40.36693443919 0.0152 0.0169 30.592 "" "" 2062278751057886208 1052.09412 0.9231 0.0192 0.096 0.346 0.021 0.021 1.093 7894.1 4.0311 14.785229 1.680669 15.580569 13.8999 32.9 5.78 1033.16187 1073.33936 22953.83989 5.7227 8001.8 20.399 21837.0 18.031 "" "" 0.002768584784447223 0.0039301584 0.0038842557 0.007814414 304.97935050182 40.36693443919 1052.09412 0.096 0.3459999999999999
304.04387004284 41.19049980301 0.0141 0.0166 34.5988 "" "" 2062574485329349632 1015.04321 0.9508 0.0176 1.208 0.293 0.019 0.023 1.008 "" "" 14.787797 1.836396 15.683398 13.847002 -50.31 6.03 996.571533 1035.52051 22899.59324 11.126 7278.8 15.061 22928.0 24.66 "" "" 0.002805363164502785 0.0035821905 0.003955676 0.007537867 304.04387004284 41.19049980301 1015.04321 1.208 0.2929999999999998
305.16120195897 40.54053580175 0.0149 0.0178 31.2011 "" "" 2068286379506814592 982.831238 0.9931 0.0196 -2.747 -6.004 0.021 0.023 1.097 5547.8 4.1035 14.787982 1.535679 15.497931 13.962253 -10.78 5.25 965.186096 996.467041 22895.69897 5.171 8634.6 17.534 20619.0 25.4 "" "" 0.0027662102632562326 0.003556129 0.004009065 0.0075651943 305.16120195897 40.54053580175 982.831238 -2.7470000000000008 -6.004
303.78847511287 40.85958494283 0.0151 0.017 34.4491 "" "" 2062538098365853696 970.725281 1.0043 0.0189 14.336 6.769 0.021 0.021 0.975 5926.0 4.2066 14.800382 1.150564 15.291562 14.140998 14.44 8.04 954.773254 988.527649 22635.71709 4.983 10442.0 13.201 17489.0 10.503 "" "" 0.0027656674524099145 0.0031095191 0.003835216 0.006944735 303.78847511287 40.85958494283 970.725281 14.336000000000002 6.769
304.64650559961 41.18954397463 0.0143 0.0169 27.0398 "" "" 2068374787113505792 1008.74597 0.9669 0.0174 -2.671 -6.332 0.019 0.021 0.982 6378.8 4.1599 14.801487 1.375182 15.415468 14.040286 2.92 7.03 991.729126 1027.19678 22612.67213 19.196 9316.0 26.023 19189.0 45.492 "" "" 0.0029053907009677473 0.0041210777 0.004572653 0.00869373 304.64650559961 41.18954397463 1008.74597 -2.671 -6.332000000000001
304.05428989654 40.56186497707 0.0144 0.0159 24.4359 "" "" 2062331390177835008 1046.10767 0.9244 0.0179 9.819 6.871 0.019 0.02 0.942 5514.5 3.7102 14.803366 1.537568 15.512352 13.974784 -33.48 5.57 1027.6123 1071.20447 22573.57319 5.3804 8520.7 13.213 20382.0 13.74 "" "" 0.00276744628009963 0.0032587892 0.003849602 0.0071083913 304.05428989654 40.56186497707 1046.10767 9.819 6.870999999999999
304.49632613516 40.39619475436 0.0142 0.0155 21.1244 "" "" 2062335272828726144 818.92572 1.1955 0.0177 -4.762 -1.437 0.018 0.02 0.996 5463.0 4.4306 14.80847 0.996981 15.223577 14.226597 "" "" 809.785767 829.29071 22467.71518 8.2069 11117.0 15.914 16163.0 20.801 "" "" 0.002783716043697786 0.0031938513 0.0040294104 0.0072232615 304.49632613516 40.39619475436 818.92572 -4.762 -1.4370000000000007
303.77035279927 40.50264243646 0.0142 0.0163 37.6738 "" "" 2062515317858978176 819.611511 1.1972 0.018 -6.524 0.73 0.019 0.021 1.035 4938.7 4.3042 14.809255 1.145236 15.300693 14.155457 32.16 6.86 806.30719 830.788696 22451.46907 4.9417 10355.0 14.904 17257.0 13.701 "" "" 0.0027656643609103955 0.003197983 0.0038764398 0.0070744227 303.77035279927 40.50264243646 819.611511 -6.524000000000001 0.7300000000000002
303.88957752062 40.54254494003 0.0148 0.0171 31.7328 "" "" 2062518238436666368 976.524536 0.998 0.0188 0.809 -18.026 0.02 0.022 0.936 5990.1 4.3828 14.812607 1.128577 15.290376 14.161798 "" "" 961.71405 990.031006 22382.26466 4.5364 10454.0 12.902 17157.0 10.491 "" "" 0.0027640936473146576 0.0030952543 0.0038372497 0.006932504 303.88957752062 40.54254494003 976.524536 0.8090000000000002 -18.026000000000003
303.93150921385 40.65132826108 0.0141 0.0165 27.9283 "" "" 2062523392397459200 806.012573 1.2141 0.0184 -26.486 -24.348 0.019 0.021 1.024 5644.8 4.4596 14.825556 1.098041 15.275693 14.177651 -28.33 6.19 795.323486 818.570557 22116.91286 4.8006 10596.0 17.682 16908.0 43.018 "" "" 0.002765380164271565 0.0033268183 0.004681285 0.008008104 303.93150921385 40.65132826108 806.012573 -26.485999999999997 -24.348
305.12012004662 40.95667337766 0.0141 0.016 29.4895 "" "" 2068313111382896640 917.34436 1.0578 0.0174 -1.312 -3.588 0.018 0.02 0.995 6142.8 4.2116 14.839627 1.470463 15.512864 14.042401 -13.18 7.69 901.118164 932.84845 21832.11566 5.8778 8516.7 12.728 19151.0 13.027 "" "" 0.002770782270357052 0.003227677 0.003850867 0.0070785442 305.12012004662 40.95667337766 917.34436 -1.3119999999999998 -3.5879999999999996
304.83954396148 41.18009816127 0.0189 0.0225 29.4685 "" "" 2068378257447005824 1086.14929 0.8833 0.0244 -2.434 -6.427 0.024 0.027 1.266 "" "" 14.849991 2.52325 16.224123 13.700873 -56.66 8.7 1062.19958 1112.48792 21624.71868 9.1154 4423.5 10.289 26231.0 22.869 "" "" 0.002793071508292951 0.0037633402 0.0038961184 0.0076594586 304.83954396148 41.18009816127 1086.14929 -2.4339999999999997 -6.427
305.00049390198 40.48363392632 0.0153 0.0173 26.548 "" "" 2068295965873794432 902.164734 1.0803 0.0198 -3.993 -14.171 0.021 0.021 0.999 5731.3 4.4118 14.853161 1.012301 15.273149 14.260848 "" "" 886.096497 922.29248 21561.66218 4.9865 10621.0 14.299 15661.0 13.894 "" "" 0.0027667377978415762 0.0031498694 0.0039001985 0.007050068 305.00049390198 40.48363392632 902.164734 -3.993 -14.171
304.42145397679 40.67446495174 0.0147 0.0161 6.6684 "" "" 2062358706170489984 1003.91602 0.9648 0.0184 -4.042 -11.821 0.02 0.02 1.047 5658.9 4.1574 14.855076 1.23952 15.395138 14.155618 "" "" 985.645447 1023.88574 21523.67479 4.5645 9492.1 12.522 17255.0 12.068 "" "" 0.0027649240165623407 0.0031363273 0.003854912 0.0069912393 304.42145397679 40.67446495174 1003.91602 -4.042000000000001 -11.821000000000002
304.63858998722 40.87862148761 0.0153 0.0193 9.2448 "" "" 2068366502117764608 1072.12708 0.9037 0.0204 -2.005 -6.128 0.02 0.024 1.098 5018.8 3.5354 14.85634 1.884181 15.782453 13.898272 "" "" 1050.45679 1095.61023 21498.62594 20.943 6644.1 27.703 21870.0 60.324 "" "" 0.0029513500599202486 0.005317819 0.004822081 0.010139899 304.63858998722 40.87862148761 1072.12708 -2.005 -6.128000000000002
