Clusters/Collinder_419/Collinder_419_stars_in_region.tsv
# %ECSV 1.0
# ---
# datatype:
# - name: RA_ICRS_1
#   unit: deg
#   datatype: float64
#   format: '{:15.11f}'
#   description: Right ascension (ICRS) at Ep=2016.0 (ra)
#   meta: !!omap
#   - {ucd: POS_EQ_RA_MAIN}
#   - {width: 15}
#   - {precision: '11'}
# - name: DE_ICRS_1
#   unit: deg
#   datatype: float64
#   format: '{:15.11f}'
#   description: Declination (ICRS) at Ep=2016.0 (dec)
#   meta: !!omap
#   - {ucd: POS_EQ_DEC_MAIN}
#   - {width: 15}
#   - {precision: '11'}
# - name: e_RA_ICRS
#   unit: mas
#   datatype: float64
#   format: '{:7.4f}'
#   description: Standard error of right ascension (ra_error)
#   meta: !!omap
#   - {ucd: ERROR}
#   - {width: 7}
#   - {precision: '4'}
# - name: e_DE_ICRS
#   unit: mas
#   datatype: float64
#   format: '{:7.4f}'
#   description: Standard error of declination (dec_error)
#   meta: !!omap
#   - {ucd: ERROR}
#   - {width: 7}
#   - {precision: '4'}
# - name: _r_1
#   unit: ''
#   datatype: float64
#   format: '{:7.4f}'
#   description: Distance from center (304.53230727000+40.74720599000)[ICRS], at Epoch=J2016.0
#   meta: !!omap
#   - {ucd: POS_ANG_DIST_GENERAL}
#   - {width: 7}
#   - {precision: '4'}
# - name: HIP
#   datatype: int32
#   description: '? HIP cross-id number, van Leeuwen, Cat. I/311 (hip_original_ext_source_id)'
#   meta: !!omap
#   - {ucd: ID_NUMBER}
#   - {width: 6}
#   - values: {'null': -2147483648}
# - name: TYC2
#   datatype: string
#   description: Tycho-2 cross-id name, Hog et al., Cat. I/259 (tyc2_original_ext_source_id)
#   meta: !!omap
#   - {ucd: ID_CROSSID}
#   - {_votable_string_dtype: char}
# - name: Source
#   datatype: int64
#   description: Source identifier, identical to the Gaia-EDR3 source_id (id)
#   meta: !!omap
#   - {ucd: ID_MAIN}
#   - {width: 19}
# - name: rgeo
#   unit: pc
#   datatype: float64
#   format: '{:15.8f}'
#   description: '? Median of the geometric distance posterior (r_med_geo)'
#   meta: !!omap
#   - {ucd: PHYS_DISTANCE_TRUE}
#   - {width: 15}
#   - {precision: '8'}
#   - values: {'null': .nan}
# - name: Plx
#   unit: mas
#   datatype: float64
#   format: '{:9.4f}'
#   description: '? Parallax (parallax)'
#   meta: !!omap
#   - {ucd: POS_PARLX_TRIG}
#   - {width: 9}
#   - {precision: '4'}
#   - values: {'null': .nan}
# - name: e_Plx
#   unit: mas
#   datatype: float32
#   format: '{:7.4f}'
#   description: '? Standard error of parallax (parallax_error)'
#   meta: !!omap
#   - {ucd: ERROR}
#   - {width: 7}
#   - {precision: '4'}
#   - values: {'null': .nan}
# - name: pmRA
#   unit: mas / yr
#   datatype: float64
#   format: '{:9.3f}'
#   description: '? Proper motion in right ascension direction, pmRA*cosDE (pmra)'
#   meta: !!omap
#   - {ucd: POS_EQ_PMRA}
#   - {width: 9}
#   - {precision: '3'}
#   - values: {'null': .nan}
# - name: pmDE
#   unit: mas / yr
#   datatype: float64
#   format: '{:9.3f}'
#   description: '? Proper motion in declination direction (pmdec)'
#   meta: !!omap
#   - {ucd: POS_EQ_PMDEC}
#   - {width: 9}
#   - {precision: '3'}
#   - values: {'null': .nan}
# - name: e_pmRA
#   unit: mas / yr
#   datatype: float32
#   format: '{:6.3f}'
#   description: '? Standard error of proper motion in right ascension direction (pmra_error)'
#   meta: !!omap
#   - {ucd: ERROR}
#   - {width: 6}
#   - {precision: '3'}
#   - values: {'null': .nan}
# - name: e_pmDE
[...]
#         unit: &id001 !astropy.units.Unit {unit: deg}
#         value: !astropy.table.SerializedColumn {name: SkyCoord.dec}
#       distance: !astropy.table.SerializedColumn
#         __class__: astropy.coordinates.distances.Distance
#         unit: !astropy.units.Unit {unit: pc}
#         value: !astropy.table.SerializedColumn {name: SkyCoord.distance}
#       frame: icrs
#       obstime: !astropy.time.Time {format: jyear_str, in_subfmt: '*', jd1: 367701545.0, jd2: 0.0, out_subfmt: '*', precision: 3, scale: tt}
#       pm_dec: !astropy.table.SerializedColumn
#         __class__: astropy.units.quantity.Quantity
#         unit: !astropy.units.Unit {unit: mas / yr}
#         value: !astropy.table.SerializedColumn {name: SkyCoord.pm_dec}
#       pm_ra_cosdec: !astropy.table.SerializedColumn
#         __class__: astropy.units.quantity.Quantity
#         unit: !astropy.units.Unit {unit: mas / yr}
#         value: !astropy.table.SerializedColumn {name: SkyCoord.pm_ra_cosdec}
#       ra: !astropy.table.SerializedColumn
#         __class__: astropy.coordinates.angles.Longitude
#         unit: *id001
#         value: !astropy.table.SerializedColumn {name: SkyCoord.ra}
#         wrap_angle: !astropy.coordinates.Angle
#           unit: *id001
#           value: 360.0
#       representation_type: spherical
# schema: astropy-2.0
RA_ICRS_1 DE_ICRS_1 e_RA_ICRS e_DE_ICRS _r_1 HIP TYC2 Source rgeo Plx e_Plx pmRA pmDE e_pmRA e_pmDE RUWE Teff logg Gmag BP-RP BPmag RPmag RV e_RV b_rgeo B_rgeo FG e_FG FBP e_FBP FRP e_FRP RAVE5 RAVE6 e_Gmag e_BPmag e_RPmag e_BP-RP SkyCoord.ra SkyCoord.dec SkyCoord.distance SkyCoord.pm_ra_cosdec SkyCoord.pm_dec
[from data line 721]
304.04688116239 40.67313775803 0.019 0.0208 22.5205 "" "" 2062520712337788032 990.4104 0.9839 0.0239 -4.496 -8.712 0.025 0.027 1.007 5514.7 4.5014 15.489589 1.179176 15.99799 14.818813 "" "" 974.117065 1016.82971 11998.07134 3.0062 5447.8 10.976 9367.7 12.759 "" "" 0.002768717117263067 0.0035454459 0.004058394 0.00760384 304.04688116239 40.67313775803 990.4104 -4.4959999999999996 -8.711999999999998
305.18918612766 40.60269508397 0.0206 0.0233 31.1234 "" "" 2068292495539745536 1111.00073 0.8721 0.0271 0.099 -3.91 0.027 0.029 1.013 6583.9 3.9712 15.491228 1.551803 16.208805 14.657002 "" "" 1083.70044 1146.35657 11979.959 4.3386 4486.4 8.7514 10873.0 15.093 "" "" 0.0027832353960237097 0.0035029296 0.004068804 0.0075717336 305.18918612766 40.60269508397 1111.00073 0.0990000000000002 -3.91
303.97794020042 40.44421150342 0.0189 0.0219 31.1189 "" "" 2062329122435088256 1006.57166 0.9682 0.0241 1.3 -19.76 0.025 0.028 1.0 5683.7 4.506 15.491579 1.089735 15.948347 14.858612 "" "" 984.121277 1029.57336 11976.08935 3.2559 5702.7 10.244 9030.5 10.876 "" "" 0.0027710860658758532 0.0034042513 0.0039991997 0.007403451 303.97794020042 40.44421150342 1006.57166 1.299999999999998 -19.760000000000005
303.75325799746 40.8754365639 0.0205 0.0218 36.205 "" "" 2062541293821530624 961.025818 1.0127 0.0249 2.388 -2.799 0.028 0.027 0.982 5223.6 4.4029 15.496385 1.25747 16.051746 14.794276 "" "" 937.182007 983.037231 11923.2027 3.5866 5184.6 10.856 9581.8 10.633 "" "" 0.0027746091713955943 0.0035990926 0.003966786 0.0075658783 303.75325799746 40.8754365639 961.025818 2.388 -2.7989999999999995
303.79658624126 40.65963533821 0.0199 0.0225 33.8747 "" "" 2062522705202801920 1053.29834 0.9217 0.0252 -2.014 -7.318 0.027 0.029 1.006 6620.0 4.3071 15.497972 1.41962 16.137419 14.717799 "" "" 1024.44202 1079.43079 11905.78333 4.9446 4791.3 8.9772 10281.0 16.609 "" "" 0.0027919735650847543 0.0034530226 0.004166567 0.0076195896 303.79658624126 40.65963533821 1053.29834 -2.0139999999999993 -7.317999999999999
304.94592512269 40.98951016947 0.0247 0.0278 23.7394 "" "" 2068362280168573568 1160.74573 0.8294 0.0304 -2.826 -6.458 0.033 0.037 1.495 6003.3 4.0257 15.500498 2.023301 16.395077 14.371776 -8.62 6.96 1111.67847 1208.3407 11878.11556 12.417 3779.1 24.79 14140.0 67.473 "" "" 0.002979932876046498 0.0076492075 0.00641291 0.014062118 304.94592512269 40.98951016947 1160.74573 -2.8260000000000005 -6.458000000000002
304.64213166434 40.47499814262 0.02 0.0229 17.0814 "" "" 2062340976545395072 1171.16589 0.8294 0.0251 1.587 2.121 0.027 0.031 1.013 9029.2 4.166 15.501686 1.912922 16.448181 14.535259 "" "" 1136.77625 1209.07861 11865.12083 3.8819 3598.7 7.6515 12163.0 10.549 "" "" 0.0027781234887039336 0.0036213403 0.0038949267 0.007516267 304.64213166434 40.47499814262 1171.16589 1.5870000000000004 2.121
304.5683368377 40.30552437356 0.0186 0.0214 26.5518 "" "" 2062286958731534848 980.791748 0.994 0.0236 -7.062 -7.397 0.023 0.027 1.011 5120.8 4.3337 15.502689 1.137512 15.984114 14.846602 "" "" 955.477173 1004.14911 11854.17052 3.5075 5517.9 10.79 9131.0 9.3162 "" "" 0.00277398532923128 0.003506085 0.003938382 0.007444467 304.5683368377 40.30552437356 980.791748 -7.062 -7.397
304.18510386608 40.44026662184 0.0193 0.0212 24.2774 "" "" 2062327026490879616 1142.18359 0.8441 0.0245 6.841 0.046 0.025 0.026 0.987 5122.9 4.1696 15.504593 1.501456 16.194126 14.69267 "" "" 1110.26367 1175.61853 11833.40494 3.526 4547.4 10.687 10522.0 10.395 "" "" 0.002774248104889699 0.003780984 0.003928647 0.0077096308 304.18510386608 40.44026662184 1142.18359 6.841 0.04599999999999977
305.17072891953 40.45101770523 0.0212 0.0228 34.084 "" "" 2068284764599083264 1043.47803 0.934 0.0254 -2.793 -7.045 0.029 0.031 1.013 6405.2 4.0379 15.506379 1.77449 16.363428 14.588938 "" "" 1018.61023 1068.73572 11813.94977 18.636 3890.9 22.229 11577.0 47.6 "" "" 0.003244246954140775 0.0068015372 0.0058491053 0.012650643 305.17072891953 40.45101770523 1043.47803 -2.793 -7.045
304.33782270191 40.60827942911 0.0197 0.0227 12.1573 "" "" 2062353002453928960 1068.29492 0.9074 0.0246 -1.522 -6.427 0.025 0.027 1.018 6844.4 4.3234 15.507998 1.381079 16.122723 14.741644 "" "" 1039.00012 1096.48718 11796.3471 3.7288 4856.6 8.8853 10058.0 9.8981 "" "" 0.002776612119809261 0.0034250233 0.003927514 0.0073525375 304.33782270191 40.60827942911 1068.29492 -1.5219999999999994 -6.427
304.77652398494 40.75301974126 0.0202 0.0238 11.1061 "" "" 2068350421759920896 1086.83179 0.8963 0.0262 1.367 -0.499 0.03 0.033 1.042 6736.2 4.3404 15.508658 1.367814 16.094046 14.726232 "" "" 1050.04041 1126.42944 11789.17151 3.9366 4986.5 10.986 10202.0 16.093 "" "" 0.0027790697201079163 0.0036751726 0.004149337 0.007824509 304.77652398494 40.75301974126 1086.83179 1.367 -0.49899999999999994
304.54294205372 41.33644076167 0.0188 0.0227 35.3574 "" "" 2068572836649344640 923.836121 1.0592 0.0248 10.018 0.496 0.024 0.026 0.926 5407.4 4.3832 15.511111 1.399456 16.141857 14.742401 "" "" 901.879028 943.33075 11762.57138 3.5562 4771.7 10.816 10051.0 14.581 "" "" 0.0027748043519192325 0.0037204493 0.00409446 0.007814909 304.54294205372 41.33644076167 923.836121 10.018 0.4959999999999991
303.80215480618 40.88313835624 0.0224 0.0239 34.144 "" "" 2062541465620214528 1038.11145 0.9403 0.0274 -6.105 -13.734 0.033 0.033 1.025 5335.8 4.1787 15.516005 1.556527 16.237545 14.681018 "" "" 1010.64746 1061.43726 11709.67613 3.6266 4369.2 11.188 10635.0 11.614 "" "" 0.002775763355504669 0.003938847 0.003961006 0.007899853 303.80215480618 40.88313835624 1038.11145 -6.105 -13.734
305.21653908209 40.81899165407 0.0183 0.0215 31.3824 "" "" 2068308026141542912 988.790833 0.9828 0.0236 -1.869 -2.994 0.024 0.029 1.018 5799.4 4.2963 15.518283 1.564112 16.245752 14.681641 "" "" 967.839172 1018.50006 11685.13606 4.1562 4336.3 10.612 10629.0 15.797 "" "" 0.002782251329245528 0.003852927 0.0041094474 0.007962374 305.21653908209 40.81899165407 988.790833 -1.8690000000000002 -2.9939999999999998
305.25961954108 40.84753607929 0.0182 0.0226 33.5795 "" "" 2068308404095086976 1160.7146 0.8325 0.0236 0.255 -4.277 0.025 0.031 0.95 "" "" 15.518868 1.827874 16.397095 14.569221 "" "" 1134.48486 1195.60779 11678.83733 4.0225 3772.1 8.5126 11789.0 17.309 "" "" 0.0027805813536413643 0.0037132974 0.00410182 0.007815117 305.25961954108 40.84753607929 1160.7146 0.2549999999999999 -4.277
303.77638049415 40.61731684748 0.0205 0.0239 35.2665 "" "" 2062522499044363904 1046.06335 0.9263 0.0262 2.127 -7.517 0.028 0.03 0.989 6303.1 4.2813 15.519175 1.491454 16.20238 14.710925 "" "" 1014.42096 1076.37146 11675.53422 3.6736 4513.0 11.564 10346.0 9.3315 "" "" 0.002776417031702883 0.0039401683 0.0039041901 0.007844359 303.77638049415 40.61731684748 1046.06335 2.1270000000000002 -7.517000000000001
304.05434838283 40.95386530136 0.0222 0.0226 24.986 "" "" 2062551292506033024 968.81427 1.0056 0.0267 6.884 -7.244 0.032 0.031 0.978 5382.5 4.5024 15.51939 1.174162 16.027147 14.852985 "" "" 947.562561 991.866211 11673.22599 3.6721 5303.4 10.911 9077.5 10.529 "" "" 0.002776408179935034 0.003574169 0.003983677 0.0075578457 304.05434838283 40.95386530136 968.81427 6.884000000000001 -7.2440000000000015
304.72627028427 41.0342444577 0.0205 0.024 19.3393 "" "" 2068369976750056320 1013.51288 0.955 0.0253 -2.566 -6.019 0.027 0.032 0.924 5182.4 3.6738 15.523186 2.106725 16.596083 14.489358 "" "" 990.168945 1036.26501 11632.48792 34.093 3140.4 36.312 12689.0 99.181 "" "" 0.0042092390783745395 0.012860533 0.0092899585 0.02215049 304.72627028427 41.0342444577 1013.51288 -2.5660000000000003 -6.019
304.06215734592 40.42949267854 0.0194 0.023 28.6756 "" "" 2062328538319463424 836.548584 1.1695 0.0247 -9.223 -6.61 0.026 0.03 1.025 4956.3 4.4985 15.526464 1.202321 16.052479 14.850158 "" "" 819.225403 855.454407 11597.41602 4.0984 5181.1 11.981 9101.1 21.108 "" "" 0.002781906785012308 0.0037534889 0.0045414413 0.008294931 304.06215734592 40.42949267854 836.548584 -9.223 -6.609999999999999
305.05814931105 40.30968718746 0.0203 0.0226 35.5556 "" "" 2062274730968486656 806.126709 1.2246 0.0253 -2.752 -2.432 0.027 0.03 0.995 4843.1 4.4116 15.532197 1.145583 16.024881 14.879298 "" "" 791.31897 822.987122 11536.3344 3.3453 5314.5 14.878 8860.1 9.4127 "" "" 0.0027732497863839703 0.00412599 0.0039514783 0.008077469 305.05814931105 40.30968718746 806.126709 -2.752 -2.432
304.88716138381 40.22371353191 0.0206 0.022 35.3381 "" "" 2062276066694235648 938.541748 1.0372 0.0258 -0.132 2.212 0.026 0.027 1.054 5106.2 4.3905 15.533616 1.30631 16.115297 14.808988 "" "" 915.478455 962.249939 11521.26806 3.3344 4889.9 10.751 9452.9 11.342 "" "" 0.002773179979591157 0.0036719698 0.003997598 0.0076695676 304.88716138381 40.22371353191 938.541748 -0.132 2.212
305.35170815458 40.69425064819 0.0188 0.0248 37.3964 "" "" 2068293973008459520 853.838989 1.1443 0.0246 0.402 -6.708 0.025 0.031 1.015 5028.4 4.4768 15.535914 1.179319 16.046146 14.866827 "" "" 835.183167 871.183228 11496.90307 6.0785 5211.5 13.562 8962.5 20.572 "" "" 0.002814481801637735 0.003970911 0.0045270813 0.0084979925 305.35170815458 40.69425064819 853.838989 0.4019999999999999 -6.708
304.99545119091 40.77284435131 0.0191 0.0212 21.1046 "" "" 2068304177850911488 999.463928 0.9638 0.0249 -3.545 -1.281 0.026 0.027 1.008 6305.8 4.1902 15.536256 1.818088 16.419754 14.601666 "" "" 975.317017 1024.85413 11493.29463 3.4654 3694.2 14.807 11442.0 10.318 "" "" 0.002774699566508701 0.005169467 0.003904142 0.0090736095 304.99545119091 40.77284435131 999.463928 -3.544999999999999 -1.281
304.17994102147 40.24233778106 0.0227 0.0224 34.2943 "" "" 2062311702047467904 948.538147 1.0296 0.0268 -1.59 -14.637 0.029 0.03 1.142 4552.1 4.1791 15.536385 1.310054 16.11395 14.803897 "" "" 925.90509 975.096924 11491.92715 3.6247 4895.9 11.051 9497.3 10.851 "" "" 0.0027765202744284632 0.0037136327 0.0039777565 0.007691389 304.17994102147 40.24233778106 948.538147 -1.5899999999999985 -14.637000000000002
304.91729676296 40.65211340967 0.0203 0.0236 18.4185 "" "" 2068301905809176832 1157.5 0.8273 0.0264 1.885 -2.885 0.029 0.032 1.088 6649.4 4.2784 15.53961 1.440451 16.188208 14.747757 "" "" 1127.20117 1194.06763 11457.84196 3.4888 4572.3 16.132 10001.0 9.4646 "" "" 0.0027750825397645515 0.004739123 0.0039165663 0.00865569 304.91729676296 40.65211340967 1157.5 1.885 -2.885
304.75687139389 40.83555188095 0.0192 0.0229 11.496 "" "" 2068353862032694528 1102.18689 0.885 0.0248 -5.949 -10.423 0.026 0.03 0.989 6674.8 4.2458 15.541728 1.635259 16.311502 14.676244 "" "" 1076.68616 1132.10864 11435.5123 3.8255 4081.5 10.545 10682.0 12.716 "" "" 0.0027791564125104907 0.00395648 0.0039942735 0.007950753 304.75687139389 40.83555188095 1102.18689 -5.949 -10.423
304.28332920082 41.32891900925 0.0204 0.0222 36.6765 "" "" 2068578849603658752 994.704651 0.9814 0.026 0.579 -6.334 0.026 0.029 1.079 5011.2 4.1458 15.543 1.693432 16.349665 14.656233 "" "" 971.193665 1020.36682 11422.11844 3.8295 3940.5 8.7796 10881.0 12.559 "" "" 0.002779261876544609 0.0036928211 0.003981729 0.00767455 304.28332920082 41.32891900925 994.704651 0.579 -6.333999999999998
304.39391485024 41.03889246883 0.0216 0.0217 18.5928 "" "" 2062555106436863872 1026.06519 0.9452 0.0243 -2.492 -6.014 0.028 0.026 0.994 6895.1 4.3368 15.546332 1.418181 16.184347 14.766167 "" "" 998.270569 1053.27649 11387.11862 3.7199 4588.6 9.5424 9833.1 10.527 "" "" 0.002778055112502846 0.0035893023 0.003954086 0.0075433883 304.39391485024 41.03889246883 1026.06519 -2.491999999999999 -6.013999999999999
304.35397623744 40.41308323418 0.0209 0.0241 21.6318 "" "" 2062337643650703104 1095.96802 0.8861 0.0267 -0.008 -4.508 0.026 0.031 1.032 6743.3 4.3096 15.54761 1.314608 16.12474 14.810133 "" "" 1066.19202 1134.25256 11373.71773 4.6069 4847.5 9.1034 9442.9 14.747 "" "" 0.0027901956158617558 0.0034557825 0.004142315 0.0075980974 304.35397623744 40.41308323418 1095.96802 -0.008000000000000007 -4.508
303.75155632765 40.6406492787 0.021 0.0254 36.0888 "" "" 2062534284434653952 853.594238 1.1486 0.0279 -0.862 -5.958 0.028 0.032 1.029 4914.8 4.4793 15.551851 1.263227 16.113594 14.850368 "" "" 832.107666 872.459045 11329.38434 3.3406 4897.6 12.01 9099.4 12.651 "" "" 0.0027738565592324176 0.0038566529 0.004069687 0.007926339 303.75155632765 40.6406492787 853.594238 -0.8620000000000003 -5.958000000000002
304.69810395147 41.00434648315 0.0211 0.0244 17.1643 "" "" 2068369530073458688 935.902283 1.0317 0.0259 -3.025 -8.458 0.027 0.033 1.046 5341.2 4.2897 15.552986 1.533382 16.26178 14.728397 "" "" 916.72998 962.942139 11317.54819 3.7833 4272.7 10.703 10181.0 14.13 "" "" 0.002779122097488911 0.0038964131 0.004068708 0.007965121 304.69810395147 41.00434648315 935.902283 -3.0250000000000004 -8.458000000000002
304.98530959199 40.81396880973 0.0201 0.0232 20.9674 "" "" 2068310358305111424 968.030273 1.0013 0.0257 -0.34 -1.101 0.029 0.03 1.077 6449.4 4.2236 15.553122 1.570629 16.279024 14.708395 "" "" 944.950378 1004.1579 11316.13822 3.6616 4205.4 7.4759 10371.0 11.051 "" "" 0.002777627006582331 0.00339269 0.0039524934 0.0073451838 304.98530959199 40.81396880973 968.030273 -0.3400000000000001 -1.101
304.00570414719 40.2802460065 0.0209 0.0231 36.9051 "" "" 2062318539635542784 1102.05798 0.8796 0.0259 4.602 -3.58 0.026 0.029 1.002 7192.5 4.2922 15.554652 1.38974 16.174126 14.784386 "" "" 1072.45972 1136.39783 11300.19735 3.6759 4632.0 12.589 9669.5 10.173 "" "" 0.0027778640847611826 0.0040611033 0.003948229 0.008009332 304.00570414719 40.2802460065 1102.05798 4.602 -3.5800000000000005
304.89412349529 40.93199059413 0.0206 0.0236 19.8157 "" "" 2068361696053022720 819.525757 1.1879 0.0252 -11.884 -11.774 0.029 0.029 1.036 4843.8 4.4372 15.554796 1.1641 16.058132 14.894032 "" "" 801.939819 839.258667 11298.69802 3.5308 5154.2 10.122 8740.7 11.995 "" "" 0.002776131486672339 0.003511603 0.0040624803 0.0075740833 304.89412349529 40.93199059413 819.525757 -11.884 -11.774000000000001
304.87679867839 40.23005516548 0.0202 0.0218 34.7838 "" "" 2062276070998141056 985.290649 0.9894 0.0253 -12.271 -22.23 0.025 0.028 1.014 5436.5 4.4632 15.555561 1.237049 16.097574 14.860525 "" "" 960.885559 1008.84003 11290.74021 3.6106 4970.4 10.707 9014.6 11.2 "" "" 0.002777109666015376 0.0036407728 0.004012903 0.007653676 304.87679867839 40.23005516548 985.290649 -12.271 -22.230000000000004
304.68329532051 40.19625107516 0.0285 0.0316 33.768 "" "" 2062282530629008000 1017.41626 0.9608 0.0343 -0.093 -7.937 0.037 0.04 1.38 5107.3 4.3652 15.556828 1.326436 16.141333 14.814897 "" "" 982.986145 1047.29871 11277.57265 4.5638 4774.0 11.223 9401.6 9.4795 "" "" 0.0027901325617336894 0.003781515 0.003934738 0.0077162534 304.68329532051 40.19625107516 1017.41626 -0.09299999999999997 -7.936999999999999
304.37102658001 40.41674764782 0.0197 0.0223 21.1457 "" "" 2062336887736456960 966.153931 1.013 0.0256 -4.761 -6.894 0.025 0.027 0.921 5148.4 4.4201 15.558996 1.101509 16.026217 14.924707 "" "" 940.627808 994.020935 11255.06866 3.4563 5308.0 8.8605 8497.2 10.43 "" "" 0.002775420009191464 0.0033271317 0.0040074703 0.007334602 304.37102658001 40.41674764782 966.153931 -4.761000000000001 -6.894000000000001
304.41050319693 41.08059892434 0.0256 0.0268 20.752 "" "" 2068560707661670272 1129.15723 0.8666 0.0305 -7.992 0.888 0.035 0.035 1.246 5278.5 4.1653 15.559812 1.716571 16.373987 14.657416 "" "" 1083.61389 1166.97522 11246.62184 4.4576 3853.2 8.6245 10869.0 13.167 "" "" 0.0027887227800465295 0.0037001048 0.004001714 0.007701819 304.41050319693 41.08059892434 1129.15723 -7.992000000000001 0.8880000000000005
