Clusters/Collinder_419/Collinder_419_members.tsv
# %ECSV 1.0
# ---
# datatype:
# - name: RA_ICRS_1
#   unit: deg
#   datatype: float64
#   format: '{:15.11f}'
#   description: Right ascension (ICRS) at Ep=2016.0 (ra)
#   meta: !!omap
#   - {ucd: POS_EQ_RA_MAIN}
#   - {width: 15}
#   - {precision: '11'}
# - name: DE_ICRS_1
#   unit: deg
#   datatype: float64
#   format: '{:15.11f}'
#   description: Declination (ICRS) at Ep=2016.0 (dec)
#   meta: !!omap
#   - {ucd: POS_EQ_DEC_MAIN}
#   - {width: 15}
#   - {precision: '11'}
# - name: e_RA_ICRS
#   unit: mas
#   datatype: float64
#   format: '{:7.4f}'
#   description: Standard error of right ascension (ra_error)
#   meta: !!omap
#   - {ucd: ERROR}
#   - {width: 7}
#   - {precision: '4'}
# - name: e_DE_ICRS
#   unit: mas
#   datatype: float64
#   format: '{:7.4f}'
#   description: Standard error of declination (dec_error)
#   meta: !!omap
#   - {ucd: ERROR}
#   - {width: 7}
#   - {precision: '4'}
# - name: _r_1
#   unit: ''
#   datatype: float64
#   format: '{:7.4f}'
#   description: Distance from center (304.53230727000+40.74720599000)[ICRS], at Epoch=J2016.0
#   meta: !!omap
#   - {ucd: POS_ANG_DIST_GENERAL}
#   - {width: 7}
#   - {precision: '4'}
# - name: HIP
#   datatype: int32
#   description: '? HIP cross-id number, van Leeuwen, Cat. I/311 (hip_original_ext_source_id)'
#   meta: !!omap
#   - {ucd: ID_NUMBER}
#   - {width: 6}
#   - values: {'null': -2147483648}
# - name: TYC2
#   datatype: string
#   description: Tycho-2 cross-id name, Hog et al., Cat. I/259 (tyc2_original_ext_source_id)
#   meta: !!omap
#   - {ucd: ID_CROSSID}
#   - {_votable_string_dtype: char}
# - name: Source
#   datatype: int64
#   description: Source identifier, identical to the Gaia-EDR3 source_id (id)
#   meta: !!omap
#   - {ucd: ID_MAIN}
#   - {width: 19}
# - name: rgeo
#   unit: pc
#   datatype: float64
#   format: '{:15.8f}'
#   description: '? Median of the geometric distance posterior (r_med_geo)'
#   meta: !!omap
#   - {ucd: PHYS_DISTANCE_TRUE}
#   - {width: 15}
#   - {precision: '8'}
#   - values: {'null': .nan}
# - name: Plx
#   unit: mas
#   datatype: float64
#   format: '{:9.4f}'
#   description: '? Parallax (parallax)'
#   meta: !!omap
#   - {ucd: POS_PARLX_TRIG}
#   - {width: 9}
#   - {precision: '4'}
#   - values: {'null': .nan}
# - name: e_Plx
#   unit: mas
#   datatype: float32
#   format: '{:7.4f}'
#   description: '? Standard error of parallax (parallax_error)'
#   meta: !!omap
#   - {ucd: ERROR}
#   - {width: 7}
#   - {precision: '4'}
#   - values: {'null': .nan}
# - name: pmRA
#   unit: mas / yr
#   datatype: float64
#   format: '{:9.3f}'
#   description: '? Proper motion in right ascension direction, pmRA*cosDE (pmra)'
#   meta: !!omap
#   - {ucd: POS_EQ_PMRA}
#   - {width: 9}
#   - {precision: '3'}
#   - values: {'null': .nan}
# - name: pmDE
#   unit: mas / yr
#   datatype: float64
#   format: '{:9.3f}'
#   description: '? Proper motion in declination direction (pmdec)'
#   meta: !!omap
#   - {ucd: POS_EQ_PMDEC}
#   - {width: 9}
#   - {precision: '3'}
#   - values: {'null': .nan}
# - name: e_pmRA
#   unit: mas / yr
#   datatype: float32
#   format: '{:6.3f}'
#   description: '? Standard error of proper motion in right ascension direction (pmra_error)'
#   meta: !!omap
#   - {ucd: ERROR}
#   - {width: 6}
#   - {precision: '3'}
#   - values: {'null': .nan}
# - name: e_pmDE
[...]
#       distance: !astropy.table.SerializedColumn
#         __class__: astropy.coordinates.distances.Distance
#         unit: !astropy.units.Unit {unit: pc}
#         value: !astropy.table.SerializedColumn {name: SkyCoord.distance}
#       frame: icrs
#       obstime: !astropy.time.Time {format: jyear_str, in_subfmt: '*', jd1: 367701545.0, jd2: 0.0, out_subfmt: '*', precision: 3, scale: tt}
#       pm_dec: !astropy.table.SerializedColumn
#         __class__: astropy.units.quantity.Quantity
#         unit: !astropy.units.Unit {unit: mas / yr}
#         value: !astropy.table.SerializedColumn {name: SkyCoord.pm_dec}
#       pm_ra_cosdec: !astropy.table.SerializedColumn
#         __class__: astropy.units.quantity.Quantity
#         unit: !astropy.units.Unit {unit: mas / yr}
#         value: !astropy.table.SerializedColumn {name: SkyCoord.pm_ra_cosdec}
#       ra: !astropy.table.SerializedColumn
#         __class__: astropy.coordinates.angles.Longitude
#         unit: *id001
#         value: !astropy.table.SerializedColumn {name: SkyCoord.ra}
#         wrap_angle: !astropy.coordinates.Angle
#           unit: *id001
#           value: 360.0
#       representation_type: spherical
# schema: astropy-2.0
RA_ICRS_1 DE_ICRS_1 e_RA_ICRS e_DE_ICRS _r_1 HIP TYC2 Source rgeo Plx e_Plx pmRA pmDE e_pmRA e_pmDE RUWE Teff logg Gmag BP-RP BPmag RPmag RV e_RV b_rgeo B_rgeo FG e_FG FBP e_FBP FRP e_FRP RAVE5 RAVE6 e_Gmag e_BPmag e_RPmag e_BP-RP SkyCoord.ra SkyCoord.dec SkyCoord.distance SkyCoord.pm_ra_cosdec SkyCoord.pm_dec rmRA rmDE e_rmRA e_rmDE rRV e_rRV v_pec v_pec3d e_vpec e_vpec3d Pmemb
304.52818481419 40.7317380027 0.0309 0.0403 0.9468 "" 3155-2321-2 2062360626009209856 1088.4397 0.9268 0.0432 -3.07 -6.015 0.047 0.051 1.356 "" "" 8.201956 "" "" "" "" "" 1038.94202 1136.97693 9866532.77805 5894.9 "" "" "" "" "" "" 0.00283065118812504 "" "" "" 304.52818481419 40.7317380027 1088.4397 -3.07 -6.015000000000001 -0.3662412834167479 0.339413986206055 0.22535932 0.22935931 "" "" 2.576166514433829 "" 0.5853468130950455 "" 1.0
304.49436039355 40.70268805099 0.0092 0.0116 3.1799 "" 3155-1566-1 2062359015408118528 983.811096 1.0034 0.0127 -2.65 -6.419 0.013 0.015 0.844 13940.3 3.7189 9.987128 0.395026 10.11912 9.724093 "" "" 972.467407 994.970703 1905879.25669 554.57 1224000.0 854.07 1022200.0 513.09 "" "" 0.002773373145694736 0.002891193 0.0038184726 0.0067096655 304.49436039355 40.70268805099 983.811096 -2.6499999999999986 -6.418999999999999 0.05375871658325204 -0.06458601379394491 0.19135931 0.19335932 "" "" 0.39186277793212115 "" 0.07545054658874509 "" 1.0
304.52343535943 40.72356145517 0.0114 0.0131 1.4749 "" "" 2062359152847218432 1019.59479 0.9415 0.0148 -2.798 -6.504 0.017 0.016 0.863 12951.4 4.2132 11.029264 0.296022 11.128002 10.83198 "" "" 1002.9118 1035.82141 729862.455 794.51 483300.0 1570.0 368440.0 1195.8 "" "" 0.002998114293904637 0.0044972072 0.0051673176 0.009664524 304.52343535943 40.72356145517 1019.59479 -2.797999999999998 -6.504 -0.09424128341674809 -0.14958601379394487 0.19535932 0.19435932 "" "" 0.854441512126725 "" 0.16631189547631117 "" 0.8
304.52879534592 40.71820442669 0.0133 0.0154 1.7474 "" "" 2062359084127740032 991.819153 0.9636 0.0173 -2.462 -6.031 0.019 0.02 1.035 13872.7 4.2591 11.092912 0.2864 11.189275 10.902875 "" "" 973.844849 1006.59698 688306.52124 1402.5 456780.0 2890.8 345150.0 2033.8 "" "" 0.003533566113910432 0.0074161324 0.007430642 0.014846774 304.52879534592 40.71820442669 991.819153 -2.4619999999999984 -6.030999999999995 0.24175871658325176 0.323413986206055 0.19735931 0.19835931 "" "" 1.8982923079990504 "" 0.37586456286356157 "" 1.0
304.54076277387 40.68826762594 0.0083 0.0099 3.5571 "" 3155-1702-1 2062347230017843328 1021.40375 0.9477 0.0107 -2.685 -6.493 0.012 0.012 0.902 "" "" 12.080746 0.3771 12.21571 11.83861 2.56 21.82 1011.56348 1033.71301 277107.6019 40.951 177470.0 90.256 145790.0 35.837 "" "" 0.0027599879865276493 0.0028442827 0.0037887935 0.006633076 304.54076277387 40.68826762594 1021.40375 -2.6850000000000036 -6.493 0.0187587165832519 -0.13858601379394564 0.19035931 0.19035931 6.756818181818181 24.870266 0.6770764478538052 6.79065714481206 0.12888780496736538 24.746336666038808 1.0
304.45672723673 40.7155199055 0.0161 0.0175 3.9272 "" "" 2062359255926302976 1040.20935 0.9332 0.0202 -2.817 -6.755 0.021 0.021 1.734 "" "" 12.094474 0.571078 12.306006 11.734928 6.0 26.47 1019.79462 1056.97131 273626.00608 40.576 163310.0 90.618 160390.0 61.37 "" "" 0.002760020222817592 0.0028544706 0.0038021458 0.0066566165 304.45672723673 40.7155199055 1040.20935 -2.8169999999999997 -6.755000000000001 -0.11324128341674822 -0.4005860137939452 0.19935931 0.19935931 10.19681818181818 29.520266 2.05252890816779 10.40134491072776 0.40919075233385477 28.939906816705513 0.8
304.6040398704 40.79246581753 0.0261 0.0308 4.2425 "" "" 2062361145712093568 952.341309 1.0385 0.0328 -2.5 -6.103 0.036 0.039 2.953 7065.5 3.778 12.273137 0.931324 12.651721 11.720397 -5.64 2.47 923.949524 985.842102 232108.93741 29.511 118780.0 59.482 162550.0 50.951 "" "" 0.002758776078024084 0.0028426514 0.0037946734 0.0066373246 304.6040398704 40.79246581753 952.341309 -2.5 -6.103 0.20375871658325195 0.25141398620605493 0.21435931 0.21735932 -1.4431818181818183 5.5202665 1.4608293343465544 2.0534838943653724 0.3157947574363195 3.8861243522272986 0.8
304.62994749327 40.80412047334 0.0096 0.0123 5.5985 "" "" 2062349527813713408 963.1521 1.0208 0.0128 -2.705 -6.598 0.013 0.015 0.996 5743.4 3.5738 12.838941 1.242726 13.380707 12.13798 3.55 11.15 951.746826 976.602051 137838.54402 160.74 60692.0 259.33 110650.0 316.54 "" "" 0.003032304325106772 0.0054136375 0.0048919283 0.010305566 304.62994749327 40.80412047334 963.1521 -2.705 -6.597999999999999 -0.001241283416748118 -0.24358601379394518 0.19135931 0.19335932 7.746818181818181 14.200266 1.1120676433572072 7.826230662684994 0.2150285807367696 14.056209506234403 0.8
304.4935373965 40.71141062645 0.0092 0.0104 2.7785 "" "" 2062359015408121600 985.261047 0.9879 0.0117 -2.573 -6.47 0.012 0.012 1.063 6406.7 3.9596 13.474052 1.095222 13.936362 12.841141 -14.24 5.3 972.488403 995.156311 76793.7297 9.7745 36381.0 18.815 57903.0 18.867 "" "" 0.0027587836683353774 0.002846109 0.0037959034 0.0066420124 304.4935373965 40.71141062645 985.261047 -2.5730000000000013 -6.469999999999999 0.130758716583252 -0.11558601379394506 0.19035931 0.19035931 -10.043181818181818 8.350266 0.8150422488653211 10.076199427387952 0.15515087955710227 8.322913832388467 0.9
304.63319867656 40.71318671024 0.0096 0.0116 5.0209 "" "" 2062347882853033856 1024.50342 0.949 0.0124 -2.723 -6.409 0.014 0.015 0.937 "" "" 13.75963 0.864872 14.103961 13.239089 "" "" 1011.46576 1035.93201 59032.94938 51.299 31177.0 160.77 40135.0 94.36 "" "" 0.002912381938129203 0.0062555266 0.0045606666 0.010816193 304.63319867656 40.71318671024 1024.50342 -2.723 -6.408999999999999 -0.019241283416747912 -0.05458601379394512 0.19235931 0.19335932 "" "" 0.28106390476200216 "" 0.054315332410457516 "" 0.9
304.5348733855 40.73670993925 0.0158 0.02 0.6405 "" "" 2062360630316068992 1011.62262 0.9669 0.0209 -2.514 -6.606 0.025 0.029 1.148 5116.1 3.619 14.458171 1.67952 15.254391 13.574871 "" "" 988.479431 1031.68018 31022.62132 44.926 10806.0 57.394 29458.0 106.21 "" "" 0.0031723822969383694 0.006406219 0.0054413006 0.01184752 304.5348733855 40.73670993925 1011.62262 -2.514 -6.606 0.18975871658325216 -0.2515860137939452 0.20335932 0.20735931 "" "" 1.5110540883279937 "" 0.3111530309563186 "" 1.0
304.65857197403 40.80242670935 0.0215 0.027 6.6251 "" "" 2068354274347719040 1017.23749 0.9535 0.0281 -2.544 -6.111 0.03 0.034 1.439 5213.5 3.7651 14.762499 1.769871 15.453557 13.683686 "" "" 986.652954 1035.58655 23439.44282 34.891 8994.9 80.51 26649.0 665.36 "" "" 0.0031943443135853005 0.010110635 0.027370352 0.037480988 304.65857197403 40.80242670935 1017.23749 -2.5440000000000027 -6.111000000000001 0.15975871658325191 0.24341398620605492 0.20835932 0.21235931 "" "" 1.4038801368043505 "" 0.29644753463900564 "" 1.0
304.53217259618 40.71109977604 0.0178 0.0219 2.1664 "" "" 2062359084127840000 985.462952 0.9814 0.0232 -2.876 -6.484 0.025 0.028 1.028 5431.0 3.7343 14.950082 1.610293 15.627851 14.017557 "" "" 964.088989 1009.36774 19720.31722 24.394 7660.8 178.88 19595.0 157.84 "" "" 0.003065221510342632 0.025505064 0.009527409 0.035032474 304.53217259618 40.71109977604 985.462952 -2.876 -6.484 -0.17224128341674794 -0.1295860137939453 0.20335932 0.20635931 "" "" 1.0068304736843414 "" 0.20584521088263652 "" 1.0
304.42962295883 40.68317251693 0.0151 0.0167 6.0472 "" "" 2062358740530227584 1007.74152 0.9722 0.0192 -2.874 -6.424 0.021 0.021 1.023 5233.0 3.8446 14.989409 1.554341 15.70705 14.152709 20.43 12.48 988.558411 1030.82019 19018.80186 37.89 7121.9 45.51 17301.0 109.28 "" "" 0.003502935504620144 0.0074780416 0.007830395 0.015308437 304.42962295883 40.68317251693 1007.74152 -2.8739999999999974 -6.4239999999999995 -0.17024128341674816 -0.06958601379394569 0.19935931 0.19935931 24.62681818181818 15.530266 0.8785003795279545 24.642482356231103 0.1751372318285684 15.520395136741401 0.9
304.5542879755 40.72185468516 0.024 0.0279 1.82 "" "" 2062348810565970560 971.574768 1.0017 0.0309 -2.726 -6.312 0.034 0.034 0.962 4633.1 4.1817 15.918114 1.707972 16.729568 15.021597 "" "" 937.311768 1006.96124 8085.39824 8.3875 2777.1 23.945 7771.8 25.217 "" "" 0.002976633827348513 0.009768501 0.0051666535 0.0149351545 304.5542879755 40.72185468516 971.574768 -2.725999999999997 -6.312000000000003 -0.022241283416748026 0.04241398620605441 0.21235931 0.21235931 "" "" 0.22055422884035866 "" 0.046836743676899203 "" 1.0
304.5479313347 40.85995226147 0.0437 0.0507 6.8019 "" "" 2062362417022437248 975.127869 1.0095 0.0548 -3.11 -6.214 0.059 0.065 1.781 "" "" 16.12269 1.901028 16.992193 15.091166 "" "" 931.063293 1043.05835 6696.8554 10.379 2180.4 19.571 7289.4 32.618 "" "" 0.0032285131398973265 0.010136988 0.006155275 0.016292263 304.5479313347 40.85995226147 975.127869 -3.1100000000000003 -6.2140000000000075 -0.4062412834167479 0.14041398620605428 0.23735932 0.24335931 "" "" 1.9866888891973886 "" 0.47284553908517973 "" 0.9
304.57146073735 40.72066786504 0.0281 0.0324 2.3883 "" "" 2062348776206232448 979.960327 0.9939 0.0362 -2.706 -6.392 0.04 0.039 1.028 3988.7 4.0787 16.218317 1.943507 17.185652 15.242145 "" "" 951.292542 1016.27191 6132.25113 14.917 1824.6 21.154 6343.1 56.775 "" "" 0.003816704275309284 0.012893302 0.010427106 0.023320409 304.57146073735 40.72066786504 979.960327 -2.7060000000000026 -6.392000000000002 -0.002241283416748008 -0.03758601379394566 0.21835932 0.21735932 "" "" 0.1748976095059845 "" 0.03801624647889902 "" 1.0
304.38680947009 40.71021255291 0.0289 0.0332 6.978 "" "" 2062359732658216064 991.011108 0.9698 0.0371 -2.913 -6.604 0.038 0.039 1.055 6005.3 4.1009 16.237764 2.305231 17.456415 15.151184 "" "" 953.223572 1036.13989 6023.38815 6.4994 1421.8 9.6547 6897.4 21.713 "" "" 0.0029940429126521927 0.007882972 0.0050956584 0.01297863 304.38680947009 40.71021255291 991.011108 -2.9130000000000007 -6.604000000000006 -0.20924128341674786 -0.2495860137939454 0.21635932 0.21735932 "" "" 1.5299018670134916 "" 0.33190782319774303 "" 0.8
304.46631059156 40.66862448508 0.0339 0.0408 5.5893 "" "" 2062358568731519872 1014.93561 0.9448 0.0451 -2.96 -6.536 0.046 0.048 1.075 4608.6 4.1698 16.565737 2.195117 17.690413 15.495296 "" "" 973.032471 1066.69482 4452.98981 22.379 1146.2 18.527 5023.9 77.719 "" "" 0.0061126966587104 0.01777009 0.017216139 0.034986228 304.46631059156 40.66862448508 1014.93561 -2.96 -6.536 -0.256241283416748 -0.1815860137939449 0.22435932 0.22635931 "" "" 1.5108735565008302 "" 0.33999172816673445 "" 0.9
304.54100626136 40.86393764152 0.0347 0.0434 7.015 "" "" 2062362313943253888 1048.69336 0.9325 0.0434 -2.719 -6.038 0.047 0.053 1.036 4463.6 4.1622 16.586876 1.871828 17.509403 15.637575 "" "" 1009.78772 1091.31763 4367.13232 4.8262 1354.1 7.412 4406.8 12.519 "" "" 0.0030052406234820266 0.006565427 0.004878242 0.011443669 304.54100626136 40.86393764152 1048.69336 -2.718999999999998 -6.037999999999993 -0.015241283416747908 0.31641398620605443 0.22535932 0.23135932 "" "" 1.57465632022975 "" 0.3642898244580551 "" 1.0
304.48669357827 40.71427741024 0.0387 0.0443 2.8644 "" "" 2062359221566554624 1032.38318 0.9245 0.0512 -2.604 -6.26 0.054 0.051 0.984 "" "" 16.734983 2.516409 18.10004 15.583631 "" "" 988.570618 1089.95532 3810.24753 9.6107 785.96 12.212 4631.3 37.285 "" "" 0.003884795102931547 0.017099008 0.009522964 0.026621971 304.48669357827 40.71427741024 1032.38318 -2.6040000000000014 -6.26 0.09975871658325186 0.0944139862060549 0.23235932 0.22935931 "" "" 0.6721356047676292 "" 0.15522749185962006 "" 1.0
304.56693578473 40.73475755144 0.0402 0.0461 1.7424 "" "" 2062348844925718784 948.783142 1.0307 0.0513 -2.403 -6.372 0.059 0.057 0.951 "" "" 16.76661 2.485324 18.11046 15.625136 "" "" 905.756836 994.574524 3700.86149 3.5932 778.45 9.9787 4457.6 13.944 "" "" 0.0029500887877516027 0.014194628 0.0050812224 0.019275852 304.56693578473 40.73475755144 948.783142 -2.4030000000000022 -6.372000000000002 0.30075871658325193 -0.0175860137939452 0.23735932 0.23535931 "" "" 1.354892014115586 "" 0.3215870461637082 "" 0.8
304.54234294264 40.73333686754 0.0377 0.0471 0.949 "" "" 2062360561596499584 1010.59448 0.9777 0.0506 -2.698 -6.278 0.056 0.061 1.051 4212.3 4.1487 16.798819 2.221715 17.915382 15.693667 "" "" 965.225891 1058.38196 3592.6888 7.0138 931.67 12.685 4185.0 53.704 "" "" 0.003476288282642689 0.015043676 0.014436205 0.02947988 304.54234294264 40.73333686754 1010.59448 -2.698 -6.2780000000000005 0.005758716583251999 0.0764139862060551 0.23435932 0.23935932 "" "" 0.36707761840805814 "" 0.08785319139637977 "" 0.9
304.68197714595 40.79103343309 0.0389 0.0485 7.2918 "" "" 2068354033831770752 998.240906 0.9767 0.0517 -2.67 -6.385 0.054 0.06 1.061 3723.3 4.0419 16.814018 2.083472 17.836061 15.752589 "" "" 948.632019 1058.99414 3542.74245 21.363 1002.3 28.923 3963.9 56.47 "" "" 0.0071032324989471745 0.031454682 0.015922517 0.0473772 304.68197714595 40.79103343309 998.240906 -2.67 -6.385 0.033758716583252024 -0.0305860137939451 0.23235932 0.23835932 "" "" 0.2155455167009854 "" 0.05067111829112835 "" 0.9
304.48779990344 40.7036867031 0.0383 0.0477 3.3036 "" "" 2062358981048382976 940.212219 1.0293 0.0537 -2.708 -6.211 0.055 0.055 1.04 "" "" 16.861612 2.640402 18.31405 15.673649 "" "" 895.442322 989.685181 3390.79933 3.9281 645.35 10.291 4262.8 16.534 "" "" 0.0030288282185304155 0.017536951 0.00565845 0.0231954 304.48779990344 40.7036867031 940.212219 -2.708 -6.210999999999999 -0.004241283416748232 0.1434139862060544 0.2333593 0.2333593 "" "" 0.6394190556809173 "" 0.149214387748715 "" 1.0
304.58928884401 40.82758109067 0.0387 0.0508 5.4733 "" "" 2062361523669229824 1031.87708 0.954 0.0514 -2.551 -6.333 0.053 0.062 1.0 6061.1 4.3569 16.87639 2.187861 18.013264 15.825402 "" "" 984.275635 1083.6731 3344.95982 7.877 851.36 9.2461 3706.8 20.868 "" "" 0.0037588481429006873 0.012117133 0.0071863877 0.01930352 304.58928884401 40.82758109067 1031.87708 -2.551000000000004 -6.333 0.1527587165832518 0.021413986206054503 0.23135932 0.2403593 "" "" 0.7544632112694356 "" 0.1746854496755302 "" 0.9
304.53905220067 40.73988090096 0.0407 0.0507 0.5359 "" "" 2062360561596503936 1038.7981 0.9507 0.0542 -2.461 -6.649 0.059 0.063 0.955 5731.9 4.3785 16.87679 2.20884 18.025934 15.817094 "" "" 972.306396 1114.36169 3343.73081 11.615 841.48 14.952 3735.3 40.452 "" "" 0.004670746953721072 0.019492837 0.012350615 0.031843454 304.53905220067 40.73988090096 1038.7981 -2.4610000000000003 -6.648999999999999 0.2427587165832521 -0.29458601379394533 0.23735932 0.24135932 "" "" 1.8795687334643518 "" 0.45062586045038416 "" 0.8
304.5432929609 40.86527488868 0.0412 0.0486 7.1017 "" "" 2062362417022439040 962.194336 1.0222 0.0508 -2.877 -6.136 0.056 0.057 0.974 3843.3 4.0901 16.944921 1.986975 17.94509 15.958115 "" "" 917.007874 1008.9538 3140.34989 5.4395 906.53 12.254 3280.3 17.505 "" "" 0.0033359540332776605 0.014939283 0.0069176066 0.02185689 304.5432929609 40.86527488868 962.194336 -2.8769999999999993 -6.135999999999999 -0.17324128341674783 0.21841398620605457 0.23435932 0.23535931 "" "" 1.271451337566497 "" 0.2987575542201019 "" 0.9
304.53414929081 40.84976108902 0.0473 0.0521 6.1539 "" "" 2062362313943219072 1189.16052 0.8238 0.058 -2.512 -6.136 0.062 0.063 1.096 "" "" 16.969887 2.485038 18.307589 15.822551 "" "" 1103.01147 1291.50281 3068.9643 4.7543 649.2 8.5992 3716.5 17.583 "" "" 0.003228129924479355 0.01464965 0.0063772476 0.021026898 304.53414929081 40.84976108902 1189.16052 -2.511999999999999 -6.136000000000001 0.19175871658325194 0.21841398620605457 0.2403593 0.24135932 "" "" 1.638270785797729 "" 0.39469963259457747 "" 0.8
