Clusters/LP_1049/LP_1049_stars_in_region.tsv
# %ECSV 1.0
# ---
# datatype:
# - name: RA_ICRS_1
#   unit: deg
#   datatype: float64
#   format: '{:15.11f}'
#   description: Right ascension (ICRS) at Ep=2016.0 (ra)
#   meta: !!omap
#   - {ucd: POS_EQ_RA_MAIN}
#   - {width: 15}
#   - {precision: '11'}
# - name: DE_ICRS_1
#   unit: deg
#   datatype: float64
#   format: '{:15.11f}'
#   description: Declination (ICRS) at Ep=2016.0 (dec)
#   meta: !!omap
#   - {ucd: POS_EQ_DEC_MAIN}
#   - {width: 15}
#   - {precision: '11'}
# - name: e_RA_ICRS
#   unit: mas
#   datatype: float64
#   format: '{:7.4f}'
#   description: Standard error of right ascension (ra_error)
#   meta: !!omap
#   - {ucd: ERROR}
#   - {width: 7}
#   - {precision: '4'}
# - name: e_DE_ICRS
#   unit: mas
#   datatype: float64
#   format: '{:7.4f}'
#   description: Standard error of declination (dec_error)
#   meta: !!omap
#   - {ucd: ERROR}
#   - {width: 7}
#   - {precision: '4'}
# - name: _r_1
#   unit: ''
#   datatype: float64
#   format: '{:7.4f}'
#   description: Distance from center (160.56791392000-59.94630422000)[ICRS], at Epoch=J2016.0
#   meta: !!omap
#   - {ucd: POS_ANG_DIST_GENERAL}
#   - {width: 7}
#   - {precision: '4'}
# - name: HIP
#   datatype: int32
#   description: '? HIP cross-id number, van Leeuwen, Cat. I/311 (hip_original_ext_source_id)'
#   meta: !!omap
#   - {ucd: ID_NUMBER}
#   - {width: 6}
#   - values: {'null': -2147483648}
# - name: TYC2
#   datatype: string
#   description: Tycho-2 cross-id name, Hog et al., Cat. I/259 (tyc2_original_ext_source_id)
#   meta: !!omap
#   - {ucd: ID_CROSSID}
#   - {_votable_string_dtype: char}
# - name: Source
#   datatype: int64
#   description: Source identifier, identical to the Gaia-EDR3 source_id (id)
#   meta: !!omap
#   - {ucd: ID_MAIN}
#   - {width: 19}
# - name: rgeo
#   unit: pc
#   datatype: float64
#   format: '{:15.8f}'
#   description: '? Median of the geometric distance posterior (r_med_geo)'
#   meta: !!omap
#   - {ucd: PHYS_DISTANCE_TRUE}
#   - {width: 15}
#   - {precision: '8'}
#   - values: {'null': .nan}
# - name: Plx
#   unit: mas
#   datatype: float64
#   format: '{:9.4f}'
#   description: '? Parallax (parallax)'
#   meta: !!omap
#   - {ucd: POS_PARLX_TRIG}
#   - {width: 9}
#   - {precision: '4'}
#   - values: {'null': .nan}
# - name: e_Plx
#   unit: mas
#   datatype: float32
#   format: '{:7.4f}'
#   description: '? Standard error of parallax (parallax_error)'
#   meta: !!omap
#   - {ucd: ERROR}
#   - {width: 7}
#   - {precision: '4'}
#   - values: {'null': .nan}
# - name: pmRA
#   unit: mas / yr
#   datatype: float64
#   format: '{:9.3f}'
#   description: '? Proper motion in right ascension direction, pmRA*cosDE (pmra)'
#   meta: !!omap
#   - {ucd: POS_EQ_PMRA}
#   - {width: 9}
#   - {precision: '3'}
#   - values: {'null': .nan}
# - name: pmDE
#   unit: mas / yr
#   datatype: float64
#   format: '{:9.3f}'
#   description: '? Proper motion in declination direction (pmdec)'
#   meta: !!omap
#   - {ucd: POS_EQ_PMDEC}
#   - {width: 9}
#   - {precision: '3'}
#   - values: {'null': .nan}
# - name: e_pmRA
#   unit: mas / yr
#   datatype: float32
#   format: '{:6.3f}'
#   description: '? Standard error of proper motion in right ascension direction (pmra_error)'
#   meta: !!omap
#   - {ucd: ERROR}
#   - {width: 6}
#   - {precision: '3'}
#   - values: {'null': .nan}
# - name: e_pmDE
[...]
#         value: !astropy.table.SerializedColumn {name: SkyCoord.dec}
#       distance: !astropy.table.SerializedColumn
#         __class__: astropy.coordinates.distances.Distance
#         unit: !astropy.units.Unit {unit: pc}
#         value: !astropy.table.SerializedColumn {name: SkyCoord.distance}
#       frame: icrs
#       obstime: !astropy.time.Time {format: jyear_str, in_subfmt: '*', jd1: 367701545.0, jd2: 0.0, out_subfmt: '*', precision: 3, scale: tt}
#       pm_dec: !astropy.table.SerializedColumn
#         __class__: astropy.units.quantity.Quantity
#         unit: !astropy.units.Unit {unit: mas / yr}
#         value: !astropy.table.SerializedColumn {name: SkyCoord.pm_dec}
#       pm_ra_cosdec: !astropy.table.SerializedColumn
#         __class__: astropy.units.quantity.Quantity
#         unit: !astropy.units.Unit {unit: mas / yr}
#         value: !astropy.table.SerializedColumn {name: SkyCoord.pm_ra_cosdec}
#       ra: !astropy.table.SerializedColumn
#         __class__: astropy.coordinates.angles.Longitude
#         unit: *id001
#         value: !astropy.table.SerializedColumn {name: SkyCoord.ra}
#         wrap_angle: !astropy.coordinates.Angle
#           unit: *id001
#           value: 360.0
#       representation_type: spherical
# schema: astropy-2.0
RA_ICRS_1 DE_ICRS_1 e_RA_ICRS e_DE_ICRS _r_1 HIP TYC2 Source rgeo Plx e_Plx pmRA pmDE e_pmRA e_pmDE RUWE Teff logg Gmag BP-RP BPmag RPmag RV e_RV b_rgeo B_rgeo FG e_FG FBP e_FBP FRP e_FRP RAVE5 RAVE6 e_Gmag e_BPmag e_RPmag e_BP-RP SkyCoord.ra SkyCoord.dec SkyCoord.distance SkyCoord.pm_ra_cosdec SkyCoord.pm_dec rmRA rmDE e_rmRA e_rmDE rRV e_rRV v_pec v_pec3d e_vpec e_vpec3d
[from data line 307]
160.14044339054 -60.07945638035 0.0325 0.0325 15.1048 "" "" 5254280681504668544 2687.04126 0.3418 0.0377 -6.165 2.293 0.044 0.041 1.439 6652.1 3.5077 15.662623 0.7868 15.876646 15.089846 "" "" 2446.86646 3075.08398 10230.51073 5.6376 6092.0 32.197 7298.3 38.998 "" "" 0.0028195311600704917 0.0063806437 0.0069240057 0.013304649 160.14044339054 -60.07945638035 2687.04126 -6.165000000000002 2.293 -0.3163748168945313 -0.3206250495910643 0.47636384 0.47336385 "" "" 5.737024272161216 "" 2.7242041464837716 ""
160.48970975557 -60.10005627644 0.0235 0.023 9.5184 "" "" 5254278241963519360 2733.26953 0.3321 0.0273 -6.712 1.692 0.032 0.029 0.861 7902.4 4.3652 15.664148 0.918511 16.029911 15.1114 "" "" 2547.03052 2934.01587 10216.151 4.2853 5290.0 10.917 7154.8 11.231 "" "" 0.0027927052469659585 0.0035784792 0.004145884 0.0077243634 160.48970975557 -60.10005627644 2733.26953 -6.712 1.6920000000000008 -0.863374816894531 -0.9216250495910645 0.46436384 0.46136385 "" "" 16.36119851913807 "" 7.5714468578927905 ""
161.05539842588 -60.03068913753 0.0233 0.024 15.4809 "" "" 5350347005264655872 2865.54199 0.3118 0.0278 -5.315 2.296 0.031 0.03 0.985 9978.2 3.6508 15.671107 0.750876 15.937389 15.186513 "" "" 2593.40234 3099.42554 10150.8832 4.2702 5760.5 22.685 6676.6 17.084 "" "" 0.0027929196991448133 0.005105516 0.004690623 0.009796139 161.05539842588 -60.03068913753 2865.54199 -5.315000000000002 2.296000000000003 0.5336251831054684 -0.31762504959106463 0.46336383 0.46236384 "" "" 8.434843026676788 "" 3.9061963309117766 ""
160.41790587037 -60.00879432019 0.0322 0.0329 5.8598 "" "" 5254279822511593344 2989.64258 0.3156 0.0386 -6.896 0.58 0.044 0.04 1.804 6002.3 4.2498 15.67211 1.188687 16.12503 14.936343 "" "" 2635.75952 3296.66895 10141.51519 6.4193 4846.2 14.728 8406.6 31.156 "" "" 0.0028397340944516436 0.0043211896 0.0055204513 0.009841641 160.41790587037 -60.00879432019 2989.64258 -6.896000000000002 0.5799999999999982 -1.0473748168945312 -2.0336250495910644 0.47636384 0.47236383 "" "" 32.415849821832175 "" 15.339349114183566 ""
160.68944550689 -60.09523107139 0.0247 0.0244 9.6499 "" "" 5254271782331549184 2532.36694 0.3659 0.0282 -7.284 3.097 0.033 0.029 1.091 6665.3 4.3439 15.673493 0.888971 16.014858 15.125887 "" "" 2344.38745 2713.22827 10128.5979 3.4393 5363.8 17.128 7060.0 22.018 "" "" 0.0027798761660041862 0.0044503245 0.0050743744 0.009524699 160.68944550689 -60.09523107139 2532.36694 -7.284000000000001 3.097000000000002 -1.435374816894531 0.4833749504089355 0.46536383 0.46136385 "" "" 18.180137335543638 "" 8.453000023721895 ""
160.66347906626 -59.87468253933 0.0255 0.0242 5.1702 "" "" 5254287519093692928 2531.87378 0.3619 0.0291 -4.92 1.93 0.033 0.031 1.038 7658.3 4.28 15.676294 0.843564 16.016752 15.173188 "" "" 2367.36377 2707.375 10102.50598 7.9651 5354.5 22.069 6759.0 15.583 "" "" 0.0028852327589168254 0.0052735386 0.0045331735 0.009806712 160.66347906626 -59.87468253933 2531.87378 -4.92 1.93 0.9286251831054688 -0.6836250495910645 0.46536383 0.46336383 "" "" 13.83869882256206 "" 6.430315719317019 ""
160.17034639648 -60.0222063039 0.0283 0.0281 12.7722 "" "" 5254281265604609792 2827.57739 0.3207 0.0331 -7.611 3.229 0.037 0.034 1.332 9591.2 4.4991 15.676658 0.877619 15.979162 15.101543 "" "" 2545.43579 3098.56104 10099.12395 4.5329 5543.1 14.322 7220.1 36.314 "" "" 0.002798083789221006 0.0039565903 0.006641078 0.010597669 160.17034639648 -60.0222063039 2827.57739 -7.611 3.2289999999999988 -1.762374816894531 0.6153749504089356 0.46936384 0.46636385 "" "" 25.01914743900566 "" 11.734949658846185 ""
160.11418609714 -60.01100471754 0.022 0.0222 14.163 "" "" 5254282051552682752 2876.75879 0.3067 0.0258 -7.147 2.715 0.03 0.028 0.99 7259.0 4.366 15.682137 0.716193 15.918097 15.201903 "" "" 2676.53955 3114.99805 10048.29024 3.4211 5863.8 23.866 6582.6 52.058 "" "" 0.002780006300962685 0.0052261534 0.009381421 0.014607575 160.11418609714 -60.01100471754 2876.75879 -7.146999999999997 2.714999999999999 -1.2983748168945315 0.1013749504089354 0.46236384 0.46036384 "" "" 17.758310040783304 "" 8.210585664023581 ""
160.89957736441 -59.82072752817 0.0285 0.0257 12.5087 "" "" 5350353636694499072 2898.94043 0.3132 0.0299 -5.983 2.633 0.035 0.032 1.016 10260.7 4.2471 15.687614 0.848561 15.992565 15.144004 "" "" 2694.7251 3106.84839 9997.7184 4.0626 5475.1 26.378 6943.2 27.293 "" "" 0.0027904192636905487 0.005928497 0.005700775 0.011629272 160.89957736441 -59.82072752817 2898.94043 -5.982999999999999 2.633 -0.1343748168945309 0.019374950408935554 0.46736383 0.46436384 "" "" 1.8655359797684412 "" 0.8717704260052249 ""
160.35129890786 -60.09050437661 0.0239 0.0228 10.8185 "" "" 5254277692207610624 2664.83691 0.3505 0.0278 -2.186 2.822 0.031 0.026 0.985 5787.0 3.9398 15.694889 1.125356 16.164665 15.039309 "" "" 2480.73145 2869.9978 9930.95335 3.2004 4672.5 11.174 7646.0 9.8869 "" "" 0.0027774477236017217 0.0038113927 0.004031723 0.007843115 160.35129890786 -60.09050437661 2664.83691 -2.186 2.821999999999999 3.662625183105469 0.2083749504089356 0.46336383 0.45836383 "" "" 46.3386273790956 "" 21.47090019964463 ""
160.67479200636 -60.12202163372 0.0236 0.0223 11.0189 "" "" 5254265872456029312 2650.52319 0.349 0.0263 -5.466 2.493 0.031 0.026 1.034 7108.4 4.0519 15.703746 0.792701 16.006702 15.214002 "" "" 2478.91553 2822.27539 9850.27588 3.3835 5404.3 13.876 6509.7 11.36 "" "" 0.0027804452244870716 0.003944164 0.004227722 0.008171886 160.67479200636 -60.12202163372 2650.52319 -5.466 2.493 0.38262518310546856 -0.12062504959106457 0.46336383 0.45836383 "" "" 5.040327121420942 "" 2.333238179278065 ""
160.4218186186 -59.91823195487 0.0228 0.0215 4.7037 "" "" 5254286557020760704 2634.80371 0.3427 0.0256 -6.215 3.627 0.03 0.025 0.978 7035.7 4.3718 15.704361 0.865839 16.054058 15.188219 "" "" 2433.98828 2858.30029 9844.6932 3.1272 5173.6 9.2718 6666.1 8.182 "" "" 0.002776821376500732 0.0034016378 0.0040074494 0.0074090874 160.4218186186 -59.91823195487 2634.80371 -6.215000000000001 3.6269999999999984 -0.3663748168945311 1.0133749504089353 0.46236384 0.45736384 "" "" 13.457751656798004 "" 6.162905185666506 ""
160.17177070248 -59.97454686959 0.0224 0.0232 12.0186 "" "" 5254283636427021184 2578.27832 0.3578 0.0267 -6.687 2.92 0.031 0.029 1.017 9314.7 4.1944 15.713018 0.656624 15.961383 15.304759 "" "" 2408.42773 2789.21191 9766.51232 4.1197 5634.6 12.936 5987.6 15.646 "" "" 0.0027931234869420954 0.0037414369 0.004725767 0.008467204 160.17177070248 -59.97454686959 2578.27832 -6.687 2.92 -0.8383748168945315 0.3063749504089355 0.46336383 0.46136385 "" "" 10.908521418536848 "" 5.052048834314376 ""
160.73803172368 -59.8290499958 0.0266 0.0246 8.7016 "" "" 5350353052578775680 2487.05737 0.3706 0.0287 -4.544 2.513 0.032 0.03 0.946 7393.4 4.1828 15.71574 1.030468 16.137175 15.106707 "" "" 2329.47168 2744.09082 9742.05902 3.5299 4792.3 10.884 7185.8 10.227 "" "" 0.00278326321007739 0.003723644 0.004083076 0.00780672 160.73803172368 -59.8290499958 2487.05737 -4.543999999999998 2.5129999999999986 1.3046251831054692 -0.10062504959106455 0.46436384 0.46236384 "" "" 15.425451140957342 "" 7.162839719882555 ""
160.24638724504 -59.80023612384 0.0257 0.0232 13.06 "" "" 5254290886347877248 2500.73999 0.3662 0.0282 -6.812 2.465 0.035 0.029 0.988 6099.9 4.2658 15.715804 0.867454 16.055689 15.188235 "" "" 2351.10205 2696.68018 9741.48618 3.1519 5165.8 12.145 6666.0 25.801 "" "" 0.0027776244024579977 0.003781648 0.0056518796 0.0094335275 160.24638724504 -59.80023612384 2500.73999 -6.811999999999999 2.465 -0.9633748168945315 -0.1486250495910646 0.46736383 0.46136385 "" "" 11.554467210609538 "" 5.3985385312174285 ""
160.89275951226 -60.03480505589 0.0253 0.0265 11.1006 "" "" 5254270751521607680 2604.69971 0.3532 0.0305 -6.796 2.668 0.035 0.035 1.148 10214.5 3.7097 15.716339 0.953361 16.070747 15.117387 "" "" 2417.00244 2817.82007 9736.68447 3.1087 5094.7 14.352 7115.5 17.792 "" "" 0.0027770408842024328 0.0041400343 0.004653393 0.008793427 160.89275951226 -60.03480505589 2604.69971 -6.795999999999999 2.6679999999999997 -0.9473748168945315 0.054374950408935696 0.46736383 0.46736383 "" "" 11.715801289593086 "" 5.4755418135513025 ""
160.25991860614 -59.94734065249 0.0308 0.0321 9.2549 "" "" 5254283361564636160 2626.12524 0.3542 0.0361 -6.893 2.799 0.042 0.04 1.494 6701.9 3.8194 15.717828 1.052269 16.150976 15.098707 "" "" 2393.20166 2949.56543 9723.34485 3.7965 4731.8 10.088 7238.9 10.585 "" "" 0.0027877417896518355 0.00362534 0.004099295 0.0077246353 160.25991860614 -59.94734065249 2626.12524 -6.892999999999999 2.798999999999996 -1.044374816894531 0.18537495040893548 0.47436383 0.47236383 "" "" 13.203406227754998 "" 6.262413488198105 ""
160.55665734635 -59.88500004791 0.0245 0.0214 3.6938 "" "" 5254287312935171840 2961.87427 0.3114 0.0266 -5.23 2.298 0.033 0.025 1.03 6091.5 4.1594 15.719373 0.975392 16.087181 15.111789 "" "" 2743.38037 3266.20337 9709.51653 3.17 5018.2 24.744 7152.3 37.844 "" "" 0.002778028461734412 0.0060370625 0.0068765227 0.012913585 160.55665734635 -59.88500004791 2961.87427 -5.229999999999998 2.298 0.6186251831054683 -0.3156250495910644 0.46536383 0.45736384 "" "" 9.750141655176089 "" 4.521362952737716 ""
160.93232315532 -59.86228755006 0.0326 0.0314 12.0672 "" "" 5350351849988044928 2481.58496 0.3796 0.0357 -4.375 2.112 0.045 0.04 1.055 7827.5 4.0806 15.723593 1.398455 16.340534 14.94208 "" "" 2253.08813 2714.75952 9671.84866 4.156 3973.8 35.314 8362.3 31.256 "" "" 0.002794539398775723 0.01004395 0.0055455025 0.015589452 160.93232315532 -59.86228755006 2481.58496 -4.374999999999998 2.111999999999999 1.4736251831054688 -0.5016250495910644 0.47736382 0.47236383 "" "" 18.31057653925216 "" 8.731344573939827 ""
160.14542104498 -59.86097597452 0.0243 0.0236 13.7039 "" "" 5254290474030826752 2814.29248 0.3159 0.0282 -5.225 2.406 0.034 0.03 0.958 9987.7 3.652 15.726301 0.827337 16.041098 15.21376 "" "" 2624.729 3042.9104 9647.75789 3.789 5235.7 20.533 6511.1 8.5778 "" "" 0.002788119585577177 0.0050907074 0.0040409975 0.009131705 160.14542104498 -59.86097597452 2814.29248 -5.225 2.4059999999999997 0.6236251831054691 -0.20762504959106431 0.46636385 0.46236384 "" "" 8.767943733409794 "" 4.085565899286831 ""
160.57224161886 -59.7555729606 0.0288 0.0258 11.4446 "" "" 5350366040559886720 2557.38477 0.3589 0.0317 -5.565 -0.949 0.036 0.031 0.997 7518.9 3.4457 15.729854 2.015966 16.727135 14.711168 "" "" 2328.90356 2778.09375 9616.23618 3.6426 2783.3 14.259 10344.0 22.992 "" "" 0.0027858455191991606 0.0062228674 0.0044841697 0.0107070375 160.57224161886 -59.7555729606 2557.38477 -5.565 -0.9489999999999981 0.28362518310546836 -3.5626250495910643 0.46836382 0.46336383 "" "" 43.322794274035004 "" 20.075587275801745 ""
160.51576520838 -60.19862345273 0.0267 0.0252 15.2194 "" "" 5254264562439050496 2650.396 0.3478 0.0311 -4.637 3.491 0.033 0.029 0.977 6880.8 4.2152 15.744684 0.856853 16.064806 15.207953 "" "" 2440.57812 2909.24243 9485.77864 3.7586 5122.6 13.996 6546.0 12.472 "" "" 0.002788703535717476 0.004072457 0.004308479 0.008380936 160.51576520838 -60.19862345273 2650.396 -4.637000000000002 3.4909999999999997 1.2116251831054692 0.8773749504089356 0.46536383 0.46136385 "" "" 18.793251091577503 "" 8.719913868269062 ""
160.88221838087 -60.01839174282 0.0232 0.0242 10.3784 "" "" 5254270820259160704 2600.53198 0.3569 0.0279 -6.46 0.937 0.032 0.031 0.98 7432.3 4.0848 15.745155 1.189181 16.244928 15.055747 "" "" 2405.24805 2856.62524 9481.66153 3.1528 4339.6 11.112 7531.1 21.902 "" "" 0.0027788716885130092 0.0039388114 0.004924817 0.008863628 160.88221838087 -60.01839174282 2600.53198 -6.46 0.937 -0.6113748168945312 -1.6766250495910644 0.46436384 0.46336383 "" "" 21.99809540657502 "" 10.195705892023714 ""
160.28864344531 -60.00253702506 0.0224 0.0233 9.038 "" "" 5254282571290716928 2946.77783 0.3003 0.0264 -7.56 3.462 0.03 0.028 0.961 6015.4 4.1093 15.746305 1.135422 16.216997 15.081575 "" "" 2758.64526 3214.76562 9471.63626 2.9282 4452.6 18.716 7354.1 11.373 "" "" 0.0027756904126281013 0.0053491155 0.0041355793 0.009484695 160.28864344531 -60.00253702506 2946.77783 -7.5600000000000005 3.462 -1.7113748168945309 0.8483749504089357 0.46236384 0.46036384 "" "" 26.679981174018337 "" 12.325350593339932 ""
160.41296350795 -60.12565602431 0.023 0.0223 11.7202 "" "" 5254276798854390144 2680.39746 0.3366 0.0261 -9.468 4.929 0.03 0.028 0.957 6073.2 4.0784 15.746768 1.034729 16.183613 15.148884 "" "" 2553.33203 2841.43237 9467.5892 2.9753 4591.7 15.195 6912.0 12.553 "" "" 0.0027763664026437965 0.004549105 0.0042628413 0.008811947 160.41296350795 -60.12565602431 2680.39746 -9.468 4.929 -3.619374816894531 2.315374950408936 0.46236384 0.46036384 "" "" 54.58875787485825 "" 25.208211556897933 ""
160.2925211454 -60.15126103627 0.0252 0.0239 14.8081 "" "" 5254277108092293120 2702.42773 0.3403 0.0283 -8.476 2.213 0.032 0.028 1.029 6475.0 4.2035 15.750155 0.868639 16.071209 15.20257 "" "" 2503.58936 2894.90991 9438.11118 3.2712 5092.5 17.956 6578.5 24.837 "" "" 0.002780898950861729 0.0047371634 0.005575569 0.010312732 160.2925211454 -60.15126103627 2702.42773 -8.476 2.213000000000001 -2.627374816894532 -0.4006250495910644 0.46436384 0.46036384 "" "" 34.04438115396298 "" 15.80589844096849 ""
160.75713927243 -59.70755281481 0.0272 0.0267 15.4198 "" "" 5350367071352310528 2747.78516 0.3363 0.0301 -7.829 3.496 0.035 0.033 0.977 6025.6 4.0491 15.756649 1.086341 16.162485 15.076144 "" "" 2494.85425 3025.41772 9381.81687 3.899 4681.9 43.016 7391.0 25.084 "" "" 0.00279202274542122 0.010358307 0.0052784206 0.015636727 160.75713927243 -59.70755281481 2747.78516 -7.829 3.4959999999999996 -1.980374816894531 0.8823749504089355 0.46736383 0.46536383 "" "" 28.23785842733343 "" 13.18801584836531 ""
160.84928934182 -60.0167073687 0.0258 0.0259 9.4434 "" "" 5254273770855887872 2838.16968 0.3314 0.0301 -3.199 4.598 0.035 0.033 1.111 5907.9 4.116 15.777063 1.089017 16.189941 15.100924 "" "" 2601.56055 3147.34814 9207.07251 69.437 4565.0 118.65 7224.2 160.81 "" "" 0.00863944576302095 0.028357228 0.024462102 0.05281933 160.84928934182 -60.0167073687 2838.16968 -3.199 4.597999999999999 2.649625183105469 1.9843749504089354 0.46736383 0.46536383 "" "" 44.53356366620641 "" 20.78141553796918 ""
160.35533643164 -59.80241663304 0.0255 0.0229 10.7477 "" "" 5254291642262201728 2481.74316 0.3723 0.0276 -11.064 4.767 0.033 0.029 0.975 6144.9 4.3048 15.780619 0.911651 16.128366 15.216716 "" "" 2331.13745 2680.5127 9176.96588 3.0235 4831.4 12.708 6493.4 21.87 "" "" 0.002778443492998585 0.003992577 0.0052588875 0.009251464 160.35533643164 -59.80241663304 2481.74316 -11.064000000000002 4.767000000000003 -5.215374816894531 2.153374950408936 0.46536383 0.46136385 "" "" 66.37466202504902 "" 30.849839936210348 ""
160.49554081911 -59.95146854643 0.0235 0.0224 2.1965 "" "" 5254285526228605568 2497.43579 0.3673 0.0266 -6.595 2.745 0.032 0.026 1.022 5346.0 4.1932 15.795032 1.096469 16.249086 15.152617 "" "" 2331.37451 2677.73218 9055.95579 3.0803 4323.0 8.3359 6888.3 9.4517 "" "" 0.002779959395715967 0.00348829 0.0040624095 0.0075506996 160.49554081911 -59.95146854643 2497.43579 -6.595000000000009 2.745000000000002 -0.746374816894531 0.13137495040893565 0.46436384 0.45836383 "" "" 8.971296657325281 "" 4.164338348510114 ""
160.77938394483 -59.91233629962 0.0327 0.0303 6.6763 "" "" 5350352227944890496 2863.56592 0.3221 0.0356 -8.878 5.496 0.047 0.039 1.024 "" "" 15.799384 1.655802 16.573118 14.917316 "" "" 2641.37476 3140.12842 9019.72308 3.2663 3207.5 21.878 8555.2 29.803 "" "" 0.002783231375386882 0.007913863 0.005346905 0.013260769 160.77938394483 -59.91233629962 2863.56592 -8.878 5.496 -3.0293748168945314 2.882374950408936 0.47936383 0.47136384 "" "" 56.75717792294978 "" 26.992545666746565 ""
