Clusters/LP_1049/LP_1049_stars_in_region.tsv
# %ECSV 1.0
# ---
# datatype:
# - name: RA_ICRS_1
#   unit: deg
#   datatype: float64
#   format: '{:15.11f}'
#   description: Right ascension (ICRS) at Ep=2016.0 (ra)
#   meta: !!omap
#   - {ucd: POS_EQ_RA_MAIN}
#   - {width: 15}
#   - {precision: '11'}
# - name: DE_ICRS_1
#   unit: deg
#   datatype: float64
#   format: '{:15.11f}'
#   description: Declination (ICRS) at Ep=2016.0 (dec)
#   meta: !!omap
#   - {ucd: POS_EQ_DEC_MAIN}
#   - {width: 15}
#   - {precision: '11'}
# - name: e_RA_ICRS
#   unit: mas
#   datatype: float64
#   format: '{:7.4f}'
#   description: Standard error of right ascension (ra_error)
#   meta: !!omap
#   - {ucd: ERROR}
#   - {width: 7}
#   - {precision: '4'}
# - name: e_DE_ICRS
#   unit: mas
#   datatype: float64
#   format: '{:7.4f}'
#   description: Standard error of declination (dec_error)
#   meta: !!omap
#   - {ucd: ERROR}
#   - {width: 7}
#   - {precision: '4'}
# - name: _r_1
#   unit: ''
#   datatype: float64
#   format: '{:7.4f}'
#   description: Distance from center (160.56791392000-59.94630422000)[ICRS], at Epoch=J2016.0
#   meta: !!omap
#   - {ucd: POS_ANG_DIST_GENERAL}
#   - {width: 7}
#   - {precision: '4'}
# - name: HIP
#   datatype: int32
#   description: '? HIP cross-id number, van Leeuwen, Cat. I/311 (hip_original_ext_source_id)'
#   meta: !!omap
#   - {ucd: ID_NUMBER}
#   - {width: 6}
#   - values: {'null': -2147483648}
# - name: TYC2
#   datatype: string
#   description: Tycho-2 cross-id name, Hog et al., Cat. I/259 (tyc2_original_ext_source_id)
#   meta: !!omap
#   - {ucd: ID_CROSSID}
#   - {_votable_string_dtype: char}
# - name: Source
#   datatype: int64
#   description: Source identifier, identical to the Gaia-EDR3 source_id (id)
#   meta: !!omap
#   - {ucd: ID_MAIN}
#   - {width: 19}
# - name: rgeo
#   unit: pc
#   datatype: float64
#   format: '{:15.8f}'
#   description: '? Median of the geometric distance posterior (r_med_geo)'
#   meta: !!omap
#   - {ucd: PHYS_DISTANCE_TRUE}
#   - {width: 15}
#   - {precision: '8'}
#   - values: {'null': .nan}
# - name: Plx
#   unit: mas
#   datatype: float64
#   format: '{:9.4f}'
#   description: '? Parallax (parallax)'
#   meta: !!omap
#   - {ucd: POS_PARLX_TRIG}
#   - {width: 9}
#   - {precision: '4'}
#   - values: {'null': .nan}
# - name: e_Plx
#   unit: mas
#   datatype: float32
#   format: '{:7.4f}'
#   description: '? Standard error of parallax (parallax_error)'
#   meta: !!omap
#   - {ucd: ERROR}
#   - {width: 7}
#   - {precision: '4'}
#   - values: {'null': .nan}
# - name: pmRA
#   unit: mas / yr
#   datatype: float64
#   format: '{:9.3f}'
#   description: '? Proper motion in right ascension direction, pmRA*cosDE (pmra)'
#   meta: !!omap
#   - {ucd: POS_EQ_PMRA}
#   - {width: 9}
#   - {precision: '3'}
#   - values: {'null': .nan}
# - name: pmDE
#   unit: mas / yr
#   datatype: float64
#   format: '{:9.3f}'
#   description: '? Proper motion in declination direction (pmdec)'
#   meta: !!omap
#   - {ucd: POS_EQ_PMDEC}
#   - {width: 9}
#   - {precision: '3'}
#   - values: {'null': .nan}
# - name: e_pmRA
#   unit: mas / yr
#   datatype: float32
#   format: '{:6.3f}'
#   description: '? Standard error of proper motion in right ascension direction (pmra_error)'
#   meta: !!omap
#   - {ucd: ERROR}
#   - {width: 6}
#   - {precision: '3'}
#   - values: {'null': .nan}
# - name: e_pmDE
[...]
#         value: !astropy.table.SerializedColumn {name: SkyCoord.dec}
#       distance: !astropy.table.SerializedColumn
#         __class__: astropy.coordinates.distances.Distance
#         unit: !astropy.units.Unit {unit: pc}
#         value: !astropy.table.SerializedColumn {name: SkyCoord.distance}
#       frame: icrs
#       obstime: !astropy.time.Time {format: jyear_str, in_subfmt: '*', jd1: 367701545.0, jd2: 0.0, out_subfmt: '*', precision: 3, scale: tt}
#       pm_dec: !astropy.table.SerializedColumn
#         __class__: astropy.units.quantity.Quantity
#         unit: !astropy.units.Unit {unit: mas / yr}
#         value: !astropy.table.SerializedColumn {name: SkyCoord.pm_dec}
#       pm_ra_cosdec: !astropy.table.SerializedColumn
#         __class__: astropy.units.quantity.Quantity
#         unit: !astropy.units.Unit {unit: mas / yr}
#         value: !astropy.table.SerializedColumn {name: SkyCoord.pm_ra_cosdec}
#       ra: !astropy.table.SerializedColumn
#         __class__: astropy.coordinates.angles.Longitude
#         unit: *id001
#         value: !astropy.table.SerializedColumn {name: SkyCoord.ra}
#         wrap_angle: !astropy.coordinates.Angle
#           unit: *id001
#           value: 360.0
#       representation_type: spherical
# schema: astropy-2.0
RA_ICRS_1 DE_ICRS_1 e_RA_ICRS e_DE_ICRS _r_1 HIP TYC2 Source rgeo Plx e_Plx pmRA pmDE e_pmRA e_pmDE RUWE Teff logg Gmag BP-RP BPmag RPmag RV e_RV b_rgeo B_rgeo FG e_FG FBP e_FBP FRP e_FRP RAVE5 RAVE6 e_Gmag e_BPmag e_RPmag e_BP-RP SkyCoord.ra SkyCoord.dec SkyCoord.distance SkyCoord.pm_ra_cosdec SkyCoord.pm_dec rmRA rmDE e_rmRA e_rmDE rRV e_rRV v_pec v_pec3d e_vpec e_vpec3d
[from data line 339]
160.2730083507 -59.88403432493 0.0247 0.0226 9.6246 "" "" 5254289511958210048 2594.5332 0.3499 0.0279 -6.518 0.697 0.033 0.029 0.981 7440.5 3.8329 15.802994 1.126405 16.277794 15.151389 "" "" 2390.9978 2792.61548 8989.78551 2.8624 4210.2 13.394 6896.1 16.857 "" "" 0.0027769229648246193 0.004440235 0.004618165 0.0090584 160.2730083507 -59.88403432493 2594.5332 -6.518 0.6969999999999981 -0.669374816894531 -1.9166250495910644 0.46536383 0.46136385 "" "" 24.966977831466092 "" 11.52975986648115 ""
160.86726209091 -59.86570661564 0.0297 0.0277 10.2222 "" "" 5350351987426925952 2501.78369 0.3667 0.0322 -6.669 1.727 0.042 0.034 0.961 6582.8 4.2215 15.811037 1.069359 16.260065 15.190706 "" "" 2345.05566 2716.90234 8923.43312 3.5142 4279.5 20.969 6650.8 21.614 "" "" 0.002788299707964925 0.0060072546 0.005170472 0.011177726 160.86726209091 -59.86570661564 2501.78369 -6.668999999999999 1.7269999999999996 -0.8203748168945308 -0.8866250495910644 0.47436383 0.46636385 "" "" 14.324300655311887 "" 6.733434571054425 ""
160.49196428355 -60.16818784198 0.0528 0.05 13.5059 "" "" 5254264738584480256 3155.70679 0.305 0.0595 -1.343 3.362 0.068 0.06 1.992 5849.6 3.7328 15.811713 1.793668 16.410069 14.616401 36.02 7.19 2648.65552 3784.75269 8917.87801 9.6438 3727.3 117.47 11288.0 221.14 "" "" 0.002995052165045638 0.034331746 0.021603504 0.05593525 160.49196428355 -60.16818784198 3155.70679 -1.343 3.362 4.505625183105469 0.7483749504089356 0.5003638 0.49236384 10.824000000000002 8.05 68.31871164581841 69.17084166716842 34.16965255492748 33.7722102929222
161.07301555947 -59.89736372703 0.0287 0.029 15.47 "" "" 5350349307367455232 2565.20117 0.3562 0.0337 -7.555 2.435 0.038 0.037 0.962 5116.1 3.5836 15.812462 1.726644 16.618488 14.891845 "" "" 2363.07764 2853.11182 8911.7321 7.4133 3076.3 28.583 8758.3 28.4 "" "" 0.0028995726394913266 0.01046671 0.005165143 0.015631853 161.07301555947 -59.89736372703 2565.20117 -7.554999999999996 2.434999999999998 -1.706374816894531 -0.1786250495910644 0.47036383 0.46936384 "" "" 20.86127198931086 "" 9.812161817261346 ""
160.89663709349 -60.00372495389 0.0253 0.0272 10.4532 "" "" 5254271232576056064 2547.95654 0.3626 0.0306 -6.792 1.97 0.035 0.035 1.042 "" "" 15.812711 1.355643 16.391823 15.03618 "" "" 2373.69775 2724.31055 8909.68742 14.218 3790.4 32.836 7668.1 29.792 "" "" 0.0032547996178151385 0.009810789 0.005663716 0.015474504 160.89663709349 -60.00372495389 2547.95654 -6.792000000000002 1.9700000000000026 -0.9433748168945311 -0.6436250495910645 0.46736383 0.46736383 "" "" 13.79253185594553 "" 6.446130574018221 ""
160.58606048906 -59.88598365547 0.0249 0.0235 3.6602 "" "" 5254287622172835968 2542.19043 0.3596 0.028 -7.52 4.159 0.034 0.03 0.981 5518.4 4.2154 15.815367 1.066091 16.26238 15.196289 "" "" 2372.22363 2726.37842 8887.91769 2.9208 4270.4 11.34 6616.7 12.712 "" "" 0.002778326182644139 0.0040121893 0.004316801 0.008328991 160.58606048906 -59.88598365547 2542.19043 -7.519999999999995 4.158999999999999 -1.6713748168945308 1.5453749504089354 0.46636385 0.46236384 "" "" 27.429734985774687 "" 12.741785640819918 ""
160.9502445761 -59.89251037669 0.0288 0.0293 11.9423 "" "" 5350348856365885312 2785.29932 0.3227 0.0335 -7.658 2.808 0.039 0.034 1.008 7849.9 4.1157 15.818806 1.136888 16.302462 15.165573 "" "" 2541.10693 3023.82031 8859.8092 3.5981 4115.6 17.76 6806.6 18.552 "" "" 0.0027903784331417126 0.0054531414 0.004800106 0.010253247 160.9502445761 -59.89251037669 2785.29932 -7.658 2.8080000000000007 -1.8093748168945316 0.19437495040893538 0.47136384 0.46636385 "" "" 24.02538676502021 "" 11.32333530582309 ""
160.82509955733 -60.13274946225 0.0466 0.0409 13.5842 "" "" 5254268518139164928 2837.38696 0.3362 0.0519 -3.883 -0.007 0.082 0.055 1.029 5652.3 4.3078 15.821217 0.874196 15.874714 15.000518 "" "" 2533.00708 3278.58496 8840.16125 10.843 6102.8 276.67 7924.1 92.068 "" "" 0.003060273343040527 0.04930079 0.01316886 0.06246965 160.82509955733 -60.13274946225 2837.38696 -3.8829999999999996 -0.007000000000000094 1.9656251831054687 -2.6206250495910646 0.5143638 0.48736385 "" "" 44.057946579254484 "" 21.9079792931427 ""
160.96010657216 -60.04224371071 0.0337 0.0339 13.1003 "" "" 5254270854618913152 2788.91455 0.3406 0.0408 -4.718 3.262 0.046 0.042 1.314 9319.5 3.7078 15.82606 1.218005 16.336874 15.118869 "" "" 2536.94482 3189.2644 8800.80957 4.2726 3987.2 14.659 7105.8 14.824 "" "" 0.0028052851877478384 0.0048702075 0.0044061495 0.009276357 160.96010657216 -60.04224371071 2788.91455 -4.718000000000002 3.261999999999998 1.1306251831054688 0.6483749504089356 0.47836384 0.47436383 "" "" 17.229486150686864 "" 8.22496131593902 ""
160.85297657138 -59.95085260029 0.0257 0.0263 8.5695 "" "" 5254274393672044672 2647.89966 0.3514 0.0297 -7.379 5.388 0.037 0.032 1.031 6006.3 4.1211 15.827215 1.011569 16.256203 15.244634 "" "" 2455.89697 2907.2168 8791.45514 3.0269 4294.7 9.8362 6328.6 17.443 "" "" 0.00278056293045976 0.0037374583 0.004820678 0.008558136 160.85297657138 -59.95085260029 2647.89966 -7.378999999999999 5.387999999999998 -1.5303748168945308 2.7743749504089354 0.46936384 0.46436384 "" "" 39.76761019750558 "" 18.513218209209402 ""
160.43838080948 -60.07605564341 0.025 0.0251 8.7005 "" "" 5254278512499692544 2821.55151 0.3199 0.0293 -5.301 1.802 0.035 0.03 0.983 6728.9 4.2257 15.828898 0.852505 16.130661 15.278156 "" "" 2571.42798 3127.38647 8777.8366 2.798 4821.2 26.826 6136.1 32.313 "" "" 0.002776970508988349 0.006654431 0.006853757 0.013508188 160.43838080948 -60.07605564341 2821.55151 -5.301 1.8020000000000003 0.5476251831054686 -0.8116250495910644 0.46736383 0.46236384 "" "" 13.094578005045918 "" 6.0750174479429315 ""
160.84631797461 -59.74813050826 0.0286 0.0287 14.5528 "" "" 5350355041122416640 2610.18311 0.3509 0.0324 -6.443 2.391 0.037 0.036 1.091 9948.1 3.7151 15.829011 1.023401 16.22807 15.204668 "" "" 2399.03735 2841.41895 8776.92361 3.3297 4407.5 13.848 6565.8 12.237 "" "" 0.0027859374263621197 0.004407036 0.004287008 0.008694044 160.84631797461 -59.74813050826 2610.18311 -6.4430000000000005 2.3910000000000005 -0.5943748168945309 -0.22262504959106444 0.46936384 0.46836382 "" "" 7.852671110229512 "" 3.6847946247081995 ""
160.72329560464 -60.17041285149 0.024 0.0236 14.2289 "" "" 5254265460139132672 2984.26416 0.3117 0.0278 -1.121 2.495 0.032 0.028 0.984 6120.4 4.0956 15.831951 1.037609 16.249424 15.211815 "" "" 2751.15137 3324.45215 8753.18555 3.052 4321.6 10.621 6522.8 13.873 "" "" 0.0027812051966194466 0.0038607277 0.004429008 0.008289736 160.72329560464 -60.17041285149 2984.26416 -1.121 2.495 4.727625183105468 -0.11862504959106435 0.46436384 0.46036384 "" "" 66.89525534191547 "" 31.063570223145053 ""
160.2840847517 -59.98600567013 0.0236 0.0243 8.8502 "" "" 5254283017967201536 2741.92896 0.3364 0.0281 -6.004 1.533 0.031 0.03 0.98 7208.4 4.2384 15.83451 0.813426 16.15459 15.341165 "" "" 2527.87305 2974.99805 8732.58561 3.4446 4716.1 12.334 5790.2 12.999 "" "" 0.0027884057796848404 0.003980946 0.004497224 0.00847817 160.2840847517 -59.98600567013 2741.92896 -6.004000000000001 1.5330000000000001 -0.1553748168945308 -1.0806250495910645 0.46336383 0.46236384 "" "" 14.189038331236432 "" 6.560785931229913 ""
160.64280396068 -59.87529408224 0.0263 0.0247 4.8195 "" "" 5254287484733939584 2933.49512 0.3181 0.0295 -7.733 4.269 0.036 0.031 1.014 6986.1 3.7504 15.836186 0.846141 16.156115 15.309974 "" "" 2689.77466 3159.1604 8719.11061 8.4004 4709.5 18.639 5958.9 17.727 "" "" 0.0029472034437014218 0.005123459 0.004971538 0.010094997 160.64280396068 -59.87529408224 2933.49512 -7.7330000000000085 4.269000000000001 -1.884374816894531 1.6553749504089357 0.46836382 0.46336383 "" "" 34.87612318582436 "" 16.25898832800325 ""
160.22363249272 -60.0639672945 0.0243 0.0249 12.5093 "" "" 5254280853303479808 2821.54688 0.3223 0.0289 -10.155 6.114 0.032 0.029 1.016 5562.4 4.0359 15.83766 1.194646 16.355795 15.161149 "" "" 2604.45972 3027.84937 8707.28861 3.1247 3918.3 10.382 6834.4 9.9593 "" "" 0.0027827323008967376 0.0040076114 0.004097192 0.008104803 160.22363249272 -60.0639672945 2821.54688 -10.155 6.114000000000001 -4.306374816894531 3.5003749504089354 0.46436384 0.46136385 "" "" 74.22039571679272 "" 34.37685658339614 ""
160.56413832392 -60.05950810731 0.0728 0.0685 6.7932 "" "" 5254272847488016896 3432.61548 0.3574 0.0813 -7.041 1.527 0.097 0.082 2.911 8186.5 4.0471 15.848382 1.02082 16.217937 15.197118 "" "" 2482.20972 5279.58057 8621.71928 8.0602 4448.8 8.9039 6611.7 9.1071 "" "" 0.0029363349126604638 0.0035365266 0.0040645166 0.007601043 160.56413832392 -60.05950810731 3432.61548 -7.0409999999999995 1.5270000000000001 -1.1923748168945316 -1.0866250495910645 0.5293639 0.5143638 "" "" 26.24821917960447 "" 13.717627494844468 ""
160.51297126124 -59.94962934857 0.0243 0.0222 1.6629 "" "" 5254285526228621952 2489.15845 0.3664 0.0267 -5.154 3.868 0.033 0.027 0.96 7041.4 4.0104 15.848674 0.83501 16.17632 15.341309 "" "" 2330.39648 2683.34155 8619.40302 3.2204 4622.6 13.122 5789.4 11.757 "" "" 0.0027850216271523395 0.004157404 0.0043755313 0.008532936 160.51297126124 -59.94962934857 2489.15845 -5.154 3.8680000000000003 0.6946251831054688 1.2543749504089354 0.46536383 0.45936385 "" "" 16.917581795073374 "" 7.7952659664830835 ""
160.64155858303 -60.02031243636 0.0244 0.0246 4.9603 "" "" 5254273324172640640 2892.73901 0.3114 0.0281 -4.037 2.462 0.034 0.032 0.922 7464.0 4.0834 15.854804 0.948616 16.252817 15.304201 "" "" 2668.56201 3103.35718 8570.87638 4.9339 4308.1 19.532 5990.7 14.912 "" "" 0.002825319680592118 0.0056582685 0.0046462673 0.010304536 160.64155858303 -60.02031243636 2892.73901 -4.037000000000002 2.462 1.8116251831054688 -0.15162504959106426 0.46636385 0.46436384 "" "" 24.927099450287656 "" 11.624751941316465 ""
160.49454561504 -60.00981907445 0.0263 0.025 4.4016 "" "" 5254284907753208960 2767.11108 0.3333 0.0291 -4.873 2.304 0.036 0.031 0.979 7078.8 4.2265 15.857636 1.012613 16.270247 15.257633 "" "" 2569.38257 2988.27808 8548.55415 3.1689 4239.5 9.9028 6253.2 10.551 "" "" 0.002784560374790858 0.0037705288 0.004199976 0.007970504 160.49454561504 -60.00981907445 2767.11108 -4.873000000000002 2.304000000000004 0.9756251831054685 -0.3096250495910646 0.46836382 0.46336383 "" "" 13.425359662260101 "" 6.2818403463122285 ""
160.94822655338 -60.11191928089 0.0267 0.0277 15.1224 "" "" 5254268071479963136 2492.66968 0.3754 0.0317 -6.736 3.062 0.035 0.036 1.049 9983.1 4.048 15.858735 0.855487 16.191525 15.336038 "" "" 2331.43042 2699.37354 8539.89636 3.8121 4558.3 28.605 5817.6 23.751 "" "" 0.0027976210265670187 0.0073625646 0.005825119 0.013187684 160.94822655338 -60.11191928089 2492.66968 -6.736 3.0619999999999994 -0.887374816894531 0.4483749504089354 0.46736383 0.46836382 "" "" 11.74696659019992 "" 5.492498500609893 ""
160.29866933742 -60.06197944866 0.0243 0.024 10.6488 "" "" 5254279444538631040 2630.86304 0.3514 0.028 -4.141 2.657 0.032 0.028 1.012 5664.6 4.1907 15.866154 1.023089 16.25413 15.231041 "" "" 2458.5354 2912.13818 8481.74241 2.9549 4302.9 9.7761 6408.3 33.047 "" "" 0.002781162434279208 0.0037242454 0.0067552184 0.010479463 160.29866933742 -60.06197944866 2630.86304 -4.140999999999999 2.6570000000000005 1.7076251831054687 0.043374950408935575 0.46436384 0.46036384 "" "" 21.30145112839131 "" 9.8915690089801 ""
160.42937385378 -60.12459038321 0.0249 0.0245 11.4746 "" "" 5254276798854409344 2724.19189 0.3347 0.0285 -7.011 2.404 0.032 0.03 1.018 7453.0 4.2729 15.870926 0.782742 16.171705 15.388964 "" "" 2512.6626 2949.61914 8444.55087 3.3472 4642.3 10.699 5540.8 9.1296 "" "" 0.0027887267711681086 0.0037478537 0.004181405 0.007929259 160.42937385378 -60.12459038321 2724.19189 -7.011000000000001 2.404 -1.1623748168945314 -0.20962504959106454 0.46436384 0.46236384 "" "" 15.251485637129413 "" 7.081279679986075 ""
160.25814207679 -60.11706863978 0.0268 0.0267 13.8266 "" "" 5254277417329554176 2861.11719 0.3159 0.0306 -6.361 3.54 0.034 0.032 1.019 6319.9 4.3124 15.871378 0.850316 16.185644 15.335328 "" "" 2687.12109 3112.3208 8441.03532 3.0086 4583.1 25.622 5821.4 14.564 "" "" 0.0027823633902637653 0.006680429 0.004654246 0.011334674 160.25814207679 -60.11706863978 2861.11719 -6.3610000000000015 3.54 -0.512374816894531 0.9263749504089356 0.46636385 0.46436384 "" "" 14.356824250992851 "" 6.673527462725244 ""
160.55296627342 -59.72270187629 0.042 0.0385 13.4237 "" "" 5350366384157329920 2695.31299 0.3255 0.0462 -5.904 5.307 0.052 0.047 1.111 8785.9 3.501 15.875261 2.639001 17.32132 14.682319 -39.66 7.55 2408.63379 3033.07617 8410.89695 6.0136 1610.2 13.507 10623.0 21.709 "" "" 0.002862585342383947 0.009525398 0.004382553 0.01390795 160.55296627342 -59.72270187629 2695.31299 -5.904 5.307 -0.055374816894531165 2.693374950408936 0.48436385 0.47936383 -64.856 8.41 34.41724720488992 73.42239196023583 16.498456489556983 10.723707832723639
160.80843715877 -59.92545691791 0.0296 0.0295 7.3371 "" "" 5254274668549958656 2930.66162 0.3161 0.0326 -5.673 2.167 0.042 0.036 1.065 9029.5 4.3988 15.884949 0.952329 16.272543 15.320214 "" "" 2653.49976 3313.62988 8336.18049 3.3633 4230.6 14.833 5903.0 13.885 "" "" 0.002789924088841444 0.004719766 0.0045613525 0.009281118 160.80843715877 -59.92545691791 2930.66162 -5.673 2.1669999999999994 0.1756251831054687 -0.44662504959106464 0.47436383 0.46836382 "" "" 6.666656684805654 "" 3.127807270135325 ""
160.57630913086 -59.79294059342 0.0291 0.0249 9.2053 "" "" 5350365559523458816 2813.56372 0.3266 0.0305 -4.573 1.631 0.034 0.03 1.022 7417.9 4.2371 15.885571 1.202085 16.4051 15.203015 "" "" 2575.21631 3083.0293 8331.40152 3.1281 3744.4 10.7 6575.9 15.242 "" "" 0.0027853128153681977 0.00417267 0.004540585 0.008713255 160.57630913086 -59.79294059342 2813.56372 -4.573 1.6310000000000002 1.2756251831054684 -0.9826250495910644 0.46636385 0.46236384 "" "" 21.47421154498172 "" 9.982894105548095 ""
160.47362186325 -60.05839049736 0.0264 0.026 7.2958 "" "" 5254278860438872576 2776.71118 0.3243 0.0297 -5.294 3.048 0.037 0.032 0.997 7055.0 4.4134 15.89234 0.965336 16.285173 15.319838 "" "" 2569.36841 3094.94727 8279.6269 2.9146 4181.7 9.7044 5905.0 15.474 "" "" 0.00278170225678104 0.0037594787 0.00473061 0.008490089 160.47362186325 -60.05839049736 2776.71118 -5.294000000000001 3.0480000000000005 0.5546251831054692 0.4343749504089356 0.46936384 0.46436384 "" "" 9.272078829592978 "" 4.334411487687339 ""
160.53937991401 -59.93894045171 0.0372 0.0352 0.9646 "" "" 5254285594948140160 2751.33911 0.3559 0.0421 -7.305 2.516 0.049 0.042 1.484 "" "" 15.9039 1.017138 15.822314 14.805177 "" "" 2497.76392 3214.91626 8191.93942 7.5091 6404.6 114.06 9486.1 166.76 "" "" 0.002929553095145543 0.019536227 0.019457182 0.03899341 160.53937991401 -59.93894045171 2751.33911 -7.305 2.516 -1.456374816894531 -0.09762504959106444 0.48136383 0.47436383 "" "" 19.035713962833658 "" 9.16251248235379 ""
160.31861580119 -60.16479959767 0.031 0.0271 15.0868 "" "" 5254277039372379136 2579.10547 0.3607 0.0331 -6.68 3.891 0.038 0.032 1.12 6265.9 3.9593 15.906329 0.900504 16.246151 15.345647 "" "" 2374.66895 2804.35645 8173.62985 3.4944 4334.7 15.355 5766.3 19.681 "" "" 0.0027941453126244208 0.0047515426 0.0052930326 0.010044575 160.31861580119 -60.16479959767 2579.10547 -6.68 3.890999999999999 -0.831374816894531 1.2773749504089356 0.47036383 0.46436384 "" "" 18.632021481230154 "" 8.685451796135158 ""
