Clusters/LP_1049/LP_1049_stars_in_region.tsv
# %ECSV 1.0
# ---
# datatype:
# - name: RA_ICRS_1
#   unit: deg
#   datatype: float64
#   format: '{:15.11f}'
#   description: Right ascension (ICRS) at Ep=2016.0 (ra)
#   meta: !!omap
#   - {ucd: POS_EQ_RA_MAIN}
#   - {width: 15}
#   - {precision: '11'}
# - name: DE_ICRS_1
#   unit: deg
#   datatype: float64
#   format: '{:15.11f}'
#   description: Declination (ICRS) at Ep=2016.0 (dec)
#   meta: !!omap
#   - {ucd: POS_EQ_DEC_MAIN}
#   - {width: 15}
#   - {precision: '11'}
# - name: e_RA_ICRS
#   unit: mas
#   datatype: float64
#   format: '{:7.4f}'
#   description: Standard error of right ascension (ra_error)
#   meta: !!omap
#   - {ucd: ERROR}
#   - {width: 7}
#   - {precision: '4'}
# - name: e_DE_ICRS
#   unit: mas
#   datatype: float64
#   format: '{:7.4f}'
#   description: Standard error of declination (dec_error)
#   meta: !!omap
#   - {ucd: ERROR}
#   - {width: 7}
#   - {precision: '4'}
# - name: _r_1
#   unit: ''
#   datatype: float64
#   format: '{:7.4f}'
#   description: Distance from center (160.56791392000-59.94630422000)[ICRS], at Epoch=J2016.0
#   meta: !!omap
#   - {ucd: POS_ANG_DIST_GENERAL}
#   - {width: 7}
#   - {precision: '4'}
# - name: HIP
#   datatype: int32
#   description: '? HIP cross-id number, van Leeuwen, Cat. I/311 (hip_original_ext_source_id)'
#   meta: !!omap
#   - {ucd: ID_NUMBER}
#   - {width: 6}
#   - values: {'null': -2147483648}
# - name: TYC2
#   datatype: string
#   description: Tycho-2 cross-id name, Hog et al., Cat. I/259 (tyc2_original_ext_source_id)
#   meta: !!omap
#   - {ucd: ID_CROSSID}
#   - {_votable_string_dtype: char}
# - name: Source
#   datatype: int64
#   description: Source identifier, identical to the Gaia-EDR3 source_id (id)
#   meta: !!omap
#   - {ucd: ID_MAIN}
#   - {width: 19}
# - name: rgeo
#   unit: pc
#   datatype: float64
#   format: '{:15.8f}'
#   description: '? Median of the geometric distance posterior (r_med_geo)'
#   meta: !!omap
#   - {ucd: PHYS_DISTANCE_TRUE}
#   - {width: 15}
#   - {precision: '8'}
#   - values: {'null': .nan}
# - name: Plx
#   unit: mas
#   datatype: float64
#   format: '{:9.4f}'
#   description: '? Parallax (parallax)'
#   meta: !!omap
#   - {ucd: POS_PARLX_TRIG}
#   - {width: 9}
#   - {precision: '4'}
#   - values: {'null': .nan}
# - name: e_Plx
#   unit: mas
#   datatype: float32
#   format: '{:7.4f}'
#   description: '? Standard error of parallax (parallax_error)'
#   meta: !!omap
#   - {ucd: ERROR}
#   - {width: 7}
#   - {precision: '4'}
#   - values: {'null': .nan}
# - name: pmRA
#   unit: mas / yr
#   datatype: float64
#   format: '{:9.3f}'
#   description: '? Proper motion in right ascension direction, pmRA*cosDE (pmra)'
#   meta: !!omap
#   - {ucd: POS_EQ_PMRA}
#   - {width: 9}
#   - {precision: '3'}
#   - values: {'null': .nan}
# - name: pmDE
#   unit: mas / yr
#   datatype: float64
#   format: '{:9.3f}'
#   description: '? Proper motion in declination direction (pmdec)'
#   meta: !!omap
#   - {ucd: POS_EQ_PMDEC}
#   - {width: 9}
#   - {precision: '3'}
#   - values: {'null': .nan}
# - name: e_pmRA
#   unit: mas / yr
#   datatype: float32
#   format: '{:6.3f}'
#   description: '? Standard error of proper motion in right ascension direction (pmra_error)'
#   meta: !!omap
#   - {ucd: ERROR}
#   - {width: 6}
#   - {precision: '3'}
#   - values: {'null': .nan}
# - name: e_pmDE
[...]
#         value: !astropy.table.SerializedColumn {name: SkyCoord.dec}
#       distance: !astropy.table.SerializedColumn
#         __class__: astropy.coordinates.distances.Distance
#         unit: !astropy.units.Unit {unit: pc}
#         value: !astropy.table.SerializedColumn {name: SkyCoord.distance}
#       frame: icrs
#       obstime: !astropy.time.Time {format: jyear_str, in_subfmt: '*', jd1: 367701545.0, jd2: 0.0, out_subfmt: '*', precision: 3, scale: tt}
#       pm_dec: !astropy.table.SerializedColumn
#         __class__: astropy.units.quantity.Quantity
#         unit: !astropy.units.Unit {unit: mas / yr}
#         value: !astropy.table.SerializedColumn {name: SkyCoord.pm_dec}
#       pm_ra_cosdec: !astropy.table.SerializedColumn
#         __class__: astropy.units.quantity.Quantity
#         unit: !astropy.units.Unit {unit: mas / yr}
#         value: !astropy.table.SerializedColumn {name: SkyCoord.pm_ra_cosdec}
#       ra: !astropy.table.SerializedColumn
#         __class__: astropy.coordinates.angles.Longitude
#         unit: *id001
#         value: !astropy.table.SerializedColumn {name: SkyCoord.ra}
#         wrap_angle: !astropy.coordinates.Angle
#           unit: *id001
#           value: 360.0
#       representation_type: spherical
# schema: astropy-2.0
RA_ICRS_1 DE_ICRS_1 e_RA_ICRS e_DE_ICRS _r_1 HIP TYC2 Source rgeo Plx e_Plx pmRA pmDE e_pmRA e_pmDE RUWE Teff logg Gmag BP-RP BPmag RPmag RV e_RV b_rgeo B_rgeo FG e_FG FBP e_FBP FRP e_FRP RAVE5 RAVE6 e_Gmag e_BPmag e_RPmag e_BP-RP SkyCoord.ra SkyCoord.dec SkyCoord.distance SkyCoord.pm_ra_cosdec SkyCoord.pm_dec rmRA rmDE e_rmRA e_rmDE rRV e_rRV v_pec v_pec3d e_vpec e_vpec3d
[from data line 498]
160.54010666938 -59.76342448523 0.0364 0.0328 11.0047 "" "" 5350365628242974208 3038.99072 0.311 0.0393 -6.161 3.409 0.044 0.039 1.091 11356.5 4.3196 16.255135 1.016913 16.638834 15.621922 "" "" 2728.3689 3399.66504 5927.79558 2.6542 3019.1 12.584 4470.8 18.262 "" "" 0.0027978786963798845 0.0053164926 0.005826868 0.01114336 160.54010666938 -59.76342448523 3038.99072 -6.161 3.409 -0.31237481689453084 0.7953749504089354 0.47636384 0.47136384 "" "" 12.309160457105515 "" 5.810355391948219 ""
160.94651960616 -60.09157022188 0.0347 0.0325 14.3118 "" "" 5254270304862998272 2494.57495 0.3874 0.0411 -5.552 1.493 0.047 0.039 0.996 9973.7 4.2925 16.256506 0.971383 16.643566 15.672183 "" "" 2276.73486 2803.03442 5920.31311 3.3127 3006.0 22.155 4268.6 21.381 "" "" 0.002821501717841204 0.008474643 0.006622638 0.015097281 160.94651960616 -60.09157022188 2494.57495 -5.5520000000000005 1.492999999999999 0.29662518310546915 -1.1206250495910643 0.47936383 0.47136384 "" "" 13.706927524521584 "" 6.468186745327701 ""
160.48730292642 -60.17787306937 0.0332 0.0294 14.1022 "" "" 5254264635505245184 3072.73975 0.3022 0.0363 -6.209 2.285 0.04 0.035 1.007 8102.4 4.2595 16.257116 0.992931 16.66534 15.672409 "" "" 2786.33179 3418.49951 5916.98425 2.5423 2946.3 10.587 4267.7 10.804 "" "" 0.0027945322841956403 0.0047964524 0.004673184 0.009469636 160.48730292642 -60.17787306937 3072.73975 -6.208999999999999 2.2849999999999957 -0.3603748168945309 -0.3286250495910643 0.47236383 0.46736383 "" "" 7.103442567825964 "" 3.3393307636734946 ""
160.39077476239 -59.79189292591 0.0346 0.0301 10.691 "" "" 5254291814061029888 2501.35547 0.38 0.0376 -3.22 2.733 0.046 0.039 1.004 6920.1 4.0342 16.265768 1.740969 17.09484 15.35387 "" "" 2305.27832 2727.57422 5870.02219 2.7086 1983.7 13.92 5722.8 17.506 "" "" 0.002800496531521328 0.008113656 0.00503135 0.013145006 160.39077476239 -59.79189292591 2501.35547 -3.2199999999999998 2.733 2.6286251831054686 0.11937495040893564 0.47836384 0.47136384 "" "" 31.19821879024997 "" 14.923653607430008 ""
160.54273742513 -59.95237968434 0.0328 0.0304 0.8397 "" "" 5254285560588378368 2525.50171 0.3729 0.0366 -12.179 10.822 0.042 0.037 1.024 5697.1 4.4264 16.268293 1.192021 16.775082 15.58306 "" "" 2357.80713 2735.21851 5856.38089 2.8205 2663.1 9.0376 4633.8 9.6849 "" "" 0.0028044994013509557 0.0046218284 0.0044083125 0.009030141 160.54273742513 -59.95237968434 2525.50171 -12.178999999999998 10.822 -6.3303748168945315 8.208374950408935 0.47436383 0.46936384 "" "" 124.08845293234114 "" 58.47479473641217 ""
160.35778572218 -59.88798750127 0.0337 0.0285 7.2236 "" "" 5254289580677742976 3069.50903 0.3146 0.0356 -4.865 3.264 0.042 0.035 1.084 5662.7 4.3277 16.268812 1.237037 16.812906 15.57587 "" "" 2768.46606 3464.06958 5853.58677 2.6525 2571.9 14.377 4664.6 13.347 "" "" 0.0027989006862160657 0.006679928 0.0048923464 0.011572274 160.35778572218 -59.88798750127 3069.50903 -4.865 3.2639999999999962 0.9836251831054685 0.6503749504089353 0.47436383 0.46736383 "" "" 17.156697839504307 "" 8.102172267975273 ""
160.25805146785 -60.1108079332 0.0333 0.0313 13.553 "" "" 5254277417329567616 3153.02026 0.303 0.0371 -5.298 2.738 0.042 0.037 0.947 5111.0 4.334 16.269342 1.131368 16.752974 15.621606 "" "" 2870.97876 3639.7937 5850.72494 2.5916 2717.9 8.8481 4472.1 14.954 "" "" 0.002796977620843724 0.0045031635 0.005240657 0.009743821 160.25805146785 -60.1108079332 3153.02026 -5.297999999999997 2.737999999999999 0.5506251831054687 0.12437495040893554 0.47436383 0.46936384 "" "" 8.43659079749226 "" 3.999976069129289 ""
160.36880989874 -60.12938834488 0.0455 0.0432 12.5007 "" "" 5254277486033153280 2696.03418 0.3701 0.052 -4.899 0.908 0.054 0.048 1.467 6211.6 4.4702 16.270184 0.951325 16.584702 15.633376 "" "" 2336.41675 3058.17798 5846.19089 4.3764 3173.5 12.383 4423.9 18.158 "" "" 0.002872696714094839 0.0050728046 0.005843243 0.010916048 160.36880989874 -60.12938834488 2696.03418 -4.898999999999998 0.9079999999999999 0.9496251831054687 -1.7056250495910645 0.48636383 0.48036385 "" "" 24.947099805467467 "" 12.01927261668671 ""
160.462884497 -60.01244759355 0.0303 0.0281 5.0686 "" "" 5254284942112916096 2527.13037 0.3768 0.034 -8.44 4.615 0.04 0.034 1.022 5647.0 4.4382 16.271187 1.139174 16.763798 15.624624 "" "" 2345.55786 2719.12256 5840.79309 2.3778 2690.9 10.698 4459.7 10.776 "" "" 0.002790548041604497 0.0051397486 0.0046006874 0.009740436 160.462884497 -60.01244759355 2527.13037 -8.440000000000001 4.615000000000001 -2.5913748168945308 2.0013749504089358 0.47236383 0.46636385 "" "" 39.22094643112207 "" 18.4389852336479 ""
160.10718650661 -59.85650121608 0.0332 0.0323 14.8733 "" "" 5254478112546153600 2787.31885 0.3423 0.0399 -6.628 3.07 0.042 0.038 1.004 9978.3 4.0229 16.271852 1.051155 16.67338 15.622225 "" "" 2532.07886 3130.40186 5837.21577 2.7872 2924.6 12.481 4469.6 18.049 "" "" 0.002803668099883379 0.0054087127 0.0057884855 0.011197198 160.10718650661 -59.85650121608 2787.31885 -6.627999999999997 3.07 -0.7793748168945314 0.4563749504089354 0.47436383 0.47036383 "" "" 11.932489934341381 "" 5.648192831923191 ""
160.87417212148 -59.87637858026 0.0384 0.0347 10.1227 "" "" 5350351987426910080 2870.85156 0.3231 0.0415 -4.942 1.692 0.05 0.043 1.026 9815.2 4.1954 16.274231 0.997938 16.65376 15.655823 "" "" 2553.85376 3267.15356 5824.43769 2.8288 2977.9 14.232 4333.4 19.729 "" "" 0.0028053259316178796 0.0058915475 0.006222387 0.012113934 160.87417212148 -59.87637858026 2870.85156 -4.942000000000003 1.6920000000000022 0.9066251831054686 -0.9216250495910645 0.48236385 0.47536385 "" "" 17.592369381445025 "" 8.423564431493295 ""
160.41513462973 -59.95498050038 0.0298 0.0271 4.6196 "" "" 5254285904185665152 2678.948 0.3525 0.0334 -6.074 1.116 0.038 0.032 0.924 5800.1 4.4235 16.274311 0.964684 16.65758 15.692896 "" "" 2462.90723 2878.89819 5824.01637 2.437 2967.5 15.045 4187.9 13.342 "" "" 0.002792524251934518 0.0061713583 0.005123311 0.0112946695 160.41513462973 -59.95498050038 2678.948 -6.073999999999993 1.116 -0.2253748168945311 -1.4976250495910644 0.47036383 0.46436384 "" "" 19.231294911545195 "" 8.932889426819273 ""
160.57397159518 -59.88254337698 0.0371 0.0315 3.83 "" "" 5254287622172834048 3048.2583 0.309 0.0402 -5.434 4.593 0.049 0.038 1.063 4972.5 4.1599 16.276419 1.360376 16.886217 15.525841 "" "" 2720.44507 3497.74023 5812.71419 3.2228 2404.0 12.07 4884.5 13.72 "" "" 0.0028203126928377045 0.0061238315 0.0048563825 0.010980214 160.57397159518 -59.88254337698 3048.2583 -5.433999999999998 4.593 0.4146251831054686 1.9793749504089355 0.48136383 0.47036383 "" "" 29.220202762591544 "" 13.757788355724202 ""
160.90931295719 -60.13811623709 0.033 0.0305 15.3974 "" "" 5254268651248010368 2984.70435 0.3022 0.0374 -5.847 3.838 0.044 0.038 0.956 7260.3 4.1317 16.276714 0.981461 16.65718 15.675719 "" "" 2680.52368 3442.46826 5811.13412 2.9715 2968.5 15.682 4254.7 11.849 "" "" 0.00281069774022031 0.006378373 0.0048400844 0.0112184575 160.90931295719 -60.13811623709 2984.70435 -5.847 3.8380000000000005 0.0016251831054683308 1.2243749504089356 0.47636384 0.47036383 "" "" 17.321858179525137 "" 8.147575663404488 ""
160.65750650841 -59.80869911923 0.0338 0.0301 8.6859 "" "" 5350364563091094656 2631.30151 0.3565 0.0359 -4.961 2.515 0.041 0.039 0.984 7428.8 4.1752 16.27721 1.114102 16.727287 15.613185 "" "" 2429.71094 2930.3689 5808.48562 3.648 2782.9 18.124 4507.0 16.572 "" "" 0.002838444547299844 0.007601584 0.005497394 0.0130989775 160.65750650841 -59.80869911923 2631.30151 -4.961 2.515 0.8876251831054685 -0.09862504959106433 0.47336385 0.47136384 "" "" 11.138917572453403 "" 5.272489753736774 ""
160.75288702689 -60.1238296258 0.0412 0.0384 12.0076 "" "" 5254271507453637888 2745.66235 0.3441 0.0472 -4.782 2.524 0.052 0.046 1.308 7470.1 4.4092 16.27823 0.965613 16.661413 15.6958 "" "" 2431.46118 3111.90454 5803.02447 3.4978 2957.0 12.312 4176.7 9.7844 "" "" 0.0028319730482063857 0.005312381 0.004555538 0.009867919 160.75288702689 -60.1238296258 2745.66235 -4.782 2.524 1.0666251831054687 -0.08962504959106443 0.48436385 0.47836384 "" "" 13.930447993118708 "" 6.746823082401007 ""
160.72715541481 -59.84699388768 0.0345 0.0316 7.6466 "" "" 5350352635937144320 2696.26904 0.3378 0.038 -6.989 3.031 0.043 0.038 0.991 7663.8 4.3611 16.27844 0.979324 16.69169 15.712366 "" "" 2452.18359 2957.72827 5801.90563 2.6344 2875.7 11.258 4113.5 12.038 "" "" 0.002799075816529488 0.005084483 0.0049375477 0.010022031 160.72715541481 -59.84699388768 2696.26904 -6.988999999999997 3.0309999999999993 -1.1403748168945311 0.4173749504089357 0.47536385 0.47036383 "" "" 15.519831864336203 "" 7.368442733534619 ""
160.48472989949 -59.78223459912 0.0449 0.0403 10.1581 "" "" 5350365765681817984 2661.65137 0.3497 0.0492 -5.81 3.119 0.054 0.049 1.346 6345.0 4.3976 16.283522 1.068423 16.659468 15.591044 "" "" 2360.12256 3006.94507 5774.81606 3.7821 2962.3 21.098 4599.8 27.09 "" "" 0.0028455976174047997 0.008220777 0.007427722 0.0156485 160.48472989949 -59.78223459912 2661.65137 -5.8100000000000005 3.1190000000000007 0.03862518310546914 0.5053749504089358 0.48636383 0.48136383 "" "" 6.394520253749002 "" 3.0782774164567464 ""
160.75643438031 -59.76887853518 0.4633 0.4543 12.066 "" "" 5350354770565846656 3451.7959 0.572 0.5218 -3.947 0.609 0.563 0.536 9.875 "" "" 16.286219 1.312311 16.641783 15.329472 "" "" 1872.75635 5866.99902 5760.48947 31.615 3011.0 15.899 5852.9 16.188 "" "" 0.006564980878728887 0.0063759354 0.0048271487 0.011203084 160.75643438031 -59.76887853518 3451.7959 -3.9469999999999987 0.6089999999999995 1.9016251831054687 -2.0046250495910645 0.99536383 0.9683639 "" "" 45.208431172276576 "" 44.36054840471157 ""
160.30523969793 -59.81446863416 0.0339 0.0298 11.1856 "" "" 5254291539182927744 2820.72266 0.3383 0.0374 -6.928 3.137 0.045 0.037 0.965 7329.7 4.0361 16.288414 1.30158 16.844671 15.543091 "" "" 2560.61255 3165.4043 5748.84916 2.7319 2497.7 12.601 4807.5 13.045 "" "" 0.0028032114632386453 0.006147274 0.0047920034 0.010939278 160.30523969793 -59.81446863416 2820.72266 -6.928 3.137000000000001 -1.0793748168945312 0.5233749504089356 0.47736382 0.46936384 "" "" 16.038538843184057 "" 7.631959860854201 ""
160.52068789941 -59.80457314204 0.0338 0.0294 8.622 "" "" 5254288687324809728 2699.90405 0.355 0.0363 -6.006 3.537 0.042 0.037 0.981 5384.7 4.2116 16.29008 1.40433 16.898958 15.494628 "" "" 2447.57983 3014.26074 5740.03804 2.8642 2375.9 13.071 5027.0 17.788 "" "" 0.0028080778708375817 0.00659271 0.005389219 0.011981929 160.52068789941 -59.80457314204 2699.90405 -6.006000000000006 3.536999999999999 -0.15737481689453148 0.9233749504089355 0.47436383 0.46936384 "" "" 11.987332446185658 "" 5.628121009166729 ""
160.80710278976 -60.09916997378 0.0451 0.0424 11.6423 "" "" 5254268999192822528 2916.57568 0.3339 0.0513 -7.236 2.04 0.061 0.053 1.413 6434.1 4.2788 16.291094 1.457822 16.950232 15.49241 "" "" 2565.48413 3430.4729 5734.68148 10.602 2266.3 22.073 5037.3 36.958 "" "" 0.003408939249496558 0.0109366095 0.00881699 0.0197536 160.80710278976 -60.09916997378 2916.57568 -7.236 2.04 -1.387374816894531 -0.5736250495910644 0.49336383 0.48536384 "" "" 20.754608119508344 "" 10.215501049815986 ""
160.7806449306 -59.86026022864 0.0377 0.0327 8.2231 "" "" 5350352468463189504 2688.79956 0.349 0.0407 -8.272 2.694 0.048 0.042 1.105 5754.8 4.3717 16.292427 1.270506 16.85979 15.589285 "" "" 2432.10889 3016.36743 5727.64066 3.2667 2463.2 19.104 4607.3 13.425 "" "" 0.0028240477084957374 0.008870934 0.00492875 0.013799684 160.7806449306 -59.86026022864 2688.79956 -8.272 2.694000000000001 -2.4233748168945315 0.0803749504089355 0.48036385 0.47436383 "" "" 30.90267648873158 "" 14.844326057917764 ""
160.80175780451 -60.14710466516 0.0322 0.0314 13.9366 "" "" 5254268483796657152 2840.60718 0.3252 0.0377 -2.099 2.204 0.042 0.039 1.046 5042.9 4.3152 16.292555 1.1526 16.768955 15.616355 "" "" 2628.96069 3180.53613 5726.96922 2.623 2678.2 16.236 4493.8 18.768 "" "" 0.0027998344746453076 0.0071490044 0.005902994 0.013051998 160.80175780451 -60.14710466516 2840.60718 -2.099000000000002 2.204000000000003 3.7496251831054686 -0.40962504959106427 0.47436383 0.47136384 "" "" 50.78711462294937 "" 24.08977913111541 ""
160.89348066922 -59.79009563649 0.0405 0.038 13.5646 "" "" 5350353842852985728 2751.92285 0.3381 0.0443 -5.896 2.671 0.049 0.046 1.023 6347.1 4.045 16.294914 2.038346 17.327278 15.288932 "" "" 2483.8877 3099.93701 5714.53551 3.1205 1601.4 12.566 6075.5 26.152 "" "" 0.0028183855922965266 0.008964898 0.0060104765 0.014975375 160.89348066922 -59.79009563649 2751.92285 -5.896 2.671 -0.04737481689453116 0.057374950408935366 0.48136383 0.47836384 "" "" 0.9705608403523756 "" 0.4654637865353596 ""
160.57944900981 -59.88342993171 0.0368 0.031 3.7884 "" "" 5254287617830839040 2622.09302 0.3551 0.039 -6.176 2.45 0.046 0.037 1.11 5804.3 4.5212 16.295094 0.985601 16.669191 15.68359 "" "" 2380.67676 2903.26514 5713.59754 5.1177 2935.9 17.835 4224.0 22.79 "" "" 0.0029219077753353294 0.007161519 0.00697131 0.014132829 160.57944900981 -59.88342993171 2622.09302 -6.176000000000002 2.450000000000001 -0.3273748168945314 -0.16362504959106428 0.47836384 0.46936384 "" "" 4.5487663004574905 "" 2.1678443528888613 ""
160.62973793825 -60.13797175609 0.0324 0.0301 11.6483 "" "" 5254266456571536512 3128.47607 0.3027 0.0366 -6.688 3.523 0.041 0.035 1.049 6319.4 4.4427 16.29627 0.950169 16.67632 15.72615 "" "" 2766.49414 3531.20239 5707.40166 2.6266 2916.7 14.627 4061.6 10.638 "" "" 0.0028002599065842255 0.006118145 0.0047297445 0.010847889 160.62973793825 -60.13797175609 3128.47607 -6.687999999999999 3.523 -0.839374816894531 0.9093749504089357 0.47336385 0.46736383 "" "" 18.351497392709096 "" 8.627654853349304 ""
160.47338975819 -60.10943926812 0.0315 0.0293 10.1899 "" "" 5254278207603941120 2753.39697 0.3502 0.0358 -7.449 3.595 0.041 0.037 0.994 7665.7 4.3596 16.296635 1.017909 16.710785 15.692876 "" "" 2517.28174 3034.13989 5705.48929 3.0283 2825.5 7.7578 4188.0 10.818 "" "" 0.0028149392668344038 0.004083092 0.004706302 0.008789394 160.47338975819 -60.10943926812 2753.39697 -7.448999999999999 3.5949999999999998 -1.600374816894531 0.9813749504089357 0.47336385 0.46936384 "" "" 24.500975822504483 "" 11.5711766590251 ""
160.14272328749 -60.0253662398 0.0315 0.0298 13.6143 "" "" 5254281987174857344 2520.68018 0.3764 0.0367 -7.756 4.586 0.04 0.036 1.014 7024.5 4.4925 16.29706 1.032497 16.727636 15.695139 "" "" 2276.51172 2737.85278 5703.25488 2.8589 2782.0 9.1317 4179.3 12.643 "" "" 0.0028085583938548763 0.0045261504 0.0050071697 0.00953332 160.14272328749 -60.0253662398 2520.68018 -7.756000000000004 4.585999999999999 -1.9073748168945315 1.9723749504089358 0.47236383 0.46836382 "" "" 32.782777629838776 "" 15.417775636831061 ""
160.32945456334 -59.91338510173 0.057 0.052 7.4361 "" "" 5254289202720557440 2972.77515 0.3318 0.0625 -4.471 2.164 0.073 0.061 1.667 "" "" 16.298143 2.227302 17.419607 15.192306 "" "" 2484.85229 3563.45776 5697.56985 4.9601 1470.9 12.083 6641.0 13.986 "" "" 0.002912936346291319 0.009345241 0.004417253 0.013762495 160.32945456334 -59.91338510173 2972.77515 -4.470999999999998 2.1639999999999997 1.3776251831054687 -0.4496250495910643 0.5053638 0.49336383 "" "" 20.419799859325146 "" 10.296092681391686 ""
