Clusters/UBC_296/UBC_296_stars_in_region.tsv
# %ECSV 1.0
# ---
# datatype:
# - name: RA_ICRS_1
#   unit: deg
#   datatype: float64
#   format: '{:15.11f}'
#   description: Right ascension (ICRS) at Ep=2016.0 (ra)
#   meta: !!omap
#   - {ucd: POS_EQ_RA_MAIN}
#   - {width: 15}
#   - {precision: '11'}
# - name: DE_ICRS_1
#   unit: deg
#   datatype: float64
#   format: '{:15.11f}'
#   description: Declination (ICRS) at Ep=2016.0 (dec)
#   meta: !!omap
#   - {ucd: POS_EQ_DEC_MAIN}
#   - {width: 15}
#   - {precision: '11'}
# - name: e_RA_ICRS
#   unit: mas
#   datatype: float64
#   format: '{:7.4f}'
#   description: Standard error of right ascension (ra_error)
#   meta: !!omap
#   - {ucd: ERROR}
#   - {width: 7}
#   - {precision: '4'}
# - name: e_DE_ICRS
#   unit: mas
#   datatype: float64
#   format: '{:7.4f}'
#   description: Standard error of declination (dec_error)
#   meta: !!omap
#   - {ucd: ERROR}
#   - {width: 7}
#   - {precision: '4'}
# - name: _r_1
#   unit: ''
#   datatype: float64
#   format: '{:7.4f}'
#   description: Distance from center (216.23391712000-61.04819877000)[ICRS], at Epoch=J2016.0
#   meta: !!omap
#   - {ucd: POS_ANG_DIST_GENERAL}
#   - {width: 7}
#   - {precision: '4'}
# - name: HIP
#   datatype: int32
#   description: '? HIP cross-id number, van Leeuwen, Cat. I/311 (hip_original_ext_source_id)'
#   meta: !!omap
#   - {ucd: ID_NUMBER}
#   - {width: 6}
#   - values: {'null': -2147483648}
# - name: TYC2
#   datatype: string
#   description: Tycho-2 cross-id name, Hog et al., Cat. I/259 (tyc2_original_ext_source_id)
#   meta: !!omap
#   - {ucd: ID_CROSSID}
#   - {_votable_string_dtype: char}
# - name: Source
#   datatype: int64
#   description: Source identifier, identical to the Gaia-EDR3 source_id (id)
#   meta: !!omap
#   - {ucd: ID_MAIN}
#   - {width: 19}
# - name: rgeo
#   unit: pc
#   datatype: float64
#   format: '{:15.8f}'
#   description: '? Median of the geometric distance posterior (r_med_geo)'
#   meta: !!omap
#   - {ucd: PHYS_DISTANCE_TRUE}
#   - {width: 15}
#   - {precision: '8'}
#   - values: {'null': .nan}
# - name: Plx
#   unit: mas
#   datatype: float64
#   format: '{:9.4f}'
#   description: '? Parallax (parallax)'
#   meta: !!omap
#   - {ucd: POS_PARLX_TRIG}
#   - {width: 9}
#   - {precision: '4'}
#   - values: {'null': .nan}
# - name: e_Plx
#   unit: mas
#   datatype: float32
#   format: '{:7.4f}'
#   description: '? Standard error of parallax (parallax_error)'
#   meta: !!omap
#   - {ucd: ERROR}
#   - {width: 7}
#   - {precision: '4'}
#   - values: {'null': .nan}
# - name: pmRA
#   unit: mas / yr
#   datatype: float64
#   format: '{:9.3f}'
#   description: '? Proper motion in right ascension direction, pmRA*cosDE (pmra)'
#   meta: !!omap
#   - {ucd: POS_EQ_PMRA}
#   - {width: 9}
#   - {precision: '3'}
#   - values: {'null': .nan}
# - name: pmDE
#   unit: mas / yr
#   datatype: float64
#   format: '{:9.3f}'
#   description: '? Proper motion in declination direction (pmdec)'
#   meta: !!omap
#   - {ucd: POS_EQ_PMDEC}
#   - {width: 9}
#   - {precision: '3'}
#   - values: {'null': .nan}
# - name: e_pmRA
#   unit: mas / yr
#   datatype: float32
#   format: '{:6.3f}'
#   description: '? Standard error of proper motion in right ascension direction (pmra_error)'
#   meta: !!omap
#   - {ucd: ERROR}
#   - {width: 6}
#   - {precision: '3'}
#   - values: {'null': .nan}
# - name: e_pmDE
[...]
#         value: !astropy.table.SerializedColumn {name: SkyCoord.dec}
#       distance: !astropy.table.SerializedColumn
#         __class__: astropy.coordinates.distances.Distance
#         unit: !astropy.units.Unit {unit: pc}
#         value: !astropy.table.SerializedColumn {name: SkyCoord.distance}
#       frame: icrs
#       obstime: !astropy.time.Time {format: jyear_str, in_subfmt: '*', jd1: 367701545.0, jd2: 0.0, out_subfmt: '*', precision: 3, scale: tt}
#       pm_dec: !astropy.table.SerializedColumn
#         __class__: astropy.units.quantity.Quantity
#         unit: !astropy.units.Unit {unit: mas / yr}
#         value: !astropy.table.SerializedColumn {name: SkyCoord.pm_dec}
#       pm_ra_cosdec: !astropy.table.SerializedColumn
#         __class__: astropy.units.quantity.Quantity
#         unit: !astropy.units.Unit {unit: mas / yr}
#         value: !astropy.table.SerializedColumn {name: SkyCoord.pm_ra_cosdec}
#       ra: !astropy.table.SerializedColumn
#         __class__: astropy.coordinates.angles.Longitude
#         unit: *id001
#         value: !astropy.table.SerializedColumn {name: SkyCoord.ra}
#         wrap_angle: !astropy.coordinates.Angle
#           unit: *id001
#           value: 360.0
#       representation_type: spherical
# schema: astropy-2.0
RA_ICRS_1 DE_ICRS_1 e_RA_ICRS e_DE_ICRS _r_1 HIP TYC2 Source rgeo Plx e_Plx pmRA pmDE e_pmRA e_pmDE RUWE Teff logg Gmag BP-RP BPmag RPmag RV e_RV b_rgeo B_rgeo FG e_FG FBP e_FBP FRP e_FRP RAVE5 RAVE6 e_Gmag e_BPmag e_RPmag e_BP-RP SkyCoord.ra SkyCoord.dec SkyCoord.distance SkyCoord.pm_ra_cosdec SkyCoord.pm_dec rmRA rmDE e_rmRA e_rmDE rRV e_rRV v_pec v_pec3d e_vpec e_vpec3d
[from data line 1916]
215.53151825615 -61.0730775511 0.0248 0.0332 20.4472 "" "" 5854626227941286272 1678.37134 0.5569 0.0497 -4.179 -2.493 0.044 0.053 1.072 "" "" 16.544054 2.223428 17.614618 15.391191 "" "" 1545.36682 1830.5896 4542.81953 2.4777 1229.0 36.38 5529.5 45.816 "" "" 0.0028182364291584115 0.03226009 0.009757769 0.04201786 215.53151825615 -61.0730775511 1678.37134 -4.178999999999995 -2.492999999999997 -0.43714294815063504 -0.2959522895812987 0.11170966 0.12070966 "" "" 4.199722873906532 "" 0.4813490430298198 ""
215.48983157284 -61.03654536023 0.0233 0.0311 21.6267 "" "" 5854626571538701312 1968.43201 0.4906 0.0464 -5.236 -4.112 0.042 0.051 0.976 5092.5 4.3595 16.544731 1.308912 17.126781 15.817869 "" "" 1794.84534 2185.68823 4539.9832 1.6639 1926.2 6.1441 3732.6 7.6432 "" "" 0.0027839056815488405 0.004447359 0.00438481 0.00883217 215.48983157284 -61.03654536023 1968.43201 -5.235999999999997 -4.112000000000002 -1.4941429481506345 -1.914952289581299 0.109709665 0.11870966 "" "" 22.662434543008597 "" 2.614939325548423 ""
216.29167916778 -61.18352219641 0.0356 0.0523 8.2902 "" "" 5854594513889384320 1655.54041 0.5882 0.0626 -8.659 -2.57 0.061 0.074 1.028 "" "" 16.545595 1.445732 16.462236 15.016504 "" "" 1509.33228 1832.7655 4536.37375 3.435 3552.4 20.985 7808.3 44.544 "" "" 0.002875359536223848 0.0069943643 0.007255815 0.01425018 216.29167916778 -61.18352219641 1655.54041 -8.658999999999995 -2.569999999999994 -4.9171429481506355 -0.37295228958129867 0.12870966 0.14170966 "" "" 38.69693708158822 "" 4.983691435085344 ""
215.97446742672 -60.71275528145 0.0234 0.0371 21.505 "" "" 5854671582798344192 1675.81213 0.585 0.0551 -17.795 -2.888 0.049 0.051 0.981 5286.6 3.6703 16.54613 1.432904 17.200455 15.76755 "" "" 1518.30334 1879.26294 4534.14033 1.6213 1799.8 5.5558 3909.7 6.1302 "" "" 0.002782537412200519 0.0043609617 0.004145095 0.008506057 215.97446742672 -60.71275528145 1675.81213 -17.795 -2.888000000000003 -14.053142948150636 -0.6909522895812987 0.116709664 0.11870966 "" "" 111.76387072621391 "" 13.044467511842399 ""
216.62010011444 -61.220572714 0.0253 0.0352 15.2345 "" "" 5854584824460087552 1737.39197 0.5695 0.0539 -8.042 -1.695 0.047 0.049 0.98 5324.3 4.6111 16.546492 1.321628 17.132248 15.81062 "" "" 1586.01709 1891.07349 4532.62526 1.7033 1916.5 5.6611 3757.6 7.3345 "" "" 0.002785364893647551 0.0042509665 0.004333012 0.008583978 216.62010011444 -61.220572714 1737.39197 -8.041999999999998 -1.6949999999999996 -4.300142948150635 0.5020477104187011 0.11470966 0.116709664 "" "" 35.653236739583534 "" 4.090737825931698 ""
216.27353453948 -61.08813612492 0.0246 0.0325 2.6579 "" "" 5854601832531511296 2168.16919 0.4435 0.0513 -6.101 -4.0 0.044 0.051 1.056 8201.0 4.1826 16.54663 1.469615 17.214407 15.744792 "" "" 1966.52856 2398.8894 4532.04982 1.6054 1776.9 4.9441 3992.5 6.5152 "" "" 0.0027820332520020947 0.004112347 0.004174074 0.008286421 216.27353453948 -61.08813612492 2168.16919 -6.100999999999998 -4.0 -2.3591429481506347 -1.8029522895812988 0.11170966 0.11870966 "" "" 30.514906271701452 "" 3.4890906156165817 ""
216.86007074248 -61.18133254407 0.0265 0.0356 19.8282 "" "" 5854585923971729664 2105.56372 0.4587 0.0522 -8.418 -3.546 0.049 0.049 1.025 6745.6 4.2377 16.547081 1.549694 17.266834 15.71714 "" "" 1901.41919 2329.46948 4530.17038 1.7498 1693.1 6.0168 4095.5 6.681 "" "" 0.0027870524300280942 0.0047615436 0.004173817 0.00893536 216.86007074248 -61.18133254407 2105.56372 -8.418 -3.5460000000000065 -4.676142948150634 -1.3489522895812986 0.116709664 0.116709664 "" "" 48.57272367812522 "" 5.668906282576432 ""
215.58061479018 -61.22780507694 0.0253 0.0332 21.7745 "" "" 5854620524224599040 1998.32263 0.4851 0.0512 -5.597 2.668 0.049 0.058 0.952 8542.7 3.6103 16.547876 1.874703 17.467192 15.592488 "" "" 1842.34668 2215.71533 4526.85441 1.7374 1407.8 5.688 4593.7 6.8482 "" "" 0.002786652394848405 0.0051989066 0.0041113957 0.009310302 215.58061479018 -61.22780507694 1998.32263 -5.596999999999996 2.667999999999997 -1.8551429481506352 4.865047710418701 0.116709664 0.12570965 "" "" 49.318591625588546 "" 6.145252516407007 ""
216.10680711667 -61.12523924506 0.0246 0.0324 5.913 "" "" 5854598396557212288 1611.0343 0.6201 0.0526 -6.709 -6.261 0.044 0.05 1.024 7904.3 4.141 16.547955 1.442483 17.196789 15.754306 "" "" 1486.69714 1728.69006 4526.52232 1.6869 1805.9 7.304 3957.6 6.4684 "" "" 0.0027848712667988707 0.005202731 0.004175257 0.009377988 216.10680711667 -61.12523924506 1611.0343 -6.709 -6.261 -2.9671429481506344 -4.063952289581299 0.11170966 0.11770967 "" "" 38.42482859823378 "" 4.4441656569257635 ""
216.33716601971 -61.13643506354 0.0249 0.0316 6.0824 "" "" 5854600659997887104 2253.22827 0.4313 0.0503 -3.963 -2.01 0.045 0.048 1.039 7884.4 4.1564 16.548279 1.563178 17.241524 15.678346 "" "" 2057.84106 2544.24854 4525.17497 2.0024 1733.0 5.5503 4244.4 7.7974 "" "" 0.0027968933871786433 0.004458326 0.0042734286 0.0087317545 216.33716601971 -61.13643506354 2253.22827 -3.963 -2.0100000000000016 -0.22114294815063484 0.18704771041870139 0.112709664 0.11570966 "" "" 3.0934375067665187 "" 0.3525603593314908 ""
216.63532885236 -61.12708194709 0.0351 0.0493 12.5694 "" "" 5854589840981986048 1595.8053 0.6186 0.0717 -1.48 -1.809 0.061 0.067 1.355 8362.0 4.4252 16.551514 1.550825 17.24495 15.694124 "" "" 1410.23669 1845.30359 4511.70754 2.9741 1727.6 7.2311 4183.2 6.6324 "" "" 0.002846758614181366 0.005332679 0.0041529518 0.00948563 216.63532885236 -61.12708194709 1595.8053 -1.479999999999999 -1.809000000000002 2.2618570518493653 0.38804771041870123 0.12870966 0.13470966 "" "" 17.358912717556564 "" 2.2373050067166615 ""
216.77508707408 -61.1745666642 0.026 0.0363 17.4228 "" "" 5854586611166513792 1681.18408 0.5763 0.0524 -11.881 -0.608 0.046 0.048 0.94 5048.3 4.3823 16.551882 1.558526 17.277704 15.719178 "" "" 1539.15552 1857.24536 4510.18245 1.8081 1676.2 7.5391 4087.8 7.7648 "" "" 0.0027894881338033743 0.005624248 0.0043054693 0.0099297175 216.77508707408 -61.1745666642 1681.18408 -11.880999999999998 -0.6079999999999951 -8.139142948150635 1.589047710418701 0.11370966 0.11570966 "" "" 66.08385929678813 "" 7.519266996020537 ""
215.8663382873 -60.92171828777 0.0234 0.0335 13.1158 "" "" 5854651379271121792 2176.44629 0.44 0.0508 -4.788 -3.505 0.043 0.051 1.015 8996.5 4.3386 16.552496 1.81794 17.43529 15.61735 "" "" 1994.82141 2411.62793 4507.63303 1.6804 1449.8 6.7722 4489.7 6.6737 "" "" 0.0027848901485246842 0.0057884613 0.0041095456 0.009898007 215.8663382873 -60.92171828777 2176.44629 -4.787999999999999 -3.5049999999999963 -1.046142948150635 -1.3079522895812987 0.11070967 0.11870966 "" "" 17.278445609880727 "" 1.9983275663212092 ""
216.86012181114 -61.23358520666 0.0291 0.0383 21.274 "" "" 5854397838768073344 1612.04199 0.6049 0.0563 -2.714 -6.053 0.052 0.053 1.132 5743.9 4.5931 16.552809 1.331148 17.025234 15.694086 "" "" 1494.1272 1739.32446 4506.33498 2.5648 2115.1 23.723 4183.3 35.155 "" "" 0.002823765812284491 0.012493192 0.0098759215 0.022369113 216.86012181114 -61.23358520666 1612.04199 -2.713999999999999 -6.053 1.0278570518493653 -3.8559522895812988 0.11970966 0.12070966 "" "" 30.49246109223355 "" 3.67871944161923 ""
216.372573153 -61.36580715923 0.0248 0.0329 19.4732 "" "" 5854577677633868672 1947.97583 0.4754 0.0493 -7.065 -0.272 0.043 0.05 0.96 5853.6 4.5226 16.553984 1.329219 17.141977 15.812758 "" "" 1778.46631 2194.42139 4501.45821 1.6999 1899.4 5.0413 3750.2 5.6908 "" "" 0.002785659277904498 0.0040111477 0.0041228877 0.008134035 216.372573153 -61.36580715923 1947.97583 -7.065000000000005 -0.27199999999999586 -3.323142948150635 1.9250477104187012 0.11070967 0.11770967 "" "" 35.46046981326528 "" 3.9896375487043145 ""
216.11949992192 -60.73407737105 0.025 0.0408 19.1409 "" "" 5854660931278812032 2323.17407 0.4188 0.0584 -5.777 -2.647 0.052 0.056 1.048 9224.8 3.781 16.554226 1.707357 17.364311 15.656954 "" "" 2039.427 2642.55835 4500.45292 1.7047 1547.7 6.3804 4328.9 8.2226 "" "" 0.002785843471942795 0.0052743903 0.004305449 0.009579839 216.11949992192 -60.73407737105 2323.17407 -5.777 -2.647 -2.035142948150635 -0.4499522895812986 0.11970966 0.123709664 "" "" 22.95187617135108 "" 2.7519079416116377 ""
216.139157551 -60.75642066923 0.0259 0.0411 17.7237 "" "" 5854660102331874304 1840.33667 0.5453 0.06 -3.509 -2.135 0.053 0.058 1.038 5072.8 4.4124 16.554625 1.402722 17.193663 15.79094 "" "" 1650.70361 2021.9939 4498.8027 1.7209 1811.1 6.4611 3826.3 7.7706 "" "" 0.0027864458049117803 0.004773678 0.0043755635 0.009149241 216.139157551 -60.75642066923 1840.33667 -3.5090000000000003 -2.135 0.23285705184936534 0.062047710418701385 0.12070966 0.12570965 "" "" 2.102133185669924 "" 0.25445802105846504 ""
216.91542712901 -60.95212697256 0.0247 0.0383 20.645 "" "" 5878612589503304832 1995.84814 0.4886 0.0494 -5.655 -4.482 0.044 0.051 0.951 6476.2 4.0462 16.555302 1.333324 17.148754 15.81543 "" "" 1775.81616 2219.26978 4495.99519 1.8673 1887.6 9.1579 3741.0 6.8857 "" "" 0.00279197609346304 0.0059609 0.0042752046 0.010236105 216.91542712901 -60.95212697256 1995.84814 -5.655000000000003 -4.482000000000006 -1.913142948150635 -2.284952289581299 0.11170966 0.11870966 "" "" 28.19290159350585 "" 3.2668816913428627 ""
216.3565886357 -61.29506618125 0.0365 0.0495 15.2313 "" "" 5854581384170191744 1589.16418 0.6241 0.0699 -6.185 -3.119 0.064 0.077 1.397 6880.6 4.221 16.555449 1.493976 17.215965 15.72199 "" "" 1417.55249 1763.79492 4495.38815 2.8994 1774.3 6.4778 4077.2 6.9334 "" "" 0.002842915195440976 0.0048474427 0.004206263 0.009053705 216.3565886357 -61.29506618125 1589.16418 -6.184999999999999 -3.1190000000000038 -2.4431429481506344 -0.921952289581299 0.13170967 0.14470966 "" "" 19.670058646263463 "" 2.6239716094163126 ""
216.07237163909 -60.88629312159 0.0229 0.0354 10.7933 "" "" 5854654712166032256 2083.64697 0.4565 0.0497 -4.801 -1.268 0.042 0.052 0.973 6859.0 3.8855 16.556404 1.735704 17.385345 15.649641 "" "" 1907.93384 2358.68384 4491.43667 1.6426 1518.0 5.5128 4358.1 8.0225 "" "" 0.0027837846042713956 0.004830337 0.0042753164 0.0091056535 216.07237163909 -60.88629312159 2083.64697 -4.8009999999999975 -1.2679999999999993 -1.059142948150635 0.9290477104187012 0.109709665 0.11970966 "" "" 13.914681368870475 "" 1.5885806677775232 ""
216.6968566065 -60.80427998608 0.0508 0.0778 19.9089 "" "" 5878627669111151360 2053.06812 0.5509 0.1036 -9.536 -2.952 0.095 0.101 2.147 7487.1 3.9925 16.557505 1.624115 17.284386 15.660271 "" "" 1643.10718 2539.29224 4486.88834 4.022 1666.0 9.1372 4315.7 9.5816 "" "" 0.002922155119446112 0.006576011 0.0044826716 0.011058683 216.6968566065 -60.80427998608 2053.06812 -9.53599999999999 -2.9520000000000035 -5.794142948150634 -0.7549522895812988 0.16270965 0.16870967 "" "" 56.8625679952067 "" 9.257887373476768 ""
216.13814192249 -61.01898170012 0.0248 0.0347 3.2891 "" "" 5854606123182663808 1592.33203 0.605 0.0525 -2.836 -2.577 0.044 0.054 1.056 5381.0 4.5988 16.557863 1.322634 17.137148 15.814514 "" "" 1478.50476 1722.34668 4485.40107 1.6422 1907.9 6.5288 3744.1 7.8728 "" "" 0.00278384703997157 0.0046463986 0.004415407 0.009061806 216.13814192249 -61.01898170012 1592.33203 -2.835999999999999 -2.576999999999999 0.9058570518493654 -0.3799522895812988 0.11170966 0.12170966 "" "" 7.4141658098107275 "" 0.8397427224725376 ""
216.81248581958 -60.82053878926 0.0244 0.036 21.7023 "" "" 5878625882404729344 1708.86768 0.5676 0.0483 -6.748 -4.76 0.044 0.046 1.05 5086.8 4.3788 16.558517 1.548314 17.232828 15.684514 "" "" 1565.21558 1836.07861 4482.7007 1.8916 1747.0 5.9039 4220.4 11.019 "" "" 0.002793151763174505 0.0046095573 0.004724348 0.009333905 216.81248581958 -60.82053878926 1708.86768 -6.748 -4.759999999999998 -3.006142948150635 -2.5629522895812986 0.11170966 0.11370966 "" "" 31.998328272969225 "" 3.60159847507536 ""
216.18432807713 -60.76738680609 0.0249 0.0428 16.9107 "" "" 5854659831767156352 2245.62427 0.4355 0.0573 -4.395 5.132 0.05 0.06 1.04 6796.1 3.8036 16.558632 2.154053 17.67129 15.517237 "" "" 1977.27844 2574.49878 4482.22658 1.9436 1166.5 5.6718 4923.4 8.9021 "" "" 0.0027952536580467657 0.005971099 0.0042588324 0.010229931 216.18432807713 -60.76738680609 2245.62427 -4.394999999999998 5.132 -0.6531429481506343 7.329047710418701 0.11770967 0.12770966 "" "" 78.32145043043026 "" 9.9964742647755 ""
216.16945596438 -60.74673107956 0.0237 0.0397 18.1856 "" "" 5854660205411098624 2280.49951 0.4437 0.0568 -3.475 -2.308 0.048 0.055 0.989 5820.6 4.4542 16.558992 1.351565 17.163391 15.811826 "" "" 2033.73364 2570.70239 4480.74416 1.667 1862.3 5.3308 3753.4 6.2904 "" "" 0.0027847713721787055 0.0041766125 0.004194604 0.008371216 216.16945596438 -60.74673107956 2280.49951 -3.4750000000000005 -2.308 0.26685705184936515 -0.11095228958129866 0.11570966 0.12270966 "" "" 3.124004270043503 "" 0.3647829725239897 ""
216.38094774577 -61.22843629821 0.025 0.0348 11.6224 "" "" 5854582453637625088 2226.91162 0.421 0.0522 -7.238 -3.964 0.045 0.054 0.999 "" "" 16.559307 1.498248 17.24402 15.745772 "" "" 2050.06226 2456.59741 4479.44219 1.6318 1729.1 5.7421 3988.9 7.9112 "" "" 0.002783563301275356 0.0045590834 0.0043497835 0.008908867 216.38094774577 -61.22843629821 2226.91162 -7.238000000000007 -3.9639999999999946 -3.496142948150635 -1.7669522895812988 0.112709664 0.12170966 "" "" 41.34916012652788 "" 4.738534837884249 ""
216.16952884917 -61.07572001739 0.0337 0.0467 2.4942 "" "" 5854599118113397888 2103.95947 0.4576 0.0727 -6.075 -4.035 0.057 0.067 1.142 "" "" 16.560781 1.24293 16.84852 15.60559 "" "" 1820.52698 2496.3147 4473.35983 3.2277 2488.9 132.02 4538.6 123.8 "" "" 0.0028645252868862454 0.057658818 0.029855948 0.087514766 216.16952884917 -61.07572001739 2103.95947 -6.075000000000002 -4.035 -2.333142948150635 -1.837952289581299 0.124709666 0.13470966 "" "" 29.62033720438589 "" 3.810089125926883 ""
216.70914973988 -60.92386186139 0.0245 0.0372 15.7137 "" "" 5878623000504979584 2077.01611 0.4635 0.0483 -9.104 -1.129 0.043 0.047 0.951 5096.3 4.358 16.561985 1.549823 17.284613 15.73479 "" "" 1904.61218 2289.62085 4468.4077 1.7435 1665.6 7.5952 4029.4 7.8831 "" "" 0.002787697500107025 0.0056830836 0.004335395 0.010018479 216.70914973988 -60.92386186139 2077.01611 -9.104 -1.1290000000000002 -5.362142948150634 1.0680477104187012 0.11070967 0.11470966 "" "" 53.82761756539652 "" 5.967596408165235 ""
215.9604666056 -61.31790438272 0.0252 0.0323 18.0114 "" "" 5854592658480949632 1680.68262 0.5628 0.0478 0.803 2.309 0.045 0.057 0.953 7661.4 4.2927 16.56238 1.430718 17.199091 15.768373 "" "" 1577.31689 1803.20068 4466.78423 1.7827 1802.1 6.2466 3906.7 7.4985 "" "" 0.002789185296692304 0.0046849544 0.0043158545 0.009000809 215.9604666056 -61.31790438272 1680.68262 0.802999999999998 2.309 4.544857051849365 4.506047710418701 0.112709664 0.124709666 "" "" 50.98530720173571 "" 6.05755411288001 ""
216.18400810162 -60.91174048091 0.0238 0.0347 8.3154 "" "" 5854653956251760256 1674.57751 0.5707 0.0504 -3.535 -3.979 0.043 0.051 1.005 5435.3 4.3747 16.562532 1.289044 17.128265 15.839221 "" "" 1536.7561 1792.3479 4466.15856 1.7459 1923.6 6.1033 3659.9 6.3914 "" "" 0.0027878187015739513 0.004433086 0.0042283274 0.008661414 216.18400810162 -60.91174048091 1674.57751 -3.535 -3.9789999999999996 0.2068570518493651 -1.781952289581299 0.11070967 0.11870966 "" "" 14.239223906305329 "" 1.6888692003699377 ""
216.1567895046 -61.28560157304 0.0241 0.0304 14.4179 "" "" 5854592280523717120 2098.55615 0.4554 0.0467 -1.343 -2.039 0.044 0.05 0.991 "" "" 16.562744 1.698803 17.373709 15.674906 "" "" 1903.74451 2341.68018 4465.28388 1.6018 1534.4 6.0337 4257.9 6.9185 "" "" 0.0027827114337692534 0.005100298 0.0041708546 0.009271152 216.1567895046 -61.28560157304 2098.55615 -1.3430000000000002 -2.039 2.3988570518493653 0.15804771041870103 0.11170966 0.11770967 "" "" 23.913539011691103 "" 2.6720100618855644 ""
