Clusters/UBC_296/UBC_296_stars_in_region.tsv
# %ECSV 1.0
# ---
# datatype:
# - name: RA_ICRS_1
#   unit: deg
#   datatype: float64
#   format: '{:15.11f}'
#   description: Right ascension (ICRS) at Ep=2016.0 (ra)
#   meta: !!omap
#   - {ucd: POS_EQ_RA_MAIN}
#   - {width: 15}
#   - {precision: '11'}
# - name: DE_ICRS_1
#   unit: deg
#   datatype: float64
#   format: '{:15.11f}'
#   description: Declination (ICRS) at Ep=2016.0 (dec)
#   meta: !!omap
#   - {ucd: POS_EQ_DEC_MAIN}
#   - {width: 15}
#   - {precision: '11'}
# - name: e_RA_ICRS
#   unit: mas
#   datatype: float64
#   format: '{:7.4f}'
#   description: Standard error of right ascension (ra_error)
#   meta: !!omap
#   - {ucd: ERROR}
#   - {width: 7}
#   - {precision: '4'}
# - name: e_DE_ICRS
#   unit: mas
#   datatype: float64
#   format: '{:7.4f}'
#   description: Standard error of declination (dec_error)
#   meta: !!omap
#   - {ucd: ERROR}
#   - {width: 7}
#   - {precision: '4'}
# - name: _r_1
#   unit: ''
#   datatype: float64
#   format: '{:7.4f}'
#   description: Distance from center (216.23391712000-61.04819877000)[ICRS], at Epoch=J2016.0
#   meta: !!omap
#   - {ucd: POS_ANG_DIST_GENERAL}
#   - {width: 7}
#   - {precision: '4'}
# - name: HIP
#   datatype: int32
#   description: '? HIP cross-id number, van Leeuwen, Cat. I/311 (hip_original_ext_source_id)'
#   meta: !!omap
#   - {ucd: ID_NUMBER}
#   - {width: 6}
#   - values: {'null': -2147483648}
# - name: TYC2
#   datatype: string
#   description: Tycho-2 cross-id name, Hog et al., Cat. I/259 (tyc2_original_ext_source_id)
#   meta: !!omap
#   - {ucd: ID_CROSSID}
#   - {_votable_string_dtype: char}
# - name: Source
#   datatype: int64
#   description: Source identifier, identical to the Gaia-EDR3 source_id (id)
#   meta: !!omap
#   - {ucd: ID_MAIN}
#   - {width: 19}
# - name: rgeo
#   unit: pc
#   datatype: float64
#   format: '{:15.8f}'
#   description: '? Median of the geometric distance posterior (r_med_geo)'
#   meta: !!omap
#   - {ucd: PHYS_DISTANCE_TRUE}
#   - {width: 15}
#   - {precision: '8'}
#   - values: {'null': .nan}
# - name: Plx
#   unit: mas
#   datatype: float64
#   format: '{:9.4f}'
#   description: '? Parallax (parallax)'
#   meta: !!omap
#   - {ucd: POS_PARLX_TRIG}
#   - {width: 9}
#   - {precision: '4'}
#   - values: {'null': .nan}
# - name: e_Plx
#   unit: mas
#   datatype: float32
#   format: '{:7.4f}'
#   description: '? Standard error of parallax (parallax_error)'
#   meta: !!omap
#   - {ucd: ERROR}
#   - {width: 7}
#   - {precision: '4'}
#   - values: {'null': .nan}
# - name: pmRA
#   unit: mas / yr
#   datatype: float64
#   format: '{:9.3f}'
#   description: '? Proper motion in right ascension direction, pmRA*cosDE (pmra)'
#   meta: !!omap
#   - {ucd: POS_EQ_PMRA}
#   - {width: 9}
#   - {precision: '3'}
#   - values: {'null': .nan}
# - name: pmDE
#   unit: mas / yr
#   datatype: float64
#   format: '{:9.3f}'
#   description: '? Proper motion in declination direction (pmdec)'
#   meta: !!omap
#   - {ucd: POS_EQ_PMDEC}
#   - {width: 9}
#   - {precision: '3'}
#   - values: {'null': .nan}
# - name: e_pmRA
#   unit: mas / yr
#   datatype: float32
#   format: '{:6.3f}'
#   description: '? Standard error of proper motion in right ascension direction (pmra_error)'
#   meta: !!omap
#   - {ucd: ERROR}
#   - {width: 6}
#   - {precision: '3'}
#   - values: {'null': .nan}
# - name: e_pmDE
[...]
#         value: !astropy.table.SerializedColumn {name: SkyCoord.dec}
#       distance: !astropy.table.SerializedColumn
#         __class__: astropy.coordinates.distances.Distance
#         unit: !astropy.units.Unit {unit: pc}
#         value: !astropy.table.SerializedColumn {name: SkyCoord.distance}
#       frame: icrs
#       obstime: !astropy.time.Time {format: jyear_str, in_subfmt: '*', jd1: 367701545.0, jd2: 0.0, out_subfmt: '*', precision: 3, scale: tt}
#       pm_dec: !astropy.table.SerializedColumn
#         __class__: astropy.units.quantity.Quantity
#         unit: !astropy.units.Unit {unit: mas / yr}
#         value: !astropy.table.SerializedColumn {name: SkyCoord.pm_dec}
#       pm_ra_cosdec: !astropy.table.SerializedColumn
#         __class__: astropy.units.quantity.Quantity
#         unit: !astropy.units.Unit {unit: mas / yr}
#         value: !astropy.table.SerializedColumn {name: SkyCoord.pm_ra_cosdec}
#       ra: !astropy.table.SerializedColumn
#         __class__: astropy.coordinates.angles.Longitude
#         unit: *id001
#         value: !astropy.table.SerializedColumn {name: SkyCoord.ra}
#         wrap_angle: !astropy.coordinates.Angle
#           unit: *id001
#           value: 360.0
#       representation_type: spherical
# schema: astropy-2.0
RA_ICRS_1 DE_ICRS_1 e_RA_ICRS e_DE_ICRS _r_1 HIP TYC2 Source rgeo Plx e_Plx pmRA pmDE e_pmRA e_pmDE RUWE Teff logg Gmag BP-RP BPmag RPmag RV e_RV b_rgeo B_rgeo FG e_FG FBP e_FBP FRP e_FRP RAVE5 RAVE6 e_Gmag e_BPmag e_RPmag e_BP-RP SkyCoord.ra SkyCoord.dec SkyCoord.distance SkyCoord.pm_ra_cosdec SkyCoord.pm_dec rmRA rmDE e_rmRA e_rmDE rRV e_rRV v_pec v_pec3d e_vpec e_vpec3d
[from data line 448]
215.67748173414 -61.11533668568 0.0111 0.0146 16.6391 "" "" 5854622242211597440 2126.18701 0.433 0.0209 -2.486 -1.445 0.02 0.023 0.995 "" "" 14.72674 1.48634 15.398106 13.911766 "" "" 2019.77271 2232.46851 24224.2655 4.5063 9466.2 9.75 21600.0 12.365 "" "" 0.0027627129035630283 0.0030059298 0.0038301477 0.006836077 215.67748173414 -61.11533668568 2126.18701 -2.486 -1.444999999999999 1.255857051849365 0.7520477104187011 0.087709665 0.090709664 "" "" 14.752506919158204 "" 1.3057648563492728 ""
216.01257960063 -61.3343846081 0.0109 0.0139 18.3249 "" "" 5854591657731517568 2092.6626 0.4395 0.021 -6.474 -4.101 0.019 0.023 0.981 "" "" 14.731746 1.422489 15.366738 13.944249 "" "" 2006.60718 2172.97217 24112.84188 8.5789 9743.6 20.58 20963.0 21.862 "" "" 0.002782266216038942 0.0036116499 0.003945355 0.0075570047 216.01257960063 -61.3343846081 2092.6626 -6.474000000000004 -4.101000000000001 -2.732142948150635 -1.9039522895812988 0.08670966 0.090709664 "" "" 33.03210624966411 "" 2.9080541196956027 ""
216.48028972 -60.98799132414 0.0108 0.0156 8.022 "" "" 5854604065914582016 1726.46631 0.5421 0.0217 -1.905 -1.784 0.018 0.02 0.969 "" "" 14.733397 0.938667 15.112948 14.174281 "" "" 1658.354 1807.13269 24076.20319 3.7927 12309.0 12.421 16961.0 9.5271 "" "" 0.0027606235441095524 0.0029975693 0.0038282715 0.006825841 216.48028972 -60.98799132414 1726.46631 -1.9049999999999996 -1.784 1.8368570518493652 0.41304771041870114 0.08570966 0.087709665 "" "" 15.4071839070704 "" 1.3220441020850522 ""
215.78135577115 -60.94719580872 0.0103 0.0144 14.4931 "" "" 5854652032106125056 2040.51929 0.4491 0.0211 -7.099 -2.306 0.018 0.023 1.041 "" "" 14.738087 2.195735 15.863966 13.668231 -44.87 2.68 1937.13501 2127.50269 23972.42509 6.5391 6163.5 20.492 27031.0 28.73 "" "" 0.002771191393091371 0.0045624105 0.003951632 0.008514043 215.78135577115 -60.94719580872 2040.51929 -7.099 -2.306 -3.357142948150635 -0.10895228958129888 0.08570966 0.090709664 -47.41 3.1602383 32.48758817475718 57.47305007925561 2.784676065151544 3.0452757752285367
216.4188248136 -61.0359802327 0.0113 0.0153 5.4214 "" "" 5854602244848399232 2297.06982 0.3927 0.0238 -4.058 -2.634 0.02 0.021 1.079 "" "" 14.740112 2.371511 16.007553 13.636042 -18.17 2.18 2172.24854 2422.26709 23927.74176 6.3975 5400.0 8.4987 27845.0 19.053 "" "" 0.0027705699785539146 0.0032718398 0.0038517078 0.0071235476 216.4188248136 -61.0359802327 2297.06982 -4.058 -2.633999999999999 -0.3161429481506346 -0.4369522895812987 0.087709665 0.08870966 -20.71 2.6602383 5.872252758766852 21.52643613009002 0.5189152998768816 2.5632547614385515
216.2822830962 -61.23070400789 0.011 0.0141 11.0395 "" "" 5854582556716845056 1871.43396 0.4989 0.0227 -7.332 -5.122 0.021 0.022 1.027 "" "" 14.744769 1.125822 15.216373 14.090551 "" "" 1802.48608 1941.67334 23825.33754 4.0112 11191.0 10.916 18321.0 9.8278 "" "" 0.0027613769545918464 0.0029844008 0.0038239942 0.006808395 216.2822830962 -61.23070400789 1871.43396 -7.332000000000001 -5.121999999999996 -3.5901429481506346 -2.9249522895812987 0.08870966 0.08970966 "" "" 41.07811718602567 "" 3.6604693630772487 ""
215.7930185194 -61.09403221603 0.0109 0.0142 13.0885 "" "" 5854645606835097728 1661.58118 0.5715 0.0214 -4.833 -2.041 0.019 0.024 0.954 6453.8 3.7249 14.745647 1.087317 15.200377 14.11306 -28.86 5.98 1599.63135 1720.75647 23806.06375 3.7045 11357.0 10.344 17945.0 11.067 "" "" 0.0027604953490481306 0.0029602293 0.0038382395 0.0067984685 215.7930185194 -61.09403221603 1661.58118 -4.833 -2.0409999999999995 -1.091142948150635 0.15604771041870125 0.08670966 0.09170966 -31.4 6.460238 8.681164874635316 32.57794689019862 0.75363540836371 6.229887665960607
216.06615763836 -60.84529088802 0.026 0.0423 13.1191 "" "" 5854657770182790784 2282.37134 0.3985 0.0592 -4.888 -1.296 0.051 0.062 2.187 "" "" 14.749467 3.42077 16.761572 13.340802 -80.11 1.47 2004.15808 2628.51611 23722.48278 12.242 2696.4 8.3536 36546.0 43.41 "" "" 0.0028117111418226727 0.004370279 0.003993362 0.008363642 216.06615763836 -60.84529088802 2282.37134 -4.888 -1.2959999999999996 -1.1461429481506347 0.9010477104187011 0.11870966 0.12970966 -82.65 1.9502381 15.772419923166776 84.14149826472493 1.9404408383917353 1.9498946873030352
216.6395223221 -61.04584857541 0.0144 0.0204 11.7818 "" "" 5854591382854889088 1900.9353 0.4914 0.0293 -2.307 -1.609 0.025 0.027 1.297 "" "" 14.749815 1.392805 15.369345 13.97654 1.47 8.23 1798.6582 2006.17773 23714.87876 4.864 9720.3 10.521 20349.0 12.921 "" "" 0.0027643045024336207 0.0030275532 0.0038417461 0.0068692993 216.6395223221 -61.04584857541 1900.9353 -2.307 -1.609 1.4348570518493653 0.5880477104187012 0.09270966 0.094709665 -1.07 8.7102375 13.972317356863574 14.013227762400463 1.2994244349768513 1.4563633656622175
216.10933360587 -61.01173015898 0.0105 0.0142 4.2304 "" "" 5854600320702599296 2148.22925 0.4296 0.0223 -5.586 -2.154 0.019 0.022 1.007 "" "" 14.752008 1.017046 15.166683 14.149637 "" "" 2028.56519 2251.42798 23667.01391 3.8998 11715.0 12.422 17350.0 10.408 "" "" 0.0027611223268261733 0.003018352 0.0038350932 0.0068534454 216.10933360587 -61.01173015898 2148.22925 -5.5859999999999985 -2.1539999999999973 -1.844142948150635 0.04304771041870126 0.08670966 0.08970966 "" "" 18.783297588185626 "" 1.628724627488391 ""
216.70097072813 -60.91010544036 0.0194 0.0322 15.9207 "" "" 5878623752100810368 2174.93042 0.4184 0.0399 -5.859 -2.505 0.034 0.042 1.996 7862.7 4.012 14.752098 1.113569 15.212551 14.098982 "" "" 2023.16956 2361.33105 23665.06116 6.8566 11230.0 9.6246 18179.0 11.467 "" "" 0.0027732196841555043 0.002941245 0.0038409329 0.006782178 216.70097072813 -60.91010544036 2174.93042 -5.859000000000006 -2.505000000000002 -2.1171429481506348 -0.3079522895812987 0.101709664 0.109709665 "" "" 22.055671245720937 "" 2.247071284760869 ""
216.78780112462 -61.10341263432 0.0121 0.0161 16.411 "" "" 5854590081500160128 1957.82947 0.4739 0.0235 -4.728 -3.336 0.021 0.022 1.049 7775.2 3.6178 14.754807 1.372733 15.365631 13.992898 -46.54 8.89 1869.32336 2044.31189 23606.10207 4.4652 9753.6 11.78 20045.0 10.806 "" "" 0.0027629634464156477 0.0030829492 0.003824436 0.0069073853 216.78780112462 -61.10341263432 1957.82947 -4.727999999999998 -3.3360000000000003 -0.9861429481506345 -1.1389522895812987 0.08870966 0.08970966 -49.08 9.370238 13.980944038721601 51.03247197827933 1.2482546092458346 9.018224782732931
215.70740854645 -61.00369864522 0.0129 0.0174 15.534 "" "" 5854649626924375296 2114.58447 0.4368 0.0263 -5.333 -3.151 0.023 0.028 1.263 7972.8 4.0979 14.755569 1.016805 15.164101 14.147296 "" "" 2016.58862 2208.76904 23589.51465 4.1725 11743.0 10.119 17388.0 14.928 "" "" 0.002762004789737928 0.0029428499 0.0038926331 0.006835483 215.70740854645 -61.00369864522 2114.58447 -5.333000000000001 -3.1509999999999936 -1.591142948150635 -0.9539522895812986 0.090709664 0.09570967 "" "" 18.594894780083244 "" 1.7118109032229245 ""
216.799640369 -61.16457766673 0.0114 0.015 17.8254 "" "" 5854586645526259968 2005.37305 0.4715 0.0223 -4.889 -3.872 0.02 0.021 0.953 "" "" 14.756906 1.559786 15.477357 13.917571 -21.71 4.27 1924.53845 2107.89062 23560.487 4.4227 8799.8 11.043 21485.0 10.947 "" "" 0.0027628478615309886 0.003105072 0.0038196545 0.0069247265 216.799640369 -61.16457766673 2005.37305 -4.889 -3.872 -1.147142948150635 -1.6749522895812987 0.087709665 0.08870966 -24.25 4.750238 19.297276103838122 30.99108525088726 1.7057170629354248 3.8657479468015623
215.53592141135 -61.15750110192 0.0112 0.0146 21.2739 "" "" 5854624681752998912 1806.18774 0.5159 0.0219 -6.319 -4.709 0.021 0.024 1.031 7596.8 3.9378 14.75736 1.164876 15.248602 14.083726 "" "" 1747.96765 1876.15027 23550.62767 3.6215 10864.0 9.9313 18436.0 8.9823 "" "" 0.0027603740276124816 0.002961444 0.0038162225 0.0067776665 215.53592141135 -61.15750110192 1806.18774 -6.318999999999997 -4.709 -2.5771429481506347 -2.5119522895812985 0.08870966 0.09170966 "" "" 30.810762169932854 "" 2.7786286277659196 ""
215.82362490226 -61.10051813104 0.0111 0.0147 12.3137 "" "" 5854645228877819776 1851.55115 0.5012 0.0228 -3.844 -2.124 0.021 0.025 1.007 8288.4 4.3412 14.771755 0.810332 15.090357 14.280025 "" "" 1787.16858 1923.08862 23240.45737 4.3358 12568.0 12.946 15387.0 11.076 "" "" 0.0027627556980746844 0.0030059686 0.0038593442 0.006865313 215.82362490226 -61.10051813104 1851.55115 -3.8440000000000007 -2.124 -0.10214294815063463 0.07304771041870106 0.08870966 0.09270966 "" "" 1.102092878226938 "" 0.09927990447902144 ""
216.14050205288 -60.88328733533 0.0117 0.0182 10.2618 "" "" 5854654845291802240 1603.67322 0.5909 0.0272 0.363 -1.419 0.021 0.028 1.157 6503.2 3.7978 14.777531 1.219636 15.278004 14.058368 -27.29 9.18 1528.44507 1667.32751 23117.16778 4.196 10573.0 24.917 18872.0 77.765 "" "" 0.0027623589230035537 0.0037857718 0.005856612 0.009642384 216.14050205288 -60.88328733533 1603.67322 0.3630000000000006 -1.4190000000000005 4.104857051849365 0.7780477104187011 0.08870966 0.09570967 -29.83 9.660238 31.758263908924913 43.570818520070546 2.8252674011642056 6.92689979720093
215.84032703739 -61.09444224843 0.0112 0.0154 11.7554 "" "" 5854645194518086144 2264.01733 0.4073 0.0224 -4.924 -2.121 0.02 0.027 0.978 "" "" 14.782077 1.20359 15.295104 14.091514 "" "" 2130.17749 2389.12061 23020.56016 3.562 10408.0 7.9614 18304.0 12.753 "" "" 0.002760437012946777 0.002911151 0.0038543444 0.006765495 215.84032703739 -61.09444224843 2264.01733 -4.9239999999999995 -2.121 -1.1821429481506351 0.07604771041870118 0.087709665 0.094709665 "" "" 12.71232161701353 "" 1.1153747864282453 ""
216.51736023106 -61.33864072205 0.022 0.0306 19.2571 "" "" 5854577230957282944 1887.0437 0.5056 0.044 -3.822 -6.026 0.038 0.047 2.089 6977.4 2.8177 14.782995 1.217042 15.279523 14.062481 -20.48 6.06 1737.47949 2081.63184 23001.10637 8.5671 10559.0 9.4467 18800.0 10.352 "" "" 0.0027848388550514736 0.0029544195 0.0038263756 0.006780795 216.51736023106 -61.33864072205 1887.0437 -3.8219999999999987 -6.025999999999998 -0.08014294815063483 -3.8289522895812986 0.10570966 0.11470966 -23.02 6.540238 34.25589864760125 41.272109131406516 3.9293527873801057 4.893224642842801
215.71890277692 -60.84939794737 0.0098 0.014 19.1685 "" "" 5854664539051692032 1607.34058 0.5903 0.0218 -4.916 -4.444 0.019 0.022 0.935 6822.6 3.9175 14.785887 1.24757 15.326781 14.079211 "" "" 1548.12085 1664.81494 22939.92947 3.6385 10109.0 7.6877 18513.0 10.26 "" "" 0.0027606965013918607 0.0029097763 0.0038269826 0.006736759 215.71890277692 -60.84939794737 1607.34058 -4.915999999999998 -4.444000000000003 -1.1741429481506351 -2.246952289581299 0.08670966 0.08970966 "" "" 19.315418689107677 "" 1.7205152324159176 ""
216.28530980308 -60.90572865774 0.0104 0.0158 8.6781 "" "" 5854655330641292160 1959.6488 0.4817 0.0227 -6.785 -5.466 0.019 0.022 0.972 "" "" 14.786685 1.423163 15.428072 14.004909 3.17 6.81 1866.82874 2107.75269 22923.06847 3.8493 9208.5 11.317 19824.0 10.714 "" "" 0.0027613456561493164 0.0030928163 0.0038246638 0.0069174804 216.28530980308 -60.90572865774 1959.6488 -6.785 -5.466000000000001 -3.043142948150635 -3.268952289581299 0.08670966 0.08970966 0.6299999999999999 7.290238 41.485168328626585 41.4899516901922 3.664364998926885 3.66561439950585
216.22462120443 -60.75784085569 0.0109 0.0184 17.4236 "" "" 5854659969206113664 1657.69287 0.5645 0.0249 -2.49 -4.579 0.021 0.024 0.934 6532.2 3.827 14.787949 1.307357 15.361478 14.054121 -6.79 7.88 1594.29993 1724.04883 22896.40614 5.1954 9791.0 12.082 18946.0 16.162 "" "" 0.00276631239617403 0.0030951705 0.0038912161 0.0069863866 216.22462120443 -60.75784085569 1657.69287 -2.490000000000001 -4.578999999999999 1.251857051849365 -2.3819522895812986 0.08870966 0.09170966 -9.33 8.360238 21.143504392863864 23.110531755263736 1.9255124051251675 3.807205725386864
216.8244500007 -61.04526447056 0.0118 0.0174 17.1533 "" "" 5878609497126772224 2322.27783 0.3932 0.0238 -7.567 -3.715 0.02 0.023 0.933 "" "" 14.789655 1.387473 15.407061 14.019588 -35.86 9.42 2186.07935 2470.70996 22860.46327 4.2045 9388.4 10.639 19558.0 14.003 "" "" 0.0027625468334200255 0.0030494004 0.0038584985 0.006907899 216.8244500007 -61.04526447056 2322.27783 -7.566999999999997 -3.714999999999998 -3.825142948150635 -1.5179522895812987 0.087709665 0.090709664 -38.4 9.900238 45.29983592443598 59.38547915762591 3.991994880048695 7.089064975301458
215.70533092107 -60.94683967052 0.01 0.0138 16.5359 "" "" 5854650795155530112 1949.35596 0.4763 0.0206 -9.825 -2.516 0.018 0.022 1.001 4903.7 3.3037 14.792275 1.698586 15.604107 13.905521 -48.07 3.29 1867.20691 2029.60083 22805.34886 3.7488 7830.2 8.1104 21724.0 10.101 "" "" 0.0027610945455550646 0.00300828 0.0038129496 0.0068212296 215.70533092107 -60.94683967052 1949.35596 -9.825000000000001 -2.5159999999999916 -6.083142948150634 -0.31895228958129884 0.08570966 0.08970966 -50.61 3.7702382 56.28512839200947 75.69271945243473 4.824810893359362 4.384816337718555
216.44006036804 -61.25985983293 0.0111 0.0147 14.0317 "" "" 5854587229641752960 2250.30713 0.4025 0.0223 -6.295 -2.085 0.02 0.022 0.989 "" "" 14.794519 2.408315 16.090435 13.68212 -55.78 2.19 2136.76807 2361.05225 22758.25622 5.281 5003.1 7.419 26688.0 14.904 "" "" 0.0027668148556161507 0.0032213668 0.0038277104 0.007049077 216.44006036804 -61.25985983293 2250.30713 -6.295000000000003 -2.084999999999999 -2.5531429481506347 0.11204771041870121 0.087709665 0.08970966 -58.32 2.6702383 27.259199113849434 64.37613172852568 2.3910012233559765 2.6223601028072943
216.05991104202 -60.988714201 0.0104 0.0144 6.191 "" "" 5854647496620502400 2349.53833 0.39 0.0212 -3.777 -1.643 0.018 0.022 0.984 "" "" 14.797276 1.076186 15.241023 14.164837 "" "" 2242.67285 2442.51221 22700.54923 3.5233 10940.0 9.7895 17109.0 9.3718 "" "" 0.0027604685430584306 0.0029544828 0.0038258901 0.006780373 216.05991104202 -60.988714201 2349.53833 -3.7770000000000015 -1.643 -0.0351429481506349 0.5540477104187012 0.08570966 0.08970966 "" "" 6.182725079180008 "" 0.554553276337407 ""
216.40588786319 -61.17161076818 0.0112 0.0142 8.9264 "" "" 5854588741470337408 2203.0752 0.4185 0.0217 -5.035 -3.472 0.02 0.021 0.998 "" "" 14.799291 1.12992 15.274011 14.144091 "" "" 2103.57007 2300.93921 22658.46178 4.0308 10612.0 10.718 17439.0 11.224 "" "" 0.002762081584376497 0.0029979225 0.0038434416 0.0068413643 216.40588786319 -61.17161076818 2203.0752 -5.035 -3.472 -1.293142948150635 -1.2749522895812988 0.087709665 0.08870966 "" "" 18.9633336264405 "" 1.6726418134619463 ""
216.93761538246 -60.91257544608 0.0111 0.0171 22.0393 "" "" 5878612795661766016 1793.11951 0.5225 0.0221 -5.304 -1.785 0.019 0.022 0.93 6670.4 3.8905 14.799852 1.048226 15.221438 14.173212 "" "" 1718.65088 1893.23547 22646.74586 11.546 11139.0 36.333 16977.0 38.822 "" "" 0.002810373169807907 0.004508527 0.0045219474 0.009030474 216.93761538246 -60.91257544608 1793.11951 -5.304 -1.785 -1.562142948150635 0.41204771041870125 0.08670966 0.08970966 "" "" 13.731373490328377 "" 1.1933656584395935 ""
216.61290283959 -61.05313569059 0.0558 0.0766 11.0105 "" "" 5854591352810509568 1787.34961 0.5811 0.1145 -4.315 -2.974 0.097 0.107 5.196 6935.2 3.7044 14.801877 1.138959 15.186994 14.048035 "" "" 1502.96191 2074.94604 22604.56102 16.417 11498.0 27.502 19052.0 35.336 "" "" 0.0028659343659003986 0.0038117294 0.0042823865 0.008094116 216.61290283959 -61.05313569059 1787.34961 -4.315 -2.974 -0.5731429481506352 -0.776952289581299 0.16470966 0.17470966 "" "" 8.179565181317583 "" 1.400769043773022 ""
