Clusters/UBC_296/UBC_296_stars_in_region.tsv
# %ECSV 1.0
# ---
# datatype:
# - name: RA_ICRS_1
#   unit: deg
#   datatype: float64
#   format: '{:15.11f}'
#   description: Right ascension (ICRS) at Ep=2016.0 (ra)
#   meta: !!omap
#   - {ucd: POS_EQ_RA_MAIN}
#   - {width: 15}
#   - {precision: '11'}
# - name: DE_ICRS_1
#   unit: deg
#   datatype: float64
#   format: '{:15.11f}'
#   description: Declination (ICRS) at Ep=2016.0 (dec)
#   meta: !!omap
#   - {ucd: POS_EQ_DEC_MAIN}
#   - {width: 15}
#   - {precision: '11'}
# - name: e_RA_ICRS
#   unit: mas
#   datatype: float64
#   format: '{:7.4f}'
#   description: Standard error of right ascension (ra_error)
#   meta: !!omap
#   - {ucd: ERROR}
#   - {width: 7}
#   - {precision: '4'}
# - name: e_DE_ICRS
#   unit: mas
#   datatype: float64
#   format: '{:7.4f}'
#   description: Standard error of declination (dec_error)
#   meta: !!omap
#   - {ucd: ERROR}
#   - {width: 7}
#   - {precision: '4'}
# - name: _r_1
#   unit: ''
#   datatype: float64
#   format: '{:7.4f}'
#   description: Distance from center (216.23391712000-61.04819877000)[ICRS], at Epoch=J2016.0
#   meta: !!omap
#   - {ucd: POS_ANG_DIST_GENERAL}
#   - {width: 7}
#   - {precision: '4'}
# - name: HIP
#   datatype: int32
#   description: '? HIP cross-id number, van Leeuwen, Cat. I/311 (hip_original_ext_source_id)'
#   meta: !!omap
#   - {ucd: ID_NUMBER}
#   - {width: 6}
#   - values: {'null': -2147483648}
# - name: TYC2
#   datatype: string
#   description: Tycho-2 cross-id name, Hog et al., Cat. I/259 (tyc2_original_ext_source_id)
#   meta: !!omap
#   - {ucd: ID_CROSSID}
#   - {_votable_string_dtype: char}
# - name: Source
#   datatype: int64
#   description: Source identifier, identical to the Gaia-EDR3 source_id (id)
#   meta: !!omap
#   - {ucd: ID_MAIN}
#   - {width: 19}
# - name: rgeo
#   unit: pc
#   datatype: float64
#   format: '{:15.8f}'
#   description: '? Median of the geometric distance posterior (r_med_geo)'
#   meta: !!omap
#   - {ucd: PHYS_DISTANCE_TRUE}
#   - {width: 15}
#   - {precision: '8'}
#   - values: {'null': .nan}
# - name: Plx
#   unit: mas
#   datatype: float64
#   format: '{:9.4f}'
#   description: '? Parallax (parallax)'
#   meta: !!omap
#   - {ucd: POS_PARLX_TRIG}
#   - {width: 9}
#   - {precision: '4'}
#   - values: {'null': .nan}
# - name: e_Plx
#   unit: mas
#   datatype: float32
#   format: '{:7.4f}'
#   description: '? Standard error of parallax (parallax_error)'
#   meta: !!omap
#   - {ucd: ERROR}
#   - {width: 7}
#   - {precision: '4'}
#   - values: {'null': .nan}
# - name: pmRA
#   unit: mas / yr
#   datatype: float64
#   format: '{:9.3f}'
#   description: '? Proper motion in right ascension direction, pmRA*cosDE (pmra)'
#   meta: !!omap
#   - {ucd: POS_EQ_PMRA}
#   - {width: 9}
#   - {precision: '3'}
#   - values: {'null': .nan}
# - name: pmDE
#   unit: mas / yr
#   datatype: float64
#   format: '{:9.3f}'
#   description: '? Proper motion in declination direction (pmdec)'
#   meta: !!omap
#   - {ucd: POS_EQ_PMDEC}
#   - {width: 9}
#   - {precision: '3'}
#   - values: {'null': .nan}
# - name: e_pmRA
#   unit: mas / yr
#   datatype: float32
#   format: '{:6.3f}'
#   description: '? Standard error of proper motion in right ascension direction (pmra_error)'
#   meta: !!omap
#   - {ucd: ERROR}
#   - {width: 6}
#   - {precision: '3'}
#   - values: {'null': .nan}
# - name: e_pmDE
[...]
#         value: !astropy.table.SerializedColumn {name: SkyCoord.dec}
#       distance: !astropy.table.SerializedColumn
#         __class__: astropy.coordinates.distances.Distance
#         unit: !astropy.units.Unit {unit: pc}
#         value: !astropy.table.SerializedColumn {name: SkyCoord.distance}
#       frame: icrs
#       obstime: !astropy.time.Time {format: jyear_str, in_subfmt: '*', jd1: 367701545.0, jd2: 0.0, out_subfmt: '*', precision: 3, scale: tt}
#       pm_dec: !astropy.table.SerializedColumn
#         __class__: astropy.units.quantity.Quantity
#         unit: !astropy.units.Unit {unit: mas / yr}
#         value: !astropy.table.SerializedColumn {name: SkyCoord.pm_dec}
#       pm_ra_cosdec: !astropy.table.SerializedColumn
#         __class__: astropy.units.quantity.Quantity
#         unit: !astropy.units.Unit {unit: mas / yr}
#         value: !astropy.table.SerializedColumn {name: SkyCoord.pm_ra_cosdec}
#       ra: !astropy.table.SerializedColumn
#         __class__: astropy.coordinates.angles.Longitude
#         unit: *id001
#         value: !astropy.table.SerializedColumn {name: SkyCoord.ra}
#         wrap_angle: !astropy.coordinates.Angle
#           unit: *id001
#           value: 360.0
#       representation_type: spherical
# schema: astropy-2.0
RA_ICRS_1 DE_ICRS_1 e_RA_ICRS e_DE_ICRS _r_1 HIP TYC2 Source rgeo Plx e_Plx pmRA pmDE e_pmRA e_pmDE RUWE Teff logg Gmag BP-RP BPmag RPmag RV e_RV b_rgeo B_rgeo FG e_FG FBP e_FBP FRP e_FRP RAVE5 RAVE6 e_Gmag e_BPmag e_RPmag e_BP-RP SkyCoord.ra SkyCoord.dec SkyCoord.distance SkyCoord.pm_ra_cosdec SkyCoord.pm_dec rmRA rmDE e_rmRA e_rmDE rRV e_rRV v_pec v_pec3d e_vpec e_vpec3d
[from data line 568]
215.62893529158 -60.97339122731 0.011 0.0152 18.1556 "" "" 5854650279759296384 2036.94897 0.4447 0.023 -5.274 -1.471 0.02 0.024 1.018 4927.8 2.6295 15.026829 2.501492 16.392216 13.890724 -13.71 1.93 1930.60034 2164.61768 18374.49034 4.2241 3789.1 5.2279 22023.0 14.274 "" "" 0.0027666024604052655 0.003166874 0.003844338 0.007011212 215.62893529158 -60.97339122731 2036.94897 -5.273999999999998 -1.4709999999999976 -1.5321429481506348 0.7260477104187011 0.087709665 0.09170966 -16.25 2.410238 16.369965050340245 23.065954472975122 1.448033550026483 1.984784959604339
216.13979494923 -60.80516504356 0.0122 0.0195 14.838 "" "" 5854658319938635776 1763.01465 0.5392 0.0258 -3.998 -2.772 0.023 0.028 1.024 7753.6 3.9653 15.029303 0.982974 15.428043 14.445069 "" "" 1681.06506 1836.34167 18332.66145 4.4825 9208.7 11.123 13217.0 9.8206 "" "" 0.0027680796413928834 0.0030830048 0.0038645237 0.0069475286 216.13979494923 -60.80516504356 1763.01465 -3.997999999999998 -2.771999999999998 -0.256142948150635 -0.5749522895812986 0.090709664 0.09570967 "" "" 5.259932582216751 "" 0.4991667845066911 ""
216.27920905058 -60.8505273 0.0115 0.0181 11.9335 "" "" 5854655708598457600 1761.33337 0.533 0.0248 -4.457 -2.6 0.021 0.025 0.972 7982.0 4.2212 15.030125 0.94471 15.411443 14.466733 "" "" 1680.86206 1835.82751 18318.80177 3.1789 9350.6 10.311 12956.0 8.5535 "" "" 0.0027617544713440956 0.003036192 0.0038467555 0.0068829474 216.27920905058 -60.8505273 1761.33337 -4.457000000000003 -2.6000000000000005 -0.7151429481506346 -0.4029522895812989 0.08870966 0.09270966 "" "" 6.853073711343732 "" 0.6146513974524233 ""
216.56554203363 -61.0053681718 0.0159 0.0238 9.9751 "" "" 5854603447441076480 2148.27393 0.4282 0.0332 -9.048 -4.981 0.028 0.032 0.998 "" "" 15.032918 2.070409 16.08719 14.016782 -27.01 3.55 2008.58191 2333.30688 18271.71883 4.1503 5018.1 8.8126 19609.0 10.387 "" "" 0.0027663350724161017 0.0033794474 0.0038228903 0.0072023375 216.56554203363 -61.0053681718 2148.27393 -9.048 -4.981 -5.306142948150635 -2.7839522895812987 0.09570967 0.09970966 -29.55 4.030238 61.016705003050696 67.79558089897388 5.893426919128987 5.58746634010328
216.74877181904 -61.05005273106 0.0149 0.0204 14.9536 "" "" 5878609634565728640 2232.021 0.4183 0.0288 -4.567 -2.577 0.025 0.027 1.151 9651.8 3.7327 15.036156 1.675977 15.819732 14.143755 "" "" 2080.12158 2345.38867 18217.31172 12.812 6419.8 19.374 17444.0 43.645 "" "" 0.0028591695081545145 0.0043036137 0.0046543744 0.008957988 216.74877181904 -61.05005273106 2232.021 -4.566999999999998 -2.577 -0.8251429481506349 -0.3799522895812988 0.09270966 0.094709665 "" "" 9.61087011600371 "" 0.8944129518615067 ""
216.81469278024 -61.10760127343 0.0135 0.0186 17.2252 "" "" 5854587126562655744 2018.55457 0.4586 0.0254 -5.03 -1.761 0.023 0.025 1.01 "" "" 15.037121 1.060534 15.473055 14.412521 "" "" 1937.50769 2135.88086 18201.13978 3.8705 8834.8 11.319 13619.0 11.246 "" "" 0.002764976776434182 0.0031176924 0.003884268 0.0070019607 216.81469278024 -61.10760127343 2018.55457 -5.03 -1.7609999999999997 -1.288142948150635 0.4360477104187013 0.090709664 0.09270966 "" "" 13.011882034855994 "" 1.1830052861633706 ""
216.78793484414 -61.26956628635 0.0128 0.0173 20.8213 "" "" 5854397323386511360 2178.80811 0.4234 0.0269 -4.891 -2.956 0.023 0.026 0.999 "" "" 15.037348 1.630612 15.797086 14.166473 -59.12 5.66 2070.50757 2302.11646 18197.32325 4.0187 6555.1 7.5788 17083.0 13.545 "" "" 0.002765733365975435 0.0030595444 0.0038761876 0.006935732 216.78793484414 -61.26956628635 2178.80811 -4.890999999999998 -2.9559999999999995 -1.1491429481506348 -0.7589522895812988 0.090709664 0.09370966 -61.66 6.140238 14.22257098185685 63.27904175423294 1.303231201731127 5.990300949688231
215.73166405476 -60.99789326893 0.0324 0.0471 14.9079 "" "" 5854649592564645504 2333.65332 0.4062 0.0673 -5.893 -2.361 0.058 0.076 3.024 6462.3 3.7891 15.038536 1.235084 15.561616 14.326532 "" "" 2061.92798 2689.43164 18177.42518 5.952 8142.7 10.709 14742.0 8.5285 "" "" 0.002778160999074509 0.003134328 0.0038312215 0.0069655497 215.73166405476 -60.99789326893 2333.65332 -5.892999999999998 -2.3610000000000007 -2.1511429481506346 -0.16395228958129904 0.12570965 0.14370966 "" "" 23.86391515925747 "" 3.0025817457279893 ""
216.14843048217 -61.12774982889 0.0122 0.0162 5.3788 "" "" 5854598705794855936 2169.91846 0.4282 0.0263 -5.361 -2.806 0.021 0.025 1.014 7978.2 4.0941 15.040675 1.148937 15.518948 14.37001 "" "" 2073.43164 2293.85474 18141.64894 3.3351 8469.1 8.6949 14163.0 10.535 "" "" 0.0027625402814084174 0.0030045912 0.003864708 0.0068692993 216.14843048217 -61.12774982889 2169.91846 -5.360999999999999 -2.8059999999999996 -1.6191429481506345 -0.6089522895812989 0.08870966 0.09270966 "" "" 17.792418027084846 "" 1.5873518908873407 ""
216.83923590233 -60.89175978078 0.0119 0.0175 19.968 "" "" 5878624752851648768 1587.61414 0.5956 0.0232 -8.704 -5.875 0.021 0.022 1.041 7082.0 3.8858 15.041451 1.114094 15.512234 14.39814 "" "" 1533.93909 1639.30664 18128.67147 3.058 8521.6 9.3419 13801.0 9.1353 "" "" 0.002761400299380229 0.0030334378 0.0038471066 0.006880544 216.83923590233 -60.89175978078 1587.61414 -8.704 -5.875000000000002 -4.962142948150635 -3.677952289581299 0.08870966 0.08970966 "" "" 46.48059564866108 "" 4.139818714893514 ""
216.43307765261 -61.16121875124 0.0122 0.0164 8.9065 "" "" 5854588775830084736 1921.49146 0.4822 0.0252 -4.814 -1.464 0.023 0.026 0.969 6650.5 3.9772 15.042673 1.285215 15.602966 14.317751 "" "" 1845.26331 2015.0 18108.29979 3.4098 7838.5 8.0916 14861.0 9.071 "" "" 0.002762894673768314 0.0030068632 0.0038370467 0.0068439096 216.43307765261 -61.16121875124 1921.49146 -4.814 -1.4639999999999995 -1.0721429481506348 0.7330477104187012 0.090709664 0.09370966 "" "" 11.829188756749668 "" 1.084452623578973 ""
216.22354674693 -61.17169296692 0.012 0.0157 7.4157 "" "" 5854595441619692160 1784.01099 0.5294 0.0246 -6.897 -5.634 0.022 0.024 1.037 "" "" 15.042912 1.348146 15.635452 14.287306 "" "" 1717.06104 1858.38403 18104.30548 4.0171 7607.4 11.763 15284.0 11.954 "" "" 0.002765832080894656 0.0032563033 0.0038736076 0.007129911 216.22354674693 -61.17169296692 1784.01099 -6.896999999999999 -5.633999999999999 -3.155142948150635 -3.436952289581299 0.08970966 0.09170966 "" "" 39.453071781808546 "" 3.582357456015956 ""
216.59468240708 -61.1873180186 0.0125 0.0171 13.3786 "" "" 5854587916836578304 2046.13879 0.4492 0.0259 -5.883 -3.878 0.022 0.024 1.003 "" "" 15.043419 0.949838 15.425405 14.475567 "" "" 1934.25696 2138.31177 18095.85959 3.4636 9231.1 9.7577 12851.0 9.0295 "" "" 0.0027631459729081493 0.0030169857 0.003855606 0.0068725916 216.59468240708 -61.1873180186 2046.13879 -5.882999999999997 -3.877999999999998 -2.1411429481506348 -1.680952289581299 0.08970966 0.09170966 "" "" 26.401298103318982 "" 2.388723744965427 ""
216.16308070333 -61.09974809937 0.012 0.0159 3.7138 "" "" 5854598808874079744 1740.80957 0.5327 0.0253 -3.846 -2.411 0.021 0.025 1.017 "" "" 15.050235 0.930175 15.402882 14.472707 "" "" 1681.05884 1811.3092 17982.61108 3.3323 9424.6 18.339 12885.0 21.222 "" "" 0.0027626560671430034 0.0034997906 0.0041810926 0.007680883 216.16308070333 -61.09974809937 1740.80957 -3.846 -2.4109999999999996 -0.10414294815063485 -0.21395228958129886 0.08870966 0.09270966 "" "" 1.963449171126193 "" 0.18055277384102308 ""
216.85319174573 -60.87185171336 0.0159 0.0237 20.9108 "" "" 5878624787211400704 2094.31201 0.4461 0.0309 -3.712 -2.892 0.028 0.031 1.406 6362.6 3.9078 15.05158 1.334005 15.638433 14.304427 "" "" 1961.61658 2203.98169 17960.34708 3.6524 7586.5 7.4576 15045.0 9.5803 "" "" 0.0027641525899487628 0.0029873322 0.0038420986 0.006829431 216.85319174573 -60.87185171336 2094.31201 -3.7120000000000033 -2.8920000000000012 0.029857051849365046 -0.6949522895812987 0.09570967 0.09870966 "" "" 6.905182404199746 "" 0.6815706048924505 ""
215.70075344468 -61.2519911226 0.0159 0.0202 19.6918 "" "" 5854573691900374656 2140.02124 0.4231 0.0325 -6.015 -2.528 0.028 0.034 1.366 8101.1 3.2466 15.052317 1.520922 15.741446 14.220524 -55.17 16.82 2009.38062 2310.73999 17948.1667 4.5351 6899.8 9.322 16254.0 9.6707 "" "" 0.0027689442957495123 0.0031522703 0.0038341912 0.0069864616 215.70075344468 -61.2519911226 2140.02124 -6.0150000000000015 -2.5280000000000005 -2.2731429481506344 -0.33095228958129885 0.09570967 0.101709664 -57.71 17.300238 23.30118285832553 62.23655856967931 2.2331393951122087 16.063738133844904
216.2451133572 -61.04459825632 0.0118 0.0161 0.3904 "" "" 5854605165426170368 1869.76746 0.4983 0.0247 -8.262 -4.485 0.02 0.024 0.967 6779.4 3.663 15.053804 1.138997 15.535285 14.396288 "" "" 1788.49976 1990.09851 17923.59183 3.1628 8342.6 9.6506 13824.0 9.036 "" "" 0.0027619731753489715 0.0030598193 0.0038454365 0.006905256 216.2451133572 -61.04459825632 1869.76746 -8.262 -4.484999999999999 -4.520142948150635 -2.287952289581299 0.087709665 0.09170966 "" "" 44.900230454906755 "" 3.975472868417717 ""
216.53049756204 -60.71815644298 0.0119 0.0181 21.6128 "" "" 5878676120656137344 2207.23584 0.4168 0.0249 -8.47 -4.269 0.023 0.023 1.047 "" "" 15.057099 1.611348 15.809921 14.198573 20.85 8.78 2103.4729 2333.22461 17869.28063 4.558 6478.1 9.7832 16586.0 12.074 "" "" 0.0027692033577252973 0.003236291 0.0038611426 0.0070974333 216.53049756204 -60.71815644298 2207.23584 -8.47 -4.268999999999998 -4.728142948150635 -2.071952289581299 0.090709664 0.090709664 18.310000000000002 9.260238 54.00848748899318 57.02782497034876 4.899091749362134 5.510608231151198
216.10395457287 -61.31133366459 0.0125 0.0159 16.2294 "" "" 5854592138767885824 1890.22949 0.491 0.0235 -8.692 -3.377 0.022 0.026 1.025 7940.3 3.8767 15.059439 1.140974 15.535255 14.39428 "" "" 1815.05103 1978.552 17830.82129 3.5289 8342.9 9.2401 13850.0 9.0544 "" "" 0.002763686312366333 0.0030382636 0.003845457 0.006883721 216.10395457287 -61.31133366459 1890.22949 -8.692000000000004 -3.377000000000005 -4.950142948150635 -1.1799522895812986 0.08970966 0.09370966 "" "" 45.59433840526608 "" 4.100264397944924 ""
216.53543714432 -61.36261302148 0.0127 0.017 20.7801 "" "" 5854577162237776000 1920.93188 0.4774 0.0242 -8.394 -4.412 0.021 0.025 1.034 9282.8 4.3341 15.06532 1.298072 15.631895 14.333823 "" "" 1831.87817 2016.54663 17734.49008 3.1862 7632.4 8.5535 14643.0 7.6636 "" "" 0.002762216434577195 0.0030439394 0.0038218603 0.0068657994 216.53543714432 -61.36261302148 1920.93188 -8.393999999999998 -4.412000000000005 -4.652142948150635 -2.2149522895812987 0.08870966 0.09270966 "" "" 46.914800285525715 "" 4.197106463243963 ""
216.08194681828 -60.99589501276 0.0117 0.0163 5.4188 "" "" 5854647324821808640 1615.36743 0.5833 0.0241 -6.955 -3.077 0.021 0.025 0.991 6868.4 4.1394 15.071282 1.133218 15.551253 14.418036 "" "" 1571.88416 1678.08838 17637.37226 3.039 8220.8 9.6502 13550.0 9.3859 "" "" 0.0027616638690082865 0.0030674825 0.0038534845 0.0069209673 216.08194681828 -60.99589501276 1615.36743 -6.954999999999998 -3.076999999999995 -3.213142948150635 -0.8799522895812988 0.08870966 0.09270966 "" "" 25.50843618707635 "" 2.2701121069856325 ""
216.29351576771 -61.35852631048 0.0126 0.0161 18.6992 "" "" 5854580563851908608 2119.71069 0.4369 0.0239 -3.754 -2.532 0.022 0.025 0.956 "" "" 15.072192 1.185983 15.57427 14.388288 "" "" 2020.14099 2228.55054 17622.60224 3.3284 8048.4 10.855 13927.0 10.307 "" "" 0.0027629405915501302 0.0031510897 0.0038638553 0.007014945 216.29351576771 -61.35852631048 2119.71069 -3.7540000000000022 -2.5320000000000045 -0.01214294815063477 -0.33495228958129886 0.08970966 0.09270966 "" "" 3.367620028390769 "" 0.3121978635162384 ""
216.68363032663 -61.22632472859 0.0134 0.0177 16.8485 "" "" 5854586061410656512 2137.80518 0.4343 0.0271 -5.135 -3.364 0.023 0.024 1.005 9931.2 4.0155 15.072476 1.231965 15.587873 14.355908 "" "" 2034.37305 2247.53906 17617.97683 3.7951 7948.2 16.023 14348.0 37.172 "" "" 0.0027652285357266677 0.0035462298 0.0047112564 0.008257486 216.68363032663 -61.22632472859 2137.80518 -5.135 -3.364 -1.3931429481506346 -1.1669522895812987 0.090709664 0.09170966 "" "" 18.41518531166691 "" 1.678052882817954 ""
216.5200217251 -61.26450718466 0.014 0.0198 15.3955 "" "" 5854584343423718912 2251.61182 0.3995 0.0293 -4.722 -2.815 0.025 0.031 1.088 4808.3 2.2569 15.073274 2.805905 16.584007 13.778102 -37.13 3.83 2124.69678 2383.64502 17605.05744 9.4127 3175.5 62.529 24430.0 72.696 "" "" 0.002815806784476261 0.021560607 0.0049721077 0.026532715 216.5200217251 -61.26450718466 2251.61182 -4.7219999999999995 -2.8150000000000004 -0.9801429481506352 -0.6179522895812988 0.09270966 0.09870966 -39.67 4.310238 12.366201666305848 41.552759759752966 1.1680502687857726 4.12959704830766
216.69727369083 -60.83088795404 0.0119 0.0182 18.7713 "" "" 5878627566031886848 2185.31323 0.4198 0.0255 -4.899 -2.261 0.022 0.024 0.98 "" "" 15.07397 1.184251 15.566968 14.382717 "" "" 2079.67285 2311.8064 17593.75915 3.5431 8102.7 7.4605 13998.0 8.4296 "" "" 0.0027639821160627426 0.0029638512 0.003835521 0.006799372 216.69727369083 -60.83088795404 2185.31323 -4.899000000000003 -2.2610000000000037 -1.1571429481506348 -0.06395228958129895 0.08970966 0.09170966 "" "" 12.004423601474986 "" 1.0769867062932303 ""
215.71016119252 -60.93674256758 0.0112 0.0158 16.6416 "" "" 5854650795155538944 1797.83569 0.5201 0.0232 -5.741 -2.321 0.02 0.025 1.012 7127.1 3.8904 15.076258 1.073536 15.523721 14.450185 "" "" 1721.64783 1878.1322 17556.72445 5.599 8432.0 13.966 13155.0 12.564 "" "" 0.0027769910497315664 0.0033194856 0.003919057 0.0072385427 215.71016119252 -60.93674256758 1797.83569 -5.741 -2.321 -1.9991429481506344 -0.123952289581299 0.087709665 0.09270966 "" "" 17.068893758360446 "" 1.4974430727582846 ""
216.51156808464 -60.945997421 0.0121 0.0181 10.1412 "" "" 5854604546950963968 2193.06616 0.4254 0.0243 -6.041 -3.107 0.021 0.023 1.002 9665.6 4.1948 15.077445 0.989199 15.481957 14.492759 "" "" 2059.90161 2332.34204 17537.5418 3.5871 8762.6 9.1998 12649.0 10.742 "" "" 0.0027642551573697073 0.0030140402 0.003890231 0.0069042714 216.51156808464 -60.945997421 2193.06616 -6.041000000000004 -3.107000000000001 -2.299142948150635 -0.909952289581299 0.08870966 0.090709664 "" "" 25.703681470158575 "" 2.2871944681624132 ""
215.88550658785 -61.13874111573 0.012 0.0158 11.4726 "" "" 5854597949880734592 1917.91663 0.4783 0.0247 -4.618 -1.422 0.023 0.028 0.993 "" "" 15.078639 1.369732 15.685717 14.315985 "" "" 1832.46729 2023.39331 17518.25921 3.329 7263.2 9.6735 14886.0 11.565 "" "" 0.002763034289891733 0.0031426223 0.003872369 0.0070149912 215.88550658785 -61.13874111573 1917.91663 -4.618 -1.422000000000001 -0.8761429481506351 0.7750477104187012 0.090709664 0.09570967 "" "" 10.634149559157983 "" 0.9883145736107918 ""
215.92607238568 -61.04399414791 0.0399 0.0513 8.9453 "" "" 5854646912505050368 2176.73657 0.4792 0.0747 -4.602 -3.172 0.066 0.077 3.308 "" "" 15.078694 1.378056 15.412764 14.034708 "" "" 1849.86316 2704.01318 17517.37818 10.576 9339.2 77.655 19287.0 183.2 "" "" 0.002832221300031082 0.009449181 0.010983703 0.020432884 215.92607238568 -61.04399414791 2176.73657 -4.602 -3.172000000000004 -0.8601429481506351 -0.974952289581299 0.13370967 0.14470966 "" "" 13.414550137275835 "" 1.878058118421805 ""
216.65493412267 -61.01778225725 0.0126 0.018 12.3694 "" "" 5854603241280806912 1700.6543 0.5498 0.0254 -6.199 -4.402 0.021 0.024 0.979 5229.7 3.6287 15.079942 1.588539 15.815902 14.227363 -18.13 6.44 1646.82739 1774.38477 17497.25676 29.07 6442.5 40.514 16152.0 75.41 "" "" 0.003293273188104693 0.0073758154 0.006322898 0.013698714 216.65493412267 -61.01778225725 1700.6543 -6.199 -4.402 -2.4571429481506346 -2.204952289581299 0.08870966 0.09170966 -20.669999999999998 6.920238 26.613071619477534 33.69724738051226 2.3967785080357213 4.647819714516611
