Clusters/UBC_296/UBC_296_members.tsv
# %ECSV 1.0
# ---
# datatype:
# - name: RA_ICRS_1
#   unit: deg
#   datatype: float64
#   format: '{:15.11f}'
#   description: Right ascension (ICRS) at Ep=2016.0 (ra)
#   meta: !!omap
#   - {ucd: POS_EQ_RA_MAIN}
#   - {width: 15}
#   - {precision: '11'}
# - name: DE_ICRS_1
#   unit: deg
#   datatype: float64
#   format: '{:15.11f}'
#   description: Declination (ICRS) at Ep=2016.0 (dec)
#   meta: !!omap
#   - {ucd: POS_EQ_DEC_MAIN}
#   - {width: 15}
#   - {precision: '11'}
# - name: e_RA_ICRS
#   unit: mas
#   datatype: float64
#   format: '{:7.4f}'
#   description: Standard error of right ascension (ra_error)
#   meta: !!omap
#   - {ucd: ERROR}
#   - {width: 7}
#   - {precision: '4'}
# - name: e_DE_ICRS
#   unit: mas
#   datatype: float64
#   format: '{:7.4f}'
#   description: Standard error of declination (dec_error)
#   meta: !!omap
#   - {ucd: ERROR}
#   - {width: 7}
#   - {precision: '4'}
# - name: _r_1
#   unit: ''
#   datatype: float64
#   format: '{:7.4f}'
#   description: Distance from center (216.23391712000-61.04819877000)[ICRS], at Epoch=J2016.0
#   meta: !!omap
#   - {ucd: POS_ANG_DIST_GENERAL}
#   - {width: 7}
#   - {precision: '4'}
# - name: HIP
#   datatype: int32
#   description: '? HIP cross-id number, van Leeuwen, Cat. I/311 (hip_original_ext_source_id)'
#   meta: !!omap
#   - {ucd: ID_NUMBER}
#   - {width: 6}
#   - values: {'null': -2147483648}
# - name: TYC2
#   datatype: string
#   description: Tycho-2 cross-id name, Hog et al., Cat. I/259 (tyc2_original_ext_source_id)
#   meta: !!omap
#   - {ucd: ID_CROSSID}
#   - {_votable_string_dtype: char}
# - name: Source
#   datatype: int64
#   description: Source identifier, identical to the Gaia-EDR3 source_id (id)
#   meta: !!omap
#   - {ucd: ID_MAIN}
#   - {width: 19}
# - name: rgeo
#   unit: pc
#   datatype: float64
#   format: '{:15.8f}'
#   description: '? Median of the geometric distance posterior (r_med_geo)'
#   meta: !!omap
#   - {ucd: PHYS_DISTANCE_TRUE}
#   - {width: 15}
#   - {precision: '8'}
#   - values: {'null': .nan}
# - name: Plx
#   unit: mas
#   datatype: float64
#   format: '{:9.4f}'
#   description: '? Parallax (parallax)'
#   meta: !!omap
#   - {ucd: POS_PARLX_TRIG}
#   - {width: 9}
#   - {precision: '4'}
#   - values: {'null': .nan}
# - name: e_Plx
#   unit: mas
#   datatype: float32
#   format: '{:7.4f}'
#   description: '? Standard error of parallax (parallax_error)'
#   meta: !!omap
#   - {ucd: ERROR}
#   - {width: 7}
#   - {precision: '4'}
#   - values: {'null': .nan}
# - name: pmRA
#   unit: mas / yr
#   datatype: float64
#   format: '{:9.3f}'
#   description: '? Proper motion in right ascension direction, pmRA*cosDE (pmra)'
#   meta: !!omap
#   - {ucd: POS_EQ_PMRA}
#   - {width: 9}
#   - {precision: '3'}
#   - values: {'null': .nan}
# - name: pmDE
#   unit: mas / yr
#   datatype: float64
#   format: '{:9.3f}'
#   description: '? Proper motion in declination direction (pmdec)'
#   meta: !!omap
#   - {ucd: POS_EQ_PMDEC}
#   - {width: 9}
#   - {precision: '3'}
#   - values: {'null': .nan}
# - name: e_pmRA
#   unit: mas / yr
#   datatype: float32
#   format: '{:6.3f}'
#   description: '? Standard error of proper motion in right ascension direction (pmra_error)'
#   meta: !!omap
#   - {ucd: ERROR}
#   - {width: 6}
#   - {precision: '3'}
#   - values: {'null': .nan}
# - name: e_pmDE
[...]
#         unit: &id001 !astropy.units.Unit {unit: deg}
#         value: !astropy.table.SerializedColumn {name: SkyCoord.dec}
#       distance: !astropy.table.SerializedColumn
#         __class__: astropy.coordinates.distances.Distance
#         unit: !astropy.units.Unit {unit: pc}
#         value: !astropy.table.SerializedColumn {name: SkyCoord.distance}
#       frame: icrs
#       obstime: !astropy.time.Time {format: jyear_str, in_subfmt: '*', jd1: 367701545.0, jd2: 0.0, out_subfmt: '*', precision: 3, scale: tt}
#       pm_dec: !astropy.table.SerializedColumn
#         __class__: astropy.units.quantity.Quantity
#         unit: !astropy.units.Unit {unit: mas / yr}
#         value: !astropy.table.SerializedColumn {name: SkyCoord.pm_dec}
#       pm_ra_cosdec: !astropy.table.SerializedColumn
#         __class__: astropy.units.quantity.Quantity
#         unit: !astropy.units.Unit {unit: mas / yr}
#         value: !astropy.table.SerializedColumn {name: SkyCoord.pm_ra_cosdec}
#       ra: !astropy.table.SerializedColumn
#         __class__: astropy.coordinates.angles.Longitude
#         unit: *id001
#         value: !astropy.table.SerializedColumn {name: SkyCoord.ra}
#         wrap_angle: !astropy.coordinates.Angle
#           unit: *id001
#           value: 360.0
#       representation_type: spherical
# schema: astropy-2.0
RA_ICRS_1 DE_ICRS_1 e_RA_ICRS e_DE_ICRS _r_1 HIP TYC2 Source rgeo Plx e_Plx pmRA pmDE e_pmRA e_pmDE RUWE Teff logg Gmag BP-RP BPmag RPmag RV e_RV b_rgeo B_rgeo FG e_FG FBP e_FBP FRP e_FRP RAVE5 RAVE6 e_Gmag e_BPmag e_RPmag e_BP-RP SkyCoord.ra SkyCoord.dec SkyCoord.distance SkyCoord.pm_ra_cosdec SkyCoord.pm_dec Pmemb
216.1565285454 -61.05490157751 0.0109 0.0145 2.2832 "" "" 5854599977105203456 1999.68176 0.4633 0.0225 -3.82 -2.128 0.018 0.022 1.527 10790.9 3.4986 11.895497 0.529119 12.085384 11.556265 -0.03 15.21 1904.78784 2082.21143 328660.853 57.377 200110.0 69.677 189080.0 45.96 "" "" 0.0027618321842839606 0.0028156645 0.003788585 0.0066042496 216.1565285454 -61.05490157751 1999.68176 -3.82 -2.128 0.93
216.17975584611 -61.06697173206 0.0065 0.009 1.9344 "" "" 5854599152471478016 1985.50293 0.4762 0.014 -3.849 -2.162 0.011 0.014 0.919 "" "" 12.582891 0.56839 12.792092 12.223702 "" "" 1916.90674 2044.27344 174497.92367 21.699 104370.0 33.906 102250.0 19.288 "" "" 0.0027586260640791076 0.0028123758 0.0037849273 0.006597303 216.17975584611 -61.06697173206 1985.50293 -3.849 -2.162 0.99
216.11242381335 -61.07514732277 0.0074 0.0095 3.8801 "" "" 5854599839666244992 1924.25793 0.4957 0.0149 -3.827 -2.17 0.013 0.014 0.978 "" "" 12.835773 0.567081 13.044619 12.477537 "" "" 1867.0282 1970.46167 138241.18653 18.108 82712.0 38.589 80936.0 23.015 "" "" 0.0027589881520588715 0.002835778 0.0037919714 0.0066277497 216.11242381335 -61.07514732277 1924.25793 -3.826999999999999 -2.17 0.99
216.14785577342 -61.05811559445 0.0078 0.0105 2.5691 "" "" 5854599938429501696 1782.5968 0.5325 0.0161 -3.85 -2.156 0.014 0.016 1.006 "" "" 12.873066 0.597471 13.093009 12.495538 "" "" 1738.75195 1843.41003 133573.47295 17.575 79107.0 29.713 79606.0 31.463 "" "" 0.002759021081939997 0.0028198147 0.0038036655 0.0066234805 216.14785577342 -61.05811559445 1782.5968 -3.8500000000000014 -2.1560000000000006 0.99
216.16677622502 -61.04449595172 0.0064 0.0085 1.9628 "" "" 5854599977105206400 1794.81079 0.5179 0.0134 -3.727 -2.147 0.011 0.013 0.939 9178.5 3.878 13.117903 0.535535 13.311862 12.776327 "" "" 1753.03857 1835.0061 106607.0196 21.337 64665.0 26.857 61465.0 18.923 "" "" 0.002763876141927789 0.0028263738 0.0037941346 0.0066205086 216.16677622502 -61.04449595172 1794.81079 -3.7269999999999994 -2.147 1.0
216.22171009431 -61.02216328838 0.0067 0.0092 1.6019 "" "" 5854605234145674880 1925.13696 0.4824 0.0147 -3.673 -2.16 0.012 0.015 0.949 "" "" 13.246958 0.66184 13.493969 12.83213 "" "" 1878.87292 1976.32227 94659.36252 14.463 54680.0 26.175 58386.0 20.375 "" "" 0.002760309540174217 0.0028381639 0.0037983265 0.00663649 216.22171009431 -61.02216328838 1925.13696 -3.673000000000001 -2.1600000000000006 0.99
216.31024017696 -61.04578567026 0.0067 0.0093 2.2216 "" "" 5854604924907993600 1914.13794 0.4862 0.0146 -3.754 -2.136 0.012 0.014 0.897 7998.7 3.8765 13.288026 0.740858 13.570266 12.829408 "" "" 1863.34106 1962.34961 91145.73095 14.056 50970.0 21.058 58532.0 22.976 "" "" 0.002760402929269875 0.0028259973 0.0038033363 0.006629334 216.31024017696 -61.04578567026 1914.13794 -3.754 -2.136 1.0
216.28535929461 -61.01944821774 0.0068 0.0091 2.2826 "" "" 5854605573426591104 1811.31116 0.5156 0.014 -3.704 -2.253 0.011 0.013 0.962 "" "" 13.401327 0.65845 13.648988 12.990538 "" "" 1770.65369 1858.17346 82113.75525 14.684 47405.0 22.903 50460.0 17.447 "" "" 0.0027621524745686417 0.0028390505 0.0037979803 0.0066370307 216.28535929461 -61.01944821774 1811.31116 -3.7040000000000006 -2.2529999999999997 0.99
216.17014091362 -61.07622395711 0.0077 0.0104 2.5011 "" "" 5854599118111735808 1780.51587 0.5198 0.0161 -3.712 -2.087 0.013 0.015 0.944 "" "" 13.713542 0.643104 13.945225 13.302121 "" "" 1739.64758 1832.07593 61592.82728 11.212 36085.0 23.896 37871.0 71.801 "" "" 0.0027623995743419013 0.0028813183 0.004303614 0.0071849325 216.17014091362 -61.07622395711 1780.51587 -3.7120000000000015 -2.0870000000000015 0.99
216.34338387303 -60.93323656281 0.0077 0.0114 7.5976 "" "" 5854608120363785856 1912.76062 0.4819 0.0155 -3.839 -2.06 0.014 0.015 0.927 "" "" 13.888587 1.019445 14.306889 13.287443 "" "" 1864.66345 1966.07996 52421.80408 6.4088 25862.0 14.207 38387.0 13.417 "" "" 0.002758515592947142 0.0028532061 0.003798386 0.0066515924 216.34338387303 -60.93323656281 1912.76062 -3.839 -2.06 0.89
216.21425999388 -61.03184905552 0.0082 0.0112 1.1351 "" "" 5854605131066450176 1963.03076 0.468 0.0178 -3.72 -2.156 0.015 0.016 0.932 "" "" 13.98432 0.655868 14.232772 13.576904 "" "" 1897.30713 2031.0354 47997.54805 8.2062 27689.0 14.648 29403.0 10.281 "" "" 0.002761566180982246 0.002848676 0.0037984012 0.0066470774 216.21425999388 -61.03184905552 1963.03076 -3.7200000000000015 -2.156000000000001 1.0
216.5571995781 -60.9782892468 0.009 0.013 10.2933 "" "" 5854604237713275904 1996.69348 0.4636 0.0175 -3.731 -2.264 0.015 0.016 1.023 "" "" 14.14277 0.698165 14.408885 13.71072 "" "" 1924.88574 2075.9856 41480.00555 8.0356 23543.0 11.982 25994.0 14.683 "" "" 0.0027633365035923158 0.002844361 0.0038288187 0.0066731796 216.5571995781 -60.9782892468 1996.69348 -3.731 -2.264 0.99
216.09942876349 -61.02276795593 0.0083 0.0116 4.195 "" "" 5854600286342859904 1859.45337 0.4999 0.0179 -3.755 -2.135 0.015 0.018 0.929 "" "" 14.149427 0.64304 14.391247 13.748207 "" "" 1811.01135 1919.93079 41226.44808 7.11 23929.0 12.791 25112.0 12.578 "" "" 0.002761675459852694 0.0028498906 0.0038183068 0.0066681975 216.09942876349 -61.02276795593 1859.45337 -3.755 -2.134999999999999 1.0
216.38864574161 -60.99220064545 0.0084 0.0124 5.6143 "" "" 5854605474663860608 1886.38696 0.495 0.0179 -3.735 -2.242 0.014 0.017 0.981 "" "" 14.194425 0.89343 14.544366 13.650936 "" "" 1831.43359 1963.79712 39552.77788 5.9287 20781.0 13.024 27465.0 29.354 "" "" 0.0027601223224083854 0.0028719457 0.003953515 0.006825461 216.38864574161 -60.99220064545 1886.38696 -3.7349999999999994 -2.242000000000001 1.0
216.11291640369 -61.0868681201 0.0091 0.0119 4.2094 "" "" 5854599083751995392 1753.01025 0.5356 0.0189 -3.807 -2.196 0.016 0.019 0.981 7980.4 4.1861 14.354382 0.719871 14.630486 13.910615 "" "" 1697.57288 1805.24487 34134.52873 6.2544 19197.0 10.539 21623.0 10.446 "" "" 0.0027624926096894617 0.0028531274 0.0038156053 0.0066687325 216.11291640369 -61.0868681201 1753.01025 -3.8069999999999995 -2.1959999999999997 0.99
216.22617306913 -61.0080189044 0.0095 0.0134 2.4213 "" "" 5854605990059936640 1821.79871 0.5149 0.0207 -3.725 -2.134 0.017 0.02 1.029 9246.9 4.0223 14.490418 0.752386 14.782288 14.029901 "" "" 1763.49329 1879.21948 30114.75953 5.2384 16692.0 14.4 19373.0 12.238 "" "" 0.002761785308074514 0.0029431898 0.0038411112 0.0067843013 216.22617306913 -61.0080189044 1821.79871 -3.725 -2.134000000000001 0.99
216.27561315739 -61.1080150467 0.0101 0.013 3.7874 "" "" 5854601725136078848 1851.67749 0.5004 0.0207 -3.718 -2.212 0.018 0.019 0.933 9106.0 3.9598 14.550744 0.745275 14.837584 14.092309 "" "" 1798.72949 1919.04395 28487.14825 5.4395 15863.0 13.419 18291.0 11.127 "" "" 0.002763108688199498 0.00293745 0.0038366616 0.0067741117 216.27561315739 -61.1080150467 1851.67749 -3.718 -2.212 1.0
216.22653037421 -61.03212106568 0.0103 0.0142 0.9882 "" "" 5854605234145663872 1808.88684 0.516 0.0223 -3.709 -2.181 0.018 0.023 0.967 "" "" 14.572253 0.797714 14.881836 14.084122 "" "" 1733.3999 1891.50745 27928.3561 4.5069 15229.0 16.503 18429.0 12.219 "" "" 0.002760885302762932 0.0030280938 0.0038473303 0.006875424 216.22653037421 -61.03212106568 1808.88684 -3.7090000000000014 -2.181000000000001 0.99
216.08396598613 -61.05807731984 0.0103 0.0139 4.3947 "" "" 5854599908385727872 2035.51685 0.4552 0.0214 -3.728 -2.274 0.018 0.021 1.094 8364.5 4.1775 14.57856 0.718426 14.855558 14.137133 "" "" 1961.25867 2140.95093 27766.59524 5.1877 15602.0 10.058 17551.0 9.3438 "" "" 0.0027627771922037934 0.0028766217 0.0038233283 0.00669995 216.08396598613 -61.05807731984 2035.51685 -3.728 -2.274 0.96
216.16222674584 -61.05288809105 0.0103 0.0136 2.101 "" "" 5854599977105204096 1976.00964 0.4725 0.0216 -3.87 -2.066 0.018 0.021 0.975 "" "" 14.689152 0.826617 15.012586 14.185968 "" "" 1897.10217 2055.26685 25077.59921 4.1594 13502.0 9.1855 16779.0 10.886 "" "" 0.002761198786386946 0.0028862827 0.0038444665 0.0067307493 216.16222674584 -61.05288809105 1976.00964 -3.87 -2.066 0.99
216.17816352109 -61.04242518561 0.011 0.0146 1.6561 "" "" 5854605848304736000 1814.73206 0.5126 0.0232 -3.767 -2.253 0.02 0.023 0.971 "" "" 14.826462 0.84629 15.158845 14.312555 "" "" 1749.50269 1907.5166 22098.46943 4.0162 11800.0 14.271 14933.0 12.64 "" "" 0.002762376825304211 0.0030837106 0.0038895144 0.0069732247 216.17816352109 -61.04242518561 1814.73206 -3.7669999999999995 -2.253 0.98
216.22416552507 -61.02846819695 0.0112 0.0156 1.2173 "" "" 5854605234145667584 1900.98584 0.492 0.0252 -3.751 -2.237 0.02 0.025 0.977 6263.2 3.6216 14.869423 0.850559 15.204255 14.353696 "" "" 1797.71936 2013.3855 21241.12316 3.8305 11317.0 11.081 14377.0 10.556 "" "" 0.0027622681270798367 0.0029858362 0.0038625407 0.006848377 216.22416552507 -61.02846819695 1900.98584 -3.7509999999999994 -2.237000000000001 0.96
216.52008013345 -61.04810330038 0.0122 0.0163 8.3114 "" "" 5854602863323673600 1988.896 0.471 0.0249 -3.753 -2.211 0.021 0.023 1.062 9609.8 4.3368 14.946106 0.923616 15.318646 14.395029 "" "" 1899.06702 2082.43091 19792.67286 3.448 10185.0 9.7225 13840.0 8.1393 "" "" 0.0027618044749272716 0.0029764478 0.003832941 0.0068093888 216.52008013345 -61.04810330038 1988.896 -3.753 -2.2109999999999994 0.99
216.22044377693 -60.90290537264 0.0112 0.0164 8.7264 "" "" 5854654093690716800 1999.76892 0.4634 0.0231 -3.596 -2.032 0.02 0.024 0.977 5303.2 3.3901 14.988446 1.811735 15.865426 14.053691 5.11 4.96 1935.27075 2089.44775 19035.67923 3.4784 6155.3 8.4563 18953.0 11.903 "" "" 0.002762453771059683 0.0031638506 0.0038404006 0.0070042512 216.22044377693 -60.90290537264 1999.76892 -3.596 -2.031999999999999 0.97
216.21407617953 -60.97873745645 0.0114 0.0164 4.2074 "" "" 5854606299297618176 1919.60095 0.4854 0.0246 -3.673 -2.206 0.021 0.025 0.97 8765.8 4.1359 15.004447 0.895589 15.364901 14.469312 "" "" 1836.79529 2028.53198 18757.19652 3.4337 9760.2 8.9626 12925.0 10.356 "" "" 0.002762479516352616 0.0029629508 0.0038782097 0.0068411604 216.21407617953 -60.97873745645 1919.60095 -3.6730000000000014 -2.206000000000001 0.97
216.16308070333 -61.09974809937 0.012 0.0159 3.7138 "" "" 5854598808874079744 1740.80957 0.5327 0.0253 -3.846 -2.411 0.021 0.025 1.017 "" "" 15.050235 0.930175 15.402882 14.472707 "" "" 1681.05884 1811.3092 17982.61108 3.3323 9424.6 18.339 12885.0 21.222 "" "" 0.0027626560671430034 0.0034997906 0.0041810926 0.007680883 216.16308070333 -61.09974809937 1740.80957 -3.846 -2.4109999999999996 0.96
216.26426470767 -61.01640345231 0.0132 0.0178 2.1017 "" "" 5854605268505415296 2059.84131 0.4465 0.0273 -3.654 -2.137 0.022 0.026 0.932 6952.0 3.9587 15.247834 1.226062 15.77431 14.548248 "" "" 1960.60645 2179.23218 14990.39443 3.076 6694.1 7.6596 12019.0 10.023 "" "" 0.002764312792448943 0.0030542496 0.0038863255 0.0069405753 216.26426470767 -61.01640345231 2059.84131 -3.653999999999999 -2.136999999999999 0.99
216.17539667835 -61.07888756725 0.0151 0.0195 2.5053 "" "" 5854599152471473024 1891.47595 0.4918 0.0308 -3.735 -2.263 0.026 0.03 1.034 7433.7 4.026 15.408247 1.0406 15.837595 14.796995 "" "" 1795.21118 1987.69592 12931.46646 2.8828 6315.1 8.0495 9557.8 13.109 "" "" 0.002765930913843118 0.0031145306 0.0040621753 0.0071767056 216.17539667835 -61.07888756725 1891.47595 -3.7350000000000003 -2.263 0.97
216.50552081804 -61.08959145207 0.0154 0.0208 8.2654 "" "" 5854601076617250944 2015.83142 0.4703 0.0318 -3.772 -2.278 0.026 0.028 1.024 7338.0 4.0101 15.505514 1.037481 15.933525 14.896044 "" "" 1884.29468 2132.6167 11823.36867 3.7249 5781.1 8.9143 8724.5 9.4292 "" "" 0.0027764711355054085 0.0032539072 0.0039573573 0.007211264 216.50552081804 -61.08959145207 2015.83142 -3.7719999999999976 -2.277999999999998 0.99
216.18767942264 -61.09239371154 0.0162 0.0207 2.9719 "" "" 5854598911953298176 1721.51184 0.5423 0.033 -3.761 -2.32 0.028 0.031 0.965 7279.0 3.9727 15.626837 1.103707 16.091064 14.987357 "" "" 1611.16125 1840.45923 10573.33897 2.4216 5000.2 8.6582 8020.8 8.6113 "" "" 0.002766518328581618 0.003364455 0.0039550615 0.0073195165 216.18767942264 -61.09239371154 1721.51184 -3.7610000000000006 -2.32 0.97
216.13108781411 -60.89273163322 0.0151 0.0227 9.7967 "" "" 5854654849604973824 1850.66382 0.5044 0.0314 -3.66 -2.089 0.027 0.033 0.985 7092.7 4.1726 15.677277 1.299777 16.251738 14.951961 "" "" 1763.46875 1961.58618 10093.3688 2.4325 4312.4 7.7254 8286.6 9.7343 "" "" 0.002767716839742406 0.003401204 0.0039887866 0.0073899906 216.13108781411 -60.89273163322 1850.66382 -3.6599999999999997 -2.0890000000000004 0.98
216.15335084697 -61.088352725 0.0164 0.0228 3.3575 "" "" 5854599118111731712 1859.1261 0.4904 0.035 -3.789 -2.211 0.03 0.037 0.98 7452.0 4.171 15.722494 1.120594 16.188898 15.068304 "" "" 1761.62415 1990.66895 9681.64662 2.3304 4569.4 8.4795 7444.5 9.7313 "" "" 0.0027676863789379163 0.0034415885 0.004037079 0.0074786674 216.15335084697 -61.088352725 1859.1261 -3.789 -2.211 0.99
216.30439316181 -61.11698835871 0.0176 0.0226 4.6061 "" "" 5854601488934105984 1753.66431 0.5325 0.0357 -3.75 -2.299 0.03 0.034 1.004 6057.2 4.31 15.86336 1.192318 16.346205 15.153887 "" "" 1645.93335 1861.38379 8503.59448 2.4107 3953.1 7.0315 6880.2 13.449 "" "" 0.0027724589516264072 0.0033933325 0.0043345145 0.007727847 216.30439316181 -61.11698835871 1753.66431 -3.75 -2.299 0.94
216.19695862905 -61.13449997346 0.0184 0.0237 5.2879 "" "" 5854595716497614336 1679.86694 0.5703 0.0379 -3.599 -2.354 0.034 0.036 1.066 7728.0 3.7351 15.894217 1.35316 16.490007 15.136848 "" "" 1572.9668 1805.05359 8265.32785 2.2018 3462.7 6.1746 6989.1 8.3995 "" "" 0.002770458973135567 0.003396081 0.0039982907 0.0073943716 216.19695862905 -61.13449997346 1679.86694 -3.598999999999999 -2.353999999999999 0.99
216.38304405302 -61.18112471101 0.0179 0.0235 9.0714 "" "" 5854588634075696000 1680.32202 0.5598 0.0368 -3.759 -2.304 0.033 0.036 0.968 7382.6 4.2613 15.926963 1.215127 16.418169 15.203042 "" "" 1590.49866 1793.04138 8019.76379 2.1421 3699.6 12.393 6575.7 32.743 "" "" 0.0027705398656703373 0.0045839916 0.006596354 0.011180345 216.38304405302 -61.18112471101 1680.32202 -3.759 -2.304 0.98
216.20213582867 -61.028500269 0.0183 0.0255 1.4998 "" "" 5854605886980855680 1861.99243 0.4954 0.0392 -3.752 -2.127 0.033 0.04 0.948 6146.0 4.295 15.932652 1.165516 16.40088 15.235365 "" "" 1736.18677 2027.74878 7977.84477 2.3331 3758.9 18.665 6382.8 21.783 "" "" 0.0027735552672856897 0.0060704947 0.0052927723 0.011363267 216.20213582867 -61.028500269 1861.99243 -3.752000000000001 -2.127 0.98
216.0849725019 -61.10756752803 0.0194 0.0254 5.6007 "" "" 5854598667118334080 1814.62598 0.5194 0.0393 -3.766 -2.183 0.034 0.037 1.017 7137.7 4.2945 15.963967 1.197968 16.461857 15.263888 "" "" 1705.90503 1932.00098 7751.03661 2.0127 3553.6 6.5386 6217.3 9.7294 "" "" 0.002769706620903108 0.003431624 0.004143734 0.0075753583 216.0849725019 -61.10756752803 1814.62598 -3.7659999999999982 -2.182999999999999 0.97
216.12822806823 -61.08936797136 0.019 0.0249 3.9386 "" "" 5854599083751993856 2099.89551 0.4415 0.0387 -3.778 -2.099 0.033 0.038 1.026 7381.7 4.3229 15.984984 1.171784 16.484259 15.312474 "" "" 1955.09436 2278.35693 7602.43945 2.1188 3481.1 9.6917 5945.2 6.5595 "" "" 0.002771886170745579 0.0041136723 0.003964687 0.008078359 216.12822806823 -61.08936797136 2099.89551 -3.777999999999999 -2.0989999999999993 0.98
216.14173120691 -61.07938203068 0.0198 0.0258 3.2653 "" "" 5854599186831212416 1960.5896 0.4795 0.0405 -3.602 -2.314 0.034 0.039 1.007 6643.6 4.3341 15.996909 1.149526 16.487553 15.338027 "" "" 1824.14209 2104.75732 7519.39949 2.1232 3470.5 8.1868 5806.9 6.8996 "" "" 0.002772323140878894 0.0037874638 0.0039934865 0.0077809505 216.14173120691 -61.07938203068 1960.5896 -3.602 -2.314 0.97
