Clusters/NGC_2169/NGC_2169_stars_in_region.tsv
# %ECSV 1.0
# ---
# datatype:
# - name: RA_ICRS_1
#   unit: deg
#   datatype: float64
#   format: '{:15.11f}'
#   description: Right ascension (ICRS) at Ep=2016.0 (ra)
#   meta: !!omap
#   - {ucd: POS_EQ_RA_MAIN}
#   - {width: 15}
#   - {precision: '11'}
# - name: DE_ICRS_1
#   unit: deg
#   datatype: float64
#   format: '{:15.11f}'
#   description: Declination (ICRS) at Ep=2016.0 (dec)
#   meta: !!omap
#   - {ucd: POS_EQ_DEC_MAIN}
#   - {width: 15}
#   - {precision: '11'}
# - name: e_RA_ICRS
#   unit: mas
#   datatype: float64
#   format: '{:7.4f}'
#   description: Standard error of right ascension (ra_error)
#   meta: !!omap
#   - {ucd: ERROR}
#   - {width: 7}
#   - {precision: '4'}
# - name: e_DE_ICRS
#   unit: mas
#   datatype: float64
#   format: '{:7.4f}'
#   description: Standard error of declination (dec_error)
#   meta: !!omap
#   - {ucd: ERROR}
#   - {width: 7}
#   - {precision: '4'}
# - name: _r_1
#   unit: ''
#   datatype: float64
#   format: '{:7.4f}'
#   description: Distance from center (092.12950694000+13.93719438000)[ICRS], at Epoch=J2016.0
#   meta: !!omap
#   - {ucd: POS_ANG_DIST_GENERAL}
#   - {width: 7}
#   - {precision: '4'}
# - name: HIP
#   datatype: int32
#   description: '? HIP cross-id number, van Leeuwen, Cat. I/311 (hip_original_ext_source_id)'
#   meta: !!omap
#   - {ucd: ID_NUMBER}
#   - {width: 6}
#   - values: {'null': -2147483648}
# - name: TYC2
#   datatype: string
#   description: Tycho-2 cross-id name, Hog et al., Cat. I/259 (tyc2_original_ext_source_id)
#   meta: !!omap
#   - {ucd: ID_CROSSID}
#   - {_votable_string_dtype: char}
# - name: Source
#   datatype: int64
#   description: Source identifier, identical to the Gaia-EDR3 source_id (id)
#   meta: !!omap
#   - {ucd: ID_MAIN}
#   - {width: 19}
# - name: rgeo
#   unit: pc
#   datatype: float64
#   format: '{:15.8f}'
#   description: '? Median of the geometric distance posterior (r_med_geo)'
#   meta: !!omap
#   - {ucd: PHYS_DISTANCE_TRUE}
#   - {width: 15}
#   - {precision: '8'}
#   - values: {'null': .nan}
# - name: Plx
#   unit: mas
#   datatype: float64
#   format: '{:9.4f}'
#   description: '? Parallax (parallax)'
#   meta: !!omap
#   - {ucd: POS_PARLX_TRIG}
#   - {width: 9}
#   - {precision: '4'}
#   - values: {'null': .nan}
# - name: e_Plx
#   unit: mas
#   datatype: float32
#   format: '{:7.4f}'
#   description: '? Standard error of parallax (parallax_error)'
#   meta: !!omap
#   - {ucd: ERROR}
#   - {width: 7}
#   - {precision: '4'}
#   - values: {'null': .nan}
# - name: pmRA
#   unit: mas / yr
#   datatype: float64
#   format: '{:9.3f}'
#   description: '? Proper motion in right ascension direction, pmRA*cosDE (pmra)'
#   meta: !!omap
#   - {ucd: POS_EQ_PMRA}
#   - {width: 9}
#   - {precision: '3'}
#   - values: {'null': .nan}
# - name: pmDE
#   unit: mas / yr
#   datatype: float64
#   format: '{:9.3f}'
#   description: '? Proper motion in declination direction (pmdec)'
#   meta: !!omap
#   - {ucd: POS_EQ_PMDEC}
#   - {width: 9}
#   - {precision: '3'}
#   - values: {'null': .nan}
# - name: e_pmRA
#   unit: mas / yr
#   datatype: float32
#   format: '{:6.3f}'
#   description: '? Standard error of proper motion in right ascension direction (pmra_error)'
#   meta: !!omap
#   - {ucd: ERROR}
#   - {width: 6}
#   - {precision: '3'}
#   - values: {'null': .nan}
# - name: e_pmDE
[...]
#         unit: &id001 !astropy.units.Unit {unit: deg}
#         value: !astropy.table.SerializedColumn {name: SkyCoord.dec}
#       distance: !astropy.table.SerializedColumn
#         __class__: astropy.coordinates.distances.Distance
#         unit: !astropy.units.Unit {unit: pc}
#         value: !astropy.table.SerializedColumn {name: SkyCoord.distance}
#       frame: icrs
#       obstime: !astropy.time.Time {format: jyear_str, in_subfmt: '*', jd1: 367701545.0, jd2: 0.0, out_subfmt: '*', precision: 3, scale: tt}
#       pm_dec: !astropy.table.SerializedColumn
#         __class__: astropy.units.quantity.Quantity
#         unit: !astropy.units.Unit {unit: mas / yr}
#         value: !astropy.table.SerializedColumn {name: SkyCoord.pm_dec}
#       pm_ra_cosdec: !astropy.table.SerializedColumn
#         __class__: astropy.units.quantity.Quantity
#         unit: !astropy.units.Unit {unit: mas / yr}
#         value: !astropy.table.SerializedColumn {name: SkyCoord.pm_ra_cosdec}
#       ra: !astropy.table.SerializedColumn
#         __class__: astropy.coordinates.angles.Longitude
#         unit: *id001
#         value: !astropy.table.SerializedColumn {name: SkyCoord.ra}
#         wrap_angle: !astropy.coordinates.Angle
#           unit: *id001
#           value: 360.0
#       representation_type: spherical
# schema: astropy-2.0
RA_ICRS_1 DE_ICRS_1 e_RA_ICRS e_DE_ICRS _r_1 HIP TYC2 Source rgeo Plx e_Plx pmRA pmDE e_pmRA e_pmDE RUWE Teff logg Gmag BP-RP BPmag RPmag RV e_RV b_rgeo B_rgeo FG e_FG FBP e_FBP FRP e_FRP RAVE5 RAVE6 e_Gmag e_BPmag e_RPmag e_BP-RP SkyCoord.ra SkyCoord.dec SkyCoord.distance SkyCoord.pm_ra_cosdec SkyCoord.pm_dec
[from data line 650]
92.53975908023 13.82826295918 0.0426 0.0361 24.7738 "" "" 3344428807910441856 882.15332 1.0964 0.0494 -1.504 -1.281 0.056 0.042 1.068 5039.3 4.2611 16.043077 1.844751 16.936049 15.091297 "" "" 844.167908 917.859436 7206.35156 12.517 2296.1 23.92 7288.5 38.277 "" "" 0.0033388997775681733 0.011649894 0.006840764 0.018490657 92.53975908023 13.82826295918 882.15332 -1.5039999999999998 -1.281
92.01461237808 13.87500765104 0.0485 0.0396 7.6616 "" "" 3345096451985805696 903.683167 1.0684 0.0515 0.073 -3.798 0.071 0.043 1.128 4987.1 4.5969 16.043535 1.416991 16.683737 15.266746 "" "" 865.487061 948.333252 7203.32099 4.3146 2896.8 14.027 6201.0 17.281 "" "" 0.0028310272338905105 0.0059519117 0.004841366 0.010793278 92.01461237808 13.87500765104 903.683167 0.073 -3.7979999999999996
92.14872009862 13.8678127271 0.0414 0.0363 4.3107 "" "" 3344438806594924800 1088.50305 0.8995 0.0472 1.974 -6.266 0.057 0.04 0.985 4920.8 4.4507 16.044754 1.35641 16.649801 15.293391 "" "" 1037.16162 1155.64514 7195.2435 3.6849 2988.8 9.9615 6050.6 24.674 "" "" 0.002810866009977357 0.0045694658 0.0058212625 0.010390729 92.14872009862 13.8678127271 1088.50305 1.9739999999999998 -6.266
92.10311675237 14.1404794175 0.0464 0.0383 12.2935 "" "" 3345198019372023296 967.464417 1.0182 0.0489 9.456 -11.521 0.068 0.047 1.243 4708.0 4.4799 16.047379 1.381718 16.652952 15.271235 "" "" 918.044678 1016.1369 7177.86647 4.5207 2980.1 16.278 6175.4 23.332 "" "" 0.002838905377072482 0.006554113 0.0055777533 0.012131866 92.10311675237 14.1404794175 967.464417 9.456 -11.521
92.45074862735 14.09228399488 0.0425 0.0391 20.888 "" "" 3344449561193214720 843.197815 1.1609 0.0501 8.16 -6.367 0.055 0.046 0.984 4856.2 4.6533 16.048975 1.273742 16.618616 15.344874 "" "" 811.398987 883.415588 7167.31502 4.8456 3075.9 14.002 5770.4 21.092 "" "" 0.002851419523998538 0.005675636 0.005480276 0.011155913 92.45074862735 14.09228399488 843.197815 8.16 -6.366999999999999
91.81204937699 13.53384205898 0.0521 0.0498 30.4638 "" "" 3344332875521966848 809.623596 1.2109 0.0641 -2.718 -4.97 0.068 0.05 0.944 4435.7 4.3994 16.05509 1.448884 16.719091 15.270207 "" "" 757.535583 854.809387 7127.0657 4.1558 2804.0 17.448 6181.2 15.794 "" "" 0.0028271182050590795 0.0073095188 0.004688296 0.011997815 91.81204937699 13.53384205898 809.623596 -2.7180000000000004 -4.969999999999999
91.56388070818 13.77973369898 0.0492 0.048 34.2774 "" "" 3345102636740959744 1015.66302 0.9733 0.0585 -2.649 -11.595 0.06 0.044 1.008 4749.2 4.3753 16.055851 1.26835 16.616524 15.348174 "" "" 959.906067 1097.27002 7122.07051 4.052 3081.8 16.054 5752.9 16.458 "" "" 0.0028237138780869623 0.006306699 0.004891988 0.011198686 91.56388070818 13.77973369898 1015.66302 -2.649 -11.595000000000002
92.18395756126 13.87887483902 0.043 0.0365 4.7224 "" "" 3344439017049393664 1103.87 0.8793 0.0486 -3.178 -4.773 0.057 0.044 0.898 5489.5 4.6117 16.059935 1.203165 16.575544 15.372379 "" "" 1057.60828 1146.71753 7095.33001 3.9757 3200.4 18.145 5626.1 16.673 "" "" 0.0028216837573401946 0.0067585222 0.004963528 0.011722051 92.18395756126 13.87887483902 1103.87 -3.178 -4.773
92.31132200176 14.31860263762 0.0485 0.0432 25.2114 "" "" 3345230317526407680 1157.7998 0.8299 0.0529 1.127 3.001 0.065 0.048 1.074 5855.8 4.0784 16.060232 1.837873 16.915915 15.078041 "" "" 1084.64343 1233.61475 7093.38941 4.9804 2339.1 11.477 7378.1 16.786 "" "" 0.002858830933691218 0.006013713 0.004515027 0.01052874 92.31132200176 14.31860263762 1157.7998 1.127 3.0010000000000003
92.59253628126 13.63276386656 0.0417 0.0388 32.5829 "" "" 3344370641170340864 1098.33411 0.8911 0.0496 1.369 -1.493 0.053 0.042 1.027 6181.1 4.4612 16.069996 1.475504 16.735704 15.2602 "" "" 1035.02637 1156.94092 7029.89169 4.2942 2761.4 16.113 6238.5 17.831 "" "" 0.0028340167323368495 0.006922561 0.0048901965 0.011812758 92.59253628126 13.63276386656 1098.33411 1.3690000000000002 -1.493
92.32902690869 13.74917195 0.0445 0.0394 16.198 "" "" 3344433446475615232 1078.00964 0.8917 0.0517 14.371 -24.272 0.063 0.048 1.043 6059.2 4.4686 16.070068 1.462092 16.729328 15.267236 "" "" 1031.97778 1131.42383 7029.42371 4.0541 2777.7 13.683 6198.2 15.81 "" "" 0.002825577904911459 0.006032409 0.004685454 0.010717863 92.32902690869 13.74917195 1078.00964 14.371000000000002 -24.272
92.57862755559 14.05897209187 0.0419 0.0387 27.1487 "" "" 3344445717198285952 815.749268 1.2054 0.0505 8.239 1.629 0.052 0.038 1.036 4505.7 4.3935 16.072535 1.466516 16.747105 15.280589 "" "" 785.843506 849.313293 7013.47577 3.5266 2732.6 10.74 6122.4 11.3 "" "" 0.0028088864377757363 0.0050985133 0.004277784 0.009376297 92.57862755559 14.05897209187 815.749268 8.238999999999999 1.6289999999999998
92.42174069095 14.349491954 0.0462 0.0427 30.0174 "" "" 3345230012587063936 1004.64911 0.9668 0.055 1.218 0.799 0.055 0.043 1.032 5618.7 4.5561 16.0729 1.510397 16.766146 15.255749 "" "" 939.290161 1088.33203 7011.10924 3.5325 2685.1 10.848 6264.1 16.895 "" "" 0.0028091000440662603 0.005198655 0.004781108 0.009979763 92.42174069095 14.349491954 1004.64911 1.2179999999999997 0.7990000000000002
92.39620204894 13.91077265584 0.039 0.0351 15.6122 "" "" 3344436989824783872 947.098816 1.0216 0.046 -1.954 -1.551 0.057 0.043 0.906 4712.7 4.266 16.07402 1.690709 16.870253 15.179543 "" "" 905.549805 984.742371 7003.87547 16.443 2439.6 27.34 6719.6 52.289 "" "" 0.0037535455674325736 0.012483389 0.009255523 0.021738913 92.39620204894 13.91077265584 947.098816 -1.9539999999999997 -1.5510000000000002
92.13421458835 13.88852619774 0.0432 0.0375 2.9329 "" "" 3345189498159088384 930.094604 1.0385 0.049 -1.157 -1.604 0.058 0.042 1.064 4246.8 4.1424 16.081018 1.734041 16.927692 15.193651 "" "" 896.085022 969.413025 6958.88029 19.984 2313.9 37.098 6632.8 72.713 "" "" 0.004160927966807761 0.01762945 0.012488157 0.030117607 92.13421458835 13.88852619774 930.094604 -1.157 -1.604
91.77545802947 14.22332417699 0.0432 0.0376 26.8195 "" "" 3345259974278812928 1129.27515 0.8578 0.0499 0.273 -4.044 0.059 0.042 1.074 6069.3 4.4115 16.08321 1.552834 16.791288 15.238455 "" "" 1079.75146 1193.22729 6944.85416 3.9095 2623.6 18.604 6364.7 23.451 "" "" 0.0028222957213978246 0.008188973 0.005503385 0.0136923585 91.77545802947 14.22332417699 1129.27515 0.2730000000000001 -4.044
92.17206288983 13.49598202546 0.0429 0.0364 26.5887 "" "" 3344317349215544192 1065.41406 0.9122 0.0478 0.462 -3.117 0.054 0.041 1.02 5244.1 4.5876 16.085596 1.314703 16.67201 15.357307 "" "" 1004.57263 1119.29077 6929.60159 3.9087 2928.3 13.474 5704.7 19.706 "" "" 0.0028225601742052266 0.0057221577 0.0053244745 0.011046632 92.17206288983 13.49598202546 1065.41406 0.462 -3.117
91.54114259407 14.17216984759 0.0755 0.0643 37.0337 "" "" 3345168130697802240 910.31604 1.0829 0.0859 -3.491 -0.395 0.107 0.076 1.653 5041.5 4.6574 16.086948 1.31158 16.63799 15.326411 "" "" 839.189209 994.857971 6920.97409 7.5407 3021.5 20.349 5869.4 16.336 "" "" 0.0029985288726571534 0.007826398 0.004838951 0.012665349 91.54114259407 14.17216984759 910.31604 -3.491000000000001 -0.3950000000000001
91.98910565192 14.54859593321 0.0477 0.0439 37.5818 "" "" 3345275882834764672 822.72113 1.1851 0.055 13.497 -13.334 0.063 0.047 0.989 4864.3 4.6608 16.087141 1.30158 16.644499 15.342918 "" "" 788.864075 855.978638 6919.75036 3.679 3003.4 17.73 5780.8 17.418 "" "" 0.0028151388081525774 0.0069904164 0.0049985833 0.011988999 91.98910565192 14.54859593321 822.72113 13.497 -13.334
91.97182769917 14.02411225175 0.0546 0.0471 10.5583 "" "" 3345195270595224064 945.151306 1.0192 0.0628 0.717 -5.412 0.079 0.052 1.495 4921.5 4.4488 16.087557 1.324512 16.660694 15.336183 "" "" 899.380615 994.670471 6917.09936 6.4628 2959.0 16.806 5816.8 14.388 "" "" 0.002936128836675067 0.0067684297 0.0046363943 0.0114048235 91.97182769917 14.02411225175 945.151306 0.717 -5.412
92.54086832931 14.26375882293 0.0505 0.0483 30.9346 "" "" 3345226812832655744 967.813721 1.0182 0.0636 1.029 -10.328 0.063 0.044 1.066 4863.7 4.6854 16.094118 1.328406 16.644453 15.316047 "" "" 914.699341 1020.76233 6875.42195 3.5726 3003.6 20.35 5925.7 73.16 "" "" 0.0028124857693837607 0.007867465 0.013927339 0.021794803 92.54086832931 14.26375882293 967.813721 1.029 -10.328
92.02788032267 13.98499499591 0.0443 0.0368 6.5759 "" "" 3345194175380033664 1003.89197 0.9675 0.0495 7.17 -9.2 0.067 0.042 1.052 5242.9 4.6516 16.095676 1.265957 16.652128 15.386171 "" "" 951.938904 1050.22168 6865.56891 3.4084 2982.4 12.417 5555.1 19.506 "" "" 0.00280754754582169 0.005312146 0.005368265 0.010680411 92.02788032267 13.98499499591 1003.89197 7.170000000000001 -9.199999999999998
92.29401618945 13.374047225 0.0454 0.0401 35.1238 "" "" 3344265633511833088 1101.39795 0.8934 0.0556 -1.578 5.191 0.058 0.047 1.044 4990.9 4.3221 16.095705 1.498017 16.776358 15.27834 "" "" 1032.60364 1208.2677 6865.38268 3.8092 2660.0 15.526 6135.1 21.828 "" "" 0.00282040584337211 0.0069243084 0.0054042516 0.0123285595 92.29401618945 13.374047225 1101.39795 -1.578 5.191
92.34777346038 13.82760960649 0.0438 0.0412 14.3131 "" "" 3344435473700259072 1089.60803 0.9016 0.0555 4.962 -2.025 0.061 0.047 1.09 5071.5 4.3788 16.10571 1.396136 16.732239 15.336103 "" "" 1020.4101 1163.82385 6802.41478 3.4874 2770.3 14.718 5817.2 13.622 "" "" 0.0028109822384828724 0.0064076595 0.004554969 0.010962628 92.34777346038 13.82760960649 1089.60803 4.962000000000001 -2.0250000000000004
91.83380706033 13.52115288755 0.0561 0.0539 30.3343 "" "" 3344332050888251776 1077.97534 0.9143 0.0735 5.212 -6.453 0.072 0.052 1.047 5455.9 4.6007 16.105923 1.590406 16.843296 15.25289 "" "" 1001.95197 1152.26709 6801.07207 4.5545 2500.9 19.364 6280.6 15.573 "" "" 0.002849639971644327 0.008857587 0.00464018 0.013497768 91.83380706033 13.52115288755 1077.97534 5.212 -6.452999999999999
92.02942839735 14.35968013548 0.0446 0.0397 26.0093 "" "" 3345222006767847424 1132.11987 0.8491 0.0513 2.789 -6.217 0.061 0.044 1.023 5295.4 4.5792 16.109024 1.40501 16.741016 15.336006 "" "" 1069.93115 1195.71521 6781.6795 6.488 2748.0 16.372 5817.8 17.504 "" "" 0.002944609584333957 0.0070446897 0.004995472 0.0120401615 92.02942839735 14.35968013548 1132.11987 2.789 -6.216999999999999
92.68496041301 14.13920526416 0.0456 0.0462 34.5291 "" "" 3344471379626524672 884.590454 1.0943 0.0601 -1.776 -1.35 0.054 0.045 1.021 7088.8 4.2828 16.116213 2.214039 17.269514 15.055475 "" "" 844.453186 931.400269 6736.92317 11.111 1688.9 14.947 7533.0 39.19 "" "" 0.0032860756294447093 0.010005814 0.006796253 0.016802067 92.68496041301 14.13920526416 884.590454 -1.7759999999999998 -1.35
92.48671615815 13.46725997935 0.0604 0.0544 35.0513 "" "" 3344273196951909504 839.766357 1.1847 0.0714 -1.105 -2.099 0.077 0.062 1.622 "" "" 16.121243 1.618306 16.858599 15.240293 "" "" 793.551758 886.62085 6705.78993 25.346 2465.9 37.142 6353.9 59.257 "" "" 0.004942952455237535 0.016589945 0.010807999 0.027397946 92.48671615815 13.46725997935 839.766357 -1.1049999999999998 -2.099
92.62419360989 13.92378356525 0.045 0.0401 28.8195 "" "" 3344431183028970752 915.492554 1.0489 0.0499 -1.956 -1.27 0.053 0.039 1.075 5554.7 4.4018 16.12414 1.870782 17.042597 15.171815 "" "" 874.786133 962.793457 6687.91052 11.642 2081.5 21.28 6767.6 33.453 "" "" 0.003341239823042809 0.011445221 0.0065641063 0.018009327 92.62419360989 13.92378356525 915.492554 -1.956 -1.27
91.85253337407 14.01414461434 0.0409 0.035 16.7744 "" "" 3345113292555348096 886.090942 1.0973 0.0443 0.797 -0.974 0.053 0.04 0.963 5145.6 4.5926 16.124304 1.466784 16.791214 15.32443 "" "" 853.621521 938.506104 6686.90072 3.5248 2623.8 15.517 5880.1 15.068 "" "" 0.0028141307736726144 0.007001003 0.0046930383 0.011694041 91.85253337407 14.01414461434 886.090942 0.797 -0.974
91.88079090696 14.34480592881 0.0477 0.0406 28.4171 "" "" 3345262959277901440 979.2453 0.992 0.0536 -0.95 -1.595 0.066 0.045 1.084 5927.4 4.1542 16.127619 2.012217 17.134033 15.121817 "" "" 927.58844 1034.28931 6666.51617 17.94 1913.4 25.006 7086.5 66.368 "" "" 0.004016042816254723 0.014461083 0.010848015 0.025309097 91.88079090696 14.34480592881 979.2453 -0.95 -1.5949999999999998
92.03587208157 13.34034906539 0.0583 0.0509 36.2245 "" "" 3344314188119657088 1140.76111 0.8731 0.0634 -0.561 1.994 0.066 0.054 1.354 5944.2 4.6112 16.131021 1.321448 16.626993 15.305545 "" "" 1060.21973 1224.05518 6645.66528 5.507 3052.2 39.016 5983.3 58.142 "" "" 0.002898492945881992 0.014156554 0.011207007 0.02536356 92.03587208157 13.34034906539 1140.76111 -0.5610000000000002 1.994
92.25383794613 14.31716147203 0.0445 0.0404 23.9183 "" "" 3345218703934834688 891.411072 1.0909 0.0484 -0.388 6.347 0.061 0.047 1.076 4991.3 4.5543 16.136497 1.231401 16.675253 15.443851 "" "" 856.902771 945.466309 6612.23266 4.0842 2919.5 18.26 5267.7 18.987 "" "" 0.0028357599266796048 0.0073416 0.005440478 0.012782078 92.25383794613 14.31716147203 891.411072 -0.38800000000000007 6.3469999999999995
92.45669107708 14.35082217107 0.0493 0.0465 31.2775 "" "" 3345231249537640960 854.117554 1.1337 0.0603 25.731 -16.594 0.056 0.043 0.959 5144.0 4.6888 16.139332 1.182077 16.650984 15.468906 "" "" 804.834656 911.499023 6594.98276 3.4227 2985.5 21.39 5147.5 25.566 "" "" 0.002812347865610206 0.008264156 0.006585048 0.014849205 92.45669107708 14.35082217107 854.117554 25.730999999999998 -16.594
91.65003642661 14.33203114057 0.0423 0.0368 36.5989 "" "" 3345265471836952320 1060.52161 0.9188 0.0468 2.419 -4.447 0.059 0.043 0.994 5837.9 4.5297 16.139942 1.524495 16.840717 15.316222 "" "" 1014.0625 1112.11841 6591.27791 3.5599 2506.9 10.604 5924.7 14.114 "" "" 0.0028170289385147616 0.00537372 0.004579691 0.009953411 91.65003642661 14.33203114057 1060.52161 2.4190000000000005 -4.446999999999999
91.76453349312 13.44142938467 0.0461 0.0427 36.5718 "" "" 3344307762848604288 860.914368 1.1423 0.0544 0.686 -3.869 0.06 0.047 0.943 5134.0 4.3746 16.141302 1.558887 16.861128 15.30224 "" "" 827.025696 889.902283 6583.03139 4.7402 2460.2 12.152 6001.5 17.049 "" "" 0.0028640877891968086 0.006045329 0.0048782094 0.010923538 91.76453349312 13.44142938467 860.914368 0.6859999999999999 -3.869
91.84182280644 13.99518563739 0.0406 0.035 17.1083 "" "" 3345112880238493952 805.391541 1.2161 0.0441 1.536 -6.189 0.053 0.04 0.909 4782.0 4.5922 16.14167 1.491588 16.83383 15.342242 "" "" 776.167908 835.365051 6580.79937 4.4108 2522.8 14.553 5784.4 19.153 "" "" 0.002849800464280043 0.0068565523 0.0052161273 0.01207268 91.84182280644 13.99518563739 805.391541 1.5360000000000005 -6.189
92.15322476113 14.54958469976 0.0593 0.0496 36.7693 "" "" 3345295566670091904 1154.27808 0.8385 0.0636 4.814 -4.565 0.069 0.055 1.012 5312.2 4.6011 16.14326 1.31724 16.732767 15.415527 "" "" 1070.54443 1250.15991 6571.17355 4.0677 2768.9 16.141 5406.9 12.098 "" "" 0.0028361065411459147 0.0069169053 0.0044928226 0.011409728 92.15322476113 14.54958469976 1154.27808 4.814 -4.565
91.4745920507 13.85045704414 0.0515 0.0504 38.4986 "" "" 3345107034786394368 897.35498 1.096 0.0644 -0.168 -3.553 0.067 0.046 1.045 4460.5 4.5337 16.145021 1.316368 16.722965 15.406597 "" "" 852.718628 955.497559 6560.52211 5.6451 2794.0 23.715 5451.5 14.229 "" "" 0.0029093968671782683 0.009628672 0.0047238385 0.014352511 91.4745920507 13.85045704414 897.35498 -0.16799999999999998 -3.553
92.0939874992 13.73269782546 0.0457 0.0378 12.4431 "" "" 3344342809781645824 1065.81213 0.9138 0.0531 0.217 -5.187 0.06 0.041 0.926 5630.0 4.641 16.151958 1.402984 16.70528 15.302297 "" "" 1013.16791 1125.44312 6518.73951 5.0767 2839.9 30.867 6001.2 105.9 "" "" 0.002882143958825893 0.012126279 0.019528614 0.031654894 92.0939874992 13.73269782546 1065.81213 0.21699999999999994 -5.186999999999999
