Clusters/NGC_2169/NGC_2169_stars_in_region.tsv
# %ECSV 1.0
# ---
# datatype:
# - name: RA_ICRS_1
#   unit: deg
#   datatype: float64
#   format: '{:15.11f}'
#   description: Right ascension (ICRS) at Ep=2016.0 (ra)
#   meta: !!omap
#   - {ucd: POS_EQ_RA_MAIN}
#   - {width: 15}
#   - {precision: '11'}
# - name: DE_ICRS_1
#   unit: deg
#   datatype: float64
#   format: '{:15.11f}'
#   description: Declination (ICRS) at Ep=2016.0 (dec)
#   meta: !!omap
#   - {ucd: POS_EQ_DEC_MAIN}
#   - {width: 15}
#   - {precision: '11'}
# - name: e_RA_ICRS
#   unit: mas
#   datatype: float64
#   format: '{:7.4f}'
#   description: Standard error of right ascension (ra_error)
#   meta: !!omap
#   - {ucd: ERROR}
#   - {width: 7}
#   - {precision: '4'}
# - name: e_DE_ICRS
#   unit: mas
#   datatype: float64
#   format: '{:7.4f}'
#   description: Standard error of declination (dec_error)
#   meta: !!omap
#   - {ucd: ERROR}
#   - {width: 7}
#   - {precision: '4'}
# - name: _r_1
#   unit: ''
#   datatype: float64
#   format: '{:7.4f}'
#   description: Distance from center (092.12950694000+13.93719438000)[ICRS], at Epoch=J2016.0
#   meta: !!omap
#   - {ucd: POS_ANG_DIST_GENERAL}
#   - {width: 7}
#   - {precision: '4'}
# - name: HIP
#   datatype: int32
#   description: '? HIP cross-id number, van Leeuwen, Cat. I/311 (hip_original_ext_source_id)'
#   meta: !!omap
#   - {ucd: ID_NUMBER}
#   - {width: 6}
#   - values: {'null': -2147483648}
# - name: TYC2
#   datatype: string
#   description: Tycho-2 cross-id name, Hog et al., Cat. I/259 (tyc2_original_ext_source_id)
#   meta: !!omap
#   - {ucd: ID_CROSSID}
#   - {_votable_string_dtype: char}
# - name: Source
#   datatype: int64
#   description: Source identifier, identical to the Gaia-EDR3 source_id (id)
#   meta: !!omap
#   - {ucd: ID_MAIN}
#   - {width: 19}
# - name: rgeo
#   unit: pc
#   datatype: float64
#   format: '{:15.8f}'
#   description: '? Median of the geometric distance posterior (r_med_geo)'
#   meta: !!omap
#   - {ucd: PHYS_DISTANCE_TRUE}
#   - {width: 15}
#   - {precision: '8'}
#   - values: {'null': .nan}
# - name: Plx
#   unit: mas
#   datatype: float64
#   format: '{:9.4f}'
#   description: '? Parallax (parallax)'
#   meta: !!omap
#   - {ucd: POS_PARLX_TRIG}
#   - {width: 9}
#   - {precision: '4'}
#   - values: {'null': .nan}
# - name: e_Plx
#   unit: mas
#   datatype: float32
#   format: '{:7.4f}'
#   description: '? Standard error of parallax (parallax_error)'
#   meta: !!omap
#   - {ucd: ERROR}
#   - {width: 7}
#   - {precision: '4'}
#   - values: {'null': .nan}
# - name: pmRA
#   unit: mas / yr
#   datatype: float64
#   format: '{:9.3f}'
#   description: '? Proper motion in right ascension direction, pmRA*cosDE (pmra)'
#   meta: !!omap
#   - {ucd: POS_EQ_PMRA}
#   - {width: 9}
#   - {precision: '3'}
#   - values: {'null': .nan}
# - name: pmDE
#   unit: mas / yr
#   datatype: float64
#   format: '{:9.3f}'
#   description: '? Proper motion in declination direction (pmdec)'
#   meta: !!omap
#   - {ucd: POS_EQ_PMDEC}
#   - {width: 9}
#   - {precision: '3'}
#   - values: {'null': .nan}
# - name: e_pmRA
#   unit: mas / yr
#   datatype: float32
#   format: '{:6.3f}'
#   description: '? Standard error of proper motion in right ascension direction (pmra_error)'
#   meta: !!omap
#   - {ucd: ERROR}
#   - {width: 6}
#   - {precision: '3'}
#   - values: {'null': .nan}
# - name: e_pmDE
[...]
#         unit: &id001 !astropy.units.Unit {unit: deg}
#         value: !astropy.table.SerializedColumn {name: SkyCoord.dec}
#       distance: !astropy.table.SerializedColumn
#         __class__: astropy.coordinates.distances.Distance
#         unit: !astropy.units.Unit {unit: pc}
#         value: !astropy.table.SerializedColumn {name: SkyCoord.distance}
#       frame: icrs
#       obstime: !astropy.time.Time {format: jyear_str, in_subfmt: '*', jd1: 367701545.0, jd2: 0.0, out_subfmt: '*', precision: 3, scale: tt}
#       pm_dec: !astropy.table.SerializedColumn
#         __class__: astropy.units.quantity.Quantity
#         unit: !astropy.units.Unit {unit: mas / yr}
#         value: !astropy.table.SerializedColumn {name: SkyCoord.pm_dec}
#       pm_ra_cosdec: !astropy.table.SerializedColumn
#         __class__: astropy.units.quantity.Quantity
#         unit: !astropy.units.Unit {unit: mas / yr}
#         value: !astropy.table.SerializedColumn {name: SkyCoord.pm_ra_cosdec}
#       ra: !astropy.table.SerializedColumn
#         __class__: astropy.coordinates.angles.Longitude
#         unit: *id001
#         value: !astropy.table.SerializedColumn {name: SkyCoord.ra}
#         wrap_angle: !astropy.coordinates.Angle
#           unit: *id001
#           value: 360.0
#       representation_type: spherical
# schema: astropy-2.0
RA_ICRS_1 DE_ICRS_1 e_RA_ICRS e_DE_ICRS _r_1 HIP TYC2 Source rgeo Plx e_Plx pmRA pmDE e_pmRA e_pmDE RUWE Teff logg Gmag BP-RP BPmag RPmag RV e_RV b_rgeo B_rgeo FG e_FG FBP e_FBP FRP e_FRP RAVE5 RAVE6 e_Gmag e_BPmag e_RPmag e_BP-RP SkyCoord.ra SkyCoord.dec SkyCoord.distance SkyCoord.pm_ra_cosdec SkyCoord.pm_dec
[from data line 773]
92.177158379 14.38424974497 0.0524 0.0483 26.9662 "" "" 3345223037559973760 975.506165 0.997 0.0606 0.301 -2.48 0.062 0.049 0.994 4935.3 4.6512 16.403685 1.362503 17.014107 15.651604 "" "" 917.506042 1037.27393 5169.79024 3.5097 2136.9 13.659 4350.3 16.461 "" "" 0.0028522084776595896 0.0074798767 0.005582275 0.013062151 92.177158379 14.38424974497 975.506165 0.30100000000000005 -2.48
91.76295567703 14.17892792625 0.0585 0.0568 25.7977 "" "" 3345259733760651776 1150.66858 0.844 0.0741 1.286 -0.254 0.077 0.058 1.12 4920.1 4.3782 16.403708 1.554237 17.120602 15.566364 "" "" 1059.39746 1277.9314 5169.67828 4.0928 1937.2 21.787 4705.6 17.123 "" "" 0.0028862865920437028 0.012525608 0.0054674344 0.017993042 91.76295567703 14.17892792625 1150.66858 1.286 -0.254
92.75688433421 13.8872372162 0.0557 0.0501 36.6611 "" "" 3344427334738542976 1180.30469 0.8168 0.0663 18.876 -8.338 0.067 0.05 0.988 6153.4 4.4726 16.411058 1.611255 17.157747 15.546493 "" "" 1094.00525 1281.59045 5134.80004 3.9854 1872.1 9.3398 4792.5 18.85 "" "" 0.0028813072720931475 0.0060930634 0.0057026716 0.011795735 92.75688433421 13.8872372162 1180.30469 18.876000000000005 -8.338
92.71518036503 13.66688105142 0.0466 0.0421 37.7838 "" "" 3344376031352149760 1123.41614 0.8556 0.054 -1.138 -5.262 0.058 0.044 0.983 5448.4 4.6201 16.41147 1.462719 17.0776 15.614881 "" "" 1060.08472 1201.41699 5132.85243 3.0132 2015.5 11.034 4499.9 11.594 "" "" 0.0028280794545442393 0.006566238 0.00470204 0.011268279 92.71518036503 13.66688105142 1123.41614 -1.138 -5.261999999999999
92.69821287911 14.21443270099 0.0681 0.0616 37.0427 "" "" 3344472311635746048 1155.32104 0.8568 0.0824 -1.857 -1.669 0.083 0.068 1.39 "" "" 16.415134 2.516376 17.635006 15.118629 "" "" 1057.52124 1281.9176 5115.55401 143.76 1206.2 119.03 7107.3 492.08 "" "" 0.030636082913444124 0.10717873 0.07526682 0.18244556 92.69821287911 14.21443270099 1155.32104 -1.857 -1.6690000000000003
92.07157200162 13.93070941029 0.0539 0.0459 3.3962 "" "" 3345190563311794176 1024.79956 0.9523 0.0596 0.717 -8.368 0.079 0.054 1.114 4881.3 4.6176 16.420195 1.483504 17.094303 15.610799 "" "" 977.769226 1075.06824 5091.76741 2.9363 1984.7 11.707 4516.9 11.549 "" "" 0.0028255642163182684 0.0069857533 0.0046893726 0.011675126 92.07157200162 13.93070941029 1024.79956 0.7169999999999999 -8.368
92.22066716111 13.85182090634 0.0495 0.0439 7.3777 "" "" 3344438119400141184 1007.53735 0.973 0.0562 0.042 3.973 0.065 0.05 1.051 5201.0 4.6716 16.42174 1.318034 16.998598 15.680564 "" "" 951.975769 1071.08276 5084.53221 3.0703 2167.6 11.124 4235.8 13.642 "" "" 0.0028322483704679292 0.006231494 0.005148895 0.011380389 92.22066716111 13.85182090634 1007.53735 0.04200000000000001 3.973
92.5440851226 13.77529230477 0.051 0.0468 26.0313 "" "" 3344419672516969216 901.181885 1.1021 0.057 2.181 -16.006 0.064 0.051 0.964 4642.3 4.6494 16.422504 1.379552 17.045155 15.665603 "" "" 856.151794 951.92218 5080.94813 3.0187 2076.6 23.564 4294.5 18.484 "" "" 0.002829821653093172 0.012632269 0.0060101454 0.018642414 92.5440851226 13.77529230477 901.181885 2.181 -16.006
91.95741100557 14.04357509267 0.0435 0.0381 11.8798 "" "" 3345207090345245824 1014.28094 0.9653 0.049 -1.92 0.062 0.06 0.041 1.022 4881.0 4.4651 16.425312 1.393745 17.051935 15.65819 "" "" 959.840515 1068.98596 5067.82536 2.6678 2063.7 14.132 4324.0 14.592 "" "" 0.0028139760730768286 0.007941308 0.0052638864 0.013205195 91.95741100557 14.04357509267 1014.28094 -1.92 0.062
92.08294507028 13.83166236628 0.0534 0.0502 6.8883 "" "" 3344344763989647872 947.259766 1.0391 0.0676 -1.206 -1.64 0.071 0.048 1.014 "" "" 16.42586 1.682809 17.226757 15.543948 "" "" 891.625427 995.765686 5065.27453 12.04 1756.8 17.424 4803.7 30.396 "" "" 0.003775197678844716 0.011123972 0.00784107 0.018965043 92.08294507028 13.83166236628 947.259766 -1.206 -1.6399999999999997
92.78618620141 13.98388028257 0.0572 0.051 38.3394 "" "" 3344452520426734848 1144.94519 0.8307 0.0654 -2.5 -1.714 0.067 0.052 1.062 "" "" 16.433947 3.030272 18.195726 15.165455 "" "" 1065.38232 1227.33911 5027.68317 8.1679 719.66 12.608 6807.3 40.015 "" "" 0.003271548561867199 0.019224979 0.007417314 0.026642293 92.78618620141 13.98388028257 1144.94519 -2.5 -1.7139999999999997
91.86717247409 14.06228670739 0.0475 0.0427 17.0172 "" "" 3345114288987750016 1126.10901 0.8543 0.0537 5.367 -14.036 0.062 0.047 0.969 5341.9 4.575 16.4348 1.587174 17.177418 15.590243 "" "" 1070.1969 1180.16675 5023.73706 3.079 1838.4 14.096 4603.2 18.084 "" "" 0.002834536308820947 0.008780056 0.0056988853 0.0144789405 91.86717247409 14.06228670739 1126.10901 5.367 -14.036000000000001
92.74515061395 14.10252903215 0.0533 0.053 37.1859 "" "" 3344458563444083840 874.445068 1.1465 0.0713 -0.948 -18.024 0.063 0.053 0.961 4510.1 4.3939 16.436152 1.479366 17.11359 15.634224 "" "" 821.820862 946.033081 5017.48865 3.4352 1949.8 14.493 4420.5 12.006 "" "" 0.002853830746288114 0.008539066 0.0047936817 0.013332747 92.74515061395 14.10252903215 874.445068 -0.948 -18.024
92.12620978231 14.24716492965 0.0515 0.046 18.5992 "" "" 3345216646648666496 1081.26001 0.9016 0.0561 3.489 -10.957 0.069 0.052 0.894 4824.7 4.3862 16.438044 1.56784 17.163914 15.596074 "" "" 1022.95984 1151.77173 5008.74545 4.1156 1861.5 15.879 4578.6 17.353 "" "" 0.0028961503179505926 0.0096727265 0.0055871876 0.015259914 92.12620978231 14.24716492965 1081.26001 3.4890000000000003 -10.956999999999999
92.33345346109 13.53512810164 0.0491 0.0435 26.8935 "" "" 3344321880403655552 1202.10645 0.8101 0.0578 2.075 -4.998 0.065 0.05 0.969 6092.8 4.4825 16.439445 1.567294 17.159666 15.592372 "" "" 1125.11145 1286.97095 5002.28567 3.1927 1868.7 13.83 4594.2 18.912 "" "" 0.002841125774133249 0.008506029 0.005853162 0.014359191 92.33345346109 13.53512810164 1202.10645 2.075 -4.998
91.94228876642 13.59043120807 0.0628 0.0544 23.493 "" "" 3344334146832329088 930.9245 1.0501 0.0722 2.34 -5.215 0.074 0.062 1.029 4365.6 4.4677 16.452753 1.720609 17.26789 15.547282 "" "" 879.300415 1000.83588 4941.34883 5.7767 1691.5 10.293 4789.0 16.426 "" "" 0.003033623217186474 0.0071718534 0.0053058467 0.0124777 91.94228876642 13.59043120807 930.9245 2.3399999999999994 -5.214999999999999
91.55264369589 13.92845030807 0.0742 0.0637 33.5976 "" "" 3345109233810814976 890.654541 1.1183 0.0855 -3.222 -5.443 0.097 0.063 1.024 4949.9 4.742 16.45776 1.432181 17.10759 15.675408 "" "" 808.996155 976.753662 4918.61426 4.7735 1960.6 11.998 4255.9 16.228 "" "" 0.002949928936609668 0.007206299 0.0056056343 0.012811933 91.55264369589 13.92845030807 890.654541 -3.222 -5.443
92.04396013892 13.64463093211 0.0537 0.0476 18.2479 "" "" 3344337621461175808 1006.69934 0.9797 0.0663 2.387 -15.4 0.067 0.048 0.978 4277.5 4.5037 16.461273 1.417187 17.112522 15.695335 "" "" 942.597717 1076.59412 4902.72802 3.4459 1951.7 12.637 4178.5 15.052 "" "" 0.002859043846498294 0.00756346 0.005438784 0.013002245 92.04396013892 13.64463093211 1006.69934 2.3869999999999996 -15.400000000000002
91.87301234517 14.15402397547 0.0553 0.0511 19.8027 "" "" 3345211969425819136 1035.19104 0.9412 0.065 2.064 -4.03 0.075 0.056 1.064 4669.8 4.4022 16.464596 1.330066 17.056068 15.726003 "" "" 968.125488 1107.14807 4887.74551 3.1988 2055.8 20.111 4062.2 14.965 "" "" 0.0028454682785005545 0.010981656 0.00550293 0.016484585 91.87301234517 14.15402397547 1035.19104 2.064 -4.03
91.6614829974 14.04730890898 0.058 0.0502 28.0378 "" "" 3345116552432897024 1015.54346 0.9459 0.074 1.958 -9.807 0.09 0.056 0.921 4569.4 4.3777 16.465195 1.643642 17.253447 15.609804 "" "" 952.497681 1086.3866 4885.04674 5.2549 1714.1 12.725 4521.0 16.625 "" "" 0.0029926359700142 0.008529474 0.0054976596 0.014027134 91.6614829974 14.04730890898 1015.54346 1.9579999999999997 -9.807
92.05084240469 13.32725466244 0.0594 0.0528 36.8827 "" "" 3344311160167040768 833.069275 1.2043 0.0704 0.266 -3.998 0.067 0.053 1.009 4501.8 4.5123 16.470837 1.483855 17.158432 15.674577 "" "" 786.7995 883.133179 4859.72517 3.2385 1870.9 12.496 4259.2 11.972 "" "" 0.0028487339262215005 0.0077700317 0.0048577264 0.012627758 92.05084240469 13.32725466244 833.069275 0.266 -3.9979999999999998
92.55403099645 13.72881538307 0.0481 0.0442 27.7132 "" "" 3344419191480641024 824.562683 1.187 0.0556 -6.532 -3.373 0.065 0.051 1.037 4495.7 4.4577 16.471403 1.412434 17.099588 15.687155 "" "" 791.81842 858.636047 4857.19808 3.3633 1975.1 13.597 4210.1 19.97 "" "" 0.0028560457364240044 0.0079782335 0.0063880007 0.014366234 92.55403099645 13.72881538307 824.562683 -6.531999999999999 -3.373
92.19362442172 13.49185289238 0.0552 0.0479 26.9806 "" "" 3344322945555510144 1110.28979 0.8852 0.0615 0.322 -0.99 0.069 0.051 0.947 4698.4 4.391 16.473646 1.367845 17.093803 15.725959 "" "" 1041.54712 1182.40344 4847.1715 3.8223 1985.6 9.5507 4062.3 13.675 "" "" 0.002885276193079397 0.0059209974 0.005257592 0.011178589 92.19362442172 13.49185289238 1110.28979 0.322 -0.9900000000000002
92.17527424191 14.44785319866 0.0539 0.0505 30.755 "" "" 3345246917578127744 1028.31323 0.9495 0.0631 0.951 -8.617 0.071 0.057 0.973 4660.1 4.6186 16.475136 1.374909 17.096937 15.722028 "" "" 968.949158 1093.78284 4840.52494 2.8896 1979.9 14.429 4077.1 10.968 "" "" 0.00283052579788033 0.008390097 0.0047764783 0.013166575 92.17527424191 14.44785319866 1028.31323 0.9510000000000001 -8.617
92.46650971786 14.43446887418 0.0583 0.0497 35.7003 "" "" 3345233001884286208 1200.78125 0.7986 0.0661 0.121 -3.2 0.074 0.051 0.956 4693.7 4.3387 16.475552 1.570884 17.186935 15.616052 "" "" 1108.68445 1302.63306 4838.67096 7.4961 1822.4 15.881 4495.1 19.485 "" "" 0.003228159221962282 0.009864298 0.0060360227 0.015900321 92.46650971786 14.43446887418 1200.78125 0.12100000000000002 -3.1999999999999997
92.04714288436 14.17802503453 0.047 0.0404 15.2243 "" "" 3345210083938668416 1077.00867 0.8946 0.051 8.172 -38.202 0.065 0.047 0.986 5954.2 4.603 16.480644 1.330951 17.058609 15.727658 "" "" 1034.6842 1145.01758 4816.02732 2.954 2051.0 18.163 4056.0 13.088 "" "" 0.0028346582606065124 0.010011592 0.0051534553 0.015165048 92.04714288436 14.17802503453 1077.00867 8.172 -38.202
92.09721395494 13.49712807124 0.0589 0.0513 26.471 "" "" 3344318066474694656 839.835083 1.1574 0.0745 1.623 -3.782 0.072 0.053 1.095 4508.0 4.6491 16.483826 1.476495 17.17066 15.694165 "" "" 792.717041 883.606934 4801.93615 3.0755 1849.9 13.772 4183.0 21.542 "" "" 0.0028417153309512107 0.008551029 0.0067489077 0.015299937 92.09721395494 13.49712807124 839.835083 1.623 -3.7820000000000005
92.53553946937 13.99863424072 0.0511 0.0486 23.9273 "" "" 3344444377168505472 1083.71777 0.9115 0.0617 1.604 -5.299 0.064 0.049 0.992 5196.6 4.6457 16.488464 1.567118 17.213253 15.646135 "" "" 1018.62488 1152.25659 4781.46403 4.1824 1778.8 13.655 4372.2 12.279 "" "" 0.002914400477789142 0.008789307 0.004856069 0.013645377 92.53553946937 13.99863424072 1083.71777 1.604 -5.299000000000001
92.56348760859 14.26610311654 0.0694 0.0664 32.0503 "" "" 3345226778472917760 942.459229 1.0651 0.0903 -0.217 -2.806 0.091 0.06 1.169 4977.7 4.6443 16.48849 1.48385 17.164457 15.680607 "" "" 861.512085 1015.15399 4781.35392 4.0684 1860.5 25.631 4235.6 20.579 "" "" 0.0029060748064025964 0.015215553 0.006489282 0.021704836 92.56348760859 14.26610311654 942.459229 -0.217 -2.805999999999999
91.49510689639 14.07961593051 0.0585 0.0496 37.9077 "" "" 3345158544330814080 949.987427 1.0204 0.0695 3.321 -11.425 0.074 0.05 1.003 4554.9 4.379 16.493525 1.702239 17.300165 15.597926 "" "" 895.97644 1017.33929 4759.23108 3.2133 1641.9 15.078 4570.8 22.469 "" "" 0.0028511689775122073 0.010353643 0.0065398575 0.0168935 91.49510689639 14.07961593051 949.987427 3.3209999999999997 -11.425
92.49328369102 14.24001872992 0.0677 0.0635 27.898 "" "" 3345225404083686272 917.871216 1.0721 0.0771 0.667 -17.537 0.082 0.06 1.065 4632.9 4.5573 16.497883 1.42713 17.14995 15.72282 "" "" 861.023987 980.360291 4740.16372 3.5949 1885.5 14.791 4074.1 30.656 "" "" 0.0028757257401598978 0.0089625465 0.0090015745 0.017964121 92.49328369102 14.24001872992 917.871216 0.6670000000000003 -17.537000000000003
92.22484477856 13.39801973677 0.074 0.0618 32.8245 "" "" 3344312809434599296 1106.07629 0.8918 0.0809 2.355 -3.887 0.09 0.063 1.129 4454.1 4.3457 16.4989 1.550364 17.191784 15.641419 "" "" 1015.96906 1214.13672 4735.73222 4.2745 1814.3 13.45 4391.3 17.791 "" "" 0.002924409950597507 0.008518809 0.005799391 0.0143182 92.22484477856 13.39801973677 1106.07629 2.3550000000000004 -3.887
92.63768218775 13.80345016492 0.0502 0.0445 30.6698 "" "" 3344425784253437184 1181.58081 0.824 0.0568 0.677 -5.605 0.062 0.046 1.029 5597.9 4.5901 16.49939 1.584213 17.236734 15.652521 "" "" 1094.23315 1267.00732 4733.59379 3.3423 1740.7 12.558 4346.6 17.097 "" "" 0.002859981089148934 0.008314979 0.005702826 0.014017805 92.63768218775 13.80345016492 1181.58081 0.677 -5.605
92.04098056459 14.44833859623 0.0566 0.0498 31.098 "" "" 3345270969392209280 1148.84619 0.8497 0.0642 0.474 -4.007 0.071 0.054 0.967 5329.7 4.707 16.500053 1.312163 17.04366 15.731496 "" "" 1071.64636 1222.68616 4730.69793 3.7769 2079.5 30.524 4041.7 19.342 "" "" 0.002888457359665023 0.01617941 0.006425045 0.022604456 92.04098056459 14.44833859623 1148.84619 0.474 -4.007
91.46936381621 13.86516119906 0.0625 0.0605 38.6907 "" "" 3345107137865640832 962.523254 1.0181 0.0766 0.221 -0.941 0.079 0.055 0.982 5084.6 4.6981 16.505442 1.498581 17.202185 15.703604 "" "" 894.202576 1037.2063 4707.27716 2.9777 1797.0 10.055 4146.8 13.832 "" "" 0.0028396293564534243 0.006685261 0.0052344487 0.01191971 91.46936381621 13.86516119906 962.523254 0.221 -0.941
91.9227287339 14.18426857019 0.0531 0.0465 19.0946 "" "" 3345213622991738624 1177.42847 0.838 0.062 5.133 -10.505 0.07 0.046 1.052 4895.5 4.4062 16.507668 1.458456 17.166409 15.707952 "" "" 1093.85645 1282.54187 4697.63739 2.9467 1857.2 12.409 4130.3 15.3 "" "" 0.0028382428133105213 0.0077724895 0.0055190236 0.013291514 91.9227287339 14.18426857019 1177.42847 5.133000000000001 -10.505
91.95730954933 14.00656402549 0.0612 0.0543 10.8558 "" "" 3345195137452713600 1006.0752 0.9566 0.069 -1.18 -7.661 0.087 0.058 1.238 4881.8 4.4716 16.509584 1.428108 17.143848 15.71574 "" "" 943.555603 1063.86877 4689.35452 3.6087 1896.2 10.068 4100.7 12.145 "" "" 0.002879218587154542 0.0064045168 0.004962247 0.011366764 91.95730954933 14.00656402549 1006.0752 -1.18 -7.660999999999999
92.71351745898 13.6969078982 0.0495 0.0443 36.9549 "" "" 3344376207447915264 1124.16833 0.8577 0.0563 3.983 -7.656 0.062 0.047 1.009 4669.1 4.3338 16.513424 1.609605 17.267342 15.657737 "" "" 1052.00269 1198.60095 4672.80154 2.9653 1692.3 9.9573 4325.8 11.059 "" "" 0.002840158885714092 0.0069710854 0.0046891663 0.011660252 92.71351745898 13.6969078982 1124.16833 3.9830000000000005 -7.655999999999999
92.58625805426 14.21314671981 0.0556 0.0548 31.317 "" "" 3344474304500584448 1024.9165 0.9592 0.0717 -0.885 -4.22 0.063 0.049 0.915 4617.5 4.5096 16.514193 1.410231 17.154144 15.743914 "" "" 950.054993 1106.63257 4669.49106 3.4425 1878.3 12.902 3995.7 16.546 "" "" 0.0028692321952746404 0.007962743 0.005873463 0.013836206 92.58625805426 14.21314671981 1024.9165 -0.8849999999999999 -4.22
92.07427201457 14.44244855799 0.0617 0.0579 30.485 "" "" 3345224343230037632 1019.59631 0.9546 0.0699 2.124 -8.703 0.081 0.063 0.916 5323.7 4.6737 16.517038 1.495538 17.199778 15.70424 "" "" 965.019653 1088.85852 4657.26991 3.425 1801.0 20.979 4144.4 19.378 "" "" 0.0028686806466396366 0.012951348 0.006328936 0.019280285 92.07427201457 14.44244855799 1019.59631 2.1239999999999997 -8.703000000000001
