Clusters/NGC_2169/NGC_2169_members.tsv
# %ECSV 1.0
# ---
# datatype:
# - name: RA_ICRS_1
#   unit: deg
#   datatype: float64
#   format: '{:15.11f}'
#   description: Right ascension (ICRS) at Ep=2016.0 (ra)
#   meta: !!omap
#   - {ucd: POS_EQ_RA_MAIN}
#   - {width: 15}
#   - {precision: '11'}
# - name: DE_ICRS_1
#   unit: deg
#   datatype: float64
#   format: '{:15.11f}'
#   description: Declination (ICRS) at Ep=2016.0 (dec)
#   meta: !!omap
#   - {ucd: POS_EQ_DEC_MAIN}
#   - {width: 15}
#   - {precision: '11'}
# - name: e_RA_ICRS
#   unit: mas
#   datatype: float64
#   format: '{:7.4f}'
#   description: Standard error of right ascension (ra_error)
#   meta: !!omap
#   - {ucd: ERROR}
#   - {width: 7}
#   - {precision: '4'}
# - name: e_DE_ICRS
#   unit: mas
#   datatype: float64
#   format: '{:7.4f}'
#   description: Standard error of declination (dec_error)
#   meta: !!omap
#   - {ucd: ERROR}
#   - {width: 7}
#   - {precision: '4'}
# - name: _r_1
#   unit: ''
#   datatype: float64
#   format: '{:7.4f}'
#   description: Distance from center (092.12950694000+13.93719438000)[ICRS], at Epoch=J2016.0
#   meta: !!omap
#   - {ucd: POS_ANG_DIST_GENERAL}
#   - {width: 7}
#   - {precision: '4'}
# - name: HIP
#   datatype: int32
#   description: '? HIP cross-id number, van Leeuwen, Cat. I/311 (hip_original_ext_source_id)'
#   meta: !!omap
#   - {ucd: ID_NUMBER}
#   - {width: 6}
#   - values: {'null': -2147483648}
# - name: TYC2
#   datatype: string
#   description: Tycho-2 cross-id name, Hog et al., Cat. I/259 (tyc2_original_ext_source_id)
#   meta: !!omap
#   - {ucd: ID_CROSSID}
#   - {_votable_string_dtype: char}
# - name: Source
#   datatype: int64
#   description: Source identifier, identical to the Gaia-EDR3 source_id (id)
#   meta: !!omap
#   - {ucd: ID_MAIN}
#   - {width: 19}
# - name: rgeo
#   unit: pc
#   datatype: float64
#   format: '{:15.8f}'
#   description: '? Median of the geometric distance posterior (r_med_geo)'
#   meta: !!omap
#   - {ucd: PHYS_DISTANCE_TRUE}
#   - {width: 15}
#   - {precision: '8'}
#   - values: {'null': .nan}
# - name: Plx
#   unit: mas
#   datatype: float64
#   format: '{:9.4f}'
#   description: '? Parallax (parallax)'
#   meta: !!omap
#   - {ucd: POS_PARLX_TRIG}
#   - {width: 9}
#   - {precision: '4'}
#   - values: {'null': .nan}
# - name: e_Plx
#   unit: mas
#   datatype: float32
#   format: '{:7.4f}'
#   description: '? Standard error of parallax (parallax_error)'
#   meta: !!omap
#   - {ucd: ERROR}
#   - {width: 7}
#   - {precision: '4'}
#   - values: {'null': .nan}
# - name: pmRA
#   unit: mas / yr
#   datatype: float64
#   format: '{:9.3f}'
#   description: '? Proper motion in right ascension direction, pmRA*cosDE (pmra)'
#   meta: !!omap
#   - {ucd: POS_EQ_PMRA}
#   - {width: 9}
#   - {precision: '3'}
#   - values: {'null': .nan}
# - name: pmDE
#   unit: mas / yr
#   datatype: float64
#   format: '{:9.3f}'
#   description: '? Proper motion in declination direction (pmdec)'
#   meta: !!omap
#   - {ucd: POS_EQ_PMDEC}
#   - {width: 9}
#   - {precision: '3'}
#   - values: {'null': .nan}
# - name: e_pmRA
#   unit: mas / yr
#   datatype: float32
#   format: '{:6.3f}'
#   description: '? Standard error of proper motion in right ascension direction (pmra_error)'
#   meta: !!omap
#   - {ucd: ERROR}
#   - {width: 6}
#   - {precision: '3'}
#   - values: {'null': .nan}
# - name: e_pmDE
[...]
#       distance: !astropy.table.SerializedColumn
#         __class__: astropy.coordinates.distances.Distance
#         unit: !astropy.units.Unit {unit: pc}
#         value: !astropy.table.SerializedColumn {name: SkyCoord.distance}
#       frame: icrs
#       obstime: !astropy.time.Time {format: jyear_str, in_subfmt: '*', jd1: 367701545.0, jd2: 0.0, out_subfmt: '*', precision: 3, scale: tt}
#       pm_dec: !astropy.table.SerializedColumn
#         __class__: astropy.units.quantity.Quantity
#         unit: !astropy.units.Unit {unit: mas / yr}
#         value: !astropy.table.SerializedColumn {name: SkyCoord.pm_dec}
#       pm_ra_cosdec: !astropy.table.SerializedColumn
#         __class__: astropy.units.quantity.Quantity
#         unit: !astropy.units.Unit {unit: mas / yr}
#         value: !astropy.table.SerializedColumn {name: SkyCoord.pm_ra_cosdec}
#       ra: !astropy.table.SerializedColumn
#         __class__: astropy.coordinates.angles.Longitude
#         unit: *id001
#         value: !astropy.table.SerializedColumn {name: SkyCoord.ra}
#         wrap_angle: !astropy.coordinates.Angle
#           unit: *id001
#           value: 360.0
#       representation_type: spherical
# schema: astropy-2.0
RA_ICRS_1 DE_ICRS_1 e_RA_ICRS e_DE_ICRS _r_1 HIP TYC2 Source rgeo Plx e_Plx pmRA pmDE e_pmRA e_pmDE RUWE Teff logg Gmag BP-RP BPmag RPmag RV e_RV b_rgeo B_rgeo FG e_FG FBP e_FBP FRP e_FRP RAVE5 RAVE6 e_Gmag e_BPmag e_RPmag e_BP-RP SkyCoord.ra SkyCoord.dec SkyCoord.distance SkyCoord.pm_ra_cosdec SkyCoord.pm_dec rmRA rmDE e_rmRA e_rmDE rRV e_rRV v_pec v_pec3d e_vpec e_vpec3d Pmemb
92.12651629986 13.97105631055 0.0478 0.04 2.0392 29126 742-2473-1 3345191147426894336 995.163391 0.9842 0.0553 -1.187 -1.431 0.06 0.042 1.048 23993.8 3.784 7.287443 -0.119391 7.211484 7.330875 "" "" 946.626038 1051.97559 22907062.13326 12350.0 17817000.0 37416.0 9264200.0 39911.0 "" "" 0.0028168127182133964 0.003603296 0.0060135056 0.0096168015 92.12651629986 13.97105631055 995.163391 -1.187 -1.431 -0.049542867660522516 0.19011425399780268 0.2036554 0.1856554 "" "" 0.9267331826077543 "" 0.17316165241177628 "" 0.8
92.12720663161 13.97080937377 0.0438 0.0368 2.0213 "" 742-2473-2 3345191147426524800 1001.48773 0.9743 0.0457 -1.378 -1.827 0.056 0.04 0.958 "" "" 8.15972 -0.100745 8.058523 8.159268 -26.6 29.21 949.23645 1053.44226 10257907.17689 6577.6 8166000.0 71559.0 4319700.0 14973.0 "" "" 0.002841915120444768 0.009915035 0.005333559 0.015248595 92.12720663161 13.97080937377 1001.48773 -1.378 -1.8269999999999986 -0.24054286766052235 -0.20588574600219722 0.19965541 0.18365541 -44.74058823529412 33.243477 1.5030234518813284 44.76582753772171 0.2901616245885639 33.22473537952617 0.8
92.13342489742 13.96692848054 0.0402 0.0354 1.7986 29127 742-1848-1 3345191151723045120 1008.33679 0.9603 0.0454 -1.072 -1.669 0.051 0.037 1.311 21336.7 3.7744 8.567819 -0.076144 8.523381 8.599525 "" "" 970.456177 1060.04407 7044000.71451 4068.5 5321900.0 5262.9 2879700.0 2313.8 "" "" 0.0028257827558051596 0.0029896284 0.003878758 0.0068683866 92.13342489742 13.96692848054 1008.33679 -1.0719999999999987 -1.669000000000001 0.06545713233947748 -0.047885746002197305 0.1946554 0.1806554 "" "" 0.3876326528215656 "" 0.07360837618651522 "" 1.0
92.11397988813 13.93086363312 0.0312 0.028 0.9808 29121 742-500-1 3345189880412734208 963.917236 1.0128 0.0368 -1.207 -1.574 0.041 0.03 1.02 17661.3 3.836 8.737351 -0.040448 8.703003 8.743451 "" "" 933.521912 1000.5976 6025680.43915 7218.4 4510400.0 16304.0 2522200.0 8728.1 "" "" 0.0030468786834665024 0.0048154024 0.005329192 0.010144595 92.11397988813 13.93086363312 963.917236 -1.2070000000000014 -1.5740000000000003 -0.06954286766052253 0.04711425399780267 0.1846554 0.1736554 "" "" 0.3837922905466641 "" 0.06956882518991207 "" 0.9
92.11091278843 13.71054529842 0.0277 0.0217 13.642 "" 742-476-1 3344342741062169984 958.515808 1.0098 0.032 -1.167 -1.606 0.036 0.026 0.952 16286.5 3.7593 8.841326 -0.006392 8.822186 8.828578 "" "" 930.060547 987.980713 5475406.19176 2207.0 4041500.0 3475.2 2332000.0 1408.2 "" "" 0.0027898588231686726 0.0029422203 0.0038358285 0.006778049 92.11091278843 13.71054529842 958.515808 -1.1670000000000018 -1.6059999999999997 -0.029542867660522498 0.01511425399780264 0.1796554 0.16965541 "" "" 0.1507700234811776 "" 0.026780866306294945 "" 0.9
92.04554594662 14.19483064672 0.0242 0.0214 16.2122 "" 742-1855-1 3345210942932124544 902.657227 1.0791 0.0269 -1.101 -1.556 0.031 0.024 1.062 "" "" 9.453754 -0.012264 9.433401 9.445665 "" "" 880.338379 919.53009 3114906.29526 1117.4 2301700.0 1386.5 1321000.0 546.89 "" "" 0.0027827119981414516 0.002865798 0.0038060176 0.0066718156 92.04554594662 14.19483064672 902.657227 -1.101 -1.5559999999999987 0.03645713233947756 0.06511425399780268 0.17465541 0.16765541 "" "" 0.3192929788447857 "" 0.05407301692693574 "" 1.0
92.27062281789 13.83839782583 0.0215 0.0186 10.134 "" 742-472-1 3344435027022560768 930.224487 1.0482 0.0248 -1.289 -1.881 0.028 0.022 0.971 "" "" 9.711796 0.088555 9.728871 9.640316 26.9 12.15 908.295715 949.308411 2456000.88084 788.28 1753300.0 2060.4 1104200.0 499.85 "" "" 0.0027772696752496433 0.00306806 0.003811206 0.006879266 92.27062281789 13.83839782583 930.224487 -1.2889999999999984 -1.8810000000000013 -0.15154286766052238 -0.25988574600219727 0.1716554 0.1656554 8.759411764705881 16.183477 1.326491328036874 8.859281782798469 0.221787028131146 16.00107673578132 0.9
92.07859157122 13.88672418388 0.0233 0.0193 4.2383 "" 742-486-1 3345095799150683136 918.825745 1.0559 0.0249 -0.94 -1.656 0.038 0.025 0.961 16078.6 3.9965 9.972036 0.055541 9.977216 9.921675 "" "" 897.750793 939.620972 1932555.99164 683.6 1394900.0 732.23 852100.0 493.18 "" "" 0.0027819576234657164 0.002847785 0.0038312685 0.0066790534 92.07859157122 13.88672418388 918.825745 -0.9400000000000006 -1.656 0.1974571323394776 -0.03488574600219718 0.1816554 0.16865541 "" "" 0.8732905028810517 "" 0.15830625120634914 "" 0.9
92.10051544008 13.94662448157 0.0389 0.0283 1.7805 "" 742-2169-1 3345191014284099200 908.603943 1.092 0.0445 -0.946 -1.548 0.054 0.034 1.464 "" "" 10.722798 0.153633 10.763909 10.610276 17.92 11.07 872.518982 948.974426 967892.9916 1698.1 675850.0 4379.9 451910.0 2392.4 "" "" 0.0033496617161498485 0.007569224 0.006879071 0.014448294 92.10051544008 13.94662448157 908.603943 -0.9460000000000006 -1.548 0.1914571323394776 0.07311425399780269 0.19765541 0.1776554 -0.22058823529411598 15.1034775 0.8826438553607774 0.9097908248362967 0.17231305055375576 3.6658087254300833 0.8
92.12665500826 13.95318095222 0.0221 0.019 0.9735 "" "" 3345190292729590400 905.636108 1.0783 0.0256 -1.653 -2.162 0.032 0.022 1.101 10560.6 3.8581 10.861099 0.222647 10.931246 10.708599 12.02 13.05 884.267395 923.950623 852132.25039 263.14 579320.0 317.19 412780.0 247.39 "" "" 0.002775644121650696 0.0028527942 0.0038349903 0.0066877846 92.12665500826 13.95318095222 905.636108 -1.6529999999999998 -2.1619999999999973 -0.5155428676605225 -0.5408857460021972 0.17565541 0.1656554 -6.120588235294118 17.083479 3.2076144222390117 6.910165745318738 0.5468623934888951 15.133595434547626 0.9
92.06564274667 13.96088018443 0.0232 0.0188 3.9811 "" "" 3345190979924363520 923.54718 1.0432 0.0248 -1.208 -1.26 0.034 0.022 1.062 9965.2 3.8989 11.031752 0.233284 11.105522 10.872238 55.6 9.12 905.226379 943.154175 728192.42918 255.67 493410.0 243.26 355030.0 185.13 "" "" 0.002781565420685687 0.0028410528 0.003821552 0.006662605 92.06564274667 13.96088018443 923.54718 -1.208 -1.2600000000000005 -0.07054286766052242 0.3611142539978027 0.1776554 0.1656554 37.459411764705884 13.153479 1.610698904508591 37.494024600178236 0.26755617187449326 13.141340935621042 0.8
92.12249760173 13.97293939444 0.0234 0.0197 2.1832 "" "" 3345191220442522752 893.189331 1.0671 0.0247 -1.244 -1.591 0.033 0.025 1.182 "" "" 11.377281 0.196913 11.440242 11.243329 -5.34 27.26 873.872437 917.194702 529705.04374 290.72 362510.0 484.84 252250.0 285.34 "" "" 0.002819019801452954 0.0031454258 0.0039739287 0.007119355 92.12249760173 13.97293939444 893.189331 -1.2440000000000002 -1.591 -0.10654286766052246 0.030114253997802765 0.17665541 0.16865541 -23.480588235294118 31.293478 0.46874443243314057 23.485266556255425 0.08253465436544292 31.28724432019535 1.0
92.21299419992 13.98908111901 0.0203 0.0198 5.7726 "" 742-1056-1 3345191800261553280 972.950439 0.9705 0.026 -1.001 -1.659 0.026 0.02 1.033 9159.4 3.8985 11.595176 0.342925 11.718605 11.37568 "" "" 952.714661 997.821106 433387.55133 228.36 280530.0 196.94 223300.0 146.73 "" "" 0.002814086300879943 0.0028924078 0.00384613 0.006738538 92.21299419992 13.98908111901 972.950439 -1.0010000000000001 -1.6589999999999996 0.13645713233947765 -0.037885746002197296 0.16965541 0.1636554 "" "" 0.6531153746205466 "" 0.11052872627310563 "" 1.0
92.13430157851 13.95575639949 0.0215 0.0186 1.1482 "" "" 3345190391512281600 933.791199 1.0151 0.0236 -1.089 -1.482 0.029 0.021 1.123 "" "" 11.748513 0.227143 11.824226 11.597083 -20.81 24.89 913.808472 954.830383 376306.14005 111.62 254520.0 148.4 182110.0 99.209 "" "" 0.0027740775816828926 0.0028610833 0.003825386 0.0066864695 92.13430157851 13.95575639949 933.791199 -1.0889999999999982 -1.482 0.04845713233947757 0.13911425399780275 0.1726554 0.1646554 -38.95058823529412 28.923477 0.6520286577231978 38.956045297821554 0.10793661445846672 28.91942555457282 0.9
92.24260820881 13.97532250559 0.017 0.0152 6.9718 "" "" 3344441108696244352 950.202148 1.0169 0.02 -1.158 -1.665 0.022 0.017 1.165 9064.3 4.2197 12.466388 0.363251 12.597388 12.234138 "" "" 931.424316 969.671814 194263.76864 62.114 124870.0 83.45 101280.0 54.792 "" "" 0.002777103742986298 0.0028829728 0.0038247537 0.0067077265 92.24260820881 13.97532250559 950.202148 -1.158 -1.6649999999999987 -0.02054286766052238 -0.0438857460021973 0.1656554 0.16065541 "" "" 0.218243062314209 "" 0.035260546066882996 "" 0.8
92.13093354867 13.92057628905 0.014 0.0119 1.0005 "" "" 3345190185353852928 932.174561 1.0339 0.0152 -1.166 -1.533 0.02 0.015 1.053 5608.3 3.6444 13.05619 1.100151 13.520145 12.419994 1.72 5.99 920.85144 945.703247 112841.92515 87.535 53378.0 146.67 85342.0 214.95 "" "" 0.0028811727883286827 0.004084775 0.0046649696 0.008749745 92.13093354867 13.92057628905 932.174561 -1.1659999999999988 -1.5330000000000006 -0.028542867660522386 0.08811425399780282 0.1636554 0.1586554 -16.42058823529412 10.023478 0.40925056883702754 16.425687322641114 0.06512690179804044 10.020366060201603 1.0
92.10404802373 13.94552501114 0.014 0.0118 1.5645 "" "" 3345191014284148864 941.085144 1.0202 0.0155 -1.248 -1.669 0.022 0.015 1.137 5494.7 3.6716 13.159577 1.099506 13.625836 12.52633 8.95 6.82 929.174316 953.143188 102592.50315 123.05 48426.0 230.96 77380.0 304.69 "" "" 0.003047558491606316 0.0058821137 0.0057062106 0.011588324 92.10404802373 13.94552501114 941.085144 -1.2480000000000013 -1.669 -0.11054286766052246 -0.047885746002197305 0.1656554 0.1586554 -9.190588235294118 10.853478 0.5373811390571619 9.20628538550381 0.08843638326431053 10.834973969465931 1.0
92.05970368457 13.95029852194 0.0203 0.0163 4.1401 "" "" 3345190876845151360 887.555847 1.083 0.0221 -1.207 -2.092 0.029 0.018 1.515 5766.1 3.6969 13.177208 1.333252 13.76506 12.431808 29.59 7.06 872.76709 913.064331 100940.06898 221.12 42598.0 318.06 84418.0 445.25 "" "" 0.0036398730073242467 0.008573427 0.0068612765 0.015434703 92.05970368457 13.95029852194 887.555847 -1.207 -2.092 -0.06954286766052253 -0.47088574600219735 0.1726554 0.1616554 11.449411764705882 11.093478 2.002510704925512 11.623212932796454 0.3242024819319156 10.927740873440912 0.8
92.06929836201 13.87176216523 0.0197 0.0166 5.264 "" "" 3345095769089016704 956.204651 1.0055 0.0215 -1.191 -1.665 0.027 0.018 1.127 5620.2 3.9511 14.089312 1.172836 14.591974 13.419138 74.72 6.32 935.43335 972.533325 43573.45756 82.696 19890.0 129.86 34002.0 162.73 "" "" 0.003440599690468693 0.007618027 0.006425295 0.014043322 92.06929836201 13.87176216523 956.204651 -1.191 -1.665 -0.05354286766052252 -0.0438857460021973 0.1706554 0.1616554 56.57941176470588 10.353478 0.31377889409985105 56.580281837708455 0.05243153299909991 10.353319223391818 1.0
92.23886018447 13.88421119834 0.02 0.0185 7.1181 "" "" 3344438364214353792 965.072388 0.9912 0.0236 -1.083 -1.629 0.025 0.02 1.138 "" "" 14.306282 1.329367 14.892604 13.563237 "" "" 944.497742 986.235962 35680.75953 56.097 15079.0 93.968 29776.0 143.28 "" "" 0.0032412326321078723 0.0073187267 0.0064481758 0.0137669025 92.23886018447 13.88421119834 965.072388 -1.083 -1.629 0.054457132339477576 -0.00788574600219727 0.16865541 0.1636554 "" "" 0.25170929908884304 "" 0.04242666225458044 "" 1.0
92.28476621314 13.82649967651 0.0182 0.016 11.2204 "" "" 3344434962600258432 921.501404 1.0413 0.0201 -0.961 -1.588 0.025 0.02 1.007 5546.5 4.0281 14.40369 1.214858 14.92715 13.712292 -0.32 12.65 905.843201 940.297668 32619.00169 46.308 14607.0 86.897 25956.0 126.2 "" "" 0.003157157071097102 0.007035927 0.0064923665 0.013528293 92.28476621314 13.82649967651 921.501404 -0.961 -1.588 0.17645713233947757 0.033114253997802656 0.16865541 0.1636554 -18.460588235294118 16.683477 0.7842043433581397 18.47723719729823 0.13212882819072122 16.668445654907444 1.0
92.04615435266 13.7531883109 0.0274 0.022 12.061 "" "" 3344342431824529152 950.19281 1.0122 0.0318 -1.103 -1.582 0.038 0.023 1.01 5654.9 4.3039 14.942236 1.24733 15.485113 14.237783 36.71 8.86 925.825806 980.366455 19863.33911 37.089 8737.2 58.928 15997.0 79.451 "" "" 0.003420777453741986 0.0078363 0.0065849912 0.014421292 92.04615435266 13.7531883109 950.19281 -1.1030000000000013 -1.582 0.03445713233947756 0.03911425399780266 0.1816554 0.1666554 18.569411764705883 12.893478 0.2347752921626495 18.57089585143935 0.040702852787698286 12.892448025947074 1.0
92.02737711894 13.95054119185 0.0287 0.0245 6.0009 "" "" 3345193763063177600 922.344727 1.0438 0.0322 -1.046 -1.521 0.043 0.027 0.978 5534.4 4.356 15.24358 1.395476 15.8655 14.470023 "" "" 903.013367 942.739441 15049.24317 21.56 6154.8 40.062 12917.0 53.198 "" "" 0.0031640543482273336 0.0075979833 0.005854782 0.0134527655 92.02737711894 13.95054119185 922.344727 -1.046 -1.5209999999999986 0.0914571323394775 0.10011425399780283 0.1866554 0.1706554 "" "" 0.5928301030111726 "" 0.10559022834359098 "" 0.8
92.05991561341 13.95671355062 0.0408 0.0313 4.2182 "" "" 3345190945564626816 933.193604 1.0415 0.0462 -1.104 -1.779 0.064 0.035 1.056 4720.7 4.1862 15.576242 1.516243 16.262407 14.746164 "" "" 901.765442 974.816833 11077.70546 21.176 4270.3 36.859 10016.0 44.752 "" "" 0.0034495512448563053 0.009778047 0.006149564 0.01592761 92.05991561341 13.95671355062 933.193604 -1.104 -1.7790000000000012 0.03345713233947745 -0.15788574600219718 0.2076554 0.1786554 "" "" 0.7138900933820035 "" 0.1284986316795437 "" 1.0
92.15038172312 13.91664278695 0.0371 0.0317 1.7316 "" "" 3345189914772470144 923.241333 1.0475 0.0427 -1.147 -1.524 0.049 0.035 1.009 4512.2 4.1559 15.69381 1.693316 16.504013 14.810697 "" "" 893.458069 962.61261 9940.83392 21.274 3418.3 33.548 9438.0 56.607 "" "" 0.0036042530420097004 0.011014915 0.0075292685 0.018544184 92.15038172312 13.91664278695 923.241333 -1.1469999999999998 -1.5239999999999994 -0.00954286766052248 0.09711425399780271 0.1926554 0.1786554 "" "" 0.42703478104328857 "" 0.07635146256517633 "" 0.9
92.13931458624 13.99887893997 0.055 0.0482 3.7449 "" "" 3345192732271004800 901.253052 1.0767 0.0624 -1.327 -1.247 0.071 0.053 1.573 4622.8 4.1824 15.745948 1.689787 16.539942 14.850155 "" "" 850.429199 956.34668 9474.74517 21.913 3307.0 28.982 9101.1 60.624 "" "" 0.0037279023217644197 0.009915861 0.008160242 0.018076103 92.13931458624 13.99887893997 901.253052 -1.3270000000000004 -1.247 -0.18954286766052242 0.3741142539978026 0.2146554 0.19665541 "" "" 1.791608701124798 "" 0.359152043904426 "" 0.8
92.02592934796 13.95100314559 0.041 0.0352 6.0882 "" "" 3345193758766672640 940.765076 1.0269 0.0466 -0.977 -1.472 0.061 0.039 1.106 4647.0 4.2894 15.886666 1.598003 16.626877 15.028873 "" "" 898.880615 979.928711 8323.00888 15.472 3052.6 26.105 7719.8 31.856 "" "" 0.003415466581555103 0.009695089 0.005861488 0.015556578 92.02592934796 13.95100314559 940.765076 -0.9769999999999996 -1.472 0.16045713233947756 0.14911425399780276 0.20465541 0.18265541 "" "" 0.9767798105263739 "" 0.19024703871700316 "" 0.9
92.12455098263 14.0170011252 0.0402 0.0342 4.7971 "" "" 3345193002852483328 896.213318 1.0703 0.0448 -1.055 -1.662 0.051 0.038 1.024 4434.9 4.1582 15.943103 1.713108 16.75773 15.044622 "" "" 861.097595 937.89386 7901.43187 17.258 2706.0 23.832 7608.7 49.591 "" "" 0.0036353039601136746 0.009960943 0.008022479 0.017983422 92.12455098263 14.0170011252 896.213318 -1.0549999999999997 -1.6619999999999995 0.0824571323394776 -0.04088574600219719 0.1946554 0.1816554 "" "" 0.39097819386833865 "" 0.07513022581945906 "" 0.9
92.11637814711 13.92470790916 0.0489 0.042 1.0704 "" "" 3345189807397551744 1062.52637 0.9119 0.0539 -1.256 -1.456 0.075 0.05 1.023 "" "" 16.004192 1.762528 16.827652 15.065124 "" "" 1003.28833 1131.30322 7469.12044 16.126 2537.2 45.584 7466.4 62.668 "" "" 0.0036175585351008355 0.019705158 0.009865574 0.029570732 92.11637814711 13.92470790916 1062.52637 -1.2559999999999993 -1.4560000000000013 -0.11854286766052247 0.16511425399780277 0.2186554 0.1936554 "" "" 1.0236997849669405 "" 0.20730456882697992 "" 1.0
