Clusters/NGC_2169/NGC_2169_stars_in_region.tsv
# %ECSV 1.0
# ---
# datatype:
# - name: RA_ICRS_1
#   unit: deg
#   datatype: float64
#   format: '{:15.11f}'
#   description: Right ascension (ICRS) at Ep=2016.0 (ra)
#   meta: !!omap
#   - {ucd: POS_EQ_RA_MAIN}
#   - {width: 15}
#   - {precision: '11'}
# - name: DE_ICRS_1
#   unit: deg
#   datatype: float64
#   format: '{:15.11f}'
#   description: Declination (ICRS) at Ep=2016.0 (dec)
#   meta: !!omap
#   - {ucd: POS_EQ_DEC_MAIN}
#   - {width: 15}
#   - {precision: '11'}
# - name: e_RA_ICRS
#   unit: mas
#   datatype: float64
#   format: '{:7.4f}'
#   description: Standard error of right ascension (ra_error)
#   meta: !!omap
#   - {ucd: ERROR}
#   - {width: 7}
#   - {precision: '4'}
# - name: e_DE_ICRS
#   unit: mas
#   datatype: float64
#   format: '{:7.4f}'
#   description: Standard error of declination (dec_error)
#   meta: !!omap
#   - {ucd: ERROR}
#   - {width: 7}
#   - {precision: '4'}
# - name: _r_1
#   unit: ''
#   datatype: float64
#   format: '{:7.4f}'
#   description: Distance from center (092.12950694000+13.93719438000)[ICRS], at Epoch=J2016.0
#   meta: !!omap
#   - {ucd: POS_ANG_DIST_GENERAL}
#   - {width: 7}
#   - {precision: '4'}
# - name: HIP
#   datatype: int32
#   description: '? HIP cross-id number, van Leeuwen, Cat. I/311 (hip_original_ext_source_id)'
#   meta: !!omap
#   - {ucd: ID_NUMBER}
#   - {width: 6}
#   - values: {'null': -2147483648}
# - name: TYC2
#   datatype: string
#   description: Tycho-2 cross-id name, Hog et al., Cat. I/259 (tyc2_original_ext_source_id)
#   meta: !!omap
#   - {ucd: ID_CROSSID}
#   - {_votable_string_dtype: char}
# - name: Source
#   datatype: int64
#   description: Source identifier, identical to the Gaia-EDR3 source_id (id)
#   meta: !!omap
#   - {ucd: ID_MAIN}
#   - {width: 19}
# - name: rgeo
#   unit: pc
#   datatype: float64
#   format: '{:15.8f}'
#   description: '? Median of the geometric distance posterior (r_med_geo)'
#   meta: !!omap
#   - {ucd: PHYS_DISTANCE_TRUE}
#   - {width: 15}
#   - {precision: '8'}
#   - values: {'null': .nan}
# - name: Plx
#   unit: mas
#   datatype: float64
#   format: '{:9.4f}'
#   description: '? Parallax (parallax)'
#   meta: !!omap
#   - {ucd: POS_PARLX_TRIG}
#   - {width: 9}
#   - {precision: '4'}
#   - values: {'null': .nan}
# - name: e_Plx
#   unit: mas
#   datatype: float32
#   format: '{:7.4f}'
#   description: '? Standard error of parallax (parallax_error)'
#   meta: !!omap
#   - {ucd: ERROR}
#   - {width: 7}
#   - {precision: '4'}
#   - values: {'null': .nan}
# - name: pmRA
#   unit: mas / yr
#   datatype: float64
#   format: '{:9.3f}'
#   description: '? Proper motion in right ascension direction, pmRA*cosDE (pmra)'
#   meta: !!omap
#   - {ucd: POS_EQ_PMRA}
#   - {width: 9}
#   - {precision: '3'}
#   - values: {'null': .nan}
# - name: pmDE
#   unit: mas / yr
#   datatype: float64
#   format: '{:9.3f}'
#   description: '? Proper motion in declination direction (pmdec)'
#   meta: !!omap
#   - {ucd: POS_EQ_PMDEC}
#   - {width: 9}
#   - {precision: '3'}
#   - values: {'null': .nan}
# - name: e_pmRA
#   unit: mas / yr
#   datatype: float32
#   format: '{:6.3f}'
#   description: '? Standard error of proper motion in right ascension direction (pmra_error)'
#   meta: !!omap
#   - {ucd: ERROR}
#   - {width: 6}
#   - {precision: '3'}
#   - values: {'null': .nan}
# - name: e_pmDE
[...]
#         unit: &id001 !astropy.units.Unit {unit: deg}
#         value: !astropy.table.SerializedColumn {name: SkyCoord.dec}
#       distance: !astropy.table.SerializedColumn
#         __class__: astropy.coordinates.distances.Distance
#         unit: !astropy.units.Unit {unit: pc}
#         value: !astropy.table.SerializedColumn {name: SkyCoord.distance}
#       frame: icrs
#       obstime: !astropy.time.Time {format: jyear_str, in_subfmt: '*', jd1: 367701545.0, jd2: 0.0, out_subfmt: '*', precision: 3, scale: tt}
#       pm_dec: !astropy.table.SerializedColumn
#         __class__: astropy.units.quantity.Quantity
#         unit: !astropy.units.Unit {unit: mas / yr}
#         value: !astropy.table.SerializedColumn {name: SkyCoord.pm_dec}
#       pm_ra_cosdec: !astropy.table.SerializedColumn
#         __class__: astropy.units.quantity.Quantity
#         unit: !astropy.units.Unit {unit: mas / yr}
#         value: !astropy.table.SerializedColumn {name: SkyCoord.pm_ra_cosdec}
#       ra: !astropy.table.SerializedColumn
#         __class__: astropy.coordinates.angles.Longitude
#         unit: *id001
#         value: !astropy.table.SerializedColumn {name: SkyCoord.ra}
#         wrap_angle: !astropy.coordinates.Angle
#           unit: *id001
#           value: 360.0
#       representation_type: spherical
# schema: astropy-2.0
RA_ICRS_1 DE_ICRS_1 e_RA_ICRS e_DE_ICRS _r_1 HIP TYC2 Source rgeo Plx e_Plx pmRA pmDE e_pmRA e_pmDE RUWE Teff logg Gmag BP-RP BPmag RPmag RV e_RV b_rgeo B_rgeo FG e_FG FBP e_FBP FRP e_FRP RAVE5 RAVE6 e_Gmag e_BPmag e_RPmag e_BP-RP SkyCoord.ra SkyCoord.dec SkyCoord.distance SkyCoord.pm_ra_cosdec SkyCoord.pm_dec
[from data line 161]
91.83466070572 14.4159869488 0.0255 0.0215 33.4584 "" "" 3345272996619605760 1173.05518 0.8086 0.0292 2.121 -4.474 0.036 0.024 1.689 9239.5 4.0583 13.744155 0.948865 14.127202 13.178337 "" "" 1136.47766 1211.44897 59880.40965 13.29 30517.0 49.451 42445.0 37.981 "" "" 0.002765837370489219 0.0032985506 0.0039022597 0.00720081 91.83466070572 14.4159869488 1173.05518 2.121 -4.474
91.57167858966 14.15248081277 0.0172 0.0145 34.9442 "" "" 3345165102742708736 918.826172 1.0428 0.0213 2.794 1.239 0.024 0.016 1.036 5963.0 4.0579 13.748725 1.066524 14.152871 13.086348 17.95 4.31 899.366577 941.154785 59628.87706 17.184 29804.0 156.5 46198.0 400.98 "" "" 0.0027730289690644874 0.0063473145 0.010153365 0.01650068 91.57167858966 14.15248081277 918.826172 2.7940000000000005 1.239
91.890714874 14.092869468 0.0147 0.0128 16.7476 "" "" 3345208262872572288 876.978455 1.0965 0.0161 5.218 -12.019 0.019 0.014 1.018 6378.4 4.1594 13.762905 0.937789 14.145416 13.207627 67.05 4.58 863.112488 890.853027 58855.18574 12.995 30009.0 23.034 41315.0 23.365 "" "" 0.0027657292253088325 0.0029119698 0.0038289356 0.0067409053 91.890714874 14.092869468 876.978455 5.217999999999998 -12.018999999999998
92.5937553228 14.31557431136 0.0188 0.0171 35.2859 "" "" 3345227401246932992 818.475708 1.1844 0.023 2.645 -11.652 0.024 0.016 0.935 6259.6 4.2602 13.784188 0.875785 14.136787 13.261003 -18.51 7.37 801.905518 833.974426 57712.7027 15.327 30248.0 33.649 39333.0 38.21 "" "" 0.002770366640369079 0.003040372 0.003923799 0.006964171 92.5937553228 14.31557431136 818.475708 2.645 -11.652000000000001
91.80607913554 14.30791020308 0.0153 0.0136 29.136 "" "" 3345263066655247872 1120.72705 0.8451 0.0179 -2.475 -7.047 0.021 0.016 0.98 4960.6 3.2871 13.785472 1.91675 14.738664 12.821914 37.03 1.45 1102.58496 1144.38574 57644.50668 18.557 17376.0 36.094 58938.0 78.167 "" "" 0.0027774007283525694 0.003587694 0.004044407 0.007632101 91.80607913554 14.30791020308 1120.72705 -2.4749999999999996 -7.047
92.52425932797 13.8993839245 0.0148 0.0137 23.1014 "" "" 3344430495834220544 972.736328 0.9891 0.0183 0.258 -1.311 0.02 0.016 1.104 "" "" 13.809751 1.324843 14.379862 13.055018 "" "" 955.041321 988.947571 56369.82106 13.384 24181.0 36.255 47550.0 27.894 "" "" 0.002767353306121776 0.003230323 0.0038326744 0.0070629977 92.52425932797 13.8993839245 972.736328 0.258 -1.311
91.52543595307 13.99909278197 0.0299 0.0251 35.368 "" "" 3345156998142594432 906.521301 1.0607 0.0354 -2.584 -5.217 0.037 0.027 1.734 6644.3 3.8813 13.828601 1.286078 14.386682 13.100604 26.74 5.96 881.482178 932.687012 55399.57913 25.999 24029.0 29.233 45595.0 37.414 "" "" 0.0028020378054737544 0.0030870312 0.0038829725 0.0069700037 91.52543595307 13.99909278197 906.521301 -2.584 -5.217
92.03214829356 13.89328858764 0.0178 0.0144 6.2522 "" "" 3345096662442215680 968.130981 0.993 0.0195 5.872 -9.45 0.025 0.016 1.132 5388.9 4.0896 13.838932 1.107095 14.311514 13.204419 -14.88 4.12 952.570129 986.019043 54874.90603 11.547 25752.0 26.137 41437.0 22.126 "" "" 0.0027647758782263516 0.0029998969 0.0038235893 0.006823486 92.03214829356 13.89328858764 968.130981 5.872000000000001 -9.449999999999998
92.16452254336 13.99068568272 0.0184 0.0167 3.8023 "" "" 3345192697911264512 879.794006 1.096 0.0218 5.606 -6.859 0.022 0.017 0.952 "" "" 13.844844 1.346601 14.453234 13.106633 17.31 2.23 866.838928 893.384583 54576.96093 11.112 22601.0 28.128 45342.0 18.593 "" "" 0.0027641737037760743 0.0031001489 0.0038055154 0.006905664 92.16452254336 13.99068568272 879.794006 5.605999999999999 -6.859000000000001
91.57683862182 13.60880897141 0.0168 0.0151 37.7555 "" "" 3345064501727157888 1037.92615 0.9217 0.0194 3.352 -5.806 0.022 0.016 1.108 7661.9 3.9485 13.856074 1.171617 14.354058 13.182442 "" "" 1018.98242 1055.75781 54015.30735 31.993 24762.0 54.237 42285.0 81.0 "" "" 0.002829370317189536 0.0036661308 0.0043138526 0.007979983 91.57683862182 13.60880897141 1037.92615 3.3520000000000003 -5.806
92.66341448011 14.12657242437 0.0163 0.0173 33.0906 "" "" 3344469872094337152 936.183167 1.0256 0.0223 -0.329 -2.713 0.019 0.016 0.995 6629.8 4.2023 13.862314 0.88556 14.217184 13.331624 -13.06 8.4 920.50061 954.83667 53705.78669 11.74 28089.0 29.2 36856.0 49.597 "" "" 0.002765523417636813 0.0030098117 0.0040519694 0.0070617814 92.66341448011 14.12657242437 936.183167 -0.329 -2.713
92.65354623614 13.81497266761 0.0186 0.0174 31.3933 "" "" 3344425891629577472 971.631592 0.982 0.0222 4.957 -11.006 0.023 0.017 1.19 "" "" 13.866715 1.367726 14.470552 13.102826 48.56 3.68 955.088501 991.389587 53488.49641 17.789 22243.0 34.714 45502.0 43.392 "" "" 0.002778880236472531 0.003264399 0.003918642 0.0071830414 92.65354623614 13.81497266761 971.631592 4.956999999999998 -11.006
92.26931808697 13.84338763876 0.0266 0.0231 9.8992 "" "" 3344435031319734784 912.13739 1.0567 0.0303 -1.188 -1.719 0.034 0.026 1.694 "" "" 13.866769 1.33565 14.461088 13.125438 26.45 4.76 886.86322 939.237122 53485.89505 108.64 22438.0 165.13 44564.0 250.69 "" "" 0.003529206256810445 0.008463501 0.007182453 0.015645955 92.26931808697 13.84338763876 912.13739 -1.188 -1.719
91.99884792586 14.14018782673 0.0141 0.0124 14.3591 "" "" 3345209534182868608 888.147034 1.0827 0.016 -2.034 -8.268 0.018 0.013 1.022 5708.1 3.9712 13.87788 1.034512 14.310546 13.276034 42.49 4.47 872.566162 901.055786 52941.32311 9.3604 25775.0 21.635 38792.0 21.741 "" "" 0.002761999327025573 0.0029352338 0.0038280545 0.0067632883 91.99884792586 14.14018782673 888.147034 -2.034 -8.267999999999999
92.39349606746 13.94256255532 0.0157 0.0142 15.3762 "" "" 3344443170280547968 1146.07666 0.8326 0.0181 2.8 -2.851 0.022 0.017 1.131 5467.3 3.5377 13.884434 1.291382 14.450084 13.158702 49.73 8.02 1118.7926 1167.3092 52622.6958 14.021 22666.0 29.335 43219.0 26.91 "" "" 0.0027704650986959613 0.0031240378 0.0038393668 0.006963405 92.39349606746 13.94256255532 1146.07666 2.7999999999999994 -2.851
91.68100312563 14.33674951359 0.0245 0.0213 35.4355 "" "" 3345265815434329344 881.848877 1.087 0.0283 -6.782 0.398 0.034 0.024 1.735 7307.0 4.1875 13.885339 0.979145 14.283218 13.304073 33.94 10.39 863.536987 901.179871 52578.86233 14.364 26432.0 30.502 37803.0 23.852 "" "" 0.002771239434198676 0.0030585702 0.0038409662 0.0068995366 91.68100312563 14.33674951359 881.848877 -6.781999999999999 0.398
92.04638185405 13.69496823105 0.0181 0.015 15.3193 "" "" 3344341362374871680 845.252258 1.1438 0.0217 3.057 -6.756 0.023 0.016 1.026 5856.4 4.1598 13.885662 0.917656 14.25918 13.341524 21.37 6.06 831.218689 860.593628 52563.21211 15.096 27024.0 23.676 36522.0 21.555 "" "" 0.0027729084462846288 0.0029478597 0.00383332 0.0067811795 92.04638185405 13.69496823105 845.252258 3.0570000000000004 -6.755999999999999
92.44836799116 14.25015812639 0.0198 0.0177 26.3993 "" "" 3345225820698991488 886.500549 1.0824 0.0232 -1.113 -1.509 0.025 0.018 1.078 5391.4 3.8141 13.888996 1.257189 14.43973 13.182541 54.49 5.62 869.217285 905.114929 52402.03824 107.77 22884.0 191.57 42281.0 288.99 "" "" 0.0035465109644740086 0.009507703 0.008327954 0.017835658 92.44836799116 14.25015812639 886.500549 -1.113 -1.509
92.77174598267 13.88994077204 0.023 0.0204 37.511 "" "" 3344427364800900992 826.894165 1.1669 0.026 0.635 2.558 0.027 0.021 1.358 6104.9 4.2029 13.896215 0.922673 14.270323 13.34765 -19.66 5.44 812.446472 846.259888 52054.77277 15.788 26748.0 30.689 36316.0 31.72 "" "" 0.0027749283728482465 0.003055623 0.0038965442 0.0069521675 92.77174598267 13.88994077204 826.894165 0.6350000000000001 2.5579999999999994
92.06135686942 14.29199436866 0.0182 0.0157 21.6542 "" "" 3345220696799616768 850.738831 1.1278 0.0211 4.329 -5.965 0.026 0.019 1.117 6279.2 4.2996 13.912705 0.822583 14.238642 13.416059 20.05 7.37 837.599365 863.755676 51270.14221 16.785 27540.0 33.893 34098.0 23.885 "" "" 0.002778153274798763 0.0030936175 0.0038551453 0.0069487626 92.06135686942 14.29199436866 850.738831 4.329 -5.965
92.25445226955 13.80385853442 0.0156 0.0136 10.8154 "" "" 3344434447204192512 1186.16992 0.7961 0.017 -1.898 1.084 0.021 0.016 1.083 7496.2 3.983 13.917302 1.081261 14.370883 13.289622 22.64 12.37 1157.70007 1212.02478 51053.5542 12.922 24382.0 32.694 38310.0 29.227 "" "" 0.0027689904986831536 0.003147159 0.0038690872 0.007016246 92.25445226955 13.80385853442 1186.16992 -1.8979999999999997 1.084
91.9138880883 13.38341639337 0.0163 0.0171 35.5253 "" "" 3344292094807896448 843.889587 1.1408 0.0221 1.682 -4.486 0.019 0.016 1.029 6435.8 4.261 13.921287 0.973975 14.317848 13.343873 12.69 8.19 829.240173 857.596008 50866.51742 11.167 25602.0 25.069 36443.0 21.78 "" "" 0.002765610908530552 0.0029858497 0.0038346811 0.0068205306 91.9138880883 13.38341639337 843.889587 1.682 -4.486
92.26238974375 13.70745091523 0.0154 0.0134 15.81 "" "" 3344339030210403328 816.714172 1.1843 0.0192 1.524 -5.96 0.021 0.017 0.991 6292.1 4.3266 13.942146 0.846531 14.283226 13.436695 -3.36 7.63 802.433777 830.341919 49898.59066 10.782 26432.0 30.009 33456.0 14.59 "" "" 0.0027652899339959906 0.0030503306 0.0038089256 0.006859256 92.26238974375 13.70745091523 816.714172 1.5240000000000002 -5.96
91.82448358614 13.44182557231 0.0275 0.0249 34.635 "" "" 3344305185868217600 830.483032 1.1616 0.0339 -0.768 -5.763 0.034 0.028 1.629 6066.5 3.9124 13.948771 0.985992 14.350721 13.36473 -9.21 6.98 806.429871 852.211243 49595.04192 18.617 24839.0 43.094 35749.0 35.423 "" "" 0.002785300299570442 0.0033664962 0.003929523 0.0072960192 91.82448358614 13.44182557231 830.483032 -0.768 -5.763
92.63839210662 14.3420317417 0.0189 0.0161 38.2968 "" "" 3345233379841397248 874.526184 1.0973 0.0226 1.938 -9.767 0.025 0.017 1.054 6348.6 4.2502 13.949107 0.872899 14.299157 13.426258 -47.19 6.52 860.297852 890.932739 49579.69555 16.242 26047.0 35.481 33780.0 23.873 "" "" 0.0027781824939282483 0.0031579155 0.0038564873 0.007014403 92.63839210662 14.3420317417 874.526184 1.9379999999999995 -9.767
92.7243653694 13.65249574039 0.0679 0.0619 38.6425 "" "" 3344375829490803072 1109.99097 0.8753 0.0788 1.714 -2.127 0.084 0.065 4.44 7468.5 3.6743 13.95132 1.061423 14.361989 13.300566 "" "" 1026.60107 1234.46216 49478.75131 45.004 24582.0 34.942 37926.0 35.034 "" "" 0.0029269495547652245 0.0031885533 0.003910195 0.0070987483 92.7243653694 13.65249574039 1109.99097 1.7140000000000002 -2.127
92.38009772837 14.04976713674 0.0249 0.0244 16.0769 "" "" 3344447950581307136 882.800659 1.0918 0.0328 -0.858 -4.83 0.031 0.024 1.473 6378.9 4.208 13.965474 0.865411 14.308931 13.443521 30.83 5.54 857.939148 908.114563 48837.89442 18.251 25813.0 41.766 33247.0 32.835 "" "" 0.0027850348357564866 0.0032971504 0.0039285515 0.0072257016 92.38009772837 14.04976713674 882.800659 -0.858 -4.83
92.03459048027 14.4498598368 0.0941 0.0871 31.2515 "" "" 3345270965097174656 1009.02289 0.9689 0.1114 2.073 -4.294 0.12 0.091 5.966 6802.8 3.8616 13.976785 1.057928 14.406294 13.348366 -16.25 11.52 925.804688 1130.49719 48331.77061 25.209 23599.0 23.215 36292.0 25.409 "" "" 0.0028129141591374048 0.002987611 0.0038550694 0.0068426803 92.03459048027 14.4498598368 1009.02289 2.073 -4.294
91.79939666917 13.92874375279 0.0175 0.014 19.2306 "" "" 3345110853013943936 837.452148 1.1455 0.0192 -1.699 -1.81 0.024 0.016 1.034 6234.7 4.1965 13.979487 0.978416 14.380927 13.402511 24.35 8.64 825.871094 852.054382 48211.61678 17.063 24157.0 35.79 34527.0 28.562 "" "" 0.002781986170626209 0.0032206492 0.003884639 0.007105288 91.79939666917 13.92874375279 837.452148 -1.6989999999999998 -1.8099999999999998
92.16109256387 13.56654025552 0.0223 0.0188 22.3153 "" "" 3344324461681375360 835.756592 1.1521 0.0274 1.98 -5.02 0.029 0.023 1.373 5909.3 4.2663 13.986031 0.91726 14.356153 13.438893 18.49 9.22 817.992004 853.345093 47921.94233 17.303 24715.0 33.101 33389.0 42.619 "" "" 0.0027830686727763044 0.0031463562 0.004025466 0.007171822 92.16109256387 13.56654025552 835.756592 1.9799999999999995 -5.020000000000001
92.407236413 14.15432135965 0.0184 0.0165 20.7616 "" "" 3345200978608162048 984.872437 0.9708 0.0206 -1.711 -1.337 0.024 0.018 1.114 6339.5 4.2101 13.987301 0.909017 14.353524 13.444508 13.42 5.07 967.956421 1007.06451 47865.93035 13.819 24775.0 22.715 33217.0 52.854 "" "" 0.0027730926932332833 0.0029624293 0.004155515 0.007117945 92.407236413 14.15432135965 984.872437 -1.711 -1.337
91.82875833315 13.72491629679 0.0196 0.0162 21.6618 "" "" 3345087728910272256 899.119446 1.0729 0.0213 2.229 0.817 0.027 0.019 1.008 6540.9 4.2182 14.011971 0.995476 14.421414 13.425939 12.36 4.93 880.985779 917.06604 46790.53071 11.524 23273.0 25.995 33790.0 26.499 "" "" 0.0027682656776604996 0.0030423258 0.0038741084 0.0069164345 91.82875833315 13.72491629679 899.119446 2.2289999999999996 0.817
92.07517337871 13.93825683129 0.0182 0.0156 3.1647 "" "" 3345190670686720768 1043.45972 0.9166 0.0207 -3.156 -4.734 0.026 0.017 1.101 7241.8 4.3668 14.01941 0.866289 14.364994 13.498705 "" "" 1020.46124 1067.52087 46471.05614 13.201 24514.0 30.362 31599.0 18.981 "" "" 0.0027725286203873155 0.0030973202 0.0038352406 0.006932561 92.07517337871 13.93825683129 1043.45972 -3.1559999999999997 -4.734
91.67400869563 13.82486847887 0.0196 0.0174 27.3743 "" "" 3345103809267607808 1016.15466 0.9421 0.0217 2.08 -3.644 0.024 0.018 1.119 6573.2 3.8601 14.023191 1.321431 14.606894 13.285463 23.5 4.33 996.033386 1035.89087 46309.54245 10.42 19618.0 18.838 38457.0 24.722 "" "" 0.00276612931034491 0.0029785896 0.0038432903 0.00682188 91.67400869563 13.82486847887 1016.15466 2.08 -3.644000000000001
92.61794272357 13.97692683044 0.0183 0.0174 28.5407 "" "" 3344432660497713664 899.821655 1.0651 0.0236 0.409 -3.983 0.023 0.017 1.141 6310.4 4.2773 14.064691 0.923196 14.437458 13.514262 2.43 9.69 881.69635 917.007874 44572.86921 10.098 22932.0 24.332 31150.0 33.753 "" "" 0.002766277746798561 0.0030186418 0.0039582564 0.0069768983 92.61794272357 13.97692683044 899.821655 0.409 -3.983
92.39817232027 14.39340523221 0.0263 0.0217 31.5206 "" "" 3345232520847961856 1195.09912 0.8014 0.0295 -4.592 -1.352 0.029 0.021 1.075 7355.4 3.9506 14.065183 1.294093 14.632425 13.338332 -20.41 8.79 1154.58606 1247.27185 44552.65848 11.463 19162.0 33.234 36629.0 43.71 "" "" 0.002769445059822935 0.0033661542 0.0039952947 0.007361449 92.39817232027 14.39340523221 1195.09912 -4.591999999999999 -1.3519999999999999
92.37340556625 14.45489211868 0.0182 0.0168 34.1483 "" "" 3345244752914816128 889.25061 1.082 0.021 -1.088 -2.041 0.024 0.018 1.034 5902.8 4.1955 14.073475 0.874173 14.42524 13.551066 -5.77 7.19 873.776184 904.018799 44213.70817 13.069 23191.0 27.516 30111.0 27.455 "" "" 0.0027739475834345287 0.0030732001 0.003906886 0.006980086 92.37340556625 14.45489211868 889.25061 -1.0879999999999999 -2.0410000000000004
92.14766678599 13.54798704096 0.0188 0.0166 23.3764 "" "" 3344324152443736320 825.985901 1.163 0.0239 -0.563 -3.033 0.024 0.018 1.037 5447.2 4.2548 14.075261 1.020341 14.501765 13.481424 9.41 7.26 806.476318 842.221985 44141.00474 11.588 21613.0 25.877 32106.0 30.875 "" "" 0.0027700237372534145 0.003078131 0.003920955 0.006999086 92.14766678599 13.54798704096 825.985901 -0.563 -3.0329999999999995
92.48726697571 13.93594949759 0.0179 0.0188 20.8338 "" "" 3344442556102386944 866.541138 1.113 0.0251 2.008 -6.366 0.022 0.018 1.106 5830.7 4.2203 14.077691 0.91117 14.448814 13.537644 33.23 8.13 849.548523 885.804993 44042.33218 10.002 22693.0 26.952 30486.0 30.555 "" "" 0.0027663308447438795 0.0030737394 0.003932924 0.0070066634 92.48726697571 13.93594949759 866.541138 2.0079999999999996 -6.365999999999999
