Clusters/Hogg_10/Hogg_10_stars_in_region.tsv
# %ECSV 1.0
# ---
# datatype:
# - name: RA_ICRS_1
#   unit: deg
#   datatype: float64
#   format: '{:15.11f}'
#   description: Right ascension (ICRS) at Ep=2016.0 (ra)
#   meta: !!omap
#   - {ucd: POS_EQ_RA_MAIN}
#   - {width: 15}
#   - {precision: '11'}
# - name: DE_ICRS_1
#   unit: deg
#   datatype: float64
#   format: '{:15.11f}'
#   description: Declination (ICRS) at Ep=2016.0 (dec)
#   meta: !!omap
#   - {ucd: POS_EQ_DEC_MAIN}
#   - {width: 15}
#   - {precision: '11'}
# - name: e_RA_ICRS
#   unit: mas
#   datatype: float64
#   format: '{:7.4f}'
#   description: Standard error of right ascension (ra_error)
#   meta: !!omap
#   - {ucd: ERROR}
#   - {width: 7}
#   - {precision: '4'}
# - name: e_DE_ICRS
#   unit: mas
#   datatype: float64
#   format: '{:7.4f}'
#   description: Standard error of declination (dec_error)
#   meta: !!omap
#   - {ucd: ERROR}
#   - {width: 7}
#   - {precision: '4'}
# - name: _r_1
#   unit: ''
#   datatype: float64
#   format: '{:7.4f}'
#   description: Distance from center (167.68661491000-60.38770365000)[ICRS], at Epoch=J2016.0
#   meta: !!omap
#   - {ucd: POS_ANG_DIST_GENERAL}
#   - {width: 7}
#   - {precision: '4'}
# - name: HIP
#   datatype: int32
#   description: '? HIP cross-id number, van Leeuwen, Cat. I/311 (hip_original_ext_source_id)'
#   meta: !!omap
#   - {ucd: ID_NUMBER}
#   - {width: 6}
#   - values: {'null': -2147483648}
# - name: TYC2
#   datatype: string
#   description: Tycho-2 cross-id name, Hog et al., Cat. I/259 (tyc2_original_ext_source_id)
#   meta: !!omap
#   - {ucd: ID_CROSSID}
#   - {_votable_string_dtype: char}
# - name: Source
#   datatype: int64
#   description: Source identifier, identical to the Gaia-EDR3 source_id (id)
#   meta: !!omap
#   - {ucd: ID_MAIN}
#   - {width: 19}
# - name: rgeo
#   unit: pc
#   datatype: float64
#   format: '{:15.8f}'
#   description: '? Median of the geometric distance posterior (r_med_geo)'
#   meta: !!omap
#   - {ucd: PHYS_DISTANCE_TRUE}
#   - {width: 15}
#   - {precision: '8'}
#   - values: {'null': .nan}
# - name: Plx
#   unit: mas
#   datatype: float64
#   format: '{:9.4f}'
#   description: '? Parallax (parallax)'
#   meta: !!omap
#   - {ucd: POS_PARLX_TRIG}
#   - {width: 9}
#   - {precision: '4'}
#   - values: {'null': .nan}
# - name: e_Plx
#   unit: mas
#   datatype: float32
#   format: '{:7.4f}'
#   description: '? Standard error of parallax (parallax_error)'
#   meta: !!omap
#   - {ucd: ERROR}
#   - {width: 7}
#   - {precision: '4'}
#   - values: {'null': .nan}
# - name: pmRA
#   unit: mas / yr
#   datatype: float64
#   format: '{:9.3f}'
#   description: '? Proper motion in right ascension direction, pmRA*cosDE (pmra)'
#   meta: !!omap
#   - {ucd: POS_EQ_PMRA}
#   - {width: 9}
#   - {precision: '3'}
#   - values: {'null': .nan}
# - name: pmDE
#   unit: mas / yr
#   datatype: float64
#   format: '{:9.3f}'
#   description: '? Proper motion in declination direction (pmdec)'
#   meta: !!omap
#   - {ucd: POS_EQ_PMDEC}
#   - {width: 9}
#   - {precision: '3'}
#   - values: {'null': .nan}
# - name: e_pmRA
#   unit: mas / yr
#   datatype: float32
#   format: '{:6.3f}'
#   description: '? Standard error of proper motion in right ascension direction (pmra_error)'
#   meta: !!omap
#   - {ucd: ERROR}
#   - {width: 6}
#   - {precision: '3'}
#   - values: {'null': .nan}
# - name: e_pmDE
[...]
#         value: !astropy.table.SerializedColumn {name: SkyCoord.dec}
#       distance: !astropy.table.SerializedColumn
#         __class__: astropy.coordinates.distances.Distance
#         unit: !astropy.units.Unit {unit: pc}
#         value: !astropy.table.SerializedColumn {name: SkyCoord.distance}
#       frame: icrs
#       obstime: !astropy.time.Time {format: jyear_str, in_subfmt: '*', jd1: 367701545.0, jd2: 0.0, out_subfmt: '*', precision: 3, scale: tt}
#       pm_dec: !astropy.table.SerializedColumn
#         __class__: astropy.units.quantity.Quantity
#         unit: !astropy.units.Unit {unit: mas / yr}
#         value: !astropy.table.SerializedColumn {name: SkyCoord.pm_dec}
#       pm_ra_cosdec: !astropy.table.SerializedColumn
#         __class__: astropy.units.quantity.Quantity
#         unit: !astropy.units.Unit {unit: mas / yr}
#         value: !astropy.table.SerializedColumn {name: SkyCoord.pm_ra_cosdec}
#       ra: !astropy.table.SerializedColumn
#         __class__: astropy.coordinates.angles.Longitude
#         unit: *id001
#         value: !astropy.table.SerializedColumn {name: SkyCoord.ra}
#         wrap_angle: !astropy.coordinates.Angle
#           unit: *id001
#           value: 360.0
#       representation_type: spherical
# schema: astropy-2.0
RA_ICRS_1 DE_ICRS_1 e_RA_ICRS e_DE_ICRS _r_1 HIP TYC2 Source rgeo Plx e_Plx pmRA pmDE e_pmRA e_pmDE RUWE Teff logg Gmag BP-RP BPmag RPmag RV e_RV b_rgeo B_rgeo FG e_FG FBP e_FBP FRP e_FRP RAVE5 RAVE6 e_Gmag e_BPmag e_RPmag e_BP-RP SkyCoord.ra SkyCoord.dec SkyCoord.distance SkyCoord.pm_ra_cosdec SkyCoord.pm_dec rmRA rmDE e_rmRA e_rmDE rRV e_rRV v_pec v_pec3d e_vpec e_vpec3d
[from data line 181]
168.21498965232 -60.38240771179 0.0093 0.0098 15.6696 "" "" 5337660359083023360 2348.59741 0.3969 0.0115 -7.523 0.739 0.012 0.012 0.883 5237.5 2.8589 13.356649 1.556117 14.077296 12.521179 -21.26 1.54 2281.11353 2438.5625 85563.16857 11.749 31952.0 22.454 77748.0 39.283 "" "" 0.0027593506824950265 0.002892612 0.0038189876 0.0067115994 168.21498965232 -60.38240771179 2348.59741 -7.523000000000001 0.7390000000000004 -1.3504998664855954 -1.0532500371932985 0.023101803 0.023101803 -13.993333333333336 2.3291893 19.06587257969533 23.64996564485784 0.4404560307450055 1.4231555140151475
167.97209003631 -60.53421262351 0.0101 0.0106 12.1895 "" "" 5337663996875054720 2241.75415 0.4094 0.0128 -5.009 1.119 0.013 0.013 0.89 "" "" 13.359505 0.667666 13.611963 12.944297 "" "" 2180.12671 2307.66553 85338.44582 17.925 49049.0 37.715 52655.0 21.825 "" "" 0.0027647419917474075 0.0029123912 0.003806081 0.006718472 167.97209003631 -60.53421262351 2241.75415 -5.009000000000002 1.1190000000000007 1.163500133514404 -0.6732500371932983 0.024101801 0.024101801 "" "" 14.283846710655592 "" 0.34426643402864004 ""
167.66324580959 -60.39799994436 0.0106 0.0125 0.9282 "" "" 5337668772877422464 2282.61499 0.4009 0.0133 -6.157 1.768 0.014 0.016 0.919 "" "" 13.360199 0.790912 13.661762 12.870851 "" "" 2214.78101 2351.53003 85283.9011 143.24 46850.0 322.77 56340.0 231.65 "" "" 0.0033041162080486 0.0079835495 0.005849141 0.01383269 167.66324580959 -60.39799994436 2282.61499 -6.157 1.767999999999998 0.015500133514404268 -0.024250037193298324 0.025101803 0.027101804 "" "" 0.3113935927372347 "" 0.008263522312802167 ""
167.6616076796 -60.1999683335 0.0091 0.0106 11.2886 "" "" 5337724543079994880 2579.01904 0.3532 0.0119 -6.539 1.966 0.012 0.013 0.91 6456.9 3.2405 13.365214 0.63843 13.601615 12.963185 "" "" 2495.177 2682.35962 84890.85926 60.503 49519.0 126.94 51747.0 94.727 "" "" 0.0028619202758910747 0.0039410004 0.0042701275 0.008211128 167.6616076796 -60.1999683335 2579.01904 -6.538999999999999 1.966 -0.3664998664855954 0.17374996280670163 0.023101803 0.024101801 "" "" 4.95827519584179 "" 0.11547092701882018 ""
167.82389318383 -60.43830282099 0.01 0.0106 5.075 "" "" 5337668021305460352 2304.44604 0.3942 0.0128 -6.059 1.546 0.013 0.012 0.909 11839.1 3.9037 13.370549 0.402766 13.511746 13.10898 "" "" 2243.95361 2390.85767 84474.79163 28.29 53792.0 31.275 45245.0 23.791 "" "" 0.002779208192271472 0.002860687 0.003822259 0.006682946 167.82389318383 -60.43830282099 2304.44604 -6.059000000000003 1.5460000000000007 0.11350013351440413 -0.2462500371932983 0.024101801 0.023101803 "" "" 2.961772213167433 "" 0.06895042697906975 ""
168.09728132135 -60.42577194139 0.0098 0.0096 12.3807 "" "" 5337665925361607936 2826.30835 0.3201 0.0118 -7.568 -1.376 0.012 0.012 0.98 4928.9 2.7563 13.386535 1.570916 14.115686 12.54477 -10.71 1.2 2719.9812 2912.7561 83240.12338 11.896 30842.0 24.36 76076.0 41.809 "" "" 0.0027596857513572507 0.0029189792 0.0038261942 0.0067451736 168.09728132135 -60.42577194139 2826.30835 -7.567999999999992 -1.376 -1.3954998664855953 -3.1682500371932982 0.023101803 0.023101803 -3.4433333333333342 1.9891893 46.37896328288372 46.506610063941665 1.071437669178724 1.0785994060656896
167.89164149708 -60.46969108537 0.0108 0.0104 7.8138 "" "" 5337667746427538048 2410.57544 0.379 0.013 -6.158 1.848 0.014 0.013 0.942 "" "" 13.386903 0.367974 13.515839 13.147864 "" "" 2332.9585 2496.51196 83211.94769 31.894 53590.0 26.36 43653.0 22.482 "" "" 0.00278656928532541 0.002840821 0.0038205236 0.0066613443 167.89164149708 -60.46969108537 2410.57544 -6.158000000000001 1.8480000000000003 0.014500133514403934 0.05574996280670175 0.025101803 0.024101801 "" "" 0.6581997191514439 "" 0.015906311739028223 ""
167.39214732294 -60.47080642593 0.0163 0.0167 10.0442 "" "" 5337691214131208832 2281.12476 0.4006 0.0206 -6.289 1.46 0.022 0.02 1.358 7400.3 3.298 13.391523 0.316935 13.493774 13.17684 "" "" 2189.54053 2389.53564 82858.56534 35.496 54690.0 38.77 42503.0 32.646 "" "" 0.0027943026451113556 0.0028943843 0.003870295 0.006764679 167.39214732294 -60.47080642593 2281.12476 -6.289000000000001 1.46 -0.1164998664855954 -0.3322500371932984 0.0331018 0.0311018 "" "" 3.8069064407742808 "" 0.11925895463715516 ""
167.97074897423 -60.48912595191 0.0106 0.0103 10.3814 "" "" 5337664516612140544 2156.02588 0.4264 0.0134 -5.117 3.031 0.013 0.013 0.931 4824.4 2.7035 13.401073 1.61467 14.163716 12.549046 19.89 1.14 2105.6084 2226.56812 82132.95121 13.898 29507.0 18.858 75777.0 31.542 "" "" 0.002761438550220962 0.0028751593 0.003806307 0.0066814665 167.97074897423 -60.48912595191 2156.02588 -5.116999999999999 3.031 1.0555001335144043 1.2387499628067018 0.024101801 0.024101801 27.156666666666666 1.9291892 16.6317911611802 31.844952844580508 0.40085612444280877 1.6584369868961637
167.65674878426 -60.25509464856 0.0101 0.0122 8.0059 "" "" 5337718491423391360 2447.21631 0.373 0.0137 -6.078 2.228 0.014 0.016 0.883 12561.3 3.8779 13.40313 0.584443 13.617042 13.032599 "" "" 2368.86523 2546.04224 81977.57454 20.612 48820.0 29.122 48542.0 28.624 "" "" 0.0027688109070396366 0.002864352 0.0038332262 0.0066975784 167.65674878426 -60.25509464856 2447.21631 -6.078000000000001 2.2280000000000006 0.094500133514404 0.43574996280670186 0.025101803 0.027101804 "" "" 5.172112488115619 "" 0.13972535220687204 ""
167.62969505637 -60.22525907539 0.011 0.0115 9.8924 "" "" 5337718736283859712 2331.94141 0.3955 0.0141 -11.461 5.017 0.014 0.014 1.017 4675.2 2.5043 13.414848 1.765258 14.257292 12.492034 -6.37 1.33 2262.99756 2398.21973 81097.52013 16.53 27071.0 114.98 79863.0 187.5 "" "" 0.0027641933620384277 0.005389897 0.004558665 0.009948563 167.62969505637 -60.22525907539 2331.94141 -11.461000000000004 5.017000000000001 -5.288499866485596 3.224749962806702 0.025101803 0.025101803 0.8966666666666665 2.1191893 68.46620774441598 68.47207908346758 1.7186252756056644 1.7187019711306575
168.0132531843 -60.24041201826 0.0096 0.0105 13.1266 "" "" 5337675236851447168 2413.88501 0.3792 0.012 -6.393 2.112 0.013 0.013 0.932 5364.4 2.7657 13.434299 1.607266 14.190333 12.583068 -10.31 1.45 2355.02808 2498.26318 79657.58248 11.302 28793.0 20.65 73440.0 25.416 "" "" 0.0027596231265518325 0.002896789 0.0037980147 0.006694804 168.0132531843 -60.24041201826 2413.88501 -6.392999999999998 2.112 -0.2204998664855955 0.31974996280670176 0.024101801 0.024101801 -3.043333333333334 2.2391891 4.444084438178173 5.38625698156291 0.10711043971876616 1.2682654437016163
167.96412293195 -60.60475044926 0.0105 0.012 15.3894 "" "" 5337640254301469312 2022.38745 0.4599 0.0137 -9.739 3.658 0.013 0.013 1.064 5411.9 2.913 13.435107 1.571031 14.136672 12.565641 "" "" 1964.81079 2105.06323 79598.29308 43.507 30252.0 299.79 74628.0 395.81 "" "" 0.0028185040479863513 0.011115277 0.006887963 0.01800324 167.96412293195 -60.60475044926 2022.38745 -9.739000000000004 3.658000000000003 -3.5664998664855965 1.8657499628067016 0.024101801 0.024101801 "" "" 38.58449909874156 "" 0.9299559273200405 ""
168.03680709912 -60.57344165982 0.0112 0.0106 15.211 "" "" 5337663073503413760 2334.49048 0.3917 0.0137 -5.923 1.216 0.015 0.013 1.061 10271.9 4.0963 13.438987 0.594325 13.662565 13.06824 "" "" 2263.48364 2411.19482 79314.39182 28.336 46816.0 27.368 46974.0 22.306 "" "" 0.0027824898267538303 0.002861451 0.003814386 0.0066758366 168.03680709912 -60.57344165982 2334.49048 -5.922999999999995 1.215999999999999 0.24950013351440425 -0.5762500371932984 0.026101802 0.024101801 "" "" 6.948511485392314 "" 0.16974121106380635 ""
168.01561505949 -60.39041954092 0.0098 0.01 9.755 "" "" 5337666818714825344 2782.76904 0.3249 0.0119 -7.659 1.995 0.013 0.012 0.985 4794.5 2.6315 13.441371 1.564815 14.154325 12.589509 12.42 1.36 2695.4375 2872.073 79140.44286 14.15 29764.0 48.573 73005.0 88.524 "" "" 0.0027621502592184407 0.0033052254 0.0040021236 0.007307349 168.01561505949 -60.39041954092 2782.76904 -7.658999999999993 1.9949999999999997 -1.4864998664855955 0.20274996280670177 0.024101801 0.023101803 19.686666666666667 2.1491892 19.78895838638435 27.91357588096688 0.4765954903412754 1.5529643898366186
167.64750760505 -60.32955186687 0.0104 0.0126 3.677 "" "" 5337717739851226752 2213.64551 0.4157 0.0136 -6.194 1.861 0.014 0.016 1.049 9986.5 3.8778 13.444563 0.465755 13.610353 13.144599 "" "" 2153.01392 2273.91187 78908.06932 21.414 49122.0 31.851 43784.0 27.038 "" "" 0.002771029722656192 0.0028776138 0.0038383936 0.0067160074 167.64750760505 -60.32955186687 2213.64551 -6.1939999999999955 1.861 -0.021499866485595653 0.06874996280670165 0.025101803 0.027101804 "" "" 0.7558227345146196 "" 0.0203540500138189 ""
167.35875409799 -60.54096015234 0.0109 0.0106 13.3639 "" "" 5337690522591297152 2477.02002 0.3705 0.0132 -4.978 1.095 0.015 0.014 0.98 7834.0 3.5612 13.450706 0.805093 13.761964 12.956871 "" "" 2391.42407 2566.21191 78462.9623 23.47 42720.0 51.987 52049.0 44.485 "" "" 0.002774394238987249 0.0030871949 0.003891635 0.00697883 167.35875409799 -60.54096015234 2477.02002 -4.978 1.0949999999999993 1.1945001335144045 -0.6972500371932984 0.026101802 0.025101803 "" "" 16.23917649872502 "" 0.41980436254631975 ""
167.51149393596 -60.17441459425 0.01 0.0107 13.8168 "" "" 5337719835795561216 2146.06958 0.4284 0.0128 -6.124 1.568 0.013 0.013 0.893 "" "" 13.45166 0.49688 13.630276 13.133396 "" "" 2092.31982 2203.28589 78394.00678 20.922 48229.0 27.185 44238.0 32.658 "" "" 0.0027705148738697122 0.0028564981 0.0038634406 0.0067199385 167.51149393596 -60.17441459425 2146.06958 -6.124 1.5680000000000005 0.04850013351440463 -0.22425003719329828 0.024101801 0.024101801 "" "" 2.333895958154545 "" 0.05625109644367246 ""
167.64945177785 -60.25564218169 0.0102 0.012 8.0002 "" "" 5337718392686425472 2903.49829 0.3108 0.0136 -5.554 2.232 0.014 0.014 0.932 "" "" 13.461533 2.103867 14.544165 12.440298 10.07 0.82 2779.99829 3028.45703 77684.34826 18.865 20785.0 16.617 83760.0 42.55 "" "" 0.0027679066216838755 0.0029220707 0.0038194158 0.0067414865 167.64945177785 -60.25564218169 2903.49829 -5.553999999999999 2.232 0.618500133514404 0.43974996280670187 0.025101803 0.025101803 17.336666666666666 1.6091893 10.44436205781337 20.239681566314292 0.2621723213755595 1.385003804207636
167.94126534166 -60.28697508123 0.0107 0.0112 9.68 "" "" 5337676130204508032 2042.78406 0.455 0.0131 -5.409 0.505 0.014 0.013 1.142 12129.0 4.0476 13.46225 0.589024 13.669309 13.080285 "" "" 1997.68286 2081.48364 77633.09857 24.107 46526.0 37.632 46456.0 48.417 "" "" 0.002775870702543064 0.002925108 0.0039451453 0.006870253 167.94126534166 -60.28697508123 2042.78406 -5.409 0.5049999999999997 0.7635001335144045 -1.2872500371932984 0.025101803 0.024101801 "" "" 14.4917051842202 "" 0.3531048405181775 ""
167.60550111629 -60.37832073211 0.0111 0.0116 2.4702 "" "" 5337715781346003200 2392.2627 0.3799 0.0135 -7.117 1.747 0.014 0.015 0.909 11788.1 3.8479 13.464058 0.52329 13.656787 13.133497 "" "" 2326.05542 2471.70386 77503.87061 28.093 47065.0 32.315 44234.0 29.183 "" "" 0.002783284100452913 0.00288804 0.0038466635 0.0067347037 167.60550111629 -60.37832073211 2392.2627 -7.117 1.7469999999999992 -0.9444998664855957 -0.04525003719329823 0.025101803 0.026101802 "" "" 10.722275259875117 "" 0.26917348595107243 ""
168.02363929191 -60.56249558465 0.0111 0.0107 14.4669 "" "" 5337663142222896128 2657.2749 0.3438 0.0137 -6.051 4.949 0.014 0.012 0.913 "" "" 13.464522 1.646455 14.244555 12.598101 -18.07 1.52 2556.84668 2770.57886 77470.78982 13.39 27390.0 19.024 72430.0 26.759 "" "" 0.0027617032609758715 0.0028902818 0.0038006087 0.0066908905 168.02363929191 -60.56249558465 2657.2749 -6.051000000000003 4.949 0.12150013351440414 3.1567499628067015 0.025101803 0.023101803 -10.803333333333335 2.3091893 39.79023054674199 41.23074651366369 0.9193488677392605 1.0739034065750215
167.66918895465 -60.37585597319 0.0109 0.0128 0.8788 "" "" 5337669189536587648 2762.17334 0.3323 0.0139 -7.706 2.084 0.015 0.015 0.944 5302.3 2.7933 13.46489 1.605641 14.219811 12.61417 -11.16 1.67 2658.68042 2874.01611 77444.55926 14.865 28022.0 27.594 71366.0 26.454 "" "" 0.0027631901993946267 0.0029879985 0.0038007502 0.006788749 167.66918895465 -60.37585597319 2762.17334 -7.706 2.083999999999998 -1.533499866485596 0.29174996280670173 0.026101802 0.026101802 -3.8933333333333335 2.4591892 20.43778642913995 20.805315632491173 0.5334630453808121 0.6974195668145007
167.70988078365 -60.24477730178 0.0097 0.0121 8.6034 "" "" 5337677401514763776 2450.51587 0.3702 0.0128 -6.245 2.016 0.013 0.015 0.982 6175.1 3.3687 13.472767 0.702827 13.734767 13.03194 "" "" 2371.46753 2522.05029 76884.71664 16.725 43804.0 36.426 48572.0 26.184 "" "" 0.0027654244287750856 0.0029326114 0.0038244342 0.0067570456 167.70988078365 -60.24477730178 2450.51587 -6.245000000000009 2.0160000000000005 -0.07249986648559581 0.22374996280670167 0.024101801 0.026101802 "" "" 2.7319832489002827 "" 0.07080865778915546 ""
167.90495328795 -60.32135421892 0.0104 0.0114 7.605 "" "" 5337676027125203840 2770.35376 0.3241 0.013 -5.977 2.088 0.013 0.013 1.049 11450.4 3.7574 13.473415 0.525489 13.661385 13.135896 "" "" 2702.02466 2860.14697 76838.82232 24.703 46867.0 40.399 44137.0 32.007 "" "" 0.0027773419808498345 0.002942949 0.0038605237 0.0068034725 167.90495328795 -60.32135421892 2770.35376 -5.976999999999999 2.088 0.19550013351440398 0.29574996280670174 0.024101801 0.024101801 "" "" 4.655443618698438 "" 0.11220457667296957 ""
167.30283053499 -60.34211858623 0.0105 0.0098 11.7102 "" "" 5337696604268951040 2385.60205 0.3805 0.0123 -7.732 2.005 0.014 0.012 0.906 "" "" 13.482186 0.750163 13.772314 13.022151 "" "" 2311.62012 2448.20361 76220.58713 16.09 42315.0 23.703 49011.0 18.619 "" "" 0.0027648364262731918 0.0028556844 0.0038018224 0.006657507 167.30283053499 -60.34211858623 2385.60205 -7.732 2.005 -1.559499866485596 0.21274996280670155 0.025101803 0.023101803 "" "" 17.797780689868258 "" 0.4461314979515984 ""
167.41633379668 -60.51785193679 0.0105 0.0108 11.1774 "" "" 5337690423857135104 2801.18359 0.3213 0.0132 -6.789 1.695 0.015 0.014 0.918 "" "" 13.486334 1.558806 14.211987 12.653182 -39.84 1.67 2709.27881 2910.80957 75929.94764 12.692 28224.0 18.078 68847.0 25.945 "" "" 0.0027612906931466694 0.0028755309 0.0038014653 0.006676996 167.41633379668 -60.51785193679 2801.18359 -6.788999999999994 1.6950000000000007 -0.6164998664855954 -0.09725003719329828 0.026101802 0.025101803 -32.57333333333334 2.4591892 8.286863367655814 33.6109230596043 0.21610462685131268 2.3838680152861467
167.73149011655 -60.3220443795 0.0101 0.0118 4.1586 "" "" 5337670903182757888 2224.21484 0.4157 0.0135 -6.911 0.947 0.014 0.015 0.908 "" "" 13.503363 0.619285 13.726675 13.10739 "" "" 2174.05054 2288.42822 74748.36347 17.698 44131.0 47.852 45311.0 47.191 "" "" 0.0027672862144546987 0.0030283728 0.003944921 0.0069732936 167.73149011655 -60.3220443795 2224.21484 -6.911 0.9470000000000001 -0.7384998664855953 -0.8452500371932984 0.025101803 0.026101802 "" "" 11.83343945778244 "" 0.3038079664487444 ""
167.72703439044 -60.30912062001 0.0124 0.0157 4.8652 "" "" 5337671281139883904 2426.9729 0.3791 0.0163 -6.17 2.03 0.017 0.02 1.284 4968.9 2.8343 13.508258 1.801173 14.361781 12.560608 3.31 1.07 2343.2417 2530.35815 74412.12028 32.255 24587.0 41.183 74975.0 85.827 "" "" 0.0027952245038581312 0.0033305176 0.0039785043 0.007309022 167.72703439044 -60.30912062001 2426.9729 -6.170000000000006 2.03 0.002500133514404368 0.23774996280670146 0.028101802 0.0311018 10.576666666666666 1.8591893 2.735191496491788 10.924612135003182 0.0850685167196295 1.800100682547076
