Clusters/Hogg_10/Hogg_10_stars_in_region.tsv
# %ECSV 1.0
# ---
# datatype:
# - name: RA_ICRS_1
#   unit: deg
#   datatype: float64
#   format: '{:15.11f}'
#   description: Right ascension (ICRS) at Ep=2016.0 (ra)
#   meta: !!omap
#   - {ucd: POS_EQ_RA_MAIN}
#   - {width: 15}
#   - {precision: '11'}
# - name: DE_ICRS_1
#   unit: deg
#   datatype: float64
#   format: '{:15.11f}'
#   description: Declination (ICRS) at Ep=2016.0 (dec)
#   meta: !!omap
#   - {ucd: POS_EQ_DEC_MAIN}
#   - {width: 15}
#   - {precision: '11'}
# - name: e_RA_ICRS
#   unit: mas
#   datatype: float64
#   format: '{:7.4f}'
#   description: Standard error of right ascension (ra_error)
#   meta: !!omap
#   - {ucd: ERROR}
#   - {width: 7}
#   - {precision: '4'}
# - name: e_DE_ICRS
#   unit: mas
#   datatype: float64
#   format: '{:7.4f}'
#   description: Standard error of declination (dec_error)
#   meta: !!omap
#   - {ucd: ERROR}
#   - {width: 7}
#   - {precision: '4'}
# - name: _r_1
#   unit: ''
#   datatype: float64
#   format: '{:7.4f}'
#   description: Distance from center (167.68661491000-60.38770365000)[ICRS], at Epoch=J2016.0
#   meta: !!omap
#   - {ucd: POS_ANG_DIST_GENERAL}
#   - {width: 7}
#   - {precision: '4'}
# - name: HIP
#   datatype: int32
#   description: '? HIP cross-id number, van Leeuwen, Cat. I/311 (hip_original_ext_source_id)'
#   meta: !!omap
#   - {ucd: ID_NUMBER}
#   - {width: 6}
#   - values: {'null': -2147483648}
# - name: TYC2
#   datatype: string
#   description: Tycho-2 cross-id name, Hog et al., Cat. I/259 (tyc2_original_ext_source_id)
#   meta: !!omap
#   - {ucd: ID_CROSSID}
#   - {_votable_string_dtype: char}
# - name: Source
#   datatype: int64
#   description: Source identifier, identical to the Gaia-EDR3 source_id (id)
#   meta: !!omap
#   - {ucd: ID_MAIN}
#   - {width: 19}
# - name: rgeo
#   unit: pc
#   datatype: float64
#   format: '{:15.8f}'
#   description: '? Median of the geometric distance posterior (r_med_geo)'
#   meta: !!omap
#   - {ucd: PHYS_DISTANCE_TRUE}
#   - {width: 15}
#   - {precision: '8'}
#   - values: {'null': .nan}
# - name: Plx
#   unit: mas
#   datatype: float64
#   format: '{:9.4f}'
#   description: '? Parallax (parallax)'
#   meta: !!omap
#   - {ucd: POS_PARLX_TRIG}
#   - {width: 9}
#   - {precision: '4'}
#   - values: {'null': .nan}
# - name: e_Plx
#   unit: mas
#   datatype: float32
#   format: '{:7.4f}'
#   description: '? Standard error of parallax (parallax_error)'
#   meta: !!omap
#   - {ucd: ERROR}
#   - {width: 7}
#   - {precision: '4'}
#   - values: {'null': .nan}
# - name: pmRA
#   unit: mas / yr
#   datatype: float64
#   format: '{:9.3f}'
#   description: '? Proper motion in right ascension direction, pmRA*cosDE (pmra)'
#   meta: !!omap
#   - {ucd: POS_EQ_PMRA}
#   - {width: 9}
#   - {precision: '3'}
#   - values: {'null': .nan}
# - name: pmDE
#   unit: mas / yr
#   datatype: float64
#   format: '{:9.3f}'
#   description: '? Proper motion in declination direction (pmdec)'
#   meta: !!omap
#   - {ucd: POS_EQ_PMDEC}
#   - {width: 9}
#   - {precision: '3'}
#   - values: {'null': .nan}
# - name: e_pmRA
#   unit: mas / yr
#   datatype: float32
#   format: '{:6.3f}'
#   description: '? Standard error of proper motion in right ascension direction (pmra_error)'
#   meta: !!omap
#   - {ucd: ERROR}
#   - {width: 6}
#   - {precision: '3'}
#   - values: {'null': .nan}
# - name: e_pmDE
[...]
#         value: !astropy.table.SerializedColumn {name: SkyCoord.dec}
#       distance: !astropy.table.SerializedColumn
#         __class__: astropy.coordinates.distances.Distance
#         unit: !astropy.units.Unit {unit: pc}
#         value: !astropy.table.SerializedColumn {name: SkyCoord.distance}
#       frame: icrs
#       obstime: !astropy.time.Time {format: jyear_str, in_subfmt: '*', jd1: 367701545.0, jd2: 0.0, out_subfmt: '*', precision: 3, scale: tt}
#       pm_dec: !astropy.table.SerializedColumn
#         __class__: astropy.units.quantity.Quantity
#         unit: !astropy.units.Unit {unit: mas / yr}
#         value: !astropy.table.SerializedColumn {name: SkyCoord.pm_dec}
#       pm_ra_cosdec: !astropy.table.SerializedColumn
#         __class__: astropy.units.quantity.Quantity
#         unit: !astropy.units.Unit {unit: mas / yr}
#         value: !astropy.table.SerializedColumn {name: SkyCoord.pm_ra_cosdec}
#       ra: !astropy.table.SerializedColumn
#         __class__: astropy.coordinates.angles.Longitude
#         unit: *id001
#         value: !astropy.table.SerializedColumn {name: SkyCoord.ra}
#         wrap_angle: !astropy.coordinates.Angle
#           unit: *id001
#           value: 360.0
#       representation_type: spherical
# schema: astropy-2.0
RA_ICRS_1 DE_ICRS_1 e_RA_ICRS e_DE_ICRS _r_1 HIP TYC2 Source rgeo Plx e_Plx pmRA pmDE e_pmRA e_pmDE RUWE Teff logg Gmag BP-RP BPmag RPmag RV e_RV b_rgeo B_rgeo FG e_FG FBP e_FBP FRP e_FRP RAVE5 RAVE6 e_Gmag e_BPmag e_RPmag e_BP-RP SkyCoord.ra SkyCoord.dec SkyCoord.distance SkyCoord.pm_ra_cosdec SkyCoord.pm_dec rmRA rmDE e_rmRA e_rmDE rRV e_rRV v_pec v_pec3d e_vpec e_vpec3d
[from data line 2034]
167.85104013548 -60.28005410535 0.0424 0.0465 8.097 "" "" 5337676336362895360 2214.30249 0.4535 0.0543 -9.35 2.096 0.056 0.058 0.966 5362.0 4.6029 16.91847 1.506412 17.60372 16.097307 "" "" 1950.40967 2498.40161 3217.79916 1.9845 1241.4 6.8572 2885.6 12.202 "" "" 0.002835516837583033 0.006614624 0.0059466087 0.012561233 167.85104013548 -60.28005410535 2214.30249 -9.35 2.096 -3.1774998664855953 0.30374996280670175 0.06710181 0.0691018 "" "" 33.50241835586136 "" 2.24868850743903 ""
168.07331833896 -60.38113790882 0.0516 0.051 11.4728 "" "" 5337671903963172992 2394.36353 0.3968 0.0594 -4.965 6.078 0.067 0.062 1.333 "" "" 16.920517 1.360319 17.31733 15.95701 "" "" 2086.91895 2804.896 3211.73939 3.6446 1616.2 118.14 3283.6 80.912 "" "" 0.003018240428428338 0.07941352 0.02701952 0.106433034 168.07331833896 -60.38113790882 2394.36353 -4.965000000000002 6.078000000000001 1.2075001335144044 4.285749962806702 0.07810181 0.0731018 "" "" 50.53389779939522 "" 3.713287104836987 ""
167.46401832283 -60.48914861189 0.19 0.1745 8.9702 "" "" 5337690213354026752 2710.07983 0.7237 0.2239 -11.788 2.553 0.286 0.232 4.486 "" "" 16.921043 1.174633 17.190409 16.015776 "" "" 1474.67297 4452.39648 3210.18078 5.5133 1816.6 8.8181 3110.6 9.9737 "" "" 0.0033269888526910054 0.0059633637 0.0051383744 0.011101738 167.46401832283 -60.48914861189 2710.07983 -11.788 2.553 -5.615499866485596 0.7607499628067016 0.29710183 0.24310179 "" "" 72.79440828558818 "" 21.562849905768772 ""
167.18223369738 -60.46257220115 0.0864 0.0864 15.5974 "" "" 5337694680120088192 2578.31982 0.4217 0.1044 -5.356 1.367 0.113 0.102 2.056 5203.6 4.7372 16.921377 1.414404 17.503157 16.088753 "" "" 2055.13818 3267.25488 3209.19324 7.2341 1361.9 6.0261 2908.4 9.5784 "" "" 0.00368534615775299 0.0055556083 0.005202834 0.010758443 167.18223369738 -60.46257220115 2578.31982 -5.3559999999999945 1.3669999999999995 0.8165001335144044 -0.42525003719329835 0.1241018 0.1131018 "" "" 11.250907661499424 "" 1.3707886540542655 ""
168.01249799145 -60.44299177768 0.0432 0.0446 10.2075 "" "" 5337666200239426944 2404.72803 0.3988 0.0537 -5.132 1.462 0.059 0.054 0.977 5240.2 4.7066 16.921453 1.177731 17.309921 16.13219 "" "" 2150.67603 2765.69287 3208.96923 2.8207 1627.2 23.886 2794.4 41.947 "" "" 0.002915922969666929 0.016180132 0.016730553 0.032910682 168.01249799145 -60.44299177768 2404.72803 -5.132000000000007 1.4620000000000022 1.0405001335144046 -0.3302500371932984 0.070101805 0.0651018 "" "" 12.443105980338391 "" 0.8667758803773182 ""
168.09934386434 -60.24951542836 0.0942 0.0967 14.8024 "" "" 5337675030693053824 2336.15112 0.4666 0.1157 -5.665 1.989 0.121 0.118 2.311 5196.7 4.6614 16.924076 1.308147 17.438126 16.129978 "" "" 1861.0083 3096.01099 3201.22859 5.607 1446.0 6.7831 2800.1 10.129 "" "" 0.003347863200403089 0.005807319 0.005450602 0.011257921 168.09934386434 -60.24951542836 2336.15112 -5.664999999999997 1.989 0.5075001335144043 0.19674996280670176 0.1321018 0.1291018 "" "" 6.027273037265775 "" 0.7938744381598978 ""
167.46586750425 -60.29333262891 0.0423 0.041 8.6613 "" "" 5337717494989982720 2827.15479 0.3412 0.0504 -7.781 2.539 0.055 0.05 0.979 "" "" 16.924553 1.662966 17.670063 16.007097 "" "" 2522.49072 3129.68237 3199.81827 1.9102 1167.9 12.545 3135.6 8.0934 "" "" 0.002830528620244159 0.011991559 0.0047050333 0.01669659 167.46586750425 -60.29333262891 2827.15479 -7.781 2.539 -1.6084998664855954 0.7467499628067018 0.066101804 0.0611018 "" "" 23.76467367437816 "" 1.550483094021021 ""
167.98305295694 -60.52067372859 0.0458 0.0451 11.8565 "" "" 5337664035575760384 2233.82935 0.4235 0.056 -10.919 7.466 0.057 0.055 1.017 4928.5 4.3856 16.92487 1.372858 17.519354 16.146496 "" "" 1972.37793 2630.95557 3198.8849 2.141 1341.8 13.071 2757.8 11.681 "" "" 0.0028495352524835196 0.010938425 0.005952512 0.016890936 167.98305295694 -60.52067372859 2233.82935 -10.919 7.465999999999996 -4.746499866485596 5.673749962806702 0.0681018 0.066101804 "" "" 78.32567659955933 "" 5.242530844737834 ""
167.3692944262 -60.39534756635 0.0491 0.053 9.4179 "" "" 5337692966454775552 2492.16602 0.4143 0.0615 -3.605 -2.335 0.071 0.071 1.195 "" "" 16.925177 "" "" "" "" "" 2171.38501 2909.81543 3197.98318 3.1515 "" "" "" "" "" "" 0.0029557727632520568 "" "" "" 167.3692944262 -60.39534756635 2492.16602 -3.6050000000000004 -2.3350000000000004 2.5675001335144043 -4.127250037193298 0.08210181 0.08210181 "" "" 57.418614345797145 "" 4.714171993125751 ""
167.87281998936 -60.3938263554 0.0443 0.0482 5.5322 "" "" 5337669567493794944 2408.04321 0.4018 0.0568 -5.097 1.704 0.055 0.055 0.968 5153.4 4.7053 16.925402 1.184429 17.396795 16.212366 "" "" 2098.06104 2634.51025 3197.32004 2.6678 1502.1 16.189 2595.4 14.623 "" "" 0.0029004286721074865 0.012029656 0.0071905856 0.019220242 167.87281998936 -60.3938263554 2408.04321 -5.096999999999994 1.7039999999999988 1.0755001335144039 -0.08825003719329838 0.066101804 0.066101804 "" "" 12.317150248772483 "" 0.814185856209829 ""
167.2575916248 -60.51227612832 0.0586 0.0666 14.732 "" "" 5337687743797156864 2855.66431 0.3499 0.0741 -5.004 1.906 0.077 0.084 1.197 "" "" 16.925587 1.335702 17.082592 15.74689 "" "" 2279.32007 3420.58057 3196.77663 4.5135 2006.2 48.448 3984.8 64.379 "" "" 0.0031530457965045803 0.026367633 0.017943835 0.044311468 167.2575916248 -60.51227612832 2855.66431 -5.003999999999999 1.9060000000000015 1.1685001335144047 0.11374996280670158 0.088101804 0.0951018 "" "" 15.89140714028527 "" 1.4011469669223013 ""
167.5921825151 -60.16899713844 0.0507 0.0619 13.4197 "" "" 5337725573854633344 2011.34277 0.488 0.0667 -2.761 -0.776 0.066 0.077 1.151 "" "" 16.92583 1.235095 16.887762 15.652667 "" "" 1773.65845 2407.95166 3196.05617 3.7295 2400.6 78.478 4346.0 95.983 "" "" 0.003032648897551155 0.03560329 0.024274893 0.05987818 167.5921825151 -60.16899713844 2011.34277 -2.761000000000003 -0.7760000000000004 3.411500133514404 -2.568250037193298 0.077101804 0.088101804 "" "" 40.710672878113996 "" 3.307862281501087 ""
167.581286917 -60.49703495894 0.0476 0.0489 7.263 "" "" 5337691489009208704 2760.87329 0.3845 0.0594 -8.32 2.77 0.067 0.063 1.115 4555.7 4.1684 16.927368 1.743503 17.696232 15.952729 "" "" 2303.41187 3324.40405 3191.53285 2.8558 1140.1 6.9149 3296.6 23.481 "" "" 0.0029215826130560285 0.0071518924 0.008607575 0.015759468 167.581286917 -60.49703495894 2760.87329 -8.32 2.770000000000002 -2.147499866485596 0.9777499628067017 0.07810181 0.074101806 "" "" 30.879105134964338 "" 2.390959631504426 ""
167.49999887543 -60.26901448181 0.0477 0.0467 9.0242 "" "" 5337718908082356480 2410.79443 0.4185 0.0594 -8.662 1.39 0.065 0.056 1.047 5346.0 4.5986 16.92769 1.278336 17.420534 16.142199 "" "" 2077.18408 2884.41992 3190.58563 2.0819 1469.6 21.153 2768.7 23.943 "" "" 0.0028449430976916464 0.015874898 0.010121272 0.025996171 167.49999887543 -60.26901448181 2410.79443 -8.662 1.3900000000000006 -2.4894998664855965 -0.40225003719329844 0.0761018 0.06710181 "" "" 28.8168889905343 "" 2.1867997780952884 ""
167.78297603894 -60.37783486963 0.0505 0.0511 2.918 "" "" 5337670460846972544 1970.38928 0.4992 0.063 -11.724 3.675 0.069 0.062 1.243 5092.0 4.6887 16.930403 1.371489 17.466854 16.095366 "" "" 1717.15979 2278.8103 3182.6284 2.7019 1408.2 17.866 2890.8 25.637 "" "" 0.002905407193355492 0.014054603 0.010343987 0.02439859 167.78297603894 -60.37783486963 1970.38928 -11.724 3.6750000000000034 -5.551499866485596 1.8827499628067015 0.0801018 0.0731018 "" "" 54.749680553274146 "" 4.3475778858794 ""
167.96584938854 -60.2516861774 0.0407 0.0437 11.6372 "" "" 5337676679960409600 2424.43604 0.3966 0.0498 -6.102 1.86 0.055 0.054 1.024 4810.5 4.2399 16.930979 1.683466 17.717907 16.034441 "" "" 2176.12207 2705.90308 3180.93889 3.5873 1117.5 10.044 3057.6 10.77 "" "" 0.0030151346663139416 0.010149559 0.005376755 0.015526313 167.96584938854 -60.2516861774 2424.43604 -6.102 1.86 0.07050013351440398 0.06774996280670176 0.066101804 0.0651018 "" "" 1.1236354443936256 "" 0.07373699180342375 ""
167.80927039899 -60.60590265735 0.0419 0.0411 13.5843 "" "" 5337642968720775936 2400.16846 0.4021 0.0505 -12.135 8.029 0.056 0.051 1.0 5611.7 4.643 16.932268 1.259831 17.45241 16.19258 "" "" 2146.89673 2632.97632 3177.16066 1.9309 1427.1 11.375 2643.2 7.7763 "" "" 0.0028332297465911323 0.00909276 0.004948423 0.0140411835 167.80927039899 -60.60590265735 2400.16846 -12.135 8.029 -5.9624998664855955 6.236749962806702 0.06710181 0.0621018 "" "" 98.16301980060318 "" 6.335225046814895 ""
167.69832249363 -60.56721373535 0.0538 0.0581 10.7762 "" "" 5337644072565455744 2253.85767 0.4686 0.0691 -6.621 1.211 0.072 0.074 1.233 5838.5 4.4172 16.932463 1.979935 17.83981 15.859875 "" "" 1911.56348 2800.23218 3176.59322 24.226 998.83 27.514 3590.9 74.171 "" "" 0.008726661932180127 0.030037804 0.022742404 0.052780207 167.69832249363 -60.56721373535 2253.85767 -6.621000000000006 1.2109999999999999 -0.44849986648559614 -0.5812500371932983 0.0831018 0.085101806 "" "" 7.843334128222258 "" 0.6616712365686638 ""
167.92577918435 -60.39395462844 0.0539 0.0574 7.0999 "" "" 5337666573862217856 2146.26489 0.4798 0.0673 -7.637 1.846 0.072 0.07 1.31 5318.3 4.676 16.933283 1.261183 17.44284 16.181658 "" "" 1852.36731 2917.39136 3174.19611 2.3421 1439.7 7.979 2669.9 20.716 "" "" 0.0028694211706420773 0.006632707 0.009233256 0.015865963 167.92577918435 -60.39395462844 2146.26489 -7.636999999999998 1.8459999999999994 -1.4644998664855953 0.053749962806701745 0.0831018 0.081101805 "" "" 14.908821207322346 "" 1.2389102725212289 ""
167.61595918835 -60.423699533 0.0474 0.0573 3.008 "" "" 5337715540827764480 2947.03564 0.3351 0.0614 -10.574 4.619 0.068 0.075 1.119 5560.0 4.6683 16.93355 1.189024 17.439001 16.249977 "" "" 2511.01831 3436.38867 3173.41305 2.1456 1444.8 8.5317 2507.1 11.622 "" "" 0.002851433054789805 0.006992207 0.0062940908 0.013286298 167.61595918835 -60.423699533 2947.03564 -10.574 4.619 -4.4014998664855955 2.8267499628067014 0.07910181 0.08610181 "" "" 73.07204643905779 "" 5.934055482254949 ""
167.99820240712 -60.5921255413 0.0454 0.0442 15.3375 "" "" 5337639635820450304 2140.01929 0.4679 0.0556 -6.022 1.621 0.059 0.055 1.019 4692.6 4.2798 16.934208 1.6339 17.70909 16.07519 "" "" 1952.06262 2388.32983 3171.49091 4.003 1126.6 12.838 2945.0 12.937 "" "" 0.0030773003041182686 0.012683055 0.0060853786 0.018768433 167.99820240712 -60.5921255413 2140.01929 -6.021999999999995 1.6209999999999982 0.15050013351440406 -0.17125003719329834 0.070101805 0.066101804 "" "" 2.3126029335036797 "" 0.15696537244709907 ""
167.38150972202 -60.2437327632 0.0422 0.0414 12.5222 "" "" 5337720690450387328 2672.67188 0.3629 0.0514 -9.272 2.124 0.057 0.05 1.028 6019.7 4.4844 16.93495 1.214598 17.433525 16.218927 "" "" 2341.88818 3071.25513 3169.32467 1.9031 1452.1 7.4709 2579.8 9.0691 "" "" 0.002831402080325745 0.0062440704 0.005371396 0.011615466 167.38150972202 -60.2437327632 2672.67188 -9.272000000000004 2.1240000000000006 -3.099499866485596 0.33174996280670177 0.0681018 0.0611018 "" "" 39.490182130474906 "" 2.6863808262715776 ""
168.02609063828 -60.56662893213 0.0462 0.0454 14.6967 "" "" 5337663137881534848 2007.75635 0.4984 0.0572 -7.797 1.526 0.059 0.054 1.012 5104.8 4.6956 16.936653 1.253042 17.47893 16.225887 "" "" 1757.84863 2321.14844 3164.35951 1.9849 1392.7 8.1132 2563.3 11.037 "" "" 0.0028382414419842695 0.0069130585 0.006011554 0.0129246125 168.02609063828 -60.56662893213 2007.75635 -7.797 1.5260000000000002 -1.6244998664855954 -0.2662500371932983 0.070101805 0.0651018 "" "" 15.666251444212538 "" 1.096254699098601 ""
167.45130806013 -60.35554415744 0.0433 0.044 7.2416 "" "" 5337716709058882944 2791.84863 0.3675 0.054 -0.678 5.792 0.056 0.052 1.006 5493.4 4.6269 16.937237 1.366137 17.553467 16.18733 "" "" 2387.65869 3288.99878 3162.65554 1.8537 1300.3 6.9126 2656.0 7.5726 "" "" 0.002827854358332439 0.006410959 0.0048853154 0.011296274 167.45130806013 -60.35554415744 2791.84863 -0.6779999999999988 5.792000000000005 5.494500133514404 3.9997499628067015 0.06710181 0.063101806 "" "" 89.93579651319236 "" 5.912728117058417 ""
167.96749285114 -60.16891604297 0.0665 0.0666 15.5607 "" "" 5337678810264344064 2948.96216 0.3805 0.0856 -7.003 1.78 0.099 0.095 1.158 "" "" 16.937735 1.341272 16.996634 15.655361 "" "" 2421.38867 3930.93701 3161.20691 5.3549 2171.5 116.62 4335.2 222.23 "" "" 0.0033127554798157727 0.058375977 0.05578492 0.114160895 167.96749285114 -60.16891604297 2948.96216 -7.003000000000007 1.780000000000003 -0.8304998664855958 -0.012250037193298313 0.110101804 0.1061018 "" "" 11.61005688821471 "" 1.2782782912611461 ""
167.95412880319 -60.43299567104 0.0486 0.0474 8.3786 "" "" 5337666372038105600 2585.17871 0.3894 0.058 -6.112 1.792 0.069 0.06 1.038 4781.7 4.1914 16.937784 1.728928 17.766981 16.038054 "" "" 2227.28027 2966.96973 3161.06284 3.1648 1068.1 7.1237 3047.5 13.119 "" "" 0.002961992791836727 0.007760273 0.0060107624 0.013771035 167.95412880319 -60.43299567104 2585.17871 -6.112 1.7920000000000011 0.0605001335144042 -0.00025003719329830254 0.0801018 0.0711018 "" "" 0.7413596659756858 "" 0.05938413831540181 ""
168.15973694145 -60.32616523473 0.0478 0.0559 14.5176 "" "" 5337672350606702848 2355.45532 0.4218 0.0613 -7.043 0.685 0.067 0.073 1.033 5519.8 4.6856 16.94011 1.24942 17.379065 16.129644 "" "" 2037.047 2690.30371 3154.3008 2.9865 1526.8 46.923 2800.9 31.536 "" "" 0.002940837923287019 0.03348428 0.012795453 0.046279732 168.15973694145 -60.32616523473 2355.45532 -7.043000000000002 0.6849999999999995 -0.8704998664855959 -1.1072500371932983 0.07810181 0.0841018 "" "" 15.725308089378217 "" 1.2873023947978126 ""
167.79688914626 -60.4986873951 0.0467 0.0472 7.4159 "" "" 5337667432848952192 2579.40283 0.3768 0.0557 -8.391 -0.557 0.062 0.059 0.993 5016.0 4.4215 16.94076 1.403377 17.592585 16.189207 "" "" 2245.11255 2945.85986 3152.41178 1.9361 1254.2 7.8371 2651.4 9.7369 "" "" 0.0028348614363550837 0.0073357644 0.00549378 0.012829544 167.79688914626 -60.4986873951 2579.40283 -8.391 -0.5569999999999998 -2.2184998664855957 -2.3492500371932983 0.0731018 0.070101805 "" "" 39.50596584868968 "" 2.8259280410781304 ""
168.01259746199 -60.22751313037 0.042 0.0441 13.6471 "" "" 5337675339930686848 2539.68945 0.3751 0.0512 -8.916 4.779 0.058 0.056 1.043 5662.0 4.6699 16.940825 1.221899 17.469877 16.247978 "" "" 2255.54175 2831.76489 3152.22556 1.8888 1404.3 6.8492 2511.7 9.9935 "" "" 0.0028310826099253086 0.0059855673 0.0057397997 0.011725367 168.01259746199 -60.22751313037 2539.68945 -8.91600000000001 4.7790000000000035 -2.743499866485596 2.9867499628067016 0.0691018 0.06710181 "" "" 48.82120186503517 "" 3.3210307721912122 ""
167.59376162113 -60.24998246516 0.0432 0.0479 8.7116 "" "" 5337718633185633408 2307.80884 0.4445 0.0578 -6.452 2.08 0.057 0.056 0.973 "" "" 16.941427 1.983317 17.903748 15.92043 "" "" 1991.98364 2854.24634 3150.47545 6.7557 941.71 12.03 3396.1 21.451 "" "" 0.0036072512914982788 0.014147744 0.007830362 0.021978106 167.59376162113 -60.24998246516 2307.80884 -6.452000000000002 2.0800000000000027 -0.27949986648559566 0.28774996280670173 0.0681018 0.06710181 "" "" 4.388170346233216 "" 0.29659253117123147 ""
167.45376135316 -60.27758262774 0.0454 0.0426 9.5643 "" "" 5337717602417079808 2579.33887 0.3979 0.0535 -7.2 2.238 0.058 0.05 1.013 4983.9 4.5265 16.942232 1.342043 17.544365 16.202322 "" "" 2211.13794 2899.30859 3148.13922 1.9456 1311.2 6.4382 2619.6 8.8881 "" "" 0.0028358479122221687 0.006017148 0.0052777124 0.01129486 167.45376135316 -60.27758262774 2579.33887 -7.200000000000001 2.238 -1.0274998664855959 0.44574996280670165 0.0691018 0.0611018 "" "" 13.693461662769927 "" 0.9297522515588491 ""
