Clusters/Hogg_10/Hogg_10_stars_in_region.tsv
# %ECSV 1.0
# ---
# datatype:
# - name: RA_ICRS_1
#   unit: deg
#   datatype: float64
#   format: '{:15.11f}'
#   description: Right ascension (ICRS) at Ep=2016.0 (ra)
#   meta: !!omap
#   - {ucd: POS_EQ_RA_MAIN}
#   - {width: 15}
#   - {precision: '11'}
# - name: DE_ICRS_1
#   unit: deg
#   datatype: float64
#   format: '{:15.11f}'
#   description: Declination (ICRS) at Ep=2016.0 (dec)
#   meta: !!omap
#   - {ucd: POS_EQ_DEC_MAIN}
#   - {width: 15}
#   - {precision: '11'}
# - name: e_RA_ICRS
#   unit: mas
#   datatype: float64
#   format: '{:7.4f}'
#   description: Standard error of right ascension (ra_error)
#   meta: !!omap
#   - {ucd: ERROR}
#   - {width: 7}
#   - {precision: '4'}
# - name: e_DE_ICRS
#   unit: mas
#   datatype: float64
#   format: '{:7.4f}'
#   description: Standard error of declination (dec_error)
#   meta: !!omap
#   - {ucd: ERROR}
#   - {width: 7}
#   - {precision: '4'}
# - name: _r_1
#   unit: ''
#   datatype: float64
#   format: '{:7.4f}'
#   description: Distance from center (167.68661491000-60.38770365000)[ICRS], at Epoch=J2016.0
#   meta: !!omap
#   - {ucd: POS_ANG_DIST_GENERAL}
#   - {width: 7}
#   - {precision: '4'}
# - name: HIP
#   datatype: int32
#   description: '? HIP cross-id number, van Leeuwen, Cat. I/311 (hip_original_ext_source_id)'
#   meta: !!omap
#   - {ucd: ID_NUMBER}
#   - {width: 6}
#   - values: {'null': -2147483648}
# - name: TYC2
#   datatype: string
#   description: Tycho-2 cross-id name, Hog et al., Cat. I/259 (tyc2_original_ext_source_id)
#   meta: !!omap
#   - {ucd: ID_CROSSID}
#   - {_votable_string_dtype: char}
# - name: Source
#   datatype: int64
#   description: Source identifier, identical to the Gaia-EDR3 source_id (id)
#   meta: !!omap
#   - {ucd: ID_MAIN}
#   - {width: 19}
# - name: rgeo
#   unit: pc
#   datatype: float64
#   format: '{:15.8f}'
#   description: '? Median of the geometric distance posterior (r_med_geo)'
#   meta: !!omap
#   - {ucd: PHYS_DISTANCE_TRUE}
#   - {width: 15}
#   - {precision: '8'}
#   - values: {'null': .nan}
# - name: Plx
#   unit: mas
#   datatype: float64
#   format: '{:9.4f}'
#   description: '? Parallax (parallax)'
#   meta: !!omap
#   - {ucd: POS_PARLX_TRIG}
#   - {width: 9}
#   - {precision: '4'}
#   - values: {'null': .nan}
# - name: e_Plx
#   unit: mas
#   datatype: float32
#   format: '{:7.4f}'
#   description: '? Standard error of parallax (parallax_error)'
#   meta: !!omap
#   - {ucd: ERROR}
#   - {width: 7}
#   - {precision: '4'}
#   - values: {'null': .nan}
# - name: pmRA
#   unit: mas / yr
#   datatype: float64
#   format: '{:9.3f}'
#   description: '? Proper motion in right ascension direction, pmRA*cosDE (pmra)'
#   meta: !!omap
#   - {ucd: POS_EQ_PMRA}
#   - {width: 9}
#   - {precision: '3'}
#   - values: {'null': .nan}
# - name: pmDE
#   unit: mas / yr
#   datatype: float64
#   format: '{:9.3f}'
#   description: '? Proper motion in declination direction (pmdec)'
#   meta: !!omap
#   - {ucd: POS_EQ_PMDEC}
#   - {width: 9}
#   - {precision: '3'}
#   - values: {'null': .nan}
# - name: e_pmRA
#   unit: mas / yr
#   datatype: float32
#   format: '{:6.3f}'
#   description: '? Standard error of proper motion in right ascension direction (pmra_error)'
#   meta: !!omap
#   - {ucd: ERROR}
#   - {width: 6}
#   - {precision: '3'}
#   - values: {'null': .nan}
# - name: e_pmDE
[...]
#         value: !astropy.table.SerializedColumn {name: SkyCoord.dec}
#       distance: !astropy.table.SerializedColumn
#         __class__: astropy.coordinates.distances.Distance
#         unit: !astropy.units.Unit {unit: pc}
#         value: !astropy.table.SerializedColumn {name: SkyCoord.distance}
#       frame: icrs
#       obstime: !astropy.time.Time {format: jyear_str, in_subfmt: '*', jd1: 367701545.0, jd2: 0.0, out_subfmt: '*', precision: 3, scale: tt}
#       pm_dec: !astropy.table.SerializedColumn
#         __class__: astropy.units.quantity.Quantity
#         unit: !astropy.units.Unit {unit: mas / yr}
#         value: !astropy.table.SerializedColumn {name: SkyCoord.pm_dec}
#       pm_ra_cosdec: !astropy.table.SerializedColumn
#         __class__: astropy.units.quantity.Quantity
#         unit: !astropy.units.Unit {unit: mas / yr}
#         value: !astropy.table.SerializedColumn {name: SkyCoord.pm_ra_cosdec}
#       ra: !astropy.table.SerializedColumn
#         __class__: astropy.coordinates.angles.Longitude
#         unit: *id001
#         value: !astropy.table.SerializedColumn {name: SkyCoord.ra}
#         wrap_angle: !astropy.coordinates.Angle
#           unit: *id001
#           value: 360.0
#       representation_type: spherical
# schema: astropy-2.0
RA_ICRS_1 DE_ICRS_1 e_RA_ICRS e_DE_ICRS _r_1 HIP TYC2 Source rgeo Plx e_Plx pmRA pmDE e_pmRA e_pmDE RUWE Teff logg Gmag BP-RP BPmag RPmag RV e_RV b_rgeo B_rgeo FG e_FG FBP e_FBP FRP e_FRP RAVE5 RAVE6 e_Gmag e_BPmag e_RPmag e_BP-RP SkyCoord.ra SkyCoord.dec SkyCoord.distance SkyCoord.pm_ra_cosdec SkyCoord.pm_dec rmRA rmDE e_rmRA e_rmDE rRV e_rRV v_pec v_pec3d e_vpec e_vpec3d
[from data line 122]
167.9565201035 -60.5843672775 0.0139 0.0122 14.2437 "" "" 5337640357374279552 2477.30103 0.3794 0.0166 -6.568 2.095 0.017 0.015 0.994 "" "" 12.985349 0.756054 13.277638 12.521584 "" "" 2399.1958 2563.32861 120450.10985 28.013 66736.0 36.863 77719.0 38.143 "" "" 0.0027668664881871433 0.002853896 0.003816761 0.006670657 167.9565201035 -60.5843672775 2477.30103 -6.568000000000008 2.0950000000000015 -0.3954998664855953 0.30274996280670186 0.028101802 0.026101802 "" "" 5.848587269495114 "" 0.16013362838747003 ""
167.54829863207 -60.1383059986 0.0102 0.0102 15.5197 "" "" 5337725676951409664 2043.53699 0.4737 0.0129 -10.593 4.835 0.013 0.012 0.999 4992.1 2.7702 12.997386 1.669744 13.793036 12.123292 -47.9 1.09 1996.95874 2095.70288 119122.06536 21.413 41515.0 28.421 112160.0 34.832 "" "" 0.002762223765136066 0.0028874779 0.003794393 0.0066818707 167.54829863207 -60.1383059986 2043.53699 -10.593000000000009 4.835000000000002 -4.420499866485596 3.0427499628067016 0.024101801 0.023101803 -40.63333333333333 1.8791893 51.98172086046726 65.97853500490379 1.2363804711947848 1.5126883271061287
167.36501958059 -60.24295101014 0.009 0.0086 12.9129 "" "" 5337720694788715776 2171.64014 0.4303 0.0105 -5.871 1.695 0.012 0.011 0.789 "" "" 13.000295 0.390869 13.137053 12.746183 "" "" 2123.78247 2229.45068 118803.39183 51.776 75962.0 102.74 63195.0 59.114 "" "" 0.002795654883499827 0.0031530107 0.003913466 0.0070664766 167.36501958059 -60.24295101014 2171.64014 -5.870999999999994 1.694999999999999 0.30150013351440386 -0.09725003719329828 0.023101803 0.0221018 "" "" 3.2609663143983316 "" 0.0750329470316089 ""
167.29638727538 -60.48864249644 0.0117 0.0113 13.0428 "" "" 5337693688032258176 2739.30688 0.3317 0.0142 -6.536 1.863 0.015 0.014 1.027 12812.0 3.6779 13.020661 0.375208 13.151826 12.776618 "" "" 2647.07422 2849.82471 116595.61088 43.102 74935.0 54.998 61448.0 36.402 "" "" 0.0027843999884635505 0.0029017318 0.003833722 0.006735454 167.29638727538 -60.48864249644 2739.30688 -6.536 1.862999999999999 -0.3634998664855953 0.07074996280670165 0.026101802 0.025101803 "" "" 4.808365548021887 "" 0.12533474089338717 ""
167.7084110685 -60.41531440429 0.0102 0.0111 1.7781 "" "" 5337668502341774848 2358.72241 0.3937 0.013 -6.253 1.65 0.014 0.013 0.911 "" "" 13.031277 0.365701 13.158688 12.792987 "" "" 2291.94995 2430.84253 115461.15951 68.502 74463.0 113.02 60529.0 89.351 "" "" 0.002829616136232645 0.0032404824 0.004105176 0.0073456583 167.7084110685 -60.41531440429 2358.72241 -6.252999999999999 1.6500000000000004 -0.08049986648559582 -0.14225003719329843 0.025101803 0.024101801 "" "" 1.8274067112603571 "" 0.04449395649593336 ""
167.71366502046 -60.22097197771 0.0412 0.054 10.0362 "" "" 5337677538953764864 2118.34766 0.4569 0.0536 -8.019 2.344 0.059 0.067 3.379 6698.6 3.5498 13.0332 0.733299 13.146699 12.4134 "" "" 1909.54175 2477.18213 115256.83412 44.698 75290.0 259.48 85861.0 279.86 "" "" 0.0027873073630662283 0.0046676314 0.0051776045 0.009845236 167.71366502046 -60.22097197771 2118.34766 -8.019000000000004 2.3439999999999994 -1.8464998664855958 0.5517499628067015 0.070101805 0.07810181 "" "" 19.35066663313902 "" 1.3698641038993782 ""
167.42877683782 -60.35351114786 0.0095 0.0093 7.9187 "" "" 5337716910874289280 2156.97534 0.4398 0.0113 -7.674 2.088 0.012 0.011 0.904 "" "" 13.037306 1.604085 13.778348 12.174263 -3.04 2.49 2109.10107 2209.32275 114821.81076 19.349 42080.0 130.27 107020.0 108.87 "" "" 0.002761388078622018 0.0043683685 0.0039374684 0.0083058365 167.42877683782 -60.35351114786 2156.97534 -7.673999999999999 2.088 -1.501499866485596 0.29574996280670174 0.023101803 0.0221018 4.226666666666667 3.279189 15.646390864271192 16.207228578281363 0.36088766924338234 0.9234223536494799
167.76433301132 -60.42101557265 0.0131 0.0141 3.0494 "" "" 5337668811579439744 2327.83862 0.4066 0.0164 -6.689 2.193 0.018 0.017 1.461 "" "" 13.042646 1.521866 13.74672 12.224854 2.75 0.83 2250.5354 2430.04346 114258.39781 25.092 43324.0 35.112 102140.0 31.67 "" "" 0.0027656176569881004 0.0029256344 0.0037943458 0.0067199804 167.76433301132 -60.42101557265 2327.83862 -6.689000000000003 2.1929999999999987 -0.5164998664855958 0.4007499628067017 0.0291018 0.028101802 10.016666666666666 1.6191893 7.213309569599926 12.343639903123915 0.20723908865023377 1.3195155088920552
167.35318924739 -60.30382535023 0.009 0.0088 11.104 "" "" 5337720037610615552 2463.78491 0.3691 0.0107 -5.79 1.651 0.012 0.01 1.005 "" "" 13.059746 0.472527 13.228278 12.755752 "" "" 2397.96826 2530.96167 112473.06287 75.804 69840.0 143.38 62641.0 99.597 "" "" 0.0028508350097459934 0.0035711983 0.0041549704 0.0077261687 167.35318924739 -60.30382535023 2463.78491 -5.79 1.6509999999999985 0.38250013351440426 -0.14125003719329832 0.023101803 0.021101803 "" "" 4.7618127200189315 "" 0.10890757061795867 ""
167.63385553226 -60.29566720825 0.0101 0.012 5.74 "" "" 5337717941666569472 2236.58423 0.4194 0.0134 -4.765 1.117 0.013 0.014 1.141 "" "" 13.065727 1.57131 13.79959 12.22828 2.95 1.71 2176.39404 2310.19385 111855.14641 16.553 41265.0 25.982 101820.0 35.75 "" "" 0.0027600009914685738 0.0028726964 0.0037985588 0.0066712555 167.63385553226 -60.29566720825 2236.58423 -4.7650000000000015 1.116999999999999 1.4075001335144046 -0.6752500371932983 0.024101801 0.025101803 10.216666666666667 2.4991894 16.54981254053085 19.449333482268486 0.4020285560063724 1.3566548973261463
167.70293433717 -60.37436269655 0.0138 0.0166 0.9354 "" "" 5337669223896347904 2313.43237 0.4013 0.0186 -6.213 1.932 0.019 0.021 1.455 11144.3 3.8239 13.066162 0.839476 13.392266 12.552791 -59.36 6.04 2215.08008 2397.96729 111810.3573 36.235 60050.0 41.872 75516.0 32.283 "" "" 0.0027776960307462923 0.002891055 0.0038077766 0.006698832 167.70293433717 -60.37436269655 2313.43237 -6.213 1.9320000000000004 -0.04049986648559578 0.1397499628067016 0.030101802 0.032101803 -52.093333333333334 6.8291893 1.5955064585297811 52.11776106700084 0.05097853764854969 6.825988619695085
167.39681273847 -60.27115127578 0.0095 0.0092 11.0901 "" "" 5337720522989982848 2678.51221 0.3472 0.0113 -7.629 2.104 0.012 0.011 0.938 5120.6 2.675 13.071122 1.534922 13.782969 12.248048 -31.45 0.8 2598.45337 2754.98853 111300.65768 15.569 41901.0 30.555 99986.0 31.937 "" "" 0.002759502767688672 0.0029003273 0.0037952599 0.006695587 167.39681273847 -60.27115127578 2678.51221 -7.6290000000000004 2.104000000000001 -1.4564998664855953 0.31174996280670175 0.023101803 0.0221018 -24.183333333333334 1.5891893 18.910782913463333 30.69937005072332 0.4360619409965874 1.2803726738709018
167.23406182032 -60.40605857478 0.0095 0.0094 13.4585 "" "" 5337694577044260608 2353.38037 0.3929 0.0113 -6.967 2.324 0.014 0.011 0.811 "" "" 13.071442 0.67548 13.329618 12.654139 "" "" 2307.82935 2422.48926 111267.91408 27.311 63616.0 35.095 68786.0 27.768 "" "" 0.0027681780895280803 0.0028537363 0.0038047119 0.006658448 167.23406182032 -60.40605857478 2353.38037 -6.967 2.3240000000000003 -0.7944998664855953 0.5317499628067015 0.025101803 0.0221018 "" "" 10.66450567345816 "" 0.2582243813983607 ""
167.53906379071 -60.23923846176 0.0089 0.0107 9.9285 "" "" 5337719011161672192 1975.96033 0.4804 0.0117 -7.704 0.782 0.011 0.012 0.922 4742.0 2.53 13.080149 1.706292 13.899942 12.19365 32.54 0.49 1929.08398 2012.31055 110379.25285 19.253 37622.0 31.02 105120.0 41.563 "" "" 0.002761820845212876 0.002930264 0.0038036841 0.0067339484 167.53906379071 -60.23923846176 1975.96033 -7.703999999999994 0.7819999999999989 -1.5314998664855954 -1.0102500371932983 0.0221018 0.023101803 39.806666666666665 1.2791892 17.183826337647318 43.35729002963092 0.38508468820953523 1.1843088592218987
168.06862833504 -60.4429040649 0.0094 0.0091 11.7909 "" "" 5337665478684955776 2839.5647 0.3209 0.0115 -8.593 1.569 0.012 0.011 0.947 "" "" 13.084651 1.934859 14.053336 12.118477 -7.18 0.56 2754.85693 2938.84399 109922.42164 21.348 32665.0 34.469 112660.0 67.271 "" "" 0.002763376837973345 0.003016235 0.0038345838 0.006850819 168.06862833504 -60.4429040649 2839.5647 -8.592999999999998 1.5689999999999993 -2.4204998664855957 -0.2232500371932984 0.023101803 0.0221018 0.08666666666666689 1.3491893 32.717086115883134 32.717200904497076 0.7555536253115486 0.7555594272615374
167.39084884203 -60.59272682721 0.009 0.0098 15.0908 "" "" 5337684234759363968 2468.65088 0.3677 0.0112 -6.438 1.781 0.012 0.013 0.92 14214.6 4.041 13.094045 0.379369 13.225706 12.846337 "" "" 2392.77368 2526.18726 108975.51294 32.969 70006.0 41.876 57627.0 24.696 "" "" 0.002774830566372231 0.00286476 0.0038079158 0.0066726757 167.39084884203 -60.59272682721 2468.65088 -6.437999999999997 1.7809999999999977 -0.2654998664855954 -0.011250037193298423 0.023101803 0.024101801 "" "" 3.1095092798833774 "" 0.07184096397006368 ""
167.60468056873 -60.27593208316 0.0323 0.0359 7.1341 "" "" 5337718152149098112 2491.56958 0.3693 0.0384 -6.487 2.234 0.045 0.047 0.97 "" "" 13.100941 "" "" "" "" "" 2251.31323 2799.67944 108285.53149 161.43 "" "" "" "" "" "" 0.0031955653895890525 "" "" "" 167.60468056873 -60.27593208316 2491.56958 -6.487000000000003 2.234 -0.3144998664855958 0.44174996280670165 0.056101803 0.0581018 "" "" 6.404191550835768 "" 0.36783650818740377 ""
167.37224726375 -60.37049336763 0.015 0.0145 9.3797 "" "" 5337693378794947328 2277.24731 0.4067 0.0177 -11.092 2.479 0.02 0.018 1.726 "" "" 13.103359 0.650269 13.348084 12.697815 "" "" 2195.63989 2386.31445 108044.57739 32.978 62544.0 27.882 66074.0 19.801 "" "" 0.0027751778144500614 0.002831841 0.0037933618 0.0066252025 167.37224726375 -60.37049336763 2277.24731 -11.09199999999999 2.479 -4.919499866485596 0.6867499628067018 0.0311018 0.0291018 "" "" 53.61674413677791 "" 1.6655922385897932 ""
167.58942224238 -60.59417566437 0.0096 0.0111 12.717 "" "" 5337642384598016256 2696.14526 0.3396 0.0123 -7.158 1.791 0.014 0.014 0.924 7930.6 3.4371 13.10575 0.589391 13.327516 12.738125 "" "" 2604.46729 2786.95801 107806.91274 42.356 63740.0 58.091 63666.0 43.306 "" "" 0.002788145135367572 0.002960436 0.003850863 0.0068112994 167.58942224238 -60.59417566437 2696.14526 -7.158 1.791 -0.9854998664855961 -0.0012500371932984145 0.025101803 0.025101803 "" "" 12.594430894065896 "" 0.3161429262624209 ""
167.5444427331 -60.35590417486 0.0094 0.0101 4.6287 "" "" 5337716056223916032 2480.68335 0.3685 0.0117 -6.227 1.936 0.012 0.012 0.837 13615.0 3.9357 13.11095 0.499887 13.28958 12.789694 "" "" 2422.49536 2540.4104 107291.8014 29.009 66006.0 39.682 60713.0 21.343 "" "" 0.002770913993026785 0.0028655028 0.0037986056 0.0066641085 167.5444427331 -60.35590417486 2480.68335 -6.227000000000002 1.9359999999999997 -0.054499866485596016 0.1437499628067016 0.023101803 0.023101803 "" "" 1.8076773993667765 "" 0.04176060701467604 ""
167.74365258902 -60.28403114536 0.0096 0.0117 6.4468 "" "" 5337671422919800704 2297.86304 0.4019 0.0124 -6.23 1.959 0.013 0.015 0.902 15306.4 3.9155 13.130824 0.601789 13.352973 12.751183 "" "" 2227.71484 2365.38013 105345.77106 27.054 62263.0 32.464 62905.0 31.604 "" "" 0.0027693925838250862 0.0028470198 0.003818544 0.006665564 167.74365258902 -60.28403114536 2297.86304 -6.23 1.959 -0.05749986648559613 0.16674996280670173 0.024101801 0.026101802 "" "" 1.921166230239205 "" 0.049751670591053114 ""
167.488497663 -60.35160936851 0.0118 0.0122 6.2633 "" "" 5337716773439882880 2468.61206 0.3721 0.0143 -5.944 1.903 0.015 0.015 1.281 10005.3 3.9066 13.135341 0.586456 13.346633 12.760177 "" "" 2395.01245 2551.83862 104908.46757 30.617 62627.0 34.089 62386.0 30.071 "" "" 0.0027734804527707493 0.0028520715 0.003815444 0.0066675153 167.488497663 -60.35160936851 2468.61206 -5.944 1.903 0.22850013351440435 0.11074996280670169 0.026101802 0.026101802 "" "" 2.9712316545419477 "" 0.07755449898937598 ""
167.49098804101 -60.61918795997 0.0157 0.0168 15.0434 "" "" 5337683311390846720 2304.12964 0.3969 0.02 -4.34 2.473 0.022 0.02 1.768 7604.1 3.442 13.139952 0.621645 13.371426 12.749781 "" "" 2182.82129 2432.49976 104463.90319 28.367 61213.0 33.543 62986.0 30.904 "" "" 0.002771049268972647 0.0028528962 0.003816741 0.0066696373 167.49098804101 -60.61918795997 2304.12964 -4.34 2.4730000000000008 1.8325001335144044 0.6807499628067015 0.0331018 0.0311018 "" "" 21.350148085431623 "" 0.7016886580942662 ""
167.18545600299 -60.40214567104 0.0094 0.0091 14.8801 "" "" 5337695234220601600 2122.99609 0.438 0.0111 -7.771 3.074 0.013 0.012 0.95 4847.8 2.6215 13.153434 1.820818 14.046755 12.225937 25.66 0.84 2061.27637 2175.802 103174.73144 16.35 32864.0 22.396 102040.0 36.485 "" "" 0.0027606869658757995 0.0028866075 0.0037992676 0.0066858754 167.18545600299 -60.40214567104 2122.99609 -7.771000000000001 3.0740000000000007 -1.5984998664855956 1.2817499628067015 0.024101801 0.023101803 32.92666666666667 1.6291893 20.618313509578577 38.84945597762018 0.4889732681729772 1.404985872916687
168.15385227976 -60.35325615288 0.0095 0.0097 14.0131 "" "" 5337672208850356480 2307.01416 0.3953 0.0116 -5.966 1.63 0.012 0.012 0.877 7187.9 3.6736 13.159517 0.383553 13.291772 12.908219 "" "" 2249.34229 2380.21924 102598.20929 24.179 65873.0 31.979 54434.0 21.514 "" "" 0.002767175440792741 0.002839519 0.003803665 0.006643184 168.15385227976 -60.35325615288 2307.01416 -5.966000000000002 1.63 0.2065001335144041 -0.16225003719329845 0.023101803 0.023101803 "" "" 2.871775359630699 "" 0.06634318837530284 ""
167.81424774668 -60.41204218333 0.01 0.0111 4.0547 "" "" 5337668158744454784 2308.10742 0.3942 0.0127 -6.143 1.713 0.012 0.012 0.92 12655.5 3.9793 13.162342 0.404631 13.305249 12.900619 "" "" 2251.96997 2396.01514 102331.63246 35.913 65060.0 33.523 54816.0 22.971 "" "" 0.0027815423525142675 0.0028457022 0.0038066702 0.0066523724 167.81424774668 -60.41204218333 2308.10742 -6.142999999999998 1.712999999999999 0.029500133514404503 -0.07925003719329826 0.023101803 0.023101803 "" "" 0.9251506799881298 "" 0.02137264867607366 ""
167.90397309959 -60.25304030184 0.0088 0.0103 10.3432 "" "" 5337676813055393280 2486.69482 0.369 0.0115 -6.324 0.179 0.012 0.013 0.907 5579.2 2.7371 13.165779 1.59387 13.910518 12.316648 -23.79 1.16 2415.90894 2555.28857 102008.19317 14.993 37257.0 24.501 93864.0 29.631 "" "" 0.002759937517852244 0.002880078 0.0037948915 0.0066749696 167.90397309959 -60.25304030184 2486.69482 -6.324 0.17899999999999985 -0.15149986648559555 -1.6132500371932983 0.023101803 0.024101801 -16.523333333333333 1.9491892 19.098934949384066 25.254501789685907 0.46015520674284743 1.3219286045767153
167.55513571065 -60.23429057498 0.0118 0.0134 9.9997 "" "" 5337719389118815488 2416.24072 0.3803 0.0153 -6.488 2.22 0.016 0.016 1.354 7965.0 3.3817 13.186532 0.865266 13.562067 12.696801 "" "" 2325.34277 2510.00317 100076.92139 1228.3 51356.0 2455.8 66136.0 2241.3 "" "" 0.01360771793072818 0.05199389 0.03698838 0.08898227 167.55513571065 -60.23429057498 2416.24072 -6.487999999999992 2.220000000000001 -0.31549986648559614 0.42774996280670186 0.027101804 0.027101804 "" "" 6.0874527638051 "" 0.1649809490523004 ""
167.92310720621 -60.617620314 0.0095 0.0101 15.4633 "" "" 5337639915037456384 2036.50098 0.4592 0.0119 -8.124 1.738 0.012 0.012 0.948 "" "" 13.194396 1.740988 14.035942 12.294954 24.51 0.8 1983.50085 2084.82788 99354.64489 17.985 33193.0 23.771 95758.0 33.173 "" "" 0.0027623208722803573 0.0028964847 0.003798052 0.0066945367 167.92310720621 -60.617620314 2036.50098 -8.124 1.7379999999999978 -1.9514998664855963 -0.05425003719329835 0.023101803 0.023101803 31.776666666666667 1.5891893 18.845134264971783 36.944493905171555 0.4353565777023991 1.3848141697095515
