Clusters/BH_217/BH_217_stars_in_region.tsv
# %ECSV 1.0
# ---
# datatype:
# - name: RA_ICRS_1
#   unit: deg
#   datatype: float64
#   format: '{:15.11f}'
#   description: Right ascension (ICRS) at Ep=2016.0 (ra)
#   meta: !!omap
#   - {ucd: POS_EQ_RA_MAIN}
#   - {width: 15}
#   - {precision: '11'}
# - name: DE_ICRS_1
#   unit: deg
#   datatype: float64
#   format: '{:15.11f}'
#   description: Declination (ICRS) at Ep=2016.0 (dec)
#   meta: !!omap
#   - {ucd: POS_EQ_DEC_MAIN}
#   - {width: 15}
#   - {precision: '11'}
# - name: e_RA_ICRS
#   unit: mas
#   datatype: float64
#   format: '{:7.4f}'
#   description: Standard error of right ascension (ra_error)
#   meta: !!omap
#   - {ucd: ERROR}
#   - {width: 7}
#   - {precision: '4'}
# - name: e_DE_ICRS
#   unit: mas
#   datatype: float64
#   format: '{:7.4f}'
#   description: Standard error of declination (dec_error)
#   meta: !!omap
#   - {ucd: ERROR}
#   - {width: 7}
#   - {precision: '4'}
# - name: _r_1
#   unit: ''
#   datatype: float64
#   format: '{:7.4f}'
#   description: Distance from center (259.07540941000-40.81409505000)[ICRS], at Epoch=J2016.0
#   meta: !!omap
#   - {ucd: POS_ANG_DIST_GENERAL}
#   - {width: 7}
#   - {precision: '4'}
# - name: HIP
#   datatype: int32
#   description: '? HIP cross-id number, van Leeuwen, Cat. I/311 (hip_original_ext_source_id)'
#   meta: !!omap
#   - {ucd: ID_NUMBER}
#   - {width: 6}
#   - values: {'null': -2147483648}
# - name: TYC2
#   datatype: string
#   description: Tycho-2 cross-id name, Hog et al., Cat. I/259 (tyc2_original_ext_source_id)
#   meta: !!omap
#   - {ucd: ID_CROSSID}
#   - {_votable_string_dtype: char}
# - name: Source
#   datatype: int64
#   description: Source identifier, identical to the Gaia-EDR3 source_id (id)
#   meta: !!omap
#   - {ucd: ID_MAIN}
#   - {width: 19}
# - name: rgeo
#   unit: pc
#   datatype: float64
#   format: '{:15.8f}'
#   description: '? Median of the geometric distance posterior (r_med_geo)'
#   meta: !!omap
#   - {ucd: PHYS_DISTANCE_TRUE}
#   - {width: 15}
#   - {precision: '8'}
#   - values: {'null': .nan}
# - name: Plx
#   unit: mas
#   datatype: float64
#   format: '{:9.4f}'
#   description: '? Parallax (parallax)'
#   meta: !!omap
#   - {ucd: POS_PARLX_TRIG}
#   - {width: 9}
#   - {precision: '4'}
#   - values: {'null': .nan}
# - name: e_Plx
#   unit: mas
#   datatype: float32
#   format: '{:7.4f}'
#   description: '? Standard error of parallax (parallax_error)'
#   meta: !!omap
#   - {ucd: ERROR}
#   - {width: 7}
#   - {precision: '4'}
#   - values: {'null': .nan}
# - name: pmRA
#   unit: mas / yr
#   datatype: float64
#   format: '{:9.3f}'
#   description: '? Proper motion in right ascension direction, pmRA*cosDE (pmra)'
#   meta: !!omap
#   - {ucd: POS_EQ_PMRA}
#   - {width: 9}
#   - {precision: '3'}
#   - values: {'null': .nan}
# - name: pmDE
#   unit: mas / yr
#   datatype: float64
#   format: '{:9.3f}'
#   description: '? Proper motion in declination direction (pmdec)'
#   meta: !!omap
#   - {ucd: POS_EQ_PMDEC}
#   - {width: 9}
#   - {precision: '3'}
#   - values: {'null': .nan}
# - name: e_pmRA
#   unit: mas / yr
#   datatype: float32
#   format: '{:6.3f}'
#   description: '? Standard error of proper motion in right ascension direction (pmra_error)'
#   meta: !!omap
#   - {ucd: ERROR}
#   - {width: 6}
#   - {precision: '3'}
#   - values: {'null': .nan}
# - name: e_pmDE
[...]
#         value: !astropy.table.SerializedColumn {name: SkyCoord.dec}
#       distance: !astropy.table.SerializedColumn
#         __class__: astropy.coordinates.distances.Distance
#         unit: !astropy.units.Unit {unit: pc}
#         value: !astropy.table.SerializedColumn {name: SkyCoord.distance}
#       frame: icrs
#       obstime: !astropy.time.Time {format: jyear_str, in_subfmt: '*', jd1: 367701545.0, jd2: 0.0, out_subfmt: '*', precision: 3, scale: tt}
#       pm_dec: !astropy.table.SerializedColumn
#         __class__: astropy.units.quantity.Quantity
#         unit: !astropy.units.Unit {unit: mas / yr}
#         value: !astropy.table.SerializedColumn {name: SkyCoord.pm_dec}
#       pm_ra_cosdec: !astropy.table.SerializedColumn
#         __class__: astropy.units.quantity.Quantity
#         unit: !astropy.units.Unit {unit: mas / yr}
#         value: !astropy.table.SerializedColumn {name: SkyCoord.pm_ra_cosdec}
#       ra: !astropy.table.SerializedColumn
#         __class__: astropy.coordinates.angles.Longitude
#         unit: *id001
#         value: !astropy.table.SerializedColumn {name: SkyCoord.ra}
#         wrap_angle: !astropy.coordinates.Angle
#           unit: *id001
#           value: 360.0
#       representation_type: spherical
# schema: astropy-2.0
RA_ICRS_1 DE_ICRS_1 e_RA_ICRS e_DE_ICRS _r_1 HIP TYC2 Source rgeo Plx e_Plx pmRA pmDE e_pmRA e_pmDE RUWE Teff logg Gmag BP-RP BPmag RPmag RV e_RV b_rgeo B_rgeo FG e_FG FBP e_FBP FRP e_FRP RAVE5 RAVE6 e_Gmag e_BPmag e_RPmag e_BP-RP SkyCoord.ra SkyCoord.dec SkyCoord.distance SkyCoord.pm_ra_cosdec SkyCoord.pm_dec rmRA rmDE e_rmRA e_rmDE rRV e_rRV v_pec v_pec3d e_vpec e_vpec3d
[from data line 329]
259.2595348262 -41.03609618093 0.0659 0.0407 15.7194 "" "" 5971819216663045760 1737.24231 0.5518 0.0776 -2.027 -4.563 0.087 0.061 1.179 9518.8 4.0998 15.662913 2.695855 16.978575 14.28272 "" "" 1503.75195 2198.40161 10227.77836 13.214 2207.9 32.73 15349.0 270.28 "" "" 0.0030918392304759867 0.016335053 0.019488662 0.035823718 259.2595348262 -41.03609618093 1737.24231 -2.027000000000002 -4.563000000000001 -1.3570999999046327 -2.7538999681472776 0.14607191 0.1200719 "" "" 25.281056006395648 "" 3.1746943484316064 ""
259.25671464224 -40.69774371282 0.0366 0.0229 10.7999 "" "" 5971932779932026496 2252.08838 0.4086 0.041 -0.769 -1.786 0.052 0.036 1.04 7993.0 3.8852 15.670192 1.571082 16.394798 14.823716 "" "" 2049.09814 2457.30005 10159.44987 4.0965 3780.1 10.627 9325.5 10.614 "" "" 0.0027898836128487513 0.0041354294 0.003976281 0.00811171 259.25671464224 -40.69774371282 2252.08838 -0.769 -1.786 -0.09909999990463259 0.023100031852722136 0.11107191 0.095071904 "" "" 1.086242248802854 "" 0.11981696001736425 ""
258.76839667894 -40.84745363683 0.0403 0.0234 14.0809 "" "" 5971880553123447552 1957.51868 0.4701 0.0448 -2.737 -1.188 0.051 0.041 0.982 15003.3 3.6022 15.67641 2.863107 17.303595 14.440488 -1.66 8.26 1816.22778 2135.552 10101.42577 5.3408 1636.7 6.6182 13273.0 15.514 "" "" 0.0028144839792897977 0.005201909 0.003986755 0.009188664 258.76839667894 -40.84745363683 1957.51868 -2.737 -1.188 -2.0670999999046327 0.6211000318527222 0.110071905 0.10007191 -225.34 16.59 20.02696420796898 226.22819208796076 2.188518644599244 16.52600200616439
258.75947765118 -40.83341707312 0.0424 0.0234 14.3912 "" "" 5971880754954735872 2405.14502 0.3567 0.0479 -0.573 -1.838 0.053 0.04 0.968 "" "" 15.678247 3.010492 17.433872 14.42338 -8.92 6.92 2155.36816 2714.06128 10084.35069 6.1405 1451.7 9.0307 13484.0 13.479 "" "" 0.002833525840390475 0.0073077497 0.003932134 0.0112398835 258.75947765118 -40.83341707312 2405.14502 -0.573 -1.838 0.09690000009536748 -0.02889996814727791 0.1120719 0.099071905 -232.6 15.25 1.1527825829759117 232.6028566197836 0.12803620520802686 15.249812726371733
258.99807218497 -40.8551568132 0.0354 0.0212 4.289 "" "" 5971839458871889664 2246.81152 0.4184 0.0437 0.077 0.462 0.05 0.037 1.015 "" "" 15.679282 1.947175 16.64406 14.696885 "" "" 2063.58228 2529.1311 10074.73872 3.6536 3004.6 9.7861 10481.0 8.9165 "" "" 0.0027833113355113996 0.0045044823 0.0038906157 0.008395098 258.99807218497 -40.8551568132 2246.81152 0.07700000000000004 0.462 0.7469000000953674 2.2711000318527224 0.10907191 0.09607191 "" "" 25.46137098050213 "" 2.4803738740096155 ""
259.06816958839 -40.9104104642 0.039 0.0227 5.7883 "" "" 5971835988538162688 2152.15845 0.4314 0.045 -0.826 -3.097 0.054 0.038 1.051 9007.6 3.526 15.68178 1.693489 16.479124 14.785635 "" "" 1993.98413 2347.21094 10051.59329 4.018 3497.6 7.7504 9658.4 11.521 "" "" 0.0027892926918837964 0.0036842125 0.0039951294 0.007679342 259.06816958839 -40.9104104642 2152.15845 -0.8259999999999998 -3.097 -0.15609999990463252 -1.2878999681472778 0.1130719 0.0970719 "" "" 13.234317510534797 "" 1.287994436714426 ""
259.10672018197 -40.95909630127 0.037 0.0227 8.8152 "" "" 5971835095184846848 1968.88892 0.4738 0.0436 0.012 -1.454 0.055 0.036 1.029 7351.8 3.1415 15.684473 2.052011 16.71291 14.660899 "" "" 1808.27136 2160.45239 10026.69295 4.2672 2820.0 7.7546 10834.0 13.026 "" "" 0.002793796676116071 0.004086438 0.003998477 0.008084916 259.10672018197 -40.95909630127 1968.88892 0.01200000000000015 -1.454 0.6819000000953674 0.3551000318527222 0.114071906 0.095071904 "" "" 7.175035054680196 "" 0.7913605761877639 ""
258.96440189978 -40.64215894483 0.0321 0.0213 11.4847 "" "" 5971890822361977728 1826.14258 0.51 0.04 -0.754 -0.1 0.047 0.035 0.947 8761.5 3.4181 15.68541 2.319709 16.912886 14.593177 "" "" 1704.96277 2000.56958 10018.04013 4.0179 2345.6 8.4596 11532.0 12.017 "" "" 0.002789517547877872 0.0048081717 0.003945097 0.008753268 258.96440189978 -40.64215894483 1826.14258 -0.7539999999999998 -0.10000000000000003 -0.08409999990463257 1.709100031852722 0.106071904 0.09407191 "" "" 14.811725683505092 "" 1.393823962822741 ""
258.78800307054 -40.62310763774 0.0352 0.0222 17.3821 "" "" 5971893266225984512 2216.95166 0.4165 0.0432 -1.662 -3.537 0.052 0.036 0.996 "" "" 15.686037 2.581587 17.097794 14.516207 "" "" 2030.51099 2452.50415 10012.25154 4.349 1978.3 7.8017 12379.0 12.964 "" "" 0.00279538983474967 0.00511062 0.00394672 0.00905734 258.78800307054 -40.62310763774 2216.95166 -1.662 -3.537 -0.9920999999046325 -1.7278999681472778 0.11107191 0.095071904 "" "" 20.93747894526262 "" 2.078662427066222 ""
259.04594518018 -41.11757939489 0.0371 0.023 18.2579 "" "" 5971816300404672896 2465.08545 0.358 0.041 -1.007 -1.223 0.055 0.037 1.064 "" "" 15.691052 2.344865 16.935612 14.590747 "" "" 2243.7439 2756.65063 9966.10784 4.5037 2297.1 8.5547 11557.0 13.811 "" "" 0.0027986644623276507 0.004912669 0.003995899 0.008908568 259.04594518018 -41.11757939489 2465.08545 -1.0070000000000006 -1.2230000000000008 -0.33709999990463246 0.5861000318527221 0.114071906 0.09607191 "" "" 7.90022607283382 "" 0.7967123088338094 ""
258.95510411182 -40.90451978109 0.0416 0.0231 7.6968 "" "" 5971833407235183360 2231.15991 0.4123 0.0469 0.013 -2.136 0.054 0.038 1.003 "" "" 15.694122 2.446763 17.018415 14.571652 "" "" 2058.51929 2467.17822 9937.97348 6.2695 2128.4 11.174 11762.0 22.592 "" "" 0.0028391806845767006 0.00634632 0.0043165716 0.010662891 258.95510411182 -40.90451978109 2231.15991 0.01299999999999979 -2.136 0.6829000000953674 -0.32689996814727795 0.1130719 0.0970719 "" "" 8.006969816033445 "" 0.8828906171859289 ""
259.09116544119 -41.02601276606 0.0452 0.0272 12.7351 "" "" 5971828807351615616 2342.84033 0.3908 0.0537 -4.876 -9.499 0.064 0.044 1.207 7903.6 3.4403 15.695439 2.897711 17.327227 14.429516 -92.42 5.77 2095.71411 2654.54028 9925.9244 6.5388 1601.5 7.6088 13408.0 20.625 "" "" 0.0028466395450419753 0.005864636 0.0041319625 0.009996599 259.09116544119 -41.02601276606 2342.84033 -4.876 -9.499 -4.206099999904633 -7.689899968147278 0.12307191 0.103071906 -316.1 14.1 97.33626742423775 330.7469711971415 10.512918657751333 13.826189736114186
258.8864311415 -40.74856331033 0.0381 0.0234 9.4432 "" "" 5971888558942399232 2179.47217 0.4334 0.0474 -1.241 -3.399 0.052 0.039 0.967 7898.2 2.321 15.695686 2.400398 16.973415 14.573017 "" "" 1968.42285 2470.14771 9923.66341 4.9164 2218.5 8.5006 11748.0 11.74 "" "" 0.0028073337971913806 0.0050092246 0.0039320407 0.008941265 258.8864311415 -40.74856331033 2179.47217 -1.2409999999999992 -3.399 -0.5710999999046327 -1.5898999681472779 0.11107191 0.0980719 "" "" 17.45226784000523 "" 1.7390042186390988 ""
259.39651850642 -40.83797063218 0.0356 0.0226 14.6492 "" "" 5971918864235735680 1845.71814 0.5095 0.0422 -3.686 -4.037 0.052 0.036 1.019 7357.6 3.2096 15.696306 1.977261 16.682673 14.705412 "" "" 1697.13684 1987.98328 9918.00761 3.4588 2899.7 11.151 10399.0 11.028 "" "" 0.0027812150024370077 0.0050217495 0.003950882 0.008972632 259.39651850642 -40.83797063218 1845.71814 -3.6859999999999995 -4.036999999999998 -3.0160999999046325 -2.2278999681472778 0.11107191 0.095071904 "" "" 32.80518726721861 "" 3.4675279950147977 ""
259.34037029436 -40.70802983175 0.037 0.0234 13.6197 "" "" 5971932225842223360 2488.66943 0.3737 0.0417 -0.26 -1.368 0.053 0.038 0.962 8999.9 3.3298 15.70058 1.524902 16.395643 14.870741 "" "" 2284.07739 2794.02197 9879.04628 3.9464 3777.1 11.521 8930.2 14.056 "" "" 0.002789247791085716 0.004330434 0.004147792 0.008478226 259.34037029436 -40.70802983175 2488.66943 -0.26 -1.368 0.4099000000953674 0.44110003185272206 0.1120719 0.0970719 "" "" 7.103163607937659 "" 0.7407979881789867 ""
259.04974729609 -40.57002729672 0.0358 0.0246 14.6905 "" "" 5971891479519500288 2083.43164 0.4289 0.0437 -0.471 -1.731 0.053 0.039 1.06 8376.5 2.8807 15.702071 3.027752 17.4678 14.440048 22.23 11.93 1942.97827 2323.79126 9865.48335 4.697 1407.0 7.1753 13278.0 15.116 "" "" 0.002803390730411808 0.0062002274 0.003976367 0.010176594 259.04974729609 -40.57002729672 2083.43164 -0.47099999999999986 -1.7309999999999999 0.19890000009536746 0.07810003185272207 0.1120719 0.0980719 -201.45000000000002 20.26 2.110228450831969 201.46105222626707 0.23276787318955766 20.25888890464976
259.20834248373 -40.77925031863 0.038 0.0248 6.3898 "" "" 5971838668577504896 2530.42212 0.3642 0.0445 -1.6 -2.768 0.056 0.038 0.978 "" "" 15.711377 1.793662 16.561882 14.76822 "" "" 2267.80835 2792.69141 9781.28383 4.3059 3240.9 11.954 9814.6 14.79 "" "" 0.002796468492243625 0.0048808623 0.004118334 0.008999197 259.20834248373 -40.77925031863 2530.42212 -1.6 -2.768 -0.9300999999046327 -0.9588999681472776 0.11507191 0.0970719 "" "" 16.02281206172264 "" 1.7012909646122445 ""
259.15129126581 -40.98888801917 0.162 0.1011 11.0377 "" "" 5971823034914354816 2093.9021 0.5728 0.1891 -0.182 -6.787 0.229 0.169 5.165 6807.5 3.1812 15.711388 1.574624 16.10912 14.534495 "" "" 1482.53638 2891.9978 9781.1935 16.48 4917.8 43.162 12172.0 130.8 "" "" 0.00330729502054148 0.009929254 0.012264153 0.022193406 259.15129126581 -40.98888801917 2093.9021 -0.18199999999999916 -6.786999999999999 0.48790000009536744 -4.977899968147278 0.2880719 0.2280719 "" "" 49.642879881963644 "" 11.35417021418511 ""
259.35159405995 -40.6608775822 0.0371 0.0233 15.5617 "" "" 5971933948163090048 2507.48682 0.3636 0.0391 -1.697 -3.443 0.053 0.036 1.008 "" "" 15.714757 1.800032 16.573578 14.773546 "" "" 2306.08447 2798.90845 9750.87954 3.5467 3206.2 10.182 9766.5 22.901 "" "" 0.0027834777213299996 0.0044355076 0.004556895 0.008992402 259.35159405995 -40.6608775822 2507.48682 -1.6969999999999996 -3.4430000000000005 -1.0270999999046326 -1.633899968147278 0.1120719 0.095071904 "" "" 22.937954820484432 "" 2.297928672176536 ""
258.91609438609 -40.96448471051 0.0448 0.0267 11.5603 "" "" 5971832788759810816 2335.48755 0.389 0.0517 -2.659 -4.825 0.062 0.046 0.928 "" "" 15.715437 2.875909 17.364517 14.488608 "" "" 2092.87622 2616.91187 9744.77916 5.1185 1547.4 13.47 12697.0 18.939 "" "" 0.0028137197761025417 0.009854502 0.0041117514 0.013966253 258.91609438609 -40.96448471051 2335.48755 -2.6590000000000016 -4.824999999999999 -1.9890999999046324 -3.015899968147278 0.121071905 0.1050719 "" "" 39.99422474470589 "" 4.406072146397942 ""
259.0752034779 -40.7344306024 0.0346 0.023 4.7799 "" "" 5971842512569806080 1956.44653 0.4633 0.0441 -3.415 -8.428 0.046 0.036 1.013 9704.4 3.8188 15.715966 3.00237 17.456932 14.454562 -34.8 11.59 1803.00354 2183.33008 9740.02743 4.5385 1421.2 10.508 13102.0 27.481 "" "" 0.002801381457508037 0.008498731 0.0044124597 0.012911191 259.0752034779 -40.7344306024 1956.44653 -3.4149999999999974 -8.428 -2.7450999999046326 -6.618899968147279 0.1050719 0.095071904 -258.48 19.92 66.45032986561056 266.88491291050616 6.419391710232328 19.358761479389795
258.92342805224 -40.83403035958 0.0392 0.0223 7.0033 "" "" 5971834648507254784 1900.6051 0.4813 0.0473 -0.365 -4.909 0.047 0.037 0.999 7493.4 3.6316 15.721423 2.785548 17.30129 14.515742 -44.51 5.8 1746.7085 2071.06006 9691.19781 4.8993 1640.2 6.9777 12384.0 18.575 "" "" 0.002809459645354386 0.0053962404 0.004115312 0.009511553 258.92342805224 -40.83403035958 1900.6051 -0.3650000000000001 -4.909 0.30490000009536744 -3.0998999681472776 0.106071904 0.09607191 -268.19 14.13 28.061350109767393 269.6540662960285 2.6987345781488266 14.056088252154186
259.37998344005 -40.80863776888 0.0367 0.023 13.8352 "" "" 5971919169141572352 2518.12256 0.3525 0.0411 -0.755 -5.124 0.053 0.036 0.971 7457.9 2.5171 15.723338 2.930802 17.40754 14.476737 -66.3 4.3 2283.80518 2857.14209 9674.12143 4.6928 1487.3 9.5103 12837.0 14.211 "" "" 0.002805205638701548 0.007482262 0.0039659054 0.011448167 259.37998344005 -40.80863776888 2518.12256 -0.7549999999999999 -5.1240000000000006 -0.08509999990463257 -3.3148999681472775 0.1120719 0.095071904 -289.98 12.63 39.57935356758177 292.66862768125264 3.76336725517088 12.524318511751403
259.1948299105 -40.97864529778 0.0372 0.0229 11.261 "" "" 5971823241072756608 1777.95776 0.5319 0.0437 0.209 -2.657 0.053 0.035 0.971 7247.3 3.2823 15.727283 1.952868 16.698294 14.745425 "" "" 1662.84497 1939.12158 9639.03843 3.5162 2858.2 6.6678 10023.0 11.34 "" "" 0.0027836406431996615 0.0037683577 0.003974002 0.0077423593 259.1948299105 -40.97864529778 1777.95776 0.2089999999999998 -2.6570000000000005 0.8789000000953674 -0.8478999681472779 0.1120719 0.09407191 "" "" 10.291929126242719 "" 1.0681520069903996 ""
258.95235179626 -41.03902454479 0.0457 0.029 14.6033 "" "" 5971829249706636416 2237.22363 0.3957 0.0538 -2.51 -5.585 0.066 0.048 0.959 7895.4 2.8463 15.729381 3.438478 17.814667 14.376188 -49.52 4.26 1994.00464 2582.50806 9620.42718 5.698 1022.2 11.542 14083.0 31.088 "" "" 0.002829366932321177 0.0125729125 0.0044752783 0.017048191 258.95235179626 -41.03902454479 2237.22363 -2.51 -5.5850000000000035 -1.8400999999046324 -3.775899968147278 0.12507191 0.10707191 -273.2 12.59 44.54292567583525 276.80735580501283 4.933279815212546 12.451259337904311
258.90300419844 -40.84482377779 0.0401 0.0226 8.0413 "" "" 5971834506746881920 2412.38696 0.3661 0.0462 -7.613 -9.969 0.046 0.036 0.946 7474.2 3.5273 15.732273 2.925539 17.424833 14.499294 "" "" 2183.73535 2634.75684 9594.83401 6.0319 1463.8 6.2601 12573.0 13.246 "" "" 0.0028386049078250684 0.0054171016 0.0039486866 0.009365788 258.90300419844 -40.84482377779 2412.38696 -7.613000000000006 -9.969000000000001 -6.943099999904633 -8.159899968147277 0.1050719 0.095071904 "" "" 122.51195959802087 "" 12.17695934222086 ""
259.04161009583 -41.03042969121 0.0392 0.0229 13.0702 "" "" 5971828910413354112 1786.04211 0.5192 0.0436 -1.041 1.332 0.055 0.037 0.972 "" "" 15.73356 2.784555 17.310543 14.525989 -51.38 11.34 1685.79834 1938.28552 9583.47007 4.1566 1626.3 7.4964 12268.0 8.5314 "" "" 0.002795272348659268 0.005729911 0.0038540647 0.009583976 259.04161009583 -41.03042969121 1786.04211 -1.041 1.3319999999999992 -0.3710999999046325 3.141100031852722 0.114071906 0.09607191 -275.06 19.67 26.776989784956868 276.3602916157524 2.579762678862533 19.57904716970881
259.26197639033 -40.5870812092 0.0335 0.0222 16.0483 "" "" 5971938311850039424 1944.22205 0.4476 0.0388 1.438 -3.176 0.045 0.033 0.944 "" "" 15.735113 3.050623 17.522675 14.472052 31.93 5.29 1817.4563 2115.86963 9569.76952 4.4987 1337.7 8.6414 12893.0 14.736 "" "" 0.00280219496110972 0.0075483513 0.0039778957 0.0115262475 259.26197639033 -40.5870812092 1944.22205 1.438 -3.176 2.107900000095367 -1.366899968147278 0.10407191 0.092071906 -191.75 13.62 23.15239551096637 193.14268279667291 2.3307227568483224 13.524677002816592
259.07002706999 -40.86111044857 0.0396 0.023 2.8315 "" "" 5971836671410382720 2505.17603 0.3747 0.0461 -0.777 1.796 0.056 0.038 0.968 7988.5 3.7351 15.735169 1.691286 16.530441 14.839155 "" "" 2220.89014 3001.40234 9569.27324 3.5912 3336.1 8.8193 9193.8 10.184 "" "" 0.0027852850896313403 0.00400292 0.0039661257 0.007969046 259.07002706999 -40.86111044857 2505.17603 -0.777 1.7960000000000012 -0.10709999990463259 3.6051000318527224 0.11507191 0.0970719 "" "" 42.82777082041757 "" 4.158115851403242 ""
258.75905557871 -40.97515472359 0.0409 0.0256 17.299 "" "" 5971878865168943488 2488.68579 0.353 0.0478 -3.249 -3.983 0.062 0.045 1.021 7278.2 2.1111 15.7368 3.287394 17.713255 14.42586 -35.14 4.64 2261.94775 2867.65576 9554.91324 5.2333 1122.3 8.392 13453.0 16.09 "" "" 0.002818761649128235 0.008584673 0.0039962456 0.012580918 258.75905557871 -40.97515472359 2488.68579 -3.249000000000001 -3.983000000000001 -2.5790999999046327 -2.173899968147278 0.121071905 0.10407191 -258.82 12.969999 39.78997808303503 261.86071632806704 4.548714139686354 12.838011831697514
