Clusters/BH_217/BH_217_stars_in_region.tsv
# %ECSV 1.0
# ---
# datatype:
# - name: RA_ICRS_1
#   unit: deg
#   datatype: float64
#   format: '{:15.11f}'
#   description: Right ascension (ICRS) at Ep=2016.0 (ra)
#   meta: !!omap
#   - {ucd: POS_EQ_RA_MAIN}
#   - {width: 15}
#   - {precision: '11'}
# - name: DE_ICRS_1
#   unit: deg
#   datatype: float64
#   format: '{:15.11f}'
#   description: Declination (ICRS) at Ep=2016.0 (dec)
#   meta: !!omap
#   - {ucd: POS_EQ_DEC_MAIN}
#   - {width: 15}
#   - {precision: '11'}
# - name: e_RA_ICRS
#   unit: mas
#   datatype: float64
#   format: '{:7.4f}'
#   description: Standard error of right ascension (ra_error)
#   meta: !!omap
#   - {ucd: ERROR}
#   - {width: 7}
#   - {precision: '4'}
# - name: e_DE_ICRS
#   unit: mas
#   datatype: float64
#   format: '{:7.4f}'
#   description: Standard error of declination (dec_error)
#   meta: !!omap
#   - {ucd: ERROR}
#   - {width: 7}
#   - {precision: '4'}
# - name: _r_1
#   unit: ''
#   datatype: float64
#   format: '{:7.4f}'
#   description: Distance from center (259.07540941000-40.81409505000)[ICRS], at Epoch=J2016.0
#   meta: !!omap
#   - {ucd: POS_ANG_DIST_GENERAL}
#   - {width: 7}
#   - {precision: '4'}
# - name: HIP
#   datatype: int32
#   description: '? HIP cross-id number, van Leeuwen, Cat. I/311 (hip_original_ext_source_id)'
#   meta: !!omap
#   - {ucd: ID_NUMBER}
#   - {width: 6}
#   - values: {'null': -2147483648}
# - name: TYC2
#   datatype: string
#   description: Tycho-2 cross-id name, Hog et al., Cat. I/259 (tyc2_original_ext_source_id)
#   meta: !!omap
#   - {ucd: ID_CROSSID}
#   - {_votable_string_dtype: char}
# - name: Source
#   datatype: int64
#   description: Source identifier, identical to the Gaia-EDR3 source_id (id)
#   meta: !!omap
#   - {ucd: ID_MAIN}
#   - {width: 19}
# - name: rgeo
#   unit: pc
#   datatype: float64
#   format: '{:15.8f}'
#   description: '? Median of the geometric distance posterior (r_med_geo)'
#   meta: !!omap
#   - {ucd: PHYS_DISTANCE_TRUE}
#   - {width: 15}
#   - {precision: '8'}
#   - values: {'null': .nan}
# - name: Plx
#   unit: mas
#   datatype: float64
#   format: '{:9.4f}'
#   description: '? Parallax (parallax)'
#   meta: !!omap
#   - {ucd: POS_PARLX_TRIG}
#   - {width: 9}
#   - {precision: '4'}
#   - values: {'null': .nan}
# - name: e_Plx
#   unit: mas
#   datatype: float32
#   format: '{:7.4f}'
#   description: '? Standard error of parallax (parallax_error)'
#   meta: !!omap
#   - {ucd: ERROR}
#   - {width: 7}
#   - {precision: '4'}
#   - values: {'null': .nan}
# - name: pmRA
#   unit: mas / yr
#   datatype: float64
#   format: '{:9.3f}'
#   description: '? Proper motion in right ascension direction, pmRA*cosDE (pmra)'
#   meta: !!omap
#   - {ucd: POS_EQ_PMRA}
#   - {width: 9}
#   - {precision: '3'}
#   - values: {'null': .nan}
# - name: pmDE
#   unit: mas / yr
#   datatype: float64
#   format: '{:9.3f}'
#   description: '? Proper motion in declination direction (pmdec)'
#   meta: !!omap
#   - {ucd: POS_EQ_PMDEC}
#   - {width: 9}
#   - {precision: '3'}
#   - values: {'null': .nan}
# - name: e_pmRA
#   unit: mas / yr
#   datatype: float32
#   format: '{:6.3f}'
#   description: '? Standard error of proper motion in right ascension direction (pmra_error)'
#   meta: !!omap
#   - {ucd: ERROR}
#   - {width: 6}
#   - {precision: '3'}
#   - values: {'null': .nan}
# - name: e_pmDE
[...]
#         value: !astropy.table.SerializedColumn {name: SkyCoord.dec}
#       distance: !astropy.table.SerializedColumn
#         __class__: astropy.coordinates.distances.Distance
#         unit: !astropy.units.Unit {unit: pc}
#         value: !astropy.table.SerializedColumn {name: SkyCoord.distance}
#       frame: icrs
#       obstime: !astropy.time.Time {format: jyear_str, in_subfmt: '*', jd1: 367701545.0, jd2: 0.0, out_subfmt: '*', precision: 3, scale: tt}
#       pm_dec: !astropy.table.SerializedColumn
#         __class__: astropy.units.quantity.Quantity
#         unit: !astropy.units.Unit {unit: mas / yr}
#         value: !astropy.table.SerializedColumn {name: SkyCoord.pm_dec}
#       pm_ra_cosdec: !astropy.table.SerializedColumn
#         __class__: astropy.units.quantity.Quantity
#         unit: !astropy.units.Unit {unit: mas / yr}
#         value: !astropy.table.SerializedColumn {name: SkyCoord.pm_ra_cosdec}
#       ra: !astropy.table.SerializedColumn
#         __class__: astropy.coordinates.angles.Longitude
#         unit: *id001
#         value: !astropy.table.SerializedColumn {name: SkyCoord.ra}
#         wrap_angle: !astropy.coordinates.Angle
#           unit: *id001
#           value: 360.0
#       representation_type: spherical
# schema: astropy-2.0
RA_ICRS_1 DE_ICRS_1 e_RA_ICRS e_DE_ICRS _r_1 HIP TYC2 Source rgeo Plx e_Plx pmRA pmDE e_pmRA e_pmDE RUWE Teff logg Gmag BP-RP BPmag RPmag RV e_RV b_rgeo B_rgeo FG e_FG FBP e_FBP FRP e_FRP RAVE5 RAVE6 e_Gmag e_BPmag e_RPmag e_BP-RP SkyCoord.ra SkyCoord.dec SkyCoord.distance SkyCoord.pm_ra_cosdec SkyCoord.pm_dec rmRA rmDE e_rmRA e_rmDE rRV e_rRV v_pec v_pec3d e_vpec e_vpec3d
[from data line 269]
258.96370483993 -41.07791404465 0.036 0.0241 16.619 "" "" 5971826947604103040 2360.22485 0.3732 0.0408 -1.821 -1.901 0.055 0.041 1.003 "" "" 15.418838 2.818158 17.025375 14.207217 -3.66 4.78 2143.49536 2621.52539 12805.95142 6.514 2114.8 9.9778 16454.0 15.172 "" "" 0.0028101252395484567 0.0058331806 0.003909733 0.009742914 258.96370483993 -41.07791404465 2360.22485 -1.8209999999999997 -1.9009999999999985 -1.1510999999046325 -0.09189996814727786 0.114071906 0.10007191 -227.34 13.110001 12.918867816116224 227.70676921350028 1.472604264540172 13.089150865974968
258.98264104526 -40.85730518148 0.0312 0.0194 4.9453 "" "" 5971839424512160512 2108.92676 0.4554 0.0407 0.709 -2.215 0.044 0.034 1.034 7966.7 3.0908 15.421945 1.645403 16.185566 14.540163 "" "" 1950.83472 2331.46265 12769.3559 4.2222 4583.4 12.752 12109.0 13.494 "" "" 0.0027786094004661126 0.0041121747 0.0039683287 0.008080503 258.98264104526 -40.85730518148 2108.92676 0.7090000000000001 -2.214999999999999 1.3789000000953675 -0.4058999681472777 0.103071906 0.09307191 "" "" 14.368704371963087 "" 1.470067364500298 ""
259.01410534442 -40.92866648794 0.0371 0.0203 7.4157 "" "" 5971830246139223424 1964.9939 0.4902 0.0448 -1.029 -2.048 0.05 0.036 1.068 8050.9 3.725 15.422299 1.628346 16.178957 14.550612 "" "" 1803.06274 2272.21338 12765.18078 4.9841 4611.4 10.611 11993.0 9.6775 "" "" 0.002787740609697072 0.0037452162 0.0038796004 0.0076248166 259.01410534442 -40.92866648794 1964.9939 -1.0289999999999995 -2.047999999999999 -0.3590999999046325 -0.23889996814727787 0.10907191 0.095071904 "" "" 4.017227042999385 "" 0.4217100490134584 ""
259.14928190743 -41.03427119639 0.0356 0.0211 13.6285 "" "" 5971822691316895872 2493.4812 0.3577 0.0415 -0.387 -8.425 0.049 0.034 1.043 "" "" 15.424615 2.951534 17.134747 14.183212 -64.02 5.01 2232.48071 2777.47021 12737.98423 6.3946 1912.1 9.203 16822.0 16.459 "" "" 0.002808713184777625 0.0059239194 0.003925841 0.009849761 259.14928190743 -41.03427119639 2493.4812 -0.38699999999999957 -8.424999999999994 0.2829000000953674 -6.6158999681472785 0.10807191 0.09307191 -287.7 13.34 78.26544425392895 298.155613336836 7.28662917668871 13.01353197713988
259.34765775824 -40.70346848374 0.0323 0.0203 14.0411 "" "" 5971932225842228992 2494.52905 0.3486 0.0351 -1.201 1.001 0.045 0.032 0.981 "" "" 15.425547 2.685161 16.929035 14.243875 "" "" 2286.37036 2686.25146 12727.05499 5.8926 2311.0 5.7192 15908.0 12.434 "" "" 0.002800801716497491 0.0038735967 0.0038734872 0.007747084 259.34765775824 -40.70346848374 2494.52905 -1.2010000000000003 1.001 -0.5310999999046326 2.810100031852722 0.10407191 0.0910719 "" "" 33.815033907114746 "" 3.095799684687755 ""
259.23798569177 -40.6056697359 0.0292 0.0193 14.528 "" "" 5971936800021548288 2194.91235 0.4101 0.0351 0.072 -3.354 0.04 0.028 0.952 "" "" 15.436172 2.850629 17.062845 14.212216 -40.0 4.54 2024.49634 2415.12402 12603.12416 5.0963 2043.0 5.6142 16378.0 13.874 "" "" 0.0027900793656270486 0.0040849783 0.003889685 0.007974664 259.23798569177 -40.6056697359 2194.91235 0.07199999999999968 -3.354 0.7419000000953674 -1.544899968147278 0.099071905 0.08707191 -263.68 12.87 17.830241312732237 264.28215964243645 1.5947967737132906 12.841126723558665
258.83411754169 -40.92294483589 0.0333 0.0205 12.7481 "" "" 5971832449484080768 2188.95337 0.4107 0.0381 0.181 -0.893 0.048 0.036 0.999 7895.6 3.4213 15.440487 2.897958 17.105968 14.208011 -28.92 5.28 2006.60913 2429.30005 12553.12505 4.967 1963.5 8.3535 16442.0 14.51 "" "" 0.0027886103237793392 0.005396441 0.0038989477 0.009295389 258.83411754169 -40.92294483589 2188.95337 0.18099999999999994 -0.8930000000000001 0.8509000000953675 0.9161000318527222 0.10707191 0.095071904 -252.60000000000002 13.610001 12.97274434625071 252.93290038243975 1.3077495090753808 13.592253154746375
258.73702990643 -40.83536727087 0.0337 0.0213 15.4163 "" "" 5971880789314470912 2280.97827 0.395 0.0389 0.671 -1.525 0.048 0.037 0.999 "" "" 15.444986 2.225644 16.595255 14.369611 "" "" 2100.60498 2476.86084 12501.21425 5.4446 3142.8 7.9175 14168.0 13.468 "" "" 0.0027956022021427855 0.003907249 0.003917773 0.007825022 258.73702990643 -40.83536727087 2280.97827 0.6710000000000004 -1.5250000000000004 1.3409000000953675 0.28410003185272226 0.10707191 0.09607191 "" "" 14.81941877249604 "" 1.5800858880546205 ""
259.08999684151 -40.62788935196 0.031 0.0211 11.192 "" "" 5971890375686118656 2297.21582 0.3877 0.0372 -2.232 -3.083 0.045 0.03 1.079 "" "" 15.446874 2.075706 16.4784 14.402694 "" "" 2111.5564 2542.50659 12479.49931 5.5865 3499.9 13.65 13743.0 23.04 "" "" 0.0027978596824808958 0.0050710915 0.0041948715 0.009265963 259.08999684151 -40.62788935196 2297.21582 -2.232 -3.083 -1.5620999999046328 -1.273899968147278 0.10407191 0.08907191 "" "" 21.94837394197383 "" 2.158741567659687 ""
259.46929609874 -40.87813454913 0.0325 0.0204 18.286 "" "" 5971915630088485248 2118.65259 0.4255 0.0381 -0.512 -2.929 0.048 0.032 0.971 9491.0 3.4946 15.448153 1.647058 16.09526 14.448202 "" "" 1981.57446 2274.38721 12464.81385 8.569 4981.0 55.138 13179.0 148.56 "" "" 0.002854626907682665 0.012338357 0.012809189 0.025147546 259.46929609874 -40.87813454913 2118.65259 -0.512 -2.928999999999998 0.15790000009536742 -1.1198999681472777 0.10707191 0.0910719 "" "" 11.35773566177101 "" 1.0382167756474525 ""
259.33647143459 -40.67999383022 0.0321 0.0203 14.3374 "" "" 5971933909469431040 2322.43726 0.3974 0.0337 -0.115 -2.163 0.045 0.031 0.988 "" "" 15.459267 1.514973 16.145657 14.630684 "" "" 2153.91846 2526.03882 12337.86667 3.8845 4755.0 11.743 11140.0 14.339 "" "" 0.0027764441461361005 0.0038697112 0.00402949 0.0078992015 259.33647143459 -40.67999383022 2322.43726 -0.11499999999999982 -2.1629999999999994 0.5549000000953674 -0.35389996814727764 0.10407191 0.0900719 "" "" 7.245128664428591 "" 0.7261435621835787 ""
258.94177252806 -40.5690515558 0.0302 0.02 15.91 "" "" 5971894258335839360 2013.84216 0.4423 0.0375 -1.655 -3.848 0.044 0.032 1.033 "" "" 15.464547 3.035942 17.231882 14.19594 -6.35 4.76 1873.61841 2163.06055 12278.00232 5.4156 1748.5 7.6418 16626.0 22.459 "" "" 0.0027966288322573193 0.0055047204 0.0040539852 0.009558706 258.94177252806 -40.5690515558 2013.84216 -1.655 -3.848 -0.9850999999046326 -2.0388999681472777 0.103071906 0.0910719 -230.03 13.09 21.615141894745268 231.04331900994234 2.0201785747869594 13.033959837988574
259.08947796093 -40.65399820978 0.0315 0.0212 9.6271 "" "" 5971843410241893120 2183.61938 0.4161 0.0376 -4.836 -6.607 0.043 0.031 1.009 "" "" 15.466131 2.852438 17.097479 14.245041 -39.75 6.39 1974.03711 2370.92505 12260.10572 5.4278 1978.9 9.3486 15891.0 13.997 "" "" 0.0027969341100716177 0.0058389576 0.003898499 0.009737456 259.08947796093 -40.65399820978 2183.61938 -4.836000000000003 -6.6069999999999975 -4.166099999904633 -4.797899968147278 0.10207191 0.0900719 -263.43 14.719999 65.76853717983528 271.5158658030417 6.275332627077463 14.362296371143369
259.06921326702 -40.81664823193 0.033 0.0193 0.3204 "" "" 5971839832514773632 2223.35815 0.415 0.0408 -0.712 -1.825 0.046 0.032 1.06 "" "" 15.478024 1.662031 16.24801 14.585979 "" "" 2049.271 2484.36987 12126.55247 9.2973 4327.3 19.686 11608.0 36.563 "" "" 0.0028783183573760514 0.0056728884 0.0050969785 0.010769866 259.06921326702 -40.81664823193 2223.35815 -0.7119999999999996 -1.8249999999999997 -0.042099999904632535 -0.015899968147277788 0.1050719 0.0910719 "" "" 0.47426793446207727 "" 0.04905250926820113 ""
259.25747273326 -40.61054254204 0.0287 0.02 14.7554 "" "" 5971936628222838016 2161.77295 0.4146 0.0342 -0.261 -6.278 0.039 0.03 1.007 7780.2 3.5284 15.480153 2.892017 17.142193 14.250175 12.58 5.83 2016.96777 2320.82886 12102.78597 4.8617 1899.1 6.8977 15816.0 19.543 "" "" 0.002789625161194646 0.004830752 0.0040104343 0.008841187 259.25747273326 -40.61054254204 2161.77295 -0.26099999999999995 -6.278000000000002 0.4089000000953674 -4.468899968147277 0.0980719 0.08907191 -211.1 14.16 45.983228280229355 216.05014992605695 4.099421844842348 13.863049158840802
258.78950392623 -40.94940236731 0.0338 0.0211 15.3011 "" "" 5971879213093424384 2250.1167 0.4035 0.0382 -1.781 -1.408 0.046 0.033 1.056 "" "" 15.481277 1.987987 16.470268 14.482282 "" "" 2088.34619 2411.32495 12090.25983 4.654 3526.2 10.732 12772.0 20.703 "" "" 0.0027868376546569497 0.004324856 0.004169068 0.0084939245 258.78950392623 -40.94940236731 2250.1167 -1.7809999999999986 -1.4079999999999986 -1.1110999999046325 0.40110003185272225 0.1050719 0.092071906 "" "" 12.599013694620849 "" 1.3059670167319546 ""
258.99492618091 -41.08647781224 0.0329 0.021 16.745 "" "" 5971828150194924672 1958.65198 0.4721 0.0366 -1.639 -4.633 0.049 0.036 1.025 "" "" 15.482036 1.482142 16.14495 14.662808 "" "" 1813.02869 2109.4563 12081.82675 4.6114 4758.1 10.911 10815.0 18.082 "" "" 0.002786309482573421 0.003739504 0.0041927295 0.007932234 258.99492618091 -41.08647781224 1958.65198 -1.6390000000000011 -4.633000000000001 -0.9690999999046326 -2.823899968147278 0.10807191 0.095071904 "" "" 27.717965888545027 "" 2.6754536631546375 ""
259.02656482836 -40.9208058037 0.038 0.0208 6.7754 "" "" 5971836121654493824 2322.32886 0.4118 0.0457 -1.733 -3.093 0.051 0.035 0.953 "" "" 15.482179 2.730984 17.017845 14.286861 16.82 5.95 2016.06982 2551.66577 12080.23154 6.0516 2129.5 10.172 15290.0 13.849 "" "" 0.0028084901405874747 0.005889158 0.0039052304 0.009794389 259.02656482836 -40.9208058037 2322.32886 -1.7330000000000005 -3.093 -1.0630999999046327 -1.2838999681472778 0.110071905 0.09407191 -206.86 14.28 18.349049459426965 207.67221098660386 1.8511712597762278 14.225090669569475
259.37798086015 -40.99862993944 0.0362 0.0229 17.6309 "" "" 5971820969013777024 2318.604 0.4055 0.0443 -3.355 -3.654 0.05 0.036 1.145 7006.4 2.2675 15.488894 2.705757 16.991552 14.285795 -44.47 6.07 2098.92798 2579.36108 12005.73927 6.4777 2181.7 8.8264 15305.0 15.421 "" "" 0.00281690644359287 0.005203768 0.003934525 0.009138294 259.37798086015 -40.99862993944 2318.604 -3.3550000000000004 -3.654 -2.6850999999046326 -1.8448999681472777 0.10907191 0.095071904 -268.15 14.4 35.80408297023628 270.5297670448477 3.751771532488367 14.281961438815078
259.33994016507 -40.76859264361 0.0511 0.0325 12.3227 "" "" 5971920238625383808 2157.59399 0.4365 0.06 -0.523 -1.328 0.072 0.052 1.352 7264.2 2.4816 15.494456 3.291768 17.464785 14.173017 -50.9 4.13 1939.14758 2464.03638 11944.4017 7.4412 1410.9 8.0849 16981.0 19.459 "" "" 0.0028371296816193706 0.006818612 0.0039789067 0.010797519 259.33994016507 -40.76859264361 2157.59399 -0.5230000000000001 -1.3279999999999992 0.1469000000953674 0.4811000318527221 0.1310719 0.11107191 -274.58 12.46 5.144461865012579 274.62818844372214 0.5808910924022865 12.457818459888781
258.76778031745 -40.84862536377 0.0379 0.0222 14.1187 "" "" 5971880548796289920 1943.22278 0.4757 0.0419 1.543 -0.307 0.048 0.038 1.065 9234.5 3.6449 15.499926 2.017447 16.507994 14.490546 "" "" 1790.11511 2149.27979 11884.38335 9.2677 3405.8 12.218 12675.0 22.94 "" "" 0.00288247418809839 0.004791234 0.0042597046 0.009050939 258.76778031745 -40.84862536377 1943.22278 1.5430000000000008 -0.30699999999999994 2.2129000000953676 1.5021000318527222 0.10707191 0.0970719 "" "" 24.63497109797571 "" 2.562566725486876 ""
259.24644073178 -40.73678826894 0.035 0.0221 9.0501 "" "" 5971932573773548544 2233.9458 0.4085 0.0396 -1.339 -1.29 0.05 0.035 1.033 15005.3 3.6601 15.507814 2.569507 16.917696 14.348189 -64.9 7.75 2059.16431 2423.81104 11798.33978 4.9764 2335.3 7.3918 14450.0 12.062 "" "" 0.002793118003448367 0.004426671 0.0038865306 0.008313201 259.24644073178 -40.73678826894 2233.9458 -1.339 -1.29 -0.6690999999046325 0.5191000318527221 0.10907191 0.09407191 -288.58000000000004 16.08 8.96724215782875 288.7192889848497 0.9298189469487074 16.072268275402408
259.13609761605 -40.99660518818 0.0347 0.0205 11.2911 "" "" 5971823064953806848 2285.40186 0.3995 0.041 2.181 -3.175 0.05 0.035 0.944 "" "" 15.508247 2.606154 16.945965 14.339811 128.04 10.06 2101.92798 2586.4209 11793.63652 5.0746 2275.3 6.9394 14562.0 16.224 "" "" 0.00279464500076603 0.0043301517 0.0039682477 0.008298399 259.13609761605 -40.99660518818 2285.40186 2.1810000000000005 -3.175 2.8509000000953675 -1.3658999681472777 0.10907191 0.09407191 -95.64000000000001 18.39 34.24488206044645 101.5860302764799 3.64475574895398 17.357137412521656
259.30597133358 -40.93583332025 0.033 0.0213 12.7581 "" "" 5971824301908410624 1811.39124 0.5056 0.0398 -2.497 -2.093 0.047 0.033 0.996 7441.8 3.254 15.509889 2.337127 16.752403 14.415277 "" "" 1663.60583 1917.23083 11775.82381 29.362 2719.3 27.513 13585.0 82.793 "" "" 0.0038627274907760047 0.011333935 0.007620225 0.01895416 259.30597133358 -40.93583332025 1811.39124 -2.497 -2.093 -1.8270999999046325 -0.2838999681472778 0.106071904 0.092071906 "" "" 15.875718789392431 "" 1.679066674650803 ""
259.34735197713 -40.64724592827 0.0342 0.021 15.9091 "" "" 5971934115627891456 2115.43726 0.4219 0.0359 -0.763 -9.326 0.047 0.033 0.978 "" "" 15.517337 2.758348 17.07721 14.318861 26.36 6.64 1949.07593 2289.42773 11695.32111 4.7379 2016.2 8.149 14846.0 10.565 "" "" 0.0027902063686279345 0.0052002026 0.0038575535 0.0090577565 259.34735197713 -40.64724592827 2115.43726 -0.7630000000000005 -9.326 -0.09309999990463258 -7.516899968147278 0.106071904 0.092071906 -197.32 14.969999 75.37903435048752 211.22779461901308 6.940465506214899 14.201974744714551
259.40893979625 -40.82292610357 0.0341 0.021 15.1539 "" "" 5971918894263656192 2109.27393 0.4445 0.0376 -0.021 -1.866 0.052 0.035 0.972 "" "" 15.518299 1.45203 16.168505 14.716475 "" "" 1921.10669 2321.38721 11684.96076 4.1366 4656.0 8.298 10294.0 10.514 "" "" 0.002781999935360411 0.003395488 0.003938715 0.007334203 259.40893979625 -40.82292610357 2109.27393 -0.020999999999999935 -1.866000000000001 0.6489000000953674 -0.056899968147277935 0.11107191 0.09407191 "" "" 6.512569253384833 "" 0.7225829344463963 ""
259.26426524168 -40.846100932 0.0373 0.0234 8.7863 "" "" 5971825813736924288 2340.21143 0.3943 0.0434 0.256 -0.745 0.059 0.036 1.034 7480.3 2.7756 15.523308 2.938931 17.220432 14.281502 -14.24 8.08 2087.60767 2729.76294 11631.17321 5.0248 1767.0 10.269 15366.0 16.399 "" "" 0.002794959341717206 0.00689918 0.003953021 0.010852201 259.26426524168 -40.846100932 2340.21143 0.25599999999999984 -0.7450000000000001 0.9259000000953674 1.064100031852722 0.118071906 0.095071904 -237.92000000000002 16.41 15.646467052117844 238.4339286494542 1.6522404946753904 16.374988124481515
259.34302899856 -40.63590336231 0.0418 0.0258 16.1985 "" "" 5971934871542146048 1719.93176 0.5517 0.0403 0.429 -2.139 0.059 0.041 1.172 8538.5 3.7061 15.524015 1.574184 16.227901 14.653717 "" "" 1582.62524 1876.84692 11623.59505 6.552 4408.1 10.513 10906.0 16.148 "" "" 0.0028224713045477143 0.00380658 0.0041070795 0.007913659 259.34302899856 -40.63590336231 1719.93176 0.4289999999999998 -2.1390000000000016 1.0989000000953675 -0.3298999681472776 0.118071906 0.10007191 "" "" 9.353755246886363 "" 1.0914812890402912 ""
