Clusters/BH_217/BH_217_stars_in_region.tsv
# %ECSV 1.0
# ---
# datatype:
# - name: RA_ICRS_1
#   unit: deg
#   datatype: float64
#   format: '{:15.11f}'
#   description: Right ascension (ICRS) at Ep=2016.0 (ra)
#   meta: !!omap
#   - {ucd: POS_EQ_RA_MAIN}
#   - {width: 15}
#   - {precision: '11'}
# - name: DE_ICRS_1
#   unit: deg
#   datatype: float64
#   format: '{:15.11f}'
#   description: Declination (ICRS) at Ep=2016.0 (dec)
#   meta: !!omap
#   - {ucd: POS_EQ_DEC_MAIN}
#   - {width: 15}
#   - {precision: '11'}
# - name: e_RA_ICRS
#   unit: mas
#   datatype: float64
#   format: '{:7.4f}'
#   description: Standard error of right ascension (ra_error)
#   meta: !!omap
#   - {ucd: ERROR}
#   - {width: 7}
#   - {precision: '4'}
# - name: e_DE_ICRS
#   unit: mas
#   datatype: float64
#   format: '{:7.4f}'
#   description: Standard error of declination (dec_error)
#   meta: !!omap
#   - {ucd: ERROR}
#   - {width: 7}
#   - {precision: '4'}
# - name: _r_1
#   unit: ''
#   datatype: float64
#   format: '{:7.4f}'
#   description: Distance from center (259.07540941000-40.81409505000)[ICRS], at Epoch=J2016.0
#   meta: !!omap
#   - {ucd: POS_ANG_DIST_GENERAL}
#   - {width: 7}
#   - {precision: '4'}
# - name: HIP
#   datatype: int32
#   description: '? HIP cross-id number, van Leeuwen, Cat. I/311 (hip_original_ext_source_id)'
#   meta: !!omap
#   - {ucd: ID_NUMBER}
#   - {width: 6}
#   - values: {'null': -2147483648}
# - name: TYC2
#   datatype: string
#   description: Tycho-2 cross-id name, Hog et al., Cat. I/259 (tyc2_original_ext_source_id)
#   meta: !!omap
#   - {ucd: ID_CROSSID}
#   - {_votable_string_dtype: char}
# - name: Source
#   datatype: int64
#   description: Source identifier, identical to the Gaia-EDR3 source_id (id)
#   meta: !!omap
#   - {ucd: ID_MAIN}
#   - {width: 19}
# - name: rgeo
#   unit: pc
#   datatype: float64
#   format: '{:15.8f}'
#   description: '? Median of the geometric distance posterior (r_med_geo)'
#   meta: !!omap
#   - {ucd: PHYS_DISTANCE_TRUE}
#   - {width: 15}
#   - {precision: '8'}
#   - values: {'null': .nan}
# - name: Plx
#   unit: mas
#   datatype: float64
#   format: '{:9.4f}'
#   description: '? Parallax (parallax)'
#   meta: !!omap
#   - {ucd: POS_PARLX_TRIG}
#   - {width: 9}
#   - {precision: '4'}
#   - values: {'null': .nan}
# - name: e_Plx
#   unit: mas
#   datatype: float32
#   format: '{:7.4f}'
#   description: '? Standard error of parallax (parallax_error)'
#   meta: !!omap
#   - {ucd: ERROR}
#   - {width: 7}
#   - {precision: '4'}
#   - values: {'null': .nan}
# - name: pmRA
#   unit: mas / yr
#   datatype: float64
#   format: '{:9.3f}'
#   description: '? Proper motion in right ascension direction, pmRA*cosDE (pmra)'
#   meta: !!omap
#   - {ucd: POS_EQ_PMRA}
#   - {width: 9}
#   - {precision: '3'}
#   - values: {'null': .nan}
# - name: pmDE
#   unit: mas / yr
#   datatype: float64
#   format: '{:9.3f}'
#   description: '? Proper motion in declination direction (pmdec)'
#   meta: !!omap
#   - {ucd: POS_EQ_PMDEC}
#   - {width: 9}
#   - {precision: '3'}
#   - values: {'null': .nan}
# - name: e_pmRA
#   unit: mas / yr
#   datatype: float32
#   format: '{:6.3f}'
#   description: '? Standard error of proper motion in right ascension direction (pmra_error)'
#   meta: !!omap
#   - {ucd: ERROR}
#   - {width: 6}
#   - {precision: '3'}
#   - values: {'null': .nan}
# - name: e_pmDE
[...]
#         value: !astropy.table.SerializedColumn {name: SkyCoord.dec}
#       distance: !astropy.table.SerializedColumn
#         __class__: astropy.coordinates.distances.Distance
#         unit: !astropy.units.Unit {unit: pc}
#         value: !astropy.table.SerializedColumn {name: SkyCoord.distance}
#       frame: icrs
#       obstime: !astropy.time.Time {format: jyear_str, in_subfmt: '*', jd1: 367701545.0, jd2: 0.0, out_subfmt: '*', precision: 3, scale: tt}
#       pm_dec: !astropy.table.SerializedColumn
#         __class__: astropy.units.quantity.Quantity
#         unit: !astropy.units.Unit {unit: mas / yr}
#         value: !astropy.table.SerializedColumn {name: SkyCoord.pm_dec}
#       pm_ra_cosdec: !astropy.table.SerializedColumn
#         __class__: astropy.units.quantity.Quantity
#         unit: !astropy.units.Unit {unit: mas / yr}
#         value: !astropy.table.SerializedColumn {name: SkyCoord.pm_ra_cosdec}
#       ra: !astropy.table.SerializedColumn
#         __class__: astropy.coordinates.angles.Longitude
#         unit: *id001
#         value: !astropy.table.SerializedColumn {name: SkyCoord.ra}
#         wrap_angle: !astropy.coordinates.Angle
#           unit: *id001
#           value: 360.0
#       representation_type: spherical
# schema: astropy-2.0
RA_ICRS_1 DE_ICRS_1 e_RA_ICRS e_DE_ICRS _r_1 HIP TYC2 Source rgeo Plx e_Plx pmRA pmDE e_pmRA e_pmDE RUWE Teff logg Gmag BP-RP BPmag RPmag RV e_RV b_rgeo B_rgeo FG e_FG FBP e_FBP FRP e_FRP RAVE5 RAVE6 e_Gmag e_BPmag e_RPmag e_BP-RP SkyCoord.ra SkyCoord.dec SkyCoord.distance SkyCoord.pm_ra_cosdec SkyCoord.pm_dec rmRA rmDE e_rmRA e_rmDE rRV e_rRV v_pec v_pec3d e_vpec e_vpec3d
[from data line 360]
259.2902081351 -41.0644340845 0.0449 0.0277 17.8995 "" "" 5971818946105193984 2498.02148 0.3634 0.0539 1.094 -3.885 0.053 0.042 0.963 7607.8 3.576 15.739657 2.732585 17.273203 14.540618 "" "" 2246.80786 2839.62427 9529.80259 5.5731 1683.2 9.2752 12104.0 37.469 "" "" 0.0028275336688077675 0.0066015273 0.005057667 0.011659194 259.2902081351 -41.0644340845 2498.02148 1.094 -3.885 1.7639000000953675 -2.0758999681472776 0.1120719 0.10107191 "" "" 32.25500111022758 "" 3.4133295325343123 ""
259.11838115714 -40.52040390019 0.0339 0.0228 17.7297 "" "" 5971985109822425216 2036.34412 0.4493 0.0428 -1.32 -4.423 0.05 0.034 1.022 "" "" 15.744782 1.867484 16.645693 14.778209 "" "" 1865.13135 2240.61572 9484.92766 3.9396 3000.1 8.6107 9724.7 11.408 "" "" 0.0027919810945791815 0.004182801 0.0039882287 0.008171029 259.11838115714 -40.52040390019 2036.34412 -1.32 -4.423 -0.6500999999046326 -2.613899968147278 0.10907191 0.09307191 "" "" 25.998680406639323 "" 2.445920025967691 ""
258.77967950118 -40.60804272682 0.0373 0.0232 18.2688 "" "" 5971893334931560064 1753.99805 0.5153 0.0463 -2.361 -0.764 0.055 0.039 0.933 15006.8 3.7261 15.747384 3.067175 17.542389 14.475214 -36.09 6.15 1628.80676 1943.01257 9462.22456 5.2418 1313.6 6.0165 12855.0 13.328 "" "" 0.002820204147392422 0.0057021272 0.0039434624 0.00964559 258.77967950118 -40.60804272682 1753.99805 -2.361 -0.764 -1.6910999999046328 1.0451000318527222 0.114071906 0.0980719 -259.77 14.48 16.527944418314316 260.29526666210216 1.8161430096209699 14.451239540463902
259.2160787583 -40.86447567565 0.0376 0.0251 7.0647 "" "" 5971837053689963264 2194.07251 0.4312 0.047 -0.081 -0.897 0.056 0.038 1.04 7191.7 3.2848 15.747417 1.902378 16.681374 14.778996 "" "" 1981.00891 2394.91113 9461.93315 3.8118 2903.1 10.015 9717.6 15.684 "" "" 0.0027898215728539137 0.0046705506 0.00416587 0.00883642 259.2160787583 -40.86447567565 2194.07251 -0.081 -0.897 0.5889000000953675 0.9121000318527221 0.11507191 0.0970719 "" "" 11.291104503127976 "" 1.1595503083860392 ""
259.07596092024 -40.580966545 0.0332 0.0231 13.9877 "" "" 5971984487004404608 2462.6897 0.3465 0.0398 -1.44 -6.472 0.048 0.035 0.983 9676.6 3.5717 15.751521 3.169563 17.626818 14.457254 0.0 4.88 2238.99341 2800.20728 9426.23723 4.2495 1215.3 5.6054 13069.0 13.614 "" "" 0.0027984581001707274 0.0057326397 0.0039449865 0.009677626 259.07596092024 -40.580966545 2462.6897 -1.44 -6.472 -0.7700999999046325 -4.662899968147278 0.10707191 0.09407191 -223.68 13.21 55.168061447072326 230.38284963040965 5.210083473837503 12.886201480090445
259.00774505132 -40.51906613692 0.0376 0.025 17.9676 "" "" 5971894773731931264 2077.59375 0.4308 0.0457 -2.947 -5.862 0.055 0.041 1.051 7373.2 2.0987 15.756574 3.3576 17.788612 14.431012 -74.6 6.59 1890.65747 2277.84985 9382.46977 4.0063 1047.1 9.2272 13389.0 12.373 "" "" 0.002794051085170387 0.009966208 0.003910298 0.013876505 259.00774505132 -40.51906613692 2077.59375 -2.9469999999999996 -5.862 -2.2770999999046326 -4.052899968147278 0.114071906 0.10007191 -298.28 14.92 45.780258209769904 301.77274635353206 4.742998626711374 14.764857477216085
259.13830526588 -40.66721579831 0.0401 0.0268 9.265 "" "" 5971843101004267392 2358.46777 0.3828 0.0491 2.084 -0.836 0.056 0.038 1.073 15004.0 3.4863 15.76569 3.194687 17.6384 14.443712 29.34 4.9 2095.60181 2653.81201 9304.02502 4.9166 1202.4 9.4276 13233.0 35.876 "" "" 0.0028144221115001438 0.008958468 0.0047904234 0.013748892 259.13830526588 -40.66721579831 2358.46777 2.084 -0.836 2.7539000000953675 0.9731000318527222 0.11507191 0.0970719 -194.34 13.23 32.65167236009366 197.06386606354528 3.6966657846296918 13.061500396146146
259.36512258066 -40.90010065122 0.0381 0.024 14.1238 "" "" 5971918241428592128 2262.5603 0.3903 0.0431 -2.213 -5.572 0.054 0.039 0.935 15003.7 3.473 15.76586 3.055523 17.556988 14.501465 -65.65 6.21 2077.11743 2446.25781 9302.56574 5.7005 1296.0 6.733 12548.0 18.225 "" "" 0.002834510207310561 0.006292996 0.004095179 0.010388175 259.36512258066 -40.90010065122 2262.5603 -2.2129999999999987 -5.571999999999999 -1.5430999999046326 -3.762899968147278 0.1130719 0.0980719 -289.33000000000004 14.54 43.61679896885323 292.5991696028705 4.377796543319102 14.392349048135843
259.22050637856 -40.9186406751 0.0461 0.0273 9.0935 "" "" 5971825096498693376 1775.19397 0.5276 0.0592 -0.391 -0.084 0.068 0.042 1.12 8656.9 3.7335 15.766077 1.656859 16.53549 14.878631 "" "" 1580.20984 1975.27441 9300.70601 4.3005 3320.6 11.121 8865.6 11.445 "" "" 0.002800682199861619 0.004583365 0.0040309154 0.00861428 259.22050637856 -40.9186406751 1775.19397 -0.391 -0.08400000000000002 0.2789000000953674 1.725100031852722 0.12707192 0.10107191 "" "" 14.704195717533999 "" 1.4971315020352063 ""
258.89524848443 -40.5497145576 0.0774 0.051 17.8557 "" "" 5971895190357397632 2306.13647 0.4245 0.0939 -2.893 1.486 0.116 0.088 0.712 4458.5 1.7645 15.790339 4.787208 19.054056 14.266849 -34.98 4.96 1871.37878 2791.07715 9095.17441 7.5941 326.43 7.1771 15575.0 26.75 "" "" 0.0029006230373082717 0.0240342 0.0042143813 0.028248582 258.89524848443 -40.5497145576 2306.13647 -2.892999999999997 1.4859999999999989 -2.2230999999046324 3.295100031852722 0.1750719 0.1470719 -258.66 13.29 43.45001544299406 262.28400531103006 6.79428137005763 13.154611214998853
259.16978491348 -40.53167255688 0.0327 0.0227 17.4811 "" "" 5971984903663960064 1921.67554 0.4917 0.0392 -1.619 -1.915 0.047 0.034 0.939 "" "" 15.791952 2.797951 17.383236 14.585285 "" "" 1781.49341 2056.05518 9081.67185 3.6872 1521.0 6.5617 11616.0 14.835 "" "" 0.0027903595152136175 0.0054520047 0.00402572 0.009477725 259.16978491348 -40.53167255688 1921.67554 -1.6190000000000015 -1.9149999999999998 -0.9490999999046326 -0.10589996814727787 0.106071904 0.09307191 "" "" 8.698756210656345 "" 0.9213873495451028 ""
258.71090895435 -40.82833742332 0.038 0.0233 16.5722 "" "" 5971883714219194496 2488.66113 0.3616 0.0433 -0.129 1.27 0.053 0.039 0.968 9609.3 3.6501 15.797186 3.125796 17.643389 14.517592 "" "" 2174.17944 2799.63379 9037.99915 4.5349 1196.9 4.9509 12363.0 19.633 "" "" 0.002808660306075949 0.0052872323 0.0041541047 0.009441337 258.71090895435 -40.82833742332 2488.66113 -0.12900000000000006 1.27 0.5409000000953674 3.079100031852722 0.1120719 0.0980719 "" "" 36.87802086093232 "" 3.6332185867952567 ""
259.07481493948 -40.88509105648 0.0531 0.0308 4.2598 "" "" 5971836607013483904 1756.70935 0.5414 0.0616 -0.537 -5.241 0.076 0.051 1.479 9968.8 4.0226 15.801047 1.775084 16.56846 14.793377 "" "" 1593.00818 1935.21033 9005.91064 4.7262 3221.3 7.1346 9589.8 11.219 "" "" 0.002813617066914863 0.0036834332 0.003987118 0.0076705515 259.07481493948 -40.88509105648 1756.70935 -0.5369999999999993 -5.241 0.1329000000953674 -3.4318999681472775 0.1350719 0.110071905 "" "" 28.59817169631465 "" 3.149047138564162 ""
259.37991976867 -40.71715212336 0.0387 0.0242 15.0107 "" "" 5971921883560966272 2108.75586 0.4352 0.0403 3.586 -3.428 0.054 0.038 0.973 7750.5 3.6384 15.805528 2.522889 17.169313 14.646424 "" "" 1934.95056 2322.03979 8968.82378 3.7374 1852.2 9.1874 10980.0 18.459 "" "" 0.0027922193514725497 0.0060653985 0.0041970685 0.010262467 259.37991976867 -40.71715212336 2108.75586 3.5860000000000025 -3.4280000000000013 4.255900000095368 -1.6188999681472778 0.1130719 0.0970719 "" "" 45.51359956564865 "" 5.060048203913656 ""
258.7213066438 -40.79926663433 0.042 0.027 16.1062 "" "" 5971884053489647744 2519.2771 0.326 0.0488 -0.161 -2.96 0.066 0.052 0.962 7161.0 2.1891 15.806541 3.379901 17.858162 14.478261 -46.47 4.7 2272.95459 2820.11182 8960.4654 5.2063 982.09 8.2503 12819.0 17.35 "" "" 0.002826615515010346 0.009538229 0.0040550167 0.013593245 258.7213066438 -40.79926663433 2519.2771 -0.16099999999999975 -2.96 0.5089000000953674 -1.1508999681472778 0.12507191 0.11107191 -270.15 13.03 15.026926551359825 270.5676089660031 1.7052513333288577 13.01023322477894
258.83457885002 -40.85479034598 0.0454 0.0245 11.2021 "" "" 5971881274677941504 2428.65259 0.3761 0.0508 -0.428 -1.847 0.054 0.042 1.037 7765.2 2.4676 15.813146 2.307291 17.02345 14.71616 "" "" 2167.07446 2855.00928 8906.11683 4.1322 2118.5 7.9406 10297.0 12.981 "" "" 0.0028009919683844547 0.0049342164 0.0040196 0.008953816 258.83457885002 -40.85479034598 2428.65259 -0.42799999999999994 -1.847 0.24190000009536744 -0.03789996814727781 0.1130719 0.10107191 "" "" 2.8186791202526367 "" 0.31794508831254686 ""
259.12867542454 -40.64914528019 0.0381 0.0251 10.189 "" "" 5971937006180016000 2382.99585 0.3816 0.0457 -4.256 -3.531 0.053 0.036 1.004 15005.4 3.6174 15.820054 2.942097 17.522062 14.579966 "" "" 2135.93921 2684.8811 8849.63053 4.2931 1338.4 9.6424 11673.0 16.282 "" "" 0.0028052114063037664 0.008304838 0.004071514 0.012376352 259.12867542454 -40.64914528019 2382.99585 -4.256 -3.531000000000001 -3.586099999904633 -1.721899968147278 0.1120719 0.095071904 "" "" 44.93390991765244 "" 4.901781470913186 ""
259.22431445956 -40.56006850281 0.0511 0.0336 16.6794 "" "" 5971939132149789824 2018.35437 0.4775 0.0573 -1.01 -3.292 0.066 0.05 1.551 8120.6 2.756 15.824155 1.998505 16.802465 14.803961 "" "" 1790.20972 2325.69043 8816.27092 5.2618 2596.8 7.3941 9496.7 18.078 "" "" 0.002830493045524942 0.004164433 0.004307605 0.008472038 259.22431445956 -40.56006850281 2018.35437 -1.01 -3.292 -0.3400999999046326 -1.4828999681472776 0.12507191 0.10907191 "" "" 14.5552408019389 "" 1.6000103926049414 ""
258.99861904116 -40.70494039038 0.0382 0.0234 7.4211 "" "" 5971888245381583488 1905.69861 0.492 0.0422 0.607 -0.301 0.051 0.037 0.986 "" "" 15.824531 2.154968 16.927338 14.772369 "" "" 1778.52844 2076.67627 8813.2214 3.3272 2314.6 6.6202 9777.1 11.098 "" "" 0.0027856417837949245 0.004174763 0.0039752466 0.008150009 258.99861904116 -40.70494039038 1905.69861 0.6070000000000001 -0.30100000000000005 1.2769000000953674 1.5081000318527222 0.110071905 0.09607191 "" "" 17.849832395890804 "" 1.8233821632724843 ""
259.45577804291 -40.91247089665 0.037 0.0243 18.2411 "" "" 5971915492649518976 1889.75574 0.5043 0.0435 -1.353 -3.425 0.053 0.038 1.02 "" "" 15.82483 1.763251 16.66948 14.906228 "" "" 1760.65112 2039.58044 8810.78954 4.0797 2935.1 11.577 8643.1 14.668 "" "" 0.0028008088510341734 0.005111248 0.0042046187 0.009315867 259.45577804291 -40.91247089665 1889.75574 -1.353 -3.425 -0.6830999999046325 -1.6158999681472777 0.1120719 0.0970719 "" "" 15.714525484731858 "" 1.5634638115612909 ""
259.30938900663 -40.63855079869 0.0396 0.026 14.9708 "" "" 5971934807156621312 2432.92798 0.376 0.0451 -1.735 -3.368 0.057 0.043 1.147 15017.9 4.1183 15.828907 2.564848 17.207384 14.642536 "" "" 2218.6145 2819.67725 8777.76575 4.6953 1788.4 8.323 11019.0 17.913 "" "" 0.002815862638929995 0.0057720626 0.004171215 0.009943278 259.30938900663 -40.63855079869 2432.92798 -1.7350000000000008 -3.368000000000003 -1.0650999999046327 -1.5588999681472777 0.11607191 0.10207191 "" "" 21.77275721640885 "" 2.323737360507429 ""
258.94863429948 -41.00792654791 0.0575 0.0347 12.973 "" "" 5971829563266073344 2394.06372 0.3836 0.0659 0.423 -4.452 0.088 0.063 1.213 7451.2 2.13 15.833358 3.383435 17.884012 14.500577 5.06 7.18 2045.77478 2772.33203 8741.85744 5.6662 958.99 9.6266 12558.0 15.146 "" "" 0.002843772142475981 0.0112503925 0.003999811 0.015250204 258.94863429948 -41.00792654791 2394.06372 0.4229999999999998 -4.452000000000002 1.0929000000953675 -2.642899968147278 0.1470719 0.12207191 -218.62 15.51 32.45439073022982 221.01581816166558 4.09029971593556 15.35362400729634
258.89567958126 -40.8763771196 0.0404 0.025 8.9729 "" "" 5971834407989078272 2360.64453 0.3755 0.0488 -0.398 -1.197 0.049 0.039 0.915 "" "" 15.833364 2.663887 17.325401 14.661514 "" "" 2139.51099 2674.74707 8741.80802 5.1166 1604.2 9.9431 10828.0 15.142 "" "" 0.0028276543510984834 0.0072850683 0.004072957 0.0113580255 258.89567958126 -40.8763771196 2360.64453 -0.39800000000000013 -1.197000000000001 0.2719000000953674 0.6121000318527221 0.10807191 0.0980719 "" "" 7.4943964584334735 "" 0.7478577018245217 ""
259.19219333552 -40.54489765918 0.034 0.023 17.0035 "" "" 5971937929558969728 2024.94275 0.4572 0.0396 -2.303 -2.248 0.047 0.034 1.002 7314.0 3.3886 15.834029 2.104596 16.901993 14.797397 "" "" 1860.94604 2240.11401 8736.44948 3.6455 2369.3 7.8212 9554.3 13.537 "" "" 0.0027923187486543983 0.0045421 0.004080462 0.008622562 259.19219333552 -40.54489765918 2024.94275 -2.303 -2.248 -1.6330999999046325 -0.43889996814727805 0.106071904 0.09307191 "" "" 16.23108081331227 "" 1.7082667877963762 ""
259.21506159496 -40.60958277899 0.036 0.0245 13.817 "" "" 5971936765661822592 2242.88086 0.3975 0.0441 -0.921 -2.577 0.051 0.038 0.96 "" "" 15.839687 2.909148 17.51666 14.607512 "" "" 2055.78223 2450.74292 8691.03776 4.8123 1345.1 6.5859 11380.0 13.919 "" "" 0.002820143296741977 0.00600374 0.0040059015 0.010009641 259.21506159496 -40.60958277899 2242.88086 -0.921 -2.577 -0.2510999999046326 -0.7678999681472778 0.110071905 0.0970719 "" "" 8.58911720806904 "" 0.8451917509853267 ""
259.27564160908 -40.92012549092 0.0397 0.0265 11.0912 "" "" 5971824203145435264 2547.96191 0.3695 0.0484 -1.712 -1.178 0.055 0.038 1.01 "" "" 15.843907 2.079117 16.81032 14.731203 "" "" 2251.99219 2951.90186 8657.32861 5.2127 2578.0 40.067 10155.0 135.27 "" "" 0.002831812424522928 0.017103516 0.014948246 0.03205176 259.27564160908 -40.92012549092 2547.96191 -1.712 -1.178 -1.0420999999046325 0.6311000318527222 0.114071906 0.0970719 "" "" 14.713846299240751 "" 1.6151223165960706 ""
259.35497788883 -40.61886225311 0.0371 0.0238 17.2875 "" "" 5971934910235819776 2187.95825 0.4255 0.0412 -1.153 -3.121 0.053 0.038 1.02 6998.0 2.7169 15.847934 1.578865 16.546307 14.967442 "" "" 1987.03101 2430.01636 8625.28102 3.5105 3287.7 16.268 8169.2 21.56 "" "" 0.002790530671890127 0.0060537145 0.0047428426 0.010796557 259.35497788883 -40.61886225311 2187.95825 -1.1530000000000005 -3.1209999999999987 -0.4830999999046326 -1.3118999681472778 0.1120719 0.0970719 "" "" 14.498783286159181 "" 1.4351280799785047 ""
259.45508868436 -40.77049117593 0.0375 0.0238 17.4442 "" "" 5971920547862944640 1745.95996 0.5219 0.0389 -1.518 -4.084 0.052 0.036 0.963 "" "" 15.848353 1.928947 16.792551 14.863604 "" "" 1648.09534 1853.21631 8621.94665 3.7774 2620.6 7.0947 8989.1 14.676 "" "" 0.002796079003044677 0.004052786 0.0041744355 0.008227222 259.45508868436 -40.77049117593 1745.95996 -1.5179999999999993 -4.083999999999998 -0.8480999999046326 -2.2748999681472775 0.11107191 0.095071904 "" "" 20.09250222947715 "" 1.9522990770046933 ""
259.07476432433 -40.80954336344 0.0394 0.0231 0.2747 "" "" 5971839871188740352 2424.05981 0.3697 0.0479 -2.007 -3.715 0.057 0.038 1.001 5243.2 2.9574 15.851526 2.612628 17.277657 14.665029 "" "" 2202.89038 2664.81738 8596.78541 3.9777 1676.3 12.974 10793.0 15.622 "" "" 0.0028007429384124477 0.008854342 0.0040930905 0.012947433 259.07476432433 -40.80954336344 2424.05981 -2.007 -3.714999999999999 -1.3370999999046327 -1.9058999681472777 0.11607191 0.0970719 "" "" 26.75056618188828 "" 2.7746829223091787 ""
258.95628411715 -40.5688765376 0.0418 0.0271 15.6795 "" "" 5971894223976101760 2477.72192 0.3535 0.0526 -3.707 -5.093 0.061 0.045 1.023 "" "" 15.859343 3.557485 18.056791 14.499307 -5.46 4.96 2196.8645 2884.46851 8535.12203 4.3006 817.9 7.1667 12573.0 13.435 "" "" 0.002809105900197806 0.009914282 0.0039534452 0.013867727 258.95628411715 -40.5688765376 2477.72192 -3.7070000000000025 -5.092999999999998 -3.0370999999046324 -3.283899968147278 0.1200719 0.10407191 -229.14000000000001 13.29 52.53303319118152 235.08479146100836 5.8696820153125175 13.020161919850386
