Clusters/Czernik_41/Czernik_41_members.tsv
# %ECSV 1.0
# ---
# datatype:
# - name: RA_ICRS_1
#   unit: deg
#   datatype: float64
#   format: '{:15.11f}'
#   description: Right ascension (ICRS) at Ep=2016.0 (ra)
#   meta: !!omap
#   - {ucd: POS_EQ_RA_MAIN}
#   - {width: 15}
#   - {precision: '11'}
# - name: DE_ICRS_1
#   unit: deg
#   datatype: float64
#   format: '{:15.11f}'
#   description: Declination (ICRS) at Ep=2016.0 (dec)
#   meta: !!omap
#   - {ucd: POS_EQ_DEC_MAIN}
#   - {width: 15}
#   - {precision: '11'}
# - name: e_RA_ICRS
#   unit: mas
#   datatype: float64
#   format: '{:7.4f}'
#   description: Standard error of right ascension (ra_error)
#   meta: !!omap
#   - {ucd: ERROR}
#   - {width: 7}
#   - {precision: '4'}
# - name: e_DE_ICRS
#   unit: mas
#   datatype: float64
#   format: '{:7.4f}'
#   description: Standard error of declination (dec_error)
#   meta: !!omap
#   - {ucd: ERROR}
#   - {width: 7}
#   - {precision: '4'}
# - name: _r_1
#   unit: ''
#   datatype: float64
#   format: '{:7.4f}'
#   description: Distance from center (297.76230652000+25.29160607000)[ICRS], at Epoch=J2016.0
#   meta: !!omap
#   - {ucd: POS_ANG_DIST_GENERAL}
#   - {width: 7}
#   - {precision: '4'}
# - name: HIP
#   datatype: int32
#   description: '? HIP cross-id number, van Leeuwen, Cat. I/311 (hip_original_ext_source_id)'
#   meta: !!omap
#   - {ucd: ID_NUMBER}
#   - {width: 6}
#   - values: {'null': -2147483648}
# - name: TYC2
#   datatype: string
#   description: Tycho-2 cross-id name, Hog et al., Cat. I/259 (tyc2_original_ext_source_id)
#   meta: !!omap
#   - {ucd: ID_CROSSID}
#   - {_votable_string_dtype: char}
# - name: Source
#   datatype: int64
#   description: Source identifier, identical to the Gaia-EDR3 source_id (id)
#   meta: !!omap
#   - {ucd: ID_MAIN}
#   - {width: 19}
# - name: rgeo
#   unit: pc
#   datatype: float64
#   format: '{:15.8f}'
#   description: '? Median of the geometric distance posterior (r_med_geo)'
#   meta: !!omap
#   - {ucd: PHYS_DISTANCE_TRUE}
#   - {width: 15}
#   - {precision: '8'}
#   - values: {'null': .nan}
# - name: Plx
#   unit: mas
#   datatype: float64
#   format: '{:9.4f}'
#   description: '? Parallax (parallax)'
#   meta: !!omap
#   - {ucd: POS_PARLX_TRIG}
#   - {width: 9}
#   - {precision: '4'}
#   - values: {'null': .nan}
# - name: e_Plx
#   unit: mas
#   datatype: float32
#   format: '{:7.4f}'
#   description: '? Standard error of parallax (parallax_error)'
#   meta: !!omap
#   - {ucd: ERROR}
#   - {width: 7}
#   - {precision: '4'}
#   - values: {'null': .nan}
# - name: pmRA
#   unit: mas / yr
#   datatype: float64
#   format: '{:9.3f}'
#   description: '? Proper motion in right ascension direction, pmRA*cosDE (pmra)'
#   meta: !!omap
#   - {ucd: POS_EQ_PMRA}
#   - {width: 9}
#   - {precision: '3'}
#   - values: {'null': .nan}
# - name: pmDE
#   unit: mas / yr
#   datatype: float64
#   format: '{:9.3f}'
#   description: '? Proper motion in declination direction (pmdec)'
#   meta: !!omap
#   - {ucd: POS_EQ_PMDEC}
#   - {width: 9}
#   - {precision: '3'}
#   - values: {'null': .nan}
# - name: e_pmRA
#   unit: mas / yr
#   datatype: float32
#   format: '{:6.3f}'
#   description: '? Standard error of proper motion in right ascension direction (pmra_error)'
#   meta: !!omap
#   - {ucd: ERROR}
#   - {width: 6}
#   - {precision: '3'}
#   - values: {'null': .nan}
# - name: e_pmDE
[...]
#       distance: !astropy.table.SerializedColumn
#         __class__: astropy.coordinates.distances.Distance
#         unit: !astropy.units.Unit {unit: pc}
#         value: !astropy.table.SerializedColumn {name: SkyCoord.distance}
#       frame: icrs
#       obstime: !astropy.time.Time {format: jyear_str, in_subfmt: '*', jd1: 367701545.0, jd2: 0.0, out_subfmt: '*', precision: 3, scale: tt}
#       pm_dec: !astropy.table.SerializedColumn
#         __class__: astropy.units.quantity.Quantity
#         unit: !astropy.units.Unit {unit: mas / yr}
#         value: !astropy.table.SerializedColumn {name: SkyCoord.pm_dec}
#       pm_ra_cosdec: !astropy.table.SerializedColumn
#         __class__: astropy.units.quantity.Quantity
#         unit: !astropy.units.Unit {unit: mas / yr}
#         value: !astropy.table.SerializedColumn {name: SkyCoord.pm_ra_cosdec}
#       ra: !astropy.table.SerializedColumn
#         __class__: astropy.coordinates.angles.Longitude
#         unit: *id001
#         value: !astropy.table.SerializedColumn {name: SkyCoord.ra}
#         wrap_angle: !astropy.coordinates.Angle
#           unit: *id001
#           value: 360.0
#       representation_type: spherical
# schema: astropy-2.0
RA_ICRS_1 DE_ICRS_1 e_RA_ICRS e_DE_ICRS _r_1 HIP TYC2 Source rgeo Plx e_Plx pmRA pmDE e_pmRA e_pmDE RUWE Teff logg Gmag BP-RP BPmag RPmag RV e_RV b_rgeo B_rgeo FG e_FG FBP e_FBP FRP e_FRP RAVE5 RAVE6 e_Gmag e_BPmag e_RPmag e_BP-RP SkyCoord.ra SkyCoord.dec SkyCoord.distance SkyCoord.pm_ra_cosdec SkyCoord.pm_dec rmRA rmDE e_rmRA e_rmDE rRV e_rRV v_pec v_pec3d e_vpec e_vpec3d Pmemb
297.70555995909 25.26944694719 0.007 0.0112 3.3535 "" 2144-1284-1 2026710821222377600 2529.96851 0.3688 0.0149 -2.958 -6.077 0.01 0.014 1.322 "" "" 11.819035 1.629647 12.574928 10.945281 "" "" 2437.59839 2627.93628 352641.09647 243.09 127480.0 216.4 331930.0 524.77 "" "" 0.002855162988659956 0.0033439375 0.0041509205 0.007494858 297.70555995909 25.26944694719 2529.96851 -2.958 -6.077000000000001 -0.015062387466430849 0.0978595237731934 0.098028205 0.102028206 "" "" 1.1873560655783344 "" 0.12103600170086035 "" 0.9
297.89686900107 25.41197723386 0.0049 0.0075 10.2662 "" "" 2026718964480649984 2631.94336 0.3697 0.0113 -2.949 -6.149 0.007 0.01 0.934 "" "" 12.685686 1.811898 13.560752 11.748854 "" "" 2555.81348 2704.71118 158734.80492 89.297 51418.0 98.001 158350.0 272.22 "" "" 0.0028222063736054867 0.003473812 0.004215154 0.0076889656 297.89686900107 25.41197723386 2631.94336 -2.949 -6.148999999999999 -0.006062387466430508 0.025859523773193338 0.09502821 0.098028205 "" "" 0.3313548942921745 "" 0.03243109047752351 "" 1.0
297.74254607086 25.22820644899 0.0051 0.0084 3.9522 "" "" 2026698344318904448 2500.38794 0.3886 0.011 -2.972 -6.269 0.007 0.01 0.968 "" "" 12.79545 1.862026 13.701653 11.839626 "" "" 2431.60693 2573.54688 143471.88934 59.605 45160.0 64.494 145650.0 149.06 "" "" 0.0027919974938208935 0.0031920678 0.0039393394 0.007131407 297.74254607086 25.22820644899 2500.38794 -2.972 -6.269 -0.02906238746643064 -0.09414047622680677 0.09502821 0.098028205 "" "" 1.1676949633741038 "" 0.11416650364143219 "" 1.0
297.44413558423 25.32511267308 0.0056 0.0086 17.3747 "" "" 2026901552127358976 2446.57349 0.3715 0.0118 -2.835 -6.162 0.008 0.012 1.061 "" "" 13.116447 1.80107 13.983715 12.182645 "" "" 2343.09717 2521.30664 106749.99571 25.947 34828.0 32.596 106190.0 51.944 "" "" 0.0027679295443766936 0.0029694478 0.003816516 0.0067859637 297.44413558423 25.32511267308 2446.57349 -2.835 -6.161999999999997 0.10793761253356937 0.012859523773193438 0.09602821 0.10002821 "" "" 1.2605785964970226 "" 0.12112312178149284 "" 1.0
297.61424825176 25.13461599726 0.0057 0.0092 12.3823 "" "" 2026707831925143808 2255.37866 0.4096 0.0125 -2.916 -6.125 0.008 0.011 1.015 "" "" 13.276802 1.875378 14.191965 12.316587 "" "" 2202.02319 2308.51831 92092.85233 19.698 28750.0 19.327 93869.0 22.743 "" "" 0.0027650896410529474 0.0028840548 0.0037885255 0.0066725803 297.61424825176 25.13461599726 2255.37866 -2.916 -6.125 0.02693761253356941 0.04985952377319336 0.09602821 0.09902821 "" "" 0.6058414899617016 "" 0.059589590704374175 "" 1.0
297.73855728055 25.40724684149 0.006 0.0093 7.0569 "" "" 2026718586523595392 2374.38379 0.3873 0.0128 -2.851 -6.146 0.009 0.012 1.011 "" "" 13.403695 1.843556 14.300822 12.457266 84.24 8.12 2308.71533 2435.48584 81934.8909 16.735 26007.0 17.273 82462.0 23.487 "" "" 0.0027642298095067355 0.0028818483 0.0037920123 0.0066738604 297.73855728055 25.40724684149 2374.38379 -2.851 -6.146000000000004 0.09193761253356936 0.028859523773193452 0.09702821 0.10002821 73.637 14.198 1.084499839331649 73.64498563311362 0.10552300335011275 14.196460490886745 1.0
297.76311915713 25.2695187696 0.006 0.0098 1.326 "" "" 2026698932752447872 2554.76514 0.356 0.0131 -2.701 -5.995 0.009 0.013 1.03 "" "" 13.571547 1.953155 14.535473 12.582318 123.22 5.04 2467.28418 2636.08179 70198.49513 39.885 20952.0 43.02 73490.0 100.24 "" "" 0.0028235332075064626 0.0035713923 0.0040591755 0.007630568 297.76311915713 25.2695187696 2554.76514 -2.7010000000000014 -5.995000000000001 0.24193761253356927 0.17985952377319325 0.09702821 0.101028204 112.617 11.118 3.6506589604179482 112.67615541828395 0.35948263323203095 11.112169141286977 1.0
297.5508740903 25.11672243051 0.0064 0.0107 15.5516 "" "" 2020703124045901952 2471.79932 0.3691 0.0144 -2.854 -6.223 0.009 0.014 0.982 "" "" 13.626387 1.826232 14.509852 12.68362 "" "" 2380.68872 2552.13623 66740.92607 20.663 21452.0 20.317 66944.0 55.893 "" "" 0.0027757489511936904 0.0029736224 0.0038865765 0.006860199 297.5508740903 25.11672243051 2471.79932 -2.854 -6.223000000000001 0.08893761253356924 -0.048140476226806506 0.09702821 0.102028206 "" "" 1.1848797133996762 "" 0.1163356514808723 "" 0.9
297.77899970764 25.3197536939 0.0061 0.01 1.9163 "" "" 2026716799817156352 2255.4668 0.4035 0.0138 -2.945 -6.139 0.009 0.013 1.032 "" "" 13.664418 2.34709 14.906847 12.559757 "" "" 2192.38184 2315.44482 64443.54872 91.953 14883.0 53.292 75034.0 343.05 "" "" 0.0031609881893335397 0.0047853393 0.006238918 0.011024257 297.77899970764 25.3197536939 2255.4668 -2.9449999999999994 -6.139000000000003 -0.002062387466430504 0.035859523773193125 0.09702821 0.101028204 "" "" 0.3840045582660139 "" 0.03879032677563507 "" 1.0
297.69606856464 25.26243898965 0.0063 0.0106 3.9972 "" "" 2026710443265259136 2582.24927 0.359 0.0136 -2.851 -6.118 0.009 0.013 1.048 "" "" 13.72092 1.717784 14.534796 12.817012 "" "" 2496.80615 2676.61426 61175.70899 11.769 20965.0 15.193 59204.0 19.493 "" "" 0.002763225985010972 0.0028989871 0.0037962508 0.006695238 297.69606856464 25.26243898965 2582.24927 -2.851 -6.118 0.09193761253356936 0.05685952377319303 0.09702821 0.101028204 "" "" 1.3231245057388838 "" 0.12986624638206556 "" 1.0
297.84096781594 25.31778570543 0.0063 0.0102 4.5468 "" "" 2026705323664089472 2318.90942 0.3945 0.0141 -2.929 -6.126 0.009 0.013 1.013 "" "" 13.729617 2.206766 14.87422 12.667454 "" "" 2248.68701 2391.62109 60687.59707 15.023 15337.0 11.525 67948.0 30.123 "" "" 0.00276839787505064 0.0029070093 0.0038099093 0.0067169187 297.84096781594 25.31778570543 2318.90942 -2.929 -6.1259999999999994 0.01393761253356951 0.048859523773193025 0.09702821 0.101028204 "" "" 0.5584689618935585 "" 0.05625610512576627 "" 1.0
297.67329061039 25.41669727046 0.0072 0.0111 8.9234 "" "" 2026721369662432896 2358.20508 0.3856 0.0149 -2.855 -6.328 0.01 0.015 0.993 "" "" 13.994286 2.139802 15.08985 12.950048 "" "" 2278.69238 2444.27173 47558.97568 14.366 12574.0 10.891 52377.0 30.836 "" "" 0.002774770356876572 0.0029443887 0.0038330553 0.006777444 297.67329061039 25.41669727046 2358.20508 -2.8550000000000004 -6.328 0.08793761253356935 -0.15314047622680693 0.098028205 0.10302821 "" "" 1.973935644745615 "" 0.20096884350003985 "" 0.9
297.93323858996 25.39221077604 0.0077 0.0114 11.0612 "" "" 2026707522687320576 2467.55713 0.3502 0.0165 -2.807 -6.297 0.011 0.015 0.973 "" "" 14.000296 3.137533 15.861051 12.723517 -57.04 0.87 2390.1709 2576.41235 47296.43751 14.901 6180.1 12.267 64528.0 24.449 "" "" 0.0027764724553882743 0.0035255493 0.0038017044 0.007327254 297.93323858996 25.39221077604 2467.55713 -2.8070000000000004 -6.297000000000001 0.1359376125335694 -0.12214047622680635 0.09902821 0.10302821 -67.643 6.9479995 2.1374769242480727 67.67676304760515 0.21553159571215855 6.944536548121572 0.9
297.85148484281 25.21747543386 0.0072 0.0116 6.5728 "" "" 2026703468238173568 2452.09937 0.3703 0.0152 -3.021 -6.288 0.01 0.015 1.03 15102.7 3.5176 14.164145 2.099945 15.229359 13.129414 "" "" 2368.28638 2522.88086 40671.35164 144.92 11058.0 94.884 44401.0 502.42 "" "" 0.004749584929700922 0.00972509 0.012853838 0.022578929 297.85148484281 25.21747543386 2452.09937 -3.0210000000000004 -6.288 -0.07806238746643057 -0.1131404762268069 0.098028205 0.10302821 "" "" 1.597659226551928 "" 0.1620706518158898 "" 0.8
297.76471058823 25.27901923327 0.0079 0.0129 0.7664 "" "" 2026710718143138176 2272.51221 0.4106 0.0171 -2.833 -6.247 0.011 0.016 1.022 9691.8 3.4142 14.346043 1.872931 15.258241 13.38531 "" "" 2193.88818 2375.22925 34397.72216 7.4238 10768.0 11.159 35078.0 24.008 "" "" 0.002765266385882181 0.0030084937 0.0038517425 0.006860236 297.76471058823 25.27901923327 2272.51221 -2.833 -6.247 0.10993761253356915 -0.07214047622680653 0.09902821 0.10402821 "" "" 1.4164090131895013 "" 0.1424331083680424 "" 0.9
297.72325562761 25.28351414443 0.0083 0.0132 2.1735 "" "" 2026710855582108800 2418.2334 0.3791 0.0177 -2.91 -6.125 0.012 0.017 1.063 "" "" 14.508107 1.989619 15.499907 13.510287 "" "" 2333.18994 2521.94019 29628.11752 7.3224 8618.9 9.9597 31264.0 14.361 "" "" 0.0027683554452409597 0.0030592754 0.0038121461 0.006871422 297.72325562761 25.28351414443 2418.2334 -2.9100000000000006 -6.124999999999996 0.032937612533569194 0.04985952377319336 0.10002821 0.10502821 "" "" 0.6849563136695912 "" 0.0709167241647775 "" 1.0
297.75310170424 25.27566860915 0.0085 0.0137 1.0788 "" "" 2026710683783402496 2400.62964 0.3813 0.0182 -2.908 -6.167 0.012 0.017 1.057 "" "" 14.566131 1.797122 15.410829 13.613707 "" "" 2302.90845 2518.41162 28086.29869 6.9139 9355.9 23.903 28423.0 51.053 "" "" 0.0027682527939154092 0.00393441 0.004252875 0.008187285 297.75310170424 25.27566860915 2400.62964 -2.908 -6.167 0.03493761253356942 0.007859523773193544 0.10002821 0.10502821 "" "" 0.4074898208691549 "" 0.04086094770668389 "" 1.0
297.70323730571 25.2532933847 0.0088 0.0139 3.9441 "" "" 2026710237106818304 2604.38135 0.3505 0.0188 -2.898 -6.309 0.013 0.018 1.056 "" "" 14.640376 1.673474 15.426113 13.752639 "" "" 2470.45093 2761.13525 26229.86993 6.1578 9225.1 8.1748 25009.0 14.436 "" "" 0.002767084856176978 0.0029513943 0.003830993 0.0067823874 297.70323730571 25.2532933847 2604.38135 -2.898 -6.309 0.044937612533569204 -0.1341404762268068 0.101028204 0.10602821 "" "" 1.746383533627077 "" 0.18430359879639713 "" 0.9
297.72628088421 25.2635865336 0.0087 0.015 2.5781 "" "" 2026710615063932928 2537.35913 0.3621 0.0185 -2.983 -6.158 0.012 0.021 0.986 "" "" 14.673986 1.75415 15.506101 13.75195 52.47 5.99 2423.96802 2700.9209 25430.3726 9.8124 8569.9 15.059 25025.0 25.938 "" "" 0.002786986915168736 0.003380081 0.003943366 0.0073234467 297.72628088421 25.2635865336 2537.35913 -2.9829999999999983 -6.158 -0.04006238746643076 0.016859523773192997 0.10002821 0.109028205 41.867000000000004 12.067999 0.522761586984595 41.87026353722683 0.053025455099210035 12.0670582757588 1.0
298.02006904907 25.29488065414 0.009 0.014 13.9845 "" "" 2026702540525167616 2575.11304 0.3568 0.0194 -3.014 -6.109 0.014 0.02 1.025 9374.1 3.4346 14.700933 1.594548 15.437912 13.843364 "" "" 2453.21436 2691.96094 24806.97095 5.9699 9125.4 8.4572 23004.0 12.387 "" "" 0.0027676813836073413 0.0029660673 0.0038243337 0.006790401 298.02006904907 25.29488065414 2575.11304 -3.0139999999999993 -6.109 -0.07106238746643045 0.06585952377319337 0.102028206 0.1080282 "" "" 1.1826218771112365 "" 0.12398988983425704 "" 1.0
297.79635535645 25.22470131991 0.0091 0.0143 4.4191 "" "" 2026698589155020928 2845.39233 0.3165 0.0191 -3.011 -6.286 0.013 0.018 1.03 "" "" 14.731616 1.829182 15.615639 13.786457 "" "" 2703.56982 2992.43726 24115.72006 7.73 7747.5 10.157 24242.0 21.224 "" "" 0.0027772120840769974 0.0031322718 0.0038970895 0.007029361 297.79635535645 25.22470131991 2845.39233 -3.011 -6.286000000000002 -0.06806238746643078 -0.11114047622680623 0.101028204 0.10602821 "" "" 1.757718655783145 "" 0.18401234626491147 "" 0.9
297.78031040428 25.2898945285 0.0092 0.0151 0.9821 "" "" 2026716593658715648 2345.70483 0.3829 0.0199 -2.89 -6.202 0.013 0.02 1.049 "" "" 14.76535 2.531364 16.144274 13.612909 "" "" 2255.06909 2458.92285 23377.95945 29.277 4761.1 22.172 28444.0 97.207 "" "" 0.0030725532627821905 0.0057749394 0.0052963626 0.011071302 297.78031040428 25.2898945285 2345.70483 -2.8900000000000006 -6.202000000000001 0.05293761253356921 -0.027140476226806598 0.101028204 0.1080282 "" "" 0.6614419819305467 "" 0.06781405802047806 "" 1.0
297.86473228075 25.26053268635 0.0097 0.0146 5.8616 "" "" 2026703846195305472 2360.35791 0.3796 0.0202 -2.878 -6.144 0.014 0.018 1.019 "" "" 14.814376 2.724897 16.343426 13.618528 -59.3 7.56 2268.98999 2517.06152 22345.82209 7.1683 3963.2 7.4181 28297.0 15.788 "" "" 0.002777246313188072 0.003451807 0.003827622 0.0072794287 297.86473228075 25.26053268635 2360.35791 -2.878 -6.144000000000003 0.06493761253356922 0.03085952377319323 0.102028206 0.10602821 -69.90299999999999 13.638 0.8043925280862094 69.90762802684154 0.08267290247480757 13.637096704540493 1.0
297.71966251868 25.26916071881 0.0095 0.0151 2.677 "" "" 2026710615063937920 2499.32324 0.3626 0.0197 -3.09 -6.342 0.014 0.019 0.965 "" "" 14.898014 1.89077 15.822676 13.931906 232.93 9.25 2389.78223 2615.96558 20689.08083 4.9306 6402.5 8.5945 21203.0 11.303 "" "" 0.0027674431797331273 0.0031478922 0.003823444 0.006971336 297.71966251868 25.26916071881 2499.32324 -3.09 -6.342 -0.14706238746643052 -0.16714047622680628 0.102028206 0.10702821 222.327 15.327999 2.6374291934145777 222.342643147351 0.27660232527103584 15.32692104889944 0.9
297.89994097728 25.35757997978 0.0099 0.0152 8.4491 "" "" 2026706801132820864 2553.24048 0.3585 0.0216 -2.981 -6.224 0.014 0.02 1.03 "" "" 14.931383 2.053111 15.969328 13.916217 "" "" 2410.85815 2742.23657 20062.89488 5.0545 5593.5 7.4193 21512.0 11.75 "" "" 0.002768864284469753 0.003139911 0.0038256268 0.0069655376 297.89994097728 25.35757997978 2553.24048 -2.9809999999999985 -6.224000000000004 -0.038062387466430536 -0.04914047622680684 0.102028206 0.1080282 "" "" 0.7522501887203815 "" 0.07960176210359172 "" 1.0
297.53726945496 25.32865920973 0.0101 0.0157 12.4069 "" "" 2026714016678164864 2503.01636 0.3606 0.0203 -2.792 -6.262 0.014 0.02 1.023 "" "" 14.964466 2.146951 16.065605 13.918654 "" "" 2403.92529 2613.54004 19460.77985 4.727 5118.9 5.7557 21463.0 9.1059 "" "" 0.0027679125281569105 0.0030455557 0.0038073496 0.0068529053 297.53726945496 25.32865920973 2503.01636 -2.792 -6.261999999999998 0.15093761253356952 -0.08714047622680621 0.102028206 0.1080282 "" "" 2.0677814958142897 "" 0.21414092201788196 "" 1.0
297.64382003726 25.31503062536 0.0192 0.0294 6.579 "" "" 2026711611496423808 2140.06567 0.4412 0.0416 -2.89 -6.227 0.028 0.04 1.56 "" "" 14.993526 2.178978 15.742487 13.563509 -187.99 4.86 1973.25012 2384.64697 18946.82433 10.204 6893.2 30.871 29768.0 695.64 "" "" 0.0028166830265940143 0.0056061 0.0256522 0.0312583 297.64382003726 25.31503062536 2140.06567 -2.8899999999999997 -6.227000000000001 0.05293761253356921 -0.05214047622680695 0.116028205 0.12802821 -198.59300000000002 10.938 0.7537287920100914 198.59443032495122 0.09201873452775422 10.937920952807065 0.9
297.6223455258 25.09171353096 0.0105 0.0165 14.1982 "" "" 2020690960698455552 2164.91333 0.4266 0.0222 -3.007 -6.244 0.015 0.02 1.006 "" "" 15.023902 1.770288 15.867275 14.096988 "" "" 2074.52026 2298.1123 18424.08299 4.4538 6144.8 8.2792 18212.0 8.3218 "" "" 0.0027677927246356326 0.0031504014 0.0038118053 0.0069622067 297.6223455258 25.09171353096 2164.91333 -3.0069999999999983 -6.2440000000000015 -0.06406238746643078 -0.06914047622680641 0.10302821 0.1080282 "" "" 0.9672367391934986 "" 0.10228328086822525 "" 0.9
297.92888698846 25.37581946654 0.0105 0.016 10.3507 "" "" 2026706938571765120 2529.36523 0.3621 0.0221 -3.055 -6.192 0.015 0.021 0.996 6993.3 2.685 15.065679 1.928279 16.016775 14.088496 "" "" 2392.18091 2663.93677 17728.63496 5.5974 5354.3 9.7037 18355.0 13.69 "" "" 0.0027765623146850686 0.0034142192 0.0038651635 0.007279383 297.92888698846 25.37581946654 2529.36523 -3.054999999999999 -6.1919999999999975 -0.11206238746643082 -0.01714047622680681 0.10302821 0.109028205 "" "" 1.3591626642956016 "" 0.1402238162684012 "" 0.9
297.78870172627 25.28632759193 0.013 0.0202 1.4665 "" "" 2026704838310605568 2771.11133 0.3266 0.0266 -2.855 -6.16 0.018 0.025 1.211 7665.7 2.374 15.160014 2.139011 16.249125 14.110113 "" "" 2586.24902 2957.1167 16253.28345 4.5165 4322.8 6.4835 17993.0 11.448 "" "" 0.0027717893948462457 0.003230608 0.0038419953 0.0070726033 297.78870172627 25.28632759193 2771.11133 -2.855 -6.16 0.08793761253356935 0.014859523773193217 0.10602821 0.113028206 "" "" 1.171441065931136 "" 0.12444072947401459 "" 1.0
