Clusters/Czernik_41/Czernik_41_stars_in_region.tsv
# %ECSV 1.0
# ---
# datatype:
# - name: RA_ICRS_1
#   unit: deg
#   datatype: float64
#   format: '{:15.11f}'
#   description: Right ascension (ICRS) at Ep=2016.0 (ra)
#   meta: !!omap
#   - {ucd: POS_EQ_RA_MAIN}
#   - {width: 15}
#   - {precision: '11'}
# - name: DE_ICRS_1
#   unit: deg
#   datatype: float64
#   format: '{:15.11f}'
#   description: Declination (ICRS) at Ep=2016.0 (dec)
#   meta: !!omap
#   - {ucd: POS_EQ_DEC_MAIN}
#   - {width: 15}
#   - {precision: '11'}
# - name: e_RA_ICRS
#   unit: mas
#   datatype: float64
#   format: '{:7.4f}'
#   description: Standard error of right ascension (ra_error)
#   meta: !!omap
#   - {ucd: ERROR}
#   - {width: 7}
#   - {precision: '4'}
# - name: e_DE_ICRS
#   unit: mas
#   datatype: float64
#   format: '{:7.4f}'
#   description: Standard error of declination (dec_error)
#   meta: !!omap
#   - {ucd: ERROR}
#   - {width: 7}
#   - {precision: '4'}
# - name: _r_1
#   unit: ''
#   datatype: float64
#   format: '{:7.4f}'
#   description: Distance from center (297.76230652000+25.29160607000)[ICRS], at Epoch=J2016.0
#   meta: !!omap
#   - {ucd: POS_ANG_DIST_GENERAL}
#   - {width: 7}
#   - {precision: '4'}
# - name: HIP
#   datatype: int32
#   description: '? HIP cross-id number, van Leeuwen, Cat. I/311 (hip_original_ext_source_id)'
#   meta: !!omap
#   - {ucd: ID_NUMBER}
#   - {width: 6}
#   - values: {'null': -2147483648}
# - name: TYC2
#   datatype: string
#   description: Tycho-2 cross-id name, Hog et al., Cat. I/259 (tyc2_original_ext_source_id)
#   meta: !!omap
#   - {ucd: ID_CROSSID}
#   - {_votable_string_dtype: char}
# - name: Source
#   datatype: int64
#   description: Source identifier, identical to the Gaia-EDR3 source_id (id)
#   meta: !!omap
#   - {ucd: ID_MAIN}
#   - {width: 19}
# - name: rgeo
#   unit: pc
#   datatype: float64
#   format: '{:15.8f}'
#   description: '? Median of the geometric distance posterior (r_med_geo)'
#   meta: !!omap
#   - {ucd: PHYS_DISTANCE_TRUE}
#   - {width: 15}
#   - {precision: '8'}
#   - values: {'null': .nan}
# - name: Plx
#   unit: mas
#   datatype: float64
#   format: '{:9.4f}'
#   description: '? Parallax (parallax)'
#   meta: !!omap
#   - {ucd: POS_PARLX_TRIG}
#   - {width: 9}
#   - {precision: '4'}
#   - values: {'null': .nan}
# - name: e_Plx
#   unit: mas
#   datatype: float32
#   format: '{:7.4f}'
#   description: '? Standard error of parallax (parallax_error)'
#   meta: !!omap
#   - {ucd: ERROR}
#   - {width: 7}
#   - {precision: '4'}
#   - values: {'null': .nan}
# - name: pmRA
#   unit: mas / yr
#   datatype: float64
#   format: '{:9.3f}'
#   description: '? Proper motion in right ascension direction, pmRA*cosDE (pmra)'
#   meta: !!omap
#   - {ucd: POS_EQ_PMRA}
#   - {width: 9}
#   - {precision: '3'}
#   - values: {'null': .nan}
# - name: pmDE
#   unit: mas / yr
#   datatype: float64
#   format: '{:9.3f}'
#   description: '? Proper motion in declination direction (pmdec)'
#   meta: !!omap
#   - {ucd: POS_EQ_PMDEC}
#   - {width: 9}
#   - {precision: '3'}
#   - values: {'null': .nan}
# - name: e_pmRA
#   unit: mas / yr
#   datatype: float32
#   format: '{:6.3f}'
#   description: '? Standard error of proper motion in right ascension direction (pmra_error)'
#   meta: !!omap
#   - {ucd: ERROR}
#   - {width: 6}
#   - {precision: '3'}
#   - values: {'null': .nan}
# - name: e_pmDE
[...]
#         unit: &id001 !astropy.units.Unit {unit: deg}
#         value: !astropy.table.SerializedColumn {name: SkyCoord.dec}
#       distance: !astropy.table.SerializedColumn
#         __class__: astropy.coordinates.distances.Distance
#         unit: !astropy.units.Unit {unit: pc}
#         value: !astropy.table.SerializedColumn {name: SkyCoord.distance}
#       frame: icrs
#       obstime: !astropy.time.Time {format: jyear_str, in_subfmt: '*', jd1: 367701545.0, jd2: 0.0, out_subfmt: '*', precision: 3, scale: tt}
#       pm_dec: !astropy.table.SerializedColumn
#         __class__: astropy.units.quantity.Quantity
#         unit: !astropy.units.Unit {unit: mas / yr}
#         value: !astropy.table.SerializedColumn {name: SkyCoord.pm_dec}
#       pm_ra_cosdec: !astropy.table.SerializedColumn
#         __class__: astropy.units.quantity.Quantity
#         unit: !astropy.units.Unit {unit: mas / yr}
#         value: !astropy.table.SerializedColumn {name: SkyCoord.pm_ra_cosdec}
#       ra: !astropy.table.SerializedColumn
#         __class__: astropy.coordinates.angles.Longitude
#         unit: *id001
#         value: !astropy.table.SerializedColumn {name: SkyCoord.ra}
#         wrap_angle: !astropy.coordinates.Angle
#           unit: *id001
#           value: 360.0
#       representation_type: spherical
# schema: astropy-2.0
RA_ICRS_1 DE_ICRS_1 e_RA_ICRS e_DE_ICRS _r_1 HIP TYC2 Source rgeo Plx e_Plx pmRA pmDE e_pmRA e_pmDE RUWE Teff logg Gmag BP-RP BPmag RPmag RV e_RV b_rgeo B_rgeo FG e_FG FBP e_FBP FRP e_FRP RAVE5 RAVE6 e_Gmag e_BPmag e_RPmag e_BP-RP SkyCoord.ra SkyCoord.dec SkyCoord.distance SkyCoord.pm_ra_cosdec SkyCoord.pm_dec
[from data line 411]
297.80946697494 25.4877436753 0.0315 0.0444 12.0427 "" "" 2026723362527218304 2671.08398 0.3744 0.0672 -3.362 -3.222 0.048 0.064 1.239 7838.8 4.2228 16.632252 2.487454 17.85768 15.370225 "" "" 2255.54834 3314.45825 4188.37814 2.9136 982.53 9.6514 5637.3 37.239 "" "" 0.0028569631144859755 0.011024129 0.008107027 0.019131156 297.80946697494 25.4877436753 2671.08398 -3.362 -3.2219999999999995
297.55844680489 25.05613203893 0.057 0.0859 17.9486 "" "" 2020690617101101824 2487.71997 0.4113 0.1182 -1.855 -5.877 0.082 0.115 1.274 "" "" 16.63298 4.243146 19.00148 14.758334 "" "" 1984.41296 3538.26318 4185.56985 7.4279 342.63 9.3666 9904.3 69.429 "" "" 0.0033621915790327727 0.02981202 0.008497704 0.038309723 297.55844680489 25.05613203893 2487.71997 -1.8550000000000002 -5.877000000000001
298.01779183146 25.44465399777 0.0225 0.0354 16.6185 "" "" 2026731024749240064 2166.35693 0.4482 0.0476 -3.646 -3.102 0.032 0.046 1.014 6627.5 4.0868 16.639236 1.846065 17.54744 15.701374 "" "" 1964.59937 2394.69263 4161.5215 1.6795 1307.5 4.7876 4155.4 5.7602 "" "" 0.0027899445816936077 0.004856983 0.004068032 0.008925015 298.01779183146 25.44465399777 2166.35693 -3.646 -3.1019999999999994
297.70810217604 25.37277526505 0.0236 0.0374 5.6885 "" "" 2026718071127525248 2137.20581 0.4438 0.0493 1.982 -0.544 0.033 0.049 1.045 7157.1 4.1888 16.641697 1.949333 17.611855 15.662521 "" "" 1911.57019 2378.84863 4152.10298 1.8755 1232.2 5.0185 4306.7 7.1905 "" "" 0.0027986258731604 0.005228669 0.0041916347 0.009420304 297.70810217604 25.37277526505 2137.20581 1.9819999999999998 -0.5440000000000002
297.85937748763 25.49794728673 0.0231 0.0344 13.4521 "" "" 2026720854266389504 2100.48535 0.4585 0.0476 -3.53 -5.259 0.034 0.047 0.98 7712.0 3.9045 16.642302 2.41909 17.945087 15.525997 "" "" 1935.09094 2330.8396 4149.79156 1.9607 906.53 3.7272 4883.8 5.5612 "" "" 0.0028026681040108628 0.005264257 0.003976461 0.009240719 297.85937748763 25.49794728673 2100.48535 -3.5299999999999994 -5.2589999999999995
297.7019204366 25.38414854059 0.0291 0.0451 6.4462 "" "" 2026721026065031040 2873.69824 0.3114 0.06 -1.72 -1.431 0.041 0.06 0.949 7476.1 2.8445 16.646107 3.357731 18.68561 15.327879 "" "" 2449.89185 3487.11816 4135.27192 2.4539 458.32 4.2491 5861.5 7.1433 "" "" 0.0028296449976946314 0.010445445 0.00400431 0.014449755 297.7019204366 25.38414854059 2873.69824 -1.7199999999999998 -1.431
297.8701770748 25.1812387263 0.0324 0.0489 8.8389 "" "" 2026694500346099712 2499.42163 0.3626 0.066 -1.152 -5.803 0.046 0.061 0.955 6934.2 3.2732 16.648115 3.903575 19.144405 15.24083 "" "" 2137.13428 2906.2373 4127.62797 2.6657 300.37 4.8553 6350.8 6.9874 "" "" 0.002843141791097978 0.017770678 0.003963676 0.021734353 297.8701770748 25.1812387263 2499.42163 -1.1520000000000001 -5.803
297.48959506901 25.34005256681 0.0234 0.0347 15.0742 "" "" 2026714222836610944 2310.22388 0.3879 0.0465 -2.964 -5.619 0.032 0.045 1.026 8596.9 2.7045 16.650545 2.889708 18.30163 15.411922 "" "" 2069.14648 2635.39478 4118.40427 2.1498 652.78 4.5465 5424.9 7.0766 "" "" 0.002813005110790924 0.008060295 0.004036044 0.012096339 297.48959506901 25.34005256681 2310.22388 -2.9640000000000004 -5.619
297.82719878924 24.99905390806 0.0235 0.0354 17.9035 "" "" 2026643819731482496 2638.3208 0.3176 0.0482 -0.218 -3.291 0.032 0.046 1.014 "" "" 16.652308 3.108154 18.483658 15.375504 "" "" 2422.22876 3003.34668 4111.72521 1.9948 552.02 4.5241 5609.9 7.0498 "" "" 0.002805218109108737 0.009325386 0.004018128 0.013343514 297.82719878924 24.99905390806 2638.3208 -0.21799999999999997 -3.2910000000000004
297.63977506128 25.45814031503 0.0246 0.0358 11.9986 "" "" 2026722503533818880 2877.73926 0.3218 0.0478 -1.481 -6.886 0.036 0.049 0.992 7506.5 2.984 16.65389 3.187774 18.55489 15.367116 "" "" 2539.01709 3438.15601 4105.73357 2.0394 516.96 4.3871 5653.4 8.6642 "" "" 0.0028076041932568064 0.009627125 0.0041294666 0.013756592 297.63977506128 25.45814031503 2877.73926 -1.481 -6.885999999999999
297.86306094057 25.35840141096 0.0261 0.0432 6.7765 "" "" 2026705564182259968 2845.91968 0.3501 0.0547 -2.642 -4.632 0.037 0.056 1.217 7742.7 4.4014 16.654375 1.783346 17.50968 15.726334 "" "" 2463.99829 3296.43457 4103.90038 1.9948 1353.8 4.3063 4060.9 5.6835 "" "" 0.0028054068690675543 0.0044398773 0.0040734247 0.008513302 297.86306094057 25.35840141096 2845.91968 -2.6420000000000003 -4.632
297.59894906884 25.37156673817 0.0318 0.0487 10.0747 "" "" 2026716043902714880 2749.29883 0.3048 0.0626 -2.285 -5.307 0.045 0.065 0.951 "" "" 16.657444 3.66653 18.951694 15.285165 "" "" 2404.90845 3368.60791 4092.31356 2.5599 358.71 4.6383 6096.7 8.4377 "" "" 0.0028377915892537765 0.014313689 0.0040671416 0.018380832 297.59894906884 25.37156673817 2749.29883 -2.285 -5.3069999999999995
297.97703046245 25.28694825021 0.0218 0.0335 11.6521 "" "" 2026702609244665984 2185.57056 0.4289 0.0471 2.818 -3.061 0.032 0.045 1.004 5198.3 4.1694 16.65789 1.89244 17.55736 15.66492 "" "" 1996.78259 2446.80103 4090.63117 1.7893 1295.6 5.2919 4297.2 11.647 "" "" 0.002795949740566125 0.0052394355 0.0047899354 0.010029371 297.97703046245 25.28694825021 2185.57056 2.8180000000000005 -3.0610000000000004
297.7062493422 25.25873054561 0.022 0.0354 3.6251 "" "" 2026710237106819328 2546.20898 0.3728 0.0463 -3.164 -6.238 0.032 0.045 1.0 9248.1 3.5893 16.658123 2.125052 17.7297 15.604648 "" "" 2278.27905 2862.23877 4089.76089 1.8209 1105.4 5.7088 4542.5 6.3885 "" "" 0.0027974043740193687 0.0062630875 0.0040761917 0.010339279 297.7062493422 25.25873054561 2546.20898 -3.1639999999999997 -6.238
297.59367777088 25.16330687816 0.0228 0.0371 11.9595 "" "" 2026708209882407808 3016.22437 0.3011 0.05 -2.063 -4.516 0.033 0.048 0.969 "" "" 16.66799 3.135906 18.523178 15.387272 "" "" 2639.81152 3470.31494 4052.7622 1.9507 532.29 4.7216 5549.4 7.867 "" "" 0.0028044416522571267 0.010026893 0.0040807817 0.014107674 297.59367777088 25.16330687816 3016.22437 -2.0629999999999997 -4.516
297.54930765134 25.13296121899 0.0232 0.0375 14.9765 "" "" 2020703227125124608 2186.84473 0.409 0.0525 -6.859 -9.33 0.033 0.049 0.991 "" "" 16.66839 3.296239 18.646996 15.350757 "" "" 1936.83557 2454.52832 4051.26811 2.1589 474.92 3.9338 5739.3 6.8119 "" "" 0.002815412574477831 0.009416125 0.0039930358 0.01340916 297.54930765134 25.13296121899 2186.84473 -6.859 -9.33
297.7525855614 25.28719033749 0.0221 0.0353 0.5902 "" "" 2026710786862619392 2538.57544 0.3677 0.0472 -2.888 -6.104 0.032 0.046 0.982 9246.7 3.5847 16.668415 2.067509 17.705576 15.638067 "" "" 2250.39722 2865.8916 4051.17245 1.7573 1130.3 4.7066 4404.9 8.5594 "" "" 0.0027952814332000233 0.0053127026 0.0043283696 0.009641072 297.7525855614 25.28719033749 2538.57544 -2.888 -6.104
297.72942616857 25.11398154614 0.0228 0.0347 10.8059 "" "" 2026695256260396800 2385.51758 0.392 0.046 -1.977 -4.76 0.032 0.044 0.992 9222.1 3.6081 16.67242 2.173311 17.793716 15.620405 "" "" 2125.40112 2711.03296 4036.25782 1.7571 1042.1 5.0157 4477.1 6.4655 "" "" 0.002795566081417365 0.005923955 0.004091719 0.010015674 297.72942616857 25.11398154614 2385.51758 -1.9769999999999999 -4.76
297.66404601183 25.30203174948 0.0244 0.0395 5.3669 "" "" 2026711336618496768 2438.67676 0.3926 0.0514 -1.071 -2.741 0.035 0.051 1.183 "" "" 16.672842 1.710377 17.461359 15.750982 "" "" 2176.24658 2768.17407 4034.68712 1.9448 1415.4 4.9084 3969.8 6.5983 "" "" 0.002804582147221985 0.004686319 0.0041881274 0.008874446 297.66404601183 25.30203174948 2438.67676 -1.071 -2.7409999999999997
297.63319872638 25.17651491914 0.0232 0.038 9.838 "" "" 2026708416040701824 2798.30176 0.3427 0.0504 -2.609 -5.475 0.033 0.047 1.011 "" "" 16.677874 2.020317 17.690619 15.670301 "" "" 2458.98682 3275.08887 4016.03389 2.3516 1146.0 6.2089 4276.0 8.2261 "" "" 0.0028277154997502097 0.0065105795 0.0043181577 0.010828737 297.63319872638 25.17651491914 2798.30176 -2.609 -5.475
297.72357605893 25.1611682454 0.023 0.036 8.1037 "" "" 2026696424491524736 2723.97314 0.3286 0.0486 -3.52 -5.9 0.033 0.048 0.991 10017.4 3.7846 16.678299 2.986623 18.420996 15.434373 "" "" 2411.05884 3065.43799 4014.45919 1.9558 584.82 4.4784 5313.8 5.998 "" "" 0.0028056348061658433 0.008769972 0.0039731176 0.012743089 297.72357605893 25.1611682454 2723.97314 -3.5200000000000005 -5.9
297.66579331765 25.21853891954 0.0226 0.0354 6.83 "" "" 2026708587839389696 2534.73779 0.372 0.0467 -3.034 -6.122 0.032 0.045 1.008 8136.9 3.1028 16.680012 2.029102 17.701874 15.672771 "" "" 2285.63965 2803.42529 4008.12886 1.637 1134.1 4.031 4266.3 5.5417 "" "" 0.0027907750194191 0.0047621094 0.004033945 0.008796055 297.66579331765 25.21853891954 2534.73779 -3.034 -6.122
297.94814912254 25.32831728122 0.0245 0.0374 10.318 "" "" 2026706010858797440 2361.30103 0.3608 0.0515 -1.091 -3.73 0.035 0.048 0.964 "" "" 16.68269 3.714768 19.01515 15.300382 "" "" 2120.64355 2702.95703 3998.25982 2.2499 338.34 4.7808 6011.8 7.9229 "" "" 0.002822245199900338 0.0155932885 0.004041182 0.01963447 297.94814912254 25.32831728122 2361.30103 -1.091 -3.7300000000000004
298.016386364 25.1788980708 0.0228 0.0336 15.3588 "" "" 2026652753263416832 2456.19043 0.3738 0.0452 -2.046 -6.108 0.033 0.045 1.027 9114.8 3.6617 16.683737 2.175986 17.805872 15.629886 "" "" 2236.41309 2750.30933 3994.40497 1.6365 1030.5 5.2081 4438.2 6.8256 "" "" 0.0027909958426802894 0.0061558974 0.004131813 0.01028771 298.016386364 25.1788980708 2456.19043 -2.0459999999999994 -6.108
297.53557955595 25.07758618962 0.025 0.0378 17.7889 "" "" 2020702436851326848 2109.84888 0.4711 0.055 -1.454 -4.835 0.035 0.05 1.024 "" "" 16.687279 1.836254 17.588013 15.751759 "" "" 1940.97498 2313.32178 3981.39203 1.7072 1259.5 4.3723 3966.9 6.1073 "" "" 0.0027943753556406202 0.004689463 0.004132535 0.008821998 297.53557955595 25.07758618962 2109.84888 -1.4540000000000002 -4.835000000000001
297.61555686809 25.0490602589 0.0242 0.0388 16.5917 "" "" 2020689998625767168 2933.8064 0.3031 0.0524 1.399 -5.637 0.034 0.047 0.974 9744.7 3.7477 16.688011 3.180196 18.582764 15.402568 "" "" 2562.56958 3453.87939 3978.70724 2.1626 503.86 4.339 5471.8 6.7069 "" "" 0.0028178112467857957 0.009757281 0.0040068417 0.0137641225 297.61555686809 25.0490602589 2933.8064 1.3989999999999996 -5.637
297.90558402275 25.17613669498 0.025 0.0359 10.4149 "" "" 2026700100983765632 2213.60083 0.4027 0.0492 -0.419 -4.04 0.035 0.047 0.959 "" "" 16.68929 3.726809 19.019682 15.292873 "" "" 2023.74585 2474.61694 3974.03028 2.1609 336.93 6.4706 6053.5 13.892 "" "" 0.0028178594371059576 0.021036964 0.0045268 0.025563763 297.90558402275 25.17613669498 2213.60083 -0.4190000000000001 -4.04
297.78254036205 25.27868553841 0.026 0.0418 1.3439 "" "" 2026704842627761536 2679.74487 0.3614 0.0556 -2.874 -6.324 0.038 0.053 1.176 7991.6 3.4566 16.69766 2.254908 17.852242 15.597334 "" "" 2373.04956 3106.60156 3943.50765 1.7427 987.46 4.1645 4573.2 6.7264 "" "" 0.0027967841674928834 0.0053620893 0.0041029165 0.009465005 297.78254036205 25.27868553841 2679.74487 -2.8740000000000006 -6.324
297.65294503732 25.44652176317 0.0249 0.0365 11.0249 "" "" 2026722297375383040 2358.21875 0.4006 0.049 -1.682 -2.98 0.037 0.051 1.041 8401.0 3.0153 16.697868 2.277328 17.894617 15.61729 "" "" 2089.83813 2657.18945 3942.75338 1.934 949.66 4.8512 4490.0 7.6757 "" "" 0.0028063189459490486 0.006208605 0.0042105517 0.010419156 297.65294503732 25.44652176317 2358.21875 -1.682 -2.98
297.83677367422 25.53094057717 0.0243 0.0369 14.9164 "" "" 2026723946642848640 2829.66724 0.3116 0.053 -1.306 -1.797 0.035 0.053 1.014 "" "" 16.698292 2.758867 18.25613 15.497263 "" "" 2529.50391 3334.95044 3941.21555 1.9618 680.71 4.4914 5014.8 6.9057 "" "" 0.002807822402062842 0.0076879896 0.004064374 0.011752363 297.83677367422 25.53094057717 2829.66724 -1.306 -1.797
297.87848203053 25.31406058267 0.033 0.0488 6.4442 "" "" 2026705186225114240 2154.58081 0.4188 0.0673 -2.756 -9.902 0.047 0.063 0.966 "" "" 16.709158 3.830872 19.141321 15.310449 "" "" 1907.40637 2445.02075 3901.96689 2.6544 301.22 3.7044 5956.3 8.3025 "" "" 0.0028525977434475966 0.013640779 0.0040711346 0.017711913 297.87848203053 25.31406058267 2154.58081 -2.7560000000000007 -9.902
297.66642996659 25.35927436958 0.0237 0.0371 6.5971 "" "" 2026715081830001920 2247.12769 0.4153 0.0506 -0.808 -3.266 0.033 0.049 0.975 6350.2 3.961 16.713003 2.124716 17.80528 15.680565 "" "" 2039.12415 2505.44458 3888.17051 1.6799 1031.1 4.3568 4235.8 6.5351 "" "" 0.0027949671172390294 0.005369513 0.004133968 0.009503481 297.66642996659 25.35927436958 2247.12769 -0.8079999999999999 -3.2659999999999996
297.92000905369 25.45454262576 0.0235 0.0344 12.9872 "" "" 2026719582956061952 2712.93286 0.3271 0.0486 -1.913 -6.327 0.034 0.045 0.965 6921.2 3.2826 16.713497 3.201788 18.622728 15.42094 "" "" 2344.92603 3205.20728 3886.40101 1.7336 485.65 4.0434 5380.0 6.2467 "" "" 0.002797561063229222 0.009460381 0.0039840876 0.013444468 297.92000905369 25.45454262576 2712.93286 -1.9130000000000003 -6.327
297.96821178482 25.26702000068 0.0232 0.0368 11.2682 "" "" 2026702574884924672 2389.01562 0.3995 0.0489 -2.855 -6.147 0.033 0.051 0.967 9205.2 3.662 16.71406 2.162515 17.830996 15.668481 "" "" 2152.59351 2775.59619 3884.38903 1.6392 1007.0 4.0628 4283.2 6.0706 "" "" 0.002793155167986056 0.005193605 0.0040806485 0.009274254 297.96821178482 25.26702000068 2389.01562 -2.855 -6.147000000000001
297.74519705918 25.29777470278 0.025 0.0411 0.9992 "" "" 2026710993011121536 2216.02002 0.4378 0.0543 -2.943 -6.396 0.035 0.052 1.151 8600.9 2.9719 16.71436 2.199931 17.76889 15.568959 "" "" 1968.25903 2511.15259 3883.32106 2.6126 1066.3 6.1716 4694.3 14.573 "" "" 0.0028505008440782706 0.0068756724 0.005064032 0.011939704 297.74519705918 25.29777470278 2216.02002 -2.9429999999999996 -6.396
297.87529481255 25.14716233838 0.0235 0.0342 10.6172 "" "" 2026694191108439808 2198.82227 0.4391 0.0466 -1.622 -4.944 0.034 0.042 0.979 7586.9 4.3021 16.714619 1.881341 17.645136 15.763795 "" "" 1983.24585 2433.3291 3882.39377 1.6272 1195.0 5.6061 3923.2 6.7572 "" "" 0.0027926450099586175 0.005807659 0.0042167255 0.010024385 297.87529481255 25.14716233838 2198.82227 -1.6219999999999999 -4.944
297.82746830359 25.09293338677 0.0305 0.0459 12.4343 "" "" 2026693538273418880 2916.7583 0.3083 0.0599 -2.519 -3.978 0.042 0.059 0.93 "" "" 16.716393 3.44974 18.822435 15.372695 "" "" 2443.53638 3815.56177 3876.05332 2.1509 404.06 3.8643 5624.5 6.5509 "" "" 0.002820424047082762 0.010751969 0.00398533 0.014737299 297.82746830359 25.09293338677 2916.7583 -2.519 -3.9780000000000006
297.77665485718 25.46961866245 0.0244 0.0363 10.709 "" "" 2026723225088276864 2495.72705 0.3739 0.0508 -2.984 -6.169 0.036 0.049 0.998 9213.1 3.6164 16.728035 2.2543 17.91011 15.65581 "" "" 2214.05957 2837.35986 3834.71293 1.7289 936.21 5.7721 4333.5 6.5228 "" "" 0.002798465500292435 0.0072522075 0.0041175857 0.011369793 297.77665485718 25.46961866245 2495.72705 -2.984 -6.168999999999999
297.7350921986 25.50812522743 0.0254 0.0364 13.0746 "" "" 2026724324599931776 2319.88159 0.4194 0.0487 -3.048 -5.036 0.037 0.051 1.018 9225.9 3.5362 16.728607 2.138503 17.828379 15.689876 "" "" 2101.99878 2582.48999 3832.68861 1.6784 1009.4 4.4586 4199.6 6.4886 "" "" 0.0027960425544854392 0.0055483854 0.0041349484 0.009683333 297.7350921986 25.50812522743 2319.88159 -3.048 -5.036
297.90785648176 25.54333970029 0.0253 0.037 17.0396 "" "" 2026744493760569344 2954.76416 0.307 0.0529 -7.075 -2.609 0.036 0.049 0.949 15010.1 4.1147 16.730684 2.923796 18.345541 15.421745 "" "" 2522.17554 3334.94067 3825.36453 1.9572 626.9 4.941 5376.0 12.066 "" "" 0.002810760286969586 0.009000767 0.0044968827 0.01349765 297.90785648176 25.54333970029 2954.76416 -7.075000000000001 -2.609
