Clusters/Czernik_41/Czernik_41_stars_in_region.tsv
# %ECSV 1.0
# ---
# datatype:
# - name: RA_ICRS_1
#   unit: deg
#   datatype: float64
#   format: '{:15.11f}'
#   description: Right ascension (ICRS) at Ep=2016.0 (ra)
#   meta: !!omap
#   - {ucd: POS_EQ_RA_MAIN}
#   - {width: 15}
#   - {precision: '11'}
# - name: DE_ICRS_1
#   unit: deg
#   datatype: float64
#   format: '{:15.11f}'
#   description: Declination (ICRS) at Ep=2016.0 (dec)
#   meta: !!omap
#   - {ucd: POS_EQ_DEC_MAIN}
#   - {width: 15}
#   - {precision: '11'}
# - name: e_RA_ICRS
#   unit: mas
#   datatype: float64
#   format: '{:7.4f}'
#   description: Standard error of right ascension (ra_error)
#   meta: !!omap
#   - {ucd: ERROR}
#   - {width: 7}
#   - {precision: '4'}
# - name: e_DE_ICRS
#   unit: mas
#   datatype: float64
#   format: '{:7.4f}'
#   description: Standard error of declination (dec_error)
#   meta: !!omap
#   - {ucd: ERROR}
#   - {width: 7}
#   - {precision: '4'}
# - name: _r_1
#   unit: ''
#   datatype: float64
#   format: '{:7.4f}'
#   description: Distance from center (297.76230652000+25.29160607000)[ICRS], at Epoch=J2016.0
#   meta: !!omap
#   - {ucd: POS_ANG_DIST_GENERAL}
#   - {width: 7}
#   - {precision: '4'}
# - name: HIP
#   datatype: int32
#   description: '? HIP cross-id number, van Leeuwen, Cat. I/311 (hip_original_ext_source_id)'
#   meta: !!omap
#   - {ucd: ID_NUMBER}
#   - {width: 6}
#   - values: {'null': -2147483648}
# - name: TYC2
#   datatype: string
#   description: Tycho-2 cross-id name, Hog et al., Cat. I/259 (tyc2_original_ext_source_id)
#   meta: !!omap
#   - {ucd: ID_CROSSID}
#   - {_votable_string_dtype: char}
# - name: Source
#   datatype: int64
#   description: Source identifier, identical to the Gaia-EDR3 source_id (id)
#   meta: !!omap
#   - {ucd: ID_MAIN}
#   - {width: 19}
# - name: rgeo
#   unit: pc
#   datatype: float64
#   format: '{:15.8f}'
#   description: '? Median of the geometric distance posterior (r_med_geo)'
#   meta: !!omap
#   - {ucd: PHYS_DISTANCE_TRUE}
#   - {width: 15}
#   - {precision: '8'}
#   - values: {'null': .nan}
# - name: Plx
#   unit: mas
#   datatype: float64
#   format: '{:9.4f}'
#   description: '? Parallax (parallax)'
#   meta: !!omap
#   - {ucd: POS_PARLX_TRIG}
#   - {width: 9}
#   - {precision: '4'}
#   - values: {'null': .nan}
# - name: e_Plx
#   unit: mas
#   datatype: float32
#   format: '{:7.4f}'
#   description: '? Standard error of parallax (parallax_error)'
#   meta: !!omap
#   - {ucd: ERROR}
#   - {width: 7}
#   - {precision: '4'}
#   - values: {'null': .nan}
# - name: pmRA
#   unit: mas / yr
#   datatype: float64
#   format: '{:9.3f}'
#   description: '? Proper motion in right ascension direction, pmRA*cosDE (pmra)'
#   meta: !!omap
#   - {ucd: POS_EQ_PMRA}
#   - {width: 9}
#   - {precision: '3'}
#   - values: {'null': .nan}
# - name: pmDE
#   unit: mas / yr
#   datatype: float64
#   format: '{:9.3f}'
#   description: '? Proper motion in declination direction (pmdec)'
#   meta: !!omap
#   - {ucd: POS_EQ_PMDEC}
#   - {width: 9}
#   - {precision: '3'}
#   - values: {'null': .nan}
# - name: e_pmRA
#   unit: mas / yr
#   datatype: float32
#   format: '{:6.3f}'
#   description: '? Standard error of proper motion in right ascension direction (pmra_error)'
#   meta: !!omap
#   - {ucd: ERROR}
#   - {width: 6}
#   - {precision: '3'}
#   - values: {'null': .nan}
# - name: e_pmDE
[...]
#         unit: &id001 !astropy.units.Unit {unit: deg}
#         value: !astropy.table.SerializedColumn {name: SkyCoord.dec}
#       distance: !astropy.table.SerializedColumn
#         __class__: astropy.coordinates.distances.Distance
#         unit: !astropy.units.Unit {unit: pc}
#         value: !astropy.table.SerializedColumn {name: SkyCoord.distance}
#       frame: icrs
#       obstime: !astropy.time.Time {format: jyear_str, in_subfmt: '*', jd1: 367701545.0, jd2: 0.0, out_subfmt: '*', precision: 3, scale: tt}
#       pm_dec: !astropy.table.SerializedColumn
#         __class__: astropy.units.quantity.Quantity
#         unit: !astropy.units.Unit {unit: mas / yr}
#         value: !astropy.table.SerializedColumn {name: SkyCoord.pm_dec}
#       pm_ra_cosdec: !astropy.table.SerializedColumn
#         __class__: astropy.units.quantity.Quantity
#         unit: !astropy.units.Unit {unit: mas / yr}
#         value: !astropy.table.SerializedColumn {name: SkyCoord.pm_ra_cosdec}
#       ra: !astropy.table.SerializedColumn
#         __class__: astropy.coordinates.angles.Longitude
#         unit: *id001
#         value: !astropy.table.SerializedColumn {name: SkyCoord.ra}
#         wrap_angle: !astropy.coordinates.Angle
#           unit: *id001
#           value: 360.0
#       representation_type: spherical
# schema: astropy-2.0
RA_ICRS_1 DE_ICRS_1 e_RA_ICRS e_DE_ICRS _r_1 HIP TYC2 Source rgeo Plx e_Plx pmRA pmDE e_pmRA e_pmDE RUWE Teff logg Gmag BP-RP BPmag RPmag RV e_RV b_rgeo B_rgeo FG e_FG FBP e_FBP FRP e_FRP RAVE5 RAVE6 e_Gmag e_BPmag e_RPmag e_BP-RP SkyCoord.ra SkyCoord.dec SkyCoord.distance SkyCoord.pm_ra_cosdec SkyCoord.pm_dec
[from data line 41]
297.8719051796 25.51157526323 0.0431 0.0629 14.4733 "" "" 2026720884311854464 2318.85962 0.393 0.0906 -2.953 -5.102 0.065 0.084 0.969 3882.1 0.283 14.304448 6.235901 18.908163 12.672262 "" "" 1909.92224 2843.64722 35741.07584 87.908 373.38 6.1513 67648.0 479.76 "" "" 0.003837070896580793 0.018103415 0.0085775545 0.026680969 297.8719051796 25.51157526323 2318.85962 -2.953 -5.102
297.76471058823 25.27901923327 0.0079 0.0129 0.7664 "" "" 2026710718143138176 2272.51221 0.4106 0.0171 -2.833 -6.247 0.011 0.016 1.022 9691.8 3.4142 14.346043 1.872931 15.258241 13.38531 "" "" 2193.88818 2375.22925 34397.72216 7.4238 10768.0 11.159 35078.0 24.008 "" "" 0.002765266385882181 0.0030084937 0.0038517425 0.006860236 297.76471058823 25.27901923327 2272.51221 -2.833 -6.247
297.84466801369 25.29949009476 0.0089 0.0141 4.4928 "" "" 2026705117505650176 2382.90161 0.3743 0.0189 -2.67 -6.608 0.013 0.018 1.173 "" "" 14.392503 2.877484 16.039906 13.162421 "" "" 2283.23047 2468.71216 32956.85683 20.878 5241.5 13.016 43071.0 54.479 "" "" 0.0028398714135145563 0.0038799932 0.0040211575 0.007901151 297.84466801369 25.29949009476 2382.90161 -2.67 -6.6080000000000005
297.6551361859 25.11785632493 0.0091 0.0148 11.9386 "" "" 2026695909095481856 2665.9375 0.3224 0.0199 -0.241 -1.541 0.013 0.018 0.987 "" "" 14.420922 3.192521 16.324673 13.132152 -20.32 2.37 2519.88892 2806.74072 32105.37045 25.229 4032.3 13.879 44289.0 90.589 "" "" 0.0028843934592462884 0.004663758 0.0043835547 0.009047313 297.6551361859 25.11785632493 2665.9375 -0.241 -1.541
297.74249543807 25.28660914126 0.0096 0.0166 1.1158 "" "" 2026710752502885376 2233.13403 0.4166 0.0213 -2.918 -6.121 0.014 0.02 1.379 7634.9 3.0836 14.421875 1.883457 15.311007 13.427549 "" "" 2120.76489 2341.39673 32077.21072 10.009 10257.0 13.827 33739.0 22.679 "" "" 0.002776069455976345 0.0031507565 0.0038492032 0.0069999597 297.74249543807 25.28660914126 2233.13403 -2.918 -6.121000000000001
297.47085295603 25.23978904405 0.0147 0.0228 16.1171 "" "" 2026712539209418112 2128.22998 0.4036 0.0315 -2.278 -5.618 0.021 0.03 1.042 7033.6 2.0561 14.460574 3.958664 17.003588 13.044924 15.26 0.85 2015.50513 2268.53491 30954.0293 12.145 2157.7 7.7258 47994.0 28.471 "" "" 0.00278805689703155 0.0047852006 0.0038338709 0.008619072 297.47085295603 25.23978904405 2128.22998 -2.278 -5.618
297.57732862798 25.24953043769 0.0101 0.0162 10.3492 "" "" 2026709824790044672 2366.77808 0.3632 0.0218 0.258 0.186 0.014 0.021 1.01 "" "" 14.473289 3.41182 16.55652 13.1447 -31.66 0.96 2253.67676 2501.63306 30593.64086 9.5296 3256.9 8.1884 43780.0 22.79 "" "" 0.0027759981244768867 0.0039033894 0.0038214086 0.0077247983 297.57732862798 25.24953043769 2366.77808 0.258 0.18599999999999997
297.68859878157 25.42741814889 0.0092 0.0142 9.0759 "" "" 2026721438381906688 2315.09521 0.3934 0.0192 -1.909 -5.9 0.014 0.019 1.119 "" "" 14.504727 2.046798 15.535913 13.489116 201.16 8.26 2227.3374 2438.21167 29720.47282 10.731 8337.8 9.8878 31880.0 26.845 "" "" 0.0027830683552672888 0.0030729298 0.0038883926 0.0069613224 297.68859878157 25.42741814889 2315.09521 -1.9090000000000003 -5.9
297.72325562761 25.28351414443 0.0083 0.0132 2.1735 "" "" 2026710855582108800 2418.2334 0.3791 0.0177 -2.91 -6.125 0.012 0.017 1.063 "" "" 14.508107 1.989619 15.499907 13.510287 "" "" 2333.18994 2521.94019 29628.11752 7.3224 8618.9 9.9597 31264.0 14.361 "" "" 0.0027683554452409597 0.0030592754 0.0038121461 0.006871422 297.72325562761 25.28351414443 2418.2334 -2.91 -6.124999999999998
297.75310170424 25.27566860915 0.0085 0.0137 1.0788 "" "" 2026710683783402496 2400.62964 0.3813 0.0182 -2.908 -6.167 0.012 0.017 1.057 "" "" 14.566131 1.797122 15.410829 13.613707 "" "" 2302.90845 2518.41162 28086.29869 6.9139 9355.9 23.903 28423.0 51.053 "" "" 0.0027682527939154092 0.00393441 0.004252875 0.008187285 297.75310170424 25.27566860915 2400.62964 -2.908 -6.167
298.06207854928 25.30066350231 0.0087 0.0138 16.2707 "" "" 2026702231287501184 2203.81958 0.4114 0.0182 -3.996 -7.402 0.013 0.018 1.05 "" "" 14.594671 2.51169 15.96972 13.45803 8.63 1.54 2123.51294 2296.17969 27357.60974 6.5604 5591.5 6.7189 32805.0 13.41 "" "" 0.0027675941573401257 0.0030801236 0.0038053526 0.0068854764 298.06207854928 25.30066350231 2203.81958 -3.9960000000000004 -7.401999999999999
297.80316620546 24.99998405848 0.0196 0.0289 17.6375 "" "" 2026690377177468288 2502.6626 0.3369 0.0392 -2.208 -4.74 0.026 0.036 0.973 "" "" 14.621037 4.617268 17.752983 13.135715 -16.03 0.81 2298.79004 2734.48462 26701.25172 14.146 1082.0 5.2388 44144.0 54.029 "" "" 0.00281472126677808 0.0059514646 0.004006195 0.00995766 297.80316620546 24.99998405848 2502.6626 -2.208 -4.74
297.60038080706 25.19056085669 0.0131 0.0207 10.6763 "" "" 2026708312961516288 2247.71777 0.3876 0.0286 -3.172 -3.754 0.018 0.027 0.914 4184.9 1.7149 14.62914 3.961477 17.180183 13.218706 1.39 1.16 2104.24609 2410.45898 26502.74077 10.135 1833.8 6.5005 40896.0 18.924 "" "" 0.0027864278883624224 0.0047537233 0.003812629 0.008566353 297.60038080706 25.19056085669 2247.71777 -3.1720000000000006 -3.7539999999999996
297.70323730571 25.2532933847 0.0088 0.0139 3.9441 "" "" 2026710237106818304 2604.38135 0.3505 0.0188 -2.898 -6.309 0.013 0.018 1.056 "" "" 14.640376 1.673474 15.426113 13.752639 "" "" 2470.45093 2761.13525 26229.86993 6.1578 9225.1 8.1748 25009.0 14.436 "" "" 0.002767084856176978 0.0029513943 0.003830993 0.0067823874 297.70323730571 25.2532933847 2604.38135 -2.898 -6.309
297.65721659329 25.51720180417 0.3826 0.516 14.6853 "" "" 2026910794903110528 3068.72095 0.5967 0.7394 9.138 -32.608 0.556 0.776 37.801 "" "" 14.673534 1.445986 14.750552 13.304566 -6.27 3.96 1901.00171 4604.62939 25440.9405 75.475 17187.0 17.291 37786.0 21.605 "" "" 0.004238726193624144 0.002996361 0.0038300278 0.0068263886 297.65721659329 25.51720180417 3068.72095 9.138000000000002 -32.608
297.72628088421 25.2635865336 0.0087 0.015 2.5781 "" "" 2026710615063932928 2537.35913 0.3621 0.0185 -2.983 -6.158 0.012 0.021 0.986 "" "" 14.673986 1.75415 15.506101 13.75195 52.47 5.99 2423.96802 2700.9209 25430.3726 9.8124 8569.9 15.059 25025.0 25.938 "" "" 0.002786986915168736 0.003380081 0.003943366 0.0073234467 297.72628088421 25.2635865336 2537.35913 -2.982999999999999 -6.158
298.05223123195 25.39082773608 0.0091 0.015 16.811 "" "" 2026729822158365696 2975.41431 0.3046 0.0199 -2.364 -5.275 0.013 0.019 1.02 "" "" 14.685855 1.823643 15.569696 13.746054 69.13 5.49 2762.19873 3193.36377 25153.86642 13.074 8082.4 12.818 25162.0 25.163 "" "" 0.002812516715903759 0.0032787097 0.0039322567 0.007210966 298.05223123195 25.39082773608 2975.41431 -2.364 -5.2749999999999995
297.80068199244 25.2452544676 0.009 0.0149 3.4742 "" "" 2026698623514765056 2484.09399 0.3693 0.0189 -1.903 -5.851 0.013 0.019 0.99 "" "" 14.688289 1.916336 15.632354 13.716018 "" "" 2369.16479 2613.23682 25097.55265 11.3 7629.1 12.073 25867.0 31.898 "" "" 0.0027983493459131197 0.0032767602 0.0040095295 0.0072862897 297.80068199244 25.2452544676 2484.09399 -1.903 -5.851000000000001
298.02006904907 25.29488065414 0.009 0.014 13.9845 "" "" 2026702540525167616 2575.11304 0.3568 0.0194 -3.014 -6.109 0.014 0.02 1.025 9374.1 3.4346 14.700933 1.594548 15.437912 13.843364 "" "" 2453.21436 2691.96094 24806.97095 5.9699 9125.4 8.4572 23004.0 12.387 "" "" 0.0027676813836073413 0.0029660673 0.0038243337 0.006790401 298.02006904907 25.29488065414 2575.11304 -3.0139999999999993 -6.109
297.78217411191 25.20033492119 0.0094 0.0144 5.5814 "" "" 2026697695801821824 2411.6521 0.3839 0.0191 -2.127 -4.602 0.013 0.018 1.064 "" "" 14.708797 1.787191 15.568936 13.781745 "" "" 2288.79517 2530.25391 24627.91841 6.4289 8088.0 11.246 24348.0 13.847 "" "" 0.002769858717582689 0.0031724034 0.0038294906 0.007001894 297.78217411191 25.20033492119 2411.6521 -2.127 -4.602
297.79635535645 25.22470131991 0.0091 0.0143 4.4191 "" "" 2026698589155020928 2845.39233 0.3165 0.0191 -3.011 -6.286 0.013 0.018 1.03 "" "" 14.731616 1.829182 15.615639 13.786457 "" "" 2703.56982 2992.43726 24115.72006 7.73 7747.5 10.157 24242.0 21.224 "" "" 0.0027772120840769974 0.0031322718 0.0038970895 0.007029361 297.79635535645 25.22470131991 2845.39233 -3.011 -6.2860000000000005
297.78031040428 25.2898945285 0.0092 0.0151 0.9821 "" "" 2026716593658715648 2345.70483 0.3829 0.0199 -2.89 -6.202 0.013 0.02 1.049 "" "" 14.76535 2.531364 16.144274 13.612909 "" "" 2255.06909 2458.92285 23377.95945 29.277 4761.1 22.172 28444.0 97.207 "" "" 0.0030725532627821905 0.0057749394 0.0052963626 0.011071302 297.78031040428 25.2898945285 2345.70483 -2.8900000000000006 -6.202000000000001
297.76382324669 25.25904463502 0.0093 0.0146 1.9554 "" "" 2026698932752441344 2168.21948 0.4272 0.0189 -0.916 -4.745 0.014 0.019 1.043 "" "" 14.774487 2.005539 15.776442 13.770903 "" "" 2084.75269 2278.42725 23182.07576 5.3619 6681.0 7.5591 24592.0 10.17 "" "" 0.0027667405700182455 0.0030486237 0.0038059603 0.006854584 297.76382324669 25.25904463502 2168.21948 -0.9160000000000001 -4.745
297.89791523892 25.1358537769 0.016 0.0236 11.8962 "" "" 2026693435194176896 2714.87183 0.3141 0.0321 -2.648 -5.073 0.022 0.029 0.988 3864.0 1.4448 14.789443 4.155829 17.505867 13.350039 -41.3 0.95 2450.15747 2979.20483 22864.90343 9.3078 1358.5 5.1327 36236.0 41.132 "" "" 0.0027905438792054267 0.0049611093 0.003975251 0.0089363605 297.89791523892 25.1358537769 2714.87183 -2.6480000000000006 -5.073000000000001
297.86473228075 25.26053268635 0.0097 0.0146 5.8616 "" "" 2026703846195305472 2360.35791 0.3796 0.0202 -2.878 -6.144 0.014 0.018 1.019 "" "" 14.814376 2.724897 16.343426 13.618528 -59.3 7.56 2268.98999 2517.06152 22345.82209 7.1683 3963.2 7.4181 28297.0 15.788 "" "" 0.002777246313188072 0.003451807 0.003827622 0.0072794287 297.86473228075 25.26053268635 2360.35791 -2.878 -6.144000000000001
297.95049902481 25.3530832496 0.01 0.015 10.8527 "" "" 2026706113938020608 2542.3689 0.3369 0.0213 -1.909 -5.419 0.014 0.02 0.981 "" "" 14.827369 3.224541 16.759426 13.534885 23.56 1.46 2431.88208 2671.24365 22080.00913 6.7727 2701.8 5.9369 30564.0 15.306 "" "" 0.0027753738811941717 0.0036711043 0.0038182926 0.007489397 297.95049902481 25.3530832496 2542.3689 -1.909 -5.4190000000000005
298.02467581862 25.40616323962 0.0101 0.0151 15.7999 "" "" 2026730092721346944 2244.57471 0.3988 0.0215 -2.528 -6.421 0.015 0.02 1.022 "" "" 14.835509 2.47955 16.18479 13.705239 -5.95 1.74 2158.46655 2361.04248 21915.07194 6.2756 4586.7 7.6205 26125.0 14.607 "" "" 0.0027728063955493425 0.0033225033 0.003827825 0.0071503283 298.02467581862 25.40616323962 2244.57471 -2.5279999999999996 -6.420999999999999
297.66912076362 25.16301745092 0.0096 0.0151 9.2254 "" "" 2026696561930519424 2151.81665 0.4305 0.0201 0.101 -4.75 0.014 0.019 0.982 9073.4 3.5562 14.836909 1.73109 15.659823 13.928734 "" "" 2070.42188 2252.18408 21886.83577 4.9895 7438.5 9.4782 21265.0 11.625 "" "" 0.002766415042391941 0.0031143208 0.003825705 0.006940026 297.66912076362 25.16301745092 2151.81665 0.10099999999999998 -4.75
297.69653111348 25.40894421114 0.0098 0.0157 7.8921 "" "" 2026721197863730944 2961.13794 0.3036 0.0206 -3.091 -5.903 0.014 0.021 1.042 9733.1 3.5029 14.839281 2.109338 15.915737 13.806399 "" "" 2773.9978 3127.46021 21839.08228 5.7408 5876.5 7.2294 23801.0 12.997 "" "" 0.0027700624001766017 0.0030934017 0.0038256035 0.006919005 297.69653111348 25.40894421114 2961.13794 -3.091 -5.9030000000000005
297.95795953696 25.14082004696 0.0096 0.014 13.9516 "" "" 2026699035831833600 2245.15479 0.3979 0.0192 -6.813 -6.909 0.013 0.018 1.014 "" "" 14.843233 2.635419 16.31125 13.675832 -24.74 1.64 2166.28906 2344.14722 21759.73313 5.6876 4082.4 5.4141 26843.0 13.164 "" "" 0.0027698965983625084 0.0031398067 0.0038167045 0.006956511 297.95795953696 25.14082004696 2245.15479 -6.812999999999999 -6.909
298.06324955886 25.23395052631 0.0097 0.0147 16.692 "" "" 2026701337934278528 2280.1228 0.3952 0.0205 -2.562 -2.715 0.014 0.02 1.009 "" "" 14.845916 2.581805 16.271347 13.689542 -12.63 1.81 2179.19092 2384.99023 21706.02269 6.2869 4235.2 7.2137 26506.0 12.652 "" "" 0.0027732077852404943 0.0033473833 0.003814749 0.0071621323 298.06324955886 25.23395052631 2280.1228 -2.5620000000000003 -2.7150000000000003
297.99541461938 25.18945810654 0.0104 0.0153 14.0575 "" "" 2026699654307121152 2572.21216 0.3422 0.021 -3.676 -4.404 0.015 0.02 0.966 "" "" 14.851627 3.29099 16.834684 13.543695 37.69 1.29 2437.83423 2725.71655 21592.14123 6.6776 2520.8 5.9533 30317.0 16.04 "" "" 0.0027757043389589893 0.0037894486 0.0038227877 0.0076122363 297.99541461938 25.18945810654 2572.21216 -3.676 -4.404
297.81380108636 25.26291243363 0.0097 0.0158 3.2817 "" "" 2026704567749841408 2475.56128 0.3689 0.0202 -1.937 -5.939 0.014 0.021 1.002 "" "" 14.858376 2.387865 16.131775 13.74391 8.39 5.43 2354.7937 2684.22803 21458.36765 6.3231 4816.2 6.6845 25211.0 13.837 "" "" 0.002773832345278905 0.0031710947 0.0038260722 0.006997167 297.81380108636 25.26291243363 2475.56128 -1.937 -5.939000000000001
297.74229226442 25.29315309476 0.0098 0.0161 1.0897 "" "" 2026710786862626304 2369.82251 0.3902 0.0213 -2.759 -6.59 0.014 0.021 1.022 "" "" 14.862416 1.995346 15.858687 13.863341 "" "" 2256.15332 2489.95288 21378.65127 5.4522 6193.6 7.1913 22585.0 11.204 "" "" 0.00276919852599794 0.0030617386 0.0038175688 0.0068793073 297.74229226442 25.29315309476 2369.82251 -2.7589999999999995 -6.589999999999999
297.94640416324 25.37550336518 0.0106 0.0158 11.1809 "" "" 2026707247809399040 2532.08838 0.3412 0.0228 -6.514 -8.867 0.015 0.021 1.01 4539.3 1.7037 14.86607 3.273999 16.839504 13.565505 31.04 1.36 2420.48926 2668.91016 21306.83582 6.8441 2509.7 5.1636 29714.0 15.178 "" "" 0.0027773044754204022 0.0035742354 0.0038198568 0.007394092 297.94640416324 25.37550336518 2532.08838 -6.514000000000001 -8.867000000000003
297.74772331725 25.51380184031 0.0102 0.0155 13.3552 "" "" 2026724427679143424 2675.93701 0.3388 0.0205 -2.595 -6.581 0.014 0.021 0.977 10075.5 3.539 14.888771 1.775411 15.738781 13.96337 "" "" 2536.38232 2841.22998 20865.95151 24.149 6916.8 32.137 20597.0 88.273 "" "" 0.0030283241525164337 0.005764787 0.005994635 0.011759423 297.74772331725 25.51380184031 2675.93701 -2.595 -6.5809999999999995
297.71966251868 25.26916071881 0.0095 0.0151 2.677 "" "" 2026710615063937920 2499.32324 0.3626 0.0197 -3.09 -6.342 0.014 0.019 0.965 "" "" 14.898014 1.89077 15.822676 13.931906 232.93 9.25 2389.78223 2615.96558 20689.08083 4.9306 6402.5 8.5945 21203.0 11.303 "" "" 0.0027674431797331273 0.0031478922 0.003823444 0.006971336 297.71966251868 25.26916071881 2499.32324 -3.09 -6.342
297.75690859488 25.13954315864 0.0113 0.0177 9.1285 "" "" 2026696871168092672 2580.96143 0.3292 0.0239 -5.694 -8.651 0.016 0.022 0.953 "" "" 14.926922 3.406683 17.004915 13.598232 28.87 1.31 2447.47192 2734.36938 20145.49157 7.2408 2155.0 7.2229 28831.0 22.606 "" "" 0.002782818264028961 0.0045856046 0.0038740751 0.00845968 297.75690859488 25.13954315864 2580.96143 -5.693999999999999 -8.651
297.89994097728 25.35757997978 0.0099 0.0152 8.4491 "" "" 2026706801132820864 2553.24048 0.3585 0.0216 -2.981 -6.224 0.014 0.02 1.03 "" "" 14.931383 2.053111 15.969328 13.916217 "" "" 2410.85815 2742.23657 20062.89488 5.0545 5593.5 7.4193 21512.0 11.75 "" "" 0.002768864284469753 0.003139911 0.0038256268 0.0069655376 297.89994097728 25.35757997978 2553.24048 -2.980999999999999 -6.224000000000001
297.98270926868 25.10250788922 0.017 0.0247 16.4897 "" "" 2026651791190727040 2489.18042 0.3746 0.0338 -2.162 -6.644 0.025 0.036 1.39 9570.4 3.7115 14.947976 1.707795 15.384467 13.676672 "" "" 2276.2146 2793.69849 19758.60531 9.6459 9585.8 202.51 26822.0 566.56 "" "" 0.0028058393663655474 0.023106385 0.023243284 0.046349667 297.98270926868 25.10250788922 2489.18042 -2.162 -6.644000000000001
