Clusters/Czernik_41/Czernik_41_stars_in_region.tsv
# %ECSV 1.0
# ---
# datatype:
# - name: RA_ICRS_1
#   unit: deg
#   datatype: float64
#   format: '{:15.11f}'
#   description: Right ascension (ICRS) at Ep=2016.0 (ra)
#   meta: !!omap
#   - {ucd: POS_EQ_RA_MAIN}
#   - {width: 15}
#   - {precision: '11'}
# - name: DE_ICRS_1
#   unit: deg
#   datatype: float64
#   format: '{:15.11f}'
#   description: Declination (ICRS) at Ep=2016.0 (dec)
#   meta: !!omap
#   - {ucd: POS_EQ_DEC_MAIN}
#   - {width: 15}
#   - {precision: '11'}
# - name: e_RA_ICRS
#   unit: mas
#   datatype: float64
#   format: '{:7.4f}'
#   description: Standard error of right ascension (ra_error)
#   meta: !!omap
#   - {ucd: ERROR}
#   - {width: 7}
#   - {precision: '4'}
# - name: e_DE_ICRS
#   unit: mas
#   datatype: float64
#   format: '{:7.4f}'
#   description: Standard error of declination (dec_error)
#   meta: !!omap
#   - {ucd: ERROR}
#   - {width: 7}
#   - {precision: '4'}
# - name: _r_1
#   unit: ''
#   datatype: float64
#   format: '{:7.4f}'
#   description: Distance from center (297.76230652000+25.29160607000)[ICRS], at Epoch=J2016.0
#   meta: !!omap
#   - {ucd: POS_ANG_DIST_GENERAL}
#   - {width: 7}
#   - {precision: '4'}
# - name: HIP
#   datatype: int32
#   description: '? HIP cross-id number, van Leeuwen, Cat. I/311 (hip_original_ext_source_id)'
#   meta: !!omap
#   - {ucd: ID_NUMBER}
#   - {width: 6}
#   - values: {'null': -2147483648}
# - name: TYC2
#   datatype: string
#   description: Tycho-2 cross-id name, Hog et al., Cat. I/259 (tyc2_original_ext_source_id)
#   meta: !!omap
#   - {ucd: ID_CROSSID}
#   - {_votable_string_dtype: char}
# - name: Source
#   datatype: int64
#   description: Source identifier, identical to the Gaia-EDR3 source_id (id)
#   meta: !!omap
#   - {ucd: ID_MAIN}
#   - {width: 19}
# - name: rgeo
#   unit: pc
#   datatype: float64
#   format: '{:15.8f}'
#   description: '? Median of the geometric distance posterior (r_med_geo)'
#   meta: !!omap
#   - {ucd: PHYS_DISTANCE_TRUE}
#   - {width: 15}
#   - {precision: '8'}
#   - values: {'null': .nan}
# - name: Plx
#   unit: mas
#   datatype: float64
#   format: '{:9.4f}'
#   description: '? Parallax (parallax)'
#   meta: !!omap
#   - {ucd: POS_PARLX_TRIG}
#   - {width: 9}
#   - {precision: '4'}
#   - values: {'null': .nan}
# - name: e_Plx
#   unit: mas
#   datatype: float32
#   format: '{:7.4f}'
#   description: '? Standard error of parallax (parallax_error)'
#   meta: !!omap
#   - {ucd: ERROR}
#   - {width: 7}
#   - {precision: '4'}
#   - values: {'null': .nan}
# - name: pmRA
#   unit: mas / yr
#   datatype: float64
#   format: '{:9.3f}'
#   description: '? Proper motion in right ascension direction, pmRA*cosDE (pmra)'
#   meta: !!omap
#   - {ucd: POS_EQ_PMRA}
#   - {width: 9}
#   - {precision: '3'}
#   - values: {'null': .nan}
# - name: pmDE
#   unit: mas / yr
#   datatype: float64
#   format: '{:9.3f}'
#   description: '? Proper motion in declination direction (pmdec)'
#   meta: !!omap
#   - {ucd: POS_EQ_PMDEC}
#   - {width: 9}
#   - {precision: '3'}
#   - values: {'null': .nan}
# - name: e_pmRA
#   unit: mas / yr
#   datatype: float32
#   format: '{:6.3f}'
#   description: '? Standard error of proper motion in right ascension direction (pmra_error)'
#   meta: !!omap
#   - {ucd: ERROR}
#   - {width: 6}
#   - {precision: '3'}
#   - values: {'null': .nan}
# - name: e_pmDE
[...]
#         value: !astropy.table.SerializedColumn {name: SkyCoord.dec}
#       distance: !astropy.table.SerializedColumn
#         __class__: astropy.coordinates.distances.Distance
#         unit: !astropy.units.Unit {unit: pc}
#         value: !astropy.table.SerializedColumn {name: SkyCoord.distance}
#       frame: icrs
#       obstime: !astropy.time.Time {format: jyear_str, in_subfmt: '*', jd1: 367701545.0, jd2: 0.0, out_subfmt: '*', precision: 3, scale: tt}
#       pm_dec: !astropy.table.SerializedColumn
#         __class__: astropy.units.quantity.Quantity
#         unit: !astropy.units.Unit {unit: mas / yr}
#         value: !astropy.table.SerializedColumn {name: SkyCoord.pm_dec}
#       pm_ra_cosdec: !astropy.table.SerializedColumn
#         __class__: astropy.units.quantity.Quantity
#         unit: !astropy.units.Unit {unit: mas / yr}
#         value: !astropy.table.SerializedColumn {name: SkyCoord.pm_ra_cosdec}
#       ra: !astropy.table.SerializedColumn
#         __class__: astropy.coordinates.angles.Longitude
#         unit: *id001
#         value: !astropy.table.SerializedColumn {name: SkyCoord.ra}
#         wrap_angle: !astropy.coordinates.Angle
#           unit: *id001
#           value: 360.0
#       representation_type: spherical
# schema: astropy-2.0
RA_ICRS_1 DE_ICRS_1 e_RA_ICRS e_DE_ICRS _r_1 HIP TYC2 Source rgeo Plx e_Plx pmRA pmDE e_pmRA e_pmDE RUWE Teff logg Gmag BP-RP BPmag RPmag RV e_RV b_rgeo B_rgeo FG e_FG FBP e_FBP FRP e_FRP RAVE5 RAVE6 e_Gmag e_BPmag e_RPmag e_BP-RP SkyCoord.ra SkyCoord.dec SkyCoord.distance SkyCoord.pm_ra_cosdec SkyCoord.pm_dec rmRA rmDE e_rmRA e_rmDE rRV e_rRV v_pec v_pec3d e_vpec e_vpec3d
[from data line 151]
297.93705821624 25.47164200302 0.0132 0.0192 14.3675 "" "" 2026743050657710976 2137.07104 0.4236 0.0273 -1.996 -4.684 0.019 0.025 0.982 4534.8 2.0705 15.498328 2.981776 17.236187 14.254411 -38.69 3.04 2004.00146 2254.37231 11901.87964 3.7175 1741.6 5.9876 15754.0 9.777 "" "" 0.0027761115139350477 0.0046603065 0.0038389778 0.008499284 297.93705821624 25.47164200302 2137.07104 -1.9960000000000009 -4.684 0.9469376125335693 1.4908595237731932 0.10702821 0.113028206 -49.29299999999999 9.118 17.890791738566076 52.439300891914485 1.9918992657893182 8.597829279435313
297.66589655803 25.20855229932 0.0131 0.0204 7.2253 "" "" 2026708587839384320 2201.20264 0.4233 0.0276 -1.614 -4.228 0.018 0.026 1.027 "" "" 15.500158 1.559889 16.213175 14.653286 "" "" 2079.00537 2350.98071 11881.82723 2.8005 4468.4 6.08 10910.0 9.002 "" "" 0.0027671783701957715 0.0031571405 0.0038841069 0.0070412476 297.66589655803 25.20855229932 2201.20264 -1.6139999999999999 -4.228 1.3289376125335692 1.9468595237731936 0.10602821 0.11402821 "" "" 24.594197886609976 "" 2.7434245960696444 ""
297.67315772012 25.27144192675 0.0125 0.0201 4.9856 "" "" 2026711233539262592 2462.0293 0.3671 0.0265 -0.137 -5.777 0.018 0.025 1.01 15005.5 3.4933 15.501485 2.810274 17.102196 14.291922 -21.02 3.75 2308.4812 2637.88623 11867.32422 3.4466 1970.3 5.4743 15219.0 8.6639 "" "" 0.0027733050808394074 0.0041091414 0.0038295903 0.007938731 297.67315772012 25.27144192675 2462.0293 -0.13699999999999968 -5.776999999999999 2.8059376125335693 0.3978595237731932 0.10602821 0.113028206 -31.622999999999998 9.827999 33.07287898527932 45.75838123639133 3.5113682719592916 7.2506733197398665
297.86943520961 25.45448887018 0.0399 0.0574 11.3684 "" "" 2026719686035176320 2822.07202 0.347 0.0845 -3.534 -4.983 0.059 0.077 0.956 3907.4 1.5797 15.512241 5.673458 19.597116 13.923658 -14.25 0.88 2197.08813 4555.82422 11750.33564 25.938 197.96 4.4464 21365.0 104.17 "" "" 0.003651831895945733 0.02454593 0.006504429 0.03105036 297.86943520961 25.45448887018 2822.07202 -3.534 -4.983 -0.5910623874664305 1.1918595237731937 0.14702821 0.16502821 -24.852999999999998 6.9579997 17.795853432536212 30.567368358959374 2.8764164512717074 5.899894283267474
298.07010940217 25.18539478721 0.029 0.0425 17.8795 "" "" 2026653990213936384 2662.21899 0.3269 0.0588 -2.155 -6.415 0.042 0.059 0.978 "" "" 15.521761 5.968875 19.884356 13.915481 -3.53 1.9 2281.10132 3323.6106 11647.75466 17.354 151.94 3.4048 21526.0 79.21 "" "" 0.003195081574282214 0.024489557 0.0054995934 0.029989151 298.07010940217 25.18539478721 2662.21899 -2.1549999999999985 -6.414999999999998 0.7879376125335695 -0.24014047622680668 0.1300282 0.14702821 -14.132999999999997 7.9779997 10.39444358810844 17.54383499997559 1.367477347393222 6.4778019865281395
297.78506256659 25.0801987614 0.0134 0.0206 12.7445 "" "" 2026692060804685824 2356.24707 0.4023 0.028 -3.027 -6.199 0.019 0.026 1.07 "" "" 15.52335 2.009795 16.525066 14.515271 "" "" 2190.95312 2538.68433 11630.72274 3.6176 3352.7 5.5035 12389.0 9.2699 "" "" 0.0027759384749916106 0.00331081 0.0038657081 0.0071765184 297.78506256659 25.0801987614 2356.24707 -3.027 -6.199 -0.0840623874664308 -0.024140476226806484 0.10702821 0.11402821 "" "" 0.9768064710987068 "" 0.1050824351865539 ""
298.00364640805 25.21004309817 0.0131 0.0196 13.9812 "" "" 2026699963544769152 2458.1394 0.3572 0.0267 -5.173 -4.294 0.018 0.025 1.024 "" "" 15.528831 2.794888 17.114466 14.319578 -5.18 3.67 2284.6394 2703.80029 11572.16703 3.7863 1948.2 4.4812 14836.0 9.2426 "" "" 0.002778126431708073 0.003744592 0.0038394323 0.007584024 298.00364640805 25.21004309817 2458.1394 -5.173 -4.294 -2.2300623874664307 1.8808595237731938 0.10602821 0.113028206 -15.782999999999998 9.747999 33.991499040150856 37.4769942230774 3.704817151610137 5.305134267563202
297.64378143935 25.08727272394 0.0139 0.0217 13.8463 "" "" 2026695702937043328 2391.56982 0.3731 0.0291 -3.921 -5.162 0.019 0.027 1.045 "" "" 15.530778 3.068708 17.335869 14.26716 21.16 3.56 2226.98706 2566.83179 11551.42784 3.9383 1588.8 6.0884 15570.0 10.904 "" "" 0.002780074251087449 0.005009573 0.0038551108 0.008864684 297.64378143935 25.08727272394 2391.56982 -3.9209999999999994 -5.162 -0.9780623874664305 1.0128595237731934 0.10702821 0.11502821 10.557000000000002 9.638 15.96125212406677 19.136661630703145 1.775527163553598 5.519318134405924
297.90026736505 25.36558549674 0.014 0.0207 8.6995 "" "" 2026707007291252992 2248.85132 0.3871 0.0295 -1.523 -5.173 0.02 0.028 0.979 "" "" 15.54707 3.368025 17.592314 14.224289 19.43 2.41 2118.34863 2390.44507 11379.38792 4.2003 1254.6 5.9814 16197.0 12.432 "" "" 0.002784313017380092 0.005880428 0.0038701692 0.009750597 297.90026736505 25.36558549674 2248.85132 -1.523 -5.173 1.4199376125335694 1.0018595237731933 0.1080282 0.116028205 8.827000000000002 8.488 18.524164356716526 20.519761063780614 2.0515744010591237 4.094143830573055
297.68838078054 25.15602266613 0.0133 0.0208 9.0708 "" "" 2026696355772071808 2577.57666 0.3504 0.0276 -1.738 -5.159 0.019 0.026 1.001 7156.2 2.2894 15.557894 2.867921 17.202005 14.334084 -19.75 4.92 2365.22412 2810.98608 11266.50318 3.9554 1797.3 4.9091 14639.0 10.3 "" "" 0.0027815615333231843 0.0040717996 0.0038558147 0.007927614 297.68838078054 25.15602266613 2577.57666 -1.7380000000000007 -5.158999999999998 1.2049376125335693 1.0158595237731936 0.10702821 0.11402821 -30.352999999999998 10.997999 19.25538458406733 35.94543704672872 2.117911835144316 9.355959425861958
297.51673373046 25.22146731633 0.0137 0.0216 13.9746 "" "" 2026712225654201088 2306.15796 0.3941 0.0298 -0.911 -2.838 0.02 0.028 1.069 8489.1 3.25 15.591731 2.359392 16.834513 14.475121 64.29 5.74 2175.7207 2480.66553 10920.79906 3.5996 2521.2 5.6735 12856.0 9.0415 "" "" 0.002778463543479257 0.003708709 0.003855748 0.007564457 297.51673373046 25.22146731633 2306.15796 -0.9109999999999998 -2.838 2.0319376125335693 3.3368595237731933 0.1080282 0.116028205 53.68700000000001 11.817999 42.70640979609252 68.60124930838934 4.8650987084643464 9.731981721853101
297.87064354729 25.154364633 0.0135 0.0202 10.1186 "" "" 2026694259827922560 2272.6272 0.3918 0.027 -2.383 -7.263 0.019 0.025 0.988 7230.5 2.8059 15.592367 3.180444 17.483177 14.302733 26.6 3.37 2142.05591 2410.91797 10914.40007 4.2111 1387.2 5.4268 15068.0 9.4311 "" "" 0.0027869830274902265 0.005081923 0.0038399915 0.008921915 297.87064354729 25.154364633 2272.6272 -2.383 -7.263000000000002 0.5599376125335693 -1.0881404762268065 0.10702821 0.113028206 15.997000000000003 9.448 13.182613900513058 20.72885231386437 1.4737992665142214 7.351264531138049
297.90220249458 25.54770175507 0.0145 0.0207 17.1342 "" "" 2026744493766752256 2329.3374 0.3752 0.0302 -3.165 -4.819 0.02 0.027 0.977 15005.0 3.6484 15.609915 3.014543 17.374516 14.359972 -4.96 3.61 2129.5 2559.01196 10739.42348 3.9421 1533.2 4.4151 14295.0 10.786 "" "" 0.0027839940427209294 0.004190512 0.00386715 0.008057662 297.90220249458 25.54770175507 2329.3374 -3.165 -4.819 -0.2220623874664307 1.3558595237731934 0.1080282 0.11502821 -15.562999999999999 9.688 15.169574694818012 21.73299255559765 1.7422374142638064 7.043354190084733
297.81708622076 25.23605162926 0.0133 0.0218 4.4661 "" "" 2026697867600505472 2218.07227 0.4086 0.0276 -2.911 -6.069 0.019 0.028 1.018 7980.8 2.6572 15.611713 2.474723 16.943083 14.46836 "" "" 2090.33008 2367.8269 10721.64397 3.5459 2281.3 6.3078 12936.0 11.775 "" "" 0.002778619581731112 0.0040984666 0.0039064623 0.008004929 297.81708622076 25.23605162926 2218.07227 -2.911 -6.069 0.031937612533569304 0.10585952377319341 0.10702821 0.116028205 "" "" 1.16252062752319 "" 0.1340435286703259 ""
297.64911499938 25.2278067028 0.0131 0.0209 7.2373 "" "" 2026708862717312512 2895.7395 0.3196 0.0284 -3.046 -6.313 0.019 0.027 1.006 8508.6 2.9674 15.620888 1.8146 16.471191 14.656591 "" "" 2690.89453 3142.97925 10631.42643 3.1395 3523.2 9.4254 10877.0 18.487 "" "" 0.0027739120083356485 0.0040276255 0.0042058397 0.008233465 297.64911499938 25.2278067028 2895.7395 -3.046000000000001 -6.313 -0.10306238746643048 -0.13814047622680636 0.10702821 0.11502821 "" "" 2.365647484240772 "" 0.26550387380967555 ""
297.64302643775 25.17067052443 0.0137 0.0217 9.7244 "" "" 2026708347321214592 2961.44775 0.3044 0.0299 -1.665 -4.645 0.019 0.027 1.0 "" "" 15.622162 2.145644 16.718267 14.572623 "" "" 2699.63477 3315.23877 10618.95921 4.29 2806.1 9.5133 11752.0 10.972 "" "" 0.002790015565662635 0.004618871 0.0039129606 0.008531831 297.64302643775 25.17067052443 2961.44775 -1.665000000000001 -4.645 1.2779376125335693 1.5298595237731938 0.10702821 0.11502821 "" "" 27.98170671930266 "" 3.1286223151102646 ""
298.03392026223 25.35552218857 0.0189 0.0285 15.2218 "" "" 2026703365158902784 2355.3645 0.3613 0.039 -2.159 -3.476 0.027 0.037 0.98 4474.1 1.9977 15.623404 4.120583 18.313524 14.192942 -25.52 2.02 2201.29126 2606.10352 10606.82213 5.3033 645.67 4.3308 16672.0 15.383 "" "" 0.0028082882365614544 0.007798729 0.0039098994 0.011708628 298.03392026223 25.35552218857 2355.3645 -2.159 -3.475999999999999 0.7839376125335695 2.6988595237731934 0.11502821 0.12502821 -36.123 8.098 31.376612466792256 47.847287685837145 3.899454027349115 6.6269338828297935
297.94737209895 25.04505024843 0.0138 0.0208 17.8841 "" "" 2026645675157295616 2764.23486 0.3013 0.028 2.024 -3.007 0.019 0.026 0.948 6714.7 1.9475 15.635417 3.268317 17.60056 14.332242 -2.18 3.06 2567.40332 2999.09302 10490.11073 3.5553 1245.1 4.7632 14664.0 12.262 "" "" 0.0027797835078687133 0.005003697 0.0038869 0.008890597 297.94737209895 25.04505024843 2764.23486 2.024 -3.0069999999999997 4.966937612533569 3.1678595237731932 0.10702821 0.11402821 -12.782999999999998 9.138 77.18880744769717 78.24012451547908 8.42117981046363 8.441105082111774
297.73922441137 25.01971253646 0.0143 0.0225 16.3617 "" "" 2026691339250184064 2453.98462 0.3606 0.0324 -4.179 -2.959 0.02 0.029 1.001 7000.6 2.9806 15.642544 2.986593 17.381653 14.39506 -9.45 2.56 2243.15796 2643.82593 10421.47495 3.9468 1523.2 5.7858 13840.0 10.086 "" "" 0.002785832876735432 0.0049792947 0.003861319 0.008840614 297.73922441137 25.01971253646 2453.98462 -4.179 -2.959 -1.236062387466431 3.2158595237731933 0.1080282 0.11702821 -20.052999999999997 8.638 40.07451448726289 44.8117118663173 4.644993834470496 5.674250370980021
298.02847884824 25.34878984787 0.014 0.0214 14.8382 "" "" 2026703330799165184 2828.38477 0.3068 0.03 -3.263 -5.25 0.02 0.027 0.967 "" "" 15.646357 3.141025 17.494917 14.353892 -1.38 3.64 2624.40625 3065.31128 10384.94499 4.0153 1372.3 5.5151 14375.0 17.418 "" "" 0.0027871164150058024 0.0051792497 0.004001807 0.009181056 298.02847884824 25.34878984787 2828.38477 -3.263 -5.25 -0.32006238746643056 0.9248595237731934 0.1080282 0.11502821 -11.982999999999997 9.717999 13.120651420319932 17.76918069843242 1.4996906513146615 6.646424138976252
297.80264992085 25.44138968488 0.0183 0.0285 9.2493 "" "" 2026720197113880960 2190.34595 0.4359 0.0396 -1.122 -4.803 0.026 0.042 1.285 9040.8 3.76 15.656438 1.623109 16.39438 14.771272 "" "" 2024.93347 2439.91992 10288.96039 2.9478 3781.5 7.0961 9787.0 9.7658 "" "" 0.0027728235941968413 0.0034548684 0.003931596 0.0073864646 297.80264992085 25.44138968488 2190.34595 -1.1220000000000006 -4.802999999999997 1.8209376125335692 1.3718595237731934 0.11402821 0.1300282 "" "" 23.67016872852363 "" 2.8420273790904877 ""
297.85440685231 25.12198800011 0.0141 0.0218 11.3389 "" "" 2026693675712365952 2113.21851 0.4348 0.029 -0.726 -3.671 0.02 0.028 1.019 7993.7 3.1107 15.66243 2.259204 16.843704 14.5845 "" "" 1989.85657 2250.22217 10232.33492 2.8994 2500.0 5.2703 11624.0 7.4182 "" "" 0.002772442651566309 0.0036088694 0.003842373 0.0074512423 297.85440685231 25.12198800011 2113.21851 -0.7259999999999998 -3.6710000000000016 2.2169376125335694 2.5038595237731935 0.1080282 0.116028205 "" "" 33.498375913453074 "" 3.771336906796359 ""
297.71064965952 25.4614338721 0.0145 0.0218 10.5675 "" "" 2026721919418243968 2533.34912 0.3684 0.0286 -1.923 -5.884 0.021 0.029 1.029 8597.2 3.4061 15.663924 1.97193 16.643309 14.671379 "" "" 2353.61011 2690.49634 10218.25907 2.7301 3006.7 6.1198 10730.0 9.0297 "" "" 0.002770548494608072 0.0035593088 0.0038882585 0.0074475673 297.71064965952 25.4614338721 2533.34912 -1.923 -5.884 1.0199376125335693 0.290859523773193 0.109028205 0.11702821 "" "" 12.73576210299892 "" 1.39647845726783 ""
297.93954462538 25.3879574968 0.0146 0.0209 11.2158 "" "" 2026707316528884864 2581.15698 0.3405 0.0299 -3.045 -8.421 0.021 0.028 1.004 "" "" 15.664042 2.907633 17.341976 14.434343 9.15 3.87 2423.07593 2787.09619 10217.1516 3.8165 1579.9 5.4121 13348.0 9.2755 "" "" 0.0027850084047388833 0.004649537 0.003853954 0.008503491 297.93954462538 25.3879574968 2581.15698 -3.045 -8.421 -0.10206238746643059 -2.246140476226806 0.109028205 0.116028205 -1.4529999999999976 9.948 27.509174375663314 27.547520466108217 3.1914552884030765 3.2299180348824956
297.89229332874 25.21164839716 0.0144 0.0207 8.5307 "" "" 2026700478940909824 2426.18042 0.3685 0.029 -0.122 -4.2 0.02 0.027 0.986 "" "" 15.684242 3.169636 17.568947 14.399311 41.42 4.04 2287.11011 2597.41772 10028.82043 3.5386 1281.9 6.0025 13786.0 10.973 "" "" 0.0027818250843468827 0.005799286 0.0038769264 0.009676212 297.89229332874 25.21164839716 2426.18042 -0.12199999999999978 -4.2 2.8209376125335694 1.9748595237731932 0.1080282 0.11502821 30.817000000000004 10.118 39.60068950483742 50.178701639824645 4.371105912751684 7.107239874848173
298.00548532495 25.11669904461 0.0145 0.0208 16.8646 "" "" 2026651928629665664 2546.83228 0.3677 0.0291 -2.83 -5.238 0.021 0.028 1.078 "" "" 15.687483 1.940001 16.64401 14.70401 "" "" 2354.99316 2768.29639 9998.93044 2.6606 3004.8 6.2981 10412.0 9.2254 "" "" 0.0027704248204826237 0.0036005466 0.003899894 0.007500441 298.00548532495 25.11669904461 2546.83228 -2.829999999999999 -5.238 0.11293761253356926 0.9368595237731929 0.109028205 0.116028205 "" "" 11.391634938241406 "" 1.3206427277232826 ""
297.85914364807 25.21598419257 0.015 0.0232 6.9427 "" "" 2026703399518691840 2113.84473 0.4131 0.0302 -1.844 -4.553 0.021 0.03 0.983 "" "" 15.68915 3.423503 17.777782 14.35428 18.94 2.53 1989.38342 2245.39844 9983.59141 3.7004 1057.6 5.2567 14370.0 10.323 "" "" 0.00278455314351631 0.0060751773 0.0038590243 0.009934202 297.85914364807 25.21598419257 2113.84473 -1.8440000000000016 -4.552999999999997 1.0989376125335693 1.6218595237731934 0.109028205 0.11802821 8.337000000000003 8.608 19.62949497926159 21.32657127015161 2.262733678400704 3.957407049216297
297.71737535937 25.22385345484 0.0141 0.0222 4.7403 "" "" 2026698382996647168 2632.8457 0.3464 0.0286 -3.108 -6.24 0.02 0.028 1.019 9359.4 3.5077 15.691925 1.909221 16.625574 14.716353 "" "" 2434.16187 2889.0437 9958.10958 3.1151 3056.2 5.5972 10295.0 8.3073 "" "" 0.002776174531156213 0.003426216 0.0038795997 0.007305816 297.71737535937 25.22385345484 2632.8457 -3.1079999999999997 -6.240000000000001 -0.16506238746643076 -0.06514047622680685 0.1080282 0.116028205 "" "" 2.2145337875085676 "" 0.241695179569539 ""
297.74650589037 25.24872822141 0.014 0.0213 2.7118 "" "" 2026698829673235200 2462.51416 0.3676 0.0278 -2.785 -6.13 0.02 0.027 1.002 "" "" 15.698507 1.979558 16.684963 14.705405 "" "" 2316.88428 2647.65479 9897.91304 3.2424 2893.6 6.3237 10399.0 7.5596 "" "" 0.0027781811594502965 0.0036626658 0.0038609183 0.007523584 297.74650589037 25.24872822141 2462.51416 -2.785 -6.13 0.1579376125335692 0.044859523773193466 0.1080282 0.11502821 "" "" 1.916417683453281 "" 0.2080584920448102 ""
