Clusters/Czernik_41/Czernik_41_stars_in_region.tsv
# %ECSV 1.0
# ---
# datatype:
# - name: RA_ICRS_1
#   unit: deg
#   datatype: float64
#   format: '{:15.11f}'
#   description: Right ascension (ICRS) at Ep=2016.0 (ra)
#   meta: !!omap
#   - {ucd: POS_EQ_RA_MAIN}
#   - {width: 15}
#   - {precision: '11'}
# - name: DE_ICRS_1
#   unit: deg
#   datatype: float64
#   format: '{:15.11f}'
#   description: Declination (ICRS) at Ep=2016.0 (dec)
#   meta: !!omap
#   - {ucd: POS_EQ_DEC_MAIN}
#   - {width: 15}
#   - {precision: '11'}
# - name: e_RA_ICRS
#   unit: mas
#   datatype: float64
#   format: '{:7.4f}'
#   description: Standard error of right ascension (ra_error)
#   meta: !!omap
#   - {ucd: ERROR}
#   - {width: 7}
#   - {precision: '4'}
# - name: e_DE_ICRS
#   unit: mas
#   datatype: float64
#   format: '{:7.4f}'
#   description: Standard error of declination (dec_error)
#   meta: !!omap
#   - {ucd: ERROR}
#   - {width: 7}
#   - {precision: '4'}
# - name: _r_1
#   unit: ''
#   datatype: float64
#   format: '{:7.4f}'
#   description: Distance from center (297.76230652000+25.29160607000)[ICRS], at Epoch=J2016.0
#   meta: !!omap
#   - {ucd: POS_ANG_DIST_GENERAL}
#   - {width: 7}
#   - {precision: '4'}
# - name: HIP
#   datatype: int32
#   description: '? HIP cross-id number, van Leeuwen, Cat. I/311 (hip_original_ext_source_id)'
#   meta: !!omap
#   - {ucd: ID_NUMBER}
#   - {width: 6}
#   - values: {'null': -2147483648}
# - name: TYC2
#   datatype: string
#   description: Tycho-2 cross-id name, Hog et al., Cat. I/259 (tyc2_original_ext_source_id)
#   meta: !!omap
#   - {ucd: ID_CROSSID}
#   - {_votable_string_dtype: char}
# - name: Source
#   datatype: int64
#   description: Source identifier, identical to the Gaia-EDR3 source_id (id)
#   meta: !!omap
#   - {ucd: ID_MAIN}
#   - {width: 19}
# - name: rgeo
#   unit: pc
#   datatype: float64
#   format: '{:15.8f}'
#   description: '? Median of the geometric distance posterior (r_med_geo)'
#   meta: !!omap
#   - {ucd: PHYS_DISTANCE_TRUE}
#   - {width: 15}
#   - {precision: '8'}
#   - values: {'null': .nan}
# - name: Plx
#   unit: mas
#   datatype: float64
#   format: '{:9.4f}'
#   description: '? Parallax (parallax)'
#   meta: !!omap
#   - {ucd: POS_PARLX_TRIG}
#   - {width: 9}
#   - {precision: '4'}
#   - values: {'null': .nan}
# - name: e_Plx
#   unit: mas
#   datatype: float32
#   format: '{:7.4f}'
#   description: '? Standard error of parallax (parallax_error)'
#   meta: !!omap
#   - {ucd: ERROR}
#   - {width: 7}
#   - {precision: '4'}
#   - values: {'null': .nan}
# - name: pmRA
#   unit: mas / yr
#   datatype: float64
#   format: '{:9.3f}'
#   description: '? Proper motion in right ascension direction, pmRA*cosDE (pmra)'
#   meta: !!omap
#   - {ucd: POS_EQ_PMRA}
#   - {width: 9}
#   - {precision: '3'}
#   - values: {'null': .nan}
# - name: pmDE
#   unit: mas / yr
#   datatype: float64
#   format: '{:9.3f}'
#   description: '? Proper motion in declination direction (pmdec)'
#   meta: !!omap
#   - {ucd: POS_EQ_PMDEC}
#   - {width: 9}
#   - {precision: '3'}
#   - values: {'null': .nan}
# - name: e_pmRA
#   unit: mas / yr
#   datatype: float32
#   format: '{:6.3f}'
#   description: '? Standard error of proper motion in right ascension direction (pmra_error)'
#   meta: !!omap
#   - {ucd: ERROR}
#   - {width: 6}
#   - {precision: '3'}
#   - values: {'null': .nan}
# - name: e_pmDE
[...]
#         value: !astropy.table.SerializedColumn {name: SkyCoord.dec}
#       distance: !astropy.table.SerializedColumn
#         __class__: astropy.coordinates.distances.Distance
#         unit: !astropy.units.Unit {unit: pc}
#         value: !astropy.table.SerializedColumn {name: SkyCoord.distance}
#       frame: icrs
#       obstime: !astropy.time.Time {format: jyear_str, in_subfmt: '*', jd1: 367701545.0, jd2: 0.0, out_subfmt: '*', precision: 3, scale: tt}
#       pm_dec: !astropy.table.SerializedColumn
#         __class__: astropy.units.quantity.Quantity
#         unit: !astropy.units.Unit {unit: mas / yr}
#         value: !astropy.table.SerializedColumn {name: SkyCoord.pm_dec}
#       pm_ra_cosdec: !astropy.table.SerializedColumn
#         __class__: astropy.units.quantity.Quantity
#         unit: !astropy.units.Unit {unit: mas / yr}
#         value: !astropy.table.SerializedColumn {name: SkyCoord.pm_ra_cosdec}
#       ra: !astropy.table.SerializedColumn
#         __class__: astropy.coordinates.angles.Longitude
#         unit: *id001
#         value: !astropy.table.SerializedColumn {name: SkyCoord.ra}
#         wrap_angle: !astropy.coordinates.Angle
#           unit: *id001
#           value: 360.0
#       representation_type: spherical
# schema: astropy-2.0
RA_ICRS_1 DE_ICRS_1 e_RA_ICRS e_DE_ICRS _r_1 HIP TYC2 Source rgeo Plx e_Plx pmRA pmDE e_pmRA e_pmDE RUWE Teff logg Gmag BP-RP BPmag RPmag RV e_RV b_rgeo B_rgeo FG e_FG FBP e_FBP FRP e_FRP RAVE5 RAVE6 e_Gmag e_BPmag e_RPmag e_BP-RP SkyCoord.ra SkyCoord.dec SkyCoord.distance SkyCoord.pm_ra_cosdec SkyCoord.pm_dec rmRA rmDE e_rmRA e_rmDE rRV e_rRV v_pec v_pec3d e_vpec e_vpec3d
[from data line 403]
297.96393679848 25.11363459655 0.0226 0.0322 15.292 "" "" 2026652066068660608 2729.83398 0.3349 0.0453 -2.567 -4.968 0.032 0.042 0.956 7995.6 3.0939 16.62639 2.361659 17.880173 15.518514 "" "" 2392.61426 3162.146 4211.04959 2.1452 962.38 4.5923 4917.6 8.6515 "" "" 0.00281028580014788 0.0058844807 0.0042346567 0.010119137 297.96393679848 25.11363459655 2729.83398 -2.567 -4.968000000000001 0.37593761253356917 1.2068595237731934 0.12002821 0.1300282 "" "" 16.356150027808294 "" 2.1128042830194356 ""
297.99809566097 25.42868349349 0.0223 0.0342 15.2012 "" "" 2026730921670031232 2768.73779 0.3381 0.0493 -2.837 -6.089 0.032 0.044 0.955 "" "" 16.626816 1.799294 17.495728 15.696434 "" "" 2457.39209 3224.03516 4209.4051 1.714 1371.3 4.4305 4174.3 5.3447 "" "" 0.002790562005823256 0.004482216 0.0040269424 0.008509159 297.99809566097 25.42868349349 2768.73779 -2.837 -6.089 0.10593761253356915 0.08585952377319295 0.12002821 0.1320282 "" "" 1.7895919009951131 "" 0.2235622701776041 ""
297.58367855304 25.10854574732 0.0226 0.0373 14.6521 "" "" 2020702952247180928 2132.69482 0.4496 0.0503 -4.748 -6.319 0.032 0.049 1.015 7498.9 3.9353 16.62707 2.08278 17.686531 15.603751 "" "" 1934.65674 2422.96069 4208.41809 1.8932 1150.3 5.5863 4546.3 6.3125 "" "" 0.0027982767612730565 0.0059654815 0.0040689544 0.010034436 297.58367855304 25.10854574732 2132.69482 -4.747999999999998 -6.318999999999999 -1.8050623874664309 -0.1441404762268066 0.12002821 0.1370282 "" "" 18.30541302245868 "" 2.199276392421008 ""
297.89156573445 25.31504601598 0.0223 0.0325 7.1511 "" "" 2026705186225107072 2197.4834 0.4254 0.0458 -2.986 -6.145 0.031 0.042 0.964 "" "" 16.627361 2.666482 18.118986 15.452504 "" "" 1990.802 2419.45752 4207.28548 1.9007 772.36 4.6827 5225.8 6.6756 "" "" 0.0027986382761063656 0.0071495706 0.0040258374 0.011175408 297.89156573445 25.31504601598 2197.4834 -2.9859999999999998 -6.145000000000001 -0.043062387466430874 0.029859523773193786 0.11902821 0.1300282 "" "" 0.5458220517925627 "" 0.06697671838092781 ""
297.59983479642 25.15563203445 0.0231 0.037 12.0138 "" "" 2026707900644640768 2331.96704 0.376 0.0499 -2.899 -5.153 0.033 0.048 1.032 15016.4 4.0504 16.62966 3.08963 18.415113 15.325483 "" "" 2102.12378 2680.03467 4198.39107 2.1748 587.99 5.0764 5874.4 11.495 "" "" 0.0028121354213920184 0.00978013 0.0043356083 0.014115739 297.59983479642 25.15563203445 2331.96704 -2.899000000000002 -5.152999999999998 0.043937612533569315 1.0218595237731938 0.12102821 0.1360282 "" "" 11.305584963046496 "" 1.5375826548293479 ""
297.79933214684 25.02932854238 0.0326 0.0489 15.8646 "" "" 2026691030012510336 2418.2229 0.3759 0.0639 -3.055 -6.512 0.044 0.063 0.966 "" "" 16.630474 3.743412 18.986298 15.242886 "" "" 2150.37109 2712.75781 4195.24362 2.5779 347.45 4.4817 6338.8 6.833 "" "" 0.0028349423944610394 0.014279968 0.003956454 0.018236421 297.79933214684 25.02932854238 2418.2229 -3.055 -6.512 -0.11206238746643082 -0.3371404762268062 0.1320282 0.15102822 "" "" 4.0723176659294404 "" 0.6077782276378466 ""
297.74201314819 25.00486117031 0.023 0.0352 17.24 "" "" 2026690583335933568 2603.9231 0.358 0.0484 -2.469 -4.603 0.032 0.046 0.991 "" "" 16.630522 2.181799 17.760841 15.579042 "" "" 2338.3042 2944.77734 4195.05727 1.9548 1074.2 4.4576 4650.9 6.7767 "" "" 0.0028013840415900574 0.0052994643 0.004097126 0.00939659 297.74201314819 25.00486117031 2603.9231 -2.4689999999999994 -4.603 0.4739376125335695 1.5718595237731936 0.12002821 0.13402821 "" "" 20.263516899294125 "" 2.693383304556225 ""
297.79748350059 25.45115293706 0.023 0.0343 9.7609 "" "" 2026720270150760576 3107.90967 0.3048 0.0485 -2.123 -4.976 0.035 0.048 0.976 "" "" 16.631884 2.291241 17.736946 15.445705 "" "" 2613.12988 3781.17798 4189.79917 1.9401 1098.1 7.5035 5258.7 64.288 "" "" 0.0028008124917717333 0.007926338 0.013800786 0.021727124 297.79748350059 25.45115293706 3107.90967 -2.1229999999999984 -4.976000000000002 0.8199376125335691 1.1988595237731934 0.123028204 0.1360282 "" "" 21.396506031213367 "" 2.824857970473536 ""
297.80946697494 25.4877436753 0.0315 0.0444 12.0427 "" "" 2026723362527218304 2671.08398 0.3744 0.0672 -3.362 -3.222 0.048 0.064 1.239 7838.8 4.2228 16.632252 2.487454 17.85768 15.370225 "" "" 2255.54834 3314.45825 4188.37814 2.9136 982.53 9.6514 5637.3 37.239 "" "" 0.0028569631144859755 0.011024129 0.008107027 0.019131156 297.80946697494 25.4877436753 2671.08398 -3.362 -3.2219999999999995 -0.41906238746643076 2.9528595237731934 0.1360282 0.1520282 "" "" 37.76058214939951 "" 5.729361902811826 ""
297.55844680489 25.05613203893 0.057 0.0859 17.9486 "" "" 2020690617101101824 2487.71997 0.4113 0.1182 -1.855 -5.877 0.082 0.115 1.274 "" "" 16.63298 4.243146 19.00148 14.758334 "" "" 1984.41296 3538.26318 4185.56985 7.4279 342.63 9.3666 9904.3 69.429 "" "" 0.0033621915790327727 0.02981202 0.008497704 0.038309723 297.55844680489 25.05613203893 2487.71997 -1.8550000000000002 -5.877000000000001 1.0879376125335694 0.2978595237731936 0.17002821 0.2030282 "" "" 13.300852257667632 "" 2.2948513676742626 ""
298.01779183146 25.44465399777 0.0225 0.0354 16.6185 "" "" 2026731024749240064 2166.35693 0.4482 0.0476 -3.646 -3.102 0.032 0.046 1.014 6627.5 4.0868 16.639236 1.846065 17.54744 15.701374 "" "" 1964.59937 2394.69263 4161.5215 1.6795 1307.5 4.7876 4155.4 5.7602 "" "" 0.0027899445816936077 0.004856983 0.004068032 0.008925015 298.01779183146 25.44465399777 2166.35693 -3.646 -3.1019999999999994 -0.7030623874664306 3.0728595237731935 0.12002821 0.13402821 "" "" 32.369113583285724 "" 4.316956391597331 ""
297.70810217604 25.37277526505 0.0236 0.0374 5.6885 "" "" 2026718071127525248 2137.20581 0.4438 0.0493 1.982 -0.544 0.033 0.049 1.045 7157.1 4.1888 16.641697 1.949333 17.611855 15.662521 "" "" 1911.57019 2378.84863 4152.10298 1.8755 1232.2 5.0185 4306.7 7.1905 "" "" 0.0027986258731604 0.005228669 0.0041916347 0.009420304 297.70810217604 25.37277526505 2137.20581 1.981999999999999 -0.5440000000000003 4.9249376125335695 5.630859523773193 0.12102821 0.1370282 "" "" 75.7826361446023 "" 9.877117502008229 ""
297.85937748763 25.49794728673 0.0231 0.0344 13.4521 "" "" 2026720854266389504 2100.48535 0.4585 0.0476 -3.53 -5.259 0.034 0.047 0.98 7712.0 3.9045 16.642302 2.41909 17.945087 15.525997 "" "" 1935.09094 2330.8396 4149.79156 1.9607 906.53 3.7272 4883.8 5.5612 "" "" 0.0028026681040108628 0.005264257 0.003976461 0.009240719 297.85937748763 25.49794728673 2100.48535 -3.5299999999999994 -5.258999999999997 -0.5870623874664305 0.915859523773193 0.12202821 0.13502821 "" "" 10.831068147963189 "" 1.4229334814295873 ""
297.7019204366 25.38414854059 0.0291 0.0451 6.4462 "" "" 2026721026065031040 2873.69824 0.3114 0.06 -1.72 -1.431 0.041 0.06 0.949 7476.1 2.8445 16.646107 3.357731 18.68561 15.327879 "" "" 2449.89185 3487.11816 4135.27192 2.4539 458.32 4.2491 5861.5 7.1433 "" "" 0.0028296449976946314 0.010445445 0.00400431 0.014449755 297.7019204366 25.38414854059 2873.69824 -1.7199999999999998 -1.431 1.2229376125335694 4.743859523773193 0.1290282 0.14802821 "" "" 66.7303081330394 "" 9.803750505305745 ""
297.8701770748 25.1812387263 0.0324 0.0489 8.8389 "" "" 2026694500346099712 2499.42163 0.3626 0.066 -1.152 -5.803 0.046 0.061 0.955 6934.2 3.2732 16.648115 3.903575 19.144405 15.24083 "" "" 2137.13428 2906.2373 4127.62797 2.6657 300.37 4.8553 6350.8 6.9874 "" "" 0.002843141791097978 0.017770678 0.003963676 0.021734353 297.8701770748 25.1812387263 2499.42163 -1.1520000000000001 -5.803 1.7909376125335694 0.3718595237731934 0.13402821 0.14902821 "" "" 21.670242313960443 "" 2.9185755951943464 ""
297.48959506901 25.34005256681 0.0234 0.0347 15.0742 "" "" 2026714222836610944 2310.22388 0.3879 0.0465 -2.964 -5.619 0.032 0.045 1.026 8596.9 2.7045 16.650545 2.889708 18.30163 15.411922 "" "" 2069.14648 2635.39478 4118.40427 2.1498 652.78 4.5465 5424.9 7.0766 "" "" 0.002813005110790924 0.008060295 0.004036044 0.012096339 297.48959506901 25.34005256681 2310.22388 -2.9640000000000013 -5.618999999999998 -0.021062387466430632 0.5558595237731936 0.12002821 0.13302821 "" "" 6.091286284921834 "" 0.8102049154536983 ""
297.82719878924 24.99905390806 0.0235 0.0354 17.9035 "" "" 2026643819731482496 2638.3208 0.3176 0.0482 -0.218 -3.291 0.032 0.046 1.014 "" "" 16.652308 3.108154 18.483658 15.375504 "" "" 2422.22876 3003.34668 4111.72521 1.9948 552.02 4.5241 5609.9 7.0498 "" "" 0.002805218109108737 0.009325386 0.004018128 0.013343514 297.82719878924 24.99905390806 2638.3208 -0.21800000000000003 -3.2910000000000004 2.7249376125335694 2.8838595237731934 0.12002821 0.13402821 "" "" 49.617507242711305 "" 6.331992047163179 ""
297.63977506128 25.45814031503 0.0246 0.0358 11.9986 "" "" 2026722503533818880 2877.73926 0.3218 0.0478 -1.481 -6.886 0.036 0.049 0.992 7506.5 2.984 16.65389 3.187774 18.55489 15.367116 "" "" 2539.01709 3438.15601 4105.73357 2.0394 516.96 4.3871 5653.4 8.6642 "" "" 0.0028076041932568064 0.009627125 0.0041294666 0.013756592 297.63977506128 25.45814031503 2877.73926 -1.4809999999999992 -6.885999999999997 1.4619376125335692 -0.7111404762268068 0.124028206 0.1370282 "" "" 22.17567845213513 "" 2.807862014613147 ""
297.86306094057 25.35840141096 0.0261 0.0432 6.7765 "" "" 2026705564182259968 2845.91968 0.3501 0.0547 -2.642 -4.632 0.037 0.056 1.217 7742.7 4.4014 16.654375 1.783346 17.50968 15.726334 "" "" 2463.99829 3296.43457 4103.90038 1.9948 1353.8 4.3063 4060.9 5.6835 "" "" 0.0028054068690675543 0.0044398773 0.0040734247 0.008513302 297.86306094057 25.35840141096 2845.91968 -2.6420000000000003 -4.632 0.30093761253356943 1.5428595237731937 0.12502821 0.14402822 "" "" 21.20486461546762 "" 3.040275176265834 ""
297.59894906884 25.37156673817 0.0318 0.0487 10.0747 "" "" 2026716043902714880 2749.29883 0.3048 0.0626 -2.285 -5.307 0.045 0.065 0.951 "" "" 16.657444 3.66653 18.951694 15.285165 "" "" 2404.90845 3368.60791 4092.31356 2.5599 358.71 4.6383 6096.7 8.4377 "" "" 0.0028377915892537765 0.014313689 0.0040671416 0.018380832 297.59894906884 25.37156673817 2749.29883 -2.285 -5.3069999999999995 0.6579376125335692 0.867859523773193 0.13302821 0.1530282 "" "" 14.192339611029173 "" 2.0727409586982093 ""
297.97703046245 25.28694825021 0.0218 0.0335 11.6521 "" "" 2026702609244665984 2185.57056 0.4289 0.0471 2.818 -3.061 0.032 0.045 1.004 5198.3 4.1694 16.65789 1.89244 17.55736 15.66492 "" "" 1996.78259 2446.80103 4090.63117 1.7893 1295.6 5.2919 4297.2 11.647 "" "" 0.002795949740566125 0.0052394355 0.0047899354 0.010029371 297.97703046245 25.28694825021 2185.57056 2.8180000000000005 -3.0610000000000004 5.760937612533569 3.1138595237731934 0.12002821 0.13302821 "" "" 67.84119154902997 "" 8.350414345183784 ""
297.7062493422 25.25873054561 0.022 0.0354 3.6251 "" "" 2026710237106819328 2546.20898 0.3728 0.0463 -3.164 -6.238 0.032 0.045 1.0 9248.1 3.5893 16.658123 2.125052 17.7297 15.604648 "" "" 2278.27905 2862.23877 4089.76089 1.8209 1105.4 5.7088 4542.5 6.3885 "" "" 0.0027974043740193687 0.0062630875 0.0040761917 0.010339279 297.7062493422 25.25873054561 2546.20898 -3.1639999999999997 -6.238 -0.2210623874664308 -0.06314047622680707 0.12002821 0.13302821 "" "" 2.7747039580923363 "" 0.3358985912921932 ""
297.59367777088 25.16330687816 0.0228 0.0371 11.9595 "" "" 2026708209882407808 3016.22437 0.3011 0.05 -2.063 -4.516 0.033 0.048 0.969 "" "" 16.66799 3.135906 18.523178 15.387272 "" "" 2639.81152 3470.31494 4052.7622 1.9507 532.29 4.7216 5549.4 7.867 "" "" 0.0028044416522571267 0.010026893 0.0040807817 0.014107674 297.59367777088 25.16330687816 3016.22437 -2.0629999999999997 -4.516 0.8799376125335692 1.6588595237731933 0.12102821 0.1360282 "" "" 26.84661989883471 "" 3.56736672352246 ""
297.54930765134 25.13296121899 0.0232 0.0375 14.9765 "" "" 2020703227125124608 2186.84473 0.409 0.0525 -6.859 -9.33 0.033 0.049 0.991 "" "" 16.66839 3.296239 18.646996 15.350757 "" "" 1936.83557 2454.52832 4051.26811 2.1589 474.92 3.9338 5739.3 6.8119 "" "" 0.002815412574477831 0.009416125 0.0039930358 0.01340916 297.54930765134 25.13296121899 2186.84473 -6.859 -9.33 -3.9160623874664306 -3.1551404762268067 0.12102821 0.1370282 "" "" 52.12842704878148 "" 6.6498096394717505 ""
297.7525855614 25.28719033749 0.0221 0.0353 0.5902 "" "" 2026710786862619392 2538.57544 0.3677 0.0472 -2.888 -6.104 0.032 0.046 0.982 9246.7 3.5847 16.668415 2.067509 17.705576 15.638067 "" "" 2250.39722 2865.8916 4051.17245 1.7573 1130.3 4.7066 4404.9 8.5594 "" "" 0.0027952814332000233 0.0053127026 0.0043283696 0.009641072 297.7525855614 25.28719033749 2538.57544 -2.888 -6.104 0.054937612533569435 0.07085952377319327 0.12002821 0.13402821 "" "" 1.0788850961845498 "" 0.13912282934641176 ""
297.72942616857 25.11398154614 0.0228 0.0347 10.8059 "" "" 2026695256260396800 2385.51758 0.392 0.046 -1.977 -4.76 0.032 0.044 0.992 9222.1 3.6081 16.67242 2.173311 17.793716 15.620405 "" "" 2125.40112 2711.03296 4036.25782 1.7571 1042.1 5.0157 4477.1 6.4655 "" "" 0.002795566081417365 0.005923955 0.004091719 0.010015674 297.72942616857 25.11398154614 2385.51758 -1.9769999999999992 -4.76 0.9659376125335692 1.4148595237731936 0.12002821 0.1320282 "" "" 19.371126421223835 "" 2.4859925305902815 ""
297.66404601183 25.30203174948 0.0244 0.0395 5.3669 "" "" 2026711336618496768 2438.67676 0.3926 0.0514 -1.071 -2.741 0.035 0.051 1.183 "" "" 16.672842 1.710377 17.461359 15.750982 "" "" 2176.24658 2768.17407 4034.68712 1.9448 1415.4 4.9084 3969.8 6.5983 "" "" 0.002804582147221985 0.004686319 0.0041881274 0.008874446 297.66404601183 25.30203174948 2438.67676 -1.071 -2.7409999999999997 1.8719376125335694 3.4338595237731933 0.123028204 0.1390282 "" "" 45.207970592117576 "" 6.127016758118266 ""
297.63319872638 25.17651491914 0.0232 0.038 9.838 "" "" 2026708416040701824 2798.30176 0.3427 0.0504 -2.609 -5.475 0.033 0.047 1.011 "" "" 16.677874 2.020317 17.690619 15.670301 "" "" 2458.98682 3275.08887 4016.03389 2.3516 1146.0 6.2089 4276.0 8.2261 "" "" 0.0028277154997502097 0.0065105795 0.0043181577 0.010828737 297.63319872638 25.17651491914 2798.30176 -2.609 -5.475 0.33393761253356935 0.6998595237731937 0.12102821 0.13502821 "" "" 10.285487356182697 "" 1.363276030794842 ""
297.72357605893 25.1611682454 0.023 0.036 8.1037 "" "" 2026696424491524736 2723.97314 0.3286 0.0486 -3.52 -5.9 0.033 0.048 0.991 10017.4 3.7846 16.678299 2.986623 18.420996 15.434373 "" "" 2411.05884 3065.43799 4014.45919 1.9558 584.82 4.4784 5313.8 5.998 "" "" 0.0028056348061658433 0.008769972 0.0039731176 0.012743089 297.72357605893 25.1611682454 2723.97314 -3.520000000000001 -5.9 -0.5770623874664307 0.274859523773193 0.12102821 0.1360282 "" "" 8.25283399113061 "" 1.0228467863874433 ""
297.66579331765 25.21853891954 0.0226 0.0354 6.83 "" "" 2026708587839389696 2534.73779 0.372 0.0467 -3.034 -6.122 0.032 0.045 1.008 8136.9 3.1028 16.680012 2.029102 17.701874 15.672771 "" "" 2285.63965 2803.42529 4008.12886 1.637 1134.1 4.031 4266.3 5.5417 "" "" 0.0027907750194191 0.0047621094 0.004033945 0.008796055 297.66579331765 25.21853891954 2534.73779 -3.034 -6.122 -0.09106238746643047 0.05285952377319347 0.12002821 0.13302821 "" "" 1.265051979238399 "" 0.15615007402970016 ""
297.94814912254 25.32831728122 0.0245 0.0374 10.318 "" "" 2026706010858797440 2361.30103 0.3608 0.0515 -1.091 -3.73 0.035 0.048 0.964 "" "" 16.68269 3.714768 19.01515 15.300382 "" "" 2120.64355 2702.95703 3998.25982 2.2499 338.34 4.7808 6011.8 7.9229 "" "" 0.002822245199900338 0.0155932885 0.004041182 0.01963447 297.94814912254 25.32831728122 2361.30103 -1.0909999999999997 -3.730000000000002 1.8519376125335694 2.4448595237731934 0.123028204 0.1360282 "" "" 34.328555117081386 "" 4.512062573289507 ""
