Clusters/Czernik_41/Czernik_41_members.tsv
# %ECSV 1.0
# ---
# datatype:
# - name: RA_ICRS_1
#   unit: deg
#   datatype: float64
#   format: '{:15.11f}'
#   description: Right ascension (ICRS) at Ep=2016.0 (ra)
#   meta: !!omap
#   - {ucd: POS_EQ_RA_MAIN}
#   - {width: 15}
#   - {precision: '11'}
# - name: DE_ICRS_1
#   unit: deg
#   datatype: float64
#   format: '{:15.11f}'
#   description: Declination (ICRS) at Ep=2016.0 (dec)
#   meta: !!omap
#   - {ucd: POS_EQ_DEC_MAIN}
#   - {width: 15}
#   - {precision: '11'}
# - name: e_RA_ICRS
#   unit: mas
#   datatype: float64
#   format: '{:7.4f}'
#   description: Standard error of right ascension (ra_error)
#   meta: !!omap
#   - {ucd: ERROR}
#   - {width: 7}
#   - {precision: '4'}
# - name: e_DE_ICRS
#   unit: mas
#   datatype: float64
#   format: '{:7.4f}'
#   description: Standard error of declination (dec_error)
#   meta: !!omap
#   - {ucd: ERROR}
#   - {width: 7}
#   - {precision: '4'}
# - name: _r_1
#   unit: ''
#   datatype: float64
#   format: '{:7.4f}'
#   description: Distance from center (297.76230652000+25.29160607000)[ICRS], at Epoch=J2016.0
#   meta: !!omap
#   - {ucd: POS_ANG_DIST_GENERAL}
#   - {width: 7}
#   - {precision: '4'}
# - name: HIP
#   datatype: int32
#   description: '? HIP cross-id number, van Leeuwen, Cat. I/311 (hip_original_ext_source_id)'
#   meta: !!omap
#   - {ucd: ID_NUMBER}
#   - {width: 6}
#   - values: {'null': -2147483648}
# - name: TYC2
#   datatype: string
#   description: Tycho-2 cross-id name, Hog et al., Cat. I/259 (tyc2_original_ext_source_id)
#   meta: !!omap
#   - {ucd: ID_CROSSID}
#   - {_votable_string_dtype: char}
# - name: Source
#   datatype: int64
#   description: Source identifier, identical to the Gaia-EDR3 source_id (id)
#   meta: !!omap
#   - {ucd: ID_MAIN}
#   - {width: 19}
# - name: rgeo
#   unit: pc
#   datatype: float64
#   format: '{:15.8f}'
#   description: '? Median of the geometric distance posterior (r_med_geo)'
#   meta: !!omap
#   - {ucd: PHYS_DISTANCE_TRUE}
#   - {width: 15}
#   - {precision: '8'}
#   - values: {'null': .nan}
# - name: Plx
#   unit: mas
#   datatype: float64
#   format: '{:9.4f}'
#   description: '? Parallax (parallax)'
#   meta: !!omap
#   - {ucd: POS_PARLX_TRIG}
#   - {width: 9}
#   - {precision: '4'}
#   - values: {'null': .nan}
# - name: e_Plx
#   unit: mas
#   datatype: float32
#   format: '{:7.4f}'
#   description: '? Standard error of parallax (parallax_error)'
#   meta: !!omap
#   - {ucd: ERROR}
#   - {width: 7}
#   - {precision: '4'}
#   - values: {'null': .nan}
# - name: pmRA
#   unit: mas / yr
#   datatype: float64
#   format: '{:9.3f}'
#   description: '? Proper motion in right ascension direction, pmRA*cosDE (pmra)'
#   meta: !!omap
#   - {ucd: POS_EQ_PMRA}
#   - {width: 9}
#   - {precision: '3'}
#   - values: {'null': .nan}
# - name: pmDE
#   unit: mas / yr
#   datatype: float64
#   format: '{:9.3f}'
#   description: '? Proper motion in declination direction (pmdec)'
#   meta: !!omap
#   - {ucd: POS_EQ_PMDEC}
#   - {width: 9}
#   - {precision: '3'}
#   - values: {'null': .nan}
# - name: e_pmRA
#   unit: mas / yr
#   datatype: float32
#   format: '{:6.3f}'
#   description: '? Standard error of proper motion in right ascension direction (pmra_error)'
#   meta: !!omap
#   - {ucd: ERROR}
#   - {width: 6}
#   - {precision: '3'}
#   - values: {'null': .nan}
# - name: e_pmDE
[...]
#         unit: &id001 !astropy.units.Unit {unit: deg}
#         value: !astropy.table.SerializedColumn {name: SkyCoord.dec}
#       distance: !astropy.table.SerializedColumn
#         __class__: astropy.coordinates.distances.Distance
#         unit: !astropy.units.Unit {unit: pc}
#         value: !astropy.table.SerializedColumn {name: SkyCoord.distance}
#       frame: icrs
#       obstime: !astropy.time.Time {format: jyear_str, in_subfmt: '*', jd1: 367701545.0, jd2: 0.0, out_subfmt: '*', precision: 3, scale: tt}
#       pm_dec: !astropy.table.SerializedColumn
#         __class__: astropy.units.quantity.Quantity
#         unit: !astropy.units.Unit {unit: mas / yr}
#         value: !astropy.table.SerializedColumn {name: SkyCoord.pm_dec}
#       pm_ra_cosdec: !astropy.table.SerializedColumn
#         __class__: astropy.units.quantity.Quantity
#         unit: !astropy.units.Unit {unit: mas / yr}
#         value: !astropy.table.SerializedColumn {name: SkyCoord.pm_ra_cosdec}
#       ra: !astropy.table.SerializedColumn
#         __class__: astropy.coordinates.angles.Longitude
#         unit: *id001
#         value: !astropy.table.SerializedColumn {name: SkyCoord.ra}
#         wrap_angle: !astropy.coordinates.Angle
#           unit: *id001
#           value: 360.0
#       representation_type: spherical
# schema: astropy-2.0
RA_ICRS_1 DE_ICRS_1 e_RA_ICRS e_DE_ICRS _r_1 HIP TYC2 Source rgeo Plx e_Plx pmRA pmDE e_pmRA e_pmDE RUWE Teff logg Gmag BP-RP BPmag RPmag RV e_RV b_rgeo B_rgeo FG e_FG FBP e_FBP FRP e_FRP RAVE5 RAVE6 e_Gmag e_BPmag e_RPmag e_BP-RP SkyCoord.ra SkyCoord.dec SkyCoord.distance SkyCoord.pm_ra_cosdec SkyCoord.pm_dec Pmemb
[from data line 41]
297.80678548189 25.40373993759 0.0128 0.0202 7.1473 "" "" 2026718414724871808 2241.21021 0.4146 0.0265 -2.972 -6.117 0.018 0.026 1.026 "" "" 15.42448 1.989721 16.415209 14.425487 "" "" 2116.61768 2369.89893 12739.57833 3.4411 3709.7 6.2282 13457.0 8.6392 "" "" 0.002770883660706004 0.0033328345 0.0038431203 0.007175955 297.80678548189 25.40373993759 2241.21021 -2.972000000000001 -6.116999999999999 1.0
297.69659022097 25.24789235156 0.0123 0.0197 4.4264 "" "" 2026710202747082240 2672.73828 0.3465 0.0263 -3.022 -6.206 0.018 0.025 1.009 "" "" 15.428375 1.825455 16.306084 14.480629 "" "" 2492.68457 2854.31592 12693.94263 3.6065 4101.9 7.2095 12791.0 15.651 "" "" 0.002772533765197061 0.0033803284 0.0040060757 0.007386404 297.69659022097 25.24789235156 2672.73828 -3.021999999999999 -6.206000000000001 0.9
297.80541968907 25.35306467021 0.0124 0.02 4.3664 "" "" 2026717212134013568 2299.11914 0.3991 0.0259 -2.984 -6.295 0.017 0.026 1.029 "" "" 15.431901 2.258165 16.610332 14.352167 "" "" 2167.37817 2453.48242 12652.79434 3.7529 3099.4 7.6707 14398.0 11.305 "" "" 0.0027740758411949067 0.0038736912 0.003874336 0.0077480273 297.80541968907 25.35306467021 2299.11914 -2.984 -6.295 1.0
297.69217919732 25.25871397064 0.0125 0.0208 4.2862 "" "" 2026710443265260800 2486.80737 0.3707 0.0265 -2.852 -6.03 0.018 0.027 1.073 "" "" 15.444171 1.736978 16.259254 14.522277 "" "" 2324.59424 2660.1958 12510.61052 3.2551 4282.7 11.066 12310.0 11.477 "" "" 0.0027697639959572435 0.003956692 0.003912596 0.007869288 297.69217919732 25.25871397064 2486.80737 -2.852 -6.030000000000001 1.0
297.78506256659 25.0801987614 0.0134 0.0206 12.7445 "" "" 2026692060804685824 2356.24707 0.4023 0.028 -3.027 -6.199 0.019 0.026 1.07 "" "" 15.52335 2.009795 16.525066 14.515271 "" "" 2190.95312 2538.68433 11630.72274 3.6176 3352.7 5.5035 12389.0 9.2699 "" "" 0.0027759384749916106 0.00331081 0.0038657081 0.0071765184 297.78506256659 25.0801987614 2356.24707 -3.027 -6.199 0.9
297.81708622076 25.23605162926 0.0133 0.0218 4.4661 "" "" 2026697867600505472 2218.07227 0.4086 0.0276 -2.911 -6.069 0.019 0.028 1.018 7980.8 2.6572 15.611713 2.474723 16.943083 14.46836 "" "" 2090.33008 2367.8269 10721.64397 3.5459 2281.3 6.3078 12936.0 11.775 "" "" 0.002778619581731112 0.0040984666 0.0039064623 0.008004929 297.81708622076 25.23605162926 2218.07227 -2.911 -6.069 0.9
297.71737535937 25.22385345484 0.0141 0.0222 4.7403 "" "" 2026698382996647168 2632.8457 0.3464 0.0286 -3.108 -6.24 0.02 0.028 1.019 9359.4 3.5077 15.691925 1.909221 16.625574 14.716353 "" "" 2434.16187 2889.0437 9958.10958 3.1151 3056.2 5.5972 10295.0 8.3073 "" "" 0.002776174531156213 0.003426216 0.0038795997 0.007305816 297.71737535937 25.22385345484 2632.8457 -3.1079999999999997 -6.240000000000001 1.0
297.74650589037 25.24872822141 0.014 0.0213 2.7118 "" "" 2026698829673235200 2462.51416 0.3676 0.0278 -2.785 -6.13 0.02 0.027 1.002 "" "" 15.698507 1.979558 16.684963 14.705405 "" "" 2316.88428 2647.65479 9897.91304 3.2424 2893.6 6.3237 10399.0 7.5596 "" "" 0.0027781811594502965 0.0036626658 0.0038609183 0.007523584 297.74650589037 25.24872822141 2462.51416 -2.785 -6.13 0.9
297.73139402292 25.27915568125 0.0138 0.0221 1.8359 "" "" 2026710649423673728 2657.49634 0.3421 0.0294 -3.021 -6.146 0.02 0.029 0.945 "" "" 15.713268 1.902175 16.645073 14.742898 "" "" 2481.09106 2856.20508 9764.26612 2.7604 3001.8 6.0173 10046.0 7.4603 "" "" 0.002772364149505027 0.0035386276 0.0038644301 0.007403058 297.73139402292 25.27915568125 2657.49634 -3.021 -6.146 1.0
297.95998726625 25.35338809328 0.0146 0.022 11.3439 "" "" 2026706045218537984 2328.38501 0.3908 0.0314 -3.018 -6.294 0.021 0.029 1.066 "" "" 15.740104 1.960673 16.713268 14.752595 "" "" 2202.22632 2491.37598 9525.88607 2.5858 2819.1 5.2129 9956.8 8.7514 "" "" 0.0027710378883559327 0.0034374124 0.003898 0.0073354123 297.95998726625 25.35338809328 2328.38501 -3.018 -6.2940000000000005 1.0
297.76459334907 25.42173510768 0.0146 0.0231 7.8087 "" "" 2026718723962540416 2429.80737 0.3757 0.0305 -2.94 -6.119 0.02 0.029 0.952 "" "" 15.767971 1.812738 16.643469 14.83073 "" "" 2274.87866 2601.21289 9284.49405 2.5207 3006.3 5.7921 9265.4 6.2953 "" "" 0.0027710431860059723 0.003487239 0.0038507038 0.0073379427 297.76459334907 25.42173510768 2429.80737 -2.939999999999999 -6.119000000000001 1.0
297.7158195382 25.24235447469 0.0145 0.0227 3.8852 "" "" 2026710168387332608 2828.20264 0.33 0.0294 -3.007 -6.108 0.021 0.03 1.001 "" "" 15.786818 1.93189 16.738138 14.806248 "" "" 2565.63086 3202.27783 9124.72654 2.8171 2755.3 5.1981 9476.7 6.8173 "" "" 0.0027756350341389168 0.0034613155 0.0038592445 0.00732056 297.7158195382 25.24235447469 2828.20264 -3.0069999999999997 -6.107999999999999 0.9
297.79292198162 25.34916752586 0.0148 0.0237 3.8321 "" "" 2026717418292450176 2368.0293 0.3809 0.0311 -2.841 -6.058 0.02 0.03 0.951 "" "" 15.799791 2.201599 16.934984 14.733385 "" "" 2212.88013 2563.3335 9016.33982 6.7165 2298.4 8.7417 10135.0 26.3 "" "" 0.0028715735120589114 0.0049837325 0.0047139954 0.009697728 297.79292198162 25.34916752586 2368.0293 -2.841 -6.0580000000000025 0.8
297.74035704971 25.09647682604 0.0152 0.0238 11.7682 "" "" 2026695187540906112 2629.68164 0.3176 0.0314 -2.949 -6.182 0.021 0.03 1.004 15005.2 3.4652 15.827461 3.039 17.6065 14.567501 13.61 6.47 2463.73389 2885.57764 8789.46195 3.2864 1238.3 4.2328 11807.0 10.05 "" "" 0.0027850659450834535 0.004643146 0.0038907344 0.00853388 297.74035704971 25.09647682604 2629.68164 -2.949 -6.182 1.0
297.68159056239 25.24726514981 0.0148 0.0234 5.1243 "" "" 2026710408905523968 2588.28442 0.3544 0.0311 -2.866 -6.246 0.021 0.031 0.97 8875.2 3.0319 15.859687 1.82175 16.69703 14.875279 "" "" 2396.57568 2813.65332 8532.41257 3.0362 2861.6 8.1994 8893.0 34.038 "" "" 0.002782275515279056 0.004178906 0.005617227 0.009796133 297.68159056239 25.24726514981 2588.28442 -2.866 -6.2459999999999996 0.9
297.69993237689 25.26301230798 0.0146 0.0234 3.7942 "" "" 2026710443265256832 2544.68774 0.3576 0.0302 -2.94 -6.355 0.021 0.03 0.992 "" "" 15.867724 1.884747 16.79058 14.905834 "" "" 2363.62256 2734.97754 8469.48688 2.4581 2625.3 5.7037 8646.2 7.5467 "" "" 0.0027732806929958317 0.0036536646 0.003896383 0.0075500477 297.69993237689 25.26301230798 2544.68774 -2.9399999999999995 -6.355000000000001 1.0
297.74633742093 25.27685183569 0.0149 0.0242 1.2386 "" "" 2026710683783403904 2472.35205 0.3597 0.0309 -2.968 -6.3 0.022 0.032 0.976 "" "" 15.87444 1.922627 16.818695 14.896069 "" "" 2322.14868 2734.62476 8417.25916 2.4554 2558.2 5.1053 8724.3 8.6785 "" "" 0.0027734637409920506 0.0035326905 0.003930675 0.0074633653 297.74633742093 25.27685183569 2472.35205 -2.9680000000000004 -6.300000000000001 0.9
297.75131186567 25.33049092228 0.0156 0.0245 2.4081 "" "" 2026716971615864576 2587.69336 0.3534 0.0338 -2.946 -6.025 0.022 0.034 0.93 "" "" 15.900662 2.258852 17.078564 14.819712 "" "" 2404.81738 2819.91919 8216.40694 2.6865 2013.7 6.0545 9360.0 8.595 "" "" 0.002778095554326498 0.0042943656 0.0039086738 0.008203039 297.75131186567 25.33049092228 2587.69336 -2.946 -6.025 0.9
297.71919558968 25.2285030259 0.0153 0.0239 4.4506 "" "" 2026698382996648320 2554.3457 0.3649 0.0312 -3.097 -6.312 0.022 0.03 1.022 8795.0 2.9764 15.911467 1.882596 16.820608 14.938012 "" "" 2329.23779 2751.14575 8135.0455 2.5398 2553.7 5.7815 8393.7 12.141 "" "" 0.002776092833406131 0.0037184912 0.004092683 0.0078111743 297.71919558968 25.2285030259 2554.3457 -3.0970000000000004 -6.312000000000002 1.0
297.67699812973 25.38635876163 0.0175 0.0273 7.3295 "" "" 2026721060424779520 2431.66968 0.3893 0.0366 -2.942 -6.146 0.025 0.037 1.017 8567.5 3.1151 16.171307 2.400593 17.456987 15.056395 "" "" 2232.43506 2715.72998 6403.60228 2.5378 1421.1 5.5007 7526.6 7.4847 "" "" 0.002788715756758035 0.0050444882 0.0039305803 0.008975068 297.67699812973 25.38635876163 2431.66968 -2.942 -6.145999999999998 0.9
297.79195473822 25.34137959236 0.0184 0.0285 3.3918 "" "" 2026717040335325952 2354.98608 0.4011 0.0386 -2.874 -6.13 0.026 0.036 0.984 7996.4 2.6211 16.214045 2.385578 17.48558 15.100002 "" "" 2166.00903 2572.65991 6156.4276 2.3132 1384.2 6.5583 7230.3 6.4078 "" "" 0.00278535706309382 0.0058521545 0.0038999494 0.009752104 297.79195473822 25.34137959236 2354.98608 -2.8740000000000006 -6.130000000000001 1.0
297.85150580989 25.04470470588 0.0191 0.0294 15.5859 "" "" 2026692404402019584 2168.27588 0.4244 0.0378 -2.95 -6.17 0.026 0.038 0.959 "" "" 16.303041 2.020825 17.313778 15.292953 "" "" 1971.79529 2372.31812 5671.91838 2.1051 1621.5 5.8408 6053.1 7.1746 "" "" 0.0027846310298789466 0.004804206 0.003992472 0.008796678 297.85150580989 25.04470470588 2168.27588 -2.9499999999999993 -6.1700000000000035 0.9
297.65554564912 25.30011341847 0.0179 0.0286 5.8139 "" "" 2026711542776933120 2348.13037 0.4001 0.0373 -3.043 -6.212 0.025 0.037 0.977 "" "" 16.314053 1.830723 17.203072 15.372349 "" "" 2158.16138 2575.24854 5614.6931 1.9148 1795.5 4.9886 5626.2 6.0511 "" "" 0.002780088357688838 0.004109126 0.00395567 0.008064796 297.65554564912 25.30011341847 2348.13037 -3.043 -6.212 0.9
