Clusters/Czernik_41/Czernik_41_stars_in_region.tsv
# %ECSV 1.0
# ---
# datatype:
# - name: RA_ICRS_1
#   unit: deg
#   datatype: float64
#   format: '{:15.11f}'
#   description: Right ascension (ICRS) at Ep=2016.0 (ra)
#   meta: !!omap
#   - {ucd: POS_EQ_RA_MAIN}
#   - {width: 15}
#   - {precision: '11'}
# - name: DE_ICRS_1
#   unit: deg
#   datatype: float64
#   format: '{:15.11f}'
#   description: Declination (ICRS) at Ep=2016.0 (dec)
#   meta: !!omap
#   - {ucd: POS_EQ_DEC_MAIN}
#   - {width: 15}
#   - {precision: '11'}
# - name: e_RA_ICRS
#   unit: mas
#   datatype: float64
#   format: '{:7.4f}'
#   description: Standard error of right ascension (ra_error)
#   meta: !!omap
#   - {ucd: ERROR}
#   - {width: 7}
#   - {precision: '4'}
# - name: e_DE_ICRS
#   unit: mas
#   datatype: float64
#   format: '{:7.4f}'
#   description: Standard error of declination (dec_error)
#   meta: !!omap
#   - {ucd: ERROR}
#   - {width: 7}
#   - {precision: '4'}
# - name: _r_1
#   unit: ''
#   datatype: float64
#   format: '{:7.4f}'
#   description: Distance from center (297.76230652000+25.29160607000)[ICRS], at Epoch=J2016.0
#   meta: !!omap
#   - {ucd: POS_ANG_DIST_GENERAL}
#   - {width: 7}
#   - {precision: '4'}
# - name: HIP
#   datatype: int32
#   description: '? HIP cross-id number, van Leeuwen, Cat. I/311 (hip_original_ext_source_id)'
#   meta: !!omap
#   - {ucd: ID_NUMBER}
#   - {width: 6}
#   - values: {'null': -2147483648}
# - name: TYC2
#   datatype: string
#   description: Tycho-2 cross-id name, Hog et al., Cat. I/259 (tyc2_original_ext_source_id)
#   meta: !!omap
#   - {ucd: ID_CROSSID}
#   - {_votable_string_dtype: char}
# - name: Source
#   datatype: int64
#   description: Source identifier, identical to the Gaia-EDR3 source_id (id)
#   meta: !!omap
#   - {ucd: ID_MAIN}
#   - {width: 19}
# - name: rgeo
#   unit: pc
#   datatype: float64
#   format: '{:15.8f}'
#   description: '? Median of the geometric distance posterior (r_med_geo)'
#   meta: !!omap
#   - {ucd: PHYS_DISTANCE_TRUE}
#   - {width: 15}
#   - {precision: '8'}
#   - values: {'null': .nan}
# - name: Plx
#   unit: mas
#   datatype: float64
#   format: '{:9.4f}'
#   description: '? Parallax (parallax)'
#   meta: !!omap
#   - {ucd: POS_PARLX_TRIG}
#   - {width: 9}
#   - {precision: '4'}
#   - values: {'null': .nan}
# - name: e_Plx
#   unit: mas
#   datatype: float32
#   format: '{:7.4f}'
#   description: '? Standard error of parallax (parallax_error)'
#   meta: !!omap
#   - {ucd: ERROR}
#   - {width: 7}
#   - {precision: '4'}
#   - values: {'null': .nan}
# - name: pmRA
#   unit: mas / yr
#   datatype: float64
#   format: '{:9.3f}'
#   description: '? Proper motion in right ascension direction, pmRA*cosDE (pmra)'
#   meta: !!omap
#   - {ucd: POS_EQ_PMRA}
#   - {width: 9}
#   - {precision: '3'}
#   - values: {'null': .nan}
# - name: pmDE
#   unit: mas / yr
#   datatype: float64
#   format: '{:9.3f}'
#   description: '? Proper motion in declination direction (pmdec)'
#   meta: !!omap
#   - {ucd: POS_EQ_PMDEC}
#   - {width: 9}
#   - {precision: '3'}
#   - values: {'null': .nan}
# - name: e_pmRA
#   unit: mas / yr
#   datatype: float32
#   format: '{:6.3f}'
#   description: '? Standard error of proper motion in right ascension direction (pmra_error)'
#   meta: !!omap
#   - {ucd: ERROR}
#   - {width: 6}
#   - {precision: '3'}
#   - values: {'null': .nan}
# - name: e_pmDE
[...]
#         value: !astropy.table.SerializedColumn {name: SkyCoord.dec}
#       distance: !astropy.table.SerializedColumn
#         __class__: astropy.coordinates.distances.Distance
#         unit: !astropy.units.Unit {unit: pc}
#         value: !astropy.table.SerializedColumn {name: SkyCoord.distance}
#       frame: icrs
#       obstime: !astropy.time.Time {format: jyear_str, in_subfmt: '*', jd1: 367701545.0, jd2: 0.0, out_subfmt: '*', precision: 3, scale: tt}
#       pm_dec: !astropy.table.SerializedColumn
#         __class__: astropy.units.quantity.Quantity
#         unit: !astropy.units.Unit {unit: mas / yr}
#         value: !astropy.table.SerializedColumn {name: SkyCoord.pm_dec}
#       pm_ra_cosdec: !astropy.table.SerializedColumn
#         __class__: astropy.units.quantity.Quantity
#         unit: !astropy.units.Unit {unit: mas / yr}
#         value: !astropy.table.SerializedColumn {name: SkyCoord.pm_ra_cosdec}
#       ra: !astropy.table.SerializedColumn
#         __class__: astropy.coordinates.angles.Longitude
#         unit: *id001
#         value: !astropy.table.SerializedColumn {name: SkyCoord.ra}
#         wrap_angle: !astropy.coordinates.Angle
#           unit: *id001
#           value: 360.0
#       representation_type: spherical
# schema: astropy-2.0
RA_ICRS_1 DE_ICRS_1 e_RA_ICRS e_DE_ICRS _r_1 HIP TYC2 Source rgeo Plx e_Plx pmRA pmDE e_pmRA e_pmDE RUWE Teff logg Gmag BP-RP BPmag RPmag RV e_RV b_rgeo B_rgeo FG e_FG FBP e_FBP FRP e_FRP RAVE5 RAVE6 e_Gmag e_BPmag e_RPmag e_BP-RP SkyCoord.ra SkyCoord.dec SkyCoord.distance SkyCoord.pm_ra_cosdec SkyCoord.pm_dec rmRA rmDE e_rmRA e_rmDE rRV e_rRV v_pec v_pec3d e_vpec e_vpec3d
297.70998583891 25.34002729613 0.0192 0.029 4.0612 "" "" 2026711886374297600 2380.6272 0.3861 0.0399 -3.03 -6.261 0.026 0.038 1.068 5327.0 0.7364 11.210958 3.969268 13.791958 9.82269 2.27 0.16 2192.71362 2597.37476 617395.87344 284.51 41556.0 89.025 933430.0 654.56 "" "" 0.0028003787842780757 0.0036325124 0.0038553083 0.0074878205 297.70998583891 25.34002729613 2380.6272 -3.0300000000000002 -6.261000000000001 -0.08706238746643047 -0.08614047622680676 0.11402821 0.12602821 -8.332999999999998 6.2379994 1.3820251788803402 8.446826776669402 0.1660009482193797 6.153998058948035
297.70555995909 25.26944694719 0.007 0.0112 3.3535 "" 2144-1284-1 2026710821222377600 2529.96851 0.3688 0.0149 -2.958 -6.077 0.01 0.014 1.322 "" "" 11.819035 1.629647 12.574928 10.945281 "" "" 2437.59839 2627.93628 352641.09647 243.09 127480.0 216.4 331930.0 524.77 "" "" 0.002855162988659956 0.0033439375 0.0041509205 0.007494858 297.70555995909 25.26944694719 2529.96851 -2.958 -6.077000000000001 -0.015062387466430849 0.0978595237731934 0.098028205 0.102028206 "" "" 1.1873560655783344 "" 0.12103600170086035 ""
297.7863410719 25.31369224879 0.0083 0.0133 1.859 "" "" 2026716726778925568 2995.00806 0.3249 0.018 -3.025 -6.294 0.012 0.017 0.995 6873.7 1.9466 12.079722 2.966379 13.788152 10.821773 1.84 1.04 2845.25293 3165.38794 277369.02592 725.9 41702.0 447.81 371920.0 2621.5 "" "" 0.003957997527472944 0.011988213 0.008535234 0.020523448 297.7863410719 25.31369224879 2995.00806 -3.025 -6.294 -0.08206238746643058 -0.11914047622680624 0.10002821 0.10502821 -8.762999999999998 7.1179996 2.0537489022219084 9.000447408511294 0.21245155958492157 6.930383936119329
297.81118110223 25.4812033773 0.0295 0.0435 11.6803 "" "" 2026720403272346112 2977.18774 0.3434 0.0611 -2.702 -5.066 0.043 0.06 0.997 3480.7 0.0839 12.566232 5.987761 16.891964 10.904203 "" "" 2511.37915 3927.25391 177196.08259 1219.2 2391.3 99.576 344730.0 6912.5 "" "" 0.00796234842550934 0.045297097 0.022096708 0.06739381 297.81118110223 25.4812033773 2977.18774 -2.702 -5.066000000000001 0.24093761253356938 1.1088595237731935 0.1310282 0.14802821 "" "" 16.013213129384976 "" 2.3588106894594256 ""
297.85153488063 25.2267063979 0.0091 0.014 6.2134 "" "" 2026703468238178176 2108.51465 0.4597 0.019 -2.145 -8.04 0.013 0.018 1.041 4465.7 1.7097 12.63511 3.082471 14.451476 11.369005 39.31 0.24 2018.59729 2192.98975 166303.96395 34.776 22637.0 28.35 224680.0 69.482 "" "" 0.002764658444906055 0.0031038627 0.003794267 0.00689813 297.85153488063 25.2267063979 2108.51465 -2.1449999999999982 -8.04 0.7979376125335693 -1.8651404762268058 0.101028204 0.10602821 28.707000000000004 6.3179994 20.275137600884207 35.1450288623411 2.1343674399133747 5.3055000994421775
297.89686900107 25.41197723386 0.0049 0.0075 10.2662 "" "" 2026718964480649984 2631.94336 0.3697 0.0113 -2.949 -6.149 0.007 0.01 0.934 "" "" 12.685686 1.811898 13.560752 11.748854 "" "" 2555.81348 2704.71118 158734.80492 89.297 51418.0 98.001 158350.0 272.22 "" "" 0.0028222063736054867 0.003473812 0.004215154 0.0076889656 297.89686900107 25.41197723386 2631.94336 -2.949 -6.148999999999999 -0.006062387466430508 0.025859523773193338 0.09502821 0.098028205 "" "" 0.3313548942921745 "" 0.03243109047752351 ""
297.74254607086 25.22820644899 0.0051 0.0084 3.9522 "" "" 2026698344318904448 2500.38794 0.3886 0.011 -2.972 -6.269 0.007 0.01 0.968 "" "" 12.79545 1.862026 13.701653 11.839626 "" "" 2431.60693 2573.54688 143471.88934 59.605 45160.0 64.494 145650.0 149.06 "" "" 0.0027919974938208935 0.0031920678 0.0039393394 0.007131407 297.74254607086 25.22820644899 2500.38794 -2.972 -6.269 -0.02906238746643064 -0.09414047622680677 0.09502821 0.098028205 "" "" 1.1676949633741038 "" 0.11416650364143219 ""
297.76180591667 25.27195796528 0.0052 0.0086 1.1792 "" "" 2026710683783399424 2562.90161 0.3796 0.0117 -3.197 -6.251 0.008 0.011 0.932 "" "" 12.830041 1.84942 13.731849 11.882429 "" "" 2487.35547 2650.89648 138973.0102 25.036 43922.0 29.441 140020.0 51.063 "" "" 0.0027622539686275663 0.0028835218 0.0038000664 0.006683588 297.76180591667 25.27195796528 2562.90161 -3.197000000000002 -6.251 -0.25406238746643073 -0.07614047622680697 0.09602821 0.09902821 "" "" 3.222011640311354 "" 0.31021200453606 ""
297.83451285094 25.4826136202 0.0232 0.034 12.1104 "" "" 2026720712509992960 2386.18164 0.4019 0.0482 -3.297 -2.859 0.034 0.047 0.975 3585.2 0.1149 12.973334 4.841995 16.31592 11.473925 -26.39 0.3 2121.5166 2623.74536 121790.38272 100.3 4064.9 23.418 203980.0 354.24 "" "" 0.002896774151547819 0.0068490524 0.00422362 0.011072673 297.83451285094 25.4826136202 2386.18164 -3.2969999999999997 -2.859 -0.3540623874664308 3.3158595237731934 0.12202821 0.13502821 -36.992999999999995 6.378 37.71723013894312 52.830592447501466 5.087626079340878 5.756561788701378
297.65535535758 25.44601379354 0.0056 0.0088 10.9293 "" "" 2026722297375381888 2501.49023 0.3621 0.0118 -1.881 -5.928 0.008 0.012 1.013 "" "" 13.085317 2.08468 14.145171 12.060492 "" "" 2431.07349 2582.09814 109855.10564 22.812 30016.0 16.256 118840.0 37.239 "" "" 0.0027645290966232965 0.0028514566 0.0037946643 0.006646121 297.65535535758 25.44601379354 2501.49023 -1.8809999999999998 -5.927999999999998 1.0619376125335693 0.24685952377319342 0.09602821 0.10002821 "" "" 12.927196613320621 "" 1.2440788046597002 ""
297.44413558423 25.32511267308 0.0056 0.0086 17.3747 "" "" 2026901552127358976 2446.57349 0.3715 0.0118 -2.835 -6.162 0.008 0.012 1.061 "" "" 13.116447 1.80107 13.983715 12.182645 "" "" 2343.09717 2521.30664 106749.99571 25.947 34828.0 32.596 106190.0 51.944 "" "" 0.0027679295443766936 0.0029694478 0.003816516 0.0067859637 297.44413558423 25.32511267308 2446.57349 -2.835 -6.161999999999996 0.10793761253356937 0.012859523773193438 0.09602821 0.10002821 "" "" 1.2605785964970226 "" 0.12112312178149284 ""
297.58275105669 25.15300705728 0.0082 0.0142 12.8118 "" "" 2026708106803082368 2717.2937 0.3154 0.0187 -2.449 -5.821 0.012 0.019 1.166 4291.8 1.4327 13.176377 3.206487 15.090426 11.88394 3.85 0.58 2577.48901 2876.56421 101017.27643 26.914 12567.0 11.603 139820.0 51.074 "" "" 0.0027704634778112605 0.0029647858 0.0038001342 0.00676492 297.58275105669 25.15300705728 2717.2937 -2.449 -5.821 0.4939376125335695 0.35385952377319363 0.10002821 0.10702821 -6.752999999999998 6.6579995 7.826010634354115 10.336800832415399 0.8018215320442271 4.391808489951052
297.61424825176 25.13461599726 0.0057 0.0092 12.3823 "" "" 2026707831925143808 2255.37866 0.4096 0.0125 -2.916 -6.125 0.008 0.011 1.015 "" "" 13.276802 1.875378 14.191965 12.316587 "" "" 2202.02319 2308.51831 92092.85233 19.698 28750.0 19.327 93869.0 22.743 "" "" 0.0027650896410529474 0.0028840548 0.0037885255 0.0066725803 297.61424825176 25.13461599726 2255.37866 -2.916 -6.125 0.02693761253356941 0.04985952377319336 0.09602821 0.09902821 "" "" 0.6058414899617016 "" 0.059589590704374175 ""
297.88588679983 25.03090579406 0.0103 0.0154 17.021 "" "" 2026645400279433216 2557.97461 0.3409 0.0215 -2.668 -5.745 0.014 0.02 0.939 "" "" 13.315616 3.700874 15.638595 11.93772 10.45 0.29 2419.16748 2710.22095 88858.79976 33.848 7585.4 18.571 133070.0 90.691 "" "" 0.0027861865901488733 0.0038536817 0.0038511385 0.0077048205 297.88588679983 25.03090579406 2557.97461 -2.668 -5.744999999999999 0.2749376125335692 0.42985952377319325 0.102028206 0.1080282 -0.1529999999999987 6.3679996 6.186855318885183 6.1887468632040425 0.6577936881028432 0.6761751007882448
297.73855728055 25.40724684149 0.006 0.0093 7.0569 "" "" 2026718586523595392 2374.38379 0.3873 0.0128 -2.851 -6.146 0.009 0.012 1.011 "" "" 13.403695 1.843556 14.300822 12.457266 84.24 8.12 2308.71533 2435.48584 81934.8909 16.735 26007.0 17.273 82462.0 23.487 "" "" 0.0027642298095067355 0.0028818483 0.0037920123 0.0066738604 297.73855728055 25.40724684149 2374.38379 -2.851 -6.146000000000005 0.09193761253356936 0.028859523773193452 0.09702821 0.10002821 73.637 14.198 1.084499839331649 73.64498563311362 0.10552300335011275 14.196460490886745
297.88807620861 25.12358245719 0.6469 0.2591 12.1758 "" "" 2026693332115123712 3092.16553 0.368 0.3998 -1.281 -4.284 0.754 0.314 15.673 "" "" 13.424029 1.074191 13.24307 12.168879 "" "" 2109.00635 4947.62646 80414.62867 146.39 68895.0 118.56 107550.0 67.018 "" "" 0.0033909306527944738 0.0033579823 0.0038394607 0.007197443 297.88807620861 25.12358245719 3092.16553 -1.280999999999999 -4.284 1.6619376125335694 1.8908595237731936 0.8420282 0.4020282 "" "" 36.89743436208438 "" 23.341661342028992 ""
297.68920689655 25.24992027987 0.0059 0.0093 4.689 "" "" 2026710404588137984 2227.0188 0.4105 0.0127 -1.326 -5.058 0.008 0.012 0.973 "" "" 13.42466 1.785074 14.278955 12.493881 93.75 3.18 2167.69336 2288.11182 80367.94998 15.528 26536.0 17.783 79727.0 21.341 "" "" 0.0027632943382081727 0.0028834795 0.0037905395 0.0066740187 297.68920689655 25.24992027987 2227.0188 -1.3260000000000014 -5.058 1.6169376125335693 1.1168595237731935 0.09602821 0.10002821 83.147 9.257999 20.744387909139093 85.6957014016738 2.0192208818652126 8.995943582388211
297.48863369457 25.19170920772 0.0216 0.0318 16.0163 "" "" 2020707350293791488 2347.57178 0.3594 0.0447 -0.792 -8.969 0.03 0.042 1.075 "" "" 13.465607 5.162396 17.089891 11.927495 -36.45 0.35 2132.07886 2590.31201 77393.40595 69.163 1992.8 12.652 134330.0 311.39 "" "" 0.0029211675976836284 0.0074364655 0.0045407293 0.011977195 297.48863369457 25.19170920772 2347.57178 -0.792 -8.969 2.1509376125335695 -2.794140476226806 0.11802821 0.1300282 -47.053 6.4279995 39.237230927804184 61.266182351129345 4.93200110498422 5.860773643761264
297.73949866567 25.48297928868 0.0083 0.0126 11.5488 "" "" 2026723534325941760 2199.75732 0.3985 0.0171 -2.531 -5.543 0.012 0.018 0.995 "" "" 13.478678 3.298587 15.470818 12.172231 -0.87 0.39 2112.79028 2285.28003 76467.29372 25.564 8853.0 16.52 107220.0 64.206 "" "" 0.0027791258800535967 0.0034481601 0.0038348981 0.007283058 297.73949866567 25.48297928868 2199.75732 -2.5310000000000006 -5.542999999999998 0.4119376125335692 0.6318595237731932 0.10002821 0.10602821 -11.472999999999997 6.4679995 7.864769276396952 13.909864297359531 0.8200970444267951 5.354986241935097
297.61274568471 25.53302626501 0.0175 0.0261 16.5987 "" "" 2026911001055391232 2493.84204 0.3476 0.0346 -0.869 -4.656 0.024 0.035 0.955 3734.1 0.4715 13.509694 4.587186 16.613617 12.026431 4.91 0.4 2321.01343 2739.46069 74313.74349 76.646 3090.1 27.641 122630.0 350.14 "" "" 0.0029741832178860846 0.010104782 0.0048881555 0.014992937 297.61274568471 25.53302626501 2493.84204 -0.8690000000000007 -4.656 2.0739376125335696 1.5188595237731937 0.11202821 0.123028204 -5.692999999999998 6.4779997 30.38696168021919 30.915654435174254 3.5244907788364475 3.6638523741826563
297.76311915713 25.2695187696 0.006 0.0098 1.326 "" "" 2026698932752447872 2554.76514 0.356 0.0131 -2.701 -5.995 0.009 0.013 1.03 "" "" 13.571547 1.953155 14.535473 12.582318 123.22 5.04 2467.28418 2636.08179 70198.49513 39.885 20952.0 43.02 73490.0 100.24 "" "" 0.0028235332075064626 0.0035713923 0.0040591755 0.007630568 297.76311915713 25.2695187696 2554.76514 -2.701000000000002 -5.995000000000001 0.24193761253356927 0.17985952377319325 0.09702821 0.101028204 112.617 11.118 3.6506589604179482 112.67615541828395 0.35948263323203095 11.112169141286977
297.5508740903 25.11672243051 0.0064 0.0107 15.5516 "" "" 2020703124045901952 2471.79932 0.3691 0.0144 -2.854 -6.223 0.009 0.014 0.982 "" "" 13.626387 1.826232 14.509852 12.68362 "" "" 2380.68872 2552.13623 66740.92607 20.663 21452.0 20.317 66944.0 55.893 "" "" 0.0027757489511936904 0.0029736224 0.0038865765 0.006860199 297.5508740903 25.11672243051 2471.79932 -2.854 -6.223000000000001 0.08893761253356924 -0.048140476226806506 0.09702821 0.102028206 "" "" 1.1848797133996762 "" 0.1163356514808723 ""
297.97434286886 25.08899281806 0.0065 0.0093 16.7428 "" "" 2026645915675465728 2184.07983 0.4057 0.0131 1.795 -0.151 0.009 0.012 0.947 "" "" 13.631375 3.09705 15.459709 12.362659 -9.88 0.54 2119.91724 2240.94312 66434.97837 19.252 8944.0 10.387 89969.0 40.333 "" "" 0.0027732260857210823 0.003061851 0.0038105955 0.0068724463 297.97434286886 25.08899281806 2184.07983 1.795 -0.15100000000000025 4.737937612533569 6.023859523773194 0.09702821 0.10002821 -20.482999999999997 6.6179996 79.34053071547174 81.94188857484745 7.846173708540839 7.775115888901329
297.77899970764 25.3197536939 0.0061 0.01 1.9163 "" "" 2026716799817156352 2255.4668 0.4035 0.0138 -2.945 -6.139 0.009 0.013 1.032 "" "" 13.664418 2.34709 14.906847 12.559757 "" "" 2192.38184 2315.44482 64443.54872 91.953 14883.0 53.292 75034.0 343.05 "" "" 0.0031609881893335397 0.0047853393 0.006238918 0.011024257 297.77899970764 25.3197536939 2255.4668 -2.9449999999999994 -6.139000000000005 -0.002062387466430504 0.035859523773193125 0.09702821 0.101028204 "" "" 0.3840045582660139 "" 0.03879032677563507 ""
297.69606856464 25.26243898965 0.0063 0.0106 3.9972 "" "" 2026710443265259136 2582.24927 0.359 0.0136 -2.851 -6.118 0.009 0.013 1.048 "" "" 13.72092 1.717784 14.534796 12.817012 "" "" 2496.80615 2676.61426 61175.70899 11.769 20965.0 15.193 59204.0 19.493 "" "" 0.002763225985010972 0.0028989871 0.0037962508 0.006695238 297.69606856464 25.26243898965 2582.24927 -2.851 -6.118 0.09193761253356936 0.05685952377319303 0.09702821 0.101028204 "" "" 1.3231245057388838 "" 0.12986624638206556 ""
297.73896237847 25.31946068225 0.0064 0.0107 2.0968 "" "" 2026716937256128512 2385.36157 0.3784 0.0142 -3.009 -6.218 0.009 0.014 1.051 "" "" 13.725139 2.410238 15.012587 12.602348 "" "" 2317.66113 2460.32715 60938.44008 47.469 13502.0 32.327 72147.0 164.38 "" "" 0.002882201578241787 0.0038134635 0.004516984 0.008330448 297.73896237847 25.31946068225 2385.36157 -3.0090000000000003 -6.217999999999998 -0.06606238746643056 -0.04314047622680661 0.09702821 0.102028206 "" "" 0.8921011271981765 "" 0.08791618649733912 ""
297.84096781594 25.31778570543 0.0063 0.0102 4.5468 "" "" 2026705323664089472 2318.90942 0.3945 0.0141 -2.929 -6.126 0.009 0.013 1.013 "" "" 13.729617 2.206766 14.87422 12.667454 "" "" 2248.68701 2391.62109 60687.59707 15.023 15337.0 11.525 67948.0 30.123 "" "" 0.00276839787505064 0.0029070093 0.0038099093 0.0067169187 297.84096781594 25.31778570543 2318.90942 -2.929 -6.1259999999999994 0.01393761253356951 0.048859523773193025 0.09702821 0.101028204 "" "" 0.5584689618935585 "" 0.05625610512576627 ""
297.9505003033 25.11075404326 0.0066 0.0097 14.9041 "" "" 2026646190553407360 2767.70728 0.318 0.0136 -3.034 -5.365 0.009 0.013 1.032 "" "" 13.777647 2.818617 15.385283 12.566667 23.74 0.81 2651.04614 2888.08301 58061.44463 14.451 9578.6 9.7864 74558.0 25.768 "" "" 0.002768540036447321 0.0030025945 0.0037979644 0.006800559 297.9505003033 25.11075404326 2767.70728 -3.0340000000000007 -5.364999999999998 -0.09106238746643047 0.8098595237731931 0.09702821 0.101028204 13.137 6.8879995 10.691445520795972 16.93776184518333 1.0796140354425323 5.385650786284626
298.07635996395 25.19206112208 0.0071 0.0114 18.0602 "" "" 2026654024573671040 2602.46191 0.3309 0.0153 -0.817 -2.835 0.01 0.015 0.951 4648.3 1.6315 13.889206 3.196445 15.798816 12.60237 -3.21 0.61 2503.97632 2683.80078 52391.94414 16.32 6544.7 9.9881 72146.0 31.853 "" "" 0.00277599927506136 0.0032450936 0.0038096607 0.0070547545 298.07635996395 25.19206112208 2602.46191 -0.8169999999999997 -2.835 2.125937612533569 3.3398595237731934 0.098028205 0.10302821 -13.812999999999999 6.6879997 48.837836670308036 50.753652672844 4.962496820791251 5.110322708014733
297.67329061039 25.41669727046 0.0072 0.0111 8.9234 "" "" 2026721369662432896 2358.20508 0.3856 0.0149 -2.855 -6.328 0.01 0.015 0.993 "" "" 13.994286 2.139802 15.08985 12.950048 "" "" 2278.69238 2444.27173 47558.97568 14.366 12574.0 10.891 52377.0 30.836 "" "" 0.002774770356876572 0.0029443887 0.0038330553 0.006777444 297.67329061039 25.41669727046 2358.20508 -2.8550000000000004 -6.328 0.08793761253356935 -0.15314047622680693 0.098028205 0.10302821 "" "" 1.973935644745615 "" 0.20096884350003985 ""
