Clusters/Hogg_18/Hogg_18_members.tsv
# %ECSV 1.0
# ---
# datatype:
# - name: RA_ICRS_1
#   unit: deg
#   datatype: float64
#   format: '{:15.11f}'
#   description: Right ascension (ICRS) at Ep=2016.0 (ra)
#   meta: !!omap
#   - {ucd: POS_EQ_RA_MAIN}
#   - {width: 15}
#   - {precision: '11'}
# - name: DE_ICRS_1
#   unit: deg
#   datatype: float64
#   format: '{:15.11f}'
#   description: Declination (ICRS) at Ep=2016.0 (dec)
#   meta: !!omap
#   - {ucd: POS_EQ_DEC_MAIN}
#   - {width: 15}
#   - {precision: '11'}
# - name: e_RA_ICRS
#   unit: mas
#   datatype: float64
#   format: '{:7.4f}'
#   description: Standard error of right ascension (ra_error)
#   meta: !!omap
#   - {ucd: ERROR}
#   - {width: 7}
#   - {precision: '4'}
# - name: e_DE_ICRS
#   unit: mas
#   datatype: float64
#   format: '{:7.4f}'
#   description: Standard error of declination (dec_error)
#   meta: !!omap
#   - {ucd: ERROR}
#   - {width: 7}
#   - {precision: '4'}
# - name: _r_1
#   unit: ''
#   datatype: float64
#   format: '{:7.4f}'
#   description: Distance from center (222.69441383000-52.28539811000)[ICRS], at Epoch=J2016.0
#   meta: !!omap
#   - {ucd: POS_ANG_DIST_GENERAL}
#   - {width: 7}
#   - {precision: '4'}
# - name: HIP
#   datatype: int32
#   description: '? HIP cross-id number, van Leeuwen, Cat. I/311 (hip_original_ext_source_id)'
#   meta: !!omap
#   - {ucd: ID_NUMBER}
#   - {width: 6}
#   - values: {'null': -2147483648}
# - name: TYC2
#   datatype: string
#   description: Tycho-2 cross-id name, Hog et al., Cat. I/259 (tyc2_original_ext_source_id)
#   meta: !!omap
#   - {ucd: ID_CROSSID}
#   - {_votable_string_dtype: char}
# - name: Source
#   datatype: int64
#   description: Source identifier, identical to the Gaia-EDR3 source_id (id)
#   meta: !!omap
#   - {ucd: ID_MAIN}
#   - {width: 19}
# - name: rgeo
#   unit: pc
#   datatype: float64
#   format: '{:15.8f}'
#   description: '? Median of the geometric distance posterior (r_med_geo)'
#   meta: !!omap
#   - {ucd: PHYS_DISTANCE_TRUE}
#   - {width: 15}
#   - {precision: '8'}
#   - values: {'null': .nan}
# - name: Plx
#   unit: mas
#   datatype: float64
#   format: '{:9.4f}'
#   description: '? Parallax (parallax)'
#   meta: !!omap
#   - {ucd: POS_PARLX_TRIG}
#   - {width: 9}
#   - {precision: '4'}
#   - values: {'null': .nan}
# - name: e_Plx
#   unit: mas
#   datatype: float32
#   format: '{:7.4f}'
#   description: '? Standard error of parallax (parallax_error)'
#   meta: !!omap
#   - {ucd: ERROR}
#   - {width: 7}
#   - {precision: '4'}
#   - values: {'null': .nan}
# - name: pmRA
#   unit: mas / yr
#   datatype: float64
#   format: '{:9.3f}'
#   description: '? Proper motion in right ascension direction, pmRA*cosDE (pmra)'
#   meta: !!omap
#   - {ucd: POS_EQ_PMRA}
#   - {width: 9}
#   - {precision: '3'}
#   - values: {'null': .nan}
# - name: pmDE
#   unit: mas / yr
#   datatype: float64
#   format: '{:9.3f}'
#   description: '? Proper motion in declination direction (pmdec)'
#   meta: !!omap
#   - {ucd: POS_EQ_PMDEC}
#   - {width: 9}
#   - {precision: '3'}
#   - values: {'null': .nan}
# - name: e_pmRA
#   unit: mas / yr
#   datatype: float32
#   format: '{:6.3f}'
#   description: '? Standard error of proper motion in right ascension direction (pmra_error)'
#   meta: !!omap
#   - {ucd: ERROR}
#   - {width: 6}
#   - {precision: '3'}
#   - values: {'null': .nan}
# - name: e_pmDE
[...]
#       distance: !astropy.table.SerializedColumn
#         __class__: astropy.coordinates.distances.Distance
#         unit: !astropy.units.Unit {unit: pc}
#         value: !astropy.table.SerializedColumn {name: SkyCoord.distance}
#       frame: icrs
#       obstime: !astropy.time.Time {format: jyear_str, in_subfmt: '*', jd1: 367701545.0, jd2: 0.0, out_subfmt: '*', precision: 3, scale: tt}
#       pm_dec: !astropy.table.SerializedColumn
#         __class__: astropy.units.quantity.Quantity
#         unit: !astropy.units.Unit {unit: mas / yr}
#         value: !astropy.table.SerializedColumn {name: SkyCoord.pm_dec}
#       pm_ra_cosdec: !astropy.table.SerializedColumn
#         __class__: astropy.units.quantity.Quantity
#         unit: !astropy.units.Unit {unit: mas / yr}
#         value: !astropy.table.SerializedColumn {name: SkyCoord.pm_ra_cosdec}
#       ra: !astropy.table.SerializedColumn
#         __class__: astropy.coordinates.angles.Longitude
#         unit: *id001
#         value: !astropy.table.SerializedColumn {name: SkyCoord.ra}
#         wrap_angle: !astropy.coordinates.Angle
#           unit: *id001
#           value: 360.0
#       representation_type: spherical
# schema: astropy-2.0
RA_ICRS_1 DE_ICRS_1 e_RA_ICRS e_DE_ICRS _r_1 HIP TYC2 Source rgeo Plx e_Plx pmRA pmDE e_pmRA e_pmDE RUWE Teff logg Gmag BP-RP BPmag RPmag RV e_RV b_rgeo B_rgeo FG e_FG FBP e_FBP FRP e_FRP RAVE5 RAVE6 e_Gmag e_BPmag e_RPmag e_BP-RP SkyCoord.ra SkyCoord.dec SkyCoord.distance SkyCoord.pm_ra_cosdec SkyCoord.pm_dec rmRA rmDE e_rmRA e_rmDE rRV e_rRV v_pec v_pec3d e_vpec e_vpec3d Pmemb
222.74030992405 -52.27057552854 0.0119 0.0167 1.9052 "" 8292-158-1 5900913777696581504 1629.15088 0.5852 0.0208 -1.838 -2.038 0.016 0.022 1.097 12270.5 3.549 11.051377 0.476447 11.215631 10.739183 "" "" 1579.67188 1698.77112 715147.54415 349.58 445830.0 568.9 401310.0 412.44 "" "" 0.0028059696693228963 0.0031152081 0.003940665 0.007055873 222.74030992405 -52.27057552854 1629.15088 -1.838000000000001 -2.038000000000002 -0.01741176891326912 0.22805892181396503 0.10387228 0.109872274 "" "" 1.766236215178474 "" 0.19400064324145772 "" 1.0
222.79446360658 -52.2693294421 0.0188 0.0258 3.7973 "" 8292-21-1 5900913640257624320 1547.73035 0.6149 0.0325 -1.883 -2.062 0.025 0.034 1.677 12601.9 3.4881 11.243482 0.538132 11.42693 10.888799 1.58 15.56 1479.11096 1629.16492 599175.77153 236.37 366980.0 238.16 349650.0 154.61 "" "" 0.0027884121612339677 0.0028777644 0.003809753 0.0066875173 222.79446360658 -52.2693294421 1547.73035 -1.883 -2.062 -0.06241176891326905 0.204058921813965 0.11287227 0.121872276 -2.4700000000000006 19.585295 1.5654803128702492 2.9243167766136993 0.18962435369164804 16.5428688001357 1.0
222.65918377317 -52.27258335163 0.0099 0.0139 1.5046 "" "" 5900916492115920000 1696.76001 0.5525 0.0166 -1.86 -2.181 0.013 0.019 1.084 "" "" 12.055926 0.568252 12.262212 11.69396 "" "" 1652.90881 1759.65076 283515.13281 80.112 170030.0 88.308 166560.0 51.852 "" "" 0.0027723476372694925 0.0028465816 0.003794466 0.0066410475 222.65918377317 -52.27258335163 1696.76001 -1.8600000000000005 -2.181 -0.03941176891326914 0.0850589218139648 0.10087228 0.106872275 "" "" 0.7539653526743918 "" 0.07979709692683726 "" 1.0
222.74236403443 -52.26081525295 0.0094 0.0134 2.2967 "" 8292-61-1 5900913812056325120 1802.93945 0.521 0.0159 -1.877 -2.194 0.013 0.018 1.025 11666.0 3.6482 12.12944 0.535747 12.323832 11.788086 23.84 23.69 1747.90674 1858.56396 264953.9965 58.4 160650.0 87.056 152730.0 56.548 "" "" 0.0027656934431448876 0.0028515286 0.0038007004 0.006652229 222.74236403443 -52.26081525295 1802.93945 -1.8770000000000002 -2.194 -0.056411768913269045 0.0720589218139649 0.10087228 0.10587227 19.79 27.715294 0.7820708164844515 19.805447098260533 0.081335890205414 27.6936777512394 1.0
222.71920656406 -52.27058714084 0.0085 0.012 1.272 "" "" 5900916354676962432 1753.22888 0.5443 0.0145 -1.708 -2.239 0.011 0.016 1.013 "" "" 12.308426 0.6144 12.535281 11.920881 "" "" 1706.64636 1809.33374 224686.21783 43.953 132220.0 79.978 135150.0 49.033 "" "" 0.0027634940556811156 0.0028664202 0.0037998543 0.0066662747 222.71920656406 -52.27058714084 1753.22888 -1.708 -2.239 0.112588231086731 0.027058921813964965 0.098872274 0.10387228 "" "" 0.9622850447447518 "" 0.09541231093369659 "" 1.0
222.6993520896 -52.26399478981 0.0084 0.0123 1.2969 "" "" 5900916419071105024 1731.85071 0.5504 0.0144 -2.071 -2.267 0.011 0.015 0.976 "" "" 12.347321 0.685711 12.606144 11.920433 -13.27 29.18 1689.42615 1775.56519 216779.59052 48.124 123870.0 81.587 135200.0 49.884 "" "" 0.0027658423551621646 0.002880355 0.0038005533 0.0066809086 222.6993520896 -52.26399478981 1731.85071 -2.0710000000000006 -2.2669999999999995 -0.2504117689132692 -0.0009410781860350603 0.098872274 0.102872275 -17.32 33.205296 2.0556378072133397 17.441560904759783 0.20324570332777284 32.97387625137665 1.0
222.83726581169 -52.21998828925 0.0101 0.0137 6.5524 "" "" 5900915495683624960 1621.28076 0.5769 0.0175 -1.724 -2.288 0.014 0.019 0.907 "" "" 13.848084 0.619353 14.081489 13.462135 "" "" 1575.66089 1657.271 54414.29231 13.149 31829.0 18.976 32682.0 13.531 "" "" 0.0027677832671411566 0.0028642707 0.0038060206 0.0066702915 222.83726581169 -52.21998828925 1621.28076 -1.724 -2.288 0.09658823108673098 -0.021941078186034968 0.10187227 0.106872275 "" "" 0.7611784924972865 "" 0.07773408586246376 "" 1.0
222.72872987919 -52.26764473957 0.0108 0.0146 1.6498 "" "" 5900916732634084864 1645.83728 0.5749 0.0177 -1.894 -2.545 0.014 0.02 0.961 "" "" 14.026125 0.721837 14.304102 13.582265 "" "" 1594.38745 1700.78772 46184.56466 9.2221 25928.0 17.115 29259.0 18.956 "" "" 0.0027638363219066194 0.0028807456 0.003844284 0.0067250296 222.72872987919 -52.26764473957 1645.83728 -1.8939999999999972 -2.5449999999999955 -0.07341176891326895 -0.2789410781860351 0.10187227 0.10787228 "" "" 2.250194961527539 "" 0.2418819158626108 "" 1.0
222.44917872786 -52.25669129296 0.0133 0.0192 9.1672 "" "" 5894924256826472448 1726.60547 0.5412 0.0208 -1.784 -2.24 0.02 0.028 0.992 9270.4 4.1719 14.47685 0.850281 14.814911 13.96463 "" "" 1662.70557 1777.38318 30493.48117 6.8657 16198.0 14.139 20573.0 14.504 "" "" 0.0027661432586095856 0.0029467316 0.0038561164 0.006802848 222.44917872786 -52.25669129296 1726.60547 -1.784 -2.2400000000000007 0.03658823108673093 0.02605892181396463 0.10787228 0.11587228 "" "" 0.3676265431202231 "" 0.040670243438052596 "" 1.0
222.63038761673 -52.33715778503 0.0127 0.0203 3.8937 "" "" 5894911337564526336 1693.45215 0.5503 0.0228 -1.727 -2.249 0.018 0.029 1.03 9095.6 4.149 14.520278 0.821094 14.844581 14.023487 "" "" 1627.96582 1754.87756 29297.83057 7.7132 15761.0 14.183 19488.0 12.794 "" "" 0.0027701072314502543 0.0029562882 0.0038460111 0.006802299 222.63038761673 -52.33715778503 1693.45215 -1.7270000000000003 -2.249 0.09358823108673087 0.017058921813964734 0.10587227 0.11687227 "" "" 0.7636069875229721 "" 0.08112844431635814 "" 1.0
222.7658371988 -52.3699404771 0.0176 0.024 5.7088 "" "" 5900912094069358208 1575.39709 0.6124 0.0311 -1.827 -2.333 0.025 0.034 0.923 7283.9 4.0828 15.444154 1.1908 15.952543 14.761744 "" "" 1466.31299 1680.53625 12510.80823 3.1465 5680.7 8.8268 9873.3 12.429 "" "" 0.002768818180375484 0.0032605454 0.0040189316 0.007279477 222.7658371988 -52.3699404771 1575.39709 -1.826999999999999 -2.3329999999999975 -0.006411768913269 -0.06694107818603534 0.11287227 0.121872276 "" "" 0.5021623670299307 "" 0.0611600891431195 "" 1.0
222.65145580007 -52.24659023078 0.0193 0.026 2.8125 "" "" 5900916663914625792 1857.67163 0.5064 0.0319 -1.84 -2.406 0.027 0.036 0.988 7460.4 4.1335 15.565878 1.212892 16.088337 14.875444 "" "" 1769.74451 1978.04517 11183.95998 2.9767 5012.8 10.133 8891.6 10.39 "" "" 0.0027704326926263597 0.0035499167 0.0039866446 0.007536561 222.65145580007 -52.24659023078 1857.67163 -1.8400000000000014 -2.4060000000000015 -0.019411768913269123 -0.1399410781860353 0.11487228 0.12387227 "" "" 1.244030600967717 "" 0.15389707503158864 "" 1.0
222.61826475149 -52.28747731026 0.0209 0.0292 2.7977 "" "" 5894911715521801984 1605.67114 0.5902 0.037 -1.732 -2.363 0.03 0.042 1.034 7170.5 4.3891 15.728298 1.169918 16.224726 15.054808 "" "" 1491.80176 1711.1123 9630.02734 3.1228 4421.1 7.2684 7537.6 8.4129 "" "" 0.0027777238004154446 0.003312279 0.0039689075 0.0072811865 222.61826475149 -52.28747731026 1605.67114 -1.7320000000000015 -2.3630000000000027 0.08858823108673097 -0.09694107818603515 0.117872275 0.12987228 "" "" 0.9994755515135929 "" 0.12448955182680971 "" 1.0
222.69737899224 -52.26876392882 0.0274 0.0376 1.004 "" "" 5900916423396441472 1870.27954 0.5247 0.0468 -1.779 -2.224 0.038 0.052 1.054 6745.6 4.3488 16.129045 1.335734 16.713623 15.377889 "" "" 1686.27295 2116.8772 6657.77028 2.7326 2818.2 13.182 5597.6 11.782 "" "" 0.0027911239484859265 0.0057944814 0.0044165915 0.010211073 222.69737899224 -52.26876392882 1870.27954 -1.7790000000000001 -2.224000000000001 0.04158823108673104 0.042058921813964645 0.12587227 0.13987228 "" "" 0.5243580091590523 "" 0.06981049836401848 "" 1.0
222.84387415654 -52.39429317673 0.0254 0.0354 8.5269 "" "" 5900864952505644288 1706.56458 0.5718 0.0458 -1.716 -2.385 0.035 0.049 0.976 6872.2 4.0657 16.184381 1.344676 16.77969 15.435014 "" "" 1571.17456 1896.90088 6326.94588 2.4685 2651.8 10.053 5310.7 7.9741 "" "" 0.0027876930293646985 0.0049726055 0.0041159983 0.009088604 222.84387415654 -52.39429317673 1706.56458 -1.7159999999999997 -2.385 0.10458823108673099 -0.11894107818603494 0.12287228 0.13687228 "" "" 1.2811913336284424 "" 0.1677741694228765 "" 1.0
222.45261579538 -52.19887656754 0.0287 0.0419 10.2892 "" "" 5894925528136904320 1759.64075 0.5505 0.0495 -1.847 -2.184 0.044 0.066 0.987 5966.9 4.4077 16.227634 1.291764 16.79885 15.507085 "" "" 1614.59839 1917.01819 6079.84746 3.6055 2605.4 9.9737 4969.6 9.7457 "" "" 0.0028295504779616626 0.005005979 0.0043378803 0.009343859 222.45261579538 -52.19887656754 1759.64075 -1.847 -2.184 -0.026411768913269018 0.08205892181396468 0.13187227 0.15387228 "" "" 0.7190071936862191 "" 0.10924785479960154 "" 1.0
222.71600104878 -52.30268126227 0.0291 0.0392 1.3049 "" "" 5900913296660231808 1669.32935 0.5745 0.0538 -1.843 -2.325 0.042 0.057 1.052 5764.3 4.5311 16.341398 1.268961 16.894848 15.625887 "" "" 1524.44702 1794.26794 5475.04152 2.5965 2384.9 10.969 4454.5 13.545 "" "" 0.0028030187670055025 0.0057203094 0.0050182943 0.010738604 222.71600104878 -52.30268126227 1669.32935 -1.843 -2.325 -0.022411768913269015 -0.058941078186035334 0.12987228 0.14487228 "" "" 0.49895573892579137 "" 0.071382754846632 "" 0.9
