Clusters/Hogg_18/Hogg_18_stars_in_region.tsv
# %ECSV 1.0
# ---
# datatype:
# - name: RA_ICRS_1
#   unit: deg
#   datatype: float64
#   format: '{:15.11f}'
#   description: Right ascension (ICRS) at Ep=2016.0 (ra)
#   meta: !!omap
#   - {ucd: POS_EQ_RA_MAIN}
#   - {width: 15}
#   - {precision: '11'}
# - name: DE_ICRS_1
#   unit: deg
#   datatype: float64
#   format: '{:15.11f}'
#   description: Declination (ICRS) at Ep=2016.0 (dec)
#   meta: !!omap
#   - {ucd: POS_EQ_DEC_MAIN}
#   - {width: 15}
#   - {precision: '11'}
# - name: e_RA_ICRS
#   unit: mas
#   datatype: float64
#   format: '{:7.4f}'
#   description: Standard error of right ascension (ra_error)
#   meta: !!omap
#   - {ucd: ERROR}
#   - {width: 7}
#   - {precision: '4'}
# - name: e_DE_ICRS
#   unit: mas
#   datatype: float64
#   format: '{:7.4f}'
#   description: Standard error of declination (dec_error)
#   meta: !!omap
#   - {ucd: ERROR}
#   - {width: 7}
#   - {precision: '4'}
# - name: _r_1
#   unit: ''
#   datatype: float64
#   format: '{:7.4f}'
#   description: Distance from center (222.69441383000-52.28539811000)[ICRS], at Epoch=J2016.0
#   meta: !!omap
#   - {ucd: POS_ANG_DIST_GENERAL}
#   - {width: 7}
#   - {precision: '4'}
# - name: HIP
#   datatype: int32
#   description: '? HIP cross-id number, van Leeuwen, Cat. I/311 (hip_original_ext_source_id)'
#   meta: !!omap
#   - {ucd: ID_NUMBER}
#   - {width: 6}
#   - values: {'null': -2147483648}
# - name: TYC2
#   datatype: string
#   description: Tycho-2 cross-id name, Hog et al., Cat. I/259 (tyc2_original_ext_source_id)
#   meta: !!omap
#   - {ucd: ID_CROSSID}
#   - {_votable_string_dtype: char}
# - name: Source
#   datatype: int64
#   description: Source identifier, identical to the Gaia-EDR3 source_id (id)
#   meta: !!omap
#   - {ucd: ID_MAIN}
#   - {width: 19}
# - name: rgeo
#   unit: pc
#   datatype: float64
#   format: '{:15.8f}'
#   description: '? Median of the geometric distance posterior (r_med_geo)'
#   meta: !!omap
#   - {ucd: PHYS_DISTANCE_TRUE}
#   - {width: 15}
#   - {precision: '8'}
#   - values: {'null': .nan}
# - name: Plx
#   unit: mas
#   datatype: float64
#   format: '{:9.4f}'
#   description: '? Parallax (parallax)'
#   meta: !!omap
#   - {ucd: POS_PARLX_TRIG}
#   - {width: 9}
#   - {precision: '4'}
#   - values: {'null': .nan}
# - name: e_Plx
#   unit: mas
#   datatype: float32
#   format: '{:7.4f}'
#   description: '? Standard error of parallax (parallax_error)'
#   meta: !!omap
#   - {ucd: ERROR}
#   - {width: 7}
#   - {precision: '4'}
#   - values: {'null': .nan}
# - name: pmRA
#   unit: mas / yr
#   datatype: float64
#   format: '{:9.3f}'
#   description: '? Proper motion in right ascension direction, pmRA*cosDE (pmra)'
#   meta: !!omap
#   - {ucd: POS_EQ_PMRA}
#   - {width: 9}
#   - {precision: '3'}
#   - values: {'null': .nan}
# - name: pmDE
#   unit: mas / yr
#   datatype: float64
#   format: '{:9.3f}'
#   description: '? Proper motion in declination direction (pmdec)'
#   meta: !!omap
#   - {ucd: POS_EQ_PMDEC}
#   - {width: 9}
#   - {precision: '3'}
#   - values: {'null': .nan}
# - name: e_pmRA
#   unit: mas / yr
#   datatype: float32
#   format: '{:6.3f}'
#   description: '? Standard error of proper motion in right ascension direction (pmra_error)'
#   meta: !!omap
#   - {ucd: ERROR}
#   - {width: 6}
#   - {precision: '3'}
#   - values: {'null': .nan}
# - name: e_pmDE
[...]
#         value: !astropy.table.SerializedColumn {name: SkyCoord.dec}
#       distance: !astropy.table.SerializedColumn
#         __class__: astropy.coordinates.distances.Distance
#         unit: !astropy.units.Unit {unit: pc}
#         value: !astropy.table.SerializedColumn {name: SkyCoord.distance}
#       frame: icrs
#       obstime: !astropy.time.Time {format: jyear_str, in_subfmt: '*', jd1: 367701545.0, jd2: 0.0, out_subfmt: '*', precision: 3, scale: tt}
#       pm_dec: !astropy.table.SerializedColumn
#         __class__: astropy.units.quantity.Quantity
#         unit: !astropy.units.Unit {unit: mas / yr}
#         value: !astropy.table.SerializedColumn {name: SkyCoord.pm_dec}
#       pm_ra_cosdec: !astropy.table.SerializedColumn
#         __class__: astropy.units.quantity.Quantity
#         unit: !astropy.units.Unit {unit: mas / yr}
#         value: !astropy.table.SerializedColumn {name: SkyCoord.pm_ra_cosdec}
#       ra: !astropy.table.SerializedColumn
#         __class__: astropy.coordinates.angles.Longitude
#         unit: *id001
#         value: !astropy.table.SerializedColumn {name: SkyCoord.ra}
#         wrap_angle: !astropy.coordinates.Angle
#           unit: *id001
#           value: 360.0
#       representation_type: spherical
# schema: astropy-2.0
RA_ICRS_1 DE_ICRS_1 e_RA_ICRS e_DE_ICRS _r_1 HIP TYC2 Source rgeo Plx e_Plx pmRA pmDE e_pmRA e_pmDE RUWE Teff logg Gmag BP-RP BPmag RPmag RV e_RV b_rgeo B_rgeo FG e_FG FBP e_FBP FRP e_FRP RAVE5 RAVE6 e_Gmag e_BPmag e_RPmag e_BP-RP SkyCoord.ra SkyCoord.dec SkyCoord.distance SkyCoord.pm_ra_cosdec SkyCoord.pm_dec rmRA rmDE e_rmRA e_rmDE rRV e_rRV v_pec v_pec3d e_vpec e_vpec3d
[from data line 328]
223.14733904719 -52.26497116427 0.0187 0.0242 16.673 "" "" 5900872442929525120 1910.01831 0.4937 0.0329 -6.84 -4.597 0.025 0.034 0.967 6638.0 4.0043 15.419921 1.28533 15.979996 14.694666 "" "" 1782.79736 2052.15259 12793.17922 3.0939 5538.8 9.1369 10502.0 12.072 "" "" 0.0027678032124740324 0.003315555 0.0039801197 0.0072956746 223.14733904719 -52.26497116427 1910.01831 -6.84 -4.597 -5.019411768913269 -2.3309410781860356 0.11287227 0.121872276 "" "" 50.10414291338639 "" 5.7379498927865935 ""
222.97092173789 -52.62525833085 0.0181 0.0265 22.7602 "" "" 5894842411926673536 1725.42261 0.5413 0.0303 -4.832 -6.5 0.025 0.037 1.017 5441.8 3.4579 15.421369 1.622895 16.183868 14.560973 "" "" 1647.78564 1817.25403 12776.12782 2.9922 4590.6 9.7966 11879.0 9.6625 "" "" 0.0027670288678255392 0.0036267948 0.0038811956 0.00750799 222.97092173789 -52.62525833085 1725.42261 -4.832000000000001 -6.5 -3.011411768913269 -4.233941078186035 0.11287227 0.124872275 "" "" 42.492702158370825 "" 5.140506316850992 ""
222.81221649858 -52.13465738378 0.0222 0.0298 10.028 "" "" 5900919206535416576 1380.05005 0.6842 0.034 -9.64 -5.829 0.031 0.041 1.164 5360.6 4.1815 15.429271 1.297295 15.981077 14.683783 "" "" 1303.52502 1458.30652 12683.47764 5.8924 5533.3 18.802 10608.0 32.18 "" "" 0.002801109134076928 0.0046255803 0.0050131655 0.009638745 222.81221649858 -52.13465738378 1380.05005 -9.64 -5.829000000000001 -7.81941176891327 -3.562941078186035 0.11887227 0.12887228 "" "" 56.20984718857002 "" 6.781748092317787 ""
222.32368802344 -52.32062502421 0.0177 0.0234 13.7648 "" "" 5894922916796575872 1896.05627 0.4888 0.0304 -6.029 -1.93 0.025 0.033 1.035 4999.3 3.3113 15.429429 1.668835 16.22496 14.556126 "" "" 1777.99609 1998.98474 12681.62821 3.062 4420.1 8.2489 11932.0 8.1651 "" "" 0.0027677632643797606 0.003448282 0.0038517185 0.0073000006 222.32368802344 -52.32062502421 1896.05627 -6.028999999999998 -1.9300000000000013 -4.208411768913269 0.3360589218139649 0.11287227 0.120872274 "" "" 37.94268599116289 "" 4.284668219613851 ""
223.20137060583 -52.34228386682 0.0185 0.023 18.9059 "" "" 5900868285401121664 1440.98657 0.6589 0.0301 -6.626 -7.06 0.026 0.034 1.004 7161.8 3.9334 15.432455 1.555551 16.150866 14.595314 "" "" 1390.56738 1492.08081 12646.33341 3.4432 4732.3 7.2192 11509.0 9.1695 "" "" 0.0027711325864348663 0.0032447504 0.0038771133 0.007121864 223.20137060583 -52.34228386682 1440.98657 -6.625999999999993 -7.059999999999999 -4.805411768913269 -4.793941078186035 0.113872275 0.121872276 "" "" 46.36236082252621 "" 5.467539710245516 ""
222.66374658531 -52.26838630562 0.0186 0.025 1.5196 "" "" 5900916492115922304 1298.16138 0.7362 0.0325 -7.464 -0.124 0.027 0.038 1.025 6667.1 4.1873 15.433843 1.289633 15.995522 14.70589 "" "" 1235.47058 1355.85413 12630.1894 3.3085 5460.2 17.273 10394.0 13.92 "" "" 0.002769960057271488 0.004425147 0.0040494446 0.008474592 222.66374658531 -52.26838630562 1298.16138 -7.464000000000003 -0.12400000000000133 -5.6434117689132695 2.1420589218139647 0.11487228 0.12587227 "" "" 37.14286753075021 "" 4.320263798351593 ""
222.46354823089 -52.57187026026 0.0191 0.0249 19.1514 "" "" 5894899242936152192 1706.46118 0.5533 0.034 -3.736 -1.199 0.026 0.035 0.962 6923.7 3.6367 15.434779 1.343032 16.023912 14.680881 "" "" 1600.26001 1798.1582 12619.29286 3.2412 5319.3 12.396 10637.0 12.898 "" "" 0.002769396231540862 0.0037665446 0.0040021185 0.007768663 222.46354823089 -52.57187026026 1706.46118 -3.7359999999999998 -1.1990000000000005 -1.9154117689132693 1.0670589218139648 0.113872275 0.12287228 "" "" 17.73497789781265 "" 2.0584451788463456 ""
222.7658371988 -52.3699404771 0.0176 0.024 5.7088 "" "" 5900912094069358208 1575.39709 0.6124 0.0311 -1.827 -2.333 0.025 0.034 0.923 7283.9 4.0828 15.444154 1.1908 15.952543 14.761744 "" "" 1466.31299 1680.53625 12510.80823 3.1465 5680.7 8.8268 9873.3 12.429 "" "" 0.002768818180375484 0.0032605454 0.0040189316 0.007279477 222.7658371988 -52.3699404771 1575.39709 -1.826999999999999 -2.3329999999999975 -0.006411768913269 -0.06694107818603534 0.11287227 0.121872276 "" "" 0.5021623670299307 "" 0.0611600891431195 ""
222.79637243133 -52.19322268023 0.0189 0.0255 6.6798 "" "" 5900918416261403264 1620.39001 0.578 0.0319 -13.928 -11.766 0.027 0.037 1.01 5169.1 3.7803 15.451301 1.414522 16.093206 14.678684 "" "" 1550.44678 1708.88831 12428.72386 3.2257 4990.4 8.2488 10658.0 10.05 "" "" 0.002769691968304685 0.0033175016 0.003915596 0.007233097 222.79637243133 -52.19322268023 1620.39001 -13.928000000000003 -11.765999999999998 -12.10741176891327 -9.499941078186035 0.11487228 0.124872275 "" "" 118.20173912530547 "" 14.040258648200396 ""
222.57781458497 -51.96462359471 0.023 0.0255 19.7199 "" "" 5900936386405192064 1430.04211 0.6676 0.0329 -9.963 -6.843 0.033 0.035 1.034 6396.6 4.2741 15.451371 1.188252 15.9639 14.775648 "" "" 1369.79407 1499.37756 12427.91648 3.4345 5621.6 9.6769 9747.6 11.624 "" "" 0.0027716092236550927 0.0033582835 0.0039950064 0.00735329 222.57781458497 -51.96462359471 1430.04211 -9.962999999999997 -6.842999999999992 -8.142411768913268 -4.576941078186035 0.120872274 0.12287228 "" "" 63.31448284688543 "" 7.683560051673325 ""
222.43201964878 -52.57449942612 0.0218 0.0286 19.8251 "" "" 5894899208576419584 1842.36572 0.5196 0.0383 -3.517 -4.352 0.029 0.039 1.116 6599.0 3.9012 15.466329 1.465438 16.123608 14.65817 "" "" 1712.01892 2002.11987 12257.88125 3.9211 4852.6 8.2849 10862.0 11.41 "" "" 0.0027771232174673872 0.003349808 0.0039477204 0.0072975284 222.43201964878 -52.57449942612 1842.36572 -3.516999999999999 -4.352 -1.696411768913269 -2.0859410781860355 0.11687227 0.12687227 "" "" 23.479680832299284 "" 2.887737201899534 ""
222.37509599117 -51.97350135058 0.0257 0.0302 22.1028 "" "" 5901123097217314944 1768.2135 0.5444 0.036 -9.234 -6.215 0.038 0.044 0.986 6347.2 3.8992 15.468309 1.365919 16.077158 14.711239 "" "" 1652.62268 1862.94409 12235.54065 3.0289 5064.7 10.388 10343.0 9.82 "" "" 0.0027683981775455547 0.003569898 0.0039174417 0.00748734 222.37509599117 -51.97350135058 1768.2135 -9.234000000000002 -6.215000000000005 -7.413411768913269 -3.948941078186035 0.12587227 0.13187227 "" "" 70.39960146163605 "" 8.95643427712975 ""
222.09755369769 -52.41658266077 0.0216 0.0288 23.2475 "" "" 5894917968994093824 1827.60291 0.5119 0.035 -2.389 -3.672 0.028 0.039 0.958 4928.6 3.4448 15.470474 1.783061 16.337122 14.554061 "" "" 1717.62036 1947.87073 12211.16545 3.0586 3986.3 8.2514 11955.0 9.8349 "" "" 0.0027687084491437057 0.0035827213 0.0038834931 0.0074662147 222.09755369769 -52.41658266077 1827.60291 -2.389 -3.6719999999999997 -0.5684117689132688 -1.4059410781860353 0.11587228 0.12687227 "" "" 13.137164964197126 "" 1.6472056388858234 ""
222.46453093687 -52.13148828412 0.0203 0.0288 12.5187 "" "" 5900930820127469568 1508.24646 0.6196 0.0325 -2.0 -2.386 0.029 0.043 1.003 5547.8 4.1913 15.473774 1.195857 15.985029 14.789172 "" "" 1426.75549 1574.98059 12174.10793 3.0539 5513.2 11.316 9627.0 14.207 "" "" 0.002768748617696421 0.0035708933 0.0041049966 0.00767589 222.46453093687 -52.13148828412 1508.24646 -2.0 -2.386 -0.17941176891326904 -0.11994107818603528 0.11687227 0.13087228 "" "" 1.5428528276728253 "" 0.187254615511083 ""
223.08462503628 -51.96210934042 0.021 0.0251 24.1428 "" "" 5900927762110611968 1837.61719 0.5059 0.0322 -7.912 -5.705 0.03 0.038 1.098 5209.8 4.1333 15.475285 1.377596 16.095018 14.717422 "" "" 1765.97974 1946.45764 12157.17722 3.3853 4982.1 9.3197 10285.0 11.471 "" "" 0.0027718578565699326 0.0034510987 0.003968639 0.0074197375 223.08462503628 -51.96210934042 1837.61719 -7.912000000000003 -5.705000000000011 -6.091411768913269 -3.4389410781860352 0.117872275 0.12587227 "" "" 60.929575580869475 "" 7.302698582557405 ""
222.80702472996 -52.52590088864 0.0189 0.0252 15.0073 "" "" 5894858492284408320 1780.09473 0.5282 0.034 0.714 -4.717 0.025 0.036 1.005 7205.2 4.1513 15.477381 1.482223 16.149794 14.667571 "" "" 1685.23145 1865.53613 12133.72911 3.5387 4737.0 8.3532 10768.0 15.516 "" "" 0.002773455242613466 0.0033838837 0.004090393 0.0074742767 222.80702472996 -52.52590088864 1780.09473 0.714 -4.717 2.534588231086731 -2.450941078186035 0.11287227 0.12387227 "" "" 29.74944380626638 "" 3.519821152242545 ""
222.52534965947 -52.63181840843 0.23 0.3086 21.6848 "" "" 5894851207999599616 1767.72998 1.054 0.5274 -4.024 -0.639 0.312 0.449 9.835 "" "" 15.479689 1.731592 15.564829 13.833237 "" "" 1069.49512 3099.0957 12107.9723 25.33 8118.7 67.368 23220.0 91.256 "" "" 0.003570842445448121 0.009431472 0.0057000956 0.015131568 222.52534965947 -52.63181840843 1767.72998 -4.0240000000000045 -0.6390000000000002 -2.203411768913269 1.6270589218139648 0.39987227 0.53687227 "" "" 22.950532184326256 "" 10.39592013332453 ""
222.03625991348 -52.20568962446 0.0214 0.0268 24.6468 "" "" 5895109490172418688 1568.17957 0.6023 0.0346 -6.506 -9.22 0.03 0.036 1.022 5272.3 4.1769 15.488622 1.248859 16.029697 14.780838 "" "" 1479.31238 1671.60364 12008.75613 3.0112 5291.0 9.3601 9701.1 17.231 "" "" 0.002768737758885083 0.0033873683 0.0042429636 0.007630332 222.03625991348 -52.20568962446 1568.17957 -6.505999999999999 -9.219999999999999 -4.685411768913269 -6.953941078186036 0.117872275 0.12387227 "" "" 62.328095354915035 "" 7.605932801680141 ""
222.47814888869 -52.10658080572 0.0216 0.0304 13.3557 "" "" 5900933809424723456 1902.12573 0.4849 0.0336 -4.399 -5.551 0.029 0.043 1.023 5007.3 3.656 15.488708 1.450623 16.14749 14.696867 "" "" 1802.35168 2043.60449 12007.79905 3.1956 4747.0 11.177 10481.0 8.8521 "" "" 0.002770429189863761 0.003784214 0.0038890373 0.0076732514 222.47814888869 -52.10658080572 1902.12573 -4.3989999999999965 -5.551 -2.578411768913269 -3.2849410781860353 0.11687227 0.13087228 "" "" 37.6512078441163 "" 4.733477395330476 ""
222.83837822741 -52.05689889779 0.0193 0.0236 14.6979 "" "" 5900926147202761344 1366.2406 0.6904 0.0301 -3.07 -4.528 0.026 0.032 0.966 "" "" 15.4932 1.428625 16.142355 14.71373 "" "" 1312.53772 1420.3739 11958.22572 2.9721 4769.5 10.895 10320.0 9.9476 "" "" 0.002768502834740792 0.003733124 0.003921608 0.007654732 222.83837822741 -52.05689889779 1366.2406 -3.07 -4.528000000000001 -1.2494117689132689 -2.2619410781860347 0.113872275 0.11987227 "" "" 16.734373559371274 "" 1.982970026055582 ""
222.40426405037 -52.40761384244 0.019 0.0291 12.9179 "" "" 5894909791376221056 1310.50598 0.7211 0.0334 -4.942 -10.023 0.027 0.043 0.981 "" "" 15.49328 1.451441 16.150324 14.698883 "" "" 1248.68115 1365.52063 11957.33965 2.9291 4734.6 9.8674 10462.0 8.1862 "" "" 0.002768126913741496 0.0035923885 0.0038736898 0.0074660783 222.40426405037 -52.40761384244 1310.50598 -4.942000000000004 -10.023000000000003 -3.121411768913269 -7.756941078186035 0.11487228 0.13087228 "" "" 51.93945562720526 "" 6.687816987974303 ""
222.85103460321 -52.5757022954 0.0181 0.0241 18.3364 "" "" 5894855399907885696 1315.23877 0.7258 0.0321 0.422 4.34 0.026 0.037 0.983 7259.7 3.9868 15.498085 1.448395 16.148268 14.699873 "" "" 1264.44922 1368.62598 11904.5441 2.9035 4743.6 9.904 10452.0 10.307 "" "" 0.0027680161519926497 0.0035949624 0.003928113 0.007523075 222.85103460321 -52.5757022954 1315.23877 0.42200000000000015 4.34 2.242588231086731 6.606058921813965 0.113872275 0.124872275 "" "" 43.492074289996985 "" 5.3834877711160765 ""
222.11011962052 -52.10251075427 0.0229 0.0258 24.1294 "" "" 5895116877516579968 1670.65979 0.568 0.0367 -12.726 -5.435 0.034 0.036 0.997 5324.0 3.6587 15.500144 1.475128 16.171045 14.695917 "" "" 1577.12915 1770.69275 11881.9842 3.2849 4645.1 9.3461 10490.0 9.8784 "" "" 0.0027716217940475627 0.0035436219 0.003915239 0.007458861 222.11011962052 -52.10251075427 1670.65979 -12.726000000000003 -5.4349999999999925 -10.90541176891327 -3.1689410781860348 0.121872276 0.12387227 "" "" 89.93133433874799 "" 10.97424711252846 ""
222.48794499377 -51.89280145184 0.0247 0.0262 24.755 "" "" 5901125296215700096 1343.2915 0.7092 0.0341 -12.191 -2.742 0.038 0.038 0.97 6387.2 4.2273 15.500924 1.319926 16.085491 14.765565 "" "" 1288.03674 1418.01147 11873.4516 3.3856 5026.0 7.4469 9838.6 7.7491 "" "" 0.0027726582249651 0.0032207128 0.0038749203 0.007095633 222.48794499377 -51.89280145184 1343.2915 -12.191000000000003 -2.742 -10.37041176891327 -0.47594107818603515 0.12587227 0.12587227 "" "" 66.10000605810579 "" 8.320157761479885 ""
222.93352743962 -52.04339364949 0.0194 0.0248 16.9789 "" "" 5900925803605376384 1850.05176 0.4955 0.0308 -5.026 -3.702 0.027 0.036 1.011 7135.5 4.1824 15.501952 1.192247 16.012484 14.820236 "" "" 1764.22107 1968.15515 11862.21451 4.5199 5375.6 11.34 9355.4 10.713 "" "" 0.002786205040975845 0.003609842 0.0039786305 0.007588472 222.93352743962 -52.04339364949 1850.05176 -5.026 -3.701999999999999 -3.205411768913269 -1.4359410781860351 0.11487228 0.12387227 "" "" 30.80064497907079 "" 3.5859639178682494 ""
222.59843516297 -52.12201723065 0.0212 0.028 10.4188 "" "" 5900930304731383424 1922.26086 0.4928 0.0324 -5.76 -2.209 0.028 0.037 1.028 5178.0 3.2791 15.503422 1.731607 16.336725 14.605119 "" "" 1804.28479 2083.84644 11846.1691 3.3135 3987.7 8.0332 11405.0 10.232 "" "" 0.0027720061737788845 0.0035452694 0.0039028882 0.0074481573 222.59843516297 -52.12201723065 1922.26086 -5.759999999999996 -2.2089999999999987 -3.939411768913269 0.05705892181396477 0.11587228 0.124872275 "" "" 35.89778014144096 "" 4.159627984939775 ""
223.01313353759 -52.18963855245 0.0184 0.0232 13.0443 "" "" 5900920684004307456 1656.91235 0.5696 0.0311 -8.063 -5.988 0.026 0.033 1.024 6454.6 3.9542 15.506476 1.371094 16.120104 14.74901 "" "" 1576.51599 1738.31714 11812.88941 2.9656 4868.3 8.8799 9989.7 9.3201 "" "" 0.0027687695328029636 0.0034215597 0.003912776 0.0073343357 223.01313353759 -52.18963855245 1656.91235 -8.063 -5.988000000000001 -6.24241176891327 -3.7219410781860356 0.113872275 0.120872274 "" "" 57.079391752398706 "" 6.60688661642858 ""
222.6294300237 -52.1414298244 0.0204 0.0257 8.9624 "" "" 5900930029853462016 1438.38232 0.6598 0.0316 -3.303 -5.736 0.028 0.037 1.035 5381.8 4.2316 15.507037 1.259683 16.057804 14.798121 "" "" 1368.35632 1517.8429 11806.78787 4.1807 5155.8 10.794 9547.9 10.658 "" "" 0.002782012281248024 0.0035988672 0.0039689546 0.007567822 222.6294300237 -52.1414298244 1438.38232 -3.3030000000000004 -5.736 -1.482411768913269 -3.469941078186035 0.11587228 0.124872275 "" "" 25.726322957501598 "" 3.1778694366476006 ""
223.21529469542 -52.50141200281 0.0183 0.0227 23.0588 "" "" 5900849662422767616 1501.85413 0.6299 0.0301 -0.718 3.84 0.025 0.033 1.01 6108.8 3.7387 15.509067 1.418891 16.135141 14.71625 "" "" 1427.43579 1576.6405 11784.74074 2.9971 4801.3 8.418 10296.0 7.8044 "" "" 0.0027691215844631908 0.0033776797 0.0038679508 0.0072456305 223.21529469542 -52.50141200281 1501.85413 -0.7180000000000009 3.84 1.102588231086731 6.106058921813965 0.11287227 0.120872274 "" "" 44.170724366064256 "" 5.328216025815992 ""
222.14791874633 -52.36679036939 0.0212 0.0279 20.6264 "" "" 5894919618261655680 1337.0542 0.7161 0.0359 -12.799 -8.544 0.028 0.037 1.025 6517.6 4.1031 15.51003 1.265667 16.065361 14.799694 "" "" 1268.01038 1414.02222 11774.28984 3.312 5120.0 11.683 9534.1 10.634 "" "" 0.0027721946611678474 0.003731342 0.0039686556 0.0076999976 222.14791874633 -52.36679036939 1337.0542 -12.799 -8.543999999999999 -10.978411768913269 -6.277941078186036 0.11587228 0.124872275 "" "" 80.14995421120777 "" 9.470018591159107 ""
