Clusters/Hogg_18/Hogg_18_stars_in_region.tsv
# %ECSV 1.0
# ---
# datatype:
# - name: RA_ICRS_1
#   unit: deg
#   datatype: float64
#   format: '{:15.11f}'
#   description: Right ascension (ICRS) at Ep=2016.0 (ra)
#   meta: !!omap
#   - {ucd: POS_EQ_RA_MAIN}
#   - {width: 15}
#   - {precision: '11'}
# - name: DE_ICRS_1
#   unit: deg
#   datatype: float64
#   format: '{:15.11f}'
#   description: Declination (ICRS) at Ep=2016.0 (dec)
#   meta: !!omap
#   - {ucd: POS_EQ_DEC_MAIN}
#   - {width: 15}
#   - {precision: '11'}
# - name: e_RA_ICRS
#   unit: mas
#   datatype: float64
#   format: '{:7.4f}'
#   description: Standard error of right ascension (ra_error)
#   meta: !!omap
#   - {ucd: ERROR}
#   - {width: 7}
#   - {precision: '4'}
# - name: e_DE_ICRS
#   unit: mas
#   datatype: float64
#   format: '{:7.4f}'
#   description: Standard error of declination (dec_error)
#   meta: !!omap
#   - {ucd: ERROR}
#   - {width: 7}
#   - {precision: '4'}
# - name: _r_1
#   unit: ''
#   datatype: float64
#   format: '{:7.4f}'
#   description: Distance from center (222.69441383000-52.28539811000)[ICRS], at Epoch=J2016.0
#   meta: !!omap
#   - {ucd: POS_ANG_DIST_GENERAL}
#   - {width: 7}
#   - {precision: '4'}
# - name: HIP
#   datatype: int32
#   description: '? HIP cross-id number, van Leeuwen, Cat. I/311 (hip_original_ext_source_id)'
#   meta: !!omap
#   - {ucd: ID_NUMBER}
#   - {width: 6}
#   - values: {'null': -2147483648}
# - name: TYC2
#   datatype: string
#   description: Tycho-2 cross-id name, Hog et al., Cat. I/259 (tyc2_original_ext_source_id)
#   meta: !!omap
#   - {ucd: ID_CROSSID}
#   - {_votable_string_dtype: char}
# - name: Source
#   datatype: int64
#   description: Source identifier, identical to the Gaia-EDR3 source_id (id)
#   meta: !!omap
#   - {ucd: ID_MAIN}
#   - {width: 19}
# - name: rgeo
#   unit: pc
#   datatype: float64
#   format: '{:15.8f}'
#   description: '? Median of the geometric distance posterior (r_med_geo)'
#   meta: !!omap
#   - {ucd: PHYS_DISTANCE_TRUE}
#   - {width: 15}
#   - {precision: '8'}
#   - values: {'null': .nan}
# - name: Plx
#   unit: mas
#   datatype: float64
#   format: '{:9.4f}'
#   description: '? Parallax (parallax)'
#   meta: !!omap
#   - {ucd: POS_PARLX_TRIG}
#   - {width: 9}
#   - {precision: '4'}
#   - values: {'null': .nan}
# - name: e_Plx
#   unit: mas
#   datatype: float32
#   format: '{:7.4f}'
#   description: '? Standard error of parallax (parallax_error)'
#   meta: !!omap
#   - {ucd: ERROR}
#   - {width: 7}
#   - {precision: '4'}
#   - values: {'null': .nan}
# - name: pmRA
#   unit: mas / yr
#   datatype: float64
#   format: '{:9.3f}'
#   description: '? Proper motion in right ascension direction, pmRA*cosDE (pmra)'
#   meta: !!omap
#   - {ucd: POS_EQ_PMRA}
#   - {width: 9}
#   - {precision: '3'}
#   - values: {'null': .nan}
# - name: pmDE
#   unit: mas / yr
#   datatype: float64
#   format: '{:9.3f}'
#   description: '? Proper motion in declination direction (pmdec)'
#   meta: !!omap
#   - {ucd: POS_EQ_PMDEC}
#   - {width: 9}
#   - {precision: '3'}
#   - values: {'null': .nan}
# - name: e_pmRA
#   unit: mas / yr
#   datatype: float32
#   format: '{:6.3f}'
#   description: '? Standard error of proper motion in right ascension direction (pmra_error)'
#   meta: !!omap
#   - {ucd: ERROR}
#   - {width: 6}
#   - {precision: '3'}
#   - values: {'null': .nan}
# - name: e_pmDE
[...]
#         unit: &id001 !astropy.units.Unit {unit: deg}
#         value: !astropy.table.SerializedColumn {name: SkyCoord.dec}
#       distance: !astropy.table.SerializedColumn
#         __class__: astropy.coordinates.distances.Distance
#         unit: !astropy.units.Unit {unit: pc}
#         value: !astropy.table.SerializedColumn {name: SkyCoord.distance}
#       frame: icrs
#       obstime: !astropy.time.Time {format: jyear_str, in_subfmt: '*', jd1: 367701545.0, jd2: 0.0, out_subfmt: '*', precision: 3, scale: tt}
#       pm_dec: !astropy.table.SerializedColumn
#         __class__: astropy.units.quantity.Quantity
#         unit: !astropy.units.Unit {unit: mas / yr}
#         value: !astropy.table.SerializedColumn {name: SkyCoord.pm_dec}
#       pm_ra_cosdec: !astropy.table.SerializedColumn
#         __class__: astropy.units.quantity.Quantity
#         unit: !astropy.units.Unit {unit: mas / yr}
#         value: !astropy.table.SerializedColumn {name: SkyCoord.pm_ra_cosdec}
#       ra: !astropy.table.SerializedColumn
#         __class__: astropy.coordinates.angles.Longitude
#         unit: *id001
#         value: !astropy.table.SerializedColumn {name: SkyCoord.ra}
#         wrap_angle: !astropy.coordinates.Angle
#           unit: *id001
#           value: 360.0
#       representation_type: spherical
# schema: astropy-2.0
RA_ICRS_1 DE_ICRS_1 e_RA_ICRS e_DE_ICRS _r_1 HIP TYC2 Source rgeo Plx e_Plx pmRA pmDE e_pmRA e_pmDE RUWE Teff logg Gmag BP-RP BPmag RPmag RV e_RV b_rgeo B_rgeo FG e_FG FBP e_FBP FRP e_FRP RAVE5 RAVE6 e_Gmag e_BPmag e_RPmag e_BP-RP SkyCoord.ra SkyCoord.dec SkyCoord.distance SkyCoord.pm_ra_cosdec SkyCoord.pm_dec
[from data line 120]
222.42965340259 -52.09399906034 0.0122 0.0176 15.0573 "" "" 5900934049942908416 1518.33154 0.6212 0.0192 -3.814 -0.629 0.017 0.025 0.928 5104.7 3.3394 14.170078 1.537556 14.882684 13.345128 -12.17 3.25 1484.229 1554.87158 40449.72945 5.9104 15218.0 15.962 36400.0 21.253 "" "" 0.0027598836102231835 0.0030136278 0.0038321791 0.0068458067 222.42965340259 -52.09399906034 1518.33154 -3.814 -0.6289999999999998
222.91638208384 -52.21131256739 0.011 0.0139 9.2868 "" "" 5900914911568068352 1556.10986 0.6126 0.0188 -13.063 3.521 0.015 0.019 1.006 5450.6 3.4308 14.209517 1.641166 14.98008 13.338914 -63.66 3.64 1508.64062 1605.15601 39006.77038 7.544 13912.0 13.047 36609.0 19.192 "" "" 0.0027633100884915233 0.002970158 0.0038220026 0.0067921607 222.91638208384 -52.21131256739 1556.10986 -13.063 3.521
222.57475328763 -52.33526418726 0.0125 0.0192 5.3122 "" "" 5894911475006036992 1340.09314 0.7111 0.0221 -9.504 -3.816 0.018 0.028 0.978 5974.5 3.8192 14.210606 1.500165 14.899799 13.399634 -18.31 2.45 1299.46387 1381.15613 38967.67426 7.2072 14979.0 12.273 34618.0 30.371 "" "" 0.002762628142842606 0.0029285536 0.00389757 0.0068261237 222.57475328763 -52.33526418726 1340.09314 -9.504000000000001 -3.816
222.76618011577 -52.22423858361 0.0115 0.016 4.5182 "" "" 5900916904432794752 1876.32288 0.4947 0.0198 -7.022 -3.364 0.016 0.022 1.069 5248.2 3.0515 14.224188 1.621552 14.986918 13.365365 -82.21 2.65 1807.35583 1970.84985 38483.23509 6.3543 13825.0 13.223 35728.0 16.88 "" "" 0.002761146326133546 0.0029771538 0.0038140346 0.0067911884 222.76618011577 -52.22423858361 1876.32288 -7.022000000000001 -3.3640000000000003
223.0547517354 -52.18096308049 0.0113 0.014 14.6491 "" "" 5900920752723875840 1797.23535 0.5192 0.0193 -1.376 -3.105 0.016 0.02 0.998 "" "" 14.239274 0.784654 14.546208 13.761555 "" "" 1741.36646 1867.47632 37952.22876 7.3785 20746.0 17.733 24805.0 18.313 "" "" 0.0027633938949667976 0.0029404638 0.0038634506 0.0068039144 223.0547517354 -52.18096308049 1797.23535 -1.3759999999999994 -3.1049999999999995
222.76342328411 -52.4681668088 0.0113 0.0164 11.2537 "" "" 5894859832314246016 1759.79053 0.5254 0.0225 2.558 -2.38 0.015 0.023 1.028 5405.8 3.089 14.251527 1.819363 15.138121 13.318758 -15.01 2.2 1716.33508 1823.91992 37526.33872 6.7671 12027.0 11.7 37295.0 18.444 "" "" 0.002762267756620133 0.002983394 0.0038173336 0.006800728 222.76342328411 -52.4681668088 1759.79053 2.558 -2.38
222.4045793639 -52.31536655234 0.0159 0.0247 10.7853 "" "" 5894922401400472192 1699.86951 0.5553 0.0255 -3.993 -1.506 0.022 0.033 1.393 6859.0 3.8701 14.2576 1.197832 14.767179 13.569346 -50.94 5.29 1609.12244 1782.79382 37316.99575 7.5179 16926.0 14.511 29609.0 20.09 "" "" 0.0027639886932007427 0.0029413397 0.00385051 0.0067918496 222.4045793639 -52.31536655234 1699.86951 -3.9929999999999986 -1.5059999999999991
222.87983904459 -52.65659657798 0.011 0.0153 23.2802 "" "" 5894853681920835200 1348.08118 0.7031 0.0189 -8.379 -5.635 0.015 0.021 1.029 "" "" 14.268852 1.360143 14.874047 13.513905 -28.86 5.0 1316.63489 1383.08337 36932.2593 5.7774 15339.0 16.039 31160.0 18.243 "" "" 0.0027605500316506687 0.0030122944 0.0038324648 0.006844759 222.87983904459 -52.65659657798 1348.08118 -8.378999999999998 -5.634999999999998
222.69435838316 -52.53566143126 0.012 0.019 15.0158 "" "" 5894859042040234112 1373.13184 0.691 0.0228 -4.196 -2.864 0.017 0.028 1.026 6665.7 3.5896 14.273589 1.394274 14.897274 13.503 24.92 4.04 1331.36719 1414.49011 36771.49006 6.5849 15014.0 15.612 31474.0 17.098 "" "" 0.0027621716552408177 0.0030099244 0.003825129 0.0068350537 222.69435838316 -52.53566143126 1373.13184 -4.196 -2.8640000000000003
222.34395816898 -52.27626185104 0.0124 0.0182 12.876 "" "" 5894923500912227456 1880.36279 0.4925 0.0201 -10.819 -4.202 0.018 0.027 0.941 "" "" 14.289556 1.599993 15.036948 13.436955 -44.43 3.23 1806.70679 1941.99048 36234.65154 5.4374 13202.0 17.09 33448.0 18.626 "" "" 0.002760133043702839 0.0031241705 0.0038274375 0.0069516078 222.34395816898 -52.27626185104 1880.36279 -10.819 -4.202
222.55004588515 -52.56199376582 0.0149 0.0222 17.4161 "" "" 5894904259457942656 1939.92175 0.4795 0.0267 -5.861 -3.883 0.021 0.033 1.313 "" "" 14.301276 1.832936 15.201231 13.368295 62.86 1.8 1821.23413 2072.35229 35845.62667 5.9909 11348.0 11.132 35632.0 17.372 "" "" 0.00276128901546302 0.0029865403 0.0038162714 0.0068028118 222.55004588515 -52.56199376582 1939.92175 -5.861 -3.883
222.51951337773 -52.50330141231 0.0124 0.0193 14.5582 "" "" 5894905393329428736 1336.94275 0.7133 0.0221 -13.811 -6.995 0.017 0.027 1.108 4887.1 3.2225 14.306422 1.93085 15.268636 13.337786 -66.96 2.18 1294.14258 1373.85571 35676.13253 9.2992 10665.0 14.395 36647.0 23.266 "" "" 0.002769815968391302 0.003151608 0.003841726 0.006993334 222.51951337773 -52.50330141231 1336.94275 -13.811 -6.994999999999999
222.98925140083 -52.29123680348 0.0387 0.0502 10.8266 "" "" 5900867323327979648 1314.12341 0.7479 0.0674 -0.168 -3.995 0.053 0.068 3.564 5132.4 2.9251 14.315849 1.724072 15.12537 13.401298 -14.85 1.95 1207.42932 1449.01062 35367.73176 17.347 12169.0 12.12 34565.0 20.049 "" "" 0.0028063097101623698 0.00299239 0.0038314925 0.0068238825 222.98925140083 -52.29123680348 1314.12341 -0.16799999999999993 -3.995
222.39366634856 -52.44237805817 0.0419 0.0558 14.4959 "" "" 5894909585217708672 1632.02368 0.5849 0.0753 -5.56 -3.472 0.059 0.078 3.809 6080.2 4.0735 14.324707 1.267982 14.834017 13.566035 -11.16 4.78 1423.21143 1834.17041 35080.33701 24.972 15915.0 13.01 29699.0 14.015 "" "" 0.002861666967000938 0.0029279345 0.0038139534 0.006741888 222.39366634856 -52.44237805817 1632.02368 -5.56 -3.4720000000000004
223.13679080017 -52.58945367201 0.0115 0.0144 24.3853 "" "" 5900846840600926080 1883.13391 0.4915 0.0188 -2.856 -1.731 0.015 0.019 1.014 7499.9 3.8872 14.33413 1.139695 14.801521 13.661826 "" "" 1804.47766 1960.79309 34777.1863 10.111 16399.0 25.246 27191.0 37.09 "" "" 0.0027733432301597313 0.003252518 0.0040591992 0.007311717 223.13679080017 -52.58945367201 1883.13391 -2.856 -1.7310000000000003
223.10605846308 -52.13082578803 0.0113 0.0144 17.7507 "" "" 5900921302479698048 1462.80713 0.6405 0.0195 -0.405 -6.389 0.016 0.021 1.01 "" "" 14.339596 1.025969 14.762567 13.736598 "" "" 1419.09094 1501.10156 34602.57464 6.5853 16998.0 17.383 25382.0 17.298 "" "" 0.0027630571799911567 0.0030029777 0.0038511339 0.0068541113 223.10605846308 -52.13082578803 1462.80713 -0.40500000000000114 -6.389000000000001
222.71451807801 -52.20508086975 0.0121 0.0159 4.8753 "" "" 5900917213670455424 1746.58752 0.5335 0.0191 -2.228 -2.168 0.017 0.021 1.044 7998.9 3.872 14.352737 0.838267 14.683112 13.844845 "" "" 1683.15747 1801.71118 34186.28133 7.5503 18288.0 17.288 22973.0 13.403 "" "" 0.002765735006546579 0.002972958 0.0038320986 0.0068050567 222.71451807801 -52.20508086975 1746.58752 -2.228 -2.168
222.94824847221 -52.23690386477 0.0129 0.0163 9.7653 "" "" 5900914636690138752 1646.41162 0.5698 0.0219 -3.965 -0.368 0.018 0.022 1.158 "" "" 14.376338 1.813602 15.262566 13.448964 -19.38 2.73 1587.17712 1700.50977 33451.20086 5.7389 10725.0 12.703 33081.0 21.869 "" "" 0.0027616092502804634 0.0030722606 0.0038469334 0.006919194 222.94824847221 -52.23690386477 1646.41162 -3.9649999999999994 -0.3680000000000002
222.66955562945 -52.22245184818 0.0121 0.0159 3.8856 "" "" 5900917454188618880 1539.85999 0.6134 0.0198 -6.275 -3.68 0.017 0.021 0.916 4979.8 3.4198 14.378965 1.550426 15.099753 13.549328 -32.14 2.62 1499.28345 1587.40088 33370.32724 6.0236 12460.0 13.311 30160.0 19.129 "" "" 0.0027622814879377615 0.0030216542 0.003841606 0.00686326 222.66955562945 -52.22245184818 1539.85999 -6.275 -3.68
223.04110206989 -52.09482617165 0.0119 0.015 17.1277 "" "" 5900922367631594624 1477.17712 0.643 0.0199 -7.544 -5.021 0.016 0.021 0.999 7449.5 4.0148 14.389268 1.031206 14.791465 13.760259 "" "" 1441.42493 1526.43225 33055.18595 5.922 16551.0 54.042 24834.0 52.205 "" "" 0.002762177671577268 0.004511425 0.004415091 0.008926516 223.04110206989 -52.09482617165 1477.17712 -7.544 -5.020999999999998
222.89197088054 -51.93360188638 0.0142 0.016 22.3279 "" "" 5900938894666295808 1887.69897 0.4936 0.0213 -9.998 -1.978 0.021 0.023 0.963 5015.9 3.1214 14.418631 1.793671 15.292177 13.498507 -43.94 1.8 1813.69543 1949.33459 32173.2128 6.3711 10436.0 10.822 31605.0 15.252 "" "" 0.0027636960117753866 0.0030087682 0.0038155285 0.006824297 222.89197088054 -51.93360188638 1887.69897 -9.998 -1.9779999999999986
222.42933026948 -52.3487217858 0.0125 0.0194 10.4386 "" "" 5894910581650361344 1360.66455 0.6925 0.0218 -0.03 1.469 0.018 0.028 1.015 7100.1 3.8729 14.424876 1.175458 14.925255 13.749797 -4.75 5.58 1317.92273 1405.21997 31988.6736 5.4143 14632.0 11.139 25075.0 13.663 "" "" 0.0027614416816220543 0.0029100217 0.0038254044 0.0067354264 222.42933026948 -52.3487217858 1360.66455 -0.029999999999999916 1.4690000000000003
222.16706892637 -52.42070034392 0.0138 0.0181 20.9617 "" "" 5894916354086339584 1434.92749 0.6612 0.023 -3.679 -1.126 0.018 0.024 1.045 "" "" 14.430871 1.321896 15.013917 13.692021 -43.14 6.26 1385.91455 1481.13013 31812.53025 5.8053 13485.0 12.752 26445.0 16.871 "" "" 0.002762434614069754 0.0029730794 0.003842331 0.00681541 222.16706892637 -52.42070034392 1434.92749 -3.6789999999999994 -1.126
222.48560605574 -51.96743077246 0.0164 0.0182 20.5701 "" "" 5900935664850695552 1498.14758 0.627 0.0228 1.423 -1.298 0.023 0.024 0.962 5365.1 3.4995 14.438821 1.403377 15.068345 13.664968 38.2 5.89 1459.09766 1555.80017 31580.44985 6.5233 12826.0 14.212 27113.0 24.968 "" "" 0.0027644324808375614 0.0030384879 0.0039093997 0.0069478876 222.48560605574 -51.96743077246 1498.14758 1.423 -1.298
222.97583286917 -52.10837142946 0.012 0.0155 14.8302 "" "" 5900922127113343232 1310.03369 0.7204 0.0193 -2.181 -5.567 0.017 0.023 0.972 6481.6 3.9559 14.456965 1.205159 14.967603 13.762444 22.59 7.59 1280.10095 1347.65698 31057.08921 5.5469 14073.0 14.102 24785.0 18.011 "" "" 0.002762135560967927 0.0029947846 0.0038608597 0.0068556443 222.97583286917 -52.10837142946 1310.03369 -2.1809999999999996 -5.567
222.35359851249 -52.42839652233 0.0366 0.0531 15.1522 "" "" 5894909825735932416 1592.49292 0.6071 0.0627 -15.229 -10.207 0.05 0.073 3.17 5761.9 4.0828 14.470317 1.321633 14.942609 13.620976 "" "" 1462.83728 1804.57593 30677.48853 7.0984 14400.0 30.52 28234.0 52.825 "" "" 0.002766749721744532 0.0036166802 0.004290715 0.007907395 222.35359851249 -52.42839652233 1592.49292 -15.229000000000003 -10.207
222.44917872786 -52.25669129296 0.0133 0.0192 9.1672 "" "" 5894924256826472448 1726.60547 0.5412 0.0208 -1.784 -2.24 0.02 0.028 0.992 9270.4 4.1719 14.47685 0.850281 14.814911 13.96463 "" "" 1662.70557 1777.38318 30493.48117 6.8657 16198.0 14.139 20573.0 14.504 "" "" 0.0027661432586095856 0.0029467316 0.0038561164 0.006802848 222.44917872786 -52.25669129296 1726.60547 -1.784 -2.2400000000000007
223.1518961485 -52.47453238747 0.0142 0.0171 20.2366 "" "" 5900849628062559616 1707.59521 0.5453 0.0228 -1.229 -2.188 0.019 0.023 1.211 15000.7 4.2108 14.481564 1.1905 14.985077 13.794577 "" "" 1642.21167 1784.66003 30361.33105 8.3882 13848.0 14.816 24062.0 17.604 "" "" 0.0027716004599338483 0.003022323 0.003861955 0.006884278 223.1518961485 -52.47453238747 1707.59521 -1.2290000000000003 -2.1880000000000006
222.47985629006 -52.29169121195 0.0126 0.0195 7.8835 "" "" 5894912230917942144 1410.35498 0.6717 0.021 -11.256 -4.918 0.018 0.028 1.007 5933.5 3.934 14.484256 1.252924 15.030077 13.777153 -3.9 9.96 1373.41284 1439.53418 30286.18722 5.7802 13286.0 11.385 24451.0 15.957 "" "" 0.0027631011077824427 0.0029412014 0.0038452295 0.006786431 222.47985629006 -52.29169121195 1410.35498 -11.255999999999998 -4.917999999999999
222.95957278879 -52.58671930524 0.0116 0.0157 20.5167 "" "" 5894854266036756992 1307.33984 0.7282 0.0196 -8.558 -3.964 0.016 0.023 0.998 "" "" 14.489876 1.725762 15.318325 13.592563 -70.44 2.12 1269.8811 1341.89539 30129.82046 4.8077 10188.0 10.244 28982.0 15.53 "" "" 0.0027607614612998707 0.002996142 0.0038238997 0.0068200417 222.95957278879 -52.58671930524 1307.33984 -8.558 -3.9639999999999995
222.2689799073 -52.52281874937 0.0144 0.0187 21.1056 "" "" 5894903056867280640 1721.4563 0.5427 0.0252 -7.206 -5.143 0.019 0.025 1.095 "" "" 14.495403 1.798111 15.365809 13.567699 -49.17 3.47 1662.92859 1794.61914 29976.81596 5.9188 9752.0 13.089 29654.0 10.936 "" "" 0.002763647172115845 0.0031478016 0.003800533 0.0069483346 222.2689799073 -52.52281874937 1721.4563 -7.205999999999999 -5.142999999999998
222.9710271546 -52.25855554992 0.0131 0.0176 10.2827 "" "" 5900867632565639424 1913.45215 0.484 0.0244 -6.977 -4.649 0.018 0.022 0.977 4903.0 2.9098 14.504293 1.855962 15.414456 13.558495 17.22 2.03 1829.42432 2011.87183 29732.36288 6.4221 9324.7 10.606 29906.0 13.569 "" "" 0.0027652824493657403 0.0030512442 0.003811352 0.006862596 222.9710271546 -52.25855554992 1913.45215 -6.977 -4.648999999999999
222.63038761673 -52.33715778503 0.0127 0.0203 3.8937 "" "" 5894911337564526336 1693.45215 0.5503 0.0228 -1.727 -2.249 0.018 0.029 1.03 9095.6 4.149 14.520278 0.821094 14.844581 14.023487 "" "" 1627.96582 1754.87756 29297.83057 7.7132 15761.0 14.183 19488.0 12.794 "" "" 0.0027701072314502543 0.0029562882 0.0038460111 0.006802299 222.63038761673 -52.33715778503 1693.45215 -1.7270000000000003 -2.249
222.0762518915 -52.33550169119 0.0144 0.0189 22.8743 "" "" 5894920683413663488 1459.71167 0.6491 0.0235 -9.01 -2.015 0.019 0.025 0.931 6606.6 3.9042 14.532683 1.297571 15.103086 13.805514 -36.33 6.65 1417.49573 1525.2959 28964.97965 5.4247 12422.0 12.882 23821.0 13.522 "" "" 0.0027628132976571826 0.0030087861 0.0038293048 0.0068380907 222.0762518915 -52.33550169119 1459.71167 -9.01 -2.015000000000001
222.40063879399 -52.01876798261 0.0165 0.0212 19.3105 "" "" 5900935286893549696 1503.08765 0.6306 0.025 -8.315 -2.853 0.023 0.03 1.054 5420.7 4.0231 14.535 1.40593 15.170236 13.764305 -33.59 4.3 1451.02747 1565.75146 28903.26167 5.4228 11677.0 13.032 24742.0 16.458 "" "" 0.002762840025690149 0.003041928 0.0038477683 0.0068896962 222.40063879399 -52.01876798261 1503.08765 -8.315 -2.853
223.24005659748 -52.1068854168 0.0119 0.015 22.7468 "" "" 5900876085061917184 1369.10962 0.6949 0.0211 -11.352 -0.384 0.017 0.021 0.952 6228.4 3.7907 14.535804 1.228685 15.066389 13.837704 "" "" 1340.53613 1409.12012 28881.86454 4.9937 12849.0 12.422 23125.0 14.116 "" "" 0.0027617078021700847 0.0029810776 0.0038370527 0.0068181306 223.24005659748 -52.1068854168 1369.10962 -11.352 -0.38399999999999906
222.86657082983 -52.10497749409 0.0128 0.0155 12.541 "" "" 5900919378334118144 1854.85449 0.5021 0.0199 -7.136 0.644 0.017 0.021 0.936 4968.2 3.3349 14.547672 1.56515 15.276706 13.711555 -41.91 4.8 1786.58923 1929.05933 28567.86547 5.0999 10586.0 10.517 25974.0 14.893 "" "" 0.002762129115630766 0.0029914135 0.0038303111 0.0068217246 222.86657082983 -52.10497749409 1854.85449 -7.135999999999999 0.6439999999999997
222.78692121866 -52.35388750977 0.0128 0.0173 5.3289 "" "" 5900912197148578560 1318.88879 0.7166 0.0218 -6.231 1.624 0.017 0.024 1.037 6987.1 3.8941 14.554538 1.422159 15.192159 13.77 -27.31 4.74 1288.07654 1357.20837 28387.78296 5.0351 11443.0 13.861 24613.0 15.745 "" "" 0.0027620417647305543 0.0030845902 0.0038426714 0.0069272616 222.78692121866 -52.35388750977 1318.88879 -6.231 1.624
222.37110523134 -52.38234079021 0.0131 0.0196 13.2038 "" "" 5894910031894480640 1597.73022 0.5859 0.0223 -0.638 2.242 0.018 0.028 0.942 5142.7 3.3703 14.573423 1.663769 15.363 13.699231 13.94 3.53 1541.60193 1653.67456 27898.28727 4.9535 9777.3 11.808 26270.0 14.303 "" "" 0.0027620559386534985 0.0030829199 0.0038253332 0.006908253 222.37110523134 -52.38234079021 1597.73022 -0.6380000000000001 2.2419999999999995
