Clusters/Hogg_18/Hogg_18_stars_in_region.tsv
# %ECSV 1.0
# ---
# datatype:
# - name: RA_ICRS_1
#   unit: deg
#   datatype: float64
#   format: '{:15.11f}'
#   description: Right ascension (ICRS) at Ep=2016.0 (ra)
#   meta: !!omap
#   - {ucd: POS_EQ_RA_MAIN}
#   - {width: 15}
#   - {precision: '11'}
# - name: DE_ICRS_1
#   unit: deg
#   datatype: float64
#   format: '{:15.11f}'
#   description: Declination (ICRS) at Ep=2016.0 (dec)
#   meta: !!omap
#   - {ucd: POS_EQ_DEC_MAIN}
#   - {width: 15}
#   - {precision: '11'}
# - name: e_RA_ICRS
#   unit: mas
#   datatype: float64
#   format: '{:7.4f}'
#   description: Standard error of right ascension (ra_error)
#   meta: !!omap
#   - {ucd: ERROR}
#   - {width: 7}
#   - {precision: '4'}
# - name: e_DE_ICRS
#   unit: mas
#   datatype: float64
#   format: '{:7.4f}'
#   description: Standard error of declination (dec_error)
#   meta: !!omap
#   - {ucd: ERROR}
#   - {width: 7}
#   - {precision: '4'}
# - name: _r_1
#   unit: ''
#   datatype: float64
#   format: '{:7.4f}'
#   description: Distance from center (222.69441383000-52.28539811000)[ICRS], at Epoch=J2016.0
#   meta: !!omap
#   - {ucd: POS_ANG_DIST_GENERAL}
#   - {width: 7}
#   - {precision: '4'}
# - name: HIP
#   datatype: int32
#   description: '? HIP cross-id number, van Leeuwen, Cat. I/311 (hip_original_ext_source_id)'
#   meta: !!omap
#   - {ucd: ID_NUMBER}
#   - {width: 6}
#   - values: {'null': -2147483648}
# - name: TYC2
#   datatype: string
#   description: Tycho-2 cross-id name, Hog et al., Cat. I/259 (tyc2_original_ext_source_id)
#   meta: !!omap
#   - {ucd: ID_CROSSID}
#   - {_votable_string_dtype: char}
# - name: Source
#   datatype: int64
#   description: Source identifier, identical to the Gaia-EDR3 source_id (id)
#   meta: !!omap
#   - {ucd: ID_MAIN}
#   - {width: 19}
# - name: rgeo
#   unit: pc
#   datatype: float64
#   format: '{:15.8f}'
#   description: '? Median of the geometric distance posterior (r_med_geo)'
#   meta: !!omap
#   - {ucd: PHYS_DISTANCE_TRUE}
#   - {width: 15}
#   - {precision: '8'}
#   - values: {'null': .nan}
# - name: Plx
#   unit: mas
#   datatype: float64
#   format: '{:9.4f}'
#   description: '? Parallax (parallax)'
#   meta: !!omap
#   - {ucd: POS_PARLX_TRIG}
#   - {width: 9}
#   - {precision: '4'}
#   - values: {'null': .nan}
# - name: e_Plx
#   unit: mas
#   datatype: float32
#   format: '{:7.4f}'
#   description: '? Standard error of parallax (parallax_error)'
#   meta: !!omap
#   - {ucd: ERROR}
#   - {width: 7}
#   - {precision: '4'}
#   - values: {'null': .nan}
# - name: pmRA
#   unit: mas / yr
#   datatype: float64
#   format: '{:9.3f}'
#   description: '? Proper motion in right ascension direction, pmRA*cosDE (pmra)'
#   meta: !!omap
#   - {ucd: POS_EQ_PMRA}
#   - {width: 9}
#   - {precision: '3'}
#   - values: {'null': .nan}
# - name: pmDE
#   unit: mas / yr
#   datatype: float64
#   format: '{:9.3f}'
#   description: '? Proper motion in declination direction (pmdec)'
#   meta: !!omap
#   - {ucd: POS_EQ_PMDEC}
#   - {width: 9}
#   - {precision: '3'}
#   - values: {'null': .nan}
# - name: e_pmRA
#   unit: mas / yr
#   datatype: float32
#   format: '{:6.3f}'
#   description: '? Standard error of proper motion in right ascension direction (pmra_error)'
#   meta: !!omap
#   - {ucd: ERROR}
#   - {width: 6}
#   - {precision: '3'}
#   - values: {'null': .nan}
# - name: e_pmDE
[...]
#         unit: &id001 !astropy.units.Unit {unit: deg}
#         value: !astropy.table.SerializedColumn {name: SkyCoord.dec}
#       distance: !astropy.table.SerializedColumn
#         __class__: astropy.coordinates.distances.Distance
#         unit: !astropy.units.Unit {unit: pc}
#         value: !astropy.table.SerializedColumn {name: SkyCoord.distance}
#       frame: icrs
#       obstime: !astropy.time.Time {format: jyear_str, in_subfmt: '*', jd1: 367701545.0, jd2: 0.0, out_subfmt: '*', precision: 3, scale: tt}
#       pm_dec: !astropy.table.SerializedColumn
#         __class__: astropy.units.quantity.Quantity
#         unit: !astropy.units.Unit {unit: mas / yr}
#         value: !astropy.table.SerializedColumn {name: SkyCoord.pm_dec}
#       pm_ra_cosdec: !astropy.table.SerializedColumn
#         __class__: astropy.units.quantity.Quantity
#         unit: !astropy.units.Unit {unit: mas / yr}
#         value: !astropy.table.SerializedColumn {name: SkyCoord.pm_ra_cosdec}
#       ra: !astropy.table.SerializedColumn
#         __class__: astropy.coordinates.angles.Longitude
#         unit: *id001
#         value: !astropy.table.SerializedColumn {name: SkyCoord.ra}
#         wrap_angle: !astropy.coordinates.Angle
#           unit: *id001
#           value: 360.0
#       representation_type: spherical
# schema: astropy-2.0
RA_ICRS_1 DE_ICRS_1 e_RA_ICRS e_DE_ICRS _r_1 HIP TYC2 Source rgeo Plx e_Plx pmRA pmDE e_pmRA e_pmDE RUWE Teff logg Gmag BP-RP BPmag RPmag RV e_RV b_rgeo B_rgeo FG e_FG FBP e_FBP FRP e_FRP RAVE5 RAVE6 e_Gmag e_BPmag e_RPmag e_BP-RP SkyCoord.ra SkyCoord.dec SkyCoord.distance SkyCoord.pm_ra_cosdec SkyCoord.pm_dec
[from data line 561]
222.14787610905 -52.40384906422 0.0254 0.0325 21.2564 "" "" 5894916560244830720 1715.38672 0.5514 0.0435 -2.882 -8.337 0.035 0.045 1.012 5386.8 4.3879 15.939314 1.363924 16.54789 15.183966 "" "" 1612.6001 1838.73047 7929.05236 2.5406 3282.9 10.289 6692.2 8.8405 "" "" 0.002777195599805385 0.004400486 0.004042384 0.00844287 222.14787610905 -52.40384906422 1715.38672 -2.882000000000001 -8.337000000000002
222.25381970935 -52.2375828716 0.0235 0.0299 16.4325 "" "" 5894926868166699008 1883.36426 0.4996 0.039 -4.42 -4.065 0.034 0.043 1.017 5066.2 4.177 15.940505 1.443861 16.59886 15.154999 "" "" 1724.06445 2054.53027 7920.35977 3.884 3132.4 10.272 6873.2 12.465 "" "" 0.0028062904431628453 0.0045234603 0.0042615607 0.008785021 222.25381970935 -52.2375828716 1883.36426 -4.42 -4.065
222.24966060887 -52.01857341002 0.0297 0.0385 22.8994 "" "" 5895119007820427392 1615.12146 0.5859 0.0501 2.217 -3.059 0.046 0.056 1.036 5989.1 4.5157 15.945963 1.337727 16.52853 15.190804 "" "" 1482.44727 1750.01917 7880.64464 2.7715 3342.0 7.091 6650.2 8.8121 "" "" 0.0027816521214007323 0.0036182962 0.0040439554 0.0076622516 222.24966060887 -52.01857341002 1615.12146 2.2170000000000005 -3.059
222.16425687679 -52.34947590615 0.0556 0.0749 19.8211 "" "" 5894919996219222528 1314.31787 0.7413 0.0904 -7.593 -7.492 0.077 0.105 2.055 5122.2 3.7544 15.946395 1.755487 16.733538 14.97805 "" "" 1215.64819 1530.52368 7877.50366 8.4185 2767.0 10.382 8089.8 8.9055 "" "" 0.0029896632420139025 0.004937674 0.003963869 0.008901543 222.16425687679 -52.34947590615 1314.31787 -7.593000000000001 -7.491999999999999
222.78118612463 -51.96159708211 0.0269 0.028 19.6893 "" "" 5900938654148123008 1424.25684 0.666 0.0398 -6.875 -5.619 0.04 0.041 0.987 5117.7 4.3455 15.948509 1.274056 16.503408 15.229352 "" "" 1355.72229 1511.0144 7862.18313 2.5367 3420.2 9.6986 6418.3 10.824 "" "" 0.002777499812453085 0.0041550063 0.004199565 0.008354571 222.78118612463 -51.96159708211 1424.25684 -6.875000000000001 -5.619
222.52827325805 -52.31449450321 0.0239 0.0371 6.341 "" "" 5894911990399679232 1747.40576 0.5514 0.0421 1.221 1.49 0.034 0.054 1.005 5075.3 4.2259 15.953882 1.418554 16.592903 15.174349 "" "" 1619.22473 1882.66711 7823.36713 2.4047 3149.6 7.2149 6751.8 10.397 "" "" 0.0027754572963713787 0.0037377647 0.0041326755 0.00787044 222.52827325805 -52.31449450321 1747.40576 1.221 1.49
223.00264662946 -52.14267793439 0.0225 0.0292 14.2032 "" "" 5900921096321180672 1845.29065 0.5188 0.0375 -9.372 -4.554 0.032 0.044 1.0 6286.3 4.1178 15.953948 1.322186 16.54184 15.219654 "" "" 1703.37183 2071.46997 7822.89821 2.5308 3301.3 7.8194 6475.8 7.9086 "" "" 0.002777618568955829 0.00379453 0.0040052338 0.0077997637 223.00264662946 -52.14267793439 1845.29065 -9.371999999999998 -4.554000000000001
222.63516315667 -52.60625834072 0.0245 0.0366 19.3732 "" "" 5894856946096125056 1357.49744 0.7126 0.0449 -2.281 -1.743 0.035 0.057 0.958 7095.8 4.0838 15.95433 1.278138 16.501865 15.223727 "" "" 1274.55493 1454.25061 7820.14495 2.769 3425.1 9.2037 6451.6 9.0652 "" "" 0.00278201117271032 0.004036949 0.0040756734 0.008112622 222.63516315667 -52.60625834072 1357.49744 -2.281 -1.7429999999999999
222.20107466335 -52.11732913862 0.0257 0.037 20.7559 "" "" 5895115949803613824 1453.87122 0.6598 0.0435 -10.779 -6.348 0.039 0.056 1.052 5639.5 4.4716 15.954528 1.289297 16.520458 15.231161 "" "" 1353.38416 1536.7019 7818.72051 2.4212 3366.9 7.5316 6407.6 7.946 "" "" 0.0027757577478497567 0.0036991667 0.0040120506 0.0077112173 222.20107466335 -52.11732913862 1453.87122 -10.779000000000002 -6.348000000000001
223.06362929766 -51.99452592983 0.0242 0.0281 22.1231 "" "" 5900924394856221952 1725.01904 0.5488 0.0377 -5.395 -5.938 0.034 0.04 1.026 6698.1 4.2624 15.954775 1.361304 16.561388 15.200084 "" "" 1630.26855 1825.30859 7816.94254 2.5368 3242.4 12.141 6593.6 8.4479 "" "" 0.002777758005017238 0.0049308417 0.004027259 0.008958101 223.06362929766 -51.99452592983 1725.01904 -5.395 -5.938
223.23667035425 -52.34469388903 0.0228 0.0274 20.2052 "" "" 5900868251041386880 1410.18311 0.6701 0.0378 -14.162 -3.814 0.031 0.04 0.982 5017.8 4.1727 15.955614 1.652599 16.735937 15.083338 "" "" 1350.12732 1491.41479 7810.90353 2.4737 2760.8 6.9007 7342.1 7.914 "" "" 0.0027766927785385044 0.0038922892 0.003956431 0.00784872 223.23667035425 -52.34469388903 1410.18311 -14.162000000000003 -3.814
222.69284397125 -52.04760197521 0.0275 0.0336 14.2679 "" "" 5900932022718473728 1310.31616 0.7406 0.0412 -9.445 -4.088 0.04 0.049 1.081 5251.7 4.3873 15.959845 1.262925 16.511662 15.248736 "" "" 1249.11047 1376.953 7780.52676 2.5967 3394.3 12.511 6304.7 7.7925 "" "" 0.002779045203255489 0.0048785494 0.004010556 0.008889105 222.69284397125 -52.04760197521 1310.31616 -9.445 -4.088
222.77239955085 -52.65569835326 0.0232 0.0351 22.4001 "" "" 5894853132165057152 1857.21692 0.5058 0.0405 -2.791 -3.048 0.033 0.053 0.973 6654.1 4.0814 15.96103 1.458635 16.612547 15.153912 "" "" 1722.27063 2009.57837 7772.03559 2.4035 3093.1 6.2827 6880.1 9.6749 "" "" 0.0027757029062251883 0.0035564867 0.0040761232 0.00763261 222.77239955085 -52.65569835326 1857.21692 -2.7910000000000004 -3.048
222.62671780056 -52.31165037211 0.0302 0.0444 2.9413 "" "" 5894911406284081152 1852.13 0.5203 0.0544 -3.535 -1.125 0.042 0.059 1.293 6409.5 3.9715 15.963583 1.297325 16.525892 15.228567 "" "" 1674.36792 2078.73608 7753.77873 3.5052 3350.1 8.8794 6422.9 10.143 "" "" 0.002798695279428061 0.004008289 0.0041501247 0.008158414 222.62671780056 -52.31165037211 1852.13 -3.535 -1.125
222.57112270982 -52.40389686326 0.0239 0.0377 8.4246 "" "" 5894907729791848704 1451.39087 0.6694 0.043 -5.179 -6.452 0.035 0.056 0.998 5100.2 4.2882 15.963924 1.495484 16.650167 15.154683 "" "" 1368.18457 1577.29749 7751.34463 2.432 2987.8 10.277 6875.2 9.9583 "" "" 0.0027762984575596438 0.004661756 0.004093515 0.008755271 222.57112270982 -52.40389686326 1451.39087 -5.179 -6.452
222.89942001507 -52.6217252877 0.0238 0.0337 21.5268 "" "" 5894854300400055424 1299.74731 0.725 0.0435 -1.663 -0.571 0.032 0.047 1.042 6477.6 4.2856 15.965272 1.504209 16.59799 15.093781 "" "" 1237.58862 1373.56396 7741.73007 2.5484 3134.9 14.022 7271.9 70.883 "" "" 0.0027784030970206272 0.005600826 0.0112378225 0.016838647 222.89942001507 -52.6217252877 1299.74731 -1.6629999999999998 -0.571
222.58450158491 -51.96598161178 0.0459 0.0465 19.588 "" "" 5900936386405190400 1867.82227 0.5359 0.0629 -9.416 -4.048 0.068 0.062 1.59 5766.6 4.4862 15.965504 1.31097 16.513756 15.202785 "" "" 1677.44983 2242.57593 7740.07378 6.3536 3387.8 9.7791 6577.2 12.252 "" "" 0.0028958788299059054 0.004196105 0.0042865216 0.008482627 222.58450158491 -51.96598161178 1867.82227 -9.415999999999999 -4.048
222.83609727609 -52.49509266385 0.0226 0.0305 13.6093 "" "" 5894858870241551104 1373.27844 0.708 0.0421 -12.405 0.974 0.032 0.046 0.988 6709.6 4.1134 15.967486 1.55587 16.68784 15.131969 "" "" 1296.15466 1464.48352 7725.95219 2.4029 2885.9 7.4661 7020.5 9.7316 "" "" 0.0027759356202025193 0.003959165 0.0040680207 0.008027186 222.83609727609 -52.49509266385 1373.27844 -12.404999999999998 0.9740000000000001
222.61975700985 -52.02915898706 0.027 0.0323 15.618 "" "" 5900932984791038080 1487.26233 0.6393 0.0412 -3.816 -2.804 0.037 0.045 0.975 4926.5 4.3006 15.967735 1.363441 16.579897 15.216455 "" "" 1404.44885 1573.23608 7724.18132 2.6728 3187.6 9.0244 6495.0 10.327 "" "" 0.0027808160700343648 0.004151317 0.0041549825 0.008306299 222.61975700985 -52.02915898706 1487.26233 -3.8159999999999994 -2.8039999999999994
222.92288825035 -52.11539070981 0.0244 0.0305 13.2152 "" "" 5900922058393867392 1637.59668 0.5791 0.0405 -8.185 -10.691 0.034 0.043 1.095 5993.8 4.3724 15.970472 1.20958 16.48814 15.278561 "" "" 1536.55432 1755.86426 7704.73833 2.4481 3468.7 12.005 6133.9 7.6449 "" "" 0.0027768329993444044 0.0046802997 0.0040143314 0.008694631 222.92288825035 -52.11539070981 1637.59668 -8.185000000000002 -10.690999999999999
223.23062048086 -52.37149550702 0.0233 0.0292 20.3289 "" "" 5900868010523193472 1548.87598 0.6177 0.0386 -11.98 -9.089 0.031 0.041 0.983 6221.9 3.6015 15.972258 1.478772 16.644686 15.165914 "" "" 1471.95837 1654.23914 7692.07855 2.4804 3002.9 6.9045 6804.4 7.954 "" "" 0.0027774746067636674 0.0037439421 0.0039867936 0.0077307355 223.23062048086 -52.37149550702 1548.87598 -11.980000000000002 -9.089
223.00341070382 -51.95120737059 0.0252 0.0283 23.0576 "" "" 5900927659031393408 1779.49341 0.52 0.0391 -6.242 -4.159 0.036 0.041 0.962 5758.6 4.1181 15.972572 1.43608 16.61637 15.180289 "" "" 1658.11792 1930.37317 7689.85081 2.7951 3082.3 8.8722 6714.9 16.753 "" "" 0.0027834388850410895 0.0041895173 0.004649875 0.008839393 223.00341070382 -51.95120737059 1779.49341 -6.242 -4.159
222.3102977227 -52.00456709582 0.0354 0.0501 21.9987 "" "" 5895118354985400704 1421.67017 0.6665 0.0554 -3.85 0.693 0.049 0.067 1.09 6158.3 4.2685 15.972685 1.389277 16.596811 15.207534 "" "" 1312.60583 1543.74072 7689.0522 2.9416 3138.3 7.698 6548.5 7.9708 "" "" 0.0027864532374646963 0.0038571768 0.0040037767 0.007860953 222.3102977227 -52.00456709582 1421.67017 -3.8500000000000005 0.6929999999999997
222.66496321822 -51.95301939387 0.0306 0.0326 19.9722 "" "" 5900936661283179136 1590.30615 0.5906 0.0445 -6.952 -5.447 0.045 0.048 1.032 5422.1 4.2309 15.973875 1.310243 16.535566 15.225324 "" "" 1503.41931 1679.10254 7680.62685 3.2362 3320.4 9.183 6442.1 10.922 "" "" 0.002793039308022506 0.0040989667 0.004203826 0.008302793 222.66496321822 -51.95301939387 1590.30615 -6.952 -5.447
222.28373908219 -52.28683020029 0.0231 0.0301 15.0733 "" "" 5894923260394062336 1378.38892 0.6957 0.0399 -17.759 -10.343 0.034 0.043 0.994 5748.1 4.45 15.97433 1.284647 16.541605 15.256958 "" "" 1306.28015 1460.91052 7677.41094 2.3207 3302.0 8.6953 6257.1 8.3457 "" "" 0.002774797226998411 0.003994946 0.0040473286 0.008042274 222.28373908219 -52.28683020029 1378.38892 -17.758999999999993 -10.342999999999996
222.95788364889 -52.14261263347 0.0237 0.0296 12.931 "" "" 5900921783515950592 1723.1095 0.5516 0.0398 -10.539 -4.262 0.033 0.041 1.026 5346.4 3.6894 15.97476 1.485003 16.655676 15.170672 "" "" 1629.8092 1851.41431 7674.36704 2.4662 2972.7 7.0167 6774.7 8.8071 "" "" 0.002777323477647723 0.0037885 0.004034344 0.007822844 222.95788364889 -52.14261263347 1723.1095 -10.539000000000001 -4.262
223.29458298469 -52.15868822875 0.0232 0.0276 23.3331 "" "" 5900874985550269952 1576.61145 0.6116 0.0404 -5.94 -4.007 0.033 0.04 1.011 6443.0 4.0518 15.974883 1.384749 16.595293 15.210544 "" "" 1481.02502 1679.6637 7673.50296 2.4904 3142.7 6.8237 6530.4 7.8499 "" "" 0.0027777606997366174 0.0036527507 0.003998381 0.0076511316 223.29458298469 -52.15868822875 1576.61145 -5.94 -4.006999999999999
222.86749618665 -52.13885424059 0.0261 0.0307 10.8536 "" "" 5900919069096453632 1518.48315 0.6148 0.0411 -4.687 -3.708 0.038 0.045 1.086 5167.1 4.3092 15.976515 1.334693 16.561686 15.226993 "" "" 1448.04602 1603.20654 7661.97726 2.5757 3241.5 7.1024 6432.2 10.353 "" "" 0.0027793894539698103 0.0036666607 0.004163854 0.007830515 222.86749618665 -52.13885424059 1518.48315 -4.687 -3.708
223.06523317936 -52.56972092827 0.0228 0.0318 21.7962 "" "" 5900847738276883968 1836.84534 0.5259 0.0405 -4.241 -1.906 0.031 0.046 0.992 5027.0 3.5236 15.977828 1.762318 16.83066 15.068342 "" "" 1716.79663 1960.526 7652.71343 2.4997 2530.2 9.3074 7444.3 11.099 "" "" 0.0027780504258813152 0.0048719947 0.0041114637 0.008983458 223.06523317936 -52.56972092827 1836.84534 -4.241 -1.9060000000000001
222.09613783245 -52.38940312381 0.0241 0.0333 22.8035 "" "" 5894919515182398976 1349.70337 0.6993 0.0412 -6.878 -3.167 0.031 0.043 0.989 6301.7 4.3056 15.980878 1.330348 16.571342 15.240994 "" "" 1288.72131 1416.70605 7631.24989 2.6053 3212.8 6.8642 6349.8 10.074 "" "" 0.0027801411779709716 0.0036285017 0.004153412 0.0077819135 222.09613783245 -52.38940312381 1349.70337 -6.878 -3.1670000000000007
222.29314010716 -52.22490495916 0.0257 0.0365 15.1786 "" "" 5894926799447231360 1818.00818 0.5379 0.0443 -1.575 -6.27 0.04 0.056 1.015 5273.7 4.293 15.984306 1.326216 16.543083 15.216867 "" "" 1680.03577 1992.00818 7607.19042 3.2562 3297.5 11.626 6492.5 11.868 "" "" 0.002794239379388792 0.0047369287 0.004268802 0.009005731 222.29314010716 -52.22490495916 1818.00818 -1.5750000000000002 -6.27
222.75945488828 -52.52409846267 0.0255 0.0394 14.5186 "" "" 5894858389205368192 1314.6062 0.7406 0.0476 -10.992 -4.153 0.037 0.061 1.046 6413.2 3.9667 15.984942 1.465404 16.648727 15.183324 "" "" 1245.37012 1405.40271 7602.73549 2.9069 2991.8 11.944 6696.2 8.6247 "" "" 0.002786417523227375 0.005154916 0.004029805 0.009184721 222.75945488828 -52.52409846267 1314.6062 -10.992 -4.153
223.35592763697 -52.24308765941 0.0224 0.0282 24.4238 "" "" 5900870450064331136 1845.96228 0.5087 0.0383 -1.129 -2.2 0.031 0.039 0.99 6589.2 4.0008 15.987845 1.361773 16.592573 15.2308 "" "" 1717.94336 1995.6167 7582.43312 2.4065 3150.6 7.1285 6409.7 9.6441 "" "" 0.002776784307152154 0.0037174972 0.00411733 0.0078348275 223.35592763697 -52.24308765941 1845.96228 -1.129 -2.2000000000000006
222.25522474902 -52.38697262142 0.0266 0.034 17.2162 "" "" 5894916079208484992 1848.66882 0.5145 0.0458 -5.021 -4.935 0.036 0.045 0.95 5072.6 3.7309 15.989839 1.762529 16.827389 15.064859 "" "" 1697.81311 2030.17993 7568.52839 2.7029 2537.8 9.6368 7468.2 10.552 "" "" 0.0027824689109954602 0.0049782638 0.004078857 0.009057121 222.25522474902 -52.38697262142 1848.66882 -5.021 -4.935
222.4037723515 -52.29734493102 0.0256 0.0402 10.6902 "" "" 5894922641918693504 1484.23218 0.6429 0.0418 -10.569 -6.741 0.037 0.059 0.954 5558.9 4.4136 15.995048 1.327388 16.58853 15.261142 "" "" 1410.57922 1584.62939 7532.30424 2.5099 3162.3 7.502 6233.1 8.0264 "" "" 0.002778970887827266 0.0037972843 0.004029694 0.007826978 222.4037723515 -52.29734493102 1484.23218 -10.569 -6.7410000000000005
222.80051058301 -52.55924388256 0.0258 0.0348 16.8831 "" "" 5894858045607774464 1426.56921 0.686 0.0473 -7.236 -1.436 0.036 0.05 1.041 6301.0 3.9981 15.99841 1.452238 16.657808 15.20557 "" "" 1337.55762 1527.40051 7509.01144 2.2536 2966.8 7.8164 6560.4 8.1966 "" "" 0.002774521205886727 0.0039959406 0.004015456 0.008011397 222.80051058301 -52.55924388256 1426.56921 -7.236 -1.4359999999999997
222.18674499663 -52.01952559115 0.0304 0.0394 24.5715 "" "" 5895118870381485184 1739.48706 0.5717 0.0489 -10.938 -8.263 0.048 0.057 1.006 5623.6 3.8787 16.006823 1.404227 16.63928 15.235053 "" "" 1595.89636 1935.45166 7451.05704 2.5428 3017.9 7.5471 6384.7 6.8424 "" "" 0.0027801220971772024 0.0038932355 0.003954443 0.007847679 222.18674499663 -52.01952559115 1739.48706 -10.938000000000002 -8.263000000000002
222.88509839801 -52.55235581041 0.0226 0.0305 17.4713 "" "" 5894855537346860672 1801.32458 0.5189 0.0392 -3.516 -2.13 0.031 0.045 1.006 7746.6 4.2935 16.014767 1.297034 16.580105 15.283071 "" "" 1687.25281 1930.73096 7396.73869 2.2848 3187.0 7.1198 6108.4 8.3105 "" "" 0.0027756560647738526 0.0036970715 0.004057794 0.007754865 222.88509839801 -52.55235581041 1801.32458 -3.516 -2.1300000000000003
222.36697162729 -52.27130004348 0.0267 0.0415 12.05 "" "" 5894923466552491904 1565.41199 0.6099 0.0461 -9.566 -6.924 0.038 0.058 0.972 5950.9 4.2689 16.016005 1.370528 16.574312 15.203784 "" "" 1449.36389 1679.76831 7388.30419 2.9498 3204.0 30.689 6571.2 19.038 "" "" 0.0027892108086539588 0.010767343 0.0049171546 0.015684498 222.36697162729 -52.27130004348 1565.41199 -9.565999999999999 -6.923999999999999
222.62803490081 -51.9063356796 0.0335 0.0336 22.875 "" "" 5900937004880574080 1638.76379 0.5853 0.0463 -5.327 -0.153 0.051 0.049 0.948 6062.2 4.3718 16.017965 1.230465 16.549906 15.319441 "" "" 1497.99536 1788.64917 7374.97852 2.5861 3276.8 6.9945 5907.2 11.2 "" "" 0.0027814994615009466 0.0036271384 0.0043036425 0.007930781 222.62803490081 -51.9063356796 1638.76379 -5.327 -0.15300000000000025
