Clusters/Hogg_18/Hogg_18_stars_in_region.tsv
# %ECSV 1.0
# ---
# datatype:
# - name: RA_ICRS_1
#   unit: deg
#   datatype: float64
#   format: '{:15.11f}'
#   description: Right ascension (ICRS) at Ep=2016.0 (ra)
#   meta: !!omap
#   - {ucd: POS_EQ_RA_MAIN}
#   - {width: 15}
#   - {precision: '11'}
# - name: DE_ICRS_1
#   unit: deg
#   datatype: float64
#   format: '{:15.11f}'
#   description: Declination (ICRS) at Ep=2016.0 (dec)
#   meta: !!omap
#   - {ucd: POS_EQ_DEC_MAIN}
#   - {width: 15}
#   - {precision: '11'}
# - name: e_RA_ICRS
#   unit: mas
#   datatype: float64
#   format: '{:7.4f}'
#   description: Standard error of right ascension (ra_error)
#   meta: !!omap
#   - {ucd: ERROR}
#   - {width: 7}
#   - {precision: '4'}
# - name: e_DE_ICRS
#   unit: mas
#   datatype: float64
#   format: '{:7.4f}'
#   description: Standard error of declination (dec_error)
#   meta: !!omap
#   - {ucd: ERROR}
#   - {width: 7}
#   - {precision: '4'}
# - name: _r_1
#   unit: ''
#   datatype: float64
#   format: '{:7.4f}'
#   description: Distance from center (222.69441383000-52.28539811000)[ICRS], at Epoch=J2016.0
#   meta: !!omap
#   - {ucd: POS_ANG_DIST_GENERAL}
#   - {width: 7}
#   - {precision: '4'}
# - name: HIP
#   datatype: int32
#   description: '? HIP cross-id number, van Leeuwen, Cat. I/311 (hip_original_ext_source_id)'
#   meta: !!omap
#   - {ucd: ID_NUMBER}
#   - {width: 6}
#   - values: {'null': -2147483648}
# - name: TYC2
#   datatype: string
#   description: Tycho-2 cross-id name, Hog et al., Cat. I/259 (tyc2_original_ext_source_id)
#   meta: !!omap
#   - {ucd: ID_CROSSID}
#   - {_votable_string_dtype: char}
# - name: Source
#   datatype: int64
#   description: Source identifier, identical to the Gaia-EDR3 source_id (id)
#   meta: !!omap
#   - {ucd: ID_MAIN}
#   - {width: 19}
# - name: rgeo
#   unit: pc
#   datatype: float64
#   format: '{:15.8f}'
#   description: '? Median of the geometric distance posterior (r_med_geo)'
#   meta: !!omap
#   - {ucd: PHYS_DISTANCE_TRUE}
#   - {width: 15}
#   - {precision: '8'}
#   - values: {'null': .nan}
# - name: Plx
#   unit: mas
#   datatype: float64
#   format: '{:9.4f}'
#   description: '? Parallax (parallax)'
#   meta: !!omap
#   - {ucd: POS_PARLX_TRIG}
#   - {width: 9}
#   - {precision: '4'}
#   - values: {'null': .nan}
# - name: e_Plx
#   unit: mas
#   datatype: float32
#   format: '{:7.4f}'
#   description: '? Standard error of parallax (parallax_error)'
#   meta: !!omap
#   - {ucd: ERROR}
#   - {width: 7}
#   - {precision: '4'}
#   - values: {'null': .nan}
# - name: pmRA
#   unit: mas / yr
#   datatype: float64
#   format: '{:9.3f}'
#   description: '? Proper motion in right ascension direction, pmRA*cosDE (pmra)'
#   meta: !!omap
#   - {ucd: POS_EQ_PMRA}
#   - {width: 9}
#   - {precision: '3'}
#   - values: {'null': .nan}
# - name: pmDE
#   unit: mas / yr
#   datatype: float64
#   format: '{:9.3f}'
#   description: '? Proper motion in declination direction (pmdec)'
#   meta: !!omap
#   - {ucd: POS_EQ_PMDEC}
#   - {width: 9}
#   - {precision: '3'}
#   - values: {'null': .nan}
# - name: e_pmRA
#   unit: mas / yr
#   datatype: float32
#   format: '{:6.3f}'
#   description: '? Standard error of proper motion in right ascension direction (pmra_error)'
#   meta: !!omap
#   - {ucd: ERROR}
#   - {width: 6}
#   - {precision: '3'}
#   - values: {'null': .nan}
# - name: e_pmDE
[...]
#         unit: &id001 !astropy.units.Unit {unit: deg}
#         value: !astropy.table.SerializedColumn {name: SkyCoord.dec}
#       distance: !astropy.table.SerializedColumn
#         __class__: astropy.coordinates.distances.Distance
#         unit: !astropy.units.Unit {unit: pc}
#         value: !astropy.table.SerializedColumn {name: SkyCoord.distance}
#       frame: icrs
#       obstime: !astropy.time.Time {format: jyear_str, in_subfmt: '*', jd1: 367701545.0, jd2: 0.0, out_subfmt: '*', precision: 3, scale: tt}
#       pm_dec: !astropy.table.SerializedColumn
#         __class__: astropy.units.quantity.Quantity
#         unit: !astropy.units.Unit {unit: mas / yr}
#         value: !astropy.table.SerializedColumn {name: SkyCoord.pm_dec}
#       pm_ra_cosdec: !astropy.table.SerializedColumn
#         __class__: astropy.units.quantity.Quantity
#         unit: !astropy.units.Unit {unit: mas / yr}
#         value: !astropy.table.SerializedColumn {name: SkyCoord.pm_ra_cosdec}
#       ra: !astropy.table.SerializedColumn
#         __class__: astropy.coordinates.angles.Longitude
#         unit: *id001
#         value: !astropy.table.SerializedColumn {name: SkyCoord.ra}
#         wrap_angle: !astropy.coordinates.Angle
#           unit: *id001
#           value: 360.0
#       representation_type: spherical
# schema: astropy-2.0
RA_ICRS_1 DE_ICRS_1 e_RA_ICRS e_DE_ICRS _r_1 HIP TYC2 Source rgeo Plx e_Plx pmRA pmDE e_pmRA e_pmDE RUWE Teff logg Gmag BP-RP BPmag RPmag RV e_RV b_rgeo B_rgeo FG e_FG FBP e_FBP FRP e_FRP RAVE5 RAVE6 e_Gmag e_BPmag e_RPmag e_BP-RP SkyCoord.ra SkyCoord.dec SkyCoord.distance SkyCoord.pm_ra_cosdec SkyCoord.pm_dec
[from data line 966]
222.58604312113 -52.25968975222 0.0316 0.0478 4.2673 "" "" 5894912540155620096 1381.60742 0.7088 0.0587 -12.59 -1.843 0.047 0.07 1.012 5161.5 3.815 16.51517 1.453516 17.17918 15.725664 "" "" 1280.09204 1480.04846 4665.29255 2.0692 1835.5 6.6622 4063.4 6.6629 "" "" 0.0027970854077581544 0.0048285793 0.0041777105 0.00900629 222.58604312113 -52.25968975222 1381.60742 -12.590000000000003 -1.8430000000000013
222.46613655998 -51.99961704957 0.0392 0.0428 19.0963 "" "" 5900935527411724288 1427.20447 0.6788 0.0579 -2.027 0.047 0.058 0.06 1.007 5417.7 4.6729 16.516953 1.341667 17.116978 15.77531 "" "" 1326.73572 1573.12402 4657.64202 2.1389 1943.7 6.9755 3881.8 8.5689 "" "" 0.00280006915203759 0.004792438 0.0044752616 0.009267699 222.46613655998 -51.99961704957 1427.20447 -2.0269999999999997 0.04700000000000015
223.0246618926 -52.6237327075 0.0296 0.0403 23.6198 "" "" 5900846982362602752 1709.29578 0.5531 0.053 -4.383 -2.4 0.044 0.062 1.0 6538.3 4.2974 16.51698 1.42026 17.16106 15.740801 "" "" 1580.03723 1847.8595 4657.52183 1.998 1866.3 6.1296 4007.2 9.2216 "" "" 0.0027944095024876993 0.004527807 0.0045306203 0.009058427 223.0246618926 -52.6237327075 1709.29578 -4.382999999999999 -2.3999999999999995
222.87536361196 -52.12468550405 0.0308 0.0383 11.7155 "" "" 5900919103456200576 1316.83325 0.7439 0.0499 -4.41 -0.188 0.043 0.054 0.969 5144.7 4.5844 16.518442 1.366867 17.127184 15.760317 "" "" 1246.61609 1393.71057 4651.2542 2.1042 1925.5 7.8934 3935.8 9.5852 "" "" 0.002798758263637765 0.0052531227 0.0046125334 0.0098656565 222.87536361196 -52.12468550405 1316.83325 -4.41 -0.1880000000000001
223.10623992883 -52.0936055299 0.0297 0.0371 19.0234 "" "" 5900922848667939072 1653.49365 0.5971 0.0535 -0.492 1.078 0.042 0.055 1.032 5343.5 4.5606 16.518583 1.426003 17.154972 15.72897 "" "" 1526.99243 1874.88293 4650.65027 2.2664 1876.8 7.2128 4051.1 10.659 "" "" 0.002805663621944973 0.005019553 0.004737571 0.009757124 223.10623992883 -52.0936055299 1653.49365 -0.49199999999999994 1.0780000000000003
222.97168871315 -52.61518503502 0.0916 0.1273 22.2336 "" "" 5894854197316950016 1486.87402 0.7303 0.1586 -6.493 -1.647 0.122 0.17 3.075 5012.6 4.7244 16.519676 1.552055 17.171665 15.61961 "" "" 1246.276 1915.80847 4645.97103 6.8947 1848.2 8.1076 4480.4 8.4942 "" "" 0.0031918519557996216 0.0055199517 0.004303573 0.009823525 222.97168871315 -52.61518503502 1486.87402 -6.492999999999999 -1.646999999999999
222.53681850625 -52.59135427045 0.0343 0.0517 19.2411 "" "" 5894904053299478144 1707.84668 0.5828 0.0657 -4.316 -2.631 0.049 0.076 1.015 6015.6 4.4328 16.521986 1.415707 16.945896 15.53019 "" "" 1545.45325 1951.94214 4636.09634 6.836 2275.4 29.985 4865.0 58.712 "" "" 0.0031866572966273835 0.014577244 0.013637098 0.028214343 222.53681850625 -52.59135427045 1707.84668 -4.316000000000001 -2.6310000000000002
223.3020691491 -52.10878499751 0.0282 0.0353 24.7326 "" "" 5900875397866684672 1819.85364 0.5269 0.0499 -2.264 -3.065 0.039 0.049 0.982 5547.2 4.5337 16.522491 1.386944 17.095394 15.70845 "" "" 1676.10205 1979.547 4633.93628 1.9847 1982.7 9.017 4128.4 12.895 "" "" 0.002794285326455304 0.0056715477 0.005077846 0.010749394 223.3020691491 -52.10878499751 1819.85364 -2.264 -3.0649999999999995
222.90365306499 -52.04679545843 0.0317 0.0376 16.2558 "" "" 5900925494367731712 1815.84009 0.5454 0.0512 -2.599 -2.496 0.044 0.053 0.974 5227.4 4.3625 16.522757 1.244824 17.067823 15.822999 "" "" 1631.75793 2000.33997 4632.80701 2.0861 2033.7 6.873 3715.0 8.7608 "" "" 0.0027983579710469217 0.0046096467 0.0045650215 0.009174668 222.90365306499 -52.04679545843 1815.84009 -2.599 -2.496
222.82710451123 -52.69406101336 0.0309 0.0479 24.9944 "" "" 5894852032653348096 1851.48425 0.5364 0.0567 -10.094 -3.035 0.045 0.071 1.025 5803.2 3.8308 16.525318 1.482036 17.20584 15.723804 "" "" 1660.20227 2133.68774 4621.89062 1.9237 1790.9 5.2887 4070.4 7.0871 "" "" 0.0027921322825204308 0.0042503295 0.0042257984 0.008476128 222.82710451123 -52.69406101336 1851.48425 -10.094000000000001 -3.0349999999999993
222.08983438941 -52.486167315 0.0323 0.0449 25.2048 "" "" 5894914567379805568 1833.7384 0.5399 0.0579 -3.646 -4.112 0.043 0.059 1.068 6825.2 4.3359 16.527382 1.431578 17.177364 15.745787 "" "" 1681.90735 1982.75867 4613.11115 1.7959 1838.5 6.5742 3988.8 7.0822 "" "" 0.002787552416250241 0.004781036 0.0042426335 0.00902367 222.08983438941 -52.486167315 1833.7384 -3.6460000000000004 -4.112000000000001
222.83041834317 -52.65260783014 0.0312 0.0459 22.5864 "" "" 5894853819359810560 1381.37744 0.7076 0.0552 -8.776 1.119 0.045 0.07 1.031 6372.7 4.091 16.527819 1.486552 17.207523 15.720971 "" "" 1284.42639 1513.69165 4611.25675 1.9218 1788.2 5.9601 4081.0 8.6107 "" "" 0.0027922286064992574 0.0045695286 0.0044194693 0.008988998 222.83041834317 -52.65260783014 1381.37744 -8.775999999999998 1.1189999999999993
223.00188901836 -52.58199901501 0.029 0.0415 21.0525 "" "" 5900859042630806912 1896.36499 0.5088 0.0523 -11.399 -3.54 0.041 0.061 1.035 6506.1 4.1806 16.527962 1.45727 17.188494 15.731224 "" "" 1726.73413 2086.41357 4610.64574 1.861 1819.8 7.3147 4042.7 7.3486 "" "" 0.002789953578550347 0.00517983 0.0042636595 0.00944349 223.00188901836 -52.58199901501 1896.36499 -11.398999999999997 -3.5400000000000005
222.80658124237 -52.33648968197 0.0316 0.0426 5.131 "" "" 5900912609465444224 1443.9939 0.6632 0.0585 -8.788 -9.077 0.044 0.06 1.017 5637.8 4.5381 16.530228 1.62644 17.297316 15.670876 "" "" 1339.29065 1592.79211 4601.03924 2.2196 1646.2 5.7512 4273.7 7.9401 "" "" 0.0028046617478808215 0.0047088265 0.0042840135 0.00899284 222.80658124237 -52.33648968197 1443.9939 -8.787999999999998 -9.076999999999998
222.3864809804 -52.44586791073 0.0343 0.0528 14.8317 "" "" 5894909550857964800 1593.81604 0.6139 0.0614 -1.925 -2.077 0.05 0.077 1.022 6705.0 4.3298 16.533218 1.410008 17.171051 15.761044 "" "" 1457.47632 1739.39465 4588.3819 2.0089 1849.3 11.058 3933.2 10.944 "" "" 0.0027960252037046995 0.007066401 0.0048384215 0.011904823 222.3864809804 -52.44586791073 1593.81604 -1.9250000000000003 -2.077
223.0461490735 -52.01112535573 0.0312 0.0374 20.9406 "" "" 5900924257417251712 1848.67737 0.5188 0.0517 -7.032 -2.944 0.044 0.055 0.988 6640.6 4.3548 16.534008 1.404653 17.13933 15.734676 "" "" 1686.41785 1994.88513 4585.04206 2.1632 1904.1 8.2159 4029.8 13.967 "" "" 0.0028025317506774716 0.00545273 0.005333341 0.010786071 223.0461490735 -52.01112535573 1848.67737 -7.032 -2.9440000000000004
222.62098763899 -52.14797661405 0.0376 0.0538 8.6759 "" "" 5900930029853459328 1850.15112 0.5341 0.0622 -8.256 -5.572 0.053 0.075 0.994 5400.7 4.5678 16.534735 1.437431 17.187517 15.750086 "" "" 1669.15747 2087.01978 4581.97926 2.2448 1821.4 8.9368 3973.0 9.7859 "" "" 0.002806195216386597 0.0060136816 0.0046298476 0.010643529 222.62098763899 -52.14797661405 1850.15112 -8.256 -5.572000000000001
222.24685382487 -52.60316602509 0.0342 0.0498 25.1282 "" "" 5894900514246487424 1860.74316 0.5209 0.061 -8.135 -4.915 0.044 0.065 1.03 6826.8 4.289 16.539621 1.521646 17.24397 15.722324 "" "" 1685.46338 2044.32788 4561.39878 2.0856 1729.1 7.3759 4075.9 7.2465 "" "" 0.0027996841396765964 0.0054069953 0.0042438023 0.009650798 222.24685382487 -52.60316602509 1860.74316 -8.135 -4.915
222.49121469678 -52.26890204631 0.034 0.0506 7.5249 "" "" 5894924016308258944 1776.62134 0.5506 0.0606 -10.636 -6.656 0.054 0.08 1.049 5081.1 4.4295 16.540388 1.427534 17.19034 15.762806 "" "" 1635.34985 1939.13 4558.17866 1.9286 1816.7 7.2205 3926.8 10.267 "" "" 0.002793353242777548 0.005138739 0.0047267643 0.009865504 222.49121469678 -52.26890204631 1776.62134 -10.635999999999997 -6.655999999999997
222.73982835883 -52.69739895634 0.0321 0.0475 24.7757 "" "" 5894852543725023104 1898.75989 0.5139 0.0543 1.571 0.321 0.045 0.069 0.966 4856.6 4.2859 16.540804 1.57922 17.274315 15.695095 "" "" 1749.23193 2138.13086 4556.43694 1.8993 1681.5 6.6409 4179.5 7.7786 "" "" 0.0027922419925124277 0.0051158536 0.0042856676 0.009401521 222.73982835883 -52.69739895634 1898.75989 1.5709999999999997 0.32100000000000023
222.80302737762 -52.6069844735 0.0327 0.0518 19.6998 "" "" 5894854884512048384 1599.81396 0.6174 0.0559 -6.546 -5.936 0.049 0.084 0.961 6670.3 4.3222 16.541147 1.527515 17.231932 15.704416 "" "" 1472.59058 1737.46704 4554.99376 1.9028 1748.4 6.8815 4143.7 8.6385 "" "" 0.0027924006243892916 0.0051035685 0.0044053392 0.009508908 222.80302737762 -52.6069844735 1599.81396 -6.545999999999999 -5.936
222.97982319934 -52.368344652 0.0324 0.0457 11.5888 "" "" 5900865914578661248 1856.88635 0.5181 0.0565 -1.809 -1.268 0.046 0.066 1.039 6519.4 4.3202 16.541222 1.405328 17.18204 15.776711 "" "" 1717.15356 2053.48193 4554.68357 1.9934 1830.6 6.1805 3876.8 7.9901 "" "" 0.002795994977159642 0.0046067615 0.0043921587 0.00899892 222.97982319934 -52.368344652 1856.88635 -1.8090000000000002 -1.2680000000000005
222.66475833739 -52.37469819443 0.0312 0.0487 5.4672 "" "" 5894908004669786240 1697.6322 0.5689 0.0577 -6.019 1.475 0.044 0.072 1.006 5427.2 4.3109 16.542175 1.39408 17.16057 15.76649 "" "" 1554.78296 1877.04749 4550.68126 1.9266 1867.2 6.2202 3913.5 7.9294 "" "" 0.00279339924882785 0.0045680515 0.004373009 0.00894106 222.66475833739 -52.37469819443 1697.6322 -6.019 1.475000000000001
222.97252785288 -52.3063592637 0.0311 0.0393 10.2826 "" "" 5900866945370852096 1581.53418 0.6127 0.0557 -5.331 -3.751 0.045 0.059 0.955 7180.3 4.3446 16.543587 1.487239 17.219036 15.731797 "" "" 1454.63696 1730.84607 4544.77165 1.9227 1769.3 7.4504 4040.5 8.7414 "" "" 0.00279334430993939 0.0053561055 0.004449854 0.00980596 222.97252785288 -52.3063592637 1581.53418 -5.331000000000002 -3.7510000000000003
222.89145237443 -52.45834356545 0.0305 0.0446 12.6402 "" "" 5900863612476524288 1564.33643 0.6202 0.0556 -6.313 -6.096 0.045 0.075 0.966 4794.6 4.2899 16.544422 1.645531 17.329502 15.683971 "" "" 1413.40552 1698.97156 4541.27406 1.9336 1598.1 7.1107 4222.5 7.5852 "" "" 0.002793832523472771 0.005578812 0.0042529698 0.009831782 222.89145237443 -52.45834356545 1564.33643 -6.312999999999999 -6.096000000000001
222.65342269939 -52.50894201351 0.0318 0.0515 13.4963 "" "" 5894906252322825216 1840.55017 0.529 0.0626 -1.187 -2.515 0.046 0.076 1.038 6636.1 3.9275 16.545216 1.462592 17.214994 15.752402 "" "" 1666.74609 2005.9928 4537.95738 1.9416 1775.9 8.1649 3964.6 6.4284 "" "" 0.0027942060335170798 0.005718658 0.004169289 0.009887947 222.65342269939 -52.50894201351 1840.55017 -1.1869999999999998 -2.5149999999999997
222.30053798194 -52.37667957324 0.0371 0.0479 15.4454 "" "" 5894921920364011904 1704.45239 0.5802 0.0632 -5.386 -4.503 0.051 0.067 0.964 5213.2 4.3298 16.54567 1.45901 17.192457 15.733447 "" "" 1515.51697 1903.40088 4536.06139 2.1876 1813.2 7.8858 4034.4 8.7548 "" "" 0.002804632525056696 0.005484721 0.0044536367 0.009938357 222.30053798194 -52.37667957324 1704.45239 -5.386 -4.502999999999999
222.41055852113 -52.01098768001 0.0417 0.0513 19.5013 "" "" 5900935286893554688 1714.04883 0.5846 0.0662 -14.763 -8.378 0.06 0.075 1.034 4774.7 4.3281 16.547356 1.418764 17.1836 15.764835 "" "" 1526.93005 1893.9353 4529.02644 2.1906 1828.0 8.5604 3919.4 8.4234 "" "" 0.0028049190388989296 0.005799695 0.004441684 0.010241379 222.41055852113 -52.01098768001 1714.04883 -14.762999999999998 -8.377999999999998
222.46647544428 -52.57615040579 0.0345 0.0428 19.3356 "" "" 5894898487021899136 1733.25732 0.5521 0.0645 -2.899 -1.703 0.049 0.061 0.964 5589.0 4.5877 16.547836 1.460401 17.214401 15.754001 "" "" 1535.54578 1944.21826 4527.01559 1.9428 1776.9 8.4298 3958.7 7.7888 "" "" 0.0027944408959072768 0.0058580083 0.004341323 0.010199331 222.46647544428 -52.57615040579 1733.25732 -2.899 -1.7029999999999998
222.77342064638 -52.69578703194 0.0321 0.0464 24.7919 "" "" 5894852204452053248 1799.54199 0.5331 0.0549 -10.459 -4.852 0.046 0.07 0.999 4779.6 4.2923 16.550735 1.639658 17.326347 15.686689 "" "" 1608.94849 1985.38293 4514.94733 1.8083 1602.8 8.1638 4211.9 6.3499 "" "" 0.0027894239927865926 0.006194164 0.004118623 0.010312787 222.77342064638 -52.69578703194 1799.54199 -10.459 -4.851999999999999
222.11120707463 -52.3826351612 0.034 0.0437 22.1639 "" "" 5894919549542148992 1660.07214 0.5961 0.0591 -6.348 -1.346 0.047 0.06 1.028 5732.9 4.5967 16.555212 1.364004 17.123987 15.759983 "" "" 1520.91992 1827.51636 4496.36919 2.612 1931.2 7.0986 3937.0 11.309 "" "" 0.002826587181477697 0.0048695225 0.004900045 0.009769568 222.11120707463 -52.3826351612 1660.07214 -6.347999999999999 -1.3459999999999996
223.08667393936 -52.38718570861 0.0303 0.037 15.6239 "" "" 5900862920962260480 1824.95422 0.5252 0.051 -3.939 -6.652 0.041 0.054 1.019 5165.2 4.3266 16.555286 1.460906 17.202404 15.741498 "" "" 1660.20667 2070.32886 4496.06348 1.8103 1796.6 7.3555 4004.6 9.947 "" "" 0.0027897849413235443 0.0052482653 0.004642924 0.00989119 223.08667393936 -52.38718570861 1824.95422 -3.938999999999999 -6.652000000000001
223.14429444012 -52.52774670737 0.0309 0.0399 21.9682 "" "" 5900849181385918720 1610.63354 0.5949 0.0527 6.687 -0.662 0.042 0.056 1.063 7627.4 4.4025 16.555567 1.424633 17.198967 15.774334 "" "" 1490.56506 1805.93848 4494.90262 1.8948 1802.3 6.5924 3885.3 6.2574 "" "" 0.002793074587569563 0.004853541 0.0041642976 0.009017838 223.14429444012 -52.52774670737 1610.63354 6.687000000000001 -0.6619999999999994
223.28403576024 -52.19952310015 0.03 0.0364 22.2666 "" "" 5900871549576404736 1428.49182 0.682 0.053 -14.223 -3.587 0.042 0.052 0.984 5060.1 4.3694 16.555605 1.489924 17.238375 15.74845 "" "" 1340.40906 1516.45984 4494.74465 1.9921 1738.1 5.2762 3979.0 6.393 "" "" 0.0027970248387898296 0.0043183146 0.0041625453 0.00848086 223.28403576024 -52.19952310015 1428.49182 -14.223 -3.5870000000000015
222.21671080239 -52.54412298039 0.0323 0.0442 23.3795 "" "" 5894901751197197952 1472.12134 0.6697 0.0572 -9.549 -2.824 0.043 0.059 0.967 4778.4 4.2327 16.55581 1.6044 17.303005 15.698606 "" "" 1353.65247 1626.28467 4493.89071 2.0277 1637.6 6.3258 4166.0 8.9572 "" "" 0.002798533411130065 0.005037357 0.0044422066 0.009479564 222.21671080239 -52.54412298039 1472.12134 -9.549 -2.824
222.5701817858 -51.91122335987 0.0512 0.0515 22.9127 "" "" 5900937692075373440 1373.01245 0.7165 0.0699 -11.464 -6.022 0.077 0.08 1.105 5515.1 4.602 16.555902 1.413123 17.176678 15.763555 "" "" 1255.09827 1497.76868 4493.50976 2.3375 1839.7 7.2853 3924.1 6.6405 "" "" 0.002812611226132062 0.005125556 0.004202318 0.009327874 222.5701817858 -51.91122335987 1373.01245 -11.464000000000002 -6.022000000000002
223.04887184745 -52.21968477844 0.0307 0.0416 13.6035 "" "" 5900873611160120704 1775.53589 0.5629 0.0547 0.801 0.254 0.044 0.062 0.975 5047.2 4.3303 16.556751 1.350737 17.159113 15.808376 "" "" 1581.09424 2014.43872 4490.00159 1.9346 1869.7 7.9496 3765.4 8.6236 "" "" 0.0027947513417236614 0.0053940364 0.0045240233 0.00991806 223.04887184745 -52.21968477844 1775.53589 0.8009999999999999 0.25399999999999995
223.1036388221 -52.4551834259 0.0321 0.0395 18.125 "" "" 5900861615300304640 1757.53235 0.5545 0.0542 -7.21 -4.314 0.043 0.056 1.065 "" "" 16.557106 1.490054 17.180391 15.690337 "" "" 1595.1709 1948.77283 4488.53114 2.4168 1833.4 9.4122 4197.8 15.77 "" "" 0.002816655759883314 0.0062332395 0.0055606184 0.011793857 223.1036388221 -52.4551834259 1757.53235 -7.21 -4.314
223.13131394039 -52.35424439469 0.0297 0.0368 16.5473 "" "" 5900863092757982976 1879.28577 0.5073 0.0491 -6.304 -4.679 0.041 0.053 0.977 6325.3 4.2932 16.558262 1.506078 17.253803 15.747725 "" "" 1706.5293 2060.56494 4483.75888 1.8502 1713.5 6.7891 3981.7 7.4284 "" "" 0.002791507552410691 0.0051274477 0.0042879754 0.0094154235 223.13131394039 -52.35424439469 1879.28577 -6.304 -4.679000000000001
