Clusters/Hogg_18/Hogg_18_stars_in_region.tsv
# %ECSV 1.0
# ---
# datatype:
# - name: RA_ICRS_1
#   unit: deg
#   datatype: float64
#   format: '{:15.11f}'
#   description: Right ascension (ICRS) at Ep=2016.0 (ra)
#   meta: !!omap
#   - {ucd: POS_EQ_RA_MAIN}
#   - {width: 15}
#   - {precision: '11'}
# - name: DE_ICRS_1
#   unit: deg
#   datatype: float64
#   format: '{:15.11f}'
#   description: Declination (ICRS) at Ep=2016.0 (dec)
#   meta: !!omap
#   - {ucd: POS_EQ_DEC_MAIN}
#   - {width: 15}
#   - {precision: '11'}
# - name: e_RA_ICRS
#   unit: mas
#   datatype: float64
#   format: '{:7.4f}'
#   description: Standard error of right ascension (ra_error)
#   meta: !!omap
#   - {ucd: ERROR}
#   - {width: 7}
#   - {precision: '4'}
# - name: e_DE_ICRS
#   unit: mas
#   datatype: float64
#   format: '{:7.4f}'
#   description: Standard error of declination (dec_error)
#   meta: !!omap
#   - {ucd: ERROR}
#   - {width: 7}
#   - {precision: '4'}
# - name: _r_1
#   unit: ''
#   datatype: float64
#   format: '{:7.4f}'
#   description: Distance from center (222.69441383000-52.28539811000)[ICRS], at Epoch=J2016.0
#   meta: !!omap
#   - {ucd: POS_ANG_DIST_GENERAL}
#   - {width: 7}
#   - {precision: '4'}
# - name: HIP
#   datatype: int32
#   description: '? HIP cross-id number, van Leeuwen, Cat. I/311 (hip_original_ext_source_id)'
#   meta: !!omap
#   - {ucd: ID_NUMBER}
#   - {width: 6}
#   - values: {'null': -2147483648}
# - name: TYC2
#   datatype: string
#   description: Tycho-2 cross-id name, Hog et al., Cat. I/259 (tyc2_original_ext_source_id)
#   meta: !!omap
#   - {ucd: ID_CROSSID}
#   - {_votable_string_dtype: char}
# - name: Source
#   datatype: int64
#   description: Source identifier, identical to the Gaia-EDR3 source_id (id)
#   meta: !!omap
#   - {ucd: ID_MAIN}
#   - {width: 19}
# - name: rgeo
#   unit: pc
#   datatype: float64
#   format: '{:15.8f}'
#   description: '? Median of the geometric distance posterior (r_med_geo)'
#   meta: !!omap
#   - {ucd: PHYS_DISTANCE_TRUE}
#   - {width: 15}
#   - {precision: '8'}
#   - values: {'null': .nan}
# - name: Plx
#   unit: mas
#   datatype: float64
#   format: '{:9.4f}'
#   description: '? Parallax (parallax)'
#   meta: !!omap
#   - {ucd: POS_PARLX_TRIG}
#   - {width: 9}
#   - {precision: '4'}
#   - values: {'null': .nan}
# - name: e_Plx
#   unit: mas
#   datatype: float32
#   format: '{:7.4f}'
#   description: '? Standard error of parallax (parallax_error)'
#   meta: !!omap
#   - {ucd: ERROR}
#   - {width: 7}
#   - {precision: '4'}
#   - values: {'null': .nan}
# - name: pmRA
#   unit: mas / yr
#   datatype: float64
#   format: '{:9.3f}'
#   description: '? Proper motion in right ascension direction, pmRA*cosDE (pmra)'
#   meta: !!omap
#   - {ucd: POS_EQ_PMRA}
#   - {width: 9}
#   - {precision: '3'}
#   - values: {'null': .nan}
# - name: pmDE
#   unit: mas / yr
#   datatype: float64
#   format: '{:9.3f}'
#   description: '? Proper motion in declination direction (pmdec)'
#   meta: !!omap
#   - {ucd: POS_EQ_PMDEC}
#   - {width: 9}
#   - {precision: '3'}
#   - values: {'null': .nan}
# - name: e_pmRA
#   unit: mas / yr
#   datatype: float32
#   format: '{:6.3f}'
#   description: '? Standard error of proper motion in right ascension direction (pmra_error)'
#   meta: !!omap
#   - {ucd: ERROR}
#   - {width: 6}
#   - {precision: '3'}
#   - values: {'null': .nan}
# - name: e_pmDE
[...]
#         value: !astropy.table.SerializedColumn {name: SkyCoord.dec}
#       distance: !astropy.table.SerializedColumn
#         __class__: astropy.coordinates.distances.Distance
#         unit: !astropy.units.Unit {unit: pc}
#         value: !astropy.table.SerializedColumn {name: SkyCoord.distance}
#       frame: icrs
#       obstime: !astropy.time.Time {format: jyear_str, in_subfmt: '*', jd1: 367701545.0, jd2: 0.0, out_subfmt: '*', precision: 3, scale: tt}
#       pm_dec: !astropy.table.SerializedColumn
#         __class__: astropy.units.quantity.Quantity
#         unit: !astropy.units.Unit {unit: mas / yr}
#         value: !astropy.table.SerializedColumn {name: SkyCoord.pm_dec}
#       pm_ra_cosdec: !astropy.table.SerializedColumn
#         __class__: astropy.units.quantity.Quantity
#         unit: !astropy.units.Unit {unit: mas / yr}
#         value: !astropy.table.SerializedColumn {name: SkyCoord.pm_ra_cosdec}
#       ra: !astropy.table.SerializedColumn
#         __class__: astropy.coordinates.angles.Longitude
#         unit: *id001
#         value: !astropy.table.SerializedColumn {name: SkyCoord.ra}
#         wrap_angle: !astropy.coordinates.Angle
#           unit: *id001
#           value: 360.0
#       representation_type: spherical
# schema: astropy-2.0
RA_ICRS_1 DE_ICRS_1 e_RA_ICRS e_DE_ICRS _r_1 HIP TYC2 Source rgeo Plx e_Plx pmRA pmDE e_pmRA e_pmDE RUWE Teff logg Gmag BP-RP BPmag RPmag RV e_RV b_rgeo B_rgeo FG e_FG FBP e_FBP FRP e_FRP RAVE5 RAVE6 e_Gmag e_BPmag e_RPmag e_BP-RP SkyCoord.ra SkyCoord.dec SkyCoord.distance SkyCoord.pm_ra_cosdec SkyCoord.pm_dec rmRA rmDE e_rmRA e_rmDE rRV e_rRV v_pec v_pec3d e_vpec e_vpec3d
[from data line 1306]
222.65247971172 -52.37696349467 0.0383 0.059 5.705 "" "" 5894908210828216704 1472.71497 0.6701 0.071 -15.625 -10.056 0.056 0.09 1.039 4798.1 4.4122 16.888948 1.516552 17.597609 16.081057 "" "" 1316.64478 1650.76672 3306.49356 1.7482 1248.5 6.6101 2929.1 7.3988 "" "" 0.002814483936100135 0.006389731 0.0046696034 0.0110593345 222.65247971172 -52.37696349467 1472.71497 -15.625000000000012 -10.055999999999983 -13.804411768913269 -7.789941078186034 0.14387228 0.17787227 "" "" 110.64855018013385 "" 16.904767793505886 ""
222.57793049045 -52.65506372611 0.041 0.062 22.5849 "" "" 5894850898782120576 1465.27087 0.6623 0.0743 -5.021 -5.334 0.058 0.09 1.062 5114.0 4.6676 16.891266 1.456207 17.562412 16.106205 "" "" 1314.06714 1647.79761 3299.44265 1.7146 1289.6 6.7014 2862.0 7.8186 "" "" 0.0028124954654332626 0.0062942407 0.0048043095 0.011098551 222.57793049045 -52.65506372611 1465.27087 -5.021 -5.334 -3.200411768913269 -3.067941078186035 0.14587227 0.17787227 "" "" 30.791557297229758 "" 4.98783235888275 ""
222.42223146751 -52.3736119381 0.0381 0.0593 11.2968 "" "" 5894910409851600128 1809.06165 0.5466 0.0733 -4.141 -8.601 0.055 0.088 1.012 5597.9 4.6493 16.895535 1.397655 17.526958 16.129303 "" "" 1606.5271 2103.22852 3286.49355 1.7644 1332.4 7.9909 2801.8 7.9286 "" "" 0.0028163013391831206 0.007084174 0.0048706904 0.0119548645 222.42223146751 -52.3736119381 1809.06165 -4.140999999999998 -8.601 -2.320411768913269 -6.334941078186036 0.14287227 0.17587227 "" "" 57.8512500669285 "" 9.967680635422264 ""
222.96807994889 -52.05942322295 0.0403 0.0471 16.889 "" "" 5900925563087199488 1499.59583 0.6492 0.0669 -8.778 -6.869 0.055 0.065 1.043 5182.5 4.6365 16.89641 1.399963 17.52191 16.121946 "" "" 1355.16882 1620.69275 3283.84359 1.925 1338.6 7.3125 2820.8 8.6874 "" "" 0.0028278743710520478 0.0065546674 0.005046266 0.011600934 222.96807994889 -52.05942322295 1499.59583 -8.778 -6.869 -6.9574117689132695 -4.602941078186035 0.14287227 0.15287226 "" "" 59.29720696041822 "" 8.656755040336433 ""
222.19966711603 -52.52555892614 0.04 0.0527 23.143 "" "" 5894901819916721024 1807.71082 0.5744 0.0742 -2.691 2.86 0.052 0.069 1.062 4960.9 4.3453 16.89684 1.583586 17.639332 16.055746 "" "" 1615.57568 2106.88159 3282.54813 2.998 1201.4 6.8603 2998.2 9.7772 "" "" 0.0029283267383708256 0.006798745 0.0051787696 0.011977514 222.19966711603 -52.52555892614 1807.71082 -2.690999999999999 2.8599999999999994 -0.8704117689132689 5.126058921813964 0.13987228 0.15687227 "" "" 44.55159231739711 "" 6.9688055891778795 ""
222.71601768455 -52.5742329304 0.04 0.0628 17.3481 "" "" 5894856739937718272 1669.1825 0.6175 0.0775 -7.807 -8.77 0.057 0.094 1.091 4585.8 4.3243 16.898062 1.734867 17.736607 16.00174 "" "" 1509.32385 2041.70044 3278.85193 1.7564 1098.4 5.9564 3151.1 7.5312 "" "" 0.0028160345045002604 0.006515395 0.004584475 0.011099869 222.71601768455 -52.5742329304 1669.1825 -7.807 -8.77 -5.986411768913269 -6.503941078186035 0.14487228 0.18187228 "" "" 69.93818431460895 "" 11.604853492073703 ""
222.20956789742 -52.40916812972 0.0443 0.0581 19.26 "" "" 5894916697683733120 1583.83362 0.6278 0.0758 0.68 -4.741 0.059 0.075 1.01 5059.2 4.6565 16.900103 1.404505 17.537321 16.132816 "" "" 1449.39038 1743.35364 3272.69544 1.8433 1319.7 6.1676 2792.7 9.2661 "" "" 0.002822366585949331 0.0057907063 0.005221237 0.011011943 222.20956789742 -52.40916812972 1583.83362 0.6800000000000006 -4.741 2.500588231086731 -2.474941078186035 0.14687228 0.16287228 "" "" 26.41301389532212 "" 4.093921623133425 ""
222.63431653978 -52.06199418857 0.0522 0.0741 13.5854 "" "" 5900932671227611648 1545.1947 0.6494 0.0833 -9.608 -5.77 0.075 0.111 1.304 5071.0 4.6644 16.904684 1.556148 17.502056 15.945908 "" "" 1386.48889 1728.73779 3258.91553 3.0006 1363.3 7.4994 3317.4 15.476 "" "" 0.002931064942297449 0.006592142 0.0063197017 0.012911843 222.63431653978 -52.06199418857 1545.1947 -9.608000000000008 -5.7700000000000085 -7.78741176891327 -3.5039410781860347 0.16287228 0.19887227 "" "" 62.54448290120119 "" 10.599398430655588 ""
222.62522792298 -51.96669594115 0.0474 0.0508 19.2912 "" "" 5900936523844138752 1621.19897 0.5828 0.0732 -10.11 -4.116 0.071 0.076 0.981 4665.2 4.475 16.905617 1.353472 17.517145 16.163673 "" "" 1466.68225 1825.29529 3256.11895 2.0104 1344.5 6.2365 2714.5 6.1426 "" "" 0.002835695453239174 0.0057574757 0.004507778 0.0102652535 222.62522792298 -51.96669594115 1621.19897 -10.11 -4.116 -8.289411768913268 -1.8499410781860348 0.15887228 0.16387227 "" "" 65.26683967957284 "" 10.384804940603077 ""
222.19388111735 -52.37508034696 0.0512 0.0808 19.1253 "" "" 5894916972561749760 1547.10132 0.644 0.0822 -8.404 -2.967 0.067 0.106 1.095 5339.1 4.6954 16.90896 1.391663 17.532066 16.140404 "" "" 1373.47546 1703.40002 3246.10712 1.7482 1326.1 8.6443 2773.3 9.8809 "" "" 0.0028166814147781065 0.007607601 0.005408118 0.013015719 222.19388111735 -52.37508034696 1547.10132 -8.404 -2.9669999999999987 -6.583411768913269 -0.7009410781860352 0.15487227 0.19387227 "" "" 48.55074044810165 "" 7.543021707776422 ""
222.49447012472 -52.64555802784 0.0415 0.057 22.8121 "" "" 5894851104940586624 1352.23218 0.7575 0.0795 -10.343 -2.639 0.056 0.076 1.052 4965.0 4.6573 16.910341 1.527353 17.621473 16.09412 "" "" 1222.90417 1506.33765 3241.97807 1.6972 1221.3 7.3463 2894.1 8.0367 "" "" 0.0028133357058510197 0.0071019167 0.004834667 0.011936584 222.49447012472 -52.64555802784 1352.23218 -10.343000000000009 -2.639000000000003 -8.522411768913269 -0.37294107818603495 0.14387228 0.16387227 "" "" 54.67736146442456 "" 7.868791467916713 ""
222.02429363973 -52.28603316446 0.0457 0.0576 24.5957 "" "" 5895108699898316288 1691.59229 0.581 0.077 -12.021 1.062 0.066 0.076 1.103 4986.6 4.7033 16.912624 1.403307 17.519054 16.115747 "" "" 1537.77307 1961.896 3235.16814 1.885 1342.1 6.9482 2837.0 9.2232 "" "" 0.002827010772800921 0.0062753824 0.0051713646 0.011446747 222.02429363973 -52.28603316446 1691.59229 -12.021000000000011 1.061999999999991 -10.20041176891327 3.328058921813965 0.15387228 0.16387227 "" "" 86.03153745317852 "" 13.323054226581348 ""
222.43026522215 -52.04832570447 0.0511 0.0636 17.2288 "" "" 5900935012015614720 1752.71741 0.5642 0.0796 -8.785 -4.286 0.073 0.093 1.041 4921.4 4.3542 16.912966 1.437183 17.569176 16.131992 "" "" 1523.53699 2006.77893 3234.15284 1.8477 1281.6 8.5424 2794.9 7.0448 "" "" 0.0028242786472568427 0.007756131 0.00466618 0.01242231 222.43026522215 -52.04832570447 1752.71741 -8.785 -4.286000000000003 -6.964411768913269 -2.0199410781860347 0.16087228 0.18087228 "" "" 60.24398897402742 "" 9.790387775029968 ""
222.50545511653 -52.4017839182 0.0388 0.0621 9.8356 "" "" 5894909413419067136 1514.32422 0.6494 0.073 -4.617 -2.429 0.055 0.09 0.952 5265.9 4.6595 16.913532 1.450905 17.57463 16.123726 "" "" 1388.61353 1671.60242 3232.46581 1.6193 1275.2 10.245 2816.2 7.8274 "" "" 0.002808489761010614 0.00915822 0.004836356 0.013994576 222.50545511653 -52.4017839182 1514.32422 -4.617000000000001 -2.4289999999999994 -2.796411768913269 -0.16294107818603498 0.14287227 0.17787227 "" "" 20.106400547791175 "" 2.875318749735919 ""
222.64295863196 -52.67711554567 0.0466 0.0608 23.5781 "" "" 5894855773539969152 1673.75574 0.5979 0.0797 -9.525 -4.091 0.067 0.092 0.986 "" "" 16.913893 1.449712 17.369957 15.920245 "" "" 1451.18274 2052.66138 3231.39471 2.6694 1539.7 216.46 3396.7 458.2 "" "" 0.002897625508719442 0.15266463 0.14650983 0.29917446 222.64295863196 -52.67711554567 1673.75574 -9.525 -4.091 -7.704411768913269 -1.8249410781860353 0.15487227 0.17987227 "" "" 62.815079261485295 "" 9.818062050648338 ""
222.37415269796 -52.4434312702 0.0403 0.0543 15.0861 "" "" 5894909619567859328 1638.90833 0.5952 0.0748 -6.317 -6.235 0.058 0.077 1.033 "" "" 16.914854 1.597657 17.560122 15.962464 "" "" 1459.93896 1828.41125 3228.53018 4.0183 1292.3 26.671 3267.2 75.703 "" "" 0.0030688573348385513 0.022580897 0.025439471 0.04802037 222.37415269796 -52.4434312702 1638.90833 -6.316999999999994 -6.234999999999996 -4.496411768913269 -3.9689410781860355 0.14587227 0.16487227 "" "" 46.59126514329267 "" 7.197457974404307 ""
223.25341314861 -52.06460318537 0.0453 0.0581 24.4654 "" "" 5900876291195946880 1679.76343 0.5932 0.0805 -4.321 -2.035 0.063 0.082 1.312 "" "" 16.915281 1.342133 17.237726 15.895594 "" "" 1459.68481 1974.09058 3227.26068 2.3895 1739.1 10.927 3474.7 18.523 "" "" 0.0028701969463168784 0.0073703714 0.0069125323 0.014282904 223.25341314861 -52.06460318537 1679.76343 -4.320999999999996 -2.0349999999999975 -2.5004117689132688 0.2310589218139647 0.15087228 0.16987228 "" "" 19.99329673708835 "" 3.0198511427455728 ""
223.10884107403 -52.45782602312 0.0367 0.0463 18.3713 "" "" 5900861619611272960 1724.23022 0.5572 0.0619 -9.652 -4.428 0.049 0.065 0.974 5157.3 4.6497 16.915329 1.525133 17.611444 16.086311 "" "" 1552.58313 1887.06714 3227.12128 1.6911 1232.6 6.9262 2915.0 8.9105 "" "" 0.002813449799035372 0.0067086946 0.0050297617 0.011738457 223.10884107403 -52.45782602312 1724.23022 -9.652000000000008 -4.4280000000000035 -7.831411768913268 -2.161941078186035 0.13687228 0.15287226 "" "" 66.39907210384264 "" 9.167473716519273 ""
222.44320200056 -52.36127095706 0.0389 0.0635 10.2759 "" "" 5894910508603397376 1816.78845 0.5779 0.0742 -9.341 -2.165 0.055 0.091 1.06 4707.7 4.3723 16.916893 1.479424 17.588827 16.109404 "" "" 1567.26184 2228.04834 3222.47497 2.0279 1258.6 7.8089 2853.6 7.4835 "" "" 0.0028387714765313416 0.0072913533 0.0047319075 0.012023261 222.44320200056 -52.36127095706 1816.78845 -9.340999999999998 -2.165 -7.520411768913268 0.10105892181396481 0.14287227 0.17887227 "" "" 64.7684540261461 "" 9.254090302346139 ""
222.24409143756 -52.3911829466 0.0413 0.0541 17.6868 "" "" 5894916732043507072 1804.3446 0.5458 0.0748 -8.938 -0.192 0.056 0.07 0.989 5383.9 4.6928 16.916985 1.424162 17.568144 16.143982 "" "" 1623.77417 2023.11414 3222.20328 1.6107 1282.8 8.1266 2764.2 6.3452 "" "" 0.002808264277171325 0.0074225706 0.0045271716 0.011949742 222.24409143756 -52.3911829466 1804.3446 -8.938000000000002 -0.19199999999999723 -7.11741176891327 2.0740589218139647 0.14387228 0.15787227 "" "" 63.40424075862482 "" 9.1946821987646 ""
222.78403383287 -52.33932811942 0.039 0.052 4.6127 "" "" 5900912231508322560 1585.82764 0.6067 0.0678 -5.972 -4.217 0.055 0.074 0.982 4717.0 4.3006 16.92074 1.651432 17.706455 16.055023 "" "" 1461.90845 1715.78015 3211.07528 1.7416 1129.4 8.1791 3000.2 10.443 "" "" 0.0028175453446419247 0.008343263 0.0053447215 0.013687984 222.78403383287 -52.33932811942 1585.82764 -5.971999999999999 -4.217000000000003 -4.1514117689132695 -1.9509410781860348 0.14287227 0.16187227 "" "" 34.479521124677404 "" 5.050974940352766 ""
222.90604635503 -52.34244200794 0.0385 0.0528 8.4837 "" "" 5900865502261826432 1366.20374 0.7108 0.0698 -0.475 -10.197 0.054 0.078 1.001 5246.4 4.5857 16.920887 1.785989 17.783312 15.997323 "" "" 1257.02588 1511.38928 3210.64029 1.8839 1052.2 6.1669 3163.9 9.454 "" "" 0.002828012357809263 0.00694828 0.004980866 0.011929146 222.90604635503 -52.34244200794 1366.20374 -0.47499999999999787 -10.196999999999989 1.3455882310867309 -7.930941078186034 0.14187227 0.16587228 "" "" 52.0931918236982 "" 8.60830405655251 ""
222.82770909219 -52.66617791471 0.0398 0.0589 23.3603 "" "" 5894853819359789568 1758.26221 0.5706 0.0692 -9.6 -8.363 0.057 0.088 1.058 4789.7 4.4682 16.921022 1.572363 17.649405 16.077042 "" "" 1559.21851 2036.37878 3210.24223 1.6276 1190.3 6.0268 2940.0 8.0926 "" "" 0.00280976997746842 0.006164907 0.0048182304 0.010983137 222.82770909219 -52.66617791471 1758.26221 -9.6 -8.363 -7.779411768913269 -6.096941078186035 0.14487228 0.17587227 "" "" 82.3742258632231 "" 12.964826573409283 ""
223.35083967411 -52.20821738644 0.0348 0.0427 24.5548 "" "" 5900871687014921600 1928.40491 0.4998 0.0621 -9.26 2.942 0.048 0.06 1.015 5524.0 4.5999 16.922163 1.493591 17.62111 16.12752 "" "" 1717.50049 2143.34229 3206.87105 1.5446 1221.7 7.172 2806.4 5.126 "" "" 0.00280450787582296 0.006957778 0.0042680874 0.011225865 223.35083967411 -52.20821738644 1928.40491 -9.26 2.942 -7.439411768913269 5.208058921813965 0.13587227 0.14787227 "" "" 83.0082409897032 "" 11.6155653232194 ""
222.28184640273 -52.07179649283 0.0523 0.0675 19.866 "" "" 5895117530351606912 1518.03979 0.6729 0.0877 -7.096 -3.491 0.081 0.098 1.099 5301.5 4.7178 16.92361 1.377125 17.493809 16.116684 "" "" 1314.28857 1741.69775 3202.59731 2.4275 1373.7 7.9108 2834.6 7.1116 "" "" 0.0028755973705233084 0.0068467986 0.004658718 0.011505516 222.28184640273 -52.07179649283 1518.03979 -7.095999999999999 -3.4909999999999988 -5.275411768913269 -1.2249410781860353 0.16887227 0.18587227 "" "" 38.96914342819798 "" 6.616308473661035 ""
222.63798246775 -52.38603839337 0.0416 0.0628 6.383 "" "" 5894908176458870528 1780.96973 0.5547 0.0792 -6.898 -1.012 0.06 0.097 1.056 4903.7 4.371 16.924261 1.548555 17.622871 16.074316 "" "" 1572.98218 2025.62805 3200.67895 1.6719 1219.7 9.7317 2947.4 12.284 "" "" 0.002813083798149735 0.009101084 0.005895758 0.0149968425 222.63798246775 -52.38603839337 1780.96973 -6.898 -1.0119999999999996 -5.077411768913269 1.2540589218139648 0.14787227 0.18487227 "" "" 44.15049415232458 "" 6.633465579434577 ""
222.89615822752 -52.48965751039 0.037 0.0496 14.31 "" "" 5900863440677134080 1326.82153 0.7386 0.062 -3.544 -4.231 0.051 0.072 1.0 5014.2 4.6778 16.924364 1.586084 17.665215 16.07913 "" "" 1236.80786 1483.69153 3200.37788 1.5781 1173.1 5.3184 2934.3 7.0804 "" "" 0.0028068514575953878 0.005658121 0.004598628 0.010256749 222.89615822752 -52.48965751039 1326.82153 -3.544 -4.231 -1.723411768913269 -1.964941078186035 0.13887227 0.15987226 "" "" 16.437565430123914 "" 2.483726145726568 ""
222.81580291263 -51.97829029781 0.0429 0.0456 18.9611 "" "" 5900938379270205952 1644.21155 0.5884 0.0636 -2.09 -4.335 0.061 0.067 1.019 4626.3 4.3843 16.92667 1.415644 17.582825 16.167181 "" "" 1522.26831 1855.09326 3193.58952 1.7967 1265.6 5.331 2705.7 5.6033 "" "" 0.002822216043628487 0.0053573106 0.0043976563 0.009754967 222.81580291263 -51.97829029781 1644.21155 -2.09 -4.335000000000001 -0.2694117689132689 -2.068941078186035 0.14887227 0.15487227 "" "" 16.260554547140707 "" 2.516713224334684 ""
222.20843508264 -52.52242331848 0.04 0.055 22.7753 "" "" 5894901819916724352 1906.47339 0.5334 0.0725 -6.486 -2.193 0.053 0.072 1.052 7621.2 4.2258 16.928072 1.535906 17.637306 16.1014 "" "" 1707.23828 2156.90112 3189.46578 1.5992 1203.6 7.2366 2874.7 7.7099 "" "" 0.002808584788808124 0.0070992364 0.0047710636 0.0118703 222.20843508264 -52.52242331848 1906.47339 -6.485999999999999 -2.1929999999999974 -4.665411768913269 0.07305892181396478 0.14087227 0.15987226 "" "" 42.16502030198418 "" 5.940091771683511 ""
223.15111688875 -52.53904083035 0.0362 0.0451 22.6049 "" "" 5900849181385907840 1506.02734 0.6401 0.0596 -8.321 -3.638 0.05 0.065 1.01 5098.3 4.6734 16.929075 1.500448 17.609121 16.108673 "" "" 1391.04053 1697.02014 3186.5186 1.6732 1235.3 7.7339 2855.5 8.119 "" "" 0.00281368270829801 0.007347877 0.004879923 0.0122278 223.15111688875 -52.53904083035 1506.02734 -8.320999999999998 -3.6380000000000043 -6.500411768913269 -1.371941078186035 0.13787228 0.15287226 "" "" 47.42588395879723 "" 6.5706238196245685 ""
