Clusters/Hogg_18/Hogg_18_stars_in_region.tsv
# %ECSV 1.0
# ---
# datatype:
# - name: RA_ICRS_1
#   unit: deg
#   datatype: float64
#   format: '{:15.11f}'
#   description: Right ascension (ICRS) at Ep=2016.0 (ra)
#   meta: !!omap
#   - {ucd: POS_EQ_RA_MAIN}
#   - {width: 15}
#   - {precision: '11'}
# - name: DE_ICRS_1
#   unit: deg
#   datatype: float64
#   format: '{:15.11f}'
#   description: Declination (ICRS) at Ep=2016.0 (dec)
#   meta: !!omap
#   - {ucd: POS_EQ_DEC_MAIN}
#   - {width: 15}
#   - {precision: '11'}
# - name: e_RA_ICRS
#   unit: mas
#   datatype: float64
#   format: '{:7.4f}'
#   description: Standard error of right ascension (ra_error)
#   meta: !!omap
#   - {ucd: ERROR}
#   - {width: 7}
#   - {precision: '4'}
# - name: e_DE_ICRS
#   unit: mas
#   datatype: float64
#   format: '{:7.4f}'
#   description: Standard error of declination (dec_error)
#   meta: !!omap
#   - {ucd: ERROR}
#   - {width: 7}
#   - {precision: '4'}
# - name: _r_1
#   unit: ''
#   datatype: float64
#   format: '{:7.4f}'
#   description: Distance from center (222.69441383000-52.28539811000)[ICRS], at Epoch=J2016.0
#   meta: !!omap
#   - {ucd: POS_ANG_DIST_GENERAL}
#   - {width: 7}
#   - {precision: '4'}
# - name: HIP
#   datatype: int32
#   description: '? HIP cross-id number, van Leeuwen, Cat. I/311 (hip_original_ext_source_id)'
#   meta: !!omap
#   - {ucd: ID_NUMBER}
#   - {width: 6}
#   - values: {'null': -2147483648}
# - name: TYC2
#   datatype: string
#   description: Tycho-2 cross-id name, Hog et al., Cat. I/259 (tyc2_original_ext_source_id)
#   meta: !!omap
#   - {ucd: ID_CROSSID}
#   - {_votable_string_dtype: char}
# - name: Source
#   datatype: int64
#   description: Source identifier, identical to the Gaia-EDR3 source_id (id)
#   meta: !!omap
#   - {ucd: ID_MAIN}
#   - {width: 19}
# - name: rgeo
#   unit: pc
#   datatype: float64
#   format: '{:15.8f}'
#   description: '? Median of the geometric distance posterior (r_med_geo)'
#   meta: !!omap
#   - {ucd: PHYS_DISTANCE_TRUE}
#   - {width: 15}
#   - {precision: '8'}
#   - values: {'null': .nan}
# - name: Plx
#   unit: mas
#   datatype: float64
#   format: '{:9.4f}'
#   description: '? Parallax (parallax)'
#   meta: !!omap
#   - {ucd: POS_PARLX_TRIG}
#   - {width: 9}
#   - {precision: '4'}
#   - values: {'null': .nan}
# - name: e_Plx
#   unit: mas
#   datatype: float32
#   format: '{:7.4f}'
#   description: '? Standard error of parallax (parallax_error)'
#   meta: !!omap
#   - {ucd: ERROR}
#   - {width: 7}
#   - {precision: '4'}
#   - values: {'null': .nan}
# - name: pmRA
#   unit: mas / yr
#   datatype: float64
#   format: '{:9.3f}'
#   description: '? Proper motion in right ascension direction, pmRA*cosDE (pmra)'
#   meta: !!omap
#   - {ucd: POS_EQ_PMRA}
#   - {width: 9}
#   - {precision: '3'}
#   - values: {'null': .nan}
# - name: pmDE
#   unit: mas / yr
#   datatype: float64
#   format: '{:9.3f}'
#   description: '? Proper motion in declination direction (pmdec)'
#   meta: !!omap
#   - {ucd: POS_EQ_PMDEC}
#   - {width: 9}
#   - {precision: '3'}
#   - values: {'null': .nan}
# - name: e_pmRA
#   unit: mas / yr
#   datatype: float32
#   format: '{:6.3f}'
#   description: '? Standard error of proper motion in right ascension direction (pmra_error)'
#   meta: !!omap
#   - {ucd: ERROR}
#   - {width: 6}
#   - {precision: '3'}
#   - values: {'null': .nan}
# - name: e_pmDE
[...]
#         value: !astropy.table.SerializedColumn {name: SkyCoord.dec}
#       distance: !astropy.table.SerializedColumn
#         __class__: astropy.coordinates.distances.Distance
#         unit: !astropy.units.Unit {unit: pc}
#         value: !astropy.table.SerializedColumn {name: SkyCoord.distance}
#       frame: icrs
#       obstime: !astropy.time.Time {format: jyear_str, in_subfmt: '*', jd1: 367701545.0, jd2: 0.0, out_subfmt: '*', precision: 3, scale: tt}
#       pm_dec: !astropy.table.SerializedColumn
#         __class__: astropy.units.quantity.Quantity
#         unit: !astropy.units.Unit {unit: mas / yr}
#         value: !astropy.table.SerializedColumn {name: SkyCoord.pm_dec}
#       pm_ra_cosdec: !astropy.table.SerializedColumn
#         __class__: astropy.units.quantity.Quantity
#         unit: !astropy.units.Unit {unit: mas / yr}
#         value: !astropy.table.SerializedColumn {name: SkyCoord.pm_ra_cosdec}
#       ra: !astropy.table.SerializedColumn
#         __class__: astropy.coordinates.angles.Longitude
#         unit: *id001
#         value: !astropy.table.SerializedColumn {name: SkyCoord.ra}
#         wrap_angle: !astropy.coordinates.Angle
#           unit: *id001
#           value: 360.0
#       representation_type: spherical
# schema: astropy-2.0
RA_ICRS_1 DE_ICRS_1 e_RA_ICRS e_DE_ICRS _r_1 HIP TYC2 Source rgeo Plx e_Plx pmRA pmDE e_pmRA e_pmDE RUWE Teff logg Gmag BP-RP BPmag RPmag RV e_RV b_rgeo B_rgeo FG e_FG FBP e_FBP FRP e_FRP RAVE5 RAVE6 e_Gmag e_BPmag e_RPmag e_BP-RP SkyCoord.ra SkyCoord.dec SkyCoord.distance SkyCoord.pm_ra_cosdec SkyCoord.pm_dec rmRA rmDE e_rmRA e_rmDE rRV e_rRV v_pec v_pec3d e_vpec e_vpec3d
[from data line 204]
222.5685153432 -52.18409158499 0.0154 0.0203 7.6386 "" "" 5900929480097637376 1469.01611 0.6452 0.0241 -9.235 -6.931 0.021 0.027 1.005 6511.5 3.9436 14.934077 1.25715 15.478103 14.220953 2.62 8.55 1424.33264 1518.30908 20013.16179 3.7834 8793.8 10.22 16247.0 15.819 "" "" 0.0027629546612791115 0.0030622291 0.003924444 0.006986673 222.5685153432 -52.18409158499 1469.01611 -9.235 -6.930999999999999 -7.4144117689132685 -4.664941078186035 0.10887227 0.11487228 -1.4300000000000006 12.5752945 60.99611157927868 61.01287182055779 6.74659135351642 6.751174763334642
222.55164447645 -52.08367661224 0.0167 0.0217 13.1937 "" "" 5900931335523567232 1665.00061 0.565 0.0258 -3.631 -0.635 0.023 0.03 1.04 7241.7 3.9912 14.964459 1.0356 15.39332 14.35772 "" "" 1596.41699 1733.36548 19460.90676 5.4322 9508.0 14.878 14324.0 10.392 "" "" 0.002771937643973326 0.003266721 0.003860595 0.0071273157 222.55164447645 -52.08367661224 1665.00061 -3.631 -0.6349999999999991 -1.8104117689132688 1.6310589218139648 0.110872276 0.117872275 "" "" 19.231394935767963 "" 2.193563463199628 ""
222.15438984982 -52.09480300403 0.0182 0.0205 22.9201 "" "" 5895116946236055936 1845.96277 0.5062 0.0282 -7.278 -2.377 0.028 0.029 1.017 7123.1 4.0655 14.970442 1.100285 15.432251 14.331966 "" "" 1757.51575 1934.37012 19353.96495 4.3107 9173.1 12.07 14668.0 11.395 "" "" 0.0027659119627202024 0.0031346437 0.003872359 0.007007003 222.15438984982 -52.09480300403 1845.96277 -7.277999999999999 -2.376999999999998 -5.457411768913269 -0.11094107818603494 0.11587228 0.11687227 "" "" 47.76147382575155 "" 5.534250625688222 ""
222.92732589713 -52.1400158076 0.0151 0.0184 12.2233 "" "" 5900921955314644736 1515.79932 0.6212 0.024 -2.592 2.422 0.021 0.026 1.015 6937.4 3.8971 14.971508 1.191653 15.481877 14.290224 "" "" 1473.57458 1568.26855 19334.97328 4.1309 8763.3 12.36 15243.0 11.509 "" "" 0.002765067430020464 0.00318278 0.0038672662 0.007050046 222.92732589713 -52.1400158076 1515.79932 -2.5919999999999996 2.4219999999999997 -0.7714117689132691 4.688058921813965 0.10887227 0.113872275 "" "" 34.13614121958861 "" 3.8827567998246275 ""
222.09760541538 -52.43936128364 0.0156 0.0205 23.7381 "" "" 5894914979696787200 1317.67358 0.7174 0.0258 -0.064 -2.94 0.02 0.027 0.956 6919.0 4.1196 14.974599 1.23879 15.511532 14.272742 "" "" 1281.08374 1379.91248 19280.01087 3.8072 8527.2 9.1283 15490.0 11.159 "" "" 0.0027636490957386553 0.0030225692 0.00385947 0.006882039 222.09760541538 -52.43936128364 1317.67358 -0.06399999999999983 -2.9399999999999995 1.756588231086731 -0.6739410781860351 0.10787228 0.11487228 "" "" 11.751017367690233 "" 1.2784595429439332 ""
223.11334679051 -52.19865038942 0.0153 0.0187 16.2477 "" "" 5900873920398324864 1815.96289 0.5269 0.0259 -7.02 -1.582 0.021 0.026 0.965 6667.6 3.9829 14.98212 1.251012 15.525061 14.274049 "" "" 1735.0387 1893.68494 19146.92725 4.3399 8421.6 10.087 15472.0 10.165 "" "" 0.0027662886250596486 0.0030783443 0.0038461091 0.006924453 223.11334679051 -52.19865038942 1815.96289 -7.019999999999999 -1.5819999999999999 -5.199411768913269 0.6840589218139648 0.10887227 0.113872275 "" "" 45.140464475889516 "" 4.918471814985815 ""
222.10056820009 -52.22902715587 0.0193 0.0264 22.0708 "" "" 5895109284014197760 1483.27454 0.6329 0.0307 -5.815 -4.565 0.029 0.042 1.024 6641.5 4.1978 14.990133 1.198544 15.505518 14.306973 "" "" 1429.3241 1564.65833 19006.12017 3.9104 8574.5 11.163 15010.0 13.985 "" "" 0.0027643606503490376 0.0031277845 0.0039124223 0.007040207 222.10056820009 -52.22902715587 1483.27454 -5.8149999999999995 -4.5649999999999995 -3.9944117689132694 -2.2989410781860355 0.11687227 0.12987228 "" "" 32.402744510142014 "" 3.8960544923459395 ""
222.574096724 -51.99715469255 0.0408 0.047 17.8531 "" "" 5900936077167523584 1540.2699 0.6128 0.0588 -11.616 -3.603 0.058 0.061 2.301 4980.1 3.5281 15.001436 1.946436 15.928389 13.981953 -65.49 3.56 1427.2356 1694.32019 18809.29028 12.388 5808.5 15.672 20248.0 25.171 "" "" 0.002846598872040311 0.0040455745 0.004013161 0.008058736 222.574096724 -51.99715469255 1540.2699 -11.616 -3.6029999999999998 -9.795411768913269 -1.3369410781860354 0.14587227 0.14887227 -69.53999999999999 7.5852942 72.1781572854161 100.2272317741953 10.53279121831363 9.232116232714313
222.48371924227 -52.28529225079 0.0154 0.0236 7.7333 "" "" 5894923981948480640 1743.43835 0.533 0.026 -1.766 -3.852 0.022 0.035 1.024 5709.7 3.8959 15.003693 1.359949 15.603321 14.243372 31.84 24.08 1668.43506 1817.8717 18770.23348 4.2536 7835.9 10.619 15915.0 15.08 "" "" 0.002766283904666118 0.003154354 0.003916899 0.007071253 222.48371924227 -52.28529225079 1743.43835 -1.7660000000000005 -3.8519999999999994 0.05458823108673094 -1.585941078186035 0.109872274 0.12287228 27.79 28.105293 13.11381630529584 30.72875327912024 1.6111334090269973 25.42673337066862
222.66576467574 -51.99040318007 0.0188 0.0226 17.7311 "" "" 5900933500187240192 1521.48328 0.6228 0.028 -0.77 -0.469 0.026 0.032 1.02 5898.9 4.1253 15.006657 1.140421 15.325776 14.185355 "" "" 1466.40271 1581.72217 18719.06383 11.9 10118.0 38.032 16789.0 25.553 "" "" 0.0028404563210625527 0.004943738 0.004124861 0.009068599 222.66576467574 -51.99040318007 1521.48328 -0.7700000000000002 -0.4689999999999998 1.050588231086731 1.797058921813965 0.113872275 0.11987227 "" "" 15.01231636835234 "" 1.7770503952216832 ""
223.10625809064 -52.30995568731 0.0153 0.0189 15.1837 "" "" 5900872202410804480 1440.18262 0.6519 0.0249 -1.529 -1.839 0.021 0.026 1.012 7452.5 3.7905 15.007377 1.334821 15.593595 14.258775 -34.42 33.67 1382.81921 1493.63635 18706.65843 4.905 7906.4 12.033 15691.0 12.035 "" "" 0.0027699884301669087 0.0032427656 0.0038700409 0.0071128067 223.10625809064 -52.30995568731 1440.18262 -1.5290000000000008 -1.8389999999999986 0.29158823108673104 0.4270589218139649 0.10887227 0.113872275 -38.47 37.695293 3.5300353992163958 38.63161982003499 0.39644630681594395 37.5376083156491
223.00840650906 -52.21367325482 0.0155 0.0195 12.3107 "" "" 5900920580925089792 1617.31616 0.5846 0.0257 -3.271 -7.816 0.021 0.026 1.005 6488.5 3.9204 15.009723 1.318979 15.592321 14.273342 "" "" 1560.51233 1675.14844 18666.27064 3.7568 7915.7 11.211 15482.0 11.561 "" "" 0.0027639715980539523 0.003185852 0.0038653668 0.0070512188 223.00840650906 -52.21367325482 1617.31616 -3.270999999999999 -7.815999999999999 -1.450411768913269 -5.549941078186035 0.10887227 0.113872275 "" "" 43.975195670691505 "" 4.993788284534253 ""
223.02763280492 -52.05656969155 0.0151 0.0183 18.4081 "" "" 5900922676869390592 1360.83008 0.7017 0.0246 -5.783 -3.971 0.021 0.026 1.056 6333.6 4.0847 15.010439 1.19435 15.523553 14.329203 "" "" 1307.05713 1412.58191 18653.96808 4.3424 8433.3 9.3684 14705.0 12.792 "" "" 0.0027668880597858173 0.0030397014 0.0038956115 0.006935313 223.02763280492 -52.05656969155 1360.83008 -5.7829999999999995 -3.971000000000001 -3.9624117689132694 -1.7049410781860352 0.10887227 0.113872275 "" "" 27.824451951108625 "" 3.0514627289949057 ""
222.46674559271 -52.14286122373 0.0171 0.0239 11.9663 "" "" 5894925940453836672 1318.93994 0.7194 0.0262 -3.819 -3.015 0.023 0.034 0.923 5383.3 4.1416 15.016289 1.236148 15.55195 14.315803 "" "" 1274.51758 1381.71167 18553.73667 3.8872 8215.6 12.958 14888.0 12.763 "" "" 0.002764694080916869 0.0032737749 0.003892307 0.007166082 222.46674559271 -52.14286122373 1318.93994 -3.8190000000000035 -3.014999999999998 -1.998411768913269 -0.7489410781860353 0.110872276 0.121872276 "" "" 13.342176657230874 "" 1.4981285713449775 ""
222.93106799982 -52.06903822454 0.0212 0.0185 15.6313 "" "" 5900925219474620160 1349.00098 0.7054 0.0274 -5.298 -2.287 0.031 0.026 0.991 "" "" 15.025225 "" "" "" "" "" 1296.53625 1400.203 18401.65144 6.1985 "" "" "" "" "" "" 0.002779486256337411 "" "" "" 222.93106799982 -52.06903822454 1349.00098 -5.298 -2.287 -3.477411768913269 -0.020941078186035078 0.11887227 0.113872275 "" "" 22.235894310439843 "" 2.6432272849289644 ""
222.93245795739 -51.93553484365 0.0168 0.0187 22.7507 "" "" 5900928621104068992 1554.87585 0.6157 0.0255 -1.229 -5.161 0.024 0.027 0.989 "" "" 15.028897 1.304301 15.604636 14.300335 "" "" 1491.63672 1630.46326 18339.51694 4.1277 7826.4 10.715 15102.0 12.269 "" "" 0.002766135423068513 0.0031614276 0.0038809483 0.007042376 222.93245795739 -51.93553484365 1554.87585 -1.229 -5.161 0.5915882310867309 -2.8949410781860347 0.11187227 0.11487228 "" "" 21.776977868077257 "" 2.4989850331051398 ""
222.63531341772 -51.98000741946 0.0184 0.0205 18.4523 "" "" 5900933568906626688 1738.1283 0.5437 0.0276 -8.272 -3.449 0.027 0.029 0.892 6098.1 3.4447 15.030532 1.332377 15.621842 14.289465 "" "" 1649.43872 1843.18958 18311.93128 4.2019 7703.4 9.8661 15254.0 13.888 "" "" 0.0027665606758264013 0.0031174803 0.003906517 0.007023997 222.63531341772 -51.98000741946 1738.1283 -8.272 -3.449 -6.451411768913269 -1.182941078186035 0.11487228 0.11687227 "" "" 54.0375556141753 "" 6.210962079511332 ""
222.24199000395 -52.45923196346 0.0169 0.0225 19.5819 "" "" 5894915288934307200 1430.26428 0.6531 0.0289 -0.493 3.148 0.023 0.03 0.992 4977.8 3.483 15.035046 1.707433 15.850561 14.143128 1.5 4.44 1364.56006 1501.82507 18235.9588 4.161 6240.1 12.626 17454.0 11.883 "" "" 0.0027664352037056546 0.003551219 0.0038509904 0.0074022096 222.24199000395 -52.45923196346 1430.26428 -0.4929999999999999 3.1479999999999997 1.327588231086731 5.4140589218139645 0.110872276 0.117872275 -2.5500000000000007 8.465294 37.791739319136255 37.87767232507232 4.440015613156049 4.4664502119210585
223.34968249581 -52.33604896043 0.0151 0.018 24.2283 "" "" 5900856706169322624 1451.5498 0.6516 0.027 -7.483 -5.419 0.021 0.026 1.005 6745.6 3.965 15.035543 1.327193 15.619098 14.291904 "" "" 1398.55115 1516.75696 18227.59512 4.155 7722.9 12.173 15219.0 10.888 "" "" 0.00276641339063975 0.0032731947 0.0038583782 0.007131573 223.34968249581 -52.33604896043 1451.5498 -7.482999999999999 -5.418999999999992 -5.662411768913269 -3.1529410781860348 0.10887227 0.113872275 "" "" 44.5918324800825 "" 4.908496586926689 ""
222.86001751805 -52.06973940701 0.0172 0.0198 14.3023 "" "" 5900925322569035648 1618.71252 0.5757 0.0271 -2.069 -0.976 0.024 0.027 1.064 5798.8 4.0827 15.039886 1.136239 15.518243 14.382004 "" "" 1563.72021 1695.2019 18154.83099 4.2034 8474.6 11.043 14007.0 12.743 "" "" 0.0027667637999259295 0.003128367 0.0039063273 0.0070346943 222.86001751805 -52.06973940701 1618.71252 -2.069 -0.976 -0.248411768913269 1.2900589218139649 0.11187227 0.11487228 "" "" 10.080068529033388 "" 1.1568528652491348 ""
222.08812131845 -52.45192727308 0.028 0.0379 24.3552 "" "" 5894914906649859456 1562.60999 0.6155 0.044 2.734 -3.017 0.037 0.048 1.985 6616.4 4.1427 15.040585 1.263513 15.560537 14.297025 "" "" 1461.20776 1703.86658 18143.15796 7.0382 8150.8 13.069 15148.0 13.34 "" "" 0.0027873260151283453 0.0032887198 0.0038984541 0.0071871737 222.08812131845 -52.45192727308 1562.60999 2.734 -3.017 4.554588231086731 -0.7509410781860351 0.124872275 0.13587227 "" "" 34.19024259983528 "" 4.279792276159144 ""
222.56284755269 -52.36009053953 0.0169 0.0254 6.5851 "" "" 5894910856528158464 1700.50476 0.552 0.0305 -11.101 -5.362 0.026 0.042 1.051 5839.7 3.2968 15.043486 1.455985 15.703526 14.24754 -55.0 9.4 1603.84119 1790.14429 18094.74925 4.1252 7145.1 10.455 15854.0 16.268 "" "" 0.002766415978312457 0.0032107623 0.0039401674 0.0071509294 222.56284755269 -52.36009053953 1700.50476 -11.101 -5.362000000000003 -9.28041176891327 -3.0959410781860353 0.113872275 0.12987228 -59.05 13.425294 78.85638782812059 98.51513792965508 9.113781455730644 10.861630280322148
222.73818571841 -51.97488569403 0.018 0.0197 18.7004 "" "" 5900939272623410560 1866.46484 0.5006 0.0273 -3.205 -2.037 0.024 0.027 0.951 6713.5 3.8027 15.049055 1.044759 15.481377 14.436618 "" "" 1762.76453 1960.2677 18002.17157 4.0288 8767.3 10.092 13320.0 9.3778 "" "" 0.0027660133636631936 0.0030572885 0.0038559092 0.0069131977 222.73818571841 -51.97488569403 1866.46484 -3.205000000000001 -2.037000000000003 -1.3844117689132691 0.22905892181396492 0.11187227 0.11487228 "" "" 12.414466584268904 "" 1.389839904241317 ""
222.58133104589 -52.63776064348 0.0169 0.0253 21.5421 "" "" 5894856843016883584 1511.71704 0.6242 0.0312 -2.086 -1.397 0.025 0.042 0.993 6593.2 3.5386 15.055839 1.460848 15.718843 14.257996 -42.95 7.69 1432.31677 1579.88306 17890.04742 4.0534 7045.0 11.703 15702.0 9.2631 "" "" 0.0027662799225703764 0.0033223524 0.0038332727 0.007155625 222.58133104589 -52.63776064348 1511.71704 -2.086 -1.3969999999999998 -0.2654117689132689 0.8690589218139648 0.11287227 0.12987228 -47.0 11.715294 6.511211238827011 47.448876401835136 0.8367540161245539 11.605032797062316
222.4253546844 -51.92201906284 0.0279 0.03 23.9517 "" "" 5901123853131576576 1447.20056 0.6609 0.0405 -6.738 -3.348 0.044 0.041 1.435 6304.0 4.1117 15.061427 1.300671 15.628435 14.327765 "" "" 1352.18115 1569.3501 17798.19906 4.6414 7656.7 9.4108 14725.0 12.367 "" "" 0.0027698296318182493 0.0030928727 0.0038878317 0.006980704 222.4253546844 -51.92201906284 1447.20056 -6.738000000000003 -3.3480000000000003 -4.9174117689132695 -1.081941078186035 0.13187227 0.12887228 "" "" 34.53895501886163 "" 4.549997793403359 ""
222.40058331785 -52.51343932986 0.0177 0.0231 17.4046 "" "" 5894902610190650624 1536.19104 0.617 0.0314 -3.175 -1.817 0.023 0.032 1.037 6622.8 4.0196 15.064916 1.410065 15.695552 14.285487 "" "" 1455.68176 1603.76172 17741.09254 3.6084 7197.7 12.71 15310.0 12.272 "" "" 0.0027641554616037074 0.0033853878 0.00387829 0.007263678 222.40058331785 -52.51343932986 1536.19104 -3.1750000000000007 -1.8169999999999997 -1.3544117689132689 0.4490589218139649 0.110872276 0.11987227 "" "" 10.390143318882705 "" 1.1615761096108086 ""
223.29102075787 -52.42034614972 0.0163 0.0202 23.3153 "" "" 5900855915900092928 1308.93445 0.7232 0.0268 -8.351 -2.531 0.022 0.028 1.01 6428.0 3.9848 15.065723 1.391057 15.683024 14.291967 -13.67 6.22 1268.88965 1346.17419 17727.91032 4.1647 7281.3 11.914 15218.0 11.062 "" "" 0.00276710090844228 0.0033077353 0.003860907 0.0071686422 223.29102075787 -52.42034614972 1308.93445 -8.351000000000003 -2.530999999999998 -6.53041176891327 -0.2649410781860353 0.109872274 0.11587228 -17.72 10.245295 40.55028643701443 44.25295617384127 4.455762889293677 5.7879832383093435
222.90858363582 -52.05308297279 0.0207 0.0249 16.0128 "" "" 5900925425648253568 1418.21912 0.6805 0.032 1.386 -1.081 0.028 0.033 1.413 5523.5 3.6588 15.068107 1.303678 15.640246 14.336569 "" "" 1361.20422 1478.40198 17689.03406 5.0589 7573.9 9.7999 14606.0 10.278 "" "" 0.0027727614689323746 0.003123879 0.0038558326 0.0069797114 222.90858363582 -52.05308297279 1418.21912 1.3860000000000001 -1.081 3.206588231086731 1.1850589218139649 0.11587228 0.120872274 "" "" 22.980806232339965 "" 2.676907032236955 ""
222.70212340214 -52.2406033089 0.0162 0.0221 2.7026 "" "" 5900917007512007552 1834.14355 0.5115 0.0286 -5.688 -4.711 0.023 0.031 1.003 6456.8 3.9296 15.07211 1.2797 15.630274 14.350574 "" "" 1730.67334 1921.02258 17623.92077 3.8727 7643.8 12.204 14419.0 11.563 "" "" 0.0027656301705770467 0.0032848103 0.0038783778 0.0071631884 222.70212340214 -52.2406033089 1834.14355 -5.687999999999997 -4.711 -3.8674117689132688 -2.4449410781860355 0.110872276 0.11887227 "" "" 39.77810673996408 "" 4.503450427481071 ""
