Clusters/Ruprecht_138/Ruprecht_138_stars_in_region.tsv
# %ECSV 1.0
# ---
# datatype:
# - name: RA_ICRS_1
#   unit: deg
#   datatype: float64
#   format: '{:15.11f}'
#   description: Right ascension (ICRS) at Ep=2016.0 (ra)
#   meta: !!omap
#   - {ucd: POS_EQ_RA_MAIN}
#   - {width: 15}
#   - {precision: '11'}
# - name: DE_ICRS_1
#   unit: deg
#   datatype: float64
#   format: '{:15.11f}'
#   description: Declination (ICRS) at Ep=2016.0 (dec)
#   meta: !!omap
#   - {ucd: POS_EQ_DEC_MAIN}
#   - {width: 15}
#   - {precision: '11'}
# - name: e_RA_ICRS
#   unit: mas
#   datatype: float64
#   format: '{:7.4f}'
#   description: Standard error of right ascension (ra_error)
#   meta: !!omap
#   - {ucd: ERROR}
#   - {width: 7}
#   - {precision: '4'}
# - name: e_DE_ICRS
#   unit: mas
#   datatype: float64
#   format: '{:7.4f}'
#   description: Standard error of declination (dec_error)
#   meta: !!omap
#   - {ucd: ERROR}
#   - {width: 7}
#   - {precision: '4'}
# - name: _r_1
#   unit: ''
#   datatype: float64
#   format: '{:7.4f}'
#   description: Distance from center (269.98310752000-24.66799447000)[ICRS], at Epoch=J2016.0
#   meta: !!omap
#   - {ucd: POS_ANG_DIST_GENERAL}
#   - {width: 7}
#   - {precision: '4'}
# - name: HIP
#   datatype: int32
#   description: '? HIP cross-id number, van Leeuwen, Cat. I/311 (hip_original_ext_source_id)'
#   meta: !!omap
#   - {ucd: ID_NUMBER}
#   - {width: 6}
#   - values: {'null': -2147483648}
# - name: TYC2
#   datatype: string
#   description: Tycho-2 cross-id name, Hog et al., Cat. I/259 (tyc2_original_ext_source_id)
#   meta: !!omap
#   - {ucd: ID_CROSSID}
#   - {_votable_string_dtype: char}
# - name: Source
#   datatype: int64
#   description: Source identifier, identical to the Gaia-EDR3 source_id (id)
#   meta: !!omap
#   - {ucd: ID_MAIN}
#   - {width: 19}
# - name: rgeo
#   unit: pc
#   datatype: float64
#   format: '{:15.8f}'
#   description: '? Median of the geometric distance posterior (r_med_geo)'
#   meta: !!omap
#   - {ucd: PHYS_DISTANCE_TRUE}
#   - {width: 15}
#   - {precision: '8'}
#   - values: {'null': .nan}
# - name: Plx
#   unit: mas
#   datatype: float64
#   format: '{:9.4f}'
#   description: '? Parallax (parallax)'
#   meta: !!omap
#   - {ucd: POS_PARLX_TRIG}
#   - {width: 9}
#   - {precision: '4'}
#   - values: {'null': .nan}
# - name: e_Plx
#   unit: mas
#   datatype: float32
#   format: '{:7.4f}'
#   description: '? Standard error of parallax (parallax_error)'
#   meta: !!omap
#   - {ucd: ERROR}
#   - {width: 7}
#   - {precision: '4'}
#   - values: {'null': .nan}
# - name: pmRA
#   unit: mas / yr
#   datatype: float64
#   format: '{:9.3f}'
#   description: '? Proper motion in right ascension direction, pmRA*cosDE (pmra)'
#   meta: !!omap
#   - {ucd: POS_EQ_PMRA}
#   - {width: 9}
#   - {precision: '3'}
#   - values: {'null': .nan}
# - name: pmDE
#   unit: mas / yr
#   datatype: float64
#   format: '{:9.3f}'
#   description: '? Proper motion in declination direction (pmdec)'
#   meta: !!omap
#   - {ucd: POS_EQ_PMDEC}
#   - {width: 9}
#   - {precision: '3'}
#   - values: {'null': .nan}
# - name: e_pmRA
#   unit: mas / yr
#   datatype: float32
#   format: '{:6.3f}'
#   description: '? Standard error of proper motion in right ascension direction (pmra_error)'
#   meta: !!omap
#   - {ucd: ERROR}
#   - {width: 6}
#   - {precision: '3'}
#   - values: {'null': .nan}
# - name: e_pmDE
[...]
#         value: !astropy.table.SerializedColumn {name: SkyCoord.dec}
#       distance: !astropy.table.SerializedColumn
#         __class__: astropy.coordinates.distances.Distance
#         unit: !astropy.units.Unit {unit: pc}
#         value: !astropy.table.SerializedColumn {name: SkyCoord.distance}
#       frame: icrs
#       obstime: !astropy.time.Time {format: jyear_str, in_subfmt: '*', jd1: 367701545.0, jd2: 0.0, out_subfmt: '*', precision: 3, scale: tt}
#       pm_dec: !astropy.table.SerializedColumn
#         __class__: astropy.units.quantity.Quantity
#         unit: !astropy.units.Unit {unit: mas / yr}
#         value: !astropy.table.SerializedColumn {name: SkyCoord.pm_dec}
#       pm_ra_cosdec: !astropy.table.SerializedColumn
#         __class__: astropy.units.quantity.Quantity
#         unit: !astropy.units.Unit {unit: mas / yr}
#         value: !astropy.table.SerializedColumn {name: SkyCoord.pm_ra_cosdec}
#       ra: !astropy.table.SerializedColumn
#         __class__: astropy.coordinates.angles.Longitude
#         unit: *id001
#         value: !astropy.table.SerializedColumn {name: SkyCoord.ra}
#         wrap_angle: !astropy.coordinates.Angle
#           unit: *id001
#           value: 360.0
#       representation_type: spherical
# schema: astropy-2.0
RA_ICRS_1 DE_ICRS_1 e_RA_ICRS e_DE_ICRS _r_1 HIP TYC2 Source rgeo Plx e_Plx pmRA pmDE e_pmRA e_pmDE RUWE Teff logg Gmag BP-RP BPmag RPmag RV e_RV b_rgeo B_rgeo FG e_FG FBP e_FBP FRP e_FRP RAVE5 RAVE6 e_Gmag e_BPmag e_RPmag e_BP-RP SkyCoord.ra SkyCoord.dec SkyCoord.distance SkyCoord.pm_ra_cosdec SkyCoord.pm_dec rmRA rmDE e_rmRA e_rmDE rRV e_rRV v_pec v_pec3d e_vpec e_vpec3d
[from data line 221]
270.09188550571 -24.56607795274 0.0196 0.0152 8.5205 "" "" 4066000497834608640 2077.36255 0.4343 0.0217 1.333 -7.585 0.023 0.016 0.961 "" "" 14.053752 2.202344 15.202819 13.000475 -24.26 2.54 1996.32812 2159.37646 45024.19609 11.541 11332.0 18.483 50000.0 23.788 "" "" 0.002769339877125435 0.0033047057 0.0038145185 0.0071192244 270.09188550571 -24.56607795274 2077.36255 1.333 -7.585 1.0459166722297668 -6.452416620254517 0.08470151 0.07770151 "" "" 64.36429264629135 "" 5.013243056178485 ""
269.79847997436 -24.65397186317 0.0242 0.0203 10.1024 "" "" 4067500162958077056 2459.56226 0.3514 0.028 1.193 0.591 0.027 0.019 1.03 "" "" 14.054199 3.173349 15.942265 12.768916 -59.71 1.12 2304.35254 2641.94092 45005.65155 25.722 5734.7 16.39 61886.0 47.6 "" "" 0.002824330975436436 0.0041730246 0.0038705452 0.0080435695 269.79847997436 -24.65397186317 2459.56226 1.193 0.591 0.9059166722297669 1.7235833797454834 0.08870151 0.08070151 "" "" 22.70060222762135 "" 1.8727766772396692 ""
269.85042676407 -24.92452216779 0.0195 0.0169 17.0039 "" "" 4064487810357422080 2528.36035 0.3495 0.0237 -0.334 -1.613 0.024 0.017 0.964 "" "" 14.054491 1.668995 14.838046 13.169051 "" "" 2372.2522 2689.92749 44993.57319 17.896 15856.0 25.216 42809.0 36.643 "" "" 0.0027889569968294 0.0032812199 0.0038919689 0.007173189 269.85042676407 -24.92452216779 2528.36035 -0.334 -1.6130000000000007 -0.6210833277702332 -0.4804166202545166 0.08570151 0.07870151 "" "" 9.41021556438914 "" 0.7824607128938912 ""
269.9142912837 -24.76803184349 0.0188 0.016 7.0777 "" "" 4064495953615908864 2702.57617 0.3212 0.022 1.29 -0.868 0.023 0.015 0.975 "" "" 14.057112 2.417645 15.358539 12.940893 -11.81 2.23 2566.64551 2894.22632 44885.09611 13.751 9817.5 12.484 52820.0 25.047 "" "" 0.0027753251312919985 0.003113067 0.0038142886 0.0069273557 269.9142912837 -24.76803184349 2702.57617 1.29 -0.8680000000000003 1.0029166722297669 0.2645833797454834 0.08470151 0.07670151 "" "" 13.287136088398446 "" 1.118831037637252 ""
270.19321646931 -24.72801904101 0.0205 0.0164 12.0062 "" "" 4065994450520791552 2031.41699 0.4429 0.0216 -0.006 -0.318 0.028 0.019 0.923 4791.1 2.4674 14.062362 2.423047 15.369742 12.946695 -68.03 2.29 1954.31592 2123.9917 44668.56468 17.419 9716.7 20.103 52539.0 27.784 "" "" 0.0027876607732195864 0.003582022 0.003822747 0.007404769 270.19321646931 -24.72801904101 2031.41699 -0.006000000000000001 -0.318 -0.29308332777023316 0.8145833797454833 0.08970151 0.08070151 "" "" 8.33579436061243 "" 0.6817289022527361 ""
269.82936579715 -24.87871381863 0.0183 0.0152 15.1657 "" "" 4064488188314597504 1949.07178 0.4736 0.0215 -0.512 -1.024 0.023 0.015 0.88 "" "" 14.064537 1.137848 14.542484 13.404636 "" "" 1884.77795 2028.67053 44579.15435 10.064 20817.0 24.897 34459.0 14.379 "" "" 0.002766201165358574 0.0030775375 0.00380644 0.0068839774 269.82936579715 -24.87871381863 1949.07178 -0.512 -1.024 -0.7990833277702332 0.10858337974548338 0.08470151 0.07670151 "" "" 7.450256723595692 "" 0.6300175881266302 ""
269.79457236122 -24.79969757617 0.0185 0.0157 12.9617 "" "" 4067492225857688704 2377.80591 0.384 0.0209 0.18 -1.736 0.022 0.016 0.901 9019.9 3.7626 14.065343 0.967489 14.455861 13.488372 "" "" 2278.15552 2516.27393 44546.07642 9.942 22546.0 36.853 31901.0 23.803 "" "" 0.002765955208992039 0.003306758 0.0038652334 0.0071719913 269.79457236122 -24.79969757617 2377.80591 0.18 -1.736 -0.10708332777023316 -0.6034166202545166 0.083701506 0.07770151 "" "" 6.907248493121302 "" 0.5380161954052981 ""
269.99838615599 -24.65755426711 0.0186 0.015 1.0423 "" "" 4064498530596521600 2176.95581 0.4134 0.0208 0.404 -1.208 0.023 0.016 0.977 "" "" 14.075049 1.149909 14.556233 13.406324 "" "" 2094.56055 2286.86353 44149.61433 10.935 20555.0 26.296 34406.0 31.849 "" "" 0.002768412011903143 0.0031167802 0.0039107343 0.0070275143 269.99838615599 -24.65755426711 2176.95581 0.4039999999999997 -1.208 0.11691667222976687 -0.07541662025451656 0.08470151 0.07770151 "" "" 1.4356512110086315 "" 0.11873726425668016 ""
269.73767793116 -24.77316308359 0.0195 0.0163 14.7899 "" "" 4067493187930409984 2155.6189 0.418 0.0218 -0.861 -2.752 0.023 0.017 0.899 "" "" 14.080582 2.180129 15.212718 13.032589 -20.38 2.32 2062.71533 2251.34692 43925.22852 13.942 11229.0 16.951 48543.0 33.485 "" "" 0.0027767876314016508 0.0032359487 0.0038528743 0.0070888232 269.73767793116 -24.77316308359 2155.6189 -0.861 -2.752 -1.1480833277702331 -1.6194166202545164 0.08470151 0.07870151 "" "" 20.28298198662842 "" 1.6380147826886475 ""
270.01066433103 -24.46460016516 0.0545 0.045 12.296 "" "" 4069005905463746688 2113.85083 0.4486 0.0589 -0.236 -1.4 0.065 0.047 2.89 15001.6 3.5048 14.085301 1.073319 14.508891 13.435572 "" "" 1888.65991 2428.43408 43734.71211 36.905 21471.0 47.355 33491.0 63.02 "" "" 0.0029036502114997524 0.0036768583 0.0042962423 0.007973101 270.01066433103 -24.46460016516 2113.85083 -0.23600000000000015 -1.4 -0.5230833277702331 -0.2674166202545165 0.1267015 0.10870151 "" "" 5.886303631717098 "" 0.7251223248131515 ""
270.02218789004 -24.67442341094 0.0188 0.0155 2.1654 "" "" 4064498251388679296 2380.34985 0.3791 0.0209 0.263 -1.178 0.024 0.017 0.962 10248.4 3.7181 14.086754 1.122615 14.555858 13.433243 "" "" 2275.3606 2488.62573 43676.2228 26.669 20562.0 47.636 33563.0 52.394 "" "" 0.002833955293545233 0.0037565825 0.0041420315 0.007898614 270.02218789004 -24.67442341094 2380.34985 0.2629999999999998 -1.1780000000000002 -0.024083327770233143 -0.04541662025451654 0.08570151 0.07870151 "" "" 0.5800175035022758 "" 0.04656968666809235 ""
270.03234932892 -24.7937641921 0.02 0.0157 8.0091 "" "" 4064493475384958336 2688.84985 0.3232 0.022 -0.139 0.292 0.026 0.017 0.908 "" "" 14.089205 2.762719 15.65168 12.888961 -7.17 1.83 2532.65234 2848.69507 43577.74028 18.063 7494.5 10.758 55408.0 35.314 "" "" 0.0027918316354242695 0.0031959414 0.0038422097 0.007038151 270.03234932892 -24.7937641921 2688.84985 -0.139 0.292 -0.42608332777023317 1.4245833797454834 0.087701514 0.07870151 "" "" 18.951246130290347 "" 1.5062247407560656 ""
270.18824796594 -24.49352932968 0.0225 0.0175 15.3251 "" "" 4066002452012785664 2276.55713 0.3971 0.0239 0.439 -2.194 0.027 0.019 1.011 8386.1 3.2742 14.090904 1.822243 14.972374 13.150131 -1.26 4.33 2146.53394 2403.90381 43509.59132 13.474 14011.0 24.603 43562.0 32.64 "" "" 0.002775759299334975 0.003379334 0.0038659459 0.00724528 270.18824796594 -24.49352932968 2276.55713 0.4389999999999996 -2.194 0.15191667222976685 -1.0614166202545166 0.08870151 0.08070151 "" "" 11.57034005251027 "" 0.9356920489492081 ""
269.98987483998 -24.47776305188 0.0234 0.0198 11.4199 "" "" 4069004397943793024 1978.86914 0.459 0.0271 -3.247 -5.121 0.028 0.02 1.237 4694.4 2.6067 14.09556 2.238013 15.272052 13.034039 69.01 1.76 1885.56189 2135.31177 43323.40302 15.539 10632.0 14.137 48478.0 31.417 "" "" 0.002782704065066849 0.0031415313 0.0038443233 0.0069858544 269.98987483998 -24.47776305188 1978.86914 -3.2470000000000008 -5.121 -3.534083327770233 -3.988416620254517 0.08970151 0.08170151 "" "" 49.98426037348365 "" 4.264285127729928 ""
270.07144208351 -24.67387588262 0.0204 0.0158 4.8292 "" "" 4065998672440825088 2198.78613 0.4034 0.0226 -1.465 -3.907 0.025 0.017 0.922 "" "" 14.096882 2.551242 15.498762 12.94752 -16.39 2.61 2076.56763 2310.03369 43270.71674 17.258 8628.0 18.188 52499.0 35.812 "" "" 0.002789140855343593 0.003608801 0.0038512675 0.0074600684 270.07144208351 -24.67387588262 2198.78613 -1.465 -3.907 -1.7520833277702332 -2.7744166202545166 0.08670151 0.07870151 "" "" 34.198919832239575 "" 2.77226239527216 ""
270.07712738881 -24.77408121818 0.0185 0.0154 8.1715 "" "" 4064493788952284672 2406.64697 0.3706 0.0219 0.641 -0.309 0.024 0.016 1.036 8579.4 3.538 14.099567 1.077773 14.546055 13.468282 "" "" 2307.65747 2530.37744 43163.79553 8.8636 20749.0 17.153 32497.0 22.444 "" "" 0.0027643259182614445 0.0029309855 0.0038530533 0.0067840386 270.07712738881 -24.77408121818 2406.64697 0.6409999999999997 -0.30899999999999983 0.35391667222976686 0.8235833797454835 0.08570151 0.07770151 "" "" 10.225775704042324 "" 0.8078553668836388 ""
270.1858966463 -24.57178727484 0.0212 0.0161 12.4768 "" "" 4066001043263209728 1949.07153 0.4675 0.023 -1.361 0.709 0.026 0.018 0.873 4676.8 2.5459 14.100719 2.082122 15.166497 13.084375 -70.28 2.53 1879.29761 2036.75537 43118.0305 13.324 11717.0 21.732 46282.0 41.255 "" "" 0.00277567172697828 0.00344097 0.0039013303 0.0073423004 270.1858966463 -24.57178727484 1949.07153 -1.3610000000000022 0.7089999999999999 -1.6480833277702331 1.8415833797454835 0.087701514 0.07970151 "" "" 22.83188125718728 "" 1.9031317072602532 ""
269.85699954529 -24.91122208826 0.0201 0.0158 16.1295 "" "" 4064487844717166592 2556.03735 0.3557 0.023 0.086 -1.934 0.024 0.016 0.896 "" "" 14.110234 1.468317 14.765393 13.297076 "" "" 2412.01196 2743.01025 42741.8395 18.134 16954.0 31.687 38048.0 82.33 "" "" 0.002793560739726045 0.003450052 0.0044500837 0.007900136 269.85699954529 -24.91122208826 2556.03735 0.086 -1.9340000000000002 -0.20108332777023316 -0.8014166202545165 0.08570151 0.07770151 "" "" 10.010631525330865 "" 0.7828126676239312 ""
269.86969894431 -24.4296936847 0.0205 0.0169 15.5802 "" "" 4069008276283963008 2100.39185 0.4346 0.0209 -0.059 -0.594 0.029 0.019 0.937 "" "" 14.111836 1.656619 14.891889 13.23527 35.43 4.36 2011.87891 2196.03394 42678.78552 10.606 15089.0 15.162 40276.0 34.202 "" "" 0.002768499376528727 0.0029958813 0.0038902191 0.0068861004 269.86969894431 -24.4296936847 2100.39185 -0.059 -0.594 -0.34608332777023315 0.5385833797454834 0.090701506 0.08070151 "" "" 6.373659695190961 "" 0.533778031886339 ""
269.98453878745 -24.7119524228 0.0195 0.0164 2.6386 "" "" 4064497740322299136 2350.95361 0.3836 0.022 -0.437 -5.915 0.024 0.017 0.978 "" "" 14.115185 2.123309 15.212685 13.089375 29.36 2.0 2228.38721 2461.05493 42547.39727 10.812 11229.0 13.794 46069.0 24.428 "" "" 0.0027690995271842417 0.0030925602 0.003822979 0.0069155395 269.98453878745 -24.7119524228 2350.95361 -0.43700000000000006 -5.915000000000001 -0.7240833277702332 -4.782416620254517 0.08570151 0.07870151 "" "" 53.90032717222456 "" 4.2508593313934515 ""
270.15667694222 -24.40348732892 0.0222 0.0181 18.483 "" "" 4069011437381702016 2481.87671 0.3595 0.0243 -0.445 -1.86 0.026 0.018 0.909 10561.6 3.7441 14.117496 1.573094 14.843519 13.270425 "" "" 2314.11621 2619.49268 42456.90078 11.517 15776.0 23.619 38993.0 38.142 "" "" 0.002771016359921172 0.0032291363 0.003925768 0.0071549043 270.15667694222 -24.40348732892 2481.87671 -0.4449999999999998 -1.8599999999999999 -0.7320833277702332 -0.7274166202545167 0.087701514 0.07970151 "" "" 12.140871188867127 "" 1.0176791878304363 ""
270.08953487847 -24.59986343806 0.0197 0.0155 7.0995 "" "" 4066000149909896960 1993.7207 0.458 0.0215 -1.277 -2.766 0.023 0.016 0.948 7457.8 3.7778 14.123928 1.121317 14.591612 13.470295 "" "" 1919.55225 2068.83643 42206.12118 9.8633 19896.0 28.942 32437.0 19.989 "" "" 0.0027669781540531004 0.003206165 0.0038381491 0.0070443144 270.08953487847 -24.59986343806 1993.7207 -1.2770000000000012 -2.766000000000003 -1.564083327770233 -1.6334166202545166 0.08470151 0.07770151 "" "" 21.371759672198753 "" 1.7337880336713922 ""
269.97979660087 -24.62468200903 0.0216 0.0178 2.605 "" "" 4067501056311473536 2424.92944 0.3745 0.0216 0.074 -1.069 0.026 0.019 0.979 "" "" 14.130812 1.3878 14.742361 13.354561 "" "" 2301.94043 2562.78931 41939.38961 10.932 17317.0 21.581 36086.0 27.964 "" "" 0.002769816614067084 0.0031009468 0.0038719017 0.0069728484 269.97979660087 -24.62468200903 2424.92944 0.074 -1.0690000000000004 -0.21308332777023314 0.06358337974548345 0.087701514 0.08070151 "" "" 2.5559300380051497 "" 0.22275006354074778 ""
270.00177635369 -24.67203637237 0.0191 0.0159 1.0464 "" "" 4064498221358869632 2217.94482 0.4083 0.0213 0.374 -1.041 0.025 0.018 0.912 "" "" 14.132109 0.944347 14.506435 13.562088 "" "" 2106.0437 2319.1377 41889.29798 14.72 21520.0 25.936 29807.0 39.607 "" "" 0.002781610105201749 0.0030817706 0.0040453835 0.007127154 270.00177635369 -24.67203637237 2217.94482 0.374 -1.041 0.08691667222976684 0.09158337974548347 0.08670151 0.07970151 "" "" 1.3273969010602822 "" 0.11029629456553959 ""
269.94550311304 -24.75991154684 0.0195 0.0166 5.8836 "" "" 4064495300780864640 2585.84473 0.3274 0.0228 -0.362 -1.786 0.024 0.017 1.028 4712.3 1.9186 14.132771 2.98991 15.873621 12.883711 -0.73 1.26 2437.48438 2742.96387 41863.78901 18.31 6109.0 20.28 55677.0 53.355 "" "" 0.0027959417449425904 0.004558081 0.003919984 0.008478065 269.94550311304 -24.75991154684 2585.84473 -0.362 -1.786 -0.6490833277702331 -0.6534166202545166 0.08570151 0.07870151 "" "" 11.28875130622807 "" 0.928530485056903 ""
270.00497738912 -24.71152340145 0.0192 0.0161 2.871 "" "" 4064496984408041216 2128.81396 0.429 0.0227 1.772 -1.87 0.025 0.018 0.941 4790.1 2.6275 14.136266 1.959029 15.118138 13.159109 -32.53 3.85 2030.34229 2215.65283 41729.24364 15.598 12251.0 21.711 43203.0 39.784 "" "" 0.0027850482719095856 0.003389291 0.0039093927 0.0072986837 270.00497738912 -24.71152340145 2128.81396 1.7719999999999987 -1.8699999999999999 1.4849166722297669 -0.7374166202545167 0.08670151 0.07970151 "" "" 16.72956024377611 "" 1.4280732658760928 ""
269.836946772 -24.61385596803 0.0217 0.0182 8.6075 "" "" 4067501812225152512 2422.88867 0.37 0.0245 0.162 -0.446 0.027 0.018 0.922 "" "" 14.136531 1.426363 14.771229 13.344866 "" "" 2310.90381 2580.47949 41719.03405 12.345 16863.0 26.685 36409.0 26.292 "" "" 0.0027739879298190593 0.0032767404 0.0038598508 0.0071365912 269.836946772 -24.61385596803 2422.88867 0.16199999999999995 -0.446 -0.12508332777023315 0.6865833797454834 0.08870151 0.07970151 "" "" 8.014847525304136 "" 0.6412388659628784 ""
270.14474625933 -24.72579796069 0.042 0.034 9.4692 "" "" 4065995133387583616 2487.69092 0.3455 0.0447 -0.552 0.138 0.056 0.038 0.924 "" "" 14.147815 4.536055 17.206104 12.67005 -35.24 1.29 2285.67163 2772.93311 41287.727 53.3 1790.5 16.751 67786.0 241.54 "" "" 0.0030913314587729724 0.010533836 0.0054084323 0.015942268 270.14474625933 -24.72579796069 2487.69092 -0.552 0.138 -0.8390833277702332 1.2705833797454833 0.117701516 0.09970151 "" "" 17.954485726068285 "" 1.8940716050480357 ""
270.19516747737 -24.58739271143 0.0217 0.0171 12.5365 "" "" 4066000738352674048 2030.81079 0.452 0.0235 0.487 -1.348 0.026 0.018 0.955 5316.2 2.9634 14.149409 1.979797 15.139849 13.160051 -27.54 2.65 1948.00146 2114.2478 41227.11045 19.78 12008.0 23.38 43166.0 49.866 "" "" 0.0028041296171470555 0.0035005575 0.0039820713 0.007482629 270.19516747737 -24.58739271143 2030.81079 0.48699999999999966 -1.3479999999999994 0.19991667222976683 -0.2154166202545167 0.087701514 0.07970151 "" "" 2.8289923173896088 "" 0.2362171992996071 ""
269.96104384477 -24.74681752705 0.0194 0.0162 4.8799 "" "" 4064496812609352320 2384.66382 0.3771 0.0228 0.684 -1.46 0.025 0.017 0.917 "" "" 14.150964 1.40158 14.771289 13.369709 "" "" 2269.93994 2567.32642 41168.13918 9.1798 16862.0 19.373 35586.0 28.127 "" "" 0.0027659360472259142 0.0030563213 0.003875586 0.0069319075 269.96104384477 -24.74681752705 2384.66382 0.684 -1.46 0.3969166722297669 -0.32741662025451657 0.08670151 0.07870151 "" "" 5.815927280459989 "" 0.48594659046073835 ""
