Clusters/Ruprecht_138/Ruprecht_138_stars_in_region.tsv
# %ECSV 1.0
# ---
# datatype:
# - name: RA_ICRS_1
#   unit: deg
#   datatype: float64
#   format: '{:15.11f}'
#   description: Right ascension (ICRS) at Ep=2016.0 (ra)
#   meta: !!omap
#   - {ucd: POS_EQ_RA_MAIN}
#   - {width: 15}
#   - {precision: '11'}
# - name: DE_ICRS_1
#   unit: deg
#   datatype: float64
#   format: '{:15.11f}'
#   description: Declination (ICRS) at Ep=2016.0 (dec)
#   meta: !!omap
#   - {ucd: POS_EQ_DEC_MAIN}
#   - {width: 15}
#   - {precision: '11'}
# - name: e_RA_ICRS
#   unit: mas
#   datatype: float64
#   format: '{:7.4f}'
#   description: Standard error of right ascension (ra_error)
#   meta: !!omap
#   - {ucd: ERROR}
#   - {width: 7}
#   - {precision: '4'}
# - name: e_DE_ICRS
#   unit: mas
#   datatype: float64
#   format: '{:7.4f}'
#   description: Standard error of declination (dec_error)
#   meta: !!omap
#   - {ucd: ERROR}
#   - {width: 7}
#   - {precision: '4'}
# - name: _r_1
#   unit: ''
#   datatype: float64
#   format: '{:7.4f}'
#   description: Distance from center (269.98310752000-24.66799447000)[ICRS], at Epoch=J2016.0
#   meta: !!omap
#   - {ucd: POS_ANG_DIST_GENERAL}
#   - {width: 7}
#   - {precision: '4'}
# - name: HIP
#   datatype: int32
#   description: '? HIP cross-id number, van Leeuwen, Cat. I/311 (hip_original_ext_source_id)'
#   meta: !!omap
#   - {ucd: ID_NUMBER}
#   - {width: 6}
#   - values: {'null': -2147483648}
# - name: TYC2
#   datatype: string
#   description: Tycho-2 cross-id name, Hog et al., Cat. I/259 (tyc2_original_ext_source_id)
#   meta: !!omap
#   - {ucd: ID_CROSSID}
#   - {_votable_string_dtype: char}
# - name: Source
#   datatype: int64
#   description: Source identifier, identical to the Gaia-EDR3 source_id (id)
#   meta: !!omap
#   - {ucd: ID_MAIN}
#   - {width: 19}
# - name: rgeo
#   unit: pc
#   datatype: float64
#   format: '{:15.8f}'
#   description: '? Median of the geometric distance posterior (r_med_geo)'
#   meta: !!omap
#   - {ucd: PHYS_DISTANCE_TRUE}
#   - {width: 15}
#   - {precision: '8'}
#   - values: {'null': .nan}
# - name: Plx
#   unit: mas
#   datatype: float64
#   format: '{:9.4f}'
#   description: '? Parallax (parallax)'
#   meta: !!omap
#   - {ucd: POS_PARLX_TRIG}
#   - {width: 9}
#   - {precision: '4'}
#   - values: {'null': .nan}
# - name: e_Plx
#   unit: mas
#   datatype: float32
#   format: '{:7.4f}'
#   description: '? Standard error of parallax (parallax_error)'
#   meta: !!omap
#   - {ucd: ERROR}
#   - {width: 7}
#   - {precision: '4'}
#   - values: {'null': .nan}
# - name: pmRA
#   unit: mas / yr
#   datatype: float64
#   format: '{:9.3f}'
#   description: '? Proper motion in right ascension direction, pmRA*cosDE (pmra)'
#   meta: !!omap
#   - {ucd: POS_EQ_PMRA}
#   - {width: 9}
#   - {precision: '3'}
#   - values: {'null': .nan}
# - name: pmDE
#   unit: mas / yr
#   datatype: float64
#   format: '{:9.3f}'
#   description: '? Proper motion in declination direction (pmdec)'
#   meta: !!omap
#   - {ucd: POS_EQ_PMDEC}
#   - {width: 9}
#   - {precision: '3'}
#   - values: {'null': .nan}
# - name: e_pmRA
#   unit: mas / yr
#   datatype: float32
#   format: '{:6.3f}'
#   description: '? Standard error of proper motion in right ascension direction (pmra_error)'
#   meta: !!omap
#   - {ucd: ERROR}
#   - {width: 6}
#   - {precision: '3'}
#   - values: {'null': .nan}
# - name: e_pmDE
[...]
#         value: !astropy.table.SerializedColumn {name: SkyCoord.dec}
#       distance: !astropy.table.SerializedColumn
#         __class__: astropy.coordinates.distances.Distance
#         unit: !astropy.units.Unit {unit: pc}
#         value: !astropy.table.SerializedColumn {name: SkyCoord.distance}
#       frame: icrs
#       obstime: !astropy.time.Time {format: jyear_str, in_subfmt: '*', jd1: 367701545.0, jd2: 0.0, out_subfmt: '*', precision: 3, scale: tt}
#       pm_dec: !astropy.table.SerializedColumn
#         __class__: astropy.units.quantity.Quantity
#         unit: !astropy.units.Unit {unit: mas / yr}
#         value: !astropy.table.SerializedColumn {name: SkyCoord.pm_dec}
#       pm_ra_cosdec: !astropy.table.SerializedColumn
#         __class__: astropy.units.quantity.Quantity
#         unit: !astropy.units.Unit {unit: mas / yr}
#         value: !astropy.table.SerializedColumn {name: SkyCoord.pm_ra_cosdec}
#       ra: !astropy.table.SerializedColumn
#         __class__: astropy.coordinates.angles.Longitude
#         unit: *id001
#         value: !astropy.table.SerializedColumn {name: SkyCoord.ra}
#         wrap_angle: !astropy.coordinates.Angle
#           unit: *id001
#           value: 360.0
#       representation_type: spherical
# schema: astropy-2.0
RA_ICRS_1 DE_ICRS_1 e_RA_ICRS e_DE_ICRS _r_1 HIP TYC2 Source rgeo Plx e_Plx pmRA pmDE e_pmRA e_pmDE RUWE Teff logg Gmag BP-RP BPmag RPmag RV e_RV b_rgeo B_rgeo FG e_FG FBP e_FBP FRP e_FRP RAVE5 RAVE6 e_Gmag e_BPmag e_RPmag e_BP-RP SkyCoord.ra SkyCoord.dec SkyCoord.distance SkyCoord.pm_ra_cosdec SkyCoord.pm_dec rmRA rmDE e_rmRA e_rmDE rRV e_rRV v_pec v_pec3d e_vpec e_vpec3d
[from data line 1298]
270.1462077799 -24.67717629871 0.0418 0.033 8.9097 "" "" 4065995927978551936 2686.20361 0.3385 0.0465 -0.253 -1.076 0.052 0.037 0.942 "" "" 15.983854 2.243324 17.100027 14.856703 "" "" 2372.98389 3015.50537 7610.35589 7.6219 1974.3 75.046 9046.4 101.88 "" "" 0.002962126169921394 0.04136461 0.012798254 0.054162864 270.1462077799 -24.67717629871 2686.20361 -0.25299999999999967 -1.076 -0.5400833277702332 0.05658337974548333 0.11370151 0.09870151 "" "" 6.914304948750126 "" 0.7851144242103066 ""
269.64708350512 -24.7026011556 0.0397 0.0339 18.4363 "" "" 4067497585976997248 1884.62317 0.4797 0.0452 -0.705 -3.855 0.05 0.034 0.997 9141.1 3.8256 15.983989 2.08113 17.040533 14.959403 "" "" 1705.8457 2106.33032 7609.41291 3.5348 2085.5 9.7947 8229.9 11.31 "" "" 0.002801100732532148 0.0058126817 0.0040632538 0.0098759355 269.64708350512 -24.7026011556 1884.62317 -0.7050000000000008 -3.855 -0.9920833277702331 -2.7224166202545166 0.11170151 0.095701516 "" "" 25.884121739096024 "" 2.5292109630275648 ""
269.82192471027 -24.7961513959 0.0439 0.0385 11.6741 "" "" 4064489837582105856 2432.10498 0.3969 0.0492 -0.909 -3.036 0.053 0.037 1.011 "" "" 15.985047 1.722635 16.803288 15.080652 "" "" 2170.47192 2807.62061 7602.0015 4.0673 2594.8 14.433 7360.3 13.924 "" "" 0.0028158899212264834 0.006652562 0.0043014525 0.010954015 269.82192471027 -24.7961513959 2432.10498 -0.909 -3.036 -1.1960833277702332 -1.9034166202545166 0.11470151 0.09870151 "" "" 25.915615452438576 "" 2.681806216952492 ""
269.97628089988 -24.73764760337 0.042 0.0348 4.1957 "" "" 4064496846969087232 1823.08606 0.5131 0.0487 -0.151 -0.516 0.052 0.036 0.977 "" "" 15.986053 1.367252 16.588999 15.221746 "" "" 1680.28333 2002.82581 7594.95737 4.049 3161.0 12.377 6463.4 11.658 "" "" 0.0028154621099519997 0.0050850813 0.004256619 0.0093417 269.97628089988 -24.73764760337 1823.08606 -0.151 -0.516 -0.4380833277702332 0.6165833797454834 0.11370151 0.097701505 "" "" 6.536096784782074 "" 0.6754757366686205 ""
269.81539575118 -24.42509289625 0.039 0.0317 17.2101 "" "" 4069020169064226048 2564.4895 0.3691 0.0424 -0.155 -1.369 0.054 0.036 0.983 9241.5 3.5291 15.987399 1.422255 16.617918 15.195663 "" "" 2303.25879 2951.93774 7585.55109 3.5586 3077.9 11.007 6620.5 13.803 "" "" 0.002802004077670163 0.004781292 0.004405427 0.009186719 269.81539575118 -24.42509289625 2564.4895 -0.15500000000000022 -1.3690000000000004 -0.4420833277702332 -0.2364166202545166 0.11570151 0.097701505 "" "" 6.093991628961474 "" 0.6822166225685593 ""
269.83355918982 -24.79356789706 0.0433 0.0365 11.099 "" "" 4064495713097361664 2212.35669 0.4166 0.0485 -1.902 -5.672 0.048 0.035 0.991 4859.9 3.5104 15.988434 2.104916 17.06304 14.958124 "" "" 1972.79456 2488.26929 7578.32708 3.8422 2042.7 9.9967 8239.6 14.938 "" "" 0.002809769177838271 0.006001481 0.004261253 0.010262733 269.83355918982 -24.79356789706 2212.35669 -1.9020000000000001 -5.672 -2.1890833277702333 -4.539416620254516 0.109701514 0.09670151 "" "" 52.84897583302246 "" 5.247093511392407 ""
270.11058155092 -24.84172172783 0.0429 0.0374 12.5257 "" "" 4064492208404574336 2051.56958 0.4522 0.0498 0.014 -1.869 0.062 0.041 0.959 "" "" 15.988831 1.558671 16.708591 15.14992 "" "" 1846.0094 2261.08179 7575.5498 3.814 2831.3 11.212 6905.4 12.024 "" "" 0.0028090194194994133 0.005125529 0.0042258543 0.009351384 270.11058155092 -24.84172172783 2051.56958 0.01400000000000001 -1.869 -0.27308332777023314 -0.7364166202545166 0.12370151 0.102701515 "" "" 7.6377655906780335 "" 0.8054987487300608 ""
269.6978118978 -24.59135298889 0.0438 0.0361 16.2256 "" "" 4067504148687463040 2457.17944 0.3766 0.0495 -0.246 -3.141 0.061 0.039 0.965 "" "" 15.989078 1.82131 16.848614 15.027304 "" "" 2236.37012 2749.42944 7573.83578 4.4486 2488.7 18.729 7731.0 30.882 "" "" 0.002828158308522422 0.008634094 0.005752712 0.014386807 269.6978118978 -24.59135298889 2457.17944 -0.24599999999999989 -3.141 -0.5330833277702332 -2.0084166202545166 0.12270151 0.10070151 "" "" 24.202056287107666 "" 2.475748479899185 ""
269.737290813 -24.80467400094 0.0411 0.0346 15.7066 "" "" 4067492054059026688 2160.09814 0.4368 0.0474 -3.201 -5.415 0.048 0.035 0.945 6511.5 3.9442 15.989219 1.844708 16.868301 15.023593 "" "" 1957.38025 2394.19702 7572.84717 4.1693 2444.0 14.324 7757.5 35.444 "" "" 0.0028194163777737436 0.0069482066 0.0062363874 0.013184594 269.737290813 -24.80467400094 2160.09814 -3.201 -5.415 -3.488083327770233 -4.282416620254517 0.109701514 0.09670151 "" "" 56.55137356521183 "" 5.773046819372894 ""
270.04877210531 -24.77930276597 0.0709 0.0585 7.5769 "" "" 4064493582793869056 2323.93408 0.4108 0.0808 0.398 -0.25 0.1 0.065 1.973 7778.7 4.0547 15.991109 1.452376 16.62751 15.175134 "" "" 1933.51697 2808.41602 7559.67373 9.1804 3050.8 14.089 6746.9 19.238 "" "" 0.0030545463465264885 0.005738117 0.0048854905 0.010623608 270.04877210531 -24.77930276597 2323.93408 0.39799999999999974 -0.25 0.11091667222976687 0.8825833797454834 0.16170152 0.1267015 "" "" 9.798523431864966 "" 1.2475415655446611 ""
270.06712337133 -24.72001380318 0.0413 0.034 5.5424 "" "" 4064497156207095552 2240.20654 0.4267 0.045 -0.243 -0.946 0.053 0.036 0.926 8088.4 4.1854 15.991342 1.659998 16.77651 15.116512 "" "" 2020.7113 2500.13623 7558.05327 3.214 2659.6 9.2275 7121.2 10.997 "" "" 0.002793735249860819 0.004687761 0.0041346005 0.008822361 270.06712337133 -24.72001380318 2240.20654 -0.243 -0.9460000000000006 -0.5300833277702331 0.18658337974548345 0.11470151 0.097701505 "" "" 5.967241694814477 "" 0.6740179255573401 ""
270.01109581472 -24.49517856544 0.0418 0.0353 10.4808 "" "" 4069004123065857152 2143.77954 0.4281 0.0458 1.255 -0.713 0.05 0.037 0.952 5343.0 3.5807 15.992888 1.924726 16.936 15.011275 "" "" 1932.28235 2435.36816 7547.29661 3.6137 2296.2 12.997 7846.0 12.211 "" "" 0.002803933314753445 0.006749245 0.0041399333 0.010889178 270.01109581472 -24.49517856544 2143.77954 1.2550000000000012 -0.713 0.9679166722297667 0.41958337974548343 0.11170151 0.09870151 "" "" 10.719858456757187 "" 1.1764791202267075 ""
269.893191904 -24.71596953415 0.0402 0.035 5.6844 "" "" 4067498822927806208 2409.34424 0.3852 0.0453 -1.426 -4.709 0.049 0.035 0.901 8002.7 4.1663 15.993167 1.516522 16.675783 15.159261 "" "" 2193.79907 2720.9563 7545.36148 3.9269 2918.1 12.034 6846.3 16.05 "" "" 0.002812664477540136 0.0052756914 0.004556579 0.00983227 269.893191904 -24.71596953415 2409.34424 -1.426 -4.708999999999999 -1.713083327770233 -3.5764166202545162 0.11070151 0.09670151 "" "" 45.28748363056345 "" 4.504467093123759 ""
270.06991973037 -24.89199238649 0.0445 0.0407 14.2476 "" "" 4064478808106301056 2187.46631 0.414 0.0525 -4.657 -2.897 0.057 0.04 0.98 "" "" 15.993279 2.484273 17.343025 14.858752 "" "" 1964.01477 2536.70996 7544.58618 4.0298 1578.4 9.7471 9029.4 11.978 "" "" 0.002815688766000531 0.007262144 0.0040445225 0.011306666 270.06991973037 -24.89199238649 2187.46631 -4.657 -2.8969999999999967 -4.944083327770233 -1.7644166202545164 0.11870151 0.10170151 "" "" 54.42979208462608 "" 6.363110805374326 ""
269.93556513757 -24.45922173128 0.0491 0.0378 12.7922 "" "" 4069007520369682560 2285.04053 0.4179 0.0532 0.148 -3.43 0.057 0.039 0.906 4856.9 3.4988 15.993495 2.276901 17.198236 14.921335 "" "" 2016.08752 2521.03052 7543.08305 4.0137 1803.5 10.621 8523.6 14.305 "" "" 0.0028152360943053917 0.0069762785 0.004195716 0.011171995 269.93556513757 -24.45922173128 2285.04053 0.148 -3.4299999999999993 -0.13908332777023316 -2.2974166202545168 0.11870151 0.10070151 "" "" 24.92908804988545 "" 2.5121811944520553 ""
270.085923722 -24.39664894008 0.0471 0.0374 17.2208 "" "" 4069006627018341248 2425.78955 0.3805 0.0502 -0.502 -1.163 0.055 0.039 1.051 "" "" 15.993837 1.703235 16.773436 15.070201 "" "" 2182.87866 2691.73096 7540.70297 4.4915 2667.1 14.283 7431.5 20.85 "" "" 0.0028301965050414536 0.006449203 0.00485416 0.011303363 270.085923722 -24.39664894008 2425.78955 -0.502 -1.1630000000000003 -0.7890833277702332 -0.030416620254516635 0.11670151 0.10070151 "" "" 9.07980955766984 "" 1.0594267342598533 ""
270.03535505567 -24.67797383993 0.042 0.0348 2.9109 "" "" 4064497499804489472 2612.09424 0.3635 0.0468 0.372 -1.07 0.052 0.037 1.071 9505.8 4.2558 15.994075 1.575977 16.720356 15.144379 "" "" 2289.08276 2981.38159 7539.05178 3.7556 2800.7 8.8608 6940.8 10.135 "" "" 0.0028079034276113665 0.0044254363 0.0040984405 0.008523877 270.03535505567 -24.67797383993 2612.09424 0.37199999999999994 -1.07 0.08491667222976684 0.06258337974548334 0.11370151 0.09870151 "" "" 1.3060698000882336 "" 0.14191519306872055 ""
270.06438227833 -24.7452575872 0.0432 0.0354 6.4122 "" "" 4064494093860293632 1862.75342 0.5133 0.049 -0.264 -0.505 0.056 0.037 1.168 7448.2 4.1717 15.994443 1.370911 16.57515 15.204239 "" "" 1705.95129 2026.68823 7536.49577 4.4237 3201.5 15.637 6568.4 19.019 "" "" 0.0028280619318145892 0.0059922608 0.0049160034 0.010908265 270.06438227833 -24.7452575872 1862.75342 -0.26399999999999985 -0.505 -0.5510833277702332 0.6275833797454834 0.117701516 0.09870151 "" "" 7.374329597608176 "" 0.7919107758949283 ""
269.96139277138 -24.48830171675 0.0449 0.0358 10.8465 "" "" 4069007211132004352 2622.15942 0.3763 0.0468 0.677 -2.449 0.051 0.035 0.972 9358.4 4.1568 15.994994 1.636804 16.759346 15.122542 "" "" 2303.62036 3064.00171 7532.67186 4.1479 2702.0 14.825 7081.8 17.193 "" "" 0.0028194383590524523 0.006578137 0.004607798 0.011185935 269.96139277138 -24.48830171675 2622.15942 0.677 -2.4490000000000003 0.3899166722297669 -1.3164166202545164 0.112701505 0.09670151 "" "" 17.064426512767227 "" 1.6738293001016398 ""
269.82076728868 -24.60835611851 0.0474 0.042 9.5494 "" "" 4067504732803495552 2261.34888 0.4276 0.0552 -0.317 -2.987 0.058 0.039 1.001 9811.7 4.2023 15.99515 1.97464 16.973547 14.998907 "" "" 2003.22437 2657.54028 7531.59472 4.5782 2218.2 10.413 7935.9 10.553 "" "" 0.002833260603269796 0.005810563 0.00404577 0.009856333 269.82076728868 -24.60835611851 2261.34888 -0.3169999999999995 -2.987000000000002 -0.6040833277702331 -1.8544166202545167 0.119701505 0.10070151 "" "" 20.905158957687387 "" 2.146476168558006 ""
270.14791443267 -24.78317323003 0.0447 0.0378 11.3328 "" "" 4064492822549937408 1852.7478 0.5077 0.0458 0.541 -2.395 0.069 0.046 1.058 6695.1 3.7392 15.99579 1.93078 16.949675 15.018895 "" "" 1729.21887 2016.93103 7527.155 4.1157 2267.5 11.696 7791.1 10.004 "" "" 0.002818549365704084 0.0062569045 0.004028311 0.010285215 270.14791443267 -24.78317323003 1852.7478 0.541 -2.395 0.2539166722297669 -1.2624166202545166 0.13070151 0.10770151 "" "" 11.308606594929174 "" 1.2290961453099665 ""
270.04177448265 -24.53450060491 0.0446 0.0361 8.6254 "" "" 4069003229713113984 2462.71655 0.3567 0.0464 -0.346 -0.068 0.057 0.04 0.927 "" "" 15.998095 3.044156 17.777716 14.73356 "" "" 2207.32202 2832.12183 7511.19144 4.6902 1057.6 13.208 10133.0 17.993 "" "" 0.0028375032983299284 0.013843479 0.0042427136 0.018086191 270.04177448265 -24.53450060491 2462.71655 -0.346 -0.068 -0.6330833277702331 1.0645833797454833 0.11870151 0.10170151 "" "" 14.458531103616314 "" 1.538463021454045 ""
270.00555359416 -24.70267866138 0.0888 0.0754 2.4142 "" "" 4064497362365397376 2243.34473 0.4428 0.1008 -0.103 -1.856 0.111 0.082 2.37 8474.1 4.009 15.998414 1.739737 16.724928 14.985191 "" "" 1899.6012 2826.76758 7508.98302 7.5592 2789.0 51.979 8036.8 90.525 "" "" 0.002964191623316115 0.020426482 0.012800199 0.03322668 270.00555359416 -24.70267866138 2243.34473 -0.10300000000000008 -1.856 -0.39008332777023313 -0.7234166202545167 0.17270151 0.14370151 "" "" 8.73948706891816 "" 1.3172316194293137 ""
269.95816638232 -24.60568958864 0.0411 0.0345 3.9781 "" "" 4067501331189152128 2074.76465 0.4547 0.0446 -1.05 -2.336 0.054 0.037 0.99 "" "" 15.998946 2.01694 17.008461 14.991521 "" "" 1886.39624 2360.97729 7505.305 5.1387 2148.0 9.1529 7990.1 16.841 "" "" 0.0028538393433230353 0.0054027005 0.004418223 0.009820923 269.95816638232 -24.60568958864 2074.76465 -1.05 -2.335999999999998 -1.3370833277702332 -1.2034166202545165 0.11570151 0.09870151 "" "" 17.69097078440064 "" 1.9181169967179208 ""
270.10038534358 -24.75100079016 0.0401 0.0328 8.1035 "" "" 4064493922061597440 2128.68457 0.4417 0.0446 -0.234 -3.491 0.051 0.035 0.989 7907.2 4.2716 16.002438 1.477115 16.664576 15.187461 "" "" 1976.48279 2366.56714 7481.2043 3.4507 2948.4 12.299 6670.7 13.066 "" "" 0.0028004615789076633 0.0053195297 0.0043366295 0.009656159 270.10038534358 -24.75100079016 2128.68457 -0.2340000000000003 -3.491 -0.5210833277702331 -2.3584166202545167 0.112701505 0.09670151 "" "" 24.370255993400114 "" 2.376209786924032 ""
270.27493684111 -24.76876509332 0.0447 0.0368 17.0158 "" "" 4065982489003729536 2195.90552 0.4246 0.046 -0.388 -4.673 0.056 0.039 0.954 9239.0 3.6709 16.002909 1.558156 16.710403 15.152247 "" "" 1930.2644 2404.13672 7477.96273 4.6648 2826.5 17.34 6890.6 12.836 "" "" 0.002837342035825618 0.007221558 0.0042865365 0.011508094 270.27493684111 -24.76876509332 2195.90552 -0.38799999999999973 -4.672999999999998 -0.6750833277702332 -3.5404166202545166 0.117701516 0.10070151 "" "" 37.514690772121924 "" 3.80197132294875 ""
270.0724438988 -24.69811590772 0.0403 0.0339 5.1949 "" "" 4064497254956254080 1811.44507 0.5343 0.046 -1.54 -3.757 0.051 0.035 0.996 5317.1 3.7801 16.007355 1.673419 16.802832 15.129413 "" "" 1653.64514 1975.95337 7447.39671 3.7194 2595.9 8.7644 7037.1 12.852 "" "" 0.0028081693664293948 0.004606789 0.004267977 0.0088747665 270.0724438988 -24.69811590772 1811.44507 -1.5400000000000014 -3.7569999999999997 -1.8270833277702332 -2.6244166202545167 0.112701505 0.09670151 "" "" 27.456936212981482 "" 2.8061127048795007 ""
269.91962989983 -24.51731306057 0.0507 0.0417 9.6815 "" "" 4069006700050389376 1826.91248 0.5163 0.054 0.493 -0.988 0.062 0.043 1.07 4944.5 4.2217 16.00816 1.570062 16.738497 15.168435 "" "" 1691.76294 1968.67651 7441.88597 3.8736 2754.3 9.4042 6788.7 10.736 "" "" 0.002812680685980007 0.0046397927 0.0041511385 0.008790931 269.91962989983 -24.51731306057 1826.91248 0.49300000000000005 -0.988 0.20591667222976684 0.1445833797454834 0.12370151 0.10470151 "" "" 2.1788063005653635 "" 0.25659143370470067 ""
269.84399689733 -24.5927556011 0.063 0.0529 8.8287 "" "" 4067504870231142784 2020.65857 0.4906 0.067 -0.267 -1.944 0.08 0.052 1.475 8475.1 4.0193 16.009407 2.072704 17.002626 14.929922 "" "" 1761.09814 2472.02734 7433.3374 6.8549 2159.6 22.676 8456.5 56.265 "" "" 0.0029316013614692285 0.011736804 0.008152823 0.019889627 269.84399689733 -24.5927556011 2020.65857 -0.267 -1.944 -0.5540833277702332 -0.8114166202545166 0.1417015 0.11370151 "" "" 9.410790609531238 "" 1.160324571871968 ""
270.09838569474 -24.64196231137 0.041 0.0326 6.4773 "" "" 4065998848567343872 1840.55432 0.5095 0.0451 -1.473 0.254 0.05 0.034 0.969 7581.3 4.2241 16.01026 1.486538 16.68751 15.200972 "" "" 1724.46021 1996.68896 7427.50769 3.3965 2886.8 12.222 6588.2 14.424 "" "" 0.0027996954022019164 0.0053772726 0.004464776 0.009842048 270.09838569474 -24.64196231137 1840.55432 -1.473 0.254 -1.7600833277702332 1.3865833797454834 0.11170151 0.095701516 "" "" 19.547929329876077 "" 2.0693513342585956 ""
