Clusters/Ruprecht_138/Ruprecht_138_stars_in_region.tsv
# %ECSV 1.0
# ---
# datatype:
# - name: RA_ICRS_1
#   unit: deg
#   datatype: float64
#   format: '{:15.11f}'
#   description: Right ascension (ICRS) at Ep=2016.0 (ra)
#   meta: !!omap
#   - {ucd: POS_EQ_RA_MAIN}
#   - {width: 15}
#   - {precision: '11'}
# - name: DE_ICRS_1
#   unit: deg
#   datatype: float64
#   format: '{:15.11f}'
#   description: Declination (ICRS) at Ep=2016.0 (dec)
#   meta: !!omap
#   - {ucd: POS_EQ_DEC_MAIN}
#   - {width: 15}
#   - {precision: '11'}
# - name: e_RA_ICRS
#   unit: mas
#   datatype: float64
#   format: '{:7.4f}'
#   description: Standard error of right ascension (ra_error)
#   meta: !!omap
#   - {ucd: ERROR}
#   - {width: 7}
#   - {precision: '4'}
# - name: e_DE_ICRS
#   unit: mas
#   datatype: float64
#   format: '{:7.4f}'
#   description: Standard error of declination (dec_error)
#   meta: !!omap
#   - {ucd: ERROR}
#   - {width: 7}
#   - {precision: '4'}
# - name: _r_1
#   unit: ''
#   datatype: float64
#   format: '{:7.4f}'
#   description: Distance from center (269.98310752000-24.66799447000)[ICRS], at Epoch=J2016.0
#   meta: !!omap
#   - {ucd: POS_ANG_DIST_GENERAL}
#   - {width: 7}
#   - {precision: '4'}
# - name: HIP
#   datatype: int32
#   description: '? HIP cross-id number, van Leeuwen, Cat. I/311 (hip_original_ext_source_id)'
#   meta: !!omap
#   - {ucd: ID_NUMBER}
#   - {width: 6}
#   - values: {'null': -2147483648}
# - name: TYC2
#   datatype: string
#   description: Tycho-2 cross-id name, Hog et al., Cat. I/259 (tyc2_original_ext_source_id)
#   meta: !!omap
#   - {ucd: ID_CROSSID}
#   - {_votable_string_dtype: char}
# - name: Source
#   datatype: int64
#   description: Source identifier, identical to the Gaia-EDR3 source_id (id)
#   meta: !!omap
#   - {ucd: ID_MAIN}
#   - {width: 19}
# - name: rgeo
#   unit: pc
#   datatype: float64
#   format: '{:15.8f}'
#   description: '? Median of the geometric distance posterior (r_med_geo)'
#   meta: !!omap
#   - {ucd: PHYS_DISTANCE_TRUE}
#   - {width: 15}
#   - {precision: '8'}
#   - values: {'null': .nan}
# - name: Plx
#   unit: mas
#   datatype: float64
#   format: '{:9.4f}'
#   description: '? Parallax (parallax)'
#   meta: !!omap
#   - {ucd: POS_PARLX_TRIG}
#   - {width: 9}
#   - {precision: '4'}
#   - values: {'null': .nan}
# - name: e_Plx
#   unit: mas
#   datatype: float32
#   format: '{:7.4f}'
#   description: '? Standard error of parallax (parallax_error)'
#   meta: !!omap
#   - {ucd: ERROR}
#   - {width: 7}
#   - {precision: '4'}
#   - values: {'null': .nan}
# - name: pmRA
#   unit: mas / yr
#   datatype: float64
#   format: '{:9.3f}'
#   description: '? Proper motion in right ascension direction, pmRA*cosDE (pmra)'
#   meta: !!omap
#   - {ucd: POS_EQ_PMRA}
#   - {width: 9}
#   - {precision: '3'}
#   - values: {'null': .nan}
# - name: pmDE
#   unit: mas / yr
#   datatype: float64
#   format: '{:9.3f}'
#   description: '? Proper motion in declination direction (pmdec)'
#   meta: !!omap
#   - {ucd: POS_EQ_PMDEC}
#   - {width: 9}
#   - {precision: '3'}
#   - values: {'null': .nan}
# - name: e_pmRA
#   unit: mas / yr
#   datatype: float32
#   format: '{:6.3f}'
#   description: '? Standard error of proper motion in right ascension direction (pmra_error)'
#   meta: !!omap
#   - {ucd: ERROR}
#   - {width: 6}
#   - {precision: '3'}
#   - values: {'null': .nan}
# - name: e_pmDE
[...]
#         value: !astropy.table.SerializedColumn {name: SkyCoord.dec}
#       distance: !astropy.table.SerializedColumn
#         __class__: astropy.coordinates.distances.Distance
#         unit: !astropy.units.Unit {unit: pc}
#         value: !astropy.table.SerializedColumn {name: SkyCoord.distance}
#       frame: icrs
#       obstime: !astropy.time.Time {format: jyear_str, in_subfmt: '*', jd1: 367701545.0, jd2: 0.0, out_subfmt: '*', precision: 3, scale: tt}
#       pm_dec: !astropy.table.SerializedColumn
#         __class__: astropy.units.quantity.Quantity
#         unit: !astropy.units.Unit {unit: mas / yr}
#         value: !astropy.table.SerializedColumn {name: SkyCoord.pm_dec}
#       pm_ra_cosdec: !astropy.table.SerializedColumn
#         __class__: astropy.units.quantity.Quantity
#         unit: !astropy.units.Unit {unit: mas / yr}
#         value: !astropy.table.SerializedColumn {name: SkyCoord.pm_ra_cosdec}
#       ra: !astropy.table.SerializedColumn
#         __class__: astropy.coordinates.angles.Longitude
#         unit: *id001
#         value: !astropy.table.SerializedColumn {name: SkyCoord.ra}
#         wrap_angle: !astropy.coordinates.Angle
#           unit: *id001
#           value: 360.0
#       representation_type: spherical
# schema: astropy-2.0
RA_ICRS_1 DE_ICRS_1 e_RA_ICRS e_DE_ICRS _r_1 HIP TYC2 Source rgeo Plx e_Plx pmRA pmDE e_pmRA e_pmDE RUWE Teff logg Gmag BP-RP BPmag RPmag RV e_RV b_rgeo B_rgeo FG e_FG FBP e_FBP FRP e_FRP RAVE5 RAVE6 e_Gmag e_BPmag e_RPmag e_BP-RP SkyCoord.ra SkyCoord.dec SkyCoord.distance SkyCoord.pm_ra_cosdec SkyCoord.pm_dec rmRA rmDE e_rmRA e_rmDE rRV e_rRV v_pec v_pec3d e_vpec e_vpec3d
[from data line 1521]
270.19744605291 -24.56291633884 0.058 0.0428 13.2832 "" "" 4066001047590342656 2007.17822 0.4926 0.064 -0.874 -2.454 0.067 0.046 1.122 "" "" 16.194386 1.713257 16.985523 15.272266 "" "" 1817.28381 2269.42261 6268.91753 6.8336 2193.9 8.5254 6169.5 11.66 "" "" 0.002998757361683151 0.0050582658 0.004300505 0.009358771 270.19744605291 -24.56291633884 2007.17822 -0.8740000000000007 -2.454 -1.1610833277702333 -1.3214166202545168 0.12870151 0.10770151 "" "" 16.735643841434598 "" 1.9633233334370968 ""
269.81012937796 -24.65992161896 0.0465 0.0403 9.4443 "" "" 4067500094238592256 2560.31958 0.3714 0.0537 -0.253 -2.626 0.056 0.04 0.963 "" "" 16.195086 1.846534 17.081354 15.23482 "" "" 2269.10718 2873.9375 6264.87766 3.7664 2008.5 19.156 6386.0 11.725 "" "" 0.0028315816904675014 0.010724488 0.004272894 0.014997382 269.81012937796 -24.65992161896 2560.31958 -0.25299999999999967 -2.626 -0.5400833277702332 -1.4934166202545165 0.117701516 0.10170151 "" "" 19.272746719966296 "" 1.998167734550234 ""
270.28025264127 -24.56359989884 0.0473 0.0374 17.3766 "" "" 4065998298811202688 2427.54541 0.3863 0.0532 -0.637 -3.812 0.061 0.041 0.92 7987.6 4.0722 16.195631 1.878676 17.1187 15.240024 "" "" 2132.44678 2796.43262 6261.72584 3.5343 1940.6 11.111 6355.5 11.822 "" "" 0.0028226475260143503 0.0068138917 0.0042851507 0.011099042 270.28025264127 -24.56359989884 2427.54541 -0.637 -3.812 -0.9240833277702332 -2.6794166202545164 0.12270151 0.102701515 "" "" 32.61295014674105 "" 3.4246405627512395 ""
269.94241162926 -24.51888215594 0.051 0.0406 9.2181 "" "" 4069003848188433664 2667.5271 0.3469 0.0528 -0.411 -1.612 0.057 0.039 1.017 8412.4 2.9665 16.1982 2.295497 17.394384 15.098887 "" "" 2335.68457 3000.57837 6246.93092 4.0706 1505.4 6.951 7237.7 12.41 "" "" 0.0028447006247736746 0.0057374 0.004213007 0.009950407 269.94241162926 -24.51888215594 2667.5271 -0.411 -1.6119999999999994 -0.6980833277702332 -0.4794166202545167 0.11870151 0.10070151 "" "" 10.707680434433422 "" 1.2125882377676978 ""
269.88352507161 -24.55220845053 0.0571 0.0476 8.8188 "" "" 4067505419998060928 2076.84473 0.4528 0.055 0.114 -2.559 0.07 0.048 1.057 7958.9 3.6599 16.199347 2.501641 17.568922 15.067281 "" "" 1869.56812 2371.77148 6240.33958 3.5371 1281.9 6.8581 7451.5 12.264 "" "" 0.002823210394576828 0.0064440104 0.004180541 0.010624551 269.88352507161 -24.55220845053 2076.84473 0.114 -2.559 -0.17308332777023316 -1.4264166202545168 0.13170151 0.109701514 "" "" 14.144990765492311 "" 1.5566871351408296 ""
269.98900000808 -24.72921632713 0.0504 0.0439 3.6873 "" "" 4064496950048300416 2484.99316 0.398 0.0597 -0.284 -1.646 0.063 0.044 1.061 "" "" 16.199429 1.371878 16.804516 15.432638 "" "" 2150.89624 2862.34521 6239.86218 3.5294 2591.9 7.8212 5322.3 15.304 "" "" 0.002822928888603041 0.0043033687 0.004902089 0.009205458 269.98900000808 -24.72921632713 2484.99316 -0.284 -1.645999999999999 -0.5710833277702332 -0.5134166202545165 0.124701515 0.105701506 "" "" 9.04547085084402 "" 1.0546319816486749 ""
269.89193312755 -24.83942970187 0.0464 0.0412 11.4229 "" "" 4064494544866181504 2217.89966 0.4344 0.0569 0.007 -1.689 0.057 0.039 0.949 "" "" 16.199696 1.612817 16.94759 15.334773 "" "" 2004.8689 2473.25317 6238.33747 3.9745 2271.9 9.7931 5824.4 15.002 "" "" 0.0028408243086201824 0.005448706 0.0047015324 0.010150239 269.89193312755 -24.83942970187 2217.89966 0.007 -1.689 -0.28008332777023315 -0.5564166202545167 0.11870151 0.10070151 "" "" 6.5488027841635885 "" 0.6849424125286672 ""
269.90290120393 -24.67590597618 0.0486 0.042 4.3988 "" "" 4067500437835539072 2489.21777 0.3844 0.053 -0.931 -3.014 0.058 0.04 0.974 6361.1 4.014 16.200073 1.744332 17.032866 15.288533 "" "" 2248.25684 2966.5752 6236.15911 3.3057 2100.2 13.469 6077.8 13.675 "" "" 0.0028147874034146025 0.007501267 0.0045001637 0.012001431 269.90290120393 -24.67590597618 2489.21777 -0.9309999999999999 -3.0140000000000002 -1.2180833277702332 -1.8814166202545164 0.119701505 0.10170151 "" "" 26.444935598931462 "" 2.8384029846141834 ""
269.66784997054 -24.76931280964 0.0504 0.0455 18.226 "" "" 4067495971054569216 2155.08154 0.4504 0.0598 -0.084 -3.726 0.06 0.042 0.904 "" "" 16.200436 1.439175 16.799751 15.360577 "" "" 1846.20117 2531.10938 6234.08336 3.6232 2603.3 26.531 5687.6 30.214 "" "" 0.0028266547762606487 0.011411423 0.006895666 0.01830709 269.66784997054 -24.76931280964 2155.08154 -0.084 -3.726 -0.3710833277702332 -2.5934166202545166 0.12170151 0.10370151 "" "" 26.76179664104703 "" 2.785722283119474 ""
269.94033868913 -24.79758739787 0.0493 0.043 8.1174 "" "" 4064495090307624832 2492.32666 0.3901 0.0533 -2.133 -5.506 0.063 0.045 0.976 7488.3 3.9544 16.202272 1.88293 17.112883 15.229953 "" "" 2253.12988 2945.61646 6223.54283 4.2391 1951.0 16.841 6414.7 15.298 "" "" 0.002852841628374022 0.009778573 0.004581289 0.014359862 269.94033868913 -24.79758739787 2492.32666 -2.1329999999999973 -5.505999999999999 -2.420083327770233 -4.373416620254517 0.124701515 0.10670151 "" "" 59.04873624370473 "" 6.56521490545807 ""
269.97183804753 -24.74317958915 0.0462 0.0412 4.5527 "" "" 4064496812609347840 2375.38525 0.4078 0.0562 -0.301 -0.318 0.058 0.042 0.926 "" "" 16.202387 1.774788 17.057985 15.283197 "" "" 2047.47571 2805.43237 6222.89329 3.6638 2052.2 9.4814 6107.7 11.218 "" "" 0.0028285007901008878 0.005739997 0.004273223 0.010013221 269.97183804753 -24.74317958915 2375.38525 -0.3009999999999997 -0.31799999999999995 -0.5880833277702331 0.8145833797454833 0.119701505 0.10370151 "" "" 11.31205436340917 "" 1.2380731875793645 ""
269.8813558939 -24.81783803767 0.0669 0.0607 10.5629 "" "" 4064494647945834624 2591.60205 0.361 0.0815 2.626 0.861 0.075 0.054 1.024 8393.2 2.9235 16.202478 2.509863 17.229464 14.719601 "" "" 2112.55371 3269.03882 6222.36527 16.437 1752.4 117.11 10264.0 192.94 "" "" 0.003977144132598998 0.072611585 0.020756366 0.09336795 269.8813558939 -24.81783803767 2591.60205 2.6260000000000012 0.861 2.3389166722297667 1.9935833797454834 0.13670151 0.11570151 "" "" 37.752478941166984 "" 4.843054697490688 ""
269.82399337056 -24.58215001787 0.0558 0.0505 10.0919 "" "" 4067505145119799552 2574.96582 0.3907 0.0658 -1.131 -5.256 0.063 0.044 0.956 5025.6 3.6955 16.202969 2.062908 17.254324 15.191416 "" "" 2077.01929 3181.427 6219.55899 5.3369 1712.7 18.726 6646.5 17.903 "" "" 0.0029085675416154247 0.012194514 0.0047787703 0.016973285 269.82399337056 -24.58215001787 2574.96582 -1.1309999999999996 -5.256 -1.4180833277702332 -4.123416620254517 0.124701515 0.105701506 "" "" 53.22076706887398 "" 5.740892928253957 ""
269.69164495148 -24.61406044592 0.0513 0.0424 16.2213 "" "" 4067504045608234240 2007.50513 0.4571 0.0567 -0.769 -4.147 0.067 0.045 1.059 "" "" 16.203045 2.951758 17.901438 14.949679 "" "" 1810.11707 2277.91382 6219.11977 4.7695 943.72 9.5932 8304.0 15.736 "" "" 0.00287838733630487 0.01138406 0.004303123 0.015687183 269.69164495148 -24.61406044592 2007.50513 -0.7689999999999994 -4.147 -1.0560833277702333 -3.014416620254517 0.12870151 0.10670151 "" "" 30.3933157056565 "" 3.3226691307254237 ""
270.14217828165 -24.76529181612 0.0441 0.0369 10.4521 "" "" 4064493067398213504 1844.2793 0.5133 0.0457 0.204 0.152 0.061 0.042 0.96 8717.4 4.3326 16.203117 1.558727 16.922333 15.363606 "" "" 1732.61768 2005.4502 6218.70705 2.9835 2325.3 8.9403 5671.7 11.411 "" "" 0.0028041257235336767 0.0050210487 0.0043652477 0.009386296 270.14217828165 -24.76529181612 1844.2793 0.204 0.152 -0.08308332777023317 1.2845833797454833 0.12270151 0.10370151 "" "" 11.253141931368305 "" 1.1679396659617272 ""
269.7708667165 -24.60249136393 0.049 0.043 12.2244 "" "" 4067503564571852544 1930.88013 0.5027 0.0561 0.953 0.049 0.06 0.042 0.932 "" "" 16.203648 1.30971 16.763453 15.453742 "" "" 1767.84131 2149.47437 6215.66453 3.733 2691.8 10.952 5219.9 23.094 "" "" 0.0028314281979843208 0.0052248645 0.006112095 0.01133696 269.7708667165 -24.60249136393 1930.88013 0.953 0.04899999999999998 0.6659166722297668 1.1815833797454833 0.12170151 0.10370151 "" "" 12.413478660712872 "" 1.3445598741807099 ""
269.82807243653 -24.74265327945 0.0474 0.04 9.5645 "" "" 4067498548049927552 2205.50415 0.4556 0.0539 -0.695 -2.729 0.057 0.039 0.985 6698.7 4.2536 16.203865 1.527733 16.901012 15.37328 "" "" 1961.5343 2460.93066 6214.42643 3.7626 2371.4 10.964 5621.4 10.578 "" "" 0.002832653796181315 0.0057431427 0.004296262 0.010039404 269.82807243653 -24.74265327945 2205.50415 -0.6950000000000006 -2.729 -0.9820833277702331 -1.5964166202545167 0.11870151 0.10070151 "" "" 19.594192852970043 "" 2.0759716148434655 ""
270.06434226527 -24.76360742747 0.0513 0.0428 7.2467 "" "" 4064493995110731520 2273.49634 0.435 0.0629 -1.593 0.02 0.062 0.042 1.015 4993.1 4.3063 16.206804 1.536097 16.898857 15.36276 "" "" 2034.9718 2545.20947 6197.619 4.244 2376.2 33.612 5676.2 31.987 "" "" 0.002853868598231136 0.01560943 0.0071915877 0.022801017 270.06434226527 -24.76360742747 2273.49634 -1.5930000000000006 0.020000000000000004 -1.8800833277702331 1.1525833797454834 0.12370151 0.10370151 "" "" 23.76467936226838 "" 2.8178627673113925 ""
269.86571845937 -24.66462083964 0.0459 0.04 6.4039 "" "" 4067499956799238656 2228.47876 0.4286 0.051 0.471 -1.469 0.055 0.039 0.942 7262.7 4.4971 16.210804 1.43734 16.857594 15.420254 "" "" 2031.67969 2589.52905 6174.82857 3.3494 2468.2 13.067 5383.4 9.2757 "" "" 0.002817557865536335 0.006389446 0.004217038 0.0106064845 269.86571845937 -24.66462083964 2228.47876 0.471 -1.4689999999999996 0.18391667222976682 -0.3364166202545167 0.11670151 0.10070151 "" "" 4.0499317206994565 "" 0.4236234875428758 ""
270.09413619752 -24.95393782647 0.0494 0.0421 18.191 "" "" 4064477571155681152 2231.33057 0.4109 0.0552 0.306 1.124 0.062 0.043 0.938 "" "" 16.21147 3.170894 18.091436 14.920543 "" "" 1993.72571 2518.01831 6171.04674 4.6568 792.21 9.875 8529.8 14.851 "" "" 0.0028745561528231624 0.013818462 0.00422577 0.018044233 270.09413619752 -24.95393782647 2231.33057 0.30599999999999994 1.1240000000000014 0.01891667222976684 2.2565833797454835 0.12370151 0.10470151 "" "" 23.867608266936326 "" 2.499009419300144 ""
269.8783493425 -24.6734692139 0.0603 0.0517 5.7212 "" "" 4067500678354118656 1911.77441 0.502 0.0672 1.881 -1.065 0.073 0.05 1.264 7480.2 4.1769 16.211739 1.403053 16.800343 15.397289 "" "" 1693.45386 2134.97217 6169.51794 4.3877 2601.8 10.736 5498.5 16.504 "" "" 0.002861473024931016 0.0052779564 0.004990398 0.010268355 269.8783493425 -24.6734692139 1911.77441 1.8809999999999987 -1.065 1.5939166722297669 0.06758337974548345 0.1347015 0.11170151 "" "" 14.456749051796171 "" 1.9468000115777433 ""
270.19687064587 -24.87094955196 0.0482 0.0402 16.8497 "" "" 4064479765849264640 2250.47852 0.4236 0.0489 -0.805 -1.089 0.061 0.044 1.072 9199.9 4.0946 16.212015 1.76737 17.042322 15.274952 "" "" 1989.47534 2589.65796 6167.94267 5.2383 2082.0 5.6011 6154.3 9.0503 "" "" 0.0029055194501189504 0.004039395 0.004102804 0.008142199 270.19687064587 -24.87094955196 2250.47852 -0.8049999999999997 -1.089 -1.0920833277702333 0.04358337974548343 0.12270151 0.105701506 "" "" 11.658819082769705 "" 1.4302613498541596 ""
270.07968961569 -24.84040551055 0.0483 0.0412 11.6063 "" "" 4064492174044545280 2215.92432 0.4392 0.053 -0.463 -3.602 0.064 0.045 1.032 "" "" 16.212992 1.536805 16.898705 15.361899 "" "" 2014.39307 2505.60059 6162.40553 2.9241 2376.5 21.747 5680.7 23.984 "" "" 0.002803071298364367 0.010319759 0.0059411046 0.016260864 270.07968961569 -24.84040551055 2215.92432 -0.46299999999999997 -3.6020000000000003 -0.7500833277702332 -2.4694166202545165 0.12570152 0.10670151 "" "" 27.107618093905078 "" 2.9394212769341346 ""
270.00668116573 -24.96942555617 0.0469 0.0407 18.1314 "" "" 4064472176676787584 2318.32397 0.4156 0.0524 3.737 2.076 0.063 0.042 0.865 "" "" 16.213125 1.795727 17.078613 15.282887 "" "" 2054.01562 2588.63843 6161.64744 3.3086 2013.6 10.423 6109.5 14.866 "" "" 0.0028163244386923874 0.0062745954 0.004611209 0.010885805 270.00668116573 -24.96942555617 2318.32397 3.737 2.076 3.449916672229767 3.2085833797454835 0.124701515 0.10370151 "" "" 51.77247731188853 "" 5.976493403401324 ""
270.16801446352 -24.87541196986 0.0486 0.0411 16.0111 "" "" 4064480148124860288 1862.95691 0.5245 0.0518 1.759 -1.928 0.061 0.043 0.93 5059.6 4.17 16.21424 1.847073 17.024933 15.17786 "" "" 1664.71338 2057.0459 6155.32952 5.485 2115.7 32.294 6730.0 66.792 "" "" 0.0029202465549520783 0.01680589 0.011418981 0.02822487 270.16801446352 -24.87541196986 1862.95691 1.7590000000000015 -1.928 1.4719166722297667 -0.7954166202545165 0.12270151 0.10470151 "" "" 14.774070110883338 "" 1.7562196317607277 ""
270.00649256425 -24.88755159615 0.0479 0.0399 13.2349 "" "" 4064490318618680704 2556.92139 0.3656 0.0554 -0.922 -1.714 0.061 0.042 0.964 8750.4 3.5779 16.214922 2.891604 17.875832 14.984227 "" "" 2208.53809 2954.54272 6151.45276 4.6748 966.24 8.0438 8043.9 12.939 "" "" 0.0028762108656302772 0.009459446 0.0041633933 0.013622839 270.00649256425 -24.88755159615 2556.92139 -0.922 -1.7139999999999997 -1.2090833277702333 -0.5814166202545166 0.12270151 0.10370151 "" "" 16.260101710642264 "" 1.940870773445732 ""
270.03477455149 -24.77541509019 0.0469 0.043 7.0335 "" "" 4064493651513359488 1871.69934 0.5021 0.0599 0.283 -1.455 0.06 0.044 0.978 6679.6 4.2911 16.215853 1.54749 16.93346 15.38597 "" "" 1653.2821 2053.99341 6146.18768 4.01 2301.6 10.198 5556.1 10.436 "" "" 0.0028449224488248798 0.005561295 0.004294486 0.009855781 270.03477455149 -24.77541509019 1871.69934 0.283 -1.455 -0.0040833277702331805 -0.3224166202545167 0.12170151 0.105701506 "" "" 2.8606628549921447 "" 0.3023842680154018 ""
270.15769634395 -24.89887893717 0.0516 0.0422 16.8035 "" "" 4064479250453151360 2141.18506 0.448 0.0558 -0.333 -1.612 0.071 0.046 0.965 "" "" 16.21652 1.746715 17.054754 15.30804 "" "" 1869.34607 2435.67822 6142.40806 3.8803 2058.3 16.843 5969.6 15.794 "" "" 0.002839406079470534 0.009312365 0.004747147 0.014059512 270.15769634395 -24.89887893717 2141.18506 -0.333 -1.612 -0.6200833277702331 -0.4794166202545167 0.13270152 0.10770151 "" "" 7.954964128153643 "" 0.9859401353268432 ""
270.01439334461 -24.68804288933 0.0462 0.0385 2.0872 "" "" 4064498152639383168 2234.97144 0.4272 0.0519 0.871 -0.395 0.058 0.04 0.976 7849.5 3.618 16.216827 1.692178 17.020393 15.328216 "" "" 2042.36841 2490.84644 6140.6727 3.3963 2124.5 12.251 5859.7 15.218 "" "" 0.002819998572759966 0.0068545127 0.004715354 0.011569867 270.01439334461 -24.68804288933 2234.97144 0.8709999999999999 -0.3949999999999998 0.5839166722297668 0.7375833797454834 0.119701505 0.10170151 "" "" 9.965956594676559 "" 1.0861792347484671 ""
269.79915678226 -24.84028346861 0.0462 0.0422 14.3986 "" "" 4064489592731818752 2449.59619 0.3928 0.0557 0.868 -1.829 0.056 0.042 1.022 9389.3 4.1758 16.217484 1.674975 17.004347 15.329371 "" "" 2159.5752 2798.26147 6136.95888 3.7121 2156.1 10.534 5853.4 15.717 "" "" 0.0028325062116066673 0.0059936065 0.004773133 0.010766739 269.79915678226 -24.84028346861 2449.59619 0.8680000000000001 -1.8290000000000004 0.5809166722297668 -0.6964166202545166 0.117701516 0.10370151 "" "" 10.530046974125682 "" 1.1547491567895527 ""
270.21245504707 -24.6874523355 0.0481 0.0402 12.5585 "" "" 4065995030308503680 2023.83643 0.4656 0.0488 -0.019 -1.81 0.06 0.043 0.966 9259.5 4.2027 16.217855 1.509619 16.898478 15.388859 "" "" 1814.03662 2299.43213 6134.86331 3.993 2377.0 11.482 5541.3 12.337 "" "" 0.0028444993596095968 0.005940616 0.004486295 0.010426911 270.21245504707 -24.6874523355 2023.83643 -0.019 -1.81 -0.30608332777023317 -0.6774166202545167 0.12170151 0.10470151 "" "" 7.131016515134645 "" 0.7685290199751648 ""
