Clusters/Ruprecht_138/Ruprecht_138_members.tsv
# %ECSV 1.0
# ---
# datatype:
# - name: RA_ICRS_1
#   unit: deg
#   datatype: float64
#   format: '{:15.11f}'
#   description: Right ascension (ICRS) at Ep=2016.0 (ra)
#   meta: !!omap
#   - {ucd: POS_EQ_RA_MAIN}
#   - {width: 15}
#   - {precision: '11'}
# - name: DE_ICRS_1
#   unit: deg
#   datatype: float64
#   format: '{:15.11f}'
#   description: Declination (ICRS) at Ep=2016.0 (dec)
#   meta: !!omap
#   - {ucd: POS_EQ_DEC_MAIN}
#   - {width: 15}
#   - {precision: '11'}
# - name: e_RA_ICRS
#   unit: mas
#   datatype: float64
#   format: '{:7.4f}'
#   description: Standard error of right ascension (ra_error)
#   meta: !!omap
#   - {ucd: ERROR}
#   - {width: 7}
#   - {precision: '4'}
# - name: e_DE_ICRS
#   unit: mas
#   datatype: float64
#   format: '{:7.4f}'
#   description: Standard error of declination (dec_error)
#   meta: !!omap
#   - {ucd: ERROR}
#   - {width: 7}
#   - {precision: '4'}
# - name: _r_1
#   unit: ''
#   datatype: float64
#   format: '{:7.4f}'
#   description: Distance from center (269.98310752000-24.66799447000)[ICRS], at Epoch=J2016.0
#   meta: !!omap
#   - {ucd: POS_ANG_DIST_GENERAL}
#   - {width: 7}
#   - {precision: '4'}
# - name: HIP
#   datatype: int32
#   description: '? HIP cross-id number, van Leeuwen, Cat. I/311 (hip_original_ext_source_id)'
#   meta: !!omap
#   - {ucd: ID_NUMBER}
#   - {width: 6}
#   - values: {'null': -2147483648}
# - name: TYC2
#   datatype: string
#   description: Tycho-2 cross-id name, Hog et al., Cat. I/259 (tyc2_original_ext_source_id)
#   meta: !!omap
#   - {ucd: ID_CROSSID}
#   - {_votable_string_dtype: char}
# - name: Source
#   datatype: int64
#   description: Source identifier, identical to the Gaia-EDR3 source_id (id)
#   meta: !!omap
#   - {ucd: ID_MAIN}
#   - {width: 19}
# - name: rgeo
#   unit: pc
#   datatype: float64
#   format: '{:15.8f}'
#   description: '? Median of the geometric distance posterior (r_med_geo)'
#   meta: !!omap
#   - {ucd: PHYS_DISTANCE_TRUE}
#   - {width: 15}
#   - {precision: '8'}
#   - values: {'null': .nan}
# - name: Plx
#   unit: mas
#   datatype: float64
#   format: '{:9.4f}'
#   description: '? Parallax (parallax)'
#   meta: !!omap
#   - {ucd: POS_PARLX_TRIG}
#   - {width: 9}
#   - {precision: '4'}
#   - values: {'null': .nan}
# - name: e_Plx
#   unit: mas
#   datatype: float32
#   format: '{:7.4f}'
#   description: '? Standard error of parallax (parallax_error)'
#   meta: !!omap
#   - {ucd: ERROR}
#   - {width: 7}
#   - {precision: '4'}
#   - values: {'null': .nan}
# - name: pmRA
#   unit: mas / yr
#   datatype: float64
#   format: '{:9.3f}'
#   description: '? Proper motion in right ascension direction, pmRA*cosDE (pmra)'
#   meta: !!omap
#   - {ucd: POS_EQ_PMRA}
#   - {width: 9}
#   - {precision: '3'}
#   - values: {'null': .nan}
# - name: pmDE
#   unit: mas / yr
#   datatype: float64
#   format: '{:9.3f}'
#   description: '? Proper motion in declination direction (pmdec)'
#   meta: !!omap
#   - {ucd: POS_EQ_PMDEC}
#   - {width: 9}
#   - {precision: '3'}
#   - values: {'null': .nan}
# - name: e_pmRA
#   unit: mas / yr
#   datatype: float32
#   format: '{:6.3f}'
#   description: '? Standard error of proper motion in right ascension direction (pmra_error)'
#   meta: !!omap
#   - {ucd: ERROR}
#   - {width: 6}
#   - {precision: '3'}
#   - values: {'null': .nan}
# - name: e_pmDE
[...]
#         unit: &id001 !astropy.units.Unit {unit: deg}
#         value: !astropy.table.SerializedColumn {name: SkyCoord.dec}
#       distance: !astropy.table.SerializedColumn
#         __class__: astropy.coordinates.distances.Distance
#         unit: !astropy.units.Unit {unit: pc}
#         value: !astropy.table.SerializedColumn {name: SkyCoord.distance}
#       frame: icrs
#       obstime: !astropy.time.Time {format: jyear_str, in_subfmt: '*', jd1: 367701545.0, jd2: 0.0, out_subfmt: '*', precision: 3, scale: tt}
#       pm_dec: !astropy.table.SerializedColumn
#         __class__: astropy.units.quantity.Quantity
#         unit: !astropy.units.Unit {unit: mas / yr}
#         value: !astropy.table.SerializedColumn {name: SkyCoord.pm_dec}
#       pm_ra_cosdec: !astropy.table.SerializedColumn
#         __class__: astropy.units.quantity.Quantity
#         unit: !astropy.units.Unit {unit: mas / yr}
#         value: !astropy.table.SerializedColumn {name: SkyCoord.pm_ra_cosdec}
#       ra: !astropy.table.SerializedColumn
#         __class__: astropy.coordinates.angles.Longitude
#         unit: *id001
#         value: !astropy.table.SerializedColumn {name: SkyCoord.ra}
#         wrap_angle: !astropy.coordinates.Angle
#           unit: *id001
#           value: 360.0
#       representation_type: spherical
# schema: astropy-2.0
RA_ICRS_1 DE_ICRS_1 e_RA_ICRS e_DE_ICRS _r_1 HIP TYC2 Source rgeo Plx e_Plx pmRA pmDE e_pmRA e_pmDE RUWE Teff logg Gmag BP-RP BPmag RPmag RV e_RV b_rgeo B_rgeo FG e_FG FBP e_FBP FRP e_FRP RAVE5 RAVE6 e_Gmag e_BPmag e_RPmag e_BP-RP SkyCoord.ra SkyCoord.dec SkyCoord.distance SkyCoord.pm_ra_cosdec SkyCoord.pm_dec Pmemb
270.13981260277 -24.64739518594 0.0145 0.0109 8.6339 "" "" 4065998981678581248 2167.45996 0.4377 0.0166 0.238 -1.195 0.02 0.013 0.827 "" "" 12.594683 1.01399 13.006699 11.992708 -1.15 29.48 2100.17212 2238.68945 172613.02068 34.693 85652.0 79.051 126500.0 35.727 "" "" 0.002763948072971633 0.0029646542 0.0037918012 0.0067564556 270.13981260277 -24.64739518594 2167.45996 0.23800000000000002 -1.195 0.8
269.9839770681 -24.67992559574 0.014 0.0116 0.7174 "" "" 4064498393157563520 2448.83667 0.3819 0.0159 0.184 -1.023 0.018 0.012 0.859 "" "" 12.792376 0.841484 13.119258 12.277774 "" "" 2368.59448 2537.30688 143878.52529 28.98 77217.0 65.959 97286.0 47.153 "" "" 0.002763985208344835 0.0029402708 0.0038158426 0.0067561134 269.9839770681 -24.67992559574 2448.83667 0.184 -1.023 0.9
269.98312564409 -24.66813828645 0.0159 0.0131 0.0087 "" "" 4064498423184757376 2392.05884 0.3876 0.018 0.299 -1.208 0.02 0.014 0.877 "" "" 12.998047 0.898512 13.353025 12.454514 "" "" 2299.15234 2502.15991 119049.66667 28.574 62260.0 47.68 82671.0 37.824 "" "" 0.002767616211616707 0.0029114268 0.0038118877 0.0067233145 269.98312564409 -24.66813828645 2392.05884 0.299 -1.208 1.0
269.94785524262 -24.64369535675 0.0153 0.0128 2.4126 "" "" 4067500953232015360 2240.71631 0.4034 0.0167 0.263 -1.152 0.02 0.014 0.874 "" "" 13.092113 1.000871 13.49534 12.49447 "" "" 2160.54102 2328.34155 109169.57075 30.662 54611.0 46.963 79684.0 62.714 "" "" 0.002772143859796956 0.0029422464 0.0038747794 0.006817026 269.94785524262 -24.64369535675 2240.71631 0.263 -1.152 1.0
269.98600200023 -24.667044373 0.0173 0.0146 0.1678 "" "" 4064498427517306240 2401.05737 0.3772 0.0199 0.278 -1.105 0.022 0.016 1.199 10656.0 3.4932 13.350108 1.002296 13.751116 12.748819 "" "" 2293.01343 2568.84961 86080.2479 66.459 43149.0 100.82 63042.0 124.31 "" "" 0.0028800096797453266 0.00377105 0.0043436466 0.0081146965 269.98600200023 -24.667044373 2401.05737 0.2780000000000001 -1.105 0.9
270.01536692292 -24.65101080741 0.0161 0.0131 2.0329 "" "" 4064498560626329216 2330.70459 0.3891 0.0179 0.295 -1.177 0.02 0.014 0.877 10490.5 3.5612 13.586946 1.104818 14.043743 12.938925 "" "" 2211.14624 2450.50952 69209.96632 13.916 32955.0 28.064 52916.0 25.51 "" "" 0.002763955116668665 0.0029393754 0.0038154544 0.0067548295 270.01536692292 -24.65101080741 2330.70459 0.29500000000000004 -1.177 0.9
270.01872836501 -24.61045547689 0.0173 0.014 3.9614 "" "" 4065999879359527040 2317.50732 0.3927 0.0186 0.322 -1.171 0.021 0.015 0.975 "" "" 13.616993 1.10806 14.076022 12.967962 "" "" 2214.09961 2405.96558 67320.87036 24.837 31990.0 46.881 51520.0 34.87 "" "" 0.0027842848724907027 0.003211971 0.0038501604 0.0070621315 270.01872836501 -24.61045547689 2317.50732 0.322 -1.1710000000000003 0.8
270.00253386795 -24.66070533219 0.0168 0.0135 1.146 "" "" 4064498526266589568 2244.64722 0.4037 0.0189 0.193 -1.137 0.021 0.015 0.957 "" "" 13.650367 1.03134 14.072904 13.041564 "" "" 2152.5896 2358.18359 65282.98372 12.942 32082.0 25.61 48143.0 32.221 "" "" 0.0027637145734662476 0.0029216828 0.0038486049 0.0067702876 270.00253386795 -24.66070533219 2244.64722 0.19299999999999998 -1.137 1.0
269.93112388808 -24.70697523665 0.0179 0.0159 3.6744 "" "" 4064497907788658432 2277.33301 0.3993 0.022 0.441 -1.119 0.023 0.015 0.934 10500.8 3.7104 13.714945 0.830122 14.017818 13.187696 "" "" 2151.68701 2387.35083 61513.25745 17.963 33751.0 53.107 42080.0 105.22 "" "" 0.002773501974305238 0.0032716475 0.0046534045 0.007925052 269.93112388808 -24.70697523665 2277.33301 0.44100000000000006 -1.119 0.9
269.98232027911 -24.73860497572 0.019 0.0157 4.2368 "" "" 4064496846969083008 2421.70142 0.3682 0.0222 0.296 -1.098 0.024 0.016 0.876 10699.2 3.4151 13.974006 0.960166 14.358504 13.398338 "" "" 2313.50122 2544.23071 48455.67421 16.714 24661.0 41.841 34660.0 31.824 "" "" 0.0027806554975285174 0.0033434143 0.003908648 0.0072520627 269.98232027911 -24.73860497572 2421.70142 0.296 -1.098 1.0
269.94955506033 -24.66333658537 0.0187 0.0159 1.8507 "" "" 4067500506554988672 2498.96021 0.3562 0.0207 0.313 -1.199 0.023 0.017 0.948 "" "" 13.985394 0.922615 14.352571 13.429956 "" "" 2367.43408 2672.74585 47950.05224 11.145 24796.0 23.427 33665.0 22.224 "" "" 0.0027668526239174275 0.0029727593 0.0038467464 0.0068195057 269.94955506033 -24.66333658537 2498.96021 0.31299999999999994 -1.1990000000000003 1.0
270.02218789004 -24.67442341094 0.0188 0.0155 2.1654 "" "" 4064498251388679296 2380.34985 0.3791 0.0209 0.263 -1.178 0.024 0.017 0.962 10248.4 3.7181 14.086754 1.122615 14.555858 13.433243 "" "" 2275.3606 2488.62573 43676.2228 26.669 20562.0 47.636 33563.0 52.394 "" "" 0.002833955293545233 0.0037565825 0.0041420315 0.007898614 270.02218789004 -24.67442341094 2380.34985 0.26299999999999996 -1.1780000000000002 1.0
270.00177635369 -24.67203637237 0.0191 0.0159 1.0464 "" "" 4064498221358869632 2217.94482 0.4083 0.0213 0.374 -1.041 0.025 0.018 0.912 "" "" 14.132109 0.944347 14.506435 13.562088 "" "" 2106.0437 2319.1377 41889.29798 14.72 21520.0 25.936 29807.0 39.607 "" "" 0.002781610105201749 0.0030817706 0.0040453835 0.007127154 270.00177635369 -24.67203637237 2217.94482 0.374 -1.041 0.8
269.93513671228 -24.54208070837 0.0215 0.018 7.9952 "" "" 4069003672078910208 2222.55859 0.4083 0.0247 0.27 -1.196 0.027 0.018 0.957 "" "" 14.152007 1.47473 14.812568 13.337838 "" "" 2104.3728 2344.57275 41128.58643 12.993 16233.0 22.219 36646.0 27.705 "" "" 0.002776587140288313 0.0031612595 0.0038674923 0.007028752 269.93513671228 -24.54208070837 2222.55859 0.26999999999999996 -1.1960000000000002 0.9
269.95457438535 -24.69260028585 0.0201 0.017 2.1446 "" "" 4064497976508146688 2457.82739 0.3663 0.0227 0.22 -1.072 0.025 0.017 0.915 "" "" 14.251955 0.876698 14.595914 13.719216 "" "" 2318.31372 2583.35645 37511.54146 11.034 19818.0 27.854 25791.0 28.745 "" "" 0.0027737674347988028 0.003180204 0.0039683813 0.0071485853 269.95457438535 -24.69260028585 2457.82739 0.22000000000000003 -1.072 0.9
269.96103544598 -24.53471450641 0.0213 0.0172 8.0869 "" "" 4069003779468945152 2416.11914 0.3681 0.0225 0.261 -1.302 0.025 0.017 0.906 6896.1 3.3299 14.293604 1.272201 14.840725 13.568523 "" "" 2301.79321 2534.66943 36099.8254 10.224 15817.0 24.379 29631.0 20.468 "" "" 0.002772425553424015 0.0032535405 0.0038530775 0.007106618 269.96103544598 -24.53471450641 2416.11914 0.26100000000000007 -1.302 1.0
269.86669905851 -24.6752498091 0.0206 0.0175 6.3618 "" "" 4067499196575033856 2289.77173 0.3973 0.0236 0.261 -1.151 0.025 0.017 0.955 "" "" 14.317668 0.838943 14.642363 13.80342 "" "" 2183.03735 2385.98511 35308.51733 10.57 18988.0 16.233 23867.0 22.694 "" "" 0.002774424647360743 0.0029405123 0.0039178473 0.0068583596 269.86669905851 -24.6752498091 2289.77173 0.261 -1.151 1.0
269.99711289036 -24.6710260941 0.0203 0.0169 0.785 "" "" 4064498221358871168 2424.54077 0.377 0.0225 0.229 -1.178 0.026 0.018 0.906 "" "" 14.330338 1.006302 14.724977 13.718676 "" "" 2321.69165 2570.60205 34898.87868 9.3894 17596.0 26.191 25804.0 105.02 "" "" 0.0027707615039559595 0.0032244003 0.005814634 0.009039034 269.99711289036 -24.6710260941 2424.54077 0.229 -1.1780000000000002 0.9
270.00816886944 -24.64859901369 0.0207 0.0171 1.7949 "" "" 4064498564956386432 2273.91113 0.3982 0.023 0.3 -1.107 0.027 0.019 1.029 6991.5 3.2538 14.381054 1.146522 14.860133 13.713612 "" "" 2159.18237 2384.62231 33306.20318 8.2983 15537.0 15.962 25925.0 20.987 "" "" 0.0027685676319721205 0.0030048701 0.0038802386 0.0068851085 270.00816886944 -24.64859901369 2273.91113 0.3 -1.107 0.9
270.01662227137 -24.72538961564 0.0216 0.0182 3.8983 "" "" 4064496915688548224 2469.74585 0.3648 0.0248 0.234 -1.162 0.028 0.019 0.904 "" "" 14.4532 0.911996 14.816348 13.904352 "" "" 2311.78027 2680.75513 31164.96739 7.2244 16176.0 19.057 21748.0 20.863 "" "" 0.0027667915265520548 0.0030693922 0.0039202757 0.006989668 270.01662227137 -24.72538961564 2469.74585 0.234 -1.162 0.9
269.93985334103 -24.71824980967 0.0219 0.0189 3.8278 "" "" 4064497843401540096 2318.80762 0.3913 0.0257 0.235 -1.046 0.027 0.019 1.007 "" "" 14.506928 0.956936 14.888106 13.93117 "" "" 2199.07666 2440.25415 29660.27772 9.663 15142.0 18.174 21217.0 21.637 "" "" 0.002777932338556321 0.0030794847 0.0039382335 0.007017718 269.93985334103 -24.71824980967 2318.80762 0.23499999999999996 -1.046 1.0
270.03516015813 -24.61441513296 0.0223 0.0177 4.2887 "" "" 4065999909391665536 2517.04053 0.3577 0.0243 0.391 -1.125 0.026 0.019 1.029 "" "" 14.515343 1.010939 14.923992 13.913054 "" "" 2386.19946 2693.61035 29431.30634 7.8603 14649.0 20.142 21574.0 24.305 "" "" 0.0027705364687915044 0.0031644395 0.003972391 0.0071368306 270.03516015813 -24.61441513296 2517.04053 0.39099999999999996 -1.125 0.9
269.92539351302 -24.63575605764 0.0241 0.0212 3.6941 "" "" 4067501159390062720 2376.81348 0.3768 0.0278 0.238 -1.061 0.028 0.02 1.078 9254.6 3.6982 14.55366 1.169297 15.044949 13.875651 "" "" 2260.15576 2529.04297 28410.74684 7.201 13105.0 22.953 22330.0 24.807 "" "" 0.0027690286335156807 0.0033765747 0.0039671883 0.007343763 269.92539351302 -24.63575605764 2376.81348 0.23799999999999993 -1.061 0.8
269.89649783459 -24.70280735481 0.0231 0.0196 5.1631 "" "" 4067498857287553792 2436.07031 0.3658 0.0258 0.298 -1.173 0.029 0.019 0.877 "" "" 14.614842 0.936993 14.987296 14.050303 "" "" 2277.15234 2613.36353 26854.05738 8.2037 13820.0 16.54 19012.0 22.759 "" "" 0.002775212334582029 0.0030779145 0.003996623 0.0070745377 269.89649783459 -24.70280735481 2436.07031 0.298 -1.173 0.8
270.00528476026 -24.66479760337 0.0231 0.0187 1.2243 "" "" 4064498324438086528 2380.42822 0.3777 0.026 0.254 -1.091 0.029 0.02 0.944 "" "" 14.709301 1.169539 15.203455 14.033916 "" "" 2237.61768 2561.13428 24616.50427 6.2018 11325.0 15.143 19302.0 18.609 "" "" 0.002768864703829206 0.003145264 0.0039216606 0.0070669246 270.00528476026 -24.66479760337 2380.42822 0.25400000000000006 -1.091 1.0
270.00846832483 -24.6861379237 0.023 0.0193 1.7598 "" "" 4064498152639385600 2292.81909 0.3953 0.0257 0.324 -1.075 0.03 0.022 0.958 7985.3 4.1599 14.716787 0.943168 15.094105 14.150937 "" "" 2158.35767 2419.02344 24447.35505 7.6147 12525.0 12.656 17329.0 20.723 "" "" 0.002775995983036349 0.0029981092 0.003996189 0.0069942987 270.00846832483 -24.6861379237 2292.81909 0.32400000000000007 -1.075 0.8
270.02494308835 -24.54747467501 0.0263 0.021 7.5828 "" "" 4069003092274160384 2457.34082 0.3653 0.0277 0.437 -1.228 0.035 0.024 0.963 "" "" 14.728655 1.180434 15.227042 14.046608 "" "" 2284.38159 2684.19214 24181.59707 11.369 11082.0 29.182 19077.0 26.546 "" "" 0.0028022060375429217 0.003994896 0.004070173 0.008065069 270.02494308835 -24.54747467501 2457.34082 0.437 -1.2280000000000002 0.8
270.06262039153 -24.68085036436 0.0245 0.0194 4.4033 "" "" 4065998672440812160 2398.44019 0.3771 0.0281 0.193 -1.133 0.031 0.021 0.899 9686.9 3.9278 14.790908 1.147655 15.272243 14.124588 "" "" 2256.00391 2540.26099 22834.08684 6.5247 10630.0 20.562 17755.0 19.449 "" "" 0.0027727314662645886 0.003492249 0.0039620986 0.007454348 270.06262039153 -24.68085036436 2398.44019 0.193 -1.133 0.9
269.94800547162 -24.65218088207 0.0262 0.0223 2.1363 "" "" 4067500948929941376 2566.97729 0.3561 0.0292 0.278 -1.141 0.033 0.023 0.928 "" "" 15.006651 1.044008 15.42949 14.385482 "" "" 2349.4834 2823.95874 18719.16487 5.7843 9196.5 22.231 13963.0 23.346 "" "" 0.002775670663327495 0.0038306 0.004192754 0.008023354 269.94800547162 -24.65218088207 2566.97729 0.278 -1.1410000000000002 1.0
269.99292616187 -24.70431363981 0.026 0.0219 2.2439 "" "" 4064497740322299264 2479.42554 0.3639 0.03 0.258 -1.149 0.032 0.023 0.909 7945.0 4.0475 15.009971 0.900199 15.369007 14.468808 "" "" 2272.75537 2711.7439 18662.01504 5.6101 9723.3 12.564 12931.0 14.238 "" "" 0.002774584581335204 0.0031230247 0.003963949 0.0070869736 269.99292616187 -24.70431363981 2479.42554 0.25800000000000006 -1.1489999999999998 0.8
270.02360878688 -24.69129701114 0.0269 0.0221 2.6135 "" "" 4064497392395211648 2091.95557 0.4386 0.0303 0.335 -1.052 0.035 0.024 0.972 "" "" 15.117331 1.084671 15.565953 14.481282 "" "" 1974.72644 2238.86475 16904.98096 4.99 8110.3 13.021 12783.0 12.054 "" "" 0.0027738963924200505 0.0032899207 0.003915601 0.0072055217 270.02360878688 -24.69129701114 2091.95557 0.3350000000000001 -1.052 0.8
270.10983248978 -24.61449700712 0.0303 0.0243 7.6201 "" "" 4065999329603687936 2249.44263 0.4051 0.0319 0.356 -1.146 0.038 0.026 0.927 9183.2 3.4023 15.163429 1.125076 15.634286 14.50921 "" "" 2120.85327 2386.77588 16202.23319 5.2698 7615.6 8.3566 12459.0 17.567 "" "" 0.002777858048653467 0.0030338806 0.004077658 0.0071115387 270.10983248978 -24.61449700712 2249.44263 0.3559999999999999 -1.146 0.8
269.98381262562 -24.67032842114 0.0288 0.0245 0.1452 "" "" 4064498427517305728 2169.6106 0.4233 0.0329 0.367 -1.084 0.036 0.025 0.943 8999.4 3.5265 15.271485 1.06319 15.710452 14.647263 "" "" 2011.06958 2336.58276 14667.38189 5.1791 7099.6 13.024 10971.0 19.858 "" "" 0.0027818639948096707 0.003428136 0.004259796 0.007687932 269.98381262562 -24.67032842114 2169.6106 0.367 -1.084 0.8
269.89497633755 -24.67371078467 0.0343 0.0305 4.8174 "" "" 4067500609634239104 2305.98438 0.4006 0.04 0.278 -0.951 0.043 0.029 0.958 "" "" 15.48298 1.091566 15.93824 14.846674 "" "" 2143.46582 2499.91772 12071.31948 4.5197 5756.0 15.595 9130.4 19.876 "" "" 0.0027851473614697426 0.0040544136 0.0044575846 0.008511998 269.89497633755 -24.67371078467 2305.98438 0.27799999999999997 -0.9510000000000001 0.9
269.95828149414 -24.67824064908 0.0324 0.0278 1.4866 "" "" 4064498083919730048 2398.85547 0.3816 0.036 0.237 -1.204 0.04 0.029 0.972 9237.0 4.1297 15.499862 1.26006 16.042892 14.782832 "" "" 2173.53516 2732.40845 11885.08314 4.2987 5227.1 23.39 9683.3 18.928 "" "" 0.0027831639357533415 0.005602602 0.004334497 0.009937098 269.95828149414 -24.67824064908 2398.85547 0.23700000000000007 -1.2039999999999997 0.9
270.05490864881 -24.63859947393 0.0358 0.029 4.2943 "" "" 4065999531434437504 2029.91992 0.4649 0.0388 0.322 -1.143 0.043 0.031 0.973 9245.0 4.0203 15.735904 1.195178 16.249325 15.054147 "" "" 1911.98694 2219.22607 9562.80795 4.1541 4322.0 8.8042 7542.2 11.937 "" "" 0.002795396032094302 0.0035604406 0.004151697 0.0077121374 270.05490864881 -24.63859947393 2029.91992 0.32200000000000006 -1.143 0.8
