Clusters/Pismis_Moreno_1/Pismis_Moreno_1_stars_in_region.tsv
# %ECSV 1.0
# ---
# datatype:
# - name: RA_ICRS_1
#   unit: deg
#   datatype: float64
#   format: '{:15.11f}'
#   description: Right ascension (ICRS) at Ep=2016.0 (ra)
#   meta: !!omap
#   - {ucd: POS_EQ_RA_MAIN}
#   - {width: 15}
#   - {precision: '11'}
# - name: DE_ICRS_1
#   unit: deg
#   datatype: float64
#   format: '{:15.11f}'
#   description: Declination (ICRS) at Ep=2016.0 (dec)
#   meta: !!omap
#   - {ucd: POS_EQ_DEC_MAIN}
#   - {width: 15}
#   - {precision: '11'}
# - name: e_RA_ICRS
#   unit: mas
#   datatype: float64
#   format: '{:7.4f}'
#   description: Standard error of right ascension (ra_error)
#   meta: !!omap
#   - {ucd: ERROR}
#   - {width: 7}
#   - {precision: '4'}
# - name: e_DE_ICRS
#   unit: mas
#   datatype: float64
#   format: '{:7.4f}'
#   description: Standard error of declination (dec_error)
#   meta: !!omap
#   - {ucd: ERROR}
#   - {width: 7}
#   - {precision: '4'}
# - name: _r_1
#   unit: ''
#   datatype: float64
#   format: '{:7.4f}'
#   description: Distance from center (334.67771413000+63.24350465000)[ICRS], at Epoch=J2016.0
#   meta: !!omap
#   - {ucd: POS_ANG_DIST_GENERAL}
#   - {width: 7}
#   - {precision: '4'}
# - name: HIP
#   datatype: int32
#   description: '? HIP cross-id number, van Leeuwen, Cat. I/311 (hip_original_ext_source_id)'
#   meta: !!omap
#   - {ucd: ID_NUMBER}
#   - {width: 6}
#   - values: {'null': -2147483648}
# - name: TYC2
#   datatype: string
#   description: Tycho-2 cross-id name, Hog et al., Cat. I/259 (tyc2_original_ext_source_id)
#   meta: !!omap
#   - {ucd: ID_CROSSID}
#   - {_votable_string_dtype: char}
# - name: Source
#   datatype: int64
#   description: Source identifier, identical to the Gaia-EDR3 source_id (id)
#   meta: !!omap
#   - {ucd: ID_MAIN}
#   - {width: 19}
# - name: rgeo
#   unit: pc
#   datatype: float64
#   format: '{:15.8f}'
#   description: '? Median of the geometric distance posterior (r_med_geo)'
#   meta: !!omap
#   - {ucd: PHYS_DISTANCE_TRUE}
#   - {width: 15}
#   - {precision: '8'}
#   - values: {'null': .nan}
# - name: Plx
#   unit: mas
#   datatype: float64
#   format: '{:9.4f}'
#   description: '? Parallax (parallax)'
#   meta: !!omap
#   - {ucd: POS_PARLX_TRIG}
#   - {width: 9}
#   - {precision: '4'}
#   - values: {'null': .nan}
# - name: e_Plx
#   unit: mas
#   datatype: float32
#   format: '{:7.4f}'
#   description: '? Standard error of parallax (parallax_error)'
#   meta: !!omap
#   - {ucd: ERROR}
#   - {width: 7}
#   - {precision: '4'}
#   - values: {'null': .nan}
# - name: pmRA
#   unit: mas / yr
#   datatype: float64
#   format: '{:9.3f}'
#   description: '? Proper motion in right ascension direction, pmRA*cosDE (pmra)'
#   meta: !!omap
#   - {ucd: POS_EQ_PMRA}
#   - {width: 9}
#   - {precision: '3'}
#   - values: {'null': .nan}
# - name: pmDE
#   unit: mas / yr
#   datatype: float64
#   format: '{:9.3f}'
#   description: '? Proper motion in declination direction (pmdec)'
#   meta: !!omap
#   - {ucd: POS_EQ_PMDEC}
#   - {width: 9}
#   - {precision: '3'}
#   - values: {'null': .nan}
# - name: e_pmRA
#   unit: mas / yr
#   datatype: float32
#   format: '{:6.3f}'
#   description: '? Standard error of proper motion in right ascension direction (pmra_error)'
#   meta: !!omap
#   - {ucd: ERROR}
#   - {width: 6}
#   - {precision: '3'}
#   - values: {'null': .nan}
# - name: e_pmDE
[...]
#         value: !astropy.table.SerializedColumn {name: SkyCoord.dec}
#       distance: !astropy.table.SerializedColumn
#         __class__: astropy.coordinates.distances.Distance
#         unit: !astropy.units.Unit {unit: pc}
#         value: !astropy.table.SerializedColumn {name: SkyCoord.distance}
#       frame: icrs
#       obstime: !astropy.time.Time {format: jyear_str, in_subfmt: '*', jd1: 367701545.0, jd2: 0.0, out_subfmt: '*', precision: 3, scale: tt}
#       pm_dec: !astropy.table.SerializedColumn
#         __class__: astropy.units.quantity.Quantity
#         unit: !astropy.units.Unit {unit: mas / yr}
#         value: !astropy.table.SerializedColumn {name: SkyCoord.pm_dec}
#       pm_ra_cosdec: !astropy.table.SerializedColumn
#         __class__: astropy.units.quantity.Quantity
#         unit: !astropy.units.Unit {unit: mas / yr}
#         value: !astropy.table.SerializedColumn {name: SkyCoord.pm_ra_cosdec}
#       ra: !astropy.table.SerializedColumn
#         __class__: astropy.coordinates.angles.Longitude
#         unit: *id001
#         value: !astropy.table.SerializedColumn {name: SkyCoord.ra}
#         wrap_angle: !astropy.coordinates.Angle
#           unit: *id001
#           value: 360.0
#       representation_type: spherical
# schema: astropy-2.0
RA_ICRS_1 DE_ICRS_1 e_RA_ICRS e_DE_ICRS _r_1 HIP TYC2 Source rgeo Plx e_Plx pmRA pmDE e_pmRA e_pmDE RUWE Teff logg Gmag BP-RP BPmag RPmag RV e_RV b_rgeo B_rgeo FG e_FG FBP e_FBP FRP e_FRP RAVE5 RAVE6 e_Gmag e_BPmag e_RPmag e_BP-RP SkyCoord.ra SkyCoord.dec SkyCoord.distance SkyCoord.pm_ra_cosdec SkyCoord.pm_dec rmRA rmDE e_rmRA e_rmDE rRV e_rRV v_pec v_pec3d e_vpec e_vpec3d
[from data line 650]
333.56479449769 63.63682084096 0.025 0.0243 38.0566 "" "" 2205878336898057472 931.386963 1.0484 0.0284 -6.104 -12.078 0.033 0.03 0.998 5724.9 4.4209 15.784082 1.542291 16.4983 14.95601 "" "" 907.997864 957.798767 9147.73654 3.1597 3436.3 8.9462 8255.7 13.887 "" "" 0.002780724858214987 0.003971774 0.004197523 0.008169297 333.56479449769 63.63682084096 931.386963 -6.103999999999994 -12.077999999999998 -3.7945527114868165 -9.715763261795043 0.3676348 0.3646348 "" "" 46.04816600802992 "" 16.80911246575917 ""
333.79859671475 63.48298368247 0.0252 0.0253 27.6709 "" "" 2205884345551141248 876.892029 1.1111 0.0284 4.763 1.174 0.033 0.035 1.039 4821.4 4.3508 15.78574 1.573546 16.523735 14.950189 "" "" 855.66925 897.097046 9133.78531 3.59 3356.8 8.6138 8300.1 11.028 "" "" 0.0027881714955829634 0.0039430056 0.004045336 0.007988341 333.79859671475 63.48298368247 876.892029 4.763 1.174 7.0724472885131835 3.536236738204956 0.3676348 0.3696348 "" "" 32.86620134095778 "" 12.09593461908199 ""
333.62977807306 62.89593648676 0.1711 0.1717 35.2956 "" "" 2205781648593030400 800.21582 1.326 0.1899 5.071 0.554 0.241 0.209 7.443 5245.4 4.723 15.789949 1.403157 16.36736 14.964202 "" "" 684.999084 921.011292 9098.44336 16.781 3876.8 10.551 8193.7 17.646 "" "" 0.0034061476703959553 0.004064056 0.0044442243 0.00850828 333.62977807306 62.89593648676 800.21582 5.070999999999998 0.5540000000000016 7.380447288513183 2.9162367382049563 0.57563484 0.54363483 "" "" 30.100317466774005 "" 17.19986646741822 ""
334.80599390139 63.10634294737 0.0338 0.03 8.9326 "" "" 2205054562172459008 993.695251 0.991 0.0352 -2.551 -1.67 0.05 0.04 1.314 9627.3 4.3401 15.79166 1.708715 16.60016 14.891445 "" "" 964.320251 1024.32312 9084.11852 3.7862 3128.6 6.8543 8761.5 13.048 "" "" 0.0027922339815356005 0.003666497 0.0041107386 0.0077772355 334.80599390139 63.10634294737 993.695251 -2.5509999999999993 -1.669999999999999 -0.24155271148681656 0.6922367382049561 0.38463482 0.3746348 "" "" 3.453319116568772 "" 1.2975264375345625 ""
334.34448504678 62.73522090047 0.0261 0.0261 31.82 "" "" 2205017350575322368 907.157593 1.0805 0.0284 0.265 1.468 0.034 0.033 0.991 5595.1 4.4692 15.792077 1.445585 16.443914 14.998329 "" "" 885.131836 931.495056 9080.62508 3.1893 3612.9 9.3291 7940.1 17.168 "" "" 0.002781582993243276 0.0039553675 0.0044491347 0.008404503 334.34448504678 62.73522090047 907.157593 0.26500000000000007 1.468 2.5744472885131837 3.830236738204956 0.36863482 0.3676348 "" "" 19.844287593359855 "" 7.301631897746377 ""
334.34100228121 63.46839510849 0.0245 0.0243 16.2527 "" "" 2205834631310242944 858.309814 1.1344 0.0277 17.647 -9.031 0.032 0.029 1.013 5050.8 4.3551 15.792181 1.569171 16.523169 14.953998 "" "" 838.96814 877.884888 9079.75642 3.3165 3358.5 11.067 8271.0 12.368 "" "" 0.002783714171031838 0.0045371 0.004113349 0.008650449 334.34100228121 63.46839510849 858.309814 17.646999999999995 -9.03099999999999 19.956447288513182 -6.6687632617950445 0.36663482 0.36363482 "" "" 85.60378561696872 "" 31.359626600824033 ""
335.97479011311 63.48863971064 0.028 0.0287 37.8606 "" "" 2205442311814288640 972.837463 0.9961 0.0305 -0.721 -2.564 0.035 0.035 1.128 "" "" 15.793702 2.213839 16.936893 14.723055 "" "" 948.962463 1002.51227 9067.04387 5.4775 2294.3 16.142 10231.0 13.622 "" "" 0.002832313686269736 0.008132528 0.0040464154 0.012178943 335.97479011311 63.48863971064 972.837463 -0.7210000000000003 -2.564 1.5884472885131835 -0.201763261795044 0.3696348 0.3696348 "" "" 7.383578554253405 "" 2.7292276346817554 ""
334.47614931448 63.73035657956 0.0876 0.0777 29.7058 "" "" 2205848237768001664 899.753601 1.1101 0.0903 -1.553 -2.657 0.109 0.093 3.504 "" "" 15.802944 1.949588 16.462658 14.51307 -108.0 6.84 820.816406 986.270447 8990.19805 17.193 3551.0 24.765 12415.0 51.064 "" "" 0.0034500929194499945 0.008069733 0.0058503393 0.0139200725 334.47614931448 63.73035657956 899.753601 -1.553 -2.657 0.7564472885131837 -0.294763261795044 0.4436348 0.4276348 -82.79785714285714 10.731765 3.4623972389449076 82.87021987474893 1.5288519349722904 10.722584023720099
335.53938804225 63.43207810214 0.0238 0.0245 25.8112 "" "" 2205447255316744704 743.14325 1.3224 0.0272 -7.573 -4.272 0.031 0.031 0.994 5244.3 4.5602 15.803126 1.45253 16.4532 15.00067 "" "" 725.061707 759.22229 8988.6879 3.0857 3582.1 8.6793 7923.0 19.785 "" "" 0.0027804152525914747 0.0038347922 0.0046513053 0.008486098 335.53938804225 63.43207810214 743.14325 -7.573 -4.2719999999999985 -5.263552711486817 -1.9097632617950442 0.3656348 0.3656348 "" "" 19.723535715987538 "" 7.211611017155451 ""
335.4545980224 63.59277834398 0.0271 0.028 29.5671 "" "" 2205452860253611264 928.25415 1.0353 0.0311 -1.25 -2.406 0.034 0.035 1.146 "" "" 15.804141 2.626081 17.24946 14.62338 "" "" 908.190002 951.593018 8980.28886 3.6132 1720.4 10.463 11215.0 12.951 "" "" 0.0027897350658732892 0.0071684467 0.003981927 0.011150373 335.4545980224 63.59277834398 928.25415 -1.2500000000000009 -2.406000000000001 1.0594472885131836 -0.043763261795044084 0.36863482 0.3696348 "" "" 4.665463564251809 "" 1.7198602790267201 ""
333.65648946141 62.96599784006 0.0246 0.0242 32.3338 "" "" 2205788657979621120 969.04248 1.0029 0.0269 -9.839 -10.745 0.035 0.03 1.008 5633.2 4.47 15.804889 1.402308 16.433681 15.031374 "" "" 943.024292 994.749146 8974.1034 3.1564 3647.1 10.104 7702.1 8.0973 "" "" 0.0027816578904056493 0.004102777 0.00394799 0.008050768 333.65648946141 62.96599784006 969.04248 -9.839 -10.745000000000005 -7.529552711486817 -8.382763261795043 0.3696348 0.3646348 "" "" 51.75626970697441 "" 18.98812809902076 ""
333.52621766881 63.37414267968 0.0252 0.0274 32.0079 "" "" 2205860091876956032 1024.20813 0.9529 0.029 -0.64 -6.902 0.032 0.033 0.992 5198.5 4.46 15.805883 1.330911 16.394728 15.063817 "" "" 998.63855 1059.46851 8965.89097 3.0526 3780.3 11.154 7475.3 12.595 "" "" 0.002780006626233714 0.004248252 0.004198834 0.008447086 333.52621766881 63.37414267968 1024.20813 -0.6400000000000001 -6.902000000000004 1.6694472885131835 -4.539763261795044 0.36663482 0.3676348 "" "" 23.482376738796518 "" 8.63014505236902 ""
335.02088152957 62.74818656755 0.0246 0.023 31.1548 "" "" 2204991031014875520 747.680481 1.3152 0.027 3.354 -0.87 0.031 0.028 1.021 "" "" 15.80793 0.590797 16.033188 15.44239 "" "" 730.581848 765.088196 8949.0055 9.5318 5274.0 27.039 5274.8 15.97 "" "" 0.002988168531098392 0.0062265494 0.0050089187 0.011235468 335.02088152957 62.74818656755 747.680481 3.354 -0.8700000000000001 5.663447288513184 1.492236738204956 0.3656348 0.3626348 "" "" 20.756319333831 "" 7.5852058133722515 ""
334.95262676094 62.99941247287 0.0252 0.0244 16.4348 "" "" 2205050301564819584 904.989807 1.0772 0.0272 -2.887 -4.237 0.036 0.03 1.002 "" "" 15.81078 1.656009 16.590359 14.93435 "" "" 880.681824 922.282532 8925.54641 3.5737 3157.0 9.1136 8422.1 9.6408 "" "" 0.0027894030008431855 0.0041962895 0.003978491 0.008174781 334.95262676094 62.99941247287 904.989807 -2.887 -4.237 -0.5775527114868164 -1.874763261795044 0.3706348 0.3646348 "" "" 8.415050746703947 "" 3.072829720212352 ""
333.75001973741 62.91601104621 0.025 0.0251 31.9555 "" "" 2205036969985484288 1038.09302 0.9367 0.0279 -8.899 2.581 0.036 0.032 1.058 5587.8 4.4993 15.8147 1.378797 16.43167 15.052872 "" "" 1007.67682 1072.66711 8893.37929 3.0308 3653.8 9.6729 7551.1 9.0905 "" "" 0.0027800535298423837 0.0040058466 0.0039990228 0.008004869 333.75001973741 62.91601104621 1038.09302 -8.898999999999997 2.581 -6.5895527114868155 4.943236738204956 0.3706348 0.36663482 "" "" 40.533535126239485 "" 14.964956653690612 ""
333.25405202157 63.28826614932 0.0246 0.025 38.5191 "" "" 2205852292216323072 966.43689 1.0084 0.0276 -7.238 -5.973 0.029 0.03 0.967 5837.7 4.4008 15.815118 1.502379 16.498442 14.996062 "" "" 940.690308 986.311279 8889.95972 3.1523 3435.9 9.6715 7956.7 18.524 "" "" 0.0027820870702967393 0.004138264 0.0045467583 0.008685023 333.25405202157 63.28826614932 966.43689 -7.238 -5.973 -4.928552711486817 -3.610763261795044 0.36363482 0.3646348 "" "" 27.987919496248836 "" 10.187166135821633 ""
334.54710673587 63.02328010501 0.0251 0.0236 13.6798 "" "" 2205059784852493568 1021.45996 0.9475 0.0286 -3.625 -2.558 0.037 0.03 0.995 4960.3 4.1923 15.837065 1.595727 16.58356 14.987834 "" "" 993.868286 1052.77856 8712.0562 3.2098 3176.8 9.7371 8017.2 9.2415 "" "" 0.002784206408331655 0.0043427697 0.0039812154 0.008323985 334.54710673587 63.02328010501 1021.45996 -3.6249999999999996 -2.5579999999999985 -1.3155527114868164 -0.19576326179504377 0.3716348 0.3646348 "" "" 6.439673885422433 "" 2.3922394366531115 ""
334.04292939613 62.69720926979 0.0269 0.0272 37.0667 "" "" 2205018656245366912 755.79071 1.2998 0.0305 -2.47 -1.086 0.036 0.032 1.021 5007.6 4.5741 15.838237 1.389211 16.46695 15.077739 "" "" 739.461853 774.581055 8702.66118 6.0615 3537.0 10.219 7380.1 15.127 "" "" 0.0028572135159366505 0.00419822 0.004385919 0.008584139 334.04292939613 62.69720926979 755.79071 -2.470000000000001 -1.0859999999999996 -0.1605527114868166 1.276236738204956 0.3706348 0.36663482 "" "" 4.608088467901627 "" 1.6897743742993583 ""
334.78441466659 63.17941203387 0.0268 0.0237 4.8077 "" "" 2205067893750935424 906.53656 1.0698 0.0279 -2.562 -2.204 0.036 0.029 1.031 4946.7 4.1849 15.840148 1.896514 16.772417 14.875903 "" "" 887.337402 925.556641 8687.35519 9.6453 2669.6 13.4 8887.9 38.906 "" "" 0.0030074775023070776 0.0061225556 0.0060722334 0.012194789 334.78441466659 63.17941203387 906.53656 -2.562 -2.204 -0.25255271148681624 0.15823673820495587 0.3706348 0.36363482 "" "" 1.280628896720302 "" 0.47213579968196906 ""
335.73330835217 62.74257604408 0.0274 0.0246 41.5985 "" "" 2205356652986366976 746.863647 1.313 0.0299 8.958 6.167 0.036 0.031 1.006 4795.8 4.4812 15.843723 1.449431 16.504704 15.055273 "" "" 732.612854 761.641052 8658.79526 3.3695 3416.1 10.096 7534.4 11.92 "" "" 0.0027875258261878485 0.0042522303 0.0041514193 0.00840365 335.73330835217 62.74257604408 746.863647 8.958000000000002 6.167000000000003 11.267447288513184 8.529236738204956 0.3706348 0.3656348 "" "" 50.02789464387273 "" 18.451350396796222 ""
333.25624815604 63.39703470332 0.0283 0.0267 39.386 "" "" 2205862428339085696 1078.49414 0.9085 0.0303 -1.184 0.931 0.034 0.031 0.969 6075.4 4.3213 15.857074 1.514999 16.546036 15.031036 "" "" 1040.86121 1115.88538 8552.97355 5.0465 3288.5 12.837 7704.5 12.661 "" "" 0.0028288120651463727 0.0050742584 0.0041793734 0.009253632 333.25624815604 63.39703470332 1078.49414 -1.183999999999999 0.9309999999999998 1.1254472885131837 3.293236738204956 0.36863482 0.3656348 "" "" 17.791180926457354 "" 6.510676991948248 ""
333.89386547334 63.49811268521 0.027 0.0247 26.0331 "" "" 2205837826765829120 836.031921 1.1763 0.0288 13.222 4.271 0.034 0.032 0.957 5109.7 4.4658 15.858022 1.399523 16.488066 15.088543 "" "" 815.888733 853.98761 8545.50991 2.9122 3468.9 11.65 7307.0 8.8243 "" "" 0.0027800527058256482 0.0045913965 0.004000368 0.008591765 333.89386547334 63.49811268521 836.031921 13.222000000000001 4.271000000000001 15.531447288513183 6.633236738204956 0.36863482 0.36663482 "" "" 66.92609984510655 "" 24.650689669221173 ""
334.4002333337 62.63674813125 0.0262 0.026 37.1848 "" "" 2204968937702350592 937.981567 1.0471 0.0284 -9.236 -14.309 0.033 0.033 0.933 5637.4 4.5314 15.859318 1.346313 16.454544 15.108232 "" "" 918.556946 961.518127 8535.31647 3.3254 3577.7 11.311 7175.7 13.3 "" "" 0.0027876020488141044 0.004423538 0.0042817555 0.008705294 334.4002333337 62.63674813125 937.981567 -9.236 -14.308999999999996 -6.926552711486817 -11.946763261795043 0.3676348 0.3676348 "" "" 61.39748670907675 "" 22.571852934468826 ""
335.39197745327 62.89307897806 0.0301 0.0284 28.6151 "" "" 2204998933754880896 936.492065 1.0386 0.033 -4.775 -0.784 0.04 0.035 1.13 7129.1 4.3029 15.863418 1.876103 16.777657 14.901553 "" "" 903.110107 967.273071 8503.14684 4.3038 2656.8 8.3877 8680.3 12.181 "" "" 0.00280958716157894 0.004419782 0.004074936 0.008494718 335.39197745327 62.89307897806 936.492065 -4.775 -0.7840000000000008 -2.4655527114868168 1.578236738204956 0.3746348 0.3696348 "" "" 12.994731634312865 "" 4.84948369767294 ""
336.00588202884 63.41591154907 0.0255 0.0286 37.2343 "" "" 2205438944560442112 832.008362 1.1823 0.0281 6.924 0.686 0.033 0.036 0.988 5003.7 4.4701 15.864616 1.453643 16.529758 15.076116 "" "" 812.083618 848.705994 8493.76423 3.1585 3338.2 13.288 7391.1 12.875 "" "" 0.0027847437581950372 0.0051442785 0.004226201 0.00937048 336.00588202884 63.41591154907 832.008362 6.924000000000001 0.6860000000000014 9.233447288513183 3.048236738204956 0.3676348 0.3706348 "" "" 38.347131786140665 "" 14.109087480077685 ""
335.42593902215 63.04847624552 0.0264 0.0279 23.413 "" "" 2205379570931732352 1046.18555 0.9208 0.0318 4.623 -0.246 0.038 0.034 1.07 "" "" 15.865303 2.349297 17.112267 14.76297 "" "" 1011.26691 1086.81396 8488.39088 3.8301 1952.1 9.7144 9862.1 12.064 "" "" 0.002798534118339444 0.006080945 0.0040059583 0.010086903 335.42593902215 63.04847624552 1046.18555 4.622999999999999 -0.24600000000000077 6.932447288513184 2.116236738204956 0.3726348 0.36863482 "" "" 35.94354143348645 "" 13.381618802348244 ""
334.36466094618 63.116249284 0.0253 0.0274 11.407 "" "" 2205063594479574528 901.687561 1.0754 0.0301 -2.24 -2.89 0.035 0.033 1.034 5567.0 3.9928 15.865829 2.055504 16.864054 14.80855 "" "" 881.380859 920.713379 8484.2767 15.539 2453.6 19.914 9456.7 61.318 "" "" 0.003397947630613253 0.0092432685 0.007990328 0.017233595 334.36466094618 63.116249284 901.687561 -2.24 -2.8899999999999997 0.06944728851318338 -0.5277632617950441 0.3696348 0.3676348 "" "" 2.2751046740853442 "" 0.8364853136219991 ""
334.3487980656 63.16183484571 0.0256 0.0268 10.1574 "" "" 2205065419849744896 947.504517 1.0364 0.0292 -8.559 -8.17 0.035 0.033 1.024 5912.4 4.3956 15.866528 1.577754 16.601027 15.023272 "" "" 924.222778 972.099915 8478.82022 3.3914 3126.1 8.2958 7759.8 10.456 "" "" 0.002789334479878319 0.004010811 0.0040526595 0.008063471 334.3487980656 63.16183484571 947.504517 -8.559 -8.17 -6.249552711486816 -5.807763261795044 0.3696348 0.3676348 "" "" 38.3165686407148 "" 14.127676633592483 ""
334.23237723418 62.83914815022 0.0254 0.0278 27.1172 "" "" 2205021954780240000 850.997925 1.1513 0.0296 11.721 2.252 0.036 0.034 1.033 5771.3 4.5075 15.866938 1.492096 16.549814 15.057718 "" "" 827.774963 869.880798 8475.62102 3.1322 3277.1 11.603 7517.5 10.134 "" "" 0.00278438170573092 0.0047500366 0.0040528933 0.00880293 334.23237723418 62.83914815022 850.997925 11.721 2.2519999999999967 14.030447288513184 4.614236738204956 0.3706348 0.36863482 "" "" 59.57706548307562 "" 22.069732297643636 ""
335.33472740338 63.06352047052 0.025 0.0261 20.8217 "" "" 2205004568751953280 963.487 1.0088 0.0297 -3.273 -1.64 0.037 0.035 0.995 "" "" 15.867542 2.101302 16.930506 14.829204 "" "" 941.207886 986.762024 8470.90321 4.9742 2307.9 8.8303 9278.5 12.397 "" "" 0.002828120590130781 0.0050042043 0.004048224 0.009052428 335.33472740338 63.06352047052 963.487 -3.2729999999999997 -1.6399999999999992 -0.9635527114868165 0.7222367382049562 0.3716348 0.3696348 "" "" 5.499423275146701 "" 2.0398273680973076 ""
