Clusters/Pismis_Moreno_1/Pismis_Moreno_1_stars_in_region.tsv
# %ECSV 1.0
# ---
# datatype:
# - name: RA_ICRS_1
#   unit: deg
#   datatype: float64
#   format: '{:15.11f}'
#   description: Right ascension (ICRS) at Ep=2016.0 (ra)
#   meta: !!omap
#   - {ucd: POS_EQ_RA_MAIN}
#   - {width: 15}
#   - {precision: '11'}
# - name: DE_ICRS_1
#   unit: deg
#   datatype: float64
#   format: '{:15.11f}'
#   description: Declination (ICRS) at Ep=2016.0 (dec)
#   meta: !!omap
#   - {ucd: POS_EQ_DEC_MAIN}
#   - {width: 15}
#   - {precision: '11'}
# - name: e_RA_ICRS
#   unit: mas
#   datatype: float64
#   format: '{:7.4f}'
#   description: Standard error of right ascension (ra_error)
#   meta: !!omap
#   - {ucd: ERROR}
#   - {width: 7}
#   - {precision: '4'}
# - name: e_DE_ICRS
#   unit: mas
#   datatype: float64
#   format: '{:7.4f}'
#   description: Standard error of declination (dec_error)
#   meta: !!omap
#   - {ucd: ERROR}
#   - {width: 7}
#   - {precision: '4'}
# - name: _r_1
#   unit: ''
#   datatype: float64
#   format: '{:7.4f}'
#   description: Distance from center (334.67771413000+63.24350465000)[ICRS], at Epoch=J2016.0
#   meta: !!omap
#   - {ucd: POS_ANG_DIST_GENERAL}
#   - {width: 7}
#   - {precision: '4'}
# - name: HIP
#   datatype: int32
#   description: '? HIP cross-id number, van Leeuwen, Cat. I/311 (hip_original_ext_source_id)'
#   meta: !!omap
#   - {ucd: ID_NUMBER}
#   - {width: 6}
#   - values: {'null': -2147483648}
# - name: TYC2
#   datatype: string
#   description: Tycho-2 cross-id name, Hog et al., Cat. I/259 (tyc2_original_ext_source_id)
#   meta: !!omap
#   - {ucd: ID_CROSSID}
#   - {_votable_string_dtype: char}
# - name: Source
#   datatype: int64
#   description: Source identifier, identical to the Gaia-EDR3 source_id (id)
#   meta: !!omap
#   - {ucd: ID_MAIN}
#   - {width: 19}
# - name: rgeo
#   unit: pc
#   datatype: float64
#   format: '{:15.8f}'
#   description: '? Median of the geometric distance posterior (r_med_geo)'
#   meta: !!omap
#   - {ucd: PHYS_DISTANCE_TRUE}
#   - {width: 15}
#   - {precision: '8'}
#   - values: {'null': .nan}
# - name: Plx
#   unit: mas
#   datatype: float64
#   format: '{:9.4f}'
#   description: '? Parallax (parallax)'
#   meta: !!omap
#   - {ucd: POS_PARLX_TRIG}
#   - {width: 9}
#   - {precision: '4'}
#   - values: {'null': .nan}
# - name: e_Plx
#   unit: mas
#   datatype: float32
#   format: '{:7.4f}'
#   description: '? Standard error of parallax (parallax_error)'
#   meta: !!omap
#   - {ucd: ERROR}
#   - {width: 7}
#   - {precision: '4'}
#   - values: {'null': .nan}
# - name: pmRA
#   unit: mas / yr
#   datatype: float64
#   format: '{:9.3f}'
#   description: '? Proper motion in right ascension direction, pmRA*cosDE (pmra)'
#   meta: !!omap
#   - {ucd: POS_EQ_PMRA}
#   - {width: 9}
#   - {precision: '3'}
#   - values: {'null': .nan}
# - name: pmDE
#   unit: mas / yr
#   datatype: float64
#   format: '{:9.3f}'
#   description: '? Proper motion in declination direction (pmdec)'
#   meta: !!omap
#   - {ucd: POS_EQ_PMDEC}
#   - {width: 9}
#   - {precision: '3'}
#   - values: {'null': .nan}
# - name: e_pmRA
#   unit: mas / yr
#   datatype: float32
#   format: '{:6.3f}'
#   description: '? Standard error of proper motion in right ascension direction (pmra_error)'
#   meta: !!omap
#   - {ucd: ERROR}
#   - {width: 6}
#   - {precision: '3'}
#   - values: {'null': .nan}
# - name: e_pmDE
[...]
#         unit: &id001 !astropy.units.Unit {unit: deg}
#         value: !astropy.table.SerializedColumn {name: SkyCoord.dec}
#       distance: !astropy.table.SerializedColumn
#         __class__: astropy.coordinates.distances.Distance
#         unit: !astropy.units.Unit {unit: pc}
#         value: !astropy.table.SerializedColumn {name: SkyCoord.distance}
#       frame: icrs
#       obstime: !astropy.time.Time {format: jyear_str, in_subfmt: '*', jd1: 367701545.0, jd2: 0.0, out_subfmt: '*', precision: 3, scale: tt}
#       pm_dec: !astropy.table.SerializedColumn
#         __class__: astropy.units.quantity.Quantity
#         unit: !astropy.units.Unit {unit: mas / yr}
#         value: !astropy.table.SerializedColumn {name: SkyCoord.pm_dec}
#       pm_ra_cosdec: !astropy.table.SerializedColumn
#         __class__: astropy.units.quantity.Quantity
#         unit: !astropy.units.Unit {unit: mas / yr}
#         value: !astropy.table.SerializedColumn {name: SkyCoord.pm_ra_cosdec}
#       ra: !astropy.table.SerializedColumn
#         __class__: astropy.coordinates.angles.Longitude
#         unit: *id001
#         value: !astropy.table.SerializedColumn {name: SkyCoord.ra}
#         wrap_angle: !astropy.coordinates.Angle
#           unit: *id001
#           value: 360.0
#       representation_type: spherical
# schema: astropy-2.0
RA_ICRS_1 DE_ICRS_1 e_RA_ICRS e_DE_ICRS _r_1 HIP TYC2 Source rgeo Plx e_Plx pmRA pmDE e_pmRA e_pmDE RUWE Teff logg Gmag BP-RP BPmag RPmag RV e_RV b_rgeo B_rgeo FG e_FG FBP e_FBP FRP e_FRP RAVE5 RAVE6 e_Gmag e_BPmag e_RPmag e_BP-RP SkyCoord.ra SkyCoord.dec SkyCoord.distance SkyCoord.pm_ra_cosdec SkyCoord.pm_dec
[from data line 438]
334.18591787659 62.78628041259 0.0171 0.0186 30.5263 "" "" 2205021233225740032 969.390137 0.999 0.0195 6.33 -4.297 0.025 0.024 0.987 "" "" 14.936676 1.493492 15.620768 14.127275 -56.57 4.57 954.082764 988.299622 19965.33133 4.976 7711.0 12.153 17711.0 11.114 "" "" 0.002768576145618931 0.0032731032 0.0038403028 0.007113406 334.18591787659 62.78628041259 969.390137 6.33 -4.296999999999999
333.73562935859 63.73539648321 0.0183 0.017 38.8275 "" "" 2205902560513975424 766.864136 1.2775 0.0209 -8.435 -5.229 0.026 0.02 1.026 5832.3 4.3742 14.952331 1.280218 15.512518 14.2323 0.58 7.78 755.279785 778.133789 19679.51385 4.7002 8519.4 13.764 16078.0 15.019 "" "" 0.0027674958446982684 0.003295754 0.003913103 0.007208857 333.73562935859 63.73539648321 766.864136 -8.435 -5.229000000000001
334.70664624775 62.60015161797 0.0179 0.0182 38.6093 "" "" 2204987904278685440 928.9953 1.0488 0.021 -3.486 0.942 0.023 0.023 0.968 5793.4 4.0314 14.95279 1.465001 15.599343 14.134342 "" "" 914.739624 947.211304 19671.19148 29.39 7864.7 46.975 17596.0 68.718 "" "" 0.003197371825386798 0.0070597497 0.005680015 0.0127397645 334.70664624775 62.60015161797 928.9953 -3.486 0.9419999999999997
335.93320915523 62.94697713577 0.0178 0.0171 38.4502 "" "" 2205363593653478784 1089.55762 0.8899 0.0198 0.777 0.239 0.025 0.022 1.063 "" "" 14.954289 1.860702 15.858975 13.998274 -31.55 8.73 1063.71802 1115.55212 19644.04626 6.5215 6191.9 15.826 19946.0 21.36 "" "" 0.0027787967015697446 0.0039352225 0.003954189 0.007889411 335.93320915523 62.94697713577 1089.55762 0.7770000000000001 0.23900000000000005
333.92959054157 63.18102636513 0.0253 0.026 20.5744 "" "" 2205795083250910592 942.885803 1.0356 0.0285 14.986 5.223 0.032 0.031 1.479 5174.2 3.8163 14.958938 1.476892 15.637279 14.160387 -68.38 5.31 916.8526 966.268677 19560.12814 4.9069 7594.6 14.877 17179.0 12.771 "" "" 0.0027687497181259338 0.0035083466 0.0038646099 0.0073729567 333.92959054157 63.18102636513 942.885803 14.986 5.223000000000001
334.3959508435 63.32874223913 0.0167 0.0174 9.1603 "" "" 2205821024853876480 770.599915 1.2671 0.019 7.963 1.682 0.021 0.021 0.906 5779.3 4.4693 14.959641 1.326555 15.545305 14.21875 16.14 9.52 761.32428 782.838562 19547.46772 10.259 8266.0 22.718 16280.0 28.529 "" "" 0.002813625050124083 0.0040852553 0.004231284 0.008316539 334.3959508435 63.32874223913 770.599915 7.963 1.682
334.801659681 63.92512277146 0.0196 0.0191 41.0307 "" "" 2206272202574957568 912.245483 1.0684 0.0215 -2.13 -3.638 0.025 0.023 1.153 "" "" 14.962908 1.673951 15.746381 14.07243 13.93 5.29 894.916931 927.628479 19488.73989 5.7045 6868.5 16.536 18629.0 13.583 "" "" 0.002773587607837325 0.0038233027 0.0038614024 0.007684705 334.801659681 63.92512277146 912.245483 -2.13 -3.6380000000000003
333.26937010745 63.21191191019 0.0324 0.0311 38.1094 "" "" 2205804807056724608 863.523987 1.138 0.0359 -2.027 -1.049 0.041 0.039 2.168 5509.8 4.3485 14.963715 1.213546 15.389205 14.175659 -42.16 11.45 839.614929 896.346619 19474.26415 12.05 9544.1 42.854 16939.0 98.142 "" "" 0.0028360405633949025 0.0056170574 0.007338614 0.012955671 333.26937010745 63.21191191019 863.523987 -2.027 -1.049
334.59631973027 63.7229285324 0.0175 0.0165 28.8479 "" "" 2205847722371947520 828.454102 1.1826 0.0193 5.273 -19.753 0.023 0.021 0.965 "" "" 14.964466 1.164289 15.458484 14.294195 -187.32 8.22 815.716919 844.900391 19460.78534 5.8697 8954.1 14.431 15187.0 11.627 "" "" 0.0027747126173814757 0.0032934777 0.0038697114 0.0071631894 334.59631973027 63.7229285324 828.454102 5.273 -19.753
333.35838861239 63.3659004767 0.0174 0.018 36.3117 "" "" 2205859164163980416 961.979187 1.0079 0.0195 -10.248 4.251 0.021 0.021 1.026 6183.4 4.1547 14.970467 1.274917 15.520968 14.246052 -41.57 6.08 944.054565 977.865906 19353.51892 4.9311 8453.4 13.372 15876.0 10.968 "" "" 0.002769172563497169 0.0032763933 0.0038530969 0.0071294904 333.35838861239 63.3659004767 961.979187 -10.248000000000001 4.251
333.57892261287 63.12654034536 0.0169 0.0171 30.557 "" "" 2205805288093163520 1069.54907 0.9083 0.0185 -0.481 -1.346 0.022 0.021 1.072 6703.7 4.2607 14.971491 1.345166 15.56927 14.224104 5.62 9.06 1046.42407 1093.50281 19335.27728 4.7244 8085.5 16.49 16200.0 14.624 "" "" 0.0027680621524848663 0.0035620513 0.0039044009 0.007466452 333.57892261287 63.12654034536 1069.54907 -0.4809999999999999 -1.346
334.26718265173 63.11668223557 0.017 0.0173 13.469 "" "" 2205063736222338560 829.496033 1.1712 0.0195 -2.755 -6.222 0.023 0.021 0.99 5215.9 4.1954 14.976309 1.449807 15.63481 14.185003 1.95 10.49 817.024658 841.470459 19249.66246 4.5805 7611.9 10.158 16794.0 15.089 "" "" 0.0027674059792124465 0.0031439418 0.0039032476 0.0070471894 334.26718265173 63.11668223557 829.496033 -2.755 -6.2219999999999995
336.04221294641 62.92463074285 0.0183 0.0171 41.7071 "" "" 2205360432558251648 868.717407 1.1261 0.0196 -1.285 -1.77 0.025 0.021 1.061 5628.8 4.0775 14.984757 1.891676 15.910518 14.018842 23.27 8.6 854.401917 882.168274 19100.45034 28.203 5904.9 35.937 19571.0 88.676 "" "" 0.003187773660755178 0.007172684 0.006203613 0.013376297 336.04221294641 62.92463074285 868.717407 -1.2849999999999997 -1.77
333.49734113304 63.50169997116 0.018 0.0176 35.3196 "" "" 2205864627362345344 1029.95569 0.9415 0.0199 0.269 -3.559 0.023 0.023 0.965 6863.1 4.285 14.986922 1.410189 15.613362 14.203174 -12.83 14.89 1010.50824 1053.69312 19062.41701 4.4948 7763.8 18.692 16515.0 34.326 "" "" 0.002767188186758345 0.0038233558 0.0044018524 0.008225208 333.49734113304 63.50169997116 1029.95569 0.26900000000000013 -3.559
333.35681959569 63.35373280987 0.0179 0.019 36.2201 "" "" 2205859095444510848 1042.26636 0.9307 0.0204 -9.188 -0.257 0.022 0.022 1.091 6616.8 4.1386 14.989083 1.320235 15.56982 14.249585 -24.41 10.73 1022.63458 1063.87097 19024.50962 4.5629 8081.4 13.571 15824.0 16.479 "" "" 0.0027675984054223203 0.0033330675 0.0039448906 0.007277958 333.35681959569 63.35373280987 1042.26636 -9.188 -0.25700000000000034
333.78638702335 63.40139537692 0.0169 0.0161 25.8117 "" "" 2205813465710823296 952.494934 1.0303 0.0184 -6.561 -8.114 0.023 0.021 0.942 5458.2 4.1699 14.991447 1.456129 15.648653 14.192524 -85.31 8.13 930.51825 973.419617 18983.14152 4.7548 7515.5 11.24 16678.0 18.505 "" "" 0.0027687083622502376 0.0032282777 0.0039667324 0.00719501 333.78638702335 63.40139537692 952.494934 -6.561 -8.114
333.93265528893 62.72900582222 0.0181 0.0179 36.9484 "" "" 2205019377799621248 775.702881 1.2586 0.0203 3.431 -0.796 0.025 0.022 1.039 5648.0 4.4111 15.001229 1.237795 15.534946 14.297152 "" "" 765.179993 786.008118 18812.87723 6.3415 8345.2 13.063 15146.0 20.311 "" "" 0.0027795202926938433 0.003267028 0.004050139 0.007317167 333.93265528893 62.72900582222 775.702881 3.4309999999999996 -0.796
333.22627114074 63.1587067646 0.0193 0.0194 39.5913 "" "" 2205804119861714944 1098.06799 0.8909 0.0217 2.535 1.585 0.024 0.024 1.215 4983.7 3.637 15.00152 1.839792 15.904308 14.064516 7.1 5.32 1070.2583 1124.3905 18807.83701 5.1822 5938.7 9.8543 18765.0 17.411 "" "" 0.00277151303517785 0.003321267 0.0039113387 0.0072326055 333.22627114074 63.1587067646 1098.06799 2.535 1.585
334.75145623121 62.5569603101 0.0183 0.0172 41.2419 "" "" 2204975809650807424 929.777649 1.0489 0.0209 -1.407 0.431 0.023 0.022 1.034 5822.9 4.2486 15.004839 1.318239 15.587419 14.269179 "" "" 906.871582 948.122681 18750.42387 5.1001 7951.5 13.004 15541.0 13.716 "" "" 0.0027711013920447593 0.0033072506 0.003898967 0.0072062174 334.75145623121 62.5569603101 929.777649 -1.407 0.4310000000000001
333.85643549166 62.91627809424 0.0176 0.0186 29.7185 "" "" 2205037141784547712 923.347656 1.0561 0.0201 -0.792 -3.21 0.027 0.023 1.021 5297.7 3.911 15.01413 1.733367 15.840931 14.107564 -25.46 8.93 908.770447 940.625244 18590.65677 36.714 6295.7 45.837 18036.0 93.772 "" "" 0.0034913175050031195 0.008382871 0.006793289 0.01517616 333.85643549166 62.91627809424 923.347656 -0.7919999999999999 -3.21
334.45643909376 62.77979181131 0.0193 0.019 28.4676 "" "" 2205040990075716608 906.2276 1.0817 0.0203 -1.32 -9.145 0.024 0.024 1.032 6044.7 4.2664 15.018451 1.255326 15.564975 14.309648 "" "" 890.183289 921.646667 18516.81997 4.6182 8117.6 12.431 14973.0 14.539 "" "" 0.0027685945795003883 0.0032479959 0.0039236723 0.007171668 334.45643909376 62.77979181131 906.2276 -1.3200000000000003 -9.145
334.74888894556 62.86165019556 0.0785 0.0717 22.9929 "" "" 2205042433184756864 739.349609 1.3551 0.0745 -3.989 2.732 0.117 0.094 3.305 "" "" 15.028439 1.332964 15.264 13.931036 -10.45 10.41 694.581299 780.847717 18347.25656 17.419 10711.0 16.042 21220.0 22.317 "" "" 0.002941827298176627 0.0032294453 0.003948111 0.0071775564 334.74888894556 62.86165019556 739.349609 -3.989 2.7319999999999998
335.21879189838 62.79565630825 0.0171 0.0164 30.6426 "" "" 2204996769091200128 899.967224 1.0902 0.0191 -5.207 -1.417 0.021 0.02 0.933 6355.7 4.3629 15.030229 1.332686 15.621023 14.288337 "" "" 884.662415 912.509277 18317.04337 3.9712 7709.2 9.5999 15269.0 11.09 "" "" 0.00276535685637782 0.003100483 0.0038607751 0.006961258 335.21879189838 62.79565630825 899.967224 -5.207 -1.4169999999999998
333.69080287349 63.78607776471 0.0169 0.0173 41.9175 "" "" 2205903660025562368 1032.03113 0.9429 0.0196 -2.483 -2.831 0.025 0.022 1.01 6425.9 4.0503 15.030821 1.593778 15.77226 14.178482 -2.96 3.83 1009.32452 1051.11755 18307.05815 5.1219 6706.8 11.949 16895.0 10.788 "" "" 0.002772014106617853 0.0033951218 0.003842442 0.007237564 333.69080287349 63.78607776471 1032.03113 -2.483 -2.8309999999999995
333.60508845841 63.57843276347 0.0172 0.0169 35.122 "" "" 2205865486355790336 974.694763 0.999 0.0193 -2.001 -3.428 0.022 0.021 0.949 7119.6 4.3617 15.035556 1.413642 15.671178 14.257536 "" "" 959.273071 997.0177 18227.38041 4.3615 7361.2 10.927 15709.0 13.733 "" "" 0.0027675412247741434 0.003222194 0.0038967473 0.0071189413 333.60508845841 63.57843276347 974.694763 -2.001 -3.4279999999999995
333.71998085802 63.79542760898 0.0173 0.0164 41.8698 "" "" 2205903694385303296 900.169983 1.0845 0.0191 2.324 2.03 0.026 0.02 1.014 6487.0 4.3007 15.039124 1.461133 15.702693 14.24156 "" "" 883.530823 914.959717 18167.59108 4.5308 7150.6 15.615 15942.0 11.176 "" "" 0.002768592825964378 0.003661487 0.0038552652 0.007516752 333.71998085802 63.79542760898 900.169983 2.324 2.0299999999999994
334.99282187407 62.94952106212 0.0172 0.0168 19.6041 "" "" 2205049202053226496 878.112305 1.1141 0.0191 0.507 -1.013 0.024 0.021 0.981 7593.1 4.1402 15.043736 1.624592 15.801819 14.177227 -2.02 15.24 863.041809 892.130005 18090.57773 5.2665 6526.6 10.058 16915.0 16.25 "" "" 0.002773390445346534 0.0032534075 0.003920674 0.007174081 334.99282187407 62.94952106212 878.112305 0.5069999999999999 -1.013
333.18685079811 63.06161428398 0.0169 0.0176 41.845 "" "" 2205798416145172224 965.021606 1.0145 0.0195 -12.498 -4.353 0.023 0.022 0.986 7173.1 4.3583 15.051424 1.288957 15.614332 14.325376 "" "" 945.108826 981.830688 17962.92892 4.0555 7756.8 12.968 14757.0 13.278 "" "" 0.002766202589013005 0.0033286412 0.0039036009 0.0072322423 333.18685079811 63.06161428398 965.021606 -12.498 -4.352999999999999
333.46396907061 62.86302151188 0.0172 0.0177 40.1269 "" "" 2205781987887769856 959.332153 1.0153 0.019 -5.29 -3.293 0.025 0.023 0.997 5762.9 4.1796 15.07171 1.412683 15.694822 14.28214 "" "" 944.077759 975.773315 17630.4295 10.737 7202.6 18.628 15357.0 30.758 "" "" 0.002833548673899777 0.003958543 0.0043603373 0.008318881 333.46396907061 62.86302151188 959.332153 -5.29 -3.293
335.01242249161 62.64164373276 0.0181 0.0172 37.2491 "" "" 2204977974314342272 899.917053 1.0857 0.02 1.066 -4.342 0.022 0.02 0.976 5430.7 4.3379 15.072244 1.294946 15.641809 14.346864 "" "" 883.561218 913.809937 17621.7606 4.2905 7563.0 11.734 14468.0 9.5261 "" "" 0.0027679724498327752 0.003259242 0.0038463979 0.00710564 335.01242249161 62.64164373276 899.917053 1.0659999999999998 -4.341999999999999
335.52329245904 63.15854930642 0.0178 0.0176 23.4352 "" "" 2205427502766742400 888.991882 1.0948 0.0207 6.277 -2.928 0.025 0.022 0.994 6332.6 4.3831 15.072546 1.326247 15.659054 14.332807 "" "" 874.219849 906.491455 17616.85248 4.7878 7443.8 18.801 14657.0 18.602 "" "" 0.002771075329903091 0.003912174 0.0040227505 0.007934924 335.52329245904 63.15854930642 888.991882 6.276999999999999 -2.927999999999999
334.24329261359 63.8541458039 0.0173 0.0176 38.4339 "" "" 2205899193259679104 811.460449 1.2083 0.02 3.771 4.026 0.024 0.022 1.003 5771.1 4.3458 15.073669 1.3451 15.671923 14.326822 "" "" 798.696411 823.270813 17598.6412 4.1973 7356.1 14.681 14738.0 14.954 "" "" 0.0027674617031907354 0.0035327557 0.0039366684 0.007469424 334.24329261359 63.8541458039 811.460449 3.771 4.026
333.92222116385 63.42164373911 0.0171 0.0185 22.981 "" "" 2205836074419080832 1043.3446 0.9276 0.02 -2.661 -1.457 0.022 0.023 0.942 7207.0 4.3076 15.073839 1.384934 15.680135 14.2952 "" "" 1022.52869 1063.2312 17595.88929 5.0572 7300.7 13.666 15173.0 14.397 "" "" 0.0027729342148428955 0.0034518903 0.0039172764 0.0073691667 333.92222116385 63.42164373911 1043.3446 -2.661 -1.4570000000000003
334.46425947639 62.89016716677 0.0204 0.0212 21.9796 "" "" 2205045074580173184 922.834717 1.0563 0.0228 10.815 2.006 0.028 0.026 1.195 5323.2 4.0021 15.073852 1.459934 15.741139 14.281205 -75.07 7.54 902.293213 946.03064 17595.68452 4.2357 6901.8 10.364 15370.0 11.157 "" "" 0.0027676885259994106 0.0032315932 0.0038606834 0.0070922766 334.46425947639 62.89016716677 922.834717 10.815 2.006
333.49583899964 63.64403141892 0.0183 0.0192 39.7811 "" "" 2205878577416044544 1088.59375 0.886 0.0225 -2.665 -3.011 0.025 0.022 1.014 6472.1 4.2729 15.077026 1.339188 15.670662 14.331474 "" "" 1064.86401 1119.36841 17544.3065 5.3796 7364.7 11.873 14675.0 18.062 "" "" 0.002775360196399329 0.0032937578 0.004008677 0.0073024346 333.49583899964 63.64403141892 1088.59375 -2.665 -3.011
335.26417289184 63.36477023691 0.0169 0.0163 17.4021 "" "" 2205446057025423616 838.136658 1.1606 0.0186 -8.845 -7.045 0.022 0.021 0.954 6002.8 4.451 15.079799 1.272683 15.638862 14.366179 "" "" 825.917358 851.459351 17499.57068 3.8496 7583.5 13.327 14213.0 12.466 "" "" 0.0027656527944821315 0.003380186 0.003897508 0.0072776936 335.26417289184 63.36477023691 838.136658 -8.844999999999999 -7.045
334.13902721625 63.41602912839 0.0174 0.0174 17.8218 "" "" 2205834768749186048 1009.98145 0.9628 0.0198 -0.482 -3.395 0.023 0.021 1.0 8142.7 4.1334 15.084052 1.540163 15.790092 14.249928 -9.76 6.97 990.663452 1030.81116 17431.15123 4.9565 6597.5 11.2 15819.0 12.025 "" "" 0.0027725622088579462 0.0033439924 0.00386845 0.0072124423 334.13902721625 63.41602912839 1009.98145 -0.4820000000000002 -3.395
335.92118293472 63.24065496689 0.0286 0.0285 33.5901 "" "" 2205387709890080384 817.405396 1.2027 0.032 24.345 8.35 0.039 0.035 1.738 5097.9 4.2452 15.094276 1.484181 15.767434 14.283253 -23.02 5.81 796.348511 840.74585 17267.76872 6.7228 6736.6 13.689 15341.0 13.08 "" "" 0.002787556211615073 0.0035570492 0.0038911025 0.0074481517 335.92118293472 63.24065496689 817.405396 24.344999999999995 8.35
333.66286617184 62.9238568953 0.0318 0.0328 33.5797 "" "" 2205787730266714624 1015.40875 0.9582 0.0357 4.441 1.811 0.045 0.04 1.693 5963.4 4.3094 15.098715 1.243704 15.637448 14.393744 "" "" 980.275146 1051.40442 17197.32702 4.3921 7593.4 12.324 13857.0 14.328 "" "" 0.002769238094195051 0.0033000268 0.003942594 0.007242621 333.66286617184 62.9238568953 1015.40875 4.440999999999999 1.811
334.08786111271 63.56609064493 0.1857 0.1776 25.0129 "" "" 2205839579112492928 840.522156 1.284 0.2083 -0.031 -1.301 0.235 0.212 11.743 7907.4 3.8423 15.101497 1.666384 15.839908 14.173524 -27.03 11.58 694.258057 1055.02722 17153.31723 32.255 6301.6 13.335 16973.0 19.409 "" "" 0.0034292811763233346 0.0036143907 0.003978091 0.0075924816 334.08786111271 63.56609064493 840.522156 -0.030999999999999972 -1.301
