Clusters/Pismis_Moreno_1/Pismis_Moreno_1_members.tsv
# %ECSV 1.0
# ---
# datatype:
# - name: RA_ICRS_1
#   unit: deg
#   datatype: float64
#   format: '{:15.11f}'
#   description: Right ascension (ICRS) at Ep=2016.0 (ra)
#   meta: !!omap
#   - {ucd: POS_EQ_RA_MAIN}
#   - {width: 15}
#   - {precision: '11'}
# - name: DE_ICRS_1
#   unit: deg
#   datatype: float64
#   format: '{:15.11f}'
#   description: Declination (ICRS) at Ep=2016.0 (dec)
#   meta: !!omap
#   - {ucd: POS_EQ_DEC_MAIN}
#   - {width: 15}
#   - {precision: '11'}
# - name: e_RA_ICRS
#   unit: mas
#   datatype: float64
#   format: '{:7.4f}'
#   description: Standard error of right ascension (ra_error)
#   meta: !!omap
#   - {ucd: ERROR}
#   - {width: 7}
#   - {precision: '4'}
# - name: e_DE_ICRS
#   unit: mas
#   datatype: float64
#   format: '{:7.4f}'
#   description: Standard error of declination (dec_error)
#   meta: !!omap
#   - {ucd: ERROR}
#   - {width: 7}
#   - {precision: '4'}
# - name: _r_1
#   unit: ''
#   datatype: float64
#   format: '{:7.4f}'
#   description: Distance from center (334.67771413000+63.24350465000)[ICRS], at Epoch=J2016.0
#   meta: !!omap
#   - {ucd: POS_ANG_DIST_GENERAL}
#   - {width: 7}
#   - {precision: '4'}
# - name: HIP
#   datatype: int32
#   description: '? HIP cross-id number, van Leeuwen, Cat. I/311 (hip_original_ext_source_id)'
#   meta: !!omap
#   - {ucd: ID_NUMBER}
#   - {width: 6}
#   - values: {'null': -2147483648}
# - name: TYC2
#   datatype: string
#   description: Tycho-2 cross-id name, Hog et al., Cat. I/259 (tyc2_original_ext_source_id)
#   meta: !!omap
#   - {ucd: ID_CROSSID}
#   - {_votable_string_dtype: char}
# - name: Source
#   datatype: int64
#   description: Source identifier, identical to the Gaia-EDR3 source_id (id)
#   meta: !!omap
#   - {ucd: ID_MAIN}
#   - {width: 19}
# - name: rgeo
#   unit: pc
#   datatype: float64
#   format: '{:15.8f}'
#   description: '? Median of the geometric distance posterior (r_med_geo)'
#   meta: !!omap
#   - {ucd: PHYS_DISTANCE_TRUE}
#   - {width: 15}
#   - {precision: '8'}
#   - values: {'null': .nan}
# - name: Plx
#   unit: mas
#   datatype: float64
#   format: '{:9.4f}'
#   description: '? Parallax (parallax)'
#   meta: !!omap
#   - {ucd: POS_PARLX_TRIG}
#   - {width: 9}
#   - {precision: '4'}
#   - values: {'null': .nan}
# - name: e_Plx
#   unit: mas
#   datatype: float32
#   format: '{:7.4f}'
#   description: '? Standard error of parallax (parallax_error)'
#   meta: !!omap
#   - {ucd: ERROR}
#   - {width: 7}
#   - {precision: '4'}
#   - values: {'null': .nan}
# - name: pmRA
#   unit: mas / yr
#   datatype: float64
#   format: '{:9.3f}'
#   description: '? Proper motion in right ascension direction, pmRA*cosDE (pmra)'
#   meta: !!omap
#   - {ucd: POS_EQ_PMRA}
#   - {width: 9}
#   - {precision: '3'}
#   - values: {'null': .nan}
# - name: pmDE
#   unit: mas / yr
#   datatype: float64
#   format: '{:9.3f}'
#   description: '? Proper motion in declination direction (pmdec)'
#   meta: !!omap
#   - {ucd: POS_EQ_PMDEC}
#   - {width: 9}
#   - {precision: '3'}
#   - values: {'null': .nan}
# - name: e_pmRA
#   unit: mas / yr
#   datatype: float32
#   format: '{:6.3f}'
#   description: '? Standard error of proper motion in right ascension direction (pmra_error)'
#   meta: !!omap
#   - {ucd: ERROR}
#   - {width: 6}
#   - {precision: '3'}
#   - values: {'null': .nan}
# - name: e_pmDE
[...]
#       distance: !astropy.table.SerializedColumn
#         __class__: astropy.coordinates.distances.Distance
#         unit: !astropy.units.Unit {unit: pc}
#         value: !astropy.table.SerializedColumn {name: SkyCoord.distance}
#       frame: icrs
#       obstime: !astropy.time.Time {format: jyear_str, in_subfmt: '*', jd1: 367701545.0, jd2: 0.0, out_subfmt: '*', precision: 3, scale: tt}
#       pm_dec: !astropy.table.SerializedColumn
#         __class__: astropy.units.quantity.Quantity
#         unit: !astropy.units.Unit {unit: mas / yr}
#         value: !astropy.table.SerializedColumn {name: SkyCoord.pm_dec}
#       pm_ra_cosdec: !astropy.table.SerializedColumn
#         __class__: astropy.units.quantity.Quantity
#         unit: !astropy.units.Unit {unit: mas / yr}
#         value: !astropy.table.SerializedColumn {name: SkyCoord.pm_ra_cosdec}
#       ra: !astropy.table.SerializedColumn
#         __class__: astropy.coordinates.angles.Longitude
#         unit: *id001
#         value: !astropy.table.SerializedColumn {name: SkyCoord.ra}
#         wrap_angle: !astropy.coordinates.Angle
#           unit: *id001
#           value: 360.0
#       representation_type: spherical
# schema: astropy-2.0
RA_ICRS_1 DE_ICRS_1 e_RA_ICRS e_DE_ICRS _r_1 HIP TYC2 Source rgeo Plx e_Plx pmRA pmDE e_pmRA e_pmDE RUWE Teff logg Gmag BP-RP BPmag RPmag RV e_RV b_rgeo B_rgeo FG e_FG FBP e_FBP FRP e_FRP RAVE5 RAVE6 e_Gmag e_BPmag e_RPmag e_BP-RP SkyCoord.ra SkyCoord.dec SkyCoord.distance SkyCoord.pm_ra_cosdec SkyCoord.pm_dec rmRA rmDE e_rmRA e_rmDE rRV e_rRV v_pec v_pec3d e_vpec e_vpec3d Pmemb
334.61582417475 63.22289204199 0.0168 0.0172 2.08 110125 4268-1267-1 2205071673322137088 907.255798 1.0852 0.0188 -2.314 -2.334 0.024 0.022 1.011 "" "" 7.662558 0.457263 7.811979 7.354716 "" "" 891.333496 924.436401 16215247.26427 4325.5 10248000.0 7138.0 9063000.0 3610.2 "" "" 0.0027705003921437953 0.0028908395 0.003804048 0.0066948878 334.61582417475 63.22289204199 907.255798 -2.3140000000000005 -2.3340000000000005 -0.004552711486816463 0.02823673820495598 0.3586348 0.3566348 "" "" 0.12299728196407042 "" 0.04387136047619203 "" 1.0
334.60432909503 63.22003099836 0.0385 0.0401 2.4323 110119 4268-1270-1 2205071673322136960 1022.34851 0.9647 0.0434 -2.592 -2.21 0.052 0.051 3.123 18699.2 3.3883 8.508121 0.467997 8.663994 8.195997 "" "" 980.926147 1076.88062 7442148.02374 2748.2 4675400.0 3180.9 4176000.0 2064.3 "" "" 0.0027843380798285395 0.0028862942 0.0038173 0.0067035942 334.60432909503 63.22003099836 1022.34851 -2.592000000000001 -2.2100000000000013 -0.2825527114868165 0.1522367382049561 0.38663483 0.3856348 "" "" 1.5553256863897658 "" 0.6009934993830935 "" 1.0
334.62809076319 63.24656815893 0.0135 0.0127 1.3529 "" 4268-30-1 2205071776401348992 903.49707 1.0947 0.015 -2.381 -2.075 0.017 0.015 1.183 "" "" 10.306624 0.639239 10.544229 9.904989 "" "" 892.797485 916.591125 1420027.64879 628.5 827420.0 632.65 865290.0 529.78 "" "" 0.0027969110733546336 0.0029110503 0.0038373976 0.006748448 334.62809076319 63.24656815893 903.49707 -2.3810000000000002 -2.0750000000000015 -0.07155271148681619 0.2872367382049559 0.3516348 0.3496348 "" "" 1.26770571212339 "" 0.44338256818129107 "" 1.0
334.73215424787 63.30892095125 0.0168 0.0161 4.1908 "" 4268-106-1 2205072532315590272 819.459473 1.2059 0.0188 -2.134 -1.907 0.022 0.02 1.48 "" "" 10.597903 0.681081 10.852742 10.171661 "" "" 808.881348 831.894775 1085888.93178 255.46 622760.0 334.24 676850.0 213.09 "" "" 0.002767134050131321 0.002850371 0.0037948077 0.0066451784 334.73215424787 63.30892095125 819.459473 -2.133999999999999 -1.9069999999999987 0.1754472885131837 0.455236738204956 0.3566348 0.35463482 "" "" 1.8950234550878504 "" 0.6725326409674828 "" 1.0
334.79807242533 63.25521960003 0.0112 0.0111 3.3256 "" 4268-151-2 2205071329724761344 875.827087 1.1219 0.0126 -2.31 -2.728 0.014 0.014 0.999 "" "" 10.845236 0.650162 11.08569 10.435528 "" "" 866.321167 886.543884 864674.41029 342.18 502510.0 709.82 530820.0 397.83 "" "" 0.0027886194231428584 0.0031838887 0.0038659882 0.007049877 334.79807242533 63.25521960003 875.827087 -2.3099999999999996 -2.728 -0.0005527114868164595 -0.36576326179504415 0.3486348 0.3486348 "" "" 1.5184387974571394 "" 0.5293806205177725 "" 1.0
334.71866973933 63.17754905145 0.0215 0.0203 4.1094 "" 4268-97-1 2205067687592501248 902.664612 1.0803 0.023 -2.369 -2.561 0.029 0.025 1.839 14701.7 3.8524 10.921183 0.701375 11.175425 10.47405 "" "" 887.179138 922.338074 806257.37196 235.7 462640.0 260.85 512320.0 247.06 "" "" 0.0027735417199340425 0.0028565363 0.0038154772 0.0066720136 334.71866973933 63.17754905145 902.664612 -2.3690000000000007 -2.5609999999999986 -0.05955271148681662 -0.1987632617950439 0.36363482 0.35963482 "" "" 0.8877859796206369 "" 0.31957276590575506 "" 1.0
334.66096051153 63.2854968242 0.0108 0.0104 2.5598 "" 4268-568-1 2205072119998728576 932.257812 1.0418 0.012 -2.571 -2.238 0.014 0.012 0.856 "" "" 11.029462 0.61502 11.255506 10.640487 "" "" 923.420715 943.270935 729729.50269 217.1 429750.0 282.41 439500.0 187.09 "" "" 0.0027741895898351445 0.002879951 0.0038075375 0.0066874884 334.66096051153 63.2854968242 932.257812 -2.571 -2.238 -0.2615527114868166 0.12423673820495607 0.3486348 0.3466348 "" "" 1.2795341766442851 "" 0.4456201630218149 "" 1.0
334.69622115158 63.29706441373 0.0114 0.0102 3.2522 "" 4268-520-1 2205072497955851392 867.047546 1.1232 0.0122 -2.171 -2.293 0.015 0.012 0.856 "" "" 11.039167 0.905961 11.397677 10.491716 -40.14 8.63 856.738098 876.556763 723235.78956 179.2 377000.0 177.73 504050.0 275.22 "" "" 0.002768422012817385 0.0028367306 0.0038255947 0.006662325 334.69622115158 63.29706441373 867.047546 -2.171 -2.293 0.13844728851318377 0.0692367382049559 0.3496348 0.3466348 -14.937857142857144 12.521765 0.6361758031374722 14.951397783247753 0.22204869011967146 12.510428064568508 1.0
334.77069053865 63.07245243152 0.0094 0.0086 10.5677 "" 4268-133-1 2205054386068007168 918.181335 1.0485 0.0101 -2.741 -2.557 0.014 0.011 0.903 "" "" 11.892756 0.668632 12.14463 11.475998 -33.94 16.65 908.970459 925.755249 329491.48455 54.322 189480.0 122.14 203590.0 70.739 "" "" 0.0027611285411224427 0.0028766072 0.003798163 0.0066747703 334.77069053865 63.07245243152 918.181335 -2.741 -2.5570000000000004 -0.4315527114868165 -0.19476326179504388 0.3486348 0.34563482 -8.737857142857141 20.541765 2.060610952511078 8.977542255349633 0.7173584027596394 19.994013007347668 0.9
334.71663903503 63.28020587473 0.0094 0.0086 2.4399 "" "" 2205072218772214656 913.020569 1.0575 0.01 -2.205 -2.7 0.012 0.01 0.865 "" "" 11.936081 0.692582 12.196007 11.503425 "" "" 903.952698 921.182312 316602.64907 52.887 180720.0 110.51 198510.0 82.989 "" "" 0.002761282937032012 0.0028680735 0.003806541 0.0066746147 334.71663903503 63.28020587473 913.020569 -2.2050000000000014 -2.700000000000001 0.10444728851318352 -0.3377632617950441 0.3466348 0.3446348 "" "" 1.53003792535148 "" 0.5275721027912134 "" 1.0
334.72595644373 63.31007407611 0.0081 0.0081 4.2009 "" "" 2205072528009859072 898.95282 1.0957 0.0093 -2.014 -2.846 0.011 0.009 0.885 "" "" 12.192207 0.744765 12.476632 11.731867 -8.39 24.52 890.966431 906.170044 250071.1972 39.245 139560.0 81.028 160850.0 53.21 "" "" 0.0027605836828523806 0.002860493 0.0037964098 0.006656903 334.72595644373 63.31007407611 898.95282 -2.0139999999999993 -2.8460000000000014 0.2954472885131838 -0.48376326179504403 0.34563482 0.3436348 16.812142857142856 28.411766 2.415357456733171 16.984760789978058 0.8313160081857346 28.12326272278501 1.0
334.85430886765 63.26742158397 0.009 0.0089 4.9795 "" 4268-716-1 2205071295365102848 904.478149 1.0917 0.0101 -1.686 -2.804 0.012 0.011 1.015 "" "" 12.362288 0.830107 12.686274 11.856167 -27.56 16.21 895.725403 913.559387 213811.92585 31.539 115060.0 58.042 143450.0 38.389 "" "" 0.002759970833348353 0.0028434175 0.0037905343 0.006633952 334.85430886765 63.26742158397 904.478149 -1.686 -2.804 0.6234472885131837 -0.44176326179504377 0.3466348 0.34563482 -2.357857142857142 20.101765 3.2758486464930296 4.036170791833847 1.1344292389471464 11.779123250755617 1.0
334.74554765693 63.31098761823 0.0099 0.0098 4.4434 "" "" 2205072635394806400 905.69812 1.0918 0.0113 -1.849 -1.872 0.013 0.011 1.034 "" "" 12.655898 0.835083 12.982992 12.147909 "" "" 896.079529 914.114929 163150.15259 26.592 87543.0 51.053 109650.0 40.719 "" "" 0.0027609972974770715 0.0028611117 0.0038008278 0.0066619394 334.74554765693 63.31098761823 905.69812 -1.8490000000000006 -1.8719999999999999 0.4604472885131836 0.49023673820495595 0.34763482 0.34563482 "" "" 2.8873279315134295 "" 1.000671777058152 "" 1.0
334.55721137574 63.25505709328 0.0092 0.0091 3.3274 "" "" 2205072016919511808 899.722778 1.0911 0.0103 -2.555 -2.441 0.012 0.011 0.939 "" "" 12.698505 0.783326 13.002372 12.219046 "" "" 891.044006 909.428711 156871.75232 24.125 85994.0 51.615 102690.0 38.914 "" "" 0.002760374877833075 0.0028652628 0.0038017111 0.006666974 334.55721137574 63.25505709328 899.722778 -2.5550000000000006 -2.4410000000000003 -0.24555271148681657 -0.07876326179504378 0.3466348 0.34563482 "" "" 1.099758125717605 "" 0.38111198465545204 "" 1.0
334.50858748534 63.22313581203 0.0119 0.0117 4.7306 "" "" 2205065935245594496 891.358765 1.1016 0.0133 -2.716 -2.468 0.016 0.014 1.053 "" "" 12.914364 0.770205 13.213529 12.443324 "" "" 881.284424 901.62323 128588.27428 27.19 70795.0 43.312 83527.0 25.047 "" "" 0.0027648681552927073 0.002868148 0.0037933793 0.0066615273 334.50858748534 63.22313581203 891.358765 -2.7159999999999993 -2.468000000000001 -0.4065527114868166 -0.10576326179504392 0.3506348 0.3486348 "" "" 1.7748739830444922 "" 0.6221082025888355 "" 1.0
334.69609686465 63.30353557761 0.0127 0.0121 3.6359 "" "" 2205072497955850240 931.239868 1.0553 0.0141 -2.065 -2.129 0.016 0.014 1.065 "" "" 12.915573 0.864299 13.257532 12.393233 "" "" 920.431763 941.877197 128445.06319 22.796 67984.0 33.03 87471.0 43.403 "" "" 0.0027620499497431946 0.0028395967 0.0038175867 0.006657183 334.69609686465 63.30353557761 931.239868 -2.065 -2.129 0.24444728851318365 0.23323673820495605 0.3506348 0.3486348 "" "" 1.4913692677314336 "" 0.5215067024032877 "" 1.0
334.72895329869 63.3046860721 0.0116 0.0106 3.9226 "" "" 2205072532315590912 906.430237 1.0762 0.0127 -2.429 -2.346 0.015 0.013 0.984 "" "" 13.813306 1.196229 14.326197 13.129968 "" "" 894.280945 916.944885 56185.53115 10.326 25406.0 22.526 44378.0 22.92 "" "" 0.002762536148994809 0.002951569 0.0038207553 0.0067723244 334.72895329869 63.3046860721 906.430237 -2.4289999999999994 -2.346000000000001 -0.11955271148681623 0.01623673820495597 0.3496348 0.34763482 "" "" 0.5183712985443498 "" 0.18122192000326132 "" 1.0
334.79963279491 63.24030623054 0.0122 0.0119 3.299 "" "" 2205071157926071936 909.268616 1.0734 0.0136 -1.883 -2.357 0.016 0.014 1.044 7498.9 4.0858 14.107639 1.306682 14.675631 13.368949 -23.17 8.5 896.887756 920.402893 42844.08995 8.4483 18415.0 36.584 35611.0 46.441 "" "" 0.002763625386166297 0.0035266925 0.004035912 0.0075626047 334.79963279491 63.24030623054 909.268616 -1.8830000000000002 -2.3570000000000007 0.4264472885131836 0.005236738204955849 0.3506348 0.3486348 2.032142857142855 12.391765 1.8380979174170262 2.7401110462624567 0.6445005674225125 9.20024249189185 1.0
334.49716577956 63.20001208365 0.0123 0.0125 5.5345 "" "" 2205065729087168384 896.19397 1.0889 0.0137 -2.422 -2.19 0.017 0.015 1.0 7205.4 4.2209 14.221025 1.28408 14.782156 13.498076 -27.87 6.86 883.858582 907.725708 38595.51673 6.777 16694.0 14.285 31618.0 17.671 "" "" 0.002761907825271699 0.0029407826 0.0038277856 0.0067685684 334.49716577956 63.20001208365 896.19397 -2.422 -2.19 -0.11255271148681656 0.1722367382049561 0.3516348 0.3496348 -2.6678571428571445 10.751765 0.8740232695840935 2.807379277986563 0.3061130894590259 10.217864646856958 1.0
334.72540768859 63.28124875772 0.0137 0.0132 2.605 "" "" 2205072223077950080 919.207764 1.0597 0.0152 -2.521 -2.525 0.018 0.016 1.013 5143.7 3.5285 14.348161 2.040794 15.371423 13.330628 -18.36 7.62 905.652222 930.364136 34330.67403 109.23 9701.7 111.48 36890.0 320.93 "" "" 0.0044187429371472875 0.012784139 0.010173573 0.022957712 334.72540768859 63.28124875772 919.207764 -2.521 -2.5250000000000004 -0.21155271148681631 -0.16276326179504386 0.35263482 0.3506348 6.842142857142857 11.511765 1.1629835632789358 6.9402773464760035 0.40924516378953285 11.349197078617719 0.9
334.5307655606 63.15203137681 0.0159 0.0159 6.777 "" "" 2205064595215818240 899.223206 1.0803 0.0175 -2.473 -2.406 0.021 0.02 1.035 "" "" 14.846974 1.848078 15.752646 13.904569 "" "" 883.712646 915.87262 21684.87333 14.361 6829.0 18.63 21744.0 37.547 "" "" 0.0028475964636989265 0.0040691877 0.004218849 0.008288037 334.5307655606 63.15203137681 899.223206 -2.473 -2.406 -0.16355271148681627 -0.043763261795044084 0.3556348 0.35463482 "" "" 0.7216384134460416 "" 0.25659158686485284 "" 1.0
334.90821379562 63.28614903048 0.0161 0.0159 6.7272 "" "" 2205072807193513856 871.293274 1.1216 0.0182 -1.737 -2.03 0.021 0.02 1.051 "" "" 14.935403 1.861041 15.822334 13.961293 "" "" 858.512146 884.549805 19988.75264 6.97 6404.5 17.745 20637.0 19.591 "" "" 0.002781208597682823 0.0041030073 0.0039174072 0.008020414 334.90821379562 63.28614903048 871.293274 -1.737 -2.0299999999999994 0.5724472885131835 0.33223673820495625 0.3556348 0.35463482 "" "" 2.7334932315946086 "" 0.9714373240321913 "" 1.0
334.74839415752 63.38527106358 0.0237 0.0224 8.7166 "" "" 2205825113662760704 865.40564 1.1161 0.0256 -2.461 -2.333 0.031 0.028 1.12 "" "" 15.281988 3.083242 17.07912 13.995879 "" "" 847.058838 886.145447 14526.18218 7.7696 2012.7 9.2527 19990.0 18.775 "" "" 0.0028158537628602113 0.005718228 0.003914538 0.009632766 334.74839415752 63.38527106358 865.40564 -2.461 -2.333 -0.15155271148681626 0.02923673820495587 0.3656348 0.3626348 "" "" 0.6331350996744337 "" 0.23142834271336998 "" 1.0
334.79901058478 63.29976894435 0.0329 0.0296 4.7022 "" "" 2205072394876643968 897.154541 1.0774 0.0349 -1.305 -2.407 0.045 0.039 1.686 4936.0 4.1759 15.28265 1.596424 16.01634 14.419916 "" "" 871.365723 937.237854 14517.32627 17.116 5356.5 29.324 13527.0 39.442 "" "" 0.0030381598907569906 0.006566138 0.004930105 0.011496243 334.79901058478 63.29976894435 897.154541 -1.3050000000000006 -2.4070000000000005 1.0044472885131837 -0.044763261795043974 0.3796348 0.37363482 "" "" 4.275664191951748 "" 1.6231404622028192 "" 1.0
334.94636589458 63.16992045655 0.0225 0.0214 8.5022 "" "" 2205068374787282816 823.929749 1.1817 0.0255 -2.905 -2.242 0.032 0.029 1.035 5400.4 4.4525 15.535981 1.402849 16.170492 14.767643 "" "" 807.073059 840.772888 11496.20068 4.0761 4647.5 12.254 9819.8 15.687 "" "" 0.002782082501740823 0.0039975443 0.00415837 0.008155914 334.94636589458 63.16992045655 823.929749 -2.905 -2.242 -0.5955527114868162 0.12023673820495606 0.36663482 0.36363482 "" "" 2.3728157905790748 "" 0.869679193174213 "" 1.0
334.63934192698 63.23157646199 0.0226 0.0228 1.2598 "" "" 2205070951767631616 924.395142 1.0529 0.0251 -2.534 -2.016 0.031 0.027 1.031 5022.9 4.1528 15.603826 1.867206 16.517944 14.650739 "" "" 901.644165 944.630676 10799.81747 11.132 3374.7 15.259 10936.0 29.741 "" "" 0.002973927468416824 0.0056467503 0.0047960654 0.010442816 334.63934192698 63.23157646199 924.395142 -2.534 -2.016 -0.22455271148681621 0.34623673820495604 0.3656348 0.36163482 "" "" 1.8082070753258583 "" 0.6560604509311705 "" 1.0
334.59995496875 63.21753719316 0.024 0.0246 2.616 "" "" 2205071669018667776 887.674316 1.0962 0.0262 -2.411 -2.809 0.033 0.03 1.043 "" "" 15.629873 2.064713 16.656418 14.591705 "" "" 867.871887 909.658997 10543.80596 9.0372 2970.6 20.225 11547.0 36.359 "" "" 0.002908229137888805 0.007901165 0.0050962307 0.012997395 334.59995496875 63.21753719316 887.674316 -2.411 -2.8089999999999993 -0.10155271148681644 -0.4467632617950441 0.3676348 0.3646348 "" "" 1.9277421267141508 "" 0.7032071293215569 "" 1.0
334.60099792966 63.28670267093 0.0243 0.0241 3.3175 "" "" 2205822674121340544 909.441467 1.0605 0.0281 -2.31 -2.101 0.032 0.028 1.021 5808.7 4.0498 15.74163 2.054884 16.782944 14.72806 "" "" 888.487061 935.679749 9512.50351 12.124 2643.9 14.41 10184.0 34.589 "" "" 0.0030832953050378147 0.0065423744 0.005280353 0.0118227275 334.60099792966 63.28670267093 909.441467 -2.31 -2.101 -0.0005527114868164595 0.2612367382049561 0.36663482 0.3626348 "" "" 1.126129456798026 "" 0.4083737594272864 "" 1.0
334.78441466659 63.17941203387 0.0268 0.0237 4.8077 "" "" 2205067893750935424 906.53656 1.0698 0.0279 -2.562 -2.204 0.036 0.029 1.031 4946.7 4.1849 15.840148 1.896514 16.772417 14.875903 "" "" 887.337402 925.556641 8687.35519 9.6453 2669.6 13.4 8887.9 38.906 "" "" 0.0030074775023070776 0.0061225556 0.0060722334 0.012194789 334.78441466659 63.17941203387 906.53656 -2.562 -2.204 -0.25255271148681624 0.15823673820495587 0.3706348 0.36363482 "" "" 1.280628896720302 "" 0.47213579968196906 "" 1.0
334.55193329273 63.10991608838 0.028 0.0268 8.7087 "" "" 2205061502839378560 957.599548 1.0209 0.0311 -2.575 -2.514 0.04 0.032 1.032 4725.6 4.1684 16.053568 1.946974 17.022516 15.075542 "" "" 935.278259 984.728394 7137.06386 8.1041 2120.4 15.492 7395.1 25.672 "" "" 0.003018559854782854 0.008408967 0.0053376015 0.013746569 334.55193329273 63.10991608838 957.599548 -2.575 -2.514 -0.2655527114868166 -0.15176326179504374 0.3746348 0.36663482 "" "" 1.388305155656495 "" 0.5173951501010216 "" 1.0
