Clusters/Pismis_Moreno_1/Pismis_Moreno_1_members.tsv
# %ECSV 1.0
# ---
# datatype:
# - name: RA_ICRS_1
#   unit: deg
#   datatype: float64
#   format: '{:15.11f}'
#   description: Right ascension (ICRS) at Ep=2016.0 (ra)
#   meta: !!omap
#   - {ucd: POS_EQ_RA_MAIN}
#   - {width: 15}
#   - {precision: '11'}
# - name: DE_ICRS_1
#   unit: deg
#   datatype: float64
#   format: '{:15.11f}'
#   description: Declination (ICRS) at Ep=2016.0 (dec)
#   meta: !!omap
#   - {ucd: POS_EQ_DEC_MAIN}
#   - {width: 15}
#   - {precision: '11'}
# - name: e_RA_ICRS
#   unit: mas
#   datatype: float64
#   format: '{:7.4f}'
#   description: Standard error of right ascension (ra_error)
#   meta: !!omap
#   - {ucd: ERROR}
#   - {width: 7}
#   - {precision: '4'}
# - name: e_DE_ICRS
#   unit: mas
#   datatype: float64
#   format: '{:7.4f}'
#   description: Standard error of declination (dec_error)
#   meta: !!omap
#   - {ucd: ERROR}
#   - {width: 7}
#   - {precision: '4'}
# - name: _r_1
#   unit: ''
#   datatype: float64
#   format: '{:7.4f}'
#   description: Distance from center (334.67771413000+63.24350465000)[ICRS], at Epoch=J2016.0
#   meta: !!omap
#   - {ucd: POS_ANG_DIST_GENERAL}
#   - {width: 7}
#   - {precision: '4'}
# - name: HIP
#   datatype: int32
#   description: '? HIP cross-id number, van Leeuwen, Cat. I/311 (hip_original_ext_source_id)'
#   meta: !!omap
#   - {ucd: ID_NUMBER}
#   - {width: 6}
#   - values: {'null': -2147483648}
# - name: TYC2
#   datatype: string
#   description: Tycho-2 cross-id name, Hog et al., Cat. I/259 (tyc2_original_ext_source_id)
#   meta: !!omap
#   - {ucd: ID_CROSSID}
#   - {_votable_string_dtype: char}
# - name: Source
#   datatype: int64
#   description: Source identifier, identical to the Gaia-EDR3 source_id (id)
#   meta: !!omap
#   - {ucd: ID_MAIN}
#   - {width: 19}
# - name: rgeo
#   unit: pc
#   datatype: float64
#   format: '{:15.8f}'
#   description: '? Median of the geometric distance posterior (r_med_geo)'
#   meta: !!omap
#   - {ucd: PHYS_DISTANCE_TRUE}
#   - {width: 15}
#   - {precision: '8'}
#   - values: {'null': .nan}
# - name: Plx
#   unit: mas
#   datatype: float64
#   format: '{:9.4f}'
#   description: '? Parallax (parallax)'
#   meta: !!omap
#   - {ucd: POS_PARLX_TRIG}
#   - {width: 9}
#   - {precision: '4'}
#   - values: {'null': .nan}
# - name: e_Plx
#   unit: mas
#   datatype: float32
#   format: '{:7.4f}'
#   description: '? Standard error of parallax (parallax_error)'
#   meta: !!omap
#   - {ucd: ERROR}
#   - {width: 7}
#   - {precision: '4'}
#   - values: {'null': .nan}
# - name: pmRA
#   unit: mas / yr
#   datatype: float64
#   format: '{:9.3f}'
#   description: '? Proper motion in right ascension direction, pmRA*cosDE (pmra)'
#   meta: !!omap
#   - {ucd: POS_EQ_PMRA}
#   - {width: 9}
#   - {precision: '3'}
#   - values: {'null': .nan}
# - name: pmDE
#   unit: mas / yr
#   datatype: float64
#   format: '{:9.3f}'
#   description: '? Proper motion in declination direction (pmdec)'
#   meta: !!omap
#   - {ucd: POS_EQ_PMDEC}
#   - {width: 9}
#   - {precision: '3'}
#   - values: {'null': .nan}
# - name: e_pmRA
#   unit: mas / yr
#   datatype: float32
#   format: '{:6.3f}'
#   description: '? Standard error of proper motion in right ascension direction (pmra_error)'
#   meta: !!omap
#   - {ucd: ERROR}
#   - {width: 6}
#   - {precision: '3'}
#   - values: {'null': .nan}
# - name: e_pmDE
[...]
#       distance: !astropy.table.SerializedColumn
#         __class__: astropy.coordinates.distances.Distance
#         unit: !astropy.units.Unit {unit: pc}
#         value: !astropy.table.SerializedColumn {name: SkyCoord.distance}
#       frame: icrs
#       obstime: !astropy.time.Time {format: jyear_str, in_subfmt: '*', jd1: 367701545.0, jd2: 0.0, out_subfmt: '*', precision: 3, scale: tt}
#       pm_dec: !astropy.table.SerializedColumn
#         __class__: astropy.units.quantity.Quantity
#         unit: !astropy.units.Unit {unit: mas / yr}
#         value: !astropy.table.SerializedColumn {name: SkyCoord.pm_dec}
#       pm_ra_cosdec: !astropy.table.SerializedColumn
#         __class__: astropy.units.quantity.Quantity
#         unit: !astropy.units.Unit {unit: mas / yr}
#         value: !astropy.table.SerializedColumn {name: SkyCoord.pm_ra_cosdec}
#       ra: !astropy.table.SerializedColumn
#         __class__: astropy.coordinates.angles.Longitude
#         unit: *id001
#         value: !astropy.table.SerializedColumn {name: SkyCoord.ra}
#         wrap_angle: !astropy.coordinates.Angle
#           unit: *id001
#           value: 360.0
#       representation_type: spherical
# schema: astropy-2.0
RA_ICRS_1 DE_ICRS_1 e_RA_ICRS e_DE_ICRS _r_1 HIP TYC2 Source rgeo Plx e_Plx pmRA pmDE e_pmRA e_pmDE RUWE Teff logg Gmag BP-RP BPmag RPmag RV e_RV b_rgeo B_rgeo FG e_FG FBP e_FBP FRP e_FRP RAVE5 RAVE6 e_Gmag e_BPmag e_RPmag e_BP-RP SkyCoord.ra SkyCoord.dec SkyCoord.distance SkyCoord.pm_ra_cosdec SkyCoord.pm_dec rmRA rmDE e_rmRA e_rmDE rRV e_rRV v_pec v_pec3d e_vpec e_vpec3d Pmemb
[from data line 31]
334.61145188356 63.21728104725 0.0311 0.0297 2.3837 "" "" 2205070917407893760 880.875 1.112 0.0334 -2.365 -2.583 0.043 0.037 0.987 5346.7 4.1788 16.175802 2.094771 17.194283 15.099511 "" "" 857.630371 908.106445 6377.13458 32.749 1810.1 67.748 7233.6 128.8 "" "" 0.006219312155960508 0.040732358 0.019698357 0.060430713 334.61145188356 63.21728104725 880.875 -2.365 -2.583 -0.05555271148681662 -0.22076326179504413 0.37763482 0.3716348 "" "" 0.9504995080538798 "" 0.35358090317190755 "" 1.0
334.6946540815 63.14303081801 0.0309 0.029 6.0458 "" "" 2205067343994912640 881.571899 1.1078 0.0335 -2.241 -2.469 0.043 0.034 1.027 5646.9 4.3996 16.244343 1.894321 17.180689 15.286368 "" "" 861.02655 911.991821 5987.00748 7.6059 1832.9 13.727 6089.9 23.237 "" "" 0.0030812844119731037 0.008596711 0.005607721 0.014204431 334.6946540815 63.14303081801 881.571899 -2.2410000000000005 -2.469000000000001 0.06844728851318349 -0.1067632617950438 0.37763482 0.36863482 "" "" 0.529938355827547 "" 0.19675498357684953 "" 1.0
334.75386806017 63.26152536662 0.0414 0.0375 2.3234 "" "" 2205071432803971840 946.380676 1.029 0.0422 -2.687 -2.131 0.051 0.046 1.0 4536.2 4.2587 16.647928 1.98599 17.637589 15.651599 "" "" 905.174866 981.408142 4128.34348 5.4833 1203.3 10.502 4350.3 21.089 "" "" 0.0031098866738466205 0.009878184 0.006479694 0.016357878 334.75386806017 63.26152536662 946.380676 -2.6869999999999985 -2.1309999999999993 -0.37755271148681624 0.23123673820495627 0.3856348 0.3806348 "" "" 1.986051461643329 "" 0.7631945668288691 "" 1.0
334.89468355082 63.10801697996 0.0442 0.0395 10.0297 "" "" 2205054733971154944 909.880676 1.0622 0.0471 -2.579 -2.446 0.065 0.052 0.97 5758.4 4.409 16.81043 2.241734 17.98147 15.739737 "" "" 884.037048 951.80542 3554.46836 6.1371 876.65 10.59 4011.1 18.79 "" "" 0.003332564053030637 0.013409275 0.0063365973 0.019745871 334.89468355082 63.10801697996 909.880676 -2.5789999999999993 -2.446 -0.2695527114868166 -0.08376326179504412 0.3996348 0.38663483 "" "" 1.2173730366913222 "" 0.4851317265424276 "" 0.9
334.62206658292 63.25283698585 0.0458 0.042 1.6038 "" "" 2205071776401348096 913.960266 1.0546 0.0499 -2.259 -2.284 0.057 0.05 0.983 4259.5 4.1324 16.814459 2.354693 18.07431 15.719617 "" "" 877.523865 959.40918 3541.30454 4.6493 804.81 12.846 4086.1 16.298 "" "" 0.0031022033012734337 0.017553186 0.0057478654 0.023301052 334.62206658292 63.25283698585 913.960266 -2.2590000000000003 -2.283999999999999 0.0504472885131837 0.07823673820495625 0.39163482 0.38463482 "" "" 0.40328576957661333 "" 0.15595208392293336 "" 1.0
334.63777620918 63.22483344432 0.0563 0.055 1.5555 "" "" 2205070951767632896 1067.40039 0.891 0.0631 -2.261 -2.413 0.074 0.066 1.193 "" "" 16.938969 2.814168 18.531528 15.71736 "" "" 1006.47772 1129.21704 3157.61681 5.2048 528.21 10.033 4094.6 16.203 "" "" 0.003285521059005207 0.020810733 0.0057221567 0.026532888 334.63777620918 63.22483344432 1067.40039 -2.261 -2.413 0.04844728851318347 -0.05076326179504376 0.4086348 0.40063483 "" "" 0.35503147791886036 "" 0.14359883797946907 "" 1.0
334.84798561524 63.28633650151 0.0638 0.0553 5.2657 "" "" 2205072841553247744 805.94342 1.2 0.0667 -1.66 -2.471 0.085 0.069 1.28 9506.7 4.1023 16.96315 2.60634 18.306461 15.700121 "" "" 756.169006 857.929016 3088.06517 3.9614 649.88 14.898 4160.2 14.148 "" "" 0.0030873389207812154 0.02504557 0.005283684 0.030329254 334.84798561524 63.28633650151 805.94342 -1.6599999999999993 -2.4710000000000005 0.6494472885131837 -0.10876326179504403 0.41963482 0.40363482 "" "" 2.5155511651651317 "" 1.0545352036707532 "" 0.8
