Clusters/Pismis_Moreno_1/Pismis_Moreno_1_stars_in_region.tsv
# %ECSV 1.0
# ---
# datatype:
# - name: RA_ICRS_1
#   unit: deg
#   datatype: float64
#   format: '{:15.11f}'
#   description: Right ascension (ICRS) at Ep=2016.0 (ra)
#   meta: !!omap
#   - {ucd: POS_EQ_RA_MAIN}
#   - {width: 15}
#   - {precision: '11'}
# - name: DE_ICRS_1
#   unit: deg
#   datatype: float64
#   format: '{:15.11f}'
#   description: Declination (ICRS) at Ep=2016.0 (dec)
#   meta: !!omap
#   - {ucd: POS_EQ_DEC_MAIN}
#   - {width: 15}
#   - {precision: '11'}
# - name: e_RA_ICRS
#   unit: mas
#   datatype: float64
#   format: '{:7.4f}'
#   description: Standard error of right ascension (ra_error)
#   meta: !!omap
#   - {ucd: ERROR}
#   - {width: 7}
#   - {precision: '4'}
# - name: e_DE_ICRS
#   unit: mas
#   datatype: float64
#   format: '{:7.4f}'
#   description: Standard error of declination (dec_error)
#   meta: !!omap
#   - {ucd: ERROR}
#   - {width: 7}
#   - {precision: '4'}
# - name: _r_1
#   unit: ''
#   datatype: float64
#   format: '{:7.4f}'
#   description: Distance from center (334.67771413000+63.24350465000)[ICRS], at Epoch=J2016.0
#   meta: !!omap
#   - {ucd: POS_ANG_DIST_GENERAL}
#   - {width: 7}
#   - {precision: '4'}
# - name: HIP
#   datatype: int32
#   description: '? HIP cross-id number, van Leeuwen, Cat. I/311 (hip_original_ext_source_id)'
#   meta: !!omap
#   - {ucd: ID_NUMBER}
#   - {width: 6}
#   - values: {'null': -2147483648}
# - name: TYC2
#   datatype: string
#   description: Tycho-2 cross-id name, Hog et al., Cat. I/259 (tyc2_original_ext_source_id)
#   meta: !!omap
#   - {ucd: ID_CROSSID}
#   - {_votable_string_dtype: char}
# - name: Source
#   datatype: int64
#   description: Source identifier, identical to the Gaia-EDR3 source_id (id)
#   meta: !!omap
#   - {ucd: ID_MAIN}
#   - {width: 19}
# - name: rgeo
#   unit: pc
#   datatype: float64
#   format: '{:15.8f}'
#   description: '? Median of the geometric distance posterior (r_med_geo)'
#   meta: !!omap
#   - {ucd: PHYS_DISTANCE_TRUE}
#   - {width: 15}
#   - {precision: '8'}
#   - values: {'null': .nan}
# - name: Plx
#   unit: mas
#   datatype: float64
#   format: '{:9.4f}'
#   description: '? Parallax (parallax)'
#   meta: !!omap
#   - {ucd: POS_PARLX_TRIG}
#   - {width: 9}
#   - {precision: '4'}
#   - values: {'null': .nan}
# - name: e_Plx
#   unit: mas
#   datatype: float32
#   format: '{:7.4f}'
#   description: '? Standard error of parallax (parallax_error)'
#   meta: !!omap
#   - {ucd: ERROR}
#   - {width: 7}
#   - {precision: '4'}
#   - values: {'null': .nan}
# - name: pmRA
#   unit: mas / yr
#   datatype: float64
#   format: '{:9.3f}'
#   description: '? Proper motion in right ascension direction, pmRA*cosDE (pmra)'
#   meta: !!omap
#   - {ucd: POS_EQ_PMRA}
#   - {width: 9}
#   - {precision: '3'}
#   - values: {'null': .nan}
# - name: pmDE
#   unit: mas / yr
#   datatype: float64
#   format: '{:9.3f}'
#   description: '? Proper motion in declination direction (pmdec)'
#   meta: !!omap
#   - {ucd: POS_EQ_PMDEC}
#   - {width: 9}
#   - {precision: '3'}
#   - values: {'null': .nan}
# - name: e_pmRA
#   unit: mas / yr
#   datatype: float32
#   format: '{:6.3f}'
#   description: '? Standard error of proper motion in right ascension direction (pmra_error)'
#   meta: !!omap
#   - {ucd: ERROR}
#   - {width: 6}
#   - {precision: '3'}
#   - values: {'null': .nan}
# - name: e_pmDE
[...]
#         value: !astropy.table.SerializedColumn {name: SkyCoord.dec}
#       distance: !astropy.table.SerializedColumn
#         __class__: astropy.coordinates.distances.Distance
#         unit: !astropy.units.Unit {unit: pc}
#         value: !astropy.table.SerializedColumn {name: SkyCoord.distance}
#       frame: icrs
#       obstime: !astropy.time.Time {format: jyear_str, in_subfmt: '*', jd1: 367701545.0, jd2: 0.0, out_subfmt: '*', precision: 3, scale: tt}
#       pm_dec: !astropy.table.SerializedColumn
#         __class__: astropy.units.quantity.Quantity
#         unit: !astropy.units.Unit {unit: mas / yr}
#         value: !astropy.table.SerializedColumn {name: SkyCoord.pm_dec}
#       pm_ra_cosdec: !astropy.table.SerializedColumn
#         __class__: astropy.units.quantity.Quantity
#         unit: !astropy.units.Unit {unit: mas / yr}
#         value: !astropy.table.SerializedColumn {name: SkyCoord.pm_ra_cosdec}
#       ra: !astropy.table.SerializedColumn
#         __class__: astropy.coordinates.angles.Longitude
#         unit: *id001
#         value: !astropy.table.SerializedColumn {name: SkyCoord.ra}
#         wrap_angle: !astropy.coordinates.Angle
#           unit: *id001
#           value: 360.0
#       representation_type: spherical
# schema: astropy-2.0
RA_ICRS_1 DE_ICRS_1 e_RA_ICRS e_DE_ICRS _r_1 HIP TYC2 Source rgeo Plx e_Plx pmRA pmDE e_pmRA e_pmDE RUWE Teff logg Gmag BP-RP BPmag RPmag RV e_RV b_rgeo B_rgeo FG e_FG FBP e_FBP FRP e_FRP RAVE5 RAVE6 e_Gmag e_BPmag e_RPmag e_BP-RP SkyCoord.ra SkyCoord.dec SkyCoord.distance SkyCoord.pm_ra_cosdec SkyCoord.pm_dec rmRA rmDE e_rmRA e_rmDE rRV e_rRV v_pec v_pec3d e_vpec e_vpec3d
[from data line 1096]
333.73141142212 62.95820861722 0.0446 0.0443 30.8682 "" "" 2205787902065405568 749.38739 1.3122 0.0495 4.939 -2.648 0.065 0.059 1.034 4427.4 4.5437 16.85613 1.736131 17.699976 15.963845 "" "" 723.612 783.667297 3407.96289 2.3604 1136.1 6.888 3263.0 7.7445 "" "" 0.002856096305720188 0.00714957 0.004574301 0.011723871 333.73141142212 62.95820861722 749.38739 4.939 -2.648 7.248447288513184 -0.2857632617950441 0.3996348 0.3936348 "" "" 25.767183376572262 "" 10.297225266943471 ""
336.14183992174 63.23242596254 0.0464 0.0473 39.5612 "" "" 2205386198063315584 891.529358 1.0772 0.0535 1.576 -9.003 0.063 0.061 0.992 "" "" 16.856373 2.491931 18.21781 15.725879 "" "" 853.666077 941.430969 3407.20226 2.3806 705.17 10.413 4062.6 11.843 "" "" 0.0028578424169934937 0.016273664 0.004929638 0.021203302 336.14183992174 63.23242596254 891.529358 1.576 -9.003 3.8854472885131837 -6.640763261795044 0.3976348 0.3956348 "" "" 32.513354233466245 "" 12.880029204156115 ""
334.8592500894 62.96079227783 0.0543 0.0491 17.664 "" "" 2205049751809002496 922.765442 1.0504 0.0567 -1.373 -1.784 0.071 0.06 1.14 7357.1 4.1803 16.85731 2.748891 18.393164 15.644273 "" "" 876.961121 973.684326 3404.26126 4.594 600.0 7.5513 4379.7 12.182 "" "" 0.003120665910494942 0.013946486 0.0048377444 0.01878423 334.8592500894 62.96079227783 922.765442 -1.3730000000000002 -1.7840000000000003 0.9364472885131836 0.578236738204956 0.40563482 0.3946348 "" "" 4.813865515103097 "" 1.9381993193085494 ""
334.42704938675 63.54774838108 0.0433 0.0413 19.4575 "" "" 2205841503257905408 896.565979 1.091 0.0477 20.179 7.96 0.052 0.051 0.95 4873.8 4.6907 16.858013 1.638662 17.630568 15.991905 "" "" 854.582947 933.439392 3402.05507 1.9912 1211.1 9.1683 3179.8 8.0899 "" "" 0.002827652146674413 0.008679943 0.00468123 0.013361173 334.42704938675 63.54774838108 896.565979 20.179000000000016 7.960000000000001 22.488447288513182 10.322236738204957 0.38663483 0.3856348 "" "" 105.15628132431915 "" 40.63880058515933 ""
333.41686441468 63.40243002379 0.0481 0.0485 35.2768 "" "" 2205859675258590336 1040.30042 0.9361 0.0537 -0.585 -2.611 0.058 0.056 1.065 4764.4 4.3898 16.859701 1.605331 17.61328 16.007948 "" "" 991.205994 1096.35229 3396.76853 2.6303 1230.6 12.169 3133.1 12.599 "" "" 0.0028807359162804184 0.011093116 0.00577459 0.016867707 333.41686441468 63.40243002379 1040.30042 -0.585 -2.6110000000000007 1.7244472885131836 -0.24876326179504415 0.3926348 0.3906348 "" "" 8.591312233080174 "" 3.372898829663747 ""
334.20739720368 62.72502696131 0.0498 0.0508 33.6458 "" "" 2205020133713956736 1044.10034 0.9188 0.0554 0.972 -0.606 0.065 0.061 1.085 "" "" 16.860695 1.616711 17.578907 15.962196 "" "" 997.483704 1098.55652 3393.66167 3.4873 1270.1 37.926 3268.0 17.464 "" "" 0.0029726355699815966 0.032540616 0.006924465 0.03946508 334.20739720368 62.72502696131 1044.10034 0.9720000000000002 -0.6059999999999999 3.2814472885131836 1.7562367382049562 0.3996348 0.3956348 "" "" 18.41963226065245 "" 7.344784757135906 ""
334.95143608009 63.70564605102 0.0472 0.0445 28.6821 "" "" 2206219082419509632 897.729614 1.0795 0.0522 -4.045 -7.602 0.06 0.053 1.062 9627.3 4.3458 16.861008 2.512265 18.237358 15.725093 "" "" 860.013062 942.372559 3392.6846 2.2419 692.59 11.815 4065.6 13.469 "" "" 0.002847198045156402 0.01873072 0.0052174525 0.023948174 334.95143608009 63.70564605102 897.729614 -4.045000000000002 -7.601999999999993 -1.7355527114868163 -5.239763261795044 0.3946348 0.3876348 "" "" 23.48770636589991 "" 9.121039471470999 ""
334.21363605742 63.84000535612 0.0433 0.0425 37.879 "" "" 2205898334266220928 927.375549 1.0486 0.0497 -9.208 -3.855 0.061 0.055 1.038 4706.7 4.2525 16.86365 2.086822 17.930506 15.843684 "" "" 885.974915 972.384705 3384.43969 2.1208 918.79 9.8461 3644.9 8.073 "" "" 0.0028380760834355204 0.01196503 0.0044795815 0.016444612 334.21363605742 63.84000535612 927.375549 -9.208000000000002 -3.8550000000000004 -6.898552711486817 -1.492763261795044 0.3956348 0.38963482 "" "" 31.026211383751495 "" 12.266782632570852 ""
334.93678256831 62.92842493366 0.0458 0.0428 20.1717 "" "" 2205048789736363520 929.774902 1.0608 0.0496 3.191 -13.982 0.061 0.052 1.031 5240.6 4.5998 16.866167 1.939049 17.814144 15.875095 "" "" 890.237244 965.491577 3376.60161 2.3212 1022.7 9.1583 3541.0 8.1198 "" "" 0.002854621677162706 0.01011522 0.004525731 0.0146409515 334.93678256831 62.92842493366 929.774902 3.191000000000001 -13.982000000000006 5.500447288513183 -11.619763261795043 0.3956348 0.38663483 "" "" 56.657602254451014 "" 22.00003105949111 ""
334.23052148313 63.5588027484 0.0543 0.0491 22.41 "" "" 2205838994996969472 932.780884 1.0396 0.0579 5.34 -1.73 0.064 0.059 1.169 5381.4 4.5973 16.866266 1.994519 17.861074 15.866555 "" "" 886.805115 973.157288 3376.29604 2.9335 979.46 6.6903 3568.9 8.1944 "" "" 0.002912333507617877 0.007923732 0.004527509 0.012451241 334.23052148313 63.5588027484 932.780884 5.339999999999997 -1.7299999999999989 7.6494472885131835 0.6322367382049561 0.39863482 0.3936348 "" "" 33.936447325338214 "" 13.527105502023243 ""
335.42949355978 63.42407536655 0.0441 0.0445 22.9603 "" "" 2205447087817575936 772.85498 1.2619 0.049 -2.217 -4.049 0.057 0.058 0.948 4460.5 4.3782 16.86762 1.892318 17.802876 15.910558 "" "" 742.126465 798.828491 3372.08684 3.8394 1033.4 11.565 3427.2 14.119 "" "" 0.003019930623403863 0.012466943 0.0058558113 0.018322755 335.42949355978 63.42407536655 772.85498 -2.2170000000000005 -4.049 0.09244728851318351 -1.6867632617950443 0.39163482 0.3926348 "" "" 6.18844859180934 "" 2.4297818211487274 ""
335.08876682261 62.75538633259 0.0443 0.043 31.3544 "" "" 2204996184975640192 1043.32532 0.9437 0.0493 -2.394 -1.707 0.055 0.051 0.978 5453.4 4.5973 16.868359 1.86577 17.782999 15.917229 "" "" 992.484375 1119.21082 3369.79326 2.495 1052.5 13.821 3406.2 13.446 "" "" 0.002870193988763288 0.0145278955 0.00571429 0.020242184 335.08876682261 62.75538633259 1043.32532 -2.394000000000002 -1.7070000000000003 -0.08455271148681653 0.655236738204956 0.38963482 0.3856348 "" "" 3.2672504343798847 "" 1.2601806485306237 ""
335.55441661022 63.80413805765 0.047 0.046 41.0051 "" "" 2206211798155002624 851.66333 1.1538 0.0517 7.207 -0.647 0.058 0.055 0.967 4604.2 4.6659 16.869373 1.660301 17.668236 16.007935 "" "" 816.872192 894.685242 3366.64418 2.1688 1169.8 11.338 3133.2 12.747 "" "" 0.0028427094505902293 0.010886848 0.005813357 0.016700204 335.55441661022 63.80413805765 851.66333 7.207000000000006 -0.6470000000000002 9.516447288513184 1.715236738204956 0.3926348 0.38963482 "" "" 39.03581551468535 "" 15.323148946250711 ""
334.04588844263 62.84824977828 0.0437 0.0469 29.286 "" "" 2205034289926295680 896.535339 1.0938 0.051 0.112 5.627 0.063 0.057 1.021 4960.3 4.671 16.87203 1.785619 17.744955 15.959336 "" "" 865.082581 939.017029 3358.41826 2.1139 1090.0 7.8312 3276.6 7.4379 "" "" 0.002838806574752783 0.008284557 0.0045119966 0.012796553 334.04588844263 62.84824977828 896.535339 0.11199999999999988 5.627 2.4214472885131837 7.989236738204956 0.3976348 0.39163482 "" "" 35.476034669070366 "" 13.911684382677459 ""
333.93116349859 63.64128086073 0.1044 0.0956 31.1555 "" "" 2205887888899401728 819.197693 1.2052 0.1104 -4.502 -4.542 0.129 0.117 2.353 "" "" 16.872683 1.875156 17.165277 15.290121 "" "" 748.627991 893.640686 3356.40207 4.3098 1859.1 32.234 6068.9 142.12 "" "" 0.003087948416161504 0.019030685 0.025704859 0.044735543 333.93116349859 63.64128086073 819.197693 -4.501999999999998 -4.542 -2.192552711486816 -2.1797632617950438 0.4636348 0.45163482 "" "" 12.0050911506476 "" 5.494841072096483 ""
334.50446156645 63.5252354892 0.045 0.0453 17.5336 "" "" 2205840884782628608 1030.88367 0.9389 0.0523 2.076 0.251 0.057 0.057 0.976 "" "" 16.872932 2.285201 18.080414 15.795213 "" "" 976.16217 1072.84753 3355.6277 2.5883 800.3 7.5302 3811.3 9.7681 "" "" 0.0028797798761210727 0.010590105 0.0046932893 0.015283395 334.50446156645 63.5252354892 1030.88367 2.076 0.25099999999999967 4.385447288513184 2.613236738204956 0.39163482 0.39163482 "" "" 24.945075600869977 "" 9.769360240023817 ""
334.50420400253 63.74333197809 0.0471 0.046 30.3474 "" "" 2205848340840706944 781.903748 1.2556 0.0531 -0.321 -3.015 0.062 0.055 1.101 4094.9 4.252 16.878326 1.89794 17.774876 15.876936 "" "" 750.881653 815.405701 3338.99858 2.298 1060.4 10.288 3535.0 12.466 "" "" 0.0028548470859921606 0.010897074 0.005379906 0.01627698 334.50420400253 63.74333197809 781.903748 -0.3210000000000002 -3.0149999999999983 1.9884472885131836 -0.6527632617950441 0.39663482 0.38963482 "" "" 7.756571623075311 "" 3.071286460649649 ""
335.70252382564 63.13765041565 0.0419 0.0398 28.4505 "" "" 2205381048400490112 823.021423 1.2007 0.0474 -10.088 -4.996 0.058 0.051 0.999 4324.8 4.4513 16.878534 1.848292 17.793589 15.945296 "" "" 789.135925 853.410645 3338.36155 1.9741 1042.3 10.999 3319.2 14.081 "" "" 0.002829134315472268 0.011792212 0.0059581045 0.017750315 335.70252382564 63.13765041565 823.021423 -10.088 -4.996 -7.778552711486816 -2.6337632617950444 0.3926348 0.3856348 "" "" 32.03735145565042 "" 12.55609809213938 ""
334.22058164172 63.24788376344 0.0426 0.0433 12.3499 "" "" 2205816008331934464 1074.31482 0.9099 0.0471 3.466 0.598 0.053 0.054 0.999 6055.0 4.4898 16.88002 1.819375 17.767067 15.947692 "" "" 1025.86035 1124.8562 3333.79212 2.1654 1068.0 6.5564 3311.9 9.8129 "" "" 0.002844138360148769 0.0072257193 0.004963114 0.012188833 334.22058164172 63.24788376344 1074.31482 3.466000000000001 0.5980000000000001 5.775447288513184 2.960236738204956 0.3876348 0.3886348 "" "" 33.04820429368525 "" 12.81751727395743 ""
333.5326169493 63.11090080875 0.0442 0.0428 32.0065 "" "" 2205805150654207616 816.082642 1.2055 0.0479 15.086 5.984 0.057 0.055 1.061 5105.9 4.6606 16.880579 1.784518 17.7403 15.955781 "" "" 790.657593 842.749207 3332.07948 2.2482 1094.7 13.416 3287.3 8.9537 "" "" 0.002851041087252865 0.0135955345 0.0047988575 0.018394392 333.5326169493 63.11090080875 816.082642 15.086000000000007 5.984 17.395447288513182 8.346236738204956 0.39163482 0.38963482 "" "" 74.63394535912403 "" 29.201378005463273 ""
334.12972346878 63.28307583479 0.0422 0.0425 14.9815 "" "" 2205819925342089984 835.157166 1.1582 0.0469 -4.835 -10.228 0.053 0.054 0.991 4732.1 4.6299 16.880844 1.749476 17.728048 15.978572 "" "" 808.351501 869.914673 3331.26697 2.1785 1107.1 7.9001 3219.1 8.9204 "" "" 0.0028453333786030753 0.008234752 0.004830715 0.013065467 334.12972346878 63.28307583479 835.157166 -4.834999999999996 -10.22799999999999 -2.5255527114868164 -7.865763261795044 0.3876348 0.3886348 "" "" 32.70345076039741 "" 12.70664626467351 ""
334.54787575379 63.12263917202 0.0429 0.0412 8.0587 "" "" 2205061571558851328 929.22876 1.0405 0.0471 -0.636 -3.292 0.057 0.05 0.955 4374.8 4.159 16.883951 2.1945 18.024946 15.830446 "" "" 888.731689 976.358276 3321.74325 5.1685 842.25 10.492 3689.6 16.767 "" "" 0.0032319860237931303 0.013809934 0.0062151602 0.020025095 334.54787575379 63.12263917202 929.22876 -0.636000000000001 -3.2919999999999985 1.6734472885131835 -0.9297632617950438 0.39163482 0.38463482 "" "" 8.432011554090396 "" 3.2884424371214718 ""
334.11370275014 63.22255517028 0.0453 0.0449 15.2923 "" "" 2205818413513614336 767.090332 1.2781 0.05 -4.565 -14.197 0.061 0.061 0.956 4521.3 4.6729 16.890184 1.645781 17.680452 16.034672 "" "" 741.497864 797.717773 3302.7294 2.0589 1156.7 8.5963 3057.0 10.346 "" "" 0.0028372351016571246 0.008537707 0.0052712304 0.013808938 334.11370275014 63.22255517028 767.090332 -4.565000000000003 -14.196999999999997 -2.255552711486817 -11.834763261795043 0.3956348 0.3956348 "" "" 43.80584716283268 "" 17.331117589670416 ""
334.55073972404 62.5523489154 0.0435 0.042 41.6143 "" "" 2204964608375434112 1076.64575 0.922 0.0497 0.343 1.998 0.055 0.052 1.013 4548.7 4.3968 16.890434 1.571152 17.60942 16.038269 "" "" 1006.01379 1136.95703 3301.96854 2.0393 1234.9 7.7543 3046.8 9.6353 "" "" 0.002835741417824473 0.007366511 0.0051061837 0.012472695 334.55073972404 62.5523489154 1076.64575 0.34299999999999997 1.998 2.6524472885131836 4.360236738204956 0.38963482 0.38663483 "" "" 26.045410266586014 "" 10.09122728706035 ""
334.18147627194 63.66184208487 0.0518 0.0497 28.4094 "" "" 2205893077226322816 883.194153 1.1058 0.0581 -13.397 -6.266 0.066 0.062 1.265 4846.5 4.4683 16.891392 2.068289 17.901775 15.833487 "" "" 844.247253 928.459473 3299.06093 2.8272 943.42 10.413 3679.3 12.142 "" "" 0.002908180947764546 0.012304343 0.005207856 0.017512199 334.18147627194 63.66184208487 883.194153 -13.396999999999986 -6.265999999999995 -11.087552711486817 -3.903763261795044 0.40063483 0.39663482 "" "" 49.209213440962856 "" 19.69331162428241 ""
333.58555826064 63.08738121033 0.0493 0.0486 31.0283 "" "" 2205793365263967616 1005.29358 0.9639 0.0536 -0.06 -0.865 0.064 0.065 1.083 4718.0 4.474 16.894287 1.780415 17.7561 15.975685 "" "" 952.03772 1056.63293 3290.27396 2.3114 1078.9 10.643 3227.6 9.2529 "" "" 0.0028589398660364804 0.011067904 0.0048961174 0.01596402 333.58555826064 63.08738121033 1005.29358 -0.05999999999999989 -0.8649999999999995 2.2494472885131835 1.497236738204956 0.39863482 0.3996348 "" "" 12.876094755403837 "" 5.136816226230844 ""
336.05961970308 63.00640724772 0.0457 0.0437 40.089 "" "" 2205369744046644736 869.965088 1.1205 0.0508 -1.331 -1.656 0.061 0.053 1.041 5051.0 4.1687 16.896715 2.787421 18.489134 15.701713 "" "" 827.973022 907.463318 3282.92279 5.6405 549.24 10.35 4154.1 21.691 "" "" 0.0033274096832235206 0.020649228 0.0068135387 0.027462767 336.05961970308 63.00640724772 869.965088 -1.3310000000000002 -1.6559999999999997 0.9784472885131836 0.7062367382049561 0.3956348 0.3876348 "" "" 4.975997523547279 "" 1.9551335862421715 ""
334.23435371904 63.56287234023 0.0477 0.0434 22.5615 "" "" 2205839029356706688 956.319702 1.0228 0.051 -11.801 -8.581 0.061 0.055 0.982 4992.1 4.474 16.898373 1.956357 17.877314 15.920957 "" "" 912.238831 994.319031 3277.91742 2.5517 964.92 9.1957 3394.5 11.082 "" "" 0.0028820375928796135 0.010716673 0.005181494 0.015898168 334.23435371904 63.56287234023 956.319702 -11.800999999999993 -8.581000000000001 -9.491552711486817 -6.2187632617950435 0.3956348 0.38963482 "" "" 51.43707872524453 "" 20.25809986588946 ""
335.12267861616 63.69702025314 0.0739 0.0717 29.7091 "" "" 2206208602699083392 863.924072 1.1229 0.0829 1.149 -8.454 0.084 0.083 1.17 7199.1 3.5852 16.899399 3.862523 19.351963 15.48944 "" "" 793.04248 932.467529 3274.81998 4.074 248.1 9.1167 5051.1 17.505 "" "" 0.0030685780440812974 0.039993983 0.0053330753 0.04532706 335.12267861616 63.69702025314 863.924072 1.1489999999999985 -8.453999999999995 3.4584472885131836 -6.091763261795045 0.4186348 0.41763481 "" "" 28.685596216554732 "" 11.987101983319485 ""
336.01377616647 63.58916131827 0.0463 0.0451 41.436 "" "" 2205444167240118912 959.79187 0.9952 0.0506 -0.705 -3.221 0.058 0.056 1.05 "" "" 16.901396 2.852321 18.533707 15.681386 "" "" 904.955811 1005.07916 3268.79791 3.5307 527.15 5.1805 4232.6 11.244 "" "" 0.0029945080995614826 0.011028715 0.004754242 0.015782958 336.01377616647 63.58916131827 959.79187 -0.7049999999999994 -3.221000000000001 1.6044472885131835 -0.858763261795044 0.3926348 0.3906348 "" "" 8.279089371667176 "" 3.246978703120111 ""
333.42111137743 63.37127136296 0.0455 0.0478 34.7244 "" "" 2205858751847133824 1042.18921 0.931 0.0515 -2.875 -4.804 0.055 0.054 0.999 5128.8 4.6776 16.90362 1.675646 17.702572 16.026926 "" "" 1001.68933 1090.86902 3262.11026 3.4553 1133.4 9.6128 3078.8 9.7242 "" "" 0.002985694593784217 0.009621971 0.0051032687 0.01472524 333.42111137743 63.37127136296 1042.18921 -2.8750000000000027 -4.804000000000005 -0.5655527114868164 -2.441763261795044 0.38963482 0.3886348 "" "" 12.381574483352654 "" 4.812541920355803 ""
