Clusters/Pismis_Moreno_1/Pismis_Moreno_1_stars_in_region.tsv
# %ECSV 1.0
# ---
# datatype:
# - name: RA_ICRS_1
#   unit: deg
#   datatype: float64
#   format: '{:15.11f}'
#   description: Right ascension (ICRS) at Ep=2016.0 (ra)
#   meta: !!omap
#   - {ucd: POS_EQ_RA_MAIN}
#   - {width: 15}
#   - {precision: '11'}
# - name: DE_ICRS_1
#   unit: deg
#   datatype: float64
#   format: '{:15.11f}'
#   description: Declination (ICRS) at Ep=2016.0 (dec)
#   meta: !!omap
#   - {ucd: POS_EQ_DEC_MAIN}
#   - {width: 15}
#   - {precision: '11'}
# - name: e_RA_ICRS
#   unit: mas
#   datatype: float64
#   format: '{:7.4f}'
#   description: Standard error of right ascension (ra_error)
#   meta: !!omap
#   - {ucd: ERROR}
#   - {width: 7}
#   - {precision: '4'}
# - name: e_DE_ICRS
#   unit: mas
#   datatype: float64
#   format: '{:7.4f}'
#   description: Standard error of declination (dec_error)
#   meta: !!omap
#   - {ucd: ERROR}
#   - {width: 7}
#   - {precision: '4'}
# - name: _r_1
#   unit: ''
#   datatype: float64
#   format: '{:7.4f}'
#   description: Distance from center (334.67771413000+63.24350465000)[ICRS], at Epoch=J2016.0
#   meta: !!omap
#   - {ucd: POS_ANG_DIST_GENERAL}
#   - {width: 7}
#   - {precision: '4'}
# - name: HIP
#   datatype: int32
#   description: '? HIP cross-id number, van Leeuwen, Cat. I/311 (hip_original_ext_source_id)'
#   meta: !!omap
#   - {ucd: ID_NUMBER}
#   - {width: 6}
#   - values: {'null': -2147483648}
# - name: TYC2
#   datatype: string
#   description: Tycho-2 cross-id name, Hog et al., Cat. I/259 (tyc2_original_ext_source_id)
#   meta: !!omap
#   - {ucd: ID_CROSSID}
#   - {_votable_string_dtype: char}
# - name: Source
#   datatype: int64
#   description: Source identifier, identical to the Gaia-EDR3 source_id (id)
#   meta: !!omap
#   - {ucd: ID_MAIN}
#   - {width: 19}
# - name: rgeo
#   unit: pc
#   datatype: float64
#   format: '{:15.8f}'
#   description: '? Median of the geometric distance posterior (r_med_geo)'
#   meta: !!omap
#   - {ucd: PHYS_DISTANCE_TRUE}
#   - {width: 15}
#   - {precision: '8'}
#   - values: {'null': .nan}
# - name: Plx
#   unit: mas
#   datatype: float64
#   format: '{:9.4f}'
#   description: '? Parallax (parallax)'
#   meta: !!omap
#   - {ucd: POS_PARLX_TRIG}
#   - {width: 9}
#   - {precision: '4'}
#   - values: {'null': .nan}
# - name: e_Plx
#   unit: mas
#   datatype: float32
#   format: '{:7.4f}'
#   description: '? Standard error of parallax (parallax_error)'
#   meta: !!omap
#   - {ucd: ERROR}
#   - {width: 7}
#   - {precision: '4'}
#   - values: {'null': .nan}
# - name: pmRA
#   unit: mas / yr
#   datatype: float64
#   format: '{:9.3f}'
#   description: '? Proper motion in right ascension direction, pmRA*cosDE (pmra)'
#   meta: !!omap
#   - {ucd: POS_EQ_PMRA}
#   - {width: 9}
#   - {precision: '3'}
#   - values: {'null': .nan}
# - name: pmDE
#   unit: mas / yr
#   datatype: float64
#   format: '{:9.3f}'
#   description: '? Proper motion in declination direction (pmdec)'
#   meta: !!omap
#   - {ucd: POS_EQ_PMDEC}
#   - {width: 9}
#   - {precision: '3'}
#   - values: {'null': .nan}
# - name: e_pmRA
#   unit: mas / yr
#   datatype: float32
#   format: '{:6.3f}'
#   description: '? Standard error of proper motion in right ascension direction (pmra_error)'
#   meta: !!omap
#   - {ucd: ERROR}
#   - {width: 6}
#   - {precision: '3'}
#   - values: {'null': .nan}
# - name: e_pmDE
[...]
#         value: !astropy.table.SerializedColumn {name: SkyCoord.dec}
#       distance: !astropy.table.SerializedColumn
#         __class__: astropy.coordinates.distances.Distance
#         unit: !astropy.units.Unit {unit: pc}
#         value: !astropy.table.SerializedColumn {name: SkyCoord.distance}
#       frame: icrs
#       obstime: !astropy.time.Time {format: jyear_str, in_subfmt: '*', jd1: 367701545.0, jd2: 0.0, out_subfmt: '*', precision: 3, scale: tt}
#       pm_dec: !astropy.table.SerializedColumn
#         __class__: astropy.units.quantity.Quantity
#         unit: !astropy.units.Unit {unit: mas / yr}
#         value: !astropy.table.SerializedColumn {name: SkyCoord.pm_dec}
#       pm_ra_cosdec: !astropy.table.SerializedColumn
#         __class__: astropy.units.quantity.Quantity
#         unit: !astropy.units.Unit {unit: mas / yr}
#         value: !astropy.table.SerializedColumn {name: SkyCoord.pm_ra_cosdec}
#       ra: !astropy.table.SerializedColumn
#         __class__: astropy.coordinates.angles.Longitude
#         unit: *id001
#         value: !astropy.table.SerializedColumn {name: SkyCoord.ra}
#         wrap_angle: !astropy.coordinates.Angle
#           unit: *id001
#           value: 360.0
#       representation_type: spherical
# schema: astropy-2.0
RA_ICRS_1 DE_ICRS_1 e_RA_ICRS e_DE_ICRS _r_1 HIP TYC2 Source rgeo Plx e_Plx pmRA pmDE e_pmRA e_pmDE RUWE Teff logg Gmag BP-RP BPmag RPmag RV e_RV b_rgeo B_rgeo FG e_FG FBP e_FBP FRP e_FRP RAVE5 RAVE6 e_Gmag e_BPmag e_RPmag e_BP-RP SkyCoord.ra SkyCoord.dec SkyCoord.distance SkyCoord.pm_ra_cosdec SkyCoord.pm_dec rmRA rmDE e_rmRA e_rmDE rRV e_rRV v_pec v_pec3d e_vpec e_vpec3d
[from data line 968]
333.44109191139 63.27401887881 0.0526 0.0519 33.4356 "" "" 2205810785651212544 893.875366 1.0958 0.0587 -2.568 -1.758 0.062 0.061 1.383 4501.4 4.3977 16.59607 1.603051 17.297775 15.694724 "" "" 848.822449 934.933594 4330.3089 4.2168 1645.5 10.329 4180.9 13.261 "" "" 0.002951206924586069 0.0073643266 0.0051130317 0.012477359 333.44109191139 63.27401887881 893.875366 -2.568 -1.7580000000000002 -0.25855271148681647 0.604236738204956 0.39663482 0.3956348 "" "" 2.784664152505139 "" 1.1021414721070775 ""
334.42828253161 63.59152633647 0.0388 0.0373 21.9289 "" "" 2205842224812395392 935.064758 1.0456 0.0442 -1.343 -4.001 0.047 0.046 1.019 5263.0 4.5816 16.59726 1.784574 17.462828 15.678254 "" "" 901.603088 972.694885 4325.56251 2.7227 1413.5 8.7624 4244.8 11.375 "" "" 0.0028388094338199985 0.0072859833 0.0047695828 0.012055567 334.42828253161 63.59152633647 935.064758 -1.3429999999999997 -4.001 0.9664472885131836 -1.6387632617950443 0.3816348 0.3806348 "" "" 8.43234261577425 "" 3.2118212048268893 ""
334.68251306891 63.46215586159 0.0362 0.0356 13.1197 "" "" 2205829232527992064 743.534973 1.3204 0.0409 -3.594 -2.889 0.047 0.044 1.034 4723.9 4.6279 16.598648 1.706344 17.423552 15.717208 "" "" 722.696716 767.005127 4320.03551 2.2879 1465.5 12.707 4095.2 10.533 "" "" 0.0028146800549907758 0.009818931 0.0046991566 0.014518088 334.68251306891 63.46215586159 743.534973 -3.594 -2.889 -1.2845527114868163 -0.5267632617950437 0.3816348 0.3786348 "" "" 4.89308944631654 "" 1.8652672030691124 ""
335.86150946205 62.86305928412 0.0439 0.0394 39.4587 "" "" 2205359814082274688 1063.04553 0.9082 0.0474 -4.706 -5.277 0.057 0.049 1.052 9635.4 4.3118 16.601625 2.531502 17.973764 15.442263 "" "" 1010.06976 1127.54321 4308.20402 2.7788 882.9 7.1394 5275.4 11.917 "" "" 0.002842923178324422 0.009212294 0.004505466 0.013717759 335.86150946205 62.86305928412 1063.04553 -4.706 -5.276999999999999 -2.396552711486817 -2.914763261795044 0.39163482 0.3836348 "" "" 19.014051958976182 "" 7.356185712344551 ""
335.44609806234 62.9233812782 0.0404 0.0395 28.3634 "" "" 2204999827108078336 812.454407 1.2055 0.0459 -12.786 -10.356 0.057 0.05 1.044 4713.1 4.6458 16.606197 1.568593 17.344608 15.776015 "" "" 781.558411 843.311096 4290.10744 2.4594 1576.1 10.636 3879.3 7.8433 "" "" 0.002824747633959757 0.007840163 0.0043706447 0.012210808 335.44609806234 62.9233812782 812.454407 -12.786000000000001 -10.356 -10.476552711486816 -7.993763261795044 0.39163482 0.38463482 "" "" 50.74873811832291 "" 19.744999856264894 ""
334.16140825447 63.37979919934 0.0398 0.0398 16.1387 "" "" 2205833703597307776 1005.72253 0.976 0.0448 -0.822 2.021 0.053 0.052 1.059 "" "" 16.60765 2.02195 17.625761 15.603811 "" "" 952.523621 1048.62854 4284.36821 2.7136 1216.5 6.8813 4546.0 9.307 "" "" 0.0028398391701247323 0.0067457026 0.0043845936 0.011130296 334.16140825447 63.37979919934 1005.72253 -0.8219999999999998 2.021 1.4874472885131835 4.383236738204956 0.3876348 0.38663483 "" "" 22.065796531210466 "" 8.533686673957718 ""
333.55747366258 63.14184428487 0.0358 0.0374 30.9203 "" "" 2205805494251584640 964.299011 1.0101 0.0396 -3.835 -4.29 0.045 0.044 0.93 4761.3 4.3659 16.610344 1.647619 17.391222 15.743603 "" "" 926.855286 1004.56201 4273.74761 2.1908 1509.8 9.2672 3996.8 9.014 "" "" 0.002810970865604236 0.0072247987 0.004503297 0.011728096 333.55747366258 63.14184428487 964.299011 -3.835000000000001 -4.290000000000005 -1.5255527114868164 -1.927763261795044 0.3796348 0.3786348 "" "" 11.236661088433399 "" 4.258921599041515 ""
333.63213995998 62.91823409569 0.0387 0.0392 34.4602 "" "" 2205781923470923776 906.217041 1.058 0.0422 -3.892 -3.699 0.054 0.048 1.011 "" "" 16.612726 2.517999 17.9885 15.470502 "" "" 873.86676 941.044739 4264.38434 4.5272 871.0 8.2576 5139.9 16.099 "" "" 0.0029867026673385975 0.01066488 0.005084142 0.015749022 333.63213995998 62.91823409569 906.217041 -3.892000000000001 -3.699 -1.5825527114868163 -1.3367632617950438 0.3886348 0.38263482 "" "" 8.898371338078597 "" 3.4360860312005514 ""
333.73653064781 63.74078156527 0.0367 0.0345 39.0565 "" "" 2205902766672401920 1093.44946 0.8858 0.0416 4.502 2.572 0.053 0.042 0.938 4934.8 4.3619 16.61604 1.647181 17.395374 15.748194 "" "" 1047.80359 1149.85425 4251.39384 2.1357 1504.1 8.0793 3980.0 5.7598 "" "" 0.002808785380041733 0.0064651268 0.0040929927 0.010558119 333.73653064781 63.74078156527 1093.44946 4.501999999999998 2.572000000000002 6.811447288513183 4.934236738204956 0.3876348 0.3766348 "" "" 43.593052181827375 "" 16.734702832648537 ""
334.34388458263 63.22906446998 0.0386 0.0364 9.0612 "" "" 2205816420648812288 850.791748 1.1513 0.0421 6.889 -27.632 0.048 0.042 1.01 4687.3 4.4119 16.61847 1.623703 17.373964 15.750261 "" "" 823.540588 876.24353 4241.88846 2.1008 1534.0 7.8791 3972.4 18.581 "" "" 0.0028072982838669735 0.0062357346 0.00633052 0.0125662545 334.34388458263 63.22906446998 850.791748 6.888999999999995 -27.632000000000016 9.198447288513183 -25.269763261795045 0.38263482 0.3766348 "" "" 108.44824352507648 "" 40.92204872071168 ""
333.85216546312 63.23435134943 0.0408 0.0422 22.3098 "" "" 2205807830708068480 1099.65503 0.8988 0.0447 -3.312 -3.05 0.05 0.054 1.106 4737.4 4.3762 16.619083 1.63204 17.350965 15.718925 "" "" 1046.83276 1159.64233 4239.48511 3.8975 1566.9 6.7319 4088.7 14.331 "" "" 0.0029305459644187776 0.005435455 0.005363377 0.010798832 333.85216546312 63.23435134943 1099.65503 -3.311999999999999 -3.05 -1.0025527114868162 -0.6877632617950438 0.38463482 0.3886348 "" "" 6.3371087246371385 "" 2.445613016171202 ""
335.20499442251 62.99996727128 0.0381 0.0363 20.4471 "" "" 2205003984636401920 823.520691 1.1969 0.0421 0.357 -6.248 0.055 0.045 0.941 4601.6 4.5571 16.619848 1.659112 17.406408 15.747296 "" "" 799.081421 854.511963 4236.50209 2.4727 1488.9 8.8812 3983.3 10.763 "" "" 0.002827255499933553 0.007051821 0.0047843787 0.011836199 335.20499442251 62.99996727128 823.520691 0.3570000000000002 -6.248 2.666447288513184 -3.885763261795044 0.38963482 0.3796348 "" "" 18.395784362441862 "" 7.043094498609887 ""
334.11907928591 62.86490383774 0.0437 0.048 27.3258 "" "" 2205033705810746624 796.391785 1.2263 0.0511 -1.044 -2.57 0.061 0.056 1.087 6109.6 4.4163 16.622276 2.198891 17.760372 15.561481 "" "" 761.038574 831.280273 4227.03793 14.954 1074.7 21.847 4726.8 54.227 "" "" 0.004727066215904092 0.02224701 0.0130165825 0.035263594 334.11907928591 62.86490383774 796.391785 -1.0439999999999998 -2.57 1.2654472885131836 -0.20776326179504379 0.3956348 0.3906348 "" "" 4.840887741092683 "" 1.9145922450016752 ""
333.53614857557 63.60192684489 0.0389 0.0384 37.4366 "" "" 2205866482788173824 1030.99487 0.9496 0.0444 -0.799 7.353 0.048 0.047 0.984 5217.1 4.5297 16.625004 1.680681 17.429874 15.749193 "" "" 989.815674 1074.94263 4216.43382 2.5257 1457.0 8.106 3976.3 8.5889 "" "" 0.0028310371139258898 0.0066537526 0.004447894 0.011101646 333.53614857557 63.60192684489 1030.99487 -0.7990000000000002 7.353 1.5104472885131837 9.715236738204956 0.38263482 0.3816348 "" "" 48.04791937754422 "" 18.33789363222466 ""
335.06094852522 62.82733625957 0.0391 0.0346 27.0594 "" "" 2205000342497770368 1041.3667 0.9374 0.0411 0.556 -2.332 0.049 0.041 0.94 4828.6 4.4443 16.625032 1.809403 17.427935 15.618531 "" "" 998.346008 1079.28564 4216.32331 2.1506 1459.6 11.041 4484.8 77.122 "" "" 0.0028104234018976985 0.008673956 0.019049332 0.027723286 335.06094852522 62.82733625957 1041.3667 0.5560000000000004 -2.3320000000000003 2.8654472885131836 0.030236738204956204 0.3836348 0.37563482 "" "" 14.14485921359721 "" 5.4264478484504295 ""
333.29970495066 63.45398679791 0.0409 0.0421 39.1774 "" "" 2205863111232658560 1010.51819 0.9723 0.0456 4.29 4.05 0.048 0.05 0.974 4633.5 4.4441 16.625267 1.605566 17.379814 15.774248 "" "" 975.609375 1056.83337 4215.41138 2.3061 1525.8 8.23 3885.6 9.5636 "" "" 0.0028186142780910308 0.0064870487 0.0046287137 0.011115762 333.29970495066 63.45398679791 1010.51819 4.29 4.05 6.599447288513184 6.412236738204956 0.38263482 0.38463482 "" "" 44.074351915490574 "" 16.90724547623764 ""
334.04749983015 62.67206443929 0.0904 0.0955 38.3546 "" "" 2205018415727023872 870.283142 1.1391 0.0995 -1.962 0.674 0.114 0.12 2.638 5252.5 4.758 16.626326 1.512867 17.115938 15.603071 "" "" 803.305664 952.155334 4211.30677 6.9625 1945.5 33.892 4549.1 63.539 "" "" 0.003288454948360602 0.019118989 0.01562874 0.034747727 334.04749983015 62.67206443929 870.283142 -1.9620000000000004 0.6740000000000009 0.3474472885131836 3.036236738204956 0.4486348 0.45463482 "" "" 12.60664828626112 "" 5.73044988065974 ""
335.71305464349 62.8894388867 0.043 0.0396 35.2561 "" "" 2205361703867853824 835.616821 1.1767 0.0457 2.016 0.992 0.056 0.049 1.032 4770.1 4.5444 16.627123 1.57686 17.3768 15.79994 "" "" 807.397705 869.764221 4208.21161 2.4189 1530.0 9.1476 3794.7 11.244 "" "" 0.0028251147086319327 0.007065667 0.0049632257 0.0120288925 335.71305464349 62.8894388867 835.616821 2.016 0.9920000000000011 4.325447288513184 3.354236738204956 0.3906348 0.3836348 "" "" 21.68000145797403 "" 8.412294360416197 ""
334.48910188571 63.38623995106 0.0709 0.0698 9.9585 "" "" 2205827140887304192 974.301697 0.9959 0.0785 -0.108 -0.609 0.088 0.082 1.914 "" "" 16.629883 1.928074 17.540455 15.612381 "" "" 913.652222 1042.93005 4197.52463 6.0701 1315.9 10.283 4510.3 10.838 "" "" 0.0031712771328972584 0.008931413 0.0045924303 0.013523843 334.48910188571 63.38623995106 974.301697 -0.10800000000000004 -0.6089999999999997 2.2014472885131835 1.753236738204956 0.4226348 0.4166348 "" "" 12.996910485570941 "" 5.462814252193597 ""
334.12236446986 63.15350629237 0.0409 0.0394 15.9653 "" "" 2205815080619009408 1068.96362 0.9183 0.0457 4.735 1.959 0.056 0.05 1.095 5593.5 4.5577 16.630548 1.791313 17.46549 15.674177 "" "" 1020.03815 1113.63965 4194.9527 2.9566 1410.0 7.723 4260.8 15.638 "" "" 0.0028596084482794526 0.006568924 0.0054920786 0.012061003 334.12236446986 63.15350629237 1068.96362 4.735000000000001 1.959000000000001 7.044447288513184 4.321236738204956 0.3906348 0.38463482 "" "" 41.87387115292431 "" 16.28908451039695 ""
334.89431529728 62.87067091349 0.0422 0.0363 23.132 "" "" 2204995768354466816 767.851318 1.2637 0.0429 7.892 0.012 0.052 0.044 0.962 4529.0 4.5475 16.638992 1.538878 17.349312 15.810433 "" "" 747.120667 799.481201 4162.45633 2.365 1569.3 14.385 3758.2 9.0944 "" "" 0.0028235331056184576 0.010336124 0.0046029026 0.014939027 334.89431529728 62.87067091349 767.851318 7.892 0.012000000000000236 10.201447288513183 2.374236738204956 0.38663483 0.3786348 "" "" 38.12165167881007 "" 14.723641811761327 ""
335.73222506665 62.94858622803 0.04 0.0382 33.6562 "" "" 2205362940818420096 1014.46234 0.9506 0.0441 -3.946 -0.989 0.055 0.048 1.034 "" "" 16.645668 2.425076 17.94502 15.519944 "" "" 973.14502 1062.27966 4136.94411 2.5939 906.58 9.9409 4911.1 12.462 "" "" 0.0028381740286765036 0.01222798 0.004676982 0.016904961 335.73222506665 62.94858622803 1014.46234 -3.9460000000000015 -0.9890000000000001 -1.6365527114868166 1.3732367382049562 0.38963482 0.38263482 "" "" 10.272853185175746 "" 3.9731074493921588 ""
336.13367928806 63.108032289 0.0424 0.042 40.249 "" "" 2205371393314063744 1028.24548 0.9347 0.0472 7.825 5.138 0.056 0.048 1.082 8572.5 4.2801 16.646975 2.462254 17.983782 15.521528 "" "" 988.896912 1082.66077 4131.96743 2.4648 874.79 7.048 4904.0 12.458 "" "" 0.002830416359439131 0.0091817565 0.0046788105 0.013860567 336.13367928806 63.108032289 1028.24548 7.824999999999999 5.138 10.134447288513183 7.500236738204956 0.3906348 0.38263482 "" "" 61.44971323617184 "" 23.8315879963749 ""
333.75287813856 63.27547906828 0.0392 0.0404 25.0412 "" "" 2205808586628020480 842.687988 1.1632 0.0425 -1.378 -1.824 0.047 0.051 1.005 4794.8 4.6558 16.647903 1.598697 17.404919 15.806222 "" "" 813.991882 871.925659 4128.43779 2.5788 1490.9 8.8225 3772.9 8.7137 "" "" 0.0028375590338649186 0.0070046117 0.0045355917 0.011540203 333.75287813856 63.27547906828 842.687988 -1.3779999999999992 -1.8239999999999998 0.9314472885131837 0.538236738204956 0.3816348 0.3856348 "" "" 4.297014089550877 "" 1.6442095801022998 ""
334.75386806017 63.26152536662 0.0414 0.0375 2.3234 "" "" 2205071432803971840 946.380676 1.029 0.0422 -2.687 -2.131 0.051 0.046 1.0 4536.2 4.2587 16.647928 1.98599 17.637589 15.651599 "" "" 905.174866 981.408142 4128.34348 5.4833 1203.3 10.502 4350.3 21.089 "" "" 0.0031098866738466205 0.009878184 0.006479694 0.016357878 334.75386806017 63.26152536662 946.380676 -2.6869999999999985 -2.1309999999999993 -0.37755271148681624 0.23123673820495627 0.3856348 0.3806348 "" "" 1.986051461643329 "" 0.7631945668288691 ""
335.94319959638 63.17219759997 0.0394 0.037 34.4913 "" "" 2205384243856173184 762.429688 1.2892 0.0429 -0.534 6.356 0.057 0.045 0.96 4662.5 4.6476 16.648916 1.660197 17.44697 15.786773 "" "" 733.628296 787.932617 4124.58687 2.1969 1434.3 10.404 3841.0 10.459 "" "" 0.0028153546347304006 0.008355263 0.004798365 0.0131536275 335.94319959638 63.17219759997 762.429688 -0.5340000000000003 6.355999999999997 1.7754472885131836 8.718236738204956 0.39163482 0.3796348 "" "" 32.1536783256476 "" 12.222252703760592 ""
333.97449536104 63.34400331877 0.0385 0.0388 19.8978 "" "" 2205831951250492416 1081.07275 0.8997 0.0434 -7.254 -5.802 0.049 0.049 1.016 5195.8 4.4902 16.651669 1.656807 17.433733 15.776926 "" "" 1032.30029 1133.297 4114.13987 2.4515 1451.9 5.2388 3876.0 10.827 "" "" 0.00283025547956034 0.0048096348 0.0048458036 0.009655438 333.97449536104 63.34400331877 1081.07275 -7.254 -5.802 -4.944552711486816 -3.4397632617950435 0.3836348 0.3836348 "" "" 30.865287723635127 "" 11.8409986580931 ""
335.25926821966 63.67485412611 0.0384 0.0377 30.2143 "" "" 2206204685688913408 754.962219 1.3025 0.043 4.027 1.254 0.045 0.045 0.958 4620.7 4.5698 16.655045 1.716435 17.485718 15.769283 "" "" 727.075317 780.868469 4101.36692 2.4936 1384.0 9.3557 3903.4 12.453 "" "" 0.0028332925912621203 0.00785193 0.0051265755 0.012978505 335.25926821966 63.67485412611 754.962219 4.026999999999998 1.253999999999999 6.336447288513184 3.616236738204956 0.3796348 0.3796348 "" "" 26.107936189136982 "" 9.911481070214158 ""
333.70759168431 63.42932150342 0.0404 0.039 28.4001 "" "" 2205813774948432000 736.097534 1.3337 0.0439 -20.936 -11.693 0.05 0.048 1.037 4454.8 4.4443 16.65563 1.706919 17.470287 15.763369 "" "" 713.367859 756.554565 4099.15551 2.6029 1403.8 8.3155 3924.7 8.1896 "" "" 0.002840263551098055 0.007010586 0.004406428 0.0114170145 333.70759168431 63.42932150342 736.097534 -20.935999999999996 -11.693000000000005 -18.626552711486816 -9.330763261795044 0.38463482 0.38263482 "" "" 72.68827751818499 "" 27.929340667210322 ""
335.25762837815 62.75397625861 0.0399 0.0366 33.3501 "" "" 2204984674463323264 1061.90125 0.931 0.043 -0.613 -1.285 0.048 0.045 1.03 "" "" 16.655935 1.864102 17.573713 15.709611 "" "" 1015.17786 1107.96167 4098.00873 2.3486 1276.2 8.1667 4124.0 9.9814 "" "" 0.0028247082257964215 0.0074871937 0.004603174 0.012090368 335.25762837815 62.75397625861 1061.90125 -0.6129999999999998 -1.2850000000000001 1.6964472885131836 1.0772367382049561 0.38263482 0.3796348 "" "" 10.114994613957027 "" 3.861653757042061 ""
334.01824854104 63.08736625713 0.0398 0.0427 20.1692 "" "" 2205790582125221632 1012.87982 0.9608 0.0449 6.28 7.235 0.051 0.053 1.002 5114.1 4.6158 16.659159 1.627908 17.433327 15.805419 "" "" 972.137878 1059.81873 4085.85878 2.5247 1452.4 9.6294 3775.6 8.017 "" "" 0.002835821142553477 0.007720255 0.004427041 0.012147296 334.01824854104 63.08736625713 1012.87982 6.280000000000001 7.234999999999998 8.589447288513185 9.597236738204955 0.3856348 0.3876348 "" "" 61.83588045657758 "" 23.91481509941496 ""
