Clusters/Pismis_Moreno_1/Pismis_Moreno_1_stars_in_region.tsv
# %ECSV 1.0
# ---
# datatype:
# - name: RA_ICRS_1
#   unit: deg
#   datatype: float64
#   format: '{:15.11f}'
#   description: Right ascension (ICRS) at Ep=2016.0 (ra)
#   meta: !!omap
#   - {ucd: POS_EQ_RA_MAIN}
#   - {width: 15}
#   - {precision: '11'}
# - name: DE_ICRS_1
#   unit: deg
#   datatype: float64
#   format: '{:15.11f}'
#   description: Declination (ICRS) at Ep=2016.0 (dec)
#   meta: !!omap
#   - {ucd: POS_EQ_DEC_MAIN}
#   - {width: 15}
#   - {precision: '11'}
# - name: e_RA_ICRS
#   unit: mas
#   datatype: float64
#   format: '{:7.4f}'
#   description: Standard error of right ascension (ra_error)
#   meta: !!omap
#   - {ucd: ERROR}
#   - {width: 7}
#   - {precision: '4'}
# - name: e_DE_ICRS
#   unit: mas
#   datatype: float64
#   format: '{:7.4f}'
#   description: Standard error of declination (dec_error)
#   meta: !!omap
#   - {ucd: ERROR}
#   - {width: 7}
#   - {precision: '4'}
# - name: _r_1
#   unit: ''
#   datatype: float64
#   format: '{:7.4f}'
#   description: Distance from center (334.67771413000+63.24350465000)[ICRS], at Epoch=J2016.0
#   meta: !!omap
#   - {ucd: POS_ANG_DIST_GENERAL}
#   - {width: 7}
#   - {precision: '4'}
# - name: HIP
#   datatype: int32
#   description: '? HIP cross-id number, van Leeuwen, Cat. I/311 (hip_original_ext_source_id)'
#   meta: !!omap
#   - {ucd: ID_NUMBER}
#   - {width: 6}
#   - values: {'null': -2147483648}
# - name: TYC2
#   datatype: string
#   description: Tycho-2 cross-id name, Hog et al., Cat. I/259 (tyc2_original_ext_source_id)
#   meta: !!omap
#   - {ucd: ID_CROSSID}
#   - {_votable_string_dtype: char}
# - name: Source
#   datatype: int64
#   description: Source identifier, identical to the Gaia-EDR3 source_id (id)
#   meta: !!omap
#   - {ucd: ID_MAIN}
#   - {width: 19}
# - name: rgeo
#   unit: pc
#   datatype: float64
#   format: '{:15.8f}'
#   description: '? Median of the geometric distance posterior (r_med_geo)'
#   meta: !!omap
#   - {ucd: PHYS_DISTANCE_TRUE}
#   - {width: 15}
#   - {precision: '8'}
#   - values: {'null': .nan}
# - name: Plx
#   unit: mas
#   datatype: float64
#   format: '{:9.4f}'
#   description: '? Parallax (parallax)'
#   meta: !!omap
#   - {ucd: POS_PARLX_TRIG}
#   - {width: 9}
#   - {precision: '4'}
#   - values: {'null': .nan}
# - name: e_Plx
#   unit: mas
#   datatype: float32
#   format: '{:7.4f}'
#   description: '? Standard error of parallax (parallax_error)'
#   meta: !!omap
#   - {ucd: ERROR}
#   - {width: 7}
#   - {precision: '4'}
#   - values: {'null': .nan}
# - name: pmRA
#   unit: mas / yr
#   datatype: float64
#   format: '{:9.3f}'
#   description: '? Proper motion in right ascension direction, pmRA*cosDE (pmra)'
#   meta: !!omap
#   - {ucd: POS_EQ_PMRA}
#   - {width: 9}
#   - {precision: '3'}
#   - values: {'null': .nan}
# - name: pmDE
#   unit: mas / yr
#   datatype: float64
#   format: '{:9.3f}'
#   description: '? Proper motion in declination direction (pmdec)'
#   meta: !!omap
#   - {ucd: POS_EQ_PMDEC}
#   - {width: 9}
#   - {precision: '3'}
#   - values: {'null': .nan}
# - name: e_pmRA
#   unit: mas / yr
#   datatype: float32
#   format: '{:6.3f}'
#   description: '? Standard error of proper motion in right ascension direction (pmra_error)'
#   meta: !!omap
#   - {ucd: ERROR}
#   - {width: 6}
#   - {precision: '3'}
#   - values: {'null': .nan}
# - name: e_pmDE
[...]
#         unit: &id001 !astropy.units.Unit {unit: deg}
#         value: !astropy.table.SerializedColumn {name: SkyCoord.dec}
#       distance: !astropy.table.SerializedColumn
#         __class__: astropy.coordinates.distances.Distance
#         unit: !astropy.units.Unit {unit: pc}
#         value: !astropy.table.SerializedColumn {name: SkyCoord.distance}
#       frame: icrs
#       obstime: !astropy.time.Time {format: jyear_str, in_subfmt: '*', jd1: 367701545.0, jd2: 0.0, out_subfmt: '*', precision: 3, scale: tt}
#       pm_dec: !astropy.table.SerializedColumn
#         __class__: astropy.units.quantity.Quantity
#         unit: !astropy.units.Unit {unit: mas / yr}
#         value: !astropy.table.SerializedColumn {name: SkyCoord.pm_dec}
#       pm_ra_cosdec: !astropy.table.SerializedColumn
#         __class__: astropy.units.quantity.Quantity
#         unit: !astropy.units.Unit {unit: mas / yr}
#         value: !astropy.table.SerializedColumn {name: SkyCoord.pm_ra_cosdec}
#       ra: !astropy.table.SerializedColumn
#         __class__: astropy.coordinates.angles.Longitude
#         unit: *id001
#         value: !astropy.table.SerializedColumn {name: SkyCoord.ra}
#         wrap_angle: !astropy.coordinates.Angle
#           unit: *id001
#           value: 360.0
#       representation_type: spherical
# schema: astropy-2.0
RA_ICRS_1 DE_ICRS_1 e_RA_ICRS e_DE_ICRS _r_1 HIP TYC2 Source rgeo Plx e_Plx pmRA pmDE e_pmRA e_pmDE RUWE Teff logg Gmag BP-RP BPmag RPmag RV e_RV b_rgeo B_rgeo FG e_FG FBP e_FBP FRP e_FRP RAVE5 RAVE6 e_Gmag e_BPmag e_RPmag e_BP-RP SkyCoord.ra SkyCoord.dec SkyCoord.distance SkyCoord.pm_ra_cosdec SkyCoord.pm_dec
[from data line 79]
333.77171675395 63.68371406113 0.181 0.1833 35.8803 "" "" 2205890461590966016 781.427856 1.3467 0.2126 -8.661 -0.385 0.235 0.237 17.274 6026.3 4.0493 12.540463 1.112255 13.002213 11.889958 -42.97 0.53 672.134766 923.600647 181452.00265 69.43 86007.0 39.225 139050.0 45.082 "" "" 0.0027864638696365037 0.002833768 0.0037957397 0.006629508 333.77171675395 63.68371406113 781.427856 -8.661 -0.38500000000000023
334.00217174923 62.81008411858 0.0194 0.0214 31.8471 "" 4267-1127-1 2205031953463829632 781.897156 1.2606 0.0222 -4.388 -3.763 0.03 0.027 2.026 8220.2 4.1813 12.556287 0.672814 12.812648 12.139833 "" "" 766.384888 793.499756 178826.49546 29.219 102410.0 51.304 110470.0 51.106 "" "" 0.0027610253111659136 0.0028426915 0.0038126132 0.0066553047 334.00217174923 62.81008411858 781.897156 -4.388000000000001 -3.7630000000000003
333.9127385093 63.28649044528 0.0094 0.0098 20.8085 "" "" 2205831710732328192 1022.48645 0.9598 0.0108 -3.742 -2.089 0.012 0.012 1.073 "" "" 12.569333 0.938538 12.947722 12.009185 -34.99 21.95 1011.26184 1036.47131 176690.57391 26.876 90433.0 69.792 124590.0 40.232 "" "" 0.002760265122408641 0.0029132732 0.003795609 0.0067088823 333.9127385093 63.28649044528 1022.48645 -3.7420000000000004 -2.0889999999999995
334.58353158752 63.00726323532 0.0138 0.0131 14.4028 "" "" 2205047965102511232 960.233398 1.0297 0.0151 -2.463 -2.728 0.021 0.016 1.474 7965.6 3.7576 12.58845 1.17962 13.089861 11.910241 -26.4 8.2 947.104309 973.519409 173606.7327 61.408 79336.0 84.981 136480.0 144.83 "" "" 0.0027819562134961313 0.0030228451 0.003951102 0.0069739474 334.58353158752 63.00726323532 960.233398 -2.463 -2.728
335.2292473096 63.87820190643 0.0093 0.0102 40.8325 "" "" 2206222484033598592 856.96051 1.1563 0.0111 -4.768 -4.098 0.012 0.013 1.128 "" "" 12.594443 1.001344 13.003293 12.001949 -38.57 16.54 849.046326 866.363037 172651.15092 29.613 85921.0 48.089 125420.0 56.863 "" "" 0.0027616062419147666 0.0028555763 0.0038113042 0.0066668806 335.2292473096 63.87820190643 856.96051 -4.768000000000001 -4.098
334.47455163648 63.091861447 0.0097 0.0101 10.6329 "" "" 2205061056162774912 905.90332 1.086 0.0116 -2.623 -2.451 0.014 0.012 1.056 "" "" 12.608067 0.911594 12.970165 12.058571 -37.04 37.18 897.019775 914.828491 170498.33791 27.974 88583.0 47.726 119050.0 34.184 "" "" 0.002761072775103326 0.0028508299 0.0037922184 0.0066430485 334.47455163648 63.091861447 905.90332 -2.623 -2.451
334.69519292324 63.68715076107 0.1062 0.102 26.6229 "" "" 2205844389475922432 884.570679 1.1468 0.1185 -4.095 -5.285 0.132 0.122 12.215 6323.6 4.1719 12.614219 1.005557 13.020734 12.015177 -0.08 1.18 798.125977 993.56958 169535.00025 56.105 84552.0 46.035 123900.0 57.435 "" "" 0.002778649205369509 0.002852103 0.0038127473 0.0066648503 334.69519292324 63.68715076107 884.570679 -4.094999999999999 -5.285
335.26697291785 63.11820997495 0.0118 0.012 17.6342 "" "" 2205052599361610624 874.717224 1.1355 0.0144 6.443 0.023 0.018 0.014 1.279 "" "" 12.625347 1.363056 13.223529 11.860473 -16.64 3.42 861.385742 884.143311 167806.22481 68.686 70146.0 123.57 142880.0 147.74 "" "" 0.0027909299879354216 0.003382789 0.003942602 0.007325391 335.26697291785 63.11820997495 874.717224 6.4430000000000005 0.02300000000000005
335.78835843933 63.43629188322 0.0083 0.0085 32.0595 "" "" 2205440520807777664 857.1297 1.1499 0.0094 -6.348 -3.053 0.011 0.01 0.977 9003.4 4.1613 12.650541 0.849428 12.988634 12.139206 -19.18 9.61 849.216614 865.309448 163957.09989 29.04 87089.0 47.092 110530.0 39.572 "" "" 0.0027620229252239108 0.0028512678 0.0037993193 0.006650587 335.78835843933 63.43629188322 857.1297 -6.348 -3.053
334.74554765693 63.31098761823 0.0099 0.0098 4.4434 "" "" 2205072635394806400 905.69812 1.0918 0.0113 -1.849 -1.872 0.013 0.011 1.034 "" "" 12.655898 0.835083 12.982992 12.147909 "" "" 896.079529 914.114929 163150.15259 26.592 87543.0 51.053 109650.0 40.719 "" "" 0.0027609972974770715 0.0028611117 0.0038008278 0.0066619394 334.74554765693 63.31098761823 905.69812 -1.8490000000000002 -1.8719999999999999
333.41585048838 63.49730717876 0.0104 0.0095 37.1949 "" "" 2205864764801280896 948.466553 1.0453 0.0108 0.264 -2.589 0.013 0.012 0.961 6891.7 3.5444 12.655953 1.307284 13.231161 11.923877 -8.69 3.29 938.665222 958.165771 163141.90132 24.665 69655.0 53.926 134770.0 32.784 "" "" 0.0027602055192012015 0.0029140338 0.003788599 0.0067026326 333.41585048838 63.49730717876 948.466553 0.2640000000000001 -2.5890000000000004
336.01908928864 63.34764857779 0.0123 0.0122 36.703 "" "" 2205389397816898048 902.063965 1.1034 0.0139 -0.844 -3.74 0.016 0.014 1.407 "" "" 12.67307 1.737694 13.49816 11.760467 "" "" 891.466248 911.893433 160590.10063 47.153 54469.0 70.918 156660.0 97.793 "" "" 0.0027737017193119598 0.003127836 0.003839672 0.0069675082 336.01908928864 63.34764857779 902.063965 -0.8440000000000003 -3.74
334.44520718109 63.10037585697 0.01 0.0107 10.6484 "" "" 2205064011100268672 904.304382 1.0907 0.0119 -0.391 -2.217 0.014 0.013 1.075 "" "" 12.688824 0.909363 13.053758 12.144395 -53.21 26.35 891.805725 912.754456 158276.8537 25.75 82019.0 42.607 110000.0 41.878 "" "" 0.0027609763466221178 0.0028466051 0.0038019186 0.0066485237 334.44520718109 63.10037585697 904.304382 -0.3909999999999999 -2.2170000000000005
334.55721137574 63.25505709328 0.0092 0.0091 3.3274 "" "" 2205072016919511808 899.722778 1.0911 0.0103 -2.555 -2.441 0.012 0.011 0.939 "" "" 12.698505 0.783326 13.002372 12.219046 "" "" 891.044006 909.428711 156871.75232 24.125 85994.0 51.615 102690.0 38.914 "" "" 0.002760374877833075 0.0028652628 0.0038017111 0.006666974 334.55721137574 63.25505709328 899.722778 -2.5550000000000006 -2.4410000000000003
334.17731567292 63.3141285146 0.0093 0.0096 14.1496 "" "" 2205820062781041664 869.417542 1.1342 0.0105 -0.536 0.785 0.012 0.012 1.019 "" "" 12.709092 0.968602 13.104194 12.135592 -5.59 9.56 862.011292 878.010254 155349.56631 39.648 78296.0 86.556 110900.0 86.614 "" "" 0.002769218925111714 0.0030373863 0.0038733424 0.0069107288 334.17731567292 63.3141285146 869.417542 -0.536 0.7850000000000001
334.82422895559 62.79787383743 0.0107 0.0096 27.0336 "" "" 2204995252958284544 764.163208 1.2926 0.0114 -1.449 -2.893 0.013 0.012 1.1 7989.3 4.2296 12.751984 0.716375 13.028978 12.312603 "" "" 755.54541 770.93158 149332.10767 33.961 83912.0 63.408 94214.0 50.576 "" "" 0.0027663617929758045 0.002908292 0.00382406 0.006732352 334.82422895559 62.79787383743 764.163208 -1.4489999999999998 -2.893
334.51789055935 63.86109790564 0.0115 0.0117 37.3009 "" "" 2205896959876737152 806.68866 1.229 0.0133 -2.068 1.785 0.016 0.014 1.212 "" "" 12.779613 1.167097 13.278003 12.110906 -36.87 1.02 798.59552 815.528137 145579.93417 22.997 66714.0 37.148 113450.0 26.86 "" "" 0.002760653128402454 0.0028549163 0.0037881136 0.00664303 334.51789055935 63.86109790564 806.68866 -2.0680000000000005 1.7849999999999997
334.08233395078 62.64339225347 0.0099 0.0103 39.503 "" "" 2205015319047749120 858.029297 1.1554 0.0109 3.399 0.548 0.013 0.012 1.01 4941.7 3.313 12.804484 1.453052 13.469749 12.016698 -19.39 0.7 850.424133 864.671265 142283.02026 21.773 55914.0 39.838 123730.0 31.148 "" "" 0.0027603249537262982 0.002895421 0.0037892524 0.0066846735 334.08233395078 62.64339225347 858.029297 3.399 0.548
334.4952929249 63.65869924965 0.0097 0.0097 25.3875 "" "" 2205846897736800768 776.653992 1.2735 0.011 7.986 4.957 0.012 0.012 0.95 "" "" 12.83566 1.179428 13.342299 12.162871 -36.52 1.98 769.069092 784.546021 138255.66178 20.429 62878.0 37.369 108150.0 42.654 "" "" 0.002759986872684384 0.0028638109 0.003803563 0.0066673737 334.4952929249 63.65869924965 776.653992 7.986 4.957000000000001
334.14750043395 63.12149017737 0.0112 0.0119 16.1116 "" "" 2205814049826868480 848.583435 1.1684 0.0126 1.383 -1.326 0.015 0.014 1.135 6819.8 3.8207 12.838285 1.108676 13.305041 12.196365 -28.93 3.73 839.986938 857.033081 137921.80722 21.056 65073.0 34.179 104860.0 40.511 "" "" 0.002760301468570727 0.0028478517 0.0038025875 0.0066504395 334.14750043395 63.12149017737 848.583435 1.383 -1.326
334.26908850135 62.86184489415 0.0112 0.0133 25.4525 "" "" 2205022160938669440 786.715515 1.2581 0.0134 -7.916 -11.06 0.016 0.015 1.067 6020.1 3.668 12.844569 1.312435 13.425671 12.113235 -15.44 0.68 779.168274 795.122742 137125.73931 22.226 58230.0 37.955 113200.0 38.342 "" "" 0.002760934413415121 0.0028785206 0.0037972315 0.006675752 334.26908850135 62.86184489415 786.715515 -7.9159999999999995 -11.059999999999999
335.01135876215 62.87663797475 0.0114 0.0105 23.8072 "" "" 2205001442015534336 815.741882 1.2147 0.0123 -10.076 -9.293 0.015 0.013 1.107 "" "" 12.866923 1.495468 13.559558 12.06409 -51.01 0.64 809.673706 824.589661 134331.33795 21.431 51475.0 35.188 118450.0 33.509 "" "" 0.0027607595656953155 0.002887198 0.0037918424 0.0066790404 335.01135876215 62.87663797475 815.741882 -10.075999999999999 -9.293
334.38030147305 63.85268323091 0.0109 0.0104 37.405 "" "" 2205899639936305920 753.723267 1.3124 0.0121 -7.235 -6.05 0.015 0.013 1.031 6569.9 3.9414 12.875821 1.011661 13.294495 12.282834 -29.51 3.45 747.977539 759.940735 133234.97431 21.959 65708.0 52.709 96833.0 43.547 "" "" 0.0027611248754817693 0.0029229426 0.0038107918 0.006733734 334.38030147305 63.85268323091 753.723267 -7.235000000000001 -6.050000000000001
335.17290775193 62.70210379138 0.013 0.0128 35.1779 "" "" 2204983918549087744 1090.86304 0.9034 0.0149 -3.788 -0.933 0.016 0.015 1.236 "" "" 12.899523 0.905672 13.262269 12.356597 "" "" 1071.33411 1106.74243 130357.99634 21.614 67688.0 37.072 90473.0 27.613 "" "" 0.002761194806302631 0.0028528324 0.0037938813 0.0066467137 335.17290775193 62.70210379138 1090.86304 -3.7880000000000003 -0.933
333.96894430401 63.50864725778 0.0185 0.0176 24.8244 "" "" 2205837925543138816 1058.64124 0.9287 0.0214 -6.384 -3.67 0.024 0.023 1.591 "" "" 12.909862 1.057776 13.345193 12.287416 "" "" 1039.97766 1082.70581 129122.45401 32.136 62710.0 42.51 96425.0 45.587 "" "" 0.0027685388220047105 0.00288561 0.0038140805 0.0066996906 333.96894430401 63.50864725778 1058.64124 -6.384 -3.6700000000000004
334.50858748534 63.22313581203 0.0119 0.0117 4.7306 "" "" 2205065935245594496 891.358765 1.1016 0.0133 -2.716 -2.468 0.016 0.014 1.053 "" "" 12.914364 0.770205 13.213529 12.443324 "" "" 881.284424 901.62323 128588.27428 27.19 70795.0 43.312 83527.0 25.047 "" "" 0.0027648681552927073 0.002868148 0.0037933793 0.0066615273 334.50858748534 63.22313581203 891.358765 -2.716 -2.4680000000000004
334.69609686465 63.30353557761 0.0127 0.0121 3.6359 "" "" 2205072497955850240 931.239868 1.0553 0.0141 -2.065 -2.129 0.016 0.014 1.065 "" "" 12.915573 0.864299 13.257532 12.393233 "" "" 920.431763 941.877197 128445.06319 22.796 67984.0 33.03 87471.0 43.403 "" "" 0.0027620499497431946 0.0028395967 0.0038175867 0.006657183 334.69609686465 63.30353557761 931.239868 -2.065 -2.129
334.22363563386 63.6433235585 0.0115 0.0116 26.9042 "" "" 2205846073103038336 839.333923 1.1783 0.0131 10.669 -2.406 0.015 0.014 1.142 5068.1 3.2352 12.916839 1.825288 13.8034 11.978112 -48.05 0.66 830.578003 850.270081 128295.41927 21.106 41120.0 31.578 128210.0 214.52 "" "" 0.002761103564776342 0.0029120871 0.0041933195 0.0071054064 334.22363563386 63.6433235585 839.333923 10.669 -2.4059999999999993
334.53650732263 62.68039826163 0.0122 0.0122 34.0052 "" "" 2204992542843283840 897.18573 1.1 0.0133 1.257 -5.014 0.017 0.016 1.067 6753.9 3.8081 12.922501 1.27496 13.480603 12.205643 -27.33 2.34 883.720947 908.191772 127628.14599 21.26 55357.0 34.565 103970.0 38.687 "" "" 0.0027612496316466078 0.002871349 0.0038009135 0.006672262 334.53650732263 62.68039826163 897.18573 1.2569999999999997 -5.013999999999999
335.80809280846 63.44383574607 0.0143 0.014 32.7154 "" "" 2205440903064685824 921.372253 1.0724 0.0158 -1.045 -3.517 0.017 0.017 1.277 "" "" 12.935462 1.426396 13.571812 12.145415 "" "" 907.915833 936.687683 126113.5919 31.707 50897.0 34.836 109900.0 41.353 "" "" 0.002768808938468306 0.0028874346 0.0038013987 0.0066888332 335.80809280846 63.44383574607 921.372253 -1.0450000000000006 -3.5170000000000003
334.64051544893 62.88093751754 0.0119 0.0116 21.7775 "" "" 2205043395257393152 914.157349 1.0747 0.0127 -0.823 -2.233 0.017 0.014 1.059 "" "" 12.936693 0.746775 13.226174 12.4794 "" "" 905.893433 923.936279 125970.63874 25.577 69976.0 40.785 80798.0 31.015 "" "" 0.0027641248824485636 0.0028610313 0.0038022918 0.0066633234 334.64051544893 62.88093751754 914.157349 -0.8229999999999998 -2.233
333.4780703866 63.54249635222 0.0125 0.0124 36.8915 "" "" 2205865692514208512 863.55835 1.1376 0.014 -2.964 -0.765 0.017 0.015 1.087 "" "" 12.961377 0.858457 13.304366 12.44591 "" "" 853.410095 874.156433 123139.04568 23.472 65113.0 46.536 83329.0 33.442 "" "" 0.002763081669015544 0.0028960628 0.0038044173 0.0067004804 333.4780703866 63.54249635222 863.55835 -2.964 -0.7649999999999999
333.76471212216 63.12188426104 0.0112 0.0116 25.7684 "" "" 2205794396056135680 943.840271 1.0378 0.0121 -2.832 -0.98 0.015 0.015 0.917 "" "" 12.980942 0.779385 13.285726 12.506341 "" "" 935.984497 953.876953 120939.97232 30.205 66241.0 34.116 78817.0 24.425 "" "" 0.002768631382471839 0.0028456522 0.0037943295 0.0066399816 333.76471212216 63.12188426104 943.840271 -2.8320000000000003 -0.9800000000000004
334.20460443173 63.55044113254 0.0104 0.0102 22.3772 "" "" 2205838990695025152 997.260803 0.9814 0.0118 -3.421 -1.633 0.013 0.012 0.926 "" "" 12.99015 1.065274 13.428453 12.363179 "" "" 987.823059 1007.37958 119918.59898 25.884 58081.0 32.753 89926.0 25.073 "" "" 0.002765268592426932 0.0028565575 0.0037914864 0.006648044 334.20460443173 63.55044113254 997.260803 -3.420999999999999 -1.6330000000000002
333.84199674835 63.34441659974 0.0103 0.0103 23.334 "" "" 2205809411261730048 819.538635 1.1994 0.0114 11.323 1.817 0.014 0.013 0.956 "" "" 12.99475 1.38275 13.616562 12.233812 36.05 1.33 813.196045 828.112366 119411.7105 17.909 48842.0 36.948 101310.0 39.142 "" "" 0.0027601276705821473 0.0029085467 0.0038025903 0.006711137 333.84199674835 63.34441659974 819.538635 11.322999999999997 1.8169999999999997
335.91781559158 63.66868289528 0.0311 0.0316 41.9084 "" "" 2205457327019852928 802.182739 1.2253 0.0346 6.073 2.304 0.039 0.039 2.74 5872.3 3.7378 13.010787 1.248918 13.554667 12.30575 -23.03 1.63 779.542603 826.994324 117660.79161 20.726 51707.0 35.381 94811.0 35.251 "" "" 0.002761949868663557 0.002887384 0.0038008795 0.0066882633 335.91781559158 63.66868289528 802.182739 6.073000000000001 2.3040000000000003
334.6621039612 63.10177820366 0.0091 0.0091 8.5141 "" "" 2205060643845941120 932.256836 1.0488 0.0103 -0.491 -2.084 0.014 0.012 0.97 "" "" 13.024115 0.928368 13.397861 12.469494 "" "" 923.671143 940.062866 116225.31867 18.993 59741.0 34.312 81538.0 23.471 "" "" 0.0027610268691130304 0.0028590052 0.0037922822 0.0066512874 334.6621039612 63.10177820366 932.256836 -0.491 -2.084
334.76089124102 62.82455160634 0.0695 0.0656 25.2388 "" "" 2204995188543118080 769.333008 1.2734 0.0735 -3.277 -4.808 0.097 0.091 7.186 "" "" 13.027778 1.183403 13.520179 12.336776 "" "" 728.045776 813.814758 115833.85325 65.499 53376.0 44.208 92140.0 36.627 "" "" 0.0028228899098893295 0.0029315003 0.0038039456 0.006735446 334.76089124102 62.82455160634 769.333008 -3.277 -4.808
334.31856355899 62.86955049604 0.0135 0.0155 24.4696 "" "" 2205045559921762304 762.884033 1.2856 0.016 -1.007 1.26 0.019 0.019 1.497 "" "" 13.035293 1.125537 13.509621 12.384084 -31.68 3.58 752.561096 771.04364 115034.93774 62.316 53898.0 78.536 88211.0 98.322 "" "" 0.0028173958586485076 0.0032074808 0.0039684097 0.0071758907 334.31856355899 62.86955049604 762.884033 -1.007 1.26
