Clusters/Pismis_Moreno_1/Pismis_Moreno_1_stars_in_region.tsv
# %ECSV 1.0
# ---
# datatype:
# - name: RA_ICRS_1
#   unit: deg
#   datatype: float64
#   format: '{:15.11f}'
#   description: Right ascension (ICRS) at Ep=2016.0 (ra)
#   meta: !!omap
#   - {ucd: POS_EQ_RA_MAIN}
#   - {width: 15}
#   - {precision: '11'}
# - name: DE_ICRS_1
#   unit: deg
#   datatype: float64
#   format: '{:15.11f}'
#   description: Declination (ICRS) at Ep=2016.0 (dec)
#   meta: !!omap
#   - {ucd: POS_EQ_DEC_MAIN}
#   - {width: 15}
#   - {precision: '11'}
# - name: e_RA_ICRS
#   unit: mas
#   datatype: float64
#   format: '{:7.4f}'
#   description: Standard error of right ascension (ra_error)
#   meta: !!omap
#   - {ucd: ERROR}
#   - {width: 7}
#   - {precision: '4'}
# - name: e_DE_ICRS
#   unit: mas
#   datatype: float64
#   format: '{:7.4f}'
#   description: Standard error of declination (dec_error)
#   meta: !!omap
#   - {ucd: ERROR}
#   - {width: 7}
#   - {precision: '4'}
# - name: _r_1
#   unit: ''
#   datatype: float64
#   format: '{:7.4f}'
#   description: Distance from center (334.67771413000+63.24350465000)[ICRS], at Epoch=J2016.0
#   meta: !!omap
#   - {ucd: POS_ANG_DIST_GENERAL}
#   - {width: 7}
#   - {precision: '4'}
# - name: HIP
#   datatype: int32
#   description: '? HIP cross-id number, van Leeuwen, Cat. I/311 (hip_original_ext_source_id)'
#   meta: !!omap
#   - {ucd: ID_NUMBER}
#   - {width: 6}
#   - values: {'null': -2147483648}
# - name: TYC2
#   datatype: string
#   description: Tycho-2 cross-id name, Hog et al., Cat. I/259 (tyc2_original_ext_source_id)
#   meta: !!omap
#   - {ucd: ID_CROSSID}
#   - {_votable_string_dtype: char}
# - name: Source
#   datatype: int64
#   description: Source identifier, identical to the Gaia-EDR3 source_id (id)
#   meta: !!omap
#   - {ucd: ID_MAIN}
#   - {width: 19}
# - name: rgeo
#   unit: pc
#   datatype: float64
#   format: '{:15.8f}'
#   description: '? Median of the geometric distance posterior (r_med_geo)'
#   meta: !!omap
#   - {ucd: PHYS_DISTANCE_TRUE}
#   - {width: 15}
#   - {precision: '8'}
#   - values: {'null': .nan}
# - name: Plx
#   unit: mas
#   datatype: float64
#   format: '{:9.4f}'
#   description: '? Parallax (parallax)'
#   meta: !!omap
#   - {ucd: POS_PARLX_TRIG}
#   - {width: 9}
#   - {precision: '4'}
#   - values: {'null': .nan}
# - name: e_Plx
#   unit: mas
#   datatype: float32
#   format: '{:7.4f}'
#   description: '? Standard error of parallax (parallax_error)'
#   meta: !!omap
#   - {ucd: ERROR}
#   - {width: 7}
#   - {precision: '4'}
#   - values: {'null': .nan}
# - name: pmRA
#   unit: mas / yr
#   datatype: float64
#   format: '{:9.3f}'
#   description: '? Proper motion in right ascension direction, pmRA*cosDE (pmra)'
#   meta: !!omap
#   - {ucd: POS_EQ_PMRA}
#   - {width: 9}
#   - {precision: '3'}
#   - values: {'null': .nan}
# - name: pmDE
#   unit: mas / yr
#   datatype: float64
#   format: '{:9.3f}'
#   description: '? Proper motion in declination direction (pmdec)'
#   meta: !!omap
#   - {ucd: POS_EQ_PMDEC}
#   - {width: 9}
#   - {precision: '3'}
#   - values: {'null': .nan}
# - name: e_pmRA
#   unit: mas / yr
#   datatype: float32
#   format: '{:6.3f}'
#   description: '? Standard error of proper motion in right ascension direction (pmra_error)'
#   meta: !!omap
#   - {ucd: ERROR}
#   - {width: 6}
#   - {precision: '3'}
#   - values: {'null': .nan}
# - name: e_pmDE
[...]
#         unit: &id001 !astropy.units.Unit {unit: deg}
#         value: !astropy.table.SerializedColumn {name: SkyCoord.dec}
#       distance: !astropy.table.SerializedColumn
#         __class__: astropy.coordinates.distances.Distance
#         unit: !astropy.units.Unit {unit: pc}
#         value: !astropy.table.SerializedColumn {name: SkyCoord.distance}
#       frame: icrs
#       obstime: !astropy.time.Time {format: jyear_str, in_subfmt: '*', jd1: 367701545.0, jd2: 0.0, out_subfmt: '*', precision: 3, scale: tt}
#       pm_dec: !astropy.table.SerializedColumn
#         __class__: astropy.units.quantity.Quantity
#         unit: !astropy.units.Unit {unit: mas / yr}
#         value: !astropy.table.SerializedColumn {name: SkyCoord.pm_dec}
#       pm_ra_cosdec: !astropy.table.SerializedColumn
#         __class__: astropy.units.quantity.Quantity
#         unit: !astropy.units.Unit {unit: mas / yr}
#         value: !astropy.table.SerializedColumn {name: SkyCoord.pm_ra_cosdec}
#       ra: !astropy.table.SerializedColumn
#         __class__: astropy.coordinates.angles.Longitude
#         unit: *id001
#         value: !astropy.table.SerializedColumn {name: SkyCoord.ra}
#         wrap_angle: !astropy.coordinates.Angle
#           unit: *id001
#           value: 360.0
#       representation_type: spherical
# schema: astropy-2.0
RA_ICRS_1 DE_ICRS_1 e_RA_ICRS e_DE_ICRS _r_1 HIP TYC2 Source rgeo Plx e_Plx pmRA pmDE e_pmRA e_pmDE RUWE Teff logg Gmag BP-RP BPmag RPmag RV e_RV b_rgeo B_rgeo FG e_FG FBP e_FBP FRP e_FRP RAVE5 RAVE6 e_Gmag e_BPmag e_RPmag e_BP-RP SkyCoord.ra SkyCoord.dec SkyCoord.distance SkyCoord.pm_ra_cosdec SkyCoord.pm_dec
[from data line 1130]
334.01281741033 63.84106134047 0.0451 0.0437 40.0168 "" "" 2205910669412243200 954.500549 1.0248 0.0497 -6.296 -4.344 0.069 0.056 0.951 7162.0 4.333 16.91124 2.019505 17.9321 15.912596 "" "" 910.084717 996.658691 3239.29978 2.3008 917.44 6.9853 3420.7 9.7136 "" "" 0.0028612056638626445 0.008724863 0.0048774295 0.013602292 334.01281741033 63.84106134047 954.500549 -6.296000000000001 -4.344
335.68657908151 63.46041047377 0.0737 0.0533 30.1068 "" "" 2205441487175477632 804.734497 1.2202 0.0633 7.465 -21.902 0.082 0.064 1.141 "" "" 16.914745 "" "" "" "" "" 752.975281 844.004517 3228.85297 3.1882 "" "" "" "" "" "" 0.0029565377178838383 "" "" "" 335.68657908151 63.46041047377 804.734497 7.464999999999999 -21.902
334.0781379637 63.76669645068 0.0466 0.0433 35.2558 "" "" 2205897681431198208 846.322693 1.1605 0.0507 12.349 3.982 0.065 0.054 1.074 "" "" 16.916136 1.98812 17.914063 15.925942 "" "" 809.224609 888.107117 3224.72129 2.3713 932.81 8.1527 3378.9 10.952 "" "" 0.0028686628191867086 0.009890966 0.005164146 0.015055113 334.0781379637 63.76669645068 846.322693 12.349000000000002 3.982000000000002
334.570505034 63.66750354961 0.0477 0.0466 25.6018 "" "" 2205846966456286080 793.966492 1.2224 0.0532 -1.497 -1.967 0.059 0.06 1.059 4574.9 4.6454 16.919882 1.756867 17.770123 16.013256 "" "" 755.95105 831.9953 3213.61439 1.9906 1065.0 8.4146 3117.9 9.3385 "" "" 0.002836210846553629 0.0090207895 0.004985848 0.014006637 334.570505034 63.66750354961 793.966492 -1.497 -1.9670000000000003
335.61677658289 63.39140481448 0.0548 0.0546 26.8118 "" "" 2205435199348112512 874.272766 1.0928 0.0622 6.987 -4.013 0.073 0.073 1.137 8745.0 4.3469 16.922874 2.738008 18.452326 15.714317 "" "" 837.986328 922.064636 3204.76825 3.4729 568.18 7.699 4106.1 8.9545 "" "" 0.002996017389011703 0.014974276 0.004459818 0.019434094 335.61677658289 63.39140481448 874.272766 6.987 -4.013000000000002
334.16095510387 63.17742539127 0.0444 0.0445 14.5261 "" "" 2205815183698222720 794.83197 1.2375 0.0496 -0.359 -2.008 0.057 0.055 1.027 4401.6 4.4975 16.925903 2.015595 17.94723 15.931635 "" "" 768.222778 832.01355 3195.8412 2.1846 904.74 7.3912 3361.3 9.7163 "" "" 0.0028535285482802395 0.009298333 0.0049126083 0.014210941 334.16095510387 63.17742539127 794.83197 -0.3590000000000001 -2.008
334.79073435608 63.28906386512 0.0854 0.0837 4.0961 "" "" 2205071604602662400 1056.91846 0.9318 0.0937 -2.064 -2.034 0.108 0.103 1.905 6388.9 4.1453 16.926205 2.722838 18.412996 15.690158 "" "" 974.338318 1184.5564 3194.95843 10.295 589.14 9.3337 4198.5 29.396 "" "" 0.004453256513200242 0.017426059 0.0084895 0.02591556 334.79073435608 63.28906386512 1056.91846 -2.064 -2.034
334.0362223579 63.01724013591 0.046 0.049 22.066 "" "" 2205039508302823808 1087.81421 0.8906 0.0549 -0.902 -1.196 0.061 0.058 0.974 5164.9 4.6235 16.928759 1.845418 17.842072 15.996654 "" "" 1026.59583 1159.84766 3187.45149 3.0369 996.75 9.6565 3165.9 10.735 "" "" 0.002943107991990547 0.010882367 0.0052761203 0.016158488 334.0362223579 63.01724013591 1087.81421 -0.9019999999999999 -1.1960000000000002
335.56573328182 62.87673148895 0.2102 0.1893 32.6642 "" "" 2205362253623651456 959.944702 1.202 0.2233 -5.047 -5.983 0.279 0.237 4.335 "" "" 16.928768 2.286736 17.917007 15.630271 "" "" 759.016174 1328.73193 3187.41953 7.6137 930.28 10.663 4436.6 7.7939 "" "" 0.003783895234568076 0.012753807 0.004233401 0.016987208 335.56573328182 62.87673148895 959.944702 -5.047000000000001 -5.9830000000000005
334.31912478923 63.49337325481 0.0445 0.0437 17.8262 "" "" 2205835455943955584 814.723022 1.2069 0.0499 8.354 -0.833 0.058 0.053 0.972 4724.4 4.6407 16.931486 1.802156 17.809368 16.007212 "" "" 784.17041 848.555237 3179.4548 1.8943 1027.2 13.493 3135.3 10.652 "" "" 0.002830236163967 0.014532284 0.0052811382 0.019813422 334.31912478923 63.49337325481 814.723022 8.354000000000001 -0.8329999999999994
334.74458206249 62.99261868315 0.0459 0.0409 15.1621 "" "" 2205047346627270144 902.89032 1.0792 0.0486 -9.869 -6.264 0.064 0.05 0.958 5066.5 4.6545 16.93709 1.769247 17.775328 16.00608 "" "" 867.471924 937.874939 3163.08521 2.1344 1060.0 7.3647 3138.5 11.059 "" "" 0.0028510607293087352 0.008042984 0.0053777494 0.013420733 334.74458206249 62.99261868315 902.89032 -9.868999999999998 -6.263999999999999
334.63777620918 63.22483344432 0.0563 0.055 1.5555 "" "" 2205070951767632896 1067.40039 0.891 0.0631 -2.261 -2.413 0.074 0.066 1.193 "" "" 16.938969 2.814168 18.531528 15.71736 "" "" 1006.47772 1129.21704 3157.61681 5.2048 528.21 10.033 4094.6 16.203 "" "" 0.003285521059005207 0.020810733 0.0057221567 0.026532888 334.63777620918 63.22483344432 1067.40039 -2.261 -2.413
335.96475361881 63.4244702245 0.0432 0.0456 36.3169 "" "" 2205438978919696512 911.572388 1.0696 0.048 19.227 9.995 0.053 0.057 0.959 4886.0 4.5962 16.939283 1.891952 17.87553 15.983579 "" "" 879.316772 946.517273 3156.70339 2.0153 966.51 9.5915 3204.3 8.9023 "" "" 0.002841171059518192 0.011130086 0.004835554 0.01596564 335.96475361881 63.4244702245 911.572388 19.226999999999993 9.994999999999997
333.62248398888 63.1441990968 0.0443 0.0453 29.1675 "" "" 2205805631690548352 998.607666 0.9825 0.0485 -1.243 2.052 0.056 0.057 1.027 4720.8 4.5089 16.941833 1.705006 17.759047 16.05404 "" "" 953.924744 1060.21313 3149.29609 2.167 1076.0 8.4608 3002.9 11.014 "" "" 0.0028548072935975135 0.008981732 0.0054901764 0.014471908 333.62248398888 63.1441990968 998.607666 -1.2429999999999999 2.052
335.11321572534 63.2222453569 0.0452 0.0451 11.837 "" "" 2205057207872315776 773.086304 1.2777 0.0516 -5.704 2.995 0.059 0.057 1.095 4506.4 4.657 16.944174 1.745853 17.790327 16.044474 "" "" 743.626221 804.675537 3142.51353 2.4276 1045.4 9.8246 3029.5 11.974 "" "" 0.0028801500131963027 0.010578282 0.00571833 0.016296612 335.11321572534 63.2222453569 773.086304 -5.704000000000001 2.9949999999999997
334.71343447973 63.83742093139 0.0454 0.0446 35.6478 "" "" 2206224339459230720 755.967957 1.3078 0.0495 -4.586 -5.846 0.057 0.054 1.009 4560.2 4.6473 16.9461 1.849155 17.860968 16.011812 "" "" 733.692261 786.399109 3136.94298 2.4572 979.56 11.481 3122.0 10.763 "" "" 0.0028835890778149678 0.013027739 0.005319219 0.018346958 334.71343447973 63.83742093139 755.967957 -4.585999999999999 -5.846
334.94633633828 62.66158187779 0.2491 0.2065 35.6762 "" "" 2204989446163003520 993.854614 1.1409 0.2482 -1.407 -0.566 0.27 0.234 6.68 "" "" 16.947845 1.833985 17.574818 15.740832 "" "" 762.253235 1472.92908 3131.9048 4.6763 1274.9 10.213 4007.1 10.048 "" "" 0.0031968508311314135 0.009134223 0.0046578893 0.0137921125 334.94633633828 62.66158187779 993.854614 -1.407 -0.5659999999999998
334.77690996507 63.61897948879 0.0467 0.0438 22.6852 "" "" 2205843113863690496 813.263733 1.2071 0.0512 -6.786 -4.814 0.057 0.057 1.033 4539.2 4.5544 16.94898 1.794153 17.83685 16.042696 "" "" 785.322632 844.512024 3128.63525 1.9566 1001.6 7.1595 3034.4 8.8543 "" "" 0.002837751547590393 0.008247229 0.0049316227 0.013178851 334.77690996507 63.61897948879 813.263733 -6.786 -4.814
335.68767869955 62.82569228306 0.054 0.0442 37.1946 "" "" 2205358057435730432 838.975403 1.1719 0.0546 -9.935 -4.845 0.067 0.057 1.034 4589.1 4.6169 16.949026 1.823069 17.842743 16.019674 "" "" 802.921021 880.050537 3128.50083 2.2516 996.14 7.5144 3099.5 10.295 "" "" 0.002863981812759279 0.00865249 0.0052238833 0.013876373 335.68767869955 62.82569228306 838.975403 -9.935 -4.845
335.0063269488 63.03906477412 0.055 0.054 15.1596 "" "" 2205050645162302592 905.920349 1.0581 0.0607 -2.704 -5.636 0.079 0.07 1.207 9727.8 4.3817 16.951279 2.186183 18.08902 15.902837 "" "" 861.540588 963.273193 3122.01916 2.2918 793.98 8.5255 3451.6 11.399 "" "" 0.002868278096058145 0.011987519 0.0052096806 0.0171972 335.0063269488 63.03906477412 905.920349 -2.7040000000000006 -5.636000000000001
334.72427145971 62.57646938883 0.0485 0.0481 40.0423 "" "" 2204987629400980096 755.157104 1.2977 0.056 8.009 -0.993 0.062 0.059 1.082 4284.4 4.5728 16.954832 2.027593 17.985952 15.95836 "" "" 722.515564 784.438782 3111.81637 2.4572 873.04 7.7012 3279.6 9.7518 "" "" 0.0028856219017129228 0.009975572 0.0049705463 0.014946118 334.72427145971 62.57646938883 755.157104 8.009 -0.9930000000000008
336.02284556336 63.2311334193 0.0486 0.0468 36.3494 "" "" 2205387817268958464 888.253418 1.0947 0.0533 -3.4 -4.118 0.066 0.057 1.006 4499.3 4.5462 16.955229 1.768522 17.826258 16.057735 "" "" 843.926514 930.644653 3110.67666 2.2115 1011.4 7.7821 2992.7 9.8312 "" "" 0.0028613993352427105 0.008807698 0.005196647 0.014004345 336.02284556336 63.2311334193 888.253418 -3.4 -4.118
334.80454556974 63.19168150585 0.0468 0.0412 4.6289 "" "" 2205067893750934784 876.539246 1.1178 0.0498 -2.834 -3.24 0.061 0.05 1.016 4541.7 4.5719 16.955282 1.719124 17.783102 16.063978 "" "" 835.55365 910.838562 3110.52366 2.0122 1052.4 10.503 2975.5 7.7569 "" "" 0.0028434317170266572 0.011189163 0.004721765 0.015910927 334.80454556974 63.19168150585 876.539246 -2.8339999999999996 -3.2400000000000007
334.2603055853 62.58024048074 0.0456 0.0443 41.3974 "" "" 2204967116636210432 799.643982 1.2271 0.0505 -5.056 -3.012 0.056 0.055 0.913 3685.1 4.1958 16.95723 1.90163 17.899292 15.997662 "" "" 764.344482 828.662048 3104.95433 3.3288 945.58 9.4114 3163.0 11.42 "" "" 0.0029911049968132557 0.011160775 0.0054452266 0.016606001 334.2603055853 62.58024048074 799.643982 -5.056000000000001 -3.011999999999999
334.84798561524 63.28633650151 0.0638 0.0553 5.2657 "" "" 2205072841553247744 805.94342 1.2 0.0667 -1.66 -2.471 0.085 0.069 1.28 9506.7 4.1023 16.96315 2.60634 18.306461 15.700121 "" "" 756.169006 857.929016 3088.06517 3.9614 649.88 14.898 4160.2 14.148 "" "" 0.0030873389207812154 0.02504557 0.005283684 0.030329254 334.84798561524 63.28633650151 805.94342 -1.66 -2.4710000000000005
334.77521046025 63.76575437481 0.0488 0.0461 31.4435 "" "" 2206222965069704064 899.805786 1.0887 0.0517 4.319 -1.349 0.061 0.058 1.018 "" "" 16.96807 2.111127 18.05625 15.945123 "" "" 856.946899 943.117554 3074.10992 2.0044 818.31 8.4643 3319.8 9.449 "" "" 0.002844811404285362 0.011571873 0.004881964 0.016453836 334.77521046025 63.76575437481 899.805786 4.319 -1.3490000000000002
334.11854018344 63.39836765983 0.0469 0.0446 17.699 "" "" 2205833978475206784 1017.89832 0.9555 0.0511 -2.68 -3.335 0.065 0.058 1.028 4949.2 4.4587 16.9718 1.862575 17.894266 16.03169 "" "" 967.109131 1070.34265 3063.56406 2.355 949.97 11.494 3065.4 11.982 "" "" 0.002878954357044187 0.013429721 0.0056828274 0.019112548 334.11854018344 63.39836765983 1017.89832 -2.6799999999999997 -3.335
335.20386077412 63.37863643973 0.0444 0.0411 16.3334 "" "" 2205445953946205568 801.256409 1.2172 0.0484 0.927 -0.794 0.057 0.052 1.006 4739.2 4.3362 16.976852 2.146101 18.09384 15.947739 "" "" 764.477905 834.499023 3049.33781 2.1577 790.46 7.7408 3311.8 12.289 "" "" 0.002860422548953262 0.010992381 0.005524041 0.016516421 335.20386077412 63.37863643973 801.256409 0.927 -0.7940000000000002
333.44738368869 62.89220780536 0.0451 0.046 39.5238 "" "" 2205782370147485312 763.833862 1.2857 0.0504 -2.823 -1.038 0.064 0.058 1.011 4322.7 4.6546 16.979408 1.989471 17.986282 15.996811 "" "" 733.106995 795.904114 3042.16877 2.6574 872.78 12.429 3165.4 8.7939 "" "" 0.0029139798013344607 0.01571138 0.004835484 0.020546865 333.44738368869 62.89220780536 763.833862 -2.823 -1.038
334.01820224094 63.85563318666 0.0429 0.0419 40.7376 "" "" 2205910669412235264 823.165222 1.1868 0.0472 -4.666 -9.59 0.06 0.052 0.973 4840.5 4.6592 16.981112 1.852335 17.890278 16.037943 "" "" 792.695618 853.743835 3037.40053 2.0624 953.47 7.4804 3047.8 8.8404 "" "" 0.0028522408410339927 0.008963419 0.0049195145 0.013882933 334.01820224094 63.85563318666 823.165222 -4.666 -9.59
333.88520617141 63.48679279049 0.0484 0.0462 25.8357 "" "" 2205837758039809792 864.688416 1.1383 0.0547 -0.739 -8.225 0.061 0.06 1.065 4493.5 4.6568 16.984776 1.67366 17.76713 16.09347 "" "" 829.941772 908.677856 3027.16943 1.8666 1068.0 10.125 2895.8 12.933 "" "" 0.0028354885701588972 0.010664608 0.0061479127 0.016812522 333.88520617141 63.48679279049 864.688416 -0.7390000000000003 -8.225
334.10829162669 63.79973123569 0.052 0.0497 36.6853 "" "" 2205898540424647040 970.259521 0.9873 0.0574 -6.192 -1.297 0.076 0.061 1.141 4909.7 4.299 16.984901 2.225363 18.156845 15.931482 "" "" 921.949158 1014.24084 3026.81832 2.1742 745.9 6.6172 3361.7 13.41 "" "" 0.0028635693287075775 0.010028016 0.0057482 0.015776217 334.10829162669 63.79973123569 970.259521 -6.192 -1.297
334.31495489708 62.86281011131 0.0494 0.0566 24.8802 "" "" 2205045353762406528 914.644836 1.0845 0.0604 -2.595 -1.444 0.067 0.063 0.941 4908.9 4.6664 16.988035 1.72356 17.821657 16.098097 "" "" 865.369873 969.62323 3018.09219 6.9632 1015.7 10.984 2883.5 18.133 "" "" 0.003723789849538534 0.0120683545 0.007803917 0.01987227 334.31495489708 62.86281011131 914.644836 -2.595 -1.444
333.14387126046 63.18685939855 0.0506 0.0506 41.6108 "" "" 2205804326020123648 742.390991 1.3384 0.0561 2.653 -4.818 0.06 0.06 1.076 4413.8 4.6348 16.991632 1.810511 17.884703 16.074192 "" "" 713.224548 778.124451 3008.10857 2.4151 958.38 10.986 2947.7 10.633 "" "" 0.00288992150815547 0.0127548175 0.005442666 0.018197484 333.14387126046 63.18685939855 742.390991 2.6530000000000005 -4.8180000000000005
335.21130295317 62.98994393339 0.0545 0.0493 21.0004 "" "" 2205003915916926720 896.792297 1.0895 0.0586 -11.349 -10.509 0.075 0.062 1.082 "" "" 16.991667 2.531982 18.376284 15.844302 "" "" 842.759644 945.653015 3008.01456 2.3162 609.4 7.9233 3642.8 10.911 "" "" 0.0028793629494966275 0.0143896295 0.004985918 0.019375548 335.21130295317 62.98994393339 896.792297 -11.349 -10.509
334.7273642138 63.32589361802 0.0505 0.0467 5.1215 "" "" 2205072704114279936 753.008972 1.3049 0.0541 4.78 9.296 0.068 0.057 1.054 4479.1 4.684 16.99189 1.786127 17.869162 16.083035 "" "" 723.852966 786.236267 3007.39458 1.904 972.19 6.6011 2923.8 8.6197 "" "" 0.0028397692256336544 0.007882415 0.0049527097 0.0128351245 334.7273642138 63.32589361802 753.008972 4.780000000000001 9.296
335.35601413437 62.93726184162 0.0527 0.0467 26.0169 "" "" 2205000033266504064 767.727722 1.2778 0.0567 -6.586 -2.753 0.08 0.061 0.972 4690.1 4.55 16.99408 1.78747 17.861885 16.074415 "" "" 730.609558 797.72699 3001.33918 6.9986 978.73 14.622 2947.1 16.968 "" "" 0.00374186255151436 0.016458873 0.007304836 0.023763709 335.35601413437 62.93726184162 767.727722 -6.586 -2.7530000000000006
