Clusters/ASCC_32/ASCC_32_members.tsv
# %ECSV 1.0
# ---
# datatype:
# - name: RA_ICRS_1
#   unit: deg
#   datatype: float64
#   format: '{:15.11f}'
#   description: Right ascension (ICRS) at Ep=2016.0 (ra)
#   meta: !!omap
#   - {ucd: POS_EQ_RA_MAIN}
#   - {width: 15}
#   - {precision: '11'}
# - name: DE_ICRS_1
#   unit: deg
#   datatype: float64
#   format: '{:15.11f}'
#   description: Declination (ICRS) at Ep=2016.0 (dec)
#   meta: !!omap
#   - {ucd: POS_EQ_DEC_MAIN}
#   - {width: 15}
#   - {precision: '11'}
# - name: e_RA_ICRS
#   unit: mas
#   datatype: float64
#   format: '{:7.4f}'
#   description: Standard error of right ascension (ra_error)
#   meta: !!omap
#   - {ucd: ERROR}
#   - {width: 7}
#   - {precision: '4'}
# - name: e_DE_ICRS
#   unit: mas
#   datatype: float64
#   format: '{:7.4f}'
#   description: Standard error of declination (dec_error)
#   meta: !!omap
#   - {ucd: ERROR}
#   - {width: 7}
#   - {precision: '4'}
# - name: _r_1
#   unit: ''
#   datatype: float64
#   format: '{:7.4f}'
#   description: Distance from center (105.71120589000-26.57580601000)[ICRS], at Epoch=J2016.0
#   meta: !!omap
#   - {ucd: POS_ANG_DIST_GENERAL}
#   - {width: 7}
#   - {precision: '4'}
# - name: HIP
#   datatype: int32
#   description: '? HIP cross-id number, van Leeuwen, Cat. I/311 (hip_original_ext_source_id)'
#   meta: !!omap
#   - {ucd: ID_NUMBER}
#   - {width: 6}
#   - values: {'null': -2147483648}
# - name: TYC2
#   datatype: string
#   description: Tycho-2 cross-id name, Hog et al., Cat. I/259 (tyc2_original_ext_source_id)
#   meta: !!omap
#   - {ucd: ID_CROSSID}
#   - {_votable_string_dtype: char}
# - name: Source
#   datatype: int64
#   description: Source identifier, identical to the Gaia-EDR3 source_id (id)
#   meta: !!omap
#   - {ucd: ID_MAIN}
#   - {width: 19}
# - name: rgeo
#   unit: pc
#   datatype: float64
#   format: '{:15.8f}'
#   description: '? Median of the geometric distance posterior (r_med_geo)'
#   meta: !!omap
#   - {ucd: PHYS_DISTANCE_TRUE}
#   - {width: 15}
#   - {precision: '8'}
#   - values: {'null': .nan}
# - name: Plx
#   unit: mas
#   datatype: float64
#   format: '{:9.4f}'
#   description: '? Parallax (parallax)'
#   meta: !!omap
#   - {ucd: POS_PARLX_TRIG}
#   - {width: 9}
#   - {precision: '4'}
#   - values: {'null': .nan}
# - name: e_Plx
#   unit: mas
#   datatype: float32
#   format: '{:7.4f}'
#   description: '? Standard error of parallax (parallax_error)'
#   meta: !!omap
#   - {ucd: ERROR}
#   - {width: 7}
#   - {precision: '4'}
#   - values: {'null': .nan}
# - name: pmRA
#   unit: mas / yr
#   datatype: float64
#   format: '{:9.3f}'
#   description: '? Proper motion in right ascension direction, pmRA*cosDE (pmra)'
#   meta: !!omap
#   - {ucd: POS_EQ_PMRA}
#   - {width: 9}
#   - {precision: '3'}
#   - values: {'null': .nan}
# - name: pmDE
#   unit: mas / yr
#   datatype: float64
#   format: '{:9.3f}'
#   description: '? Proper motion in declination direction (pmdec)'
#   meta: !!omap
#   - {ucd: POS_EQ_PMDEC}
#   - {width: 9}
#   - {precision: '3'}
#   - values: {'null': .nan}
# - name: e_pmRA
#   unit: mas / yr
#   datatype: float32
#   format: '{:6.3f}'
#   description: '? Standard error of proper motion in right ascension direction (pmra_error)'
#   meta: !!omap
#   - {ucd: ERROR}
#   - {width: 6}
#   - {precision: '3'}
#   - values: {'null': .nan}
# - name: e_pmDE
[...]
#         unit: &id001 !astropy.units.Unit {unit: deg}
#         value: !astropy.table.SerializedColumn {name: SkyCoord.dec}
#       distance: !astropy.table.SerializedColumn
#         __class__: astropy.coordinates.distances.Distance
#         unit: !astropy.units.Unit {unit: pc}
#         value: !astropy.table.SerializedColumn {name: SkyCoord.distance}
#       frame: icrs
#       obstime: !astropy.time.Time {format: jyear_str, in_subfmt: '*', jd1: 367701545.0, jd2: 0.0, out_subfmt: '*', precision: 3, scale: tt}
#       pm_dec: !astropy.table.SerializedColumn
#         __class__: astropy.units.quantity.Quantity
#         unit: !astropy.units.Unit {unit: mas / yr}
#         value: !astropy.table.SerializedColumn {name: SkyCoord.pm_dec}
#       pm_ra_cosdec: !astropy.table.SerializedColumn
#         __class__: astropy.units.quantity.Quantity
#         unit: !astropy.units.Unit {unit: mas / yr}
#         value: !astropy.table.SerializedColumn {name: SkyCoord.pm_ra_cosdec}
#       ra: !astropy.table.SerializedColumn
#         __class__: astropy.coordinates.angles.Longitude
#         unit: *id001
#         value: !astropy.table.SerializedColumn {name: SkyCoord.ra}
#         wrap_angle: !astropy.coordinates.Angle
#           unit: *id001
#           value: 360.0
#       representation_type: spherical
# schema: astropy-2.0
RA_ICRS_1 DE_ICRS_1 e_RA_ICRS e_DE_ICRS _r_1 HIP TYC2 Source rgeo Plx e_Plx pmRA pmDE e_pmRA e_pmDE RUWE Teff logg Gmag BP-RP BPmag RPmag RV e_RV b_rgeo B_rgeo FG e_FG FBP e_FBP FRP e_FRP RAVE5 RAVE6 e_Gmag e_BPmag e_RPmag e_BP-RP SkyCoord.ra SkyCoord.dec SkyCoord.distance SkyCoord.pm_ra_cosdec SkyCoord.pm_dec Pmemb
[from data line 39]
105.82723593631 -25.93667400681 0.007 0.0098 38.8528 "" "" 5611300422054537856 809.769409 1.1996 0.0117 -3.123 3.48 0.009 0.012 0.989 6188.5 4.2642 13.529502 0.76075 13.82808 13.06733 5.41 6.19 801.440308 815.336792 72970.26057 35.988 40196.0 66.711 47014.0 60.478 "" "" 0.002806869926153259 0.0033214476 0.004029196 0.007350644 105.82723593631 -25.93667400681 809.769409 -3.123 3.480000000000001 0.8
105.67827926486 -26.38527346036 0.0068 0.0096 11.5679 "" "" 5610896420250052224 816.837708 1.184 0.0113 -3.081 3.456 0.009 0.012 1.008 6146.8 4.2116 13.54035 0.760334 13.838908 13.078574 81.52 6.1 808.818542 824.852356 72244.80265 43.884 39797.0 79.639 46529.0 73.883 "" "" 0.002833151570600894 0.0035363361 0.0041540354 0.0076903715 105.67827926486 -26.38527346036 816.837708 -3.081 3.456000000000001 0.8
105.62305864281 -26.31874600262 0.0068 0.0098 16.1341 "" "" 5610897760279857408 795.385193 1.2193 0.0116 -3.143 3.434 0.009 0.012 0.981 6100.6 4.2904 13.559264 0.681596 13.819403 13.137807 36.95 3.46 788.806458 801.644287 70997.14577 22.046 40519.0 43.192 44059.0 32.168 "" "" 0.0027758700091619908 0.0030206842 0.0038616208 0.0068823053 105.62305864281 -26.31874600262 795.385193 -3.143 3.434 0.8
104.77551216607 -26.70990010095 0.0075 0.0102 50.8212 "" "" 5610779700216380288 783.526184 1.2396 0.0121 -3.365 3.517 0.01 0.013 1.029 6037.4 4.322 13.593961 0.718456 13.871392 13.152936 30.12 4.41 775.9953 792.121948 68764.22308 17.894 38624.0 35.642 43449.0 27.645 "" "" 0.0027697679136591278 0.0029646035 0.0038419983 0.006806602 104.77551216607 -26.70990010095 783.526184 -3.365 3.517 0.8
105.73371167496 -26.58492798684 0.0074 0.0094 1.3259 "" "" 5610838180492505600 797.687683 1.2159 0.012 -3.197 3.543 0.01 0.011 0.963 5973.3 4.3087 13.620059 0.717037 13.900446 13.183409 34.68 3.31 789.503601 807.242615 67130.9874 17.589 37604.0 38.997 42247.0 24.831 "" "" 0.0027699665704790754 0.0030087915 0.0038328792 0.0068416707 105.73371167496 -26.58492798684 797.687683 -3.197 3.543 0.8
105.60436796368 -26.17009978406 0.0072 0.0093 25.0107 "" "" 5610903945032739072 803.518005 1.2047 0.0116 -3.052 3.531 0.01 0.012 0.962 6036.5 4.3104 13.633889 0.701753 13.907213 13.205461 40.57 5.06 796.718384 809.727783 66281.31655 18.863 37371.0 40.109 41397.0 26.939 "" "" 0.002772591570608403 0.0030237283 0.003844857 0.006868585 105.60436796368 -26.17009978406 803.518005 -3.0519999999999996 3.5309999999999997 0.8
106.19929020148 -25.76854114435 0.0072 0.0104 55.1071 "" "" 5611312894640317568 686.276978 1.4188 0.0125 -3.78 3.655 0.01 0.014 1.003 5751.4 4.3508 13.667789 0.81784 13.995839 13.178 16.51 5.09 679.890442 691.932068 64243.8404 63.509 34441.0 121.83 42458.0 123.05 "" "" 0.002956991574957376 0.0047471584 0.004917829 0.009664987 106.19929020148 -25.76854114435 686.276978 -3.780000000000001 3.655 1.0
106.10566753072 -25.44037103039 0.0076 0.0101 71.3694 "" "" 5611340932186772352 804.745056 1.2055 0.013 -3.109 3.351 0.01 0.013 1.001 5322.4 4.1665 13.721021 0.961589 14.116592 13.155004 25.03 6.61 796.485229 812.545349 61170.01522 58.136 30816.0 106.82 43367.0 105.76 "" "" 0.0029422056200388695 0.004685034 0.0046146084 0.009299642 106.10566753072 -25.44037103039 804.745056 -3.109 3.351 0.9
105.52723449927 -26.55030525366 0.0077 0.0104 9.991 "" "" 5610887589797402496 753.622742 1.2915 0.0125 -3.26 3.587 0.01 0.013 1.04 5730.5 4.1056 13.72387 0.931303 14.104539 13.173236 30.98 5.84 746.888672 759.41272 61009.68179 30.366 31160.0 61.067 42645.0 52.737 "" "" 0.0028078138428568613 0.0035089366 0.004010799 0.0075197355 105.52723449927 -26.55030525366 753.622742 -3.26 3.587 1.0
105.47603591528 -26.32489770314 0.0075 0.0103 19.6528 "" "" 5610895458177456256 770.879395 1.2574 0.0127 -3.291 3.329 0.01 0.013 1.079 5949.4 4.2288 13.724967 0.780716 14.029899 13.249183 31.42 3.16 762.681824 779.167175 60948.05179 34.277 33378.0 68.197 39764.0 59.405 "" "" 0.002822169335154811 0.0035645626 0.004112747 0.0076773097 105.47603591528 -26.32489770314 770.879395 -3.291 3.3290000000000006 0.8
106.53929789741 -25.94841613052 0.0074 0.0099 58.3293 "" "" 5611253486651252096 686.632385 1.4197 0.0126 -3.84 3.609 0.01 0.012 0.993 5694.6 4.2489 13.734525 0.944835 14.125811 13.180976 26.2 7.27 680.297424 692.795044 60413.90804 67.779 30556.0 116.29 42342.0 139.1 "" "" 0.0030125660436550687 0.004985905 0.005196717 0.010182622 106.53929789741 -25.94841613052 686.632385 -3.84 3.609000000000001 1.0
106.72878402233 -26.67982957196 0.0074 0.0101 54.9346 "" "" 5611002385685305728 802.255981 1.2092 0.0121 -3.2 3.348 0.01 0.013 1.006 5723.5 4.2679 13.757242 0.832185 14.092034 13.25985 46.94 8.03 792.989319 809.826172 59162.94786 35.007 31521.0 69.538 39375.0 74.994 "" "" 0.002829224718502571 0.0036772485 0.0043081264 0.007985375 106.72878402233 -26.67982957196 802.255981 -3.2 3.348 0.8
105.57684150198 -25.9897026566 0.0076 0.01 35.9014 "" "" 5611296161447062400 817.565308 1.1837 0.0122 -3.113 3.3 0.01 0.013 0.992 5900.0 4.2702 13.84294 0.742019 14.132968 13.390949 36.26 11.43 809.528687 827.230225 54672.71763 33.889 30355.0 73.115 34896.0 61.713 "" "" 0.002836320302567075 0.0038241576 0.004239167 0.008063325 105.57684150198 -25.9897026566 817.565308 -3.113 3.3 1.0
105.91320299874 -25.78762061514 0.0073 0.0108 48.5257 "" "" 5611303136473798528 778.001465 1.2465 0.0133 -3.213 3.329 0.01 0.014 0.979 5598.7 4.2755 13.85693 0.839479 14.194867 13.355389 25.98 5.09 771.598633 785.386658 53972.79781 22.645 28673.0 45.987 36058.0 37.37 "" "" 0.0027927229553522596 0.003288974 0.0039433357 0.00723231 105.91320299874 -25.78762061514 778.001465 -3.212999999999999 3.3290000000000006 0.9
106.11125905297 -26.58178765837 0.0089 0.0123 21.4695 "" "" 5610829418759034880 793.384094 1.2204 0.015 -3.092 3.494 0.013 0.017 1.049 5879.9 4.3173 13.869939 0.751419 14.161092 13.409673 31.11 5.3 784.50177 803.568665 53329.95371 19.23 29579.0 40.876 34300.0 52.023 "" "" 0.0027829951638106416 0.0031680074 0.004122558 0.0072905654 106.11125905297 -26.58178765837 793.384094 -3.092 3.494 0.9
106.37809779286 -27.08027592592 0.0082 0.0108 46.8093 "" "" 5610614464237784960 792.636841 1.2223 0.0129 -3.147 3.467 0.011 0.014 1.038 5914.8 4.336 13.899138 0.73831 14.189314 13.451004 26.5 4.78 786.043213 800.171875 51914.80498 12.497 28820.0 27.841 33018.0 22.701 "" "" 0.0027676882703297767 0.0029807957 0.0038523967 0.0068331924 106.37809779286 -27.08027592592 792.636841 -3.1470000000000002 3.4670000000000014 0.8
105.75819350113 -26.21808999501 0.0082 0.0109 21.611 "" "" 5610899890583572992 788.878357 1.2264 0.0132 -3.259 3.54 0.011 0.014 0.981 5733.6 4.2606 13.983008 0.893366 14.344967 13.451601 35.46 3.73 781.007446 795.946716 48055.53784 41.701 24971.0 71.671 33000.0 96.22 "" "" 0.0029119522249559573 0.004182827 0.004930077 0.009112904 105.75819350113 -26.21808999501 788.878357 -3.259 3.540000000000001 0.8
105.37478846692 -25.30562309607 0.008 0.0113 78.3426 "" "" 2921229153201817728 776.907471 1.2489 0.0139 -3.368 3.646 0.01 0.014 0.966 5784.9 4.3361 14.062731 0.817716 14.388932 13.571217 21.25 7.13 768.626953 787.031982 44653.39055 35.681 23980.0 73.295 29558.0 72.429 "" "" 0.0028886805306098137 0.004335652 0.004621898 0.00895755 105.37478846692 -25.30562309607 776.907471 -3.368 3.646000000000001 0.8
106.07663663602 -27.07163498352 0.0086 0.0111 35.6075 "" "" 5610611887257537408 772.72113 1.2591 0.014 -3.302 3.529 0.011 0.013 0.991 5155.6 4.2328 14.098501 0.974557 14.492946 13.518389 33.28 4.41 764.986877 779.947754 43206.22572 74.328 21789.0 130.44 31032.0 130.43 "" "" 0.0033287335758484787 0.007073332 0.0059252577 0.01299859 106.07663663602 -27.07163498352 772.72113 -3.302000000000001 3.5290000000000004 1.0
105.59657688822 -27.3187107284 0.0095 0.0119 44.9939 "" "" 5610592508364468224 822.511353 1.1771 0.0144 -3.082 3.379 0.012 0.016 0.992 5276.2 4.2526 14.165191 0.992773 14.577347 13.584574 -14.78 5.04 814.753113 831.779541 40632.20472 26.151 20159.0 44.574 29196.0 53.312 "" "" 0.0028425493479664176 0.0036808127 0.004267817 0.00794863 105.59657688822 -27.3187107284 822.511353 -3.0820000000000003 3.379 0.8
105.3012199532 -26.61783378314 0.0092 0.0123 22.1401 "" "" 5610864259534325248 808.920715 1.1989 0.0149 -3.087 3.563 0.012 0.016 1.034 5735.5 4.2666 14.295657 1.02715 14.72142 13.69427 44.14 9.53 800.012512 820.50824 36031.64201 44.753 17654.0 91.389 26391.0 97.115 "" "" 0.003067627304205391 0.0062749577 0.0054996856 0.011774643 105.3012199532 -26.61783378314 808.920715 -3.087 3.5630000000000006 0.8
105.52542568217 -26.55453396009 0.0094 0.0128 10.0514 "" "" 5610887589797404672 801.550293 1.2108 0.015 -3.182 3.368 0.012 0.016 1.0 5687.3 4.3263 14.366381 1.001531 14.784397 13.782867 16.56 5.87 793.157532 809.654907 33759.36988 44.313 16659.0 84.424 24323.0 87.002 "" "" 0.003102071384437812 0.006169274 0.0054190597 0.011588333 105.52542568217 -26.55453396009 801.550293 -3.1820000000000004 3.3680000000000003 0.8
105.84418455136 -26.97566813583 0.0097 0.0133 25.0268 "" "" 5610605221467316224 766.322083 1.2705 0.0153 -3.306 3.506 0.013 0.016 0.965 5167.8 4.2941 14.389259 1.030934 14.812911 13.781977 26.99 8.4 757.3797 775.354797 33055.44347 48.128 16228.0 91.249 24343.0 101.96 "" "" 0.003176592998846981 0.006712405 0.0059130522 0.012625458 105.84418455136 -26.97566813583 766.322083 -3.306 3.5060000000000007 0.9
106.6339824699 -26.20799091886 0.0107 0.0142 54.2842 "" "" 5611053306818312320 680.295166 1.433 0.0174 -3.947 3.651 0.015 0.019 0.997 5028.4 4.3388 14.549981 1.160259 15.048256 13.887997 25.18 4.21 672.688904 687.513123 28507.17177 31.393 13065.0 50.273 22078.0 68.354 "" "" 0.0030035580851672703 0.0050238655 0.005057981 0.010081846 106.6339824699 -26.20799091886 680.295166 -3.946999999999999 3.651 0.9
105.27874664938 -26.00266192371 0.0106 0.013 41.5184 "" "" 2920770798592704640 806.911316 1.1995 0.0167 -3.202 3.375 0.013 0.016 0.995 5212.5 4.3323 14.55781 1.033786 14.992615 13.958829 4.99 4.56 796.506226 819.202087 28302.36065 46.182 13752.0 84.287 20684.0 103.63 "" "" 0.0032757414272133844 0.0072158263 0.006623753 0.013839579 105.27874664938 -26.00266192371 806.911316 -3.2020000000000004 3.3749999999999996 0.8
105.92363910312 -27.76559020889 0.0113 0.0137 72.282 "" "" 5610424695400318336 810.688477 1.1988 0.0174 -3.207 3.436 0.015 0.017 0.964 5634.5 4.4122 14.64544 1.022033 15.0706 14.048567 35.04 5.87 797.690063 821.43573 26107.82419 24.884 12799.0 51.455 19043.0 51.408 "" "" 0.0029432441843203843 0.005180496 0.0047827438 0.00996324 105.92363910312 -27.76559020889 810.688477 -3.207 3.436 0.8
104.90336084027 -26.5465791456 0.0115 0.0152 43.3904 "" "" 5610877144436359680 797.497437 1.2187 0.0182 -3.028 3.621 0.015 0.018 0.98 5022.0 4.3169 14.697355 1.153083 15.192557 14.039475 20.7 5.78 785.154358 809.626282 24888.8405 19.14 11439.0 34.033 19203.0 43.642 "" "" 0.00287905094608675 0.00426844 0.0045135748 0.008782014 104.90336084027 -26.5465791456 797.497437 -3.0280000000000005 3.6209999999999996 0.8
105.75214222695 -26.1056940631 0.0115 0.0147 28.2925 "" "" 5611279359535144960 743.565918 1.3058 0.0183 -3.326 3.502 0.015 0.018 0.995 5038.2 4.3383 14.706438 1.169353 15.209075 14.039722 47.67 6.23 734.615234 754.152222 24681.50837 24.37 11266.0 38.458 19199.0 51.71 "" "" 0.002956525678257637 0.0046391543 0.004778618 0.009417772 105.75214222695 -26.1056940631 743.565918 -3.3259999999999996 3.502 0.9
105.86262390817 -26.5450979936 0.0113 0.0143 8.3325 "" "" 5610843678050555008 737.038391 1.3186 0.0181 -3.39 3.629 0.015 0.018 1.054 5654.7 4.3876 14.714489 1.236861 15.253157 14.016295 "" "" 728.523254 747.251038 24499.15571 18.586 10818.0 34.476 19617.0 33.728 "" "" 0.002875802506244511 0.0044449577 0.0042152605 0.008660218 105.86262390817 -26.5450979936 737.038391 -3.3899999999999997 3.628999999999999 0.9
106.0231095361 -26.22610252695 0.0129 0.0169 26.8557 "" "" 5611228094803907840 765.282776 1.2709 0.0219 -3.303 3.552 0.016 0.022 1.139 4985.3 4.3371 14.822068 1.158396 15.320383 14.161987 31.53 4.58 753.570007 775.82312 22188.07309 10.498 10169.0 21.559 17154.0 19.493 "" "" 0.0028027984530741693 0.0036171128 0.0039756685 0.0075927814 106.0231095361 -26.22610252695 765.282776 -3.303 3.5519999999999996 0.8
106.17016882051 -25.63987105721 0.0121 0.0164 61.3593 "" "" 5611317876802355200 723.13562 1.3452 0.0213 -3.723 3.591 0.016 0.021 0.988 4917.3 4.3072 14.878858 1.239617 15.416806 14.177189 39.6 7.64 709.913696 732.697083 21057.35741 47.342 9304.5 66.835 16915.0 90.066 "" "" 0.003681066403943367 0.008283019 0.0069068996 0.015189919 106.17016882051 -25.63987105721 723.13562 -3.723 3.591 0.8
104.93728987556 -26.9527681414 0.0128 0.0154 47.2281 "" "" 5610757228947713792 810.478394 1.1961 0.0193 -3.013 3.328 0.016 0.018 1.021 5158.4 4.3845 14.903616 1.100599 15.371975 14.271376 "" "" 798.026855 822.701111 20582.60245 69.041 9696.8 112.56 15510.0 131.21 "" "" 0.004566772743376776 0.012908332 0.0099321725 0.022840504 104.93728987556 -26.9527681414 810.478394 -3.013 3.3280000000000007 0.9
105.39624906806 -26.12627713653 0.0116 0.0158 31.8469 "" "" 5610918238683834240 807.122742 1.2034 0.0193 -3.29 3.455 0.016 0.019 0.987 4971.6 4.3305 14.959369 1.162343 15.459337 14.296994 "" "" 793.263855 820.385803 19552.3657 25.563 8947.1 43.886 15148.0 48.406 "" "" 0.0030994810383347636 0.006012237 0.005130422 0.011142659 105.39624906806 -26.12627713653 807.122742 -3.290000000000001 3.4550000000000005 0.9
106.41408850897 -26.4972988625 0.0126 0.017 38.0229 "" "" 5611023620003476992 793.331299 1.22 0.0218 -3.525 3.401 0.016 0.022 0.923 4874.5 4.3514 15.074248 1.23017 15.610016 14.379846 "" "" 777.848206 806.591125 17589.24749 51.191 7787.7 88.986 14035.0 110.86 "" "" 0.004192449730476962 0.01271603 0.009371882 0.022087913 106.41408850897 -26.4972988625 793.331299 -3.524999999999999 3.4010000000000007 0.8
105.719012708 -25.6080676541 0.0128 0.0173 58.0658 "" "" 2921159579033346304 779.905396 1.2474 0.0217 -3.285 3.382 0.017 0.022 1.059 4808.0 4.3375 15.083877 1.192912 15.598884 14.405972 "" "" 768.367249 790.601868 17433.9575 29.259 7868.0 47.299 13702.0 58.017 "" "" 0.003303343212327688 0.0070983404 0.0059513184 0.013049658 105.719012708 -25.6080676541 779.905396 -3.285000000000001 3.3820000000000014 0.8
105.81575032833 -27.05287223236 0.0131 0.0174 29.1663 "" "" 5610603812718051584 758.359924 1.2725 0.0201 -3.337 3.537 0.017 0.022 1.011 4842.7 4.3574 15.091674 1.255359 15.639934 14.384575 "" "" 747.762085 770.429565 17309.20745 22.028 7576.1 36.888 13974.0 49.099 "" "" 0.003082362453810637 0.0059775873 0.0053699836 0.011347571 105.81575032833 -27.05287223236 758.359924 -3.337 3.537 1.0
105.50356102829 -27.48961755062 0.0131 0.0176 55.9405 "" "" 5610493002559852544 736.065063 1.3265 0.021 -3.328 3.634 0.018 0.025 0.939 4257.5 4.1047 15.146505 1.527453 15.854523 14.32707 "" "" 724.75647 747.862244 16456.77125 13.445 6217.4 18.576 14734.0 30.24 "" "" 0.002894584497689126 0.0042787786 0.0043874043 0.008666183 105.50356102829 -27.48961755062 736.065063 -3.328 3.6339999999999986 0.9
106.13626737491 -26.78684882104 0.0135 0.0177 26.0698 "" "" 5610636969866260480 768.52771 1.2639 0.0213 -3.224 3.526 0.018 0.023 1.012 4870.7 4.3726 15.192756 1.251263 15.735044 14.483781 "" "" 756.607056 783.292419 15770.45862 24.44 6940.6 36.081 12754.0 47.515 "" "" 0.003228457253469628 0.006296233 0.005535793 0.011832026 106.13626737491 -26.78684882104 768.52771 -3.224 3.526 0.9
105.85710397002 -25.81211834713 0.0139 0.0191 46.4896 "" "" 5611303720589378688 768.57373 1.259 0.0241 -3.733 3.369 0.018 0.024 1.001 4891.8 4.4097 15.259708 1.194738 15.77776 14.583021 "" "" 755.312683 782.213196 14827.34724 12.391 6672.9 22.032 11640.0 23.845 "" "" 0.0029008696021453977 0.0045426604 0.0043852795 0.008927939 105.85710397002 -25.81211834713 768.57373 -3.7329999999999997 3.3689999999999998 0.8
