Clusters/ASCC_32/ASCC_32_stars_in_region.tsv
# %ECSV 1.0
# ---
# datatype:
# - name: RA_ICRS_1
#   unit: deg
#   datatype: float64
#   format: '{:15.11f}'
#   description: Right ascension (ICRS) at Ep=2016.0 (ra)
#   meta: !!omap
#   - {ucd: POS_EQ_RA_MAIN}
#   - {width: 15}
#   - {precision: '11'}
# - name: DE_ICRS_1
#   unit: deg
#   datatype: float64
#   format: '{:15.11f}'
#   description: Declination (ICRS) at Ep=2016.0 (dec)
#   meta: !!omap
#   - {ucd: POS_EQ_DEC_MAIN}
#   - {width: 15}
#   - {precision: '11'}
# - name: e_RA_ICRS
#   unit: mas
#   datatype: float64
#   format: '{:7.4f}'
#   description: Standard error of right ascension (ra_error)
#   meta: !!omap
#   - {ucd: ERROR}
#   - {width: 7}
#   - {precision: '4'}
# - name: e_DE_ICRS
#   unit: mas
#   datatype: float64
#   format: '{:7.4f}'
#   description: Standard error of declination (dec_error)
#   meta: !!omap
#   - {ucd: ERROR}
#   - {width: 7}
#   - {precision: '4'}
# - name: _r_1
#   unit: ''
#   datatype: float64
#   format: '{:7.4f}'
#   description: Distance from center (105.71120589000-26.57580601000)[ICRS], at Epoch=J2016.0
#   meta: !!omap
#   - {ucd: POS_ANG_DIST_GENERAL}
#   - {width: 7}
#   - {precision: '4'}
# - name: HIP
#   datatype: int32
#   description: '? HIP cross-id number, van Leeuwen, Cat. I/311 (hip_original_ext_source_id)'
#   meta: !!omap
#   - {ucd: ID_NUMBER}
#   - {width: 6}
#   - values: {'null': -2147483648}
# - name: TYC2
#   datatype: string
#   description: Tycho-2 cross-id name, Hog et al., Cat. I/259 (tyc2_original_ext_source_id)
#   meta: !!omap
#   - {ucd: ID_CROSSID}
#   - {_votable_string_dtype: char}
# - name: Source
#   datatype: int64
#   description: Source identifier, identical to the Gaia-EDR3 source_id (id)
#   meta: !!omap
#   - {ucd: ID_MAIN}
#   - {width: 19}
# - name: rgeo
#   unit: pc
#   datatype: float64
#   format: '{:15.8f}'
#   description: '? Median of the geometric distance posterior (r_med_geo)'
#   meta: !!omap
#   - {ucd: PHYS_DISTANCE_TRUE}
#   - {width: 15}
#   - {precision: '8'}
#   - values: {'null': .nan}
# - name: Plx
#   unit: mas
#   datatype: float64
#   format: '{:9.4f}'
#   description: '? Parallax (parallax)'
#   meta: !!omap
#   - {ucd: POS_PARLX_TRIG}
#   - {width: 9}
#   - {precision: '4'}
#   - values: {'null': .nan}
# - name: e_Plx
#   unit: mas
#   datatype: float32
#   format: '{:7.4f}'
#   description: '? Standard error of parallax (parallax_error)'
#   meta: !!omap
#   - {ucd: ERROR}
#   - {width: 7}
#   - {precision: '4'}
#   - values: {'null': .nan}
# - name: pmRA
#   unit: mas / yr
#   datatype: float64
#   format: '{:9.3f}'
#   description: '? Proper motion in right ascension direction, pmRA*cosDE (pmra)'
#   meta: !!omap
#   - {ucd: POS_EQ_PMRA}
#   - {width: 9}
#   - {precision: '3'}
#   - values: {'null': .nan}
# - name: pmDE
#   unit: mas / yr
#   datatype: float64
#   format: '{:9.3f}'
#   description: '? Proper motion in declination direction (pmdec)'
#   meta: !!omap
#   - {ucd: POS_EQ_PMDEC}
#   - {width: 9}
#   - {precision: '3'}
#   - values: {'null': .nan}
# - name: e_pmRA
#   unit: mas / yr
#   datatype: float32
#   format: '{:6.3f}'
#   description: '? Standard error of proper motion in right ascension direction (pmra_error)'
#   meta: !!omap
#   - {ucd: ERROR}
#   - {width: 6}
#   - {precision: '3'}
#   - values: {'null': .nan}
# - name: e_pmDE
[...]
#         unit: &id001 !astropy.units.Unit {unit: deg}
#         value: !astropy.table.SerializedColumn {name: SkyCoord.dec}
#       distance: !astropy.table.SerializedColumn
#         __class__: astropy.coordinates.distances.Distance
#         unit: !astropy.units.Unit {unit: pc}
#         value: !astropy.table.SerializedColumn {name: SkyCoord.distance}
#       frame: icrs
#       obstime: !astropy.time.Time {format: jyear_str, in_subfmt: '*', jd1: 367701545.0, jd2: 0.0, out_subfmt: '*', precision: 3, scale: tt}
#       pm_dec: !astropy.table.SerializedColumn
#         __class__: astropy.units.quantity.Quantity
#         unit: !astropy.units.Unit {unit: mas / yr}
#         value: !astropy.table.SerializedColumn {name: SkyCoord.pm_dec}
#       pm_ra_cosdec: !astropy.table.SerializedColumn
#         __class__: astropy.units.quantity.Quantity
#         unit: !astropy.units.Unit {unit: mas / yr}
#         value: !astropy.table.SerializedColumn {name: SkyCoord.pm_ra_cosdec}
#       ra: !astropy.table.SerializedColumn
#         __class__: astropy.coordinates.angles.Longitude
#         unit: *id001
#         value: !astropy.table.SerializedColumn {name: SkyCoord.ra}
#         wrap_angle: !astropy.coordinates.Angle
#           unit: *id001
#           value: 360.0
#       representation_type: spherical
# schema: astropy-2.0
RA_ICRS_1 DE_ICRS_1 e_RA_ICRS e_DE_ICRS _r_1 HIP TYC2 Source rgeo Plx e_Plx pmRA pmDE e_pmRA e_pmDE RUWE Teff logg Gmag BP-RP BPmag RPmag RV e_RV b_rgeo B_rgeo FG e_FG FBP e_FBP FRP e_FRP RAVE5 RAVE6 e_Gmag e_BPmag e_RPmag e_BP-RP SkyCoord.ra SkyCoord.dec SkyCoord.distance SkyCoord.pm_ra_cosdec SkyCoord.pm_dec
[from data line 3368]
104.53152423561 -26.74344105278 0.0281 0.0356 64.0504 "" "" 2920623532753154944 933.186523 1.028 0.0457 -1.798 3.649 0.038 0.042 1.03 4578.8 4.4781 16.675009 1.279744 17.238956 15.959212 "" "" 895.367981 977.790161 4026.64379 1.9635 1737.1 8.747 3277.0 7.4551 "" "" 0.0028057244973612857 0.0061379517 0.0045149475 0.0106529 104.53152423561 -26.74344105278 933.186523 -1.798 3.649
104.61878812674 -26.20152389339 0.0264 0.0353 62.863 "" "" 2920750114029672704 931.976135 1.0446 0.0439 -0.259 -5.513 0.035 0.042 0.951 4483.3 4.5592 16.675964 1.425422 17.330288 15.904866 "" "" 899.563232 968.818054 4023.10245 2.0626 1597.0 8.0741 3445.2 7.5832 "" "" 0.002810986106436233 0.0061576767 0.0044715647 0.010629241 104.61878812674 -26.20152389339 931.976135 -0.2590000000000001 -5.513
105.36170234803 -26.31957873783 0.0306 0.0449 24.2666 "" "" 5610907106128818432 662.757263 1.4826 0.0547 -1.665 10.083 0.039 0.056 1.091 4291.5 4.5159 16.677065 1.688687 17.490353 15.801665 "" "" 638.859741 689.5495 4019.02558 1.9418 1378.1 8.0337 3788.7 7.7706 "" "" 0.0028048117432927025 0.006917061 0.0043866313 0.011303692 105.36170234803 -26.31957873783 662.757263 -1.6650000000000005 10.083000000000002
104.82189332867 -26.8511838333 0.0279 0.0368 50.446 "" "" 5610773446738451456 933.625 1.0498 0.0443 -11.564 2.496 0.037 0.045 1.036 4655.0 4.398 16.677593 1.240649 17.178217 15.937568 "" "" 898.879272 966.854187 4017.07328 2.2815 1837.1 7.0211 3343.0 8.3935 "" "" 0.0028234801436159453 0.0050003473 0.0046599335 0.009660281 104.82189332867 -26.8511838333 933.625 -11.564 2.4959999999999996
105.88214464944 -27.90167069539 0.0281 0.036 80.0728 "" "" 5610409645835015936 860.462952 1.138 0.0425 -2.328 7.164 0.037 0.042 0.973 4502.1 4.621 16.679836 1.464506 17.351469 15.886963 "" "" 827.635254 890.251892 4008.78035 2.0225 1566.1 7.5305 3502.5 9.9052 "" "" 0.00280924270883892 0.005919522 0.004869467 0.010788989 105.88214464944 -27.90167069539 860.462952 -2.328 7.163999999999999
105.05037933788 -27.03845716343 0.0276 0.0364 44.9766 "" "" 5610710259185314816 761.55011 1.2774 0.0442 2.36 5.182 0.035 0.045 0.995 4480.2 4.6097 16.684395 1.586987 17.437656 15.850669 "" "" 738.765747 788.007568 3991.98586 1.9449 1446.6 7.0985 3621.5 6.8131 "" "" 0.002805637301783867 0.006014132 0.004296032 0.010310164 105.05037933788 -27.03845716343 761.55011 2.3600000000000003 5.182
106.61872704299 -25.87532659477 0.0275 0.0369 64.4383 "" "" 5611254139486194816 766.070496 1.2863 0.0466 -14.442 10.564 0.035 0.042 1.065 4431.4 4.6504 16.685362 1.475922 17.344074 15.868153 "" "" 738.053772 793.443604 3988.43104 2.1466 1576.8 7.0644 3563.7 8.2963 "" "" 0.0028166034142849657 0.00560774 0.0045466986 0.010154439 106.61872704299 -25.87532659477 766.070496 -14.442 10.564000000000002
105.26173720186 -25.75342681528 0.028 0.0373 54.9596 "" "" 2920789868247378432 901.708313 1.0878 0.0468 -10.637 10.631 0.04 0.045 1.068 4397.8 4.4382 16.686089 1.43882 17.34987 15.911051 "" "" 866.490417 936.919556 3985.75951 1.865 1568.4 6.2893 3425.6 6.3744 "" "" 0.0028017649990296984 0.0051711444 0.004285504 0.0094566485 105.26173720186 -25.75342681528 901.708313 -10.637 10.631
105.54732150815 -26.53755901149 0.0296 0.0413 9.09 "" "" 5610840791832430208 780.080994 1.2603 0.0505 -5.978 -1.338 0.039 0.049 1.049 4254.5 4.6699 16.687973 1.773124 17.561016 15.787892 "" "" 748.171204 809.738403 3978.84673 1.9497 1291.3 8.1129 3837.1 8.1126 "" "" 0.002806215187826959 0.0073699723 0.0044218935 0.011791866 105.54732150815 -26.53755901149 780.080994 -5.977999999999999 -1.338
106.00620383455 -25.33547975475 0.027 0.0395 76.1021 "" "" 2921192976699720448 920.137451 1.0546 0.0522 -0.46 7.75 0.038 0.054 0.997 4449.5 4.5523 16.688591 1.371218 17.31518 15.943962 "" "" 880.820068 961.42627 3976.58834 1.8765 1619.4 7.8306 3323.3 7.7709 "" "" 0.0028025499912673287 0.005945443 0.0045529287 0.010498372 106.00620383455 -25.33547975475 920.137451 -0.46 7.750000000000001
105.68749321658 -26.00436580953 0.0262 0.0358 34.3101 "" "" 5611292691113460352 667.82196 1.475 0.0448 6.025 -13.011 0.035 0.046 1.015 4396.6 4.5584 16.690388 1.60697 17.44482 15.837851 "" "" 652.508606 684.960754 3970.00928 1.7768 1437.1 7.3054 3664.5 6.8746 "" "" 0.0027978410929682734 0.006184444 0.0042933025 0.010477746 105.68749321658 -26.00436580953 667.82196 6.025 -13.010999999999997
105.72707656999 -27.48712293313 0.2766 0.3806 54.6856 "" "" 5610575053618413312 727.914124 1.8479 0.4527 0.33 5.844 0.381 0.499 11.149 "" "" 16.692654 0.979089 16.76032 15.781232 "" "" 550.962463 963.729919 3961.73151 7.8643 2699.5 7.2196 3860.7 7.4449 "" "" 0.0034981319543548493 0.0040269857 0.004320574 0.00834756 105.72707656999 -27.48712293313 727.914124 0.32999999999999996 5.844000000000001
104.76267189707 -26.22208593834 0.0267 0.036 55.2185 "" "" 2920751900736027392 816.752808 1.2087 0.045 1.534 -6.478 0.034 0.043 1.0 4537.4 4.6265 16.693207 1.465242 17.374958 15.909716 "" "" 786.125183 841.851685 3959.71853 1.7094 1532.6 6.3827 3429.8 7.8183 "" "" 0.0027949021321108432 0.005313252 0.004517648 0.0098309 104.76267189707 -26.22208593834 816.752808 1.5339999999999998 -6.478
105.02592700413 -26.4185765477 0.0314 0.041 37.9876 "" "" 5610884359981346816 814.63446 1.2069 0.054 -5.131 0.456 0.04 0.051 1.055 4247.3 4.5481 16.694 1.765147 17.55587 15.790723 "" "" 774.116211 858.156494 3956.82455 2.0537 1297.4 6.9108 3827.1 7.3626 "" "" 0.0028123569785851615 0.0064212205 0.0043181693 0.01073939 105.02592700413 -26.4185765477 814.63446 -5.131 0.4559999999999999
105.9379644966 -25.74412360691 0.0267 0.0402 51.3734 "" "" 5611304442143837440 761.145874 1.2913 0.0494 -3.339 3.286 0.035 0.048 0.984 4132.2 4.6536 16.69517 1.799649 17.561413 15.761764 "" "" 732.19751 787.446777 3952.5614 7.3958 1290.8 13.26 3930.5 25.547 "" "" 0.003423309451814702 0.011497143 0.008005257 0.0195024 105.9379644966 -25.74412360691 761.145874 -3.3390000000000004 3.2860000000000005
105.68573691782 -27.92135054356 0.0296 0.0389 80.7441 "" "" 5610415830588096384 864.601624 1.1386 0.0474 -3.747 -2.062 0.041 0.053 1.024 4359.6 4.5593 16.698004 1.608186 17.460596 15.85241 "" "" 829.858398 908.873779 3942.26101 1.9656 1416.4 7.1338 3615.7 7.3355 "" "" 0.0028079963957873943 0.0061390814 0.004374443 0.0105135245 105.68573691782 -27.92135054356 864.601624 -3.747 -2.062
105.36838922379 -26.37411671028 0.0278 0.0387 22.0327 "" "" 5610893534032172160 840.839966 1.1593 0.0492 0.61 2.445 0.036 0.048 0.988 4544.7 4.5581 16.698679 1.387848 17.330446 15.942598 "" "" 789.990234 881.680054 3939.80604 1.8985 1596.8 8.8865 3327.5 7.4666 "" "" 0.0028045530739493397 0.0066554346 0.004496581 0.011152016 105.36838922379 -26.37411671028 840.839966 0.61 2.445
106.20229415114 -26.20406233158 0.0273 0.0377 34.5568 "" "" 5611230873640421632 803.175171 1.2234 0.0467 -3.327 4.732 0.036 0.051 1.002 4454.5 4.6946 16.702219 1.432526 17.250875 15.81835 "" "" 766.501282 832.237732 3926.98081 2.962 1718.2 22.031 3730.9 24.734 "" "" 0.0028744473324480166 0.014198314 0.008129779 0.022328094 106.20229415114 -26.20406233158 803.175171 -3.327 4.731999999999999
105.03384098123 -27.52063793272 0.0322 0.0438 67.2599 "" "" 5610680297494264064 634.429382 1.5438 0.0521 -11.402 4.762 0.043 0.053 1.139 4067.6 4.3207 16.702236 2.008234 17.711756 15.703522 "" "" 613.195435 656.777405 3926.9246 2.0077 1123.9 8.6047 4147.1 9.2713 "" "" 0.002810680425979393 0.008768291 0.004491707 0.013259998 105.03384098123 -27.52063793272 634.429382 -11.402000000000001 4.7620000000000005
104.52224961668 -27.14863219585 0.0295 0.04 72.327 "" "" 5610739911639958272 747.479309 1.3064 0.0485 1.613 -8.986 0.038 0.049 1.028 4489.2 4.6729 16.703255 1.563718 17.439402 15.875684 "" "" 722.853943 771.312561 3923.24296 2.0822 1444.3 12.796 3539.0 8.2436 "" "" 0.0028149314518919667 0.010015736 0.0045475177 0.014563254 104.52224961668 -27.14863219585 747.479309 1.613 -8.986000000000002
105.0148958018 -27.17141091615 0.0287 0.0354 51.632 "" "" 5610706754492080768 641.869019 1.5417 0.0419 1.391 5.966 0.038 0.044 1.027 4273.7 4.6766 16.70348 1.707012 17.526737 15.819725 "" "" 625.169006 658.302979 3922.42674 1.8327 1332.7 6.5425 3726.2 7.8524 "" "" 0.0028016312998703228 0.0060162325 0.004418006 0.010434238 105.0148958018 -27.17141091615 641.869019 1.391 5.966
106.58144813162 -26.80781413509 0.0588 0.0816 48.6828 "" "" 5610995135780547840 876.592407 1.1432 0.101 -6.2 9.592 0.08 0.104 2.065 4333.2 4.4016 16.703775 1.475134 17.357878 15.882744 "" "" 813.536987 980.076233 3921.35729 3.8029 1556.9 10.279 3516.1 8.6762 "" "" 0.002949655563774696 0.00769215 0.004632648 0.012324798 106.58144813162 -26.80781413509 876.592407 -6.199999999999999 9.592000000000002
106.79225347849 -26.03931608888 0.027 0.0384 66.4599 "" "" 5611060694161848192 798.490723 1.236 0.0469 11.027 -7.634 0.036 0.048 1.036 4476.3 4.6686 16.704065 1.565824 17.4427 15.876875 "" "" 771.734558 835.414185 3920.31176 1.8099 1439.9 7.018 3535.2 7.1032 "" "" 0.0028005437840695133 0.005982344 0.0043638134 0.0103461575 106.79225347849 -26.03931608888 798.490723 11.026999999999997 -7.634000000000001
106.93138500655 -26.8358254462 0.0282 0.0364 67.2358 "" "" 5610949574765655552 816.81897 1.2019 0.0459 -2.394 0.143 0.038 0.047 0.992 4498.3 4.6422 16.704426 1.56695 17.443636 15.876686 "" "" 786.790344 849.573975 3919.00981 1.9194 1438.7 7.1533 3535.8 10.162 "" "" 0.0028061637871567642 0.006076772 0.0049011093 0.010977881 106.93138500655 -26.8358254462 816.81897 -2.3939999999999997 0.14299999999999996
106.1777578171 -25.51162781573 0.03 0.0414 68.6253 "" "" 5611337290054483328 707.547668 1.401 0.0544 -1.216 -12.733 0.039 0.05 1.102 4332.8 4.6343 16.70518 1.59928 17.455551 15.856271 "" "" 677.74054 732.102356 3916.29371 1.9695 1423.0 6.6719 3602.9 7.5324 "" "" 0.0028089005720271128 0.0058051054 0.004408644 0.0102137495 106.1777578171 -25.51162781573 707.547668 -1.2160000000000004 -12.733000000000002
106.15322750067 -25.68342388027 0.0277 0.0393 58.5985 "" "" 5611317155247874944 904.601257 1.0838 0.0513 0.126 19.093 0.036 0.05 1.006 4471.7 4.4414 16.705313 1.327141 17.301386 15.974245 "" "" 863.964417 952.029053 3915.81012 1.81 1640.1 5.6543 3231.9 8.5747 "" "" 0.002800651944654874 0.0046686116 0.004752018 0.00942063 106.15322750067 -25.68342388027 904.601257 0.1259999999999999 19.093
104.69256521889 -26.74360027786 0.0275 0.0377 55.5407 "" "" 5610778841222735872 694.718689 1.4191 0.043 8.048 4.018 0.038 0.048 0.998 4457.0 4.6726 16.70543 1.522804 17.421436 15.898632 "" "" 675.92688 711.831848 3915.39117 1.8629 1468.4 8.3257 3465.0 9.0887 "" "" 0.0028033275999267814 0.0067588273 0.00473225 0.011491077 104.69256521889 -26.74360027786 694.718689 8.047999999999998 4.018
105.81213651079 -27.04758313924 0.0288 0.0406 28.818 "" "" 5610603808417217280 837.696472 1.1688 0.0454 -2.235 2.905 0.038 0.051 1.074 4393.3 4.4857 16.706165 1.442064 17.36985 15.927786 "" "" 810.69873 868.9823 3912.73362 1.8818 1539.8 5.6334 3373.2 9.8231 "" "" 0.002804364080046016 0.004854213 0.0049275286 0.009781742 105.81213651079 -27.04758313924 837.696472 -2.235 2.9050000000000002
106.48739037313 -26.91276117924 0.0296 0.0409 46.2426 "" "" 5610617590974151936 816.019409 1.2056 0.0492 3.27 4.008 0.041 0.055 0.988 4501.9 4.5748 16.708866 1.430863 17.368746 15.937882 "" "" 785.568909 850.207092 3903.01468 2.0921 1541.4 10.245 3342.0 12.104 "" "" 0.00281611216299346 0.007737024 0.005454055 0.01319108 106.48739037313 -26.91276117924 816.019409 3.27 4.008
106.43778329458 -26.86747614793 0.0293 0.0406 42.6905 "" "" 5610618690485544448 881.125183 1.1146 0.0495 0.692 6.927 0.041 0.057 1.0 4349.1 4.5343 16.711424 1.422553 17.36633 15.943776 "" "" 846.149841 923.984924 3893.8332 1.9492 1544.8 6.4029 3323.9 8.0149 "" "" 0.0028084135863364057 0.0052949563 0.004597587 0.009892544 106.43778329458 -26.86747614793 881.125183 0.6919999999999998 6.926999999999999
104.44655208744 -26.10638443522 0.0273 0.0368 73.6022 "" "" 2920799076658072832 876.618713 1.1186 0.0448 2.657 4.999 0.037 0.049 0.958 4554.7 4.627 16.71153 1.393835 17.351326 15.957491 "" "" 847.087769 913.276001 3893.44577 1.7243 1566.3 8.5841 3282.2 9.0821 "" "" 0.002796962476281128 0.00657206 0.0048280056 0.011400065 104.44655208744 -26.10638443522 876.618713 2.657 4.999
106.83931400529 -26.90307359871 0.1988 0.2463 63.5572 "" "" 5610948917626993024 658.487732 1.6161 0.3212 -0.747 0.944 0.268 0.303 6.597 "" "" 16.712294 0.888285 16.951674 16.063389 "" "" 546.855286 803.077454 3890.71105 13.091 2263.3 8.2343 2977.2 7.5106 "" "" 0.004575732976128681 0.0048361546 0.004667527 0.009503681 106.83931400529 -26.90307359871 658.487732 -0.7469999999999999 0.944
104.66521788052 -25.63982655786 0.0286 0.0406 79.5591 "" "" 2920850921200638720 772.890869 1.2702 0.0528 5.955 -15.187 0.042 0.053 1.012 4422.2 4.5175 16.714684 1.387594 17.346489 15.958895 "" "" 740.061768 807.42334 3882.16088 1.9121 1573.3 9.0331 3277.9 7.2985 "" "" 0.002806734911701503 0.0068296944 0.004486415 0.011316109 104.66521788052 -25.63982655786 772.890869 5.955 -15.187
106.55688085625 -27.19888082184 0.0309 0.0429 58.6992 "" "" 5610562409225683328 708.731262 1.3616 0.0512 -3.193 3.669 0.04 0.057 1.147 "" "" 16.715832 1.896896 17.145042 15.248146 "" "" 681.690308 739.230225 3878.05602 5.6366 1894.1 15.519 6308.1 41.962 "" "" 0.003175233533200498 0.009323108 0.008151495 0.017474603 106.55688085625 -27.19888082184 708.731262 -3.1929999999999996 3.6689999999999996
104.55807463936 -26.07546111284 0.0275 0.0359 68.8963 "" "" 2920804604274886016 918.344299 1.0812 0.0446 -4.482 3.664 0.036 0.043 1.001 4545.4 4.6203 16.716375 1.431426 17.382338 15.950912 "" "" 879.59552 970.83783 3876.11184 1.8743 1522.2 7.8878 3302.1 9.2616 "" "" 0.0028048929247989243 0.0062799845 0.004853571 0.011133555 104.55807463936 -26.07546111284 918.344299 -4.481999999999999 3.664
105.88854483963 -26.17268338949 0.0282 0.0367 25.9981 "" "" 5611276301518397952 663.355774 1.48 0.0454 3.888 -4.685 0.037 0.044 0.99 4349.3 4.6289 16.716774 1.688657 17.507254 15.818597 "" "" 647.182556 679.747803 3874.69132 1.9477 1356.8 7.1696 3730.1 14.546 "" "" 0.0028088527491363126 0.006379736 0.005675403 0.012055139 105.88854483963 -26.17268338949 663.355774 3.8879999999999995 -4.6850000000000005
106.39615511502 -26.45919505919 0.0282 0.0377 37.4331 "" "" 5611024547716411520 912.392334 1.0804 0.05 -4.404 3.18 0.04 0.05 0.982 4523.8 4.6229 16.716967 1.412979 17.37001 15.957031 "" "" 872.944275 953.262695 3874.00338 1.93 1539.6 5.3577 3283.6 6.6554 "" "" 0.0028079117551328956 0.0046968595 0.0043733884 0.009070247 106.39615511502 -26.45919505919 912.392334 -4.403999999999999 3.1800000000000006
106.3117308746 -25.9064104015 0.0272 0.0381 51.5516 "" "" 5611263382256029952 640.96521 1.5345 0.0485 -1.67 4.266 0.036 0.053 0.962 4206.6 4.5177 16.720009 1.743608 17.561762 15.818153 "" "" 622.791016 660.154236 3863.16792 5.5858 1290.4 10.833 3731.6 16.235 "" "" 0.003171168367234812 0.009532325 0.0060495446 0.0155818695 106.3117308746 -25.9064104015 640.96521 -1.67 4.266
105.55894757749 -26.41728643048 0.0293 0.0405 12.5422 "" "" 5610890957051712896 871.158997 1.1175 0.048 3.685 -4.505 0.039 0.047 1.019 4483.8 4.6196 16.72217 1.389795 17.357292 15.967497 "" "" 839.532166 908.919617 3855.48272 1.9654 1557.8 6.8677 3252.1 8.7828 "" "" 0.0028103597371908757 0.0055404194 0.0047834627 0.010323882 105.55894757749 -26.41728643048 871.158997 3.684999999999999 -4.505
104.7960404996 -27.233454762 0.0281 0.0347 62.8862 "" "" 5610746439990085888 898.123718 1.082 0.0426 -2.182 0.926 0.038 0.042 1.048 4612.0 4.6292 16.722174 1.37959 17.346487 15.966897 "" "" 871.276855 931.52179 3855.46848 1.7438 1573.3 5.5369 3253.9 8.6434 "" "" 0.00279873893289588 0.0047313054 0.0047541084 0.009485414 104.7960404996 -27.233454762 898.123718 -2.1819999999999995 0.9260000000000002
