Clusters/ASCC_32/ASCC_32_members.tsv
# %ECSV 1.0
# ---
# datatype:
# - name: RA_ICRS_1
#   unit: deg
#   datatype: float64
#   format: '{:15.11f}'
#   description: Right ascension (ICRS) at Ep=2016.0 (ra)
#   meta: !!omap
#   - {ucd: POS_EQ_RA_MAIN}
#   - {width: 15}
#   - {precision: '11'}
# - name: DE_ICRS_1
#   unit: deg
#   datatype: float64
#   format: '{:15.11f}'
#   description: Declination (ICRS) at Ep=2016.0 (dec)
#   meta: !!omap
#   - {ucd: POS_EQ_DEC_MAIN}
#   - {width: 15}
#   - {precision: '11'}
# - name: e_RA_ICRS
#   unit: mas
#   datatype: float64
#   format: '{:7.4f}'
#   description: Standard error of right ascension (ra_error)
#   meta: !!omap
#   - {ucd: ERROR}
#   - {width: 7}
#   - {precision: '4'}
# - name: e_DE_ICRS
#   unit: mas
#   datatype: float64
#   format: '{:7.4f}'
#   description: Standard error of declination (dec_error)
#   meta: !!omap
#   - {ucd: ERROR}
#   - {width: 7}
#   - {precision: '4'}
# - name: _r_1
#   unit: ''
#   datatype: float64
#   format: '{:7.4f}'
#   description: Distance from center (105.71120589000-26.57580601000)[ICRS], at Epoch=J2016.0
#   meta: !!omap
#   - {ucd: POS_ANG_DIST_GENERAL}
#   - {width: 7}
#   - {precision: '4'}
# - name: HIP
#   datatype: int32
#   description: '? HIP cross-id number, van Leeuwen, Cat. I/311 (hip_original_ext_source_id)'
#   meta: !!omap
#   - {ucd: ID_NUMBER}
#   - {width: 6}
#   - values: {'null': -2147483648}
# - name: TYC2
#   datatype: string
#   description: Tycho-2 cross-id name, Hog et al., Cat. I/259 (tyc2_original_ext_source_id)
#   meta: !!omap
#   - {ucd: ID_CROSSID}
#   - {_votable_string_dtype: char}
# - name: Source
#   datatype: int64
#   description: Source identifier, identical to the Gaia-EDR3 source_id (id)
#   meta: !!omap
#   - {ucd: ID_MAIN}
#   - {width: 19}
# - name: rgeo
#   unit: pc
#   datatype: float64
#   format: '{:15.8f}'
#   description: '? Median of the geometric distance posterior (r_med_geo)'
#   meta: !!omap
#   - {ucd: PHYS_DISTANCE_TRUE}
#   - {width: 15}
#   - {precision: '8'}
#   - values: {'null': .nan}
# - name: Plx
#   unit: mas
#   datatype: float64
#   format: '{:9.4f}'
#   description: '? Parallax (parallax)'
#   meta: !!omap
#   - {ucd: POS_PARLX_TRIG}
#   - {width: 9}
#   - {precision: '4'}
#   - values: {'null': .nan}
# - name: e_Plx
#   unit: mas
#   datatype: float32
#   format: '{:7.4f}'
#   description: '? Standard error of parallax (parallax_error)'
#   meta: !!omap
#   - {ucd: ERROR}
#   - {width: 7}
#   - {precision: '4'}
#   - values: {'null': .nan}
# - name: pmRA
#   unit: mas / yr
#   datatype: float64
#   format: '{:9.3f}'
#   description: '? Proper motion in right ascension direction, pmRA*cosDE (pmra)'
#   meta: !!omap
#   - {ucd: POS_EQ_PMRA}
#   - {width: 9}
#   - {precision: '3'}
#   - values: {'null': .nan}
# - name: pmDE
#   unit: mas / yr
#   datatype: float64
#   format: '{:9.3f}'
#   description: '? Proper motion in declination direction (pmdec)'
#   meta: !!omap
#   - {ucd: POS_EQ_PMDEC}
#   - {width: 9}
#   - {precision: '3'}
#   - values: {'null': .nan}
# - name: e_pmRA
#   unit: mas / yr
#   datatype: float32
#   format: '{:6.3f}'
#   description: '? Standard error of proper motion in right ascension direction (pmra_error)'
#   meta: !!omap
#   - {ucd: ERROR}
#   - {width: 6}
#   - {precision: '3'}
#   - values: {'null': .nan}
# - name: e_pmDE
[...]
#       distance: !astropy.table.SerializedColumn
#         __class__: astropy.coordinates.distances.Distance
#         unit: !astropy.units.Unit {unit: pc}
#         value: !astropy.table.SerializedColumn {name: SkyCoord.distance}
#       frame: icrs
#       obstime: !astropy.time.Time {format: jyear_str, in_subfmt: '*', jd1: 367701545.0, jd2: 0.0, out_subfmt: '*', precision: 3, scale: tt}
#       pm_dec: !astropy.table.SerializedColumn
#         __class__: astropy.units.quantity.Quantity
#         unit: !astropy.units.Unit {unit: mas / yr}
#         value: !astropy.table.SerializedColumn {name: SkyCoord.pm_dec}
#       pm_ra_cosdec: !astropy.table.SerializedColumn
#         __class__: astropy.units.quantity.Quantity
#         unit: !astropy.units.Unit {unit: mas / yr}
#         value: !astropy.table.SerializedColumn {name: SkyCoord.pm_ra_cosdec}
#       ra: !astropy.table.SerializedColumn
#         __class__: astropy.coordinates.angles.Longitude
#         unit: *id001
#         value: !astropy.table.SerializedColumn {name: SkyCoord.ra}
#         wrap_angle: !astropy.coordinates.Angle
#           unit: *id001
#           value: 360.0
#       representation_type: spherical
# schema: astropy-2.0
RA_ICRS_1 DE_ICRS_1 e_RA_ICRS e_DE_ICRS _r_1 HIP TYC2 Source rgeo Plx e_Plx pmRA pmDE e_pmRA e_pmDE RUWE Teff logg Gmag BP-RP BPmag RPmag RV e_RV b_rgeo B_rgeo FG e_FG FBP e_FBP FRP e_FRP RAVE5 RAVE6 e_Gmag e_BPmag e_RPmag e_BP-RP SkyCoord.ra SkyCoord.dec SkyCoord.distance SkyCoord.pm_ra_cosdec SkyCoord.pm_dec rmRA rmDE e_rmRA e_rmDE rRV e_rRV v_pec v_pec3d e_vpec e_vpec3d Pmemb
[from data line 56]
105.37478846692 -25.30562309607 0.008 0.0113 78.3426 "" "" 2921229153201817728 776.907471 1.2489 0.0139 -3.368 3.646 0.01 0.014 0.966 5784.9 4.3361 14.062731 0.817716 14.388932 13.571217 21.25 7.13 768.626953 787.031982 44653.39055 35.681 23980.0 73.295 29558.0 72.429 "" "" 0.0028886805306098137 0.004335652 0.004621898 0.00895755 105.37478846692 -25.30562309607 776.907471 -3.368 3.646000000000001 -0.10467597770690906 0.14339813804626456 0.17978597 0.18378596 -11.964457831325305 10.678461 0.653794613879974 11.982307732432007 0.11925568298783272 10.662555484052312 0.8
106.07663663602 -27.07163498352 0.0086 0.0111 35.6075 "" "" 5610611887257537408 772.72113 1.2591 0.014 -3.302 3.529 0.011 0.013 0.991 5155.6 4.2328 14.098501 0.974557 14.492946 13.518389 33.28 4.41 764.986877 779.947754 43206.22572 74.328 21789.0 130.44 31032.0 130.43 "" "" 0.0033287335758484787 0.007073332 0.0059252577 0.01299859 106.07663663602 -27.07163498352 772.72113 -3.3020000000000014 3.5290000000000004 -0.038675977706909226 0.026398138046264563 0.18078595 0.18278596 0.0655421686746962 7.9584613 0.17151023395574824 0.18360701573234564 0.031116067050946956 2.8410794083689113 1.0
105.59657688822 -27.3187107284 0.0095 0.0119 44.9939 "" "" 5610592508364468224 822.511353 1.1771 0.0144 -3.082 3.379 0.012 0.016 0.992 5276.2 4.2526 14.165191 0.992773 14.577347 13.584574 -14.78 5.04 814.753113 831.779541 40632.20472 26.151 20159.0 44.574 29196.0 53.312 "" "" 0.0028425493479664176 0.0036808127 0.004267817 0.00794863 105.59657688822 -27.3187107284 822.511353 -3.0820000000000003 3.379 0.18132402229309097 -0.12360186195373535 0.18178596 0.18578596 -47.994457831325306 8.588461 0.8555485116276139 48.00208272334245 0.15662049491680183 8.587097141675759 0.8
105.3012199532 -26.61783378314 0.0092 0.0123 22.1401 "" "" 5610864259534325248 808.920715 1.1989 0.0149 -3.087 3.563 0.012 0.016 1.034 5735.5 4.2666 14.295657 1.02715 14.72142 13.69427 44.14 9.53 800.012512 820.50824 36031.64201 44.753 17654.0 91.389 26391.0 97.115 "" "" 0.003067627304205391 0.0062749577 0.0054996856 0.011774643 105.3012199532 -26.61783378314 808.920715 -3.087 3.5630000000000006 0.17632402229309063 0.060398138046264815 0.18178596 0.18578596 10.925542168674696 13.078461 0.7146399716018814 10.948889531294949 0.13021464460831894 13.050575010348583 0.8
105.52542568217 -26.55453396009 0.0094 0.0128 10.0514 "" "" 5610887589797404672 801.550293 1.2108 0.015 -3.182 3.368 0.012 0.016 1.0 5687.3 4.3263 14.366381 1.001531 14.784397 13.782867 16.56 5.87 793.157532 809.654907 33759.36988 44.313 16659.0 84.424 24323.0 87.002 "" "" 0.003102071384437812 0.006169274 0.0054190597 0.011588333 105.52542568217 -26.55453396009 801.550293 -3.1820000000000004 3.3680000000000003 0.08132402229309088 -0.13460186195373547 0.18178596 0.18578596 -16.654457831325306 9.418461 0.5974921744353127 16.665172142942428 0.11037160587492224 9.412406395313184 0.8
105.84418455136 -26.97566813583 0.0097 0.0133 25.0268 "" "" 5610605221467316224 766.322083 1.2705 0.0153 -3.306 3.506 0.013 0.016 0.965 5167.8 4.2941 14.389259 1.030934 14.812911 13.781977 26.99 8.4 757.3797 775.354797 33055.44347 48.128 16228.0 91.249 24343.0 101.96 "" "" 0.003176592998846981 0.006712405 0.0059130522 0.012625458 105.84418455136 -26.97566813583 766.322083 -3.306 3.506000000000001 -0.04267597770690923 0.0033981380462644317 0.18278596 0.18578596 -6.2244578313253065 11.948462 0.15550544880847111 6.22640002236895 0.028427175668262524 11.944734489114227 0.9
106.6339824699 -26.20799091886 0.0107 0.0142 54.2842 "" "" 5611053306818312320 680.295166 1.433 0.0174 -3.947 3.651 0.015 0.019 0.997 5028.4 4.3388 14.549981 1.160259 15.048256 13.887997 25.18 4.21 672.688904 687.513123 28507.17177 31.393 13065.0 50.273 22078.0 68.354 "" "" 0.0030035580851672703 0.0050238655 0.005057981 0.010081846 106.6339824699 -26.20799091886 680.295166 -3.946999999999999 3.651 -0.6836759777069092 0.14839813804626445 0.18478596 0.18878596 -8.034457831325305 7.7584615 2.25591728338189 8.345158802132268 0.417272055465325 7.470455653314232 0.9
105.27874664938 -26.00266192371 0.0106 0.013 41.5184 "" "" 2920770798592704640 806.911316 1.1995 0.0167 -3.202 3.375 0.013 0.016 0.995 5212.5 4.3323 14.55781 1.033786 14.992615 13.958829 4.99 4.56 796.506226 819.202087 28302.36065 46.182 13752.0 84.287 20684.0 103.63 "" "" 0.0032757414272133844 0.0072158263 0.006623753 0.013839579 105.27874664938 -26.00266192371 806.911316 -3.2020000000000004 3.3749999999999996 0.06132402229309086 -0.12760186195373535 0.18278596 0.18578596 -28.224457831325303 8.108461 0.5414821093525044 28.229651481146718 0.1002969861093002 8.106969825455955 0.8
105.92363910312 -27.76559020889 0.0113 0.0137 72.282 "" "" 5610424695400318336 810.688477 1.1988 0.0174 -3.207 3.436 0.015 0.017 0.964 5634.5 4.4122 14.64544 1.022033 15.0706 14.048567 35.04 5.87 797.690063 821.43573 26107.82419 24.884 12799.0 51.455 19043.0 51.408 "" "" 0.0029432441843203843 0.005180496 0.0047827438 0.00996324 105.92363910312 -27.76559020889 810.688477 -3.207 3.436 0.05632402229309097 -0.06660186195373541 0.18478596 0.18678597 1.8255421686746942 9.418461 0.3351763768000529 1.85605695310632 0.062327601955878865 9.26362205685545 0.8
104.90336084027 -26.5465791456 0.0115 0.0152 43.3904 "" "" 5610877144436359680 797.497437 1.2187 0.0182 -3.028 3.621 0.015 0.018 0.98 5022.0 4.3169 14.697355 1.153083 15.192557 14.039475 20.7 5.78 785.154358 809.626282 24888.8405 19.14 11439.0 34.033 19203.0 43.642 "" "" 0.00287905094608675 0.00426844 0.0045135748 0.008782014 104.90336084027 -26.5465791456 797.497437 -3.0280000000000005 3.6209999999999996 0.2353240222930908 0.11839813804626464 0.18478596 0.18778595 -12.514457831325306 9.328462 0.9958027879828057 12.554014417889347 0.18461773690566097 9.299080022094108 0.8
105.75214222695 -26.1056940631 0.0115 0.0147 28.2925 "" "" 5611279359535144960 743.565918 1.3058 0.0183 -3.326 3.502 0.015 0.018 0.995 5038.2 4.3383 14.706438 1.169353 15.209075 14.039722 47.67 6.23 734.615234 754.152222 24681.50837 24.37 11266.0 38.458 19199.0 51.71 "" "" 0.002956525678257637 0.0046391543 0.004778618 0.009417772 105.75214222695 -26.1056940631 743.565918 -3.3259999999999996 3.502 -0.06267597770690925 -0.0006018619537355718 0.18478596 0.18778595 14.455542168674697 9.778461 0.22091182181923516 14.457230074372886 0.040821465138104245 9.777319824529378 0.9
105.86262390817 -26.5450979936 0.0113 0.0143 8.3325 "" "" 5610843678050555008 737.038391 1.3186 0.0181 -3.39 3.629 0.015 0.018 1.054 5654.7 4.3876 14.714489 1.236861 15.253157 14.016295 "" "" 728.523254 747.251038 24499.15571 18.586 10818.0 34.476 19617.0 33.728 "" "" 0.002875802506244511 0.0044449577 0.0042152605 0.008660218 105.86262390817 -26.5450979936 737.038391 -3.3899999999999997 3.628999999999999 -0.1266759777069093 0.12639813804626465 0.18478596 0.18778595 "" "" 0.6251747710342748 "" 0.11646299735552447 "" 0.9
106.0231095361 -26.22610252695 0.0129 0.0169 26.8557 "" "" 5611228094803907840 765.282776 1.2709 0.0219 -3.303 3.552 0.016 0.022 1.139 4985.3 4.3371 14.822068 1.158396 15.320383 14.161987 31.53 4.58 753.570007 775.82312 22188.07309 10.498 10169.0 21.559 17154.0 19.493 "" "" 0.0028027984530741693 0.0036171128 0.0039756685 0.0075927814 106.0231095361 -26.22610252695 765.282776 -3.303 3.5519999999999996 -0.039675977706909116 0.049398138046264695 0.18578596 0.19178596 -1.6844578313253038 8.128462 0.22983088970026933 1.7000648291678653 0.0435427909571024 8.053842783852657 0.8
106.17016882051 -25.63987105721 0.0121 0.0164 61.3593 "" "" 5611317876802355200 723.13562 1.3452 0.0213 -3.723 3.591 0.016 0.021 0.988 4917.3 4.3072 14.878858 1.239617 15.416806 14.177189 39.6 7.64 709.913696 732.697083 21057.35741 47.342 9304.5 66.835 16915.0 90.066 "" "" 0.003681066403943367 0.008283019 0.0069068996 0.015189919 106.17016882051 -25.63987105721 723.13562 -3.723 3.591 -0.45967597770690904 0.08839813804626484 0.18578596 0.19078596 6.3855421686746965 11.188461 1.604483941679643 6.584035047524473 0.2983804042054159 10.85139962900936 0.8
104.93728987556 -26.9527681414 0.0128 0.0154 47.2281 "" "" 5610757228947713792 810.478394 1.1961 0.0193 -3.013 3.328 0.016 0.018 1.021 5158.4 4.3845 14.903616 1.100599 15.371975 14.271376 "" "" 798.026855 822.701111 20582.60245 69.041 9696.8 112.56 15510.0 131.21 "" "" 0.004566772743376776 0.012908332 0.0099321725 0.022840504 104.93728987556 -26.9527681414 810.478394 -3.013 3.328000000000001 0.2503240222930909 -0.1746018619537355 0.18578596 0.18778595 "" "" 1.1724825260247553 "" 0.21860103064871694 "" 0.9
105.39624906806 -26.12627713653 0.0116 0.0158 31.8469 "" "" 5610918238683834240 807.122742 1.2034 0.0193 -3.29 3.455 0.016 0.019 0.987 4971.6 4.3305 14.959369 1.162343 15.459337 14.296994 "" "" 793.263855 820.385803 19552.3657 25.563 8947.1 43.886 15148.0 48.406 "" "" 0.0030994810383347636 0.006012237 0.005130422 0.011142659 105.39624906806 -26.12627713653 807.122742 -3.2900000000000014 3.455 -0.026675977706909215 -0.04760186195373528 0.18578596 0.18878596 "" "" 0.20875990785651344 "" 0.039262172042528305 "" 0.9
106.41408850897 -26.4972988625 0.0126 0.017 38.0229 "" "" 5611023620003476992 793.331299 1.22 0.0218 -3.525 3.401 0.016 0.022 0.923 4874.5 4.3514 15.074248 1.23017 15.610016 14.379846 "" "" 777.848206 806.591125 17589.24749 51.191 7787.7 88.986 14035.0 110.86 "" "" 0.004192449730476962 0.01271603 0.009371882 0.022087913 106.41408850897 -26.4972988625 793.331299 -3.5249999999999986 3.4010000000000007 -0.2616759777069091 -0.10160186195373555 0.18578596 0.19178596 "" "" 1.055573494330177 "" 0.19695205314250058 "" 0.8
105.719012708 -25.6080676541 0.0128 0.0173 58.0658 "" "" 2921159579033346304 779.905396 1.2474 0.0217 -3.285 3.382 0.017 0.022 1.059 4808.0 4.3375 15.083877 1.192912 15.598884 14.405972 "" "" 768.367249 790.601868 17433.9575 29.259 7868.0 47.299 13702.0 58.017 "" "" 0.003303343212327688 0.0070983404 0.0059513184 0.013049658 105.719012708 -25.6080676541 779.905396 -3.285000000000002 3.3820000000000023 -0.021675977706909322 -0.12060186195373523 0.18678597 0.19178596 "" "" 0.4529789035693172 "" 0.08680501577557251 "" 0.8
105.81575032833 -27.05287223236 0.0131 0.0174 29.1663 "" "" 5610603812718051584 758.359924 1.2725 0.0201 -3.337 3.537 0.017 0.022 1.011 4842.7 4.3574 15.091674 1.255359 15.639934 14.384575 "" "" 747.762085 770.429565 17309.20745 22.028 7576.1 36.888 13974.0 49.099 "" "" 0.003082362453810637 0.0059775873 0.0053699836 0.011347571 105.81575032833 -27.05287223236 758.359924 -3.337 3.537 -0.07367597770690937 0.03439813804626457 0.18678597 0.19178596 "" "" 0.292280490956721 "" 0.054858299602115745 "" 1.0
105.50356102829 -27.48961755062 0.0131 0.0176 55.9405 "" "" 5610493002559852544 736.065063 1.3265 0.021 -3.328 3.634 0.018 0.025 0.939 4257.5 4.1047 15.146505 1.527453 15.854523 14.32707 "" "" 724.75647 747.862244 16456.77125 13.445 6217.4 18.576 14734.0 30.24 "" "" 0.002894584497689126 0.0042787786 0.0043874043 0.008666183 105.50356102829 -27.48961755062 736.065063 -3.328 3.633999999999998 -0.06467597770690903 0.13139813804626455 0.18778595 0.19478597 "" "" 0.5109666211240228 "" 0.0988417280914166 "" 0.9
106.13626737491 -26.78684882104 0.0135 0.0177 26.0698 "" "" 5610636969866260480 768.52771 1.2639 0.0213 -3.224 3.526 0.018 0.023 1.012 4870.7 4.3726 15.192756 1.251263 15.735044 14.483781 "" "" 756.607056 783.292419 15770.45862 24.44 6940.6 36.081 12754.0 47.515 "" "" 0.003228457253469628 0.006296233 0.005535793 0.011832026 106.13626737491 -26.78684882104 768.52771 -3.224 3.526 0.03932402229309062 0.02339813804626445 0.18778595 0.19278596 "" "" 0.16669048917701984 "" 0.031522180813565115 "" 0.9
105.85710397002 -25.81211834713 0.0139 0.0191 46.4896 "" "" 5611303720589378688 768.57373 1.259 0.0241 -3.733 3.369 0.018 0.024 1.001 4891.8 4.4097 15.259708 1.194738 15.77776 14.583021 "" "" 755.312683 782.213196 14827.34724 12.391 6672.9 22.032 11640.0 23.845 "" "" 0.0029008696021453977 0.0045426604 0.0043852795 0.008927939 105.85710397002 -25.81211834713 768.57373 -3.7329999999999997 3.3689999999999998 -0.4696759777069093 -0.13360186195373513 0.18778595 0.19378597 "" "" 1.7789263620798093 "" 0.33486816366541966 "" 0.8
106.02082127687 -26.4500190167 0.0138 0.0186 18.2563 "" "" 5611209437466214016 809.897522 1.2022 0.0233 -3.133 3.432 0.018 0.024 0.979 4653.9 4.2391 15.30965 1.400915 15.942476 14.541561 "" "" 796.854309 822.956421 14160.75903 12.697 5733.6 20.787 12093.0 31.097 "" "" 0.0029222430310869157 0.0048248884 0.004698803 0.009523692 106.02082127687 -26.4500190167 809.897522 -3.1329999999999996 3.4320000000000017 0.1303240222930908 -0.07060186195373541 0.18778595 0.19378597 "" "" 0.5690013493620165 "" 0.10763457744314261 "" 0.9
105.55304905823 -26.40140008774 0.0143 0.0187 13.4773 "" "" 5610891163210141440 780.885681 1.246 0.0229 -3.279 3.407 0.018 0.022 0.995 4775.5 4.3901 15.314423 1.273509 15.874326 14.600817 "" "" 768.575562 794.864197 14098.66011 21.065 6105.0 33.877 11451.0 53.517 "" "" 0.0031973997423977176 0.0066395346 0.006327071 0.012966606 105.55304905823 -26.40140008774 780.885681 -3.2790000000000004 3.406999999999999 -0.015675977706909094 -0.09560186195373532 0.18778595 0.19178596 "" "" 0.35858606137104515 "" 0.06873459906006985 "" 1.0
105.42756582576 -26.00014376334 0.015 0.0188 37.7599 "" "" 5610921601638595584 779.082397 1.2427 0.0233 -3.456 3.365 0.02 0.022 0.958 4874.6 4.452 15.435047 1.242705 15.978837 14.736132 "" "" 767.846741 793.852966 12616.18049 15.475 5544.8 30.392 10109.0 34.928 "" "" 0.003060291349242021 0.006572725 0.005325082 0.011897807 105.42756582576 -26.00014376334 779.082397 -3.4559999999999995 3.3649999999999993 -0.19267597770690914 -0.13760186195373514 0.18978596 0.19178596 "" "" 0.8743427509954247 "" 0.1665306675095943 "" 0.8
106.59487175451 -27.60470183218 0.0157 0.0195 77.7115 "" "" 5609784436038788736 808.274414 1.1926 0.0246 -3.125 3.34 0.021 0.025 0.989 4731.9 4.3398 15.479532 1.300569 16.056797 14.756228 "" "" 793.427063 824.953857 12109.70987 10.189 5160.6 17.533 9923.5 22.815 "" "" 0.0029028130894091374 0.004625148 0.0045293216 0.00915447 106.59487175451 -27.60470183218 808.274414 -3.124999999999999 3.3400000000000016 0.13832402229309082 -0.1626018619537355 0.19078596 0.19478597 "" "" 0.8178817337216806 "" 0.1579466020593786 "" 0.8
105.59174749279 -27.61276276837 0.016 0.0234 62.5437 "" "" 5610478846347630976 748.918823 1.3026 0.0267 -3.395 3.592 0.021 0.032 0.971 4452.0 4.2362 15.497375 1.391325 16.124573 14.733248 "" "" 736.358215 762.069763 11912.33562 15.673 4848.3 21.954 10136.0 39.639 "" "" 0.0031036099569392867 0.00565298 0.005684389 0.011337369 105.59174749279 -27.61276276837 748.918823 -3.3950000000000005 3.592000000000001 -0.1316759777069092 0.08939813804626473 0.19078596 0.20178597 "" "" 0.5649834706698422 "" 0.10978973980764857 "" 0.8
106.09192900371 -26.20428413607 0.0325 0.0436 30.2593 "" "" 5611225620902722432 751.055603 1.3079 0.0537 -3.443 3.817 0.042 0.058 2.466 4413.7 4.2106 15.503685 1.63459 16.26166 14.627069 "" "" 719.622925 779.417542 11843.29762 11.599 4273.2 17.243 11177.0 23.144 "" "" 0.0029533847694546084 0.0051941457 0.004397521 0.009591667 106.09192900371 -26.20428413607 751.055603 -3.4430000000000014 3.8169999999999984 -0.17967597770690924 0.3143981380462648 0.21178596 0.22778596 "" "" 1.2891423528195918 "" 0.2887072133390163 "" 0.9
105.49325066769 -26.84327081266 0.0159 0.0216 19.8495 "" "" 5610808768555692160 827.732239 1.171 0.0261 -3.06 3.525 0.022 0.028 0.989 4727.2 4.3615 15.546943 1.360405 16.153866 14.793461 "" "" 811.783447 847.007202 11380.72284 12.128 4719.2 18.868 9589.0 35.496 "" "" 0.0029883945330451034 0.0051602945 0.0055169743 0.010677269 105.49325066769 -26.84327081266 827.732239 -3.0600000000000014 3.5249999999999995 0.20332402229309077 0.02239813804626456 0.19178596 0.19778596 "" "" 0.8025575164639841 "" 0.15397789127247363 "" 0.9
