Clusters/ASCC_32/ASCC_32_stars_in_region.tsv
# %ECSV 1.0
# ---
# datatype:
# - name: RA_ICRS_1
#   unit: deg
#   datatype: float64
#   format: '{:15.11f}'
#   description: Right ascension (ICRS) at Ep=2016.0 (ra)
#   meta: !!omap
#   - {ucd: POS_EQ_RA_MAIN}
#   - {width: 15}
#   - {precision: '11'}
# - name: DE_ICRS_1
#   unit: deg
#   datatype: float64
#   format: '{:15.11f}'
#   description: Declination (ICRS) at Ep=2016.0 (dec)
#   meta: !!omap
#   - {ucd: POS_EQ_DEC_MAIN}
#   - {width: 15}
#   - {precision: '11'}
# - name: e_RA_ICRS
#   unit: mas
#   datatype: float64
#   format: '{:7.4f}'
#   description: Standard error of right ascension (ra_error)
#   meta: !!omap
#   - {ucd: ERROR}
#   - {width: 7}
#   - {precision: '4'}
# - name: e_DE_ICRS
#   unit: mas
#   datatype: float64
#   format: '{:7.4f}'
#   description: Standard error of declination (dec_error)
#   meta: !!omap
#   - {ucd: ERROR}
#   - {width: 7}
#   - {precision: '4'}
# - name: _r_1
#   unit: ''
#   datatype: float64
#   format: '{:7.4f}'
#   description: Distance from center (105.71120589000-26.57580601000)[ICRS], at Epoch=J2016.0
#   meta: !!omap
#   - {ucd: POS_ANG_DIST_GENERAL}
#   - {width: 7}
#   - {precision: '4'}
# - name: HIP
#   datatype: int32
#   description: '? HIP cross-id number, van Leeuwen, Cat. I/311 (hip_original_ext_source_id)'
#   meta: !!omap
#   - {ucd: ID_NUMBER}
#   - {width: 6}
#   - values: {'null': -2147483648}
# - name: TYC2
#   datatype: string
#   description: Tycho-2 cross-id name, Hog et al., Cat. I/259 (tyc2_original_ext_source_id)
#   meta: !!omap
#   - {ucd: ID_CROSSID}
#   - {_votable_string_dtype: char}
# - name: Source
#   datatype: int64
#   description: Source identifier, identical to the Gaia-EDR3 source_id (id)
#   meta: !!omap
#   - {ucd: ID_MAIN}
#   - {width: 19}
# - name: rgeo
#   unit: pc
#   datatype: float64
#   format: '{:15.8f}'
#   description: '? Median of the geometric distance posterior (r_med_geo)'
#   meta: !!omap
#   - {ucd: PHYS_DISTANCE_TRUE}
#   - {width: 15}
#   - {precision: '8'}
#   - values: {'null': .nan}
# - name: Plx
#   unit: mas
#   datatype: float64
#   format: '{:9.4f}'
#   description: '? Parallax (parallax)'
#   meta: !!omap
#   - {ucd: POS_PARLX_TRIG}
#   - {width: 9}
#   - {precision: '4'}
#   - values: {'null': .nan}
# - name: e_Plx
#   unit: mas
#   datatype: float32
#   format: '{:7.4f}'
#   description: '? Standard error of parallax (parallax_error)'
#   meta: !!omap
#   - {ucd: ERROR}
#   - {width: 7}
#   - {precision: '4'}
#   - values: {'null': .nan}
# - name: pmRA
#   unit: mas / yr
#   datatype: float64
#   format: '{:9.3f}'
#   description: '? Proper motion in right ascension direction, pmRA*cosDE (pmra)'
#   meta: !!omap
#   - {ucd: POS_EQ_PMRA}
#   - {width: 9}
#   - {precision: '3'}
#   - values: {'null': .nan}
# - name: pmDE
#   unit: mas / yr
#   datatype: float64
#   format: '{:9.3f}'
#   description: '? Proper motion in declination direction (pmdec)'
#   meta: !!omap
#   - {ucd: POS_EQ_PMDEC}
#   - {width: 9}
#   - {precision: '3'}
#   - values: {'null': .nan}
# - name: e_pmRA
#   unit: mas / yr
#   datatype: float32
#   format: '{:6.3f}'
#   description: '? Standard error of proper motion in right ascension direction (pmra_error)'
#   meta: !!omap
#   - {ucd: ERROR}
#   - {width: 6}
#   - {precision: '3'}
#   - values: {'null': .nan}
# - name: e_pmDE
[...]
#         unit: &id001 !astropy.units.Unit {unit: deg}
#         value: !astropy.table.SerializedColumn {name: SkyCoord.dec}
#       distance: !astropy.table.SerializedColumn
#         __class__: astropy.coordinates.distances.Distance
#         unit: !astropy.units.Unit {unit: pc}
#         value: !astropy.table.SerializedColumn {name: SkyCoord.distance}
#       frame: icrs
#       obstime: !astropy.time.Time {format: jyear_str, in_subfmt: '*', jd1: 367701545.0, jd2: 0.0, out_subfmt: '*', precision: 3, scale: tt}
#       pm_dec: !astropy.table.SerializedColumn
#         __class__: astropy.units.quantity.Quantity
#         unit: !astropy.units.Unit {unit: mas / yr}
#         value: !astropy.table.SerializedColumn {name: SkyCoord.pm_dec}
#       pm_ra_cosdec: !astropy.table.SerializedColumn
#         __class__: astropy.units.quantity.Quantity
#         unit: !astropy.units.Unit {unit: mas / yr}
#         value: !astropy.table.SerializedColumn {name: SkyCoord.pm_ra_cosdec}
#       ra: !astropy.table.SerializedColumn
#         __class__: astropy.coordinates.angles.Longitude
#         unit: *id001
#         value: !astropy.table.SerializedColumn {name: SkyCoord.ra}
#         wrap_angle: !astropy.coordinates.Angle
#           unit: *id001
#           value: 360.0
#       representation_type: spherical
# schema: astropy-2.0
RA_ICRS_1 DE_ICRS_1 e_RA_ICRS e_DE_ICRS _r_1 HIP TYC2 Source rgeo Plx e_Plx pmRA pmDE e_pmRA e_pmDE RUWE Teff logg Gmag BP-RP BPmag RPmag RV e_RV b_rgeo B_rgeo FG e_FG FBP e_FBP FRP e_FRP RAVE5 RAVE6 e_Gmag e_BPmag e_RPmag e_BP-RP SkyCoord.ra SkyCoord.dec SkyCoord.distance SkyCoord.pm_ra_cosdec SkyCoord.pm_dec
[from data line 469]
106.29197163466 -26.72689076473 0.0073 0.0097 32.4361 "" "" 5610635939074039552 756.303467 1.2941 0.0126 -0.571 -2.472 0.009 0.012 1.046 6595.4 4.1626 12.688717 0.593079 12.911163 12.318085 6.9 1.74 749.709412 763.529541 158292.35804 28.721 93530.0 33.763 93740.0 32.159 "" "" 0.002762353705500383 0.002817563 0.0037976925 0.0066152555 106.29197163466 -26.72689076473 756.303467 -0.571 -2.4720000000000004
105.23103749731 -26.33529046181 0.0069 0.0094 29.5556 "" "" 5610909133353435904 769.961304 1.2705 0.0116 -2.988 3.533 0.009 0.012 1.018 7050.1 4.2679 12.697025 0.507982 12.886778 12.378796 32.71 2.94 761.874695 777.382629 157085.64339 26.232 95655.0 38.619 88642.0 29.211 "" "" 0.0027612791123101245 0.002824393 0.0037962801 0.0066206735 105.23103749731 -26.33529046181 769.961304 -2.9880000000000004 3.5329999999999995
105.12377061397 -25.87917984797 0.0613 0.0838 52.4087 "" "" 2920787119468419840 877.865906 1.1498 0.1021 0.545 15.374 0.081 0.109 9.321 6315.5 4.1744 12.697127 0.651446 12.940646 12.2892 16.07 1.29 795.510803 964.745361 157070.88873 51.625 91024.0 34.285 96267.0 39.182 "" "" 0.0027783327845321494 0.0028199805 0.0038051296 0.0066251103 105.12377061397 -25.87917984797 877.865906 0.5450000000000004 15.374
104.45893156457 -26.71760727302 0.0067 0.0086 67.6926 "" "" 2920626693849093248 670.202515 1.468 0.0106 -2.319 13.753 0.009 0.01 0.989 6133.0 4.0309 12.697829 0.691599 12.964173 12.272574 27.17 1.37 664.960449 674.878479 156969.44546 27.488 89073.0 36.215 97753.0 28.05 "" "" 0.002761872390845185 0.002824874 0.0037922012 0.006617075 104.45893156457 -26.71760727302 670.202515 -2.319 13.753
106.20016605706 -26.28745725828 0.1229 0.1584 31.4559 "" 6531-3200-1 5611218233561937408 757.339478 1.38 0.2036 -2.142 4.302 0.163 0.216 14.257 "" "" 12.703202 0.70123 12.780056 12.078826 67.23 1.41 668.316101 859.444031 156194.54652 114.82 105530.0 61.247 116850.0 78.287 "" "" 0.0028685898524395356 0.00286044 0.0038487487 0.0067091887 106.20016605706 -26.28745725828 757.339478 -2.142 4.302
106.45806110554 -27.57729179769 0.0065 0.0097 72.1293 "" "" 5610512759409934848 869.018494 1.1366 0.0112 6.115 -7.119 0.009 0.013 0.944 5059.7 3.4074 12.704139 1.062794 13.1533 12.090507 47.44 0.76 861.505981 877.41217 156059.84279 23.483 74834.0 33.395 115600.0 35.715 "" "" 0.002760159584338466 0.0028319256 0.0037942387 0.0066261645 106.45806110554 -27.57729179769 869.018494 6.115 -7.119
105.71683405467 -27.25724194581 0.0099 0.0126 40.8873 "" "" 5610591855529344000 867.672119 1.1263 0.0151 3.802 -9.332 0.012 0.016 1.261 6236.9 3.9212 12.706339 0.675354 12.965971 12.290617 -11.09 1.38 857.482117 877.691223 155743.95125 32.546 88926.0 43.095 96142.0 31.565 "" "" 0.0027646459792631008 0.0028393483 0.003796155 0.0066355034 105.71683405467 -27.25724194581 867.672119 3.8019999999999996 -9.332000000000003
105.21147147598 -26.30503116592 0.0065 0.0088 31.3806 "" "" 5610909408231343488 907.170471 1.0816 0.0114 2.062 -8.424 0.008 0.01 0.965 5865.4 3.8419 12.706573 0.741262 12.997122 12.25586 26.18 1.19 897.84491 917.74585 155710.46077 24.1 86411.0 32.002 99269.0 33.645 "" "" 0.0027604398677926016 0.002818995 0.0037972543 0.006616249 105.21147147598 -26.30503116592 907.170471 2.062 -8.424000000000001
105.07086894327 -25.58690645369 0.0144 0.0178 68.6386 "" "" 2920842713526161920 862.84375 1.1278 0.0225 -3.14 3.568 0.019 0.022 2.038 6874.6 4.2569 12.724307 0.533212 12.92358 12.390368 11.8 6.89 847.29126 877.923157 153187.72908 25.071 92467.0 42.709 87702.0 28.669 "" "" 0.0027610440858926778 0.0028348782 0.0037960103 0.006630888 105.07086894327 -25.58690645369 862.84375 -3.1399999999999997 3.5679999999999996
106.70775135649 -27.59115418852 0.0065 0.0085 80.903 "" "" 5609785325094665728 806.817322 1.2133 0.0106 -1.732 1.871 0.009 0.011 0.976 6467.6 4.0986 12.726706 0.612417 12.959221 12.346804 33.99 1.81 800.133423 812.593872 152849.73224 25.715 89480.0 36.425 91293.0 31.766 "" "" 0.0027613682290860762 0.0028249584 0.0037982168 0.006623175 106.70775135649 -27.59115418852 806.817322 -1.732 1.871
105.40080337723 -26.38888085923 0.0066 0.0087 20.0916 "" "" 5610893293513993472 908.46936 1.0785 0.0111 -1.266 2.871 0.008 0.011 0.946 6400.4 4.0765 12.72901 0.616053 12.964181 12.348128 20.91 2.43 898.757751 918.377686 152525.61991 27.229 89073.0 47.85 91182.0 26.712 "" "" 0.002762129273135118 0.0028504801 0.0037927423 0.0066432226 105.40080337723 -26.38888085923 908.46936 -1.2660000000000002 2.8709999999999996
105.83607242187 -27.09858548952 0.0061 0.0093 32.0712 "" "" 5610600411104070784 842.248657 1.1622 0.0101 -4.568 -2.178 0.008 0.011 0.898 5929.7 4.044 12.729637 0.746526 13.02256 12.276034 45.48 1.25 834.427734 850.072815 152437.5649 25.86 84410.0 30.5 97442.0 28.393 "" "" 0.0027614696347446695 0.0028176152 0.0037926 0.006610215 105.83607242187 -27.09858548952 842.248657 -4.568 -2.1779999999999995
105.43804665177 -25.38319092927 0.0062 0.0083 73.0579 "" "" 2921181431826675584 882.327515 1.1067 0.0105 1.667 3.293 0.008 0.01 0.918 6619.9 4.099 12.730549 0.583256 12.951566 12.36831 46.82 2.15 875.132324 890.884888 152309.58438 27.969 90114.0 32.63 89502.0 27.295 "" "" 0.0027625242806194896 0.0028177311 0.0037938585 0.0066115893 105.43804665177 -25.38319092927 882.327515 1.667 3.2929999999999997
107.00537599386 -26.45610574722 0.0074 0.0095 69.8521 "" "" 5611030595031052160 938.959656 1.0388 0.0122 -4.994 5.497 0.01 0.011 1.045 6669.4 4.0415 12.731454 0.595543 12.954454 12.358911 46.6 2.32 929.207458 950.340149 152182.61973 25.64 89874.0 46.779 90280.0 29.969 "" "" 0.002761385812436515 0.0028468245 0.0037965283 0.006643353 107.00537599386 -26.45610574722 938.959656 -4.994 5.497
104.90063395324 -26.79800796478 0.0063 0.0091 45.4526 "" "" 5610775439608804608 945.267273 1.0298 0.0105 -6.949 6.412 0.008 0.011 0.948 6959.4 4.1063 12.733143 0.535952 12.933492 12.39754 40.48 2.41 935.910522 955.468933 151946.17646 24.81 91626.0 32.673 87125.0 28.802 "" "" 0.0027610175341311175 0.0028169032 0.003796387 0.00661329 104.90063395324 -26.79800796478 945.267273 -6.949000000000002 6.412
105.22081105234 -26.06306333686 0.0063 0.0085 40.5217 "" "" 2920764373321679232 875.533691 1.1189 0.0107 2.474 14.02 0.008 0.011 0.935 6160.2 3.9967 12.735073 0.697012 13.004209 12.307197 27.97 1.55 865.828918 883.356995 151676.17725 23.708 85849.0 38.174 94685.0 30.825 "" "" 0.002760541640304565 0.0028316306 0.0037958745 0.006627505 105.22081105234 -26.06306333686 875.533691 2.474 14.02
105.37307675143 -26.63312566244 0.007 0.0095 18.4628 "" "" 5610863297461623680 835.671143 1.1816 0.0112 -2.241 4.172 0.009 0.012 1.008 "" "" 12.736167 1.139514 13.227191 12.087677 43.0 0.78 826.875916 844.082642 151523.42661 21.799 69910.0 29.467 115900.0 29.387 "" "" 0.0027597441642922306 0.002827451 0.0037893949 0.0066168457 105.37307675143 -26.63312566244 835.671143 -2.241 4.172
105.0785322552 -27.59252324971 0.007 0.0096 69.7395 "" "" 5610652706624352000 885.648438 1.1078 0.011 -3.131 -1.527 0.009 0.011 0.943 "" "" 12.736465 0.721001 13.018115 12.297114 5.61 1.41 876.449829 896.522766 151481.88999 27.753 84756.0 37.712 95568.0 31.037 "" "" 0.002762491208288501 0.0028316833 0.003795795 0.006627478 105.0785322552 -27.59252324971 885.648438 -3.131 -1.527
105.52344598275 -27.40258874826 0.0078 0.0103 50.6125 "" "" 5610495373381763456 744.833679 1.3164 0.0125 -3.201 3.755 0.011 0.014 1.091 6677.8 4.2079 12.736778 0.577932 12.952264 12.374331 30.36 3.1 738.509827 751.465149 151438.2333 33.761 90056.0 44.345 89007.0 27.581 "" "" 0.002765931549914786 0.0028409297 0.0037943274 0.006635257 105.52344598275 -27.40258874826 744.833679 -3.2009999999999996 3.7549999999999994
106.28885854497 -25.71587640171 0.0066 0.0089 60.2502 "" "" 5611319182472364544 814.588379 1.2068 0.0112 -3.171 3.445 0.009 0.012 0.976 "" "" 12.737238 0.766588 13.03944 12.272852 44.05 3.8 807.536804 822.007568 151374.14963 75.594 83108.0 133.44 97728.0 153.69 "" "" 0.0028081614631525697 0.0032899966 0.004147186 0.0074371826 106.28885854497 -25.71587640171 814.588379 -3.1710000000000007 3.445
105.75983040387 -27.37971653891 0.0072 0.0094 48.3047 "" "" 5610578111634010112 846.0495 1.1576 0.0116 -3.498 -0.644 0.009 0.012 0.966 5985.7 4.0263 12.738468 0.763114 13.041106 12.277992 22.63 1.14 838.139526 853.651062 151202.72976 25.721 82980.0 43.104 97266.0 41.218 "" "" 0.0027615034377236483 0.0028465996 0.0038072849 0.0066538844 105.75983040387 -27.37971653891 846.0495 -3.498 -0.644
106.51496602395 -26.23152922502 0.0074 0.0093 47.8798 "" "" 5611239158640598912 894.49646 1.0877 0.0122 -0.359 -2.561 0.01 0.012 1.018 7180.8 4.1746 12.74034 0.472532 12.915195 12.442662 "" "" 885.835388 902.894592 150942.23632 155.47 93184.0 335.33 83578.0 185.42 "" "" 0.0029736164416699603 0.0048010973 0.0044817105 0.009282808 106.51496602395 -26.23152922502 894.49646 -0.359 -2.561
105.34865768757 -26.95105254687 0.0069 0.0093 29.7347 "" "" 5610802545141224960 814.955994 1.1982 0.0113 -3.122 2.608 0.009 0.013 0.942 6648.5 4.0862 12.740794 0.581937 12.959474 12.377537 38.14 3.98 807.147339 823.584473 150879.03717 28.351 89460.0 38.361 88745.0 32.611 "" "" 0.002762862980100487 0.0028287459 0.0038003824 0.006629128 105.34865768757 -26.95105254687 814.955994 -3.122 2.6079999999999997
106.21408701507 -27.3105966862 0.0064 0.0091 51.6447 "" "" 5610558251704464000 854.453613 1.1544 0.0107 -9.747 10.903 0.008 0.012 0.962 5805.2 3.7229 12.743128 1.009991 13.164353 12.154363 52.15 0.83 846.618591 861.25824 150555.15297 23.76 74076.0 30.301 109000.0 35.841 "" "" 0.0027606428616190268 0.0028252953 0.0037962063 0.0066215014 106.21408701507 -27.3105966862 854.453613 -9.747 10.902999999999999
106.01343430795 -26.74460058496 0.0069 0.0095 19.1101 "" "" 5610825570468410368 762.01947 1.2857 0.0114 -3.307 3.441 0.009 0.012 1.016 6534.3 4.2019 12.745435 0.576699 12.963298 12.386599 34.43 3.73 755.628967 768.582825 150235.64796 26.127 89145.0 31.429 88007.0 25.743 "" "" 0.002761782255344152 0.002816305 0.0037927022 0.0066090073 106.01343430795 -26.74460058496 762.01947 -3.307 3.4410000000000003
104.99323140035 -25.71946064142 0.0066 0.0083 64.3062 "" "" 2920840029164112512 665.322937 1.4745 0.0109 3.425 -7.039 0.009 0.011 1.001 6434.0 4.2027 12.756869 0.643652 13.002037 12.358385 29.42 1.39 659.778992 670.935547 148661.71814 23.381 86020.0 37.755 90324.0 27.163 "" "" 0.0027606065751839513 0.002830572 0.0037934599 0.006624032 104.99323140035 -25.71946064142 665.322937 3.4249999999999994 -7.039
106.34285617988 -27.05926849197 0.0076 0.01 44.5581 "" 6531-727-1 5610614734811321088 917.403748 1.0633 0.012 -1.591 2.855 0.01 0.013 0.995 7453.5 4.1765 12.761696 0.430571 12.91991 12.48934 "" "" 909.172424 929.122131 148002.2738 43.711 92780.0 88.07 80061.0 50.652 "" "" 0.0027739165655998915 0.002974428 0.0038412984 0.0068157264 106.34285617988 -27.05926849197 917.403748 -1.5909999999999997 2.8550000000000004
105.58952416963 -26.04629154604 0.0063 0.0085 32.4379 "" "" 5611292794192706432 717.102783 1.3742 0.0103 -2.416 -8.917 0.008 0.011 0.967 5621.7 4.0867 12.76598 0.819457 13.093529 12.274072 8.2 1.31 712.280273 721.65332 147419.52024 24.027 79069.0 32.894 97618.0 28.106 "" "" 0.0027609968026905017 0.0028264937 0.003792288 0.006618782 105.58952416963 -26.04629154604 717.102783 -2.4160000000000004 -8.917
105.00794716213 -25.83622082629 0.0063 0.0087 58.3298 "" "" 2920791341414850944 819.040894 1.198 0.0114 4.592 -8.005 0.009 0.012 0.92 6132.5 3.9617 12.766461 0.687521 13.031587 12.344066 -7.34 1.47 812.549744 827.548706 147354.08288 26.804 83711.0 36.848 91523.0 35.667 "" "" 0.002762389309217401 0.0028308048 0.0038029929 0.0066337977 105.00794716213 -25.83622082629 819.040894 4.5920000000000005 -8.005000000000003
106.19419595757 -27.82070880393 0.0067 0.009 79.016 "" "" 5610501867373144064 769.205505 1.2759 0.0105 -3.139 3.473 0.009 0.012 0.975 6067.8 4.1276 12.775306 0.689025 13.042879 12.353854 38.69 2.1 761.423645 776.32312 146158.64303 24.907 82845.0 33.385 90702.0 30.134 "" "" 0.0027615253406103554 0.0028242667 0.0037965565 0.0066208234 106.19419595757 -27.82070880393 769.205505 -3.139 3.4730000000000008
106.16530034856 -25.91287500388 0.0085 0.0114 46.6827 "" "" 5611309321227697920 742.79541 1.3231 0.0141 -4.007 9.869 0.011 0.015 1.23 "" "" 12.780019 0.699997 13.051077 12.35108 47.37 2.6 734.797241 751.699951 145525.54398 24.882 82222.0 30.426 90934.0 22.715 "" "" 0.002761566842181961 0.0028189484 0.0037891006 0.006608049 106.16530034856 -25.91287500388 742.79541 -4.006999999999999 9.869
104.56593936789 -26.68475738378 0.0074 0.0092 61.7731 "" "" 2920629683146288512 805.197205 1.2188 0.0112 7.298 -1.755 0.01 0.011 1.07 5757.4 4.0617 12.785175 0.776762 13.091914 12.315152 35.05 1.47 797.690125 812.534851 144835.99553 26.505 79187.0 39.268 93993.0 41.696 "" "" 0.0027624748038714807 0.002841642 0.0038099482 0.00665159 104.56593936789 -26.68475738378 805.197205 7.298 -1.755
104.85885551489 -27.60631560663 0.0087 0.0112 76.7847 "" "" 5610655558482738688 926.982178 1.0507 0.0132 -3.618 4.512 0.012 0.013 1.019 "" "" 12.786248 0.44105 12.948737 12.507688 "" "" 917.106812 937.588867 144692.97879 55.132 90349.0 120.01 78720.0 65.903 "" "" 0.0027862040868253386 0.0031408472 0.0038871497 0.0070279967 104.85885551489 -27.60631560663 926.982178 -3.618 4.512
106.7286839893 -25.95692615019 0.0072 0.0097 66.1499 "" "" 5611251218908382592 856.16626 1.1446 0.0121 0.658 -2.153 0.01 0.012 1.006 6389.3 4.0887 12.788984 0.655827 13.041136 12.385309 42.61 1.96 848.410095 864.629883 144328.83216 24.272 82978.0 35.942 88112.0 24.722 "" "" 0.0027613635176780673 0.0028295263 0.003791639 0.006621165 106.7286839893 -25.95692615019 856.16626 0.6580000000000001 -2.153
106.68605690663 -26.04908060203 0.0086 0.0116 61.2187 "" "" 5611248126532001536 846.118958 1.1604 0.0142 -0.997 -5.917 0.011 0.015 1.355 5851.6 3.8433 12.79472 0.747499 13.086416 12.338917 -3.03 1.65 837.137085 857.622009 143568.46088 24.767 79589.0 28.031 91958.0 35.609 "" "" 0.002761678988441308 0.0028162515 0.003802695 0.006618947 106.68605690663 -26.04908060203 846.118958 -0.9970000000000002 -5.917
106.44836739596 -26.93795039054 0.0256 0.0388 45.0764 "" "" 5610617419166722688 923.644531 1.0646 0.0428 -4.352 0.79 0.034 0.054 2.144 "" "" 12.79495 0.532828 12.36664 11.833812 "" "" 892.099365 960.860413 143537.96249 76.894 154440.0 789.02 146430.0 835.94 "" "" 0.0028160411583028743 0.006209143 0.0072596194 0.013468763 106.44836739596 -26.93795039054 923.644531 -4.352 0.79
106.49773524223 -27.52306389312 0.0065 0.0092 70.6872 "" "" 5610536497690864384 947.46582 1.0404 0.0113 3.674 -3.491 0.009 0.012 0.92 5100.0 3.4678 12.799622 1.051394 13.244505 12.193111 10.93 0.9 937.823669 958.341064 142921.70795 21.62 68804.0 28.721 105180.0 30.074 "" "" 0.00276021095875573 0.0028267398 0.0037921104 0.00661885 106.49773524223 -27.52306389312 947.46582 3.6740000000000004 -3.491000000000001
105.69619223967 -27.89372611001 0.0074 0.0094 79.0793 "" "" 5610419197842437248 748.881226 1.3182 0.0115 11.334 9.921 0.01 0.013 0.974 "" "" 12.800247 0.957082 13.195406 12.238324 16.88 0.92 743.360291 754.511902 142839.35509 19.512 71987.0 34.599 100890.0 29.704 "" "" 0.002759308979861765 0.002838549 0.0037928764 0.0066314256 105.69619223967 -27.89372611001 748.881226 11.333999999999998 9.921
105.62624132148 -27.15055081862 0.0065 0.0085 34.7833 "" "" 5610596494094044544 822.685669 1.19 0.0103 1.069 1.349 0.009 0.011 0.923 6250.8 4.084 12.800863 0.697979 13.071282 12.373303 31.4 1.79 816.633484 830.063538 142758.30037 26.508 80706.0 34.092 89092.0 29.937 "" "" 0.0027626859602202436 0.0028276134 0.00379695 0.0066245636 105.62624132148 -27.15055081862 822.685669 1.069 1.349
