Clusters/ASCC_32/ASCC_32_members.tsv
# %ECSV 1.0
# ---
# datatype:
# - name: RA_ICRS_1
#   unit: deg
#   datatype: float64
#   format: '{:15.11f}'
#   description: Right ascension (ICRS) at Ep=2016.0 (ra)
#   meta: !!omap
#   - {ucd: POS_EQ_RA_MAIN}
#   - {width: 15}
#   - {precision: '11'}
# - name: DE_ICRS_1
#   unit: deg
#   datatype: float64
#   format: '{:15.11f}'
#   description: Declination (ICRS) at Ep=2016.0 (dec)
#   meta: !!omap
#   - {ucd: POS_EQ_DEC_MAIN}
#   - {width: 15}
#   - {precision: '11'}
# - name: e_RA_ICRS
#   unit: mas
#   datatype: float64
#   format: '{:7.4f}'
#   description: Standard error of right ascension (ra_error)
#   meta: !!omap
#   - {ucd: ERROR}
#   - {width: 7}
#   - {precision: '4'}
# - name: e_DE_ICRS
#   unit: mas
#   datatype: float64
#   format: '{:7.4f}'
#   description: Standard error of declination (dec_error)
#   meta: !!omap
#   - {ucd: ERROR}
#   - {width: 7}
#   - {precision: '4'}
# - name: _r_1
#   unit: ''
#   datatype: float64
#   format: '{:7.4f}'
#   description: Distance from center (105.71120589000-26.57580601000)[ICRS], at Epoch=J2016.0
#   meta: !!omap
#   - {ucd: POS_ANG_DIST_GENERAL}
#   - {width: 7}
#   - {precision: '4'}
# - name: HIP
#   datatype: int32
#   description: '? HIP cross-id number, van Leeuwen, Cat. I/311 (hip_original_ext_source_id)'
#   meta: !!omap
#   - {ucd: ID_NUMBER}
#   - {width: 6}
#   - values: {'null': -2147483648}
# - name: TYC2
#   datatype: string
#   description: Tycho-2 cross-id name, Hog et al., Cat. I/259 (tyc2_original_ext_source_id)
#   meta: !!omap
#   - {ucd: ID_CROSSID}
#   - {_votable_string_dtype: char}
# - name: Source
#   datatype: int64
#   description: Source identifier, identical to the Gaia-EDR3 source_id (id)
#   meta: !!omap
#   - {ucd: ID_MAIN}
#   - {width: 19}
# - name: rgeo
#   unit: pc
#   datatype: float64
#   format: '{:15.8f}'
#   description: '? Median of the geometric distance posterior (r_med_geo)'
#   meta: !!omap
#   - {ucd: PHYS_DISTANCE_TRUE}
#   - {width: 15}
#   - {precision: '8'}
#   - values: {'null': .nan}
# - name: Plx
#   unit: mas
#   datatype: float64
#   format: '{:9.4f}'
#   description: '? Parallax (parallax)'
#   meta: !!omap
#   - {ucd: POS_PARLX_TRIG}
#   - {width: 9}
#   - {precision: '4'}
#   - values: {'null': .nan}
# - name: e_Plx
#   unit: mas
#   datatype: float32
#   format: '{:7.4f}'
#   description: '? Standard error of parallax (parallax_error)'
#   meta: !!omap
#   - {ucd: ERROR}
#   - {width: 7}
#   - {precision: '4'}
#   - values: {'null': .nan}
# - name: pmRA
#   unit: mas / yr
#   datatype: float64
#   format: '{:9.3f}'
#   description: '? Proper motion in right ascension direction, pmRA*cosDE (pmra)'
#   meta: !!omap
#   - {ucd: POS_EQ_PMRA}
#   - {width: 9}
#   - {precision: '3'}
#   - values: {'null': .nan}
# - name: pmDE
#   unit: mas / yr
#   datatype: float64
#   format: '{:9.3f}'
#   description: '? Proper motion in declination direction (pmdec)'
#   meta: !!omap
#   - {ucd: POS_EQ_PMDEC}
#   - {width: 9}
#   - {precision: '3'}
#   - values: {'null': .nan}
# - name: e_pmRA
#   unit: mas / yr
#   datatype: float32
#   format: '{:6.3f}'
#   description: '? Standard error of proper motion in right ascension direction (pmra_error)'
#   meta: !!omap
#   - {ucd: ERROR}
#   - {width: 6}
#   - {precision: '3'}
#   - values: {'null': .nan}
# - name: e_pmDE
[...]
#       distance: !astropy.table.SerializedColumn
#         __class__: astropy.coordinates.distances.Distance
#         unit: !astropy.units.Unit {unit: pc}
#         value: !astropy.table.SerializedColumn {name: SkyCoord.distance}
#       frame: icrs
#       obstime: !astropy.time.Time {format: jyear_str, in_subfmt: '*', jd1: 367701545.0, jd2: 0.0, out_subfmt: '*', precision: 3, scale: tt}
#       pm_dec: !astropy.table.SerializedColumn
#         __class__: astropy.units.quantity.Quantity
#         unit: !astropy.units.Unit {unit: mas / yr}
#         value: !astropy.table.SerializedColumn {name: SkyCoord.pm_dec}
#       pm_ra_cosdec: !astropy.table.SerializedColumn
#         __class__: astropy.units.quantity.Quantity
#         unit: !astropy.units.Unit {unit: mas / yr}
#         value: !astropy.table.SerializedColumn {name: SkyCoord.pm_ra_cosdec}
#       ra: !astropy.table.SerializedColumn
#         __class__: astropy.coordinates.angles.Longitude
#         unit: *id001
#         value: !astropy.table.SerializedColumn {name: SkyCoord.ra}
#         wrap_angle: !astropy.coordinates.Angle
#           unit: *id001
#           value: 360.0
#       representation_type: spherical
# schema: astropy-2.0
RA_ICRS_1 DE_ICRS_1 e_RA_ICRS e_DE_ICRS _r_1 HIP TYC2 Source rgeo Plx e_Plx pmRA pmDE e_pmRA e_pmDE RUWE Teff logg Gmag BP-RP BPmag RPmag RV e_RV b_rgeo B_rgeo FG e_FG FBP e_FBP FRP e_FRP RAVE5 RAVE6 e_Gmag e_BPmag e_RPmag e_BP-RP SkyCoord.ra SkyCoord.dec SkyCoord.distance SkyCoord.pm_ra_cosdec SkyCoord.pm_dec rmRA rmDE e_rmRA e_rmDE rRV e_rRV v_pec v_pec3d e_vpec e_vpec3d Pmemb
[from data line 28]
105.12008338991 -26.55617497549 0.0095 0.0123 31.7445 "" "" 5610878621905032192 768.106323 1.2736 0.0157 -3.304 3.531 0.013 0.016 1.028 6519.7 4.2131 12.923742 0.608921 13.155676 12.546755 29.51 2.69 758.594604 776.610413 127482.30051 27.794 74670.0 29.757 75937.0 25.755 "" "" 0.002765469817752256 0.002823519 0.0037972792 0.0066207983 105.12008338991 -26.55617497549 768.106323 -3.304 3.531000000000002 -0.040675977706909006 0.028398138046264787 0.18278596 0.18578596 -3.7044578313253034 6.2384615 0.18061530716904456 3.708858276242318 0.033192476964870946 6.23105996369737 1.0
106.43665186435 -26.89458511103 0.0082 0.0117 43.3241 "" "" 5610618587406333696 790.950012 1.2346 0.014 -3.144 3.496 0.011 0.016 1.033 6581.1 4.2497 12.952583 0.574656 13.170621 12.595965 36.6 3.87 784.362671 799.937439 124140.53198 25.841 73649.0 33.54 72572.0 27.866 "" "" 0.002764573768954569 0.002833642 0.003802306 0.006635948 106.43665186435 -26.89458511103 790.950012 -3.144 3.4959999999999996 0.11932402229309069 -0.006601861953735355 0.18078595 0.18578596 3.3855421686746965 7.4184613 0.4480422367823367 3.4150604126157837 0.0810066740422921 7.354347163724793 0.9
106.0502553907 -26.27882489467 0.0076 0.0103 25.4828 "" "" 5611224761909286656 761.479797 1.2832 0.0129 -3.206 3.603 0.01 0.013 0.986 5762.2 4.1449 12.989073 0.776942 13.297413 12.520471 33.33 2.93 755.54895 767.366089 120037.72662 31.692 65532.0 44.354 77798.0 43.556 "" "" 0.0027701911894676013 0.0028853188 0.0038279525 0.006713271 106.0502553907 -26.27882489467 761.479797 -3.2060000000000013 3.603000000000002 0.05732402229309086 0.10039813804626485 0.17978597 0.18278596 0.11554216867469336 6.4784613 0.41728683950401596 0.4329876432016295 0.07596831307883395 1.730318260110042 0.8
106.0083844295 -26.67444613058 0.0067 0.0084 17.0032 "" "" 5610827116656623104 783.474609 1.2373 0.0108 -3.376 3.49 0.009 0.011 1.02 6386.1 4.2441 13.105963 0.625979 13.343973 12.717994 48.19 4.36 777.505554 791.109192 107785.80092 31.482 62781.0 41.006 64858.0 32.997 "" "" 0.002773509537604114 0.0028788808 0.003819535 0.0066984156 106.0083844295 -26.67444613058 783.474609 -3.3759999999999994 3.49 -0.11267597770690907 -0.012601861953735138 0.17878596 0.18078595 14.975542168674693 7.9084616 0.42105027134567924 14.981460094955837 0.07528833973767908 7.905337879870744 0.9
106.83500292382 -26.63529383408 0.0065 0.009 60.3933 "" "" 5611004103672212096 760.427429 1.2798 0.0106 -3.425 3.53 0.009 0.012 1.026 6179.6 4.194 13.168194 0.663337 13.422729 12.759392 24.63 3.84 753.204895 768.129578 101781.61646 31.892 58388.0 66.42 62431.0 48.299 "" "" 0.0027762432749787735 0.0030513117 0.003871598 0.00692291 106.83500292382 -26.63529383408 760.427429 -3.4250000000000003 3.530000000000001 -0.161675977706909 0.027398138046264453 0.17878596 0.18178596 -8.584457831325306 7.388461 0.5910575071274683 8.60478153322524 0.10572269013581193 7.371013825275425 0.8
105.73741208539 -26.67240463017 0.0069 0.0085 5.9639 "" "" 5610836462505615232 762.950745 1.273 0.0114 -3.291 3.61 0.01 0.011 0.947 6256.8 4.2479 13.18871 0.656058 13.44022 12.784162 30.58 2.88 755.668518 770.310852 99876.38748 21.286 57455.0 30.366 61023.0 30.977 "" "" 0.0027650196079524 0.0028485663 0.0038193578 0.006667924 105.73741208539 -26.67240463017 762.950745 -3.2909999999999995 3.610000000000001 -0.027675977706909105 0.10739813804626452 0.17978597 0.18078595 -2.6344578313253066 6.4284616 0.40108188239424775 2.6648142039204443 0.07248505987424501 6.35524075446543 1.0
105.53986270865 -26.93542570401 0.0065 0.0087 23.4488 "" "" 5610795982431195648 766.556885 1.268 0.0108 -3.282 3.56 0.008 0.011 1.034 6166.9 4.2465 13.248674 0.672184 13.509588 12.837404 33.62 4.01 760.552612 773.416931 94509.83537 21.023 53899.0 34.619 58103.0 25.8 "" "" 0.0027658847286373555 0.0028759975 0.0038100074 0.006686005 105.53986270865 -26.93542570401 766.556885 -3.282 3.56 -0.018675977706909208 0.0573981380462647 0.17778596 0.18078595 0.4055421686746925 7.5584617 0.21931709546244998 0.4610471114056113 0.039586935401630254 6.648533643635316 0.9
106.109985409 -26.87660401337 0.0065 0.0089 27.9719 "" "" 5610633293374275840 768.091675 1.266 0.0105 -3.338 3.523 0.009 0.011 1.012 6174.7 4.2866 13.353477 0.690359 13.621175 12.930816 30.13 5.6 761.647278 773.922974 85813.58647 21.284 48635.0 37.805 53313.0 29.754 "" "" 0.002768448470580381 0.0029150173 0.0038276496 0.006742667 106.109985409 -26.87660401337 768.091675 -3.338 3.523 -0.07467597770690926 0.02039813804626478 0.17878596 0.18078595 -3.084457831325306 9.148461 0.2818373364642963 3.097307281728647 0.05042790116724103 9.110509304678432 1.0
105.6545035888 -26.62975010498 0.0167 0.0208 4.4418 "" "" 5610836325061732608 768.122864 1.2639 0.0267 -3.289 3.375 0.023 0.026 1.8 5955.2 4.0858 13.36614 0.716239 13.555055 12.838816 39.55 6.42 753.364929 786.085571 84818.47149 31.534 51689.0 212.25 58027.0 190.01 "" "" 0.002784731355751931 0.005259459 0.0051887915 0.010448251 105.6545035888 -26.62975010498 768.122864 -3.289000000000001 3.3750000000000013 -0.025675977706909325 -0.12760186195373535 0.19278596 0.19578597 6.335542168674692 9.968462 0.4738979706966002 6.353241208838649 0.09272765778066781 9.940693971561691 0.9
105.10348711783 -27.62694974477 0.0071 0.0096 70.9311 "" "" 5610652397386704384 755.024292 1.2866 0.0112 -3.402 3.628 0.009 0.012 0.97 6064.6 4.2717 13.470949 0.717239 13.751228 13.033989 26.57 3.35 747.875977 761.91748 77013.55695 36.167 43144.0 67.927 48480.0 56.512 "" "" 0.00280210081057099 0.0032721753 0.0039856634 0.0072578387 105.10348711783 -27.62694974477 755.024292 -3.402 3.628 -0.13867597770690931 0.12539813804626476 0.17878596 0.18178596 -6.644457831325305 6.8984613 0.6691113414934589 6.678063331503779 0.12053484209562358 6.8637573748749485 0.8
106.24471759175 -26.30418411593 0.0073 0.0101 32.9717 "" "" 5611217237126706048 767.789429 1.2639 0.0123 -3.319 3.497 0.01 0.014 1.018 6140.4 4.3428 13.506872 0.699059 13.777452 13.078394 33.35 10.38 759.012756 777.151184 74507.11992 22.638 42115.0 39.479 46537.0 46.944 "" "" 0.0027749981135166035 0.0029700038 0.0039348775 0.0069048814 106.24471759175 -26.30418411593 767.789429 -3.318999999999999 3.496999999999998 -0.05567597770690913 -0.005601861953735465 0.17978597 0.18378596 0.13554216867469648 13.928461 0.2036458441858309 0.24462892172267692 0.03662091862775105 7.7174380568183825 0.9
105.82723593631 -25.93667400681 0.007 0.0098 38.8528 "" "" 5611300422054537856 809.769409 1.1996 0.0117 -3.123 3.48 0.009 0.012 0.989 6188.5 4.2642 13.529502 0.76075 13.82808 13.06733 5.41 6.19 801.440308 815.336792 72970.26057 35.988 40196.0 66.711 47014.0 60.478 "" "" 0.002806869926153259 0.0033214476 0.004029196 0.007350644 105.82723593631 -25.93667400681 809.769409 -3.123 3.4800000000000018 0.1403240222930906 -0.02260186195373537 0.17878596 0.18178596 -27.804457831325305 9.7384615 0.5455485453988641 27.80980939361746 0.09757814745312908 9.736587668209049 0.8
105.67827926486 -26.38527346036 0.0068 0.0096 11.5679 "" "" 5610896420250052224 816.837708 1.184 0.0113 -3.081 3.456 0.009 0.012 1.008 6146.8 4.2116 13.54035 0.760334 13.838908 13.078574 81.52 6.1 808.818542 824.852356 72244.80265 43.884 39797.0 79.639 46529.0 73.883 "" "" 0.002833151570600894 0.0035363361 0.0041540354 0.0076903715 105.67827926486 -26.38527346036 816.837708 -3.081 3.4560000000000013 0.18232402229309086 -0.04660186195373539 0.17878596 0.18178596 48.30554216867469 9.648461 0.7286186416355983 48.311036930856154 0.13040188761723703 9.64736415332249 0.8
105.62305864281 -26.31874600262 0.0068 0.0098 16.1341 "" "" 5610897760279857408 795.385193 1.2193 0.0116 -3.143 3.434 0.009 0.012 0.981 6100.6 4.2904 13.559264 0.681596 13.819403 13.137807 36.95 3.46 788.806458 801.644287 70997.14577 22.046 40519.0 43.192 44059.0 32.168 "" "" 0.0027758700091619908 0.0030206842 0.0038616208 0.0068823053 105.62305864281 -26.31874600262 795.385193 -3.143 3.434 0.12032402229309103 -0.06860186195373519 0.17878596 0.18178596 3.735542168674698 7.0084615 0.522187411084062 3.7718635959219866 0.0937465093425161 6.9409851338465005 0.8
104.77551216607 -26.70990010095 0.0075 0.0102 50.8212 "" "" 5610779700216380288 783.526184 1.2396 0.0121 -3.365 3.517 0.01 0.013 1.029 6037.4 4.322 13.593961 0.718456 13.871392 13.152936 30.12 4.41 775.9953 792.121948 68764.22308 17.894 38624.0 35.642 43449.0 27.645 "" "" 0.0027697679136591278 0.0029646035 0.0038419983 0.006806602 104.77551216607 -26.70990010095 783.526184 -3.365 3.517 -0.10167597770690939 0.014398138046264553 0.17978597 0.18278596 -3.094457831325304 7.9584613 0.3813831913806562 3.1178714547777937 0.0685900220693709 7.898701757884223 0.8
105.73371167496 -26.58492798684 0.0074 0.0094 1.3259 "" "" 5610838180492505600 797.687683 1.2159 0.012 -3.197 3.543 0.01 0.011 0.963 5973.3 4.3087 13.620059 0.717037 13.900446 13.183409 34.68 3.31 789.503601 807.242615 67130.9874 17.589 37604.0 38.997 42247.0 24.831 "" "" 0.0027699665704790754 0.0030087915 0.0038328792 0.0068416707 105.73371167496 -26.58492798684 797.687683 -3.197 3.543 0.06632402229309076 0.0403981380462648 0.17978597 0.18078595 1.4655421686746948 6.8584614 0.2936309087187733 1.4946681767933443 0.05287033579377858 6.724821274309051 0.8
105.60436796368 -26.17009978406 0.0072 0.0093 25.0107 "" "" 5610903945032739072 803.518005 1.2047 0.0116 -3.052 3.531 0.01 0.012 0.962 6036.5 4.3104 13.633889 0.701753 13.907213 13.205461 40.57 5.06 796.718384 809.727783 66281.31655 18.863 37371.0 40.109 41397.0 26.939 "" "" 0.002772591570608403 0.0030237283 0.003844857 0.006868585 105.60436796368 -26.17009978406 803.518005 -3.0519999999999996 3.5309999999999997 0.21132402229309077 0.028398138046264787 0.17978597 0.18178596 7.355542168674695 8.608461 0.8120994059045574 7.4002368908179 0.14603304444806023 8.556484431553105 0.8
106.19929020148 -25.76854114435 0.0072 0.0104 55.1071 "" "" 5611312894640317568 686.276978 1.4188 0.0125 -3.78 3.655 0.01 0.014 1.003 5751.4 4.3508 13.667789 0.81784 13.995839 13.178 16.51 5.09 679.890442 691.932068 64243.8404 63.509 34441.0 121.83 42458.0 123.05 "" "" 0.002956991574957376 0.0047471584 0.004917829 0.009664987 106.19929020148 -25.76854114435 686.276978 -3.780000000000001 3.655 -0.516675977706909 0.15239813804626445 0.17978597 0.18378596 -16.704457831325303 8.638462 1.7523100634957252 16.7961156818222 0.3156074904155294 8.591384331615853 1.0
106.10566753072 -25.44037103039 0.0076 0.0101 71.3694 "" "" 5611340932186772352 804.745056 1.2055 0.013 -3.109 3.351 0.01 0.013 1.001 5322.4 4.1665 13.721021 0.961589 14.116592 13.155004 25.03 6.61 796.485229 812.545349 61170.01522 58.136 30816.0 106.82 43367.0 105.76 "" "" 0.0029422056200388695 0.004685034 0.0046146084 0.009299642 106.10566753072 -25.44037103039 804.745056 -3.109 3.351 0.15432402229309083 -0.15160186195373537 0.17978597 0.18278596 -8.184457831325304 10.158462 0.8251921298715122 8.225952348752331 0.14957884323338796 10.107229953991219 0.9
105.52723449927 -26.55030525366 0.0077 0.0104 9.991 "" "" 5610887589797402496 753.622742 1.2915 0.0125 -3.26 3.587 0.01 0.013 1.04 5730.5 4.1056 13.72387 0.931303 14.104539 13.173236 30.98 5.84 746.888672 759.41272 61009.68179 30.366 31160.0 61.067 42645.0 52.737 "" "" 0.0028078138428568613 0.0035089366 0.004010799 0.0075197355 105.52723449927 -26.55030525366 753.622742 -3.26 3.587 0.0033240222930910335 0.08439813804626484 0.17978597 0.18278596 -2.2344578313253045 9.388462 0.3017183862874166 2.2547363004561896 0.055148493906414256 9.304027785255048 1.0
105.47603591528 -26.32489770314 0.0075 0.0103 19.6528 "" "" 5610895458177456256 770.879395 1.2574 0.0127 -3.291 3.329 0.01 0.013 1.079 5949.4 4.2288 13.724967 0.780716 14.029899 13.249183 31.42 3.16 762.681824 779.167175 60948.05179 34.277 33378.0 68.197 39764.0 59.405 "" "" 0.002822169335154811 0.0035645626 0.004112747 0.0076773097 105.47603591528 -26.32489770314 770.879395 -3.291 3.3290000000000006 -0.027675977706909105 -0.17360186195373517 0.17978597 0.18278596 -1.7944578313253032 6.7084618 0.6423460808593585 1.9059610163904424 0.11736446375482236 6.316124883826488 0.8
106.53929789741 -25.94841613052 0.0074 0.0099 58.3293 "" "" 5611253486651252096 686.632385 1.4197 0.0126 -3.84 3.609 0.01 0.012 0.993 5694.6 4.2489 13.734525 0.944835 14.125811 13.180976 26.2 7.27 680.297424 692.795044 60413.90804 67.779 30556.0 116.29 42342.0 139.1 "" "" 0.0030125660436550687 0.004985905 0.005196717 0.010182622 106.53929789741 -25.94841613052 686.632385 -3.84 3.609000000000001 -0.576675977706909 0.10639813804626463 0.17978597 0.18178596 -7.014457831325306 10.818461 1.9085493677662801 7.269468987253607 0.3432567292329988 10.439341489857737 1.0
106.72878402233 -26.67982957196 0.0074 0.0101 54.9346 "" "" 5611002385685305728 802.255981 1.2092 0.0121 -3.2 3.348 0.01 0.013 1.006 5723.5 4.2679 13.757242 0.832185 14.092034 13.25985 46.94 8.03 792.989319 809.826172 59162.94786 35.007 31521.0 69.538 39375.0 74.994 "" "" 0.002829224718502571 0.0036772485 0.0043081264 0.007985375 106.72878402233 -26.67982957196 802.255981 -3.2 3.348 0.06332402229309064 -0.1546018619537355 0.17978597 0.18278596 13.725542168674693 11.578461 0.6353078137387568 13.74023740123382 0.11585346227743894 11.566078729102205 0.8
105.57684150198 -25.9897026566 0.0076 0.01 35.9014 "" "" 5611296161447062400 817.565308 1.1837 0.0122 -3.113 3.3 0.01 0.013 0.992 5900.0 4.2702 13.84294 0.742019 14.132968 13.390949 36.26 11.43 809.528687 827.230225 54672.71763 33.889 30355.0 73.115 34896.0 61.713 "" "" 0.002836320302567075 0.0038241576 0.004239167 0.008063325 105.57684150198 -25.9897026566 817.565308 -3.113 3.3 0.15032402229309083 -0.20260186195373553 0.17978597 0.18278596 3.045542168674693 14.978462 0.9776476226816798 3.1986125078400622 0.17766445276666915 14.261767836692568 1.0
105.91320299874 -25.78762061514 0.0073 0.0108 48.5257 "" "" 5611303136473798528 778.001465 1.2465 0.0133 -3.213 3.329 0.01 0.014 0.979 5598.7 4.2755 13.85693 0.839479 14.194867 13.355389 25.98 5.09 771.598633 785.386658 53972.79781 22.645 28673.0 45.987 36058.0 37.37 "" "" 0.0027927229553522596 0.003288974 0.0039433357 0.00723231 105.91320299874 -25.78762061514 778.001465 -3.2129999999999987 3.3290000000000006 0.05032402229309074 -0.17360186195373517 0.17978597 0.18378596 -7.2344578313253045 8.638462 0.6665520667745993 7.265099570614674 0.12229831220009359 8.602035265664487 0.9
106.11125905297 -26.58178765837 0.0089 0.0123 21.4695 "" "" 5610829418759034880 793.384094 1.2204 0.015 -3.092 3.494 0.013 0.017 1.049 5879.9 4.3173 13.869939 0.751419 14.161092 13.409673 31.11 5.3 784.50177 803.568665 53329.95371 19.23 29579.0 40.876 34300.0 52.023 "" "" 0.0027829951638106416 0.0031680074 0.004122558 0.0072905654 106.11125905297 -26.58178765837 793.384094 -3.092 3.494 0.17132402229309074 -0.008601861953735135 0.18278596 0.18678597 -2.1044578313253055 8.848461 0.6450996432338496 2.2011125172346024 0.11792171561583882 8.459980396777178 0.9
106.37809779286 -27.08027592592 0.0082 0.0108 46.8093 "" "" 5610614464237784960 792.636841 1.2223 0.0129 -3.147 3.467 0.011 0.014 1.038 5914.8 4.336 13.899138 0.73831 14.189314 13.451004 26.5 4.78 786.043213 800.171875 51914.80498 12.497 28820.0 27.841 33018.0 22.701 "" "" 0.0027676882703297767 0.0029807957 0.0038523967 0.0068331924 106.37809779286 -27.08027592592 792.636841 -3.1470000000000002 3.4670000000000014 0.11632402229309102 -0.03560186195373527 0.18078595 0.18378596 -6.714457831325305 8.328462 0.45705179278156155 6.72999556537228 0.08274687169940227 8.3092353886979 0.8
