Clusters/ASCC_32/ASCC_32_members.tsv
# %ECSV 1.0
# ---
# datatype:
# - name: RA_ICRS_1
#   unit: deg
#   datatype: float64
#   format: '{:15.11f}'
#   description: Right ascension (ICRS) at Ep=2016.0 (ra)
#   meta: !!omap
#   - {ucd: POS_EQ_RA_MAIN}
#   - {width: 15}
#   - {precision: '11'}
# - name: DE_ICRS_1
#   unit: deg
#   datatype: float64
#   format: '{:15.11f}'
#   description: Declination (ICRS) at Ep=2016.0 (dec)
#   meta: !!omap
#   - {ucd: POS_EQ_DEC_MAIN}
#   - {width: 15}
#   - {precision: '11'}
# - name: e_RA_ICRS
#   unit: mas
#   datatype: float64
#   format: '{:7.4f}'
#   description: Standard error of right ascension (ra_error)
#   meta: !!omap
#   - {ucd: ERROR}
#   - {width: 7}
#   - {precision: '4'}
# - name: e_DE_ICRS
#   unit: mas
#   datatype: float64
#   format: '{:7.4f}'
#   description: Standard error of declination (dec_error)
#   meta: !!omap
#   - {ucd: ERROR}
#   - {width: 7}
#   - {precision: '4'}
# - name: _r_1
#   unit: ''
#   datatype: float64
#   format: '{:7.4f}'
#   description: Distance from center (105.71120589000-26.57580601000)[ICRS], at Epoch=J2016.0
#   meta: !!omap
#   - {ucd: POS_ANG_DIST_GENERAL}
#   - {width: 7}
#   - {precision: '4'}
# - name: HIP
#   datatype: int32
#   description: '? HIP cross-id number, van Leeuwen, Cat. I/311 (hip_original_ext_source_id)'
#   meta: !!omap
#   - {ucd: ID_NUMBER}
#   - {width: 6}
#   - values: {'null': -2147483648}
# - name: TYC2
#   datatype: string
#   description: Tycho-2 cross-id name, Hog et al., Cat. I/259 (tyc2_original_ext_source_id)
#   meta: !!omap
#   - {ucd: ID_CROSSID}
#   - {_votable_string_dtype: char}
# - name: Source
#   datatype: int64
#   description: Source identifier, identical to the Gaia-EDR3 source_id (id)
#   meta: !!omap
#   - {ucd: ID_MAIN}
#   - {width: 19}
# - name: rgeo
#   unit: pc
#   datatype: float64
#   format: '{:15.8f}'
#   description: '? Median of the geometric distance posterior (r_med_geo)'
#   meta: !!omap
#   - {ucd: PHYS_DISTANCE_TRUE}
#   - {width: 15}
#   - {precision: '8'}
#   - values: {'null': .nan}
# - name: Plx
#   unit: mas
#   datatype: float64
#   format: '{:9.4f}'
#   description: '? Parallax (parallax)'
#   meta: !!omap
#   - {ucd: POS_PARLX_TRIG}
#   - {width: 9}
#   - {precision: '4'}
#   - values: {'null': .nan}
# - name: e_Plx
#   unit: mas
#   datatype: float32
#   format: '{:7.4f}'
#   description: '? Standard error of parallax (parallax_error)'
#   meta: !!omap
#   - {ucd: ERROR}
#   - {width: 7}
#   - {precision: '4'}
#   - values: {'null': .nan}
# - name: pmRA
#   unit: mas / yr
#   datatype: float64
#   format: '{:9.3f}'
#   description: '? Proper motion in right ascension direction, pmRA*cosDE (pmra)'
#   meta: !!omap
#   - {ucd: POS_EQ_PMRA}
#   - {width: 9}
#   - {precision: '3'}
#   - values: {'null': .nan}
# - name: pmDE
#   unit: mas / yr
#   datatype: float64
#   format: '{:9.3f}'
#   description: '? Proper motion in declination direction (pmdec)'
#   meta: !!omap
#   - {ucd: POS_EQ_PMDEC}
#   - {width: 9}
#   - {precision: '3'}
#   - values: {'null': .nan}
# - name: e_pmRA
#   unit: mas / yr
#   datatype: float32
#   format: '{:6.3f}'
#   description: '? Standard error of proper motion in right ascension direction (pmra_error)'
#   meta: !!omap
#   - {ucd: ERROR}
#   - {width: 6}
#   - {precision: '3'}
#   - values: {'null': .nan}
# - name: e_pmDE
[...]
#         unit: &id001 !astropy.units.Unit {unit: deg}
#         value: !astropy.table.SerializedColumn {name: SkyCoord.dec}
#       distance: !astropy.table.SerializedColumn
#         __class__: astropy.coordinates.distances.Distance
#         unit: !astropy.units.Unit {unit: pc}
#         value: !astropy.table.SerializedColumn {name: SkyCoord.distance}
#       frame: icrs
#       obstime: !astropy.time.Time {format: jyear_str, in_subfmt: '*', jd1: 367701545.0, jd2: 0.0, out_subfmt: '*', precision: 3, scale: tt}
#       pm_dec: !astropy.table.SerializedColumn
#         __class__: astropy.units.quantity.Quantity
#         unit: !astropy.units.Unit {unit: mas / yr}
#         value: !astropy.table.SerializedColumn {name: SkyCoord.pm_dec}
#       pm_ra_cosdec: !astropy.table.SerializedColumn
#         __class__: astropy.units.quantity.Quantity
#         unit: !astropy.units.Unit {unit: mas / yr}
#         value: !astropy.table.SerializedColumn {name: SkyCoord.pm_ra_cosdec}
#       ra: !astropy.table.SerializedColumn
#         __class__: astropy.coordinates.angles.Longitude
#         unit: *id001
#         value: !astropy.table.SerializedColumn {name: SkyCoord.ra}
#         wrap_angle: !astropy.coordinates.Angle
#           unit: *id001
#           value: 360.0
#       representation_type: spherical
# schema: astropy-2.0
RA_ICRS_1 DE_ICRS_1 e_RA_ICRS e_DE_ICRS _r_1 HIP TYC2 Source rgeo Plx e_Plx pmRA pmDE e_pmRA e_pmDE RUWE Teff logg Gmag BP-RP BPmag RPmag RV e_RV b_rgeo B_rgeo FG e_FG FBP e_FBP FRP e_FRP RAVE5 RAVE6 e_Gmag e_BPmag e_RPmag e_BP-RP SkyCoord.ra SkyCoord.dec SkyCoord.distance SkyCoord.pm_ra_cosdec SkyCoord.pm_dec Pmemb
[from data line 79]
105.55304905823 -26.40140008774 0.0143 0.0187 13.4773 "" "" 5610891163210141440 780.885681 1.246 0.0229 -3.279 3.407 0.018 0.022 0.995 4775.5 4.3901 15.314423 1.273509 15.874326 14.600817 "" "" 768.575562 794.864197 14098.66011 21.065 6105.0 33.877 11451.0 53.517 "" "" 0.0031973997423977176 0.0066395346 0.006327071 0.012966606 105.55304905823 -26.40140008774 780.885681 -3.2790000000000004 3.406999999999999 1.0
105.42756582576 -26.00014376334 0.015 0.0188 37.7599 "" "" 5610921601638595584 779.082397 1.2427 0.0233 -3.456 3.365 0.02 0.022 0.958 4874.6 4.452 15.435047 1.242705 15.978837 14.736132 "" "" 767.846741 793.852966 12616.18049 15.475 5544.8 30.392 10109.0 34.928 "" "" 0.003060291349242021 0.006572725 0.005325082 0.011897807 105.42756582576 -26.00014376334 779.082397 -3.4559999999999995 3.3649999999999998 0.8
106.59487175451 -27.60470183218 0.0157 0.0195 77.7115 "" "" 5609784436038788736 808.274414 1.1926 0.0246 -3.125 3.34 0.021 0.025 0.989 4731.9 4.3398 15.479532 1.300569 16.056797 14.756228 "" "" 793.427063 824.953857 12109.70987 10.189 5160.6 17.533 9923.5 22.815 "" "" 0.0029028130894091374 0.004625148 0.0045293216 0.00915447 106.59487175451 -27.60470183218 808.274414 -3.124999999999999 3.340000000000001 0.8
105.59174749279 -27.61276276837 0.016 0.0234 62.5437 "" "" 5610478846347630976 748.918823 1.3026 0.0267 -3.395 3.592 0.021 0.032 0.971 4452.0 4.2362 15.497375 1.391325 16.124573 14.733248 "" "" 736.358215 762.069763 11912.33562 15.673 4848.3 21.954 10136.0 39.639 "" "" 0.0031036099569392867 0.00565298 0.005684389 0.011337369 105.59174749279 -27.61276276837 748.918823 -3.3950000000000005 3.592000000000001 0.8
106.09192900371 -26.20428413607 0.0325 0.0436 30.2593 "" "" 5611225620902722432 751.055603 1.3079 0.0537 -3.443 3.817 0.042 0.058 2.466 4413.7 4.2106 15.503685 1.63459 16.26166 14.627069 "" "" 719.622925 779.417542 11843.29762 11.599 4273.2 17.243 11177.0 23.144 "" "" 0.0029533847694546084 0.0051941457 0.004397521 0.009591667 106.09192900371 -26.20428413607 751.055603 -3.443000000000001 3.816999999999999 0.9
105.49325066769 -26.84327081266 0.0159 0.0216 19.8495 "" "" 5610808768555692160 827.732239 1.171 0.0261 -3.06 3.525 0.022 0.028 0.989 4727.2 4.3615 15.546943 1.360405 16.153866 14.793461 "" "" 811.783447 847.007202 11380.72284 12.128 4719.2 18.868 9589.0 35.496 "" "" 0.0029883945330451034 0.0051602945 0.0055169743 0.010677269 105.49325066769 -26.84327081266 827.732239 -3.0600000000000014 3.5249999999999995 0.9
106.03355738748 -26.80905801292 0.0158 0.0204 22.2364 "" "" 5610637416542890368 833.5802 1.167 0.0243 -3.244 3.34 0.02 0.025 0.996 4705.9 4.3798 15.591288 1.351751 16.196095 14.844343 "" "" 818.77124 849.701904 10925.2581 18.444 4539.2 29.049 9150.0 35.948 "" "" 0.0033092975461288636 0.0074875485 0.005699025 0.013186574 106.03355738748 -26.80905801292 833.5802 -3.2439999999999998 3.339999999999999 0.9
105.71700887689 -26.49987753321 0.0166 0.02 4.5663 "" "" 5610847491981587584 772.22229 1.2611 0.0255 -3.206 3.473 0.022 0.024 1.011 4736.5 4.3984 15.603691 1.36463 16.212046 14.847416 "" "" 756.686279 790.027344 10801.15669 19.389 4473.0 28.138 9124.1 42.98 "" "" 0.0033749590326499286 0.0073779062 0.0063593662 0.0137372725 105.71700887689 -26.49987753321 772.22229 -3.206 3.473 1.0
104.93498884024 -26.29512581554 0.0159 0.0216 44.9751 "" "" 2920736026536879104 756.381287 1.2838 0.0264 -3.425 3.471 0.021 0.027 1.008 "" "" 15.622157 1.396681 16.246195 14.849514 "" "" 743.032898 772.460205 10619.01106 25.818 4334.5 38.658 9106.5 53.176 "" "" 0.0038157660162380105 0.010077297 0.007381001 0.017458297 104.93498884024 -26.29512581554 756.381287 -3.4249999999999994 3.471 0.8
105.90337367226 -26.21623832918 0.0168 0.0213 23.9187 "" "" 5611227785566291456 757.961182 1.2846 0.027 -3.31 3.557 0.022 0.025 1.026 4680.5 4.3806 15.66455 1.432794 16.305685 14.872891 "" "" 742.853333 775.042053 10212.37426 10.913 4103.4 16.4 8912.5 32.447 "" "" 0.0029896334913162045 0.00515897 0.0054688165 0.010627787 105.90337367226 -26.21623832918 757.961182 -3.310000000000001 3.557 0.8
105.88534938806 -25.96292798539 0.0169 0.0217 37.9475 "" "" 5611288464865745408 727.488281 1.3386 0.0278 -3.451 3.573 0.022 0.026 0.991 4534.3 4.3865 15.751497 1.481953 16.429853 14.947901 "" "" 711.721619 743.217834 9426.44272 11.347 3660.0 22.25 8317.6 27.967 "" "" 0.003049573128819102 0.007165956 0.005254626 0.012420582 105.88534938806 -25.96292798539 727.488281 -3.4509999999999996 3.5730000000000004 0.9
106.61231948379 -27.58970317173 0.0186 0.0232 77.5754 "" "" 5609784848355420032 807.121887 1.2068 0.0294 -3.125 3.321 0.025 0.031 1.011 4126.8 4.1307 15.812654 1.748453 16.647493 14.89904 "" "" 786.640747 830.54248 8910.15601 9.7826 2995.2 23.963 8700.5 36.13 "" "" 0.003002126727891358 0.009123515 0.005883179 0.015006695 106.61231948379 -27.58970317173 807.121887 -3.1250000000000004 3.321000000000001 0.8
105.71611617691 -26.98617863897 0.0187 0.0248 24.6238 "" "" 5610792756917515904 726.520813 1.3342 0.0295 -3.328 3.634 0.024 0.032 0.981 4335.0 4.3972 15.847866 1.462426 16.507147 15.044721 "" "" 713.322632 743.280945 8625.82018 15.303 3408.5 33.837 7608.0 36.427 "" "" 0.0033618477991334867 0.011133651 0.0064271316 0.017560784 105.71611617691 -26.98617863897 726.520813 -3.3280000000000003 3.633999999999999 0.8
105.4796315882 -25.98619881212 0.0229 0.031 37.506 "" "" 5610921846456339328 809.614014 1.2013 0.0373 -3.173 3.386 0.03 0.037 1.09 "" "" 15.90768 1.281076 16.244843 14.963766 "" "" 781.638489 841.89917 8163.47066 12.838 4339.9 122.49 8196.9 79.712 "" "" 0.0032414748636264263 0.030770745 0.011214439 0.041985184 105.4796315882 -25.98619881212 809.614014 -3.173 3.386 1.0
106.11112884159 -26.74161305553 0.0187 0.0244 23.6398 "" "" 5610638103737627008 777.113342 1.2574 0.0296 -3.208 3.491 0.024 0.03 0.982 "" "" 15.919784 1.49805 16.600437 15.102387 "" "" 758.66748 794.021729 8072.97073 16.81 3127.8 25.581 7214.4 44.31 "" "" 0.0035641160635695806 0.009307834 0.0076649953 0.016972829 106.11112884159 -26.74161305553 777.113342 -3.208 3.491 1.0
105.90263587873 -26.204183138 0.02 0.0257 24.5567 "" "" 5611227819926028416 683.565369 1.4348 0.0335 -3.735 3.619 0.026 0.031 1.028 4165.0 4.5022 16.081293 1.677298 16.880835 15.203537 "" "" 668.797852 695.823914 6957.12179 5.4004 2415.9 9.5567 6572.7 12.349 "" "" 0.0028813344946491963 0.0051216437 0.0042947624 0.009416406 105.90263587873 -26.204183138 683.565369 -3.7350000000000008 3.6190000000000015 0.9
105.92347012352 -26.73687279659 0.0209 0.0283 14.9314 "" "" 5610820691385611648 740.421875 1.3254 0.0346 -3.245 3.547 0.027 0.035 1.008 4344.0 4.4319 16.084726 1.575267 16.821873 15.246606 "" "" 719.922974 761.158936 6935.15411 9.9266 2550.7 18.84 6317.1 26.383 "" "" 0.003163368830204502 0.008490995 0.005903011 0.014394006 105.92347012352 -26.73687279659 740.421875 -3.2450000000000006 3.547000000000001 0.9
105.69298746719 -26.6806052554 0.0235 0.0289 6.3634 "" "" 5610835191195391744 760.026184 1.2951 0.0384 -3.165 3.669 0.032 0.034 1.043 4268.7 4.3948 16.110863 1.625504 16.875908 15.250403 "" "" 738.770996 782.929688 6770.207 6.2425 2426.9 10.491 6295.0 13.045 "" "" 0.002931553579908282 0.0054601496 0.0043984083 0.009858558 105.69298746719 -26.6806052554 760.026184 -3.1649999999999983 3.668999999999999 0.8
105.79965399948 -25.88638333811 0.0219 0.028 41.6384 "" "" 5611300800011660032 737.726624 1.325 0.0348 -3.296 3.493 0.028 0.034 1.025 4029.7 4.2965 16.116459 1.823202 17.002728 15.179525 "" "" 719.428772 760.088806 6735.39574 4.8655 2159.4 8.8685 6719.7 15.152 "" "" 0.002864774702761798 0.0052600466 0.004503037 0.009763083 105.79965399948 -25.88638333811 737.726624 -3.2959999999999994 3.4929999999999994 1.0
105.70953572438 -26.27498286589 0.0208 0.0289 18.0496 "" "" 5610899340827777664 784.062744 1.2525 0.034 -3.169 3.473 0.028 0.036 0.995 4236.0 4.4878 16.188793 1.535951 16.89906 15.363109 "" "" 762.68103 801.863281 6301.28496 6.7944 2375.7 14.048 5674.3 18.594 "" "" 0.0029937154541863752 0.007000269 0.005190555 0.012190824 105.70953572438 -26.27498286589 784.062744 -3.1689999999999996 3.473 0.8
106.21110641641 -26.40089297238 0.0222 0.0298 28.8239 "" "" 5611210433898539392 737.813599 1.3182 0.0381 -3.269 3.545 0.029 0.038 1.034 4059.1 4.2003 16.268837 1.648613 17.049189 15.400576 "" "" 720.260742 762.680664 5853.44895 10.199 2068.9 13.924 5481.9 25.293 "" "" 0.003342246512409286 0.007821745 0.0062752464 0.014096992 106.21110641641 -26.40089297238 737.813599 -3.2689999999999992 3.544999999999999 0.8
105.16910611855 -26.45841507364 0.023 0.0325 29.9444 "" "" 5610881542482749312 743.199219 1.3013 0.0411 -3.167 3.579 0.03 0.041 1.0 4267.2 4.4544 16.279644 1.669609 17.069368 15.399759 "" "" 720.901855 765.301331 5795.47469 4.1389 2030.8 9.9804 5486.0 12.375 "" "" 0.0028623450198885826 0.0060213404 0.004503556 0.010524897 105.16910611855 -26.45841507364 743.199219 -3.167 3.5789999999999997 0.8
105.50908967769 -27.14277205058 0.0239 0.0315 35.6968 "" "" 5610784751098672640 782.021362 1.2525 0.0386 -3.283 3.435 0.031 0.039 1.055 3757.6 4.0437 16.360687 2.08821 17.417725 15.329515 "" "" 754.916382 805.822998 5378.62923 6.1793 1473.4 9.1383 5852.6 25.473 "" "" 0.003024516068978741 0.007289098 0.0060510226 0.013340121 105.50908967769 -27.14277205058 782.021362 -3.2829999999999995 3.434999999999999 0.8
105.29196667766 -25.86925476092 0.0234 0.0329 48.0246 "" "" 2920776193071552640 764.697205 1.2798 0.0402 -3.25 3.322 0.031 0.04 0.994 4107.9 4.2568 16.372568 1.765821 17.226465 15.460644 "" "" 742.418518 785.287903 5320.09664 4.8393 1757.2 8.1983 5186.8 12.06 "" "" 0.0029269730671846205 0.005783155 0.004544968 0.010328123 105.29196667766 -25.86925476092 764.697205 -3.25 3.3220000000000005 0.9
106.01645035734 -27.11795198446 0.0277 0.0364 36.4024 "" "" 5610611303142062976 752.554321 1.2985 0.0467 -3.314 3.561 0.036 0.045 1.038 4270.8 4.5315 16.459631 1.786107 17.32619 15.540084 "" "" 727.268433 785.482361 4910.14637 6.9933 1603.0 13.333 4820.9 18.791 "" "" 0.003159594012489752 0.009451855 0.0056739394 0.015125794 106.01645035734 -27.11795198446 752.554321 -3.314 3.561 0.9
105.65748934091 -26.4060616649 0.0256 0.0345 10.5853 "" "" 5610896007933204736 779.265137 1.2606 0.0434 -3.195 3.473 0.033 0.043 0.979 4096.9 4.3841 16.520061 1.761243 17.37566 15.614417 "" "" 755.731812 798.951233 4644.31849 3.8143 1531.6 9.2255 4501.9 10.37 "" "" 0.0028960166515159848 0.007110197 0.0045319465 0.011642143 105.65748934091 -26.4060616649 779.265137 -3.195 3.473 0.8
105.72846946155 -25.96477925249 0.0247 0.0326 36.6734 "" "" 5611294306021148800 733.11377 1.334 0.04 -3.388 3.504 0.032 0.04 0.983 4171.7 4.4528 16.554466 1.82535 17.45208 15.62673 "" "" 713.164429 758.022034 4499.45725 5.7553 1427.5 11.341 4451.1 14.399 "" "" 0.0030855287428639393 0.009065844 0.005159443 0.014225287 105.72846946155 -25.96477925249 733.11377 -3.388 3.5039999999999996 0.8
105.706922137 -26.37203276581 0.0261 0.0353 12.2286 "" "" 5610896488969515392 783.025574 1.2499 0.0432 -3.22 3.561 0.034 0.043 1.005 4140.2 4.4594 16.665564 1.84124 17.572512 15.731272 "" "" 761.096619 808.581604 4061.82357 4.4937 1277.7 8.4014 4042.5 15.691 "" "" 0.0030057640705996105 0.007665027 0.005660742 0.013325769 105.706922137 -26.37203276581 783.025574 -3.2200000000000006 3.561 0.8
105.02669990269 -25.85557886366 0.0314 0.046 56.789 "" "" 2920791070838350592 918.127014 1.0783 0.0584 -3.176 3.331 0.044 0.065 0.948 4038.3 4.3224 16.939003 2.019567 17.957724 15.938156 "" "" 877.606812 962.804077 3157.51459 3.0827 896.04 6.2872 3341.1 9.8447 "" "" 0.0029521876419413852 0.008113108 0.0049516074 0.013064715 105.02669990269 -25.85557886366 918.127014 -3.1759999999999997 3.331 0.8
