Clusters/ASCC_32/ASCC_32_stars_in_region.tsv
# %ECSV 1.0
# ---
# datatype:
# - name: RA_ICRS_1
#   unit: deg
#   datatype: float64
#   format: '{:15.11f}'
#   description: Right ascension (ICRS) at Ep=2016.0 (ra)
#   meta: !!omap
#   - {ucd: POS_EQ_RA_MAIN}
#   - {width: 15}
#   - {precision: '11'}
# - name: DE_ICRS_1
#   unit: deg
#   datatype: float64
#   format: '{:15.11f}'
#   description: Declination (ICRS) at Ep=2016.0 (dec)
#   meta: !!omap
#   - {ucd: POS_EQ_DEC_MAIN}
#   - {width: 15}
#   - {precision: '11'}
# - name: e_RA_ICRS
#   unit: mas
#   datatype: float64
#   format: '{:7.4f}'
#   description: Standard error of right ascension (ra_error)
#   meta: !!omap
#   - {ucd: ERROR}
#   - {width: 7}
#   - {precision: '4'}
# - name: e_DE_ICRS
#   unit: mas
#   datatype: float64
#   format: '{:7.4f}'
#   description: Standard error of declination (dec_error)
#   meta: !!omap
#   - {ucd: ERROR}
#   - {width: 7}
#   - {precision: '4'}
# - name: _r_1
#   unit: ''
#   datatype: float64
#   format: '{:7.4f}'
#   description: Distance from center (105.71120589000-26.57580601000)[ICRS], at Epoch=J2016.0
#   meta: !!omap
#   - {ucd: POS_ANG_DIST_GENERAL}
#   - {width: 7}
#   - {precision: '4'}
# - name: HIP
#   datatype: int32
#   description: '? HIP cross-id number, van Leeuwen, Cat. I/311 (hip_original_ext_source_id)'
#   meta: !!omap
#   - {ucd: ID_NUMBER}
#   - {width: 6}
#   - values: {'null': -2147483648}
# - name: TYC2
#   datatype: string
#   description: Tycho-2 cross-id name, Hog et al., Cat. I/259 (tyc2_original_ext_source_id)
#   meta: !!omap
#   - {ucd: ID_CROSSID}
#   - {_votable_string_dtype: char}
# - name: Source
#   datatype: int64
#   description: Source identifier, identical to the Gaia-EDR3 source_id (id)
#   meta: !!omap
#   - {ucd: ID_MAIN}
#   - {width: 19}
# - name: rgeo
#   unit: pc
#   datatype: float64
#   format: '{:15.8f}'
#   description: '? Median of the geometric distance posterior (r_med_geo)'
#   meta: !!omap
#   - {ucd: PHYS_DISTANCE_TRUE}
#   - {width: 15}
#   - {precision: '8'}
#   - values: {'null': .nan}
# - name: Plx
#   unit: mas
#   datatype: float64
#   format: '{:9.4f}'
#   description: '? Parallax (parallax)'
#   meta: !!omap
#   - {ucd: POS_PARLX_TRIG}
#   - {width: 9}
#   - {precision: '4'}
#   - values: {'null': .nan}
# - name: e_Plx
#   unit: mas
#   datatype: float32
#   format: '{:7.4f}'
#   description: '? Standard error of parallax (parallax_error)'
#   meta: !!omap
#   - {ucd: ERROR}
#   - {width: 7}
#   - {precision: '4'}
#   - values: {'null': .nan}
# - name: pmRA
#   unit: mas / yr
#   datatype: float64
#   format: '{:9.3f}'
#   description: '? Proper motion in right ascension direction, pmRA*cosDE (pmra)'
#   meta: !!omap
#   - {ucd: POS_EQ_PMRA}
#   - {width: 9}
#   - {precision: '3'}
#   - values: {'null': .nan}
# - name: pmDE
#   unit: mas / yr
#   datatype: float64
#   format: '{:9.3f}'
#   description: '? Proper motion in declination direction (pmdec)'
#   meta: !!omap
#   - {ucd: POS_EQ_PMDEC}
#   - {width: 9}
#   - {precision: '3'}
#   - values: {'null': .nan}
# - name: e_pmRA
#   unit: mas / yr
#   datatype: float32
#   format: '{:6.3f}'
#   description: '? Standard error of proper motion in right ascension direction (pmra_error)'
#   meta: !!omap
#   - {ucd: ERROR}
#   - {width: 6}
#   - {precision: '3'}
#   - values: {'null': .nan}
# - name: e_pmDE
[...]
#         unit: &id001 !astropy.units.Unit {unit: deg}
#         value: !astropy.table.SerializedColumn {name: SkyCoord.dec}
#       distance: !astropy.table.SerializedColumn
#         __class__: astropy.coordinates.distances.Distance
#         unit: !astropy.units.Unit {unit: pc}
#         value: !astropy.table.SerializedColumn {name: SkyCoord.distance}
#       frame: icrs
#       obstime: !astropy.time.Time {format: jyear_str, in_subfmt: '*', jd1: 367701545.0, jd2: 0.0, out_subfmt: '*', precision: 3, scale: tt}
#       pm_dec: !astropy.table.SerializedColumn
#         __class__: astropy.units.quantity.Quantity
#         unit: !astropy.units.Unit {unit: mas / yr}
#         value: !astropy.table.SerializedColumn {name: SkyCoord.pm_dec}
#       pm_ra_cosdec: !astropy.table.SerializedColumn
#         __class__: astropy.units.quantity.Quantity
#         unit: !astropy.units.Unit {unit: mas / yr}
#         value: !astropy.table.SerializedColumn {name: SkyCoord.pm_ra_cosdec}
#       ra: !astropy.table.SerializedColumn
#         __class__: astropy.coordinates.angles.Longitude
#         unit: *id001
#         value: !astropy.table.SerializedColumn {name: SkyCoord.ra}
#         wrap_angle: !astropy.coordinates.Angle
#           unit: *id001
#           value: 360.0
#       representation_type: spherical
# schema: astropy-2.0
RA_ICRS_1 DE_ICRS_1 e_RA_ICRS e_DE_ICRS _r_1 HIP TYC2 Source rgeo Plx e_Plx pmRA pmDE e_pmRA e_pmDE RUWE Teff logg Gmag BP-RP BPmag RPmag RV e_RV b_rgeo B_rgeo FG e_FG FBP e_FBP FRP e_FRP RAVE5 RAVE6 e_Gmag e_BPmag e_RPmag e_BP-RP SkyCoord.ra SkyCoord.dec SkyCoord.distance SkyCoord.pm_ra_cosdec SkyCoord.pm_dec
[from data line 3246]
106.80870583543 -27.15247704466 0.0273 0.035 68.1755 "" "" 5610926828619203712 884.082458 1.1069 0.045 -5.044 -5.738 0.036 0.044 0.988 4486.9 4.5788 16.539454 1.523432 17.25238 15.728949 "" "" 856.639465 922.702637 4562.10787 2.152 1715.8 7.7049 4051.2 8.4793 "" "" 0.00280251523977066 0.005617486 0.0044099777 0.010027464 106.80870583543 -27.15247704466 884.082458 -5.0440000000000005 -5.738000000000001
106.64336784035 -25.95410236461 0.0247 0.0336 62.5057 "" "" 5611252868175888768 878.085022 1.1125 0.042 0.025 -4.751 0.032 0.039 0.952 4529.9 4.646 16.53977 1.371261 17.16229 15.79103 "" "" 848.845764 911.230774 4560.77831 2.0896 1864.2 7.4472 3826.0 9.6264 "" "" 0.0027998651546758202 0.005157294 0.004663289 0.009820583 106.64336784035 -25.95410236461 878.085022 0.02499999999999991 -4.751
106.01471949754 -26.1439928638 0.0295 0.0377 30.6189 "" "" 5611229744071339008 679.304626 1.4509 0.0477 -6.417 -2.009 0.039 0.047 1.155 4413.4 4.6018 16.540415 1.598222 17.298204 15.699983 "" "" 654.734314 701.897888 4558.06488 2.0711 1644.9 6.3434 4160.7 6.5524 "" "" 0.002799137747456374 0.005031534 0.0041481704 0.009179704 106.01471949754 -26.1439928638 679.304626 -6.417 -2.009
105.99196621571 -27.43371406218 0.0286 0.0371 53.6179 "" "" 5610579142426035200 894.322327 1.1128 0.0467 7.966 -7.788 0.037 0.044 1.116 4394.1 4.5162 16.542501 1.462412 17.216547 15.754135 "" "" 861.092957 932.635986 4549.3199 1.949 1773.4 8.2013 3958.3 8.75 "" "" 0.002794306817501341 0.0057442714 0.004477059 0.01022133 105.99196621571 -27.43371406218 894.322327 7.966000000000001 -7.788
104.84847605765 -27.21674452117 0.0265 0.032 60.0832 "" "" 5610700019983508480 762.729675 1.2907 0.0393 16.049 -1.315 0.035 0.038 0.99 4422.0 4.5437 16.54315 1.4773 17.229824 15.752524 "" "" 742.24054 784.294739 4546.60294 1.8142 1751.8 6.617 3964.1 6.7959 "" "" 0.0027891721028171124 0.004960253 0.004212877 0.00917313 104.84847605765 -27.21674452117 762.729675 16.049 -1.315
104.36493120019 -26.99021916685 0.027 0.0334 76.2767 "" "" 2920595529566512512 636.969604 1.5328 0.0418 -9.37 4.243 0.036 0.042 0.987 4128.3 4.3743 16.543314 1.938653 17.510048 15.571395 "" "" 623.402344 655.723389 4545.91523 2.3009 1353.3 7.7615 4683.8 9.3733 "" "" 0.00280958815120802 0.006823492 0.004359445 0.011182937 104.36493120019 -26.99021916685 636.969604 -9.37 4.243
105.57352711256 -27.15895754879 0.0268 0.0351 35.7567 "" "" 5610783789025956224 717.467773 1.3673 0.0426 4.583 -7.764 0.033 0.044 1.001 4483.1 4.5671 16.544218 1.506295 17.249588 15.743293 "" "" 690.244385 741.5354 4542.12913 2.1042 1720.2 8.729 3998.0 9.628 "" "" 0.0028008533672797603 0.0061757034 0.0045956774 0.010771381 105.57352711256 -27.15895754879 717.467773 4.583 -7.764000000000001
104.51480456781 -27.41980670943 0.2651 0.4955 81.58 "" "" 5610714966465880448 722.009521 1.5296 0.2275 -2.373 4.423 0.31 0.501 1.639 "" "" 16.54523 1.26767 16.261246 14.993576 "" "" 615.815063 866.57373 4537.89504 20.006 4274.8 67.225 7974.9 43.618 "" "" 0.005523010306210655 0.017300634 0.0070390035 0.024339637 104.51480456781 -27.41980670943 722.009521 -2.3729999999999998 4.423000000000001
105.15367380262 -26.30856512133 0.0397 0.0561 33.9741 "" "" 5610910095426118144 937.680054 1.0431 0.0711 -3.668 2.872 0.052 0.072 1.438 "" "" 16.547419 1.550943 17.01995 15.469008 "" "" 883.107361 993.464539 4528.75935 4.5923 2125.4 82.359 5147.0 94.615 "" "" 0.002967140614177719 0.042164568 0.020313285 0.062477853 105.15367380262 -26.30856512133 937.680054 -3.668 2.872
105.21786411903 -27.73436755586 0.0281 0.0328 74.3356 "" "" 5610460051570962688 884.19873 1.096 0.0414 -0.144 13.425 0.038 0.041 1.004 4631.6 4.577 16.548634 1.381828 17.175974 15.794146 "" "" 857.431213 909.86731 4523.69898 1.9963 1840.9 17.271 3815.0 8.7586 "" "" 0.002796669117506954 0.010561411 0.0045273746 0.015088785 105.21786411903 -27.73436755586 884.19873 -0.14400000000000013 13.424999999999997
105.47034947084 -26.33776755327 0.0257 0.0359 19.271 "" "" 5610895286378769664 817.328369 1.2008 0.044 -3.072 1.692 0.034 0.043 1.011 4509.7 4.5871 16.549309 1.474618 17.243404 15.768786 "" "" 775.286377 852.572754 4520.88481 2.0783 1730.0 9.5519 3905.2 9.2128 "" "" 0.0028001633723973465 0.006612228 0.0045655617 0.011177789 105.47034947084 -26.33776755327 817.328369 -3.0719999999999996 1.6919999999999997
106.17109292801 -26.48841902349 0.0252 0.0363 25.2379 "" "" 5611205417376772608 781.08783 1.2526 0.0452 -3.156 3.471 0.033 0.046 0.997 4171.7 4.4865 16.549618 1.66429 17.271727 15.607436 "" "" 757.103271 816.707458 4519.59732 8.4545 1685.5 24.132 4530.9 31.612 "" "" 0.0034229810564881556 0.015793353 0.0084656235 0.024258977 106.17109292801 -26.48841902349 781.08783 -3.156 3.471
106.18939447302 -25.81256606384 0.0252 0.0362 52.5348 "" "" 5611311107935032448 686.920288 1.4351 0.045 -5.133 -5.473 0.033 0.047 1.041 4503.0 4.6692 16.550703 1.503787 17.248743 15.744956 "" "" 664.555481 705.69043 4515.07814 2.0189 1721.6 8.8064 3991.9 8.4026 "" "" 0.0027977639104288412 0.0062152855 0.0044166376 0.010631923 106.18939447302 -25.81256606384 686.920288 -5.133 -5.472999999999999
106.82032291237 -26.29835941978 0.0283 0.0362 61.8691 "" "" 5611048152857643264 738.263855 1.3325 0.0463 -2.574 -2.783 0.036 0.044 0.974 4451.9 4.3792 16.551218 1.535754 17.25666 15.720906 "" "" 709.838257 768.001953 4512.94297 5.9686 1709.0 9.9773 4081.3 14.887 "" "" 0.003107043462953116 0.0069255508 0.0054743085 0.01239986 106.82032291237 -26.29835941978 738.263855 -2.573999999999999 -2.7829999999999995
105.79350473069 -27.07962149603 0.0262 0.0354 30.5484 "" "" 5610603606559758208 845.840942 1.1509 0.0412 -0.038 -1.098 0.034 0.043 1.013 4507.7 4.5463 16.551786 1.432726 17.211184 15.778458 "" "" 819.074829 876.054626 4510.57556 2.1582 1782.1 6.7847 3870.6 10.661 "" "" 0.0028038665711885334 0.0049871095 0.0048194216 0.009806531 105.79350473069 -27.07962149603 845.840942 -0.03799999999999998 -1.098
105.28543512272 -25.87628453773 0.0259 0.0346 47.8199 "" "" 2920776158711821312 677.448181 1.4539 0.0435 4.517 2.418 0.034 0.041 0.975 4412.0 4.6249 16.552267 1.636899 17.321903 15.685004 "" "" 652.52002 697.508667 4508.57831 2.0645 1609.4 7.1645 4218.5 10.446 "" "" 0.002799814516697609 0.005580869 0.0046380996 0.010218969 105.28543512272 -25.87628453773 677.448181 4.517 2.418
104.78594398385 -25.60043670011 0.0529 0.0759 76.8812 "" "" 2920845324866393344 843.891052 1.1778 0.0969 -3.803 2.944 0.072 0.093 2.057 4135.4 4.5529 16.552282 1.757969 17.362762 15.604794 "" "" 766.855164 930.29126 4508.5214 5.7707 1549.9 7.2103 4541.9 10.644 "" "" 0.003085941378169024 0.005770377 0.004556082 0.010326459 104.78594398385 -25.60043670011 843.891052 -3.803 2.9439999999999995
106.41682802462 -25.74013127515 0.0276 0.0354 62.9135 "" "" 5611271594233377664 928.694153 1.0551 0.0439 -5.469 1.683 0.036 0.043 0.987 4722.4 4.6129 16.552382 1.262566 17.111544 15.848978 "" "" 889.930847 962.363037 4508.10551 2.1492 1953.4 7.505 3627.2 8.4362 "" "" 0.00280351831599748 0.0050185444 0.00454538 0.009563925 106.41682802462 -25.74013127515 928.694153 -5.468999999999999 1.6830000000000003
105.540875062 -26.71502150945 0.027 0.0377 12.3778 "" "" 5610812170169709056 834.744751 1.1668 0.0453 -3.305 3.494 0.036 0.044 1.018 3972.5 4.21 16.552933 2.079096 17.6015 15.522404 "" "" 807.710632 861.219421 4505.82154 6.1245 1244.0 10.137 4900.0 18.528 "" "" 0.0031256534096985875 0.009276891 0.0055801556 0.014857046 105.540875062 -26.71502150945 834.744751 -3.3050000000000006 3.4940000000000007
106.02797705463 -26.05602113804 0.0264 0.0351 35.5369 "" "" 5611283448343917952 743.873291 1.3173 0.0453 -5.539 -6.042 0.035 0.044 1.087 4499.6 4.6322 16.554132 1.480948 17.239838 15.75889 "" "" 719.889587 771.367065 4500.84119 2.0154 1735.7 9.5904 3941.0 7.5045 "" "" 0.002797883968527116 0.0066162143 0.004307919 0.0109241335 106.02797705463 -26.05602113804 743.873291 -5.539 -6.042000000000001
105.72846946155 -25.96477925249 0.0247 0.0326 36.6734 "" "" 5611294306021148800 733.11377 1.334 0.04 -3.388 3.504 0.032 0.04 0.983 4171.7 4.4528 16.554466 1.82535 17.45208 15.62673 "" "" 713.164429 758.022034 4499.45725 5.7553 1427.5 11.341 4451.1 14.399 "" "" 0.0030855287428639393 0.009065844 0.005159443 0.014225287 105.72846946155 -25.96477925249 733.11377 -3.388 3.5039999999999996
106.23983174644 -27.54667749721 0.027 0.0363 64.7386 "" "" 5610527053061217664 763.54895 1.2789 0.0435 -3.121 0.551 0.036 0.046 1.025 4479.5 4.6747 16.55464 1.553978 17.292349 15.738371 "" "" 744.521118 784.575745 4498.73776 2.091 1653.8 9.1126 4016.2 6.9951 "" "" 0.0028011529721950995 0.006601175 0.0042260853 0.01082726 106.23983174644 -27.54667749721 763.54895 -3.1210000000000004 0.5509999999999999
105.40192228692 -25.58838895293 0.0259 0.0341 61.5448 "" "" 2921168890522292736 918.781311 1.0657 0.0427 -2.354 -1.625 0.036 0.041 1.051 4413.9 4.6002 16.555702 1.614928 17.316734 15.701806 "" "" 884.143494 950.763794 4494.33715 1.9193 1617.0 8.4426 4153.7 8.2161 "" "" 0.0027940600982661536 0.0063182474 0.0043469467 0.010665194 105.40192228692 -25.58838895293 918.781311 -2.3539999999999996 -1.6250000000000002
106.14913297293 -25.51944719893 0.0264 0.0353 67.6348 "" "" 5611336942156227328 657.814026 1.4911 0.0456 -2.548 -9.508 0.035 0.044 0.974 4402.3 4.6573 16.558157 1.620182 17.320215 15.700033 "" "" 639.2677 680.624451 4484.19157 1.9105 1611.9 8.9193 4160.5 10.876 "" "" 0.0027938808178177782 0.00662412 0.004726446 0.011350566 106.14913297293 -25.51944719893 657.814026 -2.5480000000000005 -9.508
104.70033312298 -25.92084322292 0.2842 0.4221 67.1075 "" "" 2920808250708000384 841.568359 1.6415 0.5105 -0.784 16.175 0.38 0.514 9.702 "" "" 16.558487 1.258695 16.979094 15.720399 "" "" 559.86261 1266.39685 4482.82652 28.81 2206.9 8.0572 4083.2 7.9636 "" "" 0.007502055161946128 0.0048474506 0.004332174 0.009179625 104.70033312298 -25.92084322292 841.568359 -0.784 16.175
105.19916408224 -27.2257618578 0.1974 0.2846 47.6595 "" "" 5610691155170745728 665.883301 1.7176 0.3323 -3.866 -5.202 0.261 0.368 7.036 "" "" 16.558722 2.45251 17.75612 15.303611 "" "" 526.421021 850.918518 4481.85874 23.667 1078.9 7.796 5994.0 10.204 "" "" 0.006361071150969167 0.008326783 0.00420714 0.012533923 105.19916408224 -27.2257618578 665.883301 -3.8659999999999997 -5.202000000000001
105.28911841506 -27.50221175169 0.0574 0.1217 59.9869 "" "" 5610490730517172608 884.393494 1.1355 0.0761 0.12 -4.425 0.082 0.153 1.213 "" "" 16.559204 "" "" "" "" "" 816.362549 967.473755 4479.8678 8.9773 "" "" "" "" "" "" 0.0035107814719238586 "" "" "" 105.28911841506 -27.50221175169 884.393494 0.11999999999999994 -4.425
106.81090253813 -27.35363079701 0.0332 0.0433 75.0758 "" "" 5609795568593608704 795.743896 1.2333 0.0522 5.23 -6.909 0.046 0.063 1.228 4457.1 4.4998 16.559532 1.398927 17.172892 15.773965 "" "" 764.642761 828.088013 4478.51712 2.9513 1846.1 8.0518 3886.6 9.8055 "" "" 0.002846702474453238 0.0054963273 0.00466765 0.010163978 106.81090253813 -27.35363079701 795.743896 5.230000000000001 -6.909000000000001
106.1883754795 -27.28402958606 0.048 0.0599 49.5704 "" "" 5610558595301848832 668.799927 1.4614 0.076 -3.59 4.123 0.062 0.075 2.031 "" "" 16.559788 2.497145 17.819895 15.32275 "" "" 635.704895 705.507446 4477.45782 5.0012 1017.3 8.7419 5889.2 29.407 "" "" 0.0030104025182965985 0.009738262 0.0066088038 0.016347066 106.1883754795 -27.28402958606 668.799927 -3.59 4.123
105.37912359418 -26.80670117102 0.0564 0.0763 22.5572 "" "" 5610812651206190080 923.236084 1.079 0.0942 -0.796 0.526 0.077 0.094 2.412 4874.6 4.4689 16.56048 1.104321 16.95238 15.848059 "" "" 845.876526 1018.00555 4474.6088 4.1824 2261.9 8.4487 3630.2 9.8969 "" "" 0.0029362691581311415 0.0049225865 0.00480056 0.009723146 105.37912359418 -26.80670117102 923.236084 -0.796 0.5260000000000001
105.53381654962 -25.44573767992 0.025 0.0327 68.4754 "" "" 2921177239938594560 775.928223 1.2691 0.042 -3.102 3.499 0.034 0.039 0.989 4220.9 4.6025 16.5625 1.760487 17.413212 15.652725 "" "" 756.434204 797.02063 4466.28636 4.9884 1479.6 8.1859 4345.8 16.105 "" "" 0.0030103709643868495 0.006623234 0.0055202465 0.012143481 105.53381654962 -25.44573767992 775.928223 -3.1020000000000003 3.4990000000000006
105.31486613966 -26.11637450888 0.0258 0.0367 34.8425 "" "" 5610919166388420736 928.941162 1.0482 0.0453 0.71 -3.532 0.035 0.045 1.045 4392.5 4.3766 16.56387 1.390181 17.190876 15.800695 "" "" 893.241577 966.714966 4460.66094 2.0747 1815.8 8.0255 3792.1 7.917 "" "" 0.0028012142921599067 0.0055509526 0.0044070305 0.009957983 105.31486613966 -26.11637450888 928.941162 0.7100000000000001 -3.532
105.45412363781 -25.93944196374 0.0268 0.0337 40.6105 "" "" 2920772001183718400 826.694641 1.1847 0.0422 4.912 -5.854 0.034 0.039 1.026 4449.9 4.5987 16.566479 1.501844 17.266512 15.764667 "" "" 802.578796 850.139404 4449.95474 2.1436 1693.6 5.6486 3920.0 5.8274 "" "" 0.0028045199160626395 0.0045714597 0.0041096034 0.008681063 105.45412363781 -25.93944196374 826.694641 4.912000000000001 -5.854000000000001
105.52409257543 -27.3950323917 0.0276 0.0369 50.1613 "" "" 5610495407741499264 717.891907 1.3684 0.0449 -3.402 3.835 0.038 0.054 1.021 4040.1 4.3634 16.566526 1.908888 17.510973 15.602085 "" "" 693.524475 744.094482 4449.75459 4.7627 1352.2 8.2177 4553.3 19.217 "" "" 0.002990360054690524 0.0071640024 0.005939799 0.013103802 105.52409257543 -27.3950323917 717.891907 -3.4020000000000006 3.835
105.19490394806 -27.08531062337 0.0269 0.0352 41.215 "" "" 5610706204736101504 905.156433 1.0664 0.0427 -0.34 -2.576 0.035 0.044 1.034 4453.0 4.4906 16.566847 1.388468 17.201109 15.812641 "" "" 871.726379 936.927551 4448.44126 2.0382 1798.8 6.7433 3750.6 7.089 "" "" 0.002799868143659756 0.004934717 0.0043005855 0.009235302 105.19490394806 -27.08531062337 905.156433 -0.3400000000000001 -2.576
106.81877710082 -26.51801377864 0.0262 0.0372 59.5488 "" "" 5611029151922294016 679.539185 1.4462 0.0459 -5.937 11.123 0.033 0.042 1.008 4444.5 4.653 16.567425 1.640553 17.348375 15.707822 "" "" 657.84436 700.51416 4446.07232 2.0073 1570.6 8.65 4130.8 6.3435 "" "" 0.002798583706221701 0.0065985685 0.004130821 0.010729389 106.81877710082 -26.51801377864 679.539185 -5.937 11.123000000000001
105.98745529989 -27.64725235394 0.0281 0.034 65.958 "" "" 5610519631357966464 744.971863 1.3159 0.0436 -3.58 3.667 0.037 0.041 0.95 "" "" 16.567486 2.189175 17.693453 15.504278 "" "" 722.685791 768.747742 4445.8273 2.9286 1143.0 8.8601 4982.5 10.498 "" "" 0.002846631435104966 0.008866661 0.0044177966 0.013284458 105.98745529989 -27.64725235394 744.971863 -3.579999999999999 3.6669999999999994
106.4023053769 -27.45701293816 0.029 0.0388 64.4987 "" "" 5610540865677087744 724.005432 1.3433 0.048 -3.637 3.522 0.038 0.049 1.002 4140.1 4.3113 16.567715 1.911131 17.508757 15.597626 "" "" 703.611694 746.979553 4444.88697 5.3622 1354.9 8.2338 4572.0 14.717 "" "" 0.0030507995640448628 0.0071637747 0.00514764 0.012311415 106.4023053769 -27.45701293816 724.005432 -3.637 3.5219999999999994
106.32880299825 -25.82876147032 0.1992 0.2942 55.8075 "" "" 5611264962803954432 842.704651 1.5595 0.3419 0.2 1.363 0.267 0.396 13.097 "" "" 16.57196 0.417418 16.384445 15.967028 "" "" 617.44812 1133.39917 4427.54183 5.4065 3816.3 13.709 3253.5 7.4466 "" "" 0.0030577006816947887 0.004795483 0.0045231734 0.009318656 106.32880299825 -25.82876147032 842.704651 0.20000000000000007 1.363
106.30869094018 -26.26410331794 0.026 0.0356 37.1549 "" "" 5611217821242231680 817.747131 1.1938 0.0457 -1.863 -0.451 0.035 0.05 1.009 4401.5 4.6433 16.574854 1.61268 17.343338 15.730659 "" "" 788.181641 847.887024 4415.7575 2.1541 1577.9 7.9603 4044.8 7.7898 "" "" 0.0028057643007449525 0.0061471076 0.004319259 0.010466367 106.30869094018 -26.26410331794 817.747131 -1.8630000000000002 -0.45100000000000007
