Clusters/Trumpler_14/Trumpler_14_stars_in_region.tsv
# %ECSV 1.0
# ---
# datatype:
# - name: RA_ICRS_1
#   unit: deg
#   datatype: float64
#   format: '{:15.11f}'
#   description: Right ascension (ICRS) at Ep=2016.0 (ra)
#   meta: !!omap
#   - {ucd: POS_EQ_RA_MAIN}
#   - {width: 15}
#   - {precision: '11'}
# - name: DE_ICRS_1
#   unit: deg
#   datatype: float64
#   format: '{:15.11f}'
#   description: Declination (ICRS) at Ep=2016.0 (dec)
#   meta: !!omap
#   - {ucd: POS_EQ_DEC_MAIN}
#   - {width: 15}
#   - {precision: '11'}
# - name: e_RA_ICRS
#   unit: mas
#   datatype: float64
#   format: '{:7.4f}'
#   description: Standard error of right ascension (ra_error)
#   meta: !!omap
#   - {ucd: ERROR}
#   - {width: 7}
#   - {precision: '4'}
# - name: e_DE_ICRS
#   unit: mas
#   datatype: float64
#   format: '{:7.4f}'
#   description: Standard error of declination (dec_error)
#   meta: !!omap
#   - {ucd: ERROR}
#   - {width: 7}
#   - {precision: '4'}
# - name: _r_1
#   unit: ''
#   datatype: float64
#   format: '{:7.4f}'
#   description: Distance from center (160.99361385000-59.54950419000)[ICRS], at Epoch=J2016.0
#   meta: !!omap
#   - {ucd: POS_ANG_DIST_GENERAL}
#   - {width: 7}
#   - {precision: '4'}
# - name: HIP
#   datatype: int32
#   description: '? HIP cross-id number, van Leeuwen, Cat. I/311 (hip_original_ext_source_id)'
#   meta: !!omap
#   - {ucd: ID_NUMBER}
#   - {width: 6}
#   - values: {'null': -2147483648}
# - name: TYC2
#   datatype: string
#   description: Tycho-2 cross-id name, Hog et al., Cat. I/259 (tyc2_original_ext_source_id)
#   meta: !!omap
#   - {ucd: ID_CROSSID}
#   - {_votable_string_dtype: char}
# - name: Source
#   datatype: int64
#   description: Source identifier, identical to the Gaia-EDR3 source_id (id)
#   meta: !!omap
#   - {ucd: ID_MAIN}
#   - {width: 19}
# - name: rgeo
#   unit: pc
#   datatype: float64
#   format: '{:15.8f}'
#   description: '? Median of the geometric distance posterior (r_med_geo)'
#   meta: !!omap
#   - {ucd: PHYS_DISTANCE_TRUE}
#   - {width: 15}
#   - {precision: '8'}
#   - values: {'null': .nan}
# - name: Plx
#   unit: mas
#   datatype: float64
#   format: '{:9.4f}'
#   description: '? Parallax (parallax)'
#   meta: !!omap
#   - {ucd: POS_PARLX_TRIG}
#   - {width: 9}
#   - {precision: '4'}
#   - values: {'null': .nan}
# - name: e_Plx
#   unit: mas
#   datatype: float32
#   format: '{:7.4f}'
#   description: '? Standard error of parallax (parallax_error)'
#   meta: !!omap
#   - {ucd: ERROR}
#   - {width: 7}
#   - {precision: '4'}
#   - values: {'null': .nan}
# - name: pmRA
#   unit: mas / yr
#   datatype: float64
#   format: '{:9.3f}'
#   description: '? Proper motion in right ascension direction, pmRA*cosDE (pmra)'
#   meta: !!omap
#   - {ucd: POS_EQ_PMRA}
#   - {width: 9}
#   - {precision: '3'}
#   - values: {'null': .nan}
# - name: pmDE
#   unit: mas / yr
#   datatype: float64
#   format: '{:9.3f}'
#   description: '? Proper motion in declination direction (pmdec)'
#   meta: !!omap
#   - {ucd: POS_EQ_PMDEC}
#   - {width: 9}
#   - {precision: '3'}
#   - values: {'null': .nan}
# - name: e_pmRA
#   unit: mas / yr
#   datatype: float32
#   format: '{:6.3f}'
#   description: '? Standard error of proper motion in right ascension direction (pmra_error)'
#   meta: !!omap
#   - {ucd: ERROR}
#   - {width: 6}
#   - {precision: '3'}
#   - values: {'null': .nan}
# - name: e_pmDE
[...]
#         value: !astropy.table.SerializedColumn {name: SkyCoord.dec}
#       distance: !astropy.table.SerializedColumn
#         __class__: astropy.coordinates.distances.Distance
#         unit: !astropy.units.Unit {unit: pc}
#         value: !astropy.table.SerializedColumn {name: SkyCoord.distance}
#       frame: icrs
#       obstime: !astropy.time.Time {format: jyear_str, in_subfmt: '*', jd1: 367701545.0, jd2: 0.0, out_subfmt: '*', precision: 3, scale: tt}
#       pm_dec: !astropy.table.SerializedColumn
#         __class__: astropy.units.quantity.Quantity
#         unit: !astropy.units.Unit {unit: mas / yr}
#         value: !astropy.table.SerializedColumn {name: SkyCoord.pm_dec}
#       pm_ra_cosdec: !astropy.table.SerializedColumn
#         __class__: astropy.units.quantity.Quantity
#         unit: !astropy.units.Unit {unit: mas / yr}
#         value: !astropy.table.SerializedColumn {name: SkyCoord.pm_ra_cosdec}
#       ra: !astropy.table.SerializedColumn
#         __class__: astropy.coordinates.angles.Longitude
#         unit: *id001
#         value: !astropy.table.SerializedColumn {name: SkyCoord.ra}
#         wrap_angle: !astropy.coordinates.Angle
#           unit: *id001
#           value: 360.0
#       representation_type: spherical
# schema: astropy-2.0
RA_ICRS_1 DE_ICRS_1 e_RA_ICRS e_DE_ICRS _r_1 HIP TYC2 Source rgeo Plx e_Plx pmRA pmDE e_pmRA e_pmDE RUWE Teff logg Gmag BP-RP BPmag RPmag RV e_RV b_rgeo B_rgeo FG e_FG FBP e_FBP FRP e_FRP RAVE5 RAVE6 e_Gmag e_BPmag e_RPmag e_BP-RP SkyCoord.ra SkyCoord.dec SkyCoord.distance SkyCoord.pm_ra_cosdec SkyCoord.pm_dec rmRA rmDE e_rmRA e_rmDE rRV e_rRV v_pec v_pec3d e_vpec e_vpec3d
[from data line 586]
160.73295191694 -59.27716875275 0.0128 0.0142 18.175 "" "" 5350406104017702016 1799.92322 0.5193 0.0158 -8.65 2.913 0.018 0.019 0.936 7049.1 3.9164 14.102515 0.934676 14.481803 13.547127 "" "" 1759.86975 1849.72729 43046.76048 8.5589 22014.0 16.341 30221.0 13.572 "" "" 0.002763763973287613 0.0029042368 0.0038107054 0.006714942 160.73295191694 -59.27716875275 1799.92322 -8.65 2.913 -2.0991000175476078 0.8616539363861082 0.2022514 0.2032514 "" "" 19.35886012389309 "" 3.918154141042703 ""
161.18878822025 -59.77612025493 0.0148 0.0146 14.8277 "" "" 5350356351114070528 2240.07227 0.4089 0.0167 -7.092 2.587 0.02 0.02 1.031 6999.8 3.5653 14.103911 0.681001 14.35202 13.67102 "" "" 2146.3501 2324.91089 42991.46803 13.172 24809.0 31.353 26962.0 35.519 "" "" 0.002775328555414799 0.0031093054 0.0040409826 0.0071502877 161.18878822025 -59.77612025493 2240.07227 -7.091999999999995 2.587000000000004 -0.5411000175476071 0.5356539363861086 0.20425141 0.20425141 "" "" 8.084392750709155 "" 1.6512486068217522 ""
161.22754478743 -59.73225802724 0.0162 0.0157 13.0599 "" "" 5350358034741332096 2244.76562 0.413 0.017 -7.34 5.76 0.021 0.021 1.066 6880.4 3.4593 14.107257 0.833897 14.431053 13.597157 9.71 8.0 2181.58545 2336.72339 42859.19978 9.4647 23067.0 38.286 28860.0 27.82 "" "" 0.002765732634449958 0.003321525 0.0039216224 0.007243147 161.22754478743 -59.73225802724 2244.76562 -7.339999999999989 5.759999999999995 -0.7891000175476073 3.708653936386108 0.20525141 0.20525141 1.9974999999999987 8.88619 40.34412972642708 40.39354910914337 8.280689535920692 8.282224219889125
161.30949395898 -59.74585514352 0.0144 0.0139 15.1827 "" "" 5350310927535611648 2370.31738 0.3854 0.016 -6.484 2.156 0.019 0.018 0.991 11386.1 4.1046 14.107351 0.883826 14.429251 13.545424 "" "" 2274.29761 2464.97852 42855.46328 52.506 23106.0 163.83 30268.0 150.47 "" "" 0.003059624779409004 0.008188306 0.0065891156 0.014777422 161.30949395898 -59.74585514352 2370.31738 -6.484 2.1559999999999997 0.06689998245239259 0.10465393638610854 0.2032514 0.2022514 "" "" 1.3955339891766778 "" 0.2826542576728989 ""
160.97513617872 -59.76957991796 0.0392 0.038 13.2164 "" "" 5350354117730983936 1937.18359 0.4877 0.044 -7.296 2.525 0.05 0.046 3.297 13875.2 3.6013 14.113934 1.057827 14.508858 13.451031 "" "" 1781.28833 2092.76855 42596.45939 31.91 21472.0 29.924 33018.0 30.781 "" "" 0.0028728605931665854 0.0031740447 0.003912573 0.007086618 160.97513617872 -59.76957991796 1937.18359 -7.296000000000005 2.525000000000002 -0.7451000175476077 0.4736539363861083 0.23425141 0.23025142 "" "" 8.107059040112594 "" 1.8898141415719902 ""
161.34069706221 -59.71913036007 0.0139 0.0136 14.6427 "" "" 5350311374212227584 2492.32471 0.3669 0.0157 -6.37 1.879 0.017 0.016 0.95 "" "" 14.118496 1.257336 14.652299 13.394963 -14.73 20.52 2395.45898 2601.71362 42417.83772 8.4672 18815.0 28.239 34767.0 40.842 "" "" 0.0027638307761977377 0.0032311766 0.0039887973 0.007219974 161.34069706221 -59.71913036007 2492.32471 -6.37 1.879 0.18089998245239247 -0.1723460636138916 0.20125142 0.20025142 -22.442500000000003 21.40619 2.951702404074145 22.635775960461732 0.5926317060334132 21.223554439659907
161.24372852964 -59.72587430194 0.0179 0.0158 13.0201 "" "" 5350358034741358720 1981.95776 0.4704 0.0172 -7.766 2.628 0.023 0.021 0.988 9491.9 4.0908 14.121011 0.422382 14.279142 13.85676 "" "" 1909.97632 2075.8313 42319.70302 19.299 26531.0 38.614 22722.0 41.928 "" "" 0.0027994535170629865 0.0032065744 0.0042775697 0.007484144 161.24372852964 -59.72587430194 1981.95776 -7.7659999999999965 2.627999999999997 -1.2151000175476074 0.5766539363861085 0.20725141 0.20525141 "" "" 12.635480366825883 "" 2.6140941927610744 ""
161.2969733272 -59.40877206399 0.014 0.0134 12.5198 "" "" 5350392085243843456 2146.91724 0.4302 0.0162 -7.012 1.655 0.019 0.016 1.107 9187.4 3.784 14.129001 0.715445 14.399185 13.683741 "" "" 2090.54858 2212.36768 42009.38334 10.005 23754.0 20.867 26648.0 18.841 "" "" 0.0027674271566314112 0.0029486849 0.0038565546 0.0068052392 161.2969733272 -59.40877206399 2146.91724 -7.012 1.655 -0.461100017547607 -0.3963460636138916 0.2032514 0.20025142 "" "" 6.187573688896251 "" 1.249779303450543 ""
161.3400343097 -59.57317020474 0.0122 0.0135 10.6254 "" "" 5350382670675313536 2512.2417 0.3658 0.0152 -6.358 2.817 0.016 0.017 1.124 "" "" 14.131944 1.100111 14.576279 13.476168 "" "" 2425.13135 2619.19141 41895.68246 7.9905 20179.0 20.318 32262.0 22.63 "" "" 0.0027630906094008975 0.0029966927 0.0038553516 0.0068520443 161.3400343097 -59.57317020474 2512.2417 -6.3580000000000005 2.817000000000001 0.19289998245239293 0.7656539363861086 0.20025142 0.20125142 "" "" 9.402337218467807 "" 1.8916738147464616 ""
160.92393732025 -59.54967587626 0.0247 0.0263 2.1187 "" "" 5350364047695667328 2244.2146 0.4091 0.0297 -6.903 2.649 0.034 0.031 2.069 "" "" 14.135062 1.042877 14.515434 13.472557 "" "" 2087.24951 2374.15601 41775.51868 19.738 21342.0 31.778 32369.0 51.103 "" "" 0.0028026673318481054 0.0032246863 0.004149932 0.007374618 160.92393732025 -59.54967587626 2244.2146 -6.903000000000002 2.648999999999999 -0.352100017547607 0.5976539363861084 0.2182514 0.21525142 "" "" 7.37886528780355 "" 1.5940441860178398 ""
161.09521621242 -59.59846504931 0.0135 0.0139 4.2616 "" "" 5350362810745141376 2420.70752 0.3769 0.0158 -6.633 1.847 0.018 0.017 0.993 8955.7 3.5374 14.136304 0.886883 14.48284 13.595957 "" "" 2332.59766 2509.67871 41727.777 8.5305 21993.0 40.723 28892.0 47.892 "" "" 0.0027642458970204868 0.0034389973 0.004186023 0.00762502 161.09521621242 -59.59846504931 2420.70752 -6.632999999999999 1.847 -0.08210001754760743 -0.20434606361389163 0.2022514 0.20125142 "" "" 2.5268609939342124 "" 0.5088862962965786 ""
160.94579208186 -59.63922770151 0.0139 0.0136 5.5758 "" "" 5350361745593039488 2258.29663 0.4169 0.0157 -9.469 0.203 0.019 0.017 1.012 "" "" 14.136583 1.409482 14.782792 13.37331 -68.31 2.98 2179.66211 2333.76831 41717.03087 7.7362 16684.0 29.027 35468.0 34.86 "" "" 0.002762666971453536 0.0033694622 0.0039271466 0.0072966088 160.94579208186 -59.63922770151 2258.29663 -9.469000000000005 0.20300000000000262 -2.918100017547607 -1.8483460636138915 0.2032514 0.20125142 -76.02250000000001 3.8661904 36.97518238225591 84.53747463965959 7.4941584013267875 4.7782825446239
161.04885771417 -59.74073855849 0.0151 0.014 11.5957 "" "" 5350357141388023424 2353.73633 0.3905 0.016 -7.284 2.702 0.019 0.019 1.108 "" "" 14.136773 1.401193 14.759062 13.357869 "" "" 2275.47485 2430.27661 41709.74439 17.276 17053.0 34.213 35976.0 39.741 "" "" 0.002791778300272901 0.0035397704 0.0039651226 0.007504893 161.04885771417 -59.74073855849 2353.73633 -7.284000000000008 2.7019999999999995 -0.7331000175476072 0.6506539363861084 0.2032514 0.2032514 "" "" 10.935773996398774 "" 2.22271144648542 ""
160.91965795014 -59.59028049035 0.0144 0.0146 3.3222 "" "" 5350363326141068032 1888.61157 0.4921 0.0163 -7.895 1.688 0.019 0.018 1.031 6303.6 3.6755 14.137424 1.076063 14.610311 13.534247 46.67 14.85 1830.96545 1954.01306 41684.7225 8.1941 19557.0 43.459 30582.0 52.548 "" "" 0.002763573835671474 0.0036886486 0.004214751 0.0079034 160.91965795014 -59.59028049035 1888.61157 -7.895000000000006 1.6880000000000006 -1.344100017547607 -0.36334606361389166 0.2032514 0.2022514 38.957499999999996 15.736191 12.464300667706686 40.90288006222781 2.5325397684427564 15.007618270958636
161.20729274397 -59.37252740023 0.0131 0.0136 12.4577 "" "" 5350395177620293504 2186.93823 0.4197 0.0149 -6.074 2.058 0.018 0.016 1.119 "" "" 14.138058 0.597774 14.329047 13.731274 "" "" 2124.75269 2253.68237 41660.42318 14.184 25340.0 91.434 25506.0 65.623 "" "" 0.0027800064677930532 0.004809679 0.0046996796 0.009509359 161.20729274397 -59.37252740023 2186.93823 -6.074000000000001 2.058 0.47689998245239273 0.006653936386108228 0.2022514 0.20025142 "" "" 4.944067973291356 "" 0.9999427766188342 ""
161.16611547357 -59.47871531325 0.0349 0.0385 6.7536 "" "" 5350388507504357632 2288.67358 0.4042 0.0437 -6.757 2.762 0.046 0.046 3.139 "" "" 14.151321 1.112883 14.590109 13.477226 -36.09 7.2 2075.06519 2641.75464 41154.56979 15.591 19924.0 30.189 32231.0 53.591 "" "" 0.002785852441101685 0.0032390514 0.0041884044 0.007427456 161.16611547357 -59.47871531325 2288.67358 -6.757 2.7620000000000005 -0.2061000175476071 0.7106539363861084 0.23025142 0.23025142 -43.80250000000001 8.08619 8.027064124446273 44.53192972135806 1.8482428855037203 7.960713263748867
161.18984175394 -59.36488734947 0.0125 0.013 12.5896 "" "" 5350395177620294528 2419.9751 0.3769 0.0155 -6.155 2.124 0.016 0.015 0.938 7059.8 3.669 14.155034 0.619492 14.378895 13.759403 "" "" 2334.72559 2501.02979 41014.08319 9.4612 24202.0 25.964 24854.0 24.967 "" "" 0.002766680206073016 0.0030235352 0.003933611 0.0069571463 161.18984175394 -59.36488734947 2419.9751 -6.154999999999999 2.1239999999999997 0.39589998245239233 0.07265393638610851 0.20025142 0.19925141 "" "" 4.617079739487456 "" 0.9244266875846344 ""
160.92534033153 -59.5391109798 0.017 0.0186 2.168 "" "" 5350364082055431552 1949.70093 0.4781 0.0206 -12.385 6.677 0.024 0.023 1.248 5206.7 3.4078 14.156653 1.436799 14.803872 13.367073 14.6 6.71 1871.29285 2024.56836 40952.9754 6.9968 16363.0 33.584 35672.0 40.464 "" "" 0.0027615573079147163 0.0035708302 0.003974989 0.0075458195 160.92534033153 -59.5391109798 1949.70093 -12.385 6.676999999999999 -5.834100017547607 4.625653936386108 0.20825142 0.20725141 6.8874999999999975 7.5961905 68.80691533722809 69.15077190078557 14.302618065157223 14.251594512047397
161.45001327927 -59.48710169897 0.0118 0.0127 14.3866 "" "" 5350384835339022464 2339.34375 0.391 0.0146 -4.782 1.519 0.016 0.015 1.035 "" "" 14.158225 0.69296 14.414446 13.721486 "" "" 2279.28955 2411.35791 40893.73871 11.915 23423.0 38.441 25737.0 83.303 "" "" 0.002773420959692418 0.0033106063 0.0051607518 0.008471359 161.45001327927 -59.48710169897 2339.34375 -4.782 1.519 1.7688999824523925 -0.5323460636138917 0.20025142 0.19925141 "" "" 20.483412837950336 "" 4.100135202562968 ""
161.12345547815 -59.4467852693 0.0135 0.0138 7.3226 "" "" 5350388816742041856 2383.15137 0.3837 0.0163 -6.133 1.849 0.017 0.016 1.165 "" "" 14.161578 0.81491 14.461616 13.646707 "" "" 2306.38599 2472.70312 40767.61843 15.076 22427.0 26.39 27572.0 23.463 "" "" 0.0027844207202186557 0.0030687607 0.003890678 0.006959439 161.12345547815 -59.4467852693 2383.15137 -6.133000000000007 1.8490000000000029 0.41789998245239257 -0.20234606361389162 0.20125142 0.20025142 "" "" 5.2449162742913735 "" 1.0545527207538405 ""
160.70717274178 -59.74776334555 0.0144 0.0131 14.7282 "" "" 5350366590315846528 2345.23096 0.3923 0.0156 -5.308 2.663 0.018 0.016 0.975 "" "" 14.167098 0.497802 14.347672 13.849871 "" "" 2275.15698 2423.58325 40560.9098 13.68 24909.0 21.659 22867.0 14.021 "" "" 0.002779547121072736 0.0029455603 0.0038375664 0.006783127 160.70717274178 -59.74776334555 2345.23096 -5.308000000000001 2.662999999999997 1.2428999824523927 0.6116539363861082 0.2022514 0.20025142 "" "" 15.398999236579826 "" 3.108488700738119 ""
161.33686384626 -59.67024029956 0.0143 0.0139 12.6896 "" "" 5350381914760914688 2269.43286 0.4051 0.0162 -6.86 2.728 0.019 0.017 0.993 15177.5 4.1183 14.173184 1.397444 14.773899 13.376455 -41.13 9.47 2186.8623 2369.47729 40334.1528 11.117 16821.0 30.823 35365.0 39.877 "" "" 0.002771523397657331 0.0034268384 0.003972724 0.0073995627 161.33686384626 -59.67024029956 2269.43286 -6.860000000000002 2.7280000000000006 -0.30910001754760774 0.6766539363861086 0.2032514 0.20125142 -48.8425 10.356191 8.002332278416823 49.49370796519687 1.6132551779719693 10.223258309257899
160.90165718077 -59.71053548094 0.0139 0.0136 10.0565 "" "" 5350361024038426240 1914.08667 0.4888 0.0154 -7.469 2.883 0.018 0.016 0.966 "" "" 14.175514 0.583208 14.395067 13.811859 "" "" 1856.87891 1962.18384 40247.70735 12.362 23845.0 21.443 23682.0 24.185 "" "" 0.0027754277876218874 0.002956068 0.003938675 0.006894743 160.90165718077 -59.71053548094 1914.08667 -7.468999999999994 2.8829999999999973 -0.9181000175476077 0.8316539363861084 0.2022514 0.20025142 "" "" 11.239093878283118 "" 2.2630189455226097 ""
161.20718802284 -59.34301608536 0.0124 0.0129 13.9974 "" "" 5350395315059298560 2232.99561 0.4121 0.0153 -6.378 1.794 0.017 0.016 0.904 9855.7 4.0531 14.179706 0.516282 14.363341 13.847059 "" "" 2152.89551 2310.80176 40092.64042 11.07 24552.0 29.686 22926.0 19.58 "" "" 0.002771580660828149 0.003083572 0.0038914736 0.0069750454 161.20718802284 -59.34301608536 2232.99561 -6.377999999999997 1.7939999999999985 0.17289998245239246 -0.25734606361389156 0.20125142 0.20025142 "" "" 3.2815290681364004 "" 0.6581531732261287 ""
161.10967305709 -59.76051554341 0.018 0.017 13.1404 "" "" 5350356866515279744 2124.35205 0.4322 0.0184 -6.319 2.122 0.024 0.022 0.971 6628.5 3.6409 14.186091 0.71015 14.428886 13.718737 "" "" 2063.94995 2210.14478 39857.50391 26.306 23113.0 37.262 25803.0 75.648 "" "" 0.0028469784915276116 0.0032937673 0.004941246 0.008235013 161.10967305709 -59.76051554341 2124.35205 -6.319 2.122 0.23189998245239263 0.07065393638610828 0.20825142 0.20625141 "" "" 2.441075025508457 "" 0.5079444577793869 ""
160.75591439477 -59.33016461139 0.0131 0.0133 15.0259 "" "" 5350401637250889088 2248.052 0.4099 0.0158 -6.745 3.382 0.018 0.017 0.987 9454.3 3.9448 14.18961 0.627344 14.425805 13.798461 "" "" 2171.23096 2352.60254 39728.55967 11.412 23179.0 29.41 23976.0 17.733 "" "" 0.0027729148236350343 0.0031117266 0.003863752 0.0069754785 160.75591439477 -59.33016461139 2248.052 -6.744999999999999 3.3819999999999997 -0.19410001754760753 1.3306539363861085 0.2022514 0.20125142 "" "" 14.329192022776537 "" 2.8840694645322382 ""
160.81879843025 -59.46080780692 0.012 0.0131 7.5268 "" "" 5350376382841852032 2336.32349 0.3975 0.0148 -7.435 3.009 0.016 0.016 1.086 7310.5 3.6416 14.189963 0.917973 14.539324 13.62135 "" "" 2240.01953 2405.00171 39715.63249 11.707 20878.0 30.731 28224.0 21.613 "" "" 0.0027738451611856846 0.003215442 0.0038697529 0.007085195 160.81879843025 -59.46080780692 2336.32349 -7.435 3.0089999999999995 -0.884100017547607 0.9576539363861083 0.20025142 0.20025142 "" "" 14.433577696766406 "" 2.890344362657687 ""
160.88001538719 -59.49022331338 0.0204 0.0294 4.9603 "" "" 5350376039229709184 1968.50354 0.4744 0.0282 -6.648 2.352 0.028 0.035 1.386 "" "" 14.194512 "" "" "" "" "" 1877.01807 2062.07617 39549.56242 22.997 "" "" "" "" "" "" 0.002826722861457029 "" "" "" 160.88001538719 -59.49022331338 1968.50354 -6.648000000000007 2.3520000000000016 -0.09710001754760711 0.30065393638610827 0.21225141 0.21925141 "" "" 2.947989560570612 "" 0.6444300005103041 ""
160.52199199182 -59.69451354174 0.0137 0.0124 16.7474 "" "" 5350366482911852672 1856.25208 0.5031 0.0148 -11.139 3.689 0.018 0.016 0.989 7414.3 3.9653 14.197317 0.886048 14.538575 13.652527 -24.36 11.97 1813.422 1900.72864 39447.5231 9.1919 20892.0 36.994 27425.0 63.296 "" "" 0.002766910780038854 0.0033883937 0.0045346417 0.007923035 160.52199199182 -59.69451354174 1856.25208 -11.139 3.689 -4.588100017547607 1.6376539363861085 0.2022514 0.20025142 -32.072500000000005 12.856191 42.8635069052474 53.534339264309516 8.65955943870819 10.363223574779624
161.17404432807 -59.34440022477 0.0143 0.0142 13.4806 "" "" 5350395418138488448 2006.80273 0.4655 0.0174 -6.229 1.87 0.019 0.017 1.151 "" "" 14.207258 0.853457 14.534901 13.681443 "" "" 1938.84473 2082.39062 39087.99087 13.518 20963.0 21.204 26704.0 27.554 "" "" 0.002780787460974861 0.0029985216 0.003941927 0.0069404487 161.17404432807 -59.34440022477 2006.80273 -6.229000000000004 1.8699999999999994 0.3218999824523925 -0.1813460636138915 0.2032514 0.20125142 "" "" 3.5144622671045824 "" 0.7126323713360441 ""
