Clusters/Trumpler_14/Trumpler_14_stars_in_region.tsv
# %ECSV 1.0
# ---
# datatype:
# - name: RA_ICRS_1
#   unit: deg
#   datatype: float64
#   format: '{:15.11f}'
#   description: Right ascension (ICRS) at Ep=2016.0 (ra)
#   meta: !!omap
#   - {ucd: POS_EQ_RA_MAIN}
#   - {width: 15}
#   - {precision: '11'}
# - name: DE_ICRS_1
#   unit: deg
#   datatype: float64
#   format: '{:15.11f}'
#   description: Declination (ICRS) at Ep=2016.0 (dec)
#   meta: !!omap
#   - {ucd: POS_EQ_DEC_MAIN}
#   - {width: 15}
#   - {precision: '11'}
# - name: e_RA_ICRS
#   unit: mas
#   datatype: float64
#   format: '{:7.4f}'
#   description: Standard error of right ascension (ra_error)
#   meta: !!omap
#   - {ucd: ERROR}
#   - {width: 7}
#   - {precision: '4'}
# - name: e_DE_ICRS
#   unit: mas
#   datatype: float64
#   format: '{:7.4f}'
#   description: Standard error of declination (dec_error)
#   meta: !!omap
#   - {ucd: ERROR}
#   - {width: 7}
#   - {precision: '4'}
# - name: _r_1
#   unit: ''
#   datatype: float64
#   format: '{:7.4f}'
#   description: Distance from center (160.99361385000-59.54950419000)[ICRS], at Epoch=J2016.0
#   meta: !!omap
#   - {ucd: POS_ANG_DIST_GENERAL}
#   - {width: 7}
#   - {precision: '4'}
# - name: HIP
#   datatype: int32
#   description: '? HIP cross-id number, van Leeuwen, Cat. I/311 (hip_original_ext_source_id)'
#   meta: !!omap
#   - {ucd: ID_NUMBER}
#   - {width: 6}
#   - values: {'null': -2147483648}
# - name: TYC2
#   datatype: string
#   description: Tycho-2 cross-id name, Hog et al., Cat. I/259 (tyc2_original_ext_source_id)
#   meta: !!omap
#   - {ucd: ID_CROSSID}
#   - {_votable_string_dtype: char}
# - name: Source
#   datatype: int64
#   description: Source identifier, identical to the Gaia-EDR3 source_id (id)
#   meta: !!omap
#   - {ucd: ID_MAIN}
#   - {width: 19}
# - name: rgeo
#   unit: pc
#   datatype: float64
#   format: '{:15.8f}'
#   description: '? Median of the geometric distance posterior (r_med_geo)'
#   meta: !!omap
#   - {ucd: PHYS_DISTANCE_TRUE}
#   - {width: 15}
#   - {precision: '8'}
#   - values: {'null': .nan}
# - name: Plx
#   unit: mas
#   datatype: float64
#   format: '{:9.4f}'
#   description: '? Parallax (parallax)'
#   meta: !!omap
#   - {ucd: POS_PARLX_TRIG}
#   - {width: 9}
#   - {precision: '4'}
#   - values: {'null': .nan}
# - name: e_Plx
#   unit: mas
#   datatype: float32
#   format: '{:7.4f}'
#   description: '? Standard error of parallax (parallax_error)'
#   meta: !!omap
#   - {ucd: ERROR}
#   - {width: 7}
#   - {precision: '4'}
#   - values: {'null': .nan}
# - name: pmRA
#   unit: mas / yr
#   datatype: float64
#   format: '{:9.3f}'
#   description: '? Proper motion in right ascension direction, pmRA*cosDE (pmra)'
#   meta: !!omap
#   - {ucd: POS_EQ_PMRA}
#   - {width: 9}
#   - {precision: '3'}
#   - values: {'null': .nan}
# - name: pmDE
#   unit: mas / yr
#   datatype: float64
#   format: '{:9.3f}'
#   description: '? Proper motion in declination direction (pmdec)'
#   meta: !!omap
#   - {ucd: POS_EQ_PMDEC}
#   - {width: 9}
#   - {precision: '3'}
#   - values: {'null': .nan}
# - name: e_pmRA
#   unit: mas / yr
#   datatype: float32
#   format: '{:6.3f}'
#   description: '? Standard error of proper motion in right ascension direction (pmra_error)'
#   meta: !!omap
#   - {ucd: ERROR}
#   - {width: 6}
#   - {precision: '3'}
#   - values: {'null': .nan}
# - name: e_pmDE
[...]
#         value: !astropy.table.SerializedColumn {name: SkyCoord.dec}
#       distance: !astropy.table.SerializedColumn
#         __class__: astropy.coordinates.distances.Distance
#         unit: !astropy.units.Unit {unit: pc}
#         value: !astropy.table.SerializedColumn {name: SkyCoord.distance}
#       frame: icrs
#       obstime: !astropy.time.Time {format: jyear_str, in_subfmt: '*', jd1: 367701545.0, jd2: 0.0, out_subfmt: '*', precision: 3, scale: tt}
#       pm_dec: !astropy.table.SerializedColumn
#         __class__: astropy.units.quantity.Quantity
#         unit: !astropy.units.Unit {unit: mas / yr}
#         value: !astropy.table.SerializedColumn {name: SkyCoord.pm_dec}
#       pm_ra_cosdec: !astropy.table.SerializedColumn
#         __class__: astropy.units.quantity.Quantity
#         unit: !astropy.units.Unit {unit: mas / yr}
#         value: !astropy.table.SerializedColumn {name: SkyCoord.pm_ra_cosdec}
#       ra: !astropy.table.SerializedColumn
#         __class__: astropy.coordinates.angles.Longitude
#         unit: *id001
#         value: !astropy.table.SerializedColumn {name: SkyCoord.ra}
#         wrap_angle: !astropy.coordinates.Angle
#           unit: *id001
#           value: 360.0
#       representation_type: spherical
# schema: astropy-2.0
RA_ICRS_1 DE_ICRS_1 e_RA_ICRS e_DE_ICRS _r_1 HIP TYC2 Source rgeo Plx e_Plx pmRA pmDE e_pmRA e_pmDE RUWE Teff logg Gmag BP-RP BPmag RPmag RV e_RV b_rgeo B_rgeo FG e_FG FBP e_FBP FRP e_FRP RAVE5 RAVE6 e_Gmag e_BPmag e_RPmag e_BP-RP SkyCoord.ra SkyCoord.dec SkyCoord.distance SkyCoord.pm_ra_cosdec SkyCoord.pm_dec rmRA rmDE e_rmRA e_rmDE rRV e_rRV v_pec v_pec3d e_vpec e_vpec3d
[from data line 648]
161.09962907775 -59.71174036224 0.0408 0.0381 10.2516 "" "" 5350357588064685440 2572.62305 0.3439 0.0447 -8.471 3.509 0.049 0.047 1.213 "" "" 14.325933 2.34402 15.53895 13.19493 -8.66 2.24 2303.53491 2986.57153 35040.74067 17.613 8314.5 53.63 41801.0 49.848 "" "" 0.002808846670157513 0.0075385496 0.003995009 0.011533558 161.09962907775 -59.71174036224 2572.62305 -8.471 3.509 -1.9201000175476075 1.4576539363861083 0.23325141 0.23125142 -16.372500000000002 3.1261904 29.39680146152607 33.64863581808899 6.83540857551778 6.162374224013477
160.76997322942 -59.83092351776 0.0165 0.0145 18.1925 "" "" 5350352880780111360 1937.13989 0.4755 0.017 -7.15 3.146 0.019 0.017 0.942 7987.1 3.9716 14.332397 0.525835 14.525246 13.999411 "" "" 1874.50183 2016.73193 34832.73532 10.979 21150.0 24.331 19925.0 25.976 "" "" 0.002776490729006097 0.003056981 0.0040357476 0.0070927283 160.76997322942 -59.83092351776 1937.13989 -7.15 3.1460000000000035 -0.5991000175476078 1.0946539363861083 0.2032514 0.20125142 "" "" 11.458027495874145 "" 2.311246383801441 ""
160.63378783583 -59.54556509815 0.0132 0.0141 10.9446 "" "" 5350375111531217792 1866.34094 0.5002 0.0158 -7.867 3.423 0.019 0.018 1.06 7050.0 3.9273 14.334706 0.988172 14.739839 13.751667 "" "" 1807.96985 1927.3728 34758.75702 6.7632 17357.0 14.832 25032.0 21.777 "" "" 0.002763407165914535 0.0029403812 0.0038956269 0.0068360083 160.63378783583 -59.54556509815 1866.34094 -7.867000000000006 3.4229999999999996 -1.3161000175476074 1.3716539363861084 0.2032514 0.2022514 "" "" 16.816537716734956 "" 3.4092395715497377 ""
161.15426498567 -59.57569171396 0.0144 0.0143 5.1297 "" "" 5350383392229697536 2304.83105 0.3979 0.0169 -6.476 1.833 0.019 0.018 1.081 9584.3 3.882 14.336049 1.259335 14.889423 13.630088 -33.84 11.91 2218.49121 2382.53052 34715.79217 25.364 15123.0 84.266 27998.0 77.867 "" "" 0.0028672371970890876 0.006662187 0.004837537 0.011499724 161.15426498567 -59.57569171396 2304.83105 -6.4760000000000035 1.8330000000000009 0.0748999824523926 -0.21834606361389164 0.2032514 0.2022514 -41.55250000000001 12.79619 2.521854157115578 41.6289563241713 0.5103146412374251 12.772726011695317
160.65133939249 -59.38326307939 0.0128 0.0144 14.4342 "" "" 5350380506010466688 2253.44531 0.4041 0.0165 -6.502 2.252 0.018 0.018 0.95 9899.3 3.8742 14.338201 0.551778 14.537821 13.986043 "" "" 2178.09375 2332.37939 34647.06347 10.96 20907.0 19.23 20172.0 11.862 "" "" 0.0027766436534859273 0.002963502 0.0038329307 0.0067964327 160.65133939249 -59.38326307939 2253.44531 -6.502 2.252 0.0488999824523928 0.20065393638610818 0.2022514 0.2022514 "" "" 2.205978253990393 "" 0.4461622002186262 ""
161.16314992186 -59.64008717799 0.0146 0.0152 7.4862 "" "" 5350359477850485120 1885.38818 0.4966 0.0173 -7.273 2.839 0.019 0.018 1.01 8948.9 4.1642 14.338209 0.602754 14.60141 13.998656 "" "" 1833.37695 1950.09424 34646.79906 12.916 19718.0 87.966 19939.0 55.229 "" "" 0.0027848902606967194 0.0055898456 0.0048299124 0.010419758 161.16314992186 -59.64008717799 1885.38818 -7.273 2.839 -0.7221000175476071 0.7876539363861084 0.2032514 0.2022514 "" "" 9.54947082124695 "" 1.9357606144551782 ""
160.80425171301 -59.48389366575 0.0132 0.0134 6.9797 "" "" 5350376245402825600 2031.93005 0.456 0.016 -7.714 4.33 0.018 0.017 0.948 7791.1 3.8986 14.342274 0.783129 14.653548 13.87042 "" "" 1964.55078 2088.50049 34517.34584 7.6441 18793.0 20.427 22438.0 17.975 "" "" 0.0027657914852872133 0.003029484 0.0038781753 0.0069076596 160.80425171301 -59.48389366575 2031.93005 -7.714 4.33 -1.1631000175476078 2.2786539363861085 0.2022514 0.20125142 "" "" 24.640192162039693 "" 4.963976448384611 ""
160.97380657137 -59.63361327727 0.0171 0.0169 5.0823 "" "" 5350362467147571840 2433.48877 0.3778 0.0195 -6.382 1.484 0.023 0.021 1.17 "" "" 14.343292 0.884072 14.661936 13.777864 59.43 24.35 2308.97461 2537.5957 34484.96591 23.637 18648.0 46.247 24435.0 56.996 "" "" 0.0028540525216949595 0.0038775338 0.0045494493 0.008426983 160.97380657137 -59.63361327727 2433.48877 -6.382 1.484 0.1688999824523929 -0.5673460636138916 0.20725141 0.20525141 51.7175 25.23619 6.828025988407157 52.16628935575506 1.4025786954958113 25.01975603837696
161.14129710976 -59.56529269434 0.0158 0.0186 4.5885 "" "" 5350383392217747456 2281.75439 0.4058 0.0202 -6.738 1.858 0.021 0.022 1.016 6604.4 3.4039 14.347006 1.605263 14.998001 13.392738 -33.16 9.02 2194.57422 2369.43237 34367.20812 19.393 13684.0 122.04 34839.0 364.67 "" "" 0.0028226142523613625 0.010077055 0.011976667 0.022053722 161.14129710976 -59.56529269434 2281.75439 -6.738 1.858000000000001 -0.18710001754760786 -0.1933460636138915 0.20525141 0.20625141 -40.8725 9.906191 2.909938936601706 40.975956375229984 0.5987735714565167 9.881271147939355
160.58904150285 -59.37734723056 0.0144 0.0151 16.0876 "" "" 5350380643449372288 1759.12769 0.5357 0.0175 -5.655 1.947 0.02 0.019 1.086 6653.7 3.7845 14.347158 1.022988 14.767105 13.744117 -6.62 8.38 1704.2417 1810.83215 34362.37638 7.8877 16927.0 20.71 25206.0 16.228 "" "" 0.0027665687182661346 0.0030902522 0.003843481 0.006933733 160.58904150285 -59.37734723056 1759.12769 -5.655 1.9469999999999992 0.8958999824523923 -0.10434606361389154 0.20425141 0.2032514 -14.332500000000003 9.266191 7.520749544655684 16.185865128668247 1.5360232743297926 8.236145880439057
160.6040813308 -59.71000506393 0.0153 0.0139 15.2436 "" "" 5350367621107985792 2285.88379 0.4045 0.0165 -6.628 4.99 0.019 0.017 0.997 6785.2 3.8896 14.347452 0.941298 14.735048 13.793751 -45.65 8.27 2203.91528 2358.87646 34353.08234 7.4167 17434.0 21.379 24080.0 30.364 "" "" 0.002765273172405164 0.0030915567 0.0040197126 0.007111269 160.6040813308 -59.71000506393 2285.88379 -6.628000000000003 4.9900000000000055 -0.07710001754760754 2.9386539363861086 0.2032514 0.20125142 -53.3625 9.156191 31.85153433944174 62.14560842108344 6.410210469595862 8.520987886977226
160.88121847765 -59.72614183804 0.0148 0.0143 11.1329 "" "" 5350355148523139584 1979.7616 0.4657 0.0159 -7.231 2.82 0.018 0.017 0.956 9002.3 4.1794 14.348601 0.566489 14.563398 13.996909 "" "" 1922.56519 2037.35559 34316.75464 9.9966 20420.0 23.676 19971.0 25.226 "" "" 0.0027734133903825316 0.0030610084 0.004020515 0.0070815235 160.88121847765 -59.72614183804 1979.7616 -7.230999999999998 2.820000000000001 -0.6801000175476073 0.7686539363861082 0.2022514 0.20125142 "" "" 9.63120575561623 "" 1.9425287299476943 ""
160.71699894409 -59.62438487795 0.0147 0.0143 9.5277 "" "" 5350373496623462784 1801.18091 0.5222 0.0164 -8.535 4.432 0.02 0.018 0.953 6172.6 3.7941 14.35364 1.099711 14.816506 13.716795 0.96 5.64 1749.97363 1850.4812 34157.87419 7.2268 16174.0 21.001 25849.0 21.124 "" "" 0.0027648790188817456 0.0031260976 0.0038821357 0.007008233 160.71699894409 -59.62438487795 1801.18091 -8.535000000000004 4.432000000000002 -1.9841000175476076 2.380653936386109 0.20425141 0.2022514 -6.752500000000002 6.5261903 26.45851752930977 27.306581735889104 5.373025576237891 5.450549094828177
160.91439119264 -59.52945910435 0.0127 0.014 2.6932 "" "" 5350364150774922752 2284.12451 0.4009 0.0155 -6.555 1.889 0.017 0.016 1.068 "" "" 14.355996 0.916681 14.733275 13.816594 "" "" 2207.56958 2369.25342 34083.82335 8.0063 17463.0 36.572 23579.0 45.855 "" "" 0.0027670986008427913 0.0035993415 0.0043292088 0.00792855 160.91439119264 -59.52945910435 2284.12451 -6.555000000000001 1.8889999999999985 -0.004100017547607138 -0.1623460636138916 0.20125142 0.20025142 "" "" 1.758240712298319 "" 0.3520913147008418 ""
161.05240981536 -59.57006670911 0.0176 0.0203 2.1718 "" "" 5350363081302459008 1938.98242 0.4809 0.0225 -6.405 1.997 0.024 0.024 1.262 6127.6 3.7482 14.357936 0.727646 14.541744 13.814098 "" "" 1869.84851 2021.0177 34022.98725 14.173 20831.0 193.85 23633.0 137.99 "" "" 0.00279219492654443 0.01048187 0.0073805572 0.017862428 161.05240981536 -59.57006670911 1938.98242 -6.404999999999995 1.9969999999999977 0.14589998245239233 -0.05434606361389149 0.20825142 0.20825142 "" "" 1.4309392752357337 "" 0.2979951312554688 ""
161.19911489355 -59.37476082592 0.0141 0.014 12.2138 "" "" 5350395177620283520 2041.51965 0.4528 0.0171 -5.891 2.022 0.019 0.016 1.209 "" "" 14.360679 0.68451 14.610777 13.926267 "" "" 1991.13257 2114.26611 33937.14407 10.588 19548.0 21.564 21313.0 41.438 "" "" 0.002776064177458272 0.0030363721 0.004328955 0.0073653273 161.19911489355 -59.37476082592 2041.51965 -5.891000000000001 2.0219999999999994 0.6598999824523926 -0.029346063613891804 0.2032514 0.20025142 "" "" 6.392033379363086 "" 1.299152205715427 ""
160.90310274518 -59.55422762117 0.0142 0.0167 2.7666 "" "" 5350363669738511488 2407.49658 0.3797 0.0183 -6.768 2.398 0.02 0.021 1.125 9264.8 3.7682 14.360923 1.235169 14.907538 13.672369 "" "" 2312.96338 2509.97876 33929.5048 13.318 14873.0 37.178 26928.0 37.074 "" "" 0.0027880840573992747 0.003892417 0.0040642614 0.007956678 160.90310274518 -59.55422762117 2407.49658 -6.767999999999999 2.3979999999999997 -0.21710001754760722 0.34665393638610853 0.20425141 0.20525141 "" "" 4.6676014727095 "" 0.956719123391369 ""
161.21335742619 -59.27644902063 0.0142 0.0136 17.7037 "" "" 5350396105333371520 2524.85303 0.3582 0.0172 -8.794 2.907 0.019 0.016 0.948 8595.7 3.5639 14.365142 0.930299 14.740569 13.81027 "" "" 2430.04883 2630.86914 33797.90951 6.7211 17346.0 17.292 23716.0 12.668 "" "" 0.002763766809271608 0.0029927483 0.00382362 0.0068163686 161.21335742619 -59.27644902063 2524.85303 -8.794 2.906999999999999 -2.243100017547608 0.8556539363861084 0.2032514 0.20025142 "" "" 28.731805578970384 "" 5.8289013727188035 ""
160.90568379746 -59.80672386685 0.016 0.0148 15.6613 "" "" 5350353739773746176 2068.1875 0.4483 0.0168 -8.841 1.892 0.02 0.019 1.042 6681.9 3.8202 14.367024 0.864866 14.705372 13.840506 "" "" 1985.92419 2154.87085 33739.38149 7.7092 17917.0 34.399 23065.0 32.92 "" "" 0.00276646605550036 0.0034828503 0.004084741 0.0075675915 160.90568379746 -59.80672386685 2068.1875 -8.841 1.8919999999999975 -2.2901000175476067 -0.1593460636138917 0.20425141 0.2032514 "" "" 22.50460877346135 "" 4.596489875829024 ""
161.33400873757 -59.42880563362 0.0125 0.0131 12.6477 "" "" 5350391810365928192 1845.65222 0.5037 0.0153 -7.41 2.05 0.017 0.015 0.966 7199.0 3.8267 14.373453 0.846435 14.702759 13.856324 "" "" 1788.91553 1921.44275 33540.18874 8.8613 17960.0 21.173 22732.0 29.546 "" "" 0.0027702117004889744 0.003069752 0.004034251 0.007104003 161.33400873757 -59.42880563362 1845.65222 -7.410000000000008 2.050000000000002 -0.8591000175476076 -0.0013460636138917792 0.20125142 0.19925141 "" "" 7.51575253615475 "" 1.5125558139988526 ""
160.5621561043 -59.52524229492 0.0133 0.0148 13.2048 "" "" 5350377752906190592 1749.51855 0.5404 0.0164 -4.997 0.149 0.019 0.019 0.968 6892.2 3.948 14.373559 0.925092 14.743521 13.818429 -19.81 13.45 1694.95654 1816.83716 33536.90325 6.9147 17299.0 19.573 23539.0 18.944 "" "" 0.002764399082037756 0.0030486325 0.003879077 0.0069277096 160.5621561043 -59.52524229492 1749.51855 -4.997 0.14899999999999988 1.5538999824523927 -1.9023460636138916 0.2032514 0.2032514 -27.5225 14.33619 20.369598875959106 34.24045216724619 4.140149622406287 11.783712802072408
161.02392392593 -59.56132460968 0.0143 0.0178 1.1628 "" "" 5350363150021921408 2172.33984 0.4187 0.0186 -6.725 1.964 0.019 0.021 1.125 6542.0 3.7742 14.374479 0.75379 14.611399 13.857609 "" "" 2091.3396 2257.67529 33508.50136 10.651 19537.0 57.246 22705.0 66.91 "" "" 0.0027768492009086414 0.004231553 0.0049518766 0.009183429 161.02392392593 -59.56132460968 2172.33984 -6.725 1.9640000000000017 -0.17410001754760707 -0.08734606361389163 0.2032514 0.20525141 "" "" 2.0056522539884893 "" 0.4084614355489293 ""
161.24723839945 -59.37317873263 0.0135 0.0137 13.104 "" "" 5350395143260584320 2531.7998 0.3586 0.0161 -6.422 1.976 0.019 0.017 1.078 9942.7 3.8764 14.374745 0.562663 14.565875 14.003212 "" "" 2437.8772 2632.50171 33500.30267 9.7875 20374.0 28.986 19855.0 20.231 "" "" 0.002773519752790204 0.00318921 0.0039379713 0.0071271816 161.24723839945 -59.37317873263 2531.7998 -6.422 1.976 0.12889998245239287 -0.07534606361389162 0.2032514 0.20125142 "" "" 1.7917792673155388 "" 0.3632724128998669 ""
160.89449831681 -59.57130558787 0.0155 0.0161 3.2846 "" "" 5350363635378722560 2321.87769 0.3936 0.0185 -7.265 2.799 0.021 0.021 1.082 9755.5 3.4317 14.3758 1.264919 14.87453 13.609611 "" "" 2224.38257 2432.21118 33467.76167 14.287 15332.0 80.635 28531.0 100.17 "" "" 0.0027940312647908054 0.0063553997 0.0053679175 0.011723317 160.89449831681 -59.57130558787 2321.87769 -7.265000000000001 2.7989999999999995 -0.7141000175476071 0.7476539363861083 0.20525141 0.20525141 "" "" 11.378665929425093 "" 2.33548723280075 ""
160.77979744748 -59.52248152737 0.0142 0.0142 6.7033 "" "" 5350375695646899712 2431.71289 0.3801 0.0167 -6.105 2.288 0.02 0.018 1.118 "" "" 14.375846 1.808056 15.229864 13.421808 "" "" 2355.58838 2512.03931 33466.35806 18.137 11053.0 26.092 33918.0 46.132 "" "" 0.0028174487923335488 0.003788681 0.004057636 0.007846317 160.77979744748 -59.52248152737 2431.71289 -6.105 2.288 0.44589998245239215 0.2366539363861082 0.20425141 0.2022514 "" "" 5.818586803411901 "" 1.1859068031724123 ""
161.25895916255 -59.49582382975 0.0127 0.0135 8.6936 "" "" 5350385312053700864 2335.24561 0.3948 0.0155 -6.597 1.931 0.017 0.016 1.01 "" "" 14.378534 0.760366 14.668367 13.908002 "" "" 2243.83301 2425.58398 33383.59112 7.8271 18538.0 22.2 21675.0 36.147 "" "" 0.0027670545315050957 0.0030782465 0.004190731 0.0072689774 161.25895916255 -59.49582382975 2335.24561 -6.597000000000003 1.931 -0.04610001754760784 -0.12034606361389155 0.20125142 0.20025142 "" "" 1.4265093723024613 "" 0.2858434547609062 ""
161.37061842313 -59.48943897782 0.013 0.0134 12.0267 "" "" 5350384972777916160 2212.30444 0.4182 0.0155 -6.738 1.956 0.017 0.016 1.013 8137.2 3.9039 14.378851 0.761321 14.674018 13.912697 "" "" 2125.25781 2306.83276 33373.85613 7.5565 18442.0 22.868 21581.0 22.57 "" "" 0.002766265139244845 0.0030979984 0.003946273 0.0070442716 161.37061842313 -59.48943897782 2212.30444 -6.738000000000004 1.956000000000003 -0.18710001754760786 -0.09534606361389164 0.20125142 0.20025142 "" "" 2.2020601371603616 "" 0.442714653668862 ""
160.73573897218 -59.27306649712 0.0165 0.0171 18.3601 "" "" 5350406138377234176 2252.25439 0.4117 0.0197 -6.183 2.262 0.023 0.023 1.242 10201.4 4.3076 14.380143 0.794064 14.682281 13.888217 "" "" 2146.00513 2358.31152 33334.16735 11.084 18302.0 27.323 22074.0 29.028 "" "" 0.0027788711372204004 0.0032268157 0.0040400834 0.007266899 160.73573897218 -59.27306649712 2252.25439 -6.182999999999999 2.2619999999999987 0.36789998245239275 0.2106539363861084 0.20725141 0.20725141 "" "" 4.525854704001325 "" 0.937989789934679 ""
161.1766933609 -59.64087562635 0.0154 0.0157 7.8079 "" "" 5350359473529347840 2309.7959 0.4034 0.0179 -6.999 2.731 0.02 0.019 1.018 6719.5 3.8149 14.380951 0.866215 14.71856 13.852345 "" "" 2219.36133 2419.98779 33309.37278 9.5586 17701.0 64.733 22815.0 82.061 "" "" 0.0027728800408872664 0.0048528784 0.005434531 0.01028741 161.1766933609 -59.64087562635 2309.7959 -6.999 2.731 -0.4481000175476071 0.6796539363861083 0.20425141 0.2032514 "" "" 8.912878818669903 "" 1.8142602332523081 ""
