Clusters/Trumpler_14/Trumpler_14_members.tsv
# %ECSV 1.0
# ---
# datatype:
# - name: RA_ICRS_1
#   unit: deg
#   datatype: float64
#   format: '{:15.11f}'
#   description: Right ascension (ICRS) at Ep=2016.0 (ra)
#   meta: !!omap
#   - {ucd: POS_EQ_RA_MAIN}
#   - {width: 15}
#   - {precision: '11'}
# - name: DE_ICRS_1
#   unit: deg
#   datatype: float64
#   format: '{:15.11f}'
#   description: Declination (ICRS) at Ep=2016.0 (dec)
#   meta: !!omap
#   - {ucd: POS_EQ_DEC_MAIN}
#   - {width: 15}
#   - {precision: '11'}
# - name: e_RA_ICRS
#   unit: mas
#   datatype: float64
#   format: '{:7.4f}'
#   description: Standard error of right ascension (ra_error)
#   meta: !!omap
#   - {ucd: ERROR}
#   - {width: 7}
#   - {precision: '4'}
# - name: e_DE_ICRS
#   unit: mas
#   datatype: float64
#   format: '{:7.4f}'
#   description: Standard error of declination (dec_error)
#   meta: !!omap
#   - {ucd: ERROR}
#   - {width: 7}
#   - {precision: '4'}
# - name: _r_1
#   unit: ''
#   datatype: float64
#   format: '{:7.4f}'
#   description: Distance from center (160.99361385000-59.54950419000)[ICRS], at Epoch=J2016.0
#   meta: !!omap
#   - {ucd: POS_ANG_DIST_GENERAL}
#   - {width: 7}
#   - {precision: '4'}
# - name: HIP
#   datatype: int32
#   description: '? HIP cross-id number, van Leeuwen, Cat. I/311 (hip_original_ext_source_id)'
#   meta: !!omap
#   - {ucd: ID_NUMBER}
#   - {width: 6}
#   - values: {'null': -2147483648}
# - name: TYC2
#   datatype: string
#   description: Tycho-2 cross-id name, Hog et al., Cat. I/259 (tyc2_original_ext_source_id)
#   meta: !!omap
#   - {ucd: ID_CROSSID}
#   - {_votable_string_dtype: char}
# - name: Source
#   datatype: int64
#   description: Source identifier, identical to the Gaia-EDR3 source_id (id)
#   meta: !!omap
#   - {ucd: ID_MAIN}
#   - {width: 19}
# - name: rgeo
#   unit: pc
#   datatype: float64
#   format: '{:15.8f}'
#   description: '? Median of the geometric distance posterior (r_med_geo)'
#   meta: !!omap
#   - {ucd: PHYS_DISTANCE_TRUE}
#   - {width: 15}
#   - {precision: '8'}
#   - values: {'null': .nan}
# - name: Plx
#   unit: mas
#   datatype: float64
#   format: '{:9.4f}'
#   description: '? Parallax (parallax)'
#   meta: !!omap
#   - {ucd: POS_PARLX_TRIG}
#   - {width: 9}
#   - {precision: '4'}
#   - values: {'null': .nan}
# - name: e_Plx
#   unit: mas
#   datatype: float32
#   format: '{:7.4f}'
#   description: '? Standard error of parallax (parallax_error)'
#   meta: !!omap
#   - {ucd: ERROR}
#   - {width: 7}
#   - {precision: '4'}
#   - values: {'null': .nan}
# - name: pmRA
#   unit: mas / yr
#   datatype: float64
#   format: '{:9.3f}'
#   description: '? Proper motion in right ascension direction, pmRA*cosDE (pmra)'
#   meta: !!omap
#   - {ucd: POS_EQ_PMRA}
#   - {width: 9}
#   - {precision: '3'}
#   - values: {'null': .nan}
# - name: pmDE
#   unit: mas / yr
#   datatype: float64
#   format: '{:9.3f}'
#   description: '? Proper motion in declination direction (pmdec)'
#   meta: !!omap
#   - {ucd: POS_EQ_PMDEC}
#   - {width: 9}
#   - {precision: '3'}
#   - values: {'null': .nan}
# - name: e_pmRA
#   unit: mas / yr
#   datatype: float32
#   format: '{:6.3f}'
#   description: '? Standard error of proper motion in right ascension direction (pmra_error)'
#   meta: !!omap
#   - {ucd: ERROR}
#   - {width: 6}
#   - {precision: '3'}
#   - values: {'null': .nan}
# - name: e_pmDE
[...]
#       distance: !astropy.table.SerializedColumn
#         __class__: astropy.coordinates.distances.Distance
#         unit: !astropy.units.Unit {unit: pc}
#         value: !astropy.table.SerializedColumn {name: SkyCoord.distance}
#       frame: icrs
#       obstime: !astropy.time.Time {format: jyear_str, in_subfmt: '*', jd1: 367701545.0, jd2: 0.0, out_subfmt: '*', precision: 3, scale: tt}
#       pm_dec: !astropy.table.SerializedColumn
#         __class__: astropy.units.quantity.Quantity
#         unit: !astropy.units.Unit {unit: mas / yr}
#         value: !astropy.table.SerializedColumn {name: SkyCoord.pm_dec}
#       pm_ra_cosdec: !astropy.table.SerializedColumn
#         __class__: astropy.units.quantity.Quantity
#         unit: !astropy.units.Unit {unit: mas / yr}
#         value: !astropy.table.SerializedColumn {name: SkyCoord.pm_ra_cosdec}
#       ra: !astropy.table.SerializedColumn
#         __class__: astropy.coordinates.angles.Longitude
#         unit: *id001
#         value: !astropy.table.SerializedColumn {name: SkyCoord.ra}
#         wrap_angle: !astropy.coordinates.Angle
#           unit: *id001
#           value: 360.0
#       representation_type: spherical
# schema: astropy-2.0
RA_ICRS_1 DE_ICRS_1 e_RA_ICRS e_DE_ICRS _r_1 HIP TYC2 Source rgeo Plx e_Plx pmRA pmDE e_pmRA e_pmDE RUWE Teff logg Gmag BP-RP BPmag RPmag RV e_RV b_rgeo B_rgeo FG e_FG FBP e_FBP FRP e_FRP RAVE5 RAVE6 e_Gmag e_BPmag e_RPmag e_BP-RP SkyCoord.ra SkyCoord.dec SkyCoord.distance SkyCoord.pm_ra_cosdec SkyCoord.pm_dec rmRA rmDE e_rmRA e_rmDE rRV e_rRV v_pec v_pec3d e_vpec e_vpec3d Pmemb
[from data line 93]
160.96966402036 -59.64019911435 0.0191 0.0194 5.4901 "" "" 5350360985353753088 2360.59277 0.3843 0.0221 -6.628 2.387 0.025 0.024 1.122 8009.3 4.0661 14.677107 0.601382 14.918824 14.317442 "" "" 2237.28833 2482.18896 25357.36569 9.3104 14719.0 32.316 14866.0 23.947 "" "" 0.0027840094893326855 0.003669794 0.0041644457 0.00783424 160.96966402036 -59.64019911435 2360.59277 -6.6279999999999974 2.3869999999999987 -0.07710001754760754 0.3356539363861084 0.20925142 0.20825142 "" "" 3.853508887069795 "" 0.8026922564229423 "" 0.9
161.0343588213 -59.56026555806 0.0159 0.0157 1.3969 "" "" 5350363154342558720 2429.49219 0.3783 0.0192 -6.291 2.157 0.02 0.019 0.919 9254.4 3.7481 14.678472 0.818459 15.001068 14.18261 "" "" 2315.65356 2535.49219 25325.4764 7.5256 13646.0 39.693 16831.0 60.596 "" "" 0.002774145093258051 0.0042141387 0.005437232 0.00965137 161.0343588213 -59.56026555806 2429.49219 -6.291 2.157 0.2598999824523922 0.10565393638610843 0.20425141 0.2032514 "" "" 3.230806057581245 "" 0.6594394577027334 "" 0.8
160.95127387487 -59.55614363892 0.0324 0.0369 1.3476 "" "" 5350363841522134912 2162.85791 0.4419 0.0388 -6.615 2.073 0.047 0.047 1.649 "" "" 14.685833 1.325684 15.00358 13.677896 "" "" 1985.02942 2381.06738 25154.36812 19.327 13614.0 519.58 26792.0 742.8 "" "" 0.0028788357908164108 0.04153109 0.030338032 0.07186912 160.95127387487 -59.55614363892 2162.85791 -6.6149999999999975 2.0730000000000004 -0.06410001754760764 0.021653936386108352 0.23125142 0.23125142 "" "" 0.6936337907936233 "" 0.16040379810336317 "" 0.9
161.03501488392 -59.46223343807 0.0158 0.0162 5.3858 "" "" 5350387996434738816 2412.27881 0.3779 0.0196 -6.532 1.982 0.021 0.019 0.93 7947.2 3.8339 14.689445 0.89468 15.045185 14.150505 "" "" 2310.47534 2533.625 25070.81235 5.9456 13102.0 20.875 17336.0 19.55 "" "" 0.0027673250297307493 0.0032829093 0.0039727665 0.0072556757 161.03501488392 -59.46223343807 2412.27881 -6.532 1.9819999999999998 0.01889998245239255 -0.06934606361389162 0.20525141 0.2032514 "" "" 0.8218388249426758 "" 0.16715406970741933 "" 1.0
160.91346077763 -59.56796385586 0.0197 0.0207 2.6765 "" "" 5350363635378755328 2270.33032 0.4035 0.0251 -6.85 2.108 0.027 0.027 0.97 "" "" 14.690413 1.694975 15.447853 13.752878 -19.93 14.73 2159.12183 2410.48706 25048.48574 12.002 9042.2 51.997 25004.0 70.627 "" "" 0.0028040024878965477 0.006838597 0.004867134 0.011705731 160.91346077763 -59.56796385586 2270.33032 -6.849999999999998 2.1079999999999988 -0.29910001754760707 0.056653936386108494 0.21125141 0.21125141 -27.642500000000002 15.61619 3.275956438545447 27.835942535456695 0.6920504097363577 15.507880997536725 1.0
160.9156432088 -59.57922746927 0.0227 0.0246 2.9659 "" "" 5350363635378732800 2370.94336 0.3886 0.0278 -6.682 1.954 0.032 0.031 1.054 "" "" 14.717515 1.876738 15.620739 13.744001 43.84 7.5 2219.12573 2548.2915 24430.97954 9.3472 7711.2 37.453 25209.0 34.612 "" "" 0.0027864574897073615 0.0059660343 0.0040627536 0.010028788 160.9156432088 -59.57922746927 2370.94336 -6.682 1.9540000000000004 -0.1311000175476078 -0.09734606361389164 0.21625142 0.21525142 36.1275 8.38619 1.8350920788095635 36.1740766183148 0.39619004074124836 8.375416731204075 1.0
161.05621682389 -59.59755307016 0.017 0.0173 3.454 "" "" 5350362776370302592 2404.43579 0.3737 0.0201 -6.311 2.046 0.024 0.021 1.019 9962.3 4.2328 14.729387 0.758907 15.01208 14.253173 "" "" 2320.33887 2528.16553 24165.27848 7.2458 13508.0 33.081 15772.0 55.315 "" "" 0.002774486036987344 0.003854234 0.0053650243 0.009219258 161.05621682389 -59.59755307016 2404.43579 -6.310999999999997 2.0459999999999994 0.23989998245239263 -0.005346063613891783 0.20825142 0.20525141 "" "" 2.7348250581144185 "" 0.5695271497125249 "" 1.0
161.11695967994 -59.55240042442 0.0166 0.0187 3.7545 "" "" 5350386347167210496 2279.46216 0.4034 0.0208 -6.299 2.067 0.022 0.021 0.906 5144.1 3.2673 14.738687 1.727492 15.564133 13.83664 -96.56 8.5 2174.31079 2388.52881 23959.18082 21.984 8123.9 30.48 23147.0 62.182 "" "" 0.002929890937478463 0.0049375077 0.004773988 0.009711496 161.11695967994 -59.55240042442 2279.46216 -6.298999999999997 2.0669999999999984 0.2518999824523922 0.01565393638610857 0.20625141 0.20525141 -104.27250000000001 9.38619 2.726941568992908 104.30815148669208 0.5624250856600377 9.382993828637668 1.0
160.9070993806 -59.57287440629 0.0188 0.0202 2.9803 "" "" 5350363635378740480 2261.31055 0.4051 0.0231 -6.66 1.654 0.025 0.024 1.149 "" "" 14.76356 1.035288 15.182418 14.14713 "" "" 2125.17163 2349.55762 23416.53693 6.4247 11546.0 47.314 17390.0 34.144 "" "" 0.0027713764196718766 0.0052517112 0.004339141 0.009590852 160.9070993806 -59.57287440629 2261.31055 -6.6599999999999975 1.6539999999999995 -0.10910001754760756 -0.3973460636138917 0.20925142 0.20825142 "" "" 4.416623659924227 "" 0.9200784510445164 "" 0.8
160.89971690581 -59.49835661299 0.0171 0.019 4.1931 "" "" 5350376039244557952 2410.21851 0.3843 0.0214 -6.736 1.872 0.023 0.023 1.125 9731.8 3.4254 14.820813 1.234267 15.300359 14.066092 "" "" 2283.69727 2536.25098 22213.72604 8.3827 10358.0 24.64 18738.0 38.742 "" "" 0.002785616557931153 0.0038020853 0.0043957913 0.008197877 160.89971690581 -59.49835661299 2410.21851 -6.736000000000001 1.8720000000000003 -0.1851000175476072 -0.1793460636138915 0.20725141 0.20725141 "" "" 2.944470225015018 "" 0.6102456195487149 "" 1.0
160.86078118209 -59.50748245028 0.0153 0.017 4.7636 "" "" 5350375970525073152 2229.23047 0.4187 0.0191 -6.105 2.219 0.022 0.021 1.041 9567.3 3.8657 14.824465 0.766565 15.116014 14.349448 "" "" 2131.53857 2339.29419 22139.14367 6.5401 12275.0 20.675 14434.0 20.223 "" "" 0.0027739252080509983 0.0033360578 0.004074033 0.0074100904 160.86078118209 -59.50748245028 2229.23047 -6.105000000000004 2.219000000000001 0.44589998245239215 0.16765393638610826 0.20625141 0.20525141 "" "" 5.033658005517157 "" 1.037576935451998 "" 0.9
160.94078354543 -59.49715448811 0.0168 0.018 3.5285 "" "" 5350387687196971776 2328.39282 0.403 0.0206 -6.507 2.402 0.021 0.021 1.016 "" "" 14.84154 1.490608 15.535374 14.044765 -4.7 7.75 2222.69043 2458.66528 21793.67751 7.8079 8341.9 18.198 19110.0 30.771 "" "" 0.002782641799044535 0.0036599298 0.004164148 0.007824078 160.94078354543 -59.49715448811 2328.39282 -6.507000000000002 2.4020000000000015 0.043899982452392905 0.35065393638610853 0.20525141 0.20525141 -12.412500000000001 8.63619 3.9002317465975707 13.01084024677759 0.8005280676697947 8.24252481678997 0.8
160.94166498703 -59.55803692895 0.0249 0.0315 1.6603 "" "" 5350363837216606080 2300.7959 0.3979 0.0326 -6.46 2.019 0.037 0.045 1.052 5598.4 3.3245 14.889747 1.989038 15.860583 13.871546 "" "" 2133.15381 2488.23682 20847.21635 34.503 6182.8 72.114 22415.0 190.25 "" "" 0.003289494622022079 0.012967379 0.00996021 0.02292759 160.94166498703 -59.55803692895 2300.7959 -6.4599999999999955 2.0189999999999992 0.09089998245239261 -0.032346063613891474 0.22125141 0.22925141 "" "" 1.0522276086090934 "" 0.23376806355137408 "" 1.0
160.93507721043 -59.60568581034 0.0232 0.0258 3.8113 "" "" 5350363291781600512 2452.61548 0.3801 0.0282 -6.744 1.837 0.03 0.032 1.019 "" "" 15.003323 1.904385 15.951056 14.046672 "" "" 2303.53149 2626.71729 18776.64017 7.7484 5688.5 54.306 19076.0 44.756 "" "" 0.002791510482022281 0.010734093 0.0045577087 0.015291803 160.93507721043 -59.60568581034 2452.61548 -6.744 1.837 -0.1931000175476072 -0.21434606361389164 0.21425141 0.21625142 "" "" 3.3539191190688085 "" 0.7222923707874718 "" 0.9
160.92313982341 -59.53512055026 0.0206 0.0224 2.3106 "" "" 5350364082055440768 2431.91943 0.3811 0.0251 -6.636 2.095 0.029 0.027 1.05 6752.6 3.4137 15.01339 1.759948 15.825439 14.065492 "" "" 2274.16431 2583.75684 18603.34668 37.572 6386.2 66.753 18748.0 150.62 "" "" 0.003521381552463199 0.011686823 0.009506292 0.021193115 160.92313982341 -59.53512055026 2431.91943 -6.635999999999999 2.0950000000000006 -0.08510001754760754 0.043653936386108594 0.21325141 0.21125141 "" "" 1.102511139051277 "" 0.23465440932283532 "" 1.0
160.91303387341 -59.58011589119 0.0234 0.0258 3.0613 "" "" 5350363635378729344 2344.59546 0.3882 0.0289 -6.689 2.044 0.032 0.033 0.995 "" "" 15.017331 1.795334 15.812566 14.017232 -27.48 9.87 2217.48486 2538.45361 18535.925 13.275 6462.3 41.017 19600.0 49.448 "" "" 0.0028629388022151027 0.007434719 0.0046676234 0.012102342 160.91303387341 -59.58011589119 2344.59546 -6.689 2.044 -0.13810001754760748 -0.0073460636138915625 0.21625142 0.21725142 -35.1925 10.75619 1.536928142058947 35.226044404160014 0.3323672366726924 10.745957379154968 1.0
161.0069855545 -59.51711580394 0.019 0.0212 1.9854 "" "" 5350387412319080960 2373.98608 0.3867 0.0235 -6.428 2.191 0.026 0.025 1.02 5809.5 3.5182 15.055981 1.628318 15.823639 14.195321 "" "" 2238.86499 2541.74194 17887.69289 27.033 6396.8 40.308 16635.0 104.0 "" "" 0.003206886399255346 0.007388605 0.0077691176 0.015157722 161.0069855545 -59.51711580394 2373.98608 -6.428 2.191 0.12289998245239264 0.13965393638610824 0.21025142 0.20925142 "" "" 2.093352784415234 "" 0.43895190776456383 "" 1.0
161.10402063085 -59.50440162732 0.0209 0.0206 4.3138 "" "" 5350386931282829568 2394.45972 0.383 0.0243 -6.546 1.775 0.026 0.024 1.086 7387.9 3.5153 15.151837 1.338037 15.764705 14.426667 -75.02 7.59 2282.30688 2561.68848 16376.15618 4.729 6753.6 18.214 13443.0 19.006 "" "" 0.0027731014424679933 0.0040446445 0.0040792236 0.008123868 161.10402063085 -59.50440162732 2394.45972 -6.546 1.775 0.004899982452392315 -0.2763460636138917 0.21025142 0.20825142 -82.7325 8.476191 3.1369487278434405 82.7919501133481 0.6532759979989443 8.470140266790974 1.0
161.10796016276 -59.58622384701 0.0195 0.0212 4.1146 "" "" 5350362845104924672 2308.10254 0.3969 0.0242 -6.703 1.727 0.026 0.025 1.025 9416.2 3.8278 15.152185 0.942641 15.49306 14.550419 "" "" 2214.21509 2429.80884 16370.89339 6.028 8673.5 24.741 11995.0 39.879 "" "" 0.0027841724921087957 0.0041685393 0.005226231 0.0093947705 161.10796016276 -59.58622384701 2308.10254 -6.703000000000001 1.7270000000000003 -0.1521000175476077 -0.3243460636138915 0.21025142 0.20925142 "" "" 3.919274060179372 "" 0.8208215538968101 "" 0.8
160.92639570338 -59.57465619373 0.0201 0.0213 2.5401 "" "" 5350363429220322560 2480.00854 0.3717 0.0242 -6.799 1.968 0.027 0.026 1.017 7965.6 3.9351 15.21059 1.159255 15.708747 14.549492 "" "" 2308.26343 2630.99341 15513.52258 4.8916 7110.8 38.771 12005.0 24.474 "" "" 0.00277650678905573 0.0065444647 0.0043798434 0.010924308 160.92639570338 -59.57465619373 2480.00854 -6.799 1.9680000000000004 -0.2481000175476078 -0.08334606361389163 0.21125141 0.21025142 "" "" 3.076645017111183 "" 0.6496342583561975 "" 0.8
160.99890848086 -59.53820504952 0.039 0.038 0.6968 "" "" 5350363940295883776 1797.85828 0.5233 0.0406 -6.271 1.97 0.05 0.039 1.123 5962.9 3.5799 15.287222 1.544942 15.876923 14.331981 "" "" 1660.33374 1971.63623 14456.32368 24.266 6090.4 158.12 14668.0 99.259 "" "" 0.003303521034374619 0.028325818 0.00826229 0.03658811 160.99890848086 -59.53820504952 1797.85828 -6.271 1.9699999999999993 0.27989998245239267 -0.08134606361389163 0.23425141 0.22325142 "" "" 2.4839569787709808 "" 0.5797885800781353 "" 0.8
161.09848741858 -59.53155963217 0.0201 0.0231 3.3666 "" "" 5350386518965924096 2314.49463 0.3996 0.0254 -6.252 2.116 0.026 0.026 0.984 5420.7 3.3935 15.373394 1.681806 16.128054 14.446248 "" "" 2180.83911 2447.34912 13353.31389 41.882 4832.8 68.484 13203.0 119.47 "" "" 0.004380439001376641 0.015636556 0.010526375 0.02616293 161.09848741858 -59.53155963217 2314.49463 -6.252 2.1159999999999997 0.2988999824523928 0.0646539363861085 0.21025142 0.21025142 "" "" 3.3549794063377085 "" 0.7053891867235748 "" 1.0
160.98423615445 -59.63216943755 0.0229 0.0227 4.9681 "" "" 5350362467147580416 2295.67554 0.4093 0.026 -6.939 1.953 0.03 0.028 0.994 "" "" 15.378775 0.946918 15.729536 14.782618 "" "" 2166.7749 2448.22607 13287.30652 4.3277 6975.9 16.106 9685.3 19.558 "" "" 0.0027779202535006863 0.0037508488 0.00436929 0.008120139 160.98423615445 -59.63216943755 2295.67554 -6.939 1.953 -0.3881000175476075 -0.09834606361389153 0.21425141 0.21225141 "" "" 4.356592122193196 "" 0.9328825836701883 "" 0.8
160.99911998234 -59.5677305716 0.0262 0.0287 1.1063 "" "" 5350363051263288192 2571.26147 0.3534 0.0327 -6.542 2.134 0.034 0.033 0.998 6936.8 3.7125 15.418062 2.013306 16.43352 14.420214 "" "" 2357.4519 2790.15137 12815.09972 18.604 3647.6 39.246 13523.0 79.092 "" "" 0.003174297593222602 0.012010462 0.0073897294 0.01940019 160.99911998234 -59.5677305716 2571.26147 -6.542 2.1340000000000012 0.008899982452392763 0.0826539363861083 0.2182514 0.21725142 "" "" 1.013191063116855 "" 0.22012883626129165 "" 0.9
160.93640950416 -59.60361399095 0.0258 0.0274 3.6825 "" "" 5350363326141055360 2201.71802 0.4231 0.031 -6.715 2.036 0.032 0.032 1.176 7987.5 3.397 15.459712 1.028709 15.850374 14.821665 "" "" 2075.70996 2352.49219 12332.80753 4.5633 6241.2 42.426 9343.1 29.87 "" "" 0.0027844535684615757 0.007890339 0.005131505 0.0130218435 160.93640950416 -59.60361399095 2201.71802 -6.714999999999999 2.0359999999999996 -0.16410001754760728 -0.01534606361389157 0.21625142 0.21625142 "" "" 1.7200435261294102 "" 0.3719618515377434 "" 1.0
160.92747799301 -59.5450895268 0.0236 0.0262 2.0285 "" "" 5350364047695679616 2550.62354 0.3579 0.0283 -6.339 1.949 0.03 0.03 1.017 12390.6 4.1178 15.500896 1.522251 16.116253 14.594002 -32.9 15.47 2393.27905 2743.05176 11873.75687 7.7005 4885.6 35.525 11523.0 27.516 "" "" 0.0028438694629952417 0.008373334 0.0045831827 0.012956517 160.92747799301 -59.5450895268 2550.62354 -6.338999999999999 1.9490000000000003 0.21189998245239217 -0.10234606361389154 0.21425141 0.21425141 -40.6125 16.35619 2.84502933172574 40.71202952627613 0.6095515570269489 16.31625902133093 0.8
161.07475196321 -59.49062484808 0.0226 0.0258 4.3102 "" "" 5350387206148984192 2494.45605 0.3677 0.0279 -6.444 1.955 0.03 0.03 1.021 "" "" 15.520646 1.564788 16.215757 14.65097 "" "" 2331.45532 2724.9187 11659.72231 5.9732 4457.7 16.84 10934.0 24.15 "" "" 0.002810901131187418 0.00496068 0.0044759894 0.009436669 161.07475196321 -59.49062484808 2494.45605 -6.444 1.955000000000001 0.10689998245239263 -0.09634606361389153 0.21425141 0.21425141 "" "" 1.7015551601359789 "" 0.36456059895839044 "" 1.0
161.0065662081 -59.54307580476 0.0276 0.0341 0.5513 "" "" 5350363944616695296 2513.3623 0.3664 0.0358 -6.658 2.084 0.039 0.042 0.997 6774.1 3.8842 15.582209 1.824063 16.440989 14.616925 "" "" 2323.21509 2786.81128 11016.99844 41.172 3622.6 64.507 11282.0 142.69 "" "" 0.004904633968156528 0.019533811 0.014242534 0.033776343 161.0065662081 -59.54307580476 2513.3623 -6.658 2.0839999999999987 -0.10710001754760778 0.03265393638610847 0.22325142 0.22625141 "" "" 1.3339051188039053 "" 0.2981386538748441 "" 1.0
160.97855138178 -59.52483940338 0.0245 0.0286 1.5492 "" "" 5350364013336045696 2298.61353 0.402 0.0309 -6.626 2.097 0.033 0.033 1.017 5722.6 3.754 15.594529 1.90211 16.56278 14.66067 "" "" 2132.02368 2492.23657 10892.6869 12.538 3238.2 47.147 10837.0 50.363 "" "" 0.003025495690795987 0.01605227 0.00630424 0.02235651 160.97855138178 -59.52483940338 2298.61353 -6.6259999999999994 2.0970000000000013 -0.07510001754760776 0.045653936386108374 0.21725142 0.21725142 "" "" 0.9575770157246108 "" 0.20803496644569788 "" 1.0
160.94163158709 -59.55153979276 0.0287 0.0342 1.5853 "" "" 5350363841537247872 2559.59912 0.3705 0.0359 -6.426 1.977 0.039 0.039 1.164 "" "" 15.617358 1.27442 16.23875 14.964331 "" "" 2330.16602 2829.13721 10666.04297 4.7924 4364.3 37.571 8192.7 30.506 "" "" 0.0027981732546933993 0.009754359 0.005534255 0.015288614 160.94163158709 -59.55153979276 2559.59912 -6.426000000000001 1.9770000000000003 0.12489998245239242 -0.07434606361389151 0.22325142 0.22325142 "" "" 1.763488911560451 "" 0.39370139886210126 "" 1.0
