Clusters/Trumpler_14/Trumpler_14_members.tsv
# %ECSV 1.0
# ---
# datatype:
# - name: RA_ICRS_1
#   unit: deg
#   datatype: float64
#   format: '{:15.11f}'
#   description: Right ascension (ICRS) at Ep=2016.0 (ra)
#   meta: !!omap
#   - {ucd: POS_EQ_RA_MAIN}
#   - {width: 15}
#   - {precision: '11'}
# - name: DE_ICRS_1
#   unit: deg
#   datatype: float64
#   format: '{:15.11f}'
#   description: Declination (ICRS) at Ep=2016.0 (dec)
#   meta: !!omap
#   - {ucd: POS_EQ_DEC_MAIN}
#   - {width: 15}
#   - {precision: '11'}
# - name: e_RA_ICRS
#   unit: mas
#   datatype: float64
#   format: '{:7.4f}'
#   description: Standard error of right ascension (ra_error)
#   meta: !!omap
#   - {ucd: ERROR}
#   - {width: 7}
#   - {precision: '4'}
# - name: e_DE_ICRS
#   unit: mas
#   datatype: float64
#   format: '{:7.4f}'
#   description: Standard error of declination (dec_error)
#   meta: !!omap
#   - {ucd: ERROR}
#   - {width: 7}
#   - {precision: '4'}
# - name: _r_1
#   unit: ''
#   datatype: float64
#   format: '{:7.4f}'
#   description: Distance from center (160.99361385000-59.54950419000)[ICRS], at Epoch=J2016.0
#   meta: !!omap
#   - {ucd: POS_ANG_DIST_GENERAL}
#   - {width: 7}
#   - {precision: '4'}
# - name: HIP
#   datatype: int32
#   description: '? HIP cross-id number, van Leeuwen, Cat. I/311 (hip_original_ext_source_id)'
#   meta: !!omap
#   - {ucd: ID_NUMBER}
#   - {width: 6}
#   - values: {'null': -2147483648}
# - name: TYC2
#   datatype: string
#   description: Tycho-2 cross-id name, Hog et al., Cat. I/259 (tyc2_original_ext_source_id)
#   meta: !!omap
#   - {ucd: ID_CROSSID}
#   - {_votable_string_dtype: char}
# - name: Source
#   datatype: int64
#   description: Source identifier, identical to the Gaia-EDR3 source_id (id)
#   meta: !!omap
#   - {ucd: ID_MAIN}
#   - {width: 19}
# - name: rgeo
#   unit: pc
#   datatype: float64
#   format: '{:15.8f}'
#   description: '? Median of the geometric distance posterior (r_med_geo)'
#   meta: !!omap
#   - {ucd: PHYS_DISTANCE_TRUE}
#   - {width: 15}
#   - {precision: '8'}
#   - values: {'null': .nan}
# - name: Plx
#   unit: mas
#   datatype: float64
#   format: '{:9.4f}'
#   description: '? Parallax (parallax)'
#   meta: !!omap
#   - {ucd: POS_PARLX_TRIG}
#   - {width: 9}
#   - {precision: '4'}
#   - values: {'null': .nan}
# - name: e_Plx
#   unit: mas
#   datatype: float32
#   format: '{:7.4f}'
#   description: '? Standard error of parallax (parallax_error)'
#   meta: !!omap
#   - {ucd: ERROR}
#   - {width: 7}
#   - {precision: '4'}
#   - values: {'null': .nan}
# - name: pmRA
#   unit: mas / yr
#   datatype: float64
#   format: '{:9.3f}'
#   description: '? Proper motion in right ascension direction, pmRA*cosDE (pmra)'
#   meta: !!omap
#   - {ucd: POS_EQ_PMRA}
#   - {width: 9}
#   - {precision: '3'}
#   - values: {'null': .nan}
# - name: pmDE
#   unit: mas / yr
#   datatype: float64
#   format: '{:9.3f}'
#   description: '? Proper motion in declination direction (pmdec)'
#   meta: !!omap
#   - {ucd: POS_EQ_PMDEC}
#   - {width: 9}
#   - {precision: '3'}
#   - values: {'null': .nan}
# - name: e_pmRA
#   unit: mas / yr
#   datatype: float32
#   format: '{:6.3f}'
#   description: '? Standard error of proper motion in right ascension direction (pmra_error)'
#   meta: !!omap
#   - {ucd: ERROR}
#   - {width: 6}
#   - {precision: '3'}
#   - values: {'null': .nan}
# - name: e_pmDE
[...]
#       distance: !astropy.table.SerializedColumn
#         __class__: astropy.coordinates.distances.Distance
#         unit: !astropy.units.Unit {unit: pc}
#         value: !astropy.table.SerializedColumn {name: SkyCoord.distance}
#       frame: icrs
#       obstime: !astropy.time.Time {format: jyear_str, in_subfmt: '*', jd1: 367701545.0, jd2: 0.0, out_subfmt: '*', precision: 3, scale: tt}
#       pm_dec: !astropy.table.SerializedColumn
#         __class__: astropy.units.quantity.Quantity
#         unit: !astropy.units.Unit {unit: mas / yr}
#         value: !astropy.table.SerializedColumn {name: SkyCoord.pm_dec}
#       pm_ra_cosdec: !astropy.table.SerializedColumn
#         __class__: astropy.units.quantity.Quantity
#         unit: !astropy.units.Unit {unit: mas / yr}
#         value: !astropy.table.SerializedColumn {name: SkyCoord.pm_ra_cosdec}
#       ra: !astropy.table.SerializedColumn
#         __class__: astropy.coordinates.angles.Longitude
#         unit: *id001
#         value: !astropy.table.SerializedColumn {name: SkyCoord.ra}
#         wrap_angle: !astropy.coordinates.Angle
#           unit: *id001
#           value: 360.0
#       representation_type: spherical
# schema: astropy-2.0
RA_ICRS_1 DE_ICRS_1 e_RA_ICRS e_DE_ICRS _r_1 HIP TYC2 Source rgeo Plx e_Plx pmRA pmDE e_pmRA e_pmDE RUWE Teff logg Gmag BP-RP BPmag RPmag RV e_RV b_rgeo B_rgeo FG e_FG FBP e_FBP FRP e_FRP RAVE5 RAVE6 e_Gmag e_BPmag e_RPmag e_BP-RP SkyCoord.ra SkyCoord.dec SkyCoord.distance SkyCoord.pm_ra_cosdec SkyCoord.pm_dec rmRA rmDE e_rmRA e_rmDE rRV e_rRV v_pec v_pec3d e_vpec e_vpec3d Pmemb
[from data line 62]
161.03345851701 -59.56220820556 0.0144 0.0128 1.4312 "" "" 5350363154342551680 2173.24976 0.4298 0.0162 -6.478 2.044 0.018 0.015 1.173 "" "" 13.786027 1.543298 14.492736 12.949438 "" "" 2071.73657 2252.98999 57615.04572 101.88 21793.0 143.04 52406.0 288.22 "" "" 0.0033582411521751255 0.0076530618 0.0070668175 0.014719879 161.03345851701 -59.56220820556 2173.24976 -6.477999999999998 2.0439999999999987 0.07289998245239282 -0.0073460636138915625 0.2022514 0.19925141 "" "" 0.7547607146205513 "" 0.1526288205023303 "" 1.0
160.96372833859 -59.48328272364 0.0104 0.0114 4.0761 "" "" 5350387717230369536 2297.29004 0.3968 0.013 -6.184 2.258 0.014 0.014 0.9 "" "" 13.789862 0.756677 14.072137 13.31546 "" "" 2244.73413 2366.84619 57411.89823 12.641 32104.0 24.731 37409.0 23.542 "" "" 0.0027656713965175774 0.002912832 0.0038406488 0.006753481 160.96372833859 -59.48328272364 2297.29004 -6.183999999999999 2.2579999999999987 0.3668999824523924 0.2066539363861084 0.19825141 0.19825141 "" "" 4.585374422395793 "" 0.9090569506649971 "" 0.9
161.09291968924 -59.58790947065 0.0121 0.0134 3.7971 "" "" 5350362810745165056 2435.60962 0.3749 0.0147 -6.671 1.962 0.016 0.016 0.973 "" "" 13.816738 0.566339 14.025112 13.458773 "" "" 2365.19165 2521.87842 56008.18045 14.787 33525.0 41.559 32783.0 26.53 "" "" 0.002770190967401629 0.0030978315 0.003880173 0.0069780042 161.09291968924 -59.58790947065 2435.60962 -6.671 1.9619999999999997 -0.12010001754760768 -0.08934606361389164 0.20025142 0.20025142 "" "" 1.7281255645072031 "" 0.34605959023292215 "" 1.0
160.96554982329 -59.59584631322 0.0236 0.0234 2.9084 "" "" 5350363360501081728 2037.00586 0.4535 0.0269 -6.826 2.316 0.031 0.03 2.008 "" "" 13.869273 0.945248 14.20999 13.264743 "" "" 1908.32263 2178.22534 53362.65904 24.247 28276.0 69.5 39198.0 66.162 "" "" 0.002799137740203555 0.003860923 0.0042002583 0.008061182 160.96554982329 -59.59584631322 2037.00586 -6.825999999999999 2.316 -0.27510001754760705 0.26465393638610824 0.21525142 0.21425141 "" "" 3.685808547898101 "" 0.7916060493178317 "" 0.8
160.97960189356 -59.55955139612 0.0168 0.016 0.7382 "" "" 5350363807177532416 2281.97412 0.4051 0.0207 -6.088 2.057 0.02 0.02 1.048 6563.6 3.311 13.871413 0.829779 14.175352 13.345573 "" "" 2169.17358 2390.1084 53257.57294 21.636 29193.0 76.104 36386.0 110.43 "" "" 0.002790401986914628 0.0039744694 0.0050141634 0.008988633 160.97960189356 -59.55955139612 2281.97412 -6.088 2.057 0.4628999824523925 0.005653936386108338 0.20425141 0.20425141 "" "" 5.007357669256496 "" 1.0227598571943095 "" 0.9
160.9823159589 -59.51848266379 0.0114 0.0126 1.8928 "" "" 5350387481038536320 2404.54443 0.3846 0.014 -6.438 2.092 0.016 0.015 1.002 6230.0 2.8593 13.873349 1.659878 14.653317 12.99344 -4.01 13.56 2329.57153 2474.55908 53162.69072 14.559 18797.0 37.868 50325.0 43.591 "" "" 0.0027713171367513196 0.0035453243 0.0038946348 0.007439959 160.9823159589 -59.51848266379 2404.54443 -6.437999999999999 2.0920000000000005 0.11289998245239286 0.04065393638610848 0.20025142 0.19925141 -11.722500000000002 14.446191 1.3676644375294549 11.802013059799705 0.273720104912623 14.348898359371708 1.0
160.89381475144 -59.47774853271 0.0114 0.0127 5.2692 "" "" 5350399506946969600 2407.58496 0.38 0.0137 -6.318 2.17 0.016 0.015 1.026 7054.3 3.5217 13.879905 0.539251 14.076775 13.537523 "" "" 2324.7019 2493.58618 52842.70091 17.333 31967.0 22.9 30489.0 24.157 "" "" 0.0027782405577267146 0.0028965485 0.003876049 0.0067725973 160.89381475144 -59.47774853271 2407.58496 -6.3180000000000005 2.1699999999999995 0.23289998245239296 0.11865393638610833 0.20025142 0.19925141 "" "" 2.982892307377755 "" 0.5967149484028564 "" 0.9
161.07785488897 -59.55181654989 0.0112 0.0125 2.5652 "" "" 5350386381526917760 2331.86304 0.3896 0.0137 -6.7 1.946 0.015 0.014 0.961 7168.3 3.6943 13.935829 0.558914 14.120791 13.561877 "" "" 2274.16333 2403.29663 50189.75998 15.809 30697.0 35.635 29813.0 54.272 "" "" 0.002776462974054052 0.003061639 0.0042650015 0.00732664 161.07785488897 -59.55181654989 2331.86304 -6.7 1.9459999999999993 -0.1491000175476076 -0.10534606361389165 0.19925141 0.19825141 "" "" 2.017855070942411 "" 0.40138969259610013 "" 1.0
160.99523320819 -59.55195315012 0.0153 0.0173 0.155 "" "" 5350363905936141568 2402.49829 0.3851 0.0186 -6.381 2.241 0.018 0.019 0.969 15021.8 3.9472 13.984427 1.449948 14.595432 13.145484 "" "" 2296.90259 2515.54663 47992.75668 27.745 19826.0 225.38 43749.0 200.24 "" "" 0.0028259091669012456 0.012653986 0.006243317 0.018897302 160.99523320819 -59.55195315012 2402.49829 -6.380999999999998 2.2409999999999988 0.16989998245239235 0.1896539363861085 0.2022514 0.2032514 "" "" 2.899645544234432 "" 0.5880678033477406 "" 0.8
161.08279049717 -59.5410077932 0.0113 0.0126 2.7595 "" "" 5350386415886683392 2366.46143 0.3846 0.0142 -6.746 2.018 0.014 0.014 0.944 7899.3 3.8931 14.024415 0.549005 14.236451 13.687447 "" "" 2290.27881 2442.03027 46257.33024 12.655 27595.0 40.137 26557.0 31.473 "" "" 0.0027712846282350284 0.0032060787 0.003992414 0.007198493 161.08279049717 -59.5410077932 2366.46143 -6.746 2.018 -0.19510001754760786 -0.03334606361389181 0.19825141 0.19825141 "" "" 2.2201774592496553 "" 0.4401533146743851 "" 1.0
160.92787815363 -59.57878813324 0.0128 0.0143 2.6607 "" "" 5350363429220314880 2414.26099 0.3793 0.0156 -6.59 2.057 0.017 0.017 1.046 "" "" 14.080256 0.943006 14.426586 13.48358 "" "" 2330.29175 2521.90918 43938.39544 12.837 23162.0 72.573 32042.0 99.892 "" "" 0.002773519443001708 0.00439978 0.0050735315 0.009473312 160.92787815363 -59.57878813324 2414.26099 -6.590000000000004 2.057000000000001 -0.03910001754760728 0.005653936386108338 0.20125142 0.20125142 "" "" 0.4520986159017997 "" 0.09098548725411588 "" 1.0
160.92393732025 -59.54967587626 0.0247 0.0263 2.1187 "" "" 5350364047695667328 2244.2146 0.4091 0.0297 -6.903 2.649 0.034 0.031 2.069 "" "" 14.135062 1.042877 14.515434 13.472557 "" "" 2087.24951 2374.15601 41775.51868 19.738 21342.0 31.778 32369.0 51.103 "" "" 0.0028026673318481054 0.0032246863 0.004149932 0.007374618 160.92393732025 -59.54967587626 2244.2146 -6.903000000000002 2.648999999999999 -0.352100017547607 0.5976539363861084 0.2182514 0.21525142 "" "" 7.37886528780355 "" 1.5940441860178398 "" 0.9
161.09521621242 -59.59846504931 0.0135 0.0139 4.2616 "" "" 5350362810745141376 2420.70752 0.3769 0.0158 -6.633 1.847 0.018 0.017 0.993 8955.7 3.5374 14.136304 0.886883 14.48284 13.595957 "" "" 2332.59766 2509.67871 41727.777 8.5305 21993.0 40.723 28892.0 47.892 "" "" 0.0027642458970204868 0.0034389973 0.004186023 0.00762502 161.09521621242 -59.59846504931 2420.70752 -6.632999999999999 1.847 -0.08210001754760743 -0.20434606361389163 0.2022514 0.20125142 "" "" 2.5268609939342124 "" 0.5088862962965786 "" 0.9
161.07941201694 -59.53895105163 0.0117 0.0131 2.6851 "" "" 5350386622045115264 2395.17163 0.3804 0.0146 -6.611 1.964 0.015 0.015 0.972 "" "" 14.231287 1.040466 14.667048 13.626582 17.58 9.95 2303.41479 2479.5752 38232.42965 23.402 18561.0 50.11 28088.0 58.02 "" "" 0.0028343345148517055 0.004046858 0.004394731 0.008441589 161.07941201694 -59.53895105163 2395.17163 -6.611000000000003 1.9640000000000009 -0.06010001754760719 -0.08734606361389163 0.19925141 0.19925141 9.867499999999996 10.83619 1.20371634120479 9.940648332985297 0.23984218225193216 10.75649124679308 1.0
160.88960152528 -59.5773094973 0.0142 0.0147 3.5747 "" "" 5350363532299499264 2361.91528 0.3911 0.017 -6.846 2.2 0.019 0.019 0.974 "" "" 14.295639 0.813962 14.588142 13.77418 "" "" 2253.14893 2455.4895 36032.22012 12.734 19960.0 91.515 24518.0 184.34 "" "" 0.0027819093069924904 0.0057066334 0.008995614 0.014702247 160.88960152528 -59.5773094973 2361.91528 -6.846 2.2 -0.2951000175476075 0.14865393638610858 0.2032514 0.2032514 "" "" 3.6992885337462127 "" 0.7518855977197121 "" 1.0
160.94737339829 -59.46567808177 0.0127 0.0141 5.2229 "" "" 5350387893355462528 2353.83496 0.3916 0.0158 -6.503 2.138 0.017 0.017 1.046 "" "" 14.295779 1.020705 14.711225 13.690519 "" "" 2241.42236 2454.17798 36027.58174 10.146 17821.0 22.612 26482.0 27.96 "" "" 0.002772233761738845 0.003111736 0.0039494056 0.0070611415 160.94737339829 -59.46567808177 2353.83496 -6.502999999999999 2.137999999999999 0.047899982452392464 0.0866539363861083 0.20125142 0.20125142 "" "" 1.1046909223339525 "" 0.22232061390691207 "" 1.0
161.02035784567 -59.57161486242 0.0143 0.0155 1.5559 "" "" 5350363051263299328 2297.19458 0.3991 0.0177 -6.778 1.899 0.019 0.019 0.97 "" "" 14.301155 0.790181 14.607286 13.817105 "" "" 2205.63086 2397.84546 35849.6359 24.51 19611.0 117.37 23568.0 76.232 "" "" 0.0028535604634258452 0.007071735 0.005159165 0.012230899 161.02035784567 -59.57161486242 2297.19458 -6.778 1.899 -0.227100017547607 -0.15234606361389158 0.2032514 0.2032514 "" "" 2.9776916159157127 "" 0.6052200092082242 "" 1.0
160.91439119264 -59.52945910435 0.0127 0.014 2.6932 "" "" 5350364150774922752 2284.12451 0.4009 0.0155 -6.555 1.889 0.017 0.016 1.068 "" "" 14.355996 0.916681 14.733275 13.816594 "" "" 2207.56958 2369.25342 34083.82335 8.0063 17463.0 36.572 23579.0 45.855 "" "" 0.0027670986008427913 0.0035993415 0.0043292088 0.00792855 160.91439119264 -59.52945910435 2284.12451 -6.555000000000001 1.8889999999999993 -0.004100017547607138 -0.1623460636138916 0.20125142 0.20025142 "" "" 1.758240712298319 "" 0.3520913147008418 "" 0.9
161.05240981536 -59.57006670911 0.0176 0.0203 2.1718 "" "" 5350363081302459008 1938.98242 0.4809 0.0225 -6.405 1.997 0.024 0.024 1.262 6127.6 3.7482 14.357936 0.727646 14.541744 13.814098 "" "" 1869.84851 2021.0177 34022.98725 14.173 20831.0 193.85 23633.0 137.99 "" "" 0.00279219492654443 0.01048187 0.0073805572 0.017862428 161.05240981536 -59.57006670911 1938.98242 -6.404999999999998 1.9969999999999988 0.14589998245239233 -0.05434606361389149 0.20825142 0.20825142 "" "" 1.4309392752357337 "" 0.2979951312554688 "" 1.0
160.90310274518 -59.55422762117 0.0142 0.0167 2.7666 "" "" 5350363669738511488 2407.49658 0.3797 0.0183 -6.768 2.398 0.02 0.021 1.125 9264.8 3.7682 14.360923 1.235169 14.907538 13.672369 "" "" 2312.96338 2509.97876 33929.5048 13.318 14873.0 37.178 26928.0 37.074 "" "" 0.0027880840573992747 0.003892417 0.0040642614 0.007956678 160.90310274518 -59.55422762117 2407.49658 -6.767999999999999 2.3979999999999997 -0.21710001754760722 0.34665393638610853 0.20425141 0.20525141 "" "" 4.6676014727095 "" 0.956719123391369 "" 1.0
161.02392392593 -59.56132460968 0.0143 0.0178 1.1628 "" "" 5350363150021921408 2172.33984 0.4187 0.0186 -6.725 1.964 0.019 0.021 1.125 6542.0 3.7742 14.374479 0.75379 14.611399 13.857609 "" "" 2091.3396 2257.67529 33508.50136 10.651 19537.0 57.246 22705.0 66.91 "" "" 0.0027768492009086414 0.004231553 0.0049518766 0.009183429 161.02392392593 -59.56132460968 2172.33984 -6.725 1.9640000000000006 -0.17410001754760707 -0.08734606361389163 0.2032514 0.20525141 "" "" 2.0056522539884893 "" 0.4084614355489293 "" 1.0
160.9383181118 -59.51195032349 0.0133 0.015 2.812 "" "" 5350364219494467200 2549.04565 0.3572 0.0167 -6.557 1.908 0.018 0.018 1.005 "" "" 14.465602 0.679736 14.719083 14.039347 "" "" 2451.67505 2676.16357 30811.01814 9.5084 17692.0 25.597 19205.0 29.199 "" "" 0.0027756181663124617 0.003201974 0.0041241557 0.00732613 160.9383181118 -59.51195032349 2549.04565 -6.556999999999996 1.9079999999999993 -0.006100017547607806 -0.14334606361389168 0.2022514 0.2022514 "" "" 1.7335429218824863 "" 0.35061149075311077 "" 1.0
160.94710877285 -59.5188275994 0.0134 0.0154 2.3215 "" "" 5350364219494459264 2568.44897 0.3582 0.0168 -6.599 2.228 0.018 0.018 0.962 "" "" 14.516226 0.840143 14.825044 13.9849 "" "" 2454.91187 2692.61743 29407.38823 75.67 16047.0 132.97 20193.0 178.74 "" "" 0.003923897734268033 0.009419447 0.010326913 0.01974636 160.94710877285 -59.5188275994 2568.44897 -6.599 2.2279999999999998 -0.04810001754760762 0.1766539363861086 0.2022514 0.2022514 "" "" 2.228962414588286 "" 0.45081077898135163 "" 1.0
161.02757560373 -59.46000467646 0.0143 0.0145 5.4686 "" "" 5350388060828285056 2324.91479 0.3953 0.0177 -6.037 2.147 0.019 0.018 0.98 "" "" 14.516361 0.946842 14.899673 13.952831 "" "" 2192.36377 2416.46411 29403.72815 7.3289 14981.0 23.279 20798.0 24.347 "" "" 0.0027685781293564572 0.0032605897 0.0039873784 0.007247968 161.02757560373 -59.46000467646 2324.91479 -6.037000000000001 2.146999999999999 0.5138999824523927 0.0956539363861082 0.2032514 0.2022514 "" "" 5.76049493518499 "" 1.1706362632333347 "" 1.0
161.00271036169 -59.57150838018 0.017 0.0178 1.3489 "" "" 5350363051263280640 2299.03345 0.4007 0.0205 -6.491 1.912 0.023 0.022 1.019 15010.5 3.9143 14.530918 1.570484 15.2345 13.664016 "" "" 2189.47705 2408.97925 29012.11434 8.2876 11006.0 54.98 27136.0 49.188 "" "" 0.0027727212727726488 0.006099352 0.0042611 0.010360452 161.00271036169 -59.57150838018 2299.03345 -6.491000000000002 1.912 0.05989998245239292 -0.13934606361389168 0.20725141 0.20625141 "" "" 1.6528669547372703 "" 0.34116445993391514 "" 1.0
160.91819294958 -59.55679148442 0.0177 0.02 2.3344 "" "" 5350363669738519936 2210.90869 0.4192 0.0221 -6.547 2.026 0.024 0.024 1.239 "" "" 14.539331 1.032605 14.903904 13.871299 "" "" 2107.3147 2318.98071 28788.17642 10.476 14923.0 30.325 22420.0 30.621 "" "" 0.002783503622835008 0.0035570925 0.004059887 0.0076169795 160.91819294958 -59.55679148442 2210.90869 -6.547 2.026 0.0038999824523928694 -0.0253460636138918 0.20825142 0.20825142 "" "" 0.26874530298447846 "" 0.055966590073472655 "" 1.0
160.94589299388 -59.54508600485 0.0204 0.0223 1.4752 "" "" 5350363875897005568 2418.56616 0.3828 0.0256 -6.531 2.135 0.03 0.026 0.953 5620.5 3.3905 14.571631 1.803098 15.442276 13.639178 -59.91 13.06 2275.03931 2542.5896 27944.35875 46.857 9088.8 72.67 27764.0 181.91 "" "" 0.0033024569923775482 0.009118437 0.008055385 0.017173823 160.94589299388 -59.54508600485 2418.56616 -6.530999999999997 2.1349999999999993 0.019899982452392884 0.08365393638610819 0.21425141 0.21025142 -67.6225 13.946191 0.985770356443804 67.62968467652088 0.2074727015406755 13.944709580752031 0.8
160.95370187549 -59.49188935813 0.014 0.0153 3.6641 "" "" 5350387717230358528 2291.14868 0.4004 0.0173 -6.594 2.008 0.018 0.018 1.068 7492.2 3.7643 14.578585 1.034245 15.004205 13.96996 "" "" 2193.14893 2376.30957 27765.96879 5.7877 13606.0 27.027 20473.0 31.475 "" "" 0.002764599223509771 0.0035265344 0.0041315807 0.007658115 160.95370187549 -59.49188935813 2291.14868 -6.594 2.008 -0.04310001754760773 -0.043346063613891594 0.2022514 0.2022514 "" "" 0.6638404106234816 "" 0.13426265542828814 "" 1.0
161.02236220561 -59.56518020069 0.0156 0.0162 1.2839 "" "" 5350363154342665728 2422.95752 0.3758 0.019 -6.688 1.941 0.021 0.019 1.038 7954.3 3.9947 14.583827 0.710849 14.854939 14.144091 "" "" 2328.22778 2552.3479 27632.23353 9.9825 15611.0 47.871 17439.0 45.712 "" "" 0.0027830987403958036 0.0043439562 0.0047311066 0.009075062 161.02236220561 -59.56518020069 2422.95752 -6.688 1.941 -0.13710001754760714 -0.11034606361389154 0.20525141 0.2032514 "" "" 2.02121938280069 "" 0.4132736432704655 "" 1.0
160.94432911765 -59.57687110711 0.0156 0.0157 2.2227 "" "" 5350363463580071040 2311.63354 0.3944 0.0188 -6.624 1.965 0.021 0.019 1.002 6219.9 3.5809 14.613741 0.772283 14.850355 14.078073 "" "" 2199.05225 2406.96436 26881.30572 8.9586 15677.0 50.953 18532.0 73.646 "" "" 0.0027789775262319575 0.004498634 0.005735888 0.010234522 160.94432911765 -59.57687110711 2311.63354 -6.624000000000003 1.9649999999999999 -0.07310001754760709 -0.08634606361389152 0.20525141 0.2032514 "" "" 1.2396231529170494 "" 0.2529931763393638 "" 1.0
