Clusters/Trumpler_14/Trumpler_14_stars_in_region.tsv
# %ECSV 1.0
# ---
# datatype:
# - name: RA_ICRS_1
#   unit: deg
#   datatype: float64
#   format: '{:15.11f}'
#   description: Right ascension (ICRS) at Ep=2016.0 (ra)
#   meta: !!omap
#   - {ucd: POS_EQ_RA_MAIN}
#   - {width: 15}
#   - {precision: '11'}
# - name: DE_ICRS_1
#   unit: deg
#   datatype: float64
#   format: '{:15.11f}'
#   description: Declination (ICRS) at Ep=2016.0 (dec)
#   meta: !!omap
#   - {ucd: POS_EQ_DEC_MAIN}
#   - {width: 15}
#   - {precision: '11'}
# - name: e_RA_ICRS
#   unit: mas
#   datatype: float64
#   format: '{:7.4f}'
#   description: Standard error of right ascension (ra_error)
#   meta: !!omap
#   - {ucd: ERROR}
#   - {width: 7}
#   - {precision: '4'}
# - name: e_DE_ICRS
#   unit: mas
#   datatype: float64
#   format: '{:7.4f}'
#   description: Standard error of declination (dec_error)
#   meta: !!omap
#   - {ucd: ERROR}
#   - {width: 7}
#   - {precision: '4'}
# - name: _r_1
#   unit: ''
#   datatype: float64
#   format: '{:7.4f}'
#   description: Distance from center (160.99361385000-59.54950419000)[ICRS], at Epoch=J2016.0
#   meta: !!omap
#   - {ucd: POS_ANG_DIST_GENERAL}
#   - {width: 7}
#   - {precision: '4'}
# - name: HIP
#   datatype: int32
#   description: '? HIP cross-id number, van Leeuwen, Cat. I/311 (hip_original_ext_source_id)'
#   meta: !!omap
#   - {ucd: ID_NUMBER}
#   - {width: 6}
#   - values: {'null': -2147483648}
# - name: TYC2
#   datatype: string
#   description: Tycho-2 cross-id name, Hog et al., Cat. I/259 (tyc2_original_ext_source_id)
#   meta: !!omap
#   - {ucd: ID_CROSSID}
#   - {_votable_string_dtype: char}
# - name: Source
#   datatype: int64
#   description: Source identifier, identical to the Gaia-EDR3 source_id (id)
#   meta: !!omap
#   - {ucd: ID_MAIN}
#   - {width: 19}
# - name: rgeo
#   unit: pc
#   datatype: float64
#   format: '{:15.8f}'
#   description: '? Median of the geometric distance posterior (r_med_geo)'
#   meta: !!omap
#   - {ucd: PHYS_DISTANCE_TRUE}
#   - {width: 15}
#   - {precision: '8'}
#   - values: {'null': .nan}
# - name: Plx
#   unit: mas
#   datatype: float64
#   format: '{:9.4f}'
#   description: '? Parallax (parallax)'
#   meta: !!omap
#   - {ucd: POS_PARLX_TRIG}
#   - {width: 9}
#   - {precision: '4'}
#   - values: {'null': .nan}
# - name: e_Plx
#   unit: mas
#   datatype: float32
#   format: '{:7.4f}'
#   description: '? Standard error of parallax (parallax_error)'
#   meta: !!omap
#   - {ucd: ERROR}
#   - {width: 7}
#   - {precision: '4'}
#   - values: {'null': .nan}
# - name: pmRA
#   unit: mas / yr
#   datatype: float64
#   format: '{:9.3f}'
#   description: '? Proper motion in right ascension direction, pmRA*cosDE (pmra)'
#   meta: !!omap
#   - {ucd: POS_EQ_PMRA}
#   - {width: 9}
#   - {precision: '3'}
#   - values: {'null': .nan}
# - name: pmDE
#   unit: mas / yr
#   datatype: float64
#   format: '{:9.3f}'
#   description: '? Proper motion in declination direction (pmdec)'
#   meta: !!omap
#   - {ucd: POS_EQ_PMDEC}
#   - {width: 9}
#   - {precision: '3'}
#   - values: {'null': .nan}
# - name: e_pmRA
#   unit: mas / yr
#   datatype: float32
#   format: '{:6.3f}'
#   description: '? Standard error of proper motion in right ascension direction (pmra_error)'
#   meta: !!omap
#   - {ucd: ERROR}
#   - {width: 6}
#   - {precision: '3'}
#   - values: {'null': .nan}
# - name: e_pmDE
[...]
#         value: !astropy.table.SerializedColumn {name: SkyCoord.dec}
#       distance: !astropy.table.SerializedColumn
#         __class__: astropy.coordinates.distances.Distance
#         unit: !astropy.units.Unit {unit: pc}
#         value: !astropy.table.SerializedColumn {name: SkyCoord.distance}
#       frame: icrs
#       obstime: !astropy.time.Time {format: jyear_str, in_subfmt: '*', jd1: 367701545.0, jd2: 0.0, out_subfmt: '*', precision: 3, scale: tt}
#       pm_dec: !astropy.table.SerializedColumn
#         __class__: astropy.units.quantity.Quantity
#         unit: !astropy.units.Unit {unit: mas / yr}
#         value: !astropy.table.SerializedColumn {name: SkyCoord.pm_dec}
#       pm_ra_cosdec: !astropy.table.SerializedColumn
#         __class__: astropy.units.quantity.Quantity
#         unit: !astropy.units.Unit {unit: mas / yr}
#         value: !astropy.table.SerializedColumn {name: SkyCoord.pm_ra_cosdec}
#       ra: !astropy.table.SerializedColumn
#         __class__: astropy.coordinates.angles.Longitude
#         unit: *id001
#         value: !astropy.table.SerializedColumn {name: SkyCoord.ra}
#         wrap_angle: !astropy.coordinates.Angle
#           unit: *id001
#           value: 360.0
#       representation_type: spherical
# schema: astropy-2.0
RA_ICRS_1 DE_ICRS_1 e_RA_ICRS e_DE_ICRS _r_1 HIP TYC2 Source rgeo Plx e_Plx pmRA pmDE e_pmRA e_pmDE RUWE Teff logg Gmag BP-RP BPmag RPmag RV e_RV b_rgeo B_rgeo FG e_FG FBP e_FBP FRP e_FRP RAVE5 RAVE6 e_Gmag e_BPmag e_RPmag e_BP-RP SkyCoord.ra SkyCoord.dec SkyCoord.distance SkyCoord.pm_ra_cosdec SkyCoord.pm_dec rmRA rmDE e_rmRA e_rmDE rRV e_rRV v_pec v_pec3d e_vpec e_vpec3d
[from data line 1520]
161.36426208997 -59.53748355625 0.0327 0.0354 11.2956 "" "" 5350384319942814976 2345.51172 0.411 0.0401 -5.052 2.441 0.044 0.043 1.454 7065.9 4.3623 15.912917 1.131185 16.38798 15.256795 "" "" 2088.43164 2595.50024 8124.18888 3.5448 3803.9 11.857 6258.1 10.42 "" "" 0.002795749424767161 0.0043861824 0.004189493 0.008575676 161.36426208997 -59.53748355625 2345.51172 -5.051999999999999 2.440999999999996 1.498899982452393 0.38965393638610824 0.22825141 0.22725141 "" "" 17.218235695473545 "" 3.9289989163256975 ""
160.51442760897 -59.57698383253 0.0276 0.0298 14.658 "" "" 5350371675557288192 1810.62488 0.5235 0.0347 -8.405 4.602 0.039 0.036 1.073 5965.6 4.3129 15.913815 1.164117 16.404552 15.240436 "" "" 1714.64514 1928.12439 8117.47782 3.0105 3746.2 21.941 6353.1 33.927 "" "" 0.0027845873941196135 0.006944214 0.0069210865 0.0138653 160.51442760897 -59.57698383253 1810.62488 -8.405000000000001 4.602000000000002 -1.8541000175476068 2.5506539363861087 0.22325142 0.22025141 "" "" 27.063063289178697 "" 5.988871249888325 ""
161.45681688364 -59.37232761639 0.025 0.0264 17.6759 "" "" 5350391501128436608 2324.75879 0.3973 0.0313 -5.5 3.081 0.033 0.03 0.998 "" "" 15.917005 1.056973 16.35435 15.297377 "" "" 2126.61572 2540.84082 8093.66134 2.7954 3923.5 9.6729 6028.5 12.764 "" "" 0.0027807209857432856 0.0038665258 0.0044235988 0.008290125 161.45681688364 -59.37232761639 2324.75879 -5.5 3.081 1.0508999824523926 1.0296539363861084 0.21725142 0.21425141 "" "" 16.212233882947512 "" 3.4983935346350745 ""
160.92673483881 -59.78821485443 0.0285 0.0277 14.4653 "" "" 5350354152090663936 2211.04663 0.4168 0.0317 -13.83 4.644 0.036 0.033 0.993 5671.0 4.2456 15.92078 1.023055 16.322306 15.299251 "" "" 2076.93481 2382.63525 8065.56443 3.0542 4041.1 20.862 6018.1 16.558 "" "" 0.002785825439124869 0.006261134 0.00481741 0.011078544 160.92673483881 -59.78821485443 2211.04663 -13.830000000000002 4.644000000000005 -7.2791000175476075 2.5926539363861085 0.22025141 0.21725142 "" "" 80.98217180556279 "" 17.80925224196328 ""
160.94562058808 -59.55508924562 0.0373 0.0412 1.4972 "" "" 5350363841537244288 2247.38721 0.4206 0.045 -6.455 2.066 0.054 0.053 1.098 9850.0 3.84 15.921281 2.038285 16.874527 14.836242 "" "" 2036.82007 2511.92114 8061.84297 11.663 2430.0 42.764 9218.5 54.002 "" "" 0.003171587532206347 0.019309815 0.0073984084 0.026708223 160.94562058808 -59.55508924562 2247.38721 -6.455 2.066 0.09589998245239251 0.014653936386108235 0.23825142 0.23725142 "" "" 1.0334434006826367 "" 0.2461958243293153 ""
161.5101098631 -59.52593503845 0.0243 0.0272 15.7744 "" "" 5350337625054235520 2058.02661 0.459 0.0311 -2.937 2.465 0.032 0.032 1.02 4926.7 3.6654 15.921859 1.626161 16.68208 15.055919 "" "" 1935.24011 2186.99707 8057.55254 2.8558 2901.3 10.848 7529.9 21.061 "" "" 0.0027820621683743536 0.0049259774 0.004848277 0.009774255 161.5101098631 -59.52593503845 2058.02661 -2.936999999999999 2.465 3.6138999824523927 0.41365393638610826 0.21625142 0.21625142 "" "" 35.483948674153424 "" 7.673454216829708 ""
160.96681324747 -59.59891906727 0.0321 0.0325 3.0747 "" "" 5350363360501081344 2303.82666 0.3966 0.0378 -6.432 1.665 0.044 0.042 1.028 7906.0 3.9063 15.924436 1.945966 16.864544 14.918578 "" "" 2110.48047 2559.42773 8038.45502 12.229 2452.4 47.32 8545.3 40.007 "" "" 0.0032124829609603256 0.021134684 0.0063342047 0.027468888 160.96681324747 -59.59891906727 2303.82666 -6.4319999999999995 1.6649999999999978 0.1188999824523922 -0.38634606361389157 0.22825141 0.22625141 "" "" 4.414228538567134 "" 0.9994923342952214 ""
160.8040895765 -59.69644664768 0.0292 0.0288 10.5261 "" "" 5350355492120975104 1788.91309 0.5199 0.0322 -10.063 1.406 0.037 0.036 0.997 5965.9 4.2982 15.924867 1.044135 16.361233 15.317098 "" "" 1694.76965 1908.40137 8035.26021 3.2377 3898.7 19.72 5920.0 12.095 "" "" 0.002789835223914084 0.006159907 0.0043822727 0.01054218 160.8040895765 -59.69644664768 1788.91309 -10.063 1.4059999999999995 -3.512100017547608 -0.6453460636138917 0.22125141 0.22025141 "" "" 30.27925065864504 "" 6.698340207520609 ""
161.21215983459 -59.32857602909 0.0272 0.0274 14.838 "" "" 5350395349419062016 2221.73999 0.4203 0.0331 -9.481 3.67 0.035 0.032 1.045 5022.8 4.2381 15.927031 1.222106 16.466564 15.244458 "" "" 2075.46045 2380.39233 8019.26761 3.389 3538.3 15.972 6329.6 16.165 "" "" 0.002793263938625686 0.00563962 0.0046874657 0.010327086 161.21215983459 -59.32857602909 2221.73999 -9.481000000000003 3.6700000000000057 -2.9301000175476073 1.6186539363861083 0.21925141 0.21625142 "" "" 35.25232057111123 "" 7.704523310940704 ""
161.04960971353 -59.84453133595 0.0335 0.0311 17.7826 "" "" 5350350647397337600 2128.38159 0.4484 0.0359 -3.497 4.225 0.04 0.037 0.994 6058.1 4.3632 15.92923 1.074968 16.362429 15.28746 "" "" 1966.82751 2278.42578 8003.03585 3.4634 3894.4 31.528 6083.8 23.808 "" "" 0.0027950959904324444 0.009222042 0.005686522 0.014908563 161.04960971353 -59.84453133595 2128.38159 -3.497 4.225 3.0538999824523927 2.173653936386108 0.22425142 0.22125141 "" "" 37.816613517069776 "" 8.442451017798467 ""
160.64526931839 -59.77824560424 0.0291 0.026 17.3146 "" "" 5350365181566447744 2233.68774 0.4219 0.0307 -7.245 2.498 0.037 0.033 0.971 5956.6 4.2758 15.930703 1.055165 16.37471 15.319545 "" "" 2096.99731 2431.58862 7992.18189 4.1518 3850.6 13.902 5906.6 10.005 "" "" 0.0028124560894677666 0.0048115007 0.0042030932 0.009014593 160.64526931839 -59.77824560424 2233.68774 -7.245 2.498000000000001 -0.6941000175476075 0.4466539363861086 0.22125141 0.21725142 "" "" 8.739003079074653 "" 1.9233463032794462 ""
160.88071623609 -59.84515617968 0.0307 0.0293 18.0654 "" "" 5350352124865941120 2220.77954 0.4177 0.0332 -9.672 7.169 0.039 0.036 1.015 5429.5 4.249 15.93082 1.095018 16.381117 15.286098 "" "" 2083.11572 2378.94946 7991.32962 3.1704 3828.0 28.384 6091.4 14.941 "" "" 0.002788786448688035 0.00852036 0.0046233977 0.013143757 160.88071623609 -59.84515617968 2220.77954 -9.67199999999999 7.168999999999997 -3.121100017547608 5.117653936386108 0.22325142 0.22025141 "" "" 63.098981952405154 "" 13.949213172073742 ""
161.07238524643 -59.44611827586 0.0279 0.029 6.6509 "" "" 5350387377959489920 2007.35718 0.4585 0.0341 -6.325 2.17 0.035 0.034 1.026 6496.5 3.9686 15.932094 1.825687 16.825647 14.99996 "" "" 1878.80261 2184.41797 7981.95853 8.8305 2541.9 12.234 7928.2 20.333 "" "" 0.0030057561221139956 0.005923826 0.004694391 0.010618217 161.07238524643 -59.44611827586 2007.35718 -6.325 2.17 0.2258999824523924 0.11865393638610833 0.21925141 0.2182514 "" "" 2.427869689784808 "" 0.5317898063627617 ""
160.9531444484 -59.54088444907 0.0287 0.0351 1.335 "" "" 5350363875897026304 2541.57031 0.3717 0.0372 -6.495 1.922 0.035 0.038 1.012 6339.6 3.9084 15.932896 1.462237 16.56162 15.099383 "" "" 2305.35254 2829.07056 7976.06337 6.9207 3241.7 34.946 7234.4 41.117 "" "" 0.002911923032865928 0.012032368 0.007236215 0.019268584 160.9531444484 -59.54088444907 2541.57031 -6.494999999999993 1.9219999999999986 0.05589998245239247 -0.12934606361389167 0.21925141 0.22225142 "" "" 1.6975310888497472 "" 0.3764817819399378 ""
160.72567414858 -59.63842256778 0.0272 0.0274 9.7298 "" "" 5350373393544235648 2206.71948 0.4208 0.0307 -3.257 2.656 0.034 0.032 0.97 6582.9 4.3143 15.933776 1.074982 16.37703 15.302048 "" "" 2068.79883 2333.37305 7969.59731 3.3153 3842.4 10.138 6002.6 16.343 "" "" 0.002792093358848358 0.00399892 0.004798141 0.008797061 160.72567414858 -59.63842256778 2206.71948 -3.257 2.656 3.2938999824523925 0.6046539363861085 0.2182514 0.21625142 "" "" 35.02938674708774 "" 7.642939265809772 ""
160.77261508945 -59.76160680839 0.0304 0.0284 14.3816 "" "" 5350354804925616896 2049.552 0.4475 0.0335 -5.84 2.033 0.038 0.035 0.984 6498.1 4.4242 15.933982 0.963657 16.343105 15.379448 "" "" 1924.0105 2195.83374 7968.08265 3.2747 3964.4 18.633 5589.6 18.793 "" "" 0.00279121751908039 0.0058160247 0.0052544363 0.011070461 160.77261508945 -59.76160680839 2049.552 -5.84 2.033 0.7108999824523927 -0.018346063613891683 0.22225142 0.21925141 "" "" 6.908604907278111 "" 1.535433517040194 ""
161.3350089572 -59.70703574927 0.0325 0.034 14.0214 "" "" 5350311374212232192 2076.99512 0.4378 0.038 -8.92 2.745 0.04 0.039 1.154 6128.0 4.3887 15.938676 0.978371 16.278605 15.300234 "" "" 1961.18933 2222.27319 7933.71347 4.0604 4207.0 31.742 6012.6 29.949 "" "" 0.002810793138207843 0.008654057 0.0065978193 0.015251877 161.3350089572 -59.70703574927 2076.99512 -8.92 2.7450000000000006 -2.3691000175476074 0.6936539363861085 0.22425142 0.22325142 "" "" 24.302871120994045 "" 5.448038365162394 ""
161.3660407341 -59.36135893721 0.0259 0.0261 16.0124 "" "" 5350392390160248832 2129.56348 0.4308 0.0314 -8.673 4.422 0.033 0.031 1.04 5817.1 4.3724 15.940914 1.035831 16.369682 15.333852 "" "" 2009.18591 2273.50757 7917.37183 2.7198 3868.5 12.621 5829.3 15.653 "" "" 0.002780449619682 0.0045091426 0.004773214 0.009282356 161.3660407341 -59.36135893721 2129.56348 -8.673 4.422 -2.1221000175476075 2.370653936386108 0.21725142 0.21525142 "" "" 32.11664487249417 "" 6.941800625576571 ""
161.40299768505 -59.69284562551 0.0289 0.029 15.1086 "" "" 5350334704476361728 2520.39526 0.3711 0.033 -6.329 2.476 0.037 0.034 1.021 7604.0 4.1999 15.941346 1.101414 16.395893 15.294479 "" "" 2333.11719 2720.66016 7914.22512 3.4165 3776.2 21.808 6044.6 17.421 "" "" 0.0027949009812790943 0.006863027 0.0049066753 0.011769703 161.40299768505 -59.69284562551 2520.39526 -6.329000000000001 2.4759999999999973 0.22189998245239284 0.4246539363861084 0.22125141 0.2182514 "" "" 5.724072161623381 "" 1.252989831983757 ""
161.52632861936 -59.50045585821 0.0252 0.0267 16.4753 "" "" 5350343534929263488 1992.68481 0.4626 0.0317 -7.737 3.654 0.034 0.032 1.018 7399.7 4.291 15.944019 1.414213 16.580141 15.165928 "" "" 1852.9502 2146.92822 7894.76143 2.8074 3186.8 10.681 6804.4 18.109 "" "" 0.002782239314469426 0.0045855567 0.0047574337 0.009342991 161.52632861936 -59.50045585821 1992.68481 -7.737000000000001 3.6540000000000004 -1.1861000175476075 1.6026539363861083 0.2182514 0.21625142 "" "" 18.83231470098265 "" 4.08588354105441 ""
160.97577846101 -59.635416343 0.0375 0.0379 5.1831 "" "" 5350362467147569408 1816.71582 0.5277 0.0439 -8.294 0.055 0.05 0.048 1.318 5463.9 4.3514 15.944593 1.163214 16.370365 15.207151 "" "" 1670.47717 1992.13354 7890.58498 6.1485 3866.1 35.197 6550.8 36.397 "" "" 0.002882282298833961 0.0102708 0.007118602 0.017389402 160.97577846101 -59.635416343 1816.71582 -8.294 0.05499999999999991 -1.743100017547608 -1.9963460636138917 0.23425141 0.2322514 "" "" 22.82187183327038 "" 5.320204772579161 ""
161.22040324404 -59.65671562642 0.0351 0.0365 9.4226 "" "" 5350358653216784512 2544.30566 0.3682 0.0424 -6.861 2.74 0.046 0.045 1.02 "" "" 15.9459 2.547303 17.971363 15.42406 "" "" 2282.48633 2888.69165 7881.09832 4.5918 884.85 171.28 5364.6 269.55 "" "" 0.0028270048191340598 0.21018396 0.054684713 0.26486868 161.22040324404 -59.65671562642 2544.30566 -6.861 2.7399999999999998 -0.3101000175476072 0.6886539363861086 0.23025142 0.22925141 "" "" 9.108351228659707 "" 2.0896407214502113 ""
161.22340721289 -59.62169656417 0.0284 0.0301 8.2148 "" "" 5350383014274739584 1927.65002 0.4956 0.0352 -6.077 3.883 0.037 0.036 1.012 5783.1 4.2506 15.946254 1.258787 16.4934 15.234613 "" "" 1798.66016 2045.06848 7878.53241 3.517 3451.9 59.004 6387.2 97.052 "" "" 0.0027976239960325376 0.01876727 0.016924875 0.035692144 161.22340721289 -59.62169656417 1927.65002 -6.077 3.882999999999999 0.4738999824523926 1.8316539363861084 0.22125141 0.22025141 "" "" 17.28701373868872 "" 3.808576072785669 ""
161.51788849253 -59.39509158915 0.0696 0.0789 18.4701 "" "" 5350345974470806784 2106.24756 0.505 0.0884 -5.878 7.646 0.094 0.094 3.127 "" "" 15.946513 1.192127 16.276268 15.084141 "" "" 1715.95569 2486.21509 7876.64906 6.9092 4216.1 13.707 7336.7 16.718 "" "" 0.0029152732885826976 0.0044994294 0.0045171487 0.009016578 161.51788849253 -59.39509158915 2106.24756 -5.878000000000005 7.645999999999997 0.6728999824523925 5.594653936386108 0.2782514 0.2782514 "" "" 56.25741548204126 "" 15.653705154428806 ""
160.83532478472 -59.47087869589 0.0258 0.0273 6.7436 "" "" 5350376314122366848 1816.52563 0.5267 0.0317 -9.568 3.91 0.034 0.033 0.999 5068.9 3.8332 15.947164 1.426117 16.654236 15.228119 "" "" 1710.28882 1945.06006 7871.9323 3.4528 2976.6 22.516 6425.6 14.085 "" "" 0.0027961727306726465 0.008673887 0.004466305 0.013140192 160.83532478472 -59.47087869589 1816.52563 -9.568 3.91 -3.017100017547607 1.8586539363861085 0.2182514 0.21725142 "" "" 30.512039620837427 "" 6.650915712718679 ""
161.34939728714 -59.44968292123 0.0252 0.0263 12.3798 "" "" 5350385178936394624 1988.33386 0.474 0.0313 -6.347 2.257 0.032 0.03 1.009 6107.7 4.2514 15.948063 1.131352 16.41782 15.286468 "" "" 1873.43591 2108.25098 7865.41081 2.6641 3700.7 10.927 6089.3 14.289 "" "" 0.0027797535723067014 0.0042499923 0.0045579397 0.008807932 161.34939728714 -59.44968292123 1988.33386 -6.347000000000002 2.2569999999999983 0.20389998245239216 0.20565393638610852 0.21625142 0.21425141 "" "" 2.7294033521791037 "" 0.5874908986367852 ""
161.28596638897 -59.69291671938 0.0354 0.0387 12.3585 "" "" 5350358378338853760 2494.55688 0.3713 0.0444 -6.573 2.69 0.049 0.048 1.102 "" "" 15.955518 1.854753 16.852875 14.998122 "" "" 2247.24854 2777.36523 7811.59449 16.203 2478.9 96.992 7941.6 143.36 "" "" 0.003558590337331071 0.042573165 0.019960532 0.0625337 161.28596638897 -59.69291671938 2494.55688 -6.573000000000001 2.69 -0.02210001754760782 0.6386539363861083 0.23325141 0.2322514 "" "" 7.556091553598274 "" 1.7549219416429531 ""
161.46330244124 -59.42312911738 0.0263 0.0269 16.1937 "" "" 5350391256283496192 1921.31775 0.4839 0.0322 -9.781 3.93 0.035 0.032 0.953 6935.9 4.2881 15.957702 1.232911 16.495234 15.262322 "" "" 1817.82361 2041.90894 7795.89893 3.0072 3446.1 14.051 6226.3 11.804 "" "" 0.0027869685954823088 0.005232862 0.0043035583 0.009536421 161.46330244124 -59.42312911738 1921.31775 -9.780999999999995 3.929999999999999 -3.230100017547608 1.8786539363861086 0.21925141 0.21625142 "" "" 34.030250361238245 "" 7.435507744758835 ""
161.41279414463 -59.50906334797 0.0273 0.0299 12.9827 "" "" 5350384697900005760 1887.90784 0.4894 0.0334 -8.889 6.558 0.039 0.039 1.084 6568.6 4.3515 15.963038 1.048157 16.395586 15.347429 "" "" 1765.86121 2038.67859 7757.67936 3.1212 3777.3 13.032 5756.9 33.609 "" "" 0.00278973319003545 0.0046708314 0.0073797824 0.012050614 161.41279414463 -59.50906334797 1887.90784 -8.888999999999998 6.558000000000001 -2.3381000175476068 4.506653936386108 0.22325142 0.22325142 "" "" 45.43309223769187 "" 10.143002233443307 ""
160.95549509836 -59.64320667681 0.029 0.0286 5.7401 "" "" 5350360989678795776 2139.32837 0.441 0.0335 -6.771 1.072 0.041 0.039 0.966 5749.7 4.3705 15.965097 1.038958 16.389622 15.350664 "" "" 1996.37732 2315.17261 7742.97445 3.5768 3798.1 26.4 5739.7 30.774 "" "" 0.0028005960493564033 0.008046053 0.006940542 0.014986595 160.95549509836 -59.64320667681 2139.32837 -6.771000000000002 1.0720000000000003 -0.22010001754760733 -0.9793460636138915 0.2252514 0.22325142 "" "" 10.178688865300137 "" 2.2733896723615095 ""
160.83632412853 -59.33227919825 0.027 0.0278 13.8887 "" "" 5350402805482035200 1735.18994 0.5526 0.0328 -6.355 0.449 0.036 0.034 0.955 5160.0 4.2814 15.966976 1.208674 16.475851 15.267177 "" "" 1642.86646 1845.53711 7729.58425 3.9199 3508.1 15.28 6198.5 15.63 "" "" 0.0028097970499008688 0.0054908236 0.0046668085 0.010157632 160.83632412853 -59.33227919825 1735.18994 -6.355 0.44899999999999995 0.19589998245239215 -1.6023460636138915 0.22025141 0.2182514 "" "" 13.277104649196968 "" 2.8981396009576055 ""
