Clusters/Collinder_95/Collinder_95_members.tsv
# %ECSV 1.0
# ---
# datatype:
# - name: RA_ICRS_1
#   unit: deg
#   datatype: float64
#   format: '{:15.11f}'
#   description: Right ascension (ICRS) at Ep=2016.0 (ra)
#   meta: !!omap
#   - {ucd: POS_EQ_RA_MAIN}
#   - {width: 15}
#   - {precision: '11'}
# - name: DE_ICRS_1
#   unit: deg
#   datatype: float64
#   format: '{:15.11f}'
#   description: Declination (ICRS) at Ep=2016.0 (dec)
#   meta: !!omap
#   - {ucd: POS_EQ_DEC_MAIN}
#   - {width: 15}
#   - {precision: '11'}
# - name: e_RA_ICRS
#   unit: mas
#   datatype: float64
#   format: '{:7.4f}'
#   description: Standard error of right ascension (ra_error)
#   meta: !!omap
#   - {ucd: ERROR}
#   - {width: 7}
#   - {precision: '4'}
# - name: e_DE_ICRS
#   unit: mas
#   datatype: float64
#   format: '{:7.4f}'
#   description: Standard error of declination (dec_error)
#   meta: !!omap
#   - {ucd: ERROR}
#   - {width: 7}
#   - {precision: '4'}
# - name: _r_1
#   unit: ''
#   datatype: float64
#   format: '{:7.4f}'
#   description: Distance from center (097.78780667000+09.91019418000)[ICRS], at Epoch=J2016.0
#   meta: !!omap
#   - {ucd: POS_ANG_DIST_GENERAL}
#   - {width: 7}
#   - {precision: '4'}
# - name: HIP
#   datatype: int32
#   description: '? HIP cross-id number, van Leeuwen, Cat. I/311 (hip_original_ext_source_id)'
#   meta: !!omap
#   - {ucd: ID_NUMBER}
#   - {width: 6}
#   - values: {'null': -2147483648}
# - name: TYC2
#   datatype: string
#   description: Tycho-2 cross-id name, Hog et al., Cat. I/259 (tyc2_original_ext_source_id)
#   meta: !!omap
#   - {ucd: ID_CROSSID}
#   - {_votable_string_dtype: char}
# - name: Source
#   datatype: int64
#   description: Source identifier, identical to the Gaia-EDR3 source_id (id)
#   meta: !!omap
#   - {ucd: ID_MAIN}
#   - {width: 19}
# - name: rgeo
#   unit: pc
#   datatype: float64
#   format: '{:15.8f}'
#   description: '? Median of the geometric distance posterior (r_med_geo)'
#   meta: !!omap
#   - {ucd: PHYS_DISTANCE_TRUE}
#   - {width: 15}
#   - {precision: '8'}
#   - values: {'null': .nan}
# - name: Plx
#   unit: mas
#   datatype: float64
#   format: '{:9.4f}'
#   description: '? Parallax (parallax)'
#   meta: !!omap
#   - {ucd: POS_PARLX_TRIG}
#   - {width: 9}
#   - {precision: '4'}
#   - values: {'null': .nan}
# - name: e_Plx
#   unit: mas
#   datatype: float32
#   format: '{:7.4f}'
#   description: '? Standard error of parallax (parallax_error)'
#   meta: !!omap
#   - {ucd: ERROR}
#   - {width: 7}
#   - {precision: '4'}
#   - values: {'null': .nan}
# - name: pmRA
#   unit: mas / yr
#   datatype: float64
#   format: '{:9.3f}'
#   description: '? Proper motion in right ascension direction, pmRA*cosDE (pmra)'
#   meta: !!omap
#   - {ucd: POS_EQ_PMRA}
#   - {width: 9}
#   - {precision: '3'}
#   - values: {'null': .nan}
# - name: pmDE
#   unit: mas / yr
#   datatype: float64
#   format: '{:9.3f}'
#   description: '? Proper motion in declination direction (pmdec)'
#   meta: !!omap
#   - {ucd: POS_EQ_PMDEC}
#   - {width: 9}
#   - {precision: '3'}
#   - values: {'null': .nan}
# - name: e_pmRA
#   unit: mas / yr
#   datatype: float32
#   format: '{:6.3f}'
#   description: '? Standard error of proper motion in right ascension direction (pmra_error)'
#   meta: !!omap
#   - {ucd: ERROR}
#   - {width: 6}
#   - {precision: '3'}
#   - values: {'null': .nan}
# - name: e_pmDE
[...]
#         unit: &id001 !astropy.units.Unit {unit: deg}
#         value: !astropy.table.SerializedColumn {name: SkyCoord.dec}
#       distance: !astropy.table.SerializedColumn
#         __class__: astropy.coordinates.distances.Distance
#         unit: !astropy.units.Unit {unit: pc}
#         value: !astropy.table.SerializedColumn {name: SkyCoord.distance}
#       frame: icrs
#       obstime: !astropy.time.Time {format: jyear_str, in_subfmt: '*', jd1: 367701545.0, jd2: 0.0, out_subfmt: '*', precision: 3, scale: tt}
#       pm_dec: !astropy.table.SerializedColumn
#         __class__: astropy.units.quantity.Quantity
#         unit: !astropy.units.Unit {unit: mas / yr}
#         value: !astropy.table.SerializedColumn {name: SkyCoord.pm_dec}
#       pm_ra_cosdec: !astropy.table.SerializedColumn
#         __class__: astropy.units.quantity.Quantity
#         unit: !astropy.units.Unit {unit: mas / yr}
#         value: !astropy.table.SerializedColumn {name: SkyCoord.pm_ra_cosdec}
#       ra: !astropy.table.SerializedColumn
#         __class__: astropy.coordinates.angles.Longitude
#         unit: *id001
#         value: !astropy.table.SerializedColumn {name: SkyCoord.ra}
#         wrap_angle: !astropy.coordinates.Angle
#           unit: *id001
#           value: 360.0
#       representation_type: spherical
# schema: astropy-2.0
RA_ICRS_1 DE_ICRS_1 e_RA_ICRS e_DE_ICRS _r_1 HIP TYC2 Source rgeo Plx e_Plx pmRA pmDE e_pmRA e_pmDE RUWE Teff logg Gmag BP-RP BPmag RPmag RV e_RV b_rgeo B_rgeo FG e_FG FBP e_FBP FRP e_FRP RAVE5 RAVE6 e_Gmag e_BPmag e_RPmag e_BP-RP SkyCoord.ra SkyCoord.dec SkyCoord.distance SkyCoord.pm_ra_cosdec SkyCoord.pm_dec Pmemb
97.78891549319 9.93978879729 0.0445 0.0437 1.7769 "" 737-331-1 3327295702341978624 548.086914 1.8013 0.0557 -1.843 -4.594 0.055 0.043 1.658 15130.0 3.5863 7.906411 0.391636 7.954963 7.563327 "" "" 533.729675 565.214966 12953354.15049 35309.0 8983200.0 102600.0 7478700.0 91971.0 "" "" 0.004043612005520197 0.012710563 0.013876668 0.026587231 97.78891549319 9.93978879729 548.086914 -1.8429999999999997 -4.594000000000001 1.0
97.8119335742 9.79025552723 0.0244 0.0239 7.3363 31073 737-695-1 3327284677152321024 661.078308 1.4838 0.0295 -1.991 -5.227 0.03 0.025 1.14 "" "" 8.8056 0.071315 8.809107 8.737792 "" "" 649.501282 673.090027 5658567.60034 4503.0 4090500.0 7028.3 2535400.0 2536.1 "" "" 0.002887612507327538 0.0033563648 0.003932328 0.0072886925 97.8119335742 9.79025552723 661.078308 -1.991 -5.226999999999999 1.0
97.69605441607 10.06287722765 0.0369 0.034 10.6451 31038 737-1384-1 3327312302381307776 600.207153 1.6278 0.0436 -2.283 -5.091 0.044 0.035 1.128 13516.5 4.1617 9.403061 -0.083997 9.21255 9.296547 "" "" 587.608093 616.523621 3263791.56601 3031.0 2821000.0 59065.0 1515400.0 31087.0 "" "" 0.0029340158715619475 0.022903312 0.022591231 0.04549454 97.69605441607 10.06287722765 600.207153 -2.2830000000000004 -5.091000000000001 1.0
97.74130175368 9.80958043754 0.0201 0.0201 6.6333 "" 737-425-1 3327287632089206656 629.880981 1.5601 0.0251 -2.102 -5.125 0.024 0.021 1.126 "" "" 9.787566 0.200148 9.840827 9.640679 "" "" 621.528198 639.39801 2290446.40714 948.6 1581600.0 1888.4 1103800.0 671.23 "" "" 0.0027917711838830214 0.0030766162 0.0038366197 0.006913236 97.74130175368 9.80958043754 629.880981 -2.1020000000000003 -5.125 1.0
97.78626562832 9.85864971695 0.0223 0.025 3.094 "" 737-121-1 3327294057360261632 641.839844 1.5317 0.0291 -2.216 -4.914 0.027 0.022 1.362 11210.1 3.7911 10.180545 0.534058 10.364773 9.830715 3.24 8.1 629.126038 657.569641 1594882.44674 666.98 976130.0 574.09 926560.0 292.6 "" "" 0.00279248192889984 0.0028623063 0.0037949025 0.006657209 97.78626562832 9.85864971695 641.839844 -2.216 -4.914 1.0
97.67618778317 9.85922856712 0.0157 0.0155 7.2719 "" 737-846-1 3327300482631358208 652.017273 1.4992 0.0188 -2.309 -5.189 0.019 0.016 0.982 "" "" 11.012897 0.827995 11.338535 10.51054 -0.03 4.81 641.300781 661.325806 740948.14609 171.24 398110.0 210.4 495380.0 189.1 "" "" 0.0027667222694631156 0.0028485619 0.003802039 0.0066506006 97.67618778317 9.85922856712 652.017273 -2.309 -5.189000000000001 1.0
97.94887972397 9.65222287105 0.018 0.0164 18.1737 "" 737-321-1 3327234958610916224 650.128418 1.4852 0.0215 -1.935 -5.473 0.021 0.017 1.035 7996.0 3.9854 11.320035 0.317676 11.430685 11.113009 16.55 3.18 641.048706 659.964539 558383.72903 205.72 365720.0 279.1 284420.0 171.03 "" "" 0.002784204619530931 0.0029106005 0.0038353598 0.0067459606 97.94887972397 9.65222287105 650.128418 -1.935 -5.473000000000001 1.0
97.7651372296 10.02039810406 0.0132 0.0129 6.7466 "" "" 3327308797687987584 649.641785 1.5029 0.0168 -2.363 -4.934 0.016 0.013 1.009 6333.1 3.8213 11.924835 0.983832 12.328025 11.344193 11.18 3.5 643.051514 655.520813 319898.7176 241.76 160030.0 424.18 229870.0 441.41 "" "" 0.002874902511274828 0.004008398 0.0043163076 0.008324705 97.7651372296 10.02039810406 649.641785 -2.363 -4.934000000000001 1.0
97.68657069514 9.75697646743 0.0149 0.0149 10.9696 "" "" 3327285879742581888 649.612488 1.5276 0.0186 -2.305 -4.988 0.018 0.015 1.276 5663.4 3.8775 12.43381 1.353027 13.047648 11.694621 32.2 18.0 640.433044 657.463135 200180.82771 2321.7 82482.0 2995.0 166460.0 5893.7 "" "" 0.012890302569086142 0.039522726 0.038627025 0.07814975 97.68657069514 9.75697646743 649.612488 -2.305 -4.988 1.0
97.7175093833 10.13482482627 0.0129 0.0114 14.1033 "" "" 3327314845001913216 655.956604 1.5017 0.0146 -2.604 -4.723 0.015 0.012 1.025 5705.3 3.7635 12.601186 1.088311 13.056067 11.967755 26.67 8.78 649.222595 662.853394 171582.28392 265.9 81845.0 461.4 129440.0 602.63 "" "" 0.0032284350087215066 0.0067267753 0.0063115 0.013038276 97.7175093833 10.13482482627 655.956604 -2.604 -4.723 1.0
98.11217189484 9.74439574946 0.0116 0.0106 21.6031 "" "" 3327240142632004736 713.491333 1.3783 0.0131 -1.806 -5.362 0.013 0.012 0.992 6035.1 3.9897 12.645087 0.944682 13.020305 12.075623 52.0 3.31 706.146729 720.524719 164782.81379 32.35 84585.0 69.498 117200.0 140.54 "" "" 0.002763552532326097 0.0029293094 0.0039973515 0.006926661 98.11217189484 9.74439574946 713.491333 -1.806 -5.362 1.0
97.72558115561 9.90199079643 0.0139 0.014 3.7107 "" "" 3327301032387152512 646.280029 1.5226 0.0173 -2.469 -5.122 0.017 0.014 1.079 "" "" 12.802378 1.052316 13.231089 12.178773 7.53 25.08 640.22052 653.022156 142559.3819 50.844 69660.0 71.777 106570.0 124.87 "" "" 0.002782397516776261 0.0030060955 0.0039877514 0.006993847 97.72558115561 9.90199079643 646.280029 -2.4690000000000003 -5.122 1.0
97.84691866429 9.92004182461 0.0138 0.0148 3.5434 "" "" 3327295500469248000 658.306885 1.4804 0.0183 -2.045 -4.992 0.016 0.014 1.111 5683.3 4.0421 13.472789 1.456593 14.130261 12.673669 -6.58 7.55 650.440613 666.788513 76883.19184 139.57 30431.0 195.13 67560.0 283.87 "" "" 0.003387713327432815 0.0075002713 0.0059241424 0.013424413 97.84691866429 9.92004182461 658.306885 -2.045 -4.992000000000001 1.0
97.58620068602 10.0711540807 0.0156 0.0146 15.3358 "" "" 3327312886498462336 647.674683 1.4995 0.0167 -2.328 -5.046 0.018 0.015 0.992 "" "" 13.630674 1.427731 14.273333 12.845601 "" "" 641.239624 655.43396 66477.84142 90.684 26674.0 137.88 57666.0 217.87 "" "" 0.0031281596081689984 0.0062675723 0.005577689 0.011845261 97.58620068602 10.0711540807 647.674683 -2.328 -5.046000000000001 1.0
97.54937945459 9.839058567 0.016 0.0145 14.7258 "" "" 3327299829796375040 641.039978 1.522 0.0171 -2.259 -5.163 0.02 0.017 1.062 5486.3 3.9901 13.731585 1.25721 14.283062 13.025852 -35.96 5.73 634.069641 648.487122 60577.66409 95.266 26436.0 154.26 48845.0 192.9 "" "" 0.003241480804064703 0.006922701 0.00571569 0.012638391 97.54937945459 9.839058567 641.039978 -2.2589999999999995 -5.162999999999999 1.0
97.53971010227 9.68915339513 0.0437 0.0406 19.7752 "" "" 3327262446401085312 744.74884 1.3057 0.0518 -2.361 -5.54 0.059 0.05 3.385 5217.3 3.6171 13.737611 1.563678 14.437249 12.873571 -40.84 5.21 717.982117 777.4151 60242.4426 1188.5 22936.0 1581.4 56199.0 2825.7 "" "" 0.021596557040781443 0.07491173 0.054721758 0.12963349 97.53971010227 9.68915339513 744.74884 -2.3610000000000007 -5.54 1.0
97.8061338791 9.75164916198 0.0435 0.0426 9.5742 "" "" 3327284058677073408 729.682556 1.3421 0.053 -2.24 -5.194 0.053 0.045 3.058 5451.5 3.7422 13.818576 1.660098 14.586444 12.926346 24.46 3.59 705.239929 757.200745 55913.47312 113.21 19991.0 140.04 53533.0 313.58 "" "" 0.0035248316773855695 0.008101384 0.007398121 0.015499505 97.8061338791 9.75164916198 729.682556 -2.24 -5.194 1.0
97.81657984101 9.82556975925 0.0214 0.0234 5.3548 "" "" 3327287838248209536 633.949219 1.5439 0.0265 -2.099 -5.148 0.023 0.02 1.027 7177.1 4.0955 14.284803 1.759008 15.129493 13.370484 21.3 6.34 621.439575 644.885559 36393.63118 80.913 12123.0 97.7 35560.0 227.72 "" "" 0.0036631472688992616 0.009184105 0.007913662 0.017097767 97.81657984101 9.82556975925 633.949219 -2.099 -5.147999999999999 1.0
97.77994443857 9.96346622217 0.0245 0.0259 3.2299 "" "" 3327307560737421568 659.819153 1.47 0.0315 -1.699 -4.996 0.028 0.024 1.116 "" "" 14.638777 1.915422 15.587603 13.672181 6.15 5.35 648.361328 673.101257 26268.54467 38.602 7950.2 43.926 26933.0 153.14 "" "" 0.003183932267819249 0.0066159824 0.0072384574 0.01385444 97.77994443857 9.96346622217 659.819153 -1.699 -4.996 1.0
97.78315494153 9.85474764418 0.0232 0.0253 3.3381 "" "" 3327288181845002112 660.764587 1.4702 0.0308 -2.159 -5.248 0.026 0.022 0.997 5508.2 4.1301 14.716145 1.867632 15.623932 13.7563 "" "" 647.521667 674.283691 24461.82839 55.623 7688.5 78.001 24925.0 155.44 "" "" 0.003699577279133853 0.011362849 0.0077543524 0.0191172 97.78315494153 9.85474764418 660.764587 -2.1589999999999994 -5.248 1.0
97.78586391693 9.85749890524 0.0384 0.0458 3.1638 "" "" 3327294057360261888 691.233276 1.4145 0.0524 -2.632 -5.741 0.039 0.033 1.042 6099.7 3.7692 14.71624 1.762132 15.464473 13.702341 "" "" 668.978882 713.116272 24459.67037 79.851 8904.9 235.77 26195.0 276.51 "" "" 0.004489455980056188 0.028881514 0.012067923 0.040949438 97.78586391693 9.85749890524 691.233276 -2.632 -5.740999999999999 1.0
97.77711050539 9.92065641926 0.0238 0.0261 0.8909 "" "" 3327295328670571904 632.037354 1.5444 0.0321 -2.262 -5.11 0.026 0.022 1.052 5499.8 3.9144 14.831293 1.889247 15.761847 13.8726 "" "" 619.669617 648.51886 22000.34098 43.568 6771.4 48.121 22393.0 119.24 "" "" 0.0034949680048438066 0.008204783 0.0069071315 0.015111915 97.77711050539 9.92065641926 632.037354 -2.2619999999999996 -5.110000000000001 1.0
97.67620477773 9.85348021687 0.0217 0.0213 7.4227 "" "" 3327300482631359616 629.020996 1.5534 0.0257 -2.401 -5.089 0.026 0.022 0.998 "" "" 14.850373 1.8316 15.745214 13.913614 "" "" 619.71814 637.925781 21617.10556 26.951 6875.9 44.934 21563.0 69.303 "" "" 0.0030698725776948967 0.007624179 0.005143983 0.012768162 97.67620477773 9.85348021687 629.020996 -2.401 -5.089 1.0
97.66969457402 9.71461190546 0.0267 0.0262 13.6555 "" "" 3327285158188888064 637.617737 1.5251 0.0316 -2.263 -5.335 0.033 0.03 1.098 4523.5 4.1566 15.007803 1.639056 15.778533 14.139477 "" "" 625.284668 650.831055 18699.30528 34.237 6668.1 51.281 17513.0 116.39 "" "" 0.0033975779040209346 0.0088036945 0.008145568 0.016949262 97.66969457402 9.71461190546 637.617737 -2.2629999999999995 -5.334999999999999 1.0
97.73121592514 9.58839616244 0.0273 0.0254 19.5957 "" "" 3327210116520384256 622.920532 1.563 0.0296 -2.28 -5.536 0.037 0.031 1.058 4541.8 4.1712 15.180654 1.771696 16.026518 14.254822 "" "" 612.492004 635.388916 15947.2361 41.307 5306.5 54.778 15748.0 112.7 "" "" 0.003937112241283123 0.011549933 0.0086404355 0.02019037 97.73121592514 9.58839616244 622.920532 -2.2800000000000002 -5.536 1.0
97.82949868719 9.71208564118 0.0255 0.0253 12.1394 "" "" 3327282924805729920 657.111755 1.4762 0.0311 -2.013 -5.289 0.033 0.026 1.045 "" "" 15.27353 2.225691 16.389246 14.163555 "" "" 642.591553 673.769836 14639.78122 339.13 3799.4 283.29 17129.0 1013.3 "" "" 0.025301513562067036 0.08100249 0.06433997 0.14534247 97.82949868719 9.71208564118 657.111755 -2.013 -5.289 1.0
97.86176686287 9.84299535812 0.033 0.0352 5.9472 "" "" 3327290896264867840 661.433533 1.4658 0.0432 -1.94 -5.125 0.037 0.031 1.184 "" "" 15.310843 2.490931 16.653595 14.162663 "" "" 641.255127 681.843323 14145.20564 13.587 2978.4 23.994 17143.0 38.474 "" "" 0.0029460837480210374 0.009180943 0.004496811 0.0136777535 97.86176686287 9.84299535812 661.433533 -1.94 -5.124999999999999 1.0
97.77510828735 10.18247476926 0.0301 0.0271 16.3541 "" "" 3327690706179340288 676.605469 1.4467 0.0334 -2.37 -4.804 0.036 0.03 1.033 "" "" 15.472888 1.819662 16.357264 14.537601 "" "" 660.137024 693.252197 12184.04188 26.279 3913.0 31.296 12137.0 80.435 "" "" 0.0036160217685255454 0.009120919 0.008127622 0.017248541 97.77510828735 10.18247476926 676.605469 -2.37 -4.804000000000001 0.9
97.8579681046 10.24695298106 0.0322 0.0294 20.6262 "" "" 3327692836483059712 635.827698 1.5215 0.036 -2.242 -4.72 0.037 0.031 0.966 4143.0 4.2058 15.515769 1.894246 16.44765 14.553405 "" "" 621.949951 651.313049 11712.2228 12.947 3600.5 15.6 11962.0 38.231 "" "" 0.0030053739775931687 0.0054694223 0.0051307892 0.010600211 97.8579681046 10.24695298106 635.827698 -2.2419999999999995 -4.720000000000001 1.0
97.7866295217 9.95453929775 0.068 0.0714 2.6616 "" "" 3327307492017945728 552.434143 1.7962 0.0882 -2.301 -5.199 0.077 0.066 1.998 4883.3 4.2626 15.570286 2.139228 16.609097 14.469869 "" "" 525.796448 581.444641 11138.64687 17.519 3103.0 27.439 12918.0 53.965 "" "" 0.0032415874048221196 0.0099980915 0.0059038973 0.015901988 97.7866295217 9.95453929775 552.434143 -2.301 -5.199000000000001 0.8
97.79708725178 9.74770160537 0.034 0.0336 9.765 "" "" 3327284024318249088 647.593994 1.5075 0.0417 -1.967 -4.972 0.039 0.033 1.147 5629.0 4.3564 15.605528 1.94106 16.553843 14.612782 "" "" 626.619141 665.331482 10782.89715 28.72 3265.0 40.331 11325.0 115.34 "" "" 0.003994307203207199 0.013698746 0.011685766 0.025384512 97.79708725178 9.74770160537 647.593994 -1.967 -4.972000000000001 1.0
97.82556581687 9.51153595793 0.0414 0.0384 24.0235 "" "" 3327205718473862400 660.241516 1.4672 0.0445 -2.068 -5.661 0.054 0.048 1.209 "" "" 15.675523 2.263242 16.84697 14.583728 "" "" 642.461121 678.71521 10109.68806 15.293 2492.5 34.466 11632.0 44.025 "" "" 0.003207689388168109 0.015270501 0.005583027 0.020853529 97.82556581687 9.51153595793 660.241516 -2.0680000000000005 -5.660999999999999 1.0
97.83670681968 9.74604815108 0.0423 0.0416 10.2643 "" "" 3327283612000451456 576.8302 1.6961 0.0514 -1.577 -5.003 0.053 0.044 1.318 9832.4 4.3513 15.762663 2.470087 17.087482 14.617395 "" "" 558.671326 596.599182 9330.00197 26.529 1997.2 25.1 11277.0 82.208 "" "" 0.004137938450833487 0.01392744 0.008770929 0.022698369 97.83670681968 9.74604815108 576.8302 -1.577 -5.003000000000001 0.8
98.11285791102 10.02822666818 0.0352 0.0335 20.4725 "" "" 3327670914970554112 552.542358 1.7652 0.0425 -2.654 -4.795 0.041 0.035 1.061 4328.5 4.5199 15.795761 1.768498 16.653793 14.885295 "" "" 538.655884 564.128601 9049.86796 4.367 2977.8 9.7368 8811.3 21.075 "" "" 0.002804689272148303 0.0045153643 0.0045855767 0.009100941 98.11285791102 10.02822666818 552.542358 -2.654 -4.795 0.9
97.53041510289 10.12015466507 0.0403 0.0397 19.7481 "" "" 3327501727621701248 597.65741 1.6135 0.0499 -1.926 -5.009 0.049 0.044 1.125 "" "" 15.87153 2.31091 17.08585 14.77494 "" "" 581.386658 612.590027 8439.85105 17.896 2000.2 21.848 9754.0 58.115 "" "" 0.0035905394737095896 0.012183198 0.0074920137 0.019675212 97.53041510289 10.12015466507 597.65741 -1.926 -5.0089999999999995 0.9
97.89031003166 10.09605160213 0.0407 0.0393 12.6901 "" "" 3327685513562506368 636.458679 1.527 0.0465 -2.06 -5.147 0.051 0.043 1.072 3661.3 4.1237 15.885065 2.012339 16.894613 14.882275 "" "" 619.682312 653.715881 8335.29132 23.817 2385.5 28.692 8835.8 72.945 "" "" 0.004149259624590856 0.013353622 0.009727625 0.023081247 97.89031003166 10.09605160213 636.458679 -2.06 -5.147 1.0
97.93718775365 10.04291849964 0.0393 0.0381 11.8886 "" "" 3327673320151723648 677.612366 1.434 0.0467 -2.126 -4.874 0.047 0.04 1.09 "" "" 15.992859 2.583846 17.398638 14.814792 "" "" 660.767029 697.738281 7547.50072 7.8698 1499.6 16.687 9402.5 19.458 "" "" 0.002978831981673101 0.012399673 0.0043968377 0.01679651 97.93718775365 10.04291849964 677.612366 -2.126 -4.8740000000000006 1.0
97.80526552481 9.92801216849 0.0416 0.0439 1.4858 "" "" 3327295637908211328 628.911133 1.5462 0.0531 -2.184 -4.923 0.046 0.04 0.991 5393.7 4.2349 16.015154 2.357253 17.263391 14.906138 "" "" 608.643982 648.747253 7394.10339 20.121 1698.5 22.799 8643.8 62.183 "" "" 0.0040399300802424695 0.014838544 0.008677046 0.02351559 97.80526552481 9.92801216849 628.911133 -2.1840000000000006 -4.923 1.0
97.73035816396 9.89615661615 0.0419 0.0435 3.4985 "" "" 3327301028097403520 617.134766 1.5769 0.0533 -2.17 -5.122 0.051 0.041 1.055 "" "" 16.109922 2.262948 17.289614 15.026666 "" "" 601.18396 635.652283 6776.06542 17.862 1657.9 24.445 7735.6 52.548 "" "" 0.003972795458036404 0.01625003 0.008287368 0.024537398 97.73035816396 9.89615661615 617.134766 -2.17 -5.122 1.0
97.75847461341 9.93387880836 0.0436 0.0468 2.2416 "" "" 3327307079701094272 653.955444 1.4987 0.0577 -2.41 -5.225 0.048 0.04 1.046 6702.1 4.3334 16.170708 2.419424 17.472605 15.053181 "" "" 631.923035 674.927185 6407.13393 10.634 1400.8 14.09 7548.9 40.186 "" "" 0.003292268026497097 0.011271712 0.00690581 0.018177522 97.75847461341 9.93387880836 653.955444 -2.41 -5.225 1.0
