Clusters/Collinder_95/Collinder_95_members.tsv
# %ECSV 1.0
# ---
# datatype:
# - name: RA_ICRS_1
#   unit: deg
#   datatype: float64
#   format: '{:15.11f}'
#   description: Right ascension (ICRS) at Ep=2016.0 (ra)
#   meta: !!omap
#   - {ucd: POS_EQ_RA_MAIN}
#   - {width: 15}
#   - {precision: '11'}
# - name: DE_ICRS_1
#   unit: deg
#   datatype: float64
#   format: '{:15.11f}'
#   description: Declination (ICRS) at Ep=2016.0 (dec)
#   meta: !!omap
#   - {ucd: POS_EQ_DEC_MAIN}
#   - {width: 15}
#   - {precision: '11'}
# - name: e_RA_ICRS
#   unit: mas
#   datatype: float64
#   format: '{:7.4f}'
#   description: Standard error of right ascension (ra_error)
#   meta: !!omap
#   - {ucd: ERROR}
#   - {width: 7}
#   - {precision: '4'}
# - name: e_DE_ICRS
#   unit: mas
#   datatype: float64
#   format: '{:7.4f}'
#   description: Standard error of declination (dec_error)
#   meta: !!omap
#   - {ucd: ERROR}
#   - {width: 7}
#   - {precision: '4'}
# - name: _r_1
#   unit: ''
#   datatype: float64
#   format: '{:7.4f}'
#   description: Distance from center (097.78780667000+09.91019418000)[ICRS], at Epoch=J2016.0
#   meta: !!omap
#   - {ucd: POS_ANG_DIST_GENERAL}
#   - {width: 7}
#   - {precision: '4'}
# - name: HIP
#   datatype: int32
#   description: '? HIP cross-id number, van Leeuwen, Cat. I/311 (hip_original_ext_source_id)'
#   meta: !!omap
#   - {ucd: ID_NUMBER}
#   - {width: 6}
#   - values: {'null': -2147483648}
# - name: TYC2
#   datatype: string
#   description: Tycho-2 cross-id name, Hog et al., Cat. I/259 (tyc2_original_ext_source_id)
#   meta: !!omap
#   - {ucd: ID_CROSSID}
#   - {_votable_string_dtype: char}
# - name: Source
#   datatype: int64
#   description: Source identifier, identical to the Gaia-EDR3 source_id (id)
#   meta: !!omap
#   - {ucd: ID_MAIN}
#   - {width: 19}
# - name: rgeo
#   unit: pc
#   datatype: float64
#   format: '{:15.8f}'
#   description: '? Median of the geometric distance posterior (r_med_geo)'
#   meta: !!omap
#   - {ucd: PHYS_DISTANCE_TRUE}
#   - {width: 15}
#   - {precision: '8'}
#   - values: {'null': .nan}
# - name: Plx
#   unit: mas
#   datatype: float64
#   format: '{:9.4f}'
#   description: '? Parallax (parallax)'
#   meta: !!omap
#   - {ucd: POS_PARLX_TRIG}
#   - {width: 9}
#   - {precision: '4'}
#   - values: {'null': .nan}
# - name: e_Plx
#   unit: mas
#   datatype: float32
#   format: '{:7.4f}'
#   description: '? Standard error of parallax (parallax_error)'
#   meta: !!omap
#   - {ucd: ERROR}
#   - {width: 7}
#   - {precision: '4'}
#   - values: {'null': .nan}
# - name: pmRA
#   unit: mas / yr
#   datatype: float64
#   format: '{:9.3f}'
#   description: '? Proper motion in right ascension direction, pmRA*cosDE (pmra)'
#   meta: !!omap
#   - {ucd: POS_EQ_PMRA}
#   - {width: 9}
#   - {precision: '3'}
#   - values: {'null': .nan}
# - name: pmDE
#   unit: mas / yr
#   datatype: float64
#   format: '{:9.3f}'
#   description: '? Proper motion in declination direction (pmdec)'
#   meta: !!omap
#   - {ucd: POS_EQ_PMDEC}
#   - {width: 9}
#   - {precision: '3'}
#   - values: {'null': .nan}
# - name: e_pmRA
#   unit: mas / yr
#   datatype: float32
#   format: '{:6.3f}'
#   description: '? Standard error of proper motion in right ascension direction (pmra_error)'
#   meta: !!omap
#   - {ucd: ERROR}
#   - {width: 6}
#   - {precision: '3'}
#   - values: {'null': .nan}
# - name: e_pmDE
[...]
#         unit: &id001 !astropy.units.Unit {unit: deg}
#         value: !astropy.table.SerializedColumn {name: SkyCoord.dec}
#       distance: !astropy.table.SerializedColumn
#         __class__: astropy.coordinates.distances.Distance
#         unit: !astropy.units.Unit {unit: pc}
#         value: !astropy.table.SerializedColumn {name: SkyCoord.distance}
#       frame: icrs
#       obstime: !astropy.time.Time {format: jyear_str, in_subfmt: '*', jd1: 367701545.0, jd2: 0.0, out_subfmt: '*', precision: 3, scale: tt}
#       pm_dec: !astropy.table.SerializedColumn
#         __class__: astropy.units.quantity.Quantity
#         unit: !astropy.units.Unit {unit: mas / yr}
#         value: !astropy.table.SerializedColumn {name: SkyCoord.pm_dec}
#       pm_ra_cosdec: !astropy.table.SerializedColumn
#         __class__: astropy.units.quantity.Quantity
#         unit: !astropy.units.Unit {unit: mas / yr}
#         value: !astropy.table.SerializedColumn {name: SkyCoord.pm_ra_cosdec}
#       ra: !astropy.table.SerializedColumn
#         __class__: astropy.coordinates.angles.Longitude
#         unit: *id001
#         value: !astropy.table.SerializedColumn {name: SkyCoord.ra}
#         wrap_angle: !astropy.coordinates.Angle
#           unit: *id001
#           value: 360.0
#       representation_type: spherical
# schema: astropy-2.0
RA_ICRS_1 DE_ICRS_1 e_RA_ICRS e_DE_ICRS _r_1 HIP TYC2 Source rgeo Plx e_Plx pmRA pmDE e_pmRA e_pmDE RUWE Teff logg Gmag BP-RP BPmag RPmag RV e_RV b_rgeo B_rgeo FG e_FG FBP e_FBP FRP e_FRP RAVE5 RAVE6 e_Gmag e_BPmag e_RPmag e_BP-RP SkyCoord.ra SkyCoord.dec SkyCoord.distance SkyCoord.pm_ra_cosdec SkyCoord.pm_dec Pmemb
[from data line 41]
97.7468141271 9.87776354034 0.0607 0.0606 3.1076 "" "" 3327289212637155200 592.920227 1.6538 0.0746 -1.863 -5.093 0.074 0.061 1.53 3842.0 4.0316 16.24327 2.673226 17.706457 15.033231 "" "" 567.103271 614.265076 5992.919 11.581 1129.4 22.34 7688.9 36.775 "" "" 0.0034632254040297718 0.0216568 0.0064226384 0.028079439 97.7468141271 9.87776354034 592.920227 -1.8630000000000004 -5.092999999999999 1.0
97.68231773597 10.12212928598 0.0555 0.0476 14.1615 "" "" 3327314913721408512 605.111084 1.6203 0.0639 -2.344 -4.813 0.062 0.047 0.974 4627.7 4.2197 16.245861 2.174003 17.35486 15.180858 "" "" 582.738953 630.797913 5978.63686 21.734 1561.3 30.241 6711.4 77.26 "" "" 0.00481354493964002 0.021214036 0.013057642 0.03427168 97.68231773597 10.12212928598 605.111084 -2.344 -4.813 0.8
97.56614048537 9.6599240871 0.0443 0.0415 19.9315 "" "" 3327261239514283776 660.301392 1.4832 0.0505 -2.411 -5.647 0.058 0.049 1.041 "" "" 16.261148 2.632058 17.713182 15.081124 "" "" 641.695801 683.204529 5895.04343 8.9396 1122.4 12.044 7357.1 33.52 "" "" 0.003209777618696788 0.011980022 0.0062252916 0.018205315 97.56614048537 9.6599240871 660.301392 -2.411 -5.647000000000001 1.0
97.76531907791 9.74559752873 0.0424 0.0419 9.9649 "" "" 3327284127396602240 646.932495 1.5264 0.0513 -1.915 -5.068 0.051 0.043 0.888 3785.4 4.163 16.26404 2.216191 17.402313 15.186122 "" "" 627.616943 666.740662 5879.36626 14.983 1494.5 28.693 6679.0 43.171 "" "" 0.0039048037586877776 0.021031024 0.007970831 0.029001854 97.76531907791 9.74559752873 646.932495 -1.9150000000000003 -5.067999999999999 1.0
97.84099733255 10.12867307087 0.0491 0.0484 13.4802 "" "" 3327686617370472448 627.169373 1.5722 0.0626 -1.849 -4.801 0.062 0.046 1.013 3635.5 4.0114 16.298107 2.308845 17.508478 15.199633 "" "" 601.049622 653.091003 5697.75401 14.137 1355.3 24.49 6596.4 48.986 "" "" 0.0038534097148824682 0.019816447 0.00890469 0.028721137 97.84099733255 10.12867307087 627.169373 -1.849 -4.801 0.8
97.74427133772 9.73291296388 0.0452 0.0451 10.9438 "" "" 3327282615568150016 628.527832 1.5709 0.056 -1.975 -5.485 0.052 0.046 1.014 6171.5 4.3967 16.315516 2.25588 17.477184 15.221304 "" "" 609.478333 650.832947 5607.13052 13.405 1394.9 22.28 6466.0 84.98 "" "" 0.0037854090885323503 0.017564913 0.014761407 0.03232632 97.74427133772 9.73291296388 628.527832 -1.9749999999999996 -5.485 1.0
97.89103900083 10.04099882904 0.0471 0.0485 9.9403 "" "" 3327309794120348672 665.87085 1.4666 0.0602 -2.07 -5.186 0.059 0.046 0.866 "" "" 16.344042 2.392121 17.617111 15.22499 "" "" 643.265198 689.021545 5461.72652 13.343 1226.2 11.377 6444.1 57.22 "" "" 0.003824565448688535 0.010453003 0.010355066 0.020808069 97.89103900083 10.04099882904 665.87085 -2.07 -5.186 0.9
97.67131066071 9.57965206924 0.052 0.0487 20.9949 "" "" 3327257150705377408 674.713013 1.4354 0.0562 -1.854 -5.361 0.071 0.064 1.131 "" "" 16.362688 2.568561 17.772995 15.204434 "" "" 655.195618 696.892944 5368.72778 5.1584 1062.2 7.0757 6567.3 18.931 "" "" 0.002946193710005258 0.0077520227 0.0049070483 0.012659071 97.67131066071 9.57965206924 674.713013 -1.8540000000000003 -5.360999999999999 1.0
97.70068549811 9.76780479349 0.0467 0.0456 9.9757 "" "" 3327285914102311680 589.559753 1.6676 0.0551 -2.227 -5.44 0.054 0.047 1.089 "" "" 16.363934 2.168747 17.447775 15.279028 "" "" 573.568298 611.985657 5362.57776 28.346 1433.2 37.657 6131.2 61.784 "" "" 0.006366228103641749 0.028663592 0.011575319 0.04023891 97.70068549811 9.76780479349 589.559753 -2.2269999999999994 -5.44 1.0
97.94933925588 9.63960120703 0.0549 0.0491 18.8367 "" "" 3327234889891450624 631.957275 1.5571 0.067 -2.408 -5.287 0.065 0.05 1.047 3555.8 4.0014 16.370035 2.616729 17.803146 15.186418 "" "" 608.369812 659.037781 5332.51872 7.5698 1033.1 10.292 6677.1 24.116 "" "" 0.0031570993227620515 0.011170452 0.0054462044 0.016616657 97.94933925588 9.63960120703 631.957275 -2.408 -5.287 0.9
97.689407205 9.77811731231 0.0487 0.0485 9.8304 "" "" 3327285982821788288 682.374939 1.4122 0.0587 -2.245 -5.404 0.058 0.049 1.073 "" "" 16.379906 2.705748 17.890179 15.184431 "" "" 656.61261 708.318726 5284.26745 4.614 953.55 16.741 6689.4 15.739 "" "" 0.0029138513292583175 0.019264849 0.0045617376 0.023826586 97.689407205 9.77811731231 682.374939 -2.245 -5.403999999999999 1.0
97.95131475881 9.8859481867 0.0551 0.055 9.7733 "" "" 3327292717330885504 666.829285 1.4655 0.0639 -2.142 -5.072 0.063 0.052 1.066 3858.3 4.1327 16.38418 2.344915 17.625341 15.280426 "" "" 638.980896 697.788147 5263.50131 8.6671 1217.0 10.381 6123.3 28.581 "" "" 0.0032845218280986737 0.009672492 0.0063218614 0.015994353 97.95131475881 9.8859481867 666.829285 -2.142 -5.072000000000001 0.9
97.82561805894 10.29161304201 0.0605 0.0552 22.9939 "" "" 3327880852972917760 636.34198 1.5301 0.0651 -2.657 -4.988 0.068 0.055 1.116 3638.7 4.0068 16.438675 2.728602 17.937086 15.208484 "" "" 613.829956 669.900757 5005.8359 5.2293 913.23 17.518 6542.8 29.595 "" "" 0.002979632277296872 0.02101316 0.006196988 0.027210146 97.82561805894 10.29161304201 636.34198 -2.657 -4.988 0.8
97.90773081793 10.11165873257 0.0564 0.0571 14.0117 "" "" 3327685655297781376 642.249329 1.5378 0.0697 -2.169 -4.989 0.068 0.055 1.019 3538.1 3.9877 16.49155 2.671744 17.963366 15.291621 "" "" 609.912537 675.394165 4767.89785 7.944 891.4 11.65 6060.5 18.716 "" "" 0.0032960947273693174 0.014461558 0.0050523356 0.019513894 97.90773081793 10.11165873257 642.249329 -2.1689999999999996 -4.989 0.9
97.78665191707 9.94025345287 0.0931 0.1144 1.8048 "" "" 3327295706627689856 614.198669 1.5924 0.1202 -2.776 -4.501 0.103 0.098 0.982 5518.9 4.4932 16.508919 2.203221 17.423885 15.220664 "" "" 578.026245 670.776794 4692.22795 32.323 1465.1 86.423 6469.8 185.87 "" "" 0.007970613247801706 0.06410591 0.031420097 0.09552601 97.78665191707 9.94025345287 614.198669 -2.7759999999999994 -4.501 1.0
97.70394872304 9.59851670754 0.0513 0.048 19.3469 "" "" 3327257086282750848 614.186707 1.597 0.0556 -2.489 -5.637 0.07 0.064 0.992 3603.4 4.039 16.519258 2.35294 17.762268 15.409328 "" "" 595.310913 633.375183 4647.75932 20.589 1072.8 25.732 5437.8 53.844 "" "" 0.005542994379877609 0.026191328 0.011395709 0.037587035 97.70394872304 9.59851670754 614.186707 -2.489 -5.637 1.0
97.94522908179 10.13010451235 0.0555 0.0551 16.1435 "" "" 3327685998895142400 641.205566 1.5145 0.0677 -2.161 -4.851 0.063 0.052 1.049 3515.9 3.9751 16.597036 2.715607 18.093836 15.378229 "" "" 617.684875 665.340149 4326.4564 28.347 790.47 28.658 5595.9 111.17 "" "" 0.007628718043455826 0.03946146 0.021898197 0.06135966 97.94522908179 10.13010451235 641.205566 -2.161 -4.850999999999999 0.9
97.8506832091 9.78260921795 0.0666 0.0745 8.5098 "" "" 3327284539713340416 693.56488 1.4176 0.083 -1.834 -5.35 0.07 0.059 1.03 4776.6 4.2676 16.60266 2.395523 17.847914 15.452391 "" "" 659.064331 734.911621 4304.10952 8.7979 991.4 21.466 5226.4 75.876 "" "" 0.0035379616733000278 0.023673583 0.016209295 0.039882876 97.8506832091 9.78260921795 693.56488 -1.8339999999999996 -5.35 1.0
97.78614424855 10.30429448106 0.0613 0.0567 23.6462 "" "" 3327879719101554560 635.803833 1.5694 0.0682 -2.072 -4.536 0.071 0.058 1.038 3559.9 4.0353 16.62607 2.538094 18.003956 15.465862 "" "" 612.440552 658.688782 4212.29603 4.4496 858.69 6.3449 5161.9 16.212 "" "" 0.002984488938259196 0.008493905 0.00509035 0.013584254 97.78614424855 10.30429448106 635.803833 -2.072 -4.5360000000000005 1.0
97.85333145213 9.72817079441 0.055 0.0515 11.5881 "" "" 3327283337122547968 670.417847 1.4625 0.0635 -1.915 -4.941 0.067 0.055 0.966 3768.1 4.1322 16.701656 2.293469 17.888231 15.594762 "" "" 639.670044 703.536865 3929.01951 18.595 955.27 19.712 4584.1 63.011 "" "" 0.00583060547842175 0.022577243 0.015395158 0.0379724 97.85333145213 9.72817079441 670.417847 -1.915 -4.941000000000001 1.0
97.62853235571 9.72903958979 0.0586 0.0527 14.3809 "" "" 3327285398706274176 671.938293 1.4653 0.0646 -2.431 -5.288 0.081 0.069 0.967 3670.0 4.2771 16.712364 2.38671 17.971718 15.585008 "" "" 646.562378 704.270691 3890.45897 11.835 884.56 13.909 4625.5 53.796 "" "" 0.004301250066539973 0.017298834 0.013180902 0.030479737 97.62853235571 9.72903958979 671.938293 -2.431 -5.288 0.9
97.57598103623 9.62619182236 0.0648 0.0541 21.1483 "" "" 3327260865853131904 622.253906 1.5897 0.0717 -2.186 -5.404 0.084 0.067 1.069 "" "" 16.733948 2.43497 18.01675 15.58178 "" "" 594.671936 654.937134 3813.8847 93.496 848.63 85.703 4639.2 336.16 "" "" 0.026758664224866703 0.10968381 0.078764 0.1884478 97.57598103623 9.62619182236 622.253906 -2.1860000000000004 -5.404 0.9
97.69614013016 9.86508005906 0.0531 0.0531 6.0568 "" "" 3327300860588475520 628.492432 1.5606 0.0665 -2.078 -5.383 0.067 0.057 0.961 3923.3 4.2005 16.743042 2.524666 18.077726 15.553061 "" "" 600.172607 652.317871 3782.07139 38.621 802.28 41.604 4763.6 136.04 "" "" 0.011424343713921016 0.056372337 0.031236187 0.08760852 97.69614013016 9.86508005906 628.492432 -2.0779999999999994 -5.383 1.0
97.8267219135 10.16058780306 0.0607 0.0558 15.1985 "" "" 3327689744106657280 666.927551 1.4665 0.0689 -2.054 -4.993 0.072 0.058 1.031 3557.9 4.0656 16.7893 2.874149 18.430155 15.556005 "" "" 642.201416 697.1297 3624.31706 5.1031 579.9 11.71 4750.7 22.73 "" "" 0.0031510029658692517 0.022101248 0.006424121 0.02852537 97.8267219135 10.16058780306 666.927551 -2.054 -4.993 0.9
97.45482959811 9.92516279608 0.0617 0.0566 19.7005 "" "" 3327304434001316096 611.424866 1.5942 0.0665 -2.267 -5.766 0.083 0.069 0.982 3636.8 4.3365 16.81248 2.222281 17.96047 15.73819 "" "" 585.95282 636.712463 3547.75958 26.223 893.78 40.231 4016.8 90.31 "" "" 0.008484964349846748 0.048950955 0.02470152 0.073652476 97.45482959811 9.92516279608 611.424866 -2.2669999999999995 -5.766 1.0
97.85149879042 9.69227408775 0.06 0.0556 13.6067 "" "" 3327235920683642368 644.942383 1.5136 0.0681 -2.443 -5.159 0.075 0.061 1.061 "" "" 16.82992 2.974207 18.534103 15.559896 "" "" 621.015381 684.324646 3491.22995 4.4936 526.96 11.598 4733.7 18.715 "" "" 0.0030894484209831132 0.024058588 0.005719226 0.029777814 97.85149879042 9.69227408775 644.942383 -2.4429999999999996 -5.159 1.0
97.80248205265 9.79878560941 0.0589 0.0598 6.7406 "" "" 3327284745872754176 656.193176 1.4996 0.0742 -2.393 -5.149 0.074 0.062 0.936 5496.2 4.421 16.852196 2.532223 18.172213 15.63999 "" "" 617.494629 699.948181 3420.33507 31.089 735.41 48.254 4397.1 117.87 "" "" 0.01024617643566665 0.071295306 0.029348934 0.10064424 97.80248205265 9.79878560941 656.193176 -2.393 -5.149 1.0
97.82550373211 9.836210787 0.0758 0.087 4.9669 "" "" 3327293713763450752 541.451538 1.8497 0.1103 -2.257 -5.047 0.083 0.069 1.202 4820.8 4.366 16.863728 2.490057 18.183931 15.693874 "" "" 511.81778 573.785828 3384.19594 20.484 727.52 32.892 4184.2 66.144 "" "" 0.0071260220470621746 0.04916659 0.017574545 0.06674114 97.82550373211 9.836210787 541.451538 -2.257 -5.047 1.0
97.81108382514 9.78824646787 0.0786 0.0798 7.4451 "" "" 3327284672859093376 654.428894 1.4914 0.1023 -1.922 -5.4 0.099 0.079 1.062 3550.1 4.1918 16.870878 2.215535 17.8584 15.642865 "" "" 615.660339 696.763855 3361.9844 6.2319 981.88 52.587 4385.4 58.292 "" "" 0.0034120656887046564 0.058216173 0.014918578 0.07313475 97.81108382514 9.78824646787 654.428894 -1.9220000000000002 -5.4 1.0
97.43906300553 9.9331288075 0.0708 0.0642 20.6576 "" "" 3327304502720794624 631.793274 1.5453 0.0792 -2.802 -5.119 0.095 0.078 1.069 3527.0 4.1763 16.913559 3.153956 18.786652 15.632695 "" "" 605.125122 655.451294 3232.38471 4.7818 417.6 13.789 4426.7 16.26 "" "" 0.0031892922376754477 0.035959024 0.005494413 0.041453436 97.43906300553 9.9331288075 631.793274 -2.8019999999999996 -5.119 0.9
97.76618334255 9.68612581531 0.068 0.0623 13.5048 "" "" 3327281546125977600 593.964722 1.6461 0.0778 -2.989 -5.538 0.093 0.079 1.094 3679.1 4.4105 16.920082 1.823824 17.676575 15.852751 "" "" 567.610596 614.870911 3213.02625 2.7875 1160.9 39.571 3614.6 97.451 "" "" 0.0029118803444480243 0.037113953 0.029514836 0.06662879 97.76618334255 9.68612581531 593.964722 -2.9889999999999994 -5.538000000000001 0.8
97.84116718178 9.77693437559 0.0633 0.0688 8.5954 "" "" 3327284505353616640 701.597534 1.395 0.0849 -2.124 -5.137 0.078 0.063 0.981 "" "" 16.92312 2.657875 18.369913 15.712038 "" "" 658.829834 744.194031 3204.04183 13.313 612.99 19.217 4114.7 59.102 "" "" 0.005286175163053521 0.03415158 0.016046528 0.050198108 97.84116718178 9.77693437559 701.597534 -2.124 -5.136999999999999 0.8
97.8400367286 10.28160592122 0.0693 0.0623 22.4973 "" "" 3327693214437330688 676.992249 1.4613 0.0775 -2.377 -4.954 0.078 0.067 0.884 3627.4 4.3557 16.931469 2.380911 18.09859 15.71768 "" "" 638.966736 721.156128 3179.50085 9.9705 787.01 34.854 4093.4 99.995 "" "" 0.0043799493018522795 0.048164453 0.026790664 0.07495512 97.8400367286 10.28160592122 676.992249 -2.377 -4.954000000000001 0.9
97.90155469524 10.02739695978 0.0623 0.0608 9.728 "" "" 3327298043089828736 707.846069 1.3844 0.073 -2.076 -4.948 0.072 0.061 1.105 3553.3 4.0485 16.931576 2.573435 18.328957 15.755522 "" "" 677.64386 748.272278 3179.18805 12.473 636.55 18.557 3953.2 47.798 "" "" 0.005073148195725488 0.03177462 0.013660803 0.045435425 97.90155469524 10.02739695978 707.846069 -2.0760000000000005 -4.948 1.0
