Clusters/Collinder_95/Collinder_95_stars_in_region.tsv
# %ECSV 1.0
# ---
# datatype:
# - name: RA_ICRS_1
#   unit: deg
#   datatype: float64
#   format: '{:15.11f}'
#   description: Right ascension (ICRS) at Ep=2016.0 (ra)
#   meta: !!omap
#   - {ucd: POS_EQ_RA_MAIN}
#   - {width: 15}
#   - {precision: '11'}
# - name: DE_ICRS_1
#   unit: deg
#   datatype: float64
#   format: '{:15.11f}'
#   description: Declination (ICRS) at Ep=2016.0 (dec)
#   meta: !!omap
#   - {ucd: POS_EQ_DEC_MAIN}
#   - {width: 15}
#   - {precision: '11'}
# - name: e_RA_ICRS
#   unit: mas
#   datatype: float64
#   format: '{:7.4f}'
#   description: Standard error of right ascension (ra_error)
#   meta: !!omap
#   - {ucd: ERROR}
#   - {width: 7}
#   - {precision: '4'}
# - name: e_DE_ICRS
#   unit: mas
#   datatype: float64
#   format: '{:7.4f}'
#   description: Standard error of declination (dec_error)
#   meta: !!omap
#   - {ucd: ERROR}
#   - {width: 7}
#   - {precision: '4'}
# - name: _r_1
#   unit: ''
#   datatype: float64
#   format: '{:7.4f}'
#   description: Distance from center (097.78780667000+09.91019418000)[ICRS], at Epoch=J2016.0
#   meta: !!omap
#   - {ucd: POS_ANG_DIST_GENERAL}
#   - {width: 7}
#   - {precision: '4'}
# - name: HIP
#   datatype: int32
#   description: '? HIP cross-id number, van Leeuwen, Cat. I/311 (hip_original_ext_source_id)'
#   meta: !!omap
#   - {ucd: ID_NUMBER}
#   - {width: 6}
#   - values: {'null': -2147483648}
# - name: TYC2
#   datatype: string
#   description: Tycho-2 cross-id name, Hog et al., Cat. I/259 (tyc2_original_ext_source_id)
#   meta: !!omap
#   - {ucd: ID_CROSSID}
#   - {_votable_string_dtype: char}
# - name: Source
#   datatype: int64
#   description: Source identifier, identical to the Gaia-EDR3 source_id (id)
#   meta: !!omap
#   - {ucd: ID_MAIN}
#   - {width: 19}
# - name: rgeo
#   unit: pc
#   datatype: float64
#   format: '{:15.8f}'
#   description: '? Median of the geometric distance posterior (r_med_geo)'
#   meta: !!omap
#   - {ucd: PHYS_DISTANCE_TRUE}
#   - {width: 15}
#   - {precision: '8'}
#   - values: {'null': .nan}
# - name: Plx
#   unit: mas
#   datatype: float64
#   format: '{:9.4f}'
#   description: '? Parallax (parallax)'
#   meta: !!omap
#   - {ucd: POS_PARLX_TRIG}
#   - {width: 9}
#   - {precision: '4'}
#   - values: {'null': .nan}
# - name: e_Plx
#   unit: mas
#   datatype: float32
#   format: '{:7.4f}'
#   description: '? Standard error of parallax (parallax_error)'
#   meta: !!omap
#   - {ucd: ERROR}
#   - {width: 7}
#   - {precision: '4'}
#   - values: {'null': .nan}
# - name: pmRA
#   unit: mas / yr
#   datatype: float64
#   format: '{:9.3f}'
#   description: '? Proper motion in right ascension direction, pmRA*cosDE (pmra)'
#   meta: !!omap
#   - {ucd: POS_EQ_PMRA}
#   - {width: 9}
#   - {precision: '3'}
#   - values: {'null': .nan}
# - name: pmDE
#   unit: mas / yr
#   datatype: float64
#   format: '{:9.3f}'
#   description: '? Proper motion in declination direction (pmdec)'
#   meta: !!omap
#   - {ucd: POS_EQ_PMDEC}
#   - {width: 9}
#   - {precision: '3'}
#   - values: {'null': .nan}
# - name: e_pmRA
#   unit: mas / yr
#   datatype: float32
#   format: '{:6.3f}'
#   description: '? Standard error of proper motion in right ascension direction (pmra_error)'
#   meta: !!omap
#   - {ucd: ERROR}
#   - {width: 6}
#   - {precision: '3'}
#   - values: {'null': .nan}
# - name: e_pmDE
[...]
#         unit: &id001 !astropy.units.Unit {unit: deg}
#         value: !astropy.table.SerializedColumn {name: SkyCoord.dec}
#       distance: !astropy.table.SerializedColumn
#         __class__: astropy.coordinates.distances.Distance
#         unit: !astropy.units.Unit {unit: pc}
#         value: !astropy.table.SerializedColumn {name: SkyCoord.distance}
#       frame: icrs
#       obstime: !astropy.time.Time {format: jyear_str, in_subfmt: '*', jd1: 367701545.0, jd2: 0.0, out_subfmt: '*', precision: 3, scale: tt}
#       pm_dec: !astropy.table.SerializedColumn
#         __class__: astropy.units.quantity.Quantity
#         unit: !astropy.units.Unit {unit: mas / yr}
#         value: !astropy.table.SerializedColumn {name: SkyCoord.pm_dec}
#       pm_ra_cosdec: !astropy.table.SerializedColumn
#         __class__: astropy.units.quantity.Quantity
#         unit: !astropy.units.Unit {unit: mas / yr}
#         value: !astropy.table.SerializedColumn {name: SkyCoord.pm_ra_cosdec}
#       ra: !astropy.table.SerializedColumn
#         __class__: astropy.coordinates.angles.Longitude
#         unit: *id001
#         value: !astropy.table.SerializedColumn {name: SkyCoord.ra}
#         wrap_angle: !astropy.coordinates.Angle
#           unit: *id001
#           value: 360.0
#       representation_type: spherical
# schema: astropy-2.0
RA_ICRS_1 DE_ICRS_1 e_RA_ICRS e_DE_ICRS _r_1 HIP TYC2 Source rgeo Plx e_Plx pmRA pmDE e_pmRA e_pmDE RUWE Teff logg Gmag BP-RP BPmag RPmag RV e_RV b_rgeo B_rgeo FG e_FG FBP e_FBP FRP e_FRP RAVE5 RAVE6 e_Gmag e_BPmag e_RPmag e_BP-RP SkyCoord.ra SkyCoord.dec SkyCoord.distance SkyCoord.pm_ra_cosdec SkyCoord.pm_dec
[from data line 240]
98.53440288325 9.43161609588 0.1526 0.1381 52.674 "" "" 3326465128671541760 670.987671 1.5439 0.1741 1.172 -8.493 0.173 0.144 12.747 5741.3 4.3765 13.195298 0.813728 13.496956 12.683228 11.19 3.61 598.399048 763.618469 99272.13651 87.493 54530.0 56.184 66968.0 55.86 "" "" 0.002916755467535786 0.0030060718 0.003886376 0.006892448 98.53440288325 9.43161609588 670.987671 1.1719999999999997 -8.493000000000002
97.5562979515 10.55485764931 0.0134 0.0119 41.0242 "" "" 3327903251223910016 707.59259 1.374 0.0148 5.06 10.999 0.016 0.013 1.059 5490.7 3.7775 13.200337 1.269057 13.759353 12.490295 70.55 2.79 700.542603 713.640015 98812.47653 16.372 42823.0 32.121 79991.0 32.777 "" "" 0.0027611865015315204 0.0029065944 0.003805477 0.0067120716 97.5562979515 10.55485764931 707.59259 5.0600000000000005 10.999000000000002
98.30255380905 10.00086134064 0.0132 0.0116 30.9024 "" "" 3327622433379620096 586.735413 1.6601 0.0145 -14.331 -8.08 0.017 0.014 1.096 5734.4 4.1873 13.208389 0.892938 13.571964 12.679027 116.29 5.16 582.236206 591.568115 98082.39726 27.965 50890.0 42.163 67228.0 42.528 "" "" 0.0027726554451640763 0.0029315918 0.003841284 0.006772876 98.30255380905 10.00086134064 586.735413 -14.330999999999996 -8.079999999999998
97.58751636033 9.28933169971 0.0119 0.0108 39.0908 "" "" 3327196166467042304 735.756714 1.32 0.0136 -2.748 8.615 0.015 0.012 0.94 6218.1 4.0954 13.208771 0.768226 13.510645 12.742419 69.87 3.8 726.822998 743.915161 98047.94977 24.373 53847.0 44.135 63415.0 41.791 "" "" 0.002768507303308634 0.0029286493 0.0038465152 0.0067751645 97.58751636033 9.28933169971 735.756714 -2.748 8.614999999999998
97.12349609867 10.64991759467 0.0135 0.0149 59.2282 "" "" 3327591092999685760 648.035583 1.4996 0.0177 7.997 7.106 0.016 0.014 0.988 6012.3 4.2712 13.216186 0.779802 13.523474 12.743671 15.44 3.81 640.20636 655.080444 97380.58448 26.013 53214.0 35.831 63342.0 37.404 "" "" 0.0027705426535518697 0.0028843556 0.0038333775 0.006717733 97.12349609867 10.64991759467 648.035583 7.997 7.106000000000001
96.97024549188 9.82091234105 0.0119 0.0107 48.6243 "" "" 3327464447305421696 688.440613 1.4096 0.0136 0.634 2.243 0.015 0.015 0.967 6264.5 4.2738 13.222454 0.76457 13.522519 12.757949 9.49 2.72 681.69696 695.264587 96819.97691 23.194 53261.0 37.899 62514.0 24.367 "" "" 0.00276756928315529 0.0028951557 0.0038030026 0.0066981586 96.97024549188 9.82091234105 688.440613 0.6340000000000001 2.243
98.59405048567 9.98797412727 0.0121 0.0108 47.8751 "" "" 3327613912164377216 610.737122 1.5921 0.0136 11.123 -0.546 0.015 0.013 0.991 5634.1 4.1992 13.231544 0.89193 13.597708 12.705778 -25.17 2.22 604.385803 617.786499 96012.88429 22.69 49697.0 34.143 65591.0 30.452 "" "" 0.0027672413454043654 0.0028881575 0.0038128493 0.0067010066 98.59405048567 9.98797412727 610.737122 11.123000000000001 -0.546
98.15920672139 10.24744866217 0.0123 0.0115 29.8468 "" "" 3327682769080139008 669.193115 1.4518 0.0139 4.316 -8.031 0.017 0.015 0.989 6036.4 4.2856 13.231705 0.791499 13.54592 12.754421 28.57 3.39 663.35022 675.231567 95998.60806 24.914 52125.0 68.641 62718.0 34.304 "" "" 0.0027696907199391617 0.0031351633 0.003825753 0.0069609163 98.15920672139 10.24744866217 669.193115 4.316 -8.031
97.17918151993 9.23929312153 0.0116 0.0115 54.0093 "" "" 3327150124416620544 770.724976 1.256 0.014 1.501 -7.727 0.014 0.012 0.964 5878.7 4.1512 13.239039 0.848657 13.579153 12.730496 85.23 5.74 763.912781 778.725098 95352.29747 27.716 50554.0 62.684 64115.0 32.064 "" "" 0.002773334933957361 0.0030979726 0.0038181872 0.0069161598 97.17918151993 9.23929312153 770.724976 1.501 -7.727
97.36066785774 10.06683535563 0.0469 0.0452 26.9329 "" "" 3327496809878649728 708.66748 1.3787 0.0452 -5.116 -4.018 0.061 0.052 3.868 6198.5 4.1942 13.241846 0.935277 13.623717 12.68844 14.55 3.83 683.831665 748.999695 95106.0983 20.42 48521.0 44.061 66647.0 33.373 "" "" 0.0027651640769479724 0.002959243 0.0038182861 0.006777529 97.36066785774 10.06683535563 708.66748 -5.115999999999999 -4.017999999999999
97.41191337211 10.51184116736 0.0169 0.0162 42.3769 "" "" 3327902121651035008 594.370667 1.6433 0.0217 -2.47 0.587 0.021 0.016 1.277 5658.1 4.2913 13.244699 0.829268 13.576179 12.746911 6.42 4.96 585.995911 601.891296 94856.51458 51.75 50693.0 91.688 63153.0 81.561 "" "" 0.002818270805500518 0.0034119508 0.004031119 0.0074430695 97.41191337211 10.51184116736 594.370667 -2.47 0.587
97.25101554732 9.36447851594 0.0117 0.0115 45.6107 "" "" 3327155828133117312 791.63916 1.2212 0.0142 0.338 0.031 0.014 0.012 1.02 6375.7 4.2006 13.249031 0.797553 13.564809 12.767256 23.31 4.37 782.625305 799.684753 94478.75271 21.739 51226.0 32.275 61981.0 26.922 "" "" 0.0027666225192045373 0.0028728032 0.0038086919 0.0066814953 97.25101554732 9.36447851594 791.63916 0.33799999999999997 0.031
98.67096102342 10.16223214507 0.0123 0.0114 54.3255 "" "" 3327652498150447488 719.866699 1.3468 0.0135 -0.233 -5.036 0.015 0.013 1.012 5610.0 4.0576 13.257169 0.919823 13.633963 12.71414 22.11 2.88 713.483459 726.970154 93773.32495 26.612 48065.0 31.626 65088.0 36.835 "" "" 0.0027724949912643283 0.0028801756 0.003829004 0.00670918 98.67096102342 10.16223214507 719.866699 -0.23299999999999998 -5.036
97.47016189647 10.19235342128 0.0124 0.012 25.2741 "" "" 3327505335393616256 579.459167 1.6844 0.0147 18.272 -9.058 0.015 0.012 0.963 5587.2 4.3029 13.264968 0.830468 13.594008 12.76354 -56.77 3.79 575.28418 583.909119 93102.10329 21.205 49867.0 26.178 62193.0 88.1 "" "" 0.0027663949050691656 0.0028477898 0.0040803426 0.0069281324 97.47016189647 10.19235342128 579.459167 18.272 -9.057999999999998
98.1204444907 9.90924503852 0.0118 0.0111 19.6606 "" "" 3327620749752630144 677.010742 1.4282 0.0137 -5.179 -4.354 0.014 0.012 1.038 6206.3 4.3095 13.271096 0.738079 13.560799 12.82272 28.37 3.5 670.450134 684.3396 92578.09143 26.979 51416.0 43.853 58894.0 43.464 "" "" 0.002773427640991868 0.0029398266 0.003863389 0.0068032155 98.1204444907 9.90924503852 677.010742 -5.178999999999999 -4.354
97.26687433887 10.28410412299 0.0139 0.0131 38.0817 "" "" 3327516605387845888 672.570984 1.4414 0.0155 -7.06 -0.481 0.016 0.013 0.975 6558.4 4.3172 13.280431 0.793459 13.592484 12.799026 15.68 6.87 665.863647 678.853577 91785.56518 26.402 49937.0 27.199 60193.0 30.849 "" "" 0.0027729636347358583 0.00285215 0.003820125 0.0066722753 97.26687433887 10.28410412299 672.570984 -7.0600000000000005 -0.48100000000000004
97.29122446081 10.13323527499 0.0166 0.0143 32.2482 "" "" 3327511417067410944 679.852478 1.4297 0.016 4.68 4.752 0.022 0.018 1.1 5342.4 3.8196 13.28646 1.239939 13.830282 12.590343 136.51 1.89 672.32843 687.528687 91277.29075 15.52 40115.0 26.154 72949.0 28.626 "" "" 0.002761497773790956 0.0028785644 0.003803321 0.0066818856 97.29122446081 10.13323527499 679.852478 4.679999999999999 4.752000000000001
98.21227444194 10.2061383754 0.0126 0.0117 30.7268 "" "" 3327681703928246400 685.983154 1.4125 0.0143 3.152 -2.767 0.017 0.014 1.089 7199.2 4.0545 13.291405 1.34085 13.885075 12.544225 49.92 6.36 680.099792 693.333008 90862.50207 14.724 38141.0 43.463 76115.0 31.099 "" "" 0.0027609318000492494 0.003052179 0.0038053275 0.0068575065 98.21227444194 10.2061383754 685.983154 3.152 -2.7669999999999995
98.5714740554 9.64340308552 0.0129 0.0119 49.0241 "" "" 3326848411553340672 572.836365 1.7037 0.0147 -12.937 5.999 0.018 0.015 0.935 5849.0 4.3696 13.292146 0.75364 13.58747 12.83383 79.14 3.94 568.596558 577.232361 90800.57273 20.56 50168.0 33.629 58294.0 48.65 "" "" 0.0027662661574639285 0.002883529 0.0038864857 0.0067700148 98.5714740554 9.64340308552 572.836365 -12.937 5.999
98.02646702674 10.03679826711 0.0713 0.072 16.0189 "" "" 3327672766099425664 624.328491 1.5738 0.093 -1.528 -4.834 0.084 0.067 6.331 "" "" 13.301028 1.29047 13.8613 12.57083 6.89 4.45 590.663452 671.581177 90060.72952 82.771 38985.0 121.01 74272.0 195.51 "" "" 0.002930444035395278 0.0043752594 0.004738366 0.009113626 98.02646702674 10.03679826711 624.328491 -1.5280000000000002 -4.834
97.49005057282 8.9744878083 0.0158 0.0151 58.8434 "" "" 3327083432166211456 541.341187 1.8029 0.0183 9.264 -6.387 0.019 0.016 1.201 5668.3 4.3328 13.302759 0.841637 13.640141 12.798504 39.76 2.53 535.588501 547.058594 89917.23626 33.206 47793.0 34.972 60222.0 34.528 "" "" 0.0027843412169647743 0.0029010756 0.0038303048 0.0067313807 97.49005057282 8.9744878083 541.341187 9.263999999999998 -6.387
97.58519040763 9.30031839819 0.015 0.0136 38.5057 "" "" 3327196235186512640 661.529236 1.4666 0.0176 6.18 -5.091 0.018 0.015 1.174 5773.0 4.1687 13.306662 0.832971 13.640158 12.807187 30.59 2.81 655.246887 668.972351 89594.68048 19.554 47792.0 35.042 59742.0 33.155 "" "" 0.0027654909394265828 0.002901516 0.0038271132 0.006728629 97.58519040763 9.30031839819 661.529236 6.18 -5.091
97.56198947141 9.80840154168 0.0143 0.0126 14.6798 "" "" 3327298627205538304 610.078735 1.5974 0.0157 2.417 -2.51 0.018 0.014 0.995 5552.9 4.2901 13.311682 0.896601 13.680147 12.783546 68.68 4.27 604.463135 615.24054 89181.38154 20.402 46064.0 49.004 61058.0 42.421 "" "" 0.0027664930510853526 0.0030197927 0.0038539257 0.0068737185 97.56198947141 9.80840154168 610.078735 2.417 -2.5099999999999993
98.64956206797 10.08897451878 0.0132 0.012 52.0374 "" "" 3327650123031963648 722.67865 1.3371 0.0147 -2.585 -4.684 0.016 0.014 1.035 6262.2 4.2605 13.315124 0.734762 13.602764 12.868002 10.36 5.4 716.078308 730.646484 88899.05388 32.421 49466.0 59.142 56488.0 34.647 "" "" 0.0027836262972179473 0.0030773615 0.0038376034 0.006914965 98.64956206797 10.08897451878 722.67865 -2.585 -4.684000000000001
96.98502952647 10.45767916728 0.0133 0.0132 57.6762 "" "" 3327570206579735424 705.222351 1.3752 0.0158 -1.637 -4.86 0.017 0.014 0.935 6179.6 4.307 13.317985 0.769333 13.622121 12.852788 21.87 2.81 697.916809 711.797363 88665.11701 24.709 48592.0 28.264 57285.0 31.984 "" "" 0.0027718835374060543 0.0028607477 0.0038276894 0.0066884374 96.98502952647 10.45767916728 705.222351 -1.6370000000000002 -4.859999999999999
97.44678694129 9.01896724218 0.0122 0.0111 57.1556 "" "" 3327084531676677760 768.096313 1.2581 0.0136 2.038 -1.793 0.014 0.012 1.085 6131.7 4.2186 13.320566 0.783744 13.632048 12.848304 -0.95 3.52 762.26709 777.770386 88454.58362 26.842 48150.0 27.723 57522.0 30.667 "" "" 0.0027749488932400173 0.0028593412 0.0038234524 0.0066827936 97.44678694129 9.01896724218 768.096313 2.0380000000000003 -1.7929999999999997
96.96530191698 10.24120864742 0.0545 0.0504 52.4915 "" "" 3327539690832741248 599.962769 1.6357 0.0642 -1.305 -8.358 0.079 0.061 3.977 5940.2 4.3714 13.321469 0.776986 13.629514 12.852528 21.11 4.03 572.719604 628.092285 88381.05544 22.633 48263.0 26.86 57299.0 43.95 "" "" 0.002769313204626618 0.0028548494 0.0038700476 0.006724897 96.96530191698 10.24120864742 599.962769 -1.3050000000000002 -8.357999999999999
98.68177629952 9.79548883981 0.0141 0.0125 53.2933 "" "" 3326855936335978496 734.933533 1.3185 0.0159 4.246 -6.78 0.018 0.014 1.014 5459.6 4.1762 13.321644 0.936673 13.706528 12.769855 34.58 2.97 725.714783 742.84552 88366.80507 20.019 44958.0 39.892 61832.0 35.223 "" "" 0.002766277165574222 0.0029518085 0.003829656 0.0067814644 98.68177629952 9.79548883981 734.933533 4.2459999999999996 -6.779999999999999
96.92790959738 10.02941506219 0.0131 0.0115 51.3157 "" "" 3327487708848191232 648.274109 1.5035 0.0144 0.391 -3.537 0.018 0.016 1.045 5882.1 4.3387 13.328291 0.762758 13.629356 12.866598 6.87 3.72 642.860474 654.794006 87827.49568 22.512 48270.0 41.121 56561.0 39.082 "" "" 0.0027693389800813157 0.0029394813 0.0038531215 0.006792603 96.92790959738 10.02941506219 648.274109 0.391 -3.537
97.12505445679 9.63702800521 0.0127 0.0112 42.4774 "" "" 3327269387068378880 742.196899 1.3034 0.0137 -4.429 -11.027 0.015 0.013 0.977 5778.8 4.0242 13.330137 0.900196 13.608718 12.708522 4.67 4.14 733.859131 750.019775 87678.25897 28.199 49196.0 607.28 65426.0 974.81 "" "" 0.002777359440242205 0.013689782 0.016612468 0.030302249 97.12505445679 9.63702800521 742.196899 -4.429000000000001 -11.027
98.50452273536 9.26681742275 0.0127 0.0128 57.3418 "" "" 3326449666789338240 615.697937 1.5828 0.0156 -4.516 -0.711 0.015 0.013 0.969 6141.1 4.4706 13.341449 0.756089 13.636896 12.880807 17.71 3.54 610.411621 621.155457 86769.50832 36.143 47936.0 51.227 55826.0 49.897 "" "" 0.0027921894839095344 0.0030218023 0.0039019806 0.0069237826 98.50452273536 9.26681742275 615.697937 -4.515999999999998 -0.7110000000000001
98.15899937497 9.44980287398 0.0198 0.0197 35.2853 "" "" 3327213689932877696 809.018372 1.1905 0.0242 -1.179 -3.03 0.023 0.02 1.674 5555.8 4.1123 13.343687 0.97207 13.74717 12.775101 63.05 2.58 792.305603 821.561523 86590.83491 21.568 43306.0 33.606 61534.0 45.247 "" "" 0.002768559964933166 0.0029146064 0.0038627847 0.006777391 98.15899937497 9.44980287398 809.018372 -1.1790000000000003 -3.0299999999999994
98.47315066347 9.5924617388 0.013 0.0126 44.7865 "" "" 3326846521767778816 606.609375 1.604 0.0159 0.2 -1.921 0.017 0.015 1.033 5856.2 4.2963 13.343904 0.763606 13.646063 12.882457 48.52 2.76 601.996887 611.319824 86573.53787 27.704 47533.0 63.613 55741.0 45.121 "" "" 0.0027771397087787875 0.0031458463 0.0038802258 0.007026072 98.47315066347 9.5924617388 606.609375 0.2 -1.9209999999999998
98.17962506581 9.17275084789 0.0133 0.0116 49.9524 "" "" 3326431249969744128 738.870544 1.3112 0.0145 -5.576 -9.196 0.016 0.013 1.049 5641.4 4.168 13.346155 0.834348 13.677198 12.842851 19.12 3.15 731.476562 747.862488 86394.21668 22.053 46189.0 37.325 57812.0 59.763 "" "" 0.0027692235091820515 0.002924865 0.003942519 0.006867384 98.17962506581 9.17275084789 738.870544 -5.576 -9.196
98.65131340607 9.39772162291 0.0152 0.0144 59.6177 "" "" 3326452553007274880 795.013489 1.2204 0.0185 4.127 -1.972 0.018 0.015 1.217 6328.4 4.0124 13.348591 0.877336 13.689551 12.812215 13.99 4.12 784.117554 806.747986 86200.61217 26.251 45666.0 38.112 59466.0 36.042 "" "" 0.0027750881843761534 0.0029336205 0.003836244 0.006769865 98.65131340607 9.39772162291 795.013489 4.126999999999999 -1.9720000000000002
96.91823819506 9.47865163191 0.0149 0.0144 57.5791 "" "" 3327172561325773312 655.042969 1.4833 0.0186 -1.14 -3.778 0.016 0.014 1.024 5987.2 4.3321 13.36736 0.767907 13.670414 12.902507 15.97 3.46 647.945068 663.400085 84723.26703 29.7 46478.0 31.52 54721.0 28.349 "" "" 0.0027814837688543426 0.00288569 0.0038210093 0.0067066993 96.91823819506 9.47865163191 655.042969 -1.1399999999999997 -3.778
97.41921127124 9.4725008722 0.0131 0.0121 34.1308 "" "" 3327249149182444672 599.546448 1.623 0.0154 -9.065 -6.249 0.016 0.013 1.042 6040.4 4.3541 13.371494 0.780963 13.680783 12.89982 18.06 3.36 592.778503 604.535583 84401.24552 22.812 46037.0 45.037 54857.0 26.826 "" "" 0.00277090313170265 0.002985501 0.0038164943 0.0068019954 97.41921127124 9.4725008722 599.546448 -9.064999999999998 -6.2490000000000006
98.27925343751 9.29838163905 0.014 0.0118 46.8273 "" "" 3326457363370802560 789.797852 1.2221 0.0151 6.602 -7.043 0.016 0.013 0.981 5629.1 4.122 13.375597 0.86508 13.712953 12.847873 -8.89 5.83 779.358459 801.347534 84082.97205 25.648 44693.0 46.039 57545.0 38.397 "" "" 0.002775152691071342 0.0030059847 0.0038481902 0.0068541747 98.27925343751 9.29838163905 789.797852 6.602 -7.043000000000001
98.24422760787 9.53833487617 0.0125 0.0126 35.0194 "" "" 3327220664959599616 778.257202 1.2396 0.015 -1.607 -12.411 0.014 0.013 1.033 6358.6 4.173 13.378524 0.803608 13.69798 12.894372 -11.27 3.79 768.359741 787.261292 83856.60022 20.222 45313.0 27.636 55133.0 38.809 "" "" 0.0027677322400416825 0.00286767 0.0038558827 0.006723553 98.24422760787 9.53833487617 778.257202 -1.607 -12.411
