Clusters/Collinder_95/Collinder_95_stars_in_region.tsv
# %ECSV 1.0
# ---
# datatype:
# - name: RA_ICRS_1
#   unit: deg
#   datatype: float64
#   format: '{:15.11f}'
#   description: Right ascension (ICRS) at Ep=2016.0 (ra)
#   meta: !!omap
#   - {ucd: POS_EQ_RA_MAIN}
#   - {width: 15}
#   - {precision: '11'}
# - name: DE_ICRS_1
#   unit: deg
#   datatype: float64
#   format: '{:15.11f}'
#   description: Declination (ICRS) at Ep=2016.0 (dec)
#   meta: !!omap
#   - {ucd: POS_EQ_DEC_MAIN}
#   - {width: 15}
#   - {precision: '11'}
# - name: e_RA_ICRS
#   unit: mas
#   datatype: float64
#   format: '{:7.4f}'
#   description: Standard error of right ascension (ra_error)
#   meta: !!omap
#   - {ucd: ERROR}
#   - {width: 7}
#   - {precision: '4'}
# - name: e_DE_ICRS
#   unit: mas
#   datatype: float64
#   format: '{:7.4f}'
#   description: Standard error of declination (dec_error)
#   meta: !!omap
#   - {ucd: ERROR}
#   - {width: 7}
#   - {precision: '4'}
# - name: _r_1
#   unit: ''
#   datatype: float64
#   format: '{:7.4f}'
#   description: Distance from center (097.78780667000+09.91019418000)[ICRS], at Epoch=J2016.0
#   meta: !!omap
#   - {ucd: POS_ANG_DIST_GENERAL}
#   - {width: 7}
#   - {precision: '4'}
# - name: HIP
#   datatype: int32
#   description: '? HIP cross-id number, van Leeuwen, Cat. I/311 (hip_original_ext_source_id)'
#   meta: !!omap
#   - {ucd: ID_NUMBER}
#   - {width: 6}
#   - values: {'null': -2147483648}
# - name: TYC2
#   datatype: string
#   description: Tycho-2 cross-id name, Hog et al., Cat. I/259 (tyc2_original_ext_source_id)
#   meta: !!omap
#   - {ucd: ID_CROSSID}
#   - {_votable_string_dtype: char}
# - name: Source
#   datatype: int64
#   description: Source identifier, identical to the Gaia-EDR3 source_id (id)
#   meta: !!omap
#   - {ucd: ID_MAIN}
#   - {width: 19}
# - name: rgeo
#   unit: pc
#   datatype: float64
#   format: '{:15.8f}'
#   description: '? Median of the geometric distance posterior (r_med_geo)'
#   meta: !!omap
#   - {ucd: PHYS_DISTANCE_TRUE}
#   - {width: 15}
#   - {precision: '8'}
#   - values: {'null': .nan}
# - name: Plx
#   unit: mas
#   datatype: float64
#   format: '{:9.4f}'
#   description: '? Parallax (parallax)'
#   meta: !!omap
#   - {ucd: POS_PARLX_TRIG}
#   - {width: 9}
#   - {precision: '4'}
#   - values: {'null': .nan}
# - name: e_Plx
#   unit: mas
#   datatype: float32
#   format: '{:7.4f}'
#   description: '? Standard error of parallax (parallax_error)'
#   meta: !!omap
#   - {ucd: ERROR}
#   - {width: 7}
#   - {precision: '4'}
#   - values: {'null': .nan}
# - name: pmRA
#   unit: mas / yr
#   datatype: float64
#   format: '{:9.3f}'
#   description: '? Proper motion in right ascension direction, pmRA*cosDE (pmra)'
#   meta: !!omap
#   - {ucd: POS_EQ_PMRA}
#   - {width: 9}
#   - {precision: '3'}
#   - values: {'null': .nan}
# - name: pmDE
#   unit: mas / yr
#   datatype: float64
#   format: '{:9.3f}'
#   description: '? Proper motion in declination direction (pmdec)'
#   meta: !!omap
#   - {ucd: POS_EQ_PMDEC}
#   - {width: 9}
#   - {precision: '3'}
#   - values: {'null': .nan}
# - name: e_pmRA
#   unit: mas / yr
#   datatype: float32
#   format: '{:6.3f}'
#   description: '? Standard error of proper motion in right ascension direction (pmra_error)'
#   meta: !!omap
#   - {ucd: ERROR}
#   - {width: 6}
#   - {precision: '3'}
#   - values: {'null': .nan}
# - name: e_pmDE
[...]
#         unit: &id001 !astropy.units.Unit {unit: deg}
#         value: !astropy.table.SerializedColumn {name: SkyCoord.dec}
#       distance: !astropy.table.SerializedColumn
#         __class__: astropy.coordinates.distances.Distance
#         unit: !astropy.units.Unit {unit: pc}
#         value: !astropy.table.SerializedColumn {name: SkyCoord.distance}
#       frame: icrs
#       obstime: !astropy.time.Time {format: jyear_str, in_subfmt: '*', jd1: 367701545.0, jd2: 0.0, out_subfmt: '*', precision: 3, scale: tt}
#       pm_dec: !astropy.table.SerializedColumn
#         __class__: astropy.units.quantity.Quantity
#         unit: !astropy.units.Unit {unit: mas / yr}
#         value: !astropy.table.SerializedColumn {name: SkyCoord.pm_dec}
#       pm_ra_cosdec: !astropy.table.SerializedColumn
#         __class__: astropy.units.quantity.Quantity
#         unit: !astropy.units.Unit {unit: mas / yr}
#         value: !astropy.table.SerializedColumn {name: SkyCoord.pm_ra_cosdec}
#       ra: !astropy.table.SerializedColumn
#         __class__: astropy.coordinates.angles.Longitude
#         unit: *id001
#         value: !astropy.table.SerializedColumn {name: SkyCoord.ra}
#         wrap_angle: !astropy.coordinates.Angle
#           unit: *id001
#           value: 360.0
#       representation_type: spherical
# schema: astropy-2.0
RA_ICRS_1 DE_ICRS_1 e_RA_ICRS e_DE_ICRS _r_1 HIP TYC2 Source rgeo Plx e_Plx pmRA pmDE e_pmRA e_pmDE RUWE Teff logg Gmag BP-RP BPmag RPmag RV e_RV b_rgeo B_rgeo FG e_FG FBP e_FBP FRP e_FRP RAVE5 RAVE6 e_Gmag e_BPmag e_RPmag e_BP-RP SkyCoord.ra SkyCoord.dec SkyCoord.distance SkyCoord.pm_ra_cosdec SkyCoord.pm_dec
[from data line 1345]
96.83405016045 10.19704316979 0.0565 0.053 58.9165 "" "" 3327540691564701440 565.857666 1.774 0.0641 -2.293 -2.11 0.077 0.069 1.046 4266.0 4.5612 16.818361 1.778038 17.68572 15.907682 "" "" 547.369812 587.492126 3528.59707 2.7442 1151.1 23.471 3436.3 12.206 "" "" 0.002881799293413928 0.022313364 0.005399743 0.027713107 96.83405016045 10.19704316979 565.857666 -2.293 -2.1099999999999994
97.93290684612 10.16062996938 0.0753 0.0731 17.2997 "" "" 3327686926608068864 670.208008 1.4852 0.0862 -0.809 -5.661 0.085 0.072 1.259 4147.2 4.6578 16.818691 1.984068 17.822811 15.838743 "" "" 631.670593 708.404114 3527.52571 3.1173 1014.6 13.99 3661.5 12.46 "" "" 0.0029175979275777608 0.015228662 0.0052853376 0.020514 97.93290684612 10.16062996938 670.208008 -0.809 -5.661
97.32824540129 9.66661337926 0.0602 0.0563 30.8533 "" "" 3327273132279783168 661.498718 1.5113 0.073 0.016 -2.881 0.079 0.061 0.913 4190.7 4.6862 16.819221 1.744814 17.652962 15.908148 "" "" 622.244812 693.3703 3525.80299 2.9037 1186.4 13.742 3434.8 14.894 "" "" 0.00289677782843071 0.012881818 0.0060372804 0.0189191 97.32824540129 9.66661337926 661.498718 0.015999999999999986 -2.8810000000000002
98.07341105747 9.52456504532 0.0606 0.0656 28.6468 "" "" 3327218019259915776 722.695251 1.3549 0.0849 -0.601 -10.804 0.068 0.058 0.896 3964.9 4.3911 16.82095 1.717304 17.616503 15.899199 "" "" 690.767212 764.226196 3520.19967 2.9103 1226.9 13.296 3463.2 16.102 "" "" 0.0028978473708687657 0.012092495 0.0063060983 0.018398594 98.07341105747 9.52456504532 722.695251 -0.601 -10.804000000000002
97.1727357053 9.65255782611 0.0634 0.0549 39.5167 "" "" 3327270658378678656 792.117676 1.2346 0.0663 5.829 -10.698 0.074 0.06 0.967 4359.0 4.6783 16.824741 1.542158 17.547533 16.005375 "" "" 747.390381 833.035095 3507.92238 3.1901 1307.4 39.063 3140.6 20.52 "" "" 0.0029268896491869115 0.032559812 0.008037914 0.040597726 97.1727357053 9.65255782611 792.117676 5.829 -10.698000000000002
97.80232194528 9.32511262133 0.442 0.4003 35.1154 "" "" 3327190084793149184 619.511719 2.0666 0.4772 -0.142 0.284 0.571 0.473 7.639 4896.3 4.856 16.827345 1.274063 17.281975 16.007912 "" "" 468.478943 1209.78564 3499.52089 34.923 1669.7 10.822 3133.2 15.948 "" "" 0.011179808431348689 0.007570056 0.006695136 0.014265192 97.80232194528 9.32511262133 619.511719 -0.142 0.284
97.78370988237 9.83922634903 0.0579 0.0573 4.265 "" "" 3327288108828747136 690.727356 1.4197 0.0711 -0.743 -6.68 0.07 0.058 1.052 4824.3 4.3978 16.82759 2.099585 17.878696 15.779112 "" "" 656.50708 719.016235 3498.7301 2.7666 963.69 18.135 3868.2 17.87 "" "" 0.0028859797733263126 0.020621333 0.0062802825 0.026901616 97.78370988237 9.83922634903 690.727356 -0.743 -6.68
97.85149879042 9.69227408775 0.06 0.0556 13.6067 "" "" 3327235920683642368 644.942383 1.5136 0.0681 -2.443 -5.159 0.075 0.061 1.061 "" "" 16.82992 2.974207 18.534103 15.559896 "" "" 621.015381 684.324646 3491.22995 4.4936 526.96 11.598 4733.7 18.715 "" "" 0.0030894484209831132 0.024058588 0.005719226 0.029777814 97.85149879042 9.69227408775 644.942383 -2.4429999999999996 -5.159
97.06479551887 10.2822978332 0.0598 0.0545 48.1924 "" "" 3327562853595778176 638.083801 1.5163 0.0678 -2.723 -4.871 0.08 0.062 1.006 4317.1 4.6707 16.83569 1.786665 17.71252 15.925856 "" "" 612.898987 664.318481 3472.72918 4.9371 1123.1 13.129 3379.2 21.137 "" "" 0.003158225196214848 0.012995286 0.0077721076 0.020767394 97.06479551887 10.2822978332 638.083801 -2.723 -4.871
97.97998787893 10.20594217559 0.065 0.0616 21.0662 "" "" 3327688678954693120 776.895813 1.2277 0.0754 -2.489 -4.858 0.077 0.064 1.06 3523.0 3.9626 16.839102 3.021284 18.581852 15.560568 "" "" 740.135254 825.2229 3461.83258 5.4417 504.28 9.9728 4730.8 22.236 "" "" 0.003241073247012671 0.021652386 0.0063503413 0.028002728 97.97998787893 10.20594217559 776.895813 -2.489 -4.857999999999999
98.27800742012 10.1912220896 0.067 0.0641 33.5117 "" "" 3327679917221824640 626.100769 1.5748 0.0842 -1.569 -4.605 0.096 0.088 0.999 3521.1 4.1231 16.840263 2.880467 18.483484 15.603017 "" "" 590.170776 658.743958 3458.12968 3.7918 552.11 13.774 4549.4 19.894 "" "" 0.0030015118460872845 0.027230196 0.0060683866 0.03329858 98.27800742012 10.1912220896 626.100769 -1.5689999999999995 -4.6049999999999995
97.42476642295 9.0194280014 0.2368 0.2219 57.603 "" "" 3327084218141094400 549.042358 1.8755 0.2518 -2.759 1.838 0.269 0.236 4.228 "" "" 16.840992 1.311297 17.066881 15.755585 "" "" 489.298248 628.317749 3455.8099 8.1569 2035.5 33.751 3953.0 76.575 "" "" 0.0037628813242235964 0.018217726 0.02136906 0.039586786 97.42476642295 9.0194280014 549.042358 -2.7590000000000003 1.838
98.55096769 10.32876270882 0.0585 0.0523 51.6011 "" "" 3327705171629341056 564.961304 1.728 0.064 -2.808 -4.873 0.073 0.058 0.938 4332.2 4.5932 16.84251 1.796137 17.715647 15.91951 "" "" 547.582275 584.457703 3450.98176 2.8165 1119.8 12.533 3399.0 15.74 "" "" 0.0028943036906911024 0.012467963 0.0062898714 0.018757835 98.55096769 10.32876270882 564.961304 -2.808 -4.872999999999999
98.72111020218 9.84674778563 0.0628 0.0583 55.2991 "" "" 3327608311527465728 678.704102 1.446 0.0744 9.569 -12.658 0.089 0.077 1.011 4251.6 4.5385 16.843287 1.718503 17.665579 15.947076 "" "" 647.866638 710.903015 3448.51272 3.1784 1172.7 10.449 3313.8 9.8204 "" "" 0.002931412060786472 0.010068462 0.0049635116 0.015031974 98.72111020218 9.84674778563 678.704102 9.569 -12.657999999999998
96.93637530805 9.52693951103 0.0623 0.0609 55.3549 "" "" 3327361883487640832 753.27832 1.2932 0.078 -1.922 -1.005 0.074 0.061 0.941 4186.7 4.3665 16.844252 1.760855 17.693335 15.93248 "" "" 714.31311 797.872803 3445.45279 2.821 1143.1 12.841 3358.7 9.6037 "" "" 0.0028951744791809488 0.012511683 0.004890976 0.017402658 96.93637530805 9.52693951103 753.27832 -1.922 -1.005
97.60517271273 10.08825558385 0.0703 0.0669 15.1855 "" "" 3327313298815322496 589.850708 1.6793 0.077 8.243 -17.453 0.077 0.067 0.98 4195.9 4.5624 16.846317 1.89146 17.78153 15.89007 "" "" 565.526428 615.212463 3438.89935 3.2435 1053.9 11.475 3492.5 13.215 "" "" 0.0029394652748705743 0.012146445 0.005582231 0.017728675 97.60517271273 10.08825558385 589.850708 8.243 -17.452999999999996
97.20175665148 10.12023011871 0.0598 0.0562 36.8491 "" "" 3327510485053508736 707.49646 1.3815 0.071 -1.82 -2.052 0.08 0.063 0.981 4353.6 4.5356 16.8516 1.703492 17.667416 15.963923 "" "" 669.661499 750.953857 3422.20945 2.6128 1170.7 9.3927 3262.8 12.129 "" "" 0.002877313565051715 0.009146965 0.0055293394 0.0146763045 97.20175665148 10.12023011871 707.49646 -1.8200000000000003 -2.0519999999999996
97.80248205265 9.79878560941 0.0589 0.0598 6.7406 "" "" 3327284745872754176 656.193176 1.4996 0.0742 -2.393 -5.149 0.074 0.062 0.936 5496.2 4.421 16.852196 2.532223 18.172213 15.63999 "" "" 617.494629 699.948181 3420.33507 31.089 735.41 48.254 4397.1 117.87 "" "" 0.01024617643566665 0.071295306 0.029348934 0.10064424 97.80248205265 9.79878560941 656.193176 -2.393 -5.149
97.75789049041 10.44434088037 0.0641 0.0612 32.0975 "" "" 3327886174435574912 640.170288 1.5239 0.0755 -2.446 -4.779 0.083 0.064 1.1 3663.0 4.0532 16.853443 2.56519 18.244865 15.679675 "" "" 610.889526 679.039246 3416.40328 60.729 687.81 38.764 4239.2 218.94 "" "" 0.01949542147933053 0.061254133 0.05620173 0.11745586 97.75789049041 10.44434088037 640.170288 -2.4460000000000006 -4.779
98.17109308733 9.31687486674 0.0599 0.0597 42.2068 "" "" 3326459837272000512 777.06958 1.2649 0.0751 1.777 -0.956 0.076 0.06 1.003 4364.6 4.524 16.854456 1.703671 17.680061 15.976391 "" "" 737.983765 827.802734 3413.22072 2.8864 1157.2 16.12 3225.5 22.759 "" "" 0.00290427267380398 0.015379709 0.00854244 0.02392215 98.17109308733 9.31687486674 777.06958 1.7770000000000001 -0.9559999999999998
97.91030878424 10.64322495628 0.0625 0.0587 44.5725 "" "" 3327896211775585280 726.641113 1.3467 0.075 -13.052 4.315 0.089 0.072 1.053 4863.4 4.264 16.855947 2.498029 18.224525 15.726497 "" "" 689.344055 772.443726 3408.53353 3.212 700.82 12.956 4060.3 15.26 "" "" 0.0029391480484161517 0.020264914 0.005561903 0.025826817 97.91030878424 10.64322495628 726.641113 -13.052 4.315
98.20314821312 9.26626199599 0.0577 0.0573 45.7879 "" "" 3326458321146103296 575.838196 1.7067 0.0709 5.359 -4.533 0.073 0.063 0.933 4176.1 4.6843 16.856464 1.784849 17.736057 15.951208 "" "" 551.648987 599.84436 3406.91307 2.7063 1099.0 9.5508 3301.2 12.872 "" "" 0.002887148669072315 0.009839426 0.005675047 0.0155144725 98.20314821312 9.26626199599 575.838196 5.358999999999999 -4.533
98.27202586059 9.69701914174 0.077 0.0792 31.3562 "" "" 3327227227666394240 588.58075 1.678 0.0972 1.279 -4.256 0.089 0.076 1.226 3825.5 4.4593 16.857876 2.104487 17.894382 15.789895 "" "" 563.432617 620.05249 3402.48684 5.9814 949.87 10.807 3830.0 13.517 "" "" 0.0033518364949592055 0.01266399 0.0053820647 0.018046055 98.27202586059 9.69701914174 588.58075 1.2790000000000001 -4.256
98.45827893752 9.96286266949 0.0652 0.0607 39.7507 "" "" 3327624387586728832 561.504578 1.7766 0.0705 1.965 -5.767 0.089 0.077 1.072 4013.7 4.664 16.859215 1.924328 17.800383 15.876055 "" "" 544.03717 585.440979 3398.29548 4.2392 1035.8 9.1685 3537.8 10.833 "" "" 0.003070210100724331 0.01000735 0.0050335582 0.015040908 98.45827893752 9.96286266949 561.504578 1.965 -5.767000000000001
98.06078048725 10.1269604116 0.0623 0.0596 20.7193 "" "" 3327675484815718272 711.287781 1.3905 0.0703 -1.665 -4.736 0.075 0.065 1.053 3559.4 4.0585 16.860498 2.539884 18.247856 15.707973 "" "" 679.705811 749.426331 3394.28003 26.239 685.92 32.961 4130.2 85.668 "" "" 0.008833822159440419 0.052248206 0.02283511 0.075083315 98.06078048725 10.1269604116 711.287781 -1.665 -4.736000000000001
97.836213824 9.73060885564 0.058 0.057 11.1487 "" "" 3327283165323869696 742.108765 1.3307 0.0718 -0.443 -8.796 0.078 0.06 0.946 5061.9 4.6793 16.860569 1.87399 17.781107 15.907117 "" "" 706.05542 787.389648 3394.05614 2.8184 1054.3 11.721 3438.0 23.962 "" "" 0.0028990773380822158 0.012388771 0.0084585985 0.020847369 97.836213824 9.73060885564 742.108765 -0.443 -8.796
97.87362890533 10.3897551783 0.0754 0.0683 29.2167 "" "" 3327887793640054144 635.822693 1.534 0.0824 -1.127 -4.977 0.099 0.078 1.058 4146.7 4.096 16.860884 2.627742 18.277983 15.650241 "" "" 608.874329 662.659424 3393.07326 21.627 667.15 16.477 4355.7 78.487 "" "" 0.007448682977294649 0.026959838 0.01992599 0.046885826 97.87362890533 10.3897551783 635.822693 -1.127 -4.977
97.82550373211 9.836210787 0.0758 0.087 4.9669 "" "" 3327293713763450752 541.451538 1.8497 0.1103 -2.257 -5.047 0.083 0.069 1.202 4820.8 4.366 16.863728 2.490057 18.183931 15.693874 "" "" 511.81778 573.785828 3384.19594 20.484 727.52 32.892 4184.2 66.144 "" "" 0.0071260220470621746 0.04916659 0.017574545 0.06674114 97.82550373211 9.836210787 541.451538 -2.257 -5.047
98.47947260755 9.92032558225 0.0659 0.063 40.8846 "" "" 3327611988019118208 710.24115 1.3674 0.0775 -0.6 -0.597 0.091 0.078 1.057 4395.5 4.6674 16.863876 1.697384 17.67389 15.976505 "" "" 675.395142 751.622375 3383.73687 3.3492 1163.8 8.9107 3225.2 12.097 "" "" 0.002957477196429525 0.008768751 0.005555878 0.01432463 98.47947260755 9.92032558225 710.24115 -0.5999999999999999 -0.597
97.77608285041 10.53954719736 0.0621 0.0574 37.7675 "" "" 3327905214027133952 653.512146 1.5032 0.0709 9.569 -7.648 0.078 0.063 0.936 4473.0 4.5839 16.864017 1.748564 17.716227 15.967663 "" "" 622.637146 684.711243 3383.29472 2.8108 1119.2 9.9213 3251.6 13.918 "" "" 0.0028992107578822944 0.010020931 0.0059901127 0.016011044 97.77608285041 10.53954719736 653.512146 9.569 -7.647999999999999
97.81108382514 9.78824646787 0.0786 0.0798 7.4451 "" "" 3327284672859093376 654.428894 1.4914 0.1023 -1.922 -5.4 0.099 0.079 1.062 3550.1 4.1918 16.870878 2.215535 17.8584 15.642865 "" "" 615.660339 696.763855 3361.9844 6.2319 981.88 52.587 4385.4 58.292 "" "" 0.0034120656887046564 0.058216173 0.014918578 0.07313475 97.81108382514 9.78824646787 654.428894 -1.9220000000000002 -5.4
97.81070129879 10.45847606909 0.1365 0.1284 32.9247 "" "" 3327892153030052736 625.007812 1.596 0.1557 -0.842 -3.422 0.172 0.144 2.29 3546.2 4.426 16.874947 2.374407 18.067686 15.693279 "" "" 577.081421 707.257568 3349.40861 70.348 809.73 47.603 4186.5 280.51 "" "" 0.022969691273474535 0.06389001 0.07284618 0.13673618 97.81070129879 10.45847606909 625.007812 -0.8419999999999999 -3.4219999999999997
98.65483605136 9.58419391086 0.0627 0.0571 54.8751 "" "" 3326844112287685120 682.817444 1.4631 0.0698 -1.161 -2.423 0.076 0.062 0.973 4343.2 4.5535 16.87606 1.663078 17.671465 16.008387 "" "" 651.756165 707.144104 3345.97412 2.615 1166.4 15.509 3131.9 19.77 "" "" 0.0028830215326235233 0.014703615 0.007826653 0.022530269 98.65483605136 9.58419391086 682.817444 -1.1610000000000003 -2.4230000000000005
98.48786352293 9.93180969042 0.0613 0.057 41.3956 "" "" 3327612361678227584 595.027954 1.6569 0.0702 -2.036 -3.786 0.082 0.071 1.017 4235.2 4.5453 16.883423 1.804521 17.767431 15.962911 "" "" 569.779907 619.801086 3323.3602 2.8184 1067.7 13.624 3265.8 15.071 "" "" 0.002905099009704442 0.014132315 0.0062760133 0.020408329 98.48786352293 9.93180969042 595.027954 -2.0360000000000005 -3.7860000000000005
97.28419255391 9.07915636469 0.0593 0.056 58.0899 "" "" 3327100268436898816 582.945801 1.673 0.0698 6.263 -17.636 0.068 0.061 0.97 4070.1 4.6708 16.884792 1.909493 17.83563 15.926138 "" "" 561.009033 607.816162 3319.17194 2.7401 1002.7 12.791 3378.3 10.665 "" "" 0.0028974421641167684 0.014128504 0.005102156 0.01923066 97.28419255391 9.07915636469 582.945801 6.263 -17.636
98.17232512441 10.15786708179 0.1404 0.1336 27.1468 "" "" 3327680840639796224 654.175659 1.5075 0.1224 -1.41 -4.304 0.152 0.149 0.981 "" "" 16.888237 0.921297 15.945235 15.023938 "" "" 600.711792 706.750732 3308.66126 51.223 5719.0 336.33 7755.0 191.53 "" "" 0.01703314182941627 0.063912235 0.027080122 0.09099236 98.17232512441 10.15786708179 654.175659 -1.4099999999999997 -4.304
98.34401726232 9.88394016127 0.0652 0.0606 32.9137 "" "" 3327617485577343232 596.152039 1.6454 0.0716 -2.876 -11.206 0.086 0.073 0.967 3632.5 4.4519 16.892424 1.91849 17.855694 15.937203 "" "" 574.774292 618.139282 3295.92582 3.0084 984.33 13.971 3344.1 15.215 "" "" 0.0029281239976151462 0.015660854 0.006219824 0.021880679 98.34401726232 9.88394016127 596.152039 -2.8759999999999994 -11.205999999999998
97.79679727483 9.34516560867 0.0714 0.0651 33.9059 "" "" 3327190183578510976 795.15509 1.2394 0.0779 -4.118 3.863 0.099 0.083 1.179 4671.5 4.7259 16.892658 1.55068 17.55807 16.00739 "" "" 747.360657 842.251648 3295.21317 5.7155 1294.8 14.894 3134.7 22.767 "" "" 0.003337395420086113 0.012797029 0.008744498 0.021541527 97.79679727483 9.34516560867 795.15509 -4.118000000000001 3.863
97.75380710995 9.96113995345 0.0627 0.0775 3.658 "" "" 3327307732536119808 676.217896 1.4575 0.0987 -2.24 -4.828 0.074 0.062 1.026 3980.7 4.0909 16.892937 2.53839 18.267206 15.728816 "" "" 638.147888 721.952881 3294.36857 8.9443 673.81 25.407 4051.6 30.504 "" "" 0.004035013175487306 0.04103425 0.009005783 0.050040036 97.75380710995 9.96113995345 676.217896 -2.2400000000000007 -4.828
98.73884084289 10.09562909267 0.2778 0.2518 57.2855 "" "" 3327640059926175488 652.738831 1.6506 0.3026 0.234 -1.58 0.334 0.27 4.537 "" "" 16.894835 1.277299 17.058584 15.781285 "" "" 532.13208 798.156982 3288.61261 11.684 2051.1 14.401 3860.5 12.962 "" "" 0.004740453980962932 0.008117653 0.0052510123 0.013368666 98.73884084289 10.09562909267 652.738831 0.23399999999999996 -1.58
