Clusters/Collinder_95/Collinder_95_stars_in_region.tsv
# %ECSV 1.0
# ---
# datatype:
# - name: RA_ICRS_1
#   unit: deg
#   datatype: float64
#   format: '{:15.11f}'
#   description: Right ascension (ICRS) at Ep=2016.0 (ra)
#   meta: !!omap
#   - {ucd: POS_EQ_RA_MAIN}
#   - {width: 15}
#   - {precision: '11'}
# - name: DE_ICRS_1
#   unit: deg
#   datatype: float64
#   format: '{:15.11f}'
#   description: Declination (ICRS) at Ep=2016.0 (dec)
#   meta: !!omap
#   - {ucd: POS_EQ_DEC_MAIN}
#   - {width: 15}
#   - {precision: '11'}
# - name: e_RA_ICRS
#   unit: mas
#   datatype: float64
#   format: '{:7.4f}'
#   description: Standard error of right ascension (ra_error)
#   meta: !!omap
#   - {ucd: ERROR}
#   - {width: 7}
#   - {precision: '4'}
# - name: e_DE_ICRS
#   unit: mas
#   datatype: float64
#   format: '{:7.4f}'
#   description: Standard error of declination (dec_error)
#   meta: !!omap
#   - {ucd: ERROR}
#   - {width: 7}
#   - {precision: '4'}
# - name: _r_1
#   unit: ''
#   datatype: float64
#   format: '{:7.4f}'
#   description: Distance from center (097.78780667000+09.91019418000)[ICRS], at Epoch=J2016.0
#   meta: !!omap
#   - {ucd: POS_ANG_DIST_GENERAL}
#   - {width: 7}
#   - {precision: '4'}
# - name: HIP
#   datatype: int32
#   description: '? HIP cross-id number, van Leeuwen, Cat. I/311 (hip_original_ext_source_id)'
#   meta: !!omap
#   - {ucd: ID_NUMBER}
#   - {width: 6}
#   - values: {'null': -2147483648}
# - name: TYC2
#   datatype: string
#   description: Tycho-2 cross-id name, Hog et al., Cat. I/259 (tyc2_original_ext_source_id)
#   meta: !!omap
#   - {ucd: ID_CROSSID}
#   - {_votable_string_dtype: char}
# - name: Source
#   datatype: int64
#   description: Source identifier, identical to the Gaia-EDR3 source_id (id)
#   meta: !!omap
#   - {ucd: ID_MAIN}
#   - {width: 19}
# - name: rgeo
#   unit: pc
#   datatype: float64
#   format: '{:15.8f}'
#   description: '? Median of the geometric distance posterior (r_med_geo)'
#   meta: !!omap
#   - {ucd: PHYS_DISTANCE_TRUE}
#   - {width: 15}
#   - {precision: '8'}
#   - values: {'null': .nan}
# - name: Plx
#   unit: mas
#   datatype: float64
#   format: '{:9.4f}'
#   description: '? Parallax (parallax)'
#   meta: !!omap
#   - {ucd: POS_PARLX_TRIG}
#   - {width: 9}
#   - {precision: '4'}
#   - values: {'null': .nan}
# - name: e_Plx
#   unit: mas
#   datatype: float32
#   format: '{:7.4f}'
#   description: '? Standard error of parallax (parallax_error)'
#   meta: !!omap
#   - {ucd: ERROR}
#   - {width: 7}
#   - {precision: '4'}
#   - values: {'null': .nan}
# - name: pmRA
#   unit: mas / yr
#   datatype: float64
#   format: '{:9.3f}'
#   description: '? Proper motion in right ascension direction, pmRA*cosDE (pmra)'
#   meta: !!omap
#   - {ucd: POS_EQ_PMRA}
#   - {width: 9}
#   - {precision: '3'}
#   - values: {'null': .nan}
# - name: pmDE
#   unit: mas / yr
#   datatype: float64
#   format: '{:9.3f}'
#   description: '? Proper motion in declination direction (pmdec)'
#   meta: !!omap
#   - {ucd: POS_EQ_PMDEC}
#   - {width: 9}
#   - {precision: '3'}
#   - values: {'null': .nan}
# - name: e_pmRA
#   unit: mas / yr
#   datatype: float32
#   format: '{:6.3f}'
#   description: '? Standard error of proper motion in right ascension direction (pmra_error)'
#   meta: !!omap
#   - {ucd: ERROR}
#   - {width: 6}
#   - {precision: '3'}
#   - values: {'null': .nan}
# - name: e_pmDE
[...]
#         unit: &id001 !astropy.units.Unit {unit: deg}
#         value: !astropy.table.SerializedColumn {name: SkyCoord.dec}
#       distance: !astropy.table.SerializedColumn
#         __class__: astropy.coordinates.distances.Distance
#         unit: !astropy.units.Unit {unit: pc}
#         value: !astropy.table.SerializedColumn {name: SkyCoord.distance}
#       frame: icrs
#       obstime: !astropy.time.Time {format: jyear_str, in_subfmt: '*', jd1: 367701545.0, jd2: 0.0, out_subfmt: '*', precision: 3, scale: tt}
#       pm_dec: !astropy.table.SerializedColumn
#         __class__: astropy.units.quantity.Quantity
#         unit: !astropy.units.Unit {unit: mas / yr}
#         value: !astropy.table.SerializedColumn {name: SkyCoord.pm_dec}
#       pm_ra_cosdec: !astropy.table.SerializedColumn
#         __class__: astropy.units.quantity.Quantity
#         unit: !astropy.units.Unit {unit: mas / yr}
#         value: !astropy.table.SerializedColumn {name: SkyCoord.pm_ra_cosdec}
#       ra: !astropy.table.SerializedColumn
#         __class__: astropy.coordinates.angles.Longitude
#         unit: *id001
#         value: !astropy.table.SerializedColumn {name: SkyCoord.ra}
#         wrap_angle: !astropy.coordinates.Angle
#           unit: *id001
#           value: 360.0
#       representation_type: spherical
# schema: astropy-2.0
RA_ICRS_1 DE_ICRS_1 e_RA_ICRS e_DE_ICRS _r_1 HIP TYC2 Source rgeo Plx e_Plx pmRA pmDE e_pmRA e_pmDE RUWE Teff logg Gmag BP-RP BPmag RPmag RV e_RV b_rgeo B_rgeo FG e_FG FBP e_FBP FRP e_FRP RAVE5 RAVE6 e_Gmag e_BPmag e_RPmag e_BP-RP SkyCoord.ra SkyCoord.dec SkyCoord.distance SkyCoord.pm_ra_cosdec SkyCoord.pm_dec
[from data line 361]
97.8061338791 9.75164916198 0.0435 0.0426 9.5742 "" "" 3327284058677073408 729.682556 1.3421 0.053 -2.24 -5.194 0.053 0.045 3.058 5451.5 3.7422 13.818576 1.660098 14.586444 12.926346 24.46 3.59 705.239929 757.200745 55913.47312 113.21 19991.0 140.04 53533.0 313.58 "" "" 0.0035248316773855695 0.008101384 0.007398121 0.015499505 97.8061338791 9.75164916198 729.682556 -2.24 -5.194
98.15123470193 10.23308687044 0.0263 0.0247 28.9185 "" "" 3327682666000933888 678.764465 1.4316 0.0297 -1.9 -4.139 0.036 0.029 1.816 7620.6 3.7982 13.818869 1.978709 14.804133 12.825424 -22.8 6.76 665.808838 695.567261 55898.39881 44.349 16359.0 58.65 58747.0 145.03 "" "" 0.0028868343550691794 0.004789268 0.0046333754 0.009422643 98.15123470193 10.23308687044 678.764465 -1.9000000000000001 -4.139
98.36084234198 9.30175604556 0.016 0.0143 49.8188 "" "" 3326457569529198976 727.847473 1.3278 0.0179 -6.698 -2.994 0.017 0.015 1.05 5829.8 4.1874 13.82317 0.948317 14.213925 13.265609 15.06 3.27 719.799561 738.916565 55677.38186 15.781 28174.0 31.352 39166.0 27.307 "" "" 0.002772452272055518 0.003040528 0.0038544466 0.0068949745 98.36084234198 9.30175604556 727.847473 -6.698000000000001 -2.994
97.77801207659 9.35535683115 0.016 0.0145 33.2953 "" "" 3327202007622354048 698.283508 1.3866 0.0174 4.374 -6.668 0.023 0.02 1.15 5594.0 4.3492 13.852163 0.855263 14.194182 13.33892 60.26 6.01 688.544617 706.465881 54210.23347 14.417 28691.0 38.852 36609.0 27.854 "" "" 0.0027704087067641514 0.0031538375 0.0038686097 0.007022447 97.77801207659 9.35535683115 698.283508 4.374 -6.668
98.27714582247 10.56337034723 0.0161 0.0146 48.6898 "" "" 3327727363722956928 648.477844 1.4992 0.0175 -3.694 -5.694 0.02 0.018 0.956 5779.4 4.3779 13.860656 0.848495 14.201897 13.353402 53.86 5.56 641.082031 656.002686 53787.8978 23.902 28488.0 38.407 36124.0 33.174 "" "" 0.0027972433968802913 0.0031508205 0.003908693 0.0070595136 98.27714582247 10.56337034723 648.477844 -3.6939999999999995 -5.694
98.032687962 10.45024979349 0.0497 0.0434 35.484 "" "" 3327702113612341632 672.476685 1.4498 0.0537 1.384 -4.118 0.069 0.054 3.47 "" "" 13.87744 1.980294 14.853774 12.87348 47.42 5.71 648.939331 695.799011 52962.77772 23.751 15628.0 20.484 56204.0 36.416 "" "" 0.0027980093430717565 0.0031321342 0.0038442952 0.0069764294 98.032687962 10.45024979349 672.476685 1.3839999999999997 -4.118
97.72556959204 10.27308086526 0.0146 0.0136 22.0814 "" "" 3327879925259998208 795.856689 1.2157 0.0171 2.522 -13.647 0.018 0.015 0.955 5316.2 4.0687 13.877528 1.365886 14.491205 13.125319 -41.85 2.52 785.757629 808.763245 52958.48608 10.998 21824.0 26.024 44569.0 30.266 "" "" 0.0027645305809538266 0.0030759154 0.003850629 0.0069265445 97.72556959204 10.27308086526 795.856689 2.5220000000000007 -13.647
98.21124527274 9.6901748786 0.015 0.014 28.3028 "" "" 3327227124590305280 608.182495 1.6006 0.0177 -4.097 -8.693 0.017 0.015 0.965 5459.0 4.4216 13.881118 0.8756 14.236822 13.361222 39.01 4.68 602.305115 614.208618 52783.68109 16.167 27586.0 33.045 35865.0 19.916 "" "" 0.0027753157371096363 0.003078407 0.0038271705 0.006905577 98.21124527274 9.6901748786 608.182495 -4.097 -8.693
97.90136164218 10.76563375537 0.0165 0.0147 51.7622 "" "" 3327933384714859264 633.654053 1.5375 0.0186 1.348 -5.593 0.022 0.018 1.124 5491.6 4.384 13.881452 0.915349 14.265573 13.350224 51.83 4.92 625.866699 640.932922 52767.46402 19.316 26865.0 78.919 36230.0 62.117 "" "" 0.0027838373981870705 0.0042376635 0.0042129518 0.008450615 97.90136164218 10.76563375537 633.654053 1.348 -5.593000000000001
98.53679310777 10.4046252713 0.0153 0.0146 53.2614 "" "" 3327707022758088832 669.396729 1.4496 0.0179 -3.507 -3.738 0.018 0.015 1.015 5793.5 4.2952 13.890126 0.93985 14.274604 13.334754 -8.5 6.49 663.769592 677.3255 52347.52528 22.275 26643.0 61.319 36750.0 45.128 "" "" 0.002793785463112969 0.0037455556 0.0040076543 0.00775321 98.53679310777 10.4046252713 669.396729 -3.5069999999999997 -3.738
98.26375484732 9.10724209032 0.0159 0.0148 55.8056 "" "" 3326418360770020992 618.860535 1.5722 0.0185 -4.593 5.037 0.019 0.016 1.055 5598.5 4.4213 13.897094 0.81724 14.220686 13.403446 -18.88 12.23 610.995483 625.890198 52012.66304 15.312 27999.0 27.051 34497.0 23.68 "" "" 0.0027737974966274203 0.0029808383 0.003852166 0.0068330043 98.26375484732 9.10724209032 618.860535 -4.592999999999999 5.036999999999999
97.08020053596 10.49979395605 0.0167 0.0196 54.7486 "" "" 3327576494411799040 686.483276 1.4149 0.0246 -2.439 4.009 0.021 0.017 0.904 5946.7 4.3991 13.901292 0.85662 14.246242 13.389622 45.31 7.51 673.974304 698.686462 51811.94054 12.749 27348.0 21.74 34939.0 38.813 "" "" 0.002768241965016287 0.002920613 0.0039671725 0.006887785 97.08020053596 10.49979395605 686.483276 -2.439 4.009000000000001
98.30851019456 9.72988241 0.0164 0.0162 32.6301 "" "" 3327602779609470336 807.177002 1.1952 0.0202 -1.353 -7.579 0.019 0.016 1.075 6061.9 4.2836 13.905355 0.858313 14.251982 13.393669 13.45 4.32 793.032654 819.358337 51618.42253 13.801 27203.0 23.42 34809.0 18.304 "" "" 0.0027705697841938688 0.0029425842 0.0038222612 0.0067648455 98.30851019456 9.72988241 807.177002 -1.3530000000000002 -7.578999999999999
97.78258295106 9.23334585096 0.0166 0.0149 40.6121 "" "" 3327182560010550656 689.858337 1.4007 0.0193 3.547 -3.947 0.022 0.02 1.08 5563.4 4.2881 13.910351 0.981585 14.315306 13.333721 33.47 3.94 682.678467 698.459106 51381.45145 12.541 25662.0 58.611 36785.0 23.385 "" "" 0.0027680346414403244 0.0037328743 0.0038418926 0.007574767 97.78258295106 9.23334585096 689.858337 3.547 -3.947
97.90812115354 9.11845526729 0.0194 0.0169 48.0349 "" "" 3326427161161037824 661.392456 1.4697 0.0212 -6.954 -5.175 0.03 0.023 1.145 5498.8 4.3563 13.914475 0.849483 14.254776 13.405292 73.13 9.63 652.696167 669.773804 51186.68209 15.825 27134.0 26.866 34438.0 35.016 "" "" 0.0027756914406814725 0.0029901003 0.003937315 0.0069274157 97.90812115354 9.11845526729 661.392456 -6.954 -5.175000000000001
96.87533626351 10.18637382461 0.1092 0.0958 56.3977 "" "" 3327539179736197760 599.466858 1.6439 0.1222 -6.643 -8.588 0.148 0.126 6.764 5676.2 3.879 13.915362 1.003196 14.263277 13.260081 "" "" 559.775452 639.612122 51144.83658 56.009 26922.0 32.033 39366.0 39.364 "" "" 0.003000916604840092 0.0030747268 0.0039322297 0.0070069563 96.87533626351 10.18637382461 599.466858 -6.643 -8.588
97.05942524881 10.35171576033 0.0221 0.0202 50.5235 "" "" 3327565602374813568 665.18927 1.4531 0.0248 0.913 -2.613 0.03 0.024 1.414 5944.9 4.3382 13.915653 0.886791 14.274849 13.388058 35.03 4.76 655.962158 677.083435 51131.1341 14.049 26637.0 27.413 34989.0 31.7 "" "" 0.002771422920749771 0.0030055873 0.003905297 0.0069108843 97.05942524881 10.35171576033 665.18927 0.913 -2.613
97.15766138473 10.07306721006 0.0171 0.0154 38.4963 "" "" 3327486093940334464 653.531372 1.4794 0.0191 5.845 -10.582 0.024 0.019 0.942 5608.3 4.395 13.917596 0.899518 14.284979 13.385461 -6.02 8.35 645.019165 664.190125 51039.75498 14.743 26389.0 23.505 35073.0 32.314 "" "" 0.002773111234947502 0.0029530134 0.0039095245 0.006862538 97.15766138473 10.07306721006 653.531372 5.8450000000000015 -10.582
97.8454727668 10.66766349257 0.0321 0.0298 45.5755 "" "" 3327908168964552832 585.474731 1.6723 0.0376 11.95 1.668 0.044 0.036 1.946 "" "" 13.918425 0.916126 14.292189 13.376062 16.52 5.26 572.393921 598.66803 51000.79376 12.869 26214.0 36.025 35378.0 30.101 "" "" 0.0027689068633959145 0.0031640767 0.0038906438 0.0070547205 97.8454727668 10.66766349257 585.474731 11.95 1.668
97.69497757212 10.22118157373 0.0153 0.014 19.4484 "" "" 3327503617407286912 661.717773 1.4727 0.0175 -1.809 1.102 0.019 0.015 0.981 5927.5 4.1807 13.924754 1.125061 14.402824 13.277763 65.29 3.98 654.475037 670.531677 50704.32022 11.283 23675.0 32.415 38730.0 28.673 "" "" 0.0027658925952324218 0.0031614692 0.0038639135 0.0070253825 97.69497757212 10.22118157373 661.717773 -1.809 1.102
98.56349984269 10.31431336805 0.0812 0.0749 51.8388 "" "" 3327705098612654976 635.404297 1.565 0.0908 -16.754 3.856 0.103 0.084 5.998 5607.1 4.4898 13.925948 0.994444 14.328784 13.33434 53.54 3.68 597.088379 677.657471 50648.6077 28.007 25346.0 23.967 36764.0 23.336 "" "" 0.002819971780825417 0.0029730604 0.0038417035 0.006814764 98.56349984269 10.31431336805 635.404297 -16.754 3.855999999999999
97.80626008136 9.6511598349 0.0156 0.0147 15.5803 "" "" 3327234271416295168 644.471436 1.5088 0.0178 9.15 -7.65 0.019 0.016 1.084 5846.1 4.4806 13.928812 0.84878 14.271694 13.422914 45.86 3.61 636.767456 651.597595 50515.19978 14.844 26714.0 25.94 33884.0 25.704 "" "" 0.0027737302831137276 0.0029827089 0.0038680858 0.006850795 97.80626008136 9.6511598349 644.471436 9.15 -7.65
97.47192125067 10.09968502822 0.0144 0.0139 21.855 "" "" 3327495886466188928 550.984436 1.7753 0.0171 -1.921 1.458 0.018 0.015 0.99 5642.1 4.4982 13.930556 0.842987 14.270539 13.427552 14.62 4.16 546.065552 555.657715 50434.08363 12.172 26742.0 20.912 33739.0 35.646 "" "" 0.0027677522699451804 0.0029164893 0.0039496296 0.006866119 97.47192125067 10.09968502822 550.984436 -1.921 1.4580000000000002
96.85206982171 9.72851834589 0.0246 0.0237 56.3854 "" "" 3327368411837072256 550.676697 1.7714 0.0307 -1.816 6.629 0.029 0.024 1.668 5447.0 4.5609 13.931875 0.976752 14.340936 13.364183 29.85 4.31 543.349304 558.444519 50372.885 12.707 25064.0 22.293 35767.0 21.044 "" "" 0.002768899270632817 0.0029525626 0.0038329887 0.006785551 96.85206982171 9.72851834589 550.676697 -1.816 6.6290000000000004
97.17448857739 10.46638327464 0.0159 0.015 49.2487 "" "" 3327572783560030720 701.919495 1.382 0.0176 0.835 -16.944 0.02 0.016 1.048 5521.5 4.176 13.933497 1.352623 14.54271 13.190087 34.47 3.48 695.062378 710.544922 50297.68057 9.9631 20813.0 37.855 41988.0 29.865 "" "" 0.002763700886837058 0.003418289 0.0038574743 0.007275763 97.17448857739 10.46638327464 701.919495 0.835 -16.944000000000003
97.77706483045 8.92773618478 0.0159 0.0149 58.9509 "" "" 3326329304626099072 723.550415 1.337 0.0188 5.595 8.823 0.021 0.017 1.107 5873.5 4.3242 13.944357 0.837697 14.279984 13.442286 62.22 8.52 714.239197 734.348267 49797.07648 12.721 26511.0 25.808 33285.0 25.358 "" "" 0.0027692448824098497 0.0029836523 0.0038688402 0.0068524927 97.77706483045 8.92773618478 723.550415 5.594999999999999 8.822999999999999
97.76480923696 9.3564062307 0.0249 0.0231 33.2551 "" "" 3327202179421057280 725.266968 1.3337 0.0274 13.147 -2.174 0.036 0.032 1.634 5846.1 4.2302 13.945475 1.149599 14.43551 13.285911 -22.25 7.04 712.777771 739.95752 49745.83654 12.813 22973.0 26.865 38441.0 35.975 "" "" 0.002769475547563153 0.0030654736 0.0039135865 0.0069790604 97.76480923696 9.3564062307 725.266968 13.147000000000002 -2.174
98.13132825539 10.08973590581 0.0349 0.0332 22.9796 "" "" 3327674694541715200 576.619568 1.6945 0.0422 1.821 -6.083 0.045 0.032 1.696 "" "" 13.95057 "" "" "" 34.47 6.15 563.253418 586.844788 49512.94844 122.0 "" "" "" "" "" "" 0.003840414513207292 "" "" "" 98.13132825539 10.08973590581 576.619568 1.821 -6.082999999999999
97.10181370207 10.12771975336 0.0165 0.0147 42.5814 "" "" 3327490148389459712 743.042908 1.306 0.0179 -2.541 -1.477 0.023 0.018 0.989 5442.9 4.0058 13.965897 1.104266 14.43689 13.332624 20.93 6.75 733.483215 751.336304 48818.90943 10.024 22944.0 35.065 36822.0 20.474 "" "" 0.002764324364949636 0.0032462867 0.0038272939 0.0070735803 97.10181370207 10.12771975336 743.042908 -2.541 -1.477
97.34827833115 9.76496688392 0.0171 0.015 27.4061 "" "" 3327277113713946496 649.282166 1.498 0.0184 -4.017 -3.466 0.025 0.019 1.012 5675.3 4.4209 13.967191 0.855383 14.312096 13.456713 53.65 6.42 642.223022 657.713867 48760.7737 26.213 25738.0 54.988 32845.0 37.003 "" "" 0.002816463186235261 0.003628457 0.003972393 0.00760085 97.34827833115 9.76496688392 649.282166 -4.0169999999999995 -3.466
97.29598663204 9.10888261387 0.0155 0.0145 56.2012 "" "" 3327100612034260096 577.433533 1.6837 0.0176 11.778 -12.239 0.018 0.015 1.082 5239.2 4.4029 13.977646 0.957019 14.375189 13.41817 12.93 4.7 571.113342 585.18103 48293.48543 21.851 24285.0 42.83 34032.0 42.297 "" "" 0.0027987713319075668 0.0033840348 0.0040130606 0.0073970957 97.29598663204 9.10888261387 577.433533 11.778 -12.239000000000003
97.5977452939 9.97708297334 0.0929 0.0859 11.9278 "" "" 3327305670953868288 643.148682 1.5236 0.1063 -2.579 -0.049 0.112 0.098 3.837 "" "" 13.983799 1.362377 14.366143 13.003766 27.23 6.04 604.027954 685.710571 48020.57168 40.393 24488.0 42.406 49848.0 45.375 "" "" 0.002902734327704623 0.0033645364 0.003906467 0.0072710034 97.5977452939 9.97708297334 643.148682 -2.579 -0.048999999999999995
98.47575335292 9.36204046809 0.0171 0.0163 52.3232 "" "" 3326463135806756096 808.860046 1.192 0.0208 -10.891 -0.038 0.02 0.016 0.98 6100.2 4.2526 13.984615 0.968229 14.381446 13.413217 81.61 4.72 793.936218 824.477844 47984.46095 14.364 24146.0 34.867 34188.0 33.836 "" "" 0.0027744228320968228 0.0032004812 0.003929173 0.0071296543 98.47575335292 9.36204046809 808.860046 -10.891000000000002 -0.0379999999999999
98.55383578552 9.64946461432 0.0175 0.0161 47.9192 "" "" 3326848480272819968 619.600647 1.5705 0.0201 -2.082 9.374 0.024 0.021 1.052 5689.0 4.4429 13.985813 0.853362 14.329294 13.475932 1.0 4.94 611.812988 626.690674 47931.55748 13.4 25334.0 39.543 32269.0 21.954 "" "" 0.0027719888856733836 0.0032645091 0.0038508915 0.0071154004 98.55383578552 9.64946461432 619.600647 -2.0819999999999994 9.374
98.39255440463 10.28542559295 0.0164 0.0147 42.2254 "" "" 3327704243916492800 675.711365 1.439 0.018 4.547 -9.779 0.02 0.017 0.902 5747.0 4.3795 13.988538 0.868944 14.341498 13.472554 -21.83 4.86 665.110474 684.27655 47811.39931 14.676 25051.0 35.141 32370.0 35.167 "" "" 0.002775402764041482 0.0031787923 0.003959175 0.0071379673 98.39255440463 10.28542559295 675.711365 4.547 -9.779
97.73005326642 8.96040917562 0.0158 0.0145 57.0895 "" "" 3326330399839831936 624.050903 1.5555 0.018 5.333 -6.932 0.02 0.016 0.984 5572.5 4.433 13.998929 0.899393 14.367871 13.468478 31.04 5.13 618.4198 630.60083 47356.02926 13.176 24449.0 23.837 32491.0 29.673 "" "" 0.002771830838255892 0.0029842241 0.0039072926 0.006891517 97.73005326642 8.96040917562 624.050903 5.333 -6.932000000000001
97.77034175048 9.76214365354 0.0212 0.0208 8.9428 "" "" 3327284299195268608 807.716919 1.201 0.026 -3.546 -4.57 0.027 0.024 1.345 "" "" 13.999642 1.284867 14.558799 13.273931 22.3 6.64 788.842407 824.48999 47324.91529 9.4159 20507.0 20.195 38867.0 22.757 "" "" 0.002763775416160161 0.0029880218 0.0038324734 0.0068204952 97.77034175048 9.76214365354 807.716919 -3.546 -4.570000000000001
97.35986193261 9.1882737004 0.0175 0.0162 50.1732 "" "" 3327102772400012928 615.796387 1.5784 0.0199 -2.468 -6.276 0.021 0.018 1.199 "" "" 14.003464 1.774052 14.856891 13.082839 -0.85 5.49 609.610046 623.682495 47158.62609 65.217 15583.0 99.901 46347.0 170.75 "" "" 0.003137877882206172 0.007498946 0.0055030882 0.013002034 97.35986193261 9.1882737004 615.796387 -2.468 -6.276000000000001
97.91498036272 10.21330860033 0.0169 0.0162 19.6776 "" "" 3327691736971425920 704.564209 1.3768 0.0205 1.329 -5.181 0.02 0.016 0.978 5987.8 4.1649 14.005456 1.090793 14.463276 13.372483 42.95 5.92 696.637817 714.217468 47072.18703 11.862 22393.0 39.519 35495.0 31.666 "" "" 0.002768871064411458 0.003384743 0.0039015303 0.007286273 97.91498036272 10.21330860033 704.564209 1.3289999999999997 -5.181
96.8616685439 9.83373366412 0.0154 0.0141 54.9374 "" "" 3327475682939927808 593.564819 1.6448 0.0176 15.564 3.409 0.019 0.017 1.105 5478.8 4.4403 14.006896 0.854677 14.349461 13.494783 2.75 5.33 587.633789 598.831299 47009.80521 12.383 24868.0 29.004 31714.0 24.205 "" "" 0.0027701234251170203 0.003064082 0.0038691615 0.0069332435 96.8616685439 9.83373366412 593.564819 15.563999999999998 3.409
