Clusters/IC_2157/IC_2157_members.tsv
# %ECSV 1.0
# ---
# datatype:
# - name: RA_ICRS_1
#   unit: deg
#   datatype: float64
#   format: '{:15.11f}'
#   description: Right ascension (ICRS) at Ep=2016.0 (ra)
#   meta: !!omap
#   - {ucd: POS_EQ_RA_MAIN}
#   - {width: 15}
#   - {precision: '11'}
# - name: DE_ICRS_1
#   unit: deg
#   datatype: float64
#   format: '{:15.11f}'
#   description: Declination (ICRS) at Ep=2016.0 (dec)
#   meta: !!omap
#   - {ucd: POS_EQ_DEC_MAIN}
#   - {width: 15}
#   - {precision: '11'}
# - name: e_RA_ICRS
#   unit: mas
#   datatype: float64
#   format: '{:7.4f}'
#   description: Standard error of right ascension (ra_error)
#   meta: !!omap
#   - {ucd: ERROR}
#   - {width: 7}
#   - {precision: '4'}
# - name: e_DE_ICRS
#   unit: mas
#   datatype: float64
#   format: '{:7.4f}'
#   description: Standard error of declination (dec_error)
#   meta: !!omap
#   - {ucd: ERROR}
#   - {width: 7}
#   - {precision: '4'}
# - name: _r_1
#   unit: ''
#   datatype: float64
#   format: '{:7.4f}'
#   description: Distance from center (091.18650744000+24.08449442000)[ICRS], at Epoch=J2016.0
#   meta: !!omap
#   - {ucd: POS_ANG_DIST_GENERAL}
#   - {width: 7}
#   - {precision: '4'}
# - name: HIP
#   datatype: int32
#   description: '? HIP cross-id number, van Leeuwen, Cat. I/311 (hip_original_ext_source_id)'
#   meta: !!omap
#   - {ucd: ID_NUMBER}
#   - {width: 6}
#   - values: {'null': -2147483648}
# - name: TYC2
#   datatype: string
#   description: Tycho-2 cross-id name, Hog et al., Cat. I/259 (tyc2_original_ext_source_id)
#   meta: !!omap
#   - {ucd: ID_CROSSID}
#   - {_votable_string_dtype: char}
# - name: Source
#   datatype: int64
#   description: Source identifier, identical to the Gaia-EDR3 source_id (id)
#   meta: !!omap
#   - {ucd: ID_MAIN}
#   - {width: 19}
# - name: rgeo
#   unit: pc
#   datatype: float64
#   format: '{:15.8f}'
#   description: '? Median of the geometric distance posterior (r_med_geo)'
#   meta: !!omap
#   - {ucd: PHYS_DISTANCE_TRUE}
#   - {width: 15}
#   - {precision: '8'}
#   - values: {'null': .nan}
# - name: Plx
#   unit: mas
#   datatype: float64
#   format: '{:9.4f}'
#   description: '? Parallax (parallax)'
#   meta: !!omap
#   - {ucd: POS_PARLX_TRIG}
#   - {width: 9}
#   - {precision: '4'}
#   - values: {'null': .nan}
# - name: e_Plx
#   unit: mas
#   datatype: float32
#   format: '{:7.4f}'
#   description: '? Standard error of parallax (parallax_error)'
#   meta: !!omap
#   - {ucd: ERROR}
#   - {width: 7}
#   - {precision: '4'}
#   - values: {'null': .nan}
# - name: pmRA
#   unit: mas / yr
#   datatype: float64
#   format: '{:9.3f}'
#   description: '? Proper motion in right ascension direction, pmRA*cosDE (pmra)'
#   meta: !!omap
#   - {ucd: POS_EQ_PMRA}
#   - {width: 9}
#   - {precision: '3'}
#   - values: {'null': .nan}
# - name: pmDE
#   unit: mas / yr
#   datatype: float64
#   format: '{:9.3f}'
#   description: '? Proper motion in declination direction (pmdec)'
#   meta: !!omap
#   - {ucd: POS_EQ_PMDEC}
#   - {width: 9}
#   - {precision: '3'}
#   - values: {'null': .nan}
# - name: e_pmRA
#   unit: mas / yr
#   datatype: float32
#   format: '{:6.3f}'
#   description: '? Standard error of proper motion in right ascension direction (pmra_error)'
#   meta: !!omap
#   - {ucd: ERROR}
#   - {width: 6}
#   - {precision: '3'}
#   - values: {'null': .nan}
# - name: e_pmDE
[...]
#       distance: !astropy.table.SerializedColumn
#         __class__: astropy.coordinates.distances.Distance
#         unit: !astropy.units.Unit {unit: pc}
#         value: !astropy.table.SerializedColumn {name: SkyCoord.distance}
#       frame: icrs
#       obstime: !astropy.time.Time {format: jyear_str, in_subfmt: '*', jd1: 367701545.0, jd2: 0.0, out_subfmt: '*', precision: 3, scale: tt}
#       pm_dec: !astropy.table.SerializedColumn
#         __class__: astropy.units.quantity.Quantity
#         unit: !astropy.units.Unit {unit: mas / yr}
#         value: !astropy.table.SerializedColumn {name: SkyCoord.pm_dec}
#       pm_ra_cosdec: !astropy.table.SerializedColumn
#         __class__: astropy.units.quantity.Quantity
#         unit: !astropy.units.Unit {unit: mas / yr}
#         value: !astropy.table.SerializedColumn {name: SkyCoord.pm_ra_cosdec}
#       ra: !astropy.table.SerializedColumn
#         __class__: astropy.coordinates.angles.Longitude
#         unit: *id001
#         value: !astropy.table.SerializedColumn {name: SkyCoord.ra}
#         wrap_angle: !astropy.coordinates.Angle
#           unit: *id001
#           value: 360.0
#       representation_type: spherical
# schema: astropy-2.0
RA_ICRS_1 DE_ICRS_1 e_RA_ICRS e_DE_ICRS _r_1 HIP TYC2 Source rgeo Plx e_Plx pmRA pmDE e_pmRA e_pmDE RUWE Teff logg Gmag BP-RP BPmag RPmag RV e_RV b_rgeo B_rgeo FG e_FG FBP e_FBP FRP e_FRP RAVE5 RAVE6 e_Gmag e_BPmag e_RPmag e_BP-RP SkyCoord.ra SkyCoord.dec SkyCoord.distance SkyCoord.pm_ra_cosdec SkyCoord.pm_dec rmRA rmDE e_rmRA e_rmDE rRV e_rRV v_pec v_pec3d e_vpec e_vpec3d Pmemb
91.2073895927 24.05539042281 0.015 0.0127 2.0876 "" 1864-819-1 3426200522758007040 2059.35156 0.4473 0.017 1.084 -2.984 0.019 0.014 0.911 15018.7 3.5459 10.933312 0.473937 11.096358 10.622421 "" "" 2000.53955 2124.01343 797300.28076 319.94 497590.0 624.73 446880.0 476.83 "" "" 0.0027895536108556297 0.0031053564 0.0039529554 0.0070583117 91.2073895927 24.05539042281 2059.35156 1.0840000000000014 -2.984 0.09950000905990608 0.02109095191955568 0.06645596 0.061455958 "" "" 0.9928319912519128 "" 0.06577385838999494 "" 0.8
91.19419351652 24.06506674998 0.0136 0.0115 1.2394 "" "" 3426200728916437888 1930.59973 0.4856 0.0152 0.919 -2.977 0.017 0.013 0.959 "" "" 12.86184 0.504528 13.043301 12.538773 "" "" 1879.14343 1983.89185 134961.699 40.671 82813.0 71.947 76498.0 36.617 "" "" 0.0027746787238645326 0.0029453041 0.003814947 0.0067602512 91.19419351652 24.06506674998 1930.59973 0.919 -2.976999999999999 -0.06549999094009396 0.028090951919555796 0.064455956 0.06045596 "" "" 0.6521908017115216 "" 0.04164302199444179 "" 1.0
91.2088229636 24.04921404339 0.0126 0.0105 2.4445 "" "" 3426200419678793472 1983.89502 0.4641 0.0138 0.957 -3.014 0.017 0.012 1.028 11248.4 4.1363 13.054528 0.52804 13.245441 12.717401 "" "" 1925.92346 2031.67395 113014.85134 51.774 68745.0 71.128 64893.0 69.664 "" "" 0.0027998553775227665 0.0030078255 0.0039550294 0.006962855 91.2088229636 24.04921404339 1983.89502 0.9570000000000006 -3.014000000000001 -0.027499990940094032 -0.008909048080444126 0.064455956 0.05945596 "" "" 0.2718326432064052 "" 0.017396698121421153 "" 0.9
91.17960790044 24.03098028199 0.0167 0.014 3.233 "" "" 3426200346669100032 2041.30664 0.4489 0.0191 1.05 -2.652 0.02 0.015 1.217 9665.4 3.6345 13.09125 0.695808 13.354327 12.658519 "" "" 1960.46094 2151.39258 109256.31335 45.087 62185.0 43.156 68510.0 27.212 "" "" 0.0027915122486222932 0.0028901212 0.0038039065 0.0066940277 91.17960790044 24.03098028199 2041.30664 1.050000000000001 -2.652 0.06550000905990605 0.35309095191955553 0.06745596 0.06245596 "" "" 3.4747210683363403 "" 0.21761731488718186 "" 0.9
91.21083060466 24.15957691403 0.014 0.0119 4.6977 "" "" 3426236841000870400 1964.39392 0.4682 0.015 0.979 -2.966 0.017 0.013 0.943 "" "" 13.291235 0.638267 13.525476 12.887209 "" "" 1901.36108 2027.47363 90876.76071 38.422 53116.0 67.232 55498.0 93.985 "" "" 0.002793296978987084 0.0031102558 0.004202911 0.0073131667 91.21083060466 24.15957691403 1964.39392 0.9790000000000013 -2.9660000000000033 -0.005499990940094013 0.03909095191955547 0.064455956 0.06045596 "" "" 0.36756975019407084 "" 0.022251246729865157 "" 0.8
91.20733404722 24.07626104807 0.014 0.0122 1.2432 "" "" 3426201106873550080 1865.203 0.4925 0.015 0.996 -3.039 0.02 0.014 0.943 "" "" 13.304745 0.571601 13.5197 12.948099 "" "" 1804.20605 1912.81921 89752.94492 43.447 53399.0 40.199 52471.0 29.774 "" "" 0.0028049989931310327 0.0029074221 0.0038292676 0.0067366897 91.20733404722 24.07626104807 1865.203 0.9960000000000001 -3.039 0.011500009059906002 -0.03390904808044448 0.06745596 0.061455958 "" "" 0.31656358176675375 "" 0.0196591361404197 "" 0.9
91.19746657854 24.09122789566 0.0137 0.0116 0.7236 "" "" 3426201175593023744 1974.36121 0.4624 0.0148 0.975 -3.098 0.018 0.013 0.995 11116.0 3.8398 13.368556 0.564671 13.579167 13.014496 "" "" 1910.09277 2035.61194 84630.01256 44.213 50553.0 42.683 49358.0 39.432 "" "" 0.0028130989146148005 0.0029369043 0.0038776407 0.006814545 91.19746657854 24.09122789566 1974.36121 0.9750000000000001 -3.098 -0.009499990940094016 -0.0929090480804442 0.06545596 0.06045596 "" "" 0.8740202269274443 "" 0.05288679745016722 "" 1.0
91.18767469635 24.07972717899 0.0133 0.0112 0.2931 "" "" 3426200797635911296 1900.35815 0.4794 0.0148 1.078 -3.128 0.017 0.013 0.905 "" "" 13.481051 0.579309 13.695961 13.116652 "" "" 1823.04871 1963.01086 76300.36674 30.473 45398.0 26.293 44926.0 36.949 "" "" 0.002789232652621147 0.0028601512 0.0038834384 0.0067435894 91.18767469635 24.07972717899 1900.35815 1.078 -3.128 0.09350000905990608 -0.12290904808044445 0.064455956 0.06045596 "" "" 1.3910663539425872 "" 0.08617965366202314 "" 0.9
91.22882954647 24.07349281078 0.0171 0.0146 2.4105 "" "" 3426200935074850304 2001.17603 0.4585 0.019 1.003 -2.969 0.021 0.015 1.092 "" "" 13.629217 0.599444 13.851469 13.252025 "" "" 1928.02698 2072.99951 66567.14037 33.533 39340.0 41.358 39660.0 33.058 "" "" 0.0028090797158436525 0.0030146164 0.0038862259 0.0069008423 91.22882954647 24.07349281078 2001.17603 1.0030000000000001 -2.9690000000000025 0.018500009059905898 0.0360909519195558 0.06845596 0.06245596 "" "" 0.3846990607651316 "" 0.024524941324307513 "" 1.0
91.1510825834 24.06335761054 0.0158 0.0135 2.3183 "" "" 3426212376867212544 1967.88171 0.4677 0.0175 0.939 -3.027 0.021 0.016 1.063 "" "" 13.920005 0.756434 14.213522 13.457088 "" "" 1887.98218 2048.20874 50926.60591 14.511 28184.0 28.289 32834.0 20.745 "" "" 0.002772633880374322 0.0029954417 0.0038411329 0.0068365745 91.1510825834 24.06335761054 1967.88171 0.9390000000000001 -3.027 -0.04549999094009405 -0.02190904808044447 0.06845596 0.06345596 "" "" 0.47105235871940226 "" 0.031816358148440624 "" 1.0
91.20529131487 24.09911599161 0.0183 0.0158 1.3521 "" "" 3426201209952755328 2017.63843 0.4554 0.0205 0.963 -3.01 0.023 0.017 1.001 10294.1 3.8474 14.012323 0.643915 14.255954 13.612039 "" "" 1933.20447 2088.21265 46775.39131 19.47 27104.0 32.129 28467.0 26.219 "" "" 0.0027921374730104907 0.0030727007 0.0039094402 0.006982141 91.20529131487 24.09911599161 2017.63843 0.963 -3.0100000000000025 -0.021499990940094027 -0.004909048080444123 0.07045596 0.064455956 "" "" 0.21090914563565744 "" 0.014799650844440654 "" 1.0
91.18222532504 24.06046893712 0.0192 0.0162 1.4605 "" "" 3426200694556706688 1856.34717 0.5018 0.0211 1.003 -2.993 0.024 0.018 0.954 7959.0 3.8496 14.436807 0.693117 14.704555 14.011437 "" "" 1787.7467 1928.55151 31639.11006 11.229 17931.0 21.211 19705.0 18.289 "" "" 0.0027821348445183046 0.003071577 0.0039114216 0.006982999 91.18222532504 24.06046893712 1856.34717 1.0030000000000012 -2.993 0.018500009059905898 0.012090951919555781 0.071455956 0.06545596 "" "" 0.19446605293743985 "" 0.013557068458588147 "" 0.9
91.18033639819 24.0010969871 0.0189 0.0161 5.0153 "" "" 3426198048856876928 1958.56079 0.4689 0.0213 1.004 -3.005 0.025 0.018 1.01 "" "" 14.469381 0.906873 14.8304 13.923527 "" "" 1885.64221 2019.77747 30703.96067 16.276 15968.0 39.779 21367.0 31.677 "" "" 0.002814789298117555 0.0038859667 0.004107873 0.00799384 91.18033639819 24.0010969871 1958.56079 1.004 -3.005 0.01950000905990601 9.095191955577064e-05 0.07245596 0.06545596 "" "" 0.18103182704705753 "" 0.013116808136563756 "" 1.0
91.21748649674 24.05283897138 0.0212 0.0177 2.5471 "" "" 3426200454038527872 2008.58826 0.4609 0.0236 0.961 -3.072 0.028 0.02 1.016 9286.8 3.9395 14.48222 0.73736 14.767226 14.029866 "" "" 1911.15466 2085.91895 30343.01327 13.234 16925.0 20.009 19374.0 26.886 "" "" 0.0027957162933150577 0.0030712557 0.0040686503 0.0071399063 91.21748649674 24.05283897138 2008.58826 0.9610000000000006 -3.072 -0.02349999094009403 -0.0669090480804444 0.07545596 0.06745596 "" "" 0.6751699650336 "" 0.04616826742075602 "" 1.0
91.10939845274 24.18290436237 0.0197 0.0168 7.2588 "" "" 3426214369732005376 1953.92505 0.4676 0.0217 0.911 -3.026 0.026 0.019 1.021 9470.0 4.0523 14.557038 0.677847 14.816924 14.139077 "" "" 1878.98059 2062.41235 28322.48592 11.035 16168.0 28.411 17520.0 21.928 "" "" 0.002787604511934666 0.0033801054 0.0040162606 0.007396366 91.10939845274 24.18290436237 1953.92505 0.9110000000000008 -3.025999999999997 -0.07349999094009396 -0.020909048080444137 0.07345596 0.06645596 "" "" 0.7077367209486799 "" 0.051633035673903135 "" 1.0
91.17960526912 24.03235149391 0.023 0.019 3.1513 "" "" 3426200350959337216 1982.97253 0.464 0.0261 1.056 -2.988 0.029 0.021 0.934 8919.4 3.8372 14.812492 0.833047 15.138206 14.305159 "" "" 1902.6322 2083.11792 22384.62624 7.5827 12026.0 17.359 15035.0 12.416 "" "" 0.0027797586009305985 0.0032001878 0.0038842803 0.0070844684 91.17960526912 24.03235149391 1982.97253 1.056 -2.988 0.07150000905990606 0.017090951919555675 0.07645596 0.06845596 "" "" 0.6909821858273202 "" 0.05254579746822526 "" 0.9
91.17640861484 24.03296052848 0.0258 0.0216 3.1411 "" "" 3426200350959338368 2072.17798 0.4413 0.028 0.951 -3.047 0.034 0.024 1.01 9261.3 4.043 15.057192 0.916314 15.42342 14.507106 "" "" 1953.02771 2216.82642 17867.76155 6.2289 9248.0 30.419 12483.0 16.006 "" "" 0.002781196038427938 0.004531991 0.004027633 0.008559624 91.17640861484 24.03296052848 2072.17798 0.9510000000000006 -3.047 -0.03349999094009404 -0.04190904808044449 0.08145596 0.071455956 "" "" 0.5269839544472122 "" 0.039793715767054066 "" 0.8
91.22758337128 24.07688376525 0.0285 0.0241 2.2959 "" "" 3426200935074849152 2044.95471 0.4438 0.0302 0.932 -2.953 0.035 0.027 1.037 7663.0 3.9433 15.091711 1.062488 15.5323 14.469812 "" "" 1916.59778 2173.39966 17308.61796 6.1272 8365.6 16.763 12919.0 16.465 "" "" 0.0027819979043250983 0.0035381184 0.0040247343 0.0075628525 91.22758337128 24.07688376525 2044.95471 0.9320000000000007 -2.953000000000002 -0.052499990940093944 0.05209095191955582 0.08245596 0.07445596 "" "" 0.7168766537848381 "" 0.056338693630072316 "" 0.8
91.18141932963 24.12323435379 0.0264 0.0225 2.341 "" "" 3426213029702207488 2128.97681 0.4294 0.0296 0.942 -2.959 0.036 0.026 0.997 7992.8 3.8495 15.130301 0.851878 15.463094 14.611216 "" "" 1977.86414 2281.53638 16704.23485 5.8234 8916.2 18.672 11342.0 14.144 "" "" 0.002781197087922498 0.0035992796 0.0040145917 0.0076138712 91.18141932963 24.12323435379 2128.97681 0.9419999999999993 -2.958999999999998 -0.042499990940094046 0.04609095191955559 0.08345596 0.07345596 "" "" 0.6326741393183593 "" 0.04948158480490371 "" 1.0
91.14022728217 23.9637225106 0.0253 0.0218 7.6774 "" "" 3426197499101093120 2148.31812 0.4258 0.0289 1.01 -3.092 0.033 0.024 0.848 9327.5 4.1131 15.140951 1.018631 15.558131 14.5395 "" "" 2016.59851 2309.97827 16541.17081 5.9016 8168.9 16.903 12116.0 17.913 "" "" 0.0027824173281264563 0.0035822103 0.004106147 0.0076883575 91.14022728217 23.9637225106 2148.31812 1.01 -3.092 0.025500009059906015 -0.08690904808044442 0.08045596 0.071455956 "" "" 0.9223054046074051 "" 0.06659994205115999 "" 0.8
91.18349663818 24.12189163242 0.0318 0.0268 2.2499 "" "" 3426213029702206848 1987.12268 0.4618 0.0359 0.968 -3.073 0.046 0.032 1.015 7812.5 4.2413 15.483325 1.011501 15.899624 14.888123 "" "" 1845.88208 2133.70508 12067.48838 4.8499 5964.4 15.458 8788.4 16.529 "" "" 0.0027896586287999054 0.003962721 0.0042957645 0.008258486 91.18349663818 24.12189163242 1987.12268 0.9679999999999993 -3.0729999999999995 -0.016499990940094023 -0.06790904808044429 0.093455955 0.07945596 "" "" 0.6582424592790036 "" 0.05285729320871676 "" 0.8
91.17836885548 23.9690568987 0.0362 0.0312 6.9406 "" "" 3426197838401767296 2100.54712 0.4317 0.0424 0.978 -3.04 0.048 0.034 1.006 8837.9 4.2393 15.904513 1.265356 16.45834 15.192984 "" "" 1919.9707 2307.58936 8187.31002 3.9311 3565.2 22.339 6636.9 10.639 "" "" 0.0028042030783599087 0.007353002 0.0041608736 0.011513876 91.17836885548 23.9690568987 2100.54712 0.9780000000000012 -3.04 -0.006499990940094014 -0.03490904808044437 0.09545596 0.08145596 "" "" 0.3535490151802925 "" 0.028978221650213208 "" 0.8
