Clusters/IC_2157/IC_2157_stars_in_region.tsv
# %ECSV 1.0
# ---
# datatype:
# - name: RA_ICRS_1
#   unit: deg
#   datatype: float64
#   format: '{:15.11f}'
#   description: Right ascension (ICRS) at Ep=2016.0 (ra)
#   meta: !!omap
#   - {ucd: POS_EQ_RA_MAIN}
#   - {width: 15}
#   - {precision: '11'}
# - name: DE_ICRS_1
#   unit: deg
#   datatype: float64
#   format: '{:15.11f}'
#   description: Declination (ICRS) at Ep=2016.0 (dec)
#   meta: !!omap
#   - {ucd: POS_EQ_DEC_MAIN}
#   - {width: 15}
#   - {precision: '11'}
# - name: e_RA_ICRS
#   unit: mas
#   datatype: float64
#   format: '{:7.4f}'
#   description: Standard error of right ascension (ra_error)
#   meta: !!omap
#   - {ucd: ERROR}
#   - {width: 7}
#   - {precision: '4'}
# - name: e_DE_ICRS
#   unit: mas
#   datatype: float64
#   format: '{:7.4f}'
#   description: Standard error of declination (dec_error)
#   meta: !!omap
#   - {ucd: ERROR}
#   - {width: 7}
#   - {precision: '4'}
# - name: _r_1
#   unit: ''
#   datatype: float64
#   format: '{:7.4f}'
#   description: Distance from center (091.18650744000+24.08449442000)[ICRS], at Epoch=J2016.0
#   meta: !!omap
#   - {ucd: POS_ANG_DIST_GENERAL}
#   - {width: 7}
#   - {precision: '4'}
# - name: HIP
#   datatype: int32
#   description: '? HIP cross-id number, van Leeuwen, Cat. I/311 (hip_original_ext_source_id)'
#   meta: !!omap
#   - {ucd: ID_NUMBER}
#   - {width: 6}
#   - values: {'null': -2147483648}
# - name: TYC2
#   datatype: string
#   description: Tycho-2 cross-id name, Hog et al., Cat. I/259 (tyc2_original_ext_source_id)
#   meta: !!omap
#   - {ucd: ID_CROSSID}
#   - {_votable_string_dtype: char}
# - name: Source
#   datatype: int64
#   description: Source identifier, identical to the Gaia-EDR3 source_id (id)
#   meta: !!omap
#   - {ucd: ID_MAIN}
#   - {width: 19}
# - name: rgeo
#   unit: pc
#   datatype: float64
#   format: '{:15.8f}'
#   description: '? Median of the geometric distance posterior (r_med_geo)'
#   meta: !!omap
#   - {ucd: PHYS_DISTANCE_TRUE}
#   - {width: 15}
#   - {precision: '8'}
#   - values: {'null': .nan}
# - name: Plx
#   unit: mas
#   datatype: float64
#   format: '{:9.4f}'
#   description: '? Parallax (parallax)'
#   meta: !!omap
#   - {ucd: POS_PARLX_TRIG}
#   - {width: 9}
#   - {precision: '4'}
#   - values: {'null': .nan}
# - name: e_Plx
#   unit: mas
#   datatype: float32
#   format: '{:7.4f}'
#   description: '? Standard error of parallax (parallax_error)'
#   meta: !!omap
#   - {ucd: ERROR}
#   - {width: 7}
#   - {precision: '4'}
#   - values: {'null': .nan}
# - name: pmRA
#   unit: mas / yr
#   datatype: float64
#   format: '{:9.3f}'
#   description: '? Proper motion in right ascension direction, pmRA*cosDE (pmra)'
#   meta: !!omap
#   - {ucd: POS_EQ_PMRA}
#   - {width: 9}
#   - {precision: '3'}
#   - values: {'null': .nan}
# - name: pmDE
#   unit: mas / yr
#   datatype: float64
#   format: '{:9.3f}'
#   description: '? Proper motion in declination direction (pmdec)'
#   meta: !!omap
#   - {ucd: POS_EQ_PMDEC}
#   - {width: 9}
#   - {precision: '3'}
#   - values: {'null': .nan}
# - name: e_pmRA
#   unit: mas / yr
#   datatype: float32
#   format: '{:6.3f}'
#   description: '? Standard error of proper motion in right ascension direction (pmra_error)'
#   meta: !!omap
#   - {ucd: ERROR}
#   - {width: 6}
#   - {precision: '3'}
#   - values: {'null': .nan}
# - name: e_pmDE
[...]
#         unit: &id001 !astropy.units.Unit {unit: deg}
#         value: !astropy.table.SerializedColumn {name: SkyCoord.dec}
#       distance: !astropy.table.SerializedColumn
#         __class__: astropy.coordinates.distances.Distance
#         unit: !astropy.units.Unit {unit: pc}
#         value: !astropy.table.SerializedColumn {name: SkyCoord.distance}
#       frame: icrs
#       obstime: !astropy.time.Time {format: jyear_str, in_subfmt: '*', jd1: 367701545.0, jd2: 0.0, out_subfmt: '*', precision: 3, scale: tt}
#       pm_dec: !astropy.table.SerializedColumn
#         __class__: astropy.units.quantity.Quantity
#         unit: !astropy.units.Unit {unit: mas / yr}
#         value: !astropy.table.SerializedColumn {name: SkyCoord.pm_dec}
#       pm_ra_cosdec: !astropy.table.SerializedColumn
#         __class__: astropy.units.quantity.Quantity
#         unit: !astropy.units.Unit {unit: mas / yr}
#         value: !astropy.table.SerializedColumn {name: SkyCoord.pm_ra_cosdec}
#       ra: !astropy.table.SerializedColumn
#         __class__: astropy.coordinates.angles.Longitude
#         unit: *id001
#         value: !astropy.table.SerializedColumn {name: SkyCoord.ra}
#         wrap_angle: !astropy.coordinates.Angle
#           unit: *id001
#           value: 360.0
#       representation_type: spherical
# schema: astropy-2.0
RA_ICRS_1 DE_ICRS_1 e_RA_ICRS e_DE_ICRS _r_1 HIP TYC2 Source rgeo Plx e_Plx pmRA pmDE e_pmRA e_pmDE RUWE Teff logg Gmag BP-RP BPmag RPmag RV e_RV b_rgeo B_rgeo FG e_FG FBP e_FBP FRP e_FRP RAVE5 RAVE6 e_Gmag e_BPmag e_RPmag e_BP-RP SkyCoord.ra SkyCoord.dec SkyCoord.distance SkyCoord.pm_ra_cosdec SkyCoord.pm_dec
[from data line 492]
91.12114506951 23.92321759555 0.0539 0.046 10.3185 "" "" 3426197258582949376 1781.92664 0.5471 0.0606 0.911 -2.956 0.069 0.048 1.017 5739.3 4.5593 16.698263 1.516196 17.400562 15.884366 "" "" 1604.94165 1987.41504 3941.32069 2.7645 1496.9 12.366 3510.8 9.9673 "" "" 0.0028586272313087767 0.009393306 0.0048770085 0.014270315 91.12114506951 23.92321759555 1781.92664 0.9109999999999999 -2.956
91.09175837831 23.76247278028 0.0595 0.0494 20.0079 "" "" 3426185606334355584 1835.60925 0.5397 0.0676 -1.246 -1.652 0.074 0.05 1.014 8584.3 4.4239 16.698494 1.678671 17.483412 15.804741 "" "" 1620.72119 2070.125 3940.48137 3.0872 1386.9 16.135 3778.0 13.52 "" "" 0.002883636203045142 0.012935797 0.005420359 0.018356156 91.09175837831 23.76247278028 1835.60925 -1.2460000000000002 -1.6519999999999997
91.06358322089 24.17096780772 0.0541 0.0452 8.4987 "" "" 3426216976774377344 1808.31592 0.5315 0.0595 0.562 -1.914 0.066 0.047 1.016 5405.4 4.6477 16.698906 1.309728 17.27533 15.965602 "" "" 1658.00183 2122.83179 3938.98497 2.7625 1679.9 12.107 3257.7 10.903 "" "" 0.002858600686540005 0.0083074495 0.0052429116 0.013550362 91.06358322089 24.17096780772 1808.31592 0.5619999999999999 -1.9140000000000004
91.10231986254 23.96131173527 0.0542 0.0457 8.7128 "" "" 3426198186295874688 2218.38354 0.4263 0.0596 1.092 -1.094 0.069 0.048 0.982 5949.1 4.4965 16.703856 1.289905 17.263233 15.973329 "" "" 1962.16992 2642.38916 3921.07002 2.4817 1698.7 15.623 3234.6 13.495 "" "" 0.0028397187209515964 0.010368042 0.0058993716 0.016267413 91.10231986254 23.96131173527 2218.38354 1.0919999999999996 -1.094
91.30051184798 23.99895294927 0.0594 0.0503 8.0849 "" "" 3426196704530491136 1852.00439 0.5353 0.0638 -2.184 -3.945 0.077 0.056 1.033 5503.9 4.623 16.704523 1.362 17.289053 15.927053 "" "" 1665.26685 2095.94507 3918.66189 3.0838 1658.8 19.679 3375.5 14.885 "" "" 0.002884757760212547 0.013179257 0.0060997256 0.019278983 91.30051184798 23.99895294927 1852.00439 -2.184 -3.944999999999999
91.2899208036 23.81299712999 0.0557 0.048 17.2486 "" "" 3426145542879549056 2047.76135 0.4755 0.0579 -0.072 -1.984 0.071 0.054 0.974 4851.8 4.2762 16.7115 1.653926 17.487133 15.833207 "" "" 1829.32239 2324.17944 3893.55564 4.1733 1382.2 10.623 3680.2 16.644 "" "" 0.0029910014854891637 0.008798626 0.0061963745 0.014995001 91.2899208036 23.81299712999 2047.76135 -0.07199999999999998 -1.984
91.14062666417 23.81990389094 0.0566 0.0481 16.0735 "" "" 3426187633559061888 2140.61011 0.4603 0.0637 -1.49 -5.556 0.073 0.051 1.034 5507.6 4.6319 16.717352 1.332859 17.302763 15.969904 "" "" 1894.76624 2413.66895 3872.62649 2.8259 1638.0 9.6899 3244.9 14.584 "" "" 0.0028669649085512907 0.007002744 0.0061721886 0.013174932 91.14062666417 23.81990389094 2140.61011 -1.4899999999999998 -5.555999999999999
90.99227761083 24.25865857926 0.0588 0.051 14.9077 "" "" 3426406058414161920 1939.39929 0.4956 0.0696 -2.303 -6.511 0.075 0.053 0.898 5650.5 4.6378 16.718796 1.420691 17.357105 15.936414 "" "" 1738.11633 2209.72217 3867.48412 2.8598 1558.0 10.191 3346.5 15.059 "" "" 0.0028699039510458138 0.007630323 0.0061769006 0.013807224 90.99227761083 24.25865857926 1939.39929 -2.3029999999999995 -6.510999999999999
91.47511181845 24.16495952577 0.071 0.0603 16.5248 "" "" 3426223097105928448 1723.39087 0.5955 0.0848 0.409 -0.81 0.072 0.054 0.853 5279.6 4.7147 16.722721 1.271221 17.281172 16.00995 "" "" 1502.68176 1985.99121 3853.52284 3.5128 1670.9 14.453 3127.4 8.9403 "" "" 0.0029276899792861715 0.009797146 0.0048905285 0.014687674 91.47511181845 24.16495952577 1723.39087 0.40900000000000003 -0.81
91.11068716681 24.16604928695 0.0736 0.0608 6.4173 "" "" 3426214369732012160 2186.47437 0.4672 0.0814 3.188 -4.189 0.098 0.071 1.377 5234.5 4.6092 16.728437 1.386809 17.332573 15.945764 "" "" 1850.02246 2561.2981 3833.29256 5.9529 1593.6 15.013 3317.8 12.79 "" "" 0.003230277249354313 0.01060224 0.005639319 0.01624156 91.11068716681 24.16604928695 2186.47437 3.188 -4.189
90.92004055527 24.2201463874 0.0655 0.0574 16.7053 "" "" 3426404653964344576 1801.0769 0.5773 0.0745 0.625 -0.838 0.083 0.057 1.082 5419.0 4.6896 16.730427 1.34951 17.323814 15.974304 "" "" 1579.24707 2083.65088 3826.27092 2.9132 1606.5 13.155 3231.7 12.419 "" "" 0.002876652712264482 0.00931821 0.0056295795 0.01494779 90.92004055527 24.2201463874 1801.0769 0.6249999999999999 -0.8380000000000001
91.18400264409 24.1308954474 0.0582 0.0499 2.7874 "" "" 3426213235860633088 1812.88721 0.5508 0.061 1.192 -3.309 0.075 0.056 1.007 5342.0 4.6424 16.744452 1.320019 17.329638 16.009619 "" "" 1615.65625 2009.93994 3777.16793 2.8505 1597.9 11.619 3128.3 18.218 "" "" 0.002874570151819987 0.008373385 0.0073663318 0.015739717 91.18400264409 24.1308954474 1812.88721 1.192 -3.309
91.25457810772 23.94508041198 0.0601 0.0506 9.1591 "" "" 3426194475444083200 1868.18823 0.5326 0.0669 -0.791 -2.828 0.077 0.056 1.044 5078.4 4.5421 16.751696 1.343416 17.346767 16.003351 "" "" 1620.04651 2100.72363 3752.05025 3.0269 1572.9 9.7278 3146.4 14.747 "" "" 0.0028911913522724104 0.0072714905 0.0063387263 0.013610217 91.25457810772 23.94508041198 1868.18823 -0.791 -2.8280000000000007
91.13540173641 24.40458669272 0.0662 0.0586 19.408 "" "" 3426432347913287552 1681.14124 0.5841 0.0806 1.139 -3.287 0.079 0.062 1.001 4576.7 4.311 16.759686 1.345108 17.36609 16.020983 "" "" 1437.67957 2207.10522 3724.54224 2.8195 1545.2 10.15 3095.7 14.285 "" "" 0.0028752952959620963 0.0076582725 0.0062757265 0.013933999 91.13540173641 24.40458669272 1681.14124 1.1389999999999998 -3.287
91.42022643389 23.83230977846 0.0576 0.0496 19.8285 "" "" 3426146440529831168 1860.02515 0.5177 0.0609 -0.335 -1.532 0.073 0.052 1.041 5722.2 4.6247 16.765366 1.381981 17.375847 15.993866 "" "" 1701.03528 2125.00464 3705.10553 2.7693 1531.4 12.42 3174.0 15.129 "" "" 0.0028723400597986852 0.009237046 0.0064083133 0.015645359 91.42022643389 23.83230977846 1860.02515 -0.335 -1.532
90.94490963959 23.87101159242 0.057 0.047 18.4255 "" "" 3426202064649293696 2023.39563 0.4689 0.065 0.744 -3.148 0.071 0.049 0.991 5900.0 4.5691 16.767633 1.409303 17.398266 15.988963 "" "" 1828.547 2262.95068 3697.37588 2.9424 1500.1 9.9403 3188.4 14.114 "" "" 0.0028876200456849723 0.0077166436 0.0061141853 0.013830829 90.94490963959 23.87101159242 2023.39563 0.7439999999999999 -3.148
91.15107999508 24.05233086078 0.0594 0.0509 2.737 "" "" 3426200621540801024 2166.28491 0.46 0.0644 -1.092 1.386 0.075 0.058 1.037 5655.4 4.6619 16.770914 1.309631 17.345144 16.035513 "" "" 1881.04834 2522.81689 3686.2205 2.7964 1575.3 22.777 3054.6 14.815 "" "" 0.0028757933557551235 0.015944505 0.0064817662 0.022426272 91.15107999508 24.05233086078 2166.28491 -1.092 1.386
90.9651875699 24.20251962108 0.0641 0.0562 14.0351 "" "" 3426216740553996288 1655.85962 0.5917 0.0772 -0.378 -0.173 0.084 0.055 1.014 5340.1 4.6484 16.777992 1.392513 17.406452 16.013939 "" "" 1485.19922 1835.21936 3662.26853 3.2501 1488.8 11.225 3115.9 14.596 "" "" 0.0029189387287142372 0.008648493 0.0063364753 0.014984969 90.9651875699 24.20251962108 1655.85962 -0.378 -0.173
91.48535388884 23.97284352474 0.0751 0.0655 17.6941 "" "" 3426171866736124928 1518.84387 0.6466 0.0749 -4.537 0.831 0.081 0.061 1.052 5421.8 4.6754 16.785858 1.493554 17.464176 15.970622 "" "" 1370.9176 1714.85803 3635.8297 2.6668 1411.7 11.997 3242.7 17.007 "" "" 0.002868097608286533 0.009639515 0.0068344357 0.01647395 91.48535388884 23.97284352474 1518.84387 -4.537 0.831
91.09466763226 24.08441713111 0.0559 0.0471 5.0307 "" "" 3426211238697859072 1547.84827 0.6219 0.0614 1.907 -3.935 0.072 0.053 1.021 5160.5 4.6659 16.78609 1.320181 17.371832 16.051651 "" "" 1400.10413 1697.90674 3635.04916 2.7464 1537.0 10.677 3009.5 13.102 "" "" 0.002874838659263903 0.008041782 0.006051975 0.014093757 91.09466763226 24.08441713111 1547.84827 1.9070000000000005 -3.9350000000000005
91.5177645762 24.03335475714 0.0729 0.0686 18.4063 "" "" 3426174168835013504 1900.45996 0.5254 0.0759 -0.452 -2.498 0.09 0.083 0.975 "" "" 16.793232 "" "" "" "" "" 1638.92603 2231.82959 3611.217 11.543 "" "" "" "" "" "" 0.004431254232240891 "" "" "" 91.5177645762 24.03335475714 1900.45996 -0.452 -2.498
90.88615368445 24.16152816409 0.0593 0.0531 17.0845 "" "" 3426403794970914688 1928.43042 0.5031 0.0722 1.329 -3.243 0.077 0.053 0.978 5438.6 4.6309 16.793602 1.434671 17.441463 16.006792 "" "" 1735.91626 2178.30127 3609.9888 2.9608 1441.6 10.355 3136.5 12.761 "" "" 0.002895644353669601 0.008282925 0.0058135083 0.014096433 90.88615368445 24.16152816409 1928.43042 1.329 -3.2430000000000003
91.4785176234 24.20334300293 0.0695 0.0629 17.5061 "" "" 3426226258201839744 1602.70972 0.6133 0.0844 0.847 -5.468 0.076 0.057 0.972 4792.9 4.3475 16.796154 1.340323 17.39121 16.050888 "" "" 1448.09888 1844.03308 3601.51383 3.1836 1509.8 11.396 3011.6 13.057 "" "" 0.0029176887655833826 0.0086571155 0.0060367417 0.014693857 91.4785176234 24.20334300293 1602.70972 0.8469999999999999 -5.468
91.33068257546 24.25696466148 0.0661 0.0564 13.0143 "" "" 3426238971304575232 2058.62183 0.4806 0.0705 -0.086 -4.845 0.077 0.056 1.038 5192.9 4.7241 16.798706 1.256535 17.351065 16.09453 "" "" 1814.18274 2347.09033 3593.05837 2.5229 1566.7 20.317 2893.0 10.273 "" "" 0.00285884279968534 0.014353649 0.005398897 0.019752545 91.33068257546 24.25696466148 2058.62183 -0.086 -4.844999999999999
91.00032762059 24.31481476728 0.071 0.0601 17.1694 "" "" 3426406921707008896 2099.7168 0.5131 0.0788 5.211 -6.193 0.093 0.061 1.027 5259.4 4.6312 16.80112 1.462759 17.455505 15.992746 "" "" 1758.95251 2558.09131 3585.07367 2.5752 1423.0 12.337 3177.3 18.037 "" "" 0.0028635692030133638 0.0098178405 0.007230006 0.017047847 91.00032762059 24.31481476728 2099.7168 5.210999999999999 -6.1930000000000005
91.41485286154 23.8879233927 0.0648 0.0558 17.1987 "" "" 3426147295226400000 1973.86816 0.4829 0.0664 3.591 -0.662 0.083 0.06 1.104 "" "" 16.801794 1.605808 17.549469 15.943661 "" "" 1744.37817 2312.71289 3582.85195 2.5814 1305.1 11.625 3324.3 10.43 "" "" 0.0028642134967335102 0.010065496 0.005088022 0.015153518 91.41485286154 23.8879233927 1973.86816 3.591 -0.6619999999999999
91.29330522202 24.21785976091 0.0628 0.053 9.9105 "" "" 3426237352099352320 1824.09363 0.5415 0.068 -3.374 -1.343 0.074 0.053 1.046 5141.5 4.5841 16.803595 1.301538 17.382298 16.08076 "" "" 1644.58667 2034.92932 3576.91551 2.5583 1522.3 13.775 2929.9 17.756 "" "" 0.00286265835703622 0.010213137 0.007588036 0.017801173 91.29330522202 24.21785976091 1824.09363 -3.3739999999999997 -1.343
91.14071086674 24.05909997026 0.0811 0.07 2.9353 "" "" 3426212376867218176 1842.36829 0.5516 0.0892 0.368 -2.157 0.099 0.075 1.376 "" "" 16.813082 1.312136 17.352234 16.040098 "" "" 1563.13623 2206.31323 3545.79947 8.3818 1565.0 10.213 3041.7 9.4373 "" "" 0.003765487711336752 0.0076149656 0.005062758 0.012677724 91.14071086674 24.05909997026 1842.36829 0.3679999999999999 -2.1570000000000005
91.27389235798 24.20987367874 0.0648 0.0555 8.9152 "" "" 3426237218957955840 2119.88135 0.4735 0.071 -1.181 -3.239 0.076 0.059 1.025 5535.4 4.7155 16.821201 1.254169 17.372614 16.118444 "" "" 1870.32812 2399.67798 3519.38144 2.8362 1535.9 15.878 2830.0 15.676 "" "" 0.00289091121834152 0.011565844 0.0071030655 0.018668909 91.27389235798 24.20987367874 2119.88135 -1.1810000000000003 -3.239
91.33847100542 23.99503553541 0.0629 0.0531 9.907 "" "" 3426196567091526400 1589.61865 0.6136 0.0667 1.302 -2.667 0.081 0.06 1.014 5366.7 4.6836 16.8213 1.393908 17.453203 16.059296 "" "" 1447.87561 1757.79077 3519.05959 2.6606 1426.1 9.7368 2988.4 14.251 "" "" 0.002875000151635875 0.007920654 0.006410271 0.0143309245 91.33847100542 23.99503553541 1589.61865 1.3019999999999998 -2.6670000000000003
91.17807937481 24.20807088273 0.0672 0.0574 7.4289 "" "" 3426237974872229376 1943.25293 0.4945 0.0691 2.092 3.468 0.083 0.064 1.028 5471.2 4.6587 16.821863 1.363207 17.432583 16.069376 "" "" 1716.03186 2203.21631 3517.23445 2.7839 1453.4 12.561 2960.8 10.621 "" "" 0.0028862248752033587 0.00978951 0.0054270504 0.01521656 91.17807937481 24.20807088273 1943.25293 2.0919999999999996 3.4679999999999995
91.42758951466 23.86056768478 0.0654 0.0559 18.847 "" "" 3426146646688245248 2207.41846 0.4445 0.0643 1.232 -2.025 0.082 0.058 1.034 "" "" 16.822126 1.243208 17.361597 16.11839 "" "" 1926.42944 2662.60742 3516.38558 2.6764 1551.6 13.345 2830.1 11.979 "" "" 0.0028765761357381655 0.009746129 0.0059500714 0.0156962 91.42758951466 23.86056768478 2207.41846 1.2319999999999998 -2.025
91.38843496636 24.15974076665 0.0619 0.053 11.9438 "" "" 3426225841586861440 1582.06812 0.6244 0.0692 0.79 -7.775 0.075 0.054 0.955 4988.6 4.5903 16.822714 1.324898 17.409344 16.084446 "" "" 1435.05737 1762.92896 3514.48127 2.9076 1484.8 10.996 2920.0 11.209 "" "" 0.002898041455148767 0.008510997 0.0056262244 0.0141372215 91.38843496636 24.15974076665 1582.06812 0.79 -7.774999999999999
90.89060376021 23.96899565894 0.0651 0.0556 17.6346 "" "" 3426205019587068544 2060.26978 0.4618 0.0779 1.401 -2.859 0.076 0.051 0.989 6049.8 4.4433 16.830894 1.62837 17.597557 15.969187 "" "" 1800.0813 2436.57031 3488.10213 2.6849 1248.5 13.715 3247.0 10.939 "" "" 0.0028792751000101015 0.012249025 0.005259583 0.017508607 90.89060376021 23.96899565894 2060.26978 1.401 -2.859
91.45841442781 24.21596897298 0.0738 0.0651 16.8474 "" "" 3426226326922196992 1773.7981 0.5666 0.0863 0.583 0.352 0.08 0.059 0.989 5242.9 4.713 16.836815 1.48633 17.51821 16.03188 "" "" 1538.12866 2038.51526 3469.1303 2.92 1343.2 14.702 3064.8 15.458 "" "" 0.0029029219663703637 0.012207081 0.0066537177 0.018860798 91.45841442781 24.21596897298 1773.7981 0.5829999999999999 0.352
91.31365276308 24.40899359174 0.0677 0.0611 20.6751 "" "" 3426249863341578368 1713.9447 0.5665 0.0774 -1.439 0.177 0.071 0.055 1.035 5082.5 4.7174 16.842022 1.423834 17.493502 16.069668 "" "" 1519.05627 1998.60315 3452.53261 2.5142 1374.1 12.148 2960.0 10.771 "" "" 0.00286651752570576 0.009995968 0.005467431 0.015463399 91.31365276308 24.40899359174 1713.9447 -1.4390000000000003 0.177
91.19001923915 24.0764891543 0.0595 0.0505 0.5174 "" "" 3426200793341859968 2176.73633 0.4504 0.0658 -0.204 -0.151 0.077 0.057 0.995 5509.8 4.6911 16.845476 1.243132 17.36128 16.118149 "" "" 1897.34485 2513.37793 3441.56488 2.6518 1552.0 13.913 2830.7 22.789 "" "" 0.002879524397739141 0.010125178 0.009522967 0.019648146 91.19001923915 24.0764891543 2176.73633 -0.20400000000000001 -0.151
91.26991045804 24.37251416178 0.0703 0.0634 17.8736 "" "" 3426243816027660800 2221.66235 0.451 0.0768 1.745 -2.277 0.072 0.056 0.979 5031.3 4.5823 16.857138 1.320507 17.444624 16.124117 "" "" 1875.49377 2641.02344 3404.80323 2.4249 1437.4 10.2 2815.2 10.166 "" "" 0.0028617690470946356 0.008194206 0.005445707 0.013639914 91.26991045804 24.37251416178 2221.66235 1.745 -2.2770000000000006
90.95142792718 23.84367769775 0.0667 0.0576 19.3623 "" "" 3426190141820009728 1726.48645 0.5788 0.0792 1.017 1.713 0.09 0.06 1.045 5579.4 4.657 16.861229 1.529667 17.556585 16.026918 "" "" 1475.88086 2061.90649 3391.99643 2.9551 1296.5 10.27 3078.9 11.181 "" "" 0.0029131596577179233 0.009041745 0.00546166 0.014503405 90.95142792718 23.84367769775 1726.48645 1.017 1.7130000000000003
91.2562644689 24.25774290416 0.0629 0.0529 11.0741 "" "" 3426238387189049088 1648.19543 0.5967 0.0685 2.173 -6.227 0.076 0.058 0.989 5171.6 4.6645 16.863535 1.332001 17.47117 16.13917 "" "" 1469.88794 1830.90271 3384.79978 2.4383 1402.6 12.542 2776.5 14.685 "" "" 0.0028641779431452805 0.010101597 0.006874589 0.016976185 91.2562644689 24.25774290416 1648.19543 2.173 -6.2269999999999985
