Clusters/IC_2157/IC_2157_stars_in_region.tsv
# %ECSV 1.0
# ---
# datatype:
# - name: RA_ICRS_1
#   unit: deg
#   datatype: float64
#   format: '{:15.11f}'
#   description: Right ascension (ICRS) at Ep=2016.0 (ra)
#   meta: !!omap
#   - {ucd: POS_EQ_RA_MAIN}
#   - {width: 15}
#   - {precision: '11'}
# - name: DE_ICRS_1
#   unit: deg
#   datatype: float64
#   format: '{:15.11f}'
#   description: Declination (ICRS) at Ep=2016.0 (dec)
#   meta: !!omap
#   - {ucd: POS_EQ_DEC_MAIN}
#   - {width: 15}
#   - {precision: '11'}
# - name: e_RA_ICRS
#   unit: mas
#   datatype: float64
#   format: '{:7.4f}'
#   description: Standard error of right ascension (ra_error)
#   meta: !!omap
#   - {ucd: ERROR}
#   - {width: 7}
#   - {precision: '4'}
# - name: e_DE_ICRS
#   unit: mas
#   datatype: float64
#   format: '{:7.4f}'
#   description: Standard error of declination (dec_error)
#   meta: !!omap
#   - {ucd: ERROR}
#   - {width: 7}
#   - {precision: '4'}
# - name: _r_1
#   unit: ''
#   datatype: float64
#   format: '{:7.4f}'
#   description: Distance from center (091.18650744000+24.08449442000)[ICRS], at Epoch=J2016.0
#   meta: !!omap
#   - {ucd: POS_ANG_DIST_GENERAL}
#   - {width: 7}
#   - {precision: '4'}
# - name: HIP
#   datatype: int32
#   description: '? HIP cross-id number, van Leeuwen, Cat. I/311 (hip_original_ext_source_id)'
#   meta: !!omap
#   - {ucd: ID_NUMBER}
#   - {width: 6}
#   - values: {'null': -2147483648}
# - name: TYC2
#   datatype: string
#   description: Tycho-2 cross-id name, Hog et al., Cat. I/259 (tyc2_original_ext_source_id)
#   meta: !!omap
#   - {ucd: ID_CROSSID}
#   - {_votable_string_dtype: char}
# - name: Source
#   datatype: int64
#   description: Source identifier, identical to the Gaia-EDR3 source_id (id)
#   meta: !!omap
#   - {ucd: ID_MAIN}
#   - {width: 19}
# - name: rgeo
#   unit: pc
#   datatype: float64
#   format: '{:15.8f}'
#   description: '? Median of the geometric distance posterior (r_med_geo)'
#   meta: !!omap
#   - {ucd: PHYS_DISTANCE_TRUE}
#   - {width: 15}
#   - {precision: '8'}
#   - values: {'null': .nan}
# - name: Plx
#   unit: mas
#   datatype: float64
#   format: '{:9.4f}'
#   description: '? Parallax (parallax)'
#   meta: !!omap
#   - {ucd: POS_PARLX_TRIG}
#   - {width: 9}
#   - {precision: '4'}
#   - values: {'null': .nan}
# - name: e_Plx
#   unit: mas
#   datatype: float32
#   format: '{:7.4f}'
#   description: '? Standard error of parallax (parallax_error)'
#   meta: !!omap
#   - {ucd: ERROR}
#   - {width: 7}
#   - {precision: '4'}
#   - values: {'null': .nan}
# - name: pmRA
#   unit: mas / yr
#   datatype: float64
#   format: '{:9.3f}'
#   description: '? Proper motion in right ascension direction, pmRA*cosDE (pmra)'
#   meta: !!omap
#   - {ucd: POS_EQ_PMRA}
#   - {width: 9}
#   - {precision: '3'}
#   - values: {'null': .nan}
# - name: pmDE
#   unit: mas / yr
#   datatype: float64
#   format: '{:9.3f}'
#   description: '? Proper motion in declination direction (pmdec)'
#   meta: !!omap
#   - {ucd: POS_EQ_PMDEC}
#   - {width: 9}
#   - {precision: '3'}
#   - values: {'null': .nan}
# - name: e_pmRA
#   unit: mas / yr
#   datatype: float32
#   format: '{:6.3f}'
#   description: '? Standard error of proper motion in right ascension direction (pmra_error)'
#   meta: !!omap
#   - {ucd: ERROR}
#   - {width: 6}
#   - {precision: '3'}
#   - values: {'null': .nan}
# - name: e_pmDE
[...]
#         unit: &id001 !astropy.units.Unit {unit: deg}
#         value: !astropy.table.SerializedColumn {name: SkyCoord.dec}
#       distance: !astropy.table.SerializedColumn
#         __class__: astropy.coordinates.distances.Distance
#         unit: !astropy.units.Unit {unit: pc}
#         value: !astropy.table.SerializedColumn {name: SkyCoord.distance}
#       frame: icrs
#       obstime: !astropy.time.Time {format: jyear_str, in_subfmt: '*', jd1: 367701545.0, jd2: 0.0, out_subfmt: '*', precision: 3, scale: tt}
#       pm_dec: !astropy.table.SerializedColumn
#         __class__: astropy.units.quantity.Quantity
#         unit: !astropy.units.Unit {unit: mas / yr}
#         value: !astropy.table.SerializedColumn {name: SkyCoord.pm_dec}
#       pm_ra_cosdec: !astropy.table.SerializedColumn
#         __class__: astropy.units.quantity.Quantity
#         unit: !astropy.units.Unit {unit: mas / yr}
#         value: !astropy.table.SerializedColumn {name: SkyCoord.pm_ra_cosdec}
#       ra: !astropy.table.SerializedColumn
#         __class__: astropy.coordinates.angles.Longitude
#         unit: *id001
#         value: !astropy.table.SerializedColumn {name: SkyCoord.ra}
#         wrap_angle: !astropy.coordinates.Angle
#           unit: *id001
#           value: 360.0
#       representation_type: spherical
# schema: astropy-2.0
RA_ICRS_1 DE_ICRS_1 e_RA_ICRS e_DE_ICRS _r_1 HIP TYC2 Source rgeo Plx e_Plx pmRA pmDE e_pmRA e_pmDE RUWE Teff logg Gmag BP-RP BPmag RPmag RV e_RV b_rgeo B_rgeo FG e_FG FBP e_FBP FRP e_FRP RAVE5 RAVE6 e_Gmag e_BPmag e_RPmag e_BP-RP SkyCoord.ra SkyCoord.dec SkyCoord.distance SkyCoord.pm_ra_cosdec SkyCoord.pm_dec
[from data line 122]
90.98858166234 23.88443247706 0.0924 0.0742 16.1807 "" "" 3426191761024888704 1525.26306 0.6471 0.1069 1.064 -3.192 0.121 0.083 4.801 7644.8 3.2254 14.701539 1.142947 15.163528 14.020581 "" "" 1314.99707 1805.40393 24793.11441 13.468 11749.0 16.58 19540.0 23.297 "" "" 0.002817736669185856 0.003183175 0.003994927 0.0071781017 90.98858166234 23.88443247706 1525.26306 1.0640000000000003 -3.192
91.28774680466 23.88316191676 0.0242 0.0215 13.2939 "" "" 3426193341572728320 2164.5105 0.3972 0.0286 0.42 -1.525 0.032 0.024 1.022 6474.5 2.4963 14.704763 3.032062 16.47924 13.447178 67.96 1.97 2025.61145 2302.88135 24719.5963 16.026 3497.2 22.0 33135.0 33.663 "" "" 0.002843810467452837 0.0073780213 0.003937057 0.0113150785 91.28774680466 23.88316191676 2164.5105 0.41999999999999993 -1.5250000000000001
91.07088428371 24.09786059583 0.0207 0.0176 6.3837 "" "" 3426212067629581824 1509.65588 0.6177 0.0233 -1.363 2.143 0.027 0.019 1.042 6562.0 4.0808 14.742003 1.087899 15.199748 14.111849 59.66 8.62 1464.75403 1570.26038 23886.11351 6.3441 11364.0 20.214 17965.0 25.226 "" "" 0.002770369321923292 0.00339336 0.004075294 0.007468654 91.07088428371 24.09786059583 1509.65588 -1.363 2.143
91.1509520268 24.29930510238 0.0229 0.0189 13.0347 "" "" 3426241857522642560 1597.24561 0.5835 0.0259 0.267 -5.387 0.028 0.022 1.019 5682.3 4.061 14.78115 1.216076 15.303096 14.08702 16.93 10.64 1530.1106 1681.57886 23040.23681 6.4547 10332.0 16.157 18380.0 19.632 "" "" 0.002772058356201914 0.0032661536 0.0039533046 0.007219458 91.1509520268 24.29930510238 1597.24561 0.267 -5.387
91.05364225691 24.25955672759 0.026 0.0223 12.7759 "" "" 3426218836497981696 1945.34595 0.476 0.0316 -1.959 -5.077 0.037 0.024 0.996 5020.9 3.3558 14.793425 1.682438 15.597159 13.914722 -63.75 4.68 1842.68298 2062.77563 22781.22366 8.0712 7880.5 18.562 21541.0 20.68 "" "" 0.0027820421300710782 0.00378487 0.0039204843 0.007705354 91.05364225691 24.25955672759 1945.34595 -1.959 -5.076999999999999
91.2272724885 24.22680420852 0.0574 0.0477 8.8254 "" "" 3426238215390377088 2086.67041 0.4451 0.0657 0.705 -4.739 0.073 0.054 2.827 "" "" 14.80465 1.165846 14.981668 13.815823 "" "" 1826.39233 2431.77954 22546.89643 24.626 13892.0 227.22 23596.0 428.69 "" "" 0.0029996733395495126 0.017976347 0.020084355 0.038060702 91.2272724885 24.22680420852 2086.67041 0.7049999999999998 -4.738999999999999
91.17960526912 24.03235149391 0.023 0.019 3.1513 "" "" 3426200350959337216 1982.97253 0.464 0.0261 1.056 -2.988 0.029 0.021 0.934 8919.4 3.8372 14.812492 0.833047 15.138206 14.305159 "" "" 1902.6322 2083.11792 22384.62624 7.5827 12026.0 17.359 15035.0 12.416 "" "" 0.0027797586009305985 0.0032001878 0.0038842803 0.0070844684 91.17960526912 24.03235149391 1982.97253 1.056 -2.988
91.29963672518 23.96736064769 0.0257 0.0219 9.3717 "" "" 3426196051695370368 2069.95215 0.438 0.027 0.715 -4.249 0.035 0.025 0.946 5481.9 3.2499 14.823294 2.268417 16.018185 13.749767 -32.8 3.69 1984.82837 2169.5 22163.03053 9.3892 5347.4 25.016 25076.0 23.777 "" "" 0.002793448798334773 0.0057951547 0.0039170883 0.009712243 91.29963672518 23.96736064769 2069.95215 0.7149999999999999 -4.2490000000000006
91.20763957589 24.18314840596 0.0256 0.0213 6.0313 "" "" 3426236944080077568 1727.93652 0.5374 0.0279 0.776 -2.181 0.032 0.024 0.93 6982.6 4.0596 14.837575 1.118611 15.307011 14.188399 "" "" 1654.92004 1806.0686 21873.43072 6.7852 10295.0 12.433 16742.0 23.335 "" "" 0.0027758282706365368 0.0030829096 0.004071093 0.007154003 91.20763957589 24.18314840596 1727.93652 0.7759999999999999 -2.181
91.0048295501 23.93086605257 0.0224 0.0187 13.5691 "" "" 3426203752572964608 1582.60767 0.5895 0.0257 1.77 -0.722 0.029 0.02 1.096 8550.2 4.1025 14.862337 1.16044 15.356085 14.195644 "" "" 1529.20483 1639.48352 21380.21366 5.1455 9839.7 17.537 16630.0 18.942 "" "" 0.0027676826472683817 0.0033955208 0.00397657 0.0073720906 91.0048295501 23.93086605257 1582.60767 1.7700000000000002 -0.722
91.08961405994 24.24786834335 0.0248 0.0214 11.1455 "" "" 3426218595979804800 2216.79102 0.4129 0.0259 1.295 -0.319 0.031 0.023 0.968 9350.9 4.094 14.86699 1.052211 15.301936 14.249725 "" "" 2094.33813 2348.63574 21288.7733 6.2436 10343.0 11.432 15822.0 14.708 "" "" 0.00277365906620627 0.003037297 0.0039118277 0.006949125 91.08961405994 24.24786834335 2216.79102 1.295 -0.31899999999999995
91.08067157568 24.21519220519 0.0248 0.0214 9.7504 "" "" 3426217633907147392 1790.80261 0.5162 0.0269 1.337 -2.544 0.03 0.023 1.004 8345.3 4.2156 14.888693 0.960037 15.281331 14.321294 "" "" 1704.74683 1864.53882 20867.46838 7.8345 10541.0 22.741 14813.0 12.515 "" "" 0.0027853099244672086 0.0036430287 0.003889109 0.0075321374 91.08067157568 24.21519220519 1790.80261 1.3369999999999997 -2.5439999999999996
91.05679050173 23.81436101475 0.0271 0.0236 17.7001 "" "" 3426190386635357312 1780.16821 0.5266 0.033 0.114 -1.079 0.032 0.023 0.958 9214.5 3.7526 14.896935 1.306031 15.463702 14.157671 "" "" 1684.25708 1888.84216 20709.65558 6.9628 8911.2 12.882 17222.0 22.165 "" "" 0.0027793957035512997 0.0032013268 0.0040294346 0.0072307615 91.05679050173 23.81436101475 1780.16821 0.11399999999999999 -1.0789999999999997
91.30627851116 24.0673247551 0.0271 0.0233 6.6415 "" "" 3426223440703451904 2092.03809 0.4428 0.0282 0.137 -3.539 0.035 0.027 0.952 9280.5 3.8931 14.908514 0.863187 15.245284 14.382097 "" "" 1977.84595 2215.37158 20489.9566 8.3228 10897.0 21.025 14006.0 19.774 "" "" 0.0027903911996286683 0.0034890478 0.004078408 0.0075674555 91.30627851116 24.0673247551 2092.03809 0.13700000000000004 -3.539
91.49957605503 24.26675670205 0.0318 0.0293 20.3287 "" "" 3426232580393660672 2128.91284 0.4325 0.0401 1.291 -2.45 0.037 0.026 0.979 "" "" 14.91076 0.853591 15.248256 14.394665 "" "" 1951.69385 2342.8728 20447.61727 7.4127 10867.0 22.4 13845.0 23.06 "" "" 0.0027832916609637085 0.0035768354 0.004189747 0.007766582 91.49957605503 24.26675670205 2128.91284 1.2910000000000001 -2.45
91.13554515625 24.13565012546 0.0236 0.0201 4.1486 "" "" 3426213648177510144 2113.40112 0.4375 0.026 0.987 -3.055 0.031 0.023 1.045 8978.6 4.274 14.920555 0.7714 15.222397 14.450997 "" "" 1996.64185 2265.80957 20263.96944 8.5032 11129.0 20.343 13145.0 22.793 "" "" 0.0027927332965205325 0.0034240137 0.0042223246 0.007646338 91.13554515625 24.13565012546 2113.40112 0.987 -3.055
91.16132457288 23.92898950322 0.0248 0.0215 9.4318 "" "" 3426197189863453312 1830.57715 0.5014 0.0276 0.932 -2.993 0.032 0.023 1.037 9432.8 3.8129 14.931606 0.940133 15.308099 14.367966 "" "" 1751.99707 1928.02673 20058.76301 6.5931 10284.0 19.822 14190.0 16.245 "" "" 0.0027783350182057423 0.003487764 0.003978531 0.007466295 91.16132457288 23.92898950322 1830.57715 0.932 -2.9930000000000003
91.08035799003 23.83936316059 0.0237 0.0206 15.8175 "" "" 3426190524074290944 1664.21924 0.5585 0.028 0.181 -5.88 0.03 0.021 0.983 6874.0 4.115 14.946478 1.168157 15.440093 14.271936 "" "" 1579.37573 1734.74524 19785.88606 5.7104 9107.1 17.767 15502.0 17.923 "" "" 0.002773081350508458 0.00350309 0.003982399 0.0074854894 91.08035799003 23.83936316059 1664.21924 0.181 -5.879999999999999
90.97485650334 24.35397397151 0.0307 0.0264 19.8886 "" "" 3426407986858891008 1819.51917 0.5052 0.0333 -1.099 -1.964 0.042 0.028 1.16 8193.8 3.7435 14.94659 0.78914 15.251925 14.462786 "" "" 1704.0592 1938.4342 19783.84673 9.4825 10830.0 41.957 13003.0 29.61 "" "" 0.002804033608015515 0.0050475746 0.004516248 0.009563822 90.97485650334 24.35397397151 1819.51917 -1.0989999999999998 -1.964
91.12484428431 24.06274166092 0.0243 0.0209 3.6214 "" "" 3426210968117949056 1720.88928 0.5374 0.0273 1.869 -3.358 0.03 0.023 0.988 8939.0 4.3386 14.961688 1.073375 15.406201 14.332827 "" "" 1646.04932 1798.25891 19510.63618 6.1141 9395.9 21.99 14656.0 18.464 "" "" 0.0027762479506428196 0.003773847 0.004019292 0.0077931387 91.12484428431 24.06274166092 1720.88928 1.8689999999999998 -3.3579999999999997
91.25146354929 24.06119414524 0.0248 0.021 3.8232 "" "" 3426200110441787904 2213.26416 0.4126 0.027 -0.727 -0.885 0.036 0.027 1.062 9276.7 4.0773 14.964779 0.859449 15.306047 14.446597 "" "" 2089.87915 2377.79077 19455.17257 6.6725 10304.0 16.574 13198.0 20.342 "" "" 0.002780368826175744 0.0032916546 0.004133295 0.0074249497 91.25146354929 24.06119414524 2213.26416 -0.7269999999999999 -0.8849999999999999
91.13754872649 23.98148444353 0.0258 0.0219 6.7378 "" "" 3426198628675779328 1631.49243 0.5699 0.0285 1.21 0.524 0.035 0.025 0.961 "" "" 14.964832 1.346124 15.559894 14.21377 "" "" 1528.64856 1728.27502 19454.21415 5.9529 8155.7 25.409 16355.0 21.575 "" "" 0.0027752777077529244 0.0043848637 0.004041673 0.008426537 91.13754872649 23.98148444353 1631.49243 1.21 0.524
91.17279585958 23.95178860364 0.0249 0.0216 7.9977 "" "" 3426197602180301056 1539.21863 0.6072 0.0281 0.27 -8.197 0.032 0.023 0.947 6108.3 3.6295 14.998311 1.364413 15.602403 14.237989 59.03 14.01 1487.45862 1600.54724 18863.50179 5.7082 7842.5 15.102 15994.0 17.923 "" "" 0.002774839517435826 0.0034865923 0.0039703962 0.0074569886 91.17279585958 23.95178860364 1539.21863 0.27 -8.197
91.16771581149 23.98707578957 0.0258 0.0215 5.9351 "" "" 3426198014497147008 1565.05298 0.6026 0.0291 0.912 -3.717 0.031 0.025 1.016 7820.0 4.1817 15.005236 1.147907 15.488836 14.340929 "" "" 1502.26038 1652.38391 18743.57177 6.4785 8707.3 26.893 14547.0 23.743 "" "" 0.002780758645029438 0.004362346 0.004174211 0.008536557 91.16771581149 23.98707578957 1565.05298 0.9119999999999999 -3.717
91.52981006045 24.04337046607 0.0278 0.0247 18.9691 "" "" 3426173997039842048 1769.14148 0.5212 0.0321 -1.598 -0.617 0.034 0.024 1.012 "" "" 15.011337 1.160802 15.502056 14.341254 "" "" 1658.23828 1863.78088 18638.52992 6.9224 8601.9 15.947 14543.0 19.033 "" "" 0.0027846716503244816 0.003440431 0.0040376745 0.007478106 91.52981006045 24.04337046607 1769.14148 -1.5979999999999996 -0.6170000000000001
91.21690843301 23.88804320125 0.0266 0.0225 11.9043 "" "" 3426193856968829056 2204.64648 0.4024 0.0288 1.622 -2.095 0.034 0.025 0.938 7102.5 3.296 15.030844 2.388478 16.311863 13.923385 36.31 4.11 2085.4021 2391.20703 18306.66243 16.387 4080.1 12.737 21370.0 45.686 "" "" 0.00292170301414425 0.0043900986 0.0044352515 0.008825351 91.21690843301 23.88804320125 2204.64648 1.6220000000000003 -2.095
91.18260976132 24.10836553111 0.0261 0.0225 1.4481 "" "" 3426212926622998016 1787.61975 0.5181 0.0276 0.976 -2.671 0.035 0.026 1.04 8217.8 4.3757 15.041827 0.953138 15.428148 14.47501 "" "" 1697.59558 1880.9115 18122.39884 7.4007 9207.8 18.659 12857.0 19.665 "" "" 0.0027907669288591147 0.0035532813 0.0041281343 0.0076814154 91.18260976132 24.10836553111 1787.61975 0.9760000000000001 -2.6710000000000003
91.17640861484 24.03296052848 0.0258 0.0216 3.1411 "" "" 3426200350959338368 2072.17798 0.4413 0.028 0.951 -3.047 0.034 0.024 1.01 9261.3 4.043 15.057192 0.916314 15.42342 14.507106 "" "" 1953.02771 2216.82642 17867.76155 6.2289 9248.0 30.419 12483.0 16.006 "" "" 0.002781196038427938 0.004531991 0.004027633 0.008559624 91.17640861484 24.03296052848 2072.17798 0.9510000000000001 -3.047
91.15687616577 24.24404346856 0.0272 0.0235 9.7094 "" "" 3426241101608413696 1918.70215 0.4868 0.0286 1.156 -2.022 0.033 0.026 0.988 7927.8 4.1479 15.05852 0.893822 15.417535 14.523713 "" "" 1810.59045 2030.41113 17845.91216 9.1989 9298.3 21.683 12293.0 18.766 "" "" 0.0028115840117859223 0.0037676753 0.0041268435 0.007894519 91.15687616577 24.24404346856 1918.70215 1.1559999999999997 -2.0219999999999994
91.22881791851 23.73895116597 0.0252 0.0213 20.8621 "" "" 3426139259344629888 1753.93713 0.5424 0.028 2.294 -0.823 0.034 0.026 1.076 7140.7 4.1479 15.072509 1.122882 15.545777 14.422895 "" "" 1666.27283 1825.43713 17617.45731 5.4821 8262.4 13.317 13490.0 23.211 "" "" 0.0027759564443146567 0.0032935326 0.0042158775 0.0075094104 91.22881791851 23.73895116597 1753.93713 2.2940000000000005 -0.823
91.09898880361 24.39276578875 0.0294 0.0257 19.106 "" "" 3426431042243255552 1517.27478 0.6157 0.0351 0.131 1.102 0.035 0.027 1.078 6507.7 4.1617 15.079617 1.184471 15.584364 14.399893 "" "" 1450.77747 1618.28821 17502.48775 6.3773 7973.9 17.782 13778.0 18.488 "" "" 0.0027835754748719854 0.0036942323 0.0040504653 0.007744698 91.09898880361 24.39276578875 1517.27478 0.13099999999999998 1.1019999999999999
90.99321671666 24.10474458114 0.0248 0.0211 10.6565 "" "" 3426214816408673664 1870.85657 0.4928 0.0272 0.613 -4.898 0.032 0.022 1.008 4892.9 2.7116 15.079787 1.749965 15.926291 14.176326 57.8 4.24 1771.85547 1978.78491 17499.74254 6.1117 5819.7 14.036 16929.0 14.804 "" "" 0.0027812898077743107 0.003826493 0.0038968169 0.00772331 90.99321671666 24.10474458114 1870.85657 0.6129999999999999 -4.898
91.04004995493 24.24143623914 0.0263 0.0229 12.3674 "" "" 3426218492900610560 1844.34033 0.4996 0.0318 -0.258 -0.645 0.034 0.023 0.913 6389.4 4.035 15.080241 1.286589 15.642008 14.355419 "" "" 1756.46448 1947.46143 17492.43196 5.7259 7561.6 12.495 14355.0 14.123 "" "" 0.0027781466541653174 0.0033172045 0.003927436 0.007244641 91.04004995493 24.24143623914 1844.34033 -0.258 -0.645
91.1852423967 24.41667666464 0.0294 0.0287 19.9311 "" "" 3426244778100347392 2110.59863 0.4251 0.0405 -7.349 -23.5 0.034 0.028 1.007 6875.2 3.7672 15.087626 1.461392 15.748602 14.287209 350.46 14.16 1983.10913 2312.56323 17373.84719 6.2543 6854.5 26.899 15285.0 13.292 "" "" 0.0027829033304600645 0.005093027 0.0038955333 0.00898856 91.1852423967 24.41667666464 2110.59863 -7.349000000000001 -23.499999999999996
91.38820360035 24.10460221525 0.0312 0.0272 11.1131 "" "" 3426221001161966208 2115.2229 0.4391 0.0365 0.035 -3.365 0.039 0.027 1.195 9276.5 4.1927 15.087743 0.941932 15.464174 14.522243 "" "" 1967.85364 2299.42603 17371.99144 6.3276 8907.3 19.239 12310.0 14.588 "" "" 0.00278355636830964 0.0036447945 0.0039923936 0.007637188 91.38820360035 24.10460221525 2115.2229 0.035000000000000024 -3.365
91.22758337128 24.07688376525 0.0285 0.0241 2.2959 "" "" 3426200935074849152 2044.95471 0.4438 0.0302 0.932 -2.953 0.035 0.027 1.037 7663.0 3.9433 15.091711 1.062488 15.5323 14.469812 "" "" 1916.59778 2173.39966 17308.61796 6.1272 8365.6 16.763 12919.0 16.465 "" "" 0.0027819979043250983 0.0035381184 0.0040247343 0.0075628525 91.22758337128 24.07688376525 2044.95471 0.9320000000000002 -2.9530000000000003
90.90924066006 24.1066701829 0.0265 0.023 15.2446 "" "" 3426215744121630080 1771.20337 0.5389 0.0322 -0.621 -2.989 0.034 0.023 1.059 7736.8 4.1156 15.106745 1.408317 15.736101 14.327785 "" "" 1670.5354 1888.35803 17070.6024 5.8032 6933.9 13.008 14725.0 18.262 "" "" 0.002779932289237652 0.0034545292 0.004012092 0.007466621 90.90924066006 24.1066701829 1771.20337 -0.6210000000000001 -2.9890000000000003
91.02032217016 23.98012780873 0.0243 0.0205 11.052 "" "" 3426204538550770048 2261.36646 0.3942 0.0285 0.096 -3.019 0.031 0.021 1.045 7856.1 3.6999 15.117003 1.142885 15.599404 14.456519 "" "" 2141.1416 2438.51904 16910.06682 4.9734 7864.2 15.381 13078.0 17.821 "" "" 0.0027737623553284 0.003506329 0.004058651 0.00756498 91.02032217016 23.98012780873 2261.36646 0.096 -3.019
91.18141932963 24.12323435379 0.0264 0.0225 2.341 "" "" 3426213029702207488 2128.97681 0.4294 0.0296 0.942 -2.959 0.036 0.026 0.997 7992.8 3.8495 15.130301 0.851878 15.463094 14.611216 "" "" 1977.86414 2281.53638 16704.23485 5.8234 8916.2 18.672 11342.0 14.144 "" "" 0.002781197087922498 0.0035992796 0.0040145917 0.0076138712 91.18141932963 24.12323435379 2128.97681 0.9419999999999997 -2.9589999999999996
91.08012800883 24.31100731668 0.0301 0.0262 14.7853 "" "" 3426242441638210304 1977.80042 0.4653 0.0362 -0.687 -1.883 0.037 0.027 0.861 9077.3 4.2688 15.138396 0.853184 15.477904 14.624721 "" "" 1854.57764 2134.52295 16580.14038 6.243 8795.4 14.1 11201.0 17.342 "" "" 0.0027854839994403014 0.0032885529 0.0041363603 0.0074249133 91.08012800883 24.31100731668 1977.80042 -0.6869999999999999 -1.8830000000000002
