Clusters/IC_2157/IC_2157_stars_in_region.tsv
# %ECSV 1.0
# ---
# datatype:
# - name: RA_ICRS_1
#   unit: deg
#   datatype: float64
#   format: '{:15.11f}'
#   description: Right ascension (ICRS) at Ep=2016.0 (ra)
#   meta: !!omap
#   - {ucd: POS_EQ_RA_MAIN}
#   - {width: 15}
#   - {precision: '11'}
# - name: DE_ICRS_1
#   unit: deg
#   datatype: float64
#   format: '{:15.11f}'
#   description: Declination (ICRS) at Ep=2016.0 (dec)
#   meta: !!omap
#   - {ucd: POS_EQ_DEC_MAIN}
#   - {width: 15}
#   - {precision: '11'}
# - name: e_RA_ICRS
#   unit: mas
#   datatype: float64
#   format: '{:7.4f}'
#   description: Standard error of right ascension (ra_error)
#   meta: !!omap
#   - {ucd: ERROR}
#   - {width: 7}
#   - {precision: '4'}
# - name: e_DE_ICRS
#   unit: mas
#   datatype: float64
#   format: '{:7.4f}'
#   description: Standard error of declination (dec_error)
#   meta: !!omap
#   - {ucd: ERROR}
#   - {width: 7}
#   - {precision: '4'}
# - name: _r_1
#   unit: ''
#   datatype: float64
#   format: '{:7.4f}'
#   description: Distance from center (091.18650744000+24.08449442000)[ICRS], at Epoch=J2016.0
#   meta: !!omap
#   - {ucd: POS_ANG_DIST_GENERAL}
#   - {width: 7}
#   - {precision: '4'}
# - name: HIP
#   datatype: int32
#   description: '? HIP cross-id number, van Leeuwen, Cat. I/311 (hip_original_ext_source_id)'
#   meta: !!omap
#   - {ucd: ID_NUMBER}
#   - {width: 6}
#   - values: {'null': -2147483648}
# - name: TYC2
#   datatype: string
#   description: Tycho-2 cross-id name, Hog et al., Cat. I/259 (tyc2_original_ext_source_id)
#   meta: !!omap
#   - {ucd: ID_CROSSID}
#   - {_votable_string_dtype: char}
# - name: Source
#   datatype: int64
#   description: Source identifier, identical to the Gaia-EDR3 source_id (id)
#   meta: !!omap
#   - {ucd: ID_MAIN}
#   - {width: 19}
# - name: rgeo
#   unit: pc
#   datatype: float64
#   format: '{:15.8f}'
#   description: '? Median of the geometric distance posterior (r_med_geo)'
#   meta: !!omap
#   - {ucd: PHYS_DISTANCE_TRUE}
#   - {width: 15}
#   - {precision: '8'}
#   - values: {'null': .nan}
# - name: Plx
#   unit: mas
#   datatype: float64
#   format: '{:9.4f}'
#   description: '? Parallax (parallax)'
#   meta: !!omap
#   - {ucd: POS_PARLX_TRIG}
#   - {width: 9}
#   - {precision: '4'}
#   - values: {'null': .nan}
# - name: e_Plx
#   unit: mas
#   datatype: float32
#   format: '{:7.4f}'
#   description: '? Standard error of parallax (parallax_error)'
#   meta: !!omap
#   - {ucd: ERROR}
#   - {width: 7}
#   - {precision: '4'}
#   - values: {'null': .nan}
# - name: pmRA
#   unit: mas / yr
#   datatype: float64
#   format: '{:9.3f}'
#   description: '? Proper motion in right ascension direction, pmRA*cosDE (pmra)'
#   meta: !!omap
#   - {ucd: POS_EQ_PMRA}
#   - {width: 9}
#   - {precision: '3'}
#   - values: {'null': .nan}
# - name: pmDE
#   unit: mas / yr
#   datatype: float64
#   format: '{:9.3f}'
#   description: '? Proper motion in declination direction (pmdec)'
#   meta: !!omap
#   - {ucd: POS_EQ_PMDEC}
#   - {width: 9}
#   - {precision: '3'}
#   - values: {'null': .nan}
# - name: e_pmRA
#   unit: mas / yr
#   datatype: float32
#   format: '{:6.3f}'
#   description: '? Standard error of proper motion in right ascension direction (pmra_error)'
#   meta: !!omap
#   - {ucd: ERROR}
#   - {width: 6}
#   - {precision: '3'}
#   - values: {'null': .nan}
# - name: e_pmDE
[...]
#         unit: &id001 !astropy.units.Unit {unit: deg}
#         value: !astropy.table.SerializedColumn {name: SkyCoord.dec}
#       distance: !astropy.table.SerializedColumn
#         __class__: astropy.coordinates.distances.Distance
#         unit: !astropy.units.Unit {unit: pc}
#         value: !astropy.table.SerializedColumn {name: SkyCoord.distance}
#       frame: icrs
#       obstime: !astropy.time.Time {format: jyear_str, in_subfmt: '*', jd1: 367701545.0, jd2: 0.0, out_subfmt: '*', precision: 3, scale: tt}
#       pm_dec: !astropy.table.SerializedColumn
#         __class__: astropy.units.quantity.Quantity
#         unit: !astropy.units.Unit {unit: mas / yr}
#         value: !astropy.table.SerializedColumn {name: SkyCoord.pm_dec}
#       pm_ra_cosdec: !astropy.table.SerializedColumn
#         __class__: astropy.units.quantity.Quantity
#         unit: !astropy.units.Unit {unit: mas / yr}
#         value: !astropy.table.SerializedColumn {name: SkyCoord.pm_ra_cosdec}
#       ra: !astropy.table.SerializedColumn
#         __class__: astropy.coordinates.angles.Longitude
#         unit: *id001
#         value: !astropy.table.SerializedColumn {name: SkyCoord.ra}
#         wrap_angle: !astropy.coordinates.Angle
#           unit: *id001
#           value: 360.0
#       representation_type: spherical
# schema: astropy-2.0
RA_ICRS_1 DE_ICRS_1 e_RA_ICRS e_DE_ICRS _r_1 HIP TYC2 Source rgeo Plx e_Plx pmRA pmDE e_pmRA e_pmDE RUWE Teff logg Gmag BP-RP BPmag RPmag RV e_RV b_rgeo B_rgeo FG e_FG FBP e_FBP FRP e_FRP RAVE5 RAVE6 e_Gmag e_BPmag e_RPmag e_BP-RP SkyCoord.ra SkyCoord.dec SkyCoord.distance SkyCoord.pm_ra_cosdec SkyCoord.pm_dec
[from data line 41]
91.06868727791 24.02169792801 0.013 0.0109 7.4745 "" "" 3426210418362167424 1837.26917 0.4993 0.0143 1.126 -3.533 0.017 0.012 0.952 "" "" 13.362144 0.655408 13.610018 12.95461 "" "" 1777.72595 1896.22607 85131.32685 24.946 49137.0 29.611 52157.0 32.256 "" "" 0.002773627703687961 0.002865858 0.0038385661 0.006704424 91.06868727791 24.02169792801 1837.26917 1.1260000000000001 -3.5329999999999995
91.19746657854 24.09122789566 0.0137 0.0116 0.7236 "" "" 3426201175593023744 1974.36121 0.4624 0.0148 0.975 -3.098 0.018 0.013 0.995 11116.0 3.8398 13.368556 0.564671 13.579167 13.014496 "" "" 1910.09277 2035.61194 84630.01256 44.213 50553.0 42.683 49358.0 39.432 "" "" 0.0028130989146148005 0.0029369043 0.0038776407 0.006814545 91.19746657854 24.09122789566 1974.36121 0.9750000000000001 -3.098
91.32593098597 24.24531669172 0.014 0.0117 12.3029 "" "" 3426238868225366656 1585.44836 0.589 0.0158 6.027 -3.961 0.016 0.012 0.946 "" "" 13.419379 1.556992 14.14411 12.587118 17.79 2.0 1549.65967 1624.75024 80759.79541 14.612 30045.0 30.401 73166.0 32.127 "" "" 0.002762314184012894 0.0029986617 0.0038093321 0.006807994 91.32593098597 24.24531669172 1585.44836 6.027 -3.9609999999999994
91.18767469635 24.07972717899 0.0133 0.0112 0.2931 "" "" 3426200797635911296 1900.35815 0.4794 0.0148 1.078 -3.128 0.017 0.013 0.905 "" "" 13.481051 0.579309 13.695961 13.116652 "" "" 1823.04871 1963.01086 76300.36674 30.473 45398.0 26.293 44926.0 36.949 "" "" 0.002789232652621147 0.0028601512 0.0038834384 0.0067435894 91.18767469635 24.07972717899 1900.35815 1.078 -3.128
91.19142944719 24.07690986765 0.0146 0.0124 0.5289 "" "" 3426200797635910912 1823.10339 0.508 0.0166 1.086 -2.887 0.02 0.014 1.07 "" "" 13.484426 0.540692 13.685517 13.144825 "" "" 1763.91516 1888.91772 76063.47583 32.403 45836.0 26.327 43775.0 26.219 "" "" 0.002793871323237225 0.0028590118 0.003834921 0.0066939327 91.19142944719 24.07690986765 1823.10339 1.0859999999999999 -2.8870000000000005
91.17217892795 24.05280329991 0.0179 0.0151 2.0571 "" "" 3426200591477499904 1829.95276 0.5062 0.02 0.071 -3.399 0.023 0.017 1.31 7120.0 3.6598 13.528395 1.123971 14.003415 12.879444 24.12 11.04 1753.55176 1896.88953 73044.7575 17.143 34202.0 26.032 55896.0 31.758 "" "" 0.002767077738291729 0.002909975 0.0038293945 0.0067393696 91.17217892795 24.05280329991 1829.95276 0.07100000000000001 -3.3990000000000005
90.93041835875 24.2622601888 0.0158 0.0138 17.6144 "" "" 3426406234512291328 2216.354 0.4097 0.0179 0.964 -1.521 0.02 0.014 0.998 "" "" 13.536406 0.855032 13.87351 13.018478 "" "" 2139.95825 2288.01074 72507.75744 18.666 38549.0 31.886 49178.0 32.388 "" "" 0.002769460777228089 0.00293114 0.0038464302 0.00677757 90.93041835875 24.2622601888 2216.354 0.9640000000000002 -1.521
90.86772349721 24.27391134023 0.0235 0.0189 20.8238 "" "" 3426405817896022528 2056.23877 0.4464 0.0266 0.352 -2.031 0.029 0.02 1.593 5797.8 2.8049 13.537787 1.867736 14.455977 12.588241 6.78 1.38 1949.95642 2159.15356 72415.52817 17.87 22544.0 24.803 73091.0 36.956 "" "" 0.0027683161858253484 0.00303512 0.0038190433 0.0068541635 90.86772349721 24.27391134023 2056.23877 0.352 -2.031
91.12718691551 23.97537346698 0.0143 0.0119 7.3099 "" "" 3426198255015337088 2158.35742 0.4181 0.0155 1.558 -1.803 0.018 0.013 1.067 "" "" 13.541183 1.858415 14.454957 12.596542 86.74 1.46 2088.06689 2236.0166 72189.38614 17.04 22565.0 30.579 72534.0 34.686 "" "" 0.002767213509222182 0.0031543432 0.0038148786 0.006969222 91.12718691551 23.97537346698 2158.35742 1.558 -1.803
91.03059320681 24.23285107974 0.0147 0.0128 12.3325 "" "" 3426218114943496576 2237.83911 0.4055 0.0179 -0.149 -1.006 0.019 0.013 1.061 5053.9 2.3579 13.564412 1.742477 14.40257 12.660092 28.95 2.19 2153.6958 2334.61914 70661.36634 13.446 23680.0 20.782 68410.0 33.495 "" "" 0.0027630551855949642 0.0029483885 0.0038165855 0.006764974 91.03059320681 24.23285107974 2237.83911 -0.14899999999999997 -1.0059999999999998
91.22882954647 24.07349281078 0.0171 0.0146 2.4105 "" "" 3426200935074850304 2001.17603 0.4585 0.019 1.003 -2.969 0.021 0.015 1.092 "" "" 13.629217 0.599444 13.851469 13.252025 "" "" 1928.02698 2072.99951 66567.14037 33.533 39340.0 41.358 39660.0 33.058 "" "" 0.0028090797158436525 0.0030146164 0.0038862259 0.0069008423 91.22882954647 24.07349281078 2001.17603 1.003 -2.9690000000000003
91.05137142824 23.9440180423 0.0145 0.0122 11.2203 "" "" 3426192448219600640 1791.40125 0.5153 0.0164 -0.371 -4.601 0.019 0.013 1.047 7565.8 3.7082 13.629342 1.193105 14.13914 12.946035 "" "" 1742.31824 1865.7749 66559.4989 34.497 30183.0 86.917 52571.0 67.374 "" "" 0.002812196289682539 0.0041905153 0.004027392 0.008217907 91.05137142824 23.9440180423 1791.40125 -0.371 -4.601000000000001
91.12554020598 23.81251367401 0.0146 0.0123 16.6578 "" "" 3426187324321398912 2131.55688 0.4205 0.0165 0.477 -0.577 0.019 0.013 1.02 "" "" 13.637542 1.964714 14.621458 12.656744 30.29 1.2 2071.61182 2200.02881 66058.70282 14.943 19357.0 23.838 68622.0 37.979 "" "" 0.002766244709127186 0.0030939975 0.003826854 0.0069208518 91.12554020598 23.81251367401 2131.55688 0.477 -0.577
91.07781348102 24.20398315886 0.0138 0.0115 9.3175 "" "" 3426217599547415040 1690.46399 0.5501 0.0154 1.364 -0.259 0.017 0.013 1.02 "" "" 13.649683 0.965218 14.04404 13.078822 "" "" 1645.98291 1742.79431 65324.11576 13.258 32946.0 50.134 46519.0 27.036 "" "" 0.0027641177699282153 0.0032426384 0.003831697 0.0070743356 91.07781348102 24.20398315886 1690.46399 1.3639999999999999 -0.259
91.02865921332 24.12228884395 0.0145 0.0124 8.9376 "" "" 3426215263085254912 1529.98511 0.6088 0.0163 -0.969 -8.673 0.017 0.012 1.015 "" "" 13.687704 1.520596 14.393341 12.872745 -8.49 3.7 1495.84937 1575.60889 63076.12053 10.79 23883.0 29.162 56242.0 29.408 "" "" 0.0027615728905990245 0.0030891083 0.003821783 0.0069108913 91.02865921332 24.12228884395 1529.98511 -0.969 -8.673000000000002
91.05557162119 24.14565260363 0.0143 0.0121 8.0549 "" "" 3426216770615876480 1702.01831 0.5401 0.0158 0.545 -1.651 0.018 0.013 1.089 "" "" 13.71751 0.688048 13.980516 13.292468 "" "" 1663.85168 1750.3905 61368.08707 14.337 34931.0 25.784 38209.0 32.66 "" "" 0.0027669711325235625 0.0029029867 0.00389166 0.0067946464 91.05557162119 24.14565260363 1702.01831 0.545 -1.6510000000000002
91.3207418956 24.35473986635 0.0187 0.0154 17.8008 "" "" 3426240826730902144 2240.83496 0.4062 0.0212 0.414 -3.517 0.019 0.013 1.011 5459.0 2.8493 13.734354 1.658575 14.52205 12.863475 12.4 2.1 2170.90918 2325.10181 60423.40089 13.465 21213.0 30.167 56724.0 42.493 "" "" 0.0027659228423742746 0.0031888965 0.0038659095 0.0070548058 91.3207418956 24.35473986635 2240.83496 0.414 -3.5169999999999995
91.17008093099 24.13329830473 0.015 0.0127 3.0633 "" "" 3426213235860637824 1937.56592 0.4719 0.0164 0.961 -3.023 0.02 0.015 1.051 10392.6 3.8744 13.73755 0.576888 13.951624 13.374736 "" "" 1874.21497 2000.70374 60245.80236 27.641 35873.0 29.34 35421.0 35.035 "" "" 0.0027999879811649252 0.002928072 0.0039289943 0.0068570664 91.17008093099 24.13329830473 1937.56592 0.9610000000000002 -3.023
91.08109538705 24.1660134878 0.0141 0.0119 7.5659 "" "" 3426216912352661376 2039.05688 0.4491 0.0156 0.901 -2.849 0.018 0.013 0.996 "" "" 13.766253 0.60498 13.991673 13.386694 "" "" 1976.52429 2104.09521 58673.92975 15.481 34574.0 20.934 35033.0 28.289 "" "" 0.0027701722108311806 0.002866569 0.0038797394 0.0067463084 91.08109538705 24.1660134878 2039.05688 0.9010000000000001 -2.8489999999999998
91.15055613597 24.39683313708 0.0174 0.0152 18.8433 "" "" 3426432313553545472 1695.30652 0.5486 0.0235 0.124 -4.308 0.022 0.016 1.022 6671.8 3.7623 13.774157 1.076117 14.222455 13.146338 -20.28 6.57 1629.53906 1764.89539 58248.41398 14.473 27953.0 25.696 43714.0 30.936 "" "" 0.0027684954328043745 0.0029633078 0.0038566971 0.006820005 91.15055613597 24.39683313708 1695.30652 0.12400000000000001 -4.308
91.13780782035 24.36817272656 0.018 0.0161 17.228 "" "" 3426243128832941696 1563.78076 0.5953 0.0231 2.283 -10.444 0.022 0.017 1.044 5632.6 3.0743 13.784751 1.62404 14.549505 12.925466 -5.22 2.6 1512.41248 1618.55579 57682.79896 16.521 20683.0 23.75 53576.0 40.833 "" "" 0.002772812629054445 0.0030560428 0.0038689114 0.0069249542 91.13780782035 24.36817272656 1563.78076 2.2829999999999995 -10.443999999999999
91.15504432217 23.86543204558 0.0151 0.0128 13.2564 "" "" 3426188084532820864 2030.46179 0.4494 0.0175 0.981 1.311 0.02 0.015 1.055 "" "" 13.786995 2.056233 14.831643 12.77541 64.86 1.8 1964.7749 2093.97363 57563.69844 17.083 15950.0 27.465 61517.0 37.658 "" "" 0.0027740960754937885 0.0033586253 0.0038373785 0.0071960036 91.15504432217 23.86543204558 2030.46179 0.981 1.3109999999999997
91.35102984012 24.39457218931 0.0181 0.0153 20.6677 "" "" 3426246942763809920 1824.61548 0.5093 0.0204 -0.447 0.012 0.019 0.014 0.979 7525.8 3.6482 13.803883 1.026853 14.228561 13.201709 "" "" 1750.10791 1881.90857 56675.29618 13.561 27797.0 27.551 41541.0 35.424 "" "" 0.002767540457441033 0.0029905015 0.0038911363 0.0068816375 91.35102984012 24.39457218931 1824.61548 -0.44699999999999995 0.012
91.1946916536 24.09730869633 0.0162 0.0139 0.89 "" "" 3426201175593022720 1904.02087 0.4887 0.0181 0.882 -3.019 0.022 0.016 0.911 "" "" 13.82493 0.687066 14.088162 13.401096 "" "" 1842.78455 1985.59363 55587.20417 24.909 31634.0 26.652 34572.0 31.905 "" "" 0.002797945072126834 0.0029362913 0.0039099474 0.006846239 91.1946916536 24.09730869633 1904.02087 0.882 -3.019
91.02934093087 24.06305568246 0.0341 0.0293 8.7053 "" "" 3426211517873792768 1681.94714 0.5618 0.0394 -0.056 -3.631 0.044 0.031 2.612 9354.9 3.673 13.832925 0.889717 14.181341 13.291624 "" "" 1573.57764 1774.56213 55179.39524 23.502 29032.0 23.2 38239.0 17.618 "" "" 0.0027938570127878743 0.002921957 0.0038123436 0.0067343004 91.02934093087 24.06305568246 1681.94714 -0.055999999999999994 -3.6309999999999993
91.34974986755 23.91616904734 0.0177 0.0152 13.493 "" "" 3426147986718736896 1574.44849 0.5925 0.0183 2.131 -1.09 0.023 0.017 1.079 5405.7 3.1032 13.85482 1.636931 14.626927 12.989996 -53.06 2.15 1529.65234 1624.00122 54077.75777 11.9 19260.0 20.89 50485.0 17.176 "" "" 0.0027656594484808416 0.0030285055 0.0037973905 0.006825896 91.34974986755 23.91616904734 1574.44849 2.1309999999999993 -1.0900000000000003
90.9921215936 23.9841096533 0.0151 0.0121 12.2369 "" "" 3426204508487197312 1778.64062 0.5188 0.0174 0.309 -1.533 0.02 0.013 1.019 7885.8 3.54 13.865345 0.881475 14.214082 13.332607 "" "" 1734.54688 1822.10815 53556.08816 10.984 28170.0 16.924 36823.0 22.122 "" "" 0.0027643036358799685 0.0028654023 0.003835256 0.0067006582 90.9921215936 23.9841096533 1778.64062 0.30900000000000005 -1.533
91.23889347749 23.74852100749 0.0157 0.0131 20.3621 "" "" 3426139293704360448 1903.32568 0.4848 0.0176 2.877 0.42 0.021 0.015 1.119 4724.0 2.8614 13.892454 1.852409 14.805448 12.953038 57.32 1.93 1842.1936 1968.4408 52235.42445 13.963 16339.0 34.004 52233.0 43.306 "" "" 0.002770563328657526 0.0035903726 0.0038851055 0.007475478 91.23889347749 23.74852100749 1903.32568 2.877 0.41999999999999993
91.23223735516 23.82058144608 0.02 0.0173 16.0321 "" "" 3426192581360522880 1512.78003 0.6125 0.0221 0.47 -4.305 0.026 0.019 1.304 8904.1 4.1322 13.9022 0.742232 14.194557 13.452325 "" "" 1466.19922 1568.85217 51768.64785 17.965 28681.0 29.174 32978.0 22.93 "" "" 0.00278096215940683 0.0030007907 0.003854042 0.0068548326 91.23223735516 23.82058144608 1512.78003 0.47 -4.305000000000001
91.19804839966 24.32802541931 0.0163 0.0136 14.6255 "" "" 3426243506790059008 1545.89514 0.6071 0.0182 -2.557 -2.743 0.019 0.015 0.934 5034.0 3.2533 13.917974 1.656099 14.704514 13.048414 4.44 2.1 1500.54395 1586.99573 51021.97911 10.901 17931.0 16.696 47840.0 28.615 "" "" 0.0027650677853736216 0.0029676724 0.003834772 0.0068024443 91.19804839966 24.32802541931 1545.89514 -2.5569999999999995 -2.7429999999999994
91.1510825834 24.06335761054 0.0158 0.0135 2.3183 "" "" 3426212376867212544 1967.88171 0.4677 0.0175 0.939 -3.027 0.021 0.016 1.063 "" "" 13.920005 0.756434 14.213522 13.457088 "" "" 1887.98218 2048.20874 50926.60591 14.511 28184.0 28.289 32834.0 20.745 "" "" 0.002772633880374322 0.0029954417 0.0038411329 0.0068365745 91.1510825834 24.06335761054 1967.88171 0.9390000000000001 -3.027
91.32690354852 24.06078195029 0.0185 0.0162 7.8216 "" "" 3426223371983968896 2178.03589 0.4147 0.0206 0.141 -3.583 0.023 0.016 0.997 "" "" 13.957546 0.814055 14.274289 13.460234 "" "" 2089.22095 2270.19775 49195.83049 19.346 26650.0 33.919 32739.0 22.898 "" "" 0.002788204485013084 0.0031136214 0.003854916 0.0069685373 91.32690354852 24.06078195029 2178.03589 0.14100000000000001 -3.5829999999999993
91.50778251645 24.04123294759 0.0182 0.0154 17.7917 "" "" 3426174168838546048 1536.52161 0.611 0.0203 0.379 -1.136 0.022 0.015 0.913 "" "" 13.960248 0.951511 14.347351 13.39584 "" "" 1496.36719 1583.49731 49073.54656 10.245 24916.0 22.084 34739.0 27.617 "" "" 0.0027646279047018807 0.0029514616 0.0038766926 0.0068281544 91.50778251645 24.04123294759 1536.52161 0.37900000000000006 -1.136
91.2221455265 24.07443058588 0.0195 0.0164 2.0435 "" "" 3426200900715114624 1787.67261 0.5189 0.0212 1.281 -2.784 0.025 0.018 1.217 7751.8 3.9688 13.968255 0.655621 14.210481 13.55486 "" "" 1720.25513 1854.4646 48712.97159 25.539 28263.0 28.934 30006.0 29.978 "" "" 0.0028135042006527692 0.0030034164 0.003931965 0.0069353813 91.2221455265 24.07443058588 1787.67261 1.2809999999999997 -2.783999999999999
91.23420501197 23.91763024213 0.017 0.0143 10.3476 "" "" 3426194338005146368 1696.82886 0.5462 0.0184 1.54 -3.613 0.021 0.016 1.039 8891.2 4.0356 13.976856 1.012661 14.392935 13.380274 "" "" 1649.27673 1748.40332 48328.60689 11.839 23891.0 17.657 35241.0 37.651 "" "" 0.0027681275651226856 0.002903264 0.0039533903 0.0068566543 91.23420501197 23.91763024213 1696.82886 1.5400000000000003 -3.6129999999999995
91.40040200279 23.80881654505 0.0176 0.0154 20.2772 "" "" 3426144928701359104 1981.16064 0.4641 0.0193 0.708 -3.274 0.021 0.016 1.154 "" "" 14.001735 0.801894 14.314261 13.512367 "" "" 1900.96667 2051.47192 47233.78772 12.858 25687.0 15.121 31204.0 17.586 "" "" 0.002771126995428388 0.002862436 0.0038285963 0.006691032 91.40040200279 23.80881654505 1981.16064 0.7080000000000001 -3.2740000000000005
91.20529131487 24.09911599161 0.0183 0.0158 1.3521 "" "" 3426201209952755328 2017.63843 0.4554 0.0205 0.963 -3.01 0.023 0.017 1.001 10294.1 3.8474 14.012323 0.643915 14.255954 13.612039 "" "" 1933.20447 2088.21265 46775.39131 19.47 27104.0 32.129 28467.0 26.219 "" "" 0.0027921374730104907 0.0030727007 0.0039094402 0.006982141 91.20529131487 24.09911599161 2017.63843 0.963 -3.0100000000000002
91.04554630291 24.03556133776 0.0167 0.0139 8.2621 "" "" 3426210654584363008 1628.96094 0.5766 0.0191 5.704 -1.322 0.022 0.015 1.018 9741.4 4.1957 14.061257 0.681576 14.312686 13.63111 "" "" 1578.63599 1689.88831 44714.01791 34.251 25724.0 102.93 27971.0 106.56 "" "" 0.0028781023969780633 0.005163205 0.005602909 0.010766113 91.04554630291 24.03556133776 1628.96094 5.704000000000001 -1.322
91.23973872019 24.16550609344 0.0273 0.0229 5.6677 "" "" 3426236772281916800 1852.82593 0.4973 0.0281 -0.105 -1.931 0.034 0.025 1.355 9152.7 3.5852 14.072101 0.939841 14.449758 13.509916 "" "" 1755.74304 1984.00232 44269.69565 18.283 22673.0 47.533 31275.0 21.296 "" "" 0.0027915679531557826 0.0036008526 0.0038510133 0.007451866 91.23973872019 24.16550609344 1852.82593 -0.105 -1.931
