Clusters/Roslund_2/Roslund_2_stars_in_region.tsv
# %ECSV 1.0
# ---
# datatype:
# - name: RA_ICRS_1
#   unit: deg
#   datatype: float64
#   format: '{:15.11f}'
#   description: Right ascension (ICRS) at Ep=2016.0 (ra)
#   meta: !!omap
#   - {ucd: POS_EQ_RA_MAIN}
#   - {width: 15}
#   - {precision: '11'}
# - name: DE_ICRS_1
#   unit: deg
#   datatype: float64
#   format: '{:15.11f}'
#   description: Declination (ICRS) at Ep=2016.0 (dec)
#   meta: !!omap
#   - {ucd: POS_EQ_DEC_MAIN}
#   - {width: 15}
#   - {precision: '11'}
# - name: e_RA_ICRS
#   unit: mas
#   datatype: float64
#   format: '{:7.4f}'
#   description: Standard error of right ascension (ra_error)
#   meta: !!omap
#   - {ucd: ERROR}
#   - {width: 7}
#   - {precision: '4'}
# - name: e_DE_ICRS
#   unit: mas
#   datatype: float64
#   format: '{:7.4f}'
#   description: Standard error of declination (dec_error)
#   meta: !!omap
#   - {ucd: ERROR}
#   - {width: 7}
#   - {precision: '4'}
# - name: _r_1
#   unit: ''
#   datatype: float64
#   format: '{:7.4f}'
#   description: Distance from center (296.26850644000+23.96490608000)[ICRS], at Epoch=J2016.0
#   meta: !!omap
#   - {ucd: POS_ANG_DIST_GENERAL}
#   - {width: 7}
#   - {precision: '4'}
# - name: HIP
#   datatype: int32
#   description: '? HIP cross-id number, van Leeuwen, Cat. I/311 (hip_original_ext_source_id)'
#   meta: !!omap
#   - {ucd: ID_NUMBER}
#   - {width: 6}
#   - values: {'null': -2147483648}
# - name: TYC2
#   datatype: string
#   description: Tycho-2 cross-id name, Hog et al., Cat. I/259 (tyc2_original_ext_source_id)
#   meta: !!omap
#   - {ucd: ID_CROSSID}
#   - {_votable_string_dtype: char}
# - name: Source
#   datatype: int64
#   description: Source identifier, identical to the Gaia-EDR3 source_id (id)
#   meta: !!omap
#   - {ucd: ID_MAIN}
#   - {width: 19}
# - name: rgeo
#   unit: pc
#   datatype: float64
#   format: '{:15.8f}'
#   description: '? Median of the geometric distance posterior (r_med_geo)'
#   meta: !!omap
#   - {ucd: PHYS_DISTANCE_TRUE}
#   - {width: 15}
#   - {precision: '8'}
#   - values: {'null': .nan}
# - name: Plx
#   unit: mas
#   datatype: float64
#   format: '{:9.4f}'
#   description: '? Parallax (parallax)'
#   meta: !!omap
#   - {ucd: POS_PARLX_TRIG}
#   - {width: 9}
#   - {precision: '4'}
#   - values: {'null': .nan}
# - name: e_Plx
#   unit: mas
#   datatype: float32
#   format: '{:7.4f}'
#   description: '? Standard error of parallax (parallax_error)'
#   meta: !!omap
#   - {ucd: ERROR}
#   - {width: 7}
#   - {precision: '4'}
#   - values: {'null': .nan}
# - name: pmRA
#   unit: mas / yr
#   datatype: float64
#   format: '{:9.3f}'
#   description: '? Proper motion in right ascension direction, pmRA*cosDE (pmra)'
#   meta: !!omap
#   - {ucd: POS_EQ_PMRA}
#   - {width: 9}
#   - {precision: '3'}
#   - values: {'null': .nan}
# - name: pmDE
#   unit: mas / yr
#   datatype: float64
#   format: '{:9.3f}'
#   description: '? Proper motion in declination direction (pmdec)'
#   meta: !!omap
#   - {ucd: POS_EQ_PMDEC}
#   - {width: 9}
#   - {precision: '3'}
#   - values: {'null': .nan}
# - name: e_pmRA
#   unit: mas / yr
#   datatype: float32
#   format: '{:6.3f}'
#   description: '? Standard error of proper motion in right ascension direction (pmra_error)'
#   meta: !!omap
#   - {ucd: ERROR}
#   - {width: 6}
#   - {precision: '3'}
#   - values: {'null': .nan}
# - name: e_pmDE
[...]
#         unit: &id001 !astropy.units.Unit {unit: deg}
#         value: !astropy.table.SerializedColumn {name: SkyCoord.dec}
#       distance: !astropy.table.SerializedColumn
#         __class__: astropy.coordinates.distances.Distance
#         unit: !astropy.units.Unit {unit: pc}
#         value: !astropy.table.SerializedColumn {name: SkyCoord.distance}
#       frame: icrs
#       obstime: !astropy.time.Time {format: jyear_str, in_subfmt: '*', jd1: 367701545.0, jd2: 0.0, out_subfmt: '*', precision: 3, scale: tt}
#       pm_dec: !astropy.table.SerializedColumn
#         __class__: astropy.units.quantity.Quantity
#         unit: !astropy.units.Unit {unit: mas / yr}
#         value: !astropy.table.SerializedColumn {name: SkyCoord.pm_dec}
#       pm_ra_cosdec: !astropy.table.SerializedColumn
#         __class__: astropy.units.quantity.Quantity
#         unit: !astropy.units.Unit {unit: mas / yr}
#         value: !astropy.table.SerializedColumn {name: SkyCoord.pm_ra_cosdec}
#       ra: !astropy.table.SerializedColumn
#         __class__: astropy.coordinates.angles.Longitude
#         unit: *id001
#         value: !astropy.table.SerializedColumn {name: SkyCoord.ra}
#         wrap_angle: !astropy.coordinates.Angle
#           unit: *id001
#           value: 360.0
#       representation_type: spherical
# schema: astropy-2.0
RA_ICRS_1 DE_ICRS_1 e_RA_ICRS e_DE_ICRS _r_1 HIP TYC2 Source rgeo Plx e_Plx pmRA pmDE e_pmRA e_pmDE RUWE Teff logg Gmag BP-RP BPmag RPmag RV e_RV b_rgeo B_rgeo FG e_FG FBP e_FBP FRP e_FRP RAVE5 RAVE6 e_Gmag e_BPmag e_RPmag e_BP-RP SkyCoord.ra SkyCoord.dec SkyCoord.distance SkyCoord.pm_ra_cosdec SkyCoord.pm_dec
[from data line 1340]
296.33887159559 23.50724082033 0.0799 0.1129 27.7305 "" "" 2020073614963985664 1769.80261 0.622 0.1588 -2.902 -3.792 0.098 0.155 3.202 "" "" 16.594587 2.608268 17.98021 15.371942 "" "" 1388.48328 2277.42578 4336.22825 5.6473 877.67 4.6229 5628.4 5.5261 "" "" 0.003096969230033855 0.006363185 0.003926842 0.010290027 296.33887159559 23.50724082033 1769.80261 -2.902 -3.792
296.53932435889 24.32278699901 0.0286 0.0337 26.0948 "" "" 2020557232592331136 1486.43933 0.6563 0.0491 -5.129 -9.617 0.035 0.044 1.025 5491.9 4.2268 16.594961 1.933102 17.50936 15.576258 "" "" 1397.33057 1588.60486 4334.73314 2.0059 1354.2 5.2303 4662.9 22.012 "" "" 0.0028007535144819844 0.005036844 0.006368159 0.011405002 296.53932435889 24.32278699901 1486.43933 -5.129 -9.616999999999999
296.28872773055 24.12370807928 0.0329 0.041 9.5923 "" "" 2020529057618089856 1932.66882 0.4979 0.0512 -0.421 -1.87 0.04 0.052 1.063 6654.0 4.2785 16.595278 1.829766 17.481222 15.651456 "" "" 1777.91223 2123.78467 4333.46738 1.8272 1389.7 4.9133 4350.9 9.0776 "" "" 0.0027930931518037375 0.0047455397 0.0044062557 0.009151796 296.28872773055 24.12370807928 1932.66882 -0.42099999999999993 -1.87
296.1310846267 24.2138392889 0.028 0.035 16.7255 "" "" 2020719066981344768 1875.57764 0.4987 0.0491 -1.437 -7.414 0.035 0.047 0.937 7211.2 4.1606 16.597736 1.824896 17.486353 15.661457 "" "" 1719.19934 2066.80737 4323.6655 1.8564 1383.2 4.4651 4311.0 6.7635 "" "" 0.0027944772910523806 0.004479853 0.0041455175 0.00862537 296.1310846267 24.2138392889 1875.57764 -1.437 -7.414
296.6024052717 24.06441112914 0.0294 0.0365 19.2491 "" "" 2020513939329954432 1877.06689 0.5175 0.0521 -6.148 -12.88 0.037 0.051 0.98 7244.9 4.3885 16.597824 1.738222 17.432472 15.69425 "" "" 1672.73889 2060.05957 4323.31722 1.7925 1453.5 4.9036 4182.7 6.3451 "" "" 0.0027918511674453065 0.0046045454 0.00412268 0.0087272255 296.6024052717 24.06441112914 1877.06689 -6.148 -12.880000000000003
295.96337582017 23.88158011594 0.0267 0.034 17.4658 "" "" 2020145121891340288 2056.54492 0.4688 0.0462 3.295 -4.352 0.032 0.045 1.021 5708.6 3.935 16.597958 1.671831 17.39376 15.72193 "" "" 1897.75305 2241.08838 4322.78326 1.5965 1506.3 7.1464 4077.4 6.7766 "" "" 0.0027843454515211947 0.005858233 0.004188065 0.010046298 295.96337582017 23.88158011594 2056.54492 3.2949999999999995 -4.352
295.82345864987 23.85934631184 0.0247 0.0335 25.2192 "" "" 2020331008088710016 1716.40894 0.5618 0.0441 -1.937 -5.292 0.03 0.047 1.025 9246.2 3.8092 16.598898 1.850796 17.503471 15.652676 "" "" 1589.39368 1830.52136 4319.04301 1.8533 1361.5 5.991 4346.0 6.9172 "" "" 0.0027944305354180386 0.0055326405 0.004155719 0.00968836 295.82345864987 23.85934631184 1716.40894 -1.9369999999999998 -5.292000000000001
296.43265151191 24.35597108041 0.0274 0.0344 25.1257 "" "" 2020556957724066560 2178.07373 0.4346 0.0509 -0.612 -4.413 0.034 0.043 0.959 8525.9 4.3078 16.60088 1.745894 17.444504 15.698609 "" "" 2008.57715 2391.91187 4311.16648 2.061 1437.5 5.8998 4166.0 7.6803 "" "" 0.0028037832009973965 0.0052575436 0.0042767087 0.009534253 296.43265151191 24.35597108041 2178.07373 -0.612 -4.413
296.29913248856 23.84065126387 0.0271 0.0338 7.6422 "" "" 2020503940645533568 1977.9563 0.4828 0.0476 -1.941 -5.132 0.032 0.043 0.994 5329.9 3.7366 16.60318 2.146627 17.716427 15.569799 "" "" 1803.26001 2140.66724 4302.04325 5.5749 1119.0 6.0779 4690.7 16.188 "" "" 0.003093763131038541 0.0065239808 0.0053219814 0.011845962 296.29913248856 23.84065126387 1977.9563 -1.941 -5.131999999999999
296.58985178879 24.13333258057 0.0329 0.035 20.301 "" "" 2020538643983714048 1479.23767 0.6563 0.0518 3.754 -5.239 0.041 0.05 0.988 5381.6 4.2515 16.604134 1.888726 17.538412 15.649686 "" "" 1374.48572 1585.52954 4298.26902 1.9006 1318.4 5.1833 4358.0 5.9962 "" "" 0.0027968329369363314 0.005099591 0.0040639117 0.009163503 296.58985178879 24.13333258057 1479.23767 3.754000000000001 -5.239000000000001
296.40304854749 24.00290656747 0.0328 0.0414 7.7199 "" "" 2020524315970623872 1808.83679 0.5253 0.057 -1.221 -2.523 0.039 0.054 1.179 7818.4 4.115 16.608315 1.853863 17.437624 15.583761 "" "" 1619.44458 2050.22339 4281.74517 2.7976 1446.7 11.679 4630.8 26.336 "" "" 0.0028451771423714917 0.009198376 0.007239547 0.016437924 296.40304854749 24.00290656747 1808.83679 -1.221 -2.5230000000000006
296.33274452136 23.83249410529 0.0271 0.0361 8.6911 "" "" 2020503146053358848 1780.52087 0.5404 0.0488 -2.177 -2.975 0.033 0.046 1.019 6247.5 4.0827 16.609434 1.918856 17.558697 15.639841 "" "" 1632.9801 1961.92358 4277.33706 1.7813 1294.0 6.4158 4397.7 8.6529 "" "" 0.0027921737141960424 0.006063327 0.0043413667 0.010404694 296.33274452136 23.83249410529 1780.52087 -2.177 -2.9750000000000005
296.04511101961 23.75936287142 0.072 0.0936 17.3882 "" "" 2020138937138338688 1557.28674 0.789 0.1273 16.79 6.117 0.086 0.118 2.767 4421.7 4.6727 16.609655 1.983908 17.523094 15.539186 "" "" 1264.0874 1876.87488 4276.46063 5.0301 1337.1 5.2717 4824.8 6.6769 "" "" 0.0030368915404451326 0.005109709 0.0040670983 0.0091768075 296.04511101961 23.75936287142 1557.28674 16.790000000000003 6.116999999999999
296.30512891258 24.14278361718 0.0308 0.0354 10.8596 "" "" 2020529469931786496 2025.94104 0.469 0.048 -6.161 -4.993 0.038 0.047 0.984 6571.9 4.2319 16.610931 1.896645 17.545732 15.649087 "" "" 1873.70337 2209.40454 4271.43651 1.8303 1309.6 3.9764 4360.4 9.1196 "" "" 0.0027943216098397926 0.0043189228 0.004409097 0.00872802 296.30512891258 24.14278361718 2025.94104 -6.161 -4.993
296.23200666723 24.07157937472 0.0285 0.0352 6.7057 "" "" 2020522975940971776 2128.53516 0.4449 0.0468 -1.64 -5.197 0.034 0.046 0.982 6691.8 4.1627 16.612532 2.057364 17.639887 15.582522 "" "" 1935.45349 2379.79443 4265.14913 3.0517 1200.8 5.1373 4636.1 11.233 "" "" 0.002862738334225019 0.005418612 0.0046047997 0.010023411 296.23200666723 24.07157937472 2128.53516 -1.6400000000000001 -5.197000000000001
296.3435196219 23.64469539511 0.0263 0.035 19.649 "" "" 2020122478823390720 2034.91589 0.4695 0.0463 -3.42 -6.765 0.031 0.045 1.016 6978.6 3.8311 16.612766 2.336125 17.85744 15.521316 "" "" 1869.78601 2228.23657 4264.22341 1.7141 982.74 4.8237 4904.9 6.2894 "" "" 0.0027896712602223602 0.006015475 0.0040276498 0.010043125 296.3435196219 23.64469539511 2034.91589 -3.42 -6.765000000000001
295.97752907878 24.07905838221 0.0333 0.0362 17.3552 "" "" 2020710477046292096 1989.7384 0.4732 0.0523 -11.363 -7.199 0.038 0.045 1.063 5502.2 4.2278 16.613531 2.053815 17.5484 15.494586 "" "" 1822.33838 2258.88989 4261.22349 2.3408 1306.3 6.518 5027.2 34.946 "" "" 0.0028191327886042785 0.006093761 0.008440764 0.014534525 295.97752907878 24.07905838221 1989.7384 -11.363 -7.199000000000002
296.64615257326 23.91032180224 0.0301 0.0358 20.9672 "" "" 2020508781049739136 1839.48511 0.506 0.051 -5.339 -5.863 0.037 0.048 1.007 7310.4 4.2237 16.614763 2.028801 17.62717 15.59837 "" "" 1691.86938 2092.89038 4256.38966 12.666 1214.9 13.026 4568.9 42.713 "" "" 0.004246227981460355 0.01197083 0.010830946 0.022801775 296.64615257326 23.91032180224 1839.48511 -5.339 -5.863
295.90200876539 24.14621400682 0.0274 0.0339 22.8374 "" "" 2020714595882206848 1769.01526 0.5421 0.0475 -1.219 -3.445 0.033 0.045 1.041 5701.9 3.8848 16.617256 1.945992 17.538713 15.592722 "" "" 1636.64563 1951.77393 4246.62499 1.9127 1318.0 6.5726 4592.7 22.385 "" "" 0.002798380006516952 0.0060909935 0.006502934 0.012593927 295.90200876539 24.14621400682 1769.01526 -1.219 -3.4450000000000003
296.61691440356 23.80275117008 0.0285 0.0332 21.448 "" "" 2020459444782189568 2113.68823 0.4463 0.0475 -3.152 -5.299 0.035 0.043 1.039 6547.5 3.8209 16.617865 2.597568 18.059618 15.462049 "" "" 1924.12134 2384.09277 4244.25033 1.8083 815.77 5.0844 5180.1 6.4752 "" "" 0.0027938819772921133 0.0073196557 0.0040156795 0.011335336 296.61691440356 23.80275117008 2113.68823 -3.1519999999999992 -5.299000000000001
295.86644342463 23.83286675373 0.0272 0.0351 23.4351 "" "" 2020330767570514944 1705.64368 0.5631 0.046 -8.842 -11.403 0.033 0.047 1.021 5064.8 4.3294 16.619152 1.761221 17.470707 15.709486 "" "" 1579.53857 1853.54651 4239.22025 1.6393 1403.2 7.2793 4124.4 8.4555 "" "" 0.0027871249586365206 0.006285627 0.004386148 0.010671775 295.86644342463 23.83286675373 1705.64368 -8.841999999999999 -11.403000000000002
296.37483658196 24.10792289599 0.0313 0.0377 10.3722 "" "" 2020526240116343168 1886.67932 0.517 0.0506 -2.944 -5.296 0.038 0.05 1.014 6506.3 4.0899 16.62023 1.676246 17.419737 15.743491 "" "" 1718.36206 2076.0918 4235.01656 1.8141 1470.7 6.8189 3997.3 6.8915 "" "" 0.0027942962516774583 0.0057555507 0.004217529 0.00997308 296.37483658196 24.10792289599 1886.67932 -2.944 -5.296
296.4183235104 23.55705073315 0.0257 0.0343 25.8172 "" "" 2020074096000417024 1571.88416 0.6054 0.0491 -2.62 -6.394 0.031 0.046 0.977 6450.4 4.2994 16.622517 1.954404 17.598194 15.64379 "" "" 1472.86523 1711.31702 4226.10442 1.5823 1247.8 3.9235 4381.7 6.6408 "" "" 0.0027851465026109976 0.004409068 0.0041220686 0.008531136 296.4183235104 23.55705073315 1571.88416 -2.62 -6.394
295.95441972688 24.0164350051 0.0274 0.0333 17.4926 "" "" 2020334718940436096 1590.46973 0.6082 0.0475 -1.358 -9.643 0.032 0.044 1.029 7349.1 4.3119 16.624065 1.853969 17.533762 15.679793 "" "" 1476.96802 1705.57324 4220.07711 1.8225 1324.1 5.0368 4238.8 6.4316 "" "" 0.002794932508486378 0.004984234 0.004122823 0.009107057 295.95441972688 24.0164350051 1590.46973 -1.3579999999999994 -9.643
296.00030208462 23.77547953867 0.0267 0.0341 18.5938 "" "" 2020139143296803712 2004.31982 0.4771 0.0456 -0.039 -2.748 0.032 0.043 1.062 5054.0 4.2536 16.624912 1.716569 17.44009 15.723521 "" "" 1849.15906 2180.08643 4216.78947 2.1401 1443.4 5.8647 4071.5 7.1813 "" "" 0.002809879912435068 0.005219782 0.004236865 0.009456647 296.00030208462 23.77547953867 2004.31982 -0.03899999999999998 -2.748
296.72521267498 24.09381645436 0.0305 0.0364 26.1955 "" "" 2020534791374160256 1744.5968 0.5604 0.0535 -1.405 -5.016 0.037 0.05 0.96 5333.6 4.2895 16.625456 1.690151 17.431967 15.741816 "" "" 1608.28052 1925.1709 4214.67668 1.8254 1454.2 4.9038 4003.4 6.8901 "" "" 0.0027951589462950964 0.0046032616 0.004216096 0.0088193575 296.72521267498 24.09381645436 1744.5968 -1.4049999999999998 -5.016
296.39088996557 24.24980068701 0.0312 0.0384 18.3608 "" "" 2020532527948589312 1477.17554 0.6578 0.0569 -3.519 -3.76 0.038 0.049 1.0 5873.5 4.4491 16.62663 1.679364 17.424347 15.744983 "" "" 1343.32739 1592.33862 4210.12164 1.9697 1464.5 6.9065 3991.8 5.8975 "" "" 0.0028017517838988585 0.0058311424 0.0041056997 0.009936842 296.39088996557 24.24980068701 1477.17554 -3.519 -3.7600000000000002
296.16218862657 23.52922215141 0.0297 0.0392 26.7852 "" "" 2020119901836813440 1632.97974 0.5909 0.0589 2.51 -8.142 0.035 0.052 1.065 "" "" 16.627764 2.031302 17.323927 15.292625 "" "" 1502.91833 1773.83374 4205.7301 1.8929 1606.4 7.394 6054.9 68.861 "" "" 0.002798317732352478 0.0057236124 0.012913274 0.018636886 296.16218862657 23.52922215141 1632.97974 2.5099999999999993 -8.142
296.39210124704 24.40382336947 0.0257 0.0351 27.19 "" "" 2020745833218989056 1912.52405 0.519 0.0545 -0.225 -2.207 0.032 0.046 1.052 7375.1 4.0363 16.628235 1.965916 17.609009 15.643093 "" "" 1724.47485 2129.3208 4203.90485 1.8315 1235.4 6.4413 4384.5 6.8258 "" "" 0.0027956280427974766 0.0063112234 0.0041401405 0.010451363 296.39210124704 24.40382336947 1912.52405 -0.22499999999999998 -2.207
295.92381686409 23.65437175549 0.0275 0.0348 26.5549 "" "" 2020132163958445952 1718.57886 0.554 0.0464 -5.273 -4.422 0.032 0.046 0.991 5945.2 4.2005 16.628874 1.547358 17.3459 15.798542 "" "" 1576.71326 1907.22705 4201.43288 1.6939 1574.2 4.2649 3799.6 5.9148 "" "" 0.0027898753213704904 0.004054337 0.0041400907 0.008194428 295.92381686409 23.65437175549 1718.57886 -5.272999999999999 -4.422
295.88279272511 23.67581911926 0.0286 0.0368 27.3694 "" "" 2020132133910209152 1776.97571 0.5234 0.0505 -1.597 -5.347 0.034 0.049 0.966 8589.1 3.0639 16.629349 3.443575 18.709435 15.26586 "" "" 1659.65247 1958.0127 4199.59149 2.1054 448.38 6.2527 6206.0 7.4331 "" "" 0.0028085708775388517 0.015395633 0.00399685 0.019392483 295.88279272511 23.67581911926 1776.97571 -1.5970000000000004 -5.347
296.37747481452 23.91437321112 0.0273 0.0352 6.7008 "" "" 2020506036589796736 1632.4165 0.586 0.0488 -3.862 -4.555 0.033 0.045 1.039 7071.7 4.1613 16.629646 1.795389 17.499975 15.704586 "" "" 1534.95496 1778.62341 4198.44161 1.8769 1365.9 6.0741 4143.1 5.7606 "" "" 0.0027977451996149543 0.005576449 0.004069726 0.009646175 296.37747481452 23.91437321112 1632.4165 -3.862 -4.555
296.14853355519 24.02428472369 0.0285 0.0358 7.4794 "" "" 2020523044660484992 2183.31006 0.4317 0.0483 -1.047 -2.572 0.034 0.045 0.975 8355.6 3.8973 16.63202 2.374975 17.902401 15.527426 "" "" 1965.63391 2418.51904 4189.26876 1.7555 942.88 5.4899 4877.4 6.3712 "" "" 0.0027926315645786376 0.00691004 0.0040367316 0.010946771 296.14853355519 24.02428472369 2183.31006 -1.0470000000000002 -2.572
296.54573368488 24.04226661646 0.0304 0.0358 15.8883 "" "" 2020513660140277888 1911.41956 0.523 0.0524 -8.538 -13.338 0.038 0.05 1.053 4989.8 4.174 16.632284 2.01128 17.62425 15.61297 "" "" 1723.79724 2102.94116 4188.25155 1.956 1218.2 6.6925 4507.9 10.08 "" "" 0.002801588919946582 0.0065851044 0.0044919793 0.011077084 296.54573368488 24.04226661646 1911.41956 -8.538000000000002 -13.338
296.42866353423 24.29666068415 0.029 0.0362 21.7515 "" "" 2020556236169544832 1583.64294 0.6208 0.0523 -0.659 -3.389 0.036 0.046 0.934 6710.4 4.2964 16.632807 1.884385 17.550964 15.666579 "" "" 1480.13965 1738.17346 4186.23981 1.905 1303.3 6.9471 4290.7 5.9738 "" "" 0.002799268137384392 0.006424877 0.004070475 0.010495352 296.42866353423 24.29666068415 1583.64294 -0.659 -3.3890000000000002
296.10745160911 23.71729681582 0.0258 0.032 17.287 "" "" 2020126086596129792 1932.45715 0.4977 0.0432 0.648 -2.758 0.031 0.042 0.916 5408.1 4.3708 16.633177 1.521537 17.33306 15.811523 "" "" 1755.33118 2112.56567 4184.8158 1.4742 1592.9 6.5241 3754.5 5.4691 "" "" 0.0027817399974644323 0.0052497503 0.0040969606 0.0093467105 296.10745160911 23.71729681582 1932.45715 0.6479999999999999 -2.758
295.91830796319 23.97938015877 0.0267 0.0342 19.2191 "" "" 2020334478422274560 1542.5304 0.6227 0.047 -0.972 -6.285 0.031 0.044 0.974 6287.9 4.1957 16.633331 1.797367 17.507711 15.710344 "" "" 1461.11523 1651.44885 4184.2137 1.7399 1356.2 6.6195 4121.2 7.5695 "" "" 0.002792063758893563 0.0059890375 0.004273236 0.010262273 295.91830796319 23.97938015877 1542.5304 -0.9719999999999999 -6.285000000000001
296.39390741785 24.34289257201 0.0285 0.0365 23.6955 "" "" 2020744287030722816 2055.23779 0.4808 0.0562 0.283 -2.624 0.035 0.047 0.99 7424.5 4.3574 16.634026 1.747336 17.475592 15.728255 "" "" 1839.79773 2310.42432 4181.54481 1.7809 1396.9 4.9522 4053.7 7.2992 "" "" 0.002793852587979796 0.004753996 0.004255088 0.009009084 296.39390741785 24.34289257201 2055.23779 0.283 -2.624
296.0624231037 24.24780986121 0.0278 0.0352 20.3841 "" "" 2020716524360395520 1909.8302 0.51 0.0489 -2.093 -8.555 0.035 0.046 0.97 7850.1 4.2668 16.635849 1.836235 17.47476 15.638525 "" "" 1728.7019 2099.91333 4174.52586 1.9176 1398.0 12.667 4403.0 20.663 "" "" 0.0028000950155036503 0.010225663 0.006343951 0.016569614 296.0624231037 24.24780986121 1909.8302 -2.093 -8.555
296.23893303802 23.56307824084 0.027 0.0346 24.1643 "" "" 2020120279800162176 1969.88452 0.4846 0.0488 0.466 -1.279 0.033 0.047 0.962 5626.0 3.9327 16.6376 1.648431 17.41895 15.770518 "" "" 1811.49231 2218.88623 4167.8 1.6287 1471.8 3.9827 3899.0 6.7481 "" "" 0.0027877962375030523 0.0040517827 0.0042207567 0.00827254 296.23893303802 23.56307824084 1969.88452 0.46600000000000014 -1.279
