Clusters/Roslund_2/Roslund_2_stars_in_region.tsv
# %ECSV 1.0
# ---
# datatype:
# - name: RA_ICRS_1
#   unit: deg
#   datatype: float64
#   format: '{:15.11f}'
#   description: Right ascension (ICRS) at Ep=2016.0 (ra)
#   meta: !!omap
#   - {ucd: POS_EQ_RA_MAIN}
#   - {width: 15}
#   - {precision: '11'}
# - name: DE_ICRS_1
#   unit: deg
#   datatype: float64
#   format: '{:15.11f}'
#   description: Declination (ICRS) at Ep=2016.0 (dec)
#   meta: !!omap
#   - {ucd: POS_EQ_DEC_MAIN}
#   - {width: 15}
#   - {precision: '11'}
# - name: e_RA_ICRS
#   unit: mas
#   datatype: float64
#   format: '{:7.4f}'
#   description: Standard error of right ascension (ra_error)
#   meta: !!omap
#   - {ucd: ERROR}
#   - {width: 7}
#   - {precision: '4'}
# - name: e_DE_ICRS
#   unit: mas
#   datatype: float64
#   format: '{:7.4f}'
#   description: Standard error of declination (dec_error)
#   meta: !!omap
#   - {ucd: ERROR}
#   - {width: 7}
#   - {precision: '4'}
# - name: _r_1
#   unit: ''
#   datatype: float64
#   format: '{:7.4f}'
#   description: Distance from center (296.26850644000+23.96490608000)[ICRS], at Epoch=J2016.0
#   meta: !!omap
#   - {ucd: POS_ANG_DIST_GENERAL}
#   - {width: 7}
#   - {precision: '4'}
# - name: HIP
#   datatype: int32
#   description: '? HIP cross-id number, van Leeuwen, Cat. I/311 (hip_original_ext_source_id)'
#   meta: !!omap
#   - {ucd: ID_NUMBER}
#   - {width: 6}
#   - values: {'null': -2147483648}
# - name: TYC2
#   datatype: string
#   description: Tycho-2 cross-id name, Hog et al., Cat. I/259 (tyc2_original_ext_source_id)
#   meta: !!omap
#   - {ucd: ID_CROSSID}
#   - {_votable_string_dtype: char}
# - name: Source
#   datatype: int64
#   description: Source identifier, identical to the Gaia-EDR3 source_id (id)
#   meta: !!omap
#   - {ucd: ID_MAIN}
#   - {width: 19}
# - name: rgeo
#   unit: pc
#   datatype: float64
#   format: '{:15.8f}'
#   description: '? Median of the geometric distance posterior (r_med_geo)'
#   meta: !!omap
#   - {ucd: PHYS_DISTANCE_TRUE}
#   - {width: 15}
#   - {precision: '8'}
#   - values: {'null': .nan}
# - name: Plx
#   unit: mas
#   datatype: float64
#   format: '{:9.4f}'
#   description: '? Parallax (parallax)'
#   meta: !!omap
#   - {ucd: POS_PARLX_TRIG}
#   - {width: 9}
#   - {precision: '4'}
#   - values: {'null': .nan}
# - name: e_Plx
#   unit: mas
#   datatype: float32
#   format: '{:7.4f}'
#   description: '? Standard error of parallax (parallax_error)'
#   meta: !!omap
#   - {ucd: ERROR}
#   - {width: 7}
#   - {precision: '4'}
#   - values: {'null': .nan}
# - name: pmRA
#   unit: mas / yr
#   datatype: float64
#   format: '{:9.3f}'
#   description: '? Proper motion in right ascension direction, pmRA*cosDE (pmra)'
#   meta: !!omap
#   - {ucd: POS_EQ_PMRA}
#   - {width: 9}
#   - {precision: '3'}
#   - values: {'null': .nan}
# - name: pmDE
#   unit: mas / yr
#   datatype: float64
#   format: '{:9.3f}'
#   description: '? Proper motion in declination direction (pmdec)'
#   meta: !!omap
#   - {ucd: POS_EQ_PMDEC}
#   - {width: 9}
#   - {precision: '3'}
#   - values: {'null': .nan}
# - name: e_pmRA
#   unit: mas / yr
#   datatype: float32
#   format: '{:6.3f}'
#   description: '? Standard error of proper motion in right ascension direction (pmra_error)'
#   meta: !!omap
#   - {ucd: ERROR}
#   - {width: 6}
#   - {precision: '3'}
#   - values: {'null': .nan}
# - name: e_pmDE
[...]
#         unit: &id001 !astropy.units.Unit {unit: deg}
#         value: !astropy.table.SerializedColumn {name: SkyCoord.dec}
#       distance: !astropy.table.SerializedColumn
#         __class__: astropy.coordinates.distances.Distance
#         unit: !astropy.units.Unit {unit: pc}
#         value: !astropy.table.SerializedColumn {name: SkyCoord.distance}
#       frame: icrs
#       obstime: !astropy.time.Time {format: jyear_str, in_subfmt: '*', jd1: 367701545.0, jd2: 0.0, out_subfmt: '*', precision: 3, scale: tt}
#       pm_dec: !astropy.table.SerializedColumn
#         __class__: astropy.units.quantity.Quantity
#         unit: !astropy.units.Unit {unit: mas / yr}
#         value: !astropy.table.SerializedColumn {name: SkyCoord.pm_dec}
#       pm_ra_cosdec: !astropy.table.SerializedColumn
#         __class__: astropy.units.quantity.Quantity
#         unit: !astropy.units.Unit {unit: mas / yr}
#         value: !astropy.table.SerializedColumn {name: SkyCoord.pm_ra_cosdec}
#       ra: !astropy.table.SerializedColumn
#         __class__: astropy.coordinates.angles.Longitude
#         unit: *id001
#         value: !astropy.table.SerializedColumn {name: SkyCoord.ra}
#         wrap_angle: !astropy.coordinates.Angle
#           unit: *id001
#           value: 360.0
#       representation_type: spherical
# schema: astropy-2.0
RA_ICRS_1 DE_ICRS_1 e_RA_ICRS e_DE_ICRS _r_1 HIP TYC2 Source rgeo Plx e_Plx pmRA pmDE e_pmRA e_pmDE RUWE Teff logg Gmag BP-RP BPmag RPmag RV e_RV b_rgeo B_rgeo FG e_FG FBP e_FBP FRP e_FRP RAVE5 RAVE6 e_Gmag e_BPmag e_RPmag e_BP-RP SkyCoord.ra SkyCoord.dec SkyCoord.distance SkyCoord.pm_ra_cosdec SkyCoord.pm_dec
[from data line 1789]
296.69680529241 23.71514314457 0.0348 0.0405 27.876 "" "" 2020455012375892224 1574.48547 0.6125 0.0593 -2.042 -2.043 0.043 0.056 1.001 6478.0 4.3045 16.989237 2.074307 18.059076 15.984769 "" "" 1466.92627 1762.4917 3014.75462 1.4278 816.18 5.0082 3200.7 7.4934 "" "" 0.002802891430803938 0.007222911 0.0045546656 0.011777576 296.69680529241 23.71514314457 1574.48547 -2.042 -2.043
296.14740634106 23.78525517575 0.0316 0.0412 12.6623 "" "" 2020139864851216256 1678.63757 0.5765 0.0535 -2.244 -6.275 0.038 0.056 0.985 6408.3 4.3856 16.990004 1.765947 17.843746 16.077799 "" "" 1534.68054 1830.40161 3012.62626 1.4487 995.22 6.9098 2937.9 7.095 "" "" 0.0028043506508092903 0.008038053 0.0045998734 0.012637926 296.14740634106 23.78525517575 1678.63757 -2.2440000000000007 -6.275000000000001
295.99292323553 23.87613462559 0.0324 0.0412 16.0258 "" "" 2020144950092628608 1933.09155 0.4928 0.0583 -0.025 -2.607 0.039 0.053 1.033 8980.8 3.6146 16.99078 2.3347 18.20363 15.868931 "" "" 1758.00098 2176.7876 3010.47515 1.4701 714.44 5.8301 3561.1 8.7989 "" "" 0.0028058682793891034 0.0092889685 0.0046347044 0.013923673 295.99292323553 23.87613462559 1933.09155 -0.025000000000000078 -2.6069999999999998
296.08439707954 24.34996152908 0.0329 0.0428 25.2062 "" "" 2020724083503299200 2133.76172 0.4511 0.0623 -0.793 -3.434 0.043 0.059 0.94 7686.1 4.4134 16.991287 1.912985 17.947523 16.034538 "" "" 1904.02197 2460.04761 3009.06743 1.5741 904.5 4.4407 3057.3 7.836 "" "" 0.0028132504878247643 0.0060165753 0.004693363 0.010709938 296.08439707954 24.34996152908 2133.76172 -0.7929999999999999 -3.4340000000000006
296.49168993043 24.09341423046 0.0376 0.0422 14.4581 "" "" 2020526510682390784 1962.60986 0.4927 0.0623 -2.147 -6.694 0.046 0.058 1.018 5447.4 4.4399 16.991777 1.91596 17.955524 16.039564 "" "" 1773.79041 2221.38794 3007.70927 1.4388 897.86 5.9591 3043.2 6.2194 "" "" 0.002803845487518503 0.0077273534 0.0043826187 0.012109973 296.49168993043 24.09341423046 1962.60986 -2.147 -6.694
296.31047402669 23.88879271365 0.0318 0.042 5.114 "" "" 2020505757393519616 2114.77637 0.4592 0.0562 -1.672 -5.313 0.038 0.055 0.96 6574.3 4.2238 16.992846 2.300249 18.211603 15.911354 "" "" 1897.31018 2344.02173 3004.75234 1.9842 709.21 7.1839 3424.7 7.8258 "" "" 0.0028470749101428667 0.011346313 0.0045209727 0.015867285 296.31047402669 23.88879271365 2114.77637 -1.6720000000000004 -5.313000000000001
296.36257010938 24.35538545603 0.0407 0.049 23.988 "" "" 2020744527548930176 2094.58057 0.5027 0.0801 -3.688 -6.909 0.05 0.065 1.081 5430.7 4.5947 16.995216 1.771189 17.860928 16.089739 "" "" 1725.15991 2467.11279 2998.19582 1.6027 979.59 4.6882 2905.8 5.7276 "" "" 0.0028157834987085706 0.00589793 0.0043432354 0.010241166 296.36257010938 24.35538545603 2094.58057 -3.6879999999999997 -6.909
296.22038078852 24.28820615722 0.0348 0.0466 19.5762 "" "" 2020721231644932992 2058.93213 0.4638 0.0702 -0.412 -3.825 0.045 0.066 1.015 5072.2 4.32 16.995657 1.826313 17.886028 16.059715 "" "" 1827.72095 2398.35205 2996.97873 1.6426 957.21 5.9495 2987.3 4.7435 "" "" 0.0028188481497926753 0.007302415 0.0041540344 0.0114564495 296.22038078852 24.28820615722 2058.93213 -0.41200000000000003 -3.8250000000000006
296.1447290532 24.3814821398 0.0374 0.0568 25.8966 "" "" 2020725767130497024 1706.08496 0.5842 0.0799 -2.52 -2.63 0.047 0.074 1.27 7116.2 4.352 16.996181 2.014551 17.984888 15.970337 "" "" 1514.95117 1933.62061 2995.53437 3.5838 873.9 5.0322 3243.6 7.1541 "" "" 0.0030461567357421672 0.0068463725 0.004474186 0.011320558 296.1447290532 24.3814821398 1706.08496 -2.52 -2.6299999999999994
296.07712525502 24.23588184174 0.0365 0.0433 19.3445 "" "" 2020716455640914688 2167.93652 0.4401 0.0606 -3.372 -3.198 0.046 0.058 1.045 4812.1 4.1279 16.998209 2.347937 18.239908 15.891972 "" "" 1899.41602 2481.05078 2989.94277 1.7103 690.96 4.1595 3486.3 5.4277 "" "" 0.0028244477717002526 0.0071066474 0.0041401684 0.011246815 296.07712525502 24.23588184174 2167.93652 -3.372 -3.198
296.21735388687 24.37200777006 0.0324 0.0446 24.5861 "" "" 2020725079935489664 1633.80835 0.5811 0.0639 -4.154 -7.079 0.042 0.062 1.031 7409.1 4.3759 16.998806 1.972181 17.994669 16.022488 "" "" 1488.21997 1829.30566 2988.30132 1.4885 866.06 3.6348 3091.5 6.1851 "" "" 0.0028078942852387194 0.005343143 0.004359154 0.009702297 296.21735388687 24.37200777006 1633.80835 -4.154 -7.079
