Clusters/Roslund_2/Roslund_2_members.tsv
# %ECSV 1.0
# ---
# datatype:
# - name: RA_ICRS_1
#   unit: deg
#   datatype: float64
#   format: '{:15.11f}'
#   description: Right ascension (ICRS) at Ep=2016.0 (ra)
#   meta: !!omap
#   - {ucd: POS_EQ_RA_MAIN}
#   - {width: 15}
#   - {precision: '11'}
# - name: DE_ICRS_1
#   unit: deg
#   datatype: float64
#   format: '{:15.11f}'
#   description: Declination (ICRS) at Ep=2016.0 (dec)
#   meta: !!omap
#   - {ucd: POS_EQ_DEC_MAIN}
#   - {width: 15}
#   - {precision: '11'}
# - name: e_RA_ICRS
#   unit: mas
#   datatype: float64
#   format: '{:7.4f}'
#   description: Standard error of right ascension (ra_error)
#   meta: !!omap
#   - {ucd: ERROR}
#   - {width: 7}
#   - {precision: '4'}
# - name: e_DE_ICRS
#   unit: mas
#   datatype: float64
#   format: '{:7.4f}'
#   description: Standard error of declination (dec_error)
#   meta: !!omap
#   - {ucd: ERROR}
#   - {width: 7}
#   - {precision: '4'}
# - name: _r_1
#   unit: ''
#   datatype: float64
#   format: '{:7.4f}'
#   description: Distance from center (296.26850644000+23.96490608000)[ICRS], at Epoch=J2016.0
#   meta: !!omap
#   - {ucd: POS_ANG_DIST_GENERAL}
#   - {width: 7}
#   - {precision: '4'}
# - name: HIP
#   datatype: int32
#   description: '? HIP cross-id number, van Leeuwen, Cat. I/311 (hip_original_ext_source_id)'
#   meta: !!omap
#   - {ucd: ID_NUMBER}
#   - {width: 6}
#   - values: {'null': -2147483648}
# - name: TYC2
#   datatype: string
#   description: Tycho-2 cross-id name, Hog et al., Cat. I/259 (tyc2_original_ext_source_id)
#   meta: !!omap
#   - {ucd: ID_CROSSID}
#   - {_votable_string_dtype: char}
# - name: Source
#   datatype: int64
#   description: Source identifier, identical to the Gaia-EDR3 source_id (id)
#   meta: !!omap
#   - {ucd: ID_MAIN}
#   - {width: 19}
# - name: rgeo
#   unit: pc
#   datatype: float64
#   format: '{:15.8f}'
#   description: '? Median of the geometric distance posterior (r_med_geo)'
#   meta: !!omap
#   - {ucd: PHYS_DISTANCE_TRUE}
#   - {width: 15}
#   - {precision: '8'}
#   - values: {'null': .nan}
# - name: Plx
#   unit: mas
#   datatype: float64
#   format: '{:9.4f}'
#   description: '? Parallax (parallax)'
#   meta: !!omap
#   - {ucd: POS_PARLX_TRIG}
#   - {width: 9}
#   - {precision: '4'}
#   - values: {'null': .nan}
# - name: e_Plx
#   unit: mas
#   datatype: float32
#   format: '{:7.4f}'
#   description: '? Standard error of parallax (parallax_error)'
#   meta: !!omap
#   - {ucd: ERROR}
#   - {width: 7}
#   - {precision: '4'}
#   - values: {'null': .nan}
# - name: pmRA
#   unit: mas / yr
#   datatype: float64
#   format: '{:9.3f}'
#   description: '? Proper motion in right ascension direction, pmRA*cosDE (pmra)'
#   meta: !!omap
#   - {ucd: POS_EQ_PMRA}
#   - {width: 9}
#   - {precision: '3'}
#   - values: {'null': .nan}
# - name: pmDE
#   unit: mas / yr
#   datatype: float64
#   format: '{:9.3f}'
#   description: '? Proper motion in declination direction (pmdec)'
#   meta: !!omap
#   - {ucd: POS_EQ_PMDEC}
#   - {width: 9}
#   - {precision: '3'}
#   - values: {'null': .nan}
# - name: e_pmRA
#   unit: mas / yr
#   datatype: float32
#   format: '{:6.3f}'
#   description: '? Standard error of proper motion in right ascension direction (pmra_error)'
#   meta: !!omap
#   - {ucd: ERROR}
#   - {width: 6}
#   - {precision: '3'}
#   - values: {'null': .nan}
# - name: e_pmDE
[...]
#       distance: !astropy.table.SerializedColumn
#         __class__: astropy.coordinates.distances.Distance
#         unit: !astropy.units.Unit {unit: pc}
#         value: !astropy.table.SerializedColumn {name: SkyCoord.distance}
#       frame: icrs
#       obstime: !astropy.time.Time {format: jyear_str, in_subfmt: '*', jd1: 367701545.0, jd2: 0.0, out_subfmt: '*', precision: 3, scale: tt}
#       pm_dec: !astropy.table.SerializedColumn
#         __class__: astropy.units.quantity.Quantity
#         unit: !astropy.units.Unit {unit: mas / yr}
#         value: !astropy.table.SerializedColumn {name: SkyCoord.pm_dec}
#       pm_ra_cosdec: !astropy.table.SerializedColumn
#         __class__: astropy.units.quantity.Quantity
#         unit: !astropy.units.Unit {unit: mas / yr}
#         value: !astropy.table.SerializedColumn {name: SkyCoord.pm_ra_cosdec}
#       ra: !astropy.table.SerializedColumn
#         __class__: astropy.coordinates.angles.Longitude
#         unit: *id001
#         value: !astropy.table.SerializedColumn {name: SkyCoord.ra}
#         wrap_angle: !astropy.coordinates.Angle
#           unit: *id001
#           value: 360.0
#       representation_type: spherical
# schema: astropy-2.0
RA_ICRS_1 DE_ICRS_1 e_RA_ICRS e_DE_ICRS _r_1 HIP TYC2 Source rgeo Plx e_Plx pmRA pmDE e_pmRA e_pmDE RUWE Teff logg Gmag BP-RP BPmag RPmag RV e_RV b_rgeo B_rgeo FG e_FG FBP e_FBP FRP e_FRP RAVE5 RAVE6 e_Gmag e_BPmag e_RPmag e_BP-RP SkyCoord.ra SkyCoord.dec SkyCoord.distance SkyCoord.pm_ra_cosdec SkyCoord.pm_dec rmRA rmDE e_rmRA e_rmDE rRV e_rRV v_pec v_pec3d e_vpec e_vpec3d Pmemb
296.42630067634 23.98443021911 0.0123 0.0164 8.7298 "" 2139-542-1 2020512496220607232 1894.33728 0.5052 0.0228 -2.001 -5.031 0.015 0.021 1.67 "" "" 9.066846 1.03367 9.488237 8.454568 "" "" 1814.86536 2014.65552 4448448.56571 988.95 2188400.0 1017.7 3291000.0 1371.1 "" "" 0.0027658725021160627 0.0028354868 0.003806355 0.0066418415 296.42630067634 23.98443021911 1894.33728 -2.001 -5.031 -0.25610764122009266 0.10738481903076202 0.09984305 0.105843045 "" "" 2.4935985942111873 "" 0.2512622152501829 "" 0.8
296.18359122626 23.8521647552 0.0072 0.0097 8.213 "" 2139-466-1 2020515657316632320 1984.54871 0.4785 0.0132 -1.721 -5.388 0.008 0.013 0.847 22908.9 3.5632 10.270251 1.074112 10.715842 9.64173 "" "" 1934.96802 2050.59497 1468405.98087 269.19 706450.0 293.08 1102700.0 188.2 "" "" 0.0027624999053991782 0.002826294 0.003783922 0.0066102156 296.18359122626 23.8521647552 1984.54871 -1.721 -5.388 0.02389235877990714 -0.24961518096923818 0.09284305 0.09784305 "" "" 2.3588019547043944 "" 0.23068801980141265 "" 0.8
296.2134666917 23.81703149658 0.0115 0.0151 9.3722 "" 2139-1444-1 2020503631407921408 2027.06665 0.4513 0.0203 -1.683 -5.155 0.014 0.02 1.187 18082.5 3.829 11.489444 0.984106 11.846148 10.862041 "" "" 1957.48047 2104.67993 477715.53605 208.27 249440.0 1454.9 358380.0 2671.6 "" "" 0.002795683971589091 0.006920158 0.008932703 0.015852861 296.2134666917 23.81703149658 2027.06665 -1.6829999999999996 -5.155000000000002 0.061892358779907175 -0.01661518096923853 0.098843046 0.10484305 "" "" 0.6157357311780131 "" 0.061116544574461466 "" 0.8
296.21641390813 23.77850737774 0.0087 0.0116 11.5434 "" "" 2020128010741422464 2057.37524 0.4421 0.0156 -1.696 -5.171 0.01 0.015 1.082 19867.5 3.8382 11.705177 0.953172 12.087985 11.134813 "" "" 1991.34119 2125.18579 391629.99099 132.85 199630.0 121.91 278760.0 128.17 "" "" 0.0027798272286272603 0.002867868 0.0038122085 0.0066800765 296.21641390813 23.77850737774 2057.37524 -1.6959999999999997 -5.171000000000001 0.048892358779907275 -0.032615180969238544 0.094843045 0.09984305 "" "" 0.5731474885080564 "" 0.05525741758891783 "" 1.0
296.32478877744 24.01646233925 0.0072 0.009 4.3689 "" "" 2020525239371959808 1961.75647 0.4874 0.0127 -1.725 -5.052 0.009 0.012 0.918 5948.8 2.8262 12.160913 1.004045 12.568447 11.564402 "" "" 1917.75757 2009.59778 257384.11929 65.656 128240.0 97.062 187670.0 122.86 "" "" 0.002769204977460067 0.0029086687 0.0038456398 0.0067543085 296.32478877744 24.01646233925 1961.75647 -1.7250000000000008 -5.051999999999999 0.019892358779907138 0.08638481903076212 0.09384304 0.09684305 "" "" 0.8242911421480229 "" 0.07970417565480757 "" 0.9
296.20471351951 24.0261299609 0.0063 0.008 5.0716 "" "" 2020522391825419008 2142.66284 0.4517 0.0109 -1.707 -5.194 0.007 0.01 0.843 "" "" 12.633594 1.132114 13.10283 11.970716 "" "" 2090.74902 2193.72046 166536.44381 24.594 78394.0 65.782 129080.0 183.66 "" "" 0.0027599816289828475 0.0029351462 0.004082918 0.007018064 296.20471351951 24.0261299609 2142.66284 -1.7070000000000007 -5.193999999999999 0.037892358779907154 -0.05561518096923823 0.091843046 0.094843045 "" "" 0.6834827343480281 "" 0.06418060455773175 "" 1.0
296.14464094217 23.86757379782 0.008 0.0104 8.9588 "" "" 2020516516309843584 2033.54468 0.4765 0.0144 -1.768 -5.253 0.009 0.013 0.963 11300.0 3.8051 12.896951 1.17765 13.397689 12.220039 "" "" 1974.07288 2093.42676 130667.17958 20.426 59750.0 32.985 102600.0 28.3 "" "" 0.002760542584192295 0.0028538231 0.0037912284 0.0066450518 296.14464094217 23.86757379782 2033.54468 -1.7680000000000011 -5.253 -0.02310764122009279 -0.1146151809692384 0.09384304 0.09784305 "" "" 1.1270051302267452 "" 0.11009700439983901 "" 0.9
296.40307751222 23.91768447662 0.0077 0.0099 7.9048 "" "" 2020505418114492928 2197.91821 0.4326 0.0143 -1.689 -5.329 0.009 0.013 0.881 16472.0 4.0107 12.959428 1.043904 13.391773 12.347869 "" "" 2138.37451 2264.69141 123360.36894 34.221 60077.0 52.295 91203.0 75.277 "" "" 0.0027717332383762135 0.0029458879 0.003884173 0.006830061 296.40307751222 23.91768447662 2197.91821 -1.6890000000000003 -5.329000000000001 0.05589235877990717 -0.19061518096923802 0.09384304 0.09784305 "" "" 2.069464447824407 "" 0.2018397194485856 "" 0.9
296.2756299166 23.99343260574 0.0107 0.0128 1.7556 "" "" 2020519299448896000 1836.60303 0.5075 0.0175 -1.904 -4.88 0.012 0.017 1.403 "" "" 13.258252 1.139077 13.735439 12.596362 "" "" 1784.6366 1899.10693 93679.82203 14.961 43777.0 29.069 72546.0 28.593 "" "" 0.002760770825997147 0.0028818094 0.0038035312 0.006685341 296.2756299166 23.99343260574 1836.60303 -1.904 -4.880000000000003 -0.1591076412200927 0.2583848190307618 0.09684305 0.101843044 "" "" 2.6416268708672366 "" 0.2654654866484324 "" 0.9
296.51252134734 24.11010986585 0.0091 0.0105 15.9591 "" "" 2020526927311109248 1891.9906 0.4979 0.0157 -1.661 -5.156 0.011 0.015 1.18 "" "" 13.277638 1.159166 13.759511 12.600345 "" "" 1833.02197 1938.70776 92022.02331 17.572 42817.0 30.388 72280.0 52.158 "" "" 0.0027631093836553884 0.0028946192 0.0038597365 0.0067543555 296.51252134734 24.11010986585 1891.9906 -1.6610000000000005 -5.156000000000002 0.0838923587799072 -0.017615180969237976 0.09584305 0.09984305 "" "" 0.7687559036067265 "" 0.0738123482752944 "" 0.9
296.25915309928 23.94132006704 0.0077 0.0093 1.5052 "" "" 2020517925059349120 2030.39258 0.4586 0.0131 -1.776 -5.062 0.009 0.013 0.935 "" "" 13.310586 1.091848 13.764423 12.672575 "" "" 1976.20874 2081.59131 89271.41896 12.529 42623.0 21.884 67628.0 19.877 "" "" 0.0027595305945070764 0.002845312 0.0037928303 0.0066381423 296.25915309928 23.94132006704 2030.39258 -1.7759999999999996 -5.062000000000002 -0.031107641220092797 0.07638481903076144 0.09384304 0.09784305 "" "" 0.7937561031158223 "" 0.07721981040931 "" 0.9
296.35988419056 24.04165455719 0.0096 0.0118 6.8037 "" "" 2020524659568046336 1971.94653 0.4721 0.0165 -1.694 -5.145 0.012 0.016 1.313 12711.1 4.0185 13.326153 1.186497 13.829854 12.643357 "" "" 1921.48108 2027.51855 88000.60297 22.642 40131.0 36.466 69473.0 59.882 "" "" 0.002769445349207582 0.0029594575 0.0038935249 0.0068529826 296.35988419056 24.04165455719 1971.94653 -1.6939999999999995 -5.144999999999998 0.050892358779907276 -0.006615180969237855 0.09684305 0.10084305 "" "" 0.4796939925003963 "" 0.04648755637493977 "" 1.0
296.20518704008 23.84647236094 0.0074 0.0098 7.9094 "" "" 2020515554237143936 1839.96082 0.5068 0.0135 -1.809 -5.178 0.009 0.012 1.102 "" "" 13.346118 1.445334 13.990933 12.5456 "" "" 1795.66272 1890.48486 86397.19208 17.952 34597.0 19.507 76018.0 25.508 "" "" 0.0027645405385149585 0.0028565377 0.0037969009 0.0066534383 296.20518704008 23.84647236094 1839.96082 -1.8089999999999993 -5.178 -0.06410764122009271 -0.03961518096923822 0.09384304 0.09684305 "" "" 0.6572470899073714 "" 0.06222918097464996 "" 1.0
296.21797247639 23.89125936608 0.0068 0.0092 5.216 "" "" 2020516207072179072 1988.24316 0.4704 0.0126 -1.743 -5.236 0.008 0.012 0.88 15000.7 4.084 13.370228 1.07188 13.81432 12.742439 "" "" 1947.81311 2025.4165 84499.80464 12.206 40709.0 21.671 63414.0 24.19 "" "" 0.002759780155433754 0.0028494052 0.0038020075 0.0066514127 296.21797247639 23.89125936608 1988.24316 -1.7429999999999999 -5.236000000000001 0.0018923587799071218 -0.09761518096923805 0.09284305 0.09684305 "" "" 0.9201249221521403 "" 0.08910634874064156 "" 1.0
296.24593807523 24.01205403138 0.0077 0.0098 3.0876 "" "" 2020519539967097344 1952.14014 0.4803 0.0133 -1.594 -5.2 0.009 0.013 1.016 "" "" 13.499714 1.146436 13.98305 12.836615 "" "" 1901.38477 2003.78613 74999.97061 9.1717 34850.0 21.064 58145.0 18.95 "" "" 0.0027585174168589855 0.002866304 0.0037959106 0.0066622146 296.24593807523 24.01205403138 1952.14014 -1.5940000000000003 -5.199999999999998 0.15089235877990714 -0.06161518096923846 0.09384304 0.09784305 "" "" 1.5081471148748133 "" 0.14240689321301134 "" 0.9
296.27218868721 23.97706233133 0.0083 0.0107 0.7568 "" "" 2020519196369676032 1909.52197 0.4903 0.0145 -1.695 -5.148 0.01 0.014 1.044 "" "" 13.754176 1.173767 14.249607 13.07584 "" "" 1853.57422 1973.42578 59330.25633 9.144 27263.0 26.086 46647.0 23.32 "" "" 0.0027603967264629597 0.0029772946 0.0038181597 0.0067954543 296.27218868721 23.97706233133 1909.52197 -1.6950000000000003 -5.148 0.049892358779907164 -0.009615180969237969 0.094843045 0.098843046 "" "" 0.4598919616757785 "" 0.04368476701444096 "" 0.8
296.2329856458 23.8041165097 0.0086 0.0114 9.8422 "" "" 2020503562688430848 1964.23523 0.4812 0.0157 -1.82 -5.345 0.01 0.015 1.06 "" "" 13.971862 1.613192 14.722168 13.108976 48.21 5.2 1908.16284 2025.43665 48551.42266 20.977 17642.0 29.867 45245.0 50.862 "" "" 0.002794967706033395 0.003341204 0.0039715753 0.0073127793 296.2329856458 23.8041165097 1964.23523 -1.820000000000001 -5.345000000000001 -0.07510764122009284 -0.20661518096923803 0.094843045 0.09984305 2.5166666666666657 11.95 2.046843730035178 3.2439451854640557 0.20319515748603376 9.271747893702395 0.8
296.20396023296 24.02458096127 0.0093 0.0119 5.0337 "" "" 2020522391825418496 1914.39014 0.4887 0.0158 -1.789 -5.216 0.011 0.015 1.012 7199.4 3.3969 14.07981 1.277047 14.631737 13.35469 "" "" 1855.2821 1962.33057 43956.46636 6.6656 19174.0 12.587 36081.0 17.456 "" "" 0.002760234847046335 0.002879766 0.0038157103 0.0066954764 296.20396023296 24.02458096127 1914.39014 -1.7890000000000001 -5.216 -0.0441076412200927 -0.07761518096923847 0.09584305 0.09984305 "" "" 0.8100784175623275 "" 0.08010178911320377 "" 0.9
296.19732918091 23.85378148494 0.0088 0.0119 7.7264 "" "" 2020515760395578752 2015.94336 0.4624 0.016 -1.84 -5.263 0.01 0.015 0.96 11164.8 4.1494 14.120108 1.209828 14.638758 13.428929 "" "" 1960.36182 2084.31812 42354.9039 7.2922 19051.0 11.34 33697.0 15.086 "" "" 0.002761653898554379 0.0028640397 0.003810512 0.0066745514 296.19732918091 23.85378148494 2015.94336 -1.8400000000000007 -5.263000000000001 -0.09510764122009285 -0.12461518096923818 0.094843045 0.09984305 "" "" 1.4979530059343826 "" 0.14684775737353326 "" 0.8
296.2617211326 23.8321581059 0.0094 0.0116 7.9736 "" "" 2020504078084500096 1981.01709 0.4693 0.0161 -1.726 -5.229 0.011 0.016 0.955 11262.5 4.1565 14.206937 1.258865 14.75093 13.492064 "" "" 1919.94751 2046.5824 39099.57005 6.3397 17181.0 12.011 31793.0 14.979 "" "" 0.0027609384033225166 0.0028915678 0.0038138425 0.0067054103 296.2617211326 23.8321581059 1981.01709 -1.726 -5.229 0.018892358779907248 -0.09061518096923837 0.09584305 0.10084305 "" "" 0.8691747671225929 "" 0.08747350654360878 "" 0.9
296.06540122283 23.68515329224 0.0099 0.0121 20.1498 "" "" 2020125914797663360 2055.19043 0.4537 0.0171 -1.849 -5.305 0.011 0.015 1.07 10163.0 3.8371 14.265702 0.938121 14.64271 13.704589 "" "" 1963.14331 2155.3418 37039.57208 5.3282 18982.0 10.16 26141.0 11.917 "" "" 0.0027597433045012222 0.0028500464 0.0038116546 0.006661701 296.06540122283 23.68515329224 2055.19043 -1.8490000000000006 -5.304999999999999 -0.10410764122009275 -0.166615180969238 0.09584305 0.09984305 "" "" 1.913896935160804 "" 0.18897097288112624 "" 0.9
296.28247457752 23.96356865914 0.0107 0.0127 0.77 "" "" 2020518062498296064 2132.29443 0.4367 0.0177 -1.621 -5.166 0.013 0.017 1.038 11433.9 4.144 14.286401 1.151037 14.752939 13.601902 "" "" 2060.44043 2221.88867 36340.12916 6.3103 17149.0 19.922 28734.0 72.297 "" "" 0.0027617628737892285 0.0030620135 0.004663308 0.0077253217 296.28247457752 23.96356865914 2132.29443 -1.6210000000000004 -5.165999999999999 0.12389235877990723 -0.02761518096923865 0.09784305 0.101843044 "" "" 1.2829185721383325 "" 0.12577227637569469 "" 1.0
296.04500597032 24.25800983909 0.0098 0.0124 21.4265 "" "" 2020717280274642432 1959.89709 0.484 0.0172 -1.736 -4.984 0.012 0.016 1.014 9630.1 3.995 14.351175 1.264801 14.89195 13.627149 "" "" 1877.50476 2044.90491 34235.49589 5.085 15088.0 20.29 28074.0 29.557 "" "" 0.0027600354395495106 0.003149105 0.003948466 0.007097571 296.04500597032 24.25800983909 1959.89709 -1.7360000000000002 -4.984 0.008892358779907239 0.15438481903076173 0.09684305 0.10084305 "" "" 1.4365985354383712 "" 0.14485235176010938 "" 0.8
296.29081162521 23.94201119698 0.0109 0.0137 1.8393 "" "" 2020517993778805760 1976.47498 0.4772 0.0191 -1.851 -5.173 0.013 0.018 0.94 10435.8 4.0404 14.529811 1.303059 15.086383 13.783324 "" "" 1914.71411 2055.09009 29041.71697 5.084 12614.0 11.754 24312.0 41.826 "" "" 0.002761868028806567 0.0029679304 0.0042157704 0.007183701 296.29081162521 23.94201119698 1976.47498 -1.8509999999999995 -5.172999999999997 -0.10610764122009275 -0.034615180969238324 0.09784305 0.102843046 "" "" 1.0456278256286657 "" 0.10282185313275147 "" 0.8
296.22831945879 23.84111563914 0.0108 0.0137 7.7477 "" "" 2020515519877396864 1940.33813 0.4862 0.0185 -1.803 -5.16 0.013 0.018 0.977 8022.3 3.5436 14.564817 1.615187 15.320424 13.705237 110.19 6.57 1875.3363 2011.3147 28120.29507 5.4034 10168.0 8.7301 26125.0 11.196 "" "" 0.002763207346057576 0.0029417751 0.0038079165 0.0067496914 296.22831945879 23.84111563914 1940.33813 -1.803 -5.16 -0.05810764122009271 -0.021615180969238423 0.09784305 0.102843046 64.49666666666667 13.32 0.5702053575702974 64.49918716744354 0.056144913076061564 13.31947918480617 0.9
296.73144859446 24.12961236987 0.0123 0.0156 27.2229 "" "" 2020536578080801664 1846.62646 0.5128 0.0214 -1.662 -5.026 0.015 0.021 0.958 8503.7 3.5715 14.597372 1.367238 15.195614 13.828376 "" "" 1774.35608 1898.7196 27289.65542 9.1007 11407.0 15.607 23324.0 22.499 "" "" 0.0027790086787581212 0.0031609735 0.0039218147 0.0070827883 296.73144859446 24.12961236987 1846.62646 -1.6619999999999993 -5.026000000000002 0.0828923587799073 0.11238481903076192 0.09984305 0.105843045 "" "" 1.2223379651282562 "" 0.12684030011690495 "" 0.8
296.69120667718 24.21748792619 0.0118 0.0144 27.6718 "" "" 2020540843006405632 1828.70471 0.5155 0.0208 -1.675 -4.991 0.014 0.02 1.017 10420.9 3.9399 14.666132 1.39933 15.289771 13.890441 "" "" 1746.07654 1896.23474 25614.98199 4.509 10459.0 10.501 22028.0 11.065 "" "" 0.0027619408006657603 0.0029955562 0.0038185297 0.006814086 296.69120667718 24.21748792619 1828.70471 -1.6750000000000003 -4.991 0.06989235877990718 0.14738481903076206 0.098843046 0.10484305 "" "" 1.413909882772604 "" 0.14671787338232845 "" 1.0
296.30931247692 24.05109282458 0.0124 0.0149 5.6341 "" "" 2020525552921281152 1916.97681 0.4863 0.0212 -1.686 -4.998 0.015 0.021 1.001 7183.1 3.5782 14.718149 1.229379 15.245419 14.01604 "" "" 1849.64441 1997.0697 24416.70751 4.3248 10896.0 9.8519 19622.0 18.08 "" "" 0.002762023311889676 0.002957833 0.0039095464 0.0068673794 296.30931247692 24.05109282458 1916.97681 -1.686000000000001 -4.998 0.05889235877990728 0.1403848190307615 0.09984305 0.105843045 "" "" 1.383300024333439 "" 0.1452008147477268 "" 1.0
296.07788606227 23.63335649522 0.0123 0.0145 22.4775 "" "" 2020125154571786880 1856.22839 0.5093 0.0203 -1.739 -5.215 0.015 0.019 0.992 9457.2 4.0798 14.839683 1.081905 15.288702 14.206797 "" "" 1796.26245 1926.32983 21831.00525 5.6237 10470.0 10.615 16460.0 12.269 "" "" 0.002769479080977703 0.002999458 0.0038650583 0.006864516 296.07788606227 23.63335649522 1856.22839 -1.7389999999999999 -5.214999999999998 0.005892358779907125 -0.07661518096923814 0.09984305 0.10384305 "" "" 0.6760910836819174 "" 0.0701917615027918 "" 0.8
296.5062799345 24.02699137092 0.0128 0.0158 13.5553 "" "" 2020514278608818816 2055.72266 0.4538 0.0237 -1.938 -5.13 0.015 0.021 0.976 10186.4 3.9659 14.911184 1.261555 15.451667 14.190112 "" "" 1971.75366 2149.97876 20439.62675 7.6343 9010.5 16.606 16715.0 23.092 "" "" 0.0027850030785980372 0.0034335009 0.0040661534 0.0074996543 296.5062799345 24.02699137092 2055.72266 -1.9379999999999997 -5.13 -0.19310764122009272 0.008384819030761825 0.09984305 0.105843045 "" "" 1.8834380223743936 "" 0.18807009509547717 "" 0.8
