Clusters/Roslund_2/Roslund_2_members.tsv
# %ECSV 1.0
# ---
# datatype:
# - name: RA_ICRS_1
#   unit: deg
#   datatype: float64
#   format: '{:15.11f}'
#   description: Right ascension (ICRS) at Ep=2016.0 (ra)
#   meta: !!omap
#   - {ucd: POS_EQ_RA_MAIN}
#   - {width: 15}
#   - {precision: '11'}
# - name: DE_ICRS_1
#   unit: deg
#   datatype: float64
#   format: '{:15.11f}'
#   description: Declination (ICRS) at Ep=2016.0 (dec)
#   meta: !!omap
#   - {ucd: POS_EQ_DEC_MAIN}
#   - {width: 15}
#   - {precision: '11'}
# - name: e_RA_ICRS
#   unit: mas
#   datatype: float64
#   format: '{:7.4f}'
#   description: Standard error of right ascension (ra_error)
#   meta: !!omap
#   - {ucd: ERROR}
#   - {width: 7}
#   - {precision: '4'}
# - name: e_DE_ICRS
#   unit: mas
#   datatype: float64
#   format: '{:7.4f}'
#   description: Standard error of declination (dec_error)
#   meta: !!omap
#   - {ucd: ERROR}
#   - {width: 7}
#   - {precision: '4'}
# - name: _r_1
#   unit: ''
#   datatype: float64
#   format: '{:7.4f}'
#   description: Distance from center (296.26850644000+23.96490608000)[ICRS], at Epoch=J2016.0
#   meta: !!omap
#   - {ucd: POS_ANG_DIST_GENERAL}
#   - {width: 7}
#   - {precision: '4'}
# - name: HIP
#   datatype: int32
#   description: '? HIP cross-id number, van Leeuwen, Cat. I/311 (hip_original_ext_source_id)'
#   meta: !!omap
#   - {ucd: ID_NUMBER}
#   - {width: 6}
#   - values: {'null': -2147483648}
# - name: TYC2
#   datatype: string
#   description: Tycho-2 cross-id name, Hog et al., Cat. I/259 (tyc2_original_ext_source_id)
#   meta: !!omap
#   - {ucd: ID_CROSSID}
#   - {_votable_string_dtype: char}
# - name: Source
#   datatype: int64
#   description: Source identifier, identical to the Gaia-EDR3 source_id (id)
#   meta: !!omap
#   - {ucd: ID_MAIN}
#   - {width: 19}
# - name: rgeo
#   unit: pc
#   datatype: float64
#   format: '{:15.8f}'
#   description: '? Median of the geometric distance posterior (r_med_geo)'
#   meta: !!omap
#   - {ucd: PHYS_DISTANCE_TRUE}
#   - {width: 15}
#   - {precision: '8'}
#   - values: {'null': .nan}
# - name: Plx
#   unit: mas
#   datatype: float64
#   format: '{:9.4f}'
#   description: '? Parallax (parallax)'
#   meta: !!omap
#   - {ucd: POS_PARLX_TRIG}
#   - {width: 9}
#   - {precision: '4'}
#   - values: {'null': .nan}
# - name: e_Plx
#   unit: mas
#   datatype: float32
#   format: '{:7.4f}'
#   description: '? Standard error of parallax (parallax_error)'
#   meta: !!omap
#   - {ucd: ERROR}
#   - {width: 7}
#   - {precision: '4'}
#   - values: {'null': .nan}
# - name: pmRA
#   unit: mas / yr
#   datatype: float64
#   format: '{:9.3f}'
#   description: '? Proper motion in right ascension direction, pmRA*cosDE (pmra)'
#   meta: !!omap
#   - {ucd: POS_EQ_PMRA}
#   - {width: 9}
#   - {precision: '3'}
#   - values: {'null': .nan}
# - name: pmDE
#   unit: mas / yr
#   datatype: float64
#   format: '{:9.3f}'
#   description: '? Proper motion in declination direction (pmdec)'
#   meta: !!omap
#   - {ucd: POS_EQ_PMDEC}
#   - {width: 9}
#   - {precision: '3'}
#   - values: {'null': .nan}
# - name: e_pmRA
#   unit: mas / yr
#   datatype: float32
#   format: '{:6.3f}'
#   description: '? Standard error of proper motion in right ascension direction (pmra_error)'
#   meta: !!omap
#   - {ucd: ERROR}
#   - {width: 6}
#   - {precision: '3'}
#   - values: {'null': .nan}
# - name: e_pmDE
[...]
#       distance: !astropy.table.SerializedColumn
#         __class__: astropy.coordinates.distances.Distance
#         unit: !astropy.units.Unit {unit: pc}
#         value: !astropy.table.SerializedColumn {name: SkyCoord.distance}
#       frame: icrs
#       obstime: !astropy.time.Time {format: jyear_str, in_subfmt: '*', jd1: 367701545.0, jd2: 0.0, out_subfmt: '*', precision: 3, scale: tt}
#       pm_dec: !astropy.table.SerializedColumn
#         __class__: astropy.units.quantity.Quantity
#         unit: !astropy.units.Unit {unit: mas / yr}
#         value: !astropy.table.SerializedColumn {name: SkyCoord.pm_dec}
#       pm_ra_cosdec: !astropy.table.SerializedColumn
#         __class__: astropy.units.quantity.Quantity
#         unit: !astropy.units.Unit {unit: mas / yr}
#         value: !astropy.table.SerializedColumn {name: SkyCoord.pm_ra_cosdec}
#       ra: !astropy.table.SerializedColumn
#         __class__: astropy.coordinates.angles.Longitude
#         unit: *id001
#         value: !astropy.table.SerializedColumn {name: SkyCoord.ra}
#         wrap_angle: !astropy.coordinates.Angle
#           unit: *id001
#           value: 360.0
#       representation_type: spherical
# schema: astropy-2.0
RA_ICRS_1 DE_ICRS_1 e_RA_ICRS e_DE_ICRS _r_1 HIP TYC2 Source rgeo Plx e_Plx pmRA pmDE e_pmRA e_pmDE RUWE Teff logg Gmag BP-RP BPmag RPmag RV e_RV b_rgeo B_rgeo FG e_FG FBP e_FBP FRP e_FRP RAVE5 RAVE6 e_Gmag e_BPmag e_RPmag e_BP-RP SkyCoord.ra SkyCoord.dec SkyCoord.distance SkyCoord.pm_ra_cosdec SkyCoord.pm_dec rmRA rmDE e_rmRA e_rmDE rRV e_rRV v_pec v_pec3d e_vpec e_vpec3d Pmemb
[from data line 31]
296.22784002563 23.93013252943 0.0123 0.0163 3.0538 "" "" 2020517169144858240 1820.17065 0.5123 0.0217 -1.816 -5.161 0.014 0.022 0.967 7848.6 3.8691 14.941572 1.32971 15.524085 14.194375 "" "" 1753.30371 1889.52319 19875.49656 3.5319 8429.1 7.5218 16650.0 12.832 "" "" 0.0027620669709671523 0.0029536004 0.003870905 0.0068245055 296.22784002563 23.93013252943 1820.17065 -1.8159999999999994 -5.161 -0.07110764122009283 -0.02261518096923787 0.098843046 0.10684305 "" "" 0.6437689721280478 "" 0.06412242857929108 "" 0.9
296.25152006185 23.99842807351 0.0134 0.0166 2.2164 "" "" 2020519471247611520 2056.61011 0.4539 0.0236 -1.723 -5.116 0.016 0.022 1.01 9459.5 3.8552 14.95799 1.190121 15.464547 14.274426 "" "" 1977.0 2173.45947 19577.20782 3.5864 8904.3 9.4539 15466.0 8.5272 "" "" 0.002762489847634918 0.003018921 0.0038264964 0.0068454174 296.25152006185 23.99842807351 2056.61011 -1.7229999999999999 -5.116000000000001 0.02189235877990714 0.02238481903076206 0.10084305 0.10684305 "" "" 0.3052264053448608 "" 0.03172921563637552 "" 1.0
296.19192543495 24.02578469954 0.0129 0.0157 5.5645 "" "" 2020522353147336832 1967.63599 0.4796 0.0213 -1.665 -5.163 0.015 0.02 0.943 "" "" 14.973845 1.294869 15.536552 14.241683 "" "" 1872.70776 2050.7583 19293.40408 3.4969 8332.9 7.79 15940.0 13.59 "" "" 0.0027623386709483295 0.0029690522 0.003891091 0.0068601435 296.19192543495 24.02578469954 1967.63599 -1.6650000000000007 -5.163 0.07989235877990719 -0.024615180969238537 0.09984305 0.10484305 "" "" 0.7796885886046282 "" 0.07819216833739417 "" 0.8
296.27775161067 23.89356288341 0.012 0.0161 4.3105 "" "" 2020517547101952768 1941.02405 0.4887 0.0215 -1.762 -4.861 0.014 0.021 0.963 9435.0 3.9281 14.992968 1.229346 15.520098 14.290751 "" "" 1874.31018 2016.10986 18956.55989 3.49 8460.1 8.3406 15236.0 11.77 "" "" 0.002762561357875126 0.002988445 0.003871333 0.0068597784 296.27775161067 23.89356288341 1941.02405 -1.762000000000001 -4.8610000000000015 -0.017107641220092784 0.27738481903076195 0.098843046 0.105843045 "" "" 2.5569154037907587 "" 0.2705661229722989 "" 0.8
296.48076454188 24.04131557745 0.0144 0.0161 12.5049 "" "" 2020514523445489024 1901.69531 0.4991 0.0241 -1.758 -5.121 0.017 0.022 1.033 9822.0 4.2273 15.013567 1.236757 15.545062 14.308305 "" "" 1824.57715 1994.15857 18600.29275 3.7264 8267.8 11.412 14991.0 17.064 "" "" 0.0027638927649664582 0.0031671687 0.003976319 0.0071434877 296.48076454188 24.04131557745 1901.69531 -1.758 -5.121 -0.01310764122009278 0.017384819030761278 0.101843044 0.10684305 "" "" 0.1962581838027034 "" 0.02061856294863454 "" 1.0
296.41163922959 24.12106276547 0.0146 0.0176 12.2187 "" "" 2020527545786413696 1960.25452 0.4876 0.0261 -1.708 -5.026 0.018 0.024 1.011 9366.4 3.9701 15.077866 1.162595 15.566776 14.404181 "" "" 1873.00867 2077.5603 17530.75251 3.5048 8104.1 9.7277 13724.0 9.8071 "" "" 0.002763857088682574 0.003079533 0.0038581975 0.0069377306 296.41163922959 24.12106276547 1960.25452 -1.7080000000000006 -5.026000000000002 0.036892358779907264 0.11238481903076192 0.102843046 0.10884304 "" "" 1.0990597263898816 "" 0.11899956985728377 "" 0.8
296.25092982392 23.83760848013 0.0156 0.0204 7.6985 "" "" 2020504078084507904 2110.65161 0.4518 0.0269 -1.719 -5.033 0.019 0.026 1.225 "" "" 15.085869 1.752954 15.919518 14.166564 -21.32 8.48 1983.89966 2212.82397 17401.99459 5.399 5856.1 9.6491 17082.0 17.212 "" "" 0.0027758347230215294 0.0033144313 0.0039345343 0.0072489656 296.25092982392 23.83760848013 2110.65161 -1.7189999999999994 -5.033 0.025892358779907143 0.10538481903076136 0.10384305 0.11084305 -67.01333333333334 15.23 1.0856771462424022 67.02212723653523 0.11992004915556648 15.22800135382996 0.8
296.2980370371 23.80566069092 0.013 0.0163 9.6911 "" "" 2020503047277322624 1805.1825 0.5188 0.0221 -1.813 -5.161 0.015 0.021 1.016 9505.5 3.7659 15.112548 1.402818 15.717573 14.314755 "" "" 1745.34583 1876.99451 16979.60811 3.5672 7053.2 14.19 14902.0 23.29 "" "" 0.002764745690096052 0.0035435003 0.0041428376 0.007686338 296.2980370371 23.80566069092 1805.1825 -1.8130000000000002 -5.161 -0.06810764122009272 -0.02261518096923787 0.09984305 0.105843045 "" "" 0.6140548548618319 "" 0.06168483412654781 "" 0.9
295.98072871735 23.72477538726 0.0137 0.0166 21.3775 "" "" 2020138421742290432 2110.29736 0.4435 0.0229 -1.808 -5.237 0.016 0.021 0.964 7988.4 3.9207 15.215722 1.203069 15.731825 14.528756 "" "" 2002.26233 2213.14282 15440.37958 3.3938 6961.2 9.0459 12236.0 13.284 "" "" 0.002765635713490389 0.003126603 0.0039589303 0.0070855333 295.98072871735 23.72477538726 2110.29736 -1.8079999999999998 -5.236999999999997 -0.06310764122009282 -0.09861518096923838 0.10084305 0.105843045 "" "" 1.1711204721458106 "" 0.12228257847251563 "" 1.0
295.93583456246 23.81653002259 0.0143 0.0175 20.3057 "" "" 2020143163386245376 2136.56885 0.4413 0.0238 -1.882 -5.224 0.017 0.023 0.947 9247.0 4.0399 15.27966 1.19643 15.788356 14.591926 "" "" 2046.2052 2244.90869 14557.36506 10.063 6608.1 20.264 11545.0 23.292 "" "" 0.0028557113045219506 0.0043439963 0.0043682815 0.008712278 295.93583456246 23.81653002259 2136.56885 -1.8820000000000001 -5.224000000000002 -0.13710764122009267 -0.08561518096923848 0.101843044 0.10784305 "" "" 1.6370131874814131 "" 0.1695312872695666 "" 0.8
296.08865601515 23.75154784112 0.0141 0.0168 16.164 "" "" 2020139383814905856 2034.7782 0.4624 0.024 -1.819 -5.311 0.017 0.022 0.982 6294.6 3.8452 15.297991 1.803534 16.173244 14.369711 "" "" 1931.42896 2163.06372 14313.65307 9.6544 4635.7 13.793 14167.0 27.293 "" "" 0.00285097834871286 0.004268616 0.0043195947 0.008588211 296.08865601515 23.75154784112 2034.7782 -1.8190000000000013 -5.311 -0.07410764122009272 -0.17261518096923822 0.101843044 0.10684305 "" "" 1.8117930548699128 "" 0.19219567957542816 "" 0.9
296.18203782759 23.96893842837 0.0149 0.0186 4.747 "" "" 2020520467680059520 2005.82263 0.4687 0.0249 -1.881 -5.156 0.017 0.023 0.998 9177.4 3.7331 15.302761 1.334017 15.885867 14.55185 "" "" 1914.7218 2119.43237 14250.89665 3.0529 6040.5 10.15 11979.0 9.2279 "" "" 0.0027651199663177 0.0033336831 0.0038708227 0.0072045056 296.18203782759 23.96893842837 2005.82263 -1.8809999999999998 -5.156 -0.13610764122009278 -0.017615180969237976 0.101843044 0.10784305 "" "" 1.304849490786797 "" 0.13302255276856687 "" 0.8
296.20697767878 24.0388995013 0.0154 0.018 5.5753 "" "" 2020522769782545664 2038.20642 0.4585 0.0241 -1.667 -5.126 0.018 0.023 1.024 9797.4 4.2047 15.305014 1.37048 15.907513 14.537032 "" "" 1945.44092 2150.8064 14221.3613 2.9145 5921.2 9.9882 12144.0 12.323 "" "" 0.0027642900656733855 0.0033375681 0.0039366935 0.0072742617 296.20697767878 24.0388995013 2038.20642 -1.6669999999999994 -5.125999999999998 0.07789235877990719 0.012384819030761385 0.102843046 0.10784305 "" "" 0.7619785747377427 "" 0.0784603643805404 "" 0.9
296.16911758873 24.04637688989 0.0164 0.02 7.3192 "" "" 2020523182099434880 1970.23169 0.4786 0.0258 -1.845 -4.992 0.019 0.025 0.978 "" "" 15.346014 1.367356 15.941685 14.574328 "" "" 1867.96753 2064.94189 13694.3438 3.7342 5737.8 9.5206 11733.0 16.028 "" "" 0.0027711804890918216 0.0033212323 0.0040599946 0.007381227 296.16911758873 24.04637688989 1970.23169 -1.845 -4.992 -0.10010764122009275 0.14638481903076173 0.10384305 0.109843045 "" "" 1.6561754664139987 "" 0.17881288039458434 "" 1.0
296.45259869779 24.19902635433 0.0179 0.02 17.292 "" "" 2020528507859165184 2078.14893 0.4532 0.0298 -1.825 -4.892 0.022 0.027 1.024 8083.1 3.456 15.437026 1.29974 16.005281 14.705542 "" "" 1958.84888 2213.09961 12593.20423 3.0001 5411.3 8.261 10398.0 10.576 "" "" 0.0027674343172593837 0.0032453623 0.003937417 0.0071827797 296.45259869779 24.19902635433 2078.14893 -1.8249999999999997 -4.891999999999999 -0.08010764122009273 0.24638481903076137 0.10684305 0.11184305 "" "" 2.5520534220292364 "" 0.2842342642845459 "" 0.8
296.23984612601 24.16599869376 0.018 0.0207 12.1673 "" "" 2020530157126779392 2092.62061 0.4479 0.029 -1.613 -5.076 0.022 0.028 1.027 "" "" 15.442516 1.411282 16.072784 14.661502 "" "" 1962.18201 2239.1582 12529.68192 3.1101 5085.1 8.4563 10828.0 8.3471 "" "" 0.002768468819263238 0.0033234009 0.0038709496 0.0071943505 296.23984612601 24.16599869376 2092.62061 -1.6130000000000004 -5.076 0.13189235877990724 0.062384819030762095 0.10684305 0.11284305 "" "" 1.4472073580556688 "" 0.15624760440178145 "" 0.8
295.93361730669 23.92684842053 0.015 0.0197 18.5053 "" "" 2020333035313243264 1977.77454 0.4732 0.0271 -1.767 -5.102 0.018 0.025 1.004 9249.1 4.1374 15.447332 1.358012 16.045122 14.68711 "" "" 1878.36914 2075.91943 12474.23036 3.1473 5216.4 7.7998 10576.0 10.992 "" "" 0.0027689041493017667 0.0032280975 0.0039442503 0.007172348 295.93361730669 23.92684842053 1977.77454 -1.7669999999999992 -5.102 -0.022107641220092678 0.036384819030761406 0.102843046 0.109843045 "" "" 0.39912272269592064 "" 0.04310535740643877 "" 0.8
296.31966796237 24.04307665322 0.0168 0.0202 5.4646 "" "" 2020525346762839552 2071.23535 0.4509 0.0287 -1.648 -5.24 0.02 0.028 0.974 7751.9 3.7325 15.449525 1.662727 16.23479 14.572063 "" "" 1977.65674 2210.72681 12449.06853 3.2407 4380.3 7.0587 11758.0 9.8338 "" "" 0.0027697783429080636 0.003293363 0.0038869386 0.0071803015 296.31966796237 24.04307665322 2071.23535 -1.648 -5.24 0.09689235877990732 -0.1016151809692385 0.10484305 0.11284305 "" "" 1.378455276629793 "" 0.1503983728621028 "" 0.8
296.39226036859 23.99593258313 0.016 0.0211 7.0351 "" "" 2020524281610888576 1906.99023 0.4928 0.0286 -1.623 -5.158 0.019 0.028 0.993 7504.0 3.543 15.481497 1.500401 16.16819 14.667789 "" "" 1806.82544 1991.58948 12087.82423 3.0249 4657.4 6.7073 10766.0 7.8982 "" "" 0.0027686837058363816 0.0031984255 0.0038624054 0.007060831 296.39226036859 23.99593258313 1906.99023 -1.623 -5.157999999999999 0.12189235877990723 -0.019615180969238644 0.10384305 0.11284305 "" "" 1.115976235602313 "" 0.11615058742306997 "" 0.9
296.37175164922 24.09339072925 0.0172 0.0207 9.5625 "" "" 2020525999598158208 1998.60706 0.4668 0.0289 -1.67 -5.102 0.021 0.028 1.015 8995.6 4.2608 15.504678 1.252253 16.047485 14.795232 "" "" 1893.5376 2138.28247 11832.47957 2.8406 5205.0 7.8223 9573.4 11.008 "" "" 0.002767621381141493 0.003232254 0.0039802413 0.0072124954 296.37175164922 24.09339072925 1998.60706 -1.6700000000000004 -5.102 0.0748923587799073 0.036384819030761406 0.105843045 0.11284305 "" "" 0.7887831113866504 "" 0.08456942713562214 "" 0.9
296.25084650399 24.00528784781 0.0168 0.021 2.6092 "" "" 2020519539967091840 2026.87231 0.4638 0.0288 -1.734 -5.235 0.02 0.028 0.979 "" "" 15.540297 1.452496 16.19618 14.743685 "" "" 1920.48975 2161.0791 11450.59938 3.0576 4538.8 6.7876 10039.0 8.3937 "" "" 0.0027705310797710905 0.0032282153 0.0038868776 0.007115093 296.25084650399 24.00528784781 2026.87231 -1.734 -5.235000000000003 0.01089235877990724 -0.0966151809692386 0.10484305 0.11284305 "" "" 0.9340985540223621 "" 0.10531602826799462 "" 1.0
296.26941812886 23.86585912557 0.0151 0.0199 5.943 "" "" 2020504284242937472 2109.49072 0.4477 0.0269 -1.598 -4.967 0.018 0.026 1.004 7884.9 3.5864 15.546572 1.332381 16.133863 14.801482 "" "" 1998.00696 2219.22852 11384.60606 2.6107 4807.0 7.7956 9518.4 9.446 "" "" 0.0027665466016253085 0.0032992905 0.0039299726 0.007229263 296.26941812886 23.86585912557 2109.49072 -1.5980000000000003 -4.9670000000000005 0.14689235877990714 0.17138481903076208 0.102843046 0.11084305 "" "" 2.256984475618436 "" 0.24268841977128075 "" 0.9
296.2000776987 23.92961325282 0.0183 0.0237 4.3086 "" "" 2020517203504605312 1996.87939 0.4737 0.0322 -1.757 -5.06 0.022 0.031 0.989 "" "" 15.789323 1.635757 16.557047 14.92129 "" "" 1863.83984 2116.39429 9103.69348 2.5903 3255.4 5.6775 8524.0 7.8372 "" "" 0.0027725846579843734 0.0033720296 0.003908995 0.007281025 296.2000776987 23.92961325282 1996.87939 -1.7569999999999997 -5.06 -0.012107641220092669 0.07838481903076211 0.10684305 0.11584304 "" "" 0.750727364594758 "" 0.08681507762657538 "" 0.9
296.02714705348 23.71129580598 0.018 0.0221 20.1744 "" "" 2020137562748798080 1968.12219 0.4788 0.0314 -1.744 -5.219 0.021 0.029 0.988 7927.1 4.2158 15.840014 1.490541 16.515875 15.025333 "" "" 1852.32385 2100.28564 8688.42478 2.5336 3381.2 8.6913 7745.1 8.7759 "" "" 0.002773450876084436 0.003946385 0.0039745704 0.007920955 296.02714705348 23.71129580598 1968.12219 -1.7440000000000002 -5.219 0.0008923587799072319 -0.08061518096923859 0.105843045 0.113843046 "" "" 0.7520969689825467 "" 0.08562029868054752 "" 0.8
296.27503457433 23.99906730425 0.0198 0.0242 2.0807 "" "" 2020519299448899584 1926.40552 0.4881 0.0327 -1.665 -5.083 0.024 0.033 1.003 5829.7 3.3138 15.872924 2.099949 16.936852 14.836903 "" "" 1817.24097 2042.01501 8429.02343 4.6348 2294.4 9.151 9212.9 28.381 "" "" 0.002819256013868789 0.005151412 0.005046847 0.010198259 296.27503457433 23.99906730425 1926.40552 -1.6650000000000007 -5.083 0.07989235877990719 0.055384819030761534 0.10884304 0.11784305 "" "" 0.8876629617194008 "" 0.09927958503258867 "" 0.9
296.57640199446 24.17642380762 0.0226 0.0239 21.1085 "" "" 2020550704251408896 1895.68542 0.4956 0.0354 -1.734 -5.016 0.028 0.033 1.019 7106.2 3.9707 15.879773 1.675553 16.673473 14.99792 "" "" 1775.30249 2010.00732 8376.01907 2.6509 2924.3 7.0129 7943.1 10.176 "" "" 0.002776664356114056 0.0038163576 0.0040272158 0.007843574 296.57640199446 24.17642380762 1895.68542 -1.733999999999999 -5.016 0.01089235877990724 0.1223848190307617 0.11284305 0.11784305 "" "" 1.1040416129060147 "" 0.13006115809294097 "" 0.9
295.92783010883 23.81724059518 0.0204 0.0248 20.6829 "" "" 2020143163386250880 2087.27466 0.4435 0.0338 -1.659 -5.124 0.025 0.033 0.979 "" "" 16.030437 2.315497 17.253895 14.938397 "" "" 1955.73462 2246.99121 7290.74308 10.116 1713.4 10.701 8390.7 35.988 "" "" 0.003140262729247304 0.007332544 0.0059974273 0.013329972 295.92783010883 23.81724059518 2087.27466 -1.6589999999999994 -5.1240000000000006 0.0858923587799072 0.014384819030762053 0.109843045 0.11784305 "" "" 0.8616266810093444 "" 0.0948384063688497 "" 0.9
296.11384211208 23.92353386681 0.0205 0.0266 8.8371 "" "" 2020519952283697536 2033.31299 0.4668 0.0348 -1.626 -5.1 0.024 0.033 1.001 9092.9 4.234 16.071898 1.546457 16.766048 15.219591 "" "" 1901.01331 2174.19775 7017.58005 2.657 2685.3 6.6092 6476.2 12.057 "" "" 0.002785817268100917 0.003863428 0.004285979 0.008149407 296.11384211208 23.92353386681 2033.31299 -1.626 -5.099999999999997 0.11889235877990734 0.038384819030762074 0.10884304 0.11784305 "" "" 1.2041127589193055 "" 0.13212025863006277 "" 0.8
296.51818764119 24.25044973098 0.0236 0.0267 21.9206 "" "" 2020552456598190336 2032.16919 0.4619 0.0399 -1.714 -5.079 0.029 0.036 0.996 6535.0 3.8444 16.098295 2.046082 17.135357 15.089274 "" "" 1886.74609 2239.44238 6849.01906 5.3489 1911.1 6.5746 7302.1 17.585 "" "" 0.0028828416596160464 0.004662246 0.0045956816 0.009257928 296.51818764119 24.25044973098 2032.16919 -1.7140000000000004 -5.079000000000001 0.03089235877990726 0.05938481903076198 0.113843046 0.120843045 "" "" 0.6447933752560261 "" 0.07697968453056829 "" 0.8
296.46324485295 24.05269984485 0.0249 0.0284 11.9025 "" "" 2020514592164975360 2019.46143 0.4735 0.0418 -1.732 -4.989 0.031 0.038 1.001 7543.9 4.1547 16.254976 1.657632 17.042063 15.384431 "" "" 1868.9978 2190.27954 5928.65571 2.0298 2082.5 5.2848 5564.0 6.5664 "" "" 0.0027802821042222712 0.0039213123 0.003990684 0.007911997 296.46324485295 24.05269984485 2019.46143 -1.7320000000000004 -4.9890000000000025 0.012892358779907243 0.14938481903076184 0.11584304 0.12284304 "" "" 1.4352638103262547 "" 0.1762399963115517 "" 0.8
