Clusters/Roslund_2/Roslund_2_stars_in_region.tsv
# %ECSV 1.0
# ---
# datatype:
# - name: RA_ICRS_1
#   unit: deg
#   datatype: float64
#   format: '{:15.11f}'
#   description: Right ascension (ICRS) at Ep=2016.0 (ra)
#   meta: !!omap
#   - {ucd: POS_EQ_RA_MAIN}
#   - {width: 15}
#   - {precision: '11'}
# - name: DE_ICRS_1
#   unit: deg
#   datatype: float64
#   format: '{:15.11f}'
#   description: Declination (ICRS) at Ep=2016.0 (dec)
#   meta: !!omap
#   - {ucd: POS_EQ_DEC_MAIN}
#   - {width: 15}
#   - {precision: '11'}
# - name: e_RA_ICRS
#   unit: mas
#   datatype: float64
#   format: '{:7.4f}'
#   description: Standard error of right ascension (ra_error)
#   meta: !!omap
#   - {ucd: ERROR}
#   - {width: 7}
#   - {precision: '4'}
# - name: e_DE_ICRS
#   unit: mas
#   datatype: float64
#   format: '{:7.4f}'
#   description: Standard error of declination (dec_error)
#   meta: !!omap
#   - {ucd: ERROR}
#   - {width: 7}
#   - {precision: '4'}
# - name: _r_1
#   unit: ''
#   datatype: float64
#   format: '{:7.4f}'
#   description: Distance from center (296.26850644000+23.96490608000)[ICRS], at Epoch=J2016.0
#   meta: !!omap
#   - {ucd: POS_ANG_DIST_GENERAL}
#   - {width: 7}
#   - {precision: '4'}
# - name: HIP
#   datatype: int32
#   description: '? HIP cross-id number, van Leeuwen, Cat. I/311 (hip_original_ext_source_id)'
#   meta: !!omap
#   - {ucd: ID_NUMBER}
#   - {width: 6}
#   - values: {'null': -2147483648}
# - name: TYC2
#   datatype: string
#   description: Tycho-2 cross-id name, Hog et al., Cat. I/259 (tyc2_original_ext_source_id)
#   meta: !!omap
#   - {ucd: ID_CROSSID}
#   - {_votable_string_dtype: char}
# - name: Source
#   datatype: int64
#   description: Source identifier, identical to the Gaia-EDR3 source_id (id)
#   meta: !!omap
#   - {ucd: ID_MAIN}
#   - {width: 19}
# - name: rgeo
#   unit: pc
#   datatype: float64
#   format: '{:15.8f}'
#   description: '? Median of the geometric distance posterior (r_med_geo)'
#   meta: !!omap
#   - {ucd: PHYS_DISTANCE_TRUE}
#   - {width: 15}
#   - {precision: '8'}
#   - values: {'null': .nan}
# - name: Plx
#   unit: mas
#   datatype: float64
#   format: '{:9.4f}'
#   description: '? Parallax (parallax)'
#   meta: !!omap
#   - {ucd: POS_PARLX_TRIG}
#   - {width: 9}
#   - {precision: '4'}
#   - values: {'null': .nan}
# - name: e_Plx
#   unit: mas
#   datatype: float32
#   format: '{:7.4f}'
#   description: '? Standard error of parallax (parallax_error)'
#   meta: !!omap
#   - {ucd: ERROR}
#   - {width: 7}
#   - {precision: '4'}
#   - values: {'null': .nan}
# - name: pmRA
#   unit: mas / yr
#   datatype: float64
#   format: '{:9.3f}'
#   description: '? Proper motion in right ascension direction, pmRA*cosDE (pmra)'
#   meta: !!omap
#   - {ucd: POS_EQ_PMRA}
#   - {width: 9}
#   - {precision: '3'}
#   - values: {'null': .nan}
# - name: pmDE
#   unit: mas / yr
#   datatype: float64
#   format: '{:9.3f}'
#   description: '? Proper motion in declination direction (pmdec)'
#   meta: !!omap
#   - {ucd: POS_EQ_PMDEC}
#   - {width: 9}
#   - {precision: '3'}
#   - values: {'null': .nan}
# - name: e_pmRA
#   unit: mas / yr
#   datatype: float32
#   format: '{:6.3f}'
#   description: '? Standard error of proper motion in right ascension direction (pmra_error)'
#   meta: !!omap
#   - {ucd: ERROR}
#   - {width: 6}
#   - {precision: '3'}
#   - values: {'null': .nan}
# - name: e_pmDE
[...]
#         unit: &id001 !astropy.units.Unit {unit: deg}
#         value: !astropy.table.SerializedColumn {name: SkyCoord.dec}
#       distance: !astropy.table.SerializedColumn
#         __class__: astropy.coordinates.distances.Distance
#         unit: !astropy.units.Unit {unit: pc}
#         value: !astropy.table.SerializedColumn {name: SkyCoord.distance}
#       frame: icrs
#       obstime: !astropy.time.Time {format: jyear_str, in_subfmt: '*', jd1: 367701545.0, jd2: 0.0, out_subfmt: '*', precision: 3, scale: tt}
#       pm_dec: !astropy.table.SerializedColumn
#         __class__: astropy.units.quantity.Quantity
#         unit: !astropy.units.Unit {unit: mas / yr}
#         value: !astropy.table.SerializedColumn {name: SkyCoord.pm_dec}
#       pm_ra_cosdec: !astropy.table.SerializedColumn
#         __class__: astropy.units.quantity.Quantity
#         unit: !astropy.units.Unit {unit: mas / yr}
#         value: !astropy.table.SerializedColumn {name: SkyCoord.pm_ra_cosdec}
#       ra: !astropy.table.SerializedColumn
#         __class__: astropy.coordinates.angles.Longitude
#         unit: *id001
#         value: !astropy.table.SerializedColumn {name: SkyCoord.ra}
#         wrap_angle: !astropy.coordinates.Angle
#           unit: *id001
#           value: 360.0
#       representation_type: spherical
# schema: astropy-2.0
RA_ICRS_1 DE_ICRS_1 e_RA_ICRS e_DE_ICRS _r_1 HIP TYC2 Source rgeo Plx e_Plx pmRA pmDE e_pmRA e_pmDE RUWE Teff logg Gmag BP-RP BPmag RPmag RV e_RV b_rgeo B_rgeo FG e_FG FBP e_FBP FRP e_FRP RAVE5 RAVE6 e_Gmag e_BPmag e_RPmag e_BP-RP SkyCoord.ra SkyCoord.dec SkyCoord.distance SkyCoord.pm_ra_cosdec SkyCoord.pm_dec
[from data line 202]
296.32574355577 23.98464234426 0.0093 0.0118 3.3539 "" "" 2020518509174877696 1474.87781 0.644 0.0167 0.098 -1.556 0.011 0.016 0.967 9362.8 4.0153 14.07761 1.238055 14.61125 13.373195 "" "" 1440.80994 1521.86548 44045.62383 6.3016 19540.0 11.896 35472.0 14.418 "" "" 0.0027596954009476834 0.0028673974 0.00380506 0.0066724573 296.32574355577 23.98464234426 1474.87781 0.098 -1.5559999999999998
296.20396023296 24.02458096127 0.0093 0.0119 5.0337 "" "" 2020522391825418496 1914.39014 0.4887 0.0158 -1.789 -5.216 0.011 0.015 1.012 7199.4 3.3969 14.07981 1.277047 14.631737 13.35469 "" "" 1855.2821 1962.33057 43956.46636 6.6656 19174.0 12.587 36081.0 17.456 "" "" 0.002760234847046335 0.002879766 0.0038157103 0.0066954764 296.20396023296 24.02458096127 1914.39014 -1.7890000000000001 -5.216
296.00530350395 24.19869593347 0.0138 0.0185 20.1156 "" "" 2020715940244729216 1615.97522 0.5925 0.0243 -2.129 -4.679 0.017 0.024 1.577 "" "" 14.090922 1.149208 14.577158 13.42795 "" "" 1563.58752 1682.01697 43508.86446 5.6015 20163.0 13.191 33727.0 14.636 "" "" 0.00275886360329049 0.0028791642 0.0038086374 0.0066878013 296.00530350395 24.19869593347 1615.97522 -2.1290000000000004 -4.679
296.42506480467 23.5973043422 0.0091 0.0116 23.672 "" "" 2020449720975957504 1914.85352 0.4827 0.0161 -0.958 -1.607 0.011 0.016 1.041 5064.9 2.7153 14.096281 2.499963 15.464775 12.964812 13.03 1.01 1866.76599 1967.87927 43294.66844 8.8516 8902.4 8.5297 51669.0 19.561 "" "" 0.0027642474618023776 0.00297779 0.0038016683 0.0067794584 296.42506480467 23.5973043422 1914.85352 -0.9579999999999999 -1.607
296.30515037984 24.28413815417 0.0097 0.0132 19.2587 "" "" 2020720681889023872 1925.12366 0.4852 0.0195 -1.965 -4.902 0.012 0.018 0.957 "" "" 14.097426 1.092246 14.552345 13.460099 "" "" 1853.77185 1989.12634 43249.00306 9.5275 20629.0 14.96 32743.0 16.917 "" "" 0.0027656820293841668 0.002899137 0.003820785 0.006719922 296.30515037984 24.28413815417 1925.12366 -1.9649999999999999 -4.902
296.34799834948 23.77462313181 0.0095 0.0123 12.2217 "" "" 2020499783117154560 1903.60693 0.4833 0.0164 4.618 -3.921 0.011 0.016 0.985 4739.1 2.5098 14.100372 2.427445 15.415897 12.988452 -22.87 1.14 1854.96985 1971.43298 43131.82712 10.114 9312.3 8.6573 50557.0 16.083 "" "" 0.0027670576204754504 0.0029671323 0.0037951313 0.0067622634 296.34799834948 23.77462313181 1903.60693 4.617999999999999 -3.921
296.09522593968 23.8655970055 0.0188 0.024 11.2176 "" "" 2020141445401304832 1946.55505 0.475 0.0319 -6.114 -7.7 0.022 0.031 1.027 4742.1 2.5886 14.11269 2.450543 15.445274 12.994731 -33.09 1.0 1829.91113 2054.61255 42645.25667 11.067 9063.7 9.2675 50265.0 19.917 "" "" 0.002769689444808233 0.0030029118 0.0038037887 0.0068067005 296.09522593968 23.8655970055 1946.55505 -6.113999999999999 -7.699999999999999
296.15715805364 23.88994405544 0.0103 0.014 7.5843 "" "" 2020516653748797952 2173.29736 0.4218 0.0185 -1.26 -4.907 0.012 0.017 1.261 9424.7 3.4678 14.11564 1.254011 14.652589 13.398578 "" "" 2095.63184 2272.677 42529.55505 7.6692 18810.0 12.129 34652.0 11.452 "" "" 0.0027622675282240523 0.0028766629 0.0037963772 0.00667304 296.15715805364 23.88994405544 2173.29736 -1.2600000000000002 -4.907
296.32694391091 23.75774343444 0.0093 0.0118 12.8367 "" "" 2020499370800299136 2031.76746 0.4594 0.0158 -1.778 -4.854 0.011 0.015 0.992 15080.8 4.0506 14.116443 1.249257 14.654625 13.405368 "" "" 1972.97156 2104.5022 42498.13009 11.737 18774.0 18.365 34436.0 23.852 "" "" 0.0027715884538074627 0.0029854763 0.0038534761 0.006838952 296.32694391091 23.75774343444 2031.76746 -1.778 -4.854
296.62052855951 23.92441806525 0.009 0.0114 19.4558 "" "" 2020509060246668416 2106.88818 0.4214 0.017 -2.702 -9.762 0.011 0.015 0.903 "" "" 14.116881 3.099355 15.948496 12.849141 38.7 0.86 2030.09424 2200.94775 42480.94158 13.809 5701.9 8.5476 57478.0 28.937 "" "" 0.002777832100354922 0.0032301927 0.003818705 0.0070488974 296.62052855951 23.92441806525 2106.88818 -2.702 -9.762
295.89290517891 24.06164368629 0.0098 0.0114 21.3882 "" "" 2020338189274073088 1981.84644 0.4745 0.0159 -0.456 -3.317 0.012 0.015 0.951 "" "" 14.119621 1.536621 14.827214 13.290593 10.93 2.94 1919.68457 2066.88892 42373.89646 6.6704 16015.0 10.339 38276.0 18.171 "" "" 0.0027606160582905664 0.0028768652 0.003814368 0.0066912333 295.89290517891 24.06164368629 1981.84644 -0.45599999999999996 -3.317
296.19732918091 23.85378148494 0.0088 0.0119 7.7264 "" "" 2020515760395578752 2015.94336 0.4624 0.016 -1.84 -5.263 0.01 0.015 0.96 11164.8 4.1494 14.120108 1.209828 14.638758 13.428929 "" "" 1960.36182 2084.31812 42354.9039 7.2922 19051.0 11.34 33697.0 15.086 "" "" 0.002761653898554379 0.0028640397 0.003810512 0.0066745514 296.19732918091 23.85378148494 2015.94336 -1.8400000000000003 -5.263000000000001
295.80685232917 23.97870294816 0.0088 0.0123 25.3236 "" "" 2020335784092419456 1579.78699 0.6016 0.0163 -2.283 -4.017 0.01 0.016 0.999 9002.1 3.8791 14.120651 1.342111 14.713193 13.371082 "" "" 1534.81262 1611.87903 42333.70664 6.5426 17789.0 12.95 35541.0 13.69 "" "" 0.0027604249276964913 0.00289996 0.0038024504 0.00670241 295.80685232917 23.97870294816 1579.78699 -2.2830000000000004 -4.017000000000001
295.9511618653 23.91648930661 0.0087 0.0114 17.6433 "" "" 2020332966593760000 1992.68103 0.4694 0.016 -1.499 -5.278 0.01 0.015 0.934 "" "" 14.122894 1.709305 14.937264 13.22796 4.48 9.93 1940.16406 2047.85461 42246.32006 7.2233 14471.0 12.988 40548.0 17.601 "" "" 0.002761566862482065 0.002955442 0.0038086541 0.006764096 295.9511618653 23.91648930661 1992.68103 -1.4989999999999997 -5.278
296.14015243385 24.09885558701 0.0101 0.0116 10.6802 "" "" 2020711610917582464 2034.38806 0.4583 0.016 -1.927 -5.187 0.012 0.015 0.947 11764.1 3.8447 14.123277 1.232788 14.646132 13.413344 "" "" 1964.34363 2100.06763 42231.46257 7.7852 18922.0 13.719 34184.0 12.527 "" "" 0.0027625802903161654 0.002899089 0.0038002674 0.0066993563 296.14015243385 24.09885558701 2034.38806 -1.9269999999999998 -5.187
296.19134232715 23.56774328149 0.0137 0.0178 24.2035 "" "" 2020121173153401216 1486.1416 0.6429 0.0262 -0.658 -1.181 0.016 0.024 1.62 9136.3 4.1937 14.149193 1.135392 14.627654 13.492262 "" "" 1425.20276 1551.71338 41235.35384 5.8001 19247.0 9.6522 31787.0 12.907 "" "" 0.0027595492697212666 0.0028428005 0.0038050078 0.0066478085 296.19134232715 23.56774328149 1486.1416 -0.6580000000000001 -1.181
296.67145455213 23.97572638066 0.0093 0.0125 22.1013 "" "" 2020509713082072832 2061.95996 0.4409 0.0175 -3.024 -2.218 0.011 0.017 1.006 "" "" 14.154453 2.791365 15.742664 12.9513 13.96 0.96 1983.58203 2147.57812 41036.02173 10.669 6892.1 9.1094 52316.0 21.148 "" "" 0.002769742292551756 0.0031375745 0.0038047805 0.006942355 296.67145455213 23.97572638066 2061.95996 -3.024 -2.2180000000000004
296.45834730393 24.08406901374 0.0105 0.0121 12.6236 "" "" 2020526446274745088 1603.2677 0.5875 0.0182 5.737 5.263 0.013 0.016 0.942 5175.4 3.2299 14.1682 2.184889 15.306548 13.121659 -47.16 1.45 1552.63135 1653.34021 40519.7746 8.3826 10299.0 11.604 44719.0 18.229 "" "" 0.0027644602845946576 0.0030465617 0.0038052078 0.0068517695 296.45834730393 24.08406901374 1603.2677 5.737 5.263000000000002
296.13746671309 23.76836702061 0.0089 0.0115 13.8115 "" "" 2020139486894093952 1865.49048 0.5055 0.0155 -2.664 -5.694 0.011 0.015 0.974 "" "" 14.170071 1.232363 14.701352 13.468989 "" "" 1806.021 1922.93628 40449.99087 5.3819 17984.0 13.969 32476.0 12.915 "" "" 0.002759104475589599 0.0029148366 0.0038039656 0.0067188023 296.13746671309 23.76836702061 1865.49048 -2.6640000000000006 -5.694
296.10769825663 24.3071796451 0.0092 0.0118 22.3444 "" "" 2020723705546127360 2178.43652 0.4235 0.0173 1.092 -0.583 0.011 0.016 1.025 5174.4 2.7787 14.170488 2.382031 15.4512 13.069168 -16.51 1.29 2102.29565 2269.39526 40434.42687 8.2633 9014.4 7.9264 46934.0 16.04 "" "" 0.002764239866099642 0.0029489803 0.0037975532 0.0067465333 296.10769825663 24.3071796451 2178.43652 1.092 -0.5830000000000001
296.28009337758 24.16675687782 0.0105 0.0126 12.1277 "" "" 2020530294565530880 1529.40112 0.6249 0.0161 -1.732 -5.723 0.013 0.016 0.975 "" "" 14.174929 1.17583 14.674701 13.498871 "" "" 1492.0354 1565.66235 40269.4228 5.6177 18430.0 12.198 31594.0 13.85 "" "" 0.00275948012096459 0.002881221 0.0038092341 0.006690455 296.28009337758 24.16675687782 1529.40112 -1.7320000000000002 -5.722999999999999
296.06550969825 24.33579645986 0.0093 0.0125 24.8743 "" "" 2020724049143548416 2007.39465 0.4639 0.0184 -0.2 -2.505 0.012 0.016 0.999 4859.5 2.7354 14.177731 2.269817 15.374498 13.104681 -6.29 1.94 1928.29688 2079.24463 40165.62219 9.5755 9674.3 9.1153 45424.0 22.932 "" "" 0.0027674514460788147 0.002971797 0.0038189227 0.00679072 296.06550969825 24.33579645986 2007.39465 -0.2 -2.505
296.0012972442 23.9559532848 0.009 0.0116 14.6608 "" "" 2020145843445851136 2148.33716 0.4166 0.0165 -0.454 -4.428 0.011 0.015 0.975 "" "" 14.181811 2.773239 15.755167 12.981928 18.2 0.99 2084.06201 2214.99023 40014.92776 9.3693 6813.2 8.5845 50861.0 22.923 "" "" 0.002767023150809799 0.0031074893 0.0038109291 0.006918418 296.0012972442 23.9559532848 2148.33716 -0.45399999999999996 -4.428
296.35772361993 23.50520680148 0.0086 0.012 28.0139 "" "" 2020073413114961792 1941.38782 0.4747 0.0169 -2.254 -12.163 0.01 0.017 1.029 "" "" 14.200312 2.293901 15.418306 13.124405 13.86 1.02 1869.51233 1998.08948 39338.89462 8.5628 9291.7 8.2051 44606.0 15.806 "" "" 0.002765436862891375 0.002950302 0.0037989132 0.0067492155 296.35772361993 23.50520680148 1941.38782 -2.2539999999999996 -12.163
296.2617211326 23.8321581059 0.0094 0.0116 7.9736 "" "" 2020504078084500096 1981.01709 0.4693 0.0161 -1.726 -5.229 0.011 0.016 0.955 11262.5 4.1565 14.206937 1.258865 14.75093 13.492064 "" "" 1919.94751 2046.5824 39099.57005 6.3397 17181.0 12.011 31793.0 14.979 "" "" 0.0027609384033225166 0.0028915678 0.0038138425 0.0067054103 296.2617211326 23.8321581059 1981.01709 -1.726 -5.229
296.25177526015 23.87117483107 0.0089 0.0119 5.6983 "" "" 2020515932194254720 1920.9292 0.4881 0.0163 -1.505 -5.049 0.01 0.016 1.067 12333.6 4.1201 14.211276 1.301112 14.779763 13.478651 "" "" 1872.79138 1980.1416 38943.60758 6.3591 16731.0 11.959 32188.0 13.647 "" "" 0.0027610181235679073 0.0028960875 0.0038073126 0.0067034 296.25177526015 23.87117483107 1920.9292 -1.505 -5.049000000000001
296.44926434392 24.36752736237 0.0096 0.0125 26.1053 "" "" 2020557095163016960 1584.70508 0.5892 0.0182 -2.473 -10.602 0.012 0.017 1.143 4621.9 2.742 14.212182 2.324896 15.447975 13.123079 25.46 0.97 1547.27466 1635.34436 38911.14559 9.7415 9041.2 12.594 44661.0 16.967 "" "" 0.0027686953083668584 0.0031736968 0.003801824 0.006975521 296.44926434392 24.36752736237 1584.70508 -2.473 -10.602
296.45393229235 24.35970283695 0.0101 0.0136 25.7711 "" "" 2020557095163011584 2061.26001 0.4468 0.0198 1.728 -2.347 0.013 0.019 1.119 "" "" 14.225339 2.293556 15.424219 13.130663 15.66 1.85 1987.78528 2142.48315 38442.46156 11.139 9241.2 37.253 44350.0 40.414 "" "" 0.002773222464589305 0.005190517 0.0039067375 0.009097254 296.45393229235 24.35970283695 2061.26001 1.728 -2.347
296.64543802063 23.88437543184 0.0131 0.0158 21.2299 "" "" 2020461815604145792 1563.8844 0.5989 0.0232 -0.57 -5.66 0.016 0.02 1.391 "" "" 14.227471 2.318789 15.456728 13.137939 3.29 1.67 1517.29211 1621.72644 38367.04453 8.1956 8968.6 7.4564 44054.0 17.528 "" "" 0.0027650639046670417 0.002932552 0.00380399 0.006736542 296.64543802063 23.88437543184 1563.8844 -0.5699999999999998 -5.659999999999999
296.1470292492 24.10229442748 0.0103 0.0124 10.5955 "" "" 2020711610917581952 2114.83984 0.4373 0.0168 -0.519 -4.32 0.012 0.016 0.976 "" "" 14.228805 1.496371 14.90656 13.410189 15.14 5.89 2046.77551 2180.2583 38319.94086 6.4619 14887.0 11.962 34283.0 13.348 "" "" 0.0027613964937006842 0.0029233797 0.0038029498 0.006726329 296.1470292492 24.10229442748 2114.83984 -0.5190000000000001 -4.32
296.05871423158 23.88600014627 0.0093 0.0114 12.4419 "" "" 2020144365977040512 2160.71069 0.4314 0.0155 -1.548 -5.093 0.011 0.015 0.994 "" "" 14.229451 1.241883 14.748913 13.50703 "" "" 2092.04858 2236.26855 38297.14756 7.7254 17213.0 16.888 31358.0 32.751 "" "" 0.0027640112289461644 0.0029865995 0.0039458345 0.0069324337 296.05871423158 23.88600014627 2160.71069 -1.548 -5.093000000000001
296.1023700207 24.11839257741 0.0105 0.0126 12.9492 "" "" 2020711576557864064 2071.64404 0.4454 0.0171 -2.977 -7.852 0.013 0.016 1.018 5012.9 2.8853 14.230642 2.333119 15.47521 13.142091 -21.37 1.62 2001.97375 2140.3479 38255.13709 12.857 8817.2 11.206 43886.0 35.44 "" "" 0.0027793779204202634 0.0031127387 0.0038797518 0.0069924905 296.1023700207 24.11839257741 2071.64404 -2.9769999999999994 -7.852
295.91145380171 24.01663369247 0.0095 0.0124 19.817 "" "" 2020334856379415552 2132.45142 0.4232 0.017 0.523 -7.324 0.011 0.016 0.969 "" "" 14.232259 2.714272 15.761102 13.04683 -26.31 1.19 2061.84424 2204.90503 38198.22825 9.548 6776.0 8.0784 47910.0 21.873 "" "" 0.002768653432403121 0.0030758055 0.0038117492 0.0068875547 295.91145380171 24.01663369247 2132.45142 0.5229999999999999 -7.324
296.43780248976 24.00500369451 0.0095 0.0122 9.5874 "" "" 2020512874177729664 1740.30847 0.5445 0.0172 -1.036 -3.683 0.011 0.016 0.963 "" "" 14.232893 1.257207 14.777821 13.520614 "" "" 1694.05969 1789.08691 38175.91479 5.8164 16761.0 14.793 30968.0 16.624 "" "" 0.002760281384210432 0.0029501354 0.0038240587 0.006774194 296.43780248976 24.00500369451 1740.30847 -1.036 -3.683
296.08767780288 24.07457290756 0.0109 0.0127 11.8957 "" "" 2020711129881259136 2138.59131 0.4367 0.0173 -3.385 -6.253 0.013 0.016 0.952 "" "" 14.237421 1.489981 14.912888 13.422907 "" "" 2050.10449 2233.23657 38017.05062 7.1044 14800.0 10.324 33884.0 14.176 "" "" 0.0027627805119686323 0.0028911354 0.003806581 0.006697716 296.08767780288 24.07457290756 2138.59131 -3.3850000000000002 -6.253
296.23420530158 23.99533974174 0.0097 0.0122 2.6211 "" "" 2020519162009976320 1826.49072 0.5091 0.0169 0.435 -8.88 0.012 0.016 1.011 4818.0 2.7156 14.241711 2.203915 15.393965 13.19005 -17.81 1.25 1771.80286 1887.26501 37867.12454 7.9658 9502.3 8.2138 41989.0 16.802 "" "" 0.0027647703028289756 0.0029437821 0.0038042716 0.0067480537 296.23420530158 23.99533974174 1826.49072 0.4349999999999996 -8.88
296.17177933864 24.04123674114 0.0103 0.0131 7.006 "" "" 2020523182099431936 2013.08472 0.4615 0.017 -2.356 -2.102 0.012 0.017 1.002 4855.4 2.4263 14.243897 2.370073 15.513923 13.143849 3.79 1.4 1948.80151 2081.33496 37790.95716 8.9034 8508.4 8.9777 43815.0 19.947 "" "" 0.0027671683287330572 0.003016206 0.0038115676 0.0068277735 296.17177933864 24.04123674114 2013.08472 -2.3560000000000003 -2.102
295.92466716634 23.68628298597 0.0467 0.0581 25.2117 "" "" 2020132477507570944 1683.6875 0.5685 0.0824 0.933 -0.408 0.056 0.079 5.364 6657.7 3.9421 14.249097 1.289827 14.725197 13.43537 "" "" 1506.06104 1931.84094 37610.40184 15.743 17593.0 20.26 33497.0 31.856 "" "" 0.0027925492060818908 0.0030575101 0.003917892 0.006975402 295.92466716634 23.68628298597 1683.6875 0.933 -0.4079999999999999
296.10183640413 23.94595381007 0.0096 0.0123 9.2093 "" "" 2020520158442133888 1851.46436 0.4982 0.0165 0.315 -2.695 0.011 0.015 1.014 "" "" 14.252465 2.228029 15.410936 13.182907 13.72 1.38 1789.48633 1923.34131 37493.88782 8.9534 9355.0 11.41 42266.0 40.067 "" "" 0.0027674916775144785 0.0030884712 0.003917024 0.007005495 296.10183640413 23.94595381007 1851.46436 0.3150000000000001 -2.6950000000000003
