Clusters/NGC_7281/NGC_7281_members.tsv
# %ECSV 1.0
# ---
# datatype:
# - name: RA_ICRS_1
#   unit: deg
#   datatype: float64
#   format: '{:15.11f}'
#   description: Right ascension (ICRS) at Ep=2016.0 (ra)
#   meta: !!omap
#   - {ucd: POS_EQ_RA_MAIN}
#   - {width: 15}
#   - {precision: '11'}
# - name: DE_ICRS_1
#   unit: deg
#   datatype: float64
#   format: '{:15.11f}'
#   description: Declination (ICRS) at Ep=2016.0 (dec)
#   meta: !!omap
#   - {ucd: POS_EQ_DEC_MAIN}
#   - {width: 15}
#   - {precision: '11'}
# - name: e_RA_ICRS
#   unit: mas
#   datatype: float64
#   format: '{:7.4f}'
#   description: Standard error of right ascension (ra_error)
#   meta: !!omap
#   - {ucd: ERROR}
#   - {width: 7}
#   - {precision: '4'}
# - name: e_DE_ICRS
#   unit: mas
#   datatype: float64
#   format: '{:7.4f}'
#   description: Standard error of declination (dec_error)
#   meta: !!omap
#   - {ucd: ERROR}
#   - {width: 7}
#   - {precision: '4'}
# - name: _r_1
#   unit: ''
#   datatype: float64
#   format: '{:7.4f}'
#   description: Distance from center (336.27891280000+57.87080454000)[ICRS], at Epoch=J2016.0
#   meta: !!omap
#   - {ucd: POS_ANG_DIST_GENERAL}
#   - {width: 7}
#   - {precision: '4'}
# - name: HIP
#   datatype: int32
#   description: '? HIP cross-id number, van Leeuwen, Cat. I/311 (hip_original_ext_source_id)'
#   meta: !!omap
#   - {ucd: ID_NUMBER}
#   - {width: 6}
#   - values: {'null': -2147483648}
# - name: TYC2
#   datatype: string
#   description: Tycho-2 cross-id name, Hog et al., Cat. I/259 (tyc2_original_ext_source_id)
#   meta: !!omap
#   - {ucd: ID_CROSSID}
#   - {_votable_string_dtype: char}
# - name: Source
#   datatype: int64
#   description: Source identifier, identical to the Gaia-EDR3 source_id (id)
#   meta: !!omap
#   - {ucd: ID_MAIN}
#   - {width: 19}
# - name: rgeo
#   unit: pc
#   datatype: float64
#   format: '{:15.8f}'
#   description: '? Median of the geometric distance posterior (r_med_geo)'
#   meta: !!omap
#   - {ucd: PHYS_DISTANCE_TRUE}
#   - {width: 15}
#   - {precision: '8'}
#   - values: {'null': .nan}
# - name: Plx
#   unit: mas
#   datatype: float64
#   format: '{:9.4f}'
#   description: '? Parallax (parallax)'
#   meta: !!omap
#   - {ucd: POS_PARLX_TRIG}
#   - {width: 9}
#   - {precision: '4'}
#   - values: {'null': .nan}
# - name: e_Plx
#   unit: mas
#   datatype: float32
#   format: '{:7.4f}'
#   description: '? Standard error of parallax (parallax_error)'
#   meta: !!omap
#   - {ucd: ERROR}
#   - {width: 7}
#   - {precision: '4'}
#   - values: {'null': .nan}
# - name: pmRA
#   unit: mas / yr
#   datatype: float64
#   format: '{:9.3f}'
#   description: '? Proper motion in right ascension direction, pmRA*cosDE (pmra)'
#   meta: !!omap
#   - {ucd: POS_EQ_PMRA}
#   - {width: 9}
#   - {precision: '3'}
#   - values: {'null': .nan}
# - name: pmDE
#   unit: mas / yr
#   datatype: float64
#   format: '{:9.3f}'
#   description: '? Proper motion in declination direction (pmdec)'
#   meta: !!omap
#   - {ucd: POS_EQ_PMDEC}
#   - {width: 9}
#   - {precision: '3'}
#   - values: {'null': .nan}
# - name: e_pmRA
#   unit: mas / yr
#   datatype: float32
#   format: '{:6.3f}'
#   description: '? Standard error of proper motion in right ascension direction (pmra_error)'
#   meta: !!omap
#   - {ucd: ERROR}
#   - {width: 6}
#   - {precision: '3'}
#   - values: {'null': .nan}
# - name: e_pmDE
[...]
#       distance: !astropy.table.SerializedColumn
#         __class__: astropy.coordinates.distances.Distance
#         unit: !astropy.units.Unit {unit: pc}
#         value: !astropy.table.SerializedColumn {name: SkyCoord.distance}
#       frame: icrs
#       obstime: !astropy.time.Time {format: jyear_str, in_subfmt: '*', jd1: 367701545.0, jd2: 0.0, out_subfmt: '*', precision: 3, scale: tt}
#       pm_dec: !astropy.table.SerializedColumn
#         __class__: astropy.units.quantity.Quantity
#         unit: !astropy.units.Unit {unit: mas / yr}
#         value: !astropy.table.SerializedColumn {name: SkyCoord.pm_dec}
#       pm_ra_cosdec: !astropy.table.SerializedColumn
#         __class__: astropy.units.quantity.Quantity
#         unit: !astropy.units.Unit {unit: mas / yr}
#         value: !astropy.table.SerializedColumn {name: SkyCoord.pm_ra_cosdec}
#       ra: !astropy.table.SerializedColumn
#         __class__: astropy.coordinates.angles.Longitude
#         unit: *id001
#         value: !astropy.table.SerializedColumn {name: SkyCoord.ra}
#         wrap_angle: !astropy.coordinates.Angle
#           unit: *id001
#           value: 360.0
#       representation_type: spherical
# schema: astropy-2.0
RA_ICRS_1 DE_ICRS_1 e_RA_ICRS e_DE_ICRS _r_1 HIP TYC2 Source rgeo Plx e_Plx pmRA pmDE e_pmRA e_pmDE RUWE Teff logg Gmag BP-RP BPmag RPmag RV e_RV b_rgeo B_rgeo FG e_FG FBP e_FBP FRP e_FRP RAVE5 RAVE6 e_Gmag e_BPmag e_RPmag e_BP-RP SkyCoord.ra SkyCoord.dec SkyCoord.distance SkyCoord.pm_ra_cosdec SkyCoord.pm_dec rmRA rmDE e_rmRA e_rmDE rRV e_rRV v_pec v_pec3d e_vpec e_vpec3d Pmemb
336.41569729193 57.78168183231 0.0113 0.0115 6.906 "" 3990-82-1 2007889312452838912 2258.27588 0.4212 0.0134 -2.105 -1.464 0.016 0.014 0.897 11724.9 3.4053 10.904655 0.45953 11.062214 10.602684 "" "" 2199.39111 2318.70898 818624.06063 192.08 513490.0 258.67 455080.0 111.64 "" "" 0.0027670723308641826 0.002843271 0.0037887557 0.0066320268 336.41569729193 57.78168183231 2258.27588 -2.105000000000001 -1.464 -0.02195833206176756 -0.1496666803359985 0.054984488 0.052984484 "" "" 1.6192168669734484 "" 0.08586286860629173 "" 0.8
336.24456161721 57.8189629203 0.0142 0.014 3.2982 "" 3990-747-1 2200043812808760064 1717.67725 0.5334 0.017 -2.131 -1.36 0.02 0.017 1.128 6998.3 3.0733 11.618484 0.547909 11.816638 11.268729 -37.81 13.21 1666.03333 1772.78589 424182.75813 118.12 256310.0 136.93 246410.0 118.09 "" "" 0.0027718583151286284 0.0028498236 0.0038150323 0.006664856 336.24456161721 57.8189629203 1717.67725 -2.1309999999999993 -1.3600000000000003 -0.04795833206176736 -0.04566668033599863 0.058984485 0.055984486 -5.549999999999997 15.140833 0.5391714081977373 5.576128209377713 0.03104407026284482 15.069887404354253 0.9
336.31879683437 57.82702618296 0.0096 0.0092 2.9191 "" 3990-662-1 2007890549403340416 2194.05591 0.4311 0.011 -2.088 -1.377 0.014 0.011 0.92 7227.3 3.2794 12.14938 0.5453 12.346861 11.801561 -26.71 33.13 2142.66675 2251.71021 260132.67109 44.883 157280.0 100.65 150850.0 60.634 "" "" 0.0027616811127844434 0.0028753793 0.0038044949 0.006679874 336.31879683437 57.82702618296 2194.05591 -2.088 -1.377 -0.004958332061767656 -0.06266668033599854 0.052984484 0.049984485 5.550000000000004 35.060833 0.6537593287054257 5.588371968638936 0.032690388925977365 34.82009166347747 1.0
336.35052370414 57.94313417602 0.0105 0.0099 4.9036 "" "" 2200046973904647424 2182.85425 0.4339 0.0122 -2.075 -1.391 0.015 0.012 0.975 6999.9 3.3726 12.681746 0.605223 12.905427 12.300204 "" "" 2126.45752 2244.15625 159311.81805 26.763 94026.0 46.951 95296.0 29.387 "" "" 0.0027613505868513484 0.0028423541 0.0037941835 0.0066365376 336.35052370414 57.94313417602 2182.85425 -2.075 -1.391 0.008041667938232244 -0.07666668033599855 0.053984486 0.050984487 "" "" 0.7976011771006339 "" 0.0406920836320711 "" 0.9
336.19177347074 57.92190451399 0.0099 0.0089 4.1378 "" "" 2200048210855197696 2258.44409 0.4202 0.0111 -2.015 -1.287 0.014 0.011 0.912 "" "" 13.067964 0.610598 13.29489 12.684293 "" "" 2203.13965 2304.31152 111624.97071 22.87 65684.0 35.004 66902.0 25.083 "" "" 0.002764285198999761 0.0028495318 0.0038012406 0.0066507724 336.19177347074 57.92190451399 2258.44409 -2.015 -1.287 0.0680416679382323 0.027333319664001543 0.052984484 0.049984485 "" "" 0.7849622582969761 "" 0.04127164423774088 "" 0.8
336.25861893956 57.83296098077 0.0102 0.0101 2.3612 "" "" 2200043812808756736 2387.97192 0.3924 0.0123 -2.04 -1.3 0.014 0.012 1.043 11165.1 3.6945 13.130759 0.563209 13.338435 12.775227 "" "" 2315.19824 2455.56445 105352.08205 30.588 63102.0 40.688 61527.0 20.419 "" "" 0.0027732943408236557 0.0028766578 0.0037965195 0.0066731772 336.25861893956 57.83296098077 2387.97192 -2.040000000000001 -1.3000000000000014 0.043041667938232386 0.01433331966400142 0.052984484 0.050984487 "" "" 0.5134915802456962 "" 0.027106315386074418 "" 1.0
336.2378861397 57.94414838423 0.0116 0.0109 4.5909 "" "" 2200048618864392192 2217.33057 0.4244 0.0134 -2.082 -1.252 0.016 0.013 1.174 9063.0 3.8703 13.388199 0.668798 13.640359 12.971561 "" "" 2160.55347 2266.15674 83112.63972 17.697 47783.0 26.812 51349.0 24.472 "" "" 0.0027650018497557857 0.0028559074 0.0038146393 0.0066705467 336.2378861397 57.94414838423 2217.33057 -2.082 -1.2519999999999998 0.001041667938232571 0.06233331966400146 0.054984488 0.051984485 "" "" 0.655223818258145 "" 0.034062037531348795 "" 0.9
335.81985022286 57.61720643203 0.0105 0.0103 21.1569 "" "" 2200017287090037504 2234.44067 0.4193 0.0119 -2.058 -1.326 0.014 0.012 0.964 "" "" 13.533325 0.638756 13.77245 13.133694 "" "" 2165.41211 2304.05054 72713.80097 14.028 42309.0 26.415 44226.0 19.577 "" "" 0.002763270402868593 0.0028713318 0.003809818 0.00668115 335.81985022286 57.61720643203 2234.44067 -2.058000000000001 -1.3260000000000005 0.025041667938232592 -0.011666680335998603 0.052984484 0.050984487 "" "" 0.2925939704077914 "" 0.015400205214270568 "" 0.8
336.15095359553 57.93393927288 0.0111 0.0107 5.5671 "" "" 2200048378346925184 2144.46167 0.4374 0.0127 -2.112 -1.31 0.015 0.013 1.002 "" "" 13.563554 0.618615 13.795351 13.176736 "" "" 2076.15698 2208.65039 70717.21854 14.66 41426.0 29.691 42507.0 22.451 "" "" 0.0027644980598551926 0.0028966535 0.00382264 0.0067192935 336.15095359553 57.93393927288 2144.46167 -2.112 -1.31 -0.028958332061767678 0.0043333196640014116 0.053984486 0.051984485 "" "" 0.29763151231657564 "" 0.016054683235258892 "" 0.8
336.18969967952 57.86951650567 0.011 0.0103 2.8479 "" "" 2200045015399554816 2220.06079 0.4271 0.0128 -2.071 -1.356 0.015 0.012 0.992 "" "" 13.59524 0.643616 13.8367 13.193085 "" "" 2161.47998 2273.07739 68683.27813 15.406 39878.0 29.458 41872.0 18.223 "" "" 0.0027660620357476094 0.0029031553 0.003808806 0.0067119612 336.18969967952 57.86951650567 2220.06079 -2.071 -1.3560000000000003 0.012041667938232248 -0.04166668033599863 0.053984486 0.050984487 "" "" 0.45640539348454223 "" 0.023377990644421823 "" 0.9
336.40282833396 57.99135536196 0.0105 0.0099 8.2401 "" "" 2200047381913806336 2107.86475 0.4489 0.0122 -2.076 -1.271 0.014 0.012 0.935 "" "" 13.688545 0.683004 13.947021 13.264016 "" "" 2052.17603 2152.95654 63027.27783 11.469 36025.0 30.615 39224.0 14.898 "" "" 0.002762394497934259 0.002938775 0.0038018136 0.0067405887 336.40282833396 57.99135536196 2107.86475 -2.0759999999999974 -1.271 0.007041667938232354 0.04333331966400156 0.052984484 0.050984487 "" "" 0.43863440464085646 "" 0.022386550306777823 "" 1.0
336.16395816082 57.89474076089 0.0119 0.011 3.9382 "" "" 2200048039056513152 2215.16333 0.4228 0.0142 -2.02 -1.257 0.017 0.013 0.998 "" "" 13.782144 0.626263 14.017292 13.391029 "" "" 2157.41748 2288.71899 57821.51799 14.819 33768.0 27.031 34894.0 19.398 "" "" 0.0027693354956139574 0.0029224001 0.0038272743 0.0067496747 336.16395816082 57.89474076089 2215.16333 -2.02 -1.2570000000000001 0.0630416679382324 0.05733331966400157 0.055984486 0.051984485 "" "" 0.8947323138320136 "" 0.04850372579971555 "" 0.8
336.62731023884 58.04041491427 0.013 0.0129 15.0524 "" "" 2200052883780056064 2063.75659 0.4602 0.0157 -2.109 -1.251 0.017 0.016 1.058 "" "" 14.205668 0.795712 14.51176 13.716048 "" "" 2002.12793 2126.1731 39145.31029 7.4685 21415.0 20.175 25867.0 14.476 "" "" 0.0027630959357190185 0.0029717516 0.0038279132 0.006799665 336.62731023884 58.04041491427 2063.75659 -2.109 -1.251 -0.025958332061767564 0.06333331966400157 0.055984486 0.054984488 "" "" 0.6695592812953701 "" 0.036912424268633164 "" 1.0
336.66463021385 57.86901257461 0.0133 0.0137 12.3089 "" "" 2007894397694149760 2111.70801 0.4489 0.0158 -2.074 -1.274 0.018 0.016 1.007 "" "" 14.329858 0.863687 14.671689 13.808002 "" "" 2030.37354 2175.10791 34914.31857 7.422 18482.0 16.603 23766.0 16.703 "" "" 0.0027649700687836687 0.0029557338 0.003855645 0.0068113785 336.66463021385 57.86901257461 2111.70801 -2.0740000000000007 -1.274 0.009041667938232578 0.040333319664001444 0.056984484 0.054984488 "" "" 0.4137360028961205 "" 0.022789340376237137 "" 0.9
336.45683967805 57.88406880137 0.0145 0.0133 5.7321 "" "" 2007892267390271360 2241.54614 0.423 0.0163 -2.046 -1.312 0.02 0.016 0.934 "" "" 14.357773 0.727554 14.636363 13.908809 "" "" 2156.44849 2323.37573 34028.09116 8.7762 19093.0 14.644 21659.0 16.653 "" "" 0.002769512974475034 0.0029117872 0.0038704788 0.0067822663 336.45683967805 57.88406880137 2241.54614 -2.046000000000001 -1.3119999999999996 0.0370416679382326 0.0023333196640014098 0.058984485 0.054984488 "" "" 0.3943451333476859 "" 0.023254220777928693 "" 0.8
336.23026566362 57.84698253757 0.0148 0.0137 2.1105 "" "" 2200044087686644864 2255.11304 0.4134 0.0173 -2.075 -1.36 0.021 0.017 0.966 "" "" 14.48605 0.711518 14.761444 14.049926 "" "" 2179.05933 2336.93994 30236.18463 8.3148 17015.0 19.952 19019.0 19.908 "" "" 0.002771449921954184 0.0030669128 0.003946559 0.007013472 336.23026566362 57.84698253757 2255.11304 -2.075 -1.3599999999999999 0.008041667938232244 -0.04566668033599863 0.059984483 0.055984486 "" "" 0.49565262795466797 "" 0.0278105496417549 "" 1.0
336.14968524635 57.92091992875 0.0166 0.0155 5.1012 "" "" 2200048313934404096 2307.4873 0.4059 0.0188 -2.095 -1.297 0.024 0.019 1.048 8400.8 4.3459 14.695581 0.695384 14.964485 14.269101 "" "" 2165.14526 2432.34937 24929.53627 5.9871 14113.0 13.476 15542.0 11.663 "" "" 0.0027676308799610264 0.0029765514 0.0038662066 0.006842758 336.14968524635 57.92091992875 2307.4873 -2.095 -1.2970000000000013 -0.011958332061767774 0.017333319664001534 0.06298448 0.057984486 "" "" 0.2303232995369257 "" 0.013737100101256604 "" 1.0
336.26959582436 57.82291891635 0.0171 0.0161 2.8885 "" "" 2200043744089290368 2258.43994 0.4152 0.0195 -2.119 -1.374 0.022 0.02 1.075 9453.2 4.1117 14.755807 0.781446 15.060979 14.279533 "" "" 2163.73413 2373.7832 23584.36365 6.049 12913.0 14.512 15394.0 19.96 "" "" 0.002769356755296997 0.0030453063 0.004033058 0.0070783645 336.26959582436 57.82291891635 2258.43994 -2.119 -1.374 -0.035958332061767795 -0.059666680335998645 0.060984485 0.058984485 "" "" 0.7457566781809012 "" 0.04439035060551298 "" 0.8
335.77786122048 57.69229174048 0.0191 0.019 19.2774 "" "" 2200018661479511424 2194.5166 0.4358 0.0222 -2.144 -1.316 0.026 0.021 1.05 9251.8 4.2071 15.204672 0.883165 15.557155 14.673989 "" "" 2099.64746 2298.1311 15598.3231 4.0602 8176.3 12.718 10704.0 10.722 "" "" 0.002769776188945947 0.003261472 0.0039327494 0.0071942215 335.77786122048 57.69229174048 2194.5166 -2.143999999999999 -1.315999999999999 -0.060958332061767706 -0.0016666803359985938 0.064984486 0.059984483 "" "" 0.6343260608772938 "" 0.041219074617927606 "" 0.8
336.24383862941 58.07081275315 0.0204 0.0191 12.0523 "" "" 2200061920390750976 2119.47241 0.4395 0.025 -2.053 -1.392 0.029 0.023 0.988 9250.1 4.1091 15.242051 0.93615 15.619784 14.683635 "" "" 2015.9021 2242.66577 15070.4543 4.2443 7718.0 13.953 10610.0 12.573 "" "" 0.002772235315352022 0.0034114262 0.00399238 0.0074038063 336.24383862941 58.07081275315 2119.47241 -2.0529999999999995 -1.392 0.030041667938232486 -0.07766668033599844 0.067984484 0.061984487 "" "" 0.8365988977304327 "" 0.05253657919110279 "" 0.8
336.13038138782 57.82394428617 0.0197 0.0188 5.5135 "" "" 2200021272819896576 2372.74805 0.3954 0.0239 -2.037 -1.292 0.029 0.024 0.971 8175.0 4.3827 15.2464 0.855351 15.585091 14.729739 "" "" 2220.17578 2496.85913 15010.21518 4.0637 7968.6 13.398 10169.0 9.8392 "" "" 0.0027709547561781257 0.0033342922 0.0039226683 0.0072569605 336.13038138782 57.82394428617 2372.74805 -2.037 -1.292 0.0460416679382325 0.022333319664001428 0.067984484 0.06298448 "" "" 0.5755268281214242 "" 0.03859532515929567 "" 0.9
336.28162429276 57.84034513175 0.0206 0.0196 1.8296 "" "" 2200043847168497280 2254.54297 0.4168 0.0241 -2.077 -1.267 0.03 0.025 1.064 9060.2 4.2594 15.274014 0.860892 15.616881 14.755989 "" "" 2159.01392 2380.9563 14633.25405 4.4648 7738.6 13.342 9925.7 15.698 "" "" 0.002775163216401112 0.0033599199 0.0041511827 0.0075111026 336.28162429276 57.84034513175 2254.54297 -2.0769999999999995 -1.2670000000000001 0.0060416679382324645 0.04733331966400156 0.068984486 0.06398448 "" "" 0.509933001820862 "" 0.03267024289977377 "" 0.8
336.60456749774 58.06013502086 0.0193 0.019 15.3773 "" "" 2200053708413758208 2158.2666 0.438 0.0239 -2.105 -1.29 0.027 0.023 0.986 7210.4 3.9655 15.355356 1.245618 15.894861 14.649243 "" "" 2027.19397 2264.3042 13577.01314 3.397 5990.6 9.1875 10951.0 10.777 "" "" 0.002768679312236397 0.0032492685 0.0039275168 0.0071767853 336.60456749774 58.06013502086 2158.2666 -2.105000000000001 -1.29 -0.02195833206176756 0.02433331966400143 0.06598449 0.061984487 "" "" 0.33530646942631165 "" 0.021396183561458226 "" 0.9
336.62376472514 58.13802725258 0.0357 0.0317 19.4232 "" "" 2200057419265459328 2123.02539 0.4573 0.0413 -2.186 -1.168 0.049 0.04 1.135 7176.7 4.5806 16.247515 1.269417 16.799852 15.530436 "" "" 1946.60034 2357.56226 5969.537 2.7021 2603.0 8.9374 4863.9 11.598 "" "" 0.002798806692444193 0.0046564043 0.0045810873 0.0092374915 336.62376472514 58.13802725258 2123.02539 -2.186 -1.1680000000000001 -0.10295833206176752 0.14633331966400154 0.08798449 0.078984484 "" "" 1.8005390337535867 "" 0.14777730708712386 "" 0.9
