Clusters/NGC_7281/NGC_7281_stars_in_region.tsv
# %ECSV 1.0
# ---
# datatype:
# - name: RA_ICRS_1
#   unit: deg
#   datatype: float64
#   format: '{:15.11f}'
#   description: Right ascension (ICRS) at Ep=2016.0 (ra)
#   meta: !!omap
#   - {ucd: POS_EQ_RA_MAIN}
#   - {width: 15}
#   - {precision: '11'}
# - name: DE_ICRS_1
#   unit: deg
#   datatype: float64
#   format: '{:15.11f}'
#   description: Declination (ICRS) at Ep=2016.0 (dec)
#   meta: !!omap
#   - {ucd: POS_EQ_DEC_MAIN}
#   - {width: 15}
#   - {precision: '11'}
# - name: e_RA_ICRS
#   unit: mas
#   datatype: float64
#   format: '{:7.4f}'
#   description: Standard error of right ascension (ra_error)
#   meta: !!omap
#   - {ucd: ERROR}
#   - {width: 7}
#   - {precision: '4'}
# - name: e_DE_ICRS
#   unit: mas
#   datatype: float64
#   format: '{:7.4f}'
#   description: Standard error of declination (dec_error)
#   meta: !!omap
#   - {ucd: ERROR}
#   - {width: 7}
#   - {precision: '4'}
# - name: _r_1
#   unit: ''
#   datatype: float64
#   format: '{:7.4f}'
#   description: Distance from center (336.27891280000+57.87080454000)[ICRS], at Epoch=J2016.0
#   meta: !!omap
#   - {ucd: POS_ANG_DIST_GENERAL}
#   - {width: 7}
#   - {precision: '4'}
# - name: HIP
#   datatype: int32
#   description: '? HIP cross-id number, van Leeuwen, Cat. I/311 (hip_original_ext_source_id)'
#   meta: !!omap
#   - {ucd: ID_NUMBER}
#   - {width: 6}
#   - values: {'null': -2147483648}
# - name: TYC2
#   datatype: string
#   description: Tycho-2 cross-id name, Hog et al., Cat. I/259 (tyc2_original_ext_source_id)
#   meta: !!omap
#   - {ucd: ID_CROSSID}
#   - {_votable_string_dtype: char}
# - name: Source
#   datatype: int64
#   description: Source identifier, identical to the Gaia-EDR3 source_id (id)
#   meta: !!omap
#   - {ucd: ID_MAIN}
#   - {width: 19}
# - name: rgeo
#   unit: pc
#   datatype: float64
#   format: '{:15.8f}'
#   description: '? Median of the geometric distance posterior (r_med_geo)'
#   meta: !!omap
#   - {ucd: PHYS_DISTANCE_TRUE}
#   - {width: 15}
#   - {precision: '8'}
#   - values: {'null': .nan}
# - name: Plx
#   unit: mas
#   datatype: float64
#   format: '{:9.4f}'
#   description: '? Parallax (parallax)'
#   meta: !!omap
#   - {ucd: POS_PARLX_TRIG}
#   - {width: 9}
#   - {precision: '4'}
#   - values: {'null': .nan}
# - name: e_Plx
#   unit: mas
#   datatype: float32
#   format: '{:7.4f}'
#   description: '? Standard error of parallax (parallax_error)'
#   meta: !!omap
#   - {ucd: ERROR}
#   - {width: 7}
#   - {precision: '4'}
#   - values: {'null': .nan}
# - name: pmRA
#   unit: mas / yr
#   datatype: float64
#   format: '{:9.3f}'
#   description: '? Proper motion in right ascension direction, pmRA*cosDE (pmra)'
#   meta: !!omap
#   - {ucd: POS_EQ_PMRA}
#   - {width: 9}
#   - {precision: '3'}
#   - values: {'null': .nan}
# - name: pmDE
#   unit: mas / yr
#   datatype: float64
#   format: '{:9.3f}'
#   description: '? Proper motion in declination direction (pmdec)'
#   meta: !!omap
#   - {ucd: POS_EQ_PMDEC}
#   - {width: 9}
#   - {precision: '3'}
#   - values: {'null': .nan}
# - name: e_pmRA
#   unit: mas / yr
#   datatype: float32
#   format: '{:6.3f}'
#   description: '? Standard error of proper motion in right ascension direction (pmra_error)'
#   meta: !!omap
#   - {ucd: ERROR}
#   - {width: 6}
#   - {precision: '3'}
#   - values: {'null': .nan}
# - name: e_pmDE
[...]
#         value: !astropy.table.SerializedColumn {name: SkyCoord.dec}
#       distance: !astropy.table.SerializedColumn
#         __class__: astropy.coordinates.distances.Distance
#         unit: !astropy.units.Unit {unit: pc}
#         value: !astropy.table.SerializedColumn {name: SkyCoord.distance}
#       frame: icrs
#       obstime: !astropy.time.Time {format: jyear_str, in_subfmt: '*', jd1: 367701545.0, jd2: 0.0, out_subfmt: '*', precision: 3, scale: tt}
#       pm_dec: !astropy.table.SerializedColumn
#         __class__: astropy.units.quantity.Quantity
#         unit: !astropy.units.Unit {unit: mas / yr}
#         value: !astropy.table.SerializedColumn {name: SkyCoord.pm_dec}
#       pm_ra_cosdec: !astropy.table.SerializedColumn
#         __class__: astropy.units.quantity.Quantity
#         unit: !astropy.units.Unit {unit: mas / yr}
#         value: !astropy.table.SerializedColumn {name: SkyCoord.pm_ra_cosdec}
#       ra: !astropy.table.SerializedColumn
#         __class__: astropy.coordinates.angles.Longitude
#         unit: *id001
#         value: !astropy.table.SerializedColumn {name: SkyCoord.ra}
#         wrap_angle: !astropy.coordinates.Angle
#           unit: *id001
#           value: 360.0
#       representation_type: spherical
# schema: astropy-2.0
RA_ICRS_1 DE_ICRS_1 e_RA_ICRS e_DE_ICRS _r_1 HIP TYC2 Source rgeo Plx e_Plx pmRA pmDE e_pmRA e_pmDE RUWE Teff logg Gmag BP-RP BPmag RPmag RV e_RV b_rgeo B_rgeo FG e_FG FBP e_FBP FRP e_FRP RAVE5 RAVE6 e_Gmag e_BPmag e_RPmag e_BP-RP SkyCoord.ra SkyCoord.dec SkyCoord.distance SkyCoord.pm_ra_cosdec SkyCoord.pm_dec rmRA rmDE e_rmRA e_rmDE rRV e_rRV v_pec v_pec3d e_vpec e_vpec3d
[from data line 237]
335.71736107211 57.63565887986 0.0153 0.0146 22.8526 "" "" 2200012579805833216 2148.65503 0.4375 0.0173 -3.804 -1.974 0.02 0.016 0.94 9252.0 4.0119 14.59711 0.863779 14.93984 14.076061 "" "" 2066.94995 2226.99341 27296.23376 5.4101 14437.0 12.931 18567.0 11.961 "" "" 0.002763710758393207 0.002954786 0.0038435585 0.0067983447 335.71736107211 57.63565887986 2148.65503 -3.8040000000000016 -1.9739999999999986 -1.7209583320617674 -0.6596666803359985 0.058984485 0.054984488 "" "" 18.770840252311487 "" 1.0978564801563704 ""
336.72874568539 58.08417232428 0.0151 0.0149 19.2018 "" "" 2200053364816397184 2061.26392 0.4614 0.0185 -3.23 -2.483 0.021 0.019 0.987 "" "" 14.601449 0.833457 14.927985 14.094528 "" "" 1985.32178 2130.71924 27187.3602 7.1773 14596.0 19.151 18254.0 21.149 "" "" 0.002770188606762215 0.0031327992 0.003983229 0.007116028 336.72874568539 58.08417232428 2061.26392 -3.230000000000001 -2.483000000000002 -1.1469583320617676 -1.1686666803359986 0.059984483 0.057984486 "" "" 15.99868400455562 "" 0.943509792361498 ""
336.9175649496 58.09953901487 0.015 0.0155 24.5157 "" "" 2007901475800639360 2168.88062 0.4402 0.0193 -4.652 -3.218 0.021 0.02 0.994 "" "" 14.609772 0.888321 14.961599 14.073278 "" "" 2094.03711 2271.17847 26979.7539 5.6596 14151.0 15.141 18614.0 15.92 "" "" 0.0027647174771760212 0.0030223469 0.003891789 0.006914136 336.9175649496 58.09953901487 2168.88062 -4.651999999999999 -3.218 -2.5689583320617677 -1.9036666803359985 0.059984483 0.058984485 "" "" 32.87105609877441 "" 1.9601645039214306 ""
336.02393731713 57.92512360484 0.0242 0.025 8.759 "" "" 2200025773945557632 1889.64673 0.5052 0.0289 0.191 -3.548 0.034 0.03 1.874 6704.5 3.8981 14.612888 1.230461 15.139652 13.909191 -45.88 15.29 1782.74939 2016.97168 26902.41939 6.7239 12010.0 15.564 21651.0 18.9 "" "" 0.002768651023827262 0.0031248638 0.0038964108 0.0070212744 336.02393731713 57.92512360484 1889.64673 0.19100000000000006 -3.5480000000000023 2.2740416679382323 -2.2336666803359986 0.07298449 0.068984486 -13.619999999999997 38.46 28.55072844536615 31.633028542348576 2.0284852160660227 16.66034040466038
335.92863237699 57.60047892634 0.0165 0.0157 19.7217 "" "" 2007863508288672512 1891.5498 0.4994 0.0185 -5.166 -5.691 0.022 0.018 1.039 7208.6 4.0156 14.625227 1.085679 15.027489 13.94181 -73.49 34.16 1834.46716 1947.98242 26598.41826 6.7023 13317.0 91.793 21010.0 151.34 "" "" 0.002768869476838776 0.007987094 0.00868613 0.016673224 335.92863237699 57.60047892634 1891.5498 -5.166 -5.690999999999998 -3.082958332061768 -4.376666680335998 0.060984485 0.056984484 -41.22999999999999 57.33 47.99909258830515 63.27579149485757 2.8003356908903996 37.416120342688146
336.35046355949 57.52045798929 0.0168 0.0161 21.1456 "" "" 2007847805888388480 2106.85547 0.4532 0.0188 -1.168 -4.85 0.022 0.021 0.871 6504.2 3.3143 14.629539 1.390897 15.250717 13.85982 -17.42 11.21 2020.46326 2211.68115 26492.9924 6.9105 10843.0 19.554 22658.0 19.556 "" "" 0.00276983666618457 0.0034086322 0.0038938248 0.007302457 336.35046355949 57.52045798929 2106.85547 -1.168 -4.85 0.9150416679382325 -3.535666680335998 0.060984485 0.059984483 14.840000000000003 34.38 36.472232830638156 39.37574593137608 2.190075421965987 13.115031328453203
335.61384676197 57.98475941396 0.0211 0.0205 22.2643 "" "" 2200040720431630848 2067.21826 0.4632 0.0248 -2.606 -1.724 0.031 0.027 1.324 6658.9 3.6076 14.636908 1.369924 15.246283 13.876359 -69.25 7.29 1982.84058 2151.03076 26313.79872 6.3849 10887.0 10.012 22316.0 20.642 "" "" 0.0027678862396980355 0.0029634438 0.0039105406 0.0068739844 335.61384676197 57.98475941396 2067.21826 -2.6060000000000003 -1.7240000000000002 -0.5229583320617675 -0.4096666803359985 0.06998448 0.06598449 -36.989999999999995 30.46 6.509350304246848 37.55837777891103 0.4458309636277868 29.999141873956752
336.05649938205 58.15477840421 0.0152 0.0153 18.4467 "" "" 2200066112278773120 1857.60669 0.5128 0.0187 -1.267 -0.613 0.02 0.018 1.03 9071.7 4.1399 14.645245 0.971988 15.041144 14.069157 "" "" 1794.19983 1920.63879 26112.52286 6.2529 13151.0 17.567 18685.0 13.652 "" "" 0.0027675592674771183 0.0031445937 0.0038617384 0.0070063323 336.05649938205 58.15477840421 1857.60669 -1.2669999999999992 -0.6129999999999998 0.8160416679382325 0.7013333196640015 0.058984485 0.056984484 "" "" 9.474307165085204 "" 0.5508667647724379 ""
335.97961376261 58.06810678819 0.0162 0.0152 15.1939 "" "" 2200042129180954752 1946.3479 0.4884 0.0199 -1.222 -0.718 0.024 0.018 0.963 7754.9 3.8166 14.645661 1.228451 15.176185 13.947734 "" "" 1883.30847 2014.1311 26102.51292 5.5316 11613.0 22.145 20896.0 16.277 "" "" 0.002764910412964447 0.0034744253 0.0038728542 0.007347279 335.97961376261 58.06810678819 1946.3479 -1.2219999999999998 -0.7179999999999996 0.8610416679382324 0.5963333196640015 0.06298448 0.056984484 "" "" 9.662807996234937 "" 0.5904367075600676 ""
335.83841275268 57.89914379448 0.0244 0.0234 14.1532 "" "" 2200035802682574464 2265.88428 0.4189 0.0265 -1.571 -0.679 0.033 0.028 1.547 9312.0 4.0885 14.64803 1.042185 15.055952 14.013767 "" "" 2142.24365 2398.36646 26045.61758 9.2559 12973.0 20.108 19663.0 27.71 "" "" 0.0027822046388060267 0.0032583936 0.004077357 0.0073357504 335.83841275268 57.89914379448 2265.88428 -1.571000000000001 -0.679 0.5120416679382325 0.6353333196640014 0.071984485 0.06698449 "" "" 8.763940287112078 "" 0.6046821238271458 ""
336.75838692886 58.03399503242 0.0175 0.0169 18.1355 "" "" 2007899409908741248 2334.24585 0.395 0.0214 -5.772 -4.211 0.024 0.021 1.121 4658.4 2.8445 14.650213 2.027043 15.674346 13.647303 -77.12 1.92 2230.87646 2427.57617 25993.29583 8.3079 7339.7 9.6168 27557.0 25.141 "" "" 0.002777086989351031 0.0031318974 0.0039070332 0.0070389304 336.75838692886 58.03399503242 2334.24585 -5.772 -4.211 -3.688958332061768 -2.896666680335999 0.06298448 0.059984483 -44.86 25.09 51.89521426410443 68.59688668968373 3.2101039420632733 16.586742707652572
335.60672949656 57.73859773016 0.0157 0.0168 22.9059 "" "" 2200028763242531200 1978.88672 0.4754 0.0198 -1.512 -1.534 0.022 0.018 0.964 6809.1 3.8008 14.654014 1.374468 15.267306 13.892838 -19.32 8.28 1908.17993 2072.89917 25902.48348 5.902 10678.0 16.833 21980.0 17.901 "" "" 0.002766404020547894 0.0032733066 0.0038814456 0.0071547525 335.60672949656 57.73859773016 1978.88672 -1.512 -1.534 0.5710416679382324 -0.21966668033599857 0.060984485 0.056984484 12.940000000000005 31.45 5.738964989104755 14.155540227987423 0.34711401016477134 28.74972476296177
336.29260003619 57.74555057339 0.0193 0.0174 7.528 "" "" 2007888934495691904 1864.78442 0.5129 0.0219 -2.067 -1.255 0.025 0.022 1.26 "" "" 14.654654 0.711138 14.901679 14.190541 "" "" 1782.56885 1928.38013 25887.1929 9.9392 14954.0 19.633 16709.0 34.756 "" "" 0.002786675819101763 0.0031332045 0.004402745 0.0075359493 336.29260003619 57.74555057339 1864.78442 -2.0669999999999997 -1.2549999999999986 0.01604166793823225 0.05933331966400157 0.06398448 0.060984485 "" "" 0.5432818376170894 "" 0.03324532108183542 ""
336.36367077796 58.01061805577 0.015 0.0146 8.8124 "" "" 2200050306799238784 1750.01221 0.5402 0.0178 -8.338 -4.263 0.02 0.018 1.036 6791.6 3.7933 14.669327 1.263557 15.221405 13.957848 -33.45 7.05 1698.4646 1821.71753 25539.70917 8.9794 11139.0 17.573 20702.0 17.691 "" "" 0.002781637426652373 0.0032739833 0.0038916038 0.007165587 336.36367077796 58.01061805577 1750.01221 -8.338 -4.263 -6.254958332061767 -2.9486666803359984 0.058984485 0.056984484 -1.1899999999999977 30.220001 57.36147314627658 57.37381546934986 3.3628687360936826 3.420072662929168
336.10559248827 57.64657515548 0.0152 0.015 14.5527 "" "" 2007864676519800192 2020.23401 0.4648 0.018 -5.109 -5.054 0.02 0.018 0.995 4756.3 3.0937 14.671093 1.734436 15.507831 13.773395 -35.96 3.56 1950.70032 2089.39697 25498.20678 5.9455 8556.3 9.5257 24536.0 15.434 "" "" 0.002766926405598497 0.0030407426 0.003840595 0.0068813376 336.10559248827 57.64657515548 2020.23401 -5.108999999999996 -5.0539999999999985 -3.0259583320617676 -3.739666680335999 0.058984485 0.056984484 -3.6999999999999957 26.73 46.06552878754661 46.21388257305683 2.6618552292511852 3.408806241097304
335.75560388827 57.95588414389 0.0235 0.0229 17.4426 "" "" 2200039895797958272 1718.92725 0.5516 0.0284 0.394 -3.75 0.033 0.027 1.524 7305.2 3.9087 14.671453 1.183177 15.176693 13.993516 "" "" 1638.83826 1810.71912 25489.74567 5.8815 11608.0 13.745 20033.0 14.902 "" "" 0.0027666859182042458 0.00307211 0.0038647153 0.0069368253 335.75560388827 57.95588414389 1718.92725 0.3940000000000007 -3.7499999999999996 2.4770416679382325 -2.4356666803359985 0.071984485 0.06598449 "" "" 28.304613201798233 "" 1.9558530117763773 ""
336.77458541199 57.72707579461 0.0162 0.0164 18.0427 "" "" 2007880104043168000 2119.11475 0.4493 0.0189 0.394 -1.363 0.023 0.021 0.974 "" "" 14.677355 1.255307 15.222905 13.967598 "" "" 2034.27673 2203.48413 25351.56864 5.2312 11124.0 12.656 20517.0 15.015 "" "" 0.002764413541192283 0.0030513809 0.0038620045 0.0069133854 336.77458541199 57.72707579461 2119.11475 0.3939999999999999 -1.363 2.4770416679382325 -0.048666680335998524 0.061984487 0.059984483 "" "" 24.885704091466632 "" 1.542508703612418 ""
336.79976285036 57.99810379684 0.0158 0.0154 18.2645 "" "" 2007898417783950080 2183.86792 0.4285 0.0194 -3.559 -3.629 0.021 0.019 1.037 5044.8 3.2413 14.679073 1.966378 15.667158 13.70078 -79.11 2.99 2102.34814 2268.16187 25311.47899 6.961 7388.5 13.549 26233.0 18.617 "" "" 0.0027714520898828397 0.003427711 0.0038571276 0.0072848387 336.79976285036 57.99810379684 2183.86792 -3.559 -3.6290000000000013 -1.4759583320617677 -2.3146666803359985 0.059984483 0.057984486 -46.849999999999994 26.16 28.41705322004359 54.79462942397539 1.6643765354169273 22.38373127967292
336.32000234653 57.55796348935 0.0157 0.0157 18.8166 "" "" 2007848836680678272 1887.13733 0.5069 0.0182 -5.076 -2.123 0.022 0.021 1.047 7182.9 3.9464 14.679983 1.142572 15.164475 14.021903 "" "" 1821.83667 1955.06128 25290.28002 5.7459 11739.0 18.371 19516.0 15.121 "" "" 0.002766340356856671 0.0032668156 0.0038718719 0.007138687 336.32000234653 57.55796348935 1887.13733 -5.076 -2.123 -2.992958332061767 -0.8086666803359988 0.060984485 0.059984483 "" "" 27.732108180027456 "" 1.689355986202081 ""
335.78571215074 57.63386570473 0.0157 0.0157 21.2465 "" "" 2200012442366905216 1619.51843 0.591 0.0184 0.043 -2.764 0.021 0.017 1.06 7186.4 3.7966 14.683746 1.089251 15.138401 14.04915 "" "" 1561.31775 1661.23962 25202.75601 5.7141 12024.0 19.072 19033.0 23.443 "" "" 0.00276629463237649 0.0032788499 0.0040090038 0.0072878534 335.78571215074 57.63386570473 1619.51843 0.04299999999999993 -2.7640000000000002 2.1260416679382326 -1.4496666803359983 0.059984483 0.055984486 "" "" 19.753555177830293 "" 1.1604125350132106 ""
336.59595822022 57.96412600086 0.0168 0.0152 11.5515 "" "" 2007898795740555392 1977.38123 0.474 0.0191 -3.277 -2.714 0.021 0.019 0.989 4947.0 3.1545 14.686613 1.83097 15.583837 13.752867 -3.39 2.74 1910.84192 2067.02808 25136.31469 6.1067 7977.8 10.612 25004.0 16.799 "" "" 0.0027679171332203626 0.0031417937 0.0038491338 0.0069909273 336.59595822022 57.96412600086 1977.38123 -3.2770000000000015 -2.714000000000001 -1.1939583320617677 -1.3996666803359985 0.059984483 0.057984486 28.870000000000005 25.91 17.243389438208798 33.62753900180224 1.0145171968131588 22.250400994636486
335.97529593671 58.02823722443 0.0163 0.0152 13.5159 "" "" 2200039071164256128 2407.59351 0.3872 0.019 -4.111 -2.625 0.024 0.018 0.994 8742.8 3.5859 14.690648 1.046866 15.121706 14.07484 "" "" 2308.23901 2545.50464 25043.07656 5.1759 12211.0 14.745 18588.0 18.189 "" "" 0.002764442924459069 0.003082838 0.003925874 0.007008712 335.97529593671 58.02823722443 2407.59351 -4.111000000000002 -2.6249999999999987 -2.0279583320617673 -1.3106666803359985 0.06298448 0.056984484 "" "" 27.555798196967014 "" 1.688557624365758 ""
335.92507682855 58.18869972601 0.0179 0.017 22.1396 "" "" 2200114044115433088 2371.61499 0.3954 0.0214 -1.609 -2.785 0.027 0.02 1.065 8207.9 3.3988 14.694802 1.161155 15.187577 14.026423 "" "" 2268.07104 2486.22583 24947.42935 6.3543 11492.0 18.357 19435.0 14.619 "" "" 0.0027691635345819996 0.0032852595 0.0038666148 0.0071518742 335.92507682855 58.18869972601 2371.61499 -1.609 -2.785 0.47404166793823244 -1.4706666803359987 0.06598449 0.058984485 "" "" 17.370052439718332 "" 1.036615689904801 ""
336.14968524635 57.92091992875 0.0166 0.0155 5.1012 "" "" 2200048313934404096 2307.4873 0.4059 0.0188 -2.095 -1.297 0.024 0.019 1.048 8400.8 4.3459 14.695581 0.695384 14.964485 14.269101 "" "" 2165.14526 2432.34937 24929.53627 5.9871 14113.0 13.476 15542.0 11.663 "" "" 0.0027676308799610264 0.0029765514 0.0038662066 0.006842758 336.14968524635 57.92091992875 2307.4873 -2.095 -1.2970000000000008 -0.011958332061767774 0.017333319664001534 0.06298448 0.057984486 "" "" 0.2303232995369257 "" 0.013737100101256604 ""
335.75730825768 57.61919773272 0.0158 0.0158 22.5137 "" "" 2200012408007166464 1890.55957 0.502 0.0182 -3.259 -0.4 0.021 0.017 1.036 4979.4 3.4035 14.699441 1.612314 15.457826 13.845511 -71.16 4.67 1817.96045 1958.35864 24841.07522 4.8702 8959.6 10.481 22959.0 15.613 "" "" 0.002763530383117616 0.0030656492 0.003850828 0.0069164773 335.75730825768 57.61919773272 1890.55957 -3.2589999999999986 -0.40000000000000024 -1.1759583320617675 0.9143333196640014 0.059984483 0.055984486 -38.89999999999999 27.84 13.348607096080382 41.12657670418882 0.7810206573807262 26.333973638987175
336.57326465306 57.87317616885 0.0151 0.0148 9.3935 "" "" 2007891614555300352 2068.7229 0.4548 0.0175 0.946 0.089 0.021 0.018 1.014 "" "" 14.70191 1.227951 15.230895 14.002944 -5.13 5.76 1996.1897 2147.35767 24784.63923 5.4581 11042.0 13.981 19860.0 13.888 "" "" 0.0027656751730361783 0.0031104514 0.0038548913 0.006965343 336.57326465306 57.87317616885 2068.7229 0.9459999999999996 0.08899999999999982 3.029041667938232 1.4033333196640014 0.059984483 0.056984484 27.130000000000006 28.93 32.73480412506826 42.51592996873744 1.946586931016517 18.521371111113197
336.25688324508 57.81380637972 0.0162 0.0153 3.4915 "" "" 2200043744089291392 2345.08838 0.4023 0.0184 -1.76 -1.764 0.022 0.019 0.958 8512.3 3.698 14.706594 0.891576 15.064486 14.172911 "" "" 2235.1062 2468.48657 24677.96039 5.6463 12871.0 15.31 16982.0 16.718 "" "" 0.0027664959334566743 0.0030745675 0.003927618 0.007002185 336.25688324508 57.81380637972 2345.08838 -1.7599999999999982 -1.763999999999999 0.3230416679382324 -0.44966668033599855 0.060984485 0.057984486 "" "" 6.154496045143329 "" 0.3632558873664033 ""
336.87691353512 57.68652331718 0.022 0.0217 22.0962 "" "" 2007876668069716096 2027.83655 0.4704 0.0254 0.649 -1.411 0.03 0.026 1.397 "" "" 14.707172 1.044891 15.137194 14.092302 "" "" 1928.10352 2117.62256 24664.81332 5.3573 12038.0 18.884 18291.0 18.871 "" "" 0.0027653939133204385 0.003268932 0.00394189 0.007210822 336.87691353512 57.68652331718 2027.83655 0.6489999999999997 -1.4109999999999998 2.7320416679382324 -0.09666668033599857 0.068984486 0.064984486 "" "" 26.276667730457767 "" 1.8125548057720708 ""
335.88834377844 57.81878405512 0.0156 0.0144 12.8566 "" "" 2200023437483365504 2088.8501 0.4495 0.0182 -2.978 -2.884 0.022 0.016 1.001 "" "" 14.721529 0.825659 15.046391 14.220732 "" "" 2028.34595 2168.27979 24340.82056 5.549 13088.0 14.195 16250.0 12.144 "" "" 0.0027664153197778656 0.0030284843 0.0038655 0.006893984 335.88834377844 57.81878405512 2088.8501 -2.9780000000000015 -2.883999999999999 -0.8949583320617678 -1.5696666803359984 0.060984485 0.054984488 "" "" 17.89015764259236 "" 1.011070449121429 ""
