Clusters/NGC_7281/NGC_7281_stars_in_region.tsv
# %ECSV 1.0
# ---
# datatype:
# - name: RA_ICRS_1
#   unit: deg
#   datatype: float64
#   format: '{:15.11f}'
#   description: Right ascension (ICRS) at Ep=2016.0 (ra)
#   meta: !!omap
#   - {ucd: POS_EQ_RA_MAIN}
#   - {width: 15}
#   - {precision: '11'}
# - name: DE_ICRS_1
#   unit: deg
#   datatype: float64
#   format: '{:15.11f}'
#   description: Declination (ICRS) at Ep=2016.0 (dec)
#   meta: !!omap
#   - {ucd: POS_EQ_DEC_MAIN}
#   - {width: 15}
#   - {precision: '11'}
# - name: e_RA_ICRS
#   unit: mas
#   datatype: float64
#   format: '{:7.4f}'
#   description: Standard error of right ascension (ra_error)
#   meta: !!omap
#   - {ucd: ERROR}
#   - {width: 7}
#   - {precision: '4'}
# - name: e_DE_ICRS
#   unit: mas
#   datatype: float64
#   format: '{:7.4f}'
#   description: Standard error of declination (dec_error)
#   meta: !!omap
#   - {ucd: ERROR}
#   - {width: 7}
#   - {precision: '4'}
# - name: _r_1
#   unit: ''
#   datatype: float64
#   format: '{:7.4f}'
#   description: Distance from center (336.27891280000+57.87080454000)[ICRS], at Epoch=J2016.0
#   meta: !!omap
#   - {ucd: POS_ANG_DIST_GENERAL}
#   - {width: 7}
#   - {precision: '4'}
# - name: HIP
#   datatype: int32
#   description: '? HIP cross-id number, van Leeuwen, Cat. I/311 (hip_original_ext_source_id)'
#   meta: !!omap
#   - {ucd: ID_NUMBER}
#   - {width: 6}
#   - values: {'null': -2147483648}
# - name: TYC2
#   datatype: string
#   description: Tycho-2 cross-id name, Hog et al., Cat. I/259 (tyc2_original_ext_source_id)
#   meta: !!omap
#   - {ucd: ID_CROSSID}
#   - {_votable_string_dtype: char}
# - name: Source
#   datatype: int64
#   description: Source identifier, identical to the Gaia-EDR3 source_id (id)
#   meta: !!omap
#   - {ucd: ID_MAIN}
#   - {width: 19}
# - name: rgeo
#   unit: pc
#   datatype: float64
#   format: '{:15.8f}'
#   description: '? Median of the geometric distance posterior (r_med_geo)'
#   meta: !!omap
#   - {ucd: PHYS_DISTANCE_TRUE}
#   - {width: 15}
#   - {precision: '8'}
#   - values: {'null': .nan}
# - name: Plx
#   unit: mas
#   datatype: float64
#   format: '{:9.4f}'
#   description: '? Parallax (parallax)'
#   meta: !!omap
#   - {ucd: POS_PARLX_TRIG}
#   - {width: 9}
#   - {precision: '4'}
#   - values: {'null': .nan}
# - name: e_Plx
#   unit: mas
#   datatype: float32
#   format: '{:7.4f}'
#   description: '? Standard error of parallax (parallax_error)'
#   meta: !!omap
#   - {ucd: ERROR}
#   - {width: 7}
#   - {precision: '4'}
#   - values: {'null': .nan}
# - name: pmRA
#   unit: mas / yr
#   datatype: float64
#   format: '{:9.3f}'
#   description: '? Proper motion in right ascension direction, pmRA*cosDE (pmra)'
#   meta: !!omap
#   - {ucd: POS_EQ_PMRA}
#   - {width: 9}
#   - {precision: '3'}
#   - values: {'null': .nan}
# - name: pmDE
#   unit: mas / yr
#   datatype: float64
#   format: '{:9.3f}'
#   description: '? Proper motion in declination direction (pmdec)'
#   meta: !!omap
#   - {ucd: POS_EQ_PMDEC}
#   - {width: 9}
#   - {precision: '3'}
#   - values: {'null': .nan}
# - name: e_pmRA
#   unit: mas / yr
#   datatype: float32
#   format: '{:6.3f}'
#   description: '? Standard error of proper motion in right ascension direction (pmra_error)'
#   meta: !!omap
#   - {ucd: ERROR}
#   - {width: 6}
#   - {precision: '3'}
#   - values: {'null': .nan}
# - name: e_pmDE
[...]
#         value: !astropy.table.SerializedColumn {name: SkyCoord.dec}
#       distance: !astropy.table.SerializedColumn
#         __class__: astropy.coordinates.distances.Distance
#         unit: !astropy.units.Unit {unit: pc}
#         value: !astropy.table.SerializedColumn {name: SkyCoord.distance}
#       frame: icrs
#       obstime: !astropy.time.Time {format: jyear_str, in_subfmt: '*', jd1: 367701545.0, jd2: 0.0, out_subfmt: '*', precision: 3, scale: tt}
#       pm_dec: !astropy.table.SerializedColumn
#         __class__: astropy.units.quantity.Quantity
#         unit: !astropy.units.Unit {unit: mas / yr}
#         value: !astropy.table.SerializedColumn {name: SkyCoord.pm_dec}
#       pm_ra_cosdec: !astropy.table.SerializedColumn
#         __class__: astropy.units.quantity.Quantity
#         unit: !astropy.units.Unit {unit: mas / yr}
#         value: !astropy.table.SerializedColumn {name: SkyCoord.pm_ra_cosdec}
#       ra: !astropy.table.SerializedColumn
#         __class__: astropy.coordinates.angles.Longitude
#         unit: *id001
#         value: !astropy.table.SerializedColumn {name: SkyCoord.ra}
#         wrap_angle: !astropy.coordinates.Angle
#           unit: *id001
#           value: 360.0
#       representation_type: spherical
# schema: astropy-2.0
RA_ICRS_1 DE_ICRS_1 e_RA_ICRS e_DE_ICRS _r_1 HIP TYC2 Source rgeo Plx e_Plx pmRA pmDE e_pmRA e_pmDE RUWE Teff logg Gmag BP-RP BPmag RPmag RV e_RV b_rgeo B_rgeo FG e_FG FBP e_FBP FRP e_FRP RAVE5 RAVE6 e_Gmag e_BPmag e_RPmag e_BP-RP SkyCoord.ra SkyCoord.dec SkyCoord.distance SkyCoord.pm_ra_cosdec SkyCoord.pm_dec rmRA rmDE e_rmRA e_rmDE rRV e_rRV v_pec v_pec3d e_vpec e_vpec3d
[from data line 117]
336.78893262153 57.80052575793 0.0116 0.0116 16.8274 "" "" 2007881340993687296 1879.89465 0.5078 0.0136 0.381 -0.961 0.015 0.014 1.086 "" "" 13.670793 1.250906 14.216151 12.965245 -42.05 4.83 1834.64575 1934.63135 64066.31343 8.2952 28116.0 22.849 51649.0 16.425 "" "" 0.00275890412145793 0.0029263594 0.003795121 0.0067214807 336.78893262153 57.80052575793 1879.89465 0.381 -0.9609999999999992 2.4640416679382326 0.3533333196640015 0.053984486 0.052984484 -9.789999999999992 28.0 22.180926156198435 24.245362136844395 1.1969830413874312 11.358987792353563
336.33838773874 57.60165058717 0.0117 0.0115 16.2612 "" "" 2007884158492199936 1772.14075 0.5335 0.0136 -8.897 -3.267 0.016 0.014 0.955 "" "" 13.680064 1.754199 14.529401 12.775202 -40.01 1.18 1722.54785 1822.82678 63521.54703 13.38 21070.0 19.428 61529.0 25.648 "" "" 0.0027647950114408565 0.0029643376 0.0038063838 0.0067707216 336.33838773874 57.60165058717 1772.14075 -8.897 -3.2670000000000003 -6.813958332061768 -1.9526666803359984 0.054984488 0.052984484 -7.749999999999993 24.35 59.540716409275866 60.04297969396433 3.2649310440817434 4.512245553081978
336.40318220633 57.63342394091 0.0113 0.0109 14.7881 "" "" 2007884295931155584 2116.28613 0.4424 0.0129 0.628 -4.078 0.015 0.013 1.035 4527.8 2.2451 13.6838 1.908372 14.63346 12.725088 -31.64 0.99 2060.7146 2179.3186 63303.39943 13.145 19144.0 11.953 64435.0 30.453 "" "" 0.002764528692848924 0.0028713418 0.0038140577 0.0066853995 336.40318220633 57.63342394091 2116.28613 0.6279999999999992 -4.077999999999998 2.7110416679382325 -2.763666680335999 0.053984486 0.051984485 0.6200000000000045 24.16 38.834595028462104 38.83954390855605 2.0572509523857736 2.0928314367646728
336.40282833396 57.99135536196 0.0105 0.0099 8.2401 "" "" 2200047381913806336 2107.86475 0.4489 0.0122 -2.076 -1.271 0.014 0.012 0.935 "" "" 13.688545 0.683004 13.947021 13.264016 "" "" 2052.17603 2152.95654 63027.27783 11.469 36025.0 30.615 39224.0 14.898 "" "" 0.002762394497934259 0.002938775 0.0038018136 0.0067405887 336.40282833396 57.99135536196 2107.86475 -2.0759999999999983 -1.271 0.007041667938232354 0.04333331966400156 0.052984484 0.050984487 "" "" 0.43863440464085646 "" 0.022386550306777823 ""
335.78324826639 57.98324888575 0.0113 0.011 17.1726 "" "" 2200039998877167232 2301.33765 0.4031 0.0138 -5.826 -3.275 0.017 0.013 1.015 "" "" 13.710725 1.785875 14.579604 12.793729 -58.98 1.83 2233.73096 2369.71216 61752.82443 12.924 20118.0 16.461 60488.0 27.25 "" "" 0.0027646740459763884 0.002928183 0.003810902 0.0067390846 335.78324826639 57.98324888575 2301.33765 -5.826 -3.275 -3.742958332061767 -1.9606666803359984 0.055984486 0.051984485 -26.71999999999999 25.0 46.092031753686946 53.27695365899673 2.541871506441538 12.72964081728904
336.87378045155 58.06821417615 0.0142 0.0151 22.3301 "" "" 2007900857325356160 1977.45996 0.4805 0.0183 -2.091 -1.352 0.02 0.02 1.379 7308.0 3.814 13.710906 0.74263 13.994411 13.251781 "" "" 1916.46545 2058.77051 61742.52909 13.831 34487.0 28.021 39668.0 22.575 "" "" 0.00276603394604548 0.002926307 0.0038295584 0.006755865 336.87378045155 58.06821417615 1977.45996 -2.091 -1.3520000000000003 -0.00795833206176777 -0.037666680335998626 0.058984485 0.058984485 "" "" 0.3608500950887897 "" 0.021284556849080767 ""
335.92234608773 57.7130701954 0.011 0.011 14.8187 "" "" 2200018901997714432 1995.84729 0.4682 0.0129 -2.898 -2.289 0.015 0.013 0.962 "" "" 13.711139 2.058708 14.762306 12.703598 -42.78 1.2 1948.573 2046.78357 61729.28344 12.376 17002.0 22.879 65723.0 25.912 "" "" 0.0027639053640658075 0.003149552 0.0038035463 0.0069530983 335.92234608773 57.7130701954 1995.84729 -2.8980000000000024 -2.289 -0.8149583320617677 -0.9746666803359987 0.053984486 0.051984485 -10.519999999999996 24.37 12.019190088111381 15.972831006873978 0.6348125605238488 16.05763695264001
336.2045193038 57.92631090298 0.0114 0.0108 4.0888 "" "" 2200048245214937728 2298.03955 0.4093 0.0134 -2.172 -1.11 0.016 0.013 1.016 11300.2 3.8916 13.724358 0.746583 14.011468 13.264885 "" "" 2236.23535 2364.16699 60982.29421 14.267 33949.0 20.849 39193.0 19.114 "" "" 0.0027670040111264374 0.0028687355 0.0038162938 0.0066850292 336.2045193038 57.92631090298 2298.03955 -2.1719999999999997 -1.1099999999999999 -0.08895833206176773 0.20433331966400137 0.054984488 0.051984485 "" "" 2.427527054546519 "" 0.12738201841500701 ""
336.27503297605 57.8076601219 0.0206 0.0193 3.7907 "" "" 2007890137086478720 1835.97424 0.5246 0.023 -3.437 -4.573 0.028 0.024 1.629 "" "" 13.733938 1.138108 13.775601 12.637493 -26.03 5.6 1751.41772 1914.9834 60446.54693 34.245 42187.0 641.93 69849.0 1088.5 "" "" 0.0028231444886414026 0.016754841 0.017336663 0.034091502 336.27503297605 57.8076601219 1835.97424 -3.437 -4.573 -1.3539583320617674 -3.258666680335999 0.06698449 0.06298448 6.230000000000004 28.77 30.70905335689165 31.33462714117432 1.9527629204559964 6.031753654835666
336.3103928188 57.78672780899 0.011 0.0108 5.1439 "" "" 2007889896568340096 1845.24878 0.514 0.013 -2.235 -1.687 0.015 0.013 0.919 "" "" 13.735094 0.590116 13.953229 13.363113 "" "" 1799.88086 1895.16211 60382.24658 14.738 35820.0 22.726 35802.0 16.652 "" "" 0.0027680348438590308 0.0028739444 0.0038129704 0.0066869147 336.3103928188 57.78672780899 1845.24878 -2.2350000000000003 -1.686999999999999 -0.15195833206176745 -0.3726666803359986 0.053984486 0.051984485 "" "" 3.520083443072602 "" 0.18400986343999107 ""
336.51349058948 57.61290709196 0.0123 0.0117 17.2009 "" "" 2007872643670126976 2206.16064 0.4281 0.014 -3.531 -2.809 0.016 0.014 1.116 "" "" 13.740847 0.677936 13.99705 13.319115 "" "" 2152.68359 2280.01709 60063.12332 12.342 34403.0 21.114 37283.0 20.21 "" "" 0.002764337815532686 0.0028686342 0.003824933 0.006693567 336.51349058948 57.61290709196 2206.16064 -3.5309999999999997 -2.8089999999999997 -1.4479583320617677 -1.4946666803359987 0.054984488 0.052984484 "" "" 21.76156386204424 "" 1.1742976121416975 ""
336.08194268592 57.89333820703 0.0111 0.0107 6.4271 "" "" 2200024777513171968 2269.34302 0.4103 0.0134 -5.248 -4.775 0.015 0.013 0.987 5130.6 2.8784 13.744838 1.71852 14.570856 12.852336 -41.98 1.4 2205.42236 2333.70679 59842.77754 10.37 20280.0 16.645 57309.0 25.001 "" "" 0.0027617363598826175 0.00292902 0.0038089463 0.006737966 336.08194268592 57.89333820703 2269.34302 -5.248 -4.775 -3.164958332061768 -3.460666680335999 0.053984486 0.051984485 -9.719999999999992 24.57 50.445502664965524 51.37340887191586 2.668808098780229 5.336490230787367
335.72143459281 57.97027971424 0.0113 0.0112 18.7402 "" "" 2200040067596635136 2185.45483 0.4289 0.0145 -3.348 -2.01 0.017 0.014 0.991 "" "" 13.75446 0.823512 14.076411 13.252899 "" "" 2127.16455 2244.57983 59314.75952 23.688 31978.0 43.389 39628.0 45.567 "" "" 0.0027892290909563395 0.0031551982 0.003980247 0.0071354453 335.72143459281 57.97027971424 2185.45483 -3.3480000000000003 -2.0100000000000002 -1.2649583320617674 -0.6956666803359983 0.055984486 0.052984484 "" "" 14.954658696591395 "" 0.827027781459857 ""
336.30972758903 57.55273803307 0.0114 0.0116 19.1095 "" "" 2007848836680678144 1839.63684 0.5194 0.0133 -2.584 -0.28 0.015 0.014 0.915 "" "" 13.767608 1.174128 14.269074 13.094946 -39.18 4.42 1792.98621 1890.35425 58600.79623 10.006 26779.0 25.7 45833.0 24.266 "" "" 0.002761549937623085 0.002978387 0.0038228475 0.0068012346 336.30972758903 57.55273803307 1839.63684 -2.5840000000000014 -0.28000000000000014 -0.5009583320617677 1.0343333196640014 0.053984486 0.052984484 -6.919999999999995 27.59 10.021430918349976 12.17848420991959 0.532898967940218 15.6831895484279
336.62959285244 57.78611545329 0.0112 0.011 12.3018 "" "" 2007887285228363648 2109.86108 0.4474 0.0132 -3.085 -2.423 0.017 0.014 1.011 "" "" 13.779302 0.684724 14.033987 13.349263 "" "" 2059.6333 2169.75049 57973.02161 14.911 33252.0 24.302 36262.0 45.201 "" "" 0.00276943572825872 0.0029008093 0.0040143956 0.006915205 336.62959285244 57.78611545329 2109.86108 -3.085 -2.423 -1.0019583320617675 -1.1086666803359986 0.055984486 0.052984484 "" "" 14.944542452911966 "" 0.8122910174350279 ""
336.16395816082 57.89474076089 0.0119 0.011 3.9382 "" "" 2200048039056513152 2215.16333 0.4228 0.0142 -2.02 -1.257 0.017 0.013 0.998 "" "" 13.782144 0.626263 14.017292 13.391029 "" "" 2157.41748 2288.71899 57821.51799 14.819 33768.0 27.031 34894.0 19.398 "" "" 0.0027693354956139574 0.0029224001 0.0038272743 0.0067496747 336.16395816082 57.89474076089 2215.16333 -2.02 -1.2570000000000001 0.0630416679382324 0.05733331966400157 0.055984486 0.051984485 "" "" 0.8947323138320136 "" 0.04850372579971555 ""
336.86830163198 57.74269552574 0.0116 0.0115 20.3483 "" "" 2007880000963984896 1622.38599 0.5853 0.0134 -1.027 -1.645 0.015 0.014 0.984 "" "" 13.789004 0.900221 14.149048 13.248827 "" "" 1579.66125 1656.8291 57457.267 9.6656 29909.0 21.01 39777.0 24.874 "" "" 0.0027613671715903112 0.0028925326 0.003839883 0.0067324154 336.86830163198 57.74269552574 1622.38599 -1.027 -1.6450000000000002 1.0560416679382325 -0.33066668033599855 0.053984486 0.052984484 "" "" 8.50987839508611 "" 0.4586479849171899 ""
335.75864838625 58.17588496163 0.0172 0.017 24.6645 "" "" 2200091332328028928 1995.41443 0.4735 0.0209 0.871 -1.706 0.024 0.023 1.43 "" "" 13.798679 0.900115 14.158685 13.25857 "" "" 1905.32007 2085.14331 56947.56866 11.434 29644.0 25.425 39421.0 27.94 "" "" 0.0027639304252773363 0.0029414627 0.0038569283 0.006798391 335.75864838625 58.17588496163 1995.41443 0.871 -1.706 2.9540416679382324 -0.3916666803359985 0.06298448 0.061984487 "" "" 28.18462011435713 "" 1.7747105803136092 ""
336.92230690433 58.03491919418 0.0116 0.0119 22.7275 "" "" 2007899792173729536 2058.50586 0.4534 0.0146 -2.476 -0.892 0.017 0.015 1.044 4517.2 2.3686 13.805653 2.159895 14.928607 12.768712 -35.87 0.93 1990.15491 2124.21411 56582.95607 14.847 14587.0 18.068 61898.0 30.753 "" "" 0.002770009346367862 0.0030973577 0.003817684 0.0069150417 336.92230690433 58.03491919418 2058.50586 -2.476 -0.892 -0.39295833206176756 0.42233331966400145 0.055984486 0.053984486 -3.6099999999999923 24.1 5.6287266276681915 6.6869023807007135 0.3091385404181605 13.013260192768602
336.73999762296 57.93379314974 0.0116 0.0115 15.1783 "" "" 2007897593150247552 2095.7605 0.4461 0.0144 2.126 -3.485 0.016 0.014 1.01 "" "" 13.820429 2.050552 14.867223 12.81667 -53.03 0.92 2026.16174 2158.0874 55818.13446 12.963 15436.0 15.587 59223.0 28.525 "" "" 0.0027668335188349874 0.0029978405 0.0038153902 0.006813231 336.73999762296 57.93379314974 2095.7605 2.126 -3.485 4.209041667938232 -2.1706666803359984 0.054984488 0.052984484 -20.769999999999996 24.09 47.04501133877644 51.42592723389247 2.5672648628852883 10.008955873417808
335.95554443762 57.72303688046 0.0111 0.0106 13.6205 "" "" 2200019005076934784 2030.12927 0.4666 0.0128 -3.016 -2.573 0.015 0.012 0.978 9001.5 3.791 13.823379 0.757621 14.118549 13.360929 "" "" 1985.04688 2079.89868 55666.63268 10.349 30761.0 18.989 35875.0 16.934 "" "" 0.0027627038630330084 0.0028695401 0.0038139718 0.0066835117 335.95554443762 57.72303688046 2030.12927 -3.0160000000000005 -2.573 -0.9329583320617676 -1.2586666803359985 0.053984486 0.050984487 "" "" 15.07638063158404 "" 0.7849978708297743 ""
336.25861199697 58.11308596956 0.0126 0.0107 14.5512 "" "" 2200063741456869376 2399.29395 0.3885 0.0144 -2.08 -1.351 0.017 0.013 1.049 10236.1 3.6691 13.841761 0.841542 14.171544 13.330002 "" "" 2322.96289 2465.80591 54732.16644 10.516 29295.0 18.006 36911.0 14.226 "" "" 0.0027632059206493136 0.002868866 0.0038024774 0.0066713435 336.25861199697 58.11308596956 2399.29395 -2.08 -1.351 0.003041667938232351 -0.036666680335998514 0.055984486 0.051984485 "" "" 0.4184297591260664 "" 0.0217637313958744 ""
336.23610793085 57.8914777631 0.013 0.0116 1.8448 "" "" 2200044946680586624 1890.63062 0.5033 0.0149 -0.191 -1.321 0.02 0.014 1.04 9200.9 4.1185 13.857697 0.855872 14.199071 13.343199 "" "" 1842.78943 1941.57727 53934.67251 9.1566 28562.0 18.863 36465.0 20.998 "" "" 0.0027614789672287866 0.0028808336 0.003830746 0.00671158 336.23610793085 57.8914777631 1890.63062 -0.19100000000000045 -1.3209999999999993 1.8920416679382324 -0.006666680335998487 0.058984485 0.052984484 "" "" 16.95580531643502 "" 1.0001282374557654 ""
336.05501375149 57.51580639914 0.0122 0.0119 22.4774 "" "" 2007859453839617280 2006.11975 0.469 0.0138 -1.073 -2.409 0.015 0.013 0.963 "" "" 13.878603 0.905019 14.243208 13.338189 "" "" 1950.53516 2050.78345 52906.08197 9.0672 27424.0 18.788 36634.0 19.393 "" "" 0.002761596263634926 0.002887617 0.0038228359 0.006710453 336.05501375149 57.51580639914 2006.11975 -1.0730000000000008 -2.409 1.0100416679382325 -1.0946666803359983 0.053984486 0.051984485 "" "" 14.163248880567988 "" 0.7494283376010227 ""
336.59088772828 58.25852737525 0.011 0.0107 25.2828 "" "" 2200070750843852800 2350.09204 0.3938 0.0132 0.889 -1.067 0.015 0.014 1.012 "" "" 13.897448 1.914098 14.849597 12.935499 -13.46 1.23 2291.68872 2422.40186 51995.72004 10.771 15688.0 14.255 53083.0 23.04 "" "" 0.0027644845509700922 0.002959451 0.0038086486 0.0067680995 336.59088772828 58.25852737525 2350.09204 0.8889999999999998 -1.067 2.9720416679382327 0.24733331966400152 0.053984486 0.052984484 18.800000000000004 24.4 33.221312897969455 38.171922019526235 1.7932090941484595 12.118124350629852
335.5149684835 57.90127620642 0.0124 0.0123 24.4354 "" "" 2200034295160339200 1938.62183 0.4884 0.0148 0.366 -2.085 0.018 0.015 0.971 "" "" 13.898376 1.068168 14.343715 13.275547 "" "" 1885.74622 1998.92358 51951.3201 8.7332 24999.0 22.182 38810.0 21.364 "" "" 0.0027613586366539433 0.0029518078 0.003826348 0.006778156 335.5149684835 57.90127620642 1938.62183 0.36600000000000016 -2.0849999999999986 2.4490416679382325 -0.7706666803359985 0.056984484 0.053984486 "" "" 23.59235088836955 "" 1.3381742666179368 ""
336.30210221416 58.13920223582 0.0125 0.0117 16.1207 "" "" 2200063878896154112 2043.73242 0.4589 0.0154 -7.103 -4.373 0.017 0.013 1.065 4901.5 2.8191 13.912951 1.845772 14.821182 12.97541 -83.59 1.89 1982.51257 2101.60767 51258.59274 10.977 16104.0 16.42 51167.0 17.934 "" "" 0.002765113057423378 0.0030017642 0.0037984925 0.0068002567 336.30210221416 58.13920223582 2043.73242 -7.103 -4.373 -5.019958332061767 -3.0586666803359988 0.055984486 0.051984485 -51.33 25.06 56.94564101438855 76.66534373848206 3.1280410799336393 16.93861350446968
336.92338666204 58.08669739105 0.0111 0.0123 24.2523 "" "" 2007901269642221312 1949.12732 0.4847 0.0147 -3.188 -3.086 0.016 0.015 1.001 "" "" 13.92117 0.823767 14.244846 13.42108 "" "" 1899.67236 2006.74731 50871.98862 9.9956 27383.0 21.225 33941.0 20.227 "" "" 0.002763566467095822 0.002914325 0.0038343691 0.006748694 336.92338666204 58.08669739105 1949.12732 -3.1880000000000006 -3.0860000000000003 -1.1049583320617677 -1.7716666803359984 0.054984488 0.053984486 "" "" 19.290728711115374 "" 1.0468382332387698 ""
336.64183263832 58.12233136637 0.0122 0.0111 18.9982 "" "" 2200054395608497920 1778.95789 0.5286 0.0147 -0.202 -1.697 0.017 0.014 1.004 5315.0 2.9833 13.92606 1.721317 14.753745 13.032428 -48.65 1.65 1727.60181 1836.98877 50643.40473 10.963 17136.0 14.075 48550.0 21.05 "" "" 0.0027653264577998916 0.0029292218 0.0038085862 0.0067378078 336.64183263832 58.12233136637 1778.95789 -0.20200000000000007 -1.6970000000000005 1.8810416679382325 -0.3826666803359986 0.055984486 0.052984484 -16.389999999999993 24.82 16.186319715796614 23.035386819890523 0.9043027841815594 17.67120521249104
