Clusters/NGC_7281/NGC_7281_stars_in_region.tsv
# %ECSV 1.0
# ---
# datatype:
# - name: RA_ICRS_1
#   unit: deg
#   datatype: float64
#   format: '{:15.11f}'
#   description: Right ascension (ICRS) at Ep=2016.0 (ra)
#   meta: !!omap
#   - {ucd: POS_EQ_RA_MAIN}
#   - {width: 15}
#   - {precision: '11'}
# - name: DE_ICRS_1
#   unit: deg
#   datatype: float64
#   format: '{:15.11f}'
#   description: Declination (ICRS) at Ep=2016.0 (dec)
#   meta: !!omap
#   - {ucd: POS_EQ_DEC_MAIN}
#   - {width: 15}
#   - {precision: '11'}
# - name: e_RA_ICRS
#   unit: mas
#   datatype: float64
#   format: '{:7.4f}'
#   description: Standard error of right ascension (ra_error)
#   meta: !!omap
#   - {ucd: ERROR}
#   - {width: 7}
#   - {precision: '4'}
# - name: e_DE_ICRS
#   unit: mas
#   datatype: float64
#   format: '{:7.4f}'
#   description: Standard error of declination (dec_error)
#   meta: !!omap
#   - {ucd: ERROR}
#   - {width: 7}
#   - {precision: '4'}
# - name: _r_1
#   unit: ''
#   datatype: float64
#   format: '{:7.4f}'
#   description: Distance from center (336.27891280000+57.87080454000)[ICRS], at Epoch=J2016.0
#   meta: !!omap
#   - {ucd: POS_ANG_DIST_GENERAL}
#   - {width: 7}
#   - {precision: '4'}
# - name: HIP
#   datatype: int32
#   description: '? HIP cross-id number, van Leeuwen, Cat. I/311 (hip_original_ext_source_id)'
#   meta: !!omap
#   - {ucd: ID_NUMBER}
#   - {width: 6}
#   - values: {'null': -2147483648}
# - name: TYC2
#   datatype: string
#   description: Tycho-2 cross-id name, Hog et al., Cat. I/259 (tyc2_original_ext_source_id)
#   meta: !!omap
#   - {ucd: ID_CROSSID}
#   - {_votable_string_dtype: char}
# - name: Source
#   datatype: int64
#   description: Source identifier, identical to the Gaia-EDR3 source_id (id)
#   meta: !!omap
#   - {ucd: ID_MAIN}
#   - {width: 19}
# - name: rgeo
#   unit: pc
#   datatype: float64
#   format: '{:15.8f}'
#   description: '? Median of the geometric distance posterior (r_med_geo)'
#   meta: !!omap
#   - {ucd: PHYS_DISTANCE_TRUE}
#   - {width: 15}
#   - {precision: '8'}
#   - values: {'null': .nan}
# - name: Plx
#   unit: mas
#   datatype: float64
#   format: '{:9.4f}'
#   description: '? Parallax (parallax)'
#   meta: !!omap
#   - {ucd: POS_PARLX_TRIG}
#   - {width: 9}
#   - {precision: '4'}
#   - values: {'null': .nan}
# - name: e_Plx
#   unit: mas
#   datatype: float32
#   format: '{:7.4f}'
#   description: '? Standard error of parallax (parallax_error)'
#   meta: !!omap
#   - {ucd: ERROR}
#   - {width: 7}
#   - {precision: '4'}
#   - values: {'null': .nan}
# - name: pmRA
#   unit: mas / yr
#   datatype: float64
#   format: '{:9.3f}'
#   description: '? Proper motion in right ascension direction, pmRA*cosDE (pmra)'
#   meta: !!omap
#   - {ucd: POS_EQ_PMRA}
#   - {width: 9}
#   - {precision: '3'}
#   - values: {'null': .nan}
# - name: pmDE
#   unit: mas / yr
#   datatype: float64
#   format: '{:9.3f}'
#   description: '? Proper motion in declination direction (pmdec)'
#   meta: !!omap
#   - {ucd: POS_EQ_PMDEC}
#   - {width: 9}
#   - {precision: '3'}
#   - values: {'null': .nan}
# - name: e_pmRA
#   unit: mas / yr
#   datatype: float32
#   format: '{:6.3f}'
#   description: '? Standard error of proper motion in right ascension direction (pmra_error)'
#   meta: !!omap
#   - {ucd: ERROR}
#   - {width: 6}
#   - {precision: '3'}
#   - values: {'null': .nan}
# - name: e_pmDE
[...]
#         value: !astropy.table.SerializedColumn {name: SkyCoord.dec}
#       distance: !astropy.table.SerializedColumn
#         __class__: astropy.coordinates.distances.Distance
#         unit: !astropy.units.Unit {unit: pc}
#         value: !astropy.table.SerializedColumn {name: SkyCoord.distance}
#       frame: icrs
#       obstime: !astropy.time.Time {format: jyear_str, in_subfmt: '*', jd1: 367701545.0, jd2: 0.0, out_subfmt: '*', precision: 3, scale: tt}
#       pm_dec: !astropy.table.SerializedColumn
#         __class__: astropy.units.quantity.Quantity
#         unit: !astropy.units.Unit {unit: mas / yr}
#         value: !astropy.table.SerializedColumn {name: SkyCoord.pm_dec}
#       pm_ra_cosdec: !astropy.table.SerializedColumn
#         __class__: astropy.units.quantity.Quantity
#         unit: !astropy.units.Unit {unit: mas / yr}
#         value: !astropy.table.SerializedColumn {name: SkyCoord.pm_ra_cosdec}
#       ra: !astropy.table.SerializedColumn
#         __class__: astropy.coordinates.angles.Longitude
#         unit: *id001
#         value: !astropy.table.SerializedColumn {name: SkyCoord.ra}
#         wrap_angle: !astropy.coordinates.Angle
#           unit: *id001
#           value: 360.0
#       representation_type: spherical
# schema: astropy-2.0
RA_ICRS_1 DE_ICRS_1 e_RA_ICRS e_DE_ICRS _r_1 HIP TYC2 Source rgeo Plx e_Plx pmRA pmDE e_pmRA e_pmDE RUWE Teff logg Gmag BP-RP BPmag RPmag RV e_RV b_rgeo B_rgeo FG e_FG FBP e_FBP FRP e_FRP RAVE5 RAVE6 e_Gmag e_BPmag e_RPmag e_BP-RP SkyCoord.ra SkyCoord.dec SkyCoord.distance SkyCoord.pm_ra_cosdec SkyCoord.pm_dec rmRA rmDE e_rmRA e_rmDE rRV e_rRV v_pec v_pec3d e_vpec e_vpec3d
[from data line 515]
336.94611144203 57.8169861461 0.0243 0.0243 21.5493 "" "" 2007880825598020736 2152.02637 0.4423 0.029 -3.766 -3.296 0.032 0.029 1.062 6611.9 4.0283 15.590426 1.313624 16.169056 14.855432 "" "" 2022.52588 2297.16162 10933.92229 3.3365 4653.7 9.4946 9057.0 10.363 "" "" 0.002775168137825813 0.0035625729 0.00397832 0.007540893 336.94611144203 57.8169861461 2152.02637 -3.7660000000000022 -3.2959999999999994 -1.6829583320617676 -1.9816666803359984 0.07098448 0.067984484 "" "" 26.520300976009494 "" 1.8367266465307748 ""
336.35263526487 57.48179099768 0.024 0.0221 23.4603 "" "" 2007847359211806848 2185.89209 0.441 0.0276 -0.856 -2.748 0.033 0.028 0.969 6653.8 4.0794 15.591893 1.291788 16.159899 14.868111 "" "" 2057.79346 2339.62744 10919.16222 3.6117 4693.1 11.168 8951.9 11.032 "" "" 0.0027786256991250754 0.0038026946 0.004009243 0.0078119375 336.35263526487 57.48179099768 2185.89209 -0.8559999999999989 -2.748 1.2270416679382325 -1.4336666803359988 0.071984485 0.06698449 "" "" 19.5521698850436 "" 1.3518890125970435 ""
336.92056860023 58.01797293242 0.0241 0.0243 22.2594 "" "" 2007899723454030464 1924.69153 0.4928 0.0296 -2.093 -1.229 0.034 0.031 1.071 7196.1 3.857 15.592327 1.080542 16.041317 14.960775 "" "" 1816.88416 2037.74683 10914.80736 3.702 5234.7 11.261 8219.6 13.627 "" "" 0.0027798198953625083 0.0036387292 0.0041861376 0.007824867 336.92056860023 58.01797293242 1924.69153 -2.0930000000000004 -1.229 -0.00995833206176755 0.08533331966400137 0.07298449 0.06998448 "" "" 0.7837822549657101 "" 0.05488485389251233 ""
335.53802717575 57.91595265933 0.0234 0.0238 23.7813 "" "" 2200034466959030272 1847.72351 0.5236 0.0291 -2.654 -1.802 0.034 0.03 1.037 6879.5 4.069 15.592388 1.452985 16.237368 14.784383 "" "" 1746.38708 1972.29895 10914.18937 4.1444 4369.9 10.063 9669.5 12.812 "" "" 0.002785994603523 0.0037464926 0.0040439176 0.00779041 335.53802717575 57.91595265933 1847.72351 -2.654 -1.802 -0.5709583320617675 -0.4876666803359986 0.07298449 0.068984486 "" "" 6.57631434358735 "" 0.46905316699290156 ""
336.70342137799 57.57354381273 0.0237 0.023 22.4303 "" "" 2007869246365963392 2287.8396 0.4183 0.0278 -4.649 -3.295 0.031 0.027 0.865 6536.1 4.0361 15.592481 1.373786 16.202728 14.828942 "" "" 2136.99463 2455.31372 10913.25795 3.666 4511.5 9.5922 9280.7 12.984 "" "" 0.0027793545581946237 0.0036213282 0.0040732087 0.007694537 336.70342137799 57.57354381273 2287.8396 -4.649 -3.2950000000000017 -2.5659583320617676 -1.9806666803359985 0.06998448 0.06598449 "" "" 35.15175848304613 "" 2.4085399851799396 ""
335.91570118469 57.51878092391 0.0237 0.0231 24.1196 "" "" 2007862202618648576 2097.9104 0.461 0.027 -1.612 -3.379 0.031 0.028 0.976 6529.4 3.9026 15.595161 1.359532 16.19962 14.840087 "" "" 1988.7124 2231.88989 10886.34235 3.1908 4524.5 6.8611 9185.9 11.446 "" "" 0.0027736366198790378 0.0032397273 0.004014223 0.0072539505 335.91570118469 57.51878092391 2097.9104 -1.6120000000000017 -3.3790000000000027 0.4710416679382323 -2.0646666803359985 0.06998448 0.06698449 "" "" 21.058787785535568 "" 1.4138041489827244 ""
335.75216276382 57.72430691645 0.0229 0.0228 18.9983 "" "" 2200021891294897792 2221.11597 0.4282 0.0269 -2.265 -1.121 0.03 0.026 1.009 7182.0 3.5134 15.595685 1.265642 16.145947 14.880304 "" "" 2093.08032 2353.05103 10881.09817 3.2677 4753.8 9.316 8851.9 10.612 "" "" 0.002774545489360189 0.0035088756 0.0039972425 0.007506118 335.75216276382 57.72430691645 2221.11597 -2.2650000000000006 -1.121 -0.1819583320617677 0.19333331966400147 0.068984486 0.064984486 "" "" 2.795135586359163 "" 0.18697543407816639 ""
335.67534701694 57.95201777721 0.0219 0.0244 19.8454 "" "" 2200039655279771392 1754.01074 0.5453 0.0293 -3.455 -4.665 0.033 0.03 0.978 6741.0 4.1529 15.596739 1.377264 16.21126 14.833996 "" "" 1671.38745 1846.5376 10870.54523 3.6212 4476.2 12.294 9237.6 11.114 "" "" 0.002778957075273297 0.0040837955 0.003998761 0.008082557 335.67534701694 57.95201777721 1754.01074 -3.455 -4.665 -1.3719583320617676 -3.3506666803359986 0.071984485 0.068984486 "" "" 30.102273361222974 "" 2.0897963706661993 ""
336.11793036013 57.5562759581 0.0231 0.0215 19.5643 "" "" 2007861068747316480 2106.00513 0.4486 0.0262 -0.116 -2.098 0.03 0.026 0.96 5939.2 3.6146 15.604547 1.47473 16.276686 14.801955 "" "" 2003.00256 2216.9353 10792.64772 3.2001 4214.5 7.9453 9514.3 11.111 "" "" 0.0027740633662024622 0.0034604468 0.003986404 0.0074468507 336.11793036013 57.5562759581 2106.00513 -0.11599999999999999 -2.098 1.9670416679382323 -0.7836666803359984 0.068984486 0.064984486 "" "" 21.136878498211033 "" 1.446827459987515 ""
335.7412535772 57.61403216226 0.0232 0.0224 23.1041 "" "" 2200012300630426496 2006.54358 0.474 0.0262 -5.482 -5.507 0.031 0.025 1.03 4853.8 3.4591 15.608778 1.70403 16.425755 14.721725 "" "" 1917.37671 2099.57275 10750.67305 3.2459 3673.8 9.7548 10244.0 10.37 "" "" 0.0027747521654028526 0.0040119905 0.003935953 0.007947944 335.7412535772 57.61403216226 2006.54358 -5.482 -5.507000000000003 -3.398958332061768 -4.192666680335998 0.06998448 0.06398448 "" "" 51.33427172255287 "" 3.4100759771533045 ""
336.15598680489 57.9605968465 0.0221 0.0213 6.6613 "" "" 2200049241647322112 2259.26074 0.4191 0.0259 -2.128 -1.244 0.031 0.027 0.993 7193.8 3.872 15.609081 1.077453 16.061369 14.983916 "" "" 2134.15869 2380.22192 10747.66812 3.1272 5138.9 11.227 8046.2 9.1179 "" "" 0.0027733715220220976 0.0036621734 0.003974605 0.007636778 336.15598680489 57.9605968465 2259.26074 -2.128 -1.2440000000000002 -0.04495833206176769 0.07033331966400147 0.06998448 0.06598449 "" "" 0.8939219974433579 "" 0.060044130397354574 ""
336.70539249389 58.09175915514 0.0266 0.0265 18.9689 "" "" 2200054189450107904 1630.75037 0.5985 0.0332 -1.024 0.815 0.038 0.033 1.182 5364.8 4.1724 15.6112 1.458761 16.26676 14.807999 "" "" 1543.81396 1749.23254 10726.71216 3.9298 4253.2 10.084 9461.5 9.2829 "" "" 0.0027838835353712005 0.0037962513 0.0039266353 0.0077228863 336.70539249389 58.09175915514 1630.75037 -1.024 0.815 1.0590416679382324 2.1293333196640014 0.07698448 0.071984485 "" "" 18.382573383696815 "" 1.3419878210671983 ""
336.16468977317 57.79072789236 0.0264 0.0263 6.0331 "" "" 2200020173308323840 1952.63782 0.4847 0.0308 -3.748 -4.603 0.037 0.033 1.211 6692.4 3.7976 15.617257 1.223762 16.142855 14.919093 "" "" 1840.76233 2090.3645 10667.03508 3.2287 4767.3 17.068 8541.2 13.066 "" "" 0.00277484911452653 0.0047848932 0.004128241 0.008913134 336.16468977317 57.79072789236 1952.63782 -3.748 -4.603 -1.6649583320617678 -3.2886666803359983 0.075984485 0.071984485 "" "" 34.11681300180939 "" 2.4843318342902525 ""
335.77795135876 57.98878372866 0.026 0.0251 17.4588 "" "" 2200040205035593984 1849.24292 0.508 0.0307 -1.354 -0.95 0.039 0.031 1.12 6671.3 4.216 15.618445 1.283565 16.181282 14.897716 "" "" 1733.14221 1981.9342 10655.37159 3.3556 4601.5 10.764 8711.1 11.338 "" "" 0.0027764544746683496 0.0037730099 0.004034937 0.0078079468 335.77795135876 57.98878372866 1849.24292 -1.3539999999999999 -0.9499999999999998 0.7290416679382323 0.3643333196640015 0.07798448 0.06998448 "" "" 7.143893790956623 "" 0.5461703694181336 ""
335.78659737903 57.66933730839 0.0242 0.023 19.8569 "" "" 2200018592760050048 2048.03955 0.4551 0.0271 -1.809 -2.529 0.031 0.025 1.012 6879.2 4.1302 15.620062 1.24575 16.160908 14.915157 "" "" 1940.94739 2175.18311 10639.51788 3.0931 4688.7 12.402 8572.3 11.913 "" "" 0.002773340943140175 0.004004078 0.0040694443 0.008073522 335.78659737903 57.66933730839 2048.03955 -1.8089999999999997 -2.529 0.2740416679382325 -1.2146666803359984 0.06998448 0.06398448 "" "" 12.088002021840902 "" 0.7771134481301943 ""
336.43616468112 57.89330735548 0.0242 0.0221 5.1948 "" "" 2007892233030518272 1735.3457 0.5544 0.0266 1.058 0.341 0.034 0.028 0.985 6672.2 4.2299 15.621091 1.167484 16.117146 14.949661 "" "" 1664.38794 1805.66833 10629.44463 3.328 4881.6 14.888 8304.1 16.287 "" "" 0.0027762106952665382 0.0043300986 0.0043380177 0.008668116 336.43616468112 57.89330735548 1735.3457 1.0579999999999996 0.34099999999999997 3.1410416679382323 1.6553333196640014 0.07298449 0.06698449 "" "" 29.20503075489226 "" 2.0946729865002798 ""
336.75554266172 57.88370161307 0.0232 0.0232 15.2261 "" "" 2007894294614962432 1616.00708 0.5948 0.0275 -0.971 -5.11 0.031 0.029 1.052 6668.3 4.2423 15.621612 1.294184 16.18816 14.893976 "" "" 1551.7323 1687.60461 10624.3447 3.3615 4572.5 14.187 8741.1 12.415 "" "" 0.002776652148293668 0.004374143 0.0040818765 0.00845602 336.75554266172 57.88370161307 1616.00708 -0.9710000000000001 -5.11 1.1120416679382323 -3.795666680335999 0.06998448 0.067984484 "" "" 30.29644343279401 "" 2.0645426732290084 ""
336.36079733547 57.86260353425 0.0242 0.0219 2.6591 "" "" 2200044293845108352 1768.36511 0.5408 0.0271 -4.283 -2.239 0.035 0.029 1.037 6432.6 4.2079 15.621904 1.157269 16.114035 14.956765 "" "" 1691.50183 1853.30139 10621.47977 3.5499 4895.6 11.22 8250.0 8.7838 "" "" 0.0027791125674181453 0.0037385728 0.0039522187 0.0076907915 336.36079733547 57.86260353425 1768.36511 -4.2829999999999995 -2.238999999999997 -2.199958332061768 -0.9246666803359984 0.07398449 0.067984484 "" "" 20.002785408426476 "" 1.4625052714016553 ""
336.58407865252 58.08042005567 0.0231 0.0224 15.8887 "" "" 2200053983291750528 1977.22961 0.4959 0.028 -3.169 -3.018 0.032 0.027 1.014 "" "" 15.62626 "" 15.981747 "" "" "" 1853.71619 2094.91064 10578.95971 4.7655 5529.9 181.49 "" "" "" "" 0.0027983923171347102 0.035742674 "" "" 336.58407865252 58.08042005567 1977.22961 -3.1689999999999996 -3.018 -1.0859583320617676 -1.7036666803359983 0.07098448 0.06598449 "" "" 18.934792269485488 "" 1.2774765795003127 ""
335.81150606592 57.67360554706 0.0234 0.0229 19.07 "" "" 2200018420961363840 2283.14355 0.4133 0.0271 -2.511 -3.223 0.03 0.025 1.042 7369.2 4.1564 15.63184 1.246347 16.168375 14.922028 "" "" 2135.51782 2428.70752 10524.73116 3.0961 4656.6 10.014 8518.2 13.939 "" "" 0.0027737704741679025 0.0036382237 0.004176159 0.007814383 335.81150606592 57.67360554706 2283.14355 -2.5109999999999992 -3.223000000000002 -0.4279583320617677 -1.9086666803359984 0.068984486 0.06398448 "" "" 21.16863932900304 "" 1.3597186641919823 ""
336.47445735583 57.81967255921 0.0227 0.0226 6.9572 "" "" 2007891064799488128 2321.71997 0.4078 0.026 -2.954 -3.895 0.034 0.03 1.025 7143.9 3.7225 15.63201 1.068361 16.073597 15.005236 "" "" 2171.88525 2475.8042 10523.07809 4.4146 5081.3 10.23 7889.8 10.057 "" "" 0.0027927145986350083 0.0035444454 0.0040248106 0.0075692562 336.47445735583 57.81967255921 2321.71997 -2.9539999999999997 -3.8950000000000005 -0.8709583320617678 -2.5806666803359986 0.07298449 0.068984486 "" "" 29.973921350683344 "" 2.0803126714890765 ""
335.80948029587 57.62209899604 0.0242 0.0236 21.1804 "" "" 2200017493248460672 1804.73608 0.5286 0.0279 7.381 3.145 0.033 0.027 0.997 5339.9 4.1513 15.633854 1.413365 16.271997 14.858632 "" "" 1723.46277 1924.99878 10505.22445 3.1434 4232.7 11.846 9030.4 9.7251 "" "" 0.0027744070178341903 0.00412533 0.0039561214 0.008081451 335.80948029587 57.62209899604 1804.73608 7.381 3.1450000000000022 9.464041667938233 4.459333319664001 0.071984485 0.06598449 "" "" 89.49676597848745 "" 6.3481969272419425 ""
335.76423386944 57.81700752766 0.0243 0.0233 16.7495 "" "" 2200023231324657280 2400.30762 0.3944 0.0281 -2.831 -0.738 0.033 0.027 1.069 6540.3 3.8496 15.634452 1.465264 16.300106 14.834842 "" "" 2261.60962 2573.21582 10499.4411 3.2353 4124.5 7.5279 9230.4 12.893 "" "" 0.0027755574411103033 0.0034222775 0.0040723043 0.007494582 335.76423386944 57.81700752766 2400.30762 -2.831000000000002 -0.738 -0.7479583320617675 0.5763333196640015 0.071984485 0.06598449 "" "" 10.743126869743886 "" 0.7499725890834607 ""
337.01911844097 57.92145230982 0.0261 0.0274 23.7979 "" "" 2007883952334186496 2143.59912 0.4487 0.0324 -4.919 -4.484 0.036 0.034 1.262 6720.4 4.0036 15.636929 1.368805 16.23865 14.869844 "" "" 2011.11731 2328.81372 10475.51668 4.3258 4364.7 10.474 8937.6 11.687 "" "" 0.002791559663611513 0.0038175134 0.0040372475 0.007854761 337.01911844097 57.92145230982 2143.59912 -4.9190000000000005 -4.483999999999997 -2.835958332061767 -3.1696666803359985 0.07498448 0.07298449 "" "" 43.2150033831651 "" 3.1927408870873926 ""
336.44062910096 58.09911355514 0.0238 0.0211 14.6325 "" "" 2200051990426761472 1819.57288 0.5348 0.0276 -0.247 0.085 0.034 0.027 1.037 6694.1 3.9881 15.640497 1.331226 16.226263 14.895037 "" "" 1705.09619 1916.15674 10441.14219 3.8601 4414.8 11.998 8732.6 12.041 "" "" 0.0027844046916241944 0.0040609804 0.0040650903 0.008126071 336.44062910096 58.09911355514 1819.57288 -0.247 0.08499999999999996 1.8360416679382325 1.3993333196640014 0.07298449 0.06598449 "" "" 19.91031373597659 "" 1.4035429499546106 ""
336.2529834277 57.47566874522 0.0242 0.0224 23.7227 "" "" 2007847256132570752 2059.94629 0.4591 0.028 -9.747 -6.778 0.033 0.027 0.94 6604.9 3.9081 15.642812 1.369844 16.25176 14.881916 "" "" 1950.01318 2210.8728 10418.89959 3.4117 4312.3 9.6731 8838.8 10.815 "" "" 0.0027781629277683828 0.0037035814 0.0040060715 0.007709653 336.2529834277 57.47566874522 2059.94629 -9.747 -6.778000000000001 -7.6639583320617675 -5.463666680335998 0.071984485 0.06598449 "" "" 91.90126062697007 "" 6.434936519363029 ""
336.20214144012 58.00420512993 0.0238 0.0222 8.3692 "" "" 2200049928842079488 1928.12427 0.4976 0.028 1.94 3.675 0.033 0.027 1.012 5330.8 4.1127 15.644944 1.547121 16.362843 14.815722 "" "" 1830.91919 2031.89636 10398.46326 3.0102 3893.0 11.686 9394.4 9.4228 "" "" 0.002773188898815946 0.0042903586 0.0039331526 0.008223511 336.20214144012 58.00420512993 1928.12427 1.94 3.675 4.023041667938232 4.989333319664001 0.071984485 0.06598449 "" "" 58.57599217272196 "" 4.00726205221841 ""
336.85272010101 57.71679565058 0.0249 0.0239 20.5446 "" "" 2007879897884790912 2286.57178 0.4099 0.0287 -2.946 -4.101 0.034 0.029 1.02 5158.4 3.0278 15.64644 1.932018 16.608799 14.676781 "" "" 2154.9082 2480.93237 10384.14904 3.7425 3103.8 10.403 10677.0 10.792 "" "" 0.0027829676403497462 0.0045856084 0.00393549 0.008521099 336.85272010101 57.71679565058 2286.57178 -2.9459999999999997 -4.101 -0.8629583320617678 -2.7866666803359985 0.07298449 0.067984484 "" "" 31.617918474610303 "" 2.163822904709639 ""
336.04852243666 57.79286819413 0.0245 0.0239 8.7196 "" "" 2200020757423816960 2233.4856 0.4231 0.0281 -2.04 -1.161 0.039 0.031 1.01 7805.2 4.095 15.647091 1.029325 16.074047 15.044722 "" "" 2121.94653 2353.79395 10377.92519 3.5094 5079.2 10.196 7608.0 11.347 "" "" 0.00277967452001561 0.003540524 0.0041116844 0.007652208 336.04852243666 57.79286819413 2233.4856 -2.039999999999999 -1.1609999999999991 0.043041667938232386 0.15333331966400143 0.07798448 0.06998448 "" "" 1.686039460218745 "" 0.11903354726180643 ""
336.77244804082 58.01105723288 0.0259 0.0244 17.8288 "" "" 2007899139338441600 2145.04712 0.4488 0.0307 -5.864 -4.33 0.034 0.029 1.049 "" "" 15.647444 1.221232 16.165073 14.943841 "" "" 2008.00024 2294.70752 10374.55314 3.4103 4670.8 9.898 8348.8 16.494 "" "" 0.0027783389945769273 0.003616458 0.0043456564 0.007962114 336.77244804082 58.01105723288 2145.04712 -5.864 -4.33 -3.7809583320617675 -3.0156666803359986 0.07298449 0.067984484 "" "" 49.17329171411633 "" 3.4953473564467203 ""
336.14629146001 57.48234590312 0.0243 0.0234 23.6927 "" "" 2007846736428664576 1669.20056 0.5656 0.0278 -1.845 0.667 0.031 0.028 1.005 6046.0 4.0242 15.647981 1.282757 16.183098 14.900341 "" "" 1618.18677 1754.85266 10369.42444 4.2442 4593.9 13.567 8690.0 15.157 "" "" 0.0027909269097917857 0.004250467 0.004227285 0.008477751 336.14629146001 57.48234590312 1669.20056 -1.8449999999999989 0.6669999999999999 0.23804166793823245 1.9813333196640015 0.06998448 0.06698449 "" "" 15.789062161373446 "" 1.058311111918035 ""
