Clusters/IC_1396/IC_1396_stars_in_region.tsv
# %ECSV 1.0
# ---
# datatype:
# - name: RA_ICRS_1
#   unit: deg
#   datatype: float64
#   format: '{:15.11f}'
#   description: Right ascension (ICRS) at Ep=2016.0 (ra)
#   meta: !!omap
#   - {ucd: POS_EQ_RA_MAIN}
#   - {width: 15}
#   - {precision: '11'}
# - name: DE_ICRS_1
#   unit: deg
#   datatype: float64
#   format: '{:15.11f}'
#   description: Declination (ICRS) at Ep=2016.0 (dec)
#   meta: !!omap
#   - {ucd: POS_EQ_DEC_MAIN}
#   - {width: 15}
#   - {precision: '11'}
# - name: e_RA_ICRS
#   unit: mas
#   datatype: float64
#   format: '{:7.4f}'
#   description: Standard error of right ascension (ra_error)
#   meta: !!omap
#   - {ucd: ERROR}
#   - {width: 7}
#   - {precision: '4'}
# - name: e_DE_ICRS
#   unit: mas
#   datatype: float64
#   format: '{:7.4f}'
#   description: Standard error of declination (dec_error)
#   meta: !!omap
#   - {ucd: ERROR}
#   - {width: 7}
#   - {precision: '4'}
# - name: _r_1
#   unit: ''
#   datatype: float64
#   format: '{:7.4f}'
#   description: Distance from center (324.74411117000+57.56370525000)[ICRS], at Epoch=J2016.0
#   meta: !!omap
#   - {ucd: POS_ANG_DIST_GENERAL}
#   - {width: 7}
#   - {precision: '4'}
# - name: HIP
#   datatype: int32
#   description: '? HIP cross-id number, van Leeuwen, Cat. I/311 (hip_original_ext_source_id)'
#   meta: !!omap
#   - {ucd: ID_NUMBER}
#   - {width: 6}
#   - values: {'null': -2147483648}
# - name: TYC2
#   datatype: string
#   description: Tycho-2 cross-id name, Hog et al., Cat. I/259 (tyc2_original_ext_source_id)
#   meta: !!omap
#   - {ucd: ID_CROSSID}
#   - {_votable_string_dtype: char}
# - name: Source
#   datatype: int64
#   description: Source identifier, identical to the Gaia-EDR3 source_id (id)
#   meta: !!omap
#   - {ucd: ID_MAIN}
#   - {width: 19}
# - name: rgeo
#   unit: pc
#   datatype: float64
#   format: '{:15.8f}'
#   description: '? Median of the geometric distance posterior (r_med_geo)'
#   meta: !!omap
#   - {ucd: PHYS_DISTANCE_TRUE}
#   - {width: 15}
#   - {precision: '8'}
#   - values: {'null': .nan}
# - name: Plx
#   unit: mas
#   datatype: float64
#   format: '{:9.4f}'
#   description: '? Parallax (parallax)'
#   meta: !!omap
#   - {ucd: POS_PARLX_TRIG}
#   - {width: 9}
#   - {precision: '4'}
#   - values: {'null': .nan}
# - name: e_Plx
#   unit: mas
#   datatype: float32
#   format: '{:7.4f}'
#   description: '? Standard error of parallax (parallax_error)'
#   meta: !!omap
#   - {ucd: ERROR}
#   - {width: 7}
#   - {precision: '4'}
#   - values: {'null': .nan}
# - name: pmRA
#   unit: mas / yr
#   datatype: float64
#   format: '{:9.3f}'
#   description: '? Proper motion in right ascension direction, pmRA*cosDE (pmra)'
#   meta: !!omap
#   - {ucd: POS_EQ_PMRA}
#   - {width: 9}
#   - {precision: '3'}
#   - values: {'null': .nan}
# - name: pmDE
#   unit: mas / yr
#   datatype: float64
#   format: '{:9.3f}'
#   description: '? Proper motion in declination direction (pmdec)'
#   meta: !!omap
#   - {ucd: POS_EQ_PMDEC}
#   - {width: 9}
#   - {precision: '3'}
#   - values: {'null': .nan}
# - name: e_pmRA
#   unit: mas / yr
#   datatype: float32
#   format: '{:6.3f}'
#   description: '? Standard error of proper motion in right ascension direction (pmra_error)'
#   meta: !!omap
#   - {ucd: ERROR}
#   - {width: 6}
#   - {precision: '3'}
#   - values: {'null': .nan}
# - name: e_pmDE
[...]
#         unit: &id001 !astropy.units.Unit {unit: deg}
#         value: !astropy.table.SerializedColumn {name: SkyCoord.dec}
#       distance: !astropy.table.SerializedColumn
#         __class__: astropy.coordinates.distances.Distance
#         unit: !astropy.units.Unit {unit: pc}
#         value: !astropy.table.SerializedColumn {name: SkyCoord.distance}
#       frame: icrs
#       obstime: !astropy.time.Time {format: jyear_str, in_subfmt: '*', jd1: 367701545.0, jd2: 0.0, out_subfmt: '*', precision: 3, scale: tt}
#       pm_dec: !astropy.table.SerializedColumn
#         __class__: astropy.units.quantity.Quantity
#         unit: !astropy.units.Unit {unit: mas / yr}
#         value: !astropy.table.SerializedColumn {name: SkyCoord.pm_dec}
#       pm_ra_cosdec: !astropy.table.SerializedColumn
#         __class__: astropy.units.quantity.Quantity
#         unit: !astropy.units.Unit {unit: mas / yr}
#         value: !astropy.table.SerializedColumn {name: SkyCoord.pm_ra_cosdec}
#       ra: !astropy.table.SerializedColumn
#         __class__: astropy.coordinates.angles.Longitude
#         unit: *id001
#         value: !astropy.table.SerializedColumn {name: SkyCoord.ra}
#         wrap_angle: !astropy.coordinates.Angle
#           unit: *id001
#           value: 360.0
#       representation_type: spherical
# schema: astropy-2.0
RA_ICRS_1 DE_ICRS_1 e_RA_ICRS e_DE_ICRS _r_1 HIP TYC2 Source rgeo Plx e_Plx pmRA pmDE e_pmRA e_pmDE RUWE Teff logg Gmag BP-RP BPmag RPmag RV e_RV b_rgeo B_rgeo FG e_FG FBP e_FBP FRP e_FRP RAVE5 RAVE6 e_Gmag e_BPmag e_RPmag e_BP-RP SkyCoord.ra SkyCoord.dec SkyCoord.distance SkyCoord.pm_ra_cosdec SkyCoord.pm_dec
[from data line 198]
325.33918775762 58.23174517501 0.01 0.01 44.3463 "" "" 2178559080726534912 940.402527 1.0482 0.011 -2.946 -4.697 0.012 0.011 1.023 "" "" 12.716693 0.851894 13.051755 12.199861 "" "" 928.25116 951.767578 154265.77823 38.455 82170.0 70.337 104520.0 79.182 "" "" 0.0027685809844850955 0.0029408846 0.0038678523 0.006808737 325.33918775762 58.23174517501 940.402527 -2.9460000000000006 -4.697
323.46057277797 57.61055200761 0.0096 0.0105 41.3748 "" "" 2179182263298260864 756.613647 1.3104 0.0111 0.195 5.957 0.013 0.013 0.983 6516.4 3.8567 12.724373 1.214621 13.248625 12.034004 -3.07 2.21 751.938782 763.079346 153178.41249 21.532 68544.0 43.582 121770.0 44.981 "" "" 0.002759543844931072 0.0028743027 0.0038006024 0.0066749053 323.46057277797 57.61055200761 756.613647 0.19500000000000028 5.957
324.25892669959 58.3538945592 0.0095 0.0101 49.8631 "" "" 2179325813980001536 972.026123 1.0216 0.0106 5.895 0.649 0.013 0.013 1.073 5281.5 3.1406 12.730082 1.952549 13.70175 11.749201 -22.66 0.45 963.173218 981.446045 152375.18503 24.235 45156.0 29.371 158300.0 65.164 "" "" 0.0027607262277812195 0.0028781532 0.0038057172 0.00668387 324.25892669959 58.3538945592 972.026123 5.8950000000000005 0.6490000000000004
326.32930435727 57.29091563009 0.0099 0.0095 53.7559 "" "" 2178224863547729792 762.208313 1.2985 0.0106 -4.667 -9.53 0.013 0.011 0.965 6763.4 3.8859 12.731018 1.171734 13.231016 12.059282 -23.88 1.18 756.132812 770.358521 152243.82204 21.642 69664.0 45.406 118970.0 37.707 "" "" 0.0027596395824668134 0.0028785137 0.0037950159 0.0066735297 326.32930435727 57.29091563009 762.208313 -4.667 -9.53
324.39117872233 57.03603516561 0.0092 0.0088 33.6636 "" "" 2178347317348867712 752.664185 1.3168 0.0098 -4.764 -0.216 0.012 0.011 0.951 6638.3 3.8679 12.731302 1.057507 13.172722 12.115215 -27.66 2.2 747.391113 757.961609 152203.88022 21.318 73507.0 40.177 113000.0 26.219 "" "" 0.0027595135165178163 0.00285258 0.0037877685 0.0066403486 324.39117872233 57.03603516561 752.664185 -4.763999999999999 -0.216
324.29456911602 57.43619439128 0.0107 0.0109 16.3878 "" "" 2178394016544915328 914.062256 1.0866 0.0122 -2.915 -5.233 0.015 0.014 1.079 5663.1 3.3361 12.74235 1.586844 13.486065 11.89922 -29.38 17.73 904.288757 923.276489 150663.11 159.85 55080.0 214.49 137870.0 411.99 "" "" 0.002986428672975741 0.0050656917 0.0049809827 0.010046674 324.29456911602 57.43619439128 914.062256 -2.915 -5.232999999999999
323.09293548688 57.67196963814 0.0098 0.0101 53.4534 "" "" 2179197553381778688 850.927551 1.1574 0.0109 2.002 -5.98 0.012 0.012 1.026 8871.2 4.2095 12.747291 0.807957 13.066339 12.258383 "" "" 843.614746 859.167358 149978.98494 19.392 81074.0 36.526 99039.0 32.647 "" "" 0.0027588941572899046 0.0028327229 0.0037962901 0.006629013 323.09293548688 57.67196963814 850.927551 2.0019999999999993 -5.979999999999999
325.33231252829 57.27621268151 0.0117 0.012 25.665 "" "" 2178189610463390976 806.699707 1.2229 0.0128 -8.274 -7.258 0.015 0.015 1.082 8186.6 4.1896 12.752555 0.860182 13.095885 12.235703 "" "" 798.427429 814.575256 149253.58615 22.025 78897.0 42.305 101130.0 33.402 "" "" 0.0027599745829693383 0.0028502594 0.0037963567 0.0066466164 325.33231252829 57.27621268151 806.699707 -8.273999999999997 -7.258000000000001
324.85898423199 57.00254626204 0.0095 0.0096 33.875 "" 3975-977-1 2178178684066205184 905.206116 1.0904 0.0104 -0.977 -6.396 0.012 0.012 0.995 "" "" 12.755551 0.876411 13.105642 12.229231 "" "" 896.641296 913.844238 148842.23574 19.802 78192.0 44.881 101730.0 37.113 "" "" 0.002759103878409581 0.0028589196 0.0038000816 0.006659001 324.85898423199 57.00254626204 905.206116 -0.9770000000000003 -6.395999999999999
323.68878506363 57.7821357317 0.0119 0.0107 36.3076 "" "" 2179191162470671360 859.440918 1.1508 0.0125 -4.198 -3.263 0.014 0.013 0.995 "" "" 12.765007 0.91937 13.134953 12.215583 "" "" 848.25885 868.067688 147551.65851 20.806 76109.0 39.354 103020.0 30.815 "" "" 0.002759570315261374 0.0028460894 0.0037933097 0.006639399 323.68878506363 57.7821357317 859.440918 -4.198 -3.2629999999999995
324.91814926463 58.38139506683 0.0104 0.01 49.3729 "" "" 2178578524028283008 918.65448 1.0732 0.011 -2.355 -5.037 0.014 0.013 1.075 "" "" 12.767869 1.026809 13.189595 12.162786 "" "" 910.569519 927.834167 147163.21807 18.379 72373.0 36.194 108150.0 27.394 "" "" 0.0027586546867793124 0.0028425124 0.0037893744 0.0066318866 324.91814926463 58.38139506683 918.65448 -2.355 -5.037000000000001
325.65721852185 57.94798740996 0.0093 0.0098 37.2288 "" "" 2178493144387049728 869.27832 1.1331 0.0108 -3.679 -5.261 0.013 0.013 0.957 8163.6 4.2453 12.779037 0.682575 13.041439 12.358864 "" "" 859.999512 876.264099 145657.27191 19.851 82955.0 39.879 90284.0 30.546 "" "" 0.002759290598993189 0.0028385695 0.0037971917 0.006635761 325.65721852185 57.94798740996 869.27832 -3.679 -5.260999999999999
325.58290361697 57.15763210174 0.0106 0.0098 36.4745 "" "" 2178269050172251264 731.412292 1.3512 0.0112 1.582 -2.716 0.013 0.012 0.943 7704.8 4.0706 12.782258 0.884116 13.136463 12.252347 "" "" 725.874634 736.43457 145225.70833 19.099 76003.0 39.15 99591.0 30.867 "" "" 0.0027590175409053183 0.0028456699 0.0037943334 0.006640003 325.58290361697 57.15763210174 731.412292 1.5819999999999999 -2.716
325.38224215348 57.30384729216 0.01 0.0102 25.8424 "" "" 2178283481262296576 849.365173 1.1639 0.0113 -3.42 -2.828 0.013 0.012 0.978 7175.1 3.988 12.787798 1.013197 13.208224 12.195027 "" "" 840.534912 857.28009 144486.55064 19.956 71142.0 34.496 104990.0 32.183 "" "" 0.0027593979200458653 0.0028394032 0.0037940075 0.0066334107 325.38224215348 57.30384729216 849.365173 -3.42 -2.8280000000000003
326.26969973954 57.5218332052 0.0099 0.0097 49.1874 "" 3975-700-1 2178301382686859264 960.187073 1.0241 0.0105 -2.701 -3.021 0.014 0.012 0.962 "" "" 12.8 0.827093 13.121809 12.294716 "" "" 951.686218 969.602661 142871.80697 17.623 77036.0 39.958 95779.0 30.606 "" "" 0.002758572996243717 0.0028464366 0.0037952731 0.0066417097 326.26969973954 57.5218332052 960.187073 -2.7009999999999996 -3.021
324.46570086952 57.44789732178 0.0115 0.0104 11.3496 "" "" 2178394531941271936 955.291687 1.0385 0.0119 -2.659 -4.952 0.016 0.014 0.995 5853.8 3.495 12.800636 1.424282 13.442359 12.018077 -16.7 22.37 944.427246 964.902039 142788.12418 179.83 57342.0 256.13 123570.0 433.18 "" "" 0.003075965182506625 0.005595026 0.0053637754 0.010958802 324.46570086952 57.44789732178 955.291687 -2.6590000000000003 -4.952000000000001
323.26200389224 57.99407786243 0.0116 0.013 53.9884 "" "" 2179211091118871936 921.550598 1.0703 0.0136 -2.887 -6.14 0.015 0.015 1.082 "" "" 12.800774 1.136687 13.274224 12.137537 "" "" 911.047974 932.772095 142770.07011 32.619 66946.0 62.001 110700.0 70.415 "" "" 0.0027664640710339814 0.0029658312 0.0038419643 0.0068077957 323.26200389224 57.99407786243 921.550598 -2.8869999999999987 -6.139999999999999
324.42507640707 57.05575933501 0.011 0.0113 32.1825 "" "" 2178347459099013504 937.371765 1.0492 0.0121 3.977 -0.375 0.015 0.014 1.16 9247.8 3.9975 12.809656 0.900848 13.170541 12.269692 "" "" 926.932495 949.651001 141606.83842 24.609 73655.0 43.792 98012.0 44.755 "" "" 0.002761773141147518 0.0028638712 0.003811761 0.006675632 324.42507640707 57.05575933501 937.371765 3.977 -0.37500000000000056
324.81103921025 57.3874480673 0.0123 0.0113 10.7936 "" "" 2178384464538037376 951.042114 1.0429 0.0121 -2.211 -4.005 0.015 0.013 1.124 6046.1 3.3769 12.810426 1.583872 13.547469 11.963597 -9.8 7.24 940.946472 963.742798 141506.53972 104.12 52051.0 152.87 129930.0 267.53 "" "" 0.002868797635687893 0.0042371023 0.004391068 0.008628171 324.81103921025 57.3874480673 951.042114 -2.211 -4.005
324.66607083997 57.32914470878 0.0567 0.0534 14.2974 "" "" 2178378348504598912 737.694275 1.3454 0.0584 -0.018 4.079 0.085 0.07 5.222 6012.7 3.6638 12.814777 1.126931 13.274908 12.147977 0.75 1.14 711.509949 768.125183 140940.45942 71.3 66904.0 37.99 109640.0 35.988 "" "" 0.0028095331009851837 0.00285747 0.0037961472 0.006653617 324.66607083997 57.32914470878 737.694275 -0.017999999999999794 4.078999999999999
325.32376700124 57.12353009004 0.0109 0.0113 32.399 "" "" 2178175832208169856 912.943848 1.0737 0.0122 -1.572 -4.76 0.014 0.014 1.062 8975.2 4.2314 12.824057 0.662492 13.078095 12.415603 "" "" 905.196472 923.424072 139741.13555 23.378 80201.0 49.667 85687.0 32.77 "" "" 0.00276130075674744 0.0028700414 0.0038021232 0.0066721644 325.32376700124 57.12353009004 912.943848 -1.5720000000000003 -4.76
326.05435175059 57.45625292383 0.0096 0.0097 42.7166 "" "" 2178280114008440192 731.504578 1.3499 0.0106 -1.158 -6.228 0.013 0.012 0.975 8295.7 4.209 12.826079 0.815451 13.147089 12.331638 "" "" 726.744568 737.765137 139480.96095 27.1 75263.0 49.106 92577.0 33.342 "" "" 0.002763383638016507 0.0028786934 0.003799557 0.0066782506 326.05435175059 57.45625292383 731.504578 -1.158 -6.228
324.30526590176 58.19659291594 0.0088 0.0091 40.4715 "" "" 2179227205836845824 735.822388 1.3466 0.0098 -1.605 -4.338 0.012 0.011 0.949 6453.2 3.8576 12.827582 1.149983 13.316857 12.166874 -34.57 5.84 730.601013 740.31427 139288.07843 16.969 64369.0 40.693 107750.0 28.324 "" "" 0.002758493280796872 0.0028733553 0.003790143 0.0066634985 324.30526590176 58.19659291594 735.822388 -1.6049999999999998 -4.338
326.20659233863 57.62709068365 0.018 0.018 47.1768 "" "" 2178305815093183488 835.799316 1.1861 0.0197 0.77 -0.576 0.024 0.023 1.715 9077.0 4.2297 12.832414 0.862313 13.175452 12.313139 "" "" 823.28125 854.271545 138669.5948 17.962 73322.0 37.88 94168.0 25.393 "" "" 0.002758907030456763 0.0028459933 0.003790705 0.0066366983 326.20659233863 57.62709068365 835.799316 0.7700000000000001 -0.5760000000000001
324.93521412175 57.36490020709 0.0119 0.0129 13.4281 "" "" 2178380856765787136 859.687317 1.1459 0.0131 -7.147 -7.392 0.015 0.014 0.992 7475.8 4.0339 12.843818 0.87479 13.195001 12.32021 "" "" 848.717346 872.506409 137220.723 25.083 72014.0 47.897 93557.0 36.556 "" "" 0.0027624586492584107 0.0028821034 0.0038031174 0.0066852206 324.93521412175 57.36490020709 859.687317 -7.146999999999999 -7.3919999999999995
325.84306000939 57.66493492645 0.0095 0.0099 35.8349 "" "" 2178297912352976256 911.196716 1.0768 0.0107 -1.661 -4.594 0.013 0.012 0.957 "" "" 12.844317 0.656153 13.088757 12.432605 "" "" 904.596802 919.093994 137157.62331 20.908 79417.0 37.981 84356.0 36.282 "" "" 0.0027602865856325653 0.002838075 0.0038081226 0.0066461973 325.84306000939 57.66493492645 911.196716 -1.6609999999999998 -4.594000000000001
326.05797281508 57.33465920625 0.0109 0.0108 44.5852 "" "" 2178274272852820992 1015.25134 0.9654 0.0122 -7.258 -5.606 0.015 0.014 1.076 "" "" 12.862928 0.921013 13.233595 12.312582 "" "" 1004.61346 1027.25232 134826.58923 18.305 69499.0 39.532 94216.0 29.367 "" "" 0.0027592604566539225 0.0028577012 0.0037945036 0.006652205 326.05797281508 57.33465920625 1015.25134 -7.258 -5.606
324.60668665486 57.26104830319 0.0216 0.0217 18.6945 "" "" 2178377730029068416 955.190552 1.0353 0.0232 -3.96 -3.58 0.029 0.027 2.083 "" "" 12.863781 1.034246 13.260354 12.226108 -35.04 3.7 932.165833 978.357544 134720.68935 53.832 67807.0 48.568 102030.0 35.615 "" "" 0.002789266455465724 0.0028965208 0.0037983367 0.0066948575 324.60668665486 57.26104830319 955.190552 -3.9600000000000004 -3.5800000000000005
324.20436210848 57.4217461615 0.0151 0.0152 19.3763 "" "" 2178440470913625216 743.837585 1.3257 0.0172 -6.638 -9.486 0.022 0.02 1.357 "" "" 12.865532 0.896483 13.225953 12.32947 "" "" 735.193604 751.830627 134503.56664 35.202 69990.0 69.512 92762.0 63.647 "" "" 0.002769934009269699 0.0029912915 0.0038521022 0.0068433937 324.20436210848 57.4217461615 743.837585 -6.638 -9.486
323.21761022534 57.45626898798 0.1373 0.1465 49.6173 "" "" 2179179514518946688 887.678894 1.2214 0.1559 -3.661 -4.607 0.19 0.173 12.904 6854.7 3.8736 12.8711 1.108223 13.317943 12.20972 -22.39 2.99 778.727966 1064.44128 133815.57251 104.35 64304.0 51.688 103580.0 45.459 "" "" 0.0028824687453456654 0.0029234728 0.0038093023 0.006732775 323.21761022534 57.45626898798 887.678894 -3.661 -4.606999999999999
326.17924941219 57.95896931687 0.0212 0.0223 51.6938 "" "" 2178326018619492736 841.097351 1.1728 0.0231 2.481 -3.623 0.028 0.027 1.827 6704.2 3.8145 12.871896 0.89223 13.227138 12.334908 "" "" 827.731628 855.80603 133717.57542 23.842 69914.0 30.711 92299.0 34.284 "" "" 0.0027621125472425657 0.0028306379 0.0038008383 0.006631476 326.17924941219 57.95896931687 841.097351 2.481 -3.623
324.48516766863 57.88717103279 0.0112 0.0103 21.1067 "" "" 2178468989496991872 900.53302 1.0963 0.0123 -4.326 -2.93 0.014 0.013 1.056 "" "" 12.872196 1.010607 13.288022 12.277415 "" "" 890.592529 910.563416 133680.5618 20.297 66101.0 39.685 97318.0 43.447 "" "" 0.0027602472346192094 0.0028653005 0.0038103387 0.006675639 324.48516766863 57.88717103279 900.53302 -4.325999999999999 -2.9300000000000006
324.69663916355 58.46726263391 0.0125 0.0117 54.2344 "" "" 2179330388129766400 902.662048 1.089 0.0127 -1.391 -3.323 0.016 0.014 1.053 9026.3 4.1554 12.872456 0.686867 13.13662 12.449753 "" "" 894.478638 910.713074 133648.6831 22.081 75992.0 52.615 83034.0 33.504 "" "" 0.002761153243039126 0.002889664 0.003804688 0.0066943523 324.69663916355 58.46726263391 902.662048 -1.3910000000000005 -3.323
324.90541121666 57.58540793325 0.0143 0.0136 5.3502 "" "" 2178399514103865088 977.911438 1.0102 0.0165 -1.492 -5.033 0.02 0.015 1.187 "" "" 12.884775 0.790151 13.195954 12.405804 "" "" 962.107666 995.494812 132140.66602 21.216 71951.0 38.65 86464.0 28.506 "" "" 0.0027608291212930748 0.0028504739 0.003796295 0.006646769 324.90541121666 57.58540793325 977.911438 -1.4920000000000004 -5.033
325.68868889081 57.48981584773 0.1303 0.131 30.75 "" "" 2178292277355643648 763.737549 1.3746 0.1457 -0.212 -8.947 0.192 0.175 13.676 5842.6 3.6037 12.884981 1.304943 13.445575 12.140632 -44.37 1.58 681.543213 847.377319 132115.70864 78.485 57172.0 36.749 110380.0 24.122 "" "" 0.002829807109501694 0.0028761253 0.0037868225 0.006662948 325.68868889081 57.48981584773 763.737549 -0.2120000000000002 -8.946999999999997
323.26041163708 57.61385445541 0.0145 0.0162 47.8089 "" "" 2179185905430506496 757.16626 1.301 0.0168 -5.059 -6.408 0.018 0.02 1.272 7902.3 4.072 12.885994 0.872061 13.234177 12.362116 "" "" 747.585876 768.593811 131992.45141 23.225 69462.0 39.228 90014.0 36.846 "" "" 0.002761935335983376 0.0028567486 0.0038054234 0.0066621723 323.26041163708 57.61385445541 757.16626 -5.059 -6.4079999999999995
325.25891048558 58.03116411691 0.0196 0.0199 32.5208 "" "" 2178508400110672768 876.749146 1.1255 0.0229 -1.985 -4.94 0.025 0.023 1.631 "" "" 12.892549 0.951863 13.277656 12.325792 "" "" 859.651978 892.481934 131197.95726 22.631 66735.0 40.014 93077.0 33.385 "" "" 0.0027616778864404516 0.0028651096 0.0037993928 0.0066645024 325.25891048558 58.03116411691 876.749146 -1.985000000000001 -4.9399999999999995
326.01002107776 58.04229190922 0.0115 0.0116 49.622 "" "" 2178517986478457472 1084.67725 0.913 0.0125 -4.596 -13.002 0.016 0.014 0.97 5341.4 3.1162 12.899315 1.704779 13.716062 12.011283 -68.75 0.55 1068.81628 1099.1189 130382.93912 22.642 44565.0 31.015 124350.0 33.671 "" "" 0.002761763777622936 0.0028906758 0.003790799 0.006681475 326.01002107776 58.04229190922 1084.67725 -4.596 -13.002
324.9751902698 57.45048546288 0.0156 0.0158 10.0807 "" "" 2178385735848604800 994.155273 0.9942 0.0166 19.529 0.918 0.019 0.017 1.248 "" "" 12.902329 1.63445 13.677931 12.043481 -57.16 0.8 975.891663 1012.34924 130021.47377 21.509 46158.0 40.554 120720.0 40.067 "" "" 0.0027611680497439434 0.0029487298 0.0037965225 0.0067452523 324.9751902698 57.45048546288 994.155273 19.529 0.9180000000000014
