Clusters/IC_1396/IC_1396_members.tsv
# %ECSV 1.0
# ---
# datatype:
# - name: RA_ICRS_1
#   unit: deg
#   datatype: float64
#   format: '{:15.11f}'
#   description: Right ascension (ICRS) at Ep=2016.0 (ra)
#   meta: !!omap
#   - {ucd: POS_EQ_RA_MAIN}
#   - {width: 15}
#   - {precision: '11'}
# - name: DE_ICRS_1
#   unit: deg
#   datatype: float64
#   format: '{:15.11f}'
#   description: Declination (ICRS) at Ep=2016.0 (dec)
#   meta: !!omap
#   - {ucd: POS_EQ_DEC_MAIN}
#   - {width: 15}
#   - {precision: '11'}
# - name: e_RA_ICRS
#   unit: mas
#   datatype: float64
#   format: '{:7.4f}'
#   description: Standard error of right ascension (ra_error)
#   meta: !!omap
#   - {ucd: ERROR}
#   - {width: 7}
#   - {precision: '4'}
# - name: e_DE_ICRS
#   unit: mas
#   datatype: float64
#   format: '{:7.4f}'
#   description: Standard error of declination (dec_error)
#   meta: !!omap
#   - {ucd: ERROR}
#   - {width: 7}
#   - {precision: '4'}
# - name: _r_1
#   unit: ''
#   datatype: float64
#   format: '{:7.4f}'
#   description: Distance from center (324.74411117000+57.56370525000)[ICRS], at Epoch=J2016.0
#   meta: !!omap
#   - {ucd: POS_ANG_DIST_GENERAL}
#   - {width: 7}
#   - {precision: '4'}
# - name: HIP
#   datatype: int32
#   description: '? HIP cross-id number, van Leeuwen, Cat. I/311 (hip_original_ext_source_id)'
#   meta: !!omap
#   - {ucd: ID_NUMBER}
#   - {width: 6}
#   - values: {'null': -2147483648}
# - name: TYC2
#   datatype: string
#   description: Tycho-2 cross-id name, Hog et al., Cat. I/259 (tyc2_original_ext_source_id)
#   meta: !!omap
#   - {ucd: ID_CROSSID}
#   - {_votable_string_dtype: char}
# - name: Source
#   datatype: int64
#   description: Source identifier, identical to the Gaia-EDR3 source_id (id)
#   meta: !!omap
#   - {ucd: ID_MAIN}
#   - {width: 19}
# - name: rgeo
#   unit: pc
#   datatype: float64
#   format: '{:15.8f}'
#   description: '? Median of the geometric distance posterior (r_med_geo)'
#   meta: !!omap
#   - {ucd: PHYS_DISTANCE_TRUE}
#   - {width: 15}
#   - {precision: '8'}
#   - values: {'null': .nan}
# - name: Plx
#   unit: mas
#   datatype: float64
#   format: '{:9.4f}'
#   description: '? Parallax (parallax)'
#   meta: !!omap
#   - {ucd: POS_PARLX_TRIG}
#   - {width: 9}
#   - {precision: '4'}
#   - values: {'null': .nan}
# - name: e_Plx
#   unit: mas
#   datatype: float32
#   format: '{:7.4f}'
#   description: '? Standard error of parallax (parallax_error)'
#   meta: !!omap
#   - {ucd: ERROR}
#   - {width: 7}
#   - {precision: '4'}
#   - values: {'null': .nan}
# - name: pmRA
#   unit: mas / yr
#   datatype: float64
#   format: '{:9.3f}'
#   description: '? Proper motion in right ascension direction, pmRA*cosDE (pmra)'
#   meta: !!omap
#   - {ucd: POS_EQ_PMRA}
#   - {width: 9}
#   - {precision: '3'}
#   - values: {'null': .nan}
# - name: pmDE
#   unit: mas / yr
#   datatype: float64
#   format: '{:9.3f}'
#   description: '? Proper motion in declination direction (pmdec)'
#   meta: !!omap
#   - {ucd: POS_EQ_PMDEC}
#   - {width: 9}
#   - {precision: '3'}
#   - values: {'null': .nan}
# - name: e_pmRA
#   unit: mas / yr
#   datatype: float32
#   format: '{:6.3f}'
#   description: '? Standard error of proper motion in right ascension direction (pmra_error)'
#   meta: !!omap
#   - {ucd: ERROR}
#   - {width: 6}
#   - {precision: '3'}
#   - values: {'null': .nan}
# - name: e_pmDE
[...]
#       distance: !astropy.table.SerializedColumn
#         __class__: astropy.coordinates.distances.Distance
#         unit: !astropy.units.Unit {unit: pc}
#         value: !astropy.table.SerializedColumn {name: SkyCoord.distance}
#       frame: icrs
#       obstime: !astropy.time.Time {format: jyear_str, in_subfmt: '*', jd1: 367701545.0, jd2: 0.0, out_subfmt: '*', precision: 3, scale: tt}
#       pm_dec: !astropy.table.SerializedColumn
#         __class__: astropy.units.quantity.Quantity
#         unit: !astropy.units.Unit {unit: mas / yr}
#         value: !astropy.table.SerializedColumn {name: SkyCoord.pm_dec}
#       pm_ra_cosdec: !astropy.table.SerializedColumn
#         __class__: astropy.units.quantity.Quantity
#         unit: !astropy.units.Unit {unit: mas / yr}
#         value: !astropy.table.SerializedColumn {name: SkyCoord.pm_ra_cosdec}
#       ra: !astropy.table.SerializedColumn
#         __class__: astropy.coordinates.angles.Longitude
#         unit: *id001
#         value: !astropy.table.SerializedColumn {name: SkyCoord.ra}
#         wrap_angle: !astropy.coordinates.Angle
#           unit: *id001
#           value: 360.0
#       representation_type: spherical
# schema: astropy-2.0
RA_ICRS_1 DE_ICRS_1 e_RA_ICRS e_DE_ICRS _r_1 HIP TYC2 Source rgeo Plx e_Plx pmRA pmDE e_pmRA e_pmDE RUWE Teff logg Gmag BP-RP BPmag RPmag RV e_RV b_rgeo B_rgeo FG e_FG FBP e_FBP FRP e_FRP RAVE5 RAVE6 e_Gmag e_BPmag e_RPmag e_BP-RP SkyCoord.ra SkyCoord.dec SkyCoord.distance SkyCoord.pm_ra_cosdec SkyCoord.pm_dec rmRA rmDE e_rmRA e_rmDE rRV e_rRV v_pec v_pec3d e_vpec e_vpec3d Pmemb
[from data line 120]
325.08430161781 57.42273814462 0.0347 0.0362 13.8513 "" "" 2178382746551639296 937.228149 1.034 0.038 -2.259 -4.661 0.045 0.044 0.967 4699.3 4.1568 16.105625 2.074506 17.16064 15.086135 "" "" 911.021301 972.18866 6802.94337 20.82 1867.1 22.321 7323.3 55.207 "" "" 0.004316594780131281 0.013276373 0.009015308 0.02229168 325.08430161781 57.42273814462 937.228149 -2.2590000000000017 -4.661000000000002 0.1280525360107423 -0.06382297134399373 0.44291073 0.44191074 "" "" 0.6356108821016729 "" 0.2813925198053335 "" 1.0
324.55596667622 57.18632798097 0.0301 0.03 23.4463 "" "" 2178374878170801792 925.325623 1.0552 0.0337 -2.105 -4.605 0.04 0.036 1.015 4450.1 4.1387 16.112345 1.810097 16.992529 15.182432 "" "" 899.393616 952.652649 6760.97322 7.8837 2179.7 13.145 6701.7 20.467 "" "" 0.0030322648310461553 0.007117395 0.0050277747 0.012145169 324.55596667622 57.18632798097 925.325623 -2.1050000000000004 -4.6049999999999995 0.2820525360107422 -0.007822971343994567 0.43791074 0.43391073 "" "" 1.2375704225231932 "" 0.5419415862340339 "" 1.0
324.43700976402 57.40374824606 0.0377 0.0323 13.7918 "" "" 2178392740924572800 874.915894 1.1077 0.0387 -2.682 -4.582 0.049 0.043 1.081 6117.9 3.9558 16.118864 2.228795 17.271744 15.042949 "" "" 846.794617 907.971558 6720.49126 44.927 1685.5 40.393 7620.4 134.06 "" "" 0.007763612582768904 0.026168836 0.019470863 0.0456397 324.43700976402 57.40374824606 874.915894 -2.6819999999999995 -4.581999999999999 -0.29494746398925775 0.015177028656006009 0.44691074 0.44091076 "" "" 1.2247953122260287 "" 0.5473549013837092 "" 1.0
325.05798070765 57.4800154115 0.0325 0.0328 11.2905 "" "" 2178386079446237184 895.715881 1.0853 0.0355 -2.617 -4.505 0.044 0.041 1.001 6758.1 4.3277 16.119444 1.960397 17.090221 15.129825 "" "" 867.696045 926.504456 6716.91013 11.861 1992.2 19.135 7034.4 34.988 "" "" 0.003356723330810922 0.010795261 0.006591416 0.017386677 325.05798070765 57.4800154115 895.715881 -2.617 -4.505 -0.2299474639892578 0.09217702865600597 0.44191074 0.43891075 "" "" 1.051805200586251 "" 0.46436845221433315 "" 1.0
324.48162138341 57.49224508422 0.0339 0.0318 9.4806 "" "" 2178395489703989504 915.039673 1.0619 0.0358 -2.45 -4.75 0.048 0.042 0.958 8016.4 4.0808 16.133663 2.372841 17.383656 15.010815 "" "" 889.564819 938.09845 6629.50644 11.826 1520.4 14.125 7849.3 47.779 "" "" 0.003367924924172274 0.010465624 0.0076132473 0.018078871 324.48162138341 57.49224508422 915.039673 -2.45 -4.75 -0.06294746398925799 -0.15282297134399414 0.44591075 0.43991074 "" "" 0.7168638906160771 "" 0.3159836452688305 "" 1.0
325.55290317023 57.73778402276 0.029 0.0315 27.9878 "" "" 2178486409878079488 915.190491 1.0682 0.0344 -1.707 -4.032 0.039 0.042 1.006 4713.6 4.1919 16.142609 1.83393 17.023924 15.189994 "" "" 890.948425 948.516846 6575.11579 12.861 2117.6 18.025 6655.2 39.179 "" "" 0.003478784595408402 0.009653784 0.007425469 0.017079253 325.55290317023 57.73778402276 915.190491 -1.7069999999999983 -4.032 0.6800525360107421 0.5651770286560058 0.43691075 0.43991074 "" "" 3.8358753182382137 "" 1.6806458267672653 "" 0.8
325.03856708357 57.4608742811 0.048 0.0475 11.3189 "" "" 2178386045086501760 887.919617 1.102 0.0514 -2.231 -4.704 0.065 0.056 1.409 5892.4 3.8617 16.153975 2.143619 17.23452 15.090901 "" "" 857.484436 923.393372 6506.64034 10.689 1744.2 12.93 7291.2 39.926 "" "" 0.0032822435003960356 0.0085186185 0.007044963 0.015563581 325.03856708357 57.4608742811 887.919617 -2.231 -4.704 0.15605253601074232 -0.10682297134399388 0.46291074 0.45391074 "" "" 0.7959251906786949 "" 0.36617192537534754 "" 0.9
325.02108870585 57.46464204126 0.0345 0.0336 10.7237 "" "" 2178385667129374080 967.016418 1.0141 0.0372 -2.401 -4.859 0.047 0.04 1.015 "" "" 16.15423 2.433745 17.429253 14.995507 "" "" 929.34259 1011.53333 6505.11059 5.5104 1457.9 8.8709 7960.8 31.906 "" "" 0.0029047655733616586 0.007171433 0.0057636243 0.012935057 325.02108870585 57.46464204126 967.016418 -2.400999999999999 -4.859 -0.013947463989257614 -0.2618229713439941 0.44491073 0.43791074 "" "" 1.201808509183658 "" 0.5263088435498793 "" 1.0
324.56289820332 57.36539446623 0.0343 0.0322 13.2579 "" "" 2178390305693267456 933.566956 1.0487 0.036 -2.506 -5.008 0.046 0.039 0.99 "" "" 16.166664 2.079308 17.216454 15.137145 "" "" 900.335815 965.648865 6431.04042 18.083 1773.5 20.534 6987.2 69.037 "" "" 0.004112423837279503 0.012876831 0.011373891 0.024250722 324.56289820332 57.36539446623 933.566956 -2.5059999999999993 -5.008000000000001 -0.1189474639892576 -0.41082297134399415 0.44391075 0.43691075 "" "" 1.8926014701584108 "" 0.8279301894475086 "" 0.8
324.4118536021 57.49359739121 0.0331 0.0318 11.4998 "" "" 2178395631452868224 876.828613 1.1127 0.0344 -2.542 -4.538 0.047 0.043 1.003 4757.8 4.1522 16.169355 2.272325 17.333263 15.060938 "" "" 854.242676 901.212219 6415.11277 35.102 1592.6 31.256 7495.2 125.89 "" "" 0.006548742056998389 0.021490306 0.01862363 0.040113933 324.4118536021 57.49359739121 876.828613 -2.542 -4.538 -0.15494746398925763 0.059177028656005604 0.44491073 0.44091076 "" "" 0.689355715705633 "" 0.3063521369945159 "" 1.0
325.6106890058 57.49782214777 0.0288 0.028 28.1915 "" "" 2178289459857084160 912.194763 1.0658 0.0318 -1.593 -4.196 0.042 0.039 1.052 4666.5 4.1688 16.171795 1.952395 17.14077 15.188375 "" "" 889.989014 940.494995 6400.71505 13.601 1901.6 16.089 6665.1 43.588 "" "" 0.0035936757538722634 0.0096005555 0.00804362 0.017644174 325.6106890058 57.49782214777 912.194763 -1.5929999999999984 -4.196 0.7940525360107422 0.40117702865600613 0.43991074 0.43691075 "" "" 3.8466358123669604 "" 1.6898361681515222 "" 0.9
325.41358472468 57.8001936929 0.0323 0.0323 25.7389 "" "" 2178490292528479744 927.506592 1.0454 0.0364 -1.706 -4.03 0.044 0.04 1.01 4913.9 4.1698 16.17414 2.10986 17.248844 15.138984 "" "" 898.940735 960.795227 6386.9014 33.785 1721.4 33.081 6975.3 101.31 "" "" 0.006369988384625452 0.021050863 0.01621592 0.037266783 325.41358472468 57.8001936929 927.506592 -1.7060000000000006 -4.03 0.6810525360107422 0.5671770286560056 0.44191074 0.43791074 "" "" 3.8964994260035146 "" 1.7155392362525623 "" 0.8
325.50008626366 57.77735928609 0.03 0.0323 27.4359 "" "" 2178489674053208832 850.133789 1.1518 0.0349 -1.779 -4.018 0.043 0.04 0.97 5400.4 3.8996 16.17977 2.028778 17.20526 15.176481 "" "" 819.933472 876.280396 6353.87649 16.936 1791.9 23.438 6738.5 50.925 "" "" 0.0039958658522032805 0.014472896 0.0090338215 0.023506718 325.50008626366 57.77735928609 850.133789 -1.7790000000000017 -4.018000000000001 0.6080525360107423 0.5791770286560061 0.44091076 0.43791074 "" "" 3.3838705409487644 "" 1.487164481599353 "" 0.9
324.74737518206 57.48924495223 0.0895 0.0827 4.4689 "" "" 2178396937111732992 854.972595 1.1363 0.0697 -2.077 -4.366 0.145 0.126 1.044 "" "" 16.270296 1.581035 16.558216 14.977181 "" "" 816.184875 906.395447 5845.58504 20.74 3251.8 461.96 8096.3 347.35 "" "" 0.004736135236758499 0.15426801 0.046733666 0.20100167 324.74737518206 57.48924495223 854.972595 -2.077000000000001 -4.366 0.31005253601074223 0.2311770286560062 0.54291075 0.52391076 "" "" 1.5673306017193112 "" 0.8404017658955699 "" 0.9
324.25366484146 57.42288062842 0.0331 0.0338 17.9296 "" "" 2178393604228050560 915.357117 1.0648 0.0375 -2.659 -4.93 0.048 0.043 1.017 5274.4 3.8338 16.271187 2.13031 17.356377 15.226067 "" "" 882.913086 939.941956 5840.79622 9.7249 1559.1 11.803 6437.7 34.302 "" "" 0.0032954111819334555 0.008680115 0.006910241 0.015590357 324.25366484146 57.42288062842 915.357117 -2.6590000000000007 -4.929999999999997 -0.2719474639892576 -0.33282297134399386 0.44591075 0.44091076 "" "" 1.864805613883392 "" 0.825958367170114 "" 1.0
324.68974009351 57.63334808507 0.0335 0.0333 4.5295 "" "" 2178402606480266112 894.965515 1.0918 0.0379 -1.865 -4.534 0.049 0.042 1.039 4914.4 4.3621 16.281984 1.894124 17.219212 15.325088 "" "" 864.777283 922.881531 5782.99389 8.9803 1769.0 12.995 5876.6 31.716 "" "" 0.0032302397515296933 0.008449733 0.006972804 0.015422538 324.68974009351 57.63334808507 894.965515 -1.8650000000000007 -4.533999999999999 0.5220525360107422 0.06317702865600605 0.44691074 0.43991074 "" "" 2.2307757608464462 "" 0.99673399628204 "" 0.9
324.90055034482 57.52467344095 0.0359 0.0368 5.555 "" "" 2178398655110430080 962.253418 1.0007 0.0411 -2.444 -4.469 0.049 0.041 1.076 6964.8 4.0632 16.30168 2.382893 17.561592 15.1787 "" "" 933.456177 999.424561 5679.04071 20.432 1290.6 19.985 6724.8 58.123 "" "" 0.004780228862830099 0.017042626 0.010116581 0.027159207 324.90055034482 57.52467344095 962.253418 -2.444 -4.468999999999999 -0.05694746398925776 0.12817702865600555 0.44691074 0.43891075 "" "" 0.6397290663849895 "" 0.2816340475638319 "" 1.0
325.380555096 57.92244816533 0.035 0.0364 29.6424 "" "" 2178503933344724992 966.40033 1.0114 0.0405 -1.989 -4.156 0.048 0.045 1.083 5466.2 3.7817 16.305397 2.034879 17.325315 15.290437 "" "" 935.228088 1001.15015 5659.63028 8.4725 1604.3 12.65 6067.1 26.766 "" "" 0.0031989940686314978 0.009004298 0.0061013843 0.0151056815 325.380555096 57.92244816533 966.40033 -1.989000000000001 -4.156 0.3980525360107421 0.44117702865600616 0.44591075 0.44291073 "" "" 2.7219103082322813 "" 1.2092344977164007 "" 0.9
325.26037431991 57.45190014346 0.035 0.0348 17.941 "" "" 2178475792718532992 881.22168 1.1049 0.0388 -2.374 -4.984 0.047 0.043 1.003 6012.7 4.1592 16.310467 2.28337 17.507233 15.223863 "" "" 845.021973 909.957458 5633.26772 6.145 1356.8 8.6735 6450.8 23.765 "" "" 0.002999085092633939 0.0074805254 0.0055029886 0.012983514 325.26037431991 57.45190014346 881.22168 -2.3739999999999997 -4.984 0.013052536010742077 -0.3868229713439941 0.44491073 0.44091076 "" "" 1.6166755540161484 "" 0.7128170294740781 "" 0.9
324.29295893664 57.50525156282 0.0598 0.0583 14.9477 "" "" 2178441364266809088 1046.33228 0.9358 0.0642 -2.796 -4.252 0.083 0.074 1.659 "" "" 16.326967 2.767037 17.844894 15.077857 "" "" 973.898804 1116.32825 5548.29623 9.9198 994.17 9.0329 7379.3 20.095 "" "" 0.003370459899920743 0.010251853 0.0047984784 0.015050331 324.29295893664 57.50525156282 1046.33228 -2.795999999999999 -4.251999999999999 -0.40894746398925763 0.3451770286560061 0.48091075 0.47191074 "" "" 2.654136520312351 "" 1.2665195060429246 "" 0.8
325.21789040158 57.53074804666 0.0345 0.0367 15.3815 "" "" 2178477201467911040 877.3302 1.1155 0.0408 -2.197 -4.649 0.047 0.046 0.951 5474.2 4.3159 16.326982 2.148641 17.434921 15.286281 "" "" 844.599854 903.152832 5548.22281 6.0855 1450.3 7.8644 6090.4 14.933 "" "" 0.0030016621887990376 0.006515204 0.004622828 0.011138032 325.21789040158 57.53074804666 877.3302 -2.197 -4.649000000000003 0.19005253601074212 -0.05182297134399416 0.44491073 0.44391075 "" "" 0.8191973681514915 "" 0.3644130688912293 "" 1.0
324.70699220462 57.53209924172 0.0435 0.0373 2.2415 "" "" 2178398414591976704 964.878052 1.0122 0.0434 -2.753 -4.985 0.062 0.045 1.085 5635.0 4.3727 16.350258 2.038464 17.374067 15.335603 "" "" 928.755188 1009.7381 5430.54895 7.7533 1533.9 12.997 5819.9 23.461 "" "" 0.0031614366787641153 0.009613441 0.0057827313 0.015396172 324.70699220462 57.53209924172 964.878052 -2.753000000000001 -4.985000000000001 -0.3659474639892579 -0.38782297134399446 0.45991075 0.44291073 "" "" 2.438696106656957 "" 1.0998461612491246 "" 1.0
324.12273431322 57.8450027579 0.0356 0.0352 26.1083 "" "" 2178465209925445376 844.270325 1.1608 0.0405 -2.277 -4.461 0.046 0.046 1.036 4837.1 4.37 16.359682 1.687518 17.168474 15.480956 "" "" 816.424622 880.718201 5383.61807 3.5142 1853.6 10.405 5090.7 12.729 "" "" 0.002845009266154725 0.0067029907 0.004653383 0.011356374 324.12273431322 57.8450027579 844.270325 -2.277 -4.461 0.11005253601074205 0.13617702865600556 0.44391075 0.44391075 "" "" 0.7006736660501257 "" 0.31103657103660254 "" 0.9
324.32086550728 57.43829741473 0.0382 0.0405 15.5814 "" "" 2178393947825444864 830.375977 1.1696 0.0439 -2.356 -4.797 0.055 0.05 1.079 4696.7 4.1684 16.361057 2.228181 17.553572 15.325391 "" "" 796.351501 854.328735 5376.79561 39.756 1300.1 47.924 5874.9 185.71 "" "" 0.008487603723984206 0.04011931 0.0345284 0.07464771 324.32086550728 57.43829741473 830.375977 -2.356 -4.796999999999997 0.031052536010742315 -0.19982297134399385 0.45291075 0.44791076 "" "" 0.7959396733711724 "" 0.3566042924041528 "" 0.9
324.92557838098 57.4971646622 0.0403 0.0431 7.0786 "" "" 2178386835360448128 887.450928 1.0929 0.0471 -2.373 -4.695 0.058 0.047 1.104 6110.6 4.0041 16.369709 2.181004 17.474773 15.29377 "" "" 852.199646 911.685486 5334.12866 6.3175 1398.0 11.649 6048.5 19.098 "" "" 0.003040611739518974 0.009467508 0.0051025674 0.014570075 324.92557838098 57.4971646622 887.450928 -2.373000000000002 -4.695 0.014052536010741967 -0.09782297134399442 0.45591074 0.44491073 "" "" 0.41571816667032024 "" 0.18505105325853363 "" 1.0
325.50018504271 57.3812232004 0.0374 0.0341 26.7371 "" "" 2178284164151439744 896.698364 1.0901 0.0404 -1.716 -4.404 0.06 0.043 0.983 4396.9 4.1501 16.37278 2.023016 17.383377 15.360361 "" "" 858.84967 929.50293 5319.05824 4.6238 1520.8 10.466 5688.7 22.196 "" "" 0.0029124874399881684 0.007975889 0.0056771385 0.013653028 325.50018504271 57.3812232004 896.698364 -1.7159999999999989 -4.404 0.6710525360107422 0.19317702865600594 0.45791075 0.44091076 "" "" 2.968037777026317 "" 1.3553014177664062 "" 0.9
324.46282976952 57.46391433838 0.0382 0.0349 10.8635 "" "" 2178394699429915904 902.393005 1.0848 0.04 -2.608 -4.742 0.054 0.048 0.99 4884.3 4.1762 16.37309 2.227962 17.531668 15.303705 "" "" 870.660156 928.78302 5317.53169 13.432 1326.6 16.01 5993.4 47.466 "" "" 0.003887593391670085 0.013396923 0.009392639 0.022789562 324.46282976952 57.46391433838 902.393005 -2.6080000000000005 -4.742000000000003 -0.2209474639892579 -0.14482297134399413 0.45191073 0.44591075 "" "" 1.129991690660965 "" 0.5086273727896 "" 0.9
324.64669977586 57.50374126183 0.0422 0.0371 4.7737 "" "" 2178397899195898368 992.572693 0.9717 0.0436 -2.515 -4.816 0.056 0.044 1.077 "" "" 16.373653 2.345511 17.605158 15.259647 "" "" 952.995239 1034.35339 5314.7795 8.702 1239.8 8.9585 6241.6 24.298 "" "" 0.0032790244271526945 0.008326664 0.005669966 0.013996629 324.64669977586 57.50374126183 992.572693 -2.515 -4.816000000000001 -0.12794746398925794 -0.21882297134399398 0.45391074 0.44191074 "" "" 1.1925892923630177 "" 0.5307008113195049 "" 1.0
324.73836851408 57.43997631186 0.0406 0.035 7.426 "" "" 2178396627885621888 942.55603 1.0283 0.0405 -2.499 -4.503 0.053 0.042 0.968 "" "" 16.377007 2.436262 17.675522 15.23926 "" "" 912.2948 978.444885 5298.39325 3.6858 1162.0 10.565 6360.0 16.147 "" "" 0.002856964733941052 0.010258343 0.004677826 0.01493617 324.73836851408 57.43997631186 942.55603 -2.4990000000000006 -4.503 -0.11194746398925792 0.09417702865600575 0.45091075 0.43991074 "" "" 0.6535940737593392 "" 0.29175457304512364 "" 0.8
323.85033098134 57.53924308323 0.0349 0.0365 28.8102 "" "" 2178434114361509376 1032.94421 0.9388 0.04 -3.006 -4.737 0.05 0.047 0.981 "" "" 16.383263 2.49655 17.70489 15.20834 "" "" 990.777039 1081.14075 5267.95288 11.594 1131.0 18.35 6543.7 42.355 "" "" 0.003647153408137552 0.017835215 0.007979384 0.025814598 323.85033098134 57.53924308323 1032.94421 -3.006 -4.737 -0.6189474639892576 -0.13982297134399424 0.44791076 0.44491073 "" "" 3.1068274369067352 "" 1.3911303096874206 "" 1.0
