Clusters/IC_1396/IC_1396_stars_in_region.tsv
# %ECSV 1.0
# ---
# datatype:
# - name: RA_ICRS_1
#   unit: deg
#   datatype: float64
#   format: '{:15.11f}'
#   description: Right ascension (ICRS) at Ep=2016.0 (ra)
#   meta: !!omap
#   - {ucd: POS_EQ_RA_MAIN}
#   - {width: 15}
#   - {precision: '11'}
# - name: DE_ICRS_1
#   unit: deg
#   datatype: float64
#   format: '{:15.11f}'
#   description: Declination (ICRS) at Ep=2016.0 (dec)
#   meta: !!omap
#   - {ucd: POS_EQ_DEC_MAIN}
#   - {width: 15}
#   - {precision: '11'}
# - name: e_RA_ICRS
#   unit: mas
#   datatype: float64
#   format: '{:7.4f}'
#   description: Standard error of right ascension (ra_error)
#   meta: !!omap
#   - {ucd: ERROR}
#   - {width: 7}
#   - {precision: '4'}
# - name: e_DE_ICRS
#   unit: mas
#   datatype: float64
#   format: '{:7.4f}'
#   description: Standard error of declination (dec_error)
#   meta: !!omap
#   - {ucd: ERROR}
#   - {width: 7}
#   - {precision: '4'}
# - name: _r_1
#   unit: ''
#   datatype: float64
#   format: '{:7.4f}'
#   description: Distance from center (324.74411117000+57.56370525000)[ICRS], at Epoch=J2016.0
#   meta: !!omap
#   - {ucd: POS_ANG_DIST_GENERAL}
#   - {width: 7}
#   - {precision: '4'}
# - name: HIP
#   datatype: int32
#   description: '? HIP cross-id number, van Leeuwen, Cat. I/311 (hip_original_ext_source_id)'
#   meta: !!omap
#   - {ucd: ID_NUMBER}
#   - {width: 6}
#   - values: {'null': -2147483648}
# - name: TYC2
#   datatype: string
#   description: Tycho-2 cross-id name, Hog et al., Cat. I/259 (tyc2_original_ext_source_id)
#   meta: !!omap
#   - {ucd: ID_CROSSID}
#   - {_votable_string_dtype: char}
# - name: Source
#   datatype: int64
#   description: Source identifier, identical to the Gaia-EDR3 source_id (id)
#   meta: !!omap
#   - {ucd: ID_MAIN}
#   - {width: 19}
# - name: rgeo
#   unit: pc
#   datatype: float64
#   format: '{:15.8f}'
#   description: '? Median of the geometric distance posterior (r_med_geo)'
#   meta: !!omap
#   - {ucd: PHYS_DISTANCE_TRUE}
#   - {width: 15}
#   - {precision: '8'}
#   - values: {'null': .nan}
# - name: Plx
#   unit: mas
#   datatype: float64
#   format: '{:9.4f}'
#   description: '? Parallax (parallax)'
#   meta: !!omap
#   - {ucd: POS_PARLX_TRIG}
#   - {width: 9}
#   - {precision: '4'}
#   - values: {'null': .nan}
# - name: e_Plx
#   unit: mas
#   datatype: float32
#   format: '{:7.4f}'
#   description: '? Standard error of parallax (parallax_error)'
#   meta: !!omap
#   - {ucd: ERROR}
#   - {width: 7}
#   - {precision: '4'}
#   - values: {'null': .nan}
# - name: pmRA
#   unit: mas / yr
#   datatype: float64
#   format: '{:9.3f}'
#   description: '? Proper motion in right ascension direction, pmRA*cosDE (pmra)'
#   meta: !!omap
#   - {ucd: POS_EQ_PMRA}
#   - {width: 9}
#   - {precision: '3'}
#   - values: {'null': .nan}
# - name: pmDE
#   unit: mas / yr
#   datatype: float64
#   format: '{:9.3f}'
#   description: '? Proper motion in declination direction (pmdec)'
#   meta: !!omap
#   - {ucd: POS_EQ_PMDEC}
#   - {width: 9}
#   - {precision: '3'}
#   - values: {'null': .nan}
# - name: e_pmRA
#   unit: mas / yr
#   datatype: float32
#   format: '{:6.3f}'
#   description: '? Standard error of proper motion in right ascension direction (pmra_error)'
#   meta: !!omap
#   - {ucd: ERROR}
#   - {width: 6}
#   - {precision: '3'}
#   - values: {'null': .nan}
# - name: e_pmDE
[...]
#         unit: &id001 !astropy.units.Unit {unit: deg}
#         value: !astropy.table.SerializedColumn {name: SkyCoord.dec}
#       distance: !astropy.table.SerializedColumn
#         __class__: astropy.coordinates.distances.Distance
#         unit: !astropy.units.Unit {unit: pc}
#         value: !astropy.table.SerializedColumn {name: SkyCoord.distance}
#       frame: icrs
#       obstime: !astropy.time.Time {format: jyear_str, in_subfmt: '*', jd1: 367701545.0, jd2: 0.0, out_subfmt: '*', precision: 3, scale: tt}
#       pm_dec: !astropy.table.SerializedColumn
#         __class__: astropy.units.quantity.Quantity
#         unit: !astropy.units.Unit {unit: mas / yr}
#         value: !astropy.table.SerializedColumn {name: SkyCoord.pm_dec}
#       pm_ra_cosdec: !astropy.table.SerializedColumn
#         __class__: astropy.units.quantity.Quantity
#         unit: !astropy.units.Unit {unit: mas / yr}
#         value: !astropy.table.SerializedColumn {name: SkyCoord.pm_ra_cosdec}
#       ra: !astropy.table.SerializedColumn
#         __class__: astropy.coordinates.angles.Longitude
#         unit: *id001
#         value: !astropy.table.SerializedColumn {name: SkyCoord.ra}
#         wrap_angle: !astropy.coordinates.Angle
#           unit: *id001
#           value: 360.0
#       representation_type: spherical
# schema: astropy-2.0
RA_ICRS_1 DE_ICRS_1 e_RA_ICRS e_DE_ICRS _r_1 HIP TYC2 Source rgeo Plx e_Plx pmRA pmDE e_pmRA e_pmDE RUWE Teff logg Gmag BP-RP BPmag RPmag RV e_RV b_rgeo B_rgeo FG e_FG FBP e_FBP FRP e_FRP RAVE5 RAVE6 e_Gmag e_BPmag e_RPmag e_BP-RP SkyCoord.ra SkyCoord.dec SkyCoord.distance SkyCoord.pm_ra_cosdec SkyCoord.pm_dec
[from data line 517]
324.72374723553 57.10796856701 0.0127 0.0134 27.3522 "" "" 2178370720642522880 1066.60388 0.9139 0.0138 -0.382 -5.364 0.017 0.016 1.002 15003.6 4.5938 14.170373 1.177728 14.669834 13.492106 5.93 11.1 1049.58606 1082.50281 40438.72527 28.637 18513.0 55.823 31792.0 58.434 "" "" 0.0028605863753273348 0.0043015387 0.004273888 0.008575426 324.72374723553 57.10796856701 1066.60388 -0.3819999999999997 -5.364000000000001
325.5375189691 58.29451917173 0.0142 0.0145 50.6116 "" "" 2178582926385293312 1043.0448 0.9317 0.0154 3.044 -1.86 0.019 0.017 0.935 "" "" 14.174993 1.415984 14.813915 13.397931 -73.4 9.65 1027.27588 1059.42065 40267.02327 13.778 16213.0 20.761 34673.0 29.386 "" "" 0.002780252327746514 0.0031173688 0.0038897893 0.0070071584 325.5375189691 58.29451917173 1043.0448 3.0439999999999996 -1.8599999999999994
325.66907120502 58.30650442224 0.0152 0.0145 53.4249 "" "" 2178583544860680960 996.318848 0.9749 0.0157 -7.638 -4.884 0.019 0.018 0.967 7397.1 4.0211 14.178284 1.330854 14.766504 13.43565 "" "" 980.9599 1009.62695 40145.15955 9.6737 16936.0 23.868 33489.0 20.659 "" "" 0.002767713580240585 0.003182194 0.0038382718 0.007020466 325.66907120502 58.30650442224 996.318848 -7.638000000000001 -4.884
324.05979696246 57.24708155047 0.0208 0.0223 29.1564 "" "" 2178367422106911616 1042.13416 0.9354 0.0239 -2.399 3.775 0.029 0.03 2.077 5726.6 3.6349 14.178734 1.69124 14.930903 13.239662 -14.88 2.81 1021.67957 1065.67358 40128.51695 17.042 14556.0 35.621 40114.0 78.31 "" "" 0.0027936354977984726 0.003852868 0.004333158 0.008186026 324.05979696246 57.24708155047 1042.13416 -2.3990000000000005 3.7750000000000004
324.03948733702 58.17040585441 0.0702 0.0742 42.7869 "" "" 2179229301780753408 866.753235 1.1124 0.0791 -5.378 -11.159 0.097 0.096 6.835 6309.5 3.7461 14.184606 1.308449 14.747431 13.438982 -5.73 4.95 818.584778 924.066101 39912.10227 21.303 17236.0 13.078 33386.0 16.095 "" "" 0.002815603042457701 0.0029092468 0.003815455 0.0067247017 324.03948733702 58.17040585441 866.753235 -5.378000000000002 -11.158999999999999
325.85732363252 57.5786888836 0.0123 0.0123 35.8286 "" "" 2178294270220606080 1033.66382 0.9388 0.0136 2.598 2.831 0.016 0.015 1.083 "" "" 14.189669 1.255617 14.733605 13.477988 "" "" 1017.0614 1047.69067 39726.40678 7.327 17457.0 14.606 32208.0 18.74 "" "" 0.002762587414543098 0.0029343267 0.0038318152 0.006766142 325.85732363252 57.5786888836 1033.66382 2.598 2.8309999999999995
325.99600710425 57.49280344566 0.0123 0.0124 40.5505 "" "" 2178281144800577408 1069.20081 0.9094 0.0135 -5.214 -0.073 0.017 0.015 1.038 7174.6 3.9136 14.194068 1.45366 14.851421 13.397761 -47.71 3.71 1054.74011 1082.52124 39565.75852 7.8435 15662.0 18.815 34678.0 17.446 "" "" 0.002763714149933563 0.0030799801 0.003818649 0.0068986295 325.99600710425 57.49280344566 1069.20081 -5.214 -0.07299999999999994
324.50385665 56.75707379306 0.02 0.0191 49.0251 "" "" 2178151849109737600 951.831604 1.0272 0.0229 8.497 -8.287 0.028 0.025 1.604 "" "" 14.195132 1.132427 14.658759 13.526332 "" "" 930.857117 971.866638 39526.98605 16.815 18703.0 13.429 30805.0 17.251 "" "" 0.0027937646487995733 0.0028970297 0.003827978 0.0067250077 324.50385665 56.75707379306 951.831604 8.497 -8.287
324.38578622022 57.99633566129 0.0123 0.0122 28.3761 "" "" 2178473421903201664 1031.46106 0.9395 0.0137 -1.189 -7.183 0.016 0.016 1.024 5915.6 3.9858 14.196775 1.43936 14.84561 13.40625 1.28 3.81 1014.04736 1048.2323 39467.21484 8.2764 15746.0 17.368 34408.0 21.675 "" "" 0.0027647113121574488 0.0030363204 0.0038407699 0.0068770903 324.38578622022 57.99633566129 1031.46106 -1.1889999999999996 -7.183
323.85014348945 57.69787156278 0.0155 0.0149 29.8231 "" "" 2178439165245257600 857.547119 1.1399 0.0171 -1.2 2.058 0.022 0.018 1.053 5853.2 3.8879 14.197319 1.430672 14.844653 13.413981 -35.56 3.17 847.32843 869.138428 39447.4836 7.3666 15760.0 14.67 34164.0 21.977 "" "" 0.002762770184782866 0.0029675663 0.0038433752 0.0068109417 323.85014348945 57.69787156278 857.547119 -1.2000000000000002 2.058
323.33564959227 57.04491068361 0.014 0.0128 55.2502 "" "" 2178033651607827200 893.117004 1.0914 0.015 -6.645 -8.212 0.019 0.015 1.011 6255.3 4.1543 14.197339 1.228016 14.730657 13.502641 -18.38 6.05 881.794189 906.914673 39446.72738 6.8322 17505.0 16.025 31485.0 14.946 "" "" 0.0027617299469847863 0.0029619192 0.0038143632 0.0067762826 323.33564959227 57.04491068361 893.117004 -6.645000000000001 -8.212
323.57211298274 57.50759616036 0.0137 0.0137 37.8953 "" "" 2178430197351120256 908.754639 1.0725 0.0155 2.782 2.532 0.019 0.019 0.973 6364.1 4.1182 14.199217 1.181371 14.703465 13.522094 -12.43 4.8 896.126709 921.844421 39378.5763 6.6001 17949.0 15.637 30926.0 16.817 "" "" 0.002761323012054972 0.0029461402 0.0038252193 0.0067713596 323.57211298274 57.50759616036 908.754639 2.782 2.5320000000000005
324.62689539715 57.69977372517 0.0138 0.0131 8.9905 "" "" 2178450194720019200 824.67926 1.1886 0.016 8.374 14.097 0.021 0.017 0.941 5889.1 4.0116 14.201665 1.240742 14.741859 13.501118 -26.61 3.65 814.247681 836.622925 39289.89025 6.3395 17325.0 14.401 31529.0 19.821 "" "" 0.002760883809550822 0.0029324975 0.0038405224 0.00677302 324.62689539715 57.69977372517 824.67926 8.373999999999999 14.096999999999998
323.53000601246 57.26158506202 0.0125 0.0121 43.2183 "" "" 2178411677451910528 823.042725 1.185 0.0137 4.721 0.284 0.017 0.015 1.045 5129.1 3.7665 14.202147 1.616628 14.966284 13.349656 -58.27 3.91 813.765076 832.882629 39272.45427 7.0982 14090.0 10.924 36249.0 13.802 "" "" 0.0027622995857585 0.0029143833 0.0038019242 0.0067163073 323.53000601246 57.26158506202 823.042725 4.721 0.28399999999999964
325.25039217463 57.51114086798 0.0132 0.0143 16.6069 "" "" 2178477304547137536 969.292786 1.0116 0.0155 -7.524 -10.779 0.018 0.019 1.065 6054.5 3.9818 14.20254 1.100228 14.635797 13.535568 -17.73 5.92 951.069641 983.350952 39258.21891 7.7693 19103.0 56.983 30544.0 160.76 "" "" 0.0027636856692061108 0.0042748214 0.0068512014 0.011126023 325.25039217463 57.51114086798 969.292786 -7.524000000000002 -10.779000000000002
324.2064566182 57.8064842762 0.0144 0.0141 22.5737 "" "" 2178461877030836480 898.655273 1.0822 0.0167 -2.694 -4.54 0.019 0.019 1.044 5511.7 3.5342 14.205745 1.923868 15.161881 13.238013 -13.45 8.97 884.338989 914.657471 39142.53171 230.23 11767.0 281.99 40175.0 660.01 "" "" 0.0069551676638860225 0.026168272 0.018232884 0.044401154 324.2064566182 57.8064842762 898.655273 -2.694 -4.54
324.98343902803 57.01552590247 0.0127 0.0138 33.7937 "" "" 2178179233822043904 759.99353 1.289 0.0144 8.469 7.925 0.016 0.016 0.972 5863.9 4.1773 14.210772 1.117343 14.683943 13.5666 30.55 5.12 754.272278 768.367493 38961.70706 6.396 18274.0 15.971 29684.0 13.337 "" "" 0.0027610790246838067 0.0029471118 0.0038107343 0.006757846 324.98343902803 57.01552590247 759.99353 8.469 7.924999999999999
324.4195876658 57.68801081357 0.0154 0.0139 12.8189 "" "" 2178450641396441728 754.001831 1.2979 0.0176 -0.737 0.232 0.022 0.018 1.065 5647.2 4.0071 14.21176 1.379901 14.828849 13.448948 -25.33 3.57 745.060059 763.128784 38926.26587 6.6035 15991.0 21.294 33081.0 16.119 "" "" 0.0027614694909564833 0.0031425091 0.003816229 0.006958738 324.4195876658 57.68801081357 754.001831 -0.737 0.23200000000000015
326.03763066014 57.2388453728 0.0134 0.0131 46.1321 "" "" 2178226822052677120 972.162231 0.9986 0.0157 -2.492 -2.937 0.019 0.017 1.008 8380.7 4.2597 14.213599 1.236476 14.747816 13.51134 "" "" 959.822876 986.486511 38860.37631 6.9072 17230.0 18.848 31234.0 15.903 "" "" 0.002762070218239734 0.0030324352 0.0038195977 0.0068520326 326.03763066014 57.2388453728 972.162231 -2.492 -2.9370000000000003
323.91298894502 57.03454550881 0.0115 0.0122 41.6389 "" "" 2178356152112444800 883.836975 1.1034 0.0132 -11.304 -6.247 0.016 0.016 0.981 6685.3 4.0867 14.214667 1.302179 14.783706 13.481526 -13.88 5.56 872.293274 894.687195 38822.16202 6.5564 16670.0 15.757 32103.0 22.432 "" "" 0.0027614146974627458 0.0029729246 0.003854775 0.0068277 323.91298894502 57.03454550881 883.836975 -11.304000000000002 -6.247
325.93978973034 57.13239344811 0.0137 0.013 46.5597 "" "" 2178219228550381184 996.00708 0.9804 0.0156 -7.671 -6.731 0.017 0.015 0.968 7113.1 4.1315 14.215303 1.21007 14.735489 13.525419 -20.7 5.1 980.891296 1015.16248 38799.42366 7.0751 17427.0 16.943 30831.0 18.917 "" "" 0.002762424178103022 0.0029831699 0.0038376448 0.0068208147 325.93978973034 57.13239344811 996.00708 -7.671000000000001 -6.731000000000001
324.3783990873 57.06979868585 0.0273 0.0288 31.9153 "" "" 2178350448396242048 797.991516 1.234 0.0312 5.918 1.459 0.037 0.037 2.259 5784.4 3.9847 14.215892 1.14649 14.697093 13.550603 -18.05 6.85 780.675537 814.517029 38778.41956 7.5937 18054.0 22.093 30124.0 27.912 "" "" 0.00276351103473995 0.003090359 0.0039109825 0.0070013413 324.3783990873 57.06979868585 797.991516 5.917999999999999 1.4589999999999992
323.23479328134 57.91895845607 0.0373 0.0401 52.8249 "" "" 2179210232125419264 949.203186 1.0157 0.0427 -1.284 4.122 0.05 0.051 2.834 "" "" 14.219007 1.795934 15.084237 13.288303 -14.05 6.12 915.169189 983.831116 38667.34142 10.578 12639.0 16.652 38356.0 15.977 "" "" 0.0027712829895741283 0.0031354881 0.0038063452 0.0069418335 323.23479328134 57.91895845607 949.203186 -1.284 4.122
323.63542732537 57.65448474624 0.0139 0.014 36.0483 "" "" 2178438065731333760 1073.90784 0.9017 0.0154 -3.237 -3.263 0.019 0.019 0.986 "" "" 14.219142 1.188236 14.723571 13.535335 "" "" 1053.48083 1094.23096 38662.4945 6.9752 17619.0 16.641 30551.0 15.57 "" "" 0.0027622741638573577 0.0029726478 0.0038196736 0.0067923213 323.63542732537 57.65448474624 1073.90784 -3.237 -3.263000000000001
326.43256538472 57.50895111801 0.0126 0.0136 54.4759 "" "" 2178301898083047296 965.972107 1.0091 0.0144 -6.898 4.774 0.019 0.018 0.942 "" "" 14.219378 1.791013 15.089728 13.298716 9.05 2.88 952.773254 980.751099 38654.10089 7.4109 12576.0 16.123 37990.0 23.139 "" "" 0.002763172174493194 0.0031181097 0.0038368015 0.006954911 326.43256538472 57.50895111801 965.972107 -6.898 4.774
323.52058003078 57.84454698743 0.0142 0.0147 42.6889 "" "" 2179195045121086720 1078.61206 0.8986 0.0161 -2.503 -4.342 0.018 0.017 1.08 7565.4 3.8893 14.222903 1.549519 14.936312 13.386792 -27.59 7.29 1059.52222 1098.17041 38528.80383 8.1412 14484.0 17.856 35030.0 16.901 "" "" 0.0027648547798029277 0.0030946152 0.0038155122 0.0069101276 323.52058003078 57.84454698743 1078.61206 -2.5030000000000006 -4.3420000000000005
324.9441534291 56.88871532049 0.0129 0.0132 41.0172 "" "" 2178165386847342336 900.549866 1.0783 0.0149 -4.664 -1.546 0.017 0.016 0.872 5588.9 4.1299 14.22403 1.189119 14.731668 13.542548 -45.03 5.46 888.990662 913.89209 38488.80169 6.1984 17488.0 23.987 30349.0 22.026 "" "" 0.00276086263181222 0.003162726 0.0038606527 0.0070233787 324.9441534291 56.88871532049 900.549866 -4.663999999999999 -1.5459999999999998
323.37376839929 57.94114720513 0.0363 0.0434 49.3702 "" "" 2179209029534582272 919.047913 1.0688 0.0454 -2.096 0.192 0.047 0.049 2.762 7210.3 3.9615 14.227892 1.486544 14.905167 13.418623 -1.4 6.03 886.08905 956.991638 38352.16703 7.5504 14906.0 16.078 34018.0 15.394 "" "" 0.0027635987582329945 0.003025976 0.0038111843 0.0068371603 323.37376839929 57.94114720513 919.047913 -2.096 0.19199999999999975
323.56548265395 57.66503700976 0.0137 0.0154 38.3618 "" "" 2179188722929169792 918.002319 1.0593 0.0156 -1.441 -2.611 0.017 0.019 0.866 "" "" 14.228831 1.29325 14.792941 13.499691 "" "" 905.561279 932.838379 38319.00175 6.2241 16529.0 14.667 31571.0 16.368 "" "" 0.0027609582273976484 0.00295182 0.003821071 0.0067728907 323.56548265395 57.66503700976 918.002319 -1.4410000000000003 -2.6110000000000007
324.94865227177 56.88722652891 0.0125 0.0132 41.1288 "" "" 2178165386847343104 1072.91602 0.905 0.0145 0.773 -3.569 0.016 0.016 1.006 15079.4 4.6077 14.24104 1.194807 14.732823 13.538016 -11.19 4.76 1056.27734 1093.60559 37890.52407 7.7542 17470.0 33.489 30476.0 64.59 "" "" 0.002764264676331785 0.0034809245 0.0044247815 0.007905706 324.94865227177 56.88722652891 1072.91602 0.7729999999999998 -3.569
325.03698058278 58.4082880999 0.0142 0.0156 51.5239 "" "" 2178579181173444096 839.655701 1.1669 0.0159 -7.418 3.173 0.02 0.019 1.089 6225.6 3.9981 14.241925 1.408055 14.873812 13.465756 -19.87 3.6 828.05957 851.515686 37859.65214 7.6647 15342.0 15.398 32573.0 16.58 "" "" 0.0027640739533251533 0.0029954119 0.0038195746 0.0068149865 325.03698058278 58.4082880999 839.655701 -7.418 3.173
324.76991014351 57.47141317561 0.0162 0.0156 5.5996 "" "" 2178397040202477952 920.889587 1.0578 0.0167 -2.488 -5.028 0.019 0.017 1.053 5477.7 3.584 14.242593 1.72613 15.065233 13.339104 -34.43 4.68 909.90741 934.141968 37836.38736 75.314 12862.0 88.175 36603.0 194.07 "" "" 0.0035017818045299976 0.007949005 0.0068863756 0.01483538 324.76991014351 57.47141317561 920.889587 -2.4880000000000004 -5.028
325.27572339951 58.08759969993 0.0129 0.0132 35.7288 "" "" 2178555747831850368 850.273254 1.1474 0.0151 -3.585 -3.845 0.016 0.015 1.033 6668.3 4.0472 14.243509 1.285005 14.80615 13.521145 -29.07 8.0 839.951416 860.525024 37804.44746 6.6355 16329.0 16.424 30953.0 16.915 "" "" 0.0027619026809609583 0.002996269 0.0038256717 0.0068219407 325.27572339951 58.08759969993 850.273254 -3.5849999999999995 -3.8450000000000006
326.34742676228 57.43919209345 0.0136 0.0132 52.2215 "" "" 2178253279051622272 872.395691 1.1174 0.0145 3.691 0.013 0.019 0.017 0.951 5644.8 4.1423 14.245927 1.174872 14.748244 13.573372 -24.78 5.75 862.728271 881.811584 37720.37917 6.6422 17223.0 14.533 29499.0 15.765 "" "" 0.0027619453619370645 0.002936732 0.0038236645 0.0067603965 326.34742676228 57.43919209345 872.395691 3.690999999999999 0.013000000000000221
326.18283855297 57.85558018903 0.0127 0.0136 49.3271 "" "" 2178324678589611008 789.964478 1.2444 0.0141 -5.643 -12.666 0.017 0.017 0.984 5763.7 4.0295 14.251976 1.380716 14.871154 13.490438 -50.01 3.04 780.757568 798.254517 37510.80663 5.9742 15380.0 13.468 31841.0 19.817 "" "" 0.002760741035448002 0.0029477098 0.0038393154 0.0067870254 326.18283855297 57.85558018903 789.964478 -5.643 -12.666
323.78290942096 58.12082375681 0.0148 0.0151 45.3822 "" "" 2179234490103495808 1063.53662 0.9117 0.0159 1.635 -1.305 0.021 0.019 1.03 7172.7 3.8331 14.252071 1.558873 14.973245 13.414371 -47.51 2.78 1046.31909 1081.63757 37507.51626 5.9162 14000.0 13.089 34151.0 12.595 "" "" 0.002760637323939263 0.002969082 0.0038005349 0.006769617 323.78290942096 58.12082375681 1063.53662 1.6349999999999998 -1.305
323.9531610098 57.98817239344 0.0137 0.0144 35.9021 "" "" 2179217997426740480 1070.55591 0.9103 0.0154 3.08 1.134 0.018 0.018 0.927 "" "" 14.252183 1.382439 14.866356 13.483917 "" "" 1052.65125 1089.27502 37503.65679 7.4 15448.0 17.046 32033.0 15.719 "" "" 0.0027636360733887633 0.003036506 0.0038167508 0.006853257 323.9531610098 57.98817239344 1070.55591 3.08 1.1340000000000001
324.18153777193 57.68704808957 0.0146 0.0156 19.5303 "" "" 2178448442372991744 889.752441 1.0956 0.0167 1.181 -2.003 0.019 0.019 1.018 6250.4 3.9729 14.262543 1.369852 14.87392 13.504068 -26.46 7.26 875.88623 903.564636 37147.51554 9.4888 15341.0 16.162 31444.0 29.821 "" "" 0.0027692425868396536 0.00301553 0.003917142 0.006932672 324.18153777193 57.68704808957 889.752441 1.181 -2.003
324.10656149083 56.88668480891 0.0132 0.0124 45.5944 "" "" 2178341686662658304 950.076904 1.0275 0.0146 -2.739 -3.168 0.017 0.016 0.994 7744.2 4.1649 14.264774 1.222244 14.791568 13.569324 "" "" 936.914001 961.225586 37071.22393 17.385 16550.0 26.561 29609.0 48.107 "" "" 0.002801971199236114 0.0032895785 0.0041707996 0.007460378 324.10656149083 56.88668480891 950.076904 -2.738999999999999 -3.168
