Clusters/IC_1396/IC_1396_members.tsv
# %ECSV 1.0
# ---
# datatype:
# - name: RA_ICRS_1
#   unit: deg
#   datatype: float64
#   format: '{:15.11f}'
#   description: Right ascension (ICRS) at Ep=2016.0 (ra)
#   meta: !!omap
#   - {ucd: POS_EQ_RA_MAIN}
#   - {width: 15}
#   - {precision: '11'}
# - name: DE_ICRS_1
#   unit: deg
#   datatype: float64
#   format: '{:15.11f}'
#   description: Declination (ICRS) at Ep=2016.0 (dec)
#   meta: !!omap
#   - {ucd: POS_EQ_DEC_MAIN}
#   - {width: 15}
#   - {precision: '11'}
# - name: e_RA_ICRS
#   unit: mas
#   datatype: float64
#   format: '{:7.4f}'
#   description: Standard error of right ascension (ra_error)
#   meta: !!omap
#   - {ucd: ERROR}
#   - {width: 7}
#   - {precision: '4'}
# - name: e_DE_ICRS
#   unit: mas
#   datatype: float64
#   format: '{:7.4f}'
#   description: Standard error of declination (dec_error)
#   meta: !!omap
#   - {ucd: ERROR}
#   - {width: 7}
#   - {precision: '4'}
# - name: _r_1
#   unit: ''
#   datatype: float64
#   format: '{:7.4f}'
#   description: Distance from center (324.74411117000+57.56370525000)[ICRS], at Epoch=J2016.0
#   meta: !!omap
#   - {ucd: POS_ANG_DIST_GENERAL}
#   - {width: 7}
#   - {precision: '4'}
# - name: HIP
#   datatype: int32
#   description: '? HIP cross-id number, van Leeuwen, Cat. I/311 (hip_original_ext_source_id)'
#   meta: !!omap
#   - {ucd: ID_NUMBER}
#   - {width: 6}
#   - values: {'null': -2147483648}
# - name: TYC2
#   datatype: string
#   description: Tycho-2 cross-id name, Hog et al., Cat. I/259 (tyc2_original_ext_source_id)
#   meta: !!omap
#   - {ucd: ID_CROSSID}
#   - {_votable_string_dtype: char}
# - name: Source
#   datatype: int64
#   description: Source identifier, identical to the Gaia-EDR3 source_id (id)
#   meta: !!omap
#   - {ucd: ID_MAIN}
#   - {width: 19}
# - name: rgeo
#   unit: pc
#   datatype: float64
#   format: '{:15.8f}'
#   description: '? Median of the geometric distance posterior (r_med_geo)'
#   meta: !!omap
#   - {ucd: PHYS_DISTANCE_TRUE}
#   - {width: 15}
#   - {precision: '8'}
#   - values: {'null': .nan}
# - name: Plx
#   unit: mas
#   datatype: float64
#   format: '{:9.4f}'
#   description: '? Parallax (parallax)'
#   meta: !!omap
#   - {ucd: POS_PARLX_TRIG}
#   - {width: 9}
#   - {precision: '4'}
#   - values: {'null': .nan}
# - name: e_Plx
#   unit: mas
#   datatype: float32
#   format: '{:7.4f}'
#   description: '? Standard error of parallax (parallax_error)'
#   meta: !!omap
#   - {ucd: ERROR}
#   - {width: 7}
#   - {precision: '4'}
#   - values: {'null': .nan}
# - name: pmRA
#   unit: mas / yr
#   datatype: float64
#   format: '{:9.3f}'
#   description: '? Proper motion in right ascension direction, pmRA*cosDE (pmra)'
#   meta: !!omap
#   - {ucd: POS_EQ_PMRA}
#   - {width: 9}
#   - {precision: '3'}
#   - values: {'null': .nan}
# - name: pmDE
#   unit: mas / yr
#   datatype: float64
#   format: '{:9.3f}'
#   description: '? Proper motion in declination direction (pmdec)'
#   meta: !!omap
#   - {ucd: POS_EQ_PMDEC}
#   - {width: 9}
#   - {precision: '3'}
#   - values: {'null': .nan}
# - name: e_pmRA
#   unit: mas / yr
#   datatype: float32
#   format: '{:6.3f}'
#   description: '? Standard error of proper motion in right ascension direction (pmra_error)'
#   meta: !!omap
#   - {ucd: ERROR}
#   - {width: 6}
#   - {precision: '3'}
#   - values: {'null': .nan}
# - name: e_pmDE
[...]
#       distance: !astropy.table.SerializedColumn
#         __class__: astropy.coordinates.distances.Distance
#         unit: !astropy.units.Unit {unit: pc}
#         value: !astropy.table.SerializedColumn {name: SkyCoord.distance}
#       frame: icrs
#       obstime: !astropy.time.Time {format: jyear_str, in_subfmt: '*', jd1: 367701545.0, jd2: 0.0, out_subfmt: '*', precision: 3, scale: tt}
#       pm_dec: !astropy.table.SerializedColumn
#         __class__: astropy.units.quantity.Quantity
#         unit: !astropy.units.Unit {unit: mas / yr}
#         value: !astropy.table.SerializedColumn {name: SkyCoord.pm_dec}
#       pm_ra_cosdec: !astropy.table.SerializedColumn
#         __class__: astropy.units.quantity.Quantity
#         unit: !astropy.units.Unit {unit: mas / yr}
#         value: !astropy.table.SerializedColumn {name: SkyCoord.pm_ra_cosdec}
#       ra: !astropy.table.SerializedColumn
#         __class__: astropy.coordinates.angles.Longitude
#         unit: *id001
#         value: !astropy.table.SerializedColumn {name: SkyCoord.ra}
#         wrap_angle: !astropy.coordinates.Angle
#           unit: *id001
#           value: 360.0
#       representation_type: spherical
# schema: astropy-2.0
RA_ICRS_1 DE_ICRS_1 e_RA_ICRS e_DE_ICRS _r_1 HIP TYC2 Source rgeo Plx e_Plx pmRA pmDE e_pmRA e_pmDE RUWE Teff logg Gmag BP-RP BPmag RPmag RV e_RV b_rgeo B_rgeo FG e_FG FBP e_FBP FRP e_FRP RAVE5 RAVE6 e_Gmag e_BPmag e_RPmag e_BP-RP SkyCoord.ra SkyCoord.dec SkyCoord.distance SkyCoord.pm_ra_cosdec SkyCoord.pm_dec rmRA rmDE e_rmRA e_rmDE rRV e_rRV v_pec v_pec3d e_vpec e_vpec3d Pmemb
[from data line 151]
323.97366172662 57.33498069077 0.0343 0.0331 28.4068 "" "" 2178415044706597376 1047.23779 0.932 0.0377 -2.782 -4.511 0.049 0.042 1.003 7491.8 4.3147 16.395327 1.676489 17.186043 15.509554 "" "" 1003.40186 1087.50476 5209.74427 2.59 1823.9 9.4572 4958.3 10.971 "" "" 0.0028076929286154693 0.0062832045 0.0044782865 0.010761491 323.97366172662 57.33498069077 1047.23779 -2.782 -4.511000000000001 -0.39494746398925784 0.08617702865600574 0.44691074 0.43991074 "" "" 2.00660982820219 "" 0.8961418970283742 "" 0.9
324.76626928686 57.51767977973 0.0423 0.0373 2.8522 "" "" 2178398105354350592 943.081848 1.0447 0.0446 -2.484 -4.607 0.057 0.043 0.986 6017.4 4.1501 16.414038 2.265855 17.594097 15.328242 "" "" 912.99884 978.584412 5120.72972 29.384 1252.5 31.337 5859.5 90.006 "" "" 0.006812299937639721 0.027307557 0.017100532 0.04440809 324.76626928686 57.51767977973 943.081848 -2.484 -4.607 -0.0969474639892578 -0.009822971343994347 0.45491076 0.44091076 "" "" 0.4355942196787652 "" 0.19809546880434728 "" 1.0
324.60791652671 57.70133363927 0.0373 0.0359 9.3449 "" "" 2178450160360276480 881.638123 1.1069 0.0434 -2.615 -4.488 0.056 0.048 1.038 5169.9 3.8211 16.422993 2.208461 17.504177 15.295716 "" "" 847.714233 917.936462 5078.67058 6.9813 1360.6 16.716 6037.7 46.542 "" "" 0.003133577315487562 0.013627779 0.00918323 0.022811009 324.60791652671 57.70133363927 881.638123 -2.615 -4.487999999999998 -0.22794746398925803 0.10917702865600543 0.45391074 0.44591075 "" "" 1.0562094155241932 "" 0.47785947011170976 "" 1.0
324.30063675662 57.45727619545 0.0383 0.0378 15.6542 "" "" 2178394016544908288 919.452148 1.0529 0.0418 -2.848 -4.87 0.053 0.049 1.034 6009.4 4.1418 16.43082 2.373926 17.689543 15.315617 "" "" 886.076416 953.04541 5042.18688 42.694 1147.1 40.697 5928.0 128.23 "" "" 0.009597335942506061 0.03862084 0.02378797 0.062408812 324.30063675662 57.45727619545 919.452148 -2.847999999999999 -4.870000000000001 -0.4609474639892577 -0.27282297134399425 0.45091075 0.44691074 "" "" 2.3344065070415607 "" 1.0501944720579255 "" 1.0
324.2977566632 57.49127063128 0.0375 0.0394 15.0212 "" "" 2178441055029170688 937.539795 1.042 0.0422 -2.859 -4.494 0.052 0.05 1.04 4170.5 4.0693 16.449606 2.297753 17.661247 15.363494 "" "" 901.01062 977.459961 4955.6922 3.7788 1177.4 6.8769 5672.3 10.905 "" "" 0.002877011507772131 0.006928193 0.004317484 0.011245677 324.2977566632 57.49127063128 937.539795 -2.8589999999999995 -4.494 -0.4719474639892578 0.10317702865600609 0.44991076 0.44791076 "" "" 2.146840525440087 "" 0.965691213433269 "" 1.0
324.6181308269 57.51864947237 0.0454 0.0376 4.875 "" "" 2178400888493120640 919.71936 1.0609 0.0469 -2.702 -4.693 0.061 0.046 1.007 "" "" 16.497673 2.357728 17.744255 15.386527 "" "" 885.588257 959.262695 4741.08576 8.0456 1090.7 10.71 5553.3 23.936 "" "" 0.0033145972706426262 0.011020321 0.0060153143 0.017035635 324.6181308269 57.51864947237 919.71936 -2.702 -4.692999999999997 -0.31494746398925777 -0.09582297134399376 0.45891073 0.44391075 "" "" 1.435146100530603 "" 0.6568074060681884 "" 1.0
324.64319197184 57.36048864964 0.0407 0.037 12.6205 "" "" 2178390374413009152 853.436462 1.1538 0.0418 -2.158 -4.616 0.055 0.045 0.988 4080.5 4.1398 16.505276 1.998354 17.50453 15.506176 "" "" 823.41217 882.506226 4707.99893 6.7175 1360.2 10.296 4973.8 19.931 "" "" 0.003160961709732945 0.008679171 0.005763058 0.01444223 324.64319197184 57.36048864964 853.436462 -2.158 -4.616 0.22905253601074227 -0.0188229713439938 0.45291075 0.44291073 "" "" 0.9297070785238764 "" 0.4210126517431363 "" 1.0
324.80368911883 57.35243652777 0.0455 0.0461 12.8211 "" "" 2178383536825113984 880.661926 1.1031 0.0439 -2.462 -4.962 0.063 0.056 1.049 "" "" 16.518114 2.533964 17.895662 15.361698 "" "" 847.05011 924.12854 4652.65797 11.65 948.75 12.561 5681.7 39.572 "" "" 0.0038707497399301516 0.014642919 0.008453807 0.023096725 324.80368911883 57.35243652777 880.661926 -2.461999999999999 -4.962000000000002 -0.074947463989258 -0.3648229713439939 0.46091074 0.45391074 "" "" 1.5546979423037046 "" 0.7061380470859971 "" 0.9
325.31308211707 58.11443206079 0.0375 0.0368 37.7103 "" "" 2178557259660336768 835.262024 1.1599 0.0426 -2.259 -3.681 0.049 0.047 1.029 5654.4 4.102 16.523838 2.36065 17.764467 15.403817 "" "" 808.213684 863.503235 4628.19191 23.939 1070.6 25.14 5465.5 82.148 "" "" 0.006255402211635898 0.025647651 0.016750846 0.042398497 325.31308211707 58.11443206079 835.262024 -2.2590000000000012 -3.681000000000002 0.1280525360107423 0.9161770286560058 0.44691074 0.44491073 "" "" 3.662533332963585 "" 1.6296410611076242 "" 0.8
325.59610875911 57.65353676107 0.0388 0.0393 27.9101 "" "" 2178484623171705856 923.845703 1.0389 0.0429 -1.612 -4.065 0.052 0.05 1.114 8322.7 4.4104 16.526802 2.205075 17.6597 15.454625 "" "" 887.618713 954.219971 4615.57462 9.4924 1179.1 11.579 5215.6 27.311 "" "" 0.0035465128176198368 0.011021183 0.0068269316 0.017848115 325.59610875911 57.65353676107 923.845703 -1.6119999999999997 -4.065000000000001 0.7750525360107421 0.5321770286560055 0.44991076 0.44791076 "" "" 4.117029473279227 "" 1.8496616072031329 "" 0.9
324.17111195301 57.41259108177 0.0376 0.0357 20.5828 "" "" 2178417003211880448 950.246155 1.0377 0.0416 -1.697 -4.65 0.055 0.048 0.908 5068.5 4.6205 16.527208 1.58269 17.240778 15.658088 "" "" 908.756775 988.371094 4613.84622 2.5196 1734.2 6.8368 4324.4 9.1797 "" "" 0.002818392829772107 0.0051094363 0.0044267005 0.009536137 324.17111195301 57.41259108177 950.246155 -1.6970000000000005 -4.65 0.6900525360107421 -0.052822971343994496 0.45291075 0.44591075 "" "" 3.117204830068011 "" 1.4116894395851791 "" 0.8
325.01136323456 57.5847038626 0.0399 0.0424 8.69 "" "" 2178399342305198720 936.22113 1.0383 0.0485 -2.25 -4.589 0.057 0.049 1.096 8409.6 4.2846 16.528711 2.221805 17.64172 15.419915 "" "" 897.403931 983.20636 4607.46753 23.433 1198.8 25.796 5385.1 93.098 "" "" 0.006171172080664009 0.023529088 0.019146992 0.04267608 325.01136323456 57.5847038626 936.22113 -2.25 -4.589 0.1370525360107422 0.008177028656005447 0.45491076 0.44691074 "" "" 0.6092779612713887 "" 0.27714995955478317 "" 1.0
324.43810881747 57.32837279216 0.0395 0.0339 17.233 "" "" 2178389339310069888 872.589539 1.1082 0.0406 -2.774 -5.1 0.054 0.044 1.039 6367.3 4.2048 16.531296 2.16128 17.611528 15.450249 "" "" 843.043152 899.246399 4596.51136 21.751 1232.6 26.364 5236.7 59.99 "" "" 0.005829968576984793 0.023389755 0.012999383 0.03638914 324.43810881747 57.32837279216 872.589539 -2.774 -5.1 -0.38694746398925783 -0.5028229713439938 0.45191073 0.44191074 "" "" 2.624238274512228 "" 1.1695084784578267 "" 0.9
325.13062154469 57.5615387015 0.0404 0.0399 12.4396 "" "" 2178480461336365824 947.607605 1.0128 0.0466 -2.528 -4.299 0.052 0.045 1.136 "" "" 16.53256 2.007946 17.30266 15.294714 "" "" 916.999146 995.586365 4591.16125 115.56 1638.1 97.976 6043.3 324.12 "" "" 0.027466639363897087 0.06499862 0.05835375 0.12335236 325.13062154469 57.5615387015 947.607605 -2.5279999999999996 -4.2989999999999995 -0.14094746398925784 0.2981770286560055 0.44991076 0.44291073 "" "" 1.4814018357268286 "" 0.6580348593959904 "" 1.0
325.3273061285 57.9719309534 0.0349 0.0368 30.7932 "" "" 2178507231879588992 912.645325 1.0533 0.0407 -1.83 -3.844 0.046 0.044 0.998 "" "" 16.546572 2.721226 18.059591 15.338366 "" "" 882.467957 946.340576 4532.29353 4.2028 815.79 6.1828 5805.1 14.016 "" "" 0.0029335036978160355 0.008688873 0.0045995256 0.013288398 325.3273061285 57.9719309534 912.645325 -1.8299999999999996 -3.844000000000001 0.5570525360107421 0.753177028656006 0.44391075 0.44191074 "" "" 4.052513933275885 "" 1.7937195209244208 "" 0.8
324.81163242954 57.40889348656 0.0429 0.0388 9.5405 "" "" 2178384567617482496 885.695007 1.0922 0.0432 -2.418 -4.828 0.058 0.046 0.981 "" "" 16.548841 2.619883 17.999165 15.379281 "" "" 854.325256 915.188965 4522.82834 4.014 862.48 7.5194 5590.4 13.781 "" "" 0.0029189539118462163 0.009868479 0.0046311133 0.014499593 324.81163242954 57.40889348656 885.695007 -2.4179999999999993 -4.827999999999999 -0.03094746398925796 -0.23082297134399443 0.45591074 0.44391075 "" "" 0.9777106058698091 "" 0.4342261747542065 "" 1.0
323.50033669472 57.71415225348 0.0408 0.0408 40.9507 "" "" 2179189788081043840 973.710022 0.999 0.0459 -2.582 -4.56 0.051 0.052 0.88 5213.9 4.3133 16.58421 1.943645 17.552002 15.608356 "" "" 937.784119 1016.55151 4377.8674 2.4034 1302.0 7.0111 4527.1 7.6032 "" "" 0.0028190553860964317 0.006478207 0.004196284 0.0106744915 323.50033669472 57.71415225348 973.710022 -2.5820000000000007 -4.56 -0.19494746398925766 0.03717702865600625 0.44891074 0.44991076 "" "" 0.9159725883099997 "" 0.41122211300705175 "" 1.0
324.57286897146 57.68387230292 0.0446 0.0425 9.0694 "" "" 2178450022921322240 974.233459 0.9961 0.0492 -2.52 -4.37 0.067 0.06 1.006 4138.6 4.0776 16.59859 2.282805 17.805107 15.522302 "" "" 932.342407 1029.31689 4320.26312 3.8817 1031.3 10.814 4900.5 12.215 "" "" 0.00292291432024489 0.011721726 0.0046484233 0.01637015 324.57286897146 57.68387230292 974.233459 -2.5200000000000005 -4.370000000000001 -0.13294746398925783 0.22717702865600575 0.46491075 0.45791075 "" "" 1.2155118815534298 "" 0.5587788724511054 "" 0.8
324.42817127636 57.55696687609 0.0531 0.0488 10.1764 "" "" 2178443219693138688 872.228821 1.1233 0.0545 -2.764 -4.475 0.099 0.076 1.148 5873.6 4.6087 16.599653 1.719091 17.328527 15.609437 "" "" 828.33783 912.686707 4316.04055 114.46 1599.6 129.46 4522.5 451.73 "" "" 0.02892490383112688 0.08791588 0.10851461 0.19643049 324.42817127636 57.55696687609 872.228821 -2.763999999999998 -4.474999999999997 -0.3769474639892576 0.12217702865600621 0.49691075 0.47391075 "" "" 1.6382553034297822 "" 0.810559877941431 "" 0.8
324.28694367939 57.94934697527 0.0392 0.0389 27.3779 "" "" 2178471802685776768 893.873901 1.1006 0.045 -2.832 -4.715 0.055 0.052 1.003 5407.6 4.2148 16.607769 2.329694 17.84084 15.511146 "" "" 855.325745 932.913635 4283.90083 7.4716 997.89 9.3087 4951.1 29.295 "" "" 0.003343303747187844 0.010505461 0.0074534225 0.017958883 324.28694367939 57.94934697527 893.873901 -2.832 -4.715 -0.44494746398925766 -0.117822971343994 0.45291075 0.44991076 "" "" 1.9502019819276541 "" 0.8828852690105575 "" 1.0
324.86192703363 57.88440656827 0.0362 0.0358 19.6088 "" "" 2178547604573541120 919.751221 1.0612 0.0412 -2.15 -4.008 0.046 0.043 1.008 4769.2 4.1856 16.611029 2.223891 17.77622 15.552329 "" "" 887.884216 949.661011 4271.05619 4.2983 1059.1 7.7064 4766.8 14.181 "" "" 0.0029640679856172483 0.008378451 0.00497159 0.013350041 324.86192703363 57.88440656827 919.751221 -2.15 -4.008 0.23705253601074228 0.5891770286560059 0.44391075 0.44091076 "" "" 2.7686972248761053 "" 1.2219090340399403 "" 1.0
324.76449001182 57.51461948109 0.0471 0.0429 3.0174 "" "" 2178398105354351232 857.01886 1.1333 0.0484 -2.539 -4.753 0.061 0.051 0.966 6190.2 4.1926 16.628366 2.329684 17.864979 15.535295 "" "" 812.527405 899.31366 4203.39281 11.698 975.94 13.806 4842.2 33.836 "" "" 0.004089231214980336 0.015610591 0.00847607 0.024086662 324.76449001182 57.51461948109 857.01886 -2.5389999999999993 -4.753 -0.15194746398925796 -0.15582297134399425 0.45891073 0.44891074 "" "" 0.8841278090227562 "" 0.4012281311253515 "" 1.0
325.01080757189 57.36911746971 0.0447 0.0498 14.5041 "" "" 2178382196795600896 950.766541 1.0169 0.0479 -2.301 -4.832 0.062 0.058 0.984 5411.1 3.8551 16.63796 2.271873 17.827324 15.555451 "" "" 904.743103 996.764709 4166.41502 13.277 1010.4 12.451 4753.1 44.548 "" "" 0.0044229625766762865 0.013667195 0.0108551355 0.02452233 325.01080757189 57.36911746971 950.766541 -2.3009999999999993 -4.832 0.08605253601074203 -0.234822971343994 0.45991075 0.45591074 "" "" 1.1270806951196595 "" 0.5143840081711089 "" 1.0
324.76406856263 57.08073457673 0.041 0.0441 28.9855 "" "" 2178183013393183104 905.986633 1.0829 0.0464 -1.858 -4.681 0.052 0.052 1.063 4161.8 4.125 16.646427 2.069812 17.704 15.634189 "" "" 872.379639 953.260376 4134.05496 10.125 1131.9 13.996 4420.6 38.966 "" "" 0.0038292134736007196 0.013712058 0.010289595 0.024001654 324.76406856263 57.08073457673 905.986633 -1.858 -4.681 0.5290525360107421 -0.08382297134399419 0.44991076 0.44991076 "" "" 2.3002906797017366 "" 1.0349255277549405 "" 0.9
325.09352453586 57.5427971659 0.0401 0.0415 11.3177 "" "" 2178480328203977600 915.126099 1.0484 0.0467 -1.851 -4.808 0.054 0.05 1.036 3924.9 4.046 16.653906 2.410446 17.950762 15.540316 "" "" 889.736206 954.984741 4105.67355 2.6417 901.8 6.7355 4819.8 10.044 "" "" 0.002842502370020708 0.008575895 0.004404878 0.012980772 325.09352453586 57.5427971659 915.126099 -1.851 -4.808000000000001 0.5360525360107422 -0.21082297134399397 0.45191073 0.44791076 "" "" 2.4985991517763195 "" 1.1278101152182727 "" 0.8
325.04939032615 57.67000175894 0.0417 0.0457 11.701 "" "" 2178493694129380096 969.927063 1.0155 0.0514 -1.446 -3.333 0.062 0.053 1.105 5636.1 4.3276 16.664005 1.963042 17.566336 15.603293 "" "" 918.934631 1013.8526 4067.65913 33.386 1284.9 48.491 4548.2 95.309 "" "" 0.009327603852912484 0.04106962 0.023063716 0.06413333 325.04939032615 57.67000175894 969.927063 -1.4459999999999995 -3.333 0.9410525360107422 1.2641770286560057 0.45991075 0.45091075 "" "" 7.245511272730694 "" 3.2904778557096512 "" 0.8
324.98192634463 57.448695467 0.0516 0.0521 10.3139 "" "" 2178385735848606976 932.409851 1.0467 0.0549 -2.394 -4.841 0.066 0.059 1.135 "" "" 16.682676 2.845952 18.306698 15.460746 "" "" 889.259521 980.52594 3998.30623 2.6455 649.74 7.6983 5186.3 9.5703 "" "" 0.0028474310234671706 0.013163213 0.004277592 0.017440805 324.98192634463 57.448695467 932.409851 -2.394 -4.841000000000002 -0.00694746398925794 -0.24382297134399433 0.46391076 0.45691073 "" "" 1.0780429034528247 "" 0.4925755381142624 "" 1.0
324.24011645399 57.88823406888 0.0406 0.0401 25.2956 "" "" 2178468267942310144 859.213379 1.1288 0.0452 -2.258 -4.352 0.052 0.053 1.008 "" "" 16.692257 1.624376 17.454592 15.830215 "" "" 831.270935 888.688171 3963.18186 2.4499 1424.2 9.8823 3690.4 14.095 "" "" 0.0028358861977559532 0.0080338335 0.0056106956 0.0136445295 324.24011645399 57.88823406888 859.213379 -2.258 -4.352 0.12905253601074218 0.24517702865600555 0.44991076 0.45091075 "" "" 1.1284043943389652 "" 0.5085650754212583 "" 1.0
324.28900692886 57.49676546341 0.0476 0.0479 15.1997 "" "" 2178441261187597056 958.225464 1.0067 0.0524 -3.045 -4.609 0.066 0.063 1.063 "" "" 16.715397 3.029455 18.472021 15.442566 "" "" 911.213623 1000.79944 3879.60973 9.9899 557.97 9.4934 5273.9 33.37 "" "" 0.00392529918951301 0.018682433 0.007840846 0.026523279 324.28900692886 57.49676546341 958.225464 -3.0450000000000004 -4.609 -0.6579474639892577 -0.011822971343994126 0.46391076 0.46091074 "" "" 2.9888723859308484 "" 1.3865671705338278 "" 0.9
324.74002558701 57.50166202461 0.0483 0.0511 3.7249 "" "" 2178398070994612480 871.437378 1.1204 0.0541 -2.199 -4.556 0.062 0.066 0.987 "" "" 16.725142 2.611535 18.152637 15.541102 "" "" 830.276855 914.677612 3844.9457 8.1996 748.79 15.862 4816.3 33.965 "" "" 0.003599011605475492 0.023168325 0.008538676 0.031707004 324.74002558701 57.50166202461 871.437378 -2.199 -4.555999999999999 0.18805253601074234 0.04117702865600581 0.45991075 0.46391076 "" "" 0.7951758007179827 "" 0.36585602756667684 "" 1.0
324.90858570411 57.95862656096 0.0444 0.0412 24.273 "" "" 2178549528718978944 882.997253 1.1154 0.0484 -2.469 -3.699 0.055 0.048 1.048 4165.8 4.0703 16.73521 2.517725 18.112772 15.595047 "" "" 845.760742 918.917419 3809.45055 7.6236 776.8 11.067 4582.9 23.706 "" "" 0.003508974081755663 0.015718017 0.0067694443 0.022487462 324.90858570411 57.95862656096 882.997253 -2.4690000000000003 -3.698999999999999 -0.08194746398925767 0.898177028656006 0.45291075 0.44591075 "" "" 3.7748504627793946 "" 1.6834662504495486 "" 0.8
