Clusters/IC_1396/IC_1396_members.tsv
# %ECSV 1.0
# ---
# datatype:
# - name: RA_ICRS_1
#   unit: deg
#   datatype: float64
#   format: '{:15.11f}'
#   description: Right ascension (ICRS) at Ep=2016.0 (ra)
#   meta: !!omap
#   - {ucd: POS_EQ_RA_MAIN}
#   - {width: 15}
#   - {precision: '11'}
# - name: DE_ICRS_1
#   unit: deg
#   datatype: float64
#   format: '{:15.11f}'
#   description: Declination (ICRS) at Ep=2016.0 (dec)
#   meta: !!omap
#   - {ucd: POS_EQ_DEC_MAIN}
#   - {width: 15}
#   - {precision: '11'}
# - name: e_RA_ICRS
#   unit: mas
#   datatype: float64
#   format: '{:7.4f}'
#   description: Standard error of right ascension (ra_error)
#   meta: !!omap
#   - {ucd: ERROR}
#   - {width: 7}
#   - {precision: '4'}
# - name: e_DE_ICRS
#   unit: mas
#   datatype: float64
#   format: '{:7.4f}'
#   description: Standard error of declination (dec_error)
#   meta: !!omap
#   - {ucd: ERROR}
#   - {width: 7}
#   - {precision: '4'}
# - name: _r_1
#   unit: ''
#   datatype: float64
#   format: '{:7.4f}'
#   description: Distance from center (324.74411117000+57.56370525000)[ICRS], at Epoch=J2016.0
#   meta: !!omap
#   - {ucd: POS_ANG_DIST_GENERAL}
#   - {width: 7}
#   - {precision: '4'}
# - name: HIP
#   datatype: int32
#   description: '? HIP cross-id number, van Leeuwen, Cat. I/311 (hip_original_ext_source_id)'
#   meta: !!omap
#   - {ucd: ID_NUMBER}
#   - {width: 6}
#   - values: {'null': -2147483648}
# - name: TYC2
#   datatype: string
#   description: Tycho-2 cross-id name, Hog et al., Cat. I/259 (tyc2_original_ext_source_id)
#   meta: !!omap
#   - {ucd: ID_CROSSID}
#   - {_votable_string_dtype: char}
# - name: Source
#   datatype: int64
#   description: Source identifier, identical to the Gaia-EDR3 source_id (id)
#   meta: !!omap
#   - {ucd: ID_MAIN}
#   - {width: 19}
# - name: rgeo
#   unit: pc
#   datatype: float64
#   format: '{:15.8f}'
#   description: '? Median of the geometric distance posterior (r_med_geo)'
#   meta: !!omap
#   - {ucd: PHYS_DISTANCE_TRUE}
#   - {width: 15}
#   - {precision: '8'}
#   - values: {'null': .nan}
# - name: Plx
#   unit: mas
#   datatype: float64
#   format: '{:9.4f}'
#   description: '? Parallax (parallax)'
#   meta: !!omap
#   - {ucd: POS_PARLX_TRIG}
#   - {width: 9}
#   - {precision: '4'}
#   - values: {'null': .nan}
# - name: e_Plx
#   unit: mas
#   datatype: float32
#   format: '{:7.4f}'
#   description: '? Standard error of parallax (parallax_error)'
#   meta: !!omap
#   - {ucd: ERROR}
#   - {width: 7}
#   - {precision: '4'}
#   - values: {'null': .nan}
# - name: pmRA
#   unit: mas / yr
#   datatype: float64
#   format: '{:9.3f}'
#   description: '? Proper motion in right ascension direction, pmRA*cosDE (pmra)'
#   meta: !!omap
#   - {ucd: POS_EQ_PMRA}
#   - {width: 9}
#   - {precision: '3'}
#   - values: {'null': .nan}
# - name: pmDE
#   unit: mas / yr
#   datatype: float64
#   format: '{:9.3f}'
#   description: '? Proper motion in declination direction (pmdec)'
#   meta: !!omap
#   - {ucd: POS_EQ_PMDEC}
#   - {width: 9}
#   - {precision: '3'}
#   - values: {'null': .nan}
# - name: e_pmRA
#   unit: mas / yr
#   datatype: float32
#   format: '{:6.3f}'
#   description: '? Standard error of proper motion in right ascension direction (pmra_error)'
#   meta: !!omap
#   - {ucd: ERROR}
#   - {width: 6}
#   - {precision: '3'}
#   - values: {'null': .nan}
# - name: e_pmDE
[...]
#       distance: !astropy.table.SerializedColumn
#         __class__: astropy.coordinates.distances.Distance
#         unit: !astropy.units.Unit {unit: pc}
#         value: !astropy.table.SerializedColumn {name: SkyCoord.distance}
#       frame: icrs
#       obstime: !astropy.time.Time {format: jyear_str, in_subfmt: '*', jd1: 367701545.0, jd2: 0.0, out_subfmt: '*', precision: 3, scale: tt}
#       pm_dec: !astropy.table.SerializedColumn
#         __class__: astropy.units.quantity.Quantity
#         unit: !astropy.units.Unit {unit: mas / yr}
#         value: !astropy.table.SerializedColumn {name: SkyCoord.pm_dec}
#       pm_ra_cosdec: !astropy.table.SerializedColumn
#         __class__: astropy.units.quantity.Quantity
#         unit: !astropy.units.Unit {unit: mas / yr}
#         value: !astropy.table.SerializedColumn {name: SkyCoord.pm_ra_cosdec}
#       ra: !astropy.table.SerializedColumn
#         __class__: astropy.coordinates.angles.Longitude
#         unit: *id001
#         value: !astropy.table.SerializedColumn {name: SkyCoord.ra}
#         wrap_angle: !astropy.coordinates.Angle
#           unit: *id001
#           value: 360.0
#       representation_type: spherical
# schema: astropy-2.0
RA_ICRS_1 DE_ICRS_1 e_RA_ICRS e_DE_ICRS _r_1 HIP TYC2 Source rgeo Plx e_Plx pmRA pmDE e_pmRA e_pmDE RUWE Teff logg Gmag BP-RP BPmag RPmag RV e_RV b_rgeo B_rgeo FG e_FG FBP e_FBP FRP e_FRP RAVE5 RAVE6 e_Gmag e_BPmag e_RPmag e_BP-RP SkyCoord.ra SkyCoord.dec SkyCoord.distance SkyCoord.pm_ra_cosdec SkyCoord.pm_dec rmRA rmDE e_rmRA e_rmDE rRV e_rRV v_pec v_pec3d e_vpec e_vpec3d Pmemb
[from data line 183]
325.32855855639 57.35547286562 0.0425 0.041 22.6247 "" "" 2178286779797155456 971.655029 1.0088 0.0466 -3.032 -5.114 0.058 0.052 0.994 4651.6 4.3839 16.761427 1.559112 17.491371 15.93226 "" "" 937.216187 1022.7533 3718.56716 2.2698 1376.8 6.3271 3359.3 10.957 "" "" 0.0028339018494682932 0.005716667 0.0051792655 0.010895932 325.32855855639 57.35547286562 971.655029 -3.032 -5.114 -0.6449474639892578 -0.516822971343994 0.45591074 0.44991076 "" "" 3.806456696003694 "" 1.7265096029134905 "" 0.8
324.62978389707 57.53043828825 0.0507 0.0433 4.1873 "" "" 2178400922852856448 916.672363 1.0449 0.0506 -2.543 -4.608 0.068 0.052 0.978 4185.6 4.1053 16.764956 2.3622 18.008112 15.645912 "" "" 878.829041 962.396484 3706.50773 3.1236 855.41 8.5272 4373.1 18.794 "" "" 0.002903272308807144 0.01117708 0.0060046837 0.017181763 324.62978389707 57.53043828825 916.672363 -2.5429999999999997 -4.608 -0.15594746398925796 -0.010822971343993792 0.46591073 0.44991076 "" "" 0.6792258200044087 "" 0.3164073963941306 "" 1.0
324.64582031731 57.50296302301 0.0509 0.0444 4.8275 "" "" 2178397899195898624 895.054443 1.0795 0.0521 -2.504 -4.74 0.069 0.052 0.986 "" "" 16.777664 2.508256 18.102821 15.594565 "" "" 851.377747 938.168091 3663.37237 12.212 783.95 21.237 4584.9 73.664 "" "" 0.004548785485564358 0.029544352 0.017848866 0.047393218 324.64582031731 57.50296302301 895.054443 -2.5040000000000004 -4.74 -0.11694746398925782 -0.14282297134399435 0.46691075 0.44991076 "" "" 0.7831526659715075 "" 0.3577520061504109 "" 1.0
325.18538977716 57.52538331515 0.0419 0.0447 14.3934 "" "" 2178477167108169088 860.47168 1.1319 0.0489 -2.301 -4.524 0.059 0.061 1.02 5486.8 4.2579 16.780529 2.261286 17.933792 15.672506 "" "" 820.185669 899.598633 3653.72033 28.644 916.01 20.984 4267.3 89.989 "" "" 0.008946671984228726 0.025028106 0.02320588 0.048233986 325.18538977716 57.52538331515 860.47168 -2.3010000000000006 -4.524000000000003 0.08605253601074203 0.07317702865600584 0.45691073 0.45891073 "" "" 0.4607218811808843 "" 0.21089595859472232 "" 1.0
324.16815963992 58.03471359646 0.0412 0.0411 33.7306 "" "" 2179223872942127744 913.699463 1.0737 0.0455 -1.951 -4.489 0.055 0.055 0.994 4538.7 4.2467 16.785383 2.033721 17.811731 15.77801 "" "" 872.769653 957.61853 3637.41912 4.3571 1025.0 9.4033 3872.2 12.888 "" "" 0.0030468394732738532 0.010343908 0.0052290102 0.015572919 324.16815963992 58.03471359646 913.699463 -1.951 -4.489 0.4360525360107421 0.10817702865600598 0.45291075 0.45291075 "" "" 1.9457620264875202 "" 0.8812565408867943 "" 0.8
324.63564295691 57.50444630411 0.0507 0.0439 4.9846 "" "" 2178397864836157440 955.544861 1.0186 0.0502 -2.237 -4.766 0.066 0.05 0.94 4164.5 4.0775 16.795183 2.34443 18.034214 15.689784 "" "" 915.426392 1001.14355 3604.73638 36.207 835.09 28.67 4200.0 125.21 "" "" 0.01124813257646553 0.037379373 0.032587763 0.069967136 324.63564295691 57.50444630411 955.544861 -2.236999999999999 -4.766 0.1500525360107421 -0.16882297134399415 0.46391076 0.44791076 "" "" 1.0230260854863293 "" 0.465519363786314 "" 1.0
324.64504101509 57.54719578155 0.0533 0.0439 3.3393 "" "" 2178401025932067200 969.67334 1.0022 0.052 -2.549 -4.342 0.074 0.053 0.929 "" "" 16.796743 2.563314 18.192736 15.629421 "" "" 930.717957 1017.96246 3599.55762 5.3284 721.64 8.7259 4440.1 19.684 "" "" 0.0031898128621446363 0.0134216845 0.0061197868 0.019541472 324.64504101509 57.54719578155 969.67334 -2.5490000000000004 -4.341999999999999 -0.16194746398925774 0.2551770286560062 0.47191074 0.45091075 "" "" 1.3891199914866799 "" 0.6348823005410621 "" 1.0
324.6946621871 57.49804221485 0.0692 0.0526 4.2496 "" "" 2178397727397219328 937.618652 1.049 0.0596 -2.343 -4.563 0.096 0.058 1.02 6009.4 4.2999 16.809376 2.380799 18.013983 15.633183 "" "" 888.037842 1008.88208 3557.91972 4.4849 850.79 13.585 4424.7 32.978 "" "" 0.0030765066597409456 0.017559597 0.008931231 0.026490828 324.6946621871 57.49804221485 937.618652 -2.3430000000000004 -4.562999999999999 0.044052536010742216 0.034177028656006136 0.49391073 0.45591074 "" "" 0.24779563524949966 "" 0.11893830511017843 "" 1.0
325.04729995199 57.73745226079 0.044 0.0472 14.2627 "" "" 2178495205970904704 880.36615 1.1159 0.0535 -2.418 -4.167 0.061 0.055 1.091 4110.2 4.0976 16.827383 2.414665 18.107527 15.692862 "" "" 835.865356 913.515747 3499.40242 8.0905 780.56 8.4873 4188.1 26.992 "" "" 0.003727307234245685 0.012130825 0.007952899 0.020083724 325.04729995199 57.73745226079 880.36615 -2.418 -4.167 -0.03094746398925796 0.43017702865600604 0.45891073 0.45291075 "" "" 1.79974033001033 "" 0.8151777108677982 "" 0.9
324.81478757421 57.44553811073 0.0556 0.0474 7.4471 "" "" 2178385220452497792 964.745483 1.0118 0.0534 -2.512 -4.633 0.065 0.052 1.01 6063.6 4.1623 16.830141 2.37938 18.10746 15.72808 "" "" 914.737244 1011.44843 3490.52301 6.5255 780.61 8.4942 4054.4 20.514 "" "" 0.003422246292229823 0.012139429 0.006667992 0.018807422 324.81478757421 57.44553811073 964.745483 -2.5120000000000013 -4.632999999999999 -0.12494746398925782 -0.03582297134399415 0.46291074 0.44991076 "" "" 0.5943909293975388 "" 0.27457066130578356 "" 1.0
325.16945338615 57.66610591346 0.0431 0.0464 14.9863 "" "" 2178482110603989504 938.31427 1.0322 0.0515 -2.058 -4.602 0.061 0.059 0.989 "" "" 16.838383 2.6551 18.307402 15.652302 "" "" 890.064392 978.973511 3464.12402 3.971 649.32 9.2762 4347.5 17.696 "" "" 0.003023379778838129 0.015759809 0.0058150245 0.021574832 325.16945338615 57.66610591346 938.31427 -2.058 -4.602 0.32905253601074236 -0.004822971343994453 0.45891073 0.45691073 "" "" 1.4636544257047792 "" 0.6716860986582873 "" 0.8
324.73315875698 57.61002050709 0.046 0.0444 2.8012 "" "" 2178401816206294656 804.652649 1.2086 0.0517 -2.604 -4.502 0.066 0.054 0.979 "" "" 16.861315 2.683054 18.361485 15.678431 "" "" 776.777039 839.565857 3391.72458 2.7529 617.76 6.9038 4244.1 10.292 "" "" 0.0028928140390264865 0.012450355 0.004606085 0.01705644 324.73315875698 57.61002050709 804.652649 -2.604 -4.502000000000001 -0.2169474639892579 0.09517702865600608 0.46391076 0.45191073 "" "" 0.9035755211135016 "" 0.4174473954136364 "" 1.0
324.87335049545 57.54284319003 0.05 0.049 4.3446 "" "" 2178398929988322048 899.644348 1.0775 0.0555 -2.475 -4.563 0.069 0.059 1.047 "" "" 16.881256 2.782466 18.45526 15.672793 "" "" 856.285156 954.246887 3330.00145 4.7235 566.65 5.8579 4266.2 17.208 "" "" 0.0031565236311607518 0.011565697 0.005784701 0.017350398 324.87335049545 57.54284319003 899.644348 -2.475 -4.563 -0.0879474639892579 0.034177028656006136 0.46691075 0.45691073 "" "" 0.4023584562304708 "" 0.18734250992058277 "" 1.0
324.77618520784 57.48251466591 0.0601 0.0575 4.9798 "" "" 2178397246360905856 817.218323 1.1935 0.0624 -2.441 -5.04 0.079 0.069 1.086 6125.5 4.3802 16.891928 2.37363 18.135702 15.762072 "" "" 768.204163 874.141357 3297.43323 8.6001 760.56 9.9779 3929.4 33.941 "" "" 0.003951010090234476 0.014514638 0.010111165 0.024625804 324.77618520784 57.48251466591 817.218323 -2.4409999999999994 -5.040000000000003 -0.05394746398925765 -0.4428229713439942 0.47691074 0.46691075 "" "" 1.7280078748082124 "" 0.8070808317950499 "" 0.9
324.92369955746 57.32422660733 0.048 0.054 15.4946 "" "" 2178380547527913472 990.651367 0.9946 0.0531 -2.275 -5.073 0.066 0.062 0.947 3921.6 4.0601 16.900375 2.38493 18.176321 15.791391 "" "" 946.280579 1053.87903 3271.87599 6.4595 732.64 7.905 3824.7 25.386 "" "" 0.0034909084963582818 0.012042508 0.008137358 0.020179868 324.92369955746 57.32422660733 990.651367 -2.2749999999999995 -5.072999999999997 0.11205253601074228 -0.47582297134399454 0.46391076 0.45991075 "" "" 2.2954337451967435 "" 1.0561790769768369 "" 1.0
325.14969703188 57.32773128138 0.052 0.053 19.2855 "" "" 2178193458754037120 838.157959 1.1785 0.0543 -2.078 -4.882 0.066 0.063 1.026 4937.1 4.2329 16.908901 2.382842 18.132813 15.74997 "" "" 801.644348 875.953918 3246.28316 18.491 762.59 21.004 3973.5 57.787 "" "" 0.006770429931503984 0.030034289 0.016235972 0.04627026 325.14969703188 57.32773128138 838.157959 -2.0779999999999994 -4.881999999999999 0.30905253601074234 -0.2848229713439938 0.46391076 0.46091074 "" "" 1.6697282173833623 "" 0.7723083401211654 "" 1.0
325.00619618648 57.71373286796 0.0484 0.0519 12.3237 "" "" 2178494793653876992 940.977905 1.0118 0.0582 -2.182 -4.581 0.069 0.063 1.066 4071.6 4.2103 16.914587 2.255042 17.921343 15.666301 "" "" 891.407349 1018.51233 3229.32724 21.459 926.57 21.44 4291.8 70.396 "" "" 0.007722985588762785 0.025277425 0.018205341 0.043482766 325.00619618648 57.71373286796 940.977905 -2.1820000000000013 -4.581000000000001 0.20505253601074225 0.016177028656005454 0.46691075 0.46091074 "" "" 0.9174243037883729 "" 0.42832143862166316 "" 0.8
324.53216328355 57.59812260838 0.0518 0.0487 7.1235 "" "" 2178402262882609920 897.840942 1.0669 0.0551 -2.512 -4.553 0.069 0.061 1.018 4150.5 4.1377 16.917027 2.416757 18.217192 15.800435 "" "" 849.956543 946.838684 3222.08041 3.3278 705.57 6.9877 3793.0 13.496 "" "" 0.002974766921519034 0.01110883 0.005404442 0.016513271 324.53216328355 57.59812260838 897.840942 -2.512000000000002 -4.553000000000004 -0.12494746398925782 0.04417702865600592 0.46691075 0.45891073 "" "" 0.5640050796312026 "" 0.2628424920350112 "" 1.0
324.75731355818 58.186624523 0.0447 0.0429 37.3775 "" "" 2178567292703764096 1006.33575 0.9675 0.0485 -2.619 -5.076 0.061 0.056 1.023 6563.3 4.1836 16.91831 2.350016 18.16488 15.814865 "" "" 961.109497 1054.51709 3218.27362 5.5708 740.4 8.5992 3742.9 17.043 "" "" 0.00333525539886276 0.012915021 0.006222943 0.019137964 324.75731355818 58.186624523 1006.33575 -2.619 -5.076 -0.23194746398925803 -0.47882297134399376 0.45891073 0.45391074 "" "" 2.5378677182059906 "" 1.1543878401565943 "" 0.9
324.89502181966 57.39100463766 0.0527 0.0524 11.4486 "" "" 2178383880422739072 948.929199 1.0126 0.0565 -2.349 -4.771 0.068 0.059 1.004 5413.5 4.2586 16.92267 2.347683 18.158228 15.810545 "" "" 903.477478 998.173889 3205.37583 28.398 744.95 23.305 3757.9 98.237 "" "" 0.01000591385019306 0.034080554 0.028633254 0.06271381 324.89502181966 57.39100463766 948.929199 -2.3489999999999993 -4.770999999999999 0.03805253601074199 -0.17382297134399405 0.46591073 0.45691073 "" "" 0.8003578531739463 "" 0.36602460369512074 "" 0.9
324.60059078328 57.74764057676 0.0454 0.0452 11.9591 "" "" 2178451088073201536 888.89563 1.0988 0.052 -2.541 -3.995 0.065 0.06 1.007 4936.4 4.2324 16.925669 2.407199 18.196829 15.78963 "" "" 839.472107 929.71582 3196.5313 9.3537 718.93 11.023 3830.9 37.991 "" "" 0.004205431667174114 0.016879264 0.011411271 0.028290536 324.60059078328 57.74764057676 888.89563 -2.541 -3.995 -0.15394746398925774 0.6021770286560058 0.46291074 0.45791075 "" "" 2.618792088251561 "" 1.199980442533762 "" 1.0
325.04256856226 57.54752432565 0.0562 0.0528 9.6559 "" "" 2178387316396791040 914.039856 1.074 0.062 -2.265 -4.555 0.076 0.056 1.021 4064.4 4.2654 16.94742 2.350433 18.192696 15.842262 "" "" 863.110107 962.866028 3133.13293 14.829 721.67 15.336 3649.7 46.641 "" "" 0.005830825378040259 0.02324076 0.014380581 0.03762134 325.04256856226 57.54752432565 914.039856 -2.2649999999999997 -4.5550000000000015 0.12205253601074206 0.042177028656006144 0.47391075 0.45391074 "" "" 0.5594816086800628 "" 0.26397328230315686 "" 1.0
325.26671595212 57.77615578778 0.0438 0.0503 21.0639 "" "" 2178496236763200640 922.703735 1.0573 0.0526 -1.756 -4.065 0.058 0.063 0.948 3744.1 4.0474 16.948677 2.282635 18.116528 15.833893 "" "" 885.975281 964.441772 3129.50545 9.569 774.12 12.98 3677.9 28.737 "" "" 0.0043142814625953246 0.018417574 0.009287111 0.027704686 325.26671595212 57.77615578778 922.703735 -1.756000000000001 -4.0649999999999995 0.6310525360107422 0.5321770286560055 0.45591074 0.46091074 "" "" 3.610391797313883 "" 1.6535428844300613 "" 0.9
324.9259539067 57.28379152606 0.0517 0.065 17.7926 "" "" 2178379310577347840 894.236938 1.0874 0.0577 -2.293 -5.1 0.076 0.076 0.934 3925.2 4.0796 16.983454 2.430407 18.2853 15.854892 "" "" 848.32135 947.661011 3030.85489 3.0972 662.67 7.714 3607.5 11.504 "" "" 0.0029703174642937685 0.012943142 0.0051255603 0.018068703 324.9259539067 57.28379152606 894.236938 -2.293 -5.1 0.09405253601074204 -0.5028229713439938 0.47391075 0.47391075 "" "" 2.16827106153666 "" 1.0275669627180704 "" 1.0
324.52477718471 57.37880913661 0.0574 0.0526 13.1585 "" "" 2178390958528283776 902.258179 1.0864 0.0568 -2.505 -5.187 0.078 0.069 0.996 "" "" 16.993313 2.300287 18.198423 15.898136 "" "" 856.19281 943.914429 3003.4584 11.849 717.87 15.739 3466.6 41.592 "" "" 0.005093028983407823 0.023967275 0.013563755 0.03753103 324.52477718471 57.37880913661 902.258179 -2.505 -5.186999999999999 -0.1179474639892577 -0.5898229713439944 0.47591075 0.46691075 "" "" 2.57243906504515 "" 1.2019979073643563 "" 0.8
324.42435090756 57.67781971385 0.0538 0.0496 12.3467 "" "" 2178450637088253696 909.855713 1.0583 0.0594 -2.779 -4.284 0.07 0.062 0.968 "" "" 16.998884 2.681376 18.495424 15.814048 "" "" 867.56781 956.248779 2988.08797 4.8643 546.07 7.4053 3745.8 16.975 "" "" 0.003273488710742013 0.014985796 0.0062042605 0.021190057 324.42435090756 57.67781971385 909.855713 -2.7789999999999995 -4.284 -0.3919474639892577 0.31317702865600605 0.46791074 0.45991075 "" "" 2.1636886935338278 "" 1.0057036902325194 "" 1.0
