Clusters/IC_1396/IC_1396_stars_in_region.tsv
# %ECSV 1.0
# ---
# datatype:
# - name: RA_ICRS_1
#   unit: deg
#   datatype: float64
#   format: '{:15.11f}'
#   description: Right ascension (ICRS) at Ep=2016.0 (ra)
#   meta: !!omap
#   - {ucd: POS_EQ_RA_MAIN}
#   - {width: 15}
#   - {precision: '11'}
# - name: DE_ICRS_1
#   unit: deg
#   datatype: float64
#   format: '{:15.11f}'
#   description: Declination (ICRS) at Ep=2016.0 (dec)
#   meta: !!omap
#   - {ucd: POS_EQ_DEC_MAIN}
#   - {width: 15}
#   - {precision: '11'}
# - name: e_RA_ICRS
#   unit: mas
#   datatype: float64
#   format: '{:7.4f}'
#   description: Standard error of right ascension (ra_error)
#   meta: !!omap
#   - {ucd: ERROR}
#   - {width: 7}
#   - {precision: '4'}
# - name: e_DE_ICRS
#   unit: mas
#   datatype: float64
#   format: '{:7.4f}'
#   description: Standard error of declination (dec_error)
#   meta: !!omap
#   - {ucd: ERROR}
#   - {width: 7}
#   - {precision: '4'}
# - name: _r_1
#   unit: ''
#   datatype: float64
#   format: '{:7.4f}'
#   description: Distance from center (324.74411117000+57.56370525000)[ICRS], at Epoch=J2016.0
#   meta: !!omap
#   - {ucd: POS_ANG_DIST_GENERAL}
#   - {width: 7}
#   - {precision: '4'}
# - name: HIP
#   datatype: int32
#   description: '? HIP cross-id number, van Leeuwen, Cat. I/311 (hip_original_ext_source_id)'
#   meta: !!omap
#   - {ucd: ID_NUMBER}
#   - {width: 6}
#   - values: {'null': -2147483648}
# - name: TYC2
#   datatype: string
#   description: Tycho-2 cross-id name, Hog et al., Cat. I/259 (tyc2_original_ext_source_id)
#   meta: !!omap
#   - {ucd: ID_CROSSID}
#   - {_votable_string_dtype: char}
# - name: Source
#   datatype: int64
#   description: Source identifier, identical to the Gaia-EDR3 source_id (id)
#   meta: !!omap
#   - {ucd: ID_MAIN}
#   - {width: 19}
# - name: rgeo
#   unit: pc
#   datatype: float64
#   format: '{:15.8f}'
#   description: '? Median of the geometric distance posterior (r_med_geo)'
#   meta: !!omap
#   - {ucd: PHYS_DISTANCE_TRUE}
#   - {width: 15}
#   - {precision: '8'}
#   - values: {'null': .nan}
# - name: Plx
#   unit: mas
#   datatype: float64
#   format: '{:9.4f}'
#   description: '? Parallax (parallax)'
#   meta: !!omap
#   - {ucd: POS_PARLX_TRIG}
#   - {width: 9}
#   - {precision: '4'}
#   - values: {'null': .nan}
# - name: e_Plx
#   unit: mas
#   datatype: float32
#   format: '{:7.4f}'
#   description: '? Standard error of parallax (parallax_error)'
#   meta: !!omap
#   - {ucd: ERROR}
#   - {width: 7}
#   - {precision: '4'}
#   - values: {'null': .nan}
# - name: pmRA
#   unit: mas / yr
#   datatype: float64
#   format: '{:9.3f}'
#   description: '? Proper motion in right ascension direction, pmRA*cosDE (pmra)'
#   meta: !!omap
#   - {ucd: POS_EQ_PMRA}
#   - {width: 9}
#   - {precision: '3'}
#   - values: {'null': .nan}
# - name: pmDE
#   unit: mas / yr
#   datatype: float64
#   format: '{:9.3f}'
#   description: '? Proper motion in declination direction (pmdec)'
#   meta: !!omap
#   - {ucd: POS_EQ_PMDEC}
#   - {width: 9}
#   - {precision: '3'}
#   - values: {'null': .nan}
# - name: e_pmRA
#   unit: mas / yr
#   datatype: float32
#   format: '{:6.3f}'
#   description: '? Standard error of proper motion in right ascension direction (pmra_error)'
#   meta: !!omap
#   - {ucd: ERROR}
#   - {width: 6}
#   - {precision: '3'}
#   - values: {'null': .nan}
# - name: e_pmDE
[...]
#         unit: &id001 !astropy.units.Unit {unit: deg}
#         value: !astropy.table.SerializedColumn {name: SkyCoord.dec}
#       distance: !astropy.table.SerializedColumn
#         __class__: astropy.coordinates.distances.Distance
#         unit: !astropy.units.Unit {unit: pc}
#         value: !astropy.table.SerializedColumn {name: SkyCoord.distance}
#       frame: icrs
#       obstime: !astropy.time.Time {format: jyear_str, in_subfmt: '*', jd1: 367701545.0, jd2: 0.0, out_subfmt: '*', precision: 3, scale: tt}
#       pm_dec: !astropy.table.SerializedColumn
#         __class__: astropy.units.quantity.Quantity
#         unit: !astropy.units.Unit {unit: mas / yr}
#         value: !astropy.table.SerializedColumn {name: SkyCoord.pm_dec}
#       pm_ra_cosdec: !astropy.table.SerializedColumn
#         __class__: astropy.units.quantity.Quantity
#         unit: !astropy.units.Unit {unit: mas / yr}
#         value: !astropy.table.SerializedColumn {name: SkyCoord.pm_ra_cosdec}
#       ra: !astropy.table.SerializedColumn
#         __class__: astropy.coordinates.angles.Longitude
#         unit: *id001
#         value: !astropy.table.SerializedColumn {name: SkyCoord.ra}
#         wrap_angle: !astropy.coordinates.Angle
#           unit: *id001
#           value: 360.0
#       representation_type: spherical
# schema: astropy-2.0
RA_ICRS_1 DE_ICRS_1 e_RA_ICRS e_DE_ICRS _r_1 HIP TYC2 Source rgeo Plx e_Plx pmRA pmDE e_pmRA e_pmDE RUWE Teff logg Gmag BP-RP BPmag RPmag RV e_RV b_rgeo B_rgeo FG e_FG FBP e_FBP FRP e_FRP RAVE5 RAVE6 e_Gmag e_BPmag e_RPmag e_BP-RP SkyCoord.ra SkyCoord.dec SkyCoord.distance SkyCoord.pm_ra_cosdec SkyCoord.pm_dec
[from data line 398]
323.32891089604 57.40137231506 0.011 0.0118 46.6717 "" "" 2178428101406792960 881.520996 1.1089 0.013 4.399 4.37 0.015 0.015 0.995 5597.9 3.9678 13.763657 1.482796 14.443754 12.960959 -26.9 2.28 871.020325 891.443054 58814.46284 9.4067 22799.0 18.353 51853.0 27.334 "" "" 0.002760786862700355 0.002923857 0.0038224729 0.00674633 323.32891089604 57.40137231506 881.520996 4.398999999999999 4.37
325.4286175257 57.81142780411 0.0113 0.0116 26.5117 "" "" 2178490395607694464 953.576416 1.0237 0.0129 -2.554 -2.723 0.015 0.014 1.024 7055.1 4.0876 13.765073 0.923059 14.140092 13.217033 "" "" 943.497803 964.819763 58737.77329 14.463 30156.0 25.156 40959.0 24.584 "" "" 0.002768259470462686 0.002933491 0.0038351533 0.0067686443 325.4286175257 57.81142780411 953.576416 -2.5540000000000003 -2.723
325.60860636756 58.0643246409 0.0114 0.0112 40.8113 "" "" 2178529771868554368 934.12616 1.0485 0.0127 -2.755 -3.65 0.015 0.015 1.022 6878.3 4.1631 13.76512 0.955 14.153961 13.198961 "" "" 920.161865 944.047363 58735.27477 8.4756 29774.0 25.426 41646.0 14.427 "" "" 0.0027597710077164666 0.0029401896 0.0037980513 0.006738241 325.60860636756 58.0643246409 934.12616 -2.755 -3.6500000000000004
324.69313528844 57.64699339953 0.0121 0.0118 5.2591 "" "" 2178402709559477120 1015.93365 0.9588 0.0135 -3.338 -2.389 0.017 0.014 0.937 6053.3 3.9416 13.765815 1.200667 14.279654 13.078987 68.18 16.06 1000.52576 1030.69116 58697.68386 9.1779 26519.0 20.4 46512.0 27.146 "" "" 0.0027605451202681874 0.0029124953 0.0038321363 0.0067446316 324.69313528844 57.64699339953 1015.93365 -3.338000000000001 -2.3890000000000002
325.55588114804 56.86010554252 0.0279 0.0313 49.7776 "" "" 2178121608232121728 942.62854 1.0387 0.0339 6.029 -1.52 0.039 0.049 2.408 6631.4 4.0358 13.776134 1.147566 14.164516 13.016951 "" "" 908.55127 985.103271 58142.40761 28.223 29486.0 99.857 49247.0 309.19 "" "" 0.002805271625837848 0.0046157297 0.007794243 0.012409972 325.55588114804 56.86010554252 942.62854 6.029 -1.5200000000000002
326.1459132237 57.18801907974 0.0125 0.0117 50.6372 "" "" 2178225585105501056 841.401306 1.163 0.0147 -1.73 -0.54 0.017 0.014 1.0 7665.5 4.1568 13.788944 1.191008 14.29929 13.108282 -19.39 7.17 830.683228 853.48877 57460.4524 12.014 26044.0 25.517 45274.0 18.68 "" "" 0.002764655936008506 0.0029860756 0.0038058385 0.006791914 326.1459132237 57.18801907974 841.401306 -1.7300000000000002 -0.5400000000000001
323.21057555063 57.52902806496 0.0199 0.0227 49.418 "" "" 2179181026347557120 872.426086 1.1219 0.024 -1.929 -5.153 0.027 0.026 1.93 6511.0 4.0622 13.798147 1.232987 14.332376 13.099388 -7.64 3.29 857.562622 894.521362 56975.4622 10.164 25262.0 17.774 45646.0 16.152 "" "" 0.002762119505134951 0.0028928542 0.003798859 0.006691713 323.21057555063 57.52902806496 872.426086 -1.9289999999999998 -5.153
323.33397841723 57.68113191515 0.0198 0.0198 45.8509 "" "" 2179186626985006720 895.241211 1.0996 0.0226 -3.995 -2.641 0.026 0.022 1.421 7166.9 4.1659 13.801528 1.156676 14.265457 13.108781 "" "" 878.61499 914.36615 56798.31081 18.854 26868.0 25.36 45253.0 86.72 "" "" 0.002778791486089118 0.0029724163 0.0043142526 0.0072866688 323.33397841723 57.68113191515 895.241211 -3.9949999999999997 -2.641
326.41610612799 57.37229548062 0.0132 0.0124 55.1563 "" "" 2178251904662112384 961.493713 1.0106 0.0138 -8.214 -7.417 0.017 0.015 1.127 6326.0 3.7199 13.821052 1.311567 14.398459 13.086892 -20.66 5.73 952.100403 974.784302 55786.13179 8.5558 23770.0 17.647 46174.0 24.562 "" "" 0.0027603473208011025 0.0029042687 0.0038232568 0.0067275255 326.41610612799 57.37229548062 961.493713 -8.214 -7.416999999999998
325.80127939739 57.85480152262 0.0102 0.0108 38.1212 "" "" 2178511939164299776 897.811462 1.0841 0.0117 1.35 -0.866 0.014 0.014 0.966 6633.4 4.2477 13.824232 0.929257 14.201864 13.272607 -20.89 4.51 890.046997 907.315857 55622.92211 7.4098 28489.0 17.77 38915.0 18.567 "" "" 0.0027591138130677083 0.0028711818 0.0038147182 0.0066859 325.80127939739 57.85480152262 897.811462 1.3500000000000003 -0.8660000000000002
325.99037723333 57.62172563357 0.0115 0.0107 40.2253 "" "" 2178294098422034432 929.848938 1.0444 0.0121 -8.056 1.005 0.015 0.013 1.014 "" "" 13.840451 1.627102 14.609091 12.981989 -33.88 1.52 918.365601 940.811096 54798.18548 8.8909 19579.0 13.97 50858.0 20.883 "" "" 0.0027609457177307636 0.0028957208 0.0038055854 0.0067013064 325.99037723333 57.62172563357 929.848938 -8.056000000000001 1.0050000000000003
324.61987568616 57.71268532777 0.0117 0.0114 9.7889 "" "" 2178450194720013696 814.826782 1.1996 0.0132 -3.734 -3.321 0.017 0.015 1.043 6737.0 4.2212 13.841564 1.095255 14.302529 13.207274 -30.47 5.67 807.043457 824.682007 54742.02866 7.7189 25966.0 20.608 41328.0 21.083 "" "" 0.002759570120047158 0.0029202006 0.003819752 0.0067399526 324.61987568616 57.71268532777 814.826782 -3.7340000000000004 -3.321
325.70662727032 58.03860712173 0.0116 0.0112 41.9385 "" "" 2178528809795890176 1021.86267 0.952 0.013 -0.299 -1.188 0.015 0.014 0.864 "" "" 13.844451 1.364351 14.450827 13.086475 -1.38 5.42 1010.37714 1036.38794 54596.67766 9.5269 22651.0 16.072 46192.0 28.716 "" "" 0.0027618260633608745 0.0028945706 0.0038391803 0.006733751 325.70662727032 58.03860712173 1021.86267 -0.2989999999999998 -1.1879999999999997
325.45143559122 57.04644856464 0.0233 0.0209 38.5835 "" "" 2178171468521432320 943.954041 1.0293 0.0242 3.298 -2.237 0.03 0.026 2.057 6726.8 4.0638 13.845004 1.134612 14.323284 13.188672 -15.08 5.52 923.651123 964.869629 54568.88755 10.88 25474.0 18.883 42043.0 15.827 "" "" 0.002763810939551856 0.0029039253 0.0038014182 0.0067053437 325.45143559122 57.04644856464 943.954041 3.297999999999999 -2.2369999999999997
323.23085791407 57.75710410347 0.0117 0.0123 49.9354 "" "" 2179199649325817600 785.10968 1.2478 0.0135 3.426 -1.783 0.015 0.014 0.968 6642.9 4.176 13.8495 1.183171 14.356348 13.173177 -33.72 3.65 777.561096 793.74646 54343.41055 8.815 24710.0 17.954 42647.0 17.389 "" "" 0.0027609430230170076 0.0028995492 0.0038052215 0.006704771 323.23085791407 57.75710410347 785.10968 3.426 -1.7829999999999995
324.28392397852 58.43355131323 0.0121 0.0122 54.2028 "" "" 2179338256509615744 880.741882 1.1076 0.0127 -3.578 -13.387 0.016 0.015 0.942 6319.1 3.8806 13.855046 1.33588 14.446215 13.110334 -28.87 3.15 871.57666 891.213562 54066.50374 9.5932 22747.0 25.173 45188.0 16.737 "" "" 0.0027620466688318816 0.0030378818 0.0038007163 0.0068385983 324.28392397852 58.43355131323 880.741882 -3.5780000000000003 -13.387
325.08927880736 56.91393509776 0.0111 0.0111 40.5649 "" "" 2178166039682568448 1057.47217 0.9213 0.0125 2.969 0.198 0.014 0.014 1.003 "" "" 13.858123 0.936198 14.236107 13.299909 "" "" 1043.16797 1071.99768 53913.49108 14.801 27604.0 25.757 37949.0 23.106 "" "" 0.0027713958537767306 0.0029683998 0.003836762 0.006805162 325.08927880736 56.91393509776 1057.47217 2.9690000000000003 0.19800000000000023
326.14206400701 57.34247224911 0.0122 0.0119 47.0359 "" "" 2178275612882749056 779.325256 1.2577 0.0135 -1.362 1.847 0.016 0.015 0.896 6657.8 4.1971 13.858953 1.075084 14.308345 13.233261 20.64 4.83 771.439392 787.567993 53872.28778 8.0798 25827.0 17.975 40351.0 16.75 "" "" 0.0027601279086160845 0.0028906837 0.0038061603 0.006696844 326.14206400701 57.34247224911 779.325256 -1.362 1.847
324.59520167752 58.10420635016 0.0113 0.0109 32.777 "" "" 2178565162399887744 955.317322 1.0203 0.0123 7.109 7.704 0.014 0.014 0.99 7156.8 3.8533 13.872411 1.534529 14.578469 13.043941 -48.29 2.89 944.582153 964.828613 53208.69293 11.399 20139.0 16.985 48038.0 17.596 "" "" 0.0027651205859173774 0.0029365881 0.0038002487 0.006736837 324.59520167752 58.10420635016 955.317322 7.109 7.704000000000001
324.55086035016 57.38410394563 0.0127 0.0117 12.4496 "" "" 2178391061607503488 785.575195 1.2463 0.0131 -5.203 1.866 0.017 0.015 0.859 5976.4 4.2082 13.872446 1.067511 14.321633 13.254123 -8.33 4.07 777.030701 793.154541 53206.95554 8.011 25513.0 20.451 39583.0 17.71 "" "" 0.0027601652858338425 0.0029227554 0.0038104728 0.0067332285 324.55086035016 57.38410394563 785.575195 -5.203 1.866
324.99515085697 57.7593432718 0.0111 0.0118 14.2374 "" "" 2178498195268134656 751.28949 1.3065 0.0135 -3.947 -5.221 0.016 0.014 0.971 6488.1 4.1634 13.87637 1.173288 14.378777 13.205488 -9.84 4.2 744.155457 758.099182 53014.98834 8.3774 24205.0 18.19 41396.0 18.059 "" "" 0.002760656588140574 0.0029070235 0.0038089466 0.00671597 324.99515085697 57.7593432718 751.28949 -3.947 -5.221
323.55789066211 56.90369849229 0.0115 0.012 55.2431 "" "" 2177981287365113984 811.111206 1.2087 0.0137 6.624 -11.822 0.015 0.017 1.054 5827.2 3.8943 13.881009 1.24037 14.419216 13.178846 -56.75 5.26 802.855835 821.607361 52788.96961 7.9741 23320.0 16.565 42425.0 21.344 "" "" 0.002760197049924997 0.0028947976 0.0038186512 0.006713449 323.55789066211 56.90369849229 811.111206 6.624 -11.822
325.52988647062 58.27876909234 0.0134 0.0132 49.675 "" "" 2178582823306080768 891.001892 1.095 0.0141 -1.566 1.71 0.017 0.016 1.016 5394.7 4.0354 13.883664 1.398223 14.515278 13.117055 -39.93 2.57 879.574524 900.244568 52660.05208 7.9494 21345.0 17.123 44909.0 20.336 "" "" 0.0027601906488090256 0.0029229529 0.0038112265 0.0067341793 325.52988647062 58.27876909234 891.001892 -1.5659999999999998 1.7099999999999995
324.14767694443 57.29244393878 0.0136 0.0127 25.2202 "" "" 2178369071374354304 942.922241 1.0315 0.0147 -8.625 -4.161 0.021 0.018 1.068 6703.1 3.9944 13.888118 1.220636 14.409205 13.188569 "" "" 930.235901 955.391235 52444.47208 11.281 23536.0 20.932 42047.0 19.982 "" "" 0.0027652003686032545 0.0029525335 0.0038144407 0.006766974 324.14767694443 57.29244393878 942.922241 -8.625000000000002 -4.161000000000001
324.58608768536 56.93576891103 0.0257 0.023 38.0237 "" "" 2178158377460307072 841.617432 1.1647 0.026 5.267 5.291 0.035 0.03 1.422 "" "" 13.892398 1.479681 14.283834 12.804153 -22.65 4.16 824.459351 859.008789 52238.12462 36.641 26417.0 379.96 59910.0 741.61 "" "" 0.0028586295186578763 0.01586362 0.013961317 0.029824937 324.58608768536 56.93576891103 841.617432 5.267 5.291
326.42343231099 57.70668590879 0.0113 0.0119 54.6137 "" "" 2178307258202310272 917.480164 1.0656 0.0122 -1.197 -3.326 0.016 0.016 1.036 5916.1 3.9456 13.893443 1.461215 14.556442 13.095227 -19.13 7.67 909.054199 926.1203 52187.83998 56.659 20551.0 73.409 45821.0 138.7 "" "" 0.0029968741793518156 0.004777678 0.0050084866 0.009786164 326.42343231099 57.70668590879 917.480164 -1.197 -3.326
325.20216917295 57.73042542603 0.0177 0.0195 17.7867 "" "" 2178495480848833664 950.993774 1.024 0.0213 6.925 13.176 0.026 0.024 1.602 5650.0 4.0786 13.895944 1.198548 14.412715 13.214167 -41.47 4.44 931.390991 970.44458 52067.80596 7.5702 23460.0 17.181 41067.0 17.012 "" "" 0.002759838413837372 0.0029012582 0.00380605 0.006707308 325.20216917295 57.73042542603 950.993774 6.924999999999999 13.176000000000002
324.00984478771 57.56034113651 0.0119 0.0117 23.6318 "" "" 2178422706928553088 923.683655 1.0541 0.0133 -2.002 -1.427 0.017 0.015 1.085 15023.2 4.4306 13.901943 1.569029 14.624453 13.055424 -4.25 5.12 912.520386 933.816528 51780.87519 9.8022 19303.0 19.184 47532.0 24.944 "" "" 0.002762975319772223 0.0029915518 0.00382209 0.0068136416 324.00984478771 57.56034113651 923.683655 -2.0020000000000002 -1.4270000000000003
326.04876933129 57.3379439448 0.0114 0.0111 44.2401 "" "" 2178274341572294784 910.294922 1.0732 0.0127 -1.436 -4.738 0.015 0.014 0.977 6744.9 3.9922 13.910173 1.175763 14.413922 13.238159 "" "" 900.616455 920.418762 51389.85816 8.0183 23434.0 17.944 40169.0 16.488 "" "" 0.002760523111419172 0.002911397 0.0038055668 0.006716964 326.04876933129 57.3379439448 910.294922 -1.4359999999999997 -4.738
325.49896460766 57.21264210676 0.0756 0.0669 32.241 "" "" 2178270184043589376 914.518677 1.1069 0.0792 -2.147 -4.296 0.09 0.08 6.349 "" "" 13.91663 1.488031 14.4503 12.962269 -0.16 11.34 830.435364 995.493652 51085.17482 32.161 22662.0 31.906 51791.0 70.464 "" "" 0.002838838770290131 0.0031814643 0.0040578106 0.0072392747 325.49896460766 57.21264210676 914.518677 -2.147 -4.296
324.23196473451 57.40912795668 0.017 0.0161 18.9425 "" "" 2178393501148836352 780.594849 1.2534 0.0186 0.328 2.522 0.025 0.021 1.357 6146.3 4.0856 13.916672 1.156906 14.410073 13.253167 -28.73 3.58 769.881958 791.645142 51083.21563 7.825 23517.0 18.433 39618.0 16.037 "" "" 0.0027603351160306777 0.002917067 0.00380485 0.0067219166 324.23196473451 57.40912795668 780.594849 0.32799999999999985 2.5219999999999994
324.55566534214 58.17013651744 0.0111 0.012 36.8795 "" "" 2178569594806126336 945.051392 1.0307 0.0123 -1.706 -0.766 0.015 0.015 1.024 7800.3 4.1197 13.917044 1.153956 14.407548 13.253592 "" "" 936.767395 954.020996 51065.68883 7.3168 23572.0 18.368 39602.0 17.36 "" "" 0.0027597083837168812 0.002915618 0.0038092323 0.0067248503 324.55566534214 58.17013651744 945.051392 -1.7060000000000002 -0.7660000000000001
326.23666683878 57.29711041607 0.0122 0.0116 50.7918 "" "" 2178227990283908608 848.683044 1.1518 0.0135 1.993 5.283 0.017 0.015 1.039 5870.6 3.942 13.917925 1.244328 14.459175 13.214848 -24.3 4.0 839.108154 858.336975 51024.25968 7.4505 22477.0 17.732 41041.0 22.826 "" "" 0.0027598774718509285 0.0029186804 0.0038273192 0.0067459997 326.23666683878 57.29711041607 848.683044 1.9930000000000003 5.283000000000001
326.14641599775 57.75509761559 0.0127 0.0137 46.4508 "" "" 2178320624140500992 763.757935 1.2852 0.0145 9.904 -0.412 0.017 0.017 1.263 6336.9 3.9832 13.918389 1.299696 14.490432 13.190736 -5.68 3.18 756.930725 771.586487 51002.45077 7.7622 21840.0 21.721 41963.0 16.554 "" "" 0.002760270643468452 0.0029918323 0.0038035745 0.006795407 326.14641599775 57.75509761559 763.757935 9.904 -0.4120000000000008
323.59625922918 57.38508916787 0.0112 0.0115 38.5495 "" "" 2178425833664235648 876.815857 1.1147 0.0127 1.981 -5.868 0.017 0.015 0.981 6520.3 4.0601 13.927789 1.245402 14.470874 13.225471 -1.07 3.92 867.051941 886.445312 50562.8213 8.3021 22237.0 18.73 40641.0 18.197 "" "" 0.0027610813086738017 0.0029362163 0.0038105194 0.0067467354 323.59625922918 57.38508916787 876.815857 1.9809999999999994 -5.868
324.70752926587 57.55139969431 0.0142 0.0123 1.3898 "" "" 2178401369529468288 930.35498 1.0515 0.0141 -2.709 -2.043 0.02 0.015 0.972 6765.5 4.1253 13.930374 1.145556 14.417964 13.272408 -3.98 3.57 918.006226 942.739563 50442.53726 9.3356 23347.0 20.816 38922.0 15.795 "" "" 0.002762637668599177 0.0029533266 0.0038049782 0.006758305 324.70752926587 57.55139969431 930.35498 -2.7090000000000005 -2.0430000000000006
325.46734759954 57.23355419573 0.0132 0.0123 30.6435 "" "" 2178270458921488000 981.666931 0.9924 0.014 2.016 -3.881 0.016 0.014 1.059 6412.8 4.0184 13.93455 1.235047 14.471397 13.23635 -14.41 6.09 971.178955 994.870911 50248.91322 8.633 22226.0 19.346 40236.0 14.989 "" "" 0.0027616271575513817 0.0029458727 0.003800963 0.006746836 325.46734759954 57.23355419573 981.666931 2.0160000000000005 -3.8809999999999993
324.11940277919 57.38160173709 0.0127 0.0119 22.9255 "" "" 2178416831413209344 740.053711 1.3231 0.0136 -2.721 -2.022 0.017 0.015 0.977 6303.3 4.1998 13.936116 1.125396 14.413686 13.28829 -32.25 3.62 734.081787 746.277344 50176.49592 9.5446 23439.0 21.334 38357.0 20.682 "" "" 0.002763049720745658 0.0029600074 0.0038244543 0.0067844614 324.11940277919 57.38160173709 740.053711 -2.721 -2.0219999999999994
324.89016972497 58.22012892473 0.0252 0.0267 39.6599 "" "" 2178573443096940672 893.770874 1.1012 0.0293 -4.142 -3.559 0.035 0.033 2.27 7492.5 4.0699 13.936201 1.137615 14.407691 13.270076 "" "" 871.675964 913.81781 50172.57056 16.116 23569.0 13.186 39006.0 19.697 "" "" 0.00277730381921809 0.0028555244 0.003818943 0.0066744676 324.89016972497 58.22012892473 893.770874 -4.142 -3.559
