Clusters/UPK_23/UPK_23_stars_in_region.tsv
# %ECSV 1.0
# ---
# datatype:
# - name: RA_ICRS_1
#   unit: deg
#   datatype: float64
#   format: '{:15.11f}'
#   description: Right ascension (ICRS) at Ep=2016.0 (ra)
#   meta: !!omap
#   - {ucd: POS_EQ_RA_MAIN}
#   - {width: 15}
#   - {precision: '11'}
# - name: DE_ICRS_1
#   unit: deg
#   datatype: float64
#   format: '{:15.11f}'
#   description: Declination (ICRS) at Ep=2016.0 (dec)
#   meta: !!omap
#   - {ucd: POS_EQ_DEC_MAIN}
#   - {width: 15}
#   - {precision: '11'}
# - name: e_RA_ICRS
#   unit: mas
#   datatype: float64
#   format: '{:7.4f}'
#   description: Standard error of right ascension (ra_error)
#   meta: !!omap
#   - {ucd: ERROR}
#   - {width: 7}
#   - {precision: '4'}
# - name: e_DE_ICRS
#   unit: mas
#   datatype: float64
#   format: '{:7.4f}'
#   description: Standard error of declination (dec_error)
#   meta: !!omap
#   - {ucd: ERROR}
#   - {width: 7}
#   - {precision: '4'}
# - name: _r_1
#   unit: ''
#   datatype: float64
#   format: '{:7.4f}'
#   description: Distance from center (282.22360666000-12.86769406000)[ICRS], at Epoch=J2016.0
#   meta: !!omap
#   - {ucd: POS_ANG_DIST_GENERAL}
#   - {width: 7}
#   - {precision: '4'}
# - name: HIP
#   datatype: int32
#   description: '? HIP cross-id number, van Leeuwen, Cat. I/311 (hip_original_ext_source_id)'
#   meta: !!omap
#   - {ucd: ID_NUMBER}
#   - {width: 6}
#   - values: {'null': -2147483648}
# - name: TYC2
#   datatype: string
#   description: Tycho-2 cross-id name, Hog et al., Cat. I/259 (tyc2_original_ext_source_id)
#   meta: !!omap
#   - {ucd: ID_CROSSID}
#   - {_votable_string_dtype: char}
# - name: Source
#   datatype: int64
#   description: Source identifier, identical to the Gaia-EDR3 source_id (id)
#   meta: !!omap
#   - {ucd: ID_MAIN}
#   - {width: 19}
# - name: rgeo
#   unit: pc
#   datatype: float64
#   format: '{:15.8f}'
#   description: '? Median of the geometric distance posterior (r_med_geo)'
#   meta: !!omap
#   - {ucd: PHYS_DISTANCE_TRUE}
#   - {width: 15}
#   - {precision: '8'}
#   - values: {'null': .nan}
# - name: Plx
#   unit: mas
#   datatype: float64
#   format: '{:9.4f}'
#   description: '? Parallax (parallax)'
#   meta: !!omap
#   - {ucd: POS_PARLX_TRIG}
#   - {width: 9}
#   - {precision: '4'}
#   - values: {'null': .nan}
# - name: e_Plx
#   unit: mas
#   datatype: float32
#   format: '{:7.4f}'
#   description: '? Standard error of parallax (parallax_error)'
#   meta: !!omap
#   - {ucd: ERROR}
#   - {width: 7}
#   - {precision: '4'}
#   - values: {'null': .nan}
# - name: pmRA
#   unit: mas / yr
#   datatype: float64
#   format: '{:9.3f}'
#   description: '? Proper motion in right ascension direction, pmRA*cosDE (pmra)'
#   meta: !!omap
#   - {ucd: POS_EQ_PMRA}
#   - {width: 9}
#   - {precision: '3'}
#   - values: {'null': .nan}
# - name: pmDE
#   unit: mas / yr
#   datatype: float64
#   format: '{:9.3f}'
#   description: '? Proper motion in declination direction (pmdec)'
#   meta: !!omap
#   - {ucd: POS_EQ_PMDEC}
#   - {width: 9}
#   - {precision: '3'}
#   - values: {'null': .nan}
# - name: e_pmRA
#   unit: mas / yr
#   datatype: float32
#   format: '{:6.3f}'
#   description: '? Standard error of proper motion in right ascension direction (pmra_error)'
#   meta: !!omap
#   - {ucd: ERROR}
#   - {width: 6}
#   - {precision: '3'}
#   - values: {'null': .nan}
# - name: e_pmDE
[...]
#         value: !astropy.table.SerializedColumn {name: SkyCoord.dec}
#       distance: !astropy.table.SerializedColumn
#         __class__: astropy.coordinates.distances.Distance
#         unit: !astropy.units.Unit {unit: pc}
#         value: !astropy.table.SerializedColumn {name: SkyCoord.distance}
#       frame: icrs
#       obstime: !astropy.time.Time {format: jyear_str, in_subfmt: '*', jd1: 367701545.0, jd2: 0.0, out_subfmt: '*', precision: 3, scale: tt}
#       pm_dec: !astropy.table.SerializedColumn
#         __class__: astropy.units.quantity.Quantity
#         unit: !astropy.units.Unit {unit: mas / yr}
#         value: !astropy.table.SerializedColumn {name: SkyCoord.pm_dec}
#       pm_ra_cosdec: !astropy.table.SerializedColumn
#         __class__: astropy.units.quantity.Quantity
#         unit: !astropy.units.Unit {unit: mas / yr}
#         value: !astropy.table.SerializedColumn {name: SkyCoord.pm_ra_cosdec}
#       ra: !astropy.table.SerializedColumn
#         __class__: astropy.coordinates.angles.Longitude
#         unit: *id001
#         value: !astropy.table.SerializedColumn {name: SkyCoord.ra}
#         wrap_angle: !astropy.coordinates.Angle
#           unit: *id001
#           value: 360.0
#       representation_type: spherical
# schema: astropy-2.0
RA_ICRS_1 DE_ICRS_1 e_RA_ICRS e_DE_ICRS _r_1 HIP TYC2 Source rgeo Plx e_Plx pmRA pmDE e_pmRA e_pmDE RUWE Teff logg Gmag BP-RP BPmag RPmag RV e_RV b_rgeo B_rgeo FG e_FG FBP e_FBP FRP e_FRP RAVE5 RAVE6 e_Gmag e_BPmag e_RPmag e_BP-RP SkyCoord.ra SkyCoord.dec SkyCoord.distance SkyCoord.pm_ra_cosdec SkyCoord.pm_dec rmRA rmDE e_rmRA e_rmDE rRV e_rRV v_pec v_pec3d e_vpec e_vpec3d
[from data line 713]
282.62035643266 -13.02004968889 0.0321 0.0292 24.9361 "" "" 4105601917386659456 1043.58728 0.9096 0.0359 6.202 -2.367 0.038 0.029 0.918 5307.4 4.2809 15.291356 1.248694 15.82776 14.579065 "" "" 1010.98895 1087.68274 14401.38198 5.7869 6372.5 15.819 11682.0 18.866 "" "" 0.0027896469951233255 0.0038793343 0.00416632 0.008045655 282.62035643266 -13.02004968889 1043.58728 6.202 -2.367 7.130099989891052 -0.17169989776611327 0.11374226 0.10474226 "" "" 35.280003932319545 "" 4.012650710204087 ""
282.83663970207 -13.24110463105 0.0364 0.0336 42.2593 "" "" 4102592347899942912 882.440308 1.1025 0.0433 3.549 1.8 0.044 0.034 1.079 5875.6 4.4905 15.292038 1.188019 15.798586 14.610567 "" "" 848.612427 917.115356 14392.34061 6.5168 6546.1 14.487 11348.0 14.175 "" "" 0.0027988349517391385 0.0036821954 0.0040153507 0.007697546 282.83663970207 -13.24110463105 882.440308 3.549 1.8000000000000007 4.477099989891052 3.9953001022338865 0.11974226 0.10974226 "" "" 25.098988942126837 "" 2.89682637694129 ""
282.56289298104 -12.71348825603 0.0348 0.0344 21.9023 "" "" 4105673896699256064 959.05304 1.0107 0.0421 5.717 -13.857 0.04 0.032 1.049 6005.1 4.331 15.293695 1.387443 15.892242 14.504799 "" "" 922.901306 1006.05994 14370.40854 7.7659 6005.1 16.676 12509.0 16.743 "" "" 0.0028171005128874967 0.004107997 0.0040491493 0.008157146 282.56289298104 -12.71348825603 959.05304 5.717000000000003 -13.857 6.645099989891052 -11.661699897766113 0.11574226 0.107742265 "" "" 61.015648737384026 "" 6.696901251530988 ""
282.72011655802 -13.03514694956 0.0297 0.0283 30.7221 "" "" 4105601294577181184 1114.18567 0.8586 0.0344 2.621 -4.414 0.036 0.03 1.004 5304.0 3.8918 15.294521 1.321208 15.879509 14.558301 "" "" 1061.06213 1155.93762 14359.46536 5.0805 6075.9 13.485 11908.0 22.124 "" "" 0.002781969619418542 0.0036866986 0.00428402 0.007970719 282.72011655802 -13.03514694956 1114.18567 2.621 -4.414 3.5490999898910522 -2.218699897766113 0.11174226 0.10574226 "" "" 22.104838358588783 "" 2.43350715687359 ""
282.52293496329 -13.36392456281 0.0261 0.0238 34.5314 "" "" 4105215954442864128 888.340759 1.091 0.0299 3.214 2.499 0.034 0.027 0.996 5966.5 4.1742 15.296235 1.534125 16.003614 14.469489 "" "" 864.482727 912.012207 14336.81141 5.2391 5419.7 9.1524 12923.0 21.746 "" "" 0.0027837399805086004 0.0033386853 0.0041978187 0.007536504 282.52293496329 -13.36392456281 888.340759 3.214000000000001 2.4990000000000028 4.142099989891053 4.694300102233887 0.10974226 0.10274226 "" "" 26.361168319557773 "" 2.790685514160185 ""
282.2441204208 -12.49985532811 0.032 0.03 22.103 "" "" 4105695788199205504 1029.771 0.9239 0.0352 -1.096 -4.429 0.037 0.032 1.154 5949.3 4.3078 15.300009 1.293378 15.86264 14.569263 "" "" 997.298767 1071.73132 14287.06747 7.6315 6171.1 17.676 11788.0 33.909 "" "" 0.0028156939205104723 0.004178097 0.004902864 0.009080961 282.2441204208 -12.49985532811 1029.771 -1.0960000000000003 -4.429 -0.16790001010894784 -2.2336998977661136 0.11274226 0.107742265 "" "" 10.93370272184539 "" 1.1783361233471359 ""
282.77690094076 -12.9315935381 0.0293 0.0315 32.5862 "" "" 4105608239579172992 777.668518 1.2528 0.0384 8.129 -13.053 0.035 0.028 0.896 5966.5 4.2876 15.302133 1.580477 16.031887 14.45141 "" "" 751.103394 805.703857 14259.15329 6.3468 5280.3 14.887 13140.0 23.04 "" "" 0.0027973799344830075 0.0041418816 0.0042317864 0.008373668 282.77690094076 -12.9315935381 777.668518 8.12900000000001 -13.053000000000004 9.057099989891052 -10.857699897766114 0.110742256 0.10374226 "" "" 52.11968106068215 "" 5.559610002968746 ""
282.17684893538 -12.42591706628 0.0318 0.0298 26.6476 "" "" 4105884865489318784 1074.74609 0.8855 0.0356 4.322 -8.986 0.04 0.035 1.082 5146.9 4.1909 15.303278 1.424317 15.950346 14.526029 "" "" 1038.22827 1108.00403 14244.11966 6.0432 5692.2 14.672 12267.0 22.886 "" "" 0.002793559156509041 0.003951828 0.004287986 0.008239814 282.17684893538 -12.42591706628 1074.74609 4.322 -8.986 5.250099989891052 -6.790699897766114 0.11574226 0.110742256 "" "" 43.727096327820306 "" 4.925367998835854 ""
282.74943196874 -13.23104350006 0.0316 0.0287 37.6816 "" "" 4102591828163370752 1032.19006 0.9355 0.0367 0.739 -2.941 0.043 0.034 1.036 5222.7 4.293 15.303417 1.139402 15.707573 14.568171 "" "" 985.165466 1070.55945 14242.29219 13.395 7118.5 56.899 11800.0 80.407 "" "" 0.0029384562556707653 0.009115917 0.008307804 0.017423721 282.74943196874 -13.23104350006 1032.19006 0.7389999999999998 -2.940999999999999 1.6670999898910521 -0.7456998977661131 0.11874226 0.10974226 "" "" 8.93521200263543 "" 1.0480086520091703 ""
282.73628307373 -12.52162301755 0.0293 0.0278 36.4921 "" "" 4105702076032782720 1094.63818 0.878 0.0317 0.57 -4.91 0.033 0.028 1.014 5202.7 4.1961 15.304424 1.378007 15.920397 14.54239 "" "" 1060.49451 1129.55261 14229.08646 4.712 5851.4 14.078 12084.0 19.166 "" "" 0.0027786798302756577 0.0038221208 0.0041532125 0.007975333 282.73628307373 -12.52162301755 1094.63818 0.5700000000000006 -4.91 1.498099989891052 -2.7146998977661134 0.10874226 0.10374226 "" "" 16.087876132398343 "" 1.6881136342242198 ""
282.42028668586 -12.48296923243 0.0286 0.0268 25.7954 "" "" 4105693829693552640 1112.07629 0.8608 0.0321 5.865 4.463 0.033 0.028 1.067 6331.3 4.2892 15.306572 1.244555 15.849678 14.605123 "" "" 1078.87903 1172.24841 14200.96273 5.5487 6245.2 12.821 11405.0 17.579 "" "" 0.002787787203073925 0.0035711701 0.0041333158 0.007704486 282.42028668586 -12.48296923243 1112.07629 5.865 4.463 6.7930999898910525 6.658300102233887 0.10874226 0.10374226 "" "" 50.14033389459498 "" 5.331007722831718 ""
281.96200339967 -12.59159380486 0.0367 0.0357 22.5575 "" "" 4105875695781784704 796.757812 1.2109 0.043 2.196 -6.586 0.045 0.034 1.023 4973.3 4.3032 15.308359 1.48809 15.989714 14.501623 "" "" 774.796936 834.461426 14177.60951 6.234 5489.5 12.26 12546.0 13.383 "" "" 0.002796373746332496 0.003696602 0.003952858 0.00764946 281.96200339967 -12.59159380486 796.757812 2.195999999999999 -6.586000000000002 3.1240999898910524 -4.390699897766114 0.12074226 0.10974226 "" "" 20.351192607989034 "" 2.3110488310782875 ""
282.5927723789 -12.56637045418 0.0292 0.0284 28.1728 "" "" 4105700942161699456 991.544678 0.9718 0.034 -3.077 -9.669 0.038 0.037 1.095 4939.5 4.1862 15.308832 1.406896 15.92466 14.517764 "" "" 955.161987 1024.04114 14171.44036 5.3191 5828.4 16.257 12361.0 24.828 "" "" 0.0027852938049538222 0.004117808 0.004363432 0.00848124 282.5927723789 -12.56637045418 991.544678 -3.0769999999999973 -9.669 -2.1489000101089477 -7.473699897766114 0.11374226 0.11274226 "" "" 36.548944442976996 "" 4.1234128957801275 ""
282.65049096898 -12.83042059404 0.0302 0.0294 25.0716 "" "" 4105622361431928320 860.049072 1.1235 0.0351 -7.222 -4.066 0.034 0.029 0.976 5795.8 4.0408 15.310448 1.325449 15.896379 14.57093 "" "" 837.151367 884.469055 14150.36233 5.3785 5982.3 19.555 11770.0 22.076 "" "" 0.0027860541481178145 0.0045145224 0.004293105 0.0088076275 282.65049096898 -12.83042059404 860.049072 -7.222 -4.066000000000001 -6.293900010108948 -1.8706998977661131 0.10974226 0.10474226 "" "" 26.7672750353332 "" 2.926865831992564 ""
282.18666488816 -13.03583885652 0.0325 0.0282 10.3174 "" "" 4105286735508843392 1132.55432 0.8566 0.0355 -5.413 5.356 0.043 0.032 1.089 5330.0 3.7976 15.312103 1.521977 15.986736 14.464759 "" "" 1094.25684 1174.8833 14128.79905 6.0472 5504.6 15.295 12979.0 18.054 "" "" 0.002794232669495153 0.0041092816 0.004069971 0.008179253 282.18666488816 -13.03583885652 1132.55432 -5.412999999999998 5.356 -4.484900010108948 7.551300102233887 0.11874226 0.107742265 "" "" 47.14843029667678 "" 5.22008751062655 ""
282.44313278687 -12.41771855896 0.0268 0.0249 29.9015 "" "" 4105718358195747968 1034.92847 0.9344 0.0298 5.09 2.647 0.031 0.027 1.034 6377.1 4.1936 15.3126 1.336096 15.842189 14.506093 "" "" 1008.25073 1070.18274 14122.33529 4.9957 6288.4 8.071 12495.0 15.561 "" "" 0.00278196004981162 0.0031188028 0.0040139807 0.0071327835 282.44313278687 -12.41771855896 1034.92847 5.090000000000005 2.647 6.018099989891052 4.842300102233887 0.10674226 0.10274226 "" "" 37.892210913497784 "" 3.985822896659019 ""
282.50113218741 -12.88194160258 0.0343 0.0301 16.2554 "" "" 4105619028536620544 1085.10327 0.8824 0.0361 3.861 -14.927 0.04 0.032 1.024 4878.4 4.1836 15.31306 1.376375 15.926481 14.550106 "" "" 1051.05408 1122.4917 14116.3587 5.2959 5818.7 12.871 11998.0 15.023 "" "" 0.0027852653909786616 0.0036814392 0.004016455 0.0076978942 282.50113218741 -12.88194160258 1085.10327 3.860999999999998 -14.927 4.789099989891053 -12.731699897766113 0.11574226 0.107742265 "" "" 69.96364663628236 "" 7.609655613798877 ""
282.32874138616 -12.2122206469 0.0372 0.0346 39.8075 "" "" 4105912559439584896 1041.35974 0.9276 0.0427 0.928 -2.703 0.042 0.038 1.36 5731.8 4.1992 15.314683 1.545531 16.004951 14.45942 "" "" 1001.87848 1083.90686 14095.28028 7.3191 5413.0 11.378 13043.0 15.147 "" "" 0.0028124073737810598 0.0036046428 0.0039841617 0.0075888047 282.32874138616 -12.2122206469 1041.35974 0.9279999999999999 -2.703000000000002 1.8560999898910522 -0.5076998977661131 0.117742255 0.11374226 "" "" 9.498349463625988 "" 1.1157542398381395 ""
282.41320228386 -13.34926457949 0.0294 0.027 30.9455 "" "" 4105211075360303232 777.220032 1.2522 0.0346 -3.278 -4.555 0.033 0.028 1.124 5516.9 4.2302 15.315828 1.682489 16.1095 14.427012 "" "" 756.715088 796.721252 14080.41011 5.5938 4916.1 11.152 13439.0 16.137 "" "" 0.0027888779723377975 0.0037217191 0.003997922 0.007719641 282.41320228386 -13.34926457949 777.220032 -3.2780000000000014 -4.554999999999999 -2.349900010108948 -2.359699897766113 0.10874226 0.10374226 "" "" 12.268523070053616 "" 1.3036687960575206 ""
282.29216596865 -12.44070794453 0.0319 0.0311 25.9317 "" "" 4105697673633182336 1101.76733 0.872 0.0399 -3.587 -3.897 0.035 0.032 1.158 5417.8 4.2354 15.319042 1.290621 15.870866 14.580245 "" "" 1054.25671 1148.15662 14038.79465 8.4822 6124.5 15.337 11670.0 25.513 "" "" 0.0028323353732655943 0.0038958304 0.004462947 0.0083587775 282.29216596865 -12.44070794453 1101.76733 -3.587 -3.897 -2.658900010108948 -1.701699897766113 0.110742256 0.107742265 "" "" 16.48612057504581 "" 1.8114778130995133 ""
282.21037228489 -13.46801394053 0.029 0.0282 36.0275 "" "" 4105211384598111360 968.446289 1.0044 0.0333 -5.834 -4.36 0.032 0.027 1.019 5288.7 4.1679 15.3209 1.584395 16.059547 14.475152 "" "" 935.948547 994.097595 14014.79342 4.7674 5147.5 12.396 12856.0 14.21 "" "" 0.0027799634779859914 0.0038237828 0.0039653415 0.0077891243 282.21037228489 -13.46801394053 968.446289 -5.834000000000005 -4.360000000000006 -4.905900010108947 -2.1646998977661136 0.107742265 0.10274226 "" "" 24.615086029782702 "" 2.632420333032363 ""
282.47989304738 -12.19795482845 0.0283 0.0265 42.8964 "" "" 4105725818613624320 854.155334 1.1339 0.0306 2.752 -6.953 0.033 0.028 1.002 "" "" 15.323925 1.454856 15.987774 14.532918 "" "" 836.489319 877.553223 13975.80159 4.7638 5499.3 13.219 12190.0 15.662 "" "" 0.0027800633238597694 0.0038205187 0.0040286095 0.007849128 282.47989304738 -12.19795482845 854.155334 2.752 -6.953 3.680099989891052 -4.757699897766114 0.10874226 0.10374226 "" "" 24.35244344832848 "" 2.572632717748257 ""
282.2689381697 -12.8644000916 0.0779 0.0703 2.659 "" "" 4105665689066638336 1125.36523 0.8721 0.0838 -1.95 -4.818 0.105 0.083 2.41 "" "" 15.325466 1.433217 15.930196 14.496979 "" "" 1003.60419 1335.84973 13955.97255 12.286 5798.8 24.252 12600.0 37.162 "" "" 0.0029163976690401374 0.005329544 0.0049535865 0.010283131 282.2689381697 -12.8644000916 1125.36523 -1.9500000000000002 -4.818 -1.0219000101089477 -2.622699897766113 0.18074226 0.15874225 "" "" 15.014543182196638 "" 2.429551606910754 ""
282.67779783668 -12.33160237167 0.0353 0.033 41.7363 "" "" 4105714136301708672 974.525879 0.9904 0.0393 4.384 -0.014 0.046 0.041 1.256 6273.9 4.2069 15.325529 1.428389 15.949059 14.520669 "" "" 940.854492 1010.49756 13955.16809 9.0993 5698.9 15.707 12328.0 12.817 "" "" 0.0028448146230509136 0.0040914286 0.003944353 0.008035782 282.67779783668 -12.33160237167 974.525879 4.383999999999995 -0.014000000000000219 5.312099989891053 2.181300102233887 0.12174226 0.11674226 "" "" 26.526126886703207 "" 3.2105521320782295 ""
282.34890684931 -12.56286508988 0.0319 0.0295 19.7052 "" "" 4105691420167723648 903.333252 1.0635 0.0345 0.167 1.36 0.037 0.031 1.057 5421.8 4.3547 15.32906 1.307167 15.897273 14.590106 "" "" 875.427124 931.35968 13909.86978 4.6601 5977.3 12.239 11564.0 38.417 "" "" 0.002779226418277884 0.003567543 0.0052243457 0.008791889 282.34890684931 -12.56286508988 903.333252 0.167 1.36 1.0950999898910523 3.555300102233887 0.11274226 0.10674226 "" "" 15.928871680305981 "" 1.708777184790879 ""
281.92209190319 -13.24880728948 0.031 0.0291 28.8697 "" "" 4105253921956374912 858.954346 1.1221 0.0359 0.999 2.896 0.04 0.036 1.045 5786.5 4.1527 15.329135 1.74917 16.157907 14.408737 "" "" 836.33728 890.788452 13908.90404 7.3783 4701.7 10.508 13667.0 15.601 "" "" 0.0028148734017599073 0.0036977287 0.003977409 0.007675138 281.92209190319 -13.24880728948 858.954346 0.9989999999999999 2.896 1.9270999898910524 5.091300102233887 0.11574226 0.11174226 "" "" 22.16415932106006 "" 2.4879563617886737 ""
282.35227895783 -12.39205235382 0.0288 0.0277 29.5161 "" "" 4105698326468366080 1120.72998 0.8565 0.0322 0.77 -4.163 0.032 0.029 0.94 "" "" 15.329224 1.435715 15.974662 14.538947 "" "" 1086.35095 1158.71362 13907.76217 5.8571 5566.1 16.429 12122.0 30.91 "" "" 0.0027930025228180373 0.004249119 0.0046849204 0.00893404 282.35227895783 -12.39205235382 1120.72998 0.77 -4.162999999999999 1.6980999898910523 -1.9676998977661135 0.107742265 0.10474226 "" "" 13.807162333179752 "" 1.4640175744710664 ""
282.06803102424 -13.45014700445 0.0298 0.0286 36.1099 "" "" 4105200526918238080 1133.56604 0.8353 0.0334 -0.149 -3.095 0.033 0.029 0.996 6977.2 4.2015 15.330022 1.614967 16.083336 14.468369 "" "" 1092.54431 1175.59485 13897.54072 6.6455 5036.0 15.712 12936.0 19.41 "" "" 0.0028038067708624046 0.004388589 0.004115546 0.0085041355 282.06803102424 -13.45014700445 1133.56604 -0.149 -3.094999999999999 0.7790999898910522 -0.8996998977661135 0.10874226 0.10474226 "" "" 6.3947978433435715 "" 0.6808847449346557 ""
282.11684733963 -12.65931030687 0.0309 0.0276 13.9769 "" "" 4105684101535808384 999.472595 0.9627 0.0337 -3.568 -7.307 0.037 0.032 0.98 5205.5 4.2857 15.330155 1.382025 15.949711 14.567686 "" "" 958.077576 1043.46387 13895.83485 5.7492 5695.5 15.571 11805.0 16.369 "" "" 0.0027916978411865623 0.0040738066 0.0040682005 0.0081420075 282.11684733963 -12.65931030687 999.472595 -3.568 -7.307 -2.639900010108948 -5.111699897766114 0.11274226 0.107742265 "" "" 27.25547170235046 "" 2.965780612458562 ""
281.88910747144 -12.76105973566 0.0352 0.0339 20.5894 "" "" 4105309928320169088 817.323669 1.1885 0.0395 2.963 -5.098 0.049 0.041 1.016 "" "" 15.33105 1.550333 15.82066 14.270327 "" "" 789.782043 844.424561 13884.39152 22.587 6414.4 857.27 15525.0 254.83 "" "" 0.0032728402998320172 0.145133 0.018217796 0.1633508 281.88910747144 -12.76105973566 817.323669 2.963 -5.098 3.8910999898910523 -2.902699897766113 0.124742255 0.11674226 "" "" 18.806949419525544 "" 2.2933628658105247 ""
281.63706301432 -13.09914779935 0.1546 0.1533 36.9981 "" "" 4105272162640865920 1068.4635 1.0279 0.1943 -1.4 -2.25 0.191 0.167 5.29 5856.8 4.5415 15.335594 1.887061 16.179577 14.292516 "" "" 890.043152 1346.36182 13826.39846 64.733 4608.8 15.393 15211.0 44.468 "" "" 0.005781968559003923 0.0045754625 0.004935417 0.009510879 281.63706301432 -13.09914779935 1068.4635 -1.3999999999999986 -2.25 -0.47190001010894767 -0.05469989776611328 0.26674226 0.24274226 "" "" 2.4059478141994757 "" 0.641036427620048 ""
