Clusters/UPK_23/UPK_23_stars_in_region.tsv
# %ECSV 1.0
# ---
# datatype:
# - name: RA_ICRS_1
#   unit: deg
#   datatype: float64
#   format: '{:15.11f}'
#   description: Right ascension (ICRS) at Ep=2016.0 (ra)
#   meta: !!omap
#   - {ucd: POS_EQ_RA_MAIN}
#   - {width: 15}
#   - {precision: '11'}
# - name: DE_ICRS_1
#   unit: deg
#   datatype: float64
#   format: '{:15.11f}'
#   description: Declination (ICRS) at Ep=2016.0 (dec)
#   meta: !!omap
#   - {ucd: POS_EQ_DEC_MAIN}
#   - {width: 15}
#   - {precision: '11'}
# - name: e_RA_ICRS
#   unit: mas
#   datatype: float64
#   format: '{:7.4f}'
#   description: Standard error of right ascension (ra_error)
#   meta: !!omap
#   - {ucd: ERROR}
#   - {width: 7}
#   - {precision: '4'}
# - name: e_DE_ICRS
#   unit: mas
#   datatype: float64
#   format: '{:7.4f}'
#   description: Standard error of declination (dec_error)
#   meta: !!omap
#   - {ucd: ERROR}
#   - {width: 7}
#   - {precision: '4'}
# - name: _r_1
#   unit: ''
#   datatype: float64
#   format: '{:7.4f}'
#   description: Distance from center (282.22360666000-12.86769406000)[ICRS], at Epoch=J2016.0
#   meta: !!omap
#   - {ucd: POS_ANG_DIST_GENERAL}
#   - {width: 7}
#   - {precision: '4'}
# - name: HIP
#   datatype: int32
#   description: '? HIP cross-id number, van Leeuwen, Cat. I/311 (hip_original_ext_source_id)'
#   meta: !!omap
#   - {ucd: ID_NUMBER}
#   - {width: 6}
#   - values: {'null': -2147483648}
# - name: TYC2
#   datatype: string
#   description: Tycho-2 cross-id name, Hog et al., Cat. I/259 (tyc2_original_ext_source_id)
#   meta: !!omap
#   - {ucd: ID_CROSSID}
#   - {_votable_string_dtype: char}
# - name: Source
#   datatype: int64
#   description: Source identifier, identical to the Gaia-EDR3 source_id (id)
#   meta: !!omap
#   - {ucd: ID_MAIN}
#   - {width: 19}
# - name: rgeo
#   unit: pc
#   datatype: float64
#   format: '{:15.8f}'
#   description: '? Median of the geometric distance posterior (r_med_geo)'
#   meta: !!omap
#   - {ucd: PHYS_DISTANCE_TRUE}
#   - {width: 15}
#   - {precision: '8'}
#   - values: {'null': .nan}
# - name: Plx
#   unit: mas
#   datatype: float64
#   format: '{:9.4f}'
#   description: '? Parallax (parallax)'
#   meta: !!omap
#   - {ucd: POS_PARLX_TRIG}
#   - {width: 9}
#   - {precision: '4'}
#   - values: {'null': .nan}
# - name: e_Plx
#   unit: mas
#   datatype: float32
#   format: '{:7.4f}'
#   description: '? Standard error of parallax (parallax_error)'
#   meta: !!omap
#   - {ucd: ERROR}
#   - {width: 7}
#   - {precision: '4'}
#   - values: {'null': .nan}
# - name: pmRA
#   unit: mas / yr
#   datatype: float64
#   format: '{:9.3f}'
#   description: '? Proper motion in right ascension direction, pmRA*cosDE (pmra)'
#   meta: !!omap
#   - {ucd: POS_EQ_PMRA}
#   - {width: 9}
#   - {precision: '3'}
#   - values: {'null': .nan}
# - name: pmDE
#   unit: mas / yr
#   datatype: float64
#   format: '{:9.3f}'
#   description: '? Proper motion in declination direction (pmdec)'
#   meta: !!omap
#   - {ucd: POS_EQ_PMDEC}
#   - {width: 9}
#   - {precision: '3'}
#   - values: {'null': .nan}
# - name: e_pmRA
#   unit: mas / yr
#   datatype: float32
#   format: '{:6.3f}'
#   description: '? Standard error of proper motion in right ascension direction (pmra_error)'
#   meta: !!omap
#   - {ucd: ERROR}
#   - {width: 6}
#   - {precision: '3'}
#   - values: {'null': .nan}
# - name: e_pmDE
[...]
#         value: !astropy.table.SerializedColumn {name: SkyCoord.dec}
#       distance: !astropy.table.SerializedColumn
#         __class__: astropy.coordinates.distances.Distance
#         unit: !astropy.units.Unit {unit: pc}
#         value: !astropy.table.SerializedColumn {name: SkyCoord.distance}
#       frame: icrs
#       obstime: !astropy.time.Time {format: jyear_str, in_subfmt: '*', jd1: 367701545.0, jd2: 0.0, out_subfmt: '*', precision: 3, scale: tt}
#       pm_dec: !astropy.table.SerializedColumn
#         __class__: astropy.units.quantity.Quantity
#         unit: !astropy.units.Unit {unit: mas / yr}
#         value: !astropy.table.SerializedColumn {name: SkyCoord.pm_dec}
#       pm_ra_cosdec: !astropy.table.SerializedColumn
#         __class__: astropy.units.quantity.Quantity
#         unit: !astropy.units.Unit {unit: mas / yr}
#         value: !astropy.table.SerializedColumn {name: SkyCoord.pm_ra_cosdec}
#       ra: !astropy.table.SerializedColumn
#         __class__: astropy.coordinates.angles.Longitude
#         unit: *id001
#         value: !astropy.table.SerializedColumn {name: SkyCoord.ra}
#         wrap_angle: !astropy.coordinates.Angle
#           unit: *id001
#           value: 360.0
#       representation_type: spherical
# schema: astropy-2.0
RA_ICRS_1 DE_ICRS_1 e_RA_ICRS e_DE_ICRS _r_1 HIP TYC2 Source rgeo Plx e_Plx pmRA pmDE e_pmRA e_pmDE RUWE Teff logg Gmag BP-RP BPmag RPmag RV e_RV b_rgeo B_rgeo FG e_FG FBP e_FBP FRP e_FRP RAVE5 RAVE6 e_Gmag e_BPmag e_RPmag e_BP-RP SkyCoord.ra SkyCoord.dec SkyCoord.distance SkyCoord.pm_ra_cosdec SkyCoord.pm_dec rmRA rmDE e_rmRA e_rmDE rRV e_rRV v_pec v_pec3d e_vpec e_vpec3d
[from data line 528]
282.00215247993 -13.08514613639 0.0232 0.0215 18.3814 "" "" 4105281066152318336 1124.39722 0.8568 0.0261 1.663 -1.908 0.028 0.024 1.087 7050.4 4.0799 14.883241 1.400214 15.510553 14.110339 "" "" 1086.50684 1155.83752 20972.51435 6.6611 8534.8 13.942 17990.0 15.979 "" "" 0.0027768156546247426 0.0033061625 0.0039004786 0.007206641 282.00215247993 -13.08514613639 1124.39722 1.6630000000000003 -1.9080000000000001 2.5910999898910525 0.2873001022338868 0.10374226 0.09974226 "" "" 13.89426793864196 "" 1.4407605918437851 ""
282.01727693615 -12.30296645839 0.0235 0.0223 35.9734 "" "" 4105890603566236288 941.362244 1.0219 0.0268 4.832 -5.342 0.028 0.024 0.981 5303.2 4.158 14.891729 1.435294 15.535683 14.100389 7.75 7.2 915.206543 971.79071 20809.17919 5.6922 8339.6 20.049 18155.0 18.873 "" "" 0.002771280497155914 0.00382075 0.003944317 0.007765067 282.01727693615 -12.30296645839 941.362244 4.8320000000000025 -5.341999999999996 5.760099989891052 -3.146699897766113 0.10374226 0.09974226 -1.8930000000000007 11.446667 29.2870308399641 29.34814516150907 3.0117804346210146 3.094868347908073
282.34859615014 -12.20639253558 0.0252 0.024 40.3477 "" "" 4105913972533038848 996.534851 0.9693 0.029 3.335 2.988 0.029 0.026 1.095 5512.7 4.1528 14.904977 1.453507 15.540056 14.086549 36.67 10.23 966.385559 1023.36133 20556.81715 8.5747 8306.0 32.246 18388.0 92.265 "" "" 0.0027922918363047374 0.0050549125 0.0066304617 0.011685374 282.34859615014 -12.20639253558 996.534851 3.335000000000002 2.9879999999999987 4.263099989891052 5.183300102233886 0.10474226 0.10174226 27.027 14.476666 31.7010042493337 41.658281282552615 3.2640396335881436 9.715042901284619
282.68304358482 -12.67322304773 0.034 0.0329 29.3072 "" "" 4105628821018631296 1064.58362 0.8981 0.0383 -4.299 -5.543 0.041 0.04 1.253 6005.5 4.189 14.906084 1.263804 15.340985 14.077181 "" "" 1022.42535 1105.30273 20535.86646 11.369 9977.5 45.145 18548.0 61.032 "" "" 0.0028201221047910816 0.0056496705 0.0052006943 0.010850364 282.68304358482 -12.67322304773 1064.58362 -4.298999999999997 -5.543000000000002 -3.370900010108948 -3.3476998977661134 0.11674226 0.11574226 "" "" 23.97311631015819 "" 2.7867977713323357 ""
282.76019924429 -13.02971676964 0.0244 0.0229 32.8483 "" "" 4105604185130634240 956.780273 1.0056 0.028 5.318 1.905 0.03 0.027 0.997 6042.2 4.2863 14.908972 1.117966 15.383063 14.265098 "" "" 930.975769 986.188049 20481.32122 6.614 9598.2 20.112 15600.0 25.209 "" "" 0.0027775385322185006 0.003600121 0.0041667763 0.0077668973 282.76019924429 -13.02971676964 956.780273 5.318000000000004 1.905 6.246099989891052 4.100300102233887 0.10574226 0.10274226 "" "" 33.88517156123682 "" 3.552786482347482 ""
281.66263185004 -12.61552278126 0.0249 0.0241 36.1484 "" "" 4105503197515979648 1112.44226 0.8602 0.029 0.056 5.025 0.03 0.024 1.038 5508.9 3.6253 14.915443 2.043383 15.954024 13.910642 -70.45 5.07 1075.55518 1147.70923 20359.60183 8.0948 5672.9 13.432 21622.0 14.537 "" "" 0.0027889310441676766 0.003793917 0.003849231 0.007643148 281.66263185004 -12.61552278126 1112.44226 0.05600000000000019 5.025 0.9840999898910523 7.220300102233887 0.10574226 0.09974226 -80.093 9.316668 38.42447411265725 88.83315180626131 3.8368727283221777 8.562395672632482
281.51669503919 -12.69100063095 0.0242 0.0244 42.701 "" "" 4105508287099966080 928.899109 1.0382 0.0297 3.084 -0.451 0.028 0.023 1.062 5785.8 3.7882 14.917093 1.687117 15.717707 14.03059 "" "" 902.736633 954.842957 20328.70073 7.2383 7052.4 21.638 19361.0 38.765 "" "" 0.002782308693842581 0.004345358 0.0043599885 0.008705346 281.51669503919 -12.69100063095 928.899109 3.083999999999998 -0.4510000000000002 4.012099989891052 1.7443001022338867 0.10374226 0.09874226 "" "" 19.26249384840737 "" 1.9833366221018893 ""
282.5680491398 -13.28009986915 0.0251 0.0226 31.8988 "" "" 4105218393984388992 1059.94727 0.8946 0.0284 -1.308 -5.231 0.036 0.028 1.055 5790.7 4.0715 14.917805 1.290289 15.484632 14.194343 "" "" 1032.72778 1093.36072 20315.38339 5.5148 8741.1 16.919 16650.0 15.704 "" "" 0.0027710389863928814 0.0034930534 0.003915661 0.0074087144 282.5680491398 -13.28009986915 1059.94727 -1.308 -5.231 -0.3799000101089478 -3.035699897766113 0.11174226 0.10374226 "" "" 15.370777561108316 "" 1.5965671315569268 ""
282.07596757193 -13.27319518417 0.2502 0.2406 25.8149 "" "" 4105229595260155648 1019.7251 1.3154 0.3035 0.138 -1.403 0.306 0.288 12.166 "" "" 14.92041 1.635797 15.490479 13.854682 29.75 5.71 759.739563 1476.16577 20266.67496 181.49 8694.1 18.271 22766.0 27.182 "" "" 0.010105741252209113 0.0036043427 0.0039955257 0.0075998683 282.07596757193 -13.27319518417 1019.7251 0.13799999999999993 -1.403 1.0660999898910521 0.7923001022338867 0.38174224 0.36374223 20.107 9.956667 6.420202576232344 21.107118470313765 2.410380101983795 9.51318469083644
281.61443882931 -13.09115299765 0.0294 0.0308 38.0562 "" "" 4105272196994457216 816.355957 1.1849 0.0367 5.134 0.163 0.036 0.031 1.115 6850.3 4.1025 14.920983 1.910245 15.865823 13.955578 18.89 5.29 792.656189 841.399658 20255.99179 7.6009 6153.0 10.806 20746.0 22.36 "" "" 0.00278527834662171 0.0033794804 0.003956401 0.0073358812 281.61443882931 -13.09115299765 816.355957 5.134 0.163 6.062099989891053 2.3583001022338865 0.11174226 0.10674226 9.247 9.536667 25.16996912849346 26.814815959266134 2.7963300344976556 4.207736313915222
282.313493176 -12.42693871638 0.0266 0.0259 26.9638 "" "" 4105697815423324160 775.372559 1.25 0.0317 4.764 -7.345 0.029 0.026 1.058 6011.8 4.2995 14.92133 1.31774 15.499875 14.182135 -30.44 9.52 756.607422 795.855225 20249.51631 7.1216 8619.2 12.441 16839.0 20.365 "" "" 0.0027816533013630693 0.003200161 0.0040009893 0.00720115 282.313493176 -12.42693871638 775.372559 4.763999999999995 -7.345000000000001 5.6920999898910525 -5.149699897766113 0.10474226 0.10174226 -40.083 13.766667 28.210966692349515 49.01536015084306 2.917091323581151 11.382391695734379
282.32804978588 -13.2549880815 0.0248 0.0228 24.0261 "" "" 4105221555080904192 977.959778 0.9788 0.0281 1.831 0.274 0.029 0.026 1.08 6969.4 4.2919 14.922552 1.42864 15.566762 14.138122 "" "" 950.320923 1005.51935 20226.74923 6.941 8104.2 18.578 17535.0 33.251 "" "" 0.002780396683771361 0.0037389612 0.0043037846 0.008042745 282.32804978588 -13.2549880815 977.959778 1.831 0.2740000000000003 2.759099989891052 2.4693001022338867 0.10474226 0.10174226 "" "" 17.164029888116943 "" 1.7750830300855298 ""
282.67530812883 -12.84545863323 0.0267 0.026 26.4563 "" "" 4105622082212138752 1085.96094 0.8773 0.0305 -10.898 -9.245 0.031 0.026 0.919 5708.6 4.1596 14.925191 1.330539 15.439939 14.109401 -0.98 9.29 1055.88696 1116.66443 20177.63645 9.7417 9108.4 68.81 18005.0 76.922 "" "" 0.0028047396645856037 0.008663843 0.0059832954 0.014647139 282.67530812883 -12.84545863323 1085.96094 -10.898 -9.245 -9.969900010108947 -7.0496998977661125 0.10674226 0.10174226 -10.623000000000001 13.536667 62.85317975643885 63.74457101977559 6.605998307979368 6.893203270111457
282.02253834738 -12.35242493313 0.0247 0.025 33.0819 "" "" 4105889057377728128 986.735901 0.9787 0.0311 0.073 1.745 0.032 0.026 0.986 6176.9 4.0305 14.936005 1.328526 15.519024 14.190498 "" "" 953.370911 1013.93256 19977.6668 5.8111 8468.5 15.546 16709.0 13.696 "" "" 0.0027733609350772863 0.0034289402 0.0038827497 0.0073116897 282.02253834738 -12.35242493313 986.735901 0.07300000000000018 1.745 1.0010999898910522 3.940300102233887 0.107742265 0.10174226 "" "" 19.014793155842924 "" 1.941716840797411 ""
282.40306163329 -13.29924802918 0.0253 0.0239 27.9366 "" "" 4105220215050851712 839.582703 1.1577 0.0284 -3.351 -3.44 0.03 0.025 1.069 5555.5 4.1933 14.938502 1.469316 15.608371 14.139054 -37.02 12.22 817.788513 865.125854 19931.76874 6.0755 7799.5 14.946 17520.0 14.667 "" "" 0.002775124565979545 0.003480492 0.0038871435 0.007367635 282.40306163329 -13.29924802918 839.582703 -3.3510000000000013 -3.4400000000000004 -2.4229000101089477 -1.2446998977661132 0.10574226 0.10074226 -46.663000000000004 16.466667 10.840158936166835 47.90558020482956 1.1351592823136747 16.041609612665653
282.5294014867 -12.5773631494 0.0241 0.0229 24.9752 "" "" 4105680360675939968 1070.36902 0.898 0.0281 4.2 2.037 0.03 0.027 0.988 6031.0 4.1375 14.938792 1.207755 15.458533 14.250778 "" "" 1042.70325 1102.19739 19926.43961 6.3971 8953.7 19.554 15807.0 18.634 "" "" 0.0027772798895318346 0.003661606 0.0039902264 0.0076518324 282.5294014867 -12.5773631494 1070.36902 4.200000000000004 2.0370000000000026 5.128099989891052 4.232300102233887 0.10574226 0.10274226 "" "" 33.734246815587994 "" 3.5264814772093276 ""
282.0299614033 -13.15250545195 0.026 0.0243 20.4982 "" "" 4105279618701138048 939.109985 1.0269 0.0278 2.383 0.725 0.032 0.028 1.057 5588.2 4.1683 14.939137 1.424901 15.578795 14.153894 -26.73 15.17 915.351868 962.465027 19920.11607 7.1808 8014.9 20.09 17282.0 20.713 "" "" 0.0027829790480936264 0.003897632 0.0039971336 0.007894766 282.0299614033 -13.15250545195 939.109985 2.3830000000000027 0.7250000000000005 3.3110999898910523 2.920300102233887 0.107742265 0.10374226 -36.373000000000005 19.416668 19.652501139589777 41.34266476706089 2.0833756037914717 17.111337577789552
281.95932969962 -12.45658549749 0.0265 0.024 29.1168 "" "" 4105882189772479232 1116.05139 0.8653 0.0302 -11.486 -7.132 0.032 0.026 1.069 5469.2 3.733 14.940689 1.727107 15.770984 14.043877 "" "" 1077.75806 1153.56604 19891.6577 7.0356 6714.7 11.623 19125.0 23.021 "" "" 0.0027819527655281806 0.0033640955 0.0039989688 0.007363064 281.95932969962 -12.45658549749 1116.05139 -11.485999999999999 -7.132 -10.557900010108948 -4.936699897766113 0.107742265 0.10174226 "" "" 61.656204161846176 "" 6.57814044958417 ""
282.88019166474 -13.00282180894 0.026 0.0265 39.2421 "" "" 4105603772812972032 1117.17737 0.8541 0.0332 -0.761 -7.406 0.033 0.03 1.072 5450.9 3.8136 14.94706 1.416581 15.588941 14.172359 "" "" 1075.43909 1156.11047 19775.28971 7.0548 7940.4 16.853 16991.0 18.68 "" "" 0.002782412153701371 0.0036187484 0.003963403 0.0075821513 282.88019166474 -13.00282180894 1117.17737 -0.7610000000000001 -7.406 0.16709998989105224 -5.210699897766113 0.10874226 0.10574226 "" "" 27.607032829033415 "" 2.9193163568118248 ""
281.74357496545 -13.38812231449 0.0264 0.0238 41.9737 "" "" 4105245362037650432 1061.57776 0.9018 0.0284 2.701 -0.668 0.031 0.025 0.997 7709.0 4.1417 14.947175 1.558284 15.670351 14.112067 9.19 8.03 1024.78882 1089.22363 19773.1884 7.1806 7366.8 17.327 17961.0 17.628 "" "" 0.0027833879869728056 0.0037823801 0.0039267344 0.007709115 281.74357496545 -13.38812231449 1061.57776 2.701 -0.668 3.6290999898910523 1.5273001022338866 0.10674226 0.10074226 -0.4530000000000012 12.276667 19.812450728752125 19.817628840989798 2.0973701019498034 2.115517304551535
282.66817967638 -12.30617006367 0.0246 0.0231 42.5775 "" "" 4105725990411546624 838.967285 1.1507 0.0275 -3.462 -10.296 0.032 0.028 1.013 5393.5 4.2362 14.950051 1.391157 15.574121 14.182964 43.69 7.29 817.392395 859.84906 19720.87515 6.2009 8049.5 15.644 16826.0 15.417 "" "" 0.0027763893178590275 0.0034982243 0.0039081182 0.007406343 282.66817967638 -12.30617006367 838.967285 -3.462000000000001 -10.295999999999987 -2.533900010108948 -8.100699897766113 0.107742265 0.10374226 34.047 11.536667 33.75329789983576 47.94250022803417 3.51388677087871 8.558276293266502
282.62041540392 -12.46318424533 0.0247 0.0237 33.5954 "" "" 4105704962251325440 1031.72595 0.9257 0.0294 -0.849 -2.574 0.032 0.028 1.019 6068.0 4.1365 14.955 1.258283 15.49812 14.239838 "" "" 1001.3996 1065.87256 19631.19038 6.8304 8633.1 14.593 15967.0 25.068 "" "" 0.0027810963974508646 0.0033396555 0.004146006 0.0074856617 282.62041540392 -12.46318424533 1031.72595 -0.849 -2.574 0.07909998989105227 -0.3786998977661131 0.107742265 0.10374226 "" "" 1.8919544916027777 "" 0.19659782826278469 ""
282.66722138524 -12.63317736627 0.025 0.0245 29.5286 "" "" 4105652632365341696 1036.98218 0.9137 0.029 -1.13 -8.151 0.028 0.025 0.903 5760.0 3.9883 14.956382 1.296866 15.521256 14.224389 "" "" 1013.01672 1059.48425 19606.22092 6.6212 8451.1 17.788 16196.0 17.698 "" "" 0.002779609896004795 0.0036065944 0.0039612288 0.007567823 282.66722138524 -12.63317736627 1036.98218 -1.13 -8.151000000000003 -0.20190001010894765 -5.955699897766113 0.10374226 0.10074226 "" "" 29.290841572848993 "" 2.9509278925431284 ""
282.72744753222 -13.16786403524 0.0314 0.0265 34.5235 "" "" 4105594736201078400 988.485168 0.9752 0.0357 2.443 -12.033 0.034 0.029 0.943 5625.1 4.2787 14.96157 1.197515 15.481097 14.283582 "" "" 958.389832 1019.31519 19512.75951 7.6656 8769.6 18.996 15336.0 21.147 "" "" 0.0027881389953174265 0.003649133 0.0040651127 0.0077142455 282.72744753222 -13.16786403524 988.485168 2.443 -12.033000000000012 3.3710999898910523 -9.837699897766113 0.10974226 0.10474226 "" "" 48.72490796520859 "" 5.129702150778156 ""
281.9552334758 -13.16427934799 0.0264 0.0248 23.7234 "" "" 4105279004567920896 959.233521 0.9974 0.0302 6.602 -7.169 0.033 0.03 1.169 5229.8 3.6094 14.961727 1.957636 15.915343 13.957707 -48.52 5.74 933.654968 984.700989 19509.93958 7.5786 5878.7 34.959 20705.0 63.41 "" "" 0.0027874117623615576 0.0070336596 0.0050338972 0.012067556 281.9552334758 -13.16427934799 959.233521 6.602 -7.169 7.530099989891053 -4.973699897766113 0.10874226 0.10574226 -58.163000000000004 9.986667 41.03191898739304 71.17972284849097 4.424874989268708 8.549754077524137
282.18102544956 -12.66599942547 0.0267 0.0234 12.3555 "" "" 4105685269766894208 996.215088 0.9663 0.029 -2.07 -3.386 0.031 0.025 1.008 5738.2 4.1877 14.962523 1.319454 15.544878 14.225424 41.24 8.72 965.207275 1031.18762 19495.65579 6.4134 8269.2 14.965 16180.0 31.897 "" "" 0.0027783735734195052 0.0034125983 0.004343392 0.00775599 282.18102544956 -12.66599942547 996.215088 -2.069999999999997 -3.385999999999997 -1.1419000101089476 -1.1906998977661134 0.10674226 0.10074226 31.597 12.966667 7.790256067443751 32.54317898725237 0.8075389934020915 12.59115090541407
282.62356044997 -12.88050207359 0.0273 0.0254 23.4066 "" "" 4105621536798688896 891.835876 1.0811 0.0304 3.51 -3.744 0.033 0.028 1.093 6172.4 4.4463 14.964776 1.18247 15.473642 14.291172 "" "" 865.421631 913.404541 19455.22724 6.0961 8830.0 20.311 15230.0 18.089 "" "" 0.0027762435961229725 0.0037446294 0.0039933287 0.007737958 282.62356044997 -12.88050207359 891.835876 3.5100000000000025 -3.744 4.438099989891052 -1.5486998977661135 0.10874226 0.10374226 "" "" 19.870659316582504 "" 2.150217548042528 ""
282.73800203033 -13.12060560602 0.0305 0.0273 33.685 "" "" 4105596621643868288 903.612854 1.0675 0.0348 -5.378 0.173 0.041 0.033 1.011 5442.3 4.3409 14.968211 1.182549 15.466777 14.284227 "" "" 874.145874 936.427551 19393.77841 7.1534 8886.0 27.846 15327.0 18.113 "" "" 0.002784271694964176 0.0044001285 0.0039912467 0.008391375 282.73800203033 -13.12060560602 903.612854 -5.378 0.173 -4.449900010108948 2.3683001022338868 0.11674226 0.10874226 "" "" 21.59071211680024 "" 2.4834562213047775 ""
281.86478486522 -12.86713108607 0.0245 0.0226 20.9887 "" "" 4105299311174305920 1051.79578 0.9091 0.0271 3.686 0.808 0.03 0.025 0.98 6838.2 4.1523 14.978631 1.528831 15.683819 14.154987 "" "" 1022.93182 1080.1925 19208.53251 6.9432 7275.9 23.369 17265.0 21.251 "" "" 0.002783129585632685 0.0044660564 0.0040087025 0.008474759 281.86478486522 -12.86713108607 1051.79578 3.686 0.8080000000000005 4.614099989891052 3.0033001022338865 0.10574226 0.10074226 "" "" 27.44737406449883 "" 2.8621951376590964 ""
