Clusters/UPK_23/UPK_23_stars_in_region.tsv
# %ECSV 1.0
# ---
# datatype:
# - name: RA_ICRS_1
#   unit: deg
#   datatype: float64
#   format: '{:15.11f}'
#   description: Right ascension (ICRS) at Ep=2016.0 (ra)
#   meta: !!omap
#   - {ucd: POS_EQ_RA_MAIN}
#   - {width: 15}
#   - {precision: '11'}
# - name: DE_ICRS_1
#   unit: deg
#   datatype: float64
#   format: '{:15.11f}'
#   description: Declination (ICRS) at Ep=2016.0 (dec)
#   meta: !!omap
#   - {ucd: POS_EQ_DEC_MAIN}
#   - {width: 15}
#   - {precision: '11'}
# - name: e_RA_ICRS
#   unit: mas
#   datatype: float64
#   format: '{:7.4f}'
#   description: Standard error of right ascension (ra_error)
#   meta: !!omap
#   - {ucd: ERROR}
#   - {width: 7}
#   - {precision: '4'}
# - name: e_DE_ICRS
#   unit: mas
#   datatype: float64
#   format: '{:7.4f}'
#   description: Standard error of declination (dec_error)
#   meta: !!omap
#   - {ucd: ERROR}
#   - {width: 7}
#   - {precision: '4'}
# - name: _r_1
#   unit: ''
#   datatype: float64
#   format: '{:7.4f}'
#   description: Distance from center (282.22360666000-12.86769406000)[ICRS], at Epoch=J2016.0
#   meta: !!omap
#   - {ucd: POS_ANG_DIST_GENERAL}
#   - {width: 7}
#   - {precision: '4'}
# - name: HIP
#   datatype: int32
#   description: '? HIP cross-id number, van Leeuwen, Cat. I/311 (hip_original_ext_source_id)'
#   meta: !!omap
#   - {ucd: ID_NUMBER}
#   - {width: 6}
#   - values: {'null': -2147483648}
# - name: TYC2
#   datatype: string
#   description: Tycho-2 cross-id name, Hog et al., Cat. I/259 (tyc2_original_ext_source_id)
#   meta: !!omap
#   - {ucd: ID_CROSSID}
#   - {_votable_string_dtype: char}
# - name: Source
#   datatype: int64
#   description: Source identifier, identical to the Gaia-EDR3 source_id (id)
#   meta: !!omap
#   - {ucd: ID_MAIN}
#   - {width: 19}
# - name: rgeo
#   unit: pc
#   datatype: float64
#   format: '{:15.8f}'
#   description: '? Median of the geometric distance posterior (r_med_geo)'
#   meta: !!omap
#   - {ucd: PHYS_DISTANCE_TRUE}
#   - {width: 15}
#   - {precision: '8'}
#   - values: {'null': .nan}
# - name: Plx
#   unit: mas
#   datatype: float64
#   format: '{:9.4f}'
#   description: '? Parallax (parallax)'
#   meta: !!omap
#   - {ucd: POS_PARLX_TRIG}
#   - {width: 9}
#   - {precision: '4'}
#   - values: {'null': .nan}
# - name: e_Plx
#   unit: mas
#   datatype: float32
#   format: '{:7.4f}'
#   description: '? Standard error of parallax (parallax_error)'
#   meta: !!omap
#   - {ucd: ERROR}
#   - {width: 7}
#   - {precision: '4'}
#   - values: {'null': .nan}
# - name: pmRA
#   unit: mas / yr
#   datatype: float64
#   format: '{:9.3f}'
#   description: '? Proper motion in right ascension direction, pmRA*cosDE (pmra)'
#   meta: !!omap
#   - {ucd: POS_EQ_PMRA}
#   - {width: 9}
#   - {precision: '3'}
#   - values: {'null': .nan}
# - name: pmDE
#   unit: mas / yr
#   datatype: float64
#   format: '{:9.3f}'
#   description: '? Proper motion in declination direction (pmdec)'
#   meta: !!omap
#   - {ucd: POS_EQ_PMDEC}
#   - {width: 9}
#   - {precision: '3'}
#   - values: {'null': .nan}
# - name: e_pmRA
#   unit: mas / yr
#   datatype: float32
#   format: '{:6.3f}'
#   description: '? Standard error of proper motion in right ascension direction (pmra_error)'
#   meta: !!omap
#   - {ucd: ERROR}
#   - {width: 6}
#   - {precision: '3'}
#   - values: {'null': .nan}
# - name: e_pmDE
[...]
#         value: !astropy.table.SerializedColumn {name: SkyCoord.dec}
#       distance: !astropy.table.SerializedColumn
#         __class__: astropy.coordinates.distances.Distance
#         unit: !astropy.units.Unit {unit: pc}
#         value: !astropy.table.SerializedColumn {name: SkyCoord.distance}
#       frame: icrs
#       obstime: !astropy.time.Time {format: jyear_str, in_subfmt: '*', jd1: 367701545.0, jd2: 0.0, out_subfmt: '*', precision: 3, scale: tt}
#       pm_dec: !astropy.table.SerializedColumn
#         __class__: astropy.units.quantity.Quantity
#         unit: !astropy.units.Unit {unit: mas / yr}
#         value: !astropy.table.SerializedColumn {name: SkyCoord.pm_dec}
#       pm_ra_cosdec: !astropy.table.SerializedColumn
#         __class__: astropy.units.quantity.Quantity
#         unit: !astropy.units.Unit {unit: mas / yr}
#         value: !astropy.table.SerializedColumn {name: SkyCoord.pm_ra_cosdec}
#       ra: !astropy.table.SerializedColumn
#         __class__: astropy.coordinates.angles.Longitude
#         unit: *id001
#         value: !astropy.table.SerializedColumn {name: SkyCoord.ra}
#         wrap_angle: !astropy.coordinates.Angle
#           unit: *id001
#           value: 360.0
#       representation_type: spherical
# schema: astropy-2.0
RA_ICRS_1 DE_ICRS_1 e_RA_ICRS e_DE_ICRS _r_1 HIP TYC2 Source rgeo Plx e_Plx pmRA pmDE e_pmRA e_pmDE RUWE Teff logg Gmag BP-RP BPmag RPmag RV e_RV b_rgeo B_rgeo FG e_FG FBP e_FBP FRP e_FRP RAVE5 RAVE6 e_Gmag e_BPmag e_RPmag e_BP-RP SkyCoord.ra SkyCoord.dec SkyCoord.distance SkyCoord.pm_ra_cosdec SkyCoord.pm_dec rmRA rmDE e_rmRA e_rmDE rRV e_rRV v_pec v_pec3d e_vpec e_vpec3d
[from data line 1156]
282.47121704541 -12.5763669169 0.0508 0.049 22.7058 "" "" 4105680253252620544 1009.06995 0.9793 0.0602 -1.389 -7.236 0.062 0.052 1.203 5195.8 4.5966 15.932757 1.461405 16.601969 15.140564 "" "" 961.19165 1080.79639 7977.07863 5.9141 3123.4 14.121 6965.2 12.102 "" "" 0.0028704937802479878 0.0056462293 0.004224034 0.009870263 282.47121704541 -12.5763669169 1009.06995 -1.3889999999999996 -7.236000000000007 -0.46090001010894777 -5.040699897766113 0.13774225 0.12774226 "" "" 24.210199451593642 "" 3.094750782831108 ""
281.93146942169 -12.7254432478 0.0936 0.0891 19.1053 "" "" 4105311577601095296 839.959473 1.1882 0.1126 0.064 -3.736 0.119 0.113 1.826 6036.0 4.4724 15.932907 1.697661 16.677322 14.979661 "" "" 773.653442 937.934021 7975.98046 21.171 2914.0 16.997 8077.8 12.828 "" "" 0.003987134275254277 0.0069203675 0.00415411 0.011074478 281.93146942169 -12.7254432478 839.959473 0.064 -3.7359999999999998 0.9920999898910523 -1.5406998977661135 0.19474226 0.18874225 "" "" 7.295889041815125 "" 1.390016273568065 ""
282.46960360338 -13.290136836 0.0549 0.0525 29.1401 "" "" 4105217741150763136 1070.04846 0.9012 0.0639 -4.972 -7.834 0.07 0.055 1.485 4837.2 4.2725 15.934589 1.578664 16.654638 15.075974 "" "" 1006.35596 1151.67297 7963.62666 5.386 2975.5 11.471 7392.1 13.622 "" "" 0.002851491078668556 0.005030401 0.0042763078 0.009306708 282.46960360338 -13.290136836 1070.04846 -4.972 -7.834 -4.043900010108948 -5.638699897766113 0.14574227 0.13074225 "" "" 35.19420843509265 "" 4.7872049473474565 ""
281.59104568856 -12.96323927711 0.0393 0.0381 37.435 "" "" 4105277286578880640 1059.03589 0.8995 0.046 0.797 -2.735 0.048 0.044 0.994 5538.8 4.1962 15.934854 1.909061 16.882113 14.973052 "" "" 1006.11414 1099.03345 7961.69178 4.3826 2413.1 14.312 8127.1 21.973 "" "" 0.002819393768860239 0.007017953 0.0047854707 0.011803424 281.59104568856 -12.96323927711 1059.03589 0.7970000000000002 -2.735 1.7250999898910524 -0.5396998977661132 0.12374226 0.11974226 "" "" 9.073606361748192 "" 1.1196006693546672 ""
282.14638771931 -12.34068355367 0.0785 0.0838 31.9423 "" "" 4105887859087363456 1080.59705 0.939 0.0998 1.263 -5.278 0.098 0.085 1.919 4913.8 4.3064 15.937031 1.959287 16.826294 14.867007 "" "" 966.782776 1196.86023 7945.74488 11.954 2540.4 25.351 8961.0 36.198 "" "" 0.003203109851361308 0.011188208 0.0057895845 0.016977793 282.14638771931 -12.34068355367 1080.59705 1.2629999999999995 -5.278 2.191099989891052 -3.082699897766113 0.17374226 0.16074225 "" "" 19.3718112907945 "" 3.200602991891072 ""
282.86581786218 -12.57450307161 0.0683 0.0649 41.4997 "" "" 4105654006754476928 978.23468 1.0219 0.0711 -0.822 -3.165 0.079 0.069 1.806 5686.8 4.5789 15.938272 1.440336 16.563595 15.123259 "" "" 916.520691 1051.9093 7936.66548 11.002 3235.8 11.488 7077.1 17.048 "" "" 0.003139591862471791 0.0047585205 0.004596105 0.009354625 282.86581786218 -12.57450307161 978.23468 -0.8220000000000001 -3.165000000000001 0.1060999898910523 -0.9696998977661133 0.15474227 0.14474225 "" "" 4.523170215828563 "" 0.6552471824580098 ""
282.20459189483 -12.38006749956 0.1534 0.1499 29.2788 "" "" 4105886549116701952 1000.37347 1.111 0.186 -1.172 -4.163 0.184 0.167 4.373 "" "" 15.938979 1.360675 16.397163 15.036489 "" "" 845.179565 1270.21631 7931.4975 20.783 3771.8 13.102 7665.9 29.383 "" "" 0.003960509008357945 0.004691397 0.005621601 0.010312998 282.20459189483 -12.38006749956 1000.37347 -1.1719999999999993 -4.162999999999995 -0.24390001010894768 -1.9676998977661135 0.25974226 0.24274226 "" "" 9.401783868763255 "" 2.28471202140353 ""
281.54452430781 -12.63006826507 0.0387 0.037 42.2206 "" "" 4105509107390805376 859.541382 1.1231 0.0416 -4.636 -1.014 0.044 0.038 0.964 6017.7 4.3578 15.941747 1.753638 16.773304 15.019666 "" "" 833.495972 890.837769 7911.3027 4.3138 2667.4 10.189 7785.6 18.884 "" "" 0.0028182045631008163 0.004998532 0.0046063894 0.009604922 281.54452430781 -12.63006826507 859.541382 -4.636000000000001 -1.0140000000000002 -3.707900010108948 1.1813001022338867 0.11974226 0.11374226 "" "" 15.854966317185013 "" 1.889943886156327 ""
282.49338529778 -13.45991624928 0.0389 0.0367 38.872 "" "" 4102206999096581120 1098.38745 0.8932 0.0434 3.376 5.493 0.048 0.04 0.956 5338.9 4.2613 15.943481 1.635565 16.651022 15.015457 "" "" 1048.30713 1156.07568 7898.67644 5.5417 2985.4 15.44 7815.8 29.272 "" "" 0.0028586804325333227 0.006270253 0.00555147 0.011821723 282.49338529778 -13.45991624928 1098.38745 3.376 5.493 4.304099989891052 7.688300102233887 0.12374226 0.11574226 "" "" 45.8736545943703 "" 5.399357565072993 ""
282.26565121689 -12.90083605332 0.0826 0.0733 3.1625 "" "" 4105664726993954688 902.491943 1.1016 0.0906 1.87 -1.689 0.104 0.082 1.792 "" "" 15.943672 1.62115 16.024399 14.403249 "" "" 833.833618 971.935547 7897.28614 9.8338 5316.9 39.425 13736.0 36.388 "" "" 0.0030691397122668156 0.008520561 0.004749355 0.013269916 282.26565121689 -12.90083605332 902.491943 1.870000000000001 -1.689000000000001 2.7980999898910524 0.5063001022338867 0.17974226 0.15774226 "" "" 12.16411666918399 "" 2.1784264770667527 ""
282.45691198411 -13.39192521972 0.0358 0.0324 34.281 "" "" 4105209971510130944 877.269348 1.1076 0.0408 0.169 -4.413 0.045 0.036 0.955 5107.6 4.3063 15.943724 1.692716 16.74378 15.051065 "" "" 845.882568 909.990723 7896.91298 6.8499 2741.0 12.984 7563.7 19.239 "" "" 0.0029118286223460835 0.0058511863 0.004680873 0.010532059 282.45691198411 -13.39192521972 877.269348 0.16899999999999984 -4.413 1.0970999898910523 -2.2176998977661135 0.12074226 0.11174226 "" "" 10.288489491063606 "" 1.1684443816882852 ""
282.33549551284 -13.57384970349 0.0349 0.0333 42.8704 "" "" 4102204289023532928 1098.06946 0.8832 0.0418 0.417 0.422 0.043 0.037 0.997 5201.6 4.296 15.946447 1.602461 16.69708 15.09462 "" "" 1043.42041 1164.88513 7877.12566 3.621 2861.4 8.2628 7266.2 12.998 "" "" 0.0028001584462009695 0.0041970084 0.004249219 0.008446228 282.33549551284 -13.57384970349 1098.06946 0.4169999999999999 0.42199999999999993 1.3450999898910523 2.617300102233887 0.11874226 0.11274226 "" "" 15.316372223301915 "" 1.7464029585991443 ""
282.32684254092 -13.22441722445 0.0401 0.0372 22.2377 "" "" 4105233512269925888 878.290405 1.0934 0.0436 -1.751 -3.073 0.047 0.042 0.993 4799.8 4.2923 15.94877 1.703201 16.764847 15.061645 "" "" 852.8396 910.699707 7860.29361 3.8619 2688.3 11.744 7490.3 15.392 "" "" 0.0028064833758784614 0.0055029155 0.0043887994 0.009891715 282.32684254092 -13.22441722445 878.290405 -1.751 -3.073 -0.8229000101089476 -0.8776998977661132 0.12274226 0.117742255 "" "" 5.008745866395248 "" 0.6015865308296052 ""
281.76280898707 -13.03263887696 0.0812 0.0797 28.7047 "" "" 4105295428523684480 1060.51477 0.9209 0.0965 -3.078 -7.029 0.096 0.082 2.277 6171.5 4.3098 15.950272 1.822058 16.815216 14.993158 "" "" 965.531494 1197.50586 7849.4298 14.471 2566.4 9.0385 7978.0 14.178 "" "" 0.0034056320024238545 0.0047335583 0.0042434307 0.0089769885 281.76280898707 -13.03263887696 1060.51477 -3.077999999999998 -7.029 -2.1499000101089476 -4.833699897766113 0.17174226 0.15774226 "" "" 26.59323071372616 "" 4.2586078304860715 ""
281.7870861418 -12.39508251504 0.0413 0.0385 38.1743 "" "" 4105894761091692544 929.654724 1.0456 0.0493 4.342 -5.935 0.049 0.042 1.008 4904.3 4.2761 15.951305 1.679749 16.75407 15.074322 "" "" 898.64325 970.602539 7841.9599 3.9682 2715.1 12.201 7403.4 7.3338 "" "" 0.0028095615566515035 0.0056205005 0.003929439 0.00954994 281.7870861418 -12.39508251504 929.654724 4.342000000000006 -5.935 5.270099989891052 -3.739699897766113 0.124742255 0.117742255 "" "" 28.475848598337045 "" 3.4866542419749247 ""
282.47036985787 -12.94077430072 0.0497 0.0458 15.0833 "" "" 4105616726434116608 815.618347 1.1952 0.0459 -5.771 -0.656 0.06 0.054 1.008 4590.5 4.3571 15.952316 1.473421 16.62287 15.149448 "" "" 781.227173 846.331116 7834.66163 4.4725 3063.9 13.304 6908.4 18.589 "" "" 0.0028241718091705052 0.005478246 0.0047768997 0.010255146 282.47036985787 -12.94077430072 815.618347 -5.771 -0.656 -4.842900010108948 1.5393001022338866 0.13574226 0.12974226 "" "" 19.64580050022122 "" 2.656167579254065 ""
281.6816509824 -12.43594650677 0.0418 0.0383 40.9598 "" "" 4105519106076357120 921.442322 1.0529 0.047 -3.262 -3.763 0.05 0.04 1.029 5758.2 4.4171 15.953587 1.698835 16.753786 15.054951 "" "" 882.052002 957.217834 7825.49719 4.3225 2715.8 12.736 7536.6 12.576 "" "" 0.002819831834619662 0.0058060377 0.0041911886 0.009997226 281.6816509824 -12.43594650677 921.442322 -3.262 -3.763 -2.3339000101089478 -1.5676998977661132 0.12574226 0.11574226 "" "" 12.279796717776048 "" 1.5069823682234533 ""
282.36464012489 -13.28145541903 0.0448 0.0436 26.1583 "" "" 4105220524288628352 939.691223 1.0311 0.0485 -5.685 -4.147 0.054 0.046 1.083 4863.5 4.2464 15.953596 1.626461 16.606415 14.979954 "" "" 892.575134 984.490051 7825.43277 4.0491 3110.6 55.536 8075.6 155.26 "" "" 0.002812009603427873 0.019584281 0.021213543 0.040797822 282.36464012489 -13.28145541903 939.691223 -5.684999999999993 -4.147000000000005 -4.756900010108947 -1.9516998977661135 0.12974226 0.12174226 "" "" 22.9018986493999 "" 2.9456489169492786 ""
282.70758930784 -13.20912073696 0.0489 0.0442 34.9285 "" "" 4102592137401206784 765.372192 1.2564 0.0557 1.342 -1.222 0.067 0.055 1.181 4561.2 4.1945 15.954205 1.438881 16.600573 15.161692 "" "" 735.022278 800.514465 7821.04803 6.0227 3127.4 11.69 6831.0 22.17 "" "" 0.002879379788561128 0.004925007 0.00516726 0.010092267 282.70758930784 -13.20912073696 765.372192 1.342 -1.222 2.2700999898910523 0.9733001022338867 0.14274226 0.13074225 "" "" 8.960653475056134 "" 1.2629675312993216 ""
281.54244979372 -13.12413852356 0.0583 0.0582 42.6917 "" "" 4105273197770254592 1010.71216 0.9575 0.0666 -3.962 -5.498 0.076 0.068 1.437 "" "" 15.956696 1.760835 16.695961 14.935126 "" "" 953.216614 1069.58203 7803.12514 9.0839 2864.4 37.505 8416.0 53.708 "" "" 0.0030313933910954076 0.014487303 0.007892521 0.022379823 281.54244979372 -13.12413852356 1010.71216 -3.9619999999999997 -5.4979999999999976 -3.033900010108948 -3.3026998977661135 0.15174225 0.14374226 "" "" 21.485107004768576 "" 3.1681375562533725 ""
282.69514657701 -12.48066773881 0.0591 0.0547 36.0717 "" "" 4105703175544668672 1021.87286 0.9352 0.0698 1.166 -3.727 0.069 0.058 1.523 4911.6 4.2794 15.963592 1.586807 16.702892 15.116085 "" "" 963.018372 1091.46436 7753.71944 9.8594 2846.2 16.684 7124.0 24.452 "" "" 0.003081853017056156 0.0069491677 0.005307674 0.012256842 282.69514657701 -12.48066773881 1021.87286 1.166 -3.7270000000000025 2.094099989891052 -1.5316998977661131 0.14474225 0.13374226 "" "" 12.56685471417388 "" 1.7719998933947172 ""
281.56858672689 -13.10390398033 0.0465 0.0496 40.8344 "" "" 4105273713172732544 1052.89868 0.9193 0.0591 -1.555 -14.464 0.062 0.057 1.157 5309.8 4.2429 15.964225 1.849221 16.863922 15.014701 "" "" 991.730835 1124.8031 7749.20188 4.2764 2453.9 15.896 7821.3 9.9932 "" "" 0.0028197139560583477 0.007566471 0.0040259343 0.011592405 281.56858672689 -13.10390398033 1052.89868 -1.5550000000000006 -14.464 -0.6269000101089477 -12.268699897766114 0.13774225 0.13274226 "" "" 61.30977032506752 "" 8.139210517706593 ""
282.50303293782 -12.51234457367 0.0425 0.0408 26.872 "" "" 4105681662002540032 783.446777 1.2391 0.0456 3.143 -13.706 0.052 0.047 0.887 4623.7 4.3322 15.965195 1.716824 16.556396 14.839573 "" "" 760.033691 812.567749 7742.27773 10.3 3257.3 70.45 9190.3 286.61 "" "" 0.003110969582503413 0.023647854 0.03407019 0.057718046 282.50303293782 -12.51234457367 783.446777 3.143 -13.706 4.071099989891052 -11.510699897766113 0.12774226 0.12274226 "" "" 45.34016159593359 "" 5.590813014036703 ""
282.03175041306 -12.53417515975 0.0511 0.0465 22.9467 "" "" 4105877757366079104 795.592346 1.2429 0.0573 0.477 0.685 0.064 0.051 1.271 4703.4 4.3007 15.96732 1.695871 16.743824 15.047953 "" "" 762.573181 843.461731 7727.13415 5.398 2740.9 18.677 7585.4 34.676 "" "" 0.0028578080696833657 0.0079070525 0.006238474 0.014145527 282.03175041306 -12.53417515975 795.592346 0.477 0.6849999999999998 1.4050999898910521 2.8803001022338868 0.13974226 0.12674226 "" "" 12.085464583814353 "" 1.5631673163024877 ""
282.92460360574 -12.92295236244 0.0467 0.0455 41.1329 "" "" 4105606693390782208 1027.54675 0.9522 0.0567 6.511 1.896 0.059 0.054 1.366 "" "" 15.969346 1.493899 16.582884 15.088985 "" "" 975.006226 1091.00745 7712.73354 5.1922 3178.8 17.728 7304.1 74.781 "" "" 0.0028506187864070025 0.0066670235 0.011740927 0.01840795 282.92460360574 -12.92295236244 1027.54675 6.510999999999995 1.896 7.439099989891052 4.091300102233887 0.13474226 0.12974226 "" "" 41.35082159148335 "" 5.52437901339921 ""
281.63057283196 -13.29149692608 0.0466 0.0429 42.9863 "" "" 4105250584718097408 1017.77551 0.9494 0.0485 0.104 2.734 0.053 0.045 1.088 5808.3 4.181 15.96992 1.853355 16.873005 15.01965 "" "" 964.262207 1064.5824 7708.65386 3.994 2433.4 16.321 7785.7 27.359 "" "" 0.0028121595313509986 0.0077983495 0.0053702993 0.013168649 281.63057283196 -13.29149692608 1017.77551 0.10400000000000009 2.734 1.0320999898910523 4.929300102233887 0.12874226 0.12074226 "" "" 24.295879069688322 "" 2.941960951328323 ""
281.85606999585 -12.33091480538 0.0399 0.0388 38.7354 "" "" 4105896552143364864 852.666992 1.1379 0.0462 7.273 0.999 0.046 0.044 1.018 5576.9 4.4718 15.970174 1.670153 16.75721 15.087057 "" "" 824.409668 882.532776 7706.85662 4.0954 2707.3 11.26 7317.0 28.96 "" "" 0.002815078791691294 0.005308174 0.005722763 0.011030937 281.85606999585 -12.33091480538 852.666992 7.272999999999996 0.9989999999999999 8.201099989891052 3.194300102233887 0.12174226 0.11974226 "" "" 35.57140408627901 "" 4.321238991879439 ""
282.4474928827 -12.83771615627 0.0466 0.0437 13.2195 "" "" 4105619750091221120 1016.42517 0.9636 0.0545 2.394 -1.944 0.058 0.048 1.007 4845.5 4.4032 15.972302 1.372134 16.577446 15.205312 "" "" 968.85791 1071.57043 7691.76399 4.3307 3194.8 25.812 6562.0 21.452 "" "" 0.002822318299546335 0.009205125 0.0051847873 0.014389913 282.4474928827 -12.83771615627 1016.42517 2.3939999999999975 -1.944 3.3220999898910524 0.25130010223388677 0.13374226 0.12374226 "" "" 16.0511244555821 "" 2.145834344303637 ""
282.59108312518 -13.09690812852 0.0399 0.0379 25.5097 "" "" 4105599232984086400 917.305542 1.0545 0.0484 0.079 -5.966 0.051 0.039 0.936 5293.2 4.5798 15.973573 1.398621 16.604681 15.20606 "" "" 884.915649 956.380859 7682.76412 4.8 3115.6 10.916 6557.4 16.771 "" "" 0.0028375933209492258 0.0047176094 0.0046898397 0.0094074495 282.59108312518 -13.09690812852 917.305542 0.07900000000000015 -5.965999999999997 1.0070999898910522 -3.7706998977661135 0.12674226 0.114742264 "" "" 16.969807958102372 "" 1.9613705138299062 ""
282.06551401518 -12.94287601836 0.1164 0.1072 10.2877 "" "" 4105291408415386496 1086.07727 0.9291 0.1258 0.638 -5.565 0.144 0.125 3.376 6039.3 4.4935 15.973869 1.523604 16.546925 15.02332 "" "" 947.666382 1261.4165 7680.66802 17.351 3285.8 18.767 7759.4 24.288 "" "" 0.0036888583219499356 0.006800025 0.005082673 0.011882698 282.06551401518 -12.94287601836 1086.07727 0.6379999999999997 -5.564999999999995 1.5660999898910521 -3.3696998977661137 0.21974225 0.20074226 "" "" 19.129222771210504 "" 3.907075124876239 ""
282.68659979415 -13.20410994847 0.0508 0.0473 33.762 "" "" 4105594186446697600 1086.9679 0.8835 0.0569 -0.7 -24.287 0.068 0.054 1.251 5074.8 4.5945 15.974134 1.373568 16.552242 15.178674 "" "" 1024.06885 1163.93506 7678.79683 6.8708 3269.8 28.247 6724.9 30.411 "" "" 0.002921571950490815 0.00978562 0.006196004 0.015981624 282.68659979415 -13.20410994847 1086.9679 -0.7000000000000013 -24.287 0.2280999898910523 -22.091699897766112 0.14374226 0.12974226 "" "" 113.82753839121487 "" 14.768421657355121 ""
