Clusters/UPK_398/UPK_398_stars_in_region.tsv
# %ECSV 1.0
# ---
# datatype:
# - name: RA_ICRS_1
#   unit: deg
#   datatype: float64
#   format: '{:15.11f}'
#   description: Right ascension (ICRS) at Ep=2016.0 (ra)
#   meta: !!omap
#   - {ucd: POS_EQ_RA_MAIN}
#   - {width: 15}
#   - {precision: '11'}
# - name: DE_ICRS_1
#   unit: deg
#   datatype: float64
#   format: '{:15.11f}'
#   description: Declination (ICRS) at Ep=2016.0 (dec)
#   meta: !!omap
#   - {ucd: POS_EQ_DEC_MAIN}
#   - {width: 15}
#   - {precision: '11'}
# - name: e_RA_ICRS
#   unit: mas
#   datatype: float64
#   format: '{:7.4f}'
#   description: Standard error of right ascension (ra_error)
#   meta: !!omap
#   - {ucd: ERROR}
#   - {width: 7}
#   - {precision: '4'}
# - name: e_DE_ICRS
#   unit: mas
#   datatype: float64
#   format: '{:7.4f}'
#   description: Standard error of declination (dec_error)
#   meta: !!omap
#   - {ucd: ERROR}
#   - {width: 7}
#   - {precision: '4'}
# - name: _r_1
#   unit: ''
#   datatype: float64
#   format: '{:7.4f}'
#   description: Distance from center (085.98860672000+07.06299466000)[ICRS], at Epoch=J2016.0
#   meta: !!omap
#   - {ucd: POS_ANG_DIST_GENERAL}
#   - {width: 7}
#   - {precision: '4'}
# - name: HIP
#   datatype: int32
#   description: '? HIP cross-id number, van Leeuwen, Cat. I/311 (hip_original_ext_source_id)'
#   meta: !!omap
#   - {ucd: ID_NUMBER}
#   - {width: 6}
#   - values: {'null': -2147483648}
# - name: TYC2
#   datatype: string
#   description: Tycho-2 cross-id name, Hog et al., Cat. I/259 (tyc2_original_ext_source_id)
#   meta: !!omap
#   - {ucd: ID_CROSSID}
#   - {_votable_string_dtype: char}
# - name: Source
#   datatype: int64
#   description: Source identifier, identical to the Gaia-EDR3 source_id (id)
#   meta: !!omap
#   - {ucd: ID_MAIN}
#   - {width: 19}
# - name: rgeo
#   unit: pc
#   datatype: float64
#   format: '{:15.8f}'
#   description: '? Median of the geometric distance posterior (r_med_geo)'
#   meta: !!omap
#   - {ucd: PHYS_DISTANCE_TRUE}
#   - {width: 15}
#   - {precision: '8'}
#   - values: {'null': .nan}
# - name: Plx
#   unit: mas
#   datatype: float64
#   format: '{:9.4f}'
#   description: '? Parallax (parallax)'
#   meta: !!omap
#   - {ucd: POS_PARLX_TRIG}
#   - {width: 9}
#   - {precision: '4'}
#   - values: {'null': .nan}
# - name: e_Plx
#   unit: mas
#   datatype: float32
#   format: '{:7.4f}'
#   description: '? Standard error of parallax (parallax_error)'
#   meta: !!omap
#   - {ucd: ERROR}
#   - {width: 7}
#   - {precision: '4'}
#   - values: {'null': .nan}
# - name: pmRA
#   unit: mas / yr
#   datatype: float64
#   format: '{:9.3f}'
#   description: '? Proper motion in right ascension direction, pmRA*cosDE (pmra)'
#   meta: !!omap
#   - {ucd: POS_EQ_PMRA}
#   - {width: 9}
#   - {precision: '3'}
#   - values: {'null': .nan}
# - name: pmDE
#   unit: mas / yr
#   datatype: float64
#   format: '{:9.3f}'
#   description: '? Proper motion in declination direction (pmdec)'
#   meta: !!omap
#   - {ucd: POS_EQ_PMDEC}
#   - {width: 9}
#   - {precision: '3'}
#   - values: {'null': .nan}
# - name: e_pmRA
#   unit: mas / yr
#   datatype: float32
#   format: '{:6.3f}'
#   description: '? Standard error of proper motion in right ascension direction (pmra_error)'
#   meta: !!omap
#   - {ucd: ERROR}
#   - {width: 6}
#   - {precision: '3'}
#   - values: {'null': .nan}
# - name: e_pmDE
[...]
#         unit: &id001 !astropy.units.Unit {unit: deg}
#         value: !astropy.table.SerializedColumn {name: SkyCoord.dec}
#       distance: !astropy.table.SerializedColumn
#         __class__: astropy.coordinates.distances.Distance
#         unit: !astropy.units.Unit {unit: pc}
#         value: !astropy.table.SerializedColumn {name: SkyCoord.distance}
#       frame: icrs
#       obstime: !astropy.time.Time {format: jyear_str, in_subfmt: '*', jd1: 367701545.0, jd2: 0.0, out_subfmt: '*', precision: 3, scale: tt}
#       pm_dec: !astropy.table.SerializedColumn
#         __class__: astropy.units.quantity.Quantity
#         unit: !astropy.units.Unit {unit: mas / yr}
#         value: !astropy.table.SerializedColumn {name: SkyCoord.pm_dec}
#       pm_ra_cosdec: !astropy.table.SerializedColumn
#         __class__: astropy.units.quantity.Quantity
#         unit: !astropy.units.Unit {unit: mas / yr}
#         value: !astropy.table.SerializedColumn {name: SkyCoord.pm_ra_cosdec}
#       ra: !astropy.table.SerializedColumn
#         __class__: astropy.coordinates.angles.Longitude
#         unit: *id001
#         value: !astropy.table.SerializedColumn {name: SkyCoord.ra}
#         wrap_angle: !astropy.coordinates.Angle
#           unit: *id001
#           value: 360.0
#       representation_type: spherical
# schema: astropy-2.0
RA_ICRS_1 DE_ICRS_1 e_RA_ICRS e_DE_ICRS _r_1 HIP TYC2 Source rgeo Plx e_Plx pmRA pmDE e_pmRA e_pmDE RUWE Teff logg Gmag BP-RP BPmag RPmag RV e_RV b_rgeo B_rgeo FG e_FG FBP e_FBP FRP e_FRP RAVE5 RAVE6 e_Gmag e_BPmag e_RPmag e_BP-RP SkyCoord.ra SkyCoord.dec SkyCoord.distance SkyCoord.pm_ra_cosdec SkyCoord.pm_dec
[from data line 1141]
85.61543841858 6.2481080858 0.0568 0.0454 53.7133 "" "" 3333246126115046272 456.213013 2.1653 0.0708 3.872 1.028 0.068 0.05 1.022 4498.1 4.6687 16.951023 2.211533 18.071823 15.860291 "" "" 443.118896 470.444519 3122.75454 2.1267 806.65 23.073 3589.6 22.22 "" "" 0.002852811785330394 0.031180922 0.0077105872 0.03889151 85.61543841858 6.2481080858 456.213013 3.8719999999999994 1.028
85.2602358999 6.56047678303 0.0597 0.0482 52.8403 "" "" 3333316735378384128 391.859528 2.5129 0.0694 -0.078 -3.031 0.08 0.054 1.052 3476.8 4.3071 16.95696 2.890636 18.603718 15.713081 "" "" 380.855103 402.467316 3105.71873 5.4224 494.23 10.391 4110.8 19.68 "" "" 0.003344428964367771 0.022997081 0.0064266077 0.02942369 85.2602358999 6.56047678303 391.859528 -0.07800000000000001 -3.0309999999999997
86.52640536768 8.36609980852 0.0586 0.0487 84.4719 "" "" 3335255341881353344 531.806824 1.8391 0.0707 -3.848 -5.876 0.089 0.053 1.032 4183.1 4.5479 16.957233 2.037796 17.991268 15.953472 "" "" 510.036041 556.228699 3104.94056 1.7152 868.78 6.1124 3294.3 7.9786 "" "" 0.002819843109996081 0.008132442 0.004604179 0.01273662 86.52640536768 8.36609980852 531.806824 -3.848 -5.876
85.92741478131 7.00527245786 0.0581 0.0475 5.0272 "" "" 3333361403038114560 470.014435 2.0951 0.0693 -4.783 -17.384 0.075 0.052 1.004 4110.2 4.5148 16.957977 2.108788 18.042902 15.934114 "" "" 455.563751 483.441711 3102.81447 1.9187 828.43 8.5362 3353.6 9.8823 "" "" 0.0028359399421203726 0.011530187 0.004951768 0.016481955 85.92741478131 7.00527245786 470.014435 -4.783 -17.384
87.15447667799 7.55144332182 0.0615 0.0525 75.3194 "" "" 3334943218018283136 441.569336 2.2382 0.0769 14.174 -9.024 0.08 0.063 1.105 3704.2 4.4499 16.964928 2.249909 18.150936 15.901027 "" "" 428.289398 457.116791 3083.01496 1.999 749.97 7.3559 3457.4 7.7349 "" "" 0.002843831893672663 0.011008639 0.0044926405 0.015501279 87.15447667799 7.55144332182 441.569336 14.174 -9.024
84.9021209945 8.10457136621 0.0585 0.0491 89.8947 "" "" 3334517608235651072 384.246796 2.5756 0.0751 2.209 -8.497 0.069 0.056 0.974 "" "" 16.965652 2.277216 18.16858 15.891363 "" "" 373.165863 394.702271 3080.95661 2.2555 737.88 8.1561 3488.3 9.9979 "" "" 0.002867675966138267 0.012321181 0.0048956475 0.017216828 84.9021209945 8.10457136621 384.246796 2.209 -8.496999999999998
84.98460968044 6.26052396091 0.0702 0.0549 76.7997 "" "" 3332930291400883968 429.60434 2.3019 0.0774 -3.673 -1.636 0.091 0.059 1.072 3467.2 4.2546 16.96768 3.021266 18.717886 15.69662 "" "" 414.643799 445.949799 3075.20895 6.51 444.9 8.3339 4173.6 24.902 "" "" 0.003588112983521398 0.02052859 0.0074999677 0.028028559 84.98460968044 6.26052396091 429.60434 -3.673 -1.6359999999999997
87.10413598471 7.61904164033 0.0595 0.0502 74.2951 "" "" 3334946830086814208 372.368927 2.6504 0.0714 5.499 -20.946 0.078 0.06 1.059 3813.9 4.7249 16.967905 2.090504 18.035702 15.945198 "" "" 362.851868 384.619934 3074.57069 2.0436 833.94 13.914 3319.5 12.571 "" "" 0.0028482608750066093 0.018328749 0.0055847834 0.023913532 87.10413598471 7.61904164033 372.368927 5.499 -20.946000000000005
87.13356536432 7.770052604 0.0584 0.0474 80.2521 "" "" 3334997510700866176 359.822723 2.7546 0.0679 7.024 -42.687 0.078 0.058 1.003 "" "" 16.972767 2.310629 18.13961 15.828981 "" "" 349.228058 367.462555 3060.83481 2.0226 757.83 20.886 3694.6 19.867 "" "" 0.0028471969447142445 0.030052984 0.0069548474 0.03700783 87.13356536432 7.770052604 359.822723 7.024000000000002 -42.687000000000005
85.35990688529 8.43120169401 0.0672 0.0514 90.2008 "" "" 3334550181267491328 493.73526 1.9733 0.0883 -5.827 -3.992 0.088 0.063 1.032 4217.4 4.6833 16.9739 1.996267 17.980083 15.983816 "" "" 474.404816 517.390259 3057.64536 1.8187 877.78 7.9706 3203.6 11.068 "" "" 0.002829990715226685 0.010246145 0.005324871 0.015571015 85.35990688529 8.43120169401 493.73526 -5.827 -3.992
85.77329728079 8.03710034339 0.0916 0.0641 59.8329 "" "" 3333762793502134144 472.883026 2.0987 0.0966 14.034 -14.288 0.141 0.079 1.286 "" "" 16.97574 1.612276 17.253077 15.6408 "" "" 451.825287 497.597534 3052.4662 10.464 1714.7 103.6 4393.8 111.11 "" "" 0.004630846741162301 0.06565811 0.027714895 0.093373 85.77329728079 8.03710034339 472.883026 14.033999999999999 -14.287999999999997
86.48089326229 8.4591652423 0.0609 0.0483 88.7352 "" "" 3335303823472479616 493.2229 1.9897 0.072 -3.863 1.669 0.086 0.052 0.955 4116.6 4.6508 16.97613 2.023087 18.003428 15.98034 "" "" 478.42569 507.952698 3051.37039 1.6052 859.1 7.7831 3213.8 7.9178 "" "" 0.0028138966356677803 0.010224407 0.0046302155 0.014854622 86.48089326229 8.4591652423 493.2229 -3.8629999999999995 1.669
85.53999461995 8.00847883788 0.0623 0.052 62.6914 "" "" 3333773445021238016 361.552063 2.7616 0.0863 -9.655 -7.986 0.08 0.058 0.947 3568.0 4.666 16.977898 2.410794 18.271137 15.860343 "" "" 350.313171 373.102051 3046.40703 1.9458 671.37 9.176 3589.4 9.2907 "" "" 0.002841250655402879 0.015099411 0.0047097183 0.019809129 85.53999461995 8.00847883788 361.552063 -9.655 -7.986000000000001
85.9947809542 5.93224989355 0.0623 0.0545 67.8457 "" "" 3321212280587932032 360.100433 2.7488 0.0806 14.672 23.226 0.076 0.06 0.978 3742.8 4.8092 16.978888 2.170939 18.102348 15.931409 "" "" 350.810669 370.574646 3043.62738 1.9771 784.29 9.6345 3362.0 8.7118 "" "" 0.0028441534898939413 0.013626294 0.0047115874 0.018337881 85.9947809542 5.93224989355 360.100433 14.672 23.226
86.34599350862 6.81683039449 0.0627 0.0504 25.9084 "" "" 3333385970251876480 534.99646 1.8179 0.0754 -9.297 -13.877 0.073 0.054 1.044 4184.0 4.6607 16.980907 2.06807 18.041399 15.973329 "" "" 518.116943 560.006653 3037.97342 1.5866 829.58 6.8543 3234.6 8.639 "" "" 0.0028130614985672196 0.009394655 0.0047636684 0.014158323 86.34599350862 6.81683039449 534.99646 -9.297 -13.877000000000002
84.99052968024 7.87553618759 0.0592 0.0466 76.8265 "" "" 3334497713947312512 382.441254 2.5727 0.0657 8.829 -7.009 0.074 0.051 0.92 3714.0 4.6555 16.983385 2.119836 18.06736 15.947524 "" "" 374.01535 391.075134 3031.04932 2.0742 809.98 9.2106 3312.4 10.806 "" "" 0.0028537380581335698 0.012657683 0.005179708 0.01783739 84.99052968024 7.87553618759 382.441254 8.828999999999999 -7.008999999999999
84.58105228673 7.0084785241 0.0618 0.0488 83.8811 "" "" 3333584088502835584 441.212982 2.2346 0.0792 -2.995 -1.421 0.074 0.053 1.022 3589.5 4.3843 16.985523 2.79157 18.555517 15.763948 "" "" 427.61908 455.106598 3025.08396 3.0237 516.67 9.688 3922.6 12.54 "" "" 0.0029613399030782297 0.020548783 0.0051313927 0.025680177 84.58105228673 7.0084785241 441.212982 -2.995 -1.4210000000000005
85.83348166624 8.48172233214 0.0575 0.0458 85.6217 "" "" 3336042420407134720 442.053192 2.2184 0.0685 -4.466 -5.743 0.072 0.05 1.044 3914.4 4.5008 16.987776 2.245538 18.168549 15.923011 "" "" 430.511322 454.624298 3018.8149 1.886 737.9 6.6431 3388.1 8.0218 "" "" 0.0028375864092906634 0.010164999 0.004570763 0.014735762 85.83348166624 8.48172233214 442.053192 -4.466 -5.743
87.49678207198 6.99487300109 0.0584 0.0526 89.9034 "" "" 3322887416616277632 427.483154 2.3226 0.09 4.467 4.389 0.073 0.067 1.018 4035.3 4.7199 16.989899 2.121331 18.081001 15.95967 "" "" 410.377441 450.41452 3012.91865 1.9653 799.86 8.0787 3275.6 14.649 "" "" 0.0028448830019896227 0.011315484 0.006153082 0.017468566 87.49678207198 6.99487300109 427.483154 4.4670000000000005 4.389000000000001
85.11768293374 8.12657195288 0.0592 0.0488 82.1898 "" "" 3334520253935644672 391.671967 2.5454 0.0735 1.159 -9.571 0.078 0.053 0.993 3733.1 4.7502 16.991436 2.24918 18.177877 15.928698 "" "" 380.25119 402.157593 3008.65528 2.3109 731.59 8.8664 3370.4 10.741 "" "" 0.0028787566131563093 0.0134509895 0.005124057 0.018575046 85.11768293374 8.12657195288 391.671967 1.159 -9.570999999999998
85.33919535686 7.03831350836 0.0638 0.051 38.6984 "" "" 3333549385167149184 449.297821 2.1794 0.0781 -1.375 -2.498 0.093 0.06 1.01 4295.3 4.6814 16.993195 2.185792 18.133587 15.947795 "" "" 435.993103 465.803528 3003.78286 1.9649 762.05 6.8167 3311.6 10.972 "" "" 0.002845383907763378 0.010104987 0.005217665 0.015322652 85.33919535686 7.03831350836 449.297821 -1.3749999999999998 -2.4979999999999998
85.86910053521 7.1319572559 0.0636 0.049 8.2311 "" "" 3333459873752606464 444.599731 2.1967 0.0753 -3.162 -1.76 0.084 0.055 1.044 "" "" 16.993412 2.821922 18.592846 15.770924 "" "" 429.007477 462.882782 3003.18176 2.3077 499.2 11.215 3897.5 10.666 "" "" 0.0028788617844556453 0.024551151 0.004807502 0.029358653 85.86910053521 7.1319572559 444.599731 -3.1619999999999995 -1.7599999999999998
85.77892597475 5.58348887363 0.0649 0.0524 89.6467 "" "" 3320813600248029568 415.022614 2.3697 0.0736 -14.915 -0.768 0.079 0.057 1.026 4172.4 4.6778 16.993988 2.147023 18.099064 15.952041 "" "" 403.739868 426.81839 3001.59291 1.9096 786.67 9.2902 3298.7 11.018 "" "" 0.002840583013666348 0.013122099 0.0052378452 0.018359944 85.77892597475 5.58348887363 415.022614 -14.915 -0.7679999999999999
85.46053037232 6.96899465503 0.075 0.0621 31.9491 "" "" 3333544364348862848 496.79422 2.0012 0.0944 16.587 -0.765 0.11 0.073 1.006 4320.8 4.6623 16.995369 2.146931 18.111458 15.964527 "" "" 471.883698 524.53833 2997.7751 1.9021 777.74 8.1237 3261.0 13.365 "" "" 0.0028401369401141003 0.011678991 0.005838204 0.017517194 85.46053037232 6.96899465503 496.79422 16.587 -0.765
85.64209422522 8.49280199116 0.0643 0.0493 88.2268 "" "" 3334545710204850816 524.470093 1.8798 0.075 -0.636 -8.981 0.082 0.054 1.069 4136.0 4.5473 16.997335 2.074573 18.060232 15.98566 "" "" 506.930237 548.373718 2992.35046 1.8506 815.31 7.7628 3198.1 11.046 "" "" 0.002835957818626857 0.010707527 0.005324154 0.016031682 85.64209422522 8.49280199116 524.470093 -0.6360000000000001 -8.981
