Clusters/UPK_398/UPK_398_stars_in_region.tsv
# %ECSV 1.0
# ---
# datatype:
# - name: RA_ICRS_1
#   unit: deg
#   datatype: float64
#   format: '{:15.11f}'
#   description: Right ascension (ICRS) at Ep=2016.0 (ra)
#   meta: !!omap
#   - {ucd: POS_EQ_RA_MAIN}
#   - {width: 15}
#   - {precision: '11'}
# - name: DE_ICRS_1
#   unit: deg
#   datatype: float64
#   format: '{:15.11f}'
#   description: Declination (ICRS) at Ep=2016.0 (dec)
#   meta: !!omap
#   - {ucd: POS_EQ_DEC_MAIN}
#   - {width: 15}
#   - {precision: '11'}
# - name: e_RA_ICRS
#   unit: mas
#   datatype: float64
#   format: '{:7.4f}'
#   description: Standard error of right ascension (ra_error)
#   meta: !!omap
#   - {ucd: ERROR}
#   - {width: 7}
#   - {precision: '4'}
# - name: e_DE_ICRS
#   unit: mas
#   datatype: float64
#   format: '{:7.4f}'
#   description: Standard error of declination (dec_error)
#   meta: !!omap
#   - {ucd: ERROR}
#   - {width: 7}
#   - {precision: '4'}
# - name: _r_1
#   unit: ''
#   datatype: float64
#   format: '{:7.4f}'
#   description: Distance from center (085.98860672000+07.06299466000)[ICRS], at Epoch=J2016.0
#   meta: !!omap
#   - {ucd: POS_ANG_DIST_GENERAL}
#   - {width: 7}
#   - {precision: '4'}
# - name: HIP
#   datatype: int32
#   description: '? HIP cross-id number, van Leeuwen, Cat. I/311 (hip_original_ext_source_id)'
#   meta: !!omap
#   - {ucd: ID_NUMBER}
#   - {width: 6}
#   - values: {'null': -2147483648}
# - name: TYC2
#   datatype: string
#   description: Tycho-2 cross-id name, Hog et al., Cat. I/259 (tyc2_original_ext_source_id)
#   meta: !!omap
#   - {ucd: ID_CROSSID}
#   - {_votable_string_dtype: char}
# - name: Source
#   datatype: int64
#   description: Source identifier, identical to the Gaia-EDR3 source_id (id)
#   meta: !!omap
#   - {ucd: ID_MAIN}
#   - {width: 19}
# - name: rgeo
#   unit: pc
#   datatype: float64
#   format: '{:15.8f}'
#   description: '? Median of the geometric distance posterior (r_med_geo)'
#   meta: !!omap
#   - {ucd: PHYS_DISTANCE_TRUE}
#   - {width: 15}
#   - {precision: '8'}
#   - values: {'null': .nan}
# - name: Plx
#   unit: mas
#   datatype: float64
#   format: '{:9.4f}'
#   description: '? Parallax (parallax)'
#   meta: !!omap
#   - {ucd: POS_PARLX_TRIG}
#   - {width: 9}
#   - {precision: '4'}
#   - values: {'null': .nan}
# - name: e_Plx
#   unit: mas
#   datatype: float32
#   format: '{:7.4f}'
#   description: '? Standard error of parallax (parallax_error)'
#   meta: !!omap
#   - {ucd: ERROR}
#   - {width: 7}
#   - {precision: '4'}
#   - values: {'null': .nan}
# - name: pmRA
#   unit: mas / yr
#   datatype: float64
#   format: '{:9.3f}'
#   description: '? Proper motion in right ascension direction, pmRA*cosDE (pmra)'
#   meta: !!omap
#   - {ucd: POS_EQ_PMRA}
#   - {width: 9}
#   - {precision: '3'}
#   - values: {'null': .nan}
# - name: pmDE
#   unit: mas / yr
#   datatype: float64
#   format: '{:9.3f}'
#   description: '? Proper motion in declination direction (pmdec)'
#   meta: !!omap
#   - {ucd: POS_EQ_PMDEC}
#   - {width: 9}
#   - {precision: '3'}
#   - values: {'null': .nan}
# - name: e_pmRA
#   unit: mas / yr
#   datatype: float32
#   format: '{:6.3f}'
#   description: '? Standard error of proper motion in right ascension direction (pmra_error)'
#   meta: !!omap
#   - {ucd: ERROR}
#   - {width: 6}
#   - {precision: '3'}
#   - values: {'null': .nan}
# - name: e_pmDE
[...]
#         unit: &id001 !astropy.units.Unit {unit: deg}
#         value: !astropy.table.SerializedColumn {name: SkyCoord.dec}
#       distance: !astropy.table.SerializedColumn
#         __class__: astropy.coordinates.distances.Distance
#         unit: !astropy.units.Unit {unit: pc}
#         value: !astropy.table.SerializedColumn {name: SkyCoord.distance}
#       frame: icrs
#       obstime: !astropy.time.Time {format: jyear_str, in_subfmt: '*', jd1: 367701545.0, jd2: 0.0, out_subfmt: '*', precision: 3, scale: tt}
#       pm_dec: !astropy.table.SerializedColumn
#         __class__: astropy.units.quantity.Quantity
#         unit: !astropy.units.Unit {unit: mas / yr}
#         value: !astropy.table.SerializedColumn {name: SkyCoord.pm_dec}
#       pm_ra_cosdec: !astropy.table.SerializedColumn
#         __class__: astropy.units.quantity.Quantity
#         unit: !astropy.units.Unit {unit: mas / yr}
#         value: !astropy.table.SerializedColumn {name: SkyCoord.pm_ra_cosdec}
#       ra: !astropy.table.SerializedColumn
#         __class__: astropy.coordinates.angles.Longitude
#         unit: *id001
#         value: !astropy.table.SerializedColumn {name: SkyCoord.ra}
#         wrap_angle: !astropy.coordinates.Angle
#           unit: *id001
#           value: 360.0
#       representation_type: spherical
# schema: astropy-2.0
RA_ICRS_1 DE_ICRS_1 e_RA_ICRS e_DE_ICRS _r_1 HIP TYC2 Source rgeo Plx e_Plx pmRA pmDE e_pmRA e_pmDE RUWE Teff logg Gmag BP-RP BPmag RPmag RV e_RV b_rgeo B_rgeo FG e_FG FBP e_FBP FRP e_FRP RAVE5 RAVE6 e_Gmag e_BPmag e_RPmag e_BP-RP SkyCoord.ra SkyCoord.dec SkyCoord.distance SkyCoord.pm_ra_cosdec SkyCoord.pm_dec
[from data line 564]
85.59662138334 6.0292123065 0.0213 0.0169 66.2819 "" "" 3332855520313748480 361.372986 2.7267 0.0236 6.311 -1.164 0.027 0.018 1.015 "" "" 14.801808 1.441481 15.458736 14.017256 21.17 4.58 358.708008 364.279999 22605.98604 52.512 8952.0 74.127 19600.0 125.26 "" "" 0.003735330431630345 0.009413444 0.007901256 0.0173147 85.59662138334 6.0292123065 361.372986 6.310999999999999 -1.164
86.05734628637 8.21926272762 0.021 0.0159 69.4964 "" "" 3335272216809720320 447.098785 2.1903 0.024 9.472 -2.858 0.027 0.017 1.033 4518.0 4.4273 14.804125 1.586299 15.527929 13.94163 38.84 3.4 441.062347 451.793579 22557.79578 6.0914 8399.3 24.027 21014.0 40.9 "" "" 0.002770874959285501 0.0041750884 0.004330047 0.008505136 86.05734628637 8.21926272762 447.098785 9.472 -2.8579999999999997
84.76770178759 6.83741036017 0.0219 0.017 73.9649 "" "" 3333155175888611200 522.589661 1.8715 0.0255 -1.307 10.055 0.028 0.021 1.077 "" "" 14.809131 1.28287 15.369432 14.086562 142.63 6.51 515.987915 529.017334 22454.04446 4.8664 9719.5 15.297 18388.0 19.292 "" "" 0.002765349790621943 0.003271847 0.003947316 0.0072191632 84.76770178759 6.83741036017 522.589661 -1.3069999999999997 10.054999999999998
86.01769461187 7.61751238914 0.021 0.0164 33.3161 "" "" 3333689607259807744 465.26001 2.1086 0.0255 11.47 -16.519 0.03 0.018 1.016 4997.9 4.5257 14.809903 1.237611 15.345307 14.107697 -13.23 6.22 459.124207 471.244385 22438.06212 4.2801 9937.9 18.226 18033.0 11.278 "" "" 0.0027630928921408204 0.0034278329 0.0038398968 0.0072677294 86.01769461187 7.61751238914 465.26001 11.470000000000004 -16.519000000000002
85.06666558178 7.20523907842 0.0214 0.0178 55.5478 "" "" 3333613775316682368 360.007568 2.7424 0.0294 -2.802 -13.228 0.031 0.019 1.016 4527.9 4.6384 14.812996 1.465326 15.489546 14.024219 37.28 6.81 356.796356 364.577332 22374.25017 8.8513 8701.6 20.074 19475.0 33.915 "" "" 0.0027885975716664627 0.003749489 0.00422596 0.007975449 85.06666558178 7.20523907842 360.007568 -2.8019999999999996 -13.228000000000002
86.21114209605 8.54975368557 0.0214 0.0173 90.181 "" "" 3335297677375568256 424.631165 2.3111 0.0275 1.391 -25.418 0.031 0.019 1.074 4676.9 4.663 14.819679 1.318095 15.408909 14.090814 71.02 18.33 419.620392 431.956696 22236.94188 4.2149 9372.5 12.293 18316.0 14.748 "" "" 0.0027629949898771797 0.0031325677 0.0038791765 0.007011744 86.21114209605 8.54975368557 424.631165 1.391 -25.418
85.56675652559 8.32038223518 0.0252 0.0191 79.5036 "" "" 3334538808194294912 514.578857 1.8977 0.0296 -10.998 -20.964 0.035 0.021 1.014 5155.3 4.6509 14.84335 1.198479 15.361131 14.162652 -25.28 3.72 505.901733 523.744751 21757.38675 4.573 9794.1 12.362 17143.0 13.136 "" "" 0.0027647541283358193 0.0031085454 0.0038698681 0.0069784136 85.56675652559 8.32038223518 514.578857 -10.997999999999998 -20.964
84.42974806645 7.19001392945 0.0226 0.0178 93.1213 "" "" 3333602024286254848 521.976379 1.87 0.0264 4.789 -5.747 0.029 0.02 0.999 5012.4 4.5076 14.843567 1.314204 15.429186 14.114982 28.04 5.8 513.539062 530.64032 21753.04003 10.966 9199.0 18.92 17913.0 27.296 "" "" 0.00280915718805513 0.0035737525 0.0041256454 0.007699398 84.42974806645 7.19001392945 521.976379 4.789 -5.747
84.86780077425 7.93673403532 0.0218 0.0173 84.8146 "" "" 3334417106000541184 509.974457 1.917 0.0272 -6.848 -0.4 0.027 0.02 1.152 4506.4 4.397 14.84561 1.52712 15.554744 14.027624 -0.1 5.09 502.273987 516.411804 21712.14346 5.9971 8194.4 14.992 19414.0 17.791 "" "" 0.0027715922838334657 0.0034250303 0.003908157 0.0073331874 84.86780077425 7.93673403532 509.974457 -6.848000000000001 -0.4
87.15856123124 8.00125179292 0.0215 0.0166 89.51 "" "" 3335028911206356736 512.117615 1.9042 0.0264 4.906 -6.788 0.028 0.021 0.987 5424.2 4.5395 14.848302 1.38253 15.467004 14.084474 -29.34 4.93 504.356476 520.71228 21658.38488 4.2721 8884.1 14.231 18423.0 15.328 "" "" 0.002763630615775148 0.003287829 0.003885839 0.0071736677 87.15856123124 8.00125179292 512.117615 4.906 -6.788
86.8289857656 7.15835573403 0.3635 0.3247 50.361 "" "" 3333411327738657024 455.637634 2.3278 0.3547 -8.1 1.033 0.5 0.357 14.343 5328.6 3.4077 14.860456 1.273634 15.377861 14.104227 -10.91 6.04 385.171814 545.899414 21417.30001 29.388 9644.3 11.23 18091.0 11.658 "" "" 0.003132301097729602 0.00306323 0.0038435983 0.0069068284 86.8289857656 7.15835573403 455.637634 -8.100000000000003 1.0330000000000001
87.09028749732 7.06117878613 0.026 0.0203 65.5994 "" "" 3321402289941388160 518.884949 1.8977 0.0288 -9.877 -18.132 0.034 0.024 1.047 5443.1 4.5716 14.862052 1.281603 15.424596 14.142993 -19.55 10.31 511.146942 526.167297 21385.8295 5.1775 9238.0 12.98 17457.0 17.123 "" "" 0.0027678299825327313 0.0031799832 0.00392656 0.007106543 87.09028749732 7.06117878613 518.884949 -9.876999999999999 -18.132
86.34149058623 7.5410911577 0.0218 0.0179 35.5518 "" "" 3333497776840185216 524.427124 1.8679 0.0273 3.593 -9.345 0.031 0.019 1.021 "" "" 14.864187 1.487938 15.546151 14.058213 -34.14 4.47 517.743958 532.147217 21343.8135 3.9012 8259.5 12.134 18874.0 13.025 "" "" 0.002762457546750662 0.0032139127 0.003852938 0.0070668506 86.34149058623 7.5410911577 524.427124 3.593 -9.345
84.4836505725 7.42167613679 0.0213 0.0172 92.1257 "" "" 3334362851973965056 424.611938 2.3103 0.0276 3.87 17.56 0.028 0.021 1.037 "" "" 14.865451 1.299711 15.441943 14.142232 20.68 6.36 419.927216 429.528107 21318.97928 4.5599 9091.6 11.002 17469.0 12.787 "" "" 0.0027650893121033866 0.0030840442 0.003862038 0.006946082 84.4836505725 7.42167613679 424.611938 3.87 17.559999999999995
85.01090294957 6.25544647044 0.0252 0.0201 75.78 "" "" 3332930050882712192 478.215698 2.0539 0.0284 6.655 -18.053 0.034 0.021 1.023 4971.2 4.6188 14.877486 1.360229 15.490597 14.130368 72.36 5.25 472.908478 483.664795 21083.9594 7.7329 8693.2 21.988 17661.0 24.124 "" "" 0.0027839472586654525 0.00391492 0.0040599494 0.00797487 85.01090294957 6.25544647044 478.215698 6.655 -18.053
86.55661255606 6.59645550212 0.0263 0.0227 43.9159 "" "" 3321358068958261632 491.311493 1.9911 0.0353 -1.315 -1.316 0.031 0.025 1.278 4717.8 4.4096 14.880124 1.591894 15.608283 14.016389 10.94 4.88 481.508545 502.806946 21032.80115 6.4681 7800.2 11.009 19616.0 16.556 "" "" 0.0027754769318200675 0.0031832745 0.0038888885 0.007072163 86.55661255606 6.59645550212 491.311493 -1.315 -1.316
85.28341308216 6.91557631048 0.0244 0.0194 42.9185 "" "" 3333523718442611456 428.375397 2.2939 0.0312 -6.656 -6.628 0.034 0.023 1.089 4819.2 4.5499 14.881411 1.412247 15.520915 14.108668 9.48 3.97 422.018463 433.916138 21007.88865 5.2981 8453.8 10.741 18017.0 18.705 "" "" 0.0027688925084477334 0.0031125597 0.0039438936 0.0070564533 85.28341308216 6.91557631048 428.375397 -6.656 -6.628000000000001
87.03518688529 7.18470870418 0.0226 0.0178 62.7365 "" "" 3333415072950297472 518.25 1.8876 0.0283 -0.98 -6.208 0.029 0.021 0.99 5357.6 4.5415 14.890246 1.382522 15.510134 14.127612 16.9 9.53 510.70047 525.448608 20837.62537 6.5949 8538.1 17.995 17706.0 18.61 "" "" 0.0027766647806705936 0.0036085197 0.0039479104 0.00755643 87.03518688529 7.18470870418 518.25 -0.9800000000000001 -6.208
85.20527542534 8.05360861547 0.0222 0.0185 75.5212 "" "" 3334507059796110848 431.730682 2.2693 0.0256 21.1 3.007 0.028 0.02 1.005 4811.0 4.4737 14.892736 1.537931 15.607385 14.069453 56.71 4.33 426.97226 436.076355 20789.8894 5.2148 7806.6 13.615 18680.0 14.851 "" "" 0.002768746631542413 0.0033720369 0.0038767012 0.007248738 85.20527542534 8.05360861547 431.730682 21.100000000000005 3.007
85.46019415482 7.92157020891 0.0246 0.0216 60.3476 "" "" 3333749015247278592 459.652863 2.1265 0.0317 1.551 -7.362 0.033 0.024 0.995 4767.1 4.5163 14.897009 1.402545 15.534429 14.131884 39.52 3.73 452.83194 467.079346 20708.24595 7.1007 8349.2 15.754 17636.0 19.362 "" "" 0.0027803578434473534 0.0034615118 0.0039629005 0.0074244123 85.46019415482 7.92157020891 459.652863 1.5510000000000002 -7.362
86.86749648462 5.89480497127 0.0219 0.0174 87.5106 "" "" 3321165860581458944 397.607452 2.471 0.0244 -0.22 -29.136 0.029 0.02 1.034 4619.5 4.5454 14.903844 1.430787 15.552465 14.121678 20.93 3.16 393.636169 401.084473 20578.28266 4.2331 8211.7 12.558 17803.0 12.869 "" "" 0.0027643573958871844 0.003246839 0.0038600112 0.00710685 86.86749648462 5.89480497127 397.607452 -0.22000000000000003 -29.136
86.09303701818 7.53104639555 0.0225 0.0185 28.7626 "" "" 3333685174853734656 450.194122 2.1793 0.0279 1.21 -11.345 0.032 0.02 1.011 4854.3 4.6432 14.904964 1.365198 15.520694 14.155496 39.49 4.84 443.18808 455.293304 20557.05645 5.4769 8455.5 15.025 17257.0 15.707 "" "" 0.002770462872694129 0.0033922326 0.0039064432 0.007298676 86.09303701818 7.53104639555 450.194122 1.21 -11.345000000000002
86.37711850483 8.48257978961 0.0211 0.017 88.2509 "" "" 3335307229383014528 408.374237 2.4036 0.0252 1.729 4.868 0.029 0.018 1.029 4545.5 4.5951 14.911957 1.411959 15.555746 14.143787 17.3 3.4 403.698547 413.955078 20425.0931 3.6511 8186.9 8.8581 17444.0 12.987 "" "" 0.0027621471725744074 0.0030273893 0.0038648571 0.006892246 86.37711850483 8.48257978961 408.374237 1.7289999999999999 4.868
85.75166070366 7.54991629333 0.0237 0.0199 32.4404 "" "" 3333676516199550976 536.580627 1.8212 0.0277 -0.831 -10.378 0.031 0.023 1.06 4995.4 4.538 14.91267 1.233557 15.454407 14.22085 -11.0 4.65 526.674072 544.957153 20411.67069 7.3163 8987.8 12.131 16249.0 14.921 "" "" 0.0027826680061415923 0.003151596 0.0039086747 0.0070602708 85.75166070366 7.54991629333 536.580627 -0.831 -10.378
86.66548853639 8.28904349346 0.0212 0.0169 83.8536 "" "" 3335250222280117120 445.631836 2.2033 0.0268 11.981 -15.741 0.033 0.019 0.962 4675.4 4.5714 14.918642 1.399164 15.55351 14.154345 59.97 4.28 440.435089 451.352142 20299.71119 7.8686 8203.8 14.06 17275.0 18.064 "" "" 0.0027872760637829962 0.0033537357 0.0039462247 0.0072999606 86.66548853639 8.28904349346 445.631836 11.981000000000003 -15.741
85.15060130747 5.90701532372 0.0213 0.0174 85.4775 "" "" 3332838172942361344 518.741882 1.8859 0.0269 3.363 -14.39 0.027 0.019 1.009 "" "" 14.921593 1.33348 15.514383 14.180903 25.0 4.72 511.409393 526.232361 20244.62719 4.5872 8504.8 12.972 16858.0 14.751 "" "" 0.0027662814321889155 0.0032446063 0.0038969596 0.007141566 85.15060130747 5.90701532372 518.741882 3.363 -14.389999999999999
85.74815742195 7.30989722694 0.0238 0.0211 20.5995 "" "" 3333653873132013440 382.328827 2.5657 0.0317 -0.413 -1.834 0.03 0.024 1.001 4540.8 4.6352 14.922554 1.500599 15.618781 14.118182 40.99 4.65 376.792511 388.103912 20226.70257 5.7938 7725.1 15.175 17860.0 19.828 "" "" 0.0027728165156797654 0.0035119592 0.0039669448 0.007478904 85.74815742195 7.30989722694 382.328827 -0.4129999999999999 -1.8339999999999996
86.41997845369 8.52925457965 0.0563 0.0448 91.6364 "" "" 3335307779138812416 510.002808 1.9191 0.0664 6.651 -18.407 0.083 0.048 2.819 4617.4 4.187 14.924733 1.445351 15.52246 14.077109 17.12 3.36 497.452789 524.85675 20186.15519 15.853 8441.8 9.1644 18549.0 11.507 "" "" 0.002884239840116268 0.0030289136 0.0038389307 0.0068678446 86.41997845369 8.52925457965 510.002808 6.651 -18.406999999999996
86.83392188079 5.92944111709 0.0238 0.0187 84.6475 "" "" 3321166788294394496 511.130249 1.9178 0.0268 -1.212 -10.927 0.031 0.021 1.049 4655.6 4.3631 14.930659 1.392251 15.558391 14.16614 8.49 3.62 504.222076 517.436157 20076.27851 8.283 8167.0 17.282 17088.0 25.796 "" "" 0.002791495634575285 0.0036143546 0.0041194814 0.007733836 86.83392188079 5.92944111709 511.130249 -1.212 -10.927
85.96171519766 5.69503118888 0.0349 0.0295 82.0935 "" "" 3320822018382877056 377.228333 2.6119 0.0409 -9.256 -6.894 0.043 0.033 1.558 4635.3 4.5149 14.931261 1.462109 15.592712 14.130604 14.69 6.14 371.434692 381.949249 20065.13718 8.6368 7912.8 10.45 17657.0 14.442 "" "" 0.002794673176702465 0.0031370427 0.0038823124 0.007019355 85.96171519766 5.69503118888 377.228333 -9.256 -6.894
84.77368186017 6.62240987139 0.0252 0.0194 77.0526 "" "" 3333148063422795392 465.765869 2.1111 0.0296 4.433 -11.717 0.031 0.022 1.05 "" "" 14.944227 1.432416 15.596467 14.164051 -2.75 3.73 458.213348 472.632294 19826.94107 4.8024 7885.5 13.847 17121.0 19.163 "" "" 0.0027678419796922926 0.0033793526 0.003969951 0.007349304 84.77368186017 6.62240987139 465.765869 4.433 -11.717
86.99311454796 7.03950752751 0.044 0.0349 59.8312 "" "" 3333405589662513024 391.471313 2.5093 0.0516 -4.806 -8.762 0.06 0.043 1.782 4575.9 4.63 14.944442 1.56212 15.67773 14.115609 46.82 4.89 384.594879 398.652649 19823.03292 4.835 7316.9 12.936 17903.0 16.093 "" "" 0.002768017160034546 0.003386692 0.0039033627 0.0072900546 86.99311454796 7.03950752751 391.471313 -4.806 -8.762
85.90922252533 6.17214254663 0.0219 0.0188 53.6601 "" "" 3333236569812854400 448.108307 2.1983 0.0284 -0.025 -19.112 0.027 0.022 1.081 7208.5 4.3423 14.950616 2.283759 16.15091 13.86715 -8.9 5.28 441.367279 453.483246 19710.61987 5.6691 4732.1 8.4888 22506.0 14.971 "" "" 0.0027729596976994817 0.0034027179 0.0038477716 0.0072504897 85.90922252533 6.17214254663 448.108307 -0.025000000000000022 -19.112
84.69114774175 6.97782697353 0.0213 0.0176 77.4327 "" "" 3333580064117039616 529.699463 1.8393 0.0253 3.502 -0.299 0.028 0.019 1.0 5031.4 4.5277 14.951685 1.29622 15.526823 14.230603 44.62 5.56 521.228882 537.158447 19691.23486 5.508 8407.9 10.365 16103.0 17.277 "" "" 0.002772007088372781 0.0030945968 0.003954833 0.0070494297 84.69114774175 6.97782697353 529.699463 3.5019999999999993 -0.299
87.11283102552 7.56248014875 0.024 0.0197 73.3101 "" "" 3334943359753251200 513.961548 1.9089 0.0289 0.638 -4.5 0.031 0.023 1.072 4909.6 4.5705 14.956323 1.33714 15.552693 14.215553 26.17 8.31 507.123718 522.586853 19607.3032 4.8915 8209.9 13.628 16328.0 24.797 "" "" 0.002768601770467403 0.003321627 0.004123415 0.007445042 87.11283102552 7.56248014875 513.961548 0.638 -4.5
84.56593429503 7.39214210143 0.022 0.0183 86.9543 "" "" 3334361821181812352 523.657593 1.8656 0.0252 8.222 -17.455 0.03 0.021 0.927 4734.6 4.4684 14.961746 1.274347 15.525005 14.250658 "" "" 517.464539 528.877808 19509.59273 4.8005 8422.0 11.739 15809.0 15.974 "" "" 0.0027682414906332977 0.003174159 0.0039353888 0.007109548 84.56593429503 7.39214210143 523.657593 8.222 -17.455
86.22184603026 7.73612619325 0.0258 0.0195 42.7057 "" "" 3333697372560830464 491.855988 1.9927 0.0314 18.251 -24.984 0.039 0.021 1.041 4794.6 4.5553 14.964626 1.393176 15.595986 14.20281 -4.93 4.06 485.362244 500.116119 19457.9097 3.4159 7889.0 8.6813 16521.0 11.03 "" "" 0.00276190504922994 0.003035217 0.0038482687 0.0068834857 86.22184603026 7.73612619325 491.855988 18.250999999999998 -24.984
85.35783869885 6.75805976932 0.0228 0.0184 41.7892 "" "" 3333329620280225664 514.823242 1.9022 0.0287 7.837 -11.5 0.031 0.021 1.033 5164.9 4.5609 14.96796 1.383061 15.590527 14.207465 -31.93 3.95 507.171692 522.764099 19398.26053 4.4236 7928.8 14.008 16450.0 12.115 "" "" 0.0027664221334717156 0.0033859303 0.0038630445 0.007248975 85.35783869885 6.75805976932 514.823242 7.837 -11.499999999999998
84.76796035955 7.39643843191 0.0237 0.0204 75.3606 "" "" 3333612160408991360 472.985657 2.0718 0.031 23.891 -13.827 0.032 0.024 0.936 4770.4 4.5023 14.978038 1.322115 15.567075 14.24496 105.66 5.53 467.56192 479.832458 19219.04282 4.2177 8101.9 10.114 15892.0 14.932 "" "" 0.0027656033162998506 0.0031019505 0.003914643 0.0070165936 84.76796035955 7.39643843191 472.985657 23.891000000000002 -13.827000000000002
