Clusters/UPK_398/UPK_398_stars_in_region.tsv
# %ECSV 1.0
# ---
# datatype:
# - name: RA_ICRS_1
#   unit: deg
#   datatype: float64
#   format: '{:15.11f}'
#   description: Right ascension (ICRS) at Ep=2016.0 (ra)
#   meta: !!omap
#   - {ucd: POS_EQ_RA_MAIN}
#   - {width: 15}
#   - {precision: '11'}
# - name: DE_ICRS_1
#   unit: deg
#   datatype: float64
#   format: '{:15.11f}'
#   description: Declination (ICRS) at Ep=2016.0 (dec)
#   meta: !!omap
#   - {ucd: POS_EQ_DEC_MAIN}
#   - {width: 15}
#   - {precision: '11'}
# - name: e_RA_ICRS
#   unit: mas
#   datatype: float64
#   format: '{:7.4f}'
#   description: Standard error of right ascension (ra_error)
#   meta: !!omap
#   - {ucd: ERROR}
#   - {width: 7}
#   - {precision: '4'}
# - name: e_DE_ICRS
#   unit: mas
#   datatype: float64
#   format: '{:7.4f}'
#   description: Standard error of declination (dec_error)
#   meta: !!omap
#   - {ucd: ERROR}
#   - {width: 7}
#   - {precision: '4'}
# - name: _r_1
#   unit: ''
#   datatype: float64
#   format: '{:7.4f}'
#   description: Distance from center (085.98860672000+07.06299466000)[ICRS], at Epoch=J2016.0
#   meta: !!omap
#   - {ucd: POS_ANG_DIST_GENERAL}
#   - {width: 7}
#   - {precision: '4'}
# - name: HIP
#   datatype: int32
#   description: '? HIP cross-id number, van Leeuwen, Cat. I/311 (hip_original_ext_source_id)'
#   meta: !!omap
#   - {ucd: ID_NUMBER}
#   - {width: 6}
#   - values: {'null': -2147483648}
# - name: TYC2
#   datatype: string
#   description: Tycho-2 cross-id name, Hog et al., Cat. I/259 (tyc2_original_ext_source_id)
#   meta: !!omap
#   - {ucd: ID_CROSSID}
#   - {_votable_string_dtype: char}
# - name: Source
#   datatype: int64
#   description: Source identifier, identical to the Gaia-EDR3 source_id (id)
#   meta: !!omap
#   - {ucd: ID_MAIN}
#   - {width: 19}
# - name: rgeo
#   unit: pc
#   datatype: float64
#   format: '{:15.8f}'
#   description: '? Median of the geometric distance posterior (r_med_geo)'
#   meta: !!omap
#   - {ucd: PHYS_DISTANCE_TRUE}
#   - {width: 15}
#   - {precision: '8'}
#   - values: {'null': .nan}
# - name: Plx
#   unit: mas
#   datatype: float64
#   format: '{:9.4f}'
#   description: '? Parallax (parallax)'
#   meta: !!omap
#   - {ucd: POS_PARLX_TRIG}
#   - {width: 9}
#   - {precision: '4'}
#   - values: {'null': .nan}
# - name: e_Plx
#   unit: mas
#   datatype: float32
#   format: '{:7.4f}'
#   description: '? Standard error of parallax (parallax_error)'
#   meta: !!omap
#   - {ucd: ERROR}
#   - {width: 7}
#   - {precision: '4'}
#   - values: {'null': .nan}
# - name: pmRA
#   unit: mas / yr
#   datatype: float64
#   format: '{:9.3f}'
#   description: '? Proper motion in right ascension direction, pmRA*cosDE (pmra)'
#   meta: !!omap
#   - {ucd: POS_EQ_PMRA}
#   - {width: 9}
#   - {precision: '3'}
#   - values: {'null': .nan}
# - name: pmDE
#   unit: mas / yr
#   datatype: float64
#   format: '{:9.3f}'
#   description: '? Proper motion in declination direction (pmdec)'
#   meta: !!omap
#   - {ucd: POS_EQ_PMDEC}
#   - {width: 9}
#   - {precision: '3'}
#   - values: {'null': .nan}
# - name: e_pmRA
#   unit: mas / yr
#   datatype: float32
#   format: '{:6.3f}'
#   description: '? Standard error of proper motion in right ascension direction (pmra_error)'
#   meta: !!omap
#   - {ucd: ERROR}
#   - {width: 6}
#   - {precision: '3'}
#   - values: {'null': .nan}
# - name: e_pmDE
[...]
#         unit: &id001 !astropy.units.Unit {unit: deg}
#         value: !astropy.table.SerializedColumn {name: SkyCoord.dec}
#       distance: !astropy.table.SerializedColumn
#         __class__: astropy.coordinates.distances.Distance
#         unit: !astropy.units.Unit {unit: pc}
#         value: !astropy.table.SerializedColumn {name: SkyCoord.distance}
#       frame: icrs
#       obstime: !astropy.time.Time {format: jyear_str, in_subfmt: '*', jd1: 367701545.0, jd2: 0.0, out_subfmt: '*', precision: 3, scale: tt}
#       pm_dec: !astropy.table.SerializedColumn
#         __class__: astropy.units.quantity.Quantity
#         unit: !astropy.units.Unit {unit: mas / yr}
#         value: !astropy.table.SerializedColumn {name: SkyCoord.pm_dec}
#       pm_ra_cosdec: !astropy.table.SerializedColumn
#         __class__: astropy.units.quantity.Quantity
#         unit: !astropy.units.Unit {unit: mas / yr}
#         value: !astropy.table.SerializedColumn {name: SkyCoord.pm_ra_cosdec}
#       ra: !astropy.table.SerializedColumn
#         __class__: astropy.coordinates.angles.Longitude
#         unit: *id001
#         value: !astropy.table.SerializedColumn {name: SkyCoord.ra}
#         wrap_angle: !astropy.coordinates.Angle
#           unit: *id001
#           value: 360.0
#       representation_type: spherical
# schema: astropy-2.0
RA_ICRS_1 DE_ICRS_1 e_RA_ICRS e_DE_ICRS _r_1 HIP TYC2 Source rgeo Plx e_Plx pmRA pmDE e_pmRA e_pmDE RUWE Teff logg Gmag BP-RP BPmag RPmag RV e_RV b_rgeo B_rgeo FG e_FG FBP e_FBP FRP e_FRP RAVE5 RAVE6 e_Gmag e_BPmag e_RPmag e_BP-RP SkyCoord.ra SkyCoord.dec SkyCoord.distance SkyCoord.pm_ra_cosdec SkyCoord.pm_dec
[from data line 769]
85.08412221 5.95039423191 0.0324 0.0263 85.8113 "" "" 3332839512972161152 370.327454 2.6581 0.0404 -1.236 -3.785 0.04 0.028 0.919 3917.1 4.4622 15.738709 2.072543 16.785007 14.712464 "" "" 364.349579 376.269653 9538.12818 5.9283 2638.8 13.188 10332.0 18.454 "" "" 0.0028367549271122745 0.0061015426 0.004247865 0.010349408 85.08412221 5.95039423191 370.327454 -1.236 -3.785
85.59396882214 6.7667720137 0.0323 0.0263 29.469 "" "" 3333350133043999616 427.490753 2.283 0.0405 14.704 1.496 0.044 0.029 1.04 4835.9 4.7021 15.746267 1.735804 16.579506 14.843702 "" "" 419.576202 436.511902 9471.96028 2.8969 3188.7 12.893 9155.4 11.761 "" "" 0.0027752574536974634 0.0052016494 0.0040285243 0.009230174 85.59396882214 6.7667720137 427.490753 14.704 1.496
85.59858774919 8.24751877602 0.0366 0.0279 74.7598 "" "" 3334537296365812096 394.326843 2.5067 0.043 8.583 -19.001 0.05 0.03 0.993 4398.3 4.6439 15.749361 1.665085 16.545218 14.880133 "" "" 387.000153 401.723877 9445.00714 3.055 3291.0 9.397 8853.3 12.423 "" "" 0.00277761026183399 0.0041708644 0.0040749004 0.008245764 85.59858774919 8.24751877602 394.326843 8.583 -19.001
86.54275361538 8.43816000812 0.2257 0.1841 88.8437 "" "" 3335303140574129280 360.020966 2.884 0.2809 9.82 -9.202 0.33 0.196 6.52 "" "" 15.759164 1.645437 16.430899 14.785461 "" "" 325.987793 404.808868 9360.11879 20.613 3656.4 10.261 9659.9 11.416 "" "" 0.0036481215340496815 0.004131433 0.003991254 0.008122687 86.54275361538 8.43816000812 360.020966 9.82 -9.201999999999998
86.28081526785 5.69392515716 0.0322 0.0277 83.9717 "" "" 3321146241170786944 403.929138 2.4329 0.0422 -3.443 1.832 0.037 0.03 1.052 4425.9 4.6085 15.762161 1.716748 16.58798 14.871232 "" "" 398.085785 410.446655 9334.31415 2.6902 3163.9 9.3443 8926.2 10.465 "" "" 0.002773031776868531 0.0042505884 0.0039879847 0.008238573 86.28081526785 5.69392515716 403.929138 -3.443 1.8320000000000003
86.24809813904 5.66040602524 0.031 0.0269 85.566 "" "" 3321145863213673600 368.655762 2.6696 0.0426 -13.413 13.401 0.037 0.03 0.988 "" "" 15.763152 1.73057 16.597235 14.866665 "" "" 363.26413 373.987488 9325.79185 2.966 3137.1 10.009 8963.8 12.477 "" "" 0.0027768739117737793 0.004448014 0.0040703397 0.008518353 86.24809813904 5.66040602524 368.655762 -13.412999999999998 13.401
85.04734116049 7.11374317069 0.0395 0.0327 56.1269 "" "" 3333542478859762560 500.507996 1.9536 0.0495 -6.911 -2.095 0.055 0.036 1.159 4529.2 4.4687 15.766706 1.594428 16.50655 14.912122 "" "" 491.352875 510.359863 9295.3205 3.461 3410.3 14.419 8596.3 10.905 "" "" 0.0027848188678000147 0.005372002 0.0040225326 0.009394534 85.04734116049 7.11374317069 500.507996 -6.9110000000000005 -2.095
85.87683195749 8.16346894486 0.0338 0.0263 66.3622 "" "" 3333771280357670912 435.656952 2.2484 0.0381 -2.314 0.311 0.049 0.03 0.993 3704.0 4.0359 15.773591 2.250132 16.942781 14.69265 "" "" 429.192963 442.712067 9236.55967 12.649 2281.9 14.91 10522.0 50.615 "" "" 0.0031309014426883436 0.0076231994 0.0064468286 0.014070028 85.87683195749 8.16346894486 435.656952 -2.314 0.311
85.41792102012 7.20277180183 0.392 0.3036 34.9959 "" "" 3333569794850349312 423.369568 2.5667 0.4271 1.774 -20.348 0.578 0.314 4.756 "" "" 15.779185 "" "" "" "" "" 344.182251 525.191223 9189.09152 28.688 "" "" "" "" "" "" 0.00436822214343969 "" "" "" 85.41792102012 7.20277180183 423.369568 1.7739999999999998 -20.347999999999995
84.52289911261 7.2228072802 0.0325 0.0271 87.7851 "" "" 3333603055078387328 498.704163 1.9658 0.0391 3.922 3.383 0.041 0.03 1.038 4543.4 4.5685 15.781785 1.529978 16.495768 14.96579 "" "" 489.251282 506.837433 9167.11355 3.8183 3444.4 11.317 8181.7 12.388 "" "" 0.0027921861740878703 0.004528887 0.004121434 0.0086503215 84.52289911261 7.2228072802 498.704163 3.9220000000000006 3.383
87.43444305587 7.02142028758 0.0308 0.0254 86.1318 "" "" 3322888103811103488 440.740662 2.2258 0.0434 6.192 -5.544 0.039 0.034 0.986 4592.4 4.5829 15.784941 1.734692 16.617151 14.88246 "" "" 432.566315 448.315002 9140.50996 3.5009 3080.0 8.8546 8834.3 11.122 "" "" 0.0027865243839937837 0.0041866307 0.0040189708 0.008205602 87.43444305587 7.02142028758 440.740662 6.192 -5.5440000000000005
87.36005683839 7.71029267504 0.0482 0.0404 90.3744 "" "" 3334969954190669696 468.149567 2.1008 0.0591 12.792 -11.931 0.069 0.061 1.804 4242.2 4.4613 15.786911 1.791399 16.656572 14.865173 "" "" 456.446167 478.59082 9123.93777 3.4317 2970.2 9.7052 8976.1 15.515 "" "" 0.002785418013670624 0.004513425 0.0042196712 0.008733096 87.36005683839 7.71029267504 468.149567 12.791999999999998 -11.930999999999997
86.4427951096 6.37294020074 0.0344 0.0269 49.464 "" "" 3321256737793784064 434.487701 2.2484 0.0391 17.051 7.224 0.043 0.029 1.01 4786.5 4.6249 15.788736 1.877346 16.71461 14.837263 "" "" 427.576202 442.265564 9108.61131 2.9911 2815.6 8.4175 9209.9 9.6291 "" "" 0.002778292126283533 0.0042803013 0.003946176 0.008226477 86.4427951096 6.37294020074 434.487701 17.051 7.224000000000001
86.08483144148 5.90602439868 0.0339 0.0276 69.6548 "" "" 3321201629069030016 462.685638 2.1207 0.0405 2.634 4.556 0.041 0.031 1.081 4970.0 4.6141 15.796242 1.829039 16.686417 14.857378 "" "" 453.427795 471.491058 9045.86515 2.8157 2889.7 12.626 9040.8 13.717 "" "" 0.0027759690001977312 0.005503619 0.004122787 0.009626406 86.08483144148 5.90602439868 462.685638 2.6339999999999995 4.556
86.12163415098 7.51606783791 0.055 0.0418 28.3138 "" "" 3333684380282620672 525.634277 1.8551 0.0651 -3.569 -12.708 0.078 0.044 1.739 4624.6 4.4288 15.803118 1.505156 16.408825 14.903669 "" "" 511.562683 544.691956 8988.75552 5.1226 3731.5 11.997 8663.4 14.216 "" "" 0.0028239406663412457 0.0044687903 0.004178262 0.008647053 86.12163415098 7.51606783791 525.634277 -3.5690000000000004 -12.707999999999998
85.40977481914 7.53292940555 0.0328 0.026 44.5165 "" "" 3333719637671262592 504.343414 1.9436 0.0381 9.934 -1.251 0.043 0.029 0.954 4572.4 4.6169 15.807625 1.665108 16.599535 14.934427 "" "" 493.991241 514.35553 8951.52022 3.6613 3130.4 10.237 8421.5 11.759 "" "" 0.002790877621038643 0.0045156996 0.004072106 0.008587806 85.40977481914 7.53292940555 504.343414 9.933999999999997 -1.251
85.99429509642 6.41181360711 0.0339 0.0282 39.0723 "" "" 3333267429153918592 381.926849 2.5851 0.0398 2.961 -2.199 0.048 0.031 0.992 4416.6 4.6538 15.809471 1.784046 16.677065 14.893019 "" "" 376.362549 387.682526 8936.31074 3.165 2914.7 10.347 8748.8 14.887 "" "" 0.002782024300110258 0.0047582174 0.0042067757 0.008964993 85.99429509642 6.41181360711 381.926849 2.9609999999999994 -2.1990000000000003
85.18851510166 8.25424629786 0.0356 0.0322 85.8615 "" "" 3334523689909267712 388.564148 2.5203 0.0512 1.604 -2.635 0.043 0.036 1.022 3571.0 4.0194 15.811108 2.450875 17.127699 14.676824 "" "" 381.129578 395.817719 8922.85288 7.9211 1924.6 10.991 10676.0 31.55 "" "" 0.0029190378033860627 0.006799283 0.004957703 0.011756986 85.18851510166 8.25424629786 388.564148 1.6039999999999999 -2.635
87.35837083176 7.33340588445 0.0324 0.0263 83.1365 "" "" 3334918448943119104 400.452332 2.4505 0.0391 -9.076 -6.327 0.042 0.035 1.025 4366.2 4.497 15.812805 2.162444 16.934383 14.771939 "" "" 394.442749 407.01178 8908.90972 3.8871 2299.7 11.584 9781.0 10.988 "" "" 0.002795747468400704 0.006139668 0.003971327 0.010110995 87.35837083176 7.33340588445 400.452332 -9.076000000000004 -6.327
85.00049748512 6.53144710214 0.0397 0.0314 66.9536 "" "" 3333132154863916800 389.333038 2.5322 0.0462 1.882 -43.072 0.053 0.034 1.101 3640.5 4.2653 15.813612 1.969853 16.798586 14.828732 "" "" 380.89856 397.096069 8902.29225 3.7949 2606.0 9.8769 9282.5 13.898 "" "" 0.0027939223851258747 0.004971753 0.0041141557 0.0090859085 85.00049748512 6.53144710214 389.333038 1.8820000000000001 -43.072
85.75933125548 8.41686161205 0.0373 0.0293 82.3677 "" "" 3336041703150961664 386.657776 2.5436 0.042 4.268 -6.909 0.045 0.032 1.062 4192.0 4.6673 15.820797 1.722964 16.64814 14.925176 "" "" 380.27298 393.94693 8843.58011 2.9486 2993.4 10.069 8493.5 10.777 "" "" 0.002778999012126706 0.0045959856 0.004022638 0.008618623 85.75933125548 8.41686161205 386.657776 4.268 -6.909
84.97562701319 6.78119038015 0.0476 0.0397 62.6601 "" "" 3333514677534684032 522.765686 1.8598 0.055 8.435 -6.009 0.064 0.045 1.485 4400.2 4.4293 15.820946 1.95465 16.792265 14.837615 "" "" 507.980225 537.584412 8842.36296 5.2935 2621.3 8.4198 9206.9 10.396 "" "" 0.0028309470607959806 0.0044662543 0.0039732493 0.008439504 84.97562701319 6.78119038015 522.765686 8.434999999999999 -6.009
86.42854293964 7.38172406035 0.0338 0.0275 32.4263 "" "" 3333480734409966720 516.257568 1.8967 0.0428 4.134 -10.346 0.048 0.03 1.084 4598.1 4.6735 15.83013 1.581819 16.573214 14.991395 "" "" 505.995789 526.948792 8767.88643 2.3585 3207.2 9.359 7991.0 10.81 "" "" 0.0027707554517444667 0.004221758 0.0040547457 0.0082765035 86.42854293964 7.38172406035 516.257568 4.134 -10.346
85.84009305464 6.37076849284 0.0325 0.0265 42.4659 "" "" 3333254063215707904 531.203369 1.8437 0.0379 1.374 -7.95 0.043 0.03 0.981 4839.3 4.4805 15.83217 1.661542 16.616903 14.955361 "" "" 520.558594 543.77594 8751.42801 2.8485 3080.7 10.039 8260.6 10.224 "" "" 0.002777890949878973 0.004505877 0.0040111737 0.008517051 85.84009305464 6.37076849284 531.203369 1.3739999999999999 -7.950000000000001
85.2182893891 6.2689679352 0.0382 0.0307 66.1597 "" "" 3332923861834413696 412.908905 2.3854 0.0403 19.934 -22.206 0.048 0.035 0.986 4436.3 4.6143 15.83355 1.821835 16.725946 14.904112 "" "" 406.947845 418.66629 8740.30738 3.4852 2786.4 10.19 8659.9 10.682 "" "" 0.0027891260916379176 0.0048528994 0.004009655 0.008862555 85.2182893891 6.2689679352 412.908905 19.934000000000005 -22.206
86.76343438226 8.26977314698 0.0344 0.0278 85.8223 "" "" 3335238441186974720 394.495728 2.4689 0.0449 2.618 -2.904 0.052 0.033 1.014 "" "" 15.834184 2.770778 17.383718 14.612941 "" "" 388.778198 402.029236 8735.2061 5.2077 1520.3 8.918 11324.0 19.232 "" "" 0.002830330418987245 0.006953242 0.00420522 0.011158462 86.76343438226 8.26977314698 394.495728 2.618 -2.9039999999999995
86.78698225194 7.45898147954 0.0326 0.0254 53.1271 "" "" 3333484582701034752 414.73941 2.3645 0.0387 12.545 -7.769 0.041 0.028 0.997 4280.6 4.6631 15.839421 1.767974 16.655752 14.887778 "" "" 407.870361 421.292114 8693.17382 3.2751 2972.5 15.838 8791.2 44.124 "" "" 0.002785517322590866 0.0064227087 0.006631742 0.013054451 86.78698225194 7.45898147954 414.73941 12.545000000000002 -7.769
86.11514114426 5.81471943681 0.0332 0.0282 75.2755 "" "" 3321198708491277696 400.367889 2.4593 0.0396 3.846 0.817 0.041 0.031 1.01 "" "" 15.842377 1.882952 16.771538 14.888586 "" "" 393.774597 405.779022 8669.54264 3.2191 2671.8 8.8882 8784.6 13.5 "" "" 0.002784657300160951 0.0045640743 0.004131313 0.008695387 86.11514114426 5.81471943681 400.367889 3.8459999999999996 0.8169999999999998
85.29187813647 7.00918599786 0.0378 0.0328 41.6143 "" "" 3333548899834394496 504.106049 1.9484 0.0517 -3.527 -8.481 0.056 0.038 1.08 4505.0 4.5018 15.844007 1.591164 16.591864 15.0007 "" "" 492.902863 518.179932 8656.53453 3.5093 3152.6 8.6342 7922.8 13.954 "" "" 0.002790254730137954 0.004077639 0.0042356136 0.008313253 85.29187813647 7.00918599786 504.106049 -3.527 -8.480999999999998
85.45203973082 7.82033035367 0.0386 0.0333 55.5325 "" "" 3333745819791621632 479.204926 2.0417 0.0472 6.724 -6.647 0.049 0.038 1.069 4453.4 4.493 15.845134 1.637835 16.614237 14.976402 "" "" 467.07132 491.685883 8647.55362 3.0577 3088.3 10.621 8102.1 16.893 "" "" 0.0027819370783403446 0.004661281 0.0044054976 0.009066779 85.45203973082 7.82033035367 479.204926 6.724000000000001 -6.646999999999999
85.77039642064 8.50090051662 0.0327 0.0257 87.2441 "" "" 3336043386778127232 473.36322 2.0614 0.0381 -2.037 -16.57 0.042 0.029 1.0 4469.7 4.5841 15.848592 1.686952 16.656027 14.969075 "" "" 465.811981 481.168549 8620.05534 2.7399 2971.7 10.138 8157.0 10.059 "" "" 0.002776848145659522 0.0046373163 0.004009537 0.008646853 85.77039642064 8.50090051662 473.36322 -2.0369999999999995 -16.570000000000004
84.6387059711 7.39694109188 0.038 0.0331 82.8105 "" "" 3333611468918847104 471.236847 2.0906 0.0489 -1.508 -6.971 0.046 0.036 0.984 4505.9 4.665 15.856465 1.627269 16.627653 15.000384 "" "" 459.184692 482.15271 8557.76986 2.934 3050.4 9.0436 7925.1 12.147 "" "" 0.002780351150464711 0.004259863 0.0041295364 0.008389399 84.6387059711 7.39694109188 471.236847 -1.508 -6.971000000000002
85.99697584849 6.24508283141 0.0402 0.0345 49.0772 "" "" 3333237291367389568 506.740326 1.9247 0.0507 2.262 -2.176 0.051 0.039 1.225 "" "" 15.860134 2.123158 16.942425 14.819267 "" "" 493.669952 519.960999 8528.90512 3.5211 2282.7 9.9218 9363.8 10.31 "" "" 0.0027915421130331646 0.0054823025 0.0039639403 0.009446243 85.99697584849 6.24508283141 506.740326 2.262 -2.176
86.7405850129 7.72257017499 0.0413 0.0352 59.7337 "" "" 3335005752741085440 462.670135 2.1344 0.0573 1.296 -6.044 0.054 0.041 1.275 "" "" 15.865042 1.763334 16.712873 14.949539 "" "" 449.647705 477.946381 8490.43647 6.3042 2820.1 11.598 8305.1 18.576 "" "" 0.0028708347925228547 0.005265286 0.004492345 0.0097576305 86.7405850129 7.72257017499 462.670135 1.2959999999999998 -6.043999999999999
87.22433615294 6.35169153141 0.0322 0.0286 85.1097 "" "" 3321291239267317504 491.8078 1.994 0.0391 0.22 -6.256 0.044 0.035 0.894 4314.5 4.3182 15.866832 2.15132 16.969967 14.818647 "" "" 482.037231 502.120697 8476.45314 12.309 2225.5 13.078 9369.1 60.109 "" "" 0.003174521591419424 0.0069636707 0.007924958 0.014888629 87.22433615294 6.35169153141 491.8078 0.22000000000000006 -6.256
86.72610321668 7.79399976715 0.3288 0.2775 62.0404 "" "" 3335007028348478592 508.422241 2.1641 0.4214 2.423 -2.97 0.439 0.314 9.653 "" "" 15.868299 1.143993 16.081934 14.937941 "" "" 407.697174 701.616272 8465.00115 14.599 5042.5 9.5387 8394.2 12.365 "" "" 0.003331369457533591 0.0034645817 0.0041038515 0.007568433 86.72610321668 7.79399976715 508.422241 2.423 -2.97
86.13404465362 5.9151736594 0.032 0.0277 69.4129 "" "" 3321201869587190656 457.414368 2.1363 0.0411 9.858 -5.699 0.04 0.03 0.941 4988.8 4.6173 15.868463 1.93344 16.832289 14.898849 "" "" 450.550385 466.258301 8463.73102 2.866 2526.4 8.5518 8702.0 11.56 "" "" 0.00277974071783361 0.0046143327 0.0040452476 0.008659581 86.13404465362 5.9151736594 457.414368 9.858000000000002 -5.699000000000001
86.58272498967 6.82283603907 0.038 0.0327 38.2071 "" "" 3333380644492386304 377.228424 2.5994 0.0506 6.649 8.659 0.049 0.036 1.153 3819.4 4.4911 15.886235 2.183557 17.013006 14.82945 "" "" 369.464752 384.031647 8326.31239 2.8996 2139.0 7.3691 9276.4 8.6984 "" "" 0.002781142030564879 0.0046665063 0.003914106 0.008580612 86.58272498967 6.82283603907 377.228424 6.648999999999998 8.659
86.90734768391 5.8809326732 0.0366 0.0288 89.6112 "" "" 3321162768205003008 507.707764 1.9256 0.0412 -5.441 -2.948 0.046 0.032 1.055 4320.1 4.51 15.891497 1.845449 16.790668 14.945219 "" "" 496.801971 519.637939 8286.06053 4.4966 2625.1 15.537 8338.2 14.372 "" "" 0.002817612898592849 0.0070056724 0.004217334 0.011223007 86.90734768391 5.8809326732 507.707764 -5.441000000000001 -2.948
85.69155145775 6.16136005881 0.0408 0.0342 56.9215 "" "" 3333232828897419648 417.22699 2.3613 0.0476 -2.948 -0.541 0.051 0.039 1.247 4077.3 4.1169 15.891674 2.5489 17.28466 14.735761 "" "" 409.267487 425.616913 8284.70674 4.6002 1665.5 8.1617 10112.0 14.282 "" "" 0.0028205038561551618 0.006007811 0.0040786355 0.010086447 85.69155145775 6.16136005881 417.22699 -2.9479999999999995 -0.541
