Clusters/UPK_398/UPK_398_members.tsv
# %ECSV 1.0
# ---
# datatype:
# - name: RA_ICRS_1
#   unit: deg
#   datatype: float64
#   format: '{:15.11f}'
#   description: Right ascension (ICRS) at Ep=2016.0 (ra)
#   meta: !!omap
#   - {ucd: POS_EQ_RA_MAIN}
#   - {width: 15}
#   - {precision: '11'}
# - name: DE_ICRS_1
#   unit: deg
#   datatype: float64
#   format: '{:15.11f}'
#   description: Declination (ICRS) at Ep=2016.0 (dec)
#   meta: !!omap
#   - {ucd: POS_EQ_DEC_MAIN}
#   - {width: 15}
#   - {precision: '11'}
# - name: e_RA_ICRS
#   unit: mas
#   datatype: float64
#   format: '{:7.4f}'
#   description: Standard error of right ascension (ra_error)
#   meta: !!omap
#   - {ucd: ERROR}
#   - {width: 7}
#   - {precision: '4'}
# - name: e_DE_ICRS
#   unit: mas
#   datatype: float64
#   format: '{:7.4f}'
#   description: Standard error of declination (dec_error)
#   meta: !!omap
#   - {ucd: ERROR}
#   - {width: 7}
#   - {precision: '4'}
# - name: _r_1
#   unit: ''
#   datatype: float64
#   format: '{:7.4f}'
#   description: Distance from center (085.98860672000+07.06299466000)[ICRS], at Epoch=J2016.0
#   meta: !!omap
#   - {ucd: POS_ANG_DIST_GENERAL}
#   - {width: 7}
#   - {precision: '4'}
# - name: HIP
#   datatype: int32
#   description: '? HIP cross-id number, van Leeuwen, Cat. I/311 (hip_original_ext_source_id)'
#   meta: !!omap
#   - {ucd: ID_NUMBER}
#   - {width: 6}
#   - values: {'null': -2147483648}
# - name: TYC2
#   datatype: string
#   description: Tycho-2 cross-id name, Hog et al., Cat. I/259 (tyc2_original_ext_source_id)
#   meta: !!omap
#   - {ucd: ID_CROSSID}
#   - {_votable_string_dtype: char}
# - name: Source
#   datatype: int64
#   description: Source identifier, identical to the Gaia-EDR3 source_id (id)
#   meta: !!omap
#   - {ucd: ID_MAIN}
#   - {width: 19}
# - name: rgeo
#   unit: pc
#   datatype: float64
#   format: '{:15.8f}'
#   description: '? Median of the geometric distance posterior (r_med_geo)'
#   meta: !!omap
#   - {ucd: PHYS_DISTANCE_TRUE}
#   - {width: 15}
#   - {precision: '8'}
#   - values: {'null': .nan}
# - name: Plx
#   unit: mas
#   datatype: float64
#   format: '{:9.4f}'
#   description: '? Parallax (parallax)'
#   meta: !!omap
#   - {ucd: POS_PARLX_TRIG}
#   - {width: 9}
#   - {precision: '4'}
#   - values: {'null': .nan}
# - name: e_Plx
#   unit: mas
#   datatype: float32
#   format: '{:7.4f}'
#   description: '? Standard error of parallax (parallax_error)'
#   meta: !!omap
#   - {ucd: ERROR}
#   - {width: 7}
#   - {precision: '4'}
#   - values: {'null': .nan}
# - name: pmRA
#   unit: mas / yr
#   datatype: float64
#   format: '{:9.3f}'
#   description: '? Proper motion in right ascension direction, pmRA*cosDE (pmra)'
#   meta: !!omap
#   - {ucd: POS_EQ_PMRA}
#   - {width: 9}
#   - {precision: '3'}
#   - values: {'null': .nan}
# - name: pmDE
#   unit: mas / yr
#   datatype: float64
#   format: '{:9.3f}'
#   description: '? Proper motion in declination direction (pmdec)'
#   meta: !!omap
#   - {ucd: POS_EQ_PMDEC}
#   - {width: 9}
#   - {precision: '3'}
#   - values: {'null': .nan}
# - name: e_pmRA
#   unit: mas / yr
#   datatype: float32
#   format: '{:6.3f}'
#   description: '? Standard error of proper motion in right ascension direction (pmra_error)'
#   meta: !!omap
#   - {ucd: ERROR}
#   - {width: 6}
#   - {precision: '3'}
#   - values: {'null': .nan}
# - name: e_pmDE
[...]
#         unit: &id001 !astropy.units.Unit {unit: deg}
#         value: !astropy.table.SerializedColumn {name: SkyCoord.dec}
#       distance: !astropy.table.SerializedColumn
#         __class__: astropy.coordinates.distances.Distance
#         unit: !astropy.units.Unit {unit: pc}
#         value: !astropy.table.SerializedColumn {name: SkyCoord.distance}
#       frame: icrs
#       obstime: !astropy.time.Time {format: jyear_str, in_subfmt: '*', jd1: 367701545.0, jd2: 0.0, out_subfmt: '*', precision: 3, scale: tt}
#       pm_dec: !astropy.table.SerializedColumn
#         __class__: astropy.units.quantity.Quantity
#         unit: !astropy.units.Unit {unit: mas / yr}
#         value: !astropy.table.SerializedColumn {name: SkyCoord.pm_dec}
#       pm_ra_cosdec: !astropy.table.SerializedColumn
#         __class__: astropy.units.quantity.Quantity
#         unit: !astropy.units.Unit {unit: mas / yr}
#         value: !astropy.table.SerializedColumn {name: SkyCoord.pm_ra_cosdec}
#       ra: !astropy.table.SerializedColumn
#         __class__: astropy.coordinates.angles.Longitude
#         unit: *id001
#         value: !astropy.table.SerializedColumn {name: SkyCoord.ra}
#         wrap_angle: !astropy.coordinates.Angle
#           unit: *id001
#           value: 360.0
#       representation_type: spherical
# schema: astropy-2.0
RA_ICRS_1 DE_ICRS_1 e_RA_ICRS e_DE_ICRS _r_1 HIP TYC2 Source rgeo Plx e_Plx pmRA pmDE e_pmRA e_pmDE RUWE Teff logg Gmag BP-RP BPmag RPmag RV e_RV b_rgeo B_rgeo FG e_FG FBP e_FBP FRP e_FRP RAVE5 RAVE6 e_Gmag e_BPmag e_RPmag e_BP-RP SkyCoord.ra SkyCoord.dec SkyCoord.distance SkyCoord.pm_ra_cosdec SkyCoord.pm_dec Pmemb
86.04368726613 7.56774163795 0.0199 0.0162 30.4617 "" 714-466-1 3333688473388618880 416.995972 2.3702 0.0253 -3.644 -1.762 0.027 0.017 1.191 "" "" 10.101036 0.145473 10.143818 9.998344 32.38 1.71 412.53952 420.967529 1716059.51292 483.68 1196400.0 410.03 794000.0 182.69 "" "" 0.002772262210461363 0.002814873 0.003787629 0.006602502 86.04368726613 7.56774163795 416.995972 -3.6439999999999997 -1.762 1.0
86.24608576695 6.74830784146 0.0273 0.0215 24.3251 "" 127-851-1 3333291476674717696 441.072479 2.226 0.0319 -2.992 -2.012 0.034 0.024 1.706 "" "" 11.4105 0.676197 11.664944 10.988747 31.03 0.43 434.784393 448.12796 513744.24679 170.97 294740.0 140.59 318900.0 102.11 "" "" 0.0027789107034290137 0.0028378267 0.0037953374 0.0066331644 86.24608576695 6.74830784146 441.072479 -2.992 -2.012 1.0
85.88551176572 7.07755457235 0.0157 0.0128 6.2005 "" 127-977-1 3333362704412327296 430.130798 2.2806 0.0191 -3.163 -1.578 0.02 0.014 1.32 "" "" 11.837347 0.839846 12.169717 11.329871 28.19 2.8 427.407196 433.389252 346743.24658 80.87 185150.0 69.604 232920.0 78.356 "" "" 0.002766931779820667 0.0028198662 0.0037969903 0.0066168564 85.88551176572 7.07755457235 430.130798 -3.1630000000000003 -1.578 1.0
86.39427949633 6.87206507221 0.0111 0.0089 26.7389 "" "" 3333387718302826496 440.283783 2.2529 0.0131 -3.23 -1.895 0.014 0.01 1.008 5277.3 4.1138 12.724016 1.261679 13.276049 12.01437 31.37 4.71 438.209534 442.887482 153228.73391 165.6 66834.0 250.36 124000.0 348.68 "" "" 0.0029947698562860716 0.0049322285 0.0048584626 0.009790691 86.39427949633 6.87206507221 440.283783 -3.2300000000000004 -1.895 1.0
85.94410247583 7.13496803295 0.0123 0.0102 5.0666 "" "" 3333457301068515584 436.050476 2.2511 0.015 -3.36 -1.745 0.015 0.011 0.959 5556.4 4.1268 13.306029 1.333279 13.898942 12.565663 38.17 3.38 434.050018 438.72879 89646.88104 67.329 37657.0 100.42 74626.0 157.5 "" "" 0.002873452557891561 0.0040209466 0.0044197934 0.00844074 85.94410247583 7.13496803295 436.050476 -3.36 -1.745 1.0
85.9667529315 7.02636501667 0.014 0.0114 2.5542 "" "" 3333443621597137408 433.346771 2.2655 0.0157 -3.171 -1.784 0.018 0.012 1.039 4950.1 4.2144 13.596835 1.410797 14.23022 12.819423 24.17 3.26 429.956818 435.801758 68582.39786 72.743 27754.0 103.0 59073.0 149.2 "" "" 0.002986298541145352 0.0049011 0.0046694283 0.009570528 85.9667529315 7.02636501667 433.346771 -3.1710000000000003 -1.7840000000000003 1.0
86.50187671301 7.03544146576 0.0137 0.011 30.6081 "" "" 3333397480764162560 442.901031 2.216 0.016 -3.158 -1.796 0.019 0.012 1.03 4770.1 4.1741 13.964918 1.430135 14.612141 13.182006 13.51 6.07 440.582855 445.900146 48862.94464 51.782 19524.0 82.317 42302.0 131.43 "" "" 0.002985910997111856 0.005360985 0.0050658695 0.010426855 86.50187671301 7.03544146576 442.901031 -3.157999999999999 -1.796 1.0
86.32088389587 6.98049295396 0.0162 0.0131 20.3969 "" "" 3333393288876121472 433.532898 2.2626 0.0191 -3.64 -1.492 0.02 0.014 1.084 "" "" 14.080016 1.439481 14.732237 13.292756 27.66 7.61 430.195251 437.120941 43948.10215 49.882 17479.0 65.514 38199.0 110.5 "" "" 0.003018349505608303 0.0049341605 0.004914071 0.009848231 86.32088389587 6.98049295396 433.532898 -3.64 -1.4920000000000004 1.0
86.25689720351 7.02021368184 0.0167 0.0132 16.1809 "" "" 3333440632300400384 440.618835 2.2317 0.0207 -3.168 -1.74 0.02 0.014 1.003 4618.5 4.2548 14.42523 1.585089 15.155759 13.57067 7.56 6.7 435.773193 445.557922 31978.24423 70.213 11833.0 104.36 29573.0 197.33 "" "" 0.0036434525520007543 0.009973771 0.008171279 0.01814505 86.25689720351 7.02021368184 440.618835 -3.1680000000000006 -1.74 1.0
85.98436334703 6.89204891492 0.0288 0.0228 10.2599 "" "" 3333344704205277824 428.519592 2.2827 0.0334 -3.108 -1.856 0.035 0.025 1.016 4624.7 4.2594 15.374217 2.068091 16.423243 14.355151 "" "" 421.890045 435.285248 13343.20298 7.3762 3682.3 19.363 14358.0 25.023 "" "" 0.0028199345608216327 0.006354557 0.0042266054 0.010581162 85.98436334703 6.89204891492 428.519592 -3.1080000000000005 -1.8560000000000003 1.0
86.35259875817 6.86078881537 0.0538 0.0432 24.8425 "" "" 3333388302419069696 420.41333 2.3255 0.06 -3.113 -1.822 0.067 0.047 1.062 "" "" 15.549584 1.465445 15.691849 14.226404 "" "" 408.043823 430.184174 11353.06121 26.234 7222.3 597.51 16166.0 403.7 "" "" 0.0037264125635246537 0.08986765 0.027375326 0.11724298 86.35259875817 6.86078881537 420.41333 -3.1130000000000004 -1.822 1.0
85.91797290104 7.13079393195 0.0297 0.0237 5.8511 "" "" 3333456991830874496 440.221527 2.2244 0.0343 -3.192 -1.694 0.037 0.026 1.01 6004.1 4.4621 15.620345 2.161626 16.73343 14.571805 "" "" 433.179596 446.844421 10636.74716 20.723 2767.2 23.795 11761.0 62.451 "" "" 0.003473644120643064 0.009744199 0.0068936227 0.01663782 85.91797290104 7.13079393195 440.221527 -3.1919999999999997 -1.6939999999999997 1.0
86.2194254808 7.02196857677 0.0317 0.0266 13.9633 "" "" 3333440499156430976 437.647827 2.2401 0.0428 -3.232 -1.823 0.036 0.029 1.019 6159.6 4.4298 15.69559 2.18401 16.811646 14.627636 "" "" 429.461243 446.023132 9924.54513 13.131 2574.9 17.086 11171.0 58.838 "" "" 0.0031073102696826628 0.00772593 0.0068546464 0.014580576 86.2194254808 7.02196857677 437.647827 -3.232 -1.823 1.0
86.38411357657 6.86661444519 0.0358 0.0291 26.3379 "" "" 3333387688238779136 429.234894 2.2749 0.043 -3.175 -1.821 0.045 0.032 1.032 "" "" 16.011368 2.817334 17.605856 14.788522 "" "" 423.281219 436.89978 7419.93205 4.3885 1239.0 6.1936 9632.7 13.578 "" "" 0.0028291612959910352 0.0061026476 0.0040774904 0.010180138 86.38411357657 6.86661444519 429.234894 -3.175 -1.821 1.0
86.13367016097 7.10208397104 0.0418 0.0329 8.9502 "" "" 3333444897202941696 429.375519 2.2838 0.055 -3.119 -1.686 0.049 0.036 1.052 3740.3 4.0751 16.071486 2.390943 17.351772 14.96083 "" "" 417.976166 442.510712 7020.2546 8.3671 1565.7 11.465 8219.1 28.916 "" "" 0.003044062896788347 0.008425803 0.0053734942 0.013799297 86.13367016097 7.10208397104 429.375519 -3.119 -1.686 1.0
86.19216072268 7.09022361654 0.0405 0.034 12.2298 "" "" 3333444965922411264 435.351288 2.247 0.0525 -3.396 -1.703 0.05 0.037 1.023 3664.5 4.09 16.07536 2.461059 17.397778 14.936719 "" "" 422.364441 447.476776 6995.24915 6.7671 1500.7 13.023 8403.7 26.539 "" "" 0.002948723779737101 0.009826416 0.0051029585 0.014929375 86.19216072268 7.09022361654 435.351288 -3.3959999999999995 -1.703 0.9
85.97694545664 6.97372888984 0.0446 0.0357 5.4008 "" "" 3333349308410208128 441.325531 2.2369 0.053 -3.244 -1.79 0.057 0.04 1.083 3592.2 4.0213 16.349337 2.528555 17.716682 15.188128 "" "" 432.066895 452.99234 5435.15914 3.7303 1118.8 13.118 6666.6 18.971 "" "" 0.0028543070555662776 0.013032505 0.0048815673 0.017914072 85.97694545664 6.97372888984 441.325531 -3.2439999999999993 -1.79 1.0
86.29057482883 7.29764316106 0.0475 0.0382 22.8331 "" "" 3333455205124397568 436.23999 2.2451 0.0625 -3.336 -1.743 0.061 0.042 0.993 "" "" 16.362759 2.561426 17.761082 15.199656 "" "" 423.185486 448.472687 5368.38193 4.1574 1074.0 8.9701 6596.2 16.238 "" "" 0.002880758004949832 0.009487669 0.004628982 0.01411665 86.29057482883 7.29764316106 436.23999 -3.3359999999999994 -1.743 0.9
85.14834762043 6.39241181473 0.0489 0.039 64.2313 "" "" 3332938915695172864 462.358948 2.1313 0.0526 -3.028 -1.374 0.063 0.042 0.97 3516.1 3.9742 16.40824 2.810524 18.000975 15.190451 "" "" 452.760986 471.851929 5148.14754 6.3613 861.05 7.7927 6652.4 21.637 "" "" 0.0030645795837487087 0.010214622 0.0051724548 0.015387077 85.14834762043 6.39241181473 462.358948 -3.0279999999999996 -1.374 1.0
85.2800980592 6.25130784229 0.0528 0.0439 64.4565 "" "" 3332920705033841152 455.187866 2.1579 0.0587 -3.212 -1.594 0.07 0.05 1.069 3566.9 4.1331 16.412178 2.958166 18.108137 15.149971 "" "" 438.123474 467.845184 5129.50474 7.5002 780.12 8.6408 6905.1 22.087 "" "" 0.0031799430911431817 0.012345317 0.0051327082 0.017478025 85.2800980592 6.25130784229 455.187866 -3.2120000000000006 -1.5939999999999999 1.0
85.78122107431 7.21083619729 0.0507 0.0398 15.2029 "" "" 3333648994049271424 439.249481 2.2431 0.0605 -3.131 -1.733 0.066 0.045 1.109 3584.1 4.0976 16.494465 2.626557 17.945784 15.319226 "" "" 426.862366 451.06015 4755.10937 4.6001 905.95 9.3132 5908.4 18.353 "" "" 0.0029487301356840934 0.011504872 0.005065371 0.016570242 85.78122107431 7.21083619729 439.249481 -3.1309999999999993 -1.733 1.0
85.94286892964 7.55150219962 0.0611 0.0496 29.4366 "" "" 3333665551146035200 408.991241 2.3855 0.0801 -3.487 -1.835 0.085 0.056 1.055 3462.8 4.2341 16.705013 3.090226 18.517189 15.426963 "" "" 394.69223 424.207336 3916.88913 6.6929 535.23 11.738 5350.2 22.167 "" "" 0.0033216955785844915 0.023973936 0.0058753397 0.029849276 85.94286892964 7.55150219962 408.991241 -3.487 -1.835 0.9
85.28908930525 7.34261728622 0.073 0.056 44.8927 "" "" 3333575700431106176 407.506622 2.425 0.077 -3.319 -1.604 0.093 0.063 1.07 3569.6 4.3538 16.806982 2.77806 18.367838 15.589778 "" "" 395.855164 421.450867 3565.77344 2.811 614.16 12.618 4605.2 11.734 "" "" 0.0028852005938206147 0.02248042 0.0046836887 0.027164109 85.28908930525 7.34261728622 407.506622 -3.319 -1.6040000000000005 0.8
86.00408171871 7.07653014384 0.0568 0.0458 1.2283 "" "" 3333455926678982016 448.375122 2.1767 0.0713 -3.327 -1.781 0.07 0.05 0.97 3549.2 4.1868 16.833633 2.695517 18.341103 15.645586 "" "" 436.002319 463.943726 3479.31014 19.776 629.47 13.583 4374.5 84.965 "" "" 0.006758364793580041 0.023594087 0.021424018 0.045018107 86.00408171871 7.07653014384 448.375122 -3.327 -1.7809999999999997 0.9
85.87981475307 7.25661814795 0.0611 0.0506 13.3008 "" "" 3333463417101934848 446.499268 2.2075 0.0727 -3.26 -1.742 0.078 0.056 0.91 3552.2 4.0837 16.879133 2.759952 18.430555 15.670603 "" "" 434.937042 459.555267 3336.52072 4.9383 579.69 11.466 4274.8 17.838 "" "" 0.0031896934331860725 0.021655854 0.005899997 0.027555851 85.87981475307 7.25661814795 446.499268 -3.2599999999999993 -1.7420000000000002 1.0
85.83936229616 7.14268520129 0.0573 0.0453 10.0907 "" "" 3333460118567075072 438.513428 2.2372 0.0682 -3.144 -1.628 0.074 0.052 1.065 3522.3 4.0648 16.888391 2.798091 18.468653 15.670562 "" "" 426.801361 450.593445 3308.18726 4.6415 559.7 7.3468 4275.0 17.215 "" "" 0.00314838189263357 0.014522275 0.0057792244 0.020301498 85.83936229616 7.14268520129 438.513428 -3.1440000000000006 -1.628 0.9
85.64651233695 8.00441290411 0.0647 0.0523 60.0385 "" "" 3333772684812000512 401.830536 2.4332 0.0768 -3.47 -1.676 0.091 0.057 1.029 3478.3 4.246 16.926357 2.711655 18.440403 15.728748 "" "" 390.657074 416.64505 3194.50599 2.9413 574.45 9.4557 4051.9 13.665 "" "" 0.0029310654179676493 0.018088186 0.0052622533 0.02335044 85.64651233695 8.00441290411 401.830536 -3.47 -1.676 1.0
85.86910053521 7.1319572559 0.0636 0.049 8.2311 "" "" 3333459873752606464 444.599731 2.1967 0.0753 -3.162 -1.76 0.084 0.055 1.044 "" "" 16.993412 2.821922 18.592846 15.770924 "" "" 429.007477 462.882782 3003.18176 2.3077 499.2 11.215 3897.5 10.666 "" "" 0.0028788617844556453 0.024551151 0.004807502 0.029358653 85.86910053521 7.1319572559 444.599731 -3.1619999999999995 -1.7599999999999998 1.0
