Clusters/UBC_177/UBC_177_stars_in_region.tsv
# %ECSV 1.0
# ---
# datatype:
# - name: RA_ICRS_1
#   unit: deg
#   datatype: float64
#   format: '{:15.11f}'
#   description: Right ascension (ICRS) at Ep=2016.0 (ra)
#   meta: !!omap
#   - {ucd: POS_EQ_RA_MAIN}
#   - {width: 15}
#   - {precision: '11'}
# - name: DE_ICRS_1
#   unit: deg
#   datatype: float64
#   format: '{:15.11f}'
#   description: Declination (ICRS) at Ep=2016.0 (dec)
#   meta: !!omap
#   - {ucd: POS_EQ_DEC_MAIN}
#   - {width: 15}
#   - {precision: '11'}
# - name: e_RA_ICRS
#   unit: mas
#   datatype: float64
#   format: '{:7.4f}'
#   description: Standard error of right ascension (ra_error)
#   meta: !!omap
#   - {ucd: ERROR}
#   - {width: 7}
#   - {precision: '4'}
# - name: e_DE_ICRS
#   unit: mas
#   datatype: float64
#   format: '{:7.4f}'
#   description: Standard error of declination (dec_error)
#   meta: !!omap
#   - {ucd: ERROR}
#   - {width: 7}
#   - {precision: '4'}
# - name: _r_1
#   unit: ''
#   datatype: float64
#   format: '{:7.4f}'
#   description: Distance from center (339.64651653000+67.05700429000)[ICRS], at Epoch=J2016.0
#   meta: !!omap
#   - {ucd: POS_ANG_DIST_GENERAL}
#   - {width: 7}
#   - {precision: '4'}
# - name: HIP
#   datatype: int32
#   description: '? HIP cross-id number, van Leeuwen, Cat. I/311 (hip_original_ext_source_id)'
#   meta: !!omap
#   - {ucd: ID_NUMBER}
#   - {width: 6}
#   - values: {'null': -2147483648}
# - name: TYC2
#   datatype: string
#   description: Tycho-2 cross-id name, Hog et al., Cat. I/259 (tyc2_original_ext_source_id)
#   meta: !!omap
#   - {ucd: ID_CROSSID}
#   - {_votable_string_dtype: char}
# - name: Source
#   datatype: int64
#   description: Source identifier, identical to the Gaia-EDR3 source_id (id)
#   meta: !!omap
#   - {ucd: ID_MAIN}
#   - {width: 19}
# - name: rgeo
#   unit: pc
#   datatype: float64
#   format: '{:15.8f}'
#   description: '? Median of the geometric distance posterior (r_med_geo)'
#   meta: !!omap
#   - {ucd: PHYS_DISTANCE_TRUE}
#   - {width: 15}
#   - {precision: '8'}
#   - values: {'null': .nan}
# - name: Plx
#   unit: mas
#   datatype: float64
#   format: '{:9.4f}'
#   description: '? Parallax (parallax)'
#   meta: !!omap
#   - {ucd: POS_PARLX_TRIG}
#   - {width: 9}
#   - {precision: '4'}
#   - values: {'null': .nan}
# - name: e_Plx
#   unit: mas
#   datatype: float32
#   format: '{:7.4f}'
#   description: '? Standard error of parallax (parallax_error)'
#   meta: !!omap
#   - {ucd: ERROR}
#   - {width: 7}
#   - {precision: '4'}
#   - values: {'null': .nan}
# - name: pmRA
#   unit: mas / yr
#   datatype: float64
#   format: '{:9.3f}'
#   description: '? Proper motion in right ascension direction, pmRA*cosDE (pmra)'
#   meta: !!omap
#   - {ucd: POS_EQ_PMRA}
#   - {width: 9}
#   - {precision: '3'}
#   - values: {'null': .nan}
# - name: pmDE
#   unit: mas / yr
#   datatype: float64
#   format: '{:9.3f}'
#   description: '? Proper motion in declination direction (pmdec)'
#   meta: !!omap
#   - {ucd: POS_EQ_PMDEC}
#   - {width: 9}
#   - {precision: '3'}
#   - values: {'null': .nan}
# - name: e_pmRA
#   unit: mas / yr
#   datatype: float32
#   format: '{:6.3f}'
#   description: '? Standard error of proper motion in right ascension direction (pmra_error)'
#   meta: !!omap
#   - {ucd: ERROR}
#   - {width: 6}
#   - {precision: '3'}
#   - values: {'null': .nan}
# - name: e_pmDE
[...]
#         value: !astropy.table.SerializedColumn {name: SkyCoord.dec}
#       distance: !astropy.table.SerializedColumn
#         __class__: astropy.coordinates.distances.Distance
#         unit: !astropy.units.Unit {unit: pc}
#         value: !astropy.table.SerializedColumn {name: SkyCoord.distance}
#       frame: icrs
#       obstime: !astropy.time.Time {format: jyear_str, in_subfmt: '*', jd1: 367701545.0, jd2: 0.0, out_subfmt: '*', precision: 3, scale: tt}
#       pm_dec: !astropy.table.SerializedColumn
#         __class__: astropy.units.quantity.Quantity
#         unit: !astropy.units.Unit {unit: mas / yr}
#         value: !astropy.table.SerializedColumn {name: SkyCoord.pm_dec}
#       pm_ra_cosdec: !astropy.table.SerializedColumn
#         __class__: astropy.units.quantity.Quantity
#         unit: !astropy.units.Unit {unit: mas / yr}
#         value: !astropy.table.SerializedColumn {name: SkyCoord.pm_ra_cosdec}
#       ra: !astropy.table.SerializedColumn
#         __class__: astropy.coordinates.angles.Longitude
#         unit: *id001
#         value: !astropy.table.SerializedColumn {name: SkyCoord.ra}
#         wrap_angle: !astropy.coordinates.Angle
#           unit: *id001
#           value: 360.0
#       representation_type: spherical
# schema: astropy-2.0
RA_ICRS_1 DE_ICRS_1 e_RA_ICRS e_DE_ICRS _r_1 HIP TYC2 Source rgeo Plx e_Plx pmRA pmDE e_pmRA e_pmDE RUWE Teff logg Gmag BP-RP BPmag RPmag RV e_RV b_rgeo B_rgeo FG e_FG FBP e_FBP FRP e_FRP RAVE5 RAVE6 e_Gmag e_BPmag e_RPmag e_BP-RP SkyCoord.ra SkyCoord.dec SkyCoord.distance SkyCoord.pm_ra_cosdec SkyCoord.pm_dec rmRA rmDE e_rmRA e_rmDE rRV e_rRV v_pec v_pec3d e_vpec e_vpec3d
[from data line 915]
340.55807225058 67.3608874111 0.035 0.0356 27.9515 "" "" 2212917375975034112 1128.57922 0.8625 0.0401 5.482 -0.741 0.048 0.046 1.032 4825.6 4.4097 16.658531 1.686562 17.465109 15.778546 "" "" 1077.91211 1182.18042 4088.22156 2.1389 1410.5 8.041 3870.3 7.7843 "" "" 0.0028132651846256795 0.006789401 0.004364907 0.011154308 340.55807225058 67.3608874111 1128.57922 5.481999999999999 -0.7409999999999998 7.423720962524414 0.2962791290283203 0.18069625 0.17869624 "" "" 39.74455381701303 "" 7.181566083239375 ""
339.67291484004 67.01588728841 0.0394 0.04 2.5432 "" "" 2212810585906688512 1117.65039 0.8725 0.0457 -1.859 -1.07 0.061 0.054 1.016 5101.6 4.4381 16.661812 1.681987 17.454132 15.772145 "" "" 1069.87866 1169.38269 4075.88749 3.4766 1424.8 11.829 3893.1 12.342 "" "" 0.0029067931652564712 0.009435972 0.005111876 0.014547848 339.67291484004 67.01588728841 1117.65039 -1.8590000000000002 -1.07 0.08272096252441408 -0.03272087097167975 0.19369625 0.18669625 "" "" 0.4712661351248997 "" 0.09084316487919342 ""
339.39308283757 66.9033983333 0.0438 0.0391 10.9681 "" "" 2212807630968955776 1352.98022 0.7214 0.0476 6.503 -4.843 0.057 0.05 0.96 6138.2 4.3972 16.66359 1.822644 17.551487 15.728843 "" "" 1263.08948 1433.77051 4069.21643 2.7025 1302.6 9.3111 4051.5 10.161 "" "" 0.00284811088709081 0.008247254 0.0046581505 0.012905405 339.39308283757 66.9033983333 1352.98022 6.503 -4.843000000000002 8.444720962524414 -3.8057208709716797 0.18969624 0.18269624 "" "" 59.40259172526954 "" 11.199336363696546 ""
338.30803039775 66.74758239781 0.0389 0.0369 36.5674 "" "" 2224789284055268608 1214.75525 0.8073 0.0434 -0.818 -2.302 0.051 0.045 0.946 4996.4 4.3584 16.665394 1.608708 17.418406 15.809697 "" "" 1136.34973 1283.71729 4062.46418 2.5005 1472.5 9.7981 3760.8 10.193 "" "" 0.00283520617694233 0.0077446233 0.0047899075 0.012534531 338.30803039775 66.74758239781 1214.75525 -0.8179999999999997 -2.3020000000000005 1.123720962524414 -1.2647208709716797 0.18369624 0.17769624 "" "" 9.741419588095356 "" 1.7570391169598119 ""
340.528846128 67.21968987562 0.036 0.0354 22.766 "" "" 2212900711501555200 1152.99561 0.8402 0.0406 -8.196 -1.865 0.048 0.043 1.02 4716.6 4.4588 16.665749 1.556577 17.391977 15.835401 "" "" 1108.45447 1229.26782 4061.13156 2.1057 1508.8 6.9399 3672.8 8.444 "" "" 0.0028122424894895014 0.005720557 0.004529307 0.010249864 340.528846128 67.21968987562 1152.99561 -8.19599999999999 -1.8649999999999975 -6.254279037475586 -0.8277208709716797 0.18069625 0.17569624 "" "" 34.478922586622915 "" 6.227284807880749 ""
339.88827896295 67.10848160673 0.0388 0.0362 6.4378 "" "" 2212904834670119552 1248.55286 0.7749 0.0416 -1.008 0.677 0.055 0.047 1.014 6746.0 4.3461 16.668713 1.87945 17.593395 15.713945 "" "" 1201.57056 1316.27405 4050.0634 2.2797 1253.3 11.81 4107.5 12.869 "" "" 0.002822282869260701 0.010604665 0.005084786 0.015689451 339.88827896295 67.10848160673 1248.55286 -1.008 0.677 0.933720962524414 1.7142791290283204 0.18769625 0.17969623 "" "" 11.552640526982728 "" 2.0974706085351382 ""
338.23632366648 67.19026341439 0.0424 0.0405 33.8493 "" "" 2224836837933486592 1028.43042 0.9479 0.0433 1.197 0.5 0.057 0.047 1.017 7149.3 4.337 16.668972 2.09779 17.732597 15.634808 "" "" 982.274231 1077.68359 4049.09576 2.1894 1102.5 10.783 4418.1 11.993 "" "" 0.0028171693115742634 0.010979485 0.0047927024 0.015772186 338.23632366648 67.19026341439 1028.43042 1.197 0.5 3.138720962524414 1.5372791290283203 0.18969624 0.17969623 "" "" 17.037127443404742 "" 3.199624665187704 ""
340.19138668982 66.78738136052 0.0474 0.0403 20.6378 "" "" 2212837760161628928 1265.89026 0.7642 0.049 -0.963 -2.427 0.064 0.053 1.058 4864.2 4.313 16.66907 1.746875 17.510351 15.763476 "" "" 1198.71716 1355.93958 4048.731 2.4576 1352.9 9.0682 3924.4 11.32 "" "" 0.002833043028485427 0.0077939997 0.0049083657 0.012702365 340.19138668982 66.78738136052 1265.89026 -0.9630000000000009 -2.4269999999999974 0.9787209625244141 -1.3897208709716797 0.19669625 0.18569624 "" "" 10.199164998478484 "" 1.931864630641808 ""
340.08640855313 66.98887233465 0.0413 0.0366 11.0844 "" "" 2212890953335896064 997.687378 0.9803 0.0445 3.331 0.292 0.057 0.049 1.022 5125.1 4.619 16.676783 1.712394 17.506666 15.794272 "" "" 959.359009 1032.97888 4020.07417 2.2569 1357.5 8.4087 3814.6 10.574 "" "" 0.002821937102435766 0.0072811437 0.004831321 0.012112465 340.08640855313 66.98887233465 997.687378 3.3309999999999995 0.29199999999999987 5.272720962524414 1.3292791290283203 0.18969624 0.18169624 "" "" 25.715085675053153 "" 4.866005715643345 ""
339.07558029117 67.30926956705 0.0375 0.0392 20.1384 "" "" 2224841540920865408 1123.86816 0.8597 0.0408 -0.779 -3.013 0.052 0.058 1.064 4684.6 4.3365 16.678598 1.698611 17.442217 15.743606 "" "" 1074.20898 1178.76355 4013.35552 2.1581 1440.6 14.703 3996.8 30.307 "" "" 0.0028164959939011233 0.0114270765 0.009058973 0.02048605 339.07558029117 67.30926956705 1123.86816 -0.7790000000000006 -3.0130000000000003 1.1627209625244141 -1.9757208709716796 0.18469624 0.19069624 "" "" 12.212267488016032 "" 2.3102063124264354 ""
340.12916773311 67.54040092465 0.0384 0.0388 31.0823 "" "" 2224933315781462656 987.077209 0.9898 0.0432 -9.362 -4.463 0.05 0.048 1.092 4901.5 4.3715 16.679052 1.717113 17.505367 15.788255 "" "" 950.972473 1032.99084 4011.67868 2.1381 1359.2 10.892 3835.8 7.9669 "" "" 0.002815429085776501 0.009137028 0.004401024 0.013538051 340.12916773311 67.54040092465 987.077209 -9.362 -4.463000000000001 -7.420279037475586 -3.4257208709716798 0.18269624 0.18069625 "" "" 38.23886857883206 "" 6.972721701924545 ""
339.16925893836 66.86980308744 0.0446 0.0397 15.8658 "" "" 2212802202130283520 941.094421 1.0369 0.0483 7.218 1.27 0.058 0.049 0.97 5487.9 4.5684 16.679893 1.918083 17.638838 15.720755 "" "" 906.522827 987.037109 4008.56941 2.3451 1201.9 9.0618 4081.8 11.604 "" "" 0.002827585890437913 0.008648424 0.004879634 0.013528058 339.16925893836 66.86980308744 941.094421 7.218000000000008 1.2700000000000011 9.159720962524414 2.3072791290283203 0.19069624 0.18169624 "" "" 42.13591664126144 "" 8.013038023008187 ""
340.52396372574 67.09570328143 0.0409 0.0378 20.637 "" "" 2212896141656405376 1089.57544 0.8919 0.0439 8.446 7.964 0.056 0.047 1.055 4999.8 4.6465 16.679897 1.54724 17.391327 15.844087 "" "" 1037.0592 1135.06421 4008.55522 2.1998 1509.7 7.7577 3643.5 11.83 "" "" 0.002819006622167093 0.006237929 0.0051682815 0.011406211 340.52396372574 67.09570328143 1089.57544 8.446 7.964 10.387720962524414 9.00127912902832 0.18869624 0.17969623 "" "" 70.98777258685628 "" 13.124942125082029 ""
340.83813340968 67.41478695246 0.0347 0.0356 35.0158 "" "" 2212916237805627648 1296.89966 0.762 0.039 0.172 4.559 0.045 0.043 0.956 4936.0 4.442 16.684565 1.646223 17.467745 15.821522 "" "" 1226.13464 1365.87183 3991.36083 2.0375 1407.1 9.7791 3720.1 8.0911 "" "" 0.0028105116396733012 0.008045018 0.004456471 0.012501489 340.83813340968 67.41478695246 1296.89966 0.17200000000000037 4.559000000000001 2.113720962524414 5.5962791290283205 0.17769624 0.17569624 "" "" 36.77411635596085 "" 6.470301944572848 ""
341.11981470113 67.06459962547 0.0454 0.0392 34.4556 "" "" 2212846143941310464 1223.80811 0.7925 0.0468 4.368 -0.072 0.059 0.046 0.979 4680.4 4.36 16.685781 1.634651 17.46476 15.830109 "" "" 1155.92932 1293.33984 3986.89232 2.2665 1411.0 9.1614 3690.8 10.876 "" "" 0.0028236075513939666 0.007581602 0.0049517774 0.01253338 341.11981470113 67.06459962547 1223.80811 4.368 -0.07199999999999987 6.309720962524414 0.9652791290283204 0.19169624 0.17869624 "" "" 37.02757967214105 "" 7.087405166083773 ""
340.78305974393 67.21544279431 0.0364 0.0372 28.1489 "" "" 2212901364336620288 970.538452 0.9972 0.0417 4.7 -0.163 0.049 0.046 0.961 4730.3 4.4674 16.686981 1.639669 17.469128 15.829458 "" "" 934.995911 1020.88177 3982.488 2.2178 1405.3 7.2356 3693.0 8.6329 "" "" 0.002820881257017801 0.0062478585 0.0045525236 0.010800382 340.78305974393 67.21544279431 970.538452 4.699999999999997 -0.16300000000000003 6.641720962524414 0.8742791290283203 0.18169624 0.17869624 "" "" 30.81783546227459 "" 5.597922782703394 ""
339.37977691828 66.62712528506 0.0401 0.0425 26.5495 "" "" 2212783304274262656 1191.33179 0.825 0.0467 -4.839 0.945 0.053 0.051 1.086 6727.2 4.3498 16.68925 1.85045 17.606752 15.756303 "" "" 1135.65417 1257.38855 3974.16917 2.3687 1238.0 13.199 3950.4 11.777 "" "" 0.002830293248157558 0.011907153 0.0049760127 0.016883165 339.37977691828 66.62712528506 1191.33179 -4.839 0.9450000000000002 -2.8972790374755863 1.9822791290283202 0.18569624 0.18369624 "" "" 19.823524070145606 "" 3.6685589051330294 ""
340.83019569233 66.94082825303 0.0464 0.0396 28.6128 "" "" 2212843639976288384 1036.01794 0.9451 0.0479 -6.985 -5.039 0.057 0.046 0.976 4864.8 4.4522 16.691643 1.68744 17.49987 15.81243 "" "" 993.184265 1085.92957 3965.42127 2.5812 1366.1 7.7163 3751.3 10.904 "" "" 0.0028445146896551917 0.0067375754 0.0049237856 0.011661361 340.83019569233 66.94082825303 1036.01794 -6.985000000000003 -5.038999999999998 -5.043279037475586 -4.001720870971679 0.18969624 0.17869624 "" "" 31.61547255924685 "" 5.865418689953191 ""
340.87379344153 67.43157615418 0.0339 0.0379 36.2807 "" "" 2212916345182896128 1281.10266 0.7534 0.0391 -3.479 -2.524 0.044 0.048 0.99 5548.2 4.5138 16.692736 1.670497 17.491817 15.821321 "" "" 1222.31165 1344.33142 3961.4332 2.0579 1376.2 5.2501 3720.7 6.4197 "" "" 0.0028124563067278125 0.0049941195 0.0042181863 0.009212306 340.87379344153 67.43157615418 1281.10266 -3.479 -2.524 -1.537279037475586 -1.4867208709716797 0.17669624 0.18069625 "" "" 12.986428831626279 "" 2.3199030639887543 ""
340.73101945984 67.43011697839 0.0346 0.0361 33.6845 "" "" 2212919059602206592 1171.0083 0.8444 0.039 -1.91 -0.751 0.045 0.045 1.052 5377.1 4.5495 16.697256 1.652267 17.479856 15.82759 "" "" 1121.00073 1225.33899 3944.97661 8.0678 1391.5 11.634 3699.3 19.788 "" "" 0.0035386509340332895 0.009496712 0.0069291764 0.016425889 340.73101945984 67.43011697839 1171.0083 -1.91 -0.751 0.03172096252441414 0.2862791290283203 0.17769624 0.17769624 "" "" 1.5987399033813896 "" 0.28409007425075394 ""
339.61648689137 67.01866479924 0.0858 0.0895 2.4054 "" "" 2212810276669040000 1251.09277 0.7868 0.1 -1.963 -1.301 0.13 0.131 2.307 "" "" 16.69881 1.943712 17.607803 15.664091 "" "" 1080.88977 1498.96167 3939.33213 10.367 1236.8 10.348 4300.5 15.57 "" "" 0.0039693718033809305 0.009502929 0.005453058 0.014955986 339.61648689137 67.01866479924 1251.09277 -1.9629999999999996 -1.300999999999998 -0.021279037475586016 -0.2637208709716796 0.26269624 0.26369625 "" "" 1.5689948363390862 "" 0.41372792985664947 ""
341.11224907829 66.88924078169 0.0564 0.0462 35.8419 "" "" 2212831407909495680 980.559143 1.002 0.0555 -11.379 8.353 0.072 0.059 1.227 4466.9 4.3657 16.700827 1.768897 17.543169 15.774272 "" "" 936.680725 1054.13232 3932.02634 3.7787 1312.7 16.521 3885.5 13.604 "" "" 0.002946263776099036 0.013946498 0.005360448 0.019306947 341.11224907829 66.88924078169 980.559143 -11.378999999999998 8.353 -9.437279037475585 9.39027912902832 0.20469624 0.19169624 "" "" 61.877461490120695 "" 12.272480520175169 ""
339.74078902258 66.84259883793 0.0462 0.0472 13.0536 "" "" 2212792925001191936 1092.37598 0.9031 0.0531 -1.893 -1.035 0.062 0.063 1.038 5118.5 4.3799 16.702396 1.912787 17.656284 15.743497 "" "" 1023.2605 1153.51965 3926.34086 4.0873 1182.8 9.2739 3997.2 15.213 "" "" 0.0029781276752944043 0.008958449 0.0055999076 0.014558356 339.74078902258 66.84259883793 1092.37598 -1.8929999999999993 -1.0350000000000004 0.048720962524414047 0.0022791290283203924 0.19469625 0.19569623 "" "" 0.252546297902694 "" 0.04917036938658642 ""
338.10054676835 66.93472099377 0.0406 0.0393 36.9837 "" "" 2224805604931914752 1148.06531 0.8465 0.0433 -6.392 -5.249 0.053 0.047 0.964 5302.0 4.6081 16.707098 1.624921 17.47363 15.84871 "" "" 1089.21594 1220.38635 3909.37486 2.0625 1399.5 10.221 3628.1 10.496 "" "" 0.0028142319049661423 0.008406053 0.0049142297 0.013320283 338.10054676835 66.93472099377 1148.06531 -6.392000000000001 -5.249000000000001 -4.450279037475586 -4.211720870971679 0.18569624 0.17969623 "" "" 33.34362059258399 "" 6.098077747841267 ""
339.896931533 66.92191995148 0.043 0.0394 10.0093 "" "" 2212796532773718144 920.140808 1.054 0.0503 6.876 -5.417 0.061 0.055 0.999 5211.0 4.5848 16.707363 1.842338 17.615221 15.772883 "" "" 880.055176 965.052734 3908.4212 2.0381 1228.4 7.4827 3890.5 9.9686 "" "" 0.0028128882323682582 0.007178143 0.004692878 0.011871021 339.896931533 66.92191995148 920.140808 6.876000000000001 -5.417000000000001 8.817720962524415 -4.3797208709716795 0.19369625 0.18769625 "" "" 42.94089129009972 "" 8.267142203326808 ""
339.74657316651 67.32354736838 0.0354 0.0347 16.161 "" "" 2224920950573759360 1035.27246 0.9434 0.0383 -1.152 -2.971 0.046 0.044 1.021 4771.7 4.4126 16.708565 1.806311 17.591515 15.785204 "" "" 1001.72174 1075.35144 3904.09786 2.0212 1255.5 8.8392 3846.6 6.191 "" "" 0.00281207126878772 0.008137306 0.004163815 0.012301121 339.74657316651 67.32354736838 1035.27246 -1.1519999999999997 -2.971 0.7897209625244141 -1.9337208709716798 0.17869624 0.17669624 "" "" 10.249965518801972 "" 1.814074932746731 ""
340.15656815267 67.04653017966 0.0422 0.0403 11.9486 "" "" 2212891365655084800 1271.18274 0.7577 0.0471 1.344 11.02 0.063 0.056 1.077 4734.7 4.3071 16.718365 1.726406 17.54854 15.822134 "" "" 1202.00623 1343.41113 3869.02061 2.2348 1306.2 7.4955 3718.0 9.9659 "" "" 0.0028257900395950663 0.0068266257 0.0047700447 0.01159667 340.15656815267 67.04653017966 1271.18274 1.3439999999999999 11.02 3.2857209625244144 12.05727912902832 0.19569623 0.18869624 "" "" 75.29924395751412 "" 14.24574826340867 ""
339.31390021571 67.16174551319 0.0381 0.0368 9.9877 "" "" 2224824296629542272 1203.17285 0.8188 0.0409 -13.229 -4.916 0.058 0.052 0.991 5117.7 4.4472 16.718554 1.706638 17.53325 15.826612 "" "" 1142.82935 1255.00208 3868.34715 1.976 1324.7 8.0698 3702.7 9.7292 "" "" 0.002810583383381031 0.0071785185 0.0047352538 0.011913773 339.31390021571 67.16174551319 1203.17285 -13.228999999999996 -4.916000000000002 -11.287279037475585 -3.87872087097168 0.19069624 0.18469624 "" "" 68.06647147903641 "" 12.937496251373306 ""
339.50815135371 66.46559067064 0.0377 0.0406 35.6357 "" "" 2212730802594086656 1285.7738 0.7456 0.0439 -0.841 8.572 0.048 0.05 1.065 7160.8 4.3368 16.719109 2.120469 17.807539 15.68707 "" "" 1232.46985 1343.43506 3866.37228 2.2843 1029.0 7.0707 4210.5 8.4183 "" "" 0.0028290048226635484 0.007965235 0.0043584397 0.012323675 339.50815135371 66.46559067064 1285.7738 -0.841 8.572000000000001 1.100720962524414 9.60927912902832 0.18069625 0.18269624 "" "" 58.94736813910179 "" 10.767943783655051 ""
341.12780779115 67.35973105706 0.0356 0.0374 38.9255 "" "" 2212926000269445248 1136.33459 0.8606 0.0412 -12.101 -4.811 0.047 0.043 0.975 4737.7 4.4224 16.719408 1.736485 17.559975 15.823489 "" "" 1084.4906 1193.09534 3865.30133 1.9983 1292.5 7.4651 3713.3 9.1643 "" "" 0.002811913340005692 0.0068636104 0.004632901 0.011496511 341.12780779115 67.35973105706 1136.33459 -12.101000000000003 -4.810999999999999 -10.159279037475587 -3.7737208709716796 0.17969623 0.17569624 "" "" 58.37335141477913 "" 10.46143806393549 ""
