Clusters/UBC_177/UBC_177_members.tsv
# %ECSV 1.0
# ---
# datatype:
# - name: RA_ICRS_1
#   unit: deg
#   datatype: float64
#   format: '{:15.11f}'
#   description: Right ascension (ICRS) at Ep=2016.0 (ra)
#   meta: !!omap
#   - {ucd: POS_EQ_RA_MAIN}
#   - {width: 15}
#   - {precision: '11'}
# - name: DE_ICRS_1
#   unit: deg
#   datatype: float64
#   format: '{:15.11f}'
#   description: Declination (ICRS) at Ep=2016.0 (dec)
#   meta: !!omap
#   - {ucd: POS_EQ_DEC_MAIN}
#   - {width: 15}
#   - {precision: '11'}
# - name: e_RA_ICRS
#   unit: mas
#   datatype: float64
#   format: '{:7.4f}'
#   description: Standard error of right ascension (ra_error)
#   meta: !!omap
#   - {ucd: ERROR}
#   - {width: 7}
#   - {precision: '4'}
# - name: e_DE_ICRS
#   unit: mas
#   datatype: float64
#   format: '{:7.4f}'
#   description: Standard error of declination (dec_error)
#   meta: !!omap
#   - {ucd: ERROR}
#   - {width: 7}
#   - {precision: '4'}
# - name: _r_1
#   unit: ''
#   datatype: float64
#   format: '{:7.4f}'
#   description: Distance from center (339.64651653000+67.05700429000)[ICRS], at Epoch=J2016.0
#   meta: !!omap
#   - {ucd: POS_ANG_DIST_GENERAL}
#   - {width: 7}
#   - {precision: '4'}
# - name: HIP
#   datatype: int32
#   description: '? HIP cross-id number, van Leeuwen, Cat. I/311 (hip_original_ext_source_id)'
#   meta: !!omap
#   - {ucd: ID_NUMBER}
#   - {width: 6}
#   - values: {'null': -2147483648}
# - name: TYC2
#   datatype: string
#   description: Tycho-2 cross-id name, Hog et al., Cat. I/259 (tyc2_original_ext_source_id)
#   meta: !!omap
#   - {ucd: ID_CROSSID}
#   - {_votable_string_dtype: char}
# - name: Source
#   datatype: int64
#   description: Source identifier, identical to the Gaia-EDR3 source_id (id)
#   meta: !!omap
#   - {ucd: ID_MAIN}
#   - {width: 19}
# - name: rgeo
#   unit: pc
#   datatype: float64
#   format: '{:15.8f}'
#   description: '? Median of the geometric distance posterior (r_med_geo)'
#   meta: !!omap
#   - {ucd: PHYS_DISTANCE_TRUE}
#   - {width: 15}
#   - {precision: '8'}
#   - values: {'null': .nan}
# - name: Plx
#   unit: mas
#   datatype: float64
#   format: '{:9.4f}'
#   description: '? Parallax (parallax)'
#   meta: !!omap
#   - {ucd: POS_PARLX_TRIG}
#   - {width: 9}
#   - {precision: '4'}
#   - values: {'null': .nan}
# - name: e_Plx
#   unit: mas
#   datatype: float32
#   format: '{:7.4f}'
#   description: '? Standard error of parallax (parallax_error)'
#   meta: !!omap
#   - {ucd: ERROR}
#   - {width: 7}
#   - {precision: '4'}
#   - values: {'null': .nan}
# - name: pmRA
#   unit: mas / yr
#   datatype: float64
#   format: '{:9.3f}'
#   description: '? Proper motion in right ascension direction, pmRA*cosDE (pmra)'
#   meta: !!omap
#   - {ucd: POS_EQ_PMRA}
#   - {width: 9}
#   - {precision: '3'}
#   - values: {'null': .nan}
# - name: pmDE
#   unit: mas / yr
#   datatype: float64
#   format: '{:9.3f}'
#   description: '? Proper motion in declination direction (pmdec)'
#   meta: !!omap
#   - {ucd: POS_EQ_PMDEC}
#   - {width: 9}
#   - {precision: '3'}
#   - values: {'null': .nan}
# - name: e_pmRA
#   unit: mas / yr
#   datatype: float32
#   format: '{:6.3f}'
#   description: '? Standard error of proper motion in right ascension direction (pmra_error)'
#   meta: !!omap
#   - {ucd: ERROR}
#   - {width: 6}
#   - {precision: '3'}
#   - values: {'null': .nan}
# - name: e_pmDE
[...]
#       distance: !astropy.table.SerializedColumn
#         __class__: astropy.coordinates.distances.Distance
#         unit: !astropy.units.Unit {unit: pc}
#         value: !astropy.table.SerializedColumn {name: SkyCoord.distance}
#       frame: icrs
#       obstime: !astropy.time.Time {format: jyear_str, in_subfmt: '*', jd1: 367701545.0, jd2: 0.0, out_subfmt: '*', precision: 3, scale: tt}
#       pm_dec: !astropy.table.SerializedColumn
#         __class__: astropy.units.quantity.Quantity
#         unit: !astropy.units.Unit {unit: mas / yr}
#         value: !astropy.table.SerializedColumn {name: SkyCoord.pm_dec}
#       pm_ra_cosdec: !astropy.table.SerializedColumn
#         __class__: astropy.units.quantity.Quantity
#         unit: !astropy.units.Unit {unit: mas / yr}
#         value: !astropy.table.SerializedColumn {name: SkyCoord.pm_ra_cosdec}
#       ra: !astropy.table.SerializedColumn
#         __class__: astropy.coordinates.angles.Longitude
#         unit: *id001
#         value: !astropy.table.SerializedColumn {name: SkyCoord.ra}
#         wrap_angle: !astropy.coordinates.Angle
#           unit: *id001
#           value: 360.0
#       representation_type: spherical
# schema: astropy-2.0
RA_ICRS_1 DE_ICRS_1 e_RA_ICRS e_DE_ICRS _r_1 HIP TYC2 Source rgeo Plx e_Plx pmRA pmDE e_pmRA e_pmDE RUWE Teff logg Gmag BP-RP BPmag RPmag RV e_RV b_rgeo B_rgeo FG e_FG FBP e_FBP FRP e_FRP RAVE5 RAVE6 e_Gmag e_BPmag e_RPmag e_BP-RP SkyCoord.ra SkyCoord.dec SkyCoord.distance SkyCoord.pm_ra_cosdec SkyCoord.pm_dec rmRA rmDE e_rmRA e_rmDE rRV e_rRV v_pec v_pec3d e_vpec e_vpec3d Pmemb
[from data line 32]
338.99289046447 67.23957459232 0.0336 0.0345 18.7602 "" "" 2224840102109143296 1093.76611 0.8771 0.036 -1.815 -1.228 0.045 0.046 0.983 5587.8 4.4472 16.366613 1.668428 17.16279 15.494362 "" "" 1057.9386 1132.88745 5349.35575 5.5699 1863.4 12.533 5028.2 17.1 "" "" 0.0029782239105262767 0.007817415 0.0052837003 0.013101115 338.99289046447 67.23957459232 1093.76611 -1.8149999999999995 -1.2279999999999993 0.12672096252441412 -0.19072087097167967 0.17769624 0.17869624 "" "" 1.1871448715703343 "" 0.2117754579695525 "" 0.8
339.23229967603 67.28613188768 0.031 0.0312 16.7919 "" "" 2224841991894762880 1105.11377 0.8879 0.0336 -1.944 -1.177 0.044 0.048 1.02 5682.0 4.4772 16.372202 1.605085 17.121784 15.516699 "" "" 1060.2594 1146.93152 5321.89366 6.1967 1935.1 11.459 4925.8 18.223 "" "" 0.003031503217851006 0.007008687 0.0055152024 0.01252389 339.23229967603 67.28613188768 1105.11377 -1.9440000000000006 -1.1769999999999996 -0.0022790374755858878 -0.13972087097167973 0.17669624 0.18069625 "" "" 0.7319887103403492 "" 0.13226684408525388 "" 0.96
339.73000665848 67.27443414075 0.0377 0.0377 13.1898 "" "" 2224920194659527424 1146.88025 0.854 0.0414 -2.15 -1.206 0.051 0.049 1.256 7490.0 4.2055 16.433765 1.770219 17.277523 15.507304 "" "" 1109.47644 1191.66492 5028.52354 5.0198 1676.5 8.5459 4968.6 14.707 "" "" 0.0029608319771274394 0.0061980453 0.0049610506 0.011159096 339.73000665848 67.27443414075 1146.88025 -2.1500000000000004 -1.2059999999999997 -0.20827903747558585 -0.16872087097167965 0.18369624 0.18169624 "" "" 1.4571370528505305 "" 0.2665197316655298 "" 0.92
339.67291484004 67.01588728841 0.0394 0.04 2.5432 "" "" 2212810585906688512 1117.65039 0.8725 0.0457 -1.859 -1.07 0.061 0.054 1.016 5101.6 4.4381 16.661812 1.681987 17.454132 15.772145 "" "" 1069.87866 1169.38269 4075.88749 3.4766 1424.8 11.829 3893.1 12.342 "" "" 0.0029067931652564712 0.009435972 0.005111876 0.014547848 339.67291484004 67.01588728841 1117.65039 -1.8590000000000002 -1.07 0.08272096252441408 -0.03272087097167975 0.19369625 0.18669625 "" "" 0.4712661351248997 "" 0.09084316487919342 "" 0.95
339.74078902258 66.84259883793 0.0462 0.0472 13.0536 "" "" 2212792925001191936 1092.37598 0.9031 0.0531 -1.893 -1.035 0.062 0.063 1.038 5118.5 4.3799 16.702396 1.912787 17.656284 15.743497 "" "" 1023.2605 1153.51965 3926.34086 4.0873 1182.8 9.2739 3997.2 15.213 "" "" 0.0029781276752944043 0.008958449 0.0055999076 0.014558356 339.74078902258 66.84259883793 1092.37598 -1.8929999999999993 -1.0350000000000004 0.048720962524414047 0.0022791290283203924 0.19469625 0.19569623 "" "" 0.252546297902694 "" 0.04917036938658642 "" 0.93
339.57071467694 67.09711687631 0.0421 0.0399 2.9884 "" "" 2212814605996058624 1123.91467 0.881 0.0449 -1.672 -0.873 0.062 0.055 1.097 4844.6 4.3446 16.728374 1.758973 17.56055 15.801578 "" "" 1072.35254 1180.23425 3833.51273 4.7414 1291.8 9.2985 3789.0 17.472 "" "" 0.003065140973702312 0.008298368 0.0062729344 0.014571303 339.57071467694 67.09711687631 1123.91467 -1.672 -0.8729999999999999 0.26972096252441413 0.16427912902832031 0.19469625 0.18769625 "" "" 1.6824412082865785 "" 0.3244204465141112 "" 0.9
339.06588224004 66.81322893417 0.0418 0.038 20.0053 "" "" 2212801407559010944 1115.03479 0.8634 0.0458 -2.017 -1.127 0.054 0.047 1.007 6688.8 4.35 16.752258 2.243853 17.926872 15.68302 "" "" 1060.05469 1175.06714 3750.10437 2.0308 921.87 8.756 4226.2 13.459 "" "" 0.002817354596494411 0.010683208 0.005122441 0.015805649 339.06588224004 66.81322893417 1115.03479 -2.016999999999999 -1.1270000000000002 -0.07527903747558584 -0.08972087097167969 0.18669625 0.17969623 "" "" 0.6190028647317247 "" 0.11304276248480949 "" 0.93
339.37511314528 67.03628393932 0.0447 0.0396 6.4711 "" "" 2212812922368877696 1101.65918 0.8846 0.0465 -1.929 -0.645 0.069 0.054 0.959 4875.3 4.3297 16.78757 1.713366 17.608019 15.894653 "" "" 1049.32458 1173.12573 3630.09702 4.1806 1236.5 11.235 3477.7 13.868 "" "" 0.0030257658190471033 0.010252124 0.0057470873 0.015999211 339.37511314528 67.03628393932 1101.65918 -1.9290000000000014 -0.6450000000000002 0.012720962524414015 0.3922791290283203 0.20169625 0.18669625 "" "" 2.049505241249255 "" 0.3826685259844658 "" 0.82
339.54164757909 67.0907342611 0.0451 0.0426 3.1786 "" "" 2212814605996058112 1027.59924 0.9401 0.0487 -2.019 -1.008 0.07 0.06 1.098 5071.8 4.5292 16.829771 2.073643 17.795994 15.722351 "" "" 988.258972 1085.63464 3491.71252 5.657 1040.0 12.305 4075.8 38.871 "" "" 0.0032689384325296942 0.013145657 0.0110228555 0.024168514 339.54164757909 67.0907342611 1027.59924 -2.019 -1.008 -0.07727903747558607 0.029279129028320305 0.20269623 0.19269624 "" "" 0.4025230484052063 "" 0.08109559568618399 "" 0.83
339.95680604757 67.32955531086 0.0414 0.0429 17.8745 "" "" 2224921496031326464 1148.65027 0.8529 0.0461 -2.1 -0.987 0.052 0.05 1.048 5718.6 4.5423 16.912775 1.870371 17.824976 15.954605 "" "" 1094.36853 1206.49475 3234.7202 4.5089 1012.6 9.9282 3290.9 13.003 "" "" 0.0031435992181657354 0.01100486 0.0057172966 0.016722156 339.95680604757 67.32955531086 1148.65027 -2.1 -0.987 -0.15827903747558603 0.050279129028320324 0.18469624 0.18269624 "" "" 0.9042014867214495 "" 0.16683767520206136 "" 0.87
339.87723134632 67.10002422586 0.0468 0.0447 5.9774 "" "" 2212904800310383232 1256.26501 0.7749 0.0509 -1.852 -1.04 0.068 0.057 1.061 6750.9 4.3483 16.991053 1.97912 17.967945 15.988825 "" "" 1170.33472 1348.12061 3009.71804 3.1932 887.64 8.9129 3188.8 13.257 "" "" 0.0029864231437248165 0.011253391 0.0058871144 0.017140506 339.87723134632 67.10002422586 1256.26501 -1.8519999999999996 -1.04 0.08972096252441397 -0.002720870971679723 0.20069624 0.18969624 "" "" 0.5345066831192901 "" 0.10726822980641866 "" 0.88
