Clusters/UBC_177/UBC_177_stars_in_region.tsv
# %ECSV 1.0
# ---
# datatype:
# - name: RA_ICRS_1
#   unit: deg
#   datatype: float64
#   format: '{:15.11f}'
#   description: Right ascension (ICRS) at Ep=2016.0 (ra)
#   meta: !!omap
#   - {ucd: POS_EQ_RA_MAIN}
#   - {width: 15}
#   - {precision: '11'}
# - name: DE_ICRS_1
#   unit: deg
#   datatype: float64
#   format: '{:15.11f}'
#   description: Declination (ICRS) at Ep=2016.0 (dec)
#   meta: !!omap
#   - {ucd: POS_EQ_DEC_MAIN}
#   - {width: 15}
#   - {precision: '11'}
# - name: e_RA_ICRS
#   unit: mas
#   datatype: float64
#   format: '{:7.4f}'
#   description: Standard error of right ascension (ra_error)
#   meta: !!omap
#   - {ucd: ERROR}
#   - {width: 7}
#   - {precision: '4'}
# - name: e_DE_ICRS
#   unit: mas
#   datatype: float64
#   format: '{:7.4f}'
#   description: Standard error of declination (dec_error)
#   meta: !!omap
#   - {ucd: ERROR}
#   - {width: 7}
#   - {precision: '4'}
# - name: _r_1
#   unit: ''
#   datatype: float64
#   format: '{:7.4f}'
#   description: Distance from center (339.64651653000+67.05700429000)[ICRS], at Epoch=J2016.0
#   meta: !!omap
#   - {ucd: POS_ANG_DIST_GENERAL}
#   - {width: 7}
#   - {precision: '4'}
# - name: HIP
#   datatype: int32
#   description: '? HIP cross-id number, van Leeuwen, Cat. I/311 (hip_original_ext_source_id)'
#   meta: !!omap
#   - {ucd: ID_NUMBER}
#   - {width: 6}
#   - values: {'null': -2147483648}
# - name: TYC2
#   datatype: string
#   description: Tycho-2 cross-id name, Hog et al., Cat. I/259 (tyc2_original_ext_source_id)
#   meta: !!omap
#   - {ucd: ID_CROSSID}
#   - {_votable_string_dtype: char}
# - name: Source
#   datatype: int64
#   description: Source identifier, identical to the Gaia-EDR3 source_id (id)
#   meta: !!omap
#   - {ucd: ID_MAIN}
#   - {width: 19}
# - name: rgeo
#   unit: pc
#   datatype: float64
#   format: '{:15.8f}'
#   description: '? Median of the geometric distance posterior (r_med_geo)'
#   meta: !!omap
#   - {ucd: PHYS_DISTANCE_TRUE}
#   - {width: 15}
#   - {precision: '8'}
#   - values: {'null': .nan}
# - name: Plx
#   unit: mas
#   datatype: float64
#   format: '{:9.4f}'
#   description: '? Parallax (parallax)'
#   meta: !!omap
#   - {ucd: POS_PARLX_TRIG}
#   - {width: 9}
#   - {precision: '4'}
#   - values: {'null': .nan}
# - name: e_Plx
#   unit: mas
#   datatype: float32
#   format: '{:7.4f}'
#   description: '? Standard error of parallax (parallax_error)'
#   meta: !!omap
#   - {ucd: ERROR}
#   - {width: 7}
#   - {precision: '4'}
#   - values: {'null': .nan}
# - name: pmRA
#   unit: mas / yr
#   datatype: float64
#   format: '{:9.3f}'
#   description: '? Proper motion in right ascension direction, pmRA*cosDE (pmra)'
#   meta: !!omap
#   - {ucd: POS_EQ_PMRA}
#   - {width: 9}
#   - {precision: '3'}
#   - values: {'null': .nan}
# - name: pmDE
#   unit: mas / yr
#   datatype: float64
#   format: '{:9.3f}'
#   description: '? Proper motion in declination direction (pmdec)'
#   meta: !!omap
#   - {ucd: POS_EQ_PMDEC}
#   - {width: 9}
#   - {precision: '3'}
#   - values: {'null': .nan}
# - name: e_pmRA
#   unit: mas / yr
#   datatype: float32
#   format: '{:6.3f}'
#   description: '? Standard error of proper motion in right ascension direction (pmra_error)'
#   meta: !!omap
#   - {ucd: ERROR}
#   - {width: 6}
#   - {precision: '3'}
#   - values: {'null': .nan}
# - name: e_pmDE
[...]
#         value: !astropy.table.SerializedColumn {name: SkyCoord.dec}
#       distance: !astropy.table.SerializedColumn
#         __class__: astropy.coordinates.distances.Distance
#         unit: !astropy.units.Unit {unit: pc}
#         value: !astropy.table.SerializedColumn {name: SkyCoord.distance}
#       frame: icrs
#       obstime: !astropy.time.Time {format: jyear_str, in_subfmt: '*', jd1: 367701545.0, jd2: 0.0, out_subfmt: '*', precision: 3, scale: tt}
#       pm_dec: !astropy.table.SerializedColumn
#         __class__: astropy.units.quantity.Quantity
#         unit: !astropy.units.Unit {unit: mas / yr}
#         value: !astropy.table.SerializedColumn {name: SkyCoord.pm_dec}
#       pm_ra_cosdec: !astropy.table.SerializedColumn
#         __class__: astropy.units.quantity.Quantity
#         unit: !astropy.units.Unit {unit: mas / yr}
#         value: !astropy.table.SerializedColumn {name: SkyCoord.pm_ra_cosdec}
#       ra: !astropy.table.SerializedColumn
#         __class__: astropy.coordinates.angles.Longitude
#         unit: *id001
#         value: !astropy.table.SerializedColumn {name: SkyCoord.ra}
#         wrap_angle: !astropy.coordinates.Angle
#           unit: *id001
#           value: 360.0
#       representation_type: spherical
# schema: astropy-2.0
RA_ICRS_1 DE_ICRS_1 e_RA_ICRS e_DE_ICRS _r_1 HIP TYC2 Source rgeo Plx e_Plx pmRA pmDE e_pmRA e_pmDE RUWE Teff logg Gmag BP-RP BPmag RPmag RV e_RV b_rgeo B_rgeo FG e_FG FBP e_FBP FRP e_FRP RAVE5 RAVE6 e_Gmag e_BPmag e_RPmag e_BP-RP SkyCoord.ra SkyCoord.dec SkyCoord.distance SkyCoord.pm_ra_cosdec SkyCoord.pm_dec rmRA rmDE e_rmRA e_rmDE rRV e_rRV v_pec v_pec3d e_vpec e_vpec3d
[from data line 345]
340.70163084218 67.31432279199 0.0173 0.0174 28.9981 "" "" 2212914558477111808 964.174988 1.0123 0.0191 -6.636 -5.157 0.023 0.022 1.03 5518.2 4.2423 15.137411 1.302554 15.706631 14.404077 "" "" 950.063049 980.335327 16595.19812 4.2262 7124.7 11.087 13725.0 15.949 "" "" 0.0027691588105195 0.0032618456 0.0039844117 0.0072462573 340.70163084218 67.31432279199 964.174988 -6.636 -5.156999999999999 -4.694279037475586 -4.11972087097168 0.15569624 0.15469624 "" "" 28.543881191627495 "" 4.431778507616785 ""
340.42914734836 66.74189924314 0.0188 0.0179 26.3982 "" "" 2212835393639109376 956.206238 1.0215 0.0206 -4.003 -2.15 0.024 0.024 0.976 6873.5 4.3023 15.143076 1.5147 15.838528 14.323828 "" "" 940.949463 971.72821 16508.82739 4.6842 6309.7 11.019 14778.0 13.719 "" "" 0.002772488761929607 0.0033734532 0.003911477 0.00728493 340.42914734836 66.74189924314 956.206238 -4.003 -2.149999999999999 -2.061279037475586 -1.1127208709716796 0.15669625 0.15669625 "" "" 10.616910261728478 "" 1.6636299723033605 ""
340.68784634044 66.54200630622 0.0169 0.0179 39.5039 "" "" 2212630128561858304 1038.84705 0.9276 0.0192 3.326 0.18 0.024 0.024 0.992 6944.1 4.1683 15.149557 1.784214 16.009495 14.225281 -54.84 7.47 1018.57019 1059.53223 16410.58447 5.0949 5390.4 15.153 16183.0 20.562 "" "" 0.0027758627255216233 0.004135275 0.004023285 0.00815856 340.68784634044 66.54200630622 1038.84705 3.325999999999996 0.18000000000000066 5.267720962524415 1.2172791290283203 0.15669625 0.15669625 "" "" 26.6225228458887 "" 4.171649364354786 ""
339.70560086405 67.28133722611 0.0168 0.0171 13.5301 "" "" 2224920263378998784 1107.18591 0.8752 0.0185 0.873 -0.384 0.022 0.022 1.013 7447.8 4.1416 15.150131 1.523211 15.848002 14.324792 "" "" 1085.94299 1133.66321 16401.90661 4.5725 6254.8 13.815 14765.0 14.201 "" "" 0.0027718954859246186 0.0036791011 0.003920996 0.007600097 339.70560086405 67.28133722611 1107.18591 0.873 -0.3840000000000001 2.8147209625244143 0.6532791290283203 0.15469624 0.15469624 "" "" 15.164470362581016 "" 2.3458865621680145 ""
338.56962929125 66.63644250079 0.021 0.0195 35.8065 "" "" 2212775401534097152 952.217163 1.0227 0.0226 -2.521 -4.314 0.027 0.024 1.224 6734.0 4.0025 15.153084 1.76657 15.997461 14.230891 -49.41 6.35 932.260742 971.067505 16357.36265 5.7483 5450.5 16.737 16099.0 14.445 "" "" 0.0027816126836154777 0.004347482 0.0039029182 0.0082504 338.56962929125 66.63644250079 952.217163 -2.521000000000002 -4.314000000000001 -0.5792790374755858 -3.2767208709716797 0.15969624 0.15669625 "" "" 15.01884318049784 "" 2.3547744872985263 ""
341.0106760193 67.09191264111 0.0196 0.0181 31.9513 "" "" 2212849034455172608 1375.92517 0.7052 0.0205 -6.394 -3.132 0.027 0.021 0.99 5748.5 4.0261 15.157742 1.459428 15.822174 14.362746 "" "" 1336.44177 1411.67297 16287.33212 3.9582 6405.4 9.8568 14258.0 10.464 "" "" 0.002767925401063343 0.0032521512 0.0038624678 0.007114619 341.0106760193 67.09191264111 1375.92517 -6.393999999999997 -3.1319999999999975 -4.452279037475586 -2.09472087097168 0.15969624 0.15369624 "" "" 32.09048857829903 "" 5.090374813564427 ""
338.17862212867 66.79366760931 0.0208 0.0192 37.9618 "" "" 2224789146616284928 1308.47571 0.7388 0.0224 -4.98 -0.315 0.028 0.026 1.079 "" "" 15.162689 1.769072 16.017366 14.248295 -43.42 5.07 1277.84729 1338.02173 16213.2913 5.2024 5351.4 13.727 15843.0 13.13 "" "" 0.0027772576546845574 0.0039422754 0.003885021 0.007827297 338.17862212867 66.79366760931 1308.47571 -4.98 -0.31500000000000006 -3.0382790374755864 0.7222791290283204 0.16069624 0.15869623 "" "" 19.369091873554737 "" 3.110480272946612 ""
338.99159736618 66.78476160878 0.0187 0.017 22.4518 "" "" 2212801240057615616 988.445374 0.977 0.0203 2.01 -4.512 0.025 0.022 1.024 6851.0 4.0631 15.163314 1.828039 16.053234 14.225195 -54.43 4.9 968.549133 1009.72638 16203.95711 4.4105 5177.5 11.109 16184.0 11.58 "" "" 0.0027711230860258166 0.0036348356 0.0038584 0.0074932356 338.99159736618 66.78476160878 988.445374 2.0099999999999976 -4.512000000000001 3.951720962524414 -3.4747208709716793 0.15769625 0.15469624 "" "" 24.654193286848418 "" 3.855797944582248 ""
340.48631870698 66.75034004692 0.0195 0.0185 27.0043 "" "" 2212835359279376384 1060.20898 0.9172 0.0212 2.227 -4.098 0.025 0.023 0.948 7280.3 4.3436 15.175166 1.407707 15.806685 14.398978 "" "" 1038.94702 1080.72791 16028.03561 4.2619 6497.4 11.966 13790.0 10.886 "" "" 0.002770403810439339 0.0034326776 0.0038753499 0.0073080277 340.48631870698 66.75034004692 1060.20898 2.2269999999999976 -4.097999999999999 4.168720962524414 -3.0607208709716796 0.15769625 0.15569624 "" "" 25.989698609966208 "" 4.080347189954226 ""
338.12715297296 66.75259543961 0.02 0.0187 40.1521 "" "" 2224788734299432448 1219.38489 0.7935 0.0215 -8.472 -7.044 0.026 0.024 0.993 6837.1 4.2268 15.17521 1.392033 15.797924 14.405891 "" "" 1180.6488 1255.10071 16027.39058 4.4986 6550.1 12.903 13703.0 13.221 "" "" 0.002772121910695501 0.0035156005 0.003921872 0.007437472 338.12715297296 66.75259543961 1219.38489 -8.472000000000008 -7.044000000000009 -6.5302790374755855 -6.006720870971679 0.15869623 0.15669625 "" "" 51.28332169283534 "" 8.091624179909738 ""
338.90212494805 67.00812968254 0.019 0.0185 17.6729 "" "" 2224816943645115392 1153.55371 0.84 0.0211 13.299 4.634 0.025 0.022 1.026 5146.8 3.6682 15.177486 1.834763 16.076777 14.242014 3.21 5.82 1130.40613 1185.83704 15993.81515 5.0979 5066.5 11.827 15935.0 17.333 "" "" 0.002776968420948932 0.0037694424 0.003959604 0.0077290465 338.90212494805 67.00812968254 1153.55371 13.299 4.634 15.240720962524414 5.671279129028321 0.15769625 0.15469624 "" "" 88.91646435440842 "" 13.989620437310837 ""
339.64956070154 67.59262456243 0.0171 0.0173 32.1373 "" "" 2224942013093296512 1332.18054 0.7272 0.0191 -3.29 -1.477 0.023 0.022 1.012 7683.0 3.9599 15.178588 1.55256 15.895384 14.342824 "" "" 1298.30225 1361.84924 15977.60565 4.0291 5987.7 10.272 14522.0 11.135 "" "" 0.002768889925874525 0.0033547461 0.0038699866 0.007224733 339.64956070154 67.59262456243 1332.18054 -3.2899999999999987 -1.476999999999999 -1.348279037475586 -0.4397208709716798 0.15569624 0.15469624 "" "" 8.955095549089002 "" 1.3934163039876462 ""
340.6685442687 66.71155845039 0.0189 0.0189 31.7667 "" "" 2212822779315667712 1075.70801 0.9056 0.021 -10.336 -1.864 0.024 0.023 1.064 6664.4 4.2486 15.181467 1.510398 15.852681 14.342283 "" "" 1049.45593 1104.70996 15935.28794 4.5094 6227.9 10.983 14529.0 14.242 "" "" 0.002772397547325753 0.0033839582 0.0039263773 0.0073103355 340.6685442687 66.71155845039 1075.70801 -10.33600000000001 -1.8640000000000039 -8.394279037475586 -0.8267208709716798 0.15669625 0.15569624 "" "" 43.00829484639631 "" 6.73882646123688 ""
340.92379516165 66.62355954068 0.0221 0.0222 39.8085 "" "" 2212636622552407040 1368.91992 0.7104 0.0253 -9.028 -6.323 0.029 0.028 1.288 7617.3 4.2584 15.185865 1.630915 15.951207 14.320292 -60.68 5.84 1318.74878 1417.46606 15870.85941 4.1805 5687.7 10.449 14827.0 11.647 "" "" 0.0027701227675838848 0.00342981 0.0038744188 0.007304229 340.92379516165 66.62355954068 1368.91992 -9.027999999999999 -6.322999999999996 -7.086279037475586 -5.28572087097168 0.16169624 0.16069624 "" "" 57.363089521936885 "" 9.25493033374639 ""
338.54627323541 66.69582997647 0.0192 0.0169 33.7884 "" "" 2212778700069227648 1192.29944 0.8085 0.0203 -3.592 -1.782 0.024 0.021 1.025 "" "" 15.18757 2.105839 16.255356 14.149517 "" "" 1170.22192 1218.18298 15845.97087 5.052 4298.1 7.8472 17352.0 18.278 "" "" 0.002776978875862184 0.003422636 0.003948636 0.007371272 338.54627323541 66.69582997647 1192.29944 -3.5920000000000027 -1.7820000000000022 -1.650279037475586 -0.7447208709716797 0.15669625 0.15369624 "" "" 10.23222658457065 "" 1.5981993482558674 ""
338.46619872578 66.9727597599 0.0196 0.0193 28.112 "" "" 2224818902150162816 950.318848 1.0255 0.0213 0.395 -1.202 0.027 0.024 1.008 7366.5 4.2681 15.188123 1.530952 15.888519 14.357567 "" "" 926.651123 970.893005 15837.9063 4.2379 6025.7 15.271 14326.0 15.014 "" "" 0.0027705941124978456 0.0039187134 0.00394696 0.007865673 338.46619872578 66.9727597599 950.318848 0.3950000000000003 -1.202000000000001 2.336720962524414 -0.16472087097167964 0.15969624 0.15669625 "" "" 10.551905856699193 "" 1.6849445894019712 ""
338.16898300587 67.32648745694 0.0193 0.0196 37.9783 "" "" 2224888480620192256 970.083557 0.9994 0.0212 -3.307 -4.146 0.026 0.023 1.024 6750.9 4.3422 15.188172 1.383909 15.803332 14.419423 "" "" 953.041687 987.985107 15837.17888 4.161 6517.5 19.892 13533.0 18.804 "" "" 0.002770047635926023 0.004331984 0.004069357 0.008401342 338.16898300587 67.32648745694 970.083557 -3.3069999999999973 -4.145999999999999 -1.3652790374755859 -3.1087208709716796 0.15869623 0.15569624 "" "" 15.612302627714136 "" 2.438410886628474 ""
338.66685373881 66.97654483905 0.0209 0.0198 23.4532 "" "" 2224818386754110464 1004.00244 0.9691 0.0226 -8.885 -7.365 0.027 0.024 0.971 5914.0 4.1208 15.189331 1.510881 15.822247 14.311367 "" "" 984.019897 1023.42297 15820.27904 5.5099 6405.0 113.7 14949.0 144.91 "" "" 0.0027811472640956875 0.019474635 0.011182729 0.030657364 338.66685373881 66.97654483905 1004.00244 -8.885 -7.365 -6.943279037475586 -6.32772087097168 0.15969624 0.15669625 "" "" 44.706270084269875 "" 7.078886330998533 ""
339.32307661963 67.64994319439 0.0206 0.0195 36.3525 "" "" 2224990735204012288 1119.88672 0.8592 0.0218 2.03 1.761 0.026 0.026 0.986 "" "" 15.189377 1.606036 15.939194 14.333158 55.43 11.62 1095.96777 1150.9502 15819.61481 4.7272 5750.9 11.976 14652.0 14.51 "" "" 0.0027743557348349217 0.003591262 0.0039293524 0.007520614 339.32307661963 67.64994319439 1119.88672 2.03 1.7610000000000001 3.971720962524414 2.7982791290283204 0.15869623 0.15869623 "" "" 25.790147552587932 "" 4.092799296734444 ""
340.31684829582 66.66641946763 0.0183 0.019 28.266 "" "" 2212821855902965760 1184.57397 0.811 0.0206 -1.574 1.58 0.026 0.025 1.003 7159.5 3.988 15.197058 1.712213 16.009947 14.297734 -17.99 7.27 1157.84448 1220.28845 15708.10495 4.1098 5388.1 11.901 15138.0 11.787 "" "" 0.0027699248379760787 0.0036791384 0.0038727792 0.007551918 340.31684829582 66.66641946763 1184.57397 -1.5739999999999994 1.5799999999999985 0.367720962524414 2.6172791290283204 0.15869623 0.15769625 "" "" 14.840044224911516 "" 2.3405074353807525 ""
340.24653497413 66.84437267084 0.0311 0.028 19.0114 "" "" 2212839310649216512 1000.56525 0.9823 0.0344 2.651 -8.922 0.042 0.036 1.512 7188.9 4.3435 15.199453 1.518267 15.884725 14.366458 "" "" 968.002563 1032.69666 15673.47947 5.5944 6046.8 13.525 14209.0 13.265 "" "" 0.002782440258517482 0.0036990002 0.0039129425 0.0076119425 340.24653497413 66.84437267084 1000.56525 2.6509999999999976 -8.921999999999983 4.592720962524414 -7.88472087097168 0.17469624 0.16869624 "" "" 43.27598279109422 "" 7.367140830705781 ""
338.74774820445 67.17966922437 0.0196 0.0195 22.222 "" "" 2224833711197358464 1001.72559 0.9726 0.0208 7.295 -3.301 0.027 0.023 0.981 6463.1 4.0422 15.199642 1.707565 16.01663 14.309065 -53.53 7.49 985.33075 1020.37756 15670.75861 4.6599 5355.1 21.298 14981.0 21.187 "" "" 0.002774171294755449 0.005141136 0.004079402 0.009220538 338.74774820445 67.17966922437 1001.72559 7.295 -3.3010000000000015 9.236720962524414 -2.26372087097168 0.15969624 0.15569624 "" "" 45.15552120691778 "" 7.201053790945055 ""
339.85531121496 66.97957089537 0.0198 0.0189 6.7461 "" "" 2212797838443767808 1143.93347 0.8489 0.0235 0.76 -3.396 0.029 0.026 0.964 7058.2 4.2618 15.205134 1.520781 15.903014 14.382234 "" "" 1117.42432 1178.73914 15591.68837 4.3994 5945.8 13.459 14004.0 9.7837 "" "" 0.002772299162080676 0.0037182362 0.0038547504 0.0075729867 339.85531121496 66.97957089537 1143.93347 0.7600000000000016 -3.3959999999999986 2.701720962524414 -2.3587208709716796 0.16169624 0.15869623 "" "" 19.446788249068348 "" 3.1193724862198597 ""
338.43407795493 66.77131207309 0.0198 0.0176 33.278 "" "" 2224789387134970368 921.241821 1.0639 0.0217 -4.997 -3.129 0.026 0.022 1.048 5755.2 4.3252 15.206415 1.305974 15.783325 14.477351 "" "" 905.24762 940.727234 15573.29698 6.1402 6638.8 18.6 12830.0 17.416 "" "" 0.0027883764120294513 0.00412775 0.004056586 0.008184336 338.43407795493 66.77131207309 921.241821 -4.9969999999999954 -3.1290000000000036 -3.055279037475586 -2.0917208709716797 0.15869623 0.15469624 "" "" 16.168552052621582 "" 2.5454273380958075 ""
340.70233225603 67.23194322637 0.0186 0.0181 26.7501 "" "" 2212900917660003456 1028.65186 0.9511 0.0208 4.422 -4.407 0.024 0.022 0.935 5323.6 4.1961 15.2202 1.362506 15.827762 14.465256 "" "" 1006.30621 1052.64258 15376.8317 3.977 6372.5 14.348 12973.0 9.7876 "" "" 0.00276959271858255 0.0037095905 0.0038671338 0.0075767245 340.70233225603 67.23194322637 1028.65186 4.422 -4.406999999999999 6.363720962524414 -3.3697208709716797 0.15669625 0.15469624 "" "" 35.10988117142594 "" 5.48628600445625 ""
340.91966114773 66.92995454255 0.0233 0.0199 30.8127 "" "" 2212842952781539072 1194.63318 0.8118 0.0236 -12.64 5.798 0.028 0.023 0.998 6478.4 4.1509 15.221219 1.481859 15.897487 14.415627 "" "" 1157.56238 1229.69714 15362.40652 4.4482 5976.2 9.2135 13580.0 10.083 "" "" 0.002773197011790122 0.003253754 0.0038644017 0.0071181557 340.91966114773 66.92995454255 1194.63318 -12.639999999999995 5.797999999999997 -10.698279037475587 6.83527912902832 0.16069624 0.15569624 "" "" 71.88871098074526 "" 11.449211863625512 ""
339.39501459789 67.03815901832 0.021 0.019 5.9923 "" "" 2212812922368878976 1113.6991 0.873 0.022 -4.725 -2.887 0.031 0.025 1.036 6638.2 4.2385 15.221254 1.459257 15.883497 14.42424 "" "" 1087.19604 1137.31433 15361.90916 3.9757 6053.7 10.486 13473.0 11.514 "" "" 0.0027696110659353223 0.0033648147 0.003891615 0.0072564296 339.39501459789 67.03815901832 1113.6991 -4.725 -2.8869999999999996 -2.7832790374755856 -1.8497208709716797 0.16369624 0.15769625 "" "" 17.641521654214646 "" 2.8558397426239543 ""
339.66621737911 67.61162515528 0.0173 0.0169 33.2804 "" "" 2224942769007536512 1129.60303 0.853 0.019 -1.969 -1.074 0.022 0.022 0.974 7927.8 4.2571 15.222453 1.487129 15.900042 14.412912 "" "" 1106.15381 1157.99939 15344.9483 3.8884 5962.1 10.179 13614.0 8.9943 "" "" 0.0027690220446094276 0.0033497917 0.0038468505 0.0071966425 339.66621737911 67.61162515528 1129.60303 -1.9690000000000003 -1.0739999999999996 -0.02727903747558602 -0.03672087097167975 0.15469624 0.15469624 "" "" 0.24493114129635876 "" 0.03788992686756841 ""
338.26535846272 67.45589589503 0.019 0.0197 39.9891 "" "" 2224902052717210752 1006.83893 0.9681 0.0211 2.616 4.664 0.025 0.023 1.035 6425.6 4.2822 15.224587 1.43338 15.874477 14.441097 "" "" 987.38446 1029.60339 15314.81739 4.1687 6104.2 10.397 13265.0 15.249 "" "" 0.002771124689732135 0.003347372 0.003980144 0.0073275156 338.26535846272 67.45589589503 1006.83893 2.615999999999998 4.664000000000006 4.557720962524414 5.70127912902832 0.15769625 0.15569624 "" "" 34.83452308513531 "" 5.450874248837032 ""
339.63667853609 67.33924938691 0.0203 0.0203 16.9363 "" "" 2224923768072294016 1225.33862 0.7846 0.0223 1.466 -1.418 0.027 0.025 1.164 6339.0 3.9601 15.224902 1.714019 16.0442 14.330182 -23.66 6.9 1189.58765 1254.27979 15310.3797 3.9293 5220.8 14.464 14692.0 13.378 "" "" 0.0027693741646961675 0.0041028066 0.003906548 0.008009355 339.63667853609 67.33924938691 1225.33862 1.4660000000000002 -1.4179999999999997 3.4077209625244143 -0.3807208709716796 0.15969624 0.15769625 "" "" 19.91554298998578 "" 3.1799492547851247 ""
338.61789546283 66.81025083013 0.0249 0.0227 28.3526 "" "" 2212803713958734848 1108.72717 0.8786 0.0273 -2.066 -1.041 0.033 0.028 1.422 8171.5 4.216 15.233603 1.602471 15.97881 14.376339 "" "" 1075.71545 1140.83655 15188.16324 3.7586 5544.9 10.748 14081.0 10.476 "" "" 0.0027683897130618943 0.0034948762 0.00386474 0.0073596165 338.61789546283 66.81025083013 1108.72717 -2.0660000000000007 -1.0409999999999986 -0.12427903747558577 -0.003720870971679613 0.16569623 0.16069624 "" "" 0.6534245882250329 "" 0.1082671112936472 ""
