Clusters/UBC_177/UBC_177_members.tsv
# %ECSV 1.0
# ---
# datatype:
# - name: RA_ICRS_1
#   unit: deg
#   datatype: float64
#   format: '{:15.11f}'
#   description: Right ascension (ICRS) at Ep=2016.0 (ra)
#   meta: !!omap
#   - {ucd: POS_EQ_RA_MAIN}
#   - {width: 15}
#   - {precision: '11'}
# - name: DE_ICRS_1
#   unit: deg
#   datatype: float64
#   format: '{:15.11f}'
#   description: Declination (ICRS) at Ep=2016.0 (dec)
#   meta: !!omap
#   - {ucd: POS_EQ_DEC_MAIN}
#   - {width: 15}
#   - {precision: '11'}
# - name: e_RA_ICRS
#   unit: mas
#   datatype: float64
#   format: '{:7.4f}'
#   description: Standard error of right ascension (ra_error)
#   meta: !!omap
#   - {ucd: ERROR}
#   - {width: 7}
#   - {precision: '4'}
# - name: e_DE_ICRS
#   unit: mas
#   datatype: float64
#   format: '{:7.4f}'
#   description: Standard error of declination (dec_error)
#   meta: !!omap
#   - {ucd: ERROR}
#   - {width: 7}
#   - {precision: '4'}
# - name: _r_1
#   unit: ''
#   datatype: float64
#   format: '{:7.4f}'
#   description: Distance from center (339.64651653000+67.05700429000)[ICRS], at Epoch=J2016.0
#   meta: !!omap
#   - {ucd: POS_ANG_DIST_GENERAL}
#   - {width: 7}
#   - {precision: '4'}
# - name: HIP
#   datatype: int32
#   description: '? HIP cross-id number, van Leeuwen, Cat. I/311 (hip_original_ext_source_id)'
#   meta: !!omap
#   - {ucd: ID_NUMBER}
#   - {width: 6}
#   - values: {'null': -2147483648}
# - name: TYC2
#   datatype: string
#   description: Tycho-2 cross-id name, Hog et al., Cat. I/259 (tyc2_original_ext_source_id)
#   meta: !!omap
#   - {ucd: ID_CROSSID}
#   - {_votable_string_dtype: char}
# - name: Source
#   datatype: int64
#   description: Source identifier, identical to the Gaia-EDR3 source_id (id)
#   meta: !!omap
#   - {ucd: ID_MAIN}
#   - {width: 19}
# - name: rgeo
#   unit: pc
#   datatype: float64
#   format: '{:15.8f}'
#   description: '? Median of the geometric distance posterior (r_med_geo)'
#   meta: !!omap
#   - {ucd: PHYS_DISTANCE_TRUE}
#   - {width: 15}
#   - {precision: '8'}
#   - values: {'null': .nan}
# - name: Plx
#   unit: mas
#   datatype: float64
#   format: '{:9.4f}'
#   description: '? Parallax (parallax)'
#   meta: !!omap
#   - {ucd: POS_PARLX_TRIG}
#   - {width: 9}
#   - {precision: '4'}
#   - values: {'null': .nan}
# - name: e_Plx
#   unit: mas
#   datatype: float32
#   format: '{:7.4f}'
#   description: '? Standard error of parallax (parallax_error)'
#   meta: !!omap
#   - {ucd: ERROR}
#   - {width: 7}
#   - {precision: '4'}
#   - values: {'null': .nan}
# - name: pmRA
#   unit: mas / yr
#   datatype: float64
#   format: '{:9.3f}'
#   description: '? Proper motion in right ascension direction, pmRA*cosDE (pmra)'
#   meta: !!omap
#   - {ucd: POS_EQ_PMRA}
#   - {width: 9}
#   - {precision: '3'}
#   - values: {'null': .nan}
# - name: pmDE
#   unit: mas / yr
#   datatype: float64
#   format: '{:9.3f}'
#   description: '? Proper motion in declination direction (pmdec)'
#   meta: !!omap
#   - {ucd: POS_EQ_PMDEC}
#   - {width: 9}
#   - {precision: '3'}
#   - values: {'null': .nan}
# - name: e_pmRA
#   unit: mas / yr
#   datatype: float32
#   format: '{:6.3f}'
#   description: '? Standard error of proper motion in right ascension direction (pmra_error)'
#   meta: !!omap
#   - {ucd: ERROR}
#   - {width: 6}
#   - {precision: '3'}
#   - values: {'null': .nan}
# - name: e_pmDE
[...]
#       distance: !astropy.table.SerializedColumn
#         __class__: astropy.coordinates.distances.Distance
#         unit: !astropy.units.Unit {unit: pc}
#         value: !astropy.table.SerializedColumn {name: SkyCoord.distance}
#       frame: icrs
#       obstime: !astropy.time.Time {format: jyear_str, in_subfmt: '*', jd1: 367701545.0, jd2: 0.0, out_subfmt: '*', precision: 3, scale: tt}
#       pm_dec: !astropy.table.SerializedColumn
#         __class__: astropy.units.quantity.Quantity
#         unit: !astropy.units.Unit {unit: mas / yr}
#         value: !astropy.table.SerializedColumn {name: SkyCoord.pm_dec}
#       pm_ra_cosdec: !astropy.table.SerializedColumn
#         __class__: astropy.units.quantity.Quantity
#         unit: !astropy.units.Unit {unit: mas / yr}
#         value: !astropy.table.SerializedColumn {name: SkyCoord.pm_ra_cosdec}
#       ra: !astropy.table.SerializedColumn
#         __class__: astropy.coordinates.angles.Longitude
#         unit: *id001
#         value: !astropy.table.SerializedColumn {name: SkyCoord.ra}
#         wrap_angle: !astropy.coordinates.Angle
#           unit: *id001
#           value: 360.0
#       representation_type: spherical
# schema: astropy-2.0
RA_ICRS_1 DE_ICRS_1 e_RA_ICRS e_DE_ICRS _r_1 HIP TYC2 Source rgeo Plx e_Plx pmRA pmDE e_pmRA e_pmDE RUWE Teff logg Gmag BP-RP BPmag RPmag RV e_RV b_rgeo B_rgeo FG e_FG FBP e_FBP FRP e_FRP RAVE5 RAVE6 e_Gmag e_BPmag e_RPmag e_BP-RP SkyCoord.ra SkyCoord.dec SkyCoord.distance SkyCoord.pm_ra_cosdec SkyCoord.pm_dec rmRA rmDE e_rmRA e_rmDE rRV e_rRV v_pec v_pec3d e_vpec e_vpec3d Pmemb
340.61825236273 66.98088945353 0.0106 0.0097 23.2168 "" 4277-820-1 2212847483970702720 1116.3291 0.8541 0.0114 -1.855 -1.095 0.014 0.012 0.885 "" "" 11.845517 0.723888 12.120357 11.396468 "" "" 1102.21375 1130.97644 344143.88162 54.61 193760.0 110.99 219060.0 56.662 "" "" 0.0027607014963338078 0.0028586448 0.0037898016 0.0066484464 340.61825236273 66.98088945353 1116.3291 -1.855 -1.095 0.08672096252441408 -0.05772087097167966 0.14669624 0.14469624 "" "" 0.5512263477949528 "" 0.08052597766970566 "" 0.95
339.63925956554 67.08844513155 0.0115 0.0116 1.8941 "" "" 2212814193679203456 1149.14758 0.8543 0.0129 -1.973 -1.15 0.017 0.016 1.016 "" "" 12.916201 0.829959 13.241869 12.41191 "" "" 1132.96582 1167.96436 128370.86219 26.41 68971.0 50.349 85979.0 40.804 "" "" 0.002764359579002796 0.0029005597 0.0038143455 0.006714905 339.63925956554 67.08844513155 1149.14758 -1.9730000000000012 -1.1500000000000012 -0.031279037475586025 -0.1127208709716796 0.14969625 0.14869624 "" "" 0.6371865488928391 "" 0.0947929449562068 "" 0.97
339.79015577106 67.11391035944 0.0087 0.0086 4.7873 "" "" 2212907927046559104 1152.3302 0.8429 0.0097 -1.932 -1.008 0.013 0.011 1.028 "" "" 13.06873 1.069257 13.510479 12.441222 "" "" 1137.19922 1169.34985 111546.16921 19.64 53855.0 38.043 83689.0 32.731 "" "" 0.0027619438668935116 0.0028936614 0.0038031621 0.0066968235 339.79015577106 67.11391035944 1152.3302 -1.932 -1.008 0.009720962524414123 0.029279129028320305 0.14569624 0.14369625 "" "" 0.16850781166247655 "" 0.02424761066117696 "" 0.98
339.03826117794 67.00147865537 0.0098 0.01 14.6271 "" "" 2224816359529582208 1135.97192 0.8541 0.0111 -1.993 -1.097 0.014 0.013 0.982 "" "" 13.465792 0.972783 13.860367 12.887584 "" "" 1124.26355 1148.10181 77380.25651 10.967 39018.0 26.212 55478.0 31.094 "" "" 0.0027596138203849086 0.002883931 0.0038280585 0.0067119896 339.03826117794 67.00147865537 1135.97192 -1.9930000000000005 -1.0969999999999986 -0.05127903747558604 -0.05972087097167966 0.14669624 0.14569624 "" "" 0.4238438852751775 "" 0.06193268698050802 "" 0.97
339.6635292006 67.07076594355 0.0102 0.0099 0.9165 "" "" 2212813918801300480 1145.95483 0.8463 0.0111 -1.693 -0.854 0.015 0.014 1.025 "" "" 13.475323 1.006615 13.888359 12.881744 "" "" 1130.10925 1160.40161 76703.90411 12.573 38025.0 24.382 55778.0 24.058 "" "" 0.0027610618560245646 0.0028757125 0.0038082842 0.006683997 339.6635292006 67.07076594355 1145.95483 -1.6929999999999998 -0.8539999999999999 0.248720962524414 0.18327912902832033 0.14769624 0.14669624 "" "" 1.6781912135451573 "" 0.2472732561340233 "" 0.94
339.71728354945 66.961492904 0.0109 0.0111 5.9658 "" "" 2212797735364548736 1122.00781 0.866 0.0128 -1.887 -1.147 0.016 0.015 1.011 "" "" 13.632858 0.967343 14.025578 13.058234 "" "" 1104.6925 1138.45959 66344.26163 12.416 33511.0 29.352 47409.0 28.74 "" "" 0.0027628021355225003 0.0029477829 0.0038362662 0.006784049 339.71728354945 66.961492904 1122.00781 -1.8869999999999998 -1.1469999999999994 0.05472096252441405 -0.10972087097167971 0.14869624 0.14769624 "" "" 0.6520754049653232 "" 0.09643932327629176 "" 0.95
339.29941342134 67.13637913047 0.0111 0.0108 9.4007 "" "" 2224823987392023552 1097.06091 0.8816 0.0119 -1.98 -1.056 0.017 0.015 0.985 7851.3 4.0655 13.851402 1.198557 14.366865 13.168308 "" "" 1081.47095 1111.09058 54248.26906 17.724 24472.0 32.282 42839.0 43.843 "" "" 0.002778061211930701 0.0031362963 0.003939347 0.007075643 339.29941342134 67.13637913047 1097.06091 -1.98 -1.056 -0.03827903747558592 -0.018720870971679737 0.14969625 0.14769624 "" "" 0.22158369130295782 "" 0.033085170191129415 "" 0.97
339.04438684124 67.12247467092 0.0158 0.0158 14.6024 "" "" 2224826667451476352 1148.5907 0.8459 0.0173 -1.808 -1.074 0.024 0.022 1.609 10016.7 4.0938 13.999941 1.06537 14.397273 13.331903 "" "" 1124.60828 1171.51709 47311.90566 12.641 23796.0 105.63 36847.0 141.97 "" "" 0.0027705491498882843 0.0055689523 0.005637704 0.011206657 339.04438684124 67.12247467092 1148.5907 -1.808 -1.0739999999999996 0.133720962524414 -0.03672087097167975 0.15669625 0.15469624 "" "" 0.7549706996014893 "" 0.11819582263546578 "" 0.9
339.2671337413 66.79513463103 0.0205 0.0189 18.0682 "" "" 2212789042350518784 1140.49548 0.8513 0.0218 -2.065 -1.06 0.024 0.023 1.577 "" "" 14.038921 1.356976 14.636772 13.279797 "" "" 1116.45142 1169.4281 45643.42418 8.8435 19086.0 28.068 38658.0 31.039 "" "" 0.0027633389547738097 0.0032147272 0.003878618 0.007093345 339.2671337413 66.79513463103 1140.49548 -2.064999999999999 -1.0599999999999998 -0.12327903747558588 -0.02272087097167974 0.15669625 0.15569624 "" "" 0.6776644740589355 "" 0.1061652844165696 "" 0.81
339.73009677596 67.04370717586 0.0132 0.0125 2.1119 "" "" 2212810787769300096 1135.05945 0.8546 0.0146 -1.922 -0.966 0.02 0.017 0.959 9274.0 4.1065 14.173551 1.112005 14.641751 13.529746 "" "" 1117.66528 1153.66772 40320.55075 7.1311 18998.0 20.225 30709.0 22.168 "" "" 0.0027620033359675943 0.0030201091 0.0038597945 0.0068799034 339.73009677596 67.04370717586 1135.05945 -1.9219999999999995 -0.966000000000001 0.019720962524414132 0.07127912902832034 0.15269624 0.14969625 "" "" 0.3979018411162829 "" 0.059650078508043276 "" 0.98
339.83270467386 67.17015151604 0.0123 0.0121 8.06 "" "" 2212908408082881792 1132.81812 0.8569 0.0136 -1.94 -1.009 0.018 0.016 1.017 9499.9 4.2527 14.180039 1.062999 14.621257 13.558258 "" "" 1112.89648 1150.26794 40080.31119 7.9561 19360.0 24.548 29913.0 20.77 "" "" 0.002763736516384124 0.0031113203 0.0038538368 0.006965157 339.83270467386 67.17015151604 1132.81812 -1.9400000000000004 -1.0090000000000012 0.0017209625244141158 0.028279129028320416 0.15069625 0.14869624 "" "" 0.15212734109130327 "" 0.0226218943633329 "" 0.98
339.62275525267 67.05463605904 0.0131 0.0129 0.5737 "" "" 2212813884441562368 1123.74219 0.8652 0.0148 -2.008 -1.13 0.02 0.018 0.993 7996.6 4.1082 14.253984 1.149062 14.742581 13.593519 "" "" 1107.1532 1143.72864 37441.47514 7.2094 17313.0 15.548 28957.0 22.408 "" "" 0.002763240017803669 0.0029556334 0.0038716448 0.006827278 339.62275525267 67.05463605904 1123.74219 -2.008 -1.13 -0.06627903747558594 -0.09272087097167958 0.15269624 0.15069625 "" "" 0.6070867941513352 "" 0.09189809749301195 "" 0.97
339.97442773508 67.07191663388 0.0139 0.0138 7.7191 "" "" 2212904113115640064 1127.63245 0.8609 0.0164 -1.99 -0.989 0.02 0.017 1.048 7499.0 3.8048 14.262546 1.448987 14.916728 13.467741 "" "" 1106.76025 1149.01746 37147.40315 7.9977 14748.0 18.789 32513.0 24.774 "" "" 0.0027652180422041575 0.0031142216 0.0038688697 0.006983091 339.97442773508 67.07191663388 1127.63245 -1.9899999999999998 -0.9889999999999992 -0.04827903747558593 0.04827912902832032 0.15269624 0.14969625 "" "" 0.3649386990473606 "" 0.05518007389403807 "" 0.97
339.78309589194 66.68683337562 0.0143 0.0148 22.4423 "" "" 2212744061155536000 1142.89807 0.8506 0.0167 -1.912 -0.921 0.018 0.019 1.113 "" "" 14.282903 1.547427 14.991916 13.444489 "" "" 1123.44348 1166.04675 36457.39958 9.188 13761.0 14.895 33217.0 26.584 "" "" 0.0027688736619961396 0.003027567 0.0038779846 0.0069055515 339.78309589194 66.68683337562 1142.89807 -1.912 -0.9209999999999999 0.02972096252441414 0.11627912902832027 0.15069625 0.15169623 "" "" 0.6501745746028542 "" 0.09858928699621489 "" 0.98
340.55844913808 67.09593704332 0.0146 0.0144 21.4394 "" "" 2212896107296672000 1117.54785 0.8699 0.0163 -1.768 -0.824 0.021 0.018 1.088 6892.7 4.1063 14.400573 1.213513 14.922437 13.708923 "" "" 1096.66785 1135.48047 32712.80556 7.6595 14670.0 15.021 26037.0 19.622 "" "" 0.0027670230193053338 0.0030034906 0.0038669407 0.0068704314 340.55844913808 67.09593704332 1117.54785 -1.768 -0.824 0.17372096252441405 0.21327912902832036 0.15369624 0.15069625 "" "" 1.4571276899747416 "" 0.22133750080982711 "" 0.89
339.15041801415 66.93174955564 0.0152 0.0142 13.8495 "" "" 2212805530727707776 1132.07458 0.8539 0.0168 -2.023 -1.0 0.021 0.018 1.045 7870.7 4.123 14.60404 1.234037 15.137671 13.903634 "" "" 1107.85718 1155.21973 27122.5505 7.6376 12032.0 17.092 21762.0 18.615 "" "" 0.0027722311724129546 0.0031880797 0.00389182 0.0070799 339.15041801415 66.93174955564 1132.07458 -2.0229999999999997 -1.0 -0.08127903747558607 0.03727912902832031 0.15369624 0.15069625 "" "" 0.4798330865770095 "" 0.07350037601365257 "" 0.97
338.92090418163 67.05634941072 0.0184 0.0173 16.9715 "" "" 2224817596480130176 1109.453 0.8776 0.0204 -1.909 -1.104 0.025 0.021 1.004 8145.9 4.2383 15.011589 1.455709 15.667017 14.211308 "" "" 1086.17297 1136.51318 18634.21799 11.322 7389.4 23.427 16392.0 40.617 "" "" 0.0028331913155014046 0.0044309767 0.004639119 0.009070096 338.92090418163 67.05634941072 1109.453 -1.9090000000000003 -1.1040000000000012 0.03272096252441403 -0.06672087097167978 0.15769625 0.15369624 "" "" 0.39079469951777157 "" 0.06036990575129168 "" 0.97
339.84474280135 67.34860494048 0.0165 0.018 18.0928 "" "" 2224921019293713536 1130.94397 0.8593 0.0188 -1.882 -1.038 0.023 0.023 0.978 6653.5 4.0579 15.05561 1.343598 15.64775 14.304152 "" "" 1105.22986 1158.08899 17893.80884 4.7876 7521.7 18.24 15049.0 11.749 "" "" 0.0027705914578694682 0.0038362965 0.0038732726 0.0077095693 339.84474280135 67.34860494048 1130.94397 -1.8820000000000001 -1.038 0.05972096252441417 -0.0007208709716797213 0.15569624 0.15569624 "" "" 0.32016795780171464 "" 0.049848948173986066 "" 0.97
339.12027351405 67.01465745019 0.0201 0.0184 12.5782 "" "" 2224822200685108992 1036.00708 0.9402 0.0214 -2.254 -0.975 0.027 0.024 1.032 6894.9 4.2186 15.113784 1.49088 15.79293 14.30205 "" "" 1016.21948 1057.95837 16960.29191 7.0311 6580.3 12.861 15078.0 19.411 "" "" 0.0027918424543105775 0.0035054383 0.0040295688 0.007535007 339.12027351405 67.01465745019 1036.00708 -2.254 -0.9749999999999995 -0.31227903747558594 0.062279129028320335 0.15969624 0.15669625 "" "" 1.5636997844732285 "" 0.24953914639248725 "" 0.87
339.3972294907 67.18381942951 0.0179 0.017 9.5767 "" "" 2224825602299601920 1150.32263 0.8456 0.019 -2.033 -1.093 0.026 0.023 1.063 7487.9 4.0912 15.117043 1.487332 15.795032 14.307699 "" "" 1116.99341 1183.18738 16909.45675 4.5042 6567.6 11.466 15000.0 12.795 "" "" 0.002770456901733811 0.0033731384 0.0038912017 0.0072643403 339.3972294907 67.18381942951 1150.32263 -2.033 -1.093 -0.09127903747558586 -0.05572087097167966 0.15869623 0.15569624 "" "" 0.5831065970659496 "" 0.092065206269053 "" 0.97
339.73915906052 67.03966057 0.0208 0.0208 2.4044 "" "" 2212810723345641472 1066.68054 0.9089 0.0237 -2.146 -0.95 0.031 0.029 1.025 7712.2 4.228 15.339726 1.610889 16.09077 14.479881 "" "" 1040.08032 1096.67883 13773.87457 5.9849 5001.6 12.453 12800.0 15.594 "" "" 0.0027954160592891576 0.0038849341 0.0040041665 0.0078891 339.73915906052 67.03966057 1066.68054 -2.1460000000000012 -0.9499999999999998 -0.20427903747558585 0.08727912902832036 0.16369624 0.16169624 "" "" 1.1231702882279841 "" 0.18351379065997522 "" 0.92
340.42657858327 66.95175273008 0.0224 0.0199 19.3441 "" "" 2212841715830880000 1124.54895 0.8673 0.025 -1.929 -1.057 0.029 0.025 0.92 7138.3 4.3104 15.454179 1.453682 16.112019 14.658337 "" "" 1094.05554 1160.02417 12395.81698 3.8599 4904.7 10.921 10860.0 10.688 "" "" 0.0027759846013116454 0.0036918237 0.0039275317 0.0076193553 340.42657858327 66.95175273008 1124.54895 -1.928999999999999 -1.057 0.012720962524414015 -0.019720870971679627 0.16169624 0.15769625 "" "" 0.12509164304206147 "" 0.019874812284172153 "" 0.96
339.34050344902 67.1508573791 0.024 0.0235 9.0961 "" "" 2224824021751639168 1084.49426 0.8965 0.026 -2.03 -1.108 0.035 0.031 1.07 7476.7 4.3272 15.60124 1.623203 16.35589 14.732687 "" "" 1050.54248 1113.83142 10825.57025 3.47 3918.0 11.201 10141.0 8.8892 "" "" 0.002777212028188823 0.0041736844 0.0038973691 0.008071054 339.34050344902 67.1508573791 1084.49426 -2.03 -1.108 -0.08827903747558574 -0.07072087097167978 0.16769624 0.16369624 "" "" 0.5814594938137769 "" 0.09660606354896502 "" 0.97
339.72300280664 67.07018489684 0.0237 0.0221 1.9555 "" "" 2212811066943019264 1158.78455 0.8406 0.0257 -1.868 -1.004 0.034 0.03 0.956 7616.4 4.2208 15.670954 1.590218 16.409405 14.819186 "" "" 1127.36218 1194.19531 10152.3169 3.451 3729.5 10.568 9364.5 10.325 "" "" 0.0027799279047878885 0.00415335 0.003964438 0.008117788 339.72300280664 67.07018489684 1158.78455 -1.8680000000000003 -1.004 0.07372096252441396 0.03327912902832031 0.16669625 0.16269624 "" "" 0.4442686070924349 "" 0.07376009142967326 "" 0.87
339.17920374399 66.9556174985 0.0268 0.0237 12.5287 "" "" 2212811479259620352 1173.47522 0.8197 0.0289 -1.974 -1.012 0.036 0.03 1.039 6264.0 4.2378 15.793107 1.587493 16.532135 14.944642 "" "" 1134.32483 1212.58484 9072.01611 4.3768 3330.9 11.164 8342.6 16.061 "" "" 0.002804669430132241 0.004585564 0.0043188906 0.008904455 339.17920374399 66.9556174985 1173.47522 -1.9739999999999998 -1.0120000000000005 -0.032279037475585914 0.025279129028320302 0.16869624 0.16269624 "" "" 0.22805118164883273 "" 0.03795701614939125 "" 0.97
339.49467780823 66.88999187822 0.0311 0.0274 10.6355 "" "" 2212807424810540416 1136.18054 0.8494 0.0344 -2.129 -1.087 0.044 0.036 0.946 5668.9 4.2867 15.922922 1.668637 16.71296 15.044322 "" "" 1097.28015 1179.13586 8049.66624 9.4752 2819.9 16.289 7610.8 28.75 "" "" 0.003037285490698278 0.0068643447 0.0055772024 0.012441548 339.49467780823 66.88999187822 1136.18054 -2.129 -1.087 -0.18727903747558594 -0.049720870971679654 0.17669624 0.16869624 "" "" 1.04353069812587 "" 0.1838499255666893 "" 0.92
339.86306731634 66.92069154475 0.0298 0.028 9.6275 "" "" 2212796498413978368 1157.22791 0.8532 0.0343 -1.919 -1.043 0.043 0.04 1.003 6766.6 4.3455 15.962331 1.71914 16.781849 15.062709 "" "" 1115.35803 1207.91846 7762.72557 4.0655 2646.5 9.2819 7483.0 13.37 "" "" 0.0028133824673172766 0.004720742 0.00424817 0.008968912 339.86306731634 66.92069154475 1157.22791 -1.9190000000000003 -1.043 0.022720962524414023 -0.005720870971679615 0.17569624 0.17269623 "" "" 0.12852030450549007 "" 0.022557732547834764 "" 0.96
339.95648271087 66.9917588521 0.0329 0.0311 8.2478 "" "" 2212891537451429248 1107.21948 0.8744 0.0374 -1.996 -1.051 0.045 0.04 1.027 5054.1 4.2415 16.213177 1.753743 17.047464 15.293721 "" "" 1066.34399 1153.05847 6161.35505 12.409 2072.2 20.053 6048.8 43.125 "" "" 0.0035175773886855625 0.0108710015 0.008614131 0.019485133 339.95648271087 66.9917588521 1107.21948 -1.9960000000000022 -1.051 -0.054279037475585934 -0.013720870971679622 0.17769624 0.17269623 "" "" 0.2938289266283314 "" 0.05212522550873953 "" 0.92
339.91757434987 66.85050654714 0.0351 0.0334 13.9299 "" "" 2212793131159705728 1001.60718 0.9824 0.0384 -1.961 -1.082 0.05 0.053 1.023 6357.2 4.3265 16.227629 1.994278 17.230984 15.236706 "" "" 967.038269 1037.75793 6079.88703 6.0457 1749.9 10.666 6374.9 20.824 "" "" 0.002959289213904229 0.0071819304 0.005182882 0.012364812 339.91757434987 66.85050654714 1001.60718 -1.961 -1.082 -0.019279037475586014 -0.04472087097167976 0.18269624 0.18569624 "" "" 0.23120644338227359 "" 0.04282620679212227 "" 0.94
339.2937965176 67.24380351232 0.0307 0.0303 13.8979 "" "" 2224829897266873984 1065.39429 0.9121 0.0332 -2.034 -1.14 0.042 0.044 1.073 5059.8 4.271 16.28619 1.704036 17.083082 15.379046 "" "" 1024.70837 1104.68689 5760.63502 5.0844 2005.3 18.002 5591.6 16.428 "" "" 0.0029172067467313407 0.01013838 0.0049456037 0.015083984 339.2937965176 67.24380351232 1065.39429 -2.0340000000000003 -1.140000000000001 -0.09227903747558575 -0.10272087097167959 0.17469624 0.17669624 "" "" 0.6973163818184225 "" 0.12259229246840099 "" 0.86
339.65244703077 67.00847657569 0.0331 0.032 2.915 "" "" 2212810207949566720 1125.70654 0.867 0.037 -1.938 -1.02 0.05 0.045 1.002 5733.8 4.4563 16.300234 1.617891 17.059618 15.441727 "" "" 1077.23364 1179.81287 5686.6056 5.1909 2049.1 10.017 5278.0 15.24 "" "" 0.0029281482535465316 0.005996311 0.004910403 0.010906714 339.65244703077 67.00847657569 1125.70654 -1.9380000000000006 -1.0200000000000014 0.0037209625244141176 0.017279129028320295 0.18269624 0.17769624 "" "" 0.09431237439337181 "" 0.016780133896649105 "" 0.95
