Clusters/UBC_177/UBC_177_stars_in_region.tsv
# %ECSV 1.0
# ---
# datatype:
# - name: RA_ICRS_1
#   unit: deg
#   datatype: float64
#   format: '{:15.11f}'
#   description: Right ascension (ICRS) at Ep=2016.0 (ra)
#   meta: !!omap
#   - {ucd: POS_EQ_RA_MAIN}
#   - {width: 15}
#   - {precision: '11'}
# - name: DE_ICRS_1
#   unit: deg
#   datatype: float64
#   format: '{:15.11f}'
#   description: Declination (ICRS) at Ep=2016.0 (dec)
#   meta: !!omap
#   - {ucd: POS_EQ_DEC_MAIN}
#   - {width: 15}
#   - {precision: '11'}
# - name: e_RA_ICRS
#   unit: mas
#   datatype: float64
#   format: '{:7.4f}'
#   description: Standard error of right ascension (ra_error)
#   meta: !!omap
#   - {ucd: ERROR}
#   - {width: 7}
#   - {precision: '4'}
# - name: e_DE_ICRS
#   unit: mas
#   datatype: float64
#   format: '{:7.4f}'
#   description: Standard error of declination (dec_error)
#   meta: !!omap
#   - {ucd: ERROR}
#   - {width: 7}
#   - {precision: '4'}
# - name: _r_1
#   unit: ''
#   datatype: float64
#   format: '{:7.4f}'
#   description: Distance from center (339.64651653000+67.05700429000)[ICRS], at Epoch=J2016.0
#   meta: !!omap
#   - {ucd: POS_ANG_DIST_GENERAL}
#   - {width: 7}
#   - {precision: '4'}
# - name: HIP
#   datatype: int32
#   description: '? HIP cross-id number, van Leeuwen, Cat. I/311 (hip_original_ext_source_id)'
#   meta: !!omap
#   - {ucd: ID_NUMBER}
#   - {width: 6}
#   - values: {'null': -2147483648}
# - name: TYC2
#   datatype: string
#   description: Tycho-2 cross-id name, Hog et al., Cat. I/259 (tyc2_original_ext_source_id)
#   meta: !!omap
#   - {ucd: ID_CROSSID}
#   - {_votable_string_dtype: char}
# - name: Source
#   datatype: int64
#   description: Source identifier, identical to the Gaia-EDR3 source_id (id)
#   meta: !!omap
#   - {ucd: ID_MAIN}
#   - {width: 19}
# - name: rgeo
#   unit: pc
#   datatype: float64
#   format: '{:15.8f}'
#   description: '? Median of the geometric distance posterior (r_med_geo)'
#   meta: !!omap
#   - {ucd: PHYS_DISTANCE_TRUE}
#   - {width: 15}
#   - {precision: '8'}
#   - values: {'null': .nan}
# - name: Plx
#   unit: mas
#   datatype: float64
#   format: '{:9.4f}'
#   description: '? Parallax (parallax)'
#   meta: !!omap
#   - {ucd: POS_PARLX_TRIG}
#   - {width: 9}
#   - {precision: '4'}
#   - values: {'null': .nan}
# - name: e_Plx
#   unit: mas
#   datatype: float32
#   format: '{:7.4f}'
#   description: '? Standard error of parallax (parallax_error)'
#   meta: !!omap
#   - {ucd: ERROR}
#   - {width: 7}
#   - {precision: '4'}
#   - values: {'null': .nan}
# - name: pmRA
#   unit: mas / yr
#   datatype: float64
#   format: '{:9.3f}'
#   description: '? Proper motion in right ascension direction, pmRA*cosDE (pmra)'
#   meta: !!omap
#   - {ucd: POS_EQ_PMRA}
#   - {width: 9}
#   - {precision: '3'}
#   - values: {'null': .nan}
# - name: pmDE
#   unit: mas / yr
#   datatype: float64
#   format: '{:9.3f}'
#   description: '? Proper motion in declination direction (pmdec)'
#   meta: !!omap
#   - {ucd: POS_EQ_PMDEC}
#   - {width: 9}
#   - {precision: '3'}
#   - values: {'null': .nan}
# - name: e_pmRA
#   unit: mas / yr
#   datatype: float32
#   format: '{:6.3f}'
#   description: '? Standard error of proper motion in right ascension direction (pmra_error)'
#   meta: !!omap
#   - {ucd: ERROR}
#   - {width: 6}
#   - {precision: '3'}
#   - values: {'null': .nan}
# - name: e_pmDE
[...]
#         value: !astropy.table.SerializedColumn {name: SkyCoord.dec}
#       distance: !astropy.table.SerializedColumn
#         __class__: astropy.coordinates.distances.Distance
#         unit: !astropy.units.Unit {unit: pc}
#         value: !astropy.table.SerializedColumn {name: SkyCoord.distance}
#       frame: icrs
#       obstime: !astropy.time.Time {format: jyear_str, in_subfmt: '*', jd1: 367701545.0, jd2: 0.0, out_subfmt: '*', precision: 3, scale: tt}
#       pm_dec: !astropy.table.SerializedColumn
#         __class__: astropy.units.quantity.Quantity
#         unit: !astropy.units.Unit {unit: mas / yr}
#         value: !astropy.table.SerializedColumn {name: SkyCoord.pm_dec}
#       pm_ra_cosdec: !astropy.table.SerializedColumn
#         __class__: astropy.units.quantity.Quantity
#         unit: !astropy.units.Unit {unit: mas / yr}
#         value: !astropy.table.SerializedColumn {name: SkyCoord.pm_ra_cosdec}
#       ra: !astropy.table.SerializedColumn
#         __class__: astropy.coordinates.angles.Longitude
#         unit: *id001
#         value: !astropy.table.SerializedColumn {name: SkyCoord.ra}
#         wrap_angle: !astropy.coordinates.Angle
#           unit: *id001
#           value: 360.0
#       representation_type: spherical
# schema: astropy-2.0
RA_ICRS_1 DE_ICRS_1 e_RA_ICRS e_DE_ICRS _r_1 HIP TYC2 Source rgeo Plx e_Plx pmRA pmDE e_pmRA e_pmDE RUWE Teff logg Gmag BP-RP BPmag RPmag RV e_RV b_rgeo B_rgeo FG e_FG FBP e_FBP FRP e_FRP RAVE5 RAVE6 e_Gmag e_BPmag e_RPmag e_BP-RP SkyCoord.ra SkyCoord.dec SkyCoord.distance SkyCoord.pm_ra_cosdec SkyCoord.pm_dec rmRA rmDE e_rmRA e_rmDE rRV e_rRV v_pec v_pec3d e_vpec e_vpec3d
[from data line 314]
340.82189325821 66.9082914325 0.0219 0.0204 28.9822 "" "" 2212842815342580480 1178.2196 0.8265 0.0231 -3.565 -1.379 0.028 0.024 0.963 7375.7 4.1793 15.03324 1.410145 15.661983 14.251839 -12.86 8.63 1149.63696 1206.61487 18266.29611 5.8091 7423.8 10.79 15791.0 19.181 "" "" 0.0027768712342366247 0.0032055068 0.004002876 0.0072083827 340.82189325821 66.9082914325 1178.2196 -3.565 -1.379 -1.6232790374755859 -0.3417208709716797 0.16069624 0.15669625 "" "" 9.264322144107155 "" 1.4871879535097123 ""
340.74818630266 67.13455349058 0.0177 0.0162 26.1427 "" "" 2212896485253803904 991.396973 0.9783 0.0191 -0.918 -2.456 0.024 0.02 1.025 6483.9 4.29 15.034617 1.360874 15.64178 14.280906 "" "" 972.85791 1010.79034 18243.14671 4.2625 7563.2 10.455 15374.0 14.562 "" "" 0.0027669737523248164 0.003168226 0.003916799 0.0070850253 340.74818630266 67.13455349058 991.396973 -0.9179999999999997 -2.4560000000000013 1.023720962524414 -1.4187208709716796 0.15669625 0.15269624 "" "" 8.221319530635093 "" 1.266720569792051 ""
338.1418570897 67.26263459788 0.0177 0.0191 37.1505 "" "" 2224861680024285440 1269.37451 0.7679 0.0198 2.519 2.714 0.023 0.022 0.96 7164.5 4.2604 15.035619 1.30813 15.609581 14.301451 "" "" 1243.46045 1304.55566 18226.33246 4.4525 7790.8 18.056 15086.0 10.495 "" "" 0.002768056789327915 0.00375724 0.00385412 0.00761136 338.1418570897 67.26263459788 1269.37451 2.5189999999999997 2.7139999999999973 4.460720962524414 3.7512791290283203 0.15569624 0.15469624 "" "" 35.06846023356505 "" 5.445527798936675 ""
339.31618360479 67.13521068556 0.019 0.0182 9.0288 "" "" 2224823987391902208 1202.18909 0.81 0.0206 -2.128 -3.453 0.028 0.024 1.075 7429.2 4.0837 15.036649 1.354492 15.63717 14.282678 "" "" 1176.94434 1231.97607 18209.04632 4.8007 7595.4 15.455 15349.0 14.373 "" "" 0.002770149278363052 0.003558902 0.0039137453 0.0074726474 339.31618360479 67.13521068556 1202.18909 -2.128 -3.4530000000000007 -0.18627903747558605 -2.4157208709716795 0.16069624 0.15669625 "" "" 13.80655215530936 "" 2.163765462085932 ""
340.42479134227 66.74248899015 0.018 0.0174 26.3011 "" "" 2212835393639108352 933.060791 1.0413 0.0199 -4.09 -2.109 0.023 0.023 0.931 7059.0 4.3138 15.043376 1.530297 15.749328 14.21903 -15.65 6.87 914.913025 949.613464 18096.57272 4.9986 6849.9 13.546 16276.0 13.953 "" "" 0.0027715932904201156 0.0035206622 0.0038923088 0.007412971 340.42479134227 66.74248899015 933.060791 -4.09 -2.109 -2.148279037475586 -1.0717208709716797 0.15569624 0.15569624 "" "" 10.617897541527379 "" 1.6531667562813745 ""
338.21988790756 67.44661284206 0.0177 0.0189 40.5202 "" "" 2224901945341282688 1155.94458 0.8392 0.0202 -1.008 0.624 0.024 0.022 1.036 7358.2 4.2321 15.04488 1.327396 15.620396 14.292999 "" "" 1131.96118 1179.74841 18071.52237 4.802 7713.6 22.352 15204.0 14.959 "" "" 0.002770383351989791 0.0042051747 0.00392745 0.008132625 338.21988790756 67.44661284206 1155.94458 -1.0079999999999996 0.6239999999999999 0.933720962524414 1.6612791290283204 0.15669625 0.15469624 "" "" 10.441654814879742 "" 1.6203226333328318 ""
339.31962067251 66.49221937457 0.0167 0.0177 34.7585 "" "" 2212734376006856448 1157.93164 0.8298 0.0189 0.893 0.498 0.021 0.021 1.012 "" "" 15.045598 2.506122 16.413202 13.907081 5.21 7.82 1133.0647 1180.71729 18059.56881 6.546 3716.5 12.788 21693.0 17.674 "" "" 0.0027832833155478757 0.0046628146 0.0038815225 0.008544337 339.31962067251 66.49221937457 1157.93164 0.8929999999999996 0.498 2.834720962524414 1.5352791290283203 0.15369624 0.15369624 "" "" 17.693998219860823 "" 2.719500979169727 ""
341.1491573514 67.1572512344 0.0178 0.019 35.5836 "" "" 2212850408845128576 1111.82361 0.8788 0.0202 -2.407 -2.415 0.024 0.023 0.971 6776.8 4.3054 15.046578 1.288577 15.612301 14.323724 "" "" 1087.72864 1135.0199 18043.27159 4.7695 7771.4 13.195 14780.0 12.359 "" "" 0.0027702271350011354 0.0033441598 0.0038869 0.0072310595 341.1491573514 67.1572512344 1111.82361 -2.407 -2.415 -0.46527903747558597 -1.3777208709716797 0.15669625 0.15569624 "" "" 7.663519807846417 "" 1.193968066097615 ""
338.49075526002 66.98144806491 0.0184 0.0175 27.4506 "" "" 2224818936509900800 1290.61938 0.7481 0.0198 -3.808 0.08 0.025 0.023 1.01 "" "" 15.048822 1.53581 15.755834 14.220023 -51.23 5.24 1255.4502 1319.53284 18006.01971 5.4542 6809.0 12.808 16261.0 12.567 "" "" 0.0027748786537919786 0.0034577579 0.003871408 0.007329166 338.49075526002 66.98144806491 1290.61938 -3.8079999999999985 0.07999999999999965 -1.8662790374755858 1.1172791290283204 0.15769625 0.15569624 "" "" 13.306603936992316 "" 2.0914127266374405 ""
339.84474280135 67.34860494048 0.0165 0.018 18.0928 "" "" 2224921019293713536 1130.94397 0.8593 0.0188 -1.882 -1.038 0.023 0.023 0.978 6653.5 4.0579 15.05561 1.343598 15.64775 14.304152 "" "" 1105.22986 1158.08899 17893.80884 4.7876 7521.7 18.24 15049.0 11.749 "" "" 0.0027705914578694682 0.0038362965 0.0038732726 0.0077095693 339.84474280135 67.34860494048 1130.94397 -1.8820000000000001 -1.038 0.05972096252441417 -0.0007208709716797213 0.15569624 0.15569624 "" "" 0.32016795780171464 "" 0.049848948173986066 ""
340.05634490308 67.31701043205 0.0165 0.0167 18.2829 "" "" 2224921289872889472 969.757996 1.0022 0.0182 -9.507 2.388 0.022 0.02 1.003 5346.0 4.1817 15.056855 1.357426 15.660214 14.302789 "" "" 953.612671 992.972229 17873.29094 4.6862 7435.9 10.093 15068.0 12.078 "" "" 0.0027699866435985944 0.0031554492 0.0038782896 0.007033739 340.05634490308 67.31701043205 969.757996 -9.507000000000007 2.387999999999998 -7.565279037475586 3.42527912902832 0.15469624 0.15269624 "" "" 38.17325377379876 "" 5.892340552719305 ""
340.32137613501 66.67153537819 0.0168 0.0184 28.0714 "" "" 2212821920322187648 1082.7876 0.8945 0.0196 -4.623 3.572 0.023 0.023 0.927 6734.4 4.0202 15.060284 1.675336 15.851707 14.176371 -17.46 11.67 1061.91956 1108.29272 17816.95367 4.5603 6233.5 11.944 16928.0 15.556 "" "" 0.002769298880287439 0.0034803762 0.003908863 0.007389239 340.32137613501 66.67153537819 1082.7876 -4.623000000000001 3.5719999999999983 -2.681279037475586 4.60927912902832 0.15569624 0.15569624 "" "" 27.368186922933948 "" 4.261123882928398 ""
340.15848517872 67.41360009378 0.0182 0.0184 24.4756 "" "" 2224922943438596480 1022.90314 0.9515 0.0209 1.729 -3.667 0.024 0.023 1.164 5148.9 4.1715 15.06288 1.34359 15.661274 14.317684 "" "" 999.344482 1046.84949 17774.39567 3.9833 7428.6 13.178 14862.0 13.476 "" "" 0.0027660427643253953 0.0033903841 0.0039055003 0.007295884 340.15848517872 67.41360009378 1022.90314 1.7289999999999999 -3.6669999999999945 3.670720962524414 -2.6297208709716795 0.15669625 0.15569624 "" "" 21.89361438850462 "" 3.423237311022846 ""
340.40864586175 66.6803417068 0.0171 0.0183 28.869 "" "" 2212821787182744320 1029.14893 0.9455 0.0193 -1.906 -1.709 0.024 0.025 0.97 7198.8 4.2806 15.065267 1.523409 15.763437 14.240028 15.92 15.1 1007.31976 1053.25879 17735.35657 4.6612 6761.5 12.039 15964.0 17.492 "" "" 0.002770056970261081 0.00339444 0.0039621983 0.007356638 340.40864586175 66.6803417068 1029.14893 -1.9060000000000006 -1.709 0.035720962524414146 -0.6717208709716798 0.15669625 0.15769625 "" "" 3.2813958269239274 "" 0.517454583007634 ""
339.87446260506 67.37905847562 0.0163 0.0172 20.0358 "" "" 2224924077309946880 988.4729 0.985 0.0183 -9.408 1.781 0.021 0.02 0.995 6306.2 4.2727 15.068172 1.335604 15.654976 14.319372 "" "" 972.685181 1006.96063 17687.96006 4.1571 7471.8 16.194 14839.0 11.764 "" "" 0.002767111013849908 0.0036499938 0.0038761592 0.007526153 339.87446260506 67.37905847562 988.4729 -9.408 1.781 -7.466279037475585 2.81827912902832 0.15369624 0.15269624 "" "" 37.39142204101047 "" 5.742271037254026 ""
340.14359741806 67.29161547719 0.0172 0.0167 18.2212 "" "" 2212911740977496064 1154.02954 0.8377 0.0187 -5.82 -1.407 0.023 0.021 0.997 7083.9 4.3322 15.069267 1.323981 15.652658 14.328677 "" "" 1128.71814 1182.59863 17670.13236 4.9466 7487.8 12.35 14713.0 13.812 "" "" 0.002772033618331289 0.003315398 0.0039144084 0.0072298064 340.14359741806 67.29161547719 1154.02954 -5.8199999999999985 -1.407 -3.878279037475586 -0.3697208709716797 0.15569624 0.15369624 "" "" 21.310755569123547 "" 3.3176231642186518 ""
339.14361300771 67.27516857379 0.0169 0.0176 17.5628 "" "" 2224840445706531200 1141.08386 0.8544 0.0185 -2.396 -0.713 0.023 0.025 0.929 7124.3 4.3493 15.082444 1.318802 15.664924 14.346122 "" "" 1118.88611 1162.45837 17456.9803 3.7633 7403.7 14.266 14478.0 14.014 "" "" 0.0027652436935647353 0.0034873823 0.0039227796 0.007410162 339.14361300771 67.27516857379 1141.08386 -2.3959999999999986 -0.7129999999999997 -0.45427903747558585 0.32427912902832035 0.15569624 0.15769625 "" "" 3.0188624857831026 "" 0.47207224302796225 ""
338.20079218965 66.99915176968 0.0424 0.0416 34.0309 "" "" 2224808078832532864 1039.96167 0.9348 0.0459 5.938 5.072 0.058 0.052 2.416 6525.1 3.9635 15.088073 1.595779 15.819008 14.223228 -41.12 6.74 990.684448 1100.7644 17366.71768 8.7181 6424.1 17.755 16213.0 15.388 "" "" 0.0028087110971929514 0.0040975194 0.0039173504 0.00801487 338.20079218965 66.99915176968 1039.96167 5.938000000000001 5.0719999999999965 7.879720962524414 6.10927912902832 0.19069624 0.18469624 "" "" 49.14936444653164 "" 9.262985257859022 ""
339.66191094297 66.42632656568 0.0172 0.02 37.8424 "" "" 2212724342963298176 1080.84998 0.9002 0.0205 5.035 6.391 0.021 0.025 0.94 "" "" 15.089176 1.80397 15.965565 14.161594 -12.81 12.58 1057.29834 1108.23816 17349.07933 5.0996 5612.9 9.815 17160.0 26.08 "" "" 0.00277374134029727 0.0033748522 0.004123907 0.0074987593 339.66191094297 66.42632656568 1080.84998 5.034999999999999 6.391 6.976720962524414 7.42827912902832 0.15369624 0.15769625 "" "" 52.2101936497124 "" 8.136138660116787 ""
339.50528102535 66.40284755008 0.0164 0.0173 39.3919 "" "" 2212718570527243520 1034.53064 0.9423 0.0188 -0.352 -0.407 0.021 0.022 0.959 "" "" 15.091574 1.651761 15.868224 14.216463 -28.98 9.24 1015.5199 1052.34619 17310.80931 4.2701 6139.4 12.103 16314.0 14.181 "" "" 0.002768305908657887 0.003516573 0.0038954392 0.007412012 339.50528102535 66.40284755008 1034.53064 -0.352 -0.407 1.5897209625244142 0.6302791290283203 0.15369624 0.15469624 "" "" 8.38580728921125 "" 1.2900093497227512 ""
340.47975944214 67.42797738369 0.0222 0.0445 29.486 "" "" 2212918750360739712 966.176636 1.0074 0.0287 -1.503 -3.131 0.032 0.052 1.1 "" "" 15.097815 "" "" "" "" "" 932.276184 999.473755 17211.56921 12.161 "" "" "" "" "" "" 0.0028601204802262093 "" "" "" 340.47975944214 67.42797738369 966.176636 -1.5029999999999986 -3.1310000000000007 0.43872096252441417 -2.0937208709716795 0.16469625 0.18469624 "" "" 9.796809754558186 "" 1.801622063773488 ""
340.69099289307 66.85956322436 0.3752 0.3329 27.239 "" "" 2212842265586769792 1092.02014 1.5009 0.4075 -4.902 0.986 0.475 0.388 22.6 "" "" 15.108717 1.520142 15.632945 14.112803 -35.97 7.25 722.59906 2304.43384 17039.61818 83.193 7625.0 16.468 17949.0 32.001 "" "" 0.0059742395059244205 0.0036446713 0.004246272 0.007890943 340.69099289307 66.85956322436 1092.02014 -4.902000000000001 0.9859999999999992 -2.960279037475586 2.02327912902832 0.60769624 0.5206963 "" "" 18.55997122854669 "" 10.790946950596625 ""
339.12027351405 67.01465745019 0.0201 0.0184 12.5782 "" "" 2224822200685108992 1036.00708 0.9402 0.0214 -2.254 -0.975 0.027 0.024 1.032 6894.9 4.2186 15.113784 1.49088 15.79293 14.30205 "" "" 1016.21948 1057.95837 16960.29191 7.0311 6580.3 12.861 15078.0 19.411 "" "" 0.0027918424543105775 0.0035054383 0.0040295688 0.007535007 339.12027351405 67.01465745019 1036.00708 -2.254 -0.9749999999999995 -0.31227903747558594 0.062279129028320335 0.15969624 0.15669625 "" "" 1.5636997844732285 "" 0.24953914639248725 ""
339.3972294907 67.18381942951 0.0179 0.017 9.5767 "" "" 2224825602299601920 1150.32263 0.8456 0.019 -2.033 -1.093 0.026 0.023 1.063 7487.9 4.0912 15.117043 1.487332 15.795032 14.307699 "" "" 1116.99341 1183.18738 16909.45675 4.5042 6567.6 11.466 15000.0 12.795 "" "" 0.002770456901733811 0.0033731384 0.0038912017 0.0072643403 339.3972294907 67.18381942951 1150.32263 -2.033 -1.093 -0.09127903747558586 -0.05572087097167966 0.15869623 0.15569624 "" "" 0.5831065970659496 "" 0.092065206269053 ""
340.93433994049 67.37236321573 0.017 0.0183 35.4041 "" "" 2212915211311563008 1226.23804 0.7866 0.0198 3.906 -2.797 0.023 0.022 0.978 5625.6 3.8965 15.124228 1.437 15.775102 14.338101 "" "" 1198.95789 1253.79919 16797.90679 3.9948 6689.2 11.381 14585.0 16.811 "" "" 0.0027673921087405895 0.0033462602 0.0039811856 0.007327446 340.93433994049 67.37236321573 1226.23804 3.9060000000000024 -2.7969999999999984 5.847720962524415 -1.7597208709716798 0.15569624 0.15469624 "" "" 35.494709888115565 "" 5.523454315744347 ""
340.67470164824 66.58753281833 0.0198 0.0197 37.1878 "" "" 2212817938892134272 1354.24194 0.7112 0.0221 1.239 -6.014 0.027 0.025 1.179 7808.1 3.935 15.127206 1.69647 15.923805 14.227335 -35.41 7.1 1316.56897 1398.505 16751.9075 5.8488 5833.0 16.095 16152.0 16.465 "" "" 0.0027812745961284836 0.0040939343 0.0039381064 0.008032041 340.67470164824 66.58753281833 1354.24194 1.239 -6.014 3.180720962524414 -4.97672087097168 0.15969624 0.15769625 "" "" 37.913364344296276 "" 6.000884442942456 ""
337.93701365183 67.08201322378 0.0182 0.0181 39.9897 "" "" 2224811171208927488 1107.16577 0.8758 0.0192 6.242 4.608 0.025 0.022 1.02 5517.1 4.0809 15.131294 1.717917 15.953765 14.235847 -37.88 4.96 1084.37634 1126.91174 16688.95307 4.1947 5674.3 7.3564 16026.0 11.553 "" "" 0.0027688014112335 0.003125119 0.003859578 0.0069846967 337.93701365183 67.08201322378 1107.16577 6.242 4.608 8.183720962524415 5.64527912902832 0.15769625 0.15469624 "" "" 52.175038274311646 "" 8.177667451350201 ""
340.99442570321 67.47064470658 0.0177 0.0191 39.9105 "" "" 2212939984682892544 1095.62085 0.8808 0.02 -5.436 -2.202 0.024 0.023 1.067 6657.8 4.2565 15.132791 1.397431 15.760868 14.363437 "" "" 1074.22144 1114.1969 16665.97081 4.2164 6777.5 11.324 14249.0 11.089 "" "" 0.002768978411986706 0.0033280486 0.0038726828 0.0072007314 340.99442570321 67.47064470658 1095.62085 -5.435999999999997 -2.2019999999999986 -3.494279037475586 -1.1647208709716796 0.15669625 0.15569624 "" "" 19.128173891108172 "" 2.9954058137738038 ""
338.47621099343 66.89902090593 0.0187 0.0176 29.0507 "" "" 2224791379999757184 1342.08911 0.7176 0.0211 -0.364 -1.148 0.025 0.021 0.988 7196.0 4.1402 15.135687 1.376977 15.74848 14.371503 "" "" 1300.42847 1394.6012 16621.56228 4.601 6855.3 14.375 14144.0 10.678 "" "" 0.002771662803298129 0.0036011676 0.0038672464 0.007468414 338.47621099343 66.89902090593 1342.08911 -0.3639999999999999 -1.148 1.5777209625244142 -0.1107208709716796 0.15769625 0.15369624 "" "" 10.06136018437703 "" 1.5864439969572492 ""
339.53729930738 67.31894328956 0.0171 0.0164 15.9204 "" "" 2224829862907137280 1140.85144 0.848 0.0183 2.374 -2.128 0.023 0.022 1.048 6314.7 4.0519 15.136284 1.590318 15.877997 14.28768 -21.43 5.74 1115.83923 1166.73035 16612.43294 3.9371 6084.4 18.019 15279.0 12.922 "" "" 0.002767309367773045 0.004257223 0.003889332 0.008146555 339.53729930738 67.31894328956 1140.85144 2.374 -2.128 4.315720962524415 -1.0907208709716798 0.15569624 0.15469624 "" "" 24.071645771448985 "" 3.746423943989882 ""
