Clusters/UBC_582/UBC_582_stars_in_region.tsv
# %ECSV 1.0
# ---
# datatype:
# - name: RA_ICRS_1
#   unit: deg
#   datatype: float64
#   format: '{:15.11f}'
#   description: Right ascension (ICRS) at Ep=2016.0 (ra)
#   meta: !!omap
#   - {ucd: POS_EQ_RA_MAIN}
#   - {width: 15}
#   - {precision: '11'}
# - name: DE_ICRS_1
#   unit: deg
#   datatype: float64
#   format: '{:15.11f}'
#   description: Declination (ICRS) at Ep=2016.0 (dec)
#   meta: !!omap
#   - {ucd: POS_EQ_DEC_MAIN}
#   - {width: 15}
#   - {precision: '11'}
# - name: e_RA_ICRS
#   unit: mas
#   datatype: float64
#   format: '{:7.4f}'
#   description: Standard error of right ascension (ra_error)
#   meta: !!omap
#   - {ucd: ERROR}
#   - {width: 7}
#   - {precision: '4'}
# - name: e_DE_ICRS
#   unit: mas
#   datatype: float64
#   format: '{:7.4f}'
#   description: Standard error of declination (dec_error)
#   meta: !!omap
#   - {ucd: ERROR}
#   - {width: 7}
#   - {precision: '4'}
# - name: _r_1
#   unit: ''
#   datatype: float64
#   format: '{:7.4f}'
#   description: Distance from center (299.84280681000+38.54820605000)[ICRS], at Epoch=J2016.0
#   meta: !!omap
#   - {ucd: POS_ANG_DIST_GENERAL}
#   - {width: 7}
#   - {precision: '4'}
# - name: HIP
#   datatype: int32
#   description: '? HIP cross-id number, van Leeuwen, Cat. I/311 (hip_original_ext_source_id)'
#   meta: !!omap
#   - {ucd: ID_NUMBER}
#   - {width: 6}
#   - values: {'null': -2147483648}
# - name: TYC2
#   datatype: string
#   description: Tycho-2 cross-id name, Hog et al., Cat. I/259 (tyc2_original_ext_source_id)
#   meta: !!omap
#   - {ucd: ID_CROSSID}
#   - {_votable_string_dtype: char}
# - name: Source
#   datatype: int64
#   description: Source identifier, identical to the Gaia-EDR3 source_id (id)
#   meta: !!omap
#   - {ucd: ID_MAIN}
#   - {width: 19}
# - name: rgeo
#   unit: pc
#   datatype: float64
#   format: '{:15.8f}'
#   description: '? Median of the geometric distance posterior (r_med_geo)'
#   meta: !!omap
#   - {ucd: PHYS_DISTANCE_TRUE}
#   - {width: 15}
#   - {precision: '8'}
#   - values: {'null': .nan}
# - name: Plx
#   unit: mas
#   datatype: float64
#   format: '{:9.4f}'
#   description: '? Parallax (parallax)'
#   meta: !!omap
#   - {ucd: POS_PARLX_TRIG}
#   - {width: 9}
#   - {precision: '4'}
#   - values: {'null': .nan}
# - name: e_Plx
#   unit: mas
#   datatype: float32
#   format: '{:7.4f}'
#   description: '? Standard error of parallax (parallax_error)'
#   meta: !!omap
#   - {ucd: ERROR}
#   - {width: 7}
#   - {precision: '4'}
#   - values: {'null': .nan}
# - name: pmRA
#   unit: mas / yr
#   datatype: float64
#   format: '{:9.3f}'
#   description: '? Proper motion in right ascension direction, pmRA*cosDE (pmra)'
#   meta: !!omap
#   - {ucd: POS_EQ_PMRA}
#   - {width: 9}
#   - {precision: '3'}
#   - values: {'null': .nan}
# - name: pmDE
#   unit: mas / yr
#   datatype: float64
#   format: '{:9.3f}'
#   description: '? Proper motion in declination direction (pmdec)'
#   meta: !!omap
#   - {ucd: POS_EQ_PMDEC}
#   - {width: 9}
#   - {precision: '3'}
#   - values: {'null': .nan}
# - name: e_pmRA
#   unit: mas / yr
#   datatype: float32
#   format: '{:6.3f}'
#   description: '? Standard error of proper motion in right ascension direction (pmra_error)'
#   meta: !!omap
#   - {ucd: ERROR}
#   - {width: 6}
#   - {precision: '3'}
#   - values: {'null': .nan}
# - name: e_pmDE
[...]
#         value: !astropy.table.SerializedColumn {name: SkyCoord.dec}
#       distance: !astropy.table.SerializedColumn
#         __class__: astropy.coordinates.distances.Distance
#         unit: !astropy.units.Unit {unit: pc}
#         value: !astropy.table.SerializedColumn {name: SkyCoord.distance}
#       frame: icrs
#       obstime: !astropy.time.Time {format: jyear_str, in_subfmt: '*', jd1: 367701545.0, jd2: 0.0, out_subfmt: '*', precision: 3, scale: tt}
#       pm_dec: !astropy.table.SerializedColumn
#         __class__: astropy.units.quantity.Quantity
#         unit: !astropy.units.Unit {unit: mas / yr}
#         value: !astropy.table.SerializedColumn {name: SkyCoord.pm_dec}
#       pm_ra_cosdec: !astropy.table.SerializedColumn
#         __class__: astropy.units.quantity.Quantity
#         unit: !astropy.units.Unit {unit: mas / yr}
#         value: !astropy.table.SerializedColumn {name: SkyCoord.pm_ra_cosdec}
#       ra: !astropy.table.SerializedColumn
#         __class__: astropy.coordinates.angles.Longitude
#         unit: *id001
#         value: !astropy.table.SerializedColumn {name: SkyCoord.ra}
#         wrap_angle: !astropy.coordinates.Angle
#           unit: *id001
#           value: 360.0
#       representation_type: spherical
# schema: astropy-2.0
RA_ICRS_1 DE_ICRS_1 e_RA_ICRS e_DE_ICRS _r_1 HIP TYC2 Source rgeo Plx e_Plx pmRA pmDE e_pmRA e_pmDE RUWE Teff logg Gmag BP-RP BPmag RPmag RV e_RV b_rgeo B_rgeo FG e_FG FBP e_FBP FRP e_FRP RAVE5 RAVE6 e_Gmag e_BPmag e_RPmag e_BP-RP SkyCoord.ra SkyCoord.dec SkyCoord.distance SkyCoord.pm_ra_cosdec SkyCoord.pm_dec rmRA rmDE e_rmRA e_rmDE rRV e_rRV v_pec v_pec3d e_vpec e_vpec3d
[from data line 1053]
299.14221609288 38.60944132962 0.0232 0.0267 33.0659 "" "" 2072543585472908416 1084.18494 0.8967 0.0299 -1.718 -9.42 0.03 0.033 1.043 5334.6 4.5761 15.802321 1.074544 16.247763 15.173219 "" "" 1055.13391 1119.59021 8995.34933 3.5211 4328.2 13.89 6758.8 13.625 "" "" 0.0027879043798478397 0.00446381 0.004367407 0.008831217 299.14221609288 38.60944132962 1084.18494 -1.7180000000000013 -9.420000000000002 1.3090833969116211 -1.538666648864746 0.07101922 0.07401922 "" "" 10.381864417348556 "" 0.7555358248920702 ""
299.19627287705 38.47814214004 0.0246 0.0286 30.6431 "" "" 2072539015627520512 1182.49744 0.8243 0.0307 0.642 -2.649 0.033 0.034 1.041 5080.4 4.4595 15.803157 1.144373 16.298883 15.154511 "" "" 1138.96008 1226.49329 8988.43457 3.1165 4129.2 11.139 6876.3 9.1037 "" "" 0.002780917840815926 0.004045183 0.004043506 0.008088689 299.19627287705 38.47814214004 1182.49744 0.6420000000000008 -2.649000000000002 3.669083396911621 5.232333351135254 0.07401922 0.075019225 "" "" 35.819430838447246 "" 2.6753915406324618 ""
300.28520949732 38.18304740599 0.0211 0.024 30.2188 "" "" 2072366697218269568 1123.52515 0.8638 0.0271 0.713 -0.163 0.029 0.031 1.053 5649.7 4.5562 15.805163 1.051765 16.224314 15.172548 "" "" 1092.83667 1155.22021 8971.83979 3.099 4422.7 11.082 6763.0 12.204 "" "" 0.0027807257747415218 0.0038969705 0.004257034 0.008154005 300.28520949732 38.18304740599 1123.52515 0.7129999999999999 -0.16299999999999998 3.740083396911621 7.718333351135254 0.070019215 0.07201922 "" "" 45.67563966374588 "" 3.272349031024751 ""
299.8962295753 38.30896269998 0.025 0.0263 14.5726 "" "" 2072382953700364928 1148.33826 0.8465 0.0311 -3.036 -7.924 0.035 0.034 1.032 4817.5 4.3371 15.808982 1.324116 16.393747 15.069632 "" "" 1109.58789 1188.67126 8940.33869 12.658 3783.7 19.544 7435.4 32.245 "" "" 0.0031551272625044563 0.0062639127 0.006037688 0.012301601 299.8962295753 38.30896269998 1148.33826 -3.0359999999999983 -7.923999999999993 -0.008916603088378938 -0.04266664886474647 0.07601922 0.075019225 "" "" 0.23725704551514734 "" 0.017808831434364535 ""
299.23375253234 38.25846296373 0.024 0.0268 33.501 "" "" 2072346669823292032 1018.1084 0.9526 0.0308 -10.163 -19.988 0.035 0.035 1.011 4855.6 4.4456 15.809525 1.122462 16.292774 15.170312 "" "" 990.098999 1047.12915 8935.86453 3.4395 4152.5 10.434 6776.9 16.937 "" "" 0.0027868330407305494 0.0039022758 0.004652613 0.008554889 299.23375253234 38.25846296373 1018.1084 -10.163 -19.987999999999992 -7.135916603088379 -12.106666648864746 0.07601922 0.07601922 "" "" 67.81845120097016 "" 5.155505765578159 ""
299.87615488668 38.96020884896 0.021 0.0253 24.7694 "" "" 2072463389851445248 1274.86304 0.7544 0.0276 -5.843 -5.434 0.029 0.034 0.942 5274.6 4.4434 15.810773 1.241321 16.35464 15.113318 "" "" 1229.42419 1317.41479 8925.60528 2.7469 3922.5 7.6513 7142.2 9.0608 "" "" 0.0027755070652515836 0.0035029082 0.004022555 0.007525463 299.87615488668 38.96020884896 1274.86304 -5.843 -5.434000000000001 -2.815916603088379 2.4473333511352537 0.070019215 0.075019225 "" "" 22.544633954057893 "" 1.6280207731809964 ""
300.28777334162 38.18130604851 0.0222 0.0246 30.3778 "" "" 2072366701543266432 1174.81714 0.833 0.0284 2.359 -1.543 0.03 0.032 1.03 4838.5 4.3957 15.81286 1.268731 16.365747 15.097016 "" "" 1138.23718 1217.61523 8908.45762 2.6651 3882.6 9.4617 7250.2 12.145 "" "" 0.0027743997205174455 0.0038452246 0.0041942294 0.008039454 300.28777334162 38.18130604851 1174.81714 2.359 -1.543 5.386083396911621 6.338333351135254 0.07101922 0.07301922 "" "" 46.31829796904582 "" 3.3435947409187126 ""
299.55931659676 38.15640821257 0.0215 0.0255 27.0286 "" "" 2072331104861609472 1122.55139 0.8691 0.0286 -0.788 -2.613 0.031 0.035 0.977 5038.3 4.4658 15.81494 1.112147 16.292774 15.180627 "" "" 1083.92041 1164.51245 8891.40831 2.8001 4152.5 12.513 6712.9 8.6586 "" "" 0.002776454609802104 0.0042999065 0.0040305005 0.008330407 299.55931659676 38.15640821257 1122.55139 -0.7879999999999991 -2.613 2.239083396911621 5.268333351135254 0.07201922 0.07601922 "" "" 30.458958299741845 "" 2.297244590351817 ""
299.75044503532 38.01967377342 0.0226 0.0257 32.0089 "" "" 2072279118573947136 1312.75928 0.7409 0.0286 -4.373 -4.771 0.031 0.034 0.955 5123.9 4.4385 15.817627 1.08322 16.279324 15.196104 "" "" 1262.2782 1388.15015 8869.43512 2.7234 4204.2 7.9785 6617.8 11.699 "" "" 0.0027754155999164666 0.0034685016 0.004238835 0.007707337 299.75044503532 38.01967377342 1312.75928 -4.373 -4.771 -1.3459166030883791 3.110333351135254 0.07201922 0.075019225 "" "" 21.08829714413961 "" 1.572218812236914 ""
300.15287638354 38.11767162189 0.0224 0.0248 29.6692 "" "" 2072364811757825920 1287.89453 0.7597 0.0279 -3.247 -14.425 0.029 0.032 1.021 5213.7 4.4226 15.818018 1.069299 16.264475 15.195176 "" "" 1241.73694 1338.01868 8866.24219 2.9926 4262.1 9.5152 6623.5 6.3304 "" "" 0.002779583877623196 0.0036960037 0.0039192513 0.007615255 300.15287638354 38.11767162189 1287.89453 -3.247 -14.425 -0.2199166030883788 -6.543666648864747 0.070019215 0.07301922 "" "" 39.969151594733766 "" 2.9183838273967164 ""
300.34759036587 38.63043766271 0.066 0.077 24.1821 "" "" 2072416832403418496 1306.90283 0.7663 0.0865 -0.51 -5.102 0.085 0.095 3.271 5493.3 4.6343 15.823366 1.105794 16.243532 15.137738 "" "" 1196.34424 1481.08105 8822.67223 10.763 4345.1 7.5484 6983.3 9.1732 "" "" 0.0030571447758367606 0.003367887 0.004039531 0.0074074185 300.34759036587 38.63043766271 1306.90283 -0.51 -5.102 2.5170833969116213 2.7793333511352536 0.12601922 0.13601921 "" "" 23.228465450409182 "" 3.0570342375164494 ""
300.06950672546 38.73862469475 0.0271 0.0296 15.6012 "" "" 2072445488427014912 1007.14905 0.9645 0.0332 -2.773 -11.784 0.036 0.04 1.155 5588.2 4.2722 15.827819 1.09431 16.28956 15.195251 "" "" 977.491455 1037.04871 8786.56739 3.202 4164.8 8.459 6623.1 10.41 "" "" 0.0027835838908073464 0.0035564 0.0041468022 0.0077032023 300.06950672546 38.73862469475 1007.14905 -2.772999999999996 -11.783999999999995 0.25408339691162096 -3.902666648864747 0.077019215 0.08101922 "" "" 18.670330961769217 "" 1.5123482386591485 ""
299.45821420655 38.94870134618 0.0204 0.0222 30.0217 "" "" 2072647485000069888 1086.03589 0.8956 0.0253 -1.133 -5.545 0.028 0.03 0.948 5423.4 4.5569 15.829701 1.126031 16.311214 15.185184 "" "" 1056.84143 1118.88855 8771.34255 2.6257 4082.5 12.13 6684.7 8.8384 "" "" 0.0027744232050805387 0.004265192 0.0040428345 0.008308027 299.45821420655 38.94870134618 1086.03589 -1.133 -5.545 1.894083396911621 2.336333351135254 0.06901922 0.07101922 "" "" 15.482851256282236 "" 1.0874048384248391 ""
299.81804182287 38.9610039508 0.0209 0.024 24.795 "" "" 2072464248844729088 978.147949 0.9937 0.0264 -0.139 -2.798 0.028 0.032 0.996 5134.7 4.4981 15.8304 1.163745 16.332516 15.168771 "" "" 950.672791 1004.38153 8765.70025 3.5973 4003.2 6.4897 6786.6 10.22 "" "" 0.0027911145766583378 0.0032989485 0.00411789 0.0074168383 299.81804182287 38.9610039508 978.147949 -0.139 -2.798 2.888083396911621 5.083333351135254 0.06901922 0.07301922 "" "" 27.1067344714625 "" 1.9534091747010174 ""
299.87960722503 38.21842114344 0.026 0.0318 19.8626 "" "" 2072288601861990144 1064.27747 0.92 0.0339 7.043 7.378 0.037 0.042 1.25 4865.3 4.3942 15.830675 1.083921 16.235268 15.151347 "" "" 1029.3905 1104.14185 8763.48446 3.6028 4378.3 23.712 6896.4 21.638 "" "" 0.0027912414443786713 0.006508532 0.005088078 0.01159661 299.87960722503 38.21842114344 1064.27747 7.0429999999999975 7.378000000000002 10.07008339691162 15.259333351135254 0.07801922 0.08301922 "" "" 92.22983016377783 "" 7.519932987905322 ""
299.96113669673 38.79104718281 0.0503 0.0559 15.5893 "" "" 2072458476411517440 1107.38708 0.8744 0.0607 -0.599 -7.198 0.067 0.075 1.331 "" "" 15.832441 1.187023 16.305502 15.118479 "" "" 1042.67737 1175.20068 8749.23919 10.056 4104.1 49.057 7108.3 38.992 "" "" 0.003024738011447514 0.013274532 0.007053673 0.020328205 299.96113669673 38.79104718281 1107.38708 -0.5990000000000004 -7.198000000000004 2.428083396911621 0.6833333511352535 0.10801922 0.11601922 "" "" 13.240147802561525 "" 1.4382292007403839 ""
299.68661347941 38.47639181117 0.0231 0.0257 8.5053 "" "" 2072353610489813888 1023.73041 0.9484 0.0293 4.661 8.232 0.031 0.035 1.052 4926.0 4.4174 15.832797 1.202036 16.356403 15.154367 "" "" 997.039001 1057.9707 8746.37367 2.6964 3916.1 9.1766 6877.2 12.779 "" "" 0.0027755767556646425 0.0037759813 0.004284152 0.008060133 299.68661347941 38.47639181117 1023.73041 4.661000000000002 8.231999999999996 7.688083396911621 16.113333351135253 0.07201922 0.07601922 "" "" 86.633609985471 "" 6.522950442580647 ""
299.88084001904 38.00761213927 0.0226 0.0244 32.4851 "" "" 2072280870920940800 1057.19214 0.9311 0.0279 0.369 0.108 0.033 0.033 0.98 5061.7 4.4942 15.834009 1.116587 16.283901 15.167315 "" "" 1018.69196 1089.3894 8736.61008 6.6577 4186.6 15.913 6795.7 29.655 "" "" 0.0028768644049608845 0.00498153 0.0060606636 0.0110421935 299.88084001904 38.00761213927 1057.19214 0.36900000000000005 0.10800000000000007 3.396083396911621 7.989333351135254 0.07401922 0.07401922 "" "" 43.50216447556844 "" 3.219996432945982 ""
299.90491696999 38.3971134182 0.0354 0.038 9.5235 "" "" 2072430816818593792 911.861023 1.0722 0.0449 -0.593 -1.722 0.047 0.05 1.496 4998.6 4.5381 15.834384 1.173305 16.319714 15.146408 "" "" 876.974487 948.966675 8733.6002 3.2775 4050.7 19.988 6927.8 21.025 "" "" 0.002785283541731514 0.0060405326 0.005014103 0.011054635 299.90491696999 38.3971134182 911.861023 -0.5930000000000004 -1.7220000000000004 2.434083396911621 6.159333351135254 0.08801922 0.09101922 "" "" 28.62542534558548 "" 2.5940300906841247 ""
300.10332825023 38.18958170708 0.0217 0.0257 24.7628 "" "" 2072377765379393280 1033.146 0.9362 0.0276 -3.735 -2.268 0.029 0.032 1.018 4993.1 4.4936 15.837267 1.112143 16.31554 15.203397 "" "" 1001.12805 1063.14819 8710.43595 2.7279 4066.3 10.685 6573.5 7.0491 "" "" 0.0027762217972939454 0.0039905603 0.0039546555 0.007945215 300.10332825023 38.18958170708 1033.146 -3.7350000000000003 -2.268 -0.7079166030883788 5.613333351135254 0.070019215 0.07301922 "" "" 27.70686162566453 "" 2.0218584895200795 ""
299.72825577389 39.01274080728 0.021 0.0274 28.3824 "" "" 2072651578130168960 1231.17981 0.7858 0.0272 8.637 -6.943 0.029 0.035 0.964 5592.8 4.5209 15.839602 1.051878 16.277914 15.226036 "" "" 1192.39148 1277.36572 8691.73171 2.7759 4209.7 12.006 6437.9 8.288 "" "" 0.002777053817507076 0.0041681384 0.00402957 0.008197708 299.72825577389 39.01274080728 1231.17981 8.637 -6.943 11.664083396911622 0.9383333511352543 0.070019215 0.07601922 "" "" 68.28907178515418 "" 4.784293912497186 ""
299.31712521005 38.51011164884 0.0275 0.0313 24.7798 "" "" 2072538637670275328 1060.63379 0.9191 0.0349 -2.556 -7.853 0.037 0.039 1.226 5066.1 4.4847 15.841844 1.133981 16.324743 15.190762 "" "" 1021.40564 1100.13635 8673.79807 4.697 4032.0 10.004 6650.5 11.352 "" "" 0.002817351045725403 0.0038784032 0.0042093224 0.008087725 299.31712521005 38.51011164884 1060.63379 -2.5560000000000005 -7.853 0.47108339691162104 0.028333351135254148 0.07801922 0.08001922 "" "" 2.3726063940039634 "" 0.18512621435306187 ""
299.78650358822 38.48894165994 0.0231 0.0248 4.4306 "" "" 2072435558462785792 1012.31567 0.9599 0.0286 -2.982 -5.538 0.03 0.032 1.023 4992.1 4.4955 15.842598 1.177199 16.353458 15.176259 "" "" 983.278198 1039.92151 8667.77141 2.6023 3926.8 8.2599 6739.9 9.1872 "" "" 0.002774534945401209 0.0036056684 0.0040588235 0.007664492 299.78650358822 38.48894165994 1012.31567 -2.982 -5.538 0.04508339691162089 2.3433333511352537 0.07101922 0.07301922 "" "" 11.246275924715388 "" 0.8211861035752941 ""
299.74064523788 38.15305071442 0.0301 0.0368 24.1917 "" "" 2072333303873839232 1313.771 0.7356 0.0398 -3.431 -8.817 0.044 0.056 1.397 "" "" 15.842961 1.064932 15.874561 14.809629 "" "" 1255.38049 1398.35693 8664.87286 6.0697 6103.7 49.317 9447.3 69.47 "" "" 0.0028583613926338645 0.009205615 0.008833235 0.01803885 299.74064523788 38.15305071442 1313.771 -3.431000000000001 -8.817 -0.40391660308837896 -0.9356666488647463 0.085019216 0.097019225 "" "" 6.346386241241286 "" 0.6043942630591104 ""
300.08875551971 38.71086449038 0.0241 0.0259 15.1045 "" "" 2072442464769973248 1206.26477 0.8026 0.0289 -3.392 0.554 0.032 0.034 1.029 5250.6 4.4493 15.843028 1.181361 16.350815 15.169454 "" "" 1168.94495 1247.10559 8664.34116 2.996 3936.3 7.6965 6782.3 10.273 "" "" 0.002780780128872568 0.003505959 0.0041216793 0.007627638 300.08875551971 38.71086449038 1206.26477 -3.3920000000000003 0.5539999999999999 -0.3649166030883788 8.435333351135254 0.07301922 0.075019225 "" "" 48.27577341923921 "" 3.6214331749279944 ""
299.47479031135 38.2442047846 0.0261 0.0312 25.1432 "" "" 2072344299001569792 894.288818 1.0855 0.0343 4.936 1.12 0.038 0.045 1.181 5006.7 4.5159 15.846482 1.183689 16.355585 15.171896 "" "" 871.116089 922.510132 8636.82219 3.4539 3919.1 12.298 6767.1 10.767 "" "" 0.0027893208153931467 0.004403716 0.004155474 0.00855919 299.47479031135 38.2442047846 894.288818 4.936 1.12 7.963083396911621 9.001333351135255 0.07901922 0.08601922 "" "" 50.943867587305846 "" 4.229295911559513 ""
299.25316258727 38.35726937028 0.0244 0.0301 29.9808 "" "" 2072348353450603904 1222.23035 0.8031 0.0327 -6.843 -11.209 0.036 0.04 1.026 4996.3 4.4327 15.847227 1.095715 16.311481 15.215767 "" "" 1173.57874 1263.95801 8630.89719 3.1493 4081.5 8.8661 6499.1 8.3472 "" "" 0.002783655987616341 0.0036534371 0.0040284363 0.0076818736 299.25316258727 38.35726937028 1222.23035 -6.842999999999999 -11.209 -3.815916603088379 -3.3276666488647457 0.077019215 0.08101922 "" "" 29.332194063936196 "" 2.310556203659843 ""
299.42136972353 38.36856619866 0.0369 0.0374 22.5441 "" "" 2072346154426729216 1144.49072 0.8478 0.0439 -2.529 -3.654 0.047 0.047 1.419 5068.6 4.4917 15.849601 1.104313 16.303852 15.199539 "" "" 1086.66418 1202.3584 8612.05134 5.7249 4110.3 11.454 6596.9 11.33 "" "" 0.002848281859760247 0.0041157203 0.0042143706 0.008330091 299.42136972353 38.36856619866 1144.49072 -2.529 -3.654 0.4980833969116212 4.227333351135254 0.08801922 0.08801922 "" "" 23.091436474795916 "" 2.0324902738612556 ""
299.49493879349 38.29218962411 0.0269 0.0276 22.4359 "" "" 2072344780037751808 1150.0675 0.8501 0.0331 -3.619 -15.274 0.039 0.038 1.027 5346.1 4.5714 15.853185 0.994875 16.263382 15.268507 "" "" 1095.86206 1194.01294 8583.66938 3.3197 4266.4 11.126 6190.9 9.7632 "" "" 0.002787132737831709 0.00397516 0.0041491524 0.008124312 299.49493879349 38.29218962411 1150.0675 -3.619 -15.273999999999997 -0.5919166030883791 -7.392666648864745 0.08001922 0.07901922 "" "" 40.4287637140564 "" 3.1949084742116898 ""
299.27783670427 38.60289507097 0.0251 0.0282 26.7035 "" "" 2072548670714010112 1068.28955 0.9048 0.0315 -6.009 -5.537 0.033 0.036 1.004 4871.7 4.424 15.863027 1.101895 16.332685 15.23079 "" "" 1027.46277 1101.67236 8506.2123 2.9624 4002.6 8.8952 6409.8 7.8683 "" "" 0.0027811446439689326 0.0036887794 0.004007499 0.0076962784 299.27783670427 38.60289507097 1068.28955 -6.009 -5.537000000000001 -2.9819166030883792 2.344333351135254 0.07401922 0.077019215 "" "" 19.207170579169627 "" 1.4439817857385444 ""
