Clusters/UBC_582/UBC_582_stars_in_region.tsv
# %ECSV 1.0
# ---
# datatype:
# - name: RA_ICRS_1
#   unit: deg
#   datatype: float64
#   format: '{:15.11f}'
#   description: Right ascension (ICRS) at Ep=2016.0 (ra)
#   meta: !!omap
#   - {ucd: POS_EQ_RA_MAIN}
#   - {width: 15}
#   - {precision: '11'}
# - name: DE_ICRS_1
#   unit: deg
#   datatype: float64
#   format: '{:15.11f}'
#   description: Declination (ICRS) at Ep=2016.0 (dec)
#   meta: !!omap
#   - {ucd: POS_EQ_DEC_MAIN}
#   - {width: 15}
#   - {precision: '11'}
# - name: e_RA_ICRS
#   unit: mas
#   datatype: float64
#   format: '{:7.4f}'
#   description: Standard error of right ascension (ra_error)
#   meta: !!omap
#   - {ucd: ERROR}
#   - {width: 7}
#   - {precision: '4'}
# - name: e_DE_ICRS
#   unit: mas
#   datatype: float64
#   format: '{:7.4f}'
#   description: Standard error of declination (dec_error)
#   meta: !!omap
#   - {ucd: ERROR}
#   - {width: 7}
#   - {precision: '4'}
# - name: _r_1
#   unit: ''
#   datatype: float64
#   format: '{:7.4f}'
#   description: Distance from center (299.84280681000+38.54820605000)[ICRS], at Epoch=J2016.0
#   meta: !!omap
#   - {ucd: POS_ANG_DIST_GENERAL}
#   - {width: 7}
#   - {precision: '4'}
# - name: HIP
#   datatype: int32
#   description: '? HIP cross-id number, van Leeuwen, Cat. I/311 (hip_original_ext_source_id)'
#   meta: !!omap
#   - {ucd: ID_NUMBER}
#   - {width: 6}
#   - values: {'null': -2147483648}
# - name: TYC2
#   datatype: string
#   description: Tycho-2 cross-id name, Hog et al., Cat. I/259 (tyc2_original_ext_source_id)
#   meta: !!omap
#   - {ucd: ID_CROSSID}
#   - {_votable_string_dtype: char}
# - name: Source
#   datatype: int64
#   description: Source identifier, identical to the Gaia-EDR3 source_id (id)
#   meta: !!omap
#   - {ucd: ID_MAIN}
#   - {width: 19}
# - name: rgeo
#   unit: pc
#   datatype: float64
#   format: '{:15.8f}'
#   description: '? Median of the geometric distance posterior (r_med_geo)'
#   meta: !!omap
#   - {ucd: PHYS_DISTANCE_TRUE}
#   - {width: 15}
#   - {precision: '8'}
#   - values: {'null': .nan}
# - name: Plx
#   unit: mas
#   datatype: float64
#   format: '{:9.4f}'
#   description: '? Parallax (parallax)'
#   meta: !!omap
#   - {ucd: POS_PARLX_TRIG}
#   - {width: 9}
#   - {precision: '4'}
#   - values: {'null': .nan}
# - name: e_Plx
#   unit: mas
#   datatype: float32
#   format: '{:7.4f}'
#   description: '? Standard error of parallax (parallax_error)'
#   meta: !!omap
#   - {ucd: ERROR}
#   - {width: 7}
#   - {precision: '4'}
#   - values: {'null': .nan}
# - name: pmRA
#   unit: mas / yr
#   datatype: float64
#   format: '{:9.3f}'
#   description: '? Proper motion in right ascension direction, pmRA*cosDE (pmra)'
#   meta: !!omap
#   - {ucd: POS_EQ_PMRA}
#   - {width: 9}
#   - {precision: '3'}
#   - values: {'null': .nan}
# - name: pmDE
#   unit: mas / yr
#   datatype: float64
#   format: '{:9.3f}'
#   description: '? Proper motion in declination direction (pmdec)'
#   meta: !!omap
#   - {ucd: POS_EQ_PMDEC}
#   - {width: 9}
#   - {precision: '3'}
#   - values: {'null': .nan}
# - name: e_pmRA
#   unit: mas / yr
#   datatype: float32
#   format: '{:6.3f}'
#   description: '? Standard error of proper motion in right ascension direction (pmra_error)'
#   meta: !!omap
#   - {ucd: ERROR}
#   - {width: 6}
#   - {precision: '3'}
#   - values: {'null': .nan}
# - name: e_pmDE
[...]
#         value: !astropy.table.SerializedColumn {name: SkyCoord.dec}
#       distance: !astropy.table.SerializedColumn
#         __class__: astropy.coordinates.distances.Distance
#         unit: !astropy.units.Unit {unit: pc}
#         value: !astropy.table.SerializedColumn {name: SkyCoord.distance}
#       frame: icrs
#       obstime: !astropy.time.Time {format: jyear_str, in_subfmt: '*', jd1: 367701545.0, jd2: 0.0, out_subfmt: '*', precision: 3, scale: tt}
#       pm_dec: !astropy.table.SerializedColumn
#         __class__: astropy.units.quantity.Quantity
#         unit: !astropy.units.Unit {unit: mas / yr}
#         value: !astropy.table.SerializedColumn {name: SkyCoord.pm_dec}
#       pm_ra_cosdec: !astropy.table.SerializedColumn
#         __class__: astropy.units.quantity.Quantity
#         unit: !astropy.units.Unit {unit: mas / yr}
#         value: !astropy.table.SerializedColumn {name: SkyCoord.pm_ra_cosdec}
#       ra: !astropy.table.SerializedColumn
#         __class__: astropy.coordinates.angles.Longitude
#         unit: *id001
#         value: !astropy.table.SerializedColumn {name: SkyCoord.ra}
#         wrap_angle: !astropy.coordinates.Angle
#           unit: *id001
#           value: 360.0
#       representation_type: spherical
# schema: astropy-2.0
RA_ICRS_1 DE_ICRS_1 e_RA_ICRS e_DE_ICRS _r_1 HIP TYC2 Source rgeo Plx e_Plx pmRA pmDE e_pmRA e_pmDE RUWE Teff logg Gmag BP-RP BPmag RPmag RV e_RV b_rgeo B_rgeo FG e_FG FBP e_FBP FRP e_FRP RAVE5 RAVE6 e_Gmag e_BPmag e_RPmag e_BP-RP SkyCoord.ra SkyCoord.dec SkyCoord.distance SkyCoord.pm_ra_cosdec SkyCoord.pm_dec rmRA rmDE e_rmRA e_rmDE rRV e_rRV v_pec v_pec3d e_vpec e_vpec3d
[from data line 145]
299.93324097826 38.03508331901 0.0179 0.0204 31.0805 "" "" 2072281351957307776 1091.81335 0.8986 0.0225 -0.4 -6.043 0.025 0.026 1.782 "" "" 12.876937 0.728971 13.150291 12.42132 -22.14 4.44 1061.40125 1125.71667 133098.1581 37.32 75041.0 43.718 85237.0 25.751 "" "" 0.002772087620318683 0.0028609703 0.0037935893 0.0066545596 299.93324097826 38.03508331901 1091.81335 -0.3999999999999999 -6.042999999999999 2.627083396911621 1.8383333511352538 0.06601922 0.067019224 -27.618000000000002 12.538 16.59377497237591 32.21967243523511 1.1009902441235548 10.762248067711768
299.29162882684 38.69985353504 0.0108 0.0113 27.392 "" "" 2072549564067274240 976.783386 1.0102 0.0133 -22.048 -17.872 0.014 0.014 1.051 "" "" 12.883263 1.245446 13.433372 12.187925 41.13 0.64 962.322998 988.307007 132324.90332 18.806 57819.0 32.792 105680.0 29.732 "" "" 0.002759637538493519 0.0028573112 0.003791706 0.0066490173 299.29162882684 38.69985353504 976.783386 -22.048 -17.872 -19.020916603088377 -9.990666648864746 0.055019222 0.055019222 35.652 8.738 99.4749187558802 105.67083119522135 5.473032658348448 5.935961927021242
300.51135831452 38.51492899606 0.0105 0.0122 31.4425 "" "" 2072400786405462784 1043.95825 0.9351 0.0131 -1.304 -5.412 0.013 0.015 0.96 "" "" 12.885563 0.580226 13.102578 12.522352 "" "" 1031.7915 1059.1792 132044.92211 29.936 78413.0 45.411 77664.0 29.609 "" "" 0.0027662932343739217 0.0028601417 0.003801982 0.006662124 300.51135831452 38.51492899606 1043.95825 -1.303999999999998 -5.412 1.723083396911621 2.469333351135254 0.05401922 0.05601922 "" "" 14.89993127913484 "" 0.8250426061914629 ""
299.89793017616 38.66056750314 0.0117 0.0123 7.2202 "" "" 2072438582119778304 1098.70117 0.8935 0.0147 2.954 2.961 0.015 0.016 1.066 6375.7 3.8968 12.886783 0.738739 13.175547 12.436808 -36.45 3.21 1081.19385 1112.14758 131896.60568 26.087 73316.0 36.959 84030.0 25.427 "" "" 0.002763675644607305 0.0028433455 0.0037936347 0.00663698 299.89793017616 38.66056750314 1098.70117 2.9540000000000006 2.9609999999999994 5.981083396911622 10.842333351135254 0.05601922 0.05701922 -41.928000000000004 11.308 64.48680506286655 76.91882221677703 3.662043405078799 6.886209249196113
299.76621472927 39.07107313511 0.0217 0.0246 31.5757 "" "" 2072653291795251968 989.973999 1.0015 0.0271 -0.977 -6.243 0.031 0.034 2.042 5974.2 3.888 12.887599 0.920209 13.265485 12.345276 -32.53 1.52 965.612427 1019.41956 131797.54874 20.456 67487.0 33.826 91421.0 25.694 "" "" 0.0027604685457403274 0.0028427446 0.0037916806 0.0066344254 299.76621472927 39.07107313511 989.973999 -0.9769999999999999 -6.243 2.0500833969116212 1.6383333511352536 0.07201922 0.075019225 -38.008 9.618 12.314491436684364 39.95315711360208 0.9014585353557693 9.15395640902214
300.13688739982 38.10731144204 0.0086 0.0107 29.8562 "" "" 2072365189714967424 998.851379 0.9875 0.0113 -2.168 -0.608 0.012 0.014 0.931 "" "" 12.892243 1.300845 13.474483 12.173638 -4.13 0.64 987.376953 1010.45087 131234.86726 18.272 55670.0 31.328 107080.0 37.524 "" "" 0.0027594639516744708 0.0028562841 0.003798485 0.006654769 300.13688739982 38.10731144204 998.851379 -2.168 -0.6079999999999997 0.859083396911621 7.273333351135254 0.05301922 0.055019222 -9.608 8.738 34.67537609720582 35.981875597065155 1.9068751366515766 2.970010588394863
299.40253771551 38.31122776161 0.0116 0.0127 25.1077 "" "" 2072345634708595840 1218.00867 0.8002 0.0148 0.09 -7.056 0.016 0.016 0.993 7244.4 4.0443 12.895093 0.576616 13.113319 12.536703 "" "" 1199.53186 1237.56165 130890.97614 49.448 77641.0 79.066 76644.0 73.147 "" "" 0.0027856827554260913 0.0030012564 0.003918856 0.0069201123 299.40253771551 38.31122776161 1218.00867 0.08999999999999964 -7.055999999999999 3.117083396911621 0.8253333511352539 0.05701922 0.05701922 "" "" 18.61618834506608 "" 1.0614805165149814 ""
300.15578014097 38.37228476429 0.0113 0.0131 18.1005 "" "" 2072381407511814656 974.192261 1.0084 0.0147 -2.71 -3.553 0.014 0.016 0.981 "" "" 12.929369 0.768527 13.232284 12.463757 -20.59 3.46 960.651855 988.388062 126823.33744 26.952 69583.0 38.308 81970.0 24.358 "" "" 0.0027649645007216065 0.0028534783 0.003793128 0.006646606 300.15578014097 38.37228476429 974.192261 -2.709999999999999 -3.553 0.31708339691162113 4.328333351135254 0.055019222 0.05701922 -26.067999999999998 11.558 20.040380426860892 32.880959104827056 1.1424766173867777 9.189592504455433
299.95489787422 38.49428597629 0.0111 0.0118 6.1769 "" "" 2072433359439267968 899.293701 1.0894 0.0137 0.358 -2.058 0.014 0.016 0.971 7341.0 4.2345 12.933081 0.552033 13.137902 12.585869 -6.04 3.63 890.134705 910.144592 126390.56698 36.686 75903.0 63.197 73251.0 62.527 "" "" 0.002773284260474887 0.0029329574 0.0038913565 0.0068243137 299.95489787422 38.49428597629 899.293701 0.3579999999999999 -2.058 3.385083396911621 5.823333351135254 0.055019222 0.05701922 -11.518 11.728 28.712055656629936 30.93616757178263 1.6228275976516249 4.618974121738703
300.2341521822 38.79208511814 0.0109 0.0127 23.4564 "" "" 2072466722746768384 1050.30701 0.9278 0.014 3.919 -0.273 0.015 0.016 0.961 7136.5 4.1411 12.946715 0.58705 13.169627 12.582578 "" "" 1036.18018 1062.73938 124813.17104 25.095 73717.0 43.616 73473.0 30.416 "" "" 0.0027639543607797658 0.0028631662 0.0038060148 0.006669181 300.2341521822 38.79208511814 1050.30701 3.9190000000000005 -0.2729999999999998 6.946083396911622 7.608333351135254 0.05601922 0.05701922 "" "" 51.28891727427239 "" 2.901250889761211 ""
299.84408045942 38.00261150091 0.0136 0.0157 32.7357 "" "" 2072281558115702400 973.313354 1.004 0.0175 -2.177 1.586 0.019 0.021 1.384 6519.0 4.0506 12.968025 0.694044 13.213814 12.51977 12.4 3.33 956.861877 990.06543 122387.41012 34.222 70777.0 43.589 77849.0 51.873 "" "" 0.0027719954221844243 0.0028691746 0.0038480016 0.006717176 299.84408045942 38.00261150091 973.313354 -2.1770000000000005 1.5859999999999999 0.850083396911621 9.467333351135254 0.060019217 0.06201922 6.922000000000001 11.4279995 43.85331358303316 44.39625205140453 2.7190581137894334 3.223090618525664
300.07793896642 39.05271244374 0.0096 0.0126 32.2053 "" "" 2072486239078383744 1001.0517 0.9765 0.0128 -4.222 -15.63 0.013 0.016 0.91 6018.2 3.7752 12.969982 0.743646 13.261755 12.518109 -7.7 6.25 988.728455 1013.62646 122166.98119 153.51 67720.0 269.42 77968.0 282.89 "" "" 0.003074586200378827 0.0051423195 0.0054591456 0.010601465 300.07793896642 39.05271244374 1001.0517 -4.222000000000003 -15.630000000000006 -1.1949166030883793 -7.748666648864747 0.05401922 0.05701922 -13.178 14.348 37.20191160506756 39.46697240822078 2.1186982397498313 5.190383558360612
299.90089101216 38.17659783063 0.0126 0.0148 22.4633 "" "" 2072287193112688896 1234.32947 0.7898 0.0164 0.148 -6.668 0.017 0.018 1.256 5898.6 3.6459 12.988461 0.810863 13.292774 12.481912 0.35 6.59 1208.85059 1258.78979 120105.33888 32.032 65812.0 97.881 80611.0 184.54 "" "" 0.0027704940512299253 0.0032237577 0.0045234533 0.007747211 299.90089101216 38.17659783063 1234.32947 0.14800000000000035 -6.668 3.1750833969116212 1.2133333511352538 0.05801922 0.05901922 -5.128 14.688 19.886716104919905 20.537231104452243 1.1563648375621245 3.8346165845887583
299.91354592519 37.99351219705 0.0092 0.0102 33.448 "" "" 2072280969670325760 953.609497 1.0254 0.0114 2.882 7.181 0.013 0.013 0.896 6180.7 4.0144 12.988675 0.786949 13.30125 12.5143 -13.83 2.15 944.873596 964.556458 120081.71656 24.854 65301.0 36.29 78242.0 26.344 "" "" 0.0027644690163995556 0.0028546657 0.0037970205 0.0066516865 299.91354592519 37.99351219705 953.609497 2.8820000000000006 7.181000000000001 5.909083396911621 15.062333351135255 0.05401922 0.05401922 -19.308 10.247999 73.13518963194717 75.64095997871043 3.950705911148511 4.629684568691342
299.9006890178 38.1774530634 0.01 0.0118 22.4112 "" "" 2072287188794645248 1249.79956 0.7767 0.0129 0.014 -6.513 0.013 0.015 0.978 6187.1 3.8344 12.989759 0.851386 13.314711 12.463325 -4.66 2.34 1231.99609 1269.48389 119961.82035 24.022 64496.0 132.84 82003.0 141.8 "" "" 0.0027638847443544555 0.0035757325 0.004220022 0.0077957544 299.9006890178 38.1774530634 1249.79956 0.013999999999998458 -6.513 3.041083396911621 1.368333351135254 0.05401922 0.05601922 -10.138 10.438 19.755195984372257 22.204657447953522 1.0739143262379613 4.860519538396865
299.21973396504 38.57716440767 0.0103 0.0114 29.2834 "" "" 2072542692119582720 1128.28918 0.8664 0.0128 -0.342 -6.811 0.013 0.015 0.968 6257.9 3.9183 12.993486 0.870598 13.344494 12.473896 -38.66 3.58 1107.08752 1148.10925 119550.74221 24.203 62751.0 33.975 81208.0 43.934 "" "" 0.0027640738864785725 0.0028514226 0.0038247553 0.006676178 299.21973396504 38.57716440767 1128.28918 -0.3419999999999994 -6.811 2.685083396911621 1.070333351135254 0.05401922 0.05601922 -44.138 11.6779995 15.45893011302694 46.766885338233195 0.8393859440076712 11.025041418272778
300.21136565062 38.84057454206 0.0188 0.0224 24.6092 "" "" 2072467100703929856 1132.92114 0.8586 0.0243 -2.414 -7.171 0.026 0.029 1.788 6375.8 3.9352 12.997165 0.769266 13.289039 12.519773 -10.37 3.41 1104.53223 1161.48401 119146.42474 33.845 66039.0 40.235 77848.0 63.495 "" "" 0.0027725277708381263 0.0028675122 0.003881744 0.0067492565 300.21136565062 38.84057454206 1132.92114 -2.4139999999999997 -7.1709999999999985 0.613083396911621 0.7103333511352536 0.067019224 0.070019215 -15.847999999999999 11.507999 5.038822609081413 16.629757583494413 0.3464417380417915 10.967515797179843
299.70807575972 38.23107701298 0.0081 0.0095 20.055 "" "" 2072334880099812992 1178.37341 0.8202 0.0105 -3.944 -2.047 0.011 0.013 0.882 6507.6 3.8463 13.035419 0.70108 13.30739 12.60631 -20.71 2.47 1163.92175 1192.4071 115021.5567 22.227 64932.0 39.04 71884.0 20.314 "" "" 0.002763296867810797 0.0028655168 0.0037918158 0.0066573326 299.70807575972 38.23107701298 1178.37341 -3.944000000000001 -2.0469999999999997 -0.9169166030883789 5.834333351135253 0.05201922 0.05401922 -26.188000000000002 10.568 32.987594330689355 42.11879299939789 1.7804026391034107 6.717142681847542
299.67555355014 38.235564501 0.019 0.0214 20.3407 "" "" 2072334678274577024 1166.84009 0.8319 0.0243 1.257 -2.825 0.028 0.03 2.209 6056.8 3.9348 13.036299 0.790431 13.327346 12.536915 -36.95 4.16 1134.94214 1200.9054 114928.37672 47.857 63750.0 71.575 76629.0 66.762 "" "" 0.002792166065621298 0.003044835 0.0038959617 0.006940797 299.67555355014 38.235564501 1166.84009 1.2569999999999997 -2.825 4.284083396911621 5.056333351135254 0.06901922 0.07101922 -42.428000000000004 12.257999 36.6539044903799 56.06820755463735 2.5727516472506338 9.427136234191629
299.64736745464 38.88797912956 0.0084 0.0092 22.3453 "" "" 2072644117745116288 959.845764 1.0168 0.0105 -2.145 0.398 0.011 0.012 1.011 "" "" 13.045865 0.860514 13.39167 12.531157 -9.95 1.92 947.290771 969.795959 113920.17202 22.627 60083.0 36.835 77036.0 28.922 "" "" 0.002763746476543506 0.0028684686 0.0038013002 0.006669769 299.64736745464 38.88797912956 959.845764 -2.1450000000000005 0.39800000000000013 0.8820833969116211 8.279333351135254 0.05201922 0.05301922 -15.427999999999999 10.018 37.88140567483945 40.90261702998671 2.008021316827985 4.2115170551835925
299.77258434722 38.58091085596 0.0094 0.0105 3.8346 "" "" 2072448168486875264 1040.21155 0.9354 0.0121 2.121 -2.235 0.011 0.014 1.009 6174.0 3.872 13.054547 0.751039 13.348196 12.597157 -46.04 3.8 1027.61816 1051.68933 113012.8 20.979 62537.0 36.577 72493.0 30.728 "" "" 0.0027626819491999985 0.0028615228 0.003807299 0.006668822 299.77258434722 38.58091085596 1040.21155 2.1209999999999987 -2.234999999999998 5.1480833969116215 5.6463333511352545 0.05201922 0.055019222 -51.518 11.898 37.674400678291974 63.82370085217941 2.022293468900739 9.677877886165536
299.47104123063 38.87020117409 0.0083 0.0089 26.0042 "" "" 2072646252370338048 1007.72302 0.9632 0.0102 -6.994 0.276 0.011 0.012 1.03 "" "" 13.066175 1.044641 13.500477 12.455836 -197.24 2.49 997.009766 1018.45581 111809.08618 15.211 54353.0 33.777 82570.0 25.195 "" "" 0.002759276563516802 0.0028705907 0.0037938745 0.006664465 299.47104123063 38.87020117409 1007.72302 -6.994 0.2759999999999995 -3.9669166030883787 8.157333351135254 0.05201922 0.05301922 -202.71800000000002 10.587999 43.32741140229846 207.29653181571572 2.2889622047056415 10.365190527299443
299.59074236724 38.68446894005 0.0197 0.0226 14.3695 "" "" 2072453185009010816 1134.77087 0.8608 0.0251 -1.979 -8.127 0.024 0.029 2.206 "" "" 13.090943 0.664705 13.344775 12.68007 "" "" 1091.04333 1165.45825 109287.2566 32.197 62735.0 47.545 67163.0 72.053 "" "" 0.0027738249141372353 0.0029089733 0.0039548017 0.0068637747 299.59074236724 38.68446894005 1134.77087 -1.9789999999999992 -8.127000000000002 1.048083396911621 -0.24566664886474676 0.06501922 0.070019215 "" "" 5.790239873377596 "" 0.37803939448790913 ""
299.96509859211 38.53549614722 0.0083 0.0091 5.7895 "" "" 2072434046634065536 1011.55096 0.9597 0.0105 -4.138 -7.667 0.011 0.012 0.901 6130.2 4.032 13.102057 0.784196 13.411896 12.6277 -7.39 2.76 1000.41748 1021.86853 108174.22808 19.686 58974.0 38.864 70482.0 22.278 "" "" 0.0027623956917175716 0.0028804499 0.0037949306 0.0066753803 299.96509859211 38.53549614722 1011.55096 -4.138 -7.6670000000000025 -1.1109166030883788 0.2143333511352541 0.05201922 0.05301922 -12.867999999999999 10.858 5.42479996689352 13.964736971415103 0.2823903475995644 10.005855426345946
299.80998120073 38.39365172434 0.0092 0.0101 9.4006 "" "" 2072431332214824576 1092.15454 0.887 0.0116 -3.046 -7.877 0.012 0.013 1.076 "" "" 13.108566 0.460767 13.280268 12.819501 "" "" 1080.44092 1105.66626 107527.67346 35.819 66575.0 49.199 59069.0 31.893 "" "" 0.002778956211199954 0.0029032447 0.0038245758 0.0067278203 299.80998120073 38.39365172434 1092.15454 -3.046 -7.877 -0.018916603088378725 0.0043333511352541265 0.05301922 0.05401922 "" "" 0.10046428728268209 "" 0.005331591928906223 ""
300.07412786382 38.42093822888 0.0159 0.0172 13.2794 "" "" 2072385393241672448 1235.23389 0.78 0.0199 0.332 1.76 0.02 0.022 1.65 5854.7 3.5562 13.110295 0.908836 13.481061 12.572225 -44.53 2.46 1209.4281 1259.98315 107356.58602 17.622 55334.0 29.058 74177.0 26.489 "" "" 0.0027610778602548828 0.0028478294 0.0037992178 0.006647047 300.07412786382 38.42093822888 1235.23389 0.3320000000000001 1.76 3.359083396911621 9.641333351135254 0.06101922 0.063019216 -50.008 10.558 59.778104195434395 77.93729405875092 3.754411544020623 7.361106621293265
299.71557024954 38.01189797722 0.0085 0.0111 32.7318 "" "" 2072279049854361216 908.768127 1.0707 0.0111 -2.794 -3.554 0.011 0.015 0.935 6440.0 4.0653 13.110765 0.666769 13.368319 12.70155 14.51 2.55 900.427307 918.875671 107310.06705 24.458 61389.0 34.196 65847.0 26.809 "" "" 0.0027664102719540434 0.0028549654 0.0038051456 0.0066601112 299.71557024954 38.01189797722 908.768127 -2.794000000000001 -3.554 0.23308339691162105 4.327333351135254 0.05201922 0.05601922 9.032 10.648 18.667272273601935 20.73750414434648 1.0455177272741312 4.732156097117339
300.0768206643 39.01056268239 0.0081 0.0104 29.8227 "" "" 2072484448040950656 1062.65576 0.9112 0.0109 -4.914 -9.559 0.011 0.014 0.95 6837.3 4.0593 13.11522 0.669905 13.372026 12.702122 -9.6 7.13 1051.85388 1074.73132 106870.72175 17.916 61180.0 38.666 65813.0 19.851 "" "" 0.002761325547456872 0.002873309 0.003793544 0.006666853 300.0768206643 39.01056268239 1062.65576 -4.9140000000000015 -9.559000000000001 -1.8869166030883786 -1.6776666488647454 0.05201922 0.055019222 -15.078 15.228 12.71779166067545 19.725321511304855 0.6786787848176924 11.64847698158663
