Clusters/UBC_582/UBC_582_stars_in_region.tsv
# %ECSV 1.0
# ---
# datatype:
# - name: RA_ICRS_1
#   unit: deg
#   datatype: float64
#   format: '{:15.11f}'
#   description: Right ascension (ICRS) at Ep=2016.0 (ra)
#   meta: !!omap
#   - {ucd: POS_EQ_RA_MAIN}
#   - {width: 15}
#   - {precision: '11'}
# - name: DE_ICRS_1
#   unit: deg
#   datatype: float64
#   format: '{:15.11f}'
#   description: Declination (ICRS) at Ep=2016.0 (dec)
#   meta: !!omap
#   - {ucd: POS_EQ_DEC_MAIN}
#   - {width: 15}
#   - {precision: '11'}
# - name: e_RA_ICRS
#   unit: mas
#   datatype: float64
#   format: '{:7.4f}'
#   description: Standard error of right ascension (ra_error)
#   meta: !!omap
#   - {ucd: ERROR}
#   - {width: 7}
#   - {precision: '4'}
# - name: e_DE_ICRS
#   unit: mas
#   datatype: float64
#   format: '{:7.4f}'
#   description: Standard error of declination (dec_error)
#   meta: !!omap
#   - {ucd: ERROR}
#   - {width: 7}
#   - {precision: '4'}
# - name: _r_1
#   unit: ''
#   datatype: float64
#   format: '{:7.4f}'
#   description: Distance from center (299.84280681000+38.54820605000)[ICRS], at Epoch=J2016.0
#   meta: !!omap
#   - {ucd: POS_ANG_DIST_GENERAL}
#   - {width: 7}
#   - {precision: '4'}
# - name: HIP
#   datatype: int32
#   description: '? HIP cross-id number, van Leeuwen, Cat. I/311 (hip_original_ext_source_id)'
#   meta: !!omap
#   - {ucd: ID_NUMBER}
#   - {width: 6}
#   - values: {'null': -2147483648}
# - name: TYC2
#   datatype: string
#   description: Tycho-2 cross-id name, Hog et al., Cat. I/259 (tyc2_original_ext_source_id)
#   meta: !!omap
#   - {ucd: ID_CROSSID}
#   - {_votable_string_dtype: char}
# - name: Source
#   datatype: int64
#   description: Source identifier, identical to the Gaia-EDR3 source_id (id)
#   meta: !!omap
#   - {ucd: ID_MAIN}
#   - {width: 19}
# - name: rgeo
#   unit: pc
#   datatype: float64
#   format: '{:15.8f}'
#   description: '? Median of the geometric distance posterior (r_med_geo)'
#   meta: !!omap
#   - {ucd: PHYS_DISTANCE_TRUE}
#   - {width: 15}
#   - {precision: '8'}
#   - values: {'null': .nan}
# - name: Plx
#   unit: mas
#   datatype: float64
#   format: '{:9.4f}'
#   description: '? Parallax (parallax)'
#   meta: !!omap
#   - {ucd: POS_PARLX_TRIG}
#   - {width: 9}
#   - {precision: '4'}
#   - values: {'null': .nan}
# - name: e_Plx
#   unit: mas
#   datatype: float32
#   format: '{:7.4f}'
#   description: '? Standard error of parallax (parallax_error)'
#   meta: !!omap
#   - {ucd: ERROR}
#   - {width: 7}
#   - {precision: '4'}
#   - values: {'null': .nan}
# - name: pmRA
#   unit: mas / yr
#   datatype: float64
#   format: '{:9.3f}'
#   description: '? Proper motion in right ascension direction, pmRA*cosDE (pmra)'
#   meta: !!omap
#   - {ucd: POS_EQ_PMRA}
#   - {width: 9}
#   - {precision: '3'}
#   - values: {'null': .nan}
# - name: pmDE
#   unit: mas / yr
#   datatype: float64
#   format: '{:9.3f}'
#   description: '? Proper motion in declination direction (pmdec)'
#   meta: !!omap
#   - {ucd: POS_EQ_PMDEC}
#   - {width: 9}
#   - {precision: '3'}
#   - values: {'null': .nan}
# - name: e_pmRA
#   unit: mas / yr
#   datatype: float32
#   format: '{:6.3f}'
#   description: '? Standard error of proper motion in right ascension direction (pmra_error)'
#   meta: !!omap
#   - {ucd: ERROR}
#   - {width: 6}
#   - {precision: '3'}
#   - values: {'null': .nan}
# - name: e_pmDE
[...]
#         value: !astropy.table.SerializedColumn {name: SkyCoord.dec}
#       distance: !astropy.table.SerializedColumn
#         __class__: astropy.coordinates.distances.Distance
#         unit: !astropy.units.Unit {unit: pc}
#         value: !astropy.table.SerializedColumn {name: SkyCoord.distance}
#       frame: icrs
#       obstime: !astropy.time.Time {format: jyear_str, in_subfmt: '*', jd1: 367701545.0, jd2: 0.0, out_subfmt: '*', precision: 3, scale: tt}
#       pm_dec: !astropy.table.SerializedColumn
#         __class__: astropy.units.quantity.Quantity
#         unit: !astropy.units.Unit {unit: mas / yr}
#         value: !astropy.table.SerializedColumn {name: SkyCoord.pm_dec}
#       pm_ra_cosdec: !astropy.table.SerializedColumn
#         __class__: astropy.units.quantity.Quantity
#         unit: !astropy.units.Unit {unit: mas / yr}
#         value: !astropy.table.SerializedColumn {name: SkyCoord.pm_ra_cosdec}
#       ra: !astropy.table.SerializedColumn
#         __class__: astropy.coordinates.angles.Longitude
#         unit: *id001
#         value: !astropy.table.SerializedColumn {name: SkyCoord.ra}
#         wrap_angle: !astropy.coordinates.Angle
#           unit: *id001
#           value: 360.0
#       representation_type: spherical
# schema: astropy-2.0
RA_ICRS_1 DE_ICRS_1 e_RA_ICRS e_DE_ICRS _r_1 HIP TYC2 Source rgeo Plx e_Plx pmRA pmDE e_pmRA e_pmDE RUWE Teff logg Gmag BP-RP BPmag RPmag RV e_RV b_rgeo B_rgeo FG e_FG FBP e_FBP FRP e_FRP RAVE5 RAVE6 e_Gmag e_BPmag e_RPmag e_BP-RP SkyCoord.ra SkyCoord.dec SkyCoord.distance SkyCoord.pm_ra_cosdec SkyCoord.pm_dec rmRA rmDE e_rmRA e_rmDE rRV e_rRV v_pec v_pec3d e_vpec e_vpec3d
[from data line 261]
300.24696532866 38.15087280803 0.0258 0.0298 30.496 "" "" 2072366323586176896 1065.65454 0.9115 0.0333 1.217 4.164 0.035 0.039 3.18 "" "" 13.628138 1.168247 14.129654 12.961407 -18.91 2.08 1027.78918 1101.34961 66633.34394 15.572 30448.0 15.561 51832.0 22.499 "" "" 0.0027669784747673875 0.0028448103 0.0038086537 0.006653464 300.24696532866 38.15087280803 1065.65454 1.217 4.164 4.244083396911622 12.045333351135254 0.07601922 0.08001922 -24.387999999999998 10.1779995 64.50967041692822 68.96573149978693 5.134154047048342 6.001454862932594
300.16683873884 38.95551108481 0.0096 0.0121 28.7596 "" "" 2072473040615818624 1186.8302 0.8159 0.0127 1.028 0.033 0.013 0.015 0.992 6408.2 4.0783 13.636712 0.821916 13.964714 13.142798 4.49 4.03 1171.3479 1201.94751 66109.22534 11.662 35443.0 24.806 43857.0 20.651 "" "" 0.002761969022927014 0.0028917955 0.0038138032 0.006705599 300.16683873884 38.95551108481 1186.8302 1.028 0.032999999999999745 4.055083396911622 7.914333351135254 0.05401922 0.05601922 -0.9879999999999995 12.128 50.02663450244827 50.03638979424422 2.781944677937585 2.7916925014938054
300.35720287113 38.95426566667 0.0096 0.0108 34.248 "" "" 2072475037804049792 1067.81921 0.9084 0.0121 -0.281 -1.261 0.013 0.014 0.906 6475.3 4.1864 13.637764 0.748536 13.933017 13.184481 -16.22 3.88 1054.49512 1081.8136 66045.21019 11.849 36493.0 24.192 42205.0 21.181 "" "" 0.0027621969877436397 0.00288151 0.003818459 0.006699969 300.35720287113 38.95426566667 1067.81921 -0.28100000000000025 -1.261 2.746083396911621 6.620333351135254 0.05401922 0.055019222 -21.698 11.978 36.276882358662036 42.27073926091434 1.9906418737101486 6.38135756007157
299.50296974079 38.8416997876 0.0189 0.0201 23.7352 "" "" 2072643022554871552 1317.32947 0.7284 0.0231 -0.953 -17.222 0.025 0.027 1.993 6297.3 4.1027 13.642407 0.755266 13.942826 13.18756 4.9 6.54 1286.62476 1352.81812 65763.35028 12.693 36165.0 22.537 42086.0 19.061 "" "" 0.002763277771421241 0.002871034 0.0038112376 0.0066822716 299.50296974079 38.8416997876 1317.32947 -0.9529999999999994 -17.222 2.0740833969116212 -9.340666648864747 0.06601922 0.06801922 -0.5779999999999994 14.638 59.74500859660439 59.74780444676049 4.058272896245847 4.060552965418217
299.91819809748 39.00105142391 0.0094 0.0114 27.3986 "" "" 2072463905247514880 1244.48474 0.775 0.0126 1.6 -3.234 0.013 0.016 0.957 6004.1 3.9741 13.648062 0.911959 14.018978 13.107019 -23.04 2.92 1229.65833 1260.44519 65421.71871 8.7076 33715.0 26.117 45326.0 18.232 "" "" 0.0027591072513589677 0.002914176 0.0038045314 0.0067187073 299.91819809748 39.00105142391 1244.48474 1.6000000000000003 -3.234 4.627083396911621 4.647333351135254 0.05401922 0.05701922 -28.518 11.018 38.68481833912425 48.06029019815677 2.1487879437962927 6.7627746637292825
300.52903163143 38.50689064512 0.0132 0.0157 32.3056 "" "" 2072400133570417792 1184.7832 0.8111 0.0166 4.054 -4.6 0.017 0.02 1.363 5785.0 3.7397 13.655377 1.080059 14.106664 13.026605 -19.89 4.23 1165.95691 1205.46338 64982.3975 16.957 31099.0 22.695 48811.0 17.819 "" "" 0.002769848330218483 0.0029004896 0.003800109 0.0067005986 300.52903163143 38.50689064512 1184.7832 4.0539999999999985 -4.6 7.081083396911621 3.2813333511352543 0.05801922 0.06101922 -25.368000000000002 12.327999 43.828597519013286 50.64070876758794 2.566634590298505 6.562965943785359
300.45805854875 38.60116959607 0.0106 0.0116 29.0345 "" "" 2072413258990561408 958.159241 1.0169 0.0134 -7.563 -5.897 0.014 0.015 1.029 5633.5 4.0047 13.657826 0.947461 14.049237 13.101776 -8.43 4.61 942.87793 972.112915 64836.01105 17.166 32789.0 37.701 45546.0 36.115 "" "" 0.0027702748133558316 0.0030567166 0.0038761974 0.0069329143 300.45805854875 38.60116959607 958.159241 -7.563000000000001 -5.896999999999997 -4.535916603088379 1.9843333511352537 0.055019222 0.05601922 -13.908 12.708 22.485702272343858 26.439350799149544 1.240785374653232 6.767617117794354
299.77062547484 38.10924219869 0.0752 0.0855 26.556 "" "" 2072286059241562624 1175.92786 0.8896 0.0966 -3.15 -1.972 0.108 0.117 7.623 6086.0 3.7357 13.65861 0.874731 13.997505 13.122774 -40.34 4.4 1047.08154 1300.20166 64789.17575 41.508 34389.0 22.0 44673.0 19.319 "" "" 0.002841766269447455 0.0028753264 0.0038084362 0.0066837627 299.77062547484 38.10924219869 1175.92786 -3.15 -1.972 -0.12291660308837882 5.909333351135254 0.14901923 0.15801921 -45.818000000000005 12.497999 32.94514634910678 56.43289636341612 5.205841579993114 10.592501664179391
299.89431896203 38.00366089973 0.0099 0.0105 32.7627 "" "" 2072280802201461120 1254.91418 0.7691 0.0118 0.139 -1.057 0.014 0.014 0.908 6404.9 4.1328 13.659678 0.795045 13.973488 13.178443 -12.48 3.6 1236.58545 1271.36377 64725.49815 12.213 35158.0 25.793 42441.0 24.19 "" "" 0.002762925939363818 0.0029016389 0.0038297107 0.0067313495 299.89431896203 38.00366089973 1254.91418 0.139 -1.057 3.1660833969116213 6.8243333511352535 0.055019222 0.055019222 -17.958 11.698 44.74904177202095 48.217906461335254 2.462057472488181 4.919559828910824
300.03746734533 38.37928414918 0.0101 0.0115 13.6513 "" "" 2072384946565084416 1076.45056 0.9037 0.0133 0.92 -1.077 0.013 0.014 0.992 6573.9 4.2227 13.673168 0.681995 13.937245 13.25525 9.26 20.41 1057.31238 1093.62329 63926.3068 13.472 36351.0 19.302 39542.0 14.244 "" "" 0.0027648044864516624 0.0028491083 0.003799565 0.006648673 300.03746734533 38.37928414918 1076.45056 0.92 -1.077 3.947083396911621 6.804333351135254 0.05401922 0.055019222 3.782 28.508 40.13673458634441 40.314525760011804 2.198255482170737 3.4557525695739106
299.66702740985 38.75516966066 0.0101 0.011 14.9011 "" "" 2072455212233543040 981.801086 0.9883 0.0127 0.409 -8.201 0.013 0.014 0.919 5812.3 4.1908 13.677652 0.833285 14.011708 13.178423 -21.16 2.95 969.202515 995.27124 63662.80728 12.255 33942.0 26.425 42441.0 15.518 "" "" 0.002763235697364857 0.002915399 0.0038001742 0.0067155734 299.66702740985 38.75516966066 981.801086 0.40900000000000025 -8.201000000000008 3.436083396911621 -0.3196666488647466 0.05401922 0.055019222 -26.637999999999998 11.047999 16.05967933804144 31.104603267695204 0.8676704226140094 9.472112841257173
299.68191763448 38.48781638103 0.0099 0.0112 8.3771 "" "" 2072353610489821696 885.667908 1.1006 0.0128 2.204 3.083 0.013 0.015 1.008 6241.8 4.2382 13.680913 0.8121 14.003284 13.191184 -39.36 4.71 875.196533 896.463135 63471.90997 10.33 34206.0 17.522 41945.0 23.069 "" "" 0.002760980483318995 0.0028450608 0.0038262643 0.0066713253 299.68191763448 38.48781638103 885.667908 2.2040000000000006 3.083000000000001 5.231083396911622 10.964333351135254 0.05401922 0.05601922 -44.838 12.808 50.99930268981942 67.90710654156767 2.8383055674598276 8.721427369889478
300.07515295433 38.14344674857 0.0093 0.0108 26.6332 "" "" 2072377249983310464 956.935791 1.0158 0.0118 0.184 -2.358 0.012 0.014 0.968 6185.9 4.19 13.681751 0.763327 13.978712 13.215385 -2.39 3.43 946.375 969.89917 63422.94631 11.374 34989.0 25.288 41021.0 18.411 "" "" 0.0027621915007969983 0.0028984156 0.0038106674 0.006709083 300.07515295433 38.14344674857 956.935791 0.18399999999999994 -2.358 3.2110833969116213 5.523333351135253 0.05301922 0.055019222 -7.868 11.528 28.979335692967577 30.028441871094554 1.579980321028656 3.383586275657369
300.44320776915 38.88897438806 0.0092 0.0116 34.7568 "" "" 2072427071605969664 1056.84692 0.9196 0.0125 -1.54 -0.12 0.013 0.014 0.907 6341.0 4.2457 13.684547 0.749961 13.979185 13.229224 -21.56 3.33 1044.77844 1069.31909 63259.77546 12.215 34974.0 18.549 40501.0 17.193 "" "" 0.0027632845613841128 0.0028489712 0.0038073822 0.0066563534 300.44320776915 38.88897438806 1056.84692 -1.54 -0.11999999999999951 1.487083396911621 7.761333351135254 0.05401922 0.055019222 -27.037999999999997 11.4279995 39.587278747618065 47.939608703467876 2.176671747512071 6.691341195824824
300.25973428557 38.55085374262 0.0136 0.0212 19.5646 "" "" 2072392746197155584 916.406189 1.0673 0.0183 0.61 -3.136 0.018 0.027 1.274 5940.0 4.122 13.691639 0.75661 13.789475 13.032866 19.86 4.56 902.897766 934.096619 62847.97416 27.247 41651.0 418.68 48530.0 606.6 "" "" 0.002795238016004572 0.01126494 0.01408757 0.02535251 300.25973428557 38.55085374262 916.406189 0.61 -3.136 3.637083396911621 4.745333351135254 0.05901922 0.06801922 14.382 12.657999 25.970691201108178 29.68701274064667 1.6837957935327843 6.306655859689852
299.98928146733 38.74151161434 0.0112 0.0115 13.4773 "" "" 2072444968707346944 1226.85168 0.7859 0.0133 -4.048 -2.172 0.015 0.015 1.041 6262.1 4.0299 13.694263 0.849965 14.033198 13.183233 -30.33 3.0 1204.21631 1247.13721 62696.25422 10.879 33277.0 32.863 42254.0 32.121 "" "" 0.0027617535115466844 0.0029891005 0.003868456 0.0068575563 299.98928146733 38.74151161434 1226.85168 -4.048 -2.172000000000002 -1.020916603088379 5.709333351135253 0.05601922 0.05601922 -35.808 11.098 33.727983757580624 49.19135851297077 1.8894153591762772 8.18180830553679
299.51255252123 38.23742410065 0.01 0.0112 24.2674 "" "" 2072332857208437760 1297.35864 0.7435 0.0127 4.037 -6.037 0.015 0.016 0.9 6222.0 4.0127 13.701861 0.843299 14.039117 13.195818 -55.77 3.62 1272.77295 1319.95886 62258.98553 10.837 33096.0 26.674 41767.0 21.249 "" "" 0.0027617938722999022 0.0029241708 0.0038195339 0.006743705 299.51255252123 38.23742410065 1297.35864 4.036999999999997 -6.036999999999999 7.064083396911621 1.844333351135254 0.05601922 0.05701922 -61.248000000000005 11.717999 44.8966114024686 75.94091926902304 2.517962197260976 9.56734223639511
299.85936140256 37.97519960162 0.01 0.0108 34.3892 "" "" 2072280733481962496 1170.20496 0.8297 0.0122 2.607 1.548 0.014 0.014 0.957 6761.2 4.1947 13.702383 0.680966 13.962883 13.281917 -7.71 5.55 1153.24097 1190.72021 62229.09775 15.319 35503.0 19.936 38583.0 21.058 "" "" 0.0027682532907555074 0.0028560024 0.0038255556 0.0066815577 299.85936140256 37.97519960162 1170.20496 2.607 1.548 5.634083396911621 9.429333351135254 0.055019222 0.055019222 -13.187999999999999 13.648 60.927497408215956 62.338457507610514 3.352183517987491 4.367002646087859
299.45447347294 38.98506653349 0.0091 0.0103 31.8918 "" "" 2072660820899507456 894.147217 1.0903 0.0114 6.475 11.08 0.012 0.014 0.973 6212.8 4.1848 13.702918 0.827674 14.032196 13.204522 -1.46 4.2 887.06012 903.303162 62198.44583 10.214 33307.0 20.21 41433.0 25.07 "" "" 0.0027610828900762815 0.0028668917 0.0038360541 0.0067029456 299.45447347294 38.98506653349 894.147217 6.475 11.079999999999993 9.50208339691162 18.961333351135252 0.05301922 0.055019222 -6.938 12.297999 89.88921688977325 90.15657023787394 4.910077102530521 4.986155017197904
300.07738890839 38.60460988036 0.0098 0.0114 11.5121 "" "" 2072439612911577600 1009.71637 0.9624 0.0127 -0.089 -4.531 0.013 0.014 0.952 6303.1 4.0788 13.709158 0.77978 14.014964 13.235184 -17.88 3.93 997.97699 1023.505 61842.02987 10.917 33840.0 17.465 40280.0 17.93 "" "" 0.002761978467687153 0.002845882 0.003810158 0.00665604 300.07738890839 38.60460988036 1009.71637 -0.0890000000000013 -4.531 2.938083396911621 3.350333351135254 0.05401922 0.055019222 -23.357999999999997 12.028 21.327271431952553 31.6298699132984 1.1641864076455628 8.917046268316282
299.5916601467 38.3199395128 0.0103 0.0116 18.0806 "" "" 2072339076320470784 1100.10596 0.8827 0.0132 -4.334 -9.64 0.014 0.016 0.918 6653.2 4.1456 13.721362 0.680387 13.983298 13.302912 6.65 6.05 1082.42676 1118.45093 61150.78886 13.896 34842.0 30.055 37844.0 17.207 "" "" 0.0027663445772358373 0.0029431619 0.003811487 0.006754649 299.5916601467 38.3199395128 1100.10596 -4.333999999999998 -9.64 -1.3069166030883785 -1.7586666488647467 0.055019222 0.05701922 1.1720000000000006 14.148 11.425519892688335 11.485472947084801 0.6434375213077219 1.579221342609423
299.92409064748 38.61488875839 0.0137 0.0142 5.5265 "" "" 2072437551327537024 1149.57825 0.8466 0.0169 -3.029 -7.595 0.017 0.018 1.38 5692.5 4.0423 13.726861 1.010258 14.142567 13.132309 6.73 9.89 1124.13489 1172.21191 60841.83086 34.209 30088.0 62.546 44283.0 89.641 "" "" 0.002822137441494654 0.0035887426 0.004371977 0.00796072 299.92409064748 38.61488875839 1149.57825 -3.0289999999999995 -7.594999999999999 -0.001916603088378821 0.28633335113525415 0.05801922 0.05901922 1.2520000000000007 17.987999 1.5602656416623901 2.0004831597771955 0.09208559049541058 11.257996799594814
299.30183093892 38.53324553518 0.0108 0.0124 25.4038 "" "" 2072539462304033920 1305.83826 0.741 0.0139 -2.564 -1.994 0.015 0.016 1.028 6462.4 3.8911 13.737616 0.7853 14.047399 13.262098 -26.18 5.23 1280.09082 1329.65894 60242.14755 10.961 32844.0 23.058 39293.0 20.61 "" "" 0.0027623929614902145 0.0028924132 0.0038220475 0.0067144604 299.30183093892 38.53324553518 1305.83826 -2.563999999999999 -1.9939999999999996 0.46308339691162104 5.887333351135254 0.05601922 0.05701922 -31.658 13.327999 36.553226019262645 48.35666754869798 2.0840135870161616 8.866600649521573
299.84343277381 38.23746771983 0.0102 0.0112 18.6443 "" "" 2072288567502280960 947.667297 1.0289 0.0131 -1.355 -7.297 0.014 0.014 0.952 6262.3 4.2455 13.740883 0.71828 14.02141 13.30313 13.93 3.89 935.452087 959.5495 60061.15663 11.742 33640.0 22.844 37836.0 16.426 "" "" 0.002763484150101414 0.00288594 0.0038086618 0.006694602 299.84343277381 38.23746771983 947.667297 -1.3549999999999986 -7.296999999999999 1.6720833969116211 0.5843333511352542 0.055019222 0.055019222 8.452 11.988 7.9563309252215735 11.607734739889482 0.4377511390708356 8.73403992241711
299.20236661857 38.55958558735 0.0119 0.0134 30.058 "" "" 2072542279807987456 1117.8064 0.8674 0.0148 0.202 -3.984 0.016 0.017 1.085 "" "" 13.742944 0.783215 14.048918 13.265702 -42.2 3.58 1101.61218 1138.85168 59947.26223 16.202 32798.0 22.145 39163.0 27.056 "" "" 0.00277090204165469 0.002884867 0.0038530973 0.006737964 299.20236661857 38.55958558735 1117.8064 0.20199999999999996 -3.984000000000003 3.229083396911621 3.897333351135254 0.05701922 0.05801922 -47.678000000000004 11.6779995 26.816504942376547 54.70207145368908 1.5450133066611902 10.206616464024748
300.28558638696 38.55415015582 0.0159 0.0176 20.7796 "" "" 2072393055463124224 991.210754 0.9791 0.0206 -2.21 -12.247 0.021 0.023 1.533 "" "" 13.743098 0.889244 14.0966 13.207356 -21.33 3.52 969.795776 1013.16113 59938.71262 17.606 31389.0 25.105 41325.0 14.959 "" "" 0.002773715454023909 0.0029221775 0.0037997619 0.0067219394 300.28558638696 38.55415015582 991.210754 -2.21 -12.247 0.8170833969116211 -4.365666648864746 0.06201922 0.06401922 -26.808 11.618 20.867539433617672 33.97238681655424 1.3345324260205174 9.204471975111359
299.89157043976 38.16300914691 0.01 0.0112 23.2254 "" "" 2072287158752950144 1081.41321 0.8958 0.0125 -5.879 -7.947 0.013 0.014 0.934 5311.9 4.055 13.744099 1.058247 14.193193 13.134946 -24.73 3.51 1066.47302 1095.32837 59883.4972 7.7682 28717.0 20.116 44175.0 17.853 "" "" 0.0027589176071156052 0.0028919685 0.0038047687 0.0066967374 299.89157043976 38.16300914691 1081.41321 -5.879 -7.9470000000000045 -2.8519166030883785 -0.06566664886474616 0.05401922 0.055019222 -30.208 11.608 14.622510042635946 33.56100510930787 0.7899044095003518 10.453937159856414
299.74835097596 38.2209542296 0.115 0.1237 20.1314 "" "" 2072334094158234496 1266.73413 0.889 0.1422 -3.608 -13.764 0.159 0.176 16.556 6002.5 4.3972 13.745352 1.064926 14.025175 12.960249 "" "" 1086.16895 1523.54736 59814.4555 33.348 33523.0 139.98 51887.0 246.01 "" "" 0.00282102936002416 0.0053234366 0.0063861716 0.011709608 299.74835097596 38.2209542296 1266.73413 -3.6080000000000036 -13.764 -0.580916603088379 -5.882666648864745 0.20001921 0.21701922 "" "" 35.493215286295154 "" 7.6971087383194225 ""
