Clusters/SAI_24/SAI_24_stars_in_region.tsv
# %ECSV 1.0
# ---
# datatype:
# - name: RA_ICRS_1
#   unit: deg
#   datatype: float64
#   format: '{:15.11f}'
#   description: Right ascension (ICRS) at Ep=2016.0 (ra)
#   meta: !!omap
#   - {ucd: POS_EQ_RA_MAIN}
#   - {width: 15}
#   - {precision: '11'}
# - name: DE_ICRS_1
#   unit: deg
#   datatype: float64
#   format: '{:15.11f}'
#   description: Declination (ICRS) at Ep=2016.0 (dec)
#   meta: !!omap
#   - {ucd: POS_EQ_DEC_MAIN}
#   - {width: 15}
#   - {precision: '11'}
# - name: e_RA_ICRS
#   unit: mas
#   datatype: float64
#   format: '{:7.4f}'
#   description: Standard error of right ascension (ra_error)
#   meta: !!omap
#   - {ucd: ERROR}
#   - {width: 7}
#   - {precision: '4'}
# - name: e_DE_ICRS
#   unit: mas
#   datatype: float64
#   format: '{:7.4f}'
#   description: Standard error of declination (dec_error)
#   meta: !!omap
#   - {ucd: ERROR}
#   - {width: 7}
#   - {precision: '4'}
# - name: _r_1
#   unit: ''
#   datatype: float64
#   format: '{:7.4f}'
#   description: Distance from center (044.78271647000+60.56129790000)[ICRS], at Epoch=J2016.0
#   meta: !!omap
#   - {ucd: POS_ANG_DIST_GENERAL}
#   - {width: 7}
#   - {precision: '4'}
# - name: HIP
#   datatype: int32
#   description: '? HIP cross-id number, van Leeuwen, Cat. I/311 (hip_original_ext_source_id)'
#   meta: !!omap
#   - {ucd: ID_NUMBER}
#   - {width: 6}
#   - values: {'null': -2147483648}
# - name: TYC2
#   datatype: string
#   description: Tycho-2 cross-id name, Hog et al., Cat. I/259 (tyc2_original_ext_source_id)
#   meta: !!omap
#   - {ucd: ID_CROSSID}
#   - {_votable_string_dtype: char}
# - name: Source
#   datatype: int64
#   description: Source identifier, identical to the Gaia-EDR3 source_id (id)
#   meta: !!omap
#   - {ucd: ID_MAIN}
#   - {width: 19}
# - name: rgeo
#   unit: pc
#   datatype: float64
#   format: '{:15.8f}'
#   description: '? Median of the geometric distance posterior (r_med_geo)'
#   meta: !!omap
#   - {ucd: PHYS_DISTANCE_TRUE}
#   - {width: 15}
#   - {precision: '8'}
#   - values: {'null': .nan}
# - name: Plx
#   unit: mas
#   datatype: float64
#   format: '{:9.4f}'
#   description: '? Parallax (parallax)'
#   meta: !!omap
#   - {ucd: POS_PARLX_TRIG}
#   - {width: 9}
#   - {precision: '4'}
#   - values: {'null': .nan}
# - name: e_Plx
#   unit: mas
#   datatype: float32
#   format: '{:7.4f}'
#   description: '? Standard error of parallax (parallax_error)'
#   meta: !!omap
#   - {ucd: ERROR}
#   - {width: 7}
#   - {precision: '4'}
#   - values: {'null': .nan}
# - name: pmRA
#   unit: mas / yr
#   datatype: float64
#   format: '{:9.3f}'
#   description: '? Proper motion in right ascension direction, pmRA*cosDE (pmra)'
#   meta: !!omap
#   - {ucd: POS_EQ_PMRA}
#   - {width: 9}
#   - {precision: '3'}
#   - values: {'null': .nan}
# - name: pmDE
#   unit: mas / yr
#   datatype: float64
#   format: '{:9.3f}'
#   description: '? Proper motion in declination direction (pmdec)'
#   meta: !!omap
#   - {ucd: POS_EQ_PMDEC}
#   - {width: 9}
#   - {precision: '3'}
#   - values: {'null': .nan}
# - name: e_pmRA
#   unit: mas / yr
#   datatype: float32
#   format: '{:6.3f}'
#   description: '? Standard error of proper motion in right ascension direction (pmra_error)'
#   meta: !!omap
#   - {ucd: ERROR}
#   - {width: 6}
#   - {precision: '3'}
#   - values: {'null': .nan}
# - name: e_pmDE
[...]
#         value: !astropy.table.SerializedColumn {name: SkyCoord.dec}
#       distance: !astropy.table.SerializedColumn
#         __class__: astropy.coordinates.distances.Distance
#         unit: !astropy.units.Unit {unit: pc}
#         value: !astropy.table.SerializedColumn {name: SkyCoord.distance}
#       frame: icrs
#       obstime: !astropy.time.Time {format: jyear_str, in_subfmt: '*', jd1: 367701545.0, jd2: 0.0, out_subfmt: '*', precision: 3, scale: tt}
#       pm_dec: !astropy.table.SerializedColumn
#         __class__: astropy.units.quantity.Quantity
#         unit: !astropy.units.Unit {unit: mas / yr}
#         value: !astropy.table.SerializedColumn {name: SkyCoord.pm_dec}
#       pm_ra_cosdec: !astropy.table.SerializedColumn
#         __class__: astropy.units.quantity.Quantity
#         unit: !astropy.units.Unit {unit: mas / yr}
#         value: !astropy.table.SerializedColumn {name: SkyCoord.pm_ra_cosdec}
#       ra: !astropy.table.SerializedColumn
#         __class__: astropy.coordinates.angles.Longitude
#         unit: *id001
#         value: !astropy.table.SerializedColumn {name: SkyCoord.ra}
#         wrap_angle: !astropy.coordinates.Angle
#           unit: *id001
#           value: 360.0
#       representation_type: spherical
# schema: astropy-2.0
RA_ICRS_1 DE_ICRS_1 e_RA_ICRS e_DE_ICRS _r_1 HIP TYC2 Source rgeo Plx e_Plx pmRA pmDE e_pmRA e_pmDE RUWE Teff logg Gmag BP-RP BPmag RPmag RV e_RV b_rgeo B_rgeo FG e_FG FBP e_FBP FRP e_FRP RAVE5 RAVE6 e_Gmag e_BPmag e_RPmag e_BP-RP SkyCoord.ra SkyCoord.dec SkyCoord.distance SkyCoord.pm_ra_cosdec SkyCoord.pm_dec rmRA rmDE e_rmRA e_rmDE rRV e_rRV v_pec v_pec3d e_vpec e_vpec3d
[from data line 245]
44.66981990334 60.80409471143 0.0163 0.0185 14.9406 "" "" 466145243161325696 2184.20386 0.4296 0.0275 0.604 0.206 0.025 0.025 1.009 "" "" 15.310927 1.352496 15.908579 14.556083 "" "" 2048.06274 2331.36938 14144.11063 3.2244 5915.4 7.959 11932.0 9.4311 "" "" 0.0027664150030996953 0.0031494545 0.003875588 0.0070250425 44.66981990334 60.80409471143 2184.20386 0.6039999999999999 0.2060000000000001 0.8143461474180221 0.12974999821186065 0.12242786 0.12242786 "" "" 8.537373446079766 "" 1.0452123474692914 ""
44.92822428816 60.46192477827 0.0165 0.023 7.3498 "" "" 464621698005782144 2066.01123 0.4551 0.0284 -0.294 -0.087 0.027 0.034 0.957 "" "" 15.325064 1.382875 15.940472 14.557597 "" "" 1960.96851 2196.26831 13961.15194 3.457 5744.2 9.4661 11916.0 9.139 "" "" 0.002768405170919604 0.003314572 0.0038700295 0.0071846014 44.92822428816 60.46192477827 2066.01123 -0.294 -0.087 -0.08365385258197783 -0.16325000178813934 0.12442786 0.13142785 "" "" 1.7963628640874454 "" 0.23353273234729224 ""
45.04871894432 60.4624125084 0.0291 0.041 9.8449 "" "" 463120280513830528 2087.35889 0.4722 0.0521 11.455 -0.323 0.053 0.065 1.956 7104.9 3.8644 15.347037 1.432435 15.990293 14.557858 "" "" 1899.32898 2445.61646 13681.44553 3.4893 5486.6 8.2265 11913.0 11.178 "" "" 0.002769199472465781 0.0032303573 0.0039142785 0.0071446355 45.04871894432 60.4624125084 2087.35889 11.455000000000002 -0.3230000000000009 11.665346147418022 -0.39925000178813935 0.15042786 0.16242786 "" "" 115.48546010723808 "" 17.373916978320786 ""
44.73097308726 60.65060584449 0.0165 0.0196 5.5709 "" "" 466140192279858048 2063.56592 0.448 0.0284 -0.373 0.198 0.027 0.027 1.031 7206.4 3.9446 15.353949 1.541291 16.06063 14.51934 "" "" 1945.745 2194.51733 13594.63204 3.2505 5142.4 6.6194 12343.0 12.529 "" "" 0.0027675227701321903 0.003120622 0.003936794 0.0070574163 44.73097308726 60.65060584449 2063.56592 -0.373 0.198 -0.16265385258197784 0.12174999821186067 0.12442786 0.12442786 "" "" 1.9872982473437635 "" 0.24727527299818375 ""
44.29015589634 60.72834774277 0.0161 0.0177 17.6169 "" "" 464691001600125312 1638.3136 0.5708 0.0307 1.406 -0.957 0.027 0.024 1.012 6556.9 3.906 15.368352 1.334837 15.957753 14.622916 "" "" 1562.98755 1727.71985 13415.47733 3.0323 5653.5 10.744 11220.0 12.306 "" "" 0.002766227565279795 0.003470225 0.003962549 0.0074327737 44.29015589634 60.72834774277 1638.3136 1.406 -0.957 1.616346147418022 -1.0332500017881392 0.12442786 0.121427864 "" "" 14.897381315184706 "" 1.8407960406501243 ""
45.41949581866 60.80050250724 0.0177 0.0221 23.5796 "" "" 466134076246303616 1711.90881 0.5529 0.0289 0.692 -2.67 0.03 0.032 1.056 8655.5 3.6418 15.382172 1.486479 16.054773 14.568295 "" "" 1630.68176 1821.82336 13245.80171 3.5071 5170.2 10.978 11799.0 11.16 "" "" 0.002770275986528638 0.00361936 0.0039164172 0.007535777 45.41949581866 60.80050250724 1711.90881 0.6920000000000001 -2.6700000000000035 0.9023461474180221 -2.7462500017881393 0.12742786 0.12942787 "" "" 23.456393648747312 "" 3.0313716405080298 ""
45.0346948008 60.62313727298 0.0162 0.0219 8.2992 "" "" 466126207866330752 1860.78271 0.5002 0.0299 1.588 -2.157 0.027 0.032 0.981 5214.7 3.5599 15.386826 1.773055 16.241926 14.468871 "" "" 1773.64392 1982.30139 13189.14308 3.4864 4351.6 6.5221 12930.0 8.8776 "" "" 0.0027702273472302564 0.00323003 0.0038521981 0.007082228 45.0346948008 60.62313727298 1860.78271 1.588000000000001 -2.1570000000000014 1.7983461474180222 -2.2332500017881394 0.12442786 0.12942787 "" "" 25.289970970598365 "" 3.224077512735142 ""
44.15049489964 60.76353737503 0.0174 0.0188 22.196 "" "" 464690658002734080 1645.38159 0.5746 0.0303 0.519 -2.541 0.027 0.025 1.032 7460.9 4.3083 15.400056 1.224173 15.928558 14.704386 "" "" 1564.97766 1740.81836 13029.39964 2.8589 5807.6 9.409 10409.0 8.2242 "" "" 0.0027656000372004645 0.0032983639 0.0038755161 0.00717388 44.15049489964 60.76353737503 1645.38159 0.5189999999999995 -2.5410000000000004 0.7293461474180222 -2.6172500017881393 0.12442786 0.12242786 "" "" 21.189969428541104 "" 2.5973196184197045 ""
44.60151259567 60.55809566489 0.0162 0.0203 5.3473 "" "" 464638259399655040 2044.34448 0.4623 0.0288 -1.923 -0.739 0.027 0.029 0.977 "" "" 15.405643 1.270004 15.951762 14.681758 "" "" 1922.67773 2192.76709 12962.51757 3.2241 5684.8 8.9042 10628.0 8.6215 "" "" 0.0027685223799260934 0.0032675853 0.0038806517 0.007148237 44.60151259567 60.55809566489 2044.34448 -1.9230000000000003 -0.7390000000000007 -1.7126538525819779 -0.8152500017881393 0.12442786 0.12642786 "" "" 18.380269757274466 "" 2.293852884953789 ""
44.87447340971 60.52211586709 0.0191 0.0259 3.5857 "" "" 466124008843141120 1920.76538 0.5046 0.0343 -0.21 0.155 0.032 0.037 1.16 "" "" 15.413407 1.482419 16.07887 14.596452 "" "" 1798.24939 2080.28345 12870.1582 24.229 5056.7 48.495 11497.0 58.161 "" "" 0.0034306893479518633 0.01077983 0.006667196 0.017447025 44.87447340971 60.52211586709 1920.76538 -0.21 0.155 0.00034614741802216353 0.07874999821186066 0.12942787 0.13442786 "" "" 0.7169806070945409 "" 0.09638210097201061 ""
44.09206981253 60.58931178831 0.0164 0.0197 20.4272 "" "" 464682755263112064 1632.15552 0.5868 0.0311 6.92 -0.692 0.027 0.027 1.001 6775.3 4.0569 15.427438 1.318956 16.005941 14.686985 "" "" 1556.98889 1720.14856 12704.90745 2.9959 5408.0 11.693 10577.0 9.8419 "" "" 0.002767189461553911 0.003646369 0.0039120824 0.0075584515 44.09206981253 60.58931178831 1632.15552 6.92 -0.6920000000000004 7.130346147418022 -0.7682500017881393 0.12442786 0.12442786 "" "" 55.48259596727544 "" 6.903580820238487 ""
44.46914860886 60.66323681991 0.0173 0.0191 11.0746 "" "" 464642760525184000 2096.67505 0.4503 0.0309 -0.41 -0.084 0.028 0.026 1.014 7488.1 3.8859 15.431314 1.449666 16.085537 14.635871 "" "" 1998.38745 2200.27026 12659.6253 3.2681 5025.8 9.2175 11087.0 10.093 "" "" 0.00276953943776836 0.0034278627 0.0039064884 0.007334351 44.46914860886 60.66323681991 2096.67505 -0.41000000000000036 -0.08400000000000021 -0.19965385258197782 -0.16025000178813936 0.12542786 0.12342786 "" "" 2.544300475184018 "" 0.31714211071047116 ""
44.7011249281 60.47657463197 0.0168 0.0211 5.6254 "" "" 464625340138060928 1718.65332 0.5487 0.0285 2.662 -1.484 0.028 0.031 1.042 6536.7 4.1153 15.432058 1.343962 16.025133 14.681171 "" "" 1656.73779 1792.74817 12650.96333 3.1335 5313.3 10.739 10634.0 13.888 "" "" 0.002768412868537372 0.0035497348 0.004036628 0.007586363 44.7011249281 60.47657463197 1718.65332 2.662 -1.4839999999999995 2.872346147418022 -1.5602500017881393 0.12542786 0.12842786 "" "" 26.62863197775967 "" 3.3583403901390896 ""
45.23015271171 60.39646120831 0.0393 0.0356 16.5167 "" "" 463116294779220608 1684.34302 0.5668 0.0532 -0.203 -0.833 0.064 0.047 1.111 "" "" 15.43237 1.356755 15.47468 14.117925 "" "" 1563.22705 1867.43823 12647.3206 8.7089 8821.5 724.49 17864.0 1917.9 "" "" 0.002854951167858591 0.08921271 0.116627164 0.20583987 45.23015271171 60.39646120831 1684.34302 -0.203 -0.833 0.007346147418022142 -0.9092500017881393 0.16142786 0.14442787 "" "" 7.259494280605252 "" 1.0484817946220109 ""
44.3791315013 60.62100254643 0.018 0.0194 12.4184 "" "" 464641179977235584 2138.9375 0.4305 0.0316 -0.662 0.549 0.03 0.026 1.026 8076.9 3.565 15.433722 1.564905 16.156853 14.591948 "" "" 2002.65137 2258.7605 12631.5892 2.9389 4706.3 7.136 11545.0 8.3509 "" "" 0.0027668757450535204 0.003239635 0.003860117 0.007099752 44.3791315013 60.62100254643 2138.9375 -0.6620000000000001 0.5490000000000005 -0.4516538525819779 0.4727499982118607 0.12742786 0.12342786 "" "" 6.628820336488329 "" 0.8309395040053892 ""
44.72920255599 60.93635535611 0.0276 0.0346 22.5581 "" "" 466148438616838656 2071.57666 0.4715 0.0503 -0.814 -0.469 0.043 0.046 1.89 6998.3 3.4676 15.433854 1.437501 16.066765 14.629264 "" "" 1882.66638 2387.98999 12630.04647 6.1423 5113.4 13.163 11155.0 13.319 "" "" 0.0028054579890708265 0.0039492566 0.0039955326 0.007944789 44.72920255599 60.93635535611 2071.57666 -0.8140000000000005 -0.4690000000000005 -0.6036538525819778 -0.5452500017881393 0.14042786 0.14342786 "" "" 7.987455544757975 "" 1.132490229861663 ""
44.87579140315 60.49461173987 0.0173 0.0247 4.8537 "" "" 464622728797921024 2136.99463 0.4459 0.0315 -0.18 0.029 0.029 0.037 0.965 8863.0 3.7005 15.435722 1.155409 15.92184 14.766431 "" "" 1965.50952 2306.49292 12608.3414 4.2349 5843.6 10.851 9830.7 11.913 "" "" 0.0027793487360975775 0.0034423445 0.004001853 0.0074441973 44.87579140315 60.49461173987 2136.99463 -0.18 0.029 0.030346147418022162 -0.047250001788139345 0.12642786 0.13442786 "" "" 0.5688199750057187 "" 0.07516485611216853 ""
44.22460737753 60.33727253131 0.0173 0.0198 21.2938 "" "" 464628088917040512 1945.96313 0.4844 0.0287 -0.431 0.012 0.028 0.026 0.992 6760.8 3.5486 15.442397 1.472402 16.109577 14.637176 "" "" 1829.953 2042.86731 12531.06003 4.9577 4915.7 13.196 11074.0 15.715 "" "" 0.002788602722614103 0.0040348517 0.0040813796 0.008116231 44.22460737753 60.33727253131 1945.96313 -0.43099999999999994 0.01199999999999998 -0.22065385258197784 -0.06425000178813935 0.12542786 0.12342786 "" "" 2.1198076974969604 "" 0.2655540115046637 ""
45.03413398028 60.4003736746 0.0199 0.0252 12.1849 "" "" 461618656871924352 1569.65796 0.6022 0.0328 1.708 -0.555 0.034 0.037 1.089 7179.7 4.2631 15.445283 1.424974 16.083406 14.658432 "" "" 1486.63147 1646.24487 12497.7976 3.139 5035.6 8.3777 10859.0 10.584 "" "" 0.0027687819808295574 0.0033238365 0.003924742 0.0072485786 45.03413398028 60.4003736746 1569.65796 1.7080000000000006 -0.5549999999999992 1.9183461474180221 -0.6312500017881394 0.13142785 0.13442786 "" "" 15.02571404375078 "" 1.9792467018095166 ""
44.53359160112 60.67743336905 0.0168 0.0199 10.116 "" "" 464640252264276864 2197.36719 0.4379 0.0309 0.462 -0.625 0.028 0.027 0.967 "" "" 15.455174 1.250031 15.987635 14.737603 "" "" 2071.88232 2351.41968 12384.46764 3.1298 5500.0 9.5347 10095.0 10.136 "" "" 0.0027689488326513418 0.0033656757 0.0039334646 0.00729914 44.53359160112 60.67743336905 2197.36719 0.4620000000000001 -0.6249999999999996 0.6723461474180221 -0.7012500017881393 0.12542786 0.12442786 "" "" 10.118617341928653 "" 1.2638944909858874 ""
44.18462675929 60.53840550613 0.4247 0.4737 17.6969 "" "" 464634754709634304 1676.68555 2.1856 0.7534 6.57 -0.771 0.72 0.658 19.891 "" "" 15.456719 1.75218 15.879406 14.127226 -1.21 6.92 595.820618 3622.92358 12366.84743 11.477 6076.5 10.356 17712.0 26.09 "" "" 0.0029337813414365066 0.0033479822 0.0041038394 0.0074518216 44.18462675929 60.53840550613 1676.68555 6.57 -0.7709999999999982 6.780346147418022 -0.8472500017881394 0.8174279 0.75542784 43.1975 13.735001 54.30579912579881 69.3912373786605 44.34124491476927 35.73945845301905
44.95895517318 60.84401723471 0.0162 0.0205 17.7348 "" "" 466149228890937472 2047.83923 0.4572 0.0286 -0.718 -2.99 0.025 0.028 0.97 8432.3 4.1623 15.457397 1.208326 15.97446 14.766133 "" "" 1943.78564 2200.01855 12359.13014 3.0639 5567.2 8.1006 9833.4 7.8533 "" "" 0.0027684357789702 0.0032063758 0.003877577 0.0070839524 44.95895517318 60.84401723471 2047.83923 -0.7179999999999984 -2.9899999999999967 -0.5076538525819778 -3.0662500017881396 0.12242786 0.12542786 "" "" 30.16850612227124 "" 3.7815845648179254 ""
44.8551823864 60.56050750235 0.0181 0.0216 2.1375 "" "" 466127066859842176 2001.70166 0.4628 0.0318 -0.092 0.249 0.031 0.031 0.99 5534.8 3.5761 15.462625 1.67235 16.234009 14.561659 "" "" 1869.45593 2130.59131 12299.7593 13.555 4383.4 31.053 11871.0 49.636 "" "" 0.0030039136621771343 0.0081820395 0.0059070494 0.014089089 44.8551823864 60.56050750235 2001.70166 -0.09200000000000005 0.24899999999999997 0.11834614741802216 0.17274999821186066 0.12842786 0.12842786 "" "" 1.986801275828494 "" 0.255160642300795 ""
45.24242560637 60.48236116737 0.0201 0.0244 14.3757 "" "" 463121242586492672 1855.30994 0.5019 0.0321 0.701 -0.922 0.033 0.036 1.057 5885.4 3.4035 15.464237 2.247119 16.641962 14.394843 8.37 5.13 1760.77966 1985.79419 12281.51724 4.1732 3010.5 6.9812 13843.0 13.473 "" "" 0.0027799095674135585 0.0037582184 0.003924331 0.00768255 45.24242560637 60.48236116737 1855.30994 0.7010000000000003 -0.9220000000000008 0.9113461474180221 -0.9982500017881394 0.13042787 0.13342786 52.777499999999996 11.945001 11.886954702289035 54.0995766928381 1.569940481660656 11.65819516229474
44.65863727995 60.36081136581 0.0199 0.0243 12.5767 "" "" 464619980018932608 1906.04688 0.488 0.034 -0.37 -0.039 0.034 0.037 1.05 8632.6 3.6801 15.47402 1.129886 15.947243 14.817357 "" "" 1801.82227 2044.04041 12171.35481 4.0953 5708.5 10.983 9380.3 14.065 "" "" 0.002779432796693698 0.0034854934 0.004115097 0.0076005906 44.65863727995 60.36081136581 1906.04688 -0.37 -0.03899999999999988 -0.15965385258197784 -0.11525000178813935 0.13142785 0.13442786 "" "" 1.7789778832753778 "" 0.2356491990700713 ""
44.60545573675 60.64761099958 0.0219 0.0251 7.3534 "" "" 464639908667070208 2095.19482 0.4353 0.0388 -0.61 -0.115 0.036 0.034 1.239 "" "" 15.475555 1.814242 16.343948 14.529706 "" "" 1957.14307 2264.30615 12154.14578 16.716 3961.3 21.023 12226.0 47.854 "" "" 0.0031339402563498805 0.0064021028 0.0056871492 0.0120892525 44.60545573675 60.64761099958 2095.19482 -0.6099999999999999 -0.11500000000000016 -0.39965385258197783 -0.19125000178813933 0.13342786 0.13142785 "" "" 4.4001009786142 "" 0.5854663313473099 ""
44.83359716521 60.45928765201 0.0188 0.0253 6.3024 "" "" 464622350840820352 2283.88989 0.4114 0.0321 -0.262 -0.024 0.032 0.037 1.082 9078.1 3.5687 15.480118 1.17772 15.977217 14.799497 "" "" 2131.56323 2482.69336 12103.18446 3.0935 5553.0 10.029 9535.9 10.358 "" "" 0.002769259796978992 0.0034103014 0.003959112 0.007369413 44.83359716521 60.45928765201 2283.88989 -0.262 -0.024000000000000004 -0.051653852581977855 -0.10025000178813934 0.12942787 0.13442786 "" "" 1.2208605049361727 "" 0.16285602463070065 ""
44.73720227481 60.70353641819 0.0173 0.021 8.6388 "" "" 466140604596689280 2159.37036 0.4334 0.0328 -0.074 0.325 0.028 0.028 0.996 9020.5 3.8529 15.480519 1.178875 15.981191 14.802316 "" "" 2023.74829 2364.50879 12098.71156 7.1995 5532.7 12.616 9511.1 16.114 "" "" 0.002830054969920352 0.0037302068 0.0042032655 0.007933472 44.73720227481 60.70353641819 2159.37036 -0.07400000000000002 0.32500000000000007 0.13634614741802215 0.24874999821186067 0.12542786 0.12542786 "" "" 2.9034472044200026 "" 0.3641731608831254 ""
44.50340777601 60.47846782279 0.0166 0.0201 9.6289 "" "" 464624446784878720 2090.87646 0.451 0.0291 -0.547 -1.236 0.027 0.027 1.002 8351.3 4.2954 15.485718 1.310607 16.050995 14.740388 "" "" 1963.58093 2245.11548 12040.91788 4.0897 5188.2 15.873 10069.0 13.196 "" "" 0.0027798886819721948 0.004338093 0.0040383693 0.008376462 44.50340777601 60.47846782279 2090.87646 -0.5470000000000002 -1.236 -0.3366538525819779 -1.3122500017881393 0.12442786 0.12442786 "" "" 13.426551832311707 "" 1.6706371447751986 ""
44.74075683464 60.62900501194 0.0187 0.0218 4.2463 "" "" 466128406889609984 2227.09424 0.4179 0.0341 -0.185 0.087 0.033 0.033 0.958 9249.8 4.0551 15.489569 1.196811 15.997293 14.800483 "" "" 2084.71777 2412.89648 11998.28235 3.533 5451.3 10.398 9527.2 12.777 "" "" 0.0027738061254259047 0.0034747617 0.0040501757 0.0075249374 44.74075683464 60.62900501194 2227.09424 -0.185 0.08699999999999997 0.025346147418022158 0.01074999821186065 0.13042787 0.13042787 "" "" 0.2906354422524177 "" 0.03790696085819826 ""
44.4690476579 60.55760958106 0.0164 0.0193 9.2531 "" "" 464637812722890240 1673.6051 0.5669 0.0291 -1.745 2.06 0.026 0.026 0.968 7176.8 4.2809 15.507421 1.312779 16.083761 14.770983 "" "" 1597.35583 1767.40857 11802.61845 2.8572 5034.0 8.2009 9789.6 9.4414 "" "" 0.0027678281577370803 0.0033035758 0.003921758 0.0072253337 44.4690476579 60.55760958106 1673.6051 -1.745 2.060000000000001 -1.534653852581978 1.9837499982118607 0.12342786 0.12342786 "" "" 19.896256836156805 "" 2.455752412028154 ""
