Clusters/SAI_24/SAI_24_members.tsv
# %ECSV 1.0
# ---
# datatype:
# - name: RA_ICRS_1
#   unit: deg
#   datatype: float64
#   format: '{:15.11f}'
#   description: Right ascension (ICRS) at Ep=2016.0 (ra)
#   meta: !!omap
#   - {ucd: POS_EQ_RA_MAIN}
#   - {width: 15}
#   - {precision: '11'}
# - name: DE_ICRS_1
#   unit: deg
#   datatype: float64
#   format: '{:15.11f}'
#   description: Declination (ICRS) at Ep=2016.0 (dec)
#   meta: !!omap
#   - {ucd: POS_EQ_DEC_MAIN}
#   - {width: 15}
#   - {precision: '11'}
# - name: e_RA_ICRS
#   unit: mas
#   datatype: float64
#   format: '{:7.4f}'
#   description: Standard error of right ascension (ra_error)
#   meta: !!omap
#   - {ucd: ERROR}
#   - {width: 7}
#   - {precision: '4'}
# - name: e_DE_ICRS
#   unit: mas
#   datatype: float64
#   format: '{:7.4f}'
#   description: Standard error of declination (dec_error)
#   meta: !!omap
#   - {ucd: ERROR}
#   - {width: 7}
#   - {precision: '4'}
# - name: _r_1
#   unit: ''
#   datatype: float64
#   format: '{:7.4f}'
#   description: Distance from center (044.78271647000+60.56129790000)[ICRS], at Epoch=J2016.0
#   meta: !!omap
#   - {ucd: POS_ANG_DIST_GENERAL}
#   - {width: 7}
#   - {precision: '4'}
# - name: HIP
#   datatype: int32
#   description: '? HIP cross-id number, van Leeuwen, Cat. I/311 (hip_original_ext_source_id)'
#   meta: !!omap
#   - {ucd: ID_NUMBER}
#   - {width: 6}
#   - values: {'null': -2147483648}
# - name: TYC2
#   datatype: string
#   description: Tycho-2 cross-id name, Hog et al., Cat. I/259 (tyc2_original_ext_source_id)
#   meta: !!omap
#   - {ucd: ID_CROSSID}
#   - {_votable_string_dtype: char}
# - name: Source
#   datatype: int64
#   description: Source identifier, identical to the Gaia-EDR3 source_id (id)
#   meta: !!omap
#   - {ucd: ID_MAIN}
#   - {width: 19}
# - name: rgeo
#   unit: pc
#   datatype: float64
#   format: '{:15.8f}'
#   description: '? Median of the geometric distance posterior (r_med_geo)'
#   meta: !!omap
#   - {ucd: PHYS_DISTANCE_TRUE}
#   - {width: 15}
#   - {precision: '8'}
#   - values: {'null': .nan}
# - name: Plx
#   unit: mas
#   datatype: float64
#   format: '{:9.4f}'
#   description: '? Parallax (parallax)'
#   meta: !!omap
#   - {ucd: POS_PARLX_TRIG}
#   - {width: 9}
#   - {precision: '4'}
#   - values: {'null': .nan}
# - name: e_Plx
#   unit: mas
#   datatype: float32
#   format: '{:7.4f}'
#   description: '? Standard error of parallax (parallax_error)'
#   meta: !!omap
#   - {ucd: ERROR}
#   - {width: 7}
#   - {precision: '4'}
#   - values: {'null': .nan}
# - name: pmRA
#   unit: mas / yr
#   datatype: float64
#   format: '{:9.3f}'
#   description: '? Proper motion in right ascension direction, pmRA*cosDE (pmra)'
#   meta: !!omap
#   - {ucd: POS_EQ_PMRA}
#   - {width: 9}
#   - {precision: '3'}
#   - values: {'null': .nan}
# - name: pmDE
#   unit: mas / yr
#   datatype: float64
#   format: '{:9.3f}'
#   description: '? Proper motion in declination direction (pmdec)'
#   meta: !!omap
#   - {ucd: POS_EQ_PMDEC}
#   - {width: 9}
#   - {precision: '3'}
#   - values: {'null': .nan}
# - name: e_pmRA
#   unit: mas / yr
#   datatype: float32
#   format: '{:6.3f}'
#   description: '? Standard error of proper motion in right ascension direction (pmra_error)'
#   meta: !!omap
#   - {ucd: ERROR}
#   - {width: 6}
#   - {precision: '3'}
#   - values: {'null': .nan}
# - name: e_pmDE
[...]
#       distance: !astropy.table.SerializedColumn
#         __class__: astropy.coordinates.distances.Distance
#         unit: !astropy.units.Unit {unit: pc}
#         value: !astropy.table.SerializedColumn {name: SkyCoord.distance}
#       frame: icrs
#       obstime: !astropy.time.Time {format: jyear_str, in_subfmt: '*', jd1: 367701545.0, jd2: 0.0, out_subfmt: '*', precision: 3, scale: tt}
#       pm_dec: !astropy.table.SerializedColumn
#         __class__: astropy.units.quantity.Quantity
#         unit: !astropy.units.Unit {unit: mas / yr}
#         value: !astropy.table.SerializedColumn {name: SkyCoord.pm_dec}
#       pm_ra_cosdec: !astropy.table.SerializedColumn
#         __class__: astropy.units.quantity.Quantity
#         unit: !astropy.units.Unit {unit: mas / yr}
#         value: !astropy.table.SerializedColumn {name: SkyCoord.pm_ra_cosdec}
#       ra: !astropy.table.SerializedColumn
#         __class__: astropy.coordinates.angles.Longitude
#         unit: *id001
#         value: !astropy.table.SerializedColumn {name: SkyCoord.ra}
#         wrap_angle: !astropy.coordinates.Angle
#           unit: *id001
#           value: 360.0
#       representation_type: spherical
# schema: astropy-2.0
RA_ICRS_1 DE_ICRS_1 e_RA_ICRS e_DE_ICRS _r_1 HIP TYC2 Source rgeo Plx e_Plx pmRA pmDE e_pmRA e_pmDE RUWE Teff logg Gmag BP-RP BPmag RPmag RV e_RV b_rgeo B_rgeo FG e_FG FBP e_FBP FRP e_FRP RAVE5 RAVE6 e_Gmag e_BPmag e_RPmag e_BP-RP SkyCoord.ra SkyCoord.dec SkyCoord.distance SkyCoord.pm_ra_cosdec SkyCoord.pm_dec rmRA rmDE e_rmRA e_rmDE rRV e_rRV v_pec v_pec3d e_vpec e_vpec3d Pmemb
44.84654273434 60.56653289743 0.0152 0.0195 1.9081 13924 4048-1817-1 466127062559750528 1947.81201 0.4879 0.0274 -0.331 -0.079 0.025 0.028 1.261 "" "" 7.81642 0.536023 7.998351 7.462328 "" "" 1835.78003 2044.14526 14072748.75049 4434.0 8631300.0 4563.5 8207800.0 3193.9 "" "" 0.0027764753458035807 0.0028486096 0.0038029235 0.006651533 44.84654273434 60.56653289743 1947.81201 -0.33099999999999996 -0.07899999999999997 -0.12065385258197786 -0.15525000178813936 0.12242786 0.12542786 "" "" 1.8153310228013855 "" 0.22565782582695465 "" 1.0
44.83294601571 60.59680869304 0.0077 0.0096 2.5945 "" 4048-1768-1 466127444816945280 2079.5835 0.4583 0.0138 -0.301 0.053 0.013 0.013 1.043 41351.4 4.0338 9.165968 0.975562 9.548968 8.573406 "" "" 2015.04028 2130.04053 4060313.72716 2214.3 2069300.0 2645.1 2949800.0 4699.6 "" "" 0.0028182231384069386 0.0031162766 0.0041564275 0.007272704 44.83294601571 60.59680869304 2079.5835 -0.30100000000000005 0.052999999999999985 -0.09065385258197783 -0.023250001788139345 0.11042786 0.11042786 "" "" 0.922516458241753 "" 0.10187151501915842 "" 0.8
45.0875864907 60.57300317826 0.0092 0.0135 9.0162 "" 4048-848-1 466125108354725248 1914.81836 0.5061 0.0158 -0.117 0.079 0.016 0.021 0.901 5792.6 2.4202 10.761001 0.729145 11.036209 10.307064 "" "" 1854.44824 1970.45752 934429.65151 216.83 525940.0 272.73 597490.0 176.89 "" "" 0.0027668146208863504 0.0028464075 0.0037930263 0.006639434 45.0875864907 60.57300317826 1914.81836 -0.11699999999999992 0.07900000000000004 0.09334614741802215 0.0027499982118606575 0.11342786 0.11842786 "" "" 0.8475995247030135 "" 0.09614515827398969 "" 0.9
44.85731324234 60.57101841167 0.0136 0.0166 2.2755 "" "" 466127066859833984 1900.10071 0.4802 0.024 -0.278 -0.047 0.022 0.024 1.306 6420.3 2.8159 11.414743 0.637707 11.647251 11.009544 "" "" 1800.10876 2019.76123 511739.86991 269.42 299580.0 236.39 312850.0 384.75 "" "" 0.002813989166257261 0.0029187365 0.004008323 0.0069270595 44.85731324234 60.57101841167 1900.10071 -0.278 -0.046999999999999945 -0.06765385258197787 -0.12325000178813934 0.11942786 0.121427864 "" "" 1.2662865904261464 "" 0.15317980102699175 "" 0.9
44.70283382637 60.57154607501 0.0086 0.0103 2.4343 "" 4048-572-1 464626989405458176 1899.9386 0.5013 0.0153 -0.091 0.095 0.014 0.014 1.055 "" "" 12.131206 0.694756 12.392921 11.698164 "" "" 1849.75647 1955.71887 264523.77349 51.783 150750.0 69.997 165920.0 52.463 "" "" 0.0027635057317952063 0.0028353482 0.003794942 0.0066302903 44.70283382637 60.57154607501 1899.9386 -0.09099999999999994 0.09500000000000007 0.11934614741802216 0.018749998211860658 0.11142786 0.11142786 "" "" 1.0879800442043075 "" 0.1212312863858169 "" 0.8
44.8240216016 60.62304135702 0.0073 0.009 3.8994 "" "" 466128230790853504 2002.4801 0.4829 0.0131 -0.123 -0.064 0.012 0.013 0.975 "" "" 12.346897 0.75233 12.634666 11.882336 "" "" 1937.01343 2080.18335 216864.17696 37.819 120660.0 71.52 140030.0 46.683 "" "" 0.002761818191656824 0.0028634274 0.0037966752 0.006660103 44.8240216016 60.62304135702 2002.4801 -0.123 -0.064 0.08734614741802216 -0.14025000178813934 0.10942786 0.11042786 "" "" 1.568278543848515 "" 0.17274478796656612 "" 1.0
44.55168217504 60.64814886047 0.0076 0.0084 8.5702 "" 4048-466-1 464639943026638080 1975.3833 0.4852 0.0134 -0.311 0.231 0.012 0.011 1.008 6435.2 3.2406 12.354271 0.741509 12.637128 11.895618 "" "" 1925.42053 2032.04224 215396.3682 46.112 120380.0 93.131 138330.0 62.725 "" "" 0.0027651066926827066 0.0029138632 0.003811313 0.0067251762 44.55168217504 60.64814886047 1975.3833 -0.31100000000000017 0.2310000000000001 -0.10065385258197784 0.15474999821186067 0.10942786 0.10842786 "" "" 1.728508865960516 "" 0.18793404322016172 "" 0.8
44.84452768771 60.39734097833 0.0089 0.0115 10.0057 "" "" 464621045170792192 1997.04395 0.4742 0.0145 -0.303 -0.217 0.015 0.017 1.034 "" "" 12.721195 0.627755 12.953793 12.326037 "" "" 1943.61743 2052.12207 153627.39538 72.375 89929.0 128.13 93056.0 115.95 "" "" 0.0028023953922314245 0.0031903123 0.0040142173 0.00720453 44.84452768771 60.39734097833 1997.04395 -0.30300000000000005 -0.21700000000000003 -0.09265385258197784 -0.2932500017881393 0.11242786 0.114427865 "" "" 2.9111615589870796 "" 0.3325937326186161 "" 0.9
44.84606545878 60.56876211311 0.0106 0.0104 1.9209 "" "" 466127268721272448 2159.73901 0.441 0.0162 -0.338 -0.092 0.019 0.015 0.963 13649.7 3.737 12.892674 0.755618 13.176942 12.421324 "" "" 2084.81006 2220.22852 131182.81059 24.873 73222.0 57.433 85237.0 75.074 "" "" 0.0027629998981145184 0.0029172418 0.003898487 0.0068157287 44.84606545878 60.56876211311 2159.73901 -0.3380000000000001 -0.09199999999999997 -0.12765385258197787 -0.16825000178813934 0.11642786 0.11242786 "" "" 2.162043464938586 "" 0.24626866391794108 "" 1.0
44.54416834727 60.58018752447 0.0073 0.0087 7.1234 "" "" 464638602997032704 2024.54199 0.46 0.0134 -0.401 0.112 0.012 0.012 0.945 "" "" 13.014616 0.639735 13.251848 12.612113 "" "" 1981.36865 2080.45874 117246.64084 31.306 68340.0 53.027 71501.0 42.021 "" "" 0.002770529312265943 0.0029145803 0.0038328683 0.006747449 44.54416834727 60.58018752447 2024.54199 -0.401 0.11200000000000002 -0.19065385258197787 0.03574999821186066 0.10942786 0.10942786 "" "" 1.8614640828538693 "" 0.20369603453326193 "" 1.0
44.59970197524 60.57948140614 0.0088 0.0106 5.5047 "" "" 464638426899315456 2001.48938 0.4644 0.0155 -0.14 -0.023 0.014 0.014 1.193 6740.1 3.6186 13.06978 0.660821 13.310853 12.650032 "" "" 1941.92932 2056.64526 111438.31352 27.697 64726.0 41.006 69047.0 28.079 "" "" 0.0027685029263355117 0.0028737055 0.0038050856 0.006678791 44.59970197524 60.57948140614 2001.48938 -0.14 -0.022999999999999944 0.07034614741802214 -0.09925000178813934 0.11142786 0.11142786 "" "" 1.1541172164798508 "" 0.12860080985786584 "" 1.0
44.58823176172 60.55578048326 0.0072 0.0092 5.7453 "" "" 464638259399657856 2020.42847 0.4601 0.0132 -0.182 -0.036 0.012 0.013 1.023 "" "" 13.290646 0.64682 13.528796 12.881976 "" "" 1978.58337 2070.53418 90926.06743 73.43 52954.0 136.31 55766.0 123.48 "" "" 0.002891470065038977 0.0039491826 0.0044792183 0.0084284 44.58823176172 60.55578048326 2020.42847 -0.182 -0.036 0.02834614741802216 -0.11225000178813935 0.10942786 0.11042786 "" "" 1.108745871244968 "" 0.12237024729628446 "" 0.9
44.98131805246 60.56461347451 0.0089 0.0118 5.8597 "" "" 466124489879450112 1893.26196 0.4915 0.0155 -0.131 0.101 0.015 0.018 1.069 "" "" 13.394722 0.796201 13.698936 12.902736 "" "" 1843.27185 1948.15051 82614.83346 24.013 45273.0 48.968 54710.0 40.956 "" "" 0.0027733340264852148 0.003027234 0.0038657917 0.0068930257 44.98131805246 60.56461347451 1893.26196 -0.131 0.10100000000000002 0.07934614741802215 0.024749998211860663 0.11242786 0.11542786 "" "" 0.7458937294349139 "" 0.08406005702695822 "" 1.0
44.98677853872 60.60192559017 0.008 0.0104 6.4892 "" "" 466124696037856384 1901.79651 0.4951 0.0148 -0.227 0.111 0.013 0.015 0.962 6292.1 3.576 13.504462 0.852269 13.83436 12.982091 "" "" 1852.36731 1947.69006 74672.71017 59.584 39964.0 116.62 50854.0 106.0 "" "" 0.0028883121615515595 0.0042217616 0.004405154 0.0086269155 44.98677853872 60.60192559017 1901.79651 -0.22699999999999998 0.11100000000000003 -0.01665385258197785 0.03474999821186066 0.11042786 0.11242786 "" "" 0.34737048819205585 "" 0.03892529913618152 "" 1.0
44.60204348909 60.57971828865 0.0102 0.0112 5.4399 "" "" 464638426899315584 2020.97095 0.465 0.0173 -0.228 0.088 0.017 0.015 1.151 "" "" 13.709252 0.767103 13.993513 13.22641 "" "" 1947.73718 2086.00684 61836.61396 13.604 34515.0 40.558 40606.0 37.744 "" "" 0.0027656543493593303 0.0030680273 0.003911807 0.0069798343 44.60204348909 60.57971828865 2020.97095 -0.22800000000000004 0.08799999999999995 -0.017653852581977852 0.011749998211860652 0.114427865 0.11242786 "" "" 0.20314679802710875 "" 0.02312168306489424 "" 1.0
44.65203924311 60.50807033945 0.0084 0.0106 5.0074 "" "" 464626164771771136 1978.85913 0.4777 0.0155 -0.347 0.004 0.014 0.016 0.979 "" "" 13.80627 0.778709 14.104408 13.325699 "" "" 1905.81018 2049.3418 56550.82 27.917 31164.0 52.068 37058.0 50.42 "" "" 0.0028069683465298517 0.0033280198 0.0040578204 0.00738584 44.65203924311 60.50807033945 1978.85913 -0.347 0.004000000000000014 -0.13665385258197782 -0.07225000178813934 0.11142786 0.11342786 "" "" 1.449908926700819 "" 0.16219818090437405 "" 1.0
44.7067838025 60.50843991213 0.0086 0.0111 3.8834 "" "" 464625511936736384 2091.18896 0.4439 0.0149 -0.059 -0.032 0.014 0.016 0.998 "" "" 13.812684 0.7689 14.108879 13.339979 "" "" 2028.93359 2151.36353 56217.70239 9.9251 31036.0 16.196 36574.0 18.761 "" "" 0.0027619797612190976 0.002847116 0.0038201974 0.006667313 44.7067838025 60.50843991213 2091.18896 -0.059000000000000045 -0.03199999999999995 0.15134614741802216 -0.10825000178813934 0.11142786 0.11342786 "" "" 1.8444142875996867 "" 0.20677495240665453 "" 0.8
44.5039072791 60.58324268736 0.0091 0.0109 8.324 "" "" 464639324551369856 2015.76526 0.4653 0.017 -0.305 0.207 0.015 0.015 1.039 "" "" 13.910962 0.793041 14.215585 13.422544 "" "" 1952.06323 2087.20703 51352.54757 10.912 28131.0 19.175 33895.0 22.779 "" "" 0.0027649623076971552 0.0028866513 0.0038491737 0.006735825 44.5039072791 60.58324268736 2015.76526 -0.30499999999999994 0.20700000000000002 -0.09465385258197784 0.13074999821186065 0.11242786 0.11242786 "" "" 1.542279615829971 "" 0.17339519749810164 "" 1.0
45.05625498769 60.57368274701 0.0104 0.0137 8.0991 "" "" 466124386800221440 2120.44604 0.4358 0.0175 -0.069 0.083 0.018 0.021 1.06 11424.3 3.8228 13.992395 0.902491 14.347598 13.445107 "" "" 2050.56226 2191.65649 47641.83109 46.324 24910.0 80.069 33198.0 90.475 "" "" 0.0029506438388835644 0.0044681723 0.0047999215 0.009268094 45.05625498769 60.57368274701 2120.44604 -0.069 0.08300000000000002 0.14134614741802215 0.006749998211860661 0.11542786 0.11842786 "" "" 1.4222770217788774 "" 0.16418022615074643 "" 0.8
44.89603048559 60.53532960694 0.0099 0.0128 3.6882 "" "" 466124043202874624 2103.1145 0.4426 0.0175 -0.193 0.087 0.017 0.019 1.028 "" "" 13.99895 0.965397 14.383689 13.418292 "" "" 2008.91223 2182.95581 47355.08375 38.633 24096.0 73.199 34028.0 76.772 "" "" 0.0028941942511996614 0.004320133 0.004503792 0.008823926 44.89603048559 60.53532960694 2103.1145 -0.193 0.087 0.01734614741802215 0.01074999821186065 0.114427865 0.11642786 "" "" 0.20343391927316745 "" 0.023392121310320462 "" 0.9
44.46761062006 60.59925978043 0.0095 0.0112 9.5621 "" "" 464638121960523648 2063.96655 0.4487 0.0192 -0.381 0.094 0.016 0.016 1.006 7165.5 3.6612 14.013299 0.740268 14.287 13.546732 "" "" 1981.0 2152.85181 46733.39372 13.544 26340.0 43.116 30232.0 35.515 "" "" 0.0027732294168150485 0.0033081179 0.0039888024 0.0072969203 44.46761062006 60.59925978043 2063.96655 -0.381 0.0940000000000003 -0.17065385258197785 0.017749998211860657 0.11342786 0.11342786 "" "" 1.6785476340147856 "" 0.1903940702726701 "" 1.0
44.85352952092 60.55988578811 0.0102 0.0122 2.09 "" "" 466127066859843072 2098.63696 0.4427 0.018 -0.157 -0.038 0.017 0.017 1.052 "" "" 14.020039 0.885565 14.366626 13.481061 "" "" 2023.35974 2165.49316 46444.17692 11.495 24477.0 27.095 32117.0 25.997 "" "" 0.002768393128932273 0.0030380134 0.0038802186 0.006918232 44.85352952092 60.55988578811 2098.63696 -0.15700000000000008 -0.038000000000000055 0.053346147418022155 -0.11425000178813935 0.114427865 0.114427865 "" "" 1.254292563463947 "" 0.14352601956006167 "" 1.0
44.50908507471 60.57935064707 0.0094 0.0112 8.1394 "" "" 464639324551541632 2053.96826 0.4579 0.0174 -0.231 -0.024 0.016 0.016 0.944 11286.8 4.1538 14.03618 0.728261 14.313916 13.585655 "" "" 1987.69775 2127.20825 45758.84296 10.881 25695.0 17.394 29167.0 17.501 "" "" 0.002767389549718179 0.0028853496 0.0038351195 0.0067204693 44.50908507471 60.57935064707 2053.96826 -0.23099999999999998 -0.02399999999999997 -0.020653852581977855 -0.10025000178813934 0.11342786 0.11342786 "" "" 0.9965134693872449 "" 0.11303239280995353 "" 1.0
44.82185143008 60.58984075979 0.0098 0.012 2.0649 "" "" 466127341737735680 1950.7981 0.4847 0.0177 -0.119 0.224 0.016 0.017 0.948 "" "" 14.054911 0.897161 14.409938 13.512777 "" "" 1871.4873 2010.57471 44976.17062 6.7557 23520.0 17.745 31192.0 15.628 "" "" 0.0027601423692550486 0.0029079295 0.00381833 0.0067262594 44.82185143008 60.58984075979 1950.7981 -0.119 0.224 0.09134614741802216 0.14774999821186066 0.11342786 0.114427865 "" "" 1.6062324977815015 "" 0.183354987072018 "" 0.9
44.69209811112 60.53963042588 0.011 0.0137 2.9726 "" "" 464626370930181504 1987.33118 0.4689 0.0198 -0.048 0.085 0.018 0.019 1.116 "" "" 14.198504 0.858629 14.531813 13.673183 "" "" 1914.72656 2055.60718 39404.41252 9.1392 21023.0 18.073 26908.0 19.603 "" "" 0.002766803563844527 0.002942151 0.0038612662 0.006803417 44.69209811112 60.53963042588 1987.33118 -0.048 0.085 0.16234614741802217 0.008749998211860663 0.11542786 0.11642786 "" "" 1.5315121719275429 "" 0.17678362641316273 "" 1.0
44.86004507855 60.55993648277 0.0116 0.0151 2.2819 "" "" 466127066859841664 2157.78467 0.4297 0.0205 -0.234 -0.007 0.02 0.022 1.017 10572.6 3.739 14.367444 0.862971 14.704199 13.841228 "" "" 2071.11377 2251.75513 33726.34809 6.8152 17936.0 28.146 23050.0 19.882 "" "" 0.002764041441503564 0.0032692414 0.0038936848 0.0071629263 44.86004507855 60.55993648277 2157.78467 -0.23400000000000004 -0.00700000000000005 -0.023653852581977858 -0.08325000178813935 0.117427856 0.11942786 "" "" 0.8851753511302914 "" 0.10558337891638413 "" 1.0
44.61190117347 60.57805935623 0.0116 0.014 5.1354 "" "" 464638461257574912 2100.51001 0.4462 0.0213 -0.181 0.142 0.019 0.019 1.032 "" "" 14.502186 1.089457 14.955889 13.866432 "" "" 2009.14746 2189.23999 29790.13109 12.076 14225.0 26.523 22521.0 31.559 "" "" 0.0027902506146822584 0.0034472034 0.004074133 0.0075213364 44.61190117347 60.57805935623 2100.51001 -0.181 0.14200000000000002 0.02934614741802216 0.06574999821186064 0.11642786 0.11642786 "" "" 0.7168799383474541 "" 0.08346479792606243 "" 0.9
44.81642679371 60.59311888818 0.0122 0.0149 2.1523 "" "" 466127341737734400 2099.41772 0.4414 0.0218 -0.268 0.105 0.02 0.021 0.998 5807.6 3.4498 14.576189 1.78882 15.440522 13.651702 -44.43 5.81 2007.3407 2214.55737 27827.30483 21.533 9103.5 29.754 27446.0 60.645 "" "" 0.0028805631944806252 0.0045141834 0.0044765156 0.008990699 44.81642679371 60.59311888818 2099.41772 -0.2679999999999997 0.10499999999999987 -0.05765385258197786 0.028749998211860653 0.117427856 0.11842786 -0.022500000000000853 6.334231 0.6411046583236076 0.6414993631518504 0.07541165381455361 0.23460230235777516 1.0
44.57988636413 60.61219063025 0.0127 0.0144 6.7115 "" "" 464638740435973632 2045.63354 0.4584 0.0222 -0.289 0.101 0.021 0.019 1.033 "" "" 14.663695 0.846561 14.992276 14.145715 "" "" 1967.56445 2134.84204 25672.53769 4.7358 13756.0 12.916 17413.0 11.845 "" "" 0.0027625900095178866 0.002970572 0.0038508698 0.006821442 44.57988636413 60.61219063025 2045.63354 -0.2889999999999999 0.10100000000000003 -0.07865385258197782 0.024749998211860663 0.11842786 0.11642786 "" "" 0.7995182997757667 "" 0.094542281369941 "" 0.9
44.74343318105 60.54369296544 0.0123 0.0153 1.568 "" "" 464625958613314688 1989.31238 0.4757 0.0216 -0.146 -0.059 0.02 0.022 1.064 "" "" 14.685975 0.815796 15.004013 14.188217 "" "" 1906.89514 2079.71387 25151.0951 5.1814 13609.0 13.003 16744.0 10.538 "" "" 0.002764384060697351 0.0029767808 0.0038406576 0.0068174386 44.74343318105 60.54369296544 1989.31238 -0.14599999999999996 -0.05899999999999999 0.06434614741802216 -0.13525000178813934 0.117427856 0.11942786 "" "" 1.412293320911489 "" 0.16814940805283704 "" 0.9
