Clusters/SAI_24/SAI_24_stars_in_region.tsv
# %ECSV 1.0
# ---
# datatype:
# - name: RA_ICRS_1
#   unit: deg
#   datatype: float64
#   format: '{:15.11f}'
#   description: Right ascension (ICRS) at Ep=2016.0 (ra)
#   meta: !!omap
#   - {ucd: POS_EQ_RA_MAIN}
#   - {width: 15}
#   - {precision: '11'}
# - name: DE_ICRS_1
#   unit: deg
#   datatype: float64
#   format: '{:15.11f}'
#   description: Declination (ICRS) at Ep=2016.0 (dec)
#   meta: !!omap
#   - {ucd: POS_EQ_DEC_MAIN}
#   - {width: 15}
#   - {precision: '11'}
# - name: e_RA_ICRS
#   unit: mas
#   datatype: float64
#   format: '{:7.4f}'
#   description: Standard error of right ascension (ra_error)
#   meta: !!omap
#   - {ucd: ERROR}
#   - {width: 7}
#   - {precision: '4'}
# - name: e_DE_ICRS
#   unit: mas
#   datatype: float64
#   format: '{:7.4f}'
#   description: Standard error of declination (dec_error)
#   meta: !!omap
#   - {ucd: ERROR}
#   - {width: 7}
#   - {precision: '4'}
# - name: _r_1
#   unit: ''
#   datatype: float64
#   format: '{:7.4f}'
#   description: Distance from center (044.78271647000+60.56129790000)[ICRS], at Epoch=J2016.0
#   meta: !!omap
#   - {ucd: POS_ANG_DIST_GENERAL}
#   - {width: 7}
#   - {precision: '4'}
# - name: HIP
#   datatype: int32
#   description: '? HIP cross-id number, van Leeuwen, Cat. I/311 (hip_original_ext_source_id)'
#   meta: !!omap
#   - {ucd: ID_NUMBER}
#   - {width: 6}
#   - values: {'null': -2147483648}
# - name: TYC2
#   datatype: string
#   description: Tycho-2 cross-id name, Hog et al., Cat. I/259 (tyc2_original_ext_source_id)
#   meta: !!omap
#   - {ucd: ID_CROSSID}
#   - {_votable_string_dtype: char}
# - name: Source
#   datatype: int64
#   description: Source identifier, identical to the Gaia-EDR3 source_id (id)
#   meta: !!omap
#   - {ucd: ID_MAIN}
#   - {width: 19}
# - name: rgeo
#   unit: pc
#   datatype: float64
#   format: '{:15.8f}'
#   description: '? Median of the geometric distance posterior (r_med_geo)'
#   meta: !!omap
#   - {ucd: PHYS_DISTANCE_TRUE}
#   - {width: 15}
#   - {precision: '8'}
#   - values: {'null': .nan}
# - name: Plx
#   unit: mas
#   datatype: float64
#   format: '{:9.4f}'
#   description: '? Parallax (parallax)'
#   meta: !!omap
#   - {ucd: POS_PARLX_TRIG}
#   - {width: 9}
#   - {precision: '4'}
#   - values: {'null': .nan}
# - name: e_Plx
#   unit: mas
#   datatype: float32
#   format: '{:7.4f}'
#   description: '? Standard error of parallax (parallax_error)'
#   meta: !!omap
#   - {ucd: ERROR}
#   - {width: 7}
#   - {precision: '4'}
#   - values: {'null': .nan}
# - name: pmRA
#   unit: mas / yr
#   datatype: float64
#   format: '{:9.3f}'
#   description: '? Proper motion in right ascension direction, pmRA*cosDE (pmra)'
#   meta: !!omap
#   - {ucd: POS_EQ_PMRA}
#   - {width: 9}
#   - {precision: '3'}
#   - values: {'null': .nan}
# - name: pmDE
#   unit: mas / yr
#   datatype: float64
#   format: '{:9.3f}'
#   description: '? Proper motion in declination direction (pmdec)'
#   meta: !!omap
#   - {ucd: POS_EQ_PMDEC}
#   - {width: 9}
#   - {precision: '3'}
#   - values: {'null': .nan}
# - name: e_pmRA
#   unit: mas / yr
#   datatype: float32
#   format: '{:6.3f}'
#   description: '? Standard error of proper motion in right ascension direction (pmra_error)'
#   meta: !!omap
#   - {ucd: ERROR}
#   - {width: 6}
#   - {precision: '3'}
#   - values: {'null': .nan}
# - name: e_pmDE
[...]
#         value: !astropy.table.SerializedColumn {name: SkyCoord.dec}
#       distance: !astropy.table.SerializedColumn
#         __class__: astropy.coordinates.distances.Distance
#         unit: !astropy.units.Unit {unit: pc}
#         value: !astropy.table.SerializedColumn {name: SkyCoord.distance}
#       frame: icrs
#       obstime: !astropy.time.Time {format: jyear_str, in_subfmt: '*', jd1: 367701545.0, jd2: 0.0, out_subfmt: '*', precision: 3, scale: tt}
#       pm_dec: !astropy.table.SerializedColumn
#         __class__: astropy.units.quantity.Quantity
#         unit: !astropy.units.Unit {unit: mas / yr}
#         value: !astropy.table.SerializedColumn {name: SkyCoord.pm_dec}
#       pm_ra_cosdec: !astropy.table.SerializedColumn
#         __class__: astropy.units.quantity.Quantity
#         unit: !astropy.units.Unit {unit: mas / yr}
#         value: !astropy.table.SerializedColumn {name: SkyCoord.pm_ra_cosdec}
#       ra: !astropy.table.SerializedColumn
#         __class__: astropy.coordinates.angles.Longitude
#         unit: *id001
#         value: !astropy.table.SerializedColumn {name: SkyCoord.ra}
#         wrap_angle: !astropy.coordinates.Angle
#           unit: *id001
#           value: 360.0
#       representation_type: spherical
# schema: astropy-2.0
RA_ICRS_1 DE_ICRS_1 e_RA_ICRS e_DE_ICRS _r_1 HIP TYC2 Source rgeo Plx e_Plx pmRA pmDE e_pmRA e_pmDE RUWE Teff logg Gmag BP-RP BPmag RPmag RV e_RV b_rgeo B_rgeo FG e_FG FBP e_FBP FRP e_FRP RAVE5 RAVE6 e_Gmag e_BPmag e_RPmag e_BP-RP SkyCoord.ra SkyCoord.dec SkyCoord.distance SkyCoord.pm_ra_cosdec SkyCoord.pm_dec rmRA rmDE e_rmRA e_rmDE rRV e_rRV v_pec v_pec3d e_vpec e_vpec3d
[from data line 468]
45.00709932596 60.73490101644 0.0362 0.0577 12.3307 "" "" 466130812067428480 1720.88879 0.5595 0.086 -7.211 -1.848 0.057 0.089 1.097 "" "" 16.22277 1.14652 15.855024 14.708505 "" "" 1495.15149 2061.04858 6107.14401 17.152 6214.5 919.45 10369.0 2692.8 "" "" 0.004109750937522448 0.16066147 0.28198797 0.44264942 45.00709932596 60.73490101644 1720.88879 -7.211 -1.8480000000000016 -7.000653852581978 -1.9242500017881394 0.15442786 0.18642786 "" "" 59.22232474126583 "" 9.291329771818333 ""
45.08257941685 60.66884475518 0.0268 0.0359 10.935 "" "" 466126757622245376 1621.76721 0.5995 0.0506 1.802 4.184 0.044 0.052 1.013 7700.5 4.3235 16.224173 1.576761 16.952904 15.376143 "" "" 1495.80176 1766.00012 6099.27012 2.5001 2260.8 10.677 5606.6 9.1161 "" "" 0.002791031054701944 0.005837551 0.0041713584 0.010008909 45.08257941685 60.66884475518 1621.76721 1.802 4.183999999999999 2.012346147418022 4.107749998211861 0.14142786 0.14942786 "" "" 35.162549844115105 "" 5.201008261434157 ""
44.95303073235 60.34343964801 0.0271 0.0352 14.0093 "" "" 461618072756389760 2137.49927 0.459 0.0471 1.252 2.333 0.046 0.052 0.958 7180.3 4.2964 16.23022 1.379827 16.842028 15.4622 "" "" 1922.67468 2373.01416 6065.38483 2.3517 2503.8 9.9609 5179.4 9.446 "" "" 0.0027872930390921966 0.0051422026 0.004266688 0.009408891 44.95303073235 60.34343964801 2137.49927 1.2520000000000007 2.3329999999999984 1.4623461474180222 2.256749998211861 0.14342786 0.14942786 "" "" 27.245501912782938 "" 4.023586691184304 ""
44.87614000416 60.1630129284 0.026 0.0349 24.0573 "" "" 461614568063153920 1747.84302 0.5561 0.0436 0.587 -0.054 0.046 0.056 1.033 5139.6 4.2914 16.235699 1.366679 16.842379 15.475699 "" "" 1625.45203 1895.27039 6034.85565 2.2571 2503.0 9.1683 5115.4 8.7087 "" "" 0.0027850830888807064 0.0048581203 0.0042071776 0.009065298 44.87614000416 60.1630129284 1747.84302 0.587 -0.05400000000000003 0.7973461474180221 -0.13025000178813934 0.14342786 0.15342787 "" "" 6.693391116146106 "" 0.9618174373374879 ""
44.12306395739 60.47525821339 0.0249 0.0295 20.1511 "" "" 464634101871198336 2296.13403 0.42 0.0453 0.327 -0.623 0.041 0.04 1.056 9120.5 3.9806 16.237028 1.250236 16.779356 15.52912 "" "" 2078.5105 2575.55933 6027.47911 2.1166 2652.6 6.9113 4869.8 6.8087 "" "" 0.0027815737830178175 0.0039733523 0.0040728506 0.008046202 44.12306395739 60.47525821339 2296.13403 0.32699999999999985 -0.6230000000000001 0.5373461474180221 -0.6992500017881393 0.13842785 0.13742787 "" "" 9.597966685167524 "" 1.3225996953802246 ""
44.92088109953 60.39788858286 0.0357 0.0484 10.6214 "" "" 464621182609738624 2017.88696 0.4961 0.0613 -0.229 -0.364 0.061 0.073 1.29 "" "" 16.237494 2.13912 17.308159 15.169039 "" "" 1823.71448 2267.15649 6024.89547 20.409 1629.9 25.937 6784.9 64.496 "" "" 0.004595489628888878 0.01750143 0.010991032 0.028492462 44.92088109953 60.39788858286 2017.88696 -0.22900000000000015 -0.3639999999999998 -0.018653852581977853 -0.44025000178813933 0.15842786 0.17042786 "" "" 4.214674484405765 "" 0.7182104968553126 ""
44.46431652883 60.40219235306 0.0272 0.0308 13.4063 "" "" 464618124593057408 1978.39246 0.4887 0.0453 0.834 -3.884 0.044 0.043 1.015 5721.0 4.2835 16.23918 1.418421 16.872648 15.454227 "" "" 1813.39233 2179.08203 6015.54661 2.3685 2434.2 9.3163 5217.6 9.6242 "" "" 0.0027882851852155067 0.0050052265 0.004277216 0.009282442 44.46431652883 60.40219235306 1978.39246 0.8340000000000001 -3.884 1.0443461474180222 -3.9602500017881392 0.14142786 0.14042786 "" "" 38.40716069698749 "" 5.3959408379165215 ""
44.11263081037 60.69786896851 0.0286 0.0303 21.3535 "" "" 464690039527490816 1771.79297 0.5592 0.0508 5.149 -1.802 0.046 0.04 1.049 5890.4 4.338 16.242579 1.444373 16.89397 15.449597 "" "" 1618.51917 1927.98877 5996.74681 2.2138 2386.9 10.11 5239.9 10.793 "" "" 0.0027843211521137723 0.0053790044 0.0043914774 0.009770482 44.11263081037 60.69786896851 1771.79297 5.148999999999999 -1.8019999999999978 5.359346147418022 -1.8782500017881394 0.14342786 0.13742787 "" "" 47.693474720204314 "" 6.809856287484702 ""
44.39338239656 60.64405529191 0.0279 0.0294 12.4955 "" "" 464641420495398784 1851.73572 0.5248 0.0464 0.213 -1.801 0.045 0.039 1.016 6053.8 4.5094 16.244068 1.281322 16.667076 15.385754 "" "" 1689.71851 1991.79858 5988.51507 3.1882 2941.6 13.231 5557.2 17.243 "" "" 0.002815299025156219 0.005624398 0.0050628893 0.010687288 44.39338239656 60.64405529191 1851.73572 0.21299999999999986 -1.801 0.4233461474180221 -1.8772500017881393 0.14242786 0.13642786 "" "" 16.890837334497053 "" 2.3093879019684724 ""
44.01325590312 60.42830282341 0.0251 0.0276 24.0971 "" "" 464632143366141824 1691.2782 0.5695 0.0427 4.438 -1.779 0.04 0.036 0.985 5524.9 4.3753 16.245287 1.497628 16.93097 15.433341 "" "" 1592.96338 1834.55359 5981.79854 2.1224 2306.9 6.7884 5318.9 10.767 "" "" 0.002782119931370266 0.0042417804 0.004371985 0.008613765 44.01325590312 60.42830282341 1691.2782 4.438 -1.779 4.648346147418022 -1.8552500017881393 0.13742787 0.13342786 "" "" 40.12261538419368 "" 5.492190593017946 ""
44.64204359414 60.70759700785 0.0275 0.033 9.7048 "" "" 466141360510939904 1634.97864 0.6009 0.0503 -0.459 2.545 0.043 0.043 1.058 4984.0 4.1615 16.251175 1.673444 17.0416 15.368156 "" "" 1506.22913 1785.48938 5949.44517 2.3662 2083.4 7.4327 5648.0 9.213 "" "" 0.0027889523015687586 0.0047737495 0.0041737687 0.008947518 44.64204359414 60.70759700785 1634.97864 -0.4589999999999991 2.544999999999999 -0.24865385258197786 2.4687499982118606 0.14042786 0.14042786 "" "" 19.22911589799341 "" 2.7003035498165873 ""
44.94884489142 60.90236837098 0.0249 0.0316 21.0364 "" "" 466150259683065728 2285.13525 0.4189 0.0427 0.989 -0.913 0.037 0.041 1.027 8957.7 4.2987 16.254335 1.788598 17.115505 15.326907 "" "" 2095.17871 2504.32446 5932.15302 2.3394 1946.3 10.724 5866.7 11.522 "" "" 0.002788390058816324 0.0066010207 0.004339428 0.010940449 44.94884489142 60.90236837098 2285.13525 0.9890000000000001 -0.9130000000000001 1.199346147418022 -0.9892500017881394 0.13442786 0.13842785 "" "" 16.83963897382198 "" 2.2912273524388476 ""
44.92551387425 60.81923968517 0.0282 0.032 16.0348 "" "" 466143319015950720 1931.05627 0.5066 0.0478 2.121 -2.537 0.043 0.042 1.015 7630.2 4.1999 16.255424 1.391317 16.878284 15.486967 "" "" 1781.69934 2109.44824 5926.20978 2.3191 2421.6 7.7779 5062.6 6.7297 "" "" 0.002787886794128809 0.0044660973 0.0040455833 0.008511681 44.92551387425 60.81923968517 1931.05627 2.121 -2.537 2.331346147418022 -2.6132500017881393 0.14042786 0.13942786 "" "" 32.054851980409794 "" 4.483573398422094 ""
44.46152388684 60.29351782614 0.0273 0.0339 18.6708 "" "" 464616440965927808 2053.3667 0.4808 0.0449 1.839 2.831 0.047 0.052 1.007 6425.2 4.2734 16.267054 1.377705 16.883875 15.50617 "" "" 1879.54224 2268.80054 5863.07503 2.158 2409.2 14.336 4973.8 8.6791 "" "" 0.002784149384746085 0.0070374478 0.0042276615 0.011265109 44.46152388684 60.29351782614 2053.3667 1.8389999999999984 2.830999999999998 2.049346147418022 2.7547499982118606 0.14442787 0.14942786 "" "" 33.417466841262154 "" 4.934622058116504 ""
45.17444913628 60.82599395421 0.0283 0.0358 19.6109 "" "" 466136683286853760 1596.16052 0.6103 0.0472 -0.523 -3.246 0.044 0.054 0.993 6828.1 4.2607 16.269218 1.664423 17.05293 15.388508 "" "" 1487.19385 1724.54407 5851.39828 2.3183 2061.8 6.4896 5543.1 11.393 "" "" 0.002788696946997187 0.004411764 0.004389033 0.008800797 45.17444913628 60.82599395421 1596.16052 -0.5230000000000006 -3.2460000000000004 -0.31265385258197786 -3.3222500017881393 0.14142786 0.15142787 "" "" 25.246542983573256 "" 3.8208863471121286 ""
45.32977266725 60.65178179133 0.0282 0.0381 17.0 "" "" 463129076606811008 2049.09448 0.4636 0.0492 -2.734 -2.217 0.049 0.058 1.041 "" "" 16.273062 1.561477 16.994247 15.432771 "" "" 1878.8623 2275.62305 5830.71845 2.5612 2176.3 8.6221 5321.7 7.9649 "" "" 0.002796290802525039 0.0051271664 0.0041139233 0.009241089 45.32977266725 60.65178179133 2049.09448 -2.7339999999999995 -2.2169999999999987 -2.523653852581978 -2.2932500017881394 0.14642785 0.15542786 "" "" 33.1199411319755 "" 4.986703830358875 ""
45.09946345053 60.91280578684 0.0259 0.0341 23.0458 "" "" 466149744286972416 1576.40747 0.6107 0.0436 -3.307 -3.887 0.04 0.046 1.057 8209.6 4.376 16.280024 1.604089 17.028543 15.424455 "" "" 1468.4928 1695.40527 5793.45539 2.1715 2108.6 6.9318 5362.6 8.1061 "" "" 0.0027852112723237483 0.004530402 0.0041203466 0.008650748 45.09946345053 60.91280578684 1576.40747 -3.307 -3.8870000000000005 -3.096653852581978 -3.9632500017881394 0.13742787 0.14342786 "" "" 37.58183980719708 "" 5.305933376789845 ""
45.21614805893 60.27543041087 0.0278 0.0367 21.4244 "" "" 461613429891818752 1877.1925 0.5081 0.047 0.413 -1.324 0.047 0.052 0.987 6547.4 4.0622 16.284231 1.557889 17.005808 15.447919 "" "" 1738.2124 2040.83447 5771.04196 2.3891 2153.2 8.2556 5248.0 10.248 "" "" 0.0027917407002295133 0.0050114067 0.004333454 0.009344861 45.21614805893 60.27543041087 1877.1925 0.4129999999999999 -1.3239999999999998 0.6233461474180222 -1.4002500017881394 0.14442787 0.14942786 "" "" 13.63806447178982 "" 2.0267866988778347 ""
44.45314917924 60.53229642043 0.0239 0.0282 9.8776 "" "" 464636919369699840 1580.08972 0.6183 0.0409 1.955 -2.648 0.038 0.037 0.97 6677.2 4.28 16.285357 1.365036 16.890104 15.525068 "" "" 1465.83252 1678.14478 5765.06393 2.139 2395.4 7.9056 4888.0 8.4144 "" "" 0.002784612764312727 0.0045414716 0.004216278 0.00875775 44.45314917924 60.53229642043 1580.08972 1.9550000000000005 -2.6479999999999997 2.1653461474180222 -2.7242500017881395 0.13542786 0.13442786 "" "" 26.063747458900938 "" 3.5138078481803166 ""
44.48749465311 60.43922698838 0.0269 0.0314 11.3897 "" "" 464624240626470400 1695.53662 0.5646 0.0481 -3.171 0.917 0.046 0.044 0.974 6770.0 4.2923 16.289915 1.382193 16.90532 15.523127 "" "" 1555.47607 1839.70483 5740.90738 2.1812 2362.0 8.3896 4896.7 9.6028 "" "" 0.002786029009111896 0.0047599487 0.0043378873 0.009097836 44.48749465311 60.43922698838 1695.53662 -3.1709999999999994 0.9170000000000003 -2.9606538525819777 0.8407499982118607 0.14342786 0.14142786 "" "" 24.735116872406202 "" 3.5440371546924307 ""
45.55694800362 60.51269382419 0.0298 0.0433 23.0341 "" "" 463123613408802432 1643.24207 0.595 0.0517 5.141 -0.302 0.051 0.066 1.027 7155.6 4.2324 16.291828 1.707537 17.10565 15.398113 "" "" 1524.31274 1775.84766 5730.79974 2.638 1964.1 7.1508 5494.3 9.0927 "" "" 0.002800281269659912 0.004838433 0.004184769 0.009023203 45.55694800362 60.51269382419 1643.24207 5.141 -0.3019999999999985 5.351346147418022 -0.37825000178813933 0.14842786 0.16342786 "" "" 41.78545355653786 "" 6.2053978906604135 ""
44.6922172592 60.90147755766 0.0252 0.0301 20.5827 "" "" 466148026299981568 1777.99109 0.5631 0.0442 1.134 -2.519 0.038 0.039 1.011 6688.5 4.2702 16.296078 1.564945 17.01804 15.453095 "" "" 1646.599 1930.47437 5708.41465 2.1185 2129.1 10.029 5223.0 9.4029 "" "" 0.0027846270324569876 0.0058258967 0.0042549185 0.010080815 44.6922172592 60.90147755766 1777.99109 1.133999999999999 -2.519000000000001 1.344346147418022 -2.5952500017881395 0.13542786 0.13642786 "" "" 24.632170468602403 "" 3.3553183127303763 ""
45.2848320731 60.41405020492 0.0288 0.0377 17.2715 "" "" 463116466582873856 1652.11658 0.585 0.0452 -0.496 -1.732 0.046 0.052 1.036 7642.5 4.139 16.302181 1.540568 17.01258 15.472012 "" "" 1544.04236 1776.88342 5676.41195 2.3511 2139.9 8.6555 5132.8 12.41 "" "" 0.0027917768896447846 0.0052030007 0.0046016024 0.009804603 45.2848320731 60.41405020492 1652.11658 -0.496 -1.7319999999999998 -0.28565385258197784 -1.8082500017881393 0.14342786 0.14942786 "" "" 14.336065397597997 "" 2.1401543475542333 ""
44.66746047267 60.82481721949 0.0258 0.0293 16.1694 "" "" 466145346240397440 1785.05579 0.5527 0.0441 3.388 -1.611 0.039 0.038 0.993 7797.1 4.3507 16.302696 1.548628 17.017006 15.468378 "" "" 1653.31775 1924.0387 5673.72546 2.0751 2131.2 5.9776 5150.0 7.448 "" "" 0.002783787754161915 0.004130226 0.004092588 0.008222815 44.66746047267 60.82481721949 1785.05579 3.3880000000000003 -1.611000000000001 3.598346147418022 -1.6872500017881393 0.13642786 0.13542786 "" "" 33.62704306561418 "" 4.581623086303635 ""
44.4308183513 60.29463172933 0.0262 0.0335 19.0938 "" "" 464616544045143936 1757.20471 0.5467 0.0447 1.597 -4.24 0.044 0.051 1.063 6748.9 4.3501 16.304365 1.359995 16.906952 15.546957 "" "" 1607.84216 1901.25867 5665.00784 2.0788 2358.5 9.0478 4790.4 9.5624 "" "" 0.002783976385231575 0.0050133406 0.0043567102 0.009370051 44.4308183513 60.29463172933 1757.20471 1.597 -4.24 1.8073461474180221 -4.31625000178814 0.14142786 0.14842786 "" "" 38.97518557210525 "" 5.745125676363528 ""
45.52955293732 60.38602617463 0.0273 0.0364 24.4595 "" "" 463105265308583296 1634.39746 0.5916 0.0435 2.325 -1.387 0.044 0.054 0.981 8408.5 4.4121 16.313665 1.655939 17.091234 15.435295 "" "" 1539.86523 1730.54443 5616.69264 2.2836 1990.3 8.9196 5309.3 9.1133 "" "" 0.002790457224837658 0.005608985 0.004213893 0.009822878 45.52955293732 60.38602617463 1634.39746 2.325 -1.387 2.5353461474180223 -1.4632500017881394 0.14142786 0.15142787 "" "" 22.67791565200587 "" 3.265429249411697 ""
44.84146591876 60.48349818697 0.0268 0.0387 4.9798 "" "" 464622591358975872 1627.47656 0.5987 0.0488 4.078 2.171 0.046 0.054 1.013 7070.3 4.3417 16.31418 1.408929 16.950817 15.541888 "" "" 1483.35828 1762.33716 5614.0235 2.3234 2265.1 6.9719 4812.9 7.3672 "" "" 0.002791718986923008 0.004353512 0.0041286596 0.008482171 44.84146591876 60.48349818697 1627.47656 4.077999999999998 2.1709999999999985 4.2883461474180224 2.0947499982118605 0.14342786 0.15142787 "" "" 36.817121595284945 "" 5.33860512466139 ""
44.02188292555 60.64552900701 0.0263 0.03 22.9701 "" "" 464683889134369664 1843.84509 0.5353 0.0501 -2.542 -2.546 0.044 0.042 1.045 7182.3 4.347 16.315727 1.304772 16.892063 15.587291 "" "" 1687.03577 2010.26086 5606.0364 1.9447 2391.1 8.5115 4615.7 7.3568 "" "" 0.0027809429233718657 0.004766772 0.004156731 0.008923503 44.02188292555 60.64552900701 1843.84509 -2.5419999999999985 -2.5460000000000016 -2.3316538525819777 -2.622250001788139 0.14142786 0.13942786 "" "" 30.667704458995154 "" 4.3031222196614 ""
44.27513990003 60.57771345739 0.0255 0.0292 14.9967 "" "" 464640733300654976 1950.04114 0.4863 0.0455 3.532 -1.033 0.04 0.038 0.974 7038.7 4.5605 16.317959 1.362397 16.92193 15.559533 "" "" 1808.82483 2132.39941 5594.52183 1.9973 2326.2 8.0995 4735.3 7.7614 "" "" 0.0027824517275565615 0.0046985447 0.0041773943 0.008875939 44.27513990003 60.57771345739 1950.04114 3.5320000000000014 -1.0330000000000004 3.742346147418022 -1.1092500017881393 0.13742787 0.13542786 "" "" 36.07877285979108 "" 4.952440304612622 ""
44.76389755077 60.35072006926 0.028 0.0362 12.6469 "" "" 464619361543638912 1881.78491 0.5093 0.0462 -1.679 -0.603 0.048 0.056 1.023 5834.5 4.4389 16.32217 1.290881 16.881592 15.590711 "" "" 1735.83252 2042.92505 5572.87018 2.3056 2414.2 8.0596 4601.2 9.2889 "" "" 0.0027916948913226216 0.0045741713 0.0043689907 0.008943162 44.76389755077 60.35072006926 1881.78491 -1.6790000000000003 -0.6030000000000001 -1.468653852581978 -0.6792500017881393 0.14542785 0.15342787 "" "" 14.433115097012507 "" 2.119779839541918 ""
