Clusters/SAI_24/SAI_24_stars_in_region.tsv
# %ECSV 1.0
# ---
# datatype:
# - name: RA_ICRS_1
#   unit: deg
#   datatype: float64
#   format: '{:15.11f}'
#   description: Right ascension (ICRS) at Ep=2016.0 (ra)
#   meta: !!omap
#   - {ucd: POS_EQ_RA_MAIN}
#   - {width: 15}
#   - {precision: '11'}
# - name: DE_ICRS_1
#   unit: deg
#   datatype: float64
#   format: '{:15.11f}'
#   description: Declination (ICRS) at Ep=2016.0 (dec)
#   meta: !!omap
#   - {ucd: POS_EQ_DEC_MAIN}
#   - {width: 15}
#   - {precision: '11'}
# - name: e_RA_ICRS
#   unit: mas
#   datatype: float64
#   format: '{:7.4f}'
#   description: Standard error of right ascension (ra_error)
#   meta: !!omap
#   - {ucd: ERROR}
#   - {width: 7}
#   - {precision: '4'}
# - name: e_DE_ICRS
#   unit: mas
#   datatype: float64
#   format: '{:7.4f}'
#   description: Standard error of declination (dec_error)
#   meta: !!omap
#   - {ucd: ERROR}
#   - {width: 7}
#   - {precision: '4'}
# - name: _r_1
#   unit: ''
#   datatype: float64
#   format: '{:7.4f}'
#   description: Distance from center (044.78271647000+60.56129790000)[ICRS], at Epoch=J2016.0
#   meta: !!omap
#   - {ucd: POS_ANG_DIST_GENERAL}
#   - {width: 7}
#   - {precision: '4'}
# - name: HIP
#   datatype: int32
#   description: '? HIP cross-id number, van Leeuwen, Cat. I/311 (hip_original_ext_source_id)'
#   meta: !!omap
#   - {ucd: ID_NUMBER}
#   - {width: 6}
#   - values: {'null': -2147483648}
# - name: TYC2
#   datatype: string
#   description: Tycho-2 cross-id name, Hog et al., Cat. I/259 (tyc2_original_ext_source_id)
#   meta: !!omap
#   - {ucd: ID_CROSSID}
#   - {_votable_string_dtype: char}
# - name: Source
#   datatype: int64
#   description: Source identifier, identical to the Gaia-EDR3 source_id (id)
#   meta: !!omap
#   - {ucd: ID_MAIN}
#   - {width: 19}
# - name: rgeo
#   unit: pc
#   datatype: float64
#   format: '{:15.8f}'
#   description: '? Median of the geometric distance posterior (r_med_geo)'
#   meta: !!omap
#   - {ucd: PHYS_DISTANCE_TRUE}
#   - {width: 15}
#   - {precision: '8'}
#   - values: {'null': .nan}
# - name: Plx
#   unit: mas
#   datatype: float64
#   format: '{:9.4f}'
#   description: '? Parallax (parallax)'
#   meta: !!omap
#   - {ucd: POS_PARLX_TRIG}
#   - {width: 9}
#   - {precision: '4'}
#   - values: {'null': .nan}
# - name: e_Plx
#   unit: mas
#   datatype: float32
#   format: '{:7.4f}'
#   description: '? Standard error of parallax (parallax_error)'
#   meta: !!omap
#   - {ucd: ERROR}
#   - {width: 7}
#   - {precision: '4'}
#   - values: {'null': .nan}
# - name: pmRA
#   unit: mas / yr
#   datatype: float64
#   format: '{:9.3f}'
#   description: '? Proper motion in right ascension direction, pmRA*cosDE (pmra)'
#   meta: !!omap
#   - {ucd: POS_EQ_PMRA}
#   - {width: 9}
#   - {precision: '3'}
#   - values: {'null': .nan}
# - name: pmDE
#   unit: mas / yr
#   datatype: float64
#   format: '{:9.3f}'
#   description: '? Proper motion in declination direction (pmdec)'
#   meta: !!omap
#   - {ucd: POS_EQ_PMDEC}
#   - {width: 9}
#   - {precision: '3'}
#   - values: {'null': .nan}
# - name: e_pmRA
#   unit: mas / yr
#   datatype: float32
#   format: '{:6.3f}'
#   description: '? Standard error of proper motion in right ascension direction (pmra_error)'
#   meta: !!omap
#   - {ucd: ERROR}
#   - {width: 6}
#   - {precision: '3'}
#   - values: {'null': .nan}
# - name: e_pmDE
[...]
#         value: !astropy.table.SerializedColumn {name: SkyCoord.dec}
#       distance: !astropy.table.SerializedColumn
#         __class__: astropy.coordinates.distances.Distance
#         unit: !astropy.units.Unit {unit: pc}
#         value: !astropy.table.SerializedColumn {name: SkyCoord.distance}
#       frame: icrs
#       obstime: !astropy.time.Time {format: jyear_str, in_subfmt: '*', jd1: 367701545.0, jd2: 0.0, out_subfmt: '*', precision: 3, scale: tt}
#       pm_dec: !astropy.table.SerializedColumn
#         __class__: astropy.units.quantity.Quantity
#         unit: !astropy.units.Unit {unit: mas / yr}
#         value: !astropy.table.SerializedColumn {name: SkyCoord.pm_dec}
#       pm_ra_cosdec: !astropy.table.SerializedColumn
#         __class__: astropy.units.quantity.Quantity
#         unit: !astropy.units.Unit {unit: mas / yr}
#         value: !astropy.table.SerializedColumn {name: SkyCoord.pm_ra_cosdec}
#       ra: !astropy.table.SerializedColumn
#         __class__: astropy.coordinates.angles.Longitude
#         unit: *id001
#         value: !astropy.table.SerializedColumn {name: SkyCoord.ra}
#         wrap_angle: !astropy.coordinates.Angle
#           unit: *id001
#           value: 360.0
#       representation_type: spherical
# schema: astropy-2.0
RA_ICRS_1 DE_ICRS_1 e_RA_ICRS e_DE_ICRS _r_1 HIP TYC2 Source rgeo Plx e_Plx pmRA pmDE e_pmRA e_pmDE RUWE Teff logg Gmag BP-RP BPmag RPmag RV e_RV b_rgeo B_rgeo FG e_FG FBP e_FBP FRP e_FRP RAVE5 RAVE6 e_Gmag e_BPmag e_RPmag e_BP-RP SkyCoord.ra SkyCoord.dec SkyCoord.distance SkyCoord.pm_ra_cosdec SkyCoord.pm_dec rmRA rmDE e_rmRA e_rmDE rRV e_rRV v_pec v_pec3d e_vpec e_vpec3d
[from data line 123]
44.50368507309 60.59766272286 0.011 0.0121 8.5084 "" "" 464639324551364864 2109.06567 0.447 0.0199 -0.147 0.198 0.018 0.017 1.054 "" "" 14.240988 0.799192 14.548286 13.749093 "" "" 2000.7771 2192.49097 37892.37063 7.2886 20706.0 20.917 25091.0 14.46 "" "" 0.00276322350585111 0.0029980023 0.003830828 0.0068288306 44.50368507309 60.59766272286 2109.06567 -0.147 0.19799999999999998 0.06334614741802216 0.12174999821186067 0.11542786 0.114427865 "" "" 1.3720199888712357 "" 0.15729061103711578 ""
44.48273161555 60.18484349605 0.0105 0.0145 24.2766 "" "" 464611424444163456 2182.44165 0.4185 0.0191 -0.05 -1.285 0.019 0.02 1.044 5340.3 2.1293 14.250988 2.398786 15.535148 13.136362 -43.02 1.5 2086.82178 2279.38794 37544.9501 11.282 8343.7 13.654 44118.0 26.389 "" "" 0.0027745688953957374 0.0033078508 0.003834773 0.007142624 44.48273161555 60.18484349605 2182.44165 -0.05000000000000038 -1.2850000000000001 0.16034614741802217 -1.3612500017881393 0.11642786 0.117427856 1.3874999999999957 8.315001 14.17918079314339 14.246905776857178 1.6648375651942162 1.8442240303160733
45.25723046844 60.27189815339 0.0154 0.0212 22.3398 "" "" 463114370639364224 1762.37427 0.5338 0.0265 -1.487 0.146 0.026 0.031 1.462 5910.5 3.1079 14.29896 1.524222 14.998624 13.474401 -52.1 2.38 1669.3656 1849.37988 35922.18484 7.3908 13676.0 10.908 32315.0 14.921 "" "" 0.002764360691772485 0.0029214686 0.0038124863 0.006733955 45.25723046844 60.27189815339 1762.37427 -1.487 0.14600000000000002 -1.276653852581978 0.06974999821186065 0.12342786 0.12842786 -7.692500000000003 9.195001 10.680629771598525 13.162462101292327 1.3184494232747386 5.47926927011344
45.06325560657 60.6026129107 0.0127 0.0174 8.6313 "" "" 466125932988431616 1892.6958 0.5003 0.0216 0.009 -0.074 0.022 0.027 1.135 "" "" 14.346308 0.91461 14.704042 13.789433 "" "" 1795.65906 1971.85193 34389.32474 16.759 17939.0 34.085 24176.0 29.236 "" "" 0.0028056639832083176 0.003469989 0.0040009553 0.007470944 45.06325560657 60.6026129107 1892.6958 0.009000000000000001 -0.07400000000000001 0.21934614741802216 -0.15025000178813935 0.11942786 0.12442786 "" "" 2.3852361278065795 "" 0.2887259742141715 ""
44.9122562798 60.69336977431 0.0109 0.0131 8.7936 "" "" 466130331034908032 1877.03491 0.5031 0.0204 -0.182 -0.772 0.018 0.019 1.011 "" "" 14.354994 0.974653 14.751318 13.776665 "" "" 1819.63745 1946.12463 34115.29968 5.9351 17175.0 13.062 24462.0 14.314 "" "" 0.002761787080843886 0.0029097896 0.0038324092 0.006742199 44.9122562798 60.69336977431 1877.03491 -0.18199999999999988 -0.7720000000000002 0.02834614741802216 -0.8482500017881394 0.11542786 0.11642786 "" "" 7.551216394589579 "" 0.8791635869383416 ""
45.02576241402 60.8956507903 0.0104 0.0132 21.2906 "" "" 466149778646945920 2024.66357 0.4565 0.0179 0.045 -2.065 0.016 0.019 1.085 "" "" 14.360022 2.236028 15.530107 13.29408 -35.17 1.22 1957.99109 2101.85962 33957.69349 7.8944 8382.5 9.4092 38153.0 18.142 "" "" 0.0027668573923713947 0.0030447205 0.0038144812 0.006859202 45.02576241402 60.8956507903 2024.66357 0.04499999999999982 -2.0650000000000004 0.25534614741802214 -2.1412500017881393 0.11342786 0.11642786 9.237499999999997 8.035001 20.69497194468545 22.663037529010047 2.408611865197875 3.945089876603868
44.86004507855 60.55993648277 0.0116 0.0151 2.2819 "" "" 466127066859841664 2157.78467 0.4297 0.0205 -0.234 -0.007 0.02 0.022 1.017 10572.6 3.739 14.367444 0.862971 14.704199 13.841228 "" "" 2071.11377 2251.75513 33726.34809 6.8152 17936.0 28.146 23050.0 19.882 "" "" 0.002764041441503564 0.0032692414 0.0038936848 0.0071629263 44.86004507855 60.55993648277 2157.78467 -0.23400000000000004 -0.00700000000000005 -0.023653852581977858 -0.08325000178813935 0.117427856 0.11942786 "" "" 0.8851753511302914 "" 0.10558337891638413 ""
44.84739372416 60.70264527487 0.0111 0.0137 8.6918 "" "" 466129128444065536 2294.21582 0.401 0.0214 -0.072 0.756 0.018 0.019 1.039 "" "" 14.460033 2.180924 15.593616 13.412692 -50.83 1.94 2193.47095 2400.33032 30969.45066 7.1012 7906.3 12.927 34204.0 16.248 "" "" 0.0027665445015554206 0.0033070236 0.0038144116 0.0071214354 44.84739372416 60.70264527487 2294.21582 -0.07199999999999968 0.756 0.13834614741802215 0.6797499982118607 0.11542786 0.11642786 -6.422499999999999 8.755001 7.543541662567859 9.907246189779329 0.8779796150105256 5.714777611044471
44.27407311263 60.24313238017 0.011 0.0146 24.3234 "" "" 464615307094390656 1919.29614 0.4849 0.0198 0.408 -1.657 0.018 0.02 1.02 "" "" 14.464662 1.053192 14.899431 13.846239 "" "" 1845.9248 1984.30298 30837.71265 6.8496 14985.0 17.437 22944.0 13.543 "" "" 0.002765853955602206 0.003062877 0.003833333 0.00689621 44.27407311263 60.24313238017 1919.29614 0.4080000000000005 -1.6569999999999991 0.6183461474180221 -1.7332500017881394 0.11542786 0.117427856 "" "" 16.74157659458036 "" 1.9621756619208663 ""
44.64051979829 60.90405395816 0.0106 0.0127 20.9841 "" "" 466147957580505600 1742.05737 0.5427 0.0182 -0.305 1.149 0.016 0.017 1.075 "" "" 14.477837 1.251233 15.018837 13.767604 "" "" 1695.59265 1791.93103 30465.77302 5.0394 13424.0 13.684 24667.0 15.241 "" "" 0.0027611670138128173 0.0030016622 0.0038384579 0.00684012 44.64051979829 60.90405395816 1742.05737 -0.305 1.149 -0.09465385258197784 1.0727499982118607 0.11342786 0.114427865 "" "" 8.892489134665267 "" 1.0174801434289034 ""
45.53224524203 60.48264398227 0.0133 0.018 22.6276 "" "" 463123407250391296 2036.35437 0.4645 0.0211 -0.969 0.126 0.021 0.028 0.954 "" "" 14.481568 1.273843 15.027039 13.753196 "" "" 1960.87878 2117.70142 30361.24245 8.395 13323.0 19.955 24997.0 15.783 "" "" 0.0027716268846551136 0.0032294854 0.0038410516 0.0070705367 45.53224524203 60.48264398227 2036.35437 -0.9690000000000001 0.12599999999999992 -0.7586538525819778 0.04974999821186066 0.11842786 0.12542786 "" "" 7.338497701128638 "" 0.8693089913229733 ""
44.36072897296 60.59620491349 0.0107 0.0124 12.6126 "" "" 464640973818815232 1551.56506 0.6089 0.0192 -3.789 1.016 0.018 0.017 0.981 7476.0 3.8999 14.487432 1.167173 14.983465 13.816292 "" "" 1511.97241 1593.34204 30197.70995 5.0506 13869.0 10.311 23585.0 13.369 "" "" 0.0027612976184837506 0.0029045853 0.003829164 0.006733749 44.36072897296 60.59620491349 1551.56506 -3.7890000000000006 1.015999999999999 -3.578653852581978 0.9397499982118607 0.11542786 0.114427865 "" "" 27.21124213409132 "" 3.1391871631051007 ""
45.46975827453 60.62459218206 0.0123 0.0165 20.5938 "" "" 463128355052305536 1904.05945 0.4869 0.0213 3.179 0.033 0.02 0.023 1.036 "" "" 14.498513 2.145007 15.606172 13.461164 -42.3 2.36 1829.77698 1989.45361 29891.07132 6.887 7815.3 9.9868 32711.0 15.933 "" "" 0.002766652851955709 0.0031160803 0.0038162027 0.006932283 45.46975827453 60.62459218206 1904.05945 3.179000000000001 0.03299999999999989 3.389346147418022 -0.04325000178813934 0.117427856 0.12042786 2.1075000000000017 9.175 30.59215889144005 30.664666016265603 3.592386753373657 3.638943227930724
44.61190117347 60.57805935623 0.0116 0.014 5.1354 "" "" 464638461257574912 2100.51001 0.4462 0.0213 -0.181 0.142 0.019 0.019 1.032 "" "" 14.502186 1.089457 14.955889 13.866432 "" "" 2009.14746 2189.23999 29790.13109 12.076 14225.0 26.523 22521.0 31.559 "" "" 0.0027902506146822584 0.0034472034 0.004074133 0.0075213364 44.61190117347 60.57805935623 2100.51001 -0.181 0.14200000000000002 0.02934614741802216 0.06574999821186064 0.11642786 0.11642786 "" "" 0.7168799383474541 "" 0.08346479792606243 ""
44.16989429588 60.82511507477 0.0107 0.0126 23.9683 "" "" 464692479068825088 1709.39746 0.5526 0.0201 -0.402 0.13 0.017 0.017 0.944 7159.8 3.8902 14.506187 1.095801 14.964624 13.868823 "" "" 1648.44983 1767.29309 29680.53002 10.148 14111.0 16.853 22471.0 20.785 "" "" 0.0027802148819029457 0.0030767696 0.003910536 0.0069873054 44.16989429588 60.82511507477 1709.39746 -0.4019999999999998 0.13000000000000006 -0.19165385258197787 0.05374999821186066 0.114427865 0.114427865 "" "" 1.6127983293201447 "" 0.1845490687764023 ""
44.59227085702 60.56306044732 0.0113 0.0143 5.617 "" "" 464638259399653376 2197.28418 0.4209 0.0204 -0.447 -0.033 0.018 0.02 0.991 "" "" 14.512772 0.810266 14.826856 14.01659 "" "" 2102.82544 2308.66895 29501.09959 6.2863 16020.0 13.49 19612.0 13.262 "" "" 0.002765016295553961 0.0029361427 0.003850035 0.006786178 44.59227085702 60.56306044732 2197.28418 -0.44699999999999995 -0.03300000000000004 -0.23665385258197785 -0.10925000178813934 0.11542786 0.117427856 "" "" 2.7147465366898644 "" 0.3143180040857717 ""
45.24759497733 60.5329750983 0.0127 0.0164 13.8199 "" "" 463122239018892544 1576.22998 0.6083 0.0219 -0.303 -2.717 0.022 0.024 1.001 "" "" 14.513913 1.372933 15.122345 13.749412 "" "" 1518.02112 1639.89807 29470.0892 5.7495 12203.0 16.261 25084.0 20.907 "" "" 0.002763450441990587 0.0031429674 0.0038862117 0.007029179 45.24759497733 60.5329750983 1576.22998 -0.3029999999999988 -2.717 -0.09265385258197784 -2.7932500017881394 0.11942786 0.121427864 "" "" 20.88077081523976 "" 2.535461873522767 ""
44.53610247072 60.68068078233 0.0114 0.0135 10.1982 "" "" 464640252264275584 2205.38086 0.4124 0.0202 0.13 -0.468 0.018 0.018 1.084 "" "" 14.514812 2.162668 15.631135 13.468467 -36.15 1.76 2103.21582 2292.32739 29445.69689 6.8968 7637.7 10.478 32492.0 20.595 "" "" 0.002767030720818607 0.0031628553 0.0038415277 0.007004383 44.53610247072 60.68068078233 2205.38086 0.13 -0.4680000000000001 0.34034614741802216 -0.5442500017881393 0.11542786 0.11542786 8.2575 8.575001 6.710169807210252 10.64014497512116 0.7745405352284132 6.672705409760984
44.94433654527 60.16697646741 0.012 0.017 24.1403 "" "" 461611716204861696 2139.24585 0.4363 0.0214 -1.883 0.764 0.021 0.025 1.008 8992.3 3.6372 14.538441 1.005195 14.947992 13.942798 "" "" 2065.39111 2233.03638 28811.79624 5.1562 14329.0 13.648 20991.0 11.041 "" "" 0.0027621628832266757 0.0029756485 0.0038222852 0.006797934 44.94433654527 60.16697646741 2139.24585 -1.883 0.764 -1.6726538525819779 0.6877499982118607 0.11842786 0.12242786 "" "" 18.338512562212593 "" 2.182551289465269 ""
44.59384349629 60.59342189309 0.0526 0.0597 5.8912 "" "" 464638667416032768 1602.47766 0.6364 0.0953 6.519 -6.358 0.088 0.081 4.631 5786.0 4.1665 14.541211 1.232443 15.028392 13.795949 -11.61 4.64 1401.651 1879.01672 28738.37152 23.576 13306.0 11.431 24031.0 21.375 "" "" 0.002895710438922477 0.0029419472 0.0039008171 0.006842764 44.59384349629 60.59342189309 1602.47766 6.519 -6.3580000000000005 6.729346147418022 -6.434250001788139 0.18542786 0.17842786 32.7975 11.455 70.71946673140789 77.95459563761912 12.87930705222427 12.638886976185352
44.28494218504 60.68041771893 0.0122 0.014 16.3023 "" "" 464642485647280512 2166.01611 0.427 0.024 -0.375 0.096 0.021 0.021 1.013 7156.6 3.4654 14.549023 1.360196 15.149945 13.789749 -35.62 6.06 2057.10767 2299.17944 28532.3498 5.4076 11897.0 15.225 24169.0 16.921 "" "" 0.002762993395366983 0.0031169904 0.0038550661 0.006972057 44.28494218504 60.68041771893 2166.01611 -0.375 0.09600000000000021 -0.16465385258197784 0.01974999821186066 0.11842786 0.11842786 8.787500000000001 12.875 1.7026049855264909 8.950922856708111 0.20163586104163425 12.639990889178192
44.81642679371 60.59311888818 0.0122 0.0149 2.1523 "" "" 466127341737734400 2099.41772 0.4414 0.0218 -0.268 0.105 0.02 0.021 0.998 5807.6 3.4498 14.576189 1.78882 15.440522 13.651702 -44.43 5.81 2007.3407 2214.55737 27827.30483 21.533 9103.5 29.754 27446.0 60.645 "" "" 0.0028805631944806252 0.0045141834 0.0044765156 0.008990699 44.81642679371 60.59311888818 2099.41772 -0.2679999999999998 0.1049999999999999 -0.05765385258197786 0.028749998211860653 0.117427856 0.11842786 -0.022500000000000853 12.625 0.6411046583236076 0.6414993631518504 0.07541165381455361 0.44917796939627985
45.02617241214 60.30456342583 0.0125 0.0174 17.007 "" "" 461617007604510464 1687.16992 0.5599 0.0211 1.149 -1.387 0.021 0.025 0.975 "" "" 14.592232 0.96531 14.983835 14.018525 "" "" 1627.66223 1747.40063 27419.15609 5.5768 13864.0 10.842 19577.0 12.584 "" "" 0.00276415532532445 0.0029165002 0.0038432798 0.00675978 45.02617241214 60.30456342583 1687.16992 1.149 -1.3869999999999998 1.3593461474180222 -1.4632500017881394 0.11842786 0.12242786 "" "" 15.972208313977182 "" 1.9261109785419235 ""
44.30229812145 60.45734075494 0.0117 0.0137 15.5004 "" "" 464631112573955328 1711.09924 0.5525 0.0206 -1.984 1.24 0.019 0.019 0.965 15005.3 4.4124 14.600406 1.183949 15.104733 13.920783 "" "" 1646.61829 1764.71924 27213.49566 4.5316 12403.0 12.232 21421.0 13.718 "" "" 0.002761245554066797 0.0029885767 0.0038428083 0.006831385 44.30229812145 60.45734075494 1711.09924 -1.9839999999999995 1.2399999999999998 -1.7736538525819778 1.1637499982118606 0.11642786 0.11642786 "" "" 17.205512616050516 "" 2.0032010339462913 ""
45.12307140694 60.54197052359 0.0272 0.0346 10.1066 "" "" 466124833476832128 1982.90576 0.4837 0.0453 -0.534 -0.367 0.048 0.052 2.275 8848.6 3.5915 14.603489 1.373458 15.199703 13.826245 "" "" 1815.44385 2182.09448 27136.33107 10.05 11364.0 12.062 23370.0 24.005 "" "" 0.0027845067189672793 0.003018796 0.0039404924 0.0069592884 45.12307140694 60.54197052359 1982.90576 -0.534 -0.36700000000000027 -0.3236538525819779 -0.44325000178813934 0.14542785 0.14942786 "" "" 5.158507117260626 "" 0.763712296126816 ""
44.0184479049 60.57955921764 0.0111 0.0135 22.5581 "" "" 464682411665667072 1555.2085 0.6115 0.0207 0.816 -1.283 0.018 0.018 1.027 7309.3 3.9739 14.633904 1.071413 15.080045 14.008632 "" "" 1519.32874 1598.00061 26386.7236 4.5631 12688.0 12.555 19756.0 15.73 "" "" 0.0027617100728405696 0.002989864 0.0038769897 0.0068668537 44.0184479049 60.57955921764 1555.2085 0.8160000000000001 -1.283 1.026346147418022 -1.3592500017881393 0.11542786 0.11542786 "" "" 12.555582287900902 "" 1.4492639835918297 ""
44.57988636413 60.61219063025 0.0127 0.0144 6.7115 "" "" 464638740435973632 2045.63354 0.4584 0.0222 -0.289 0.101 0.021 0.019 1.033 "" "" 14.663695 0.846561 14.992276 14.145715 "" "" 1967.56445 2134.84204 25672.53769 4.7358 13756.0 12.916 17413.0 11.845 "" "" 0.0027625900095178866 0.002970572 0.0038508698 0.006821442 44.57988636413 60.61219063025 2045.63354 -0.2889999999999999 0.10100000000000003 -0.07865385258197782 0.024749998211860663 0.11842786 0.11642786 "" "" 0.7995182997757667 "" 0.094542281369941 ""
44.86839108867 60.50254983674 0.0134 0.0194 4.3382 "" "" 464622728801268736 1925.55518 0.485 0.0248 0.003 -0.054 0.021 0.028 0.978 7976.3 3.858 14.674973 0.983347 15.066981 14.083634 "" "" 1852.56836 2005.40576 25407.24675 7.1777 12842.0 14.268 18438.0 15.388 "" "" 0.0027723403206913167 0.0030397705 0.0038864904 0.006926261 44.86839108867 60.50254983674 1925.55518 0.002999999999999999 -0.05400000000000005 0.21334614741802216 -0.13025000178813934 0.11842786 0.12542786 "" "" 2.281447744330052 "" 0.27461505768147787 ""
44.74343318105 60.54369296544 0.0123 0.0153 1.568 "" "" 464625958613314688 1989.31238 0.4757 0.0216 -0.146 -0.059 0.02 0.022 1.064 "" "" 14.685975 0.815796 15.004013 14.188217 "" "" 1906.89514 2079.71387 25151.0951 5.1814 13609.0 13.003 16744.0 10.538 "" "" 0.002764384060697351 0.0029767808 0.0038406576 0.0068174386 44.74343318105 60.54369296544 1989.31238 -0.14599999999999996 -0.05899999999999999 0.06434614741802216 -0.13525000178813934 0.117427856 0.11942786 "" "" 1.412293320911489 "" 0.16814940805283704 ""
