Clusters/SAI_24/SAI_24_members.tsv
# %ECSV 1.0
# ---
# datatype:
# - name: RA_ICRS_1
#   unit: deg
#   datatype: float64
#   format: '{:15.11f}'
#   description: Right ascension (ICRS) at Ep=2016.0 (ra)
#   meta: !!omap
#   - {ucd: POS_EQ_RA_MAIN}
#   - {width: 15}
#   - {precision: '11'}
# - name: DE_ICRS_1
#   unit: deg
#   datatype: float64
#   format: '{:15.11f}'
#   description: Declination (ICRS) at Ep=2016.0 (dec)
#   meta: !!omap
#   - {ucd: POS_EQ_DEC_MAIN}
#   - {width: 15}
#   - {precision: '11'}
# - name: e_RA_ICRS
#   unit: mas
#   datatype: float64
#   format: '{:7.4f}'
#   description: Standard error of right ascension (ra_error)
#   meta: !!omap
#   - {ucd: ERROR}
#   - {width: 7}
#   - {precision: '4'}
# - name: e_DE_ICRS
#   unit: mas
#   datatype: float64
#   format: '{:7.4f}'
#   description: Standard error of declination (dec_error)
#   meta: !!omap
#   - {ucd: ERROR}
#   - {width: 7}
#   - {precision: '4'}
# - name: _r_1
#   unit: ''
#   datatype: float64
#   format: '{:7.4f}'
#   description: Distance from center (044.78271647000+60.56129790000)[ICRS], at Epoch=J2016.0
#   meta: !!omap
#   - {ucd: POS_ANG_DIST_GENERAL}
#   - {width: 7}
#   - {precision: '4'}
# - name: HIP
#   datatype: int32
#   description: '? HIP cross-id number, van Leeuwen, Cat. I/311 (hip_original_ext_source_id)'
#   meta: !!omap
#   - {ucd: ID_NUMBER}
#   - {width: 6}
#   - values: {'null': -2147483648}
# - name: TYC2
#   datatype: string
#   description: Tycho-2 cross-id name, Hog et al., Cat. I/259 (tyc2_original_ext_source_id)
#   meta: !!omap
#   - {ucd: ID_CROSSID}
#   - {_votable_string_dtype: char}
# - name: Source
#   datatype: int64
#   description: Source identifier, identical to the Gaia-EDR3 source_id (id)
#   meta: !!omap
#   - {ucd: ID_MAIN}
#   - {width: 19}
# - name: rgeo
#   unit: pc
#   datatype: float64
#   format: '{:15.8f}'
#   description: '? Median of the geometric distance posterior (r_med_geo)'
#   meta: !!omap
#   - {ucd: PHYS_DISTANCE_TRUE}
#   - {width: 15}
#   - {precision: '8'}
#   - values: {'null': .nan}
# - name: Plx
#   unit: mas
#   datatype: float64
#   format: '{:9.4f}'
#   description: '? Parallax (parallax)'
#   meta: !!omap
#   - {ucd: POS_PARLX_TRIG}
#   - {width: 9}
#   - {precision: '4'}
#   - values: {'null': .nan}
# - name: e_Plx
#   unit: mas
#   datatype: float32
#   format: '{:7.4f}'
#   description: '? Standard error of parallax (parallax_error)'
#   meta: !!omap
#   - {ucd: ERROR}
#   - {width: 7}
#   - {precision: '4'}
#   - values: {'null': .nan}
# - name: pmRA
#   unit: mas / yr
#   datatype: float64
#   format: '{:9.3f}'
#   description: '? Proper motion in right ascension direction, pmRA*cosDE (pmra)'
#   meta: !!omap
#   - {ucd: POS_EQ_PMRA}
#   - {width: 9}
#   - {precision: '3'}
#   - values: {'null': .nan}
# - name: pmDE
#   unit: mas / yr
#   datatype: float64
#   format: '{:9.3f}'
#   description: '? Proper motion in declination direction (pmdec)'
#   meta: !!omap
#   - {ucd: POS_EQ_PMDEC}
#   - {width: 9}
#   - {precision: '3'}
#   - values: {'null': .nan}
# - name: e_pmRA
#   unit: mas / yr
#   datatype: float32
#   format: '{:6.3f}'
#   description: '? Standard error of proper motion in right ascension direction (pmra_error)'
#   meta: !!omap
#   - {ucd: ERROR}
#   - {width: 6}
#   - {precision: '3'}
#   - values: {'null': .nan}
# - name: e_pmDE
[...]
#       distance: !astropy.table.SerializedColumn
#         __class__: astropy.coordinates.distances.Distance
#         unit: !astropy.units.Unit {unit: pc}
#         value: !astropy.table.SerializedColumn {name: SkyCoord.distance}
#       frame: icrs
#       obstime: !astropy.time.Time {format: jyear_str, in_subfmt: '*', jd1: 367701545.0, jd2: 0.0, out_subfmt: '*', precision: 3, scale: tt}
#       pm_dec: !astropy.table.SerializedColumn
#         __class__: astropy.units.quantity.Quantity
#         unit: !astropy.units.Unit {unit: mas / yr}
#         value: !astropy.table.SerializedColumn {name: SkyCoord.pm_dec}
#       pm_ra_cosdec: !astropy.table.SerializedColumn
#         __class__: astropy.units.quantity.Quantity
#         unit: !astropy.units.Unit {unit: mas / yr}
#         value: !astropy.table.SerializedColumn {name: SkyCoord.pm_ra_cosdec}
#       ra: !astropy.table.SerializedColumn
#         __class__: astropy.coordinates.angles.Longitude
#         unit: *id001
#         value: !astropy.table.SerializedColumn {name: SkyCoord.ra}
#         wrap_angle: !astropy.coordinates.Angle
#           unit: *id001
#           value: 360.0
#       representation_type: spherical
# schema: astropy-2.0
RA_ICRS_1 DE_ICRS_1 e_RA_ICRS e_DE_ICRS _r_1 HIP TYC2 Source rgeo Plx e_Plx pmRA pmDE e_pmRA e_pmDE RUWE Teff logg Gmag BP-RP BPmag RPmag RV e_RV b_rgeo B_rgeo FG e_FG FBP e_FBP FRP e_FRP RAVE5 RAVE6 e_Gmag e_BPmag e_RPmag e_BP-RP SkyCoord.ra SkyCoord.dec SkyCoord.distance SkyCoord.pm_ra_cosdec SkyCoord.pm_dec rmRA rmDE e_rmRA e_rmDE rRV e_rRV v_pec v_pec3d e_vpec e_vpec3d Pmemb
[from data line 31]
45.19473484678 60.54501347115 0.0158 0.0196 12.1925 "" "" 463122479537060736 2172.76294 0.4339 0.0249 -0.099 0.005 0.027 0.029 1.085 6752.3 3.4199 14.842452 1.67849 15.63725 13.95876 -30.47 10.27 2060.79663 2291.98657 21775.39096 5.6893 7594.8 9.9995 20685.0 16.922 "" "" 0.0027698843783024647 0.00313505 0.0038823527 0.007017403 45.19473484678 60.54501347115 2172.76294 -0.099 0.005000000000000003 0.11134614741802215 -0.07125000178813934 0.12442786 0.12642786 13.9375 10.794231 1.3614240083907534 14.003834531321154 0.1701945877627933 10.743113140810326 0.8
44.94908941107 60.47049213533 0.0142 0.0194 7.3364 "" "" 466122840612044160 2189.82349 0.4226 0.0237 -0.106 0.04 0.024 0.029 0.934 "" "" 14.857375 0.868478 15.199184 14.330707 "" "" 2096.04102 2334.13794 21478.13575 5.092 11370.0 11.879 14685.0 13.743 "" "" 0.0027673175603775174 0.003011939 0.0039135874 0.0069255265 44.94908941107 60.47049213533 2189.82349 -0.10599999999999998 0.04000000000000002 0.10434614741802216 -0.03625000178813934 0.121427864 0.12642786 "" "" 1.1465848131429548 "" 0.13985601865647027 "" 1.0
44.77707359488 60.41336439849 0.0154 0.0185 8.8776 "" "" 464621801085033472 2269.43335 0.4078 0.0245 -0.315 0.047 0.027 0.028 0.964 9277.9 3.7142 14.876709 0.865998 15.217539 14.351541 "" "" 2143.12402 2389.77417 21099.06882 4.9641 11179.0 12.957 14406.0 10.546 "" "" 0.0027671362075969053 0.0030608284 0.0038620546 0.006922883 44.77707359488 60.41336439849 2269.43335 -0.31500000000000006 0.047 -0.10465385258197785 -0.029250001788139343 0.12442786 0.12542786 "" "" 1.1689173090598666 "" 0.14553089254495147 "" 0.9
44.53973579656 60.67383402804 0.0131 0.0158 9.8364 "" "" 464640252264277632 2028.13379 0.4627 0.0243 -0.24 0.21 0.022 0.021 0.997 "" "" 14.902531 0.940946 15.280469 14.339523 "" "" 1928.39563 2154.97949 20603.19069 4.3202 10549.0 13.985 14566.0 10.074 "" "" 0.002764709775136341 0.0031395643 0.0038532568 0.006992821 44.53973579656 60.67383402804 2028.13379 -0.2400000000000001 0.21000000000000013 -0.029653852581977835 0.13374999821186065 0.11942786 0.11842786 "" "" 1.3170089251681711 "" 0.15603249942928304 "" 1.0
44.8714064202 60.59369428036 0.0147 0.0177 3.2576 "" "" 466127410457204736 2027.17395 0.4579 0.0254 -0.294 -0.01 0.024 0.026 1.008 7988.0 3.9865 15.026305 1.002177 15.431458 14.42928 "" "" 1932.01428 2151.38989 18383.34562 3.9426 9179.8 10.43 13411.0 10.347 "" "" 0.002765141964290337 0.003050709 0.0038711024 0.006921811 44.8714064202 60.59369428036 2027.17395 -0.29400000000000004 -0.01000000000000003 -0.08365385258197783 -0.08625000178813934 0.121427864 0.12342786 "" "" 1.1545381437504738 "" 0.1413876208401725 "" 1.0
45.06687691594 60.65117876828 0.0141 0.0186 9.9553 "" "" 466126379665107456 1951.09167 0.482 0.0255 -0.074 0.254 0.023 0.029 1.002 7871.3 3.6615 15.037415 1.402269 15.66163 14.25936 "" "" 1861.59851 2052.87354 18196.21637 6.7939 7426.2 17.527 15682.0 19.729 "" "" 0.002784981575747332 0.0037883366 0.0040186425 0.007806979 45.06687691594 60.65117876828 1951.09167 -0.074 0.254 0.13634614741802215 0.17774999821186066 0.12042786 0.12642786 "" "" 2.0717837621036 "" 0.2573964644380613 "" 0.8
45.03142425621 60.44371907857 0.0152 0.0212 10.1861 "" "" 463120177434621184 1884.44751 0.4922 0.0265 -0.302 0.231 0.026 0.029 0.949 "" "" 15.060093 1.066256 15.497063 14.430806 "" "" 1809.23694 1974.62024 17820.07716 4.8686 8641.6 11.958 13392.0 13.109 "" "" 0.002771241649103946 0.0031689566 0.0039259717 0.007094928 45.03142425621 60.44371907857 1884.44751 -0.30200000000000005 0.23099999999999993 -0.09165385258197783 0.15474999821186067 0.12342786 0.12642786 "" "" 1.60651964660714 "" 0.20186831295318633 "" 0.9
44.93335218834 60.54145364281 0.0157 0.0205 4.6003 "" "" 466124077562607488 2011.79199 0.46 0.0265 -0.265 0.232 0.026 0.031 0.965 "" "" 15.083431 1.178167 15.57159 14.393423 "" "" 1909.9668 2133.70923 17441.1112 21.213 8068.3 39.964 13861.0 62.797 "" "" 0.0030554248096463597 0.006058602 0.0062031746 0.012261776 44.93335218834 60.54145364281 2011.79199 -0.265 0.23200000000000007 -0.05465385258197786 0.15574999821186067 0.12342786 0.12842786 "" "" 1.5740033910250633 "" 0.20129807288170684 "" 0.9
44.88694070457 60.55684295116 0.0158 0.0192 3.0853 "" "" 466126998140363520 2093.50537 0.443 0.0281 -0.18 0.166 0.027 0.028 0.997 "" "" 15.08929 1.517359 15.783193 14.265834 -51.68 5.88 1984.70569 2217.93115 17347.25316 7.7964 6639.6 13.39 15589.0 22.644 "" "" 0.0027981955202605706 0.0035467388 0.0040952377 0.0076419767 44.88694070457 60.55684295116 2093.50537 -0.18 0.166 0.030346147418022162 0.08974999821186067 0.12442786 0.12542786 -7.272500000000001 6.404231 0.9401402655881572 7.3330157485839464 0.11782367088989354 6.35139808632456 0.8
44.79742936802 60.62462795734 0.0166 0.0187 3.8244 "" "" 466128269450654336 2276.67725 0.4137 0.0274 -0.115 0.088 0.028 0.027 1.034 9323.9 3.7318 15.208667 1.054582 15.638516 14.583935 "" "" 2141.23389 2425.20898 15541.03385 7.8385 7586.0 19.7 11630.0 15.187 "" "" 0.0028092124136066855 0.0039667157 0.0040365704 0.008003286 44.79742936802 60.62462795734 2276.67725 -0.115 0.088 0.09534614741802215 0.011749998211860652 0.12542786 0.12442786 "" "" 1.0367068371917132 "" 0.13001646912074383 "" 0.8
45.11436033067 60.4600386905 0.0167 0.0241 11.5265 "" "" 463120417952782336 2188.7666 0.4273 0.0286 -0.07 0.076 0.028 0.037 0.967 "" "" 15.210541 1.704367 16.01861 14.314243 -51.05 5.3 2077.85107 2324.74707 15514.23832 11.639 5345.3 14.613 14909.0 42.406 "" "" 0.002873196112568367 0.0040737204 0.0048806355 0.0089543555 45.11436033067 60.4600386905 2188.7666 -0.07000000000000002 0.07600000000000001 0.14034614741802215 -0.00025000178813934515 0.12542786 0.13442786 -6.642499999999998 5.824231 1.4560590200731447 6.800214270148871 0.18263040568737027 5.6892868022114635 0.8
45.14473699583 60.54972372729 0.0183 0.0237 10.7003 "" "" 466124764757348608 1985.55969 0.4749 0.0313 -0.049 -0.14 0.032 0.038 1.038 7197.1 3.4107 15.302431 1.072708 15.743875 14.671167 "" "" 1876.26428 2133.27319 14255.23716 3.7477 6884.4 9.1722 10732.0 10.794 "" "" 0.0027700659461630433 0.0031428551 0.0039339815 0.0070768367 45.14473699583 60.54972372729 1985.55969 -0.04900000000000002 -0.14000000000000007 0.16134614741802217 -0.21625000178813936 0.12942787 0.13542786 "" "" 2.539317255976903 "" 0.3385246189183339 "" 0.8
44.87447340971 60.52211586709 0.0191 0.0259 3.5857 "" "" 466124008843141120 1920.76538 0.5046 0.0343 -0.21 0.155 0.032 0.037 1.16 "" "" 15.413407 1.482419 16.07887 14.596452 "" "" 1798.24939 2080.28345 12870.1582 24.229 5056.7 48.495 11497.0 58.161 "" "" 0.0034306893479518633 0.01077983 0.006667196 0.017447025 44.87447340971 60.52211586709 1920.76538 -0.21 0.155 0.00034614741802216353 0.07874999821186066 0.12942787 0.13442786 "" "" 0.7169806070945409 "" 0.09638210097201061 "" 0.9
44.87579140315 60.49461173987 0.0173 0.0247 4.8537 "" "" 464622728797921024 2136.99463 0.4459 0.0315 -0.18 0.029 0.029 0.037 0.965 8863.0 3.7005 15.435722 1.155409 15.92184 14.766431 "" "" 1965.50952 2306.49292 12608.3414 4.2349 5843.6 10.851 9830.7 11.913 "" "" 0.0027793487360975775 0.0034423445 0.004001853 0.0074441973 44.87579140315 60.49461173987 2136.99463 -0.18 0.029 0.030346147418022162 -0.047250001788139345 0.12642786 0.13442786 "" "" 0.5688199750057187 "" 0.07516485611216853 "" 0.9
44.8551823864 60.56050750235 0.0181 0.0216 2.1375 "" "" 466127066859842176 2001.70166 0.4628 0.0318 -0.092 0.249 0.031 0.031 0.99 5534.8 3.5761 15.462625 1.67235 16.234009 14.561659 "" "" 1869.45593 2130.59131 12299.7593 13.555 4383.4 31.053 11871.0 49.636 "" "" 0.0030039136621771343 0.0081820395 0.0059070494 0.014089089 44.8551823864 60.56050750235 2001.70166 -0.09200000000000005 0.24899999999999997 0.11834614741802216 0.17274999821186066 0.12842786 0.12842786 "" "" 1.986801275828494 "" 0.255160642300795 "" 0.8
44.74075683464 60.62900501194 0.0187 0.0218 4.2463 "" "" 466128406889609984 2227.09424 0.4179 0.0341 -0.185 0.087 0.033 0.033 0.958 9249.8 4.0551 15.489569 1.196811 15.997293 14.800483 "" "" 2084.71777 2412.89648 11998.28235 3.533 5451.3 10.398 9527.2 12.777 "" "" 0.0027738061254259047 0.0034747617 0.0040501757 0.0075249374 44.74075683464 60.62900501194 2227.09424 -0.185 0.08699999999999997 0.025346147418022158 0.01074999821186065 0.13042787 0.13042787 "" "" 0.2906354422524177 "" 0.03790696085819826 "" 1.0
44.53783027142 60.54621789369 0.0176 0.0209 7.2797 "" "" 464636811989980672 2152.01318 0.4391 0.0309 -0.233 -0.013 0.028 0.028 1.037 6507.4 3.8455 15.530523 1.591854 16.26189 14.670036 "" "" 1993.58728 2351.43726 11554.1334 5.8718 4272.3 10.313 10743.0 17.99 "" "" 0.0028100248516903918 0.003828064 0.004193972 0.008022036 44.53783027142 60.54621789369 2152.01318 -0.23299999999999998 -0.013000000000000005 -0.022653852581977857 -0.08925000178813934 0.12542786 0.12542786 "" "" 0.9392678040431307 "" 0.11781034784907293 "" 1.0
44.63683317691 60.64833364246 0.0207 0.0238 6.7623 "" "" 464639255832265472 1788.28748 0.5409 0.0365 -0.198 0.082 0.033 0.032 0.99 7592.9 4.0701 15.766146 1.581433 16.49936 14.917926 "" "" 1656.57617 1914.90479 9300.12063 2.5738 3433.0 7.7454 8550.4 9.0591 "" "" 0.0027716557409629694 0.0037128918 0.0039505684 0.0076634604 44.63683317691 60.64833364246 1788.28748 -0.198 0.082 0.012346147418022146 0.00574999821186066 0.13042787 0.12942787 "" "" 0.11544516152734884 "" 0.015036753638821692 "" 0.8
44.5774551159 60.64595499066 0.0243 0.0276 7.8958 "" "" 464639908667070336 1970.23926 0.4796 0.042 -0.358 0.353 0.04 0.038 1.035 "" "" 15.918142 1.290493 16.476894 15.186401 "" "" 1823.28076 2125.84033 8085.18075 2.7099 3504.8 8.5881 6677.3 7.082 "" "" 0.0027792474012056194 0.0038552745 0.0039509204 0.007806195 44.5774551159 60.64595499066 1970.23926 -0.358 0.3530000000000001 -0.14765385258197783 0.27674999821186064 0.13742787 0.13542786 "" "" 2.9293933678831503 "" 0.39802710670791985 "" 0.9
45.07766058677 60.60164489533 0.0239 0.0318 9.0231 "" "" 466125898628692352 1896.8877 0.4965 0.0401 -0.374 0.301 0.04 0.047 1.025 8138.2 3.6014 15.948558 1.318742 16.526466 15.207725 "" "" 1760.08948 2041.16309 7861.82702 2.7865 3348.3 7.0994 6547.4 11.92 "" "" 0.002782063505891089 0.003617271 0.0042650797 0.007882351 45.07766058677 60.60164489533 1896.8877 -0.3739999999999999 0.301 -0.16365385258197784 0.22474999821186065 0.13742787 0.14442787 "" "" 2.499747085389408 "" 0.35506768816222173 "" 0.9
44.83379595595 60.55034417841 0.0275 0.0343 1.6437 "" "" 466127028201561472 1949.23206 0.4864 0.048 -0.186 -0.044 0.045 0.049 1.004 6678.3 3.7139 16.33746 1.800171 17.19288 15.39271 "" "" 1796.51294 2134.34766 5494.9362 5.1786 1812.4 9.4072 5521.7 17.873 "" "" 0.002939182288092283 0.006288373 0.0051608724 0.011449246 44.83379595595 60.55034417841 1949.23206 -0.186 -0.044000000000000115 0.024346147418022157 -0.12025000178813934 0.14242786 0.14642785 "" "" 1.133575632820225 "" 0.16581084626330486 "" 1.0
