Clusters/LP_1775/LP_1775_stars_in_region.tsv
# %ECSV 1.0
# ---
# datatype:
# - name: RA_ICRS_1
#   unit: deg
#   datatype: float64
#   format: '{:15.11f}'
#   description: Right ascension (ICRS) at Ep=2016.0 (ra)
#   meta: !!omap
#   - {ucd: POS_EQ_RA_MAIN}
#   - {width: 15}
#   - {precision: '11'}
# - name: DE_ICRS_1
#   unit: deg
#   datatype: float64
#   format: '{:15.11f}'
#   description: Declination (ICRS) at Ep=2016.0 (dec)
#   meta: !!omap
#   - {ucd: POS_EQ_DEC_MAIN}
#   - {width: 15}
#   - {precision: '11'}
# - name: e_RA_ICRS
#   unit: mas
#   datatype: float64
#   format: '{:7.4f}'
#   description: Standard error of right ascension (ra_error)
#   meta: !!omap
#   - {ucd: ERROR}
#   - {width: 7}
#   - {precision: '4'}
# - name: e_DE_ICRS
#   unit: mas
#   datatype: float64
#   format: '{:7.4f}'
#   description: Standard error of declination (dec_error)
#   meta: !!omap
#   - {ucd: ERROR}
#   - {width: 7}
#   - {precision: '4'}
# - name: _r_1
#   unit: ''
#   datatype: float64
#   format: '{:7.4f}'
#   description: Distance from center (316.72830883000+47.08900563000)[ICRS], at Epoch=J2016.0
#   meta: !!omap
#   - {ucd: POS_ANG_DIST_GENERAL}
#   - {width: 7}
#   - {precision: '4'}
# - name: HIP
#   datatype: int32
#   description: '? HIP cross-id number, van Leeuwen, Cat. I/311 (hip_original_ext_source_id)'
#   meta: !!omap
#   - {ucd: ID_NUMBER}
#   - {width: 6}
#   - values: {'null': -2147483648}
# - name: TYC2
#   datatype: string
#   description: Tycho-2 cross-id name, Hog et al., Cat. I/259 (tyc2_original_ext_source_id)
#   meta: !!omap
#   - {ucd: ID_CROSSID}
#   - {_votable_string_dtype: char}
# - name: Source
#   datatype: int64
#   description: Source identifier, identical to the Gaia-EDR3 source_id (id)
#   meta: !!omap
#   - {ucd: ID_MAIN}
#   - {width: 19}
# - name: rgeo
#   unit: pc
#   datatype: float64
#   format: '{:15.8f}'
#   description: '? Median of the geometric distance posterior (r_med_geo)'
#   meta: !!omap
#   - {ucd: PHYS_DISTANCE_TRUE}
#   - {width: 15}
#   - {precision: '8'}
#   - values: {'null': .nan}
# - name: Plx
#   unit: mas
#   datatype: float64
#   format: '{:9.4f}'
#   description: '? Parallax (parallax)'
#   meta: !!omap
#   - {ucd: POS_PARLX_TRIG}
#   - {width: 9}
#   - {precision: '4'}
#   - values: {'null': .nan}
# - name: e_Plx
#   unit: mas
#   datatype: float32
#   format: '{:7.4f}'
#   description: '? Standard error of parallax (parallax_error)'
#   meta: !!omap
#   - {ucd: ERROR}
#   - {width: 7}
#   - {precision: '4'}
#   - values: {'null': .nan}
# - name: pmRA
#   unit: mas / yr
#   datatype: float64
#   format: '{:9.3f}'
#   description: '? Proper motion in right ascension direction, pmRA*cosDE (pmra)'
#   meta: !!omap
#   - {ucd: POS_EQ_PMRA}
#   - {width: 9}
#   - {precision: '3'}
#   - values: {'null': .nan}
# - name: pmDE
#   unit: mas / yr
#   datatype: float64
#   format: '{:9.3f}'
#   description: '? Proper motion in declination direction (pmdec)'
#   meta: !!omap
#   - {ucd: POS_EQ_PMDEC}
#   - {width: 9}
#   - {precision: '3'}
#   - values: {'null': .nan}
# - name: e_pmRA
#   unit: mas / yr
#   datatype: float32
#   format: '{:6.3f}'
#   description: '? Standard error of proper motion in right ascension direction (pmra_error)'
#   meta: !!omap
#   - {ucd: ERROR}
#   - {width: 6}
#   - {precision: '3'}
#   - values: {'null': .nan}
# - name: e_pmDE
[...]
#         value: !astropy.table.SerializedColumn {name: SkyCoord.dec}
#       distance: !astropy.table.SerializedColumn
#         __class__: astropy.coordinates.distances.Distance
#         unit: !astropy.units.Unit {unit: pc}
#         value: !astropy.table.SerializedColumn {name: SkyCoord.distance}
#       frame: icrs
#       obstime: !astropy.time.Time {format: jyear_str, in_subfmt: '*', jd1: 367701545.0, jd2: 0.0, out_subfmt: '*', precision: 3, scale: tt}
#       pm_dec: !astropy.table.SerializedColumn
#         __class__: astropy.units.quantity.Quantity
#         unit: !astropy.units.Unit {unit: mas / yr}
#         value: !astropy.table.SerializedColumn {name: SkyCoord.pm_dec}
#       pm_ra_cosdec: !astropy.table.SerializedColumn
#         __class__: astropy.units.quantity.Quantity
#         unit: !astropy.units.Unit {unit: mas / yr}
#         value: !astropy.table.SerializedColumn {name: SkyCoord.pm_ra_cosdec}
#       ra: !astropy.table.SerializedColumn
#         __class__: astropy.coordinates.angles.Longitude
#         unit: *id001
#         value: !astropy.table.SerializedColumn {name: SkyCoord.ra}
#         wrap_angle: !astropy.coordinates.Angle
#           unit: *id001
#           value: 360.0
#       representation_type: spherical
# schema: astropy-2.0
RA_ICRS_1 DE_ICRS_1 e_RA_ICRS e_DE_ICRS _r_1 HIP TYC2 Source rgeo Plx e_Plx pmRA pmDE e_pmRA e_pmDE RUWE Teff logg Gmag BP-RP BPmag RPmag RV e_RV b_rgeo B_rgeo FG e_FG FBP e_FBP FRP e_FRP RAVE5 RAVE6 e_Gmag e_BPmag e_RPmag e_BP-RP SkyCoord.ra SkyCoord.dec SkyCoord.distance SkyCoord.pm_ra_cosdec SkyCoord.pm_dec rmRA rmDE e_rmRA e_rmDE rRV e_rRV v_pec v_pec3d e_vpec e_vpec3d
[from data line 892]
316.54475587905 47.17843631541 0.0188 0.0199 9.2154 "" "" 2165137101779880320 3067.31201 0.3029 0.0233 -0.981 -2.001 0.025 0.023 0.979 7426.6 4.0718 15.386705 0.865832 15.730456 14.864624 "" "" 2869.53223 3362.45459 13190.60601 3.7186 6970.0 11.216 8980.7 19.184 "" "" 0.0027722691282636167 0.0032920467 0.0044342745 0.007726321 316.54475587905 47.17843631541 3067.31201 -0.9810000000000012 -2.0010000000000017 2.5050000610351564 2.4194998016357423 0.103 0.101 "" "" 50.63477413481591 "" 5.166752604758787 ""
316.52001341709 47.201920707 0.0187 0.0202 10.8698 "" "" 2165137376657767040 2461.46558 0.3815 0.0227 -1.79 -1.374 0.026 0.024 1.042 6446.6 3.8727 15.387667 1.058434 15.830962 14.772528 "" "" 2336.07031 2606.23975 13178.92389 3.4281 6353.8 8.8868 9775.7 10.614 "" "" 0.0027697565495326116 0.003176652 0.003958964 0.0071356157 316.52001341709 47.201920707 2461.46558 -1.7900000000000005 -1.374 1.6960000610351562 3.046499801635742 0.104 0.102 "" "" 40.68137541098418 "" 4.168893641433848 ""
316.28534172584 47.10558799751 0.0192 0.0204 18.1204 "" "" 2165178299108808832 2614.51514 0.3544 0.0237 -1.91 -2.45 0.026 0.026 1.056 7368.9 4.2736 15.388824 0.924887 15.763905 14.839018 "" "" 2468.1272 2793.7644 13164.88252 4.3796 6758.6 13.288 9195.0 15.034 "" "" 0.002778893891408384 0.0035130882 0.0041755307 0.007688619 316.28534172584 47.10558799751 2614.51514 -1.9099999999999984 -2.449999999999999 1.5760000610351563 1.970499801635742 0.104 0.104 "" "" 31.269781209247533 "" 3.252057312859414 ""
316.28325139645 47.28500383975 0.0191 0.0211 21.6249 "" "" 2165189122426505600 2864.69873 0.3207 0.0234 -2.376 -5.564 0.025 0.027 1.047 4822.6 3.2301 15.391326 1.539126 16.105595 14.566468 "" "" 2697.97705 3052.00684 13134.5903 3.5288 4933.8 8.899 11819.0 12.909 "" "" 0.0027707178968773903 0.0034088227 0.0039610616 0.0073698843 316.28325139645 47.28500383975 2864.69873 -2.375999999999997 -5.564 1.1100000610351564 -1.1435001983642579 0.103 0.105000004 "" "" 21.63953351521457 "" 2.2512586827589773 ""
316.74535100317 47.122387396 0.0181 0.0212 2.1204 "" "" 2165122945567950976 2591.67554 0.3585 0.0232 -3.487 -5.49 0.026 0.025 1.015 7824.9 4.2677 15.395267 0.798395 15.710303 14.911908 "" "" 2454.62817 2803.11597 13087.00045 4.4179 7100.6 12.175 8598.0 10.186 "" "" 0.002779591299450071 0.00335422 0.0039922683 0.0073464885 316.74535100317 47.122387396 2591.67554 -3.486999999999999 -5.489999999999995 -0.0009999389648438495 -1.069500198364258 0.104 0.103 "" "" 13.138325911976825 "" 1.3532475820404373 ""
316.50727802456 46.88524240037 0.0194 0.0215 15.209 "" "" 2165113702797777280 2984.54761 0.3063 0.0246 -1.176 1.041 0.025 0.024 1.007 5164.2 3.4883 15.395686 1.441285 16.048782 14.607497 "" "" 2802.51123 3194.66382 13081.94814 3.6104 5198.8 13.18 11380.0 13.073 "" "" 0.0027715657290992356 0.0039193914 0.003979873 0.007899264 316.50727802456 46.88524240037 2984.54761 -1.176 1.041 2.310000061035156 5.461499801635743 0.103 0.102 "" "" 83.88928345516933 "" 8.569489714603664 ""
317.19776184265 46.95696985868 0.0182 0.021 20.7717 "" "" 2164387647174096896 2767.4436 0.3396 0.0227 -6.219 -6.264 0.026 0.027 0.983 4658.9 2.7053 15.397894 1.59177 16.148893 14.557123 "" "" 2615.53711 2950.20874 13055.36953 3.8565 4740.9 10.578 11921.0 11.42 "" "" 0.002773923551190726 0.0036950838 0.003919891 0.007614975 317.19776184265 46.95696985868 2767.4436 -6.219 -6.264 -2.732999938964844 -1.843500198364258 0.104 0.105000004 "" "" 43.24417065399383 "" 4.510961417736021 ""
316.7373379834 46.72525002322 0.019 0.0201 21.8285 "" "" 2164357616747821440 3025.90356 0.3093 0.0227 -1.28 -3.974 0.024 0.025 1.045 7366.0 3.8532 15.398364 0.907815 15.746418 14.838603 "" "" 2806.87573 3273.67456 13049.71831 3.684 6868.3 10.805 9198.5 12.415 "" "" 0.002772316175302218 0.0032714636 0.00405353 0.0073249936 316.7373379834 46.72525002322 3025.90356 -1.2800000000000016 -3.974 2.206000061035156 0.446499801635742 0.102 0.103 "" "" 32.28177251235547 "" 3.2940171512353924 ""
316.90534629427 47.23591374069 0.0203 0.0223 11.3955 "" "" 2165148474855047680 2284.75244 0.4156 0.0251 -0.865 -1.893 0.028 0.033 1.089 6612.6 4.1157 15.398745 0.871733 15.744681 14.872949 "" "" 2178.31934 2417.99951 13045.14735 4.0614 6879.3 10.778 8912.1 10.23 "" "" 0.0027759775741772767 0.0032678181 0.0039795693 0.0072473874 316.90534629427 47.23591374069 2284.75244 -0.8650000000000002 -1.8930000000000002 2.621000061035156 2.5274998016357424 0.106000006 0.111 "" "" 39.43254473908473 "" 4.27598685888288 ""
317.05240946671 47.32023802539 0.0204 0.0213 19.1578 "" "" 2165154281650500736 3042.08813 0.3074 0.0247 -3.105 -3.704 0.028 0.031 0.982 8245.5 4.2794 15.398763 0.712888 15.677525 14.964638 "" "" 2843.74341 3286.39282 13044.92242 4.7679 7318.2 12.507 8190.4 10.592 "" "" 0.00278375060041785 0.003350839 0.004031776 0.007382615 317.05240946671 47.32023802539 3042.08813 -3.105 -3.704000000000002 0.38100006103515627 0.716499801635742 0.106000006 0.109 "" "" 11.701429185138297 "" 1.2678012199857829 ""
316.73472702677 47.14999589852 0.0201 0.0222 3.6688 "" "" 2165134799677691776 2529.87231 0.3743 0.0248 -2.581 -2.846 0.029 0.024 0.952 6929.9 4.2186 15.398896 0.947569 15.782136 14.834567 "" "" 2346.63623 2732.87622 13043.31796 3.5622 6646.0 9.4549 9232.8 9.3676 "" "" 0.00277122964329369 0.0031891835 0.003936651 0.007125835 316.73472702677 47.14999589852 2529.87231 -2.5809999999999995 -2.846 0.9050000610351563 1.574499801635742 0.107 0.102 "" "" 21.77745824218848 "" 2.2488332901862464 ""
317.12526678547 47.31992547681 0.0216 0.0221 21.3025 "" "" 2165154453449286784 2570.88745 0.3592 0.0237 -2.457 -3.073 0.029 0.03 1.0 8284.0 4.256 15.399985 0.802526 15.710259 14.907733 "" "" 2420.57227 2726.95801 13030.24984 4.3092 7100.9 9.6636 8631.1 15.923 "" "" 0.0027786173157336434 0.0031572583 0.004277356 0.007434614 317.12526678547 47.31992547681 2570.88745 -2.457000000000001 -3.0730000000000004 1.0290000610351564 1.3474998016357422 0.107 0.108 "" "" 20.66093055155298 "" 2.2237925390042927 ""
316.78022717416 47.08215292383 0.0963 0.1092 2.1606 "" "" 2165122597656730240 2641.21143 0.4162 0.1229 -2.925 0.898 0.13 0.143 5.473 "" "" 15.400243 0.908675 15.651182 14.742507 "" "" 2023.76953 3502.73267 13027.15251 10.763 7498.0 9.586 10050.0 10.654 "" "" 0.0028976639731496563 0.003116381 0.0039507593 0.00706714 316.78022717416 47.08215292383 2641.21143 -2.925 0.898000000000001 0.5610000610351564 5.318499801635742 0.208 0.22100002 "" "" 66.9535089297643 "" 14.78742764525221 ""
316.57108538024 47.07471710687 0.02 0.0213 6.4807 "" "" 2165133562726781952 2438.43091 0.3845 0.0254 -1.49 -1.845 0.029 0.025 1.056 6841.8 4.3604 15.400455 0.818628 15.724395 14.905767 "" "" 2303.33276 2607.10815 13024.61953 3.8594 7009.0 9.9983 8646.7 10.109 "" "" 0.0027740392257986067 0.0031912096 0.0039868513 0.0071780607 316.57108538024 47.07471710687 2438.43091 -1.49 -1.8449999999999998 1.9960000610351563 2.5754998016357424 0.107 0.103 "" "" 37.661196389051234 "" 3.9363072145992364 ""
316.96883263205 46.79666948318 0.0188 0.0199 20.118 "" "" 2164364488709507072 2816.02856 0.3345 0.0239 -3.096 -5.054 0.026 0.026 1.049 5923.1 3.6892 15.40068 1.085801 15.840264 14.754463 "" "" 2657.89233 3012.56714 13021.91982 4.771 6299.6 8.8986 9939.7 12.0 "" "" 0.0027838875344905157 0.0031838976 0.0040002363 0.007184134 316.96883263205 46.79666948318 2816.02856 -3.0960000000000014 -5.054 0.39000006103515616 -0.6335001983642581 0.104 0.104 "" "" 9.92987592343009 "" 1.0327071173439317 ""
316.86464621992 47.20075283028 0.0198 0.0222 8.7126 "" "" 2165146859946570624 2617.67603 0.3498 0.0249 -1.856 -3.969 0.027 0.034 0.978 6677.5 4.183 15.400926 1.033427 15.829278 14.795851 "" "" 2479.68848 2772.52661 13018.96234 4.0067 6363.6 8.5418 9567.9 11.721 "" "" 0.0027755075548311883 0.003147854 0.004006594 0.007154448 316.86464621992 47.20075283028 2617.67603 -1.8560000000000014 -3.9690000000000003 1.6300000610351562 0.4514998016357423 0.105000004 0.112 "" "" 20.986226870323115 "" 2.214344509652905 ""
316.80644365898 47.11407285488 0.0186 0.0219 3.5279 "" "" 2165122735095898624 2946.7356 0.315 0.0233 -2.775 -2.961 0.027 0.033 1.042 7622.8 3.9735 15.40185 0.653449 15.655602 15.002153 "" "" 2789.76587 3187.76196 13007.89338 4.4942 7467.5 12.052 7912.2 10.575 "" "" 0.002780738051718784 0.0032947836 0.004048397 0.0073431805 316.80644365898 47.11407285488 2946.7356 -2.775 -2.9609999999999994 0.7110000610351563 1.4594998016357423 0.105000004 0.111 "" "" 22.675886095953746 "" 2.491503835399206 ""
316.91676997922 47.16367786032 0.054 0.0587 8.903 "" "" 2165146069672653312 2744.72412 0.3622 0.0653 -2.521 -5.131 0.076 0.089 3.052 6791.1 4.271 15.402409 1.07874 15.845049 14.766309 "" "" 2369.28931 3313.53418 13001.19483 6.6223 6271.9 9.9397 9831.8 11.894 "" "" 0.00281027281137225 0.0032780734 0.004001115 0.0072791884 316.91676997922 47.16367786032 2744.72412 -2.521000000000001 -5.131 0.9650000610351563 -0.710500198364258 0.154 0.167 "" "" 15.590485913788289 "" 2.4740748701225246 ""
316.97838049182 47.39272940996 0.0211 0.022 20.8773 "" "" 2165167200912075520 2923.13818 0.3156 0.0253 -2.767 -4.991 0.029 0.031 0.993 "" "" 15.404029 0.680414 15.663364 14.98295 "" "" 2748.18091 3127.9668 12981.81162 4.4965 7414.3 13.811 8053.4 10.995 "" "" 0.0027808658263171 0.0034460672 0.0040596775 0.0075057447 316.97838049182 47.39272940996 2923.13818 -2.7670000000000003 -4.991 0.7190000610351563 -0.5705001983642575 0.107 0.109 "" "" 12.717302518466191 "" 1.3706338837483967 ""
316.44933153004 47.33955380313 0.0191 0.0191 18.8484 "" "" 2165188125994246528 2922.7583 0.3194 0.0222 -3.404 -4.235 0.025 0.024 0.977 8644.3 4.2128 15.405393 0.696076 15.674722 14.978645 "" "" 2730.95972 3084.64722 12965.50892 3.5191 7337.2 11.853 8085.4 11.169 "" "" 0.002771034459969343 0.0032956728 0.0040660994 0.0073617725 316.44933153004 47.33955380313 2922.7583 -3.4039999999999995 -4.234999999999999 0.08200006103515634 0.18549980163574187 0.103 0.102 "" "" 2.8097824795445265 "" 0.28705899070537555 ""
316.9449559489 46.75316067104 0.019 0.0195 22.0198 "" "" 2164360021943474432 2524.11768 0.3718 0.0232 -3.156 -3.113 0.025 0.025 1.083 6549.3 4.0354 15.405962 0.954212 15.787967 14.833755 "" "" 2398.94775 2732.11353 12958.70976 3.7077 6610.4 9.7816 9239.7 13.797 "" "" 0.002772776755522153 0.0032196578 0.0041124434 0.0073321015 316.9449559489 46.75316067104 2524.11768 -3.1560000000000006 -3.113 0.3300000610351561 1.3074998016357422 0.103 0.103 "" "" 16.13389817980694 "" 1.6617915144434252 ""
316.89831846309 47.28470618196 0.021 0.0222 13.6357 "" "" 2165148887171280128 2679.04468 0.3496 0.0248 0.39 -4.37 0.028 0.032 0.987 5946.6 3.6482 15.406425 1.047958 15.843997 14.796039 "" "" 2520.86963 2885.4707 12953.18506 4.006 6278.0 15.388 9566.3 9.3687 "" "" 0.0027757052471258856 0.0038558114 0.003926112 0.0077819233 316.89831846309 47.28470618196 2679.04468 0.39000000000000035 -4.37 3.8760000610351564 0.05049980163574208 0.106000006 0.11 "" "" 49.22423000078656 "" 5.217802733306125 ""
316.69317536368 47.14406945696 0.0195 0.0221 3.6018 "" "" 2165134937116581760 2749.19067 0.3387 0.0246 -1.273 -1.673 0.028 0.025 1.011 5106.6 3.5346 15.406804 1.447551 16.04218 14.594628 "" "" 2591.10815 3001.53052 12948.66361 3.6444 5230.5 24.96 11516.0 46.281 "" "" 0.0027722136884664856 0.0058846665 0.0057726093 0.011657275 316.69317536368 47.14406945696 2749.19067 -1.2730000000000001 -1.6730000000000014 2.2130000610351566 2.747499801635742 0.106000006 0.103 "" "" 45.97272767788404 "" 4.789933758094579 ""
316.84889414516 46.81611053381 0.0205 0.022 17.1023 "" "" 2164364213818216832 2866.43628 0.3185 0.0247 -2.957 -5.251 0.027 0.027 1.108 6297.9 3.9499 15.40873 0.914213 15.718568 14.804355 "" "" 2649.25269 3103.01978 12925.7279 4.896 7046.8 23.829 9493.3 105.71 "" "" 0.0027858427235066337 0.004611359 0.012666875 0.017278234 316.84889414516 46.81611053381 2866.43628 -2.957 -5.251 0.5290000610351564 -0.8305001983642581 0.105000004 0.105000004 "" "" 13.37859745326266 "" 1.4047527884124378 ""
316.4204593184 46.88832408378 0.021 0.0211 17.4281 "" "" 2165124113798405376 2603.41772 0.3647 0.025 -3.085 -3.489 0.027 0.025 1.051 5652.6 4.1069 15.410562 1.018189 15.822788 14.804599 "" "" 2431.59009 2771.94263 12903.92183 4.6232 6401.8 13.258 9491.1 14.771 "" "" 0.0027826439516127305 0.00358343 0.004139918 0.007723348 316.4204593184 46.88832408378 2603.41772 -3.084999999999997 -3.488999999999997 0.4010000610351563 0.9314998016357423 0.105000004 0.103 "" "" 12.514769451302664 "" 1.2929664939636991 ""
316.57645587929 46.99500817724 0.0193 0.0217 8.388 "" "" 2165131947819026048 2531.07007 0.3822 0.0251 -5.1 -6.936 0.026 0.025 1.107 6256.5 3.6441 15.411511 0.84882 15.737836 14.889016 "" "" 2367.00244 2699.85693 12892.6526 3.6551 6922.8 20.826 8781.2 13.29 "" "" 0.0027724602394747925 0.0042957407 0.004121152 0.008416893 316.57645587929 46.99500817724 2531.07007 -5.1000000000000005 -6.936 -1.6139999389648434 -2.5155001983642578 0.104 0.103 "" "" 35.85706884149028 "" 3.703770735431459 ""
317.02012644096 46.95222456584 0.0179 0.0202 14.4856 "" "" 2164389880556859648 2245.81689 0.4198 0.022 -2.426 -8.464 0.024 0.026 0.983 6582.6 4.0847 15.413091 1.044659 15.844548 14.79989 "" "" 2150.33154 2372.1145 12873.91482 3.1998 6274.8 10.655 9532.4 11.607 "" "" 0.0027685037740364624 0.0033442613 0.004003935 0.0073481966 317.02012644096 46.95222456584 2245.81689 -2.4259999999999984 -8.464000000000008 1.060000061035156 -4.043500198364258 0.102 0.104 "" "" 44.49821220267636 "" 4.622142957182997 ""
317.08845233723 47.29735954293 0.0196 0.0213 19.2844 "" "" 2165154041132364160 2405.06616 0.3946 0.0236 -3.411 -3.265 0.027 0.029 0.987 5626.1 3.9926 15.41398 1.177219 15.922318 14.745098 "" "" 2255.59741 2535.51294 12863.36931 3.3945 5841.0 10.809 10026.0 9.1969 "" "" 0.0027701767990132736 0.0034383023 0.003908407 0.0073467093 317.08845233723 47.29735954293 2405.06616 -3.411 -3.2649999999999997 0.07500006103515622 1.155499801635742 0.105000004 0.107 "" "" 13.20043209943052 "" 1.4123365177307512 ""
316.99370469258 47.27679517401 0.0232 0.022 15.6232 "" "" 2165148234336420608 2328.17822 0.4005 0.0255 -4.439 -4.188 0.033 0.032 1.018 6472.5 4.2009 15.415165 0.897184 15.776756 14.879572 "" "" 2202.33057 2477.51392 12849.3395 4.0527 6679.0 11.234 8857.9 11.254 "" "" 0.002776518763235887 0.0033346722 0.0040232525 0.0073579247 316.99370469258 47.27679517401 2328.17822 -4.439 -4.188 -0.9529999389648438 0.23249980163574246 0.111 0.11 "" "" 10.825349285396223 "" 1.2010082473298438 ""
316.22719567797 46.9683114143 0.02 0.0206 21.7362 "" "" 2165128821082452864 2265.53638 0.4203 0.025 -6.408 -8.064 0.027 0.027 1.036 6121.5 4.1644 15.416047 1.009356 15.834376 14.825021 "" "" 2165.24048 2410.09326 12838.90674 3.5414 6333.8 10.919 9314.3 11.571 "" "" 0.0027715481386804772 0.0033598237 0.00401285 0.0073726736 316.22719567797 46.9683114143 2265.53638 -6.407999999999999 -8.064 -2.921999938964844 -3.643500198364258 0.105000004 0.105000004 "" "" 50.154377819238846 "" 5.266209880280449 ""
317.22692129721 47.12750782778 0.0207 0.0226 20.4924 "" "" 2164397817657324416 2304.6311 0.4095 0.0242 -4.855 -5.242 0.028 0.029 1.068 5347.8 4.0858 15.420848 1.25573 15.968214 14.712484 "" "" 2183.42261 2451.5918 12782.25274 3.6419 5599.3 9.5218 10332.0 10.137 "" "" 0.0027726313380739475 0.0033457417 0.003926636 0.0072723776 317.22692129721 47.12750782778 2304.6311 -4.855 -5.242 -1.3689999389648442 -0.8215001983642578 0.106000006 0.107 "" "" 17.440810837925437 "" 1.8533595196574595 ""
