Clusters/LP_1775/LP_1775_stars_in_region.tsv
# %ECSV 1.0
# ---
# datatype:
# - name: RA_ICRS_1
#   unit: deg
#   datatype: float64
#   format: '{:15.11f}'
#   description: Right ascension (ICRS) at Ep=2016.0 (ra)
#   meta: !!omap
#   - {ucd: POS_EQ_RA_MAIN}
#   - {width: 15}
#   - {precision: '11'}
# - name: DE_ICRS_1
#   unit: deg
#   datatype: float64
#   format: '{:15.11f}'
#   description: Declination (ICRS) at Ep=2016.0 (dec)
#   meta: !!omap
#   - {ucd: POS_EQ_DEC_MAIN}
#   - {width: 15}
#   - {precision: '11'}
# - name: e_RA_ICRS
#   unit: mas
#   datatype: float64
#   format: '{:7.4f}'
#   description: Standard error of right ascension (ra_error)
#   meta: !!omap
#   - {ucd: ERROR}
#   - {width: 7}
#   - {precision: '4'}
# - name: e_DE_ICRS
#   unit: mas
#   datatype: float64
#   format: '{:7.4f}'
#   description: Standard error of declination (dec_error)
#   meta: !!omap
#   - {ucd: ERROR}
#   - {width: 7}
#   - {precision: '4'}
# - name: _r_1
#   unit: ''
#   datatype: float64
#   format: '{:7.4f}'
#   description: Distance from center (316.72830883000+47.08900563000)[ICRS], at Epoch=J2016.0
#   meta: !!omap
#   - {ucd: POS_ANG_DIST_GENERAL}
#   - {width: 7}
#   - {precision: '4'}
# - name: HIP
#   datatype: int32
#   description: '? HIP cross-id number, van Leeuwen, Cat. I/311 (hip_original_ext_source_id)'
#   meta: !!omap
#   - {ucd: ID_NUMBER}
#   - {width: 6}
#   - values: {'null': -2147483648}
# - name: TYC2
#   datatype: string
#   description: Tycho-2 cross-id name, Hog et al., Cat. I/259 (tyc2_original_ext_source_id)
#   meta: !!omap
#   - {ucd: ID_CROSSID}
#   - {_votable_string_dtype: char}
# - name: Source
#   datatype: int64
#   description: Source identifier, identical to the Gaia-EDR3 source_id (id)
#   meta: !!omap
#   - {ucd: ID_MAIN}
#   - {width: 19}
# - name: rgeo
#   unit: pc
#   datatype: float64
#   format: '{:15.8f}'
#   description: '? Median of the geometric distance posterior (r_med_geo)'
#   meta: !!omap
#   - {ucd: PHYS_DISTANCE_TRUE}
#   - {width: 15}
#   - {precision: '8'}
#   - values: {'null': .nan}
# - name: Plx
#   unit: mas
#   datatype: float64
#   format: '{:9.4f}'
#   description: '? Parallax (parallax)'
#   meta: !!omap
#   - {ucd: POS_PARLX_TRIG}
#   - {width: 9}
#   - {precision: '4'}
#   - values: {'null': .nan}
# - name: e_Plx
#   unit: mas
#   datatype: float32
#   format: '{:7.4f}'
#   description: '? Standard error of parallax (parallax_error)'
#   meta: !!omap
#   - {ucd: ERROR}
#   - {width: 7}
#   - {precision: '4'}
#   - values: {'null': .nan}
# - name: pmRA
#   unit: mas / yr
#   datatype: float64
#   format: '{:9.3f}'
#   description: '? Proper motion in right ascension direction, pmRA*cosDE (pmra)'
#   meta: !!omap
#   - {ucd: POS_EQ_PMRA}
#   - {width: 9}
#   - {precision: '3'}
#   - values: {'null': .nan}
# - name: pmDE
#   unit: mas / yr
#   datatype: float64
#   format: '{:9.3f}'
#   description: '? Proper motion in declination direction (pmdec)'
#   meta: !!omap
#   - {ucd: POS_EQ_PMDEC}
#   - {width: 9}
#   - {precision: '3'}
#   - values: {'null': .nan}
# - name: e_pmRA
#   unit: mas / yr
#   datatype: float32
#   format: '{:6.3f}'
#   description: '? Standard error of proper motion in right ascension direction (pmra_error)'
#   meta: !!omap
#   - {ucd: ERROR}
#   - {width: 6}
#   - {precision: '3'}
#   - values: {'null': .nan}
# - name: e_pmDE
[...]
#         unit: &id001 !astropy.units.Unit {unit: deg}
#         value: !astropy.table.SerializedColumn {name: SkyCoord.dec}
#       distance: !astropy.table.SerializedColumn
#         __class__: astropy.coordinates.distances.Distance
#         unit: !astropy.units.Unit {unit: pc}
#         value: !astropy.table.SerializedColumn {name: SkyCoord.distance}
#       frame: icrs
#       obstime: !astropy.time.Time {format: jyear_str, in_subfmt: '*', jd1: 367701545.0, jd2: 0.0, out_subfmt: '*', precision: 3, scale: tt}
#       pm_dec: !astropy.table.SerializedColumn
#         __class__: astropy.units.quantity.Quantity
#         unit: !astropy.units.Unit {unit: mas / yr}
#         value: !astropy.table.SerializedColumn {name: SkyCoord.pm_dec}
#       pm_ra_cosdec: !astropy.table.SerializedColumn
#         __class__: astropy.units.quantity.Quantity
#         unit: !astropy.units.Unit {unit: mas / yr}
#         value: !astropy.table.SerializedColumn {name: SkyCoord.pm_ra_cosdec}
#       ra: !astropy.table.SerializedColumn
#         __class__: astropy.coordinates.angles.Longitude
#         unit: *id001
#         value: !astropy.table.SerializedColumn {name: SkyCoord.ra}
#         wrap_angle: !astropy.coordinates.Angle
#           unit: *id001
#           value: 360.0
#       representation_type: spherical
# schema: astropy-2.0
RA_ICRS_1 DE_ICRS_1 e_RA_ICRS e_DE_ICRS _r_1 HIP TYC2 Source rgeo Plx e_Plx pmRA pmDE e_pmRA e_pmDE RUWE Teff logg Gmag BP-RP BPmag RPmag RV e_RV b_rgeo B_rgeo FG e_FG FBP e_FBP FRP e_FRP RAVE5 RAVE6 e_Gmag e_BPmag e_RPmag e_BP-RP SkyCoord.ra SkyCoord.dec SkyCoord.distance SkyCoord.pm_ra_cosdec SkyCoord.pm_dec
[from data line 1046]
316.48051363464 46.95219569101 0.0207 0.0219 13.0429 "" "" 2165126141023076096 2264.52515 0.4239 0.0261 -2.995 -3.524 0.029 0.026 1.044 6355.1 3.9989 15.587631 0.914145 15.951706 15.03756 "" "" 2140.88135 2395.34473 10962.10917 3.3149 5685.1 12.768 7658.3 18.285 "" "" 0.002774812615403768 0.0037055302 0.00458299 0.00828852 316.48051363464 46.95219569101 2264.52515 -2.9949999999999997 -3.524
316.74662834753 46.76146139472 0.0228 0.0247 19.667 "" "" 2164357822920050560 2956.67725 0.316 0.0279 -0.87 -2.935 0.03 0.031 1.147 7680.1 4.0754 15.58869 0.846718 15.91171 15.064992 "" "" 2722.69653 3188.41553 10951.42885 4.4417 5898.4 14.298 7467.3 10.742 "" "" 0.0027902870350596264 0.003835599 0.004089398 0.007924996 316.74662834753 46.76146139472 2956.67725 -0.8699999999999996 -2.9349999999999996
316.29484915663 47.12531545811 0.0207 0.0231 17.8351 "" "" 2165178333468570880 2710.23853 0.3445 0.026 -5.713 -7.38 0.028 0.028 1.024 4992.7 3.5592 15.592229 1.502094 16.284649 14.782555 "" "" 2535.89795 2876.38965 10915.79505 3.2011 4183.7 8.7122 9685.8 10.204 "" "" 0.0027736556547587827 0.0035912334 0.0039486783 0.0075399117 316.29484915663 47.12531545811 2710.23853 -5.713000000000001 -7.38
316.81699599165 47.24499775627 0.0213 0.0228 10.0344 "" "" 2165158954574428288 3149.7063 0.3013 0.0261 -3.651 -3.328 0.029 0.031 1.031 6289.1 3.8702 15.592261 1.225945 16.127419 14.901473 "" "" 2914.22876 3399.23315 10915.46437 3.3239 4835.6 12.061 8681.0 19.675 "" "" 0.0027750854844376407 0.0038882645 0.0045098853 0.00839815 316.81699599165 47.24499775627 3149.7063 -3.6509999999999985 -3.3279999999999994
316.26584157589 46.96957786696 0.0219 0.024 20.2256 "" "" 2165128786722735488 2948.98682 0.3193 0.0281 -2.929 -3.254 0.03 0.031 1.048 6716.5 4.2682 15.592482 0.867303 15.943479 15.076176 "" "" 2731.9375 3237.20605 10913.2484 3.5784 5728.3 9.6376 7390.7 6.7791 "" "" 0.002778224385091961 0.003334949 0.003908391 0.00724334 316.26584157589 46.96957786696 2948.98682 -2.929 -3.2539999999999996
316.38507029927 46.91528542151 0.0212 0.023 17.4899 "" "" 2165124972791190272 2735.63916 0.3445 0.0266 -3.369 -5.399 0.028 0.028 0.963 6535.1 4.249 15.592498 0.935984 15.974398 15.038414 "" "" 2570.03784 2927.01562 10913.08251 3.5511 5567.5 10.75 7652.3 10.859 "" "" 0.0027778783395080065 0.0034899726 0.0040813633 0.007571336 316.38507029927 46.91528542151 2735.63916 -3.369 -5.398999999999999
317.01490622968 46.78104934219 0.0221 0.0221 21.8925 "" "" 2164361396333099776 2681.26855 0.3511 0.0269 -0.748 -1.655 0.03 0.029 1.043 5396.2 4.11 15.593334 1.245729 16.122196 14.876467 "" "" 2523.36011 2846.96606 10904.68099 3.2266 4858.9 15.512 8883.2 30.847 "" "" 0.002773985815123296 0.0044496763 0.0053383852 0.0097880615 317.01490622968 46.78104934219 2681.26855 -0.748 -1.6550000000000002
317.10017905535 46.9139722602 0.0217 0.0221 18.4887 "" "" 2164385860467532032 2493.74902 0.3786 0.0261 -3.201 -3.187 0.032 0.03 1.027 7142.1 4.2402 15.594176 0.973215 15.993071 15.019856 "" "" 2325.42041 2657.12329 10896.23397 3.2384 5472.5 10.32 7784.2 11.775 "" "" 0.002774151188752781 0.0034608082 0.004120814 0.0075816223 317.10017905535 46.9139722602 2493.74902 -3.2010000000000005 -3.1870000000000003
317.11223279863 47.14275203942 0.0215 0.0238 16.0043 "" "" 2165143561412085248 2494.56812 0.375 0.0254 -1.79 -3.463 0.029 0.032 1.077 7667.9 4.1018 15.594964 0.850927 15.935485 15.084558 "" "" 2388.98364 2641.29248 10888.33117 3.0981 5770.6 11.001 7333.9 9.3762 "" "" 0.002772584789702223 0.0034740842 0.0040262276 0.007500312 317.11223279863 47.14275203942 2494.56812 -1.7899999999999998 -3.463000000000001
316.77401092266 47.34720474817 0.023 0.0247 15.6035 "" "" 2165160466402938624 2288.96582 0.4166 0.0272 -3.602 -4.725 0.03 0.03 0.933 7196.8 4.3677 15.595055 0.839307 15.929285 15.089978 "" "" 2158.41382 2447.42285 10887.41333 3.9071 5803.7 10.247 7297.4 10.95 "" "" 0.002782732856300993 0.003385238 0.0041155764 0.0075008143 316.77401092266 47.34720474817 2288.96582 -3.6019999999999994 -4.725
316.63142826253 47.30128180831 0.0233 0.0237 13.335 "" "" 2165139575681294080 2477.76123 0.3799 0.026 -2.166 -4.545 0.03 0.027 1.023 7081.3 4.2796 15.595061 1.081654 16.03023 14.948575 "" "" 2340.20459 2623.49243 10887.35342 7.5445 5288.4 31.965 8312.4 24.281 "" "" 0.0028561954736550607 0.0071310955 0.004933774 0.0120648695 316.63142826253 47.30128180831 2477.76123 -2.1659999999999995 -4.544999999999999
316.93794216884 46.76047304153 0.0204 0.0206 21.5024 "" "" 2164362976880970880 2873.91699 0.3193 0.0252 -0.961 -1.08 0.028 0.026 1.034 5805.2 3.5891 15.595325 1.317319 16.178844 14.861526 "" "" 2721.10132 3096.22461 10884.70284 3.1824 4611.9 8.5004 9006.3 9.8979 "" "" 0.002773546095543873 0.0034336168 0.0039632693 0.007396886 316.93794216884 46.76047304153 2873.91699 -0.9610000000000002 -1.08
316.23745911609 46.98101084559 0.0221 0.0238 21.0923 "" "" 2165129061600629632 2560.60205 0.3755 0.0288 -2.712 -3.776 0.03 0.031 1.061 7022.0 4.2648 15.595716 0.90742 15.958451 15.051031 "" "" 2387.57007 2801.90894 10880.79532 4.7239 5649.8 13.616 7563.9 10.405 "" "" 0.0027953499816516965 0.0038251474 0.0040637944 0.007888942 316.23745911609 46.98101084559 2560.60205 -2.712 -3.776
316.54603910207 47.04284365223 0.0204 0.0227 7.9475 "" "" 2165133150410338560 2334.58911 0.405 0.0261 -0.099 1.648 0.028 0.026 1.005 5988.6 4.1931 15.597159 0.910868 15.971632 15.060764 "" "" 2214.2002 2479.74121 10866.32825 3.1542 5581.7 8.7492 7496.4 9.5506 "" "" 0.002773285966843029 0.003268242 0.0040245648 0.007292807 316.54603910207 47.04284365223 2334.58911 -0.09899999999999987 1.6480000000000001
316.89769889437 47.0886813378 0.019 0.0217 6.9199 "" "" 2165142290101319296 2473.1875 0.3785 0.0237 -5.134 -5.353 0.026 0.031 1.011 6180.8 4.0796 15.597248 1.067406 16.044498 14.977093 "" "" 2302.89844 2629.29468 10865.44661 3.3803 5219.4 10.643 8096.9 11.544 "" "" 0.002775947352900386 0.0035618285 0.004084107 0.0076459358 316.89769889437 47.0886813378 2473.1875 -5.134 -5.353
316.74145324235 47.28106001712 0.0237 0.0252 11.5357 "" "" 2165159843610309248 2773.2207 0.344 0.0281 -3.371 -3.282 0.033 0.029 1.026 7732.7 4.3375 15.597375 0.760308 15.896011 15.135703 "" "" 2558.81323 3009.89697 10864.17509 4.7614 5984.3 10.697 6996.4 10.55 "" "" 0.002796107016251576 0.003398767 0.0041187564 0.007517523 316.74145324235 47.28106001712 2773.2207 -3.3710000000000004 -3.282
316.20773163508 47.18610027226 0.022 0.0258 22.0312 "" "" 2165179673498295424 2794.3833 0.3391 0.0279 -3.083 -3.565 0.03 0.036 1.032 6849.6 4.2492 15.600843 0.858315 15.936864 15.078548 "" "" 2592.49292 3013.13208 10829.51992 3.8052 5763.3 9.4253 7374.6 9.3212 "" "" 0.0027816057164422835 0.003307242 0.004020822 0.0073280637 316.20773163508 47.18610027226 2794.3833 -3.0829999999999997 -3.5650000000000004
317.22348416185 47.16807845768 0.0211 0.0229 20.763 "" "" 2164398745370266496 2697.49731 0.35 0.0245 -3.424 -4.785 0.029 0.03 1.007 7746.2 4.0989 15.601236 0.8453 15.938127 15.092827 "" "" 2540.69556 2929.93628 10825.60377 3.7106 5756.6 10.934 7278.3 12.295 "" "" 0.002780338813368965 0.0034695596 0.00420091 0.0076704696 317.22348416185 47.16807845768 2697.49731 -3.4239999999999995 -4.785
316.7985400778 47.32287549381 0.0223 0.0231 14.3212 "" "" 2165160191525050112 2910.82471 0.3225 0.0267 -3.156 -4.888 0.03 0.031 1.065 7438.1 4.3542 15.602452 0.77238 15.903601 15.131221 "" "" 2739.74707 3171.92847 10813.49 3.4036 5942.6 10.112 7025.4 11.793 "" "" 0.002776432283424431 0.0033463878 0.0041958774 0.007542265 316.7985400778 47.32287549381 2910.82471 -3.156 -4.887999999999999
316.49332618763 47.38850334716 0.0219 0.0217 20.3604 "" "" 2165188572670879744 2998.23853 0.3154 0.0242 -4.549 -5.174 0.03 0.027 0.962 7869.3 4.3564 15.603746 0.78607 15.914815 15.128745 "" "" 2805.79517 3190.34448 10800.61076 3.3775 5881.5 15.614 7041.4 9.3962 "" "" 0.0027761603729230073 0.0040116245 0.0040475717 0.008059196 316.49332618763 47.38850334716 2998.23853 -4.549 -5.1739999999999995
316.43586396655 47.23311170965 0.0216 0.0231 14.7343 "" "" 2165185274135912576 2404.46045 0.3894 0.0262 -2.284 -3.611 0.029 0.029 1.048 5802.2 4.2031 15.604021 1.040181 16.031618 14.991437 "" "" 2238.71558 2599.55835 10797.87352 3.3555 5281.6 9.8073 7990.7 13.985 "" "" 0.0027759011585159737 0.00344233 0.004230193 0.007672523 316.43586396655 47.23311170965 2404.46045 -2.284 -3.6109999999999993
316.85414298998 47.10100069911 0.0204 0.0223 5.1901 "" "" 2165145210679015424 2581.59204 0.3562 0.025 -3.299 -5.157 0.028 0.032 1.032 6847.0 4.2245 15.606135 0.897935 15.967162 15.069227 "" "" 2410.74976 2735.42529 10776.86683 3.448 5604.7 9.1506 7438.2 10.17 "" "" 0.0027771314448026907 0.003305649 0.004060473 0.0073661217 316.85414298998 47.10100069911 2581.59204 -3.299 -5.156999999999999
316.45186176566 47.04413747915 0.0211 0.0224 11.6144 "" "" 2165127446693164032 2618.60278 0.359 0.0263 -4.333 -4.761 0.028 0.027 1.025 6314.9 4.1441 15.606749 1.01893 16.028755 15.009825 "" "" 2464.51318 2836.19531 10770.78286 2.8862 5295.6 7.8735 7856.5 13.332 "" "" 0.0027706381028943503 0.0032234958 0.004204553 0.007428049 316.45186176566 47.04413747915 2618.60278 -4.333 -4.761000000000001
316.24003340487 47.15585456894 0.0217 0.0235 20.3338 "" "" 2165179398620414208 2460.04883 0.3914 0.0264 -3.895 -5.13 0.031 0.033 0.958 6888.6 4.374 15.607157 0.888092 15.965077 15.076985 "" "" 2304.70337 2665.46851 10766.73383 3.4522 5615.5 10.409 7385.2 14.142 "" "" 0.0027772254146962057 0.0034402576 0.0043135057 0.0077537633 316.24003340487 47.15585456894 2460.04883 -3.8949999999999996 -5.129999999999999
316.30102974315 47.21478704596 0.0208 0.0216 18.9977 "" "" 2165179982736076160 2893.45044 0.3193 0.0248 -0.5 -4.5 0.029 0.028 1.017 5445.5 3.7173 15.608729 1.456895 16.272964 14.81607 "" "" 2720.55713 3098.9917 10751.15668 3.2216 4228.9 8.0515 9391.4 10.321 "" "" 0.0027744615909287445 0.0034724907 0.003963265 0.007435756 316.30102974315 47.21478704596 2893.45044 -0.5000000000000002 -4.5
316.74583945481 47.33178771696 0.0416 0.0457 14.5844 "" "" 2165163283901417216 2932.98438 0.3149 0.0504 -4.357 -4.766 0.052 0.053 1.807 6614.4 4.2858 15.610247 0.934023 15.977606 15.043583 "" "" 2581.39868 3454.27417 10736.13716 4.6094 5551.0 12.53 7616.0 11.803 "" "" 0.002794473144646763 0.0037136727 0.004137026 0.007850699 316.74583945481 47.33178771696 2932.98438 -4.357 -4.766000000000002
316.85725782759 46.87885512214 0.0217 0.0239 13.6692 "" "" 2165116520296034048 2544.16211 0.3657 0.0271 -6.12 -6.048 0.029 0.029 1.069 6811.2 4.0583 15.612581 0.999248 16.022526 15.023277 "" "" 2393.18091 2746.74414 10713.07683 3.2806 5326.1 9.3768 7759.7 10.366 "" "" 0.0027753074160973322 0.0033821296 0.004048137 0.0074302666 316.85725782759 46.87885512214 2544.16211 -6.119999999999999 -6.048
316.26280148017 46.99979866014 0.0244 0.0263 19.7709 "" "" 2165129267766168576 2813.1748 0.3263 0.0317 -3.912 -4.446 0.032 0.035 1.059 7449.2 4.3686 15.613323 0.780758 15.920182 15.139424 "" "" 2616.78296 3083.93872 10705.75881 4.646 5852.5 8.4228 6972.5 10.719 "" "" 0.002795317366042654 0.0031979168 0.004131552 0.0073294686 316.26280148017 46.99979866014 2813.1748 -3.9119999999999995 -4.446
317.04218978003 46.98642827598 0.0208 0.0239 14.2343 "" "" 2164390361582214528 2442.36304 0.3842 0.0258 -2.667 -4.592 0.028 0.03 1.048 7477.5 4.3345 15.615131 0.920121 15.972477 15.052356 "" "" 2309.32788 2608.5437 10687.94362 3.4011 5577.3 12.492 7554.7 15.524 "" "" 0.0027768976330537413 0.0037011916 0.0043887747 0.008089966 317.04218978003 46.98642827598 2442.36304 -2.667 -4.5920000000000005
316.90555700876 47.31736089323 0.0254 0.025 15.4897 "" "" 2165160741281061888 2904.01807 0.3212 0.0287 -1.198 -5.656 0.04 0.035 1.035 4869.7 3.5205 15.617712 1.450055 16.278208 14.828153 "" "" 2690.23169 3154.99609 10662.56825 3.462 4208.6 9.1465 9287.5 13.375 "" "" 0.0027777802378436624 0.003654154 0.004090049 0.007744203 316.90555700876 47.31736089323 2904.01807 -1.1979999999999995 -5.656000000000001
317.02149440073 46.87055533562 0.0207 0.0212 17.7717 "" "" 2164365210264121088 2326.04419 0.4126 0.0254 -2.225 -4.262 0.028 0.027 1.035 6006.5 4.0404 15.619712 1.051074 16.009651 14.958577 "" "" 2190.41577 2512.24756 10642.94885 3.6235 5389.6 22.553 8236.2 64.658 "" "" 0.0027800054774554626 0.005331668 0.00932386 0.014655528 317.02149440073 46.87055533562 2326.04419 -2.2250000000000005 -4.261999999999999
316.80491951015 47.02533603768 0.0194 0.0222 4.9397 "" "" 2165121468099212032 2361.40454 0.4041 0.0243 -2.057 -3.838 0.026 0.027 0.987 5864.7 3.9641 15.62043 0.981151 16.018715 15.037564 "" "" 2245.30444 2493.75366 10635.91011 2.9871 5344.8 7.3892 7658.3 9.1641 "" "" 0.002772142021446101 0.003168304 0.0039964602 0.007164764 316.80491951015 47.02533603768 2361.40454 -2.057 -3.837999999999999
316.30192374423 47.13282631191 0.0203 0.0224 17.6088 "" "" 2165178333468586496 2545.16455 0.3674 0.0255 -0.571 -3.481 0.028 0.03 0.987 6322.0 4.1728 15.620694 1.019738 16.041574 15.021836 "" "" 2411.12061 2698.98242 10633.32698 3.2269 5233.4 11.138 7770.0 9.8794 "" "" 0.002774950860448333 0.0036227726 0.0040236157 0.0076463884 316.30192374423 47.13282631191 2545.16455 -0.571 -3.481
316.74002900733 47.299715588 0.0253 0.0278 12.6516 "" "" 2165160294605037824 2995.10962 0.3108 0.0314 -2.537 -3.989 0.033 0.034 1.116 6327.2 4.2232 15.620824 0.897332 15.833186 14.935854 "" "" 2749.97168 3238.53687 10632.05797 5.624 6340.8 89.841 8410.4 134.74 "" "" 0.002814539099948016 0.015634473 0.017800042 0.033434518 316.74002900733 47.299715588 2995.10962 -2.537 -3.989
316.9526155198 47.36980854511 0.094 0.0905 19.1673 "" "" 2165161286720265728 2398.71411 0.5053 0.1116 -2.013 -3.817 0.148 0.125 3.767 "" "" 15.621645 1.128002 15.905559 14.777556 "" "" 1810.82324 3238.3501 10624.0185 8.4135 5931.9 13.254 9730.5 19.389 "" "" 0.0028863637329771402 0.0036973183 0.00435479 0.008052108 316.9526155198 47.36980854511 2398.71411 -2.0129999999999995 -3.817
316.800650719 47.04438566636 0.0221 0.0253 3.9885 "" "" 2165121536818694400 3089.83691 0.3043 0.0282 -3.846 -5.173 0.031 0.033 1.243 8786.4 3.5536 15.621684 1.32654 16.20054 14.874001 "" "" 2820.00854 3527.42432 10623.63057 3.3613 4520.6 9.0221 8903.4 11.917 "" "" 0.0027766524757735084 0.0035327666 0.00404915 0.0075819166 316.800650719 47.04438566636 3089.83691 -3.8459999999999996 -5.173
316.46061730034 47.39594658034 0.0238 0.0241 21.4024 "" "" 2165188813189035904 2882.80762 0.3239 0.0268 -3.407 -4.856 0.033 0.03 1.069 7361.2 3.9128 15.622415 0.842391 15.960195 15.117804 "" "" 2710.53735 3104.00122 10616.49061 4.1927 5640.8 11.808 7112.7 8.9894 "" "" 0.002788484155470569 0.0035986993 0.0040207817 0.007619481 316.46061730034 47.39594658034 2882.80762 -3.4069999999999996 -4.856
316.6606046595 47.09774607459 0.0197 0.0223 2.8149 "" "" 2165134215561981312 2258.19482 0.4241 0.0246 -2.619 -2.848 0.027 0.026 1.011 6399.9 4.3298 15.622738 0.922803 15.991789 15.068986 "" "" 2119.67456 2396.20483 10613.32898 3.7288 5479.0 10.529 7439.8 11.565 "" "" 0.002781599590062453 0.0034840158 0.0041391104 0.0076231263 316.6606046595 47.09774607459 2258.19482 -2.6189999999999998 -2.848
316.43476932017 46.83643267263 0.0202 0.0215 19.3425 "" "" 2165111950425163520 2883.66602 0.3241 0.0245 -2.37 -2.691 0.026 0.025 1.015 7066.3 4.1415 15.62284 1.013161 16.022825 15.009665 "" "" 2686.92163 3087.22192 10612.32812 3.1303 5324.6 19.87 7857.6 21.883 "" "" 0.0027738699337893215 0.0049194675 0.0048401025 0.00975957 316.43476932017 46.83643267263 2883.66602 -2.37 -2.6910000000000003
317.00869219606 47.16368558527 0.0211 0.0231 12.2919 "" "" 2165144317326171520 2408.30566 0.3937 0.0252 1.022 -1.956 0.028 0.031 1.022 6441.4 4.1707 15.623777 1.12982 16.101896 14.972076 "" "" 2287.1145 2568.83765 10603.16778 3.2808 4950.6 9.2987 8134.4 9.2235 "" "" 0.002775724874173399 0.0034560002 0.0039748386 0.007430839 317.00869219606 47.16368558527 2408.30566 1.022 -1.9559999999999995
