Clusters/LP_1775/LP_1775_stars_in_region.tsv
# %ECSV 1.0
# ---
# datatype:
# - name: RA_ICRS_1
#   unit: deg
#   datatype: float64
#   format: '{:15.11f}'
#   description: Right ascension (ICRS) at Ep=2016.0 (ra)
#   meta: !!omap
#   - {ucd: POS_EQ_RA_MAIN}
#   - {width: 15}
#   - {precision: '11'}
# - name: DE_ICRS_1
#   unit: deg
#   datatype: float64
#   format: '{:15.11f}'
#   description: Declination (ICRS) at Ep=2016.0 (dec)
#   meta: !!omap
#   - {ucd: POS_EQ_DEC_MAIN}
#   - {width: 15}
#   - {precision: '11'}
# - name: e_RA_ICRS
#   unit: mas
#   datatype: float64
#   format: '{:7.4f}'
#   description: Standard error of right ascension (ra_error)
#   meta: !!omap
#   - {ucd: ERROR}
#   - {width: 7}
#   - {precision: '4'}
# - name: e_DE_ICRS
#   unit: mas
#   datatype: float64
#   format: '{:7.4f}'
#   description: Standard error of declination (dec_error)
#   meta: !!omap
#   - {ucd: ERROR}
#   - {width: 7}
#   - {precision: '4'}
# - name: _r_1
#   unit: ''
#   datatype: float64
#   format: '{:7.4f}'
#   description: Distance from center (316.72830883000+47.08900563000)[ICRS], at Epoch=J2016.0
#   meta: !!omap
#   - {ucd: POS_ANG_DIST_GENERAL}
#   - {width: 7}
#   - {precision: '4'}
# - name: HIP
#   datatype: int32
#   description: '? HIP cross-id number, van Leeuwen, Cat. I/311 (hip_original_ext_source_id)'
#   meta: !!omap
#   - {ucd: ID_NUMBER}
#   - {width: 6}
#   - values: {'null': -2147483648}
# - name: TYC2
#   datatype: string
#   description: Tycho-2 cross-id name, Hog et al., Cat. I/259 (tyc2_original_ext_source_id)
#   meta: !!omap
#   - {ucd: ID_CROSSID}
#   - {_votable_string_dtype: char}
# - name: Source
#   datatype: int64
#   description: Source identifier, identical to the Gaia-EDR3 source_id (id)
#   meta: !!omap
#   - {ucd: ID_MAIN}
#   - {width: 19}
# - name: rgeo
#   unit: pc
#   datatype: float64
#   format: '{:15.8f}'
#   description: '? Median of the geometric distance posterior (r_med_geo)'
#   meta: !!omap
#   - {ucd: PHYS_DISTANCE_TRUE}
#   - {width: 15}
#   - {precision: '8'}
#   - values: {'null': .nan}
# - name: Plx
#   unit: mas
#   datatype: float64
#   format: '{:9.4f}'
#   description: '? Parallax (parallax)'
#   meta: !!omap
#   - {ucd: POS_PARLX_TRIG}
#   - {width: 9}
#   - {precision: '4'}
#   - values: {'null': .nan}
# - name: e_Plx
#   unit: mas
#   datatype: float32
#   format: '{:7.4f}'
#   description: '? Standard error of parallax (parallax_error)'
#   meta: !!omap
#   - {ucd: ERROR}
#   - {width: 7}
#   - {precision: '4'}
#   - values: {'null': .nan}
# - name: pmRA
#   unit: mas / yr
#   datatype: float64
#   format: '{:9.3f}'
#   description: '? Proper motion in right ascension direction, pmRA*cosDE (pmra)'
#   meta: !!omap
#   - {ucd: POS_EQ_PMRA}
#   - {width: 9}
#   - {precision: '3'}
#   - values: {'null': .nan}
# - name: pmDE
#   unit: mas / yr
#   datatype: float64
#   format: '{:9.3f}'
#   description: '? Proper motion in declination direction (pmdec)'
#   meta: !!omap
#   - {ucd: POS_EQ_PMDEC}
#   - {width: 9}
#   - {precision: '3'}
#   - values: {'null': .nan}
# - name: e_pmRA
#   unit: mas / yr
#   datatype: float32
#   format: '{:6.3f}'
#   description: '? Standard error of proper motion in right ascension direction (pmra_error)'
#   meta: !!omap
#   - {ucd: ERROR}
#   - {width: 6}
#   - {precision: '3'}
#   - values: {'null': .nan}
# - name: e_pmDE
[...]
#         unit: &id001 !astropy.units.Unit {unit: deg}
#         value: !astropy.table.SerializedColumn {name: SkyCoord.dec}
#       distance: !astropy.table.SerializedColumn
#         __class__: astropy.coordinates.distances.Distance
#         unit: !astropy.units.Unit {unit: pc}
#         value: !astropy.table.SerializedColumn {name: SkyCoord.distance}
#       frame: icrs
#       obstime: !astropy.time.Time {format: jyear_str, in_subfmt: '*', jd1: 367701545.0, jd2: 0.0, out_subfmt: '*', precision: 3, scale: tt}
#       pm_dec: !astropy.table.SerializedColumn
#         __class__: astropy.units.quantity.Quantity
#         unit: !astropy.units.Unit {unit: mas / yr}
#         value: !astropy.table.SerializedColumn {name: SkyCoord.pm_dec}
#       pm_ra_cosdec: !astropy.table.SerializedColumn
#         __class__: astropy.units.quantity.Quantity
#         unit: !astropy.units.Unit {unit: mas / yr}
#         value: !astropy.table.SerializedColumn {name: SkyCoord.pm_ra_cosdec}
#       ra: !astropy.table.SerializedColumn
#         __class__: astropy.coordinates.angles.Longitude
#         unit: *id001
#         value: !astropy.table.SerializedColumn {name: SkyCoord.ra}
#         wrap_angle: !astropy.coordinates.Angle
#           unit: *id001
#           value: 360.0
#       representation_type: spherical
# schema: astropy-2.0
RA_ICRS_1 DE_ICRS_1 e_RA_ICRS e_DE_ICRS _r_1 HIP TYC2 Source rgeo Plx e_Plx pmRA pmDE e_pmRA e_pmDE RUWE Teff logg Gmag BP-RP BPmag RPmag RV e_RV b_rgeo B_rgeo FG e_FG FBP e_FBP FRP e_FRP RAVE5 RAVE6 e_Gmag e_BPmag e_RPmag e_BP-RP SkyCoord.ra SkyCoord.dec SkyCoord.distance SkyCoord.pm_ra_cosdec SkyCoord.pm_dec
[from data line 2024]
316.45593339021 47.02412192103 0.0315 0.0347 11.7948 "" "" 2165127270576841216 2317.72437 0.4264 0.0405 2.293 -7.451 0.042 0.044 1.004 5566.2 4.626 16.434418 1.107958 16.909924 15.801966 "" "" 2113.69946 2504.16895 5025.50181 2.299 2352.1 7.4527 3787.7 7.5855 "" "" 0.0027997300854101063 0.00442944 0.0043602292 0.00878967 316.45593339021 47.02412192103 2317.72437 2.293 -7.451
316.71737041545 47.00203064149 0.0302 0.0335 5.2376 "" "" 2165119784471877632 2693.35742 0.3566 0.037 -6.847 -5.118 0.041 0.041 0.954 6132.6 4.4612 16.434734 0.925425 16.814434 15.889009 "" "" 2472.82129 3219.96753 5024.04019 2.2126 2568.3 6.4916 3495.9 7.2933 "" "" 0.002796502692349921 0.0039135898 0.0044061835 0.008319773 316.71737041545 47.00203064149 2693.35742 -6.8469999999999995 -5.118
316.59306090234 46.81085321313 0.0315 0.0349 17.5845 "" "" 2165112289730023296 2660.72949 0.3523 0.0402 -3.975 -4.551 0.041 0.041 0.979 5952.4 4.3702 16.437334 1.228734 16.95043 15.721696 "" "" 2390.37646 2979.15869 5012.02711 2.6672 2265.9 9.4558 4078.3 8.7222 "" "" 0.0028152486971251877 0.0053210766 0.0044357223 0.009756799 316.59306090234 46.81085321313 2660.72949 -3.9749999999999996 -4.551
316.49941149626 47.19924156583 0.0324 0.0339 11.4457 "" "" 2165138098212239488 2916.70703 0.3235 0.0388 -1.768 -4.365 0.044 0.039 1.021 5804.7 4.0714 16.437334 1.235267 16.980583 15.745316 "" "" 2613.6106 3207.63599 5012.02699 2.2573 2203.9 6.2191 3990.5 8.393 "" "" 0.002798374676422844 0.0041438993 0.004415701 0.0085596 316.49941149626 47.19924156583 2916.70703 -1.7680000000000002 -4.365
316.3171896713 47.18291869849 0.0308 0.0317 17.7009 "" "" 2165179123742615808 2942.62158 0.3211 0.0374 -4.987 -4.641 0.041 0.04 1.006 6280.2 4.4437 16.437378 0.931035 16.797485 15.86645 "" "" 2598.3064 3286.42725 5011.82517 2.3277 2608.7 10.695 3569.3 10.646 "" "" 0.002801083460514776 0.005253435 0.0049770297 0.010230465 316.3171896713 47.18291869849 2942.62158 -4.987000000000001 -4.641
316.94223123887 47.19102047769 0.0316 0.0343 10.6626 "" "" 2165147581501213312 2387.70728 0.3975 0.0378 -4.629 -2.198 0.043 0.048 0.972 5760.2 4.4553 16.437551 1.128027 16.915663 15.787636 "" "" 2209.90625 2630.37427 5011.01994 2.2285 2339.7 8.7011 3838.0 9.9307 "" "" 0.0027973079834374024 0.004907992 0.004709133 0.009617126 316.94223123887 47.19102047769 2387.70728 -4.629 -2.1980000000000004
316.81372501784 47.31428416277 0.0337 0.0345 13.958 "" "" 2165160122805595904 3120.74683 0.3037 0.0381 -3.892 -2.263 0.045 0.047 1.008 6422.6 4.3862 16.438192 0.988388 16.847923 15.859535 "" "" 2781.87817 3527.01562 5008.06603 2.3117 2490.3 8.1411 3592.1 8.1685 "" "" 0.002800528796354206 0.0045147906 0.0045143776 0.009029169 316.81372501784 47.31428416277 3120.74683 -3.8919999999999995 -2.263
316.30329956588 47.0753250263 0.0327 0.035 17.3839 "" "" 2165131187591252736 2919.73169 0.3264 0.0413 -3.171 -2.748 0.043 0.043 1.007 5287.9 4.3822 16.438797 1.141548 16.89762 15.756071 "" "" 2569.61548 3282.38696 5005.27228 2.5382 2378.9 18.687 3951.2 26.238 "" "" 0.002809791902192707 0.008973595 0.008140369 0.017113965 316.30329956588 47.0753250263 2919.73169 -3.171 -2.7479999999999998
316.684525606 47.07260897199 0.0287 0.0348 2.0416 "" "" 2165122395811998848 2754.85376 0.3468 0.037 0.096 -4.469 0.04 0.041 0.996 5046.7 4.3227 16.439093 1.034243 16.874168 15.839926 "" "" 2434.73071 3047.37939 5003.91394 2.3193 2430.8 7.7184 3657.5 7.0189 "" "" 0.0028008990500063857 0.00443511 0.00431567 0.00875078 316.684525606 47.07260897199 2754.85376 0.09599999999999986 -4.469
316.79263796687 47.29312611649 0.0316 0.0334 12.5249 "" "" 2165160088445796096 2802.39038 0.3357 0.0372 -3.846 -3.222 0.042 0.041 0.955 5727.0 4.4402 16.440031 1.039238 16.878181 15.838943 "" "" 2534.86011 3165.11084 4999.58929 1.9863 2421.8 7.3869 3660.8 8.3488 "" "" 0.002788880869079527 0.0043303887 0.004518287 0.0088486755 316.79263796687 47.29312611649 2802.39038 -3.846 -3.222
316.43770155139 46.79190005756 0.0297 0.0324 21.436 "" "" 2165111263256225280 2426.30908 0.3937 0.0365 -0.716 -3.283 0.038 0.039 0.972 5936.3 4.4192 16.440042 1.141463 16.930038 15.788575 "" "" 2243.26172 2644.32764 4999.53796 2.2974 2308.9 8.6887 3834.7 7.696 "" "" 0.002800126911273567 0.0049475823 0.004362543 0.009310125 316.43770155139 46.79190005756 2426.30908 -0.716 -3.2829999999999995
316.58254056721 46.96992230858 0.0329 0.0363 9.3054 "" "" 2165120162428753152 2851.80542 0.3361 0.0409 -3.024 -3.489 0.045 0.044 1.034 5764.8 4.5284 16.44051 0.951806 16.833817 15.88201 "" "" 2609.12524 3180.01172 4997.38583 2.4147 2522.8 9.2038 3518.5 7.295 "" "" 0.002804820006797302 0.004845085 0.0043989904 0.009244075 316.58254056721 46.96992230858 2851.80542 -3.024 -3.4890000000000008
316.6927752407 47.1446864477 0.0321 0.036 3.6423 "" "" 2165134937116581632 2611.34644 0.3668 0.0399 -1.586 -3.353 0.045 0.041 1.019 "" "" 16.441874 0.997704 16.815336 15.817632 "" "" 2360.39722 3053.67944 4991.11309 2.4249 2566.1 26.259 3733.4 28.359 "" "" 0.0028053597736559716 0.011455374 0.009072008 0.020527381 316.6927752407 47.1446864477 2611.34644 -1.586 -3.353
316.70940245911 47.43284768359 0.0683 0.0517 20.6449 "" "" 2165166067021400320 3200.52832 0.307 0.054 -1.948 -2.484 0.079 0.059 1.217 "" "" 16.442112 1.188757 15.896091 14.707334 "" "" 2754.28931 3762.29395 4990.01464 13.773 5983.8 1231.0 10381.0 2843.0 "" "" 0.004070911596203308 0.22337738 0.29736993 0.5207473 316.70940245911 47.43284768359 3200.52832 -1.9480000000000004 -2.484
317.0971176 46.90058929584 0.0485 0.0587 18.8574 "" "" 2164385860469412480 2828.41187 0.3587 0.0612 -2.082 -2.547 0.066 0.079 1.748 "" "" 16.442625 1.021532 16.47667 15.455137 "" "" 2468.10474 3356.77808 4987.65813 5.5445 3505.5 59.852 5213.2 94.343 "" "" 0.003008076228473106 0.018746383 0.020008689 0.038755074 317.0971176 46.90058929584 2828.41187 -2.0820000000000003 -2.5469999999999997
316.88371000974 47.3943568164 0.0367 0.0347 19.3838 "" "" 2165162253109586688 2858.46533 0.3358 0.0404 -2.585 -3.152 0.046 0.045 1.006 5864.5 4.4667 16.442795 1.072076 16.898243 15.826167 "" "" 2570.64746 3207.90552 4986.87834 2.6084 2377.5 8.1313 3704.2 7.6256 "" "" 0.0028132359762112567 0.0046447692 0.0043908497 0.009035619 316.88371000974 47.3943568164 2858.46533 -2.5850000000000004 -3.152
317.05090532725 47.28357025406 0.0347 0.035 17.5875 "" "" 2165153972412826496 2857.17407 0.3309 0.0397 -3.529 -3.725 0.05 0.048 1.003 5732.7 4.3151 16.44343 1.297152 17.023273 15.726122 "" "" 2570.65771 3247.67773 4983.96328 2.4813 2118.9 8.4545 4061.7 8.9998 "" "" 0.0028078415428665227 0.0051529044 0.0044801035 0.009633008 317.05090532725 47.28357025406 2857.17407 -3.529000000000001 -3.7250000000000005
316.52508537177 47.32880428019 0.0412 0.0415 16.602 "" "" 2165187438799513472 2947.29688 0.3404 0.0478 -2.156 -2.113 0.055 0.05 1.411 5639.0 4.5091 16.445042 1.214333 16.954035 15.739702 "" "" 2536.7334 3438.95801 4976.57222 4.0755 2258.4 6.0705 4011.2 7.4831 "" "" 0.0028952334265239616 0.004037602 0.004287932 0.008325534 316.52508537177 47.32880428019 2947.29688 -2.1559999999999997 -2.113
317.06751895996 47.34056032557 0.0471 0.0474 20.4676 "" "" 2165154419089488000 2407.89551 0.3968 0.0553 -5.927 -4.491 0.064 0.069 1.288 6012.9 4.4448 16.44512 1.238128 16.951683 15.713555 "" "" 2129.93457 2703.49561 4976.213 3.1301 2263.3 8.5842 4109.0 12.733 "" "" 0.0028386966388195723 0.0049741967 0.00505999 0.010034187 317.06751895996 47.34056032557 2407.89551 -5.927 -4.491
317.00327043277 47.37183141739 0.0367 0.0355 20.3339 "" "" 2165155381162096128 2544.48438 0.3701 0.0419 -4.674 -5.461 0.05 0.05 0.989 6158.0 4.4412 16.445133 1.122576 16.905577 15.783001 "" "" 2331.28149 2828.22925 4976.1513 2.5639 2361.5 8.6075 3854.4 8.1144 "" "" 0.002811535382449254 0.0048421393 0.004416816 0.009258956 317.00327043277 47.37183141739 2544.48438 -4.674000000000001 -5.461000000000001
316.4248768902 46.80869331154 0.0307 0.0313 20.9125 "" "" 2165111916065259136 3165.27075 0.3015 0.0358 -3.381 -5.794 0.037 0.038 1.001 5882.4 4.4137 16.445225 1.226973 16.901129 15.674156 "" "" 2872.45044 3606.56177 4975.73151 2.4757 2371.2 8.4836 4260.8 75.778 "" "" 0.002807778466387966 0.004782726 0.019676117 0.024458844 316.4248768902 46.80869331154 3165.27075 -3.380999999999999 -5.7940000000000005
316.38984542497 47.17155034376 0.0337 0.0359 14.6769 "" "" 2165137754614680576 2721.69556 0.3425 0.0407 -2.298 -3.46 0.047 0.044 1.006 6884.2 4.3826 16.446577 1.005054 16.870764 15.86571 "" "" 2469.17139 3086.6123 4969.53744 2.4077 2438.4 9.717 3571.7 8.7208 "" "" 0.002805084171109455 0.005148294 0.004616427 0.009764721 316.38984542497 47.17155034376 2721.69556 -2.2979999999999996 -3.46
316.82142503256 47.10443501166 0.0292 0.0339 3.9144 "" "" 2165121983495335296 2659.80322 0.3611 0.0366 -2.369 -5.603 0.043 0.045 0.982 5559.1 4.3545 16.448858 1.07457 16.901758 15.827189 "" "" 2472.65137 2949.99219 4959.11092 2.2773 2369.8 7.7309 3700.7 8.1333 "" "" 0.00280006751980817 0.0045089326 0.0044696406 0.008978574 316.82142503256 47.10443501166 2659.80322 -2.3690000000000007 -5.603
317.00932098347 47.31808165144 0.0347 0.036 17.8922 "" "" 2165149127689682432 2420.11035 0.4081 0.0416 -6.252 -4.519 0.046 0.052 0.93 6008.5 4.1672 16.449255 1.039702 16.89036 15.850657 "" "" 2210.51831 2680.06592 4957.29153 2.4472 2394.8 8.114 3621.6 10.473 "" "" 0.002806967215119106 0.0046171 0.0049134255 0.009530526 317.00932098347 47.31808165144 2420.11035 -6.252000000000001 -4.519
316.38711896334 47.03748308341 0.0349 0.0374 14.2834 "" "" 2165130161089786496 2974.06909 0.3127 0.0438 -2.607 -3.275 0.048 0.045 1.11 10025.4 4.168 16.44968 1.302308 16.938358 15.63605 "" "" 2721.27271 3306.03491 4955.35276 3.2749 2291.3 18.466 4413.0 20.922 "" "" 0.002847219156315808 0.009184229 0.0063859336 0.015570163 316.38711896334 47.03748308341 2974.06909 -2.6069999999999998 -3.2749999999999995
316.77598287644 47.35490597831 0.0363 0.0388 16.0719 "" "" 2165160462086351104 2953.94653 0.3244 0.0424 -2.477 -0.708 0.047 0.047 0.888 5770.6 4.4742 16.450659 1.178015 16.944382 15.766367 "" "" 2623.4043 3352.58423 4950.89006 2.5037 2278.6 7.5102 3913.9 18.26 "" "" 0.002809494819043397 0.004537742 0.006319984 0.0108577255 316.77598287644 47.35490597831 2953.94653 -2.477 -0.708
316.8983022591 47.19810880582 0.0336 0.0355 9.5383 "" "" 2165146894306371840 2308.54175 0.4087 0.0405 -0.655 -2.609 0.047 0.052 0.955 5447.5 4.3741 16.452837 1.134034 16.901722 15.767688 "" "" 2132.3999 2553.95996 4940.96666 2.618 2369.9 11.742 3909.2 19.98 "" "" 0.002814736341669949 0.0060599777 0.0067139827 0.012773961 316.8983022591 47.19810880582 2308.54175 -0.6550000000000001 -2.6090000000000004
316.32659596276 47.10597535041 0.0362 0.038 16.4396 "" "" 2165131329343488896 3027.63989 0.3153 0.0441 -1.527 -3.375 0.049 0.05 1.115 7129.2 4.3657 16.452839 1.135106 16.906359 15.771253 "" "" 2670.05249 3487.81421 4940.95519 3.3127 2359.8 9.8305 3896.3 12.185 "" "" 0.0028498571663290264 0.0053143576 0.005080631 0.010394989 316.32659596276 47.10597535041 3027.63989 -1.527 -3.375
316.42644828587 46.82441870547 0.032 0.0331 20.1207 "" "" 2165111916091259520 2733.75073 0.3428 0.0376 -2.773 -3.741 0.041 0.04 1.041 6576.8 4.426 16.453089 1.052225 16.887262 15.835037 "" "" 2492.15845 2961.04834 4939.81717 2.1173 2401.7 8.6948 3674.0 10.515 "" "" 0.0027943435931883196 0.004820281 0.004892805 0.009713086 316.42644828587 46.82441870547 2733.75073 -2.7730000000000006 -3.741000000000001
316.99333645652 47.13281822277 0.0307 0.0324 11.1371 "" "" 2165144076807940480 2491.77856 0.3923 0.0366 -2.636 -3.636 0.044 0.044 1.001 5243.6 4.3536 16.453512 1.182629 16.95544 15.772812 "" "" 2280.59082 2709.18652 4937.89862 2.43 2255.5 10.806 3890.8 10.191 "" "" 0.002806647498633026 0.0059027853 0.0047298037 0.010632589 316.99333645652 47.13281822277 2491.77856 -2.6360000000000006 -3.636
316.37513260723 46.98355257598 0.031 0.0324 15.7673 "" "" 2165129714435765120 2845.80884 0.3323 0.0382 -2.322 -3.033 0.041 0.038 1.007 5083.4 4.3412 16.45357 0.983755 16.858418 15.874662 "" "" 2589.43408 3170.05835 4937.63566 2.3745 2466.3 7.2341 3542.4 8.0088 "" "" 0.0028043551219111827 0.0042340406 0.0045065684 0.0087406095 316.37513260723 46.98355257598 2845.80884 -2.322000000000001 -3.0330000000000004
316.32579365359 46.9159609821 0.043 0.0505 19.4695 "" "" 2165125110207707008 2955.08838 0.3389 0.0539 -7.092 -5.412 0.057 0.062 1.376 6037.0 4.4905 16.454329 1.202444 16.748701 15.546257 "" "" 2506.28735 4855.06836 4934.18555 3.8031 2728.6 33.349 4793.5 120.95 "" "" 0.002879601355176586 0.013560049 0.027654853 0.041214902 316.32579365359 46.9159609821 2955.08838 -7.091999999999999 -5.412
316.63925548996 46.93480105993 0.0309 0.036 9.9437 "" "" 2165119097276249600 2546.94775 0.3735 0.0395 -4.88 -2.619 0.043 0.046 0.98 5652.5 4.4989 16.455292 1.047963 16.898083 15.85012 "" "" 2323.07568 2859.96899 4929.81181 2.405 2377.8 8.2213 3623.4 8.25 "" "" 0.0028057698445121348 0.0046773124 0.0045160702 0.009193383 316.63925548996 46.93480105993 2546.94775 -4.88 -2.6190000000000007
317.03038443449 47.32313907853 0.0356 0.0384 18.6804 "" "" 2165155003204976384 2745.20508 0.361 0.0454 -2.516 -3.673 0.049 0.062 1.062 5891.2 4.5637 16.455454 1.12689 16.808435 15.681545 "" "" 2459.63672 3135.12183 4929.07311 2.9355 2582.5 23.146 4231.9 61.924 "" "" 0.0028301751501382693 0.010123166 0.016330568 0.026453733 317.03038443449 47.32313907853 2745.20508 -2.5159999999999996 -3.672999999999999
316.45801959757 47.4097058493 0.0331 0.0335 22.1685 "" "" 2165188916268253440 2750.95386 0.3493 0.0383 -4.222 -5.167 0.046 0.043 0.97 5873.9 4.4243 16.455715 1.035747 16.886368 15.850621 "" "" 2462.63354 3100.65186 4927.88301 2.3037 2403.6 7.9611 3621.7 5.5892 "" "" 0.002801679759195397 0.0045516137 0.0041341563 0.0086857695 316.45801959757 47.4097058493 2750.95386 -4.222 -5.167
316.89573053677 47.29606479773 0.0365 0.038 14.1754 "" "" 2165160633884450176 2428.6626 0.4031 0.0425 0.601 -2.005 0.048 0.055 0.925 5625.9 4.509 16.456146 1.123462 16.922049 15.798587 "" "" 2215.05347 2684.80298 4925.92606 2.6575 2325.9 12.768 3799.5 10.983 "" "" 0.0028168933826136218 0.0065809013 0.004912612 0.011493513 316.89573053677 47.29606479773 2428.6626 0.6010000000000002 -2.005
316.61963559879 47.3559547768 0.0335 0.034 16.6178 "" "" 2165164108535008000 2842.6665 0.3303 0.0377 -4.888 -3.373 0.043 0.039 1.003 5842.3 4.3548 16.456165 1.237929 16.988565 15.750636 "" "" 2602.89307 3169.92847 4925.84733 11.371 2187.7 16.945 3971.0 28.411 "" "" 0.003724726659006497 0.008860436 0.008638636 0.017499072 316.61963559879 47.3559547768 2842.6665 -4.888 -3.373
316.38134937685 47.09542689887 0.0561 0.0483 14.1782 "" "" 2165131398063016320 2838.41577 0.3447 0.0577 -2.384 -4.453 0.085 0.058 1.183 "" "" 16.456404 "" "" "" "" "" 2477.19556 3272.03149 4924.75858 4.7911 "" "" "" "" "" "" 0.002950846297459678 "" "" "" 316.38134937685 47.09542689887 2838.41577 -2.3840000000000003 -4.453000000000001
317.0259960116 47.23349626072 0.0333 0.0354 14.9214 "" "" 2165147890739054720 2916.38672 0.3155 0.039 0.289 0.227 0.047 0.049 0.952 5613.5 4.473 16.456827 1.129474 16.912598 15.783124 "" "" 2656.67773 3214.573 4922.84289 2.5473 2346.3 11.684 3854.0 29.417 "" "" 0.002812013226279348 0.0060841977 0.00910837 0.015192568 317.0259960116 47.23349626072 2916.38672 0.2889999999999999 0.22700000000000004
317.01733373065 47.21564967203 0.0341 0.0359 14.0291 "" "" 2165147856379286656 2996.67065 0.3109 0.0397 -3.339 -2.368 0.047 0.049 1.044 6028.7 4.3974 16.457478 1.053034 16.900827 15.847794 "" "" 2684.39917 3579.4436 4919.89252 2.1979 2371.8 6.8251 3631.1 9.5979 "" "" 0.0027976869409523444 0.0041888435 0.0047455123 0.008934356 317.01733373065 47.21564967203 2996.67065 -3.339 -2.368
