Clusters/LP_1775/LP_1775_stars_in_region.tsv
# %ECSV 1.0
# ---
# datatype:
# - name: RA_ICRS_1
#   unit: deg
#   datatype: float64
#   format: '{:15.11f}'
#   description: Right ascension (ICRS) at Ep=2016.0 (ra)
#   meta: !!omap
#   - {ucd: POS_EQ_RA_MAIN}
#   - {width: 15}
#   - {precision: '11'}
# - name: DE_ICRS_1
#   unit: deg
#   datatype: float64
#   format: '{:15.11f}'
#   description: Declination (ICRS) at Ep=2016.0 (dec)
#   meta: !!omap
#   - {ucd: POS_EQ_DEC_MAIN}
#   - {width: 15}
#   - {precision: '11'}
# - name: e_RA_ICRS
#   unit: mas
#   datatype: float64
#   format: '{:7.4f}'
#   description: Standard error of right ascension (ra_error)
#   meta: !!omap
#   - {ucd: ERROR}
#   - {width: 7}
#   - {precision: '4'}
# - name: e_DE_ICRS
#   unit: mas
#   datatype: float64
#   format: '{:7.4f}'
#   description: Standard error of declination (dec_error)
#   meta: !!omap
#   - {ucd: ERROR}
#   - {width: 7}
#   - {precision: '4'}
# - name: _r_1
#   unit: ''
#   datatype: float64
#   format: '{:7.4f}'
#   description: Distance from center (316.72830883000+47.08900563000)[ICRS], at Epoch=J2016.0
#   meta: !!omap
#   - {ucd: POS_ANG_DIST_GENERAL}
#   - {width: 7}
#   - {precision: '4'}
# - name: HIP
#   datatype: int32
#   description: '? HIP cross-id number, van Leeuwen, Cat. I/311 (hip_original_ext_source_id)'
#   meta: !!omap
#   - {ucd: ID_NUMBER}
#   - {width: 6}
#   - values: {'null': -2147483648}
# - name: TYC2
#   datatype: string
#   description: Tycho-2 cross-id name, Hog et al., Cat. I/259 (tyc2_original_ext_source_id)
#   meta: !!omap
#   - {ucd: ID_CROSSID}
#   - {_votable_string_dtype: char}
# - name: Source
#   datatype: int64
#   description: Source identifier, identical to the Gaia-EDR3 source_id (id)
#   meta: !!omap
#   - {ucd: ID_MAIN}
#   - {width: 19}
# - name: rgeo
#   unit: pc
#   datatype: float64
#   format: '{:15.8f}'
#   description: '? Median of the geometric distance posterior (r_med_geo)'
#   meta: !!omap
#   - {ucd: PHYS_DISTANCE_TRUE}
#   - {width: 15}
#   - {precision: '8'}
#   - values: {'null': .nan}
# - name: Plx
#   unit: mas
#   datatype: float64
#   format: '{:9.4f}'
#   description: '? Parallax (parallax)'
#   meta: !!omap
#   - {ucd: POS_PARLX_TRIG}
#   - {width: 9}
#   - {precision: '4'}
#   - values: {'null': .nan}
# - name: e_Plx
#   unit: mas
#   datatype: float32
#   format: '{:7.4f}'
#   description: '? Standard error of parallax (parallax_error)'
#   meta: !!omap
#   - {ucd: ERROR}
#   - {width: 7}
#   - {precision: '4'}
#   - values: {'null': .nan}
# - name: pmRA
#   unit: mas / yr
#   datatype: float64
#   format: '{:9.3f}'
#   description: '? Proper motion in right ascension direction, pmRA*cosDE (pmra)'
#   meta: !!omap
#   - {ucd: POS_EQ_PMRA}
#   - {width: 9}
#   - {precision: '3'}
#   - values: {'null': .nan}
# - name: pmDE
#   unit: mas / yr
#   datatype: float64
#   format: '{:9.3f}'
#   description: '? Proper motion in declination direction (pmdec)'
#   meta: !!omap
#   - {ucd: POS_EQ_PMDEC}
#   - {width: 9}
#   - {precision: '3'}
#   - values: {'null': .nan}
# - name: e_pmRA
#   unit: mas / yr
#   datatype: float32
#   format: '{:6.3f}'
#   description: '? Standard error of proper motion in right ascension direction (pmra_error)'
#   meta: !!omap
#   - {ucd: ERROR}
#   - {width: 6}
#   - {precision: '3'}
#   - values: {'null': .nan}
# - name: e_pmDE
[...]
#         unit: &id001 !astropy.units.Unit {unit: deg}
#         value: !astropy.table.SerializedColumn {name: SkyCoord.dec}
#       distance: !astropy.table.SerializedColumn
#         __class__: astropy.coordinates.distances.Distance
#         unit: !astropy.units.Unit {unit: pc}
#         value: !astropy.table.SerializedColumn {name: SkyCoord.distance}
#       frame: icrs
#       obstime: !astropy.time.Time {format: jyear_str, in_subfmt: '*', jd1: 367701545.0, jd2: 0.0, out_subfmt: '*', precision: 3, scale: tt}
#       pm_dec: !astropy.table.SerializedColumn
#         __class__: astropy.units.quantity.Quantity
#         unit: !astropy.units.Unit {unit: mas / yr}
#         value: !astropy.table.SerializedColumn {name: SkyCoord.pm_dec}
#       pm_ra_cosdec: !astropy.table.SerializedColumn
#         __class__: astropy.units.quantity.Quantity
#         unit: !astropy.units.Unit {unit: mas / yr}
#         value: !astropy.table.SerializedColumn {name: SkyCoord.pm_ra_cosdec}
#       ra: !astropy.table.SerializedColumn
#         __class__: astropy.coordinates.angles.Longitude
#         unit: *id001
#         value: !astropy.table.SerializedColumn {name: SkyCoord.ra}
#         wrap_angle: !astropy.coordinates.Angle
#           unit: *id001
#           value: 360.0
#       representation_type: spherical
# schema: astropy-2.0
RA_ICRS_1 DE_ICRS_1 e_RA_ICRS e_DE_ICRS _r_1 HIP TYC2 Source rgeo Plx e_Plx pmRA pmDE e_pmRA e_pmDE RUWE Teff logg Gmag BP-RP BPmag RPmag RV e_RV b_rgeo B_rgeo FG e_FG FBP e_FBP FRP e_FRP RAVE5 RAVE6 e_Gmag e_BPmag e_RPmag e_BP-RP SkyCoord.ra SkyCoord.dec SkyCoord.distance SkyCoord.pm_ra_cosdec SkyCoord.pm_dec
[from data line 281]
317.01876309022 47.30557587507 0.012 0.0128 17.5803 "" "" 2165148371775443584 2305.92261 0.4093 0.0151 -1.08 -1.76 0.017 0.017 1.004 9234.8 4.0538 13.959612 0.430634 14.120131 13.689497 "" "" 2235.12866 2381.60449 49102.32211 19.075 30716.0 29.382 26507.0 14.387 "" "" 0.0027874160941868485 0.0029771968 0.0038250487 0.0068022455 317.01876309022 47.30557587507 2305.92261 -1.0799999999999998 -1.7599999999999998
316.82089043182 47.43004333441 0.012 0.0122 20.8067 "" "" 2165165517284646400 2280.99536 0.4112 0.0145 0.371 -5.435 0.016 0.016 1.072 "" "" 13.963694 1.664541 14.740756 13.076215 -25.7 1.59 2216.94873 2354.44678 48918.06257 9.9652 17343.0 55.238 46631.0 128.98 "" "" 0.002764183228669811 0.0044433693 0.0048272586 0.009270628 316.82089043182 47.43004333441 2280.99536 0.371 -5.4350000000000005
316.33050883603 47.09212104729 0.0109 0.0115 16.2514 "" "" 2165131256305156608 2678.65063 0.3486 0.0137 -3.202 -3.563 0.015 0.015 0.988 9431.7 4.1105 13.963754 0.568782 14.166903 13.598121 "" "" 2598.17114 2751.69067 48915.3824 15.567 29421.0 57.066 28834.0 43.378 "" "" 0.0027769010243877956 0.0034957114 0.0041172416 0.007612953 316.33050883603 47.09212104729 2678.65063 -3.2020000000000004 -3.5629999999999997
317.01437046873 47.16071771357 0.0109 0.0121 12.4457 "" "" 2165144111167749504 2532.1377 0.3674 0.0131 -3.008 -3.283 0.015 0.018 1.002 9608.1 3.9615 13.965117 0.518359 14.145513 13.627153 "" "" 2453.15405 2624.11328 48853.99603 13.33 30006.0 35.208 28074.0 65.148 "" "" 0.0027712004352770984 0.003067252 0.0045422246 0.0076094763 317.01437046873 47.16071771357 2532.1377 -3.0079999999999996 -3.2829999999999995
316.85300403735 47.44265236517 0.0154 0.0142 21.8177 "" "" 2165165586004196096 3043.91699 0.3022 0.0174 -2.125 -2.876 0.02 0.02 1.392 10320.3 3.9751 13.965861 0.529564 14.097479 13.567915 "" "" 2924.87817 3179.5 48820.50913 16.766 31364.0 179.33 29648.0 267.14 "" "" 0.0027804347897391075 0.00680612 0.010487563 0.017293682 316.85300403735 47.44265236517 3043.91699 -2.1250000000000004 -2.8760000000000003
316.5154842631 47.31594629986 0.0112 0.0111 16.1454 "" "" 2165187060842385408 2528.05322 0.3631 0.0134 -5.017 -5.798 0.015 0.013 0.958 8529.7 3.7813 13.968686 0.707045 14.240932 13.533887 "" "" 2454.90674 2627.55981 48693.63334 9.7487 27482.0 19.877 30592.0 21.551 "" "" 0.0027638811399512465 0.002898572 0.003856001 0.006754573 316.5154842631 47.31594629986 2528.05322 -5.017 -5.798
316.49923753998 47.19189040526 0.0107 0.0118 11.2031 "" "" 2165138098212233216 2749.6311 0.3341 0.0133 -3.564 -4.426 0.015 0.014 0.989 6626.4 3.6584 13.974596 0.615887 14.209752 13.593865 "" "" 2640.61084 2863.27466 48429.31158 10.884 28282.0 18.201 28948.0 17.47 "" "" 0.002766103655901367 0.0028763297 0.003835761 0.0067120907 316.49923753998 47.19189040526 2749.6311 -3.5640000000000005 -4.426000000000001
316.25475170395 46.98230068311 0.017 0.0183 20.3958 "" "" 2165128855442210048 3012.91992 0.3089 0.0217 -3.92 -5.01 0.022 0.025 1.679 6196.2 3.0722 13.977203 0.975702 14.378493 13.402791 -40.66 7.7 2834.53857 3216.44946 48313.14204 7.5228 24211.0 18.921 34518.0 21.952 "" "" 0.002760501835245812 0.0029163356 0.0038419387 0.0067582745 316.25475170395 46.98230068311 3012.91992 -3.92 -5.01
316.43718418014 46.89493596419 0.0575 0.0574 16.6596 "" "" 2165125586948417920 3145.34644 0.3168 0.068 -2.444 -1.431 0.074 0.068 5.686 7075.2 3.3706 13.979338 0.852993 14.278461 13.425468 -6.88 6.56 2562.9209 3853.85571 48218.26318 45.07 26548.0 30.867 33804.0 33.181 "" "" 0.0029362735727543944 0.0030624548 0.003926767 0.006989222 316.43718418014 46.89493596419 3145.34644 -2.443999999999999 -1.431
316.39390340437 47.24904990115 0.0108 0.0114 16.6815 "" "" 2165185514654058240 2371.49585 0.3957 0.013 -0.368 -5.529 0.014 0.014 0.98 "" "" 14.003989 1.501703 14.696793 13.195089 -19.78 2.0 2299.52637 2440.52588 47135.82168 6.9164 18059.0 15.863 41795.0 24.541 "" "" 0.0027599221515708086 0.0029486623 0.003832774 0.0067814365 316.39390340437 47.24904990115 2371.49585 -0.3679999999999992 -5.529000000000001
316.84334761563 47.0612781507 0.0107 0.0121 4.9865 "" "" 2165121635578432256 2443.93848 0.3795 0.0135 -2.168 -3.776 0.015 0.016 0.995 9174.5 3.9236 14.007084 0.453565 14.174619 13.721054 "" "" 2375.38843 2534.22192 47001.67532 15.863 29213.0 24.169 25748.0 14.493 "" "" 0.0027795797513914225 0.0029312007 0.0038284746 0.006759675 316.84334761563 47.0612781507 2443.93848 -2.1679999999999993 -3.776
316.2656163268 47.0272722073 0.0115 0.0125 19.272 "" "" 2165129576996739200 2785.97485 0.3334 0.0152 -3.373 -4.027 0.016 0.016 0.994 9254.7 3.9959 14.01232 0.377326 14.147211 13.769885 "" "" 2694.625 2895.95288 46775.54938 18.686 29959.0 27.85 24615.0 21.678 "" "" 0.00278924956165351 0.0029671101 0.0038984644 0.0068655745 316.2656163268 47.0272722073 2785.97485 -3.373 -4.027
316.42879189078 47.11086567411 0.0116 0.013 12.3034 "" "" 2165136655103060736 2496.35278 0.3701 0.0148 -0.168 -1.526 0.016 0.016 1.066 "" "" 14.013072 1.576247 14.755421 13.179173 -30.94 1.59 2412.24341 2592.60327 46743.15439 8.2153 17110.0 15.272 42412.0 22.114 "" "" 0.002761920102428078 0.0029536772 0.0038215455 0.0067752227 316.42879189078 47.11086567411 2496.35278 -0.16800000000000004 -1.5259999999999998
316.83778731091 47.30596850532 0.0118 0.0124 13.7617 "" "" 2165160844360140160 2298.56177 0.4117 0.0141 -4.547 -5.909 0.015 0.016 0.986 "" "" 14.017099 0.599521 14.24405 13.644529 "" "" 2226.94678 2364.54956 46570.06321 12.556 27403.0 19.803 27628.0 20.441 "" "" 0.0027708267467070322 0.002898391 0.0038638085 0.0067621996 316.83778731091 47.30596850532 2298.56177 -4.547 -5.908999999999999
316.47210927634 47.09845062039 0.0112 0.012 10.4806 "" "" 2165136414591823872 2610.03955 0.3558 0.0139 -3.965 -4.27 0.016 0.014 1.035 6576.1 3.6617 14.018223 0.953228 14.405724 13.452496 -18.21 4.66 2532.16431 2699.57593 46521.91338 12.32 23612.0 16.333 32973.0 22.299 "" "" 0.002770281704950508 0.00288948 0.0038500477 0.006739528 316.47210927634 47.09845062039 2610.03955 -3.965 -4.27
316.91012801988 47.10128419213 0.0132 0.0151 7.4632 "" "" 2165142324461092736 2669.073 0.3497 0.0165 -3.439 -4.111 0.018 0.021 1.389 9709.4 4.18 14.020184 0.632992 14.22998 13.596988 "" "" 2560.50806 2786.26831 46437.94266 15.437 27760.0 37.476 28864.0 61.104 "" "" 0.0027788585117925605 0.0031517383 0.0044234213 0.00757516 316.91012801988 47.10128419213 2669.073 -3.4390000000000005 -4.111
316.87108810056 47.31286884973 0.0135 0.0141 14.6387 "" "" 2165160913079685120 2729.95483 0.3426 0.0162 -2.103 -2.202 0.018 0.019 1.175 "" "" 14.021992 0.576889 14.240302 13.663413 "" "" 2616.76367 2858.31226 46360.691 12.824 27498.0 20.223 27151.0 17.404 "" "" 0.0027716398007517342 0.0029021772 0.003842928 0.006745105 316.87108810056 47.31286884973 2729.95483 -2.1030000000000006 -2.202000000000001
316.72780442838 47.32184535071 0.0128 0.0136 13.9704 "" "" 2165163249541638272 2692.77954 0.3443 0.0156 -4.494 -6.611 0.016 0.015 1.027 "" "" 14.022081 1.476211 14.703001 13.22679 -29.63 2.2 2595.2771 2814.50195 46356.88016 7.0814 17956.0 14.002 40592.0 17.599 "" "" 0.0027603074770687214 0.0029157961 0.0038085843 0.0067243804 316.72780442838 47.32184535071 2692.77954 -4.494 -6.6110000000000015
316.34460441127 47.1422239342 0.011 0.0115 15.9892 "" "" 2165178677066023168 2498.96606 0.3684 0.0135 -5.794 -5.513 0.015 0.014 1.089 4658.7 2.6549 14.026254 1.73626 14.867785 13.131525 -54.34 1.53 2420.18237 2576.79883 46179.09141 9.4128 15428.0 15.514 44315.0 16.409 "" "" 0.002764193693872553 0.0029961725 0.0038007044 0.006796877 316.34460441127 47.1422239342 2498.96606 -5.794 -5.512999999999999
316.60290609038 46.91872488739 0.0115 0.0129 11.4329 "" "" 2165113943315448320 2601.56421 0.3554 0.0143 -3.649 -4.059 0.016 0.015 1.038 9248.7 4.0754 14.035509 0.331521 14.155285 13.823764 "" "" 2511.62817 2703.90308 45787.08099 18.155 29737.0 23.485 23424.0 17.82 "" "" 0.0027887494420141385 0.0029189552 0.0038685882 0.006787543 316.60290609038 46.91872488739 2601.56421 -3.649 -4.059
316.7482537963 46.7308374923 0.0116 0.0124 21.5056 "" "" 2164357719840827136 2765.55786 0.3337 0.014 -4.876 -5.373 0.015 0.015 1.071 6918.8 3.6041 14.043187 0.598122 14.269746 13.671624 "" "" 2650.33374 2894.46753 45464.46311 11.746 26762.0 17.275 26947.0 26.001 "" "" 0.002769561888638777 0.002876845 0.003921892 0.0067987368 316.7482537963 46.7308374923 2765.55786 -4.8759999999999994 -5.372999999999999
317.19417352612 47.00627689422 0.0106 0.0119 19.6823 "" "" 2164391014428489216 2437.40454 0.3881 0.013 -4.089 -3.42 0.014 0.015 1.024 "" "" 14.048902 0.466118 14.215352 13.749234 "" "" 2375.51587 2507.04248 45225.78069 15.229 28137.0 23.501 25088.0 24.005 "" "" 0.0027794702497458573 0.0029338396 0.003919563 0.0068534026 317.19417352612 47.00627689422 2437.40454 -4.089000000000001 -3.4200000000000004
317.02700143612 47.11782325967 0.0108 0.0125 12.3207 "" "" 2165143252174269056 2714.38574 0.3409 0.0132 -2.39 -3.335 0.015 0.018 0.949 "" "" 14.054527 0.889571 14.412059 13.522488 "" "" 2617.69238 2804.40039 44992.03815 12.062 23474.0 24.228 30915.0 23.923 "" "" 0.002770652495309673 0.0030067952 0.0038716437 0.006878439 317.02700143612 47.11782325967 2714.38574 -2.39 -3.335
316.4592642608 47.1374751564 0.0113 0.0121 11.3643 "" "" 2165136792542070272 2955.20093 0.3156 0.0144 -1.706 -2.702 0.016 0.014 0.995 9252.9 3.9378 14.057481 0.427371 14.213126 13.785755 "" "" 2842.47607 3105.96875 44869.84496 15.056 28195.0 26.569 24258.0 15.501 "" "" 0.002779301391136167 0.002971839 0.0038425347 0.0068143737 316.4592642608 47.1374751564 2955.20093 -1.706 -2.702
316.91183708834 47.15027173138 0.0114 0.0128 8.3462 "" "" 2165145760434982912 2738.44434 0.3377 0.0143 -3.019 -3.25 0.015 0.019 1.011 9721.3 3.9336 14.066947 0.48886 14.243847 13.754987 "" "" 2652.56372 2853.198 44480.33345 12.113 27408.0 25.761 24955.0 23.347 "" "" 0.0027711388343325963 0.0029709346 0.003913506 0.006884441 316.91183708834 47.15027173138 2738.44434 -3.019 -3.25
316.86428539777 47.15388919094 0.0113 0.0126 6.7805 "" "" 2165145622995941376 3087.78711 0.3024 0.0137 -1.987 -3.759 0.015 0.018 0.998 9765.7 4.0378 14.067079 0.529722 14.263948 13.734226 "" "" 2943.31592 3242.56909 44474.94837 11.771 26905.0 15.372 25437.0 14.228 "" "" 0.0027702641766586883 0.0028582958 0.0038278636 0.0066861594 316.86428539777 47.15388919094 3087.78711 -1.9869999999999999 -3.759
316.20722066113 47.04838797559 0.0126 0.0131 21.4344 "" "" 2165176718560696192 2371.84766 0.3939 0.0159 -2.114 -2.743 0.017 0.017 1.11 8820.8 4.0144 14.069008 0.469201 14.244344 13.775143 "" "" 2277.7085 2479.90625 44395.96742 15.74 27396.0 24.377 24496.0 18.488 "" "" 0.002782078910522163 0.0029526898 0.0038671973 0.006819887 316.20722066113 47.04838797559 2371.84766 -2.1140000000000003 -2.7430000000000003
316.22298368361 47.20626575705 0.0116 0.0129 21.7878 "" "" 2165182662795571712 2725.04102 0.3401 0.0143 -3.901 -3.557 0.016 0.019 0.935 7337.6 3.5055 14.089224 0.764895 14.387544 13.622649 -51.01 11.7 2615.69922 2842.73633 43576.96847 17.175 24010.0 39.963 28190.0 24.683 "" "" 0.0027883518689124126 0.0033242712 0.003897113 0.007221384 316.22298368361 47.20626575705 2725.04102 -3.901 -3.5570000000000004
316.94017132949 46.78055667337 0.0116 0.0114 20.4413 "" "" 2164364454349732992 2896.70972 0.3153 0.014 -0.946 -2.549 0.015 0.014 0.97 "" "" 14.092458 0.522164 14.287994 13.76583 "" "" 2782.11182 3031.34912 43447.38013 14.129 26316.0 20.824 24707.0 13.517 "" "" 0.002777850664247314 0.0029194497 0.0038257758 0.0067452257 316.94017132949 46.78055667337 2896.70972 -0.9459999999999998 -2.5490000000000004
316.40963189557 47.17587850355 0.0112 0.0118 14.0133 "" "" 2165137788974447616 2977.53784 0.3097 0.0138 -3.435 -4.606 0.015 0.014 0.986 10310.6 4.0512 14.095 0.376616 14.230874 13.854259 "" "" 2833.70898 3095.09399 43345.76998 14.483 27738.0 16.902 22775.0 14.291 "" "" 0.00277909955619521 0.0028675331 0.0038402963 0.0067078294 316.40963189557 47.17587850355 2977.53784 -3.434999999999999 -4.605999999999999
316.55106552401 46.96362003949 0.0113 0.0129 10.4474 "" "" 2165126033624991744 2384.27441 0.3926 0.0141 -3.047 -2.982 0.015 0.015 1.015 8294.7 3.9952 14.097115 0.526001 14.294166 13.768165 "" "" 2292.64868 2475.04346 43261.41572 16.069 26167.0 25.616 24654.0 24.308 "" "" 0.002784677446456764 0.0029857578 0.003928065 0.0069138226 316.55106552401 46.96362003949 2384.27441 -3.047 -2.982
317.10712708033 47.06885831597 0.0162 0.0176 15.5254 "" "" 2164392354458207616 2392.40576 0.3903 0.0198 -4.167 -4.57 0.022 0.023 1.516 "" "" 14.099012 0.591969 14.311807 13.719838 "" "" 2289.28491 2564.98584 43185.88151 15.104 25745.0 14.077 25776.0 13.044 "" "" 0.002781363691763758 0.002852628 0.0038191113 0.0066717393 317.10712708033 47.06885831597 2392.40576 -4.166999999999999 -4.57
316.68493355576 47.04474235609 0.0235 0.0264 3.1931 "" "" 2165122292732761472 2847.61548 0.3311 0.0295 -3.306 -3.949 0.03 0.03 2.034 7119.4 3.9017 14.100401 0.795189 14.402173 13.606984 "" "" 2624.36987 3069.26929 43130.68715 18.542 23689.0 31.451 28600.0 33.63 "" "" 0.0027945760267133407 0.0031405326 0.003989193 0.007129726 316.68493355576 47.04474235609 2847.61548 -3.306000000000001 -3.9490000000000007
316.86179393259 46.8380613157 0.011 0.0122 16.0181 "" "" 2164364351270466816 2877.05225 0.3184 0.0139 3.725 -2.693 0.015 0.015 0.963 "" "" 14.102544 1.519857 14.805475 13.285618 -28.21 2.87 2755.61987 2975.9939 43045.6431 7.134 16339.0 15.728 38451.0 15.936 "" "" 0.002761189577115542 0.002979489 0.0038060755 0.0067855646 316.86179393259 46.8380613157 2877.05225 3.725 -2.6929999999999996
316.98729064764 46.76958043444 0.0115 0.0118 21.9071 "" "" 2164361465052535936 2277.93848 0.4122 0.0145 -3.13 -4.146 0.016 0.015 1.008 8997.7 4.1747 14.104197 0.441756 14.267817 13.82606 "" "" 2212.86377 2349.72534 42980.16369 13.397 26810.0 17.991 23374.0 14.102 "" "" 0.002776026225446064 0.0028837286 0.0038357284 0.006719457 316.98729064764 46.76958043444 2277.93848 -3.1300000000000003 -4.146
316.20913859256 47.0982277679 0.0116 0.0129 21.2143 "" "" 2165177680633411840 2872.12573 0.3244 0.0145 -2.653 -4.254 0.016 0.017 1.115 7997.3 3.6483 14.105552 0.408362 14.252896 13.844534 "" "" 2735.07397 3030.21362 42926.57399 18.669 27181.0 21.553 22980.0 18.061 "" "" 0.0027954883707788486 0.0029199733 0.0038745187 0.006794492 316.20913859256 47.0982277679 2872.12573 -2.6530000000000005 -4.254
316.34670790949 47.03493112693 0.0117 0.0126 15.9308 "" "" 2165130092392886144 2390.81616 0.3946 0.015 -3.292 -4.484 0.016 0.015 0.956 9131.2 4.0334 14.106305 0.484467 14.284955 13.800488 "" "" 2311.33105 2471.40112 42896.78437 16.732 26390.0 22.691 23931.0 19.112 "" "" 0.002787675863409592 0.0029422045 0.0038775753 0.00681978 316.34670790949 47.03493112693 2390.81616 -3.292 -4.484
317.20473214491 47.0305815622 0.0109 0.0129 19.7863 "" "" 2164391392385643392 2377.09399 0.3942 0.0134 -5.534 -5.746 0.015 0.017 0.954 6978.9 3.8048 14.106947 0.877931 14.4601 13.58217 "" "" 2325.38184 2439.15918 42871.42028 38.807 22458.0 66.906 29261.0 74.412 "" "" 0.002925353184333215 0.0042717177 0.0046805195 0.008952238 317.20473214491 47.0305815622 2377.09399 -5.534 -5.746
316.87704196899 47.04712261785 0.0111 0.0128 6.5774 "" "" 2165118616240980864 2937.83716 0.3146 0.0141 -3.557 -4.903 0.015 0.018 1.066 6824.2 3.3959 14.108047 0.889387 14.46696 13.577573 -27.08 12.92 2837.30151 3077.81177 42828.03862 7.4196 22317.0 20.599 29385.0 14.032 "" "" 0.002761732975588143 0.0029646857 0.003814778 0.006779464 316.87704196899 47.04712261785 2937.83716 -3.5570000000000004 -4.9030000000000005
