Clusters/LP_1775/LP_1775_stars_in_region.tsv
# %ECSV 1.0
# ---
# datatype:
# - name: RA_ICRS_1
#   unit: deg
#   datatype: float64
#   format: '{:15.11f}'
#   description: Right ascension (ICRS) at Ep=2016.0 (ra)
#   meta: !!omap
#   - {ucd: POS_EQ_RA_MAIN}
#   - {width: 15}
#   - {precision: '11'}
# - name: DE_ICRS_1
#   unit: deg
#   datatype: float64
#   format: '{:15.11f}'
#   description: Declination (ICRS) at Ep=2016.0 (dec)
#   meta: !!omap
#   - {ucd: POS_EQ_DEC_MAIN}
#   - {width: 15}
#   - {precision: '11'}
# - name: e_RA_ICRS
#   unit: mas
#   datatype: float64
#   format: '{:7.4f}'
#   description: Standard error of right ascension (ra_error)
#   meta: !!omap
#   - {ucd: ERROR}
#   - {width: 7}
#   - {precision: '4'}
# - name: e_DE_ICRS
#   unit: mas
#   datatype: float64
#   format: '{:7.4f}'
#   description: Standard error of declination (dec_error)
#   meta: !!omap
#   - {ucd: ERROR}
#   - {width: 7}
#   - {precision: '4'}
# - name: _r_1
#   unit: ''
#   datatype: float64
#   format: '{:7.4f}'
#   description: Distance from center (316.72830883000+47.08900563000)[ICRS], at Epoch=J2016.0
#   meta: !!omap
#   - {ucd: POS_ANG_DIST_GENERAL}
#   - {width: 7}
#   - {precision: '4'}
# - name: HIP
#   datatype: int32
#   description: '? HIP cross-id number, van Leeuwen, Cat. I/311 (hip_original_ext_source_id)'
#   meta: !!omap
#   - {ucd: ID_NUMBER}
#   - {width: 6}
#   - values: {'null': -2147483648}
# - name: TYC2
#   datatype: string
#   description: Tycho-2 cross-id name, Hog et al., Cat. I/259 (tyc2_original_ext_source_id)
#   meta: !!omap
#   - {ucd: ID_CROSSID}
#   - {_votable_string_dtype: char}
# - name: Source
#   datatype: int64
#   description: Source identifier, identical to the Gaia-EDR3 source_id (id)
#   meta: !!omap
#   - {ucd: ID_MAIN}
#   - {width: 19}
# - name: rgeo
#   unit: pc
#   datatype: float64
#   format: '{:15.8f}'
#   description: '? Median of the geometric distance posterior (r_med_geo)'
#   meta: !!omap
#   - {ucd: PHYS_DISTANCE_TRUE}
#   - {width: 15}
#   - {precision: '8'}
#   - values: {'null': .nan}
# - name: Plx
#   unit: mas
#   datatype: float64
#   format: '{:9.4f}'
#   description: '? Parallax (parallax)'
#   meta: !!omap
#   - {ucd: POS_PARLX_TRIG}
#   - {width: 9}
#   - {precision: '4'}
#   - values: {'null': .nan}
# - name: e_Plx
#   unit: mas
#   datatype: float32
#   format: '{:7.4f}'
#   description: '? Standard error of parallax (parallax_error)'
#   meta: !!omap
#   - {ucd: ERROR}
#   - {width: 7}
#   - {precision: '4'}
#   - values: {'null': .nan}
# - name: pmRA
#   unit: mas / yr
#   datatype: float64
#   format: '{:9.3f}'
#   description: '? Proper motion in right ascension direction, pmRA*cosDE (pmra)'
#   meta: !!omap
#   - {ucd: POS_EQ_PMRA}
#   - {width: 9}
#   - {precision: '3'}
#   - values: {'null': .nan}
# - name: pmDE
#   unit: mas / yr
#   datatype: float64
#   format: '{:9.3f}'
#   description: '? Proper motion in declination direction (pmdec)'
#   meta: !!omap
#   - {ucd: POS_EQ_PMDEC}
#   - {width: 9}
#   - {precision: '3'}
#   - values: {'null': .nan}
# - name: e_pmRA
#   unit: mas / yr
#   datatype: float32
#   format: '{:6.3f}'
#   description: '? Standard error of proper motion in right ascension direction (pmra_error)'
#   meta: !!omap
#   - {ucd: ERROR}
#   - {width: 6}
#   - {precision: '3'}
#   - values: {'null': .nan}
# - name: e_pmDE
[...]
#         value: !astropy.table.SerializedColumn {name: SkyCoord.dec}
#       distance: !astropy.table.SerializedColumn
#         __class__: astropy.coordinates.distances.Distance
#         unit: !astropy.units.Unit {unit: pc}
#         value: !astropy.table.SerializedColumn {name: SkyCoord.distance}
#       frame: icrs
#       obstime: !astropy.time.Time {format: jyear_str, in_subfmt: '*', jd1: 367701545.0, jd2: 0.0, out_subfmt: '*', precision: 3, scale: tt}
#       pm_dec: !astropy.table.SerializedColumn
#         __class__: astropy.units.quantity.Quantity
#         unit: !astropy.units.Unit {unit: mas / yr}
#         value: !astropy.table.SerializedColumn {name: SkyCoord.pm_dec}
#       pm_ra_cosdec: !astropy.table.SerializedColumn
#         __class__: astropy.units.quantity.Quantity
#         unit: !astropy.units.Unit {unit: mas / yr}
#         value: !astropy.table.SerializedColumn {name: SkyCoord.pm_ra_cosdec}
#       ra: !astropy.table.SerializedColumn
#         __class__: astropy.coordinates.angles.Longitude
#         unit: *id001
#         value: !astropy.table.SerializedColumn {name: SkyCoord.ra}
#         wrap_angle: !astropy.coordinates.Angle
#           unit: *id001
#           value: 360.0
#       representation_type: spherical
# schema: astropy-2.0
RA_ICRS_1 DE_ICRS_1 e_RA_ICRS e_DE_ICRS _r_1 HIP TYC2 Source rgeo Plx e_Plx pmRA pmDE e_pmRA e_pmDE RUWE Teff logg Gmag BP-RP BPmag RPmag RV e_RV b_rgeo B_rgeo FG e_FG FBP e_FBP FRP e_FRP RAVE5 RAVE6 e_Gmag e_BPmag e_RPmag e_BP-RP SkyCoord.ra SkyCoord.dec SkyCoord.distance SkyCoord.pm_ra_cosdec SkyCoord.pm_dec rmRA rmDE e_rmRA e_rmDE rRV e_rRV v_pec v_pec3d e_vpec e_vpec3d
[from data line 2862]
316.77482485534 46.89912367859 0.0389 0.0431 11.5509 "" "" 2165116004899905920 2848.0957 0.3226 0.0475 -0.869 -1.45 0.053 0.055 1.044 5015.0 4.3701 16.931936 1.062819 17.381952 16.319134 "" "" 2512.04468 3241.10132 3178.13583 1.7787 1522.8 5.9818 2352.4 7.4758 "" "" 0.0028215296711858614 0.0050965473 0.005117525 0.010214072 316.77482485534 46.89912367859 2848.0957 -0.869 -1.45 2.6170000610351565 2.970499801635742 0.131 0.133 "" "" 53.44448150168103 "" 7.061606063669013 ""
317.03440797659 47.26232864213 0.0428 0.045 16.2482 "" "" 2165148058219906688 3033.63696 0.3104 0.0505 -2.624 -2.424 0.059 0.061 0.921 5470.9 4.6387 16.932127 1.064299 17.38408 16.319782 "" "" 2586.25024 3486.92627 3177.57802 1.9454 1519.8 9.4015 2351.0 7.1127 "" "" 0.002834367397308616 0.0072728777 0.0050073448 0.012280222 317.03440797659 47.26232864213 3033.63696 -2.624 -2.4240000000000013 0.8620000610351561 1.9964998016357423 0.137 0.139 "" "" 31.270091849755936 "" 4.336775913278763 ""
316.44270848521 46.7855171955 0.0389 0.0418 21.6443 "" "" 2165111263255563264 3051.99854 0.3231 0.0482 -5.157 -5.198 0.051 0.051 1.023 4841.8 4.1665 16.932533 1.955955 17.920004 15.964048 "" "" 2622.28296 3781.35645 3176.38485 1.9913 927.72 5.4688 3262.4 7.7789 "" "" 0.0028381477098547627 0.0069820285 0.0045810286 0.011563057 316.44270848521 46.7855171955 3051.99854 -5.157 -5.198 -1.6709999389648438 -0.7775001983642582 0.12900001 0.12900001 "" "" 26.66209589549484 "" 3.439410586647961 ""
317.22900150556 47.02451014491 0.0711 0.0875 20.8291 "" "" 2164388467488075776 2711.93384 0.417 0.0907 -2.99 -2.087 0.098 0.11 1.897 5308.6 4.7138 16.933748 1.17411 17.398167 16.224056 "" "" 2094.84033 3518.229 3172.83388 4.0519 1500.2 9.4651 2567.7 6.6112 "" "" 0.003084527787286303 0.0073965983 0.004700912 0.0120975105 317.22900150556 47.02451014491 2711.93384 -2.99 -2.087 0.49600006103515604 2.333499801635742 0.176 0.188 "" "" 30.666257801737906 "" 5.749835951462259 ""
316.62840199737 46.87701085079 0.0654 0.0683 13.3609 "" "" 2165112912523301376 2433.65137 0.4059 0.0792 -2.7 -4.11 0.087 0.086 2.02 5265.3 4.734 16.933773 1.178461 17.319708 16.141247 "" "" 2038.54309 2903.38428 3172.76149 3.3249 1612.6 14.935 2771.1 20.77 "" "" 0.002981002424316009 0.010435409 0.008972624 0.019408032 316.62840199737 46.87701085079 2433.65137 -2.6999999999999997 -4.109999999999999 0.7860000610351561 0.31049980163574187 0.16499999 0.164 "" "" 9.748740733985441 "" 1.607229634209284 ""
316.49724660824 46.93672398647 0.0417 0.0471 13.1468 "" "" 2165125934864660992 2721.17163 0.3444 0.0531 1.085 -3.213 0.058 0.053 1.058 5255.1 4.3893 16.934155 0.957171 17.302708 16.345537 "" "" 2363.58594 3163.54077 3171.64539 1.9663 1638.1 10.191 2295.9 12.806 "" "" 0.002836348632380076 0.0073082075 0.007138536 0.014446743 316.49724660824 46.93672398647 2721.17163 1.0849999999999989 -3.212999999999999 4.571000061035156 1.207499801635742 0.136 0.131 "" "" 60.98084192450815 "" 8.273848200769178 ""
316.44677524116 47.21113002314 0.0428 0.0441 13.6259 "" "" 2165138304370597504 3066.55566 0.3005 0.0511 -5.357 -7.414 0.056 0.055 1.006 5495.5 4.5861 16.934721 1.168518 17.446692 16.278173 "" "" 2699.31519 3628.05542 3169.99264 1.9524 1434.6 7.0963 2442.8 8.1409 "" "" 0.002835305335815663 0.0060521686 0.0052322154 0.011284384 316.44677524116 47.21113002314 3066.55566 -5.357000000000002 -7.414000000000003 -1.870999938964844 -2.9935001983642575 0.134 0.133 "" "" 51.31183715719235 "" 6.838927450401952 ""
316.52549031875 47.3114436447 0.0408 0.0421 15.6998 "" "" 2165187438799510784 2928.17603 0.3266 0.047 -3.594 -5.74 0.053 0.05 1.028 5765.5 4.5958 16.934977 1.150534 17.432653 16.28212 "" "" 2585.74341 3444.55078 3169.24615 1.7359 1453.3 5.4977 2433.9 6.4324 "" "" 0.00281876737259282 0.0049653263 0.0047452417 0.009710568 316.52549031875 47.3114436447 2928.17603 -3.594 -5.74 -0.10799993896484361 -1.319500198364258 0.131 0.128 "" "" 18.37531791372246 "" 2.3524119198400766 ""
316.65835763706 47.00039716035 0.0381 0.0442 6.037 "" "" 2165120471666545408 2299.40723 0.4043 0.0483 -3.447 -5.301 0.051 0.059 0.991 5354.2 4.6043 16.93502 1.051538 17.383234 16.331696 "" "" 2111.84937 2549.26611 3169.11951 1.94 1521.0 9.1214 2325.3 9.75 "" "" 0.0028343496057923697 0.0070837773 0.005916839 0.013000617 316.65835763706 47.00039716035 2299.40723 -3.447 -5.301 0.039000061035156186 -0.880500198364258 0.12900001 0.137 "" "" 9.606148390640731 "" 1.3158961889565393 ""
316.57926424875 47.23305423989 0.0424 0.0449 10.5675 "" "" 2165138957206105600 3279.66357 0.3093 0.0503 -2.751 -3.027 0.058 0.055 1.079 5437.8 4.5529 16.9352 1.269304 17.49487 16.225565 "" "" 2813.74463 3996.46851 3168.59739 1.9914 1372.4 7.0845 2564.1 8.6143 "" "" 0.0028385575937644666 0.0062608123 0.005252508 0.011513321 316.57926424875 47.23305423989 3279.66357 -2.7509999999999986 -3.027000000000002 0.7350000610351564 1.393499801635742 0.136 0.133 "" "" 24.491442729126188 "" 3.2734941427510855 ""
316.87285141304 46.86954258632 0.0401 0.0434 14.4361 "" "" 2164365893133069824 2740.84253 0.3479 0.0492 -1.557 -4.15 0.054 0.056 1.027 6060.5 4.4893 16.935944 1.059279 17.3771 16.317822 "" "" 2464.7478 3148.08447 3166.42546 1.8507 1529.6 7.6679 2355.2 10.053 "" "" 0.0028274528978841857 0.0061163055 0.0059800725 0.012096378 316.87285141304 46.86954258632 2740.84253 -1.557 -4.15 1.9290000610351563 0.27049980163574183 0.132 0.134 "" "" 25.305981568509406 "" 3.3413728358221286 ""
317.05214182598 46.96969358007 0.0366 0.0412 15.0549 "" "" 2164390292873758080 2782.17407 0.3331 0.0453 -0.347 -4.177 0.051 0.054 0.96 5355.5 4.3885 16.935957 1.089271 17.40137 16.312098 "" "" 2478.20508 3180.53394 3166.38472 1.7154 1495.8 7.538 2367.7 6.8404 "" "" 0.002817404878960347 0.0061418586 0.004911506 0.011053365 317.05214182598 46.96969358007 2782.17407 -0.3469999999999984 -4.176999999999997 3.1390000610351563 0.24349980163574259 0.12900001 0.132 "" "" 41.51994099488247 "" 5.356826385813438 ""
316.45226804516 47.11479023908 0.0407 0.0439 11.3796 "" "" 2165136620750250624 2325.1814 0.4298 0.0509 -3.447 -2.087 0.058 0.052 0.968 5058.6 4.6243 16.937868 1.261965 17.504038 16.242073 "" "" 2069.93994 2633.38672 3160.81943 1.9371 1360.8 9.1219 2525.4 7.769 "" "" 0.002834525360705303 0.007794557 0.0050438065 0.012838364 316.45226804516 47.11479023908 2325.1814 -3.4469999999999983 -2.0869999999999997 0.039000061035156186 2.333499801635742 0.136 0.13 "" "" 25.72193267131406 "" 3.3438952161233932 ""
316.87996991937 47.04252360743 0.0384 0.0435 6.7968 "" "" 2165118611922891776 2725.10645 0.3379 0.0475 -3.956 -4.863 0.051 0.061 1.004 5594.9 4.6175 16.937939 1.014065 17.368591 16.354527 "" "" 2452.69507 3076.2666 3160.61248 1.827 1541.6 8.3482 2276.9 7.0786 "" "" 0.002825895765362337 0.0065080235 0.005067266 0.011575289 316.87996991937 47.04252360743 2725.10645 -3.9559999999999995 -4.8629999999999995 -0.4699999389648437 -0.44250019836425825 0.12900001 0.139 "" "" 8.338287821800417 "" 1.1155964721058274 ""
316.57101763686 47.06039313689 0.1194 0.1352 6.6527 "" "" 2165132424541777664 2609.09888 0.4659 0.1484 -1.416 -2.457 0.16 0.166 3.04 5312.4 4.6934 16.938145 1.066654 17.331207 16.264553 "" "" 1783.98108 3950.74097 3160.01178 6.0464 1595.6 7.2207 2473.6 8.4461 "" "" 0.0034507427372918154 0.0056503327 0.0052940887 0.010944421 316.57101763686 47.06039313689 2609.09888 -1.4160000000000008 -2.4569999999999985 2.0700000610351563 1.9634998016357423 0.238 0.24399999 "" "" 35.28476781546749 "" 8.49870030881309 ""
316.50655874444 46.88905337421 0.0415 0.045 15.0433 "" "" 2165113702804730368 2944.13672 0.3246 0.0527 -3.048 -3.553 0.054 0.054 0.999 7215.4 4.3424 16.93842 1.329542 17.529346 16.199804 "" "" 2532.05884 3681.80469 3159.21495 1.9399 1329.5 8.5635 2625.6 14.016 "" "" 0.0028348308630584966 0.0075294385 0.00691925 0.014448688 316.50655874444 46.88905337421 2944.13672 -3.048000000000001 -3.553000000000001 0.4380000610351562 0.8674998016357423 0.132 0.132 "" "" 13.561705070666179 "" 1.7901450596278483 ""
316.81805428199 46.90614366388 0.0414 0.0432 11.5701 "" "" 2165116863893398784 2466.0835 0.38 0.0499 -1.567 -2.481 0.06 0.053 0.978 4917.4 4.3589 16.938995 1.270721 17.497171 16.22645 "" "" 2210.24414 2833.46606 3157.53649 1.9272 1369.5 7.6114 2562.0 6.9141 "" "" 0.002833889870610048 0.0066481433 0.00478217 0.011430314 316.81805428199 46.90614366388 2466.0835 -1.5669999999999993 -2.4809999999999985 1.9190000610351563 1.9394998016357423 0.138 0.131 "" "" 31.893026936445956 "" 4.289878320374299 ""
316.83433162619 47.30795554875 0.0424 0.0437 13.8298 "" "" 2165160844360136832 3104.41455 0.317 0.0504 -2.245 -3.54 0.057 0.061 1.007 5799.8 4.6385 16.939161 1.140745 17.41732 16.276575 "" "" 2688.30518 3890.28662 3157.05291 1.8748 1474.0 10.113 2446.4 5.713 "" "" 0.002829753264804757 0.007954553 0.004551089 0.012505641 316.83433162619 47.30795554875 3104.41455 -2.2449999999999997 -3.54 1.2410000610351561 0.8804998016357422 0.135 0.139 "" "" 22.39068672746154 "" 3.0530247408056588 ""
317.02612589295 46.94809475267 0.0383 0.0422 14.8288 "" "" 2164389880556862208 2528.20605 0.3777 0.0471 -4.006 -5.039 0.053 0.058 1.042 5556.7 4.6352 16.939388 1.096031 17.406029 16.309998 "" "" 2217.84375 2914.47461 3156.39361 1.7922 1489.4 9.0847 2372.2 7.8249 "" "" 0.0028234443661434034 0.0071862973 0.0052067353 0.012393033 317.02612589295 46.94809475267 2528.20605 -4.006 -5.0390000000000015 -0.519999938964844 -0.6185001983642575 0.131 0.136 "" "" 9.683408521373073 "" 1.2971121331029747 ""
316.33006649847 47.18265105638 0.0408 0.0409 17.1983 "" "" 2165179055023154432 2899.86523 0.334 0.0483 -3.085 -3.837 0.053 0.05 1.012 5534.7 4.5973 16.939425 1.168018 17.447313 16.279295 "" "" 2559.68555 3277.37622 3156.28843 1.853 1433.8 7.5319 2440.3 7.8996 "" "" 0.0028280892386584907 0.0063493922 0.0051610777 0.01151047 316.33006649847 47.18265105638 2899.86523 -3.0850000000000004 -3.837000000000004 0.4010000610351563 0.583499801635742 0.131 0.128 "" "" 9.731803741685223 "" 1.2551103562598989 ""
316.19669165122 47.04908050544 0.0424 0.0466 21.8572 "" "" 2165176718560682752 2508.03955 0.3745 0.055 -1.708 -3.53 0.056 0.064 0.951 5305.8 4.6613 16.93964 1.191906 17.462267 16.27036 "" "" 2219.45117 2864.94653 3155.66196 1.9366 1414.2 6.687 2460.4 6.4422 "" "" 0.0028347403978159196 0.0058430866 0.004729216 0.010572303 316.19669165122 47.04908050544 2508.03955 -1.7080000000000009 -3.5299999999999994 1.7780000610351563 0.8904998016357424 0.134 0.142 "" "" 23.639925755567404 "" 3.206570382567702 ""
316.45593906057 47.0675948877 0.04 0.0432 11.2029 "" "" 2165130435990421376 3070.97217 0.3158 0.0497 -2.594 -4.564 0.054 0.052 1.008 "" "" 16.940613 1.110071 17.309774 16.199703 "" "" 2627.70264 3663.98511 3152.83863 2.509 1627.4 16.88 2625.9 30.274 "" "" 0.00288761458512323 0.011602156 0.013075562 0.024677718 316.45593906057 47.0675948877 3070.97217 -2.5940000000000003 -4.564 0.8920000610351564 -0.14350019836425787 0.132 0.13 "" "" 13.151264921875317 "" 1.735308307466962 ""
316.88817889239 47.13374955124 0.0383 0.0458 7.0587 "" "" 2165145348118061312 2557.09351 0.3748 0.0481 -3.452 -5.076 0.053 0.077 1.026 5579.5 4.6681 16.941092 1.139492 17.37253 16.233038 "" "" 2248.24976 2886.30078 3151.4501 1.9857 1536.0 13.763 2546.5 12.901 "" "" 0.0028389785577345597 0.010120717 0.0066737905 0.016794506 316.88817889239 47.13374955124 2557.09351 -3.452 -5.076 0.03400006103515629 -0.6555001983642574 0.131 0.155 "" "" 7.955751390361774 "" 1.2326687299351244 ""
316.70252353323 47.42291613512 0.0457 0.0458 20.0621 "" "" 2165164589571481984 2594.37671 0.3871 0.0513 -1.082 -8.249 0.061 0.055 1.004 5546.4 4.6792 16.941162 1.24011 17.444532 16.204422 "" "" 2295.45654 2903.20435 3151.24162 2.0796 1437.5 13.1 2614.5 9.819 "" "" 0.0028469591379985805 0.010280244 0.005559714 0.015839959 316.70252353323 47.42291613512 2594.37671 -1.081999999999999 -8.249 2.4040000610351564 -3.8285001983642584 0.139 0.133 "" "" 55.59247640520312 "" 7.489631008411702 ""
317.12265409943 47.00360424667 0.0924 0.1016 16.9172 "" "" 2164391117508313344 2774.86719 0.3963 0.1154 -1.207 -3.174 0.126 0.133 2.466 4990.7 4.7757 16.941214 1.243078 17.438745 16.195667 "" "" 2110.64795 3499.08716 3151.09467 6.3567 1445.2 8.0368 2635.7 6.4652 "" "" 0.0035198016820253415 0.0066513317 0.0046234806 0.011274813 317.12265409943 47.00360424667 2774.86719 -1.2069999999999994 -3.1740000000000004 2.2790000610351564 1.2464998016357423 0.204 0.211 "" "" 34.16609199632907 "" 7.025675848962088 ""
316.82698128659 47.05573381567 0.0685 0.0756 4.4993 "" "" 2165121669938173824 2403.22803 0.4199 0.085 -2.612 -2.921 0.092 0.101 2.23 6008.6 4.4911 16.941624 1.186754 17.372545 16.185791 "" "" 2000.81104 2985.13403 3149.90641 3.5618 1536.0 7.7332 2659.8 8.0258 "" "" 0.0030164654779677204 0.0061372085 0.0050016874 0.0111388955 316.82698128659 47.05573381567 2403.22803 -2.6120000000000014 -2.921000000000003 0.8740000610351562 1.4994998016357424 0.17 0.179 "" "" 19.77096624664753 "" 3.494739000205749 ""
316.44264522291 47.05396326924 0.0409 0.043 11.8615 "" "" 2165130397317184512 2761.89478 0.3452 0.0513 -2.1 -4.035 0.055 0.05 1.021 5395.7 4.6525 16.942547 1.018396 17.364532 16.346136 "" "" 2435.33545 3178.06055 3147.22814 2.3683 1547.4 8.997 2294.6 7.8607 "" "" 0.0028739017695798355 0.0069018845 0.005302643 0.012204528 316.44264522291 47.05396326924 2761.89478 -2.1 -4.035 1.3860000610351562 0.38549980163574205 0.133 0.128 "" "" 18.833426270853995 "" 2.4982022529403705 ""
317.04544256015 46.88422499508 0.0401 0.0406 17.8733 "" "" 2164388643606271872 3215.86694 0.3064 0.0483 -3.297 -3.978 0.057 0.054 0.966 7596.2 4.4483 16.943197 1.133612 17.432129 16.298517 "" "" 2794.20996 3826.64404 3145.34429 4.1543 1454.0 11.274 2397.5 8.9397 "" "" 0.0031061537326499567 0.008868892 0.0055383807 0.014407272 317.04544256015 46.88422499508 3215.86694 -3.2969999999999997 -3.978000000000004 0.1890000610351561 0.442499801635742 0.135 0.132 "" "" 7.3346150693054195 "" 0.9715965526649467 ""
316.7132414383 46.89840115999 0.0638 0.0713 11.4529 "" "" 2165115936180373888 2950.854 0.3708 0.0785 -1.476 -7.225 0.087 0.087 1.596 5081.9 4.4461 16.94357 1.473253 17.579258 16.106005 "" "" 2445.32788 3769.85571 3144.26335 3.4948 1269.7 6.2598 2862.6 6.3895 "" "" 0.0030080067766880786 0.006036378 0.004489626 0.010526003 316.7132414383 46.89840115999 2950.854 -1.4759999999999986 -7.225 2.0100000610351563 -2.8045001983642575 0.16499999 0.16499999 "" "" 48.2610348283126 "" 7.963070343950122 ""
317.11656563222 47.21589348814 0.0404 0.0454 17.5764 "" "" 2165150600840123264 2850.84009 0.339 0.0496 -4.151 -1.486 0.056 0.059 0.924 6016.7 4.48 16.943665 1.252514 17.488005 16.23549 "" "" 2526.79565 3299.56567 3143.99033 2.0103 1381.1 7.5274 2540.7 9.8965 "" "" 0.0028414337913032126 0.0065423856 0.0056718066 0.012214192 317.11656563222 47.21589348814 2850.84009 -4.151 -1.4860000000000018 -0.6649999389648436 2.9344998016357424 0.134 0.137 "" "" 40.65928975115877 "" 5.56442651410682 ""
316.96602821166 47.12311302136 0.0394 0.0408 9.9215 "" "" 2165142766823393408 2998.09717 0.3179 0.0472 -3.687 -5.225 0.055 0.057 1.02 4789.9 4.3649 16.945456 1.293778 17.524555 16.230778 "" "" 2667.22241 3452.43335 3138.80777 1.7606 1335.3 9.0523 2551.8 7.5319 "" "" 0.002821821309135004 0.007871549 0.004955157 0.012826705 316.96602821166 47.12311302136 2998.09717 -3.6869999999999994 -5.225 -0.20099993896484358 -0.8045001983642575 0.133 0.135 "" "" 11.78416416253795 "" 1.5894871362015122 ""
