Clusters/LP_1775/LP_1775_stars_in_region.tsv
# %ECSV 1.0
# ---
# datatype:
# - name: RA_ICRS_1
#   unit: deg
#   datatype: float64
#   format: '{:15.11f}'
#   description: Right ascension (ICRS) at Ep=2016.0 (ra)
#   meta: !!omap
#   - {ucd: POS_EQ_RA_MAIN}
#   - {width: 15}
#   - {precision: '11'}
# - name: DE_ICRS_1
#   unit: deg
#   datatype: float64
#   format: '{:15.11f}'
#   description: Declination (ICRS) at Ep=2016.0 (dec)
#   meta: !!omap
#   - {ucd: POS_EQ_DEC_MAIN}
#   - {width: 15}
#   - {precision: '11'}
# - name: e_RA_ICRS
#   unit: mas
#   datatype: float64
#   format: '{:7.4f}'
#   description: Standard error of right ascension (ra_error)
#   meta: !!omap
#   - {ucd: ERROR}
#   - {width: 7}
#   - {precision: '4'}
# - name: e_DE_ICRS
#   unit: mas
#   datatype: float64
#   format: '{:7.4f}'
#   description: Standard error of declination (dec_error)
#   meta: !!omap
#   - {ucd: ERROR}
#   - {width: 7}
#   - {precision: '4'}
# - name: _r_1
#   unit: ''
#   datatype: float64
#   format: '{:7.4f}'
#   description: Distance from center (316.72830883000+47.08900563000)[ICRS], at Epoch=J2016.0
#   meta: !!omap
#   - {ucd: POS_ANG_DIST_GENERAL}
#   - {width: 7}
#   - {precision: '4'}
# - name: HIP
#   datatype: int32
#   description: '? HIP cross-id number, van Leeuwen, Cat. I/311 (hip_original_ext_source_id)'
#   meta: !!omap
#   - {ucd: ID_NUMBER}
#   - {width: 6}
#   - values: {'null': -2147483648}
# - name: TYC2
#   datatype: string
#   description: Tycho-2 cross-id name, Hog et al., Cat. I/259 (tyc2_original_ext_source_id)
#   meta: !!omap
#   - {ucd: ID_CROSSID}
#   - {_votable_string_dtype: char}
# - name: Source
#   datatype: int64
#   description: Source identifier, identical to the Gaia-EDR3 source_id (id)
#   meta: !!omap
#   - {ucd: ID_MAIN}
#   - {width: 19}
# - name: rgeo
#   unit: pc
#   datatype: float64
#   format: '{:15.8f}'
#   description: '? Median of the geometric distance posterior (r_med_geo)'
#   meta: !!omap
#   - {ucd: PHYS_DISTANCE_TRUE}
#   - {width: 15}
#   - {precision: '8'}
#   - values: {'null': .nan}
# - name: Plx
#   unit: mas
#   datatype: float64
#   format: '{:9.4f}'
#   description: '? Parallax (parallax)'
#   meta: !!omap
#   - {ucd: POS_PARLX_TRIG}
#   - {width: 9}
#   - {precision: '4'}
#   - values: {'null': .nan}
# - name: e_Plx
#   unit: mas
#   datatype: float32
#   format: '{:7.4f}'
#   description: '? Standard error of parallax (parallax_error)'
#   meta: !!omap
#   - {ucd: ERROR}
#   - {width: 7}
#   - {precision: '4'}
#   - values: {'null': .nan}
# - name: pmRA
#   unit: mas / yr
#   datatype: float64
#   format: '{:9.3f}'
#   description: '? Proper motion in right ascension direction, pmRA*cosDE (pmra)'
#   meta: !!omap
#   - {ucd: POS_EQ_PMRA}
#   - {width: 9}
#   - {precision: '3'}
#   - values: {'null': .nan}
# - name: pmDE
#   unit: mas / yr
#   datatype: float64
#   format: '{:9.3f}'
#   description: '? Proper motion in declination direction (pmdec)'
#   meta: !!omap
#   - {ucd: POS_EQ_PMDEC}
#   - {width: 9}
#   - {precision: '3'}
#   - values: {'null': .nan}
# - name: e_pmRA
#   unit: mas / yr
#   datatype: float32
#   format: '{:6.3f}'
#   description: '? Standard error of proper motion in right ascension direction (pmra_error)'
#   meta: !!omap
#   - {ucd: ERROR}
#   - {width: 6}
#   - {precision: '3'}
#   - values: {'null': .nan}
# - name: e_pmDE
[...]
#         value: !astropy.table.SerializedColumn {name: SkyCoord.dec}
#       distance: !astropy.table.SerializedColumn
#         __class__: astropy.coordinates.distances.Distance
#         unit: !astropy.units.Unit {unit: pc}
#         value: !astropy.table.SerializedColumn {name: SkyCoord.distance}
#       frame: icrs
#       obstime: !astropy.time.Time {format: jyear_str, in_subfmt: '*', jd1: 367701545.0, jd2: 0.0, out_subfmt: '*', precision: 3, scale: tt}
#       pm_dec: !astropy.table.SerializedColumn
#         __class__: astropy.units.quantity.Quantity
#         unit: !astropy.units.Unit {unit: mas / yr}
#         value: !astropy.table.SerializedColumn {name: SkyCoord.pm_dec}
#       pm_ra_cosdec: !astropy.table.SerializedColumn
#         __class__: astropy.units.quantity.Quantity
#         unit: !astropy.units.Unit {unit: mas / yr}
#         value: !astropy.table.SerializedColumn {name: SkyCoord.pm_ra_cosdec}
#       ra: !astropy.table.SerializedColumn
#         __class__: astropy.coordinates.angles.Longitude
#         unit: *id001
#         value: !astropy.table.SerializedColumn {name: SkyCoord.ra}
#         wrap_angle: !astropy.coordinates.Angle
#           unit: *id001
#           value: 360.0
#       representation_type: spherical
# schema: astropy-2.0
RA_ICRS_1 DE_ICRS_1 e_RA_ICRS e_DE_ICRS _r_1 HIP TYC2 Source rgeo Plx e_Plx pmRA pmDE e_pmRA e_pmDE RUWE Teff logg Gmag BP-RP BPmag RPmag RV e_RV b_rgeo B_rgeo FG e_FG FBP e_FBP FRP e_FRP RAVE5 RAVE6 e_Gmag e_BPmag e_RPmag e_BP-RP SkyCoord.ra SkyCoord.dec SkyCoord.distance SkyCoord.pm_ra_cosdec SkyCoord.pm_dec rmRA rmDE e_rmRA e_rmDE rRV e_rRV v_pec v_pec3d e_vpec e_vpec3d
[from data line 2505]
317.16869693445 47.07626468527 0.0703 0.0765 18.009 "" "" 2164392491897254272 3137.92651 0.3253 0.0813 -1.645 -6.793 0.092 0.1 1.689 "" "" 16.735332 "" "" "" "" "" 2556.15186 3978.29028 3809.02416 4.7218 "" "" "" "" "" "" 0.0030664769555907214 "" "" "" 317.16869693445 47.07626468527 3137.92651 -1.6449999999999985 -6.792999999999995 1.8410000610351562 -2.372500198364258 0.17 0.178 "" "" 44.66600913533444 "" 7.81816966357045 ""
317.17833772623 47.02689295932 0.0341 0.0386 18.7688 "" "" 2164391083147958272 3017.37231 0.3272 0.0425 -2.982 -1.141 0.046 0.049 1.046 5481.2 4.4933 16.73703 1.22979 17.274189 16.0444 "" "" 2698.88745 3449.52734 3803.07654 1.797 1681.7 8.7389 3029.7 7.6222 "" "" 0.0028026741861229497 0.006294215 0.004663148 0.010957363 317.17833772623 47.02689295932 3017.37231 -2.9820000000000007 -1.141000000000001 0.504000061035156 3.279499801635742 0.124 0.127 "" "" 47.455203608956076 "" 6.0235641354241025 ""
316.64298936731 46.99935389445 0.0341 0.0388 6.4112 "" "" 2165120643465210368 2503.18628 0.3898 0.0426 -1.431 -3.901 0.046 0.048 1.04 5535.1 4.5898 16.738197 0.963346 17.138617 16.17527 "" "" 2282.5293 2793.49536 3798.98898 1.9623 1905.3 6.4145 2685.7 7.8404 "" "" 0.002811815390191067 0.004598512 0.0049325568 0.009531069 316.64298936731 46.99935389445 2503.18628 -1.4310000000000005 -3.901000000000002 2.055000061035156 0.5194998016357424 0.124 0.126 "" "" 25.149835199328475 "" 3.121623803176993 ""
316.89894886584 46.75454511 0.0355 0.0385 21.2511 "" "" 2164362908161448704 2500.06885 0.3895 0.0446 -2.662 -1.843 0.047 0.046 0.981 5372.8 4.5739 16.73849 1.125032 17.222963 16.09793 "" "" 2252.92114 2815.60986 3797.96351 2.0064 1762.9 6.624 2883.9 10.208 "" "" 0.002814387854511822 0.004942483 0.0053901165 0.010332599 316.89894886584 46.75454511 2500.06885 -2.6620000000000035 -1.8430000000000017 0.8240000610351563 2.577499801635742 0.125 0.124 "" "" 32.0670823522376 "" 3.9793024383837468 ""
316.74454826583 46.85005087785 0.0372 0.0386 14.3527 "" "" 2165114802309014016 2936.60083 0.3234 0.0441 -1.736 -3.894 0.051 0.047 1.017 5363.7 4.5563 16.738638 1.195293 17.25442 16.059126 "" "" 2591.71753 3337.27051 3797.44512 1.8726 1712.6 7.2758 2988.9 7.9712 "" "" 0.00280685621667925 0.0053908676 0.004761108 0.010151976 316.74454826583 46.85005087785 2936.60083 -1.736000000000001 -3.894000000000001 1.7500000610351563 0.5264998016357421 0.12900001 0.125 "" "" 25.43765856655461 "" 3.273133013832547 ""
316.78857226269 46.87048333506 0.0365 0.0401 13.3414 "" "" 2165115180266183808 2694.50269 0.3533 0.0443 -1.741 -3.011 0.049 0.052 1.034 5178.0 4.4193 16.738777 1.33519 17.306124 15.970934 "" "" 2435.62622 3083.66504 3796.95633 2.1805 1632.9 13.256 3241.8 16.09 "" "" 0.0028249878842631776 0.009245168 0.006582034 0.015827201 316.78857226269 46.87048333506 2694.50269 -1.741 -3.011 1.7450000610351561 1.409499801635742 0.127 0.13 "" "" 28.64936339969625 "" 3.672644660515417 ""
317.14652178819 47.04206198929 0.0331 0.0393 17.3227 "" "" 2164391319340804352 2537.99756 0.377 0.0415 -1.424 -2.603 0.046 0.052 1.015 6011.0 4.4817 16.738846 1.04562 17.167837 16.122217 "" "" 2329.37427 2851.07324 3796.71646 1.8909 1854.7 8.6158 2820.1 8.697 "" "" 0.002807878924854488 0.005763992 0.0050492664 0.010813259 317.14652178819 47.04206198929 2537.99756 -1.4239999999999982 -2.602999999999999 2.0620000610351563 1.817499801635742 0.124 0.13 "" "" 33.06671720702721 "" 4.1881749918964495 ""
317.00728253989 46.99597177241 0.0337 0.0391 12.6991 "" "" 2164390258513989376 2347.7417 0.4037 0.0426 -3.428 -4.417 0.046 0.052 1.058 6284.2 4.4916 16.739468 1.053003 17.166027 16.113024 "" "" 2148.74048 2593.37354 3794.54589 1.9336 1857.8 7.6369 2844.1 9.6001 "" "" 0.002810318240079357 0.0052635395 0.005264484 0.010528023 317.00728253989 46.99597177241 2347.7417 -3.4279999999999986 -4.416999999999999 0.058000061035156314 0.0034998016357423722 0.124 0.13 "" "" 0.646615811663816 "" 0.0801947735808667 ""
316.25017312422 47.1000746915 0.0376 0.0422 19.5419 "" "" 2165178367828230784 2547.14502 0.3853 0.0471 -1.471 -0.518 0.049 0.053 1.057 5388.1 4.6158 16.740381 1.089146 17.204092 16.114946 "" "" 2261.72778 2985.28247 3791.35222 2.0664 1793.8 9.8008 2839.1 7.4034 "" "" 0.002818149686837903 0.006555563 0.004722243 0.011277806 316.25017312422 47.1000746915 2547.14502 -1.4710000000000005 -0.518 2.015000061035156 3.9024998016357424 0.127 0.131 "" "" 53.02675944199534 "" 6.90240137738789 ""
316.79455385024 46.88121438971 0.0371 0.0408 12.7589 "" "" 2165115352064884352 2252.25415 0.4302 0.0458 -1.992 -3.823 0.051 0.052 1.106 5621.8 4.6011 16.741467 1.111122 17.19176 16.080637 "" "" 2040.45789 2519.71143 3787.56502 2.0406 1814.3 8.3501 2930.2 11.933 "" "" 0.002816728811348266 0.0057231784 0.0058167023 0.01153988 316.79455385024 46.88121438971 2252.25415 -1.9919999999999984 -3.8230000000000017 1.4940000610351563 0.5974998016357422 0.12900001 0.13 "" "" 17.17771139129581 "" 2.218301438860648 ""
316.81348422049 47.2252961464 0.0446 0.0419 8.8852 "" "" 2165158851495187200 2893.83594 0.3433 0.0513 1.177 -0.558 0.056 0.056 1.103 "" "" 16.74194 1.140945 17.154432 16.013487 "" "" 2573.05444 3467.1311 3785.91587 5.8478 1877.8 16.196 3117.2 25.179 "" "" 0.003225567235879466 0.009771291 0.009549665 0.019320957 316.81348422049 47.2252961464 2893.83594 1.177 -0.558 4.663000061035156 3.8624998016357424 0.134 0.134 "" "" 83.05449337779169 "" 11.129302389848366 ""
316.4829552548 47.07886935444 0.0367 0.0394 10.0425 "" "" 2165136345865462144 2358.69067 0.4191 0.0453 -4.042 -3.637 0.048 0.048 0.947 4697.0 4.195 16.742008 1.180069 17.257362 16.077293 "" "" 2124.60181 2714.1709 3785.67845 2.1607 1707.9 10.704 2939.3 8.707 "" "" 0.002824146968288313 0.007354507 0.0049626552 0.012317162 316.4829552548 47.07886935444 2358.69067 -4.041999999999998 -3.636999999999997 -0.5559999389648436 0.7834998016357422 0.126 0.126 "" "" 10.741180955541084 "" 1.353388822165802 ""
316.59906188516 46.97380338477 0.043 0.0486 8.7015 "" "" 2165120128069043840 2337.0498 0.4157 0.0561 -1.997 -3.764 0.06 0.06 1.046 5235.4 4.5899 16.742228 0.96217 17.139153 16.176983 "" "" 2058.30176 2696.60083 3784.91085 2.5537 1904.4 10.077 2681.4 9.426 "" "" 0.0028510387477420364 0.0063867983 0.005371319 0.011758117 316.59906188516 46.97380338477 2337.0498 -1.9969999999999999 -3.7640000000000002 1.4890000610351561 0.6564998016357424 0.138 0.138 "" "" 18.02663142685633 "" 2.487675074586858 ""
316.6530394603 46.98856714749 0.0364 0.0412 6.7668 "" "" 2165120437306789376 2353.93774 0.3935 0.0477 -1.831 -1.799 0.052 0.051 1.047 5408.7 4.6105 16.742397 1.013805 17.159273 16.145468 "" "" 2128.18262 2651.09229 3784.32032 2.4793 1869.4 9.0469 2760.4 9.4666 "" "" 0.00284565750871257 0.0059492523 0.0053054555 0.011254707 316.6530394603 46.98856714749 2353.93774 -1.8309999999999995 -1.799 1.6550000610351563 2.6214998016357423 0.13 0.12900001 "" "" 34.591076131192764 "" 4.472134000930804 ""
316.48276861828 46.78082410435 0.0715 0.0648 21.0502 "" "" 2165110850938758400 3188.74512 0.3281 0.0666 -1.025 -2.967 0.083 0.075 1.374 "" "" 16.743092 "" "" "" "" "" 2554.90259 4040.13647 3781.90246 3.011 "" "" "" "" "" "" 0.0028877345847980298 "" "" "" 316.48276861828 46.78082410435 3188.74512 -1.0249999999999992 -2.9670000000000005 2.4610000610351563 1.453499801635742 0.161 0.153 "" "" 43.200369399585284 "" 6.867549296850051 ""
316.78682777811 47.06171757227 0.033 0.0375 2.898 "" "" 2165121811696596480 2985.06152 0.3187 0.0423 -4.252 -4.228 0.047 0.051 0.991 5196.7 4.375 16.744358 1.00515 17.16343 16.15828 "" "" 2653.22778 3394.65771 3777.49225 1.8852 1862.3 5.261 2728.0 6.7112 "" "" 0.0028080935902439186 0.0041464204 0.0046279775 0.008774398 316.78682777811 47.06171757227 2985.06152 -4.251999999999999 -4.228 -0.7659999389648435 0.19249980163574243 0.125 0.12900001 "" "" 11.17528269472036 "" 1.3996055997283379 ""
317.25707214475 47.15952151868 0.0371 0.0404 21.9972 "" "" 2164398711010539264 3288.12158 0.3073 0.0433 -4.45 -6.089 0.052 0.052 1.014 8680.5 4.3041 16.744463 1.206007 17.27477 16.068764 "" "" 2798.43823 3853.45679 3777.12432 1.8476 1680.8 9.3176 2962.5 6.6645 "" "" 0.0028060380720381266 0.006634109 0.004499945 0.0111340545 317.25707214475 47.15952151868 3288.12158 -4.450000000000002 -6.089 -0.9639999389648439 -1.6685001983642582 0.13 0.13 "" "" 30.033069747571048 "" 3.9042989239754 ""
316.5363948673 47.29394574294 0.0394 0.0425 14.575 "" "" 2165140125436947968 2415.9812 0.3895 0.0478 -0.702 -1.512 0.051 0.047 1.042 5800.5 4.583 16.745861 1.108299 17.216825 16.108526 "" "" 2195.02954 2660.69238 3772.26642 2.0438 1772.9 8.8532 2855.9 10.259 "" "" 0.0028174145920033325 0.006097584 0.005430953 0.011528537 316.5363948673 47.29394574294 2415.9812 -0.702 -1.5120000000000013 2.7840000610351563 2.908499801635742 0.12900001 0.125 "" "" 46.10667108022494 "" 5.852240926962315 ""
316.33397462602 47.3353102382 0.037 0.0391 21.8335 "" "" 2165189672182388864 3240.11426 0.3031 0.0448 -1.622 -2.876 0.049 0.05 0.96 6031.9 4.4814 16.746279 0.987909 17.152508 16.164598 "" "" 2774.25781 3705.6272 3770.81641 1.9763 1881.1 11.383 2712.2 11.157 "" "" 0.0028134666138213116 0.007137976 0.005850791 0.012988767 316.33397462602 47.3353102382 3240.11426 -1.6219999999999994 -2.8759999999999977 1.8640000610351561 1.5444998016357423 0.127 0.128 "" "" 37.17804774805886 "" 4.736781905161209 ""
316.8784683954 47.14091053481 0.0342 0.0381 6.8769 "" "" 2165145554276479872 2408.62061 0.3979 0.0424 -3.074 -3.236 0.047 0.057 1.002 5520.4 4.5462 16.746685 1.300236 17.320839 16.020603 "" "" 2135.26611 2624.56909 3769.40539 4.2768 1610.9 11.053 3096.8 11.074 "" "" 0.003018166945297238 0.007955019 0.005418286 0.013373306 316.8784683954 47.14091053481 2408.62061 -3.073999999999999 -3.235999999999999 0.4120000610351564 1.184499801635742 0.125 0.135 "" "" 14.317963720537197 "" 1.9179869877648337 ""
316.28859366626 46.90826466784 0.039 0.0429 21.0088 "" "" 2165127648533390848 2300.49951 0.4228 0.0494 -4.658 -4.71 0.051 0.055 1.053 5665.7 4.6545 16.749268 1.131933 17.22866 16.096727 "" "" 2121.02856 2619.51147 3760.45179 2.244 1753.7 8.1455 2887.1 6.9793 "" "" 0.0028304703021703355 0.0057633882 0.00460137 0.010364758 316.28859366626 46.90826466784 2300.49951 -4.6579999999999995 -4.710000000000001 -1.1719999389648441 -0.2895001983642578 0.12900001 0.133 "" "" 13.164034397507164 "" 1.7012328031310688 ""
316.46484948015 47.00565089825 0.0389 0.0385 11.8756 "" "" 2165127068736031616 2434.91089 0.4134 0.0464 -1.458 -5.876 0.05 0.045 1.022 5359.0 4.6257 16.749382 1.108107 17.209 16.100893 "" "" 2164.49097 2714.28052 3760.05441 2.0192 1785.7 7.4607 2876.1 8.575 "" "" 0.00281633494303055 0.005325642 0.004976189 0.010301831 316.46484948015 47.00565089825 2434.91089 -1.458000000000001 -5.8759999999999994 2.028000061035156 -1.4555001983642581 0.128 0.123 "" "" 28.81041584608341 "" 3.6393988948890184 ""
316.77736452875 47.27793976738 0.0391 0.0415 11.5112 "" "" 2165159951006800896 2557.30933 0.3723 0.0465 -2.827 -1.007 0.054 0.05 1.001 5483.3 4.5435 16.749538 1.182554 17.26245 16.079895 "" "" 2353.25854 2940.11597 3759.50866 2.4157 1700.0 7.208 2932.2 7.0096 "" "" 0.0028422705332130597 0.0053830715 0.004584805 0.009967877 316.77736452875 47.27793976738 2557.30933 -2.827 -1.0070000000000001 0.6590000610351563 3.4134998016357425 0.132 0.128 "" "" 42.141268727068194 "" 5.400230622872388 ""
316.82489947353 46.76154051136 0.0364 0.0383 20.0426 "" "" 2164363487950896256 2639.56323 0.358 0.044 -3.543 -4.945 0.048 0.047 0.985 "" "" 16.749815 1.164169 17.250965 16.086796 "" "" 2306.09863 2986.32764 3758.55494 1.9893 1718.0 8.8514 2913.7 10.444 "" "" 0.002814606974747322 0.0062511233 0.0054249004 0.011676024 316.82489947353 46.76154051136 2639.56323 -3.5430000000000015 -4.945000000000001 -0.0569999389648439 -0.5245001983642581 0.126 0.125 "" "" 6.6009371268988355 "" 0.825194494055825 ""
317.02005197818 46.97190805461 0.0337 0.0379 13.8462 "" "" 2164389949277198080 3089.44434 0.3073 0.0418 -2.895 -3.385 0.046 0.05 1.001 5072.0 4.291 16.750263 1.420791 17.382294 15.961503 "" "" 2726.37891 3534.76855 3757.00539 2.0373 1522.3 5.7027 3270.1 8.8311 "" "" 0.002817521328580815 0.004932327 0.0047833994 0.009715727 317.02005197818 46.97190805461 3089.44434 -2.895 -3.385 0.5910000610351562 1.0354998016357424 0.124 0.128 "" "" 17.45976517918884 "" 2.2178939409148084 ""
317.10858797917 46.9694379979 0.0355 0.0378 17.1273 "" "" 2164389399520636160 2559.66992 0.3776 0.0432 -6.333 -6.727 0.047 0.048 0.991 5533.2 4.5751 16.751225 1.167293 17.24841 16.081116 "" "" 2312.13843 2879.21167 3753.67747 1.9799 1722.1 7.2537 2929.0 7.0111 "" "" 0.0028142049708305534 0.005357212 0.004586726 0.009943938 317.10858797917 46.9694379979 2559.66992 -6.3329999999999975 -6.727 -2.846999938964844 -2.306500198364258 0.125 0.126 "" "" 44.45546366412723 "" 5.574591366993551 ""
316.66107604662 46.91789367797 0.0347 0.0387 10.6289 "" "" 2165119131635999872 2555.38428 0.3678 0.0435 -1.762 -2.417 0.048 0.049 0.968 5470.6 4.3984 16.751514 0.970903 17.13515 16.164248 "" "" 2323.12866 2865.16064 3752.67808 1.9568 1911.4 10.255 2713.1 8.8566 "" "" 0.0028128832431394794 0.0064589176 0.0051812646 0.011640182 316.66107604662 46.91789367797 2555.38428 -1.762 -2.417 1.7240000610351562 2.0034998016357424 0.126 0.127 "" "" 32.015086849595924 "" 4.052326673093926 ""
317.11295594856 47.08538530695 0.0391 0.0431 15.7155 "" "" 2164392388818635776 3210.92822 0.3162 0.0482 -2.458 -2.651 0.053 0.055 1.104 "" "" 16.75211 1.362262 17.332111 15.96985 "" "" 2718.94727 3668.05103 3750.61852 2.3681 1594.3 5.5301 3245.0 7.206 "" "" 0.002839318560691623 0.0046870303 0.004482948 0.009169979 317.11295594856 47.08538530695 3210.92822 -2.458 -2.651 1.028000061035156 1.7694998016357424 0.131 0.133 "" "" 31.146395870313974 "" 4.12684030811977 ""
316.56784534304 47.28581147836 0.0402 0.0408 13.5 "" "" 2165140228516204416 2312.83496 0.4107 0.0466 -4.83 -7.173 0.056 0.049 1.001 5488.8 4.5193 16.752882 1.144594 17.220516 16.075922 "" "" 2112.67212 2554.52051 3747.95224 2.2261 1766.9 14.004 2943.0 20.322 "" "" 0.0028297794869577056 0.009046309 0.008395957 0.017442266 316.56784534304 47.28581147836 2312.83496 -4.83 -7.173 -1.3439999389648438 -2.752500198364258 0.134 0.127 "" "" 33.58028889154088 "" 4.310947304111307 ""
316.3607881366 47.07805279966 0.0368 0.0384 15.0297 "" "" 2165131432422723200 2790.72583 0.3412 0.0455 -2.408 -4.481 0.049 0.046 0.927 4979.7 4.3703 16.75319 1.054924 17.205305 16.150381 "" "" 2490.23682 3156.16577 3746.88884 1.9844 1791.8 8.0547 2747.9 7.5861 "" "" 0.00281468240399718 0.005621966 0.0048236935 0.01044566 316.3607881366 47.07805279966 2790.72583 -2.4079999999999986 -4.481000000000002 1.0780000610351563 -0.060500198364257685 0.127 0.124 "" "" 14.282268183636381 "" 1.8137151680834667 ""
316.62519214739 47.21666403506 0.039 0.0428 8.739 "" "" 2165139060291767808 2537.48755 0.3748 0.0466 -1.777 -2.268 0.05 0.05 1.045 "" "" 16.753258 1.344612 17.349747 16.005135 "" "" 2303.84106 2897.50391 3746.65354 2.0836 1568.6 7.1511 3141.3 9.094 "" "" 0.0028207033231226245 0.005682012 0.0049156216 0.010597633 316.62519214739 47.21666403506 2537.48755 -1.7770000000000008 -2.267999999999999 1.7090000610351563 2.1524998016357424 0.128 0.128 "" "" 33.057418023909435 "" 4.231349708038724 ""
