Clusters/LP_1771/LP_1771_members.tsv
# %ECSV 1.0
# ---
# datatype:
# - name: RA_ICRS_1
#   unit: deg
#   datatype: float64
#   format: '{:15.11f}'
#   description: Right ascension (ICRS) at Ep=2016.0 (ra)
#   meta: !!omap
#   - {ucd: POS_EQ_RA_MAIN}
#   - {width: 15}
#   - {precision: '11'}
# - name: DE_ICRS_1
#   unit: deg
#   datatype: float64
#   format: '{:15.11f}'
#   description: Declination (ICRS) at Ep=2016.0 (dec)
#   meta: !!omap
#   - {ucd: POS_EQ_DEC_MAIN}
#   - {width: 15}
#   - {precision: '11'}
# - name: e_RA_ICRS
#   unit: mas
#   datatype: float64
#   format: '{:7.4f}'
#   description: Standard error of right ascension (ra_error)
#   meta: !!omap
#   - {ucd: ERROR}
#   - {width: 7}
#   - {precision: '4'}
# - name: e_DE_ICRS
#   unit: mas
#   datatype: float64
#   format: '{:7.4f}'
#   description: Standard error of declination (dec_error)
#   meta: !!omap
#   - {ucd: ERROR}
#   - {width: 7}
#   - {precision: '4'}
# - name: _r_1
#   unit: ''
#   datatype: float64
#   format: '{:7.4f}'
#   description: Distance from center (307.36520769000+44.64270593000)[ICRS], at Epoch=J2016.0
#   meta: !!omap
#   - {ucd: POS_ANG_DIST_GENERAL}
#   - {width: 7}
#   - {precision: '4'}
# - name: HIP
#   datatype: int32
#   description: '? HIP cross-id number, van Leeuwen, Cat. I/311 (hip_original_ext_source_id)'
#   meta: !!omap
#   - {ucd: ID_NUMBER}
#   - {width: 6}
#   - values: {'null': -2147483648}
# - name: TYC2
#   datatype: string
#   description: Tycho-2 cross-id name, Hog et al., Cat. I/259 (tyc2_original_ext_source_id)
#   meta: !!omap
#   - {ucd: ID_CROSSID}
#   - {_votable_string_dtype: char}
# - name: Source
#   datatype: int64
#   description: Source identifier, identical to the Gaia-EDR3 source_id (id)
#   meta: !!omap
#   - {ucd: ID_MAIN}
#   - {width: 19}
# - name: rgeo
#   unit: pc
#   datatype: float64
#   format: '{:15.8f}'
#   description: '? Median of the geometric distance posterior (r_med_geo)'
#   meta: !!omap
#   - {ucd: PHYS_DISTANCE_TRUE}
#   - {width: 15}
#   - {precision: '8'}
#   - values: {'null': .nan}
# - name: Plx
#   unit: mas
#   datatype: float64
#   format: '{:9.4f}'
#   description: '? Parallax (parallax)'
#   meta: !!omap
#   - {ucd: POS_PARLX_TRIG}
#   - {width: 9}
#   - {precision: '4'}
#   - values: {'null': .nan}
# - name: e_Plx
#   unit: mas
#   datatype: float32
#   format: '{:7.4f}'
#   description: '? Standard error of parallax (parallax_error)'
#   meta: !!omap
#   - {ucd: ERROR}
#   - {width: 7}
#   - {precision: '4'}
#   - values: {'null': .nan}
# - name: pmRA
#   unit: mas / yr
#   datatype: float64
#   format: '{:9.3f}'
#   description: '? Proper motion in right ascension direction, pmRA*cosDE (pmra)'
#   meta: !!omap
#   - {ucd: POS_EQ_PMRA}
#   - {width: 9}
#   - {precision: '3'}
#   - values: {'null': .nan}
# - name: pmDE
#   unit: mas / yr
#   datatype: float64
#   format: '{:9.3f}'
#   description: '? Proper motion in declination direction (pmdec)'
#   meta: !!omap
#   - {ucd: POS_EQ_PMDEC}
#   - {width: 9}
#   - {precision: '3'}
#   - values: {'null': .nan}
# - name: e_pmRA
#   unit: mas / yr
#   datatype: float32
#   format: '{:6.3f}'
#   description: '? Standard error of proper motion in right ascension direction (pmra_error)'
#   meta: !!omap
#   - {ucd: ERROR}
#   - {width: 6}
#   - {precision: '3'}
#   - values: {'null': .nan}
# - name: e_pmDE
[...]
#         unit: &id001 !astropy.units.Unit {unit: deg}
#         value: !astropy.table.SerializedColumn {name: SkyCoord.dec}
#       distance: !astropy.table.SerializedColumn
#         __class__: astropy.coordinates.distances.Distance
#         unit: !astropy.units.Unit {unit: pc}
#         value: !astropy.table.SerializedColumn {name: SkyCoord.distance}
#       frame: icrs
#       obstime: !astropy.time.Time {format: jyear_str, in_subfmt: '*', jd1: 367701545.0, jd2: 0.0, out_subfmt: '*', precision: 3, scale: tt}
#       pm_dec: !astropy.table.SerializedColumn
#         __class__: astropy.units.quantity.Quantity
#         unit: !astropy.units.Unit {unit: mas / yr}
#         value: !astropy.table.SerializedColumn {name: SkyCoord.pm_dec}
#       pm_ra_cosdec: !astropy.table.SerializedColumn
#         __class__: astropy.units.quantity.Quantity
#         unit: !astropy.units.Unit {unit: mas / yr}
#         value: !astropy.table.SerializedColumn {name: SkyCoord.pm_ra_cosdec}
#       ra: !astropy.table.SerializedColumn
#         __class__: astropy.coordinates.angles.Longitude
#         unit: *id001
#         value: !astropy.table.SerializedColumn {name: SkyCoord.ra}
#         wrap_angle: !astropy.coordinates.Angle
#           unit: *id001
#           value: 360.0
#       representation_type: spherical
# schema: astropy-2.0
RA_ICRS_1 DE_ICRS_1 e_RA_ICRS e_DE_ICRS _r_1 HIP TYC2 Source rgeo Plx e_Plx pmRA pmDE e_pmRA e_pmDE RUWE Teff logg Gmag BP-RP BPmag RPmag RV e_RV b_rgeo B_rgeo FG e_FG FBP e_FBP FRP e_FRP RAVE5 RAVE6 e_Gmag e_BPmag e_RPmag e_BP-RP SkyCoord.ra SkyCoord.dec SkyCoord.distance SkyCoord.pm_ra_cosdec SkyCoord.pm_dec Pmemb
307.45996357965 44.67809615181 0.0082 0.01 4.5675 "" "" 2070657441975175808 2169.2583 0.4492 0.0104 -2.046 -2.902 0.011 0.013 0.993 "" "" 12.605953 1.285747 13.161492 11.875746 "" "" 2127.95728 2206.27808 170830.50332 44.836 74271.0 70.063 140880.0 66.713 "" "" 0.002770016658759982 0.0029722175 0.0038141934 0.0067864107 307.45996357965 44.67809615181 2169.2583 -2.0459999999999994 -2.9019999999999997 0.97
307.46662636203 44.57279296352 0.0094 0.0116 6.0303 "" "" 2070655758347953792 2256.80737 0.4164 0.0118 -2.041 -2.726 0.013 0.015 0.976 "" "" 13.653125 1.426619 14.288142 12.861524 "" "" 2192.59912 2326.66626 65117.37984 13.202 26312.0 29.042 56826.0 39.033 "" "" 0.0027640991139699454 0.0030366394 0.0038522605 0.0068889 307.46662636203 44.57279296352 2256.80737 -2.041 -2.726 0.84
307.40390716208 44.6356899286 0.0102 0.0119 1.705 "" "" 2070659812797068672 2079.43555 0.4558 0.0126 -2.064 -2.879 0.014 0.015 1.021 "" "" 13.94579 1.592284 14.677964 13.08568 "" "" 2026.32153 2133.35181 49731.4083 11.011 18375.0 19.523 46226.0 19.904 "" "" 0.0027657870123590105 0.0030192332 0.003808186 0.006827419 307.40390716208 44.6356899286 2079.43555 -2.064 -2.8790000000000004 0.97
307.39091147706 44.6295429525 0.0115 0.0133 1.3521 "" "" 2070659812797056384 2138.03076 0.441 0.0144 -1.951 -2.791 0.016 0.018 0.977 "" "" 14.27725 1.585881 15.005301 13.419419 "" "" 2080.98145 2210.46606 36647.69598 8.5588 13592.0 15.275 33993.0 18.141 "" "" 0.0027669631311774668 0.0030453037 0.0038235402 0.006868844 307.39091147706 44.6295429525 2138.03076 -1.9509999999999998 -2.791 0.95
307.49613097365 44.63353019734 0.0121 0.0151 5.6166 "" "" 2070657064018056576 2251.66919 0.4163 0.0156 -1.493 -3.064 0.016 0.018 0.992 "" "" 14.399808 1.44526 15.045291 13.600031 "" "" 2177.4043 2312.93286 32735.83787 7.5622 13101.0 16.745 28784.0 16.498 "" "" 0.002766712176113108 0.0031162226 0.0038302732 0.0069464957 307.49613097365 44.63353019734 2251.66919 -1.4929999999999999 -3.0639999999999996 0.83
307.38934076968 44.62254815698 0.0126 0.014 1.5889 "" "" 2070659709717837440 1993.37305 0.4731 0.0153 -2.145 -2.793 0.017 0.018 1.064 "" "" 14.427813 1.582157 15.154105 13.571948 "" "" 1933.25732 2066.95972 31902.28103 8.1575 11852.0 16.855 29538.0 18.164 "" "" 0.0027692716415754198 0.0031889088 0.0038379026 0.007026811 307.38934076968 44.62254815698 1993.37305 -2.145 -2.793 0.95
307.39957964448 44.63849521243 0.0137 0.0154 1.489 "" "" 2070659812797066368 2024.54407 0.4626 0.0161 -2.057 -2.8 0.02 0.019 0.969 "" "" 14.537411 1.481641 15.202763 13.721122 "" "" 1946.625 2096.47729 28839.15895 7.5742 11332.0 14.049 25746.0 17.467 "" "" 0.0027700364340852335 0.0030978888 0.0038504947 0.0069483835 307.39957964448 44.63849521243 2024.54407 -2.0569999999999995 -2.799999999999999 0.97
307.37717963792 44.62865657924 0.0129 0.0141 0.9858 "" "" 2070659709717832832 1982.04004 0.4771 0.0157 -2.156 -2.853 0.018 0.018 0.986 "" "" 14.549761 1.423517 15.183944 13.760426 "" "" 1926.49878 2042.22375 28512.97141 8.9078 11530.0 14.692 24831.0 20.191 "" "" 0.002776120341230552 0.0031143364 0.003881128 0.0069954647 307.37717963792 44.62865657924 1982.04004 -2.156 -2.853 0.96
307.18656974469 44.55502335176 0.0137 0.0176 9.2694 "" "" 2070635245583976064 2067.02734 0.4549 0.0174 -1.958 -2.635 0.018 0.022 1.018 "" "" 14.693833 1.348224 15.285495 13.937271 "" "" 1999.22473 2139.53857 24969.71359 5.718 10501.0 14.937 21098.0 11.807 "" "" 0.0027665152563398766 0.0031890734 0.0038279123 0.0070169857 307.18656974469 44.55502335176 2067.02734 -1.9580000000000002 -2.635 0.95
307.14400502649 44.77981242376 0.0139 0.0153 12.5154 "" "" 2070851677582816640 2026.37683 0.4713 0.0165 -2.044 -2.729 0.019 0.019 0.996 7485.0 3.8584 14.697622 1.152389 15.179675 14.027286 "" "" 1955.81763 2098.44214 24882.71164 5.2215 11576.0 16.43 19420.0 16.454 "" "" 0.0027647239527107226 0.0031874343 0.0038897258 0.0070771603 307.14400502649 44.77981242376 2026.37683 -2.0439999999999996 -2.729 0.82
307.26948530493 44.76962596767 0.0153 0.0158 8.6402 "" "" 2070849238041029888 2213.0415 0.4106 0.0175 -2.296 -2.667 0.021 0.02 0.977 "" "" 14.81043 2.489812 16.15695 13.667138 -29.57 2.17 2132.44019 2305.35864 22427.1958 6.7973 4705.8 10.132 27058.0 19.574 "" "" 0.002774900934958523 0.0036400303 0.0038601332 0.0075001633 307.26948530493 44.76962596767 2213.0415 -2.296 -2.667 0.93
307.39613582542 44.69935613344 0.0162 0.0193 3.6462 "" "" 2070660534351601024 2186.14404 0.4357 0.0197 -2.071 -2.834 0.021 0.023 1.033 "" "" 15.050721 1.330378 15.633314 14.302937 "" "" 2115.3252 2273.72021 17974.56153 4.1039 7622.4 11.845 15065.0 11.525 "" "" 0.0027664489717778773 0.0032606297 0.0038695785 0.0071302084 307.39613582542 44.69935613344 2186.14404 -2.0709999999999997 -2.8340000000000005 0.97
307.31584072204 44.59381590384 0.0167 0.0183 3.6125 "" "" 2070658335328241536 2201.08032 0.4319 0.0202 -2.242 -2.886 0.024 0.023 1.003 9205.9 3.7319 15.059698 1.355571 15.65557 14.299999 "" "" 2082.7334 2341.27515 17826.56326 5.0265 7467.7 13.216 15106.0 16.006 "" "" 0.002772275618723996 0.0033877958 0.003950595 0.0073383907 307.31584072204 44.59381590384 2201.08032 -2.242 -2.886 0.91
307.43391205783 44.66890336688 0.0168 0.0198 3.3271 "" "" 2070657304536204416 2197.62427 0.4306 0.0208 -1.987 -3.009 0.023 0.024 0.97 "" "" 15.104869 1.390992 15.718701 14.327709 "" "" 2098.35889 2298.53735 17100.11882 5.0503 7045.9 12.99 14726.0 12.553 "" "" 0.002773916201642178 0.003433921 0.0038910564 0.0073249773 307.43391205783 44.66890336688 2197.62427 -1.9870000000000005 -3.0089999999999995 0.94
307.18886850776 44.73585836216 0.0174 0.0192 9.3711 "" "" 2070848379047519360 2038.56433 0.4707 0.0207 -2.037 -2.719 0.025 0.025 1.007 "" "" 15.144346 1.192731 15.645504 14.452773 "" "" 1963.89819 2121.2168 16489.5354 4.2112 7537.3 13.989 13123.0 12.382 "" "" 0.0027692372131963836 0.003441751 0.0039157607 0.0073575117 307.18886850776 44.73585836216 2038.56433 -2.037 -2.7189999999999994 0.95
307.41043899393 44.63342859564 0.017 0.0196 2.0097 "" "" 2070656892219310464 2133.7207 0.4421 0.0208 -2.115 -2.735 0.024 0.024 0.956 "" "" 15.220319 1.704631 16.02474 14.320109 "" "" 2029.21423 2275.36792 15375.14206 6.3108 5315.2 12.591 14829.0 17.295 "" "" 0.002791126900303691 0.0037947393 0.003985877 0.007780616 307.41043899393 44.63342859564 2133.7207 -2.115 -2.7349999999999994 0.97
307.38393559774 44.63221934378 0.0203 0.0216 1.0174 "" "" 2070659709717838080 1958.51318 0.4826 0.0233 -2.127 -2.776 0.029 0.028 1.036 "" "" 15.349457 1.573845 16.075594 14.501749 "" "" 1883.49036 2076.60254 13650.99117 4.1832 5072.0 10.991 12545.0 13.1 "" "" 0.0027753354433464484 0.003649746 0.0039457777 0.0075955237 307.38393559774 44.63221934378 1958.51318 -2.1269999999999993 -2.776 0.97
307.43088599885 44.62607235263 0.0198 0.0234 2.9765 "" "" 2070656823500106240 2098.79858 0.4483 0.0248 -2.131 -2.846 0.028 0.029 0.906 8993.6 3.4507 15.538903 1.628324 16.29341 14.665085 "" "" 1986.68372 2244.56616 11465.29763 3.8546 4150.0 11.015 10793.0 9.7714 "" "" 0.002779393819403231 0.004011197 0.0039051187 0.007916315 307.43088599885 44.62607235263 2098.79858 -2.131 -2.8460000000000005 0.94
307.41927952222 44.66962220975 0.0209 0.0251 2.8168 "" "" 2070660259473695872 2127.85181 0.4424 0.0261 -2.058 -2.827 0.028 0.033 1.09 7958.0 3.9046 15.55558 1.486975 16.227392 14.740417 "" "" 2025.87097 2248.95508 11290.53981 3.669 4410.2 10.139 10069.0 16.982 "" "" 0.0027778181552885035 0.0037437333 0.0041996287 0.007943362 307.41927952222 44.66962220975 2127.85181 -2.0579999999999994 -2.826999999999999 0.96
307.08935998373 44.60731904703 0.0199 0.0233 11.9694 "" "" 2070824052352152832 2119.42505 0.4445 0.0246 -1.97 -2.734 0.028 0.031 0.935 9326.1 3.6838 15.57534 1.427817 16.214565 14.786748 "" "" 2022.23254 2237.24072 11086.91098 3.408 4462.6 10.55 9648.5 10.515 "" "" 0.0027754593121238607 0.0037912284 0.0039602765 0.007751505 307.08935998373 44.60731904703 2119.42505 -1.9700000000000002 -2.7340000000000004 0.96
307.35041162233 44.63777336109 0.0211 0.0229 0.6976 "" "" 2070659950235987072 2290.18481 0.4118 0.0259 -1.998 -2.648 0.029 0.029 0.924 "" "" 15.630023 1.535906 16.329641 14.793736 "" "" 2157.16895 2419.09814 10542.3516 3.332 4013.8 11.148 9586.6 10.469 "" "" 0.0027766068422597854 0.004108351 0.0039610034 0.008069355 307.35041162233 44.63777336109 2290.18481 -1.9980000000000002 -2.648 0.83
307.29547099131 44.53408098286 0.0208 0.0227 7.1664 "" "" 2070657579413961728 2127.12744 0.4506 0.0256 -2.095 -2.828 0.029 0.029 1.002 7980.6 4.0895 15.720276 1.573644 16.44483 14.871186 "" "" 2028.74866 2220.03931 9701.44171 3.118 3609.8 9.9674 8926.5 10.209 "" "" 0.0027773289390282748 0.004095448 0.003978142 0.008073591 307.29547099131 44.53408098286 2127.12744 -2.095 -2.828 0.96
307.4164700392 44.60759670477 0.026 0.0289 3.038 "" "" 2070656789140087168 2050.78467 0.4602 0.0307 -2.04 -2.783 0.036 0.036 1.046 "" "" 15.89981 1.563347 16.615328 15.051981 "" "" 1933.91296 2181.80688 8222.85746 3.0928 3085.2 8.6164 7557.3 11.869 "" "" 0.0027854183005675756 0.004120639 0.00414625 0.008266889 307.4164700392 44.60759670477 2050.78467 -2.04 -2.7830000000000004 0.95
307.29353518798 44.62689012536 0.0263 0.0259 3.2039 "" "" 2070659159961962880 2169.81763 0.4401 0.0301 -2.242 -2.82 0.038 0.033 0.979 8737.3 3.5927 15.914155 1.366174 16.517502 15.151328 "" "" 2036.29016 2357.12256 8114.93022 3.054 3376.1 8.5814 6896.5 10.042 "" "" 0.0027854534963384424 0.003924433 0.0040967185 0.008021152 307.29353518798 44.62689012536 2169.81763 -2.242 -2.82 0.94
307.46465876611 44.64401522551 0.0244 0.0299 4.2463 "" "" 2070657029658305920 2063.72461 0.4519 0.0312 -2.058 -2.833 0.033 0.037 1.071 "" "" 15.935751 1.661982 16.712048 15.050065 "" "" 1957.03052 2221.1145 7955.11414 4.0102 2822.3 15.922 7570.6 15.883 "" "" 0.0028091550646978537 0.0067307395 0.00441275 0.011143489 307.46465876611 44.64401522551 2063.72461 -2.058 -2.833 0.96
307.40078919061 44.63887136064 0.026 0.0298 1.5364 "" "" 2070659812797067776 1927.91956 0.4963 0.0312 -2.064 -2.857 0.038 0.039 1.034 9344.5 3.7555 15.980662 1.615412 16.705978 15.090567 "" "" 1825.44446 2055.43848 7632.76048 3.675 2838.1 21.149 7293.4 20.253 "" "" 0.002804472227617169 0.008558305 0.004834646 0.013392951 307.40078919061 44.63887136064 1927.91956 -2.064 -2.857 0.83
307.39633185797 44.64319307652 0.0245 0.0303 1.329 "" "" 2070659847156804608 2219.10059 0.4165 0.0312 -2.082 -2.773 0.034 0.043 0.998 "" "" 15.991942 1.584457 16.723385 15.138927 "" "" 2072.55029 2411.50586 7553.87691 2.8977 2792.9 11.587 6975.7 11.814 "" "" 0.002786620878097189 0.0052985796 0.004202963 0.009501543 307.39633185797 44.64319307652 2219.10059 -2.082 -2.7730000000000006 0.96
307.39649891303 44.63156675131 0.0248 0.0319 1.4938 "" "" 2070659812797061376 2305.89355 0.4132 0.0312 -2.072 -2.645 0.034 0.042 1.005 8599.4 3.3307 16.018925 1.651196 16.795847 15.14465 "" "" 2147.84766 2521.84741 7368.45819 2.8533 2612.6 9.865 6939.0 9.2139 "" "" 0.0027872122203700077 0.004959063 0.0040450203 0.009004083 307.39649891303 44.63156675131 2305.89355 -2.072 -2.645 0.89
307.39322926615 44.63975234046 0.0255 0.0317 1.2093 "" "" 2070659812797340928 2229.2561 0.426 0.033 -2.122 -2.791 0.036 0.044 1.026 9233.8 3.6369 16.076937 1.617561 16.829428 15.211866 "" "" 2088.39502 2401.00806 6985.09027 2.8279 2533.1 10.898 6522.5 10.12 "" "" 0.002790161421996765 0.0054409723 0.0041378164 0.009578789 307.39322926615 44.63975234046 2229.2561 -2.1220000000000003 -2.7910000000000004 0.96
307.41107899696 44.6445194445 0.0276 0.0332 1.9612 "" "" 2070659842856664320 2331.31665 0.4036 0.0338 -2.01 -2.805 0.039 0.043 1.04 9284.9 3.6786 16.086466 1.628177 16.83445 15.206273 "" "" 2169.24585 2489.18555 6924.05743 2.9998 2521.4 9.5701 6556.2 14.84 "" "" 0.002795184069844628 0.0049766866 0.004508146 0.009484833 307.41107899696 44.6445194445 2331.31665 -2.01 -2.805 0.91
307.40486503503 44.60132670093 0.0261 0.0332 3.0054 "" "" 2070656686060861312 2200.59766 0.4249 0.0333 -2.03 -2.909 0.036 0.043 1.037 "" "" 16.14191 1.664844 16.921118 15.256274 "" "" 2030.76733 2418.8606 6579.34328 2.8559 2327.9 7.0108 6261.1 11.062 "" "" 0.002795335424250194 0.0042984826 0.0042383308 0.008536814 307.40486503503 44.60132670093 2200.59766 -2.03 -2.9089999999999994 0.95
307.36616365349 44.56550423805 0.0268 0.0317 4.6323 "" "" 2070655208592069504 1950.85156 0.4893 0.0325 -2.073 -2.755 0.038 0.044 0.997 9238.2 3.7364 16.15828 1.557402 16.872423 15.315022 "" "" 1828.02014 2083.67651 6480.90037 2.6214 2434.7 12.243 5931.3 10.714 "" "" 0.0027900986490085274 0.0061313203 0.0042579463 0.010389267 307.36616365349 44.56550423805 1950.85156 -2.0730000000000004 -2.755 0.9
307.27358194301 44.63840086154 0.0289 0.0306 3.9202 "" "" 2070659228681432832 2206.57642 0.423 0.0338 -1.98 -2.825 0.041 0.042 1.033 "" "" 16.198742 1.431484 16.834965 15.403481 "" "" 2087.5376 2339.44482 6243.81438 2.9029 2520.2 8.9515 5467.2 9.6116 "" "" 0.0028011778308495465 0.004759945 0.004234047 0.008993993 307.27358194301 44.63840086154 2206.57642 -1.9800000000000004 -2.825 0.95
307.4384853853 44.79728041511 0.0278 0.0366 9.7865 "" "" 2070667921695615488 2351.49658 0.4059 0.0343 -2.039 -2.862 0.036 0.048 0.918 "" "" 16.200495 1.54035 16.90806 15.36771 "" "" 2178.92017 2551.25049 6233.74425 2.7591 2356.1 11.287 5650.3 12.627 "" "" 0.002796912966973526 0.005902391 0.0044912016 0.0103935925 307.4384853853 44.79728041511 2351.49658 -2.039 -2.862 0.96
307.63100752889 44.74615441231 0.0284 0.0375 12.9248 "" "" 2070664378342288384 1901.71204 0.4963 0.0368 -2.25 -2.766 0.036 0.05 1.061 9248.3 3.5592 16.205692 1.722498 17.024826 15.302328 "" "" 1771.46423 2040.38892 6203.97443 2.9066 2115.9 11.289 6001.0 11.235 "" "" 0.0028018812781682714 0.006429695 0.0042913407 0.010721035 307.63100752889 44.74615441231 1901.71204 -2.25 -2.766 0.87
307.43552880108 44.61027850758 0.0293 0.0358 3.5781 "" "" 2070656617341409920 2098.59521 0.4494 0.037 -1.988 -2.887 0.042 0.045 0.99 "" "" 16.254875 1.633937 17.016037 15.3821 "" "" 1937.08948 2279.19409 5929.21 2.6592 2133.1 8.7444 5575.9 9.7243 "" "" 0.002798017739599885 0.0052531064 0.0042271866 0.009480293 307.43552880108 44.61027850758 2098.59521 -1.988 -2.8869999999999996 0.94
307.29731006062 44.53519854966 0.0274 0.031 7.0729 "" "" 2070657579413963264 2095.33521 0.4554 0.0339 -2.044 -2.695 0.038 0.041 0.956 9336.8 3.9655 16.26592 1.569 16.98689 15.417891 "" "" 1946.27625 2243.5144 5869.19113 2.565 2191.1 8.7729 5395.1 10.952 "" "" 0.0027958785313237427 0.0051655406 0.004375099 0.00954064 307.29731006062 44.53519854966 2095.33521 -2.0439999999999996 -2.6949999999999994 0.9
307.37181889298 44.71609462044 0.0302 0.0321 4.4123 "" "" 2070661354685275008 2430.02734 0.3959 0.0353 -2.101 -2.719 0.038 0.039 0.994 "" "" 16.311258 1.478441 16.971834 15.493393 "" "" 2251.63379 2704.81787 5629.15782 2.6985 2221.7 6.8527 5032.7 8.5187 "" "" 0.0028040484811383275 0.00435891 0.004202524 0.008561434 307.37181889298 44.71609462044 2430.02734 -2.1010000000000004 -2.7190000000000003 0.93
307.4638206603 44.58405570999 0.0303 0.0373 5.4885 "" "" 2070655792707697536 1967.72314 0.4969 0.0388 -2.183 -2.735 0.041 0.047 0.923 "" "" 16.352047 1.581619 17.08178 15.50016 "" "" 1856.08154 2122.51953 5421.60295 2.3319 2007.7 10.233 5001.4 10.455 "" "" 0.002794614097880793 0.006197475 0.004408513 0.010605988 307.4638206603 44.58405570999 1967.72314 -2.1830000000000003 -2.7350000000000003 0.9
307.38977110213 44.49017517943 0.0304 0.0341 9.2119 "" "" 2070653593684348544 2018.89697 0.4669 0.0377 -2.084 -2.876 0.04 0.044 0.961 9493.5 4.0949 16.357637 1.653198 17.12445 15.471252 "" "" 1862.02917 2238.15039 5393.76421 6.3781 1930.4 12.501 5136.4 19.476 "" "" 0.0030397584618552854 0.0075644613 0.005588577 0.013153039 307.38977110213 44.49017517943 2018.89697 -2.084 -2.8760000000000003 0.86
