Clusters/LP_1771/LP_1771_stars_in_region.tsv
# %ECSV 1.0
# ---
# datatype:
# - name: RA_ICRS_1
#   unit: deg
#   datatype: float64
#   format: '{:15.11f}'
#   description: Right ascension (ICRS) at Ep=2016.0 (ra)
#   meta: !!omap
#   - {ucd: POS_EQ_RA_MAIN}
#   - {width: 15}
#   - {precision: '11'}
# - name: DE_ICRS_1
#   unit: deg
#   datatype: float64
#   format: '{:15.11f}'
#   description: Declination (ICRS) at Ep=2016.0 (dec)
#   meta: !!omap
#   - {ucd: POS_EQ_DEC_MAIN}
#   - {width: 15}
#   - {precision: '11'}
# - name: e_RA_ICRS
#   unit: mas
#   datatype: float64
#   format: '{:7.4f}'
#   description: Standard error of right ascension (ra_error)
#   meta: !!omap
#   - {ucd: ERROR}
#   - {width: 7}
#   - {precision: '4'}
# - name: e_DE_ICRS
#   unit: mas
#   datatype: float64
#   format: '{:7.4f}'
#   description: Standard error of declination (dec_error)
#   meta: !!omap
#   - {ucd: ERROR}
#   - {width: 7}
#   - {precision: '4'}
# - name: _r_1
#   unit: ''
#   datatype: float64
#   format: '{:7.4f}'
#   description: Distance from center (307.36520769000+44.64270593000)[ICRS], at Epoch=J2016.0
#   meta: !!omap
#   - {ucd: POS_ANG_DIST_GENERAL}
#   - {width: 7}
#   - {precision: '4'}
# - name: HIP
#   datatype: int32
#   description: '? HIP cross-id number, van Leeuwen, Cat. I/311 (hip_original_ext_source_id)'
#   meta: !!omap
#   - {ucd: ID_NUMBER}
#   - {width: 6}
#   - values: {'null': -2147483648}
# - name: TYC2
#   datatype: string
#   description: Tycho-2 cross-id name, Hog et al., Cat. I/259 (tyc2_original_ext_source_id)
#   meta: !!omap
#   - {ucd: ID_CROSSID}
#   - {_votable_string_dtype: char}
# - name: Source
#   datatype: int64
#   description: Source identifier, identical to the Gaia-EDR3 source_id (id)
#   meta: !!omap
#   - {ucd: ID_MAIN}
#   - {width: 19}
# - name: rgeo
#   unit: pc
#   datatype: float64
#   format: '{:15.8f}'
#   description: '? Median of the geometric distance posterior (r_med_geo)'
#   meta: !!omap
#   - {ucd: PHYS_DISTANCE_TRUE}
#   - {width: 15}
#   - {precision: '8'}
#   - values: {'null': .nan}
# - name: Plx
#   unit: mas
#   datatype: float64
#   format: '{:9.4f}'
#   description: '? Parallax (parallax)'
#   meta: !!omap
#   - {ucd: POS_PARLX_TRIG}
#   - {width: 9}
#   - {precision: '4'}
#   - values: {'null': .nan}
# - name: e_Plx
#   unit: mas
#   datatype: float32
#   format: '{:7.4f}'
#   description: '? Standard error of parallax (parallax_error)'
#   meta: !!omap
#   - {ucd: ERROR}
#   - {width: 7}
#   - {precision: '4'}
#   - values: {'null': .nan}
# - name: pmRA
#   unit: mas / yr
#   datatype: float64
#   format: '{:9.3f}'
#   description: '? Proper motion in right ascension direction, pmRA*cosDE (pmra)'
#   meta: !!omap
#   - {ucd: POS_EQ_PMRA}
#   - {width: 9}
#   - {precision: '3'}
#   - values: {'null': .nan}
# - name: pmDE
#   unit: mas / yr
#   datatype: float64
#   format: '{:9.3f}'
#   description: '? Proper motion in declination direction (pmdec)'
#   meta: !!omap
#   - {ucd: POS_EQ_PMDEC}
#   - {width: 9}
#   - {precision: '3'}
#   - values: {'null': .nan}
# - name: e_pmRA
#   unit: mas / yr
#   datatype: float32
#   format: '{:6.3f}'
#   description: '? Standard error of proper motion in right ascension direction (pmra_error)'
#   meta: !!omap
#   - {ucd: ERROR}
#   - {width: 6}
#   - {precision: '3'}
#   - values: {'null': .nan}
# - name: e_pmDE
[...]
#         value: !astropy.table.SerializedColumn {name: SkyCoord.dec}
#       distance: !astropy.table.SerializedColumn
#         __class__: astropy.coordinates.distances.Distance
#         unit: !astropy.units.Unit {unit: pc}
#         value: !astropy.table.SerializedColumn {name: SkyCoord.distance}
#       frame: icrs
#       obstime: !astropy.time.Time {format: jyear_str, in_subfmt: '*', jd1: 367701545.0, jd2: 0.0, out_subfmt: '*', precision: 3, scale: tt}
#       pm_dec: !astropy.table.SerializedColumn
#         __class__: astropy.units.quantity.Quantity
#         unit: !astropy.units.Unit {unit: mas / yr}
#         value: !astropy.table.SerializedColumn {name: SkyCoord.pm_dec}
#       pm_ra_cosdec: !astropy.table.SerializedColumn
#         __class__: astropy.units.quantity.Quantity
#         unit: !astropy.units.Unit {unit: mas / yr}
#         value: !astropy.table.SerializedColumn {name: SkyCoord.pm_ra_cosdec}
#       ra: !astropy.table.SerializedColumn
#         __class__: astropy.coordinates.angles.Longitude
#         unit: *id001
#         value: !astropy.table.SerializedColumn {name: SkyCoord.ra}
#         wrap_angle: !astropy.coordinates.Angle
#           unit: *id001
#           value: 360.0
#       representation_type: spherical
# schema: astropy-2.0
RA_ICRS_1 DE_ICRS_1 e_RA_ICRS e_DE_ICRS _r_1 HIP TYC2 Source rgeo Plx e_Plx pmRA pmDE e_pmRA e_pmDE RUWE Teff logg Gmag BP-RP BPmag RPmag RV e_RV b_rgeo B_rgeo FG e_FG FBP e_FBP FRP e_FRP RAVE5 RAVE6 e_Gmag e_BPmag e_RPmag e_BP-RP SkyCoord.ra SkyCoord.dec SkyCoord.distance SkyCoord.pm_ra_cosdec SkyCoord.pm_dec rmRA rmDE e_rmRA e_rmDE rRV e_rRV v_pec v_pec3d e_vpec e_vpec3d
[from data line 30]
306.88571735615 44.6181371848 0.0115 0.0144 20.5268 "" "" 2070825942137939072 2397.42896 0.3684 0.0147 -0.622 -2.581 0.016 0.019 1.029 "" "" 14.157799 3.04542 15.943771 12.898352 -5.89 0.96 2296.87231 2495.65283 40909.80242 17.684 5726.7 11.478 54931.0 35.105 "" "" 0.0027950061127181816 0.0035384484 0.0038425482 0.007380997 306.88571735615 44.6181371848 2397.42896 -0.6220000000000001 -2.581 1.4464254169464112 0.21585115814208988 0.13839607 0.14139606 23.68 3.13 16.618924046045446 28.929760393895894 2.3010913860913513 2.8829278687670192
307.20117909794 44.60715790899 0.012 0.0139 7.3221 "" "" 2070658919443737088 1689.40186 0.5538 0.015 -3.272 -3.729 0.017 0.016 0.952 "" "" 14.194571 2.225697 15.357051 13.131354 -12.25 1.58 1650.37146 1728.94629 39547.45659 11.503 9831.0 9.9766 44322.0 29.278 "" "" 0.002773359195553054 0.0029998412 0.003846832 0.0068466733 307.20117909794 44.60715790899 1689.40186 -3.2719999999999994 -3.729 -1.2035745830535887 -0.9321488418579102 0.13939607 0.13839607 17.32 3.75 12.190472741524829 21.179943948506093 1.6947436814892634 3.217979920614689
307.38256198296 44.30416942261 0.0122 0.0132 20.3258 "" "" 2070617000563409152 1839.16528 0.5162 0.0147 -3.413 -4.04 0.017 0.016 1.0 "" "" 14.197973 1.745998 15.027383 13.281384 "" "" 1795.00281 1889.51697 39423.71605 9.1449 13319.0 20.785 38602.0 21.644 "" "" 0.0027668066307223065 0.0032643322 0.003828097 0.0070924293 307.38256198296 44.30416942261 1839.16528 -3.4129999999999994 -4.039999999999999 -1.3445745830535887 -1.2431488418579102 0.13939607 0.13839607 "" "" 15.963763907389554 "" 2.21794309123851 ""
307.355701056 44.34895732383 0.0169 0.0178 17.6296 "" "" 2070629060831081856 1794.30505 0.5239 0.0208 0.755 -1.763 0.023 0.022 1.373 "" "" 14.203193 2.558292 15.606012 13.04772 -10.21 1.98 1735.45569 1856.5531 39234.64203 13.376 7816.5 11.54 47871.0 26.923 "" "" 0.002780072372514177 0.0032178364 0.0038283928 0.007046229 307.355701056 44.34895732383 1794.30505 0.7550000000000001 -1.763 2.823425416946411 1.03385115814209 0.14539607 0.14439607 19.36 4.15 25.57247431979309 32.0743050249959 3.7151230234587356 3.8792116574794915
307.80429020352 44.79711098246 0.0118 0.0136 20.8865 "" "" 2070746708578483840 1931.59338 0.4819 0.0145 -0.966 -3.387 0.015 0.016 1.044 "" "" 14.211147 2.388187 15.493277 13.10509 -52.86 1.32 1877.45947 1986.36108 38948.23672 11.083 8671.7 11.81 45407.0 21.846 "" "" 0.0027725875964588376 0.0031577682 0.00381531 0.0069730785 307.80429020352 44.79711098246 1931.59338 -0.9659999999999993 -3.3870000000000005 1.1024254169464112 -0.5901488418579102 0.13739607 0.13839607 -23.29 3.4900002 11.448782503419421 25.95185389929981 1.5755749676605262 3.2082341873586686
307.81595766384 44.76977152703 0.0126 0.0145 20.6782 "" "" 2070745849585021952 1712.65442 0.5488 0.0158 4.311 6.833 0.016 0.018 1.198 "" "" 14.217561 2.488974 15.573361 13.084388 -77.8 1.31 1666.5022 1750.34875 38718.83704 12.394 8055.1 14.192 46281.0 29.611 "" "" 0.002777152909680746 0.0033829445 0.0038426924 0.007225637 307.81595766384 44.76977152703 1712.65442 4.311 6.833 6.379425416946411 9.62985115814209 0.13839607 0.14039606 -48.23 3.48 93.77274252307092 105.44885082492911 13.108405963756379 11.765106792641017
307.13412361795 44.850966382 0.0113 0.0131 15.9094 "" "" 2070853498648546816 1952.11145 0.4747 0.0139 1.903 0.371 0.015 0.016 1.003 "" "" 14.220661 2.431372 15.531222 13.099851 -83.88 1.65 1898.78943 2003.23657 38608.42878 13.382 8373.9 14.448 45627.0 24.595 "" "" 0.0027809009335051705 0.003360692 0.0038244291 0.007185121 307.13412361795 44.850966382 1952.11145 1.903 0.3709999999999999 3.971425416946411 3.16785115814209 0.13739607 0.13839607 -54.309999999999995 3.8200002 47.006284549095376 71.82734080495061 6.476797669774931 5.129207236803913
307.35744286804 44.97995866117 0.0115 0.0134 20.2379 "" "" 2070858790048414592 2378.17944 0.3811 0.0148 -1.265 -1.771 0.015 0.016 1.027 "" "" 14.228204 2.540156 15.621183 13.081027 6.36 1.42 2309.46826 2446.0293 38341.1522 12.43 7708.0 16.105 46425.0 16.726 "" "" 0.0027777124293685684 0.0035960046 0.0037995712 0.0073955758 307.35744286804 44.97995866117 2378.17944 -1.2649999999999992 -1.7710000000000008 0.8034254169464112 1.02585115814209 0.13739607 0.13839607 35.93 3.5900002 14.688392999425536 38.81641133471219 2.0272441616624923 3.410441282391167
307.3538596351 44.69080458128 0.0119 0.013 2.9263 "" "" 2070660946668425856 2052.34155 0.4508 0.0143 -5.353 -2.008 0.016 0.017 0.946 4763.3 2.5876 14.239172 2.341573 15.488662 13.147089 -29.08 1.51 1992.25525 2104.15259 37955.79188 10.103 8708.7 13.258 43684.0 25.473 "" "" 0.0027704349707486585 0.0032430165 0.0038320438 0.00707506 307.3538596351 44.69080458128 2052.34155 -5.353 -2.008000000000002 -3.2845745830535886 0.7888511581420898 0.13839607 0.13939607 0.490000000000002 3.68 32.86127682704117 32.864929860010854 4.549669768854855 4.549494920332113
307.26116882645 44.58882323013 0.0118 0.013 5.4952 "" "" 2070658713285330176 1981.74341 0.4702 0.0145 -5.598 -5.248 0.017 0.016 0.924 "" "" 14.243816 2.311209 15.469147 13.157938 -24.52 1.39 1925.29102 2035.33899 37793.76658 9.79 8866.6 12.209 43250.0 22.373 "" "" 0.002769636960075779 0.0031654597 0.0038208864 0.006986346 307.26116882645 44.58882323013 1981.74341 -5.598000000000004 -5.248000000000006 -3.5295745830535887 -2.4511488418579104 0.13939607 0.13839607 5.050000000000001 3.56 40.3657012811519 40.68036799144261 5.613718571183459 5.587799317862575
307.10821764729 44.73309655774 0.0122 0.0139 12.2306 "" "" 2070851127826541568 2376.71509 0.3943 0.0147 -2.028 -3.474 0.017 0.018 0.976 "" "" 14.246558 1.167048 14.736389 13.569341 "" "" 2285.49829 2473.13623 37698.44955 7.3177 17412.0 17.379 29609.0 28.635 "" "" 0.002763368698881137 0.0029932267 0.0039225337 0.00691576 307.10821764729 44.73309655774 2376.71509 -2.028 -3.474000000000001 0.04042541694641111 -0.6771488418579104 0.13939607 0.14039606 "" "" 7.6420899922505825 "" 1.0728922708569162 ""
307.31754256913 44.56986829703 0.0117 0.0124 4.8213 "" "" 2070658094810064128 1782.19312 0.5211 0.0143 -2.543 -6.096 0.017 0.016 1.009 5099.0 2.8185 14.248589 2.41195 15.546072 13.134122 -4.08 1.4 1751.85522 1824.3999 37627.99436 11.215 8260.2 12.717 44209.0 22.01 "" "" 0.002774258151033897 0.0032525552 0.003817842 0.007070397 307.31754256913 44.56986829703 1782.19312 -2.543 -6.096 -0.474574583053589 -3.2991488418579102 0.13939607 0.13839607 25.490000000000002 3.5700002 28.156741658013676 37.98081358786464 3.897355205654533 3.7534454953568916
307.20111982117 44.88837707564 0.0113 0.0125 16.3137 "" "" 2070853945325194496 1852.68115 0.5057 0.0136 -5.032 -9.693 0.015 0.016 1.034 4951.3 2.8971 14.258161 2.185069 15.393892 13.208823 -3.24 1.68 1810.58313 1892.86316 37297.7463 8.2881 9503.0 12.629 41269.0 18.263 "" "" 0.002765863126993451 0.0031411739 0.003809801 0.006950975 307.20111982117 44.88837707564 1852.68115 -5.0320000000000045 -9.693000000000008 -2.963574583053589 -6.89614884185791 0.13739607 0.13839607 26.33 3.85 65.91527532980491 70.9795211438059 9.112170853086502 8.581707681733707
307.31956341694 44.35129020785 0.013 0.0141 17.5937 "" "" 2070629198270019200 1729.75024 0.5478 0.016 0.072 -3.725 0.018 0.017 1.048 8462.0 3.3705 14.258973 1.88119 15.176632 13.295442 -14.2 5.27 1684.14099 1776.79431 37269.83791 10.846 11608.0 17.285 38105.0 25.162 "" "" 0.002773377380736974 0.0032247247 0.0038467832 0.007071508 307.31956341694 44.35129020785 1729.75024 0.07199999999999895 -3.724999999999998 2.140425416946411 -0.9281488418579102 0.14039606 0.13939607 15.370000000000001 7.44 19.128291010028853 24.538305095591884 2.6825183002766724 5.10782948433364
307.53573942401 44.33919670917 0.0135 0.0159 19.6189 "" "" 2070640021587720320 1988.40344 0.4679 0.0171 -3.28 -2.906 0.019 0.019 1.069 6164.7 3.1029 14.273088 2.251367 15.454451 13.203084 9.92 3.95 1927.35974 2065.77612 36788.43081 12.02 8987.5 15.673 41488.0 37.97 "" "" 0.002778063020356236 0.003371933 0.0039078263 0.0072797593 307.53573942401 44.33919670917 1988.40344 -3.2800000000000002 -2.9060000000000006 -1.2115745830535887 -0.1091488418579103 0.14139606 0.14139606 39.49 6.12 11.46537433808709 41.12073575110818 1.6211587645490524 5.894653761417316
307.39091147706 44.6295429525 0.0115 0.0133 1.3521 "" "" 2070659812797056384 2138.03076 0.441 0.0144 -1.951 -2.791 0.016 0.018 0.977 "" "" 14.27725 1.585881 15.005301 13.419419 "" "" 2080.98145 2210.46606 36647.69598 8.5588 13592.0 15.275 33993.0 18.141 "" "" 0.0027669631311774668 0.0030453037 0.0038235402 0.006868844 307.39091147706 44.6295429525 2138.03076 -1.9509999999999996 -2.7910000000000004 0.11742541694641107 0.005851158142089918 0.13839607 0.14039606 "" "" 1.1914968229646714 "" 0.16490442160014449 ""
307.35984086396 44.53911162314 0.0121 0.0138 6.2199 "" "" 2070655002433623936 1832.68433 0.5194 0.0147 -2.612 -4.171 0.017 0.018 1.009 "" "" 14.308558 1.38635 14.920872 13.534522 "" "" 1788.35938 1887.59119 35606.00211 10.66 14692.0 23.644 30574.0 22.808 "" "" 0.002774428022173888 0.003292121 0.003865197 0.0071573183 307.35984086396 44.53911162314 1832.68433 -2.612 -4.170999999999999 -0.543574583053589 -1.3741488418579104 0.13939607 0.14039606 "" "" 12.837140638263877 "" 1.8005523962719163 ""
307.11996500339 44.90923584996 0.0116 0.0139 19.1008 "" "" 2070854529440711040 2091.7666 0.4451 0.0145 -4.979 -9.575 0.016 0.017 1.014 4783.2 2.4174 14.315048 2.346998 15.567265 13.220266 -52.09 1.68 2027.67505 2160.53052 35393.82244 9.5065 8100.5 9.6355 40837.0 19.511 "" "" 0.002770709603766515 0.0030745668 0.0038148155 0.0068893824 307.11996500339 44.90923584996 2091.7666 -4.979000000000004 -9.575000000000008 -2.910574583053589 -6.7781488418579094 0.13839607 0.13939607 -22.520000000000003 3.85 73.139143381785 76.52767273752225 10.183957242387244 9.798744329268684
307.49550169132 44.68003509264 0.0133 0.0167 5.9946 "" "" 2070663076972291584 2055.00439 0.4377 0.0169 -1.276 -5.748 0.018 0.02 1.065 "" "" 14.325837 2.915479 16.010014 13.094535 -24.02 6.04 1983.28186 2132.73975 35043.85144 14.366 5387.8 12.851 45851.0 21.637 "" "" 0.002791038331744065 0.003806784 0.003813953 0.007620737 307.49550169132 44.68003509264 2055.00439 -1.2760000000000007 -5.748000000000003 0.7924254169464111 -2.9511488418579104 0.14039606 0.14239606 5.550000000000001 8.21 29.764585157284664 30.277599468670736 4.234382570720598 4.4263235603969076
307.39679133102 44.77300190792 0.0536 0.0612 7.9329 "" "" 2070667406299531904 2136.64697 0.4655 0.066 -2.191 -2.256 0.073 0.083 4.647 "" "" 14.346941 1.261877 14.874172 13.612295 "" "" 1845.59607 2484.23486 34369.25887 21.983 15337.0 19.427 28460.0 20.243 "" "" 0.0028414873585582965 0.003110696 0.0038574752 0.0069681713 307.39679133102 44.77300190792 2136.64697 -2.191000000000001 -2.2560000000000002 -0.1225745830535887 0.5408511581420901 0.19539607 0.20539606 "" "" 5.6164913956138065 "" 1.1509250301626712 ""
307.07066895905 44.57542003604 0.0122 0.0154 13.2131 "" "" 2070823536956072064 2009.03113 0.46 0.0158 5.006 0.526 0.017 0.019 1.01 "" "" 14.358589 2.291716 15.567845 13.27613 -55.66 3.85 1950.45703 2074.48706 34002.51101 12.514 8096.2 11.111 38789.0 26.104 "" "" 0.002784143996691002 0.0031631077 0.0038493648 0.0070124725 307.07066895905 44.57542003604 2009.03113 5.006 0.526 7.074425416946411 3.3228511581420896 0.13939607 0.14139606 -26.089999999999996 6.02 74.42964175458592 78.86989078042392 10.402262405272214 10.016583527403935
307.49613097365 44.63353019734 0.0121 0.0151 5.6166 "" "" 2070657064018056576 2251.66919 0.4163 0.0156 -1.493 -3.064 0.016 0.018 0.992 "" "" 14.399808 1.44526 15.045291 13.600031 "" "" 2177.4043 2312.93286 32735.83787 7.5622 13101.0 16.745 28784.0 16.498 "" "" 0.002766712176113108 0.0031162226 0.0038302732 0.0069464957 307.49613097365 44.63353019734 2251.66919 -1.4929999999999986 -3.063999999999998 0.575425416946411 -0.2671488418579102 0.13839607 0.14039606 "" "" 6.771059831917471 "" 0.9395035874288932 ""
307.36179739896 44.57626053064 0.0132 0.0143 3.9894 "" "" 2070655208592071552 1956.3136 0.4679 0.016 -3.477 -7.457 0.019 0.019 1.095 "" "" 14.40462 2.565228 15.817421 13.252192 8.22 1.28 1889.12585 2027.06262 32591.06775 11.305 6433.5 11.928 39653.0 24.339 "" "" 0.0027809400189287986 0.0034405282 0.003837688 0.007278216 307.36179739896 44.57626053064 1956.3136 -3.4770000000000008 -7.457000000000002 -1.4085745830535887 -4.66014884185791 0.14139606 0.14139606 37.79 3.45 45.14407808252839 58.87335463451544 6.3831947996552 5.372287556304795
307.08282706108 44.86035535002 0.0125 0.0141 17.757 "" "" 2070852875867766016 2453.85767 0.3851 0.0151 -2.629 -4.501 0.016 0.018 1.002 7160.1 3.2971 14.422372 1.336056 15.006089 13.670033 "" "" 2367.07227 2531.41455 32062.55189 7.5274 13583.0 14.823 26986.0 16.718 "" "" 0.002767085800676501 0.0030313241 0.0038387687 0.006870093 307.08282706108 44.86035535002 2453.85767 -2.6289999999999987 -4.5009999999999994 -0.5605745830535889 -1.7041488418579105 0.13839607 0.14039606 "" "" 20.866302697107578 "" 2.925498099351453 ""
307.38934076968 44.62254815698 0.0126 0.014 1.5889 "" "" 2070659709717837440 1993.37305 0.4731 0.0153 -2.145 -2.793 0.017 0.018 1.064 "" "" 14.427813 1.582157 15.154105 13.571948 "" "" 1933.25732 2066.95972 31902.28103 8.1575 11852.0 16.855 29538.0 18.164 "" "" 0.0027692716415754198 0.0031889088 0.0038379026 0.007026811 307.38934076968 44.62254815698 1993.37305 -2.145 -2.793 -0.07657458305358888 0.0038511581420896945 0.13939607 0.14039606 "" "" 0.7244361576256085 "" 0.10098538864185712 ""
307.1219893217 44.33925197828 0.0173 0.0199 20.9732 "" "" 2070631362933446400 2314.29199 0.3759 0.0217 2.383 -5.359 0.024 0.025 1.038 "" "" 14.431701 3.435484 16.532768 13.097284 -30.16 1.18 2186.34473 2432.77222 31788.22608 14.286 3329.0 11.575 45735.0 30.349 "" "" 0.0027981917920401017 0.0046943184 0.0038474426 0.008541761 307.1219893217 44.33925197828 2314.29199 2.383 -5.359 4.451425416946411 -2.56214884185791 0.14639607 0.14739607 -0.5899999999999999 3.35 56.34199249701078 56.34508158245242 8.26230294872962 8.261924441358588
307.6382438523 44.35384236211 0.0139 0.0173 20.9028 "" "" 2070637307168466944 2285.44556 0.3886 0.0183 -0.889 -3.438 0.02 0.021 1.037 "" "" 14.439062 3.037294 16.216784 13.179489 -42.88 1.5 2192.87231 2398.69604 31573.45095 13.644 4453.5 13.382 42400.0 39.597 "" "" 0.002794981899871181 0.004292858 0.0039130347 0.0082058925 307.6382438523 44.35384236211 2285.44556 -0.8890000000000006 -3.437999999999999 1.1794254169464111 -0.6411488418579103 0.14239606 0.14339606 -13.310000000000002 3.67 14.54255154951467 19.71400277899675 2.0741282940961407 2.9121447723485994
307.69705957492 44.60181193566 0.025 0.0339 14.3826 "" "" 2070649539235453440 2227.40063 0.3953 0.0332 -0.906 -3.772 0.037 0.043 1.095 "" "" 14.446743 4.145337 17.153545 13.008208 -18.56 0.86 2091.71094 2431.23853 31350.87623 18.426 1879.3 8.6496 49645.0 48.07 "" "" 0.002828249073316898 0.0057233525 0.003922874 0.009646227 307.69705957492 44.60181193566 2227.40063 -0.906 -3.7719999999999994 1.162425416946411 -0.97514884185791 0.15939607 0.16539606 11.010000000000002 3.0300002 16.019291734036408 19.438050510793698 2.5935450612351967 2.741152828822941
