Clusters/LP_1771/LP_1771_stars_in_region.tsv
# %ECSV 1.0
# ---
# datatype:
# - name: RA_ICRS_1
#   unit: deg
#   datatype: float64
#   format: '{:15.11f}'
#   description: Right ascension (ICRS) at Ep=2016.0 (ra)
#   meta: !!omap
#   - {ucd: POS_EQ_RA_MAIN}
#   - {width: 15}
#   - {precision: '11'}
# - name: DE_ICRS_1
#   unit: deg
#   datatype: float64
#   format: '{:15.11f}'
#   description: Declination (ICRS) at Ep=2016.0 (dec)
#   meta: !!omap
#   - {ucd: POS_EQ_DEC_MAIN}
#   - {width: 15}
#   - {precision: '11'}
# - name: e_RA_ICRS
#   unit: mas
#   datatype: float64
#   format: '{:7.4f}'
#   description: Standard error of right ascension (ra_error)
#   meta: !!omap
#   - {ucd: ERROR}
#   - {width: 7}
#   - {precision: '4'}
# - name: e_DE_ICRS
#   unit: mas
#   datatype: float64
#   format: '{:7.4f}'
#   description: Standard error of declination (dec_error)
#   meta: !!omap
#   - {ucd: ERROR}
#   - {width: 7}
#   - {precision: '4'}
# - name: _r_1
#   unit: ''
#   datatype: float64
#   format: '{:7.4f}'
#   description: Distance from center (307.36520769000+44.64270593000)[ICRS], at Epoch=J2016.0
#   meta: !!omap
#   - {ucd: POS_ANG_DIST_GENERAL}
#   - {width: 7}
#   - {precision: '4'}
# - name: HIP
#   datatype: int32
#   description: '? HIP cross-id number, van Leeuwen, Cat. I/311 (hip_original_ext_source_id)'
#   meta: !!omap
#   - {ucd: ID_NUMBER}
#   - {width: 6}
#   - values: {'null': -2147483648}
# - name: TYC2
#   datatype: string
#   description: Tycho-2 cross-id name, Hog et al., Cat. I/259 (tyc2_original_ext_source_id)
#   meta: !!omap
#   - {ucd: ID_CROSSID}
#   - {_votable_string_dtype: char}
# - name: Source
#   datatype: int64
#   description: Source identifier, identical to the Gaia-EDR3 source_id (id)
#   meta: !!omap
#   - {ucd: ID_MAIN}
#   - {width: 19}
# - name: rgeo
#   unit: pc
#   datatype: float64
#   format: '{:15.8f}'
#   description: '? Median of the geometric distance posterior (r_med_geo)'
#   meta: !!omap
#   - {ucd: PHYS_DISTANCE_TRUE}
#   - {width: 15}
#   - {precision: '8'}
#   - values: {'null': .nan}
# - name: Plx
#   unit: mas
#   datatype: float64
#   format: '{:9.4f}'
#   description: '? Parallax (parallax)'
#   meta: !!omap
#   - {ucd: POS_PARLX_TRIG}
#   - {width: 9}
#   - {precision: '4'}
#   - values: {'null': .nan}
# - name: e_Plx
#   unit: mas
#   datatype: float32
#   format: '{:7.4f}'
#   description: '? Standard error of parallax (parallax_error)'
#   meta: !!omap
#   - {ucd: ERROR}
#   - {width: 7}
#   - {precision: '4'}
#   - values: {'null': .nan}
# - name: pmRA
#   unit: mas / yr
#   datatype: float64
#   format: '{:9.3f}'
#   description: '? Proper motion in right ascension direction, pmRA*cosDE (pmra)'
#   meta: !!omap
#   - {ucd: POS_EQ_PMRA}
#   - {width: 9}
#   - {precision: '3'}
#   - values: {'null': .nan}
# - name: pmDE
#   unit: mas / yr
#   datatype: float64
#   format: '{:9.3f}'
#   description: '? Proper motion in declination direction (pmdec)'
#   meta: !!omap
#   - {ucd: POS_EQ_PMDEC}
#   - {width: 9}
#   - {precision: '3'}
#   - values: {'null': .nan}
# - name: e_pmRA
#   unit: mas / yr
#   datatype: float32
#   format: '{:6.3f}'
#   description: '? Standard error of proper motion in right ascension direction (pmra_error)'
#   meta: !!omap
#   - {ucd: ERROR}
#   - {width: 6}
#   - {precision: '3'}
#   - values: {'null': .nan}
# - name: e_pmDE
[...]
#         value: !astropy.table.SerializedColumn {name: SkyCoord.dec}
#       distance: !astropy.table.SerializedColumn
#         __class__: astropy.coordinates.distances.Distance
#         unit: !astropy.units.Unit {unit: pc}
#         value: !astropy.table.SerializedColumn {name: SkyCoord.distance}
#       frame: icrs
#       obstime: !astropy.time.Time {format: jyear_str, in_subfmt: '*', jd1: 367701545.0, jd2: 0.0, out_subfmt: '*', precision: 3, scale: tt}
#       pm_dec: !astropy.table.SerializedColumn
#         __class__: astropy.units.quantity.Quantity
#         unit: !astropy.units.Unit {unit: mas / yr}
#         value: !astropy.table.SerializedColumn {name: SkyCoord.pm_dec}
#       pm_ra_cosdec: !astropy.table.SerializedColumn
#         __class__: astropy.units.quantity.Quantity
#         unit: !astropy.units.Unit {unit: mas / yr}
#         value: !astropy.table.SerializedColumn {name: SkyCoord.pm_ra_cosdec}
#       ra: !astropy.table.SerializedColumn
#         __class__: astropy.coordinates.angles.Longitude
#         unit: *id001
#         value: !astropy.table.SerializedColumn {name: SkyCoord.ra}
#         wrap_angle: !astropy.coordinates.Angle
#           unit: *id001
#           value: 360.0
#       representation_type: spherical
# schema: astropy-2.0
RA_ICRS_1 DE_ICRS_1 e_RA_ICRS e_DE_ICRS _r_1 HIP TYC2 Source rgeo Plx e_Plx pmRA pmDE e_pmRA e_pmDE RUWE Teff logg Gmag BP-RP BPmag RPmag RV e_RV b_rgeo B_rgeo FG e_FG FBP e_FBP FRP e_FRP RAVE5 RAVE6 e_Gmag e_BPmag e_RPmag e_BP-RP SkyCoord.ra SkyCoord.dec SkyCoord.distance SkyCoord.pm_ra_cosdec SkyCoord.pm_dec rmRA rmDE e_rmRA e_rmDE rRV e_rRV v_pec v_pec3d e_vpec e_vpec3d
[from data line 181]
307.74673335094 44.44699596765 0.0219 0.0277 20.1013 "" "" 2070644557073360768 1838.75146 0.5165 0.0288 -2.373 -4.304 0.03 0.032 1.04 8597.8 3.6255 15.648307 1.499623 16.329483 14.82986 "" "" 1750.36951 1941.11951 10366.30316 3.4768 4014.4 10.065 9272.9 12.611 "" "" 0.002779279490885865 0.003898119 0.004057589 0.007955708 307.74673335094 44.44699596765 1838.75146 -2.373 -4.304 -0.3045745830535891 -1.5071488418579104 0.15239607 0.15439607 "" "" 13.401372948650447 "" 2.0680742395304073 ""
307.14467962687 44.83097427951 0.0212 0.0245 14.695 "" "" 2070853292490115840 1715.72009 0.5566 0.025 -7.179 -5.716 0.031 0.032 0.974 7516.0 4.2359 15.648623 1.714806 16.463894 14.749088 "" "" 1647.15479 1783.04895 10363.29207 3.7091 3547.0 12.034 9989.0 10.833 "" "" 0.002782587646433929 0.0046210387 0.0039585563 0.008579595 307.14467962687 44.83097427951 1715.72009 -7.179 -5.716 -5.110574583053589 -2.9191488418579103 0.15339607 0.15439607 "" "" 47.86410852913825 "" 7.353969818655184 ""
307.24974644153 44.59137807455 0.3056 0.3211 5.8139 "" "" 2070658782006247040 1924.10522 0.8949 0.3598 -0.319 2.044 0.454 0.409 11.249 "" "" 15.651231 1.470829 16.143208 14.672379 "" "" 1218.91138 3129.23193 10338.42361 21.781 4765.8 9.0529 10720.0 12.374 "" "" 0.0035810786883741226 0.0034696697 0.0039817556 0.0074514253 307.24974644153 44.59137807455 1924.10522 -0.31899999999999984 2.0440000000000005 1.7494254169464112 4.84085115814209 0.57639605 0.5313961 "" "" 46.94438174692502 "" 25.199134200134107 ""
306.88099158951 44.58770974398 0.0203 0.0247 20.9426 "" "" 2070825839058705152 1723.99048 0.5501 0.0257 -2.767 -6.605 0.028 0.031 1.009 8378.3 3.8121 15.656997 1.677808 16.448034 14.770226 "" "" 1644.12976 1805.40576 10283.6642 3.4067 3599.2 10.815 9796.4 8.7329 "" "" 0.002778696732206543 0.0042928634 0.0039013454 0.008194209 306.88099158951 44.58770974398 1723.99048 -2.7670000000000003 -6.605000000000002 -0.6985745830535888 -3.8081488418579106 0.15039606 0.15339607 "" "" 31.638368498056256 "" 4.850140628831513 ""
307.14360684991 44.34464547159 0.0242 0.0259 20.243 "" "" 2070631191134762752 2464.47827 0.3681 0.0297 -2.001 -4.547 0.033 0.032 1.084 "" "" 15.658916 2.326578 16.875446 14.548868 "" "" 2297.58594 2645.47656 10265.49901 4.397 2427.9 10.874 12012.0 10.658 "" "" 0.0027942909524469963 0.005606379 0.0039002274 0.0095066065 307.14360684991 44.34464547159 2464.47827 -2.001 -4.546999999999999 0.06742541694641124 -1.7501488418579099 0.15539607 0.15439607 "" "" 20.459752437097286 "" 3.158935830807447 ""
307.06007878334 44.73285253297 0.025 0.0256 14.095 "" "" 2070851265265470976 1745.59741 0.5492 0.0275 -2.443 -1.692 0.037 0.036 1.039 7494.8 3.8409 15.660418 1.922616 16.61326 14.690644 "" "" 1642.73804 1821.3772 10251.31526 3.7468 3091.1 7.8457 10541.0 10.767 "" "" 0.0027837499830030456 0.003921647 0.003938736 0.007860383 307.06007878334 44.73285253297 1745.59741 -2.442999999999999 -1.692 -0.3745745830535889 1.10485115814209 0.15939607 0.15839607 "" "" 9.652767464333774 "" 1.529958309189097 ""
307.71609385965 44.49507457822 0.0234 0.0306 17.4188 "" "" 2070645484786298496 1962.06055 0.4661 0.0296 1.298 -4.238 0.032 0.036 0.97 "" "" 15.660623 2.803837 17.25752 14.453684 8.41 7.27 1870.62598 2076.01367 10249.38379 5.809 1707.7 8.4914 13112.0 12.467 "" "" 0.002823199421881866 0.00607712 0.0039178343 0.009994954 307.71609385965 44.49507457822 1962.06055 1.2979999999999987 -4.238000000000001 3.366425416946411 -1.4411488418579106 0.15439607 0.15839607 37.980000000000004 9.440001 34.05655897727368 51.01303372053579 5.279527777006819 7.8625103229184825
307.3731865091 44.65512992874 0.0227 0.0234 0.8196 "" "" 2070660087674963072 1957.34448 0.4886 0.0266 -1.443 -4.091 0.032 0.029 0.97 "" "" 15.667331 1.707493 16.474806 14.767313 "" "" 1873.10596 2068.73218 10186.25098 57.509 3511.5 63.296 9822.7 167.14 "" "" 0.006720575670386266 0.019768665 0.018857162 0.03862583 307.3731865091 44.65512992874 1957.34448 -1.443 -4.091 0.6254254169464111 -1.2941488418579103 0.15439607 0.15139607 "" "" 13.335474459655245 "" 2.0265735148457784 ""
307.49828600973 44.72927284103 0.0222 0.0272 7.6945 "" "" 2070663484989422464 1774.13428 0.5278 0.0274 -2.722 -3.585 0.03 0.033 0.974 "" "" 15.668486 1.862759 16.57445 14.711691 "" "" 1699.42505 1861.95532 10175.42321 3.8652 3203.6 10.691 10339.0 12.299 "" "" 0.002786015589457213 0.004573112 0.0039939783 0.00856709 307.49828600973 44.72927284103 1774.13428 -2.7219999999999995 -3.5849999999999986 -0.6535745830535888 -0.7881488418579101 0.15239607 0.15539607 "" "" 8.610246049179723 "" 1.3275340007347942 ""
307.10727913815 44.71681566201 0.0249 0.025 11.8684 "" "" 2070848172889034752 1701.9458 0.5574 0.0275 -2.976 -2.69 0.036 0.031 0.982 6469.5 3.8573 15.690319 2.048535 16.728363 14.679828 "" "" 1621.39539 1780.74561 9972.84345 3.5537 2780.2 8.5229 10647.0 15.322 "" "" 0.0027823501361088124 0.00434319 0.004089627 0.008432817 307.10727913815 44.71681566201 1701.9458 -2.9759999999999995 -2.6900000000000004 -0.9075745830535888 0.1068511581420899 0.15839607 0.15339607 "" "" 7.372174315467805 "" 1.1672273101908952 ""
307.26889393506 44.49597018997 0.0223 0.0242 9.7191 "" "" 2070634042993153664 1695.9408 0.5591 0.0279 1.645 -2.05 0.032 0.03 1.048 "" "" 15.695482 1.965717 16.676197 14.71048 "" "" 1620.03149 1769.25696 9925.53637 3.4077 2917.0 8.0173 10351.0 10.1 "" "" 0.0027804210011700414 0.0040853405 0.003925057 0.008010398 307.26889393506 44.49597018997 1695.9408 1.6449999999999998 -2.05 3.713425416946411 0.74685115814209 0.15439607 0.15239607 "" "" 30.449092003189666 "" 4.698867378495906 ""
307.42165379484 44.6932355321 0.0213 0.0264 3.8721 "" "" 2070660431272398336 1901.39172 0.5021 0.0266 -2.545 -5.178 0.028 0.033 1.025 9225.4 3.6506 15.7044 1.625761 16.459913 14.834152 "" "" 1823.60999 1994.54321 9844.3468 3.5778 3560.0 7.9456 9236.3 16.772 "" "" 0.0027834324061925654 0.0036955734 0.0042627216 0.007958295 307.42165379484 44.6932355321 1901.39172 -2.5449999999999986 -5.177999999999997 -0.4765745830535888 -2.38114884185791 0.15039606 0.15539607 "" "" 21.88594237073847 "" 3.396840090336206 ""
307.58251457971 44.70814687821 0.0233 0.0285 10.0688 "" "" 2070662836454181888 2074.49634 0.4562 0.0293 -3.588 -5.354 0.031 0.035 1.07 8983.7 3.4742 15.711611 1.412181 16.342329 14.930148 "" "" 1951.35498 2202.45874 9779.18399 3.7096 3967.2 8.022 8454.7 10.925 "" "" 0.0027859320550883237 0.003550357 0.0040313825 0.0075817397 307.58251457971 44.70814687821 2074.49634 -3.5880000000000005 -5.354000000000004 -1.519574583053589 -2.5571488418579102 0.15339607 0.15739606 "" "" 29.249365250483383 "" 4.57349061401352 ""
307.49872182258 44.78008288783 0.0246 0.0302 10.0175 "" "" 2070666856543551744 1736.84326 0.5309 0.0314 0.235 -3.371 0.032 0.037 0.998 6311.4 2.8989 15.715926 2.966519 17.437706 14.471187 -66.3 5.7 1658.07532 1827.10352 9740.39238 5.4573 1446.6 8.4289 12903.0 13.669 "" "" 0.002821671792867617 0.0069142287 0.003950528 0.010864757 307.49872182258 44.78008288783 1736.84326 0.23499999999999988 -3.3710000000000004 2.303425416946411 -0.5741488418579102 0.15439607 0.15939607 -36.73 7.87 19.5434819537592 41.60577588360673 3.023239852953548 7.091364734098364
307.71966356844 44.59017872478 0.0213 0.0286 15.4632 "" "" 2070649367436769408 1679.99219 0.5616 0.0284 -1.112 0.301 0.03 0.034 1.034 9251.2 3.4118 15.719621 2.329854 16.950933 14.621079 "" "" 1600.05115 1758.75769 9707.2967 4.1022 2264.9 11.271 11239.0 15.587 "" "" 0.0027932607617113447 0.00608094 0.0040683015 0.010149241 307.71966356844 44.59017872478 1679.99219 -1.112 0.3010000000000001 0.956425416946411 3.09785115814209 0.15239607 0.15639606 "" "" 25.81763960756848 "" 4.028895272223832 ""
307.29547099131 44.53408098286 0.0208 0.0227 7.1664 "" "" 2070657579413961728 2127.12744 0.4506 0.0256 -2.095 -2.828 0.029 0.029 1.002 7980.6 4.0895 15.720276 1.573644 16.44483 14.871186 "" "" 2028.74866 2220.03931 9701.44171 3.118 3609.8 9.9674 8926.5 10.209 "" "" 0.0027773289390282748 0.004095448 0.003978142 0.008073591 307.29547099131 44.53408098286 2127.12744 -2.095 -2.828 -0.026574583053589063 -0.031148841857910003 0.15139607 0.15139607 "" "" 0.41282719231214443 "" 0.06250041283340527 ""
307.4045854951 44.82264508557 0.0223 0.0253 10.926 "" "" 2070667818616397440 2048.71436 0.4529 0.0272 -1.114 -6.609 0.028 0.031 0.995 6993.8 3.3063 15.727975 2.640997 17.197424 14.556427 "" "" 1931.81897 2147.15723 9632.89778 3.7269 1804.9 7.5379 11929.0 14.526 "" "" 0.002787156771097863 0.0053240955 0.0040039597 0.009328055 307.4045854951 44.82264508557 2048.71436 -1.114000000000003 -6.6090000000000035 0.954425416946411 -3.81214884185791 0.15039606 0.15339607 "" "" 38.16201580943882 "" 5.847212497341657 ""
307.7604673478 44.65491305857 0.0212 0.0292 16.8878 "" "" 2070651119783471232 1744.26013 0.5381 0.0278 -2.5 -2.062 0.029 0.034 0.905 6091.3 3.1814 15.732821 2.263063 16.923244 14.660182 "" "" 1672.57544 1834.37976 9589.98882 7.3154 2323.4 10.791 10841.0 30.022 "" "" 0.0028771050171892587 0.0057631363 0.004829509 0.010592645 307.7604673478 44.65491305857 1744.26013 -2.5 -2.062 -0.43157458305358887 0.73485115814209 0.15139607 0.15639606 "" "" 7.0459005492131785 "" 1.0930244471723913 ""
307.58788890808 44.81957115352 0.0234 0.0313 14.2375 "" "" 2070665619593169024 1739.31824 0.5421 0.0295 -3.256 -12.095 0.03 0.037 1.061 8445.2 3.9259 15.734782 2.645307 17.193213 14.547906 -26.47 9.82 1650.3313 1831.11169 9572.68503 4.5032 1811.9 8.299 12023.0 15.971 "" "" 0.002802259630081165 0.0057022343 0.0040452247 0.009747459 307.58788890808 44.81957115352 1739.31824 -3.255999999999999 -12.094999999999995 -1.1875745830535887 -9.29814884185791 0.15239607 0.15939607 3.1000000000000014 11.99 77.28008427146551 77.34223571247996 12.309646296533618 12.309139430427285
307.5980269643 44.33658930006 0.0258 0.0305 20.8962 "" "" 2070637238448951552 1869.04993 0.5134 0.032 -3.762 -5.195 0.039 0.036 1.01 9235.5 3.7609 15.74097 1.623423 16.493238 14.869816 "" "" 1764.8634 2002.68347 9518.29122 3.4565 3452.4 8.4129 8937.8 13.803 "" "" 0.002783387159434903 0.0038451327 0.0041346345 0.007979767 307.5980269643 44.33658930006 1869.04993 -3.761999999999997 -5.194999999999995 -1.6935745830535889 -2.3981488418579104 0.16139607 0.15839607 "" "" 26.009713252649924 "" 4.145964595433068 ""
307.17268960537 44.73536419151 0.0227 0.0247 9.9169 "" "" 2070848344687771520 1701.17896 0.5605 0.0266 -1.497 -2.227 0.032 0.033 1.03 7809.5 3.8939 15.754485 1.415212 16.385925 14.970714 "" "" 1628.64258 1762.72424 9400.54077 3.2995 3811.1 10.86 8144.7 10.656 "" "" 0.002781548790671006 0.004166192 0.00403752 0.008203711 307.17268960537 44.73536419151 1701.17896 -1.497 -2.227 0.571425416946411 0.56985115814209 0.15439607 0.15539607 "" "" 6.507357448751148 "" 1.007960389958519 ""
307.21986041671 44.52342947428 0.0234 0.0275 9.4761 "" "" 2070634970706073984 2173.41675 0.4364 0.03 -0.83 -1.615 0.033 0.033 1.078 "" "" 15.754602 1.756805 16.596003 14.839197 "" "" 2046.22217 2300.39624 9399.52617 3.4598 3140.6 14.582 9193.5 11.013 "" "" 0.0027841519018125672 0.005761783 0.0039969147 0.009758698 307.21986041671 44.52342947428 2173.41675 -0.83 -1.615 1.238425416946411 1.1818511581420899 0.15539607 0.15539607 "" "" 17.63558892325608 "" 2.740501282350504 ""
307.37180745636 44.71090608281 0.0223 0.0244 4.1017 "" "" 2070660603071064704 1944.57678 0.4804 0.0265 -3.658 -1.369 0.029 0.031 0.958 4869.4 3.4669 15.775764 2.142726 16.88027 14.737544 "" "" 1856.89514 2034.98254 9218.08932 3.495 2417.2 8.6358 10096.0 10.229 "" "" 0.0027859014739788977 0.004778212 0.003936218 0.00871443 307.37180745636 44.71090608281 1944.57678 -3.658 -1.3690000000000002 -1.5895745830535888 1.4278511581420898 0.15139607 0.15339607 "" "" 19.694633788414208 "" 2.999343588712851 ""
307.72999140337 44.42876104748 0.0231 0.0303 20.2035 "" "" 2070638750277560832 1979.68018 0.4688 0.0308 -2.104 -4.458 0.033 0.035 0.997 "" "" 15.782676 1.647233 16.545177 14.897944 "" "" 1864.57312 2104.9126 9159.59815 4.708 3291.1 14.838 8709.2 15.351 "" "" 0.002811267568838756 0.0056344233 0.0042362865 0.00987071 307.72999140337 44.42876104748 1979.68018 -2.104 -4.458 -0.03557458305358896 -1.6611488418579103 0.15539607 0.15739606 "" "" 15.591269980748361 "" 2.453990311552211 ""
307.33936723288 44.566381606 0.0225 0.0247 4.7106 "" "" 2070658026090599424 2081.02002 0.4485 0.0272 0.791 -5.724 0.032 0.032 1.036 7082.4 3.3334 15.787054 2.286783 16.992138 14.705355 "" "" 1949.76086 2194.36304 9122.73791 3.8148 2180.5 10.158 10400.0 11.37 "" "" 0.002792475542827315 0.005776515 0.003961401 0.009737916 307.33936723288 44.566381606 2081.02002 0.7910000000000001 -5.724 2.859425416946411 -2.9271488418579104 0.15439607 0.15439607 "" "" 40.36369112288604 "" 6.231995362008506 ""
307.15622440386 44.92256701678 0.0237 0.0256 19.0044 "" "" 2070854873038118912 2283.06055 0.4111 0.0278 -1.151 -1.311 0.031 0.033 1.051 10470.4 3.9986 15.802697 1.629732 16.503103 14.873371 "" "" 2128.28564 2452.80884 8992.23871 4.057 3421.2 24.457 8908.6 56.37 "" "" 0.0027985247286845863 0.00824784 0.007841044 0.016088884 307.15622440386 44.92256701678 2283.06055 -1.151 -1.311 0.9174254169464111 1.48585115814209 0.15339607 0.15539607 "" "" 18.897511203255352 "" 2.9262160229878624 ""
307.08040579969 44.86108088929 0.0226 0.0266 17.8589 "" "" 2070852880173232768 2104.70532 0.4559 0.027 -4.174 -5.486 0.03 0.034 0.957 7630.4 3.5747 15.818871 1.729448 16.636763 14.907314 "" "" 1990.67419 2243.12866 8859.28325 3.4588 3024.9 14.682 8634.4 15.837 "" "" 0.0027877357285147667 0.005962919 0.004271946 0.010234864 307.08040579969 44.86108088929 2104.70532 -4.1739999999999995 -5.485999999999995 -2.1055745830535892 -2.68914884185791 0.15239607 0.15639606 "" "" 34.07307865224585 "" 5.277510124223543 ""
307.29175492443 44.81730003388 0.0233 0.0243 10.9335 "" "" 2070849753437133952 1852.79272 0.5163 0.027 -2.029 -4.19 0.031 0.031 0.961 8813.6 4.1944 15.839047 1.38719 16.45247 15.065281 "" "" 1753.04614 1963.44495 8696.16709 2.8429 3584.5 11.698 7465.3 7.7902 "" "" 0.002778088118181552 0.0045099873 0.003945553 0.008455541 307.29175492443 44.81730003388 1852.79272 -2.028999999999999 -4.1899999999999995 0.03942541694641122 -1.3931488418579105 0.15339607 0.15339607 "" "" 12.239862268855804 "" 1.8775467694267198 ""
307.21253145569 44.66739749671 0.0256 0.0289 6.6827 "" "" 2070847210816313600 2342.90625 0.4072 0.0301 -1.065 -2.38 0.035 0.039 1.014 8761.1 3.4595 15.880589 1.548829 16.591087 15.042258 "" "" 2175.84424 2480.44165 8369.72163 3.3271 3154.9 8.7754 7625.3 10.804 "" "" 0.0027889184291091857 0.004111617 0.0040804674 0.008192085 307.21253145569 44.66739749671 2342.90625 -1.065 -2.38 1.0034254169464112 0.41685115814208995 0.15739606 0.16139607 "" "" 12.066732683350232 "" 1.9064368615444882 ""
307.13424787436 44.57405545529 0.0245 0.0297 10.6909 "" "" 2070823021560004864 2480.45117 0.3619 0.0306 -3.919 -3.954 0.033 0.037 1.015 "" "" 15.883104 2.837741 17.500305 14.662564 "" "" 2317.83398 2661.57153 8350.35892 4.0911 1365.5 6.3495 10818.0 12.764 "" "" 0.0028061976362180148 0.005768323 0.003990589 0.009758912 307.13424787436 44.57405545529 2480.45117 -3.9189999999999987 -3.9540000000000006 -1.850574583053589 -1.1571488418579103 0.15539607 0.15939607 "" "" 25.66123573492954 "" 4.016772470796395 ""
307.56965414516 44.54481611971 0.0246 0.0295 10.5262 "" "" 2070643835518793216 2017.38672 0.4573 0.0309 -2.621 1.461 0.033 0.034 0.994 7464.7 3.5951 15.88812 2.650408 17.356756 14.706348 "" "" 1906.31177 2124.69897 8311.87451 4.0564 1558.5 7.3623 10390.0 12.503 "" "" 0.0028058060209514156 0.005838791 0.0039988467 0.009837638 307.56965414516 44.54481611971 2017.38672 -2.6209999999999996 1.4609999999999999 -0.5525745830535889 4.25785115814209 0.15539607 0.15639606 "" "" 41.0567693332071 "" 6.420439119366914 ""
