Clusters/LP_1771/LP_1771_stars_in_region.tsv
# %ECSV 1.0
# ---
# datatype:
# - name: RA_ICRS_1
#   unit: deg
#   datatype: float64
#   format: '{:15.11f}'
#   description: Right ascension (ICRS) at Ep=2016.0 (ra)
#   meta: !!omap
#   - {ucd: POS_EQ_RA_MAIN}
#   - {width: 15}
#   - {precision: '11'}
# - name: DE_ICRS_1
#   unit: deg
#   datatype: float64
#   format: '{:15.11f}'
#   description: Declination (ICRS) at Ep=2016.0 (dec)
#   meta: !!omap
#   - {ucd: POS_EQ_DEC_MAIN}
#   - {width: 15}
#   - {precision: '11'}
# - name: e_RA_ICRS
#   unit: mas
#   datatype: float64
#   format: '{:7.4f}'
#   description: Standard error of right ascension (ra_error)
#   meta: !!omap
#   - {ucd: ERROR}
#   - {width: 7}
#   - {precision: '4'}
# - name: e_DE_ICRS
#   unit: mas
#   datatype: float64
#   format: '{:7.4f}'
#   description: Standard error of declination (dec_error)
#   meta: !!omap
#   - {ucd: ERROR}
#   - {width: 7}
#   - {precision: '4'}
# - name: _r_1
#   unit: ''
#   datatype: float64
#   format: '{:7.4f}'
#   description: Distance from center (307.36520769000+44.64270593000)[ICRS], at Epoch=J2016.0
#   meta: !!omap
#   - {ucd: POS_ANG_DIST_GENERAL}
#   - {width: 7}
#   - {precision: '4'}
# - name: HIP
#   datatype: int32
#   description: '? HIP cross-id number, van Leeuwen, Cat. I/311 (hip_original_ext_source_id)'
#   meta: !!omap
#   - {ucd: ID_NUMBER}
#   - {width: 6}
#   - values: {'null': -2147483648}
# - name: TYC2
#   datatype: string
#   description: Tycho-2 cross-id name, Hog et al., Cat. I/259 (tyc2_original_ext_source_id)
#   meta: !!omap
#   - {ucd: ID_CROSSID}
#   - {_votable_string_dtype: char}
# - name: Source
#   datatype: int64
#   description: Source identifier, identical to the Gaia-EDR3 source_id (id)
#   meta: !!omap
#   - {ucd: ID_MAIN}
#   - {width: 19}
# - name: rgeo
#   unit: pc
#   datatype: float64
#   format: '{:15.8f}'
#   description: '? Median of the geometric distance posterior (r_med_geo)'
#   meta: !!omap
#   - {ucd: PHYS_DISTANCE_TRUE}
#   - {width: 15}
#   - {precision: '8'}
#   - values: {'null': .nan}
# - name: Plx
#   unit: mas
#   datatype: float64
#   format: '{:9.4f}'
#   description: '? Parallax (parallax)'
#   meta: !!omap
#   - {ucd: POS_PARLX_TRIG}
#   - {width: 9}
#   - {precision: '4'}
#   - values: {'null': .nan}
# - name: e_Plx
#   unit: mas
#   datatype: float32
#   format: '{:7.4f}'
#   description: '? Standard error of parallax (parallax_error)'
#   meta: !!omap
#   - {ucd: ERROR}
#   - {width: 7}
#   - {precision: '4'}
#   - values: {'null': .nan}
# - name: pmRA
#   unit: mas / yr
#   datatype: float64
#   format: '{:9.3f}'
#   description: '? Proper motion in right ascension direction, pmRA*cosDE (pmra)'
#   meta: !!omap
#   - {ucd: POS_EQ_PMRA}
#   - {width: 9}
#   - {precision: '3'}
#   - values: {'null': .nan}
# - name: pmDE
#   unit: mas / yr
#   datatype: float64
#   format: '{:9.3f}'
#   description: '? Proper motion in declination direction (pmdec)'
#   meta: !!omap
#   - {ucd: POS_EQ_PMDEC}
#   - {width: 9}
#   - {precision: '3'}
#   - values: {'null': .nan}
# - name: e_pmRA
#   unit: mas / yr
#   datatype: float32
#   format: '{:6.3f}'
#   description: '? Standard error of proper motion in right ascension direction (pmra_error)'
#   meta: !!omap
#   - {ucd: ERROR}
#   - {width: 6}
#   - {precision: '3'}
#   - values: {'null': .nan}
# - name: e_pmDE
[...]
#         value: !astropy.table.SerializedColumn {name: SkyCoord.dec}
#       distance: !astropy.table.SerializedColumn
#         __class__: astropy.coordinates.distances.Distance
#         unit: !astropy.units.Unit {unit: pc}
#         value: !astropy.table.SerializedColumn {name: SkyCoord.distance}
#       frame: icrs
#       obstime: !astropy.time.Time {format: jyear_str, in_subfmt: '*', jd1: 367701545.0, jd2: 0.0, out_subfmt: '*', precision: 3, scale: tt}
#       pm_dec: !astropy.table.SerializedColumn
#         __class__: astropy.units.quantity.Quantity
#         unit: !astropy.units.Unit {unit: mas / yr}
#         value: !astropy.table.SerializedColumn {name: SkyCoord.pm_dec}
#       pm_ra_cosdec: !astropy.table.SerializedColumn
#         __class__: astropy.units.quantity.Quantity
#         unit: !astropy.units.Unit {unit: mas / yr}
#         value: !astropy.table.SerializedColumn {name: SkyCoord.pm_ra_cosdec}
#       ra: !astropy.table.SerializedColumn
#         __class__: astropy.coordinates.angles.Longitude
#         unit: *id001
#         value: !astropy.table.SerializedColumn {name: SkyCoord.ra}
#         wrap_angle: !astropy.coordinates.Angle
#           unit: *id001
#           value: 360.0
#       representation_type: spherical
# schema: astropy-2.0
RA_ICRS_1 DE_ICRS_1 e_RA_ICRS e_DE_ICRS _r_1 HIP TYC2 Source rgeo Plx e_Plx pmRA pmDE e_pmRA e_pmDE RUWE Teff logg Gmag BP-RP BPmag RPmag RV e_RV b_rgeo B_rgeo FG e_FG FBP e_FBP FRP e_FRP RAVE5 RAVE6 e_Gmag e_BPmag e_RPmag e_BP-RP SkyCoord.ra SkyCoord.dec SkyCoord.distance SkyCoord.pm_ra_cosdec SkyCoord.pm_dec rmRA rmDE e_rmRA e_rmDE rRV e_rRV v_pec v_pec3d e_vpec e_vpec3d
[from data line 276]
307.29768229973 44.72809167546 0.0286 0.0301 5.8774 "" "" 2070661255906349824 2298.80249 0.4197 0.0332 -0.6 -0.935 0.038 0.039 0.988 8000.4 4.2066 16.175955 1.558844 16.894867 15.336023 "" "" 2103.52246 2456.49414 6376.23901 2.7656 2384.9 9.6567 5817.7 10.31 "" "" 0.002795274050113978 0.0052069286 0.0042409855 0.009447914 307.29768229973 44.72809167546 2298.80249 -0.5999999999999996 -0.9350000000000002 1.468425416946411 1.8618511581420898 0.16039607 0.16139607 "" "" 25.83776163851952 "" 4.160223647126183 ""
307.58985165148 44.88498763054 0.0268 0.0369 17.4042 "" "" 2070669154346042240 2455.64917 0.3791 0.0348 -3.228 -5.685 0.035 0.044 0.994 "" "" 16.17856 1.727634 16.985863 15.258228 "" "" 2277.40137 2671.34766 6360.96127 2.7444 2193.2 9.4226 6249.8 10.495 "" "" 0.0027948560574212935 0.0054354193 0.004196175 0.009631595 307.58985165148 44.88498763054 2455.64917 -3.228 -5.685 -1.159574583053589 -2.8881488418579098 0.15739606 0.16639607 "" "" 36.22574074608176 "" 5.9836229888261325 ""
307.23078836143 44.64852967056 0.0299 0.0333 5.7487 "" "" 2070659469199581568 2123.50562 0.4465 0.0355 -3.895 -5.507 0.043 0.043 0.963 9250.1 3.781 16.185446 1.567781 16.904058 15.336277 "" "" 2001.34045 2282.53442 6320.7516 2.6155 2364.8 8.5503 5816.3 9.3542 "" "" 0.002791708368350114 0.0048161964 0.0041632685 0.008979465 307.23078836143 44.64852967056 2123.50562 -3.895 -5.507 -1.8265745830535889 -2.71014884185791 0.16539606 0.16539606 "" "" 32.896025970640785 "" 5.440873233887824 ""
307.06591234006 44.78839853548 0.0261 0.0299 15.4679 "" "" 2070851505783661056 2022.08118 0.462 0.0318 0.028 -0.767 0.036 0.038 0.984 7845.2 4.0724 16.18927 1.940288 17.152327 15.212039 "" "" 1913.94495 2158.50928 6298.52763 2.947 1881.4 7.5952 6521.4 10.277 "" "" 0.0028017593454868453 0.0051958356 0.004148644 0.009344479 307.06591234006 44.78839853548 2022.08118 0.02799999999999986 -0.7670000000000005 2.096425416946411 2.02985115814209 0.15839607 0.16039607 "" "" 27.96899003944503 "" 4.457332395057342 ""
307.19376302679 44.71785175294 0.0283 0.0325 8.5923 "" "" 2070847515749283456 2036.17651 0.4775 0.0332 -1.32 -3.116 0.038 0.042 0.962 7998.4 4.0227 16.19208 1.607703 16.94563 15.337926 "" "" 1868.04297 2158.46558 6282.24052 2.6218 2276.0 7.2065 5807.5 10.516 "" "" 0.002792329385608022 0.00442756 0.004260155 0.008687715 307.19376302679 44.71785175294 2036.17651 -1.3199999999999992 -3.1160000000000014 0.7484254169464111 -0.31914884185791026 0.16039607 0.16439606 "" "" 7.852747625662684 "" 1.2644335899263792 ""
307.17068871935 44.89090140452 0.0262 0.029 17.0419 "" "" 2070854048404393216 1907.2793 0.501 0.0312 -3.243 -3.612 0.035 0.038 0.972 15024.9 4.5981 16.194273 1.669605 16.985828 15.316223 "" "" 1801.96582 2005.26282 6269.56236 2.7926 2193.2 6.6293 5924.7 10.398 "" "" 0.002797439652561063 0.004307591 0.0042325687 0.008540159 307.17068871935 44.89090140452 1907.2793 -3.2430000000000008 -3.611999999999998 -1.1745745830535887 -0.8151488418579103 0.15739606 0.16039607 "" "" 12.925369630592032 "" 2.047087738465782 ""
307.55496600957 44.35387918572 0.0297 0.0387 19.138 "" "" 2070640433904600320 2269.43115 0.4169 0.0399 -0.958 -1.614 0.042 0.047 1.047 "" "" 16.194893 1.887048 17.121115 15.234067 "" "" 2116.87573 2443.10229 6265.98727 3.1324 1936.3 13.61 6390.4 13.796 "" "" 0.002808270551461611 0.008125565 0.00444723 0.012572795 307.55496600957 44.35387918572 2269.43115 -0.9579999999999997 -1.6139999999999999 1.1104254169464112 1.1828511581420897 0.16439606 0.16939607 "" "" 17.452323998394768 "" 2.9158025373852285 ""
307.27358194301 44.63840086154 0.0289 0.0306 3.9202 "" "" 2070659228681432832 2206.57642 0.423 0.0338 -1.98 -2.825 0.041 0.042 1.033 "" "" 16.198742 1.431484 16.834965 15.403481 "" "" 2087.5376 2339.44482 6243.81438 2.9029 2520.2 8.9515 5467.2 9.6116 "" "" 0.0028011778308495465 0.004759945 0.004234047 0.008993993 307.27358194301 44.63840086154 2206.57642 -1.9800000000000015 -2.825 0.08842541694641115 -0.028148841857910334 0.16339606 0.16439606 "" "" 0.9705870443511103 "" 0.15867965368095324 ""
307.4384853853 44.79728041511 0.0278 0.0366 9.7865 "" "" 2070667921695615488 2351.49658 0.4059 0.0343 -2.039 -2.862 0.036 0.048 0.918 "" "" 16.200495 1.54035 16.90806 15.36771 "" "" 2178.92017 2551.25049 6233.74425 2.7591 2356.1 11.287 5650.3 12.627 "" "" 0.002796912966973526 0.005902391 0.0044912016 0.0103935925 307.4384853853 44.79728041511 2351.49658 -2.039 -2.862 0.029425416946410987 -0.06514884185791026 0.15839607 0.17039606 "" "" 0.7967879892989981 "" 0.13419742547608324 ""
307.74273711494 44.66817493575 0.0271 0.0358 16.1855 "" "" 2070651325941896704 1713.22021 0.5576 0.0353 -3.74 -10.141 0.036 0.045 1.004 5098.9 4.1692 16.201483 1.678943 16.998213 15.31927 "" "" 1613.80798 1809.8219 6228.07404 3.0429 2168.4 9.0019 5908.1 13.596 "" "" 0.0028059195413896593 0.0053010425 0.0045306142 0.009831657 307.74273711494 44.66817493575 1713.22021 -3.74 -10.141 -1.671574583053589 -7.34414884185791 0.15839607 0.16739607 "" "" 61.16465631146634 "" 10.21230483378468 ""
307.22349240804 44.95760176507 0.0297 0.0325 19.8337 "" "" 2070860198800315136 1694.9585 0.5479 0.0352 0.348 -1.121 0.039 0.042 1.098 7494.3 3.9595 16.203667 1.987667 17.202755 15.215088 "" "" 1595.29028 1829.80652 6215.55574 2.667 1796.0 7.1632 6503.1 10.677 "" "" 0.002794427828881747 0.0051514227 0.0041786814 0.009330104 307.22349240804 44.95760176507 1694.9585 0.348 -1.121 2.416425416946411 1.6758511581420898 0.16139607 0.16439606 "" "" 23.62571325379267 "" 3.836259583858345 ""
307.3417148142 44.31595385369 0.0299 0.0341 19.6309 "" "" 2070628919091289472 1877.95984 0.5005 0.0375 -1.163 -2.726 0.041 0.045 0.977 9360.0 3.8542 16.203972 2.147238 17.3046 15.157362 "" "" 1752.35376 2021.74719 6213.80754 2.9537 1635.2 10.604 6858.2 12.122 "" "" 0.00280323874061484 0.0075735184 0.0042386926 0.011812211 307.3417148142 44.31595385369 1877.95984 -1.1630000000000003 -2.726 0.9054254169464111 0.07085115814208987 0.16339606 0.16739607 "" "" 8.08430959053301 "" 1.3211435398968243 ""
307.63100752889 44.74615441231 0.0284 0.0375 12.9248 "" "" 2070664378342288384 1901.71204 0.4963 0.0368 -2.25 -2.766 0.036 0.05 1.061 9248.3 3.5592 16.205692 1.722498 17.024826 15.302328 "" "" 1771.46423 2040.38892 6203.97443 2.9066 2115.9 11.289 6001.0 11.235 "" "" 0.0028018812781682714 0.006429695 0.0042913407 0.010721035 307.63100752889 44.74615441231 1901.71204 -2.25 -2.766 -0.18157458305358887 0.03085115814208983 0.15839607 0.17239606 "" "" 1.6601915905385045 "" 0.26364792438463774 ""
307.08515212538 44.59888978264 0.0267 0.0321 12.2457 "" "" 2070823674395029120 2224.83618 0.4285 0.0337 -2.863 -6.175 0.037 0.042 0.995 9010.3 3.5677 16.211143 1.520848 16.887512 15.366664 "" "" 2068.41333 2409.14453 6172.90069 2.6623 2401.1 8.5938 5655.8 16.039 "" "" 0.002794827691339954 0.0047839102 0.0048748204 0.009658731 307.08515212538 44.59888978264 2224.83618 -2.862999999999999 -6.175 -0.7945745830535889 -3.37814884185791 0.15939607 0.16439606 "" "" 36.59721362829487 "" 6.006983507160335 ""
307.1119055772 44.5865763003 0.0275 0.033 11.3308 "" "" 2070823227718433408 2284.24292 0.412 0.0351 -1.956 -3.811 0.039 0.043 1.001 "" "" 16.212082 1.541716 16.919682 15.377966 "" "" 2114.9021 2478.98071 6167.56497 3.0413 2331.0 7.6948 5597.2 8.8378 "" "" 0.0028068543423510122 0.0045421114 0.0041500237 0.008692135 307.1119055772 44.5865763003 2284.24292 -1.956 -3.811 0.11242541694641117 -1.01414884185791 0.16139607 0.16539606 "" "" 11.047770454151447 "" 1.8267276835117245 ""
307.06045870932 44.56197339009 0.0287 0.0328 13.8908 "" "" 2070823502596330880 1699.66296 0.5719 0.0353 -4.427 -8.983 0.039 0.044 1.032 7503.2 3.7334 16.227966 1.974945 17.204014 15.229069 "" "" 1603.41882 1777.01489 6077.99391 2.9305 1794.0 8.3179 6419.9 11.386 "" "" 0.002804608328333663 0.0057555605 0.0042416602 0.009997221 307.06045870932 44.56197339009 1699.66296 -4.427000000000001 -8.983000000000002 -2.3585745830535885 -6.186148841857911 0.16139607 0.16639607 "" "" 53.337589534336004 "" 8.841763963837566 ""
307.45934073531 44.45474819756 0.028 0.0356 11.9742 "" "" 2070641877013593728 2407.32056 0.3605 0.0364 -0.343 -4.164 0.04 0.045 0.945 7920.3 3.588 16.228712 3.098573 18.052738 14.954165 "" "" 2247.85132 2645.64062 6073.82055 3.6507 820.96 8.5039 8269.7 13.891 "" "" 0.0028315471711968317 0.011587518 0.0041964073 0.015783925 307.45934073531 44.45474819756 2407.32056 -0.3429999999999993 -4.164 1.7254254169464112 -1.3671488418579099 0.16239607 0.16739607 "" "" 25.119583405229672 "" 4.128215438714183 ""
307.10195632409 44.82149543387 0.0273 0.032 15.5237 "" "" 2070852021179769472 1944.84692 0.4929 0.0336 -3.548 -6.426 0.038 0.041 0.998 9442.3 4.2926 16.231873 1.562374 16.955488 15.393114 "" "" 1818.27112 2088.73242 6056.17043 2.5692 2255.4 8.6059 5519.7 8.2224 "" "" 0.0027935536412107996 0.0049948054 0.004110911 0.009105716 307.10195632409 44.82149543387 1944.84692 -3.5480000000000014 -6.426 -1.479574583053589 -3.6291488418579103 0.16039607 0.16339606 "" "" 36.12912351017914 "" 5.8880306684153805 ""
306.90284656785 44.63823086282 0.0271 0.0325 19.7408 "" "" 2070826354454816512 1709.44519 0.5539 0.0342 -7.295 -8.32 0.038 0.044 0.982 "" "" 16.232866 1.83542 17.12777 15.29235 "" "" 1622.62585 1837.82739 6050.62209 2.8235 1924.5 9.7143 6056.5 11.424 "" "" 0.0028015153653652707 0.006149846 0.0042985873 0.010448433 306.90284656785 44.63823086282 1709.44519 -7.295000000000002 -8.32 -5.226574583053589 -5.52314884185791 0.16039607 0.16639607 "" "" 61.61423129567259 "" 10.07940448510047 ""
307.59787353876 44.91607200257 0.0281 0.0368 19.1628 "" "" 2070763098174045824 1907.18445 0.4955 0.0363 -1.652 -5.483 0.038 0.045 0.957 "" "" 16.235838 2.013157 17.24673 15.233574 "" "" 1794.68237 2060.47168 6034.08224 2.8146 1724.7 8.9829 6393.4 9.0812 "" "" 0.0028014769235518893 0.0063058143 0.004081918 0.010387732 307.59787353876 44.91607200257 1907.18445 -1.652000000000001 -5.4830000000000005 0.4164254169464112 -2.68614884185791 0.16039607 0.16739607 "" "" 24.572998987181137 "" 4.109468951925349 ""
307.22973472886 44.58635580292 0.0296 0.0345 6.7016 "" "" 2070658678925575680 2105.81519 0.4516 0.0366 -0.409 -0.949 0.043 0.045 1.001 "" "" 16.238789 2.151473 17.337894 15.186421 "" "" 1929.32324 2262.13916 6017.7157 2.9044 1585.8 8.1184 6677.1 10.899 "" "" 0.002804708163791689 0.006219354 0.004174275 0.010393629 307.22973472886 44.58635580292 2105.81519 -0.409 -0.949 1.659425416946411 1.84785115814209 0.16539606 0.16739607 "" "" 24.790167453810938 "" 4.127715946790577 ""
306.94209085417 44.53237580634 0.0298 0.0333 19.2538 "" "" 2070824739546888192 1724.5686 0.5527 0.0368 -1.891 -4.366 0.043 0.045 0.967 6803.9 3.8257 16.242102 2.358091 17.499367 15.141275 "" "" 1630.84656 1823.20618 5999.37699 3.1156 1366.7 6.7863 6960.6 14.97 "" "" 0.0028124208048110506 0.0060704136 0.004442552 0.010512966 306.94209085417 44.53237580634 1724.5686 -1.8909999999999998 -4.366 0.17742541694641112 -1.5691488418579098 0.16539606 0.16739607 "" "" 12.908673127163594 "" 2.1605371439742784 ""
307.25369240973 44.68365765773 0.0297 0.0316 5.3558 "" "" 2070847279535792384 1747.15234 0.5461 0.0346 -5.334 -5.55 0.041 0.042 0.99 6859.4 4.2304 16.24641 1.724485 17.070866 15.34638 "" "" 1650.20325 1846.76001 5975.61235 2.6564 2028.0 6.3785 5762.4 9.3986 "" "" 0.002797274333763205 0.00440981 0.0041736877 0.008583497 307.25369240973 44.68365765773 1747.15234 -5.334 -5.55 -3.2655745830535885 -2.75314884185791 0.16339606 0.16439606 "" "" 35.372588141448794 "" 5.794464194757314 ""
307.31501210779 44.76496577256 0.0306 0.0337 7.6415 "" "" 2070849375480006144 1996.16797 0.4696 0.0358 -0.047 -2.158 0.04 0.041 1.05 8227.7 4.251 16.248087 1.49781 16.928831 15.431021 "" "" 1864.70776 2160.82642 5966.396 2.6399 2311.4 8.9068 5330.3 9.8653 "" "" 0.0027968857760847896 0.00502884 0.0042803884 0.0093092285 307.31501210779 44.76496577256 1996.16797 -0.04700000000000004 -2.1579999999999995 2.021425416946411 0.6388511581420899 0.16239607 0.16339606 "" "" 20.058850612023225 "" 3.259305210711436 ""
307.38921708679 44.36771597427 0.0313 0.0358 16.5314 "" "" 2070617722117445632 2338.34717 0.3896 0.0382 -1.315 1.036 0.044 0.047 1.031 15006.0 3.7579 16.248878 3.128077 18.097284 14.969207 "" "" 2136.05176 2576.43018 5962.04656 3.572 787.96 10.133 8156.0 11.058 "" "" 0.0028310645000597023 0.014238398 0.0040559424 0.01829434 307.38921708679 44.36771597427 2338.34717 -1.3150000000000002 1.036 0.7534254169464112 3.83285115814209 0.16639607 0.16939607 "" "" 43.295404307491744 "" 7.329280580120673 ""
307.34029009679 44.317821785 0.031 0.0344 19.5222 "" "" 2070628919091289600 2077.67139 0.4512 0.0387 -3.275 -4.971 0.042 0.045 1.019 9203.0 3.6221 16.253986 1.907581 17.180262 15.27268 "" "" 1933.01331 2244.57642 5934.06319 3.8959 1833.6 9.1819 6167.2 10.585 "" "" 0.002846032656097532 0.0061110603 0.0042138253 0.010324886 307.34029009679 44.317821785 2077.67139 -3.2749999999999986 -4.971 -1.2065745830535888 -2.1741488418579102 0.16439606 0.16739607 "" "" 24.48758085836568 "" 4.081945806268943 ""
307.43552880108 44.61027850758 0.0293 0.0358 3.5781 "" "" 2070656617341409920 2098.59521 0.4494 0.037 -1.988 -2.887 0.042 0.045 0.99 "" "" 16.254875 1.633937 17.016037 15.3821 "" "" 1937.08948 2279.19409 5929.21 2.6592 2133.1 8.7444 5575.9 9.7243 "" "" 0.002798017739599885 0.0052531064 0.0042271866 0.009480293 307.43552880108 44.61027850758 2098.59521 -1.9880000000000004 -2.886999999999999 0.08042541694641114 -0.09014884185791017 0.16439606 0.16739607 "" "" 1.2017385192437622 "" 0.19957657462185202 ""
307.49075096013 44.84057455563 0.0304 0.0386 13.022 "" "" 2070668815048823936 1884.77771 0.5103 0.0374 -0.727 -4.212 0.038 0.047 1.044 7058.4 4.0828 16.26158 1.867013 17.17873 15.311717 "" "" 1786.4928 2036.44324 5892.70806 2.766 1836.2 10.004 5949.4 10.678 "" "" 0.002802056385568271 0.0065403376 0.0042521865 0.010792524 307.49075096013 44.84057455563 1884.77771 -0.727 -4.212 1.3414254169464113 -1.41514884185791 0.16039607 0.16939607 "" "" 17.420011652370082 "" 2.877746323600803 ""
307.32968394744 44.56755653461 0.0291 0.0339 4.7575 "" "" 2070658026090594304 2331.66626 0.3972 0.0364 -2.039 -2.816 0.042 0.044 0.983 "" "" 16.263712 1.548479 16.968727 15.420248 "" "" 2171.35889 2518.42993 5881.15107 2.6357 2228.1 10.867 5383.4 11.075 "" "" 0.002797955239376656 0.005985514 0.0043900833 0.010375597 307.32968394744 44.56755653461 2331.66626 -2.039 -2.816 0.029425416946410987 -0.019148841857909993 0.16439606 0.16639607 "" "" 0.38801102162777945 "" 0.06401933384227038 ""
306.88256781342 44.67684584002 0.0296 0.033 20.6995 "" "" 2070826732411941760 1920.91711 0.5026 0.0362 0.164 0.364 0.043 0.046 0.972 8382.1 4.2401 16.265272 1.675237 17.047836 15.3726 "" "" 1817.3623 2060.96875 5872.70097 2.6791 2071.5 8.8109 5624.9 11.057 "" "" 0.0027994855652016697 0.0053955102 0.0043403665 0.009735877 306.88256781342 44.67684584002 1920.91711 0.164 0.364 2.2324254169464113 3.1608511581420897 0.16539606 0.16839607 "" "" 35.23433502710058 "" 5.898354849419811 ""
307.29731006062 44.53519854966 0.0274 0.031 7.0729 "" "" 2070657579413963264 2095.33521 0.4554 0.0339 -2.044 -2.695 0.038 0.041 0.956 9336.8 3.9655 16.26592 1.569 16.98689 15.417891 "" "" 1946.27625 2243.5144 5869.19113 2.565 2191.1 8.7729 5395.1 10.952 "" "" 0.0027958785313237427 0.0051655406 0.004375099 0.00954064 307.29731006062 44.53519854966 2095.33521 -2.0439999999999996 -2.694999999999998 0.024425416946411094 0.10185115814209 0.16039607 0.16339606 "" "" 1.0402561720301022 "" 0.1698055173663977 ""
