Clusters/Archinal_1/Archinal_1_stars_in_region.tsv
# %ECSV 1.0
# ---
# datatype:
# - name: RA_ICRS_1
#   unit: deg
#   datatype: float64
#   format: '{:15.11f}'
#   description: Right ascension (ICRS) at Ep=2016.0 (ra)
#   meta: !!omap
#   - {ucd: POS_EQ_RA_MAIN}
#   - {width: 15}
#   - {precision: '11'}
# - name: DE_ICRS_1
#   unit: deg
#   datatype: float64
#   format: '{:15.11f}'
#   description: Declination (ICRS) at Ep=2016.0 (dec)
#   meta: !!omap
#   - {ucd: POS_EQ_DEC_MAIN}
#   - {width: 15}
#   - {precision: '11'}
# - name: e_RA_ICRS
#   unit: mas
#   datatype: float64
#   format: '{:7.4f}'
#   description: Standard error of right ascension (ra_error)
#   meta: !!omap
#   - {ucd: ERROR}
#   - {width: 7}
#   - {precision: '4'}
# - name: e_DE_ICRS
#   unit: mas
#   datatype: float64
#   format: '{:7.4f}'
#   description: Standard error of declination (dec_error)
#   meta: !!omap
#   - {ucd: ERROR}
#   - {width: 7}
#   - {precision: '4'}
# - name: _r_1
#   unit: ''
#   datatype: float64
#   format: '{:7.4f}'
#   description: Distance from center (283.71680625000+05.55580597000)[ICRS], at Epoch=J2016.0
#   meta: !!omap
#   - {ucd: POS_ANG_DIST_GENERAL}
#   - {width: 7}
#   - {precision: '4'}
# - name: HIP
#   datatype: int32
#   description: '? HIP cross-id number, van Leeuwen, Cat. I/311 (hip_original_ext_source_id)'
#   meta: !!omap
#   - {ucd: ID_NUMBER}
#   - {width: 6}
#   - values: {'null': -2147483648}
# - name: TYC2
#   datatype: string
#   description: Tycho-2 cross-id name, Hog et al., Cat. I/259 (tyc2_original_ext_source_id)
#   meta: !!omap
#   - {ucd: ID_CROSSID}
#   - {_votable_string_dtype: char}
# - name: Source
#   datatype: int64
#   description: Source identifier, identical to the Gaia-EDR3 source_id (id)
#   meta: !!omap
#   - {ucd: ID_MAIN}
#   - {width: 19}
# - name: rgeo
#   unit: pc
#   datatype: float64
#   format: '{:15.8f}'
#   description: '? Median of the geometric distance posterior (r_med_geo)'
#   meta: !!omap
#   - {ucd: PHYS_DISTANCE_TRUE}
#   - {width: 15}
#   - {precision: '8'}
#   - values: {'null': .nan}
# - name: Plx
#   unit: mas
#   datatype: float64
#   format: '{:9.4f}'
#   description: '? Parallax (parallax)'
#   meta: !!omap
#   - {ucd: POS_PARLX_TRIG}
#   - {width: 9}
#   - {precision: '4'}
#   - values: {'null': .nan}
# - name: e_Plx
#   unit: mas
#   datatype: float32
#   format: '{:7.4f}'
#   description: '? Standard error of parallax (parallax_error)'
#   meta: !!omap
#   - {ucd: ERROR}
#   - {width: 7}
#   - {precision: '4'}
#   - values: {'null': .nan}
# - name: pmRA
#   unit: mas / yr
#   datatype: float64
#   format: '{:9.3f}'
#   description: '? Proper motion in right ascension direction, pmRA*cosDE (pmra)'
#   meta: !!omap
#   - {ucd: POS_EQ_PMRA}
#   - {width: 9}
#   - {precision: '3'}
#   - values: {'null': .nan}
# - name: pmDE
#   unit: mas / yr
#   datatype: float64
#   format: '{:9.3f}'
#   description: '? Proper motion in declination direction (pmdec)'
#   meta: !!omap
#   - {ucd: POS_EQ_PMDEC}
#   - {width: 9}
#   - {precision: '3'}
#   - values: {'null': .nan}
# - name: e_pmRA
#   unit: mas / yr
#   datatype: float32
#   format: '{:6.3f}'
#   description: '? Standard error of proper motion in right ascension direction (pmra_error)'
#   meta: !!omap
#   - {ucd: ERROR}
#   - {width: 6}
#   - {precision: '3'}
#   - values: {'null': .nan}
# - name: e_pmDE
[...]
#         value: !astropy.table.SerializedColumn {name: SkyCoord.dec}
#       distance: !astropy.table.SerializedColumn
#         __class__: astropy.coordinates.distances.Distance
#         unit: !astropy.units.Unit {unit: pc}
#         value: !astropy.table.SerializedColumn {name: SkyCoord.distance}
#       frame: icrs
#       obstime: !astropy.time.Time {format: jyear_str, in_subfmt: '*', jd1: 367701545.0, jd2: 0.0, out_subfmt: '*', precision: 3, scale: tt}
#       pm_dec: !astropy.table.SerializedColumn
#         __class__: astropy.units.quantity.Quantity
#         unit: !astropy.units.Unit {unit: mas / yr}
#         value: !astropy.table.SerializedColumn {name: SkyCoord.pm_dec}
#       pm_ra_cosdec: !astropy.table.SerializedColumn
#         __class__: astropy.units.quantity.Quantity
#         unit: !astropy.units.Unit {unit: mas / yr}
#         value: !astropy.table.SerializedColumn {name: SkyCoord.pm_ra_cosdec}
#       ra: !astropy.table.SerializedColumn
#         __class__: astropy.coordinates.angles.Longitude
#         unit: *id001
#         value: !astropy.table.SerializedColumn {name: SkyCoord.ra}
#         wrap_angle: !astropy.coordinates.Angle
#           unit: *id001
#           value: 360.0
#       representation_type: spherical
# schema: astropy-2.0
RA_ICRS_1 DE_ICRS_1 e_RA_ICRS e_DE_ICRS _r_1 HIP TYC2 Source rgeo Plx e_Plx pmRA pmDE e_pmRA e_pmDE RUWE Teff logg Gmag BP-RP BPmag RPmag RV e_RV b_rgeo B_rgeo FG e_FG FBP e_FBP FRP e_FRP RAVE5 RAVE6 e_Gmag e_BPmag e_RPmag e_BP-RP SkyCoord.ra SkyCoord.dec SkyCoord.distance SkyCoord.pm_ra_cosdec SkyCoord.pm_dec rmRA rmDE e_rmRA e_rmDE rRV e_rRV v_pec v_pec3d e_vpec e_vpec3d
[from data line 60]
283.79637230799 5.80403209882 0.0393 0.0441 15.6328 "" "" 4282679570664426496 1687.95398 0.5246 0.0538 0.343 -0.601 0.052 0.047 0.971 "" "" 15.319113 3.97301 17.876333 13.903323 16.44 2.93 1556.05322 1911.08398 14037.87875 11.219 965.79 9.8675 21769.0 25.025 "" "" 0.002888722593169439 0.011438511 0.0039801453 0.015418656 283.79637230799 5.80403209882 1687.95398 0.34299999999999997 -0.6009999999999999 0.5334615312814712 1.1074615230560303 0.24331433 0.23831433 -11.07333333333333 10.711538 9.835097773881802 14.8103970011923 2.3531846530430025 8.159758715546893
283.73479994052 5.53131489525 0.031 0.0305 1.8204 "" "" 4282460729191537280 1548.27637 0.6039 0.0341 -0.153 -1.762 0.041 0.039 1.078 9333.6 3.5041 15.365396 2.490594 16.718966 14.228372 70.94 8.68 1475.85156 1646.99426 13452.05032 7.3047 2804.3 15.591 16137.0 16.753 "" "" 0.0028176917342004537 0.006649997 0.00394389 0.010593887 283.73479994052 5.53131489525 1548.27637 -0.15300000000000008 -1.762 0.037461531281471255 -0.05353847694396974 0.23231432 0.23031433 43.42666666666666 16.461538 0.47954269519399023 43.42931428164957 0.1107616986074906 16.460534802722066
283.79163022462 5.63851850983 0.0333 0.0318 6.6777 "" "" 4282488152559684224 1975.44592 0.4634 0.0389 -0.161 -1.677 0.047 0.04 1.109 9085.6 3.6503 15.4069 2.391966 16.68418 14.292213 "" "" 1837.39563 2126.49072 12947.52389 7.7854 2895.6 21.478 15215.0 23.431 "" "" 0.002831609534100226 0.008523051 0.004132723 0.012655774 283.79163022462 5.63851850983 1975.44592 -0.16100000000000017 -1.6769999999999987 0.029461531281471248 0.03146152305603023 0.23831433 0.23131433 "" "" 0.40359339297019076 "" 0.0946873596895882 ""
283.97369941245 5.54709643299 0.0351 0.0321 15.3502 "" "" 4282471900403330816 1750.30688 0.5109 0.0394 -2.006 -7.844 0.051 0.037 1.057 6711.6 3.1912 15.433689 3.478066 17.57365 14.095585 1.88 5.87 1633.86865 1858.73901 12631.97122 8.3345 1276.3 9.1446 18236.0 20.953 "" "" 0.0028469219176938602 0.008264464 0.003979948 0.012244413 283.97369941245 5.54709643299 1750.30688 -2.006 -7.844 -1.8155384687185285 -6.13553847694397 0.24231432 0.22831433 -25.633333333333333 13.651538 53.08500102931214 58.94985251940711 12.181579154893042 12.47280672846639
283.73521507847 5.40018240433 0.0345 0.0348 9.4019 "" "" 4282457194435553152 1492.67517 0.634 0.038 0.99 -4.528 0.04 0.04 1.09 8866.6 4.0243 15.472575 1.844468 16.370798 14.52633 "" "" 1411.43896 1571.36938 12187.55639 5.8961 3864.5 13.313 12264.0 15.498 "" "" 0.002804939420248118 0.0046663606 0.004020725 0.0086870855 283.73521507847 5.40018240433 1492.67517 0.9899999999999992 -4.5280000000000005 1.1804615312814712 -2.8195384769439693 0.23131433 0.23131433 "" "" 21.626860892762902 "" 5.002602865378478 ""
283.45365198217 5.7863219617 0.0363 0.0367 20.9323 "" "" 4282670564113533824 1663.32007 0.5448 0.0439 -3.208 -7.464 0.05 0.043 0.987 6078.0 2.8843 15.488642 3.425742 17.587566 14.161824 -0.92 4.36 1556.5752 1812.40662 12008.53551 7.0115 1260.1 8.8493 17156.0 22.858 "" "" 0.0028273068161300237 0.008119271 0.0040467717 0.012166043 283.45365198217 5.7863219617 1663.32007 -3.208 -7.463999999999999 -3.017538468718529 -5.75553847694397 0.24131432 0.23431432 -28.433333333333334 12.141539 51.235829063890705 58.596626390165774 12.083517018881562 12.097203619032344
283.69921887394 5.59579370552 0.0376 0.0395 2.6191 "" "" 4282464925376560640 1679.26965 0.5416 0.047 4.62 -5.125 0.046 0.045 1.017 4819.1 2.6269 15.500078 3.677507 17.811768 14.13426 20.68 5.3 1574.94934 1784.87573 11882.71263 8.922 1025.0 10.912 17598.0 21.459 "" "" 0.002873388445054996 0.011890584 0.0040045674 0.01589515 283.69921887394 5.59579370552 1679.26965 4.619999999999999 -5.124999999999997 4.810461531281471 -3.4165384769439697 0.23731433 0.23631433 -6.833333333333332 13.081538 46.96466435256038 47.459183960463335 11.129662797680771 11.173589127100248
283.544650841 5.33462177738 0.0313 0.0329 16.7885 "" "" 4282450116328951808 1397.00684 0.6739 0.0405 0.772 -1.464 0.037 0.033 0.941 7293.5 4.0535 15.524522 2.092575 16.597532 14.504957 "" "" 1325.87427 1466.37561 11618.18006 5.3317 3136.2 14.335 12508.0 20.107 "" "" 0.0028000085191817047 0.0056932825 0.0041629304 0.009856213 283.544650841 5.33462177738 1397.00684 0.772 -1.464 0.9624615312814713 0.2444615230560303 0.22831433 0.22431433 "" "" 6.575608558537382 "" 1.4997247262244886 ""
283.71956988239 5.77083522603 0.032 0.0322 12.9028 "" "" 4282678642951502080 1569.32178 0.5891 0.0367 2.701 -14.011 0.041 0.042 1.012 6961.7 3.3155 15.545369 3.177358 17.438766 14.261409 "" "" 1475.95215 1657.07544 11397.22697 7.9502 1445.1 8.2677 15653.0 17.159 "" "" 0.0028575138999163397 0.00680958 0.00396236 0.0107719395 283.71956988239 5.77083522603 1569.32178 2.7010000000000005 -14.011 2.8914615312814713 -12.302538476943969 0.23231432 0.23331432 "" "" 94.00706230887431 "" 21.92828282676753 ""
283.86061971068 5.52648420589 0.0512 0.0501 8.7668 "" "" 4282460011933884928 1646.79993 0.5854 0.0601 -1.066 -2.747 0.069 0.06 1.782 7647.3 3.4279 15.573278 2.437676 16.883823 14.446148 27.21 11.09 1494.85181 1861.13928 11107.9904 14.936 2409.3 16.123 13204.0 39.433 "" "" 0.0031181881392461225 0.0077830506 0.0049797054 0.012762756 283.86061971068 5.52648420589 1646.79993 -1.0660000000000003 -2.7470000000000008 -0.8755384687185288 -1.0385384769439696 0.26031432 0.2513143 -0.303333333333331 18.871538 10.60309470589269 10.607432698501588 2.704764257812896 2.756990394774718
283.50726159378 5.68013360267 0.0355 0.036 14.5672 "" "" 4282655725006456064 1705.44189 0.5334 0.0412 -0.963 -2.349 0.045 0.042 0.961 6392.8 2.2819 15.579852 3.459247 17.7039 14.244653 29.49 5.16 1597.71118 1820.50061 11040.93576 6.5963 1132.0 8.967 15896.0 19.161 "" "" 0.002830645242775245 0.009041797 0.003999567 0.013041364 283.50726159378 5.68013360267 1705.44189 -0.963 -2.349 -0.7725384687185287 -0.6405384769439699 0.23631433 0.23331432 1.9766666666666666 12.941538 8.112462320027703 8.349805746541675 1.907213611159192 3.5804648533527996
283.57655825124 5.52705195081 0.0328 0.0325 8.5514 "" "" 4282462657633965696 1748.5614 0.5343 0.0369 -1.09 -2.748 0.041 0.037 1.103 9209.3 3.681 15.585907 2.277598 16.7814 14.503802 "" "" 1632.51929 1929.43103 10979.53935 4.9291 2647.6 10.867 12521.0 16.636 "" "" 0.0027981015987559405 0.005257786 0.004045332 0.009303117 283.57655825124 5.52705195081 1748.5614 -1.09 -2.748 -0.8995384687185288 -1.03953847694397 0.23231432 0.22831433 "" "" 11.393791445178257 "" 2.6209769418671724 ""
284.06326372718 5.59335052426 0.0987 0.0916 20.8114 "" "" 4282472965555211392 2005.93481 0.493 0.1119 -1.57 -0.174 0.123 0.105 1.144 3499.1 0.1864 15.601166 5.932669 19.931019 13.99835 -8.51 2.83 1641.94751 2598.83252 10826.31009 21.152 145.55 8.6652 19944.0 36.117 "" "" 0.0034772923771002346 0.06469861 0.0042602345 0.06895884 284.06326372718 5.59335052426 2005.93481 -1.57 -0.17400000000000015 -1.3795384687185288 1.5344615230560303 0.31431434 0.29631433 -36.02333333333333 10.611538 19.619259501528862 41.01945742977075 5.973899705144581 9.747252421911353
283.7054807899 5.54679778965 0.0318 0.0337 0.8658 "" "" 4282463718488787072 1499.66284 0.6224 0.039 -0.18 -1.695 0.041 0.04 0.988 9139.6 3.6584 15.614563 2.311902 16.828648 14.516746 "" "" 1422.49756 1593.31433 10693.54097 7.0326 2534.9 16.271 12373.0 23.626 "" "" 0.002846336849555574 0.007506906 0.004310667 0.011817573 283.7054807899 5.54679778965 1499.66284 -0.18 -1.6949999999999998 0.010461531281471259 0.013461523056030211 0.23231432 0.23131433 "" "" 0.12118860805720895 "" 0.028078354972185814 ""
283.4950505288 5.8225856269 0.0332 0.0352 20.7728 "" "" 4282671015089677312 1881.52307 0.4876 0.0429 -0.43 -2.151 0.051 0.039 0.927 "" "" 15.661273 2.542537 17.05059 14.508054 "" "" 1735.02319 2035.51648 10243.24839 9.2736 2066.2 11.123 12472.0 23.348 "" "" 0.0029254052335509827 0.006476681 0.004291261 0.010767942 283.4950505288 5.8225856269 1881.52307 -0.4300000000000001 -2.1510000000000025 -0.23953846871852874 -0.4425384769439695 0.24231432 0.23031433 "" "" 4.487826082383789 "" 1.0460567608550235 ""
283.66848059252 5.45211623174 0.0825 0.0826 6.8583 "" "" 4282458259586326528 1714.64148 0.5265 0.0934 -2.36 -6.708 0.104 0.103 1.091 4650.8 2.5682 15.665906 4.445657 18.614254 14.168597 30.19 4.15 1467.14758 2014.047 10199.62799 10.583 489.46 12.39 17050.0 57.832 "" "" 0.002976725445180269 0.027625171 0.005276942 0.032902114 283.66848059252 5.45211623174 1714.64148 -2.36 -6.707999999999997 -2.1695384687185286 -4.99953847694397 0.2953143 0.29431432 2.6766666666666694 11.931538 44.29417091614574 44.374971792590195 13.043438209505535 13.039564510710779
283.83809713222 5.83958563113 0.0495 0.052 18.5027 "" "" 4282680120420241280 2001.9762 0.4302 0.0631 3.851 -2.711 0.06 0.057 1.103 "" "" 15.666812 3.965887 18.210625 14.244738 -38.65 4.69 1821.37073 2262.54834 10191.11809 8.815 709.85 7.2611 15895.0 13.327 "" "" 0.002910970742644641 0.011451187 0.0038874694 0.015338656 283.83809713222 5.83958563113 2001.9762 3.8510000000000004 -2.711 4.041461531281471 -1.0025384769439696 0.2513143 0.24831432 -66.16333333333333 12.471539 39.51326771307076 77.06416160020544 9.923416828560645 11.854838594328095
283.81538568884 5.24771788951 0.0473 0.0446 19.4005 "" "" 4282434551367940352 2068.74927 0.4124 0.0526 -0.135 -4.165 0.054 0.05 1.16 6623.2 1.9965 15.670998 3.842593 18.112179 14.269586 "" "" 1862.39905 2285.49243 10151.91061 6.6319 777.22 9.0864 15535.0 16.287 "" "" 0.002845146745295764 0.012996274 0.0039470796 0.016943354 283.81538568884 5.24771788951 2068.74927 -0.13499999999999995 -4.165000000000005 0.055461531281471244 -2.4565384769439698 0.24531433 0.24131432 "" "" 24.094639219862547 "" 5.814431029750694 ""
283.74578482958 5.37775985864 0.0342 0.0336 10.8221 "" "" 4282445271606320512 1602.17444 0.592 0.0365 -2.094 -5.237 0.04 0.04 1.049 7709.3 3.9915 15.6722 1.95223 16.645338 14.693108 "" "" 1505.35486 1710.51892 10140.67133 5.212 3001.1 12.688 10518.0 18.06 "" "" 0.002811261865057587 0.005371732 0.0042141704 0.009585902 283.74578482958 5.37775985864 1602.17444 -2.093999999999998 -5.237000000000003 -1.9035384687185286 -3.52853847694397 0.23131433 0.23131433 "" "" 30.44743392222874 "" 7.042927817311376 ""
283.70447971467 5.55823091865 0.0321 0.0355 0.7504 "" "" 4282463757145437568 2034.9314 0.4496 0.0417 -0.112 -1.741 0.041 0.04 1.029 8543.2 3.7379 15.677982 2.597739 17.11375 14.516011 "" "" 1859.4668 2226.32568 10086.81129 6.5953 1949.5 15.25 12381.0 19.208 "" "" 0.002845305878285102 0.008939763 0.004137753 0.013077516 283.70447971467 5.55823091865 2034.9314 -0.11200000000000002 -1.7410000000000014 0.07846153128147125 -0.03253847694396983 0.23231432 0.23131433 "" "" 0.8193042550021267 "" 0.19021610409434703 ""
284.06010508136 5.5608230999 0.072 0.0667 20.5033 "" "" 4282472553238340864 1423.97766 0.6625 0.0784 1.351 -2.693 0.094 0.075 0.968 4664.1 2.6957 15.686796 3.960903 18.233139 14.272236 5.0 3.14 1274.05188 1579.58704 10005.26116 9.3286 695.28 7.357 15498.0 18.599 "" "" 0.0029353969540868103 0.011822515 0.0039976854 0.015820201 284.06010508136 5.5608230999 1423.97766 1.3510000000000002 -2.693 1.5414615312814712 -0.9845384769439698 0.28531432 0.26631433 -22.513333333333332 10.921538 12.345447028253595 25.67606356327218 3.4560079555049676 9.719346182572504
284.06086326264 5.66772070776 0.0328 0.0329 21.614 "" "" 4282474614822683008 1429.59351 0.666 0.0399 0.508 -3.017 0.043 0.036 0.961 8833.3 3.8546 15.703925 2.440041 17.022982 14.582941 "" "" 1349.74634 1499.44531 9848.6493 6.2845 2119.5 7.6984 11641.0 16.375 "" "" 0.0028410885972989116 0.0048308303 0.0040763067 0.008907137 284.06086326264 5.66772070776 1429.59351 0.508 -3.0170000000000003 0.6984615312814713 -1.3085384769439696 0.23431432 0.22731432 "" "" 10.051114902841622 "" 2.3005489854804138 ""
283.66809269775 5.37334303252 0.0337 0.0384 11.3278 "" "" 4282451112761845760 1484.80212 0.6431 0.0444 0.536 -0.801 0.038 0.04 1.037 7998.8 4.1278 15.710453 2.051199 16.754465 14.703266 "" "" 1387.84338 1593.98596 9789.61089 5.7955 2714.1 10.551 10420.0 15.174 "" "" 0.002829298778581723 0.005059642 0.004096776 0.009156417 283.66809269775 5.37334303252 1484.80212 0.5360000000000008 -0.8009999999999992 0.7264615312814713 0.9074615230560302 0.22931433 0.23131433 "" "" 8.18110573379786 "" 1.8860333500929538 ""
283.86211764729 5.79410435408 0.1223 0.1239 16.7243 "" "" 4282492069569897728 2085.60254 0.4825 0.1446 -0.23 -2.924 0.173 0.15 1.058 3619.8 0.4071 15.720772 5.648746 19.788364 14.139619 55.49 4.14 1569.80371 2697.25146 9697.01285 15.314 165.99 10.666 17511.0 32.637 "" "" 0.003245274638546256 0.0698218 0.0042870347 0.07410883 283.86211764729 5.79410435408 2085.60254 -0.23000000000000004 -2.924 -0.03953846871852876 -1.2155384769439697 0.36431432 0.34131432 27.97666666666667 11.921537 12.02287213963498 30.450670473140473 4.103880481090664 11.072161633177851
283.60183766861 5.26041511248 0.0339 0.0359 19.0074 "" "" 4282436990908887040 1462.62061 0.6533 0.0422 0.258 -1.936 0.042 0.041 0.964 8989.4 4.1485 15.736142 1.848849 16.633194 14.784345 "" "" 1390.76257 1546.67163 9560.70325 4.5981 3034.9 29.039 9669.9 22.699 "" "" 0.0028043630494427696 0.010756873 0.004558433 0.015315305 283.60183766861 5.26041511248 1462.62061 0.258 -1.9359999999999997 0.44846153128147126 -0.22753847694396967 0.23331432 0.23231432 "" "" 3.486399493005888 "" 0.8127143839396769 ""
283.96963336625 5.65709183071 0.0343 0.0338 16.2743 "" "" 4282486125335065600 1573.00879 0.5722 0.0404 1.14 -0.352 0.044 0.038 1.13 6923.8 3.3888 15.73708 3.084538 17.549519 14.464981 8.52 7.32 1498.41309 1665.50427 9552.45557 5.5341 1305.0 12.349 12977.0 15.041 "" "" 0.002826206057596846 0.010646269 0.003983385 0.014629654 283.96963336625 5.65709183071 1573.00879 1.14 -0.35199999999999987 1.3304615312814712 1.3564615230560304 0.23531432 0.22931433 -18.993333333333332 15.101538 14.166744275994109 23.694795936925114 3.2905895855343057 12.263961641316667
283.49154422549 5.64194219039 0.0422 0.0396 14.4099 "" "" 4282652563910525184 1845.11279 0.4915 0.046 0.799 -2.323 0.052 0.046 1.025 "" "" 15.758928 3.572629 17.97842 14.405791 -11.07 11.75 1658.15247 2026.76636 9362.15024 6.7149 879.12 11.595 13704.0 17.677 "" "" 0.0028632522721212064 0.014589419 0.004030527 0.018619945 283.49154422549 5.64194219039 1845.11279 0.7989999999999999 -2.323 0.9894615312814713 -0.6145384769439697 0.24331433 0.23731433 -38.58333333333333 19.531538 10.18689521388831 39.90546886342587 2.461755830878762 18.894878527280284
283.93522633481 5.68530713912 0.0387 0.0406 15.1813 "" "" 4282487151830668800 1555.85522 0.5993 0.0471 0.659 -1.623 0.048 0.041 1.131 8732.0 3.9562 15.760043 2.332136 16.985445 14.653309 "" "" 1441.6145 1677.23755 9352.53775 5.3685 2194.0 20.222 10910.0 24.595 "" "" 0.0028249255001613505 0.010388876 0.0045027365 0.014891613 283.93522633481 5.68530713912 1555.85522 0.6590000000000009 -1.623 0.8494615312814713 0.08546152305603028 0.23931432 0.23231432 "" "" 6.296193859411252 "" 1.506334105989194 ""
283.6649949428 5.49412596166 0.0413 0.0458 4.8239 "" "" 4282462004798930560 1551.50769 0.6182 0.0517 -0.113 -1.545 0.05 0.051 1.065 9242.9 3.5288 15.779711 2.162197 16.889683 14.727486 "" "" 1406.80688 1754.08008 9184.64998 5.1008 2396.3 15.661 10190.0 11.608 "" "" 0.002820526442314458 0.007624678 0.0039766137 0.011601292 283.6649949428 5.49412596166 1551.50769 -0.11299999999999998 -1.5449999999999995 0.07746153128147125 0.16346152305603034 0.24131432 0.24231432 "" "" 1.330266471907732 "" 0.322099083023983 ""
