Clusters/Archinal_1/Archinal_1_stars_in_region.tsv
# %ECSV 1.0
# ---
# datatype:
# - name: RA_ICRS_1
#   unit: deg
#   datatype: float64
#   format: '{:15.11f}'
#   description: Right ascension (ICRS) at Ep=2016.0 (ra)
#   meta: !!omap
#   - {ucd: POS_EQ_RA_MAIN}
#   - {width: 15}
#   - {precision: '11'}
# - name: DE_ICRS_1
#   unit: deg
#   datatype: float64
#   format: '{:15.11f}'
#   description: Declination (ICRS) at Ep=2016.0 (dec)
#   meta: !!omap
#   - {ucd: POS_EQ_DEC_MAIN}
#   - {width: 15}
#   - {precision: '11'}
# - name: e_RA_ICRS
#   unit: mas
#   datatype: float64
#   format: '{:7.4f}'
#   description: Standard error of right ascension (ra_error)
#   meta: !!omap
#   - {ucd: ERROR}
#   - {width: 7}
#   - {precision: '4'}
# - name: e_DE_ICRS
#   unit: mas
#   datatype: float64
#   format: '{:7.4f}'
#   description: Standard error of declination (dec_error)
#   meta: !!omap
#   - {ucd: ERROR}
#   - {width: 7}
#   - {precision: '4'}
# - name: _r_1
#   unit: ''
#   datatype: float64
#   format: '{:7.4f}'
#   description: Distance from center (283.71680625000+05.55580597000)[ICRS], at Epoch=J2016.0
#   meta: !!omap
#   - {ucd: POS_ANG_DIST_GENERAL}
#   - {width: 7}
#   - {precision: '4'}
# - name: HIP
#   datatype: int32
#   description: '? HIP cross-id number, van Leeuwen, Cat. I/311 (hip_original_ext_source_id)'
#   meta: !!omap
#   - {ucd: ID_NUMBER}
#   - {width: 6}
#   - values: {'null': -2147483648}
# - name: TYC2
#   datatype: string
#   description: Tycho-2 cross-id name, Hog et al., Cat. I/259 (tyc2_original_ext_source_id)
#   meta: !!omap
#   - {ucd: ID_CROSSID}
#   - {_votable_string_dtype: char}
# - name: Source
#   datatype: int64
#   description: Source identifier, identical to the Gaia-EDR3 source_id (id)
#   meta: !!omap
#   - {ucd: ID_MAIN}
#   - {width: 19}
# - name: rgeo
#   unit: pc
#   datatype: float64
#   format: '{:15.8f}'
#   description: '? Median of the geometric distance posterior (r_med_geo)'
#   meta: !!omap
#   - {ucd: PHYS_DISTANCE_TRUE}
#   - {width: 15}
#   - {precision: '8'}
#   - values: {'null': .nan}
# - name: Plx
#   unit: mas
#   datatype: float64
#   format: '{:9.4f}'
#   description: '? Parallax (parallax)'
#   meta: !!omap
#   - {ucd: POS_PARLX_TRIG}
#   - {width: 9}
#   - {precision: '4'}
#   - values: {'null': .nan}
# - name: e_Plx
#   unit: mas
#   datatype: float32
#   format: '{:7.4f}'
#   description: '? Standard error of parallax (parallax_error)'
#   meta: !!omap
#   - {ucd: ERROR}
#   - {width: 7}
#   - {precision: '4'}
#   - values: {'null': .nan}
# - name: pmRA
#   unit: mas / yr
#   datatype: float64
#   format: '{:9.3f}'
#   description: '? Proper motion in right ascension direction, pmRA*cosDE (pmra)'
#   meta: !!omap
#   - {ucd: POS_EQ_PMRA}
#   - {width: 9}
#   - {precision: '3'}
#   - values: {'null': .nan}
# - name: pmDE
#   unit: mas / yr
#   datatype: float64
#   format: '{:9.3f}'
#   description: '? Proper motion in declination direction (pmdec)'
#   meta: !!omap
#   - {ucd: POS_EQ_PMDEC}
#   - {width: 9}
#   - {precision: '3'}
#   - values: {'null': .nan}
# - name: e_pmRA
#   unit: mas / yr
#   datatype: float32
#   format: '{:6.3f}'
#   description: '? Standard error of proper motion in right ascension direction (pmra_error)'
#   meta: !!omap
#   - {ucd: ERROR}
#   - {width: 6}
#   - {precision: '3'}
#   - values: {'null': .nan}
# - name: e_pmDE
[...]
#         value: !astropy.table.SerializedColumn {name: SkyCoord.dec}
#       distance: !astropy.table.SerializedColumn
#         __class__: astropy.coordinates.distances.Distance
#         unit: !astropy.units.Unit {unit: pc}
#         value: !astropy.table.SerializedColumn {name: SkyCoord.distance}
#       frame: icrs
#       obstime: !astropy.time.Time {format: jyear_str, in_subfmt: '*', jd1: 367701545.0, jd2: 0.0, out_subfmt: '*', precision: 3, scale: tt}
#       pm_dec: !astropy.table.SerializedColumn
#         __class__: astropy.units.quantity.Quantity
#         unit: !astropy.units.Unit {unit: mas / yr}
#         value: !astropy.table.SerializedColumn {name: SkyCoord.pm_dec}
#       pm_ra_cosdec: !astropy.table.SerializedColumn
#         __class__: astropy.units.quantity.Quantity
#         unit: !astropy.units.Unit {unit: mas / yr}
#         value: !astropy.table.SerializedColumn {name: SkyCoord.pm_ra_cosdec}
#       ra: !astropy.table.SerializedColumn
#         __class__: astropy.coordinates.angles.Longitude
#         unit: *id001
#         value: !astropy.table.SerializedColumn {name: SkyCoord.ra}
#         wrap_angle: !astropy.coordinates.Angle
#           unit: *id001
#           value: 360.0
#       representation_type: spherical
# schema: astropy-2.0
RA_ICRS_1 DE_ICRS_1 e_RA_ICRS e_DE_ICRS _r_1 HIP TYC2 Source rgeo Plx e_Plx pmRA pmDE e_pmRA e_pmDE RUWE Teff logg Gmag BP-RP BPmag RPmag RV e_RV b_rgeo B_rgeo FG e_FG FBP e_FBP FRP e_FRP RAVE5 RAVE6 e_Gmag e_BPmag e_RPmag e_BP-RP SkyCoord.ra SkyCoord.dec SkyCoord.distance SkyCoord.pm_ra_cosdec SkyCoord.pm_dec rmRA rmDE e_rmRA e_rmDE rRV e_rRV v_pec v_pec3d e_vpec e_vpec3d
[from data line 90]
283.70891378724 5.5107687822 0.0383 0.0376 2.743 "" "" 4282459183003296128 1635.30273 0.5482 0.0445 -0.819 -1.329 0.05 0.047 1.072 6332.8 3.0052 15.786128 3.372118 17.835632 14.463514 -64.41 5.95 1520.17163 1754.51782 9130.521 6.7049 1002.7 6.5439 12994.0 25.026 "" "" 0.0028683574697980787 0.0076153697 0.004319304 0.011934673 283.70891378724 5.5107687822 1635.30273 -0.819 -1.329 -0.6285384687185287 0.3794615230560303 0.24131432 0.23831433 -91.92333333333333 13.731538 5.691040745246635 92.09933309137026 1.3687899369841554 13.705558146931436
283.84356228163 5.60885544196 0.0386 0.0357 8.2113 "" "" 4282484952807372288 1840.35229 0.4941 0.0419 -0.38 -3.043 0.056 0.043 0.996 6945.2 3.2972 15.793331 3.016808 17.56065 14.543841 52.64 7.42 1718.61768 1946.7738 9070.14472 6.9163 1291.7 10.949 12068.0 14.128 "" "" 0.002877016998575611 0.009616823 0.0039873985 0.013604222 283.84356228163 5.60885544196 1840.35229 -0.38 -3.043 -0.18953846871852875 -1.3345384769439699 0.24731433 0.23431432 25.12666666666667 15.201538 11.758365200889248 27.741819154036406 2.758257856500851 13.818071309651334
283.62009164423 5.73603776459 0.0577 0.0527 12.2592 "" "" 4282654900368857728 1505.3291 0.6184 0.0634 1.543 2.133 0.084 0.077 1.218 "" "" 15.799173 1.618377 16.01622 14.397843 "" "" 1367.90662 1628.73389 9021.47228 18.549 5357.1 577.41 13805.0 521.92 "" "" 0.003546165969654699 0.1170583 0.041221604 0.1582799 283.62009164423 5.73603776459 1505.3291 1.5429999999999997 2.133 1.7334615312814712 3.8414615230560303 0.27531433 0.26831433 "" "" 30.071303492508786 "" 8.104557728572479 ""
283.63964341407 5.3339454642 0.0592 0.0643 14.0869 "" "" 4282450597365283456 1517.51172 0.6292 0.0762 -1.767 2.828 0.067 0.067 1.602 5687.3 3.8149 15.903056 2.136268 16.975714 14.839446 "" "" 1362.13354 1686.90271 8198.31004 10.364 2213.8 15.839 9191.4 17.127 "" "" 0.0030782586168385676 0.008253975 0.004286815 0.012540789 283.63964341407 5.3339454642 1517.51172 -1.7670000000000006 2.828 -1.5765384687185287 4.53646152305603 0.2583143 0.2583143 "" "" 34.545120929431995 "" 8.923499128721222 ""
283.80278751323 5.6451537951 0.037 0.036 7.4229 "" "" 4282488255638897792 1654.93225 0.5507 0.0429 -0.842 -3.936 0.056 0.044 0.976 7018.1 3.5956 15.919421 2.562175 17.33263 14.770455 "" "" 1554.14514 1762.95068 8075.66185 5.0353 1593.5 9.8115 9794.4 17.488 "" "" 0.002837266678419478 0.0072440007 0.0042475723 0.0114915725 283.80278751323 5.6451537951 1654.93225 -0.842 -3.936 -0.6515384687185287 -2.2275384769439697 0.24731433 0.23531432 "" "" 18.2057708773102 "" 4.301698935691052 ""
283.8194555167 5.86913550175 0.1592 0.1676 19.7734 "" "" 4282681048133195776 2029.50342 0.5301 0.188 -2.66 -6.7 0.187 0.176 1.43 3646.1 0.539 15.930268 7.035736 21.256355 14.220619 "" "" 1482.46667 3130.2998 7995.38603 39.61 42.941 7.6008 16252.0 217.93 "" "" 0.00604349664604185 0.19220169 0.015041645 0.20724334 283.8194555167 5.86913550175 2029.50342 -2.66 -6.7 -2.469538468718529 -4.99153847694397 0.37831432 0.36731434 "" "" 53.573196142922214 "" 19.79546981183324 ""
283.71328834001 5.55786444684 0.0373 0.0406 0.2437 "" "" 4282463757145433600 1687.63074 0.551 0.0471 -0.059 -1.606 0.049 0.047 1.002 8859.1 3.8294 15.932161 2.523246 17.313448 14.790202 "" "" 1562.35571 1884.25623 7981.45704 6.3771 1621.9 12.182 9617.8 22.619 "" "" 0.002888655629274183 0.00861902 0.0045611043 0.013180124 283.71328834001 5.55786444684 1687.63074 -0.059000000000000025 -1.6059999999999992 0.13146153128147126 0.10246152305603018 0.24031432 0.23831433 "" "" 1.3332935611238157 "" 0.31940444327163964 ""
283.67441177264 5.70846621678 0.037 0.0343 9.503 "" "" 4282653835220390272 1548.74231 0.6037 0.0426 -2.97 -1.986 0.054 0.042 0.992 6305.5 3.7659 15.945668 2.591823 17.385866 14.794044 "" "" 1464.21655 1656.18384 7882.77804 5.0261 1517.3 14.446 9583.9 13.146 "" "" 0.0028409555751288634 0.0107070785 0.0040622256 0.014769305 283.67441177264 5.70846621678 1548.74231 -2.970000000000001 -1.986 -2.779538468718529 -0.2775384769439697 0.24531433 0.23331432 "" "" 20.50616556536853 "" 5.028085945545998 ""
283.57647850456 5.3984051903 0.0433 0.0513 12.6268 "" "" 4282452040474302848 1834.58044 0.5004 0.0641 -1.822 -0.144 0.052 0.045 1.083 6748.6 3.8513 15.946722 2.546976 17.351421 14.804445 "" "" 1648.71387 2045.28223 7875.13446 5.4199 1566.2 12.925 9492.5 21.721 "" "" 0.0028548468429780097 0.009384376 0.004522834 0.01390721 283.57647850456 5.3984051903 1834.58044 -1.822 -0.144 -1.6315384687185288 1.5644615230560304 0.24331433 0.23631433 "" "" 19.65633303086058 "" 4.717257605766231 ""
283.84711913938 5.66308999945 0.0483 0.0493 10.0987 "" "" 4282488427437580288 1400.76123 0.6744 0.0577 2.237 -0.966 0.066 0.057 1.395 7154.2 4.0581 15.948194 2.23069 17.103533 14.872843 "" "" 1319.7644 1510.44702 7864.47048 6.9415 1967.9 13.948 8912.9 15.127 "" "" 0.0029172172522169454 0.008185645 0.004204679 0.012390323 283.84711913938 5.66308999945 1400.76123 2.237 -0.9659999999999999 2.4274615312814714 0.7424615230560303 0.25731432 0.24831432 "" "" 16.854431471295136 "" 4.324118176453283 ""
283.84405865024 5.70436649977 0.0449 0.0474 11.7127 "" "" 4282488908473937920 1877.10425 0.4766 0.0537 -0.925 -4.914 0.058 0.054 0.934 7234.4 2.591 15.953002 3.937791 18.472115 14.534324 1.66 7.75 1717.02942 2090.87695 7829.71204 6.8121 557.92 12.821 12174.0 21.726 "" "" 0.0029127488890134433 0.02510574 0.0042471327 0.029352874 283.84405865024 5.70436649977 1877.10425 -0.925 -4.914 -0.7345384687185288 -3.2055384769439694 0.24931432 0.24531433 -25.85333333333333 15.531538 29.26041437824948 39.04570007095933 7.183883175873025 11.60779427601767
283.87221339083 5.57419950117 0.0377 0.0378 9.3459 "" "" 4282483823232591360 1433.61047 0.6486 0.045 -0.751 -2.595 0.055 0.045 1.07 7025.7 3.8271 15.958551 2.552044 17.3556 14.803556 "" "" 1347.11743 1547.42322 7789.79783 5.3362 1560.2 16.19 9500.3 13.688 "" "" 0.0028539379356650016 0.011606902 0.0040903348 0.015697237 283.87221339083 5.57419950117 1433.61047 -0.7509999999999999 -2.595000000000003 -0.5605384687185287 -0.8865384769439699 0.24631432 0.23631433 "" "" 7.127483431618072 "" 1.7049864732102087 ""
283.56568653482 5.88755101418 0.0469 0.0468 21.8539 "" "" 4282695165686498432 2025.81494 0.4591 0.055 0.961 -2.478 0.063 0.053 1.035 7822.0 3.4679 15.988751 3.510588 18.149572 14.638985 "" "" 1825.77429 2275.87451 7576.10526 6.1042 750.91 7.296 11055.0 11.874 "" "" 0.002890857723175641 0.010911992 0.0039552096 0.014867201 283.56568653482 5.88755101418 2025.81494 0.9609999999999991 -2.477999999999998 1.151461531281471 -0.7695384769439699 0.25431433 0.24431433 "" "" 13.29867667357609 "" 3.3415498841916684 ""
283.63802890736 5.79005721075 0.0382 0.0353 14.8212 "" "" 4282681563529294976 1635.54285 0.5593 0.0426 -1.287 0.243 0.057 0.045 0.994 7296.8 3.5659 16.015661 3.058266 17.813852 14.755587 "" "" 1534.00708 1733.81836 7390.64525 4.6679 1023.0 13.421 9929.4 18.797 "" "" 0.002839372725699361 0.014514753 0.0043021236 0.018816877 283.63802890736 5.79005721075 1635.54285 -1.2870000000000004 0.243 -1.0965384687185287 1.9514615230560302 0.24831432 0.23631433 "" "" 17.35342002759631 "" 4.151786070325718 ""
283.44067044643 5.43438777892 0.0365 0.0376 18.0294 "" "" 4282454789253385088 1423.2489 0.6655 0.0431 1.62 4.218 0.043 0.042 0.989 6715.8 3.8817 16.029972 2.374148 17.303288 14.929139 "" "" 1338.6377 1519.10291 7293.87048 3.8717 1637.2 11.811 8462.6 16.754 "" "" 0.002814949498001889 0.008314782 0.004347886 0.012662668 283.44067044643 5.43438777892 1423.2489 1.6200000000000006 4.218000000000006 1.8104615312814714 5.92646152305603 0.23431432 0.23331432 "" "" 41.805061434645516 "" 9.757294854509368 ""
283.6597364993 5.51583624654 0.042 0.046 4.1674 "" "" 4282462073518408832 1573.2041 0.6035 0.0537 -0.237 -1.822 0.049 0.049 0.986 9303.9 3.7813 16.032991 2.235657 17.195894 14.960237 "" "" 1464.71741 1674.70581 7273.61204 4.5542 1807.4 9.6503 8223.6 11.96 "" "" 0.0028379443849210757 0.0064336164 0.0040959856 0.010529602 283.6597364993 5.51583624654 1573.2041 -0.237 -1.822 -0.046538468718528736 -0.11353847694396979 0.24031432 0.24031432 "" "" 0.9150186917152182 "" 0.21989209443959878 ""
283.80371160439 5.81270656807 0.0371 0.0393 16.2639 "" "" 4282679605024166400 1547.99658 0.5942 0.0475 -3.815 -2.39 0.048 0.045 0.985 6538.4 3.7176 16.038277 2.644957 17.504683 14.859726 "" "" 1439.6261 1694.67871 7238.29449 5.259 1360.0 12.501 9021.3 15.534 "" "" 0.0028660189210869364 0.010362687 0.0042165113 0.014579197 283.80371160439 5.81270656807 1547.99658 -3.815 -2.3899999999999997 -3.6245384687185287 -0.6815384769439699 0.23931432 0.23631433 "" "" 27.061141534755357 "" 6.473363042621995 ""
283.74785373625 5.56388537357 0.0392 0.0398 1.9164 "" "" 4282463821568010112 1743.73901 0.5373 0.0458 -0.093 -1.711 0.053 0.049 1.047 8632.2 3.7738 16.06039 2.777929 17.632994 14.855064 "" "" 1624.66199 1894.88037 7092.36159 5.6366 1208.4 10.209 9060.1 14.297 "" "" 0.0028872741806850104 0.009587665 0.004149598 0.013737263 283.74785373625 5.56388537357 1743.73901 -0.0930000000000001 -1.711000000000001 0.09746153128147125 -0.002538476943969803 0.24431433 0.24031432 "" "" 0.8058242199912962 "" 0.19687223536036702 ""
283.54558977651 5.85579326993 0.0422 0.0469 20.6994 "" "" 4282694585870194176 1448.68665 0.6587 0.0517 -0.461 -0.934 0.056 0.049 1.008 8585.0 4.2049 16.077564 2.219366 17.228048 15.008682 "" "" 1371.16724 1542.71387 6981.0597 4.4517 1754.7 12.049 7864.8 15.986 "" "" 0.002840976040131493 0.0079604285 0.004376528 0.012336956 283.54558977651 5.85579326993 1448.68665 -0.461 -0.9339999999999999 -0.27053846871852877 0.7744615230560302 0.24731433 0.24031432 "" "" 5.633190413727453 "" 1.358080338694704 ""
283.59174247682 5.69758935155 0.0822 0.075 11.3197 "" "" 4282654316256750464 1979.63525 0.4798 0.0841 -0.917 -4.207 0.114 0.11 2.293 9116.3 3.7049 16.07925 2.913249 17.636957 14.723708 "" "" 1666.92493 2346.38306 6970.21593 12.422 1204.0 9.0703 10225.0 18.565 "" "" 0.003366870711000783 0.008642166 0.0042626057 0.012904772 283.59174247682 5.69758935155 1979.63525 -0.9169999999999999 -4.207 -0.7265384687185288 -2.4985384769439696 0.30531433 0.30131432 "" "" 24.416059827664245 "" 7.3645694096727015 ""
283.61229682387 5.73375000186 0.0429 0.0386 12.3665 "" "" 4282654900372310144 1537.37097 0.6237 0.0481 0.092 -1.12 0.068 0.05 1.082 6025.2 3.6488 16.082085 2.363876 17.279764 14.915888 "" "" 1432.47168 1638.88171 6952.05283 5.9939 1673.1 11.029 8566.5 36.527 "" "" 0.002909994241868048 0.007681763 0.005976293 0.013658056 283.61229682387 5.73375000186 1537.37097 0.09200000000000003 -1.12 0.2824615312814712 0.5884615230560302 0.25931433 0.24131432 "" "" 4.756617731932369 "" 1.1643518856719781 ""
283.73224826485 5.42271821751 0.0423 0.0421 8.0383 "" "" 4282457297514769024 1970.91382 0.4764 0.0486 1.602 -2.652 0.055 0.052 1.095 "" "" 16.112288 2.646564 17.554535 14.907971 "" "" 1784.46851 2183.66675 6761.32745 4.9688 1299.0 12.275 8629.2 44.521 "" "" 0.0028685223197992857 0.010632377 0.0067574107 0.017389787 283.73224826485 5.42271821751 1970.91382 1.6019999999999988 -2.652 1.7924615312814713 -0.9435384769439699 0.24631432 0.24331433 "" "" 18.92371637571333 "" 4.648923603889127 ""
283.80322727726 5.35018418794 0.0807 0.0736 13.3736 "" "" 4282444275173924096 1592.99036 0.5573 0.0878 -4.047 -6.871 0.092 0.089 1.132 6660.2 3.1811 16.134396 3.841992 18.576015 14.734023 "" "" 1410.46338 1871.09143 6625.04538 6.9564 507.0 9.3729 10129.0 15.029 "" "" 0.0029818584801098147 0.020264985 0.0041084005 0.024373386 283.80322727726 5.35018418794 1592.99036 -4.047 -6.871 -3.8565384687185285 -5.16253847694397 0.28331432 0.28031433 "" "" 48.656929785758216 "" 13.691695537089206 ""
283.72987355079 5.65603858795 0.0412 0.0442 6.0644 "" "" 4282465543851865984 1907.57507 0.4892 0.0535 0.127 -3.08 0.059 0.053 1.002 7180.1 3.0227 16.167238 2.432847 17.48291 15.050063 "" "" 1726.64709 2103.27246 6427.64391 4.6076 1387.6 11.823 7570.6 14.19 "" "" 0.002863134827700779 0.009662591 0.0042924564 0.013955047 283.72987355079 5.65603858795 1907.57507 0.12699999999999997 -3.0800000000000023 0.31746153128147125 -1.3715384769439698 0.25031433 0.24431433 "" "" 12.729191104380847 "" 3.1138527366987816 ""
283.88500157811 5.6421369047 0.0414 0.0418 11.3006 "" "" 4282485403780582400 1532.36829 0.6284 0.0481 0.261 -4.646 0.055 0.049 1.028 8467.2 3.6153 16.168005 2.156323 17.268307 15.111983 "" "" 1394.24878 1644.79529 6423.10586 4.3778 1690.8 15.778 7151.0 13.898 "" "" 0.0028529630228009625 0.01050891 0.004328555 0.014837464 283.88500157811 5.6421369047 1532.36829 0.2610000000000004 -4.645999999999997 0.45146153128147126 -2.9375384769439696 0.24631432 0.24031432 "" "" 21.587103788724935 "" 5.19071528172342 ""
283.75245513442 5.26469567531 0.047 0.0451 17.5959 "" "" 4282434478351264640 1719.91736 0.5349 0.0504 1.051 -2.04 0.052 0.051 1.054 8231.6 3.6319 16.172241 3.015314 17.922438 14.907124 "" "" 1581.7157 1892.4043 6398.08961 5.3454 925.64 8.3468 8635.9 21.679 "" "" 0.002900795759673501 0.010180264 0.004659658 0.014839921 283.75245513442 5.26469567531 1719.91736 1.051 -2.04 1.2414615312814712 -0.33153847694396976 0.24331433 0.24231432 "" "" 10.47558927261251 "" 2.5481649111552724 ""
283.89763992036 5.49907742614 0.0693 0.0661 11.3232 "" "" 4282447917305954432 2066.98657 0.4376 0.0794 -4.608 -3.965 0.092 0.075 1.108 5984.6 2.6102 16.189716 3.798557 18.59359 14.795032 "" "" 1756.31067 2382.21631 6295.93149 6.9073 498.86 12.284 9575.1 19.166 "" "" 0.0030017774919038603 0.026880523 0.0043596793 0.031240202 283.89763992036 5.49907742614 2066.98657 -4.608 -3.965 -4.417538468718528 -2.2565384769439696 0.28331432 0.26631433 "" "" 48.6006309396366 "" 13.602401427493952 ""
283.41643523552 5.35713586073 0.0749 0.0843 21.5396 "" "" 4282453792820966016 1870.35437 0.482 0.0961 -3.918 -5.946 0.086 0.082 0.958 4644.3 2.3364 16.203722 4.050457 18.827623 14.777166 "" "" 1560.33484 2178.73828 6215.23523 6.9372 402.13 18.81 9734.0 26.429 "" "" 0.003010047170040015 0.050862893 0.0047931075 0.055656 283.41643523552 5.35713586073 1870.35437 -3.9180000000000033 -5.945999999999992 -3.727538468718529 -4.2375384769439695 0.27731434 0.27331433 "" "" 50.03404949481797 "" 13.762686424747068 ""
283.41255286057 5.3624491362 0.0508 0.0564 21.5599 "" "" 4282453792820967040 1804.44006 0.517 0.0633 -1.105 -3.088 0.058 0.056 1.027 6897.6 3.1659 16.203838 3.611261 18.437008 14.825747 "" "" 1620.36316 2076.20312 6214.57005 4.9235 576.25 13.77 9308.1 15.132 "" "" 0.0028864669783623806 0.02609422 0.004171231 0.03026545 283.41255286057 5.3624491362 1804.44006 -1.105 -3.088 -0.9145384687185287 -1.3795384769439698 0.24931432 0.24731433 "" "" 14.15653642477406 "" 3.5097826256685516 ""
283.39143495914 5.48937051768 0.042 0.0417 19.8363 "" "" 4282643596018802048 1444.93713 0.6673 0.0475 -1.091 -2.052 0.048 0.046 0.96 7223.8 4.1233 16.206678 2.2819 17.41821 15.13631 "" "" 1345.87903 1566.6322 6198.34367 4.3174 1472.8 10.916 6992.5 12.888 "" "" 0.002857222088709857 0.008517174 0.0042764805 0.012793655 283.39143495914 5.48937051768 1444.93713 -1.0909999999999997 -2.0519999999999974 -0.9005384687185287 -0.3435384769439698 0.23931432 0.23731433 "" "" 6.601344475820071 "" 1.5781251130317822 ""
