Clusters/Archinal_1/Archinal_1_members.tsv
# %ECSV 1.0
# ---
# datatype:
# - name: RA_ICRS_1
#   unit: deg
#   datatype: float64
#   format: '{:15.11f}'
#   description: Right ascension (ICRS) at Ep=2016.0 (ra)
#   meta: !!omap
#   - {ucd: POS_EQ_RA_MAIN}
#   - {width: 15}
#   - {precision: '11'}
# - name: DE_ICRS_1
#   unit: deg
#   datatype: float64
#   format: '{:15.11f}'
#   description: Declination (ICRS) at Ep=2016.0 (dec)
#   meta: !!omap
#   - {ucd: POS_EQ_DEC_MAIN}
#   - {width: 15}
#   - {precision: '11'}
# - name: e_RA_ICRS
#   unit: mas
#   datatype: float64
#   format: '{:7.4f}'
#   description: Standard error of right ascension (ra_error)
#   meta: !!omap
#   - {ucd: ERROR}
#   - {width: 7}
#   - {precision: '4'}
# - name: e_DE_ICRS
#   unit: mas
#   datatype: float64
#   format: '{:7.4f}'
#   description: Standard error of declination (dec_error)
#   meta: !!omap
#   - {ucd: ERROR}
#   - {width: 7}
#   - {precision: '4'}
# - name: _r_1
#   unit: ''
#   datatype: float64
#   format: '{:7.4f}'
#   description: Distance from center (283.71680625000+05.55580597000)[ICRS], at Epoch=J2016.0
#   meta: !!omap
#   - {ucd: POS_ANG_DIST_GENERAL}
#   - {width: 7}
#   - {precision: '4'}
# - name: HIP
#   datatype: int32
#   description: '? HIP cross-id number, van Leeuwen, Cat. I/311 (hip_original_ext_source_id)'
#   meta: !!omap
#   - {ucd: ID_NUMBER}
#   - {width: 6}
#   - values: {'null': -2147483648}
# - name: TYC2
#   datatype: string
#   description: Tycho-2 cross-id name, Hog et al., Cat. I/259 (tyc2_original_ext_source_id)
#   meta: !!omap
#   - {ucd: ID_CROSSID}
#   - {_votable_string_dtype: char}
# - name: Source
#   datatype: int64
#   description: Source identifier, identical to the Gaia-EDR3 source_id (id)
#   meta: !!omap
#   - {ucd: ID_MAIN}
#   - {width: 19}
# - name: rgeo
#   unit: pc
#   datatype: float64
#   format: '{:15.8f}'
#   description: '? Median of the geometric distance posterior (r_med_geo)'
#   meta: !!omap
#   - {ucd: PHYS_DISTANCE_TRUE}
#   - {width: 15}
#   - {precision: '8'}
#   - values: {'null': .nan}
# - name: Plx
#   unit: mas
#   datatype: float64
#   format: '{:9.4f}'
#   description: '? Parallax (parallax)'
#   meta: !!omap
#   - {ucd: POS_PARLX_TRIG}
#   - {width: 9}
#   - {precision: '4'}
#   - values: {'null': .nan}
# - name: e_Plx
#   unit: mas
#   datatype: float32
#   format: '{:7.4f}'
#   description: '? Standard error of parallax (parallax_error)'
#   meta: !!omap
#   - {ucd: ERROR}
#   - {width: 7}
#   - {precision: '4'}
#   - values: {'null': .nan}
# - name: pmRA
#   unit: mas / yr
#   datatype: float64
#   format: '{:9.3f}'
#   description: '? Proper motion in right ascension direction, pmRA*cosDE (pmra)'
#   meta: !!omap
#   - {ucd: POS_EQ_PMRA}
#   - {width: 9}
#   - {precision: '3'}
#   - values: {'null': .nan}
# - name: pmDE
#   unit: mas / yr
#   datatype: float64
#   format: '{:9.3f}'
#   description: '? Proper motion in declination direction (pmdec)'
#   meta: !!omap
#   - {ucd: POS_EQ_PMDEC}
#   - {width: 9}
#   - {precision: '3'}
#   - values: {'null': .nan}
# - name: e_pmRA
#   unit: mas / yr
#   datatype: float32
#   format: '{:6.3f}'
#   description: '? Standard error of proper motion in right ascension direction (pmra_error)'
#   meta: !!omap
#   - {ucd: ERROR}
#   - {width: 6}
#   - {precision: '3'}
#   - values: {'null': .nan}
# - name: e_pmDE
#   unit: mas / yr
#   datatype: float32
#   format: '{:6.3f}'
#   description: '? Standard error of proper motion in declination direction (pmdec_error)'
#   meta: !!omap
#   - {ucd: ERROR}
#   - {width: 6}
#   - {precision: '3'}
#   - values: {'null': .nan}
# - name: RUWE
#   datatype: float64
#   format: '{:7.3f}'
#   description: '? Renormalised unit weight error (ruwe)'
#   meta: !!omap
#   - {ucd: ERROR}
#   - {width: 7}
#   - {precision: '3'}
#   - values: {'null': .nan}
# - name: Teff
#   unit: K
#   datatype: float64
#   format: '{:7.1f}'
#   description: '? Effective temperature from GSP-Phot Aeneas best library using BP/RP spectra (teff_gspphot)'
#   meta: !!omap
#   - {ucd: PHYS_TEMP_EFFEC}
#   - {width: 7}
#   - {precision: '1'}
#   - values: {'null': .nan}
# - name: logg
#   unit: log(cm.s**-2)
#   datatype: float64
#   format: '{:7.4f}'
#   description: '? Surface gravity from GSP-Phot Aeneas best library using BP/RP spectra (logg_gspphot)'
#   meta: !!omap
#   - {ucd: PHYS_GRAVITY_SURFACE}
#   - {width: 7}
#   - {precision: '4'}
#   - values: {'null': .nan}
# - name: Gmag
#   unit: mag
#   datatype: float64
#   format: '{:9.6f}'
#   description: '? G-band mean magnitude (phot_g_mean_mag)'
#   meta: !!omap
#   - {ucd: PHOT_MAG_OPTICAL}
#   - {width: 9}
#   - {precision: '6'}
#   - values: {'null': .nan}
# - name: BP-RP
#   unit: mag
#   datatype: float64
#   format: '{:9.6f}'
#   description: '? BP-RP colour (bp_rp)'
#   meta: !!omap
#   - {ucd: PHOT_CI_B-R}
#   - {width: 9}
#   - {precision: '6'}
#   - values: {'null': .nan}
# - name: BPmag
#   unit: mag
#   datatype: float64
#   format: '{:9.6f}'
#   description: '? Integrated BP mean magnitude (phot_bp_mean_mag)'
#   meta: !!omap
#   - {ucd: PHOT_MAG_B}
#   - {width: 9}
#   - {precision: '6'}
#   - values: {'null': .nan}
# - name: RPmag
#   unit: mag
#   datatype: float64
#   format: '{:9.6f}'
#   description: '? Integrated RP mean magnitude (phot_rp_mean_mag)'
#   meta: !!omap
#   - {ucd: PHOT_MAG_R}
#   - {width: 9}
#   - {precision: '6'}
#   - values: {'null': .nan}
# - name: RV
#   unit: km / s
#   datatype: float64
#   format: '{:7.2f}'
#   description: '? Radial velocity (radial_velocity)'
#   meta: !!omap
#   - {ucd: VELOC_BARYCENTER}
#   - {width: 7}
#   - {precision: '2'}
#   - values: {'null': .nan}
# - name: e_RV
#   unit: km / s
#   datatype: float32
#   format: '{:5.2f}'
#   description: '? Radial velocity error (radial_velocity_error)'
#   meta: !!omap
#   - {ucd: ERROR}
#   - {width: 5}
#   - {precision: '2'}
#   - values: {'null': .nan}
# - name: b_rgeo
#   unit: pc
#   datatype: float64
#   format: '{:14.8f}'
#   description: '? 16th percentile of the geometric distance posterior (r_lo_geo)'
#   meta: !!omap
#   - {ucd: ERROR}
#   - {width: 14}
#   - {precision: '8'}
#   - values: {'null': .nan}
# - name: B_rgeo
#   unit: pc
#   datatype: float64
#   format: '{:14.8f}'
#   description: '? 84th percentile of the geometric distance posterior (r_hi_geo)'
#   meta: !!omap
#   - {ucd: ERROR}
#   - {width: 14}
#   - {precision: '8'}
#   - values: {'null': .nan}
# - name: FG
#   unit: ''
#   datatype: float64
#   format: '{:16.5f}'
#   description: '? G-band mean flux (phot_g_mean_flux)'
#   meta: !!omap
#   - {ucd: PHOT_FLUX_OPTICAL}
#   - {width: 16}
#   - {precision: '5'}
#   - values: {'null': .nan}
# - name: e_FG
#   unit: ''
#   datatype: float32
#   format: '{:11.4g}'
#   description: '? Error on G-band mean flux (phot_g_mean_flux_error)'
#   meta: !!omap
#   - {ucd: ERROR}
#   - {width: 11}
#   - {precision: E4}
#   - values: {'null': .nan}
# - name: FBP
#   unit: ''
#   datatype: float32
#   format: '{:11.4g}'
#   description: '? Integrated BP mean flux (phot_bp_mean_flux)'
#   meta: !!omap
#   - {ucd: PHOT_FLUX_B}
#   - {width: 11}
#   - {precision: E4}
#   - values: {'null': .nan}
# - name: e_FBP
#   unit: ''
#   datatype: float32
#   format: '{:11.4g}'
#   description: '? Error on the integrated BP mean flux (phot_bp_mean_flux_error)'
#   meta: !!omap
#   - {ucd: ERROR}
#   - {width: 11}
#   - {precision: E4}
#   - values: {'null': .nan}
# - name: FRP
#   unit: ''
#   datatype: float32
#   format: '{:11.4g}'
#   description: '? Integrated RP mean flux (phot_rp_mean_flux)'
#   meta: !!omap
#   - {ucd: PHOT_FLUX_R}
#   - {width: 11}
#   - {precision: E4}
#   - values: {'null': .nan}
# - name: e_FRP
#   unit: ''
#   datatype: float32
#   format: '{:11.4g}'
#   description: '? Error on the integrated RP mean flux (phot_rp_mean_flux_error)'
#   meta: !!omap
#   - {ucd: ERROR}
#   - {width: 11}
#   - {precision: E4}
#   - values: {'null': .nan}
# - name: RAVE5
#   datatype: string
#   description: RAVE DR5 cross-id name, Kunder et al., Cat. III/279 (rave5_original_ext_source_id)
#   meta: !!omap
#   - {ucd: ID_CROSSID}
#   - {_votable_string_dtype: char}
# - name: RAVE6
#   datatype: string
#   description: RAVE DR6 cross-id name, Steinmetz et al., Cat. III/283 (rave6_original_ext_source_id)
#   meta: !!omap
#   - {ucd: ID_CROSSID}
#   - {_votable_string_dtype: char}
# - name: e_Gmag
#   unit: ''
#   datatype: float64
#   format: '{:11.4g}'
#   description: '? Error on G-band mean flux (phot_g_mean_flux_error)'
#   meta: !!omap
#   - {ucd: ERROR}
#   - {width: 11}
#   - {precision: E4}
#   - values: {'null': .nan}
# - name: e_BPmag
#   unit: ''
#   datatype: float32
#   format: '{:11.4g}'
#   description: '? Error on the integrated BP mean flux (phot_bp_mean_flux_error)'
#   meta: !!omap
#   - {ucd: ERROR}
#   - {width: 11}
#   - {precision: E4}
#   - values: {'null': .nan}
# - name: e_RPmag
#   unit: ''
#   datatype: float32
#   format: '{:11.4g}'
#   description: '? Error on the integrated RP mean flux (phot_rp_mean_flux_error)'
#   meta: !!omap
#   - {ucd: ERROR}
#   - {width: 11}
#   - {precision: E4}
#   - values: {'null': .nan}
# - name: e_BP-RP
#   unit: ''
#   datatype: float32
#   format: '{:11.4g}'
#   description: '? Error on the integrated BP mean flux (phot_bp_mean_flux_error)'
#   meta: !!omap
#   - {ucd: ERROR}
#   - {width: 11}
#   - {precision: E4}
#   - values: {'null': .nan}
# - name: SkyCoord.ra
#   unit: deg
#   datatype: float64
#   format: '{:15.11f}'
#   description: Right ascension (ICRS) at Ep=2016.0 (ra)
#   meta: !!omap
#   - {ucd: POS_EQ_RA_MAIN}
#   - {width: 15}
#   - {precision: '11'}
# - name: SkyCoord.dec
#   unit: deg
#   datatype: float64
#   format: '{:15.11f}'
#   description: Declination (ICRS) at Ep=2016.0 (dec)
#   meta: !!omap
#   - {ucd: POS_EQ_DEC_MAIN}
#   - {width: 15}
#   - {precision: '11'}
# - name: SkyCoord.distance
#   unit: pc
#   datatype: float64
#   format: '{:15.8f}'
#   description: '? Median of the geometric distance posterior (r_med_geo)'
#   meta: !!omap
#   - {ucd: PHYS_DISTANCE_TRUE}
#   - {width: 15}
#   - {precision: '8'}
#   - values: {'null': .nan}
# - {name: SkyCoord.pm_ra_cosdec, unit: mas / yr, datatype: float64}
# - {name: SkyCoord.pm_dec, unit: mas / yr, datatype: float64}
# - {name: rmRA, unit: mas / yr, datatype: float64}
# - {name: rmDE, unit: mas / yr, datatype: float64}
# - {name: e_rmRA, unit: mas / yr, datatype: float32}
# - {name: e_rmDE, unit: mas / yr, datatype: float32}
# - name: rRV
#   unit: km / s
#   datatype: float64
#   format: '{:7.2f}'
#   description: '? Radial velocity (radial_velocity)'
#   meta: !!omap
#   - {ucd: VELOC_BARYCENTER}
#   - {width: 7}
#   - {precision: '2'}
#   - values: {'null': .nan}
# - name: e_rRV
#   unit: km / s
#   datatype: float32
#   format: '{:5.2f}'
#   description: '? Radial velocity error (radial_velocity_error)'
#   meta: !!omap
#   - {ucd: ERROR}
#   - {width: 5}
#   - {precision: '2'}
#   - values: {'null': .nan}
# - {name: v_pec, unit: km / s, datatype: float64}
# - name: v_pec3d
#   unit: km / s
#   datatype: float64
#   format: '{:7.2f}'
#   description: '? Radial velocity (radial_velocity)'
#   meta: !!omap
#   - {ucd: VELOC_BARYCENTER}
#   - {width: 7}
#   - {precision: '2'}
#   - values: {'null': .nan}
# - {name: e_vpec, unit: km / s, datatype: float64}
# - name: e_vpec3d
#   unit: km / s
#   datatype: float64
#   format: '{:7.2f}'
#   description: '? Radial velocity (radial_velocity)'
#   meta: !!omap
#   - {ucd: VELOC_BARYCENTER}
#   - {width: 7}
#   - {precision: '2'}
#   - values: {'null': .nan}
# - {name: Pmemb, datatype: float64}
# meta: !!omap
# - {ID: I_352_gedr3dis}
# - {name: I/352/gedr3dis}
# - {description: Estimating distances from parallaxes (1467744818 sources)}
# - __serialized_columns__:
#     SkyCoord:
#       __class__: astropy.coordinates.sky_coordinate.SkyCoord
#       dec: !astropy.table.SerializedColumn
#         __class__: astropy.coordinates.angles.Latitude
#         unit: &id001 !astropy.units.Unit {unit: deg}
#         value: !astropy.table.SerializedColumn {name: SkyCoord.dec}
#       distance: !astropy.table.SerializedColumn
#         __class__: astropy.coordinates.distances.Distance
#         unit: !astropy.units.Unit {unit: pc}
#         value: !astropy.table.SerializedColumn {name: SkyCoord.distance}
#       frame: icrs
#       obstime: !astropy.time.Time {format: jyear_str, in_subfmt: '*', jd1: 367701545.0, jd2: 0.0, out_subfmt: '*', precision: 3, scale: tt}
#       pm_dec: !astropy.table.SerializedColumn
#         __class__: astropy.units.quantity.Quantity
#         unit: !astropy.units.Unit {unit: mas / yr}
#         value: !astropy.table.SerializedColumn {name: SkyCoord.pm_dec}
#       pm_ra_cosdec: !astropy.table.SerializedColumn
#         __class__: astropy.units.quantity.Quantity
#         unit: !astropy.units.Unit {unit: mas / yr}
#         value: !astropy.table.SerializedColumn {name: SkyCoord.pm_ra_cosdec}
#       ra: !astropy.table.SerializedColumn
#         __class__: astropy.coordinates.angles.Longitude
#         unit: *id001
#         value: !astropy.table.SerializedColumn {name: SkyCoord.ra}
#         wrap_angle: !astropy.coordinates.Angle
#           unit: *id001
#           value: 360.0
#       representation_type: spherical
# schema: astropy-2.0
RA_ICRS_1 DE_ICRS_1 e_RA_ICRS e_DE_ICRS _r_1 HIP TYC2 Source rgeo Plx e_Plx pmRA pmDE e_pmRA e_pmDE RUWE Teff logg Gmag BP-RP BPmag RPmag RV e_RV b_rgeo B_rgeo FG e_FG FBP e_FBP FRP e_FRP RAVE5 RAVE6 e_Gmag e_BPmag e_RPmag e_BP-RP SkyCoord.ra SkyCoord.dec SkyCoord.distance SkyCoord.pm_ra_cosdec SkyCoord.pm_dec rmRA rmDE e_rmRA e_rmDE rRV e_rRV v_pec v_pec3d e_vpec e_vpec3d Pmemb
283.70728649185 5.54166092991 0.0144 0.0154 1.0215 "" "" 4282463649769094272 1699.96228 0.5715 0.0174 -0.087 -1.912 0.019 0.019 1.038 15007.0 3.5327 12.816788 2.20332 13.962498 11.759177 36.62 25.01 1653.52588 1745.53882 140679.74081 59.194 35515.0 51.357 156850.0 158.47 "" "" 0.00279293720842405 0.0032015762 0.003935356 0.0071369326 283.70728649185 5.54166092991 1699.96228 -0.087 -1.912000000000002 0.10346153128147126 -0.20353847694396965 0.21031432 0.21031432 9.106666666666666 32.79154 1.8398001642398634 9.290653498119214 0.3869363177876777 32.142244549148444 1.0
283.70993090087 5.55004391716 0.012 0.0133 0.5368 "" "" 4282463752848309120 1784.91284 0.5188 0.0153 -0.077 -2.01 0.015 0.015 1.08 "" "" 13.066607 2.395757 14.352448 11.956692 14.47 28.49 1736.20154 1829.92383 111764.44023 66.818 24799.0 45.969 130760.0 199.16 "" "" 0.0028307463931834796 0.0034402856 0.0041253343 0.00756562 283.70993090087 5.55004391716 1784.91284 -0.07700000000000008 -2.01 0.11346153128147125 -0.3015384769439695 0.20631433 0.20631433 -13.043333333333331 36.271538 2.7257867864070793 13.325106305369419 0.5623688618382058 35.504725464116746 0.8
283.70434833694 5.55590340745 0.0141 0.016 0.744 "" "" 4282463757145436928 1520.39331 0.6143 0.0189 -0.249 -1.706 0.018 0.017 1.262 15005.0 3.5248 13.178193 2.406721 14.471316 12.064595 -11.14 25.42 1480.61682 1575.48718 100848.49117 50.454 22227.0 26.644 118390.0 100.39 "" "" 0.0028083523737657463 0.0030787888 0.0038899027 0.0069686915 283.70434833694 5.55590340745 1520.39331 -0.24900000000000022 -1.7059999999999997 -0.05853846871852875 0.0024615230560303125 0.20931432 0.20831433 -38.653333333333336 33.201538 0.4222398946457028 38.655639489037156 0.08838011146221074 33.19955733035103 1.0
283.70945811806 5.55958452746 0.0225 0.0238 0.4939 "" "" 4282463757145436032 1636.60938 0.5589 0.0282 -0.186 -1.699 0.028 0.028 1.048 7401.3 3.141 14.837496 2.587566 16.264921 13.677355 118.6 7.61 1571.18335 1715.96533 21875.0154 10.209 4260.4 10.772 26805.0 18.677 "" "" 0.002801525300592174 0.0039142105 0.003854353 0.0077685635 283.70945811806 5.55958452746 1636.60938 -0.186 -1.6990000000000003 0.004461531281471254 0.009461523056030208 0.21931432 0.21931432 91.08666666666666 15.391539 0.08114896863293801 91.086702814404 0.01779713102663488 15.391532511874674 1.0
283.69337463304 5.56331627654 0.0277 0.0288 1.4701 "" "" 4282463963303874816 1788.25378 0.5044 0.0335 -0.063 -1.54 0.035 0.033 1.179 "" "" 14.967511 2.603792 16.410244 13.806452 "" "" 1668.89575 1896.76843 19406.28586 13.022 3726.7 15.14 23800.0 34.361 "" "" 0.002850013160705553 0.005219287 0.004091558 0.009310845 283.69337463304 5.56331627654 1788.25378 -0.063 -1.5399999999999985 0.12746153128147125 0.16846152305603024 0.22631432 0.22431433 "" "" 1.7906064482472726 "" 0.40296614285677596 "" 1.0
283.73479994052 5.53131489525 0.031 0.0305 1.8204 "" "" 4282460729191537280 1548.27637 0.6039 0.0341 -0.153 -1.762 0.041 0.039 1.078 9333.6 3.5041 15.365396 2.490594 16.718966 14.228372 70.94 8.68 1475.85156 1646.99426 13452.05032 7.3047 2804.3 15.591 16137.0 16.753 "" "" 0.0028176917342004537 0.006649997 0.00394389 0.010593887 283.73479994052 5.53131489525 1548.27637 -0.15300000000000008 -1.762 0.037461531281471255 -0.05353847694396974 0.23231432 0.23031433 43.42666666666666 16.461538 0.47954269519399023 43.42931428164957 0.1107616986074906 16.460534802722066 1.0
283.79163022462 5.63851850983 0.0333 0.0318 6.6777 "" "" 4282488152559684224 1975.44592 0.4634 0.0389 -0.161 -1.677 0.047 0.04 1.109 9085.6 3.6503 15.4069 2.391966 16.68418 14.292213 "" "" 1837.39563 2126.49072 12947.52389 7.7854 2895.6 21.478 15215.0 23.431 "" "" 0.002831609534100226 0.008523051 0.004132723 0.012655774 283.79163022462 5.63851850983 1975.44592 -0.16100000000000017 -1.6769999999999987 0.029461531281471248 0.03146152305603023 0.23831433 0.23131433 "" "" 0.40359339297019076 "" 0.0946873596895882 "" 1.0
283.7054807899 5.54679778965 0.0318 0.0337 0.8658 "" "" 4282463718488787072 1499.66284 0.6224 0.039 -0.18 -1.695 0.041 0.04 0.988 9139.6 3.6584 15.614563 2.311902 16.828648 14.516746 "" "" 1422.49756 1593.31433 10693.54097 7.0326 2534.9 16.271 12373.0 23.626 "" "" 0.002846336849555574 0.007506906 0.004310667 0.011817573 283.7054807899 5.54679778965 1499.66284 -0.18 -1.6949999999999998 0.010461531281471259 0.013461523056030211 0.23231432 0.23131433 "" "" 0.12118860805720895 "" 0.028078354972185814 "" 1.0
283.70447971467 5.55823091865 0.0321 0.0355 0.7504 "" "" 4282463757145437568 2034.9314 0.4496 0.0417 -0.112 -1.741 0.041 0.04 1.029 8543.2 3.7379 15.677982 2.597739 17.11375 14.516011 "" "" 1859.4668 2226.32568 10086.81129 6.5953 1949.5 15.25 12381.0 19.208 "" "" 0.002845305878285102 0.008939763 0.004137753 0.013077516 283.70447971467 5.55823091865 2034.9314 -0.11200000000000002 -1.7410000000000014 0.07846153128147125 -0.03253847694396983 0.23231432 0.23131433 "" "" 0.8193042550021267 "" 0.19021610409434703 "" 1.0
283.70891378724 5.5107687822 0.0383 0.0376 2.743 "" "" 4282459183003296128 1635.30273 0.5482 0.0445 -0.819 -1.329 0.05 0.047 1.072 6332.8 3.0052 15.786128 3.372118 17.835632 14.463514 -64.41 5.95 1520.17163 1754.51782 9130.521 6.7049 1002.7 6.5439 12994.0 25.026 "" "" 0.0028683574697980787 0.0076153697 0.004319304 0.011934673 283.70891378724 5.5107687822 1635.30273 -0.819 -1.329 -0.6285384687185287 0.3794615230560303 0.24131432 0.23831433 -91.92333333333333 13.731538 5.691040745246635 92.09933309137026 1.3687899369841554 13.705558146931436 0.8
283.71328834001 5.55786444684 0.0373 0.0406 0.2437 "" "" 4282463757145433600 1687.63074 0.551 0.0471 -0.059 -1.606 0.049 0.047 1.002 8859.1 3.8294 15.932161 2.523246 17.313448 14.790202 "" "" 1562.35571 1884.25623 7981.45704 6.3771 1621.9 12.182 9617.8 22.619 "" "" 0.002888655629274183 0.00861902 0.0045611043 0.013180124 283.71328834001 5.55786444684 1687.63074 -0.059000000000000025 -1.6059999999999992 0.13146153128147126 0.10246152305603018 0.24031432 0.23831433 "" "" 1.3332935611238157 "" 0.31940444327163964 "" 1.0
283.6597364993 5.51583624654 0.042 0.046 4.1674 "" "" 4282462073518408832 1573.2041 0.6035 0.0537 -0.237 -1.822 0.049 0.049 0.986 9303.9 3.7813 16.032991 2.235657 17.195894 14.960237 "" "" 1464.71741 1674.70581 7273.61204 4.5542 1807.4 9.6503 8223.6 11.96 "" "" 0.0028379443849210757 0.0064336164 0.0040959856 0.010529602 283.6597364993 5.51583624654 1573.2041 -0.237 -1.822 -0.046538468718528736 -0.11353847694396979 0.24031432 0.24031432 "" "" 0.9150186917152182 "" 0.21989209443959878 "" 1.0
283.74785373625 5.56388537357 0.0392 0.0398 1.9164 "" "" 4282463821568010112 1743.73901 0.5373 0.0458 -0.093 -1.711 0.053 0.049 1.047 8632.2 3.7738 16.06039 2.777929 17.632994 14.855064 "" "" 1624.66199 1894.88037 7092.36159 5.6366 1208.4 10.209 9060.1 14.297 "" "" 0.0028872741806850104 0.009587665 0.004149598 0.013737263 283.74785373625 5.56388537357 1743.73901 -0.0930000000000001 -1.711000000000001 0.09746153128147125 -0.002538476943969803 0.24431433 0.24031432 "" "" 0.8058242199912962 "" 0.19687223536036702 "" 1.0
