Clusters/UBC_361/UBC_361_stars_in_region.tsv
# %ECSV 1.0
# ---
# datatype:
# - name: RA_ICRS_1
#   unit: deg
#   datatype: float64
#   format: '{:15.11f}'
#   description: Right ascension (ICRS) at Ep=2016.0 (ra)
#   meta: !!omap
#   - {ucd: POS_EQ_RA_MAIN}
#   - {width: 15}
#   - {precision: '11'}
# - name: DE_ICRS_1
#   unit: deg
#   datatype: float64
#   format: '{:15.11f}'
#   description: Declination (ICRS) at Ep=2016.0 (dec)
#   meta: !!omap
#   - {ucd: POS_EQ_DEC_MAIN}
#   - {width: 15}
#   - {precision: '11'}
# - name: e_RA_ICRS
#   unit: mas
#   datatype: float64
#   format: '{:7.4f}'
#   description: Standard error of right ascension (ra_error)
#   meta: !!omap
#   - {ucd: ERROR}
#   - {width: 7}
#   - {precision: '4'}
# - name: e_DE_ICRS
#   unit: mas
#   datatype: float64
#   format: '{:7.4f}'
#   description: Standard error of declination (dec_error)
#   meta: !!omap
#   - {ucd: ERROR}
#   - {width: 7}
#   - {precision: '4'}
# - name: _r_1
#   unit: ''
#   datatype: float64
#   format: '{:7.4f}'
#   description: Distance from center (290.00520623000+15.16010606000)[ICRS], at Epoch=J2016.0
#   meta: !!omap
#   - {ucd: POS_ANG_DIST_GENERAL}
#   - {width: 7}
#   - {precision: '4'}
# - name: HIP
#   datatype: int32
#   description: '? HIP cross-id number, van Leeuwen, Cat. I/311 (hip_original_ext_source_id)'
#   meta: !!omap
#   - {ucd: ID_NUMBER}
#   - {width: 6}
#   - values: {'null': -2147483648}
# - name: TYC2
#   datatype: string
#   description: Tycho-2 cross-id name, Hog et al., Cat. I/259 (tyc2_original_ext_source_id)
#   meta: !!omap
#   - {ucd: ID_CROSSID}
#   - {_votable_string_dtype: char}
# - name: Source
#   datatype: int64
#   description: Source identifier, identical to the Gaia-EDR3 source_id (id)
#   meta: !!omap
#   - {ucd: ID_MAIN}
#   - {width: 19}
# - name: rgeo
#   unit: pc
#   datatype: float64
#   format: '{:15.8f}'
#   description: '? Median of the geometric distance posterior (r_med_geo)'
#   meta: !!omap
#   - {ucd: PHYS_DISTANCE_TRUE}
#   - {width: 15}
#   - {precision: '8'}
#   - values: {'null': .nan}
# - name: Plx
#   unit: mas
#   datatype: float64
#   format: '{:9.4f}'
#   description: '? Parallax (parallax)'
#   meta: !!omap
#   - {ucd: POS_PARLX_TRIG}
#   - {width: 9}
#   - {precision: '4'}
#   - values: {'null': .nan}
# - name: e_Plx
#   unit: mas
#   datatype: float32
#   format: '{:7.4f}'
#   description: '? Standard error of parallax (parallax_error)'
#   meta: !!omap
#   - {ucd: ERROR}
#   - {width: 7}
#   - {precision: '4'}
#   - values: {'null': .nan}
# - name: pmRA
#   unit: mas / yr
#   datatype: float64
#   format: '{:9.3f}'
#   description: '? Proper motion in right ascension direction, pmRA*cosDE (pmra)'
#   meta: !!omap
#   - {ucd: POS_EQ_PMRA}
#   - {width: 9}
#   - {precision: '3'}
#   - values: {'null': .nan}
# - name: pmDE
#   unit: mas / yr
#   datatype: float64
#   format: '{:9.3f}'
#   description: '? Proper motion in declination direction (pmdec)'
#   meta: !!omap
#   - {ucd: POS_EQ_PMDEC}
#   - {width: 9}
#   - {precision: '3'}
#   - values: {'null': .nan}
# - name: e_pmRA
#   unit: mas / yr
#   datatype: float32
#   format: '{:6.3f}'
#   description: '? Standard error of proper motion in right ascension direction (pmra_error)'
#   meta: !!omap
#   - {ucd: ERROR}
#   - {width: 6}
#   - {precision: '3'}
#   - values: {'null': .nan}
# - name: e_pmDE
[...]
#         value: !astropy.table.SerializedColumn {name: SkyCoord.dec}
#       distance: !astropy.table.SerializedColumn
#         __class__: astropy.coordinates.distances.Distance
#         unit: !astropy.units.Unit {unit: pc}
#         value: !astropy.table.SerializedColumn {name: SkyCoord.distance}
#       frame: icrs
#       obstime: !astropy.time.Time {format: jyear_str, in_subfmt: '*', jd1: 367701545.0, jd2: 0.0, out_subfmt: '*', precision: 3, scale: tt}
#       pm_dec: !astropy.table.SerializedColumn
#         __class__: astropy.units.quantity.Quantity
#         unit: !astropy.units.Unit {unit: mas / yr}
#         value: !astropy.table.SerializedColumn {name: SkyCoord.pm_dec}
#       pm_ra_cosdec: !astropy.table.SerializedColumn
#         __class__: astropy.units.quantity.Quantity
#         unit: !astropy.units.Unit {unit: mas / yr}
#         value: !astropy.table.SerializedColumn {name: SkyCoord.pm_ra_cosdec}
#       ra: !astropy.table.SerializedColumn
#         __class__: astropy.coordinates.angles.Longitude
#         unit: *id001
#         value: !astropy.table.SerializedColumn {name: SkyCoord.ra}
#         wrap_angle: !astropy.coordinates.Angle
#           unit: *id001
#           value: 360.0
#       representation_type: spherical
# schema: astropy-2.0
RA_ICRS_1 DE_ICRS_1 e_RA_ICRS e_DE_ICRS _r_1 HIP TYC2 Source rgeo Plx e_Plx pmRA pmDE e_pmRA e_pmDE RUWE Teff logg Gmag BP-RP BPmag RPmag RV e_RV b_rgeo B_rgeo FG e_FG FBP e_FBP FRP e_FRP RAVE5 RAVE6 e_Gmag e_BPmag e_RPmag e_BP-RP SkyCoord.ra SkyCoord.dec SkyCoord.distance SkyCoord.pm_ra_cosdec SkyCoord.pm_dec rmRA rmDE e_rmRA e_rmDE rRV e_rRV v_pec v_pec3d e_vpec e_vpec3d
[from data line 887]
290.35739081451 14.93446563691 0.0348 0.0336 24.4891 "" "" 4319933567249041664 1394.73132 0.7063 0.0467 -0.658 -1.672 0.048 0.04 1.039 7365.3 4.3288 16.244179 1.711788 17.058096 15.346308 "" "" 1312.31946 1475.72729 5987.90599 3.2178 2052.0 8.5634 5762.8 14.103 "" "" 0.0028164180614121386 0.005321177 0.004619927 0.009941105 290.35739081451 14.93446563691 1394.73132 -0.6579999999999996 -1.672 1.045119993209839 3.5923198966979983 0.09468046 0.08668046 "" "" 24.73357913737391 "" 2.1600110077921055 ""
289.99604871428 15.12787271503 0.0336 0.0345 2.0054 "" "" 4320696937592933120 1309.67212 0.7326 0.0479 4.561 -4.0 0.043 0.039 1.008 5839.5 4.3996 16.245872 1.562099 16.97445 15.412351 "" "" 1233.51294 1389.34338 5978.57473 2.7907 2216.3 6.9862 5422.7 10.866 "" "" 0.002801542322423329 0.004415676 0.0043608425 0.0087765185 289.99604871428 15.12787271503 1309.67212 4.5610000000000035 -3.999999999999999 6.264119993209839 1.264319896697998 0.08968046 0.08568046 "" "" 39.67085705023685 "" 3.5516228350412846 ""
289.71299636168 15.47123449935 0.0377 0.0396 25.1879 "" "" 4320773662897975040 1694.61133 0.581 0.0578 -1.276 -5.929 0.049 0.049 0.967 6883.9 4.3361 16.248789 1.594363 16.98422 15.389857 "" "" 1559.72046 1850.25134 5962.54006 2.9217 2196.5 8.5102 5536.2 12.054 "" "" 0.002806213739958235 0.0050478373 0.004457816 0.009505654 289.71299636168 15.47123449935 1694.61133 -1.2760000000000002 -5.929000000000001 0.42711999320983884 -0.6646801033020022 0.09568046 0.09568046 "" "" 6.346308185941746 "" 0.6072176886512227 ""
290.21271973609 14.79245953975 0.188 0.1728 25.1249 "" "" 4319926214264551040 1396.26941 0.9578 0.2436 -3.5 -4.998 0.251 0.2 6.079 "" "" 16.24891 1.72582 16.798157 15.072337 "" "" 1009.96814 1935.94019 5961.8691 5.881 2607.1 9.8031 7416.9 26.85 "" "" 0.002956154474164422 0.004944911 0.0054527465 0.010397658 290.21271973609 14.79245953975 1396.26941 -3.5000000000000018 -4.997999999999999 -1.7968800067901611 0.2663198966979978 0.29768044 0.24668047 "" "" 12.022230760344721 "" 3.5667123686994957 ""
289.82494489157 15.46510053253 0.0338 0.037 21.0641 "" "" 4320762977017948800 1374.36316 0.6816 0.0527 -0.303 -7.704 0.042 0.044 0.938 6299.3 4.2799 16.249126 1.836423 17.149887 15.313464 "" "" 1298.65906 1463.99866 5960.6849 3.0211 1885.7 7.0272 5939.8 8.9966 "" "" 0.0028097349954374134 0.004914853 0.0041216584 0.009036511 289.82494489157 15.46510053253 1374.36316 -0.30300000000000016 -7.704000000000001 1.400119993209839 -2.4396801033020017 0.08868046 0.090680465 "" "" 18.324548299697344 "" 1.6526742578840354 ""
290.3914629092 15.15836901187 0.0352 0.0312 22.3692 "" "" 4320782149708108672 1450.90991 0.6767 0.0439 0.607 -8.073 0.043 0.035 0.978 4893.2 4.1745 16.249178 1.757722 17.086325 15.328603 "" "" 1368.62976 1547.76453 5960.40617 2.8136 1999.3 7.8047 5857.6 8.4327 "" "" 0.0028025820466017915 0.00507436 0.0040898453 0.009164205 290.3914629092 15.15836901187 1450.90991 0.607 -8.073000000000002 2.310119993209839 -2.8086801033020024 0.08968046 0.08168046 "" "" 25.010489042108553 "" 2.1258731593151254 ""
290.03300439693 15.13705561365 0.0344 0.0355 2.1224 "" "" 4320702778748803712 1547.31458 0.6363 0.055 0.935 -12.444 0.045 0.041 0.992 5203.7 4.2949 16.253382 1.639828 17.018623 15.378796 "" "" 1448.32788 1668.62805 5937.37102 2.779 2128.0 8.0032 5592.9 10.563 "" "" 0.0028017918579578034 0.0049455813 0.004299833 0.009245414 290.03300439693 15.13705561365 1547.31458 0.9349999999999996 -12.444 2.638119993209839 -7.179680103302003 0.09168047 0.08768046 "" "" 56.09997514466148 "" 4.946098331273237 ""
290.11143557126 15.13328561021 0.044 0.0469 6.3593 "" "" 4320691233875805696 1593.75635 0.6164 0.0635 -0.759 -6.107 0.059 0.06 1.303 5877.6 4.4022 16.25545 1.644039 17.016287 15.372248 "" "" 1477.77466 1723.00574 5926.07074 4.0789 2132.6 11.958 5626.8 9.1005 "" "" 0.002854866174856183 0.0066969087 0.004167411 0.010864319 290.11143557126 15.13328561021 1593.75635 -0.7589999999999997 -6.107 0.9441199932098389 -0.8426801033020022 0.105680466 0.10668046 "" "" 9.560046130315136 "" 1.0145602457361838 ""
290.14597119534 15.04998730627 0.0364 0.0368 10.4949 "" "" 4320689412809613184 1755.72668 0.5448 0.0506 -0.832 -3.384 0.045 0.043 0.916 6895.2 4.3667 16.259089 1.397295 16.888216 15.490921 "" "" 1631.92493 1905.46106 5906.23866 2.8903 2399.6 6.9935 5044.2 14.355 "" "" 0.002806080975456651 0.004218762 0.0048816805 0.009100443 290.14597119534 15.04998730627 1755.72668 -0.8320000000000001 -3.384 0.8711199932098389 1.8803198966979981 0.09168047 0.08968046 "" "" 17.246031508005874 "" 1.552782746836082 ""
290.4156935451 15.01965544035 0.0344 0.0345 25.229 "" "" 4319935869351329280 1258.95532 0.7591 0.047 -8.983 -12.866 0.045 0.039 0.947 6646.1 4.2766 16.261457 1.829468 17.147835 15.318367 "" "" 1179.5144 1379.85083 5893.37004 2.5526 1889.2 6.5491 5913.0 11.998 "" "" 0.002795163550474451 0.004685225 0.004374606 0.0090598315 290.4156935451 15.01965544035 1258.95532 -8.983 -12.865999999999996 -7.279880006790162 -7.601680103302002 0.09168047 0.08568046 "" "" 62.80925449826283 "" 5.564993516084624 ""
289.68517378005 15.45784088818 0.038 0.0392 25.732 "" "" 4320773246223783936 1406.1825 0.6877 0.0573 -14.656 -10.562 0.05 0.046 1.042 5203.9 4.2937 16.264698 1.722391 17.077377 15.354986 "" "" 1321.9989 1517.26953 5875.80485 3.1653 2015.9 7.6392 5716.9 17.287 "" "" 0.0028167147433334288 0.0049712253 0.0050062397 0.0099774655 289.68517378005 15.45784088818 1406.1825 -14.655999999999993 -10.562 -12.952880006790162 -5.297680103302001 0.09668046 0.09268046 "" "" 93.27677438368943 "" 8.96552634643614 ""
290.16483756001 14.76267679922 0.0455 0.043 25.5781 "" "" 4319924629405704448 1741.19299 0.5515 0.0576 -1.348 -10.682 0.059 0.052 1.356 7079.2 4.2522 16.265478 1.779949 17.091608 15.311659 "" "" 1600.95105 1921.98804 5871.58576 4.447 1989.6 7.6412 5949.7 7.9858 "" "" 0.0028754103179848612 0.0050172373 0.0040506097 0.009067846 290.16483756001 14.76267679922 1741.19299 -1.3480000000000008 -10.682000000000002 0.3551199932098388 -5.417680103302002 0.105680466 0.09868047 "" "" 44.80944890162312 "" 4.423206622375784 ""
289.80549709307 15.11501561277 0.0318 0.0318 11.879 "" "" 4320699102256255616 1451.10803 0.6692 0.0424 -3.866 7.293 0.041 0.037 0.941 5208.2 4.2925 16.26564 1.554186 16.975342 15.421156 "" "" 1378.50134 1532.35425 5870.70671 2.7569 2214.5 8.8746 5378.9 12.218 "" "" 0.0028020976812250195 0.0051688463 0.004512864 0.009681711 289.80549709307 15.11501561277 1451.10803 -3.866000000000001 7.293 -2.1628800067901612 12.557319896697997 0.08768046 0.083680466 "" "" 87.64424481928029 "" 7.344446190341934 ""
290.06281733131 14.93327933451 0.0364 0.0384 14.013 "" "" 4320679654643433600 1556.60437 0.6304 0.0507 -1.539 -4.064 0.044 0.043 0.937 6613.6 4.3244 16.266485 1.570766 16.99708 15.426313 "" "" 1440.90491 1669.89722 5866.1401 2.7548 2170.6 6.9767 5353.4 6.9713 "" "" 0.0028020991811730815 0.004468044 0.0040351884 0.008503232 290.06281733131 14.93327933451 1556.60437 -1.5390000000000001 -4.064 0.16411999320983894 1.200319896697998 0.090680465 0.08968046 "" "" 8.938727780788055 "" 0.8017941886931802 ""
289.72255826789 15.23089620478 0.0333 0.035 16.9081 "" "" 4320749817239907456 1390.58533 0.699 0.049 -1.551 -2.861 0.044 0.042 1.019 5701.6 4.4852 16.266912 1.439877 16.923733 15.483855 "" "" 1309.84766 1500.22559 5863.83372 4.2862 2322.3 9.4669 5077.1 13.096 "" "" 0.002867338362683709 0.0052320873 0.0047039287 0.009936016 289.72255826789 15.23089620478 1390.58533 -1.5510000000000002 -2.8609999999999998 0.15211999320983893 2.403319896697998 0.090680465 0.08868046 "" "" 15.872882375064325 "" 1.4077426273907772 ""
289.72253838198 15.2943265268 0.0342 0.034 18.2388 "" "" 4320753214495628160 1667.29065 0.584 0.0461 -1.152 -4.16 0.043 0.041 0.972 4930.1 4.2672 16.270271 1.578564 16.997297 15.418734 "" "" 1539.9624 1848.56519 5845.72089 3.0567 2170.2 6.7284 5390.9 11.458 "" "" 0.0028132014850362043 0.0043722037 0.0044282074 0.008800412 289.72253838198 15.2943265268 1667.29065 -1.152 -4.16 0.551119993209839 1.104319896697998 0.08968046 0.08768046 "" "" 9.75384971155854 "" 0.8591471685774787 ""
289.72924615274 15.06023835109 0.0353 0.0337 17.0713 "" "" 4320699170975729664 1420.77747 0.685 0.0442 -13.496 -22.047 0.044 0.039 1.089 "" "" 16.272106 1.426693 16.850943 15.42425 "" "" 1340.03088 1518.8634 5835.85574 3.2715 2483.4 6.6977 5363.6 12.636 "" "" 0.0028217446089585153 0.0040446883 0.0045635947 0.0086082835 289.72924615274 15.06023835109 1420.77747 -13.496000000000002 -22.047 -11.792880006790162 -16.782680103302003 0.090680465 0.08568046 "" "" 138.13582780318876 "" 12.06821939792298 ""
289.64380244304 14.9829674984 0.0364 0.0338 23.4814 "" "" 4320674981723439232 1503.56592 0.6446 0.0442 1.068 -1.071 0.044 0.04 0.963 6952.8 4.3393 16.272177 1.541263 16.980906 15.439643 "" "" 1413.61536 1598.65125 5835.47369 3.2217 2203.2 9.4758 5288.1 12.661 "" "" 0.002819768988342259 0.0054397495 0.0045870706 0.01002682 289.64380244304 14.9829674984 1503.56592 1.068 -1.0709999999999997 2.771119993209839 4.193319896697998 0.090680465 0.08668046 "" "" 35.821486233862224 "" 3.1492666688297666 ""
290.15692875564 14.85164376626 0.0331 0.0328 20.4903 "" "" 4319927588654156160 1691.31689 0.57 0.0426 -0.941 -3.445 0.045 0.04 1.015 6736.3 4.319 16.272524 1.604999 17.02358 15.418581 "" "" 1557.82617 1812.19153 5833.60245 2.5108 2118.3 6.0828 5391.7 9.1901 "" "" 0.0027946667940086127 0.004183942 0.004208152 0.008392094 290.15692875564 14.85164376626 1691.31689 -0.9409999999999998 -3.4450000000000007 0.7621199932098389 1.8193198966979982 0.09168047 0.08668046 "" "" 15.813211857703305 "" 1.38278685405099 ""
290.06886324383 15.17826854933 0.038 0.0415 3.844 "" "" 4320703324159147392 1692.58569 0.5852 0.0593 0.909 -1.607 0.05 0.052 1.028 5060.4 4.2938 16.272608 1.607115 17.031336 15.424221 "" "" 1549.34192 1891.68054 5833.16142 2.6406 2103.2 7.5358 5363.8 8.5642 "" "" 0.0027988142103037073 0.004787357 0.0041579986 0.008945355 290.06886324383 15.17826854933 1692.58569 0.9089999999999999 -1.607 2.6121199932098387 3.657319896697998 0.09668046 0.09868047 "" "" 36.057503782903225 "" 3.5339757624001344 ""
289.69387917208 14.93265789176 0.0345 0.0337 22.6197 "" "" 4320669449805406976 1689.44165 0.5742 0.0438 -0.475 -5.099 0.044 0.041 0.972 6515.3 4.3816 16.273289 1.422516 16.920223 15.497707 "" "" 1583.92212 1811.53125 5829.50033 2.699 2329.8 8.4321 5012.7 8.7275 "" "" 0.002800800156244866 0.0048193685 0.0042257723 0.009045141 289.69387917208 14.93265789176 1689.44165 -0.4750000000000002 -5.099000000000003 1.2281199932098388 0.16531989669799785 0.090680465 0.08768046 "" "" 9.923432440780275 "" 0.8993402320365802 ""
289.57763142268 15.34130006577 0.0407 0.0392 27.0334 "" "" 4320764832444063488 1682.43567 0.586 0.0553 -0.065 0.143 0.051 0.044 1.016 6458.7 4.391 16.276379 1.575944 17.01282 15.436875 "" "" 1546.85645 1832.0636 5812.92915 2.8908 2139.4 6.9094 5301.6 8.4546 "" "" 0.002807726313762552 0.00448113 0.004157121 0.008638251 289.57763142268 15.34130006577 1682.43567 -0.06499999999999993 0.14299999999999988 1.638119993209839 5.407319896697998 0.097680464 0.090680465 "" "" 45.05734184356698 "" 4.11326478003954 ""
289.64176984179 14.97516448125 0.1237 0.098 23.8014 "" "" 4320672748340431872 1235.50439 0.8091 0.089 -4.979 -7.044 0.146 0.095 1.175 "" "" 16.280607 1.603726 16.352587 14.74886 "" "" 1107.56116 1366.24426 5790.3408 8.6053 3929.9 127.92 9991.1 227.6 "" "" 0.0031930202144468496 0.035451166 0.025020458 0.060471624 289.64176984179 14.97516448125 1235.50439 -4.978999999999999 -7.043999999999996 -3.2758800067901612 -1.7796801033020015 0.19268046 0.14168046 "" "" 21.83277609102785 "" 3.9805056938793486 ""
290.15792729368 14.84385551989 0.0342 0.0337 20.9378 "" "" 4319927382495719680 1387.7821 0.7061 0.0429 -1.498 -8.042 0.048 0.043 0.976 5242.9 4.3353 16.283503 1.720796 17.110857 15.390061 "" "" 1301.33167 1462.49548 5774.91651 2.564 1954.7 7.4753 5535.2 8.5888 "" "" 0.002797171145157385 0.0050025373 0.004137868 0.009140406 290.15792729368 14.84385551989 1387.7821 -1.498 -8.042 0.20511999320983887 -2.7776801033020018 0.09468046 0.08968046 "" "" 18.321574031821566 "" 1.6435978608330635 ""
290.30255274945 15.28749565451 0.0361 0.0376 18.8353 "" "" 4320787780390373760 1617.27332 0.5877 0.0493 -1.29 -4.739 0.046 0.045 1.049 4826.2 3.6014 16.283731 2.189847 17.428473 15.238626 "" "" 1491.12927 1734.9054 5773.69798 2.7098 1458.9 7.4946 6363.7 11.731 "" "" 0.0028020448502625254 0.0062365574 0.0042766365 0.010513194 290.30255274945 15.28749565451 1617.27332 -1.29 -4.738999999999999 0.41311999320983883 0.5253198966979982 0.09268046 0.09168047 "" "" 5.123128896973642 "" 0.4716550844831987 ""
289.74902864975 14.9050058268 0.0452 0.0433 21.3222 "" "" 4320669827713355904 1548.76587 0.6349 0.0546 5.911 -2.849 0.062 0.059 1.189 5774.5 4.4416 16.285261 1.555823 16.979929 15.424106 "" "" 1423.21082 1672.32861 5765.57535 3.926 2205.2 7.1062 5364.3 16.012 "" "" 0.002852784998874944 0.004475081 0.0049786274 0.009453708 289.74902864975 14.9050058268 1548.76587 5.911 -2.8489999999999998 7.6141199932098385 2.415319896697998 0.10868046 0.105680466 "" "" 58.64131452584389 "" 6.357283064452442 ""
289.91794369714 15.28160653886 0.0414 0.0409 8.8695 "" "" 4320708860422621952 1666.37085 0.5995 0.0561 -0.205 -1.652 0.052 0.049 1.184 7444.9 4.3453 16.285961 1.615106 17.009844 15.394738 "" "" 1539.44812 1824.58374 5761.85695 3.3437 2145.3 8.1538 5511.4 11.093 "" "" 0.002826442674067232 0.004981384 0.0043656924 0.0093470765 289.91794369714 15.28160653886 1666.37085 -0.20499999999999996 -1.6519999999999997 1.4981199932098388 3.612319896697998 0.09868047 0.09568046 "" "" 30.888687074759826 "" 2.9692241495563345 ""
289.98244558462 15.14207723467 0.0351 0.0353 1.7052 "" "" 4320697762226675968 1565.98291 0.6284 0.0493 4.232 -1.572 0.045 0.041 1.054 5318.7 4.2925 16.290928 1.574976 17.009827 15.434851 "" "" 1450.12097 1708.76965 5735.55512 3.145 2145.3 11.636 5311.5 8.5854 "" "" 0.0028189051678186357 0.0065165265 0.0041669677 0.010683494 289.98244558462 15.14207723467 1565.98291 4.232 -1.572000000000001 5.935119993209839 3.692319896697998 0.09168047 0.08768046 "" "" 51.88443523301351 "" 4.699801249569272 ""
290.47065785126 15.16126861928 0.0339 0.0313 26.9552 "" "" 4320031733015586816 1357.08301 0.717 0.0425 0.993 -1.39 0.043 0.037 1.034 6600.7 4.2857 16.29202 1.700846 17.108332 15.407486 "" "" 1281.97302 1440.1167 5729.78239 2.8011 1959.2 8.0987 5447.1 9.4951 "" "" 0.002805978814090228 0.0052846884 0.004226778 0.009511467 290.47065785126 15.16126861928 1357.08301 0.9929999999999998 -1.3900000000000008 2.6961199932098387 3.8743198966979984 0.08968046 0.083680466 "" "" 30.362440222156568 "" 2.601583333118973 ""
290.40831623441 14.93247461459 0.0356 0.0345 27.0574 "" "" 4319931986700856832 1605.20129 0.6087 0.0498 -3.716 -5.739 0.047 0.04 0.978 5088.6 4.2505 16.293064 1.711947 17.100927 15.388981 "" "" 1499.64905 1718.52148 5724.28786 2.6203 1972.6 9.1847 5540.7 25.571 "" "" 0.0027997849071350798 0.00577421 0.0062762946 0.012050505 290.40831623441 14.93247461459 1605.20129 -3.716000000000001 -5.739 -2.0128800067901613 -0.47468010330200183 0.09368046 0.08668046 "" "" 15.735401491166044 "" 1.4685029619980219 ""
