Clusters/UBC_361/UBC_361_members.tsv
# %ECSV 1.0
# ---
# datatype:
# - name: RA_ICRS_1
#   unit: deg
#   datatype: float64
#   format: '{:15.11f}'
#   description: Right ascension (ICRS) at Ep=2016.0 (ra)
#   meta: !!omap
#   - {ucd: POS_EQ_RA_MAIN}
#   - {width: 15}
#   - {precision: '11'}
# - name: DE_ICRS_1
#   unit: deg
#   datatype: float64
#   format: '{:15.11f}'
#   description: Declination (ICRS) at Ep=2016.0 (dec)
#   meta: !!omap
#   - {ucd: POS_EQ_DEC_MAIN}
#   - {width: 15}
#   - {precision: '11'}
# - name: e_RA_ICRS
#   unit: mas
#   datatype: float64
#   format: '{:7.4f}'
#   description: Standard error of right ascension (ra_error)
#   meta: !!omap
#   - {ucd: ERROR}
#   - {width: 7}
#   - {precision: '4'}
# - name: e_DE_ICRS
#   unit: mas
#   datatype: float64
#   format: '{:7.4f}'
#   description: Standard error of declination (dec_error)
#   meta: !!omap
#   - {ucd: ERROR}
#   - {width: 7}
#   - {precision: '4'}
# - name: _r_1
#   unit: ''
#   datatype: float64
#   format: '{:7.4f}'
#   description: Distance from center (290.00520623000+15.16010606000)[ICRS], at Epoch=J2016.0
#   meta: !!omap
#   - {ucd: POS_ANG_DIST_GENERAL}
#   - {width: 7}
#   - {precision: '4'}
# - name: HIP
#   datatype: int32
#   description: '? HIP cross-id number, van Leeuwen, Cat. I/311 (hip_original_ext_source_id)'
#   meta: !!omap
#   - {ucd: ID_NUMBER}
#   - {width: 6}
#   - values: {'null': -2147483648}
# - name: TYC2
#   datatype: string
#   description: Tycho-2 cross-id name, Hog et al., Cat. I/259 (tyc2_original_ext_source_id)
#   meta: !!omap
#   - {ucd: ID_CROSSID}
#   - {_votable_string_dtype: char}
# - name: Source
#   datatype: int64
#   description: Source identifier, identical to the Gaia-EDR3 source_id (id)
#   meta: !!omap
#   - {ucd: ID_MAIN}
#   - {width: 19}
# - name: rgeo
#   unit: pc
#   datatype: float64
#   format: '{:15.8f}'
#   description: '? Median of the geometric distance posterior (r_med_geo)'
#   meta: !!omap
#   - {ucd: PHYS_DISTANCE_TRUE}
#   - {width: 15}
#   - {precision: '8'}
#   - values: {'null': .nan}
# - name: Plx
#   unit: mas
#   datatype: float64
#   format: '{:9.4f}'
#   description: '? Parallax (parallax)'
#   meta: !!omap
#   - {ucd: POS_PARLX_TRIG}
#   - {width: 9}
#   - {precision: '4'}
#   - values: {'null': .nan}
# - name: e_Plx
#   unit: mas
#   datatype: float32
#   format: '{:7.4f}'
#   description: '? Standard error of parallax (parallax_error)'
#   meta: !!omap
#   - {ucd: ERROR}
#   - {width: 7}
#   - {precision: '4'}
#   - values: {'null': .nan}
# - name: pmRA
#   unit: mas / yr
#   datatype: float64
#   format: '{:9.3f}'
#   description: '? Proper motion in right ascension direction, pmRA*cosDE (pmra)'
#   meta: !!omap
#   - {ucd: POS_EQ_PMRA}
#   - {width: 9}
#   - {precision: '3'}
#   - values: {'null': .nan}
# - name: pmDE
#   unit: mas / yr
#   datatype: float64
#   format: '{:9.3f}'
#   description: '? Proper motion in declination direction (pmdec)'
#   meta: !!omap
#   - {ucd: POS_EQ_PMDEC}
#   - {width: 9}
#   - {precision: '3'}
#   - values: {'null': .nan}
# - name: e_pmRA
#   unit: mas / yr
#   datatype: float32
#   format: '{:6.3f}'
#   description: '? Standard error of proper motion in right ascension direction (pmra_error)'
#   meta: !!omap
#   - {ucd: ERROR}
#   - {width: 6}
#   - {precision: '3'}
#   - values: {'null': .nan}
# - name: e_pmDE
[...]
#         unit: &id001 !astropy.units.Unit {unit: deg}
#         value: !astropy.table.SerializedColumn {name: SkyCoord.dec}
#       distance: !astropy.table.SerializedColumn
#         __class__: astropy.coordinates.distances.Distance
#         unit: !astropy.units.Unit {unit: pc}
#         value: !astropy.table.SerializedColumn {name: SkyCoord.distance}
#       frame: icrs
#       obstime: !astropy.time.Time {format: jyear_str, in_subfmt: '*', jd1: 367701545.0, jd2: 0.0, out_subfmt: '*', precision: 3, scale: tt}
#       pm_dec: !astropy.table.SerializedColumn
#         __class__: astropy.units.quantity.Quantity
#         unit: !astropy.units.Unit {unit: mas / yr}
#         value: !astropy.table.SerializedColumn {name: SkyCoord.pm_dec}
#       pm_ra_cosdec: !astropy.table.SerializedColumn
#         __class__: astropy.units.quantity.Quantity
#         unit: !astropy.units.Unit {unit: mas / yr}
#         value: !astropy.table.SerializedColumn {name: SkyCoord.pm_ra_cosdec}
#       ra: !astropy.table.SerializedColumn
#         __class__: astropy.coordinates.angles.Longitude
#         unit: *id001
#         value: !astropy.table.SerializedColumn {name: SkyCoord.ra}
#         wrap_angle: !astropy.coordinates.Angle
#           unit: *id001
#           value: 360.0
#       representation_type: spherical
# schema: astropy-2.0
RA_ICRS_1 DE_ICRS_1 e_RA_ICRS e_DE_ICRS _r_1 HIP TYC2 Source rgeo Plx e_Plx pmRA pmDE e_pmRA e_pmDE RUWE Teff logg Gmag BP-RP BPmag RPmag RV e_RV b_rgeo B_rgeo FG e_FG FBP e_FBP FRP e_FRP RAVE5 RAVE6 e_Gmag e_BPmag e_RPmag e_BP-RP SkyCoord.ra SkyCoord.dec SkyCoord.distance SkyCoord.pm_ra_cosdec SkyCoord.pm_dec Pmemb
290.01820316079 15.1456175848 0.0143 0.0153 1.1499 "" 1600-2111-1 4320702847468288128 1509.47827 0.6159 0.0221 -1.62 -5.268 0.02 0.019 0.842 15004.9 3.6247 11.414446 0.805189 11.724873 10.919683 "" "" 1458.57544 1564.56116 511880.45625 463.24 278910.0 703.69 339850.0 610.43 "" "" 0.002925273609207638 0.0039101 0.004252869 0.00816297 290.01820316079 15.1456175848 1509.47827 -1.62 -5.268 0.82
289.9552164715 15.00035808158 0.0108 0.0104 10.0129 "" 1599-3927-1 4320682570871308032 1470.55615 0.6357 0.0143 -1.752 -5.284 0.013 0.012 0.861 13289.1 3.7787 11.903966 0.689852 12.16337 11.473518 "" "" 1432.09619 1504.36633 326107.10127 92.124 186240.0 189.78 204060.0 115.09 "" "" 0.002772339136888208 0.003001518 0.0038286692 0.0068301875 289.9552164715 15.00035808158 1470.55615 -1.7519999999999998 -5.284000000000001 0.87
289.98073597748 15.12258741277 0.0099 0.0099 2.6601 "" "" 4320697659147443328 1637.2395 0.5912 0.0137 -1.704 -5.279 0.012 0.011 0.906 "" "" 12.663012 0.768971 12.959945 12.190974 "" "" 1602.50488 1677.53589 162084.67002 32.178 89421.0 69.028 105380.0 28.907 "" "" 0.002763738373715383 0.0029133323 0.0037910987 0.006704431 289.98073597748 15.12258741277 1637.2395 -1.704 -5.279 0.83
290.03815619696 15.15489038654 0.0116 0.0116 1.9337 "" "" 4320702984907239808 1498.86169 0.6355 0.0158 -1.753 -5.311 0.015 0.013 0.941 10076.0 3.8556 13.442981 0.896237 13.801008 12.904771 "" "" 1464.75513 1530.43091 79023.1525 13.499 41211.0 28.28 54607.0 23.684 "" "" 0.0027615553927481727 0.0028879337 0.0038086055 0.006696539 290.03815619696 15.15489038654 1498.86169 -1.753 -5.311000000000001 0.89
289.9830941213 15.10616242566 0.0122 0.012 3.4808 "" "" 4320696903233183232 1497.57629 0.6309 0.0166 -1.685 -5.235 0.015 0.013 1.049 9912.2 3.9828 13.665455 0.8922 14.021825 13.129625 "" "" 1465.93933 1540.45264 64382.07076 11.528 33627.0 28.029 44392.0 24.492 "" "" 0.0027621701128682573 0.002933267 0.0038265593 0.006759826 289.9830941213 15.10616242566 1497.57629 -1.685 -5.235 0.93
289.96995947941 15.13668164602 0.0118 0.0119 2.4784 "" "" 4320697757875645696 1498.78967 0.6307 0.0164 -1.761 -5.33 0.015 0.013 0.98 9235.2 4.1025 13.666271 0.970418 14.063055 13.092637 "" "" 1465.74646 1536.61523 64333.64944 10.599 32374.0 27.096 45931.0 33.341 "" "" 0.002761120400862392 0.0029344219 0.0038606832 0.006795105 289.96995947941 15.13668164602 1498.78967 -1.7610000000000001 -5.330000000000002 0.91
290.0570920161 15.08339376783 0.013 0.0128 5.497 "" "" 4320690649760028800 1496.80493 0.6301 0.0174 -1.654 -5.288 0.016 0.015 1.058 9504.2 3.9466 13.751982 0.905574 14.114634 13.209061 "" "" 1453.03516 1532.3905 59450.31653 11.387 30872.0 25.902 41260.0 26.212 "" "" 0.0027631570157044504 0.0029351101 0.0038418083 0.0067769187 290.0570920161 15.08339376783 1496.80493 -1.654 -5.288 0.89
289.97391340557 15.06887225239 0.0128 0.0126 5.7663 "" "" 4320696112959170176 1453.73706 0.6498 0.0169 -1.752 -5.325 0.016 0.014 1.028 7199.9 3.7733 13.853547 1.116718 14.324875 13.208157 "" "" 1419.573 1491.1676 54141.22145 8.2014 25437.0 23.858 41295.0 25.83 "" "" 0.002760224534184297 0.0029701958 0.0038399142 0.00681011 289.97391340557 15.06887225239 1453.73706 -1.7519999999999998 -5.325 0.92
290.0509449581 15.18641392582 0.0138 0.0133 3.0833 "" "" 4320704153138570880 1524.91846 0.6198 0.0189 -1.665 -5.164 0.018 0.015 1.034 9463.2 3.8952 13.928026 0.905856 14.290377 13.384521 "" "" 1480.13635 1566.32153 50551.76169 9.1991 26258.0 24.226 35103.0 19.159 "" "" 0.002762394889228282 0.0029645374 0.0038255572 0.0067900945 290.0509449581 15.18641392582 1524.91846 -1.665 -5.163999999999999 0.9
290.17527117335 15.37920460848 0.0135 0.0137 16.4229 "" "" 4320804174300881536 1668.354 0.5688 0.0182 -1.645 -5.161 0.018 0.017 1.025 9253.4 3.7511 14.141176 1.158009 14.626388 13.468379 "" "" 1618.43921 1725.22656 41540.95175 10.063 19269.0 16.366 32494.0 22.304 "" "" 0.002767844763128732 0.0029386107 0.003852159 0.0067907698 290.17527117335 15.37920460848 1668.354 -1.6450000000000002 -5.160999999999999 0.83
289.97527899751 15.1321801392 0.0142 0.0143 2.4107 "" "" 4320697693507194752 1589.61804 0.5968 0.0198 -1.626 -5.222 0.018 0.016 1.01 9247.8 4.0792 14.250964 1.001005 14.662447 13.661442 "" "" 1542.04688 1630.05554 37545.78413 6.5754 18640.0 19.09 27201.0 18.817 "" "" 0.002761873383591231 0.003003577 0.0038532917 0.006856869 289.97527899751 15.1321801392 1589.61804 -1.626 -5.222000000000001 0.9
290.05702665728 15.16325696585 0.0205 0.0224 3.0069 "" "" 4320703294145096576 1461.03772 0.6613 0.032 -1.711 -5.195 0.027 0.028 1.427 8404.9 4.2332 14.329274 1.218691 14.851946 13.633255 "" "" 1394.23901 1549.79199 34933.11024 8.7786 15654.0 15.584 27916.0 19.645 "" "" 0.0027687962241891317 0.0029922153 0.00385584 0.0068480554 290.05702665728 15.16325696585 1461.03772 -1.7110000000000003 -5.195 0.94
290.04355212563 15.01781620586 0.0162 0.0152 8.8217 "" "" 4320683571653703168 1492.91626 0.6334 0.0214 -1.708 -5.207 0.021 0.018 0.949 "" "" 14.459407 1.032628 14.874957 13.842329 "" "" 1451.22034 1550.93262 30987.31756 8.6691 15326.0 34.948 23026.0 56.075 "" "" 0.0027720123805683077 0.003730241 0.0046124724 0.008342713 290.04355212563 15.01781620586 1492.91626 -1.7079999999999997 -5.207 0.92
289.88085890157 15.27384432732 0.0163 0.0155 9.9197 "" "" 4320755383515419520 1505.1897 0.633 0.0207 -1.667 -5.299 0.02 0.018 0.981 9249.7 4.1238 14.472114 1.074174 14.916854 13.84268 "" "" 1454.66516 1551.47656 30626.77384 6.3014 14746.0 13.415 23019.0 28.759 "" "" 0.002764360987043228 0.0029598428 0.004015439 0.006975282 289.88085890157 15.27384432732 1505.1897 -1.667 -5.2989999999999995 0.87
289.94384276326 15.36786495917 0.0164 0.0165 12.9617 "" "" 4320757754337618304 1518.24219 0.625 0.0224 -1.731 -5.287 0.022 0.02 0.941 8965.5 3.9666 14.705932 1.161463 15.196569 14.035107 "" "" 1471.98621 1574.79858 24693.0172 5.2929 11397.0 12.979 19280.0 14.343 "" "" 0.0027651311961575677 0.0030518593 0.0038647286 0.006916588 289.94384276326 15.36786495917 1518.24219 -1.7309999999999999 -5.286999999999999 0.89
290.11318913363 15.19985309012 0.0182 0.0179 6.6923 "" "" 4320704943412514688 1462.83325 0.6497 0.0255 -1.771 -5.296 0.023 0.022 0.935 "" "" 14.71944 1.114787 15.189001 14.074214 "" "" 1409.23792 1525.39905 24387.69778 5.9407 11477.0 17.162 18598.0 13.837 "" "" 0.0027679845591552584 0.0032281482 0.0038647454 0.0070928936 290.11318913363 15.19985309012 1462.83325 -1.7710000000000004 -5.296 0.84
290.04621442573 15.27946893136 0.0193 0.0179 7.545 "" "" 4320709169660516864 1550.93933 0.6169 0.0274 -1.692 -5.256 0.027 0.022 1.073 9167.4 4.2052 14.765862 1.173929 15.26417 14.090241 "" "" 1484.10022 1611.66943 23366.92752 5.3485 10709.0 14.018 18326.0 15.949 "" "" 0.002766504961226011 0.0031312802 0.003895713 0.007026993 290.04621442573 15.27946893136 1550.93933 -1.6920000000000002 -5.255999999999999 0.91
289.95846438513 15.14579058714 0.0183 0.0185 2.84 "" "" 4320697934025386624 1502.69019 0.6387 0.0253 -1.802 -5.338 0.023 0.021 0.998 8090.1 4.0175 14.852629 1.127238 15.319454 14.192216 "" "" 1451.74011 1557.29834 21572.24267 5.811 10177.0 23.423 16683.0 30.018 "" "" 0.0027707990783357025 0.003745597 0.0042544347 0.008000032 289.95846438513 15.14579058714 1502.69019 -1.802 -5.338 0.8
290.00678157846 15.13437337482 0.0198 0.0209 1.5467 "" "" 4320702813073336832 1566.47278 0.6047 0.0289 -1.665 -5.185 0.025 0.023 1.014 6610.6 3.732 15.052935 1.422683 15.678429 14.255746 "" "" 1502.48108 1646.84094 17937.95347 7.2793 7312.2 13.685 15735.0 26.029 "" "" 0.002790325192151264 0.0034516694 0.004184432 0.007636101 290.00678157846 15.13437337482 1566.47278 -1.6650000000000003 -5.185 0.83
290.03958786466 15.10145157869 0.0209 0.021 4.0436 "" "" 4320702469475864704 1507.24121 0.6356 0.0289 -1.679 -5.322 0.026 0.025 1.055 8498.5 4.2892 15.098901 1.236241 15.632833 14.396591 "" "" 1441.79626 1584.14746 17194.37305 5.1364 7625.8 12.771 13820.0 16.152 "" "" 0.0027743438957257946 0.0033303509 0.0039867214 0.0073170722 290.03958786466 15.10145157869 1507.24121 -1.679 -5.322000000000001 0.81
290.05658330297 15.20238661726 0.0228 0.021 3.9098 "" "" 4320704256217788672 1454.13843 0.6596 0.0318 -1.722 -5.267 0.029 0.025 1.041 "" "" 15.176095 1.276628 15.726931 14.450302 "" "" 1389.12671 1527.4812 16014.33544 4.6395 6992.7 15.097 13153.0 18.915 "" "" 0.0027732164866319732 0.0036441323 0.004089206 0.0077333385 290.05658330297 15.20238661726 1454.13843 -1.7219999999999998 -5.267 0.89
290.13703453365 15.26146234093 0.0228 0.0208 9.7591 "" "" 4320706352161796480 1525.61072 0.6255 0.0309 -1.65 -5.295 0.029 0.026 0.974 7217.4 3.9701 15.201778 1.610601 15.955258 14.344658 "" "" 1462.52686 1587.11401 15639.94488 5.3621 5666.5 9.9465 14498.0 12.468 "" "" 0.002780351171369708 0.003378929 0.0038930124 0.0072719418 290.13703453365 15.26146234093 1525.61072 -1.65 -5.295 0.88
290.07244717011 15.47776993738 0.0185 0.0194 19.453 "" "" 4320852862051627008 1490.66382 0.6423 0.0257 -1.707 -5.265 0.024 0.022 1.047 "" "" 15.257082 1.395648 15.882478 14.48683 "" "" 1445.94189 1540.25269 14863.25722 4.2003 6059.3 10.567 12718.0 10.938 "" "" 0.0027723511562889056 0.0033719724 0.003893028 0.0072650006 290.07244717011 15.47776993738 1490.66382 -1.7070000000000003 -5.265000000000001 0.92
290.05426865763 15.25325033311 0.0253 0.024 6.2692 "" "" 4320706111643686144 1311.69458 0.7327 0.0337 -1.74 -5.27 0.033 0.029 0.978 6483.7 4.2041 15.400089 1.532763 16.075396 14.542632 "" "" 1265.05444 1381.28235 13028.99343 5.3306 5072.9 16.785 12081.0 52.223 "" "" 0.0027908982419203813 0.004548699 0.006025885 0.010574585 290.05426865763 15.25325033311 1311.69458 -1.7400000000000002 -5.27 0.8
289.92679271432 15.2367299001 0.0386 0.0384 6.4614 "" "" 4320708104508341888 1543.35522 0.6419 0.0531 -1.716 -5.259 0.047 0.043 0.969 6012.4 4.4075 16.350357 1.509694 17.018332 15.508637 "" "" 1409.41382 1681.5658 5430.04747 3.5553 2128.6 10.762 4962.5 20.917 "" "" 0.0028455476145095504 0.0061577857 0.005935241 0.012093026 289.92679271432 15.2367299001 1543.35522 -1.7159999999999997 -5.259 0.8
