Clusters/UBC_361/UBC_361_stars_in_region.tsv
# %ECSV 1.0
# ---
# datatype:
# - name: RA_ICRS_1
#   unit: deg
#   datatype: float64
#   format: '{:15.11f}'
#   description: Right ascension (ICRS) at Ep=2016.0 (ra)
#   meta: !!omap
#   - {ucd: POS_EQ_RA_MAIN}
#   - {width: 15}
#   - {precision: '11'}
# - name: DE_ICRS_1
#   unit: deg
#   datatype: float64
#   format: '{:15.11f}'
#   description: Declination (ICRS) at Ep=2016.0 (dec)
#   meta: !!omap
#   - {ucd: POS_EQ_DEC_MAIN}
#   - {width: 15}
#   - {precision: '11'}
# - name: e_RA_ICRS
#   unit: mas
#   datatype: float64
#   format: '{:7.4f}'
#   description: Standard error of right ascension (ra_error)
#   meta: !!omap
#   - {ucd: ERROR}
#   - {width: 7}
#   - {precision: '4'}
# - name: e_DE_ICRS
#   unit: mas
#   datatype: float64
#   format: '{:7.4f}'
#   description: Standard error of declination (dec_error)
#   meta: !!omap
#   - {ucd: ERROR}
#   - {width: 7}
#   - {precision: '4'}
# - name: _r_1
#   unit: ''
#   datatype: float64
#   format: '{:7.4f}'
#   description: Distance from center (290.00520623000+15.16010606000)[ICRS], at Epoch=J2016.0
#   meta: !!omap
#   - {ucd: POS_ANG_DIST_GENERAL}
#   - {width: 7}
#   - {precision: '4'}
# - name: HIP
#   datatype: int32
#   description: '? HIP cross-id number, van Leeuwen, Cat. I/311 (hip_original_ext_source_id)'
#   meta: !!omap
#   - {ucd: ID_NUMBER}
#   - {width: 6}
#   - values: {'null': -2147483648}
# - name: TYC2
#   datatype: string
#   description: Tycho-2 cross-id name, Hog et al., Cat. I/259 (tyc2_original_ext_source_id)
#   meta: !!omap
#   - {ucd: ID_CROSSID}
#   - {_votable_string_dtype: char}
# - name: Source
#   datatype: int64
#   description: Source identifier, identical to the Gaia-EDR3 source_id (id)
#   meta: !!omap
#   - {ucd: ID_MAIN}
#   - {width: 19}
# - name: rgeo
#   unit: pc
#   datatype: float64
#   format: '{:15.8f}'
#   description: '? Median of the geometric distance posterior (r_med_geo)'
#   meta: !!omap
#   - {ucd: PHYS_DISTANCE_TRUE}
#   - {width: 15}
#   - {precision: '8'}
#   - values: {'null': .nan}
# - name: Plx
#   unit: mas
#   datatype: float64
#   format: '{:9.4f}'
#   description: '? Parallax (parallax)'
#   meta: !!omap
#   - {ucd: POS_PARLX_TRIG}
#   - {width: 9}
#   - {precision: '4'}
#   - values: {'null': .nan}
# - name: e_Plx
#   unit: mas
#   datatype: float32
#   format: '{:7.4f}'
#   description: '? Standard error of parallax (parallax_error)'
#   meta: !!omap
#   - {ucd: ERROR}
#   - {width: 7}
#   - {precision: '4'}
#   - values: {'null': .nan}
# - name: pmRA
#   unit: mas / yr
#   datatype: float64
#   format: '{:9.3f}'
#   description: '? Proper motion in right ascension direction, pmRA*cosDE (pmra)'
#   meta: !!omap
#   - {ucd: POS_EQ_PMRA}
#   - {width: 9}
#   - {precision: '3'}
#   - values: {'null': .nan}
# - name: pmDE
#   unit: mas / yr
#   datatype: float64
#   format: '{:9.3f}'
#   description: '? Proper motion in declination direction (pmdec)'
#   meta: !!omap
#   - {ucd: POS_EQ_PMDEC}
#   - {width: 9}
#   - {precision: '3'}
#   - values: {'null': .nan}
# - name: e_pmRA
#   unit: mas / yr
#   datatype: float32
#   format: '{:6.3f}'
#   description: '? Standard error of proper motion in right ascension direction (pmra_error)'
#   meta: !!omap
#   - {ucd: ERROR}
#   - {width: 6}
#   - {precision: '3'}
#   - values: {'null': .nan}
# - name: e_pmDE
[...]
#         value: !astropy.table.SerializedColumn {name: SkyCoord.dec}
#       distance: !astropy.table.SerializedColumn
#         __class__: astropy.coordinates.distances.Distance
#         unit: !astropy.units.Unit {unit: pc}
#         value: !astropy.table.SerializedColumn {name: SkyCoord.distance}
#       frame: icrs
#       obstime: !astropy.time.Time {format: jyear_str, in_subfmt: '*', jd1: 367701545.0, jd2: 0.0, out_subfmt: '*', precision: 3, scale: tt}
#       pm_dec: !astropy.table.SerializedColumn
#         __class__: astropy.units.quantity.Quantity
#         unit: !astropy.units.Unit {unit: mas / yr}
#         value: !astropy.table.SerializedColumn {name: SkyCoord.pm_dec}
#       pm_ra_cosdec: !astropy.table.SerializedColumn
#         __class__: astropy.units.quantity.Quantity
#         unit: !astropy.units.Unit {unit: mas / yr}
#         value: !astropy.table.SerializedColumn {name: SkyCoord.pm_ra_cosdec}
#       ra: !astropy.table.SerializedColumn
#         __class__: astropy.coordinates.angles.Longitude
#         unit: *id001
#         value: !astropy.table.SerializedColumn {name: SkyCoord.ra}
#         wrap_angle: !astropy.coordinates.Angle
#           unit: *id001
#           value: 360.0
#       representation_type: spherical
# schema: astropy-2.0
RA_ICRS_1 DE_ICRS_1 e_RA_ICRS e_DE_ICRS _r_1 HIP TYC2 Source rgeo Plx e_Plx pmRA pmDE e_pmRA e_pmDE RUWE Teff logg Gmag BP-RP BPmag RPmag RV e_RV b_rgeo B_rgeo FG e_FG FBP e_FBP FRP e_FRP RAVE5 RAVE6 e_Gmag e_BPmag e_RPmag e_BP-RP SkyCoord.ra SkyCoord.dec SkyCoord.distance SkyCoord.pm_ra_cosdec SkyCoord.pm_dec rmRA rmDE e_rmRA e_rmDE rRV e_rRV v_pec v_pec3d e_vpec e_vpec3d
[from data line 188]
289.74333972861 15.38491618987 0.0151 0.0156 20.2899 "" "" 4320760777994492416 1313.74707 0.7252 0.0222 -2.176 -5.882 0.019 0.018 0.989 "" "" 14.16485 1.275582 14.723854 13.448272 "" "" 1279.87988 1358.36072 40644.96133 8.3871 17615.0 17.196 33102.0 17.544 "" "" 0.002764413901846089 0.002984704 0.003822938 0.006807642 289.74333972861 15.38491618987 1313.74707 -2.176 -5.882 -0.4728800067901613 -0.6176801033020016 0.06568046 0.06468046 "" "" 4.844171872033905 "" 0.3151219685557652 ""
290.11320044448 14.99374321433 0.0141 0.0145 11.7805 "" "" 4320680410557699072 1429.34924 0.6626 0.0199 -0.803 -7.826 0.017 0.016 0.938 5456.4 3.134 14.166841 1.883836 15.100986 13.21715 35.98 1.79 1392.40295 1468.32935 40570.51609 8.5916 12446.0 12.275 40954.0 19.848 "" "" 0.0027648969792639167 0.002988595 0.003815836 0.006804431 290.11320044448 14.99374321433 1429.34924 -0.8030000000000004 -7.825999999999995 0.9001199932098388 -2.5616801033020016 0.06368046 0.06268046 "" "" 18.395930458548833 "" 1.1551014063724467 ""
290.03500232172 14.90482936943 0.0149 0.0144 15.4136 "" "" 4320678039735719808 1200.20813 0.7967 0.0203 6.747 1.307 0.017 0.016 0.986 7013.0 3.8916 14.186238 1.426091 14.829021 13.40293 -8.32 7.4 1166.48621 1230.22681 39852.1263 8.4717 15989.0 25.955 34513.0 24.597 "" "" 0.0027649701435228007 0.0033002093 0.0038577819 0.007157991 290.03500232172 14.90482936943 1200.20813 6.747 1.307 8.450119993209839 6.571319896697998 0.06368046 0.06268046 "" "" 60.89787670774297 "" 3.855168382129816 ""
289.71433835143 15.05418414414 0.0135 0.0127 18.0077 "" "" 4320675703277996672 1495.89563 0.6386 0.0171 -1.192 -0.631 0.017 0.015 0.968 7131.3 3.8798 14.199311 1.295961 14.766287 13.470325 "" "" 1464.92078 1536.99512 39375.15908 7.3717 16940.0 15.743 32436.0 16.403 "" "" 0.0027628078836696222 0.0029670123 0.0038190568 0.006786069 289.71433835143 15.05418414414 1495.89563 -1.1919999999999995 -0.6309999999999999 0.5111199932098389 4.633319896697998 0.06368046 0.061680462 "" "" 33.05205561873349 "" 2.039473553917618 ""
290.22555269385 15.10937113267 0.0159 0.0163 13.1202 "" "" 4320691508753629440 1291.97717 0.7436 0.0222 -3.358 -5.178 0.021 0.02 1.171 8578.5 4.1606 14.201921 1.276205 14.750911 13.474706 "" "" 1256.47266 1330.27966 39280.5877 10.863 17181.0 20.298 32305.0 25.689 "" "" 0.0027716321718441604 0.0030708953 0.003876745 0.0069476403 290.22555269385 15.10937113267 1291.97717 -3.3580000000000014 -5.178 -1.6548800067901612 0.08631989669799811 0.06768046 0.06668046 "" "" 10.148215747758314 "" 0.6868086093856093 ""
290.10241099262 15.26121054933 0.0169 0.016 8.2749 "" "" 4320706008564437632 1477.04456 0.6404 0.0225 -2.983 -6.416 0.024 0.021 1.142 5045.6 3.3129 14.225724 2.079599 15.285028 13.205429 3.3 3.24 1428.26355 1530.98499 38428.83315 16.338 10505.0 18.053 41399.0 25.136 "" "" 0.002793718691607149 0.0033565545 0.0038364434 0.007192998 290.10241099262 15.26121054933 1477.04456 -2.9830000000000005 -6.416 -1.2798800067901612 -1.1516801033020023 0.07068046 0.06768046 "" "" 12.054375853727558 "" 0.8360220455058724 ""
289.91992070227 14.89787971444 0.0149 0.014 16.4915 "" "" 4320680822874382208 1761.8252 0.5272 0.0192 0.896 1.75 0.018 0.016 1.033 5275.0 3.027 14.236557 1.824531 15.123635 13.299105 26.28 2.3 1710.20166 1826.48047 38047.31827 10.218 12189.0 12.225 37977.0 27.287 "" "" 0.0027707059750542583 0.002995137 0.0038590555 0.0068541924 289.91992070227 14.89787971444 1761.8252 0.896 1.7499999999999998 2.5991199932098388 7.014319896697998 0.06468046 0.06268046 "" "" 62.46905129681781 "" 3.9308830756941178 ""
289.97527899751 15.1321801392 0.0142 0.0143 2.4107 "" "" 4320697693507194752 1589.61804 0.5968 0.0198 -1.626 -5.222 0.018 0.016 1.01 9247.8 4.0792 14.250964 1.001005 14.662447 13.661442 "" "" 1542.04688 1630.05554 37545.78413 6.5754 18640.0 19.09 27201.0 18.817 "" "" 0.002761873383591231 0.003003577 0.0038532917 0.006856869 289.97527899751 15.1321801392 1589.61804 -1.6260000000000003 -5.222000000000001 0.07711999320983898 0.04231989669799763 0.06468046 0.06268046 "" "" 0.6628245599679943 "" 0.04256866245683827 ""
289.95255639929 15.13016366556 0.0166 0.0166 3.5392 "" "" 4320697624787729536 1674.96375 0.5598 0.0234 -3.701 -2.531 0.021 0.019 1.222 6565.5 3.6818 14.260798 1.464517 14.926718 13.462201 18.92 4.78 1578.65833 1753.07019 37207.27125 9.4478 14613.0 12.116 32680.0 22.981 "" "" 0.0027690786417765784 0.002931796 0.0038557313 0.0067875274 289.95255639929 15.13016366556 1674.96375 -3.7010000000000023 -2.5309999999999997 -1.9978800067901612 2.733319896697998 0.06768046 0.06568046 "" "" 26.879711696783936 "" 1.7843759079091996 ""
289.98067269999 14.75554836514 0.0143 0.0141 24.3151 "" "" 4320652132495688576 1554.93274 0.6081 0.0191 0.612 0.277 0.018 0.016 1.017 5196.5 3.2174 14.266094 1.810953 15.152162 13.341208 -14.57 2.92 1516.29333 1597.16125 37026.19324 17.889 11873.0 24.789 36532.0 44.279 "" "" 0.0028048102153806704 0.003594949 0.00400194 0.007596889 289.98067269999 14.75554836514 1554.93274 0.6119999999999998 0.277 2.315119993209839 5.541319896697998 0.06468046 0.06268046 "" "" 44.26280982040157 "" 2.787746946975887 ""
289.72952346132 14.90683084345 0.0152 0.0151 22.0483 "" "" 4320670583676681216 1411.44421 0.6748 0.0201 -0.355 -3.569 0.019 0.019 0.913 6658.0 3.7957 14.268406 1.399119 14.896784 13.497664 12.8 6.99 1371.2323 1459.81738 36947.44345 9.6632 15021.0 16.964 31629.0 13.531 "" "" 0.002769914090155124 0.0030477142 0.003807817 0.006855531 289.72952346132 14.90683084345 1411.44421 -0.35500000000000015 -3.5689999999999977 1.3481199932098389 1.695319896697998 0.06568046 0.06568046 "" "" 14.491042635160964 "" 0.9517783337197755 ""
290.09383742628 15.27549948587 0.0161 0.0151 8.6179 "" "" 4320706210377037824 1208.19226 0.7983 0.0209 1.064 -3.941 0.021 0.018 0.953 "" "" 14.269827 1.316904 14.815684 13.49878 "" "" 1176.38025 1242.41821 36899.12512 10.284 16186.0 56.763 31597.0 211.46 "" "" 0.0027718868586766236 0.0047204643 0.008190313 0.012910778 290.09383742628 15.27549948587 1208.19226 1.0640000000000005 -3.941 2.767119993209839 1.3233198966979982 0.06768046 0.06468046 "" "" 17.565722338881166 "" 1.1792258396578463 ""
290.11197932153 14.87626819996 0.0142 0.0141 18.1195 "" "" 4320678348973306240 1690.24402 0.5604 0.0185 -1.301 -6.009 0.018 0.017 0.983 8338.9 3.8612 14.309862 1.188571 14.819463 13.630892 "" "" 1651.15369 1752.04651 35563.30054 6.7944 16130.0 14.501 27977.0 12.223 "" "" 0.002763117255092485 0.0029559755 0.0038090337 0.006765009 290.11197932153 14.87626819996 1690.24402 -1.3010000000000002 -6.009 0.40211999320983893 -0.7446801033020023 0.06468046 0.06368046 "" "" 6.780469198890725 "" 0.43332343901403114 ""
290.14530589355 14.84849984398 0.0432 0.0413 20.3833 "" "" 4319927588648729472 1293.15686 0.7335 0.0546 0.76 -2.956 0.058 0.052 3.199 7686.7 3.7261 14.319789 1.384382 14.881739 13.497356 "" "" 1210.32349 1397.10828 35239.60884 19.531 15231.0 31.716 31638.0 54.967 "" "" 0.0028202650839760754 0.0035911766 0.0042239744 0.007815151 290.14530589355 14.84849984398 1293.15686 0.76 -2.9559999999999995 2.4631199932098387 2.308319896697998 0.10468046 0.09868047 "" "" 20.691522491115283 "" 2.1088571148698243 ""
290.05659179849 14.94916671279 0.0145 0.0156 13.0018 "" "" 4320679757722664192 1396.45642 0.6832 0.02 0.495 -3.257 0.018 0.019 0.958 5002.9 3.2828 14.322561 1.698845 15.135898 13.437053 -19.62 9.14 1362.85425 1434.09656 35149.76445 9.0941 12052.0 10.984 33445.0 17.39 "" "" 0.0027696024637200263 0.0029604395 0.0038213124 0.006781752 290.05659179849 14.94916671279 1396.45642 0.495 -3.2570000000000006 2.198119993209839 2.007319896697998 0.06468046 0.06568046 "" "" 19.70374061822539 "" 1.2834442222184013 ""
290.33345643913 15.43357674906 0.0234 0.0259 25.1023 "" "" 4320803212228124032 1460.48987 0.6383 0.0327 -2.364 -4.655 0.03 0.031 1.682 8889.0 3.8823 14.323237 1.765748 15.172062 13.406314 -3.09 7.88 1398.349 1521.40247 35127.85376 10.215 11657.0 12.705 34406.0 19.267 "" "" 0.002773350434348476 0.0030307358 0.003827975 0.0068587107 290.33345643913 15.43357674906 1460.48987 -2.364 -4.655000000000004 -0.660880006790161 0.6093198966979978 0.07668046 0.07768046 "" "" 6.222880652030399 "" 0.4800426243742176 ""
290.05702665728 15.16325696585 0.0205 0.0224 3.0069 "" "" 4320703294145096576 1461.03772 0.6613 0.032 -1.711 -5.195 0.027 0.028 1.427 8404.9 4.2332 14.329274 1.218691 14.851946 13.633255 "" "" 1394.23901 1549.79199 34933.11024 8.7786 15654.0 15.584 27916.0 19.645 "" "" 0.0027687962241891317 0.0029922153 0.00385584 0.0068480554 290.05702665728 15.16325696585 1461.03772 -1.7110000000000003 -5.195 -0.00788000679016121 0.06931989669799776 0.07368046 0.07468046 "" "" 0.4831541647760169 "" 0.03607605343212484 ""
289.83111366139 15.23579571276 0.0148 0.0148 11.056 "" "" 4320749233121929600 1649.55676 0.5751 0.0197 -1.57 -5.211 0.019 0.017 1.02 9172.1 3.7364 14.337553 1.091648 14.795314 13.703666 "" "" 1589.76416 1706.39185 34667.74071 7.3743 16493.0 15.22 26163.0 14.598 "" "" 0.0027649824047708727 0.0029646114 0.0038276261 0.0067922375 289.83111366139 15.23579571276 1649.55676 -1.5699999999999998 -5.211 0.1331199932098388 0.05331989669799775 0.06568046 0.06368046 "" "" 1.1212405907977754 "" 0.07333765401694253 ""
289.99932174545 15.11054339024 0.0147 0.0148 2.9932 "" "" 4320696868873439232 1506.77795 0.6317 0.0204 -1.574 -4.735 0.019 0.017 1.0 9258.7 4.0466 14.339689 0.994431 14.747685 13.753255 "" "" 1459.48608 1554.2782 34599.6029 6.602 17232.0 15.927 24995.0 14.008 "" "" 0.0027630977505373566 0.0029651448 0.0038280513 0.0067931963 289.99932174545 15.11054339024 1506.77795 -1.5740000000000003 -4.735000000000001 0.1291199932098388 0.5293198966979977 0.06568046 0.06368046 "" "" 3.8913226373040093 "" 0.2482447856446334 ""
289.88460900661 15.09794771427 0.0146 0.0149 7.9183 "" "" 4320697349909835776 1220.16248 0.7805 0.0198 4.539 2.553 0.019 0.018 0.94 6594.3 3.8833 14.345149 1.330106 14.93402 13.603914 -66.12 13.14 1183.46411 1248.03357 34426.04226 7.0754 14515.0 16.904 28681.0 17.166 "" "" 0.0027643413918214113 0.0030633062 0.0038348408 0.006898147 289.88460900661 15.09794771427 1220.16248 4.538999999999999 2.553 6.242119993209839 7.817319896697998 0.06568046 0.06468046 "" "" 57.8572564804342 "" 3.7648662857126403 ""
289.80567897296 15.48067959677 0.0203 0.0218 22.4338 "" "" 4320763251895708928 1384.45959 0.6853 0.0299 -3.746 -6.325 0.026 0.025 1.418 4928.2 2.9817 14.348917 1.910387 15.300823 13.390436 -46.95 2.29 1336.87769 1440.21216 34306.78499 9.3406 10354.0 12.11 34913.0 21.75 "" "" 0.002771132376454562 0.0030655547 0.0038394309 0.0069049858 289.80567897296 15.48067959677 1384.45959 -3.746 -6.325000000000001 -2.042880006790161 -1.0606801033020021 0.07268046 0.071680464 "" "" 15.10535852821243 "" 1.0946744161844184 ""
290.26857254515 15.29409583599 0.0156 0.0168 17.2368 "" "" 4320788025223650432 1270.30017 0.7539 0.0233 1.875 0.752 0.02 0.019 1.027 "" "" 14.352564 1.363207 14.956647 13.59344 "" "" 1231.04077 1306.69971 34191.7441 10.676 14215.0 19.672 28959.0 19.945 "" "" 0.0027760973878920053 0.0031690178 0.0038526491 0.007021667 290.26857254515 15.29409583599 1270.30017 1.8749999999999998 0.752 3.578119993209839 6.016319896697998 0.06668046 0.06568046 "" "" 42.148150103082045 "" 2.7793844325361765 ""
289.96439616044 15.60543548777 0.0142 0.0149 26.8239 "" "" 4320858290890515200 1741.56262 0.5473 0.0194 -2.654 -2.564 0.018 0.018 1.037 7739.1 3.7892 14.358816 1.435353 15.007813 13.57246 "" "" 1682.27563 1800.26575 33995.4126 8.034 13561.0 13.853 29524.0 15.194 "" "" 0.00276724170551679 0.0030025295 0.0038204626 0.006822992 289.96439616044 15.60543548777 1741.56262 -2.654 -2.564 -0.950880006790161 2.700319896697998 0.06468046 0.06468046 "" "" 23.632832155515377 "" 1.528582386744902 ""
289.87568231167 15.02138748674 0.0148 0.0143 11.2061 "" "" 4320694566770621952 1447.60449 0.6561 0.0198 -0.575 -3.769 0.018 0.016 0.943 "" "" 14.361231 1.042061 14.793909 13.751848 "" "" 1415.38684 1491.84521 33919.89481 5.8684 16514.0 18.824 25028.0 14.276 "" "" 0.0027617156816203687 0.0030523315 0.0038297868 0.006882118 289.87568231167 15.02138748674 1447.60449 -0.575 -3.769 1.128119993209839 1.495319896697998 0.06468046 0.06268046 "" "" 12.852790838245557 "" 0.8150364844550699 ""
289.7894812713 15.45509168116 0.0152 0.0163 21.6591 "" "" 4320761533908775936 1369.86084 0.704 0.0224 0.069 -3.333 0.019 0.019 1.004 15005.3 4.5598 14.368014 1.269928 14.919557 13.649629 "" "" 1326.1095 1405.73877 33708.61523 15.443 14709.0 29.768 27498.0 38.474 "" "" 0.0027998583403526234 0.0035515078 0.0040732585 0.0076247663 289.7894812713 15.45509168116 1369.86084 0.06900000000000012 -3.3330000000000006 1.7721199932098388 1.9313198966979979 0.06568046 0.06568046 "" "" 17.019468270316388 "" 1.1178464903425074 ""
290.00539557184 14.8107289867 0.0154 0.0148 20.9626 "" "" 4320652888409997312 1290.20044 0.7328 0.0207 0.145 -5.217 0.019 0.017 0.936 6649.1 3.8589 14.380481 1.396314 15.001991 13.605678 -20.87 8.1 1251.45715 1319.69507 33323.79046 7.8955 13634.0 16.541 28634.0 37.079 "" "" 0.0027673028718828555 0.0030854745 0.004032422 0.0071178963 290.00539557184 14.8107289867 1290.20044 0.14500000000000035 -5.216999999999999 1.8481199932098389 0.04731989669799841 0.06568046 0.06368046 "" "" 11.305974560098733 "" 0.7425670113014455 ""
290.02994632459 15.4866131089 0.0137 0.0136 19.6427 "" "" 4320853274368530816 1275.54041 0.7464 0.0184 -4.01 -12.356 0.018 0.016 0.931 7665.9 3.9987 14.387982 1.495175 15.073338 13.578162 3.96 4.03 1248.94434 1309.79797 33094.33671 7.8544 12767.0 15.203 29369.0 20.631 "" "" 0.0027673433621223657 0.0030751645 0.003855573 0.0069307378 290.02994632459 15.4866131089 1275.54041 -4.01 -12.356 -2.306880006790161 -7.091680103302002 0.06468046 0.06268046 "" "" 45.08822660770349 "" 2.83490393427923 ""
290.27235194559 15.09052098497 0.0146 0.0147 16.0268 "" "" 4320688382017334144 1647.15491 0.5723 0.0202 -1.498 -4.607 0.019 0.017 0.905 8546.3 3.7836 14.396837 1.378962 15.012965 13.634004 "" "" 1604.49036 1703.86768 32825.54109 6.3657 13497.0 13.553 27897.0 13.63 "" "" 0.002763353286056552 0.002995609 0.0038164286 0.006812038 290.27235194559 15.09052098497 1647.15491 -1.4980000000000007 -4.607 0.20511999320983887 0.6573198966979978 0.06568046 0.06368046 "" "" 5.37610521854654 "" 0.34332060225654193 ""
290.08900895655 15.27590348456 0.0172 0.0161 8.4743 "" "" 4320706283442361984 1657.11719 0.5562 0.0235 0.944 -7.672 0.023 0.02 0.976 4662.0 2.7652 14.401381 2.284501 15.6123 13.327799 -26.12 2.44 1595.86121 1723.14905 32688.44872 10.983 7771.4 16.594 36986.0 18.202 "" "" 0.0027793643283864143 0.0036276334 0.0038169662 0.0074445996 290.08900895655 15.27590348456 1657.11719 0.9440000000000003 -7.671999999999999 2.647119993209839 -2.4076801033020017 0.06968046 0.06668046 "" "" 28.10653065790282 "" 1.9207599923559582 ""
289.60322881479 15.22083233203 0.0161 0.0155 23.5594 "" "" 4320751260346271872 1718.30676 0.5475 0.0217 -0.569 -5.189 0.019 0.017 1.004 7352.9 3.6526 14.402411 0.991178 14.809403 13.818225 "" "" 1652.07117 1790.9812 32657.46439 5.5787 16280.0 13.361 23543.0 20.313 "" "" 0.002761555487762823 0.0029290004 0.0038937489 0.006822749 289.60322881479 15.22083233203 1718.30676 -0.569 -5.189 1.134119993209839 0.07531989669799799 0.06568046 0.06368046 "" "" 9.257499533878171 "" 0.6079567482735003 ""
290.20037327875 15.04026193645 0.0152 0.0152 13.3987 "" "" 4320686595311033856 1744.85571 0.537 0.0209 -1.034 -5.102 0.02 0.018 1.007 7248.2 3.839 14.40621 1.426756 15.047028 13.620272 "" "" 1680.49829 1804.5387 32543.37667 6.9977 13080.0 13.164 28252.0 17.769 "" "" 0.0027651933236643405 0.002996508 0.0038405778 0.006837086 290.20037327875 15.04026193645 1744.85571 -1.0339999999999998 -5.102000000000001 0.6691199932098388 0.16231989669799773 0.06668046 0.06468046 "" "" 5.69454177365492 "" 0.3790906697139537 ""
