Clusters/UBC_361/UBC_361_stars_in_region.tsv
# %ECSV 1.0
# ---
# datatype:
# - name: RA_ICRS_1
#   unit: deg
#   datatype: float64
#   format: '{:15.11f}'
#   description: Right ascension (ICRS) at Ep=2016.0 (ra)
#   meta: !!omap
#   - {ucd: POS_EQ_RA_MAIN}
#   - {width: 15}
#   - {precision: '11'}
# - name: DE_ICRS_1
#   unit: deg
#   datatype: float64
#   format: '{:15.11f}'
#   description: Declination (ICRS) at Ep=2016.0 (dec)
#   meta: !!omap
#   - {ucd: POS_EQ_DEC_MAIN}
#   - {width: 15}
#   - {precision: '11'}
# - name: e_RA_ICRS
#   unit: mas
#   datatype: float64
#   format: '{:7.4f}'
#   description: Standard error of right ascension (ra_error)
#   meta: !!omap
#   - {ucd: ERROR}
#   - {width: 7}
#   - {precision: '4'}
# - name: e_DE_ICRS
#   unit: mas
#   datatype: float64
#   format: '{:7.4f}'
#   description: Standard error of declination (dec_error)
#   meta: !!omap
#   - {ucd: ERROR}
#   - {width: 7}
#   - {precision: '4'}
# - name: _r_1
#   unit: ''
#   datatype: float64
#   format: '{:7.4f}'
#   description: Distance from center (290.00520623000+15.16010606000)[ICRS], at Epoch=J2016.0
#   meta: !!omap
#   - {ucd: POS_ANG_DIST_GENERAL}
#   - {width: 7}
#   - {precision: '4'}
# - name: HIP
#   datatype: int32
#   description: '? HIP cross-id number, van Leeuwen, Cat. I/311 (hip_original_ext_source_id)'
#   meta: !!omap
#   - {ucd: ID_NUMBER}
#   - {width: 6}
#   - values: {'null': -2147483648}
# - name: TYC2
#   datatype: string
#   description: Tycho-2 cross-id name, Hog et al., Cat. I/259 (tyc2_original_ext_source_id)
#   meta: !!omap
#   - {ucd: ID_CROSSID}
#   - {_votable_string_dtype: char}
# - name: Source
#   datatype: int64
#   description: Source identifier, identical to the Gaia-EDR3 source_id (id)
#   meta: !!omap
#   - {ucd: ID_MAIN}
#   - {width: 19}
# - name: rgeo
#   unit: pc
#   datatype: float64
#   format: '{:15.8f}'
#   description: '? Median of the geometric distance posterior (r_med_geo)'
#   meta: !!omap
#   - {ucd: PHYS_DISTANCE_TRUE}
#   - {width: 15}
#   - {precision: '8'}
#   - values: {'null': .nan}
# - name: Plx
#   unit: mas
#   datatype: float64
#   format: '{:9.4f}'
#   description: '? Parallax (parallax)'
#   meta: !!omap
#   - {ucd: POS_PARLX_TRIG}
#   - {width: 9}
#   - {precision: '4'}
#   - values: {'null': .nan}
# - name: e_Plx
#   unit: mas
#   datatype: float32
#   format: '{:7.4f}'
#   description: '? Standard error of parallax (parallax_error)'
#   meta: !!omap
#   - {ucd: ERROR}
#   - {width: 7}
#   - {precision: '4'}
#   - values: {'null': .nan}
# - name: pmRA
#   unit: mas / yr
#   datatype: float64
#   format: '{:9.3f}'
#   description: '? Proper motion in right ascension direction, pmRA*cosDE (pmra)'
#   meta: !!omap
#   - {ucd: POS_EQ_PMRA}
#   - {width: 9}
#   - {precision: '3'}
#   - values: {'null': .nan}
# - name: pmDE
#   unit: mas / yr
#   datatype: float64
#   format: '{:9.3f}'
#   description: '? Proper motion in declination direction (pmdec)'
#   meta: !!omap
#   - {ucd: POS_EQ_PMDEC}
#   - {width: 9}
#   - {precision: '3'}
#   - values: {'null': .nan}
# - name: e_pmRA
#   unit: mas / yr
#   datatype: float32
#   format: '{:6.3f}'
#   description: '? Standard error of proper motion in right ascension direction (pmra_error)'
#   meta: !!omap
#   - {ucd: ERROR}
#   - {width: 6}
#   - {precision: '3'}
#   - values: {'null': .nan}
# - name: e_pmDE
[...]
#         value: !astropy.table.SerializedColumn {name: SkyCoord.dec}
#       distance: !astropy.table.SerializedColumn
#         __class__: astropy.coordinates.distances.Distance
#         unit: !astropy.units.Unit {unit: pc}
#         value: !astropy.table.SerializedColumn {name: SkyCoord.distance}
#       frame: icrs
#       obstime: !astropy.time.Time {format: jyear_str, in_subfmt: '*', jd1: 367701545.0, jd2: 0.0, out_subfmt: '*', precision: 3, scale: tt}
#       pm_dec: !astropy.table.SerializedColumn
#         __class__: astropy.units.quantity.Quantity
#         unit: !astropy.units.Unit {unit: mas / yr}
#         value: !astropy.table.SerializedColumn {name: SkyCoord.pm_dec}
#       pm_ra_cosdec: !astropy.table.SerializedColumn
#         __class__: astropy.units.quantity.Quantity
#         unit: !astropy.units.Unit {unit: mas / yr}
#         value: !astropy.table.SerializedColumn {name: SkyCoord.pm_ra_cosdec}
#       ra: !astropy.table.SerializedColumn
#         __class__: astropy.coordinates.angles.Longitude
#         unit: *id001
#         value: !astropy.table.SerializedColumn {name: SkyCoord.ra}
#         wrap_angle: !astropy.coordinates.Angle
#           unit: *id001
#           value: 360.0
#       representation_type: spherical
# schema: astropy-2.0
RA_ICRS_1 DE_ICRS_1 e_RA_ICRS e_DE_ICRS _r_1 HIP TYC2 Source rgeo Plx e_Plx pmRA pmDE e_pmRA e_pmDE RUWE Teff logg Gmag BP-RP BPmag RPmag RV e_RV b_rgeo B_rgeo FG e_FG FBP e_FBP FRP e_FRP RAVE5 RAVE6 e_Gmag e_BPmag e_RPmag e_BP-RP SkyCoord.ra SkyCoord.dec SkyCoord.distance SkyCoord.pm_ra_cosdec SkyCoord.pm_dec rmRA rmDE e_rmRA e_rmDE rRV e_rRV v_pec v_pec3d e_vpec e_vpec3d
[from data line 251]
290.35073888178 15.10027262756 0.0172 0.0163 20.3327 "" "" 4320688038419936896 1779.23389 0.5192 0.0223 -2.717 -8.774 0.021 0.019 1.095 4755.5 2.7617 14.556654 2.231515 15.724796 13.493281 7.65 1.87 1705.6604 1838.52795 28332.50789 10.16 7006.5 8.0859 31757.0 18.488 "" "" 0.002782692546245136 0.0030586044 0.0038318739 0.0068904785 290.35073888178 15.10027262756 1779.23389 -2.7170000000000005 -8.774000000000001 -1.0138800067901612 -3.509680103302001 0.06768046 0.06568046 "" "" 30.80944006476714 "" 2.028390874258819 ""
290.23130498283 14.78613813813 0.017 0.0153 25.9849 "" "" 4319923259327038720 1570.52393 0.6057 0.0209 -3.797 -2.994 0.021 0.018 0.901 "" "" 14.567581 1.374769 15.180382 13.805613 "" "" 1526.16028 1624.50781 28048.80604 6.3593 11568.0 12.55 23818.0 17.086 "" "" 0.002766294387608214 0.0030286144 0.0038588017 0.0068874164 290.23130498283 14.78613813813 1570.52393 -3.797000000000002 -2.9939999999999998 -2.0938800067901613 2.270319896697998 0.06768046 0.06468046 "" "" 22.991493011411396 "" 1.5191925166645894 ""
289.78834310155 15.35734622942 0.0182 0.0189 17.252 "" "" 4320759781562032128 1313.73767 0.7301 0.0244 -0.432 -0.682 0.024 0.024 1.004 7368.4 3.9788 14.569869 1.309917 15.145292 13.835375 12.54 10.0 1266.63916 1356.84705 27989.74738 7.7531 11948.0 17.049 23174.0 26.046 "" "" 0.002771685031298174 0.003191441 0.003971504 0.0071629453 289.78834310155 15.35734622942 1313.73767 -0.432 -0.682 1.271119993209839 4.582319896697998 0.07068046 0.07068046 "" "" 29.612150174476596 "" 2.0930004499318793 ""
289.93790551335 15.2372495197 0.017 0.0169 6.0505 "" "" 4320707348594094208 1349.54346 0.7041 0.023 1.576 6.339 0.021 0.02 1.037 4870.9 3.2207 14.57134 1.83844 15.476312 13.637872 3.89 3.24 1315.07288 1389.04089 27951.86191 7.5381 8808.3 9.165 27798.0 14.6 "" "" 0.0027708343442535573 0.003010196 0.0038221604 0.0068323566 289.93790551335 15.2372495197 1349.54346 1.576 6.339000000000001 3.279119993209839 11.603319896697998 0.06768046 0.06668046 "" "" 77.13153562334846 "" 5.148910385387525 ""
289.89936440212 15.4562349973 0.0153 0.0158 18.7939 "" "" 4320762461621826816 1540.39111 0.6118 0.0211 -2.881 -2.388 0.02 0.019 0.995 "" "" 14.576533 1.88607 15.500366 13.614296 29.0 5.55 1495.73755 1584.87268 27818.49002 15.651 8615.3 17.021 28408.0 38.394 "" "" 0.0028222197214407023 0.0035194205 0.004054254 0.0075736744 289.89936440212 15.4562349973 1540.39111 -2.880999999999997 -2.388 -1.177880006790161 2.876319896697998 0.06668046 0.06568046 "" "" 22.694038527507942 "" 1.493835263093535 ""
289.92719730362 15.19921896877 0.0159 0.0163 5.0905 "" "" 4320707142435644672 1719.125 0.5507 0.022 -2.914 -4.132 0.021 0.02 0.995 "" "" 14.593323 1.145954 15.079156 13.933202 "" "" 1650.61279 1784.34009 27391.61255 5.4541 12699.0 11.497 21178.0 12.945 "" "" 0.002763788391931843 0.0029582551 0.0038372078 0.006795463 289.92719730362 15.19921896877 1719.125 -2.9140000000000006 -4.132 -1.2108800067901613 1.1323198966979984 0.06768046 0.06668046 "" "" 13.509027563965093 "" 0.9080201331269341 ""
290.0674773935 14.86145588781 0.017 0.0157 18.2788 "" "" 4320676940224043136 1669.74341 0.5647 0.0215 -1.453 -1.015 0.021 0.018 0.918 "" "" 14.597144 1.477728 15.272598 13.79487 -26.21 5.84 1618.96887 1745.88892 27295.38364 6.3561 10626.0 13.295 24055.0 11.638 "" "" 0.0027668956604347816 0.003103293 0.0038157115 0.0069190045 290.0674773935 14.86145588781 1669.74341 -1.452999999999999 -1.0150000000000003 0.2501199932098388 4.249319896697998 0.06768046 0.06468046 "" "" 33.68980855395107 "" 2.179429241623973 ""
289.88761522102 15.3210020305 0.0167 0.0166 11.8125 "" "" 4320756066357837312 1221.23059 0.7862 0.0217 0.943 -0.249 0.021 0.021 1.002 6889.7 3.9331 14.602913 1.305177 15.172637 13.86746 21.63 10.99 1189.12732 1253.55786 27150.74513 6.5354 11651.0 13.866 22500.0 18.033 "" "" 0.0027676868995398715 0.0030748488 0.0038782654 0.006953114 289.88761522102 15.3210020305 1221.23059 0.943 -0.249 2.646119993209839 5.015319896697998 0.06768046 0.06768046 "" "" 32.82485910544865 "" 2.22160166856236 ""
290.24283382765 15.46600682737 0.016 0.0162 22.9341 "" "" 4320806442043927936 1665.37683 0.5724 0.021 -1.944 -5.358 0.02 0.02 1.034 "" "" 14.607304 1.324801 15.18908 13.86428 "" "" 1610.19238 1731.70874 27041.14742 6.7081 11476.0 11.81 22566.0 18.177 "" "" 0.0027684531276280394 0.003005576 0.0038792512 0.0068848273 290.24283382765 15.46600682737 1665.37683 -1.944 -5.358 -0.24088000679016108 -0.0936801033020016 0.06668046 0.06668046 "" "" 2.0402166785109794 "" 0.13604258900634728 ""
290.31825632203 15.42156953471 0.017 0.0176 23.966 "" "" 4320803109148905856 1468.55078 0.6346 0.0239 1.654 1.461 0.023 0.02 1.059 6061.2 2.9792 14.612909 2.538717 16.009396 13.470678 -15.35 2.53 1431.31763 1511.03125 26901.89705 17.951 5390.9 16.433 32426.0 55.199 "" "" 0.002848976913491996 0.0043288246 0.0042071105 0.008535935 290.31825632203 15.42156953471 1468.55078 1.6539999999999997 1.460999999999999 3.357119993209839 6.725319896697998 0.06968046 0.06668046 "" "" 52.32295155981503 "" 3.5207883495629564 ""
290.04258232942 15.36764980171 0.0185 0.0181 12.6392 "" "" 4320710922007125248 1586.5658 0.5979 0.0253 -0.954 -5.208 0.023 0.022 1.232 6701.7 3.599 14.620139 1.68399 15.416923 13.732933 1.38 5.11 1523.6084 1644.85706 26723.37011 31.018 9303.5 38.16 25467.0 82.982 "" "" 0.003029842820828982 0.0052552186 0.005176832 0.010432051 290.04258232942 15.36764980171 1586.5658 -0.954 -5.208 0.7491199932098389 0.05631989669799786 0.06968046 0.068680465 "" "" 5.649522358303575 "" 0.3936297893121348 ""
289.6821382266 14.99553473632 0.0235 0.0227 21.1617 "" "" 4320674363248120576 1319.36267 0.7283 0.03 1.797 0.208 0.031 0.028 1.513 7105.1 4.1157 14.622529 1.21895 15.13408 13.91513 "" "" 1274.76611 1367.39246 26664.61481 10.336 12072.0 21.838 21533.0 17.16 "" "" 0.0027872774661812233 0.0034121308 0.00387716 0.0072892904 289.6821382266 14.99553473632 1319.36267 1.797 0.20799999999999996 3.5001199932098386 5.472319896697998 0.07768046 0.07468046 "" "" 40.624119864870394 "" 3.0697090148643547 ""
290.15342765056 15.1832049629 0.022 0.0206 8.6945 "" "" 4320692951862716416 1574.99219 0.6089 0.031 -1.673 -5.331 0.029 0.024 1.208 9196.2 4.1543 14.622811 1.171136 15.09148 13.920344 "" "" 1490.97156 1662.76733 26657.67956 7.5673 12555.0 12.408 21430.0 15.4 "" "" 0.002772504488310315 0.002989386 0.0038590785 0.0068484647 290.15342765056 15.1832049629 1574.99219 -1.6730000000000005 -5.331000000000003 0.030119993209838825 -0.06668010330200236 0.075680465 0.07068046 "" "" 0.5462275847609188 "" 0.03908387907159205 ""
290.09078619828 15.30643939881 0.0198 0.0193 10.0814 "" "" 4320709650696735488 1616.98816 0.5869 0.0275 -0.495 -2.0 0.026 0.023 1.23 7295.2 3.4337 14.630139 1.447361 15.282133 13.834772 "" "" 1550.59351 1693.96716 26478.36527 6.4806 10533.0 14.588 23187.0 15.79 "" "" 0.0027681048311871616 0.0031695792 0.0038510251 0.0070206043 290.09078619828 15.30643939881 1616.98816 -0.4949999999999998 -1.9999999999999996 1.2081199932098388 3.264319896697998 0.07268046 0.06968046 "" "" 26.67798072704591 "" 1.8687573764143333 ""
289.68298608594 15.47408242259 0.019 0.0192 26.5063 "" "" 4320773353659963392 1299.44287 0.7433 0.0287 -2.616 -4.128 0.025 0.022 1.085 6462.5 3.8313 14.6314 1.532613 15.336146 13.803534 13.83 3.61 1262.21643 1363.24841 26447.62388 7.6459 10022.0 12.206 23864.0 18.367 "" "" 0.002773141041383725 0.0030876582 0.0038706616 0.00695832 289.68298608594 15.47408242259 1299.44287 -2.6160000000000005 -4.127999999999999 -0.9128800067901612 1.136319896697998 0.071680464 0.068680465 "" "" 8.977829269235077 "" 0.6273038229806175 ""
289.90687328938 15.50925038586 0.0148 0.0158 21.7076 "" "" 4320762908298438912 1709.5697 0.5526 0.0213 -0.446 -0.821 0.019 0.02 1.002 "" "" 14.633857 1.154866 15.12591 13.971044 "" "" 1646.80505 1778.05237 26387.85763 5.1909 12163.0 12.682 20452.0 14.673 "" "" 0.0027635857669945064 0.0030110828 0.0038588191 0.006869902 289.90687328938 15.50925038586 1709.5697 -0.446 -0.821 1.257119993209839 4.443319896697998 0.06568046 0.06668046 "" "" 37.41914087260583 "" 2.4923715836318103 ""
290.29293474855 15.02815163141 0.3423 0.3638 18.4529 "" "" 4320687076347325312 1398.24939 1.4733 0.4919 -25.307 -21.14 0.448 0.442 22.659 4690.1 4.8021 14.635811 1.442657 15.16187 13.719213 7.79 6.67 830.611816 2961.8501 26340.40115 86.805 11767.0 16.565 25791.0 18.523 "" "" 0.004515998980859892 0.0031813825 0.0038589856 0.0070403684 290.29293474855 15.02815163141 1398.24939 -25.306999999999995 -21.14 -23.60388000679016 -15.875680103302003 0.49468046 0.48868045 "" "" 188.53224956413652 "" 92.91236144421491 ""
289.65381847087 15.20457347613 0.09 0.0969 20.5216 "" "" 4320748442847617024 1764.32495 0.6221 0.1176 0.899 -1.933 0.107 0.105 6.638 "" "" 14.640503 1.120505 14.732183 13.611678 "" "" 1438.60608 2235.34717 26226.81115 20.241 17480.0 36.975 28477.0 29.887 "" "" 0.0028799176866572285 0.003613801 0.0039474266 0.0075612273 289.65381847087 15.20457347613 1764.32495 0.8989999999999998 -1.9330000000000014 2.602119993209839 3.331319896697998 0.15368046 0.15168045 "" "" 35.35115826342165 "" 5.388980327940721 ""
289.60434170044 15.07050606639 0.1102 0.1016 23.834 "" "" 4320722673041407232 1220.43555 0.8602 0.1409 -3.242 -7.611 0.144 0.121 7.463 5490.6 4.3037 14.642851 1.302652 15.182288 13.879636 35.37 8.03 1034.12964 1427.97913 26170.15393 26.48 11548.0 13.07 22249.0 16.822 "" "" 0.0029662588280451514 0.0030487834 0.0038675065 0.00691629 289.60434170044 15.07050606639 1220.43555 -3.242 -7.610999999999999 -1.5388800067901611 -2.3466801033020017 0.19068046 0.16768046 "" "" 16.23379676069027 "" 2.8395376088231092 ""
290.32969951605 15.34585442565 0.0159 0.0163 21.8412 "" "" 4320789811930545024 1241.69177 0.7732 0.0221 2.536 -1.706 0.02 0.019 1.092 7664.4 4.0351 14.649763 1.596721 15.358375 13.761654 -37.02 8.45 1206.97388 1275.76538 26004.07408 9.0513 9819.0 23.39 24803.0 160.44 "" "" 0.0027811164996897142 0.0038045044 0.007975496 0.011780001 290.32969951605 15.34585442565 1241.69177 2.536 -1.706 4.2391199932098385 3.558319896697998 0.06668046 0.06568046 "" "" 32.57453710088883 "" 2.158680049195585 ""
290.06798965728 15.46764254169 0.0151 0.0156 18.8065 "" "" 4320852621533449856 1687.15161 0.5577 0.021 0.2 -2.007 0.019 0.018 1.005 "" "" 14.652943 1.394464 15.275847 13.881382 "" "" 1638.64722 1741.39087 25928.03765 5.792 10594.0 10.611 22213.0 12.573 "" "" 0.002765974513517531 0.0029946049 0.0038290203 0.0068236254 290.06798965728 15.46764254169 1687.15161 0.19999999999999998 -2.007000000000001 1.9031199932098388 3.257319896697998 0.06568046 0.06468046 "" "" 30.16931147660349 "" 1.9590866585469362 ""
289.8957925036 14.89020889774 0.0177 0.0162 17.3908 "" "" 4320657320816521216 1204.22412 0.8012 0.0232 -3.375 -4.363 0.021 0.018 0.994 6959.4 3.9072 14.653916 1.344401 15.250668 13.906266 31.09 13.5 1173.5708 1238.17004 25904.78952 5.8531 10843.0 12.496 21710.0 13.291 "" "" 0.0027662195387617747 0.0030578894 0.003837388 0.0068952776 289.8957925036 14.89020889774 1204.22412 -3.375 -4.363 -1.6718800067901611 0.9013198966979976 0.06768046 0.06468046 "" "" 10.841577124764934 "" 0.7265658122374882 ""
289.56708122474 15.2997462655 0.0244 0.0249 26.7122 "" "" 4320764626285580800 1735.62756 0.5594 0.0336 -2.362 -3.78 0.03 0.027 1.611 11825.4 4.4184 14.658593 1.34032 15.224573 13.884253 "" "" 1648.81177 1820.98621 25793.45024 9.7391 11107.0 30.803 22154.0 42.878 "" "" 0.0027856508390211917 0.0041050673 0.0043242997 0.008429367 289.56708122474 15.2997462655 1735.62756 -2.362 -3.7800000000000002 -0.6588800067901612 1.4843198966979982 0.07668046 0.07368046 "" "" 13.3603238877871 "" 0.9911038762311336 ""
289.59267062311 15.20723913258 0.0209 0.0197 24.0549 "" "" 4320751157267041152 1582.92871 0.5967 0.0264 -0.076 -4.971 0.026 0.022 1.234 6651.1 3.631 14.659084 1.16242 15.153032 13.990612 "" "" 1510.25745 1644.39478 25781.77591 5.049 11863.0 12.762 20087.0 13.986 "" "" 0.0027635121340388613 0.0030247823 0.003854246 0.0068790284 289.59267062311 15.20723913258 1582.92871 -0.07600000000000007 -4.971000000000001 1.6271199932098388 0.29331989669799796 0.07268046 0.068680465 "" "" 12.405197647845794 "" 0.9000953735367445 ""
289.78694674515 14.85791456923 0.0336 0.0313 22.1075 "" "" 4320657733133466880 1579.93945 0.6057 0.0437 -1.896 -3.827 0.042 0.037 1.917 5436.8 3.716 14.660184 1.556887 15.373466 13.81658 -36.59 5.16 1481.40002 1685.53003 25755.69843 11.283 9683.5 18.87 23579.0 16.84 "" "" 0.0027960722268602477 0.0035016334 0.0038581102 0.0073597436 289.78694674515 14.85791456923 1579.93945 -1.896 -3.827 -0.19288000679016104 1.437319896697998 0.08868046 0.083680466 "" "" 10.860450392558855 "" 0.9097962882901804 ""
290.17751116522 14.80361200587 0.0176 0.0164 23.6062 "" "" 4319925011674248448 1510.90588 0.6205 0.022 -0.254 -0.367 0.022 0.02 0.951 "" "" 14.66821 1.35072 15.267527 13.916806 "" "" 1452.73828 1564.03772 25566.00379 5.9938 10676.0 13.91 21500.0 11.041 "" "" 0.002767053000431921 0.0031282946 0.0038202885 0.006948583 290.17751116522 14.80361200587 1510.90588 -0.254 -0.36699999999999994 1.4491199932098389 4.897319896697998 0.068680465 0.06668046 "" "" 36.57634252480841 "" 2.4448977991937983 ""
289.58466717524 15.06008867127 0.0171 0.0185 25.0883 "" "" 4320722569962199552 1342.58936 0.7112 0.0225 3.206 -5.025 0.024 0.025 0.906 6635.3 3.883 14.668559 1.383015 15.282944 13.899929 15.6 12.51 1305.21936 1395.50317 25557.77123 7.4445 10525.0 12.612 21837.0 20.003 "" "" 0.002773410603674309 0.0030785904 0.0039080502 0.0069866404 289.58466717524 15.06008867127 1342.58936 3.2060000000000013 -5.025 4.909119993209838 0.2393198966979977 0.07068046 0.071680464 "" "" 31.278120137992797 "" 2.2108266581814213 ""
290.32669074204 15.02825571879 0.0158 0.0164 20.2342 "" "" 4319936487826650368 1706.04541 0.5474 0.022 -0.069 -2.869 0.021 0.02 0.999 "" "" 14.670283 1.426944 15.31356 13.886617 "" "" 1649.92346 1755.96558 25517.21972 6.9497 10233.0 15.473 22106.0 17.249 "" "" 0.002771142395572371 0.003237322 0.0038731704 0.0071104923 290.32669074204 15.02825571879 1706.04541 -0.06900000000000003 -2.8690000000000007 1.634119993209839 2.395319896697998 0.06768046 0.06668046 "" "" 23.44837984877978 "" 1.5710339210423063 ""
290.27196624233 14.97136459355 0.0166 0.0162 19.1602 "" "" 4319934804199686656 1374.38745 0.6957 0.0218 1.694 -5.284 0.023 0.02 0.993 6298.8 3.8879 14.674217 1.612641 15.430085 13.817444 -2.09 3.29 1332.38416 1417.80981 25424.93283 6.1193 9191.4 14.998 23560.0 12.139 "" "" 0.0027676841452209454 0.0033051118 0.0038205588 0.0071256706 290.27196624233 14.97136459355 1374.38745 1.6939999999999995 -5.284 3.397119993209839 -0.01968010330200176 0.06968046 0.06668046 "" "" 22.13123742424783 "" 1.542112619416437 ""
290.42721981574 15.19499697377 0.0171 0.0161 24.5271 "" "" 4320782665104204032 1199.02051 0.8045 0.0213 0.437 -7.011 0.021 0.018 0.973 7800.3 4.1364 14.682613 1.374488 15.296935 13.922447 "" "" 1170.64795 1231.8186 25229.08238 6.368 10391.0 14.072 21388.0 13.476 "" "" 0.0027689152138323236 0.0031538862 0.0038407955 0.0069946814 290.42721981574 15.19499697377 1199.02051 0.43700000000000006 -7.0109999999999975 2.1401199932098387 -1.746680103302002 0.06768046 0.06468046 "" "" 15.699861524745488 "" 1.0439983273805409 ""
289.60574447234 15.21962753617 0.0179 0.0173 23.4044 "" "" 4320751260346263808 1659.43042 0.5721 0.024 1.144 -4.268 0.021 0.019 0.992 6680.0 3.9245 14.69443 1.300567 15.264221 13.963655 4.46 8.97 1591.11072 1735.86487 24955.98712 5.9243 10708.0 12.821 20592.0 17.81 "" "" 0.002767349052609476 0.0030781496 0.0038942965 0.006972446 289.60574447234 15.21962753617 1659.43042 1.1439999999999997 -4.268000000000003 2.847119993209839 0.9963198966979983 0.06768046 0.06568046 "" "" 23.726197970222252 "" 1.6006914702031614 ""
