Clusters/UBC_521/UBC_521_stars_in_region.tsv
# %ECSV 1.0
# ---
# datatype:
# - name: RA_ICRS_1
#   unit: deg
#   datatype: float64
#   format: '{:15.11f}'
#   description: Right ascension (ICRS) at Ep=2016.0 (ra)
#   meta: !!omap
#   - {ucd: POS_EQ_RA_MAIN}
#   - {width: 15}
#   - {precision: '11'}
# - name: DE_ICRS_1
#   unit: deg
#   datatype: float64
#   format: '{:15.11f}'
#   description: Declination (ICRS) at Ep=2016.0 (dec)
#   meta: !!omap
#   - {ucd: POS_EQ_DEC_MAIN}
#   - {width: 15}
#   - {precision: '11'}
# - name: e_RA_ICRS
#   unit: mas
#   datatype: float64
#   format: '{:7.4f}'
#   description: Standard error of right ascension (ra_error)
#   meta: !!omap
#   - {ucd: ERROR}
#   - {width: 7}
#   - {precision: '4'}
# - name: e_DE_ICRS
#   unit: mas
#   datatype: float64
#   format: '{:7.4f}'
#   description: Standard error of declination (dec_error)
#   meta: !!omap
#   - {ucd: ERROR}
#   - {width: 7}
#   - {precision: '4'}
# - name: _r_1
#   unit: ''
#   datatype: float64
#   format: '{:7.4f}'
#   description: Distance from center (187.52151836000-64.15890178000)[ICRS], at Epoch=J2016.0
#   meta: !!omap
#   - {ucd: POS_ANG_DIST_GENERAL}
#   - {width: 7}
#   - {precision: '4'}
# - name: HIP
#   datatype: int32
#   description: '? HIP cross-id number, van Leeuwen, Cat. I/311 (hip_original_ext_source_id)'
#   meta: !!omap
#   - {ucd: ID_NUMBER}
#   - {width: 6}
#   - values: {'null': -2147483648}
# - name: TYC2
#   datatype: string
#   description: Tycho-2 cross-id name, Hog et al., Cat. I/259 (tyc2_original_ext_source_id)
#   meta: !!omap
#   - {ucd: ID_CROSSID}
#   - {_votable_string_dtype: char}
# - name: Source
#   datatype: int64
#   description: Source identifier, identical to the Gaia-EDR3 source_id (id)
#   meta: !!omap
#   - {ucd: ID_MAIN}
#   - {width: 19}
# - name: rgeo
#   unit: pc
#   datatype: float64
#   format: '{:15.8f}'
#   description: '? Median of the geometric distance posterior (r_med_geo)'
#   meta: !!omap
#   - {ucd: PHYS_DISTANCE_TRUE}
#   - {width: 15}
#   - {precision: '8'}
#   - values: {'null': .nan}
# - name: Plx
#   unit: mas
#   datatype: float64
#   format: '{:9.4f}'
#   description: '? Parallax (parallax)'
#   meta: !!omap
#   - {ucd: POS_PARLX_TRIG}
#   - {width: 9}
#   - {precision: '4'}
#   - values: {'null': .nan}
# - name: e_Plx
#   unit: mas
#   datatype: float32
#   format: '{:7.4f}'
#   description: '? Standard error of parallax (parallax_error)'
#   meta: !!omap
#   - {ucd: ERROR}
#   - {width: 7}
#   - {precision: '4'}
#   - values: {'null': .nan}
# - name: pmRA
#   unit: mas / yr
#   datatype: float64
#   format: '{:9.3f}'
#   description: '? Proper motion in right ascension direction, pmRA*cosDE (pmra)'
#   meta: !!omap
#   - {ucd: POS_EQ_PMRA}
#   - {width: 9}
#   - {precision: '3'}
#   - values: {'null': .nan}
# - name: pmDE
#   unit: mas / yr
#   datatype: float64
#   format: '{:9.3f}'
#   description: '? Proper motion in declination direction (pmdec)'
#   meta: !!omap
#   - {ucd: POS_EQ_PMDEC}
#   - {width: 9}
#   - {precision: '3'}
#   - values: {'null': .nan}
# - name: e_pmRA
#   unit: mas / yr
#   datatype: float32
#   format: '{:6.3f}'
#   description: '? Standard error of proper motion in right ascension direction (pmra_error)'
#   meta: !!omap
#   - {ucd: ERROR}
#   - {width: 6}
#   - {precision: '3'}
#   - values: {'null': .nan}
# - name: e_pmDE
[...]
#         unit: &id001 !astropy.units.Unit {unit: deg}
#         value: !astropy.table.SerializedColumn {name: SkyCoord.dec}
#       distance: !astropy.table.SerializedColumn
#         __class__: astropy.coordinates.distances.Distance
#         unit: !astropy.units.Unit {unit: pc}
#         value: !astropy.table.SerializedColumn {name: SkyCoord.distance}
#       frame: icrs
#       obstime: !astropy.time.Time {format: jyear_str, in_subfmt: '*', jd1: 367701545.0, jd2: 0.0, out_subfmt: '*', precision: 3, scale: tt}
#       pm_dec: !astropy.table.SerializedColumn
#         __class__: astropy.units.quantity.Quantity
#         unit: !astropy.units.Unit {unit: mas / yr}
#         value: !astropy.table.SerializedColumn {name: SkyCoord.pm_dec}
#       pm_ra_cosdec: !astropy.table.SerializedColumn
#         __class__: astropy.units.quantity.Quantity
#         unit: !astropy.units.Unit {unit: mas / yr}
#         value: !astropy.table.SerializedColumn {name: SkyCoord.pm_ra_cosdec}
#       ra: !astropy.table.SerializedColumn
#         __class__: astropy.coordinates.angles.Longitude
#         unit: *id001
#         value: !astropy.table.SerializedColumn {name: SkyCoord.ra}
#         wrap_angle: !astropy.coordinates.Angle
#           unit: *id001
#           value: 360.0
#       representation_type: spherical
# schema: astropy-2.0
RA_ICRS_1 DE_ICRS_1 e_RA_ICRS e_DE_ICRS _r_1 HIP TYC2 Source rgeo Plx e_Plx pmRA pmDE e_pmRA e_pmDE RUWE Teff logg Gmag BP-RP BPmag RPmag RV e_RV b_rgeo B_rgeo FG e_FG FBP e_FBP FRP e_FRP RAVE5 RAVE6 e_Gmag e_BPmag e_RPmag e_BP-RP SkyCoord.ra SkyCoord.dec SkyCoord.distance SkyCoord.pm_ra_cosdec SkyCoord.pm_dec
[from data line 482]
187.88874420934 -64.21680840882 0.0249 0.0286 10.2036 "" "" 5861387365515017472 2839.85962 0.3362 0.0347 -7.835 -2.448 0.031 0.037 1.01 15018.1 4.3387 16.07717 1.480447 16.706814 15.226367 "" "" 2570.81958 3133.57153 6983.59622 2.9703 2835.9 9.9366 6435.9 20.259 "" "" 0.0027937502299403886 0.0047177863 0.005095523 0.009813309 187.88874420934 -64.21680840882 2839.85962 -7.835000000000002 -2.4480000000000004
187.4880980946 -64.12391432825 0.03 0.0313 2.2741 "" "" 6053451912034199040 2573.11792 0.3593 0.0407 -10.188 -0.253 0.038 0.041 1.098 5682.7 3.9343 16.080996 1.881596 16.9294 15.047804 "" "" 2319.08594 2829.55273 6959.02224 3.7687 2310.2 14.401 7586.4 98.896 "" "" 0.0028173601012326365 0.00732068 0.014649522 0.021970201 187.4880980946 -64.12391432825 2573.11792 -10.188 -0.25300000000000034
187.18058105824 -64.30576540111 0.0267 0.0261 12.5192 "" "" 6053445963475891712 2658.46777 0.3499 0.0344 -10.024 3.968 0.033 0.034 1.035 5684.0 4.0283 16.08258 1.259963 16.624535 15.364572 "" "" 2491.87793 2964.25146 6948.87746 2.6178 3059.2 6.8109 5666.7 10.846 "" "" 0.0027855139507803146 0.0036916295 0.0043130233 0.008004652 187.18058105824 -64.30576540111 2658.46777 -10.024 3.9680000000000004
187.70989290394 -64.03462974152 0.036 0.0337 8.9429 "" "" 6053547122864258688 2468.8103 0.3883 0.0475 -6.645 0.092 0.048 0.046 1.407 9820.4 3.6996 16.083185 1.617224 16.756376 15.139153 "" "" 2169.66724 2900.17188 6945.01169 4.1989 2709.4 9.1414 6974.2 36.062 "" "" 0.002832434768022792 0.004604811 0.006767701 0.011372512 187.70989290394 -64.03462974152 2468.8103 -6.6450000000000005 0.09199999999999978
188.09142108746 -64.18435425449 0.0298 0.0357 14.9756 "" "" 5861385819326950656 2783.021 0.3312 0.042 -8.209 -1.324 0.037 0.047 1.269 8354.4 4.314 16.084686 1.372658 16.660316 15.287659 "" "" 2555.17334 3050.51318 6935.41689 3.349 2960.0 8.6069 6082.7 10.514 "" "" 0.002804757289581431 0.0042133024 0.0042196857 0.008432988 188.09142108746 -64.18435425449 2783.021 -8.208999999999998 -1.3240000000000003
187.52610102818 -64.06984891114 0.0299 0.0289 5.3445 "" "" 6053453355182562176 2962.83545 0.3087 0.0388 -8.67 0.454 0.036 0.037 1.01 4867.5 3.4347 16.085102 2.476773 17.431023 14.954249 "" "" 2683.76733 3347.27588 6932.75293 2.8299 1455.5 7.4098 8269.1 18.099 "" "" 0.0027907358396722965 0.006191678 0.0044644186 0.010656096 187.52610102818 -64.06984891114 2962.83545 -8.669999999999998 0.45399999999999974
187.81734029454 -64.1976107784 0.03 0.0331 8.0724 "" "" 5861387842183700224 3117.00171 0.3043 0.0412 -6.832 0.37 0.037 0.042 1.2 11447.7 4.2657 16.087181 1.492381 16.605055 15.112674 "" "" 2723.01709 3455.35034 6919.48829 4.8636 3114.5 26.85 7146.4 140.76 "" "" 0.0028590527523347335 0.009767109 0.021716736 0.031483844 187.81734029454 -64.1976107784 3117.00171 -6.832000000000001 0.37000000000000005
187.65020874489 -64.17297795884 0.0297 0.032 3.4691 "" "" 6053448063782707072 2434.52979 0.3973 0.0407 -5.347 -1.597 0.038 0.043 1.232 7111.7 4.3447 16.0876 1.190388 16.585072 15.394684 "" "" 2223.04028 2717.56152 6916.81712 3.5333 3172.4 6.4741 5511.7 8.4166 "" "" 0.0028105865893260818 0.003562932 0.004127054 0.007689986 187.65020874489 -64.17297795884 2434.52979 -5.3469999999999995 -1.597
187.745625705 -64.00136193675 0.0278 0.0279 11.1308 "" "" 6053547500821459200 2826.71387 0.3242 0.0381 -9.404 -0.507 0.037 0.037 1.023 15009.3 3.8982 16.087688 2.659014 17.565977 14.906963 "" "" 2571.35864 3151.09229 6916.26245 3.3781 1285.4 5.4721 8637.2 11.806 "" "" 0.0028058888612401633 0.005398974 0.0040603187 0.0094592925 187.745625705 -64.00136193675 2826.71387 -9.404000000000002 -0.5069999999999999
187.07343499422 -64.1867588422 0.0302 0.0299 11.8313 "" "" 6053462426154746112 2987.75952 0.304 0.0396 -8.835 -3.232 0.039 0.04 1.082 "" "" 16.091007 2.331671 17.332523 15.000853 "" "" 2655.71997 3404.98315 6895.14701 2.7889 1593.7 7.1029 7921.7 13.96 "" "" 0.002790097281640904 0.0055857617 0.004236105 0.009821867 187.07343499422 -64.1867588422 2987.75952 -8.835 -3.232
187.08809163231 -64.20427767637 0.0303 0.0283 11.6486 "" "" 6053450675122577920 2561.92969 0.3623 0.038 -8.439 -1.213 0.038 0.038 1.056 5828.5 4.3653 16.092875 1.18197 16.603867 15.421897 "" "" 2386.79102 2815.80127 6883.29888 2.435 3118.0 6.8877 5375.3 8.1609 "" "" 0.002781961577178137 0.0036793195 0.0041232165 0.007802536 187.08809163231 -64.20427767637 2561.92969 -8.439 -1.213
186.93541055378 -64.10505924714 0.0284 0.0266 15.6795 "" "" 6053461086124342016 3041.90479 0.3142 0.0367 -7.385 2.136 0.036 0.036 1.007 5897.5 4.3022 16.094051 1.149178 16.583849 15.434671 "" "" 2730.65649 3698.14136 6875.85169 2.5681 3176.0 6.9914 5312.4 8.3199 "" "" 0.002785001606789245 0.0036738825 0.0041442844 0.007818167 186.93541055378 -64.10505924714 3041.90479 -7.384999999999999 2.136
187.32596770093 -64.20223835926 0.0255 0.0257 5.7337 "" "" 6053449987927881344 2726.64917 0.3417 0.0338 -7.489 0.018 0.032 0.033 1.006 5377.8 4.2362 16.09668 1.257345 16.649092 15.391746 "" "" 2500.10352 3035.87158 6859.22069 2.4379 2990.7 8.4881 5526.6 7.6954 "" "" 0.002782211672071935 0.0041570035 0.0040705404 0.008227544 187.32596770093 -64.20223835926 2726.64917 -7.489000000000002 0.017999999999999988
187.97660422718 -64.17066503859 0.0254 0.028 11.92 "" "" 5861387571673612672 2446.36792 0.3782 0.0344 -7.322 -0.027 0.031 0.037 1.016 7450.7 4.2819 16.097527 1.05674 16.520748 15.464008 "" "" 2261.75781 2666.28418 6853.87137 2.4435 3366.0 9.3996 5170.8 15.93 "" "" 0.0027823767367390873 0.004120396 0.0050469837 0.00916738 187.97660422718 -64.17066503859 2446.36792 -7.322 -0.02700000000000009
187.83135677544 -63.93952322406 0.5605 0.5925 15.4737 "" "" 6053559801608793984 3250.08618 0.7798 0.7631 -8.277 -2.208 0.742 0.758 21.246 "" "" 16.098484 1.318214 16.46331 15.145096 "" "" 1616.51685 6230.49951 6847.82758 50.123 3548.9 7.6442 6936.2 8.6837 "" "" 0.008411191764867414 0.0036406408 0.004016386 0.007657027 187.83135677544 -63.93952322406 3250.08618 -8.277000000000001 -2.208
187.19580906829 -64.13146862678 0.0494 0.0506 8.6798 "" "" 6053462872797592832 2495.85571 0.3852 0.0659 -10.259 -0.576 0.066 0.07 1.782 "" "" 16.099705 1.208269 16.589235 15.380966 "" "" 2135.50122 3077.14697 6840.13511 4.9727 3160.3 8.9576 5581.8 14.462 "" "" 0.0028661493250767937 0.004153986 0.0047113704 0.008865356 187.19580906829 -64.13146862678 2495.85571 -10.259000000000002 -0.5760000000000002
187.07926092128 -64.09029700454 0.0283 0.0276 12.2903 "" "" 6053466824201339648 3021.44653 0.3009 0.0353 -7.988 -0.0 0.037 0.038 0.996 9385.2 4.1832 16.107168 1.396896 16.70523 15.308334 "" "" 2758.22778 3364.10376 6793.28505 2.5983 2840.0 12.196 5967.9 23.746 "" "" 0.002786438788298643 0.0054336367 0.0057399427 0.01117358 187.07926092128 -64.09029700454 3021.44653 -7.987999999999998 1.1102230246251565e-16
187.33550301837 -64.3124679985 0.027 0.0271 10.4131 "" "" 6053445418082450432 2927.00049 0.3192 0.0353 -3.633 -0.66 0.034 0.036 0.951 7103.0 4.1195 16.109266 1.507056 16.797668 15.290612 "" "" 2688.3064 3230.30469 6780.15917 2.5188 2608.3 8.8495 6066.2 8.9913 "" "" 0.002784686274935506 0.0046211225 0.0041077356 0.008728858 187.33550301837 -64.3124679985 2927.00049 -3.6330000000000005 -0.66
187.2389694959 -64.32431191769 0.0281 0.0274 12.3602 "" "" 6053445074485033856 2614.58887 0.3523 0.0364 -5.183 -0.474 0.036 0.034 1.069 7583.8 3.9305 16.112728 1.355722 16.717918 15.362196 "" "" 2371.51709 2935.30786 6758.57763 2.6797 2807.0 8.0028 5679.1 9.284 "" "" 0.0027887460043040635 0.004167357 0.0041754143 0.008342771 187.2389694959 -64.32431191769 2614.58887 -5.182999999999999 -0.47399999999999987
187.50486383416 -64.30202293234 0.0259 0.0294 8.5983 "" "" 5861293288575655552 3085.15527 0.3033 0.0344 -8.404 1.613 0.031 0.041 1.028 7724.7 4.2108 16.113567 1.421245 16.753227 15.331983 "" "" 2771.19775 3380.2002 6753.36177 2.6592 2717.2 6.8902 5839.4 9.3871 "" "" 0.0027882901199568935 0.0039198273 0.004162937 0.008082764 187.50486383416 -64.30202293234 3085.15527 -8.404 1.6129999999999993
187.69716687606 -63.90460438144 0.0267 0.0269 15.9404 "" "" 6053560660602268544 2864.05078 0.3137 0.0359 -5.112 0.666 0.033 0.034 0.984 9200.9 3.4681 16.115755 2.716423 17.636572 14.920149 "" "" 2599.3877 3188.68164 6739.77005 3.9782 1204.4 5.8532 8532.9 11.443 "" "" 0.002828868316876953 0.0059688045 0.004050151 0.010018956 187.69716687606 -63.90460438144 2864.05078 -5.112000000000001 0.6659999999999998
187.29130558833 -64.30110955565 0.0342 0.0326 10.4339 "" "" 6053445658559632000 2796.479 0.3306 0.0434 -7.331 -0.996 0.044 0.042 1.517 7143.7 4.2135 16.119083 1.458053 16.73394 15.275887 "" "" 2485.37866 3165.17505 6719.13102 3.5538 2765.9 7.5695 6149.0 12.91 "" "" 0.0028145261238962356 0.00407603 0.0044136154 0.008489646 187.29130558833 -64.30110955565 2796.479 -7.331 -0.996
188.03920518223 -64.26809334081 0.0268 0.0306 15.0167 "" "" 5861383139267099904 2492.69653 0.3767 0.0374 -9.412 0.519 0.031 0.039 1.003 6145.4 4.3399 16.12406 1.046808 16.537485 15.490677 "" "" 2298.90283 2718.25537 6688.41475 2.6064 3314.5 9.4513 5045.3 17.133 "" "" 0.002787615885537372 0.004167748 0.005279919 0.009447668 188.03920518223 -64.26809334081 2492.69653 -9.411999999999999 0.5190000000000001
187.54401009715 -64.3791183326 0.0259 0.0286 13.226 "" "" 5861289092293961728 2628.9668 0.3573 0.0355 -8.022 -0.34 0.035 0.039 1.008 10118.7 4.3948 16.1247 1.484717 16.790827 15.306109 "" "" 2409.99194 2861.177 6684.46448 2.7108 2624.7 7.7656 5980.2 9.5477 "" "" 0.0027902794230009816 0.00425489 0.004157947 0.008412837 187.54401009715 -64.3791183326 2628.9668 -8.022 -0.33999999999999997
187.49746958661 -63.95869868951 0.0277 0.0292 12.0288 "" "" 6053469572980743040 2928.88257 0.3202 0.0378 4.821 -5.807 0.037 0.038 0.983 5299.5 3.7867 16.12748 1.570598 16.8578 15.287202 "" "" 2617.61133 3247.49561 6667.37157 2.687 2467.7 8.5103 6085.2 9.7216 "" "" 0.0027898472907354798 0.0046696067 0.0041584126 0.00882802 187.49746958661 -63.95869868951 2928.88257 4.821 -5.807
188.06553334098 -64.05486806954 0.0287 0.0301 15.5608 "" "" 6053544099207318272 2995.78979 0.315 0.0405 -6.319 1.131 0.041 0.04 0.976 9837.5 4.0499 16.129097 1.446364 16.776873 15.330508 "" "" 2656.00024 3364.81885 6657.44802 3.3616 2658.7 8.018 5847.3 10.856 "" "" 0.0028093318029641158 0.0043018847 0.0042833416 0.008585226 188.06553334098 -64.05486806954 2995.78979 -6.319 1.131
187.83691185194 -63.92732858887 0.0294 0.0316 16.1758 "" "" 6053560042126973312 3011.96094 0.3141 0.04 -6.4 -0.13 0.037 0.039 1.087 9662.6 3.883 16.129139 1.567194 16.825956 15.258762 "" "" 2729.67212 3428.32959 6657.1885 2.8483 2541.2 6.1985 6246.7 10.381 "" "" 0.0027942052375979345 0.0038469078 0.0041879932 0.008034901 187.83691185194 -63.92732858887 3011.96094 -6.3999999999999995 -0.12999999999999978
187.54807984541 -64.23067358179 0.0331 0.036 4.3618 "" "" 6053447269146031232 2792.87378 0.3366 0.0439 -6.794 -1.322 0.04 0.049 1.33 10673.0 4.0174 16.129747 1.248255 16.576017 15.327763 "" "" 2473.11255 3101.39111 6653.46303 3.5992 3199.0 12.076 5862.1 21.268 "" "" 0.0028172231880419455 0.0049581635 0.005458964 0.010417128 187.54807984541 -64.23067358179 2792.87378 -6.793999999999999 -1.3219999999999998
187.69581014041 -64.05391575052 0.029 0.0287 7.7804 "" "" 6053546332590237184 2422.06421 0.3929 0.0399 -7.07 -0.045 0.038 0.039 0.971 "" "" 16.131422 1.247014 16.668077 15.421063 "" "" 2179.92383 2728.73779 6643.20961 2.6295 2938.9 8.0095 5379.4 12.437 "" "" 0.002788633632135185 0.004067029 0.0045370436 0.008604072 187.69581014041 -64.05391575052 2422.06421 -7.069999999999999 -0.04500000000000003
188.01254448138 -64.02726939961 0.029 0.0292 15.1018 "" "" 6053544953886070528 2838.14526 0.319 0.0394 -7.695 -0.635 0.04 0.04 0.98 9440.1 4.0279 16.13246 1.194487 16.63131 15.436823 "" "" 2597.27563 3202.95215 6636.8601 2.6351 3040.1 9.7453 5301.9 10.495 "" "" 0.0027888384840371377 0.004460759 0.00434773 0.008808489 188.01254448138 -64.02726939961 2838.14526 -7.695 -0.6349999999999998
187.03156334306 -64.29106340593 0.0286 0.0279 15.0428 "" "" 6053443390857286912 2528.31665 0.3719 0.0385 -4.576 0.313 0.037 0.037 1.047 10262.9 4.1406 16.133768 1.388781 16.707775 15.318995 "" "" 2284.55371 2762.89575 6628.86968 3.0391 2833.4 11.556 5909.6 24.317 "" "" 0.002799922429682566 0.0052338997 0.005851782 0.011085682 187.03156334306 -64.29106340593 2528.31665 -4.576 0.31299999999999994
186.93644313002 -64.06420549296 0.0277 0.0269 16.3465 "" "" 6053461975114169216 2459.12256 0.384 0.0356 -10.246 -0.353 0.038 0.037 1.017 7466.6 4.3253 16.135595 1.091347 16.583916 15.492569 "" "" 2276.91113 2684.11914 6617.7235 2.5496 3175.8 7.7915 5036.5 7.718 "" "" 0.0027868914890349793 0.0038575344 0.0041294 0.007986935 186.93644313002 -64.06420549296 2459.12256 -10.245999999999999 -0.35300000000000015
187.5679535929 -64.15596285724 0.0291 0.0305 1.2272 "" "" 6053448957135921920 2938.13818 0.3226 0.0395 -8.472 -0.703 0.037 0.04 1.015 7986.1 4.0263 16.145102 1.426117 16.750761 15.324644 "" "" 2638.72803 3423.48071 6560.03827 2.7699 2723.4 13.242 5879.0 33.35 "" "" 0.002793198200629657 0.005971163 0.007226212 0.013197375 187.5679535929 -64.15596285724 2938.13818 -8.471999999999998 -0.7030000000000001
187.81870594792 -64.35006170806 0.0267 0.0301 13.8399 "" "" 5861382241544539392 2794.86475 0.3401 0.0363 -3.874 -0.143 0.033 0.041 1.084 6010.9 4.3459 16.148014 1.129557 16.602674 15.473118 "" "" 2509.62622 3101.19531 6542.46168 2.5712 3121.4 8.3256 5127.6 17.531 "" "" 0.002788164124781668 0.0040213866 0.005297474 0.00931886 187.81870594792 -64.35006170806 2794.86475 -3.874 -0.14300000000000002
187.49100641787 -63.9909997347 0.027 0.0288 10.1059 "" "" 6053465960848453760 2574.69092 0.3523 0.0362 -6.391 -1.358 0.036 0.039 0.972 8159.2 4.2365 16.151125 1.30637 16.726734 15.420364 "" "" 2292.67676 2852.96094 6523.74702 2.7181 2784.3 9.5046 5382.9 9.6692 "" "" 0.0027922082503695424 0.00463916 0.0042529223 0.008892082 187.49100641787 -63.9909997347 2574.69092 -6.391 -1.3579999999999999
187.64043828618 -64.10507600002 0.0918 0.0976 4.4857 "" "" 6053452186951428864 2678.34082 0.4304 0.125 -5.864 -0.421 0.119 0.128 3.166 "" "" 16.153185 2.119414 17.196442 15.077027 "" "" 1984.37683 3480.60864 6511.37998 7.3977 1806.5 9.4716 7384.9 12.807 "" "" 0.0030188364203530818 0.006339605 0.0042224443 0.010562049 187.64043828618 -64.10507600002 2678.34082 -5.864 -0.4209999999999999
187.93692471474 -64.08516959806 0.1894 0.1853 11.7435 "" "" 6053542621738482688 3015.4812 0.448 0.2567 -6.284 -0.177 0.286 0.244 11.967 "" "" 16.15485 1.306086 16.368622 15.062536 "" "" 1996.63037 4433.90186 6501.39313 6.9284 3872.3 14.327 7484.2 76.619 "" "" 0.002988401917811445 0.0048910105 0.0117401155 0.016631126 187.93692471474 -64.08516959806 3015.4812 -6.284 -0.177
187.54604510353 -64.09869723495 0.0303 0.0301 3.6689 "" "" 6053453080304621696 2747.24072 0.3464 0.0396 -6.054 -0.909 0.038 0.041 0.991 9285.1 4.2007 16.15894 1.360953 16.760002 15.399049 "" "" 2462.61035 3208.58984 6476.95266 2.4286 2700.3 6.6921 5489.6 11.792 "" "" 0.0027852336137611797 0.003876239 0.00444106 0.008317299 187.54604510353 -64.09869723495 2747.24072 -6.054 -0.9089999999999999
187.00340712196 -64.16958678112 0.0295 0.0293 13.5625 "" "" 6053456859876479360 2609.61475 0.3595 0.0377 -6.515 1.613 0.037 0.037 0.994 6071.4 4.3159 16.159416 1.118618 16.624895 15.506277 "" "" 2403.77319 2877.05615 6474.11405 2.4686 3058.2 12.448 4973.3 12.434 "" "" 0.002786248541295365 0.0052264393 0.004653199 0.009879638 187.00340712196 -64.16958678112 2609.61475 -6.515 1.6130000000000004
