Clusters/UBC_521/UBC_521_members.tsv
# %ECSV 1.0
# ---
# datatype:
# - name: RA_ICRS_1
#   unit: deg
#   datatype: float64
#   format: '{:15.11f}'
#   description: Right ascension (ICRS) at Ep=2016.0 (ra)
#   meta: !!omap
#   - {ucd: POS_EQ_RA_MAIN}
#   - {width: 15}
#   - {precision: '11'}
# - name: DE_ICRS_1
#   unit: deg
#   datatype: float64
#   format: '{:15.11f}'
#   description: Declination (ICRS) at Ep=2016.0 (dec)
#   meta: !!omap
#   - {ucd: POS_EQ_DEC_MAIN}
#   - {width: 15}
#   - {precision: '11'}
# - name: e_RA_ICRS
#   unit: mas
#   datatype: float64
#   format: '{:7.4f}'
#   description: Standard error of right ascension (ra_error)
#   meta: !!omap
#   - {ucd: ERROR}
#   - {width: 7}
#   - {precision: '4'}
# - name: e_DE_ICRS
#   unit: mas
#   datatype: float64
#   format: '{:7.4f}'
#   description: Standard error of declination (dec_error)
#   meta: !!omap
#   - {ucd: ERROR}
#   - {width: 7}
#   - {precision: '4'}
# - name: _r_1
#   unit: ''
#   datatype: float64
#   format: '{:7.4f}'
#   description: Distance from center (187.52151836000-64.15890178000)[ICRS], at Epoch=J2016.0
#   meta: !!omap
#   - {ucd: POS_ANG_DIST_GENERAL}
#   - {width: 7}
#   - {precision: '4'}
# - name: HIP
#   datatype: int32
#   description: '? HIP cross-id number, van Leeuwen, Cat. I/311 (hip_original_ext_source_id)'
#   meta: !!omap
#   - {ucd: ID_NUMBER}
#   - {width: 6}
#   - values: {'null': -2147483648}
# - name: TYC2
#   datatype: string
#   description: Tycho-2 cross-id name, Hog et al., Cat. I/259 (tyc2_original_ext_source_id)
#   meta: !!omap
#   - {ucd: ID_CROSSID}
#   - {_votable_string_dtype: char}
# - name: Source
#   datatype: int64
#   description: Source identifier, identical to the Gaia-EDR3 source_id (id)
#   meta: !!omap
#   - {ucd: ID_MAIN}
#   - {width: 19}
# - name: rgeo
#   unit: pc
#   datatype: float64
#   format: '{:15.8f}'
#   description: '? Median of the geometric distance posterior (r_med_geo)'
#   meta: !!omap
#   - {ucd: PHYS_DISTANCE_TRUE}
#   - {width: 15}
#   - {precision: '8'}
#   - values: {'null': .nan}
# - name: Plx
#   unit: mas
#   datatype: float64
#   format: '{:9.4f}'
#   description: '? Parallax (parallax)'
#   meta: !!omap
#   - {ucd: POS_PARLX_TRIG}
#   - {width: 9}
#   - {precision: '4'}
#   - values: {'null': .nan}
# - name: e_Plx
#   unit: mas
#   datatype: float32
#   format: '{:7.4f}'
#   description: '? Standard error of parallax (parallax_error)'
#   meta: !!omap
#   - {ucd: ERROR}
#   - {width: 7}
#   - {precision: '4'}
#   - values: {'null': .nan}
# - name: pmRA
#   unit: mas / yr
#   datatype: float64
#   format: '{:9.3f}'
#   description: '? Proper motion in right ascension direction, pmRA*cosDE (pmra)'
#   meta: !!omap
#   - {ucd: POS_EQ_PMRA}
#   - {width: 9}
#   - {precision: '3'}
#   - values: {'null': .nan}
# - name: pmDE
#   unit: mas / yr
#   datatype: float64
#   format: '{:9.3f}'
#   description: '? Proper motion in declination direction (pmdec)'
#   meta: !!omap
#   - {ucd: POS_EQ_PMDEC}
#   - {width: 9}
#   - {precision: '3'}
#   - values: {'null': .nan}
# - name: e_pmRA
#   unit: mas / yr
#   datatype: float32
#   format: '{:6.3f}'
#   description: '? Standard error of proper motion in right ascension direction (pmra_error)'
#   meta: !!omap
#   - {ucd: ERROR}
#   - {width: 6}
#   - {precision: '3'}
#   - values: {'null': .nan}
# - name: e_pmDE
[...]
#         unit: &id001 !astropy.units.Unit {unit: deg}
#         value: !astropy.table.SerializedColumn {name: SkyCoord.dec}
#       distance: !astropy.table.SerializedColumn
#         __class__: astropy.coordinates.distances.Distance
#         unit: !astropy.units.Unit {unit: pc}
#         value: !astropy.table.SerializedColumn {name: SkyCoord.distance}
#       frame: icrs
#       obstime: !astropy.time.Time {format: jyear_str, in_subfmt: '*', jd1: 367701545.0, jd2: 0.0, out_subfmt: '*', precision: 3, scale: tt}
#       pm_dec: !astropy.table.SerializedColumn
#         __class__: astropy.units.quantity.Quantity
#         unit: !astropy.units.Unit {unit: mas / yr}
#         value: !astropy.table.SerializedColumn {name: SkyCoord.pm_dec}
#       pm_ra_cosdec: !astropy.table.SerializedColumn
#         __class__: astropy.units.quantity.Quantity
#         unit: !astropy.units.Unit {unit: mas / yr}
#         value: !astropy.table.SerializedColumn {name: SkyCoord.pm_ra_cosdec}
#       ra: !astropy.table.SerializedColumn
#         __class__: astropy.coordinates.angles.Longitude
#         unit: *id001
#         value: !astropy.table.SerializedColumn {name: SkyCoord.ra}
#         wrap_angle: !astropy.coordinates.Angle
#           unit: *id001
#           value: 360.0
#       representation_type: spherical
# schema: astropy-2.0
RA_ICRS_1 DE_ICRS_1 e_RA_ICRS e_DE_ICRS _r_1 HIP TYC2 Source rgeo Plx e_Plx pmRA pmDE e_pmRA e_pmDE RUWE Teff logg Gmag BP-RP BPmag RPmag RV e_RV b_rgeo B_rgeo FG e_FG FBP e_FBP FRP e_FRP RAVE5 RAVE6 e_Gmag e_BPmag e_RPmag e_BP-RP SkyCoord.ra SkyCoord.dec SkyCoord.distance SkyCoord.pm_ra_cosdec SkyCoord.pm_dec Pmemb
187.08289983492 -64.18349692101 0.0107 0.0111 11.5605 "" "" 6053462426154747520 2932.78003 0.3071 0.0145 -8.433 -0.639 0.014 0.015 1.072 "" "" 13.61067 1.110477 14.074345 12.963867 "" "" 2811.67944 3066.83862 67714.01193 9.6463 32039.0 20.146 51714.0 24.091 "" "" 0.002759657997550292 0.0028724791 0.0038130763 0.0066855554 187.08289983492 -64.18349692101 2932.78003 -8.433 -0.639 0.97
187.4956392169 -64.14281143793 0.0114 0.0119 1.1791 "" "" 6053451637195526272 2967.02808 0.3021 0.0152 -8.501 -0.803 0.014 0.016 0.98 "" "" 13.847637 1.960783 14.830852 12.870069 -4.55 1.91 2841.0144 3107.44092 54436.70282 11.829 15962.0 14.017 56381.0 24.491 "" "" 0.002765402627283797 0.0029485745 0.0038086951 0.0067572696 187.4956392169 -64.14281143793 2967.02808 -8.500999999999998 -0.8029999999999999 0.92
187.91927217921 -64.24335468751 0.0109 0.013 11.5566 "" "" 5861384135699543808 2443.34644 0.3742 0.0152 -8.441 -0.866 0.014 0.017 0.948 "" "" 14.045355 1.149171 14.522042 13.372871 "" "" 2345.94824 2529.15894 45373.76331 14.701 21213.0 31.852 35482.0 35.59 "" "" 0.0027776853426155733 0.0032315354 0.0039331587 0.0071646944 187.91927217921 -64.24335468751 2443.34644 -8.441000000000003 -0.8660000000000003 0.95
187.70210768601 -64.15526198584 0.0116 0.013 4.7282 "" "" 6053541934543595648 2799.63257 0.3229 0.0161 -8.499 -0.86 0.015 0.017 1.01 5343.2 2.7122 14.170624 1.915949 15.124507 13.208558 -3.2 2.03 2692.04419 2906.73657 40429.38576 9.8795 12179.0 11.272 41280.0 27.187 "" "" 0.002768064588465367 0.0029656077 0.0038464328 0.0068120407 187.70210768601 -64.15526198584 2799.63257 -8.498999999999999 -0.8599999999999997 0.98
187.59697474383 -64.16877924884 0.0117 0.0148 2.0601 "" "" 6053448785337207424 2856.4751 0.315 0.0167 -8.465 -0.913 0.015 0.021 0.917 "" "" 14.208859 1.122736 14.671207 13.548471 "" "" 2738.17896 2997.98901 39030.38921 7.6146 18490.0 28.285 30184.0 50.341 "" "" 0.0027634502776164856 0.0032470967 0.004190788 0.007437885 187.59697474383 -64.16877924884 2856.4751 -8.464999999999998 -0.913 0.97
187.53396779401 -64.209895405 0.0118 0.014 3.0769 "" "" 6053447548386496768 2834.56885 0.3155 0.0167 -8.389 -0.787 0.015 0.019 1.086 8452.4 3.2654 14.244763 1.197251 14.75281 13.555558 "" "" 2698.53394 2964.71436 37760.81135 7.4983 17151.0 12.598 29987.0 19.748 "" "" 0.0027637424136430413 0.0029019082 0.0038464232 0.0067483317 187.53396779401 -64.209895405 2834.56885 -8.389000000000001 -0.7870000000000004 0.93
187.61181448098 -64.15729557583 0.0157 0.0154 2.3635 "" "" 6053448780979107200 2643.32202 0.347 0.0205 -8.52 -0.863 0.02 0.021 1.221 8920.2 3.6871 14.357679 1.054132 14.789377 13.735245 "" "" 2498.4541 2811.75635 34031.02102 6.1719 16583.0 14.921 25413.0 16.352 "" "" 0.002762347375811867 0.0029562511 0.003843409 0.00679966 187.61181448098 -64.15729557583 2643.32202 -8.520000000000001 -0.8630000000000003 0.96
187.63289808557 -64.16609545654 0.0141 0.0147 2.9443 "" "" 6053448815338839936 2795.04272 0.3248 0.0182 -8.497 -0.898 0.018 0.02 1.039 8033.2 3.25 14.487684 1.037104 14.908716 13.871613 "" "" 2674.62939 2938.23169 30190.69012 6.0408 14857.0 17.306 22414.0 22.443 "" "" 0.0027638711814983986 0.0030634184 0.003932633 0.0069960514 187.63289808557 -64.16609545654 2795.04272 -8.497 -0.8979999999999999 0.94
187.73984108771 -64.19956073144 0.0133 0.0147 6.2052 "" "" 5861387983990311424 2912.75391 0.3063 0.0184 -8.496 -0.872 0.017 0.02 0.931 8667.3 3.6111 14.509857 0.994997 14.91265 13.917653 "" "" 2742.49927 3086.64966 29580.38416 6.2698 14803.0 13.095 21483.0 12.309 "" "" 0.002764914004738746 0.0029508532 0.0038302378 0.006781091 187.73984108771 -64.19956073144 2912.75391 -8.496 -0.8720000000000001 0.98
187.59368567745 -64.11204080062 0.0159 0.0165 3.3873 "" "" 6053452083872199552 2965.90479 0.3061 0.0208 -8.512 -0.764 0.02 0.022 1.104 9146.1 3.6661 14.566076 1.401401 15.174641 13.773239 "" "" 2772.93604 3183.08105 28087.71178 8.5831 11629.0 16.006 24539.0 37.653 "" "" 0.00277522401692821 0.003165163 0.0041302764 0.0072954395 187.59368567745 -64.11204080062 2965.90479 -8.512000000000002 -0.7639999999999999 0.96
187.57571094921 -64.17644204779 0.0138 0.0155 1.7649 "" "" 6053448750977441920 2651.58936 0.3366 0.0192 -8.4 -0.861 0.018 0.021 1.035 "" "" 14.649262 1.077647 15.074748 13.997101 "" "" 2526.45825 2826.14331 26016.07969 6.5612 12750.0 18.17 19967.0 18.838 "" "" 0.002768892737092041 0.0031904741 0.003915739 0.007106213 187.57571094921 -64.17644204779 2651.58936 -8.399999999999999 -0.8609999999999995 0.96
187.75094524138 -64.13310112981 0.0146 0.0156 6.1993 "" "" 6053542724817599744 2805.48804 0.324 0.0201 -8.472 -0.816 0.019 0.02 0.932 "" "" 14.737304 1.282424 15.291854 14.00943 "" "" 2657.98413 2971.73633 23989.73367 5.7976 10439.0 9.5841 19742.0 15.55 "" "" 0.0027677857334089157 0.0029628868 0.0038749296 0.0068378164 187.75094524138 -64.13310112981 2805.48804 -8.472000000000001 -0.8160000000000001 0.98
187.81727290744 -64.23491577539 0.0156 0.0179 8.9702 "" "" 5861386953198082944 2609.81079 0.3468 0.0216 -8.541 -0.831 0.019 0.024 1.046 8598.2 3.4542 14.784634 1.177412 15.278878 14.101466 "" "" 2467.70996 2775.36499 22966.42543 5.327 10565.0 10.343 18137.0 18.208 "" "" 0.002766804934670412 0.0029857748 0.003933421 0.006919196 187.81727290744 -64.23491577539 2609.81079 -8.541 -0.8309999999999998 0.98
187.44843570891 -64.19731059226 0.0146 0.0166 2.9931 "" "" 6053448441739702912 2862.18506 0.3087 0.02 -8.468 -0.852 0.018 0.022 1.046 8995.9 3.448 14.887142 1.174894 15.382079 14.207185 "" "" 2734.1272 3001.22144 20897.2881 3.9715 9606.9 15.019 16454.0 18.191 "" "" 0.002763035772906563 0.0032659129 0.003965423 0.007231336 187.44843570891 -64.19731059226 2862.18506 -8.467999999999998 -0.8519999999999995 0.97
187.49961944706 -64.2167450914 0.0148 0.0169 3.5174 "" "" 6053447509664215296 2471.55859 0.3657 0.02 -8.429 -0.885 0.019 0.023 1.012 9758.1 3.5623 14.892745 1.216019 15.366154 14.150135 "" "" 2375.4873 2582.1665 20789.72319 5.88 9748.9 41.598 17342.0 63.556 "" "" 0.0027723795073527247 0.0054081087 0.005487871 0.01089598 187.49961944706 -64.2167450914 2471.55859 -8.429 -0.885 0.97
187.58923783097 -64.16258894045 0.0155 0.0172 1.7847 "" "" 6053448785337222272 2904.69214 0.3109 0.0211 -8.506 -0.763 0.02 0.023 0.965 8963.7 3.6599 14.913827 1.115253 15.379098 14.263844 "" "" 2737.40698 3128.62646 20389.93325 4.2425 9633.4 11.489 15618.0 14.96 "" "" 0.0027645657035130114 0.0030759946 0.0039198613 0.006995856 187.58923783097 -64.16258894045 2904.69214 -8.506 -0.7629999999999999 0.93
187.49817208233 -64.20324245432 0.016 0.0183 2.7295 "" "" 6053448334297954816 2795.40747 0.3238 0.0216 -8.483 -0.854 0.021 0.025 0.977 9505.4 3.8027 15.020537 1.161701 15.496881 14.335179 "" "" 2645.03979 3003.22754 18481.26175 4.4266 8643.0 15.568 14625.0 21.293 "" "" 0.002767565229885589 0.0034072923 0.0040966477 0.00750394 187.49817208233 -64.20324245432 2795.40747 -8.483 -0.8540000000000001 0.97
187.33830197424 -64.13157833226 0.0172 0.0165 5.0665 "" "" 6053451327957867648 2782.49536 0.3228 0.0226 -8.45 -0.866 0.024 0.022 1.01 9911.0 4.1293 15.040421 1.268488 15.584227 14.315739 "" "" 2628.78857 2943.25488 18145.89838 4.873 7974.9 10.382 14889.0 13.156 "" "" 0.0027707042859972447 0.0031277605 0.003899244 0.0070270044 187.33830197424 -64.13157833226 2782.49536 -8.449999999999998 -0.8659999999999999 0.96
187.60672277136 -64.07655834409 0.0191 0.0196 5.4212 "" "" 6053453217743610752 2769.16724 0.3259 0.0261 -8.458 -0.834 0.024 0.025 1.002 "" "" 15.279244 1.359714 15.883824 14.52411 "" "" 2582.07275 2985.66113 14562.93235 3.6004 6051.8 12.362 12289.0 11.309 "" "" 0.0027683645825176593 0.0035642423 0.003909224 0.0074734665 187.60672277136 -64.07655834409 2769.16724 -8.458000000000002 -0.8340000000000001 0.97
187.7401813382 -64.14108289074 0.0188 0.0198 5.8195 "" "" 6053541968903347456 2889.55566 0.3143 0.0256 -8.477 -0.891 0.024 0.027 0.967 9817.2 4.0485 15.325417 1.188185 15.798147 14.609962 "" "" 2735.3252 3102.31201 13956.60972 4.3441 6548.7 14.792 11355.0 50.252 "" "" 0.0027759674461490568 0.0037147605 0.006113219 0.00982798 187.7401813382 -64.14108289074 2889.55566 -8.477 -0.891 0.96
187.52395071185 -64.15198482171 0.0206 0.0209 0.4199 "" "" 6053451602835774720 2716.66211 0.3448 0.0277 -8.517 -0.818 0.027 0.027 1.054 8743.9 3.5309 15.438438 1.214095 15.958187 14.744092 "" "" 2471.12964 3017.36011 12576.83988 3.24 5651.2 7.7607 10035.0 9.7357 "" "" 0.0027694807103942347 0.0031635738 0.003923427 0.0070870006 187.52395071185 -64.15198482171 2716.66211 -8.517 -0.8179999999999997 0.93
187.49325178496 -64.16636536761 0.0203 0.0218 0.8642 "" "" 6053451564117908480 2694.48462 0.3333 0.0277 -8.525 -0.815 0.026 0.029 0.982 9027.4 3.84 15.496963 1.229748 16.02184 14.792091 "" "" 2527.62378 2891.74316 11916.86042 3.2974 5329.4 11.512 9601.1 9.5896 "" "" 0.0027716500074080586 0.0036449195 0.003931886 0.0075768055 187.49325178496 -64.16636536761 2694.48462 -8.525000000000002 -0.815 0.96
187.35305665727 -64.18168246894 0.0211 0.0207 4.6111 "" "" 6053450228446109184 2827.27588 0.312 0.0275 -8.473 -0.778 0.027 0.027 0.961 9414.6 3.9947 15.592314 1.452156 16.245724 14.793568 "" "" 2574.77881 3046.2312 10914.93933 3.2279 4336.4 11.158 9588.1 13.091 "" "" 0.002773965828824502 0.0039484003 0.0040597077 0.008008108 187.35305665727 -64.18168246894 2827.27588 -8.473 -0.778 0.96
187.37453846284 -64.19388044772 0.0213 0.0212 4.3774 "" "" 6053449953568179072 2904.83569 0.3019 0.0281 -8.434 -0.879 0.027 0.028 1.019 9837.7 4.2132 15.672215 1.253105 16.212946 14.959841 "" "" 2726.83374 3159.6145 10140.53042 2.7386 4469.3 7.8753 8226.6 9.2123 "" "" 0.002770878350691871 0.0033830814 0.003970134 0.0073532155 187.37453846284 -64.19388044772 2904.83569 -8.434 -0.8790000000000001 0.95
187.78303291695 -64.13666482416 0.0242 0.0264 6.9709 "" "" 6053542067664078720 2478.70264 0.3783 0.0334 -8.425 -0.86 0.032 0.035 1.058 9505.3 4.1804 15.881023 1.197874 16.358824 15.16095 "" "" 2301.02881 2664.84521 8366.3782 2.8748 3907.4 25.225 6835.6 26.225 "" "" 0.002780462778375238 0.0075441203 0.005624482 0.013168602 187.78303291695 -64.13666482416 2478.70264 -8.425 -0.8599999999999998 0.84
