Clusters/UBC_521/UBC_521_stars_in_region.tsv
# %ECSV 1.0
# ---
# datatype:
# - name: RA_ICRS_1
#   unit: deg
#   datatype: float64
#   format: '{:15.11f}'
#   description: Right ascension (ICRS) at Ep=2016.0 (ra)
#   meta: !!omap
#   - {ucd: POS_EQ_RA_MAIN}
#   - {width: 15}
#   - {precision: '11'}
# - name: DE_ICRS_1
#   unit: deg
#   datatype: float64
#   format: '{:15.11f}'
#   description: Declination (ICRS) at Ep=2016.0 (dec)
#   meta: !!omap
#   - {ucd: POS_EQ_DEC_MAIN}
#   - {width: 15}
#   - {precision: '11'}
# - name: e_RA_ICRS
#   unit: mas
#   datatype: float64
#   format: '{:7.4f}'
#   description: Standard error of right ascension (ra_error)
#   meta: !!omap
#   - {ucd: ERROR}
#   - {width: 7}
#   - {precision: '4'}
# - name: e_DE_ICRS
#   unit: mas
#   datatype: float64
#   format: '{:7.4f}'
#   description: Standard error of declination (dec_error)
#   meta: !!omap
#   - {ucd: ERROR}
#   - {width: 7}
#   - {precision: '4'}
# - name: _r_1
#   unit: ''
#   datatype: float64
#   format: '{:7.4f}'
#   description: Distance from center (187.52151836000-64.15890178000)[ICRS], at Epoch=J2016.0
#   meta: !!omap
#   - {ucd: POS_ANG_DIST_GENERAL}
#   - {width: 7}
#   - {precision: '4'}
# - name: HIP
#   datatype: int32
#   description: '? HIP cross-id number, van Leeuwen, Cat. I/311 (hip_original_ext_source_id)'
#   meta: !!omap
#   - {ucd: ID_NUMBER}
#   - {width: 6}
#   - values: {'null': -2147483648}
# - name: TYC2
#   datatype: string
#   description: Tycho-2 cross-id name, Hog et al., Cat. I/259 (tyc2_original_ext_source_id)
#   meta: !!omap
#   - {ucd: ID_CROSSID}
#   - {_votable_string_dtype: char}
# - name: Source
#   datatype: int64
#   description: Source identifier, identical to the Gaia-EDR3 source_id (id)
#   meta: !!omap
#   - {ucd: ID_MAIN}
#   - {width: 19}
# - name: rgeo
#   unit: pc
#   datatype: float64
#   format: '{:15.8f}'
#   description: '? Median of the geometric distance posterior (r_med_geo)'
#   meta: !!omap
#   - {ucd: PHYS_DISTANCE_TRUE}
#   - {width: 15}
#   - {precision: '8'}
#   - values: {'null': .nan}
# - name: Plx
#   unit: mas
#   datatype: float64
#   format: '{:9.4f}'
#   description: '? Parallax (parallax)'
#   meta: !!omap
#   - {ucd: POS_PARLX_TRIG}
#   - {width: 9}
#   - {precision: '4'}
#   - values: {'null': .nan}
# - name: e_Plx
#   unit: mas
#   datatype: float32
#   format: '{:7.4f}'
#   description: '? Standard error of parallax (parallax_error)'
#   meta: !!omap
#   - {ucd: ERROR}
#   - {width: 7}
#   - {precision: '4'}
#   - values: {'null': .nan}
# - name: pmRA
#   unit: mas / yr
#   datatype: float64
#   format: '{:9.3f}'
#   description: '? Proper motion in right ascension direction, pmRA*cosDE (pmra)'
#   meta: !!omap
#   - {ucd: POS_EQ_PMRA}
#   - {width: 9}
#   - {precision: '3'}
#   - values: {'null': .nan}
# - name: pmDE
#   unit: mas / yr
#   datatype: float64
#   format: '{:9.3f}'
#   description: '? Proper motion in declination direction (pmdec)'
#   meta: !!omap
#   - {ucd: POS_EQ_PMDEC}
#   - {width: 9}
#   - {precision: '3'}
#   - values: {'null': .nan}
# - name: e_pmRA
#   unit: mas / yr
#   datatype: float32
#   format: '{:6.3f}'
#   description: '? Standard error of proper motion in right ascension direction (pmra_error)'
#   meta: !!omap
#   - {ucd: ERROR}
#   - {width: 6}
#   - {precision: '3'}
#   - values: {'null': .nan}
# - name: e_pmDE
[...]
#         unit: &id001 !astropy.units.Unit {unit: deg}
#         value: !astropy.table.SerializedColumn {name: SkyCoord.dec}
#       distance: !astropy.table.SerializedColumn
#         __class__: astropy.coordinates.distances.Distance
#         unit: !astropy.units.Unit {unit: pc}
#         value: !astropy.table.SerializedColumn {name: SkyCoord.distance}
#       frame: icrs
#       obstime: !astropy.time.Time {format: jyear_str, in_subfmt: '*', jd1: 367701545.0, jd2: 0.0, out_subfmt: '*', precision: 3, scale: tt}
#       pm_dec: !astropy.table.SerializedColumn
#         __class__: astropy.units.quantity.Quantity
#         unit: !astropy.units.Unit {unit: mas / yr}
#         value: !astropy.table.SerializedColumn {name: SkyCoord.pm_dec}
#       pm_ra_cosdec: !astropy.table.SerializedColumn
#         __class__: astropy.units.quantity.Quantity
#         unit: !astropy.units.Unit {unit: mas / yr}
#         value: !astropy.table.SerializedColumn {name: SkyCoord.pm_ra_cosdec}
#       ra: !astropy.table.SerializedColumn
#         __class__: astropy.coordinates.angles.Longitude
#         unit: *id001
#         value: !astropy.table.SerializedColumn {name: SkyCoord.ra}
#         wrap_angle: !astropy.coordinates.Angle
#           unit: *id001
#           value: 360.0
#       representation_type: spherical
# schema: astropy-2.0
RA_ICRS_1 DE_ICRS_1 e_RA_ICRS e_DE_ICRS _r_1 HIP TYC2 Source rgeo Plx e_Plx pmRA pmDE e_pmRA e_pmDE RUWE Teff logg Gmag BP-RP BPmag RPmag RV e_RV b_rgeo B_rgeo FG e_FG FBP e_FBP FRP e_FRP RAVE5 RAVE6 e_Gmag e_BPmag e_RPmag e_BP-RP SkyCoord.ra SkyCoord.dec SkyCoord.distance SkyCoord.pm_ra_cosdec SkyCoord.pm_dec
[from data line 279]
187.72604564118 -63.93509778947 0.0201 0.0193 14.4623 "" "" 6053560420084078848 2543.68823 0.36 0.0265 -10.779 -3.46 0.029 0.026 0.98 5024.6 2.9284 15.37235 2.226757 16.533989 14.307232 25.65 8.56 2379.01001 2704.93921 13366.17162 4.3919 3325.2 8.3983 15006.0 13.591 "" "" 0.0027783202335324338 0.0039121183 0.0039052165 0.0078173345 187.72604564118 -63.93509778947 2543.68823 -10.778999999999998 -3.459999999999999
187.84583021788 -64.32327238389 0.0282 0.0343 12.9913 "" "" 5861382623840976640 2857.47656 0.3156 0.0389 -5.194 -1.19 0.033 0.043 1.574 "" "" 15.384725 "" "" "" "" "" 2552.1897 3230.15503 13214.68548 16.246 "" "" "" "" "" "" 0.0030616109927917917 "" "" "" 187.84583021788 -64.32327238389 2857.47656 -5.193999999999999 -1.19
187.77593648414 -64.07635473999 0.0665 0.0654 8.3026 "" "" 6053546126431781632 2865.75024 0.3601 0.0887 -7.906 1.024 0.091 0.087 3.38 "" "" 15.389427 1.185263 15.877896 14.692634 "" "" 2240.7146 3599.12622 13157.57848 7.6625 6085.0 7.6697 10522.0 10.561 "" "" 0.0028269390966903685 0.0031077028 0.003933358 0.007041061 187.77593648414 -64.07635473999 2865.75024 -7.906 1.024
187.16603250626 -64.0327942455 0.2645 0.274 12.0032 "" "" 6053467266518472192 2744.70312 0.7146 0.3561 -10.847 -1.367 0.345 0.364 14.786 "" "" 15.404304 1.119095 15.772449 14.653354 "" "" 1622.83093 4962.64062 12978.52812 39.007 6705.6 10.795 10910.0 10.051 "" "" 0.004270849083419028 0.0032924307 0.003909505 0.0072019356 187.16603250626 -64.0327942455 2744.70312 -10.847 -1.367
187.33000279539 -64.12436405024 0.021 0.0205 5.4233 "" "" 6053451362317619968 2610.07007 0.3459 0.0292 -8.019 -0.378 0.029 0.027 1.08 4682.9 2.6286 15.428458 2.296228 16.63987 14.343641 9.4 3.96 2430.46582 2811.99731 12692.97793 4.5341 3016.3 9.064 14511.0 11.29 "" "" 0.002782482482524566 0.004293005 0.0038726355 0.008165641 187.33000279539 -64.12436405024 2610.07007 -8.019 -0.3779999999999999
188.04842505451 -64.02518513002 0.021 0.0216 15.974 "" "" 6053544992560573696 2446.28223 0.3707 0.028 -4.398 0.033 0.029 0.03 0.888 7214.9 3.2933 15.429946 1.464442 16.094246 14.629804 "" "" 2312.72632 2582.62793 12675.59047 3.5877 4985.6 8.5833 11149.0 9.9911 "" "" 0.002772404531323357 0.0033584286 0.0039026155 0.0072610443 188.04842505451 -64.02518513002 2446.28223 -4.398 0.03300000000000003
187.56122684923 -63.97944307496 0.034 0.0373 10.8178 "" "" 6053466308805718528 2545.70557 0.3681 0.0465 -9.647 0.358 0.045 0.05 1.76 5094.7 3.6991 15.430747 1.639885 16.15121 14.511326 "" "" 2270.07202 2891.9292 12666.24265 28.942 4730.8 33.975 12434.0 68.468 "" "" 0.0037076319418089146 0.008281565 0.0070730224 0.015354588 187.56122684923 -63.97944307496 2545.70557 -9.646999999999998 0.3579999999999999
187.52395071185 -64.15198482171 0.0206 0.0209 0.4199 "" "" 6053451602835774720 2716.66211 0.3448 0.0277 -8.517 -0.818 0.027 0.027 1.054 8743.9 3.5309 15.438438 1.214095 15.958187 14.744092 "" "" 2471.12964 3017.36011 12576.83988 3.24 5651.2 7.7607 10035.0 9.7357 "" "" 0.0027694807103942347 0.0031635738 0.003923427 0.0070870006 187.52395071185 -64.15198482171 2716.66211 -8.517 -0.8179999999999997
187.32643600757 -63.99290898711 0.0202 0.0205 11.1972 "" "" 6053467614475555456 2665.27368 0.3413 0.0274 -7.378 0.391 0.028 0.027 1.035 5049.6 3.5016 15.439656 1.76283 16.292019 14.529189 "" "" 2469.52368 2934.00586 12562.73645 3.7705 4155.4 8.0266 12232.0 9.8574 "" "" 0.002774523026689309 0.003490467 0.0038793408 0.007369808 187.32643600757 -63.99290898711 2665.27368 -7.377999999999999 0.391
187.39550921091 -64.14349749649 0.0596 0.0603 3.4235 "" "" 6053452530548697344 2512.74658 0.3879 0.0782 -6.645 0.383 0.081 0.08 2.097 "" "" 15.439732 1.716347 15.874175 14.157828 "" "" 2115.13599 3073.21167 12561.86299 25.133 6105.9 969.23 17220.0 2476.3 "" "" 0.003508641156434793 0.17236869 0.15617864 0.32854733 187.39550921091 -64.14349749649 2512.74658 -6.645 0.3829999999999999
187.28697438579 -64.10893140058 0.0202 0.0199 6.8324 "" "" 6053463078989865088 2853.26099 0.3192 0.0272 -4.985 -0.815 0.027 0.026 0.984 7739.3 3.5297 15.439743 1.499441 16.124508 14.625067 "" "" 2697.46558 3034.4165 12561.72734 3.4473 4848.6 8.0661 11198.0 11.321 "" "" 0.0027713837605306876 0.0033237769 0.0039355545 0.0072593316 187.28697438579 -64.10893140058 2853.26099 -4.985000000000001 -0.8150000000000001
187.28651639198 -64.23689130653 0.0203 0.0196 7.7177 "" "" 6053446861191595520 2627.34546 0.3479 0.026 -4.085 -5.576 0.024 0.025 1.041 5809.3 3.2213 15.44488 2.011552 16.461842 14.45029 "" "" 2438.83887 2827.63354 12502.44501 3.709 3553.7 6.596 13154.0 10.705 "" "" 0.002774082849644744 0.0034418297 0.003881297 0.007323127 187.28651639198 -64.23689130653 2627.34546 -4.085000000000001 -5.576
187.05808437063 -64.31949305099 0.0212 0.0209 15.4559 "" "" 6053440298480790016 2833.38623 0.3181 0.0273 -7.37 0.327 0.026 0.028 1.058 "" "" 15.45264 1.333685 16.013689 14.680004 "" "" 2647.62012 3076.65381 12413.40949 3.75 5369.6 27.446 10645.0 39.013 "" "" 0.002774773644721186 0.006211527 0.0054879133 0.01169944 187.05808437063 -64.31949305099 2833.38623 -7.370000000000002 0.32699999999999996
187.67850565584 -64.16904589094 0.1614 0.1777 4.1498 "" "" 6053448098142460032 2658.89282 0.5483 0.2247 -6.617 -0.554 0.209 0.231 9.441 5973.9 4.5773 15.465483 1.148868 15.871767 14.722899 "" "" 1698.15466 3759.62354 12267.43189 24.82 6119.4 11.481 10233.0 9.2025 "" "" 0.003523821425278104 0.003454634 0.0039034705 0.0073581045 187.67850565584 -64.16904589094 2658.89282 -6.617 -0.554
187.94835037855 -64.15484083613 0.0194 0.0211 11.1662 "" "" 5861388391939682176 2663.13354 0.3364 0.0262 -7.233 -0.965 0.025 0.028 0.977 7751.7 3.5724 15.47019 1.196403 15.964917 14.768514 "" "" 2480.32422 2852.81445 12214.35538 3.5189 5616.3 8.2149 9811.9 16.911 "" "" 0.0027730183028556767 0.0032104661 0.004217279 0.0074277455 187.94835037855 -64.15484083613 2663.13354 -7.233 -0.9649999999999999
187.12660794599 -64.28863851173 0.0196 0.0207 12.9136 "" "" 6053446277075910272 2417.14966 0.3765 0.0264 -6.772 1.037 0.025 0.026 0.95 7185.7 3.9814 15.479053 1.428708 16.120527 14.691819 "" "" 2286.34912 2647.03174 12115.05826 3.5594 4866.4 9.4049 10530.0 10.566 "" "" 0.002773723731662189 0.0034911279 0.0039332714 0.0074243993 187.12660794599 -64.28863851173 2417.14966 -6.772 1.0370000000000001
187.47744015431 -64.35130160693 0.0552 0.0622 11.601 "" "" 5861292085984708224 2382.39917 0.4645 0.0749 -7.829 -0.005 0.071 0.075 3.225 5621.2 3.9551 15.479175 1.226088 15.992331 14.766243 "" "" 1929.12927 3267.82422 12113.6973 10.261 5476.3 9.7792 9832.4 12.819 "" "" 0.0029047551935879423 0.003397664 0.0040357714 0.0074334354 187.47744015431 -64.35130160693 2382.39917 -7.8290000000000015 -0.005000000000000054
187.59435934958 -64.02873726177 0.0238 0.0227 8.0399 "" "" 6053465312373071616 2437.92749 0.3695 0.032 -0.743 -3.468 0.031 0.028 1.018 5902.2 4.0093 15.480987 1.176702 15.97333 14.796627 "" "" 2284.66919 2639.51562 12093.5048 3.8031 5572.9 13.094 9561.1 13.38 "" "" 0.002776394829504804 0.0037805815 0.0040733656 0.007853948 187.59435934958 -64.02873726177 2437.92749 -0.7430000000000001 -3.4679999999999995
187.46003809452 -64.14150262917 0.0207 0.022 1.9175 "" "" 6053451843353950976 2648.13525 0.3518 0.0287 -5.335 -0.699 0.027 0.028 1.009 9650.1 3.9778 15.481106 1.070913 15.918776 14.847863 "" "" 2451.50635 2874.35864 12092.17868 3.435 5860.1 9.5195 9120.4 13.521 "" "" 0.0027725284542026757 0.0033008803 0.004107865 0.0074087456 187.46003809452 -64.14150262917 2648.13525 -5.335 -0.6990000000000001
187.04963169782 -64.298803616 0.0283 0.0267 14.8995 "" "" 6053443317776044544 2808.22388 0.3229 0.037 -6.132 -0.002 0.036 0.035 1.324 8893.2 3.5355 15.482275 1.160651 15.940877 14.780226 "" "" 2540.65063 3127.24121 12079.1653 7.3859 5742.0 10.773 9706.6 10.555 "" "" 0.0028341715695505004 0.0034546412 0.003959498 0.007414139 187.04963169782 -64.298803616 2808.22388 -6.132000000000001 -0.002000000000000167
188.10870349529 -64.12750944069 0.02 0.0221 15.4801 "" "" 5861389220941203968 2548.38281 0.3585 0.0285 -8.332 -0.005 0.026 0.03 1.013 7340.7 3.4282 15.485389 1.104156 15.945264 14.841108 "" "" 2377.79492 2723.30737 12044.56893 3.4144 5718.9 12.323 9177.3 11.543 "" "" 0.0027724575754213237 0.003641214 0.004018536 0.00765975 188.10870349529 -64.12750944069 2548.38281 -8.332 -0.0049999999999996835
187.84643173675 -64.27779902799 0.0324 0.0429 11.0809 "" "" 5861383654663107968 2790.60547 0.3398 0.0462 -9.771 -0.739 0.039 0.056 1.457 "" "" 15.48784 1.471324 15.744647 14.273323 "" "" 2469.46655 3336.15503 12017.41399 9.8401 6879.5 47.525 15482.0 115.28 "" "" 0.0028951944053029767 0.008002648 0.008924252 0.0169269 187.84643173675 -64.27779902799 2790.60547 -9.770999999999999 -0.7389999999999998
187.82035806689 -64.0795434596 0.0208 0.022 9.1612 "" "" 6053543137134545152 2631.771 0.3394 0.0282 -4.851 -3.517 0.028 0.029 0.986 5209.4 3.57 15.495559 1.595027 16.24079 14.645762 "" "" 2477.0188 2824.75439 11932.27649 3.2499 4356.1 8.9356 10986.0 10.1 "" "" 0.0027711434127026084 0.0035700507 0.003908974 0.007479025 187.82035806689 -64.0795434596 2631.771 -4.851 -3.5170000000000003
187.49325178496 -64.16636536761 0.0203 0.0218 0.8642 "" "" 6053451564117908480 2694.48462 0.3333 0.0277 -8.525 -0.815 0.026 0.029 0.982 9027.4 3.84 15.496963 1.229748 16.02184 14.792091 "" "" 2527.62378 2891.74316 11916.86042 3.2974 5329.4 11.512 9601.1 9.5896 "" "" 0.0027716500074080586 0.0036449195 0.003931886 0.0075768055 187.49325178496 -64.16636536761 2694.48462 -8.525000000000002 -0.815
187.73028427894 -64.06776024042 0.0219 0.0217 7.7338 "" "" 6053546092072049024 2394.09106 0.3848 0.0303 -7.484 -1.262 0.03 0.029 1.042 7490.5 3.7738 15.498169 1.15612 15.973877 14.817757 "" "" 2208.21851 2574.10938 11903.62142 3.4608 5570.1 9.2505 9376.8 8.9704 "" "" 0.0027733430409819042 0.0033220954 0.003919513 0.0072416086 187.73028427894 -64.06776024042 2394.09106 -7.484 -1.262
187.74818962798 -63.9934625524 0.0211 0.021 11.5708 "" "" 6053547569540949504 2560.1394 0.3551 0.0296 -7.177 -0.495 0.029 0.028 0.976 9086.9 3.6464 15.502623 1.167272 15.989748 14.822476 "" "" 2369.48511 2766.33105 11854.89529 3.4273 5489.3 10.29 9336.2 11.536 "" "" 0.0027731420604516018 0.0034536046 0.0040104245 0.007464029 187.74818962798 -63.9934625524 2560.1394 -7.176999999999999 -0.49500000000000005
187.61557622964 -64.17446444103 0.0194 0.0217 2.6305 "" "" 6053448716617722112 2870.69287 0.3204 0.0271 -6.995 0.05 0.025 0.031 0.977 9238.5 3.5616 15.505425 1.035686 15.920596 14.88491 "" "" 2645.52246 3229.14331 11824.33052 3.0607 5850.3 13.726 8814.4 16.216 "" "" 0.002769616040455652 0.0037781063 0.004274754 0.00805286 187.61557622964 -64.17446444103 2870.69287 -6.995 0.050000000000000065
187.56152940451 -63.90202407356 0.0202 0.0214 15.4485 "" "" 6053469985297682560 2703.60889 0.3408 0.0276 -7.328 -0.844 0.027 0.026 0.953 9319.4 4.0456 15.520931 1.315558 16.098452 14.782893 "" "" 2526.64844 2919.51587 11656.66644 13.505 4966.3 23.349 9682.8 27.194 "" "" 0.0030288760512057825 0.0058173663 0.0048561096 0.010673476 187.56152940451 -63.90202407356 2703.60889 -7.328 -0.8440000000000001
187.85937299035 -64.02722099446 0.0276 0.0277 11.8686 "" "" 6053546607445638400 2918.30396 0.3192 0.0367 -5.562 -0.285 0.036 0.037 1.237 10106.1 4.1268 15.533079 1.145748 15.893279 14.747531 "" "" 2635.10815 3255.96167 11526.96907 6.7945 5999.4 57.138 10003.0 94.192 "" "" 0.0028286682921547872 0.010710321 0.010899897 0.021610219 187.85937299035 -64.02722099446 2918.30396 -5.562 -0.28500000000000003
187.80070083359 -63.99294624248 0.0213 0.023 12.3603 "" "" 6053547329022794880 2908.38892 0.3031 0.0294 -6.689 -0.207 0.028 0.03 1.041 7127.5 2.5565 15.536484 2.331073 16.74932 14.418246 -23.72 5.11 2709.56445 3183.77612 11490.87915 4.9705 2727.0 15.554 13548.0 28.71 "" "" 0.0027950594423184426 0.0067922603 0.004424646 0.011216907 187.80070083359 -63.99294624248 2908.38892 -6.689000000000001 -0.20700000000000005
188.03143407713 -64.00287584041 0.0216 0.0231 16.3241 "" "" 6053545263119853056 2893.06982 0.3223 0.0287 -6.688 0.495 0.031 0.032 0.952 9383.5 3.9705 15.548276 1.076498 15.993544 14.917046 "" "" 2634.271 3159.27222 11366.74689 3.2332 5470.2 8.9284 8557.4 8.7589 "" "" 0.0027725738770698724 0.0033053714 0.0039393804 0.007244752 188.03143407713 -64.00287584041 2893.06982 -6.688 0.49500000000000016
187.97886862288 -64.00035148451 0.0219 0.0235 15.3094 "" "" 6053548188016276992 2453.74194 0.3716 0.0303 -7.671 0.735 0.03 0.03 1.043 7794.4 4.0804 15.548314 1.246018 16.086937 14.84092 "" "" 2303.35132 2636.33276 11366.35537 3.2556 5019.3 9.9415 9178.9 8.6664 "" "" 0.0027728142196560735 0.003522721 0.00391594 0.0074386606 187.97886862288 -64.00035148451 2453.74194 -7.671 0.7350000000000002
187.69901601072 -64.12103622142 0.0215 0.0224 5.171 "" "" 6053542965335776768 2618.57495 0.3498 0.0295 -6.832 0.094 0.028 0.03 0.91 6583.3 4.0389 15.548421 1.118855 16.02275 14.903896 "" "" 2427.39795 2837.10425 11365.23267 3.2336 5325.0 7.4676 8661.6 12.15 "" "" 0.00277258271648723 0.003178578 0.0040747127 0.007253291 187.69901601072 -64.12103622142 2618.57495 -6.831999999999998 0.09400000000000011
187.47712845094 -63.95168527024 0.0215 0.0227 12.4875 "" "" 6053469263743105408 2498.65869 0.3654 0.029 -10.153 -3.397 0.029 0.03 0.99 4687.1 2.8881 15.568207 1.65304 16.338945 14.685905 "" "" 2347.08911 2701.12964 11159.99337 3.9102 3979.6 11.44 10588.0 29.179 "" "" 0.002781457554148748 0.004186461 0.004820434 0.009006895 187.47712845094 -63.95168527024 2498.65869 -10.153 -3.3970000000000007
187.45030810915 -64.34973046046 0.0265 0.0279 11.5992 "" "" 5861292253389924480 2471.53198 0.38 0.0355 -9.455 -0.846 0.034 0.037 1.371 "" "" 15.571754 1.0994 15.737949 14.63855 "" "" 2274.65234 2691.26709 11123.59318 6.2797 6922.1 20.349 11060.0 46.672 "" "" 0.0028226733885999035 0.0042393804 0.0059393267 0.010178708 187.45030810915 -64.34973046046 2471.53198 -9.455 -0.8459999999999998
187.71897761688 -64.26250622464 0.0204 0.0231 8.0753 "" "" 5861292979338076672 2929.62915 0.3183 0.0274 -8.239 -0.228 0.025 0.03 0.94 7694.3 3.4054 15.574757 1.209214 16.06697 14.857757 "" "" 2705.16919 3209.95117 11092.87221 3.207 5112.4 11.215 9037.7 51.316 "" "" 0.00277314210510093 0.003668494 0.00723108 0.010899574 187.71897761688 -64.26250622464 2929.62915 -8.239 -0.2280000000000001
187.39067648985 -64.07444736496 0.0219 0.0222 6.1173 "" "" 6053464693897647104 2551.10693 0.3614 0.0296 -4.608 0.118 0.028 0.031 1.034 5226.4 3.7433 15.576896 1.487856 16.256624 14.768768 "" "" 2400.81714 2717.33813 11071.03749 3.3614 4293.1 9.8328 9809.6 11.319 "" "" 0.0027749702820266354 0.0037375027 0.0039816117 0.0077191144 187.39067648985 -64.07444736496 2551.10693 -4.607999999999999 0.11800000000000001
187.723922508 -64.05562786708 0.0221 0.0216 8.156 "" "" 6053546298230502016 2648.73022 0.3446 0.03 -5.144 0.603 0.03 0.029 0.979 4787.9 3.2285 15.582238 1.717483 16.404205 14.686722 "" "" 2481.6731 2852.54858 11016.69959 3.3869 3747.4 8.6748 10580.0 10.843 "" "" 0.0027754650261163525 0.0037552628 0.0039397823 0.0076950453 187.723922508 -64.05562786708 2648.73022 -5.143999999999999 0.6029999999999999
187.14278703736 -64.02049776098 0.0288 0.0299 12.9443 "" "" 6053468061152060416 2803.32422 0.3235 0.0382 -8.511 -1.034 0.038 0.039 1.536 7127.6 4.1826 15.590307 1.148969 16.004047 14.855079 "" "" 2557.1001 3171.24951 10935.12527 4.6523 5417.5 18.191 9060.0 66.409 "" "" 0.002793771814443885 0.0045908866 0.008810168 0.013401055 187.14278703736 -64.02049776098 2803.32422 -8.511000000000001 -1.0340000000000003
187.35305665727 -64.18168246894 0.0211 0.0207 4.6111 "" "" 6053450228446109184 2827.27588 0.312 0.0275 -8.473 -0.778 0.027 0.027 0.961 9414.6 3.9947 15.592314 1.452156 16.245724 14.793568 "" "" 2574.77881 3046.2312 10914.93933 3.2279 4336.4 11.158 9588.1 13.091 "" "" 0.002773965828824502 0.0039484003 0.0040597077 0.008008108 187.35305665727 -64.18168246894 2827.27588 -8.473 -0.778
