Clusters/UBC_521/UBC_521_stars_in_region.tsv
# %ECSV 1.0
# ---
# datatype:
# - name: RA_ICRS_1
#   unit: deg
#   datatype: float64
#   format: '{:15.11f}'
#   description: Right ascension (ICRS) at Ep=2016.0 (ra)
#   meta: !!omap
#   - {ucd: POS_EQ_RA_MAIN}
#   - {width: 15}
#   - {precision: '11'}
# - name: DE_ICRS_1
#   unit: deg
#   datatype: float64
#   format: '{:15.11f}'
#   description: Declination (ICRS) at Ep=2016.0 (dec)
#   meta: !!omap
#   - {ucd: POS_EQ_DEC_MAIN}
#   - {width: 15}
#   - {precision: '11'}
# - name: e_RA_ICRS
#   unit: mas
#   datatype: float64
#   format: '{:7.4f}'
#   description: Standard error of right ascension (ra_error)
#   meta: !!omap
#   - {ucd: ERROR}
#   - {width: 7}
#   - {precision: '4'}
# - name: e_DE_ICRS
#   unit: mas
#   datatype: float64
#   format: '{:7.4f}'
#   description: Standard error of declination (dec_error)
#   meta: !!omap
#   - {ucd: ERROR}
#   - {width: 7}
#   - {precision: '4'}
# - name: _r_1
#   unit: ''
#   datatype: float64
#   format: '{:7.4f}'
#   description: Distance from center (187.52151836000-64.15890178000)[ICRS], at Epoch=J2016.0
#   meta: !!omap
#   - {ucd: POS_ANG_DIST_GENERAL}
#   - {width: 7}
#   - {precision: '4'}
# - name: HIP
#   datatype: int32
#   description: '? HIP cross-id number, van Leeuwen, Cat. I/311 (hip_original_ext_source_id)'
#   meta: !!omap
#   - {ucd: ID_NUMBER}
#   - {width: 6}
#   - values: {'null': -2147483648}
# - name: TYC2
#   datatype: string
#   description: Tycho-2 cross-id name, Hog et al., Cat. I/259 (tyc2_original_ext_source_id)
#   meta: !!omap
#   - {ucd: ID_CROSSID}
#   - {_votable_string_dtype: char}
# - name: Source
#   datatype: int64
#   description: Source identifier, identical to the Gaia-EDR3 source_id (id)
#   meta: !!omap
#   - {ucd: ID_MAIN}
#   - {width: 19}
# - name: rgeo
#   unit: pc
#   datatype: float64
#   format: '{:15.8f}'
#   description: '? Median of the geometric distance posterior (r_med_geo)'
#   meta: !!omap
#   - {ucd: PHYS_DISTANCE_TRUE}
#   - {width: 15}
#   - {precision: '8'}
#   - values: {'null': .nan}
# - name: Plx
#   unit: mas
#   datatype: float64
#   format: '{:9.4f}'
#   description: '? Parallax (parallax)'
#   meta: !!omap
#   - {ucd: POS_PARLX_TRIG}
#   - {width: 9}
#   - {precision: '4'}
#   - values: {'null': .nan}
# - name: e_Plx
#   unit: mas
#   datatype: float32
#   format: '{:7.4f}'
#   description: '? Standard error of parallax (parallax_error)'
#   meta: !!omap
#   - {ucd: ERROR}
#   - {width: 7}
#   - {precision: '4'}
#   - values: {'null': .nan}
# - name: pmRA
#   unit: mas / yr
#   datatype: float64
#   format: '{:9.3f}'
#   description: '? Proper motion in right ascension direction, pmRA*cosDE (pmra)'
#   meta: !!omap
#   - {ucd: POS_EQ_PMRA}
#   - {width: 9}
#   - {precision: '3'}
#   - values: {'null': .nan}
# - name: pmDE
#   unit: mas / yr
#   datatype: float64
#   format: '{:9.3f}'
#   description: '? Proper motion in declination direction (pmdec)'
#   meta: !!omap
#   - {ucd: POS_EQ_PMDEC}
#   - {width: 9}
#   - {precision: '3'}
#   - values: {'null': .nan}
# - name: e_pmRA
#   unit: mas / yr
#   datatype: float32
#   format: '{:6.3f}'
#   description: '? Standard error of proper motion in right ascension direction (pmra_error)'
#   meta: !!omap
#   - {ucd: ERROR}
#   - {width: 6}
#   - {precision: '3'}
#   - values: {'null': .nan}
# - name: e_pmDE
[...]
#         unit: &id001 !astropy.units.Unit {unit: deg}
#         value: !astropy.table.SerializedColumn {name: SkyCoord.dec}
#       distance: !astropy.table.SerializedColumn
#         __class__: astropy.coordinates.distances.Distance
#         unit: !astropy.units.Unit {unit: pc}
#         value: !astropy.table.SerializedColumn {name: SkyCoord.distance}
#       frame: icrs
#       obstime: !astropy.time.Time {format: jyear_str, in_subfmt: '*', jd1: 367701545.0, jd2: 0.0, out_subfmt: '*', precision: 3, scale: tt}
#       pm_dec: !astropy.table.SerializedColumn
#         __class__: astropy.units.quantity.Quantity
#         unit: !astropy.units.Unit {unit: mas / yr}
#         value: !astropy.table.SerializedColumn {name: SkyCoord.pm_dec}
#       pm_ra_cosdec: !astropy.table.SerializedColumn
#         __class__: astropy.units.quantity.Quantity
#         unit: !astropy.units.Unit {unit: mas / yr}
#         value: !astropy.table.SerializedColumn {name: SkyCoord.pm_ra_cosdec}
#       ra: !astropy.table.SerializedColumn
#         __class__: astropy.coordinates.angles.Longitude
#         unit: *id001
#         value: !astropy.table.SerializedColumn {name: SkyCoord.ra}
#         wrap_angle: !astropy.coordinates.Angle
#           unit: *id001
#           value: 360.0
#       representation_type: spherical
# schema: astropy-2.0
RA_ICRS_1 DE_ICRS_1 e_RA_ICRS e_DE_ICRS _r_1 HIP TYC2 Source rgeo Plx e_Plx pmRA pmDE e_pmRA e_pmDE RUWE Teff logg Gmag BP-RP BPmag RPmag RV e_RV b_rgeo B_rgeo FG e_FG FBP e_FBP FRP e_FRP RAVE5 RAVE6 e_Gmag e_BPmag e_RPmag e_BP-RP SkyCoord.ra SkyCoord.dec SkyCoord.distance SkyCoord.pm_ra_cosdec SkyCoord.pm_dec
[from data line 120]
187.32743622911 -64.1296420016 0.0795 0.0729 5.3733 "" "" 6053451357962745216 2945.25781 0.3428 0.1025 -8.513 0.139 0.111 0.099 1.114 "" "" 14.391324 6.244092 18.675814 12.431722 "" "" 2290.27393 4171.96729 32992.64489 1256.9 462.48 73.846 84425.0 13115.0 "" "" 0.04145427473143597 0.17338622 0.16870601 0.34209222 187.32743622911 -64.1296420016 2945.25781 -8.512999999999998 0.13900000000000012
187.66611213818 -64.15108220488 0.0138 0.0149 3.811 "" "" 6053448854056738944 2949.70142 0.3009 0.019 -3.856 0.461 0.019 0.02 1.111 4951.4 2.8972 14.404438 1.98851 15.37709 13.388579 -35.25 2.23 2808.24146 3103.94019 32596.54646 8.9322 9651.2 30.34 34972.0 149.05 "" "" 0.0027713364149937305 0.004408493 0.0059746495 0.010383142 187.66611213818 -64.15108220488 2949.70142 -3.856 0.46099999999999974
187.42787508248 -64.32559693139 0.0128 0.0136 10.2954 "" "" 5861291669274386816 2538.94849 0.3564 0.0171 -7.783 -2.49 0.017 0.018 0.946 4726.0 2.8436 14.416964 1.842417 15.322859 13.480442 -10.32 2.08 2426.90601 2659.44336 32222.65448 6.8762 10145.0 8.9328 32135.0 15.551 "" "" 0.0027650444304334145 0.0029494055 0.0038157294 0.0067651346 187.42787508248 -64.32559693139 2538.94849 -7.783 -2.4900000000000007
188.08394079107 -64.21569956493 0.0119 0.0146 15.0837 "" "" 5861385544448942720 2865.87207 0.3094 0.0167 -5.025 1.252 0.015 0.019 1.083 5621.5 2.611 14.422545 1.908822 15.368904 13.460082 -52.97 2.83 2733.10132 2999.82153 32057.42674 6.4996 9724.2 14.436 32744.0 15.98 "" "" 0.0027640997260481056 0.0032222695 0.003816345 0.0070386147 188.08394079107 -64.21569956493 2865.87207 -5.0249999999999995 1.2519999999999998
187.38467908702 -64.22351779246 0.0217 0.0217 5.2733 "" "" 6053446925548656000 2860.05371 0.3111 0.0289 -6.087 0.507 0.027 0.027 1.743 8444.9 3.5634 14.423678 0.799453 14.699727 13.900274 "" "" 2660.86108 3176.89404 32023.98585 11.421 18011.0 36.087 21830.0 119.43 "" "" 0.0027823956323936253 0.00353799 0.007040378 0.010578368 187.38467908702 -64.22351779246 2860.05371 -6.087000000000001 0.5070000000000001
187.30235580129 -64.00589377005 0.0135 0.0141 10.8312 "" "" 6053467614475523584 2615.84961 0.3444 0.0185 -6.823 2.106 0.019 0.018 0.984 5099.1 2.6391 14.430789 1.885376 15.362577 13.477201 -29.43 2.23 2490.75366 2730.72119 31814.95592 7.075 9781.1 12.719 32231.0 19.904 "" "" 0.002765878777117426 0.0031270399 0.0038383957 0.0069654356 187.30235580129 -64.00589377005 2615.84961 -6.823 2.106
187.58098085302 -64.16992074138 0.0636 0.0721 1.6895 "" "" 6053448750977463680 3446.66992 0.3022 0.0895 -9.54 0.156 0.081 0.093 5.563 "" "" 14.43287 2.183673 15.540182 13.356509 -36.89 2.47 2587.89966 4822.44092 31754.02789 27.676 8305.1 9.5076 36021.0 18.681 "" "" 0.002913292455436856 0.0030544966 0.0038210973 0.006875594 187.58098085302 -64.16992074138 3446.66992 -9.54 0.15599999999999992
187.92932012489 -64.33978406537 0.0134 0.0159 15.1917 "" "" 5861370941557986944 2683.84717 0.3379 0.0184 -6.434 1.637 0.017 0.02 1.124 6113.1 3.5756 14.433975 1.121214 14.909618 13.788404 "" "" 2555.36768 2829.85107 31721.7016 6.598 14845.0 14.408 24199.0 15.523 "" "" 0.0027645593215834935 0.0029825307 0.0038430195 0.0068255505 187.92932012489 -64.33978406537 2683.84717 -6.434 1.6369999999999996
187.90523923622 -64.27044718723 0.0133 0.0152 12.0455 "" "" 5861383860821567360 2908.21265 0.3096 0.0184 -11.086 -1.737 0.016 0.02 0.963 4804.0 2.7459 14.447141 2.01469 15.465626 13.450935 -33.94 2.72 2782.20532 3040.01392 31339.39565 9.1829 8895.4 15.058 33021.0 20.971 "" "" 0.002773625834361674 0.003341106 0.0038417678 0.007182874 187.90523923622 -64.27044718723 2908.21265 -11.086 -1.737
187.65347968029 -63.95534684995 0.0132 0.0139 12.695 "" "" 6053560282645106304 2878.23389 0.3128 0.0178 -7.044 0.603 0.017 0.018 0.958 5807.9 2.5894 14.455601 2.143516 15.563481 13.419966 -10.03 2.63 2739.62671 3055.75659 31096.12584 8.6157 8128.8 9.8619 33976.0 17.85 "" "" 0.002771693138688335 0.003085469 0.003822185 0.006907654 187.65347968029 -63.95534684995 2878.23389 -7.0440000000000005 0.603
187.39393317962 -64.25364035536 0.0134 0.0132 6.5884 "" "" 6053445899118909824 2914.70215 0.3054 0.0174 -9.897 -2.831 0.016 0.017 1.055 4735.3 2.5817 14.468953 2.005963 15.483938 13.477975 20.48 2.66 2787.22998 3074.28931 30716.06577 6.5202 8746.6 12.289 32208.0 18.787 "" "" 0.002764942512606502 0.0031799504 0.0038320767 0.0070120273 187.39393317962 -64.25364035536 2914.70215 -9.897000000000002 -2.831
187.50511377218 -64.2403082733 0.013 0.0144 4.9031 "" "" 6053447239148768768 2685.82397 0.3377 0.0173 -8.532 -0.779 0.016 0.02 1.028 "" "" 14.472794 1.109882 14.929184 13.819302 "" "" 2541.79663 2842.96265 30607.59517 6.2207 14580.0 10.855 23520.0 16.241 "" "" 0.002764142298446312 0.0029049043 0.0038530258 0.00675793 187.50511377218 -64.2403082733 2685.82397 -8.532000000000002 -0.7790000000000002
187.45511101384 -63.94470504668 0.0185 0.0197 12.9695 "" "" 6053469469901542400 2591.33594 0.3552 0.0257 -12.424 9.288 0.025 0.026 1.244 5548.5 2.5639 14.474174 1.293634 15.037927 13.744293 3.12 5.57 2452.69556 2749.64478 30568.7231 6.5872 13190.0 11.411 25202.0 11.494 "" "" 0.002765235660985817 0.0029440327 0.003811683 0.0067557157 187.45511101384 -63.94470504668 2591.33594 -12.424 9.288
187.63289808557 -64.16609545654 0.0141 0.0147 2.9443 "" "" 6053448815338839936 2795.04272 0.3248 0.0182 -8.497 -0.898 0.018 0.02 1.039 8033.2 3.25 14.487684 1.037104 14.908716 13.871613 "" "" 2674.62939 2938.23169 30190.69012 6.0408 14857.0 17.306 22414.0 22.443 "" "" 0.0027638711814983986 0.0030634184 0.003932633 0.0069960514 187.63289808557 -64.16609545654 2795.04272 -8.497 -0.8979999999999999
187.07913003738 -64.21783744193 0.014 0.0138 12.0862 "" "" 6053450606403067648 2566.88818 0.3486 0.0175 -5.495 -0.856 0.017 0.018 0.991 "" "" 14.499922 0.707756 14.761457 14.053701 "" "" 2442.55444 2685.53784 29852.3238 7.2352 17015.0 15.12 18953.0 16.623 "" "" 0.0027678575107242353 0.0029522732 0.0038975026 0.006849776 187.07913003738 -64.21783744193 2566.88818 -5.495000000000001 -0.8559999999999999
187.06859384514 -64.17712334738 0.0174 0.0178 11.8916 "" "" 6053462494881756672 2432.61499 0.3739 0.0236 -14.841 1.283 0.023 0.024 0.923 5225.0 3.1459 14.503623 1.9063 15.443492 13.537191 9.32 3.7 2305.94238 2568.00244 29750.71145 7.0587 9078.6 12.066 30499.0 28.725 "" "" 0.0027673360736932893 0.0031412293 0.0039152782 0.0070565073 187.06859384514 -64.17712334738 2432.61499 -14.840999999999998 1.2830000000000004
187.73984108771 -64.19956073144 0.0133 0.0147 6.2052 "" "" 5861387983990311424 2912.75391 0.3063 0.0184 -8.496 -0.872 0.017 0.02 0.931 8667.3 3.6111 14.509857 0.994997 14.91265 13.917653 "" "" 2742.49927 3086.64966 29580.38416 6.2698 14803.0 13.095 21483.0 12.309 "" "" 0.002764914004738746 0.0029508532 0.0038302378 0.006781091 187.73984108771 -64.19956073144 2912.75391 -8.496 -0.8720000000000001
187.22989261905 -64.03125832654 0.0137 0.0145 10.8208 "" "" 6053467477036506240 2982.67139 0.3019 0.0185 -4.977 0.97 0.018 0.02 0.968 5892.6 2.5063 14.518522 2.065921 15.573101 13.50718 -7.52 2.8 2825.61035 3145.00781 29345.24764 7.4071 8057.1 7.6441 31354.0 14.558 "" "" 0.0027689157640926228 0.0029742424 0.0038128549 0.006787097 187.22989261905 -64.03125832654 2982.67139 -4.977000000000001 0.9700000000000001
187.94907032475 -64.19833702879 0.0129 0.0146 11.4214 "" "" 5861387395507098496 2395.25366 0.3778 0.0176 -7.153 -1.479 0.016 0.019 0.981 9145.0 4.1113 14.518861 0.723419 14.797929 14.07451 "" "" 2313.13403 2514.61401 29336.11231 7.0385 16453.0 14.227 18593.0 14.442 "" "" 0.0027676068759416423 0.0029438874 0.003872331 0.0068162186 187.94907032475 -64.19833702879 2395.25366 -7.153 -1.479
187.46427797451 -64.07176071385 0.014 0.0147 5.4392 "" "" 6053464762617147776 2869.87793 0.3123 0.0188 -4.885 -0.856 0.018 0.02 0.968 10060.3 3.397 14.524862 1.013528 14.930141 13.916614 "" "" 2715.43188 3022.56958 29174.38468 6.3062 14567.0 15.153 21504.0 21.33 "" "" 0.0027652970409609225 0.0030100867 0.0039298283 0.006939915 187.46427797451 -64.07176071385 2869.87793 -4.885 -0.856
187.54015087831 -64.11041176912 0.014 0.0153 2.95 "" "" 6053452324390360192 2802.73535 0.3226 0.0198 -7.605 -1.673 0.018 0.021 0.941 "" "" 14.534508 2.036416 15.567101 13.530685 -26.16 2.5 2643.43579 2957.07739 28916.36678 6.9037 8101.7 9.5912 30682.0 17.597 "" "" 0.0027674866837913226 0.0030719978 0.0038303372 0.006902335 187.54015087831 -64.11041176912 2802.73535 -7.605000000000001 -1.6730000000000005
187.7772853879 -64.38331917384 0.0134 0.0142 15.0229 "" "" 5861382142834531584 3009.04395 0.3025 0.0177 -6.186 0.224 0.017 0.019 1.039 "" "" 14.543329 1.554907 15.255086 13.700179 "" "" 2824.70654 3212.1084 28682.36659 10.125 10799.0 20.159 26247.0 23.64 "" "" 0.0027818491989572234 0.003448615 0.0039038449 0.00735246 187.7772853879 -64.38331917384 3009.04395 -6.185999999999999 0.22400000000000003
187.6785819781 -63.9662513031 0.0143 0.0151 12.272 "" "" 6053559526730857856 2504.94604 0.3647 0.0194 -6.362 -1.195 0.019 0.019 1.01 4721.5 2.6071 14.549443 2.124993 15.641899 13.516906 8.21 4.07 2375.55737 2632.0437 28521.29721 7.6245 7562.4 8.5031 31074.0 18.931 "" "" 0.0027705653222959065 0.0030455515 0.0038368283 0.0068823798 187.6785819781 -63.9662513031 2504.94604 -6.362 -1.195
187.82775102511 -64.05613476205 0.017 0.0169 10.1192 "" "" 6053546160791567360 2506.04834 0.3673 0.0223 -2.855 -1.184 0.023 0.024 1.105 8690.1 3.5781 14.554068 0.815174 14.874981 14.059807 "" "" 2367.22363 2661.34741 28400.07708 6.9605 15326.0 16.663 18847.0 17.59 "" "" 0.0027681399389841437 0.0030296068 0.00391287 0.0069424766 187.82775102511 -64.05613476205 2506.04834 -2.855 -1.184
186.97376200939 -64.21467201444 0.0145 0.0141 14.6968 "" "" 6053456481919307008 2364.08179 0.3845 0.018 -6.05 -0.441 0.018 0.019 1.014 "" "" 14.561998 0.889397 14.909498 14.020102 "" "" 2285.77197 2461.83936 28193.40327 7.3416 14846.0 15.174 19549.0 15.17 "" "" 0.0027697877263957167 0.0030027546 0.003872155 0.0068749096 186.97376200939 -64.21467201444 2364.08179 -6.050000000000001 -0.4410000000000001
187.59368567745 -64.11204080062 0.0159 0.0165 3.3873 "" "" 6053452083872199552 2965.90479 0.3061 0.0208 -8.512 -0.764 0.02 0.022 1.104 9146.1 3.6661 14.566076 1.401401 15.174641 13.773239 "" "" 2772.93604 3183.08105 28087.71178 8.5831 11629.0 16.006 24539.0 37.653 "" "" 0.00277522401692821 0.003165163 0.0041302764 0.0072954395 187.59368567745 -64.11204080062 2965.90479 -8.512000000000002 -0.7639999999999999
187.37092407992 -64.19438717478 0.016 0.0163 4.4749 "" "" 6053449953568176896 2474.29785 0.3704 0.0213 -8.749 -1.729 0.02 0.021 1.21 4800.1 3.1583 14.57148 1.721331 15.386348 13.665017 -67.12 4.85 2353.25586 2602.53882 27948.2515 8.3301 9569.2 6.9185 27111.0 13.266 "" "" 0.002774258790730073 0.0028984905 0.0038165404 0.006715031 187.37092407992 -64.19438717478 2474.29785 -8.749000000000002 -1.7290000000000003
187.06730431784 -64.05064872819 0.0139 0.0142 13.5589 "" "" 6053467167798787840 2885.3042 0.3088 0.0185 -6.509 -1.517 0.019 0.019 1.025 "" "" 14.583409 2.256591 15.770881 13.51429 13.67 2.85 2737.11475 3053.09155 27642.85836 7.4819 6715.3 10.245 31149.0 17.612 "" "" 0.0027709471634504395 0.0032448082 0.0038289144 0.007073723 187.06730431784 -64.05064872819 2885.3042 -6.509 -1.5170000000000001
187.34455796354 -64.35464609637 0.1513 0.1568 12.6176 "" "" 5861291467509641856 2484.99976 0.5547 0.2058 -6.995 -1.712 0.201 0.204 13.5 6553.3 3.9076 14.587195 1.054101 14.983197 13.929096 -44.72 8.56 1705.87 4098.91846 27546.6339 37.554 13872.0 17.564 21258.0 16.032 "" "" 0.003127730212399079 0.0031104428 0.0038670655 0.0069775083 187.34455796354 -64.35464609637 2484.99976 -6.995 -1.712
187.35331492531 -63.95338646021 0.0136 0.015 13.0975 "" "" 6053470122736537728 2762.13721 0.33 0.0187 -3.467 0.26 0.019 0.021 1.048 8954.4 3.8457 14.589659 0.999213 14.993564 13.99435 "" "" 2625.89746 2897.40698 27484.21267 5.4057 13740.0 13.016 20018.0 15.27 "" "" 0.002763583111518661 0.0029737037 0.0038690653 0.0068427688 187.35331492531 -63.95338646021 2762.13721 -3.467 0.2600000000000001
187.80877305492 -64.35085319249 0.0132 0.0156 13.7364 "" "" 5861382245913755904 2414.98853 0.3797 0.0182 -8.423 0.933 0.016 0.02 0.973 4863.4 2.2435 14.600541 2.19241 15.741765 13.549356 34.7 5.21 2308.59253 2543.83936 27210.11586 6.6962 6897.8 9.328 30159.0 16.002 "" "" 0.00276824503846368 0.0031529078 0.0038230347 0.0069759423 187.80877305492 -64.35085319249 2414.98853 -8.423000000000002 0.9329999999999999
187.28123380049 -64.27036121682 0.0141 0.0142 9.1681 "" "" 6053446551953880960 2858.1936 0.3136 0.0181 -7.144 -0.856 0.017 0.018 0.965 4878.6 2.6075 14.632878 2.081907 15.699478 13.617571 -34.16 2.57 2713.27344 3013.18311 26411.6538 5.6005 7171.8 9.047 28322.0 13.015 "" "" 0.0027649220057158882 0.0031082008 0.0038121731 0.006920374 187.28123380049 -64.27036121682 2858.1936 -7.143999999999999 -0.8559999999999999
187.19334044228 -64.17773138952 0.0146 0.0149 8.6539 "" "" 6053450778201890432 2894.47852 0.3092 0.0191 -4.311 0.298 0.019 0.02 0.937 9528.6 3.4973 14.64654 0.884249 14.995453 14.111204 "" "" 2756.71094 3052.82056 26081.3953 5.3521 13716.0 13.989 17975.0 11.576 "" "" 0.0027643136249933965 0.0030018769 0.0038435187 0.0068453955 187.19334044228 -64.17773138952 2894.47852 -4.311 0.29800000000000004
187.30381378082 -64.17394701894 0.0157 0.0146 5.7631 "" "" 6053450915640882432 2931.92896 0.3033 0.0204 -4.144 -0.493 0.02 0.019 1.037 "" "" 14.64667 2.155163 15.763952 13.608789 -18.13 3.05 2781.32788 3132.53198 26078.25962 6.7607 6758.3 10.551 28552.0 22.718 "" "" 0.0027696600311290153 0.0032646924 0.0038768584 0.007141551 187.30381378082 -64.17394701894 2931.92896 -4.144 -0.493
187.57571094921 -64.17644204779 0.0138 0.0155 1.7649 "" "" 6053448750977441920 2651.58936 0.3366 0.0192 -8.4 -0.861 0.018 0.021 1.035 "" "" 14.649262 1.077647 15.074748 13.997101 "" "" 2526.45825 2826.14331 26016.07969 6.5612 12750.0 18.17 19967.0 18.838 "" "" 0.002768892737092041 0.0031904741 0.003915739 0.007106213 187.57571094921 -64.17644204779 2651.58936 -8.399999999999999 -0.8609999999999995
188.05131407381 -64.08929580068 0.0139 0.0153 14.4879 "" "" 6053543824329342208 2378.39258 0.383 0.0191 -5.388 -0.477 0.019 0.02 1.009 9652.0 3.868 14.65287 0.887519 15.001563 14.114044 "" "" 2284.84692 2493.17676 25929.76464 5.4888 13639.0 13.577 17928.0 14.044 "" "" 0.002764888851922567 0.002992186 0.0038739007 0.0068660867 188.05131407381 -64.08929580068 2378.39258 -5.387999999999999 -0.4769999999999999
187.78044280349 -64.11406233807 0.0144 0.0153 7.2915 "" "" 6053542827896843520 2474.82959 0.375 0.0201 -7.787 -0.497 0.019 0.021 0.964 8074.1 3.6558 14.656975 0.795005 14.961326 14.166321 "" "" 2358.01392 2580.7522 25831.91733 6.1899 14154.0 14.728 17086.0 13.514 "" "" 0.002767575832037898 0.0030102194 0.0038757168 0.0068859365 187.78044280349 -64.11406233807 2474.82959 -7.787000000000001 -0.4969999999999998
187.45543222408 -63.98332989926 0.0142 0.0158 10.676 "" "" 6053466240086065024 2391.99023 0.3801 0.0196 -3.993 0.176 0.019 0.02 0.933 9209.2 4.1195 14.65941 0.639841 14.904955 14.265114 "" "" 2297.49023 2501.92798 25774.04448 8.5233 14909.0 14.287 15600.0 14.13 "" "" 0.0027786153179156334 0.0029778453 0.0039052342 0.006883079 187.45543222408 -63.98332989926 2391.99023 -3.9929999999999994 0.17600000000000016
187.03820721473 -64.31475693516 0.015 0.0145 15.6944 "" "" 6053440367200272256 2390.15161 0.3842 0.0192 -7.317 0.374 0.019 0.019 0.983 "" "" 14.660154 0.757135 14.950967 14.193831 "" "" 2285.88525 2494.34058 25756.39795 7.0388 14290.0 10.614 16658.0 11.67 "" "" 0.0027712503504225983 0.0029043744 0.003855163 0.0067595374 187.03820721473 -64.31475693516 2390.15161 -7.317 0.37400000000000017
