Clusters/Hogg_16/Hogg_16_members.tsv
# %ECSV 1.0
# ---
# datatype:
# - name: RA_ICRS_1
#   unit: deg
#   datatype: float64
#   format: '{:15.11f}'
#   description: Right ascension (ICRS) at Ep=2016.0 (ra)
#   meta: !!omap
#   - {ucd: POS_EQ_RA_MAIN}
#   - {width: 15}
#   - {precision: '11'}
# - name: DE_ICRS_1
#   unit: deg
#   datatype: float64
#   format: '{:15.11f}'
#   description: Declination (ICRS) at Ep=2016.0 (dec)
#   meta: !!omap
#   - {ucd: POS_EQ_DEC_MAIN}
#   - {width: 15}
#   - {precision: '11'}
# - name: e_RA_ICRS
#   unit: mas
#   datatype: float64
#   format: '{:7.4f}'
#   description: Standard error of right ascension (ra_error)
#   meta: !!omap
#   - {ucd: ERROR}
#   - {width: 7}
#   - {precision: '4'}
# - name: e_DE_ICRS
#   unit: mas
#   datatype: float64
#   format: '{:7.4f}'
#   description: Standard error of declination (dec_error)
#   meta: !!omap
#   - {ucd: ERROR}
#   - {width: 7}
#   - {precision: '4'}
# - name: _r_1
#   unit: ''
#   datatype: float64
#   format: '{:7.4f}'
#   description: Distance from center (202.29971741000-61.20870024000)[ICRS], at Epoch=J2016.0
#   meta: !!omap
#   - {ucd: POS_ANG_DIST_GENERAL}
#   - {width: 7}
#   - {precision: '4'}
# - name: HIP
#   datatype: int32
#   description: '? HIP cross-id number, van Leeuwen, Cat. I/311 (hip_original_ext_source_id)'
#   meta: !!omap
#   - {ucd: ID_NUMBER}
#   - {width: 6}
#   - values: {'null': -2147483648}
# - name: TYC2
#   datatype: string
#   description: Tycho-2 cross-id name, Hog et al., Cat. I/259 (tyc2_original_ext_source_id)
#   meta: !!omap
#   - {ucd: ID_CROSSID}
#   - {_votable_string_dtype: char}
# - name: Source
#   datatype: int64
#   description: Source identifier, identical to the Gaia-EDR3 source_id (id)
#   meta: !!omap
#   - {ucd: ID_MAIN}
#   - {width: 19}
# - name: rgeo
#   unit: pc
#   datatype: float64
#   format: '{:15.8f}'
#   description: '? Median of the geometric distance posterior (r_med_geo)'
#   meta: !!omap
#   - {ucd: PHYS_DISTANCE_TRUE}
#   - {width: 15}
#   - {precision: '8'}
#   - values: {'null': .nan}
# - name: Plx
#   unit: mas
#   datatype: float64
#   format: '{:9.4f}'
#   description: '? Parallax (parallax)'
#   meta: !!omap
#   - {ucd: POS_PARLX_TRIG}
#   - {width: 9}
#   - {precision: '4'}
#   - values: {'null': .nan}
# - name: e_Plx
#   unit: mas
#   datatype: float32
#   format: '{:7.4f}'
#   description: '? Standard error of parallax (parallax_error)'
#   meta: !!omap
#   - {ucd: ERROR}
#   - {width: 7}
#   - {precision: '4'}
#   - values: {'null': .nan}
# - name: pmRA
#   unit: mas / yr
#   datatype: float64
#   format: '{:9.3f}'
#   description: '? Proper motion in right ascension direction, pmRA*cosDE (pmra)'
#   meta: !!omap
#   - {ucd: POS_EQ_PMRA}
#   - {width: 9}
#   - {precision: '3'}
#   - values: {'null': .nan}
# - name: pmDE
#   unit: mas / yr
#   datatype: float64
#   format: '{:9.3f}'
#   description: '? Proper motion in declination direction (pmdec)'
#   meta: !!omap
#   - {ucd: POS_EQ_PMDEC}
#   - {width: 9}
#   - {precision: '3'}
#   - values: {'null': .nan}
# - name: e_pmRA
#   unit: mas / yr
#   datatype: float32
#   format: '{:6.3f}'
#   description: '? Standard error of proper motion in right ascension direction (pmra_error)'
#   meta: !!omap
#   - {ucd: ERROR}
#   - {width: 6}
#   - {precision: '3'}
#   - values: {'null': .nan}
# - name: e_pmDE
[...]
#         unit: &id001 !astropy.units.Unit {unit: deg}
#         value: !astropy.table.SerializedColumn {name: SkyCoord.dec}
#       distance: !astropy.table.SerializedColumn
#         __class__: astropy.coordinates.distances.Distance
#         unit: !astropy.units.Unit {unit: pc}
#         value: !astropy.table.SerializedColumn {name: SkyCoord.distance}
#       frame: icrs
#       obstime: !astropy.time.Time {format: jyear_str, in_subfmt: '*', jd1: 367701545.0, jd2: 0.0, out_subfmt: '*', precision: 3, scale: tt}
#       pm_dec: !astropy.table.SerializedColumn
#         __class__: astropy.units.quantity.Quantity
#         unit: !astropy.units.Unit {unit: mas / yr}
#         value: !astropy.table.SerializedColumn {name: SkyCoord.pm_dec}
#       pm_ra_cosdec: !astropy.table.SerializedColumn
#         __class__: astropy.units.quantity.Quantity
#         unit: !astropy.units.Unit {unit: mas / yr}
#         value: !astropy.table.SerializedColumn {name: SkyCoord.pm_ra_cosdec}
#       ra: !astropy.table.SerializedColumn
#         __class__: astropy.coordinates.angles.Longitude
#         unit: *id001
#         value: !astropy.table.SerializedColumn {name: SkyCoord.ra}
#         wrap_angle: !astropy.coordinates.Angle
#           unit: *id001
#           value: 360.0
#       representation_type: spherical
# schema: astropy-2.0
RA_ICRS_1 DE_ICRS_1 e_RA_ICRS e_DE_ICRS _r_1 HIP TYC2 Source rgeo Plx e_Plx pmRA pmDE e_pmRA e_pmDE RUWE Teff logg Gmag BP-RP BPmag RPmag RV e_RV b_rgeo B_rgeo FG e_FG FBP e_FBP FRP e_FRP RAVE5 RAVE6 e_Gmag e_BPmag e_RPmag e_BP-RP SkyCoord.ra SkyCoord.dec SkyCoord.distance SkyCoord.pm_ra_cosdec SkyCoord.pm_dec Pmemb
202.3928311118 -61.19337375705 0.0096 0.0116 2.8441 65818 8991-4714-1 5868668331494928384 1979.35559 0.4919 0.0158 -3.547 -1.81 0.012 0.015 0.995 "" "" 9.962601 0.428375 10.100286 9.67191 "" "" 1916.86743 2041.76477 1949424.34834 4852.1 1245400.0 6986.5 1072500.0 11268.0 "" "" 0.003859363840548393 0.006699479 0.012016855 0.018716335 202.3928311118 -61.19337375705 1979.35559 -3.5470000000000006 -1.8099999999999998 0.87
202.27243806324 -61.22222064235 0.0128 0.015 1.131 "" 8991-3541-2 5868668640732225408 2198.95947 0.4211 0.0206 -3.57 -1.466 0.016 0.019 1.106 13232.1 3.5295 11.327006 0.430269 11.475106 11.044837 "" "" 2122.03052 2279.07812 554809.88104 136.18 351050.0 150.58 302850.0 95.751 "" "" 0.0027681781765128773 0.00282877 0.0037949393 0.0066237096 202.27243806324 -61.22222064235 2198.95947 -3.5699999999999994 -1.4659999999999997 0.99
202.37772507213 -61.20327204477 0.0109 0.0138 2.2778 "" 8991-4732-1 5868668327144384000 1895.9209 0.4898 0.0182 -3.569 -1.47 0.014 0.017 1.099 15862.3 3.8265 11.603184 0.373036 11.717527 11.344491 "" "" 1836.00867 1973.76562 430202.70402 183.51 280810.0 304.22 229810.0 567.04 "" "" 0.0027939732787992787 0.0030279716 0.004632564 0.007660535 202.37772507213 -61.20327204477 1895.9209 -3.569 -1.4699999999999998 0.98
202.3292301305 -61.22548561181 0.0073 0.009 1.3196 "" "" 5868667919177713024 2268.39136 0.4167 0.0123 -3.64 -1.425 0.009 0.011 0.897 "" "" 12.775411 0.509352 12.959579 12.450228 "" "" 2194.55884 2333.43726 146144.46074 23.281 89451.0 37.45 82998.0 27.21 "" "" 0.002760743428119377 0.0028269547 0.0037961067 0.0066230614 202.3292301305 -61.22548561181 2268.39136 -3.6399999999999992 -1.425 0.88
202.31772982687 -61.17312580888 0.0094 0.0122 2.1971 "" "" 5868669053049187712 2256.84326 0.4153 0.0163 -3.509 -1.428 0.012 0.015 1.024 12123.1 3.9438 12.905706 0.502119 13.08799 12.585871 "" "" 2172.71533 2356.60693 129617.64929 22.811 79473.0 27.646 73250.0 22.904 "" "" 0.0027619375741797206 0.002815617 0.0037945989 0.0066102156 202.31772982687 -61.17312580888 2256.84326 -3.5089999999999995 -1.4279999999999995 0.99
202.24395433683 -61.1893852823 0.009 0.0116 1.9853 "" "" 5868668949969939840 1949.04724 0.4778 0.0154 -3.462 -1.597 0.011 0.015 0.977 "" "" 13.932661 0.537582 14.130027 13.592444 "" "" 1896.17932 2007.38367 50336.41473 12.257 30437.0 14.301 28985.0 11.262 "" "" 0.002767974967139805 0.002836422 0.0038028532 0.0066392752 202.24395433683 -61.1893852823 1949.04724 -3.462 -1.597 0.99
202.30856465107 -61.13906885973 0.0091 0.0117 4.1857 "" "" 5868672076706235904 2044.771 0.4485 0.016 -3.466 -1.775 0.012 0.015 0.952 "" "" 14.062907 0.498651 14.239939 13.741288 "" "" 1986.36621 2111.43945 44646.13608 10.307 27507.0 16.491 25272.0 23.82 "" "" 0.002766697719083206 0.002865091 0.00391548 0.006780571 202.30856465107 -61.13906885973 2044.771 -3.466 -1.775 0.99
202.23419944601 -61.25409745704 0.0094 0.0111 3.3164 "" "" 5868666372989443584 2022.32727 0.4574 0.0153 -3.522 -1.382 0.012 0.015 0.975 9255.8 4.0497 14.14755 0.775073 14.448367 13.673294 "" "" 1965.95874 2089.10596 41297.80372 6.7205 22702.0 13.35 26905.0 15.506 "" "" 0.002760979334785236 0.0028622882 0.003830832 0.00669312 202.23419944601 -61.25409745704 2022.32727 -3.5220000000000002 -1.382 0.97
202.26517212622 -61.24119680138 0.0108 0.0127 2.1903 "" "" 5868667850458211968 2124.2522 0.4356 0.0171 -3.527 -1.497 0.014 0.017 0.925 "" "" 14.51004 0.690407 14.770249 14.079843 "" "" 2048.0144 2214.77856 29575.39386 6.035 16878.0 9.359 18502.0 9.8815 "" "" 0.0027642130246967015 0.0028543847 0.0038236072 0.0066779917 202.26517212622 -61.24119680138 2124.2522 -3.5270000000000006 -1.4970000000000006 0.97
202.29853394643 -61.19748487452 0.0117 0.0143 0.6738 "" "" 5868668812531263360 1912.02881 0.4826 0.0192 -3.465 -1.649 0.018 0.02 0.933 "" "" 14.544615 0.652429 14.789858 14.137429 "" "" 1838.57898 1980.99158 28648.43753 6.8639 16576.0 24.153 17546.0 21.087 "" "" 0.002767572623722848 0.0032074722 0.003998295 0.007205767 202.29853394643 -61.19748487452 1912.02881 -3.465 -1.6490000000000002 1.0
202.34951936637 -61.15415582417 0.0117 0.016 3.5756 "" "" 5868669431006346752 2065.91431 0.4422 0.0209 -3.503 -1.442 0.015 0.022 0.989 "" "" 14.564311 0.666734 14.816721 14.149987 "" "" 1993.33032 2151.4646 28133.41535 5.7218 16171.0 11.026 17345.0 13.055 "" "" 0.0027641544826029394 0.0028867086 0.0038667219 0.0067534307 202.34951936637 -61.15415582417 2065.91431 -3.5030000000000006 -1.4420000000000002 0.99
202.15616379584 -61.16061078946 0.0121 0.0143 5.0557 "" "" 5868670771036126208 2049.40137 0.4508 0.0195 -3.495 -1.712 0.015 0.019 0.941 7200.0 3.5644 14.702817 0.752563 14.991882 14.23932 "" "" 1974.29004 2132.16113 24763.96142 5.3371 13761.0 9.5942 15975.0 10.858 "" "" 0.0027652384722114077 0.0028910316 0.0038507548 0.0067417864 202.15616379584 -61.16061078946 2049.40137 -3.495 -1.712 0.99
202.27455565482 -61.23097953197 0.0119 0.0144 1.5216 "" "" 5868667850458227200 2089.82715 0.4342 0.0195 -3.477 -1.52 0.015 0.018 1.007 9626.1 3.9504 14.757354 0.742595 15.035279 14.292685 "" "" 2002.53613 2186.29663 23550.76943 4.9038 13222.0 11.421 15208.0 21.753 "" "" 0.002764579384463433 0.0029435696 0.004086017 0.0070295865 202.27455565482 -61.23097953197 2089.82715 -3.477 -1.5199999999999996 1.0
202.42331379433 -61.14654342551 0.012 0.0154 5.1662 "" "" 5868669293567410816 1967.52747 0.4793 0.0205 -3.48 -1.541 0.015 0.02 0.969 9488.6 4.1766 14.785457 0.732093 15.068359 14.336267 "" "" 1888.29138 2035.0199 22949.01156 5.312 12825.0 10.614 14610.0 11.631 "" "" 0.002766757781599534 0.002931289 0.0038769618 0.0068082507 202.42331379433 -61.14654342551 1967.52747 -3.4799999999999995 -1.5409999999999997 0.98
202.24681520516 -61.20658186316 0.0127 0.0156 1.5341 "" "" 5868668675091993984 1920.21362 0.4808 0.0211 -3.483 -1.522 0.017 0.02 0.999 8436.9 4.3807 14.890909 0.773937 15.190247 14.416309 "" "" 1840.48413 1987.99292 20824.90851 4.4734 11464.0 9.8329 13572.0 8.8464 "" "" 0.002765173460295392 0.0029414773 0.0038450698 0.006786547 202.24681520516 -61.20658186316 1920.21362 -3.483 -1.522 0.99
202.16744827331 -61.22813228725 0.0129 0.0146 3.995 "" "" 5868667266342679168 2208.00879 0.4171 0.0199 -3.51 -1.568 0.017 0.019 0.941 9292.6 4.1838 14.893152 0.755344 15.183645 14.428301 "" "" 2120.2793 2296.74683 20781.91995 4.3275 11533.0 8.7053 13423.0 12.092 "" "" 0.0027645803949647523 0.002908037 0.0039038905 0.0068119275 202.16744827331 -61.22813228725 2208.00879 -3.51 -1.5679999999999996 0.98
202.36678206344 -61.19134388488 0.0168 0.02 2.2005 "" "" 5868668400214122624 1980.15125 0.4752 0.0272 -3.541 -1.532 0.022 0.027 0.989 8478.0 4.1609 15.503533 0.949147 15.888687 14.93954 "" "" 1884.60193 2097.67944 11844.95375 2.9528 6024.8 8.8949 8381.9 8.3585 "" "" 0.002768582044693563 0.0032178455 0.003931409 0.007149255 202.36678206344 -61.19134388488 1980.15125 -3.5410000000000004 -1.532 0.99
202.287296873 -61.18812728365 0.0196 0.0243 1.2855 "" "" 5868669018689420160 1861.35205 0.5053 0.0338 -3.512 -1.472 0.025 0.029 0.99 6918.8 4.2019 15.774086 1.246249 16.307354 15.061105 "" "" 1760.24768 1978.84937 9232.35196 3.3918 4097.1 17.035 7494.0 14.202 "" "" 0.002784042850364234 0.005306967 0.004303188 0.009610156 202.287296873 -61.18812728365 1861.35205 -3.512 -1.4720000000000002 0.98
202.32862086558 -61.26375309261 0.0203 0.0235 3.407 "" "" 5868667541220536064 1915.10864 0.4899 0.0324 -3.485 -1.857 0.027 0.032 0.991 7457.4 4.1531 15.889119 1.230752 16.417898 15.187146 "" "" 1788.4425 2028.27234 8304.2261 2.4716 3700.5 5.9477 6672.7 8.3106 "" "" 0.002774205278605473 0.003290945 0.004014012 0.007304957 202.32862086558 -61.26375309261 1915.10864 -3.485 -1.857 0.93
202.24387850031 -61.21907361095 0.0205 0.0231 1.7292 "" "" 5868668675091969664 2114.07495 0.434 0.0322 -3.567 -1.459 0.027 0.03 0.985 7158.9 4.3448 15.947903 1.128519 16.425095 15.296576 "" "" 1986.39575 2247.92529 7866.57656 2.3433 3676.0 7.9049 6032.9 7.074 "" "" 0.0027742367767135214 0.0036381625 0.0039880467 0.0076262094 202.24387850031 -61.21907361095 2114.07495 -3.567000000000001 -1.4590000000000005 0.98
202.22655842288 -61.19439465125 0.021 0.0253 2.2821 "" "" 5868668949969927680 2001.1936 0.4753 0.034 -3.513 -1.569 0.027 0.033 0.985 7272.1 4.3536 15.995076 1.120468 16.44808 15.327612 "" "" 1872.93311 2150.6853 7532.10284 2.3433 3599.0 8.9407 5862.9 16.793 "" "" 0.0027759477312038552 0.003880717 0.0048943767 0.008775094 202.22655842288 -61.19439465125 2001.1936 -3.5130000000000003 -1.569 0.99
202.30736633617 -61.26953533404 0.022 0.0271 3.6568 "" "" 5868667506861191680 2183.54126 0.4358 0.0356 -3.442 -1.497 0.029 0.038 1.015 7661.2 4.3027 16.08777 1.185961 16.594395 15.408434 "" "" 2009.21997 2381.47827 6915.73753 2.1095 3145.3 6.9858 5442.3 8.1728 "" "" 0.002775152287541357 0.003687837 0.0041160854 0.0078039225 202.30736633617 -61.26953533404 2183.54126 -3.4420000000000006 -1.4969999999999999 0.99
202.1673143937 -61.24636943206 0.0224 0.0263 4.4418 "" "" 5868667060184220160 1976.37036 0.484 0.0349 -3.524 -1.569 0.029 0.035 1.036 6151.4 4.3032 16.210173 1.25488 16.698586 15.443706 "" "" 1838.73181 2108.28491 6178.42444 2.2949 2857.5 12.421 5268.4 31.022 "" "" 0.002784677159146097 0.005482571 0.0074267206 0.012909291 202.1673143937 -61.24636943206 1976.37036 -3.524 -1.569 0.98
202.26244632993 -61.18886286231 0.0265 0.0339 1.6054 "" "" 5868668915610203008 2006.64001 0.4797 0.0457 -3.49 -1.805 0.034 0.043 0.989 7129.5 4.3495 16.430977 1.173207 16.929253 15.756045 "" "" 1849.74988 2222.30005 5041.45311 2.0952 2310.6 6.0473 3951.3 6.497 "" "" 0.0027920233253230734 0.0039824196 0.0041798106 0.00816223 202.26244632993 -61.18886286231 2006.64001 -3.49 -1.8049999999999997 0.93
