Clusters/Hogg_16/Hogg_16_stars_in_region.tsv
# %ECSV 1.0
# ---
# datatype:
# - name: RA_ICRS_1
#   unit: deg
#   datatype: float64
#   format: '{:15.11f}'
#   description: Right ascension (ICRS) at Ep=2016.0 (ra)
#   meta: !!omap
#   - {ucd: POS_EQ_RA_MAIN}
#   - {width: 15}
#   - {precision: '11'}
# - name: DE_ICRS_1
#   unit: deg
#   datatype: float64
#   format: '{:15.11f}'
#   description: Declination (ICRS) at Ep=2016.0 (dec)
#   meta: !!omap
#   - {ucd: POS_EQ_DEC_MAIN}
#   - {width: 15}
#   - {precision: '11'}
# - name: e_RA_ICRS
#   unit: mas
#   datatype: float64
#   format: '{:7.4f}'
#   description: Standard error of right ascension (ra_error)
#   meta: !!omap
#   - {ucd: ERROR}
#   - {width: 7}
#   - {precision: '4'}
# - name: e_DE_ICRS
#   unit: mas
#   datatype: float64
#   format: '{:7.4f}'
#   description: Standard error of declination (dec_error)
#   meta: !!omap
#   - {ucd: ERROR}
#   - {width: 7}
#   - {precision: '4'}
# - name: _r_1
#   unit: ''
#   datatype: float64
#   format: '{:7.4f}'
#   description: Distance from center (202.29971741000-61.20870024000)[ICRS], at Epoch=J2016.0
#   meta: !!omap
#   - {ucd: POS_ANG_DIST_GENERAL}
#   - {width: 7}
#   - {precision: '4'}
# - name: HIP
#   datatype: int32
#   description: '? HIP cross-id number, van Leeuwen, Cat. I/311 (hip_original_ext_source_id)'
#   meta: !!omap
#   - {ucd: ID_NUMBER}
#   - {width: 6}
#   - values: {'null': -2147483648}
# - name: TYC2
#   datatype: string
#   description: Tycho-2 cross-id name, Hog et al., Cat. I/259 (tyc2_original_ext_source_id)
#   meta: !!omap
#   - {ucd: ID_CROSSID}
#   - {_votable_string_dtype: char}
# - name: Source
#   datatype: int64
#   description: Source identifier, identical to the Gaia-EDR3 source_id (id)
#   meta: !!omap
#   - {ucd: ID_MAIN}
#   - {width: 19}
# - name: rgeo
#   unit: pc
#   datatype: float64
#   format: '{:15.8f}'
#   description: '? Median of the geometric distance posterior (r_med_geo)'
#   meta: !!omap
#   - {ucd: PHYS_DISTANCE_TRUE}
#   - {width: 15}
#   - {precision: '8'}
#   - values: {'null': .nan}
# - name: Plx
#   unit: mas
#   datatype: float64
#   format: '{:9.4f}'
#   description: '? Parallax (parallax)'
#   meta: !!omap
#   - {ucd: POS_PARLX_TRIG}
#   - {width: 9}
#   - {precision: '4'}
#   - values: {'null': .nan}
# - name: e_Plx
#   unit: mas
#   datatype: float32
#   format: '{:7.4f}'
#   description: '? Standard error of parallax (parallax_error)'
#   meta: !!omap
#   - {ucd: ERROR}
#   - {width: 7}
#   - {precision: '4'}
#   - values: {'null': .nan}
# - name: pmRA
#   unit: mas / yr
#   datatype: float64
#   format: '{:9.3f}'
#   description: '? Proper motion in right ascension direction, pmRA*cosDE (pmra)'
#   meta: !!omap
#   - {ucd: POS_EQ_PMRA}
#   - {width: 9}
#   - {precision: '3'}
#   - values: {'null': .nan}
# - name: pmDE
#   unit: mas / yr
#   datatype: float64
#   format: '{:9.3f}'
#   description: '? Proper motion in declination direction (pmdec)'
#   meta: !!omap
#   - {ucd: POS_EQ_PMDEC}
#   - {width: 9}
#   - {precision: '3'}
#   - values: {'null': .nan}
# - name: e_pmRA
#   unit: mas / yr
#   datatype: float32
#   format: '{:6.3f}'
#   description: '? Standard error of proper motion in right ascension direction (pmra_error)'
#   meta: !!omap
#   - {ucd: ERROR}
#   - {width: 6}
#   - {precision: '3'}
#   - values: {'null': .nan}
# - name: e_pmDE
[...]
#         value: !astropy.table.SerializedColumn {name: SkyCoord.dec}
#       distance: !astropy.table.SerializedColumn
#         __class__: astropy.coordinates.distances.Distance
#         unit: !astropy.units.Unit {unit: pc}
#         value: !astropy.table.SerializedColumn {name: SkyCoord.distance}
#       frame: icrs
#       obstime: !astropy.time.Time {format: jyear_str, in_subfmt: '*', jd1: 367701545.0, jd2: 0.0, out_subfmt: '*', precision: 3, scale: tt}
#       pm_dec: !astropy.table.SerializedColumn
#         __class__: astropy.units.quantity.Quantity
#         unit: !astropy.units.Unit {unit: mas / yr}
#         value: !astropy.table.SerializedColumn {name: SkyCoord.pm_dec}
#       pm_ra_cosdec: !astropy.table.SerializedColumn
#         __class__: astropy.units.quantity.Quantity
#         unit: !astropy.units.Unit {unit: mas / yr}
#         value: !astropy.table.SerializedColumn {name: SkyCoord.pm_ra_cosdec}
#       ra: !astropy.table.SerializedColumn
#         __class__: astropy.coordinates.angles.Longitude
#         unit: *id001
#         value: !astropy.table.SerializedColumn {name: SkyCoord.ra}
#         wrap_angle: !astropy.coordinates.Angle
#           unit: *id001
#           value: 360.0
#       representation_type: spherical
# schema: astropy-2.0
RA_ICRS_1 DE_ICRS_1 e_RA_ICRS e_DE_ICRS _r_1 HIP TYC2 Source rgeo Plx e_Plx pmRA pmDE e_pmRA e_pmDE RUWE Teff logg Gmag BP-RP BPmag RPmag RV e_RV b_rgeo B_rgeo FG e_FG FBP e_FBP FRP e_FRP RAVE5 RAVE6 e_Gmag e_BPmag e_RPmag e_BP-RP SkyCoord.ra SkyCoord.dec SkyCoord.distance SkyCoord.pm_ra_cosdec SkyCoord.pm_dec rmRA rmDE e_rmRA e_rmDE rRV e_rRV v_pec v_pec3d e_vpec e_vpec3d
[from data line 1912]
202.14214075812 -60.9605182244 0.0286 0.0318 15.5768 "" "" 5868724814560692224 1815.55493 0.5356 0.0464 -0.94 -6.333 0.035 0.042 1.008 5709.1 4.5724 16.56237 1.294521 17.13169 15.837168 "" "" 1692.83215 1983.3429 4466.82195 1.675 1917.5 4.3029 3666.8 6.3697 "" "" 0.002785237846324687 0.0037042052 0.0042238557 0.00792806 202.14214075812 -60.9605182244 1815.55493 -0.9399999999999991 -6.332999999999998 2.572458324432373 -4.767833288192749 0.07828392 0.08528392 "" "" 46.6219174439449 "" 3.90489876481954 ""
201.91183669063 -61.06038085352 0.0278 0.032 14.3325 "" "" 5868722619885855744 2044.29028 0.4677 0.0444 -11.15 -3.071 0.035 0.042 0.979 5152.5 4.33 16.563856 1.311522 17.112686 15.801164 "" "" 1868.59436 2247.01709 4460.70938 2.2723 1951.4 6.4694 3790.5 7.5607 "" "" 0.0028102818706969277 0.004554277 0.0043558925 0.00891017 201.91183669063 -61.06038085352 2044.29028 -11.15 -3.071 -7.637541675567627 -1.5058332881927492 0.07828392 0.08528392 "" "" 75.43201355671172 "" 5.925718951337965 ""
201.62552047145 -61.10989429452 0.0279 0.0333 20.3936 "" "" 5868699495779996800 2177.86084 0.4406 0.0462 -10.556 -1.491 0.038 0.044 0.997 6640.6 4.3464 16.564024 1.370112 17.179022 15.808909 "" "" 1978.39819 2399.31421 4460.01991 1.7653 1835.7 5.764 3763.5 6.4442 "" "" 0.002788631579152116 0.00440538 0.004211883 0.008617263 201.62552047145 -61.10989429452 2177.86084 -10.556 -1.490999999999999 -7.043541675567626 0.07416671180725087 0.08128393 0.087283924 "" "" 72.71493683711508 "" 5.91060576847601 ""
201.70079486498 -61.37850677585 0.0395 0.0466 20.0431 "" "" 5868644176550282496 1585.74341 0.6163 0.0658 -5.815 0.533 0.05 0.06 1.602 5582.3 4.579 16.566303 1.64256 17.15525 15.512691 "" "" 1435.63184 1817.03162 4450.66876 3.4735 1876.4 21.402 4944.0 61.086 "" "" 0.002882672894278442 0.012694214 0.01393712 0.026631333 201.70079486498 -61.37850677585 1585.74341 -5.815000000000001 0.533 -2.3025416755676273 2.098166711807251 0.09328392 0.10328393 "" "" 23.414597105940153 "" 2.2933922401507263 ""
202.12075056639 -61.24888644521 0.0272 0.032 5.7031 "" "" 5868667227634960128 1897.82349 0.5045 0.0431 -4.151 -1.014 0.034 0.04 0.928 4983.0 4.2922 16.566385 1.476288 17.240345 15.764057 "" "" 1777.17456 2060.1875 4450.33347 1.5797 1734.9 5.5105 3922.2 6.3827 "" "" 0.002782142861208281 0.0044359644 0.004171987 0.008607952 202.12075056639 -61.24888644521 1897.82349 -4.151 -1.0140000000000013 -0.6385416755676268 0.551166711807251 0.07728393 0.08328392 "" "" 7.588008020751681 "" 0.6062876979084516 ""
202.14975821776 -60.99045693206 0.0347 0.0404 13.7977 "" "" 5868721790903661056 1736.32996 0.5526 0.0566 -3.846 -0.906 0.044 0.054 1.266 6019.3 4.4458 16.568636 1.289476 17.087662 15.798185 "" "" 1581.89221 1886.92896 4441.11505 2.2606 1996.9 7.3689 3800.9 7.0437 "" "" 0.002810199221092819 0.004882366 0.0042815967 0.009163963 202.14975821776 -60.99045693206 1736.32996 -3.846 -0.906 -0.33354167556762704 0.659166711807251 0.087283924 0.09728393 "" "" 6.080058983639208 "" 0.5796157385971354 ""
202.34034492319 -61.25603902518 0.0282 0.0331 3.0731 "" "" 5868667644299761408 1784.78198 0.5384 0.0457 -3.745 -5.653 0.037 0.045 1.002 5479.8 4.4415 16.568878 1.424921 17.213234 15.788313 "" "" 1671.79236 1942.55542 4440.12469 1.8572 1778.8 6.6369 3835.6 7.0696 "" "" 0.0027924954242969807 0.0049189087 0.004276499 0.009195408 202.34034492319 -61.25603902518 1784.78198 -3.745 -5.652999999999992 -0.23254167556762706 -4.087833288192749 0.080283925 0.088283926 "" "" 34.63843443647159 "" 3.0571635292315165 ""
202.1167923843 -60.98029066122 0.0278 0.0326 14.6956 "" "" 5868724715830107136 2024.69727 0.4673 0.0469 -10.887 -1.15 0.036 0.043 0.97 5565.1 4.5334 16.569136 1.364412 17.179163 15.814751 "" "" 1860.42798 2194.43188 4439.07216 2.2588 1835.5 12.416 3743.3 10.639 "" "" 0.002810162653777505 0.007856468 0.00487914 0.012735607 202.1167923843 -60.98029066122 2024.69727 -10.887 -1.15 -7.374541675567627 0.41516671180725107 0.07928392 0.08628392 "" "" 70.88602247463497 "" 5.621758595612874 ""
202.4346270904 -60.97797489062 0.0351 0.041 14.3859 "" "" 5868680082526291712 1789.25464 0.5545 0.0561 -6.78 0.913 0.043 0.054 1.221 5763.5 4.5728 16.56958 1.390539 17.148518 15.757978 "" "" 1626.32947 2082.44141 4437.25646 2.2692 1888.0 9.3273 3944.3 15.342 "" "" 0.002810708704695292 0.006046168 0.005667337 0.011713505 202.4346270904 -60.97797489062 1789.25464 -6.7799999999999985 0.9129999999999966 -3.267541675567627 2.4781667118072512 0.08628392 0.09728393 "" "" 34.78079147927207 "" 3.146126589475138 ""
202.28083085957 -61.11236066026 0.0282 0.0332 5.8062 "" "" 5868672420303673856 2143.29419 0.4443 0.0465 -8.587 -1.335 0.034 0.043 1.003 5370.3 3.491 16.570393 1.427752 17.215178 15.787426 "" "" 1921.92944 2415.62085 4433.93634 1.8867 1775.6 5.7343 3838.7 6.4727 "" "" 0.002793784026070457 0.004481047 0.004199443 0.00868049 202.28083085957 -61.11236066026 2143.29419 -8.587 -1.335 -5.074541675567627 0.230166711807251 0.07728393 0.08628392 "" "" 51.60635952342561 "" 3.9893510331063986 ""
202.52950201082 -61.28789658858 0.0288 0.0333 8.1584 "" "" 5868654999914761856 1851.55798 0.5291 0.0449 -3.5 -1.79 0.038 0.044 0.977 6025.2 4.4707 16.570475 1.215265 17.090902 15.875637 "" "" 1707.18494 2001.82104 4433.60718 1.8759 1990.9 6.8831 3539.2 9.9681 "" "" 0.0027933535296273985 0.0046771006 0.004861567 0.009538667 202.52950201082 -61.28789658858 1851.55798 -3.499999999999998 -1.7899999999999994 0.012458324432373047 -0.22483328819274906 0.08128393 0.087283924 "" "" 1.9762504511542924 "" 0.17245984250321256 ""
202.670596451 -61.42115092525 0.0308 0.0344 16.6305 "" "" 5868462619745227008 1678.10852 0.5806 0.0484 -8.181 -3.364 0.039 0.047 0.989 4872.3 4.3034 16.572 1.444378 17.235266 15.790888 "" "" 1558.17578 1835.93127 4427.37748 1.7761 1743.1 6.248 3826.5 7.5432 "" "" 0.002789533915766041 0.004788594 0.0043433495 0.009131944 202.670596451 -61.42115092525 1678.10852 -8.181 -3.364 -4.668541675567626 -1.798833288192749 0.08228393 0.09028392 "" "" 39.79588805283706 "" 3.317437701181945 ""
202.63446454237 -61.00229418902 0.0287 0.0351 15.734 "" "" 5868679223532787072 2098.75464 0.4674 0.0509 -2.856 -0.647 0.035 0.046 1.018 7134.9 4.3548 16.572287 1.171598 17.05328 15.881681 "" "" 1883.60352 2425.47974 4426.20996 1.8436 2061.1 5.5902 3519.5 8.3372 "" "" 0.002792185707561376 0.004056694 0.004571508 0.008628203 202.63446454237 -61.00229418902 2098.75464 -2.856 -0.647 0.6564583244323732 0.918166711807251 0.07828392 0.08928393 "" "" 11.228434494370878 "" 0.9625143036442559 ""
201.75779159193 -61.16939929512 0.0292 0.0332 15.8463 "" "" 5868695230823378688 1604.28125 0.6014 0.0478 5.803 -6.323 0.037 0.044 1.019 6602.1 4.4279 16.572292 1.379513 17.195494 15.815981 "" "" 1496.65857 1722.72034 4426.18687 1.7274 1808.1 6.9272 3739.1 6.8577 "" "" 0.0027877114380429435 0.0050087883 0.004271883 0.009280671 201.75779159193 -61.16939929512 1604.28125 5.802999999999999 -6.323 9.315458324432374 -4.757833288192749 0.080283925 0.087283924 "" "" 79.54204795641536 "" 6.505055037988523 ""
202.26771188075 -61.17913879335 0.0287 0.0328 2.0005 "" "" 5868668979981771136 2230.60767 0.4359 0.0462 -6.248 -1.486 0.036 0.042 1.044 7611.6 4.1795 16.572872 1.318485 17.156988 15.838503 "" "" 2002.73596 2487.08374 4423.8263 1.7497 1873.4 5.9341 3662.3 6.7139 "" "" 0.002788583392797201 0.004428619 0.004271476 0.008700095 202.26771188075 -61.17913879335 2230.60767 -6.247999999999997 -1.4860000000000007 -2.735541675567627 0.07916671180725099 0.07928392 0.08528392 "" "" 28.935211349224225 "" 2.2942478406397075 ""
202.29103317956 -60.94904359317 0.0312 0.0345 15.5814 "" "" 5868722173209545472 1592.00708 0.6132 0.0484 -8.874 -4.35 0.04 0.046 1.04 5070.6 4.4062 16.573647 1.290945 17.148914 15.857969 "" "" 1470.72913 1743.26636 4420.67166 1.6606 1887.3 5.8074 3597.2 7.4653 "" "" 0.002785342255391976 0.0043527856 0.0044000917 0.008752877 202.29103317956 -60.94904359317 1592.00708 -8.874000000000002 -4.349999999999994 -5.3615416755676275 -2.7848332881927487 0.08328392 0.08928393 "" "" 45.590908825732015 "" 3.856732331838952 ""
202.51352123243 -61.24606222473 0.0294 0.0338 6.569 "" "" 5868656133786161152 1927.23987 0.5171 0.0469 -5.233 -3.163 0.037 0.044 1.021 6861.4 4.2826 16.573952 1.288587 17.144663 15.856076 "" "" 1738.56689 2099.06104 4419.43144 1.8444 1894.8 5.8484 3603.5 4.6324 "" "" 0.002792330018531719 0.004360673 0.0040288744 0.0083895475 202.51352123243 -61.24606222473 1927.23987 -5.233 -3.162999999999999 -1.7205416755676266 -1.5978332881927488 0.080283925 0.087283924 "" "" 21.449703792303463 "" 1.7931593733150546 ""
201.89046225309 -61.40151805386 0.0318 0.0393 16.5181 "" "" 5868641599569770496 2114.27661 0.47 0.0526 -4.842 -0.977 0.042 0.055 1.17 "" "" 16.574587 1.539247 17.016655 15.477408 "" "" 1884.96179 2361.45288 4416.84104 3.3078 2131.8 39.479 5107.3 833.36 "" "" 0.0028727938981542383 0.020299515 0.17720027 0.19749978 201.89046225309 -61.40151805386 2114.27661 -4.842 -0.9769999999999999 -1.3295416755676266 0.588166711807251 0.08528392 0.098283924 "" "" 14.569804345431235 "" 1.275497166460711 ""
202.70572328899 -60.95048469222 0.0277 0.0344 19.463 "" "" 5868680907160069504 2235.06421 0.4287 0.0486 -15.831 5.871 0.035 0.044 0.971 5695.6 4.6666 16.574793 1.172131 17.077993 15.905863 "" "" 2000.44617 2496.21753 4416.00781 1.7036 2014.7 6.66 3442.0 6.9784 "" "" 0.002786974636934211 0.00454608 0.004373697 0.008919777 202.70572328899 -60.95048469222 2235.06421 -15.830999999999996 5.871000000000009 -12.318541675567626 7.436166711807251 0.07828392 0.087283924 "" "" 152.43990463560849 "" 12.314981737072006 ""
202.87434417464 -61.19738113078 0.0352 0.0433 16.6219 "" "" 5868660016394478720 2298.00952 0.4248 0.0629 -5.676 -1.441 0.045 0.055 1.248 6118.7 4.5113 16.574966 1.326616 16.933147 15.606531 "" "" 2029.87488 2691.99194 4415.29836 2.7627 2302.3 40.474 4534.7 82.366 "" "" 0.002837836361954766 0.019289892 0.020079644 0.03936954 202.87434417464 -61.19738113078 2298.00952 -5.676000000000006 -1.4410000000000003 -2.163541675567627 0.12416671180725092 0.088283926 0.098283924 "" "" 23.605296841873244 "" 2.0847869406395976 ""
201.78259167332 -61.12120735993 0.0292 0.0334 15.8583 "" "" 5868698877304694784 1739.76404 0.5611 0.047 -5.413 -0.593 0.037 0.044 0.983 5010.1 4.3518 16.575043 1.276933 17.133015 15.856082 "" "" 1606.94324 1948.99512 4414.98842 1.8198 1915.2 6.4962 3603.5 7.0299 "" "" 0.002791427778518782 0.004620339 0.00433245 0.008952789 201.78259167332 -61.12120735993 1739.76404 -5.413 -0.5930000000000006 -1.9005416755676272 0.972166711807251 0.080283925 0.087283924 "" "" 17.604194283973477 "" 1.4397574077822426 ""
202.10609298716 -61.37397532261 0.0291 0.0343 11.3789 "" "" 5868653591165371520 1985.73083 0.4851 0.0469 -11.226 -5.247 0.038 0.046 1.059 5338.0 4.4862 16.575127 1.316117 17.15659 15.840472 "" "" 1813.02441 2208.01489 4414.64687 1.8298 1874.1 6.6182 3655.7 5.8833 "" "" 0.0027918287083398296 0.004741931 0.004163759 0.00890569 202.10609298716 -61.37397532261 1985.73083 -11.226 -5.247 -7.713541675567628 -3.681833288192749 0.08128393 0.08928393 "" "" 80.44935526050634 "" 6.66336283748909 ""
202.19524944317 -61.13513629572 0.0292 0.0334 5.3494 "" "" 5868672248504934400 2201.65015 0.4306 0.0468 -7.198 -1.664 0.036 0.043 1.047 6917.0 4.318 16.576008 1.410735 17.21019 15.799455 "" "" 2010.12305 2426.38257 4411.06611 1.818 1783.8 5.7745 3796.4 9.2912 "" "" 0.002791420542519132 0.0044875834 0.0046200035 0.009107587 202.19524944317 -61.13513629572 2201.65015 -7.197999999999998 -1.664 -3.6855416755676274 -0.09883328819274895 0.07928392 0.08628392 "" "" 38.47548270090963 "" 3.0506892829503403 ""
202.82908863001 -61.34061264538 0.0301 0.0369 17.1951 "" "" 5868469143747935232 2319.06006 0.4144 0.0522 -6.948 -1.86 0.039 0.047 0.992 6379.6 4.4285 16.576162 1.364173 17.18741 15.823237 "" "" 2080.24146 2579.95801 4410.44055 1.874 1821.6 5.2374 3714.2 6.4815 "" "" 0.002793674095775722 0.004186869 0.004227708 0.008414578 202.82908863001 -61.34061264538 2319.06006 -6.9479999999999995 -1.8599999999999997 -3.4355416755676274 -0.2948332881927491 0.08228393 0.09028392 "" "" 37.90346826663594 "" 3.1211700848013857 ""
202.15648513482 -61.35120644248 0.0282 0.0328 9.4954 "" "" 5868653728604361472 2182.51514 0.4389 0.0444 -4.598 -0.386 0.037 0.046 0.974 7117.3 4.3383 16.576643 1.435475 17.204872 15.769397 "" "" 1975.18896 2399.57397 4408.48807 1.8802 1792.5 5.6028 3903.0 9.9361 "" "" 0.0027939605164875696 0.004393413 0.004682259 0.009075672 202.15648513482 -61.35120644248 2182.51514 -4.597999999999997 -0.3859999999999998 -1.0855416755676268 1.1791667118072509 0.080283925 0.08928393 "" "" 16.580732015406703 "" 1.4138948700638647 ""
201.66990368015 -61.24926856056 0.0284 0.034 18.3502 "" "" 5868692756920575488 2264.32202 0.4257 0.0467 -6.424 -2.696 0.035 0.044 0.996 6294.4 3.8965 16.580732 2.030304 17.618332 15.588028 "" "" 2041.78015 2484.92651 4391.91286 1.9078 1224.9 5.6422 4612.6 6.6659 "" "" 0.0027953937704455934 0.0057268497 0.0040921452 0.009818995 201.66990368015 -61.24926856056 2264.32202 -6.424 -2.696 -2.9115416755676273 -1.1308332881927492 0.07828392 0.087283924 "" "" 33.52349469694987 "" 2.6658438385517007 ""
202.34237419629 -61.04894383919 0.029 0.0344 9.6647 "" "" 5868673760333552768 1817.9491 0.5301 0.049 -2.273 -5.08 0.036 0.043 0.972 5540.5 4.5521 16.581085 1.349937 17.175415 15.825479 "" "" 1662.13794 2029.58936 4390.48417 1.9116 1841.8 6.5942 3706.5 6.7073 "" "" 0.00279557841915115 0.004784962 0.0042595756 0.009044537 202.34237419629 -61.04894383919 1817.9491 -2.2729999999999997 -5.08 1.239458324432373 -3.514833288192749 0.07928392 0.08628392 "" "" 32.115599248087385 "" 2.7471011472862 ""
202.55020382659 -61.11840216985 0.0272 0.0348 9.0497 "" "" 5868674584967767296 2002.66785 0.481 0.0479 -3.422 -1.335 0.034 0.044 0.999 6301.2 4.4597 16.581556 1.235013 17.115082 15.880069 "" "" 1828.99841 2227.32202 4388.57946 1.8308 1947.1 10.592 3524.8 10.804 "" "" 0.002792300948420868 0.0065321657 0.0050357576 0.011567923 202.55020382659 -61.11840216985 2002.66785 -3.4220000000000006 -1.335 0.0904583244323729 0.230166711807251 0.07728393 0.087283924 "" "" 2.347572209616234 "" 0.201922641248169 ""
202.88524706319 -61.16358552914 0.028 0.036 17.1473 "" "" 5868660256955364864 1714.6488 0.5626 0.0528 -10.204 -6.487 0.036 0.046 1.01 5537.6 4.618 16.583157 1.406963 17.198462 15.791498 "" "" 1549.57825 1853.81677 4382.12148 1.9902 1803.2 6.2275 3824.4 10.419 "" "" 0.0027990960736530767 0.0046738787 0.004799275 0.009473154 202.88524706319 -61.16358552914 1714.6488 -10.204 -6.487 -6.691541675567628 -4.921833288192749 0.07928392 0.08928393 "" "" 67.51212190995545 "" 5.598923514090427 ""
202.72453303073 -60.98920078385 0.0359 0.0461 18.0332 "" "" 5868677814783797504 2138.95728 0.4517 0.0654 -6.534 -1.964 0.045 0.06 1.446 5764.5 4.6038 16.583849 1.328368 17.077793 15.749425 "" "" 1890.64062 2384.99731 4379.32746 2.8788 2015.1 9.916 3975.5 16.643 "" "" 0.002846258392956168 0.0060274326 0.005911314 0.011938747 202.72453303073 -60.98920078385 2138.95728 -6.534000000000003 -1.9639999999999989 -3.0215416755676268 -0.398833288192749 0.088283926 0.10328393 "" "" 30.900096788188073 "" 2.736579961478414 ""
202.05444176312 -60.9501887898 0.0283 0.0323 17.0655 "" "" 5868725020719152384 1618.78235 0.5876 0.0468 -17.199 -3.357 0.036 0.043 0.997 6729.6 4.3343 16.586077 1.378101 17.206907 15.828806 "" "" 1507.82117 1754.0459 4370.35073 1.7445 1789.2 5.7674 3695.2 6.7214 "" "" 0.0027891963712380935 0.0044759107 0.004264267 0.008740177 202.05444176312 -60.9501887898 1618.78235 -17.19900000000001 -3.3570000000000033 -13.686541675567629 -1.7918332881927492 0.07928392 0.08628392 "" "" 105.91338964620421 "" 8.410263684682695 ""
