Clusters/Hogg_16/Hogg_16_stars_in_region.tsv
# %ECSV 1.0
# ---
# datatype:
# - name: RA_ICRS_1
#   unit: deg
#   datatype: float64
#   format: '{:15.11f}'
#   description: Right ascension (ICRS) at Ep=2016.0 (ra)
#   meta: !!omap
#   - {ucd: POS_EQ_RA_MAIN}
#   - {width: 15}
#   - {precision: '11'}
# - name: DE_ICRS_1
#   unit: deg
#   datatype: float64
#   format: '{:15.11f}'
#   description: Declination (ICRS) at Ep=2016.0 (dec)
#   meta: !!omap
#   - {ucd: POS_EQ_DEC_MAIN}
#   - {width: 15}
#   - {precision: '11'}
# - name: e_RA_ICRS
#   unit: mas
#   datatype: float64
#   format: '{:7.4f}'
#   description: Standard error of right ascension (ra_error)
#   meta: !!omap
#   - {ucd: ERROR}
#   - {width: 7}
#   - {precision: '4'}
# - name: e_DE_ICRS
#   unit: mas
#   datatype: float64
#   format: '{:7.4f}'
#   description: Standard error of declination (dec_error)
#   meta: !!omap
#   - {ucd: ERROR}
#   - {width: 7}
#   - {precision: '4'}
# - name: _r_1
#   unit: ''
#   datatype: float64
#   format: '{:7.4f}'
#   description: Distance from center (202.29971741000-61.20870024000)[ICRS], at Epoch=J2016.0
#   meta: !!omap
#   - {ucd: POS_ANG_DIST_GENERAL}
#   - {width: 7}
#   - {precision: '4'}
# - name: HIP
#   datatype: int32
#   description: '? HIP cross-id number, van Leeuwen, Cat. I/311 (hip_original_ext_source_id)'
#   meta: !!omap
#   - {ucd: ID_NUMBER}
#   - {width: 6}
#   - values: {'null': -2147483648}
# - name: TYC2
#   datatype: string
#   description: Tycho-2 cross-id name, Hog et al., Cat. I/259 (tyc2_original_ext_source_id)
#   meta: !!omap
#   - {ucd: ID_CROSSID}
#   - {_votable_string_dtype: char}
# - name: Source
#   datatype: int64
#   description: Source identifier, identical to the Gaia-EDR3 source_id (id)
#   meta: !!omap
#   - {ucd: ID_MAIN}
#   - {width: 19}
# - name: rgeo
#   unit: pc
#   datatype: float64
#   format: '{:15.8f}'
#   description: '? Median of the geometric distance posterior (r_med_geo)'
#   meta: !!omap
#   - {ucd: PHYS_DISTANCE_TRUE}
#   - {width: 15}
#   - {precision: '8'}
#   - values: {'null': .nan}
# - name: Plx
#   unit: mas
#   datatype: float64
#   format: '{:9.4f}'
#   description: '? Parallax (parallax)'
#   meta: !!omap
#   - {ucd: POS_PARLX_TRIG}
#   - {width: 9}
#   - {precision: '4'}
#   - values: {'null': .nan}
# - name: e_Plx
#   unit: mas
#   datatype: float32
#   format: '{:7.4f}'
#   description: '? Standard error of parallax (parallax_error)'
#   meta: !!omap
#   - {ucd: ERROR}
#   - {width: 7}
#   - {precision: '4'}
#   - values: {'null': .nan}
# - name: pmRA
#   unit: mas / yr
#   datatype: float64
#   format: '{:9.3f}'
#   description: '? Proper motion in right ascension direction, pmRA*cosDE (pmra)'
#   meta: !!omap
#   - {ucd: POS_EQ_PMRA}
#   - {width: 9}
#   - {precision: '3'}
#   - values: {'null': .nan}
# - name: pmDE
#   unit: mas / yr
#   datatype: float64
#   format: '{:9.3f}'
#   description: '? Proper motion in declination direction (pmdec)'
#   meta: !!omap
#   - {ucd: POS_EQ_PMDEC}
#   - {width: 9}
#   - {precision: '3'}
#   - values: {'null': .nan}
# - name: e_pmRA
#   unit: mas / yr
#   datatype: float32
#   format: '{:6.3f}'
#   description: '? Standard error of proper motion in right ascension direction (pmra_error)'
#   meta: !!omap
#   - {ucd: ERROR}
#   - {width: 6}
#   - {precision: '3'}
#   - values: {'null': .nan}
# - name: e_pmDE
[...]
#         value: !astropy.table.SerializedColumn {name: SkyCoord.dec}
#       distance: !astropy.table.SerializedColumn
#         __class__: astropy.coordinates.distances.Distance
#         unit: !astropy.units.Unit {unit: pc}
#         value: !astropy.table.SerializedColumn {name: SkyCoord.distance}
#       frame: icrs
#       obstime: !astropy.time.Time {format: jyear_str, in_subfmt: '*', jd1: 367701545.0, jd2: 0.0, out_subfmt: '*', precision: 3, scale: tt}
#       pm_dec: !astropy.table.SerializedColumn
#         __class__: astropy.units.quantity.Quantity
#         unit: !astropy.units.Unit {unit: mas / yr}
#         value: !astropy.table.SerializedColumn {name: SkyCoord.pm_dec}
#       pm_ra_cosdec: !astropy.table.SerializedColumn
#         __class__: astropy.units.quantity.Quantity
#         unit: !astropy.units.Unit {unit: mas / yr}
#         value: !astropy.table.SerializedColumn {name: SkyCoord.pm_ra_cosdec}
#       ra: !astropy.table.SerializedColumn
#         __class__: astropy.coordinates.angles.Longitude
#         unit: *id001
#         value: !astropy.table.SerializedColumn {name: SkyCoord.ra}
#         wrap_angle: !astropy.coordinates.Angle
#           unit: *id001
#           value: 360.0
#       representation_type: spherical
# schema: astropy-2.0
RA_ICRS_1 DE_ICRS_1 e_RA_ICRS e_DE_ICRS _r_1 HIP TYC2 Source rgeo Plx e_Plx pmRA pmDE e_pmRA e_pmDE RUWE Teff logg Gmag BP-RP BPmag RPmag RV e_RV b_rgeo B_rgeo FG e_FG FBP e_FBP FRP e_FRP RAVE5 RAVE6 e_Gmag e_BPmag e_RPmag e_BP-RP SkyCoord.ra SkyCoord.dec SkyCoord.distance SkyCoord.pm_ra_cosdec SkyCoord.pm_dec rmRA rmDE e_rmRA e_rmDE rRV e_rRV v_pec v_pec3d e_vpec e_vpec3d
[from data line 1470]
202.54395950171 -61.18539876978 0.0229 0.0291 7.1976 "" "" 5868662387258905600 2079.88623 0.461 0.0387 -7.811 -2.322 0.029 0.038 1.036 6682.8 4.2613 16.219337 1.262076 16.775957 15.513881 "" "" 1947.89429 2253.54761 6126.48652 2.0772 2660.9 6.3106 4938.6 5.3341 "" "" 0.002779802653522931 0.0037967542 0.003957135 0.007753889 202.54395950171 -61.18539876978 2079.88623 -7.8109999999999955 -2.321999999999999 -4.298541675567627 -0.7568332881927491 0.07228392 0.08128393 "" "" 43.02970242175235 "" 3.122700357995613 ""
202.88361810374 -61.20720510604 0.0239 0.0305 16.8737 "" "" 5868659947717643008 2323.83813 0.4131 0.0436 -7.529 -1.964 0.032 0.042 1.023 5812.1 3.9471 16.21989 1.269676 16.704662 15.434986 "" "" 2147.87354 2669.48535 6123.3734 2.6599 2841.5 26.441 5310.8 27.821 "" "" 0.0027953929281403157 0.010481299 0.0068288883 0.017310187 202.88361810374 -61.20720510604 2323.83813 -7.529 -1.9639999999999984 -4.016541675567627 -0.398833288192749 0.07528393 0.08528392 "" "" 44.45975696280122 "" 3.351731264792191 ""
202.02671017552 -61.46803212085 0.0257 0.0275 17.4309 "" "" 5868628852151946112 1991.85706 0.4734 0.0398 -7.729 -4.376 0.032 0.036 1.064 5327.5 3.7432 16.220154 1.754898 17.05295 15.298052 "" "" 1860.19629 2129.5813 6121.88432 2.3757 2061.8 6.6556 6024.7 7.0858 "" "" 0.002787349141313132 0.004479818 0.00398928 0.008469098 202.02671017552 -61.46803212085 1991.85706 -7.729000000000004 -4.376000000000001 -4.216541675567627 -2.8108332881927494 0.07528393 0.07928392 "" "" 47.84472733228097 "" 3.661884554311445 ""
202.02433682742 -61.40941590338 0.0247 0.0287 14.4206 "" "" 5868630054693795584 1685.90454 0.5637 0.0385 -5.39 -0.073 0.033 0.038 1.0 7524.7 4.193 16.221804 1.278671 16.741999 15.463327 "" "" 1577.04883 1799.36389 6112.59103 2.1939 2745.5 15.03 5174.0 21.938 "" "" 0.002782740606360348 0.0065660817 0.0059562237 0.012522305 202.02433682742 -61.40941590338 1685.90454 -5.39 -0.07299999999999905 -1.8775416755676266 1.492166711807251 0.076283924 0.08128393 "" "" 19.16506735391833 "" 1.4998081761256865 ""
201.9379810224 -61.2220274808 0.024 0.0279 10.4815 "" "" 5868647406411982976 1847.26501 0.5313 0.0378 -7.143 -2.087 0.03 0.036 1.038 7233.3 4.346 16.222492 1.319808 16.804577 15.484769 "" "" 1729.74023 1990.11194 6108.71847 2.0694 2591.7 5.9264 5072.8 5.8131 "" "" 0.0027797608840812527 0.0037348394 0.0039789095 0.007713749 201.9379810224 -61.2220274808 1847.26501 -7.143000000000001 -2.0869999999999997 -3.6305416755676267 -0.5218332881927492 0.073283926 0.07928392 "" "" 32.115850120067414 "" 2.357632156444852 ""
202.20987031688 -61.01179804204 0.025 0.0309 12.0978 "" "" 5868720798792938112 2043.73438 0.4735 0.0407 -7.231 -3.195 0.032 0.04 1.071 7114.0 4.3409 16.22481 1.24255 16.73916 15.496611 "" "" 1885.38684 2206.95703 6095.69377 2.7301 2752.7 7.9657 5017.8 8.4491 "" "" 0.0027979010562456524 0.0042019575 0.0041983337 0.008400291 202.20987031688 -61.01179804204 2043.73438 -7.230999999999999 -3.1949999999999994 -3.718541675567627 -1.6298332881927489 0.07528393 0.08328392 "" "" 39.33081023320668 "" 3.0139037540770577 ""
202.24130935102 -61.54613258664 0.0255 0.031 20.3154 "" "" 5868647750009682560 1705.89026 0.5617 0.0422 -6.888 -3.033 0.032 0.041 0.996 5866.8 4.4717 16.224907 1.148961 16.719465 15.570504 "" "" 1589.96667 1849.1626 6095.14127 2.1125 2803.1 6.7452 4687.7 8.4312 "" "" 0.002780897885357611 0.0038224293 0.004254067 0.008076496 202.24130935102 -61.54613258664 1705.89026 -6.888000000000004 -3.0330000000000035 -3.375541675567627 -1.467833288192749 0.07528393 0.084283926 "" "" 29.763233142965053 "" 2.285390062945442 ""
202.42221157077 -60.96728285233 0.024 0.0298 14.9145 "" "" 5868727017933342208 1899.21362 0.4917 0.0397 -6.839 -4.004 0.03 0.039 1.038 5315.5 4.287 16.225042 1.289389 16.791988 15.5026 "" "" 1778.74658 2064.69189 6094.38549 2.0024 2621.9 5.235 4990.2 6.693 "" "" 0.0027783176488690945 0.0035333452 0.0040502227 0.007583568 202.42221157077 -60.96728285233 1899.21362 -6.839 -4.004 -3.3265416755676274 -2.4388332881927486 0.073283926 0.08228393 "" "" 37.13236901039059 "" 2.8425073200134143 ""
202.74647585814 -61.12796397825 0.0219 0.03 13.8045 "" "" 5868664277044930816 1776.57324 0.533 0.0393 -8.029 -4.113 0.029 0.041 0.961 4970.7 4.1934 16.225107 1.451734 16.888847 15.437114 "" "" 1659.31873 1934.48315 6094.02223 2.0981 2398.2 6.0196 5300.5 7.7952 "" "" 0.0027805611731614704 0.0039002618 0.004102842 0.008003104 202.74647585814 -61.12796397825 1776.57324 -8.029 -4.1129999999999995 -4.516541675567627 -2.5478332881927495 0.07228392 0.084283926 "" "" 43.66784194838652 "" 3.290630736929312 ""
202.37780476699 -61.0688211738 0.025 0.0304 8.6921 "" "" 5868672970059551616 1922.82202 0.5152 0.0419 -8.269 -1.491 0.031 0.039 1.121 7110.6 4.3462 16.226006 1.220757 16.751297 15.53054 "" "" 1755.42419 2118.20288 6088.98095 2.1924 2722.1 6.8737 4863.4 7.3972 "" "" 0.0027829150207053263 0.0039117327 0.00412442 0.008036153 202.37780476699 -61.0688211738 1922.82202 -8.269000000000002 -1.4910000000000019 -4.756541675567627 0.07416671180725087 0.07428393 0.08228393 "" "" 43.357229488140895 "" 3.2208341487965586 ""
202.72040549875 -61.0867418913 0.0237 0.0316 14.2093 "" "" 5868676302954900864 2179.37622 0.4504 0.0421 4.686 -1.541 0.029 0.042 0.998 4950.8 4.1987 16.226675 1.565303 16.944937 15.379634 "" "" 1980.77319 2428.40186 6085.22272 2.0883 2277.4 8.3559 5588.6 8.8749 "" "" 0.002780399035295072 0.0048635686 0.0041541005 0.009017669 202.72040549875 -61.0867418913 2179.37622 4.686000000000004 -1.5410000000000015 8.198458324432373 0.02416671180725105 0.07228392 0.08528392 "" "" 84.6924369799762 "" 6.121912073138974 ""
202.56556527852 -61.05234120982 0.023 0.0293 12.1377 "" "" 5868676028076837888 1624.36157 0.5932 0.0418 -5.446 -1.475 0.029 0.037 1.038 5554.3 4.5118 16.227774 1.309044 16.80281 15.493767 "" "" 1529.50024 1725.40503 6079.06983 2.0898 2595.9 4.603 5031.0 8.4984 "" "" 0.002780485543483549 0.0033899068 0.0042008813 0.0075907884 202.56556527852 -61.05234120982 1624.36157 -5.446 -1.4749999999999999 -1.9335416755676267 0.09016671180725089 0.07228392 0.080283925 "" "" 14.903431897005342 "" 1.0775515279584853 ""
202.84825727787 -61.31210793613 0.0364 0.0439 16.998 "" "" 5868469491693433856 2229.8479 0.4368 0.0649 -12.886 -1.584 0.047 0.059 1.481 5036.6 4.1659 16.229181 1.366293 16.814203 15.44791 "" "" 1938.92395 2545.54224 6071.20094 4.0984 2568.8 5.8673 5248.0 7.6273 "" "" 0.002851136559305685 0.0037329479 0.0040955762 0.007828524 202.84825727787 -61.31210793613 2229.8479 -12.886000000000005 -1.5839999999999967 -9.373541675567626 -0.018833288192749098 0.09028392 0.102283925 "" "" 99.07365229989286 "" 8.94476309912011 ""
202.55922131606 -61.07994039215 0.0243 0.0306 10.7772 "" "" 5868675443961257600 2314.94702 0.4174 0.0441 -3.495 -2.406 0.031 0.039 1.041 4908.8 4.1595 16.229671 1.668703 17.026081 15.357378 "" "" 2051.10474 2583.73755 6068.45966 2.2333 2113.4 5.3829 5704.4 8.5261 "" "" 0.0027841418044088394 0.003928425 0.004113053 0.008041478 202.55922131606 -61.07994039215 2314.94702 -3.495000000000001 -2.4059999999999975 0.01745832443237294 -0.8408332881927492 0.07428393 0.08228393 "" "" 9.228325156239983 "" 0.7593125843016975 ""
201.74097504933 -61.11585713089 0.0256 0.0298 17.1025 "" "" 5868698911664438656 1855.55188 0.5153 0.0414 -0.597 0.624 0.034 0.041 1.013 5685.2 4.4448 16.23055 1.213062 16.758854 15.545792 "" "" 1729.82007 2001.77991 6063.54461 2.0371 2703.2 6.8543 4795.6 7.0602 "" "" 0.0027793598216958285 0.0039197146 0.004103506 0.008023221 201.74097504933 -61.11585713089 1855.55188 -0.597 0.6239999999999999 2.915458324432373 2.189166711807251 0.07728393 0.084283926 "" "" 32.06655438960534 "" 2.5614271671610944 ""
202.92001534876 -61.16842109934 0.0269 0.0377 18.0984 "" "" 5868660424407849472 1848.97742 0.5034 0.0497 -4.96 -1.697 0.037 0.053 1.449 6022.1 4.3858 16.23201 1.348386 16.763573 15.415187 "" "" 1688.33594 2033.69739 6055.39687 3.2228 2691.5 6.7734 5408.6 13.556 "" "" 0.002815261960901364 0.0039052265 0.0046571465 0.008562373 202.92001534876 -61.16842109934 1848.97742 -4.96 -1.6970000000000005 -1.447541675567627 -0.1318332881927491 0.080283925 0.09628393 "" "" 12.738981750308179 "" 1.0245775728724644 ""
201.89662686435 -61.11300666944 0.0251 0.0286 13.0023 "" "" 5868719252631423360 1850.25012 0.5167 0.039 -4.622 -2.185 0.033 0.037 0.987 5687.4 4.4884 16.232239 1.276323 16.788565 15.512241 "" "" 1729.17249 1989.59985 6054.11852 2.1508 2630.2 6.0246 4946.1 6.9891 "" "" 0.0027821880189122543 0.0037376296 0.0040789098 0.007816539 201.89662686435 -61.11300666944 1850.25012 -4.622 -2.184999999999999 -1.1095416755676268 -0.6198332881927491 0.076283924 0.080283925 "" "" 11.146336695539562 "" 0.8611001934411391 ""
202.04058759305 -61.19739083273 0.0242 0.0281 7.5202 "" "" 5868670977194481792 1639.38208 0.5835 0.0387 -15.768 -3.108 0.031 0.036 1.026 7166.5 4.3507 16.232885 1.460198 16.899555 15.439357 "" "" 1542.87354 1760.32996 6050.51934 2.1325 2374.6 6.8195 5289.5 7.3997 "" "" 0.002781766200783729 0.0041841883 0.004073172 0.00825736 202.04058759305 -61.19739083273 1639.38208 -15.767999999999995 -3.107999999999995 -12.255541675567628 -1.5428332881927491 0.07428393 0.07928392 "" "" 95.98544655769803 "" 7.137910950442612 ""
202.33298482749 -61.53229096837 0.0301 0.0334 19.439 "" "" 5868460519451041024 1640.06384 0.5904 0.0456 -7.596 -2.549 0.039 0.046 1.232 7570.8 4.0888 16.233671 1.39474 16.800531 15.405791 "" "" 1538.91333 1771.99097 6046.14598 3.0154 2601.4 7.8632 5455.6 13.279 "" "" 0.002808024396920276 0.004307607 0.0046116775 0.008919285 202.33298482749 -61.53229096837 1640.06384 -7.596000000000002 -2.549000000000001 -4.083541675567627 -0.983833288192749 0.08228393 0.08928393 "" "" 32.653389807970854 "" 2.6998907557625125 ""
201.75186211846 -61.02904849661 0.0335 0.0789 19.1899 "" "" 5868700423460734592 1771.50195 0.5471 0.0581 -10.823 -0.94 0.044 0.092 1.113 "" "" 16.233713 "" "" "" "" "" 1624.53296 1974.62915 6045.91155 6.0896 "" "" "" "" "" "" 0.0029644073024918676 "" "" "" 201.75186211846 -61.02904849661 1771.50195 -10.823000000000008 -0.9400000000000002 -7.310541675567627 0.625166711807251 0.087283924 0.13528392 "" "" 61.610075668624354 "" 5.4048726623997965 ""
202.75041006855 -61.06160666627 0.0228 0.0301 15.7576 "" "" 5868676401682592384 1683.14319 0.5676 0.0401 -4.866 -1.874 0.029 0.04 1.031 6661.6 4.3241 16.235325 1.342604 16.820147 15.477543 "" "" 1597.20471 1800.40881 6036.9401 2.8324 2554.8 5.3883 5106.7 9.7457 "" "" 0.0028020138221450637 0.0036095364 0.0043101106 0.007919647 202.75041006855 -61.06160666627 1683.14319 -4.865999999999997 -1.8739999999999988 -1.3535416755676266 -0.30883328819274913 0.07228392 0.08328392 "" "" 11.07621333473078 "" 0.807093869370627 ""
202.3721988463 -61.48832647471 0.0263 0.0285 16.9067 "" "" 5868648402844746240 2058.27124 0.4647 0.04 -3.327 -1.924 0.031 0.038 1.032 7764.8 4.3979 16.235516 1.355296 16.832645 15.477349 "" "" 1905.41406 2213.57446 6035.88248 2.475 2525.6 6.8566 5107.6 8.1674 "" "" 0.0027910563776450343 0.004058743 0.0041590864 0.008217829 202.3721988463 -61.48832647471 2058.27124 -3.327 -1.9239999999999984 0.1854583244323731 -0.35883328819274896 0.07428393 0.08128393 "" "" 3.940783991353236 "" 0.31470833004029225 ""
202.14458485482 -61.04543997418 0.0231 0.0284 10.7775 "" "" 5868720661380806912 1719.18408 0.5503 0.0385 -4.089 -2.761 0.03 0.039 0.994 5822.9 4.4663 16.240473 1.180548 16.743683 15.563135 "" "" 1601.43933 1860.57861 6008.37984 2.1075 2741.2 7.5243 4719.6 10.382 "" "" 0.0027815145388036485 0.0040825014 0.004470794 0.008553295 202.14458485482 -61.04543997418 1719.18408 -4.089000000000001 -2.7610000000000015 -0.5765416755676274 -1.1958332881927491 0.073283926 0.08228393 "" "" 10.81820302988775 "" 0.8726325863602998 ""
202.2628026436 -61.37721070682 0.0258 0.0288 10.1664 "" "" 5868652972690077440 2283.7959 0.4219 0.0404 -8.922 -3.287 0.035 0.04 1.039 7287.5 4.2384 16.24104 1.322382 16.826496 15.504114 "" "" 2101.85986 2549.39087 6005.25202 2.0866 2539.9 5.6494 4983.2 5.8095 "" "" 0.00278102660227975 0.003690133 0.003985712 0.007675845 202.2628026436 -61.37721070682 2283.7959 -8.921999999999995 -3.2869999999999937 -5.4095416755676275 -1.721833288192749 0.07828392 0.08328392 "" "" 61.45416246959817 "" 4.839954111932995 ""
201.8257553937 -61.21597155024 0.0236 0.0273 13.7015 "" "" 5868694513617779456 1595.72095 0.6074 0.0383 -5.29 -0.87 0.03 0.036 0.993 7802.0 4.0669 16.242664 1.447911 16.895208 15.447297 "" "" 1489.92395 1730.85242 5996.26548 2.1296 2384.2 6.2883 5251.0 6.62 "" "" 0.0027821717842082495 0.0039981683 0.00401962 0.008017788 201.8257553937 -61.21597155024 1595.72095 -5.29 -0.8699999999999999 -1.777541675567627 0.695166711807251 0.073283926 0.07928392 "" "" 14.436422341354938 "" 1.0698517540735195 ""
202.15764727454 -61.54287127499 0.0257 0.0291 20.4619 "" "" 5868624522824775296 2155.22437 0.445 0.0421 -11.834 -4.284 0.035 0.039 1.007 6061.6 4.3662 16.242739 1.189363 16.747772 15.55841 "" "" 1991.5155 2415.52905 5995.8619 2.1946 2730.9 6.1257 4740.2 6.9995 "" "" 0.0027838312309484154 0.0037035563 0.0041053696 0.0078089256 202.15764727454 -61.54287127499 2155.22437 -11.833999999999989 -4.284 -8.321541675567627 -2.718833288192749 0.07828392 0.08228393 "" "" 89.43322490126438 "" 7.0364799873001935 ""
202.06643050939 -61.03996679044 0.0226 0.0263 12.1731 "" "" 5868719974186049536 1626.62292 0.5947 0.0366 -5.013 -3.156 0.029 0.034 0.991 5044.8 4.2986 16.245195 1.362707 16.844654 15.481947 "" "" 1535.36951 1708.64844 5982.30715 2.1654 2497.8 7.7432 5086.0 7.1295 "" "" 0.0027832066453816412 0.00437191 0.004074326 0.008446235 202.06643050939 -61.03996679044 1626.62292 -5.013 -3.156 -1.5005416755676269 -1.5908332881927492 0.07228392 0.07728393 "" "" 16.861145745045754 "" 1.2641035445102735 ""
202.4977921474 -61.11030265014 0.0237 0.0289 8.2292 "" "" 5868675306522277760 1866.47339 0.5077 0.0407 -2.623 -2.475 0.03 0.038 0.994 5969.3 4.4097 16.246038 1.268873 16.789722 15.520849 "" "" 1735.32886 1996.44226 5977.66672 2.2806 2627.4 6.4892 4907.0 6.8826 "" "" 0.002786283555761183 0.0038698672 0.0040746583 0.007944525 202.4977921474 -61.11030265014 1866.47339 -2.623 -2.475 0.8894583244323728 -0.9098332881927491 0.073283926 0.08128393 "" "" 11.256789503081329 "" 0.8721510277631229 ""
202.8989920631 -61.03516441889 0.0258 0.0419 20.2473 "" "" 5868665170398089472 1899.58008 0.521 0.0519 -7.254 -2.108 0.035 0.06 1.087 "" "" 16.246155 "" "" "" "" "" 1742.99756 2101.37964 5977.01963 11.035 "" "" "" "" "" "" 0.0034073330529279864 "" "" "" 202.8989920631 -61.03516441889 1899.58008 -7.254000000000006 -2.1079999999999997 -3.7415416755676265 -0.5428332881927491 0.07828392 0.10328393 "" "" 34.0415895245282 "" 2.685177669417493 ""
201.81392493398 -61.23907395906 0.0248 0.027 14.1491 "" "" 5868647131534072576 1945.70801 0.4839 0.0387 -2.903 -2.007 0.031 0.035 0.984 8197.6 4.4161 16.247013 1.568996 16.975857 15.40686 "" "" 1808.9939 2106.53955 5972.29345 2.0202 2213.5 6.6884 5450.2 7.6699 "" "" 0.002779689143707673 0.004306746 0.004076552 0.008383298 201.81392493398 -61.23907395906 1945.70801 -2.9030000000000036 -2.007000000000001 0.609458324432373 -0.44183328819274914 0.07428393 0.07828392 "" "" 6.942498491234901 "" 0.5254487189738258 ""
202.08440747663 -61.52047892517 0.0292 0.0321 19.7045 "" "" 5868625480551607424 2096.61206 0.4655 0.0462 -2.861 -1.898 0.037 0.04 1.186 "" "" 16.24707 1.287495 16.764214 15.476719 "" "" 1903.45886 2310.48047 5971.98243 2.6911 2689.9 10.256 5110.6 32.933 "" "" 0.0027984210224028198 0.004992189 0.007952067 0.012944256 202.08440747663 -61.52047892517 2096.61206 -2.8610000000000015 -1.8980000000000004 0.6514583244323728 -0.33283328819274893 0.080283925 0.08328392 "" "" 7.270172475362779 "" 0.5882589897760948 ""
