Clusters/Hogg_16/Hogg_16_stars_in_region.tsv
# %ECSV 1.0
# ---
# datatype:
# - name: RA_ICRS_1
#   unit: deg
#   datatype: float64
#   format: '{:15.11f}'
#   description: Right ascension (ICRS) at Ep=2016.0 (ra)
#   meta: !!omap
#   - {ucd: POS_EQ_RA_MAIN}
#   - {width: 15}
#   - {precision: '11'}
# - name: DE_ICRS_1
#   unit: deg
#   datatype: float64
#   format: '{:15.11f}'
#   description: Declination (ICRS) at Ep=2016.0 (dec)
#   meta: !!omap
#   - {ucd: POS_EQ_DEC_MAIN}
#   - {width: 15}
#   - {precision: '11'}
# - name: e_RA_ICRS
#   unit: mas
#   datatype: float64
#   format: '{:7.4f}'
#   description: Standard error of right ascension (ra_error)
#   meta: !!omap
#   - {ucd: ERROR}
#   - {width: 7}
#   - {precision: '4'}
# - name: e_DE_ICRS
#   unit: mas
#   datatype: float64
#   format: '{:7.4f}'
#   description: Standard error of declination (dec_error)
#   meta: !!omap
#   - {ucd: ERROR}
#   - {width: 7}
#   - {precision: '4'}
# - name: _r_1
#   unit: ''
#   datatype: float64
#   format: '{:7.4f}'
#   description: Distance from center (202.29971741000-61.20870024000)[ICRS], at Epoch=J2016.0
#   meta: !!omap
#   - {ucd: POS_ANG_DIST_GENERAL}
#   - {width: 7}
#   - {precision: '4'}
# - name: HIP
#   datatype: int32
#   description: '? HIP cross-id number, van Leeuwen, Cat. I/311 (hip_original_ext_source_id)'
#   meta: !!omap
#   - {ucd: ID_NUMBER}
#   - {width: 6}
#   - values: {'null': -2147483648}
# - name: TYC2
#   datatype: string
#   description: Tycho-2 cross-id name, Hog et al., Cat. I/259 (tyc2_original_ext_source_id)
#   meta: !!omap
#   - {ucd: ID_CROSSID}
#   - {_votable_string_dtype: char}
# - name: Source
#   datatype: int64
#   description: Source identifier, identical to the Gaia-EDR3 source_id (id)
#   meta: !!omap
#   - {ucd: ID_MAIN}
#   - {width: 19}
# - name: rgeo
#   unit: pc
#   datatype: float64
#   format: '{:15.8f}'
#   description: '? Median of the geometric distance posterior (r_med_geo)'
#   meta: !!omap
#   - {ucd: PHYS_DISTANCE_TRUE}
#   - {width: 15}
#   - {precision: '8'}
#   - values: {'null': .nan}
# - name: Plx
#   unit: mas
#   datatype: float64
#   format: '{:9.4f}'
#   description: '? Parallax (parallax)'
#   meta: !!omap
#   - {ucd: POS_PARLX_TRIG}
#   - {width: 9}
#   - {precision: '4'}
#   - values: {'null': .nan}
# - name: e_Plx
#   unit: mas
#   datatype: float32
#   format: '{:7.4f}'
#   description: '? Standard error of parallax (parallax_error)'
#   meta: !!omap
#   - {ucd: ERROR}
#   - {width: 7}
#   - {precision: '4'}
#   - values: {'null': .nan}
# - name: pmRA
#   unit: mas / yr
#   datatype: float64
#   format: '{:9.3f}'
#   description: '? Proper motion in right ascension direction, pmRA*cosDE (pmra)'
#   meta: !!omap
#   - {ucd: POS_EQ_PMRA}
#   - {width: 9}
#   - {precision: '3'}
#   - values: {'null': .nan}
# - name: pmDE
#   unit: mas / yr
#   datatype: float64
#   format: '{:9.3f}'
#   description: '? Proper motion in declination direction (pmdec)'
#   meta: !!omap
#   - {ucd: POS_EQ_PMDEC}
#   - {width: 9}
#   - {precision: '3'}
#   - values: {'null': .nan}
# - name: e_pmRA
#   unit: mas / yr
#   datatype: float32
#   format: '{:6.3f}'
#   description: '? Standard error of proper motion in right ascension direction (pmra_error)'
#   meta: !!omap
#   - {ucd: ERROR}
#   - {width: 6}
#   - {precision: '3'}
#   - values: {'null': .nan}
# - name: e_pmDE
[...]
#         value: !astropy.table.SerializedColumn {name: SkyCoord.dec}
#       distance: !astropy.table.SerializedColumn
#         __class__: astropy.coordinates.distances.Distance
#         unit: !astropy.units.Unit {unit: pc}
#         value: !astropy.table.SerializedColumn {name: SkyCoord.distance}
#       frame: icrs
#       obstime: !astropy.time.Time {format: jyear_str, in_subfmt: '*', jd1: 367701545.0, jd2: 0.0, out_subfmt: '*', precision: 3, scale: tt}
#       pm_dec: !astropy.table.SerializedColumn
#         __class__: astropy.units.quantity.Quantity
#         unit: !astropy.units.Unit {unit: mas / yr}
#         value: !astropy.table.SerializedColumn {name: SkyCoord.pm_dec}
#       pm_ra_cosdec: !astropy.table.SerializedColumn
#         __class__: astropy.units.quantity.Quantity
#         unit: !astropy.units.Unit {unit: mas / yr}
#         value: !astropy.table.SerializedColumn {name: SkyCoord.pm_ra_cosdec}
#       ra: !astropy.table.SerializedColumn
#         __class__: astropy.coordinates.angles.Longitude
#         unit: *id001
#         value: !astropy.table.SerializedColumn {name: SkyCoord.ra}
#         wrap_angle: !astropy.coordinates.Angle
#           unit: *id001
#           value: 360.0
#       representation_type: spherical
# schema: astropy-2.0
RA_ICRS_1 DE_ICRS_1 e_RA_ICRS e_DE_ICRS _r_1 HIP TYC2 Source rgeo Plx e_Plx pmRA pmDE e_pmRA e_pmDE RUWE Teff logg Gmag BP-RP BPmag RPmag RV e_RV b_rgeo B_rgeo FG e_FG FBP e_FBP FRP e_FRP RAVE5 RAVE6 e_Gmag e_BPmag e_RPmag e_BP-RP SkyCoord.ra SkyCoord.dec SkyCoord.distance SkyCoord.pm_ra_cosdec SkyCoord.pm_dec rmRA rmDE e_rmRA e_rmDE rRV e_rRV v_pec v_pec3d e_vpec e_vpec3d
[from data line 2417]
202.89088852672 -61.37191319695 0.0356 0.0438 19.6525 "" "" 5868468147315443328 2206.34668 0.4481 0.061 -4.215 -2.502 0.045 0.057 1.005 5569.0 4.5998 16.918118 1.50646 17.586685 16.080225 "" "" 1950.17505 2535.82983 3218.84397 1.6895 1261.1 5.3493 2931.4 9.7182 "" "" 0.002813636674706174 0.0053847176 0.005219167 0.010603884 202.89088852672 -61.37191319695 2206.34668 -4.214999999999996 -2.501999999999999 -0.7025416755676268 -0.9368332881927488 0.088283926 0.10028392 "" "" 12.246328048524562 "" 1.1773286073540683 ""
202.31161876744 -60.87874485506 0.0322 0.0398 19.8003 "" "" 5868731381620234496 1802.76758 0.561 0.0542 -12.051 -4.413 0.042 0.052 1.018 5203.7 4.666 16.91874 1.368044 17.469454 16.10141 "" "" 1600.48987 2002.23572 3217.00191 1.6183 1404.9 16.43 2874.7 24.886 "" "" 0.002808931613083583 0.013000394 0.010130501 0.023130896 202.31161876744 -60.87874485506 1802.76758 -12.051 -4.4129999999999985 -8.538541675567627 -2.8478332881927493 0.08528392 0.095283926 "" "" 76.91406295937207 "" 6.6405411154282765 ""
202.48964458704 -61.31700995217 0.0416 0.0474 8.5 "" "" 5868654896835514880 2118.38354 0.4566 0.0642 -4.578 -0.136 0.054 0.065 1.21 6014.2 4.4752 16.919285 1.424066 17.526976 16.10291 "" "" 1881.36401 2524.0918 3215.38134 2.0003 1332.4 5.6606 2870.7 6.1429 "" "" 0.0028369012922569064 0.005390895 0.004436391 0.009827286 202.48964458704 -61.31700995217 2118.38354 -4.577999999999998 -0.13600000000000004 -1.0655416755676272 1.4291667118072509 0.09728393 0.10828392 "" "" 17.899991010675695 "" 1.8703156036866417 ""
202.81366063058 -61.2031894315 0.0323 0.0414 14.8565 "" "" 5868660085156602880 1970.22217 0.4957 0.0582 -8.418 -2.722 0.043 0.056 1.019 5285.7 4.6511 16.920124 1.376902 17.539537 16.162636 "" "" 1772.70447 2144.93848 3212.89834 1.607 1317.0 5.5428 2717.1 7.8848 "" "" 0.002808326423736095 0.0053539975 0.004920441 0.010274438 202.81366063058 -61.2031894315 1970.22217 -8.418 -2.721999999999997 -4.905541675567626 -1.156833288192749 0.08628392 0.099283926 "" "" 47.0687482286552 "" 4.095793816076126 ""
202.63026541727 -61.06301776475 0.0394 0.0502 12.964 "" "" 5868675886286517120 1651.77539 0.6122 0.0696 -11.904 -7.829 0.053 0.072 1.158 "" "" 16.921917 "" "" "" "" "" 1481.82666 1852.61206 3207.596 2.5731 "" "" "" "" "" "" 0.002889700954532963 "" "" "" 202.63026541727 -61.06301776475 1651.77539 -11.904 -7.829 -8.391541675567627 -6.263833288192749 0.09628393 0.11528392 "" "" 81.9861964463797 "" 8.484257019337448 ""
201.84318695466 -61.08159150932 0.0337 0.0385 15.2613 "" "" 5868722551166341632 1974.31897 0.5065 0.0516 -2.779 0.152 0.043 0.05 1.05 4786.2 4.3867 16.922007 1.376862 17.554918 16.178057 "" "" 1785.34009 2224.02734 3207.33155 1.4221 1298.5 5.6749 2678.8 5.5243 "" "" 0.0027970591941640244 0.0055045914 0.0043928367 0.009897428 201.84318695466 -61.08159150932 1974.31897 -2.779 0.15200000000000002 0.7334583244323731 1.717166711807251 0.08628392 0.09328392 "" "" 17.474233407204192 "" 1.6117977262224743 ""
202.95016170496 -61.12654384163 0.0327 0.0423 19.4553 "" "" 5868660737991966720 1672.84692 0.5877 0.0594 -5.028 -2.138 0.043 0.061 1.022 5382.8 4.524 16.923777 1.470684 17.4673 15.996616 "" "" 1498.92029 1878.71753 3202.10627 2.1445 1407.7 13.847 3166.0 39.881 "" "" 0.0028496515018312353 0.011038421 0.014189229 0.025227651 202.95016170496 -61.12654384163 1672.84692 -5.0280000000000005 -2.138 -1.5155416755676265 -0.5728332881927489 0.08628392 0.10428393 "" "" 12.846936358526047 "" 1.1399590743788992 ""
201.81024914442 -61.05582456369 0.035 0.0426 16.8869 "" "" 5868699358341090944 1782.62244 0.5641 0.058 -4.72 -3.312 0.046 0.055 1.038 5219.5 4.6665 16.924292 1.368616 17.541681 16.173065 "" "" 1590.95569 2053.15723 3200.59051 1.6235 1314.5 7.1845 2691.1 6.628 "" "" 0.002809822729383712 0.0065573985 0.0046297424 0.011187141 201.81024914442 -61.05582456369 1782.62244 -4.7200000000000015 -3.312000000000003 -1.2075416755676267 -1.7468332881927489 0.08928393 0.098283924 "" "" 17.943448979210498 "" 1.7130013843757625 ""
202.12675843688 -61.30743079989 0.0322 0.038 7.7456 "" "" 5868665754514100736 2267.7373 0.4255 0.053 -3.796 1.032 0.041 0.052 0.985 7106.4 4.3336 16.924934 1.484894 17.602753 16.117859 "" "" 1998.11035 2679.51294 3198.69524 1.5823 1242.6 5.5046 2831.5 7.1458 "" "" 0.0028071775878344466 0.0055604265 0.0046681482 0.010228574 202.12675843688 -61.30743079989 2267.7373 -3.7959999999999985 1.0320000000000011 -0.28354167556762677 2.597166711807251 0.084283926 0.095283926 "" "" 28.083016474721806 "" 2.672429353692368 ""
202.18137399629 -61.45996302541 0.0363 0.0402 15.4558 "" "" 5868649188771390976 2056.15283 0.4815 0.0558 -5.31 -0.288 0.044 0.057 0.943 4951.3 4.3487 16.925545 1.495701 17.59295 16.09725 "" "" 1814.70605 2318.96338 3196.896 1.7249 1253.8 5.8619 2885.7 6.9277 "" "" 0.002816907416335382 0.005792438 0.004591047 0.010383485 202.18137399629 -61.45996302541 2056.15283 -5.310000000000002 -0.28799999999999876 -1.7975416755676266 1.277166711807251 0.087283924 0.10028392 "" "" 21.490924334383223 "" 1.973948699783271 ""
202.12513070274 -61.07512344298 0.0346 0.0379 9.476 "" "" 5868718874674348544 1979.54321 0.4767 0.0529 -6.454 -2.337 0.043 0.05 1.047 5258.0 4.6274 16.926064 1.335403 17.524546 16.189142 "" "" 1800.9613 2178.47095 3195.37222 1.4541 1335.4 5.9989 2651.6 6.9555 "" "" 0.0027992685267032844 0.0056190444 0.004732336 0.01035138 202.12513070274 -61.07512344298 1979.54321 -6.454 -2.3370000000000006 -2.9415416755676267 -0.7718332881927492 0.08628392 0.09328392 "" "" 28.53490891971176 "" 2.475455908415241 ""
202.68382247611 -61.04233505118 0.0318 0.0391 14.9496 "" "" 5868677402466580992 1576.42566 0.6212 0.0564 2.179 -5.904 0.04 0.051 0.972 5182.5 4.609 16.926313 1.40881 17.558542 16.149733 "" "" 1444.69507 1708.64124 3194.63671 1.4987 1294.2 4.7822 2749.6 6.0625 "" "" 0.002802004337745257 0.004886761 0.0044737565 0.009360517 202.68382247611 -61.04233505118 1576.42566 2.1790000000000016 -5.904000000000001 5.691458324432373 -4.338833288192749 0.08328392 0.09428392 "" "" 53.47661077633596 "" 4.678557575534982 ""
202.05707473481 -61.21129023173 0.0349 0.0393 7.0131 "" "" 5868670152560731264 1872.81116 0.5231 0.0541 -6.329 1.059 0.045 0.051 1.024 4933.0 4.3445 16.926535 1.498611 17.624172 16.12556 "" "" 1694.70654 2088.61011 3193.98372 1.443 1218.3 4.9895 2811.5 5.4924 "" "" 0.002798642638497484 0.005249496 0.004333881 0.009583377 202.05707473481 -61.21129023173 1872.81116 -6.329000000000006 1.0590000000000006 -2.8165416755676267 2.624166711807251 0.088283926 0.09428392 "" "" 34.17307767148439 "" 3.1138915333306465 ""
201.73202959069 -61.15310974527 0.0349 0.0416 16.7544 "" "" 5868695505701356160 1951.74609 0.4967 0.0565 -8.489 -2.347 0.045 0.054 0.991 4733.4 4.2957 16.927637 1.324501 17.527803 16.203302 "" "" 1752.06702 2245.08765 3190.74585 1.4818 1331.4 6.5431 2617.2 6.956 "" "" 0.0028010764158457446 0.0060212775 0.004755085 0.010776362 201.73202959069 -61.15310974527 1951.74609 -8.489 -2.3470000000000004 -4.976541675567628 -0.781833288192749 0.088283926 0.09728393 "" "" 46.60406190670239 "" 4.124993872428737 ""
202.72582703841 -61.18313781496 0.0378 0.0489 12.4135 "" "" 5868661871863031936 1675.99487 0.5696 0.066 -7.132 -1.704 0.053 0.068 1.153 4931.8 4.3219 16.92821 1.34387 17.48928 16.14541 "" "" 1522.74133 1878.02148 3189.06172 1.8277 1379.4 10.766 2760.5 11.654 "" "" 0.0028247100658739376 0.008921531 0.0059408406 0.014862372 202.72582703841 -61.18313781496 1675.99487 -7.131999999999999 -1.704 -3.6195416755676266 -0.13883328819274898 0.09628393 0.11128393 "" "" 28.77556413039732 "" 2.7713077392675247 ""
202.19739628142 -60.99185904212 0.034 0.0391 13.3445 "" "" 5868721623453624064 2186.79688 0.4492 0.0568 -10.15 -1.795 0.043 0.051 0.991 5463.1 4.6322 16.928282 1.408424 17.566757 16.158333 "" "" 1964.60681 2432.66089 3188.85071 2.1496 1284.4 6.4734 2727.9 9.3541 "" "" 0.0028508695588404364 0.0061424146 0.005305164 0.011447579 202.19739628142 -60.99185904212 2186.79688 -10.14999999999999 -1.7949999999999995 -6.637541675567627 -0.22983328819274895 0.08628392 0.09428392 "" "" 68.84212175614348 "" 5.940658343269439 ""
201.67848276709 -61.36991010342 0.0331 0.0404 20.3514 "" "" 5868644245315936256 1767.33289 0.553 0.0561 -9.091 -2.715 0.043 0.053 1.026 5454.3 4.645 16.928347 1.48148 17.604164 16.122684 "" "" 1603.05151 1953.4917 3188.65678 1.5915 1240.9 5.2142 2818.9 6.7701 "" "" 0.0028081044254397443 0.0053477846 0.0045916517 0.009939436 201.67848276709 -61.36991010342 1767.33289 -9.091000000000003 -2.714999999999997 -5.578541675567626 -1.1498332881927489 0.08628392 0.09628393 "" "" 47.71469403901848 "" 4.137531766210778 ""
202.03168829573 -60.95416590712 0.036 0.0396 17.138 "" "" 5868724303519566080 1897.71228 0.5129 0.0562 -8.829 -11.434 0.046 0.052 1.039 5277.2 4.3551 16.929632 1.330246 17.504982 16.174736 "" "" 1691.45044 2193.22705 3184.8842 1.6188 1359.6 5.5706 2687.0 7.2034 "" "" 0.0028100412383135574 0.0052511278 0.0047703013 0.0100214295 202.03168829573 -60.95416590712 1897.71228 -8.828999999999999 -11.434000000000003 -5.316541675567628 -9.868833288192748 0.08928393 0.095283926 "" "" 100.83384982011803 "" 9.475124841717909 ""
201.72572967289 -61.11117977266 0.0348 0.0403 17.6126 "" "" 5868699113474055040 1560.1322 0.6256 0.0568 -3.768 -2.166 0.045 0.054 1.005 5273.8 4.6892 16.929903 1.299707 17.49755 16.197842 "" "" 1421.32129 1718.70764 3184.08907 1.5823 1369.0 6.0513 2630.4 6.2113 "" "" 0.002807649999014275 0.005551346 0.0045669274 0.010118274 201.72572967289 -61.11117977266 1560.1322 -3.7679999999999993 -2.1659999999999986 -0.25554167556762675 -0.600833288192749 0.088283926 0.09728393 "" "" 4.828347544341604 "" 0.46332851806452113 ""
202.14888005748 -60.97908642474 0.035 0.0418 14.4547 "" "" 5868721859623157888 2063.09033 0.4796 0.0578 -6.12 -1.226 0.045 0.057 1.065 5399.8 4.6719 16.93005 1.277269 17.444513 16.167244 "" "" 1897.3064 2292.4187 3183.65999 1.6654 1437.5 8.296 2705.6 9.9619 "" "" 0.0028132482347519375 0.0068590716 0.005501345 0.012360416 202.14888005748 -60.97908642474 2063.09033 -6.12 -1.2259999999999962 -2.607541675567627 0.339166711807251 0.088283926 0.10028392 "" "" 25.714076689216984 "" 2.27561563498277 ""
201.96295327293 -60.94964885327 0.0355 0.038 18.3594 "" "" 5868724539682818176 2136.82642 0.4392 0.0541 -10.208 -0.728 0.044 0.049 1.001 4752.0 4.3496 16.931112 1.434214 17.575706 16.141493 "" "" 1948.0498 2373.35229 3180.54541 1.545 1273.9 5.1625 2770.5 7.9196 "" "" 0.0028053438866791148 0.0052100597 0.0048904214 0.010100481 201.96295327293 -60.94964885327 2136.82642 -10.208 -0.7279999999999989 -6.695541675567627 0.837166711807251 0.087283924 0.09228392 "" "" 68.34421881203636 "" 5.970759836020694 ""
202.70012698456 -61.05756277397 0.0331 0.0442 14.7227 "" "" 5868676577832840064 2230.02856 0.425 0.0605 -16.859 -3.302 0.042 0.056 1.036 5342.5 4.6797 16.931746 1.375473 17.557766 16.182293 "" "" 1993.9458 2583.97217 3178.69541 1.6149 1295.1 5.1053 2668.3 5.449 "" "" 0.002809990642314972 0.0051091406 0.0043817507 0.009490891 202.70012698456 -61.05756277397 2230.02856 -16.859 -3.3020000000000005 -13.346541675567629 -1.736833288192749 0.08528392 0.099283926 "" "" 142.2669619909858 "" 12.168921584098284 ""
202.63634479098 -61.0240794648 0.0357 0.0435 14.761 "" "" 5868676195534571904 1906.04309 0.5232 0.0638 -10.082 -2.534 0.045 0.056 1.032 6725.9 4.3512 16.931818 1.507616 17.592579 16.084963 "" "" 1704.78601 2157.39331 3178.47768 1.7298 1254.3 6.7431 2918.6 8.2361 "" "" 0.0028179658184750694 0.006469504 0.0048652925 0.011334796 202.63634479098 -61.0240794648 1906.04309 -10.081999999999997 -2.533999999999999 -6.569541675567628 -0.9688332881927488 0.088283926 0.099283926 "" "" 59.99542280737026 "" 5.311533019192542 ""
202.76583424725 -61.23673010008 0.0356 0.0448 13.5681 "" "" 5868658367169635456 2150.46387 0.45 0.0615 -1.389 -1.768 0.045 0.06 1.027 6002.3 4.4902 16.931923 1.314821 17.50924 16.194418 "" "" 1924.96655 2450.63257 3178.17603 1.5766 1354.3 7.6721 2638.7 8.8372 "" "" 0.002807468859551484 0.0067539625 0.0052445927 0.011998555 202.76583424725 -61.23673010008 2150.46387 -1.3890000000000002 -1.7679999999999998 2.123458324432373 -0.20283328819274904 0.088283926 0.10328393 "" "" 21.743353529866422 "" 1.922785406548836 ""
202.33173659089 -61.1719577768 0.0328 0.0392 2.3911 "" "" 5868668846890759424 1954.60425 0.4997 0.0542 -14.708 -0.346 0.042 0.052 0.974 5045.6 4.5964 16.932844 1.470295 17.600023 16.129728 "" "" 1742.60352 2182.82056 3175.47848 1.4891 1245.7 8.4022 2800.7 13.632 "" "" 0.0028019662822966617 0.007836775 0.006497029 0.014333804 202.33173659089 -61.1719577768 1954.60425 -14.708 -0.346 -11.195541675567627 1.219166711807251 0.08528392 0.095283926 "" "" 104.33793086046694 "" 8.911283357176313 ""
202.05919253719 -61.43775492477 0.0619 0.0705 15.3895 "" "" 5868629711096359296 1873.29651 0.5672 0.0981 -4.557 -1.915 0.078 0.086 1.834 "" "" 16.93313 1.458654 17.328636 15.869983 "" "" 1553.12036 2452.26416 3174.64384 2.7197 1599.4 15.107 3557.7 23.544 "" "" 0.00290808489983496 0.010628019 0.008118495 0.018746514 202.05919253719 -61.43775492477 1873.29651 -4.557000000000003 -1.915 -1.0445416755676273 -0.34983328819274906 0.121283926 0.12928393 "" "" 9.78128523084163 "" 1.1944371266142155 ""
201.82720597509 -61.40243743834 0.0366 0.0395 17.9001 "" "" 5868642218091321856 1573.07397 0.612 0.0558 -5.804 -1.652 0.046 0.052 1.065 5359.8 4.6552 16.934069 1.393816 17.555996 16.16218 "" "" 1474.30652 1725.44031 3171.89689 1.7228 1297.2 4.8957 2718.2 7.9756 "" "" 0.002817720688946987 0.004957376 0.004942922 0.009900298 201.82720597509 -61.40243743834 1573.07397 -5.804 -1.6520000000000015 -2.2915416755676272 -0.08683328819274894 0.08928393 0.095283926 "" "" 17.098846727835177 "" 1.5268042395807284 ""
201.63097259674 -61.3007434258 0.0378 0.0437 20.0712 "" "" 5868692280234699136 2138.13501 0.4521 0.0616 -2.952 -3.309 0.049 0.058 1.047 7999.7 4.3498 16.934301 1.716845 17.752554 16.03571 "" "" 1925.36975 2399.10742 3171.22046 1.6011 1082.4 5.3461 3054.0 6.4914 "" "" 0.002809320415037127 0.006045021 0.004428268 0.010473289 201.63097259674 -61.3007434258 2138.13501 -2.952 -3.309 0.5604583244323731 -1.7438332881927492 0.09228392 0.10128392 "" "" 18.56368260422033 "" 1.8651956795202906 ""
202.72358470416 -61.08993986963 0.0333 0.0426 14.1904 "" "" 5868676302954898048 2014.78198 0.4993 0.0595 -7.856 -0.475 0.042 0.057 1.006 5389.5 4.6937 16.935507 1.335733 17.526735 16.191002 "" "" 1805.52527 2351.31201 3167.70152 1.5386 1332.7 6.0637 2647.0 6.0904 "" "" 0.002805333520564307 0.0056735305 0.004530388 0.010203918 202.72358470416 -61.08993986963 2014.78198 -7.856 -0.4750000000000003 -4.343541675567627 1.0901667118072509 0.08528392 0.10028392 "" "" 42.76768664441942 "" 3.68852401591382 ""
202.53873567787 -60.93745501584 0.0346 0.0413 17.6913 "" "" 5868680563562424192 1954.03381 0.5142 0.0611 -1.904 -3.11 0.044 0.053 0.998 5220.9 4.6198 16.935919 1.271423 17.483559 16.212135 "" "" 1742.70837 2180.39233 3166.49844 1.5934 1386.7 5.5761 2596.0 5.546 "" "" 0.0028089653219888922 0.005181313 0.0044344035 0.0096157165 202.53873567787 -60.93745501584 1954.03381 -1.904 -3.1099999999999963 1.6084583244323731 -1.544833288192749 0.087283924 0.09628393 "" "" 20.656081642897583 "" 1.8944248028041302 ""
202.17119433119 -60.98224840827 0.0341 0.0404 14.0891 "" "" 5868721829612079872 1597.36108 0.615 0.0559 -3.285 0.686 0.044 0.053 0.995 4908.9 4.352 16.936165 1.457731 17.595915 16.138184 "" "" 1482.50574 1746.16541 3165.7787 1.4869 1250.4 6.8037 2779.0 6.1972 "" "" 0.002802112756974941 0.006533475 0.0044884244 0.011021899 202.17119433119 -60.98224840827 1597.36108 -3.285000000000001 0.6859999999999993 0.2274583244323729 2.251166711807251 0.087283924 0.09628393 "" "" 17.13147438064022 "" 1.647999623973137 ""
