Clusters/UFMG_3/UFMG_3_stars_in_region.tsv
# %ECSV 1.0
# ---
# datatype:
# - name: RA_ICRS_1
#   unit: deg
#   datatype: float64
#   format: '{:15.11f}'
#   description: Right ascension (ICRS) at Ep=2016.0 (ra)
#   meta: !!omap
#   - {ucd: POS_EQ_RA_MAIN}
#   - {width: 15}
#   - {precision: '11'}
# - name: DE_ICRS_1
#   unit: deg
#   datatype: float64
#   format: '{:15.11f}'
#   description: Declination (ICRS) at Ep=2016.0 (dec)
#   meta: !!omap
#   - {ucd: POS_EQ_DEC_MAIN}
#   - {width: 15}
#   - {precision: '11'}
# - name: e_RA_ICRS
#   unit: mas
#   datatype: float64
#   format: '{:7.4f}'
#   description: Standard error of right ascension (ra_error)
#   meta: !!omap
#   - {ucd: ERROR}
#   - {width: 7}
#   - {precision: '4'}
# - name: e_DE_ICRS
#   unit: mas
#   datatype: float64
#   format: '{:7.4f}'
#   description: Standard error of declination (dec_error)
#   meta: !!omap
#   - {ucd: ERROR}
#   - {width: 7}
#   - {precision: '4'}
# - name: _r_1
#   unit: ''
#   datatype: float64
#   format: '{:7.4f}'
#   description: Distance from center (238.11011371000-55.41799664000)[ICRS], at Epoch=J2016.0
#   meta: !!omap
#   - {ucd: POS_ANG_DIST_GENERAL}
#   - {width: 7}
#   - {precision: '4'}
# - name: HIP
#   datatype: int32
#   description: '? HIP cross-id number, van Leeuwen, Cat. I/311 (hip_original_ext_source_id)'
#   meta: !!omap
#   - {ucd: ID_NUMBER}
#   - {width: 6}
#   - values: {'null': -2147483648}
# - name: TYC2
#   datatype: string
#   description: Tycho-2 cross-id name, Hog et al., Cat. I/259 (tyc2_original_ext_source_id)
#   meta: !!omap
#   - {ucd: ID_CROSSID}
#   - {_votable_string_dtype: char}
# - name: Source
#   datatype: int64
#   description: Source identifier, identical to the Gaia-EDR3 source_id (id)
#   meta: !!omap
#   - {ucd: ID_MAIN}
#   - {width: 19}
# - name: rgeo
#   unit: pc
#   datatype: float64
#   format: '{:15.8f}'
#   description: '? Median of the geometric distance posterior (r_med_geo)'
#   meta: !!omap
#   - {ucd: PHYS_DISTANCE_TRUE}
#   - {width: 15}
#   - {precision: '8'}
#   - values: {'null': .nan}
# - name: Plx
#   unit: mas
#   datatype: float64
#   format: '{:9.4f}'
#   description: '? Parallax (parallax)'
#   meta: !!omap
#   - {ucd: POS_PARLX_TRIG}
#   - {width: 9}
#   - {precision: '4'}
#   - values: {'null': .nan}
# - name: e_Plx
#   unit: mas
#   datatype: float32
#   format: '{:7.4f}'
#   description: '? Standard error of parallax (parallax_error)'
#   meta: !!omap
#   - {ucd: ERROR}
#   - {width: 7}
#   - {precision: '4'}
#   - values: {'null': .nan}
# - name: pmRA
#   unit: mas / yr
#   datatype: float64
#   format: '{:9.3f}'
#   description: '? Proper motion in right ascension direction, pmRA*cosDE (pmra)'
#   meta: !!omap
#   - {ucd: POS_EQ_PMRA}
#   - {width: 9}
#   - {precision: '3'}
#   - values: {'null': .nan}
# - name: pmDE
#   unit: mas / yr
#   datatype: float64
#   format: '{:9.3f}'
#   description: '? Proper motion in declination direction (pmdec)'
#   meta: !!omap
#   - {ucd: POS_EQ_PMDEC}
#   - {width: 9}
#   - {precision: '3'}
#   - values: {'null': .nan}
# - name: e_pmRA
#   unit: mas / yr
#   datatype: float32
#   format: '{:6.3f}'
#   description: '? Standard error of proper motion in right ascension direction (pmra_error)'
#   meta: !!omap
#   - {ucd: ERROR}
#   - {width: 6}
#   - {precision: '3'}
#   - values: {'null': .nan}
# - name: e_pmDE
[...]
#         value: !astropy.table.SerializedColumn {name: SkyCoord.dec}
#       distance: !astropy.table.SerializedColumn
#         __class__: astropy.coordinates.distances.Distance
#         unit: !astropy.units.Unit {unit: pc}
#         value: !astropy.table.SerializedColumn {name: SkyCoord.distance}
#       frame: icrs
#       obstime: !astropy.time.Time {format: jyear_str, in_subfmt: '*', jd1: 367701545.0, jd2: 0.0, out_subfmt: '*', precision: 3, scale: tt}
#       pm_dec: !astropy.table.SerializedColumn
#         __class__: astropy.units.quantity.Quantity
#         unit: !astropy.units.Unit {unit: mas / yr}
#         value: !astropy.table.SerializedColumn {name: SkyCoord.pm_dec}
#       pm_ra_cosdec: !astropy.table.SerializedColumn
#         __class__: astropy.units.quantity.Quantity
#         unit: !astropy.units.Unit {unit: mas / yr}
#         value: !astropy.table.SerializedColumn {name: SkyCoord.pm_ra_cosdec}
#       ra: !astropy.table.SerializedColumn
#         __class__: astropy.coordinates.angles.Longitude
#         unit: *id001
#         value: !astropy.table.SerializedColumn {name: SkyCoord.ra}
#         wrap_angle: !astropy.coordinates.Angle
#           unit: *id001
#           value: 360.0
#       representation_type: spherical
# schema: astropy-2.0
RA_ICRS_1 DE_ICRS_1 e_RA_ICRS e_DE_ICRS _r_1 HIP TYC2 Source rgeo Plx e_Plx pmRA pmDE e_pmRA e_pmDE RUWE Teff logg Gmag BP-RP BPmag RPmag RV e_RV b_rgeo B_rgeo FG e_FG FBP e_FBP FRP e_FRP RAVE5 RAVE6 e_Gmag e_BPmag e_RPmag e_BP-RP SkyCoord.ra SkyCoord.dec SkyCoord.distance SkyCoord.pm_ra_cosdec SkyCoord.pm_dec rmRA rmDE e_rmRA e_rmDE rRV e_rRV v_pec v_pec3d e_vpec e_vpec3d
[from data line 1213]
238.44530767645 -55.42273944182 0.0273 0.0227 11.4179 "" "" 5884543423931454208 2104.53003 0.4496 0.0407 -3.827 -3.367 0.043 0.036 0.981 10401.3 4.0833 15.951766 1.716987 16.517403 14.800416 "" "" 1955.16968 2294.30811 7838.63252 5.6361 3376.4 54.81 9527.8 123.75 "" "" 0.0028637774992333154 0.01784453 0.014599542 0.03244407 238.44530767645 -55.42273944182 2104.53003 -3.826999999999999 -3.3670000000000027 -2.7598386783599853 -1.129911319732666 0.13968016 0.13268016 "" "" 29.748673458148037 "" 4.1260515215260405 ""
238.6031050286 -55.23153104232 0.0395 0.0335 20.208 "" "" 5884546344511760512 2041.06311 0.4536 0.0609 -4.069 -4.359 0.059 0.053 1.373 8453.5 4.0329 15.953182 1.558959 16.554153 14.995194 "" "" 1844.91626 2267.71484 7828.41782 4.0014 3264.0 23.683 7963.1 39.703 "" "" 0.002810653102115447 0.008357421 0.0066021206 0.014959541 238.6031050286 -55.23153104232 2041.06311 -4.069 -4.359 -3.0018386783599853 -2.121911319732666 0.15568016 0.14968017 "" "" 35.56471973344187 "" 5.466549096547683 ""
238.07389451517 -55.44877707041 0.0269 0.0221 2.2206 "" "" 5884586373636425856 1828.40564 0.5188 0.0403 -1.114 -2.056 0.044 0.038 1.01 8492.0 3.5703 15.953971 1.477723 16.614132 15.136409 "" "" 1691.40625 1981.59973 7822.73229 2.3256 3088.6 7.5248 6991.9 10.152 "" "" 0.002774161776243187 0.0038447499 0.004094988 0.007939738 238.07389451517 -55.44877707041 1828.40564 -1.114 -2.0559999999999974 -0.04683867835998545 0.18108868026733393 0.14068016 0.13468017 "" "" 1.621078597944882 "" 0.2189497329621118 ""
237.43765707535 -55.48111798441 0.0283 0.0245 23.1935 "" "" 5884220339374491264 1712.02576 0.5486 0.0376 -1.193 -0.002 0.045 0.041 0.978 7663.8 3.6261 15.954343 2.128648 17.050638 14.92199 "" "" 1607.96106 1820.33398 7820.05323 2.4857 2066.2 6.1574 8518.5 10.895 "" "" 0.0027768495561239937 0.004272457 0.0040264176 0.008298875 237.43765707535 -55.48111798441 1712.02576 -1.193 -0.0020000000000000603 -0.1258386783599854 2.235088680267334 0.14168017 0.13768017 "" "" 18.166473571367757 "" 2.5013961590357696 ""
238.15108775175 -55.63563062117 0.0349 0.0298 13.132 "" "" 5884161996534654336 1718.57703 0.5525 0.0476 -13.003 -10.494 0.052 0.048 1.295 5739.4 3.6007 15.95489 1.410217 16.591236 15.181019 "" "" 1597.28162 1854.07776 7816.11074 2.2654 3154.4 7.8965 6710.4 8.4431 "" "" 0.0027732322604338945 0.0038951668 0.0040186956 0.007913862 238.15108775175 -55.63563062117 1718.57703 -13.003 -10.494000000000003 -11.935838678359985 -8.256911319732666 0.14868017 0.14468017 "" "" 118.22753170183351 "" 17.426430573320488 ""
238.21110526944 -55.15959113554 0.0266 0.0226 15.8836 "" "" 5884596818996974976 1602.53149 0.5941 0.0391 -2.223 -5.387 0.041 0.037 0.984 4866.5 2.8746 15.955196 2.313786 17.120584 14.806798 "" "" 1502.11279 1696.72559 7813.90459 3.0876 1937.2 7.8712 9471.9 17.58 "" "" 0.002788520630624707 0.005219845 0.0042830515 0.009502897 238.21110526944 -55.15959113554 1602.53149 -2.223 -5.386999999999999 -1.1558386783599852 -3.1499113197326656 0.13768017 0.13368016 "" "" 25.48670496519417 "" 3.4193238127262626 ""
237.79701890049 -55.38546466545 0.0271 0.022 10.844 "" "" 5884215494650985216 1760.6853 0.5423 0.0411 -1.042 -2.181 0.044 0.038 0.988 8996.9 3.4816 15.955477 1.752537 16.777145 15.024609 "" "" 1615.77893 1884.85156 7811.88796 2.4012 2658.0 7.8423 7750.2 11.523 "" "" 0.0027754577697886766 0.0042481637 0.0041096965 0.00835786 237.79701890049 -55.38546466545 1760.6853 -1.0420000000000005 -2.181000000000001 0.02516132164001461 0.056088680267333935 0.14068016 0.13468017 "" "" 0.5130389923835302 "" 0.06962135702553078 ""
237.79063815611 -55.42582568641 0.0263 0.0227 10.8888 "" "" 5884215082334089728 1760.18555 0.5307 0.0386 -2.027 -1.455 0.041 0.038 0.941 8968.4 3.5107 15.958274 1.660343 16.734016 15.073673 "" "" 1672.32495 1873.52478 7791.78818 2.3126 2765.7 6.7455 7407.8 7.6061 "" "" 0.0027741002055752047 0.0038467452 0.003940369 0.007787114 237.79063815611 -55.42582568641 1760.18555 -2.027 -1.4549999999999996 -0.9598386783599855 0.7820886802673339 0.13768017 0.13468017 "" "" 10.330021176281015 "" 1.409955421379206 ""
238.51337585513 -55.62497127965 0.0338 0.0272 18.4886 "" "" 5884522155287756160 1972.20618 0.4696 0.049 -2.456 -2.714 0.053 0.044 1.197 9219.1 4.0487 15.96207 1.413225 16.571087 15.157862 "" "" 1834.23645 2178.16064 7764.58876 4.3305 3213.5 7.2988 6855.1 7.7392 "" "" 0.0028210760223525994 0.0037237518 0.003973188 0.0076969396 238.51337585513 -55.62497127965 1972.20618 -2.456 -2.714 -1.3888386783599853 -0.476911319732666 0.14968017 0.14068016 "" "" 13.72735891143812 "" 2.0420346057363212 ""
237.39705865847 -55.39549081232 0.0291 0.0266 24.3275 "" "" 5884224118945827072 2054.37158 0.4486 0.0373 -1.889 -1.764 0.044 0.045 0.959 8998.9 4.1336 15.964121 2.103543 17.007166 14.903623 "" "" 1928.54382 2201.06689 7749.94276 3.1192 2150.6 7.6094 8663.8 22.596 "" "" 0.002789757603107153 0.004747961 0.0047225268 0.009470488 237.39705865847 -55.39549081232 2054.37158 -1.8890000000000002 -1.7640000000000002 -0.8218386783599854 0.47308868026733397 0.14068016 0.14168017 "" "" 9.23406967906559 "" 1.3013548666420867 ""
238.1323484641 -55.69900416436 0.0283 0.0243 16.8773 "" "" 5884157357969870848 2018.07617 0.4655 0.0382 -4.76 -0.397 0.043 0.04 1.061 4847.1 3.5008 15.964448 2.08287 17.026556 14.943686 "" "" 1868.62012 2174.77075 7747.60537 2.4736 2112.5 5.2267 8350.0 8.051 "" "" 0.002777040311162256 0.0038731482 0.003921688 0.0077948365 238.1323484641 -55.69900416436 2018.07617 -4.759999999999997 -0.3970000000000021 -3.692838678359985 1.840088680267334 0.13968016 0.13668016 "" "" 39.466965811717166 "" 5.489405279013372 ""
237.94774164443 -55.37805321458 0.0268 0.0225 6.0292 "" "" 5884587816745007744 2166.12305 0.4333 0.0409 -1.201 -2.242 0.04 0.038 0.99 9256.0 4.1885 15.964536 1.435256 16.603752 15.168496 "" "" 1999.74182 2360.78833 7746.97997 2.2581 3118.3 6.5749 6788.3 10.901 "" "" 0.002773435382973178 0.0036091232 0.004162166 0.007771289 237.94774164443 -55.37805321458 2166.12305 -1.201 -2.242 -0.13383867835998542 -0.0049113197326660085 0.13668016 0.13468017 "" "" 1.3751032702468005 "" 0.18794565812459543 ""
237.9124492505 -55.3795596261 0.0324 0.0278 7.1187 "" "" 5884590629907074816 1809.49219 0.5205 0.0496 -2.057 -3.925 0.052 0.051 1.17 8082.2 3.3757 15.96458 2.015705 16.97075 14.955046 "" "" 1649.77124 2011.36255 7746.6686 4.4003 2223.9 10.303 8263.0 14.824 "" "" 0.0028234976995104586 0.005752087 0.0042517977 0.010003885 237.9124492505 -55.3795596261 1809.49219 -2.057000000000001 -3.9249999999999994 -0.9898386783599853 -1.6879113197326658 0.14868017 0.14768016 "" "" 16.78293166725021 "" 2.4828115834164715 ""
238.42290277095 -55.25252875206 0.028 0.0227 14.5777 "" "" 5884549196404158592 2141.37378 0.4359 0.04 -0.537 -2.232 0.041 0.037 0.999 "" "" 15.965283 1.308819 16.54618 15.237362 "" "" 2006.14526 2353.4563 7741.64948 2.2725 3288.1 7.6787 6371.1 7.6878 "" "" 0.0027736915841505196 0.0037701335 0.0040000184 0.007770152 238.42290277095 -55.25252875206 2141.37378 -0.5369999999999999 -2.232 0.5301613216400146 0.005088680267333778 0.13768017 0.13368016 "" "" 5.3814445180042885 "" 0.7409162576421239 ""
237.91474183669 -55.22863720098 0.0289 0.0233 13.1744 "" "" 5884593967138355072 1831.65039 0.5045 0.0411 -2.495 -2.184 0.049 0.036 1.022 7353.7 3.1602 15.966118 2.057678 17.008327 14.950649 "" "" 1711.39551 1965.89844 7735.70217 2.406 2148.3 6.7423 8296.6 10.377 "" "" 0.0027759367738561546 0.0044041104 0.0040159505 0.008420061 237.91474183669 -55.22863720098 1831.65039 -2.495 -2.184 -1.4278386783599855 0.05308868026733382 0.14568016 0.13268016 "" "" 12.405093784206937 "" 1.8069633272910766 ""
238.72515722486 -55.48678362252 0.0307 0.0226 21.3302 "" "" 5884530023668569856 1637.16699 0.5726 0.0412 -2.631 -3.652 0.045 0.037 1.021 9041.0 4.0314 15.967212 1.651327 16.739944 15.088617 "" "" 1537.38257 1772.0791 7727.90881 2.4266 2750.7 6.8646 7306.5 7.881 "" "" 0.0027763321392843634 0.0038893034 0.003956667 0.007845971 238.72515722486 -55.48678362252 1637.16699 -2.6309999999999993 -3.652 -1.5638386783599851 -1.4149113197326662 0.14168017 0.13368016 "" "" 16.365621219452905 "" 2.2606894797687667 ""
238.19526878052 -55.82147274097 0.0302 0.0266 24.3799 "" "" 5884155433824313344 2213.91138 0.4237 0.0416 -3.744 -3.553 0.048 0.045 1.019 8468.9 4.1075 15.968726 1.537819 16.671602 15.133783 "" "" 1948.30835 2495.20801 7717.14043 2.9386 2929.4 7.6502 7008.8 8.0247 "" "" 0.00278616560979435 0.003978026 0.0039785737 0.0079566 238.19526878052 -55.82147274097 2213.91138 -3.743999999999997 -3.553 -2.6768386783599856 -1.315911319732666 0.14468017 0.14168017 "" "" 31.30131010954112 "" 4.510555784922502 ""
237.97267449587 -55.44369578157 0.0273 0.0227 4.9265 "" "" 5884212024317283456 2066.48926 0.4627 0.0415 -6.271 -5.579 0.047 0.039 0.973 8171.4 3.7232 15.969732 1.782706 16.830051 15.047345 "" "" 1885.97278 2282.85327 7709.99225 4.4652 2531.6 12.291 7589.6 16.95 "" "" 0.0028261593307096454 0.0059641837 0.004490363 0.010454547 237.97267449587 -55.44369578157 2066.48926 -6.271 -5.579 -5.203838678359985 -3.3419113197326658 0.14368016 0.13568017 "" "" 60.57837364638909 "" 8.565235843665848 ""
238.13781378018 -55.35184327665 0.0262 0.0215 4.0799 "" "" 5884588538299468416 1754.6167 0.5348 0.0386 -3.551 -4.435 0.04 0.037 0.992 6790.9 3.8183 15.970586 1.848549 16.876682 15.028133 "" "" 1651.7998 1869.69104 7703.93343 2.2364 2425.2 7.2692 7725.1 11.189 "" "" 0.0027732884843136227 0.0042867004 0.004093497 0.008380197 238.13781378018 -55.35184327665 1754.6167 -3.5510000000000037 -4.435000000000004 -2.4838386783599855 -2.1979113197326656 0.13668016 0.13368016 "" "" 27.584317821062314 "" 3.7341135131696856 ""
237.56391393708 -55.60775484441 0.0268 0.0238 21.7706 "" "" 5884207007795019392 2050.50073 0.4525 0.0422 -0.6 1.153 0.043 0.037 1.038 7065.3 3.1125 15.971318 1.958751 16.949492 14.990741 "" "" 1902.62683 2252.17725 7698.73352 2.4629 2267.9 6.646 7995.8 8.6455 "" "" 0.0027771267151303646 0.0042318236 0.0039575123 0.008189335 237.56391393708 -55.60775484441 2050.50073 -0.5999999999999996 1.153 0.46716132164001467 3.390088680267334 0.13968016 0.13368016 "" "" 33.26091295434173 "" 4.450125170222333 ""
238.27152228044 -55.55857911419 0.0287 0.0242 10.0626 "" "" 5884535074550775040 1783.4906 0.525 0.0415 -4.085 -3.486 0.044 0.04 0.992 6743.2 3.8997 15.97134 1.866523 16.89367 15.027146 "" "" 1664.6958 1917.92419 7698.57895 2.4428 2387.5 7.6363 7732.1 10.835 "" "" 0.002776774466221194 0.004454717 0.004074128 0.008528845 238.27152228044 -55.55857911419 1783.4906 -4.085000000000003 -3.4860000000000007 -3.0178386783599853 -1.2489113197326662 0.14068016 0.13668016 "" "" 27.610416354868978 "" 3.8682855912069134 ""
237.88901491326 -55.08290184185 0.0268 0.0234 21.4805 "" "" 5884612693195865728 2245.35107 0.4147 0.0408 -1.038 -3.079 0.044 0.036 1.047 7998.9 3.1011 15.97135 2.153223 17.054707 14.901484 "" "" 2033.80237 2469.5293 7698.51334 2.7695 2058.4 13.956 8680.9 15.699 "" "" 0.0027828669262238595 0.007872359 0.0042589987 0.012131358 237.88901491326 -55.08290184185 2245.35107 -1.0380000000000003 -3.0790000000000015 0.029161321640014615 -0.8419113197326662 0.14068016 0.13268016 "" "" 8.965805343478053 "" 1.1896730492650385 ""
238.27108025906 -55.12849842832 0.0279 0.0232 18.2204 "" "" 5884597712350182784 2266.24585 0.4133 0.0381 -3.006 -3.252 0.042 0.038 1.047 "" "" 15.97257 1.487081 16.645885 15.158805 "" "" 2092.03613 2523.73804 7689.85991 2.2319 2999.6 7.772 6849.1 9.6701 "" "" 0.0027732818349945113 0.0039621824 0.0040784306 0.008040613 238.27108025906 -55.12849842832 2266.24585 -3.0059999999999993 -3.252 -1.9388386783599851 -1.0149113197326658 0.13868016 0.13468017 "" "" 23.507916985806077 "" 3.240087814746449 ""
238.34425466107 -55.52584795154 0.0269 0.0218 10.2607 "" "" 5884535349428696960 1907.63232 0.4889 0.0393 -1.258 -6.072 0.042 0.035 0.992 6053.3 3.3661 15.973541 2.108586 17.057137 14.94855 "" "" 1754.39441 2065.54688 7682.99053 2.5578 2053.8 6.7585 8312.6 9.2292 "" "" 0.0027789283816422147 0.0045332555 0.0039669704 0.008500226 238.34425466107 -55.52584795154 1907.63232 -1.2579999999999987 -6.072 -0.19083867835998536 -3.834911319732666 0.13868016 0.13168016 "" "" 34.71885703048828 "" 4.5724009504815095 ""
238.37003596884 -55.52998316673 0.0277 0.022 11.103 "" "" 5884535280709514880 2156.55225 0.4313 0.0403 -1.68 -1.944 0.044 0.036 1.043 "" "" 15.973669 1.463078 16.638115 15.175036 "" "" 1997.09741 2323.01392 7682.08636 2.3367 3021.1 7.508 6747.5 8.6759 "" "" 0.002775041817565274 0.0038814486 0.0040289746 0.007910423 238.37003596884 -55.52998316673 2156.55225 -1.6799999999999995 -1.9440000000000006 -0.6128386783599853 0.29308868026733403 0.14068016 0.13268016 "" "" 6.944022314674017 "" 0.9667872308902355 ""
238.51232177534 -55.27535899718 0.0288 0.0231 16.172 "" "" 5884546030966919040 2109.53882 0.4368 0.0408 -4.13 -4.499 0.043 0.037 0.976 "" "" 15.974281 1.439433 16.616291 15.176858 "" "" 1955.41162 2330.77417 7677.75404 2.3807 3082.5 7.688 6736.2 11.486 "" "" 0.0027758117856383994 0.003888166 0.004208451 0.008096617 238.51232177534 -55.27535899718 2109.53882 -4.13 -4.499 -3.0628386783599852 -2.2619113197326657 0.13968016 0.13368016 "" "" 38.07222706084137 "" 5.238455558173278 ""
237.67443278579 -55.16611632509 0.0303 0.0249 21.2118 "" "" 5884605752528707456 2263.88086 0.3865 0.0435 0.335 -0.271 0.049 0.04 1.016 "" "" 15.974328 3.020313 17.7372 14.716886 "" "" 2059.60815 2521.50635 7677.42227 10.315 1097.8 8.628 10290.0 39.177 "" "" 0.003117645509894304 0.008977768 0.005601008 0.014578776 237.67443278579 -55.16611632509 2263.88086 0.335 -0.271 1.4021613216400146 1.966088680267334 0.14568016 0.13668016 "" "" 25.913395500690278 "" 3.622153405498792 ""
237.62211205592 -55.30102553138 0.0285 0.0232 18.0627 "" "" 5884229066748430848 1849.96094 0.5036 0.0394 -6.677 -6.06 0.044 0.037 1.005 7597.8 3.2676 15.974525 2.254476 17.151525 14.89705 "" "" 1706.39014 1999.36096 7676.03096 2.5933 1882.8 6.7333 8716.4 10.68 "" "" 0.002779629199255523 0.0047813593 0.0040066815 0.008788041 237.62211205592 -55.30102553138 1849.96094 -6.677000000000001 -6.060000000000002 -5.609838678359985 -3.8229113197326656 0.14068016 0.13368016 "" "" 59.52788029447937 "" 8.24452857470196 ""
238.68155061433 -55.57724234582 0.0287 0.0224 21.6441 "" "" 5884523254799657728 1729.27319 0.546 0.0388 -2.613 -3.361 0.042 0.035 0.983 8956.0 3.8454 15.976487 1.504165 16.664606 15.160441 "" "" 1622.58557 1866.68396 7662.16984 2.3176 2948.3 7.0879 6838.8 12.509 "" "" 0.002774822493002291 0.0038207436 0.004269391 0.008090135 238.68155061433 -55.57724234582 1729.27319 -2.6130000000000004 -3.3610000000000007 -1.5458386783599853 -1.1239113197326662 0.13868016 0.13168016 "" "" 15.665870528698592 "" 2.1352605474431736 ""
238.39386119804 -55.4041909599 0.0278 0.0232 9.7002 "" "" 5884537823330220928 2125.8855 0.4274 0.0409 -2.226 -2.641 0.044 0.037 0.958 "" "" 15.977333 1.493413 16.658644 15.165231 "" "" 1955.05261 2331.1416 7656.20368 2.2992 2964.6 7.2371 6808.7 8.6757 "" "" 0.0027745449452776932 0.0038483806 0.004024633 0.007873014 238.39386119804 -55.4041909599 2125.8855 -2.226000000000001 -2.6410000000000013 -1.1588386783599853 -0.40391131973266603 0.14068016 0.13368016 "" "" 12.366252611232548 "" 1.7305184876965027 ""
238.29676423584 -55.53460518023 0.0262 0.0213 9.4465 "" "" 5884535486867657984 1567.36975 0.6063 0.0382 -2.939 -3.521 0.041 0.034 0.951 7918.7 4.2617 15.978038 1.659685 16.75578 15.096094 "" "" 1484.74475 1654.55835 7651.2354 2.3742 2710.8 5.719 7256.4 17.737 "" "" 0.0027758414489345616 0.003609964 0.004618102 0.008228066 238.29676423584 -55.53460518023 1567.36975 -2.9389999999999983 -3.520999999999999 -1.8718386783599854 -1.283911319732666 0.13768017 0.13068017 "" "" 16.863453112635028 "" 2.284659009606276 ""
