Clusters/UFMG_3/UFMG_3_members.tsv
# %ECSV 1.0
# ---
# datatype:
# - name: RA_ICRS_1
#   unit: deg
#   datatype: float64
#   format: '{:15.11f}'
#   description: Right ascension (ICRS) at Ep=2016.0 (ra)
#   meta: !!omap
#   - {ucd: POS_EQ_RA_MAIN}
#   - {width: 15}
#   - {precision: '11'}
# - name: DE_ICRS_1
#   unit: deg
#   datatype: float64
#   format: '{:15.11f}'
#   description: Declination (ICRS) at Ep=2016.0 (dec)
#   meta: !!omap
#   - {ucd: POS_EQ_DEC_MAIN}
#   - {width: 15}
#   - {precision: '11'}
# - name: e_RA_ICRS
#   unit: mas
#   datatype: float64
#   format: '{:7.4f}'
#   description: Standard error of right ascension (ra_error)
#   meta: !!omap
#   - {ucd: ERROR}
#   - {width: 7}
#   - {precision: '4'}
# - name: e_DE_ICRS
#   unit: mas
#   datatype: float64
#   format: '{:7.4f}'
#   description: Standard error of declination (dec_error)
#   meta: !!omap
#   - {ucd: ERROR}
#   - {width: 7}
#   - {precision: '4'}
# - name: _r_1
#   unit: ''
#   datatype: float64
#   format: '{:7.4f}'
#   description: Distance from center (238.11011371000-55.41799664000)[ICRS], at Epoch=J2016.0
#   meta: !!omap
#   - {ucd: POS_ANG_DIST_GENERAL}
#   - {width: 7}
#   - {precision: '4'}
# - name: HIP
#   datatype: int32
#   description: '? HIP cross-id number, van Leeuwen, Cat. I/311 (hip_original_ext_source_id)'
#   meta: !!omap
#   - {ucd: ID_NUMBER}
#   - {width: 6}
#   - values: {'null': -2147483648}
# - name: TYC2
#   datatype: string
#   description: Tycho-2 cross-id name, Hog et al., Cat. I/259 (tyc2_original_ext_source_id)
#   meta: !!omap
#   - {ucd: ID_CROSSID}
#   - {_votable_string_dtype: char}
# - name: Source
#   datatype: int64
#   description: Source identifier, identical to the Gaia-EDR3 source_id (id)
#   meta: !!omap
#   - {ucd: ID_MAIN}
#   - {width: 19}
# - name: rgeo
#   unit: pc
#   datatype: float64
#   format: '{:15.8f}'
#   description: '? Median of the geometric distance posterior (r_med_geo)'
#   meta: !!omap
#   - {ucd: PHYS_DISTANCE_TRUE}
#   - {width: 15}
#   - {precision: '8'}
#   - values: {'null': .nan}
# - name: Plx
#   unit: mas
#   datatype: float64
#   format: '{:9.4f}'
#   description: '? Parallax (parallax)'
#   meta: !!omap
#   - {ucd: POS_PARLX_TRIG}
#   - {width: 9}
#   - {precision: '4'}
#   - values: {'null': .nan}
# - name: e_Plx
#   unit: mas
#   datatype: float32
#   format: '{:7.4f}'
#   description: '? Standard error of parallax (parallax_error)'
#   meta: !!omap
#   - {ucd: ERROR}
#   - {width: 7}
#   - {precision: '4'}
#   - values: {'null': .nan}
# - name: pmRA
#   unit: mas / yr
#   datatype: float64
#   format: '{:9.3f}'
#   description: '? Proper motion in right ascension direction, pmRA*cosDE (pmra)'
#   meta: !!omap
#   - {ucd: POS_EQ_PMRA}
#   - {width: 9}
#   - {precision: '3'}
#   - values: {'null': .nan}
# - name: pmDE
#   unit: mas / yr
#   datatype: float64
#   format: '{:9.3f}'
#   description: '? Proper motion in declination direction (pmdec)'
#   meta: !!omap
#   - {ucd: POS_EQ_PMDEC}
#   - {width: 9}
#   - {precision: '3'}
#   - values: {'null': .nan}
# - name: e_pmRA
#   unit: mas / yr
#   datatype: float32
#   format: '{:6.3f}'
#   description: '? Standard error of proper motion in right ascension direction (pmra_error)'
#   meta: !!omap
#   - {ucd: ERROR}
#   - {width: 6}
#   - {precision: '3'}
#   - values: {'null': .nan}
# - name: e_pmDE
[...]
#       distance: !astropy.table.SerializedColumn
#         __class__: astropy.coordinates.distances.Distance
#         unit: !astropy.units.Unit {unit: pc}
#         value: !astropy.table.SerializedColumn {name: SkyCoord.distance}
#       frame: icrs
#       obstime: !astropy.time.Time {format: jyear_str, in_subfmt: '*', jd1: 367701545.0, jd2: 0.0, out_subfmt: '*', precision: 3, scale: tt}
#       pm_dec: !astropy.table.SerializedColumn
#         __class__: astropy.units.quantity.Quantity
#         unit: !astropy.units.Unit {unit: mas / yr}
#         value: !astropy.table.SerializedColumn {name: SkyCoord.pm_dec}
#       pm_ra_cosdec: !astropy.table.SerializedColumn
#         __class__: astropy.units.quantity.Quantity
#         unit: !astropy.units.Unit {unit: mas / yr}
#         value: !astropy.table.SerializedColumn {name: SkyCoord.pm_ra_cosdec}
#       ra: !astropy.table.SerializedColumn
#         __class__: astropy.coordinates.angles.Longitude
#         unit: *id001
#         value: !astropy.table.SerializedColumn {name: SkyCoord.ra}
#         wrap_angle: !astropy.coordinates.Angle
#           unit: *id001
#           value: 360.0
#       representation_type: spherical
# schema: astropy-2.0
RA_ICRS_1 DE_ICRS_1 e_RA_ICRS e_DE_ICRS _r_1 HIP TYC2 Source rgeo Plx e_Plx pmRA pmDE e_pmRA e_pmDE RUWE Teff logg Gmag BP-RP BPmag RPmag RV e_RV b_rgeo B_rgeo FG e_FG FBP e_FBP FRP e_FRP RAVE5 RAVE6 e_Gmag e_BPmag e_RPmag e_BP-RP SkyCoord.ra SkyCoord.dec SkyCoord.distance SkyCoord.pm_ra_cosdec SkyCoord.pm_dec rmRA rmDE e_rmRA e_rmDE rRV e_rRV v_pec v_pec3d e_vpec e_vpec3d Pmemb
[from data line 31]
238.16599377668 -55.23971911406 0.0132 0.011 10.8654 "" "" 5884596127465513216 1983.79492 0.463 0.0187 -1.186 -2.258 0.021 0.019 0.976 "" "" 14.235928 1.319386 14.807352 13.487967 "" "" 1928.12402 2044.15759 38069.37955 7.1925 16311.0 14.268 31913.0 36.097 "" "" 0.002762945451080369 0.0029473824 0.003973904 0.0069212867 238.16599377668 -55.23971911406 1983.79492 -1.1859999999999997 -2.258 -0.1188386783599853 -0.020911319732666023 0.11768016 0.115680166 "" "" 1.1346307041879597 "" 0.13345593387922133 "" 0.9
238.05123354938 -55.4192076631 0.0147 0.0114 2.0065 "" "" 5884586682873552512 1891.81311 0.4857 0.0212 -1.019 -2.184 0.024 0.019 1.025 "" "" 14.276249 1.315696 14.848428 13.532732 "" "" 1804.48987 1956.52698 36681.49906 6.8912 15705.0 14.546 30624.0 16.617 "" "" 0.002762859800123474 0.0029658559 0.0038250238 0.0067908796 238.05123354938 -55.4192076631 1891.81311 -1.0190000000000006 -2.184 0.04816132164001474 0.05308868026733382 0.12068017 0.115680166 "" "" 0.6427621255944098 "" 0.07582257268159157 "" 0.9
237.92971312897 -55.39992242307 0.0137 0.0116 6.2399 "" "" 5884587679306035328 1815.53418 0.5163 0.0207 -1.172 -2.249 0.022 0.02 1.016 "" "" 14.412662 1.155159 14.887836 13.732677 "" "" 1755.32654 1896.23071 32350.54389 5.8649 15145.0 11.443 25473.0 68.272 "" "" 0.002762342049785422 0.0029082657 0.0047698626 0.0076781283 237.92971312897 -55.39992242307 1815.53418 -1.172 -2.249 -0.10483867835998528 -0.011911319732666126 0.118680164 0.11668016 "" "" 0.908007471750237 "" 0.10773952504249441 "" 0.9
237.90396179891 -55.41873208714 0.0137 0.0115 7.0206 "" "" 5884212333554988416 1945.62256 0.4797 0.0205 -0.897 -2.279 0.021 0.02 0.958 "" "" 14.427267 1.130297 14.90057 13.770273 "" "" 1867.70679 2064.09448 31918.3218 5.4038 14969.0 10.843 24606.0 11.421 "" "" 0.002761444868251126 0.0028988929 0.0038128325 0.006711725 237.90396179891 -55.41873208714 1945.62256 -0.8969999999999996 -2.279 0.17016132164001463 -0.04191131973266593 0.11768016 0.11668016 "" "" 1.6161697859638535 "" 0.1900990550302386 "" 0.9
237.91292466495 -55.47464156707 0.0148 0.0119 7.5221 "" "" 5884211543280932224 2064.97217 0.447 0.0232 -1.012 -2.201 0.025 0.021 0.94 9172.3 3.7936 14.433663 1.464365 15.092638 13.628273 "" "" 1962.32788 2161.68872 31730.83308 6.1411 12542.0 9.9793 28045.0 16.296 "" "" 0.0027633212288003593 0.0029208476 0.0038316762 0.0067525236 237.91292466495 -55.47464156707 2064.97217 -1.0119999999999998 -2.2009999999999996 0.05516132164001464 0.03608868026733392 0.12168016 0.11768016 "" "" 0.6452019085930559 "" 0.07774370941807729 "" 0.8
237.87932360309 -55.33495145519 0.0142 0.0123 9.3129 "" "" 5884591046560499072 1882.91943 0.4954 0.0214 -0.996 -2.187 0.022 0.022 0.987 "" "" 14.446722 1.40904 15.07409 13.66505 "" "" 1822.22827 1941.15295 31351.47248 5.0244 12758.0 11.718 27111.0 17.094 "" "" 0.002760808865360446 0.0029630247 0.0038408819 0.0068039065 237.87932360309 -55.33495145519 1882.91943 -0.9959999999999998 -2.1870000000000003 0.07116132164001465 0.05008868026733415 0.118680164 0.118680164 "" "" 0.7766736964118215 "" 0.09217576183391639 "" 0.8
238.19655092959 -55.42072334468 0.0151 0.0116 2.9481 "" "" 5884541224944164736 1871.35608 0.4913 0.0219 -1.191 -2.295 0.024 0.019 1.019 "" "" 14.482297 1.124184 14.946344 13.822161 "" "" 1802.8208 1941.67004 30340.85718 5.0923 14351.0 12.209 23458.0 21.34 "" "" 0.002761339481212022 0.0029390876 0.0039063143 0.0068454016 238.19655092959 -55.42072334468 1871.35608 -1.1910000000000005 -2.295000000000001 -0.12383867835998541 -0.057911319732665945 0.12068017 0.115680166 "" "" 1.2126525795653946 "" 0.1452737456953703 "" 0.9
237.91392526019 -55.38815970271 0.0145 0.0125 6.9193 "" "" 5884590634243555712 1989.48767 0.4668 0.0226 -1.098 -2.245 0.022 0.021 0.982 9031.1 3.6053 14.507575 1.202253 15.018836 13.816583 "" "" 1886.98157 2089.55762 29642.64258 5.1897 13424.0 13.007 23579.0 15.034 "" "" 0.0027618692963640975 0.0029819072 0.0038422598 0.006824167 237.91392526019 -55.38815970271 1989.48767 -1.0980000000000005 -2.245000000000002 -0.03083867835998544 -0.007911319732666122 0.118680164 0.11768016 "" "" 0.30023111077170955 "" 0.035613012022462254 "" 0.8
237.79481240462 -55.44409776572 0.016 0.0142 10.8477 "" "" 5884214910535379328 1904.66174 0.4824 0.0222 -1.063 -2.164 0.023 0.023 0.977 "" "" 14.533853 1.356491 15.131737 13.775246 "" "" 1826.66931 1985.67529 28933.80811 5.2975 12098.0 9.8596 24494.0 14.858 "" "" 0.0027624818527243826 0.0029271161 0.0038363377 0.0067634536 237.79481240462 -55.44409776572 1904.66174 -1.0629999999999997 -2.1640000000000006 0.0041613216400147035 0.07308868026733384 0.119680166 0.119680166 "" "" 0.6609202987185024 "" 0.07909905122499948 "" 0.8
238.08960184372 -55.4310668095 0.0158 0.0133 1.0501 "" "" 5884586785952748928 1849.39539 0.5044 0.0239 -1.008 -2.142 0.026 0.022 1.019 7181.2 3.6088 14.550566 1.217515 15.070321 13.852806 "" "" 1768.79309 1921.74158 28491.83125 5.6533 12802.0 12.955 22805.0 17.318 "" "" 0.002763729263062855 0.0029987025 0.0038682725 0.0068669748 238.08960184372 -55.4310668095 1849.39539 -1.0080000000000002 -2.141999999999999 0.05916132164001464 0.09508868026733408 0.122680165 0.118680164 "" "" 0.9817255859604211 "" 0.11762042017808523 "" 0.8
238.2017717601 -55.50810569033 0.0153 0.0124 6.2411 "" "" 5884538304366281344 2002.8053 0.4636 0.0226 -0.969 -2.243 0.025 0.021 1.005 9022.1 3.5947 14.585545 1.143057 15.050339 13.907282 "" "" 1909.52893 2082.20898 27588.54871 4.7896 13040.0 13.634 21689.0 43.977 "" "" 0.002761760113295843 0.0030122604 0.004373802 0.0073860623 238.2017717601 -55.50810569033 2002.8053 -0.9690000000000005 -2.243000000000001 0.09816132164001468 -0.005911319732665898 0.12168016 0.11768016 "" "" 0.9335627862972075 "" 0.11358279952947413 "" 0.9
238.16038046792 -55.31809468022 0.0148 0.0121 6.2344 "" "" 5884589049359251712 2064.04443 0.4451 0.0213 -1.047 -2.167 0.022 0.02 0.954 "" "" 14.596238 1.274842 15.136645 13.861803 "" "" 1973.89612 2151.80396 27318.15644 5.4538 12044.0 15.304 22617.0 21.029 "" "" 0.002763832988363017 0.0031126179 0.0039118826 0.0070245005 238.16038046792 -55.31809468022 2064.04443 -1.047 -2.1670000000000003 0.020161321640014718 0.07008868026733417 0.118680164 0.11668016 "" "" 0.7135236576308462 "" 0.083363974193224 "" 0.8
238.10363242265 -55.43674243562 0.0156 0.0127 1.1462 "" "" 5884586785952744320 1785.83301 0.526 0.0235 -1.052 -2.21 0.026 0.021 0.937 "" "" 14.599258 1.242317 15.133007 13.89069 "" "" 1719.85767 1867.63574 27242.28402 4.8718 12084.0 13.237 22023.0 10.614 "" "" 0.0027621530236765037 0.0030330776 0.0038154344 0.006848512 238.10363242265 -55.43674243562 1785.83301 -1.052 -2.2100000000000013 0.015161321640014602 0.02708868026733402 0.122680165 0.11768016 "" "" 0.26277353066820935 "" 0.031241651752788847 "" 0.8
238.02495811754 -55.42588531381 0.0157 0.0127 2.9381 "" "" 5884586717233292288 1903.37244 0.4887 0.0235 -0.898 -2.173 0.026 0.022 0.96 "" "" 14.626111 1.268716 15.175644 13.906928 "" "" 1822.71472 1992.90161 26576.76845 4.5505 11619.0 14.915 21696.0 12.619 "" "" 0.0027615844201723688 0.0031188992 0.0038317766 0.0069506755 238.02495811754 -55.42588531381 1903.37244 -0.8979999999999998 -2.1729999999999987 0.16916132164001463 0.06408868026733394 0.122680165 0.118680164 "" "" 1.6320298146407672 "" 0.19941001057714583 "" 0.8
238.17523137693 -55.36754368314 0.0147 0.0121 3.7534 "" "" 5884541637261067264 1978.02209 0.4666 0.0218 -1.098 -2.319 0.022 0.02 1.001 "" "" 14.626998 1.063332 15.06646 14.003128 "" "" 1892.05737 2066.72485 26555.06762 4.5637 12848.0 10.99 19857.0 12.043 "" "" 0.002761631063979668 0.002940676 0.003836317 0.006776993 238.17523137693 -55.36754368314 1978.02209 -1.0979999999999992 -2.319 -0.03083867835998544 -0.08191131973266597 0.118680164 0.11668016 "" "" 0.8206117066337875 "" 0.09595438439172105 "" 0.9
238.14232702925 -55.26096662935 0.0151 0.0122 9.4857 "" "" 5884590221926765568 1985.26965 0.4623 0.0215 -1.061 -2.19 0.024 0.021 0.999 "" "" 14.662212 1.38485 15.273455 13.888604 "" "" 1904.11609 2070.12427 25707.61624 4.3911 10618.0 11.527 22066.0 14.126 "" "" 0.0027615543676361267 0.0030289185 0.0038427634 0.0068716817 238.14232702925 -55.26096662935 1985.26965 -1.0610000000000004 -2.1900000000000004 0.006161321640014705 0.04708868026733404 0.12068017 0.11768016 "" "" 0.4468899141107337 "" 0.05261292679654976 "" 0.8
238.14874664378 -55.41449978757 0.0154 0.0121 1.3323 "" "" 5884539987993761152 1881.81885 0.5017 0.023 -1.069 -2.272 0.026 0.021 0.984 "" "" 14.671455 1.164571 15.159469 13.994898 "" "" 1800.23804 1973.7085 25489.69805 4.3376 11793.0 10.741 20008.0 12.845 "" "" 0.0027615078936567583 0.0029602258 0.003843122 0.0068033477 238.14874664378 -55.41449978757 1881.81885 -1.0689999999999993 -2.271999999999999 -0.0018386783599853018 -0.03491131973266581 0.122680165 0.11768016 "" "" 0.31183432427682534 "" 0.036701118124680326 "" 0.9
238.25010197649 -55.3173030133 0.0155 0.0123 7.6998 "" "" 5884542152657289344 1930.2854 0.481 0.0218 -1.045 -2.184 0.024 0.021 0.942 "" "" 14.682598 1.165014 15.172899 14.007885 "" "" 1847.50769 2017.11487 25229.42505 4.5081 11648.0 8.919 19770.0 12.079 "" "" 0.0027621417271772347 0.0029113928 0.0038371568 0.0067485496 238.25010197649 -55.3173030133 1930.2854 -1.0449999999999997 -2.184 0.02216132164001472 0.05308868026733382 0.12068017 0.11768016 "" "" 0.5263603531588779 "" 0.06217903688041782 "" 0.9
238.16353605266 -55.31348404461 0.0154 0.0126 6.53 "" "" 5884589053695583360 1877.80933 0.493 0.0222 -1.021 -2.294 0.023 0.021 1.01 "" "" 14.734722 1.259253 15.273543 14.014291 "" "" 1805.40137 1957.11951 24046.8382 4.2077 10617.0 12.311 19654.0 13.171 "" "" 0.002761862113721206 0.0030610547 0.0038487825 0.006909837 238.16353605266 -55.31348404461 1877.80933 -1.021 -2.2939999999999987 0.04616132164001474 -0.056911319732666055 0.119680166 0.11768016 "" "" 0.6522401237583308 "" 0.07727601290155726 "" 0.8
237.92691160724 -55.45403328094 0.0154 0.0131 6.6003 "" "" 5884211955597812480 1883.25195 0.4913 0.0234 -1.088 -2.138 0.026 0.022 0.973 "" "" 14.738353 1.524118 15.433949 13.909831 "" "" 1816.82959 1955.36377 23966.55455 4.461 9158.8 9.2731 21638.0 12.016 "" "" 0.0027627216511384375 0.0029989127 0.0038271728 0.0068260855 237.92691160724 -55.45403328094 1883.25195 -1.0879999999999996 -2.137999999999999 -0.02083867835998543 0.09908868026733408 0.122680165 0.118680164 "" "" 0.9038749945522514 "" 0.10742763238107927 "" 0.8
238.14083157344 -55.44360123536 0.0172 0.0134 1.8584 "" "" 5884539816194886656 1788.49805 0.5217 0.0253 -1.066 -2.139 0.028 0.023 0.934 7959.9 3.9371 14.744227 1.231989 15.26648 14.034492 "" "" 1709.64624 1870.0332 23837.23629 4.6549 10686.0 13.531 19291.0 18.104 "" "" 0.002763465629091265 0.0031104854 0.0039143255 0.0070248106 238.14083157344 -55.44360123536 1788.49805 -1.066 -2.139 0.0011613216400145898 0.0980886802673342 0.12468016 0.119680166 "" "" 0.8316031778625911 "" 0.09952700151080152 "" 0.9
238.032547647 -55.49235453231 0.0158 0.0132 5.1836 "" "" 5884210959165310976 1774.55994 0.5284 0.0245 -0.978 -2.127 0.026 0.024 1.026 "" "" 14.761171 1.31786 15.33713 14.01927 "" "" 1718.23975 1849.38586 23468.12041 4.4422 10013.0 9.1605 19564.0 13.467 "" "" 0.0027629741099033595 0.0029617036 0.0038525697 0.006814273 238.032547647 -55.49235453231 1774.55994 -0.9779999999999992 -2.127 0.08916132164001467 0.1100886802673342 0.122680165 0.12068017 "" "" 1.1916114883948334 "" 0.14475259754932468 "" 0.9
238.07710996761 -55.45911751385 0.0164 0.0138 2.711 "" "" 5884586373635879296 1785.5708 0.5219 0.0248 -1.074 -2.333 0.026 0.023 0.962 "" "" 14.777674 1.301186 15.343276 14.04209 "" "" 1708.59326 1878.14685 23114.12414 4.5591 9956.5 8.7005 19157.0 12.901 "" "" 0.0027636300940125733 0.002947069 0.0038494598 0.0067965286 238.07710996761 -55.45911751385 1785.5708 -1.0739999999999994 -2.3329999999999997 -0.006838678359985417 -0.0959113197326662 0.122680165 0.119680166 "" "" 0.8138164443182028 "" 0.09741019083898846 "" 0.9
238.08814238893 -55.4794818909 0.0176 0.0143 3.7641 "" "" 5884539335158528384 1911.58008 0.4797 0.0258 -1.089 -2.171 0.029 0.024 0.933 7520.5 3.5817 14.798951 1.229068 15.320564 14.091496 "" "" 1815.8595 2002.73584 22665.55177 4.6323 10167.0 10.606 18305.0 19.006 "" "" 0.0027642410209159775 0.0030112904 0.0039439276 0.006955218 238.08814238893 -55.4794818909 1911.58008 -1.089 -2.171 -0.02183867835998532 0.06608868026733417 0.12568016 0.12068017 "" "" 0.630669258101376 "" 0.07642547517448815 "" 0.9
238.07588276983 -55.42229905337 0.0175 0.014 1.1939 "" "" 5884586854672236800 1955.5304 0.479 0.0255 -1.107 -2.219 0.028 0.024 0.99 "" "" 14.859384 1.213354 15.376551 14.163197 "" "" 1870.18323 2046.34033 21438.43794 3.9286 9656.0 10.254 17135.0 12.002 "" "" 0.002762494357323381 0.003019007 0.003855136 0.006874143 238.07588276983 -55.42229905337 1955.5304 -1.1069999999999998 -2.2190000000000003 -0.039838678359985336 0.018088680267334123 0.12468016 0.12068017 "" "" 0.405555462320249 "" 0.050291154612060206 "" 0.9
238.11725006264 -55.32263527914 0.0166 0.0136 5.7269 "" "" 5884588916256636672 2045.89343 0.4499 0.0236 -1.059 -2.204 0.025 0.023 0.991 "" "" 14.887856 1.2661 15.432668 14.166568 "" "" 1954.41345 2131.71387 20883.5479 3.7669 9169.6 8.7144 17082.0 12.453 "" "" 0.0027622713819852296 0.0029748508 0.0038613759 0.0068362267 238.11725006264 -55.32263527914 2045.89343 -1.0590000000000006 -2.2040000000000015 0.008161321640014707 0.0330886802673338 0.12168016 0.119680166 "" "" 0.33049505154702463 "" 0.03959190699083938 "" 0.8
238.33793461386 -55.33008533484 0.0173 0.0138 9.3888 "" "" 5884547031740586368 2055.37476 0.4529 0.0253 -1.058 -2.234 0.026 0.023 1.051 "" "" 14.89631 1.18868 15.394725 14.206045 "" "" 1954.02917 2172.38574 20721.57123 4.2283 9495.7 9.582 16472.0 9.6597 "" "" 0.002764212877075144 0.0029975649 0.0038326397 0.0068302043 238.33793461386 -55.33008533484 2055.37476 -1.058 -2.234 0.009161321640014597 0.0030886802673339986 0.122680165 0.119680166 "" "" 0.09419002767696055 "" 0.011526725184915708 "" 0.8
237.96178374263 -55.53643469603 0.0174 0.0146 8.7143 "" "" 5884210615567903616 1710.54602 0.5463 0.0265 -0.984 -2.341 0.031 0.026 1.05 "" "" 14.921241 1.573748 15.644483 14.070735 "" "" 1640.4729 1780.43799 20251.18697 4.0987 7544.4 9.9197 18658.0 12.092 "" "" 0.00276406900720499 0.0031341685 0.0038443273 0.006978496 237.96178374263 -55.53643469603 1710.54602 -0.9839999999999994 -2.340999999999999 0.08316132164001466 -0.10391131973266621 0.12768017 0.122680165 "" "" 1.079104924634238 "" 0.1345170937248563 "" 0.8
237.95960310568 -55.35450609466 0.0172 0.0143 6.3895 "" "" 5884587846768322560 1945.17859 0.4787 0.0256 -1.099 -2.226 0.027 0.024 1.014 "" "" 14.939096 1.433083 15.57491 14.141827 "" "" 1855.70105 2040.03381 19920.87529 3.8252 8043.6 12.645 17475.0 11.038 "" "" 0.002763196418542685 0.0032708333 0.0038411 0.007111933 237.95960310568 -55.35450609466 1945.17859 -1.098999999999999 -2.2259999999999986 -0.03183867835998533 0.011088680267334006 0.12368017 0.12068017 "" "" 0.3108516396809019 "" 0.03834639707574261 "" 0.8
238.32547811716 -55.38493920531 0.0169 0.0136 7.6007 "" "" 5884541018785903872 1882.46667 0.4942 0.025 -1.102 -2.195 0.028 0.023 1.023 "" "" 14.939213 1.315028 15.51272 14.197692 "" "" 1790.71265 1971.29443 19918.73663 3.7493 8517.8 8.2717 16599.0 9.9908 "" "" 0.0027628890042863674 0.0029827398 0.003835464 0.0068182037 238.32547811716 -55.38493920531 1882.46667 -1.1020000000000005 -2.195000000000002 -0.03483867835998544 0.042088680267334144 0.12468016 0.119680166 "" "" 0.4875191322321283 "" 0.05934953848656532 "" 0.8
