Clusters/UFMG_3/UFMG_3_members.tsv
# %ECSV 1.0
# ---
# datatype:
# - name: RA_ICRS_1
#   unit: deg
#   datatype: float64
#   format: '{:15.11f}'
#   description: Right ascension (ICRS) at Ep=2016.0 (ra)
#   meta: !!omap
#   - {ucd: POS_EQ_RA_MAIN}
#   - {width: 15}
#   - {precision: '11'}
# - name: DE_ICRS_1
#   unit: deg
#   datatype: float64
#   format: '{:15.11f}'
#   description: Declination (ICRS) at Ep=2016.0 (dec)
#   meta: !!omap
#   - {ucd: POS_EQ_DEC_MAIN}
#   - {width: 15}
#   - {precision: '11'}
# - name: e_RA_ICRS
#   unit: mas
#   datatype: float64
#   format: '{:7.4f}'
#   description: Standard error of right ascension (ra_error)
#   meta: !!omap
#   - {ucd: ERROR}
#   - {width: 7}
#   - {precision: '4'}
# - name: e_DE_ICRS
#   unit: mas
#   datatype: float64
#   format: '{:7.4f}'
#   description: Standard error of declination (dec_error)
#   meta: !!omap
#   - {ucd: ERROR}
#   - {width: 7}
#   - {precision: '4'}
# - name: _r_1
#   unit: ''
#   datatype: float64
#   format: '{:7.4f}'
#   description: Distance from center (238.11011371000-55.41799664000)[ICRS], at Epoch=J2016.0
#   meta: !!omap
#   - {ucd: POS_ANG_DIST_GENERAL}
#   - {width: 7}
#   - {precision: '4'}
# - name: HIP
#   datatype: int32
#   description: '? HIP cross-id number, van Leeuwen, Cat. I/311 (hip_original_ext_source_id)'
#   meta: !!omap
#   - {ucd: ID_NUMBER}
#   - {width: 6}
#   - values: {'null': -2147483648}
# - name: TYC2
#   datatype: string
#   description: Tycho-2 cross-id name, Hog et al., Cat. I/259 (tyc2_original_ext_source_id)
#   meta: !!omap
#   - {ucd: ID_CROSSID}
#   - {_votable_string_dtype: char}
# - name: Source
#   datatype: int64
#   description: Source identifier, identical to the Gaia-EDR3 source_id (id)
#   meta: !!omap
#   - {ucd: ID_MAIN}
#   - {width: 19}
# - name: rgeo
#   unit: pc
#   datatype: float64
#   format: '{:15.8f}'
#   description: '? Median of the geometric distance posterior (r_med_geo)'
#   meta: !!omap
#   - {ucd: PHYS_DISTANCE_TRUE}
#   - {width: 15}
#   - {precision: '8'}
#   - values: {'null': .nan}
# - name: Plx
#   unit: mas
#   datatype: float64
#   format: '{:9.4f}'
#   description: '? Parallax (parallax)'
#   meta: !!omap
#   - {ucd: POS_PARLX_TRIG}
#   - {width: 9}
#   - {precision: '4'}
#   - values: {'null': .nan}
# - name: e_Plx
#   unit: mas
#   datatype: float32
#   format: '{:7.4f}'
#   description: '? Standard error of parallax (parallax_error)'
#   meta: !!omap
#   - {ucd: ERROR}
#   - {width: 7}
#   - {precision: '4'}
#   - values: {'null': .nan}
# - name: pmRA
#   unit: mas / yr
#   datatype: float64
#   format: '{:9.3f}'
#   description: '? Proper motion in right ascension direction, pmRA*cosDE (pmra)'
#   meta: !!omap
#   - {ucd: POS_EQ_PMRA}
#   - {width: 9}
#   - {precision: '3'}
#   - values: {'null': .nan}
# - name: pmDE
#   unit: mas / yr
#   datatype: float64
#   format: '{:9.3f}'
#   description: '? Proper motion in declination direction (pmdec)'
#   meta: !!omap
#   - {ucd: POS_EQ_PMDEC}
#   - {width: 9}
#   - {precision: '3'}
#   - values: {'null': .nan}
# - name: e_pmRA
#   unit: mas / yr
#   datatype: float32
#   format: '{:6.3f}'
#   description: '? Standard error of proper motion in right ascension direction (pmra_error)'
#   meta: !!omap
#   - {ucd: ERROR}
#   - {width: 6}
#   - {precision: '3'}
#   - values: {'null': .nan}
# - name: e_pmDE
[...]
#       distance: !astropy.table.SerializedColumn
#         __class__: astropy.coordinates.distances.Distance
#         unit: !astropy.units.Unit {unit: pc}
#         value: !astropy.table.SerializedColumn {name: SkyCoord.distance}
#       frame: icrs
#       obstime: !astropy.time.Time {format: jyear_str, in_subfmt: '*', jd1: 367701545.0, jd2: 0.0, out_subfmt: '*', precision: 3, scale: tt}
#       pm_dec: !astropy.table.SerializedColumn
#         __class__: astropy.units.quantity.Quantity
#         unit: !astropy.units.Unit {unit: mas / yr}
#         value: !astropy.table.SerializedColumn {name: SkyCoord.pm_dec}
#       pm_ra_cosdec: !astropy.table.SerializedColumn
#         __class__: astropy.units.quantity.Quantity
#         unit: !astropy.units.Unit {unit: mas / yr}
#         value: !astropy.table.SerializedColumn {name: SkyCoord.pm_ra_cosdec}
#       ra: !astropy.table.SerializedColumn
#         __class__: astropy.coordinates.angles.Longitude
#         unit: *id001
#         value: !astropy.table.SerializedColumn {name: SkyCoord.ra}
#         wrap_angle: !astropy.coordinates.Angle
#           unit: *id001
#           value: 360.0
#       representation_type: spherical
# schema: astropy-2.0
RA_ICRS_1 DE_ICRS_1 e_RA_ICRS e_DE_ICRS _r_1 HIP TYC2 Source rgeo Plx e_Plx pmRA pmDE e_pmRA e_pmDE RUWE Teff logg Gmag BP-RP BPmag RPmag RV e_RV b_rgeo B_rgeo FG e_FG FBP e_FBP FRP e_FRP RAVE5 RAVE6 e_Gmag e_BPmag e_RPmag e_BP-RP SkyCoord.ra SkyCoord.dec SkyCoord.distance SkyCoord.pm_ra_cosdec SkyCoord.pm_dec rmRA rmDE e_rmRA e_rmDE rRV e_rRV v_pec v_pec3d e_vpec e_vpec3d Pmemb
[from data line 93]
238.16006579123 -55.44506794256 0.0253 0.0202 2.3516 "" "" 5884539816194879360 2069.18872 0.4472 0.0376 -1.046 -2.227 0.04 0.034 0.969 9200.1 4.0749 15.775319 1.398082 16.360342 14.96226 "" "" 1932.41626 2228.52271 9221.8734 3.1463 3901.9 11.844 8208.3 26.903 "" "" 0.002780109215706152 0.0043181744 0.0051910435 0.009509218 238.16006579123 -55.44506794256 2069.18872 -1.0459999999999998 -2.2270000000000003 0.021161321640014608 0.010088680267334116 0.13668016 0.13068017 "" "" 0.2299297093490793 "" 0.031175941055582176 "" 0.9
238.06674576789 -55.54656455321 0.0244 0.02 7.8537 "" "" 5884163783241209088 2209.90771 0.425 0.0367 -1.07 -2.267 0.041 0.034 0.975 "" "" 15.788605 1.481732 16.461018 14.979285 "" "" 2041.24341 2404.72607 9109.71348 2.3939 3556.4 8.8065 8080.6 9.9034 "" "" 0.0027700531438390862 0.0038747017 0.00400679 0.007881491 238.06674576789 -55.54656455321 2209.90771 -1.07 -2.267 -0.0028386783599854137 -0.02991131973266592 0.13768017 0.13068017 "" "" 0.31472776596619195 "" 0.04114886613050609 "" 0.8
238.2329003258 -55.30036435053 0.0278 0.0232 8.2068 "" "" 5884589156775242496 1634.83801 0.5769 0.041 -1.245 -2.52 0.043 0.04 1.172 8965.6 3.8204 15.820975 1.444037 16.4581 15.014062 "" "" 1545.49084 1740.83313 8842.12823 2.994 3566.0 7.9347 7825.9 10.617 "" "" 0.002779738551237093 0.003690728 0.0040562726 0.0077470005 238.2329003258 -55.30036435053 1634.83801 -1.2450000000000003 -2.5199999999999987 -0.17783867835998546 -0.28291131973266603 0.13968016 0.13668016 "" "" 2.5894790473714417 "" 0.3561478315711692 "" 0.8
238.11603546647 -55.37703142116 0.0255 0.0208 2.4662 "" "" 5884587022134559872 2214.50464 0.417 0.0377 -1.089 -2.207 0.039 0.035 0.977 "" "" 15.869182 1.411264 16.506048 15.094784 "" "" 2043.86072 2422.03784 8458.12838 2.4039 3411.9 8.3684 7265.2 9.0943 "" "" 0.002772545838199232 0.0038570187 0.004016321 0.00787334 238.11603546647 -55.37703142116 2214.50464 -1.089 -2.207 -0.02183867835998532 0.030088680267334134 0.13568017 0.13168016 "" "" 0.39025570896672607 "" 0.05193284635997939 "" 0.9
237.97543893501 -55.36869870746 0.0279 0.0226 5.4599 "" "" 5884587782385711360 2069.76831 0.4477 0.0416 -1.023 -2.194 0.044 0.04 1.055 "" "" 15.886903 1.393965 16.511055 15.11709 "" "" 1930.19885 2288.14355 8321.1921 2.3967 3396.2 7.1818 7117.4 8.7307 "" "" 0.0027730095107458045 0.0036133754 0.004007184 0.007620559 237.97543893501 -55.36869870746 2069.76831 -1.0230000000000004 -2.194 0.04416132164001474 0.043088680267334034 0.14068016 0.13668016 "" "" 0.6053176526375355 "" 0.0839840322354608 "" 0.9
238.29269620152 -55.44208660348 0.0273 0.0224 6.3818 "" "" 5884540262871642624 1800.34924 0.5202 0.0413 -0.963 -2.361 0.043 0.038 1.098 9968.8 4.48 15.928981 1.369409 16.512928 15.143519 "" "" 1670.95728 1955.46326 8004.86906 2.6824 3390.4 12.253 6946.3 12.665 "" "" 0.002779237067481237 0.0048147575 0.004266441 0.009081198 238.29269620152 -55.44208660348 1800.34924 -0.9629999999999994 -2.3610000000000007 0.10416132164001468 -0.12391131973266623 0.13968016 0.13468017 "" "" 1.381387588277758 "" 0.18893595294068016 "" 0.9
238.07389451517 -55.44877707041 0.0269 0.0221 2.2206 "" "" 5884586373636425856 1828.40564 0.5188 0.0403 -1.114 -2.056 0.044 0.038 1.01 8492.0 3.5703 15.953971 1.477723 16.614132 15.136409 "" "" 1691.40625 1981.59973 7822.73229 2.3256 3088.6 7.5248 6991.9 10.152 "" "" 0.002774161776243187 0.0038447499 0.004094988 0.007939738 238.07389451517 -55.44877707041 1828.40564 -1.114 -2.055999999999999 -0.04683867835998545 0.18108868026733393 0.14068016 0.13468017 "" "" 1.621078597944882 "" 0.2189497329621118 "" 0.9
237.94774164443 -55.37805321458 0.0268 0.0225 6.0292 "" "" 5884587816745007744 2166.12305 0.4333 0.0409 -1.201 -2.242 0.04 0.038 0.99 9256.0 4.1885 15.964536 1.435256 16.603752 15.168496 "" "" 1999.74182 2360.78833 7746.97997 2.2581 3118.3 6.5749 6788.3 10.901 "" "" 0.002773435382973178 0.0036091232 0.004162166 0.007771289 237.94774164443 -55.37805321458 2166.12305 -1.201 -2.242 -0.13383867835998542 -0.0049113197326660085 0.13668016 0.13468017 "" "" 1.3751032702468005 "" 0.18794565812459543 "" 0.9
238.24583394353 -55.49378523402 0.0268 0.022 6.4807 "" "" 5884538510485627136 1926.9231 0.495 0.0411 -1.201 -2.235 0.043 0.037 0.985 9358.7 4.1901 16.000969 1.448487 16.622366 15.173879 "" "" 1796.16235 2066.9021 7491.33572 2.3707 3065.3 6.1346 6754.7 8.6513 "" "" 0.002776660600927441 0.0035364525 0.0040270924 0.007563545 238.24583394353 -55.49378523402 1926.9231 -1.2010000000000007 -2.2349999999999994 -0.13383867835998542 0.0020886802673341087 0.13968016 0.13368016 "" "" 1.2225798762754814 "" 0.17076840752699632 "" 0.9
237.97086805324 -55.42967692649 0.0283 0.0246 4.7928 "" "" 5884587335708596864 2043.00281 0.4708 0.0443 -1.311 -2.379 0.051 0.041 0.921 "" "" 16.010288 1.542235 16.697496 15.155261 "" "" 1877.68652 2311.79541 7427.3035 2.5846 2860.3 15.5 6871.5 14.793 "" "" 0.002781103801031393 0.006511682 0.004443767 0.010955449 237.97086805324 -55.42967692649 2043.00281 -1.311 -2.3790000000000004 -0.2438386783599853 -0.14191131973266602 0.14768016 0.13768017 "" "" 2.732079073937386 "" 0.39673921546625246 "" 0.9
238.23645068548 -55.49151546037 0.0286 0.0228 6.1591 "" "" 5884538716683151872 2016.03723 0.4788 0.0425 -1.301 -2.177 0.046 0.039 0.965 7992.4 3.9637 16.010515 1.447735 16.664845 15.21711 "" "" 1838.1145 2199.36084 7425.75631 2.1309 2947.7 6.2595 6491.0 7.487 "" "" 0.002772879596228552 0.003619497 0.003981466 0.007600963 238.23645068548 -55.49151546037 2016.03723 -1.3010000000000004 -2.1770000000000014 -0.23383867835998529 0.06008868026733394 0.14268017 0.13568017 "" "" 2.3071631251237057 "" 0.32820914562405684 "" 0.9
238.15725286748 -55.28284646896 0.0281 0.0229 8.2669 "" "" 5884589466012487552 2000.45715 0.4682 0.0443 -1.136 -2.25 0.047 0.039 0.981 9257.8 3.8341 16.025742 1.52872 16.69792 15.1692 "" "" 1853.68066 2159.14746 7322.34611 2.5122 2859.2 10.755 6783.9 35.694 "" "" 0.002780386112511659 0.0049461545 0.0068497057 0.01179586 238.15725286748 -55.28284646896 2000.45715 -1.136 -2.25 -0.06883867835998525 -0.012911319732666016 0.14368016 0.13568017 "" "" 0.6641217775881911 "" 0.09524543462736737 "" 0.9
238.05986448586 -55.38087306309 0.0294 0.0234 2.8094 "" "" 5884587163909928448 2156.01929 0.444 0.0427 -1.173 -2.213 0.045 0.04 0.995 8253.8 3.5773 16.036835 1.45009 16.693913 15.243822 "" "" 1970.86194 2388.74561 7247.90596 2.2024 2869.8 6.2956 6333.3 8.133 "" "" 0.0027750020297856236 0.0036685334 0.0040283618 0.007696895 238.05986448586 -55.38087306309 2156.01929 -1.173 -2.213 -0.1058386783599854 0.024088680267333906 0.14168017 0.13668016 "" "" 1.1092824915330943 "" 0.156894758473081 "" 0.9
238.34668609642 -55.36434720971 0.0289 0.0233 8.6808 "" "" 5884546928661326720 1872.62891 0.5006 0.0429 -1.077 -2.236 0.048 0.039 0.987 8467.8 3.7259 16.054272 1.540806 16.76091 15.220104 "" "" 1727.50159 2041.74231 7132.44159 2.3451 2698.1 9.5647 6473.2 8.6871 "" "" 0.0027783495463251286 0.004753856 0.004050528 0.008804385 238.34668609642 -55.36434720971 1872.62891 -1.0769999999999993 -2.2359999999999998 -0.009838678359985309 0.0010886802673337748 0.14468017 0.13568017 "" "" 0.08786369388565786 "" 0.012702863288747767 "" 0.9
238.12632833035 -55.50655397428 0.0296 0.0245 5.342 "" "" 5884539060241634176 2140.20215 0.4666 0.0444 -1.014 -2.377 0.046 0.042 0.962 "" "" 16.129457 1.60961 16.87725 15.267641 "" "" 1938.95886 2356.79492 6655.24556 2.3136 2423.9 5.6627 6195.9 9.0315 "" "" 0.002781052093579152 0.0037707863 0.004097371 0.007868158 238.12632833035 -55.50655397428 2140.20215 -1.0140000000000007 -2.3770000000000007 0.053161321640014636 -0.1399113197326658 0.14268017 0.13868016 "" "" 1.5183426196442846 "" 0.2113398301990985 "" 0.8
238.13416565833 -55.4499858111 0.0315 0.0252 2.0867 "" "" 5884539781835144320 1771.00671 0.5414 0.0456 -1.019 -2.207 0.049 0.042 1.055 "" "" 16.131353 1.546611 16.831564 15.284953 "" "" 1637.61011 1905.78369 6643.63444 2.3325 2528.1 7.9044 6097.9 20.696 "" "" 0.00278156329451707 0.00439419 0.0052784947 0.009672685 238.13416565833 -55.4499858111 1771.00671 -1.019 -2.207 0.04816132164001474 0.030088680267334134 0.14568016 0.13868016 "" "" 0.4767083300449891 "" 0.06852654952535521 "" 0.9
238.11677233167 -55.35339733953 0.0304 0.0249 3.8826 "" "" 5884588744457906432 1874.32971 0.5206 0.0451 -0.976 -2.202 0.046 0.041 1.049 9111.7 4.445 16.142076 1.519868 16.8388 15.318933 "" "" 1707.42163 2029.79651 6578.33395 2.3526 2511.3 7.1979 5910.0 9.2982 "" "" 0.0027825453675359335 0.004179621 0.0041474854 0.008327106 238.11677233167 -55.35339733953 1874.32971 -0.976 -2.202000000000001 0.09116132164001467 0.03508868026733403 0.14268017 0.13768017 "" "" 0.8678306422995012 "" 0.12327089625505115 "" 0.9
238.30694958739 -55.33544837388 0.0321 0.0261 8.3402 "" "" 5884547753295097472 1802.81116 0.5439 0.0485 -1.062 -2.208 0.048 0.044 1.015 "" "" 16.260704 1.567914 16.985018 15.417104 "" "" 1647.10657 1979.78918 5897.45855 2.2981 2194.9 6.5365 5399.0 7.6397 "" "" 0.0027876138367489635 0.004270796 0.004079714 0.00835051 238.30694958739 -55.33544837388 1802.81116 -1.0620000000000003 -2.2080000000000006 0.005161321640014593 0.0290886802673338 0.14468017 0.14068016 "" "" 0.25245478103794355 "" 0.0355466261386299 "" 0.9
238.27068957202 -55.50442467505 0.0357 0.0275 7.5319 "" "" 5884538544884425984 1627.06055 0.6031 0.0508 -1.085 -2.315 0.056 0.044 1.179 7111.5 4.3732 16.284317 1.524033 16.941566 15.417534 "" "" 1509.01184 1751.3324 5770.58491 2.1585 2284.5 6.3208 5396.9 12.355 "" "" 0.0027850896705506724 0.0040999125 0.00452346 0.008623373 238.27068957202 -55.50442467505 1627.06055 -1.0850000000000002 -2.3150000000000004 -0.017838678359985316 -0.07791131973266596 0.15268016 0.14068016 "" "" 0.6164215907244677 "" 0.08710162014397213 "" 0.9
238.29742479318 -55.52646194041 0.0306 0.0241 9.1067 "" "" 5884535486867671808 1961.50452 0.4846 0.044 -1.009 -2.32 0.048 0.039 0.944 7968.2 4.1534 16.284678 1.516105 16.987598 15.471494 "" "" 1806.36035 2125.39062 5768.66833 1.9741 2189.7 5.549 5135.2 9.8188 "" "" 0.0027802588374421207 0.0039185807 0.0043120137 0.008230595 238.29742479318 -55.52646194041 1961.50452 -1.009 -2.320000000000001 0.05816132164001475 -0.08291131973266586 0.14468017 0.13568017 "" "" 0.9416258856515929 "" 0.13061565256012797 "" 0.9
238.20863374697 -55.47747452613 0.033 0.0265 4.8965 "" "" 5884538785402890112 1978.63831 0.4954 0.0488 -1.037 -2.301 0.052 0.047 0.973 8120.4 4.3333 16.323273 1.593208 17.039223 15.446014 "" "" 1810.77051 2207.84351 5567.21284 2.3181 2088.0 7.4371 5257.2 24.598 "" "" 0.00279216204451298 0.0047686826 0.0063317316 0.011100414 238.20863374697 -55.47747452613 1978.63831 -1.0370000000000004 -2.3010000000000015 0.030161321640014727 -0.06391131973266617 0.14868017 0.14368016 "" "" 0.6628034631158676 "" 0.09584387777744108 "" 0.9
238.30631895298 -55.39749135343 0.0363 0.0291 6.7958 "" "" 5884540915667815424 1686.07739 0.5866 0.0523 -1.179 -2.459 0.057 0.047 1.127 9306.2 4.2437 16.407022 1.709769 17.159159 15.449389 "" "" 1541.58057 1858.34375 5153.9181 2.4645 1869.6 6.9323 5240.9 22.684 "" "" 0.0028038071198463574 0.0048981803 0.006030559 0.010928739 238.30631895298 -55.39749135343 1686.07739 -1.1789999999999994 -2.4590000000000005 -0.1118386783599854 -0.2219113197326661 0.15368016 0.14368016 "" "" 1.9860180997872534 "" 0.2894841035390615 "" 0.9
238.34379847698 -55.33089206487 0.0363 0.0284 9.5282 "" "" 5884547031740582912 1798.42712 0.5356 0.0511 -1.211 -2.243 0.053 0.048 1.001 8341.7 4.3662 16.427303 1.616171 17.182076 15.565905 "" "" 1656.7063 1960.02051 5058.54336 2.0715 1830.6 7.5322 4707.6 9.5474 "" "" 0.0027909624881612984 0.005267116 0.004374056 0.009641172 238.34379847698 -55.33089206487 1798.42712 -1.2109999999999999 -2.2430000000000003 -0.14383867835998543 -0.005911319732665898 0.14968017 0.14468017 "" "" 1.227194247249247 "" 0.1836764670407589 "" 0.8
237.98663980419 -55.3948007118 0.0374 0.0306 4.4304 "" "" 5884587541867064832 1871.19568 0.5158 0.0512 -1.165 -2.333 0.053 0.05 0.957 8279.3 4.3667 16.433647 1.562099 17.152304 15.590205 "" "" 1711.01392 2075.86548 5029.06919 2.1431 1881.5 6.0268 4603.4 8.6183 "" "" 0.002793897027702735 0.004458729 0.0042913263 0.008750055 237.98663980419 -55.3948007118 1871.19568 -1.1650000000000003 -2.333 -0.09783867835998539 -0.0959113197326662 0.14968017 0.14668016 "" "" 1.2151943561844347 "" 0.18011318115232103 "" 0.9
237.9142193302 -55.41037935015 0.0353 0.0302 6.6875 "" "" 5884212363548896512 1817.79883 0.5306 0.0527 -1.142 -2.226 0.054 0.052 1.004 "" "" 16.470978 1.673706 17.239624 15.565918 "" "" 1677.49976 2022.21655 4859.09971 2.0801 1736.1 6.4534 4707.5 12.279 "" "" 0.002794246785402805 0.004906462 0.0047227205 0.0096291825 237.9142193302 -55.41037935015 1817.79883 -1.142 -2.226 -0.07483867835998526 0.011088680267334006 0.15068017 0.14868017 "" "" 0.6518773304329719 "" 0.09819716113522882 "" 0.8
238.35830398985 -55.32937088697 0.0391 0.0305 9.9938 "" "" 5884547134819793664 1711.99487 0.564 0.054 -0.997 -2.344 0.056 0.049 0.959 6494.0 4.0412 16.52743 1.654174 17.272205 15.618032 "" "" 1573.28833 1890.83423 4612.91121 2.1716 1684.7 10.593 4486.9 17.854 "" "" 0.002802327692887455 0.0073750257 0.005740094 0.013115119 238.35830398985 -55.32937088697 1711.99487 -0.997 -2.344 0.07016132164001465 -0.10691131973266588 0.15268016 0.14568016 "" "" 1.0377070241281001 "" 0.15339617265448957 "" 0.8
238.12125604441 -55.20135732436 0.0384 0.0313 13.0039 "" "" 5884596441039844224 1543.21814 0.6233 0.0523 -1.162 -1.93 0.059 0.053 0.987 8288.6 3.6032 16.527506 1.911796 17.45741 15.545615 "" "" 1417.76794 1689.52405 4612.5858 2.2378 1420.5 7.1988 4796.4 7.1118 "" "" 0.0028052184532468267 0.0061692954 0.004107965 0.01027726 238.12125604441 -55.20135732436 1543.21814 -1.1620000000000001 -1.93 -0.09483867835998527 0.30708868026733405 0.15568016 0.14968017 "" "" 2.3509926189810124 "" 0.3531476004817006 "" 0.8
238.15808907752 -55.29357900206 0.0375 0.0301 7.6423 "" "" 5884589294213780480 1760.65735 0.5461 0.0529 -1.12 -2.297 0.055 0.049 1.066 "" "" 16.567991 1.653499 17.350708 15.697209 "" "" 1613.30945 1935.54297 4443.75417 1.9967 1567.2 8.9896 4171.3 7.4643 "" "" 0.002798175812917489 0.0068243346 0.0042495225 0.011073858 238.15808907752 -55.29357900206 1760.65735 -1.12 -2.297 -0.05283867835998546 -0.05991131973266617 0.15168017 0.14568016 "" "" 0.666664762051749 "" 0.09888980730565611 "" 0.8
238.1847397193 -55.28119977138 0.0375 0.0305 8.5936 "" "" 5884589431652739456 1770.22119 0.5457 0.0516 -1.067 -2.195 0.055 0.051 0.979 8847.6 4.3367 16.573689 1.748676 17.3302 15.581524 "" "" 1617.14514 1936.97473 4420.50166 2.1687 1597.1 10.508 4640.3 52.676 "" "" 0.002806335486207058 0.007669089 0.012891557 0.020560646 238.1847397193 -55.28119977138 1770.22119 -1.0669999999999995 -2.1950000000000007 0.00016132164001469995 0.042088680267334144 0.15168017 0.14768016 "" "" 0.353162331332997 "" 0.05215509182632564 "" 0.9
237.87314719738 -55.27655317064 0.0395 0.0326 11.7209 "" "" 5884592317870883456 1651.59937 0.5787 0.055 -1.061 -2.436 0.059 0.051 1.007 6909.4 4.0593 16.632656 2.220019 17.796534 15.576514 "" "" 1531.06982 1783.65796 4186.81797 1.9484 1039.5 5.4862 4661.8 9.3625 "" "" 0.002801264192469167 0.0063734204 0.0043633073 0.010736728 237.87314719738 -55.27655317064 1651.59937 -1.061 -2.4360000000000013 0.006161321640014705 -0.19891131973266596 0.15568016 0.14768016 "" "" 1.5579402376189488 "" 0.23008913893522376 "" 0.8
237.88261396612 -55.28535962171 0.0446 0.0364 11.1157 "" "" 5884592317870870784 1562.4967 0.6438 0.0628 -0.619 -2.111 0.066 0.057 1.05 "" "" 16.807743 2.116777 17.879244 15.762466 "" "" 1423.80188 1734.4314 3563.27943 1.9395 963.21 6.1838 3928.0 10.875 "" "" 0.00281798383913951 0.007508113 0.0048290244 0.012337137 237.88261396612 -55.28535962171 1562.4967 -0.6190000000000005 -2.1110000000000007 0.44816132164001465 0.12608868026733377 0.16268016 0.15368016 "" "" 3.4480529256945536 "" 0.5587121673908769 "" 0.8
