Clusters/UFMG_3/UFMG_3_members.tsv
# %ECSV 1.0
# ---
# datatype:
# - name: RA_ICRS_1
#   unit: deg
#   datatype: float64
#   format: '{:15.11f}'
#   description: Right ascension (ICRS) at Ep=2016.0 (ra)
#   meta: !!omap
#   - {ucd: POS_EQ_RA_MAIN}
#   - {width: 15}
#   - {precision: '11'}
# - name: DE_ICRS_1
#   unit: deg
#   datatype: float64
#   format: '{:15.11f}'
#   description: Declination (ICRS) at Ep=2016.0 (dec)
#   meta: !!omap
#   - {ucd: POS_EQ_DEC_MAIN}
#   - {width: 15}
#   - {precision: '11'}
# - name: e_RA_ICRS
#   unit: mas
#   datatype: float64
#   format: '{:7.4f}'
#   description: Standard error of right ascension (ra_error)
#   meta: !!omap
#   - {ucd: ERROR}
#   - {width: 7}
#   - {precision: '4'}
# - name: e_DE_ICRS
#   unit: mas
#   datatype: float64
#   format: '{:7.4f}'
#   description: Standard error of declination (dec_error)
#   meta: !!omap
#   - {ucd: ERROR}
#   - {width: 7}
#   - {precision: '4'}
# - name: _r_1
#   unit: ''
#   datatype: float64
#   format: '{:7.4f}'
#   description: Distance from center (238.11011371000-55.41799664000)[ICRS], at Epoch=J2016.0
#   meta: !!omap
#   - {ucd: POS_ANG_DIST_GENERAL}
#   - {width: 7}
#   - {precision: '4'}
# - name: HIP
#   datatype: int32
#   description: '? HIP cross-id number, van Leeuwen, Cat. I/311 (hip_original_ext_source_id)'
#   meta: !!omap
#   - {ucd: ID_NUMBER}
#   - {width: 6}
#   - values: {'null': -2147483648}
# - name: TYC2
#   datatype: string
#   description: Tycho-2 cross-id name, Hog et al., Cat. I/259 (tyc2_original_ext_source_id)
#   meta: !!omap
#   - {ucd: ID_CROSSID}
#   - {_votable_string_dtype: char}
# - name: Source
#   datatype: int64
#   description: Source identifier, identical to the Gaia-EDR3 source_id (id)
#   meta: !!omap
#   - {ucd: ID_MAIN}
#   - {width: 19}
# - name: rgeo
#   unit: pc
#   datatype: float64
#   format: '{:15.8f}'
#   description: '? Median of the geometric distance posterior (r_med_geo)'
#   meta: !!omap
#   - {ucd: PHYS_DISTANCE_TRUE}
#   - {width: 15}
#   - {precision: '8'}
#   - values: {'null': .nan}
# - name: Plx
#   unit: mas
#   datatype: float64
#   format: '{:9.4f}'
#   description: '? Parallax (parallax)'
#   meta: !!omap
#   - {ucd: POS_PARLX_TRIG}
#   - {width: 9}
#   - {precision: '4'}
#   - values: {'null': .nan}
# - name: e_Plx
#   unit: mas
#   datatype: float32
#   format: '{:7.4f}'
#   description: '? Standard error of parallax (parallax_error)'
#   meta: !!omap
#   - {ucd: ERROR}
#   - {width: 7}
#   - {precision: '4'}
#   - values: {'null': .nan}
# - name: pmRA
#   unit: mas / yr
#   datatype: float64
#   format: '{:9.3f}'
#   description: '? Proper motion in right ascension direction, pmRA*cosDE (pmra)'
#   meta: !!omap
#   - {ucd: POS_EQ_PMRA}
#   - {width: 9}
#   - {precision: '3'}
#   - values: {'null': .nan}
# - name: pmDE
#   unit: mas / yr
#   datatype: float64
#   format: '{:9.3f}'
#   description: '? Proper motion in declination direction (pmdec)'
#   meta: !!omap
#   - {ucd: POS_EQ_PMDEC}
#   - {width: 9}
#   - {precision: '3'}
#   - values: {'null': .nan}
# - name: e_pmRA
#   unit: mas / yr
#   datatype: float32
#   format: '{:6.3f}'
#   description: '? Standard error of proper motion in right ascension direction (pmra_error)'
#   meta: !!omap
#   - {ucd: ERROR}
#   - {width: 6}
#   - {precision: '3'}
#   - values: {'null': .nan}
# - name: e_pmDE
[...]
#       distance: !astropy.table.SerializedColumn
#         __class__: astropy.coordinates.distances.Distance
#         unit: !astropy.units.Unit {unit: pc}
#         value: !astropy.table.SerializedColumn {name: SkyCoord.distance}
#       frame: icrs
#       obstime: !astropy.time.Time {format: jyear_str, in_subfmt: '*', jd1: 367701545.0, jd2: 0.0, out_subfmt: '*', precision: 3, scale: tt}
#       pm_dec: !astropy.table.SerializedColumn
#         __class__: astropy.units.quantity.Quantity
#         unit: !astropy.units.Unit {unit: mas / yr}
#         value: !astropy.table.SerializedColumn {name: SkyCoord.pm_dec}
#       pm_ra_cosdec: !astropy.table.SerializedColumn
#         __class__: astropy.units.quantity.Quantity
#         unit: !astropy.units.Unit {unit: mas / yr}
#         value: !astropy.table.SerializedColumn {name: SkyCoord.pm_ra_cosdec}
#       ra: !astropy.table.SerializedColumn
#         __class__: astropy.coordinates.angles.Longitude
#         unit: *id001
#         value: !astropy.table.SerializedColumn {name: SkyCoord.ra}
#         wrap_angle: !astropy.coordinates.Angle
#           unit: *id001
#           value: 360.0
#       representation_type: spherical
# schema: astropy-2.0
RA_ICRS_1 DE_ICRS_1 e_RA_ICRS e_DE_ICRS _r_1 HIP TYC2 Source rgeo Plx e_Plx pmRA pmDE e_pmRA e_pmDE RUWE Teff logg Gmag BP-RP BPmag RPmag RV e_RV b_rgeo B_rgeo FG e_FG FBP e_FBP FRP e_FRP RAVE5 RAVE6 e_Gmag e_BPmag e_RPmag e_BP-RP SkyCoord.ra SkyCoord.dec SkyCoord.distance SkyCoord.pm_ra_cosdec SkyCoord.pm_dec rmRA rmDE e_rmRA e_rmDE rRV e_rRV v_pec v_pec3d e_vpec e_vpec3d Pmemb
238.29743088159 -55.35081316737 0.0133 0.0107 7.5506 "" "" 5884541873437861376 1766.51343 0.5293 0.019 -0.946 -2.242 0.021 0.019 1.22 "" "" 11.827288 0.990825 12.224943 11.234118 "" "" 1703.08838 1814.1228 349970.6117 95.921 175970.0 76.059 254400.0 70.42 "" "" 0.002771343420460589 0.0028293596 0.0037913127 0.0066206725 238.29743088159 -55.35081316737 1766.51343 -0.9459999999999998 -2.2419999999999987 0.1211613216400147 -0.0049113197326660085 0.11768016 0.115680166 "" "" 1.0153500456215054 "" 0.11948325511325704 "" 0.9
238.12405303748 -55.43378083054 0.0111 0.009 1.0593 "" "" 5884539880573039488 1839.91663 0.5258 0.0165 -1.255 -2.248 0.018 0.015 1.058 "" "" 12.093135 1.142232 12.568403 11.426171 "" "" 1792.11292 1895.90369 273963.54782 186.59 128250.0 246.86 213150.0 321.9 "" "" 0.002852823790910762 0.0034860538 0.0041197436 0.0076057976 238.12405303748 -55.43378083054 1839.91663 -1.2549999999999994 -2.248 -0.18783867835998524 -0.010911319732666236 0.11468016 0.111680165 "" "" 1.640941120596641 "" 0.18816705669253755 "" 1.0
238.0442562092 -55.37947308466 0.009 0.007 3.2214 "" 8701-1058-1 5884587163909936768 1879.63745 0.5173 0.0128 -1.082 -2.305 0.014 0.013 0.832 "" "" 12.459823 1.025459 12.874724 11.849265 "" "" 1822.33728 1929.88538 195441.86647 38.327 96722.0 68.073 144360.0 50.746 "" "" 0.0027635345669891364 0.0028929156 0.0037986042 0.00669152 238.0442562092 -55.37947308466 1879.63745 -1.0820000000000003 -2.305 -0.014838678359985424 -0.06791131973266618 0.11068016 0.10968016 "" "" 0.6193296943764453 "" 0.0679565243781187 "" 0.8
238.14519887058 -55.26341341355 0.0085 0.007 9.3519 "" "" 5884590217590471296 1915.45593 0.5071 0.0123 -1.143 -2.206 0.013 0.012 0.874 "" "" 12.552779 1.176894 13.050477 11.873583 -37.59 11.72 1875.39758 1962.41101 179405.27623 27.105 82267.0 39.184 141160.0 35.397 "" "" 0.002760198748521139 0.0028376894 0.0037891755 0.006626865 238.14519887058 -55.26341341355 1915.45593 -1.1429999999999998 -2.2059999999999995 -0.07583867835998537 0.031088680267334023 0.10968016 0.10868017 -21.85 12.197454 0.7441677876523659 21.862668768843832 0.08151379979889319 12.190386704778561 0.8
238.02320594567 -55.42236928571 0.01 0.0082 2.9711 "" "" 5884586712900395776 1816.75476 0.5327 0.0149 -1.279 -2.268 0.016 0.014 0.96 "" "" 12.693723 1.192133 13.178331 11.986198 -26.39 20.65 1774.23181 1863.22058 157564.2338 30.96 73128.0 52.861 127260.0 49.334 "" "" 0.002763566966621496 0.002898449 0.003802747 0.006701196 238.02320594567 -55.42236928571 1816.75476 -1.279 -2.268 -0.21183867835998527 -0.03091131973266581 0.11268017 0.11068016 -10.65 21.127455 1.8435501505186087 10.808384576682919 0.2076553363784842 20.817886080613388 0.9
238.02121022237 -55.42059909297 0.0112 0.0093 3.0315 "" "" 5884586717233297792 1866.32825 0.5168 0.0172 -1.168 -2.3 0.019 0.016 0.92 "" "" 12.909659 1.112595 13.372515 12.25992 "" "" 1801.62744 1916.20544 129146.6529 22.82 61152.0 34.436 98899.0 27.582 "" "" 0.00276199112519187 0.0028563717 0.0037914927 0.0066478644 238.02121022237 -55.42059909297 1866.32825 -1.168 -2.3 -0.10083867835998528 -0.06291131973266584 0.115680166 0.11268017 "" "" 1.0514295347208118 "" 0.12075409790976067 "" 0.9
238.12242913851 -55.40515254169 0.0104 0.0081 0.8774 "" "" 5884586919055288832 1884.65161 0.4997 0.0151 -1.066 -2.197 0.018 0.014 0.917 "" "" 13.036037 1.067992 13.474188 12.406196 "" "" 1830.71838 1933.3595 114956.01859 24.602 55685.0 32.396 86433.0 33.862 "" "" 0.002765100537010381 0.0028607748 0.0038032432 0.006664018 238.12242913851 -55.40515254169 1884.65161 -1.0660000000000005 -2.1970000000000014 0.0011613216400145898 0.04008868026733392 0.11468016 0.11068016 "" "" 0.35827238330476396 "" 0.039654869073385564 "" 0.9
238.20553401204 -55.36779851068 0.01 0.0079 4.4322 "" "" 5884541602901323136 2016.75732 0.4566 0.0142 -0.962 -2.187 0.015 0.014 0.818 9358.9 3.7099 13.265751 0.957738 13.650436 12.692699 "" "" 1956.38855 2079.70166 93034.97378 12.813 47342.0 26.989 66386.0 20.597 "" "" 0.0027593746903626054 0.0028579999 0.0037943646 0.0066523645 238.20553401204 -55.36779851068 2016.75732 -0.962 -2.1869999999999994 0.10516132164001468 0.05008868026733415 0.111680165 0.11068016 "" "" 1.1134901290651575 "" 0.12414961326284732 "" 1.0
238.05215042559 -55.37410368882 0.0107 0.0088 3.2919 "" "" 5884587163909942144 1898.86145 0.4896 0.016 -1.135 -2.319 0.017 0.016 0.908 "" "" 13.412063 1.119116 13.877116 12.758 "" "" 1844.30798 1958.44165 81305.80376 34.519 38421.0 55.429 62511.0 61.311 "" "" 0.002793612589654047 0.0031997724 0.003926541 0.0071263136 238.05215042559 -55.37410368882 1898.86145 -1.135 -2.319 -0.06783867835998536 -0.08191131973266597 0.11368017 0.11268017 "" "" 0.9572661241325664 "" 0.10825539105609701 "" 1.0
238.10036196818 -55.42302714207 0.0111 0.0089 0.4487 "" "" 5884586785952752128 1968.22668 0.4694 0.0163 -0.99 -2.246 0.019 0.015 0.924 "" "" 13.448026 1.114741 13.912178 12.797437 "" "" 1913.36743 2027.53601 78656.81029 13.011 37200.0 23.778 60281.0 20.463 "" "" 0.002761167220601986 0.002875183 0.0037973104 0.006672493 238.10036196818 -55.42302714207 1968.22668 -0.99 -2.246 0.07716132164001466 -0.008911319732666012 0.115680166 0.111680165 "" "" 0.724653241262547 "" 0.08379050586713102 "" 1.0
238.24352749951 -55.42505080477 0.0112 0.0087 4.5627 "" "" 5884541190584407296 1914.01392 0.4833 0.0162 -1.084 -2.221 0.018 0.015 0.927 "" "" 13.481058 1.025644 13.899852 12.874208 "" "" 1856.18445 1978.05383 76299.82344 14.731 37625.0 27.502 56166.0 39.826 "" "" 0.0027632824695327423 0.0029008412 0.0038569972 0.0067578387 238.24352749951 -55.42505080477 1914.01392 -1.084 -2.221 -0.016838678359985426 0.0160886802673339 0.11468016 0.111680165 "" "" 0.21128952075565652 "" 0.02393030750441059 "" 1.0
238.17206116928 -55.41854400626 0.0177 0.0145 2.1099 "" "" 5884539953633855104 2114.33203 0.444 0.0259 -1.105 -2.161 0.028 0.024 1.827 7430.4 3.5328 13.589579 1.138896 14.065883 12.926987 "" "" 2011.63879 2240.63647 69042.3185 12.208 32290.0 17.933 53501.0 19.25 "" "" 0.0027620002347183066 0.0028545829 0.003799518 0.006654101 238.17206116928 -55.41854400626 2114.33203 -1.1050000000000002 -2.1609999999999996 -0.037838678359985334 0.07608868026733395 0.12468016 0.12068017 "" "" 0.8516434418791098 "" 0.1034608130328765 "" 1.0
237.99505193069 -55.40027307016 0.0111 0.0092 4.061 "" "" 5884587473147575552 1871.42456 0.4981 0.0158 -1.138 -2.248 0.017 0.016 0.934 "" "" 13.619656 1.159366 14.105676 12.94631 "" "" 1819.6416 1926.63806 67155.92906 10.071 31128.0 17.728 52557.0 22.611 "" "" 0.002760126870783241 0.0028578667 0.0038081377 0.0066660047 237.99505193069 -55.40027307016 1871.42456 -1.1380000000000006 -2.248 -0.07083867835998525 -0.010911319732666236 0.11368017 0.11268017 "" "" 0.6357887766025035 "" 0.0722619040939605 "" 1.0
238.21362838189 -55.45572430173 0.0117 0.0092 4.188 "" "" 5884539644396150528 1808.38428 0.5131 0.0171 -1.028 -2.32 0.019 0.016 0.916 "" "" 13.625145 1.027035 14.045765 13.01873 "" "" 1756.87817 1861.0863 66817.25107 9.0764 32894.0 17.751 49166.0 13.177 "" "" 0.0027592646438713226 0.002851024 0.0037905674 0.0066415914 238.21362838189 -55.45572430173 1808.38428 -1.028 -2.32 0.039161321640014624 -0.08291131973266586 0.115680166 0.11268017 "" "" 0.7859822379224941 "" 0.0889993598932781 "" 0.9
238.10383457726 -55.35184315484 0.0114 0.0092 3.975 "" "" 5884588710098175616 1789.24768 0.5162 0.0165 -1.232 -2.142 0.017 0.015 1.07 7185.9 3.4593 13.663809 1.216596 14.182866 12.96627 "" "" 1745.63208 1837.69849 64479.71739 9.0315 28991.0 21.246 51600.0 16.894 "" "" 0.002759513825889069 0.0029014056 0.0037960622 0.0066974675 238.10383457726 -55.35184315484 1789.24768 -1.2319999999999998 -2.142 -0.16483867835998534 0.09508868026733408 0.11368017 0.111680165 "" "" 1.6139308992306645 "" 0.18267134298297744 "" 0.9
238.01120974421 -55.44780071701 0.0125 0.0095 3.8123 "" "" 5884586579794326656 1785.91333 0.5199 0.0185 -0.917 -2.355 0.02 0.016 0.982 "" "" 13.691306 1.118742 14.155845 13.037103 "" "" 1735.27673 1835.11841 62867.25279 10.261 29722.0 19.274 48341.0 18.656 "" "" 0.0027610130337483827 0.0028776324 0.0038025384 0.006680171 238.01120974421 -55.44780071701 1785.91333 -0.917 -2.355 0.1501613216400146 -0.117911319732666 0.11668016 0.11268017 "" "" 1.6162049542813097 "" 0.1861397795563266 "" 1.0
238.13303761709 -55.33756885875 0.0119 0.0097 4.8885 "" "" 5884588847537135872 1949.38843 0.4729 0.0168 -1.049 -2.282 0.018 0.016 0.982 "" "" 13.847322 1.094195 14.302134 13.207938 "" "" 1891.50916 2023.74939 54452.48907 8.7387 25975.0 13.207 41303.0 13.969 "" "" 0.0027608241081829438 0.0028442573 0.0037971786 0.006641436 238.13303761709 -55.33756885875 1949.38843 -1.0490000000000006 -2.282000000000002 0.018161321640014716 -0.044911319732666044 0.11468016 0.11268017 "" "" 0.44763119016382624 "" 0.05056593674099878 "" 0.9
238.27784029939 -55.32678192947 0.0117 0.0094 7.9154 "" "" 5884541946498857728 1915.66565 0.4838 0.017 -0.948 -2.338 0.018 0.016 0.917 "" "" 13.865057 1.164062 14.35408 13.190019 "" "" 1850.58899 1983.67676 53570.29326 8.8245 24762.0 16.386 41990.0 13.673 "" "" 0.0027611187837348347 0.0028811898 0.003795882 0.0066770716 238.27784029939 -55.32678192947 1915.66565 -0.9479999999999996 -2.338 0.1191613216400147 -0.1009113197326661 0.11468016 0.11268017 "" "" 1.4178729065240423 "" 0.16142363830084963 "" 0.9
238.21196589033 -55.39370640677 0.0119 0.0098 3.7633 "" "" 5884541362383137664 1844.18628 0.5049 0.018 -1.015 -2.251 0.019 0.016 0.934 "" "" 13.89311 1.199515 14.402917 13.203402 "" "" 1790.1792 1901.63904 52203.87278 8.9437 23673.0 16.975 41476.0 15.109 "" "" 0.002761591845294698 0.0028967522 0.003800021 0.006696773 238.21196589033 -55.39370640677 1844.18628 -1.0150000000000001 -2.251000000000001 0.052161321640014746 -0.013911319732665905 0.115680166 0.11268017 "" "" 0.4719025939725842 "" 0.05449690074488118 "" 0.9
237.96801488657 -55.44173187189 0.0119 0.0099 5.043 "" "" 5884212024317287680 1862.82886 0.4997 0.0186 -0.948 -2.384 0.02 0.018 1.034 "" "" 13.904792 1.153311 14.383273 13.229962 "" "" 1799.9585 1931.8512 51645.18633 9.8652 24105.0 18.762 40474.0 27.477 "" "" 0.0027631146373003437 0.0029153393 0.0038505872 0.0067659263 237.96801488657 -55.44173187189 1862.82886 -0.947999999999999 -2.3839999999999995 0.1191613216400147 -0.1469113197326659 0.11668016 0.11468016 "" "" 1.6702664900234856 "" 0.1928789712830438 "" 0.9
238.19337951677 -55.39636421957 0.0124 0.01 3.1193 "" "" 5884541465462354944 1808.31323 0.5178 0.0181 -1.113 -2.185 0.02 0.017 0.969 7197.8 3.7395 13.925861 1.017057 14.337839 13.320783 "" "" 1750.39343 1883.83545 50652.65377 7.644 25135.0 17.374 37226.0 24.743 "" "" 0.0027601876334359178 0.0028893398 0.0038476635 0.006737003 238.19337951677 -55.39636421957 1808.31323 -1.1129999999999998 -2.1849999999999996 -0.04583867835998534 0.05208868026733393 0.11668016 0.11368017 "" "" 0.5947353667646176 "" 0.06839403090948445 "" 0.9
238.30066480519 -55.36979803776 0.0122 0.0098 7.1081 "" "" 5884541087505387520 1994.97742 0.4597 0.0178 -0.957 -2.338 0.021 0.017 0.97 "" "" 13.967615 1.136166 14.43532 13.299154 "" "" 1926.68408 2065.90356 48741.70413 7.8339 22977.0 16.68 37975.0 46.274 "" "" 0.002760840546225011 0.0028993585 0.0040042587 0.006903617 238.30066480519 -55.36979803776 1994.97742 -0.9570000000000007 -2.3380000000000014 0.11016132164001469 -0.1009113197326661 0.11768016 0.11368017 "" "" 1.4126998852024877 "" 0.16369271981509484 "" 0.9
238.22710352534 -55.47068269139 0.0123 0.0098 5.0838 "" "" 5884538888481878528 1873.15869 0.4956 0.018 -1.066 -2.313 0.02 0.017 0.924 7196.7 3.6864 14.002388 0.981799 14.397709 13.41591 "" "" 1809.18274 1925.76672 47205.39791 7.5532 23787.0 19.547 34103.0 26.117 "" "" 0.002760791545430395 0.0029293478 0.0038697668 0.006799115 238.22710352534 -55.47068269139 1873.15869 -1.0660000000000003 -2.313 0.0011613216400145898 -0.07591131973266618 0.11668016 0.11368017 "" "" 0.6740781817182737 "" 0.07662980102336371 "" 0.9
238.06774216551 -55.46529349128 0.0135 0.0113 3.1832 "" "" 5884586270556663424 1895.86829 0.4913 0.0193 -1.048 -2.227 0.021 0.019 0.938 "" "" 14.01224 1.229069 14.538267 13.309198 "" "" 1820.64819 1987.59106 46778.95415 7.5049 20898.0 12.506 37625.0 13.527 "" "" 0.0027608206984089554 0.0028648225 0.0037994864 0.0066643087 238.06774216551 -55.46529349128 1895.86829 -1.0479999999999998 -2.2270000000000003 0.019161321640014606 0.010088680267334116 0.11768016 0.115680166 "" "" 0.19460056037092163 "" 0.022816714863301207 "" 0.9
237.99075702641 -55.43223919393 0.0132 0.0107 4.1528 "" "" 5884587335708586752 1924.63831 0.4808 0.0194 -1.13 -2.166 0.022 0.018 0.921 "" "" 14.070915 1.176304 14.568883 13.392579 "" "" 1857.71448 1988.71167 44318.04214 6.9508 20317.0 16.636 34844.0 16.133 "" "" 0.002760577234948909 0.0029283806 0.003812668 0.006741049 237.99075702641 -55.43223919393 1924.63831 -1.13 -2.166 -0.06283867835998524 0.07108868026733406 0.118680164 0.11468016 "" "" 0.8655740100513771 "" 0.10079748710181584 "" 0.9
238.14024365772 -55.37083304329 0.0124 0.01 3.0103 "" "" 5884588503939707776 1897.67273 0.4864 0.0182 -1.099 -2.235 0.019 0.017 0.949 "" "" 14.1051 1.065954 14.545057 13.479103 "" "" 1843.82056 1966.41223 42944.42312 7.1342 20768.0 13.425 32175.0 14.476 "" "" 0.0027612175791174257 0.002877089 0.00381082 0.006687909 238.14024365772 -55.37083304329 1897.67273 -1.0990000000000002 -2.235 -0.03183867835998533 0.0020886802673341087 0.115680166 0.11368017 "" "" 0.2870035072791656 "" 0.033198174702255764 "" 0.9
238.1591629381 -55.47986729795 0.0139 0.0106 4.0702 "" "" 5884539197719541376 1825.39563 0.5092 0.0198 -1.058 -2.281 0.022 0.018 0.964 "" "" 14.130019 1.213536 14.64821 13.434673 "" "" 1760.22449 1903.9823 41970.0076 9.3889 18886.0 14.97 33519.0 20.635 "" "" 0.0027660047584742386 0.0029198795 0.0038380318 0.0067579113 238.1591629381 -55.47986729795 1825.39563 -1.0580000000000003 -2.2809999999999997 0.009161321640014597 -0.043911319732666154 0.118680164 0.11468016 "" "" 0.38811799394671737 "" 0.0445752721571475 "" 0.9
238.1412814365 -55.45931204263 0.0134 0.0108 2.6964 "" "" 5884539781835132032 1816.8623 0.5097 0.0201 -0.92 -1.971 0.022 0.018 0.935 "" "" 14.172775 1.237763 14.697505 13.459742 "" "" 1738.54797 1896.52148 40349.37392 7.4024 18047.0 12.76 32754.0 25.661 "" "" 0.002762510577606346 0.0028938474 0.0038739224 0.00676777 238.1412814365 -55.45931204263 1816.8623 -0.9199999999999997 -1.9709999999999996 0.1471613216400146 0.2660886802673339 0.118680164 0.11468016 "" "" 2.618643964268668 "" 0.3027924348988692 "" 0.9
238.06658702485 -55.44300344984 0.0131 0.0107 2.1088 "" "" 5884586442355363200 1872.61658 0.4958 0.0195 -0.977 -2.145 0.022 0.018 0.93 "" "" 14.175361 1.215047 14.691015 13.475968 "" "" 1800.37476 1935.81104 40253.38577 7.0275 18156.0 14.761 32268.0 23.067 "" "" 0.0027618324416423634 0.0029264707 0.0038582548 0.0067847255 238.06658702485 -55.44300344984 1872.61658 -0.9769999999999996 -2.1449999999999996 0.09016132164001467 0.09208868026733397 0.118680164 0.11468016 "" "" 1.143942074196037 "" 0.13344656879399378 "" 0.9
238.00149841887 -55.39296357118 0.0136 0.0109 3.9933 "" "" 5884587507507321344 1915.26611 0.4816 0.0198 -0.926 -1.991 0.021 0.019 0.961 "" "" 14.208076 1.215866 14.725603 13.509737 "" "" 1845.87378 1985.42468 39058.57551 6.4197 17586.0 14.708 31280.0 15.169 "" "" 0.0027610930261199136 0.0029342133 0.0038158812 0.0067500947 238.00149841887 -55.39296357118 1915.26611 -0.9260000000000004 -1.9910000000000005 0.1411613216400146 0.24608868026733388 0.11768016 0.115680166 "" "" 2.5755385947124876 "" 0.2992222764293838 "" 0.9
