Clusters/UFMG_3/UFMG_3_stars_in_region.tsv
# %ECSV 1.0
# ---
# datatype:
# - name: RA_ICRS_1
#   unit: deg
#   datatype: float64
#   format: '{:15.11f}'
#   description: Right ascension (ICRS) at Ep=2016.0 (ra)
#   meta: !!omap
#   - {ucd: POS_EQ_RA_MAIN}
#   - {width: 15}
#   - {precision: '11'}
# - name: DE_ICRS_1
#   unit: deg
#   datatype: float64
#   format: '{:15.11f}'
#   description: Declination (ICRS) at Ep=2016.0 (dec)
#   meta: !!omap
#   - {ucd: POS_EQ_DEC_MAIN}
#   - {width: 15}
#   - {precision: '11'}
# - name: e_RA_ICRS
#   unit: mas
#   datatype: float64
#   format: '{:7.4f}'
#   description: Standard error of right ascension (ra_error)
#   meta: !!omap
#   - {ucd: ERROR}
#   - {width: 7}
#   - {precision: '4'}
# - name: e_DE_ICRS
#   unit: mas
#   datatype: float64
#   format: '{:7.4f}'
#   description: Standard error of declination (dec_error)
#   meta: !!omap
#   - {ucd: ERROR}
#   - {width: 7}
#   - {precision: '4'}
# - name: _r_1
#   unit: ''
#   datatype: float64
#   format: '{:7.4f}'
#   description: Distance from center (238.11011371000-55.41799664000)[ICRS], at Epoch=J2016.0
#   meta: !!omap
#   - {ucd: POS_ANG_DIST_GENERAL}
#   - {width: 7}
#   - {precision: '4'}
# - name: HIP
#   datatype: int32
#   description: '? HIP cross-id number, van Leeuwen, Cat. I/311 (hip_original_ext_source_id)'
#   meta: !!omap
#   - {ucd: ID_NUMBER}
#   - {width: 6}
#   - values: {'null': -2147483648}
# - name: TYC2
#   datatype: string
#   description: Tycho-2 cross-id name, Hog et al., Cat. I/259 (tyc2_original_ext_source_id)
#   meta: !!omap
#   - {ucd: ID_CROSSID}
#   - {_votable_string_dtype: char}
# - name: Source
#   datatype: int64
#   description: Source identifier, identical to the Gaia-EDR3 source_id (id)
#   meta: !!omap
#   - {ucd: ID_MAIN}
#   - {width: 19}
# - name: rgeo
#   unit: pc
#   datatype: float64
#   format: '{:15.8f}'
#   description: '? Median of the geometric distance posterior (r_med_geo)'
#   meta: !!omap
#   - {ucd: PHYS_DISTANCE_TRUE}
#   - {width: 15}
#   - {precision: '8'}
#   - values: {'null': .nan}
# - name: Plx
#   unit: mas
#   datatype: float64
#   format: '{:9.4f}'
#   description: '? Parallax (parallax)'
#   meta: !!omap
#   - {ucd: POS_PARLX_TRIG}
#   - {width: 9}
#   - {precision: '4'}
#   - values: {'null': .nan}
# - name: e_Plx
#   unit: mas
#   datatype: float32
#   format: '{:7.4f}'
#   description: '? Standard error of parallax (parallax_error)'
#   meta: !!omap
#   - {ucd: ERROR}
#   - {width: 7}
#   - {precision: '4'}
#   - values: {'null': .nan}
# - name: pmRA
#   unit: mas / yr
#   datatype: float64
#   format: '{:9.3f}'
#   description: '? Proper motion in right ascension direction, pmRA*cosDE (pmra)'
#   meta: !!omap
#   - {ucd: POS_EQ_PMRA}
#   - {width: 9}
#   - {precision: '3'}
#   - values: {'null': .nan}
# - name: pmDE
#   unit: mas / yr
#   datatype: float64
#   format: '{:9.3f}'
#   description: '? Proper motion in declination direction (pmdec)'
#   meta: !!omap
#   - {ucd: POS_EQ_PMDEC}
#   - {width: 9}
#   - {precision: '3'}
#   - values: {'null': .nan}
# - name: e_pmRA
#   unit: mas / yr
#   datatype: float32
#   format: '{:6.3f}'
#   description: '? Standard error of proper motion in right ascension direction (pmra_error)'
#   meta: !!omap
#   - {ucd: ERROR}
#   - {width: 6}
#   - {precision: '3'}
#   - values: {'null': .nan}
# - name: e_pmDE
[...]
#         value: !astropy.table.SerializedColumn {name: SkyCoord.dec}
#       distance: !astropy.table.SerializedColumn
#         __class__: astropy.coordinates.distances.Distance
#         unit: !astropy.units.Unit {unit: pc}
#         value: !astropy.table.SerializedColumn {name: SkyCoord.distance}
#       frame: icrs
#       obstime: !astropy.time.Time {format: jyear_str, in_subfmt: '*', jd1: 367701545.0, jd2: 0.0, out_subfmt: '*', precision: 3, scale: tt}
#       pm_dec: !astropy.table.SerializedColumn
#         __class__: astropy.units.quantity.Quantity
#         unit: !astropy.units.Unit {unit: mas / yr}
#         value: !astropy.table.SerializedColumn {name: SkyCoord.pm_dec}
#       pm_ra_cosdec: !astropy.table.SerializedColumn
#         __class__: astropy.units.quantity.Quantity
#         unit: !astropy.units.Unit {unit: mas / yr}
#         value: !astropy.table.SerializedColumn {name: SkyCoord.pm_ra_cosdec}
#       ra: !astropy.table.SerializedColumn
#         __class__: astropy.coordinates.angles.Longitude
#         unit: *id001
#         value: !astropy.table.SerializedColumn {name: SkyCoord.ra}
#         wrap_angle: !astropy.coordinates.Angle
#           unit: *id001
#           value: 360.0
#       representation_type: spherical
# schema: astropy-2.0
RA_ICRS_1 DE_ICRS_1 e_RA_ICRS e_DE_ICRS _r_1 HIP TYC2 Source rgeo Plx e_Plx pmRA pmDE e_pmRA e_pmDE RUWE Teff logg Gmag BP-RP BPmag RPmag RV e_RV b_rgeo B_rgeo FG e_FG FBP e_FBP FRP e_FRP RAVE5 RAVE6 e_Gmag e_BPmag e_RPmag e_BP-RP SkyCoord.ra SkyCoord.dec SkyCoord.distance SkyCoord.pm_ra_cosdec SkyCoord.pm_dec rmRA rmDE e_rmRA e_rmDE rRV e_rRV v_pec v_pec3d e_vpec e_vpec3d
[from data line 178]
238.27876100029 -55.23666974682 0.0119 0.0098 12.3086 "" "" 5884595582046332032 1881.82971 0.4871 0.017 -3.285 1.857 0.018 0.016 0.998 "" "" 13.819952 2.147023 14.928917 12.781894 -15.0 1.07 1835.17566 1932.41333 55842.62726 8.4863 14583.0 10.771 61151.0 17.012 "" "" 0.0027602560601395114 0.0029031243 0.0037914326 0.006694557 238.27876100029 -55.23666974682 1881.82971 -3.285000000000002 1.8569999999999984 -2.2178386783599855 4.094088680267334 0.11468016 0.11268017 0.7400000000000002 1.5474546 41.53287668085935 41.539468525577824 4.698906058568011 4.6982412705073635
237.6794355326 -55.52684765218 0.0125 0.0114 16.0367 "" "" 5884212780231542656 1889.86292 0.49 0.0181 -3.355 -4.805 0.021 0.019 1.01 "" "" 13.820224 1.381853 14.431351 13.049498 "" "" 1827.36731 1942.19592 55828.67128 9.7417 23061.0 17.553 47792.0 17.691 "" "" 0.0027618258250155705 0.0029099842 0.003800691 0.0067106755 237.6794355326 -55.52684765218 1889.86292 -3.355 -4.804999999999999 -2.2878386783599853 -2.5679113197326657 0.11768016 0.115680166 "" "" 30.80854415475224 "" 3.5913341886857353 ""
237.90399677661 -55.05231160024 0.0125 0.0106 23.0464 "" "" 5884613036793264640 1536.03955 0.6046 0.0182 -4.783 -8.951 0.021 0.017 0.999 4761.1 2.0288 13.833199 2.587235 15.262494 12.675259 -34.52 0.65 1497.48169 1591.08435 55165.4809 12.176 10726.0 14.016 67461.0 29.131 "" "" 0.0027657218438885077 0.0031301668 0.0038083515 0.006938518 237.90399677661 -55.05231160024 1536.03955 -4.782999999999998 -8.951 -3.7158386783599857 -6.7139113197326665 0.11768016 0.11368017 -18.78 1.1274545 55.87012222809145 58.94199655408593 6.404427714420513 6.081268047994221
237.79698520187 -55.33550898161 0.0113 0.0098 11.7663 "" "" 5884216491083419648 2261.57349 0.3918 0.0169 -1.429 0.555 0.018 0.016 0.953 "" "" 13.83799 2.863873 15.481981 12.618108 -50.98 0.64 2174.14966 2363.25415 54922.54912 11.181 8762.4 9.6736 71107.0 29.791 "" "" 0.0027641715484790687 0.00303674 0.0038066579 0.006843398 237.79698520187 -55.33550898161 2261.57349 -1.4290000000000005 0.5549999999999995 -0.3618386783599854 2.792088680267334 0.11468016 0.11268017 -35.239999999999995 1.1174545 30.181087576667196 46.39779787134789 3.401815703363602 2.370012859783643
237.54143423407 -55.65770041326 0.0116 0.0104 24.0754 "" "" 5884205289808024960 1663.09875 0.5648 0.018 -4.906 -4.177 0.019 0.017 0.978 8564.7 3.4268 13.842673 1.446546 14.484254 13.037708 "" "" 1600.1449 1706.02734 54686.18261 9.1285 21964.0 13.469 48314.0 18.907 "" "" 0.00276127436880868 0.0028685096 0.0038031903 0.0066716997 237.54143423407 -55.65770041326 1663.09875 -4.906 -4.177 -3.838838678359985 -1.9399113197326656 0.115680166 0.11368017 "" "" 33.906387348264744 "" 3.9085973806138727 ""
238.13303761709 -55.33756885875 0.0119 0.0097 4.8885 "" "" 5884588847537135872 1949.38843 0.4729 0.0168 -1.049 -2.282 0.018 0.016 0.982 "" "" 13.847322 1.094195 14.302134 13.207938 "" "" 1891.50916 2023.74939 54452.48907 8.7387 25975.0 13.207 41303.0 13.969 "" "" 0.0027608241081829438 0.0028442573 0.0037971786 0.006641436 238.13303761709 -55.33756885875 1949.38843 -1.0490000000000002 -2.2820000000000027 0.018161321640014716 -0.044911319732666044 0.11468016 0.11268017 "" "" 0.44763119016382624 "" 0.05056593674099878 ""
238.51289049705 -55.68756768788 0.0198 0.0154 21.177 "" "" 5884521158855285376 1733.17639 0.5361 0.0271 -5.212 -5.527 0.029 0.024 1.699 "" "" 13.847913 1.137901 14.271499 13.133597 "" "" 1658.08398 1809.50244 54422.91581 15.187 26719.0 81.141 44230.0 208.08 "" "" 0.0027719283006589863 0.004319321 0.0063540386 0.010673359 238.51289049705 -55.68756768788 1733.17639 -5.212 -5.527 -4.144838678359985 -3.289911319732666 0.12568016 0.12068017 "" "" 43.473536353399915 "" 5.380787643911437 ""
238.66737647208 -55.19284249107 0.0119 0.0095 23.3388 "" "" 5884570293286207104 1945.49072 0.4719 0.0176 -2.724 -3.407 0.018 0.015 0.957 "" "" 13.85778 0.89794 14.213634 13.315694 "" "" 1884.44019 2007.48962 53930.5335 8.296 28181.0 13.772 37401.0 18.383 "" "" 0.002760377470536822 0.0028401727 0.003816872 0.0066570444 238.66737647208 -55.19284249107 1945.49072 -2.724 -3.407 -1.6568386783599856 -1.169911319732666 0.11468016 0.111680165 "" "" 18.70378305558963 "" 2.126448633777847 ""
238.36829368467 -55.35221217348 0.0123 0.0097 9.6443 "" "" 5884546963021071616 2236.74902 0.4033 0.0182 -1.317 -0.996 0.021 0.016 1.022 "" "" 13.858097 2.277048 15.058504 12.781456 -26.4 1.34 2145.07764 2338.13086 53914.7679 12.57 12942.0 11.571 61175.0 19.438 "" "" 0.0027669236750969355 0.002954208 0.0037950946 0.0067493026 238.36829368467 -55.35221217348 2236.74902 -1.3169999999999997 -0.996 -0.2498386783599853 1.241088680267334 0.11768016 0.11268017 -10.659999999999998 1.8174546 13.422224245703463 17.140353079850772 1.5150878020762542 1.6386701031422544
238.19154622687 -55.33014574727 0.0116 0.0096 5.9575 "" "" 5884588984976073344 1965.13879 0.4709 0.0167 -3.321 -3.914 0.018 0.016 0.926 7199.3 3.4605 13.865033 1.207946 14.377289 13.169343 "" "" 1917.25586 2047.03625 53571.46071 24.752 24238.0 39.677 42798.0 64.55 "" "" 0.002800614659704436 0.0033081602 0.004118899 0.007427059 238.19154622687 -55.33014574727 1965.13879 -3.321000000000001 -3.913999999999999 -2.2538386783599855 -1.6769113197326662 0.11468016 0.11268017 "" "" 26.167375437303082 "" 2.9823362082078657 ""
238.27784029939 -55.32678192947 0.0117 0.0094 7.9154 "" "" 5884541946498857728 1915.66565 0.4838 0.017 -0.948 -2.338 0.018 0.016 0.917 "" "" 13.865057 1.164062 14.35408 13.190019 "" "" 1850.58899 1983.67676 53570.29326 8.8245 24762.0 16.386 41990.0 13.673 "" "" 0.0027611187837348347 0.0028811898 0.003795882 0.0066770716 238.27784029939 -55.32678192947 1915.66565 -0.9479999999999996 -2.338 0.1191613216400147 -0.1009113197326661 0.11468016 0.11268017 "" "" 1.4178729065240423 "" 0.16142363830084963 ""
238.56761740276 -55.46067189391 0.0122 0.01 15.781 "" "" 5884542393175670400 1924.98669 0.4797 0.0175 -5.328 -5.133 0.019 0.016 0.907 "" "" 13.865522 2.131289 14.964252 12.832963 -59.29 1.08 1848.67188 1998.08142 53547.31691 10.316 14116.0 13.314 58341.0 20.57 "" "" 0.002763248304530609 0.0029721586 0.0037987197 0.006770878 238.56761740276 -55.46067189391 1924.98669 -5.328000000000001 -5.133 -4.260838678359986 -2.895911319732666 0.115680166 0.11268017 -43.55 1.5574546 47.00727883569511 64.08031494567415 5.393648948440346 4.09574370749755
237.9118443428 -55.45729615264 0.0115 0.0099 7.1488 "" "" 5884212127396506880 1613.87378 0.5753 0.0178 -2.445 -1.974 0.019 0.017 1.009 "" "" 13.866714 2.349311 15.120712 12.771401 -51.44 0.99 1567.37646 1665.13538 53488.60214 9.3815 12222.0 10.18 61744.0 20.582 "" "" 0.0027618930075832063 0.0029330654 0.0037966718 0.006729737 237.9118443428 -55.45729615264 1613.87378 -2.4449999999999994 -1.974 -1.3778386783599852 0.263088680267334 0.115680166 0.11368017 -35.699999999999996 1.4674546 10.73056013627918 37.27780735019569 1.2405643431247777 1.450004095695637
237.9607019172 -55.25738780809 0.0184 0.0154 10.9022 "" "" 5884593142504595072 1861.44458 0.5058 0.027 -0.802 -2.143 0.029 0.025 1.681 "" "" 13.873916 1.397094 14.487527 13.090433 "" "" 1782.38733 1937.69153 53134.96977 12.461 21898.0 14.149 46024.0 24.856 "" "" 0.0027670601768411494 0.0028770107 0.0038245989 0.0067016096 237.9607019172 -55.25738780809 1861.44458 -0.8019999999999986 -2.1430000000000007 0.2651613216400146 0.09408868026733419 0.12568016 0.12168016 "" "" 2.4825050472468435 "" 0.310906934338145 ""
238.14692041156 -55.68298405579 0.0126 0.0106 15.9482 "" "" 5884158869798380800 2042.99792 0.446 0.0162 -4.603 -5.194 0.019 0.018 1.009 5057.6 2.7522 13.876266 2.030731 14.90635 12.875619 -53.2 1.04 1977.6012 2121.64282 53020.08577 8.2116 14889.0 11.705 56093.0 24.911 "" "" 0.0027604466585109803 0.0029178073 0.003810016 0.006727823 238.14692041156 -55.68298405579 2042.99792 -4.603000000000001 -5.194 -3.535838678359985 -2.956911319732666 0.115680166 0.11468016 -37.46 1.5174545 44.635410887468815 58.27153254457248 5.145109401285183 4.060035296879055
237.9086117494 -55.69564122828 0.0136 0.0115 18.0075 "" "" 5884155193305862912 2014.25793 0.456 0.0177 -10.186 -6.898 0.023 0.02 1.041 "" "" 13.887258 2.198461 15.034908 12.836448 20.72 1.01 1951.03943 2097.87915 52486.00602 10.812 13227.0 12.719 58154.0 24.059 "" "" 0.002764382906307858 0.0029791042 0.003805981 0.0067850854 237.9086117494 -55.69564122828 2014.25793 -10.186 -6.898 -9.118838678359985 -4.660911319732666 0.119680166 0.11668016 36.46 1.4874545 97.77643536606259 104.35306853607044 11.641747144531452 10.920423798420295
238.21105646126 -55.02810817771 0.0116 0.0103 23.647 "" "" 5884602213475991424 1645.48206 0.5653 0.0178 -10.763 -4.498 0.019 0.018 0.984 4668.9 2.2622 13.8912 2.415103 15.192745 12.777642 -108.98 1.44 1595.66663 1696.02185 52295.79173 10.686 11437.0 8.6878 61391.0 24.151 "" "" 0.0027642376600693877 0.002909512 0.0038034408 0.0067129526 238.21105646126 -55.02810817771 1645.48206 -10.763000000000005 -4.497999999999999 -9.695838678359985 -2.2609113197326662 0.115680166 0.11468016 -93.24000000000001 1.9174546 77.6523042762803 121.34075143749533 8.978843264252296 5.931930048440143
237.97486169985 -55.38011276837 0.012 0.0099 5.1383 "" "" 5884587748025517824 1900.46313 0.4827 0.0179 2.8 0.137 0.019 0.017 1.038 5084.2 2.8428 13.892317 2.107169 14.960911 12.853742 -29.61 1.04 1840.06067 1972.97534 52242.01107 11.146 14160.0 27.59 57235.0 63.083 "" "" 0.0027650404947030974 0.003501483 0.0039643096 0.007465793 237.97486169985 -55.38011276837 1900.46313 2.799999999999999 0.13700000000000054 3.8671613216400145 2.374088680267334 0.115680166 0.11368017 -13.87 1.5174545 40.87699618465978 43.16602503220201 4.706420927706979 4.483438428283645
238.21196589033 -55.39370640677 0.0119 0.0098 3.7633 "" "" 5884541362383137664 1844.18628 0.5049 0.018 -1.015 -2.251 0.019 0.016 0.934 "" "" 13.89311 1.199515 14.402917 13.203402 "" "" 1790.1792 1901.63904 52203.87278 8.9437 23673.0 16.975 41476.0 15.109 "" "" 0.002761591845294698 0.0028967522 0.003800021 0.006696773 238.21196589033 -55.39370640677 1844.18628 -1.0150000000000001 -2.251000000000001 0.052161321640014746 -0.013911319732665905 0.115680166 0.11268017 "" "" 0.4719025939725842 "" 0.05449690074488118 ""
237.70986777201 -55.28729367526 0.0115 0.0097 15.7449 "" "" 5884228585712084608 2108.94312 0.4213 0.0164 -5.754 -6.921 0.019 0.016 0.98 "" "" 13.893261 2.951322 15.606697 12.655375 -94.04 0.77 2032.9104 2209.84766 52196.61611 12.699 7811.6 9.9306 68708.0 21.742 "" "" 0.002767953197736645 0.0031129015 0.003794966 0.0069078673 237.70986777201 -55.28729367526 2108.94312 -5.753999999999994 -6.9209999999999985 -4.686838678359985 -4.683911319732666 0.115680166 0.11268017 -78.30000000000001 1.2474545 66.23729419648454 102.55861320470186 7.563699932853905 4.97697578903825
237.69488721661 -55.37611783484 0.0122 0.0108 14.3695 "" "" 5884216078766556928 1927.40283 0.4749 0.017 -2.436 -5.191 0.019 0.018 0.997 "" "" 13.900664 2.410534 15.199465 12.788931 -52.91 1.28 1862.22424 1997.12317 51841.91361 10.586 11367.0 10.543 60756.0 21.973 "" "" 0.0027642254693244065 0.0029663376 0.0037997256 0.006766063 237.69488721661 -55.37611783484 1927.40283 -2.4359999999999995 -5.191 -1.3688386783599853 -2.953911319732666 0.115680166 0.11468016 -37.169999999999995 1.7574545 29.7433348247993 47.60540795435029 3.416247307245616 2.5374722991953536
237.96801488657 -55.44173187189 0.0119 0.0099 5.043 "" "" 5884212024317287680 1862.82886 0.4997 0.0186 -0.948 -2.384 0.02 0.018 1.034 "" "" 13.904792 1.153311 14.383273 13.229962 "" "" 1799.9585 1931.8512 51645.18633 9.8652 24105.0 18.762 40474.0 27.477 "" "" 0.0027631146373003437 0.0029153393 0.0038505872 0.0067659263 237.96801488657 -55.44173187189 1862.82886 -0.9479999999999982 -2.3839999999999995 0.1191613216400147 -0.1469113197326659 0.11668016 0.11468016 "" "" 1.6702664900234856 "" 0.1928789712830438 ""
238.40222301272 -55.63858083277 0.0125 0.0104 16.54 "" "" 5884533631441647872 2200.12354 0.4144 0.0172 -3.14 -2.791 0.019 0.018 0.914 "" "" 13.905009 1.225192 14.410022 13.18483 "" "" 2131.67236 2279.12427 51634.85548 10.221 23518.0 26.566 42192.0 54.411 "" "" 0.0027636894834937036 0.0030478237 0.00403041 0.007078234 238.40222301272 -55.63858083277 2200.12354 -3.1400000000000006 -2.791 -2.0728386783599855 -0.5539113197326659 0.115680166 0.11468016 "" "" 22.375278131427397 "" 2.5868906033758106 ""
238.51925580049 -55.25885793183 0.0719 0.0557 16.9142 "" "" 5884546069674256128 1779.85217 0.6131 0.104 -0.043 -1.458 0.113 0.09 5.662 "" "" 13.90513 1.068696 14.147676 13.07898 24.28 8.81 1465.76062 3268.59082 51629.09736 26.272 29947.0 34.497 46512.0 73.259 "" "" 0.0028101659134198535 0.0030576612 0.004148271 0.0072059324 238.51925580049 -55.25885793183 1779.85217 -0.042999999999999816 -1.4579999999999997 1.0241613216400147 0.779088680267334 0.20968017 0.18668017 40.02 9.287455 10.856190030539146 41.466338902526445 2.18811133583512 8.981797133457196
237.6289100831 -55.55538063074 0.0129 0.0116 18.3183 "" "" 5884207591910613632 1923.14563 0.4759 0.0182 -3.851 -4.884 0.023 0.02 1.029 "" "" 13.908327 2.469587 15.245229 12.775641 -65.69 2.97 1851.56812 2002.55273 51477.30334 46.744 10897.0 33.351 61504.0 175.88 "" "" 0.002926396256158534 0.0043390286 0.0048911837 0.009230212 237.6289100831 -55.55538063074 1923.14563 -3.8510000000000004 -4.884 -2.7838386783599853 -2.6469113197326664 0.119680166 0.11668016 -49.949999999999996 3.4474545 35.0165476837822 61.00132057333343 4.141240559595899 3.6904996943151134
238.41539564782 -55.20671899461 0.0126 0.0103 16.4122 "" "" 5884550124117128192 1766.54285 0.5198 0.0175 -6.482 -8.53 0.02 0.017 0.998 4755.9 2.6348 13.9136 2.100431 14.993386 12.892955 -8.04 0.87 1725.69312 1837.20935 51227.91376 8.306 13742.0 11.047 55205.0 18.774 "" "" 0.002760938106762705 0.0029234982 0.0037973756 0.0067208735 238.41539564782 -55.20671899461 1766.54285 -6.482000000000002 -8.529999999999998 -5.414838678359986 -6.292911319732665 0.11668016 0.11368017 7.700000000000001 1.3474545 69.51507044628224 69.9402246146778 7.991869177325221 7.94467314829387
238.57925360174 -55.11236273317 0.0116 0.0094 24.362 "" "" 5884573901058863232 1919.75366 0.4804 0.0172 -1.278 -0.637 0.018 0.016 0.918 "" "" 13.914162 1.226966 14.440372 13.213407 "" "" 1865.45728 1975.40234 51201.43759 6.8628 22870.0 11.641 41096.0 13.46 "" "" 0.0027591606519168075 0.0028443746 0.0037960748 0.006640449 238.57925360174 -55.11236273317 1919.75366 -1.278 -0.6370000000000009 -0.21083867835998538 1.600088680267334 0.11468016 0.11268017 "" "" 14.68607572649686 "" 1.6553351062463628 ""
237.71936695728 -55.68482252441 0.0127 0.0114 20.789 "" "" 5884202712827469568 1793.45715 0.5227 0.0174 -2.725 -3.034 0.021 0.019 0.983 "" "" 13.914546 1.386652 14.525864 13.139212 "" "" 1739.38611 1844.6095 51183.3193 9.931 21138.0 15.98 44002.0 17.716 "" "" 0.0027633617971458057 0.0029083947 0.0038045782 0.006712973 237.71936695728 -55.68482252441 1793.45715 -2.725 -3.034 -1.6578386783599854 -0.7969113197326658 0.11768016 0.115680166 "" "" 15.636956475609072 "" 1.8343302539262962 ""
