Clusters/Dolidze_5/Dolidze_5_members.tsv
# %ECSV 1.0
# ---
# datatype:
# - name: RA_ICRS_1
#   unit: deg
#   datatype: float64
#   format: '{:15.11f}'
#   description: Right ascension (ICRS) at Ep=2016.0 (ra)
#   meta: !!omap
#   - {ucd: POS_EQ_RA_MAIN}
#   - {width: 15}
#   - {precision: '11'}
# - name: DE_ICRS_1
#   unit: deg
#   datatype: float64
#   format: '{:15.11f}'
#   description: Declination (ICRS) at Ep=2016.0 (dec)
#   meta: !!omap
#   - {ucd: POS_EQ_DEC_MAIN}
#   - {width: 15}
#   - {precision: '11'}
# - name: e_RA_ICRS
#   unit: mas
#   datatype: float64
#   format: '{:7.4f}'
#   description: Standard error of right ascension (ra_error)
#   meta: !!omap
#   - {ucd: ERROR}
#   - {width: 7}
#   - {precision: '4'}
# - name: e_DE_ICRS
#   unit: mas
#   datatype: float64
#   format: '{:7.4f}'
#   description: Standard error of declination (dec_error)
#   meta: !!omap
#   - {ucd: ERROR}
#   - {width: 7}
#   - {precision: '4'}
# - name: _r_1
#   unit: ''
#   datatype: float64
#   format: '{:7.4f}'
#   description: Distance from center (305.01600726000+39.32320598000)[ICRS], at Epoch=J2016.0
#   meta: !!omap
#   - {ucd: POS_ANG_DIST_GENERAL}
#   - {width: 7}
#   - {precision: '4'}
# - name: HIP
#   datatype: int32
#   description: '? HIP cross-id number, van Leeuwen, Cat. I/311 (hip_original_ext_source_id)'
#   meta: !!omap
#   - {ucd: ID_NUMBER}
#   - {width: 6}
#   - values: {'null': -2147483648}
# - name: TYC2
#   datatype: string
#   description: Tycho-2 cross-id name, Hog et al., Cat. I/259 (tyc2_original_ext_source_id)
#   meta: !!omap
#   - {ucd: ID_CROSSID}
#   - {_votable_string_dtype: char}
# - name: Source
#   datatype: int64
#   description: Source identifier, identical to the Gaia-EDR3 source_id (id)
#   meta: !!omap
#   - {ucd: ID_MAIN}
#   - {width: 19}
# - name: rgeo
#   unit: pc
#   datatype: float64
#   format: '{:15.8f}'
#   description: '? Median of the geometric distance posterior (r_med_geo)'
#   meta: !!omap
#   - {ucd: PHYS_DISTANCE_TRUE}
#   - {width: 15}
#   - {precision: '8'}
#   - values: {'null': .nan}
# - name: Plx
#   unit: mas
#   datatype: float64
#   format: '{:9.4f}'
#   description: '? Parallax (parallax)'
#   meta: !!omap
#   - {ucd: POS_PARLX_TRIG}
#   - {width: 9}
#   - {precision: '4'}
#   - values: {'null': .nan}
# - name: e_Plx
#   unit: mas
#   datatype: float32
#   format: '{:7.4f}'
#   description: '? Standard error of parallax (parallax_error)'
#   meta: !!omap
#   - {ucd: ERROR}
#   - {width: 7}
#   - {precision: '4'}
#   - values: {'null': .nan}
# - name: pmRA
#   unit: mas / yr
#   datatype: float64
#   format: '{:9.3f}'
#   description: '? Proper motion in right ascension direction, pmRA*cosDE (pmra)'
#   meta: !!omap
#   - {ucd: POS_EQ_PMRA}
#   - {width: 9}
#   - {precision: '3'}
#   - values: {'null': .nan}
# - name: pmDE
#   unit: mas / yr
#   datatype: float64
#   format: '{:9.3f}'
#   description: '? Proper motion in declination direction (pmdec)'
#   meta: !!omap
#   - {ucd: POS_EQ_PMDEC}
#   - {width: 9}
#   - {precision: '3'}
#   - values: {'null': .nan}
# - name: e_pmRA
#   unit: mas / yr
#   datatype: float32
#   format: '{:6.3f}'
#   description: '? Standard error of proper motion in right ascension direction (pmra_error)'
#   meta: !!omap
#   - {ucd: ERROR}
#   - {width: 6}
#   - {precision: '3'}
#   - values: {'null': .nan}
# - name: e_pmDE
[...]
#       distance: !astropy.table.SerializedColumn
#         __class__: astropy.coordinates.distances.Distance
#         unit: !astropy.units.Unit {unit: pc}
#         value: !astropy.table.SerializedColumn {name: SkyCoord.distance}
#       frame: icrs
#       obstime: !astropy.time.Time {format: jyear_str, in_subfmt: '*', jd1: 367701545.0, jd2: 0.0, out_subfmt: '*', precision: 3, scale: tt}
#       pm_dec: !astropy.table.SerializedColumn
#         __class__: astropy.units.quantity.Quantity
#         unit: !astropy.units.Unit {unit: mas / yr}
#         value: !astropy.table.SerializedColumn {name: SkyCoord.pm_dec}
#       pm_ra_cosdec: !astropy.table.SerializedColumn
#         __class__: astropy.units.quantity.Quantity
#         unit: !astropy.units.Unit {unit: mas / yr}
#         value: !astropy.table.SerializedColumn {name: SkyCoord.pm_ra_cosdec}
#       ra: !astropy.table.SerializedColumn
#         __class__: astropy.coordinates.angles.Longitude
#         unit: *id001
#         value: !astropy.table.SerializedColumn {name: SkyCoord.ra}
#         wrap_angle: !astropy.coordinates.Angle
#           unit: *id001
#           value: 360.0
#       representation_type: spherical
# schema: astropy-2.0
RA_ICRS_1 DE_ICRS_1 e_RA_ICRS e_DE_ICRS _r_1 HIP TYC2 Source rgeo Plx e_Plx pmRA pmDE e_pmRA e_pmDE RUWE Teff logg Gmag BP-RP BPmag RPmag RV e_RV b_rgeo B_rgeo FG e_FG FBP e_FBP FRP e_FRP RAVE5 RAVE6 e_Gmag e_BPmag e_RPmag e_BP-RP SkyCoord.ra SkyCoord.dec SkyCoord.distance SkyCoord.pm_ra_cosdec SkyCoord.pm_dec rmRA rmDE e_rmRA e_rmDE rRV e_rRV v_pec v_pec3d e_vpec e_vpec3d Pmemb
[from data line 62]
304.93505589831 39.29421043196 0.0269 0.0313 4.1413 "" "" 2061455629167724800 2173.85303 0.4371 0.0351 -1.839 -5.416 0.036 0.04 1.028 "" "" 16.168743 1.395056 16.790388 15.395332 "" "" 2034.6958 2344.99487 6418.73791 2.7211 2625.8 6.0576 5508.4 8.9516 "" "" 0.002793500352648747 0.003749505 0.0041709556 0.007920461 304.93505589831 39.29421043196 2173.85303 -1.838999999999999 -5.416 0.08656762695312503 0.008851417541503537 0.10891184 0.11291184 "" "" 0.8966490095408092 "" 0.09769347858440182 "" 1.0
305.13468169404 39.40033888026 0.0266 0.0314 7.1921 "" "" 2061416905740866944 2255.65601 0.4313 0.034 -1.892 -5.389 0.039 0.042 1.012 "" "" 16.188398 1.543155 16.895096 15.351941 "" "" 2075.16968 2445.79858 6303.58521 2.739 2384.4 8.0642 5733.0 11.664 "" "" 0.002795416729936511 0.0046118186 0.004377588 0.008989407 305.13468169404 39.40033888026 2255.65601 -1.892 -5.388999999999998 0.033567626953125096 0.03585141754150367 0.11191185 0.11491184 "" "" 0.5251093374349987 "" 0.05961056968431265 "" 0.9
305.02263508591 39.35310554308 0.0304 0.0392 1.8201 "" "" 2061462020079108864 1845.57056 0.529 0.0426 -1.92 -5.498 0.045 0.047 1.006 9488.3 4.2474 16.192581 1.430766 16.83391 15.403144 "" "" 1737.5791 2010.74646 6279.34517 3.1975 2522.6 12.232 5468.9 14.126 "" "" 0.00281024039424835 0.0059583625 0.004706221 0.010664584 305.02263508591 39.35310554308 1845.57056 -1.9200000000000004 -5.498 0.005567626953125071 -0.07314858245849631 0.117911845 0.11991184 "" "" 0.6417550368844973 "" 0.07694669696274423 "" 1.0
305.11815596365 39.35916446999 0.0289 0.0347 5.2079 "" "" 2061416287265824128 2063.21069 0.4592 0.0374 -1.786 -5.442 0.04 0.046 1.002 "" "" 16.286486 1.568479 17.00768 15.439202 "" "" 1926.25073 2231.17798 5759.06949 2.5345 2149.5 11.125 5290.3 9.7108 "" "" 0.0027964444005637848 0.0062739346 0.0042726602 0.010546595 305.11815596365 39.35916446999 2063.21069 -1.7860000000000016 -5.442000000000002 0.13956762695312497 -0.017148582458496264 0.11291184 0.11891185 "" "" 1.3751825749783868 "" 0.15540032130662496 "" 1.0
304.84217553876 39.33474297993 0.0299 0.0329 8.0974 "" "" 2061459580537658752 1976.07495 0.4955 0.0391 -2.132 -5.501 0.043 0.041 1.008 7839.1 4.2386 16.293726 1.486496 16.971115 15.484619 "" "" 1848.6001 2140.10938 5720.79632 2.6577 2223.2 8.5435 5073.5 8.979 "" "" 0.0028011082154907195 0.005019325 0.004239807 0.009259132 304.84217553876 39.33474297993 1976.07495 -2.1319999999999983 -5.501000000000001 -0.20643237304687512 -0.07614858245849643 0.11591184 0.113911845 "" "" 2.060926216306677 "" 0.2383958198873527 "" 0.9
305.17568880218 39.32322259816 0.0314 0.0355 7.4116 "" "" 2061415222113922560 2223.74902 0.4321 0.0396 -1.909 -5.412 0.042 0.046 1.013 "" "" 16.350134 1.495311 17.033775 15.538465 "" "" 2015.28284 2405.63354 5431.17211 2.7301 2098.5 7.7439 4828.1 9.7783 "" "" 0.002808852745982804 0.0048823995 0.00437253 0.00925493 305.17568880218 39.32322259816 2223.74902 -1.9090000000000018 -5.411999999999999 0.01656762695312497 0.012851417541503984 0.11491184 0.11891185 "" "" 0.22101170614441817 "" 0.02573252898525963 "" 1.0
305.13656649131 39.27921369145 0.0301 0.0364 6.1886 "" "" 2061413572846449024 2253.84839 0.4197 0.0393 -1.832 -5.486 0.04 0.047 0.93 "" "" 16.370668 1.571034 17.095924 15.52489 "" "" 2048.90649 2454.80933 5329.41121 2.4661 1981.7 8.2994 4888.8 10.37 "" "" 0.002800750304366312 0.005334888 0.0044258 0.009760688 305.13656649131 39.27921369145 2253.84839 -1.8319999999999983 -5.486000000000001 0.09356762695312493 -0.06114858245849586 0.11291184 0.11991184 "" "" 1.194138387199234 "" 0.1373873280260575 "" 0.9
305.00171451454 39.30776608604 0.0317 0.0391 1.1395 "" "" 2061461401603784320 2185.52368 0.4459 0.0436 -1.895 -5.478 0.042 0.048 0.993 "" "" 16.441595 1.543614 17.154182 15.610568 "" "" 1996.98376 2438.94507 4992.38805 2.6101 1878.2 8.7754 4517.8 12.701 "" "" 0.002813184095451948 0.00578952 0.004858046 0.010647566 305.00171451454 39.30776608604 2185.52368 -1.8950000000000007 -5.478 0.030567626953124982 -0.05314858245849585 0.11491184 0.120911844 "" "" 0.6351536238607347 "" 0.07586822656547688 "" 1.0
305.06310272192 39.30805056603 0.0348 0.0471 2.3677 "" "" 2061414741077566976 2054.02832 0.4838 0.0483 -1.923 -5.487 0.048 0.066 0.932 9462.3 4.1878 16.5287 1.554129 17.225746 15.671617 "" "" 1868.22217 2261.72754 4607.51259 2.7386 1758.4 11.649 4270.8 18.957 "" "" 0.002829884957717684 0.0077149705 0.0061244965 0.0138394665 305.06310272192 39.30805056603 2054.02832 -1.9230000000000027 -5.487000000000002 0.0025676269531249574 -0.06214858245849619 0.120911844 0.13891184 "" "" 0.6056006367135861 "" 0.08410772778740513 "" 1.0
304.98070257626 39.32090269451 0.0385 0.0504 1.6445 "" "" 2061461573402485248 1761.34412 0.5603 0.054 -1.861 -5.494 0.052 0.06 0.981 8809.0 4.3636 16.833214 1.639265 17.59402 15.954756 "" "" 1597.52588 1984.07336 3480.65825 2.1074 1252.6 8.2124 3290.5 9.2983 "" "" 0.002832653294047677 0.0076456903 0.004867937 0.012513627 304.98070257626 39.32090269451 1761.34412 -1.8610000000000002 -5.493999999999998 0.06456762695312501 -0.06914858245849587 0.124911845 0.13291185 "" "" 0.7898530928315701 "" 0.10208631341592313 "" 0.9
305.02999854746 39.29024995909 0.0395 0.0538 2.0813 "" "" 2061414397480169600 1666.14648 0.5825 0.0546 -2.06 -6.085 0.054 0.067 0.985 "" "" 16.89409 1.763443 17.728985 15.965542 "" "" 1548.22595 1816.59167 3290.86608 2.2657 1106.2 8.0081 3257.9 11.177 "" "" 0.0028549184529886246 0.008340501 0.0053064516 0.013646953 305.02999854746 39.29024995909 1666.14648 -2.06 -6.085 -0.13443237304687505 -0.6601485824584961 0.12691185 0.13991185 "" "" 5.320548493275553 "" 0.741776971321521 "" 0.9
305.10566333994 39.26323386138 0.0396 0.0494 5.5027 "" "" 2061413641565913600 1793.68604 0.5489 0.0535 -1.902 -5.54 0.054 0.068 0.978 8971.8 3.5085 16.904148 1.9834 17.872334 15.888933 "" "" 1660.84338 2040.00354 3260.52366 2.3917 969.36 9.8854 3496.1 9.3653 "" "" 0.0028681141232417325 0.011418335 0.0047689443 0.01618728 305.10566333994 39.26323386138 1793.68604 -1.9020000000000006 -5.540000000000001 0.023567626953125087 -0.11514858245849613 0.12691185 0.14091185 "" "" 0.9992965410623466 "" 0.1402771556097779 "" 0.9
