Clusters/Dolidze_5/Dolidze_5_members.tsv
# %ECSV 1.0
# ---
# datatype:
# - name: RA_ICRS_1
#   unit: deg
#   datatype: float64
#   format: '{:15.11f}'
#   description: Right ascension (ICRS) at Ep=2016.0 (ra)
#   meta: !!omap
#   - {ucd: POS_EQ_RA_MAIN}
#   - {width: 15}
#   - {precision: '11'}
# - name: DE_ICRS_1
#   unit: deg
#   datatype: float64
#   format: '{:15.11f}'
#   description: Declination (ICRS) at Ep=2016.0 (dec)
#   meta: !!omap
#   - {ucd: POS_EQ_DEC_MAIN}
#   - {width: 15}
#   - {precision: '11'}
# - name: e_RA_ICRS
#   unit: mas
#   datatype: float64
#   format: '{:7.4f}'
#   description: Standard error of right ascension (ra_error)
#   meta: !!omap
#   - {ucd: ERROR}
#   - {width: 7}
#   - {precision: '4'}
# - name: e_DE_ICRS
#   unit: mas
#   datatype: float64
#   format: '{:7.4f}'
#   description: Standard error of declination (dec_error)
#   meta: !!omap
#   - {ucd: ERROR}
#   - {width: 7}
#   - {precision: '4'}
# - name: _r_1
#   unit: ''
#   datatype: float64
#   format: '{:7.4f}'
#   description: Distance from center (305.01600726000+39.32320598000)[ICRS], at Epoch=J2016.0
#   meta: !!omap
#   - {ucd: POS_ANG_DIST_GENERAL}
#   - {width: 7}
#   - {precision: '4'}
# - name: HIP
#   datatype: int32
#   description: '? HIP cross-id number, van Leeuwen, Cat. I/311 (hip_original_ext_source_id)'
#   meta: !!omap
#   - {ucd: ID_NUMBER}
#   - {width: 6}
#   - values: {'null': -2147483648}
# - name: TYC2
#   datatype: string
#   description: Tycho-2 cross-id name, Hog et al., Cat. I/259 (tyc2_original_ext_source_id)
#   meta: !!omap
#   - {ucd: ID_CROSSID}
#   - {_votable_string_dtype: char}
# - name: Source
#   datatype: int64
#   description: Source identifier, identical to the Gaia-EDR3 source_id (id)
#   meta: !!omap
#   - {ucd: ID_MAIN}
#   - {width: 19}
# - name: rgeo
#   unit: pc
#   datatype: float64
#   format: '{:15.8f}'
#   description: '? Median of the geometric distance posterior (r_med_geo)'
#   meta: !!omap
#   - {ucd: PHYS_DISTANCE_TRUE}
#   - {width: 15}
#   - {precision: '8'}
#   - values: {'null': .nan}
# - name: Plx
#   unit: mas
#   datatype: float64
#   format: '{:9.4f}'
#   description: '? Parallax (parallax)'
#   meta: !!omap
#   - {ucd: POS_PARLX_TRIG}
#   - {width: 9}
#   - {precision: '4'}
#   - values: {'null': .nan}
# - name: e_Plx
#   unit: mas
#   datatype: float32
#   format: '{:7.4f}'
#   description: '? Standard error of parallax (parallax_error)'
#   meta: !!omap
#   - {ucd: ERROR}
#   - {width: 7}
#   - {precision: '4'}
#   - values: {'null': .nan}
# - name: pmRA
#   unit: mas / yr
#   datatype: float64
#   format: '{:9.3f}'
#   description: '? Proper motion in right ascension direction, pmRA*cosDE (pmra)'
#   meta: !!omap
#   - {ucd: POS_EQ_PMRA}
#   - {width: 9}
#   - {precision: '3'}
#   - values: {'null': .nan}
# - name: pmDE
#   unit: mas / yr
#   datatype: float64
#   format: '{:9.3f}'
#   description: '? Proper motion in declination direction (pmdec)'
#   meta: !!omap
#   - {ucd: POS_EQ_PMDEC}
#   - {width: 9}
#   - {precision: '3'}
#   - values: {'null': .nan}
# - name: e_pmRA
#   unit: mas / yr
#   datatype: float32
#   format: '{:6.3f}'
#   description: '? Standard error of proper motion in right ascension direction (pmra_error)'
#   meta: !!omap
#   - {ucd: ERROR}
#   - {width: 6}
#   - {precision: '3'}
#   - values: {'null': .nan}
# - name: e_pmDE
[...]
#       distance: !astropy.table.SerializedColumn
#         __class__: astropy.coordinates.distances.Distance
#         unit: !astropy.units.Unit {unit: pc}
#         value: !astropy.table.SerializedColumn {name: SkyCoord.distance}
#       frame: icrs
#       obstime: !astropy.time.Time {format: jyear_str, in_subfmt: '*', jd1: 367701545.0, jd2: 0.0, out_subfmt: '*', precision: 3, scale: tt}
#       pm_dec: !astropy.table.SerializedColumn
#         __class__: astropy.units.quantity.Quantity
#         unit: !astropy.units.Unit {unit: mas / yr}
#         value: !astropy.table.SerializedColumn {name: SkyCoord.pm_dec}
#       pm_ra_cosdec: !astropy.table.SerializedColumn
#         __class__: astropy.units.quantity.Quantity
#         unit: !astropy.units.Unit {unit: mas / yr}
#         value: !astropy.table.SerializedColumn {name: SkyCoord.pm_ra_cosdec}
#       ra: !astropy.table.SerializedColumn
#         __class__: astropy.coordinates.angles.Longitude
#         unit: *id001
#         value: !astropy.table.SerializedColumn {name: SkyCoord.ra}
#         wrap_angle: !astropy.coordinates.Angle
#           unit: *id001
#           value: 360.0
#       representation_type: spherical
# schema: astropy-2.0
RA_ICRS_1 DE_ICRS_1 e_RA_ICRS e_DE_ICRS _r_1 HIP TYC2 Source rgeo Plx e_Plx pmRA pmDE e_pmRA e_pmDE RUWE Teff logg Gmag BP-RP BPmag RPmag RV e_RV b_rgeo B_rgeo FG e_FG FBP e_FBP FRP e_FRP RAVE5 RAVE6 e_Gmag e_BPmag e_RPmag e_BP-RP SkyCoord.ra SkyCoord.dec SkyCoord.distance SkyCoord.pm_ra_cosdec SkyCoord.pm_dec rmRA rmDE e_rmRA e_rmDE rRV e_rRV v_pec v_pec3d e_vpec e_vpec3d Pmemb
305.07271674523 39.33933998291 0.013 0.0167 2.8043 "" 3152-1516-1 2061414947236018816 2071.66284 0.4565 0.0175 -2.01 -5.462 0.019 0.021 1.029 "" "" 8.470594 1.956637 9.444114 7.487476 "" "" 2010.25549 2151.97876 7703873.99015 2540.5 2279100.0 1504.1 8019900.0 3321.6 "" "" 0.002778485863096185 0.0028807067 0.0038060397 0.006686746 305.07271674523 39.33933998291 2071.66284 -2.0099999999999985 -5.461999999999998 -0.08443237304687479 -0.03714858245849584 0.091911845 0.09391184 "" "" 0.905800732900147 "" 0.08355030159224469 "" 1.0
305.02863687578 39.35489809528 0.0092 0.0114 1.9898 "" 3152-1557-1 2061461912692370688 2039.65442 0.4619 0.0124 -1.956 -5.459 0.013 0.015 0.939 "" "" 8.832696 1.833337 9.721727 7.88839 -20.53 0.18 1988.85925 2095.68384 5519103.2036 1821.5 1764900.0 1254.4 5543700.0 1414.1 "" "" 0.002778523143505743 0.0028949173 0.0037895157 0.0066844327 305.02863687578 39.35489809528 2039.65442 -1.9560000000000004 -5.459 -0.03043237304687496 -0.034148582458495724 0.08591184 0.087911844 -15.34 0.7222973 0.44222393132716625 15.346372926702859 0.038487730083902785 0.7219982124443475 1.0
305.04024421286 39.33100449678 0.0157 0.0212 1.2183 "" "" 2061461745201397888 2032.11462 0.4508 0.021 -1.964 -5.384 0.021 0.027 1.118 "" "" 9.800811 2.713635 11.337144 8.623508 -20.48 0.13 1935.92651 2126.89966 2262675.62347 1057.5 398620.0 573.44 2816800.0 1064.0 "" "" 0.0028016570134232715 0.0031975897 0.0038015686 0.0069991583 305.04024421286 39.33100449678 2032.11462 -1.9639999999999997 -5.384 -0.03843237304687497 0.040851417541503565 0.09391184 0.099911846 -15.29 0.6722973 0.5402540182206803 15.299541640330391 0.0524807639008851 0.6718805728793351 0.9
305.01510131597 39.31806461151 0.0068 0.0088 0.3113 "" "" 2061461710841439104 2125.37012 0.4613 0.0093 -1.955 -5.559 0.009 0.011 0.874 "" "" 12.304503 1.110772 12.767147 11.656375 "" "" 2086.25635 2162.79932 225499.45535 46.36 106800.0 88.308 172430.0 85.049 "" "" 0.0027643469532733747 0.0029310398 0.0038171345 0.0067481743 305.01510131597 39.31806461151 2125.37012 -1.9550000000000012 -5.5589999999999975 -0.02943237304687507 -0.13414858245849626 0.08191185 0.08391184 "" "" 1.3835919025213324 "" 0.11597410788500634 "" 0.9
305.06802208985 39.31126278266 0.0087 0.0122 2.5186 "" "" 2061414839865507712 2185.26733 0.4452 0.0124 -1.964 -5.505 0.012 0.017 1.001 "" "" 12.647899 1.056318 13.08095 12.024631 25.44 39.82 2120.02368 2246.92285 164356.62509 83.822 79990.0 141.31 122830.0 185.15 "" "" 0.0028104096052732645 0.0033858516 0.0041185194 0.007504371 305.06802208985 39.31126278266 2185.26733 -1.964 -5.505000000000001 -0.03843237304687497 -0.08014858245849599 0.084911846 0.08991185 30.630000000000003 40.362297 0.9207031283442644 30.643834522633473 0.08194115915292446 40.344075095385534 0.9
305.06877178758 39.309728015 0.0083 0.0107 2.5793 "" "" 2061414844156783488 2167.78296 0.4436 0.0111 -1.949 -5.445 0.012 0.015 0.957 "" "" 12.71258 1.04702 13.139384 12.092364 "" "" 2126.41089 2210.13623 154851.33717 54.512 75799.0 111.22 115400.0 110.71 "" "" 0.0027817033442033364 0.0032129462 0.0039202906 0.007133237 305.06877178758 39.309728015 2167.78296 -1.9490000000000003 -5.445000000000002 -0.023432373046875066 -0.020148582458496378 0.084911846 0.087911844 "" "" 0.31754498441877077 "" 0.02737232446823972 "" 0.9
304.82455730866 39.4168130867 0.0107 0.0115 10.5072 "" "" 2061460851848034176 1907.63745 0.5011 0.0135 -1.983 -5.507 0.015 0.014 1.105 "" "" 13.004287 0.96546 13.391889 12.426429 "" "" 1861.34045 1959.68127 118367.43332 36.328 60071.0 57.135 84837.0 56.237 "" "" 0.002775396593469891 0.0029751398 0.0038473 0.00682244 304.82455730866 39.4168130867 1907.63745 -1.9830000000000019 -5.506999999999998 -0.057432373046875096 -0.08214858245849577 0.087911844 0.08691184 "" "" 0.9063365820510164 "" 0.07907008663437903 "" 0.9
305.00003099441 39.44141771241 0.0082 0.0106 7.1313 "" "" 2061464734498496256 2213.9895 0.4253 0.011 -2.005 -5.363 0.011 0.013 1.031 "" "" 13.295959 1.294781 13.854624 12.559843 "" "" 2162.81323 2261.32227 90482.16009 26.61 39225.0 54.679 75028.0 56.155 "" "" 0.0027737601415141607 0.0031742284 0.003865758 0.0070399866 305.00003099441 39.44141771241 2213.9895 -2.004999999999999 -5.363000000000001 -0.0794323730468749 0.06185141754150347 0.08391184 0.08591184 "" "" 1.056496133594764 "" 0.08945597186128629 "" 1.0
305.02965090928 39.31680307438 0.0083 0.0115 0.7407 "" "" 2061461710841439360 2211.03687 0.4208 0.0115 -1.918 -5.364 0.011 0.014 0.955 11263.7 3.6508 13.321683 1.127492 13.793078 12.665586 "" "" 2163.29688 2262.67139 88363.61322 17.224 41513.0 36.67 68065.0 21.748 "" "" 0.002763435947207105 0.002950401 0.00379527 0.006745671 305.02965090928 39.31680307438 2211.03687 -1.9180000000000006 -5.363999999999997 0.007567626953125073 0.06085141754150403 0.08391184 0.08691184 "" "" 0.6426547466925968 "" 0.05582544353403472 "" 1.0
304.99194571477 39.33785739687 0.0086 0.011 1.4212 "" "" 2061461603454708096 2188.50342 0.4304 0.0118 -1.855 -5.464 0.012 0.014 1.055 "" "" 13.392685 0.933414 13.765134 12.83172 "" "" 2134.25977 2254.27344 82769.98851 14.199 42595.0 38.685 58408.0 28.705 "" "" 0.0027616083228461227 0.0029592877 0.0038168635 0.0067761512 304.99194571477 39.33785739687 2188.50342 -1.855 -5.464 0.07056762695312502 -0.039148582458496506 0.084911846 0.08691184 "" "" 0.8371362619799749 "" 0.07148033191240752 "" 0.9
304.98326770164 39.35039184086 0.0122 0.0146 2.2291 "" "" 2061461676481720704 2295.41138 0.4052 0.0159 -1.927 -5.194 0.017 0.018 1.431 "" "" 13.5426 1.1079 14.002356 12.894456 "" "" 2215.85156 2364.03711 72095.26841 14.897 34235.0 22.46 55128.0 29.266 "" "" 0.0027644384735934827 0.0028796566 0.0038230813 0.006702738 304.98326770164 39.35039184086 2295.41138 -1.9270000000000003 -5.193999999999999 -0.0014323730468750462 0.23085141754150396 0.08991185 0.09091184 "" "" 2.511769470790704 "" 0.22834949532184473 "" 1.0
305.04843822963 39.33964666195 0.0098 0.0136 1.7996 "" "" 2061461848280411136 2222.32593 0.4208 0.0138 -1.852 -5.326 0.014 0.018 1.122 "" "" 13.631838 1.227134 14.155561 12.928428 "" "" 2164.07153 2282.06128 66406.6821 16.849 29730.0 25.314 53430.0 22.426 "" "" 0.0027690571403766015 0.0029393337 0.0038067573 0.006746091 305.04843822963 39.33964666195 2222.32593 -1.8520000000000014 -5.325999999999994 0.07356762695312491 0.09885141754150428 0.08691184 0.09091184 "" "" 1.2980048372662112 "" 0.11617995571308931 "" 1.0
304.98391638445 39.33081096603 0.0095 0.0119 1.5577 "" "" 2061461603459911808 2146.83716 0.4358 0.013 -1.93 -5.327 0.013 0.015 0.989 "" "" 13.637051 0.998058 14.041525 13.043467 "" "" 2082.20483 2208.36572 66088.60379 12.032 33022.0 33.244 48059.0 22.765 "" "" 0.0027624014716544007 0.002996627 0.0038142146 0.0068108416 304.98391638445 39.33081096603 2146.83716 -1.9299999999999973 -5.327 -0.004432373046874938 0.09785141754150395 0.08591184 0.087911844 "" "" 0.9967578320591124 "" 0.08762278367028696 "" 1.0
305.13993243199 39.27633266755 0.0102 0.0126 6.4045 "" "" 2061415050315196544 2133.25952 0.4428 0.0134 -1.934 -5.397 0.014 0.016 1.019 "" "" 13.81731 1.373941 14.421901 13.047959 "" "" 2068.67432 2205.64331 55978.67703 13.98 23263.0 22.627 47860.0 26.797 "" "" 0.0027686298886991003 0.0029833363 0.0038279602 0.0068112966 305.13993243199 39.27633266755 2133.25952 -1.933999999999997 -5.396999999999997 -0.008432373046874941 0.027851417541503665 0.08691184 0.08891185 "" "" 0.2942483886982827 "" 0.02611326238279989 "" 1.0
305.05821556386 39.35903442958 0.0102 0.014 2.9082 "" "" 2061461882640163200 2007.44312 0.4711 0.0142 -1.959 -5.416 0.014 0.017 1.025 "" "" 13.844144 1.137111 14.31927 13.182159 "" "" 1952.51794 2068.68481 54612.1493 13.179 25569.0 23.451 42296.0 25.091 "" "" 0.0027677497227237484 0.0029625436 0.0038338718 0.0067964154 305.05821556386 39.35903442958 2007.44312 -1.9589999999999992 -5.416000000000006 -0.033432373046875075 0.008851417541503537 0.08691184 0.08991185 "" "" 0.3290789474873054 "" 0.028666566400227005 "" 1.0
304.91182269974 39.32754736266 0.0105 0.0132 4.8426 "" "" 2061456659960012416 1974.49536 0.4781 0.0141 -1.899 -5.375 0.014 0.016 0.971 "" "" 14.041119 1.10384 14.501814 13.397974 "" "" 1916.59277 2034.02478 45551.12637 9.934 21612.0 23.031 34671.0 21.638 "" "" 0.0027654755984037414 0.0030205548 0.0038396448 0.0068601994 304.91182269974 39.32754736266 1974.49536 -1.8990000000000005 -5.375 0.02656762695312498 0.049851417541503906 0.08691184 0.08891185 "" "" 0.5286862803719669 "" 0.04677464453481925 "" 1.0
304.92118942884 39.14458108894 0.0157 0.0176 11.588 "" "" 2061407353733568640 2128.54175 0.4455 0.0203 -1.936 -5.494 0.021 0.022 1.664 10604.6 3.607 14.042336 0.972755 14.413307 13.440552 "" "" 2037.17603 2227.22559 45500.06452 14.221 23447.0 30.15 33338.0 58.85 "" "" 0.002776138494143525 0.0031199702 0.004237579 0.0073575494 304.92118942884 39.14458108894 2128.54175 -1.936 -5.493999999999998 -0.010432373046874943 -0.06914858245849587 0.09391184 0.09491184 "" "" 0.7055551533709659 "" 0.06694991914283305 "" 0.9
304.94786422985 39.28165094565 0.0122 0.0141 4.0282 "" "" 2061455560448242432 2033.24573 0.4595 0.0156 -1.943 -5.408 0.016 0.018 0.981 9487.7 3.6531 14.256805 1.05708 14.690158 13.633078 "" "" 1979.15857 2087.66797 37344.32391 6.5542 18170.0 19.443 27921.0 18.186 "" "" 0.0027619016013540414 0.003022389 0.0038449748 0.006867364 304.94786422985 39.28165094565 2033.24573 -1.943 -5.408 -0.01743237304687506 0.016851417541503544 0.08891185 0.09091184 "" "" 0.23367077083681084 "" 0.021003151384619948 "" 1.0
304.95487372397 39.29846537753 0.0122 0.016 3.2028 "" "" 2061461435963513856 2098.27148 0.4484 0.016 -1.865 -5.474 0.016 0.02 0.899 "" "" 14.313688 1.066583 14.753925 13.687343 "" "" 2030.05615 2170.78296 35438.19165 6.7183 17134.0 14.783 26560.0 13.667 "" "" 0.0027629976597358715 0.0029432238 0.0038204528 0.0067636766 304.95487372397 39.29846537753 2098.27148 -1.865 -5.474 0.06056762695312501 -0.04914858245849629 0.08891185 0.09291184 "" "" 0.7757742444572893 "" 0.07022397875393446 "" 0.9
304.95506163226 39.34344759562 0.0118 0.0146 3.0781 "" "" 2061462398036220416 1998.94958 0.4664 0.0157 -1.909 -5.369 0.017 0.018 1.025 10022.0 3.771 14.314348 1.118799 14.780385 13.661586 "" "" 1946.96375 2067.94019 35416.64982 7.9914 16721.0 16.038 27197.0 15.575 "" "" 0.0027661899985704755 0.0029781766 0.0038301863 0.006808363 304.95506163226 39.34344759562 1998.94958 -1.9090000000000018 -5.369 0.01656762695312497 0.055851417541504134 0.08991185 0.09091184 "" "" 0.551985408895818 "" 0.05013759387769533 "" 0.9
305.02308466827 39.22776503903 0.0129 0.0218 5.7359 "" "" 2061413882084155904 2115.69019 0.4412 0.0187 -1.91 -5.427 0.016 0.03 0.99 "" "" 14.361283 1.037187 14.784428 13.747241 "" "" 2048.47021 2195.9209 33918.26138 9.5328 16659.0 20.709 25134.0 38.538 "" "" 0.002772166118442739 0.0030994702 0.004129789 0.0072292592 305.02308466827 39.22776503903 2115.69019 -1.9099999999999975 -5.427 0.01556762695312508 -0.002148582458495696 0.08891185 0.102911845 "" "" 0.1575978333330706 "" 0.014056733194474874 "" 1.0
305.03066959528 39.3655472983 0.0129 0.0168 2.63 "" "" 2061462123158333696 1932.87109 0.4859 0.0185 -1.926 -5.324 0.019 0.02 1.01 "" "" 14.422704 1.186606 14.923208 13.736602 "" "" 1868.86121 2024.00549 32052.75019 9.3567 14660.0 22.239 25382.0 25.675 "" "" 0.002773489233544486 0.003240032 0.003935724 0.0071757557 305.03066959528 39.3655472983 1932.87109 -1.9259999999999982 -5.324 -0.0004323730468749343 0.10085141754150406 0.091911845 0.09291184 "" "" 0.9239899130269787 "" 0.08584958559363576 "" 1.0
305.00594865085 39.30257396621 0.0132 0.0158 1.3231 "" "" 2061461332884304896 2101.56079 0.447 0.0174 -1.861 -5.419 0.018 0.019 1.04 "" "" 14.471226 1.084593 14.921113 13.83652 "" "" 2026.15149 2188.35718 30651.83307 6.3942 14688.0 15.685 23150.0 15.72 "" "" 0.0027646135912432943 0.0030214791 0.0038506223 0.0068721017 305.00594865085 39.30257396621 2101.56079 -1.8610000000000002 -5.4190000000000005 0.06456762695312501 0.005851417541504311 0.09091184 0.091911845 "" "" 0.6458196165155876 "" 0.05871794101020023 "" 1.0
304.87865025765 39.32038469493 0.0133 0.0151 6.3778 "" "" 2061456586934555392 2205.97827 0.4239 0.0168 -1.784 -5.494 0.018 0.019 1.031 "" "" 14.49177 1.034819 14.914044 13.879226 "" "" 2136.63794 2278.73022 30077.29019 5.891 14784.0 20.684 22257.0 21.455 "" "" 0.002763514310715009 0.0031768705 0.003921623 0.007098493 304.87865025765 39.32038469493 2205.97827 -1.7840000000000016 -5.493999999999998 0.14156762695312497 -0.06914858245849587 0.09091184 0.091911845 "" "" 1.6474263225143566 "" 0.15008930602900483 "" 0.9
305.05635049276 39.32885599539 0.0135 0.0181 1.9029 "" "" 2061414912876274048 2217.85864 0.4253 0.0187 -2.011 -5.338 0.019 0.024 0.957 7991.5 3.5852 14.568225 1.288653 15.125716 13.837063 "" "" 2121.95337 2316.78931 28032.17125 8.0786 12166.0 18.4 23138.0 28.152 "" "" 0.0027730299230231347 0.0032375106 0.0040035993 0.00724111 305.05635049276 39.32885599539 2217.85864 -2.011 -5.338000000000001 -0.08543237304687512 0.08685141754150383 0.091911845 0.09691185 "" "" 1.2807263819670343 "" 0.12101083756612371 "" 1.0
305.0811767048 39.32835129947 0.0139 0.0169 3.0404 "" "" 2061414878516536704 1994.48523 0.4719 0.0182 -1.952 -5.321 0.019 0.023 0.993 "" "" 14.619103 1.170939 15.110867 13.939927 "" "" 1935.38635 2066.13135 26748.88528 6.9308 12333.0 20.822 21047.0 25.324 "" "" 0.002769644534189429 0.0033384394 0.0039987913 0.0073372307 305.0811767048 39.32835129947 1994.48523 -1.9519999999999973 -5.320999999999993 -0.026432373046874957 0.10385141754150418 0.091911845 0.095911846 "" "" 1.0130986476625332 "" 0.09692645495052013 "" 1.0
305.03180366124 39.33899823602 0.0138 0.0185 1.198 "" "" 2061461809617143552 2091.06006 0.4511 0.0187 -1.913 -5.453 0.019 0.023 0.975 "" "" 14.654072 1.386985 15.263097 13.876112 "" "" 2007.03149 2167.71313 25901.08621 8.2105 10720.0 34.788 22321.0 20.996 "" "" 0.0027767326077016564 0.004494355 0.0039149397 0.008409295 305.03180366124 39.33899823602 2091.06006 -1.9129999999999998 -5.453000000000001 0.012567626953124966 -0.028148582458496385 0.091911845 0.095911846 "" "" 0.30554308397661756 "" 0.029105622765149386 "" 1.0
305.04489573612 39.36590664781 0.0141 0.0212 2.8915 "" "" 2061461951359827456 2295.47485 0.4081 0.019 -1.856 -5.379 0.019 0.026 0.965 7597.1 3.4853 14.710283 1.152696 15.193902 14.041206 "" "" 2202.63599 2395.61914 24594.2468 6.0438 11425.0 14.214 19172.0 12.767 "" "" 0.0027682081879253097 0.003099944 0.003847918 0.006947862 305.04489573612 39.36590664781 2295.47485 -1.8559999999999977 -5.379000000000005 0.0695676269531249 0.04585141754150435 0.091911845 0.098911844 "" "" 0.9065534410978384 "" 0.08529467048906712 "" 1.0
305.15785797769 39.3316571902 0.015 0.0189 6.6031 "" "" 2061415428272356608 2072.63599 0.4553 0.0193 -1.923 -5.389 0.021 0.025 1.047 "" "" 14.760074 1.326593 15.340281 14.013688 "" "" 1983.3241 2162.125 23491.85197 5.5737 9984.0 11.659 19665.0 14.653 "" "" 0.0027673360154963182 0.0030647332 0.003865001 0.0069297343 305.15785797769 39.3316571902 2072.63599 -1.9229999999999996 -5.388999999999998 0.0025676269531249574 0.03585141754150367 0.09391184 0.09791184 "" "" 0.35311702568670134 "" 0.03456727710909234 "" 1.0
304.8801445497 39.18310595469 0.0142 0.0171 10.5122 "" "" 2061454632734982272 2049.96509 0.4586 0.0191 -1.902 -5.397 0.019 0.02 0.993 "" "" 14.809757 0.933645 15.185337 14.251692 "" "" 1969.98767 2123.03784 22441.09413 4.9692 11515.0 15.046 15794.0 10.2 "" "" 0.002765789247614699 0.0031301235 0.0038438765 0.006974 304.8801445497 39.18310595469 2049.96509 -1.902 -5.397 0.023567626953125087 0.027851417541503665 0.091911845 0.09291184 "" "" 0.3545159478120171 "" 0.03279126926489156 "" 1.0
