Clusters/Dolidze_5/Dolidze_5_stars_in_region.tsv
# %ECSV 1.0
# ---
# datatype:
# - name: RA_ICRS_1
#   unit: deg
#   datatype: float64
#   format: '{:15.11f}'
#   description: Right ascension (ICRS) at Ep=2016.0 (ra)
#   meta: !!omap
#   - {ucd: POS_EQ_RA_MAIN}
#   - {width: 15}
#   - {precision: '11'}
# - name: DE_ICRS_1
#   unit: deg
#   datatype: float64
#   format: '{:15.11f}'
#   description: Declination (ICRS) at Ep=2016.0 (dec)
#   meta: !!omap
#   - {ucd: POS_EQ_DEC_MAIN}
#   - {width: 15}
#   - {precision: '11'}
# - name: e_RA_ICRS
#   unit: mas
#   datatype: float64
#   format: '{:7.4f}'
#   description: Standard error of right ascension (ra_error)
#   meta: !!omap
#   - {ucd: ERROR}
#   - {width: 7}
#   - {precision: '4'}
# - name: e_DE_ICRS
#   unit: mas
#   datatype: float64
#   format: '{:7.4f}'
#   description: Standard error of declination (dec_error)
#   meta: !!omap
#   - {ucd: ERROR}
#   - {width: 7}
#   - {precision: '4'}
# - name: _r_1
#   unit: ''
#   datatype: float64
#   format: '{:7.4f}'
#   description: Distance from center (305.01600726000+39.32320598000)[ICRS], at Epoch=J2016.0
#   meta: !!omap
#   - {ucd: POS_ANG_DIST_GENERAL}
#   - {width: 7}
#   - {precision: '4'}
# - name: HIP
#   datatype: int32
#   description: '? HIP cross-id number, van Leeuwen, Cat. I/311 (hip_original_ext_source_id)'
#   meta: !!omap
#   - {ucd: ID_NUMBER}
#   - {width: 6}
#   - values: {'null': -2147483648}
# - name: TYC2
#   datatype: string
#   description: Tycho-2 cross-id name, Hog et al., Cat. I/259 (tyc2_original_ext_source_id)
#   meta: !!omap
#   - {ucd: ID_CROSSID}
#   - {_votable_string_dtype: char}
# - name: Source
#   datatype: int64
#   description: Source identifier, identical to the Gaia-EDR3 source_id (id)
#   meta: !!omap
#   - {ucd: ID_MAIN}
#   - {width: 19}
# - name: rgeo
#   unit: pc
#   datatype: float64
#   format: '{:15.8f}'
#   description: '? Median of the geometric distance posterior (r_med_geo)'
#   meta: !!omap
#   - {ucd: PHYS_DISTANCE_TRUE}
#   - {width: 15}
#   - {precision: '8'}
#   - values: {'null': .nan}
# - name: Plx
#   unit: mas
#   datatype: float64
#   format: '{:9.4f}'
#   description: '? Parallax (parallax)'
#   meta: !!omap
#   - {ucd: POS_PARLX_TRIG}
#   - {width: 9}
#   - {precision: '4'}
#   - values: {'null': .nan}
# - name: e_Plx
#   unit: mas
#   datatype: float32
#   format: '{:7.4f}'
#   description: '? Standard error of parallax (parallax_error)'
#   meta: !!omap
#   - {ucd: ERROR}
#   - {width: 7}
#   - {precision: '4'}
#   - values: {'null': .nan}
# - name: pmRA
#   unit: mas / yr
#   datatype: float64
#   format: '{:9.3f}'
#   description: '? Proper motion in right ascension direction, pmRA*cosDE (pmra)'
#   meta: !!omap
#   - {ucd: POS_EQ_PMRA}
#   - {width: 9}
#   - {precision: '3'}
#   - values: {'null': .nan}
# - name: pmDE
#   unit: mas / yr
#   datatype: float64
#   format: '{:9.3f}'
#   description: '? Proper motion in declination direction (pmdec)'
#   meta: !!omap
#   - {ucd: POS_EQ_PMDEC}
#   - {width: 9}
#   - {precision: '3'}
#   - values: {'null': .nan}
# - name: e_pmRA
#   unit: mas / yr
#   datatype: float32
#   format: '{:6.3f}'
#   description: '? Standard error of proper motion in right ascension direction (pmra_error)'
#   meta: !!omap
#   - {ucd: ERROR}
#   - {width: 6}
#   - {precision: '3'}
#   - values: {'null': .nan}
# - name: e_pmDE
[...]
#         value: !astropy.table.SerializedColumn {name: SkyCoord.dec}
#       distance: !astropy.table.SerializedColumn
#         __class__: astropy.coordinates.distances.Distance
#         unit: !astropy.units.Unit {unit: pc}
#         value: !astropy.table.SerializedColumn {name: SkyCoord.distance}
#       frame: icrs
#       obstime: !astropy.time.Time {format: jyear_str, in_subfmt: '*', jd1: 367701545.0, jd2: 0.0, out_subfmt: '*', precision: 3, scale: tt}
#       pm_dec: !astropy.table.SerializedColumn
#         __class__: astropy.units.quantity.Quantity
#         unit: !astropy.units.Unit {unit: mas / yr}
#         value: !astropy.table.SerializedColumn {name: SkyCoord.pm_dec}
#       pm_ra_cosdec: !astropy.table.SerializedColumn
#         __class__: astropy.units.quantity.Quantity
#         unit: !astropy.units.Unit {unit: mas / yr}
#         value: !astropy.table.SerializedColumn {name: SkyCoord.pm_ra_cosdec}
#       ra: !astropy.table.SerializedColumn
#         __class__: astropy.coordinates.angles.Longitude
#         unit: *id001
#         value: !astropy.table.SerializedColumn {name: SkyCoord.ra}
#         wrap_angle: !astropy.coordinates.Angle
#           unit: *id001
#           value: 360.0
#       representation_type: spherical
# schema: astropy-2.0
RA_ICRS_1 DE_ICRS_1 e_RA_ICRS e_DE_ICRS _r_1 HIP TYC2 Source rgeo Plx e_Plx pmRA pmDE e_pmRA e_pmDE RUWE Teff logg Gmag BP-RP BPmag RPmag RV e_RV b_rgeo B_rgeo FG e_FG FBP e_FBP FRP e_FRP RAVE5 RAVE6 e_Gmag e_BPmag e_RPmag e_BP-RP SkyCoord.ra SkyCoord.dec SkyCoord.distance SkyCoord.pm_ra_cosdec SkyCoord.pm_dec rmRA rmDE e_rmRA e_rmDE rRV e_rRV v_pec v_pec3d e_vpec e_vpec3d
[from data line 458]
304.78503815515 39.46977389425 0.0192 0.0214 13.8572 "" "" 2061472946476069376 1635.95789 0.5825 0.0244 -5.398 -9.48 0.027 0.028 1.044 8315.4 4.0768 15.422938 1.562823 16.140507 14.577683 "" "" 1576.07825 1703.02417 12757.67565 3.5043 4777.6 11.924 11697.0 15.865 "" "" 0.0027714132949450175 0.0038894778 0.004056147 0.007945625 304.78503815515 39.46977389425 1635.95789 -5.397999999999998 -9.479999999999999 -3.4724323730468747 -4.0551485824584965 0.099911846 0.10091184 "" "" 41.398848046359724 "" 4.160170539549308 ""
304.60439582317 39.35901192109 0.0191 0.0209 19.2205 "" "" 2061471297208258432 1845.95471 0.5177 0.0237 -3.298 -5.628 0.025 0.028 1.041 "" "" 15.424697 1.246344 15.950377 14.704034 "" "" 1785.4281 1926.32886 12737.02971 3.9269 5692.0 10.111 10412.0 13.119 "" "" 0.002775579113128211 0.0033918638 0.004019352 0.007411216 304.60439582317 39.35901192109 1845.95471 -3.2980000000000014 -5.627999999999995 -1.372432373046875 -0.2031485824584962 0.09791184 0.10091184 "" "" 12.139385323339873 "" 1.1893820972712377 ""
304.67960532722 39.14776330544 0.0196 0.0216 18.8473 "" "" 2061362853574566400 2187.56226 0.4315 0.025 -5.582 -6.787 0.026 0.028 1.097 5096.3 3.2256 15.425288 1.755824 16.265316 14.509492 "" "" 2075.11353 2336.23462 12730.08751 3.8353 4258.8 10.011 12456.0 12.763 "" "" 0.002774669275824648 0.0037813713 0.0039397175 0.007721089 304.67960532722 39.14776330544 2187.56226 -5.582 -6.787000000000001 -3.656432373046875 -1.362148582458496 0.098911844 0.10091184 "" "" 40.45914035582921 "" 4.011836931502751 ""
304.7363093071 39.09408170167 0.0183 0.0212 18.923 "" "" 2061359593712785920 1841.88892 0.5104 0.0242 -2.59 -5.133 0.025 0.027 0.983 6637.3 3.8866 15.427731 1.269542 15.976802 14.70726 "" "" 1770.85059 1917.30518 12701.48948 3.6392 5555.2 15.106 10381.0 14.992 "" "" 0.002772825584162499 0.0040622246 0.0040917397 0.008153964 304.7363093071 39.09408170167 1841.88892 -2.589999999999998 -5.132999999999995 -0.6644323730468749 0.2918514175415039 0.09791184 0.099911846 "" "" 6.335805599468403 "" 0.6224173307276952 ""
304.83072035725 39.13326638735 0.0189 0.0225 14.2842 "" "" 2061452983467544704 1689.4458 0.5639 0.0259 -2.83 -7.619 0.025 0.027 1.002 4921.8 3.494 15.428915 1.801772 16.306925 14.505153 "" "" 1634.89539 1757.99817 12687.63368 3.9751 4098.7 11.129 12505.0 10.623 "" "" 0.0027762389585950105 0.004059067 0.003890299 0.007949366 304.83072035725 39.13326638735 1689.4458 -2.8300000000000005 -7.619 -0.9044323730468751 -2.194148582458496 0.09791184 0.099911846 "" "" 19.004872128558766 "" 1.8933389178295166 ""
305.19779461192 39.14412634401 0.0476 0.0616 13.6684 "" "" 2061409037360907136 1988.82874 0.498 0.0653 -4.163 -7.209 0.063 0.084 3.483 "" "" 15.430186 1.483492 16.06835 14.584858 "" "" 1740.97815 2312.56006 12672.7862 11.754 5106.0 18.667 11620.0 41.534 "" "" 0.0029335776180657806 0.004851875 0.0054170457 0.010268921 305.19779461192 39.14412634401 1988.82874 -4.163 -7.209 -2.2374323730468753 -1.7841485824584957 0.13591185 0.15691185 "" "" 26.977322802322124 "" 3.8965444263863636 ""
305.36368196615 39.51242647534 0.0205 0.0222 19.713 "" "" 2061441610393627136 2294.47534 0.3999 0.0267 -3.109 -2.112 0.027 0.028 0.998 "" "" 15.432407 2.560325 16.84025 14.279925 -30.24 5.44 2195.31128 2410.75244 12646.88756 4.3452 2507.9 7.7165 15388.0 18.895 "" "" 0.0027804577078367368 0.004352605 0.00400763 0.008360235 305.36368196615 39.51242647534 2294.47534 -3.109 -2.1119999999999974 -1.183432373046875 3.312851417541504 0.099911846 0.10091184 -25.049999999999997 5.9822974 38.259831710379416 45.7309219511979 3.8565593218357606 4.598757767907189
304.67597039624 39.44879871048 0.0203 0.0208 17.4767 "" "" 2061473461872126208 1617.90955 0.5899 0.0241 -1.157 -3.317 0.027 0.027 1.003 7733.4 4.2648 15.439528 1.4524 16.096571 14.644171 "" "" 1569.19214 1687.98547 12564.22331 3.4086 4974.9 12.94 11002.0 16.066 "" "" 0.0027710199170949148 0.003969934 0.0040984717 0.008068405 304.67597039624 39.44879871048 1617.90955 -1.157000000000001 -3.317 0.768567626953125 2.1078514175415037 0.099911846 0.099911846 "" "" 17.20591220230663 "" 1.7190744540401695 ""
305.32649266075 39.14655196855 0.0185 0.0205 17.9039 "" "" 2061397904805592064 1952.99365 0.4819 0.0245 -1.828 -5.556 0.025 0.027 0.958 "" "" 15.440488 1.457788 16.096 14.638212 "" "" 1863.31226 2051.05176 12553.12037 4.9861 4977.6 13.508 11063.0 13.82 "" "" 0.0027888653313748626 0.0040578893 0.004015384 0.008073273 305.32649266075 39.14655196855 1952.99365 -1.828000000000002 -5.555999999999999 0.09756762695312493 -0.13114858245849614 0.09791184 0.099911846 "" "" 1.5131865165792102 "" 0.15011403307709695 ""
304.90491894353 39.14096746773 0.0193 0.0235 12.0919 "" "" 2061406082423254784 1735.99011 0.5437 0.0256 -5.346 -7.095 0.026 0.029 1.02 7086.2 4.137 15.445469 1.355953 16.045332 14.689379 "" "" 1655.97485 1825.02405 12495.65919 3.9195 5215.4 11.642 10554.0 11.333 "" "" 0.0027762873889703404 0.003695805 0.003955122 0.007650927 304.90491894353 39.14096746773 1735.99011 -5.3459999999999965 -7.094999999999992 -3.420432373046875 -1.6701485824584958 0.098911844 0.10191184 "" "" 31.321395703820855 "" 3.1163673548397584 ""
305.31825243352 39.14371071077 0.0182 0.0198 17.7002 "" "" 2061397870445852928 1774.5238 0.5369 0.0234 -3.44 -5.665 0.024 0.025 1.029 9242.7 3.8759 15.447244 1.438145 16.0943 14.656155 "" "" 1707.1449 1852.51086 12475.25329 3.6653 4985.4 10.585 10882.0 11.307 "" "" 0.0027737244787533837 0.0036192755 0.0039441637 0.007563439 305.31825243352 39.14371071077 1774.5238 -3.4400000000000013 -5.6649999999999965 -1.514432373046875 -0.24014858245849613 0.09691185 0.09791184 "" "" 12.897419022752706 "" 1.2502306537725925 ""
304.97507729781 39.50595796396 0.0199 0.0232 11.1281 "" "" 2061468170472129792 1642.99304 0.5855 0.0252 -3.382 -5.745 0.027 0.027 1.048 7140.0 3.6692 15.448585 1.670773 16.234137 14.563364 "" "" 1576.96643 1711.51306 12459.85568 5.0434 4382.9 11.8 11853.0 15.437 "" "" 0.0027901484066491363 0.0040409905 0.004035246 0.008076237 304.97507729781 39.50595796396 1642.99304 -3.3820000000000006 -5.745 -1.4564323730468751 -0.3201485824584962 0.099911846 0.099911846 "" "" 11.613181757614768 "" 1.160294429897445 ""
304.92444452817 38.96499786243 0.0187 0.0221 21.9107 "" "" 2061400997181686912 1902.01306 0.4994 0.0247 -2.719 -5.049 0.024 0.028 0.961 7994.2 3.8033 15.449841 1.550957 16.164368 14.613411 "" "" 1801.20337 1995.12 12445.43352 4.5932 4673.8 12.391 11319.0 11.655 "" "" 0.0027843055687919024 0.004008814 0.0039412654 0.00795008 304.92444452817 38.96499786243 1902.01306 -2.718999999999999 -5.049 -0.7934323730468749 0.37585141754150353 0.09691185 0.10091184 "" "" 7.915210501243481 "" 0.7729772036938127 ""
304.84469967935 39.05780821016 0.0176 0.0209 17.8054 "" "" 2061405189069790208 2025.68103 0.4637 0.0232 -6.157 -8.405 0.023 0.027 1.023 4973.2 3.3842 15.453987 1.864049 16.371744 14.507695 "" "" 1934.31653 2127.44775 12398.00969 3.523 3861.2 9.5825 12476.0 14.346 "" "" 0.002772539398536916 0.0038788486 0.0039802534 0.0078591015 304.84469967935 39.05780821016 2025.68103 -6.156999999999999 -8.405 -4.231432373046875 -2.9801485824584955 0.095911846 0.099911846 "" "" 49.694212365084915 "" 4.833076251910736 ""
304.9780971844 39.33167451306 0.0547 0.0691 1.8314 "" "" 2061461642121969664 1795.70801 0.5343 0.0736 -1.547 -4.845 0.075 0.082 2.738 "" "" 15.457815 1.219069 15.963664 14.744596 "" "" 1594.28772 2023.07129 12354.37754 7.7393 5622.8 14.39 10030.0 10.445 "" "" 0.002838026478648397 0.0039377525 0.003944885 0.007882638 304.9780971844 39.33167451306 1795.70801 -1.5469999999999997 -4.845 0.37856762695312507 0.5798514175415042 0.14791185 0.15491185 "" "" 5.894228740587816 "" 0.9009531872864396 ""
304.86107516063 39.41446201483 0.0198 0.0209 9.0347 "" "" 2061465937089313536 1605.76196 0.6007 0.0244 -4.798 -7.976 0.027 0.026 0.968 7837.7 4.0382 15.458112 1.578708 16.192003 14.613296 "" "" 1538.56921 1674.6366 12351.00093 3.5891 4556.3 10.316 11320.0 11.431 "" "" 0.0027733253457194293 0.003718597 0.003935198 0.007653795 304.86107516063 39.41446201483 1605.76196 -4.798 -7.976000000000001 -2.872432373046875 -2.551148582458496 0.099911846 0.098911844 "" "" 29.240938724519317 "" 2.908658037650311 ""
304.6160843558 39.19029854555 0.0198 0.0223 20.219 "" "" 2061363923040107008 1949.26025 0.4862 0.025 -2.22 -5.414 0.024 0.028 1.033 6732.2 3.9738 15.459111 1.42691 16.084093 14.657183 "" "" 1853.44556 2049.70703 12339.63827 4.2298 5032.5 16.324 10871.0 15.047 "" "" 0.002780341729417323 0.0044931346 0.0040672068 0.008560341 304.6160843558 39.19029854555 1949.26025 -2.22 -5.414 -0.2944323730468752 0.010851417541504205 0.09691185 0.10091184 "" "" 2.722252984832522 "" 0.2638336414322013 ""
304.53712948534 39.31535294552 0.0199 0.0228 22.2333 "" "" 2061377460777538432 2248.37939 0.4222 0.0253 -1.299 -4.582 0.025 0.03 0.945 9144.9 3.6784 15.460465 1.329293 16.041597 14.712304 "" "" 2125.65723 2392.52051 12324.2541 3.7364 5233.3 9.357 10333.0 9.1296 "" "" 0.0027749127343136048 0.003399054 0.003899226 0.00729828 304.53712948534 39.31535294552 2248.37939 -1.2990000000000002 -4.581999999999999 0.6265676269531251 0.842851417541504 0.09791184 0.102911845 "" "" 11.192647839558076 "" 1.1322540589391232 ""
305.00947101426 39.25807766762 0.0196 0.0241 3.9195 "" "" 2061414191321718400 1727.21667 0.5575 0.0265 -8.134 -6.043 0.026 0.031 1.047 7063.6 4.012 15.46627 1.606814 16.214296 14.607482 "" "" 1657.63513 1793.24902 12258.53782 4.1358 4463.7 12.745 11381.0 12.279 "" "" 0.0027795629470385706 0.004170777 0.0039567556 0.008127533 305.00947101426 39.25807766762 1727.21667 -8.134 -6.043000000000002 -6.208432373046875 -0.6181485824584962 0.098911844 0.10391185 "" "" 51.079799142915206 "" 5.054966861907473 ""
305.34042213995 39.18471661693 0.0192 0.0206 17.2113 "" "" 2061399073036707712 1675.61047 0.5669 0.0243 -6.763 -7.405 0.025 0.026 1.052 7508.0 3.7793 15.468974 1.635529 16.236353 14.600824 "" "" 1613.75525 1744.37622 12228.04221 3.8408 4374.0 9.397 11451.0 10.138 "" "" 0.0027763445356477454 0.0036367476 0.003899707 0.0075364546 305.34042213995 39.18471661693 1675.61047 -6.763 -7.404999999999999 -4.837432373046875 -1.9801485824584963 0.09791184 0.098911844 "" "" 41.515052081727134 "" 4.070799153612232 ""
304.62743553329 39.14863108909 0.0191 0.0211 20.876 "" "" 2061362720449201664 1698.28784 0.5607 0.0238 -2.995 -5.719 0.024 0.026 0.972 6438.3 4.0362 15.471206 1.4319 16.113632 14.681732 "" "" 1646.13013 1752.57227 12202.94406 10.098 4897.4 23.619 10628.0 25.386 "" "" 0.0028981038545250514 0.0059332405 0.0045835986 0.010516839 304.62743553329 39.14863108909 1698.28784 -2.9950000000000014 -5.7190000000000065 -1.069432373046875 -0.2941485824584964 0.09691185 0.098911844 "" "" 8.928512062778216 "" 0.866546553526064 ""
305.06207232061 39.02025299972 0.0187 0.025 18.303 "" "" 2061402096693516288 1952.15002 0.4796 0.0257 0.112 -1.689 0.024 0.032 0.943 7975.0 4.1759 15.471292 1.519864 16.166725 14.646861 "" "" 1858.69226 2052.97534 12201.98021 3.8223 4663.7 9.8993 10975.0 13.369 "" "" 0.002776231954201879 0.00361888 0.0040041124 0.0076229926 305.06207232061 39.02025299972 1952.15002 0.11200000000000015 -1.6889999999999996 2.037567626953125 3.735851417541504 0.09691185 0.10491185 "" "" 39.375853784227424 "" 4.060931487653595 ""
304.81266744325 39.09695317986 0.0211 0.0231 16.5423 "" "" 2061452399351968896 1746.18396 0.5409 0.0274 -4.071 -1.731 0.029 0.03 1.154 6538.1 3.5671 15.480287 1.469394 16.141346 14.671952 "" "" 1670.44678 1866.0022 12101.30389 3.3989 4774.0 11.373 10725.0 15.508 "" "" 0.002772144424607492 0.0038046245 0.004092485 0.00789711 304.81266744325 39.09695317986 1746.18396 -4.071 -1.7310000000000003 -2.1454323730468747 3.693851417541504 0.10191184 0.102911845 "" "" 35.35648241499662 "" 3.6297146831068248 ""
305.11397308267 39.49651832665 0.0195 0.0242 11.3472 "" "" 2061464425260627712 1669.67615 0.5774 0.0257 -1.643 -5.413 0.027 0.028 0.993 6655.8 3.8309 15.492333 1.832626 16.387957 14.55533 "" "" 1597.96863 1735.45715 11967.77892 4.0739 3803.9 9.0731 11941.0 11.124 "" "" 0.0027799976149180967 0.0038067887 0.0039123856 0.007719174 305.11397308267 39.49651832665 1669.67615 -1.6430000000000007 -5.413 0.282567626953125 0.01185141754150365 0.099911846 0.10091184 "" "" 2.2382811767498354 "" 0.22363475483694445 ""
305.10304345396 39.24699464811 0.021 0.0267 6.103 "" "" 2061413435410389376 2129.41211 0.4453 0.0282 -1.86 -5.28 0.028 0.035 1.084 7709.9 3.6798 15.492844 1.368856 16.098986 14.730129 "" "" 2025.271 2296.98486 11962.15212 4.1247 4963.9 11.241 10165.0 12.491 "" "" 0.0027806377628119446 0.0037189075 0.004007962 0.0077268695 305.10304345396 39.24699464811 2129.41211 -1.8599999999999999 -5.280000000000001 0.0655676269531249 0.14485141754150366 0.10091184 0.10791184 "" "" 1.604854218427494 "" 0.17132439170098365 ""
304.70962636663 39.23273232522 0.0198 0.021 15.2301 "" "" 2061457244075202048 2290.58154 0.415 0.0257 -0.953 -2.956 0.025 0.029 0.941 "" "" 15.504229 1.417346 16.144552 14.727206 "" "" 2174.24292 2436.73584 11837.37325 3.4618 4759.9 7.7072 10192.0 11.703 "" "" 0.0027735551704850567 0.0032978284 0.003979697 0.007277525 304.70962636663 39.23273232522 2290.58154 -0.9530000000000002 -2.9559999999999995 0.972567626953125 2.468851417541504 0.09791184 0.10191184 "" "" 28.810103617249755 "" 2.9208739901329364 ""
304.89424362471 39.41965522852 0.0207 0.0222 8.0862 "" "" 2061465971449057664 2396.61841 0.4021 0.0249 -3.388 -4.941 0.029 0.028 1.054 "" "" 15.507715 1.501088 16.187122 14.686034 "" "" 2262.26929 2569.18579 11799.41578 3.4157 4576.9 10.272 10586.0 14.535 "" "" 0.0027731883280069534 0.0037044184 0.004062769 0.0077671874 304.89424362471 39.41965522852 2396.61841 -3.3880000000000003 -4.941000000000001 -1.462432373046875 0.48385141754150407 0.10191184 0.10091184 "" "" 17.498857255852048 "" 1.781621920146535 ""
304.72407285148 39.38084369339 0.0211 0.0213 13.9791 "" "" 2061472190561766528 2084.75098 0.4554 0.0251 -4.278 -8.725 0.029 0.027 1.005 7450.7 3.9636 15.513937 1.598453 16.256617 14.658163 "" "" 1993.17859 2200.04053 11732.00219 3.4128 4293.1 8.0615 10862.0 9.759 "" "" 0.0027733630162691215 0.0034556692 0.0039032416 0.0073589105 304.72407285148 39.38084369339 2084.75098 -4.278000000000001 -8.72500000000001 -2.3524323730468746 -3.3001485824584957 0.10191184 0.099911846 "" "" 40.0483053060466 "" 4.0284643850164645 ""
304.77354628401 39.07764860969 0.0182 0.02 18.5517 "" "" 2061358597280308224 2319.22852 0.4008 0.0235 -1.996 -4.933 0.024 0.026 1.026 9016.3 4.017 15.517253 0.970435 15.913399 14.942964 "" "" 2189.03979 2438.10571 11696.22307 3.0775 5889.2 8.11 8355.5 9.3216 "" "" 0.0027700904864111286 0.0031655272 0.0039687417 0.007134269 304.77354628401 39.07764860969 2319.22852 -1.9959999999999998 -4.933 -0.070432373046875 0.4918514175415041 0.09691185 0.098911844 "" "" 5.462149106864979 "" 0.5400539070498552 ""
305.04407816382 39.2741425468 0.0205 0.0275 3.2194 "" "" 2061414118297730048 2034.62158 0.4632 0.0281 -3.595 -7.065 0.027 0.035 0.978 7486.5 3.808 15.51737 1.572554 16.23274 14.660187 "" "" 1921.90674 2138.77539 11694.95761 4.5791 4388.5 12.421 10841.0 14.051 "" "" 0.0027879224571767305 0.0041507194 0.0040328647 0.008183584 305.04407816382 39.2741425468 2034.62158 -3.5950000000000046 -7.065000000000006 -1.6694323730468752 -1.6401485824584965 0.099911846 0.10791184 "" "" 22.570282711973444 "" 2.345459796388962 ""
