Clusters/Dolidze_5/Dolidze_5_members.tsv
# %ECSV 1.0
# ---
# datatype:
# - name: RA_ICRS_1
#   unit: deg
#   datatype: float64
#   format: '{:15.11f}'
#   description: Right ascension (ICRS) at Ep=2016.0 (ra)
#   meta: !!omap
#   - {ucd: POS_EQ_RA_MAIN}
#   - {width: 15}
#   - {precision: '11'}
# - name: DE_ICRS_1
#   unit: deg
#   datatype: float64
#   format: '{:15.11f}'
#   description: Declination (ICRS) at Ep=2016.0 (dec)
#   meta: !!omap
#   - {ucd: POS_EQ_DEC_MAIN}
#   - {width: 15}
#   - {precision: '11'}
# - name: e_RA_ICRS
#   unit: mas
#   datatype: float64
#   format: '{:7.4f}'
#   description: Standard error of right ascension (ra_error)
#   meta: !!omap
#   - {ucd: ERROR}
#   - {width: 7}
#   - {precision: '4'}
# - name: e_DE_ICRS
#   unit: mas
#   datatype: float64
#   format: '{:7.4f}'
#   description: Standard error of declination (dec_error)
#   meta: !!omap
#   - {ucd: ERROR}
#   - {width: 7}
#   - {precision: '4'}
# - name: _r_1
#   unit: ''
#   datatype: float64
#   format: '{:7.4f}'
#   description: Distance from center (305.01600726000+39.32320598000)[ICRS], at Epoch=J2016.0
#   meta: !!omap
#   - {ucd: POS_ANG_DIST_GENERAL}
#   - {width: 7}
#   - {precision: '4'}
# - name: HIP
#   datatype: int32
#   description: '? HIP cross-id number, van Leeuwen, Cat. I/311 (hip_original_ext_source_id)'
#   meta: !!omap
#   - {ucd: ID_NUMBER}
#   - {width: 6}
#   - values: {'null': -2147483648}
# - name: TYC2
#   datatype: string
#   description: Tycho-2 cross-id name, Hog et al., Cat. I/259 (tyc2_original_ext_source_id)
#   meta: !!omap
#   - {ucd: ID_CROSSID}
#   - {_votable_string_dtype: char}
# - name: Source
#   datatype: int64
#   description: Source identifier, identical to the Gaia-EDR3 source_id (id)
#   meta: !!omap
#   - {ucd: ID_MAIN}
#   - {width: 19}
# - name: rgeo
#   unit: pc
#   datatype: float64
#   format: '{:15.8f}'
#   description: '? Median of the geometric distance posterior (r_med_geo)'
#   meta: !!omap
#   - {ucd: PHYS_DISTANCE_TRUE}
#   - {width: 15}
#   - {precision: '8'}
#   - values: {'null': .nan}
# - name: Plx
#   unit: mas
#   datatype: float64
#   format: '{:9.4f}'
#   description: '? Parallax (parallax)'
#   meta: !!omap
#   - {ucd: POS_PARLX_TRIG}
#   - {width: 9}
#   - {precision: '4'}
#   - values: {'null': .nan}
# - name: e_Plx
#   unit: mas
#   datatype: float32
#   format: '{:7.4f}'
#   description: '? Standard error of parallax (parallax_error)'
#   meta: !!omap
#   - {ucd: ERROR}
#   - {width: 7}
#   - {precision: '4'}
#   - values: {'null': .nan}
# - name: pmRA
#   unit: mas / yr
#   datatype: float64
#   format: '{:9.3f}'
#   description: '? Proper motion in right ascension direction, pmRA*cosDE (pmra)'
#   meta: !!omap
#   - {ucd: POS_EQ_PMRA}
#   - {width: 9}
#   - {precision: '3'}
#   - values: {'null': .nan}
# - name: pmDE
#   unit: mas / yr
#   datatype: float64
#   format: '{:9.3f}'
#   description: '? Proper motion in declination direction (pmdec)'
#   meta: !!omap
#   - {ucd: POS_EQ_PMDEC}
#   - {width: 9}
#   - {precision: '3'}
#   - values: {'null': .nan}
# - name: e_pmRA
#   unit: mas / yr
#   datatype: float32
#   format: '{:6.3f}'
#   description: '? Standard error of proper motion in right ascension direction (pmra_error)'
#   meta: !!omap
#   - {ucd: ERROR}
#   - {width: 6}
#   - {precision: '3'}
#   - values: {'null': .nan}
# - name: e_pmDE
[...]
#       distance: !astropy.table.SerializedColumn
#         __class__: astropy.coordinates.distances.Distance
#         unit: !astropy.units.Unit {unit: pc}
#         value: !astropy.table.SerializedColumn {name: SkyCoord.distance}
#       frame: icrs
#       obstime: !astropy.time.Time {format: jyear_str, in_subfmt: '*', jd1: 367701545.0, jd2: 0.0, out_subfmt: '*', precision: 3, scale: tt}
#       pm_dec: !astropy.table.SerializedColumn
#         __class__: astropy.units.quantity.Quantity
#         unit: !astropy.units.Unit {unit: mas / yr}
#         value: !astropy.table.SerializedColumn {name: SkyCoord.pm_dec}
#       pm_ra_cosdec: !astropy.table.SerializedColumn
#         __class__: astropy.units.quantity.Quantity
#         unit: !astropy.units.Unit {unit: mas / yr}
#         value: !astropy.table.SerializedColumn {name: SkyCoord.pm_ra_cosdec}
#       ra: !astropy.table.SerializedColumn
#         __class__: astropy.coordinates.angles.Longitude
#         unit: *id001
#         value: !astropy.table.SerializedColumn {name: SkyCoord.ra}
#         wrap_angle: !astropy.coordinates.Angle
#           unit: *id001
#           value: 360.0
#       representation_type: spherical
# schema: astropy-2.0
RA_ICRS_1 DE_ICRS_1 e_RA_ICRS e_DE_ICRS _r_1 HIP TYC2 Source rgeo Plx e_Plx pmRA pmDE e_pmRA e_pmDE RUWE Teff logg Gmag BP-RP BPmag RPmag RV e_RV b_rgeo B_rgeo FG e_FG FBP e_FBP FRP e_FRP RAVE5 RAVE6 e_Gmag e_BPmag e_RPmag e_BP-RP SkyCoord.ra SkyCoord.dec SkyCoord.distance SkyCoord.pm_ra_cosdec SkyCoord.pm_dec rmRA rmDE e_rmRA e_rmDE rRV e_rRV v_pec v_pec3d e_vpec e_vpec3d Pmemb
[from data line 31]
305.07480019619 39.4559270892 0.0155 0.0179 8.417 "" "" 2061464253461936768 2059.52783 0.4567 0.0194 -1.937 -5.392 0.021 0.022 1.018 "" "" 14.951991 1.56406 15.670613 14.106553 "" "" 1978.33569 2137.98877 19685.68019 4.865 7365.0 11.924 18052.0 13.154 "" "" 0.002768354426772106 0.0032977215 0.0038613002 0.0071590217 305.07480019619 39.4559270892 2059.52783 -1.9369999999999996 -5.392000000000001 -0.011432373046875055 0.03285141754150356 0.09391184 0.09491184 "" "" 0.33956537463250336 "" 0.032192267174845635 "" 1.0
305.13940821228 39.43526393614 0.015 0.0202 8.8294 "" "" 2061464047303496192 2085.5918 0.4542 0.0206 -1.924 -5.396 0.021 0.026 1.068 "" "" 15.015132 1.638888 15.770804 14.131916 "" "" 1986.01538 2173.9436 18573.51177 6.0023 6715.8 11.22 17636.0 27.566 "" "" 0.002777570905810987 0.0033279683 0.0041429154 0.0074708834 305.13940821228 39.43526393614 2085.5918 -1.924 -5.396000000000001 0.0015676269531250675 0.028851417541504 0.09391184 0.098911844 "" "" 0.28563730960557104 "" 0.028248815085569066 "" 1.0
305.05011005404 39.35596774245 0.0175 0.0231 2.5236 "" "" 2061461878337844352 2262.62378 0.4167 0.0236 -1.83 -5.356 0.024 0.028 0.99 6605.8 3.583 15.118563 1.409674 15.732665 14.322991 "" "" 2155.58594 2408.93774 16885.79589 5.9649 6955.9 20.435 14790.0 24.262 "" "" 0.002781885892974981 0.00423781 0.004178033 0.008415843 305.05011005404 39.35596774245 2262.62378 -1.8299999999999992 -5.356 0.09556762695312493 0.06885141754150403 0.09691185 0.10091184 "" "" 1.2632423201414207 "" 0.12417282755403533 "" 0.9
305.11878981064 39.32037952753 0.0173 0.0211 4.7738 "" "" 2061416081107376512 1981.45581 0.4777 0.0225 -2.017 -5.375 0.024 0.027 1.034 "" "" 15.18996 1.315015 15.764625 14.44961 "" "" 1889.18384 2096.74414 15811.12707 4.12 6754.1 11.564 13162.0 14.643 "" "" 0.0027698070860918485 0.0033527152 0.0039677145 0.0073204297 305.11878981064 39.32037952753 1981.45581 -2.017 -5.374999999999999 -0.0914323730468749 0.049851417541503906 0.09691185 0.099911846 "" "" 0.9780889793229155 "" 0.09546876868398946 "" 1.0
305.15413691774 39.38457840458 0.0179 0.0212 7.3911 "" "" 2061416733942172928 2370.70142 0.3891 0.0232 -1.902 -5.413 0.025 0.029 1.094 "" "" 15.196642 1.535633 15.89786 14.362227 "" "" 2247.98682 2519.09741 15714.11602 4.3645 5974.1 13.867 14265.0 10.888 "" "" 0.002771773041948238 0.0037598452 0.0038691706 0.0076290155 305.15413691774 39.38457840458 2370.70142 -1.901999999999997 -5.413 0.023567626953125087 0.01185141754150365 0.09791184 0.10191184 "" "" 0.29643209978138774 "" 0.0292674064356664 "" 0.9
304.83179891116 39.30214570192 0.0206 0.0226 8.6442 "" "" 2061459129555117056 2186.25659 0.4322 0.0259 -1.874 -5.49 0.027 0.028 1.061 9465.4 4.0407 15.534188 1.113001 15.986586 14.873585 "" "" 2076.15015 2326.93066 11515.19371 3.4203 5505.3 9.9272 8906.9 32.979 "" "" 0.0027741286354592094 0.0034085277 0.0055176816 0.008926209 304.83179891116 39.30214570192 2186.25659 -1.8740000000000023 -5.49 0.05156762695312489 -0.0651485824584963 0.099911846 0.10091184 "" "" 0.8610253946492735 "" 0.0865570103332115 "" 1.0
305.03463461044 39.27093999228 0.0202 0.0265 3.253 "" "" 2061414324456150656 2100.11792 0.4502 0.027 -1.881 -5.474 0.027 0.034 1.02 7978.0 4.2828 15.547901 1.251103 16.078426 14.827323 "" "" 1975.76758 2232.9873 11370.6776 3.8588 5058.8 13.144 9294.6 17.17 "" "" 0.002779847494893935 0.003967762 0.004278612 0.008246373 305.03463461044 39.27093999228 2100.11792 -1.8810000000000024 -5.474 0.044567626953124995 -0.04914858245849629 0.099911846 0.106911846 "" "" 0.6604500298106272 "" 0.06856241033021084 "" 1.0
305.04948620202 39.31338767959 0.0205 0.0283 1.6619 "" "" 2061414805492657024 2175.34937 0.4297 0.0291 -1.963 -5.42 0.029 0.036 1.047 "" "" 15.574685 1.529395 16.273724 14.744328 "" "" 2071.25293 2352.25146 11093.60237 4.0546 4226.0 10.286 10033.0 15.755 "" "" 0.0027837492643745057 0.0038430067 0.004146153 0.00798916 305.04948620202 39.31338767959 2175.34937 -1.9629999999999999 -5.42 -0.03743237304687508 0.004851417541503977 0.10191184 0.10891184 "" "" 0.38919919758807187 "" 0.03971053264601625 "" 1.0
305.01556724109 39.34731332835 0.0205 0.026 1.4466 "" "" 2061462020079104768 2341.90845 0.401 0.0286 -1.843 -5.398 0.029 0.032 1.029 9089.9 3.7895 15.588035 1.206396 16.103382 14.896986 "" "" 2216.30347 2497.91211 10958.03793 3.611 4943.8 13.017 8716.9 13.094 "" "" 0.0027784523858062635 0.0039946754 0.0041162665 0.008110942 305.01556724109 39.34731332835 2341.90845 -1.8430000000000004 -5.398 0.08256762695312503 0.02685141754150422 0.10191184 0.10491185 "" "" 0.9638027913549421 "" 0.09850313365639503 "" 1.0
305.12031570664 39.31710326056 0.0217 0.0259 4.8555 "" "" 2061416081107373056 2055.38794 0.461 0.0274 -2.0 -5.298 0.03 0.033 0.967 "" "" 15.619261 1.183806 16.124706 14.9409 "" "" 1946.30005 2175.07959 10647.37596 3.5485 4847.7 10.736 8371.4 10.626 "" "" 0.002778978875570323 0.0036833186 0.0040228125 0.007706131 305.12031570664 39.31710326056 2055.38794 -2.000000000000003 -5.298 -0.074432373046875 0.12685141754150386 0.102911845 0.10591184 "" "" 1.4328973020774307 "" 0.15067151194752257 "" 0.8
305.09533815225 39.32727998385 0.0219 0.026 3.6901 "" "" 2061416149826856704 2157.55811 0.4474 0.0283 -2.009 -5.338 0.031 0.035 0.943 9173.9 3.6303 15.655188 1.229402 16.180828 14.951427 "" "" 1999.97217 2313.13599 10300.81437 3.5372 4603.5 12.537 8290.6 11.477 "" "" 0.002780430284370223 0.004065468 0.0040672864 0.008132754 305.09533815225 39.32727998385 2157.55811 -2.0089999999999995 -5.337999999999999 -0.0834323730468749 0.08685141754150383 0.10391185 0.10791184 "" "" 1.2316482072361812 "" 0.13056821153439083 "" 1.0
305.03835460322 39.34793599553 0.022 0.0301 1.8103 "" "" 2061461916999891328 2244.6084 0.4131 0.0313 -2.096 -5.504 0.031 0.038 1.001 9138.9 3.6037 15.673074 1.286268 16.233435 14.947166 "" "" 2106.20703 2406.82715 10132.51046 3.9461 4385.7 16.94 8323.2 13.086 "" "" 0.002787576448257203 0.0050370903 0.004147008 0.009184098 305.03835460322 39.34793599553 2244.6084 -2.0959999999999996 -5.503999999999999 -0.17043237304687509 -0.07914858245849565 0.10391185 0.110911846 "" "" 1.9993010253428667 "" 0.21030184235159555 "" 1.0
305.08286196446 39.3466335225 0.0242 0.0274 3.4061 "" "" 2061416424704771840 2152.5874 0.4399 0.0303 -1.95 -5.442 0.037 0.037 0.972 9183.4 3.6363 15.690482 1.357292 16.280548 14.923256 "" "" 2054.44336 2301.10107 9971.34531 3.7223 4199.5 17.04 8508.6 13.596 "" "" 0.0027849706489761665 0.005214746 0.004158563 0.009373309 305.08286196446 39.3466335225 2152.5874 -1.9500000000000002 -5.442 -0.024432373046874956 -0.017148582458496264 0.109911844 0.109911844 "" "" 0.30456611119230803 "" 0.03347542294196821 "" 1.0
304.92066506272 39.2835284992 0.0229 0.0261 5.0261 "" "" 2061455594807980672 2047.73669 0.4673 0.0292 -1.926 -5.335 0.03 0.032 1.009 7687.2 3.4513 15.698577 1.472536 16.36569 14.893154 "" "" 1937.31421 2154.02856 9897.28351 4.9063 3882.8 13.076 8747.8 10.451 "" "" 0.0028073962269595217 0.0045993845 0.0039957818 0.008595167 304.92066506272 39.2835284992 2047.73669 -1.9260000000000006 -5.335 -0.0004323730468749343 0.08985141754150394 0.102911845 0.10491185 "" "" 0.8721323876729123 "" 0.09149698127397568 "" 1.0
304.84403805746 39.3088430213 0.0223 0.0244 8.0292 "" "" 2061459133861042432 1978.93176 0.4775 0.0283 -1.889 -5.448 0.03 0.031 1.059 9248.3 4.1933 15.725795 1.175386 16.212154 15.036768 "" "" 1875.13135 2133.01099 9652.25785 3.3653 4472.5 11.903 7663.9 18.997 "" "" 0.0027812024047809214 0.004016784 0.004639691 0.008656476 304.84403805746 39.3088430213 1978.93176 -1.8889999999999993 -5.447999999999993 0.03656762695312499 -0.02314858245849649 0.102911845 0.10391185 "" "" 0.40596036864994417 "" 0.04189467287685919 "" 1.0
304.99472793515 39.22096080392 0.0211 0.0265 6.2138 "" "" 2061408075288069376 2019.25916 0.471 0.0287 -1.892 -5.474 0.027 0.033 0.939 "" "" 15.749826 1.267279 16.29543 15.028151 "" "" 1914.2533 2153.1394 9440.95805 3.0537 4142.3 7.8316 7725.0 9.7289 "" "" 0.0027776103996966016 0.003463925 0.0040191365 0.0074830614 304.99472793515 39.22096080392 2019.25916 -1.8919999999999981 -5.474000000000002 0.033567626953125096 -0.04914858245849629 0.099911846 0.10591184 "" "" 0.5696620475265189 "" 0.059268123140335124 "" 0.9
305.11906445652 39.30741143081 0.0223 0.0293 4.8769 "" "" 2061415325193123200 2021.91479 0.4665 0.0304 -1.878 -5.31 0.031 0.037 1.016 "" "" 15.76244 1.303316 16.332178 15.028862 "" "" 1911.453 2135.61133 9331.91918 3.5054 4004.5 11.422 7719.9 10.12 "" "" 0.0027853408592195504 0.0041683856 0.0040384997 0.008206885 305.11906445652 39.30741143081 2021.91479 -1.8780000000000014 -5.309999999999995 0.04756762695312511 0.1148514175415043 0.10391185 0.109911844 "" "" 1.1913928840806574 "" 0.12992611832484297 "" 0.9
304.80579006731 39.48334267261 0.0233 0.0278 13.6859 "" "" 2061478856351075584 2074.63525 0.4573 0.0308 -2.028 -5.485 0.032 0.033 1.051 "" "" 15.808456 1.268552 16.357708 15.089156 "" "" 1965.87256 2198.40259 8944.66779 2.7919 3911.4 10.672 7302.9 10.86 "" "" 0.00277608293457615 0.004069475 0.0041098157 0.00817929 304.80579006731 39.48334267261 2074.63525 -2.028 -5.484999999999999 -0.10243237304687502 -0.060148582458496413 0.10491185 0.10591184 "" "" 1.1681196810251107 "" 0.12285015737131078 "" 1.0
305.05664229213 39.3526694277 0.0258 0.0316 2.5847 "" "" 2061461882640157824 1983.51099 0.4762 0.0341 -1.81 -5.487 0.034 0.039 0.969 "" "" 15.8448 1.392929 16.462467 15.069538 "" "" 1865.46362 2105.54224 8650.20866 3.6957 3551.7 9.3468 7436.1 11.767 "" "" 0.0027940942969188758 0.0039936234 0.0041515715 0.0081451945 305.05664229213 39.3526694277 1983.51099 -1.810000000000001 -5.486999999999993 0.11556762695312495 -0.06214858245849619 0.106911846 0.11191185 "" "" 1.2336966182598874 "" 0.13330534416155174 "" 1.0
305.02953997931 39.42119915708 0.0233 0.0287 5.913 "" "" 2061464489676912896 2402.55615 0.3969 0.0312 -1.946 -5.359 0.033 0.037 1.027 "" "" 15.8881 1.556212 16.59461 15.038398 "" "" 2233.44165 2554.80322 8312.02705 3.446 3144.7 8.074 7652.4 12.751 "" "" 0.0027918455302599274 0.0039440948 0.004190071 0.008134166 305.02953997931 39.42119915708 2402.55615 -1.946 -5.359 -0.020432373046874952 0.06585141754150392 0.10591184 0.109911844 "" "" 0.7851931472353478 "" 0.08603080004330504 "" 1.0
305.14725356284 39.45776143643 0.0233 0.0285 10.1103 "" "" 2061464081663236224 2082.51978 0.4481 0.0311 -1.889 -5.406 0.032 0.036 0.951 "" "" 15.933414 1.698334 16.73077 15.032436 "" "" 1937.98792 2227.92529 7972.25511 3.0793 2774.0 8.2019 7694.6 11.166 "" "" 0.002787051986258758 0.004253286 0.0040946463 0.008347932 305.14725356284 39.45776143643 2082.51978 -1.8889999999999998 -5.4059999999999935 0.03656762695312499 0.018851417541504212 0.10491185 0.10891184 "" "" 0.4061069741863444 "" 0.04295159787031064 "" 0.9
304.97772311656 39.35409415783 0.0257 0.0296 2.5673 "" "" 2061462432395966464 2059.9895 0.4556 0.0333 -1.867 -5.412 0.035 0.037 1.033 8244.4 3.5787 15.953704 1.656569 16.730743 15.074175 "" "" 1933.06543 2195.06714 7824.65605 3.4974 2774.1 8.4262 7404.4 8.8744 "" "" 0.0027977310535009297 0.0043198396 0.0039971336 0.008316973 304.97772311656 39.35409415783 2059.9895 -1.8669999999999998 -5.412 0.05856762695312501 0.012851417541503984 0.10791184 0.109911844 "" "" 0.5854805574125526 "" 0.06323455014337516 "" 1.0
304.95109570157 39.33596065257 0.0242 0.0275 3.1083 "" "" 2061462290651195648 2055.41479 0.4629 0.0313 -1.98 -5.475 0.034 0.034 1.016 7990.0 4.1139 15.956189 1.316901 16.51572 15.198819 "" "" 1931.67639 2233.41968 7806.76741 2.7956 3381.7 14.581 6601.3 21.748 "" "" 0.002782616776847336 0.005449829 0.0052036885 0.010653518 304.95109570157 39.33596065257 2055.41479 -1.9800000000000018 -5.475 -0.05443237304687498 -0.05014858245849574 0.106911846 0.106911846 "" "" 0.7210733753532073 "" 0.07709128530370227 "" 1.0
304.98878594905 39.3327282517 0.0243 0.0292 1.3866 "" "" 2061461607762232704 2123.35938 0.4449 0.0327 -1.869 -5.374 0.034 0.037 0.984 9534.6 4.1825 15.961497 1.354426 16.520964 15.166537 "" "" 1989.47021 2291.38452 7768.69233 3.112 3365.4 17.419 6800.5 63.859 "" "" 0.002789435524494765 0.0062742126 0.010873387 0.017147599 304.98878594905 39.3327282517 2123.35938 -1.868999999999998 -5.373999999999996 0.056567626953125005 0.05085141754150424 0.106911846 0.109911844 "" "" 0.7655651755748101 "" 0.08288232759295994 "" 0.9
304.97621508473 39.35270378691 0.0268 0.0309 2.5578 "" "" 2061462432395965696 1981.26953 0.4768 0.0337 -1.898 -5.461 0.037 0.039 1.088 8904.7 3.5878 15.976881 1.429365 16.618267 15.188902 "" "" 1869.92847 2126.71191 7659.39542 2.7621 3076.9 6.341 6661.9 10.47 "" "" 0.0027829998359015585 0.0035765325 0.004146736 0.0077232686 304.97621508473 39.35270378691 1981.26953 -1.8980000000000006 -5.461 0.02756762695312509 -0.03614858245849639 0.109911844 0.11191185 "" "" 0.4269332691130405 "" 0.047466688576548906 "" 1.0
305.03063882835 39.29674649906 0.0253 0.033 1.7268 "" "" 2061414397480173952 2371.05273 0.4106 0.0346 -1.87 -5.342 0.034 0.041 0.969 9243.2 4.0273 16.015814 1.399847 16.64141 15.241564 "" "" 2212.14429 2551.94165 7389.60606 3.1224 3012.0 7.7597 6346.5 10.991 "" "" 0.0027932518632412637 0.003950828 0.004221286 0.008172114 305.03063882835 39.29674649906 2371.05273 -1.8700000000000003 -5.341999999999999 0.05556762695312489 0.08285141754150427 0.106911846 0.113911845 "" "" 1.1211851179063657 "" 0.1253338362117678 "" 1.0
305.21829044409 39.34421206322 0.0273 0.0321 9.4718 "" "" 2061415668790275968 2077.04053 0.4644 0.0362 -1.981 -5.393 0.037 0.042 1.13 "" "" 16.031282 1.415848 16.662357 15.24651 "" "" 1922.83289 2234.99341 7285.07109 2.9014 2954.4 8.0089 6317.6 6.7127 "" "" 0.0027890446191124406 0.0040555885 0.0039515323 0.00800712 305.21829044409 39.34421206322 2077.04053 -1.9809999999999977 -5.392999999999992 -0.055432373046875094 0.03185141754150411 0.109911844 0.11491184 "" "" 0.6294184756704498 "" 0.069974902148135 "" 1.0
304.84552359959 39.35091042281 0.0304 0.0317 8.0842 "" "" 2061459821055840000 2368.22583 0.4065 0.0377 -2.176 -5.305 0.043 0.04 1.094 "" "" 16.05466 1.226441 16.578592 15.352151 "" "" 2141.97021 2625.28833 7129.88215 3.3426 3191.4 10.113 5731.9 10.758 "" "" 0.002801942301863739 0.004429692 0.004293748 0.00872344 304.84552359959 39.35091042281 2368.22583 -2.1759999999999997 -5.305 -0.25043237304687516 0.11985141754150419 0.11591184 0.11291184 "" "" 3.1165520249612295 "" 0.35952136599833623 "" 0.9
304.82547928674 39.16790551762 0.0253 0.0288 12.8532 "" "" 2061453292705205248 2043.72571 0.4706 0.0342 -1.811 -5.487 0.033 0.037 0.975 7126.9 4.3366 16.058554 1.233254 16.578278 15.345024 "" "" 1917.46973 2186.54443 7104.36982 2.651 3192.3 13.154 5769.6 17.992 "" "" 0.002784947101367053 0.005272581 0.0050741695 0.01034675 304.82547928674 39.16790551762 2043.72571 -1.8110000000000013 -5.487000000000002 0.11456762695312506 -0.06214858245849619 0.10591184 0.109911844 "" "" 1.2626252561496485 "" 0.1348918642717298 "" 0.8
304.89283978814 39.31260566617 0.0265 0.0309 5.7525 "" "" 2061456625600147200 2103.81812 0.4678 0.0345 -1.896 -5.503 0.036 0.039 0.991 "" "" 16.075157 1.378467 16.685093 15.306626 "" "" 1965.1134 2249.79468 6996.55069 2.9969 2893.2 8.8666 5977.3 14.846 "" "" 0.002794293075734766 0.004342411 0.004642821 0.008985233 304.89283978814 39.31260566617 2103.81812 -1.8959999999999977 -5.502999999999991 0.029567626953125092 -0.07814858245849621 0.10891184 0.11191185 "" "" 0.8332190853940471 "" 0.09293775248766367 "" 1.0
