Clusters/Dolidze_5/Dolidze_5_stars_in_region.tsv
# %ECSV 1.0
# ---
# datatype:
# - name: RA_ICRS_1
#   unit: deg
#   datatype: float64
#   format: '{:15.11f}'
#   description: Right ascension (ICRS) at Ep=2016.0 (ra)
#   meta: !!omap
#   - {ucd: POS_EQ_RA_MAIN}
#   - {width: 15}
#   - {precision: '11'}
# - name: DE_ICRS_1
#   unit: deg
#   datatype: float64
#   format: '{:15.11f}'
#   description: Declination (ICRS) at Ep=2016.0 (dec)
#   meta: !!omap
#   - {ucd: POS_EQ_DEC_MAIN}
#   - {width: 15}
#   - {precision: '11'}
# - name: e_RA_ICRS
#   unit: mas
#   datatype: float64
#   format: '{:7.4f}'
#   description: Standard error of right ascension (ra_error)
#   meta: !!omap
#   - {ucd: ERROR}
#   - {width: 7}
#   - {precision: '4'}
# - name: e_DE_ICRS
#   unit: mas
#   datatype: float64
#   format: '{:7.4f}'
#   description: Standard error of declination (dec_error)
#   meta: !!omap
#   - {ucd: ERROR}
#   - {width: 7}
#   - {precision: '4'}
# - name: _r_1
#   unit: ''
#   datatype: float64
#   format: '{:7.4f}'
#   description: Distance from center (305.01600726000+39.32320598000)[ICRS], at Epoch=J2016.0
#   meta: !!omap
#   - {ucd: POS_ANG_DIST_GENERAL}
#   - {width: 7}
#   - {precision: '4'}
# - name: HIP
#   datatype: int32
#   description: '? HIP cross-id number, van Leeuwen, Cat. I/311 (hip_original_ext_source_id)'
#   meta: !!omap
#   - {ucd: ID_NUMBER}
#   - {width: 6}
#   - values: {'null': -2147483648}
# - name: TYC2
#   datatype: string
#   description: Tycho-2 cross-id name, Hog et al., Cat. I/259 (tyc2_original_ext_source_id)
#   meta: !!omap
#   - {ucd: ID_CROSSID}
#   - {_votable_string_dtype: char}
# - name: Source
#   datatype: int64
#   description: Source identifier, identical to the Gaia-EDR3 source_id (id)
#   meta: !!omap
#   - {ucd: ID_MAIN}
#   - {width: 19}
# - name: rgeo
#   unit: pc
#   datatype: float64
#   format: '{:15.8f}'
#   description: '? Median of the geometric distance posterior (r_med_geo)'
#   meta: !!omap
#   - {ucd: PHYS_DISTANCE_TRUE}
#   - {width: 15}
#   - {precision: '8'}
#   - values: {'null': .nan}
# - name: Plx
#   unit: mas
#   datatype: float64
#   format: '{:9.4f}'
#   description: '? Parallax (parallax)'
#   meta: !!omap
#   - {ucd: POS_PARLX_TRIG}
#   - {width: 9}
#   - {precision: '4'}
#   - values: {'null': .nan}
# - name: e_Plx
#   unit: mas
#   datatype: float32
#   format: '{:7.4f}'
#   description: '? Standard error of parallax (parallax_error)'
#   meta: !!omap
#   - {ucd: ERROR}
#   - {width: 7}
#   - {precision: '4'}
#   - values: {'null': .nan}
# - name: pmRA
#   unit: mas / yr
#   datatype: float64
#   format: '{:9.3f}'
#   description: '? Proper motion in right ascension direction, pmRA*cosDE (pmra)'
#   meta: !!omap
#   - {ucd: POS_EQ_PMRA}
#   - {width: 9}
#   - {precision: '3'}
#   - values: {'null': .nan}
# - name: pmDE
#   unit: mas / yr
#   datatype: float64
#   format: '{:9.3f}'
#   description: '? Proper motion in declination direction (pmdec)'
#   meta: !!omap
#   - {ucd: POS_EQ_PMDEC}
#   - {width: 9}
#   - {precision: '3'}
#   - values: {'null': .nan}
# - name: e_pmRA
#   unit: mas / yr
#   datatype: float32
#   format: '{:6.3f}'
#   description: '? Standard error of proper motion in right ascension direction (pmra_error)'
#   meta: !!omap
#   - {ucd: ERROR}
#   - {width: 6}
#   - {precision: '3'}
#   - values: {'null': .nan}
# - name: e_pmDE
[...]
#         value: !astropy.table.SerializedColumn {name: SkyCoord.dec}
#       distance: !astropy.table.SerializedColumn
#         __class__: astropy.coordinates.distances.Distance
#         unit: !astropy.units.Unit {unit: pc}
#         value: !astropy.table.SerializedColumn {name: SkyCoord.distance}
#       frame: icrs
#       obstime: !astropy.time.Time {format: jyear_str, in_subfmt: '*', jd1: 367701545.0, jd2: 0.0, out_subfmt: '*', precision: 3, scale: tt}
#       pm_dec: !astropy.table.SerializedColumn
#         __class__: astropy.units.quantity.Quantity
#         unit: !astropy.units.Unit {unit: mas / yr}
#         value: !astropy.table.SerializedColumn {name: SkyCoord.pm_dec}
#       pm_ra_cosdec: !astropy.table.SerializedColumn
#         __class__: astropy.units.quantity.Quantity
#         unit: !astropy.units.Unit {unit: mas / yr}
#         value: !astropy.table.SerializedColumn {name: SkyCoord.pm_ra_cosdec}
#       ra: !astropy.table.SerializedColumn
#         __class__: astropy.coordinates.angles.Longitude
#         unit: *id001
#         value: !astropy.table.SerializedColumn {name: SkyCoord.ra}
#         wrap_angle: !astropy.coordinates.Angle
#           unit: *id001
#           value: 360.0
#       representation_type: spherical
# schema: astropy-2.0
RA_ICRS_1 DE_ICRS_1 e_RA_ICRS e_DE_ICRS _r_1 HIP TYC2 Source rgeo Plx e_Plx pmRA pmDE e_pmRA e_pmDE RUWE Teff logg Gmag BP-RP BPmag RPmag RV e_RV b_rgeo B_rgeo FG e_FG FBP e_FBP FRP e_FRP RAVE5 RAVE6 e_Gmag e_BPmag e_RPmag e_BP-RP SkyCoord.ra SkyCoord.dec SkyCoord.distance SkyCoord.pm_ra_cosdec SkyCoord.pm_dec rmRA rmDE e_rmRA e_rmDE rRV e_rRV v_pec v_pec3d e_vpec e_vpec3d
[from data line 996]
304.78049760367 39.02415317396 0.0332 0.0373 21.0228 "" "" 2061311455717262848 2403.25854 0.383 0.045 -4.061 -5.306 0.045 0.047 1.035 "" "" 16.545527 1.795585 17.398172 15.602588 "" "" 2191.5625 2690.49951 4536.65703 2.4173 1500.2 9.9065 4551.2 11.702 "" "" 0.00281539972850212 0.0076933946 0.0046986113 0.012392006 304.78049760367 39.02415317396 2403.25854 -4.060999999999999 -5.305999999999999 -2.135432373046875 0.11885141754150386 0.117911845 0.11991184 "" "" 24.363308924425727 "" 2.872874461862407 ""
305.05590928154 39.53475847702 0.0322 0.0363 12.8271 "" "" 2061468445350028800 1682.9646 0.5701 0.0407 -4.089 -5.896 0.044 0.045 0.997 9633.9 4.3019 16.549118 1.760223 17.397724 15.637501 "" "" 1562.5658 1791.89697 4521.67512 2.4314 1500.8 7.6927 4407.1 9.0272 "" "" 0.002816494091099276 0.0062254663 0.0043851645 0.010610631 305.05590928154 39.53475847702 1682.9646 -4.089 -5.896 -2.1634323730468754 -0.471148582458496 0.11691184 0.117911845 "" "" 17.66276162549126 "" 2.065789055004448 ""
305.30877107868 39.05105574688 0.0304 0.0331 21.2604 "" "" 2061395877580786048 1865.73633 0.5003 0.0386 -5.001 -7.329 0.039 0.04 1.012 6041.8 4.1703 16.550953 1.617621 17.308561 15.69094 "" "" 1745.76672 2033.33899 4514.04295 2.0219 1629.3 6.9509 4195.5 8.4943 "" "" 0.0027979085635296986 0.0054074065 0.0043721655 0.0097795725 305.30877107868 39.05105574688 1865.73633 -5.001 -7.329000000000001 -3.0754323730468753 -1.9041485824584958 0.11191185 0.11291184 "" "" 31.988949240273882 "" 3.5888355371918457 ""
305.18684140347 39.15783028403 0.032 0.0378 12.7074 "" "" 2061409243519343488 1949.79846 0.486 0.0421 -2.296 -4.256 0.042 0.051 1.035 "" "" 16.551537 1.532795 17.260227 15.727432 "" "" 1827.82983 2131.42993 4511.61831 2.5153 1703.4 9.5287 4056.8 5.8016 "" "" 0.002821027507360446 0.006683774 0.0040859045 0.010769678 305.18684140347 39.15783028403 1949.79846 -2.2960000000000003 -4.256 -0.3704323730468748 1.1688514175415037 0.11491184 0.12391184 "" "" 11.332095259233778 "" 1.3951813760341762 ""
305.0039992676 39.35341631267 0.037 0.0463 1.8963 "" "" 2061462020079107456 1749.16846 0.5704 0.0507 -1.986 -5.278 0.051 0.056 1.105 "" "" 16.552032 1.524151 17.23437 15.710218 "" "" 1605.86426 1939.4989 4509.55258 2.4711 1744.5 18.844 4121.6 13.134 "" "" 0.0028188217493212517 0.012055396 0.005123884 0.01717928 305.0039992676 39.35341631267 1749.16846 -1.9859999999999998 -5.277999999999999 -0.06043237304687499 0.14685141754150433 0.12391184 0.12891185 "" "" 1.316619320957054 "" 0.16879034772269014 ""
305.03245571695 38.9798959514 0.0335 0.0382 20.6128 "" "" 2061400546203173888 1608.45032 0.6049 0.0431 5.008 -12.046 0.043 0.049 1.009 4922.6 4.2444 16.552303 1.660818 17.324518 15.6637 "" "" 1498.54993 1728.12183 4508.42944 2.4898 1605.5 14.932 4302.1 11.224 "" "" 0.002819807201481239 0.010476309 0.0047230897 0.015199399 305.03245571695 38.9798959514 1608.45032 5.008000000000003 -12.04599999999999 6.933567626953125 -6.6211485824584955 0.11591184 0.12191184 "" "" 73.09316240016672 "" 8.684302551350582 ""
305.00202891387 39.35121176599 0.0337 0.0408 1.8012 "" "" 2061461985719367296 2110.24585 0.4383 0.0446 -1.416 -7.175 0.047 0.049 0.936 5154.3 4.1816 16.553253 2.014541 17.563831 15.549291 "" "" 1940.80688 2308.05884 4504.49079 2.6728 1287.9 9.2232 4780.2 8.8514 "" "" 0.0028296341750075004 0.008260882 0.0042808386 0.012541721 305.00202891387 39.35121176599 2110.24585 -1.4160000000000004 -7.175000000000001 0.5095676269531251 -1.750148582458496 0.11991184 0.12191184 "" "" 18.232893897729326 "" 2.2199774886303913 ""
305.20618674876 39.51680048495 0.034 0.0409 14.5817 "" "" 2061488099121136640 2268.32788 0.4184 0.0469 -3.118 -2.664 0.05 0.052 1.035 "" "" 16.553844 2.218619 17.703087 15.484467 "" "" 2067.93774 2560.69238 4502.03795 3.0084 1132.9 10.583 5074.2 11.587 "" "" 0.0028492405826682646 0.0105192065 0.0045200237 0.01503923 305.20618674876 39.51680048495 2268.32788 -3.118000000000001 -2.6640000000000006 -1.1924323730468749 2.7608514175415038 0.12291184 0.124911845 "" "" 32.334722898762685 "" 4.02889154492063 ""
304.85382140505 39.30518191485 0.0336 0.038 7.6061 "" "" 2061456556880662144 1632.13672 0.5964 0.0438 7.784 -0.287 0.045 0.047 0.984 7084.3 4.3169 16.554237 1.511616 17.247755 15.736139 "" "" 1531.46228 1758.5509 4500.40854 2.522 1723.1 8.0847 4024.4 9.392 "" "" 0.0028216995089824057 0.0058082812 0.0045501795 0.01035846 304.85382140505 39.30518191485 1632.13672 7.784000000000001 -0.2869999999999996 9.709567626953124 5.137851417541504 0.117911845 0.11991184 "" "" 84.98461853052837 "" 10.058119701495022 ""
304.82844093318 39.35785625747 0.0376 0.0377 8.9486 "" "" 2061459885469608576 1646.69397 0.5987 0.0459 -1.107 -1.742 0.054 0.047 1.038 7941.2 4.2813 16.555515 1.665356 17.328318 15.662962 "" "" 1533.25623 1832.51099 4495.11111 2.4247 1599.9 7.0672 4305.0 10.429 "" "" 0.0028168743768822438 0.0055485703 0.0046045454 0.010153116 304.82844093318 39.35785625747 1646.69397 -1.107 -1.7420000000000004 0.818567626953125 3.682851417541504 0.12691185 0.11991184 "" "" 29.447354805228596 "" 3.541059554923951 ""
304.68041931523 39.22409227251 0.034 0.0368 16.6832 "" "" 2061457858248318976 2226.22461 0.4309 0.043 -2.683 -5.926 0.044 0.048 1.016 9349.3 4.4517 16.556366 1.382729 17.176975 15.794247 "" "" 2027.3092 2405.61548 4491.59387 2.0597 1839.2 6.5727 3814.7 9.6026 "" "" 0.0027999423980045964 0.0047791176 0.004664061 0.009443179 304.68041931523 39.22409227251 2226.22461 -2.6829999999999994 -5.926 -0.7574323730468748 -0.5011485824584963 0.11691184 0.120911844 "" "" 9.583756809865314 "" 1.1322642924344115 ""
305.14440316276 39.058647232 0.0452 0.0532 16.9593 "" "" 2061402509010360960 1837.45276 0.5468 0.0592 -5.454 -4.371 0.058 0.067 1.37 "" "" 16.557697 1.641752 17.282999 15.641247 "" "" 1639.09509 2071.02124 4486.09197 4.4388 1668.1 6.5112 4392.0 8.9275 "" "" 0.0029573449665308347 0.00507404 0.004376567 0.009450607 305.14440316276 39.058647232 1837.45276 -5.453999999999999 -4.371000000000002 -3.5284323730468747 1.0538514175415035 0.13091184 0.13991185 "" "" 32.07239410799304 "" 4.223038655954454 ""
305.05392425132 39.28161499427 0.0342 0.0436 3.0539 "" "" 2061414500559380608 2154.8252 0.4407 0.0465 -1.801 -4.621 0.048 0.057 0.992 "" "" 16.56018 2.022177 17.574722 15.552546 "" "" 1987.52832 2316.16699 4475.84307 2.6398 1275.1 9.0384 4765.8 9.5737 "" "" 0.0028287529591424923 0.0081862835 0.0043635727 0.012549857 305.05392425132 39.28161499427 2154.8252 -1.8009999999999984 -4.621 0.12456762695312507 0.8038514175415035 0.120911844 0.12991184 "" "" 8.308431619843244 "" 1.0776695149507558 ""
304.94648847399 39.11517130031 0.0316 0.0413 12.8936 "" "" 2061406529099826176 1865.80823 0.5312 0.0434 -5.076 -6.398 0.042 0.055 0.959 6712.4 4.3049 16.562046 1.49955 17.248365 15.748816 "" "" 1720.69458 2031.0238 4468.15982 2.5117 1722.1 7.7997 3977.7 11.199 "" "" 0.002822107327157241 0.0056539187 0.004860859 0.010514777 304.94648847399 39.11517130031 1865.80823 -5.076 -6.398 -3.1504323730468746 -0.9731485824584958 0.11491184 0.12791184 "" "" 29.161167493939615 "" 3.38567224341305 ""
304.75076821215 39.46563200964 0.0336 0.0371 14.976 "" "" 2061473186994234112 1713.87671 0.5673 0.044 -6.035 -6.514 0.047 0.05 1.021 5322.4 4.1768 16.562254 1.842911 17.4575 15.61459 "" "" 1611.13281 1854.46704 4467.29855 2.2749 1420.4 8.7984 4501.1 9.4313 "" "" 0.002810245688007497 0.007281201 0.0044112643 0.011692465 304.75076821215 39.46563200964 1713.87671 -6.035 -6.5140000000000065 -4.109432373046875 -1.0891485824584963 0.11991184 0.12291184 "" "" 34.53672892935554 "" 4.1482424659559625 ""
305.3797177362 39.18360792928 0.0326 0.0332 18.8603 "" "" 2061398385841940992 1650.56592 0.5928 0.0404 -2.591 -4.036 0.042 0.041 0.974 7877.2 4.2719 16.563446 1.60502 17.315107 15.710087 "" "" 1551.85278 1749.01147 4462.39829 2.1865 1619.5 6.9254 4122.1 6.5869 "" "" 0.0028062083605785233 0.0054167756 0.004158579 0.009575354 305.3797177362 39.18360792928 1650.56592 -2.5909999999999993 -4.036 -0.6654323730468752 1.3888514175415043 0.11491184 0.113911845 "" "" 12.048746601364762 "" 1.3747524702648115 ""
305.11881910951 39.13856213896 0.0319 0.0399 12.0652 "" "" 2061409518397015552 1699.99939 0.5704 0.0431 -2.462 0.195 0.04 0.05 0.921 "" "" 16.563456 1.69718 17.365824 15.668644 "" "" 1572.04529 1803.39758 4462.35638 2.4884 1545.6 10.151 4282.5 7.7266 "" "" 0.0028210569623060393 0.0076572085 0.004256885 0.011914093 305.11881910951 39.13856213896 1699.99939 -2.4620000000000006 0.19499999999999995 -0.5364323730468752 5.619851417541504 0.11291184 0.12291184 "" "" 45.49058011252852 "" 5.5873892728009515 ""
304.80212354104 39.33406282852 0.0341 0.0381 9.948 "" "" 2061459477458439168 1825.67944 0.526 0.0457 -1.151 -3.997 0.047 0.047 0.99 8186.6 4.3741 16.563646 1.55555 17.290405 15.734856 "" "" 1685.87524 1968.06836 4461.57264 2.231 1656.7 7.6623 4029.2 9.5723 "" "" 0.0028083004786255794 0.0057446687 0.0045757103 0.0103203785 304.80212354104 39.33406282852 1825.67944 -1.1510000000000016 -3.9970000000000003 0.774567626953125 1.427851417541504 0.11991184 0.11991184 "" "" 14.05720838739217 "" 1.6856257517871545 ""
304.84286078742 39.6194570742 0.0332 0.037 19.5004 "" "" 2061482120525934208 2080.07983 0.4463 0.0432 -2.455 -5.421 0.045 0.045 1.046 "" "" 16.56379 2.711357 18.069347 15.35799 "" "" 1929.87097 2239.47949 4460.98701 3.097 808.5 6.8137 5701.1 12.482 "" "" 0.0028565621505517893 0.009566083 0.004464795 0.0140308775 304.84286078742 39.6194570742 2080.07983 -2.454999999999996 -5.420999999999996 -0.5294323730468751 0.0038514175415036433 0.117911845 0.117911845 "" "" 5.22011810544884 "" 0.6155137592576337 ""
305.21731217789 39.6237581729 0.0313 0.037 20.3007 "" "" 2061490882259971584 1638.59229 0.5715 0.0403 -5.316 -6.668 0.042 0.045 0.94 7817.8 3.701 16.56429 3.063911 18.35247 15.288559 "" "" 1546.65894 1749.46143 4458.93222 3.8311 622.91 9.5903 6077.6 17.918 "" "" 0.0029089549447612988 0.016947217 0.004952771 0.021899989 305.21731217789 39.6237581729 1638.59229 -5.316 -6.668 -3.390432373046875 -1.2431485824584962 0.11491184 0.117911845 "" "" 28.047589279510454 "" 3.233086203467595 ""
305.02472984069 39.10973626463 0.0333 0.0451 12.8146 "" "" 2061403402363607680 1915.63159 0.5127 0.0467 -4.235 -1.994 0.044 0.057 1.052 6881.4 3.8684 16.56721 2.13111 17.662928 15.531817 "" "" 1736.24622 2076.95093 4446.96201 2.268 1175.6 6.1369 4857.7 9.9317 "" "" 0.0028104118211857614 0.0063173487 0.0043830713 0.01070042 305.02472984069 39.10973626463 1915.63159 -4.235 -1.9940000000000007 -2.3094323730468753 3.430851417541504 0.11691184 0.12991184 "" "" 37.552768538369186 "" 4.731729244602723 ""
304.79223996081 39.14405657425 0.0341 0.0367 14.9562 "" "" 2061452841722376576 1750.20618 0.5599 0.0483 -5.331 -5.046 0.046 0.057 1.031 5496.6 3.8733 16.56781 1.523213 17.270302 15.747088 "" "" 1597.77478 1889.66138 4444.49632 2.2941 1687.7 8.3151 3984.0 8.8876 "" "" 0.0028117362334876437 0.0060332413 0.0044889003 0.010522142 304.79223996081 39.14405657425 1750.20618 -5.3309999999999995 -5.046000000000001 -3.4054323730468754 0.37885141754150364 0.11891185 0.12991184 "" "" 28.425676874718242 "" 3.3841467552903475 ""
305.33925490885 39.3929231054 0.0732 0.0733 15.5685 "" "" 2061436525145501312 1689.53552 0.6212 0.0884 -3.366 -10.933 0.095 0.095 1.881 "" "" 16.568165 1.724951 16.761242 15.036291 "" "" 1481.8363 1874.58643 4443.04364 4.8261 2697.2 14.438 7667.3 20.036 "" "" 0.002997105032865932 0.006446956 0.0047258376 0.011172794 305.33925490885 39.3929231054 1689.53552 -3.3659999999999988 -10.933 -1.440432373046875 -5.508148582458496 0.16791184 0.16791184 "" "" 45.594834266629974 "" 7.655912628614426 ""
304.85368090465 39.02956667367 0.0351 0.0413 19.168 "" "" 2061405081685667200 1659.19995 0.589 0.046 -2.728 -5.645 0.045 0.053 1.207 4913.5 4.2157 16.56877 1.709612 17.353556 15.643944 "" "" 1533.21362 1814.50488 4440.57117 4.3993 1563.1 6.4727 4381.1 13.75 "" "" 0.0029578374005338015 0.0052913856 0.0050887335 0.010380119 304.85368090465 39.02956667367 1659.19995 -2.7280000000000015 -5.645 -0.8024323730468752 -0.22014858245849567 0.117911845 0.12591185 "" "" 6.544011113008069 "" 0.7753961331592101 ""
305.30355238982 39.12862538906 0.0327 0.0365 17.7461 "" "" 2061397763061699584 1876.12512 0.5144 0.0418 -0.604 -2.071 0.043 0.047 1.036 8249.2 4.3737 16.568834 1.712676 17.373034 15.660357 "" "" 1707.05054 2054.68774 4440.30947 28.009 1535.3 30.402 4315.3 77.039 "" "" 0.007382181065372041 0.021680035 0.019748153 0.041428186 305.30355238982 39.12862538906 1876.12512 -0.6039999999999994 -2.0709999999999975 1.321567626953125 3.3538514175415037 0.11591184 0.11991184 "" "" 32.05722666583146 "" 3.8270567468854906 ""
304.7153614671 39.27008460396 0.0364 0.0371 14.319 "" "" 2061458412306315264 2219.36743 0.4392 0.0443 -3.752 -5.373 0.045 0.048 1.013 6951.7 4.256 16.570911 1.675495 17.368174 15.692678 "" "" 1999.71008 2447.24707 4431.81901 2.4382 1542.2 6.5445 4188.8 8.9368 "" "" 0.0028193240419843073 0.0053864266 0.0044327774 0.009819204 304.7153614671 39.27008460396 2219.36743 -3.751999999999999 -5.373000000000003 -1.8264323730468748 0.051851417541503686 0.117911845 0.120911844 "" "" 19.22144742385254 "" 2.266483365914254 ""
304.70725806802 39.17755757405 0.0324 0.0346 16.7977 "" "" 2061456831758320256 2259.34204 0.4158 0.0419 -4.16 -6.302 0.043 0.046 0.946 "" "" 16.571404 1.535681 17.283758 15.748077 "" "" 2085.0 2474.69409 4429.81279 2.1901 1666.9 6.4975 3980.4 7.6626 "" "" 0.0028071214563280466 0.005069136 0.00431884 0.009387976 304.70725806802 39.17755757405 2259.34204 -4.159999999999999 -6.302 -2.234432373046875 -0.8771485824584957 0.11591184 0.11891185 "" "" 25.70691010899207 "" 2.990148030973234 ""
304.97812065279 39.04708776983 0.0311 0.042 16.6605 "" "" 2061401753096164224 1672.05347 0.5801 0.0431 -1.89 -8.327 0.042 0.055 0.962 5026.1 4.32 16.572058 1.565977 17.291533 15.725555 "" "" 1557.12744 1839.13306 4427.14205 2.1313 1655.0 6.9635 4063.8 6.8702 "" "" 0.0028044599825407255 0.0053529753 0.004201535 0.009554511 304.97812065279 39.04708776983 1672.05347 -1.8900000000000003 -8.327 0.0355676269531251 -2.902148582458496 0.11491184 0.12791184 "" "" 23.00280297891582 "" 2.942288133285685 ""
304.62314239215 39.20019425081 0.0341 0.0405 19.6867 "" "" 2061363957400307456 1862.05432 0.529 0.045 0.316 -5.206 0.043 0.049 0.987 5446.7 4.5217 16.574766 1.459528 17.248613 15.789085 "" "" 1703.43835 2015.3219 4416.117 2.2319 1721.8 7.4223 3832.9 16.372 "" "" 0.0028094294210070964 0.005448936 0.0059826067 0.011431543 304.62314239215 39.20019425081 1862.05432 0.31600000000000006 -5.206 2.241567626953125 0.2188514175415035 0.11591184 0.12191184 "" "" 19.878455156772866 "" 2.305303381141137 ""
305.0312045455 39.35260559615 0.0376 0.0488 1.8997 "" "" 2061461917000089856 1770.71057 0.5464 0.0525 -1.135 -2.02 0.061 0.061 1.034 8394.2 4.2141 16.575838 1.6775 17.320852 15.643353 "" "" 1631.33984 1934.28223 4411.75511 3.4469 1610.9 16.973 4383.5 17.83 "" "" 0.0028829457350062204 0.011775041 0.0058126654 0.017587706 305.0312045455 39.35260559615 1770.71057 -1.1350000000000011 -2.0199999999999996 0.790567626953125 3.404851417541504 0.13391185 0.13391185 "" "" 29.33770692201889 "" 3.928666552011867 ""
304.63845644989 39.17733944935 0.0329 0.037 19.6043 "" "" 2061363884367106560 1694.91211 0.5725 0.0428 -5.279 -9.58 0.042 0.047 0.986 5027.8 4.3977 16.575947 1.378144 17.200396 15.822251 "" "" 1578.33691 1820.04565 4411.31705 2.0125 1799.9 8.3187 3717.6 6.502 "" "" 0.0027994889093953352 0.005741555 0.0042296164 0.009971172 304.63845644989 39.17733944935 1694.91211 -5.278999999999998 -9.579999999999995 -3.353432373046875 -4.155148582458496 0.11491184 0.11991184 "" "" 42.89730272196068 "" 5.060380426063517 ""
