Clusters/Dolidze_5/Dolidze_5_stars_in_region.tsv
# %ECSV 1.0
# ---
# datatype:
# - name: RA_ICRS_1
#   unit: deg
#   datatype: float64
#   format: '{:15.11f}'
#   description: Right ascension (ICRS) at Ep=2016.0 (ra)
#   meta: !!omap
#   - {ucd: POS_EQ_RA_MAIN}
#   - {width: 15}
#   - {precision: '11'}
# - name: DE_ICRS_1
#   unit: deg
#   datatype: float64
#   format: '{:15.11f}'
#   description: Declination (ICRS) at Ep=2016.0 (dec)
#   meta: !!omap
#   - {ucd: POS_EQ_DEC_MAIN}
#   - {width: 15}
#   - {precision: '11'}
# - name: e_RA_ICRS
#   unit: mas
#   datatype: float64
#   format: '{:7.4f}'
#   description: Standard error of right ascension (ra_error)
#   meta: !!omap
#   - {ucd: ERROR}
#   - {width: 7}
#   - {precision: '4'}
# - name: e_DE_ICRS
#   unit: mas
#   datatype: float64
#   format: '{:7.4f}'
#   description: Standard error of declination (dec_error)
#   meta: !!omap
#   - {ucd: ERROR}
#   - {width: 7}
#   - {precision: '4'}
# - name: _r_1
#   unit: ''
#   datatype: float64
#   format: '{:7.4f}'
#   description: Distance from center (305.01600726000+39.32320598000)[ICRS], at Epoch=J2016.0
#   meta: !!omap
#   - {ucd: POS_ANG_DIST_GENERAL}
#   - {width: 7}
#   - {precision: '4'}
# - name: HIP
#   datatype: int32
#   description: '? HIP cross-id number, van Leeuwen, Cat. I/311 (hip_original_ext_source_id)'
#   meta: !!omap
#   - {ucd: ID_NUMBER}
#   - {width: 6}
#   - values: {'null': -2147483648}
# - name: TYC2
#   datatype: string
#   description: Tycho-2 cross-id name, Hog et al., Cat. I/259 (tyc2_original_ext_source_id)
#   meta: !!omap
#   - {ucd: ID_CROSSID}
#   - {_votable_string_dtype: char}
# - name: Source
#   datatype: int64
#   description: Source identifier, identical to the Gaia-EDR3 source_id (id)
#   meta: !!omap
#   - {ucd: ID_MAIN}
#   - {width: 19}
# - name: rgeo
#   unit: pc
#   datatype: float64
#   format: '{:15.8f}'
#   description: '? Median of the geometric distance posterior (r_med_geo)'
#   meta: !!omap
#   - {ucd: PHYS_DISTANCE_TRUE}
#   - {width: 15}
#   - {precision: '8'}
#   - values: {'null': .nan}
# - name: Plx
#   unit: mas
#   datatype: float64
#   format: '{:9.4f}'
#   description: '? Parallax (parallax)'
#   meta: !!omap
#   - {ucd: POS_PARLX_TRIG}
#   - {width: 9}
#   - {precision: '4'}
#   - values: {'null': .nan}
# - name: e_Plx
#   unit: mas
#   datatype: float32
#   format: '{:7.4f}'
#   description: '? Standard error of parallax (parallax_error)'
#   meta: !!omap
#   - {ucd: ERROR}
#   - {width: 7}
#   - {precision: '4'}
#   - values: {'null': .nan}
# - name: pmRA
#   unit: mas / yr
#   datatype: float64
#   format: '{:9.3f}'
#   description: '? Proper motion in right ascension direction, pmRA*cosDE (pmra)'
#   meta: !!omap
#   - {ucd: POS_EQ_PMRA}
#   - {width: 9}
#   - {precision: '3'}
#   - values: {'null': .nan}
# - name: pmDE
#   unit: mas / yr
#   datatype: float64
#   format: '{:9.3f}'
#   description: '? Proper motion in declination direction (pmdec)'
#   meta: !!omap
#   - {ucd: POS_EQ_PMDEC}
#   - {width: 9}
#   - {precision: '3'}
#   - values: {'null': .nan}
# - name: e_pmRA
#   unit: mas / yr
#   datatype: float32
#   format: '{:6.3f}'
#   description: '? Standard error of proper motion in right ascension direction (pmra_error)'
#   meta: !!omap
#   - {ucd: ERROR}
#   - {width: 6}
#   - {precision: '3'}
#   - values: {'null': .nan}
# - name: e_pmDE
[...]
#         value: !astropy.table.SerializedColumn {name: SkyCoord.dec}
#       distance: !astropy.table.SerializedColumn
#         __class__: astropy.coordinates.distances.Distance
#         unit: !astropy.units.Unit {unit: pc}
#         value: !astropy.table.SerializedColumn {name: SkyCoord.distance}
#       frame: icrs
#       obstime: !astropy.time.Time {format: jyear_str, in_subfmt: '*', jd1: 367701545.0, jd2: 0.0, out_subfmt: '*', precision: 3, scale: tt}
#       pm_dec: !astropy.table.SerializedColumn
#         __class__: astropy.units.quantity.Quantity
#         unit: !astropy.units.Unit {unit: mas / yr}
#         value: !astropy.table.SerializedColumn {name: SkyCoord.pm_dec}
#       pm_ra_cosdec: !astropy.table.SerializedColumn
#         __class__: astropy.units.quantity.Quantity
#         unit: !astropy.units.Unit {unit: mas / yr}
#         value: !astropy.table.SerializedColumn {name: SkyCoord.pm_ra_cosdec}
#       ra: !astropy.table.SerializedColumn
#         __class__: astropy.coordinates.angles.Longitude
#         unit: *id001
#         value: !astropy.table.SerializedColumn {name: SkyCoord.ra}
#         wrap_angle: !astropy.coordinates.Angle
#           unit: *id001
#           value: 360.0
#       representation_type: spherical
# schema: astropy-2.0
RA_ICRS_1 DE_ICRS_1 e_RA_ICRS e_DE_ICRS _r_1 HIP TYC2 Source rgeo Plx e_Plx pmRA pmDE e_pmRA e_pmDE RUWE Teff logg Gmag BP-RP BPmag RPmag RV e_RV b_rgeo B_rgeo FG e_FG FBP e_FBP FRP e_FRP RAVE5 RAVE6 e_Gmag e_BPmag e_RPmag e_BP-RP SkyCoord.ra SkyCoord.dec SkyCoord.distance SkyCoord.pm_ra_cosdec SkyCoord.pm_dec rmRA rmDE e_rmRA e_rmDE rRV e_rRV v_pec v_pec3d e_vpec e_vpec3d
[from data line 1188]
304.83026534456 39.14552276699 0.0414 0.0452 13.7175 "" "" 2061453189619574784 2282.78882 0.4161 0.0546 -1.274 -2.25 0.055 0.056 1.107 "" "" 16.781792 1.463151 17.41443 15.95128 "" "" 2063.85425 2605.57764 3649.47089 2.1943 1477.9 9.6713 3301.0 22.767 "" "" 0.0028315997860758634 0.007633222 0.00838801 0.016021231 304.83026534456 39.14552276699 2282.78882 -1.2740000000000007 -2.25 0.651567626953125 3.174851417541504 0.12791184 0.12891185 "" "" 35.06921319823046 "" 4.519425140839985 ""
305.09368857439 39.01919125561 0.0363 0.0483 18.5953 "" "" 2061401959254553216 2217.99487 0.4434 0.0497 0.421 3.234 0.047 0.06 1.005 4729.0 4.2608 16.783659 1.652561 17.5467 15.894138 "" "" 2001.27625 2521.89355 3643.20231 24.372 1308.4 26.638 3479.4 64.422 "" "" 0.007768325247534526 0.022280136 0.02045487 0.042735007 305.09368857439 39.01919125561 2217.99487 0.42100000000000026 3.234000000000001 2.346567626953125 8.658851417541504 0.11991184 0.13291185 "" "" 94.31667787894223 "" 12.455762922826663 ""
304.84317555249 39.28062304623 0.0376 0.042 8.4214 "" "" 2061456144563529088 1949.4635 0.4891 0.0485 -0.652 -0.898 0.049 0.053 0.985 7196.1 4.2815 16.786463 1.447641 17.441364 15.993723 "" "" 1763.05249 2194.72241 3633.80683 2.0265 1441.7 7.0828 3174.5 8.2385 "" "" 0.0028210655860400574 0.0060196994 0.0047141537 0.010733853 304.84317555249 39.28062304623 1949.4635 -0.652 -0.898 1.2735676269531249 4.526851417541504 0.12191184 0.12591185 "" "" 43.454086088241844 "" 5.458823750164541 ""
305.41684385572 39.13067285062 0.0749 0.0745 21.9212 "" "" 2061395052947306368 2286.40869 0.4312 0.0917 -4.559 -5.883 0.099 0.094 2.216 8033.7 4.2338 16.787182 1.876045 17.67593 15.799885 "" "" 1876.1189 3613.16504 3631.40248 7.0315 1161.6 8.2988 3794.9 17.686 "" "" 0.003465763951895637 0.008243367 0.00631567 0.014559037 305.41684385572 39.13067285062 2286.40869 -4.559 -5.883 -2.633432373046875 -0.4581485824584961 0.17191184 0.16691184 "" "" 28.968716493770625 "" 4.975870167573069 ""
304.77205462109 39.38947859267 0.041 0.0463 11.9959 "" "" 2061460503949281536 2277.80957 0.4331 0.0554 -1.372 -3.309 0.058 0.061 1.075 9758.5 4.1712 16.787277 1.570822 17.426014 15.855192 "" "" 1980.3783 2544.20117 3631.0809 2.3826 1462.2 13.884 3606.5 23.472 "" "" 0.0028459338765117357 0.010680269 0.008013457 0.018693727 304.77205462109 39.38947859267 2277.80957 -1.3720000000000017 -3.309000000000001 0.5535676269531249 2.1158514175415037 0.13091184 0.13391185 "" "" 23.613368575521427 "" 3.1576191317802444 ""
305.3045826815 39.17372059604 0.0349 0.038 16.1318 "" "" 2061398729439320832 2380.09375 0.4058 0.0447 -3.067 -4.603 0.046 0.049 1.008 8578.8 4.145 16.78931 1.676075 17.571964 15.895889 "" "" 2101.65356 2709.12988 3624.28497 1.9932 1278.3 8.0626 3473.8 12.386 "" "" 0.0028192777894096997 0.007394645 0.0054101995 0.012804844 305.3045826815 39.17372059604 2380.09375 -3.067 -4.603 -1.1414323730468752 0.8218514175415041 0.11891185 0.12191184 "" "" 15.867894959126252 "" 1.9032675148282372 ""
304.61359796568 39.26201902732 0.0371 0.0432 19.0432 "" "" 2061376120747704192 2154.87671 0.4468 0.0493 1.141 -1.502 0.049 0.057 0.995 5861.6 4.3702 16.789732 1.506297 17.483019 15.976722 "" "" 1954.74414 2392.98535 3622.87981 2.0112 1387.4 7.5381 3224.6 8.479 "" "" 0.0028204747124722374 0.006525659 0.004736482 0.011262141 304.61359796568 39.26201902732 2154.87671 1.141 -1.502 3.066567626953125 3.922851417541504 0.12191184 0.12991184 "" "" 50.85829634097798 "" 6.455789545032773 ""
305.13726368705 39.06805057105 0.0351 0.0427 16.3146 "" "" 2061402504705404928 2003.30371 0.4824 0.0467 -2.488 -5.32 0.048 0.055 0.986 9409.4 4.3829 16.791965 1.892704 17.730204 15.8375 "" "" 1812.64648 2230.17505 3615.43696 2.0053 1104.9 6.5978 3665.7 6.6442 "" "" 0.0028203612872323754 0.0070582624 0.0042610425 0.011319305 305.13726368705 39.06805057105 2003.30371 -2.488 -5.32 -0.562432373046875 0.10485141754150362 0.120911844 0.12791184 "" "" 5.432679165113717 "" 0.6581881856731496 ""
305.00052518284 39.31160159042 0.0451 0.0538 1.0006 "" "" 2061461401598223872 2332.87305 0.3926 0.0608 -1.9 -5.199 0.061 0.066 1.188 "" "" 16.79204 1.754846 17.574139 15.819293 "" "" 2046.92322 2686.33569 3615.18432 2.4221 1275.7 19.99 3727.7 52.735 "" "" 0.00284972472328863 0.017240573 0.015817827 0.033058397 305.00052518284 39.31160159042 2332.87305 -1.9 -5.199 0.02556762695312509 0.22585141754150406 0.13391185 0.13891184 "" "" 2.513375838199954 "" 0.3489814846791011 ""
305.23667141397 39.27346927444 0.0367 0.0438 10.6715 "" "" 2061412232816655616 1612.0564 0.6134 0.048 -1.965 -6.213 0.051 0.057 0.953 4766.5 4.2808 16.79263 1.681499 17.575083 15.893584 "" "" 1490.2052 1794.13696 3613.2247 2.3013 1274.6 7.7743 3481.2 13.857 "" "" 0.002840771828223451 0.007186131 0.0057412256 0.012927357 305.23667141397 39.27346927444 1612.0564 -1.9649999999999985 -6.212999999999999 -0.03943237304687508 -0.7881485824584962 0.12391184 0.12991184 "" "" 6.0298922125546985 "" 0.7832661364886799 ""
304.90976368215 39.23938443196 0.0372 0.0429 7.0456 "" "" 2061455388649234688 1864.61499 0.5304 0.0497 -2.659 -5.04 0.049 0.055 1.028 5212.1 4.3458 16.793186 1.469074 17.45955 15.990477 "" "" 1698.88 2055.78662 3611.37388 2.0398 1417.7 7.9421 3184.0 10.069 "" "" 0.002822741252396104 0.006691838 0.0051061413 0.0117979795 304.90976368215 39.23938443196 1864.61499 -2.6589999999999994 -5.039999999999996 -0.7334323730468748 0.38485141754150387 0.12191184 0.12791184 "" "" 7.320491237616928 "" 0.9021182760917976 ""
305.09961386448 39.1441873782 0.035 0.0478 11.4223 "" "" 2061409552746790528 1931.73767 0.497 0.049 -1.856 -5.25 0.045 0.059 0.931 8607.2 4.2277 16.798012 1.605518 17.53892 15.933401 "" "" 1734.10266 2222.66528 3595.35946 2.1632 1317.8 9.556 3355.8 9.1954 "" "" 0.0028316997387562394 0.008352977 0.004809869 0.013162846 305.09961386448 39.1441873782 1931.73767 -1.8559999999999979 -5.25 0.0695676269531249 0.1748514175415039 0.117911845 0.13191184 "" "" 1.7230815997302138 "" 0.2241513022440246 ""
305.280693257 39.04627684419 0.0348 0.0413 20.6787 "" "" 2061395808861320960 1840.2146 0.5225 0.044 -6.42 -6.789 0.045 0.053 1.005 4614.6 4.2624 16.79891 1.63528 17.538568 15.903289 "" "" 1709.37988 1999.93079 3592.38333 36.682 1318.2 39.045 3450.2 102.29 "" "" 0.011423763185048685 0.032280248 0.032410536 0.06469078 305.280693257 39.04627684419 1840.2146 -6.4199999999999955 -6.788999999999996 -4.494432373046875 -1.3641485824584958 0.117911845 0.12591185 "" "" 40.969218125829734 "" 4.859257015759528 ""
304.69181638211 39.51063440669 0.0364 0.041 18.7691 "" "" 2061474183426663808 1681.3241 0.5627 0.0473 -5.681 -2.918 0.053 0.057 1.019 6648.5 4.348 16.799263 1.821766 17.69546 15.873693 "" "" 1547.75806 1852.19958 3591.21652 1.9808 1140.9 7.4238 3545.5 8.3069 "" "" 0.002819648817643945 0.007595865 0.004555736 0.012151601 304.69181638211 39.51063440669 1681.3241 -5.680999999999998 -2.918 -3.755432373046875 2.5068514175415038 0.12591185 0.12991184 "" "" 35.98426032311471 "" 4.575694767932153 ""
305.47323541608 39.37030015316 0.0368 0.0391 21.4024 "" "" 2061425323877502080 1663.7052 0.5754 0.0473 -5.49 -8.468 0.051 0.052 1.014 9425.8 4.181 16.799698 2.014852 17.812178 15.797325 "" "" 1555.04004 1804.14294 3589.77542 2.2511 1024.6 7.6766 3803.9 7.6552 "" "" 0.0028381943017799557 0.00859986 0.0043655424 0.012965402 305.47323541608 39.37030015316 1663.7052 -5.49 -8.467999999999998 -3.564432373046875 -3.043148582458496 0.12391184 0.124911845 "" "" 36.95979277299825 "" 4.595374412616319 ""
305.02072924548 39.31639917969 0.0368 0.046 0.4635 "" "" 2061461710841438208 2309.04688 0.4034 0.0504 -1.954 -5.454 0.051 0.056 1.014 8945.8 4.2693 16.800095 1.732413 17.627104 15.89469 "" "" 2092.39868 2515.94727 3588.46815 2.1762 1215.0 12.178 3477.6 10.809 "" "" 0.002832901023682369 0.01123438 0.005066761 0.01630114 305.02072924548 39.31639917969 2309.04688 -1.9539999999999997 -5.453999999999999 -0.02843237304687496 -0.02914858245849583 0.12391184 0.12891185 "" "" 0.44566502638473293 "" 0.05637605575554496 ""
304.93108777861 38.9614716362 0.039 0.046 22.0609 "" "" 2061400791023254400 1812.26477 0.536 0.0509 -1.538 -2.712 0.051 0.059 1.09 6019.4 4.4555 16.800882 1.805036 17.531656 15.726621 "" "" 1691.65442 1973.75085 3585.86154 2.3848 1326.6 21.432 4059.8 104.09 "" "" 0.0028483649176280893 0.017761232 0.028092785 0.045854017 304.93108777861 38.9614716362 1812.26477 -1.538000000000002 -2.711999999999999 0.38756762695312497 2.7128514175415037 0.12391184 0.13191184 "" "" 23.540373567397662 "" 3.1015993645899 ""
304.72960221063 39.43988252991 0.0401 0.0425 15.0143 "" "" 2061472980835786624 1837.60925 0.5127 0.0497 -2.895 -6.607 0.056 0.055 1.042 8930.5 4.3362 16.801325 1.591442 17.527983 15.936541 "" "" 1698.27515 2053.85742 3584.40161 3.2868 1331.1 6.9294 3346.1 12.605 "" "" 0.002929674146721975 0.0063032685 0.00556886 0.011872129 304.72960221063 39.43988252991 1837.60925 -2.895 -6.607000000000006 -0.969432373046875 -1.1821485824584963 0.12891185 0.12791184 "" "" 13.316385550814278 "" 1.708690300437749 ""
305.07679574551 39.09635195163 0.0414 0.0581 13.9015 "" "" 2061403471083065344 2305.60498 0.4284 0.0586 -5.605 -5.858 0.055 0.079 1.22 "" "" 16.80183 1.757471 17.612562 15.855091 "" "" 2055.75635 2648.66162 3582.73735 3.2014 1231.4 11.86 3606.8 10.242 "" "" 0.002921134282074911 0.010822904 0.004877418 0.015700322 305.07679574551 39.09635195163 2305.60498 -5.605 -5.858000000000004 -3.6794323730468754 -0.43314858245849575 0.12791184 0.15191185 "" "" 40.48859567001598 "" 5.193478855062045 ""
304.73702843123 39.39908066896 0.0384 0.041 13.7191 "" "" 2061472293642493952 2405.6189 0.3987 0.0487 -3.335 -4.907 0.056 0.054 1.007 9309.1 4.2676 16.805822 1.477529 17.47895 16.001421 "" "" 2142.17114 2726.89819 3569.58376 2.0484 1392.6 7.1608 3152.0 8.8566 "" "" 0.0028248855155785456 0.006241295 0.0048570298 0.011098325 304.73702843123 39.39908066896 2405.6189 -3.3349999999999973 -4.907000000000002 -1.409432373046875 0.5178514175415039 0.12891185 0.12691185 "" "" 17.12169015713596 "" 2.203143778897489 ""
304.98431080154 39.21178954449 0.0379 0.0463 6.8452 "" "" 2061408040928332032 1651.42651 0.5928 0.0518 5.166 -1.828 0.05 0.061 1.013 4811.9 4.2453 16.806356 1.766333 17.642904 15.876572 "" "" 1533.60413 1836.78296 3567.83309 2.2277 1197.4 7.3666 3536.1 14.862 "" "" 0.0028374919883764537 0.0072389534 0.0059251366 0.01316409 304.98431080154 39.21178954449 1651.42651 5.166 -1.8280000000000014 7.091567626953125 3.5968514175415036 0.12291184 0.13391185 "" "" 62.24309618913087 "" 7.795403291622818 ""
305.09250818516 39.07288325465 0.0854 0.1062 15.4348 "" "" 2061402715168810496 1798.87805 0.588 0.1128 -3.599 -5.681 0.11 0.133 2.496 "" "" 16.807043 2.265572 17.709251 15.44368 "" "" 1445.22498 2323.07617 3565.57276 5.4698 1126.5 9.733 5268.5 23.404 "" "" 0.0032196208478878488 0.009786952 0.00612749 0.015914442 305.09250818516 39.07288325465 1798.87805 -3.5989999999999975 -5.680999999999999 -1.6734323730468752 -0.25614858245849614 0.18291184 0.20591184 "" "" 14.435015292368359 "" 2.6484015203044597 ""
304.59856930209 39.15296703244 0.0384 0.0467 21.9237 "" "" 2061363510723227904 1803.1106 0.5488 0.0499 -3.329 -2.574 0.049 0.057 1.034 5043.5 4.6061 16.807055 1.42193 17.453888 16.031958 "" "" 1657.86609 2013.33508 3565.54004 2.0904 1425.2 7.3543 3064.6 7.5909 "" "" 0.002827892776514196 0.00625893 0.004638557 0.010897487 304.59856930209 39.15296703244 1803.1106 -3.328999999999999 -2.573999999999999 -1.4034323730468752 2.850851417541504 0.12191184 0.12991184 "" "" 27.157911897838318 "" 3.4868156237455525 ""
304.900207267 39.04409624936 0.0351 0.0422 17.5913 "" "" 2061404428850685312 1812.07629 0.5459 0.0478 -3.221 -5.58 0.045 0.054 0.958 4765.7 4.2949 16.808994 1.609418 17.560614 15.951196 "" "" 1638.77637 1993.47485 3559.17112 1.9229 1291.7 8.4977 3301.3 9.3898 "" "" 0.0028170682018972084 0.007668351 0.004880602 0.012548953 304.900207267 39.04409624936 1812.07629 -3.221 -5.58 -1.295432373046875 -0.15514858245849616 0.117911845 0.12691185 "" "" 11.206298036089887 "" 1.3228351012531925 ""
305.12681771269 39.05950339104 0.0366 0.0472 16.6401 "" "" 2061402543370105344 1951.95947 0.495 0.0505 -2.056 -3.576 0.05 0.059 0.987 "" "" 16.80979 1.885521 17.743174 15.857653 "" "" 1782.65857 2186.45361 3556.56669 2.1761 1091.8 8.3535 3598.3 9.0452 "" "" 0.002834272397134314 0.008763163 0.004661823 0.013424987 305.12681771269 39.05950339104 1951.95947 -2.056 -3.5760000000000005 -0.13043237304687505 1.8488514175415038 0.12291184 0.13191184 "" "" 17.148621200972883 "" 2.261367865796562 ""
304.62731986712 39.20609249177 0.0383 0.0453 19.3751 "" "" 2061363953085523584 2297.8501 0.4284 0.0512 -4.836 -7.705 0.05 0.054 0.908 5026.6 4.3265 16.81089 1.448818 17.463875 16.015057 "" "" 2068.40381 2599.39795 3552.96097 2.0462 1412.1 9.7014 3112.7 7.4624 "" "" 0.0028253810110853194 0.00796398 0.004589016 0.012552995 304.62731986712 39.20609249177 2297.8501 -4.836 -7.705 -2.9104323730468753 -2.280148582458496 0.12291184 0.12691185 "" "" 40.269796478751246 "" 5.011509299137179 ""
305.0447162615 38.97085561146 0.0366 0.0457 21.1832 "" "" 2061400340041622016 1902.93616 0.4925 0.0482 0.008 -3.0 0.047 0.056 0.988 4808.0 4.2896 16.810923 1.759926 17.663744 15.903818 "" "" 1787.47571 2057.23145 3552.85486 2.1728 1174.7 7.6809 3448.5 9.3217 "" "" 0.0028341987304405293 0.0076278243 0.0047851023 0.012412926 305.0447162615 38.97085561146 1902.93616 0.007999999999999563 -2.999999999999999 1.933567626953125 2.424851417541504 0.11991184 0.12891185 "" "" 27.974235425539476 "" 3.510495612651898 ""
304.77385933783 39.12393311958 0.0374 0.042 16.4206 "" "" 2061452742949399552 2011.12756 0.4938 0.0502 -4.8 -4.069 0.05 0.056 1.043 4939.5 4.3703 16.811228 1.372719 17.394012 16.021294 "" "" 1834.9519 2211.0376 3551.85712 1.984 1506.0 13.607 3094.9 19.797 "" "" 0.0028212758086057794 0.010198917 0.0079068225 0.01810574 304.77385933783 39.12393311958 2011.12756 -4.799999999999999 -4.068999999999999 -2.874432373046875 1.355851417541504 0.12291184 0.12891185 "" "" 30.296578011128418 "" 3.7575468871579645 ""
304.5516833892 39.34317079038 0.0391 0.0449 21.5818 "" "" 2061471400287482496 2096.36499 0.4481 0.051 -1.278 -9.806 0.05 0.057 0.982 "" "" 16.81148 2.172896 17.941109 15.768212 "" "" 1909.8208 2308.39209 3551.03603 2.3717 909.86 6.2704 3907.3 7.1306 "" "" 0.002849146311608077 0.007985763 0.0042672823 0.012253046 304.5516833892 39.34317079038 2096.36499 -1.2779999999999987 -9.805999999999997 0.647567626953125 -4.381148582458495 0.12291184 0.12991184 "" "" 44.007448124821174 "" 5.7106762378765055 ""
305.12018570901 39.19275679615 0.0376 0.0477 9.2025 "" "" 2061409930714124416 1682.27368 0.5792 0.0508 -1.447 -6.121 0.052 0.063 1.051 6015.1 4.4416 16.811815 1.594571 17.526068 15.931497 "" "" 1559.53699 1933.72021 3549.93734 2.3644 1333.5 20.494 3361.7 9.4284 "" "" 0.0028486358180789683 0.016917892 0.0048534973 0.02177139 305.12018570901 39.19275679615 1682.27368 -1.447 -6.121 0.47856762695312494 -0.6961485824584965 0.124911845 0.13591185 "" "" 6.736240326408863 "" 0.892425549873021 ""
304.69777254318 39.1115195608 0.0353 0.0421 19.4976 "" "" 2061359765511548160 2056.13916 0.4703 0.0476 -7.135 -8.548 0.047 0.053 1.012 5578.4 4.5513 16.81229 1.424852 17.466087 16.041235 "" "" 1858.23877 2279.29248 3548.38607 1.8744 1409.2 7.7747 3038.5 7.8537 "" "" 0.0028143783324122164 0.0066080675 0.00470736 0.011315428 304.69777254318 39.1115195608 2056.13916 -7.135 -8.548 -5.209432373046875 -3.123148582458496 0.11991184 0.12591185 "" "" 59.196819635756384 "" 7.1940126473902 ""
