Clusters/Trumpler_1/Trumpler_1_members.tsv
# %ECSV 1.0
# ---
# datatype:
# - name: RA_ICRS_1
#   unit: deg
#   datatype: float64
#   format: '{:15.11f}'
#   description: Right ascension (ICRS) at Ep=2016.0 (ra)
#   meta: !!omap
#   - {ucd: POS_EQ_RA_MAIN}
#   - {width: 15}
#   - {precision: '11'}
# - name: DE_ICRS_1
#   unit: deg
#   datatype: float64
#   format: '{:15.11f}'
#   description: Declination (ICRS) at Ep=2016.0 (dec)
#   meta: !!omap
#   - {ucd: POS_EQ_DEC_MAIN}
#   - {width: 15}
#   - {precision: '11'}
# - name: e_RA_ICRS
#   unit: mas
#   datatype: float64
#   format: '{:7.4f}'
#   description: Standard error of right ascension (ra_error)
#   meta: !!omap
#   - {ucd: ERROR}
#   - {width: 7}
#   - {precision: '4'}
# - name: e_DE_ICRS
#   unit: mas
#   datatype: float64
#   format: '{:7.4f}'
#   description: Standard error of declination (dec_error)
#   meta: !!omap
#   - {ucd: ERROR}
#   - {width: 7}
#   - {precision: '4'}
# - name: _r_1
#   unit: ''
#   datatype: float64
#   format: '{:7.4f}'
#   description: Distance from center (023.92271746000+61.28500007000)[ICRS], at Epoch=J2016.0
#   meta: !!omap
#   - {ucd: POS_ANG_DIST_GENERAL}
#   - {width: 7}
#   - {precision: '4'}
# - name: HIP
#   datatype: int32
#   description: '? HIP cross-id number, van Leeuwen, Cat. I/311 (hip_original_ext_source_id)'
#   meta: !!omap
#   - {ucd: ID_NUMBER}
#   - {width: 6}
#   - values: {'null': -2147483648}
# - name: TYC2
#   datatype: string
#   description: Tycho-2 cross-id name, Hog et al., Cat. I/259 (tyc2_original_ext_source_id)
#   meta: !!omap
#   - {ucd: ID_CROSSID}
#   - {_votable_string_dtype: char}
# - name: Source
#   datatype: int64
#   description: Source identifier, identical to the Gaia-EDR3 source_id (id)
#   meta: !!omap
#   - {ucd: ID_MAIN}
#   - {width: 19}
# - name: rgeo
#   unit: pc
#   datatype: float64
#   format: '{:15.8f}'
#   description: '? Median of the geometric distance posterior (r_med_geo)'
#   meta: !!omap
#   - {ucd: PHYS_DISTANCE_TRUE}
#   - {width: 15}
#   - {precision: '8'}
#   - values: {'null': .nan}
# - name: Plx
#   unit: mas
#   datatype: float64
#   format: '{:9.4f}'
#   description: '? Parallax (parallax)'
#   meta: !!omap
#   - {ucd: POS_PARLX_TRIG}
#   - {width: 9}
#   - {precision: '4'}
#   - values: {'null': .nan}
# - name: e_Plx
#   unit: mas
#   datatype: float32
#   format: '{:7.4f}'
#   description: '? Standard error of parallax (parallax_error)'
#   meta: !!omap
#   - {ucd: ERROR}
#   - {width: 7}
#   - {precision: '4'}
#   - values: {'null': .nan}
# - name: pmRA
#   unit: mas / yr
#   datatype: float64
#   format: '{:9.3f}'
#   description: '? Proper motion in right ascension direction, pmRA*cosDE (pmra)'
#   meta: !!omap
#   - {ucd: POS_EQ_PMRA}
#   - {width: 9}
#   - {precision: '3'}
#   - values: {'null': .nan}
# - name: pmDE
#   unit: mas / yr
#   datatype: float64
#   format: '{:9.3f}'
#   description: '? Proper motion in declination direction (pmdec)'
#   meta: !!omap
#   - {ucd: POS_EQ_PMDEC}
#   - {width: 9}
#   - {precision: '3'}
#   - values: {'null': .nan}
# - name: e_pmRA
#   unit: mas / yr
#   datatype: float32
#   format: '{:6.3f}'
#   description: '? Standard error of proper motion in right ascension direction (pmra_error)'
#   meta: !!omap
#   - {ucd: ERROR}
#   - {width: 6}
#   - {precision: '3'}
#   - values: {'null': .nan}
# - name: e_pmDE
[...]
#         unit: &id001 !astropy.units.Unit {unit: deg}
#         value: !astropy.table.SerializedColumn {name: SkyCoord.dec}
#       distance: !astropy.table.SerializedColumn
#         __class__: astropy.coordinates.distances.Distance
#         unit: !astropy.units.Unit {unit: pc}
#         value: !astropy.table.SerializedColumn {name: SkyCoord.distance}
#       frame: icrs
#       obstime: !astropy.time.Time {format: jyear_str, in_subfmt: '*', jd1: 367701545.0, jd2: 0.0, out_subfmt: '*', precision: 3, scale: tt}
#       pm_dec: !astropy.table.SerializedColumn
#         __class__: astropy.units.quantity.Quantity
#         unit: !astropy.units.Unit {unit: mas / yr}
#         value: !astropy.table.SerializedColumn {name: SkyCoord.pm_dec}
#       pm_ra_cosdec: !astropy.table.SerializedColumn
#         __class__: astropy.units.quantity.Quantity
#         unit: !astropy.units.Unit {unit: mas / yr}
#         value: !astropy.table.SerializedColumn {name: SkyCoord.pm_ra_cosdec}
#       ra: !astropy.table.SerializedColumn
#         __class__: astropy.coordinates.angles.Longitude
#         unit: *id001
#         value: !astropy.table.SerializedColumn {name: SkyCoord.ra}
#         wrap_angle: !astropy.coordinates.Angle
#           unit: *id001
#           value: 360.0
#       representation_type: spherical
# schema: astropy-2.0
RA_ICRS_1 DE_ICRS_1 e_RA_ICRS e_DE_ICRS _r_1 HIP TYC2 Source rgeo Plx e_Plx pmRA pmDE e_pmRA e_pmDE RUWE Teff logg Gmag BP-RP BPmag RPmag RV e_RV b_rgeo B_rgeo FG e_FG FBP e_FBP FRP e_FRP RAVE5 RAVE6 e_Gmag e_BPmag e_RPmag e_BP-RP SkyCoord.ra SkyCoord.dec SkyCoord.distance SkyCoord.pm_ra_cosdec SkyCoord.pm_dec Pmemb
23.89877957968 61.32788093911 0.0127 0.0158 2.6637 7416 4031-523-1 509979507594269952 2856.47266 0.3093 0.0215 -1.689 -0.633 0.016 0.021 1.193 19744.9 3.7453 11.167357 0.577352 11.373969 10.796617 "" "" 2679.24121 3064.28394 642694.02743 1625.7 385330.0 2273.9 380640.0 3437.0 "" "" 0.003890293726198381 0.006988292 0.010506949 0.017495241 23.89877957968 61.32788093911 2856.47266 -1.689 -0.633 0.8
23.94540405891 61.2746509175 0.0066 0.0081 0.9019 "" 4031-701-1 509978339363223936 2651.57812 0.3536 0.0114 -1.757 -0.686 0.008 0.011 0.883 14739.7 3.8912 12.332448 0.522745 12.52087 11.998125 "" "" 2573.22021 2726.95312 219769.6016 42.649 133990.0 93.205 125870.0 60.538 "" "" 0.002763364633521192 0.0028905799 0.0038152866 0.006705866 23.94540405891 61.2746509175 2651.57812 -1.7569999999999997 -0.6859999999999997 1.0
23.94017026805 61.23180812709 0.0081 0.0095 3.231 "" "" 509977892686675328 2729.57275 0.348 0.0138 -1.702 -0.783 0.01 0.013 1.073 6463.2 3.2058 12.379182 0.552752 12.580913 12.02816 "" "" 2629.09717 2846.40918 210510.59459 37.968 126780.0 60.309 122430.0 50.75 "" "" 0.0027622702291610116 0.0028375697 0.003806085 0.006643655 23.94017026805 61.23180812709 2729.57275 -1.7020000000000002 -0.783 0.8
23.93084012041 61.28754195683 0.0064 0.0077 0.2794 "" "" 509978541211782912 2509.16553 0.3766 0.0113 -1.665 -0.685 0.008 0.01 0.895 14714.7 3.7048 12.404718 0.588639 12.622436 12.033796 "" "" 2444.83179 2569.10571 205617.16646 31.882 122020.0 68.244 121800.0 46.906 "" "" 0.0027604584372526147 0.0028554832 0.0038024406 0.0066579236 23.93084012041 61.28754195683 2509.16553 -1.6650000000000003 -0.6849999999999999 1.0
24.00131718645 61.35845567973 0.0073 0.0089 4.9544 "" "" 510002700418972416 2406.83228 0.3923 0.0125 -1.69 -0.683 0.009 0.011 0.946 14020.3 3.7548 12.768793 0.623544 13.001747 12.378203 "" "" 2311.06274 2484.77344 147038.01013 23.201 86043.0 45.844 88690.0 23.943 "" "" 0.002760641056774359 0.0028495074 0.0037907308 0.006640238 24.00131718645 61.35845567973 2406.83228 -1.69 -0.683 0.9
23.94393522039 61.27605754672 0.0107 0.013 0.8137 "" "" 509978339363221504 2644.66187 0.3544 0.0184 -1.584 -0.679 0.013 0.017 1.129 12106.0 3.6734 12.982118 0.662867 13.210395 12.547528 "" "" 2531.40576 2778.45068 120809.11977 24.273 71000.0 105.2 75883.0 276.82 "" "" 0.002763942339493964 0.003220721 0.005474601 0.008695322 23.94393522039 61.27605754672 2644.66187 -1.584 -0.679 0.9
23.91361789464 61.29471592131 0.0078 0.0093 0.6392 "" "" 509978614241105280 2569.67529 0.357 0.0134 -1.626 -0.581 0.01 0.012 0.937 12104.8 3.9557 13.363614 0.678818 13.619496 12.940679 "" "" 2480.96582 2658.86621 85016.11346 13.92 48710.0 26.569 52831.0 26.535 "" "" 0.0027610490999589376 0.0028523272 0.0038185213 0.0066708485 23.91361789464 61.29471592131 2569.67529 -1.626 -0.5809999999999998 1.0
23.87358956973 61.2784866759 0.0082 0.01 1.4693 "" "" 509978197614400640 2621.01099 0.35 0.0138 -1.729 -0.664 0.01 0.014 1.018 12616.5 3.7753 13.676462 0.642439 13.915185 13.272746 "" "" 2542.53784 2726.8562 63732.61523 10.5 37097.0 22.68 38910.0 19.219 "" "" 0.0027611204238842013 0.0028680414 0.0038172407 0.006685282 23.87358956973 61.2784866759 2621.01099 -1.729 -0.6639999999999999 0.9
23.99576560306 61.28315728112 0.0082 0.0103 2.1087 "" "" 509978408083171072 2643.88623 0.3469 0.0142 -1.602 -0.583 0.01 0.014 1.049 12279.3 3.8095 13.766235 0.744366 14.049076 13.30471 "" "" 2557.61548 2759.00928 58674.94424 11.948 32793.0 19.509 37781.0 16.167 "" "" 0.0027641761310649117 0.0028639587 0.0038078316 0.00667179 23.99576560306 61.28315728112 2643.88623 -1.6019999999999999 -0.5829999999999997 0.9
23.90916032633 61.31440383324 0.0088 0.0107 1.807 "" "" 509978717320299520 2588.66675 0.3578 0.015 -1.737 -0.608 0.011 0.014 1.0 6722.9 3.4782 13.778103 0.680642 14.032146 13.351504 "" "" 2494.21509 2718.90527 58037.08087 31.289 33309.0 65.942 36187.0 50.4 "" "" 0.0028168095149113045 0.0035220915 0.004070676 0.0075927675 23.90916032633 61.31440383324 2588.66675 -1.737 -0.6080000000000001 0.8
23.90926079708 61.27420272118 0.0088 0.0108 0.7551 "" "" 509978511161916672 2510.04517 0.3699 0.0153 -1.65 -0.613 0.011 0.014 0.969 12140.3 3.839 13.830084 0.579168 14.043475 13.464307 "" "" 2415.7312 2593.23315 55323.95059 12.389 32963.0 23.49 32616.0 19.674 "" "" 0.002766026753664452 0.0028954588 0.0038357063 0.006731165 23.90926079708 61.27420272118 2510.04517 -1.6500000000000001 -0.613 1.0
23.90430218088 61.2916229374 0.0098 0.0118 0.6631 "" "" 509978614241108224 2591.46729 0.356 0.0167 -1.509 -0.59 0.012 0.016 1.057 10840.6 4.0182 13.991293 0.759801 14.285694 13.525893 "" "" 2498.58862 2713.65967 47690.25822 9.1163 26372.0 19.696 30818.0 15.22 "" "" 0.0027631258595692855 0.0029056123 0.0038172302 0.0067228423 23.90430218088 61.2916229374 2591.46729 -1.5090000000000003 -0.5900000000000001 0.8
23.89548735461 61.28769875832 0.0101 0.0126 0.8015 "" "" 509978579881376640 2763.10498 0.3375 0.0175 -1.665 -0.555 0.013 0.017 1.019 11178.8 3.7998 14.072041 0.782517 14.370228 13.58771 "" "" 2630.04858 2876.91504 44272.11688 11.572 24396.0 34.7 29112.0 19.455 "" "" 0.002769896775624519 0.0031890357 0.003848401 0.0070374366 23.89548735461 61.28769875832 2763.10498 -1.6650000000000003 -0.555 0.9
23.87822686104 61.31346200571 0.011 0.0131 2.1353 "" "" 509979370155329664 2664.93408 0.348 0.0182 -1.53 -0.59 0.014 0.017 0.978 11956.6 3.8877 14.25504 0.70832 14.523184 13.814864 "" "" 2555.75342 2792.69604 37405.07349 7.2273 21191.0 13.04 23616.0 11.804 "" "" 0.0027632948136360994 0.0028690458 0.0038181453 0.0066871913 23.87822686104 61.31346200571 2664.93408 -1.53 -0.59 0.8
23.85282749394 61.31223079044 0.0101 0.0124 2.5933 "" "" 509979438875289216 2616.63599 0.3531 0.0175 -1.63 -0.625 0.013 0.017 0.972 11470.8 4.0128 14.263459 0.713046 14.535177 13.822131 "" "" 2488.85132 2734.65161 37116.16737 7.8545 20958.0 16.853 23459.0 13.652 "" "" 0.0027648834229834513 0.002923578 0.0038318345 0.0067554126 23.85282749394 61.31223079044 2616.63599 -1.6300000000000001 -0.625 0.9
23.93916131852 61.309385771 0.0114 0.0138 1.538 "" "" 509978682960564992 2565.37646 0.3568 0.0197 -1.619 -0.577 0.015 0.018 1.009 10893.3 3.9716 14.508171 0.736288 14.791125 14.054837 "" "" 2430.93359 2694.17969 29626.35022 5.9127 16556.0 12.955 18933.0 11.936 "" "" 0.002763827505005308 0.002916649 0.0038408653 0.0067575146 23.93916131852 61.309385771 2565.37646 -1.6189999999999998 -0.577 1.0
23.92011244086 61.27315490957 0.012 0.0149 0.7147 "" "" 509978511161917696 2713.27417 0.3358 0.0208 -1.587 -0.583 0.015 0.02 0.964 9290.7 4.0559 14.678928 0.777656 14.981631 14.203976 "" "" 2586.41284 2847.18701 25314.85469 4.518 13892.0 15.903 16503.0 14.2 "" "" 0.002762125575586444 0.0030544829 0.0038931344 0.006947617 23.92011244086 61.27315490957 2713.27417 -1.5869999999999997 -0.583 1.0
23.87746868596 61.27012177177 0.0118 0.0143 1.5809 "" "" 509978201924276992 2651.71069 0.3469 0.0197 -1.642 -0.574 0.015 0.02 0.993 9870.7 3.8938 14.705637 0.68205 14.9598 14.27775 "" "" 2528.97388 2815.63135 24699.70575 4.5539 14174.0 14.188 15419.0 14.374 "" "" 0.002762582228466189 0.0029943616 0.0039125667 0.0069069285 23.87746868596 61.27012177177 2651.71069 -1.6420000000000001 -0.5740000000000003 0.8
23.93878220403 61.25708032174 0.0116 0.0139 1.7381 "" "" 509978305003507968 2717.05103 0.3372 0.0197 -1.643 -0.682 0.015 0.019 0.993 10680.3 3.8545 14.72228 0.680879 14.976255 14.295377 "" "" 2576.35938 2864.69678 24323.99386 5.5041 13961.0 12.82 15171.0 12.072 "" "" 0.0027662519251216828 0.0029629478 0.0038768724 0.00683982 23.93878220403 61.25708032174 2717.05103 -1.6429999999999998 -0.682 1.0
23.89048514022 61.31191095666 0.0144 0.0168 1.8627 "" "" 509979473234545536 2664.62915 0.343 0.0239 -1.667 -0.59 0.017 0.022 1.044 9044.3 3.5626 15.045081 0.808557 15.360174 14.551618 "" "" 2519.57495 2829.62866 18068.17448 3.9678 9802.7 11.132 11981.0 9.7513 "" "" 0.0027656171065444106 0.003050452 0.003881316 0.006931768 23.89048514022 61.31191095666 2664.62915 -1.6670000000000003 -0.5900000000000001 1.0
23.99652045434 61.27031929387 0.0147 0.0198 2.3031 "" "" 509978373722967296 2293.15625 0.4221 0.0273 -1.611 -0.553 0.018 0.026 1.006 10014.1 4.0298 15.211994 0.827278 15.532426 14.705148 "" "" 2131.42041 2475.07275 15493.48462 3.6418 8364.6 9.1167 10402.0 11.694 "" "" 0.002767113952492415 0.0030307407 0.003971596 0.0070023364 23.99652045434 61.27031929387 2293.15625 -1.6110000000000002 -0.5530000000000002 0.9
23.93425853045 61.24957130238 0.0146 0.0174 2.1516 "" "" 509977927046394240 2731.72949 0.3441 0.0243 -1.64 -0.547 0.018 0.023 0.995 7950.2 3.5781 15.268748 0.947067 15.638849 14.691782 "" "" 2579.43286 2910.80444 14704.40287 2.9188 7583.6 11.061 10530.0 15.081 "" "" 0.0027637360448668495 0.0032082412 0.004086772 0.0072950134 23.93425853045 61.24957130238 2731.72949 -1.6399999999999997 -0.547 0.8
23.95232564416 61.27359444822 0.0153 0.0186 1.0941 "" "" 509978339363225216 2707.93604 0.3359 0.0262 -1.701 -0.542 0.019 0.025 0.988 9259.4 3.9712 15.275473 0.851921 15.614795 14.762874 "" "" 2553.43066 2957.39453 14613.61368 3.2309 7753.5 10.678 9863.0 9.2827 "" "" 0.002765756741498291 0.0031655724 0.0039150883 0.0070806607 23.95232564416 61.27359444822 2707.93604 -1.7009999999999996 -0.542 1.0
24.03365478648 61.29410544074 0.0173 0.0211 3.2439 "" "" 509998955207526144 2712.95483 0.3449 0.0278 -1.59 -0.574 0.022 0.028 1.029 10016.9 4.2238 15.360039 0.953221 15.742018 14.788796 "" "" 2534.57544 2932.23779 13518.58499 2.9832 6896.2 9.2265 9630.3 9.0484 "" "" 0.002765717729192131 0.0031456552 0.003914639 0.007060294 24.03365478648 61.29410544074 2712.95483 -1.5900000000000003 -0.574 0.8
23.86501524903 61.25945172868 0.0156 0.0195 2.2625 "" "" 509978167564552960 2848.99023 0.3195 0.0271 -1.651 -0.576 0.02 0.027 0.983 9960.8 4.3202 15.454626 0.843656 15.755664 14.912008 "" "" 2669.47803 3080.96045 12390.71857 3.1017 6810.1 29.654 8597.2 50.438 "" "" 0.0027686923286562234 0.0054896832 0.007406615 0.012896298 23.86501524903 61.25945172868 2848.99023 -1.651 -0.5759999999999998 1.0
23.88495785648 61.24970968722 0.0181 0.0223 2.3811 "" "" 509978098845086720 2478.57373 0.3803 0.0307 -1.806 -0.752 0.023 0.03 1.132 8559.4 3.5267 15.504527 0.826576 15.828458 15.001882 "" "" 2284.50562 2741.11377 11834.11996 2.927 6368.4 8.4239 7914.2 7.6619 "" "" 0.002768375664736826 0.0031380958 0.003922829 0.0070609245 23.88495785648 61.24970968722 2478.57373 -1.806 -0.7520000000000001 0.9
23.86975112139 61.25632107271 0.0219 0.0266 2.301 "" "" 509978167564555648 2430.55615 0.391 0.0364 -1.622 -0.539 0.028 0.037 1.055 7999.6 3.9374 16.045269 1.023107 16.466402 15.443295 "" "" 2251.0061 2654.23047 7191.8305 2.2333 3538.8 7.0085 5270.4 9.76 "" "" 0.002775871772673735 0.0035226007 0.004280926 0.0078035267 23.86975112139 61.25632107271 2430.55615 -1.6219999999999999 -0.539 0.9
23.98037019482 61.25347807501 0.0222 0.0282 2.5183 "" "" 509978270643773056 2253.7793 0.4207 0.0375 -1.623 -0.561 0.027 0.039 1.02 8716.5 4.267 16.072874 1.079723 16.522684 15.442961 "" "" 2072.13208 2435.01831 7011.28228 2.4806 3360.0 9.1676 5272.0 8.6038 "" "" 0.00278196853068666 0.0040694885 0.004174129 0.008243618 23.98037019482 61.25347807501 2253.7793 -1.6230000000000002 -0.5610000000000003 1.0
