Clusters/Trumpler_1/Trumpler_1_stars_in_region.tsv
# %ECSV 1.0
# ---
# datatype:
# - name: RA_ICRS_1
#   unit: deg
#   datatype: float64
#   format: '{:15.11f}'
#   description: Right ascension (ICRS) at Ep=2016.0 (ra)
#   meta: !!omap
#   - {ucd: POS_EQ_RA_MAIN}
#   - {width: 15}
#   - {precision: '11'}
# - name: DE_ICRS_1
#   unit: deg
#   datatype: float64
#   format: '{:15.11f}'
#   description: Declination (ICRS) at Ep=2016.0 (dec)
#   meta: !!omap
#   - {ucd: POS_EQ_DEC_MAIN}
#   - {width: 15}
#   - {precision: '11'}
# - name: e_RA_ICRS
#   unit: mas
#   datatype: float64
#   format: '{:7.4f}'
#   description: Standard error of right ascension (ra_error)
#   meta: !!omap
#   - {ucd: ERROR}
#   - {width: 7}
#   - {precision: '4'}
# - name: e_DE_ICRS
#   unit: mas
#   datatype: float64
#   format: '{:7.4f}'
#   description: Standard error of declination (dec_error)
#   meta: !!omap
#   - {ucd: ERROR}
#   - {width: 7}
#   - {precision: '4'}
# - name: _r_1
#   unit: ''
#   datatype: float64
#   format: '{:7.4f}'
#   description: Distance from center (023.92271746000+61.28500007000)[ICRS], at Epoch=J2016.0
#   meta: !!omap
#   - {ucd: POS_ANG_DIST_GENERAL}
#   - {width: 7}
#   - {precision: '4'}
# - name: HIP
#   datatype: int32
#   description: '? HIP cross-id number, van Leeuwen, Cat. I/311 (hip_original_ext_source_id)'
#   meta: !!omap
#   - {ucd: ID_NUMBER}
#   - {width: 6}
#   - values: {'null': -2147483648}
# - name: TYC2
#   datatype: string
#   description: Tycho-2 cross-id name, Hog et al., Cat. I/259 (tyc2_original_ext_source_id)
#   meta: !!omap
#   - {ucd: ID_CROSSID}
#   - {_votable_string_dtype: char}
# - name: Source
#   datatype: int64
#   description: Source identifier, identical to the Gaia-EDR3 source_id (id)
#   meta: !!omap
#   - {ucd: ID_MAIN}
#   - {width: 19}
# - name: rgeo
#   unit: pc
#   datatype: float64
#   format: '{:15.8f}'
#   description: '? Median of the geometric distance posterior (r_med_geo)'
#   meta: !!omap
#   - {ucd: PHYS_DISTANCE_TRUE}
#   - {width: 15}
#   - {precision: '8'}
#   - values: {'null': .nan}
# - name: Plx
#   unit: mas
#   datatype: float64
#   format: '{:9.4f}'
#   description: '? Parallax (parallax)'
#   meta: !!omap
#   - {ucd: POS_PARLX_TRIG}
#   - {width: 9}
#   - {precision: '4'}
#   - values: {'null': .nan}
# - name: e_Plx
#   unit: mas
#   datatype: float32
#   format: '{:7.4f}'
#   description: '? Standard error of parallax (parallax_error)'
#   meta: !!omap
#   - {ucd: ERROR}
#   - {width: 7}
#   - {precision: '4'}
#   - values: {'null': .nan}
# - name: pmRA
#   unit: mas / yr
#   datatype: float64
#   format: '{:9.3f}'
#   description: '? Proper motion in right ascension direction, pmRA*cosDE (pmra)'
#   meta: !!omap
#   - {ucd: POS_EQ_PMRA}
#   - {width: 9}
#   - {precision: '3'}
#   - values: {'null': .nan}
# - name: pmDE
#   unit: mas / yr
#   datatype: float64
#   format: '{:9.3f}'
#   description: '? Proper motion in declination direction (pmdec)'
#   meta: !!omap
#   - {ucd: POS_EQ_PMDEC}
#   - {width: 9}
#   - {precision: '3'}
#   - values: {'null': .nan}
# - name: e_pmRA
#   unit: mas / yr
#   datatype: float32
#   format: '{:6.3f}'
#   description: '? Standard error of proper motion in right ascension direction (pmra_error)'
#   meta: !!omap
#   - {ucd: ERROR}
#   - {width: 6}
#   - {precision: '3'}
#   - values: {'null': .nan}
# - name: e_pmDE
[...]
#         unit: &id001 !astropy.units.Unit {unit: deg}
#         value: !astropy.table.SerializedColumn {name: SkyCoord.dec}
#       distance: !astropy.table.SerializedColumn
#         __class__: astropy.coordinates.distances.Distance
#         unit: !astropy.units.Unit {unit: pc}
#         value: !astropy.table.SerializedColumn {name: SkyCoord.distance}
#       frame: icrs
#       obstime: !astropy.time.Time {format: jyear_str, in_subfmt: '*', jd1: 367701545.0, jd2: 0.0, out_subfmt: '*', precision: 3, scale: tt}
#       pm_dec: !astropy.table.SerializedColumn
#         __class__: astropy.units.quantity.Quantity
#         unit: !astropy.units.Unit {unit: mas / yr}
#         value: !astropy.table.SerializedColumn {name: SkyCoord.pm_dec}
#       pm_ra_cosdec: !astropy.table.SerializedColumn
#         __class__: astropy.units.quantity.Quantity
#         unit: !astropy.units.Unit {unit: mas / yr}
#         value: !astropy.table.SerializedColumn {name: SkyCoord.pm_ra_cosdec}
#       ra: !astropy.table.SerializedColumn
#         __class__: astropy.coordinates.angles.Longitude
#         unit: *id001
#         value: !astropy.table.SerializedColumn {name: SkyCoord.ra}
#         wrap_angle: !astropy.coordinates.Angle
#           unit: *id001
#           value: 360.0
#       representation_type: spherical
# schema: astropy-2.0
RA_ICRS_1 DE_ICRS_1 e_RA_ICRS e_DE_ICRS _r_1 HIP TYC2 Source rgeo Plx e_Plx pmRA pmDE e_pmRA e_pmDE RUWE Teff logg Gmag BP-RP BPmag RPmag RV e_RV b_rgeo B_rgeo FG e_FG FBP e_FBP FRP e_FRP RAVE5 RAVE6 e_Gmag e_BPmag e_RPmag e_BP-RP SkyCoord.ra SkyCoord.dec SkyCoord.distance SkyCoord.pm_ra_cosdec SkyCoord.pm_dec
[from data line 202]
23.64128173345 61.25844494472 0.015 0.018 8.2713 "" "" 509988922162664192 2761.52124 0.3356 0.0255 -0.822 -2.133 0.019 0.025 1.057 6711.1 3.9291 15.163777 1.384434 15.781909 14.397475 "" "" 2585.43848 2955.98438 16197.04875 3.3818 6647.4 7.9875 13809.0 9.7438 "" "" 0.0027646299385589135 0.0030801098 0.0038562482 0.0069363583 23.64128173345 61.25844494472 2761.52124 -0.822 -2.133
23.86323434668 61.54451778215 0.0137 0.0182 15.6644 "" "" 510017715624803840 2654.57129 0.3509 0.0235 -3.132 1.09 0.018 0.025 1.008 15002.3 4.4166 15.165311 1.412132 15.797159 14.385027 "" "" 2478.69189 2888.2749 16174.18959 3.465 6554.7 10.589 13968.0 14.307 "" "" 0.0027651204295679292 0.003295682 0.003939602 0.007235284 23.86323434668 61.54451778215 2654.57129 -3.132 1.0899999999999996
24.12398305218 61.16719292513 0.0141 0.0175 9.1516 "" "" 509973735158414464 2645.24463 0.3458 0.0248 2.486 3.939 0.018 0.023 1.008 5226.1 2.9568 15.170545 1.887775 16.096867 14.209091 -67.2 2.94 2505.77832 2797.14771 16096.40555 3.8239 4973.6 10.649 16426.0 16.44 "" "" 0.0027673664921567098 0.0036316887 0.0039325007 0.0075641894 24.12398305218 61.16719292513 2645.24463 2.486 3.939000000000001
23.52149044771 61.21077753222 0.0145 0.0172 12.4067 "" "" 509983768201967744 2855.45044 0.3219 0.0246 0.292 -1.19 0.019 0.023 1.003 7655.2 3.3742 15.185965 1.057846 15.623272 14.565426 "" "" 2651.26074 3083.54712 15869.41029 3.2291 7693.2 10.16 11830.0 9.8376 "" "" 0.0027641630368249134 0.0031370437 0.0038857323 0.0070227757 23.52149044771 61.21077753222 2855.45044 0.292 -1.1899999999999997
24.21428134109 61.11867604774 0.0149 0.0176 13.0617 "" "" 509926456155154304 2161.37085 0.431 0.0269 1.006 -2.666 0.02 0.023 0.991 8977.4 4.0598 15.187915 1.185469 15.69249 14.507021 "" "" 2045.70459 2285.71265 15840.93964 3.2045 7218.1 8.7401 12484.0 7.4456 "" "" 0.0027640603101031953 0.0030843823 0.0038344546 0.006918837 24.21428134109 61.11867604774 2161.37085 1.0059999999999998 -2.6660000000000004
24.47221882765 61.30515123914 0.0143 0.0169 15.8815 "" "" 509952225960588288 2251.33838 0.4187 0.0259 -0.282 -1.657 0.018 0.021 1.027 7299.2 3.6526 15.205024 1.16487 15.700288 14.535418 "" "" 2104.8562 2436.18164 15593.26495 3.2341 7166.4 8.2286 12162.0 8.485 "" "" 0.0027645068241603085 0.0030560133 0.0038545432 0.0069105565 24.47221882765 61.30515123914 2251.33838 -0.28200000000000003 -1.6570000000000003
23.99652045434 61.27031929387 0.0147 0.0198 2.3031 "" "" 509978373722967296 2293.15625 0.4221 0.0273 -1.611 -0.553 0.018 0.026 1.006 10014.1 4.0298 15.211994 0.827278 15.532426 14.705148 "" "" 2131.42041 2475.07275 15493.48462 3.6418 8364.6 9.1167 10402.0 11.694 "" "" 0.002767113952492415 0.0030307407 0.003971596 0.0070023364 23.99652045434 61.27031929387 2293.15625 -1.6110000000000002 -0.5530000000000002
23.9234074108 61.18965671102 0.0157 0.0186 5.7206 "" "" 509976209059553024 2645.76636 0.3436 0.0272 -0.853 0.699 0.021 0.026 1.016 5473.5 3.254 15.225287 1.863863 16.138266 14.274403 -87.11 5.26 2462.46997 2839.38745 15304.94855 3.6355 4787.5 11.105 15467.0 10.447 "" "" 0.00276736398396376 0.003758678 0.0038498736 0.0076085515 23.9234074108 61.18965671102 2645.76636 -0.8530000000000002 0.6990000000000001
24.13498867424 61.27503183107 0.0156 0.0187 6.1493 "" "" 509998714689364480 2597.69702 0.3617 0.0255 -1.356 -0.566 0.019 0.023 1.028 9266.4 4.017 15.231774 0.803571 15.547748 14.744177 "" "" 2435.98999 2840.67236 15213.77773 3.6739 8247.4 10.537 10034.0 7.9285 "" "" 0.002767766699115008 0.0031159653 0.0038755303 0.0069914954 24.13498867424 61.27503183107 2597.69702 -1.356 -0.5659999999999998
23.89313627278 61.2725144535 0.0152 0.0194 1.1352 "" "" 509978201926911744 2706.42676 0.3391 0.026 -2.683 -1.262 0.02 0.027 0.982 5802.4 3.4708 15.237688 1.643207 16.005959 14.362752 -100.29 5.74 2510.19775 2983.87476 15131.13832 15.993 5408.0 21.93 14258.0 54.481 "" "" 0.002984749090948523 0.0052124327 0.0056120707 0.010824503 23.89313627278 61.2725144535 2706.42676 -2.683 -1.262
23.65958124707 61.21485415066 0.0145 0.0173 8.6823 "" "" 509988716004286464 2122.06226 0.4412 0.0244 2.221 -3.106 0.019 0.023 0.941 6677.6 3.896 15.244541 1.269835 15.798777 14.528941 "" "" 2000.57117 2247.90479 15035.92677 2.9912 6545.0 6.918 12234.0 9.4015 "" "" 0.0027637732093496246 0.0030169624 0.0038703852 0.0068873474 23.65958124707 61.21485415066 2122.06226 2.221 -3.1060000000000003
23.86377312049 61.02611079768 0.0149 0.0177 15.6268 "" "" 509966038577189376 2187.25879 0.4309 0.0243 -1.406 0.59 0.021 0.025 1.05 7436.3 4.2189 15.259692 1.249181 15.80138 14.552199 "" "" 2073.92676 2302.92944 14827.56966 2.9693 6529.3 9.2331 11975.0 9.1064 "" "" 0.002763885454343032 0.0031847018 0.003868517 0.007053219 23.86377312049 61.02611079768 2187.25879 -1.4059999999999997 0.5899999999999999
24.34075643508 61.30376886837 0.0204 0.0246 12.0998 "" "" 509952874490076672 2756.68286 0.3353 0.035 -1.084 -1.243 0.027 0.034 1.392 7305.6 4.125 15.261256 1.028498 15.571744 14.543246 "" "" 2491.66382 3072.38257 14806.21646 4.7652 8067.1 9.5201 12074.0 11.555 "" "" 0.00277738930947074 0.0030703028 0.0039196154 0.006989918 24.34075643508 61.30376886837 2756.68286 -1.0839999999999999 -1.2429999999999999
23.90334012041 61.05202319581 0.0143 0.018 13.9899 "" "" 509966347814809472 2525.75415 0.3661 0.0248 -1.832 -0.984 0.021 0.028 0.971 "" "" 15.26865 1.081786 15.720773 14.638987 "" "" 2391.15308 2670.84326 14705.73522 2.9654 7032.5 7.6687 11055.0 10.334 "" "" 0.0027640049173046645 0.0030309742 0.003913285 0.0069442596 23.90334012041 61.05202319581 2525.75415 -1.8319999999999999 -0.9840000000000001
23.93425853045 61.24957130238 0.0146 0.0174 2.1516 "" "" 509977927046394240 2731.72949 0.3441 0.0243 -1.64 -0.547 0.018 0.023 0.995 7950.2 3.5781 15.268748 0.947067 15.638849 14.691782 "" "" 2579.43286 2910.80444 14704.40287 2.9188 7583.6 11.061 10530.0 15.081 "" "" 0.0027637360448668495 0.0032082412 0.004086772 0.0072950134 23.93425853045 61.24957130238 2731.72949 -1.6399999999999997 -0.547
23.95232564416 61.27359444822 0.0153 0.0186 1.0941 "" "" 509978339363225216 2707.93604 0.3359 0.0262 -1.701 -0.542 0.019 0.025 0.988 9259.4 3.9712 15.275473 0.851921 15.614795 14.762874 "" "" 2553.43066 2957.39453 14613.61368 3.2309 7753.5 10.678 9863.0 9.2827 "" "" 0.002765756741498291 0.0031655724 0.0039150883 0.0070806607 23.95232564416 61.27359444822 2707.93604 -1.7009999999999996 -0.542
23.65099416267 61.1057046587 0.0148 0.0174 13.3205 "" "" 509970402263877504 2728.81396 0.3367 0.0246 -2.192 -0.365 0.02 0.024 0.971 6466.2 3.737 15.275593 1.332085 15.865765 14.53368 "" "" 2579.83936 2914.21265 14611.99822 2.894 6153.3 9.2314 12181.0 7.9706 "" "" 0.002763698667702479 0.0032308255 0.0038455771 0.0070764027 23.65099416267 61.1057046587 2728.81396 -2.1919999999999997 -0.36500000000000005
23.87122547192 61.26380785146 0.015 0.0181 1.9549 "" "" 509978167564547328 2205.43872 0.4182 0.0255 -1.637 -0.564 0.02 0.026 0.975 9323.4 4.0782 15.281757 0.75361 15.572774 14.819164 "" "" 2099.49219 2308.59204 14529.26605 3.2225 8059.5 8.6653 9364.7 10.299 "" "" 0.002765823313741192 0.003024524 0.003963521 0.0069880453 23.87122547192 61.26380785146 2205.43872 -1.637 -0.5640000000000001
23.99598300072 61.35037910093 0.0154 0.0189 4.4541 "" "" 510002322462026240 2521.93848 0.3712 0.0262 -1.745 -0.44 0.019 0.026 0.953 9057.4 3.6528 15.310971 0.927622 15.68156 14.753938 "" "" 2355.23047 2707.11792 14143.5395 3.0109 7291.1 11.26 9944.5 14.355 "" "" 0.0027649976504941147 0.003255235 0.004091463 0.007346698 23.99598300072 61.35037910093 2521.93848 -1.745 -0.43999999999999995
24.16232328593 61.27820660773 0.0168 0.0211 6.9199 "" "" 509997993134996608 2076.52686 0.4625 0.0276 -1.872 -2.383 0.021 0.028 1.036 5489.4 3.4155 15.312831 1.633469 16.055374 14.421905 "" "" 1923.70801 2177.46826 14119.33793 3.8891 5167.3 33.051 13502.0 39.596 "" "" 0.0027715025888528284 0.007484121 0.004941841 0.012425962 24.16232328593 61.27820660773 2076.52686 -1.8719999999999999 -2.3829999999999996
24.07908793705 61.11511049154 0.0158 0.0182 11.1505 "" "" 509972085891040384 2554.82886 0.3626 0.0276 -1.291 -0.431 0.02 0.024 0.971 9064.1 3.6076 15.31586 0.861768 15.655067 14.7933 "" "" 2409.6853 2774.1521 14080.00544 2.9888 7471.2 8.2824 9590.4 8.3356 "" "" 0.0027649424567092956 0.0030387093 0.003895415 0.006934124 24.07908793705 61.11511049154 2554.82886 -1.291 -0.431
23.89871785126 61.3444249047 0.0161 0.02 3.6319 "" "" 510002975296889984 2688.86255 0.3437 0.027 -1.503 -0.47 0.02 0.027 1.032 9333.3 3.9747 15.324822 0.957847 15.711561 14.753715 "" "" 2522.96143 2867.26465 13964.24968 3.2904 7092.4 9.6487 9946.5 9.6745 "" "" 0.0027671717642809533 0.0031570196 0.0039241505 0.00708117 23.89871785126 61.3444249047 2688.86255 -1.503 -0.47000000000000014
23.46392053838 61.31808538365 0.0161 0.0192 13.367 "" "" 509993217129889280 2627.4314 0.3547 0.0271 -1.707 -0.592 0.02 0.027 0.941 9304.8 3.9193 15.332532 0.838749 15.659358 14.820609 "" "" 2446.80444 2826.73926 13865.45263 3.3477 7441.7 9.8619 9352.2 9.4796 "" "" 0.002767762254075288 0.003139317 0.0039363545 0.0070756716 23.46392053838 61.31808538365 2627.4314 -1.707 -0.592
23.85471685268 61.50365416009 0.015 0.0199 13.2639 "" "" 510017372027144448 2645.82007 0.3472 0.0256 -0.973 -2.127 0.018 0.026 0.96 7261.9 3.954 15.337322 1.366494 15.945845 14.57935 "" "" 2466.28882 2832.07544 13804.40787 3.0835 5715.8 9.8865 11679.0 13.617 "" "" 0.002765972909638475 0.0033633078 0.003985754 0.007349062 23.85471685268 61.50365416009 2645.82007 -0.973 -2.1270000000000002
23.87631620819 61.32463060763 0.0158 0.0194 2.7278 "" "" 509979473234534144 2729.84741 0.344 0.0275 -1.562 -0.44 0.019 0.025 0.963 9333.2 3.7084 15.337872 0.918508 15.704134 14.785625 "" "" 2532.87524 2921.19629 13797.42506 3.5987 7141.1 11.805 9658.5 11.649 "" "" 0.002769834608896271 0.0033176031 0.0039998125 0.0073174154 23.87631620819 61.32463060763 2729.84741 -1.5619999999999998 -0.43999999999999995
23.9535005484 61.28322385573 0.0152 0.0195 0.8938 "" "" 509978442442881152 2801.88867 0.3284 0.0268 -1.936 -0.623 0.02 0.028 0.997 9280.1 3.8792 15.33886 0.878299 15.687232 14.808933 "" "" 2630.87744 3023.90698 13784.87098 2.9327 7253.1 8.0572 9453.3 9.4685 "" "" 0.00276498549925239 0.0030396932 0.003932727 0.00697242 23.9535005484 61.28322385573 2801.88867 -1.936 -0.623
23.68892484834 61.32296537574 0.0157 0.0197 7.1103 "" "" 509991189905319680 2024.32166 0.4595 0.0275 -1.805 -1.308 0.021 0.028 1.032 6811.4 4.089 15.340718 1.252439 15.878344 14.625905 "" "" 1923.29419 2125.44629 13761.29344 3.0914 6082.5 13.172 11189.0 12.02 "" "" 0.0027660945253428233 0.0036487395 0.003955269 0.0076040085 23.68892484834 61.32296537574 2024.32166 -1.8050000000000006 -1.3080000000000003
23.86161392985 61.42214694684 0.0162 0.0206 8.4144 "" "" 510003868650247040 2570.70923 0.3646 0.0273 -1.234 -0.232 0.02 0.027 0.961 9745.1 4.0608 15.350351 0.897989 15.706779 14.808789 "" "" 2405.04468 2802.46094 13639.74943 3.114 7123.7 8.4512 9454.6 9.645 "" "" 0.002766447630571026 0.0030731342 0.0039383383 0.0070114722 23.86161392985 61.42214694684 2570.70923 -1.2339999999999998 -0.2320000000000001
24.03365478648 61.29410544074 0.0173 0.0211 3.2439 "" "" 509998955207526144 2712.95483 0.3449 0.0278 -1.59 -0.574 0.022 0.028 1.029 10016.9 4.2238 15.360039 0.953221 15.742018 14.788796 "" "" 2534.57544 2932.23779 13518.58499 2.9832 6896.2 9.2265 9630.3 9.0484 "" "" 0.002765717729192131 0.0031456552 0.003914639 0.007060294 24.03365478648 61.29410544074 2712.95483 -1.5900000000000003 -0.574
23.75755133507 61.47021181261 0.0156 0.0196 12.0842 "" "" 510015963277899392 2856.27588 0.3284 0.0257 -1.645 -0.544 0.018 0.026 0.97 9262.6 4.2308 15.365429 0.7277 15.646037 14.918337 "" "" 2640.07959 3046.85425 13451.64098 3.2963 7533.6 10.732 8547.2 8.4873 "" "" 0.002768135849071594 0.0031901863 0.0039301505 0.007120337 23.75755133507 61.47021181261 2856.27588 -1.645 -0.5440000000000002
23.53018864762 61.43495481542 0.0153 0.0192 14.4353 "" "" 509995450512806912 2247.65918 0.4206 0.026 -2.215 -0.523 0.019 0.026 0.995 9017.7 4.2527 15.368283 0.926287 15.742385 14.816098 "" "" 2127.8833 2397.50171 13416.3165 3.1444 6893.9 8.7172 9391.2 9.3444 "" "" 0.002767045726698332 0.0031096432 0.0039307545 0.0070403977 23.53018864762 61.43495481542 2247.65918 -2.215 -0.523
23.50882837668 61.28905182821 0.0158 0.0203 11.9329 "" "" 509990193472946432 2325.18579 0.4067 0.0283 -1.028 -0.227 0.021 0.03 0.955 9206.0 4.1301 15.382446 0.888576 15.738744 14.850167 "" "" 2148.65479 2492.33911 13242.44895 3.2334 6917.0 9.1567 9101.0 7.7694 "" "" 0.0027680443030599472 0.003138608 0.0038913789 0.007029987 23.50882837668 61.28905182821 2325.18579 -1.028 -0.22699999999999998
23.70180944465 61.49747532723 0.0158 0.0195 14.2409 "" "" 510016787911598720 2843.79761 0.3238 0.0255 -4.216 1.161 0.02 0.027 0.969 7608.4 4.2621 15.400924 1.081498 15.851413 14.769915 "" "" 2605.21338 3107.39111 13018.98365 3.0106 6235.2 11.197 9799.2 9.2896 "" "" 0.0027667358264330546 0.003403897 0.003917031 0.007320928 23.70180944465 61.49747532723 2843.79761 -4.215999999999999 1.161
23.61928735514 61.10149084383 0.0156 0.0185 14.078 "" "" 509970299184667904 2701.39478 0.3392 0.0264 -3.372 -0.566 0.021 0.025 0.96 8864.1 4.2892 15.402687 0.927888 15.777102 14.849215 "" "" 2532.11987 2904.20435 12997.85887 2.8058 6676.9 11.062 9109.0 9.1345 "" "" 0.0027652704226684833 0.003319749 0.003933085 0.007252834 23.61928735514 61.10149084383 2701.39478 -3.372 -0.5659999999999997
23.52563563287 61.43083922862 0.0155 0.0191 14.3871 "" "" 509995450512809472 2116.72778 0.4474 0.0258 -3.462 0.269 0.019 0.026 1.023 7485.1 3.9526 15.402917 1.200575 15.9175 14.716925 "" "" 1988.23962 2249.28711 12995.11344 3.0039 5867.0 9.4393 10289.0 7.8337 "" "" 0.002766726881197902 0.0032918726 0.0038687293 0.007160602 23.52563563287 61.43083922862 2116.72778 -3.462 0.269
23.68823456477 61.3447497483 0.0162 0.0208 7.6456 "" "" 509991292984519680 2119.21997 0.4419 0.0291 -1.562 -0.503 0.021 0.029 1.038 8229.4 4.3873 15.411767 0.870004 15.755592 14.885589 "" "" 1971.34912 2270.73291 12889.61765 3.2291 6810.5 8.8611 8808.9 9.205 "" "" 0.002768713119171631 0.0031273973 0.003946004 0.0070734015 23.68823456477 61.3447497483 2119.21997 -1.5619999999999998 -0.5029999999999999
23.86769597202 61.11241410016 0.0157 0.0188 10.4766 "" "" 509975521864883840 2632.90405 0.352 0.0261 -1.229 -0.972 0.022 0.028 0.977 6577.5 3.6186 15.423147 1.359249 16.016733 14.657484 "" "" 2449.11157 2775.84595 12755.21338 3.016 5354.6 10.411 10868.0 11.192 "" "" 0.002767254425071399 0.0034987712 0.003941305 0.007440076 23.86769597202 61.11241410016 2632.90405 -1.229 -0.9720000000000002
23.62952269782 61.43734631775 0.0162 0.0208 12.4355 "" "" 509992942251905664 2631.00684 0.3592 0.0272 -1.375 -0.4 0.019 0.026 0.989 9236.2 4.2832 15.428366 0.758092 15.72136 14.963268 "" "" 2469.37866 2874.18311 12694.05381 3.0778 7028.7 10.359 8200.7 9.8698 "" "" 0.0027678671733396406 0.0032164583 0.0039989045 0.007215363 23.62952269782 61.43734631775 2631.00684 -1.3750000000000002 -0.40000000000000013
24.38480665322 61.29242513942 0.0156 0.0185 13.3266 "" "" 509952810076158848 2546.88574 0.3637 0.0266 -1.769 -0.405 0.02 0.023 1.02 7528.2 3.732 15.439442 1.111772 15.906291 14.794519 "" "" 2394.1748 2752.16895 12565.21472 2.8338 5927.9 8.6325 9579.7 8.2838 "" "" 0.002766179207393158 0.003207013 0.0038942508 0.007101264 24.38480665322 61.29242513942 2546.88574 -1.7690000000000001 -0.40499999999999997
24.1236547274 61.08335240048 0.0163 0.0197 13.422 "" "" 509971776653431296 2870.42236 0.325 0.0285 -0.236 -0.868 0.022 0.026 1.01 7641.6 3.6266 15.446602 0.957194 15.837447 14.880253 "" "" 2660.58154 3133.36206 12482.62196 3.0623 6315.9 7.6099 8852.3 9.8807 "" "" 0.002768164760875034 0.003081621 0.003968924 0.007050545 24.1236547274 61.08335240048 2870.42236 -0.236 -0.8680000000000001
