Clusters/Trumpler_1/Trumpler_1_stars_in_region.tsv
# %ECSV 1.0
# ---
# datatype:
# - name: RA_ICRS_1
#   unit: deg
#   datatype: float64
#   format: '{:15.11f}'
#   description: Right ascension (ICRS) at Ep=2016.0 (ra)
#   meta: !!omap
#   - {ucd: POS_EQ_RA_MAIN}
#   - {width: 15}
#   - {precision: '11'}
# - name: DE_ICRS_1
#   unit: deg
#   datatype: float64
#   format: '{:15.11f}'
#   description: Declination (ICRS) at Ep=2016.0 (dec)
#   meta: !!omap
#   - {ucd: POS_EQ_DEC_MAIN}
#   - {width: 15}
#   - {precision: '11'}
# - name: e_RA_ICRS
#   unit: mas
#   datatype: float64
#   format: '{:7.4f}'
#   description: Standard error of right ascension (ra_error)
#   meta: !!omap
#   - {ucd: ERROR}
#   - {width: 7}
#   - {precision: '4'}
# - name: e_DE_ICRS
#   unit: mas
#   datatype: float64
#   format: '{:7.4f}'
#   description: Standard error of declination (dec_error)
#   meta: !!omap
#   - {ucd: ERROR}
#   - {width: 7}
#   - {precision: '4'}
# - name: _r_1
#   unit: ''
#   datatype: float64
#   format: '{:7.4f}'
#   description: Distance from center (023.92271746000+61.28500007000)[ICRS], at Epoch=J2016.0
#   meta: !!omap
#   - {ucd: POS_ANG_DIST_GENERAL}
#   - {width: 7}
#   - {precision: '4'}
# - name: HIP
#   datatype: int32
#   description: '? HIP cross-id number, van Leeuwen, Cat. I/311 (hip_original_ext_source_id)'
#   meta: !!omap
#   - {ucd: ID_NUMBER}
#   - {width: 6}
#   - values: {'null': -2147483648}
# - name: TYC2
#   datatype: string
#   description: Tycho-2 cross-id name, Hog et al., Cat. I/259 (tyc2_original_ext_source_id)
#   meta: !!omap
#   - {ucd: ID_CROSSID}
#   - {_votable_string_dtype: char}
# - name: Source
#   datatype: int64
#   description: Source identifier, identical to the Gaia-EDR3 source_id (id)
#   meta: !!omap
#   - {ucd: ID_MAIN}
#   - {width: 19}
# - name: rgeo
#   unit: pc
#   datatype: float64
#   format: '{:15.8f}'
#   description: '? Median of the geometric distance posterior (r_med_geo)'
#   meta: !!omap
#   - {ucd: PHYS_DISTANCE_TRUE}
#   - {width: 15}
#   - {precision: '8'}
#   - values: {'null': .nan}
# - name: Plx
#   unit: mas
#   datatype: float64
#   format: '{:9.4f}'
#   description: '? Parallax (parallax)'
#   meta: !!omap
#   - {ucd: POS_PARLX_TRIG}
#   - {width: 9}
#   - {precision: '4'}
#   - values: {'null': .nan}
# - name: e_Plx
#   unit: mas
#   datatype: float32
#   format: '{:7.4f}'
#   description: '? Standard error of parallax (parallax_error)'
#   meta: !!omap
#   - {ucd: ERROR}
#   - {width: 7}
#   - {precision: '4'}
#   - values: {'null': .nan}
# - name: pmRA
#   unit: mas / yr
#   datatype: float64
#   format: '{:9.3f}'
#   description: '? Proper motion in right ascension direction, pmRA*cosDE (pmra)'
#   meta: !!omap
#   - {ucd: POS_EQ_PMRA}
#   - {width: 9}
#   - {precision: '3'}
#   - values: {'null': .nan}
# - name: pmDE
#   unit: mas / yr
#   datatype: float64
#   format: '{:9.3f}'
#   description: '? Proper motion in declination direction (pmdec)'
#   meta: !!omap
#   - {ucd: POS_EQ_PMDEC}
#   - {width: 9}
#   - {precision: '3'}
#   - values: {'null': .nan}
# - name: e_pmRA
#   unit: mas / yr
#   datatype: float32
#   format: '{:6.3f}'
#   description: '? Standard error of proper motion in right ascension direction (pmra_error)'
#   meta: !!omap
#   - {ucd: ERROR}
#   - {width: 6}
#   - {precision: '3'}
#   - values: {'null': .nan}
# - name: e_pmDE
[...]
#         unit: &id001 !astropy.units.Unit {unit: deg}
#         value: !astropy.table.SerializedColumn {name: SkyCoord.dec}
#       distance: !astropy.table.SerializedColumn
#         __class__: astropy.coordinates.distances.Distance
#         unit: !astropy.units.Unit {unit: pc}
#         value: !astropy.table.SerializedColumn {name: SkyCoord.distance}
#       frame: icrs
#       obstime: !astropy.time.Time {format: jyear_str, in_subfmt: '*', jd1: 367701545.0, jd2: 0.0, out_subfmt: '*', precision: 3, scale: tt}
#       pm_dec: !astropy.table.SerializedColumn
#         __class__: astropy.units.quantity.Quantity
#         unit: !astropy.units.Unit {unit: mas / yr}
#         value: !astropy.table.SerializedColumn {name: SkyCoord.pm_dec}
#       pm_ra_cosdec: !astropy.table.SerializedColumn
#         __class__: astropy.units.quantity.Quantity
#         unit: !astropy.units.Unit {unit: mas / yr}
#         value: !astropy.table.SerializedColumn {name: SkyCoord.pm_ra_cosdec}
#       ra: !astropy.table.SerializedColumn
#         __class__: astropy.coordinates.angles.Longitude
#         unit: *id001
#         value: !astropy.table.SerializedColumn {name: SkyCoord.ra}
#         wrap_angle: !astropy.coordinates.Angle
#           unit: *id001
#           value: 360.0
#       representation_type: spherical
# schema: astropy-2.0
RA_ICRS_1 DE_ICRS_1 e_RA_ICRS e_DE_ICRS _r_1 HIP TYC2 Source rgeo Plx e_Plx pmRA pmDE e_pmRA e_pmDE RUWE Teff logg Gmag BP-RP BPmag RPmag RV e_RV b_rgeo B_rgeo FG e_FG FBP e_FBP FRP e_FRP RAVE5 RAVE6 e_Gmag e_BPmag e_RPmag e_BP-RP SkyCoord.ra SkyCoord.dec SkyCoord.distance SkyCoord.pm_ra_cosdec SkyCoord.pm_dec
[from data line 651]
24.26005474327 61.18915291434 0.0326 0.038 11.3104 "" "" 509950542333596032 2278.26196 0.4287 0.0563 -0.515 -1.758 0.042 0.049 1.004 6549.2 4.3325 16.875238 1.446001 17.533731 16.08773 "" "" 2047.53516 2624.67285 3348.50996 1.4916 1324.1 4.6881 2911.2 5.7823 "" "" 0.0027974452895269636 0.0047500045 0.0043513556 0.00910136 24.26005474327 61.18915291434 2278.26196 -0.5150000000000001 -1.758
24.16693656428 61.42742550617 0.0318 0.0404 11.0619 "" "" 510001669626772224 2207.31714 0.4425 0.0557 0.704 -3.253 0.041 0.051 0.96 6091.8 4.4642 16.877205 1.598017 17.618027 16.02001 "" "" 1959.9967 2453.92383 3342.44799 1.6832 1225.2 10.966 3098.5 23.208 "" "" 0.0028090450348093763 0.010110374 0.008967562 0.019077934 24.16693656428 61.42742550617 2207.31714 0.7039999999999998 -3.253
23.98430477285 61.51110867188 0.0321 0.043 13.6814 "" "" 510006033307411328 2860.5813 0.3317 0.0561 -1.356 -0.273 0.04 0.056 1.03 8402.9 4.49 16.896194 1.339621 17.495203 16.155582 "" "" 2457.85181 3311.66357 3284.49965 1.814 1371.9 6.2949 2734.8 6.4415 "" "" 0.0028198156831097925 0.0057099806 0.004563292 0.010273272 23.98430477285 61.51110867188 2860.5813 -1.3560000000000003 -0.273
24.01358410756 61.41841124543 0.0316 0.0405 8.4206 "" "" 510004418405849088 1998.34631 0.4883 0.0536 0.921 -0.558 0.04 0.053 1.002 6377.0 4.4146 16.8969 1.541599 17.61741 16.075811 "" "" 1806.44287 2172.27808 3282.36217 1.6704 1225.9 7.9588 2943.3 6.0697 "" "" 0.0028101747632796464 0.007580964 0.0043928255 0.011973789 24.01358410756 61.41841124543 1998.34631 0.9209999999999998 -0.5579999999999999
23.5255009418 61.10679064817 0.0324 0.0399 15.6905 "" "" 509980675825649024 2548.39062 0.3792 0.0558 -1.401 1.065 0.044 0.055 1.031 6351.0 4.429 16.900913 1.366535 17.510069 16.143534 "" "" 2166.03735 3030.21558 3270.25564 1.479 1353.3 6.0382 2765.3 7.0447 "" "" 0.002798732373563639 0.0055904393 0.0046833977 0.010273837 23.5255009418 61.10679064817 2548.39062 -1.4010000000000002 1.065
24.32168648926 61.1958369718 0.05 0.0612 12.6993 "" "" 509950404894630272 2068.10449 0.5054 0.091 -2.621 -1.511 0.065 0.075 1.647 7310.1 4.3937 16.902267 1.35367 17.413273 16.059603 "" "" 1752.44641 2672.8269 3266.17995 2.7489 1479.5 8.3017 2987.6 6.9941 "" "" 0.0029028932047932355 0.0067007705 0.004554585 0.011255356 24.32168648926 61.1958369718 2068.10449 -2.621 -1.5110000000000006
23.54881803424 61.37066490854 0.0336 0.0421 11.928 "" "" 509992255057174656 2548.29932 0.3935 0.0576 -1.746 -0.414 0.043 0.058 1.014 6026.6 4.4923 16.904465 1.229719 17.441929 16.21221 "" "" 2228.22485 3014.15845 3259.57135 1.6274 1440.9 6.9031 2595.8 7.4074 "" "" 0.0028081369342765616 0.0059026605 0.0048870225 0.010789683 23.54881803424 61.37066490854 2548.29932 -1.7459999999999998 -0.4139999999999998
23.67676638129 61.28921277187 0.035 0.044 7.0941 "" "" 509989437558700800 2730.78345 0.3712 0.0622 -1.756 -1.426 0.046 0.062 1.046 7633.0 4.2051 16.909271 1.33584 17.496096 16.160255 "" "" 2327.28223 3186.21191 3245.17569 1.6402 1370.8 6.1647 2723.1 6.9503 "" "" 0.002809435451238262 0.0056237034 0.0046864855 0.010310189 23.67676638129 61.28921277187 2730.78345 -1.7559999999999998 -1.4259999999999997
23.60821662193 61.43145303756 0.033 0.0417 12.6106 "" "" 509992839172692736 2139.42505 0.4453 0.0555 -2.731 0.983 0.04 0.054 1.002 5417.3 4.641 16.919167 1.371015 17.515623 16.144608 "" "" 1922.26733 2411.83765 3215.73342 1.6482 1346.4 7.7759 2762.6 7.3664 "" "" 0.0028109546391218844 0.0068632336 0.004760804 0.011624038 23.60821662193 61.43145303756 2139.42505 -2.731 0.9829999999999999
24.05186626447 61.08159884398 0.05 0.0613 12.7628 "" "" 509971914092564864 2076.08618 0.4788 0.0853 -2.159 1.943 0.068 0.09 1.493 5348.9 4.7056 16.920004 1.414209 17.542366 16.128157 "" "" 1772.64087 2456.09741 3213.25521 2.2807 1313.6 5.87 2804.8 6.0664 "" "" 0.002861059883962211 0.00559684 0.0044495207 0.010046361 24.05186626447 61.08159884398 2076.08618 -2.159 1.9429999999999998
24.34332906579 61.27970462773 0.0331 0.0384 12.1302 "" "" 509952672637221376 2519.55835 0.4063 0.0551 -1.88 -2.738 0.041 0.049 1.007 5585.5 4.6351 16.921398 1.284149 17.487377 16.203228 "" "" 2107.20459 3066.96338 3209.12885 1.4511 1381.9 5.6298 2617.4 8.1538 "" "" 0.002798717244052501 0.0052297334 0.005071863 0.0103015965 24.34332906579 61.27970462773 2519.55835 -1.88 -2.738
24.03166826588 61.28732411639 0.035 0.0435 3.1437 "" "" 509998920847790848 2781.48291 0.3523 0.0596 -0.666 -0.252 0.043 0.058 1.018 8253.8 4.4315 16.922052 1.59322 17.66099 16.06777 "" "" 2441.69824 3297.21631 3207.19738 1.4896 1177.7 5.6862 2965.2 6.5085 "" "" 0.002801086155832833 0.0059384746 0.0044680117 0.010406487 24.03166826588 61.28732411639 2781.48291 -0.6659999999999999 -0.252
23.74859265791 61.29063047898 0.0352 0.0424 5.0304 "" "" 509979129637187584 2501.17065 0.3878 0.0611 0.105 -1.924 0.047 0.061 0.992 4991.4 4.5309 16.922977 1.322443 17.510048 16.187605 "" "" 2226.47925 2951.15918 3204.46497 1.455 1353.3 6.3663 2655.3 6.3523 "" "" 0.0027990751061456195 0.005820024 0.004585881 0.010405905 23.74859265791 61.29063047898 2501.17065 0.10499999999999976 -1.924
23.66966433806 61.20354628024 0.0339 0.0405 8.7885 "" "" 509976964973781120 2449.70386 0.3977 0.0591 -0.097 1.319 0.044 0.056 1.041 6362.8 4.4843 16.924255 1.267883 17.482365 16.214481 "" "" 2194.34375 2891.8335 3200.69646 1.5276 1388.3 5.7277 2590.4 6.0257 "" "" 0.002803624590923767 0.005277329 0.004545591 0.00982292 23.66966433806 61.20354628024 2449.70386 -0.09699999999999992 1.3189999999999997
23.89904401254 61.16739416334 0.0352 0.0412 7.0894 "" "" 509976071620626688 2670.02808 0.3662 0.0596 -2.335 0.31 0.047 0.058 0.934 9490.1 4.3389 16.927969 1.258472 17.47336 16.214888 "" "" 2289.03418 3173.56543 3189.76884 1.5571 1399.8 7.0684 2589.4 7.2342 "" "" 0.0028058326428679133 0.006151663 0.004846096 0.010997759 23.89904401254 61.16739416334 2670.02808 -2.335 0.3099999999999999
23.84307510496 61.26133490796 0.0338 0.042 2.7002 "" "" 509978820399580928 2651.24268 0.3749 0.0577 -0.768 1.037 0.042 0.057 0.97 5160.9 4.3699 16.929705 1.448252 17.58523 16.136978 "" "" 2306.0874 3228.59741 3184.67429 1.5534 1262.8 6.6173 2782.1 6.3393 "" "" 0.0028057545510105737 0.006336792 0.004517102 0.010853894 23.84307510496 61.26133490796 2651.24268 -0.7679999999999999 1.0369999999999997
24.26896066243 61.10438703901 0.0353 0.0403 14.7524 "" "" 509926181277439488 2561.24951 0.39 0.0626 -1.338 -0.443 0.046 0.052 1.061 8866.0 4.3989 16.933239 1.628527 17.70101 16.072483 "" "" 2216.19165 3063.51196 3174.3217 1.612 1135.0 5.2807 2952.3 6.4059 "" "" 0.002809945135534609 0.005770845 0.0044535 0.010224344 24.26896066243 61.10438703901 2561.24951 -1.338 -0.44299999999999995
24.3253743211 61.36295075612 0.0387 0.0412 12.5009 "" "" 510000329597153536 2695.29443 0.3613 0.0623 -3.317 -1.195 0.045 0.055 1.018 "" "" 16.942282 "" "" 15.366872 "" "" 2300.80664 3190.72607 3147.99289 7.321 "" "" 5654.7 104.79 "" "" 0.0037372988352677773 "" 0.020472186 "" 24.3253743211 61.36295075612 2695.29443 -3.317 -1.1950000000000005
24.35041541701 61.28335294135 0.0338 0.0395 12.33 "" "" 509952706996954368 2449.82349 0.4068 0.0561 -1.388 -0.957 0.043 0.051 1.01 4975.0 4.3679 16.945501 1.352751 17.551874 16.199123 "" "" 2132.1687 2844.70483 3138.67341 1.4057 1302.2 6.7526 2627.3 6.7002 "" "" 0.0027978993271817096 0.006283574 0.0046851216 0.010968695 24.35041541701 61.28335294135 2449.82349 -1.388 -0.9569999999999997
24.01759086015 61.20789684203 0.036 0.0433 5.3759 "" "" 509974834669991680 2062.59229 0.4726 0.0621 0.328 -3.953 0.048 0.058 1.035 5467.5 4.5172 16.94696 1.530926 17.660406 16.12948 "" "" 1753.19031 2358.90234 3134.46042 1.577 1178.3 7.5016 2801.3 9.9441 "" "" 0.002808946575829339 0.0074541853 0.005397991 0.012852176 24.01759086015 61.20789684203 2062.59229 0.32800000000000007 -3.953
23.8231106119 61.16121202835 0.0348 0.0414 7.965 "" "" 509975899821943936 2809.33691 0.3469 0.0594 -2.772 -0.645 0.048 0.06 0.995 5471.7 4.369 16.947878 1.60598 17.70207 16.09609 "" "" 2401.67163 3287.56909 3131.81209 1.5437 1133.9 5.9445 2888.8 6.4295 "" "" 0.002806812426985352 0.006339078 0.0044858805 0.010824958 23.8231106119 61.16121202835 2809.33691 -2.7720000000000002 -0.6450000000000002
23.77927075776 61.12133241481 0.0338 0.0416 10.6594 "" "" 509969886867779968 2309.17773 0.4399 0.0581 -1.491 -0.556 0.046 0.06 0.978 5096.0 4.5646 16.949047 1.324081 17.543205 16.219124 "" "" 2001.90637 2734.09375 3128.43953 1.5168 1312.6 7.6432 2579.3 7.9701 "" "" 0.0028051555795818132 0.0069105034 0.0050536543 0.011964157 23.77927075776 61.12133241481 2309.17773 -1.491 -0.5559999999999999
23.81116546057 61.44441147632 0.0345 0.0455 10.0882 "" "" 510015684093566848 2786.604 0.3618 0.059 -2.004 -0.42 0.042 0.06 0.979 7578.9 4.4392 16.951551 1.250597 17.486868 16.23627 "" "" 2382.84448 3568.24561 3121.23451 1.5196 1382.5 7.5419 2538.9 6.8325 "" "" 0.00280556721743351 0.0065472657 0.004777128 0.011324394 23.81116546057 61.44441147632 2786.604 -2.0039999999999996 -0.42000000000000004
23.66099743054 61.26791232748 0.0353 0.0424 7.616 "" "" 509989330173760640 2255.28809 0.4257 0.0588 -0.957 -0.269 0.045 0.058 0.946 5242.7 4.6691 16.953577 1.36381 17.538536 16.174726 "" "" 1995.98438 2592.53052 3115.41603 1.65 1318.3 6.6136 2687.0 10.497 "" "" 0.0028146849720620724 0.006119932 0.005681042 0.011800975 23.66099743054 61.26791232748 2255.28809 -0.9570000000000001 -0.269
23.83764826445 61.17506561708 0.0376 0.0464 7.0387 "" "" 509976312138785792 2533.93555 0.3727 0.0657 1.982 -0.006 0.05 0.063 1.01 7086.6 4.3091 16.954014 2.169295 18.075197 15.905902 "" "" 2176.86182 2992.05103 3114.16177 1.572 804.15 5.0838 3441.9 6.4207 "" "" 0.002809300558394971 0.0074093994 0.0042878813 0.011697281 23.83764826445 61.17506561708 2533.93555 1.9819999999999998 -0.005999999999999976
24.07655911125 61.37372687773 0.0347 0.0432 6.9248 "" "" 510002597339747968 2351.19702 0.4094 0.0594 -0.677 0.107 0.042 0.055 0.957 "" "" 16.954586 1.894997 17.89657 16.001574 "" "" 2048.27246 2695.51929 3112.51951 1.5843 947.96 5.3662 3151.6 6.9393 "" "" 0.0028101976273991226 0.006749804 0.004471996 0.0112218 24.07655911125 61.37372687773 2351.19702 -0.677 0.10699999999999996
24.01608696232 61.23160438895 0.0328 0.0427 4.1858 "" "" 509975212627082240 2390.59937 0.404 0.0583 -6.236 -4.569 0.042 0.058 0.993 5939.1 4.3586 16.959982 1.527505 17.495872 15.968368 "" "" 2098.31787 2734.99072 3097.08854 2.4342 1371.1 29.115 3249.5 35.956 "" "" 0.0028844401219996485 0.023223585 0.012594216 0.035817802 24.01608696232 61.23160438895 2390.59937 -6.236000000000001 -4.568999999999999
24.13071648186 61.22542871667 0.0401 0.0478 6.9854 "" "" 509974353633629824 1945.29895 0.5065 0.0655 -1.482 -0.587 0.049 0.062 1.176 7957.5 4.3911 16.962406 1.386099 17.56859 16.182491 "" "" 1730.47803 2173.20239 3090.18525 1.7497 1282.3 5.055 2667.8 7.5982 "" "" 0.0028230684275509384 0.005109253 0.004883242 0.009992495 24.13071648186 61.22542871667 1945.29895 -1.4820000000000002 -0.587
23.68160499955 61.41942778186 0.0344 0.0468 10.6376 "" "" 509992701733744512 2297.25854 0.4206 0.0607 -1.659 -0.423 0.042 0.059 0.98 5488.0 4.661 16.968468 1.350681 17.568981 16.2183 "" "" 1995.85925 2580.62866 3072.97997 2.1037 1281.8 6.562 2581.3 7.4813 "" "" 0.0028538122197992156 0.006219284 0.004917905 0.011137189 23.68160499955 61.41942778186 2297.25854 -1.6589999999999998 -0.42300000000000004
24.44296297815 61.28494974073 0.0337 0.0395 14.9972 "" "" 509952565252382976 2575.91577 0.3731 0.0603 0.238 3.382 0.043 0.051 1.028 7613.2 4.4499 16.968712 1.337664 17.562809 16.225145 "" "" 2286.35156 3024.49512 3072.28789 1.3943 1289.1 5.8877 2565.1 6.6629 "" "" 0.0027990325093907205 0.0056899483 0.0047156527 0.010405601 24.44296297815 61.28494974073 2575.91577 0.238 3.382
23.87852404012 61.25411972327 0.0345 0.0427 2.2489 "" "" 509978167564558592 2642.90039 0.3582 0.06 -0.519 -2.734 0.044 0.06 1.026 5612.0 4.6223 16.972914 1.272495 17.53367 16.261175 "" "" 2334.83643 3120.49414 3060.42 1.4762 1324.2 6.036 2481.3 6.8059 "" "" 0.0028046494470413447 0.0056813667 0.0048116995 0.010493066 23.87852404012 61.25411972327 2642.90039 -0.5189999999999999 -2.7340000000000004
23.79034801114 61.50043032501 0.0332 0.0431 13.4736 "" "" 510016135076566784 1959.79993 0.4901 0.056 -1.768 -0.371 0.042 0.058 0.986 5504.4 4.6179 16.973764 1.415644 17.616924 16.20128 "" "" 1777.6134 2191.87158 3058.02545 1.5151 1226.4 6.3291 2622.1 6.824 "" "" 0.0028073397421868695 0.006259442 0.004718884 0.010978326 23.79034801114 61.50043032501 1959.79993 -1.7679999999999998 -0.3709999999999998
24.04652136734 61.27091561625 0.0349 0.0474 3.6684 "" "" 509975380118571904 2379.00513 0.3974 0.0629 -1.581 -0.609 0.043 0.062 1.013 6124.0 4.4781 16.973885 1.434637 17.620043 16.185406 "" "" 2122.88403 2780.47876 3057.68755 1.5323 1222.9 7.8774 2660.7 6.4652 "" "" 0.00280852793005759 0.0075298725 0.0046091117 0.012138984 24.04652136734 61.27091561625 2379.00513 -1.5810000000000004 -0.609
23.91972468237 61.279003896 0.0375 0.0504 0.37 "" "" 509978511161911040 2804.8125 0.3764 0.0701 0.078 -1.309 0.049 0.067 1.025 5700.1 4.654 16.976194 1.538029 17.677216 16.139187 "" "" 2193.75879 3504.81323 3051.18769 4.0883 1160.2 11.41 2776.4 12.282 "" "" 0.003115795662764371 0.0110362135 0.006111662 0.017147876 23.91972468237 61.279003896 2804.8125 0.07800000000000007 -1.309
23.97207748295 61.52826626832 0.0332 0.0446 14.6646 "" "" 510006033313459200 2812.76123 0.3561 0.0575 -1.402 -0.433 0.041 0.059 0.98 6485.0 4.405 16.986502 1.522133 17.685442 16.16331 "" "" 2434.28418 3294.72852 3022.35735 1.6149 1151.4 5.5338 2715.4 6.4239 "" "" 0.002815730515961782 0.005917327 0.0045695966 0.010486923 23.97207748295 61.52826626832 2812.76123 -1.402 -0.43299999999999994
23.6440953825 61.24218567864 0.0368 0.0448 8.4379 "" "" 509988922163078144 2288.91235 0.4235 0.0642 -1.049 0.894 0.048 0.065 0.887 5815.5 4.6079 16.991934 1.318132 17.56973 16.251598 "" "" 1975.46021 2616.24341 3007.27738 1.5194 1280.9 6.2186 2503.3 7.0509 "" "" 0.002809395986316584 0.005964025 0.004861675 0.0108257 23.6440953825 61.24218567864 2288.91235 -1.0490000000000002 0.894
24.09236612565 61.44039072926 0.034 0.0437 10.5226 "" "" 510004315326617088 2713.54443 0.3289 0.0596 0.651 0.628 0.042 0.057 0.979 6641.4 4.3253 16.993284 1.943724 17.964981 16.021257 "" "" 2313.53149 3151.33081 3003.5376 1.4678 890.07 5.4197 3095.0 7.5781 "" "" 0.002805942609350505 0.007175795 0.0046207076 0.011796502 24.09236612565 61.44039072926 2713.54443 0.651 0.6280000000000001
24.1633114732 61.49497366605 0.0338 0.0425 14.3702 "" "" 510010701931703040 2811.6394 0.3245 0.0584 -2.37 -1.162 0.042 0.054 0.982 8060.1 4.4162 16.99604 1.882387 17.921593 16.039206 "" "" 2408.46899 3323.7207 2995.92052 1.5116 926.36 5.4555 3044.2 5.9194 "" "" 0.002809250165634673 0.006976353 0.004329074 0.011305427 24.1633114732 61.49497366605 2811.6394 -2.37 -1.1620000000000004
23.7135507143 61.43933397185 0.036 0.0476 11.042 "" "" 510015447881851264 2548.96411 0.3745 0.0613 0.061 -2.953 0.044 0.064 1.03 5433.8 4.6403 16.998293 1.357712 17.590387 16.232676 "" "" 2204.88184 3182.47827 2989.71299 1.5101 1256.8 6.6739 2547.3 9.5596 "" "" 0.002809365798233034 0.0064051673 0.0055575185 0.011962686 23.7135507143 61.43933397185 2548.96411 0.06099999999999994 -2.953
23.85246987043 61.14413852233 0.0352 0.0436 8.692 "" "" 509975693663821440 2693.83716 0.3556 0.0612 -1.44 -0.563 0.049 0.069 0.969 5826.3 4.5673 16.999807 1.422009 17.64541 16.223402 "" "" 2353.30029 3259.77393 2985.54825 1.4405 1194.7 7.1626 2569.2 6.2129 "" "" 0.002804677608535957 0.007082118 0.0046018753 0.011683993 23.85246987043 61.14413852233 2693.83716 -1.44 -0.563
