Clusters/Trumpler_1/Trumpler_1_stars_in_region.tsv
# %ECSV 1.0
# ---
# datatype:
# - name: RA_ICRS_1
#   unit: deg
#   datatype: float64
#   format: '{:15.11f}'
#   description: Right ascension (ICRS) at Ep=2016.0 (ra)
#   meta: !!omap
#   - {ucd: POS_EQ_RA_MAIN}
#   - {width: 15}
#   - {precision: '11'}
# - name: DE_ICRS_1
#   unit: deg
#   datatype: float64
#   format: '{:15.11f}'
#   description: Declination (ICRS) at Ep=2016.0 (dec)
#   meta: !!omap
#   - {ucd: POS_EQ_DEC_MAIN}
#   - {width: 15}
#   - {precision: '11'}
# - name: e_RA_ICRS
#   unit: mas
#   datatype: float64
#   format: '{:7.4f}'
#   description: Standard error of right ascension (ra_error)
#   meta: !!omap
#   - {ucd: ERROR}
#   - {width: 7}
#   - {precision: '4'}
# - name: e_DE_ICRS
#   unit: mas
#   datatype: float64
#   format: '{:7.4f}'
#   description: Standard error of declination (dec_error)
#   meta: !!omap
#   - {ucd: ERROR}
#   - {width: 7}
#   - {precision: '4'}
# - name: _r_1
#   unit: ''
#   datatype: float64
#   format: '{:7.4f}'
#   description: Distance from center (023.92271746000+61.28500007000)[ICRS], at Epoch=J2016.0
#   meta: !!omap
#   - {ucd: POS_ANG_DIST_GENERAL}
#   - {width: 7}
#   - {precision: '4'}
# - name: HIP
#   datatype: int32
#   description: '? HIP cross-id number, van Leeuwen, Cat. I/311 (hip_original_ext_source_id)'
#   meta: !!omap
#   - {ucd: ID_NUMBER}
#   - {width: 6}
#   - values: {'null': -2147483648}
# - name: TYC2
#   datatype: string
#   description: Tycho-2 cross-id name, Hog et al., Cat. I/259 (tyc2_original_ext_source_id)
#   meta: !!omap
#   - {ucd: ID_CROSSID}
#   - {_votable_string_dtype: char}
# - name: Source
#   datatype: int64
#   description: Source identifier, identical to the Gaia-EDR3 source_id (id)
#   meta: !!omap
#   - {ucd: ID_MAIN}
#   - {width: 19}
# - name: rgeo
#   unit: pc
#   datatype: float64
#   format: '{:15.8f}'
#   description: '? Median of the geometric distance posterior (r_med_geo)'
#   meta: !!omap
#   - {ucd: PHYS_DISTANCE_TRUE}
#   - {width: 15}
#   - {precision: '8'}
#   - values: {'null': .nan}
# - name: Plx
#   unit: mas
#   datatype: float64
#   format: '{:9.4f}'
#   description: '? Parallax (parallax)'
#   meta: !!omap
#   - {ucd: POS_PARLX_TRIG}
#   - {width: 9}
#   - {precision: '4'}
#   - values: {'null': .nan}
# - name: e_Plx
#   unit: mas
#   datatype: float32
#   format: '{:7.4f}'
#   description: '? Standard error of parallax (parallax_error)'
#   meta: !!omap
#   - {ucd: ERROR}
#   - {width: 7}
#   - {precision: '4'}
#   - values: {'null': .nan}
# - name: pmRA
#   unit: mas / yr
#   datatype: float64
#   format: '{:9.3f}'
#   description: '? Proper motion in right ascension direction, pmRA*cosDE (pmra)'
#   meta: !!omap
#   - {ucd: POS_EQ_PMRA}
#   - {width: 9}
#   - {precision: '3'}
#   - values: {'null': .nan}
# - name: pmDE
#   unit: mas / yr
#   datatype: float64
#   format: '{:9.3f}'
#   description: '? Proper motion in declination direction (pmdec)'
#   meta: !!omap
#   - {ucd: POS_EQ_PMDEC}
#   - {width: 9}
#   - {precision: '3'}
#   - values: {'null': .nan}
# - name: e_pmRA
#   unit: mas / yr
#   datatype: float32
#   format: '{:6.3f}'
#   description: '? Standard error of proper motion in right ascension direction (pmra_error)'
#   meta: !!omap
#   - {ucd: ERROR}
#   - {width: 6}
#   - {precision: '3'}
#   - values: {'null': .nan}
# - name: e_pmDE
[...]
#         unit: &id001 !astropy.units.Unit {unit: deg}
#         value: !astropy.table.SerializedColumn {name: SkyCoord.dec}
#       distance: !astropy.table.SerializedColumn
#         __class__: astropy.coordinates.distances.Distance
#         unit: !astropy.units.Unit {unit: pc}
#         value: !astropy.table.SerializedColumn {name: SkyCoord.distance}
#       frame: icrs
#       obstime: !astropy.time.Time {format: jyear_str, in_subfmt: '*', jd1: 367701545.0, jd2: 0.0, out_subfmt: '*', precision: 3, scale: tt}
#       pm_dec: !astropy.table.SerializedColumn
#         __class__: astropy.units.quantity.Quantity
#         unit: !astropy.units.Unit {unit: mas / yr}
#         value: !astropy.table.SerializedColumn {name: SkyCoord.pm_dec}
#       pm_ra_cosdec: !astropy.table.SerializedColumn
#         __class__: astropy.units.quantity.Quantity
#         unit: !astropy.units.Unit {unit: mas / yr}
#         value: !astropy.table.SerializedColumn {name: SkyCoord.pm_ra_cosdec}
#       ra: !astropy.table.SerializedColumn
#         __class__: astropy.coordinates.angles.Longitude
#         unit: *id001
#         value: !astropy.table.SerializedColumn {name: SkyCoord.ra}
#         wrap_angle: !astropy.coordinates.Angle
#           unit: *id001
#           value: 360.0
#       representation_type: spherical
# schema: astropy-2.0
RA_ICRS_1 DE_ICRS_1 e_RA_ICRS e_DE_ICRS _r_1 HIP TYC2 Source rgeo Plx e_Plx pmRA pmDE e_pmRA e_pmDE RUWE Teff logg Gmag BP-RP BPmag RPmag RV e_RV b_rgeo B_rgeo FG e_FG FBP e_FBP FRP e_FRP RAVE5 RAVE6 e_Gmag e_BPmag e_RPmag e_BP-RP SkyCoord.ra SkyCoord.dec SkyCoord.distance SkyCoord.pm_ra_cosdec SkyCoord.pm_dec
[from data line 40]
23.65051667544 61.11509324222 0.0072 0.0085 12.8775 "" "" 509970436623603456 2514.45874 0.3726 0.0121 -1.326 -0.512 0.01 0.011 0.859 15376.0 4.0346 12.776071 0.438513 12.931881 12.493368 "" "" 2441.84497 2581.36011 146055.67778 21.06 91762.0 40.465 79765.0 32.104 "" "" 0.002759764222455868 0.002830951 0.0038045614 0.006635512 23.65051667544 61.11509324222 2514.45874 -1.326 -0.512
24.1181398407 61.0641059688 0.0073 0.0093 14.409 "" "" 509971673574238592 1985.1311 0.4824 0.0127 -1.569 -0.078 0.01 0.013 0.954 9808.2 3.7704 12.795131 0.612601 13.024593 12.411992 "" "" 1929.11694 2035.24329 143514.0694 22.976 84252.0 38.814 85973.0 30.025 "" "" 0.0027607976059846615 0.002834649 0.0037983556 0.0066330046 24.1181398407 61.0641059688 1985.1311 -1.569 -0.07800000000000008
23.83765346781 61.28571634145 0.013 0.0162 2.4525 "" "" 509979026557978624 2044.73975 0.4797 0.0229 1.383 -0.72 0.017 0.022 1.661 "" "" 12.806193 0.95631 13.192727 12.236417 "" "" 1953.52014 2157.83472 142059.18691 17.005 72165.0 37.322 101060.0 25.664 "" "" 0.0027583837129933554 0.0028461113 0.003789426 0.0066355374 23.83765346781 61.28571634145 2044.73975 1.3829999999999998 -0.7199999999999999
23.72014172636 61.37373287962 0.0077 0.0106 7.8962 "" "" 509991739661095552 2705.33643 0.3407 0.0141 -1.403 -0.551 0.01 0.014 0.932 13715.2 3.8658 12.859715 0.494738 13.039311 12.544574 "" "" 2607.23975 2825.45728 135226.06507 22.905 83117.0 42.463 76090.0 28.09 "" "" 0.0027614508066671913 0.002844771 0.0038005766 0.0066453475 23.72014172636 61.37373287962 2705.33643 -1.403 -0.551
23.7013349583 61.12036136636 0.008 0.0099 11.7696 "" "" 509970604112237952 2272.94092 0.4207 0.0142 -1.75 -0.789 0.012 0.015 0.967 "" "" 12.873389 0.669508 13.111972 12.442464 "" "" 2210.43164 2349.4126 133533.72032 62.662 77737.0 152.13 83594.0 134.73 "" "" 0.0028020299423737872 0.0035070907 0.0041648387 0.0076719294 23.7013349583 61.12036136636 2272.94092 -1.75 -0.7889999999999998
24.24435453255 61.29621360608 0.0099 0.012 9.2946 "" "" 509998439811448192 2526.12256 0.3771 0.0172 -0.695 -0.054 0.013 0.015 1.186 4987.8 2.5446 12.953803 1.982746 13.952076 11.96933 -47.64 0.43 2403.83423 2627.98022 124001.11227 18.623 35858.0 20.733 129250.0 32.634 "" "" 0.002760140952787231 0.00285992 0.0037893108 0.0066492306 24.24435453255 61.29621360608 2526.12256 -0.695 -0.054
23.86536243351 61.32472448131 0.0102 0.0124 2.9002 "" "" 509979541954010752 2581.29077 0.3627 0.0172 -1.726 -0.134 0.013 0.016 1.11 "" "" 12.968405 0.656127 13.214625 12.558498 "" "" 2463.91113 2712.13257 122344.63465 25.695 70724.0 36.848 75121.0 32.168 "" "" 0.0027647397932836575 0.0028469358 0.0038078716 0.0066548074 23.86536243351 61.32472448131 2581.29077 -1.726 -0.1339999999999999
23.94393522039 61.27605754672 0.0107 0.013 0.8137 "" "" 509978339363221504 2644.66187 0.3544 0.0184 -1.584 -0.679 0.013 0.017 1.129 12106.0 3.6734 12.982118 0.662867 13.210395 12.547528 "" "" 2531.40576 2778.45068 120809.11977 24.273 71000.0 105.2 75883.0 276.82 "" "" 0.002763942339493964 0.003220721 0.005474601 0.008695322 23.94393522039 61.27605754672 2644.66187 -1.584 -0.679
24.03497914221 61.14276170884 0.0083 0.0106 9.1299 "" "" 509972906214705664 2885.25098 0.3199 0.0149 -1.556 -0.781 0.011 0.014 1.096 6172.6 2.8578 13.0397 0.692957 13.301661 12.608704 "" "" 2771.23242 3006.74219 114568.96681 23.936 65276.0 34.16 71726.0 23.114 "" "" 0.0027646416126641564 0.002847434 0.0037955428 0.006642977 24.03497914221 61.14276170884 2885.25098 -1.556 -0.7810000000000002
23.51187139294 61.23294279189 0.007 0.0085 12.258 "" "" 509983871281153792 2595.63989 0.3544 0.0117 -1.742 -0.497 0.009 0.012 0.934 12903.7 3.6814 13.086264 0.604764 13.309658 12.704894 "" "" 2525.64087 2663.7644 109759.31435 21.677 64797.0 31.138 65645.0 23.706 "" "" 0.002763651371131864 0.0028385327 0.0037996655 0.006638198 23.51187139294 61.23294279189 2595.63989 -1.7419999999999998 -0.49699999999999994
23.78844348243 61.07660670168 0.0067 0.0083 13.0928 "" "" 509969508910710144 2899.85645 0.312 0.0114 -2.23 0.774 0.009 0.012 0.966 5057.1 2.607 13.13452 1.806591 14.017185 12.210594 -43.61 0.72 2796.93018 3011.4292 104987.83405 13.616 33771.0 18.302 103500.0 23.449 "" "" 0.0027589159076065388 0.0028515386 0.0037873785 0.006638917 23.78844348243 61.07660670168 2899.85645 -2.23 0.774
23.78130838024 61.35964905347 0.0095 0.0122 6.053 "" "" 509991567862414592 2785.0188 0.3274 0.017 -1.381 -0.623 0.012 0.016 1.354 "" "" 13.186999 0.624753 13.417973 12.79322 "" "" 2654.62915 2947.73462 100033.82924 20.103 58645.0 34.069 60516.0 25.261 "" "" 0.002763945918409851 0.0028605743 0.003806459 0.0066670333 23.78130838024 61.35964905347 2785.0188 -1.381 -0.6229999999999999
23.60920275599 61.39286956908 0.0074 0.0089 11.1036 "" "" 509992220697423360 2628.26172 0.3484 0.012 -1.694 -0.472 0.009 0.012 0.98 12570.6 3.8217 13.189399 0.494038 13.366828 12.87279 "" "" 2552.89014 2711.60278 99813.03819 26.536 61473.0 27.155 56240.0 24.06 "" "" 0.0027703986317396787 0.002831091 0.0038078178 0.0066389088 23.60920275599 61.39286956908 2628.26172 -1.694 -0.47199999999999975
23.47160454413 61.34243995473 0.0077 0.0091 13.4417 "" "" 509993629446731136 2534.58545 0.3604 0.0127 -1.667 -0.59 0.01 0.013 0.954 13643.2 3.8835 13.189632 0.652883 13.433205 12.780321 "" "" 2460.16675 2601.33179 99791.58827 21.045 57828.0 30.778 61239.0 25.213 "" "" 0.0027648176861959617 0.0028493816 0.0038057258 0.0066551073 23.47160454413 61.34243995473 2534.58545 -1.667 -0.5900000000000001
23.68680458652 61.43558404259 0.0071 0.0094 11.2986 "" "" 510016169436360320 2519.41699 0.3658 0.0124 -1.277 -1.709 0.009 0.012 0.954 5466.0 2.7155 13.198088 1.606261 13.952469 12.346208 -51.02 0.96 2452.02393 2588.96558 99017.41969 12.346 35845.0 19.676 91343.0 30.992 "" "" 0.0027586438399912717 0.002853111 0.0037972927 0.0066504036 23.68680458652 61.43558404259 2519.41699 -1.277 -1.709
23.51706081972 61.33000152166 0.0079 0.0097 11.9934 "" "" 509990605789763328 2868.84473 0.3172 0.013 -1.704 -0.695 0.01 0.013 0.926 14185.4 3.759 13.225344 0.583218 13.437822 12.854605 "" "" 2777.7561 2988.96289 96562.6551 20.616 57582.0 30.371 57189.0 22.063 "" "" 0.0027650537322332952 0.0028483307 0.0038025223 0.006650853 23.51706081972 61.33000152166 2868.84473 -1.7039999999999997 -0.695
23.86007045164 61.06048437195 0.007 0.0086 13.5923 "" "" 509966519613489792 2625.39868 0.3463 0.0118 -1.556 -0.704 0.01 0.013 1.016 12761.5 3.7989 13.247027 0.538887 13.442795 12.903908 "" "" 2543.93335 2701.20117 94653.28678 15.58 57319.0 26.543 54651.0 19.392 "" "" 0.0027611098726009332 0.0028351073 0.0037989668 0.0066340743 23.86007045164 61.06048437195 2625.39868 -1.556 -0.7040000000000002
23.69639737881 61.47257140879 0.0176 0.0223 12.9988 "" "" 510016371287747584 2045.44543 0.4596 0.0286 -1.21 -0.647 0.021 0.029 2.563 8949.5 3.3776 13.27948 0.791653 13.584419 12.792767 "" "" 1945.6792 2160.53198 91865.97228 20.021 50309.0 26.9 60541.0 22.346 "" "" 0.0027654618867780784 0.002849925 0.0038005696 0.0066504944 23.69639737881 61.47257140879 2045.44543 -1.21 -0.647
23.81072470188 61.13128450963 0.0075 0.0089 9.7743 "" "" 509975762383026816 2305.68286 0.4 0.0123 -1.043 -0.354 0.011 0.013 1.01 6683.4 3.6043 13.339629 0.638271 13.576019 12.937748 "" "" 2255.52637 2365.22437 86915.09922 14.221 50700.0 25.289 52974.0 29.867 "" "" 0.0027610411173575318 0.0028422417 0.003828635 0.0066708764 23.81072470188 61.13128450963 2305.68286 -1.0430000000000001 -0.35400000000000004
23.58861773551 61.35185205432 0.0082 0.0102 10.4236 "" "" 509992048898759680 2903.46387 0.3115 0.014 -1.234 -0.215 0.011 0.014 1.112 "" "" 13.352822 1.655386 14.139676 12.48429 -51.63 1.04 2806.22827 3019.86401 85865.3228 11.648 30168.0 16.568 80434.0 24.665 "" "" 0.002759253922231208 0.0028531726 0.0037940184 0.006647191 23.58861773551 61.35185205432 2903.46387 -1.234 -0.2150000000000001
23.91361789464 61.29471592131 0.0078 0.0093 0.6392 "" "" 509978614241105280 2569.67529 0.357 0.0134 -1.626 -0.581 0.01 0.012 0.937 12104.8 3.9557 13.363614 0.678818 13.619496 12.940679 "" "" 2480.96582 2658.86621 85016.11346 13.92 48710.0 26.569 52831.0 26.535 "" "" 0.0027610490999589376 0.0028523272 0.0038185213 0.0066708485 23.91361789464 61.29471592131 2569.67529 -1.626 -0.5809999999999998
24.10240661878 61.2112214369 0.0078 0.0094 6.8184 "" "" 509974972108939392 1992.43481 0.4687 0.0133 -1.115 -1.13 0.01 0.012 0.976 "" "" 13.41507 1.231808 13.945541 12.713734 "" "" 1948.91028 2051.1355 81080.97449 10.26 36074.0 21.733 65113.0 25.992 "" "" 0.0027587434108525305 0.002865817 0.0038041514 0.0066699684 24.10240661878 61.2112214369 1992.43481 -1.1150000000000002 -1.13
23.7166974878 61.14491337665 0.0076 0.0092 10.2993 "" "" 509970745861209600 2254.22485 0.4151 0.0133 -0.987 -0.227 0.011 0.013 1.078 6654.1 3.5262 13.431846 0.676585 13.685156 13.008571 "" "" 2179.31689 2322.58203 79837.80858 35.446 45852.0 83.388 49628.0 51.385 "" "" 0.0027971685346589188 0.0034181753 0.003943031 0.007361206 23.7166974878 61.14491337665 2254.22485 -0.987 -0.2269999999999999
23.81066683761 61.16498430176 0.0077 0.0095 7.8947 "" "" 509975968541416832 2298.50415 0.4017 0.014 -0.872 -1.022 0.011 0.013 1.052 9031.4 3.5567 13.487161 1.055016 13.920947 12.865932 "" "" 2211.16016 2378.20728 75872.18414 12.658 36901.0 22.944 56596.0 26.418 "" "" 0.002761267817651565 0.002870676 0.0038132106 0.006683887 23.81066683761 61.16498430176 2298.50415 -0.8719999999999999 -1.022
23.77416977095 61.41027256541 0.0093 0.0119 8.6464 "" "" 510015173003965568 2707.38501 0.336 0.0163 -1.513 -1.092 0.012 0.016 1.266 "" "" 13.490057 1.594153 14.236496 12.642343 -58.73 1.65 2580.01855 2829.89355 75670.00967 10.458 27594.0 13.578 69538.0 17.336 "" "" 0.0027594031546297596 0.0028408577 0.0037890624 0.00662992 23.77416977095 61.41027256541 2707.38501 -1.513 -1.092
23.45616868483 61.37600856596 0.0077 0.0097 14.4974 "" "" 509993835605134720 2542.35522 0.3644 0.0132 -1.636 -0.053 0.01 0.013 0.948 6756.2 3.2266 13.498549 0.579304 13.711423 13.132119 "" "" 2449.24976 2630.05737 75080.53294 17.32 44756.0 20.927 44291.0 16.096 "" "" 0.0027666805900090252 0.0028359788 0.003799923 0.0066359015 23.45616868483 61.37600856596 2542.35522 -1.6360000000000001 -0.052999999999999936
23.7001374888 61.10563618006 0.008 0.0099 12.5388 "" "" 509970539702830592 2214.73145 0.4192 0.014 -4.566 -1.605 0.011 0.014 0.99 "" "" 13.553299 1.820664 14.444388 12.623724 -91.7 0.82 2145.38672 2276.3877 71388.29286 12.38 22786.0 19.183 70741.0 29.171 "" "" 0.00276174600761196 0.0029360766 0.0038058085 0.006741885 23.7001374888 61.10563618006 2214.73145 -4.566 -1.605
23.60713882864 61.24228851099 0.0082 0.0098 9.4573 "" "" 509988986572251904 2691.85571 0.3415 0.0141 -1.982 1.284 0.01 0.013 1.024 "" "" 13.565387 1.690073 14.371667 12.681594 -57.36 1.02 2597.82788 2794.18018 70597.92132 9.4523 24364.0 16.644 67069.0 17.171 "" "" 0.0027591522908341506 0.002887071 0.0037895902 0.0066766613 23.60713882864 61.24228851099 2691.85571 -1.9820000000000004 1.284
24.38484644146 61.40258247202 0.0183 0.0221 15.0525 "" "" 510006308191622144 1957.01428 0.4835 0.0315 -1.701 -2.436 0.023 0.028 2.709 "" "" 13.623599 1.138489 14.099628 12.961139 "" "" 1842.59485 2111.8457 66912.46461 11.893 31302.0 19.586 51845.0 23.801 "" "" 0.002762069887469908 0.002871685 0.0038121082 0.006683793 24.38484644146 61.40258247202 1957.01428 -1.7010000000000003 -2.4360000000000004
23.84018515869 61.33703067474 0.0103 0.0124 3.9239 "" "" 509979748112432896 2265.73486 0.4155 0.0173 -3.105 0.762 0.013 0.016 1.293 "" "" 13.638811 1.142002 14.122301 12.980299 "" "" 2173.98633 2384.92798 65981.52241 8.4209 30655.0 17.101 50938.0 17.299 "" "" 0.0027588023265636627 0.002855153 0.003797326 0.006652479 23.84018515869 61.33703067474 2265.73486 -3.105 0.762
23.61588062379 61.26708203446 0.0113 0.0133 8.9128 "" "" 509989128321084544 2667.76318 0.3476 0.019 -1.447 -0.305 0.015 0.018 1.323 "" "" 13.672142 0.675871 13.92783 13.251959 "" "" 2566.0625 2780.82861 63986.72681 14.261 36668.0 19.658 39662.0 16.747 "" "" 0.002765925712053248 0.0028502378 0.0038070853 0.006657323 23.61588062379 61.26708203446 2667.76318 -1.447 -0.305
23.87358956973 61.2784866759 0.0082 0.01 1.4693 "" "" 509978197614400640 2621.01099 0.35 0.0138 -1.729 -0.664 0.01 0.014 1.018 12616.5 3.7753 13.676462 0.642439 13.915185 13.272746 "" "" 2542.53784 2726.8562 63732.61523 10.5 37097.0 22.68 38910.0 19.219 "" "" 0.0027611204238842013 0.0028680414 0.0038172407 0.006685282 23.87358956973 61.2784866759 2621.01099 -1.729 -0.6639999999999999
24.45806067299 61.28342087038 0.008 0.01 15.4331 "" "" 509952191601416576 2743.8313 0.3291 0.015 -2.572 2.033 0.01 0.013 0.993 5051.0 2.6162 13.704126 1.90103 14.647731 12.746701 -56.21 1.01 2634.79907 2861.91455 62129.28662 9.491 18894.0 12.914 63165.0 17.441 "" "" 0.002760307722296531 0.0028871712 0.0037912533 0.006678425 24.45806067299 61.28342087038 2743.8313 -2.572000000000001 2.033
24.03678133199 61.24026244164 0.0089 0.0106 4.2465 "" "" 509975246986811520 2772.83813 0.3287 0.0154 -0.324 -0.639 0.011 0.014 0.967 "" "" 13.714087 0.781037 14.014814 13.233777 "" "" 2655.71875 2907.86743 61561.84925 12.111 33845.0 26.548 40332.0 17.09 "" "" 0.0027635869013196666 0.0029172518 0.0038072804 0.006724532 24.03678133199 61.24026244164 2772.83813 -0.32399999999999995 -0.6389999999999998
23.99576560306 61.28315728112 0.0082 0.0103 2.1087 "" "" 509978408083171072 2643.88623 0.3469 0.0142 -1.602 -0.583 0.01 0.014 1.049 12279.3 3.8095 13.766235 0.744366 14.049076 13.30471 "" "" 2557.61548 2759.00928 58674.94424 11.948 32793.0 19.509 37781.0 16.167 "" "" 0.0027641761310649117 0.0028639587 0.0038078316 0.00667179 23.99576560306 61.28315728112 2643.88623 -1.6019999999999999 -0.5829999999999997
23.90916032633 61.31440383324 0.0088 0.0107 1.807 "" "" 509978717320299520 2588.66675 0.3578 0.015 -1.737 -0.608 0.011 0.014 1.0 6722.9 3.4782 13.778103 0.680642 14.032146 13.351504 "" "" 2494.21509 2718.90527 58037.08087 31.289 33309.0 65.942 36187.0 50.4 "" "" 0.0028168095149113045 0.0035220915 0.004070676 0.0075927675 23.90916032633 61.31440383324 2588.66675 -1.737 -0.6080000000000001
24.46614850587 61.2352763425 0.0084 0.01 15.9593 "" "" 509951607485398272 2220.72241 0.4212 0.0154 -0.627 0.346 0.01 0.013 0.992 "" "" 13.7891 0.72675 14.06743 13.340679 "" "" 2136.44141 2306.50854 57452.25133 8.9507 32244.0 18.838 36550.0 14.651 "" "" 0.002760507457584281 0.0028613657 0.003804358 0.0066657234 24.46614850587 61.2352763425 2220.72241 -0.627 0.34600000000000003
23.71589044422 61.11093148713 0.0095 0.0105 12.0343 "" "" 509970539702823680 2675.17676 0.3399 0.0162 -2.637 -0.393 0.013 0.015 0.993 10800.1 3.7739 13.811251 0.616146 14.014261 13.398115 "" "" 2571.6582 2775.81689 56291.97759 11.856 33862.0 157.63 34667.0 43.635 "" "" 0.002764793122561654 0.005773194 0.0040188725 0.009792067 23.71589044422 61.11093148713 2675.17676 -2.6369999999999996 -0.39299999999999985
24.30236546733 61.19944505283 0.0087 0.0102 12.1017 "" "" 509950611053054336 2223.75635 0.418 0.0149 -1.259 -0.731 0.011 0.013 1.018 "" "" 13.818028 0.779088 14.120343 13.341255 "" "" 2129.36279 2296.83081 55941.67253 8.5104 30710.0 21.694 36531.0 15.765 "" "" 0.002760266561795397 0.0028936667 0.0038083156 0.0067019826 24.30236546733 61.19944505283 2223.75635 -1.259 -0.7309999999999998
24.0188643483 61.44557498232 0.0083 0.0106 10.0233 "" "" 510004555844781568 2310.85522 0.3957 0.0141 -5.082 3.25 0.011 0.015 1.032 "" "" 13.818726 1.979554 14.814471 12.834917 -65.99 1.25 2242.36987 2382.19458 55905.73269 9.3698 16204.0 13.282 58236.0 18.643 "" "" 0.002761322554528324 0.0029286616 0.0037953306 0.0067239925 24.0188643483 61.44557498232 2310.85522 -5.081999999999999 3.249999999999999
