Clusters/UBC_545/UBC_545_stars_in_region.tsv
# %ECSV 1.0
# ---
# datatype:
# - name: RA_ICRS_1
#   unit: deg
#   datatype: float64
#   format: '{:15.11f}'
#   description: Right ascension (ICRS) at Ep=2016.0 (ra)
#   meta: !!omap
#   - {ucd: POS_EQ_RA_MAIN}
#   - {width: 15}
#   - {precision: '11'}
# - name: DE_ICRS_1
#   unit: deg
#   datatype: float64
#   format: '{:15.11f}'
#   description: Declination (ICRS) at Ep=2016.0 (dec)
#   meta: !!omap
#   - {ucd: POS_EQ_DEC_MAIN}
#   - {width: 15}
#   - {precision: '11'}
# - name: e_RA_ICRS
#   unit: mas
#   datatype: float64
#   format: '{:7.4f}'
#   description: Standard error of right ascension (ra_error)
#   meta: !!omap
#   - {ucd: ERROR}
#   - {width: 7}
#   - {precision: '4'}
# - name: e_DE_ICRS
#   unit: mas
#   datatype: float64
#   format: '{:7.4f}'
#   description: Standard error of declination (dec_error)
#   meta: !!omap
#   - {ucd: ERROR}
#   - {width: 7}
#   - {precision: '4'}
# - name: _r_1
#   unit: ''
#   datatype: float64
#   format: '{:7.4f}'
#   description: Distance from center (248.52121138000-48.91819578000)[ICRS], at Epoch=J2016.0
#   meta: !!omap
#   - {ucd: POS_ANG_DIST_GENERAL}
#   - {width: 7}
#   - {precision: '4'}
# - name: HIP
#   datatype: int32
#   description: '? HIP cross-id number, van Leeuwen, Cat. I/311 (hip_original_ext_source_id)'
#   meta: !!omap
#   - {ucd: ID_NUMBER}
#   - {width: 6}
#   - values: {'null': -2147483648}
# - name: TYC2
#   datatype: string
#   description: Tycho-2 cross-id name, Hog et al., Cat. I/259 (tyc2_original_ext_source_id)
#   meta: !!omap
#   - {ucd: ID_CROSSID}
#   - {_votable_string_dtype: char}
# - name: Source
#   datatype: int64
#   description: Source identifier, identical to the Gaia-EDR3 source_id (id)
#   meta: !!omap
#   - {ucd: ID_MAIN}
#   - {width: 19}
# - name: rgeo
#   unit: pc
#   datatype: float64
#   format: '{:15.8f}'
#   description: '? Median of the geometric distance posterior (r_med_geo)'
#   meta: !!omap
#   - {ucd: PHYS_DISTANCE_TRUE}
#   - {width: 15}
#   - {precision: '8'}
#   - values: {'null': .nan}
# - name: Plx
#   unit: mas
#   datatype: float64
#   format: '{:9.4f}'
#   description: '? Parallax (parallax)'
#   meta: !!omap
#   - {ucd: POS_PARLX_TRIG}
#   - {width: 9}
#   - {precision: '4'}
#   - values: {'null': .nan}
# - name: e_Plx
#   unit: mas
#   datatype: float32
#   format: '{:7.4f}'
#   description: '? Standard error of parallax (parallax_error)'
#   meta: !!omap
#   - {ucd: ERROR}
#   - {width: 7}
#   - {precision: '4'}
#   - values: {'null': .nan}
# - name: pmRA
#   unit: mas / yr
#   datatype: float64
#   format: '{:9.3f}'
#   description: '? Proper motion in right ascension direction, pmRA*cosDE (pmra)'
#   meta: !!omap
#   - {ucd: POS_EQ_PMRA}
#   - {width: 9}
#   - {precision: '3'}
#   - values: {'null': .nan}
# - name: pmDE
#   unit: mas / yr
#   datatype: float64
#   format: '{:9.3f}'
#   description: '? Proper motion in declination direction (pmdec)'
#   meta: !!omap
#   - {ucd: POS_EQ_PMDEC}
#   - {width: 9}
#   - {precision: '3'}
#   - values: {'null': .nan}
# - name: e_pmRA
#   unit: mas / yr
#   datatype: float32
#   format: '{:6.3f}'
#   description: '? Standard error of proper motion in right ascension direction (pmra_error)'
#   meta: !!omap
#   - {ucd: ERROR}
#   - {width: 6}
#   - {precision: '3'}
#   - values: {'null': .nan}
# - name: e_pmDE
[...]
#         value: !astropy.table.SerializedColumn {name: SkyCoord.dec}
#       distance: !astropy.table.SerializedColumn
#         __class__: astropy.coordinates.distances.Distance
#         unit: !astropy.units.Unit {unit: pc}
#         value: !astropy.table.SerializedColumn {name: SkyCoord.distance}
#       frame: icrs
#       obstime: !astropy.time.Time {format: jyear_str, in_subfmt: '*', jd1: 367701545.0, jd2: 0.0, out_subfmt: '*', precision: 3, scale: tt}
#       pm_dec: !astropy.table.SerializedColumn
#         __class__: astropy.units.quantity.Quantity
#         unit: !astropy.units.Unit {unit: mas / yr}
#         value: !astropy.table.SerializedColumn {name: SkyCoord.pm_dec}
#       pm_ra_cosdec: !astropy.table.SerializedColumn
#         __class__: astropy.units.quantity.Quantity
#         unit: !astropy.units.Unit {unit: mas / yr}
#         value: !astropy.table.SerializedColumn {name: SkyCoord.pm_ra_cosdec}
#       ra: !astropy.table.SerializedColumn
#         __class__: astropy.coordinates.angles.Longitude
#         unit: *id001
#         value: !astropy.table.SerializedColumn {name: SkyCoord.ra}
#         wrap_angle: !astropy.coordinates.Angle
#           unit: *id001
#           value: 360.0
#       representation_type: spherical
# schema: astropy-2.0
RA_ICRS_1 DE_ICRS_1 e_RA_ICRS e_DE_ICRS _r_1 HIP TYC2 Source rgeo Plx e_Plx pmRA pmDE e_pmRA e_pmDE RUWE Teff logg Gmag BP-RP BPmag RPmag RV e_RV b_rgeo B_rgeo FG e_FG FBP e_FBP FRP e_FRP RAVE5 RAVE6 e_Gmag e_BPmag e_RPmag e_BP-RP SkyCoord.ra SkyCoord.dec SkyCoord.distance SkyCoord.pm_ra_cosdec SkyCoord.pm_dec rmRA rmDE e_rmRA e_rmDE rRV e_rRV v_pec v_pec3d e_vpec e_vpec3d
[from data line 250]
248.24908359954 -48.96873987748 0.5835 0.4074 11.1446 "" "" 5940725307041827200 2615.45264 1.5449 0.759 -6.141 0.124 0.766 0.588 10.986 7093.7 2.8695 15.111708 1.607282 15.596037 13.988755 -59.13 9.27 1390.37158 5953.34717 16992.74555 158.07 7888.6 10.552 20121.0 15.748 "" "" 0.010468836633462883 0.003145513 0.0038737361 0.007019249 248.24908359954 -48.96873987748 2615.45264 -6.141 0.12399999999999736 -4.963294116020203 2.830235408782959 0.85192657 0.6739266 "" "" 70.83213819091887 "" 57.506531085920415 ""
248.36194720114 -48.66942488281 0.0273 0.0207 16.1994 "" "" 5941110307871315072 2569.10205 0.353 0.0358 -4.392 -4.873 0.042 0.028 1.044 4991.1 3.0672 15.124154 2.196346 16.235336 14.03899 -54.3 4.95 2357.62817 2836.3208 16799.06267 5.5598 4378.1 11.698 19212.0 15.722 "" "" 0.002778652623654239 0.0040250397 0.0038824177 0.007907458 248.36194720114 -48.66942488281 2569.10205 -4.3919999999999995 -4.872999999999999 -3.214294116020203 -2.1667645912170412 0.12792662 0.11392662 "" "" 47.20515376351505 "" 5.840351894667665 ""
248.74898726783 -48.68331495788 0.0242 0.0164 16.7225 "" "" 5941095601929492864 2635.37598 0.3302 0.0297 0.152 1.199 0.033 0.024 0.989 "" "" 15.133376 2.455892 16.454372 13.998481 16.34 7.2 2447.26782 2913.86255 16656.97988 5.6 3578.2 7.4994 19942.0 18.497 "" "" 0.0027793935741567428 0.0036004407 0.0039112535 0.007511694 248.74898726783 -48.68331495788 2635.37598 0.15199999999999983 1.198999999999999 1.3297058839797973 3.905235408782959 0.11892662 0.109926626 "" "" 51.53327057185676 "" 5.714815494779502 ""
248.42767320246 -48.62440765634 0.0368 0.0244 18.0112 "" "" 5941110685861758208 2901.64429 0.3208 0.0516 -3.451 -0.409 0.052 0.036 1.105 "" "" 15.134766 2.289774 16.342442 14.052668 -72.96 4.45 2528.16553 3321.24731 16635.68476 5.1173 3966.8 6.2502 18971.0 19.673 "" "" 0.0027754880884463397 0.0032728577 0.003943527 0.0072163846 248.42767320246 -48.62440765634 2901.64429 -3.4509999999999996 -0.40900000000000103 -2.2732941160202027 2.297235408782959 0.13792662 0.12192662 "" "" 44.450842042174024 "" 5.782565797793549 ""
248.69478307938 -48.95690241666 0.0293 0.0184 7.2244 "" "" 5940716854544351488 2816.0835 0.3167 0.0354 -1.521 -3.665 0.042 0.026 1.169 8928.4 3.4498 15.164239 1.147898 15.621365 14.473467 "" "" 2569.83545 3128.02124 16190.15569 5.1081 7706.7 12.823 12876.0 20.7 "" "" 0.002776532837204655 0.003323944 0.004162981 0.0074869255 248.69478307938 -48.95690241666 2816.0835 -1.5210000000000024 -3.665 -0.34329411602020254 -0.958764591217041 0.12792662 0.11192662 "" "" 13.59346211378789 "" 1.547725863100267 ""
248.27411578895 -48.8147986186 0.0238 0.0163 11.5586 "" "" 5940732591305621504 2575.92065 0.3525 0.0299 -0.453 -2.011 0.033 0.024 0.966 "" "" 15.171354 1.592965 15.896036 14.303071 -254.34 12.3 2404.99292 2768.85791 16084.41118 4.6467 5984.2 16.672 15064.0 16.732 "" "" 0.0027731163152592176 0.004115198 0.003967122 0.00808232 248.27411578895 -48.8147986186 2575.92065 -0.45299999999999985 -2.0109999999999992 0.7247058839797973 0.6952354087829589 0.11892662 0.109926626 "" "" 12.261955373940584 "" 1.4064645563839115 ""
248.80233131317 -48.8400792263 0.0357 0.0202 12.0422 "" "" 5940906795164843520 2642.95972 0.3548 0.0434 -2.021 -3.451 0.043 0.029 1.445 9306.9 3.7358 15.171433 1.367253 15.710874 14.34362 "" "" 2381.27295 2985.78955 16083.23402 5.8844 7096.9 21.221 14511.0 46.388 "" "" 0.0027838083812098276 0.0042807832 0.005131311 0.009412094 248.80233131317 -48.8400792263 2642.95972 -2.020999999999999 -3.450999999999995 -0.8432941160202025 -0.7447645912170411 0.12892662 0.11492662 "" "" 14.09466428666654 "" 1.733477736559338 ""
248.25842085618 -49.03071044042 0.0246 0.0157 12.3568 "" "" 5940723589053584512 2684.47607 0.3398 0.0312 -1.704 -3.527 0.029 0.024 1.007 7195.5 3.3097 15.176665 1.221866 15.695846 14.47398 "" "" 2506.41553 2921.07959 16005.92425 3.9874 7195.8 12.543 12870.0 13.113 "" "" 0.0027685642912911876 0.003371466 0.0039379545 0.0073094205 248.25842085618 -49.03071044042 2684.47607 -1.7039999999999997 -3.527 -0.5262941160202026 -0.8207645912170412 0.11492662 0.109926626 "" "" 12.406404107413877 "" 1.3821556786447082 ""
248.62581960796 -48.86058738454 0.0245 0.0163 5.3832 "" "" 5940718194574279808 2518.2124 0.3541 0.0302 -0.654 -1.265 0.032 0.024 0.99 "" "" 15.178674 1.680793 15.970679 14.289886 -68.2 4.8 2364.58862 2824.5332 15976.34367 4.0671 5586.6 13.454 15248.0 12.606 "" "" 0.0027691486347148674 0.0038238596 0.0038845122 0.0077083716 248.62581960796 -48.86058738454 2518.2124 -0.6540000000000007 -1.2650000000000001 0.5237058839797973 1.441235408782959 0.11792663 0.109926626 "" "" 18.30359859734687 "" 2.0296764289883744 ""
248.39473584531 -48.86685313092 0.0252 0.0172 5.8637 "" "" 5940720565396424192 2647.29785 0.3464 0.0315 -6.56 -7.039 0.035 0.026 0.991 8608.2 3.4548 15.179314 1.373003 15.784983 14.41198 "" "" 2455.83081 2908.58716 15966.92845 4.9959 6628.6 12.531 13626.0 11.794 "" "" 0.002776183842847454 0.003463799 0.0038944674 0.007358266 248.39473584531 -48.86685313092 2647.29785 -6.5600000000000005 -7.0390000000000015 -5.382294116020202 -4.332764591217041 0.12092662 0.11192662 "" "" 86.70241115432543 "" 10.184930010288353 ""
248.41443049805 -48.7573636889 0.1188 0.0812 10.5311 "" "" 5940722833139129728 3296.91284 0.3178 0.1626 -4.411 -3.115 0.174 0.127 1.313 3317.8 0.5735 15.180652 6.849432 20.331099 13.481667 "" "" 2394.18018 4795.57373 15947.26467 43.599 100.69 5.2382 32099.0 286.84 "" "" 0.0040500458211604915 0.05655217 0.010412368 0.06696454 248.41443049805 -48.7573636889 3296.91284 -4.411 -3.115 -3.2332941160202022 -0.40876459121704123 0.25992662 0.21292663 "" "" 50.930064114095785 "" 13.203782739697434 ""
248.31221382591 -48.84548207504 0.025 0.0175 9.3294 "" "" 5940732316427673088 2796.83765 0.3216 0.0337 -2.753 -2.317 0.037 0.028 0.977 "" "" 15.180672 1.89116 16.109993 14.218833 "" "" 2524.66895 3063.96094 15946.96803 4.3804 4913.8 10.124 16279.0 16.434 "" "" 0.002771413733401166 0.0035761788 0.0039351117 0.0075112907 248.31221382591 -48.84548207504 2796.83765 -2.753 -2.317 -1.5752941160202028 0.3892354087829588 0.12292662 0.11392662 "" "" 21.51174428621258 "" 2.6336120653971364 ""
248.60308434727 -48.82491877818 0.0259 0.017 6.4624 "" "" 5941093746503397376 2664.36328 0.3185 0.0315 -1.986 -3.812 0.035 0.025 0.999 4509.8 1.6938 15.185223 3.242235 17.132309 13.890074 -49.02 2.38 2474.88623 2927.92139 15880.26429 5.8449 1916.4 5.7695 22036.0 14.768 "" "" 0.0027841485115676174 0.004297617 0.0038487893 0.008146406 248.60308434727 -48.82491877818 2664.36328 -1.9860000000000002 -3.8119999999999985 -0.8082941160202026 -1.1057645912170408 0.12092662 0.11092662 "" "" 17.29794575335103 "" 1.9807581539754737 ""
248.85833194696 -49.13393933967 0.0267 0.0171 18.5331 "" "" 5940522687705792256 2645.35352 0.3393 0.0323 -2.787 -2.47 0.038 0.026 1.007 4981.9 3.1941 15.190358 2.412526 16.492 14.079474 -32.27 3.92 2435.68726 2857.38672 15805.32307 5.369 3456.3 7.825 18508.0 13.716 "" "" 0.0027798952351286705 0.0037184996 0.003864084 0.0075825835 248.85833194696 -49.13393933967 2645.35352 -2.787000000000001 -2.4700000000000024 -1.6092941160202026 0.2362354087829588 0.123926625 0.11192662 "" "" 20.395154563093463 "" 2.522585232507632 ""
248.75918406786 -49.18129411952 0.0793 0.05 18.3512 "" "" 5940525092887480576 3483.72144 0.3016 0.0927 -4.732 -6.987 0.123 0.078 2.947 4925.8 2.5701 15.200551 2.5471 16.5582 14.011101 -81.54 2.99 2601.52686 5249.47656 15657.64615 12.692 3251.9 6.4761 19711.0 18.081 "" "" 0.0028924644736809516 0.0035299093 0.003908407 0.007438316 248.75918406786 -49.18129411952 3483.72144 -4.732000000000001 -6.987000000000007 -3.554294116020203 -4.280764591217041 0.20892662 0.16392663 "" "" 91.87722621548274 "" 16.87109458763392 ""
248.23615958732 -48.88021748095 0.0305 0.0208 11.4719 "" "" 5940726921948354816 2531.47729 0.3657 0.0376 -1.549 -2.215 0.046 0.03 1.225 "" "" 15.203549 1.19277 15.674142 14.481372 "" "" 2301.65991 2794.32031 15614.46046 5.0197 7341.1 22.508 12782.0 24.164 "" "" 0.002777340142055351 0.0043435683 0.0043007787 0.008644347 248.23615958732 -48.88021748095 2531.47729 -1.549 -2.2150000000000003 -0.37129411602020257 0.4912354087829591 0.13192663 0.11592662 "" "" 7.38873767331578 "" 0.9013295540180243 ""
248.31320306042 -48.84140968232 0.0244 0.0169 9.4123 "" "" 5940732316427675520 2553.33423 0.3586 0.0314 -1.576 -1.128 0.035 0.026 1.029 7907.6 3.6985 15.20507 1.530361 15.905329 14.374968 "" "" 2366.48169 2735.09668 15592.61617 4.3223 5933.1 9.0036 14098.0 11.388 "" "" 0.0027717090566669648 0.0032403274 0.0038798077 0.0071201352 248.31320306042 -48.84140968232 2553.33423 -1.575999999999999 -1.1279999999999992 -0.3982941160202027 1.578235408782959 0.12092662 0.11192662 "" "" 19.699949803705614 "" 2.2159640500029028 ""
248.28262374755 -49.048769828 0.0411 0.0267 12.2327 "" "" 5940711769277370880 2626.06543 0.3434 0.0414 -0.161 -1.746 0.051 0.043 0.906 "" "" 15.205831 1.189023 14.1757 12.986677 "" "" 2382.67041 2898.72998 15581.69196 66.5 29183.0 2532.7 50639.0 860.06 "" "" 0.005391039138848439 0.094268896 0.018823609 0.113092504 248.28262374755 -49.048769828 2626.06543 -0.1610000000000001 -1.7460000000000009 1.0167058839797973 0.960235408782959 0.13692662 0.12892662 "" "" 17.407634716525436 "" 2.318954960184358 ""
248.64948660287 -49.05703202333 0.0252 0.016 9.7417 "" "" 5940714651205851392 2630.25024 0.3364 0.0308 -5.446 -7.995 0.032 0.024 0.966 4671.3 2.9258 15.205962 2.650571 16.582388 13.931817 -62.95 4.1 2447.70605 2844.37793 15579.80073 6.5541 3180.3 8.043 21205.0 266.94 "" "" 0.0027929208741722827 0.0039146715 0.014180741 0.018095413 248.64948660287 -49.05703202333 2630.25024 -5.446 -7.994999999999999 -4.268294116020202 -5.288764591217041 0.11792663 0.109926626 "" "" 84.7317954414675 "" 9.587369934159682 ""
248.33115056695 -48.82428927881 0.0237 0.0166 9.3813 "" "" 5940732453866635136 2539.28662 0.358 0.031 -0.35 -2.27 0.034 0.024 0.939 7857.3 3.1396 15.210793 1.450393 15.859198 14.408805 "" "" 2364.79492 2727.73047 15510.62334 7.0045 6190.7 16.445 13666.0 18.119 "" "" 0.0027986058807369023 0.004012903 0.0040442473 0.008057151 248.33115056695 -48.82428927881 2539.28662 -0.3500000000000002 -2.270000000000002 0.8277058839797974 0.43623540878295897 0.119926624 0.109926626 "" "" 11.26141416201809 "" 1.326875675810999 ""
248.59789443313 -49.20568691125 0.0266 0.0171 17.5109 "" "" 5940519870206654464 2636.15015 0.344 0.0293 -2.585 -3.443 0.037 0.025 1.09 8769.5 3.0253 15.214843 1.653022 15.986852 14.33383 "" "" 2480.8811 2808.19849 15452.88824 4.1136 5504.0 9.6459 14643.0 16.469 "" "" 0.0027704377511538264 0.0033772208 0.0039717606 0.0073489817 248.59789443313 -49.20568691125 2636.15015 -2.585 -3.4430000000000005 -1.4072941160202026 -0.7367645912170411 0.12292662 0.11092662 "" "" 19.848734599389026 "" 2.3907028520077565 ""
248.77922709745 -48.85898135821 0.0262 0.0164 10.7813 "" "" 5940905352079308032 2759.28052 0.3242 0.0319 -0.53 -3.132 0.033 0.023 1.035 6468.4 2.8071 15.224492 2.237446 16.39252 14.155075 -65.49 3.96 2528.09595 3025.91284 15316.15523 4.1062 3788.0 7.229 17263.0 12.22 "" "" 0.0027706529676683827 0.0034753832 0.0038567365 0.0073321196 248.77922709745 -48.85898135821 2759.28052 -0.5300000000000005 -3.1319999999999992 0.6477058839797973 -0.42576459121704113 0.11892662 0.108926624 "" "" 10.13768003775684 "" 1.1759731961775735 ""
248.88161522376 -48.86830049157 0.0278 0.0169 14.5289 "" "" 5940905798755859456 2528.93701 0.3473 0.0327 -1.442 -2.308 0.033 0.024 1.076 "" "" 15.226092 1.442122 15.866599 14.424478 "" "" 2340.50708 2777.12378 15293.60517 4.3864 6148.6 9.4317 13470.0 14.537 "" "" 0.0027728615499032837 0.003249439 0.0039568553 0.007206294 248.88161522376 -48.86830049157 2528.93701 -1.4419999999999993 -2.307999999999999 -0.2642941160202026 0.39823540878295915 0.11892662 0.109926626 "" "" 5.729346795455042 "" 0.6460116011402812 ""
248.78749770627 -48.81590901978 0.0688 0.0464 12.1706 "" "" 5940906898267551872 2592.90894 0.3758 0.0862 -0.461 -3.071 0.088 0.063 2.4 "" "" 15.226395 "" "" "" "" "" 2196.49219 3276.23511 15289.34547 15.208 "" "" "" "" "" "" 0.0029594090803164524 "" "" "" 248.78749770627 -48.81590901978 2592.90894 -0.460999999999999 -3.071000000000001 0.7167058839797973 -0.3647645912170412 0.17392662 0.14892662 "" "" 9.883799595546082 "" 1.6712073652380217 ""
248.70857064901 -48.72217147873 0.0263 0.0167 13.8967 "" "" 5941095808087736960 2650.6731 0.3181 0.0344 -2.682 -4.021 0.037 0.024 1.006 "" "" 15.226602 3.096971 17.047724 13.950752 -58.56 3.03 2428.28345 2829.01587 15286.43036 6.2861 2071.7 8.2846 20838.0 18.061 "" "" 0.0027912598401868102 0.0051610274 0.0038947775 0.009055804 248.70857064901 -48.72217147873 2650.6731 -2.682 -4.021 -1.5042941160202026 -1.314764591217041 0.12292662 0.109926626 "" "" 25.101689007728073 "" 2.9487817403670076 ""
248.73271966165 -49.1863398538 0.0255 0.0162 18.1112 "" "" 5940519384796265216 2570.72925 0.3504 0.0301 -4.386 -3.255 0.035 0.023 1.031 4925.5 3.3012 15.231201 2.055389 16.257828 14.202438 -45.83 3.25 2360.20898 2794.84912 15221.81505 4.2881 4288.3 15.88 16527.0 32.154 "" "" 0.002772244536722036 0.004893892 0.004329635 0.009223526 248.73271966165 -49.1863398538 2570.72925 -4.385999999999999 -3.255000000000001 -3.2082941160202028 -0.5487645912170409 0.12092662 0.108926624 "" "" 39.66164154809757 "" 4.783273594704278 ""
248.40955364599 -49.19247060548 0.0251 0.0159 17.0321 "" "" 5940706890219726976 2534.11377 0.3423 0.0305 -1.205 -6.411 0.034 0.024 0.967 4599.2 2.4714 15.237463 2.934737 16.93302 13.998282 -105.74 2.82 2359.46289 2759.3042 15134.26665 5.4099 2302.6 10.764 19946.0 19.121 "" "" 0.002782519890689787 0.0057918755 0.003920083 0.0097119585 248.40955364599 -49.19247060548 2534.11377 -1.2049999999999998 -6.411 -0.027294116020202708 -3.7047645912170406 0.119926624 0.109926626 "" "" 44.50172579879932 "" 4.8919498235463 ""
248.27051229893 -49.07624042963 0.0251 0.0165 13.6864 "" "" 5940711631863827584 2937.66992 0.3034 0.0309 -2.452 -3.194 0.032 0.025 1.017 "" "" 15.248087 2.68363 16.750439 14.066809 -33.21 3.25 2706.47192 3178.18921 14986.90756 4.8314 2724.2 7.7187 18726.0 12.151 "" "" 0.0027774627113350096 0.0041531557 0.0038444859 0.007997641 248.27051229893 -49.07624042963 2937.66992 -2.4519999999999977 -3.193999999999999 -1.2742941160202026 -0.48776459121704097 0.11792663 0.11092662 "" "" 18.999441224867216 "" 2.2239875394581645 ""
248.56009436439 -48.83526984666 0.0248 0.0162 5.2068 "" "" 5940721390030004992 2646.94873 0.339 0.0301 -0.678 -4.032 0.033 0.024 0.912 6867.1 3.3527 15.250107 2.577352 16.675972 14.09862 7.12 6.06 2406.24219 2877.23877 14959.05137 4.6279 2917.6 6.9969 18185.0 11.858 "" "" 0.0027757188657053333 0.0038163746 0.0038451224 0.007661497 248.56009436439 -48.83526984666 2646.94873 -0.6779999999999997 -4.032 0.4997058839797973 -1.325764591217041 0.11892662 0.109926626 "" "" 17.776090698241212 "" 1.9746730617027708 ""
248.12963351866 -49.04165063943 0.0226 0.0157 17.1069 "" "" 5940724104449695232 2907.53296 0.3025 0.0292 -3.864 -4.867 0.03 0.024 0.967 "" "" 15.253586 2.294592 16.465097 14.170506 -27.68 9.53 2671.29395 3149.1438 14911.19126 4.3375 3543.1 7.7435 17020.0 13.095 "" "" 0.0027733620585302936 0.0036627408 0.0038705997 0.0075333407 248.12963351866 -49.04165063943 2907.53296 -3.863999999999998 -4.866999999999997 -2.6862941160202025 -2.160764591217041 0.11592662 0.109926626 "" "" 47.51207933320818 "" 5.397723657410421 ""
