Clusters/UBC_545/UBC_545_stars_in_region.tsv
# %ECSV 1.0
# ---
# datatype:
# - name: RA_ICRS_1
#   unit: deg
#   datatype: float64
#   format: '{:15.11f}'
#   description: Right ascension (ICRS) at Ep=2016.0 (ra)
#   meta: !!omap
#   - {ucd: POS_EQ_RA_MAIN}
#   - {width: 15}
#   - {precision: '11'}
# - name: DE_ICRS_1
#   unit: deg
#   datatype: float64
#   format: '{:15.11f}'
#   description: Declination (ICRS) at Ep=2016.0 (dec)
#   meta: !!omap
#   - {ucd: POS_EQ_DEC_MAIN}
#   - {width: 15}
#   - {precision: '11'}
# - name: e_RA_ICRS
#   unit: mas
#   datatype: float64
#   format: '{:7.4f}'
#   description: Standard error of right ascension (ra_error)
#   meta: !!omap
#   - {ucd: ERROR}
#   - {width: 7}
#   - {precision: '4'}
# - name: e_DE_ICRS
#   unit: mas
#   datatype: float64
#   format: '{:7.4f}'
#   description: Standard error of declination (dec_error)
#   meta: !!omap
#   - {ucd: ERROR}
#   - {width: 7}
#   - {precision: '4'}
# - name: _r_1
#   unit: ''
#   datatype: float64
#   format: '{:7.4f}'
#   description: Distance from center (248.52121138000-48.91819578000)[ICRS], at Epoch=J2016.0
#   meta: !!omap
#   - {ucd: POS_ANG_DIST_GENERAL}
#   - {width: 7}
#   - {precision: '4'}
# - name: HIP
#   datatype: int32
#   description: '? HIP cross-id number, van Leeuwen, Cat. I/311 (hip_original_ext_source_id)'
#   meta: !!omap
#   - {ucd: ID_NUMBER}
#   - {width: 6}
#   - values: {'null': -2147483648}
# - name: TYC2
#   datatype: string
#   description: Tycho-2 cross-id name, Hog et al., Cat. I/259 (tyc2_original_ext_source_id)
#   meta: !!omap
#   - {ucd: ID_CROSSID}
#   - {_votable_string_dtype: char}
# - name: Source
#   datatype: int64
#   description: Source identifier, identical to the Gaia-EDR3 source_id (id)
#   meta: !!omap
#   - {ucd: ID_MAIN}
#   - {width: 19}
# - name: rgeo
#   unit: pc
#   datatype: float64
#   format: '{:15.8f}'
#   description: '? Median of the geometric distance posterior (r_med_geo)'
#   meta: !!omap
#   - {ucd: PHYS_DISTANCE_TRUE}
#   - {width: 15}
#   - {precision: '8'}
#   - values: {'null': .nan}
# - name: Plx
#   unit: mas
#   datatype: float64
#   format: '{:9.4f}'
#   description: '? Parallax (parallax)'
#   meta: !!omap
#   - {ucd: POS_PARLX_TRIG}
#   - {width: 9}
#   - {precision: '4'}
#   - values: {'null': .nan}
# - name: e_Plx
#   unit: mas
#   datatype: float32
#   format: '{:7.4f}'
#   description: '? Standard error of parallax (parallax_error)'
#   meta: !!omap
#   - {ucd: ERROR}
#   - {width: 7}
#   - {precision: '4'}
#   - values: {'null': .nan}
# - name: pmRA
#   unit: mas / yr
#   datatype: float64
#   format: '{:9.3f}'
#   description: '? Proper motion in right ascension direction, pmRA*cosDE (pmra)'
#   meta: !!omap
#   - {ucd: POS_EQ_PMRA}
#   - {width: 9}
#   - {precision: '3'}
#   - values: {'null': .nan}
# - name: pmDE
#   unit: mas / yr
#   datatype: float64
#   format: '{:9.3f}'
#   description: '? Proper motion in declination direction (pmdec)'
#   meta: !!omap
#   - {ucd: POS_EQ_PMDEC}
#   - {width: 9}
#   - {precision: '3'}
#   - values: {'null': .nan}
# - name: e_pmRA
#   unit: mas / yr
#   datatype: float32
#   format: '{:6.3f}'
#   description: '? Standard error of proper motion in right ascension direction (pmra_error)'
#   meta: !!omap
#   - {ucd: ERROR}
#   - {width: 6}
#   - {precision: '3'}
#   - values: {'null': .nan}
# - name: e_pmDE
[...]
#         value: !astropy.table.SerializedColumn {name: SkyCoord.dec}
#       distance: !astropy.table.SerializedColumn
#         __class__: astropy.coordinates.distances.Distance
#         unit: !astropy.units.Unit {unit: pc}
#         value: !astropy.table.SerializedColumn {name: SkyCoord.distance}
#       frame: icrs
#       obstime: !astropy.time.Time {format: jyear_str, in_subfmt: '*', jd1: 367701545.0, jd2: 0.0, out_subfmt: '*', precision: 3, scale: tt}
#       pm_dec: !astropy.table.SerializedColumn
#         __class__: astropy.units.quantity.Quantity
#         unit: !astropy.units.Unit {unit: mas / yr}
#         value: !astropy.table.SerializedColumn {name: SkyCoord.pm_dec}
#       pm_ra_cosdec: !astropy.table.SerializedColumn
#         __class__: astropy.units.quantity.Quantity
#         unit: !astropy.units.Unit {unit: mas / yr}
#         value: !astropy.table.SerializedColumn {name: SkyCoord.pm_ra_cosdec}
#       ra: !astropy.table.SerializedColumn
#         __class__: astropy.coordinates.angles.Longitude
#         unit: *id001
#         value: !astropy.table.SerializedColumn {name: SkyCoord.ra}
#         wrap_angle: !astropy.coordinates.Angle
#           unit: *id001
#           value: 360.0
#       representation_type: spherical
# schema: astropy-2.0
RA_ICRS_1 DE_ICRS_1 e_RA_ICRS e_DE_ICRS _r_1 HIP TYC2 Source rgeo Plx e_Plx pmRA pmDE e_pmRA e_pmDE RUWE Teff logg Gmag BP-RP BPmag RPmag RV e_RV b_rgeo B_rgeo FG e_FG FBP e_FBP FRP e_FRP RAVE5 RAVE6 e_Gmag e_BPmag e_RPmag e_BP-RP SkyCoord.ra SkyCoord.dec SkyCoord.distance SkyCoord.pm_ra_cosdec SkyCoord.pm_dec rmRA rmDE e_rmRA e_rmDE rRV e_rRV v_pec v_pec3d e_vpec e_vpec3d
[from data line 156]
248.5723302643 -48.92879908737 0.0208 0.013 2.1133 "" "" 5940717507379470336 2672.12866 0.3283 0.0246 -1.772 -5.318 0.027 0.02 1.021 4935.6 2.728 14.64243 2.410748 15.939153 13.528404 -3.31 2.25 2513.84009 2827.20508 26180.2889 6.603 5751.2 9.7819 30747.0 16.809 "" "" 0.002768894324020092 0.003345928 0.0038257076 0.0071716355 248.5723302643 -48.92879908737 2672.12866 -1.7719999999999987 -5.317999999999997 -0.5942941160202027 -2.6117645912170406 0.112926625 0.10592662 "" "" 33.925911119338245 "" 3.605713802255555 ""
248.34416668634 -48.99806332606 0.0193 0.0135 8.4625 "" "" 5940713624728688640 2542.50439 0.3514 0.0237 -0.487 -4.67 0.024 0.019 1.007 "" "" 14.644473 2.317412 15.871733 13.55432 -44.97 2.87 2427.90845 2702.28516 26131.08207 7.09 6119.6 9.9756 30021.0 15.78 "" "" 0.002771023408389454 0.00330416 0.0038222275 0.007126387 248.34416668634 -48.99806332606 2542.50439 -0.4870000000000001 -4.67 0.6907058839797974 -1.963764591217041 0.109926626 0.10492662 "" "" 25.087463121406017 "" 2.646443619074469 ""
248.26701830676 -48.89846390752 0.0203 0.014 10.094 "" "" 5940726097314601344 2596.25781 0.3367 0.0248 -1.571 -3.806 0.028 0.021 0.993 5410.3 3.2422 14.644694 2.137651 15.746928 13.609277 -48.18 3.38 2427.84497 2745.86035 26125.76163 6.7496 6865.1 10.03 28540.0 16.248 "" "" 0.0027695613080894006 0.0032095662 0.0038295947 0.007039161 248.26701830676 -48.89846390752 2596.25781 -1.571 -3.806 -0.3932941160202026 -1.099764591217041 0.11392662 0.10692662 "" "" 14.373389614278382 "" 1.5486350150205126 ""
248.22861735939 -48.97603068492 0.0185 0.0124 12.0406 "" "" 5940725410119767808 2818.13574 0.3184 0.0234 -0.883 -2.642 0.024 0.018 1.03 "" "" 14.66043 1.453656 15.312049 13.858393 "" "" 2679.82007 3009.51855 25749.84524 5.2566 10247.0 16.931 22688.0 17.222 "" "" 0.002764220533227187 0.0033171226 0.0038681994 0.007185322 248.22861735939 -48.97603068492 2818.13574 -0.8829999999999999 -2.6419999999999995 0.29470588397979736 0.06423540878295908 0.109926626 0.10392662 "" "" 4.029098041604661 "" 0.44183737821992264 ""
248.6458908294 -49.13560622815 0.0211 0.0137 13.9364 "" "" 5940520557401441280 2766.44189 0.3111 0.0256 -3.514 -4.713 0.029 0.019 1.001 4551.8 2.1102 14.662461 3.091537 16.476406 13.38487 -28.65 1.61 2559.41406 3014.97705 25701.71753 9.6427 3506.3 19.16 35092.0 24.526 "" "" 0.0027852680565757237 0.0065562907 0.0038548082 0.010411099 248.6458908294 -49.13560622815 2766.44189 -3.5139999999999985 -4.712999999999999 -2.3362941160202024 -2.006764591217041 0.11492662 0.10492662 "" "" 40.385654995083925 "" 4.474380835547603 ""
248.91412362566 -49.02804416852 0.021 0.0133 16.8199 "" "" 5940900193778723328 2536.85742 0.3462 0.0259 -1.669 -1.251 0.03 0.021 1.068 4722.5 2.1807 14.667295 2.475452 15.871842 13.396391 9.16 2.59 2392.02295 2699.18921 25587.55287 9.0201 6119.0 22.942 34722.0 74.124 "" "" 0.0027817766553541387 0.004935191 0.004433507 0.009368698 248.91412362566 -49.02804416852 2536.85742 -1.6690000000000005 -1.250999999999999 -0.4912941160202027 1.455235408782959 0.11592662 0.10692662 "" "" 18.46910011333955 "" 1.9924824164183461 ""
248.46679450109 -49.0206166026 0.0212 0.0133 6.5083 "" "" 5940712628296198400 2591.47266 0.357 0.0237 -0.684 -0.91 0.027 0.02 0.992 "" "" 14.673611 2.200953 15.818079 13.617126 -85.21 2.65 2399.51416 2768.67236 25439.15196 6.1664 6429.6 9.3748 28334.0 15.553 "" "" 0.0027678607758139843 0.0032079876 0.0038260838 0.0070340717 248.46679450109 -49.0206166026 2591.47266 -0.6840000000000007 -0.9099999999999997 0.4937058839797973 1.7962354087829588 0.112926625 0.10592662 "" "" 22.88245794253283 "" 2.4354561663460044 ""
248.54434393534 -48.98998206467 0.0196 0.0127 4.4026 "" "" 5940715823752241152 2774.5332 0.3194 0.0234 -0.159 -2.804 0.025 0.02 0.948 "" "" 14.679009 2.207704 15.828033 13.62033 -80.22 2.93 2630.48999 2928.16211 25312.98548 5.7903 6370.9 10.073 28251.0 20.253 "" "" 0.0027664909523081663 0.0032759646 0.0038587006 0.0071346653 248.54434393534 -48.98998206467 2774.5332 -0.15900000000000003 -2.804 1.0187058839797973 -0.09776459121704084 0.11092662 0.10592662 "" "" 13.458847797328929 "" 1.4923440919200506 ""
248.54879874648 -48.83536503725 0.0205 0.0131 5.0877 "" "" 5940721390030011136 2887.30884 0.3098 0.0244 -5.707 -3.687 0.028 0.019 0.981 4794.6 2.6402 14.680222 2.203367 15.799095 13.595728 6.41 3.86 2709.86523 3040.0 25284.71045 7.9399 6543.0 16.577 28898.0 92.157 "" "" 0.002776334145910931 0.003918131 0.0051256567 0.009043788 248.54879874648 -48.83536503725 2887.30884 -5.707 -3.6870000000000003 -4.5292941160202025 -0.9807645912170408 0.11392662 0.10492662 "" "" 63.42381599315428 "" 7.201062910260297 ""
248.5807248574 -49.0314823639 0.0291 0.0184 7.19 "" "" 5940714621161666048 2879.69727 0.3034 0.0332 -3.141 -5.144 0.037 0.027 1.417 7492.4 2.8667 14.682405 2.452175 15.975043 13.522868 10.84 2.87 2634.70483 3086.13403 25233.93612 10.979 5564.2 27.505 30904.0 67.564 "" "" 0.002795521983380123 0.0060489625 0.004462976 0.0105119385 248.5807248574 -49.0314823639 2879.69727 -3.141000000000001 -5.144 -1.9632941160202027 -2.437764591217041 0.12292662 0.112926625 "" "" 42.724462357296424 "" 4.997180795171005 ""
248.55666620388 -49.16040861281 0.0216 0.0139 14.5995 "" "" 5940707921011833088 2670.42334 0.3329 0.0246 -0.781 -1.565 0.03 0.02 0.991 6482.2 2.4599 14.684972 2.164308 15.804766 13.640458 -24.84 3.12 2517.98389 2837.41821 25174.3464 6.8524 6508.9 9.7264 27732.0 12.99 "" "" 0.0027711243716670012 0.0032275938 0.0038134463 0.00704104 248.55666620388 -49.16040861281 2670.42334 -0.780999999999999 -1.5649999999999995 0.39670588397979734 1.141235408782959 0.11592662 0.10592662 "" "" 15.293405952374068 "" 1.6371532991172966 ""
248.54273947393 -49.11871808174 0.0773 0.0515 12.0611 "" "" 5940708402048226560 3291.60742 0.3145 0.089 -0.808 -2.523 0.096 0.075 4.065 "" "" 14.688465 1.229585 15.176113 13.946528 "" "" 2523.89087 4351.45801 25093.47534 22.444 11614.0 13.509 20919.0 12.397 "" "" 0.002921442073635962 0.003062669 0.0038337614 0.0068964306 248.54273947393 -49.11871808174 3291.60742 -0.8080000000000002 -2.5229999999999997 0.3697058839797973 0.18323540878295885 0.18192662 0.16092663 "" "" 6.43783288432949 "" 1.145815893971144 ""
248.95530275805 -48.99417515593 0.0211 0.0131 17.6995 "" "" 5940900541715740800 2540.37134 0.3602 0.0285 -1.401 -2.019 0.031 0.021 1.011 6999.8 2.8328 14.690618 1.211678 15.202667 13.99099 "" "" 2372.97461 2777.50635 25043.77348 4.7577 11333.0 9.729 20080.0 13.68 "" "" 0.002763029837188384 0.0029417342 0.0038510857 0.00679282 248.95530275805 -48.99417515593 2540.37134 -1.401 -2.019 -0.22329411602020266 0.6872354087829589 0.116926625 0.10692662 "" "" 8.701103587239343 "" 0.9390365147822936 ""
248.87928872246 -48.90067498103 0.0208 0.0124 14.1599 "" "" 5940904218207871232 2659.69019 0.3414 0.0246 -1.922 -3.768 0.025 0.018 1.0 "" "" 14.690829 1.458024 15.343915 13.885891 "" "" 2516.60767 2825.65649 25038.89466 5.9241 9950.6 13.409 22121.0 13.302 "" "" 0.0027672688913839925 0.0031505055 0.0038353598 0.0069858655 248.87928872246 -48.90067498103 2659.69019 -1.9219999999999995 -3.767999999999999 -0.7442941160202026 -1.0617645912170408 0.11092662 0.10392662 "" "" 16.346858213567888 "" 1.7374090638814943 ""
248.56909552365 -49.2282984898 0.0204 0.0135 18.7011 "" "" 5940705996866434816 2588.96558 0.341 0.0242 -4.495 -4.176 0.03 0.02 1.057 4813.6 2.5 14.70039 2.451508 16.014997 13.56349 -18.77 2.22 2432.76196 2766.30273 24819.37405 6.8101 5363.1 15.455 29769.0 71.521 "" "" 0.002771378816681959 0.0041921856 0.004592177 0.008784363 248.56909552365 -49.2282984898 2588.96558 -4.494999999999999 -4.176000000000001 -3.3172941160202027 -1.4697645912170412 0.11592662 0.10592662 "" "" 44.525545338148156 "" 5.0913046889677975 ""
248.5539854424 -48.91418483341 0.0196 0.013 1.3145 "" "" 5940717713537924352 2683.53345 0.3304 0.0235 -1.378 -1.945 0.026 0.019 0.922 9496.7 3.4482 14.70059 1.136276 15.167991 14.031714 "" "" 2528.57544 2910.96484 24814.78955 5.343 11701.0 14.859 19341.0 16.973 "" "" 0.002765219767150715 0.0031122414 0.0038976357 0.007009877 248.5539854424 -48.91418483341 2683.53345 -1.3780000000000001 -1.9449999999999994 -0.20029411602020253 0.7612354087829589 0.11192662 0.10492662 "" "" 10.012442525921138 "" 1.0552507453531952 ""
248.58150290531 -48.86762850523 0.0212 0.0133 3.8551 "" "" 5940718263293945088 2752.55762 0.3286 0.0251 -2.696 -2.224 0.028 0.02 1.001 7548.5 3.1553 14.706965 1.742412 15.538898 13.796487 -61.5 4.47 2586.02881 2939.27417 24669.51664 5.7517 8314.9 9.6076 24019.0 14.078 "" "" 0.002766924104966829 0.0030592324 0.0038325833 0.006891816 248.58150290531 -48.86762850523 2752.55762 -2.696 -2.224 -1.5182941160202028 0.4822354087829588 0.11392662 0.10592662 "" "" 20.784554494524386 "" 2.3531661584470287 ""
248.82676281437 -48.68815557473 0.0201 0.0134 18.3388 "" "" 5941101271286478720 2804.41699 0.3038 0.025 -1.917 -1.459 0.028 0.019 1.003 "" "" 14.714571 2.348287 15.961358 13.613071 3.44 3.51 2629.3147 3012.07446 24497.29827 7.1025 5634.7 10.399 28440.0 18.035 "" "" 0.002773243681528762 0.0034351258 0.003841585 0.007276711 248.82676281437 -48.68815557473 2804.41699 -1.9170000000000003 -1.459 -0.7392941160202027 1.247235408782959 0.11392662 0.10492662 "" "" 19.273162547147862 "" 2.068766326197489 ""
248.88444028043 -49.03858366925 0.0232 0.0147 16.0245 "" "" 5940524921088908416 2533.06543 0.3557 0.0282 -2.564 -2.335 0.033 0.022 1.112 4703.1 1.8157 14.718892 2.633123 16.184418 13.551294 -66.74 1.89 2383.23071 2728.75854 24400.00839 8.0195 4588.3 8.745 30105.0 15.111 "" "" 0.002778332039780924 0.003473791 0.003818472 0.007292263 248.88444028043 -49.03858366925 2533.06543 -2.564000000000001 -2.335 -1.3862941160202027 0.371235408782959 0.11892662 0.10792662 "" "" 17.23133988375703 "" 2.037132683354415 ""
248.44331892916 -48.9432365005 0.0196 0.0135 3.4183 "" "" 5940718950488530560 2535.8606 0.3574 0.0234 -2.281 -3.504 0.025 0.019 0.995 "" "" 14.737046 1.343195 15.324997 13.981802 "" "" 2388.13135 2700.63184 23995.41089 5.6127 10126.0 11.256 20251.0 17.334 "" "" 0.002766999432834802 0.0030400082 0.003891967 0.0069319755 248.44331892916 -48.9432365005 2535.8606 -2.2809999999999997 -3.5039999999999973 -1.1032941160202028 -0.797764591217041 0.11092662 0.10492662 "" "" 16.365219395209806 "" 1.7822362921337174 ""
248.32689721101 -48.90753306153 0.0203 0.0147 7.6889 "" "" 5940719981280780544 2585.22729 0.3417 0.0245 -1.374 -2.774 0.026 0.02 1.069 4734.4 1.817 14.742724 2.28174 15.945445 13.663705 -11.15 2.68 2444.9812 2810.44873 23870.26005 6.3608 5717.9 11.654 27144.0 21.899 "" "" 0.0027704684855498264 0.0035611792 0.0038795618 0.007440741 248.32689721101 -48.90753306153 2585.22729 -1.374 -2.773999999999999 -0.19629411602020275 -0.06776459121704104 0.11192662 0.10592662 "" "" 2.544682895117694 "" 0.2832310808719091 ""
248.46312511525 -48.92682489549 0.0199 0.0132 2.3478 "" "" 5940719362805572736 2739.58716 0.3244 0.0245 -3.646 -0.594 0.026 0.02 1.002 5213.9 2.5385 14.746623 2.2123 15.900112 13.687812 -28.32 3.52 2553.78809 2930.73169 23784.69337 5.4769 5961.7 8.9104 26548.0 15.263 "" "" 0.0027666397680897485 0.003227749 0.0038305833 0.007058332 248.46312511525 -48.92682489549 2739.58716 -3.6460000000000004 -0.5939999999999992 -2.4682941160202025 2.112235408782959 0.11192662 0.10592662 "" "" 42.18638406698978 "" 4.616471424936303 ""
248.69870239036 -48.96754874787 0.0216 0.0137 7.5957 "" "" 5940716854544341760 2718.44287 0.3239 0.0253 -1.58 -1.327 0.029 0.02 1.022 "" "" 14.748889 2.333675 15.980757 13.647081 -48.8 2.19 2582.07861 2891.03662 23735.10653 7.1064 5535.0 10.741 27563.0 21.045 "" "" 0.0027744301695440078 0.0034963163 0.0038692304 0.0073655467 248.69870239036 -48.96754874787 2718.44287 -1.5800000000000005 -1.3269999999999995 -0.4022941160202027 1.379235408782959 0.11492662 0.10592662 "" "" 18.512589299068605 "" 1.974547491756171 ""
248.98729835563 -48.94397549304 0.0219 0.0138 18.4372 "" "" 5940902190983219584 2579.38647 0.3548 0.0279 -3.358 -4.074 0.027 0.02 0.999 "" "" 14.774754 1.505 15.446837 13.941837 "" "" 2411.57153 2782.29956 23176.35527 6.836 9050.7 17.983 21010.0 18.529 "" "" 0.0027738683687020854 0.0035268764 0.0038987922 0.0074256686 248.98729835563 -48.94397549304 2579.38647 -3.3580000000000005 -4.074 -2.1802941160202027 -1.3677645912170409 0.112926625 0.10592662 "" "" 31.46806793880343 "" 3.4927834138361686 ""
248.86000063203 -48.75605348038 0.0214 0.0135 16.5425 "" "" 5940907516742848640 2858.36963 0.3197 0.0248 -1.1 -2.646 0.027 0.019 1.062 8803.7 3.2689 14.774913 1.455519 15.395201 13.939682 "" "" 2662.92871 3034.84595 23172.96126 6.5097 9491.5 17.184 21052.0 102.14 "" "" 0.0027721500797864567 0.0034130574 0.006483296 0.009896353 248.86000063203 -48.75605348038 2858.36963 -1.0999999999999994 -2.646 0.07770588397979727 0.06023540878295908 0.112926625 0.10492662 "" "" 1.3320838333458056 "" 0.14651866312517886 ""
248.6371396374 -48.75164493585 0.0217 0.0136 10.992 "" "" 5941094433698387200 2610.43652 0.3472 0.0275 -2.146 -2.756 0.029 0.02 1.042 "" "" 14.780083 1.361963 15.374134 14.012171 "" "" 2439.66211 2799.36401 23062.88946 4.9576 9677.5 15.18 19692.0 12.344 "" "" 0.0027651872003226804 0.0032688684 0.0038401745 0.007109043 248.6371396374 -48.75164493585 2610.43652 -2.146 -2.7560000000000002 -0.9682941160202025 -0.0497645912170408 0.11492662 0.10592662 "" "" 11.996970121516135 "" 1.3784979097135266 ""
248.53156615915 -48.83757272195 0.0213 0.0142 4.8546 "" "" 5940721355670281088 2533.54907 0.3515 0.025 -2.546 -4.107 0.027 0.02 0.971 7964.7 3.7099 14.784454 1.175051 15.281566 14.106515 "" "" 2380.25317 2695.82861 22970.22178 4.8166 10539.0 10.497 18053.0 13.432 "" "" 0.002764710033594803 0.002992406 0.0038647514 0.0068571577 248.53156615915 -48.83757272195 2533.54907 -2.546 -4.107 -1.3682941160202025 -1.4007645912170412 0.112926625 0.10592662 "" "" 23.515525253458186 "" 2.572610688101234 ""
248.50381936055 -48.98204955652 0.0205 0.0132 3.892 "" "" 5940715720673053568 2522.00732 0.355 0.0243 1.219 -5.448 0.026 0.02 1.045 "" "" 14.785481 2.269608 15.980926 13.711317 -98.96 2.54 2401.81592 2637.63721 22948.51918 6.0428 5534.1 7.4905 25980.0 15.788 "" "" 0.002770112965426262 0.003153516 0.003836543 0.0069900593 248.50381936055 -48.98204955652 2522.00732 1.219 -5.448 2.3967058839797977 -2.7417645912170414 0.11192662 0.10592662 "" "" 43.533196135610126 "" 4.726235101605423 ""
248.29768770981 -48.79483032017 0.0207 0.0139 11.5174 "" "" 5940732763104323200 2569.4751 0.3441 0.0259 -3.979 -4.58 0.029 0.021 1.014 4887.3 2.5448 14.787117 2.210416 15.938055 13.727639 8.73 2.77 2439.53735 2750.97534 22913.95562 6.7918 5757.0 12.455 25592.0 22.634 "" "" 0.002774050406793166 0.0036472678 0.003899461 0.0075467285 248.29768770981 -48.79483032017 2569.4751 -3.9790000000000005 -4.58 -2.8012941160202027 -1.873764591217041 0.11492662 0.10692662 "" "" 41.046707146202955 "" 4.618348205388013 ""
248.74842819892 -48.94147085442 0.0224 0.0141 9.0649 "" "" 5940529284775805056 2879.73657 0.3023 0.0258 -4.391 -4.954 0.028 0.02 1.014 6675.1 2.5862 14.789043 2.224913 15.946902 13.72199 -29.51 3.06 2690.146 3057.68164 22873.32379 6.286 5710.3 13.012 25725.0 19.255 "" "" 0.0027714292158104916 0.003729075 0.003865767 0.007594842 248.74842819892 -48.94147085442 2879.73657 -4.391 -4.953999999999999 -3.2132941160202027 -2.2477645912170408 0.11392662 0.10592662 "" "" 53.52748791970913 "" 5.960905439321109 ""
248.31322979189 -48.73437669623 0.0214 0.0148 13.7526 "" "" 5940734412371816192 2855.82178 0.3162 0.0292 -0.52 -2.916 0.033 0.022 0.994 6693.5 2.8011 14.795285 1.43042 15.432982 14.002562 "" "" 2601.30786 3083.37817 22742.20877 7.1064 9166.9 18.336 19867.0 20.193 "" "" 0.002776128839782342 0.003535742 0.0039372016 0.0074729435 248.31322979189 -48.73437669623 2855.82178 -0.5199999999999999 -2.9159999999999986 0.6577058839797973 -0.20976459121704094 0.11892662 0.10792662 "" "" 9.344940393776955 "" 1.1022732202438423 ""
