Clusters/UBC_545/UBC_545_members.tsv
# %ECSV 1.0
# ---
# datatype:
# - name: RA_ICRS_1
#   unit: deg
#   datatype: float64
#   format: '{:15.11f}'
#   description: Right ascension (ICRS) at Ep=2016.0 (ra)
#   meta: !!omap
#   - {ucd: POS_EQ_RA_MAIN}
#   - {width: 15}
#   - {precision: '11'}
# - name: DE_ICRS_1
#   unit: deg
#   datatype: float64
#   format: '{:15.11f}'
#   description: Declination (ICRS) at Ep=2016.0 (dec)
#   meta: !!omap
#   - {ucd: POS_EQ_DEC_MAIN}
#   - {width: 15}
#   - {precision: '11'}
# - name: e_RA_ICRS
#   unit: mas
#   datatype: float64
#   format: '{:7.4f}'
#   description: Standard error of right ascension (ra_error)
#   meta: !!omap
#   - {ucd: ERROR}
#   - {width: 7}
#   - {precision: '4'}
# - name: e_DE_ICRS
#   unit: mas
#   datatype: float64
#   format: '{:7.4f}'
#   description: Standard error of declination (dec_error)
#   meta: !!omap
#   - {ucd: ERROR}
#   - {width: 7}
#   - {precision: '4'}
# - name: _r_1
#   unit: ''
#   datatype: float64
#   format: '{:7.4f}'
#   description: Distance from center (248.52121138000-48.91819578000)[ICRS], at Epoch=J2016.0
#   meta: !!omap
#   - {ucd: POS_ANG_DIST_GENERAL}
#   - {width: 7}
#   - {precision: '4'}
# - name: HIP
#   datatype: int32
#   description: '? HIP cross-id number, van Leeuwen, Cat. I/311 (hip_original_ext_source_id)'
#   meta: !!omap
#   - {ucd: ID_NUMBER}
#   - {width: 6}
#   - values: {'null': -2147483648}
# - name: TYC2
#   datatype: string
#   description: Tycho-2 cross-id name, Hog et al., Cat. I/259 (tyc2_original_ext_source_id)
#   meta: !!omap
#   - {ucd: ID_CROSSID}
#   - {_votable_string_dtype: char}
# - name: Source
#   datatype: int64
#   description: Source identifier, identical to the Gaia-EDR3 source_id (id)
#   meta: !!omap
#   - {ucd: ID_MAIN}
#   - {width: 19}
# - name: rgeo
#   unit: pc
#   datatype: float64
#   format: '{:15.8f}'
#   description: '? Median of the geometric distance posterior (r_med_geo)'
#   meta: !!omap
#   - {ucd: PHYS_DISTANCE_TRUE}
#   - {width: 15}
#   - {precision: '8'}
#   - values: {'null': .nan}
# - name: Plx
#   unit: mas
#   datatype: float64
#   format: '{:9.4f}'
#   description: '? Parallax (parallax)'
#   meta: !!omap
#   - {ucd: POS_PARLX_TRIG}
#   - {width: 9}
#   - {precision: '4'}
#   - values: {'null': .nan}
# - name: e_Plx
#   unit: mas
#   datatype: float32
#   format: '{:7.4f}'
#   description: '? Standard error of parallax (parallax_error)'
#   meta: !!omap
#   - {ucd: ERROR}
#   - {width: 7}
#   - {precision: '4'}
#   - values: {'null': .nan}
# - name: pmRA
#   unit: mas / yr
#   datatype: float64
#   format: '{:9.3f}'
#   description: '? Proper motion in right ascension direction, pmRA*cosDE (pmra)'
#   meta: !!omap
#   - {ucd: POS_EQ_PMRA}
#   - {width: 9}
#   - {precision: '3'}
#   - values: {'null': .nan}
# - name: pmDE
#   unit: mas / yr
#   datatype: float64
#   format: '{:9.3f}'
#   description: '? Proper motion in declination direction (pmdec)'
#   meta: !!omap
#   - {ucd: POS_EQ_PMDEC}
#   - {width: 9}
#   - {precision: '3'}
#   - values: {'null': .nan}
# - name: e_pmRA
#   unit: mas / yr
#   datatype: float32
#   format: '{:6.3f}'
#   description: '? Standard error of proper motion in right ascension direction (pmra_error)'
#   meta: !!omap
#   - {ucd: ERROR}
#   - {width: 6}
#   - {precision: '3'}
#   - values: {'null': .nan}
# - name: e_pmDE
#   unit: mas / yr
#   datatype: float32
#   format: '{:6.3f}'
#   description: '? Standard error of proper motion in declination direction (pmdec_error)'
#   meta: !!omap
#   - {ucd: ERROR}
#   - {width: 6}
#   - {precision: '3'}
#   - values: {'null': .nan}
# - name: RUWE
#   datatype: float64
#   format: '{:7.3f}'
#   description: '? Renormalised unit weight error (ruwe)'
#   meta: !!omap
#   - {ucd: ERROR}
#   - {width: 7}
#   - {precision: '3'}
#   - values: {'null': .nan}
# - name: Teff
#   unit: K
#   datatype: float64
#   format: '{:7.1f}'
#   description: '? Effective temperature from GSP-Phot Aeneas best library using BP/RP spectra (teff_gspphot)'
#   meta: !!omap
#   - {ucd: PHYS_TEMP_EFFEC}
#   - {width: 7}
#   - {precision: '1'}
#   - values: {'null': .nan}
# - name: logg
#   unit: log(cm.s**-2)
#   datatype: float64
#   format: '{:7.4f}'
#   description: '? Surface gravity from GSP-Phot Aeneas best library using BP/RP spectra (logg_gspphot)'
#   meta: !!omap
#   - {ucd: PHYS_GRAVITY_SURFACE}
#   - {width: 7}
#   - {precision: '4'}
#   - values: {'null': .nan}
# - name: Gmag
#   unit: mag
#   datatype: float64
#   format: '{:9.6f}'
#   description: '? G-band mean magnitude (phot_g_mean_mag)'
#   meta: !!omap
#   - {ucd: PHOT_MAG_OPTICAL}
#   - {width: 9}
#   - {precision: '6'}
#   - values: {'null': .nan}
# - name: BP-RP
#   unit: mag
#   datatype: float64
#   format: '{:9.6f}'
#   description: '? BP-RP colour (bp_rp)'
#   meta: !!omap
#   - {ucd: PHOT_CI_B-R}
#   - {width: 9}
#   - {precision: '6'}
#   - values: {'null': .nan}
# - name: BPmag
#   unit: mag
#   datatype: float64
#   format: '{:9.6f}'
#   description: '? Integrated BP mean magnitude (phot_bp_mean_mag)'
#   meta: !!omap
#   - {ucd: PHOT_MAG_B}
#   - {width: 9}
#   - {precision: '6'}
#   - values: {'null': .nan}
# - name: RPmag
#   unit: mag
#   datatype: float64
#   format: '{:9.6f}'
#   description: '? Integrated RP mean magnitude (phot_rp_mean_mag)'
#   meta: !!omap
#   - {ucd: PHOT_MAG_R}
#   - {width: 9}
#   - {precision: '6'}
#   - values: {'null': .nan}
# - name: RV
#   unit: km / s
#   datatype: float64
#   format: '{:7.2f}'
#   description: '? Radial velocity (radial_velocity)'
#   meta: !!omap
#   - {ucd: VELOC_BARYCENTER}
#   - {width: 7}
#   - {precision: '2'}
#   - values: {'null': .nan}
# - name: e_RV
#   unit: km / s
#   datatype: float32
#   format: '{:5.2f}'
#   description: '? Radial velocity error (radial_velocity_error)'
#   meta: !!omap
#   - {ucd: ERROR}
#   - {width: 5}
#   - {precision: '2'}
#   - values: {'null': .nan}
# - name: b_rgeo
#   unit: pc
#   datatype: float64
#   format: '{:14.8f}'
#   description: '? 16th percentile of the geometric distance posterior (r_lo_geo)'
#   meta: !!omap
#   - {ucd: ERROR}
#   - {width: 14}
#   - {precision: '8'}
#   - values: {'null': .nan}
# - name: B_rgeo
#   unit: pc
#   datatype: float64
#   format: '{:14.8f}'
#   description: '? 84th percentile of the geometric distance posterior (r_hi_geo)'
#   meta: !!omap
#   - {ucd: ERROR}
#   - {width: 14}
#   - {precision: '8'}
#   - values: {'null': .nan}
# - name: FG
#   unit: ''
#   datatype: float64
#   format: '{:16.5f}'
#   description: '? G-band mean flux (phot_g_mean_flux)'
#   meta: !!omap
#   - {ucd: PHOT_FLUX_OPTICAL}
#   - {width: 16}
#   - {precision: '5'}
#   - values: {'null': .nan}
# - name: e_FG
#   unit: ''
#   datatype: float32
#   format: '{:11.4g}'
#   description: '? Error on G-band mean flux (phot_g_mean_flux_error)'
#   meta: !!omap
#   - {ucd: ERROR}
#   - {width: 11}
#   - {precision: E4}
#   - values: {'null': .nan}
# - name: FBP
#   unit: ''
#   datatype: float32
#   format: '{:11.4g}'
#   description: '? Integrated BP mean flux (phot_bp_mean_flux)'
#   meta: !!omap
#   - {ucd: PHOT_FLUX_B}
#   - {width: 11}
#   - {precision: E4}
#   - values: {'null': .nan}
# - name: e_FBP
#   unit: ''
#   datatype: float32
#   format: '{:11.4g}'
#   description: '? Error on the integrated BP mean flux (phot_bp_mean_flux_error)'
#   meta: !!omap
#   - {ucd: ERROR}
#   - {width: 11}
#   - {precision: E4}
#   - values: {'null': .nan}
# - name: FRP
#   unit: ''
#   datatype: float32
#   format: '{:11.4g}'
#   description: '? Integrated RP mean flux (phot_rp_mean_flux)'
#   meta: !!omap
#   - {ucd: PHOT_FLUX_R}
#   - {width: 11}
#   - {precision: E4}
#   - values: {'null': .nan}
# - name: e_FRP
#   unit: ''
#   datatype: float32
#   format: '{:11.4g}'
#   description: '? Error on the integrated RP mean flux (phot_rp_mean_flux_error)'
#   meta: !!omap
#   - {ucd: ERROR}
#   - {width: 11}
#   - {precision: E4}
#   - values: {'null': .nan}
# - name: RAVE5
#   datatype: string
#   description: RAVE DR5 cross-id name, Kunder et al., Cat. III/279 (rave5_original_ext_source_id)
#   meta: !!omap
#   - {ucd: ID_CROSSID}
#   - {_votable_string_dtype: char}
# - name: RAVE6
#   datatype: string
#   description: RAVE DR6 cross-id name, Steinmetz et al., Cat. III/283 (rave6_original_ext_source_id)
#   meta: !!omap
#   - {ucd: ID_CROSSID}
#   - {_votable_string_dtype: char}
# - name: e_Gmag
#   unit: ''
#   datatype: float64
#   format: '{:11.4g}'
#   description: '? Error on G-band mean flux (phot_g_mean_flux_error)'
#   meta: !!omap
#   - {ucd: ERROR}
#   - {width: 11}
#   - {precision: E4}
#   - values: {'null': .nan}
# - name: e_BPmag
#   unit: ''
#   datatype: float32
#   format: '{:11.4g}'
#   description: '? Error on the integrated BP mean flux (phot_bp_mean_flux_error)'
#   meta: !!omap
#   - {ucd: ERROR}
#   - {width: 11}
#   - {precision: E4}
#   - values: {'null': .nan}
# - name: e_RPmag
#   unit: ''
#   datatype: float32
#   format: '{:11.4g}'
#   description: '? Error on the integrated RP mean flux (phot_rp_mean_flux_error)'
#   meta: !!omap
#   - {ucd: ERROR}
#   - {width: 11}
#   - {precision: E4}
#   - values: {'null': .nan}
# - name: e_BP-RP
#   unit: ''
#   datatype: float32
#   format: '{:11.4g}'
#   description: '? Error on the integrated BP mean flux (phot_bp_mean_flux_error)'
#   meta: !!omap
#   - {ucd: ERROR}
#   - {width: 11}
#   - {precision: E4}
#   - values: {'null': .nan}
# - name: SkyCoord.ra
#   unit: deg
#   datatype: float64
#   format: '{:15.11f}'
#   description: Right ascension (ICRS) at Ep=2016.0 (ra)
#   meta: !!omap
#   - {ucd: POS_EQ_RA_MAIN}
#   - {width: 15}
#   - {precision: '11'}
# - name: SkyCoord.dec
#   unit: deg
#   datatype: float64
#   format: '{:15.11f}'
#   description: Declination (ICRS) at Ep=2016.0 (dec)
#   meta: !!omap
#   - {ucd: POS_EQ_DEC_MAIN}
#   - {width: 15}
#   - {precision: '11'}
# - name: SkyCoord.distance
#   unit: pc
#   datatype: float64
#   format: '{:15.8f}'
#   description: '? Median of the geometric distance posterior (r_med_geo)'
#   meta: !!omap
#   - {ucd: PHYS_DISTANCE_TRUE}
#   - {width: 15}
#   - {precision: '8'}
#   - values: {'null': .nan}
# - {name: SkyCoord.pm_ra_cosdec, unit: mas / yr, datatype: float64}
# - {name: SkyCoord.pm_dec, unit: mas / yr, datatype: float64}
# - {name: Pmemb, datatype: float64}
# meta: !!omap
# - {ID: I_352_gedr3dis}
# - {name: I/352/gedr3dis}
# - {description: Estimating distances from parallaxes (1467744818 sources)}
# - __serialized_columns__:
#     SkyCoord:
#       __class__: astropy.coordinates.sky_coordinate.SkyCoord
#       dec: !astropy.table.SerializedColumn
#         __class__: astropy.coordinates.angles.Latitude
#         unit: &id001 !astropy.units.Unit {unit: deg}
#         value: !astropy.table.SerializedColumn {name: SkyCoord.dec}
#       distance: !astropy.table.SerializedColumn
#         __class__: astropy.coordinates.distances.Distance
#         unit: !astropy.units.Unit {unit: pc}
#         value: !astropy.table.SerializedColumn {name: SkyCoord.distance}
#       frame: icrs
#       obstime: !astropy.time.Time {format: jyear_str, in_subfmt: '*', jd1: 367701545.0, jd2: 0.0, out_subfmt: '*', precision: 3, scale: tt}
#       pm_dec: !astropy.table.SerializedColumn
#         __class__: astropy.units.quantity.Quantity
#         unit: !astropy.units.Unit {unit: mas / yr}
#         value: !astropy.table.SerializedColumn {name: SkyCoord.pm_dec}
#       pm_ra_cosdec: !astropy.table.SerializedColumn
#         __class__: astropy.units.quantity.Quantity
#         unit: !astropy.units.Unit {unit: mas / yr}
#         value: !astropy.table.SerializedColumn {name: SkyCoord.pm_ra_cosdec}
#       ra: !astropy.table.SerializedColumn
#         __class__: astropy.coordinates.angles.Longitude
#         unit: *id001
#         value: !astropy.table.SerializedColumn {name: SkyCoord.ra}
#         wrap_angle: !astropy.coordinates.Angle
#           unit: *id001
#           value: 360.0
#       representation_type: spherical
# schema: astropy-2.0
RA_ICRS_1 DE_ICRS_1 e_RA_ICRS e_DE_ICRS _r_1 HIP TYC2 Source rgeo Plx e_Plx pmRA pmDE e_pmRA e_pmDE RUWE Teff logg Gmag BP-RP BPmag RPmag RV e_RV b_rgeo B_rgeo FG e_FG FBP e_FBP FRP e_FRP RAVE5 RAVE6 e_Gmag e_BPmag e_RPmag e_BP-RP SkyCoord.ra SkyCoord.dec SkyCoord.distance SkyCoord.pm_ra_cosdec SkyCoord.pm_dec Pmemb
248.528748809 -48.88137683569 0.0152 0.0096 2.2291 "" 8333-871-1 5940720840274160768 2626.52271 0.3546 0.018 -1.17 -2.676 0.02 0.014 0.87 "" "" 8.565001 0.967751 8.944213 7.976462 "" "" 2500.52686 2736.35303 7062303.57739 5477.5 3611900.0 8247.7 5111800.0 10520.0 J163406.9-485253 20090831_1627m49_111 0.0028811301243899137 0.0037325274 0.004390489 0.008123016 248.528748809 -48.88137683569 2626.52271 -1.17 -2.676 0.95
248.52094420967 -48.93959909075 0.0139 0.0086 1.2842 "" 8333-596-1 5940716236069165440 2622.4895 0.3526 0.0172 -1.17 -2.67 0.016 0.013 0.796 "" "" 11.006227 0.966901 11.387712 10.420811 "" "" 2514.31885 2721.33496 745513.63241 488.85 380480.0 898.51 538060.0 1050.4 "" "" 0.0028458127492472472 0.0037893355 0.0043331645 0.0081225 248.52094420967 -48.93959909075 2622.4895 -1.1700000000000004 -2.67 0.93
248.5550798495 -48.87667306453 0.0144 0.0093 2.8269 "" "" 5940718293319954944 2634.60303 0.3614 0.017 -1.434 -2.715 0.019 0.014 1.14 6893.7 2.6421 12.568682 0.994409 12.968955 11.974546 "" "" 2528.76074 2758.58008 176796.69922 65.685 88682.0 128.83 128630.0 136.71 "" "" 0.0027846914185059297 0.003205125 0.00395162 0.0071567446 248.5550798495 -48.87667306453 2634.60303 -1.4340000000000002 -2.715 0.87
248.41850105258 -49.1150789595 0.0119 0.0075 12.4853 "" "" 5940710429272864896 2735.10742 0.3395 0.0138 -1.327 -2.637 0.015 0.011 0.877 "" "" 12.809592 0.863531 13.144671 12.281139 "" "" 2625.88281 2850.87134 141615.14738 41.485 75431.0 74.994 96985.0 65.521 "" "" 0.002773616771268259 0.002991697 0.0038499027 0.0068416 248.41850105258 -49.1150789595 2735.10742 -1.327 -2.636999999999999 0.96
248.48807796336 -48.97315571184 0.0124 0.008 3.5467 "" "" 5940718675610571008 2522.45068 0.3555 0.0144 -1.17 -2.759 0.016 0.012 0.894 6597.1 2.7852 13.152714 1.043831 13.574153 12.530322 "" "" 2428.54736 2632.30566 103243.11827 25.984 50787.0 56.841 77096.0 48.373 "" "" 0.002768836951563534 0.003043298 0.003840287 0.006883585 248.48807796336 -48.97315571184 2522.45068 -1.17 -2.7589999999999995 0.97
248.48360121116 -48.90987097227 0.0124 0.0081 1.5649 "" "" 5940719294085928448 2549.47876 0.3483 0.0152 -1.076 -2.687 0.015 0.012 0.897 "" "" 13.231038 0.948762 13.60922 12.660458 "" "" 2458.96094 2632.43506 96057.52281 56.235 49173.0 87.512 68387.0 103.53 "" "" 0.0028276856330546577 0.0033939169 0.0041213357 0.0075152526 248.48360121116 -48.90987097227 2549.47876 -1.0760000000000003 -2.6869999999999994 0.97
248.50513487265 -48.99522997257 0.0142 0.0091 4.6652 "" "" 5940715686313302400 2570.95239 0.3522 0.0167 -1.104 -2.697 0.018 0.014 0.965 6695.6 2.6334 13.728952 1.177705 14.222159 13.044455 "" "" 2449.71362 2710.44019 60724.75348 18.944 27961.0 35.298 48015.0 37.796 "" "" 0.0027760610647108693 0.0031086472 0.0038748123 0.0069834595 248.50513487265 -48.99522997257 2570.95239 -1.104 -2.697 0.98
248.56793958369 -48.8733305635 0.0156 0.0104 3.2625 "" "" 5940718293320763904 2564.74854 0.3472 0.0177 -1.115 -2.712 0.02 0.015 0.996 "" "" 13.757496 0.932194 14.124804 13.19261 "" "" 2433.20996 2701.67041 59149.13563 14.318 30584.0 26.74 41890.0 38.625 "" "" 0.002767826531499261 0.0029472306 0.003909725 0.0068569556 248.56793958369 -48.8733305635 2564.74854 -1.115 -2.712 0.98
248.53118584463 -48.93705503496 0.0151 0.0098 1.1979 "" "" 5940716270428901120 2714.83276 0.329 0.0189 -1.125 -2.756 0.019 0.014 0.985 6884.7 2.8464 13.879122 0.974298 14.26522 13.290922 "" "" 2572.15161 2861.06616 52880.80769 10.341 26874.0 24.616 38264.0 28.828 "" "" 0.002763488508828871 0.0029621108 0.0038668897 0.0068290005 248.53118584463 -48.93705503496 2714.83276 -1.125 -2.756 0.97
248.24144562079 -49.00144552508 0.0147 0.0101 12.1005 "" "" 5940725169601573504 2763.39014 0.3135 0.019 -1.233 -2.718 0.019 0.014 0.984 "" "" 13.964405 2.762722 15.518872 12.75615 -26.86 1.41 2641.4458 2928.36377 48886.03551 14.115 8469.7 33.981 62618.0 55.067 "" "" 0.002773096442130329 0.0051730243 0.003898126 0.009071151 248.24144562079 -49.00144552508 2763.39014 -1.233 -2.718 0.92
248.6036033347 -48.80578644509 0.0159 0.0105 7.4877 "" "" 5941093918302102272 2597.1189 0.3445 0.0193 -1.131 -2.649 0.021 0.015 0.986 9913.3 3.3802 14.119457 0.883431 14.46506 13.581629 "" "" 2463.14331 2716.11646 42380.29803 16.383 22356.0 35.562 29276.0 31.08 "" "" 0.0027871041337945803 0.003281449 0.0039512413 0.00723269 248.6036033347 -48.80578644509 2597.1189 -1.131 -2.649 0.97
248.47192897964 -48.92084041215 0.0166 0.0109 1.9495 "" "" 5940719461551781120 2610.23169 0.3453 0.0202 -1.152 -2.729 0.021 0.016 0.952 "" "" 14.25546 0.970863 14.643966 13.673102 "" "" 2469.46606 2773.43652 37390.63729 11.682 18960.0 20.331 26910.0 23.671 "" "" 0.002776122858185551 0.0030233287 0.0038981857 0.0069215144 248.47192897964 -48.92084041215 2610.23169 -1.152 -2.728999999999999 0.96
248.35905292403 -49.04616949547 0.0225 0.0151 9.9866 "" "" 5940712284698843008 2613.69727 0.3462 0.0266 -1.092 -2.708 0.028 0.021 0.987 9868.2 4.1415 14.906338 1.027646 15.309932 14.282286 "" "" 2453.87939 2795.9502 20531.06886 6.3455 10267.0 12.175 15355.0 31.935 "" "" 0.0027756790656391626 0.0030729014 0.004402579 0.0074754804 248.35905292403 -49.04616949547 2613.69727 -1.092 -2.708 0.97
248.40858791962 -49.02868307201 0.0251 0.0163 7.9763 "" "" 5940712731375435008 2653.09497 0.3396 0.0288 -1.206 -2.76 0.03 0.024 1.017 8853.2 3.5165 15.107812 1.338672 15.693207 14.354535 "" "" 2476.59351 2845.30469 17053.83205 4.627 7213.3 11.594 14366.0 13.054 "" "" 0.00277102259203534 0.0032909678 0.0039060295 0.0071969973 248.40858791962 -49.02868307201 2653.09497 -1.2060000000000004 -2.76 0.93
248.53838375831 -48.90315639737 0.026 0.0176 1.1282 "" "" 5940717782257420032 2664.45801 0.3395 0.0324 -1.159 -2.721 0.037 0.025 0.919 8813.4 3.3394 15.360896 1.148518 15.840822 14.692305 "" "" 2475.46777 2868.2644 13507.91268 3.8923 6296.3 13.12 10525.0 11.056 "" "" 0.002773024940568224 0.0035921554 0.0039477204 0.007539876 248.53838375831 -48.90315639737 2664.45801 -1.1590000000000003 -2.721 0.97
248.52673900103 -48.92504121085 0.0278 0.0186 0.465 "" "" 5940717747897666432 2589.76611 0.3562 0.0337 -1.194 -2.718 0.036 0.027 1.004 "" "" 15.499355 1.175338 15.993218 14.817881 "" "" 2322.17285 2841.46631 11890.61809 3.5099 5471.8 7.8718 9375.7 12.307 "" "" 0.0027738967729453354 0.003197616 0.00403917 0.007236786 248.52673900103 -48.92504121085 2589.76611 -1.194 -2.718 0.96
248.4510605508 -48.9866386438 0.0285 0.0192 4.9501 "" "" 5940718606891099136 2586.05957 0.3427 0.0341 -1.163 -2.694 0.035 0.028 1.004 9076.4 3.5694 15.624924 1.194582 16.127186 14.932604 "" "" 2394.59546 2812.80737 10591.98616 3.0014 4836.6 7.2852 8435.6 9.3764 "" "" 0.0027724436813744966 0.0032341306 0.0039673867 0.007201517 248.4510605508 -48.9866386438 2586.05957 -1.1630000000000003 -2.694 0.95
