Clusters/UBC_545/UBC_545_stars_in_region.tsv
# %ECSV 1.0
# ---
# datatype:
# - name: RA_ICRS_1
#   unit: deg
#   datatype: float64
#   format: '{:15.11f}'
#   description: Right ascension (ICRS) at Ep=2016.0 (ra)
#   meta: !!omap
#   - {ucd: POS_EQ_RA_MAIN}
#   - {width: 15}
#   - {precision: '11'}
# - name: DE_ICRS_1
#   unit: deg
#   datatype: float64
#   format: '{:15.11f}'
#   description: Declination (ICRS) at Ep=2016.0 (dec)
#   meta: !!omap
#   - {ucd: POS_EQ_DEC_MAIN}
#   - {width: 15}
#   - {precision: '11'}
# - name: e_RA_ICRS
#   unit: mas
#   datatype: float64
#   format: '{:7.4f}'
#   description: Standard error of right ascension (ra_error)
#   meta: !!omap
#   - {ucd: ERROR}
#   - {width: 7}
#   - {precision: '4'}
# - name: e_DE_ICRS
#   unit: mas
#   datatype: float64
#   format: '{:7.4f}'
#   description: Standard error of declination (dec_error)
#   meta: !!omap
#   - {ucd: ERROR}
#   - {width: 7}
#   - {precision: '4'}
# - name: _r_1
#   unit: ''
#   datatype: float64
#   format: '{:7.4f}'
#   description: Distance from center (248.52121138000-48.91819578000)[ICRS], at Epoch=J2016.0
#   meta: !!omap
#   - {ucd: POS_ANG_DIST_GENERAL}
#   - {width: 7}
#   - {precision: '4'}
# - name: HIP
#   datatype: int32
#   description: '? HIP cross-id number, van Leeuwen, Cat. I/311 (hip_original_ext_source_id)'
#   meta: !!omap
#   - {ucd: ID_NUMBER}
#   - {width: 6}
#   - values: {'null': -2147483648}
# - name: TYC2
#   datatype: string
#   description: Tycho-2 cross-id name, Hog et al., Cat. I/259 (tyc2_original_ext_source_id)
#   meta: !!omap
#   - {ucd: ID_CROSSID}
#   - {_votable_string_dtype: char}
# - name: Source
#   datatype: int64
#   description: Source identifier, identical to the Gaia-EDR3 source_id (id)
#   meta: !!omap
#   - {ucd: ID_MAIN}
#   - {width: 19}
# - name: rgeo
#   unit: pc
#   datatype: float64
#   format: '{:15.8f}'
#   description: '? Median of the geometric distance posterior (r_med_geo)'
#   meta: !!omap
#   - {ucd: PHYS_DISTANCE_TRUE}
#   - {width: 15}
#   - {precision: '8'}
#   - values: {'null': .nan}
# - name: Plx
#   unit: mas
#   datatype: float64
#   format: '{:9.4f}'
#   description: '? Parallax (parallax)'
#   meta: !!omap
#   - {ucd: POS_PARLX_TRIG}
#   - {width: 9}
#   - {precision: '4'}
#   - values: {'null': .nan}
# - name: e_Plx
#   unit: mas
#   datatype: float32
#   format: '{:7.4f}'
#   description: '? Standard error of parallax (parallax_error)'
#   meta: !!omap
#   - {ucd: ERROR}
#   - {width: 7}
#   - {precision: '4'}
#   - values: {'null': .nan}
# - name: pmRA
#   unit: mas / yr
#   datatype: float64
#   format: '{:9.3f}'
#   description: '? Proper motion in right ascension direction, pmRA*cosDE (pmra)'
#   meta: !!omap
#   - {ucd: POS_EQ_PMRA}
#   - {width: 9}
#   - {precision: '3'}
#   - values: {'null': .nan}
# - name: pmDE
#   unit: mas / yr
#   datatype: float64
#   format: '{:9.3f}'
#   description: '? Proper motion in declination direction (pmdec)'
#   meta: !!omap
#   - {ucd: POS_EQ_PMDEC}
#   - {width: 9}
#   - {precision: '3'}
#   - values: {'null': .nan}
# - name: e_pmRA
#   unit: mas / yr
#   datatype: float32
#   format: '{:6.3f}'
#   description: '? Standard error of proper motion in right ascension direction (pmra_error)'
#   meta: !!omap
#   - {ucd: ERROR}
#   - {width: 6}
#   - {precision: '3'}
#   - values: {'null': .nan}
# - name: e_pmDE
[...]
#         value: !astropy.table.SerializedColumn {name: SkyCoord.dec}
#       distance: !astropy.table.SerializedColumn
#         __class__: astropy.coordinates.distances.Distance
#         unit: !astropy.units.Unit {unit: pc}
#         value: !astropy.table.SerializedColumn {name: SkyCoord.distance}
#       frame: icrs
#       obstime: !astropy.time.Time {format: jyear_str, in_subfmt: '*', jd1: 367701545.0, jd2: 0.0, out_subfmt: '*', precision: 3, scale: tt}
#       pm_dec: !astropy.table.SerializedColumn
#         __class__: astropy.units.quantity.Quantity
#         unit: !astropy.units.Unit {unit: mas / yr}
#         value: !astropy.table.SerializedColumn {name: SkyCoord.pm_dec}
#       pm_ra_cosdec: !astropy.table.SerializedColumn
#         __class__: astropy.units.quantity.Quantity
#         unit: !astropy.units.Unit {unit: mas / yr}
#         value: !astropy.table.SerializedColumn {name: SkyCoord.pm_ra_cosdec}
#       ra: !astropy.table.SerializedColumn
#         __class__: astropy.coordinates.angles.Longitude
#         unit: *id001
#         value: !astropy.table.SerializedColumn {name: SkyCoord.ra}
#         wrap_angle: !astropy.coordinates.Angle
#           unit: *id001
#           value: 360.0
#       representation_type: spherical
# schema: astropy-2.0
RA_ICRS_1 DE_ICRS_1 e_RA_ICRS e_DE_ICRS _r_1 HIP TYC2 Source rgeo Plx e_Plx pmRA pmDE e_pmRA e_pmDE RUWE Teff logg Gmag BP-RP BPmag RPmag RV e_RV b_rgeo B_rgeo FG e_FG FBP e_FBP FRP e_FRP RAVE5 RAVE6 e_Gmag e_BPmag e_RPmag e_BP-RP SkyCoord.ra SkyCoord.dec SkyCoord.distance SkyCoord.pm_ra_cosdec SkyCoord.pm_dec rmRA rmDE e_rmRA e_rmDE rRV e_rRV v_pec v_pec3d e_vpec e_vpec3d
[from data line 533]
248.55196300688 -49.18718297636 0.0361 0.0242 16.1845 "" "" 5940707577414428672 2577.35547 0.3647 0.0428 -1.824 -2.783 0.05 0.035 1.062 "" "" 16.057693 1.897418 16.989334 15.091916 "" "" 2288.58276 2885.79883 7110.0001 3.3497 2186.2 6.8275 7284.4 11.214 "" "" 0.0028023989173386514 0.004391156 0.004132486 0.008523642 248.55196300688 -49.18718297636 2577.35547 -1.8240000000000003 -2.7829999999999964 -0.6462941160202027 -0.07676459121704093 0.13592662 0.12092662 "" "" 7.951058361551899 "" 1.079191711512674 ""
248.38873725416 -48.80568173498 0.0386 0.0253 8.5392 "" "" 5940722283383304064 2612.63232 0.3596 0.0487 -4.179 -4.783 0.057 0.04 0.929 "" "" 16.058788 1.650684 16.833689 15.183004 "" "" 2328.69751 2944.82788 7102.83306 2.6421 2523.1 9.7216 6698.2 8.6358 "" "" 0.002784762223925095 0.0050284923 0.0040302845 0.009058777 248.38873725416 -48.80568173498 2612.63232 -4.178999999999999 -4.783000000000001 -3.001294116020203 -2.0767645912170414 0.14292662 0.12592661 "" "" 45.19812786057491 "" 6.221631940170363 ""
248.55281359455 -48.77158349617 0.0396 0.025 8.8848 "" "" 5941096941959124608 2800.33521 0.3037 0.0483 -3.125 -4.792 0.057 0.037 1.033 4622.2 2.7781 16.061283 3.162236 17.934608 14.772372 "" "" 2512.47925 3144.65698 7086.53235 3.5992 915.32 5.3722 9777.1 11.833 "" "" 0.002809959611713864 0.0069564804 0.0040013036 0.010957784 248.55281359455 -48.77158349617 2800.33521 -3.125 -4.792 -1.9472941160202026 -2.085764591217041 0.14292662 0.12292662 "" "" 37.87596740930817 "" 5.022979653739161 ""
248.58504981697 -49.05671036512 0.0364 0.0234 8.6827 "" "" 5940714518082108928 2754.79663 0.348 0.0431 -2.845 -3.778 0.046 0.035 1.018 8824.1 4.1937 16.063124 1.734338 16.885994 15.151656 "" "" 2491.02368 3071.42285 7074.52536 2.6086 2404.5 7.6823 6894.4 12.298 "" "" 0.002784253144931487 0.0044517703 0.0042467085 0.008698478 248.58504981697 -49.05671036512 2754.79663 -2.8449999999999998 -3.7780000000000005 -1.6672941160202028 -1.071764591217041 0.13192663 0.12092662 "" "" 25.881173988828216 "" 3.3336898169980844 ""
248.39510427171 -49.12661798024 0.0369 0.0243 13.4537 "" "" 5940710394913126144 2719.21997 0.3442 0.0427 -3.113 -4.61 0.049 0.037 1.057 "" "" 16.06359 1.662548 16.84868 15.186132 "" "" 2428.37695 3065.29004 7071.48675 2.5533 2488.5 9.5 6678.9 8.6371 "" "" 0.002783069200081823 0.004996493 0.004031765 0.009028258 248.39510427171 -49.12661798024 2719.21997 -3.1130000000000004 -4.61 -1.9352941160202026 -1.9037645912170413 0.13492662 0.12292662 "" "" 34.9902531481436 "" 4.519500712515696 ""
248.21280161668 -48.81280261768 0.0373 0.0255 13.7173 "" "" 5940733209780945152 3029.8833 0.3352 0.0469 -1.222 -1.442 0.053 0.037 0.975 8290.0 3.7384 16.064152 1.908209 16.999819 15.09161 "" "" 2505.03394 3620.03833 7067.83483 2.8405 2165.2 9.5871 7286.4 15.941 "" "" 0.002789657461299287 0.0055584614 0.0044638542 0.010022316 248.21280161668 -48.81280261768 3029.8833 -1.222 -1.442 -0.04429411602020261 1.264235408782959 0.13892663 0.12292662 "" "" 18.167642978275833 "" 2.2336665408370076 ""
248.19599579846 -48.80946984796 0.0738 0.0685 14.3991 "" "" 5940733278475857280 2561.30737 0.3797 0.0924 0.886 -4.266 0.103 0.106 1.162 "" "" 16.069424 "" "" "" "" "" 2032.2948 3410.67261 7033.59724 11.114 "" "" "" "" "" "" 0.003245780103691077 "" "" "" 248.19599579846 -48.80946984796 2561.30737 0.8859999999999999 -4.266 2.0637058839797975 -1.559764591217041 0.18892662 0.19192663 "" "" 31.405796720088404 "" 5.96781712414591 ""
248.88425068543 -48.78165399058 0.0382 0.0246 16.5096 "" "" 5940907207505191808 2633.09326 0.3452 0.046 -2.031 -1.958 0.049 0.035 1.069 "" "" 16.07297 2.45334 17.38094 14.9276 "" "" 2361.96753 2881.47241 7010.66614 3.0046 1524.2 7.6512 8474.6 10.928 "" "" 0.0027943357138484454 0.0061228797 0.0040303706 0.010153251 248.88425068543 -48.78165399058 2633.09326 -2.0309999999999997 -1.9580000000000002 -0.8532941160202028 0.748235408782959 0.13492662 0.12092662 "" "" 14.164360243303088 "" 1.8275968725046088 ""
248.83719829502 -49.05403105686 0.0398 0.0249 14.8736 "" "" 5940527807306942464 2930.99316 0.3052 0.0477 -2.034 -3.353 0.056 0.038 1.015 "" "" 16.07628 2.912034 17.755816 14.843781 "" "" 2584.26978 3356.20947 6989.31657 3.5101 1079.2 4.7798 9154.7 10.561 "" "" 0.0028087551143089265 0.0055595962 0.003981524 0.00954112 248.83719829502 -49.05403105686 2930.99316 -2.034 -3.352999999999999 -0.8562941160202024 -0.6467645912170412 0.14192662 0.123926625 "" "" 14.90848196791498 "" 2.022551866434659 ""
248.27275846797 -48.65178700778 0.0381 0.0246 18.7611 "" "" 5940736061639374848 2779.60278 0.33 0.0478 -2.123 -5.055 0.054 0.036 0.967 7951.9 3.7247 16.076508 1.726211 16.90245 15.17624 "" "" 2451.21167 3156.77393 6987.85249 2.561 2368.3 8.351 6740.0 8.4062 "" "" 0.0027839047503035725 0.0047373287 0.0040146513 0.00875198 248.27275846797 -48.65178700778 2779.60278 -2.123 -5.055 -0.9452941160202029 -2.3487645912170407 0.13992663 0.12192662 "" "" 33.35795710280403 "" 4.156130346573031 ""
248.63218115976 -48.9867637242 0.0381 0.0241 6.0036 "" "" 5940716579666446464 2517.34302 0.3682 0.0444 -3.063 -7.301 0.049 0.036 0.931 4858.5 3.4979 16.076946 2.068678 17.10578 15.037102 "" "" 2278.94434 2808.47656 6985.03487 2.7841 1963.8 12.117 7661.6 24.972 "" "" 0.0027890975185992897 0.007257008 0.0051775435 0.0124345515 248.63218115976 -48.9867637242 2517.34302 -3.063 -7.301 -1.8852941160202028 -4.594764591217041 0.13492662 0.12192662 "" "" 59.261388731939455 "" 7.341540181549229 ""
248.30450075564 -48.71382088055 0.0366 0.0251 14.9558 "" "" 5940735546243205888 2877.62842 0.3374 0.0504 -3.607 -4.163 0.057 0.038 0.987 "" "" 16.080723 1.587376 16.813423 15.226047 "" "" 2493.25586 3384.67041 6960.78017 2.5423 2570.7 6.0705 6437.8 9.8246 "" "" 0.002783709368487233 0.0037892638 0.0041266344 0.007915898 248.30450075564 -48.71382088055 2877.62842 -3.607000000000003 -4.163 -2.429294116020203 -1.4567645912170413 0.14292662 0.123926625 "" "" 38.63657164186163 "" 5.337863411415345 ""
248.57893293165 -49.03020672117 0.0402 0.0249 7.0947 "" "" 5940714621139289472 2730.33765 0.3256 0.0472 -1.459 -2.611 0.049 0.037 1.051 "" "" 16.08276 1.955595 17.035328 15.079733 "" "" 2411.09009 3059.71021 6947.73037 3.1644 2095.5 6.0278 7366.6 15.676 "" "" 0.0027993440111446426 0.0041879863 0.0044296505 0.008617637 248.57893293165 -49.03020672117 2730.33765 -1.459 -2.6109999999999998 -0.2812941160202027 0.09523540878295877 0.13492662 0.12292662 "" "" 3.8434350355565563 "" 0.5140296793407106 ""
248.33783871207 -49.0946024795 0.0378 0.0244 12.8109 "" "" 5940710738512936064 2756.729 0.3479 0.0449 -3.31 -4.438 0.052 0.036 0.947 "" "" 16.083233 1.311927 16.648146 15.336219 "" "" 2406.46704 3133.87988 6944.69962 2.6899 2993.4 9.1262 5816.6 9.9794 "" "" 0.0027872285510370316 0.00432923 0.0042135073 0.008542737 248.33783871207 -49.0946024795 2756.729 -3.3099999999999987 -4.4379999999999935 -2.1322941160202027 -1.7317645912170407 0.13792662 0.12192662 "" "" 35.893995493893044 "" 4.730837857328442 ""
248.73372981329 -48.82968870679 0.0365 0.0233 9.9265 "" "" 5941093093668327424 2561.25513 0.3793 0.0469 -0.166 -1.28 0.046 0.033 0.973 9380.0 3.6948 16.083544 1.699919 16.88713 15.187212 "" "" 2287.02783 2891.46436 6942.71103 2.5853 2402.0 9.4236 6672.3 9.6623 "" "" 0.002784824897785934 0.005092071 0.004093383 0.009185454 248.73372981329 -48.82968870679 2561.25513 -0.16600000000000026 -1.2800000000000002 1.0117058839797974 1.426235408782959 0.13192663 0.11892662 "" "" 21.228942089335902 "" 2.6203065060550546 ""
248.48598494529 -49.04449304783 0.0586 0.0399 7.7038 "" "" 5940709638998922880 2611.17676 0.3831 0.0663 -1.59 -6.132 0.076 0.061 1.523 7962.9 4.0291 16.087898 1.521244 16.730022 15.208778 "" "" 2146.44238 3338.88354 6914.92001 4.4816 2775.9 10.108 6541.0 9.9592 "" "" 0.002843755177393446 0.004838956 0.0041251103 0.008964066 248.48598494529 -49.04449304783 2611.17676 -1.5899999999999992 -6.132000000000008 -0.4122941160202027 -3.4257645912170407 0.16192663 0.14692663 "" "" 42.70658129994509 "" 6.284339629855867 ""
248.80833859681 -48.90139341016 0.0406 0.0247 11.3676 "" "" 5940904939762502400 2704.94971 0.3292 0.0495 -1.347 -1.758 0.053 0.036 0.947 6701.9 2.4386 16.09173 2.951559 17.803762 14.852203 "" "" 2365.09814 3097.57202 6890.56611 3.1799 1032.6 5.3074 9084.0 14.112 "" "" 0.0028005075546609502 0.0062391637 0.004138678 0.010377841 248.80833859681 -48.90139341016 2704.94971 -1.347 -1.7579999999999996 -0.1692941160202026 0.948235408782959 0.13892663 0.12192662 "" "" 12.350008862861818 "" 1.512716521143997 ""
248.17667417538 -48.99497818668 0.0374 0.0247 14.3345 "" "" 5940724585486053888 2933.58594 0.3042 0.0473 0.261 -2.295 0.047 0.036 1.036 7055.8 3.3617 16.092762 2.143189 17.194016 15.050826 "" "" 2584.28418 3419.74121 6884.01347 2.8818 1810.5 8.2186 7565.3 8.8601 "" "" 0.0027925564564564333 0.005663581 0.0039875545 0.009651136 248.17667417538 -48.99497818668 2933.58594 0.2610000000000001 -2.2950000000000026 1.4387058839797975 0.41123540878295906 0.13292661 0.12192662 "" "" 20.806697576022795 "" 2.7491419732338267 ""
248.557041321 -48.65237087619 0.037 0.0244 16.0123 "" "" 5941099415860386944 2928.93286 0.3346 0.0536 -2.117 -5.382 0.058 0.038 1.044 7984.2 3.5959 16.093052 2.321532 17.252024 14.930491 "" "" 2527.39282 3429.40576 6882.18437 3.0234 1716.4 21.376 8452.0 60.641 "" "" 0.0027962997784155836 0.0138066 0.008658295 0.022464894 248.557041321 -48.65237087619 2928.93286 -2.116999999999999 -5.381999999999998 -0.9392941160202026 -2.6757645912170407 0.14392662 0.123926625 "" "" 39.37037135818009 "" 4.971516609309408 ""
248.27519033638 -48.9909970674 0.0353 0.0245 10.6318 "" "" 5940725238321045760 2650.56079 0.3631 0.044 -1.91 -2.86 0.046 0.036 0.931 9253.4 3.6979 16.093086 1.923293 17.042736 15.119443 "" "" 2355.97803 2986.94604 6881.95867 3.2805 2081.2 10.064 7102.0 10.697 "" "" 0.0028035062599077237 0.005945613 0.004118013 0.010063626 248.27519033638 -48.9909970674 2650.56079 -1.9100000000000004 -2.8599999999999968 -0.7322941160202026 -0.1537645912170409 0.13192663 0.12192662 "" "" 9.400926450367276 "" 1.2364072118025946 ""
248.2875554227 -48.64910004289 0.0396 0.026 18.6015 "" "" 5940735992919894144 2735.70703 0.3418 0.0509 -3.434 -4.844 0.061 0.038 0.933 "" "" 16.094316 2.994304 17.83927 14.844966 "" "" 2433.48022 3159.82715 6874.16398 3.7966 999.33 6.9052 9144.8 11.119 "" "" 0.0028198177082125416 0.0080043 0.0040033064 0.012007607 248.2875554227 -48.64910004289 2735.70703 -3.4339999999999993 -4.843999999999994 -2.256294116020203 -2.1377645912170413 0.14692663 0.123926625 "" "" 40.30479667843604 "" 5.502828902462662 ""
248.34268027946 -48.94299816213 0.038 0.0272 7.193 "" "" 5940713998354648576 2520.11646 0.3628 0.046 -6.51 -4.495 0.048 0.039 1.027 4773.4 2.3261 16.100206 3.032726 17.861017 14.828291 "" "" 2246.0459 2901.104 6836.98392 4.1984 979.51 8.221 9286.3 19.155 "" "" 0.0028348377635008205 0.009530146 0.0043931063 0.013923252 248.34268027946 -48.94299816213 2520.11646 -6.51 -4.495 -5.332294116020202 -1.7887645912170411 0.13392663 0.12492663 "" "" 67.18455006957235 "" 8.938498596961528 ""
248.74768374795 -49.123123992 0.0387 0.0247 15.1852 "" "" 5940525878789664000 2819.60107 0.3289 0.0473 -3.042 -3.539 0.054 0.035 1.075 9084.9 4.4312 16.100258 1.485676 16.74328 15.257605 "" "" 2489.85229 3366.36328 6836.64825 2.9203 2742.2 8.3558 6253.4 26.055 "" "" 0.002794079068376012 0.0043278537 0.0058947518 0.010222605 248.74768374795 -49.123123992 2819.60107 -3.0420000000000034 -3.5389999999999997 -1.8642941160202025 -0.8327645912170412 0.13992663 0.12092662 "" "" 27.288936654109694 "" 3.737192912059581 ""
248.84829170224 -49.12046245925 0.0398 0.0254 17.6895 "" "" 5940524233894049024 2749.63525 0.3374 0.0472 -7.151 -6.446 0.058 0.039 1.003 7926.2 3.6837 16.101032 2.845784 17.72471 14.878926 "" "" 2421.59131 3144.73169 6831.77749 3.3496 1110.5 5.7779 8863.1 9.7469 "" "" 0.0028062729792025687 0.0063005453 0.0039635045 0.01026405 248.84829170224 -49.12046245925 2749.63525 -7.151000000000001 -6.445999999999998 -5.973294116020202 -3.7397645912170407 0.14392662 0.12492663 "" "" 91.85089197712256 "" 12.75253413017078 ""
248.36927643953 -48.70054696597 0.0386 0.028 14.3728 "" "" 5940734893408160128 2729.33521 0.3608 0.0547 -1.564 -2.076 0.06 0.041 0.979 4728.1 2.95 16.101349 2.961108 17.817142 14.856034 "" "" 2288.54663 3354.78857 6829.78767 3.6045 1019.9 7.1385 9052.0 12.299 "" "" 0.002814272511767861 0.008095334 0.0040570837 0.0121524185 248.36927643953 -48.70054696597 2729.33521 -1.564 -2.0760000000000014 -0.3862941160202027 0.6302354087829589 0.14592662 0.12692663 "" "" 9.563094323053582 "" 1.2660228902652477 ""
248.10590670786 -48.9127487808 0.0354 0.0237 16.3788 "" "" 5940729498928765824 2908.4248 0.3198 0.0454 -2.943 -4.234 0.052 0.035 1.018 "" "" 16.102201 1.782903 16.958693 15.17579 "" "" 2598.39941 3320.28345 6824.43181 2.759 2248.7 6.7052 6742.8 9.4672 "" "" 0.0027900647999242086 0.0042738975 0.0040752417 0.008349139 248.10590670786 -48.9127487808 2908.4248 -2.943 -4.234 -1.7652941160202027 -1.527764591217041 0.13792662 0.12092662 "" "" 32.18455426322024 "" 4.213506102000219 ""
248.78786192681 -49.13614088872 0.0397 0.0256 16.7646 "" "" 5940525608283605632 2709.65454 0.3463 0.0492 -2.965 -2.359 0.057 0.04 1.089 4768.2 3.2916 16.104937 2.650418 17.539686 14.889268 "" "" 2398.22632 3067.94629 6807.25687 3.8523 1316.9 7.1165 8779.1 18.217 "" "" 0.002822997232408166 0.0064969375 0.0043999436 0.010896881 248.78786192681 -49.13614088872 2709.65454 -2.9649999999999994 -2.359 -1.7872941160202025 0.347235408782959 0.14292662 0.12592661 "" "" 23.384794305782734 "" 3.3286823797140546 ""
248.74344476757 -49.02764286267 0.0383 0.0242 10.9422 "" "" 5940528494501786112 2674.49731 0.3565 0.0452 -0.963 -1.831 0.05 0.035 0.998 9045.1 3.4651 16.107443 1.349487 16.699692 15.350204 "" "" 2368.41235 3040.90869 6791.55544 2.6333 2854.6 6.4787 5742.2 9.9036 "" "" 0.002787294139210075 0.0037225094 0.0042178505 0.007940359 248.74344476757 -49.02764286267 2674.49731 -0.963 -1.831 0.2147058839797974 0.875235408782959 0.13592662 0.12092662 "" "" 11.42443658205601 "" 1.3918105809106938 ""
248.39063740995 -49.05093685961 0.1447 0.0937 9.4798 "" "" 5940712319058561664 2728.29297 0.6008 0.1634 -2.546 -7.096 0.179 0.134 3.839 8873.8 4.2353 16.108545 1.685972 16.78837 15.102398 "" "" 1703.02722 4507.00342 6784.66687 12.382 2630.7 16.098 7214.4 67.46 "" "" 0.0033938173400690393 0.007206027 0.010833086 0.018039113 248.39063740995 -49.05093685961 2728.29297 -2.546 -7.096 -1.3682941160202025 -4.389764591217041 0.2649266 0.21992663 "" "" 59.46276095819258 "" 13.33608328718131 ""
248.15078604008 -48.81585838952 0.0411 0.0265 15.8572 "" "" 5940736095999249536 2578.83545 0.375 0.052 -2.774 -3.964 0.059 0.037 1.014 7476.9 3.8146 16.110563 1.480251 16.781475 15.301224 "" "" 2289.34326 2858.75293 6772.0656 2.8356 2647.4 5.9673 6007.2 10.384 "" "" 0.002792573784156768 0.0037113607 0.004219726 0.007931087 248.15078604008 -48.81585838952 2578.83545 -2.774000000000002 -3.9640000000000004 -1.5962941160202027 -1.257764591217041 0.14492662 0.12292662 "" "" 24.841834216576615 "" 3.401300211659061 ""
248.44723774539 -48.81432416652 0.0383 0.0252 6.8823 "" "" 5940722042865114112 2562.46777 0.3669 0.048 -3.119 -4.013 0.055 0.039 0.951 15004.3 3.9101 16.110573 2.349955 17.363943 15.013988 "" "" 2212.87549 2899.70874 6772.01122 3.344 1548.2 6.6696 7826.4 11.081 "" "" 0.0028069963461515714 0.0054463167 0.0040800525 0.009526369 248.44723774539 -48.81432416652 2562.46777 -3.118999999999999 -4.013000000000004 -1.9412941160202029 -1.306764591217041 0.14092663 0.12492663 "" "" 28.423571402549488 "" 3.8695662166169984 ""
