Clusters/NGC_3572/NGC_3572_stars_in_region.tsv
# %ECSV 1.0
# ---
# datatype:
# - name: RA_ICRS_1
#   unit: deg
#   datatype: float64
#   format: '{:15.11f}'
#   description: Right ascension (ICRS) at Ep=2016.0 (ra)
#   meta: !!omap
#   - {ucd: POS_EQ_RA_MAIN}
#   - {width: 15}
#   - {precision: '11'}
# - name: DE_ICRS_1
#   unit: deg
#   datatype: float64
#   format: '{:15.11f}'
#   description: Declination (ICRS) at Ep=2016.0 (dec)
#   meta: !!omap
#   - {ucd: POS_EQ_DEC_MAIN}
#   - {width: 15}
#   - {precision: '11'}
# - name: e_RA_ICRS
#   unit: mas
#   datatype: float64
#   format: '{:7.4f}'
#   description: Standard error of right ascension (ra_error)
#   meta: !!omap
#   - {ucd: ERROR}
#   - {width: 7}
#   - {precision: '4'}
# - name: e_DE_ICRS
#   unit: mas
#   datatype: float64
#   format: '{:7.4f}'
#   description: Standard error of declination (dec_error)
#   meta: !!omap
#   - {ucd: ERROR}
#   - {width: 7}
#   - {precision: '4'}
# - name: _r_1
#   unit: ''
#   datatype: float64
#   format: '{:7.4f}'
#   description: Distance from center (167.63301488000-60.30200365000)[ICRS], at Epoch=J2016.0
#   meta: !!omap
#   - {ucd: POS_ANG_DIST_GENERAL}
#   - {width: 7}
#   - {precision: '4'}
# - name: HIP
#   datatype: int32
#   description: '? HIP cross-id number, van Leeuwen, Cat. I/311 (hip_original_ext_source_id)'
#   meta: !!omap
#   - {ucd: ID_NUMBER}
#   - {width: 6}
#   - values: {'null': -2147483648}
# - name: TYC2
#   datatype: string
#   description: Tycho-2 cross-id name, Hog et al., Cat. I/259 (tyc2_original_ext_source_id)
#   meta: !!omap
#   - {ucd: ID_CROSSID}
#   - {_votable_string_dtype: char}
# - name: Source
#   datatype: int64
#   description: Source identifier, identical to the Gaia-EDR3 source_id (id)
#   meta: !!omap
#   - {ucd: ID_MAIN}
#   - {width: 19}
# - name: rgeo
#   unit: pc
#   datatype: float64
#   format: '{:15.8f}'
#   description: '? Median of the geometric distance posterior (r_med_geo)'
#   meta: !!omap
#   - {ucd: PHYS_DISTANCE_TRUE}
#   - {width: 15}
#   - {precision: '8'}
#   - values: {'null': .nan}
# - name: Plx
#   unit: mas
#   datatype: float64
#   format: '{:9.4f}'
#   description: '? Parallax (parallax)'
#   meta: !!omap
#   - {ucd: POS_PARLX_TRIG}
#   - {width: 9}
#   - {precision: '4'}
#   - values: {'null': .nan}
# - name: e_Plx
#   unit: mas
#   datatype: float32
#   format: '{:7.4f}'
#   description: '? Standard error of parallax (parallax_error)'
#   meta: !!omap
#   - {ucd: ERROR}
#   - {width: 7}
#   - {precision: '4'}
#   - values: {'null': .nan}
# - name: pmRA
#   unit: mas / yr
#   datatype: float64
#   format: '{:9.3f}'
#   description: '? Proper motion in right ascension direction, pmRA*cosDE (pmra)'
#   meta: !!omap
#   - {ucd: POS_EQ_PMRA}
#   - {width: 9}
#   - {precision: '3'}
#   - values: {'null': .nan}
# - name: pmDE
#   unit: mas / yr
#   datatype: float64
#   format: '{:9.3f}'
#   description: '? Proper motion in declination direction (pmdec)'
#   meta: !!omap
#   - {ucd: POS_EQ_PMDEC}
#   - {width: 9}
#   - {precision: '3'}
#   - values: {'null': .nan}
# - name: e_pmRA
#   unit: mas / yr
#   datatype: float32
#   format: '{:6.3f}'
#   description: '? Standard error of proper motion in right ascension direction (pmra_error)'
#   meta: !!omap
#   - {ucd: ERROR}
#   - {width: 6}
#   - {precision: '3'}
#   - values: {'null': .nan}
# - name: e_pmDE
[...]
#         value: !astropy.table.SerializedColumn {name: SkyCoord.dec}
#       distance: !astropy.table.SerializedColumn
#         __class__: astropy.coordinates.distances.Distance
#         unit: !astropy.units.Unit {unit: pc}
#         value: !astropy.table.SerializedColumn {name: SkyCoord.distance}
#       frame: icrs
#       obstime: !astropy.time.Time {format: jyear_str, in_subfmt: '*', jd1: 367701545.0, jd2: 0.0, out_subfmt: '*', precision: 3, scale: tt}
#       pm_dec: !astropy.table.SerializedColumn
#         __class__: astropy.units.quantity.Quantity
#         unit: !astropy.units.Unit {unit: mas / yr}
#         value: !astropy.table.SerializedColumn {name: SkyCoord.pm_dec}
#       pm_ra_cosdec: !astropy.table.SerializedColumn
#         __class__: astropy.units.quantity.Quantity
#         unit: !astropy.units.Unit {unit: mas / yr}
#         value: !astropy.table.SerializedColumn {name: SkyCoord.pm_ra_cosdec}
#       ra: !astropy.table.SerializedColumn
#         __class__: astropy.coordinates.angles.Longitude
#         unit: *id001
#         value: !astropy.table.SerializedColumn {name: SkyCoord.ra}
#         wrap_angle: !astropy.coordinates.Angle
#           unit: *id001
#           value: 360.0
#       representation_type: spherical
# schema: astropy-2.0
RA_ICRS_1 DE_ICRS_1 e_RA_ICRS e_DE_ICRS _r_1 HIP TYC2 Source rgeo Plx e_Plx pmRA pmDE e_pmRA e_pmDE RUWE Teff logg Gmag BP-RP BPmag RPmag RV e_RV b_rgeo B_rgeo FG e_FG FBP e_FBP FRP e_FRP RAVE5 RAVE6 e_Gmag e_BPmag e_RPmag e_BP-RP SkyCoord.ra SkyCoord.dec SkyCoord.distance SkyCoord.pm_ra_cosdec SkyCoord.pm_dec rmRA rmDE e_rmRA e_rmDE rRV e_rRV v_pec v_pec3d e_vpec e_vpec3d
[from data line 2405]
167.48007700972 -60.48088894291 0.0398 0.0399 11.6514 "" "" 5337691690830474624 2400.78809 0.3878 0.0497 -5.09 -3.227 0.055 0.051 0.982 5412.0 4.5694 16.753784 1.342915 17.312094 15.969179 "" "" 2176.67285 2683.49048 3744.83957 2.3265 1624.0 12.273 3247.0 21.064 "" "" 0.002836682076599992 0.008666621 0.007993329 0.016659949 167.48007700972 -60.48088894291 2400.78809 -5.09 -3.227 1.1648274993896486 -5.114413740158081 0.10554126 0.10154125 "" "" 59.69108026698368 "" 6.073101412560507 ""
167.60021716171 -60.32931687502 0.0553 0.0576 1.9067 "" "" 5337716296742182912 2653.96558 0.3899 0.0692 -9.267 3.502 0.068 0.068 1.397 5885.0 4.6639 16.754232 1.264755 17.295225 16.03047 "" "" 2251.68335 3150.85986 3743.29362 3.6368 1649.4 7.6238 3068.8 7.6642 "" "" 0.002950337850444895 0.005741943 0.004651494 0.010393437 167.60021716171 -60.32931687502 2653.96558 -9.267000000000015 3.5020000000000002 -3.012172500610351 1.6145862598419187 0.118541256 0.118541256 "" "" 42.99286500316884 "" 5.096428199028875 ""
167.22742413004 -60.31492916223 0.0424 0.0408 12.079 "" "" 5337697433221163904 2030.50098 0.4819 0.0488 -7.726 1.943 0.055 0.051 1.104 5319.8 4.2926 16.754763 1.563441 17.380976 15.817534 "" "" 1829.00317 2286.95044 3741.46355 2.6598 1524.1 10.668 3733.7 26.744 "" "" 0.0028613875425590784 0.008095666 0.008646688 0.016742354 167.22742413004 -60.31492916223 2030.50098 -7.726 1.9429999999999992 -1.4711725006103515 0.055586259841919006 0.10554126 0.10154125 "" "" 14.16951295723202 "" 1.495388968047195 ""
167.28586242432 -60.3818211994 0.0646 0.0654 11.365 "" "" 5337696157608895104 2426.87012 0.4869 0.0808 -4.111 3.117 0.087 0.083 2.094 5286.2 4.7094 16.754904 1.343206 17.231499 15.888292 "" "" 2012.60828 2961.6897 3740.97951 3.7086 1749.1 13.298 3498.2 16.734 "" "" 0.0029580896772119208 0.008713407 0.006423283 0.015136691 167.28586242432 -60.3818211994 2426.87012 -4.110999999999999 3.1169999999999956 2.1438274993896487 1.229586259841919 0.13754125 0.13354126 "" "" 28.42955610153034 "" 3.882398272468272 ""
167.38699847515 -60.40473394573 0.0388 0.0385 9.5553 "" "" 5337692966478022144 2727.77222 0.3541 0.0488 -6.25 2.863 0.055 0.048 1.001 5869.5 4.6028 16.755903 1.139625 17.243967 16.104342 "" "" 2404.39844 3137.37329 3737.53963 2.0723 1729.1 7.4876 2867.0 8.9122 "" "" 0.002820316365708095 0.0054671937 0.0050670267 0.01053422 167.38699847515 -60.40473394573 2727.77222 -6.250000000000003 2.8630000000000035 0.0048274993896484375 0.9755862598419189 0.10554126 0.09854126 "" "" 12.61413387394112 "" 1.243014881589954 ""
167.70899069808 -60.19471017303 0.0881 0.0971 6.8235 "" "" 5337724508720295296 1834.3905 0.6095 0.1139 -5.792 2.418 0.118 0.121 2.342 5259.2 4.7717 16.75693 1.279803 17.219954 15.94015 "" "" 1472.11365 2245.54883 3734.00418 4.8672 1767.8 18.288 3335.0 16.438 "" "" 0.0030975281475628994 0.011573376 0.006551529 0.018124904 167.70899069808 -60.19471017303 1834.3905 -5.791999999999994 2.418 0.4628274993896486 0.5305862598419191 0.16854125 0.17154126 "" "" 6.121998309347083 "" 1.0422788972758825 ""
168.11302457282 -60.42460531728 0.0381 0.038 16.0294 "" "" 5337665925361619584 2175.45312 0.4312 0.0465 -5.633 2.23 0.049 0.046 0.949 5723.2 4.5303 16.757376 1.388083 17.384945 15.996862 "" "" 1951.15942 2439.94775 3732.47074 2.1579 1518.6 7.6537 3165.3 7.1668 "" "" 0.002825917467340325 0.0061423685 0.0045085433 0.010650912 168.11302457282 -60.42460531728 2175.45312 -5.632999999999997 2.2300000000000013 0.6218274993896484 0.3425862598419189 0.099541254 0.096541256 "" "" 7.320796337271342 "" 0.7236668076123373 ""
167.32839342507 -60.18940934355 0.0362 0.0377 11.31 "" "" 5337722515854939264 1984.10193 0.4966 0.0448 -7.35 0.732 0.047 0.047 1.052 5394.6 4.5441 16.757631 1.360544 17.373833 16.013288 "" "" 1841.55615 2138.4541 3731.59006 2.0459 1534.2 7.4936 3117.8 8.9376 "" "" 0.0028188893376843408 0.005992354 0.0048960014 0.010888355 167.32839342507 -60.18940934355 1984.10193 -7.349999999999996 0.7320000000000013 -1.0951725006103512 -1.155413740158081 0.09754126 0.09754126 "" "" 14.971954756703134 "" 1.4603832977812317 ""
167.74238977058 -60.4746994079 0.0463 0.0509 10.8573 "" "" 5337668261792513024 1982.84607 0.4947 0.0595 -7.031 0.149 0.06 0.06 1.195 "" "" 16.758366 "" "" "" "" "" 1765.8999 2287.30835 3729.0723 2.4956 "" "" "" "" "" "" 0.0028495165206359 "" "" "" 167.74238977058 -60.4746994079 1982.84607 -7.030999999999994 0.1490000000000003 -0.7761725006103513 -1.738413740158081 0.110541254 0.110541254 "" "" 17.893403571933955 "" 1.977959274215557 ""
167.95713682355 -60.57665581596 0.0457 0.041 19.0685 "" "" 5337640396073843584 2693.66162 0.3733 0.0532 -6.164 1.814 0.058 0.05 1.052 6018.3 4.4911 16.759123 1.129778 17.242134 16.112356 "" "" 2382.61938 3167.521 3726.46967 3.4127 1732.1 8.8193 2845.9 11.761 "" "" 0.0029292414530594406 0.006192438 0.005866535 0.012058973 167.95713682355 -60.57665581596 2693.66162 -6.164 1.8140000000000023 0.09082749938964874 -0.073413740158081 0.10854125 0.10054126 "" "" 1.4911317523276613 "" 0.15724369059787183 ""
167.01653739888 -60.32741718645 0.0455 0.0425 18.3814 "" "" 5337707706806913280 2469.71753 0.3942 0.0527 -11.288 5.72 0.061 0.053 1.241 "" "" 16.75994 1.551959 17.452587 15.900628 "" "" 2127.61255 2769.82715 3723.66726 2.9365 1426.9 7.3579 3458.7 8.4228 "" "" 0.0028852895260932385 0.0062554074 0.004612447 0.010867855 167.01653739888 -60.32741718645 2469.71753 -11.287999999999995 5.719999999999995 -5.033172500610352 3.8325862598419187 0.11154126 0.103541255 "" "" 74.05809552096184 "" 8.048154155227012 ""
167.55942170628 -59.98380800486 0.0388 0.0351 19.2179 "" "" 5337728666248919552 2035.11743 0.4803 0.0455 -11.147 5.16 0.048 0.042 0.928 5605.4 4.6315 16.761175 1.27681 17.31794 16.04113 "" "" 1870.49731 2245.7334 3719.43094 1.867 1615.3 7.6233 3038.8 14.117 "" "" 0.002808702260389399 0.005834469 0.0063027325 0.012137202 167.55942170628 -59.98380800486 2035.11743 -11.147 5.16 -4.892172500610352 3.272586259841919 0.09854126 0.092541255 "" "" 56.77754946992636 "" 5.4918727059169905 ""
167.58545857449 -60.33488741526 0.0397 0.0417 2.4268 "" "" 5337716502900589184 2375.64502 0.4152 0.0498 -11.15 1.657 0.051 0.049 1.013 5630.9 4.5884 16.761728 1.318977 17.32906 16.010082 "" "" 2156.12256 2691.79639 3717.536 2.1475 1598.8 9.2514 3127.0 12.321 "" "" 0.0028258029806205866 0.0068742842 0.00570834 0.012582624 167.58545857449 -60.33488741526 2375.64502 -11.15 1.657 -4.895172500610352 -0.23041374015808103 0.10154125 0.099541254 "" "" 55.1834001866147 "" 5.603149902131578 ""
167.38310132316 -60.05780309087 0.0602 0.0549 16.4403 "" "" 5337729628321373312 2481.16113 0.4261 0.0708 -8.158 2.665 0.075 0.067 1.662 6009.5 4.4843 16.762672 1.276729 17.268122 15.991393 "" "" 2003.98425 3516.31763 3714.30808 3.0267 1691.1 9.0492 3181.3 9.8332 "" "" 0.002893882274848956 0.0064451103 0.005054313 0.0114994235 167.38310132316 -60.05780309087 2481.16113 -8.158000000000005 2.665 -1.903172500610351 0.777586259841919 0.12554125 0.11754125 "" "" 24.178776932852376 "" 3.0085257147535147 ""
168.09756003171 -60.19624863561 0.0377 0.0391 15.2173 "" "" 5337675614808704000 1990.97791 0.4926 0.0468 -6.073 1.195 0.048 0.049 0.928 5800.2 4.5267 16.763227 1.39435 17.39665 16.0023 "" "" 1846.85071 2265.86206 3712.40901 2.0504 1502.3 7.159 3149.5 7.952 "" "" 0.002819819999325564 0.00587831 0.0046688905 0.0105472 168.09756003171 -60.19624863561 1990.97791 -6.073000000000004 1.195000000000001 0.18182749938964804 -0.692413740158081 0.09854126 0.099541254 "" "" 6.756019309215609 "" 0.6720688573357809 ""
167.40517835987 -60.4748515109 0.0423 0.0442 12.3766 "" "" 5337691007972779264 2682.1604 0.3616 0.0529 -7.652 2.126 0.056 0.051 0.991 5668.8 4.6018 16.765491 1.182535 17.28114 16.098604 "" "" 2355.35327 3159.01587 3704.67339 2.2771 1670.9 5.2252 2882.1 11.344 "" "" 0.0028349869869179114 0.00439466 0.00570494 0.010099599 167.40517835987 -60.4748515109 2682.1604 -7.652 2.126000000000001 -1.3971725006103517 0.23858625984191884 0.10654126 0.10154125 "" "" 18.019992782106474 "" 1.9173781418965894 ""
167.44725077941 -60.12978013487 0.0401 0.0378 11.7231 "" "" 5337728769327814656 1894.88208 0.5291 0.0499 -5.77 2.138 0.051 0.046 1.057 5513.0 4.6828 16.767422 1.361136 17.366858 16.005722 "" "" 1724.27026 2156.30688 3698.09506 2.0619 1544.1 9.517 3139.6 12.674 "" "" 0.0028210370871553808 0.007250274 0.005787377 0.013037651 167.44725077941 -60.12978013487 1894.88208 -5.770000000000001 2.138 0.48482749938964886 0.25058625984191885 0.10154125 0.096541256 "" "" 4.901851961712375 "" 0.4926745416232945 ""
168.09490299178 -60.2337019772 0.0402 0.0401 14.3422 "" "" 5337675408650203136 2640.54028 0.3717 0.0488 -4.513 1.734 0.053 0.05 1.122 5283.4 4.5156 16.768166 1.329508 17.108583 15.779076 "" "" 2325.36792 3027.99268 3695.55898 4.1912 1958.8 51.023 3868.4 54.378 "" "" 0.003017949513118102 0.028418655 0.01572315 0.044141807 168.09490299178 -60.2337019772 2640.54028 -4.513 1.7340000000000018 1.7418274993896485 -0.15341374015808107 0.103541255 0.10054126 "" "" 21.88538984152209 "" 2.265542594593625 ""
167.85274240064 -60.28113072801 0.0377 0.0412 6.6526 "" "" 5337676336362894464 2614.49561 0.3665 0.0491 -7.192 5.504 0.049 0.049 0.999 6115.3 4.4724 16.769766 1.302549 17.329163 16.026613 "" "" 2365.26636 3036.46216 3690.12115 2.0676 1598.6 8.8443 3079.7 11.008 "" "" 0.0028216791930666812 0.0066232537 0.005417061 0.012040315 167.85274240064 -60.28113072801 2614.49561 -7.191999999999998 5.504 -0.9371725006103517 3.6165862598419185 0.099541254 0.099541254 "" "" 46.299646614860976 "" 4.608724899616184 ""
167.39555402183 -60.00473448152 0.0405 0.039 19.1939 "" "" 5337731277588917632 2323.36743 0.413 0.0504 -7.422 3.423 0.051 0.047 0.996 5624.3 4.6071 16.771492 1.299377 17.349485 16.050108 "" "" 2113.4834 2617.16748 3684.2556 1.9725 1569.0 8.8824 3013.8 7.232 "" "" 0.002815969711722249 0.006750197 0.004590386 0.011340583 167.39555402183 -60.00473448152 2323.36743 -7.421999999999999 3.423 -1.1671725006103513 1.535586259841919 0.10154125 0.09754126 "" "" 21.2415498348131 "" 2.1034383572677884 ""
168.10206849982 -60.35391827338 0.04 0.0409 14.2758 "" "" 5337672075755777920 2479.30566 0.387 0.0495 -13.095 6.795 0.059 0.056 0.927 5114.0 4.4442 16.772083 1.314261 17.360191 16.04593 "" "" 2217.77368 2753.84961 3682.25462 2.0871 1553.6 7.9227 3025.4 11.395 "" "" 0.0028232073955416714 0.006200091 0.00556836 0.011768451 168.10206849982 -60.35391827338 2479.30566 -13.095 6.794999999999999 -6.840172500610352 4.907586259841919 0.10954125 0.10654126 "" "" 98.93429634438152 "" 10.737445437617714 ""
167.57815891946 -60.13232424533 0.0423 0.0427 10.3112 "" "" 5337725986189085312 2556.87793 0.371 0.0536 -5.945 0.747 0.056 0.051 0.977 6133.3 4.4684 16.773327 1.462883 17.430044 15.967161 "" "" 2255.40405 3010.25146 3678.03914 2.1134 1456.8 11.674 3253.1 9.4742 "" "" 0.002825065522198596 0.009136941 0.0049277092 0.014064651 167.57815891946 -60.13232424533 2556.87793 -5.945 0.7470000000000001 0.30982749938964815 -1.1404137401580812 0.10654126 0.10154125 "" "" 14.322356967955649 "" 1.4593448745844264 ""
167.48025394447 -60.10973745481 0.0421 0.0398 12.4024 "" "" 5337725951829328384 1968.51782 0.5073 0.0533 -4.494 -2.296 0.059 0.05 0.941 5148.9 4.593 16.773626 1.323322 17.366573 16.043251 "" "" 1765.71912 2197.55127 3677.02439 2.0932 1544.5 6.9994 3032.9 7.3922 "" "" 0.002823792027238071 0.005656414 0.004613747 0.010270162 167.48025394447 -60.10973745481 1968.51782 -4.4940000000000015 -2.2960000000000003 1.7608274993896487 -4.18341374015808 0.10954125 0.10054126 "" "" 42.35129886304996 "" 4.317569051047584 ""
167.64548184756 -60.59963083539 0.0398 0.0449 17.8614 "" "" 5337642487678750080 2277.5271 0.4153 0.0512 -5.039 1.953 0.056 0.057 0.989 5601.2 4.6452 16.773893 1.131811 17.254707 16.122896 "" "" 2056.45361 2568.01685 3676.11761 2.3692 1712.1 6.8545 2818.4 8.2881 "" "" 0.0028427847856817663 0.0051652524 0.0049475175 0.01011277 167.64548184756 -60.59963083539 2277.5271 -5.039 1.9530000000000003 1.2158274993896487 0.06558625984191901 0.10654126 0.107541256 "" "" 13.144522723749983 "" 1.4004723440905489 ""
167.1297386863 -60.29652495534 0.0397 0.038 14.9651 "" "" 5337697364524585472 2300.16699 0.4256 0.0456 -6.261 1.605 0.052 0.048 0.994 5558.3 4.565 16.774498 1.237093 17.3039 16.066807 "" "" 2105.86597 2608.19849 3674.0724 2.3508 1636.3 8.9271 2967.8 8.142 "" "" 0.002841546470739511 0.0065476582 0.0048120823 0.01135974 167.1297386863 -60.29652495534 2300.16699 -6.261 1.6050000000000004 -0.006172500610351683 -0.2824137401580811 0.10254125 0.09854126 "" "" 3.079833481872654 "" 0.30349667255891327 ""
167.5490102272 -60.53811121041 0.0494 0.0566 14.3833 "" "" 5337689835414111872 2256.39575 0.4253 0.0633 -7.564 2.473 0.067 0.075 1.226 5628.3 4.138 16.774527 1.402024 17.384407 15.982383 "" "" 1992.78674 2644.96582 3673.97688 2.9578 1519.3 8.2292 3207.8 9.9663 "" "" 0.002890644312874629 0.0065091606 0.0050658337 0.011574995 167.5490102272 -60.53811121041 2256.39575 -7.564 2.473 -1.3091725006103516 0.5855862598419188 0.11754125 0.12554125 "" "" 15.338902314954714 "" 1.8239854142625822 ""
167.87573764508 -60.13435169645 0.0424 0.0425 12.3899 "" "" 5337679841056504576 1951.82263 0.4937 0.0527 -5.735 1.496 0.053 0.051 1.039 5440.5 4.6835 16.774546 1.240254 17.236069 15.995814 "" "" 1750.99622 2200.3291 3673.90938 2.5042 1741.8 15.646 3168.3 20.943 "" "" 0.002852976164906121 0.010144071 0.008111204 0.018255275 167.87573764508 -60.13435169645 1951.82263 -5.735000000000001 1.496 0.5198274993896481 -0.39141374015808106 0.103541255 0.10154125 "" "" 6.020147274388091 "" 0.619004188136075 ""
168.05338249767 -60.14033746725 0.0484 0.041 15.8431 "" "" 5337769790507997952 2511.2688 0.3935 0.0571 -7.987 2.386 0.063 0.051 1.109 6153.8 4.4878 16.775953 1.215019 17.302383 16.087364 "" "" 2144.82642 2913.78882 3669.14748 2.2271 1638.6 7.1132 2912.1 13.973 "" "" 0.002833036752536793 0.0054771667 0.0064361533 0.01191332 168.05338249767 -60.14033746725 2511.2688 -7.987 2.3860000000000037 -1.7321725006103517 0.49858625984191907 0.11354126 0.10154125 "" "" 21.455915758977405 "" 2.417401086257546 ""
167.33456779584 -60.34259050406 0.0394 0.0372 9.1944 "" "" 5337696505531171840 2191.58203 0.4379 0.0472 -6.139 1.157 0.05 0.045 1.028 5490.3 4.6267 16.778244 1.193087 17.284025 16.090939 "" "" 2008.94604 2431.76733 3661.41555 2.8023 1666.5 6.4827 2902.6 6.8835 "" "" 0.0028779011533999767 0.005061936 0.0045731184 0.0096350545 167.33456779584 -60.34259050406 2191.58203 -6.139 1.157 0.1158274993896482 -0.730413740158081 0.10054126 0.09554125 "" "" 7.6824204311313515 "" 0.7349543522889336 ""
167.90113674147 -60.33589821974 0.0389 0.0409 8.2215 "" "" 5337670151609478528 2690.34814 0.3641 0.0492 -8.905 3.726 0.052 0.05 1.012 5604.6 4.6347 16.779163 1.156319 17.273615 16.117296 "" "" 2375.72754 3113.31958 3658.31758 2.2891 1682.6 8.1199 2833.0 10.165 "" "" 0.0028378399706002746 0.0059361556 0.005427723 0.011363879 167.90113674147 -60.33589821974 2690.34814 -8.904999999999992 3.7260000000000013 -2.650172500610351 1.838586259841919 0.10254125 0.10054126 "" "" 41.13231075091595 "" 4.19120645840857 ""
167.64879742394 -60.36574598394 0.0405 0.0545 3.8532 "" "" 5337716120596924160 2218.39648 0.4365 0.0542 -6.856 1.535 0.056 0.068 0.968 5483.6 4.593 16.779789 1.311424 17.350645 16.03922 "" "" 2015.9845 2437.10229 3656.21049 2.5977 1567.3 8.891 3044.2 10.052 "" "" 0.0028612679325033634 0.0067616953 0.0052093 0.011970995 167.64879742394 -60.36574598394 2218.39648 -6.856000000000005 1.5349999999999995 -0.6011725006103514 -0.35241374015808113 0.10654126 0.118541256 "" "" 7.327546046684222 "" 0.8040902895838682 ""
