Clusters/NGC_3572/NGC_3572_members.tsv
# %ECSV 1.0
# ---
# datatype:
# - name: RA_ICRS_1
#   unit: deg
#   datatype: float64
#   format: '{:15.11f}'
#   description: Right ascension (ICRS) at Ep=2016.0 (ra)
#   meta: !!omap
#   - {ucd: POS_EQ_RA_MAIN}
#   - {width: 15}
#   - {precision: '11'}
# - name: DE_ICRS_1
#   unit: deg
#   datatype: float64
#   format: '{:15.11f}'
#   description: Declination (ICRS) at Ep=2016.0 (dec)
#   meta: !!omap
#   - {ucd: POS_EQ_DEC_MAIN}
#   - {width: 15}
#   - {precision: '11'}
# - name: e_RA_ICRS
#   unit: mas
#   datatype: float64
#   format: '{:7.4f}'
#   description: Standard error of right ascension (ra_error)
#   meta: !!omap
#   - {ucd: ERROR}
#   - {width: 7}
#   - {precision: '4'}
# - name: e_DE_ICRS
#   unit: mas
#   datatype: float64
#   format: '{:7.4f}'
#   description: Standard error of declination (dec_error)
#   meta: !!omap
#   - {ucd: ERROR}
#   - {width: 7}
#   - {precision: '4'}
# - name: _r_1
#   unit: ''
#   datatype: float64
#   format: '{:7.4f}'
#   description: Distance from center (167.63301488000-60.30200365000)[ICRS], at Epoch=J2016.0
#   meta: !!omap
#   - {ucd: POS_ANG_DIST_GENERAL}
#   - {width: 7}
#   - {precision: '4'}
# - name: HIP
#   datatype: int32
#   description: '? HIP cross-id number, van Leeuwen, Cat. I/311 (hip_original_ext_source_id)'
#   meta: !!omap
#   - {ucd: ID_NUMBER}
#   - {width: 6}
#   - values: {'null': -2147483648}
# - name: TYC2
#   datatype: string
#   description: Tycho-2 cross-id name, Hog et al., Cat. I/259 (tyc2_original_ext_source_id)
#   meta: !!omap
#   - {ucd: ID_CROSSID}
#   - {_votable_string_dtype: char}
# - name: Source
#   datatype: int64
#   description: Source identifier, identical to the Gaia-EDR3 source_id (id)
#   meta: !!omap
#   - {ucd: ID_MAIN}
#   - {width: 19}
# - name: rgeo
#   unit: pc
#   datatype: float64
#   format: '{:15.8f}'
#   description: '? Median of the geometric distance posterior (r_med_geo)'
#   meta: !!omap
#   - {ucd: PHYS_DISTANCE_TRUE}
#   - {width: 15}
#   - {precision: '8'}
#   - values: {'null': .nan}
# - name: Plx
#   unit: mas
#   datatype: float64
#   format: '{:9.4f}'
#   description: '? Parallax (parallax)'
#   meta: !!omap
#   - {ucd: POS_PARLX_TRIG}
#   - {width: 9}
#   - {precision: '4'}
#   - values: {'null': .nan}
# - name: e_Plx
#   unit: mas
#   datatype: float32
#   format: '{:7.4f}'
#   description: '? Standard error of parallax (parallax_error)'
#   meta: !!omap
#   - {ucd: ERROR}
#   - {width: 7}
#   - {precision: '4'}
#   - values: {'null': .nan}
# - name: pmRA
#   unit: mas / yr
#   datatype: float64
#   format: '{:9.3f}'
#   description: '? Proper motion in right ascension direction, pmRA*cosDE (pmra)'
#   meta: !!omap
#   - {ucd: POS_EQ_PMRA}
#   - {width: 9}
#   - {precision: '3'}
#   - values: {'null': .nan}
# - name: pmDE
#   unit: mas / yr
#   datatype: float64
#   format: '{:9.3f}'
#   description: '? Proper motion in declination direction (pmdec)'
#   meta: !!omap
#   - {ucd: POS_EQ_PMDEC}
#   - {width: 9}
#   - {precision: '3'}
#   - values: {'null': .nan}
# - name: e_pmRA
#   unit: mas / yr
#   datatype: float32
#   format: '{:6.3f}'
#   description: '? Standard error of proper motion in right ascension direction (pmra_error)'
#   meta: !!omap
#   - {ucd: ERROR}
#   - {width: 6}
#   - {precision: '3'}
#   - values: {'null': .nan}
# - name: e_pmDE
[...]
#       distance: !astropy.table.SerializedColumn
#         __class__: astropy.coordinates.distances.Distance
#         unit: !astropy.units.Unit {unit: pc}
#         value: !astropy.table.SerializedColumn {name: SkyCoord.distance}
#       frame: icrs
#       obstime: !astropy.time.Time {format: jyear_str, in_subfmt: '*', jd1: 367701545.0, jd2: 0.0, out_subfmt: '*', precision: 3, scale: tt}
#       pm_dec: !astropy.table.SerializedColumn
#         __class__: astropy.units.quantity.Quantity
#         unit: !astropy.units.Unit {unit: mas / yr}
#         value: !astropy.table.SerializedColumn {name: SkyCoord.pm_dec}
#       pm_ra_cosdec: !astropy.table.SerializedColumn
#         __class__: astropy.units.quantity.Quantity
#         unit: !astropy.units.Unit {unit: mas / yr}
#         value: !astropy.table.SerializedColumn {name: SkyCoord.pm_ra_cosdec}
#       ra: !astropy.table.SerializedColumn
#         __class__: astropy.coordinates.angles.Longitude
#         unit: *id001
#         value: !astropy.table.SerializedColumn {name: SkyCoord.ra}
#         wrap_angle: !astropy.coordinates.Angle
#           unit: *id001
#           value: 360.0
#       representation_type: spherical
# schema: astropy-2.0
RA_ICRS_1 DE_ICRS_1 e_RA_ICRS e_DE_ICRS _r_1 HIP TYC2 Source rgeo Plx e_Plx pmRA pmDE e_pmRA e_pmDE RUWE Teff logg Gmag BP-RP BPmag RPmag RV e_RV b_rgeo B_rgeo FG e_FG FBP e_FBP FRP e_FRP RAVE5 RAVE6 e_Gmag e_BPmag e_RPmag e_BP-RP SkyCoord.ra SkyCoord.dec SkyCoord.distance SkyCoord.pm_ra_cosdec SkyCoord.pm_dec rmRA rmDE e_rmRA e_rmDE rRV e_rRV v_pec v_pec3d e_vpec e_vpec3d Pmemb
167.69276972294 -60.28191619194 0.0103 0.0125 2.147 "" "" 5337671384220764800 2516.41919 0.3586 0.013 -6.339 2.092 0.014 0.017 0.866 17162.4 3.9293 11.97742 0.484381 12.146924 11.662543 "" "" 2425.5874 2613.24609 304774.58263 71.448 189080.0 128.81 171450.0 88.356 "" "" 0.0027670514862420848 0.002886544 0.003820576 0.0067071198 167.69276972294 -60.28191619194 2516.41919 -6.3389999999999995 2.0919999999999987 -0.08417250061035197 0.20458625984191903 0.06454126 0.06754126 "" "" 2.6387347850669345 "" 0.17709935931820311 "" 1.0
167.63022367863 -60.29175148721 0.0114 0.013 0.6207 "" "" 5337717941666254080 2576.78711 0.3493 0.0149 -6.223 1.863 0.015 0.015 0.989 15350.0 4.0315 12.302744 0.303816 12.403358 12.099542 "" "" 2488.91553 2677.74194 225865.18114 43.183 149300.0 90.757 114640.0 39.528 "" "" 0.002763128537648548 0.0028671676 0.0037978776 0.0066650454 167.63022367863 -60.29175148721 2576.78711 -6.223000000000001 1.8629999999999995 0.03182749938964857 -0.024413740158081065 0.06554125 0.06554125 "" "" 0.48993409068322347 "" 0.03211089394281803 "" 0.9
167.69390905051 -60.3879670083 0.0129 0.0161 5.4654 "" "" 5337669116482811904 2354.34351 0.3951 0.0171 -6.221 2.039 0.018 0.02 1.049 15112.3 3.8088 12.640831 0.446906 12.789164 12.342258 "" "" 2273.80493 2431.20459 165429.98968 58.235 104650.0 182.95 91676.0 183.86 "" "" 0.002781702458021918 0.0033745822 0.004361787 0.007736369 167.69390905051 -60.3879670083 2354.34351 -6.221000000000001 2.038999999999999 0.03382749938964835 0.1515862598419191 0.06854126 0.070541255 "" "" 1.733249459065788 "" 0.12210337705757401 "" 0.8
167.66202801893 -60.37505663514 0.0108 0.0125 4.467 "" "" 5337669185193766144 2511.48779 0.3728 0.0138 -6.217 1.948 0.015 0.015 0.978 13734.8 3.9271 12.645515 0.433743 12.79775 12.364006 "" "" 2433.29907 2592.66553 164717.95109 37.772 103830.0 67.081 89858.0 44.219 "" "" 0.0027665460905295625 0.0028769933 0.003816961 0.0066939546 167.66202801893 -60.37505663514 2511.48779 -6.2170000000000005 1.9480000000000002 0.0378274993896488 0.0605862598419189 0.06554125 0.06554125 "" "" 0.8502824903640865 "" 0.055728579392059274 "" 0.8
167.66544999088 -60.38621768448 0.0106 0.0125 5.1438 "" "" 5337669150834028544 2494.81494 0.3708 0.0139 -6.188 1.899 0.014 0.015 0.919 7088.5 3.6024 12.812197 0.435779 12.965206 12.529428 "" "" 2401.69629 2598.18335 141275.89046 140.54 88989.0 281.23 77159.0 212.01 "" "" 0.002959453262524327 0.0044224854 0.004814944 0.009237429 167.66544999088 -60.38621768448 2494.81494 -6.187999999999996 1.8989999999999996 0.06682749938964871 0.011586259841918967 0.06454126 0.06554125 "" "" 0.8020528049362016 "" 0.05178907821473429 "" 1.0
167.6626435656 -60.26394311562 0.0111 0.0134 2.4478 "" "" 5337718323966938752 2660.22119 0.3505 0.0146 -6.177 2.117 0.016 0.018 0.912 14203.5 3.6792 12.850367 0.503207 13.029942 12.526734 "" "" 2574.45825 2746.21802 136395.52514 27.867 83838.0 54.768 77351.0 27.07 "" "" 0.00276423526911445 0.0028789076 0.003798434 0.0066773416 167.6626435656 -60.26394311562 2660.22119 -6.176999999999999 2.117 0.07782749938964884 0.22958625984191894 0.066541255 0.06854126 "" "" 3.056769850532435 "" 0.20889299860524937 "" 0.8
167.70293433717 -60.37436269655 0.0138 0.0166 4.8124 "" "" 5337669223896347904 2313.43237 0.4013 0.0186 -6.213 1.932 0.019 0.021 1.455 11144.3 3.8239 13.066162 0.839476 13.392266 12.552791 -59.36 6.04 2215.08008 2397.96729 111810.3573 36.235 60050.0 41.872 75516.0 32.283 "" "" 0.0027776960307462923 0.002891055 0.0038077766 0.006698832 167.70293433717 -60.37436269655 2313.43237 -6.213 1.9320000000000004 0.04182749938964836 0.044586259841918885 0.06954125 0.07154126 -52.86875 6.7651544 0.6703849494620024 52.87300012807071 0.047337284286338564 6.764610580124385 0.9
167.74365258902 -60.28403114536 0.0096 0.0117 3.4619 "" "" 5337671422919800704 2297.86304 0.4019 0.0124 -6.23 1.959 0.013 0.015 0.902 15306.4 3.9155 13.130824 0.601789 13.352973 12.751183 "" "" 2227.71484 2365.38013 105345.77106 27.054 62263.0 32.464 62905.0 31.604 "" "" 0.0027693925838250862 0.0028470198 0.003818544 0.006665564 167.74365258902 -60.28403114536 2297.86304 -6.23 1.959 0.02482749938964801 0.07158625984191902 0.063541256 0.06554125 "" "" 0.8252701817388867 "" 0.053914446362299695 "" 1.0
167.6257798707 -60.40209170839 0.0101 0.0131 6.0091 "" "" 5337715678266750464 2352.8689 0.3924 0.0132 -6.175 1.765 0.015 0.017 0.877 12818.1 3.9318 13.267726 0.374652 13.401558 13.026906 "" "" 2279.89648 2441.24951 92865.96084 49.356 59538.0 37.42 48797.0 25.189 "" "" 0.002815096319519034 0.0028724044 0.003820712 0.0066931164 167.6257798707 -60.40209170839 2352.8689 -6.1750000000000025 1.765000000000001 0.07982749938964862 -0.12241374015808115 0.06554125 0.06754126 "" "" 1.629865705832891 "" 0.10912076654104307 "" 1.0
167.66260570216 -60.34719089558 0.0097 0.0118 2.8502 "" "" 5337669326975590912 2567.46387 0.3515 0.0128 -6.218 1.781 0.013 0.014 0.987 14137.7 3.9105 13.300326 0.548042 13.485992 12.937949 "" "" 2489.79028 2661.66846 90118.97013 24.248 55083.0 34.154 52964.0 69.504 "" "" 0.0027707638688192985 0.002870236 0.004039032 0.006909268 167.66260570216 -60.34719089558 2567.46387 -6.218 1.7809999999999997 0.036827499389648466 -0.10641374015808114 0.063541256 0.06454126 "" "" 1.370392135377782 "" 0.08830127100424064 "" 1.0
167.6167118623 -60.27928468056 0.0116 0.0124 1.4468 "" "" 5337718186527916160 2391.76099 0.3773 0.0148 -6.305 1.903 0.016 0.014 0.922 "" "" 13.351284 0.519144 13.536808 13.017664 "" "" 2315.06958 2474.8418 85987.04463 103.86 52565.0 200.31 49214.0 207.38 "" "" 0.0030514905107661455 0.004990325 0.005934261 0.010924585 167.6167118623 -60.27928468056 2391.76099 -6.305 1.903 -0.05017250061035128 0.01558625984191897 0.066541255 0.06454126 "" "" 0.5956172754616189 "" 0.039529718776500126 "" 0.8
167.66324580959 -60.39799994436 0.0106 0.0125 5.8293 "" "" 5337668772877422464 2282.61499 0.4009 0.0133 -6.157 1.768 0.014 0.016 0.919 "" "" 13.360199 0.790912 13.661762 12.870851 "" "" 2214.78101 2351.53003 85283.9011 143.24 46850.0 322.77 56340.0 231.65 "" "" 0.0033041162080486 0.0079835495 0.005849141 0.01383269 167.66324580959 -60.39799994436 2282.61499 -6.157 1.767999999999999 0.09782749938964841 -0.11941374015808104 0.06454126 0.066541255 "" "" 1.6702126204223495 "" 0.109808720785717 "" 0.9
167.70988078365 -60.24477730178 0.0097 0.0121 4.1255 "" "" 5337677401514763776 2450.51587 0.3702 0.0128 -6.245 2.016 0.013 0.015 0.982 6175.1 3.3687 13.472767 0.702827 13.734767 13.03194 "" "" 2371.46753 2522.05029 76884.71664 16.725 43804.0 36.426 48572.0 26.184 "" "" 0.0027654244287750856 0.0029326114 0.0038244342 0.0067570456 167.70988078365 -60.24477730178 2450.51587 -6.245000000000004 2.0160000000000005 0.009827499389648331 0.12858625984191896 0.063541256 0.06554125 "" "" 1.4979424237628587 "" 0.09815988886526411 "" 0.9
167.75578789486 -60.27003836269 0.0108 0.0128 4.1244 "" "" 5337671457279557760 2440.63184 0.3791 0.0143 -6.258 2.005 0.014 0.016 0.982 "" "" 13.810106 0.891876 14.162836 13.27096 "" "" 2349.76758 2535.34448 56351.3407 11.259 29531.0 22.453 38974.0 32.822 "" "" 0.0027638466098194015 0.0029097267 0.003888415 0.0067981416 167.75578789486 -60.27003836269 2440.63184 -6.257999999999998 2.005 -0.0031725006103515696 0.11758625984191884 0.06454126 0.066541255 "" "" 1.3608028235699758 "" 0.09054757706869834 "" 0.8
167.71991124181 -60.38013433188 0.0116 0.0135 5.3509 "" "" 5337669017737916288 2248.59619 0.4087 0.0152 -6.256 1.862 0.016 0.017 1.011 "" "" 13.872702 0.734588 14.139941 13.405354 "" "" 2174.02393 2327.57544 53194.42047 12.938 30161.0 21.323 34436.0 137.43 "" "" 0.002767945878242074 0.0028938272 0.0057496955 0.008643523 167.71991124181 -60.38013433188 2248.59619 -6.255999999999998 1.8619999999999992 -0.0011725006103517899 -0.025413740158080955 0.066541255 0.06754126 "" "" 0.2711565629119337 "" 0.01831368328249448 "" 1.0
167.66509488508 -60.15349840339 0.0125 0.0136 8.9614 "" "" 5337725191572450176 2357.73364 0.3903 0.0156 -6.278 1.901 0.016 0.016 0.921 "" "" 13.921119 0.505621 14.099086 13.593465 "" "" 2265.90479 2437.09717 50874.37984 16.255 31317.0 30.117 28958.0 27.306 "" "" 0.002777072800975809 0.002979138 0.0039155954 0.0068947333 167.66509488508 -60.15349840339 2357.73364 -6.2780000000000005 1.9009999999999994 -0.023172500610351143 0.013586259841918968 0.066541255 0.066541255 "" "" 0.3001972231692036 "" 0.019975499833224178 "" 0.8
167.65919200993 -60.38436727515 0.012 0.0141 5.0026 "" "" 5337669155176827904 2233.95532 0.4082 0.0156 -6.243 1.748 0.016 0.017 0.866 "" "" 13.946445 0.546568 14.147474 13.600906 "" "" 2147.32837 2312.55225 49701.39475 19.623 29952.0 34.427 28760.0 26.972 "" "" 0.0027884665470243038 0.003056539 0.0039141453 0.006970684 167.65919200993 -60.38436727515 2233.95532 -6.243 1.7480000000000007 0.01182749938964811 -0.13941374015808106 0.066541255 0.06754126 "" "" 1.4815479014538395 "" 0.10005509762970821 "" 0.9
167.66504677148 -60.23247833007 0.0122 0.0145 4.279 "" "" 5337718530125438848 2466.68823 0.3683 0.0158 -6.3 1.9 0.017 0.019 1.114 7067.4 3.7868 14.076918 0.641672 14.3093 13.667628 "" "" 2375.62866 2570.60303 44073.72723 14.4 25805.0 18.112 27046.0 22.949 "" "" 0.0027780619228776073 0.0028923652 0.0038900462 0.0067824116 167.66504677148 -60.23247833007 2466.68823 -6.3 1.8999999999999992 -0.045172500610351385 0.012586259841918856 0.06754126 0.06954125 "" "" 0.5482796562585505 "" 0.037111576047294224 "" 0.9
167.69925603332 -60.39961039265 0.0127 0.0141 6.1776 "" "" 5337669086457347328 2391.05493 0.3839 0.0163 -6.321 1.818 0.017 0.017 0.955 10888.5 4.098 14.202476 0.609712 14.429916 13.820205 "" "" 2303.08081 2477.40894 39260.53407 11.227 23091.0 15.932 23500.0 22.839 "" "" 0.002772757911057284 0.0028889843 0.0039239223 0.006812907 167.69925603332 -60.39961039265 2391.05493 -6.3210000000000015 1.818 -0.06617250061035129 -0.069413740158081 0.06754126 0.06754126 "" "" 1.0869074709599256 "" 0.07341109633892721 "" 1.0
167.55895576009 -60.28274829073 0.0127 0.0134 2.4868 "" "" 5337718117808386048 2572.75513 0.356 0.016 -6.316 1.931 0.016 0.016 0.883 9469.1 3.9502 14.227483 0.567202 14.435255 13.868053 "" "" 2472.1936 2663.59326 38366.61804 11.972 22978.0 25.595 22487.0 21.873 "" "" 0.002776071273783629 0.0030409994 0.003924163 0.006965162 167.55895576009 -60.28274829073 2572.75513 -6.316 1.9310000000000005 -0.0611725006103514 0.043586259841918995 0.066541255 0.066541255 "" "" 0.915982248332135 "" 0.06095060792245172 "" 0.9
167.59222293738 -60.31087868217 0.013 0.0146 1.3242 "" "" 5337718014729135360 2248.24585 0.407 0.0171 -6.307 1.866 0.018 0.017 1.027 "" "" 14.245733 0.581051 14.45953 13.878479 "" "" 2179.01196 2330.61328 37727.11816 11.414 22470.0 19.849 22272.0 13.597 "" "" 0.0027748312232288514 0.0029504073 0.003837067 0.0067874743 167.59222293738 -60.31087868217 2248.24585 -6.307 1.866 -0.052172500610351946 -0.02141374015808095 0.06854126 0.06754126 "" "" 0.6009953017924788 "" 0.04110686835614201 "" 0.9
167.61889530198 -60.27410879825 0.0158 0.0157 1.7256 "" "" 5337718186528107520 2393.28003 0.3869 0.0192 -6.285 1.854 0.019 0.019 0.949 6152.9 3.6927 14.517511 1.318993 15.101697 13.782704 -28.47 13.06 2307.09351 2509.34009 29372.57885 21.613 12438.0 49.687 24326.0 62.566 "" "" 0.0028688054918063186 0.0051572244 0.004699121 0.009856345 167.61889530198 -60.27410879825 2393.28003 -6.285 1.854 -0.030172500610351705 -0.03341374015808096 0.06954125 0.06954125 -21.978749999999998 13.785155 0.5107207482039039 21.98468301443407 0.03551616083955455 13.781435116128993 0.9
167.66445572943 -60.33304301137 0.0143 0.0174 2.0835 "" "" 5337717739851230464 2395.4939 0.3811 0.0186 -6.193 1.858 0.019 0.022 0.87 "" "" 14.561558 0.755512 14.851837 14.096325 "" "" 2290.58936 2512.87012 28204.82951 6.373 15656.0 13.919 18223.0 18.264 "" "" 0.002766220269450411 0.0029524236 0.00393292 0.006885343 167.66445572943 -60.33304301137 2395.4939 -6.193 1.858 0.06182749938964882 -0.02941374015808096 0.06954125 0.07254125 "" "" 0.7774246542889168 "" 0.05450103282227219 "" 1.0
167.67669632423 -60.29923240643 0.0151 0.018 1.3091 "" "" 5337717911650007808 2338.36816 0.3924 0.0203 -6.318 1.611 0.019 0.022 0.851 9539.7 4.1185 14.705923 0.862478 15.047695 14.185217 "" "" 2247.98535 2452.64258 24693.20165 9.6775 13072.0 20.776 16791.0 16.666 "" "" 0.0027879828588821174 0.0032806704 0.003930021 0.0072106915 167.67669632423 -60.29923240643 2338.36816 -6.318 1.611000000000001 -0.06317250061035118 -0.27641374015808107 0.06954125 0.07254125 "" "" 3.142726707161123 "" 0.22751853735427607 "" 0.8
167.60962935822 -60.27383252291 0.0222 0.027 1.8277 "" "" 5337718182184789632 2069.3313 0.4494 0.0292 -6.313 2.113 0.032 0.035 1.366 5721.4 4.0472 15.013659 1.353181 15.545656 14.192475 -108.77 7.74 1958.18445 2207.48877 18598.73638 21.827 8263.3 108.19 16679.0 112.19 "" "" 0.0030356802908039116 0.0144866 0.008223095 0.022709694 167.60962935822 -60.27383252291 2069.3313 -6.312999999999997 2.1129999999999987 -0.058172500610351285 0.22558625984191893 0.08254126 0.085541256 -102.27875 8.465155 2.285078292464609 102.3042730503726 0.19504807282022338 8.463043867474584 0.8
167.50893121035 -60.3478090079 0.0209 0.0218 4.5977 "" "" 5337716812138152576 2042.63611 0.4516 0.0257 -6.223 1.882 0.028 0.026 1.158 5582.0 4.0965 15.245066 1.282161 15.788943 14.506783 "" "" 1950.74512 2150.73657 15028.66471 10.462 6604.5 23.758 12487.0 22.209 "" "" 0.0028571058615377053 0.004799918 0.0042441385 0.009044057 167.50893121035 -60.3478090079 2042.63611 -6.222999999999998 1.8820000000000006 0.03182749938964857 -0.0054137401580811595 0.07854126 0.07654126 "" "" 0.31258300471035516 "" 0.024533300496700303 "" 0.8
167.62558770105 -60.30032930704 0.0244 0.0278 0.2426 "" "" 5337717842911292928 2227.1145 0.4201 0.0319 -6.291 1.697 0.032 0.033 1.084 "" "" 15.811396 1.524763 16.499443 14.97468 "" "" 2071.75977 2421.47217 8920.486 7.6552 3432.7 13.473 8115.0 25.553 "" "" 0.002908594015120088 0.0050935857 0.0050962865 0.010189872 167.62558770105 -60.30032930704 2227.1145 -6.291 1.697 -0.03617250061035193 -0.190413740158081 0.08254126 0.08354126 "" "" 2.0460556997069985 "" 0.1708592153509089 "" 0.8
167.66355543465 -60.40579343958 0.0253 0.0295 6.293 "" "" 5337668777219673984 2581.88989 0.3633 0.0336 -6.282 1.804 0.035 0.037 0.984 "" "" 15.819108 1.534371 16.528286 14.993915 "" "" 2364.27441 2831.64111 8857.34462 8.4515 3342.7 12.798 7972.5 23.682 "" "" 0.0029436473336544844 0.0050064777 0.004968424 0.009974902 167.66355543465 -60.40579343958 2581.88989 -6.282000000000004 1.8040000000000005 -0.02717250061035159 -0.083413740158081 0.085541256 0.08754125 "" "" 1.0736287728837801 "" 0.09378293979294201 "" 0.8
167.7382476778 -60.39475974046 0.0258 0.0293 6.3821 "" "" 5337669017738217728 2163.65039 0.435 0.0336 -6.298 1.803 0.035 0.037 0.964 5734.7 3.9794 15.916627 1.457005 16.575891 15.118886 "" "" 2034.99768 2312.73096 8096.47246 7.3078 3199.3 14.621 7105.7 17.563 "" "" 0.002924404355991297 0.0056925667 0.004635233 0.010327799 167.7382476778 -60.39475974046 2163.65039 -6.298 1.8029999999999993 -0.043172500610351605 -0.08441374015808112 0.085541256 0.08754125 "" "" 0.9723760833237212 "" 0.08472347012012205 "" 1.0
