Clusters/NGC_3572/NGC_3572_stars_in_region.tsv
# %ECSV 1.0
# ---
# datatype:
# - name: RA_ICRS_1
#   unit: deg
#   datatype: float64
#   format: '{:15.11f}'
#   description: Right ascension (ICRS) at Ep=2016.0 (ra)
#   meta: !!omap
#   - {ucd: POS_EQ_RA_MAIN}
#   - {width: 15}
#   - {precision: '11'}
# - name: DE_ICRS_1
#   unit: deg
#   datatype: float64
#   format: '{:15.11f}'
#   description: Declination (ICRS) at Ep=2016.0 (dec)
#   meta: !!omap
#   - {ucd: POS_EQ_DEC_MAIN}
#   - {width: 15}
#   - {precision: '11'}
# - name: e_RA_ICRS
#   unit: mas
#   datatype: float64
#   format: '{:7.4f}'
#   description: Standard error of right ascension (ra_error)
#   meta: !!omap
#   - {ucd: ERROR}
#   - {width: 7}
#   - {precision: '4'}
# - name: e_DE_ICRS
#   unit: mas
#   datatype: float64
#   format: '{:7.4f}'
#   description: Standard error of declination (dec_error)
#   meta: !!omap
#   - {ucd: ERROR}
#   - {width: 7}
#   - {precision: '4'}
# - name: _r_1
#   unit: ''
#   datatype: float64
#   format: '{:7.4f}'
#   description: Distance from center (167.63301488000-60.30200365000)[ICRS], at Epoch=J2016.0
#   meta: !!omap
#   - {ucd: POS_ANG_DIST_GENERAL}
#   - {width: 7}
#   - {precision: '4'}
# - name: HIP
#   datatype: int32
#   description: '? HIP cross-id number, van Leeuwen, Cat. I/311 (hip_original_ext_source_id)'
#   meta: !!omap
#   - {ucd: ID_NUMBER}
#   - {width: 6}
#   - values: {'null': -2147483648}
# - name: TYC2
#   datatype: string
#   description: Tycho-2 cross-id name, Hog et al., Cat. I/259 (tyc2_original_ext_source_id)
#   meta: !!omap
#   - {ucd: ID_CROSSID}
#   - {_votable_string_dtype: char}
# - name: Source
#   datatype: int64
#   description: Source identifier, identical to the Gaia-EDR3 source_id (id)
#   meta: !!omap
#   - {ucd: ID_MAIN}
#   - {width: 19}
# - name: rgeo
#   unit: pc
#   datatype: float64
#   format: '{:15.8f}'
#   description: '? Median of the geometric distance posterior (r_med_geo)'
#   meta: !!omap
#   - {ucd: PHYS_DISTANCE_TRUE}
#   - {width: 15}
#   - {precision: '8'}
#   - values: {'null': .nan}
# - name: Plx
#   unit: mas
#   datatype: float64
#   format: '{:9.4f}'
#   description: '? Parallax (parallax)'
#   meta: !!omap
#   - {ucd: POS_PARLX_TRIG}
#   - {width: 9}
#   - {precision: '4'}
#   - values: {'null': .nan}
# - name: e_Plx
#   unit: mas
#   datatype: float32
#   format: '{:7.4f}'
#   description: '? Standard error of parallax (parallax_error)'
#   meta: !!omap
#   - {ucd: ERROR}
#   - {width: 7}
#   - {precision: '4'}
#   - values: {'null': .nan}
# - name: pmRA
#   unit: mas / yr
#   datatype: float64
#   format: '{:9.3f}'
#   description: '? Proper motion in right ascension direction, pmRA*cosDE (pmra)'
#   meta: !!omap
#   - {ucd: POS_EQ_PMRA}
#   - {width: 9}
#   - {precision: '3'}
#   - values: {'null': .nan}
# - name: pmDE
#   unit: mas / yr
#   datatype: float64
#   format: '{:9.3f}'
#   description: '? Proper motion in declination direction (pmdec)'
#   meta: !!omap
#   - {ucd: POS_EQ_PMDEC}
#   - {width: 9}
#   - {precision: '3'}
#   - values: {'null': .nan}
# - name: e_pmRA
#   unit: mas / yr
#   datatype: float32
#   format: '{:6.3f}'
#   description: '? Standard error of proper motion in right ascension direction (pmra_error)'
#   meta: !!omap
#   - {ucd: ERROR}
#   - {width: 6}
#   - {precision: '3'}
#   - values: {'null': .nan}
# - name: e_pmDE
[...]
#         value: !astropy.table.SerializedColumn {name: SkyCoord.dec}
#       distance: !astropy.table.SerializedColumn
#         __class__: astropy.coordinates.distances.Distance
#         unit: !astropy.units.Unit {unit: pc}
#         value: !astropy.table.SerializedColumn {name: SkyCoord.distance}
#       frame: icrs
#       obstime: !astropy.time.Time {format: jyear_str, in_subfmt: '*', jd1: 367701545.0, jd2: 0.0, out_subfmt: '*', precision: 3, scale: tt}
#       pm_dec: !astropy.table.SerializedColumn
#         __class__: astropy.units.quantity.Quantity
#         unit: !astropy.units.Unit {unit: mas / yr}
#         value: !astropy.table.SerializedColumn {name: SkyCoord.pm_dec}
#       pm_ra_cosdec: !astropy.table.SerializedColumn
#         __class__: astropy.units.quantity.Quantity
#         unit: !astropy.units.Unit {unit: mas / yr}
#         value: !astropy.table.SerializedColumn {name: SkyCoord.pm_ra_cosdec}
#       ra: !astropy.table.SerializedColumn
#         __class__: astropy.coordinates.angles.Longitude
#         unit: *id001
#         value: !astropy.table.SerializedColumn {name: SkyCoord.ra}
#         wrap_angle: !astropy.coordinates.Angle
#           unit: *id001
#           value: 360.0
#       representation_type: spherical
# schema: astropy-2.0
RA_ICRS_1 DE_ICRS_1 e_RA_ICRS e_DE_ICRS _r_1 HIP TYC2 Source rgeo Plx e_Plx pmRA pmDE e_pmRA e_pmDE RUWE Teff logg Gmag BP-RP BPmag RPmag RV e_RV b_rgeo B_rgeo FG e_FG FBP e_FBP FRP e_FRP RAVE5 RAVE6 e_Gmag e_BPmag e_RPmag e_BP-RP SkyCoord.ra SkyCoord.dec SkyCoord.distance SkyCoord.pm_ra_cosdec SkyCoord.pm_dec rmRA rmDE e_rmRA e_rmDE rRV e_rRV v_pec v_pec3d e_vpec e_vpec3d
[from data line 1611]
167.49044198044 -60.08357287491 0.0291 0.0269 13.7784 "" "" 5337726364146246016 2392.1543 0.4041 0.0353 -7.617 0.92 0.037 0.034 1.003 7187.0 4.3438 16.125278 1.069976 16.578417 15.508441 "" "" 2188.66943 2667.34814 6680.90936 2.6832 3191.9 9.6853 4963.4 8.7989 "" "" 0.002789611761936515 0.004317257 0.0042412705 0.008558528 167.49044198044 -60.08357287491 2392.1543 -7.617000000000001 0.9199999999999978 -1.3621725006103516 -0.967413740158081 0.08754125 0.08454126 "" "" 18.94431132391607 "" 1.6395736376908912 ""
167.14838121636 -60.32505063321 0.0282 0.0265 14.4672 "" "" 5337697261445321600 2532.06567 0.3841 0.0323 -8.258 1.602 0.038 0.034 1.021 6867.0 4.2064 16.127333 1.212822 16.65032 15.437498 "" "" 2340.7876 2875.26074 6668.28182 2.7935 2987.4 8.957 5298.6 7.4775 "" "" 0.002792609742110288 0.004287441 0.0040781624 0.008365603 167.14838121636 -60.32505063321 2532.06567 -8.258 1.6020000000000003 -2.0031725006103507 -0.28541374015808096 0.088541254 0.08454126 "" "" 24.284869216159745 "" 2.1483228421847653 ""
167.55093884397 -60.61163403014 0.0274 0.0309 18.7358 "" "" 5337689152546718592 2110.20508 0.4484 0.0351 -8.159 2.363 0.037 0.038 0.994 6046.9 4.4041 16.127855 1.00459 16.548576 15.543986 "" "" 1970.06519 2323.61841 6665.06548 2.7142 3280.9 8.4944 4803.6 8.2134 "" "" 0.002790569640797447 0.003960667 0.004210711 0.008171378 167.55093884397 -60.61163403014 2110.20508 -8.158999999999992 2.3630000000000013 -1.9041725006103523 0.47558625984191893 0.08754125 0.088541254 "" "" 19.631308910466675 "" 1.7197082606350853 ""
168.16844961118 -60.29706716769 0.0291 0.0287 15.9201 "" "" 5337674068620330368 2645.0354 0.3524 0.035 -9.234 3.625 0.038 0.036 1.082 7427.2 4.4187 16.128477 1.203753 16.629837 15.426084 "" "" 2450.90649 2921.99341 6661.25355 26.25 3044.3 41.631 5354.6 83.165 "" "" 0.005088994647355323 0.015107404 0.017281448 0.03238885 168.16844961118 -60.29706716769 2645.0354 -9.233999999999996 3.6249999999999964 -2.9791725006103515 1.737586259841919 0.088541254 0.08654125 "" "" 43.240042977554964 "" 3.8067625546122756 ""
167.20763437744 -60.11490555402 0.0324 0.031 16.9359 "" "" 5337723748463525248 1952.96558 0.4889 0.0388 -9.383 3.711 0.04 0.038 1.109 5382.3 4.3756 16.128485 1.31702 16.706156 15.389135 "" "" 1813.71582 2092.78833 6661.2066 2.9118 2837.6 11.372 5539.9 9.5354 "" "" 0.0027958969819929648 0.005168953 0.004216173 0.009385126 167.20763437744 -60.11490555402 1952.96558 -9.383 3.710999999999999 -3.1281725006103507 1.8235862598419188 0.09054126 0.088541254 "" "" 33.51889405776684 "" 3.0179802492053165 ""
167.12492383498 -60.1068841684 0.0485 0.0464 19.145 "" "" 5337735641276611840 1964.01294 0.5018 0.0472 -8.151 2.088 0.072 0.062 1.059 "" "" 16.130886 1.741224 16.307528 14.566303 "" "" 1820.49524 2143.05078 6646.49185 19.759 4096.4 94.613 11821.0 1246.9 "" "" 0.004243820427912434 0.025231585 0.11458772 0.1398193 167.12492383498 -60.1068841684 1964.01294 -8.151 2.088 -1.8961725006103514 0.20058625984191902 0.12254125 0.11254126 "" "" 17.750762169518453 "" 2.1733154973977795 ""
167.78329744099 -60.18652779628 0.0285 0.0303 8.2481 "" "" 5337678019990220416 2129.88354 0.4569 0.0359 -1.92 2.333 0.038 0.038 0.985 5940.3 4.27 16.132967 1.291169 16.692764 15.401595 "" "" 1996.19824 2284.6311 6633.76634 2.8498 2872.8 13.816 5476.7 12.109 "" "" 0.0027945193476631826 0.005920292 0.0044773254 0.010397617 167.78329744099 -60.18652779628 2129.88354 -1.9199999999999988 2.332999999999998 4.3348274993896485 0.44558625984191913 0.088541254 0.088541254 "" "" 43.99348928275425 "" 3.8952387265811166 ""
167.52743160303 -60.5712344415 0.035 0.0383 16.4534 "" "" 5337689388720144640 2429.43262 0.3888 0.0449 -6.243 0.829 0.046 0.047 1.256 6363.3 4.4331 16.133015 1.11392 16.585009 15.471088 "" "" 2218.17432 2680.0354 6633.47235 4.1476 3172.6 8.4677 5137.2 10.62 "" "" 0.0028377174655355593 0.004022751 0.0043956307 0.008418381 167.52743160303 -60.5712344415 2429.43262 -6.243 0.8289999999999988 0.01182749938964811 -1.058413740158081 0.096541256 0.09754126 "" "" 12.188935638273465 "" 1.1889225985537466 ""
167.53614858714 -60.17219647386 0.0302 0.0311 8.3056 "" "" 5337725505152651136 2247.88013 0.4186 0.0385 -6.499 2.294 0.039 0.038 1.031 "" "" 16.133152 1.621681 16.874313 15.252632 "" "" 2097.92627 2433.55908 6632.62754 11.733 2430.5 16.551 6282.1 36.967 "" "" 0.003358672022478428 0.007902507 0.0074231518 0.015325658 167.53614858714 -60.17219647386 2247.88013 -6.498999999999999 2.2940000000000005 -0.24417250061035123 0.406586259841919 0.08954126 0.088541254 "" "" 5.053330331554715 "" 0.4487731777745687 ""
167.99132778385 -60.54187352885 0.0301 0.028 17.8815 "" "" 5337664001216363008 2100.39355 0.4548 0.0355 -5.986 1.887 0.04 0.036 1.099 "" "" 16.139145 1.201727 16.691738 15.490011 "" "" 1962.52612 2301.86792 6596.12779 189.93 2875.6 274.28 5048.4 391.11 "" "" 0.03138405097316124 0.10359708 0.084199086 0.18779618 167.99132778385 -60.54187352885 2100.39355 -5.985999999999993 1.886999999999999 0.26882749938964867 -0.00041374015808104403 0.09054126 0.08654125 "" "" 2.676413576789782 "" 0.24232582858857982 ""
167.68876358758 -60.40587449732 0.03 0.032 6.4481 "" "" 5337668704159423104 2320.32129 0.4133 0.0373 -6.199 1.788 0.039 0.039 1.03 5137.2 4.1748 16.141554 1.512752 16.826809 15.314056 "" "" 2134.87915 2491.50415 6581.50394 11.664 2539.2 24.959 5936.6 29.709 "" "" 0.00336069553136386 0.011030922 0.0066186064 0.017649528 167.68876358758 -60.40587449732 2320.32129 -6.199 1.788 0.055827499389648594 -0.09941374015808102 0.08954126 0.08954126 "" "" 1.253992172752483 "" 0.11228403469884014 ""
168.23190793153 -60.30494388084 0.0273 0.0291 17.8025 "" "" 5337673896821659648 2517.39917 0.3701 0.0339 -8.472 3.976 0.035 0.037 1.029 6129.8 4.2651 16.142138 1.188839 16.581827 15.392988 "" "" 2283.97314 2728.06104 6577.9674 2.7378 3181.9 19.917 5520.3 64.884 "" "" 0.002792130982514113 0.007346594 0.013309311 0.020655904 168.23190793153 -60.30494388084 2517.39917 -8.472 3.976 -2.217172500610351 2.088586259841919 0.085541256 0.08754125 "" "" 36.346173707788516 "" 3.143483905311903 ""
167.4587797036 -60.22683667199 0.0265 0.0276 6.8722 "" "" 5337719320399285504 1967.5647 0.4833 0.0333 -11.05 3.339 0.034 0.032 1.05 5665.4 4.2715 16.143974 1.387952 16.761028 15.373076 "" "" 1850.97156 2109.41162 6566.85329 2.3367 2697.8 8.8707 5622.5 10.882 "" "" 0.0027822739201973246 0.004531026 0.0043242923 0.008855319 167.4587797036 -60.22683667199 1967.5647 -11.050000000000002 3.3389999999999995 -4.795172500610352 1.451586259841919 0.08454126 0.08254126 "" "" 46.7251807153421 "" 3.9424461066669094 ""
167.42661613132 -60.05297550606 0.0303 0.0278 16.1612 "" "" 5337729697040883712 2234.19897 0.4177 0.0369 1.373 1.088 0.037 0.034 1.032 5693.2 4.3188 16.144907 1.272513 16.691553 15.41904 "" "" 2092.53027 2414.14673 6561.20876 2.8367 2876.0 12.705 5389.4 11.58 "" "" 0.002795019977878917 0.0055488683 0.0044414024 0.009990271 167.42661613132 -60.05297550606 2234.19897 1.3730000000000013 1.088 7.627827499389649 -0.799413740158081 0.08754125 0.08454126 "" "" 81.22188975681232 "" 7.107663610036944 ""
167.27873703476 -60.36709302684 0.0288 0.0286 11.2221 "" "" 5337696196293433344 2383.59644 0.4051 0.035 -6.86 0.752 0.039 0.036 0.982 6077.7 4.3331 16.145596 1.175547 16.636633 15.461086 "" "" 2163.42749 2631.9917 6557.05597 2.7617 3025.3 9.0205 5184.7 10.713 "" "" 0.0027930097985426235 0.0042737955 0.0043950756 0.008668872 167.27873703476 -60.36709302684 2383.59644 -6.859999999999995 0.7519999999999996 -0.6051725006103519 -1.135413740158081 0.08954126 0.08654125 "" "" 14.536581857245093 "" 1.2677912709786605 ""
168.26842055585 -60.37108343865 0.0276 0.0292 19.3177 "" "" 5337660427769376768 2361.00293 0.3971 0.0338 -8.171 0.943 0.037 0.038 1.001 5869.2 4.1502 16.14619 1.337744 16.665071 15.327328 "" "" 2182.65967 2547.47974 6553.45918 3.0876 2947.1 21.001 5864.4 58.989 "" "" 0.002802401955620383 0.008224678 0.01155669 0.019781368 168.26842055585 -60.37108343865 2361.00293 -8.171 0.943 -1.916172500610351 -0.9444137401580811 0.08754125 0.088541254 "" "" 23.907286638699333 "" 2.097567689522274 ""
167.03642057495 -60.28377042059 0.0283 0.0257 17.7728 "" "" 5337709356074421504 2206.4126 0.4299 0.0321 -5.98 2.089 0.038 0.033 0.934 5993.8 4.0704 16.146624 1.398221 16.772236 15.374015 "" "" 2052.68311 2355.54492 6550.84128 2.9472 2670.1 7.3772 5617.6 9.5729 "" "" 0.002798283611308224 0.0040967893 0.0042079613 0.008304751 167.03642057495 -60.28377042059 2206.4126 -5.98 2.089 0.274827499389648 0.2015862598419189 0.088541254 0.08354126 "" "" 3.564567014062396 "" 0.30949328817197946 ""
168.12140783891 -60.44125681885 0.0274 0.027 16.7235 "" "" 5337665616124167936 2201.81201 0.4321 0.0329 -9.53 0.893 0.036 0.034 0.938 5311.4 4.2897 16.147324 1.283484 16.636097 15.352612 "" "" 2069.70142 2349.13818 6546.62515 2.838 3026.8 18.628 5729.5 67.605 "" "" 0.002795232087800743 0.0072411494 0.013356946 0.020598095 168.12140783891 -60.44125681885 2201.81201 -9.529999999999998 0.893 -3.275172500610351 -0.994413740158081 0.08654125 0.08454126 "" "" 35.72243853437569 "" 3.085498133254898 ""
167.56069374321 -60.10583747363 0.0299 0.0284 11.9658 "" "" 5337726192347555072 2144.60278 0.4527 0.0374 -12.826 6.642 0.039 0.035 1.013 4988.1 4.1606 16.148046 1.512313 16.834372 15.322059 "" "" 1995.25879 2359.82861 6542.27038 2.7793 2521.6 14.767 5893.0 10.439 "" "" 0.002793659951937501 0.0069435514 0.004240614 0.011184165 167.56069374321 -60.10583747363 2144.60278 -12.826 6.642 -6.571172500610352 4.754586259841919 0.08954126 0.085541256 "" "" 82.45049401455755 "" 7.271078607239592 ""
167.4437468511 -60.47090142668 0.03 0.0305 11.5838 "" "" 5337692451081833856 1910.96313 0.5141 0.0378 -3.669 4.339 0.041 0.038 1.021 5038.5 3.8626 16.15011 1.408179 16.792572 15.384393 "" "" 1786.86682 2043.72485 6529.84436 2.9651 2620.5 10.266 5564.2 11.959 "" "" 0.002799080912343496 0.0050869333 0.0044417526 0.009528685 167.4437468511 -60.47090142668 1910.96313 -3.669 4.339000000000001 2.5858274993896484 2.4515862598419194 0.09154126 0.088541254 "" "" 32.275830831189936 "" 2.909136644079834 ""
167.81551586269 -60.17514670305 0.029 0.033 9.353 "" "" 5337679321325781376 1887.70935 0.5154 0.0371 -9.169 0.327 0.037 0.042 1.013 5277.0 4.3703 16.150528 1.244613 16.691671 15.447059 "" "" 1764.24622 2054.82959 6527.3324 2.7911 2875.7 8.8814 5252.1 8.4376 "" "" 0.0027941598782263277 0.00436224 0.00416247 0.00852471 167.81551586269 -60.17514670305 1887.70935 -9.169 0.32699999999999985 -2.914172500610352 -1.560413740158081 0.08754125 0.092541255 "" "" 29.578064446110446 "" 2.622976819526416 ""
168.09158456285 -60.49859278221 0.0303 0.0297 17.9951 "" "" 5337665238167003008 2304.19385 0.4175 0.0371 -6.948 2.671 0.037 0.035 1.021 7498.3 4.3288 16.151674 1.298983 16.72508 15.426098 "" "" 2129.13843 2486.2771 6520.4453 2.8758 2788.6 9.5568 5354.5 9.2204 "" "" 0.002796621765835331 0.0046508396 0.004216543 0.008867383 168.09158456285 -60.49859278221 2304.19385 -6.948000000000001 2.671 -0.693172500610352 0.7835862598419188 0.08754125 0.085541256 "" "" 11.426266611934274 "" 0.9875146585694099 ""
167.89902945471 -60.27866324958 0.0283 0.0326 8.0333 "" "" 5337676198923972608 2362.47461 0.4134 0.0371 -8.542 1.606 0.038 0.041 0.983 5913.2 3.962 16.153013 1.524756 16.852497 15.327741 "" "" 2160.93262 2555.87988 6512.40799 3.317 2479.8 9.1279 5862.2 12.515 "" "" 0.002810267367823249 0.0048741116 0.004433552 0.009307664 167.89902945471 -60.27866324958 2362.47461 -8.542 1.606 -2.2871725006103514 -0.28141374015808096 0.088541254 0.09154126 "" "" 25.805194427663338 "" 2.2859980490576275 ""
167.43536407923 -60.29648398115 0.0293 0.0274 5.8851 "" "" 5337717533692717824 2594.72656 0.3539 0.0355 -5.52 1.21 0.036 0.034 1.034 7120.7 4.249 16.153727 1.071793 16.603443 15.531651 "" "" 2417.32324 2866.71265 6508.12414 2.574 3119.2 9.6124 4858.5 9.4069 "" "" 0.002788581440727828 0.004356615 0.0043246807 0.008681295 167.43536407923 -60.29648398115 2594.72656 -5.5200000000000005 1.21 0.7348274993896489 -0.6774137401580811 0.08654125 0.08454126 "" "" 12.291996565229722 "" 1.0525419180818745 ""
168.16976327342 -60.22803439238 0.0257 0.0262 16.5783 "" "" 5337674717111363200 1996.72241 0.4712 0.0321 -6.099 2.491 0.033 0.033 0.985 5689.9 4.2688 16.155735 1.194952 16.656046 15.461094 "" "" 1872.00537 2156.41797 6496.10299 2.4713 2971.7 8.8533 5184.7 12.551 "" "" 0.002786107529189161 0.004271753 0.004603457 0.00887521 168.16976327342 -60.22803439238 1996.72241 -6.098999999999995 2.4909999999999974 0.15582749938964824 0.603586259841919 0.08354126 0.08354126 "" "" 5.899927025470768 "" 0.4928873327164541 ""
167.99578496991 -60.27999771162 0.0271 0.0284 10.8677 "" "" 5337673583239953792 1973.4054 0.4815 0.0332 4.722 -5.957 0.036 0.035 0.947 5149.3 4.1665 16.156267 1.561077 16.87408 15.313004 "" "" 1866.99658 2100.48193 6492.91355 2.6972 2431.0 10.725 5942.3 11.763 "" "" 0.0027919903956916676 0.0055433987 0.0043477607 0.00989116 167.99578496991 -60.27999771162 1973.4054 4.7219999999999995 -5.957000000000007 10.97682749938965 -7.844413740158081 0.08654125 0.085541256 "" "" 126.20043516440082 "" 10.879044675080339 ""
167.64843995213 -60.33181302742 0.04 0.046 1.8463 "" "" 5337717739851223168 2367.38818 0.4117 0.0521 -5.444 1.078 0.053 0.059 1.538 6086.9 4.5388 16.156654 1.181091 16.642397 15.461306 "" "" 2144.03613 2720.01025 6490.59961 5.6981 3009.3 9.3844 5183.7 5.8478 "" "" 0.0029155306568636134 0.0043873573 0.003972901 0.008360258 167.64843995213 -60.33181302742 2367.38818 -5.444000000000005 1.0779999999999994 0.8108274993896485 -0.809413740158081 0.103541255 0.10954125 "" "" 12.856201363021006 "" 1.3701914296191495 ""
167.27722701317 -60.36850158444 0.0285 0.0284 11.2935 "" "" 5337696161933691392 1907.92786 0.5047 0.0355 -10.73 2.977 0.038 0.035 1.014 5710.7 4.3129 16.157509 1.382065 16.778782 15.396717 "" "" 1807.71399 2037.8822 6485.50107 2.6562 2654.0 9.3308 5501.4 9.674 "" "" 0.00279097190698502 0.0047282013 0.0042342497 0.008962451 167.27722701317 -60.36850158444 1907.92786 -10.73 2.9769999999999985 -4.475172500610352 1.0895862598419188 0.088541254 0.085541256 "" "" 41.653867532390244 "" 3.6812046377554464 ""
167.45445156374 -60.30996072634 0.0279 0.0274 5.3287 "" "" 5337717464973224064 2352.1731 0.3974 0.0338 -6.5 3.704 0.035 0.033 0.921 5629.6 4.263 16.157532 1.377602 16.74683 15.369228 "" "" 2181.66016 2575.93359 6485.36486 2.6319 2733.3 20.178 5642.4 27.628 "" "" 0.0027903281117298753 0.008486972 0.006522793 0.015009765 167.45445156374 -60.30996072634 2352.1731 -6.499999999999999 3.7039999999999997 -0.24517250061035156 1.8165862598419191 0.085541256 0.08354126 "" "" 20.437294889297146 "" 1.7080971556807127 ""
167.79464355069 -60.35198455478 0.0422 0.051 5.6605 "" "" 5337670598285977984 2045.83142 0.4928 0.0568 -5.449 0.084 0.056 0.061 1.638 9966.3 4.0287 16.157917 0.902764 16.095476 15.192712 "" "" 1830.79541 2240.0144 6483.05657 10.113 4980.0 159.18 6638.6 99.374 "" "" 0.0032342311095805674 0.034816295 0.01668616 0.051502455 167.79464355069 -60.35198455478 2045.83142 -5.448999999999996 0.08400000000000031 0.8058274993896486 -1.803413740158081 0.10654126 0.11154126 "" "" 19.154589326670607 "" 2.120887378387959 ""
167.80358591389 -60.02667993895 0.0297 0.0288 17.2863 "" "" 5337774295976510976 2665.68018 0.3622 0.0378 -9.408 3.401 0.038 0.036 0.969 8317.9 4.1848 16.158045 1.204793 16.649248 15.444455 "" "" 2431.7251 2934.72705 6482.29434 2.6824 2990.3 9.4712 5264.7 10.904 "" "" 0.0027917098297045887 0.004428409 0.004397783 0.0088261925 167.80358591389 -60.02667993895 2665.68018 -9.408000000000003 3.4010000000000002 -3.153172500610351 1.5135862598419187 0.088541254 0.08654125 "" "" 44.19373284403384 "" 3.8965688601896002 ""
