Clusters/NGC_3572/NGC_3572_stars_in_region.tsv
# %ECSV 1.0
# ---
# datatype:
# - name: RA_ICRS_1
#   unit: deg
#   datatype: float64
#   format: '{:15.11f}'
#   description: Right ascension (ICRS) at Ep=2016.0 (ra)
#   meta: !!omap
#   - {ucd: POS_EQ_RA_MAIN}
#   - {width: 15}
#   - {precision: '11'}
# - name: DE_ICRS_1
#   unit: deg
#   datatype: float64
#   format: '{:15.11f}'
#   description: Declination (ICRS) at Ep=2016.0 (dec)
#   meta: !!omap
#   - {ucd: POS_EQ_DEC_MAIN}
#   - {width: 15}
#   - {precision: '11'}
# - name: e_RA_ICRS
#   unit: mas
#   datatype: float64
#   format: '{:7.4f}'
#   description: Standard error of right ascension (ra_error)
#   meta: !!omap
#   - {ucd: ERROR}
#   - {width: 7}
#   - {precision: '4'}
# - name: e_DE_ICRS
#   unit: mas
#   datatype: float64
#   format: '{:7.4f}'
#   description: Standard error of declination (dec_error)
#   meta: !!omap
#   - {ucd: ERROR}
#   - {width: 7}
#   - {precision: '4'}
# - name: _r_1
#   unit: ''
#   datatype: float64
#   format: '{:7.4f}'
#   description: Distance from center (167.63301488000-60.30200365000)[ICRS], at Epoch=J2016.0
#   meta: !!omap
#   - {ucd: POS_ANG_DIST_GENERAL}
#   - {width: 7}
#   - {precision: '4'}
# - name: HIP
#   datatype: int32
#   description: '? HIP cross-id number, van Leeuwen, Cat. I/311 (hip_original_ext_source_id)'
#   meta: !!omap
#   - {ucd: ID_NUMBER}
#   - {width: 6}
#   - values: {'null': -2147483648}
# - name: TYC2
#   datatype: string
#   description: Tycho-2 cross-id name, Hog et al., Cat. I/259 (tyc2_original_ext_source_id)
#   meta: !!omap
#   - {ucd: ID_CROSSID}
#   - {_votable_string_dtype: char}
# - name: Source
#   datatype: int64
#   description: Source identifier, identical to the Gaia-EDR3 source_id (id)
#   meta: !!omap
#   - {ucd: ID_MAIN}
#   - {width: 19}
# - name: rgeo
#   unit: pc
#   datatype: float64
#   format: '{:15.8f}'
#   description: '? Median of the geometric distance posterior (r_med_geo)'
#   meta: !!omap
#   - {ucd: PHYS_DISTANCE_TRUE}
#   - {width: 15}
#   - {precision: '8'}
#   - values: {'null': .nan}
# - name: Plx
#   unit: mas
#   datatype: float64
#   format: '{:9.4f}'
#   description: '? Parallax (parallax)'
#   meta: !!omap
#   - {ucd: POS_PARLX_TRIG}
#   - {width: 9}
#   - {precision: '4'}
#   - values: {'null': .nan}
# - name: e_Plx
#   unit: mas
#   datatype: float32
#   format: '{:7.4f}'
#   description: '? Standard error of parallax (parallax_error)'
#   meta: !!omap
#   - {ucd: ERROR}
#   - {width: 7}
#   - {precision: '4'}
#   - values: {'null': .nan}
# - name: pmRA
#   unit: mas / yr
#   datatype: float64
#   format: '{:9.3f}'
#   description: '? Proper motion in right ascension direction, pmRA*cosDE (pmra)'
#   meta: !!omap
#   - {ucd: POS_EQ_PMRA}
#   - {width: 9}
#   - {precision: '3'}
#   - values: {'null': .nan}
# - name: pmDE
#   unit: mas / yr
#   datatype: float64
#   format: '{:9.3f}'
#   description: '? Proper motion in declination direction (pmdec)'
#   meta: !!omap
#   - {ucd: POS_EQ_PMDEC}
#   - {width: 9}
#   - {precision: '3'}
#   - values: {'null': .nan}
# - name: e_pmRA
#   unit: mas / yr
#   datatype: float32
#   format: '{:6.3f}'
#   description: '? Standard error of proper motion in right ascension direction (pmra_error)'
#   meta: !!omap
#   - {ucd: ERROR}
#   - {width: 6}
#   - {precision: '3'}
#   - values: {'null': .nan}
# - name: e_pmDE
[...]
#         value: !astropy.table.SerializedColumn {name: SkyCoord.dec}
#       distance: !astropy.table.SerializedColumn
#         __class__: astropy.coordinates.distances.Distance
#         unit: !astropy.units.Unit {unit: pc}
#         value: !astropy.table.SerializedColumn {name: SkyCoord.distance}
#       frame: icrs
#       obstime: !astropy.time.Time {format: jyear_str, in_subfmt: '*', jd1: 367701545.0, jd2: 0.0, out_subfmt: '*', precision: 3, scale: tt}
#       pm_dec: !astropy.table.SerializedColumn
#         __class__: astropy.units.quantity.Quantity
#         unit: !astropy.units.Unit {unit: mas / yr}
#         value: !astropy.table.SerializedColumn {name: SkyCoord.pm_dec}
#       pm_ra_cosdec: !astropy.table.SerializedColumn
#         __class__: astropy.units.quantity.Quantity
#         unit: !astropy.units.Unit {unit: mas / yr}
#         value: !astropy.table.SerializedColumn {name: SkyCoord.pm_ra_cosdec}
#       ra: !astropy.table.SerializedColumn
#         __class__: astropy.coordinates.angles.Longitude
#         unit: *id001
#         value: !astropy.table.SerializedColumn {name: SkyCoord.ra}
#         wrap_angle: !astropy.coordinates.Angle
#           unit: *id001
#           value: 360.0
#       representation_type: spherical
# schema: astropy-2.0
RA_ICRS_1 DE_ICRS_1 e_RA_ICRS e_DE_ICRS _r_1 HIP TYC2 Source rgeo Plx e_Plx pmRA pmDE e_pmRA e_pmDE RUWE Teff logg Gmag BP-RP BPmag RPmag RV e_RV b_rgeo B_rgeo FG e_FG FBP e_FBP FRP e_FRP RAVE5 RAVE6 e_Gmag e_BPmag e_RPmag e_BP-RP SkyCoord.ra SkyCoord.dec SkyCoord.distance SkyCoord.pm_ra_cosdec SkyCoord.pm_dec rmRA rmDE e_rmRA e_rmDE rRV e_rRV v_pec v_pec3d e_vpec e_vpec3d
[from data line 1547]
167.45401360672 -60.08154917587 0.0279 0.0263 14.2641 "" "" 5337729353443465600 1957.61487 0.4848 0.034 -6.678 1.607 0.035 0.031 0.978 5970.9 4.3364 16.06673 1.142686 16.556349 15.413663 "" "" 1820.19946 2122.66553 7051.0625 3.5455 3257.4 8.835 5416.2 9.9142 "" "" 0.0028088864444323217 0.0040567294 0.004270073 0.008326802 167.45401360672 -60.08154917587 1957.61487 -6.678 1.6070000000000002 -0.4231725006103515 -0.28041374015808107 0.085541256 0.081541255 "" "" 4.7105168550833865 "" 0.397289152916552 ""
167.85247278208 -60.2569635654 0.032 0.0366 7.0653 "" "" 5337676473801894144 2715.06274 0.3425 0.0424 -13.677 4.858 0.043 0.046 1.291 "" "" 16.067167 "" "" "" "" "" 2405.12158 3153.52832 7048.22338 4.8734 "" "" "" "" "" "" 0.0028557602567573603 "" "" "" 167.85247278208 -60.2569635654 2715.06274 -13.677 4.858000000000002 -7.422172500610351 2.9705862598419186 0.09354126 0.096541256 "" "" 102.88519997336577 "" 9.6672129751026 ""
167.74616547285 -60.61399368497 0.0261 0.0269 19.0163 "" "" 5337641736103205248 1895.69861 0.5016 0.0336 -6.457 4.287 0.035 0.034 1.02 5980.1 4.3241 16.068409 1.243388 16.609516 15.366128 "" "" 1764.16602 2005.14478 7040.17327 2.6476 3101.8 10.235 5658.6 8.0953 "" "" 0.0027854100213205537 0.004540933 0.0040861215 0.008627054 167.74616547285 -60.61399368497 1895.69861 -6.457000000000001 4.286999999999996 -0.2021725006103514 2.399586259841919 0.085541256 0.08454126 "" "" 21.63814324134349 "" 1.8294693317421633 ""
168.1955007591 -60.3362017444 0.0284 0.028 16.837 "" "" 5337672281913876608 1890.87 0.5031 0.0344 -4.451 1.231 0.036 0.034 0.994 5347.7 4.1814 16.069187 1.35675 16.642838 15.286088 "" "" 1758.65393 2007.03918 7035.12638 2.9738 3008.0 10.842 6091.5 19.52 "" "" 0.002793281818832267 0.0048062317 0.005136982 0.009943213 168.1955007591 -60.3362017444 1890.87 -4.450999999999999 1.2309999999999999 1.8038274993896488 -0.656413740158081 0.08654125 0.08454126 "" "" 17.204397505266478 "" 1.4849075586203133 ""
167.7657630927 -60.11610985394 0.0329 0.0333 11.8348 "" "" 5337679772336995072 2724.61182 0.3428 0.0409 -6.861 3.263 0.041 0.04 1.173 5501.5 3.8376 16.069683 1.384056 16.665691 15.281635 "" "" 2470.37061 3154.77173 7031.91605 3.4356 2945.4 7.5145 6116.5 20.58 "" "" 0.0028059183838412462 0.0039316616 0.005256347 0.0091880085 167.7657630927 -60.11610985394 2724.61182 -6.861 3.263 -0.6061725006103513 1.3755862598419188 0.09154126 0.09054126 "" "" 19.413628040696615 "" 1.7609057262922865 ""
167.18297525399 -60.31940196341 0.0272 0.0257 13.4148 "" "" 5337697089646665728 1931.67371 0.4883 0.0312 -6.876 1.681 0.036 0.033 1.017 6128.9 4.3516 16.069954 1.11603 16.534698 15.418669 "" "" 1814.00232 2086.13257 7030.15872 2.6531 3323.1 9.0497 5391.3 10.998 "" "" 0.0027856201634267248 0.004065395 0.0043805586 0.008445954 167.18297525399 -60.31940196341 1931.67371 -6.876000000000001 1.681000000000001 -0.6211725006103519 -0.206413740158081 0.08654125 0.08354126 "" "" 5.993330389128934 "" 0.5169103686167569 ""
167.93279864837 -60.39376193162 0.0347 0.0373 10.4641 "" "" 5337666573855646336 2683.37354 0.3559 0.0432 -6.335 2.724 0.047 0.045 1.289 "" "" 16.07038 1.24135 16.565084 15.323734 "" "" 2423.79443 3059.59033 7027.4031 4.8744 3231.3 11.753 5883.9 16.235 "" "" 0.0028563864813261797 0.0048353146 0.004822705 0.00965802 167.93279864837 -60.39376193162 2683.37354 -6.334999999999998 2.724 -0.08017250061035153 0.8365862598419191 0.09754126 0.09554125 "" "" 10.68945021810348 "" 1.0214800488040496 ""
167.68157600546 -60.43547013992 0.0282 0.0331 8.1365 "" "" 5337668571061207424 2534.51294 0.3764 0.0384 -6.68 -0.959 0.039 0.038 1.07 4967.6 4.1252 16.070673 1.521407 16.73206 15.210652 "" "" 2322.86426 2967.50122 7025.50928 3.6162 2770.7 23.58 6529.8 32.406 "" "" 0.0028114245501780514 0.009652215 0.006581584 0.016233798 167.68157600546 -60.43547013992 2534.51294 -6.680000000000004 -0.9590000000000016 -0.4251725006103513 -2.846413740158081 0.08954126 0.088541254 "" "" 34.57502994744538 "" 3.062075285506764 ""
168.10149940505 -60.20490972102 0.0268 0.0282 15.1145 "" "" 5337675614808689792 1845.02295 0.5135 0.0332 -8.466 2.186 0.035 0.035 1.058 6634.0 4.3831 16.071562 1.174669 16.571564 15.396894 "" "" 1726.88184 1946.36023 7019.75184 2.8501 3212.1 9.435 5500.5 11.146 "" "" 0.002790360709835487 0.004237432 0.0043731155 0.0086105475 168.10149940505 -60.20490972102 1845.02295 -8.466 2.1860000000000026 -2.211172500610351 0.2985862598419189 0.085541256 0.085541256 "" "" 19.51311695471389 "" 1.6691765283343512 ""
167.50967985487 -60.29024927184 0.0338 0.0364 3.7341 "" "" 5337717357551033344 2272.97485 0.4333 0.0428 -7.233 1.779 0.044 0.043 1.368 6431.0 4.1062 16.071716 1.154926 16.458504 15.303577 "" "" 2029.39026 2646.31714 7018.7605 3.4179 3564.6 27.491 5994.1 75.725 "" "" 0.002805589248610527 0.008826074 0.014227538 0.023053613 167.50967985487 -60.29024927184 2272.97485 -7.233 1.779 -0.9781725006103512 -0.10841374015808114 0.09454125 0.09354126 "" "" 10.603264502360211 "" 1.0023179014213548 ""
167.83320838753 -60.31255650108 0.0278 0.0314 5.9835 "" "" 5337670387793160320 2333.92285 0.4085 0.0365 -7.279 2.136 0.037 0.038 1.049 4865.8 4.095 16.072514 1.713836 16.870796 15.156961 "" "" 2162.32324 2615.29492 7013.6038 3.3415 2438.4 10.179 6860.8 11.084 "" "" 0.0028034561862991256 0.0053223437 0.0041665905 0.009488935 167.83320838753 -60.31255650108 2333.92285 -7.279 2.1359999999999975 -1.0241725006103515 0.24858625984191907 0.08754125 0.088541254 "" "" 11.659179848369144 "" 1.0213113616412468 ""
167.75272170282 -60.40865066573 0.0302 0.0313 7.3188 "" "" 5337668845939193728 1968.86035 0.4874 0.0375 -6.866 1.789 0.04 0.039 1.028 6372.9 4.3635 16.072803 1.12826 16.553366 15.425106 "" "" 1845.11951 2137.4292 7011.72979 3.0526 3266.4 8.7438 5359.4 9.9874 "" "" 0.002795571075796792 0.0040289205 0.004286896 0.0083158165 167.75272170282 -60.40865066573 1968.86035 -6.865999999999994 1.7889999999999993 -0.6111725006103512 -0.09841374015808113 0.09054126 0.08954126 "" "" 5.7771772036567945 "" 0.5229276703001541 ""
167.39100636367 -60.15169300417 0.0296 0.0253 11.5467 "" "" 5337722996891409920 2485.3418 0.388 0.0348 -6.347 2.291 0.039 0.032 0.945 6069.3 4.271 16.073921 1.150943 16.543245 15.392302 "" "" 2253.92773 2726.20996 7004.51846 2.9968 3297.0 15.493 5523.8 16.432 "" "" 0.0027942024976461456 0.0058151097 0.0049714576 0.010786567 167.39100636367 -60.15169300417 2485.3418 -6.3469999999999995 2.2910000000000004 -0.09217250061035198 0.40358625984191887 0.08954126 0.08254126 "" "" 4.876874093222472 "" 0.40430357233313446 ""
167.33162499446 -60.43416825788 0.0278 0.0265 11.9508 "" "" 5337694272147967872 1899.98828 0.5037 0.0341 -8.447 1.973 0.04 0.035 1.006 6365.0 4.4823 16.074512 1.035317 16.507118 15.471801 "" "" 1769.58862 2038.19812 7000.70399 2.9275 3408.6 7.5228 5133.8 9.3158 "" "" 0.002792477007062617 0.0036779 0.0042620804 0.00793998 167.33162499446 -60.43416825788 1899.98828 -8.447 1.973 -2.1921725006103507 0.08558625984191903 0.09054126 0.085541256 "" "" 19.75762443111293 "" 1.7887339759476049 ""
167.83033450283 -60.61195930014 0.0263 0.0264 19.492 "" "" 5337642973054143360 2612.36304 0.3592 0.0326 -6.563 3.504 0.035 0.033 0.982 6028.2 4.2286 16.074635 1.270755 16.614843 15.344089 "" "" 2415.3208 2878.73877 6999.91536 2.6356 3086.6 14.039 5774.6 11.147 "" "" 0.002785481457548993 0.0056720497 0.0043216106 0.00999366 167.83033450283 -60.61195930014 2612.36304 -6.563 3.5039999999999996 -0.3081725006103513 1.616586259841919 0.085541256 0.08354126 "" "" 20.378019575467242 "" 1.703851061256557 ""
167.86491599105 -60.22850639801 0.0299 0.035 8.1898 "" "" 5337676886090442368 2694.71704 0.3484 0.039 -4.814 1.544 0.041 0.045 1.308 6026.7 4.2076 16.07517 1.306597 16.522339 15.215742 "" "" 2435.68115 3050.00098 6996.4604 4.3043 3361.1 42.066 6499.2 102.73 "" "" 0.002835128894436802 0.01387208 0.017572977 0.031445056 167.86491599105 -60.22850639801 2694.71704 -4.814 1.544 1.4408274993896484 -0.343413740158081 0.09154126 0.09554125 "" "" 18.91914889307014 "" 1.7360345908782986 ""
167.63821679199 -60.05946037807 0.03 0.0273 14.5534 "" "" 5337727046998484224 1844.9043 0.5172 0.0366 -8.957 5.722 0.036 0.034 0.982 5781.8 4.1378 16.076132 1.45799 16.741037 15.283048 "" "" 1720.07251 1994.04919 6990.27278 2.8256 2747.9 9.4492 6108.6 10.238 "" "" 0.0027900538854287215 0.004660924 0.0041946396 0.008855564 167.63821679199 -60.05946037807 1844.9043 -8.957 5.722 -2.7021725006103523 3.8345862598419194 0.08654125 0.08454126 "" "" 41.022360534606804 "" 3.4955186722254386 ""
167.16244784217 -60.45568624262 0.0282 0.0266 16.7262 "" "" 5337694684464651008 2178.92554 0.4449 0.033 -6.242 1.431 0.037 0.034 0.954 5270.8 4.1764 16.077465 1.519944 16.774223 15.254279 "" "" 2013.1825 2367.17896 6981.69846 7.7978 2665.2 14.575 6272.6 22.542 "" "" 0.0030103668062367315 0.006560401 0.005432132 0.011992533 167.16244784217 -60.45568624262 2178.92554 -6.242000000000005 1.431 0.012827499389648445 -0.456413740158081 0.08754125 0.08454126 "" "" 4.7157513314732915 "" 0.3986869289234039 ""
167.89353111504 -60.16605026711 0.0296 0.0289 11.2587 "" "" 5337678672825352832 2652.55005 0.349 0.0359 -7.212 1.64 0.037 0.036 0.988 6179.6 4.397 16.07816 0.978427 16.467163 15.488736 "" "" 2451.64233 2967.57861 6977.22894 3.121 3536.3 8.1924 5054.3 15.566 "" "" 0.0027977952142678995 0.003756552 0.005046259 0.008802811 167.89353111504 -60.16605026711 2652.55005 -7.2120000000000015 1.6400000000000015 -0.9571725006103513 -0.24741374015808115 0.08754125 0.08654125 "" "" 12.430153350159932 "" 1.0873768673402648 ""
167.15235652867 -60.08328478739 0.0401 0.037 19.4352 "" "" 5337735950514219008 2167.24097 0.4411 0.0461 -8.074 2.298 0.051 0.046 1.501 4774.9 4.1408 16.078384 1.580538 16.784649 15.204111 "" "" 1959.38489 2390.01538 6975.7871 4.1734 2639.7 7.3263 6569.2 8.8639 "" "" 0.0028308516662976907 0.0041067665 0.0040533864 0.008160153 167.15235652867 -60.08328478739 2167.24097 -8.074 2.298 -1.8191725006103514 0.410586259841919 0.10154125 0.096541256 "" "" 19.15792366926558 "" 1.9407855393637738 ""
167.45974487868 -59.99382847343 0.0593 0.0581 19.201 "" "" 5337731174509751552 1929.30103 0.5465 0.0737 -9.995 3.418 0.073 0.068 2.307 5766.2 4.5548 16.078651 1.16627 16.541378 15.375108 "" "" 1618.15637 2288.90112 6974.06511 5.7895 3302.7 15.433 5612.0 15.007 "" "" 0.0028989943945542224 0.005790095 0.004765838 0.010555932 167.45974487868 -59.99382847343 1929.30103 -9.995 3.418 -3.740172500610351 1.530586259841919 0.12354125 0.118541256 "" "" 36.95664181356353 "" 4.539625541736525 ""
167.25419126704 -60.18521462814 0.0273 0.0264 13.2801 "" "" 5337721828660368128 2645.42456 0.3594 0.0321 -7.291 -0.294 0.033 0.032 0.937 6330.8 4.2444 16.078678 1.338657 16.679688 15.34103 "" "" 2402.2644 2875.47827 6973.8924 2.8593 2907.6 6.6716 5790.9 8.8944 "" "" 0.0027910482080176708 0.0037405135 0.0041309386 0.007871452 167.25419126704 -60.18521462814 2645.42456 -7.291 -0.2940000000000013 -1.036172500610352 -2.181413740158081 0.08354126 0.08254126 "" "" 30.282424830212577 "" 2.5051516099093214 ""
168.08334078251 -60.29934105546 0.026 0.0273 13.3877 "" "" 5337673347065769344 2512.23047 0.383 0.0318 -11.808 4.621 0.034 0.033 0.965 6244.9 4.3297 16.080067 1.24034 16.62123 15.380889 "" "" 2330.42212 2694.98071 6964.98491 2.6378 3068.5 9.382 5582.2 11.457 "" "" 0.002785833680159039 0.0043364954 0.004387416 0.008723911 168.08334078251 -60.29934105546 2512.23047 -11.808 4.620999999999995 -5.553172500610351 2.7335862598419194 0.08454126 0.08354126 "" "" 73.70469201757881 "" 6.216779924034525 ""
167.27594748404 -60.29759352423 0.0278 0.0268 10.6181 "" "" 5337720282471673856 2548.79077 0.3774 0.033 -7.322 4.575 0.036 0.032 1.005 5549.7 3.9847 16.080395 1.328471 16.666378 15.337907 "" "" 2360.75391 2806.47778 6962.88132 2.6988 2943.5 7.8408 5807.6 9.8573 "" "" 0.0027872722774971246 0.004018653 0.00420473 0.008223383 167.27594748404 -60.29759352423 2548.79077 -7.321999999999996 4.575 -1.0671725006103516 2.687586259841919 0.08654125 0.08254126 "" "" 34.93550400223716 "" 2.903048219329576 ""
168.05681273481 -60.25881528506 0.026 0.0289 12.8696 "" "" 5337674957629507584 2593.51953 0.3578 0.0325 -7.361 2.4 0.034 0.035 1.02 5864.7 4.37 16.08049 1.174494 16.594322 15.419828 "" "" 2398.85889 2778.46582 6962.26753 2.8439 3145.5 9.6677 5385.5 9.3922 "" "" 0.002790784202710068 0.004349793 0.004227183 0.008576976 168.05681273481 -60.25881528506 2593.51953 -7.361 2.3999999999999995 -1.1061725006103513 0.5125862598419189 0.08454126 0.085541256 "" "" 14.987534692824385 "" 1.269727293519129 ""
167.80050228506 -60.21226064521 0.0276 0.0318 7.3382 "" "" 5337677706413784576 2495.66064 0.3764 0.0361 -6.167 2.07 0.038 0.041 1.095 5777.9 3.8598 16.084679 1.532866 16.767376 15.234509 "" "" 2308.97852 2803.89624 6935.46009 11.126 2682.0 16.317 6387.8 31.295 "" "" 0.0032596800725786367 0.007170614 0.0065251687 0.013695782 167.80050228506 -60.21226064521 2495.66064 -6.167 2.07 0.08782749938964862 0.18258625984191879 0.088541254 0.09154126 "" "" 2.3967786133652482 "" 0.21807113904919295 ""
167.66159375249 -60.36799868388 0.0273 0.032 4.0496 "" "" 5337669189536596864 2346.02148 0.4027 0.0358 -5.612 2.209 0.037 0.039 1.002 6289.7 4.444 16.088778 1.000737 16.445683 15.444945 "" "" 2124.58594 2534.86499 6909.32454 5.9962 3607.0 26.179 5262.4 21.852 "" "" 0.0029119785415073697 0.008359479 0.0058830483 0.014242527 167.66159375249 -60.36799868388 2346.02148 -5.612 2.2090000000000005 0.6428274993896483 0.321586259841919 0.08754125 0.08954126 "" "" 7.99293729830815 "" 0.7029407711655926 ""
167.24155481159 -60.33383609204 0.0534 0.0505 11.7865 "" "" 5337697398884322304 1915.03577 0.5217 0.0627 -9.426 4.607 0.068 0.063 2.013 6588.4 4.3326 16.089226 1.27872 16.604311 15.325591 "" "" 1693.00537 2222.50903 6906.46992 5.4459 3116.7 7.7735 5873.8 9.3977 "" "" 0.0028852628291475926 0.0038882154 0.0041594794 0.008047694 167.24155481159 -60.33383609204 1915.03577 -9.42599999999999 4.606999999999997 -3.1711725006103517 2.719586259841919 0.118541256 0.11354126 "" "" 37.92135629605988 "" 4.415886351102532 ""
167.5990939463 -60.60801192787 0.028 0.0324 18.3879 "" "" 5337642281518780800 2474.55151 0.3816 0.0358 -6.291 2.245 0.037 0.04 1.037 7195.7 4.3946 16.089344 1.033831 16.51488 15.481049 "" "" 2294.67773 2671.78076 6905.72756 2.8678 3384.3 9.8089 5090.2 7.859 "" "" 0.0027919678999241836 0.004205675 0.0041344617 0.008340137 167.5990939463 -60.60801192787 2474.55151 -6.291000000000003 2.2449999999999983 -0.03617250061035193 0.35758625984191905 0.08754125 0.09054126 "" "" 4.215667989862477 "" 0.3815658825985746 ""
167.31251636378 -60.41520665826 0.0436 0.0387 11.6869 "" "" 5337695818336227712 1825.9696 0.5444 0.0516 -4.682 -0.919 0.064 0.049 1.67 "" "" 16.089554 1.101067 16.465542 15.364475 "" "" 1677.13074 2006.85583 6904.38677 4.7749 3541.6 113.87 5667.2 18.118 "" "" 0.002855799674409366 0.035020065 0.005131491 0.040151555 167.31251636378 -60.41520665826 1825.9696 -4.682 -0.9190000000000003 1.572827499389648 -2.806413740158081 0.11454126 0.099541254 "" "" 27.84432519334179 "" 2.8770085921040227 ""
167.36495606769 -60.43381271815 0.0275 0.0268 11.2152 "" "" 5337692794679248000 2649.92188 0.3507 0.0337 -5.957 1.569 0.039 0.033 0.992 7125.2 4.3506 16.089817 1.078762 16.53561 15.456848 "" "" 2407.02856 2904.50854 6902.71329 2.7463 3320.3 9.6907 5205.0 11.533 "" "" 0.002788975886805969 0.0042221653 0.0044800933 0.008702259 167.36495606769 -60.43381271815 2649.92188 -5.957 1.569 0.2978274993896486 -0.3184137401580811 0.08954126 0.08354126 "" "" 5.4763269423393774 "" 0.4731158514363164 ""
