Clusters/IC_5146/IC_5146_members.tsv
# %ECSV 1.0
# ---
# datatype:
# - name: RA_ICRS_1
#   unit: deg
#   datatype: float64
#   format: '{:15.11f}'
#   description: Right ascension (ICRS) at Ep=2016.0 (ra)
#   meta: !!omap
#   - {ucd: POS_EQ_RA_MAIN}
#   - {width: 15}
#   - {precision: '11'}
# - name: DE_ICRS_1
#   unit: deg
#   datatype: float64
#   format: '{:15.11f}'
#   description: Declination (ICRS) at Ep=2016.0 (dec)
#   meta: !!omap
#   - {ucd: POS_EQ_DEC_MAIN}
#   - {width: 15}
#   - {precision: '11'}
# - name: e_RA_ICRS
#   unit: mas
#   datatype: float64
#   format: '{:7.4f}'
#   description: Standard error of right ascension (ra_error)
#   meta: !!omap
#   - {ucd: ERROR}
#   - {width: 7}
#   - {precision: '4'}
# - name: e_DE_ICRS
#   unit: mas
#   datatype: float64
#   format: '{:7.4f}'
#   description: Standard error of declination (dec_error)
#   meta: !!omap
#   - {ucd: ERROR}
#   - {width: 7}
#   - {precision: '4'}
# - name: _r_1
#   unit: ''
#   datatype: float64
#   format: '{:7.4f}'
#   description: Distance from center (328.35411002000+47.24010505000)[ICRS], at Epoch=J2016.0
#   meta: !!omap
#   - {ucd: POS_ANG_DIST_GENERAL}
#   - {width: 7}
#   - {precision: '4'}
# - name: HIP
#   datatype: int32
#   description: '? HIP cross-id number, van Leeuwen, Cat. I/311 (hip_original_ext_source_id)'
#   meta: !!omap
#   - {ucd: ID_NUMBER}
#   - {width: 6}
#   - values: {'null': -2147483648}
# - name: TYC2
#   datatype: string
#   description: Tycho-2 cross-id name, Hog et al., Cat. I/259 (tyc2_original_ext_source_id)
#   meta: !!omap
#   - {ucd: ID_CROSSID}
#   - {_votable_string_dtype: char}
# - name: Source
#   datatype: int64
#   description: Source identifier, identical to the Gaia-EDR3 source_id (id)
#   meta: !!omap
#   - {ucd: ID_MAIN}
#   - {width: 19}
# - name: rgeo
#   unit: pc
#   datatype: float64
#   format: '{:15.8f}'
#   description: '? Median of the geometric distance posterior (r_med_geo)'
#   meta: !!omap
#   - {ucd: PHYS_DISTANCE_TRUE}
#   - {width: 15}
#   - {precision: '8'}
#   - values: {'null': .nan}
# - name: Plx
#   unit: mas
#   datatype: float64
#   format: '{:9.4f}'
#   description: '? Parallax (parallax)'
#   meta: !!omap
#   - {ucd: POS_PARLX_TRIG}
#   - {width: 9}
#   - {precision: '4'}
#   - values: {'null': .nan}
# - name: e_Plx
#   unit: mas
#   datatype: float32
#   format: '{:7.4f}'
#   description: '? Standard error of parallax (parallax_error)'
#   meta: !!omap
#   - {ucd: ERROR}
#   - {width: 7}
#   - {precision: '4'}
#   - values: {'null': .nan}
# - name: pmRA
#   unit: mas / yr
#   datatype: float64
#   format: '{:9.3f}'
#   description: '? Proper motion in right ascension direction, pmRA*cosDE (pmra)'
#   meta: !!omap
#   - {ucd: POS_EQ_PMRA}
#   - {width: 9}
#   - {precision: '3'}
#   - values: {'null': .nan}
# - name: pmDE
#   unit: mas / yr
#   datatype: float64
#   format: '{:9.3f}'
#   description: '? Proper motion in declination direction (pmdec)'
#   meta: !!omap
#   - {ucd: POS_EQ_PMDEC}
#   - {width: 9}
#   - {precision: '3'}
#   - values: {'null': .nan}
# - name: e_pmRA
#   unit: mas / yr
#   datatype: float32
#   format: '{:6.3f}'
#   description: '? Standard error of proper motion in right ascension direction (pmra_error)'
#   meta: !!omap
#   - {ucd: ERROR}
#   - {width: 6}
#   - {precision: '3'}
#   - values: {'null': .nan}
# - name: e_pmDE
[...]
#       distance: !astropy.table.SerializedColumn
#         __class__: astropy.coordinates.distances.Distance
#         unit: !astropy.units.Unit {unit: pc}
#         value: !astropy.table.SerializedColumn {name: SkyCoord.distance}
#       frame: icrs
#       obstime: !astropy.time.Time {format: jyear_str, in_subfmt: '*', jd1: 367701545.0, jd2: 0.0, out_subfmt: '*', precision: 3, scale: tt}
#       pm_dec: !astropy.table.SerializedColumn
#         __class__: astropy.units.quantity.Quantity
#         unit: !astropy.units.Unit {unit: mas / yr}
#         value: !astropy.table.SerializedColumn {name: SkyCoord.pm_dec}
#       pm_ra_cosdec: !astropy.table.SerializedColumn
#         __class__: astropy.units.quantity.Quantity
#         unit: !astropy.units.Unit {unit: mas / yr}
#         value: !astropy.table.SerializedColumn {name: SkyCoord.pm_ra_cosdec}
#       ra: !astropy.table.SerializedColumn
#         __class__: astropy.coordinates.angles.Longitude
#         unit: *id001
#         value: !astropy.table.SerializedColumn {name: SkyCoord.ra}
#         wrap_angle: !astropy.coordinates.Angle
#           unit: *id001
#           value: 360.0
#       representation_type: spherical
# schema: astropy-2.0
RA_ICRS_1 DE_ICRS_1 e_RA_ICRS e_DE_ICRS _r_1 HIP TYC2 Source rgeo Plx e_Plx pmRA pmDE e_pmRA e_pmDE RUWE Teff logg Gmag BP-RP BPmag RPmag RV e_RV b_rgeo B_rgeo FG e_FG FBP e_FBP FRP e_FRP RAVE5 RAVE6 e_Gmag e_BPmag e_RPmag e_BP-RP SkyCoord.ra SkyCoord.dec SkyCoord.distance SkyCoord.pm_ra_cosdec SkyCoord.pm_dec rmRA rmDE e_rmRA e_rmDE rRV e_rRV v_pec v_pec3d e_vpec e_vpec3d Pmemb
[from data line 31]
328.42085603663 47.28095646184 0.0304 0.029 3.6599 "" "" 1974545694621155584 769.847046 1.2684 0.0368 -2.814 -2.483 0.039 0.034 1.081 "" "" 16.192108 2.263078 17.366335 15.103257 "" "" 746.42749 792.670044 6282.08204 13.767 1544.8 17.139 7208.7 44.281 "" "" 0.0036404861590102876 0.012364772 0.0076657813 0.020030554 328.42085603663 47.28095646184 769.847046 -2.8139999999999983 -2.4830000000000005 0.14919150924682612 0.17504266929626455 0.3718855 0.3668855 "" "" 0.839271721050149 "" 0.3096892810502276 "" 1.0
328.33833310176 47.23402687616 0.0325 0.0304 0.739 "" "" 1974545900779587328 781.414429 1.2486 0.0383 -3.177 -2.68 0.042 0.035 1.02 "" "" 16.30481 2.659979 17.759329 15.09935 "" "" 762.303711 802.17804 5662.69343 6.5079 1075.7 15.206 7234.7 23.776 "" "" 0.0030246940144509978 0.015599431 0.005197633 0.020797063 328.33833310176 47.23402687616 781.414429 -3.1770000000000014 -2.6799999999999997 -0.21380849075317387 -0.02195733070373551 0.3748855 0.3678855 "" "" 0.7960912881761367 "" 0.29838545904051117 "" 1.0
328.42716148728 47.3069194625 0.0321 0.0316 4.9915 "" "" 1974546622334087936 755.115051 1.2924 0.0388 -2.944 -2.45 0.042 0.038 0.968 5297.2 3.7043 16.312979 2.354737 17.540932 15.186194 "" "" 736.387878 772.825256 5620.24498 13.412 1315.4 15.73 6678.5 45.78 "" "" 0.003782184778841566 0.01328002 0.008347162 0.021627182 328.42716148728 47.3069194625 755.115051 -2.9439999999999977 -2.45 0.01919150924682622 0.20804266929626447 0.3748855 0.3708855 "" "" 0.747797350586629 "" 0.2773725621098861 "" 1.0
328.42450490199 47.29729793635 0.0323 0.0316 4.471 "" "" 1974546553614612352 736.348877 1.3295 0.0386 -2.683 -2.226 0.041 0.037 0.988 5482.0 3.7159 16.334095 2.753107 17.85465 15.101543 "" "" 717.033081 756.493042 5511.99881 15.134 985.27 16.768 7220.1 66.779 "" "" 0.004059363657724495 0.018687272 0.0107296705 0.029416943 328.42450490199 47.29729793635 736.348877 -2.682999999999998 -2.226 0.28019150924682634 0.43204266929626467 0.3738855 0.3698855 "" "" 1.797308589260523 "" 0.6669349618587795 "" 1.0
328.36593373382 47.26169572712 0.0358 0.0342 1.382 "" "" 1974546102643597696 788.282959 1.2248 0.0426 -3.447 -2.439 0.047 0.041 1.087 5203.9 3.3579 16.347086 3.251109 18.268803 15.017694 "" "" 761.165649 814.896851 5446.43743 14.007 672.81 13.515 7799.7 60.668 "" "" 0.003922823422447166 0.021987364 0.009252235 0.031239599 328.36593373382 47.26169572712 788.282959 -3.447000000000001 -2.439 -0.4838084907531739 0.2190426692962646 0.3798855 0.3738855 "" "" 1.98437523665198 "" 0.7518233068419629 "" 0.9
328.41233477849 47.33035006866 0.0344 0.0348 5.9106 "" "" 1974546828492514816 730.988098 1.3228 0.042 -2.644 -2.43 0.044 0.041 1.079 "" "" 16.417894 2.395593 17.624678 15.229085 "" "" 712.291748 753.360962 5102.56599 7.4386 1217.7 10.229 6419.8 30.333 "" "" 0.003177586320259487 0.0095377145 0.00637187 0.015909584 328.41233477849 47.33035006866 730.988098 -2.6439999999999984 -2.429999999999996 0.31919150924682604 0.2280426692962645 0.3768855 0.3738855 "" "" 1.3592181356554685 "" 0.5108952803693626 "" 1.0
328.40922651541 47.24970734599 0.0381 0.0351 2.3178 "" "" 1974545591541945600 695.074097 1.3921 0.0452 -3.156 -2.568 0.051 0.041 1.019 "" "" 16.42665 2.181694 17.515924 15.33423 "" "" 678.487671 713.231812 5061.58936 37.655 1346.0 48.138 5827.3 101.26 "" "" 0.008534207796476732 0.038930107 0.019241475 0.05817158 328.40922651541 47.24970734599 695.074097 -3.156 -2.5680000000000014 -0.19280849075317397 0.09004266929626459 0.3838855 0.3738855 "" "" 0.7010937008188745 "" 0.2678979169515666 "" 1.0
328.37710683735 47.2455333349 0.0362 0.0338 0.9917 "" "" 1974545282304297856 713.495239 1.3569 0.0432 -3.045 -2.744 0.046 0.04 1.029 5640.3 4.1676 16.543364 2.563705 17.913149 15.349444 "" "" 692.558289 739.703552 4545.70612 28.461 933.59 23.472 5746.2 97.536 "" "" 0.0073350444575685896 0.027439434 0.018812824 0.046252258 328.37710683735 47.2455333349 713.495239 -3.045 -2.7439999999999998 -0.08180849075317376 -0.08595733070373557 0.3788855 0.3728855 "" "" 0.4013198777259148 "" 0.15079560664976177 "" 1.0
328.53665209231 47.23262504309 0.0384 0.0359 7.45 "" "" 1976043435616831872 762.697205 1.2778 0.0441 -2.59 -2.515 0.052 0.043 1.008 7504.8 4.2896 16.54934 2.270746 17.736866 15.46612 "" "" 738.501526 788.231812 4520.7539 22.219 1098.2 29.502 5160.7 59.657 "" "" 0.006005629612577062 0.029300323 0.013107648 0.04240797 328.53665209231 47.23262504309 762.697205 -2.5900000000000007 -2.5150000000000015 0.3731915092468263 0.14304266929626452 0.3848855 0.37588552 "" "" 1.444867316596935 "" 0.554459763121622 "" 1.0
328.17181464162 47.21445183407 0.035 0.0342 7.5855 "" "" 1974731993119999616 783.73468 1.2377 0.0417 -2.784 -2.898 0.047 0.044 1.069 "" "" 16.579828 2.458473 17.898945 15.440472 "" "" 756.035156 809.353271 4395.57127 21.964 945.89 15.94 5284.1 81.853 "" "" 0.006084834867137406 0.018508187 0.017237935 0.03574612 328.17181464162 47.21445183407 783.73468 -2.783999999999999 -2.8979999999999997 0.17919150924682636 -0.23995733070373548 0.3798855 0.3768855 "" "" 1.1125442199148834 "" 0.42049973514352684 "" 0.9
328.45910985692 47.17748479559 0.0478 0.045 5.695 "" "" 1974542018129163264 720.514404 1.3408 0.0567 -2.559 -3.283 0.063 0.051 1.208 8255.5 4.1058 16.740232 3.123706 18.55431 15.430604 "" "" 693.792908 747.437744 3791.87351 4.3709 517.24 5.3385 5332.3 14.417 "" "" 0.003026238121326289 0.011548159 0.0047854977 0.016333656 328.45910985692 47.17748479559 720.514404 -2.559 -3.283 0.404191509246826 -0.6249573307037353 0.3958855 0.3838855 "" "" 2.5418699642943627 "" 0.984881143844666 "" 1.0
328.33481044715 47.21606305085 0.0477 0.0453 1.6429 "" "" 1974545866419852160 780.234375 1.2519 0.0565 -3.302 -3.027 0.062 0.052 1.075 "" "" 16.817257 2.471135 18.114466 15.643331 "" "" 738.209473 819.33728 3532.18722 8.896 775.59 12.854 4383.5 25.966 "" "" 0.003881905564331783 0.018209148 0.0074597034 0.025668852 328.33481044715 47.21606305085 780.234375 -3.3019999999999996 -3.027 -0.3388084907531739 -0.3689573307037355 0.3948855 0.3848855 "" "" 1.852557393889211 "" 0.7215565830793671 "" 0.9
328.17802473118 47.2025005673 0.0412 0.0394 7.5219 "" "" 1974731786961571072 744.275085 1.2966 0.0488 -2.767 -3.104 0.055 0.051 1.015 "" "" 16.86944 2.765421 18.42126 15.65584 "" "" 712.811584 771.730408 3366.43727 4.3509 584.67 8.0448 4333.3 16.286 "" "" 0.0030920673042732433 0.015197572 0.0055618985 0.02075947 328.17802473118 47.2025005673 744.275085 -2.7670000000000003 -3.1039999999999983 0.19619150924682627 -0.44595733070373544 0.3878855 0.3838855 "" "" 1.7187941532287199 "" 0.6609398778550984 "" 1.0
328.36387106579 47.2473358807 0.0452 0.0424 0.5885 "" "" 1974546003858801920 770.649109 1.2664 0.0534 -3.334 -2.929 0.061 0.052 1.016 6374.1 4.0034 16.919292 2.821033 18.483788 15.662754 "" "" 737.540955 810.502258 3215.36225 15.706 551.95 14.787 4305.8 54.716 "" "" 0.005976501234989629 0.029220898 0.014305281 0.04352618 328.36387106579 47.2473358807 770.649109 -3.334000000000003 -2.929000000000001 -0.3708084907531739 -0.2709573307037352 0.3938855 0.3848855 "" "" 1.6776085132837855 "" 0.655569493109666 "" 1.0
328.33177240682 47.26745339451 0.0528 0.0486 1.8762 "" "" 1974546175657488256 736.243774 1.2976 0.0614 -3.156 -2.696 0.07 0.057 1.058 "" "" 16.928051 2.669269 18.355484 15.686215 "" "" 705.943909 774.52771 3189.52679 3.1324 621.19 9.2522 4213.8 12.779 "" "" 0.0029544480701683127 0.016410237 0.00501252 0.021422757 328.33177240682 47.26745339451 736.243774 -3.1560000000000006 -2.6960000000000006 -0.19280849075317397 -0.037957330703735526 0.4028855 0.38988551 "" "" 0.6857769851550738 "" 0.2759621514706083 "" 1.0
328.41174139948 47.33168102953 0.1141 0.1173 5.9743 "" "" 1974546897211991424 647.593445 1.5397 0.1434 -2.523 -1.967 0.145 0.133 2.834 "" "" 16.946354 2.965913 18.557434 15.591521 "" "" 595.457642 709.236145 3136.21057 9.5429 515.75 9.2253 4597.8 18.493 "" "" 0.004301879314267088 0.01962014 0.005775316 0.025395455 328.41174139948 47.33168102953 647.593445 -2.5229999999999992 -1.967 0.44019150924682604 0.6910426692962646 0.47788548 0.46588552 "" "" 2.5150224751300114 "" 1.180503069484465 "" 0.9
