Clusters/IC_5146/IC_5146_stars_in_region.tsv
# %ECSV 1.0
# ---
# datatype:
# - name: RA_ICRS_1
#   unit: deg
#   datatype: float64
#   format: '{:15.11f}'
#   description: Right ascension (ICRS) at Ep=2016.0 (ra)
#   meta: !!omap
#   - {ucd: POS_EQ_RA_MAIN}
#   - {width: 15}
#   - {precision: '11'}
# - name: DE_ICRS_1
#   unit: deg
#   datatype: float64
#   format: '{:15.11f}'
#   description: Declination (ICRS) at Ep=2016.0 (dec)
#   meta: !!omap
#   - {ucd: POS_EQ_DEC_MAIN}
#   - {width: 15}
#   - {precision: '11'}
# - name: e_RA_ICRS
#   unit: mas
#   datatype: float64
#   format: '{:7.4f}'
#   description: Standard error of right ascension (ra_error)
#   meta: !!omap
#   - {ucd: ERROR}
#   - {width: 7}
#   - {precision: '4'}
# - name: e_DE_ICRS
#   unit: mas
#   datatype: float64
#   format: '{:7.4f}'
#   description: Standard error of declination (dec_error)
#   meta: !!omap
#   - {ucd: ERROR}
#   - {width: 7}
#   - {precision: '4'}
# - name: _r_1
#   unit: ''
#   datatype: float64
#   format: '{:7.4f}'
#   description: Distance from center (328.35411002000+47.24010505000)[ICRS], at Epoch=J2016.0
#   meta: !!omap
#   - {ucd: POS_ANG_DIST_GENERAL}
#   - {width: 7}
#   - {precision: '4'}
# - name: HIP
#   datatype: int32
#   description: '? HIP cross-id number, van Leeuwen, Cat. I/311 (hip_original_ext_source_id)'
#   meta: !!omap
#   - {ucd: ID_NUMBER}
#   - {width: 6}
#   - values: {'null': -2147483648}
# - name: TYC2
#   datatype: string
#   description: Tycho-2 cross-id name, Hog et al., Cat. I/259 (tyc2_original_ext_source_id)
#   meta: !!omap
#   - {ucd: ID_CROSSID}
#   - {_votable_string_dtype: char}
# - name: Source
#   datatype: int64
#   description: Source identifier, identical to the Gaia-EDR3 source_id (id)
#   meta: !!omap
#   - {ucd: ID_MAIN}
#   - {width: 19}
# - name: rgeo
#   unit: pc
#   datatype: float64
#   format: '{:15.8f}'
#   description: '? Median of the geometric distance posterior (r_med_geo)'
#   meta: !!omap
#   - {ucd: PHYS_DISTANCE_TRUE}
#   - {width: 15}
#   - {precision: '8'}
#   - values: {'null': .nan}
# - name: Plx
#   unit: mas
#   datatype: float64
#   format: '{:9.4f}'
#   description: '? Parallax (parallax)'
#   meta: !!omap
#   - {ucd: POS_PARLX_TRIG}
#   - {width: 9}
#   - {precision: '4'}
#   - values: {'null': .nan}
# - name: e_Plx
#   unit: mas
#   datatype: float32
#   format: '{:7.4f}'
#   description: '? Standard error of parallax (parallax_error)'
#   meta: !!omap
#   - {ucd: ERROR}
#   - {width: 7}
#   - {precision: '4'}
#   - values: {'null': .nan}
# - name: pmRA
#   unit: mas / yr
#   datatype: float64
#   format: '{:9.3f}'
#   description: '? Proper motion in right ascension direction, pmRA*cosDE (pmra)'
#   meta: !!omap
#   - {ucd: POS_EQ_PMRA}
#   - {width: 9}
#   - {precision: '3'}
#   - values: {'null': .nan}
# - name: pmDE
#   unit: mas / yr
#   datatype: float64
#   format: '{:9.3f}'
#   description: '? Proper motion in declination direction (pmdec)'
#   meta: !!omap
#   - {ucd: POS_EQ_PMDEC}
#   - {width: 9}
#   - {precision: '3'}
#   - values: {'null': .nan}
# - name: e_pmRA
#   unit: mas / yr
#   datatype: float32
#   format: '{:6.3f}'
#   description: '? Standard error of proper motion in right ascension direction (pmra_error)'
#   meta: !!omap
#   - {ucd: ERROR}
#   - {width: 6}
#   - {precision: '3'}
#   - values: {'null': .nan}
# - name: e_pmDE
[...]
#         unit: &id001 !astropy.units.Unit {unit: deg}
#         value: !astropy.table.SerializedColumn {name: SkyCoord.dec}
#       distance: !astropy.table.SerializedColumn
#         __class__: astropy.coordinates.distances.Distance
#         unit: !astropy.units.Unit {unit: pc}
#         value: !astropy.table.SerializedColumn {name: SkyCoord.distance}
#       frame: icrs
#       obstime: !astropy.time.Time {format: jyear_str, in_subfmt: '*', jd1: 367701545.0, jd2: 0.0, out_subfmt: '*', precision: 3, scale: tt}
#       pm_dec: !astropy.table.SerializedColumn
#         __class__: astropy.units.quantity.Quantity
#         unit: !astropy.units.Unit {unit: mas / yr}
#         value: !astropy.table.SerializedColumn {name: SkyCoord.pm_dec}
#       pm_ra_cosdec: !astropy.table.SerializedColumn
#         __class__: astropy.units.quantity.Quantity
#         unit: !astropy.units.Unit {unit: mas / yr}
#         value: !astropy.table.SerializedColumn {name: SkyCoord.pm_ra_cosdec}
#       ra: !astropy.table.SerializedColumn
#         __class__: astropy.coordinates.angles.Longitude
#         unit: *id001
#         value: !astropy.table.SerializedColumn {name: SkyCoord.ra}
#         wrap_angle: !astropy.coordinates.Angle
#           unit: *id001
#           value: 360.0
#       representation_type: spherical
# schema: astropy-2.0
RA_ICRS_1 DE_ICRS_1 e_RA_ICRS e_DE_ICRS _r_1 HIP TYC2 Source rgeo Plx e_Plx pmRA pmDE e_pmRA e_pmDE RUWE Teff logg Gmag BP-RP BPmag RPmag RV e_RV b_rgeo B_rgeo FG e_FG FBP e_FBP FRP e_FRP RAVE5 RAVE6 e_Gmag e_BPmag e_RPmag e_BP-RP SkyCoord.ra SkyCoord.dec SkyCoord.distance SkyCoord.pm_ra_cosdec SkyCoord.pm_dec
[from data line 758]
327.45622028933 47.94871126707 0.02 0.0201 55.9239 "" "" 1977822617227718400 545.544495 1.8147 0.0248 0.331 -6.245 0.024 0.024 1.002 4676.6 4.5097 15.296151 1.376313 15.918358 14.542045 "" "" 537.487488 552.278259 14337.92902 4.3238 5862.4 11.478 12088.0 14.483 "" "" 0.002774705824705444 0.0035076945 0.0039969925 0.0075046867 327.45622028933 47.94871126707 545.544495 0.3310000000000002 -6.244999999999999
329.35478067274 47.87338063264 0.0177 0.019 55.5464 "" "" 1976088000199284224 676.628113 1.4516 0.0228 7.46 1.671 0.024 0.023 1.087 4551.8 4.3513 15.297618 1.490405 15.930925 14.44052 "" "" 667.713562 686.450256 14318.56499 4.281 5794.9 50.047 13272.0 54.471 "" "" 0.002774376507580045 0.009783156 0.005842979 0.015626136 329.35478067274 47.87338063264 676.628113 7.46 1.671
327.51348448846 47.69661870462 0.0172 0.0187 43.7348 "" "" 1974812807225972352 695.746643 1.4137 0.0232 -17.527 -12.337 0.024 0.026 1.043 5237.0 4.5659 15.303614 1.247952 15.848802 14.60085 "" "" 683.159668 707.620544 14239.71396 3.1344 6250.2 10.062 11450.0 9.7468 "" "" 0.002765665384798603 0.0032924423 0.0038907495 0.007183192 327.51348448846 47.69661870462 695.746643 -17.527000000000005 -12.336999999999998
327.52929599573 47.84214818007 0.0205 0.0214 49.2024 "" "" 1974818751460800128 737.646362 1.3298 0.026 -2.671 -6.432 0.026 0.028 1.084 5242.5 4.5577 15.309305 1.24836 15.857201 14.608841 "" "" 723.900879 754.464783 14165.26666 3.9975 6202.1 10.299 11366.0 11.453 "" "" 0.0027723041014119775 0.003321992 0.003934548 0.0072565395 327.52929599573 47.84214818007 737.646362 -2.6710000000000003 -6.432
328.17924003479 47.55041050532 0.0178 0.0187 19.9271 "" "" 1974751990487801344 645.590027 1.5244 0.0224 -4.587 -2.238 0.022 0.024 1.078 4564.1 4.384 15.312841 1.437587 15.967714 14.530128 "" "" 636.87323 655.539856 14119.2021 3.1239 5601.8 7.8768 12221.0 11.835 "" "" 0.0027657721539232523 0.003180532 0.0039229146 0.007103447 328.17924003479 47.55041050532 645.590027 -4.587 -2.238
328.37922016996 46.55832455134 0.0317 0.0342 40.9198 "" "" 1974461165360831232 779.04425 1.2701 0.0421 1.329 19.591 0.042 0.043 2.139 5041.1 4.3902 15.314256 1.120674 15.745769 14.625094 "" "" 750.290466 801.997742 14100.82086 6.8608 6872.4 11.835 11197.0 15.738 "" "" 0.0028055047562313713 0.0033587234 0.0040758546 0.0074345777 328.37922016996 46.55832455134 779.04425 1.3289999999999988 19.591
328.78190987966 47.78616452804 0.0187 0.0195 37.0675 "" "" 1976251346394237952 687.175171 1.4294 0.0232 22.878 -9.339 0.026 0.026 0.964 5339.1 4.577 15.320177 1.20487 15.839734 14.634864 "" "" 676.880432 696.989685 14024.133 3.2367 6302.7 10.32 11097.0 12.024 "" "" 0.002766691344472773 0.0033084045 0.0039582476 0.007266652 328.78190987966 47.78616452804 687.175171 22.878 -9.339000000000002
329.28662875453 46.71335024264 0.0185 0.0197 49.5598 "" "" 1975211380191244160 630.645691 1.5569 0.0248 12.339 0.886 0.025 0.027 1.05 4933.9 4.5444 15.322688 1.264408 15.878347 14.613939 "" "" 620.41864 640.370667 13991.73007 3.4434 6082.4 8.0065 11313.0 9.6163 "" "" 0.0027682461103006556 0.0031349086 0.003890433 0.0070253415 329.28662875453 46.71335024264 630.645691 12.338999999999999 0.8859999999999993
328.03846494069 47.65815783359 0.0181 0.0188 28.1636 "" "" 1974757350606931200 676.699768 1.4529 0.0226 -2.512 -11.469 0.023 0.025 0.927 5206.2 4.6146 15.323586 1.205004 15.847454 14.64245 "" "" 666.89209 686.745178 13980.17871 4.1981 6258.0 12.186 11020.0 14.513 "" "" 0.0027745428994349628 0.0035007098 0.0040408275 0.0075415373 328.03846494069 47.65815783359 676.699768 -2.512 -11.469000000000001
329.09674659801 47.9942883675 0.0218 0.0242 54.3115 "" "" 1976275157693684096 611.740173 1.6134 0.03 -18.086 -11.256 0.031 0.03 1.235 5110.3 4.5796 15.323975 1.386395 15.945551 14.559155 "" "" 600.004272 623.227417 13975.16261 3.3349 5717.4 9.3467 11899.0 12.439 "" "" 0.002767474824887952 0.0033068815 0.003946134 0.0072530154 329.09674659801 47.9942883675 611.740173 -18.086 -11.256
327.86422834686 46.5455048935 0.0243 0.0265 46.2636 "" "" 1974490925197131520 737.603821 1.3323 0.0309 -3.7 -0.415 0.03 0.032 1.393 5380.0 4.6496 15.32495 1.168041 15.828118 14.660077 "" "" 721.927795 752.725769 13962.61022 3.1831 6370.4 9.5345 10842.0 11.667 "" "" 0.0027664155324969783 0.0032288851 0.0039558536 0.0071847388 327.86422834686 46.5455048935 737.603821 -3.7 -0.4150000000000001
327.06077861461 47.06582984649 0.0189 0.0194 53.7966 "" "" 1974762470208463360 701.555725 1.394 0.024 13.262 3.639 0.024 0.022 1.011 4962.0 4.4313 15.326081 1.30333 15.9036 14.600269 "" "" 689.977234 716.630554 13948.07866 3.3554 5942.6 8.6731 11456.0 11.049 "" "" 0.0027676721075033436 0.0032087434 0.0039217696 0.007130513 327.06077861461 47.06582984649 701.555725 13.262 3.6390000000000002
328.02997251868 46.56821708424 0.0176 0.0191 42.4465 "" "" 1974489001052029952 778.678833 1.2515 0.0228 13.967 2.549 0.022 0.022 1.008 5067.1 4.4271 15.327372 1.194043 15.845958 14.651915 "" "" 765.951172 793.141418 13931.50376 3.242 6266.6 10.276 10924.0 8.9159 "" "" 0.002766880430655167 0.003309812 0.0038818798 0.0071916915 328.02997251868 46.56821708424 778.678833 13.966999999999999 2.5489999999999995
328.12238121139 47.21458919134 0.0178 0.0176 9.5652 "" "" 1974726907878718464 645.65155 1.5187 0.0218 2.837 -8.05 0.024 0.023 0.957 5212.4 4.6241 15.346231 1.271715 15.902282 14.630567 "" "" 636.643005 653.079529 13691.60055 3.1147 5949.8 11.484 11141.0 10.922 "" "" 0.0027663686332428153 0.0034895164 0.0039264057 0.0074159224 328.12238121139 47.21458919134 645.65155 2.8369999999999997 -8.05
327.76752773328 47.18334304205 0.0214 0.0233 24.1489 "" "" 1974740548694587392 553.095398 1.7774 0.026 -4.132 3.275 0.029 0.028 1.061 4405.6 4.4182 15.349084 1.568446 16.0738 14.505353 "" "" 546.283142 562.049072 13655.67686 3.95 5080.4 21.082 12503.0 16.877 "" "" 0.0027731608418264065 0.005299446 0.004053592 0.009353038 327.76752773328 47.18334304205 553.095398 -4.132 3.2750000000000004
328.04637742815 46.834433258 0.0187 0.0197 27.4006 "" "" 1974529751702160896 680.416321 1.4399 0.0236 1.277 -0.498 0.026 0.026 1.023 4918.0 4.4484 15.351007 1.209689 15.877401 14.667712 "" "" 667.33905 690.675537 13631.50301 3.5188 6087.7 9.8975 10766.0 8.1029 "" "" 0.0027695378941523406 0.003301669 0.0038667154 0.0071683843 328.04637742815 46.834433258 680.416321 1.277 -0.4980000000000001
327.66951334121 47.2759502269 0.0198 0.0213 27.9608 "" "" 1974721685197842048 551.852234 1.7877 0.0247 -18.933 -11.774 0.028 0.026 0.932 4673.2 4.5252 15.354243 1.350736 15.962146 14.61141 "" "" 543.909241 560.257141 13590.93784 3.2567 5630.6 9.5733 11340.0 9.4904 "" "" 0.002767575908106323 0.003345558 0.003887077 0.0072326353 327.66951334121 47.2759502269 551.852234 -18.932999999999996 -11.773999999999997
327.63341254921 47.41355628709 0.0187 0.0201 31.1026 "" "" 1974793565772553216 543.237122 1.813 0.0235 4.391 -10.151 0.025 0.026 0.973 4705.2 4.6 15.354506 1.38635 15.981985 14.595635 "" "" 536.924377 550.320496 13587.65078 3.458 5528.7 11.322 11505.0 10.735 "" "" 0.0027691405780642998 0.003567732 0.0039128046 0.0074805366 327.63341254921 47.41355628709 543.237122 4.390999999999998 -10.150999999999996
327.8754801547 47.10866307821 0.0199 0.0204 21.0543 "" "" 1974727491994152064 711.955933 1.3748 0.025 10.437 -0.552 0.028 0.028 1.04 4955.1 4.4788 15.355372 1.295416 15.932367 14.636951 "" "" 701.862976 723.004639 13576.81479 3.3929 5787.2 10.814 11076.0 12.009 "" "" 0.002768647550274013 0.0034498018 0.0039584734 0.0074082753 327.8754801547 47.10866307821 711.955933 10.437 -0.5520000000000003
329.28230550275 47.15669393067 0.0223 0.0241 38.1697 "" "" 1975983787109519104 653.621277 1.4994 0.0289 5.858 7.642 0.031 0.032 1.015 5178.7 4.6051 15.355767 1.287813 15.922853 14.63504 "" "" 644.195923 665.709473 13571.87276 3.4333 5838.2 13.798 11095.0 12.075 "" "" 0.00276897595188472 0.003790719 0.0039597973 0.0077505163 329.28230550275 47.15669393067 653.621277 5.8580000000000005 7.642000000000001
328.26658839138 47.39185118996 0.0191 0.0196 9.7761 "" "" 1974738418391182592 738.111816 1.3136 0.0237 -2.861 -2.405 0.025 0.023 1.091 5550.4 4.0666 15.357636 2.25045 16.515106 14.264656 "" "" 725.32196 750.846802 13548.52518 52.178 3383.6 51.781 15606.0 165.3 "" "" 0.005007567728641639 0.016848227 0.012105305 0.028953532 328.26658839138 47.39185118996 738.111816 -2.8609999999999998 -2.4049999999999994
329.05681632576 47.30250260169 0.0202 0.0202 28.8522 "" "" 1976036048273578880 766.174744 1.2781 0.0252 -1.072 -14.438 0.027 0.025 1.021 4909.4 4.418 15.357728 1.286739 15.930943 14.644203 "" "" 752.516968 778.304382 13547.39054 3.2238 5794.8 9.8044 11002.0 12.016 "" "" 0.0027674072375438136 0.003340596 0.0039610425 0.007301639 329.05681632576 47.30250260169 766.174744 -1.072 -14.438000000000002
327.81604201291 47.07428703787 0.0193 0.0205 24.102 "" "" 1974703882553842048 756.12738 1.2976 0.0248 2.669 -3.283 0.026 0.025 1.008 5134.7 4.4743 15.36299 1.245582 15.909665 14.664084 "" "" 741.973877 769.736755 13481.88204 3.2591 5909.5 9.6177 10803.0 11.825 "" "" 0.0027677928575302376 0.0033026438 0.0039618355 0.007264479 327.81604201291 47.07428703787 756.12738 2.6689999999999996 -3.2830000000000004
328.71874275788 46.86297662245 0.0171 0.0197 27.0963 "" "" 1974475154076604416 778.965576 1.2562 0.0238 18.851 8.914 0.025 0.026 1.042 "" "" 15.367116 1.256068 15.920225 14.664157 "" "" 767.973511 793.625977 13430.75809 3.1822 5852.3 8.7791 10802.0 12.232 "" "" 0.002767302965288475 0.0032307573 0.003974333 0.0072050905 328.71874275788 46.86297662245 778.965576 18.850999999999996 8.913999999999998
328.48589272967 46.43593971657 0.0202 0.0217 48.5521 "" "" 1974449109394480384 624.259583 1.5709 0.0258 1.271 -2.259 0.026 0.028 1.038 4860.3 4.4595 15.369891 1.394035 15.995948 14.601912 "" "" 616.288574 632.635315 13396.47008 3.6088 5458.1 11.508 11439.0 11.807 "" "" 0.002770800276499375 0.00360908 0.0039420323 0.007551112 328.48589272967 46.43593971657 624.259583 1.271 -2.2589999999999995
329.25978637953 46.90436117283 0.0182 0.0197 42.1369 "" "" 1975964889253305216 660.814758 1.4816 0.0232 3.163 -13.867 0.024 0.026 1.035 5051.1 4.6307 15.375814 1.300633 15.953076 14.652444 "" "" 651.104858 670.514587 13323.58559 3.2527 5677.9 8.2629 10919.0 10.611 "" "" 0.0027680403139282946 0.0032064912 0.003923899 0.00713039 329.25978637953 46.90436117283 660.814758 3.162999999999999 -13.867
328.90752736123 46.92663807155 0.017 0.0189 29.4103 "" "" 1975973822785027200 532.289124 1.8578 0.0231 -9.948 -11.256 0.024 0.023 0.966 4635.8 4.5558 15.377136 1.39533 16.01108 14.615749 "" "" 524.90271 538.715759 13307.36603 3.6704 5382.5 9.8384 11294.0 11.275 "" "" 0.0027715462277475805 0.0034239648 0.0039317408 0.007355706 328.90752736123 46.92663807155 532.289124 -9.947999999999999 -11.256
328.11738152215 46.34303445109 0.0183 0.018 54.6956 "" "" 1974434678303705216 600.674744 1.6404 0.0227 -12.804 -14.334 0.023 0.022 0.958 4730.6 4.4704 15.378245 1.344424 15.9813 14.636876 "" "" 592.645508 608.134705 13293.7844 3.2334 5532.2 8.7902 11077.0 10.067 "" "" 0.0027679464453798652 0.003280422 0.0039060696 0.0071864915 328.11738152215 46.34303445109 600.674744 -12.804000000000002 -14.334
327.94400515818 47.77775454773 0.0201 0.0191 36.2889 "" "" 1974808718417762048 608.000916 1.6213 0.0236 4.045 -14.976 0.029 0.023 1.003 4776.7 4.5204 15.382606 1.34332 15.982944 14.639624 "" "" 599.412598 616.496033 13240.5099 3.1491 5523.8 9.8225 11049.0 12.401 "" "" 0.0027673944308262426 0.0033930135 0.003970981 0.0073639946 327.94400515818 47.77775454773 608.000916 4.045000000000001 -14.976
328.49593411314 47.89028918581 0.0189 0.0201 39.4313 "" "" 1976266808276063360 532.074707 1.8399 0.0241 -9.635 -0.804 0.027 0.025 0.99 4859.9 4.6005 15.386807 1.346514 15.989246 14.642733 "" "" 526.503357 539.759094 13189.37188 3.2409 5491.8 8.2095 11017.0 11.205 "" "" 0.00276820611370321 0.0032278895 0.003937401 0.0071652904 328.49593411314 47.89028918581 532.074707 -9.634999999999998 -0.804
327.60814725094 46.58033606192 0.0185 0.0206 50.019 "" "" 1974500786441799936 774.111023 1.2617 0.0245 -1.289 -9.083 0.024 0.025 1.009 5083.8 4.5105 15.387773 1.22128 15.923384 14.702104 "" "" 761.129578 789.026245 13177.63572 3.334 5835.3 10.739 10431.0 9.8521 "" "" 0.002768979473123658 0.00343185 0.003916036 0.007347886 327.60814725094 46.58033606192 774.111023 -1.2889999999999997 -9.083000000000002
328.0937775761 47.35838820983 0.372 0.3782 12.7506 "" "" 1974737387602340352 762.24884 1.7105 0.4598 1.355 -1.105 0.501 0.499 20.481 "" "" 15.394112 1.529844 15.903192 14.373348 -1.97 6.89 577.003845 1304.70105 13100.92382 25.267 5944.8 9.8594 14119.0 11.248 "" "" 0.0034607243705526815 0.0033207699 0.003877097 0.007197867 328.0937775761 47.35838820983 762.24884 1.355 -1.105
327.26348558116 46.85794344631 0.0188 0.0203 50.1371 "" "" 1974706601272201728 561.521301 1.7502 0.0242 7.662 -3.218 0.024 0.026 0.986 4648.0 4.5496 15.398793 1.446505 16.062986 14.616481 "" "" 553.896606 569.870239 13044.55825 3.1992 5131.2 7.1533 11287.0 11.077 "" "" 0.0027681570954663243 0.003174278 0.0039267153 0.0071009933 327.26348558116 46.85794344631 561.521301 7.662 -3.218
327.07837308365 47.14135663277 0.0193 0.0195 52.3521 "" "" 1974762985604524288 683.038696 1.4332 0.0248 -1.619 -0.498 0.025 0.023 0.96 5062.8 4.5252 15.399354 1.256933 15.952749 14.695816 "" "" 669.291199 695.899719 13037.83052 3.1411 5679.6 9.158 10491.0 10.508 "" "" 0.0027677088546012823 0.0032939238 0.003932731 0.0072266553 327.07837308365 47.14135663277 683.038696 -1.619 -0.498
328.79103388701 46.50784280134 0.0196 0.0205 47.4499 "" "" 1974451239698657664 667.062134 1.472 0.0253 9.859 4.289 0.024 0.025 1.002 4924.4 4.513 15.401212 1.319946 15.989358 14.669412 "" "" 656.755554 677.167236 13015.53604 4.6869 5491.3 12.329 10750.0 20.728 "" "" 0.0027829211491997878 0.0037050426 0.0043204715 0.008025514 328.79103388701 46.50784280134 667.062134 9.858999999999998 4.289
328.00251345921 46.92893935914 0.0192 0.0223 23.5564 "" "" 1974534184108387712 663.130005 1.4849 0.0254 10.24 2.744 0.028 0.032 1.037 4892.1 4.5286 15.406251 1.3229 15.995891 14.672991 "" "" 653.050598 674.00354 12955.26302 3.3002 5458.3 10.391 10714.0 9.8278 "" "" 0.002769166848284626 0.0034723505 0.003908402 0.0073807524 328.00251345921 46.92893935914 663.130005 10.239999999999998 2.7439999999999998
328.95477756035 46.7131883884 0.0188 0.0203 40.0519 "" "" 1975955955720974848 667.242554 1.4701 0.0248 -3.106 -11.397 0.026 0.025 1.032 "" "" 15.408269 1.257451 15.962353 14.704902 "" "" 654.37915 677.335815 12931.21059 5.2811 5629.6 11.982 10404.0 12.778 "" "" 0.0027907714813530603 0.0036228693 0.0040077297 0.0076305987 328.95477756035 46.7131883884 667.242554 -3.106 -11.396999999999998
328.21581698808 48.01873618986 0.0609 0.0621 47.0513 "" "" 1976313258338811008 699.14032 1.4025 0.0753 3.479 2.969 0.081 0.078 3.886 4845.3 4.4863 15.412607 1.330391 15.933226 14.602835 "" "" 662.313538 741.845703 12879.6426 7.53 5782.6 9.6137 11429.0 9.7143 "" "" 0.0028274937040698744 0.0033231445 0.0038904196 0.007213564 328.21581698808 48.01873618986 699.14032 3.4789999999999996 2.9689999999999994
327.91196129432 47.0244370036 0.0313 0.0316 22.2074 "" "" 1974723265746220416 733.510437 1.3394 0.0406 -3.772 -5.31 0.044 0.042 1.523 5743.4 4.4665 15.41467 1.38326 15.662541 14.279282 "" "" 711.095825 758.094666 12855.1932 8.7015 7419.9 179.71 15397.0 388.67 "" "" 0.0028516479678582004 0.026444145 0.02766684 0.054110985 327.91196129432 47.0244370036 733.510437 -3.771999999999999 -5.309999999999999
