Clusters/IC_5146/IC_5146_stars_in_region.tsv
# %ECSV 1.0
# ---
# datatype:
# - name: RA_ICRS_1
#   unit: deg
#   datatype: float64
#   format: '{:15.11f}'
#   description: Right ascension (ICRS) at Ep=2016.0 (ra)
#   meta: !!omap
#   - {ucd: POS_EQ_RA_MAIN}
#   - {width: 15}
#   - {precision: '11'}
# - name: DE_ICRS_1
#   unit: deg
#   datatype: float64
#   format: '{:15.11f}'
#   description: Declination (ICRS) at Ep=2016.0 (dec)
#   meta: !!omap
#   - {ucd: POS_EQ_DEC_MAIN}
#   - {width: 15}
#   - {precision: '11'}
# - name: e_RA_ICRS
#   unit: mas
#   datatype: float64
#   format: '{:7.4f}'
#   description: Standard error of right ascension (ra_error)
#   meta: !!omap
#   - {ucd: ERROR}
#   - {width: 7}
#   - {precision: '4'}
# - name: e_DE_ICRS
#   unit: mas
#   datatype: float64
#   format: '{:7.4f}'
#   description: Standard error of declination (dec_error)
#   meta: !!omap
#   - {ucd: ERROR}
#   - {width: 7}
#   - {precision: '4'}
# - name: _r_1
#   unit: ''
#   datatype: float64
#   format: '{:7.4f}'
#   description: Distance from center (328.35411002000+47.24010505000)[ICRS], at Epoch=J2016.0
#   meta: !!omap
#   - {ucd: POS_ANG_DIST_GENERAL}
#   - {width: 7}
#   - {precision: '4'}
# - name: HIP
#   datatype: int32
#   description: '? HIP cross-id number, van Leeuwen, Cat. I/311 (hip_original_ext_source_id)'
#   meta: !!omap
#   - {ucd: ID_NUMBER}
#   - {width: 6}
#   - values: {'null': -2147483648}
# - name: TYC2
#   datatype: string
#   description: Tycho-2 cross-id name, Hog et al., Cat. I/259 (tyc2_original_ext_source_id)
#   meta: !!omap
#   - {ucd: ID_CROSSID}
#   - {_votable_string_dtype: char}
# - name: Source
#   datatype: int64
#   description: Source identifier, identical to the Gaia-EDR3 source_id (id)
#   meta: !!omap
#   - {ucd: ID_MAIN}
#   - {width: 19}
# - name: rgeo
#   unit: pc
#   datatype: float64
#   format: '{:15.8f}'
#   description: '? Median of the geometric distance posterior (r_med_geo)'
#   meta: !!omap
#   - {ucd: PHYS_DISTANCE_TRUE}
#   - {width: 15}
#   - {precision: '8'}
#   - values: {'null': .nan}
# - name: Plx
#   unit: mas
#   datatype: float64
#   format: '{:9.4f}'
#   description: '? Parallax (parallax)'
#   meta: !!omap
#   - {ucd: POS_PARLX_TRIG}
#   - {width: 9}
#   - {precision: '4'}
#   - values: {'null': .nan}
# - name: e_Plx
#   unit: mas
#   datatype: float32
#   format: '{:7.4f}'
#   description: '? Standard error of parallax (parallax_error)'
#   meta: !!omap
#   - {ucd: ERROR}
#   - {width: 7}
#   - {precision: '4'}
#   - values: {'null': .nan}
# - name: pmRA
#   unit: mas / yr
#   datatype: float64
#   format: '{:9.3f}'
#   description: '? Proper motion in right ascension direction, pmRA*cosDE (pmra)'
#   meta: !!omap
#   - {ucd: POS_EQ_PMRA}
#   - {width: 9}
#   - {precision: '3'}
#   - values: {'null': .nan}
# - name: pmDE
#   unit: mas / yr
#   datatype: float64
#   format: '{:9.3f}'
#   description: '? Proper motion in declination direction (pmdec)'
#   meta: !!omap
#   - {ucd: POS_EQ_PMDEC}
#   - {width: 9}
#   - {precision: '3'}
#   - values: {'null': .nan}
# - name: e_pmRA
#   unit: mas / yr
#   datatype: float32
#   format: '{:6.3f}'
#   description: '? Standard error of proper motion in right ascension direction (pmra_error)'
#   meta: !!omap
#   - {ucd: ERROR}
#   - {width: 6}
#   - {precision: '3'}
#   - values: {'null': .nan}
# - name: e_pmDE
[...]
#         unit: &id001 !astropy.units.Unit {unit: deg}
#         value: !astropy.table.SerializedColumn {name: SkyCoord.dec}
#       distance: !astropy.table.SerializedColumn
#         __class__: astropy.coordinates.distances.Distance
#         unit: !astropy.units.Unit {unit: pc}
#         value: !astropy.table.SerializedColumn {name: SkyCoord.distance}
#       frame: icrs
#       obstime: !astropy.time.Time {format: jyear_str, in_subfmt: '*', jd1: 367701545.0, jd2: 0.0, out_subfmt: '*', precision: 3, scale: tt}
#       pm_dec: !astropy.table.SerializedColumn
#         __class__: astropy.units.quantity.Quantity
#         unit: !astropy.units.Unit {unit: mas / yr}
#         value: !astropy.table.SerializedColumn {name: SkyCoord.pm_dec}
#       pm_ra_cosdec: !astropy.table.SerializedColumn
#         __class__: astropy.units.quantity.Quantity
#         unit: !astropy.units.Unit {unit: mas / yr}
#         value: !astropy.table.SerializedColumn {name: SkyCoord.pm_ra_cosdec}
#       ra: !astropy.table.SerializedColumn
#         __class__: astropy.coordinates.angles.Longitude
#         unit: *id001
#         value: !astropy.table.SerializedColumn {name: SkyCoord.ra}
#         wrap_angle: !astropy.coordinates.Angle
#           unit: *id001
#           value: 360.0
#       representation_type: spherical
# schema: astropy-2.0
RA_ICRS_1 DE_ICRS_1 e_RA_ICRS e_DE_ICRS _r_1 HIP TYC2 Source rgeo Plx e_Plx pmRA pmDE e_pmRA e_pmDE RUWE Teff logg Gmag BP-RP BPmag RPmag RV e_RV b_rgeo B_rgeo FG e_FG FBP e_FBP FRP e_FRP RAVE5 RAVE6 e_Gmag e_BPmag e_RPmag e_BP-RP SkyCoord.ra SkyCoord.dec SkyCoord.distance SkyCoord.pm_ra_cosdec SkyCoord.pm_dec
[from data line 357]
327.57950861848 47.6746414475 0.01 0.01 40.8315 "" "" 1974811845153465088 684.329712 1.4307 0.0125 0.322 4.343 0.014 0.013 0.939 5438.3 4.2705 13.883769 1.037502 14.317929 13.280427 -20.65 3.38 678.680237 690.317627 52654.92426 6.9086 25600.0 19.414 38636.0 21.353 "" "" 0.0027590002919600874 0.0029091237 0.0038267209 0.0067358445 327.57950861848 47.6746414475 684.329712 0.32200000000000006 4.343
328.13625206649 46.69004628755 0.01 0.0113 34.1878 "" "" 1974516213965288832 624.983887 1.572 0.0129 -2.098 -19.375 0.013 0.014 0.965 5882.6 4.3296 13.88662 0.965768 14.282795 13.317027 -5.44 5.19 619.834229 629.901001 52516.87458 7.7458 26442.0 19.466 37355.0 13.458 "" "" 0.002759969794129697 0.0029023988 0.0037995703 0.006701969 328.13625206649 46.69004628755 624.983887 -2.098 -19.375
328.43931992498 47.55154723569 0.0103 0.0112 19.0043 "" "" 1976240969752702464 639.95697 1.5342 0.0128 -19.464 -28.16 0.013 0.013 1.001 5192.7 4.2067 13.887296 1.121458 14.364499 13.243041 -43.92 4.09 635.155701 645.509827 52484.18173 6.8441 24525.0 15.216 39989.0 14.147 "" "" 0.0027589554639542877 0.0028703334 0.00379885 0.0066691833 328.43931992498 47.55154723569 639.95697 -19.464000000000002 -28.160000000000004
327.12311760868 47.34229850727 0.0112 0.0117 50.4702 "" "" 1974778344407665408 543.814209 1.8082 0.0143 15.213 2.215 0.015 0.014 1.004 5633.8 4.426 13.887638 1.020263 14.315043 13.29478 -23.58 3.74 539.305237 547.769897 52467.64626 9.0204 25668.0 20.14 38128.0 21.821 "" "" 0.0027616358422656757 0.0029173263 0.003830122 0.0067474484 327.12311760868 47.34229850727 543.814209 15.213000000000001 2.214999999999999
327.80231476729 47.1883210607 0.0329 0.0277 22.7023 "" "" 1974740514338450304 755.846741 1.2974 0.022 -14.895 -11.833 0.042 0.031 1.218 "" "" 13.889034 "" "" "" 30.62 6.83 741.528259 768.58606 52400.19217 150.31 "" "" "" "" "" "" 0.0041583045108809944 "" "" "" 327.80231476729 47.1883210607 755.846741 -14.895 -11.833000000000002
328.14162363562 47.16603303661 0.0101 0.0104 9.7355 "" "" 1974725877086574080 732.632935 1.3329 0.0131 4.617 2.543 0.014 0.014 1.042 5532.7 4.2318 13.889706 1.042503 14.325722 13.283218 -12.19 3.58 725.937988 739.616272 52367.80236 6.5301 25417.0 17.538 38536.0 16.289 "" "" 0.0027586444643192863 0.0028889969 0.0038071445 0.0066961413 328.14162363562 47.16603303661 732.632935 4.617 2.543
328.16289956678 48.12440673983 0.0115 0.0126 53.6173 "" "" 1976326422424386304 709.378906 1.3784 0.015 -27.249 -15.152 0.015 0.017 0.987 5764.7 4.2524 13.896656 0.966075 14.289642 13.323567 -49.49 3.54 702.631592 716.60144 52033.66364 8.0601 26276.0 18.489 37131.0 11.859 "" "" 0.0027604482774774724 0.0028928714 0.0037952566 0.006688128 328.16289956678 48.12440673983 709.378906 -27.249 -15.152000000000001
327.19235586609 47.41897579836 0.0126 0.0136 48.448 "" "" 1974785559952880384 567.878601 1.736 0.0157 8.375 8.991 0.016 0.016 1.212 5201.3 4.3261 13.910323 1.027472 14.339491 13.312019 -5.29 4.36 561.962219 572.390747 51382.78684 9.3273 25097.0 22.074 37528.0 27.783 "" "" 0.002762360134453638 0.0029490658 0.0038639128 0.0068129785 327.19235586609 47.41897579836 567.878601 8.375000000000002 8.991
327.93508711647 46.96474562896 0.0109 0.0119 23.7872 "" "" 1974535214900523776 526.20929 1.872 0.0144 -17.615 -18.628 0.016 0.017 1.079 "" "" 13.910576 1.024712 14.339934 13.315223 0.63 3.04 523.122864 529.681641 51370.81577 6.9482 25087.0 14.359 37417.0 16.704 "" "" 0.0027592308611554916 0.0028585375 0.0038103366 0.006668874 327.93508711647 46.96474562896 526.20929 -17.614999999999995 -18.627999999999997
328.48438188273 47.26839388309 0.0186 0.017 5.5702 "" "" 1976046699791963520 734.294006 1.3397 0.0216 -0.534 5.5 0.023 0.019 1.631 5656.0 4.2156 13.919009 1.055578 14.360083 13.304504 "" "" 723.433228 745.548645 50973.35619 6.9701 24625.0 22.064 37788.0 21.031 "" "" 0.0027593170991256316 0.0029548986 0.003827384 0.0067822826 328.48438188273 47.26839388309 734.294006 -0.5339999999999998 5.5
329.49764782687 47.33914484686 0.0116 0.013 46.9166 "" "" 1976009831791818880 538.481445 1.8293 0.0143 0.075 -0.073 0.015 0.017 1.06 5619.7 4.4925 13.932642 1.018949 14.358562 13.339612 -35.51 3.42 534.324829 542.116943 50337.31077 6.9757 24660.0 19.453 36586.0 16.776 "" "" 0.002759425252200841 0.0029186655 0.0038120311 0.0067306967 329.49764782687 47.33914484686 538.481445 0.07500000000000001 -0.073
328.79792771604 47.95005596121 0.0169 0.0181 46.2274 "" "" 1976288592351140224 574.254395 1.7116 0.0221 -23.541 -19.924 0.026 0.026 1.605 5535.1 4.3817 13.933984 1.094401 14.402292 13.307891 -42.75 2.65 566.679138 581.720276 50275.13122 20.592 23686.0 39.33 37671.0 50.487 "" "" 0.0027909764831463117 0.0033219378 0.004049825 0.007371763 328.79792771604 47.95005596121 574.254395 -23.541000000000004 -19.924
328.37141786269 47.24551930242 0.0197 0.0196 0.7763 "" "" 1974546003858802944 715.421143 1.369 0.0242 -2.874 -2.58 0.027 0.023 1.84 6443.1 3.8373 13.933989 1.763424 14.781462 13.018038 -12.98 9.77 702.761719 727.064636 50274.92727 57.704 16704.0 78.705 49198.0 157.86 "" "" 0.0030240270431031724 0.00582714 0.005140073 0.010967214 328.37141786269 47.24551930242 715.421143 -2.874 -2.58
327.85355251824 47.46503421699 0.0103 0.0113 24.416 "" "" 1974748726312517120 708.422791 1.3822 0.0132 0.66 -2.691 0.014 0.014 1.068 5798.2 4.2083 13.937852 1.039839 14.371008 13.331169 -36.39 4.9 702.325195 714.702209 50096.34097 14.712 24379.0 30.187 36871.0 35.4 "" "" 0.002773708061414453 0.0030971693 0.0039205058 0.007017675 327.85355251824 47.46503421699 708.422791 0.6599999999999998 -2.691
329.54007401708 47.661258496 0.0102 0.0108 54.3493 "" "" 1976069617739146496 743.21521 1.3159 0.0132 4.181 1.261 0.014 0.014 0.989 5763.5 4.23 13.939758 0.961156 14.336493 13.375337 -26.98 2.96 736.176453 750.325256 50008.47214 7.4607 25166.0 13.322 35402.0 15.448 "" "" 0.002760077315763851 0.0028487518 0.0038089615 0.006657713 329.54007401708 47.661258496 743.21521 4.181000000000001 1.2610000000000001
328.74879834691 46.81076417364 0.0102 0.011 30.4005 "" "" 1974471752462517888 644.277161 1.522 0.0136 -1.579 -3.492 0.015 0.013 0.963 5390.8 4.3122 13.939771 1.013277 14.362378 13.349101 -45.15 3.86 639.637207 649.108704 50007.89392 6.8785 24573.0 18.71 36268.0 17.378 "" "" 0.002759364452390709 0.0029100613 0.0038150193 0.0067250803 328.74879834691 46.81076417364 644.277161 -1.5790000000000004 -3.492
329.36545368186 47.20487547783 0.0116 0.0117 41.2653 "" "" 1976007323530749184 600.426453 1.6399 0.0144 15.199 7.719 0.015 0.015 1.085 5843.8 4.3202 13.943497 1.065724 14.390341 13.324616 -45.98 4.75 595.475342 604.93573 49836.54037 8.3868 23949.0 27.607 37095.0 21.78 "" "" 0.00276137175076121 0.0030580193 0.0038327677 0.006890787 329.36545368186 47.20487547783 600.426453 15.199 7.719
328.80916990998 47.70312823189 0.0106 0.0112 33.353 "" "" 1976247120146476544 619.856628 1.5816 0.0137 7.862 -2.43 0.014 0.015 1.027 "" "" 13.944937 0.961216 14.338509 13.377293 6.4 2.88 615.445557 625.069214 49770.4973 7.8013 25120.0 24.522 35338.0 15.847 "" "" 0.002760570969383505 0.0029846968 0.003810615 0.006795312 328.80916990998 47.70312823189 619.856628 7.862 -2.4300000000000006
327.431569109 47.26743745292 0.0113 0.0114 37.6062 "" "" 1974767795968230400 770.131775 1.2705 0.014 1.671 9.732 0.016 0.015 1.056 5599.7 4.0321 13.947699 1.207318 14.470352 13.263034 -48.68 3.48 761.903198 778.477478 49644.05751 6.903 22247.0 19.972 39259.0 17.821 "" "" 0.0027594531685153634 0.0029555208 0.0038113818 0.0067669023 327.431569109 47.26743745292 770.131775 1.6710000000000003 9.732
328.64232648266 46.59131192461 0.0102 0.012 40.6802 "" "" 1974456153141006208 592.884155 1.6564 0.0137 3.383 4.773 0.013 0.015 1.068 5008.5 4.2746 13.955886 1.224549 14.492812 13.268263 -39.14 2.29 588.330505 597.250793 49271.12127 6.339 21792.0 16.739 39071.0 16.582 "" "" 0.00275885874210854 0.0029121425 0.003807369 0.0067195115 328.64232648266 46.59131192461 592.884155 3.383 4.773
328.05502382521 47.65350017046 0.011 0.0112 27.6134 "" "" 1974757281887458432 705.51123 1.3894 0.0136 -24.568 -21.132 0.014 0.015 0.944 5515.9 4.2805 13.957056 0.963881 14.35294 13.389059 -31.31 3.07 698.974915 712.600403 49218.03949 7.7253 24788.0 16.533 34957.0 15.019 "" "" 0.0027605853872770462 0.0028826126 0.0038080611 0.0066906735 328.05502382521 47.65350017046 705.51123 -24.568000000000005 -21.131999999999998
329.08581228585 47.96492723244 0.0104 0.0114 52.6074 "" "" 1976274539218402432 770.927185 1.2682 0.014 -7.449 -5.01 0.015 0.014 0.975 6022.7 4.1694 13.968033 0.912622 14.332365 13.419743 -19.44 4.9 763.335693 777.727234 48722.93903 8.4338 25262.0 16.355 33983.0 20.664 "" "" 0.002761722291663599 0.002877351 0.0038366124 0.006713963 329.08581228585 47.96492723244 770.927185 -7.449 -5.01
328.42378707313 47.81865250267 0.0108 0.0116 34.8274 "" "" 1976260589163436672 542.118591 1.8164 0.0136 14.483 4.575 0.015 0.014 1.0 5766.2 4.4384 13.969423 1.009168 14.386382 13.377214 43.49 4.06 538.465881 546.017883 48660.58555 7.0343 24036.0 16.43 35340.0 16.226 "" "" 0.0027597868479501456 0.0028871882 0.0038121168 0.006699305 328.42378707313 47.81865250267 542.118591 14.483 4.575000000000001
328.54804833546 46.62256575956 0.0101 0.0114 37.8948 "" "" 1974468144689669760 644.912598 1.5224 0.0137 -31.635 -14.763 0.013 0.015 0.99 5716.8 4.269 13.970002 1.090041 14.431574 13.341533 -37.19 4.23 639.460815 650.937134 48634.64129 6.4124 23056.0 15.508 36521.0 16.513 "" "" 0.0027590364379452745 0.002884159 0.003811132 0.006695291 328.54804833546 46.62256575956 644.912598 -31.635000000000005 -14.763
328.24222480944 46.55491082417 0.0103 0.0105 41.3668 "" "" 1974464536916926208 707.965637 1.3821 0.0132 1.678 1.116 0.013 0.013 0.969 5531.1 4.3189 13.976837 0.979273 14.373921 13.394649 -22.42 3.32 700.867798 714.336121 48329.43288 7.5243 24314.0 25.213 34778.0 38.527 "" "" 0.0027605004094617214 0.003008763 0.003966157 0.0069749197 328.24222480944 46.55491082417 707.965637 1.678 1.116
328.58036157199 46.87386995077 0.0109 0.0119 23.841 "" "" 1974475841271179904 730.902832 1.34 0.0143 0.436 -3.599 0.015 0.016 0.998 5659.3 4.2926 13.977636 0.948844 14.363272 13.414428 -5.15 6.06 722.332336 740.268799 48293.91059 11.681 24553.0 28.152 34150.0 26.064 "" "" 0.0027678066464449647 0.003055288 0.00386916 0.006924448 328.58036157199 46.87386995077 730.902832 0.43600000000000005 -3.599000000000001
329.34824458909 46.91818678295 0.0099 0.0108 44.9776 "" "" 1975965645167739904 734.756165 1.3332 0.0127 -6.547 -9.029 0.013 0.014 1.097 5819.6 4.2386 13.97905 1.052523 14.421607 13.369084 -31.47 2.48 726.270508 741.042847 48231.07561 7.0262 23269.0 12.719 35606.0 15.607 "" "" 0.002759856233855598 0.0028525877 0.0038092274 0.006661815 329.34824458909 46.91818678295 734.756165 -6.547 -9.029
328.7282915133 47.16898064193 0.0112 0.0122 15.8385 "" "" 1976029897879950464 686.400696 1.4225 0.0145 -8.032 -5.748 0.016 0.016 0.973 5392.4 4.3254 13.979547 1.059026 14.423247 13.364222 -27.87 3.25 677.872375 693.49707 48209.00136 7.1209 23234.0 21.246 35766.0 29.105 "" "" 0.0027599834926924837 0.0029615487 0.0038812824 0.006842831 328.7282915133 47.16898064193 686.400696 -8.031999999999998 -5.748000000000001
329.19582303738 47.10586536518 0.0107 0.0109 35.2631 "" "" 1975983271713446400 716.609436 1.3675 0.0135 -7.56 -11.269 0.014 0.013 0.939 5701.8 4.2808 13.980389 1.036321 14.412186 13.375865 -13.96 3.83 709.90741 723.642517 48171.6172 7.9199 23472.0 16.437 35384.0 15.552 "" "" 0.002761096483231872 0.0028919086 0.0038093897 0.006701298 329.19582303738 47.10586536518 716.609436 -7.5600000000000005 -11.268999999999998
328.73326120408 47.98691654154 0.0229 0.0251 47.3602 "" "" 1976266189801323136 750.660034 1.3043 0.028 8.032 1.029 0.033 0.032 2.478 5405.4 4.259 13.980536 1.042245 14.41031 13.368065 -28.42 3.92 734.157654 766.823059 48165.06724 13.513 23512.0 21.886 35640.0 22.936 "" "" 0.002772106876976905 0.0029675686 0.003843428 0.0068109967 328.73326120408 47.98691654154 750.660034 8.032 1.029
327.99475642672 47.97370437161 0.0107 0.011 46.3542 "" "" 1976323845443787776 784.681824 1.2431 0.0135 4.864 9.772 0.014 0.013 1.007 5952.1 4.1387 13.980933 0.968656 14.357562 13.388906 -44.55 3.54 776.649963 792.484863 48147.45628 9.8584 24683.0 43.67 34962.0 54.242 "" "" 0.002764274005806334 0.003387475 0.004137774 0.007525249 327.99475642672 47.97370437161 784.681824 4.864 9.772
327.96690881052 46.69705535156 0.0101 0.011 36.235 "" "" 1974493570897145088 638.776917 1.5371 0.0132 -13.806 -12.547 0.013 0.014 1.044 5450.2 4.3459 13.990872 1.012679 14.411922 13.399242 -5.93 2.71 634.196533 643.406555 47708.70688 7.2063 23477.0 16.477 34631.0 14.084 "" "" 0.0027601965148361207 0.0028923529 0.0038050883 0.0066974415 327.96690881052 46.69705535156 638.776917 -13.806 -12.547
328.56561775577 46.68250617849 0.0101 0.0115 34.5588 "" "" 1974469312920755456 625.911682 1.5665 0.0138 -3.407 -9.467 0.014 0.015 0.991 5692.4 4.3348 13.992077 1.049534 14.424871 13.375338 -29.68 5.15 620.874756 630.9245 47655.84342 10.271 23199.0 25.421 35402.0 39.928 "" "" 0.002765238989402407 0.0030332329 0.0039728116 0.0070060445 328.56561775577 46.68250617849 625.911682 -3.4069999999999996 -9.467000000000002
328.9658504998 47.17871677204 0.0187 0.0195 25.2046 "" "" 1976033540012465280 774.732788 1.2637 0.0243 -12.98 -7.229 0.026 0.024 1.746 5858.0 4.1192 13.993137 1.022915 14.418726 13.395811 -27.18 4.57 762.737183 788.538086 47609.30772 6.611 23331.0 16.143 34740.0 17.534 "" "" 0.0027594418621366863 0.0028895328 0.0038189036 0.0067084366 328.9658504998 47.17871677204 774.732788 -12.979999999999999 -7.229000000000001
328.18081964995 48.15297233888 0.0116 0.0131 55.2172 "" "" 1976326903460713216 561.770447 1.7542 0.0145 0.096 -7.584 0.016 0.017 1.043 5364.6 4.4133 13.997634 1.056497 14.444308 13.387812 4.69 2.98 557.062622 567.093506 47412.53961 7.0856 22787.0 16.893 34997.0 16.903 "" "" 0.0027600937039994524 0.0029039488 0.0038155885 0.006719537 328.18081964995 48.15297233888 561.770447 0.09600000000000009 -7.584
327.4398530695 47.1648733374 0.0115 0.0118 37.5414 "" "" 1974719795412036608 755.472229 1.2968 0.0147 2.765 2.188 0.016 0.016 1.032 5853.2 4.1365 14.01358 1.009154 14.431124 13.421969 -16.23 5.83 747.57666 763.813721 46721.26092 7.2003 23066.0 15.71 33913.0 16.342 "" "" 0.00276039616707801 0.0028865002 0.003815424 0.006701924 327.4398530695 47.1648733374 755.472229 2.7650000000000006 2.1880000000000006
329.23270877486 47.84217478397 0.0107 0.0118 50.7078 "" "" 1976084839103051648 645.247375 1.5195 0.0141 4.606 4.717 0.015 0.014 1.097 5330.0 4.3582 14.016258 1.011845 14.437989 13.426145 -55.44 5.41 640.154114 650.369202 46606.18121 6.3936 22920.0 17.392 33783.0 14.065 "" "" 0.0027593430464786456 0.0029092631 0.003806318 0.006715581 329.23270877486 47.84217478397 645.247375 4.606 4.716999999999999
329.23755640602 47.8876788 0.0103 0.0111 52.8099 "" "" 1976085148340680960 538.907288 1.8269 0.0135 8.145 0.486 0.014 0.013 0.942 5392.5 4.427 14.026591 1.075816 14.479259 13.403443 -16.24 4.45 535.740662 542.237488 46164.7221 6.6132 22065.0 14.924 34497.0 19.03 "" "" 0.0027597065558984863 0.0028851905 0.003826546 0.0067117363 329.23755640602 47.8876788 538.907288 8.145000000000001 0.4859999999999999
328.92383231152 46.80121994525 0.0099 0.0113 35.1638 "" "" 1975960456846677632 651.664001 1.5045 0.013 15.306 5.652 0.013 0.013 0.991 5418.3 4.3645 14.029104 1.052207 14.472142 13.419935 -46.27 3.97 646.119751 656.92749 46057.99022 5.9909 22211.0 17.8 33977.0 15.336 "" "" 0.0027589370936122654 0.0029226951 0.003811022 0.0067337174 328.92383231152 46.80121994525 651.664001 15.305999999999997 5.651999999999999
