Clusters/IC_5146/IC_5146_members.tsv
# %ECSV 1.0
# ---
# datatype:
# - name: RA_ICRS_1
#   unit: deg
#   datatype: float64
#   format: '{:15.11f}'
#   description: Right ascension (ICRS) at Ep=2016.0 (ra)
#   meta: !!omap
#   - {ucd: POS_EQ_RA_MAIN}
#   - {width: 15}
#   - {precision: '11'}
# - name: DE_ICRS_1
#   unit: deg
#   datatype: float64
#   format: '{:15.11f}'
#   description: Declination (ICRS) at Ep=2016.0 (dec)
#   meta: !!omap
#   - {ucd: POS_EQ_DEC_MAIN}
#   - {width: 15}
#   - {precision: '11'}
# - name: e_RA_ICRS
#   unit: mas
#   datatype: float64
#   format: '{:7.4f}'
#   description: Standard error of right ascension (ra_error)
#   meta: !!omap
#   - {ucd: ERROR}
#   - {width: 7}
#   - {precision: '4'}
# - name: e_DE_ICRS
#   unit: mas
#   datatype: float64
#   format: '{:7.4f}'
#   description: Standard error of declination (dec_error)
#   meta: !!omap
#   - {ucd: ERROR}
#   - {width: 7}
#   - {precision: '4'}
# - name: _r_1
#   unit: ''
#   datatype: float64
#   format: '{:7.4f}'
#   description: Distance from center (328.35411002000+47.24010505000)[ICRS], at Epoch=J2016.0
#   meta: !!omap
#   - {ucd: POS_ANG_DIST_GENERAL}
#   - {width: 7}
#   - {precision: '4'}
# - name: HIP
#   datatype: int32
#   description: '? HIP cross-id number, van Leeuwen, Cat. I/311 (hip_original_ext_source_id)'
#   meta: !!omap
#   - {ucd: ID_NUMBER}
#   - {width: 6}
#   - values: {'null': -2147483648}
# - name: TYC2
#   datatype: string
#   description: Tycho-2 cross-id name, Hog et al., Cat. I/259 (tyc2_original_ext_source_id)
#   meta: !!omap
#   - {ucd: ID_CROSSID}
#   - {_votable_string_dtype: char}
# - name: Source
#   datatype: int64
#   description: Source identifier, identical to the Gaia-EDR3 source_id (id)
#   meta: !!omap
#   - {ucd: ID_MAIN}
#   - {width: 19}
# - name: rgeo
#   unit: pc
#   datatype: float64
#   format: '{:15.8f}'
#   description: '? Median of the geometric distance posterior (r_med_geo)'
#   meta: !!omap
#   - {ucd: PHYS_DISTANCE_TRUE}
#   - {width: 15}
#   - {precision: '8'}
#   - values: {'null': .nan}
# - name: Plx
#   unit: mas
#   datatype: float64
#   format: '{:9.4f}'
#   description: '? Parallax (parallax)'
#   meta: !!omap
#   - {ucd: POS_PARLX_TRIG}
#   - {width: 9}
#   - {precision: '4'}
#   - values: {'null': .nan}
# - name: e_Plx
#   unit: mas
#   datatype: float32
#   format: '{:7.4f}'
#   description: '? Standard error of parallax (parallax_error)'
#   meta: !!omap
#   - {ucd: ERROR}
#   - {width: 7}
#   - {precision: '4'}
#   - values: {'null': .nan}
# - name: pmRA
#   unit: mas / yr
#   datatype: float64
#   format: '{:9.3f}'
#   description: '? Proper motion in right ascension direction, pmRA*cosDE (pmra)'
#   meta: !!omap
#   - {ucd: POS_EQ_PMRA}
#   - {width: 9}
#   - {precision: '3'}
#   - values: {'null': .nan}
# - name: pmDE
#   unit: mas / yr
#   datatype: float64
#   format: '{:9.3f}'
#   description: '? Proper motion in declination direction (pmdec)'
#   meta: !!omap
#   - {ucd: POS_EQ_PMDEC}
#   - {width: 9}
#   - {precision: '3'}
#   - values: {'null': .nan}
# - name: e_pmRA
#   unit: mas / yr
#   datatype: float32
#   format: '{:6.3f}'
#   description: '? Standard error of proper motion in right ascension direction (pmra_error)'
#   meta: !!omap
#   - {ucd: ERROR}
#   - {width: 6}
#   - {precision: '3'}
#   - values: {'null': .nan}
# - name: e_pmDE
[...]
#       distance: !astropy.table.SerializedColumn
#         __class__: astropy.coordinates.distances.Distance
#         unit: !astropy.units.Unit {unit: pc}
#         value: !astropy.table.SerializedColumn {name: SkyCoord.distance}
#       frame: icrs
#       obstime: !astropy.time.Time {format: jyear_str, in_subfmt: '*', jd1: 367701545.0, jd2: 0.0, out_subfmt: '*', precision: 3, scale: tt}
#       pm_dec: !astropy.table.SerializedColumn
#         __class__: astropy.units.quantity.Quantity
#         unit: !astropy.units.Unit {unit: mas / yr}
#         value: !astropy.table.SerializedColumn {name: SkyCoord.pm_dec}
#       pm_ra_cosdec: !astropy.table.SerializedColumn
#         __class__: astropy.units.quantity.Quantity
#         unit: !astropy.units.Unit {unit: mas / yr}
#         value: !astropy.table.SerializedColumn {name: SkyCoord.pm_ra_cosdec}
#       ra: !astropy.table.SerializedColumn
#         __class__: astropy.coordinates.angles.Longitude
#         unit: *id001
#         value: !astropy.table.SerializedColumn {name: SkyCoord.ra}
#         wrap_angle: !astropy.coordinates.Angle
#           unit: *id001
#           value: 360.0
#       representation_type: spherical
# schema: astropy-2.0
RA_ICRS_1 DE_ICRS_1 e_RA_ICRS e_DE_ICRS _r_1 HIP TYC2 Source rgeo Plx e_Plx pmRA pmDE e_pmRA e_pmDE RUWE Teff logg Gmag BP-RP BPmag RPmag RV e_RV b_rgeo B_rgeo FG e_FG FBP e_FBP FRP e_FRP RAVE5 RAVE6 e_Gmag e_BPmag e_RPmag e_BP-RP SkyCoord.ra SkyCoord.dec SkyCoord.distance SkyCoord.pm_ra_cosdec SkyCoord.pm_dec rmRA rmDE e_rmRA e_rmDE rRV e_rRV v_pec v_pec3d e_vpec e_vpec3d Pmemb
328.37019845744 47.26660707308 0.0095 0.0094 1.7198 "" 3608-1446-1 1974546106933956608 756.808655 1.2981 0.012 -3.167 -2.712 0.012 0.011 1.037 "" "" 9.417656 1.188062 9.811889 8.623827 "" "" 750.277588 764.245972 3220211.48203 909.44 1624300.0 7040.2 2816000.0 4225.3 "" "" 0.002772329536733664 0.0054708845 0.004115545 0.009586429 328.37019845744 47.26660707308 756.808655 -3.166999999999999 -2.7120000000000015 -0.20380849075317364 -0.05395733070373554 0.3448855 0.3438855 "" "" 0.7563048189270047 "" 0.26078909472727285 "" 1.0
328.14205944194 47.22876486609 0.0099 0.0099 8.6657 107983 3608-755-1 1974732783388041216 756.27832 1.3001 0.0123 -3.192 -3.256 0.013 0.012 0.978 "" "" 10.010234 0.67308 10.247863 9.574782 "" "" 749.395264 763.495361 1865749.57628 1270.6 1087100.0 1961.1 1172900.0 2955.8 "" "" 0.002852806104223719 0.0034090055 0.004665854 0.008074859 328.14205944194 47.22876486609 756.27832 -3.192000000000001 -3.256000000000001 -0.228808490753174 -0.5979573307037351 0.34588552 0.3448855 "" "" 2.2951035583195716 "" 0.7918414410061737 "" 1.0
328.42831136579 47.25769409183 0.019 0.0182 3.2011 "" 3608-481-1 1974545625901684352 771.551697 1.2705 0.0225 -2.464 -2.581 0.025 0.02 1.867 "" "" 12.054384 0.701397 12.317435 11.616038 "" "" 759.103271 786.093872 283918.186 38.834 161600.0 85.646 178950.0 46.57 "" "" 0.002759319364954623 0.0028488883 0.003789929 0.0066388175 328.42831136579 47.25769409183 771.551697 -2.4640000000000004 -2.5809999999999995 0.4991915092468262 0.07704266929626469 0.3578855 0.3528855 "" "" 1.8472352603804532 "" 0.6608853189622088 "" 1.0
328.80654831641 47.16143799465 0.0073 0.0079 19.0384 "" "" 1976028214252785280 764.378967 1.2918 0.0094 -2.722 -2.757 0.01 0.01 0.957 6081.0 3.8878 12.312522 0.918813 12.686646 11.767834 -5.8 3.14 757.937988 770.203796 223840.22475 26.651 115020.0 52.623 155610.0 42.566 "" "" 0.0027583510082016807 0.0028340423 0.0037910333 0.006625076 328.80654831641 47.16143799465 764.378967 -2.722 -2.7569999999999997 0.2411915092468262 -0.09895733070373547 0.3428855 0.3428855 2.2672727272727284 4.4336 0.9445666284018295 2.4561619928915754 0.32387819521478306 4.094532200859438 1.0
328.35461837998 47.23338117784 0.0123 0.0124 0.404 "" "" 1974545900779588736 760.21228 1.2938 0.0156 -3.087 -2.385 0.016 0.014 1.142 "" "" 12.940945 0.995888 13.32728 12.331392 "" "" 749.529846 770.200317 125478.348 27.729 63754.0 43.311 92598.0 64.168 "" "" 0.002765747128806856 0.0028860157 0.0038535455 0.0067395614 328.35461837998 47.23338117784 760.21228 -3.0870000000000006 -2.385 -0.12380849075317402 0.27304266929626486 0.3488855 0.3468855 "" "" 1.080305998504513 "" 0.3751118470478911 "" 1.0
328.57823324187 47.20267472965 0.0107 0.0111 9.4051 "" "" 1976042404824692736 786.101135 1.2482 0.0135 -2.682 -2.401 0.014 0.013 1.215 "" "" 13.046227 1.050835 13.477245 12.426411 "" "" 777.659302 793.910889 113882.16981 45.854 55529.0 73.441 84839.0 109.87 "" "" 0.00278978547776727 0.0031379987 0.004032464 0.007170463 328.57823324187 47.20267472965 786.101135 -2.6820000000000017 -2.4010000000000025 0.28119150924682623 0.25704266929626485 0.3468855 0.34588552 "" "" 1.419546829286001 "" 0.49177452051526077 "" 1.0
328.43850482834 47.20974468564 0.0106 0.0104 3.8915 "" "" 1974542361726544384 756.512329 1.2873 0.0125 -2.827 -2.912 0.013 0.012 1.134 "" "" 13.476866 1.762752 14.305456 12.542704 14.98 2.59 749.604858 762.879639 76595.02682 20.666 25896.0 27.534 76221.0 43.128 "" "" 0.002770848938108165 0.0030195557 0.003828987 0.006848543 328.43850482834 47.20974468564 756.512329 -2.827 -2.912 0.13619150924682621 -0.2539573307037353 0.34588552 0.3448855 23.047272727272727 3.8835998 1.0333428446570943 23.070426471998587 0.35661603003149184 3.879735014180444 1.0
328.3613829669 47.30207865971 0.0098 0.0096 3.7302 "" "" 1974546381815916416 763.253113 1.2806 0.0124 -2.741 -2.425 0.012 0.011 1.046 6718.4 3.8621 13.594463 1.490783 14.274405 12.783622 -14.66 4.13 755.222961 770.035034 68732.36949 15.538 26647.0 26.634 61053.0 37.575 "" "" 0.0027662309628772885 0.0029937804 0.0038379992 0.0068317796 328.3613829669 47.30207865971 763.253113 -2.741 -2.424999999999997 0.22219150924682607 0.23304266929626483 0.3448855 0.3438855 -6.592727272727272 5.4236 1.1649039875436227 6.694852813375138 0.40114871854799306 5.3413228600425136 1.0
328.37141786269 47.24551930242 0.0197 0.0196 0.7763 "" "" 1974546003858802944 715.421143 1.369 0.0242 -2.874 -2.58 0.027 0.023 1.84 6443.1 3.8373 13.933989 1.763424 14.781462 13.018038 -12.98 9.77 702.761719 727.064636 50274.92727 57.704 16704.0 78.705 49198.0 157.86 "" "" 0.0030240270431031724 0.00582714 0.005140073 0.010967214 328.37141786269 47.24551930242 715.421143 -2.874 -2.58 0.08919150924682606 0.07804266929626458 0.3598855 0.3558855 -4.912727272727272 11.063601 0.4018954581963849 4.929138790449831 0.14394146276757036 11.026770639771376 1.0
328.1432958545 47.22975569107 0.0273 0.0266 8.6109 "" "" 1974732813464317696 779.64447 1.2566 0.0326 -2.634 -3.032 0.036 0.033 1.592 5356.2 3.5373 14.059998 1.648526 14.751121 13.102595 0.51 6.15 761.132446 801.816711 44765.94984 60.47 17178.0 306.94 45511.0 318.86 "" "" 0.003121338225405287 0.019599771 0.00849404 0.028093811 328.1432958545 47.22975569107 779.64447 -2.634 -3.032 0.3291915092468263 -0.3739573307037354 0.36888552 0.3658855 8.577272727272728 7.4436 1.8411347483561922 8.772649804911921 0.676061543175555 7.279205534543972 0.9
328.37657689974 47.22048325487 0.0136 0.0131 1.4913 "" "" 1974545179225087360 747.996338 1.3039 0.0157 -3.575 -2.965 0.017 0.015 1.016 5660.6 3.5876 14.241409 2.051715 15.294228 13.242513 "" "" 738.192932 757.972961 37877.63984 163.09 10417.0 216.09 40009.0 662.21 "" "" 0.005426427597379012 0.022694653 0.018363709 0.04105836 328.37657689974 47.22048325487 747.996338 -3.575000000000001 -2.9649999999999967 -0.611808490753174 -0.3069573307037352 0.3498855 0.3478855 "" "" 2.4268763116076513 "" 0.8481549460296663 "" 0.9
328.38993020984 47.28459843181 0.0143 0.0141 3.0421 "" "" 1974546484895135104 745.975952 1.2983 0.0177 -3.135 -1.946 0.019 0.017 1.06 "" "" 14.684779 2.288826 15.884826 13.596 -9.09 3.25 734.857483 758.502869 25178.80569 8.1312 6046.3 10.618 28891.0 36.593 "" "" 0.002777539886700287 0.0033794183 0.004021797 0.007401215 328.38993020984 47.28459843181 745.975952 -3.1350000000000002 -1.946000000000001 -0.17180849075317361 0.7120426692962647 0.3518855 0.3498855 -1.0227272727272716 4.5436 2.5899853585081125 2.784599653750348 0.9064840645232058 1.869671335173748 1.0
328.41068838993 47.28600384338 0.0324 0.0308 3.5905 "" "" 1974546450535495680 661.391479 1.4733 0.0392 -2.399 -2.813 0.042 0.036 2.129 "" "" 14.809831 2.576536 16.160559 13.584022 -15.51 4.79 645.638245 678.005249 22439.56159 31.057 4690.2 35.053 29211.0 157.1 "" "" 0.0031384497765637805 0.008580738 0.00695558 0.015536318 328.41068838993 47.28600384338 661.391479 -2.399000000000001 -2.8129999999999997 0.5641915092468262 -0.15495733070373552 0.3748855 0.36888552 -7.4427272727272715 6.0836 1.8342372355799768 7.66541685054286 0.6868627367711035 5.909150316048477 1.0
328.05552273746 47.47799656409 0.0161 0.0176 18.7352 "" "" 1974750994055390720 703.567322 1.3957 0.0208 -3.709 -2.567 0.021 0.024 1.075 5305.1 4.4527 14.91506 1.10439 15.379246 14.274856 "" "" 695.577209 714.194275 20366.7949 4.7504 9632.0 12.439 15460.0 17.132 "" "" 0.002766933275150767 0.003122669 0.0039662723 0.0070889415 328.05552273746 47.47799656409 703.567322 -3.7090000000000023 -2.5669999999999984 -0.7458084907531739 0.09104266929626448 0.3538855 0.3568855 "" "" 2.50566675756655 "" 0.8868299692115426 "" 0.9
328.2868436044 47.11833102349 0.016 0.0169 7.8045 "" "" 1974542739683523584 732.867798 1.3324 0.0204 -2.628 -2.885 0.021 0.019 1.033 "" "" 15.018785 1.644342 15.792912 14.148569 15.1 8.26 722.786438 742.784607 18511.11036 35.812 6580.4 46.594 17367.0 82.543 "" "" 0.0034646563752848865 0.008178465 0.0063963276 0.014574792 328.2868436044 47.11833102349 732.867798 -2.6279999999999992 -2.885 0.33519150924682606 -0.22695733070373514 0.3538855 0.3518855 23.167272727272728 9.5536 1.4061912863976826 23.209909511968707 0.49674836239863496 9.536097764460388 1.0
328.42245548195 47.11819882384 0.0192 0.0195 7.8275 "" "" 1974540746818849792 777.208801 1.2544 0.0243 -2.832 -3.182 0.027 0.023 1.218 7955.7 3.9957 15.070182 2.022727 16.083864 14.061137 -18.06 8.02 762.420349 789.294495 17655.25435 11.222 5033.5 15.363 18824.0 29.484 "" "" 0.0028404306404600393 0.004332034 0.0041443603 0.008476394 328.42245548195 47.11819882384 777.208801 -2.8319999999999994 -3.1819999999999995 0.13119150924682632 -0.5239573307037353 0.3598855 0.3558855 -9.99272727272727 9.313601 1.9898296550597172 10.188916547075184 0.708623571721152 9.135313903103597 1.0
328.38791746836 47.26921988197 0.0181 0.0177 2.2242 "" "" 1974546416175660544 734.373596 1.3234 0.0221 -3.182 -1.885 0.024 0.021 1.042 4974.4 3.5981 15.180546 2.425981 16.487122 14.06114 -14.31 11.37 720.617432 746.512939 15948.81361 11.331 3471.9 12.012 18824.0 41.568 "" "" 0.0028612593384371 0.004679276 0.0044757207 0.009154997 328.38791746836 47.26921988197 734.373596 -3.182 -1.884999999999999 -0.21880849075317377 0.7730426692962646 0.3568855 0.3538855 -6.242727272727272 12.6636 2.796624390265768 6.840522771095954 0.9903095731574735 11.564013542301137 1.0
328.37337680296 47.23171175292 0.0194 0.0187 0.9326 "" "" 1974545247944562048 749.178589 1.3008 0.0227 -3.609 -2.789 0.025 0.022 0.96 5069.4 4.1184 15.201961 1.996227 16.19944 14.203213 "" "" 739.776306 763.524292 15637.31194 34.802 4525.2 32.593 16515.0 103.71 "" "" 0.0036647937361601424 0.008302927 0.007795566 0.016098494 328.37337680296 47.23171175292 749.178589 -3.6090000000000004 -2.7889999999999993 -0.6458084907531738 -0.1309573307037355 0.3578855 0.35488552 "" "" 2.3400105998128082 "" 0.8371797415838713 "" 1.0
328.26658839138 47.39185118996 0.0191 0.0196 9.7761 "" "" 1974738418391182592 738.111816 1.3136 0.0237 -2.861 -2.405 0.025 0.023 1.091 5550.4 4.0666 15.357636 2.25045 16.515106 14.264656 "" "" 725.32196 750.846802 13548.52518 52.178 3383.6 51.781 15606.0 165.3 "" "" 0.005007567728641639 0.016848227 0.012105305 0.028953532 328.26658839138 47.39185118996 738.111816 -2.860999999999999 -2.4049999999999967 0.10219150924682596 0.25304266929626484 0.3578855 0.3558855 "" "" 0.9547770170040321 "" 0.34005971642734517 "" 1.0
328.46190244936 47.06310890262 0.019 0.0188 11.4945 "" "" 1974528583471481344 735.517883 1.3336 0.0237 -2.257 -2.071 0.026 0.022 1.052 4864.4 4.3695 15.448251 1.277039 16.011047 14.734009 "" "" 724.316345 747.886658 12463.68927 3.0187 5382.7 10.798 10129.0 10.956 "" "" 0.0027678402938532067 0.0035396244 0.0039576385 0.007497263 328.46190244936 47.06310890262 735.517883 -2.2569999999999997 -2.070999999999998 0.706191509246826 0.5870426692962645 0.3588855 0.35488552 "" "" 3.2016157330756565 "" 1.143797534755382 "" 1.0
328.15507211906 47.3364123921 0.0203 0.0201 9.9503 "" "" 1974736700404138624 747.587585 1.3032 0.0247 -3.429 -2.406 0.026 0.026 1.022 "" "" 15.552942 1.934857 16.511461 14.576604 "" "" 732.886963 761.653687 11318.00084 16.65 3394.9 20.16 11709.0 50.938 "" "" 0.003184799685207397 0.007025285 0.0060492465 0.013074532 328.15507211906 47.3364123921 747.587585 -3.4290000000000003 -2.405999999999999 -0.46580849075317365 0.2520426692962645 0.3588855 0.3588855 "" "" 1.8767620877070634 "" 0.6735426943249676 "" 0.9
328.34372154743 47.23816693747 0.0234 0.0227 0.4389 "" "" 1974545900779586688 726.011353 1.3418 0.0284 -3.317 -2.893 0.031 0.027 1.068 "" "" 15.640111 2.155493 16.735975 14.580483 "" "" 711.995178 739.807251 10444.8502 30.134 2760.7 32.263 11667.0 93.83 "" "" 0.00417178557972656 0.012991642 0.00951468 0.022506323 328.34372154743 47.23816693747 726.011353 -3.3169999999999997 -2.8930000000000016 -0.353808490753174 -0.23495733070373515 0.3638855 0.3598855 "" "" 1.4615794900019698 "" 0.5300652281911065 "" 1.0
328.48958171368 46.9956301558 0.0214 0.0208 15.6767 "" "" 1974527449600010240 766.314148 1.2788 0.0269 -2.708 -2.836 0.03 0.026 1.145 4715.1 4.1392 15.646198 1.873467 16.573847 14.700379 "" "" 752.141846 779.515137 10386.46104 170.32 3205.4 190.3 10447.0 490.94 "" "" 0.018016137170102805 0.06451896 0.051162213 0.11568117 328.48958171368 46.9956301558 766.314148 -2.707999999999999 -2.8360000000000003 0.255191509246826 -0.1779573307037352 0.3628855 0.3588855 "" "" 1.1300660707732875 "" 0.40861113142955235 "" 1.0
328.36001781205 47.26195972865 0.0225 0.0221 1.3332 "" "" 1974546072578275840 714.817261 1.3644 0.0277 -2.965 -2.348 0.03 0.026 1.041 5173.7 3.6903 15.656622 2.527058 17.025187 14.498129 "" "" 701.644531 727.468811 10287.21631 14.053 2115.2 17.08 12587.0 40.355 "" "" 0.003129157841874103 0.009200477 0.0051381737 0.014338651 328.36001781205 47.26195972865 714.817261 -2.9650000000000007 -2.348 -0.001808490753173686 0.3100426692962648 0.3628855 0.3588855 "" "" 1.0505149279460344 "" 0.3770147156336983 "" 1.0
328.36555997203 47.25317880806 0.0233 0.0227 0.9126 "" "" 1974546003858801152 759.482971 1.2736 0.0283 -3.005 -2.858 0.031 0.028 1.099 "" "" 15.667751 2.315092 16.883636 14.568544 "" "" 743.955627 781.763367 10182.30852 13.334 2409.7 17.086 11796.0 39.484 "" "" 0.00310053291735689 0.008188453 0.00524321 0.013431663 328.36555997203 47.25317880806 759.482971 -3.0049999999999977 -2.8580000000000023 -0.04180849075317372 -0.19995733070373545 0.3638855 0.3608855 "" "" 0.7354026231087304 "" 0.26548892137122415 "" 1.0
328.12815000034 47.23509923593 0.0246 0.0232 9.21 "" "" 1974732852113453312 767.875427 1.2612 0.0283 -2.831 -3.161 0.033 0.029 1.144 "" "" 15.743976 2.331748 16.980494 14.648746 "" "" 748.891846 786.492188 9491.97239 125.59 2204.0 112.59 10956.0 404.5 "" "" 0.014627420300635534 0.055534307 0.040263593 0.0957979 328.12815000034 47.23509923593 767.875427 -2.831 -3.1609999999999996 0.1321915092468262 -0.5029573307037354 0.3658855 0.3618855 "" "" 1.8928016872294942 "" 0.6854692060434004 "" 1.0
328.32143459705 47.28852568855 0.0242 0.0239 3.1954 "" "" 1974733917265469568 778.03363 1.2568 0.0302 -2.955 -2.525 0.032 0.029 1.022 5039.3 4.1669 15.866993 2.140954 16.96393 14.822976 "" "" 759.331909 794.966736 8475.19456 9.7208 2237.9 11.831 9331.8 35.387 "" "" 0.00302367001662493 0.006382133 0.005588839 0.011970972 328.32143459705 47.28852568855 778.03363 -2.9549999999999996 -2.5250000000000004 0.0081915092468261 0.13304266929626474 0.3648855 0.3618855 "" "" 0.4915744419496415 "" 0.17789924932804616 "" 1.0
328.37031625553 47.27040872053 0.0285 0.0255 1.9343 "" "" 1974546106938013824 745.230225 1.2978 0.0335 -3.306 -2.59 0.039 0.03 1.053 5842.2 3.4895 15.937127 2.737436 17.37005 14.632614 "" "" 724.754578 763.487671 7945.03797 130.29 1539.6 97.769 11120.0 504.72 "" "" 0.01801682621815128 0.06900378 0.049424633 0.11842842 328.37031625553 47.27040872053 745.230225 -3.306000000000001 -2.589999999999999 -0.3428084907531739 0.06804266929626479 0.3718855 0.3628855 "" "" 1.23455667953508 "" 0.4586975004097973 "" 0.9
328.35759830321 47.26426707585 0.0263 0.0257 1.4567 "" "" 1974546072578275584 743.056091 1.2986 0.0321 -2.965 -2.848 0.036 0.031 1.039 4954.5 3.4656 15.99156 2.935901 17.684092 14.748191 "" "" 725.483398 759.183777 7556.53457 47.217 1152.9 23.683 9997.3 175.78 "" "" 0.007322393452251971 0.022477163 0.01946074 0.041937903 328.35759830321 47.26426707585 743.056091 -2.9650000000000003 -2.848 -0.001808490753173686 -0.18995733070373522 0.36888552 0.3638855 "" "" 0.6690763511480691 "" 0.24346748256362363 "" 1.0
328.15246221917 47.24353289662 0.0269 0.026 8.2166 "" "" 1974732817753715712 739.177979 1.3029 0.0328 -2.866 -2.991 0.037 0.035 1.04 5274.2 4.0894 16.01485 2.663566 17.47465 14.811084 "" "" 720.808411 758.692566 7396.16168 12.319 1398.2 12.542 9434.6 54.582 "" "" 0.003295767434855965 0.010130963 0.0073306607 0.017461624 328.15246221917 47.24353289662 739.177979 -2.865999999999999 -2.9910000000000023 0.09719150924682607 -0.33295733070373545 0.3698855 0.3678855 "" "" 1.215268949851568 "" 0.44727114349383407 "" 1.0
