Clusters/IC_5146/IC_5146_stars_in_region.tsv
# %ECSV 1.0
# ---
# datatype:
# - name: RA_ICRS_1
#   unit: deg
#   datatype: float64
#   format: '{:15.11f}'
#   description: Right ascension (ICRS) at Ep=2016.0 (ra)
#   meta: !!omap
#   - {ucd: POS_EQ_RA_MAIN}
#   - {width: 15}
#   - {precision: '11'}
# - name: DE_ICRS_1
#   unit: deg
#   datatype: float64
#   format: '{:15.11f}'
#   description: Declination (ICRS) at Ep=2016.0 (dec)
#   meta: !!omap
#   - {ucd: POS_EQ_DEC_MAIN}
#   - {width: 15}
#   - {precision: '11'}
# - name: e_RA_ICRS
#   unit: mas
#   datatype: float64
#   format: '{:7.4f}'
#   description: Standard error of right ascension (ra_error)
#   meta: !!omap
#   - {ucd: ERROR}
#   - {width: 7}
#   - {precision: '4'}
# - name: e_DE_ICRS
#   unit: mas
#   datatype: float64
#   format: '{:7.4f}'
#   description: Standard error of declination (dec_error)
#   meta: !!omap
#   - {ucd: ERROR}
#   - {width: 7}
#   - {precision: '4'}
# - name: _r_1
#   unit: ''
#   datatype: float64
#   format: '{:7.4f}'
#   description: Distance from center (328.35411002000+47.24010505000)[ICRS], at Epoch=J2016.0
#   meta: !!omap
#   - {ucd: POS_ANG_DIST_GENERAL}
#   - {width: 7}
#   - {precision: '4'}
# - name: HIP
#   datatype: int32
#   description: '? HIP cross-id number, van Leeuwen, Cat. I/311 (hip_original_ext_source_id)'
#   meta: !!omap
#   - {ucd: ID_NUMBER}
#   - {width: 6}
#   - values: {'null': -2147483648}
# - name: TYC2
#   datatype: string
#   description: Tycho-2 cross-id name, Hog et al., Cat. I/259 (tyc2_original_ext_source_id)
#   meta: !!omap
#   - {ucd: ID_CROSSID}
#   - {_votable_string_dtype: char}
# - name: Source
#   datatype: int64
#   description: Source identifier, identical to the Gaia-EDR3 source_id (id)
#   meta: !!omap
#   - {ucd: ID_MAIN}
#   - {width: 19}
# - name: rgeo
#   unit: pc
#   datatype: float64
#   format: '{:15.8f}'
#   description: '? Median of the geometric distance posterior (r_med_geo)'
#   meta: !!omap
#   - {ucd: PHYS_DISTANCE_TRUE}
#   - {width: 15}
#   - {precision: '8'}
#   - values: {'null': .nan}
# - name: Plx
#   unit: mas
#   datatype: float64
#   format: '{:9.4f}'
#   description: '? Parallax (parallax)'
#   meta: !!omap
#   - {ucd: POS_PARLX_TRIG}
#   - {width: 9}
#   - {precision: '4'}
#   - values: {'null': .nan}
# - name: e_Plx
#   unit: mas
#   datatype: float32
#   format: '{:7.4f}'
#   description: '? Standard error of parallax (parallax_error)'
#   meta: !!omap
#   - {ucd: ERROR}
#   - {width: 7}
#   - {precision: '4'}
#   - values: {'null': .nan}
# - name: pmRA
#   unit: mas / yr
#   datatype: float64
#   format: '{:9.3f}'
#   description: '? Proper motion in right ascension direction, pmRA*cosDE (pmra)'
#   meta: !!omap
#   - {ucd: POS_EQ_PMRA}
#   - {width: 9}
#   - {precision: '3'}
#   - values: {'null': .nan}
# - name: pmDE
#   unit: mas / yr
#   datatype: float64
#   format: '{:9.3f}'
#   description: '? Proper motion in declination direction (pmdec)'
#   meta: !!omap
#   - {ucd: POS_EQ_PMDEC}
#   - {width: 9}
#   - {precision: '3'}
#   - values: {'null': .nan}
# - name: e_pmRA
#   unit: mas / yr
#   datatype: float32
#   format: '{:6.3f}'
#   description: '? Standard error of proper motion in right ascension direction (pmra_error)'
#   meta: !!omap
#   - {ucd: ERROR}
#   - {width: 6}
#   - {precision: '3'}
#   - values: {'null': .nan}
# - name: e_pmDE
[...]
#         unit: &id001 !astropy.units.Unit {unit: deg}
#         value: !astropy.table.SerializedColumn {name: SkyCoord.dec}
#       distance: !astropy.table.SerializedColumn
#         __class__: astropy.coordinates.distances.Distance
#         unit: !astropy.units.Unit {unit: pc}
#         value: !astropy.table.SerializedColumn {name: SkyCoord.distance}
#       frame: icrs
#       obstime: !astropy.time.Time {format: jyear_str, in_subfmt: '*', jd1: 367701545.0, jd2: 0.0, out_subfmt: '*', precision: 3, scale: tt}
#       pm_dec: !astropy.table.SerializedColumn
#         __class__: astropy.units.quantity.Quantity
#         unit: !astropy.units.Unit {unit: mas / yr}
#         value: !astropy.table.SerializedColumn {name: SkyCoord.pm_dec}
#       pm_ra_cosdec: !astropy.table.SerializedColumn
#         __class__: astropy.units.quantity.Quantity
#         unit: !astropy.units.Unit {unit: mas / yr}
#         value: !astropy.table.SerializedColumn {name: SkyCoord.pm_ra_cosdec}
#       ra: !astropy.table.SerializedColumn
#         __class__: astropy.coordinates.angles.Longitude
#         unit: *id001
#         value: !astropy.table.SerializedColumn {name: SkyCoord.ra}
#         wrap_angle: !astropy.coordinates.Angle
#           unit: *id001
#           value: 360.0
#       representation_type: spherical
# schema: astropy-2.0
RA_ICRS_1 DE_ICRS_1 e_RA_ICRS e_DE_ICRS _r_1 HIP TYC2 Source rgeo Plx e_Plx pmRA pmDE e_pmRA e_pmDE RUWE Teff logg Gmag BP-RP BPmag RPmag RV e_RV b_rgeo B_rgeo FG e_FG FBP e_FBP FRP e_FRP RAVE5 RAVE6 e_Gmag e_BPmag e_RPmag e_BP-RP SkyCoord.ra SkyCoord.dec SkyCoord.distance SkyCoord.pm_ra_cosdec SkyCoord.pm_dec
[from data line 1124]
329.11617521579 47.45487983207 0.0322 0.0326 33.5533 "" "" 1976040858637150336 622.105835 1.5812 0.0392 2.187 -8.582 0.041 0.04 1.041 4206.8 4.5052 16.385412 1.808723 17.267761 15.459038 "" "" 608.549866 638.848022 5257.53548 2.2429 1691.7 6.7311 5194.5 8.5049 "" "" 0.0027939805449553354 0.0051427353 0.0041765794 0.009319315 329.11617521579 47.45487983207 622.105835 2.1870000000000003 -8.582
327.25151737558 47.72331153916 0.0404 0.0462 53.2862 "" "" 1977795365662908416 580.661316 1.6787 0.0524 -8.157 -22.433 0.055 0.054 1.51 4086.9 4.33 16.386929 1.647067 16.905775 15.258708 "" "" 564.766479 598.987976 5250.19499 4.162 2361.1 58.848 6247.1 111.19 "" "" 0.0028866227736752117 0.027204324 0.019690752 0.046895076 327.25151737558 47.72331153916 580.661316 -8.157 -22.433
328.75326248635 47.47060084595 0.0316 0.0317 21.3187 "" "" 1976055495885128192 654.977661 1.5105 0.0392 10.031 3.621 0.039 0.041 1.003 4337.4 4.6366 16.391108 1.699878 17.19102 15.491141 "" "" 641.527466 672.11438 5230.02599 2.3711 1815.6 6.6969 5043.1 10.903 "" "" 0.002798943064556614 0.0048809075 0.0044490052 0.009329913 328.75326248635 47.47060084595 654.977661 10.031000000000002 3.621
327.61442200632 47.0531383573 0.0573 0.0633 32.2018 "" "" 1974714778883403776 647.100952 1.5196 0.0658 -18.457 -12.332 0.079 0.076 1.292 "" "" 16.395449 "" "" "" "" "" 625.540771 671.259277 5209.1586 3.2981 "" "" "" "" "" "" 0.0028397767705160316 "" "" "" 327.61442200632 47.0531383573 647.100952 -18.456999999999997 -12.332
328.33027784321 47.95166924946 0.0923 0.1074 42.7047 "" "" 1976309311274800640 717.864807 1.3921 0.1185 4.307 8.642 0.129 0.134 2.741 4617.7 4.3955 16.399935 1.321954 16.94509 15.623136 "" "" 652.766541 797.521423 5187.67821 8.6449 2277.1 8.7533 4465.8 8.1082 "" "" 0.003296265469931197 0.0050203823 0.004262592 0.0092829745 328.33027784321 47.95166924946 717.864807 4.307 8.642
327.39036195018 47.10668957342 0.0344 0.0507 40.1148 "" "" 1974713679371219456 752.066528 1.304 0.05 6.171 1.071 0.049 0.08 0.955 "" "" 16.400038 "" "" "" "" "" 721.43042 787.842102 5187.1873 4.3805 "" "" "" "" "" "" 0.002903871918772045 "" "" "" 327.39036195018 47.10668957342 752.066528 6.1709999999999985 1.0709999999999997
327.21152438358 46.92704084033 0.0327 0.0338 50.3181 "" "" 1974710105965487232 606.256287 1.6335 0.0405 2.314 3.687 0.04 0.045 0.992 4546.4 4.3994 16.405025 1.72301 17.21024 15.487229 "" "" 591.594177 623.928467 5163.40801 14.669 1783.7 19.262 5061.3 35.485 "" "" 0.004135950511806263 0.0120521765 0.008498734 0.02055091 327.21152438358 46.92704084033 606.256287 2.314 3.6869999999999994
328.41233477849 47.33035006866 0.0344 0.0348 5.9106 "" "" 1974546828492514816 730.988098 1.3228 0.042 -2.644 -2.43 0.044 0.041 1.079 "" "" 16.417894 2.395593 17.624678 15.229085 "" "" 712.291748 753.360962 5102.56599 7.4386 1217.7 10.229 6419.8 30.333 "" "" 0.003177586320259487 0.0095377145 0.00637187 0.015909584 328.41233477849 47.33035006866 730.988098 -2.644 -2.4299999999999993
328.00802095308 47.39528456036 0.0313 0.0332 16.878 "" "" 1974749550946262016 540.491577 1.8356 0.0387 14.031 1.169 0.041 0.043 0.978 4316.2 4.665 16.423775 1.822874 17.31783 15.494955 "" "" 531.64563 550.57373 5075.00977 2.2338 1615.4 8.9131 5025.5 7.2554 "" "" 0.0027964570775922877 0.006608539 0.0040915487 0.010700088 328.00802095308 47.39528456036 540.491577 14.030999999999999 1.1689999999999994
328.86015034211 47.28475081477 0.0694 0.0646 20.7786 "" "" 1976032303061820928 734.046936 1.3415 0.0826 1.157 -4.123 0.087 0.083 2.166 4469.1 4.5751 16.42435 1.815157 17.268118 15.452961 "" "" 686.472534 789.428894 5072.31529 9.0158 1691.1 6.7084 5223.6 6.3541 "" "" 0.0033639395861698395 0.005131785 0.0040034996 0.009135284 328.86015034211 47.28475081477 734.046936 1.1570000000000005 -4.123000000000001
328.51300307249 47.71609886907 0.0297 0.0324 29.2775 "" "" 1976244440086489856 683.220154 1.4415 0.0375 -1.153 3.652 0.043 0.04 0.985 4554.4 4.5661 16.425558 1.603836 17.186146 15.58231 "" "" 663.981445 697.937012 5066.67747 2.3665 1823.7 10.596 4637.0 9.273 "" "" 0.0028015988859125566 0.006897811 0.0043586697 0.011256481 328.51300307249 47.71609886907 683.220154 -1.153 3.652000000000001
328.40922651541 47.24970734599 0.0381 0.0351 2.3178 "" "" 1974545591541945600 695.074097 1.3921 0.0452 -3.156 -2.568 0.051 0.041 1.019 "" "" 16.42665 2.181694 17.515924 15.33423 "" "" 678.487671 713.231812 5061.58936 37.655 1346.0 48.138 5827.3 101.26 "" "" 0.008534207796476732 0.038930107 0.019241475 0.05817158 328.40922651541 47.24970734599 695.074097 -3.156 -2.5680000000000005
327.69729963241 47.44183910091 0.0315 0.0356 29.3196 "" "" 1974793905066802688 628.322266 1.5696 0.0397 12.823 6.251 0.042 0.041 0.988 4438.8 4.5661 16.42778 1.807446 17.314598 15.507152 "" "" 613.649841 648.335388 5056.32384 2.2107 1620.2 6.5672 4969.3 8.156 "" "" 0.002795912995635407 0.0052108034 0.0041784244 0.009389227 327.69729963241 47.44183910091 628.322266 12.822999999999999 6.251000000000001
327.58318627005 47.12359173043 0.0339 0.0365 32.2063 "" "" 1974715981481116928 767.044922 1.2741 0.0442 0.969 -7.504 0.048 0.045 1.061 4497.0 4.4825 16.428621 1.588749 17.171944 15.583195 "" "" 740.337463 793.575073 5052.40452 2.2259 1847.7 9.7603 4633.2 7.7696 "" "" 0.0027965323889964956 0.0063779852 0.004195084 0.010573069 327.58318627005 47.12359173043 767.044922 0.9689999999999999 -7.504
328.82470811183 48.0061107841 0.0306 0.0322 49.7445 "" "" 1976289004667987328 781.513855 1.2511 0.0388 -5.207 -5.813 0.043 0.043 1.002 4533.7 4.4138 16.429478 1.517499 17.135086 15.617587 "" "" 759.252502 807.227051 5048.42206 2.214 1911.5 7.8887 4488.7 8.4363 "" "" 0.002796160009576265 0.0052785045 0.0042950828 0.009573587 328.82470811183 48.0061107841 781.513855 -5.206999999999999 -5.812999999999999
327.66951281051 46.98590019682 0.03 0.034 31.8444 "" "" 1974701928348188160 727.075073 1.3497 0.0385 6.293 4.916 0.04 0.04 0.963 4724.3 4.6238 16.429876 1.509234 17.133049 15.623815 "" "" 705.245667 754.044617 5046.56857 2.1194 1915.1 8.2495 4463.1 9.0334 "" "" 0.002792794772830313 0.0054459786 0.004371837 0.009817815 327.66951281051 46.98590019682 727.075073 6.293 4.916000000000001
328.53660326638 47.6524661226 0.0356 0.0386 25.826 "" "" 1976243271855139840 591.152039 1.6575 0.0442 -1.448 2.881 0.048 0.046 1.2 4420.2 4.6622 16.431305 1.733694 17.245981 15.512287 "" "" 574.530579 610.599243 5039.93234 2.4036 1725.9 7.6955 4945.9 11.857 "" "" 0.0028035523758870883 0.005587616 0.004588976 0.010176592 328.53660326638 47.6524661226 591.152039 -1.4479999999999995 2.8809999999999993
328.71554985274 47.09765978378 0.0313 0.0336 17.0414 "" "" 1976026629405211648 774.107971 1.282 0.0407 -5.451 -14.499 0.043 0.042 1.128 4848.8 4.6781 16.437624 1.430565 17.019936 15.589371 "" "" 748.774414 798.318909 5010.68705 2.7823 2125.4 24.449 4606.9 28.621 "" "" 0.002820505960981975 0.012797359 0.007731921 0.020529281 328.71554985274 47.09765978378 774.107971 -5.450999999999997 -14.498999999999999
328.74207482338 47.78677753091 0.0336 0.0355 36.3737 "" "" 1976251312034487552 759.229248 1.3026 0.0425 -7.065 -9.408 0.047 0.045 1.096 4477.2 4.4743 16.440622 1.536456 17.16208 15.625625 "" "" 737.299255 782.556152 4996.86501 2.1442 1864.6 7.7452 4455.6 8.9921 "" "" 0.00279443223268979 0.005303268 0.004368641 0.009671909 328.74207482338 47.78677753091 759.229248 -7.0649999999999995 -9.408
327.6867582711 47.00033934696 0.0327 0.0349 30.811 "" "" 1974701962707992448 676.49707 1.45 0.041 -15.656 -14.631 0.045 0.042 0.994 4589.8 4.664 16.443 1.644994 17.230068 15.585074 "" "" 659.917236 694.632019 4985.92967 2.1802 1751.4 6.9634 4625.2 8.1592 "" "" 0.00279592326105379 0.0051400065 0.004237001 0.009377007 327.6867582711 47.00033934696 676.49707 -15.656 -14.631
327.29884529614 47.53723840382 0.0303 0.0345 46.4252 "" "" 1974786556385448064 534.828857 1.8418 0.0391 -1.151 -10.01 0.042 0.048 0.969 4353.2 4.6006 16.443008 1.840281 17.348568 15.508286 "" "" 524.507507 543.775818 4985.89837 2.2109 1570.3 11.0 4964.1 9.8683 "" "" 0.0027970667149879854 0.00810126 0.0043522744 0.012453535 327.29884529614 47.53723840382 534.828857 -1.1510000000000002 -10.009999999999998
329.44543282638 46.73838014975 0.0303 0.0325 53.8625 "" "" 1975210040161661056 767.742249 1.2722 0.0389 1.716 -6.991 0.041 0.04 1.041 "" "" 16.447824 1.54681 17.168772 15.621962 "" "" 748.566711 790.111328 4963.83412 4.9027 1853.1 9.7296 4470.7 12.953 "" "" 0.0029566458410755477 0.0063468004 0.004917239 0.011264039 329.44543282638 46.73838014975 767.742249 1.7159999999999993 -6.991
328.70136917962 47.50191102314 0.0309 0.0331 21.1156 "" "" 1976050719881476480 705.596436 1.3826 0.04 -2.749 -2.573 0.039 0.042 0.992 3867.7 4.0436 16.448767 2.314416 17.673386 15.35897 "" "" 688.832214 728.822632 4959.52586 4.6302 1164.3 7.647 5696.0 13.184 "" "" 0.002935856965512608 0.0076574283 0.0045386297 0.012196058 328.70136917962 47.50191102314 705.596436 -2.748999999999999 -2.5729999999999995
329.06613129965 46.46527114527 0.044 0.0467 54.9076 "" "" 1975199285557028608 760.575806 1.2935 0.058 6.824 11.429 0.058 0.06 1.395 "" "" 16.451262 1.47103 17.031164 15.560134 "" "" 721.225647 789.386414 4948.14488 4.832 2103.5 72.664 4732.7 20.128 "" "" 0.002952274063143621 0.037609674 0.00596707 0.043576743 329.06613129965 46.46527114527 760.575806 6.823999999999996 11.428999999999998
328.12572858748 46.46640971772 0.2448 0.2301 47.3581 "" "" 1974440519459356032 752.097717 1.4756 0.2963 -4.264 -0.539 0.296 0.271 9.561 "" "" 16.460724 1.233068 16.844316 15.611248 "" "" 600.334106 937.034546 4905.20817 16.838 2498.6 6.8088 4515.0 9.1248 "" "" 0.0046348879365918074 0.0040667974 0.0043701883 0.008436985 328.12572858748 46.46640971772 752.097717 -4.264000000000001 -0.5390000000000001
327.88999722561 47.83014503946 0.0373 0.039 40.0845 "" "" 1974810019800016768 634.64386 1.5472 0.0478 27.317 1.935 0.05 0.047 1.296 4406.6 4.5284 16.461834 1.624194 17.194536 15.570342 "" "" 616.259094 653.644165 4900.19397 2.9374 1809.7 5.1666 4688.4 9.9146 "" "" 0.0028311449783701022 0.0041705295 0.0044221506 0.00859268 327.88999722561 47.83014503946 634.64386 27.316999999999997 1.9349999999999987
328.00088424837 46.55701667833 0.0296 0.0336 43.4683 "" "" 1974487557942985344 712.197693 1.3783 0.0394 -2.572 -6.061 0.038 0.04 0.99 4369.5 4.3714 16.465597 1.643642 17.246407 15.602764 "" "" 692.655151 731.882263 4883.24194 2.4086 1725.3 6.8333 4550.4 6.6442 "" "" 0.0028068804319001848 0.0051260996 0.0040984107 0.00922451 328.00088424837 46.55701667833 712.197693 -2.572 -6.061000000000001
328.95895864622 46.85249745912 0.0296 0.0353 33.9465 "" "" 1975960903528455296 739.936523 1.3276 0.0394 0.59 -12.285 0.042 0.043 1.009 4453.1 4.4902 16.467316 1.500588 17.16028 15.659692 "" "" 714.879639 761.397766 4875.51885 2.0624 1867.7 7.7251 4318.0 8.7095 "" "" 0.002793336068353223 0.0052869753 0.004368023 0.009654999 328.95895864622 46.85249745912 739.936523 0.5899999999999999 -12.285000000000002
328.96064193071 47.92431447343 0.0337 0.0359 47.8315 "" "" 1976275982327198464 588.15686 1.682 0.0431 -3.553 2.107 0.045 0.046 0.953 4200.4 4.6634 16.46784 1.899154 17.414064 15.514911 "" "" 573.741272 601.750977 4873.16184 2.1907 1478.4 7.4557 4933.9 8.6017 "" "" 0.0027982168188898362 0.0061453828 0.004226895 0.010372277 328.96064193071 47.92431447343 588.15686 -3.5530000000000004 2.1069999999999998
329.41210092736 47.70000288544 0.0317 0.0326 51.0163 "" "" 1976073397310299008 555.955017 1.7695 0.0406 18.763 16.631 0.044 0.045 1.025 "" "" 16.468943 1.735424 17.308706 15.573282 "" "" 544.145752 566.80426 4868.21007 2.1224 1629.0 6.1263 4675.7 6.5247 "" "" 0.0027956840763294195 0.0049454654 0.004071759 0.009017224 329.41210092736 47.70000288544 555.955017 18.763 16.630999999999997
329.04942755962 48.02759631226 0.0317 0.0345 54.9799 "" "" 1976278421868808064 640.462952 1.5312 0.0425 11.279 -0.907 0.047 0.045 0.947 4530.3 4.6622 16.470314 1.634281 17.239204 15.604923 "" "" 625.152161 664.036926 4862.06521 2.3794 1736.7 7.5136 4541.4 10.274 "" "" 0.0028060843951180367 0.005463479 0.004507431 0.00997091 329.04942755962 48.02759631226 640.462952 11.279 -0.9070000000000003
327.29689225164 47.14069515635 0.0314 0.0319 43.5172 "" "" 1974761095819102592 748.746643 1.3086 0.0388 -8.058 13.478 0.041 0.042 1.0 4627.6 4.4344 16.470547 1.444263 17.12914 15.684878 "" "" 727.412842 769.167786 4861.02777 1.9446 1922.0 5.8763 4219.0 7.8618 "" "" 0.002789343598348747 0.0043363855 0.0042868434 0.008623229 327.29689225164 47.14069515635 748.746643 -8.058 13.477999999999998
328.39676062329 48.10156575763 0.0329 0.0359 51.7164 "" "" 1976319924134083968 583.024353 1.6841 0.0415 4.81 -2.704 0.047 0.045 0.887 4396.9 4.6622 16.472948 1.705024 17.17448 15.469457 "" "" 565.964966 596.499695 4850.28979 2.7036 1843.4 29.552 5144.9 37.208 "" "" 0.0028210027734036666 0.01762792 0.008714275 0.026342195 328.39676062329 48.10156575763 583.024353 4.81 -2.7040000000000006
328.42159585777 47.52878594591 0.032 0.0339 17.5365 "" "" 1976240832313475584 699.639099 1.4001 0.0396 -7.399 -2.801 0.04 0.039 0.968 4531.5 4.6626 16.483461 1.686777 17.295887 15.60911 "" "" 681.542969 721.30188 4803.54696 2.1832 1648.4 7.3239 4523.9 7.9349 "" "" 0.002799159950177148 0.0055727623 0.0042320653 0.009804828 328.42159585777 47.52878594591 699.639099 -7.399000000000002 -2.8010000000000006
327.95180465388 47.68248444495 0.0603 0.0634 31.1583 "" "" 1974803839334716160 757.718628 1.3171 0.0755 10.552 -3.39 0.081 0.077 1.694 "" "" 16.49397 1.539637 16.817533 15.277897 "" "" 718.931824 794.416443 4757.27766 7.6709 2561.0 71.866 6137.6 101.21 "" "" 0.003264467064328533 0.030595088 0.018298512 0.0488936 327.95180465388 47.68248444495 757.718628 10.552 -3.39
327.26890729697 47.73551731335 0.0322 0.034 53.0982 "" "" 1977795747911901312 649.47229 1.521 0.0402 -8.078 -13.346 0.042 0.042 0.982 4474.9 4.5591 16.496468 1.654123 17.285295 15.631172 "" "" 634.30719 666.074646 4746.34882 2.1416 1664.6 7.7561 4432.9 8.4626 "" "" 0.0027985329191834874 0.005777346 0.0043104393 0.010087785 327.26890729697 47.73551731335 649.47229 -8.078 -13.346
328.4579746724 47.04584822282 0.032 0.0318 12.4022 "" "" 1974528342953186816 624.502808 1.5757 0.0405 -9.848 2.734 0.042 0.038 1.044 4498.9 4.5425 16.49659 1.56801 17.209044 15.641033 "" "" 608.880737 638.473938 4745.81465 2.0325 1785.7 11.747 4392.8 8.8998 "" "" 0.002794280868432214 0.0076680244 0.0043729167 0.012040941 328.4579746724 47.04584822282 624.502808 -9.848000000000003 2.734
328.9003314667 47.62545178863 0.0327 0.0382 32.0321 "" "" 1976058107225691008 725.525024 1.357 0.0443 -6.413 -6.295 0.045 0.048 0.945 4616.0 4.6627 16.497726 1.556871 17.220894 15.664022 "" "" 702.972656 749.571106 4740.84602 2.7719 1766.3 7.3716 4300.8 9.5354 "" "" 0.00282750372277743 0.0053214296 0.0044808914 0.009802321 328.9003314667 47.62545178863 725.525024 -6.412999999999999 -6.295
329.15862943692 47.27573424349 0.0858 0.09 32.8311 "" "" 1975988666192301056 556.269165 1.8016 0.1134 -16.606 -1.052 0.119 0.113 2.511 "" "" 16.506569 1.976145 17.41129 15.435144 "" "" 528.473206 589.772705 4702.39454 7.13 1482.2 8.0821 5310.1 8.9683 "" "" 0.00320965973721116 0.006544821 0.0042007426 0.010745564 329.15862943692 47.27573424349 556.269165 -16.606 -1.0520000000000003
327.4400090427 46.56230378743 0.0306 0.0331 55.3002 "" "" 1974499961807987712 544.048767 1.8113 0.0395 -9.277 -12.282 0.041 0.04 0.985 4400.6 4.6099 16.507645 1.837179 17.417938 15.580759 "" "" 534.504517 553.010437 4697.73898 2.2182 1473.1 9.2353 4643.6 8.7761 "" "" 0.0028026090951037827 0.0073564667 0.004300501 0.011656968 327.4400090427 46.56230378743 544.048767 -9.277000000000001 -12.282000000000004
