Clusters/NGC_6611/NGC_6611_stars_in_region.tsv
# %ECSV 1.0
# ---
# datatype:
# - name: RA_ICRS_1
#   unit: deg
#   datatype: float64
#   format: '{:15.11f}'
#   description: Right ascension (ICRS) at Ep=2016.0 (ra)
#   meta: !!omap
#   - {ucd: POS_EQ_RA_MAIN}
#   - {width: 15}
#   - {precision: '11'}
# - name: DE_ICRS_1
#   unit: deg
#   datatype: float64
#   format: '{:15.11f}'
#   description: Declination (ICRS) at Ep=2016.0 (dec)
#   meta: !!omap
#   - {ucd: POS_EQ_DEC_MAIN}
#   - {width: 15}
#   - {precision: '11'}
# - name: e_RA_ICRS
#   unit: mas
#   datatype: float64
#   format: '{:7.4f}'
#   description: Standard error of right ascension (ra_error)
#   meta: !!omap
#   - {ucd: ERROR}
#   - {width: 7}
#   - {precision: '4'}
# - name: e_DE_ICRS
#   unit: mas
#   datatype: float64
#   format: '{:7.4f}'
#   description: Standard error of declination (dec_error)
#   meta: !!omap
#   - {ucd: ERROR}
#   - {width: 7}
#   - {precision: '4'}
# - name: _r_1
#   unit: ''
#   datatype: float64
#   format: '{:7.4f}'
#   description: Distance from center (274.69480687000-13.80229428000)[ICRS], at Epoch=J2016.0
#   meta: !!omap
#   - {ucd: POS_ANG_DIST_GENERAL}
#   - {width: 7}
#   - {precision: '4'}
# - name: HIP
#   datatype: int32
#   description: '? HIP cross-id number, van Leeuwen, Cat. I/311 (hip_original_ext_source_id)'
#   meta: !!omap
#   - {ucd: ID_NUMBER}
#   - {width: 6}
#   - values: {'null': -2147483648}
# - name: TYC2
#   datatype: string
#   description: Tycho-2 cross-id name, Hog et al., Cat. I/259 (tyc2_original_ext_source_id)
#   meta: !!omap
#   - {ucd: ID_CROSSID}
#   - {_votable_string_dtype: char}
# - name: Source
#   datatype: int64
#   description: Source identifier, identical to the Gaia-EDR3 source_id (id)
#   meta: !!omap
#   - {ucd: ID_MAIN}
#   - {width: 19}
# - name: rgeo
#   unit: pc
#   datatype: float64
#   format: '{:15.8f}'
#   description: '? Median of the geometric distance posterior (r_med_geo)'
#   meta: !!omap
#   - {ucd: PHYS_DISTANCE_TRUE}
#   - {width: 15}
#   - {precision: '8'}
#   - values: {'null': .nan}
# - name: Plx
#   unit: mas
#   datatype: float64
#   format: '{:9.4f}'
#   description: '? Parallax (parallax)'
#   meta: !!omap
#   - {ucd: POS_PARLX_TRIG}
#   - {width: 9}
#   - {precision: '4'}
#   - values: {'null': .nan}
# - name: e_Plx
#   unit: mas
#   datatype: float32
#   format: '{:7.4f}'
#   description: '? Standard error of parallax (parallax_error)'
#   meta: !!omap
#   - {ucd: ERROR}
#   - {width: 7}
#   - {precision: '4'}
#   - values: {'null': .nan}
# - name: pmRA
#   unit: mas / yr
#   datatype: float64
#   format: '{:9.3f}'
#   description: '? Proper motion in right ascension direction, pmRA*cosDE (pmra)'
#   meta: !!omap
#   - {ucd: POS_EQ_PMRA}
#   - {width: 9}
#   - {precision: '3'}
#   - values: {'null': .nan}
# - name: pmDE
#   unit: mas / yr
#   datatype: float64
#   format: '{:9.3f}'
#   description: '? Proper motion in declination direction (pmdec)'
#   meta: !!omap
#   - {ucd: POS_EQ_PMDEC}
#   - {width: 9}
#   - {precision: '3'}
#   - values: {'null': .nan}
# - name: e_pmRA
#   unit: mas / yr
#   datatype: float32
#   format: '{:6.3f}'
#   description: '? Standard error of proper motion in right ascension direction (pmra_error)'
#   meta: !!omap
#   - {ucd: ERROR}
#   - {width: 6}
#   - {precision: '3'}
#   - values: {'null': .nan}
# - name: e_pmDE
[...]
#         value: !astropy.table.SerializedColumn {name: SkyCoord.dec}
#       distance: !astropy.table.SerializedColumn
#         __class__: astropy.coordinates.distances.Distance
#         unit: !astropy.units.Unit {unit: pc}
#         value: !astropy.table.SerializedColumn {name: SkyCoord.distance}
#       frame: icrs
#       obstime: !astropy.time.Time {format: jyear_str, in_subfmt: '*', jd1: 367701545.0, jd2: 0.0, out_subfmt: '*', precision: 3, scale: tt}
#       pm_dec: !astropy.table.SerializedColumn
#         __class__: astropy.units.quantity.Quantity
#         unit: !astropy.units.Unit {unit: mas / yr}
#         value: !astropy.table.SerializedColumn {name: SkyCoord.pm_dec}
#       pm_ra_cosdec: !astropy.table.SerializedColumn
#         __class__: astropy.units.quantity.Quantity
#         unit: !astropy.units.Unit {unit: mas / yr}
#         value: !astropy.table.SerializedColumn {name: SkyCoord.pm_ra_cosdec}
#       ra: !astropy.table.SerializedColumn
#         __class__: astropy.coordinates.angles.Longitude
#         unit: *id001
#         value: !astropy.table.SerializedColumn {name: SkyCoord.ra}
#         wrap_angle: !astropy.coordinates.Angle
#           unit: *id001
#           value: 360.0
#       representation_type: spherical
# schema: astropy-2.0
RA_ICRS_1 DE_ICRS_1 e_RA_ICRS e_DE_ICRS _r_1 HIP TYC2 Source rgeo Plx e_Plx pmRA pmDE e_pmRA e_pmDE RUWE Teff logg Gmag BP-RP BPmag RPmag RV e_RV b_rgeo B_rgeo FG e_FG FBP e_FBP FRP e_FRP RAVE5 RAVE6 e_Gmag e_BPmag e_RPmag e_BP-RP SkyCoord.ra SkyCoord.dec SkyCoord.distance SkyCoord.pm_ra_cosdec SkyCoord.pm_dec rmRA rmDE e_rmRA e_rmDE rRV e_rRV v_pec v_pec3d e_vpec e_vpec3d
[from data line 1258]
274.8635250504 -14.05890193105 0.0358 0.0322 18.2644 "" "" 4146403655677085824 1536.95703 0.6069 0.04 -0.161 -6.503 0.047 0.037 0.938 5343.7 4.3784 15.888079 1.336022 16.48211 15.146087 "" "" 1450.3822 1616.29883 8312.18304 3.7529 3488.0 18.51 6929.8 12.91 "" "" 0.0027985868932338194 0.0064017805 0.0042866087 0.010688389 274.8635250504 -14.05890193105 1536.95703 -0.16100000000000003 -6.503 -0.34440650200843814 -4.856113770484924 0.21349481 0.2034948 "" "" 35.46650761613425 "" 7.219068359241845 ""
274.88638131373 -14.02480325935 0.0396 0.0364 17.3989 "" "" 4146404136713467648 1421.87854 0.6753 0.0468 0.566 4.103 0.055 0.041 1.084 "" "" 15.889703 1.304498 16.429379 15.124881 "" "" 1338.7981 1535.5835 8299.76265 4.3098 3661.6 46.66 7066.5 51.745 "" "" 0.002812409329759805 0.014114141 0.008802976 0.022917118 274.88638131373 -14.02480325935 1421.87854 0.566 4.103 0.38259349799156184 5.749886229515075 0.2214948 0.2074948 "" "" 38.8382261253589 "" 8.061207021582753 ""
275.01373565201 -14.08641714111 0.0408 0.0377 25.2096 "" "" 4146401284855104768 1694.55029 0.5477 0.0481 0.444 -1.274 0.052 0.043 1.059 8331.5 4.1965 15.890867 1.419282 16.524656 15.105374 "" "" 1553.44727 1834.64612 8290.86319 4.0598 3353.9 14.997 7194.6 14.938 "" "" 0.0028061442455903857 0.0055995467 0.0044006314 0.010000179 275.01373565201 -14.08641714111 1694.55029 0.44399999999999973 -1.274 0.2605934979915619 0.37288622951507566 0.2184948 0.2094948 "" "" 3.6540020260289614 "" 0.776439099574602 ""
274.55664290467 -14.20209629272 0.0409 0.038 25.3007 "" "" 4146372461338203136 1358.2561 0.7053 0.0472 -2.778 -13.537 0.05 0.04 1.026 5087.1 4.3235 15.89146 1.259676 16.450356 15.19068 "" "" 1272.52563 1442.76379 8286.33661 4.2059 3591.5 11.991 6651.0 15.124 "" "" 0.0028098909243828773 0.004574431 0.004514334 0.009088765 274.55664290467 -14.20209629272 1358.2561 -2.778 -13.53700000000001 -2.961406502008438 -11.890113770484925 0.2164948 0.20649481 "" "" 78.88874700320827 "" 16.3372429890554 ""
274.9930120109 -13.60561464146 0.0411 0.0386 21.0101 "" "" 4152613804738480896 1446.14417 0.6612 0.0452 0.029 1.5 0.048 0.039 1.027 6064.7 4.3843 15.892688 1.33574 16.468983 15.133243 "" "" 1345.76489 1559.91394 8276.97761 3.9887 3530.4 20.225 7012.3 23.011 "" "" 0.002804558430205073 0.006817125 0.0051940093 0.012011134 274.9930120109 -13.60561464146 1446.14417 0.02899999999999997 1.5 -0.1544065020084381 3.1468862295150757 0.2144948 0.2054948 "" "" 21.596985256800846 "" 4.438545327580286 ""
274.29458585235 -13.78570435748 0.0397 0.0339 23.3419 "" "" 4146654894084533120 1361.20398 0.7004 0.0423 -1.491 -4.405 0.051 0.04 1.142 6160.3 4.394 15.893857 1.294371 16.45893 15.164558 "" "" 1292.14429 1427.93311 8268.06912 3.9365 3563.2 20.245 6812.9 23.921 "" "" 0.002803391604506362 0.006770477 0.0053680837 0.01213856 274.29458585235 -13.78570435748 1361.20398 -1.491 -4.404999999999999 -1.6744065020084382 -2.7581137704849246 0.2174948 0.20649481 "" "" 20.81824917595522 "" 4.3617133466841285 ""
274.68048726787 -14.09027288414 0.0395 0.0346 17.2988 "" "" 4146398368580932096 1726.57153 0.5396 0.0419 0.581 -0.782 0.047 0.039 1.011 6413.3 4.0415 15.894856 1.486665 16.5775 15.090835 "" "" 1628.71265 1853.12537 8260.46323 4.9762 3194.6 14.191 7291.6 18.088 "" "" 0.002831887027184472 0.0055719614 0.004640887 0.010212848 274.68048726787 -14.09027288414 1726.57153 0.581 -0.7820000000000003 0.39759349799156185 0.8648862295150757 0.21349481 0.2054948 "" "" 7.790280338322727 "" 1.6119084772027674 ""
274.58571180614 -13.68400940094 0.0383 0.0349 9.5287 "" "" 4146616827794429440 1384.90601 0.6995 0.0443 0.912 0.919 0.056 0.043 0.934 5105.0 4.2774 15.895351 1.483832 16.570961 15.087129 "" "" 1306.98938 1487.41589 8256.69368 3.7095 3213.9 16.553 7316.6 13.307 "" "" 0.0027981653205030473 0.006249458 0.00426416 0.010513619 274.58571180614 -13.68400940094 1384.90601 0.9120000000000001 0.9189999999999998 0.7285934979915619 2.5658862295150757 0.22249481 0.2094948 "" "" 17.509531070708533 "" 3.685624947642957 ""
274.3302340216 -13.60966366364 0.0446 0.0396 24.1911 "" "" 4146667508408667136 1665.38843 0.579 0.0553 -0.156 0.573 0.056 0.043 1.139 5516.1 4.2269 15.896305 1.460608 16.550344 15.089737 "" "" 1507.34497 1838.58044 8249.44626 6.1424 3275.5 12.596 7299.0 14.507 "" "" 0.0028714689417966475 0.005021704 0.0043520587 0.009373763 274.3302340216 -13.60966366364 1665.38843 -0.1559999999999999 0.573 -0.33940650200843814 2.2198862295150756 0.22249481 0.2094948 "" "" 17.727288599186107 "" 3.7191983049940487 ""
274.81401712929 -14.09739814935 0.0447 0.0386 19.0183 "" "" 4146397578306872192 1467.37036 0.6327 0.0486 1.305 -0.505 0.059 0.045 1.194 5429.0 4.4772 15.896423 1.226877 16.431515 15.204638 "" "" 1388.47241 1569.80042 8248.54807 4.3337 3654.4 18.917 6566.0 18.287 "" "" 0.0028137492309862518 0.0062747877 0.00484021 0.011114998 274.81401712929 -14.09739814935 1467.37036 1.305 -0.505 1.1215934979915618 1.1418862295150758 0.2254948 0.2114948 "" "" 11.132613924192729 "" 2.4322694015892 ""
274.62669208431 -13.8631270647 0.0413 0.0365 5.3917 "" "" 4146598303597678336 1536.91528 0.6133 0.0497 0.231 -1.449 0.053 0.04 0.963 6816.5 4.1181 15.897583 1.963254 16.864164 14.90091 "" "" 1409.69556 1638.44299 8239.73812 20.286 2453.3 35.855 8685.5 60.374 "" "" 0.0038388791786784365 0.01611148 0.008440513 0.024551993 274.62669208431 -13.8631270647 1536.91528 0.23099999999999998 -1.449 0.0475934979915619 0.19788622951507562 0.2194948 0.20649481 "" "" 1.4827052161998184 "" 0.3072561824212716 ""
274.47644258971 -13.89062700231 0.0372 0.0323 13.781 "" "" 4146604011611960064 1369.21509 0.7029 0.0417 -2.224 -6.238 0.048 0.038 0.904 5816.2 4.3038 15.900235 1.446306 16.557364 15.111057 "" "" 1295.8595 1450.63123 8219.63841 3.9377 3254.4 13.778 7157.1 19.412 "" "" 0.002803984221017447 0.005377179 0.004791205 0.010168384 274.47644258971 -13.89062700231 1369.21509 -2.2239999999999984 -6.238 -2.4074065020084383 -4.591113770484925 0.2144948 0.2044948 "" "" 33.644619664129195 "" 6.954084316516958 ""
274.50833650306 -14.02026760968 0.0446 0.0409 16.9996 "" "" 4146589030765920128 1615.1626 0.5801 0.053 0.583 -2.881 0.054 0.044 1.044 "" "" 15.901282 2.822628 17.491064 14.668436 "" "" 1493.21899 1773.60681 8211.7111 5.9414 1377.2 13.035 10759.0 17.9 "" "" 0.002865116771241542 0.0106483875 0.0041888757 0.014837263 274.50833650306 -14.02026760968 1615.1626 0.583 -2.881 0.39959349799156185 -1.234113770484924 0.2204948 0.2104948 "" "" 9.931148058549882 "" 2.1000805429241316 ""
274.92196281576 -14.00476695048 0.0417 0.038 17.9615 "" "" 4146405682901703808 1679.91174 0.5602 0.0454 -1.327 -5.18 0.055 0.044 1.098 5179.7 4.2102 15.902492 1.644412 16.652735 15.008323 "" "" 1548.8418 1803.62 8202.57648 4.2771 2980.7 22.222 7867.4 30.197 "" "" 0.002812881669281442 0.008561877 0.0056258584 0.014187735 274.92196281576 -14.00476695048 1679.91174 -1.327 -5.18 -1.510406502008438 -3.533113770484924 0.2214948 0.2104948 "" "" 30.596381776721135 "" 6.49352320287004 ""
274.26689544934 -13.86223946571 0.0413 0.0372 25.1882 "" "" 4146607103988531840 1337.88293 0.7107 0.0453 -5.484 -5.667 0.055 0.041 0.927 5020.8 4.2986 15.90317 1.323375 16.484482 15.161107 "" "" 1258.63696 1430.87695 8197.45151 3.8605 3480.4 14.941 6834.6 14.096 "" "" 0.0028023620392762195 0.005432268 0.004392957 0.009825225 274.26689544934 -13.86223946571 1337.88293 -5.483999999999996 -5.666999999999996 -5.667406502008438 -4.020113770484924 0.2214948 0.2074948 "" "" 44.06398121445065 "" 9.557879725502772 ""
274.7461469509 -13.43746584086 0.0401 0.0359 22.0935 "" "" 4152626586561226240 1547.52368 0.6131 0.0432 1.773 -4.264 0.052 0.041 1.044 6160.4 4.271 15.907311 1.355116 16.509546 15.15443 "" "" 1449.43799 1660.85754 8166.24066 4.1457 3400.9 11.773 6876.8 16.035 "" "" 0.002809910665140111 0.0046809795 0.004548964 0.009229943 274.7461469509 -13.43746584086 1547.52368 1.773 -4.264 1.5895934979915618 -2.6171137704849246 0.2184948 0.2074948 "" "" 22.460870010358505 "" 4.728368574275527 ""
274.79636810894 -14.11854622284 0.0409 0.0351 19.8753 "" "" 4146397436564370048 1431.70032 0.6582 0.0456 -0.069 -0.02 0.057 0.047 0.966 "" "" 15.908075 1.393451 16.52534 15.131888 "" "" 1340.02942 1521.32605 8160.4943 4.453 3351.8 15.309 7021.1 20.472 "" "" 0.002818297477202875 0.0056900443 0.004930094 0.010620138 274.79636810894 -14.11854622284 1431.70032 -0.06899999999999999 -0.02 -0.2524065020084381 1.6268862295150757 0.2234948 0.21349481 "" "" 11.172557373502826 "" 2.387969061734364 ""
274.89986747999 -13.4372140756 0.0469 0.0419 24.9561 "" "" 4152628746917369344 1396.49097 0.6979 0.0538 -2.577 -6.647 0.058 0.047 1.283 4916.5 4.2746 15.90834 1.428361 16.547987 15.119626 "" "" 1291.62268 1508.90454 8158.50167 5.0834 3282.6 20.941 7100.8 21.506 "" "" 0.0028371539250879063 0.0074672094 0.0050096815 0.012476891 274.89986747999 -13.4372140756 1396.49097 -2.576999999999999 -6.647000000000002 -2.760406502008438 -5.000113770484925 0.2244948 0.21349481 "" "" 37.806370604915266 "" 8.170500629849467 ""
274.74387640402 -13.80790503104 0.072 0.0858 2.8789 "" "" 4146599613565335936 1544.64185 0.6463 0.1369 0.044 -1.514 0.097 0.065 1.333 4813.4 4.1725 15.909102 2.262774 17.10058 14.837807 "" "" 1296.40027 1857.90625 8152.78796 130.42 1973.3 132.4 9205.2 460.02 "" "" 0.0175856927869625 0.072901666 0.05438996 0.12729162 274.74387640402 -13.80790503104 1544.64185 0.044000000000000025 -1.514 -0.13940650200843813 0.13288622951507567 0.2634948 0.2314948 "" "" 1.410105695613454 "" 0.3507983325252716 ""
274.76781226259 -13.95503954226 0.043 0.0426 10.1032 "" "" 4146593424514570624 1830.5293 0.5177 0.0505 0.996 -1.508 0.05 0.043 1.047 7194.4 4.347 15.909534 1.373631 16.511827 15.138196 "" "" 1687.32043 2024.84741 8149.54259 4.1122 3393.8 22.502 6980.4 28.782 "" "" 0.0028092586263890615 0.007720593 0.005858772 0.013579365 274.76781226259 -13.95503954226 1830.5293 0.996 -1.5080000000000013 0.8125934979915619 0.13888622951507568 0.2164948 0.2094948 "" "" 7.152879972663291 "" 1.5471624850774912 ""
274.53164118384 -14.15101164421 0.0409 0.0396 22.9788 "" "" 4146560615262192000 1434.54321 0.6734 0.051 0.637 -0.1 0.049 0.039 1.059 4954.1 4.3497 15.909748 1.123568 16.388752 15.265184 "" "" 1331.04333 1539.51074 8147.93444 5.0064 3801.2 13.96 6209.9 15.943 "" "" 0.0028349312504172986 0.004866657 0.0046961363 0.009562793 274.53164118384 -14.15101164421 1434.54321 0.637 -0.10000000000000002 0.4535934979915619 1.5468862295150756 0.2154948 0.2054948 "" "" 10.961299212064608 "" 2.261362458405949 ""
275.08786184192 -13.71162969514 0.0422 0.0382 23.5438 "" "" 4152603251990813184 1663.2865 0.5721 0.0486 -0.539 -2.457 0.049 0.039 1.025 5166.4 4.3035 15.909786 1.425771 16.555738 15.129968 "" "" 1523.43921 1871.15247 8147.64858 4.1495 3259.3 20.592 7033.5 19.338 "" "" 0.002810257242589042 0.0074053416 0.0048160953 0.012221437 275.08786184192 -13.71162969514 1663.2865 -0.539 -2.4570000000000016 -0.7224065020084381 -0.8101137704849242 0.2154948 0.2054948 "" "" 8.557496047582083 "" 1.796929760708013 ""
275.05966546257 -13.58265238383 0.0433 0.0402 25.0212 "" "" 4152614075308910720 1275.01416 0.7487 0.0454 -0.716 0.802 0.049 0.042 1.072 5830.3 4.4011 15.910337 1.419279 16.554533 15.135254 "" "" 1203.14771 1354.69727 8143.50907 6.16 3262.9 14.958 6999.3 13.939 "" "" 0.002875116868628698 0.0057060136 0.004354188 0.010060202 275.05966546257 -13.58265238383 1275.01416 -0.716 0.8020000000000004 -0.8994065020084381 2.4488862295150757 0.2154948 0.2084948 "" "" 15.7666181848953 "" 3.3005688354168883 ""
274.79622492114 -13.48637410821 0.0387 0.0352 19.8562 "" "" 4152625177811930752 1413.75146 0.6756 0.0432 0.072 -0.754 0.05 0.039 0.926 5725.4 4.4666 15.913213 1.26182 16.463875 15.202055 "" "" 1335.16064 1525.70984 8121.97667 3.8731 3547.0 12.878 6581.7 15.823 "" "" 0.002803543459933591 0.0048294975 0.004593137 0.009422635 274.79622492114 -13.48637410821 1413.75146 0.072 -0.754 -0.11140650200843812 0.8928862295150757 0.2164948 0.2054948 "" "" 6.029787493015412 "" 1.2401335358959096 ""
274.48608482136 -13.48766344443 0.0354 0.0322 22.4606 "" "" 4146667336609967616 1375.37476 0.6835 0.0436 -2.073 -5.549 0.044 0.035 0.965 7127.6 4.34 15.91527 1.516491 16.610691 15.0942 "" "" 1288.73828 1464.09094 8106.60429 3.6027 3098.4 14.056 7269.1 17.301 "" "" 0.002797250960757781 0.005660866 0.0045783697 0.010239236 274.48608482136 -13.48766344443 1375.37476 -2.073 -5.549 -2.256406502008438 -3.9021137704849247 0.2104948 0.2014948 "" "" 29.38585943873189 "" 5.988467801600587 ""
274.69135024664 -13.92279476487 0.0458 0.0401 7.2328 "" "" 4146594180429043200 1881.78833 0.4971 0.0513 0.309 -1.848 0.057 0.042 1.056 7627.7 4.0223 15.915291 1.889153 16.831362 14.942209 "" "" 1731.11499 2075.06055 8106.44412 26.234 2528.6 30.555 8361.3 78.793 "" "" 0.004465145131399212 0.013413186 0.010907188 0.024320375 274.69135024664 -13.92279476487 1881.78833 0.309 -1.848 0.1255934979915619 -0.2011137704849244 0.2234948 0.2084948 "" "" 2.11493181070715 "" 0.45007877929062856 ""
274.84759412472 -14.02462130992 0.0384 0.0343 16.0351 "" "" 4146404308512151296 1353.47534 0.6954 0.0418 -0.835 -2.207 0.049 0.039 0.992 5630.3 4.5003 15.917441 1.184423 16.428167 15.243744 "" "" 1285.42871 1442.32507 8090.4035 3.8077 3665.6 10.163 6333.7 16.275 "" "" 0.0028023036126076754 0.0041044606 0.004697578 0.008802039 274.84759412472 -14.02462130992 1353.47534 -0.835 -2.207 -1.018406502008438 -0.5601137704849242 0.2154948 0.2054948 "" "" 7.456533146781334 "" 1.5898389129423782 ""
274.94870904796 -13.61233915357 0.0436 0.0409 18.6801 "" "" 4152607959275445888 1449.46301 0.6617 0.0491 0.043 -2.865 0.053 0.041 1.007 5932.3 4.2982 15.918416 1.290636 16.48877 15.198133 "" "" 1365.18164 1569.18213 8083.14406 4.0739 3466.6 21.803 6605.5 23.565 "" "" 0.002809133075882013 0.007376715 0.005411702 0.012788417 274.94870904796 -13.61233915357 1449.46301 0.04300000000000005 -2.8650000000000007 -0.14040650200843813 -1.2181137704849245 0.2194948 0.2074948 "" "" 8.424407804046371 "" 1.7493840947850907 ""
274.29906031135 -13.84668500124 0.0405 0.0355 23.2103 "" "" 4146607516305385600 1545.57654 0.6122 0.0435 -1.967 -6.328 0.053 0.042 1.145 5676.9 4.2761 15.920765 1.513937 16.62353 15.109592 "" "" 1432.30664 1644.58044 8065.67797 4.4279 3062.0 14.439 7166.7 15.764 "" "" 0.002819053488705598 0.0058307624 0.00447071 0.010301473 274.29906031135 -13.84668500124 1545.57654 -1.967 -6.327999999999999 -2.150406502008438 -4.681113770484925 0.2194948 0.2084948 "" "" 37.739433657202085 "" 7.9423764790957145 ""
274.52781727036 -13.41772820161 0.0371 0.0376 25.0447 "" "" 4152675755347800192 1561.37402 0.6067 0.0502 -0.846 -5.433 0.047 0.038 1.009 5856.9 4.2617 15.921729 1.476315 16.59514 15.118825 "" "" 1455.67957 1690.6311 8058.5161 3.5952 3143.1 8.5777 7106.1 16.421 "" "" 0.0027975739443579888 0.0040699667 0.004536361 0.008606328 274.52781727036 -13.41772820161 1561.37402 -0.846 -5.433 -1.0294065020084382 -3.786113770484924 0.21349481 0.2044948 "" "" 29.037937105198157 "" 5.956464347326866 ""
274.81246844178 -14.2044612255 0.0398 0.0343 25.0834 "" "" 4146392866719042048 1620.71753 0.5914 0.0431 2.671 -1.069 0.051 0.04 1.002 9543.3 4.1677 15.921844 1.58897 16.658476 15.069506 "" "" 1500.60046 1734.79736 8057.67012 4.3871 2965.0 12.341 7436.3 10.601 "" "" 0.0028180204297375048 0.0053110383 0.0040840427 0.009395082 274.81246844178 -14.2044612255 1620.71753 2.671 -1.0689999999999995 2.4875934979915617 0.5778862295150757 0.2174948 0.20649481 "" "" 19.619075076560062 "" 4.2562624383063055 ""
