Clusters/NGC_6611/NGC_6611_stars_in_region.tsv
# %ECSV 1.0
# ---
# datatype:
# - name: RA_ICRS_1
#   unit: deg
#   datatype: float64
#   format: '{:15.11f}'
#   description: Right ascension (ICRS) at Ep=2016.0 (ra)
#   meta: !!omap
#   - {ucd: POS_EQ_RA_MAIN}
#   - {width: 15}
#   - {precision: '11'}
# - name: DE_ICRS_1
#   unit: deg
#   datatype: float64
#   format: '{:15.11f}'
#   description: Declination (ICRS) at Ep=2016.0 (dec)
#   meta: !!omap
#   - {ucd: POS_EQ_DEC_MAIN}
#   - {width: 15}
#   - {precision: '11'}
# - name: e_RA_ICRS
#   unit: mas
#   datatype: float64
#   format: '{:7.4f}'
#   description: Standard error of right ascension (ra_error)
#   meta: !!omap
#   - {ucd: ERROR}
#   - {width: 7}
#   - {precision: '4'}
# - name: e_DE_ICRS
#   unit: mas
#   datatype: float64
#   format: '{:7.4f}'
#   description: Standard error of declination (dec_error)
#   meta: !!omap
#   - {ucd: ERROR}
#   - {width: 7}
#   - {precision: '4'}
# - name: _r_1
#   unit: ''
#   datatype: float64
#   format: '{:7.4f}'
#   description: Distance from center (274.69480687000-13.80229428000)[ICRS], at Epoch=J2016.0
#   meta: !!omap
#   - {ucd: POS_ANG_DIST_GENERAL}
#   - {width: 7}
#   - {precision: '4'}
# - name: HIP
#   datatype: int32
#   description: '? HIP cross-id number, van Leeuwen, Cat. I/311 (hip_original_ext_source_id)'
#   meta: !!omap
#   - {ucd: ID_NUMBER}
#   - {width: 6}
#   - values: {'null': -2147483648}
# - name: TYC2
#   datatype: string
#   description: Tycho-2 cross-id name, Hog et al., Cat. I/259 (tyc2_original_ext_source_id)
#   meta: !!omap
#   - {ucd: ID_CROSSID}
#   - {_votable_string_dtype: char}
# - name: Source
#   datatype: int64
#   description: Source identifier, identical to the Gaia-EDR3 source_id (id)
#   meta: !!omap
#   - {ucd: ID_MAIN}
#   - {width: 19}
# - name: rgeo
#   unit: pc
#   datatype: float64
#   format: '{:15.8f}'
#   description: '? Median of the geometric distance posterior (r_med_geo)'
#   meta: !!omap
#   - {ucd: PHYS_DISTANCE_TRUE}
#   - {width: 15}
#   - {precision: '8'}
#   - values: {'null': .nan}
# - name: Plx
#   unit: mas
#   datatype: float64
#   format: '{:9.4f}'
#   description: '? Parallax (parallax)'
#   meta: !!omap
#   - {ucd: POS_PARLX_TRIG}
#   - {width: 9}
#   - {precision: '4'}
#   - values: {'null': .nan}
# - name: e_Plx
#   unit: mas
#   datatype: float32
#   format: '{:7.4f}'
#   description: '? Standard error of parallax (parallax_error)'
#   meta: !!omap
#   - {ucd: ERROR}
#   - {width: 7}
#   - {precision: '4'}
#   - values: {'null': .nan}
# - name: pmRA
#   unit: mas / yr
#   datatype: float64
#   format: '{:9.3f}'
#   description: '? Proper motion in right ascension direction, pmRA*cosDE (pmra)'
#   meta: !!omap
#   - {ucd: POS_EQ_PMRA}
#   - {width: 9}
#   - {precision: '3'}
#   - values: {'null': .nan}
# - name: pmDE
#   unit: mas / yr
#   datatype: float64
#   format: '{:9.3f}'
#   description: '? Proper motion in declination direction (pmdec)'
#   meta: !!omap
#   - {ucd: POS_EQ_PMDEC}
#   - {width: 9}
#   - {precision: '3'}
#   - values: {'null': .nan}
# - name: e_pmRA
#   unit: mas / yr
#   datatype: float32
#   format: '{:6.3f}'
#   description: '? Standard error of proper motion in right ascension direction (pmra_error)'
#   meta: !!omap
#   - {ucd: ERROR}
#   - {width: 6}
#   - {precision: '3'}
#   - values: {'null': .nan}
# - name: e_pmDE
[...]
#         value: !astropy.table.SerializedColumn {name: SkyCoord.dec}
#       distance: !astropy.table.SerializedColumn
#         __class__: astropy.coordinates.distances.Distance
#         unit: !astropy.units.Unit {unit: pc}
#         value: !astropy.table.SerializedColumn {name: SkyCoord.distance}
#       frame: icrs
#       obstime: !astropy.time.Time {format: jyear_str, in_subfmt: '*', jd1: 367701545.0, jd2: 0.0, out_subfmt: '*', precision: 3, scale: tt}
#       pm_dec: !astropy.table.SerializedColumn
#         __class__: astropy.units.quantity.Quantity
#         unit: !astropy.units.Unit {unit: mas / yr}
#         value: !astropy.table.SerializedColumn {name: SkyCoord.pm_dec}
#       pm_ra_cosdec: !astropy.table.SerializedColumn
#         __class__: astropy.units.quantity.Quantity
#         unit: !astropy.units.Unit {unit: mas / yr}
#         value: !astropy.table.SerializedColumn {name: SkyCoord.pm_ra_cosdec}
#       ra: !astropy.table.SerializedColumn
#         __class__: astropy.coordinates.angles.Longitude
#         unit: *id001
#         value: !astropy.table.SerializedColumn {name: SkyCoord.ra}
#         wrap_angle: !astropy.coordinates.Angle
#           unit: *id001
#           value: 360.0
#       representation_type: spherical
# schema: astropy-2.0
RA_ICRS_1 DE_ICRS_1 e_RA_ICRS e_DE_ICRS _r_1 HIP TYC2 Source rgeo Plx e_Plx pmRA pmDE e_pmRA e_pmDE RUWE Teff logg Gmag BP-RP BPmag RPmag RV e_RV b_rgeo B_rgeo FG e_FG FBP e_FBP FRP e_FRP RAVE5 RAVE6 e_Gmag e_BPmag e_RPmag e_BP-RP SkyCoord.ra SkyCoord.dec SkyCoord.distance SkyCoord.pm_ra_cosdec SkyCoord.pm_dec rmRA rmDE e_rmRA e_rmDE rRV e_rRV v_pec v_pec3d e_vpec e_vpec3d
[from data line 1417]
274.89901336215 -13.56965558706 0.042 0.0413 18.3453 "" "" 4152620814125129472 1597.47339 0.601 0.0524 0.938 -1.922 0.052 0.041 1.044 5803.4 4.5338 16.05234 1.360004 16.662058 15.302053 "" "" 1487.6864 1751.4209 7145.13691 4.1364 2955.2 10.99 6002.6 17.328 "" "" 0.0028261029847266453 0.004907968 0.0049099117 0.00981788 274.89901336215 -13.56965558706 1597.47339 0.938 -1.922 0.7545934979915618 -0.27511377048492425 0.2184948 0.2074948 "" "" 6.081702003250947 "" 1.3211466623147792 ""
274.60285816485 -14.06109777205 0.0447 0.0393 16.4255 "" "" 4146585629151740288 1576.79651 0.6022 0.0479 4.379 0.639 0.051 0.044 1.012 4809.2 4.1727 16.052927 1.7261 16.882181 15.156081 "" "" 1434.18884 1714.5127 7141.2732 3.8688 2412.9 16.072 6866.3 17.47 "" "" 0.0028174045592971194 0.0077515175 0.0046813306 0.012432848 274.60285816485 -14.06109777205 1576.79651 4.379000000000003 0.6390000000000001 4.1955934979915614 2.285886229515076 0.2174948 0.2104948 "" "" 35.71006110233247 "" 7.710250918968916 ""
274.83993070173 -13.90305005489 0.0459 0.0447 10.3932 "" "" 4146595005062549120 1307.02112 0.746 0.0583 -2.068 -7.148 0.058 0.044 0.946 5504.8 4.5708 16.053503 1.275516 16.61156 15.336044 "" "" 1225.15979 1445.25513 7137.48652 4.0915 3095.9 17.916 5817.6 14.786 "" "" 0.0028247401329454047 0.0068748244 0.0046795933 0.011554418 274.83993070173 -13.90305005489 1307.02112 -2.068000000000001 -7.148000000000001 -2.251406502008438 -5.501113770484924 0.2244948 0.2104948 "" "" 36.82471784311924 "" 7.827461900432863 ""
275.05813988161 -13.71849182894 0.0581 0.0578 21.7631 "" "" 4152603187583579648 1525.11523 0.673 0.0729 -0.405 -1.545 0.066 0.053 1.404 5658.0 4.5179 16.053925 1.462036 16.70757 15.245533 "" "" 1341.02356 1794.44092 7134.72545 6.9229 2833.9 14.06 6323.3 20.14 "" "" 0.0029498567092370335 0.0060664564 0.0051227254 0.011189181 275.05813988161 -13.71849182894 1525.11523 -0.405 -1.5449999999999997 -0.5884065020084381 0.10188622951507575 0.2324948 0.2194948 "" "" 4.316915077437669 "" 1.0020710642668873 ""
274.74910439794 -14.16961279821 0.0434 0.0367 22.2647 "" "" 4146393936174598912 1860.21851 0.5063 0.0468 -0.328 -12.925 0.059 0.044 0.978 7259.1 4.0399 16.054127 1.875331 16.979053 15.103723 "" "" 1720.66052 2060.91699 7133.39472 4.2714 2207.0 12.603 7205.6 16.187 "" "" 0.0028309812193262995 0.0067989556 0.004498076 0.011297032 274.74910439794 -14.16961279821 1860.21851 -0.3280000000000004 -12.925000000000002 -0.5114065020084382 -11.278113770484925 0.2254948 0.2104948 "" "" 99.5462279640927 "" 20.957136378788793 ""
274.69110967454 -13.7816334223 0.0492 0.0484 1.2582 "" "" 4146600609997801856 1879.91028 0.5067 0.062 0.121 -1.607 0.065 0.05 1.01 8665.4 3.9397 16.056028 2.296492 17.258291 14.9618 "" "" 1652.06189 2193.50391 7120.91108 7.7357 1706.5 18.876 8211.8 67.68 "" "" 0.002997156712821896 0.012329442 0.009713801 0.022043243 274.69110967454 -13.7816334223 1879.91028 0.12099999999999998 -1.6069999999999998 -0.062406502008438114 0.0398862295150757 0.2314948 0.2164948 "" "" 0.6599680225516178 "" 0.14997537517914206 ""
274.73151679852 -13.46155745387 0.0442 0.0399 20.556 "" "" 4152626238656425728 1708.32739 0.5526 0.0497 -8.053 -5.006 0.056 0.045 1.175 5057.6 4.2549 16.057978 1.52689 16.758581 15.231691 "" "" 1566.27454 1881.77551 7108.12985 3.8495 2703.9 19.404 6404.4 15.264 "" "" 0.0028173616935686812 0.008276085 0.004580385 0.01285647 274.73151679852 -13.46155745387 1708.32739 -8.053 -5.006 -8.236406502008439 -3.3591137704849245 0.22249481 0.2114948 "" "" 72.02747272306019 "" 15.915159702650357 ""
274.4936599171 -14.01264609151 0.0406 0.0361 17.2202 "" "" 4146589095187705984 1375.81226 0.695 0.0459 4.34 -1.971 0.047 0.038 0.949 5570.9 4.5507 16.06142 1.220196 16.59446 15.374264 "" "" 1291.64587 1474.354 7085.63506 3.699 3145.1 15.572 5616.3 17.02 "" "" 0.00281301469325884 0.006056657 0.0050109583 0.011067616 274.4936599171 -14.01264609151 1375.81226 4.34 -1.9709999999999999 4.156593497991562 -0.3241137704849244 0.21349481 0.2044948 "" "" 27.188883748506605 "" 5.803237651318306 ""
274.62937166001 -14.04294678236 0.0474 0.0412 14.9336 "" "" 4146586385065979520 1682.74023 0.5608 0.052 -1.576 -1.136 0.055 0.043 1.098 9353.3 3.8361 16.062246 1.784481 16.914396 15.129915 "" "" 1517.88281 1857.03333 7080.23867 4.0427 2342.4 12.538 7033.8 19.652 "" "" 0.0028242011138359534 0.006446634 0.0048462073 0.011292841 274.62937166001 -14.04294678236 1682.74023 -1.576 -1.1359999999999997 -1.7594065020084382 0.5108862295150758 0.2214948 0.2094948 "" "" 14.613013277470094 "" 3.2234126434818244 ""
274.68142763306 -13.87209488693 0.0425 0.0398 4.26 "" "" 4146597822566611840 1596.16052 0.5995 0.0502 0.163 -1.536 0.05 0.039 1.035 5198.9 4.2926 16.063341 1.477755 16.729319 15.251564 "" "" 1482.16479 1719.521 7073.11406 4.0159 2777.7 19.923 6288.3 38.512 "" "" 0.002823437217073641 0.008272182 0.007648477 0.01592066 274.68142763306 -13.87209488693 1596.16052 0.16299999999999992 -1.5360000000000011 -0.020406502008438104 0.11088622951507565 0.2164948 0.2054948 "" "" 0.8530312550095862 "" 0.17560881483412 ""
274.39650220207 -13.79287362746 0.0399 0.0352 17.391 "" "" 4146608508437726976 1335.74585 0.7272 0.0425 1.41 5.972 0.052 0.039 0.892 5598.9 4.463 16.066673 1.392051 16.700975 15.308925 "" "" 1257.86267 1406.85107 7051.43751 3.9741 2851.2 15.682 5964.7 19.775 "" "" 0.0028224492208124975 0.0065913782 0.0052192644 0.011810643 274.39650220207 -13.79287362746 1335.74585 1.4099999999999988 5.972 1.2265934979915618 7.618886229515076 0.2184948 0.2054948 "" "" 48.85963309934001 "" 10.05694197478862 ""
274.56686650696 -13.7555532378 0.0492 0.0446 7.9655 "" "" 4146611944414267520 1890.41907 0.5033 0.0555 -0.044 -1.431 0.067 0.057 1.243 "" "" 16.068287 1.988204 16.558758 14.570554 "" "" 1702.11926 2060.94482 7040.9623 6.5493 3250.2 35.193 11774.0 58.887 "" "" 0.002934574726733983 0.012082861 0.00661599 0.01869885 274.56686650696 -13.7555532378 1890.41907 -0.043999999999999984 -1.430999999999999 -0.2274065020084381 0.21588622951507563 0.2334948 0.2234948 "" "" 2.8096915802309157 "" 0.6428827062292669 ""
274.61267967721 -13.48242268901 0.0492 0.0463 19.7807 "" "" 4152671352992876800 1445.66187 0.6728 0.0558 1.879 -4.339 0.061 0.051 1.194 6013.1 4.3783 16.06947 1.506169 16.762707 15.256537 "" "" 1341.47083 1559.39856 7033.30258 3.9835 2693.6 13.855 6259.6 15.963 "" "" 0.002823107418314394 0.0062428853 0.004685083 0.010927968 274.61267967721 -13.48242268901 1445.66187 1.8789999999999991 -4.338999999999999 1.695593497991562 -2.6921137704849247 0.2274948 0.2174948 "" "" 21.801644727856164 "" 4.804672288831343 ""
274.52120863206 -13.75075356611 0.0417 0.0378 10.5784 "" "" 4146614766210122240 1627.8667 0.5804 0.0477 -0.08 -0.376 0.054 0.044 0.932 6064.3 4.3978 16.069986 1.320776 16.647688 15.326912 "" "" 1524.66699 1758.37732 7029.94438 4.15 2994.6 16.696 5866.7 38.671 "" "" 0.002828886602170103 0.006665467 0.008093379 0.014758846 274.52120863206 -13.75075356611 1627.8667 -0.08 -0.37599999999999995 -0.2634065020084381 1.2708862295150758 0.2204948 0.2104948 "" "" 10.014682235421379 "" 2.112257178781443 ""
274.68233608322 -13.76636279375 0.0703 0.0594 2.2751 "" "" 4146600781797334144 1330.57861 0.7263 0.0864 0.406 -1.146 0.108 0.068 1.021 "" "" 16.070002 2.311132 17.312992 15.00186 "" "" 1175.09009 1537.4978 7029.84723 37.22 1622.6 165.05 7914.3 337.29 "" "" 0.006374722217292007 0.11047575 0.046425767 0.15690151 274.68233608322 -13.76636279375 1330.57861 0.406 -1.1460000000000001 0.22259349799156192 0.5008862295150758 0.2744948 0.2344948 "" "" 3.45695762076189 "" 0.835021837342785 ""
274.6639266663 -13.61558086035 0.0386 0.0368 11.3465 "" "" 4152622360313191552 1305.91064 0.7368 0.0482 0.387 -6.457 0.051 0.041 1.044 4823.6 4.2897 16.070597 1.468778 16.684254 15.215476 "" "" 1233.05701 1396.0575 7026.0023 4.0929 2895.4 21.655 6500.8 73.01 "" "" 0.0028269808981480123 0.008586319 0.012766089 0.021352408 274.6639266663 -13.61558086035 1305.91064 0.387 -6.457 0.2035934979915619 -4.810113770484924 0.2174948 0.2074948 "" "" 29.801342043226388 "" 6.184169122631006 ""
274.6080049476 -13.95263096388 0.0441 0.0375 10.3406 "" "" 4146591053692832512 1464.04736 0.6469 0.0492 -6.169 -6.517 0.053 0.044 1.048 5880.9 4.4282 16.070614 1.478802 16.739416 15.260614 "" "" 1370.47754 1569.27478 7025.88165 4.2025 2752.0 13.204 6236.1 19.422 "" "" 0.00283082081308552 0.005909493 0.0050712964 0.01098079 274.6080049476 -13.95263096388 1464.04736 -6.169 -6.517 -6.352406502008438 -4.870113770484925 0.2194948 0.2104948 "" "" 55.547494924777574 "" 12.009748148367981 ""
274.6470391367 -14.05264707314 0.0515 0.0459 15.2766 "" "" 4146586316348653312 1652.46094 0.5826 0.0501 1.976 0.609 0.058 0.046 0.975 7066.4 4.3418 16.0718 1.328609 16.65381 15.325201 "" "" 1529.85034 1805.75293 7018.21407 3.8912 2977.8 19.138 5875.9 15.209 "" "" 0.0028203134582634277 0.007515069 0.004709717 0.012224786 274.6470391367 -14.05264707314 1652.46094 1.9760000000000009 0.609 1.7925934979915619 2.2558862295150757 0.2244948 0.2124948 "" "" 22.568970068073607 "" 4.902385876328994 ""
274.5342275731 -14.08087200668 0.0476 0.0429 19.1525 "" "" 4146585319914124032 1377.04626 0.6978 0.0526 -1.381 -7.39 0.055 0.044 1.057 4974.4 4.1792 16.073404 1.853054 16.991371 15.138317 "" "" 1306.46887 1471.02612 7007.84827 3.9119 2182.1 11.092 6979.6 19.062 "" "" 0.0028211908734354085 0.0061841966 0.0048037977 0.010987994 274.5342275731 -14.08087200668 1377.04626 -1.381 -7.39 -1.5644065020084381 -5.743113770484924 0.2214948 0.2104948 "" "" 38.852313284616244 "" 8.20844624485437 ""
274.48098972102 -13.78826476589 0.0423 0.0364 12.4874 "" "" 4146605763958668928 1756.828 0.5427 0.0471 2.298 -4.815 0.058 0.044 0.971 5205.1 4.2428 16.074114 1.549228 16.789743 15.240516 "" "" 1628.61597 1907.82312 7003.27945 3.971 2627.4 14.56 6352.6 23.977 "" "" 0.0028232596111880436 0.006632188 0.005574675 0.012206863 274.48098972102 -13.78826476589 1756.828 2.298000000000001 -4.814999999999996 2.114593497991562 -3.1681137704849247 0.2244948 0.2104948 "" "" 31.71889890516066 "" 6.816608699989027 ""
274.35703570192 -13.94917009263 0.0421 0.0366 21.5583 "" "" 4146602602862714112 1680.45862 0.5624 0.0466 1.511 -0.652 0.054 0.04 1.087 7425.1 4.259 16.074717 1.477718 16.746527 15.268808 "" "" 1538.30493 1807.05212 6999.38924 3.5946 2734.0 13.12 6189.2 13.112 "" "" 0.002811173359309949 0.00591032 0.0044243056 0.010334626 274.35703570192 -13.94917009263 1680.45862 1.5109999999999995 -0.6519999999999997 1.3275934979915618 0.9948862295150757 0.2204948 0.20649481 "" "" 13.214608299537261 "" 2.8486040145115026 ""
274.94256330109 -13.59627359156 0.0507 0.0471 19.0101 "" "" 4152608719497212800 1685.03149 0.5691 0.056 1.206 -4.859 0.059 0.05 1.192 5003.9 4.2895 16.075253 1.471101 16.747261 15.27616 "" "" 1527.50183 1818.25732 6995.93125 4.3678 2732.2 17.03 6147.4 17.834 "" "" 0.002837478952280428 0.0073200907 0.004919848 0.012239939 274.94256330109 -13.59627359156 1685.03149 1.2060000000000002 -4.859 1.0225934979915619 -3.2121137704849243 0.2254948 0.2164948 "" "" 26.924024784796078 "" 5.851629349003207 ""
275.00125156601 -13.72387667975 0.0542 0.0519 18.4682 "" "" 4152603015780450944 1359.30115 0.7206 0.0628 1.756 -2.394 0.062 0.05 1.161 5595.7 4.5681 16.077173 1.390196 16.664684 15.274488 "" "" 1252.87451 1481.9762 6983.57136 5.6489 2948.1 32.424 6156.9 26.195 "" "" 0.002891900007999074 0.01226286 0.005968425 0.018231286 275.00125156601 -13.72387667975 1359.30115 1.7559999999999987 -2.394 1.572593497991562 -0.7471137704849244 0.2284948 0.2164948 "" "" 11.217689655476361 "" 2.5389319806201236 ""
274.92245942649 -14.11969737569 0.0433 0.0413 23.2033 "" "" 4146399498148671232 1851.25574 0.5288 0.0526 0.474 -1.309 0.057 0.043 1.009 8198.6 4.1376 16.078285 1.632086 16.84392 15.211834 "" "" 1683.59082 2048.89014 6976.42099 4.3102 2499.5 14.16 6522.7 15.562 "" "" 0.002835798621104853 0.006754101 0.0045818947 0.011335995 274.92245942649 -14.11969737569 1851.25574 0.4740000000000002 -1.309 0.29059349799156187 0.33788622951507574 0.2234948 0.2094948 "" "" 3.9106338749682754 "" 0.8429699037980817 ""
274.94806296147 -14.08925736128 0.0422 0.0399 22.6702 "" "" 4146399949128748928 1536.40833 0.6198 0.0522 -3.648 -0.677 0.056 0.043 1.004 7646.0 4.405 16.078611 1.656557 16.856638 15.200081 "" "" 1421.91663 1661.30237 6974.32305 3.9166 2470.4 9.3571 6593.6 22.064 "" "" 0.0028219761909946245 0.0049696187 0.0052424865 0.010212105 274.94806296147 -14.08925736128 1536.40833 -3.648 -0.6769999999999996 -3.8314065020084382 0.9698862295150756 0.22249481 0.2094948 "" "" 28.78262807417531 "" 6.3820728880642585 ""
274.55638417191 -13.83706448472 0.0448 0.039 8.3304 "" "" 4146610260786656768 1416.79565 0.6788 0.0502 0.972 -5.576 0.06 0.046 0.936 7791.0 4.1825 16.078732 1.775716 16.935799 15.160083 "" "" 1328.90601 1512.42371 6973.55038 4.8288 2296.7 13.482 6841.1 17.581 "" "" 0.002856048249201365 0.0069574327 0.004697785 0.011655217 274.55638417191 -13.83706448472 1416.79565 0.9719999999999993 -5.5760000000000005 0.7885934979915619 -3.929113770484924 0.2264948 0.2124948 "" "" 26.912610240781255 "" 5.733840500656826 ""
274.48598042613 -13.85072479106 0.0424 0.0361 12.5087 "" "" 4146605244264857088 1386.5072 0.6867 0.046 -1.679 -4.823 0.055 0.043 1.045 6170.1 4.3536 16.079262 1.462673 16.742224 15.279551 "" "" 1315.60889 1461.23792 6970.15173 3.9276 2744.9 17.88 6128.3 27.773 "" "" 0.0028224259661828862 0.007602864 0.006204419 0.013807283 274.48598042613 -13.85072479106 1386.5072 -1.6790000000000014 -4.823 -1.8624065020084382 -3.1761137704849247 0.2214948 0.2094948 "" "" 24.19749240594179 "" 5.145104280164453 ""
274.5376942639 -13.51280602909 0.0449 0.0419 19.6367 "" "" 4152671048063575296 1371.09973 0.6965 0.0526 -1.413 -2.25 0.055 0.046 0.942 6055.3 4.4202 16.079906 1.363131 16.690344 15.327212 "" "" 1289.85974 1464.88281 6966.01393 7.619 2879.3 23.531 5865.1 23.759 "" "" 0.0030003289133378247 0.009301496 0.0057989717 0.015100468 274.5376942639 -13.51280602909 1371.09973 -1.413 -2.2500000000000018 -1.5964065020084381 -0.6031137704849243 0.2214948 0.2124948 "" "" 11.090789308926219 "" 2.4443075578178863 ""
274.79288927162 -13.43094685952 0.0458 0.0422 23.0032 "" "" 4152632217250948352 1308.00024 0.7298 0.0571 2.458 -1.404 0.059 0.044 1.115 4826.3 4.3323 16.081385 1.443075 16.740896 15.297821 "" "" 1223.86829 1404.59485 6956.53263 4.4643 2748.3 15.381 6026.0 25.874 "" "" 0.0028420534112512815 0.0066863596 0.006001385 0.012687745 274.79288927162 -13.43094685952 1308.00024 2.458 -1.4040000000000006 2.274593497991562 0.24288622951507577 0.2254948 0.2104948 "" "" 14.182472806014902 "" 3.1957544496998147 ""
274.72723798334 -14.02124793455 0.0497 0.0443 13.2723 "" "" 4146586694303583744 1603.48547 0.6066 0.0575 -2.066 1.224 0.058 0.045 0.947 5209.2 4.2677 16.08161 1.645787 16.856968 15.211181 "" "" 1459.85608 1743.83044 6955.09488 4.2409 2469.6 11.962 6526.6 12.976 "" "" 0.0028337389341832908 0.005953311 0.004352403 0.010305714 274.72723798334 -14.02124793455 1603.48547 -2.0659999999999994 1.2239999999999998 -2.249406502008438 2.870886229515076 0.2244948 0.2114948 "" "" 27.720359658140243 "" 6.002339965727129 ""
274.43041182431 -13.67289754717 0.0455 0.0397 17.2552 "" "" 4146663140431061376 1588.65247 0.5983 0.0548 0.227 -2.696 0.063 0.045 1.007 6005.1 4.4509 16.08208 1.378861 16.697632 15.318771 "" "" 1486.82593 1724.55566 6952.07417 4.2824 2860.0 21.043 5910.8 9.4454 "" "" 0.0028353279632625547 0.00846176 0.004158598 0.012620358 274.43041182431 -13.67289754717 1588.65247 0.22700000000000012 -2.696 0.0435934979915619 -1.0491137704849245 0.22949481 0.2114948 "" "" 7.906867120494788 "" 1.6725170432328642 ""
