Clusters/NGC_6611/NGC_6611_members.tsv
# %ECSV 1.0
# ---
# datatype:
# - name: RA_ICRS_1
#   unit: deg
#   datatype: float64
#   format: '{:15.11f}'
#   description: Right ascension (ICRS) at Ep=2016.0 (ra)
#   meta: !!omap
#   - {ucd: POS_EQ_RA_MAIN}
#   - {width: 15}
#   - {precision: '11'}
# - name: DE_ICRS_1
#   unit: deg
#   datatype: float64
#   format: '{:15.11f}'
#   description: Declination (ICRS) at Ep=2016.0 (dec)
#   meta: !!omap
#   - {ucd: POS_EQ_DEC_MAIN}
#   - {width: 15}
#   - {precision: '11'}
# - name: e_RA_ICRS
#   unit: mas
#   datatype: float64
#   format: '{:7.4f}'
#   description: Standard error of right ascension (ra_error)
#   meta: !!omap
#   - {ucd: ERROR}
#   - {width: 7}
#   - {precision: '4'}
# - name: e_DE_ICRS
#   unit: mas
#   datatype: float64
#   format: '{:7.4f}'
#   description: Standard error of declination (dec_error)
#   meta: !!omap
#   - {ucd: ERROR}
#   - {width: 7}
#   - {precision: '4'}
# - name: _r_1
#   unit: ''
#   datatype: float64
#   format: '{:7.4f}'
#   description: Distance from center (274.69480687000-13.80229428000)[ICRS], at Epoch=J2016.0
#   meta: !!omap
#   - {ucd: POS_ANG_DIST_GENERAL}
#   - {width: 7}
#   - {precision: '4'}
# - name: HIP
#   datatype: int32
#   description: '? HIP cross-id number, van Leeuwen, Cat. I/311 (hip_original_ext_source_id)'
#   meta: !!omap
#   - {ucd: ID_NUMBER}
#   - {width: 6}
#   - values: {'null': -2147483648}
# - name: TYC2
#   datatype: string
#   description: Tycho-2 cross-id name, Hog et al., Cat. I/259 (tyc2_original_ext_source_id)
#   meta: !!omap
#   - {ucd: ID_CROSSID}
#   - {_votable_string_dtype: char}
# - name: Source
#   datatype: int64
#   description: Source identifier, identical to the Gaia-EDR3 source_id (id)
#   meta: !!omap
#   - {ucd: ID_MAIN}
#   - {width: 19}
# - name: rgeo
#   unit: pc
#   datatype: float64
#   format: '{:15.8f}'
#   description: '? Median of the geometric distance posterior (r_med_geo)'
#   meta: !!omap
#   - {ucd: PHYS_DISTANCE_TRUE}
#   - {width: 15}
#   - {precision: '8'}
#   - values: {'null': .nan}
# - name: Plx
#   unit: mas
#   datatype: float64
#   format: '{:9.4f}'
#   description: '? Parallax (parallax)'
#   meta: !!omap
#   - {ucd: POS_PARLX_TRIG}
#   - {width: 9}
#   - {precision: '4'}
#   - values: {'null': .nan}
# - name: e_Plx
#   unit: mas
#   datatype: float32
#   format: '{:7.4f}'
#   description: '? Standard error of parallax (parallax_error)'
#   meta: !!omap
#   - {ucd: ERROR}
#   - {width: 7}
#   - {precision: '4'}
#   - values: {'null': .nan}
# - name: pmRA
#   unit: mas / yr
#   datatype: float64
#   format: '{:9.3f}'
#   description: '? Proper motion in right ascension direction, pmRA*cosDE (pmra)'
#   meta: !!omap
#   - {ucd: POS_EQ_PMRA}
#   - {width: 9}
#   - {precision: '3'}
#   - values: {'null': .nan}
# - name: pmDE
#   unit: mas / yr
#   datatype: float64
#   format: '{:9.3f}'
#   description: '? Proper motion in declination direction (pmdec)'
#   meta: !!omap
#   - {ucd: POS_EQ_PMDEC}
#   - {width: 9}
#   - {precision: '3'}
#   - values: {'null': .nan}
# - name: e_pmRA
#   unit: mas / yr
#   datatype: float32
#   format: '{:6.3f}'
#   description: '? Standard error of proper motion in right ascension direction (pmra_error)'
#   meta: !!omap
#   - {ucd: ERROR}
#   - {width: 6}
#   - {precision: '3'}
#   - values: {'null': .nan}
# - name: e_pmDE
[...]
#         unit: &id001 !astropy.units.Unit {unit: deg}
#         value: !astropy.table.SerializedColumn {name: SkyCoord.dec}
#       distance: !astropy.table.SerializedColumn
#         __class__: astropy.coordinates.distances.Distance
#         unit: !astropy.units.Unit {unit: pc}
#         value: !astropy.table.SerializedColumn {name: SkyCoord.distance}
#       frame: icrs
#       obstime: !astropy.time.Time {format: jyear_str, in_subfmt: '*', jd1: 367701545.0, jd2: 0.0, out_subfmt: '*', precision: 3, scale: tt}
#       pm_dec: !astropy.table.SerializedColumn
#         __class__: astropy.units.quantity.Quantity
#         unit: !astropy.units.Unit {unit: mas / yr}
#         value: !astropy.table.SerializedColumn {name: SkyCoord.pm_dec}
#       pm_ra_cosdec: !astropy.table.SerializedColumn
#         __class__: astropy.units.quantity.Quantity
#         unit: !astropy.units.Unit {unit: mas / yr}
#         value: !astropy.table.SerializedColumn {name: SkyCoord.pm_ra_cosdec}
#       ra: !astropy.table.SerializedColumn
#         __class__: astropy.coordinates.angles.Longitude
#         unit: *id001
#         value: !astropy.table.SerializedColumn {name: SkyCoord.ra}
#         wrap_angle: !astropy.coordinates.Angle
#           unit: *id001
#           value: 360.0
#       representation_type: spherical
# schema: astropy-2.0
RA_ICRS_1 DE_ICRS_1 e_RA_ICRS e_DE_ICRS _r_1 HIP TYC2 Source rgeo Plx e_Plx pmRA pmDE e_pmRA e_pmDE RUWE Teff logg Gmag BP-RP BPmag RPmag RV e_RV b_rgeo B_rgeo FG e_FG FBP e_FBP FRP e_FRP RAVE5 RAVE6 e_Gmag e_BPmag e_RPmag e_BP-RP SkyCoord.ra SkyCoord.dec SkyCoord.distance SkyCoord.pm_ra_cosdec SkyCoord.pm_dec Pmemb
[from data line 40]
274.72195286629 -13.76867036267 0.0158 0.0161 2.5636 "" "" 4146600541278311680 1565.1781 0.6103 0.0219 0.385 -1.888 0.02 0.015 0.981 "" "" 12.957475 1.454047 13.610971 12.156923 11.01 3.15 1515.60852 1616.02502 123582.46777 60.836 49094.0 86.129 108740.0 126.06 "" "" 0.002806680212421099 0.0033783491 0.003983463 0.0073618125 274.72195286629 -13.76867036267 1565.1781 0.385 -1.888 1.0
274.66816541356 -13.77169539122 0.0169 0.0151 2.4043 "" "" 4146612425456526208 1793.8512 0.5269 0.0198 0.303 -1.384 0.021 0.017 0.997 11086.2 3.4235 12.990537 1.117075 13.447035 12.32996 "" "" 1732.49902 1877.23389 119875.90002 48.012 57096.0 84.837 92720.0 124.68 "" "" 0.002789424011712561 0.0032229878 0.0040515773 0.0072745653 274.66816541356 -13.77169539122 1793.8512 0.30299999999999994 -1.384 1.0
274.82970070068 -13.73121632613 0.0178 0.0176 8.9434 "" "" 4152605214803721216 1822.50256 0.5075 0.0229 0.397 -1.697 0.022 0.018 1.058 "" "" 12.991398 0.980281 13.383739 12.403459 80.83 20.74 1753.72217 1917.23499 119780.95034 43.567 60523.0 90.674 86651.0 79.801 "" "" 0.0027834763341695093 0.0032296977 0.0039094165 0.007139114 274.82970070068 -13.73121632613 1822.50256 0.397 -1.6969999999999998 0.9
274.70486831848 -13.80118257278 0.0126 0.0117 0.59 "" "" 4146600399547025280 1752.25806 0.5312 0.0153 0.261 -1.764 0.015 0.012 0.972 "" "" 13.080437 0.867898 13.412158 12.54426 "" "" 1699.09998 1791.19958 110349.91803 28.859 58959.0 64.666 76112.0 94.703 "" "" 0.0027699122587341377 0.0030336655 0.0040135714 0.007047237 274.70486831848 -13.80118257278 1752.25806 0.261 -1.764 1.0
274.66499863774 -13.84833955697 0.0126 0.0121 3.2632 "" "" 4146598685852419584 1710.24023 0.5378 0.0156 0.236 -1.814 0.016 0.013 1.018 8809.5 3.358 13.114791 1.066314 13.549168 12.482854 "" "" 1671.90283 1758.54395 106912.97415 25.625 51970.0 45.25 80541.0 40.683 "" "" 0.002767581829505098 0.0029459675 0.003818966 0.0067649335 274.66499863774 -13.84833955697 1710.24023 0.236 -1.8140000000000003 1.0
274.72088970347 -13.77919656175 0.0175 0.0179 2.0568 "" "" 4146600536980521344 1677.02966 0.5548 0.0246 0.205 -1.552 0.022 0.019 1.275 "" "" 13.159858 1.014917 13.565669 12.550752 "" "" 1625.06604 1744.13965 102566.06101 39.22 51186.0 70.977 75658.0 52.513 "" "" 0.002786423752000158 0.0031704388 0.0038537811 0.00702422 274.72088970347 -13.77919656175 1677.02966 0.20500000000000002 -1.552 1.0
274.69477143541 -13.79686758543 0.0132 0.0123 0.3256 "" "" 4146600403839355392 1737.39062 0.5357 0.0158 0.331 -1.509 0.016 0.013 0.944 "" "" 13.23528 0.94957 13.609912 12.660342 "" "" 1693.90588 1785.49182 95683.01862 21.468 49142.0 38.308 68395.0 34.056 "" "" 0.0027660678566084835 0.0029157149 0.0038178526 0.0067335675 274.69477143541 -13.79686758543 1737.39062 0.331 -1.5089999999999997 1.0
274.69419392477 -13.78330934117 0.0159 0.0153 1.1397 "" "" 4146600609998380800 1702.27026 0.5451 0.0189 0.41 -1.681 0.021 0.016 0.98 "" "" 13.348633 1.032316 13.764048 12.731731 "" "" 1649.02917 1751.35571 86197.27335 62.48 42638.0 115.89 64042.0 103.67 "" "" 0.0028655104197651336 0.0040612337 0.0041680667 0.0082293 274.69419392477 -13.78330934117 1702.27026 0.4099999999999999 -1.681 0.9
274.73160433226 -13.81238271543 0.0154 0.0144 2.2279 "" "" 4146599579205601920 1786.75305 0.5166 0.0194 0.284 -1.718 0.018 0.014 1.026 15005.0 3.9227 13.406204 1.699477 14.208554 12.509077 10.26 4.64 1730.19775 1851.61682 81745.69883 26.124 28314.0 104.15 78619.0 131.05 "" "" 0.002777081479542447 0.0048718783 0.0041903644 0.009062243 274.73160433226 -13.81238271543 1786.75305 0.28400000000000003 -1.718 1.0
274.67327993714 -13.71334890029 0.0153 0.016 5.4822 "" "" 4146613288741318016 1807.43689 0.5145 0.0209 -0.126 -1.703 0.018 0.016 1.135 "" "" 13.463306 1.529347 14.137624 12.608276 90.12 7.83 1742.45483 1879.19861 77557.54681 36.878 30225.0 59.442 71754.0 46.669 "" "" 0.002803268214707546 0.0035134593 0.0038447883 0.0073582474 274.67327993714 -13.71334890029 1807.43689 -0.126 -1.703 0.9
274.72894693215 -13.81274233433 0.0147 0.0143 2.0857 "" "" 4146599579205603456 1826.45129 0.5076 0.0191 0.434 -1.707 0.018 0.014 0.979 "" "" 13.483989 0.904558 13.840255 12.935697 104.37 23.87 1760.18726 1903.35632 76094.11637 23.836 39748.0 49.886 53074.0 145.37 "" "" 0.002776230791409469 0.0031051396 0.0048090997 0.00791424 274.72894693215 -13.81274233433 1826.45129 0.4339999999999999 -1.7069999999999999 1.0
274.6656373766 -13.78233464096 0.0215 0.0196 2.0792 "" "" 4146600644357559680 1787.55847 0.5233 0.0212 0.239 -1.606 0.024 0.02 1.097 "" "" 13.494164 1.038263 13.9139 12.875637 "" "" 1727.22046 1868.70386 75384.34566 44.579 37141.0 82.655 56092.0 85.593 "" "" 0.002829138797353126 0.0036909697 0.0041265734 0.007817543 274.6656373766 -13.78233464096 1787.55847 0.23900000000000002 -1.6059999999999999 1.0
274.62228244743 -13.70116146414 0.0144 0.0133 7.395 "" "" 4146613907216640256 1517.13342 0.6109 0.0179 -0.03 -1.368 0.019 0.015 1.098 "" "" 13.508818 2.286319 14.703216 12.416897 "" "" 1473.42859 1556.29346 74373.7248 28.5 17953.0 27.85 85585.0 55.833 "" "" 0.0027865552688803824 0.003259114 0.003845181 0.0071042953 274.62228244743 -13.70116146414 1517.13342 -0.030000000000000002 -1.3680000000000003 1.0
274.65272354284 -13.78873008439 0.0167 0.0167 2.5837 "" "" 4146610913628015872 1637.12646 0.5721 0.0217 -0.073 -1.665 0.02 0.017 1.217 "" "" 13.538541 1.359175 14.124006 12.764832 "" "" 1582.49646 1705.3446 72365.30059 17.866 30607.0 52.054 62119.0 84.475 "" "" 0.002768328375867856 0.0033458543 0.0040575513 0.0074034054 274.65272354284 -13.78873008439 1637.12646 -0.07299999999999998 -1.665 1.0
274.67870742593 -13.7785210653 0.015 0.015 1.7072 "" "" 4146600674426021888 1627.97278 0.5729 0.0201 0.146 -1.436 0.02 0.016 0.984 "" "" 13.543739 0.991513 13.937527 12.946013 "" "" 1565.34778 1688.073 72019.68346 29.743 36342.0 92.417 52572.0 91.827 "" "" 0.00279156672446683 0.003925328 0.004228502 0.00815383 274.67870742593 -13.7785210653 1627.97278 0.14599999999999996 -1.4360000000000002 1.0
274.65185651621 -13.78859667099 0.0198 0.0183 2.6342 "" "" 4146610913628014080 1737.64941 0.5352 0.0236 0.22 -1.519 0.026 0.02 1.439 "" "" 13.545285 1.338584 14.117537 12.778954 "" "" 1672.24658 1813.6781 71917.20369 33.873 30789.0 66.964 61316.0 173.59 "" "" 0.0028023741083583616 0.0036553075 0.0048715454 0.008526852 274.65185651621 -13.78859667099 1737.64941 0.21999999999999997 -1.5189999999999997 1.0
274.705014311 -13.78175761549 0.017 0.0168 1.3682 "" "" 4146600713077005312 1696.01025 0.5458 0.0224 0.142 -1.635 0.022 0.017 1.157 "" "" 13.576579 1.509664 14.23496 12.725296 "" "" 1644.29321 1767.07336 69873.92874 53.094 27633.0 73.148 64423.0 110.98 "" "" 0.0028761808725329633 0.0040056687 0.004216873 0.008222542 274.705014311 -13.78175761549 1696.01025 0.14200000000000002 -1.6350000000000005 1.0
274.67324958631 -13.77526398918 0.0192 0.0164 2.0514 "" "" 4146600678717298304 1615.22168 0.5718 0.0227 0.046 -1.639 0.025 0.018 1.175 7937.9 3.4382 13.672956 1.82005 14.552929 12.732879 1.3 7.17 1558.44617 1668.96606 63938.73655 160.69 20618.0 237.56 63974.0 537.4 "" "" 0.003877804052123014 0.012817202 0.009872546 0.022689749 274.67324958631 -13.77526398918 1615.22168 0.046 -1.6389999999999998 1.0
274.65131385226 -13.85957319008 0.0156 0.0147 4.2699 "" "" 4146598273535559936 1685.75195 0.5468 0.0203 0.172 -1.492 0.019 0.016 0.96 "" "" 13.695638 0.867436 14.032029 13.164593 "" "" 1634.47168 1738.22681 62616.91197 15.115 33312.0 34.273 42985.0 48.232 "" "" 0.0027677567671124674 0.0030054727 0.003970882 0.006976355 274.65131385226 -13.85957319008 1685.75195 0.17199999999999996 -1.4920000000000002 1.0
274.60508114457 -13.88873771649 0.0162 0.0143 7.3637 "" "" 4146598166158712576 1703.17322 0.5522 0.0194 0.273 -1.359 0.02 0.016 0.972 "" "" 13.706197 0.864702 14.040461 13.175758 "" "" 1656.91211 1764.48755 62010.89396 17.47 33055.0 40.023 42546.0 32.698 "" "" 0.0027722465915522012 0.003084355 0.0038703992 0.0069547542 274.60508114457 -13.88873771649 1703.17322 0.273 -1.3589999999999998 1.0
274.68855726513 -13.78900817319 0.0169 0.016 0.8764 "" "" 4146600609997796864 1659.08643 0.5653 0.0199 0.172 -1.687 0.022 0.018 1.196 6908.7 3.3413 13.769483 1.476756 14.431603 12.954847 "" "" 1603.31323 1700.12756 58499.73348 67.35 23056.0 98.78 52146.0 168.62 "" "" 0.003025603237361929 0.005424309 0.005158469 0.010582779 274.68855726513 -13.78900817319 1659.08643 0.17200000000000001 -1.6870000000000003 1.0
274.63838149679 -13.75223648534 0.0186 0.0176 4.4534 "" "" 4146612670266022528 1570.55713 0.5953 0.0224 -0.138 -1.563 0.022 0.019 1.209 "" "" 13.825646 1.5091 14.494301 12.985201 "" "" 1512.453 1631.23621 55550.51296 22.056 21762.0 52.206 50708.0 20.512 "" "" 0.0027888391385804197 0.0038169543 0.0038048152 0.00762177 274.63838149679 -13.75223648534 1570.55713 -0.13799999999999998 -1.5630000000000002 1.0
274.79022130116 -13.857623493 0.0269 0.0244 6.4747 "" "" 4146596310738270464 1470.62488 0.6328 0.0332 0.077 -2.108 0.034 0.027 1.807 9525.7 3.9569 13.829195 0.920399 14.196776 13.276378 "" "" 1394.03064 1564.55872 55369.24332 14.637 28622.0 46.809 38780.0 62.968 "" "" 0.002770228911987481 0.0033072538 0.004170332 0.007477586 274.79022130116 -13.857623493 1470.62488 0.077 -2.108 0.9
274.67605172305 -13.79179939728 0.0169 0.0156 1.2613 "" "" 4146600575638067072 1676.64929 0.5553 0.0197 0.333 -2.192 0.021 0.018 1.0 "" "" 13.88393 1.10238 14.335364 13.232985 "" "" 1622.92847 1720.12781 52647.14568 14.677 25192.0 39.587 40361.0 36.718 "" "" 0.002771895717369893 0.0032704673 0.0039063217 0.007176789 274.67605172305 -13.79179939728 1676.64929 0.3330000000000001 -2.192 0.8
274.65005685769 -13.75365798393 0.0158 0.0144 3.9136 "" "" 4146612704625753600 1674.00098 0.5552 0.0186 0.261 -1.708 0.02 0.017 0.998 "" "" 13.884315 1.493816 14.553078 13.059261 "" "" 1608.77356 1751.03882 52628.45836 17.21 20615.0 32.557 47365.0 30.448 "" "" 0.0027781013290187 0.003274936 0.0038432882 0.007118224 274.65005685769 -13.75365798393 1674.00098 0.261 -1.708 0.9
274.54728812574 -13.87646426003 0.0174 0.0153 9.678 "" "" 4146604286489835264 1658.39661 0.561 0.0197 -0.022 -2.104 0.023 0.018 0.929 "" "" 13.906014 0.786092 14.212511 13.426419 "" "" 1607.72485 1717.47083 51587.13147 18.498 28211.0 37.322 33775.0 27.777 "" "" 0.0027826893707584423 0.003138192 0.0038834314 0.0070216237 274.54728812574 -13.87646426003 1658.39661 -0.022 -2.104 0.9
274.71534535041 -13.79991970112 0.0181 0.0179 1.2052 "" "" 4146600335119862912 1635.71582 0.5684 0.023 0.401 -1.607 0.023 0.018 1.128 "" "" 13.906853 1.783181 14.760291 12.97711 19.85 5.17 1565.52588 1693.39734 51547.25328 18.582 17033.0 35.031 51087.0 57.335 "" "" 0.002782979807069621 0.0035736908 0.00397096 0.0075446507 274.71534535041 -13.79991970112 1635.71582 0.40099999999999997 -1.607 1.0
274.65682512507 -13.75368083953 0.0336 0.0308 3.6615 "" "" 4146612498467320064 1661.05554 0.5707 0.0397 0.141 -1.709 0.043 0.036 2.035 "" "" 13.953449 1.66804 14.711134 13.043094 59.01 6.99 1579.71204 1799.54077 49381.82967 50.336 17822.0 53.366 48075.0 88.954 "" "" 0.0029692772948161496 0.004284251 0.004280144 0.008564395 274.65682512507 -13.75368083953 1661.05554 0.14099999999999996 -1.709 1.0
274.74539818801 -13.69483454589 0.0177 0.018 7.0898 "" "" 4152617927906894080 1722.45215 0.5419 0.0237 0.31 -1.319 0.023 0.018 1.039 "" "" 14.091754 1.613417 14.825778 13.212361 "" "" 1658.30347 1813.69983 43475.56792 20.892 16036.0 34.519 41135.0 74.195 "" "" 0.0028042839059673674 0.0036396862 0.0042566196 0.007896306 274.74539818801 -13.69483454589 1722.45215 0.31000000000000005 -1.3189999999999997 1.0
274.82117773632 -13.9140759712 0.0187 0.0167 9.9587 "" "" 4146594871922064000 1753.0116 0.5295 0.0199 0.189 -1.487 0.023 0.019 0.99 "" "" 14.095732 0.924425 14.45985 13.535425 "" "" 1697.5979 1816.40979 43316.55129 14.14 22463.0 29.224 30548.0 42.74 "" "" 0.0027780215758039235 0.0031273433 0.00407324 0.007200583 274.82117773632 -13.9140759712 1753.0116 0.189 -1.4869999999999997 1.0
274.6578619937 -13.77484966917 0.0186 0.0182 2.7104 "" "" 4146612391096772224 1741.89429 0.5286 0.0239 0.244 -1.578 0.024 0.021 1.074 "" "" 14.097256 1.980334 15.077405 13.097071 "" "" 1674.65405 1833.54407 43255.80458 13.406 12719.0 42.249 45744.0 39.175 "" "" 0.002775791518341136 0.0045598247 0.0038920809 0.008451905 274.6578619937 -13.77484966917 1741.89429 0.24400000000000002 -1.578 1.0
274.7523827463 -13.7639853477 0.0195 0.0194 4.0669 "" "" 4146600884875679232 1710.76709 0.5413 0.0255 0.395 -1.656 0.025 0.02 1.016 15008.5 4.1815 14.22233 1.678447 15.010088 13.331641 33.68 4.79 1644.26379 1795.44385 38549.13786 11.787 13533.0 25.784 36855.0 33.391 "" "" 0.002775247850270443 0.0034733603 0.0039053 0.00737866 274.7523827463 -13.7639853477 1710.76709 0.395 -1.6559999999999997 1.0
274.63108786752 -13.91517673646 0.0199 0.0176 7.7234 "" "" 4146591401587863808 1769.0835 0.5305 0.0237 0.312 -2.005 0.025 0.019 1.01 "" "" 14.265266 0.915092 14.62285 13.707758 "" "" 1714.94409 1836.47668 37054.43588 12.56 19332.0 67.44 26065.0 62.496 "" "" 0.002779789484111127 0.0047043622 0.0045891968 0.009293559 274.63108786752 -13.91517673646 1769.0835 0.31200000000000006 -2.005 0.9
274.66460691277 -13.82094482054 0.0205 0.0211 2.0853 "" "" 4146598857651131776 1715.8446 0.5473 0.0287 -0.017 -1.216 0.026 0.021 1.003 "" "" 14.349922 1.01218 14.753448 13.741268 "" "" 1642.30603 1788.85828 34275.04158 12.405 17141.0 46.552 25273.0 29.582 "" "" 0.002783200173747783 0.0040595215 0.003987329 0.008046851 274.66460691277 -13.82094482054 1715.8446 -0.017000000000000005 -1.216 0.9
274.66495231785 -13.9565571523 0.0224 0.0195 9.4177 "" "" 4146588103052934784 1663.46704 0.568 0.025 0.23 -1.597 0.028 0.02 0.989 5656.8 3.5179 14.37258 1.55235 15.083056 13.530706 135.1 7.17 1578.04626 1725.42798 33567.19619 39.705 12653.0 66.298 30681.0 110.37 "" "" 0.0030399218154396478 0.0063363286 0.0054349527 0.011771281 274.66495231785 -13.9565571523 1663.46704 0.23000000000000004 -1.597 1.0
274.78914023253 -13.84478518228 0.0306 0.0302 6.0586 "" "" 4146596315030403456 1556.17822 0.6126 0.0393 0.489 -1.596 0.037 0.031 1.477 "" "" 14.435228 1.362088 14.968818 13.60673 "" "" 1466.96924 1646.66248 31685.1197 1057.1 14057.0 1697.0 28607.0 2697.8 "" "" 0.03632769155083138 0.13110277 0.10246072 0.23356348 274.78914023253 -13.84478518228 1556.17822 0.489 -1.596 0.9
274.74587994543 -13.77111624664 0.0245 0.0243 3.5152 "" "" 4146600850515939584 1304.33643 0.7334 0.0306 -0.047 -2.304 0.031 0.023 0.96 7493.0 4.1605 14.454404 1.188318 14.965939 13.77762 "" "" 1261.32092 1349.43469 31130.44746 11.443 14094.0 30.638 24440.0 24.808 "" "" 0.0027840740104397937 0.0036545363 0.0039367904 0.0075913267 274.74587994543 -13.77111624664 1304.33643 -0.04700000000000002 -2.304 0.8
274.63114672991 -13.93865710295 0.024 0.0201 8.9829 "" "" 4146591161069679744 1606.03735 0.5875 0.0273 -0.036 -1.803 0.03 0.024 1.039 9315.6 4.152 14.516686 0.937117 14.894917 13.9578 "" "" 1538.79456 1670.16479 29394.90349 10.846 15047.0 23.659 20703.0 27.337 "" "" 0.0027842912613112946 0.0032709932 0.004042161 0.0073131546 274.63114672991 -13.93865710295 1606.03735 -0.03599999999999999 -1.803 0.9
274.64113487885 -13.7617300042 0.0207 0.0192 3.963 "" "" 4146612464107585280 1723.15845 0.5364 0.0235 -0.069 -1.618 0.027 0.022 1.018 "" "" 14.571293 1.576417 15.289704 13.713287 "" "" 1648.88452 1802.15222 27953.08667 12.469 10460.0 17.772 25932.0 34.406 "" "" 0.0027975611720119967 0.003344849 0.004044608 0.007389457 274.64113487885 -13.7617300042 1723.15845 -0.069 -1.618 1.0
