Clusters/NGC_6611/NGC_6611_members.tsv
# %ECSV 1.0
# ---
# datatype:
# - name: RA_ICRS_1
#   unit: deg
#   datatype: float64
#   format: '{:15.11f}'
#   description: Right ascension (ICRS) at Ep=2016.0 (ra)
#   meta: !!omap
#   - {ucd: POS_EQ_RA_MAIN}
#   - {width: 15}
#   - {precision: '11'}
# - name: DE_ICRS_1
#   unit: deg
#   datatype: float64
#   format: '{:15.11f}'
#   description: Declination (ICRS) at Ep=2016.0 (dec)
#   meta: !!omap
#   - {ucd: POS_EQ_DEC_MAIN}
#   - {width: 15}
#   - {precision: '11'}
# - name: e_RA_ICRS
#   unit: mas
#   datatype: float64
#   format: '{:7.4f}'
#   description: Standard error of right ascension (ra_error)
#   meta: !!omap
#   - {ucd: ERROR}
#   - {width: 7}
#   - {precision: '4'}
# - name: e_DE_ICRS
#   unit: mas
#   datatype: float64
#   format: '{:7.4f}'
#   description: Standard error of declination (dec_error)
#   meta: !!omap
#   - {ucd: ERROR}
#   - {width: 7}
#   - {precision: '4'}
# - name: _r_1
#   unit: ''
#   datatype: float64
#   format: '{:7.4f}'
#   description: Distance from center (274.69480687000-13.80229428000)[ICRS], at Epoch=J2016.0
#   meta: !!omap
#   - {ucd: POS_ANG_DIST_GENERAL}
#   - {width: 7}
#   - {precision: '4'}
# - name: HIP
#   datatype: int32
#   description: '? HIP cross-id number, van Leeuwen, Cat. I/311 (hip_original_ext_source_id)'
#   meta: !!omap
#   - {ucd: ID_NUMBER}
#   - {width: 6}
#   - values: {'null': -2147483648}
# - name: TYC2
#   datatype: string
#   description: Tycho-2 cross-id name, Hog et al., Cat. I/259 (tyc2_original_ext_source_id)
#   meta: !!omap
#   - {ucd: ID_CROSSID}
#   - {_votable_string_dtype: char}
# - name: Source
#   datatype: int64
#   description: Source identifier, identical to the Gaia-EDR3 source_id (id)
#   meta: !!omap
#   - {ucd: ID_MAIN}
#   - {width: 19}
# - name: rgeo
#   unit: pc
#   datatype: float64
#   format: '{:15.8f}'
#   description: '? Median of the geometric distance posterior (r_med_geo)'
#   meta: !!omap
#   - {ucd: PHYS_DISTANCE_TRUE}
#   - {width: 15}
#   - {precision: '8'}
#   - values: {'null': .nan}
# - name: Plx
#   unit: mas
#   datatype: float64
#   format: '{:9.4f}'
#   description: '? Parallax (parallax)'
#   meta: !!omap
#   - {ucd: POS_PARLX_TRIG}
#   - {width: 9}
#   - {precision: '4'}
#   - values: {'null': .nan}
# - name: e_Plx
#   unit: mas
#   datatype: float32
#   format: '{:7.4f}'
#   description: '? Standard error of parallax (parallax_error)'
#   meta: !!omap
#   - {ucd: ERROR}
#   - {width: 7}
#   - {precision: '4'}
#   - values: {'null': .nan}
# - name: pmRA
#   unit: mas / yr
#   datatype: float64
#   format: '{:9.3f}'
#   description: '? Proper motion in right ascension direction, pmRA*cosDE (pmra)'
#   meta: !!omap
#   - {ucd: POS_EQ_PMRA}
#   - {width: 9}
#   - {precision: '3'}
#   - values: {'null': .nan}
# - name: pmDE
#   unit: mas / yr
#   datatype: float64
#   format: '{:9.3f}'
#   description: '? Proper motion in declination direction (pmdec)'
#   meta: !!omap
#   - {ucd: POS_EQ_PMDEC}
#   - {width: 9}
#   - {precision: '3'}
#   - values: {'null': .nan}
# - name: e_pmRA
#   unit: mas / yr
#   datatype: float32
#   format: '{:6.3f}'
#   description: '? Standard error of proper motion in right ascension direction (pmra_error)'
#   meta: !!omap
#   - {ucd: ERROR}
#   - {width: 6}
#   - {precision: '3'}
#   - values: {'null': .nan}
# - name: e_pmDE
[...]
#         unit: &id001 !astropy.units.Unit {unit: deg}
#         value: !astropy.table.SerializedColumn {name: SkyCoord.dec}
#       distance: !astropy.table.SerializedColumn
#         __class__: astropy.coordinates.distances.Distance
#         unit: !astropy.units.Unit {unit: pc}
#         value: !astropy.table.SerializedColumn {name: SkyCoord.distance}
#       frame: icrs
#       obstime: !astropy.time.Time {format: jyear_str, in_subfmt: '*', jd1: 367701545.0, jd2: 0.0, out_subfmt: '*', precision: 3, scale: tt}
#       pm_dec: !astropy.table.SerializedColumn
#         __class__: astropy.units.quantity.Quantity
#         unit: !astropy.units.Unit {unit: mas / yr}
#         value: !astropy.table.SerializedColumn {name: SkyCoord.pm_dec}
#       pm_ra_cosdec: !astropy.table.SerializedColumn
#         __class__: astropy.units.quantity.Quantity
#         unit: !astropy.units.Unit {unit: mas / yr}
#         value: !astropy.table.SerializedColumn {name: SkyCoord.pm_ra_cosdec}
#       ra: !astropy.table.SerializedColumn
#         __class__: astropy.coordinates.angles.Longitude
#         unit: *id001
#         value: !astropy.table.SerializedColumn {name: SkyCoord.ra}
#         wrap_angle: !astropy.coordinates.Angle
#           unit: *id001
#           value: 360.0
#       representation_type: spherical
# schema: astropy-2.0
RA_ICRS_1 DE_ICRS_1 e_RA_ICRS e_DE_ICRS _r_1 HIP TYC2 Source rgeo Plx e_Plx pmRA pmDE e_pmRA e_pmDE RUWE Teff logg Gmag BP-RP BPmag RPmag RV e_RV b_rgeo B_rgeo FG e_FG FBP e_FBP FRP e_FRP RAVE5 RAVE6 e_Gmag e_BPmag e_RPmag e_BP-RP SkyCoord.ra SkyCoord.dec SkyCoord.distance SkyCoord.pm_ra_cosdec SkyCoord.pm_dec Pmemb
274.65017505287 -13.79346493551 0.0213 0.018 2.654 "" 5689-1208-1 4146599166888812032 1592.26978 0.5945 0.0253 0.162 -1.502 0.026 0.021 1.11 "" "" 8.574139 0.751055 8.848715 8.09766 "" "" 1525.50745 1661.67017 7003112.95927 2769.7 3943900.0 2422.8 4571900.0 1994.2 "" "" 0.0027885797513506256 0.0028687832 0.003808938 0.006677721 274.65017505287 -13.79346493551 1592.26978 0.162 -1.5019999999999998 1.0
274.73412526268 -13.80864432584 0.0199 0.0194 2.3224 89750 5689-1097-1 4146599682284818176 1784.13501 0.5316 0.0256 0.531 -1.689 0.024 0.018 0.933 "" "" 8.797668 0.691298 9.039937 8.34864 "" "" 1713.82202 1874.85999 5700058.00869 2152.6 3307100.0 4343.0 3628300.0 4272.8 "" "" 0.0027856612125673344 0.0031333738 0.003989804 0.007123178 274.73412526268 -13.80864432584 1784.13501 0.5309999999999999 -1.689 0.9
274.71947999612 -13.82851675478 0.0152 0.0142 2.1312 89743 5689-439-1 4146599476126383872 1588.82996 0.601 0.0182 0.267 -1.61 0.018 0.014 0.843 "" "" 9.326027 0.403423 9.454502 9.051079 "" "" 1544.57214 1636.43542 3503774.3789 1067.4 2257400.0 1500.5 1899900.0 1021.9 "" "" 0.0027751023020683423 0.0028819938 0.003824234 0.0067062275 274.71947999612 -13.82851675478 1588.82996 0.267 -1.61 1.0
274.77320213276 -13.9140381359 0.0167 0.0151 8.1122 "" 5689-815-1 4146594386587183360 1666.0575 0.5688 0.018 0.375 -1.722 0.02 0.016 0.988 "" "" 9.352357 0.45934 9.50364 9.0443 "" "" 1622.95435 1718.74011 3419826.09959 1625.0 2157600.0 2521.1 1911800.0 1541.2 "" "" 0.0028032039120236855 0.00306505 0.0038794097 0.00694446 274.77320213276 -13.9140381359 1666.0575 0.375 -1.7220000000000002 0.8
274.62481416056 -13.83267819542 0.0153 0.0141 4.467 "" 5689-1622-1 4146598995090108288 1730.23792 0.5524 0.0192 0.028 -1.691 0.018 0.015 0.944 15355.2 2.9862 9.672991 0.783511 9.970572 9.18706 "" "" 1676.98633 1782.91125 2545367.29462 1590.0 1403400.0 2334.1 1676200.0 1210.6 "" "" 0.002837564542688726 0.0033235298 0.003859873 0.007183403 274.62481416056 -13.83267819542 1730.23792 0.028000000000000004 -1.6909999999999998 1.0
274.60915329327 -13.83486318742 0.0258 0.0225 5.3594 "" 5689-1005-1 4146598617132995328 1802.2373 0.5216 0.031 0.175 -1.418 0.033 0.026 1.606 "" "" 9.847119 0.764335 10.132499 9.368164 "" "" 1701.31531 1909.75281 2168198.60087 879.3 1209000.0 1803.8 1418700.0 1357.4 "" "" 0.0027902805707086136 0.003226314 0.003919551 0.007145865 274.60915329327 -13.83486318742 1802.2373 0.17499999999999996 -1.4179999999999997 1.0
274.6782351044 -13.78083223564 0.0135 0.0124 1.6096 "" "" 4146600678717290624 1614.19531 0.591 0.0164 0.225 -1.629 0.018 0.014 0.903 14297.6 3.4081 9.925525 0.742507 10.200845 9.458338 "" "" 1582.68433 1654.41187 2017143.89033 1823.9 1135200.0 2766.8 1305600.0 3840.7 "" "" 0.002924990108552822 0.0038454714 0.0049482193 0.008793691 274.6782351044 -13.78083223564 1614.19531 0.225 -1.6289999999999998 1.0
274.79612033391 -13.94530835694 0.0384 0.0351 10.4143 "" 5689-1383-1 4146593252715817728 1768.88647 0.5379 0.0438 0.149 -1.429 0.047 0.038 2.416 32903.8 4.173 9.939184 0.865871 10.251281 9.385409 "" "" 1650.21558 1917.23645 1991925.54553 17038.0 1083700.0 22450.0 1396400.0 55103.0 "" "" 0.009686997928169851 0.02266458 0.043010343 0.06567492 274.79612033391 -13.94530835694 1768.88647 0.14899999999999997 -1.429 0.8
274.83346713498 -13.90602838307 0.0145 0.0135 10.1974 "" 5689-641-1 4146594906281066368 1728.15027 0.5512 0.0169 0.148 -1.55 0.018 0.014 0.869 13304.4 3.5133 10.576386 0.638454 10.805799 10.167345 "" "" 1663.7113 1787.96924 1107624.13215 379.12 650280.0 385.06 679550.0 256.74 "" "" 0.0027802692100479458 0.0028632823 0.0038015775 0.00666486 274.83346713498 -13.90602838307 1728.15027 0.148 -1.5499999999999998 0.8
274.62898676169 -13.71895626909 0.0176 0.0165 6.3021 "" 5689-663-1 4146613632338722432 1709.48608 0.5455 0.0225 -0.067 -1.45 0.023 0.019 1.265 "" "" 10.620522 1.817035 11.488474 9.671439 "" "" 1640.66321 1765.8988 1063501.55379 600.43 346760.0 666.84 1073000.0 849.48 "" "" 0.002822682729108477 0.003484899 0.0038758968 0.0073607955 274.62898676169 -13.71895626909 1709.48608 -0.06700000000000003 -1.4500000000000002 1.0
274.77710605648 -13.7251425756 0.0155 0.0157 6.6657 "" 5689-495-1 4152605901998464640 1664.29028 0.5715 0.0206 -0.02 -2.501 0.02 0.016 0.906 6480.7 2.7005 10.857937 0.676603 11.107146 10.430543 -48.41 13.04 1602.9696 1728.91504 854618.05555 420.07 492670.0 607.42 533260.0 559.53 "" "" 0.0028065271344403994 0.003094665 0.003947348 0.007042013 274.77710605648 -13.7251425756 1664.29028 -0.019999999999999997 -2.501 0.8
274.66982511468 -13.78112621663 0.0163 0.0156 1.9319 "" 5689-637-1 4146600640059736704 1803.82239 0.5212 0.0204 0.284 -1.446 0.021 0.018 0.989 6233.8 2.5182 10.912271 0.795932 10.936425 10.140493 "" "" 1752.68848 1871.00537 812901.94463 797.25 576560.0 5031.2 696560.0 5303.6 "" "" 0.0029539218600333674 0.009876698 0.009089743 0.01896644 274.66982511468 -13.78112621663 1803.82239 0.284 -1.446 0.9
274.65777063086 -13.77643786593 0.0148 0.0136 2.6579 "" 5689-1381-1 4146612395388089344 1809.13647 0.5203 0.017 0.16 -1.61 0.021 0.018 0.899 "" "" 10.91822 0.987205 11.310522 10.323318 "" "" 1743.3374 1870.93152 808460.91146 364.03 408510.0 663.57 588610.0 367.35 "" "" 0.0027983554569616697 0.0033008258 0.0038396453 0.007140471 274.65777063086 -13.77643786593 1809.13647 0.16 -1.61 1.0
274.78757646511 -13.720828025 0.0177 0.0183 7.2884 "" 5689-367-1 4152605932050765184 1659.05774 0.5633 0.0238 -0.045 -2.191 0.023 0.019 0.937 "" "" 11.065219 0.722828 11.335048 10.61222 "" "" 1598.91467 1731.6095 706088.37346 268.22 399390.0 313.32 451100.0 330.45 "" "" 0.0027860173603190793 0.0029172825 0.0038621633 0.006779446 274.78757646511 -13.720828025 1659.05774 -0.045000000000000005 -2.1910000000000003 0.9
274.82700372461 -13.92780928331 0.0181 0.0165 10.771 "" 5689-1156-1 4146594803201839744 1850.36951 0.4905 0.0196 0.096 -1.666 0.022 0.018 0.923 "" "" 11.268212 0.566947 11.469076 10.902129 "" "" 1788.41785 1915.36206 585681.74724 237.97 353010.0 359.3 345390.0 221.3 "" "" 0.002790412406183944 0.0030010422 0.0038428723 0.0068439143 274.82700372461 -13.92780928331 1850.36951 0.096 -1.666 1.0
274.65406216925 -13.79799833137 0.018 0.0178 2.3881 "" "" 4146599162597495680 1829.42017 0.5046 0.0241 0.086 -1.89 0.022 0.018 0.912 "" "" 11.288234 0.775899 11.577483 10.801584 "" "" 1754.39075 1910.83374 574980.72163 250.6 319470.0 593.15 378900.0 247.71 "" "" 0.002795660068707838 0.0034421955 0.0038454595 0.007287655 274.65406216925 -13.79799833137 1829.42017 0.08599999999999998 -1.89 1.0
274.66664368807 -13.90931465097 0.0196 0.0169 6.6275 "" 5689-1324-1 4146597105304415488 1773.10425 0.527 0.0226 0.157 -1.331 0.026 0.019 0.901 6379.9 2.6997 11.325906 0.639702 11.557784 10.918082 "" "" 1709.69287 1843.31848 555372.49181 273.33 325310.0 363.69 340350.0 224.99 "" "" 0.0028066565831466094 0.0030427675 0.0038469292 0.0068896967 274.66664368807 -13.90931465097 1773.10425 0.15699999999999997 -1.331 1.0
274.87512801841 -13.73691213823 0.0152 0.0141 11.2167 "" "" 4152605279220046336 1592.02759 0.6049 0.0175 0.498 -1.693 0.019 0.015 0.773 4847.7 2.3422 11.328425 1.921129 12.287197 10.366068 -25.35 0.26 1550.23193 1632.01648 554085.02261 148.77 166160.0 104.92 565890.0 300.11 "" "" 0.0027706987077574046 0.0028731625 0.0038229928 0.0066961553 274.87512801841 -13.73691213823 1592.02759 0.498 -1.693 0.9
274.7805125039 -13.71798843878 0.0381 0.0419 7.1088 "" 5689-125-1 4152605932050765056 1502.15039 0.6239 0.0568 0.073 -2.095 0.05 0.039 1.912 11123.1 3.5335 11.393302 0.699652 11.653853 10.954202 -45.68 17.67 1374.15491 1648.05103 521946.67226 139.67 297770.0 246.43 329210.0 178.25 "" "" 0.0027705957998041524 0.002931283 0.0038248291 0.006756112 274.7805125039 -13.71798843878 1502.15039 0.073 -2.0950000000000006 0.9
274.8082676775 -13.87270371383 0.0175 0.016 7.8447 "" "" 4146596035854624256 1871.40979 0.4944 0.0218 0.16 -2.092 0.022 0.017 0.907 "" "" 11.510179 0.729061 11.785473 11.056412 -16.27 20.61 1795.05798 1947.73938 468678.68462 239.53 263770.0 372.88 299640.0 253.86 "" "" 0.002810639660500957 0.0031844678 0.0038897118 0.0070741796 274.8082676775 -13.87270371383 1871.40979 0.16 -2.0920000000000005 0.9
274.6860862842 -13.79901052232 0.0129 0.0121 0.545 "" "" 4146600575638051712 1573.91626 0.5897 0.0157 0.215 -1.959 0.016 0.013 0.814 "" "" 11.601361 0.806145 11.906287 11.100143 "" "" 1540.91992 1613.14697 430925.69211 115.97 235990.0 235.85 287810.0 170.25 "" "" 0.002770769799197628 0.002993739 0.0038335642 0.006827303 274.6860862842 -13.79901052232 1573.91626 0.21499999999999997 -1.9590000000000005 0.9
274.6530800394 -13.7925256498 0.022 0.0201 2.501 "" "" 4146599162597494528 1884.85962 0.4926 0.0265 0.044 -1.526 0.028 0.023 1.609 "" "" 11.840738 0.909432 12.195602 11.28617 "" "" 1798.62598 1990.23816 345661.86528 96.758 180790.0 226.26 242490.0 202.18 "" "" 0.002772031198640143 0.0031034504 0.0038862843 0.0069897347 274.6530800394 -13.7925256498 1884.85962 0.044000000000000004 -1.5259999999999998 1.0
274.68742395133 -13.77359157907 0.0302 0.0287 1.7751 "" "" 4146600674426037248 1773.18323 0.5293 0.0389 0.274 -1.692 0.037 0.029 1.853 "" "" 11.959834 0.944025 12.329643 11.385618 "" "" 1650.13428 1894.95886 309751.18446 77.845 159790.0 189.16 221260.0 129.02 "" "" 0.002768798066894397 0.0030719766 0.0038320431 0.00690402 274.68742395133 -13.77359157907 1773.18323 0.27399999999999997 -1.692 0.9
274.65624544607 -13.72762275796 0.0163 0.0158 5.0123 "" "" 4146612872133107584 1650.48779 0.5957 0.0211 0.373 -1.553 0.021 0.017 1.203 "" "" 12.109245 2.193428 13.232963 11.039535 "" "" 1600.92944 1695.46216 269928.50322 115.63 69540.0 107.62 304330.0 290.52 "" "" 0.0027942990448336902 0.0032570541 0.003918927 0.007175981 274.65624544607 -13.72762275796 1650.48779 0.373 -1.553 0.8
274.80460920275 -13.96064350972 0.0136 0.0124 11.4531 "" 5689-167-1 4146593183996341120 1848.92188 0.5081 0.0147 0.195 -1.806 0.016 0.013 0.964 "" "" 12.137037 0.634971 12.370016 11.735045 "" "" 1800.43274 1895.89905 263106.55601 47.968 153960.0 149.28 160380.0 71.15 "" "" 0.0027624213238521826 0.0029821626 0.0038099517 0.006792114 274.80460920275 -13.96064350972 1848.92188 0.195 -1.8059999999999998 1.0
274.77378218188 -13.89267020255 0.0193 0.0176 7.1114 "" "" 4146594493964249216 1816.38818 0.5237 0.0195 0.2 -2.212 0.024 0.02 1.2 "" "" 12.309536 0.547291 12.500994 11.953703 "" "" 1740.47083 1906.01917 224456.54492 104.22 136460.0 184.42 131120.0 187.32 "" "" 0.0028010600005001513 0.0031524748 0.004085295 0.0072377697 274.77378218188 -13.89267020255 1816.38818 0.20000000000000004 -2.212 1.0
274.66027305311 -13.76562491825 0.0191 0.0176 2.9817 "" "" 4146612425449995776 1645.4917 0.5933 0.0229 0.125 -1.719 0.025 0.02 1.507 "" "" 12.309884 1.256425 12.845976 11.589551 "" "" 1588.37683 1708.06519 224384.54999 58.854 99318.0 123.39 183370.0 112.65 "" "" 0.00276999787987597 0.003099121 0.0038377882 0.006936909 274.66027305311 -13.76562491825 1645.4917 0.125 -1.7190000000000003 1.0
274.68763333297 -13.7614032147 0.0132 0.0137 2.4888 "" "" 4146600777505252608 1764.12512 0.5493 0.0184 0.092 -1.746 0.017 0.014 1.013 12408.5 3.5402 12.396782 1.122282 12.85857 11.736288 "" "" 1708.77588 1822.27942 207125.62939 64.543 98172.0 165.14 160190.0 89.429 "" "" 0.002776014429921841 0.0033347681 0.0038276785 0.0071624466 274.68763333297 -13.7614032147 1764.12512 0.092 -1.7460000000000002 1.0
274.68370067377 -13.81570230362 0.0113 0.0107 1.0324 "" "" 4146598887718503168 1734.03491 0.5519 0.0131 0.161 -1.772 0.014 0.011 0.883 "" "" 12.403791 0.847486 12.731174 11.883688 "" "" 1694.42261 1773.04236 205792.76285 37.66 110390.0 62.886 139860.0 82.782 "" "" 0.0027624747693125555 0.0028579023 0.003833629 0.0066915313 274.68370067377 -13.81570230362 1734.03491 0.16100000000000003 -1.7719999999999998 1.0
274.68766740541 -13.79644494691 0.0132 0.0129 0.5443 "" "" 4146600575638052608 1742.50208 0.5485 0.0164 0.139 -1.605 0.016 0.012 0.976 6410.3 3.3356 12.472567 0.868375 12.808574 11.940199 "" "" 1691.4845 1801.01599 193161.36114 52.163 102800.0 77.709 132760.0 72.529 "" "" 0.0027708765193103545 0.0029083763 0.0038256452 0.0067340215 274.68766740541 -13.79644494691 1742.50208 0.13899999999999998 -1.6049999999999998 1.0
274.66000952407 -13.78585917513 0.0126 0.0126 2.2547 "" 5689-209-1 4146600640059737088 1743.7406 0.5523 0.017 0.348 -1.868 0.016 0.013 0.966 19915.5 4.0208 12.513246 1.029892 12.934624 11.904732 "" "" 1693.75647 1797.771 186058.05976 397.33 91531.0 539.25 137170.0 1253.2 "" "" 0.0036010732133156613 0.006978609 0.010615003 0.017593613 274.66000952407 -13.78585917513 1743.7406 0.3479999999999999 -1.868 1.0
274.68551949544 -13.76337459502 0.0149 0.0141 2.3971 "" "" 4146600777505249408 1709.9823 0.5605 0.0189 0.008 -1.701 0.02 0.015 1.049 6691.3 2.8605 12.565578 1.116419 13.023523 11.907105 "" "" 1659.08716 1763.22644 177302.65386 67.945 84335.0 123.43 136870.0 109.12 "" "" 0.00278655769107729 0.003210938 0.0038772414 0.0070881797 274.68551949544 -13.76337459502 1709.9823 0.008 -1.701 1.0
274.73263959016 -13.78169098921 0.0135 0.0137 2.5275 "" "" 4146600472558819200 1745.72791 0.5509 0.0182 0.32 -1.828 0.017 0.013 1.02 "" "" 12.585713 1.046285 13.008121 11.961836 0.83 23.5 1703.84998 1800.5498 174044.92709 51.931 85540.0 64.55 130140.0 158.18 "" "" 0.002774299665468305 0.0029079763 0.0040031555 0.0069111316 274.73263959016 -13.78169098921 1745.72791 0.32 -1.8279999999999998 1.0
274.73904391339 -13.87006512205 0.0129 0.012 4.8142 "" 5689-337-1 4146594768842190592 1744.8125 0.5452 0.0149 0.012 -1.434 0.016 0.013 0.963 "" "" 12.667064 0.732744 12.938989 12.206244 "" "" 1706.63123 1787.30176 161480.95132 50.261 91164.0 117.58 103910.0 65.484 "" "" 0.0027759664941379796 0.0031218599 0.00384082 0.00696268 274.73904391339 -13.87006512205 1744.8125 0.012 -1.4339999999999997 1.0
274.76963236307 -13.74571668076 0.0125 0.0143 5.526 "" "" 4146601022314634368 1661.70508 0.5786 0.0185 0.306 -1.425 0.014 0.012 0.843 6184.2 3.2245 12.726319 0.789882 13.028839 12.238957 "" "" 1604.64233 1707.84473 152904.05929 187.83 83923.0 339.57 100830.0 425.57 "" "" 0.003061150790372616 0.005204278 0.0059399772 0.011144255 274.76963236307 -13.74571668076 1661.70508 0.306 -1.4250000000000003 1.0
274.69222251142 -13.82318482401 0.0127 0.0121 1.2624 "" "" 4146598818993604480 1804.71338 0.5295 0.0158 0.395 -1.71 0.016 0.012 0.986 "" "" 12.738231 0.827235 13.052497 12.225262 "" "" 1750.35266 1855.59021 151235.7555 30.52 82114.0 56.268 102110.0 81.124 "" "" 0.0027640182463429404 0.0028876588 0.0038765697 0.0067642285 274.69222251142 -13.82318482401 1804.71338 0.395 -1.71 0.8
274.57583243407 -13.69979810601 0.0165 0.0148 9.2681 "" "" 4146616789137046656 1744.6731 0.5606 0.0185 0.112 -1.256 0.022 0.018 1.209 "" "" 12.818748 2.085501 13.87038 11.78488 "" "" 1683.55383 1810.71265 140425.97189 72.353 38660.0 55.376 153180.0 165.03 "" "" 0.002811535794667088 0.0031943184 0.00395626 0.0071505783 274.57583243407 -13.69979810601 1744.6731 0.11200000000000002 -1.2560000000000002 0.9
274.6737229703 -13.7788555145 0.0187 0.0171 1.8674 "" "" 4146600678717295104 1687.06543 0.5685 0.0223 0.331 -1.612 0.024 0.019 1.137 "" "" 12.884526 0.877964 13.223011 12.345047 "" "" 1621.73438 1749.81958 132171.05533 57.944 70180.0 93.237 91441.0 103.21 "" "" 0.0027961320442699885 0.0031409706 0.0039731 0.0071140705 274.6737229703 -13.7788555145 1687.06543 0.331 -1.612 0.9
274.78330056839 -13.76687937377 0.0154 0.0154 5.5773 "" "" 4146600232040630400 1582.46851 0.6015 0.021 -0.013 -2.261 0.019 0.015 0.956 "" "" 12.925029 0.712901 13.196627 12.483726 "" "" 1534.26917 1636.93628 127331.28406 35.358 71906.0 72.833 80476.0 70.638 "" "" 0.0027717660966950575 0.0029990769 0.0038976853 0.006896762 274.78330056839 -13.76687937377 1582.46851 -0.013000000000000005 -2.261 0.9
