Clusters/NGC_6611/NGC_6611_members.tsv
# %ECSV 1.0
# ---
# datatype:
# - name: RA_ICRS_1
#   unit: deg
#   datatype: float64
#   format: '{:15.11f}'
#   description: Right ascension (ICRS) at Ep=2016.0 (ra)
#   meta: !!omap
#   - {ucd: POS_EQ_RA_MAIN}
#   - {width: 15}
#   - {precision: '11'}
# - name: DE_ICRS_1
#   unit: deg
#   datatype: float64
#   format: '{:15.11f}'
#   description: Declination (ICRS) at Ep=2016.0 (dec)
#   meta: !!omap
#   - {ucd: POS_EQ_DEC_MAIN}
#   - {width: 15}
#   - {precision: '11'}
# - name: e_RA_ICRS
#   unit: mas
#   datatype: float64
#   format: '{:7.4f}'
#   description: Standard error of right ascension (ra_error)
#   meta: !!omap
#   - {ucd: ERROR}
#   - {width: 7}
#   - {precision: '4'}
# - name: e_DE_ICRS
#   unit: mas
#   datatype: float64
#   format: '{:7.4f}'
#   description: Standard error of declination (dec_error)
#   meta: !!omap
#   - {ucd: ERROR}
#   - {width: 7}
#   - {precision: '4'}
# - name: _r_1
#   unit: ''
#   datatype: float64
#   format: '{:7.4f}'
#   description: Distance from center (274.69480687000-13.80229428000)[ICRS], at Epoch=J2016.0
#   meta: !!omap
#   - {ucd: POS_ANG_DIST_GENERAL}
#   - {width: 7}
#   - {precision: '4'}
# - name: HIP
#   datatype: int32
#   description: '? HIP cross-id number, van Leeuwen, Cat. I/311 (hip_original_ext_source_id)'
#   meta: !!omap
#   - {ucd: ID_NUMBER}
#   - {width: 6}
#   - values: {'null': -2147483648}
# - name: TYC2
#   datatype: string
#   description: Tycho-2 cross-id name, Hog et al., Cat. I/259 (tyc2_original_ext_source_id)
#   meta: !!omap
#   - {ucd: ID_CROSSID}
#   - {_votable_string_dtype: char}
# - name: Source
#   datatype: int64
#   description: Source identifier, identical to the Gaia-EDR3 source_id (id)
#   meta: !!omap
#   - {ucd: ID_MAIN}
#   - {width: 19}
# - name: rgeo
#   unit: pc
#   datatype: float64
#   format: '{:15.8f}'
#   description: '? Median of the geometric distance posterior (r_med_geo)'
#   meta: !!omap
#   - {ucd: PHYS_DISTANCE_TRUE}
#   - {width: 15}
#   - {precision: '8'}
#   - values: {'null': .nan}
# - name: Plx
#   unit: mas
#   datatype: float64
#   format: '{:9.4f}'
#   description: '? Parallax (parallax)'
#   meta: !!omap
#   - {ucd: POS_PARLX_TRIG}
#   - {width: 9}
#   - {precision: '4'}
#   - values: {'null': .nan}
# - name: e_Plx
#   unit: mas
#   datatype: float32
#   format: '{:7.4f}'
#   description: '? Standard error of parallax (parallax_error)'
#   meta: !!omap
#   - {ucd: ERROR}
#   - {width: 7}
#   - {precision: '4'}
#   - values: {'null': .nan}
# - name: pmRA
#   unit: mas / yr
#   datatype: float64
#   format: '{:9.3f}'
#   description: '? Proper motion in right ascension direction, pmRA*cosDE (pmra)'
#   meta: !!omap
#   - {ucd: POS_EQ_PMRA}
#   - {width: 9}
#   - {precision: '3'}
#   - values: {'null': .nan}
# - name: pmDE
#   unit: mas / yr
#   datatype: float64
#   format: '{:9.3f}'
#   description: '? Proper motion in declination direction (pmdec)'
#   meta: !!omap
#   - {ucd: POS_EQ_PMDEC}
#   - {width: 9}
#   - {precision: '3'}
#   - values: {'null': .nan}
# - name: e_pmRA
#   unit: mas / yr
#   datatype: float32
#   format: '{:6.3f}'
#   description: '? Standard error of proper motion in right ascension direction (pmra_error)'
#   meta: !!omap
#   - {ucd: ERROR}
#   - {width: 6}
#   - {precision: '3'}
#   - values: {'null': .nan}
# - name: e_pmDE
[...]
#         unit: &id001 !astropy.units.Unit {unit: deg}
#         value: !astropy.table.SerializedColumn {name: SkyCoord.dec}
#       distance: !astropy.table.SerializedColumn
#         __class__: astropy.coordinates.distances.Distance
#         unit: !astropy.units.Unit {unit: pc}
#         value: !astropy.table.SerializedColumn {name: SkyCoord.distance}
#       frame: icrs
#       obstime: !astropy.time.Time {format: jyear_str, in_subfmt: '*', jd1: 367701545.0, jd2: 0.0, out_subfmt: '*', precision: 3, scale: tt}
#       pm_dec: !astropy.table.SerializedColumn
#         __class__: astropy.units.quantity.Quantity
#         unit: !astropy.units.Unit {unit: mas / yr}
#         value: !astropy.table.SerializedColumn {name: SkyCoord.pm_dec}
#       pm_ra_cosdec: !astropy.table.SerializedColumn
#         __class__: astropy.units.quantity.Quantity
#         unit: !astropy.units.Unit {unit: mas / yr}
#         value: !astropy.table.SerializedColumn {name: SkyCoord.pm_ra_cosdec}
#       ra: !astropy.table.SerializedColumn
#         __class__: astropy.coordinates.angles.Longitude
#         unit: *id001
#         value: !astropy.table.SerializedColumn {name: SkyCoord.ra}
#         wrap_angle: !astropy.coordinates.Angle
#           unit: *id001
#           value: 360.0
#       representation_type: spherical
# schema: astropy-2.0
RA_ICRS_1 DE_ICRS_1 e_RA_ICRS e_DE_ICRS _r_1 HIP TYC2 Source rgeo Plx e_Plx pmRA pmDE e_pmRA e_pmDE RUWE Teff logg Gmag BP-RP BPmag RPmag RV e_RV b_rgeo B_rgeo FG e_FG FBP e_FBP FRP e_FRP RAVE5 RAVE6 e_Gmag e_BPmag e_RPmag e_BP-RP SkyCoord.ra SkyCoord.dec SkyCoord.distance SkyCoord.pm_ra_cosdec SkyCoord.pm_dec Pmemb
[from data line 80]
274.79252289611 -13.78636889028 0.0233 0.0228 5.7735 "" "" 4146599957162705408 1668.77661 0.5644 0.0297 0.021 -1.54 0.03 0.025 1.046 7198.4 3.5808 14.674834 1.040392 15.096319 14.055927 "" "" 1599.44556 1761.07983 25410.49808 7.6699 12499.0 18.816 18914.0 21.247 "" "" 0.0027747412057077 0.0032336563 0.0039713094 0.0072049657 274.79252289611 -13.78636889028 1668.77661 0.021 -1.5399999999999998 1.0
274.7973301078 -13.83279292768 0.0244 0.0232 6.2474 "" "" 4146596418109622016 1807.22729 0.5126 0.0307 0.397 -1.292 0.032 0.025 1.042 9258.1 3.6521 14.738734 0.989912 15.13823 14.148318 "" "" 1713.86951 1918.97705 23958.14444 8.4847 12026.0 26.034 17371.0 21.432 "" "" 0.0027820203691872377 0.0036482168 0.0040097567 0.0076579736 274.7973301078 -13.83279292768 1807.22729 0.397 -1.292 0.9
274.68120193832 -13.87347843631 0.0238 0.022 4.344 "" "" 4146597822566610944 1579.18958 0.59 0.0278 0.222 -1.545 0.029 0.023 0.997 8514.5 4.2102 14.747247 1.047968 15.176121 14.128153 "" "" 1523.47852 1645.08496 23771.02619 7.5454 11614.0 35.743 17697.0 51.525 "" "" 0.0027767899267636354 0.00435319 0.0049271174 0.009280307 274.68120193832 -13.87347843631 1579.18958 0.222 -1.545 0.8
274.66379436987 -13.81432438542 0.0421 0.0384 1.9458 "" "" 4146599063809567616 1400.9978 0.6627 0.0521 0.102 -1.295 0.053 0.042 1.817 9167.2 3.5929 14.750502 1.22533 15.268275 14.042945 "" "" 1311.79163 1514.00977 23699.87457 7.463 10669.0 22.533 19142.0 16.312 "" "" 0.002776451157463544 0.0036115474 0.003890984 0.0075025316 274.66379436987 -13.81432438542 1400.9978 0.10199999999999998 -1.295 0.9
274.6368662485 -13.75128647289 0.0258 0.0245 4.557 "" "" 4146612670266024192 1631.66846 0.5659 0.0289 -0.036 -1.849 0.03 0.026 1.054 "" "" 14.838775 1.797053 15.667357 13.870304 "" "" 1546.28235 1709.93787 21849.27242 12.345 7387.1 26.978 22441.0 101.09 "" "" 0.002822783908842396 0.0048484528 0.0061810026 0.011029456 274.6368662485 -13.75128647289 1631.66846 -0.03599999999999999 -1.849 0.8
274.70051172681 -13.84435792333 0.0242 0.0236 2.5456 "" "" 4146597964297896576 1785.72131 0.5339 0.0316 0.079 -2.156 0.029 0.022 1.002 6812.1 4.0405 14.881392 1.255479 15.420879 14.165401 -93.56 14.03 1684.58093 1917.93909 21008.26927 6.3906 9269.7 34.648 17100.0 82.483 "" "" 0.0027750443176547744 0.004924864 0.0064584184 0.011383282 274.70051172681 -13.84435792333 1785.72131 0.07899999999999999 -2.156 0.9
274.62320753888 -13.81926967449 0.0227 0.021 4.2943 "" "" 4146598995090119040 1756.45056 0.5311 0.0269 0.384 -1.374 0.029 0.024 1.008 7979.4 3.8984 14.888084 1.260372 15.427443 14.16707 "" "" 1674.38623 1861.40198 20879.15911 7.6355 9213.8 26.745 17074.0 39.793 "" "" 0.00278378172597213 0.0042092153 0.004548279 0.008757494 274.62320753888 -13.81926967449 1756.45056 0.38400000000000006 -1.3739999999999999 0.8
274.62038747926 -13.79833791179 0.0231 0.0212 4.3428 "" "" 4146610844902247424 1622.26526 0.5742 0.027 0.382 -1.348 0.029 0.024 0.997 "" "" 14.896857 1.835851 15.790215 13.954364 31.12 6.71 1559.02051 1713.13257 20711.13038 9.9955 6596.8 17.033 20769.0 38.409 "" "" 0.0028047027387098403 0.003955249 0.0042796475 0.008234897 274.62038747926 -13.79833791179 1622.26526 0.3819999999999999 -1.348 0.8
274.66311648367 -13.8442415711 0.0247 0.0234 3.1215 "" "" 4146598685852424576 1817.9856 0.5205 0.0301 0.306 -1.76 0.031 0.025 1.041 9161.9 3.8156 14.975515 1.210503 15.496374 14.285872 "" "" 1723.45154 1911.45508 19263.74396 6.8765 8647.0 43.094 15304.0 40.272 "" "" 0.0027824450651362733 0.006087998 0.0047377883 0.010825787 274.66311648367 -13.8442415711 1817.9856 0.30600000000000005 -1.76 0.9
274.69390840497 -13.77630517481 0.0252 0.025 1.5602 "" "" 4146600713077019904 1711.56079 0.5482 0.0334 0.205 -1.832 0.032 0.025 1.022 "" "" 14.978644 1.421809 15.59448 14.17267 "" "" 1622.48987 1783.11414 19208.30944 7.8463 7900.0 52.423 16986.0 72.744 "" "" 0.002790786176874985 0.007726157 0.005991993 0.013718151 274.69390840497 -13.77630517481 1711.56079 0.20499999999999996 -1.8319999999999999 0.9
274.86308912697 -13.8288519041 0.0328 0.0312 9.9335 "" "" 4146596624268013952 1533.82385 0.5948 0.0396 0.355 -1.033 0.04 0.033 1.122 "" "" 15.028371 3.270022 16.951595 13.681573 -122.53 7.87 1446.53918 1626.19348 18348.40168 49.274 2263.5 36.64 26701.0 252.7 "" "" 0.004011625142353776 0.01779526 0.010948477 0.028743736 274.86308912697 -13.8288519041 1533.82385 0.355 -1.033 0.9
274.73865089493 -13.96218742031 0.029 0.0263 9.9277 "" "" 4146593085214950144 1700.76135 0.5408 0.0343 0.228 -1.387 0.039 0.029 1.064 7687.4 4.1153 15.052487 1.199687 15.570041 14.370354 "" "" 1603.85461 1808.90259 17945.34967 12.101 8079.8 44.688 14158.0 51.165 "" "" 0.002850932672156878 0.0066215815 0.0054478548 0.012069436 274.73865089493 -13.96218742031 1700.76135 0.22800000000000004 -1.387 1.0
274.70527250396 -13.77085010386 0.0274 0.0269 1.9828 "" "" 4146600713077013632 1670.57788 0.5615 0.0396 0.258 -1.57 0.035 0.027 1.03 "" "" 15.056454 2.100971 16.116882 14.015911 10.18 12.48 1570.52515 1777.41699 17879.91109 16.895 4882.7 26.043 19624.0 54.219 "" "" 0.002940122284897621 0.00642814 0.00482518 0.01125332 274.70527250396 -13.77085010386 1670.57788 0.25799999999999995 -1.5699999999999998 1.0
274.63875659904 -13.82458299366 0.0256 0.0225 3.529 "" "" 4146598956432749952 1572.99243 0.5948 0.031 0.116 -1.739 0.034 0.028 1.001 5193.4 3.3782 15.081106 2.301447 16.331184 14.029737 "" "" 1497.01392 1655.82666 17478.50348 386.18 4008.1 329.4 19376.0 1250.5 "" "" 0.024146589102799133 0.0892733 0.07017374 0.15944704 274.63875659904 -13.82458299366 1572.99243 0.11599999999999999 -1.7390000000000003 1.0
274.77514546656 -13.85312634705 0.0351 0.0337 5.5866 "" "" 4146596280670668288 1604.16663 0.593 0.0445 0.232 -1.435 0.046 0.038 1.267 7432.9 3.8768 15.116813 1.414451 15.717212 14.302761 "" "" 1481.31677 1766.23962 16913.03629 8.6672 7055.6 45.561 15068.0 35.529 "" "" 0.0028109362174745323 0.007545859 0.004564831 0.01211069 274.77514546656 -13.85312634705 1604.16663 0.23199999999999998 -1.4349999999999998 1.0
274.71198843557 -13.81208659071 0.0297 0.0282 1.1608 "" "" 4146600335119857152 1648.66724 0.5674 0.0347 -0.159 -2.267 0.036 0.028 0.953 "" "" 15.241667 1.313696 15.676802 14.363106 39.91 16.66 1561.84961 1738.01648 15075.78562 9.4015 7323.1 46.355 14253.0 106.52 "" "" 0.00283729270502159 0.0074174614 0.008951258 0.016368719 274.71198843557 -13.81208659071 1648.66724 -0.15899999999999997 -2.267 0.8
274.62478366268 -13.7810509134 0.0271 0.0246 4.2747 "" "" 4146610952279094400 1755.78357 0.5247 0.0314 0.067 -1.27 0.034 0.028 0.997 "" "" 15.244866 1.312948 15.803218 14.49027 "" "" 1640.43982 1873.6665 15031.4317 5.5874 6518.2 12.164 12678.0 22.042 "" "" 0.0027847206810358923 0.00344824 0.004224571 0.007672811 274.62478366268 -13.7810509134 1755.78357 0.067 -1.27 1.0
274.66696076972 -13.74884539649 0.0313 0.0297 3.5941 "" "" 4146612597255215360 1831.4978 0.5015 0.0379 0.112 -1.65 0.041 0.033 1.017 "" "" 15.246833 2.200952 16.371515 14.170564 "" "" 1712.06982 1947.55188 15004.23211 17.218 3862.0 32.888 17019.0 45.443 "" "" 0.0030239259581030927 0.009657735 0.0047632214 0.014420956 274.66696076972 -13.74884539649 1831.4978 0.11200000000000002 -1.65 1.0
274.80905991475 -13.72445269583 0.0309 0.0309 8.1331 "" "" 4152605970717968896 1619.00842 0.5901 0.0397 0.111 -0.885 0.037 0.032 1.086 7226.8 4.2832 15.295584 1.204617 15.805871 14.601254 "" "" 1531.92126 1740.26013 14345.41966 5.0803 6502.3 45.531 11446.0 31.553 "" "" 0.002782019484737757 0.008098469 0.004820992 0.012919461 274.80905991475 -13.72445269583 1619.00842 0.11100000000000002 -0.8849999999999999 0.9
274.58216448046 -13.85076834859 0.0318 0.0277 7.1783 "" "" 4146610226426904832 1883.48804 0.488 0.0359 0.394 -1.498 0.045 0.034 0.993 "" "" 15.305725 1.831959 16.190197 14.358238 8.43 4.21 1763.95728 2056.76904 14212.04368 8.3472 4563.9 25.336 14317.0 22.596 "" "" 0.002828150650229889 0.0066418345 0.004149708 0.010791542 274.58216448046 -13.85076834859 1883.48804 0.3940000000000001 -1.498 1.0
274.66202832883 -13.77014820434 0.0309 0.0287 2.7145 "" "" 4146612391096778880 1600.87695 0.5845 0.0361 0.423 -1.458 0.042 0.034 1.002 7996.6 3.7283 15.394111 2.23823 16.536074 14.297844 "" "" 1505.93726 1682.77283 13100.93694 27.873 3318.8 29.978 15136.0 119.07 "" "" 0.003595515831847644 0.010196401 0.009339952 0.019536354 274.66202832883 -13.77014820434 1600.87695 0.42300000000000004 -1.4579999999999997 0.9
274.68444219093 -13.75402266457 0.0337 0.034 2.9586 "" "" 4146612528535768960 1579.08789 0.5812 0.0439 0.175 -1.451 0.043 0.036 0.989 "" "" 15.477072 2.215251 16.621609 14.406358 "" "" 1489.53442 1706.95789 12137.18806 6.8621 3067.4 25.865 13697.0 25.028 "" "" 0.0028228714100097933 0.009570902 0.004268452 0.013839355 274.68444219093 -13.75402266457 1579.08789 0.175 -1.451 0.9
274.65244910928 -13.75900758045 0.0362 0.035 3.583 "" "" 4146612494175980288 1749.0376 0.5473 0.0442 -0.124 -1.758 0.046 0.037 1.073 6898.8 2.8963 15.502854 1.498165 16.162418 14.664253 "" "" 1608.70776 1919.39783 11852.36213 5.8685 4682.2 26.946 10801.0 18.54 "" "" 0.002807273805256302 0.006843063 0.004213907 0.01105697 274.65244910928 -13.75900758045 1749.0376 -0.12399999999999997 -1.758 1.0
274.86634114125 -13.83147063958 0.0339 0.0325 10.1464 "" "" 4146596619970269824 1521.88 0.6192 0.0408 0.495 -1.223 0.041 0.036 1.089 "" "" 15.509481 2.007013 16.501682 14.494669 "" "" 1432.94385 1617.59338 11780.23944 7.9574 3425.7 14.485 12627.0 27.323 "" "" 0.0028512569392245774 0.0053722425 0.0044500893 0.009822331 274.86634114125 -13.83147063958 1521.88 0.49499999999999994 -1.223 1.0
274.55118859746 -13.79552658837 0.0344 0.0301 8.3782 "" "" 4146611429017808128 1716.15942 0.544 0.0407 0.16 -1.397 0.046 0.035 1.015 "" "" 15.51696 1.810828 16.379454 14.568625 "" "" 1604.39856 1852.40857 11699.37873 19.42 3833.8 21.272 11795.0 83.116 "" "" 0.003292389672179705 0.006639026 0.008533439 0.015172465 274.55118859746 -13.79552658837 1716.15942 0.16 -1.397 1.0
274.64983467015 -13.85755017018 0.0342 0.0323 4.2257 "" "" 4146598273535563008 1718.93994 0.5434 0.0446 -0.021 -1.509 0.042 0.035 1.064 7320.8 4.0352 15.539266 1.490651 16.202377 14.711726 "" "" 1611.70667 1822.15234 11461.47339 5.4326 4513.0 15.696 10339.0 21.304 "" "" 0.0028029679181706896 0.004695133 0.0043919063 0.009087039 274.64983467015 -13.85755017018 1718.93994 -0.021 -1.5090000000000001 1.0
274.74474946993 -13.83371447332 0.0368 0.0333 3.4672 "" "" 4146599304328319360 1755.5094 0.5312 0.0392 0.051 -1.5 0.047 0.037 0.921 10066.6 4.0096 15.548027 1.405342 16.17504 14.769697 "" "" 1625.62634 1915.47913 11369.36102 4.7978 4628.1 21.826 9801.2 36.998 "" "" 0.0027931546277871187 0.005831171 0.005575061 0.011406232 274.74474946993 -13.83371447332 1755.5094 0.051 -1.5 1.0
274.72054393283 -13.84970873845 0.0339 0.0314 3.2159 "" "" 4146597788206932480 1337.43665 0.7057 0.0378 0.123 -2.289 0.041 0.032 0.917 6365.5 4.3996 15.552108 1.279814 16.128302 14.848488 "" "" 1280.8905 1410.06348 11326.70534 4.4815 4831.7 77.305 9115.1 147.06 "" "" 0.0027886069007221135 0.017593933 0.017919982 0.035513915 274.72054393283 -13.84970873845 1337.43665 0.12300000000000003 -2.289 1.0
274.61779814079 -13.69285042263 0.0334 0.0302 7.9539 "" "" 4146613907216647040 1687.31482 0.5506 0.0402 -0.172 -1.378 0.044 0.035 1.026 "" "" 15.635839 2.488192 16.964188 14.475996 -26.08 9.8 1591.45251 1782.45032 10486.03953 5.6906 2237.4 17.689 12846.0 26.24 "" "" 0.00281761584384803 0.0090259705 0.0043820445 0.013408015 274.61779814079 -13.69285042263 1687.31482 -0.17200000000000001 -1.378 1.0
274.68578828295 -13.79826845931 0.0459 0.0439 0.5784 "" "" 4146600575633155712 1464.94897 0.6407 0.0539 0.119 -1.591 0.058 0.051 0.922 "" "" 15.71563 1.654171 16.116772 14.462601 "" "" 1374.57129 1596.70081 9743.04603 33.834 4883.2 313.43 13005.0 442.61 "" "" 0.004669840432259139 0.06974421 0.037144534 0.10688874 274.68578828295 -13.79826845931 1464.94897 0.11899999999999997 -1.591 0.9
274.53225238012 -13.84119260643 0.0403 0.0349 9.7542 "" "" 4146604595727511296 1518.17334 0.6204 0.048 0.15 -1.852 0.057 0.046 1.093 5364.9 3.3554 15.763083 2.331355 16.973186 14.641831 "" "" 1416.60156 1624.81067 9326.38267 272.97 2218.9 289.92 11026.0 848.29 "" "" 0.031897186634229684 0.141889 0.08361703 0.22550604 274.53225238012 -13.84119260643 1518.17334 0.14999999999999997 -1.852 0.9
274.81867531399 -13.72277696959 0.0386 0.0373 8.6529 "" "" 4152605214803723648 1702.95947 0.5511 0.0486 0.749 -1.912 0.046 0.037 1.056 7385.1 4.3106 15.789762 1.408533 16.417805 15.009272 "" "" 1561.4375 1846.06494 9100.01612 4.3922 3700.8 17.633 7860.5 23.298 "" "" 0.0028047115839840045 0.0058776275 0.0049638264 0.010841453 274.81867531399 -13.72277696959 1702.95947 0.7489999999999999 -1.9120000000000001 0.9
274.64020670318 -13.81826368662 0.0453 0.0441 3.3225 "" "" 4146599025152232192 1836.80627 0.5084 0.0487 0.382 -2.366 0.056 0.05 0.962 "" "" 15.806878 1.484162 16.476633 14.992471 "" "" 1669.01953 2067.09375 8957.68283 4.9366 3505.6 30.97 7983.1 32.369 "" "" 0.0028195414904676236 0.009989442 0.005802084 0.015791526 274.64020670318 -13.81826368662 1836.80627 0.382 -2.366 0.9
274.66583044669 -13.79399440766 0.0401 0.0402 1.7603 "" "" 4146599166883937280 1676.38245 0.5461 0.053 0.039 -1.629 0.05 0.044 0.927 "" "" 15.841563 2.085149 16.876968 14.79182 "" "" 1531.64685 1845.91309 8676.0386 33.65 2424.5 40.929 9603.5 213.0 "" "" 0.005032348162813344 0.018539922 0.024375763 0.042915687 274.66583044669 -13.79399440766 1676.38245 0.039 -1.629 1.0
274.66456488176 -13.78451825037 0.0442 0.0405 2.0598 "" "" 4146600640066260480 1305.00525 0.7658 0.0575 0.203 -0.824 0.054 0.04 1.012 5818.3 4.4448 15.848508 1.429357 16.48808 15.058723 "" "" 1214.84082 1428.38989 8620.72412 4.333 3468.8 26.224 7510.5 28.212 "" "" 0.0028088429798766392 0.008669392 0.005560309 0.014229702 274.66456488176 -13.78451825037 1305.00525 0.203 -0.824 0.9
274.69151100685 -13.79797040663 0.0492 0.0477 0.3228 "" "" 4146600365188397568 1517.80481 0.6146 0.0583 0.2 -1.46 0.062 0.049 0.962 9776.3 4.0796 15.858809 2.341252 17.05559 14.714337 "" "" 1376.72986 1688.32642 8539.31161 32.302 2056.7 39.949 10314.0 106.91 "" "" 0.004945676123802063 0.021272935 0.011871869 0.0331448 274.69151100685 -13.79797040663 1517.80481 0.2 -1.4600000000000002 0.9
274.52303908522 -13.78420314252 0.0375 0.0326 10.0676 "" "" 4146611605109426432 1834.09656 0.5096 0.0421 0.318 -1.651 0.051 0.039 0.975 9743.2 4.0374 15.886222 1.858685 16.774412 14.915727 "" "" 1692.42993 1983.3407 8326.4136 4.5887 2664.7 19.219 8567.8 42.782 "" "" 0.0028195413136022866 0.00831304 0.0066087767 0.014921817 274.52303908522 -13.78420314252 1834.09656 0.31799999999999995 -1.651 1.0
274.65035160471 -13.77673740466 0.0523 0.0488 3.0103 "" "" 4146612391096761728 1404.04089 0.6788 0.0617 0.337 -1.726 0.067 0.058 1.105 7978.2 3.8471 15.928414 2.257264 17.109465 14.852201 "" "" 1287.02637 1550.08765 8009.04686 7.5894 1957.2 20.963 9084.0 30.002 "" "" 0.002941141956439058 0.011959045 0.005209833 0.017168878 274.65035160471 -13.77673740466 1404.04089 0.337 -1.7259999999999998 1.0
274.8370308148 -13.70115627229 0.0442 0.042 10.2727 "" "" 4152606378727398656 1764.89368 0.5363 0.0522 0.113 -1.684 0.053 0.043 1.143 "" "" 15.928998 1.493539 16.575565 15.082026 "" "" 1626.17761 1945.63745 8004.74538 85.667 3200.3 146.75 7351.0 221.99 "" "" 0.011941790639415636 0.04986464 0.033004828 0.08286947 274.8370308148 -13.70115627229 1764.89368 0.11300000000000002 -1.684 1.0
274.73525022238 -13.83679822869 0.0415 0.0393 3.1366 "" "" 4146599269967938816 1631.69189 0.5824 0.0465 0.159 -1.464 0.049 0.038 1.012 5683.6 4.3093 15.945018 1.444397 16.64152 15.197123 "" "" 1509.01917 1778.07117 7887.50192 4.1166 3011.7 34.24 6611.6 75.649 "" "" 0.00281298673220472 0.0126551455 0.012985018 0.025640164 274.73525022238 -13.83679822869 1631.69189 0.15900000000000003 -1.464 1.0
