Clusters/NGC_6611/NGC_6611_stars_in_region.tsv
# %ECSV 1.0
# ---
# datatype:
# - name: RA_ICRS_1
#   unit: deg
#   datatype: float64
#   format: '{:15.11f}'
#   description: Right ascension (ICRS) at Ep=2016.0 (ra)
#   meta: !!omap
#   - {ucd: POS_EQ_RA_MAIN}
#   - {width: 15}
#   - {precision: '11'}
# - name: DE_ICRS_1
#   unit: deg
#   datatype: float64
#   format: '{:15.11f}'
#   description: Declination (ICRS) at Ep=2016.0 (dec)
#   meta: !!omap
#   - {ucd: POS_EQ_DEC_MAIN}
#   - {width: 15}
#   - {precision: '11'}
# - name: e_RA_ICRS
#   unit: mas
#   datatype: float64
#   format: '{:7.4f}'
#   description: Standard error of right ascension (ra_error)
#   meta: !!omap
#   - {ucd: ERROR}
#   - {width: 7}
#   - {precision: '4'}
# - name: e_DE_ICRS
#   unit: mas
#   datatype: float64
#   format: '{:7.4f}'
#   description: Standard error of declination (dec_error)
#   meta: !!omap
#   - {ucd: ERROR}
#   - {width: 7}
#   - {precision: '4'}
# - name: _r_1
#   unit: ''
#   datatype: float64
#   format: '{:7.4f}'
#   description: Distance from center (274.69480687000-13.80229428000)[ICRS], at Epoch=J2016.0
#   meta: !!omap
#   - {ucd: POS_ANG_DIST_GENERAL}
#   - {width: 7}
#   - {precision: '4'}
# - name: HIP
#   datatype: int32
#   description: '? HIP cross-id number, van Leeuwen, Cat. I/311 (hip_original_ext_source_id)'
#   meta: !!omap
#   - {ucd: ID_NUMBER}
#   - {width: 6}
#   - values: {'null': -2147483648}
# - name: TYC2
#   datatype: string
#   description: Tycho-2 cross-id name, Hog et al., Cat. I/259 (tyc2_original_ext_source_id)
#   meta: !!omap
#   - {ucd: ID_CROSSID}
#   - {_votable_string_dtype: char}
# - name: Source
#   datatype: int64
#   description: Source identifier, identical to the Gaia-EDR3 source_id (id)
#   meta: !!omap
#   - {ucd: ID_MAIN}
#   - {width: 19}
# - name: rgeo
#   unit: pc
#   datatype: float64
#   format: '{:15.8f}'
#   description: '? Median of the geometric distance posterior (r_med_geo)'
#   meta: !!omap
#   - {ucd: PHYS_DISTANCE_TRUE}
#   - {width: 15}
#   - {precision: '8'}
#   - values: {'null': .nan}
# - name: Plx
#   unit: mas
#   datatype: float64
#   format: '{:9.4f}'
#   description: '? Parallax (parallax)'
#   meta: !!omap
#   - {ucd: POS_PARLX_TRIG}
#   - {width: 9}
#   - {precision: '4'}
#   - values: {'null': .nan}
# - name: e_Plx
#   unit: mas
#   datatype: float32
#   format: '{:7.4f}'
#   description: '? Standard error of parallax (parallax_error)'
#   meta: !!omap
#   - {ucd: ERROR}
#   - {width: 7}
#   - {precision: '4'}
#   - values: {'null': .nan}
# - name: pmRA
#   unit: mas / yr
#   datatype: float64
#   format: '{:9.3f}'
#   description: '? Proper motion in right ascension direction, pmRA*cosDE (pmra)'
#   meta: !!omap
#   - {ucd: POS_EQ_PMRA}
#   - {width: 9}
#   - {precision: '3'}
#   - values: {'null': .nan}
# - name: pmDE
#   unit: mas / yr
#   datatype: float64
#   format: '{:9.3f}'
#   description: '? Proper motion in declination direction (pmdec)'
#   meta: !!omap
#   - {ucd: POS_EQ_PMDEC}
#   - {width: 9}
#   - {precision: '3'}
#   - values: {'null': .nan}
# - name: e_pmRA
#   unit: mas / yr
#   datatype: float32
#   format: '{:6.3f}'
#   description: '? Standard error of proper motion in right ascension direction (pmra_error)'
#   meta: !!omap
#   - {ucd: ERROR}
#   - {width: 6}
#   - {precision: '3'}
#   - values: {'null': .nan}
# - name: e_pmDE
[...]
#         value: !astropy.table.SerializedColumn {name: SkyCoord.dec}
#       distance: !astropy.table.SerializedColumn
#         __class__: astropy.coordinates.distances.Distance
#         unit: !astropy.units.Unit {unit: pc}
#         value: !astropy.table.SerializedColumn {name: SkyCoord.distance}
#       frame: icrs
#       obstime: !astropy.time.Time {format: jyear_str, in_subfmt: '*', jd1: 367701545.0, jd2: 0.0, out_subfmt: '*', precision: 3, scale: tt}
#       pm_dec: !astropy.table.SerializedColumn
#         __class__: astropy.units.quantity.Quantity
#         unit: !astropy.units.Unit {unit: mas / yr}
#         value: !astropy.table.SerializedColumn {name: SkyCoord.pm_dec}
#       pm_ra_cosdec: !astropy.table.SerializedColumn
#         __class__: astropy.units.quantity.Quantity
#         unit: !astropy.units.Unit {unit: mas / yr}
#         value: !astropy.table.SerializedColumn {name: SkyCoord.pm_ra_cosdec}
#       ra: !astropy.table.SerializedColumn
#         __class__: astropy.coordinates.angles.Longitude
#         unit: *id001
#         value: !astropy.table.SerializedColumn {name: SkyCoord.ra}
#         wrap_angle: !astropy.coordinates.Angle
#           unit: *id001
#           value: 360.0
#       representation_type: spherical
# schema: astropy-2.0
RA_ICRS_1 DE_ICRS_1 e_RA_ICRS e_DE_ICRS _r_1 HIP TYC2 Source rgeo Plx e_Plx pmRA pmDE e_pmRA e_pmDE RUWE Teff logg Gmag BP-RP BPmag RPmag RV e_RV b_rgeo B_rgeo FG e_FG FBP e_FBP FRP e_FRP RAVE5 RAVE6 e_Gmag e_BPmag e_RPmag e_BP-RP SkyCoord.ra SkyCoord.dec SkyCoord.distance SkyCoord.pm_ra_cosdec SkyCoord.pm_dec rmRA rmDE e_rmRA e_rmDE rRV e_rRV v_pec v_pec3d e_vpec e_vpec3d
[from data line 1481]
274.92803517763 -13.52881455752 0.0449 0.044 21.3106 "" "" 4152626827079344896 1377.03894 0.7022 0.0555 -1.855 -2.779 0.057 0.044 1.071 5010.0 4.3741 16.110239 1.474029 16.79292 15.318891 "" "" 1296.40002 1489.71301 6774.09446 3.5565 2619.7 11.711 5910.2 18.404 "" "" 0.002813666796140505 0.005598462 0.005070929 0.010669392 274.92803517763 -13.52881455752 1377.03894 -1.8550000000000013 -2.7790000000000004 -2.038406502008438 -1.1321137704849242 0.2234948 0.2104948 "" "" 15.219330528713014 "" 3.3558501945505683 ""
274.94655797015 -14.10877972544 0.0462 0.0419 23.5171 "" "" 4146399914768995328 1482.12744 0.6592 0.0556 1.71 -8.383 0.062 0.044 1.089 5345.1 4.5552 16.110777 1.384845 16.741922 15.357078 "" "" 1377.87671 1579.63464 6770.74345 3.7768 2745.7 16.761 5705.9 21.237 "" "" 0.0028210963813366653 0.0071911844 0.0055329683 0.012724153 274.94655797015 -14.10877972544 1482.12744 1.7099999999999993 -8.382999999999997 1.5265934979915619 -6.736113770484923 0.2284948 0.2104948 "" "" 48.52316277211023 "" 10.25826889694045 ""
274.79939645072 -14.02495897243 0.0469 0.0416 14.683 "" "" 4146404686469272704 1279.47009 0.7641 0.0558 0.976 -5.269 0.057 0.044 1.054 5129.4 4.5699 16.11429 1.371674 16.719942 15.348268 "" "" 1196.80835 1405.27466 6748.86653 3.5614 2801.8 14.574 5752.4 47.006 "" "" 0.002814259637629765 0.006299264 0.009643581 0.015942845 274.79939645072 -14.02495897243 1279.47009 0.976 -5.268999999999997 0.7925934979915619 -3.6221137704849244 0.2234948 0.2104948 "" "" 22.486758779259993 "" 4.747096116191983 ""
274.7771490314 -13.92765221501 0.0464 0.0425 8.9207 "" "" 4146593531891548160 1343.77112 0.7255 0.0518 -6.461 -24.563 0.056 0.045 1.035 5530.3 4.5841 16.115099 1.289308 16.66811 15.378802 "" "" 1252.94531 1437.97412 6743.84137 4.2009 2938.8 21.841 5592.9 31.655 "" "" 0.0028371135037082436 0.008537911 0.007214298 0.01575221 274.7771490314 -13.92765221501 1343.77112 -6.461000000000003 -24.56299999999998 -6.644406502008438 -22.916113770484923 0.22249481 0.2114948 "" "" 151.97525005406672 "" 32.27471312445744 ""
274.84965647756 -13.43940035173 0.0406 0.0358 23.5717 "" "" 4152631328205096960 1691.23718 0.5668 0.0454 0.422 -0.121 0.054 0.044 1.099 6204.2 4.3666 16.11525 1.2976 16.684694 15.387094 "" "" 1565.95251 1822.16248 6742.90514 3.7559 2894.3 13.507 5550.4 10.903 "" "" 0.002820910818207769 0.005784307 0.00433964 0.010123948 274.84965647756 -13.43940035173 1691.23718 0.422 -0.121 0.23859349799156188 1.5258862295150757 0.2204948 0.2104948 "" "" 12.380846101504865 "" 2.609127007815597 ""
274.57616270819 -14.15515673217 0.0482 0.0449 22.2702 "" "" 4146583842445300992 1420.25623 0.6897 0.0537 -0.557 0.322 0.052 0.043 1.046 5313.3 4.5669 16.115385 1.229747 16.653128 15.423381 "" "" 1316.9281 1509.53528 6742.05956 3.7304 2979.7 8.5514 5367.9 16.04 "" "" 0.002820049445093954 0.004182598 0.0049809003 0.009163499 274.57616270819 -14.15515673217 1420.25623 -0.5570000000000002 0.32199999999999995 -0.7404065020084382 1.9688862295150757 0.2184948 0.2094948 "" "" 14.160796601548348 "" 2.9826989320364814 ""
274.6244132352 -13.58089274557 0.0416 0.0384 13.9035 "" "" 4152623459824773376 1473.80518 0.6495 0.0478 -0.934 -2.897 0.054 0.044 1.041 5573.2 4.407 16.116524 1.500503 16.806597 15.306093 "" "" 1374.70667 1582.15759 6734.99404 3.7126 2586.9 10.209 5980.3 13.324 "" "" 0.0028195732675478946 0.005113153 0.0044872365 0.00960039 274.6244132352 -13.58089274557 1473.80518 -0.9340000000000002 -2.8969999999999985 -1.1174065020084383 -1.2501137704849241 0.2204948 0.2104948 "" "" 11.713274723952036 "" 2.518277338710306 ""
274.91345718407 -13.84023726524 0.0494 0.0494 12.941 "" "" 4152600400132500096 1624.47705 0.5931 0.0634 -2.586 -0.657 0.063 0.048 1.109 5914.4 4.4424 16.117933 1.48718 16.78987 15.30269 "" "" 1488.75244 1777.58044 6726.25843 4.4312 2627.1 11.556 5999.0 20.429 "" "" 0.0028466481277998165 0.005531208 0.005287178 0.010818386 274.91345718407 -13.84023726524 1624.47705 -2.5860000000000016 -0.6570000000000003 -2.769406502008438 0.9898862295150757 0.22949481 0.2144948 "" "" 22.64577041176041 "" 5.159727998236046 ""
274.7996752139 -14.0264512208 0.0424 0.0373 14.7712 "" "" 4146404690766964736 1597.94727 0.5919 0.0499 -0.128 1.278 0.054 0.041 0.952 "" "" 16.119368 1.492579 16.760405 15.267825 "" "" 1462.80457 1744.76941 6717.37501 3.4813 2699.3 18.969 6194.8 154.62 "" "" 0.002812188656447578 0.008124043 0.027361862 0.035485905 274.7996752139 -14.0264512208 1597.94727 -0.128 1.278 -0.3114065020084381 2.9248862295150757 0.2204948 0.2074948 "" "" 22.279086069135584 "" 4.6261411450349215 ""
274.81646423629 -14.1767314079 0.0499 0.0438 23.5563 "" "" 4146393730016125952 1375.07812 0.6927 0.0561 0.94 -4.297 0.063 0.049 1.131 5001.9 4.4215 16.119747 1.364148 16.73219 15.368041 "" "" 1255.93115 1499.13599 6715.02972 3.9863 2770.4 10.09 5648.6 19.809 "" "" 0.002829702189200476 0.004839605 0.0053648106 0.010204416 274.81646423629 -14.1767314079 1375.07812 0.94 -4.296999999999999 0.7565934979915618 -2.650113770484924 0.22949481 0.2154948 "" "" 17.963251364623968 "" 3.8905067422067137 ""
274.62906404763 -13.44244909808 0.0486 0.0438 21.9284 "" "" 4152673247086882048 1437.39282 0.6793 0.0496 1.413 0.239 0.063 0.051 1.124 5522.0 4.3568 16.121769 1.405957 16.751175 15.345218 "" "" 1353.88379 1530.68604 6702.53248 4.4063 2722.4 16.248 5768.6 17.062 "" "" 0.002846271187472219 0.0070551345 0.004959467 0.012014601 274.62906404763 -13.44244909808 1437.39282 1.413 0.23900000000000002 1.229593497991562 1.8858862295150756 0.22949481 0.2174948 "" "" 15.338826185597226 "" 3.392066486468549 ""
274.85097042094 -13.76327748434 0.0507 0.05 9.3963 "" "" 4152604763821562624 1867.19751 0.5184 0.0588 -3.774 -9.744 0.061 0.05 1.093 5297.3 3.7401 16.122677 1.960391 17.096373 15.135982 "" "" 1667.21509 2109.76978 6696.93817 12.901 1980.9 20.08 6994.6 38.768 "" "" 0.0034592533684712845 0.011354066 0.007106135 0.018460201 274.85097042094 -13.76327748434 1867.19751 -3.774 -9.744 -3.957406502008438 -8.097113770484924 0.2274948 0.2164948 "" "" 79.7648654564817 "" 17.441290130127594 ""
274.72039109415 -13.59398023576 0.0423 0.0392 12.5875 "" "" 4152619920771764224 1443.95007 0.6551 0.0498 1.686 -0.349 0.055 0.044 1.08 5504.1 4.548 16.12316 1.370505 16.738955 15.368449 "" "" 1338.50232 1587.54028 6693.95527 3.6501 2753.2 19.633 5646.5 15.026 "" "" 0.0028182074159885345 0.008229772 0.0047572698 0.012987042 274.72039109415 -13.59398023576 1443.95007 1.6860000000000002 -0.349 1.5025934979915618 1.2978862295150757 0.2214948 0.2104948 "" "" 13.58955157293425 "" 2.947069201631213 ""
274.44880076976 -13.47262222915 0.0405 0.0406 24.4339 "" "" 4146670321609486720 1816.04346 0.5438 0.0558 -1.023 1.261 0.05 0.039 0.973 7189.9 4.3463 16.123241 1.35836 16.73073 15.37237 "" "" 1609.047 2145.09302 6693.45748 3.6097 2774.1 8.8534 5626.1 15.817 "" "" 0.0028168471876563084 0.0044487943 0.004858071 0.009306865 274.44880076976 -13.47262222915 1816.04346 -1.022999999999999 1.261 -1.206406502008438 2.907886229515076 0.2164948 0.2054948 "" "" 27.099926611523976 "" 5.613660302898687 ""
274.64398550454 -13.41762076815 0.0444 0.0396 23.2699 "" "" 4152673380217531392 1702.8075 0.5772 0.0478 1.543 1.732 0.056 0.045 1.039 7341.3 4.3663 16.123981 1.40128 16.744583 15.343303 "" "" 1582.50598 1841.96216 6688.88669 4.025 2738.9 16.905 5778.8 15.443 "" "" 0.0028317197724441914 0.0072590187 0.004764689 0.012023708 274.64398550454 -13.41762076815 1702.8075 1.5429999999999995 1.7320000000000002 1.3595934979915618 3.378886229515076 0.22249481 0.2114948 "" "" 29.39703468784862 "" 6.2633816979605585 ""
274.45892388988 -13.50404299088 0.0399 0.0372 22.5694 "" "" 4146667194873291392 1585.14856 0.5954 0.051 0.361 -0.378 0.051 0.038 1.018 7161.2 4.2905 16.12438 1.45768 16.789566 15.331886 "" "" 1458.60205 1759.73779 6686.43407 3.2078 2627.8 12.214 5839.9 16.258 "" "" 0.0028041227735903914 0.005766469 0.004839428 0.010605897 274.45892388988 -13.50404299088 1585.14856 0.3610000000000002 -0.37799999999999995 0.17759349799156188 1.2688862295150756 0.2174948 0.2044948 "" "" 9.62683511395189 "" 1.9711170466661438 ""
274.40431225982 -13.7473424743 0.0462 0.0406 17.2465 "" "" 4146609848467588096 1643.83386 0.5971 0.0481 -1.274 -0.385 0.068 0.049 1.059 6092.2 4.3863 16.124434 1.336162 16.723482 15.38732 "" "" 1531.09583 1777.50659 6686.11079 3.3527 2792.7 11.743 5549.2 25.691 "" "" 0.0028085936075987242 0.005350509 0.006288919 0.011639428 274.40431225982 -13.7473424743 1643.83386 -1.2739999999999991 -0.385 -1.4574065020084381 1.2618862295150757 0.2344948 0.2154948 "" "" 15.020934009742335 "" 3.4029789158952295 ""
274.97550531638 -14.04041369436 0.0479 0.05 21.7107 "" "" 4146402418726522624 1844.91675 0.5252 0.0778 -0.827 -0.534 0.068 0.046 1.079 5794.4 4.0048 16.125109 1.827514 17.015022 15.187509 "" "" 1579.06323 2187.04468 6681.95565 4.3823 2135.0 15.556 6670.4 21.048 "" "" 0.0028458449262243296 0.008388501 0.0051010763 0.013489577 274.97550531638 -14.04041369436 1844.91675 -0.8269999999999995 -0.534 -1.010406502008438 1.1128862295150757 0.2344948 0.2124948 "" "" 13.14483803803101 "" 2.9274179590440768 ""
274.38529235277 -13.8098026346 0.042 0.0364 18.04 "" "" 4146608478378036736 1708.13306 0.5772 0.0447 0.405 -1.467 0.055 0.041 1.007 5314.8 4.2916 16.125443 1.42087 16.765503 15.344633 "" "" 1576.82874 1847.77026 6679.90014 3.4364 2686.7 18.158 5771.7 22.427 "" "" 0.002811362962791623 0.007850488 0.0056641176 0.013514605 274.38529235277 -13.8098026346 1708.13306 0.4050000000000003 -1.467000000000001 0.22159349799156192 0.1798862295150756 0.2214948 0.2074948 "" "" 2.3108913689711 "" 0.49925024130082896 ""
274.68687049439 -13.58658177656 0.0408 0.038 12.951 "" "" 4152622566471622912 1364.8689 0.7123 0.049 -0.152 -4.787 0.053 0.043 1.035 5644.9 4.5711 16.125774 1.33987 16.721336 15.381467 "" "" 1282.1698 1479.78088 6677.85758 3.4972 2798.2 15.252 5579.2 16.451 "" "" 0.002813378127209976 0.006542733 0.004953071 0.011495804 274.68687049439 -13.58658177656 1364.8689 -0.15199999999999997 -4.787 -0.33540650200843813 -3.1401137704849242 0.2194948 0.2094948 "" "" 20.430457693898834 "" 4.282433633398643 ""
274.9872559046 -13.79728322662 0.0513 0.0501 17.0431 "" "" 4152601018607798144 1563.87561 0.6088 0.0541 -0.749 3.513 0.059 0.051 1.047 7402.7 4.4177 16.125933 1.454374 16.78176 15.327385 "" "" 1431.39343 1707.57971 6676.88369 3.4433 2646.8 14.579 5864.1 9.1436 "" "" 0.0028116363412671536 0.0065992684 0.004141226 0.010740494 274.9872559046 -13.79728322662 1563.87561 -0.749 3.513000000000001 -0.9324065020084381 5.159886229515076 0.2254948 0.2174948 "" "" 38.86851910120035 "" 8.463708218718201 ""
274.45083974484 -14.14268656409 0.0421 0.0401 24.8777 "" "" 4146561165018060288 1756.91125 0.5456 0.0489 3.166 1.135 0.05 0.04 0.977 "" "" 16.12605 1.583951 16.855902 15.271951 "" "" 1641.12183 1878.5282 6676.16009 4.1537 2472.0 13.486 6171.3 13.709 "" "" 0.0028369182364427156 0.0065475004 0.004483395 0.011030896 274.45083974484 -14.14268656409 1756.91125 3.166000000000001 1.135 2.982593497991562 2.7818862295150755 0.2164948 0.20649481 "" "" 33.96537152786247 "" 7.197305472911889 ""
274.82851367402 -13.52093828627 0.0427 0.0403 18.5943 "" "" 4152622081128015232 1373.85962 0.7175 0.0509 -3.535 -7.53 0.054 0.045 1.011 4743.6 4.1869 16.12796 1.523562 16.836329 15.312767 "" "" 1285.93542 1498.27112 6664.42417 3.6256 2517.0 17.779 5943.6 17.521 "" "" 0.002817920343088473 0.008160957 0.004952542 0.013113499 274.82851367402 -13.52093828627 1373.85962 -3.5350000000000006 -7.529999999999999 -3.7184065020084383 -5.883113770484925 0.2204948 0.2114948 "" "" 45.322295171182674 "" 9.703614373609348 ""
274.7424303318 -13.45840322397 0.0449 0.0411 20.8195 "" "" 4152626242963637248 1371.49573 0.7072 0.0525 3.154 0.545 0.056 0.045 1.05 5723.9 4.3924 16.128584 1.387799 16.749641 15.361842 "" "" 1299.1759 1457.54395 6660.59385 3.4535 2726.2 16.648 5681.0 12.465 "" "" 0.0028122417326440726 0.0071934005 0.004467545 0.011660946 274.7424303318 -13.45840322397 1371.49573 3.154 0.545 2.970593497991562 2.1918862295150756 0.22249481 0.2114948 "" "" 23.99945982814776 "" 5.2482088316584825 ""
274.93273378723 -14.09897323858 0.0451 0.0438 22.5569 "" "" 4146399983488490240 1451.87329 0.6692 0.055 0.02 -0.981 0.062 0.049 1.014 5660.7 4.5451 16.128958 1.351511 16.738632 15.387121 "" "" 1345.76221 1566.79236 6658.30575 3.8173 2754.0 13.192 5550.2 14.842 "" "" 0.0028247576089950334 0.005901989 0.0047658687 0.010667858 274.93273378723 -14.09897323858 1451.87329 0.02000000000000001 -0.9809999999999995 -0.16340650200843812 0.6658862295150757 0.2284948 0.2154948 "" "" 4.718511591172961 "" 1.0203975778871486 ""
274.78788528125 -13.42510106248 0.0433 0.0383 23.2734 "" "" 4152632221558310144 1759.00305 0.5329 0.0496 0.673 -1.464 0.056 0.042 0.935 9604.4 3.7638 16.132282 2.454671 17.448477 14.993806 "" "" 1620.61328 1890.7428 6637.94899 9.4068 1432.3 15.538 7973.3 38.17 "" "" 0.003155812309909586 0.0121043455 0.006426465 0.01853081 274.78788528125 -13.42510106248 1759.00305 0.673 -1.464 0.48959349799156193 0.18288622951507572 0.22249481 0.2084948 "" "" 4.357575031080905 "" 0.9622754015520808 ""
274.42973451748 -13.89107253566 0.0413 0.0362 16.335 "" "" 4146604698806750848 1823.30493 0.5352 0.0454 -0.586 -2.173 0.053 0.042 0.973 9112.5 3.7527 16.133276 1.86114 17.043566 15.182426 "" "" 1667.34766 2030.56775 6631.8811 3.8694 2079.7 13.085 6701.7 16.762 "" "" 0.0028272041252840386 0.0073790527 0.0046538357 0.012032889 274.42973451748 -13.89107253566 1823.30493 -0.5860000000000002 -2.173 -0.7694065020084381 -0.5261137704849244 0.2194948 0.2084948 "" "" 8.055510559884558 "" 1.7404009618077456 ""
274.7133363475 -13.82333674853 0.0597 0.0588 1.6612 "" "" 4146599544845867520 1774.80847 0.54 0.0582 3.591 -5.924 0.061 0.053 0.985 5079.3 4.3257 16.134155 1.393942 16.70388 15.309938 "" "" 1629.30188 1967.98486 6626.50727 4.3142 2843.6 16.602 5959.1 17.603 "" "" 0.0028445483666514333 0.00692583 0.0049568196 0.01188265 274.7133363475 -13.82333674853 1774.80847 3.591 -5.924000000000003 3.407593497991562 -4.277113770484925 0.2274948 0.2194948 "" "" 46.004955040512144 "" 10.242322100342165 ""
275.103103254 -13.81987805349 0.1437 0.128 23.8129 "" "" 4152413624903331200 1634.89893 0.6646 0.1571 3.384 6.208 0.19 0.149 3.13 5211.4 4.6919 16.134531 1.476648 16.750523 15.273874 "" "" 1281.37036 2088.0415 6624.20796 12.369 2724.0 22.831 6160.4 34.711 "" "" 0.0034207990026132776 0.009518158 0.007190897 0.016709056 275.103103254 -13.81987805349 1634.89893 3.384 6.208000000000002 3.200593497991562 7.854886229515076 0.35649478 0.3154948 "" "" 65.73000012273933 "" 21.142182375269112 ""
274.44127045581 -14.10779723286 0.0764 0.0641 23.5361 "" "" 4146564669706406784 1812.09241 0.5446 0.084 4.255 0.566 0.09 0.069 1.681 "" "" 16.135288 1.549391 16.319841 14.770451 "" "" 1583.41895 2080.26611 6619.59325 8.3932 4050.2 19.404 9794.4 30.165 "" "" 0.0030800858189977682 0.0059027076 0.005046307 0.010949015 274.44127045581 -14.10779723286 1812.09241 4.255 0.566 4.071593497991562 2.2128862295150755 0.25649482 0.23549479 "" "" 39.80362544786119 "" 10.02495557415721 ""
274.73270027433 -13.93148925323 0.046 0.0448 8.0598 "" "" 4146593875488957440 1685.29614 0.5685 0.0544 2.279 -2.89 0.054 0.044 0.949 4948.3 4.3449 16.135416 1.318755 16.736523 15.417768 "" "" 1544.35876 1830.30566 6618.82039 3.7331 2759.4 27.331 5395.7 25.667 "" "" 0.002822549453651443 0.011109949 0.0063998946 0.017509844 274.73270027433 -13.93148925323 1685.29614 2.2789999999999995 -2.8899999999999997 2.095593497991562 -1.2431137704849244 0.2204948 0.2104948 "" "" 19.464012945105917 "" 4.241909748193293 ""
