Clusters/UPK_385/UPK_385_stars_in_region.tsv
# %ECSV 1.0
# ---
# datatype:
# - name: RA_ICRS_1
#   unit: deg
#   datatype: float64
#   format: '{:15.11f}'
#   description: Right ascension (ICRS) at Ep=2016.0 (ra)
#   meta: !!omap
#   - {ucd: POS_EQ_RA_MAIN}
#   - {width: 15}
#   - {precision: '11'}
# - name: DE_ICRS_1
#   unit: deg
#   datatype: float64
#   format: '{:15.11f}'
#   description: Declination (ICRS) at Ep=2016.0 (dec)
#   meta: !!omap
#   - {ucd: POS_EQ_DEC_MAIN}
#   - {width: 15}
#   - {precision: '11'}
# - name: e_RA_ICRS
#   unit: mas
#   datatype: float64
#   format: '{:7.4f}'
#   description: Standard error of right ascension (ra_error)
#   meta: !!omap
#   - {ucd: ERROR}
#   - {width: 7}
#   - {precision: '4'}
# - name: e_DE_ICRS
#   unit: mas
#   datatype: float64
#   format: '{:7.4f}'
#   description: Standard error of declination (dec_error)
#   meta: !!omap
#   - {ucd: ERROR}
#   - {width: 7}
#   - {precision: '4'}
# - name: _r_1
#   unit: ''
#   datatype: float64
#   format: '{:8.4f}'
#   description: Distance from center (075.72730725000+13.05989527000)[ICRS], at Epoch=J2016.0
#   meta: !!omap
#   - {ucd: POS_ANG_DIST_GENERAL}
#   - {width: 8}
#   - {precision: '4'}
# - name: HIP
#   datatype: int32
#   description: '? HIP cross-id number, van Leeuwen, Cat. I/311 (hip_original_ext_source_id)'
#   meta: !!omap
#   - {ucd: ID_NUMBER}
#   - {width: 6}
#   - values: {'null': -2147483648}
# - name: TYC2
#   datatype: string
#   description: Tycho-2 cross-id name, Hog et al., Cat. I/259 (tyc2_original_ext_source_id)
#   meta: !!omap
#   - {ucd: ID_CROSSID}
#   - {_votable_string_dtype: char}
# - name: Source
#   datatype: int64
#   description: Source identifier, identical to the Gaia-EDR3 source_id (id)
#   meta: !!omap
#   - {ucd: ID_MAIN}
#   - {width: 19}
# - name: rgeo
#   unit: pc
#   datatype: float64
#   format: '{:15.8f}'
#   description: '? Median of the geometric distance posterior (r_med_geo)'
#   meta: !!omap
#   - {ucd: PHYS_DISTANCE_TRUE}
#   - {width: 15}
#   - {precision: '8'}
#   - values: {'null': .nan}
# - name: Plx
#   unit: mas
#   datatype: float64
#   format: '{:9.4f}'
#   description: '? Parallax (parallax)'
#   meta: !!omap
#   - {ucd: POS_PARLX_TRIG}
#   - {width: 9}
#   - {precision: '4'}
#   - values: {'null': .nan}
# - name: e_Plx
#   unit: mas
#   datatype: float32
#   format: '{:7.4f}'
#   description: '? Standard error of parallax (parallax_error)'
#   meta: !!omap
#   - {ucd: ERROR}
#   - {width: 7}
#   - {precision: '4'}
#   - values: {'null': .nan}
# - name: pmRA
#   unit: mas / yr
#   datatype: float64
#   format: '{:9.3f}'
#   description: '? Proper motion in right ascension direction, pmRA*cosDE (pmra)'
#   meta: !!omap
#   - {ucd: POS_EQ_PMRA}
#   - {width: 9}
#   - {precision: '3'}
#   - values: {'null': .nan}
# - name: pmDE
#   unit: mas / yr
#   datatype: float64
#   format: '{:9.3f}'
#   description: '? Proper motion in declination direction (pmdec)'
#   meta: !!omap
#   - {ucd: POS_EQ_PMDEC}
#   - {width: 9}
#   - {precision: '3'}
#   - values: {'null': .nan}
# - name: e_pmRA
#   unit: mas / yr
#   datatype: float32
#   format: '{:6.3f}'
#   description: '? Standard error of proper motion in right ascension direction (pmra_error)'
#   meta: !!omap
#   - {ucd: ERROR}
#   - {width: 6}
#   - {precision: '3'}
#   - values: {'null': .nan}
# - name: e_pmDE
[...]
#         unit: &id001 !astropy.units.Unit {unit: deg}
#         value: !astropy.table.SerializedColumn {name: SkyCoord.dec}
#       distance: !astropy.table.SerializedColumn
#         __class__: astropy.coordinates.distances.Distance
#         unit: !astropy.units.Unit {unit: pc}
#         value: !astropy.table.SerializedColumn {name: SkyCoord.distance}
#       frame: icrs
#       obstime: !astropy.time.Time {format: jyear_str, in_subfmt: '*', jd1: 367701545.0, jd2: 0.0, out_subfmt: '*', precision: 3, scale: tt}
#       pm_dec: !astropy.table.SerializedColumn
#         __class__: astropy.units.quantity.Quantity
#         unit: !astropy.units.Unit {unit: mas / yr}
#         value: !astropy.table.SerializedColumn {name: SkyCoord.pm_dec}
#       pm_ra_cosdec: !astropy.table.SerializedColumn
#         __class__: astropy.units.quantity.Quantity
#         unit: !astropy.units.Unit {unit: mas / yr}
#         value: !astropy.table.SerializedColumn {name: SkyCoord.pm_ra_cosdec}
#       ra: !astropy.table.SerializedColumn
#         __class__: astropy.coordinates.angles.Longitude
#         unit: *id001
#         value: !astropy.table.SerializedColumn {name: SkyCoord.ra}
#         wrap_angle: !astropy.coordinates.Angle
#           unit: *id001
#           value: 360.0
#       representation_type: spherical
# schema: astropy-2.0
RA_ICRS_1 DE_ICRS_1 e_RA_ICRS e_DE_ICRS _r_1 HIP TYC2 Source rgeo Plx e_Plx pmRA pmDE e_pmRA e_pmDE RUWE Teff logg Gmag BP-RP BPmag RPmag RV e_RV b_rgeo B_rgeo FG e_FG FBP e_FBP FRP e_FRP RAVE5 RAVE6 e_Gmag e_BPmag e_RPmag e_BP-RP SkyCoord.ra SkyCoord.dec SkyCoord.distance SkyCoord.pm_ra_cosdec SkyCoord.pm_dec
[from data line 926]
74.64011217656 11.82710697781 0.0629 0.039 97.6145 "" "" 3295080359528569472 299.132843 3.3093 0.0696 6.789 -11.537 0.073 0.057 1.005 3699.6 4.4681 16.596548 2.169578 17.6181 15.448522 "" "" 293.578369 305.989288 4328.39983 3.1199 1225.1 47.487 5245.0 65.9 "" "" 0.0028643054733118395 0.04217741 0.014155423 0.056332834 74.64011217656 11.82710697781 299.132843 6.788999999999999 -11.537
77.47635859778 14.20099503203 0.0604 0.0423 122.8356 "" "" 3391893286066314624 377.317291 2.6214 0.072 0.847 -6.577 0.077 0.06 1.102 3595.8 4.3171 16.6006 2.686302 18.002485 15.316183 "" "" 367.191895 388.288055 4312.27772 8.1008 859.85 19.564 5925.0 93.612 "" "" 0.0034280849496480512 0.024860613 0.017565483 0.042426094 77.47635859778 14.20099503203 377.317291 0.8470000000000001 -6.577
73.9537282789 12.5517741429 0.0713 0.0291 108.1532 "" "" 3295457453361961728 284.562775 3.4683 0.0741 -9.032 9.676 0.094 0.073 1.088 3880.7 4.7127 16.603449 2.426169 17.902653 15.476483 "" "" 278.765869 290.833313 4300.98114 2.5864 942.66 9.602 5111.7 9.5633 "" "" 0.0028316213055107047 0.01140592 0.0042906604 0.01569658 73.9537282789 12.5517741429 284.562775 -9.032 9.676
75.10116339365 14.68930509208 0.0642 0.0402 104.3458 "" "" 3392600924878958720 349.989655 2.8338 0.0704 2.457 -16.153 0.094 0.068 0.902 3717.9 4.5296 16.61255 2.510038 17.977346 15.467308 "" "" 341.227295 359.34433 4265.07641 4.4519 879.99 12.257 5155.1 19.806 "" "" 0.0029792862131434302 0.01537799 0.0056288964 0.021006886 75.10116339365 14.68930509208 349.989655 2.456999999999999 -16.153
73.60763193436 13.55826304876 0.0539 0.0235 127.325 "" "" 3296341224487864576 256.608093 3.8552 0.0563 -12.021 14.266 0.067 0.053 0.982 3557.5 4.5457 16.612816 2.662994 18.08894 15.425945 "" "" 252.752808 261.222565 4264.02801 2.35 794.04 9.3804 5355.3 9.2435 "" "" 0.002819546030049087 0.013126326 0.004218498 0.017344823 73.60763193436 13.55826304876 256.608093 -12.021 14.266
74.86157015367 14.41947582284 0.0639 0.0392 95.9182 "" "" 3392555844902154624 266.526642 3.7274 0.0678 4.201 -32.167 0.079 0.061 1.04 3626.4 4.7659 16.614515 2.41085 17.899467 15.488618 "" "" 261.229797 271.359467 4257.36354 3.0358 945.43 13.185 5054.9 13.752 "" "" 0.0028620246014325564 0.015396642 0.00479672 0.02019336 74.86157015367 14.41947582284 266.526642 4.200999999999999 -32.16700000000001
75.76658011686 11.81573466202 0.0527 0.0385 74.6851 "" "" 3292122020415187200 335.45285 2.939 0.0597 2.558 -22.745 0.068 0.054 0.949 "" "" 16.614658 2.296475 17.821913 15.525437 "" "" 329.404114 342.592651 4256.80154 2.7404 1015.4 11.059 4886.3 11.926 "" "" 0.0028425939170069496 0.012149768 0.004615843 0.016765611 75.76658011686 11.81573466202 335.45285 2.558 -22.744999999999997
74.22175203422 12.28690750348 0.0627 0.0285 99.5902 "" "" 3295296791520495232 293.614807 3.3687 0.0664 24.425 -13.717 0.084 0.063 0.965 3815.6 4.6836 16.615562 2.401126 17.898552 15.497426 "" "" 288.194031 298.818756 4253.25656 2.5175 946.23 11.129 5014.0 11.77 "" "" 0.002829272701356137 0.013071058 0.004558457 0.017629515 74.22175203422 12.28690750348 293.614807 24.425000000000004 -13.716999999999999
74.81317332403 12.31009638421 0.061 0.0412 69.9079 "" "" 3295379735928979968 282.928406 3.4863 0.0667 14.247 -6.574 0.076 0.056 1.038 3739.7 4.6083 16.615814 2.516919 17.982868 15.465949 "" "" 278.350708 287.66925 4252.27379 3.278 875.53 11.441 5161.5 12.573 "" "" 0.0028796380161367446 0.014459625 0.004612864 0.019072488 74.81317332403 12.31009638421 282.928406 14.247000000000002 -6.574
75.98636750188 13.08509283522 0.0528 0.0376 15.2161 "" "" 3391345866715433600 313.025574 3.1772 0.0634 -10.706 13.135 0.067 0.05 1.004 3660.9 4.4778 16.616058 2.292884 17.80147 15.508586 "" "" 307.563507 318.503845 4251.31733 3.1121 1034.7 10.827 4962.8 21.328 "" "" 0.002867662132417612 0.011698642 0.0060046297 0.017703272 75.98636750188 13.08509283522 313.025574 -10.706 13.135000000000002
75.44749788975 13.27799749922 0.0767 0.0524 20.9397 "" "" 3391548589171895936 349.599976 2.8465 0.0866 15.713 -19.135 0.107 0.081 1.359 3780.2 4.6417 16.619503 2.187682 17.722006 15.534324 "" "" 339.326721 360.99942 4237.85212 4.3707 1113.3 13.956 4846.5 15.503 "" "" 0.0029741684467213905 0.0138935195 0.005132821 0.01902634 75.44749788975 13.27799749922 349.599976 15.713000000000001 -19.135000000000005
74.84472972927 11.23114295404 0.0638 0.0413 121.3236 "" "" 3294986213845495680 317.699066 3.0954 0.0753 31.415 -33.641 0.074 0.058 1.017 3704.1 4.7112 16.624748 2.378456 17.89307 15.514614 "" "" 310.47644 326.234772 4217.42742 3.4264 951.02 10.67 4935.3 14.141 "" "" 0.002893074268074114 0.012496912 0.0048950627 0.017391974 74.84472972927 11.23114295404 317.699066 31.414999999999996 -33.641
76.04973721912 11.6108976848 0.0555 0.0399 88.9702 "" "" 3292100232045723264 335.692566 2.9231 0.0629 2.098 -7.554 0.068 0.055 0.965 3759.0 4.6454 16.628363 2.240638 17.797554 15.556916 "" "" 329.633301 342.45108 4203.40947 3.4689 1038.5 13.631 4746.7 12.511 "" "" 0.002897348614331172 0.014521577 0.004740577 0.019262154 76.04973721912 11.6108976848 335.692566 2.098 -7.554
77.11956441289 11.88054319308 0.1029 0.0753 107.9799 "" "" 3388152640134326528 255.174179 3.8624 0.1135 0.049 -71.024 0.127 0.103 2.069 3696.4 4.756 16.629078 2.390847 17.864107 15.47326 "" "" 247.674667 262.228607 4200.64437 5.1769 976.73 10.388 5126.9 13.942 "" "" 0.003063040192568239 0.011879644 0.0047959536 0.016675599 77.11956441289 11.88054319308 255.174179 0.04899999999999993 -71.02399999999999
73.60440121513 12.87319166048 0.0652 0.0275 124.6305 "" "" 3296231823082012928 277.753662 3.5618 0.0713 5.896 10.061 0.089 0.061 1.039 "" "" 16.632196 2.277452 17.836098 15.558646 "" "" 272.140656 283.110596 4188.59469 2.3052 1002.3 9.4819 4739.1 12.923 "" "" 0.0028193686392015745 0.010643447 0.0048009753 0.015444422 73.60440121513 12.87319166048 277.753662 5.896 10.060999999999998
76.27646889588 13.52498659948 0.0915 0.0562 42.5088 "" "" 3391456642512075904 360.221832 2.7271 0.0971 -6.061 -15.615 0.114 0.075 1.281 3545.8 4.4131 16.632801 2.554013 17.994646 15.440633 "" "" 348.850891 371.181793 4186.26335 8.5006 866.08 11.421 5283.3 13.051 "" "" 0.0035288018462639337 0.014586942 0.004634327 0.019221269 76.27646889588 13.52498659948 360.221832 -6.061 -15.615
76.84893948254 14.61060366029 0.0702 0.0446 113.6953 "" "" 3392122087563924864 267.613525 3.6921 0.0797 -7.151 -34.355 0.091 0.061 1.058 "" "" 16.637611 2.577626 17.824396 15.24677 "" "" 261.787933 274.897156 4167.75754 3.5819 1013.1 16.878 6316.1 20.126 "" "" 0.002909036531567794 0.018302033 0.005123762 0.023425795 76.84893948254 14.61060366029 267.613525 -7.151000000000001 -34.355
75.88223920578 11.39346138391 0.0586 0.0392 100.3979 "" "" 3292072576751818368 306.111664 3.2457 0.0655 39.987 -35.681 0.075 0.054 1.087 3544.1 4.5903 16.63918 2.624326 18.089619 15.465293 "" "" 300.807159 311.3797 4161.74018 2.9131 793.54 11.064 5164.7 12.423 "" "" 0.0028582102507137695 0.015392959 0.0045939256 0.019986885 75.88223920578 11.39346138391 306.111664 39.98700000000001 -35.681
76.17919623663 11.21832376508 0.0649 0.0435 113.629 "" "" 3292030451712568576 298.953064 3.3274 0.078 5.433 -28.224 0.082 0.061 1.093 "" "" 16.641457 2.410091 17.926554 15.516462 "" "" 291.00354 308.816254 4153.02009 3.2716 922.14 10.329 4926.9 16.781 "" "" 0.002885018932335286 0.012477425 0.0052876296 0.017765054 76.17919623663 11.21832376508 298.953064 5.433 -28.224
77.13358205299 14.66290689523 0.0562 0.0412 126.3367 "" "" 3392213621908185088 300.876648 3.2963 0.0668 -20.101 -47.226 0.07 0.054 1.007 3671.8 4.6292 16.646162 2.191015 17.772982 15.581966 "" "" 296.491302 306.371429 4135.05845 2.652 1062.2 17.163 4638.4 13.454 "" "" 0.0028419477804850317 0.017763792 0.004919504 0.022683296 77.13358205299 14.66290689523 300.876648 -20.101 -47.225999999999985
74.96963837475 14.88870136139 0.06 0.0381 118.2634 "" "" 3392796122553332736 357.17746 2.7611 0.0699 27.193 -27.477 0.076 0.055 0.956 4098.5 4.7235 16.647495 2.141373 17.759516 15.618143 "" "" 348.134613 368.780457 4129.98788 2.8677 1075.5 10.067 4486.4 10.408 "" "" 0.002856596377922195 0.010538872 0.0045418143 0.015080687 74.96963837475 14.88870136139 357.17746 27.192999999999998 -27.477
75.30508900122 13.60469450204 0.0615 0.0395 40.9406 "" "" 3391612768870100352 330.027069 2.9985 0.0733 5.098 -15.517 0.07 0.056 1.021 3801.4 4.7463 16.648922 2.192959 17.779617 15.586659 "" "" 321.420715 338.673279 4124.5597 2.9109 1055.8 10.211 4618.4 11.054 "" "" 0.002859884263718494 0.0108648995 0.004586594 0.015451494 75.30508900122 13.60469450204 330.027069 5.098 -15.517000000000001
76.602218407 14.74206266161 0.0634 0.0393 113.0632 "" "" 3392168713729776128 373.349945 2.6422 0.0737 8.406 14.173 0.085 0.057 0.948 3871.9 4.7361 16.648968 2.096731 17.715 15.618269 "" "" 364.171967 382.529724 4124.38762 2.9509 1120.5 14.343 4485.9 14.547 "" "" 0.002862732217124553 0.014175316 0.005165283 0.019340599 76.602218407 14.74206266161 373.349945 8.406000000000002 14.172999999999998
77.37310030759 11.9617680896 0.0559 0.0398 116.7661 "" "" 3387972388947995264 363.722107 2.7232 0.0695 -10.421 -0.264 0.066 0.051 0.981 3952.0 4.7347 16.658953 2.114444 17.745443 15.631 "" "" 354.4104 374.742615 4086.63042 2.9891 1089.5 12.365 4433.6 21.065 "" "" 0.0028674822512203962 0.012634227 0.006394886 0.019029113 77.37310030759 11.9617680896 363.722107 -10.421 -0.26399999999999996
77.57936743163 12.24885493183 0.0657 0.0441 118.8427 "" "" 3388264584161804160 337.777161 2.9239 0.0774 7.769 -29.149 0.087 0.062 1.048 3702.8 4.6515 16.661793 2.224551 17.810036 15.585484 "" "" 330.338379 346.682556 4075.95749 2.854 1026.6 19.757 4623.4 11.26 "" "" 0.002858277224244386 0.021080546 0.0046125636 0.02569311 77.57936743163 12.24885493183 337.777161 7.769000000000001 -29.149000000000008
74.49041609289 14.25930204671 0.0593 0.0388 101.878 "" "" 3392469876836840064 331.096802 2.9813 0.0696 5.423 -3.649 0.07 0.055 0.923 3969.7 4.2317 16.669321 2.227654 17.832794 15.605141 "" "" 322.847839 337.697662 4047.79104 2.9392 1005.3 15.215 4540.5 16.213 "" "" 0.0028658910896962515 0.016667582 0.005414244 0.022081826 74.49041609289 14.25930204671 331.096802 5.422999999999999 -3.649
77.58616032063 14.01740313592 0.0606 0.042 122.7097 "" "" 3391840780091598592 271.188324 3.6481 0.0659 28.397 -21.91 0.077 0.057 1.026 3628.3 4.7168 16.670385 2.655898 18.140244 15.484345 "" "" 267.115448 276.360352 4043.82897 4.0189 757.39 13.177 5074.8 14.423 "" "" 0.0029590746742327754 0.019094491 0.0048790975 0.023973588 77.58616032063 14.01740313592 271.188324 28.397000000000002 -21.909999999999997
74.0768689626 12.60279703554 0.0764 0.0296 100.3726 "" "" 3295458763327129984 336.317352 2.9402 0.0778 7.518 -21.326 0.096 0.071 1.042 3846.1 4.7178 16.67999 2.359734 17.94031 15.580576 "" "" 328.212402 346.69165 4008.21007 2.4745 910.53 14.217 4644.4 9.5087 "" "" 0.0028356789427140573 0.017180743 0.004384623 0.021565367 74.0768689626 12.60279703554 336.317352 7.517999999999999 -21.326
77.046391049 11.42016238211 0.073 0.0491 125.1452 "" "" 3387917692539751808 272.700073 3.6725 0.0807 23.611 -1.07 0.102 0.073 1.013 "" "" 16.681654 -0.351458 16.570923 16.92238 "" "" 267.41449 280.036316 4002.07356 3.8989 3214.0 12.636 1349.6 14.763 "" "" 0.002951375220526607 0.0050996286 0.012463486 0.017563114 77.046391049 11.42016238211 272.700073 23.610999999999997 -1.0699999999999998
76.9438752127 14.60595576723 0.0581 0.0382 116.7402 "" "" 3392121469089506304 329.307587 2.9968 0.0674 7.614 -7.441 0.068 0.05 0.96 "" "" 16.683962 2.394507 17.972075 15.577567 "" "" 321.870117 338.512665 3993.57518 2.7937 884.27 8.1503 4657.3 13.283 "" "" 0.0028580881619054356 0.010388902 0.0048859706 0.015274873 76.9438752127 14.60595576723 329.307587 7.614 -7.441000000000001
74.96643212603 13.70072239263 0.0592 0.039 58.7443 "" "" 3392374322404111616 324.641998 3.0463 0.0661 19.07 22.64 0.075 0.061 0.924 3741.5 4.7038 16.68597 2.348902 17.925182 15.576281 "" "" 317.113312 333.145721 3986.19695 2.8832 923.3 13.281 4662.8 14.89 "" "" 0.0028650477986482074 0.01586481 0.005128824 0.020993635 74.96643212603 13.70072239263 324.641998 19.07 22.64
76.15104727902 14.87413958011 0.0697 0.0419 111.6155 "" "" 3392915728801838208 288.776947 3.4166 0.0742 -2.135 -14.3 0.094 0.059 1.011 3682.0 4.7262 16.687643 2.468121 18.018272 15.550152 "" "" 282.530182 294.64328 3980.06244 2.6815 847.44 12.557 4776.4 14.177 "" "" 0.0028507676944778244 0.01632813 0.0049667847 0.021294914 76.15104727902 14.87413958011 288.776947 -2.135 -14.3
77.01029803651 11.39738755109 0.0671 0.045 124.9386 "" "" 3387911885743975296 377.047394 2.626 0.0805 7.098 -6.187 0.081 0.059 1.015 4136.1 4.6607 16.697506 2.139367 17.79429 15.654923 "" "" 362.086182 388.657837 3944.06967 3.2436 1041.6 8.997 4337.0 13.7 "" "" 0.0028963900226058317 0.009784494 0.00510358 0.014888074 77.01029803651 11.39738755109 377.047394 7.098000000000001 -6.186999999999999
76.05086479939 13.02654024748 0.0602 0.0395 19.0182 "" "" 3391332947453808128 260.317596 3.8173 0.0699 46.485 8.274 0.076 0.057 1.093 3684.0 4.7563 16.700094 2.347803 17.942904 15.5951 "" "" 255.893936 265.451599 3934.67567 2.8911 908.36 13.079 4582.7 11.998 "" "" 0.0028684889134834943 0.01587999 0.004729054 0.020609044 76.05086479939 13.02654024748 260.317596 46.485 8.274
76.54504333132 12.13873196864 0.0582 0.0414 73.1262 "" "" 3388224559363208832 327.628723 2.9915 0.0642 1.675 -5.919 0.075 0.056 0.998 3509.1 4.4266 16.701609 2.543872 18.088425 15.544553 "" "" 322.152924 334.395874 3929.19281 3.3483 794.41 11.577 4801.1 10.88 "" "" 0.002906513826256028 0.016066646 0.00450971 0.020576356 76.54504333132 12.13873196864 327.628723 1.6750000000000003 -5.9190000000000005
76.5347525455 11.72124112972 0.0724 0.0465 93.2206 "" "" 3388135357186466048 278.102417 3.5922 0.0898 -11.291 -0.405 0.087 0.064 0.925 3705.4 4.8059 16.704506 2.304716 17.933313 15.628597 "" "" 270.308258 283.622101 3918.71864 3.6683 916.41 13.664 4443.4 11.115 "" "" 0.0029367950297559493 0.016427401 0.0046540303 0.021081433 76.5347525455 11.72124112972 278.102417 -11.291 -0.405
74.59743606247 13.48274936595 0.1033 0.0689 70.6914 "" "" 3392343806663734912 258.697937 3.8164 0.118 24.755 2.41 0.152 0.109 0.941 "" "" 16.705072 1.674527 16.728468 15.053941 "" "" 251.720734 266.721527 3916.67669 14.81 2779.9 339.78 7543.7 221.32 "" "" 0.004944347829690719 0.13273607 0.032077175 0.16481325 74.59743606247 13.48274936595 258.697937 24.755 2.410000000000001
76.5605451024 12.12098553693 0.059 0.0425 74.5264 "" "" 3388224284485302912 294.389465 3.3709 0.0642 -25.301 9.193 0.074 0.055 1.004 3689.6 4.6892 16.707087 2.275819 17.911184 15.635366 "" "" 289.117828 298.867004 3909.41647 3.0805 935.28 11.543 4415.8 11.886 "" "" 0.0028850849827417886 0.0136873005 0.004777508 0.018464807 76.5605451024 12.12098553693 294.389465 -25.301 9.193000000000001
74.73506133747 13.74089135708 0.0741 0.0455 70.8766 "" "" 3392389337610272256 356.350952 2.7839 0.0823 13.852 -9.822 0.088 0.072 1.091 "" "" 16.707485 2.24573 17.884417 15.638686 "" "" 348.382904 365.311981 3907.98524 3.0983 958.63 11.579 4402.3 15.214 "" "" 0.0028866487169757495 0.013407807 0.00532568 0.018733487 74.73506133747 13.74089135708 356.350952 13.852 -9.822
75.66459844104 13.83525050496 0.082 0.0519 46.665 "" "" 3391716780090989440 309.534485 3.1868 0.0941 1.467 -3.101 0.111 0.08 1.021 "" "" 16.71073 4.127146 19.357437 15.230291 "" "" 301.111969 318.012726 3896.32387 8.8274 246.85 18.524 6412.7 37.226 "" "" 0.0036935712678242087 0.08152305 0.0073490357 0.08887209 75.66459844104 13.83525050496 309.534485 1.4669999999999999 -3.1010000000000004
