Clusters/UPK_385/UPK_385_stars_in_region.tsv
# %ECSV 1.0
# ---
# datatype:
# - name: RA_ICRS_1
#   unit: deg
#   datatype: float64
#   format: '{:15.11f}'
#   description: Right ascension (ICRS) at Ep=2016.0 (ra)
#   meta: !!omap
#   - {ucd: POS_EQ_RA_MAIN}
#   - {width: 15}
#   - {precision: '11'}
# - name: DE_ICRS_1
#   unit: deg
#   datatype: float64
#   format: '{:15.11f}'
#   description: Declination (ICRS) at Ep=2016.0 (dec)
#   meta: !!omap
#   - {ucd: POS_EQ_DEC_MAIN}
#   - {width: 15}
#   - {precision: '11'}
# - name: e_RA_ICRS
#   unit: mas
#   datatype: float64
#   format: '{:7.4f}'
#   description: Standard error of right ascension (ra_error)
#   meta: !!omap
#   - {ucd: ERROR}
#   - {width: 7}
#   - {precision: '4'}
# - name: e_DE_ICRS
#   unit: mas
#   datatype: float64
#   format: '{:7.4f}'
#   description: Standard error of declination (dec_error)
#   meta: !!omap
#   - {ucd: ERROR}
#   - {width: 7}
#   - {precision: '4'}
# - name: _r_1
#   unit: ''
#   datatype: float64
#   format: '{:8.4f}'
#   description: Distance from center (075.72730725000+13.05989527000)[ICRS], at Epoch=J2016.0
#   meta: !!omap
#   - {ucd: POS_ANG_DIST_GENERAL}
#   - {width: 8}
#   - {precision: '4'}
# - name: HIP
#   datatype: int32
#   description: '? HIP cross-id number, van Leeuwen, Cat. I/311 (hip_original_ext_source_id)'
#   meta: !!omap
#   - {ucd: ID_NUMBER}
#   - {width: 6}
#   - values: {'null': -2147483648}
# - name: TYC2
#   datatype: string
#   description: Tycho-2 cross-id name, Hog et al., Cat. I/259 (tyc2_original_ext_source_id)
#   meta: !!omap
#   - {ucd: ID_CROSSID}
#   - {_votable_string_dtype: char}
# - name: Source
#   datatype: int64
#   description: Source identifier, identical to the Gaia-EDR3 source_id (id)
#   meta: !!omap
#   - {ucd: ID_MAIN}
#   - {width: 19}
# - name: rgeo
#   unit: pc
#   datatype: float64
#   format: '{:15.8f}'
#   description: '? Median of the geometric distance posterior (r_med_geo)'
#   meta: !!omap
#   - {ucd: PHYS_DISTANCE_TRUE}
#   - {width: 15}
#   - {precision: '8'}
#   - values: {'null': .nan}
# - name: Plx
#   unit: mas
#   datatype: float64
#   format: '{:9.4f}'
#   description: '? Parallax (parallax)'
#   meta: !!omap
#   - {ucd: POS_PARLX_TRIG}
#   - {width: 9}
#   - {precision: '4'}
#   - values: {'null': .nan}
# - name: e_Plx
#   unit: mas
#   datatype: float32
#   format: '{:7.4f}'
#   description: '? Standard error of parallax (parallax_error)'
#   meta: !!omap
#   - {ucd: ERROR}
#   - {width: 7}
#   - {precision: '4'}
#   - values: {'null': .nan}
# - name: pmRA
#   unit: mas / yr
#   datatype: float64
#   format: '{:9.3f}'
#   description: '? Proper motion in right ascension direction, pmRA*cosDE (pmra)'
#   meta: !!omap
#   - {ucd: POS_EQ_PMRA}
#   - {width: 9}
#   - {precision: '3'}
#   - values: {'null': .nan}
# - name: pmDE
#   unit: mas / yr
#   datatype: float64
#   format: '{:9.3f}'
#   description: '? Proper motion in declination direction (pmdec)'
#   meta: !!omap
#   - {ucd: POS_EQ_PMDEC}
#   - {width: 9}
#   - {precision: '3'}
#   - values: {'null': .nan}
# - name: e_pmRA
#   unit: mas / yr
#   datatype: float32
#   format: '{:6.3f}'
#   description: '? Standard error of proper motion in right ascension direction (pmra_error)'
#   meta: !!omap
#   - {ucd: ERROR}
#   - {width: 6}
#   - {precision: '3'}
#   - values: {'null': .nan}
# - name: e_pmDE
[...]
#         unit: &id001 !astropy.units.Unit {unit: deg}
#         value: !astropy.table.SerializedColumn {name: SkyCoord.dec}
#       distance: !astropy.table.SerializedColumn
#         __class__: astropy.coordinates.distances.Distance
#         unit: !astropy.units.Unit {unit: pc}
#         value: !astropy.table.SerializedColumn {name: SkyCoord.distance}
#       frame: icrs
#       obstime: !astropy.time.Time {format: jyear_str, in_subfmt: '*', jd1: 367701545.0, jd2: 0.0, out_subfmt: '*', precision: 3, scale: tt}
#       pm_dec: !astropy.table.SerializedColumn
#         __class__: astropy.units.quantity.Quantity
#         unit: !astropy.units.Unit {unit: mas / yr}
#         value: !astropy.table.SerializedColumn {name: SkyCoord.pm_dec}
#       pm_ra_cosdec: !astropy.table.SerializedColumn
#         __class__: astropy.units.quantity.Quantity
#         unit: !astropy.units.Unit {unit: mas / yr}
#         value: !astropy.table.SerializedColumn {name: SkyCoord.pm_ra_cosdec}
#       ra: !astropy.table.SerializedColumn
#         __class__: astropy.coordinates.angles.Longitude
#         unit: *id001
#         value: !astropy.table.SerializedColumn {name: SkyCoord.ra}
#         wrap_angle: !astropy.coordinates.Angle
#           unit: *id001
#           value: 360.0
#       representation_type: spherical
# schema: astropy-2.0
RA_ICRS_1 DE_ICRS_1 e_RA_ICRS e_DE_ICRS _r_1 HIP TYC2 Source rgeo Plx e_Plx pmRA pmDE e_pmRA e_pmDE RUWE Teff logg Gmag BP-RP BPmag RPmag RV e_RV b_rgeo B_rgeo FG e_FG FBP e_FBP FRP e_FRP RAVE5 RAVE6 e_Gmag e_BPmag e_RPmag e_BP-RP SkyCoord.ra SkyCoord.dec SkyCoord.distance SkyCoord.pm_ra_cosdec SkyCoord.pm_dec
[from data line 679]
77.65272319971 14.1048205846 0.0322 0.0231 128.6088 "" "" 3391843155209681280 293.544861 3.3612 0.036 -16.302 6.788 0.041 0.031 1.04 3840.0 4.2274 15.474064 1.871036 16.400406 14.529369 "" "" 290.840607 296.828308 12170.85442 4.6707 3760.6 16.262 12230.0 20.316 "" "" 0.0027866463140193334 0.005461559 0.0041876766 0.009649236 77.65272319971 14.1048205846 293.544861 -16.302 6.788
77.44868841469 13.71348280648 0.034 0.0218 107.8574 "" "" 3391802988675353600 298.128754 3.3118 0.0399 15.095 -15.53 0.045 0.031 1.027 "" "" 15.474574 2.098282 16.54446 14.446178 "" "" 294.686218 302.004089 12165.13691 4.9129 3293.3 10.813 13203.0 15.718 "" "" 0.0027899910519573906 0.0045269285 0.003994299 0.008521227 77.44868841469 13.71348280648 298.128754 15.094999999999999 -15.53
76.6979973737 12.37753585485 0.0335 0.0224 70.0272 "" "" 3388235073443383552 292.455261 3.3733 0.0379 -0.593 4.11 0.04 0.032 1.044 4213.6 4.6747 15.479268 1.933912 16.443035 14.509123 "" "" 289.36438 296.13916 12112.66463 5.3868 3615.8 12.653 12460.0 16.462 "" "" 0.0027973088800012378 0.00471385 0.0040424503 0.0087563 76.6979973737 12.37753585485 292.455261 -0.5930000000000001 4.109999999999999
73.91119046346 12.66750227061 0.0501 0.019 108.8094 "" "" 3295462405459219072 344.048645 2.8656 0.0524 -12.032 7.211 0.063 0.045 1.348 4232.2 4.5341 15.491066 2.018657 16.506617 14.48796 "" "" 337.860199 349.274658 11981.74929 4.9026 3410.1 8.7556 12705.0 15.178 "" "" 0.0027909049187333844 0.0039441367 0.003995763 0.007939899 73.91119046346 12.66750227061 344.048645 -12.032 7.210999999999999
75.92764466131 12.93170796854 0.039 0.0263 14.0119 "" "" 3391324838555580800 330.181274 2.9847 0.0423 1.841 -3.352 0.049 0.036 1.311 3649.6 4.0798 15.491961 2.477038 16.751944 14.274905 "" "" 325.994904 334.725464 11971.88157 43.129 2720.4 59.574 15460.0 275.0 "" "" 0.004784430362466355 0.023939675 0.019679224 0.0436189 75.92764466131 12.93170796854 330.181274 1.8409999999999997 -3.3520000000000003
74.76428629161 13.81394565129 0.0344 0.0225 72.1475 "" "" 3392391674072468736 298.502136 3.3007 0.0383 -5.402 -11.09 0.044 0.035 0.953 4149.9 4.6416 15.504111 1.888131 16.428873 14.540742 "" "" 295.279816 302.50769 11838.64629 17.427 3663.3 24.272 12102.0 60.123 "" "" 0.003185309149268245 0.0077159293 0.0065862387 0.014302168 74.76428629161 13.81394565129 298.502136 -5.402 -11.090000000000002
75.64697054473 14.53291228198 0.035 0.0235 88.5049 "" "" 3392539317868161408 372.880371 2.6429 0.0391 -9.849 -42.346 0.044 0.035 1.079 4638.3 4.6488 15.509626 1.781874 16.370644 14.58877 "" "" 367.714661 377.863983 11778.66809 4.6998 3865.1 12.735 11578.0 19.411 "" "" 0.0027891697861982204 0.004536799 0.004194896 0.008731695 75.64697054473 14.53291228198 372.880371 -9.848999999999998 -42.34599999999999
77.67911903306 13.64778434207 0.042 0.0274 119.2764 "" "" 3391810376019089408 360.256226 2.7445 0.0488 12.27 13.519 0.064 0.039 1.035 4273.1 4.5678 15.512586 1.806395 16.392654 14.58626 "" "" 353.738953 365.687439 11746.60928 5.1567 3787.5 14.809 11605.0 17.904 "" "" 0.0027962417560729778 0.0050800303 0.0041339495 0.00921398 77.67911903306 13.64778434207 360.256226 12.27 13.519
75.37768582156 12.41830621073 0.0307 0.0216 43.5951 "" "" 3295209311626705920 271.60553 3.6386 0.0352 10.769 -14.495 0.042 0.032 1.061 4158.2 4.6624 15.520269 2.021158 16.537445 14.516287 "" "" 269.152069 274.706146 11663.76743 6.1126 3314.7 30.668 12378.0 17.217 "" "" 0.00281345857060753 0.010425657 0.0040699383 0.014495595 75.37768582156 12.41830621073 271.60553 10.769 -14.495
75.67547285297 12.85612892785 0.0919 0.0638 12.5961 "" "" 3391311644415112448 295.948242 3.2912 0.1052 1.714 -3.294 0.122 0.09 1.752 "" "" 15.527816 2.884939 16.84973 13.96479 "" "" 286.91452 306.340973 11582.98404 14.292 2486.1 21.438 20570.0 277.75 "" "" 0.003063739036827283 0.009769375 0.015139661 0.024909036 75.67547285297 12.85612892785 295.948242 1.7139999999999997 -3.2940000000000005
75.51111158878 12.99444385839 0.0386 0.0247 13.234 "" "" 3391505085447701376 276.237732 3.5769 0.042 18.936 -19.651 0.051 0.037 1.082 3681.4 4.389 15.53052 2.008672 16.542936 14.534265 "" "" 272.976379 279.27655 11554.17903 5.5137 3297.9 11.599 12175.0 19.002 "" "" 0.002803611108993616 0.004729373 0.004141887 0.00887126 75.51111158878 12.99444385839 276.237732 18.936 -19.651000000000003
74.14679786604 14.58194935677 0.0345 0.0167 129.6879 "" "" 3392681017429348096 317.880585 3.0981 0.0366 3.28 -9.882 0.04 0.031 1.075 4265.0 4.6091 15.531476 1.980651 16.523384 14.542733 "" "" 313.785309 321.980743 11543.99771 5.2709 3357.9 13.084 12080.0 17.399 "" "" 0.0027995617989803752 0.0050678025 0.0040901345 0.009157937 74.14679786604 14.58194935677 317.880585 3.28 -9.882
74.51201626041 12.89525814907 0.035 0.0242 71.7383 "" "" 3295482368467272064 345.58017 2.8527 0.0391 1.956 -6.762 0.045 0.035 1.055 4251.2 4.6407 15.535155 1.941897 16.505556 14.563659 "" "" 341.098938 350.078888 11504.94666 4.8535 3413.5 12.589 11849.0 17.984 "" "" 0.0027931311565629674 0.0048804358 0.0041230177 0.009003453 74.51201626041 12.89525814907 345.58017 1.956 -6.761999999999999
76.60403234659 14.67714417458 0.043 0.027 109.6527 "" "" 3392168198333705344 340.078613 2.894 0.0488 -20.53 -13.22 0.059 0.04 1.176 4298.5 4.6195 15.54184 1.807187 16.42358 14.616393 "" "" 334.304718 345.720764 11434.33634 4.7551 3681.2 12.476 11288.0 12.959 "" "" 0.0027920701872069477 0.0046179113 0.0039796224 0.008597534 76.60403234659 14.67714417458 340.078613 -20.53 -13.22
77.80104517244 12.7455677275 0.0324 0.0235 122.7397 "" "" 3388318945564710016 254.668579 3.8772 0.0365 16.764 -23.691 0.039 0.031 1.029 "" "" 15.552117 2.06957 16.599052 14.529483 "" "" 251.985916 256.860931 11326.60843 4.8138 3131.8 13.398 12228.0 26.983 "" "" 0.0027936917423029744 0.005418444 0.0044747973 0.009893241 77.80104517244 12.7455677275 254.668579 16.764 -23.691
75.92956047772 13.11064871155 0.0314 0.0214 12.2061 "" "" 3391349130890583040 315.450989 3.1274 0.0374 23.518 -21.126 0.038 0.03 1.045 4276.6 4.6539 15.552416 1.790448 16.426338 14.63589 "" "" 311.888245 319.911163 11323.49213 4.084 3671.8 15.164 11087.0 14.983 "" "" 0.0027830075022755476 0.0052811643 0.0040542074 0.009335372 75.92956047772 13.11064871155 315.450989 23.517999999999997 -21.126
75.64708241925 13.72289467688 0.0555 0.0373 40.0546 "" "" 3391706643968285184 309.278442 3.1698 0.0633 1.4 -3.091 0.072 0.053 1.097 "" "" 15.564618 3.859993 18.015966 14.155973 35.43 6.24 304.420227 314.758759 11196.94547 10.036 849.24 12.092 17249.0 44.61 "" "" 0.0029221284666788596 0.01570915 0.004708336 0.020417487 75.64708241925 13.72289467688 309.278442 1.4 -3.0909999999999997
75.73368806613 14.23839903432 0.0349 0.0223 70.7112 "" "" 3391763711197888000 309.937866 3.1837 0.0408 3.362 -3.479 0.045 0.032 0.979 4356.3 4.6524 15.588795 1.887019 16.522629 14.63561 "" "" 305.619965 314.490814 10950.3754 6.5399 3360.2 16.701 11090.0 34.559 "" "" 0.0028305930851060326 0.006075018 0.005072588 0.011147606 75.73368806613 14.23839903432 309.937866 3.362 -3.4790000000000005
77.45357089921 14.03871514801 0.0358 0.0236 116.5671 "" "" 3391883008210066560 254.264572 3.8813 0.0387 -4.427 -3.004 0.05 0.035 1.005 4088.2 4.6926 15.589956 2.055672 16.561823 14.506151 "" "" 251.631149 257.725769 10938.65819 5.6841 3241.1 30.423 12494.0 148.01 "" "" 0.0028124890663078056 0.010566443 0.013405926 0.02397237 77.45357089921 14.03871514801 254.264572 -4.4270000000000005 -3.004
75.7354335813 11.69315645619 0.429 0.2962 82.0057 "" "" 3292115766942811392 371.798706 2.9617 0.5077 3.324 0.53 0.494 0.402 14.122 "" "" 15.598114 0.956818 15.828748 14.87193 "" "" 322.405365 434.507202 10856.78274 57.812 6366.8 14.639 8920.4 17.231 "" "" 0.006404500414078091 0.003743938 0.00432229 0.008066228 75.7354335813 11.69315645619 371.798706 3.3239999999999994 0.53
75.57848164679 15.13538622469 0.0392 0.025 124.8302 "" "" 3392996439827154176 281.075073 3.5213 0.0415 -21.152 -22.42 0.052 0.039 0.928 3797.9 4.5344 15.598403 2.026191 16.621202 14.595012 "" "" 277.865356 284.634399 10853.89437 5.0282 3068.6 11.776 11512.0 16.126 "" "" 0.0028008532480410927 0.005014539 0.0040739244 0.009088464 75.57848164679 15.13538622469 281.075073 -21.152 -22.419999999999998
75.72670529072 11.09814524822 0.0345 0.0232 117.705 "" "" 3292013168764242048 287.193054 3.4306 0.0375 27.556 -17.465 0.046 0.033 0.98 4098.8 4.6664 15.60137 1.948067 16.571861 14.623795 "" "" 284.378754 290.235107 10824.27839 4.6614 3211.2 13.99 11211.0 17.638 "" "" 0.0027947103870997075 0.005491752 0.004147475 0.009639228 75.72670529072 11.09814524822 287.193054 27.556 -17.465
75.24090381265 12.60390327871 0.0316 0.0216 39.4746 "" "" 3295227419208776320 355.566711 2.7498 0.0357 -4.198 -42.633 0.04 0.03 1.008 4302.5 4.6546 15.61897 1.80261 16.496696 14.694086 "" "" 351.391937 360.848572 10650.22644 3.6758 3441.4 12.106 10508.0 21.558 "" "" 0.0027806853938650237 0.0047299587 0.0043869545 0.009116913 75.24090381265 12.60390327871 355.566711 -4.198 -42.63300000000001
75.64675581959 14.98834564142 0.0388 0.0259 115.802 "" "" 3392973964262627456 377.976318 2.6055 0.0416 25.25 3.73 0.053 0.041 1.027 4363.9 4.5652 15.620029 1.802861 16.498255 14.695394 "" "" 372.861969 383.519135 10639.83257 4.8378 3436.5 13.496 10495.0 26.691 "" "" 0.0027991963567327743 0.005095723 0.0046806266 0.00977635 75.64675581959 14.98834564142 377.976318 25.25 3.7300000000000004
74.61061226103 11.90258020026 0.0622 0.0383 95.3999 "" "" 3295081974436190592 369.064819 2.6736 0.0721 -2.036 0.376 0.069 0.053 1.749 4271.6 4.6532 15.629333 2.008647 16.640394 14.631747 "" "" 360.416962 379.006134 10549.05342 4.029 3014.8 14.623 11129.0 11.579 "" "" 0.0027863497468636105 0.005959743 0.003944592 0.009904335 74.61061226103 11.90258020026 369.064819 -2.036 0.376
76.52009469076 13.6533703754 0.0318 0.0222 58.3938 "" "" 3391481999998963584 328.120087 3.0079 0.0363 -0.211 -11.743 0.041 0.031 1.003 4245.4 4.6607 15.634172 1.939389 16.59926 14.659871 "" "" 323.85672 332.167938 10502.13633 4.5799 3131.2 13.624 10845.0 12.092 "" "" 0.002795706302897873 0.0054865354 0.0039685294 0.009455064 76.52009469076 13.6533703754 328.120087 -0.21099999999999997 -11.743
74.7595626098 11.83656238206 0.0368 0.023 92.7484 "" "" 3295161929547630592 338.74585 2.8997 0.0426 0.068 1.885 0.046 0.033 0.968 4395.2 4.6635 15.63884 1.896764 16.578197 14.681434 "" "" 333.662476 343.632965 10457.0869 4.5444 3192.5 19.64 10631.0 17.352 "" "" 0.0027954279938635852 0.007238709 0.0041742343 0.011412943 74.7595626098 11.83656238206 338.74585 0.068 1.885
74.97613503402 14.66693407681 0.0413 0.0244 105.8859 "" "" 3392577972573637248 306.065247 3.2252 0.0481 4.739 -4.267 0.056 0.039 0.962 4278.3 4.6604 15.638959 1.937348 16.607319 14.66997 "" "" 302.017181 310.190308 10455.94329 5.9338 3108.1 13.589 10744.0 13.789 "" "" 0.0028233744781193857 0.0055062515 0.00402808 0.009534331 74.97613503402 14.66693407681 306.065247 4.738999999999999 -4.2669999999999995
74.46424138992 12.56171659123 0.0803 0.0463 79.7135 "" "" 3295402756953542400 331.384918 2.9845 0.0898 -3.062 -16.784 0.107 0.076 2.137 4168.3 4.656 15.643943 2.05113 16.65278 14.60165 "" "" 323.387238 341.450989 10408.054 12.854 2980.6 13.811 11442.0 17.982 "" "" 0.0030642739251886732 0.005752826 0.004146716 0.009899542 74.46424138992 12.56171659123 331.384918 -3.0620000000000003 -16.784000000000002
76.04905045258 14.15434698092 0.0359 0.0243 68.2949 "" "" 3391752308060504576 306.959015 3.2144 0.0427 12.039 -47.226 0.046 0.034 1.012 4188.8 4.6595 15.651791 1.971019 16.635862 14.664844 "" "" 302.249512 311.347321 10333.09821 5.0374 3027.4 13.156 10795.0 15.342 "" "" 0.0028056987800519073 0.005481484 0.0040822504 0.009563735 76.04905045258 14.15434698092 306.959015 12.039000000000001 -47.226
77.00072276136 13.73513172706 0.0433 0.0314 84.6499 "" "" 3391850538257667840 340.493378 2.9011 0.0498 26.346 -2.343 0.054 0.042 1.335 3655.2 4.276 15.654528 1.997556 16.654137 14.656581 "" "" 334.358215 346.876282 10307.08506 4.9588 2976.9 14.77 10877.0 19.273 "" "" 0.002804397124011604 0.006066627 0.0042408505 0.010307478 77.00072276136 13.73513172706 340.493378 26.345999999999997 -2.342999999999999
75.9054602896 13.37118707137 0.0348 0.023 21.3807 "" "" 3391634729035895168 296.886414 3.3292 0.0394 18.067 -17.936 0.042 0.033 0.924 "" "" 15.658072 1.909999 16.606113 14.696115 "" "" 293.203796 299.642395 10273.49747 4.6359 3111.5 13.798 10488.0 14.425 "" "" 0.0027985402365198944 0.005564758 0.004063702 0.00962846 75.9054602896 13.37118707137 296.886414 18.067000000000004 -17.936
75.0868445276 13.7130361773 0.0359 0.0253 54.1596 "" "" 3391629746873667328 358.301941 2.7474 0.0402 -2.169 -5.511 0.052 0.04 1.01 "" "" 15.658531 1.788307 16.527138 14.738831 "" "" 353.626282 362.790771 10269.144 4.4898 3346.3 11.525 10084.0 14.311 "" "" 0.0027959125943020397 0.0046656253 0.004081416 0.008747041 75.0868445276 13.7130361773 358.301941 -2.169 -5.510999999999999
75.9523832601 14.72125447469 0.0478 0.0326 100.5398 "" "" 3392906898349651712 351.903381 2.802 0.0543 14.728 8.019 0.062 0.045 1.13 4099.1 4.3956 15.663407 2.223305 16.824682 14.601377 "" "" 345.566925 357.573883 10223.12687 4.8806 2544.2 16.497 11445.0 17.552 "" "" 0.0028036520024297454 0.0075728376 0.0041299174 0.0117027555 75.9523832601 14.72125447469 351.903381 14.728000000000002 8.019
74.1248316308 14.09392969984 0.0391 0.0181 112.1784 "" "" 3392441186455350272 349.791718 2.8126 0.043 0.442 -18.109 0.058 0.039 1.039 4439.9 4.6069 15.669939 1.831806 16.568136 14.73633 "" "" 344.366547 355.318115 10161.8152 3.6969 3222.3 9.1817 10107.0 12.676 "" "" 0.0027834887830112173 0.0041660736 0.00401721 0.008183284 74.1248316308 14.09392969984 349.791718 0.44200000000000017 -18.109000000000005
76.50433519763 12.48454968127 0.0362 0.0258 57.0877 "" "" 3388252042857809408 324.884338 3.0297 0.0421 6.627 -12.549 0.045 0.037 1.051 "" "" 15.671976 2.072237 16.60359 14.531353 "" "" 320.295715 329.317535 10142.76224 5.663 3118.8 16.882 12207.0 21.48 "" "" 0.0028212170447793794 0.006505764 0.0042348295 0.010740593 76.50433519763 12.48454968127 324.884338 6.626999999999999 -12.549
75.24331675674 11.0317397181 0.0348 0.024 124.959 "" "" 3291962900466737024 361.594147 2.7212 0.0421 -0.343 -27.886 0.041 0.033 1.008 4395.0 4.6103 15.674299 1.840233 16.577332 14.737099 "" "" 356.384216 367.434296 10121.08064 4.0326 3195.1 11.505 10100.0 13.538 "" "" 0.0027890731021798427 0.0048030834 0.0040498977 0.008852981 75.24331675674 11.0317397181 361.594147 -0.34299999999999975 -27.886000000000003
77.05770018349 14.41542454681 0.23 0.1448 112.3698 "" "" 3392097520351985024 322.952576 3.1316 0.2583 1.794 -1.109 0.311 0.2 5.545 5094.9 4.6995 15.682859 1.358421 16.23873 14.880308 "" "" 297.101715 355.437622 10041.60164 18.125 4364.4 11.962 8851.9 15.243 "" "" 0.0033811811394012124 0.004079268 0.004216549 0.008295817 77.05770018349 14.41542454681 322.952576 1.7939999999999998 -1.109
76.38369113271 13.04909724648 0.0368 0.0257 38.3707 "" "" 3391423932041191808 280.529602 3.5117 0.0433 -2.181 -4.106 0.046 0.034 0.989 3631.2 4.3832 15.68304 2.023183 16.70502 14.681838 "" "" 277.050995 284.397247 10039.93732 20.579 2840.6 25.64 10627.0 58.637 "" "" 0.003541808999964211 0.010189591 0.0070833256 0.017272916 76.38369113271 13.04909724648 280.529602 -2.181 -4.106
75.12458165842 14.40845143621 0.0528 0.0274 88.2099 "" "" 3392557111917835264 376.005127 2.6218 0.0546 4.567 -21.224 0.072 0.05 1.013 4383.1 4.5723 15.687337 1.869662 16.609995 14.740333 "" "" 367.34494 383.596893 10000.27355 6.8062 3100.4 30.617 10070.0 27.149 "" "" 0.00285269026507579 0.011078938 0.004780385 0.015859323 75.12458165842 14.40845143621 376.005127 4.566999999999999 -21.224
